01/01/2000,HYA,MA,ANE,EN,Federal Contract Tower,0,37,7,0,44,0,166,67,0,233,0,203,74,0,277,10,0,10,287
01/02/2000,HYA,MA,ANE,EN,Federal Contract Tower,0,182,34,0,216,0,156,16,0,172,0,338,50,0,388,14,0,14,402
01/03/2000,HYA,MA,ANE,EN,Federal Contract Tower,0,30,6,0,36,0,236,62,0,298,0,266,68,0,334,18,2,20,354
01/04/2000,HYA,MA,ANE,EN,Federal Contract Tower,0,179,2,0,181,0,31,0,0,31,0,210,2,0,212,0,0,0,212
01/05/2000,HYA,MA,ANE,EN,Federal Contract Tower,0,12,3,0,15,0,184,52,0,236,0,196,55,0,251,10,0,10,261
01/06/2000,HYA,MA,ANE,EN,Federal Contract Tower,0,15,3,0,18,0,206,79,0,285,0,221,82,0,303,14,2,16,319
01/07/2000,HYA,MA,ANE,EN,Federal Contract Tower,0,19,4,0,23,0,302,47,0,349,0,321,51,0,372,8,2,10,382
01/08/2000,HYA,MA,ANE,EN,Federal Contract Tower,0,20,4,0,24,0,134,157,0,291,0,154,161,0,315,36,2,38,353
01/09/2000,HYA,MA,ANE,EN,Federal Contract Tower,0,14,3,0,17,0,148,107,0,255,0,162,110,0,272,40,0,40,312
01/10/2000,HYA,MA,ANE,EN,Federal Contract Tower,0,67,13,0,80,0,168,34,0,202,0,235,47,0,282,38,0,38,320
01/11/2000,HYA,MA,ANE,EN,Federal Contract Tower,0,24,4,0,28,0,197,35,0,232,0,221,39,0,260,4,0,4,264
01/12/2000,HYA,MA,ANE,EN,Federal Contract Tower,0,16,3,0,19,0,204,28,0,232,0,220,31,0,251,8,0,8,259
01/13/2000,HYA,MA,ANE,EN,Federal Contract Tower,0,85,15,1,101,0,97,1,1,99,0,182,16,2,200,0,0,0,200
01/14/2000,HYA,MA,ANE,EN,Federal Contract Tower,0,8,1,0,9,0,243,14,0,257,0,251,15,0,266,0,0,0,266
01/15/2000,HYA,MA,ANE,EN,Federal Contract Tower,0,37,6,0,43,0,174,51,0,225,0,211,57,0,268,38,1,39,307
01/16/2000,HYA,MA,ANE,EN,Federal Contract Tower,0,29,5,0,34,0,112,1,0,113,0,141,6,0,147,0,0,0,147
01/17/2000,HYA,MA,ANE,EN,Federal Contract Tower,0,88,15,0,103,0,136,8,0,144,0,224,23,0,247,0,2,2,249
01/18/2000,HYA,MA,ANE,EN,Federal Contract Tower,0,121,21,0,142,0,104,25,2,131,0,225,46,2,273,30,0,30,303
01/19/2000,HYA,MA,ANE,EN,Federal Contract Tower,0,103,18,0,121,0,142,30,0,172,0,245,48,0,293,22,0,22,315
01/20/2000,HYA,MA,ANE,EN,Federal Contract Tower,0,30,5,0,35,0,149,28,0,177,0,179,33,0,212,20,0,20,232
01/21/2000,HYA,MA,ANE,EN,Federal Contract Tower,0,6,1,0,7,0,138,11,0,149,0,144,12,0,156,0,0,0,156
01/22/2000,HYA,MA,ANE,EN,Federal Contract Tower,0,12,1,0,13,0,142,22,0,164,0,154,23,0,177,12,0,12,189
01/23/2000,HYA,MA,ANE,EN,Federal Contract Tower,0,41,7,0,48,0,138,40,0,178,0,179,47,0,226,22,0,22,248
01/24/2000,HYA,MA,ANE,EN,Federal Contract Tower,0,25,4,0,29,0,211,39,1,251,0,236,43,1,280,104,0,104,384
01/25/2000,HYA,MA,ANE,EN,Federal Contract Tower,0,114,1,0,115,0,33,0,0,33,0,147,1,0,148,0,0,0,148
01/26/2000,HYA,MA,ANE,EN,Federal Contract Tower,0,56,10,0,66,0,147,44,0,191,0,203,54,0,257,48,0,48,305
01/27/2000,HYA,MA,ANE,EN,Federal Contract Tower,0,12,2,0,14,0,172,52,0,224,0,184,54,0,238,18,0,18,256
01/28/2000,HYA,MA,ANE,EN,Federal Contract Tower,0,20,3,0,23,0,301,54,0,355,0,321,57,0,378,32,2,34,412
01/29/2000,HYA,MA,ANE,EN,Federal Contract Tower,0,13,2,0,15,0,128,64,0,192,0,141,66,0,207,32,0,32,239
01/30/2000,HYA,MA,ANE,EN,Federal Contract Tower,0,17,2,0,19,0,109,76,0,185,0,126,78,0,204,88,0,88,292
01/31/2000,HYA,MA,ANE,EN,Federal Contract Tower,0,104,10,0,114,0,98,0,0,98,0,202,10,0,212,18,0,18,230
02/01/2000,HYA,MA,ANE,EN,Federal Contract Tower,0,13,4,0,17,0,213,41,4,258,0,226,45,4,275,58,0,58,333
02/02/2000,HYA,MA,ANE,EN,Federal Contract Tower,0,16,5,0,21,0,219,37,0,256,0,235,42,0,277,56,0,56,333
02/03/2000,HYA,MA,ANE,EN,Federal Contract Tower,0,30,8,0,38,0,218,51,2,271,0,248,59,2,309,64,2,66,375
02/04/2000,HYA,MA,ANE,EN,Federal Contract Tower,0,66,16,0,82,0,141,15,0,156,0,207,31,0,238,22,0,22,260
02/05/2000,HYA,MA,ANE,EN,Federal Contract Tower,0,17,5,0,22,0,137,69,0,206,0,154,74,0,228,42,0,42,270
02/06/2000,HYA,MA,ANE,EN,Federal Contract Tower,0,8,2,0,10,0,161,50,2,213,0,169,52,2,223,38,0,38,261
02/07/2000,HYA,MA,ANE,EN,Federal Contract Tower,0,19,5,0,24,0,258,27,2,287,0,277,32,2,311,36,0,36,347
02/08/2000,HYA,MA,ANE,EN,Federal Contract Tower,0,15,4,0,19,0,171,83,0,254,0,186,87,0,273,58,0,58,331
02/09/2000,HYA,MA,ANE,EN,Federal Contract Tower,0,9,3,0,12,0,225,22,0,247,0,234,25,0,259,20,0,20,279
02/10/2000,HYA,MA,ANE,EN,Federal Contract Tower,0,60,14,0,74,0,188,75,2,265,0,248,89,2,339,26,8,34,373
02/11/2000,HYA,MA,ANE,EN,Federal Contract Tower,0,9,2,0,11,0,112,0,0,112,0,121,2,0,123,0,0,0,123
02/12/2000,HYA,MA,ANE,EN,Federal Contract Tower,0,12,2,0,14,0,128,89,0,217,0,140,91,0,231,42,2,44,275
02/13/2000,HYA,MA,ANE,EN,Federal Contract Tower,0,17,4,0,21,0,123,66,0,189,0,140,70,0,210,36,0,36,246
02/14/2000,HYA,MA,ANE,EN,Federal Contract Tower,0,153,8,0,161,0,45,0,0,45,0,198,8,0,206,0,0,0,206
02/15/2000,HYA,MA,ANE,EN,Federal Contract Tower,0,45,10,0,55,0,182,34,0,216,0,227,44,0,271,24,0,24,295
02/16/2000,HYA,MA,ANE,EN,Federal Contract Tower,0,16,3,0,19,0,207,37,0,244,0,223,40,0,263,64,0,64,327
02/17/2000,HYA,MA,ANE,EN,Federal Contract Tower,0,11,2,0,13,0,234,59,0,293,0,245,61,0,306,52,0,52,358
02/18/2000,HYA,MA,ANE,EN,Federal Contract Tower,0,58,13,0,71,0,125,11,0,136,0,183,24,0,207,2,0,2,209
02/19/2000,HYA,MA,ANE,EN,Federal Contract Tower,0,30,6,0,36,0,71,2,0,73,0,101,8,0,109,0,0,0,109
02/20/2000,HYA,MA,ANE,EN,Federal Contract Tower,0,32,7,0,39,0,123,24,0,147,0,155,31,0,186,54,0,54,240
02/21/2000,HYA,MA,ANE,EN,Federal Contract Tower,0,16,3,0,19,0,259,71,0,330,0,275,74,0,349,30,0,30,379
02/22/2000,HYA,MA,ANE,EN,Federal Contract Tower,0,18,4,0,22,0,221,65,0,286,0,239,69,0,308,36,0,36,344
02/23/2000,HYA,MA,ANE,EN,Federal Contract Tower,0,12,2,0,14,0,195,52,0,247,0,207,54,0,261,42,0,42,303
02/24/2000,HYA,MA,ANE,EN,Federal Contract Tower,0,18,3,0,21,0,212,55,0,267,0,230,58,0,288,24,0,24,312
02/25/2000,HYA,MA,ANE,EN,Federal Contract Tower,0,151,15,0,166,0,114,0,0,114,0,265,15,0,280,30,0,30,310
02/26/2000,HYA,MA,ANE,EN,Federal Contract Tower,0,50,7,0,57,0,116,0,0,116,0,166,7,0,173,20,0,20,193
02/27/2000,HYA,MA,ANE,EN,Federal Contract Tower,0,43,10,0,53,0,0,0,0,0,0,43,10,0,53,0,0,0,53
02/28/2000,HYA,MA,ANE,EN,Federal Contract Tower,0,75,17,0,92,0,155,13,0,168,0,230,30,0,260,22,0,22,282
02/29/2000,HYA,MA,ANE,EN,Federal Contract Tower,0,17,3,0,20,0,189,53,0,242,0,206,56,0,262,38,0,38,300
03/01/2000,HYA,MA,ANE,EN,Federal Contract Tower,1,47,11,0,59,3,163,77,3,246,4,210,88,3,305,38,0,38,343
03/02/2000,HYA,MA,ANE,EN,Federal Contract Tower,0,18,4,0,22,0,224,53,0,277,0,242,57,0,299,24,0,24,323
03/03/2000,HYA,MA,ANE,EN,Federal Contract Tower,0,12,2,0,14,0,259,87,0,346,0,271,89,0,360,52,0,52,412
03/04/2000,HYA,MA,ANE,EN,Federal Contract Tower,0,12,2,0,14,0,174,88,4,266,0,186,90,4,280,18,0,18,298
03/05/2000,HYA,MA,ANE,EN,Federal Contract Tower,0,20,5,0,25,0,181,78,0,259,0,201,83,0,284,24,4,28,312
03/06/2000,HYA,MA,ANE,EN,Federal Contract Tower,0,23,6,0,29,0,220,67,0,287,0,243,73,0,316,26,0,26,342
03/07/2000,HYA,MA,ANE,EN,Federal Contract Tower,0,22,6,0,28,0,196,73,0,269,0,218,79,0,297,24,0,24,321
03/08/2000,HYA,MA,ANE,EN,Federal Contract Tower,0,12,3,0,15,0,220,84,0,304,0,232,87,0,319,34,0,34,353
03/09/2000,HYA,MA,ANE,EN,Federal Contract Tower,0,95,24,0,119,0,152,8,0,160,0,247,32,0,279,0,0,0,279
03/10/2000,HYA,MA,ANE,EN,Federal Contract Tower,0,25,7,0,32,0,261,64,0,325,0,286,71,0,357,14,2,16,373
03/11/2000,HYA,MA,ANE,EN,Federal Contract Tower,0,60,15,0,75,0,101,17,2,120,0,161,32,2,195,6,0,6,201
03/12/2000,HYA,MA,ANE,EN,Federal Contract Tower,0,88,5,0,93,0,21,0,0,21,0,109,5,0,114,0,0,0,114
03/13/2000,HYA,MA,ANE,EN,Federal Contract Tower,0,12,4,0,16,0,219,60,0,279,0,231,64,0,295,12,0,12,307
03/14/2000,HYA,MA,ANE,EN,Federal Contract Tower,0,30,7,0,37,0,186,90,0,276,0,216,97,0,313,22,8,30,343
03/15/2000,HYA,MA,ANE,EN,Federal Contract Tower,0,16,4,1,21,0,215,41,1,257,0,231,45,2,278,36,0,36,314
03/16/2000,HYA,MA,ANE,EN,Federal Contract Tower,0,84,21,0,105,0,172,30,0,202,0,256,51,0,307,42,4,46,353
03/17/2000,HYA,MA,ANE,EN,Federal Contract Tower,0,71,2,0,73,0,16,0,0,16,0,87,2,0,89,0,0,0,89
03/18/2000,HYA,MA,ANE,EN,Federal Contract Tower,0,10,2,0,12,0,191,64,0,255,0,201,66,0,267,30,0,30,297
03/19/2000,HYA,MA,ANE,EN,Federal Contract Tower,0,15,3,0,18,0,177,65,0,242,0,192,68,0,260,14,2,16,276
03/20/2000,HYA,MA,ANE,EN,Federal Contract Tower,0,143,35,0,178,0,106,29,0,135,0,249,64,0,313,38,0,38,351
03/21/2000,HYA,MA,ANE,EN,Federal Contract Tower,0,173,11,0,184,0,31,0,0,31,0,204,11,0,215,0,0,0,215
03/22/2000,HYA,MA,ANE,EN,Federal Contract Tower,0,87,21,0,108,0,173,4,0,177,0,260,25,0,285,74,0,74,359
03/23/2000,HYA,MA,ANE,EN,Federal Contract Tower,0,29,7,0,36,0,206,61,0,267,0,235,68,0,303,50,0,50,353
03/24/2000,HYA,MA,ANE,EN,Federal Contract Tower,0,19,4,0,23,0,290,125,0,415,0,309,129,0,438,26,2,28,466
03/25/2000,HYA,MA,ANE,EN,Federal Contract Tower,0,14,3,0,17,0,139,98,0,237,0,153,101,0,254,36,0,36,290
03/26/2000,HYA,MA,ANE,EN,Federal Contract Tower,0,16,3,0,19,0,164,54,0,218,0,180,57,0,237,32,2,34,271
03/27/2000,HYA,MA,ANE,EN,Federal Contract Tower,0,26,6,0,32,0,245,96,0,341,0,271,102,0,373,26,4,30,403
03/28/2000,HYA,MA,ANE,EN,Federal Contract Tower,0,50,12,0,62,0,56,2,0,58,0,106,14,0,120,0,0,0,120
03/29/2000,HYA,MA,ANE,EN,Federal Contract Tower,0,24,5,0,29,0,230,45,0,275,0,254,50,0,304,48,2,50,354
03/30/2000,HYA,MA,ANE,EN,Federal Contract Tower,0,18,4,0,22,0,208,54,2,264,0,226,58,2,286,14,0,14,300
03/31/2000,HYA,MA,ANE,EN,Federal Contract Tower,0,23,5,0,28,0,232,79,0,311,0,255,84,0,339,37,0,37,376
04/01/2000,HYA,MA,ANE,EN,Federal Contract Tower,0,13,2,0,15,0,155,116,0,271,0,168,118,0,286,62,0,62,348
04/02/2000,HYA,MA,ANE,EN,Federal Contract Tower,0,25,5,0,30,0,165,93,0,258,0,190,98,0,288,32,2,34,322
04/03/2000,HYA,MA,ANE,EN,Federal Contract Tower,0,137,19,0,156,0,128,14,0,142,0,265,33,0,298,24,0,24,322
04/04/2000,HYA,MA,ANE,EN,Federal Contract Tower,0,215,3,0,218,0,27,0,0,27,0,242,3,0,245,0,0,0,245
04/05/2000,HYA,MA,ANE,EN,Federal Contract Tower,0,16,3,0,19,0,242,33,0,275,0,258,36,0,294,28,4,32,326
04/06/2000,HYA,MA,ANE,EN,Federal Contract Tower,0,14,1,0,15,0,239,33,0,272,0,253,34,0,287,45,4,49,336
04/07/2000,HYA,MA,ANE,EN,Federal Contract Tower,0,15,2,0,17,0,290,95,0,385,0,305,97,0,402,34,4,38,440
04/08/2000,HYA,MA,ANE,EN,Federal Contract Tower,0,14,2,0,16,0,165,39,0,204,0,179,41,0,220,24,2,26,246
04/09/2000,HYA,MA,ANE,EN,Federal Contract Tower,0,77,6,0,83,0,178,0,0,178,0,255,6,0,261,12,2,14,275
04/10/2000,HYA,MA,ANE,EN,Federal Contract Tower,0,22,2,0,24,0,266,65,0,331,0,288,67,0,355,52,0,52,407
04/11/2000,HYA,MA,ANE,EN,Federal Contract Tower,0,38,5,0,43,0,189,53,0,242,0,227,58,0,285,22,2,24,309
04/12/2000,HYA,MA,ANE,EN,Federal Contract Tower,0,96,12,0,108,0,139,20,0,159,0,235,32,0,267,32,0,32,299
04/13/2000,HYA,MA,ANE,EN,Federal Contract Tower,0,13,1,0,14,0,233,40,0,273,0,246,41,0,287,36,0,36,323
04/14/2000,HYA,MA,ANE,EN,Federal Contract Tower,0,25,3,1,29,0,260,104,5,369,0,285,107,6,398,32,0,32,430
04/15/2000,HYA,MA,ANE,EN,Federal Contract Tower,0,168,23,0,191,0,0,6,0,6,0,168,29,0,197,0,0,0,197
04/16/2000,HYA,MA,ANE,EN,Federal Contract Tower,0,135,17,0,152,0,16,0,0,16,0,151,17,0,168,0,0,0,168
04/17/2000,HYA,MA,ANE,EN,Federal Contract Tower,0,23,2,0,25,0,244,31,0,275,0,267,33,0,300,2,2,4,304
04/18/2000,HYA,MA,ANE,EN,Federal Contract Tower,0,106,14,0,120,0,129,3,0,132,0,235,17,0,252,4,0,4,256
04/19/2000,HYA,MA,ANE,EN,Federal Contract Tower,0,205,22,0,227,0,5,0,0,5,0,210,22,0,232,0,0,0,232
04/20/2000,HYA,MA,ANE,EN,Federal Contract Tower,0,165,22,0,187,0,119,6,0,125,0,284,28,0,312,4,0,4,316
04/21/2000,HYA,MA,ANE,EN,Federal Contract Tower,0,221,29,0,250,0,65,9,4,78,0,286,38,4,328,4,0,4,332
04/22/2000,HYA,MA,ANE,EN,Federal Contract Tower,0,132,6,0,138,0,11,0,0,11,0,143,6,0,149,0,0,0,149
04/23/2000,HYA,MA,ANE,EN,Federal Contract Tower,0,206,23,0,229,0,4,0,0,4,0,210,23,0,233,0,0,0,233
04/24/2000,HYA,MA,ANE,EN,Federal Contract Tower,0,39,5,0,44,0,252,28,0,280,0,291,33,0,324,42,0,42,366
04/25/2000,HYA,MA,ANE,EN,Federal Contract Tower,0,33,4,0,37,0,202,68,3,273,0,235,72,3,310,54,6,60,370
04/26/2000,HYA,MA,ANE,EN,Federal Contract Tower,0,218,10,0,228,0,58,0,0,58,0,276,10,0,286,10,0,10,296
04/27/2000,HYA,MA,ANE,EN,Federal Contract Tower,0,120,16,0,136,0,160,21,0,181,0,280,37,0,317,26,0,26,343
04/28/2000,HYA,MA,ANE,EN,Federal Contract Tower,0,45,6,0,51,0,381,103,4,488,0,426,109,4,539,20,2,22,561
04/29/2000,HYA,MA,ANE,EN,Federal Contract Tower,0,31,4,0,35,0,151,61,0,212,0,182,65,0,247,24,0,24,271
04/30/2000,HYA,MA,ANE,EN,Federal Contract Tower,0,22,2,0,24,0,348,89,0,437,0,370,91,0,461,10,0,10,471
05/01/2000,HYA,MA,ANE,EN,Federal Contract Tower,0,24,6,0,30,0,294,72,0,366,0,318,78,0,396,30,2,32,428
05/02/2000,HYA,MA,ANE,EN,Federal Contract Tower,0,131,28,0,159,0,132,12,0,144,0,263,40,0,303,16,2,18,321
05/03/2000,HYA,MA,ANE,EN,Federal Contract Tower,0,23,5,0,28,0,223,101,4,328,0,246,106,4,356,73,0,73,429
05/04/2000,HYA,MA,ANE,EN,Federal Contract Tower,0,27,6,0,33,0,331,97,0,428,0,358,103,0,461,62,0,62,523
05/05/2000,HYA,MA,ANE,EN,Federal Contract Tower,0,28,6,0,34,0,296,73,0,369,0,324,79,0,403,16,0,16,419
05/06/2000,HYA,MA,ANE,EN,Federal Contract Tower,0,25,6,0,31,0,185,100,4,289,0,210,106,4,320,38,0,38,358
05/07/2000,HYA,MA,ANE,EN,Federal Contract Tower,0,48,10,0,58,0,216,79,0,295,0,264,89,0,353,44,0,44,397
05/08/2000,HYA,MA,ANE,EN,Federal Contract Tower,0,24,5,0,29,0,284,70,0,354,0,308,75,0,383,2,0,2,385
05/09/2000,HYA,MA,ANE,EN,Federal Contract Tower,0,38,8,0,46,0,229,25,0,254,0,267,33,0,300,26,0,26,326
05/10/2000,HYA,MA,ANE,EN,Federal Contract Tower,0,181,14,0,195,0,24,0,0,24,0,205,14,0,219,0,0,0,219
05/11/2000,HYA,MA,ANE,EN,Federal Contract Tower,0,102,21,0,123,0,197,36,0,233,0,299,57,0,356,30,0,30,386
05/12/2000,HYA,MA,ANE,EN,Federal Contract Tower,0,29,6,0,35,0,319,120,0,439,0,348,126,0,474,52,6,58,532
05/13/2000,HYA,MA,ANE,EN,Federal Contract Tower,0,146,13,0,159,0,42,0,0,42,0,188,13,0,201,0,0,0,201
05/14/2000,HYA,MA,ANE,EN,Federal Contract Tower,0,57,12,1,70,0,225,97,1,323,0,282,109,2,393,32,0,32,425
05/15/2000,HYA,MA,ANE,EN,Federal Contract Tower,0,24,4,1,29,0,299,133,1,433,0,323,137,2,462,48,0,48,510
05/16/2000,HYA,MA,ANE,EN,Federal Contract Tower,0,27,5,1,33,0,271,77,1,349,0,298,82,2,382,44,0,44,426
05/17/2000,HYA,MA,ANE,EN,Federal Contract Tower,0,21,4,0,25,0,314,95,2,411,0,335,99,2,436,40,2,42,478
05/18/2000,HYA,MA,ANE,EN,Federal Contract Tower,0,28,5,0,33,0,307,32,0,339,0,335,37,0,372,30,2,32,404
05/19/2000,HYA,MA,ANE,EN,Federal Contract Tower,0,237,16,0,253,0,115,0,0,115,0,352,16,0,368,0,0,0,368
05/20/2000,HYA,MA,ANE,EN,Federal Contract Tower,0,58,12,0,70,0,142,34,0,176,0,200,46,0,246,0,0,0,246
05/21/2000,HYA,MA,ANE,EN,Federal Contract Tower,0,150,31,0,181,0,181,7,0,188,0,331,38,0,369,8,0,8,377
05/22/2000,HYA,MA,ANE,EN,Federal Contract Tower,0,251,41,0,292,0,106,0,0,106,0,357,41,0,398,18,0,18,416
05/23/2000,HYA,MA,ANE,EN,Federal Contract Tower,0,173,35,0,208,0,143,4,0,147,0,316,39,0,355,24,0,24,379
05/24/2000,HYA,MA,ANE,EN,Federal Contract Tower,0,219,29,0,248,0,69,0,0,69,0,288,29,0,317,13,0,13,330
05/25/2000,HYA,MA,ANE,EN,Federal Contract Tower,0,52,10,0,62,0,377,69,2,448,0,429,79,2,510,24,2,26,536
05/26/2000,HYA,MA,ANE,EN,Federal Contract Tower,0,43,8,0,51,0,508,163,2,673,0,551,171,2,724,22,4,26,750
05/27/2000,HYA,MA,ANE,EN,Federal Contract Tower,0,29,5,0,34,0,282,140,0,422,0,311,145,0,456,2,0,2,458
05/28/2000,HYA,MA,ANE,EN,Federal Contract Tower,0,39,7,0,46,0,187,104,0,291,0,226,111,0,337,32,4,36,373
05/29/2000,HYA,MA,ANE,EN,Federal Contract Tower,0,68,14,0,82,0,443,121,0,564,0,511,135,0,646,8,0,8,654
05/30/2000,HYA,MA,ANE,EN,Federal Contract Tower,0,44,9,0,53,0,262,45,0,307,0,306,54,0,360,58,2,60,420
05/31/2000,HYA,MA,ANE,EN,Federal Contract Tower,0,51,10,0,61,0,234,91,0,325,0,285,101,0,386,38,0,38,424
06/01/2000,HYA,MA,ANE,EN,Federal Contract Tower,0,44,11,0,55,0,308,73,0,381,0,352,84,0,436,46,0,46,482
06/02/2000,HYA,MA,ANE,EN,Federal Contract Tower,0,29,7,0,36,0,257,71,0,328,0,286,78,0,364,32,0,32,396
06/03/2000,HYA,MA,ANE,EN,Federal Contract Tower,0,28,8,0,36,0,228,99,0,327,0,256,107,0,363,24,0,24,387
06/04/2000,HYA,MA,ANE,EN,Federal Contract Tower,0,24,7,0,31,0,283,168,0,451,0,307,175,0,482,20,0,20,502
06/05/2000,HYA,MA,ANE,EN,Federal Contract Tower,0,46,13,0,59,0,275,85,0,360,0,321,98,0,419,30,0,30,449
06/06/2000,HYA,MA,ANE,EN,Federal Contract Tower,0,179,6,0,185,0,66,0,0,66,0,245,6,0,251,2,0,2,253
06/07/2000,HYA,MA,ANE,EN,Federal Contract Tower,0,105,28,0,133,0,198,5,0,203,0,303,33,0,336,24,0,24,360
06/08/2000,HYA,MA,ANE,EN,Federal Contract Tower,0,35,10,0,45,0,290,87,2,379,0,325,97,2,424,26,0,26,450
06/09/2000,HYA,MA,ANE,EN,Federal Contract Tower,0,35,10,0,45,0,332,103,1,436,0,367,113,1,481,6,0,6,487
06/10/2000,HYA,MA,ANE,EN,Federal Contract Tower,0,34,10,0,44,0,203,145,0,348,0,237,155,0,392,18,0,18,410
06/11/2000,HYA,MA,ANE,EN,Federal Contract Tower,0,60,17,0,77,0,339,96,0,435,0,399,113,0,512,20,0,20,532
06/12/2000,HYA,MA,ANE,EN,Federal Contract Tower,0,227,36,0,263,0,78,0,0,78,0,305,36,0,341,12,0,12,353
06/13/2000,HYA,MA,ANE,EN,Federal Contract Tower,0,35,9,0,44,0,239,51,0,290,0,274,60,0,334,38,0,38,372
06/14/2000,HYA,MA,ANE,EN,Federal Contract Tower,0,48,12,0,60,0,271,94,0,365,0,319,106,0,425,46,0,46,471
06/15/2000,HYA,MA,ANE,EN,Federal Contract Tower,0,133,35,0,168,0,183,35,0,218,0,316,70,0,386,28,0,28,414
06/16/2000,HYA,MA,ANE,EN,Federal Contract Tower,0,148,38,0,186,0,296,27,0,323,0,444,65,0,509,28,0,28,537
06/17/2000,HYA,MA,ANE,EN,Federal Contract Tower,0,67,17,0,84,0,151,48,0,199,0,218,65,0,283,12,0,12,295
06/18/2000,HYA,MA,ANE,EN,Federal Contract Tower,0,110,28,0,138,0,204,73,0,277,0,314,101,0,415,16,0,16,431
06/19/2000,HYA,MA,ANE,EN,Federal Contract Tower,0,77,20,0,97,0,288,63,0,351,0,365,83,0,448,26,0,26,474
06/20/2000,HYA,MA,ANE,EN,Federal Contract Tower,0,38,10,0,48,0,309,101,0,410,0,347,111,0,458,34,0,34,492
06/21/2000,HYA,MA,ANE,EN,Federal Contract Tower,0,41,10,0,51,0,254,90,0,344,0,295,100,0,395,28,0,28,423
06/22/2000,HYA,MA,ANE,EN,Federal Contract Tower,0,197,52,0,249,0,159,87,0,246,0,356,139,0,495,138,0,138,633
06/23/2000,HYA,MA,ANE,EN,Federal Contract Tower,0,42,11,0,53,0,339,168,0,507,0,381,179,0,560,52,0,52,612
06/24/2000,HYA,MA,ANE,EN,Federal Contract Tower,0,30,7,0,37,0,206,188,4,398,0,236,195,4,435,32,0,32,467
06/25/2000,HYA,MA,ANE,EN,Federal Contract Tower,0,108,28,0,136,1,243,152,0,396,1,351,180,0,532,30,0,30,562
06/26/2000,HYA,MA,ANE,EN,Federal Contract Tower,0,272,71,0,343,1,48,49,0,98,1,320,120,0,441,12,0,12,453
06/27/2000,HYA,MA,ANE,EN,Federal Contract Tower,0,248,47,0,295,0,91,0,0,91,0,339,47,0,386,6,0,6,392
06/28/2000,HYA,MA,ANE,EN,Federal Contract Tower,0,46,12,0,58,0,275,116,10,401,0,321,128,10,459,44,4,48,507
06/29/2000,HYA,MA,ANE,EN,Federal Contract Tower,0,102,26,0,128,0,244,68,2,314,0,346,94,2,442,10,0,10,452
06/30/2000,HYA,MA,ANE,EN,Federal Contract Tower,0,473,123,0,596,0,201,0,0,201,0,674,123,0,797,10,0,10,807
07/01/2000,HYA,MA,ANE,EN,Federal Contract Tower,0,49,17,0,66,0,285,147,0,432,0,334,164,0,498,6,0,6,504
07/02/2000,HYA,MA,ANE,EN,Federal Contract Tower,0,40,13,0,53,0,242,143,0,385,0,282,156,0,438,48,0,48,486
07/03/2000,HYA,MA,ANE,EN,Federal Contract Tower,0,33,11,0,44,0,235,71,0,306,0,268,82,0,350,76,0,76,426
07/04/2000,HYA,MA,ANE,EN,Federal Contract Tower,0,229,52,0,281,0,72,0,2,74,0,301,52,2,355,4,0,4,359
07/05/2000,HYA,MA,ANE,EN,Federal Contract Tower,0,55,19,0,74,0,454,181,0,635,0,509,200,0,709,18,0,18,727
07/06/2000,HYA,MA,ANE,EN,Federal Contract Tower,0,35,12,0,47,0,303,157,0,460,0,338,169,0,507,52,0,52,559
07/07/2000,HYA,MA,ANE,EN,Federal Contract Tower,0,48,16,0,64,0,308,121,0,429,0,356,137,0,493,10,0,10,503
07/08/2000,HYA,MA,ANE,EN,Federal Contract Tower,0,37,13,0,50,0,260,184,0,444,0,297,197,0,494,34,0,34,528
07/09/2000,HYA,MA,ANE,EN,Federal Contract Tower,0,52,18,0,70,0,288,138,0,426,0,340,156,0,496,20,0,20,516
07/10/2000,HYA,MA,ANE,EN,Federal Contract Tower,0,211,69,0,280,0,135,1,0,136,0,346,70,0,416,4,0,4,420
07/11/2000,HYA,MA,ANE,EN,Federal Contract Tower,0,37,13,0,50,0,279,89,0,368,0,316,102,0,418,44,0,44,462
07/12/2000,HYA,MA,ANE,EN,Federal Contract Tower,0,37,13,0,50,0,284,139,0,423,0,321,152,0,473,48,0,48,521
07/13/2000,HYA,MA,ANE,EN,Federal Contract Tower,0,38,12,1,51,0,371,127,1,499,0,409,139,2,550,56,2,58,608
07/14/2000,HYA,MA,ANE,EN,Federal Contract Tower,0,45,14,0,59,0,360,126,0,486,0,405,140,0,545,14,0,14,559
07/15/2000,HYA,MA,ANE,EN,Federal Contract Tower,0,30,9,0,39,0,221,71,0,292,0,251,80,0,331,16,0,16,347
07/16/2000,HYA,MA,ANE,EN,Federal Contract Tower,0,255,82,0,337,0,70,0,0,70,0,325,82,0,407,0,0,0,407
07/17/2000,HYA,MA,ANE,EN,Federal Contract Tower,0,227,40,0,267,0,74,0,0,74,0,301,40,0,341,4,0,4,345
07/18/2000,HYA,MA,ANE,EN,Federal Contract Tower,0,243,78,0,321,0,86,74,0,160,0,329,152,0,481,6,0,6,487
07/19/2000,HYA,MA,ANE,EN,Federal Contract Tower,0,36,11,0,47,0,320,114,0,434,0,356,125,0,481,42,0,42,523
07/20/2000,HYA,MA,ANE,EN,Federal Contract Tower,0,29,9,0,38,0,272,139,0,411,0,301,148,0,449,56,2,58,507
07/21/2000,HYA,MA,ANE,EN,Federal Contract Tower,0,46,14,0,60,0,367,125,0,492,0,413,139,0,552,40,2,42,594
07/22/2000,HYA,MA,ANE,EN,Federal Contract Tower,0,100,31,0,131,0,169,71,2,242,0,269,102,2,373,18,0,18,391
07/23/2000,HYA,MA,ANE,EN,Federal Contract Tower,0,44,14,0,58,0,356,159,2,517,0,400,173,2,575,44,0,44,619
07/24/2000,HYA,MA,ANE,EN,Federal Contract Tower,0,41,12,0,53,0,321,101,2,424,0,362,113,2,477,38,0,38,515
07/25/2000,HYA,MA,ANE,EN,Federal Contract Tower,0,187,56,0,243,0,131,0,0,131,0,318,56,0,374,24,2,26,400
07/26/2000,HYA,MA,ANE,EN,Federal Contract Tower,0,245,48,0,293,0,30,0,0,30,0,275,48,0,323,2,0,2,325
07/27/2000,HYA,MA,ANE,EN,Federal Contract Tower,0,238,53,0,291,0,49,0,0,49,0,287,53,0,340,0,0,0,340
07/28/2000,HYA,MA,ANE,EN,Federal Contract Tower,0,320,64,0,384,0,39,0,0,39,0,359,64,0,423,0,0,0,423
07/29/2000,HYA,MA,ANE,EN,Federal Contract Tower,0,59,19,0,78,0,179,81,0,260,0,238,100,0,338,40,0,40,378
07/30/2000,HYA,MA,ANE,EN,Federal Contract Tower,0,93,29,0,122,0,285,111,0,396,0,378,140,0,518,34,0,34,552
07/31/2000,HYA,MA,ANE,EN,Federal Contract Tower,0,273,67,0,340,0,80,0,0,80,0,353,67,0,420,0,0,0,420
08/01/2000,HYA,MA,ANE,EN,Federal Contract Tower,0,195,38,0,233,0,29,0,1,30,0,224,38,1,263,0,0,0,263
08/02/2000,HYA,MA,ANE,EN,Federal Contract Tower,0,239,55,0,294,0,27,0,0,27,0,266,55,0,321,0,0,0,321
08/03/2000,HYA,MA,ANE,EN,Federal Contract Tower,0,266,61,0,327,0,36,0,0,36,0,302,61,0,363,0,0,0,363
08/04/2000,HYA,MA,ANE,EN,Federal Contract Tower,0,268,93,0,361,0,172,68,0,240,0,440,161,0,601,16,0,16,617
08/05/2000,HYA,MA,ANE,EN,Federal Contract Tower,0,68,24,0,92,0,202,170,6,378,0,270,194,6,470,26,0,26,496
08/06/2000,HYA,MA,ANE,EN,Federal Contract Tower,0,52,17,0,69,0,279,173,0,452,0,331,190,0,521,52,0,52,573
08/07/2000,HYA,MA,ANE,EN,Federal Contract Tower,0,210,61,0,271,0,120,0,0,120,0,330,61,0,391,20,0,20,411
08/08/2000,HYA,MA,ANE,EN,Federal Contract Tower,0,128,44,1,173,0,172,55,1,228,0,300,99,2,401,22,0,22,423
08/09/2000,HYA,MA,ANE,EN,Federal Contract Tower,0,110,37,0,147,0,175,77,0,252,0,285,114,0,399,24,0,24,423
08/10/2000,HYA,MA,ANE,EN,Federal Contract Tower,0,105,35,0,140,0,211,59,0,270,0,316,94,0,410,20,0,20,430
08/11/2000,HYA,MA,ANE,EN,Federal Contract Tower,0,97,33,1,131,0,344,182,0,526,0,441,215,1,657,24,0,24,681
08/12/2000,HYA,MA,ANE,EN,Federal Contract Tower,0,72,24,0,96,0,205,57,0,262,0,277,81,0,358,28,2,30,388
08/13/2000,HYA,MA,ANE,EN,Federal Contract Tower,0,246,84,0,330,0,53,1,0,54,0,299,85,0,384,10,0,10,394
08/14/2000,HYA,MA,ANE,EN,Federal Contract Tower,0,264,82,0,346,0,10,0,0,10,0,274,82,0,356,0,0,0,356
08/15/2000,HYA,MA,ANE,EN,Federal Contract Tower,0,244,52,0,296,0,32,0,0,32,0,276,52,0,328,0,0,0,328
08/16/2000,HYA,MA,ANE,EN,Federal Contract Tower,0,172,58,0,230,0,161,0,0,161,0,333,58,0,391,16,0,16,407
08/17/2000,HYA,MA,ANE,EN,Federal Contract Tower,0,33,11,0,44,0,345,265,0,610,0,378,276,0,654,30,2,32,686
08/18/2000,HYA,MA,ANE,EN,Federal Contract Tower,0,80,27,0,107,0,328,154,0,482,0,408,181,0,589,38,0,38,627
08/19/2000,HYA,MA,ANE,EN,Federal Contract Tower,0,76,26,0,102,0,212,126,0,338,0,288,152,0,440,52,2,54,494
08/20/2000,HYA,MA,ANE,EN,Federal Contract Tower,0,46,15,0,61,0,350,204,0,554,0,396,219,0,615,34,6,40,655
08/21/2000,HYA,MA,ANE,EN,Federal Contract Tower,0,33,11,0,44,0,357,186,0,543,0,390,197,0,587,40,8,48,635
08/22/2000,HYA,MA,ANE,EN,Federal Contract Tower,0,38,12,0,50,0,313,170,4,487,0,351,182,4,537,48,2,50,587
08/23/2000,HYA,MA,ANE,EN,Federal Contract Tower,0,44,15,0,59,1,258,123,0,382,1,302,138,0,441,40,2,42,483
08/24/2000,HYA,MA,ANE,EN,Federal Contract Tower,0,85,29,0,114,0,285,78,0,363,0,370,107,0,477,24,2,26,503
08/25/2000,HYA,MA,ANE,EN,Federal Contract Tower,0,33,11,0,44,1,363,146,1,511,1,396,157,1,555,14,2,16,571
08/26/2000,HYA,MA,ANE,EN,Federal Contract Tower,0,61,20,0,81,0,266,178,0,444,0,327,198,0,525,50,0,50,575
08/27/2000,HYA,MA,ANE,EN,Federal Contract Tower,0,62,20,0,82,0,325,162,4,491,0,387,182,4,573,34,0,34,607
08/28/2000,HYA,MA,ANE,EN,Federal Contract Tower,0,81,27,0,108,0,274,76,0,350,0,355,103,0,458,48,0,48,506
08/29/2000,HYA,MA,ANE,EN,Federal Contract Tower,0,35,11,0,46,0,254,114,0,368,0,289,125,0,414,36,0,36,450
08/30/2000,HYA,MA,ANE,EN,Federal Contract Tower,0,219,64,0,283,0,71,0,0,71,0,290,64,0,354,0,0,0,354
08/31/2000,HYA,MA,ANE,EN,Federal Contract Tower,0,135,45,0,180,0,259,107,2,368,0,394,152,2,548,12,0,12,560
09/01/2000,HYA,MA,ANE,EN,Federal Contract Tower,0,132,40,0,172,0,217,85,0,302,0,349,125,0,474,26,0,26,500
09/02/2000,HYA,MA,ANE,EN,Federal Contract Tower,0,171,26,0,197,0,151,0,2,153,0,322,26,2,350,14,0,14,364
09/03/2000,HYA,MA,ANE,EN,Federal Contract Tower,0,200,34,0,234,0,118,0,2,120,0,318,34,2,354,0,0,0,354
09/04/2000,HYA,MA,ANE,EN,Federal Contract Tower,0,208,55,0,263,0,162,0,0,162,0,370,55,0,425,4,0,4,429
09/05/2000,HYA,MA,ANE,EN,Federal Contract Tower,0,32,10,0,42,0,303,92,0,395,0,335,102,0,437,18,0,18,455
09/06/2000,HYA,MA,ANE,EN,Federal Contract Tower,0,16,5,0,21,0,245,118,2,365,0,261,123,2,386,34,6,40,426
09/07/2000,HYA,MA,ANE,EN,Federal Contract Tower,0,29,10,0,39,0,338,201,0,539,0,367,211,0,578,66,0,66,644
09/08/2000,HYA,MA,ANE,EN,Federal Contract Tower,0,25,8,0,33,0,351,152,0,503,0,376,160,0,536,44,0,44,580
09/09/2000,HYA,MA,ANE,EN,Federal Contract Tower,0,41,13,0,54,0,199,254,0,453,0,240,267,0,507,74,0,74,581
09/10/2000,HYA,MA,ANE,EN,Federal Contract Tower,0,69,20,0,89,0,267,254,0,521,0,336,274,0,610,36,0,36,646
09/11/2000,HYA,MA,ANE,EN,Federal Contract Tower,0,79,23,0,102,0,263,128,0,391,0,342,151,0,493,26,0,26,519
09/12/2000,HYA,MA,ANE,EN,Federal Contract Tower,0,92,27,0,119,0,160,54,0,214,0,252,81,0,333,16,0,16,349
09/13/2000,HYA,MA,ANE,EN,Federal Contract Tower,0,108,32,0,140,0,141,23,0,164,0,249,55,0,304,10,0,10,314
09/14/2000,HYA,MA,ANE,EN,Federal Contract Tower,0,29,9,1,39,0,261,127,1,389,0,290,136,2,428,40,0,40,468
09/15/2000,HYA,MA,ANE,EN,Federal Contract Tower,0,166,41,0,207,0,117,0,0,117,0,283,41,0,324,0,0,0,324
09/16/2000,HYA,MA,ANE,EN,Federal Contract Tower,0,22,6,0,28,0,242,138,0,380,0,264,144,0,408,38,0,38,446
09/17/2000,HYA,MA,ANE,EN,Federal Contract Tower,0,44,13,0,57,0,324,148,0,472,0,368,161,0,529,44,2,46,575
09/18/2000,HYA,MA,ANE,EN,Federal Contract Tower,0,25,7,0,32,0,257,96,0,353,0,282,103,0,385,24,2,26,411
09/19/2000,HYA,MA,ANE,EN,Federal Contract Tower,0,44,13,0,57,0,224,65,0,289,0,268,78,0,346,32,6,38,384
09/20/2000,HYA,MA,ANE,EN,Federal Contract Tower,0,132,39,0,171,0,101,4,0,105,0,233,43,0,276,6,0,6,282
09/21/2000,HYA,MA,ANE,EN,Federal Contract Tower,0,43,12,0,55,0,282,51,2,335,0,325,63,2,390,10,6,16,406
09/22/2000,HYA,MA,ANE,EN,Federal Contract Tower,0,29,8,0,37,0,188,112,0,300,0,217,120,0,337,26,0,26,363
09/23/2000,HYA,MA,ANE,EN,Federal Contract Tower,0,29,8,0,37,0,217,91,0,308,0,246,99,0,345,30,0,30,375
09/24/2000,HYA,MA,ANE,EN,Federal Contract Tower,0,219,31,0,250,0,89,0,0,89,0,308,31,0,339,12,0,12,351
09/25/2000,HYA,MA,ANE,EN,Federal Contract Tower,0,36,10,0,46,0,272,80,0,352,0,308,90,0,398,12,6,18,416
09/26/2000,HYA,MA,ANE,EN,Federal Contract Tower,0,112,14,0,126,0,116,0,0,116,0,228,14,0,242,0,0,0,242
09/27/2000,HYA,MA,ANE,EN,Federal Contract Tower,0,21,6,0,27,0,242,145,0,387,0,263,151,0,414,60,4,64,478
09/28/2000,HYA,MA,ANE,EN,Federal Contract Tower,0,30,8,0,38,0,303,87,0,390,0,333,95,0,428,58,0,58,486
09/29/2000,HYA,MA,ANE,EN,Federal Contract Tower,0,15,4,0,19,0,299,131,0,430,0,314,135,0,449,44,0,44,493
09/30/2000,HYA,MA,ANE,EN,Federal Contract Tower,0,24,7,0,31,0,173,122,2,297,0,197,129,2,328,66,0,66,394
10/01/2000,HYA,MA,ANE,EN,Federal Contract Tower,0,29,10,0,39,0,301,120,0,421,0,330,130,0,460,38,0,38,498
10/02/2000,HYA,MA,ANE,EN,Federal Contract Tower,0,83,26,0,109,0,222,40,0,262,0,305,66,0,371,28,0,28,399
10/03/2000,HYA,MA,ANE,EN,Federal Contract Tower,0,31,10,0,41,0,221,71,2,294,0,252,81,2,335,48,4,52,387
10/04/2000,HYA,MA,ANE,EN,Federal Contract Tower,0,33,11,0,44,0,236,109,0,345,0,269,120,0,389,82,4,86,475
10/05/2000,HYA,MA,ANE,EN,Federal Contract Tower,0,54,17,0,71,0,232,44,0,276,0,286,61,0,347,48,0,48,395
10/06/2000,HYA,MA,ANE,EN,Federal Contract Tower,0,287,52,0,339,0,38,0,0,38,0,325,52,0,377,0,0,0,377
10/07/2000,HYA,MA,ANE,EN,Federal Contract Tower,0,19,6,0,25,0,217,112,0,329,0,236,118,0,354,16,0,16,370
10/08/2000,HYA,MA,ANE,EN,Federal Contract Tower,0,22,7,0,29,0,265,95,0,360,0,287,102,0,389,60,0,60,449
10/09/2000,HYA,MA,ANE,EN,Federal Contract Tower,0,144,46,0,190,0,203,4,0,207,0,347,50,0,397,8,0,8,405
10/10/2000,HYA,MA,ANE,EN,Federal Contract Tower,0,30,10,0,40,0,263,66,0,329,0,293,76,0,369,12,0,12,381
10/11/2000,HYA,MA,ANE,EN,Federal Contract Tower,0,16,6,0,22,0,247,52,0,299,0,263,58,0,321,36,0,36,357
10/12/2000,HYA,MA,ANE,EN,Federal Contract Tower,0,18,6,0,24,0,263,98,0,361,0,281,104,0,385,28,0,28,413
10/13/2000,HYA,MA,ANE,EN,Federal Contract Tower,0,29,10,0,39,0,282,115,0,397,0,311,125,0,436,26,0,26,462
10/14/2000,HYA,MA,ANE,EN,Federal Contract Tower,0,23,8,0,31,0,197,126,0,323,0,220,134,0,354,30,2,32,386
10/15/2000,HYA,MA,ANE,EN,Federal Contract Tower,0,21,7,0,28,0,262,76,0,338,0,283,83,0,366,20,0,20,386
10/16/2000,HYA,MA,ANE,EN,Federal Contract Tower,0,26,9,0,35,0,242,31,0,273,0,268,40,0,308,36,6,42,350
10/17/2000,HYA,MA,ANE,EN,Federal Contract Tower,0,36,12,0,48,0,221,27,0,248,0,257,39,0,296,20,0,20,316
10/18/2000,HYA,MA,ANE,EN,Federal Contract Tower,0,39,13,0,52,0,166,14,0,180,0,205,27,0,232,2,0,2,234
10/19/2000,HYA,MA,ANE,EN,Federal Contract Tower,0,49,14,0,63,0,242,44,0,286,0,291,58,0,349,18,0,18,367
10/20/2000,HYA,MA,ANE,EN,Federal Contract Tower,0,25,7,0,32,0,276,134,0,410,0,301,141,0,442,66,0,66,508
10/21/2000,HYA,MA,ANE,EN,Federal Contract Tower,0,17,4,0,21,0,169,66,0,235,0,186,70,0,256,16,0,16,272
10/22/2000,HYA,MA,ANE,EN,Federal Contract Tower,0,20,6,0,26,0,267,90,0,357,0,287,96,0,383,22,0,22,405
10/23/2000,HYA,MA,ANE,EN,Federal Contract Tower,0,22,6,0,28,0,291,82,0,373,0,313,88,0,401,44,0,44,445
10/24/2000,HYA,MA,ANE,EN,Federal Contract Tower,0,14,4,0,18,0,216,51,0,267,0,230,55,0,285,50,0,50,335
10/25/2000,HYA,MA,ANE,EN,Federal Contract Tower,0,22,6,0,28,0,249,92,0,341,0,271,98,0,369,48,0,48,417
10/26/2000,HYA,MA,ANE,EN,Federal Contract Tower,0,98,30,0,128,0,55,60,0,115,0,153,90,0,243,48,0,48,291
10/27/2000,HYA,MA,ANE,EN,Federal Contract Tower,0,109,33,0,142,0,172,32,0,204,0,281,65,0,346,16,0,16,362
10/28/2000,HYA,MA,ANE,EN,Federal Contract Tower,0,14,4,0,18,0,188,11,0,199,0,202,15,0,217,8,0,8,225
10/29/2000,HYA,MA,ANE,EN,Federal Contract Tower,0,30,9,0,39,0,205,41,0,246,0,235,50,0,285,16,0,16,301
10/30/2000,HYA,MA,ANE,EN,Federal Contract Tower,0,113,20,0,133,0,175,0,0,175,0,288,20,0,308,24,0,24,332
10/31/2000,HYA,MA,ANE,EN,Federal Contract Tower,0,144,8,0,152,0,91,0,0,91,0,235,8,0,243,0,0,0,243
11/01/2000,HYA,MA,ANE,EN,Federal Contract Tower,0,79,18,0,97,0,179,0,1,180,0,258,18,1,277,0,0,0,277
11/02/2000,HYA,MA,ANE,EN,Federal Contract Tower,0,12,3,0,15,0,257,37,9,303,0,269,40,9,318,2,8,10,328
11/03/2000,HYA,MA,ANE,EN,Federal Contract Tower,0,20,5,0,25,0,272,95,2,369,0,292,100,2,394,40,0,40,434
11/04/2000,HYA,MA,ANE,EN,Federal Contract Tower,0,14,4,0,18,0,235,94,0,329,0,249,98,0,347,30,0,30,377
11/05/2000,HYA,MA,ANE,EN,Federal Contract Tower,0,100,23,0,123,0,120,17,0,137,0,220,40,0,260,8,0,8,268
11/06/2000,HYA,MA,ANE,EN,Federal Contract Tower,0,30,7,0,37,0,203,36,0,239,0,233,43,0,276,28,0,28,304
11/07/2000,HYA,MA,ANE,EN,Federal Contract Tower,0,17,4,0,21,0,218,40,0,258,0,235,44,0,279,24,0,24,303
11/08/2000,HYA,MA,ANE,EN,Federal Contract Tower,0,91,21,0,112,0,121,11,0,132,0,212,32,0,244,0,0,0,244
11/09/2000,HYA,MA,ANE,EN,Federal Contract Tower,0,65,15,0,80,0,186,13,0,199,0,251,28,0,279,10,4,14,293
11/10/2000,HYA,MA,ANE,EN,Federal Contract Tower,0,225,14,0,239,0,36,0,0,36,0,261,14,0,275,0,0,0,275
11/11/2000,HYA,MA,ANE,EN,Federal Contract Tower,0,122,15,0,137,0,13,0,0,13,0,135,15,0,150,0,0,0,150
11/12/2000,HYA,MA,ANE,EN,Federal Contract Tower,0,40,10,0,50,0,170,42,0,212,0,210,52,0,262,8,0,8,270
11/13/2000,HYA,MA,ANE,EN,Federal Contract Tower,0,27,6,0,33,0,221,42,0,263,0,248,48,0,296,36,0,36,332
11/14/2000,HYA,MA,ANE,EN,Federal Contract Tower,0,97,22,0,119,0,113,5,0,118,0,210,27,0,237,2,0,2,239
11/15/2000,HYA,MA,ANE,EN,Federal Contract Tower,0,18,5,0,23,0,206,47,0,253,0,224,52,0,276,25,0,25,301
11/16/2000,HYA,MA,ANE,EN,Federal Contract Tower,0,26,6,0,32,0,252,74,0,326,0,278,80,0,358,46,2,48,406
11/17/2000,HYA,MA,ANE,EN,Federal Contract Tower,0,33,7,0,40,0,243,74,0,317,0,276,81,0,357,38,0,38,395
11/18/2000,HYA,MA,ANE,EN,Federal Contract Tower,0,18,3,0,21,0,196,57,0,253,0,214,60,0,274,36,2,38,312
11/19/2000,HYA,MA,ANE,EN,Federal Contract Tower,0,32,6,0,38,0,229,70,0,299,0,261,76,0,337,32,0,32,369
11/20/2000,HYA,MA,ANE,EN,Federal Contract Tower,0,23,5,0,28,0,245,56,0,301,0,268,61,0,329,8,0,8,337
11/21/2000,HYA,MA,ANE,EN,Federal Contract Tower,0,25,5,0,30,0,255,69,0,324,0,280,74,0,354,24,0,24,378
11/22/2000,HYA,MA,ANE,EN,Federal Contract Tower,0,28,5,0,33,0,312,79,0,391,0,340,84,0,424,28,4,32,456
11/23/2000,HYA,MA,ANE,EN,Federal Contract Tower,0,17,3,0,20,0,137,15,0,152,0,154,18,0,172,0,0,0,172
11/24/2000,HYA,MA,ANE,EN,Federal Contract Tower,0,18,3,0,21,0,197,96,0,293,0,215,99,0,314,12,0,12,326
11/25/2000,HYA,MA,ANE,EN,Federal Contract Tower,0,16,3,0,19,0,209,98,3,310,0,225,101,3,329,14,0,14,343
11/26/2000,HYA,MA,ANE,EN,Federal Contract Tower,0,142,31,0,173,0,161,21,0,182,0,303,52,0,355,6,0,6,361
11/27/2000,HYA,MA,ANE,EN,Federal Contract Tower,0,89,19,0,108,0,201,20,0,221,0,290,39,0,329,12,0,12,341
11/28/2000,HYA,MA,ANE,EN,Federal Contract Tower,0,22,4,0,26,0,218,74,0,292,0,240,78,0,318,34,0,34,352
11/29/2000,HYA,MA,ANE,EN,Federal Contract Tower,0,22,4,0,26,0,191,87,1,279,0,213,91,1,305,16,4,20,325
11/30/2000,HYA,MA,ANE,EN,Federal Contract Tower,0,64,13,0,77,0,205,21,0,226,0,269,34,0,303,8,2,10,313
12/01/2000,HYA,MA,ANE,EN,Federal Contract Tower,0,16,4,0,20,0,452,91,0,543,0,468,95,0,563,26,4,30,593
12/02/2000,HYA,MA,ANE,EN,Federal Contract Tower,0,11,3,0,14,0,284,62,0,346,0,295,65,0,360,20,0,20,380
12/03/2000,HYA,MA,ANE,EN,Federal Contract Tower,0,9,2,0,11,0,445,122,0,567,0,454,124,0,578,24,0,24,602
12/04/2000,HYA,MA,ANE,EN,Federal Contract Tower,0,24,5,0,29,0,270,89,0,359,0,294,94,0,388,36,0,36,424
12/05/2000,HYA,MA,ANE,EN,Federal Contract Tower,0,10,3,0,13,0,203,76,0,279,0,213,79,0,292,46,0,46,338
12/06/2000,HYA,MA,ANE,EN,Federal Contract Tower,0,10,3,0,13,0,212,55,0,267,0,222,58,0,280,20,0,20,300
12/07/2000,HYA,MA,ANE,EN,Federal Contract Tower,0,13,3,0,16,0,227,42,0,269,0,240,45,0,285,44,2,46,331
12/08/2000,HYA,MA,ANE,EN,Federal Contract Tower,0,147,17,0,164,0,107,0,0,107,0,254,17,0,271,2,0,2,273
12/09/2000,HYA,MA,ANE,EN,Federal Contract Tower,0,16,3,0,19,0,134,62,0,196,0,150,65,0,215,30,6,36,251
12/10/2000,HYA,MA,ANE,EN,Federal Contract Tower,0,13,3,0,16,0,162,96,0,258,0,175,99,0,274,36,0,36,310
12/11/2000,HYA,MA,ANE,EN,Federal Contract Tower,0,99,19,0,118,0,44,10,0,54,0,143,29,0,172,0,0,0,172
12/12/2000,HYA,MA,ANE,EN,Federal Contract Tower,0,51,10,0,61,0,57,4,0,61,0,108,14,0,122,0,0,0,122
12/13/2000,HYA,MA,ANE,EN,Federal Contract Tower,0,14,3,0,17,0,158,104,0,262,0,172,107,0,279,30,0,30,309
12/14/2000,HYA,MA,ANE,EN,Federal Contract Tower,0,146,9,0,155,0,75,0,0,75,0,221,9,0,230,0,0,0,230
12/15/2000,HYA,MA,ANE,EN,Federal Contract Tower,0,24,4,0,28,0,252,72,0,324,0,276,76,0,352,18,2,20,372
12/16/2000,HYA,MA,ANE,EN,Federal Contract Tower,0,28,5,0,33,0,195,29,0,224,0,223,34,0,257,6,2,8,265
12/17/2000,HYA,MA,ANE,EN,Federal Contract Tower,0,49,9,0,58,0,83,2,0,85,0,132,11,0,143,0,0,0,143
12/18/2000,HYA,MA,ANE,EN,Federal Contract Tower,0,17,2,0,19,0,290,25,0,315,0,307,27,0,334,22,2,24,358
12/19/2000,HYA,MA,ANE,EN,Federal Contract Tower,0,40,7,0,47,0,247,74,0,321,0,287,81,0,368,30,0,30,398
12/20/2000,HYA,MA,ANE,EN,Federal Contract Tower,0,67,12,0,79,0,143,2,0,145,0,210,14,0,224,14,2,16,240
12/21/2000,HYA,MA,ANE,EN,Federal Contract Tower,0,14,2,0,16,0,271,93,0,364,0,285,95,0,380,38,0,38,418
12/22/2000,HYA,MA,ANE,EN,Federal Contract Tower,0,164,9,0,173,0,65,0,0,65,0,229,9,0,238,0,0,0,238
12/23/2000,HYA,MA,ANE,EN,Federal Contract Tower,0,7,1,0,8,0,178,44,0,222,0,185,45,0,230,12,0,12,242
12/24/2000,HYA,MA,ANE,EN,Federal Contract Tower,0,10,1,0,11,0,191,27,0,218,0,201,28,0,229,20,0,20,249
12/25/2000,HYA,MA,ANE,EN,Federal Contract Tower,0,9,1,0,10,0,141,0,0,141,0,150,1,0,151,0,0,0,151
12/26/2000,HYA,MA,ANE,EN,Federal Contract Tower,0,14,2,0,16,0,256,52,0,308,0,270,54,0,324,4,0,4,328
12/27/2000,HYA,MA,ANE,EN,Federal Contract Tower,0,14,2,0,16,0,229,39,0,268,0,243,41,0,284,8,0,8,292
12/28/2000,HYA,MA,ANE,EN,Federal Contract Tower,0,8,1,0,9,0,268,54,0,322,0,276,55,0,331,70,0,70,401
12/29/2000,HYA,MA,ANE,EN,Federal Contract Tower,0,23,4,0,27,0,279,75,0,354,0,302,79,0,381,26,0,26,407
12/30/2000,HYA,MA,ANE,EN,Federal Contract Tower,0,34,6,0,40,0,74,8,0,82,0,108,14,0,122,8,0,8,130
12/31/2000,HYA,MA,ANE,EN,Federal Contract Tower,0,10,1,0,11,0,128,3,0,131,0,138,4,0,142,0,4,4,146
01/01/2001,HYA,MA,ANE,EN,Federal Contract Tower,0,12,3,0,15,0,189,44,0,233,0,201,47,0,248,18,0,18,266
01/02/2001,HYA,MA,ANE,EN,Federal Contract Tower,0,21,6,0,27,0,193,62,0,255,0,214,68,0,282,10,0,10,292
01/03/2001,HYA,MA,ANE,EN,Federal Contract Tower,0,9,3,0,12,0,195,52,0,247,0,204,55,0,259,30,0,30,289
01/04/2001,HYA,MA,ANE,EN,Federal Contract Tower,0,15,4,0,19,0,214,37,0,251,0,229,41,0,270,14,2,16,286
01/05/2001,HYA,MA,ANE,EN,Federal Contract Tower,0,28,6,0,34,0,249,48,2,299,0,277,54,2,333,12,6,18,351
01/06/2001,HYA,MA,ANE,EN,Federal Contract Tower,0,121,23,0,144,0,3,0,0,3,0,124,23,0,147,0,0,0,147
01/07/2001,HYA,MA,ANE,EN,Federal Contract Tower,0,14,3,0,17,0,151,102,0,253,0,165,105,0,270,46,0,46,316
01/08/2001,HYA,MA,ANE,EN,Federal Contract Tower,0,82,17,0,99,0,195,13,0,208,0,277,30,0,307,20,0,20,327
01/09/2001,HYA,MA,ANE,EN,Federal Contract Tower,0,130,9,0,139,0,70,0,0,70,0,200,9,0,209,0,0,0,209
01/10/2001,HYA,MA,ANE,EN,Federal Contract Tower,0,17,4,0,21,0,201,40,0,241,0,218,44,0,262,14,0,14,276
01/11/2001,HYA,MA,ANE,EN,Federal Contract Tower,0,10,3,0,13,0,229,36,4,269,0,239,39,4,282,18,6,24,306
01/12/2001,HYA,MA,ANE,EN,Federal Contract Tower,0,9,2,0,11,0,277,83,0,360,0,286,85,0,371,24,0,24,395
01/13/2001,HYA,MA,ANE,EN,Federal Contract Tower,0,7,2,0,9,0,153,98,0,251,0,160,100,0,260,16,0,16,276
01/14/2001,HYA,MA,ANE,EN,Federal Contract Tower,0,15,3,0,18,0,218,124,0,342,0,233,127,0,360,68,0,68,428
01/15/2001,HYA,MA,ANE,EN,Federal Contract Tower,0,116,12,0,128,0,59,0,0,59,0,175,12,0,187,0,0,0,187
01/16/2001,HYA,MA,ANE,EN,Federal Contract Tower,0,102,10,0,112,0,106,0,0,106,0,208,10,0,218,12,0,12,230
01/17/2001,HYA,MA,ANE,EN,Federal Contract Tower,0,9,1,0,10,0,192,52,0,244,0,201,53,0,254,30,4,34,288
01/18/2001,HYA,MA,ANE,EN,Federal Contract Tower,0,30,6,0,36,0,197,57,3,257,0,227,63,3,293,36,10,46,339
01/19/2001,HYA,MA,ANE,EN,Federal Contract Tower,0,195,8,0,203,0,31,0,0,31,0,226,8,0,234,0,0,0,234
01/20/2001,HYA,MA,ANE,EN,Federal Contract Tower,0,105,11,0,116,0,0,0,0,0,0,105,11,0,116,0,0,0,116
01/21/2001,HYA,MA,ANE,EN,Federal Contract Tower,0,7,1,0,8,0,22,2,0,24,0,29,3,0,32,0,0,0,32
01/22/2001,HYA,MA,ANE,EN,Federal Contract Tower,0,15,3,0,18,0,225,43,0,268,0,240,46,0,286,0,8,8,294
01/23/2001,HYA,MA,ANE,EN,Federal Contract Tower,0,9,1,0,10,0,201,39,0,240,0,210,40,0,250,26,2,28,278
01/24/2001,HYA,MA,ANE,EN,Federal Contract Tower,0,11,2,0,13,0,193,48,0,241,0,204,50,0,254,40,0,40,294
01/25/2001,HYA,MA,ANE,EN,Federal Contract Tower,0,12,2,0,14,0,208,57,0,265,0,220,59,0,279,18,2,20,299
01/26/2001,HYA,MA,ANE,EN,Federal Contract Tower,0,16,3,0,19,0,239,86,2,327,0,255,89,2,346,20,2,22,368
01/27/2001,HYA,MA,ANE,EN,Federal Contract Tower,0,39,7,0,46,0,94,19,0,113,0,133,26,0,159,16,0,16,175
01/28/2001,HYA,MA,ANE,EN,Federal Contract Tower,0,10,1,0,11,0,110,70,0,180,0,120,71,0,191,2,0,2,193
01/29/2001,HYA,MA,ANE,EN,Federal Contract Tower,0,11,2,0,13,0,211,63,0,274,0,222,65,0,287,20,0,20,307
01/30/2001,HYA,MA,ANE,EN,Federal Contract Tower,0,64,7,0,71,0,135,0,0,135,0,199,7,0,206,0,0,0,206
01/31/2001,HYA,MA,ANE,EN,Federal Contract Tower,0,23,4,0,27,0,179,50,0,229,0,202,54,0,256,6,0,6,262
02/01/2001,HYA,MA,ANE,EN,Federal Contract Tower,0,14,3,0,17,0,199,54,0,253,0,213,57,0,270,6,0,6,276
02/02/2001,HYA,MA,ANE,EN,Federal Contract Tower,0,10,2,0,12,0,221,38,0,259,0,231,40,0,271,4,2,6,277
02/03/2001,HYA,MA,ANE,EN,Federal Contract Tower,0,8,2,0,10,0,132,50,0,182,0,140,52,0,192,14,0,14,206
02/04/2001,HYA,MA,ANE,EN,Federal Contract Tower,0,9,2,0,11,0,161,63,0,224,0,170,65,0,235,24,2,26,261
02/05/2001,HYA,MA,ANE,EN,Federal Contract Tower,0,66,11,0,77,0,144,0,0,144,0,210,11,0,221,0,0,0,221
02/06/2001,HYA,MA,ANE,EN,Federal Contract Tower,0,10,3,0,13,0,189,23,0,212,0,199,26,0,225,0,0,0,225
02/07/2001,HYA,MA,ANE,EN,Federal Contract Tower,0,5,2,0,7,0,245,51,0,296,0,250,53,0,303,22,0,22,325
02/08/2001,HYA,MA,ANE,EN,Federal Contract Tower,0,18,5,0,23,0,214,36,0,250,0,232,41,0,273,18,2,20,293
02/09/2001,HYA,MA,ANE,EN,Federal Contract Tower,0,89,10,0,99,0,205,0,0,205,0,294,10,0,304,4,0,4,308
02/10/2001,HYA,MA,ANE,EN,Federal Contract Tower,0,29,7,0,36,0,132,10,0,142,0,161,17,0,178,0,0,0,178
02/11/2001,HYA,MA,ANE,EN,Federal Contract Tower,0,12,3,0,15,0,158,30,0,188,0,170,33,0,203,14,6,20,223
02/12/2001,HYA,MA,ANE,EN,Federal Contract Tower,0,23,5,0,28,0,215,60,0,275,0,238,65,0,303,20,2,22,325
02/13/2001,HYA,MA,ANE,EN,Federal Contract Tower,0,84,18,0,102,0,134,35,0,169,0,218,53,0,271,30,0,30,301
02/14/2001,HYA,MA,ANE,EN,Federal Contract Tower,0,22,5,0,27,0,209,53,0,262,0,231,58,0,289,18,0,18,307
02/15/2001,HYA,MA,ANE,EN,Federal Contract Tower,0,53,10,0,63,0,216,11,0,227,0,269,21,0,290,14,0,14,304
02/16/2001,HYA,MA,ANE,EN,Federal Contract Tower,0,38,8,0,46,0,241,37,0,278,0,279,45,0,324,18,0,18,342
02/17/2001,HYA,MA,ANE,EN,Federal Contract Tower,0,27,5,0,32,0,154,14,0,168,0,181,19,0,200,6,0,6,206
02/18/2001,HYA,MA,ANE,EN,Federal Contract Tower,0,12,2,0,14,0,189,69,0,258,0,201,71,0,272,34,0,34,306
02/19/2001,HYA,MA,ANE,EN,Federal Contract Tower,0,21,4,0,25,0,263,66,0,329,0,284,70,0,354,28,0,28,382
02/20/2001,HYA,MA,ANE,EN,Federal Contract Tower,0,14,2,0,16,0,215,47,0,262,0,229,49,0,278,16,0,16,294
02/21/2001,HYA,MA,ANE,EN,Federal Contract Tower,0,8,1,0,9,0,232,35,0,267,0,240,36,0,276,40,0,40,316
02/22/2001,HYA,MA,ANE,EN,Federal Contract Tower,0,13,2,0,15,2,214,26,0,242,2,227,28,0,257,34,0,34,291
02/23/2001,HYA,MA,ANE,EN,Federal Contract Tower,0,67,14,0,81,0,146,1,0,147,0,213,15,0,228,4,0,4,232
02/24/2001,HYA,MA,ANE,EN,Federal Contract Tower,0,15,2,0,17,0,192,127,0,319,0,207,129,0,336,22,2,24,360
02/25/2001,HYA,MA,ANE,EN,Federal Contract Tower,0,41,6,0,47,0,20,0,0,20,0,61,6,0,67,2,0,2,69
02/26/2001,HYA,MA,ANE,EN,Federal Contract Tower,0,43,8,0,51,0,204,18,0,222,0,247,26,0,273,64,0,64,337
02/27/2001,HYA,MA,ANE,EN,Federal Contract Tower,0,6,1,0,7,0,209,26,0,235,0,215,27,0,242,40,0,40,282
02/28/2001,HYA,MA,ANE,EN,Federal Contract Tower,0,28,5,0,33,0,194,63,0,257,0,222,68,0,290,36,0,36,326
03/01/2001,HYA,MA,ANE,EN,Federal Contract Tower,0,16,4,0,20,0,232,47,0,279,0,248,51,0,299,12,0,12,311
03/02/2001,HYA,MA,ANE,EN,Federal Contract Tower,0,125,16,0,141,0,142,0,0,142,0,267,16,0,283,0,0,0,283
03/03/2001,HYA,MA,ANE,EN,Federal Contract Tower,0,52,13,0,65,0,164,13,0,177,0,216,26,0,242,22,0,22,264
03/04/2001,HYA,MA,ANE,EN,Federal Contract Tower,0,12,3,0,15,0,181,12,0,193,0,193,15,0,208,4,0,4,212
03/05/2001,HYA,MA,ANE,EN,Federal Contract Tower,0,8,2,0,10,0,18,0,0,18,0,26,2,0,28,0,0,0,28
03/06/2001,HYA,MA,ANE,EN,Federal Contract Tower,0,10,0,0,10,0,0,0,0,0,0,10,0,0,10,0,0,0,10
03/07/2001,HYA,MA,ANE,EN,Federal Contract Tower,0,16,4,0,20,0,149,2,0,151,0,165,6,0,171,2,0,2,173
03/08/2001,HYA,MA,ANE,EN,Federal Contract Tower,0,16,4,0,20,0,213,38,2,253,0,229,42,2,273,8,4,12,285
03/09/2001,HYA,MA,ANE,EN,Federal Contract Tower,0,123,29,0,152,0,98,4,0,102,0,221,33,0,254,2,0,2,256
03/10/2001,HYA,MA,ANE,EN,Federal Contract Tower,0,37,9,0,46,0,108,12,0,120,0,145,21,0,166,2,0,2,168
03/11/2001,HYA,MA,ANE,EN,Federal Contract Tower,0,11,3,0,14,0,121,64,0,185,0,132,67,0,199,10,0,10,209
03/12/2001,HYA,MA,ANE,EN,Federal Contract Tower,0,22,6,0,28,0,240,80,0,320,0,262,86,0,348,26,2,28,376
03/13/2001,HYA,MA,ANE,EN,Federal Contract Tower,0,82,6,0,88,0,13,0,0,13,0,95,6,0,101,0,0,0,101
03/14/2001,HYA,MA,ANE,EN,Federal Contract Tower,0,56,14,0,70,0,194,22,0,216,0,250,36,0,286,4,0,4,290
03/15/2001,HYA,MA,ANE,EN,Federal Contract Tower,0,26,6,0,32,0,256,80,0,336,0,282,86,0,368,12,0,12,380
03/16/2001,HYA,MA,ANE,EN,Federal Contract Tower,0,15,4,0,19,0,277,75,0,352,0,292,79,0,371,12,0,12,383
03/17/2001,HYA,MA,ANE,EN,Federal Contract Tower,0,12,3,0,15,0,173,62,0,235,0,185,65,0,250,18,2,20,270
03/18/2001,HYA,MA,ANE,EN,Federal Contract Tower,0,50,11,0,61,0,141,36,0,177,0,191,47,0,238,38,0,38,276
03/19/2001,HYA,MA,ANE,EN,Federal Contract Tower,0,19,4,0,23,0,253,53,0,306,0,272,57,0,329,28,0,28,357
03/20/2001,HYA,MA,ANE,EN,Federal Contract Tower,0,11,2,0,13,0,222,65,0,287,0,233,67,0,300,54,0,54,354
03/21/2001,HYA,MA,ANE,EN,Federal Contract Tower,0,35,8,0,43,0,202,13,0,215,0,237,21,0,258,0,0,0,258
03/22/2001,HYA,MA,ANE,EN,Federal Contract Tower,0,36,8,0,44,0,0,2,0,2,0,36,10,0,46,0,0,0,46
03/23/2001,HYA,MA,ANE,EN,Federal Contract Tower,0,36,8,0,44,0,259,29,0,288,0,295,37,0,332,32,0,32,364
03/24/2001,HYA,MA,ANE,EN,Federal Contract Tower,0,11,2,0,13,0,159,24,0,183,0,170,26,0,196,10,0,10,206
03/25/2001,HYA,MA,ANE,EN,Federal Contract Tower,0,27,6,0,33,0,165,75,0,240,0,192,81,0,273,16,0,16,289
03/26/2001,HYA,MA,ANE,EN,Federal Contract Tower,0,38,8,0,46,0,242,29,0,271,0,280,37,0,317,30,0,30,347
03/27/2001,HYA,MA,ANE,EN,Federal Contract Tower,0,16,3,0,19,0,215,43,0,258,0,231,46,0,277,32,0,32,309
03/28/2001,HYA,MA,ANE,EN,Federal Contract Tower,0,11,2,0,13,0,229,51,0,280,0,240,53,0,293,52,4,56,349
03/29/2001,HYA,MA,ANE,EN,Federal Contract Tower,0,13,2,0,15,0,261,63,0,324,0,274,65,0,339,28,0,28,367
03/30/2001,HYA,MA,ANE,EN,Federal Contract Tower,0,63,0,0,63,0,14,0,0,14,0,77,0,0,77,0,0,0,77
03/31/2001,HYA,MA,ANE,EN,Federal Contract Tower,0,22,4,0,26,0,199,18,0,217,0,221,22,0,243,6,0,6,249
04/01/2001,HYA,MA,ANE,EN,Federal Contract Tower,0,87,21,0,108,0,84,1,0,85,0,171,22,0,193,8,0,8,201
04/02/2001,HYA,MA,ANE,EN,Federal Contract Tower,0,39,9,0,48,0,201,28,0,229,0,240,37,0,277,16,0,16,293
04/03/2001,HYA,MA,ANE,EN,Federal Contract Tower,0,14,4,0,18,0,242,40,0,282,0,256,44,0,300,32,0,32,332
04/04/2001,HYA,MA,ANE,EN,Federal Contract Tower,0,13,4,0,17,0,261,64,0,325,0,274,68,0,342,32,0,32,374
04/05/2001,HYA,MA,ANE,EN,Federal Contract Tower,0,13,4,0,17,0,306,106,0,412,0,319,110,0,429,23,0,23,452
04/06/2001,HYA,MA,ANE,EN,Federal Contract Tower,0,91,22,0,113,0,212,28,0,240,0,303,50,0,353,28,0,28,381
04/07/2001,HYA,MA,ANE,EN,Federal Contract Tower,0,36,9,0,45,0,188,43,0,231,0,224,52,0,276,38,0,38,314
04/08/2001,HYA,MA,ANE,EN,Federal Contract Tower,0,114,20,0,134,0,54,0,0,54,0,168,20,0,188,14,6,20,208
04/09/2001,HYA,MA,ANE,EN,Federal Contract Tower,0,97,23,0,120,0,196,52,0,248,0,293,75,0,368,42,0,42,410
04/10/2001,HYA,MA,ANE,EN,Federal Contract Tower,0,18,5,0,23,0,255,54,0,309,0,273,59,0,332,22,0,22,354
04/11/2001,HYA,MA,ANE,EN,Federal Contract Tower,0,15,4,0,19,0,256,47,0,303,0,271,51,0,322,34,0,34,356
04/12/2001,HYA,MA,ANE,EN,Federal Contract Tower,0,126,11,0,137,0,39,0,0,39,0,165,11,0,176,0,0,0,176
04/13/2001,HYA,MA,ANE,EN,Federal Contract Tower,0,192,43,1,236,0,80,3,2,85,0,272,46,3,321,2,0,2,323
04/14/2001,HYA,MA,ANE,EN,Federal Contract Tower,0,17,3,0,20,0,232,69,0,301,0,249,72,0,321,8,2,10,331
04/15/2001,HYA,MA,ANE,EN,Federal Contract Tower,0,17,4,0,21,0,185,54,0,239,0,202,58,0,260,16,2,18,278
04/16/2001,HYA,MA,ANE,EN,Federal Contract Tower,0,35,7,0,42,0,290,87,0,377,0,325,94,0,419,16,0,16,435
04/17/2001,HYA,MA,ANE,EN,Federal Contract Tower,0,147,33,0,180,0,160,18,0,178,0,307,51,0,358,4,0,4,362
04/18/2001,HYA,MA,ANE,EN,Federal Contract Tower,0,98,11,0,109,0,105,0,0,105,0,203,11,0,214,0,0,0,214
04/19/2001,HYA,MA,ANE,EN,Federal Contract Tower,0,22,4,0,26,0,264,91,0,355,0,286,95,0,381,28,0,28,409
04/20/2001,HYA,MA,ANE,EN,Federal Contract Tower,0,35,7,0,42,0,339,84,0,423,0,374,91,0,465,22,0,22,487
04/21/2001,HYA,MA,ANE,EN,Federal Contract Tower,0,114,26,0,140,0,82,37,0,119,0,196,63,0,259,2,0,2,261
04/22/2001,HYA,MA,ANE,EN,Federal Contract Tower,0,49,10,0,59,0,180,63,0,243,0,229,73,0,302,20,0,20,322
04/23/2001,HYA,MA,ANE,EN,Federal Contract Tower,0,22,4,0,26,0,286,72,0,358,0,308,76,0,384,30,0,30,414
04/24/2001,HYA,MA,ANE,EN,Federal Contract Tower,0,117,26,0,143,0,233,12,0,245,0,350,38,0,388,20,0,20,408
04/25/2001,HYA,MA,ANE,EN,Federal Contract Tower,0,24,5,0,29,0,277,55,0,332,0,301,60,0,361,46,0,46,407
04/26/2001,HYA,MA,ANE,EN,Federal Contract Tower,0,22,5,0,27,0,312,44,5,361,0,334,49,5,388,28,6,34,422
04/27/2001,HYA,MA,ANE,EN,Federal Contract Tower,0,30,6,0,36,0,450,102,4,556,0,480,108,4,592,24,0,24,616
04/28/2001,HYA,MA,ANE,EN,Federal Contract Tower,0,23,5,0,28,0,214,57,0,271,0,237,62,0,299,22,0,22,321
04/29/2001,HYA,MA,ANE,EN,Federal Contract Tower,0,18,4,0,22,0,410,126,0,536,0,428,130,0,558,52,0,52,610
04/30/2001,HYA,MA,ANE,EN,Federal Contract Tower,0,22,4,0,26,0,351,98,0,449,0,373,102,0,475,68,0,68,543
05/01/2001,HYA,MA,ANE,EN,Federal Contract Tower,0,14,3,0,17,0,316,82,2,400,0,330,85,2,417,18,0,18,435
05/02/2001,HYA,MA,ANE,EN,Federal Contract Tower,0,21,4,0,25,0,286,60,2,348,0,307,64,2,373,38,0,38,411
05/03/2001,HYA,MA,ANE,EN,Federal Contract Tower,0,16,2,0,18,0,298,69,2,369,0,314,71,2,387,70,2,72,459
05/04/2001,HYA,MA,ANE,EN,Federal Contract Tower,0,28,6,0,34,0,364,98,0,462,0,392,104,0,496,28,4,32,528
05/05/2001,HYA,MA,ANE,EN,Federal Contract Tower,0,24,6,0,30,0,215,92,0,307,0,239,98,0,337,37,0,37,374
05/06/2001,HYA,MA,ANE,EN,Federal Contract Tower,0,18,12,0,30,0,223,84,0,307,0,241,96,0,337,40,0,40,377
05/07/2001,HYA,MA,ANE,EN,Federal Contract Tower,0,27,7,0,34,0,294,88,0,382,0,321,95,0,416,34,6,40,456
05/08/2001,HYA,MA,ANE,EN,Federal Contract Tower,0,19,4,0,23,0,273,148,0,421,0,292,152,0,444,32,6,38,482
05/09/2001,HYA,MA,ANE,EN,Federal Contract Tower,0,21,5,0,26,0,276,92,2,370,0,297,97,2,396,60,2,62,458
05/10/2001,HYA,MA,ANE,EN,Federal Contract Tower,0,17,9,0,26,0,281,66,0,347,0,298,75,0,373,8,2,10,383
05/11/2001,HYA,MA,ANE,EN,Federal Contract Tower,0,27,7,0,34,0,389,132,6,527,0,416,139,6,561,42,0,42,603
05/12/2001,HYA,MA,ANE,EN,Federal Contract Tower,0,19,15,0,34,0,213,73,0,286,0,232,88,0,320,22,0,22,342
05/13/2001,HYA,MA,ANE,EN,Federal Contract Tower,0,25,8,0,33,0,296,94,7,397,0,321,102,7,430,10,0,10,440
05/14/2001,HYA,MA,ANE,EN,Federal Contract Tower,0,19,6,0,25,0,273,73,2,348,0,292,79,2,373,26,2,28,401
05/15/2001,HYA,MA,ANE,EN,Federal Contract Tower,0,99,31,0,130,0,220,33,0,253,0,319,64,0,383,24,0,24,407
05/16/2001,HYA,MA,ANE,EN,Federal Contract Tower,0,172,22,0,194,0,126,0,0,126,0,298,22,0,320,2,0,2,322
05/17/2001,HYA,MA,ANE,EN,Federal Contract Tower,0,25,8,0,33,0,273,58,0,331,0,298,66,0,364,50,0,50,414
05/18/2001,HYA,MA,ANE,EN,Federal Contract Tower,0,37,11,0,48,0,382,107,4,493,0,419,118,4,541,36,0,36,577
05/19/2001,HYA,MA,ANE,EN,Federal Contract Tower,0,91,29,0,120,0,190,68,0,258,0,281,97,0,378,62,0,62,440
05/20/2001,HYA,MA,ANE,EN,Federal Contract Tower,0,75,23,0,98,0,294,110,0,404,0,369,133,0,502,38,0,38,540
05/21/2001,HYA,MA,ANE,EN,Federal Contract Tower,0,146,46,0,192,0,255,52,0,307,0,401,98,0,499,52,0,52,551
05/22/2001,HYA,MA,ANE,EN,Federal Contract Tower,0,209,15,0,224,0,51,0,0,51,0,260,15,0,275,12,0,12,287
05/23/2001,HYA,MA,ANE,EN,Federal Contract Tower,0,38,11,0,49,0,257,36,0,293,0,295,47,0,342,30,0,30,372
05/24/2001,HYA,MA,ANE,EN,Federal Contract Tower,0,147,30,0,177,0,206,0,0,206,0,353,30,0,383,2,4,6,389
05/25/2001,HYA,MA,ANE,EN,Federal Contract Tower,0,70,22,0,92,2,454,172,0,628,2,524,194,0,720,34,0,34,754
05/26/2001,HYA,MA,ANE,EN,Federal Contract Tower,0,31,9,0,40,2,267,129,0,398,2,298,138,0,438,75,0,75,513
05/27/2001,HYA,MA,ANE,EN,Federal Contract Tower,0,111,15,0,126,0,87,0,0,87,0,198,15,0,213,28,0,28,241
05/28/2001,HYA,MA,ANE,EN,Federal Contract Tower,0,150,48,0,198,0,333,54,0,387,0,483,102,0,585,18,0,18,603
05/29/2001,HYA,MA,ANE,EN,Federal Contract Tower,0,28,8,0,36,0,363,210,0,573,0,391,218,0,609,66,2,68,677
05/30/2001,HYA,MA,ANE,EN,Federal Contract Tower,0,33,10,0,43,0,271,101,4,376,0,304,111,4,419,58,0,58,477
05/31/2001,HYA,MA,ANE,EN,Federal Contract Tower,0,26,17,0,43,0,320,68,4,392,0,346,85,4,435,48,4,52,487
06/01/2001,HYA,MA,ANE,EN,Federal Contract Tower,0,34,11,0,45,0,372,143,0,515,0,406,154,0,560,50,0,50,610
06/02/2001,HYA,MA,ANE,EN,Federal Contract Tower,0,72,23,0,95,0,84,19,0,103,0,156,42,0,198,0,0,0,198
06/03/2001,HYA,MA,ANE,EN,Federal Contract Tower,0,129,23,0,152,0,72,0,0,72,0,201,23,0,224,0,0,0,224
06/04/2001,HYA,MA,ANE,EN,Federal Contract Tower,0,39,13,0,52,0,351,85,0,436,0,390,98,0,488,56,0,56,544
06/05/2001,HYA,MA,ANE,EN,Federal Contract Tower,0,19,7,0,26,0,307,139,2,448,0,326,146,2,474,102,2,104,578
06/06/2001,HYA,MA,ANE,EN,Federal Contract Tower,0,21,8,0,29,0,295,120,0,415,0,316,128,0,444,46,0,46,490
06/07/2001,HYA,MA,ANE,EN,Federal Contract Tower,0,28,9,0,37,0,294,115,0,409,0,322,124,0,446,50,0,50,496
06/08/2001,HYA,MA,ANE,EN,Federal Contract Tower,0,37,13,0,50,0,457,153,2,612,0,494,166,2,662,70,0,70,732
06/09/2001,HYA,MA,ANE,EN,Federal Contract Tower,0,29,10,0,39,0,238,243,0,481,0,267,253,0,520,82,4,86,606
06/10/2001,HYA,MA,ANE,EN,Federal Contract Tower,0,39,13,0,52,0,317,135,0,452,0,356,148,0,504,38,8,46,550
06/11/2001,HYA,MA,ANE,EN,Federal Contract Tower,0,40,13,0,53,0,313,71,0,384,0,353,84,0,437,54,6,60,497
06/12/2001,HYA,MA,ANE,EN,Federal Contract Tower,0,235,66,0,301,0,85,0,0,85,0,320,66,0,386,8,0,8,394
06/13/2001,HYA,MA,ANE,EN,Federal Contract Tower,0,92,30,0,122,0,238,53,0,291,0,330,83,0,413,50,0,50,463
06/14/2001,HYA,MA,ANE,EN,Federal Contract Tower,0,176,59,0,235,0,0,17,0,17,0,176,76,0,252,6,0,6,258
06/15/2001,HYA,MA,ANE,EN,Federal Contract Tower,0,151,49,0,200,0,86,39,0,125,0,237,88,0,325,4,0,4,329
06/16/2001,HYA,MA,ANE,EN,Federal Contract Tower,0,135,42,0,177,0,63,25,0,88,0,198,67,0,265,24,0,24,289
06/17/2001,HYA,MA,ANE,EN,Federal Contract Tower,0,161,31,0,192,0,31,0,0,31,0,192,31,0,223,6,0,6,229
06/18/2001,HYA,MA,ANE,EN,Federal Contract Tower,0,37,11,0,48,0,404,139,0,543,0,441,150,0,591,46,0,46,637
06/19/2001,HYA,MA,ANE,EN,Federal Contract Tower,0,26,8,0,34,0,339,132,2,473,0,365,140,2,507,64,0,64,571
06/20/2001,HYA,MA,ANE,EN,Federal Contract Tower,0,38,11,0,49,0,303,93,0,396,0,341,104,0,445,34,0,34,479
06/21/2001,HYA,MA,ANE,EN,Federal Contract Tower,0,144,45,0,189,0,217,38,0,255,0,361,83,0,444,38,2,40,484
06/22/2001,HYA,MA,ANE,EN,Federal Contract Tower,0,154,48,0,202,0,196,48,0,244,0,350,96,0,446,68,0,68,514
06/23/2001,HYA,MA,ANE,EN,Federal Contract Tower,0,271,43,0,314,0,0,0,0,0,0,271,43,0,314,2,0,2,316
06/24/2001,HYA,MA,ANE,EN,Federal Contract Tower,0,277,65,0,342,0,28,0,0,28,0,305,65,0,370,6,0,6,376
06/25/2001,HYA,MA,ANE,EN,Federal Contract Tower,0,154,48,0,202,0,234,90,0,324,0,388,138,0,526,102,0,102,628
06/26/2001,HYA,MA,ANE,EN,Federal Contract Tower,0,44,13,0,57,0,271,107,0,378,0,315,120,0,435,40,6,46,481
06/27/2001,HYA,MA,ANE,EN,Federal Contract Tower,0,32,9,0,41,2,344,93,0,439,2,376,102,0,480,42,8,50,530
06/28/2001,HYA,MA,ANE,EN,Federal Contract Tower,0,44,13,0,57,0,309,91,0,400,0,353,104,0,457,42,0,42,499
06/29/2001,HYA,MA,ANE,EN,Federal Contract Tower,0,43,13,0,56,0,409,185,0,594,0,452,198,0,650,108,0,108,758
06/30/2001,HYA,MA,ANE,EN,Federal Contract Tower,0,193,61,0,254,0,59,36,0,95,0,252,97,0,349,4,0,4,353
07/01/2001,HYA,MA,ANE,EN,Federal Contract Tower,0,138,51,0,189,0,113,24,0,137,0,251,75,0,326,6,0,6,332
07/02/2001,HYA,MA,ANE,EN,Federal Contract Tower,0,27,10,0,37,0,307,91,0,398,0,334,101,0,435,90,2,92,527
07/03/2001,HYA,MA,ANE,EN,Federal Contract Tower,0,33,12,0,45,0,336,146,0,482,0,369,158,0,527,26,0,26,553
07/04/2001,HYA,MA,ANE,EN,Federal Contract Tower,0,80,29,0,109,0,130,53,0,183,0,210,82,0,292,60,0,60,352
07/05/2001,HYA,MA,ANE,EN,Federal Contract Tower,0,199,73,0,272,0,151,28,0,179,0,350,101,0,451,4,0,4,455
07/06/2001,HYA,MA,ANE,EN,Federal Contract Tower,0,52,20,0,72,0,357,123,0,480,0,409,143,0,552,34,0,34,586
07/07/2001,HYA,MA,ANE,EN,Federal Contract Tower,0,31,12,0,43,0,213,114,0,327,0,244,126,0,370,46,0,46,416
07/08/2001,HYA,MA,ANE,EN,Federal Contract Tower,0,66,24,0,90,0,319,81,0,400,0,385,105,0,490,28,2,30,520
07/09/2001,HYA,MA,ANE,EN,Federal Contract Tower,0,198,72,0,270,0,147,38,0,185,0,345,110,0,455,20,4,24,479
07/10/2001,HYA,MA,ANE,EN,Federal Contract Tower,0,176,53,0,229,0,134,0,0,134,0,310,53,0,363,38,0,38,401
07/11/2001,HYA,MA,ANE,EN,Federal Contract Tower,0,88,32,0,120,0,207,4,0,211,0,295,36,0,331,0,2,2,333
07/12/2001,HYA,MA,ANE,EN,Federal Contract Tower,0,38,14,0,52,0,337,114,1,452,0,375,128,1,504,44,0,44,548
07/13/2001,HYA,MA,ANE,EN,Federal Contract Tower,0,46,18,0,64,0,380,173,0,553,0,426,191,0,617,36,2,38,655
07/14/2001,HYA,MA,ANE,EN,Federal Contract Tower,0,31,12,0,43,0,270,137,0,407,0,301,149,0,450,48,0,48,498
07/15/2001,HYA,MA,ANE,EN,Federal Contract Tower,0,52,20,0,72,0,348,126,4,478,0,400,146,4,550,62,4,66,616
07/16/2001,HYA,MA,ANE,EN,Federal Contract Tower,0,47,18,0,65,0,293,132,2,427,0,340,150,2,492,38,0,38,530
07/17/2001,HYA,MA,ANE,EN,Federal Contract Tower,0,215,79,0,294,0,103,4,0,107,0,318,83,0,401,4,0,4,405
07/18/2001,HYA,MA,ANE,EN,Federal Contract Tower,0,152,56,0,208,0,155,31,1,187,0,307,87,1,395,44,2,46,441
07/19/2001,HYA,MA,ANE,EN,Federal Contract Tower,0,74,26,0,100,0,270,71,0,341,0,344,97,0,441,36,6,42,483
07/20/2001,HYA,MA,ANE,EN,Federal Contract Tower,0,52,18,0,70,0,406,195,2,603,0,458,213,2,673,42,2,44,717
07/21/2001,HYA,MA,ANE,EN,Federal Contract Tower,0,28,10,0,38,0,274,125,0,399,0,302,135,0,437,26,0,26,463
07/22/2001,HYA,MA,ANE,EN,Federal Contract Tower,0,45,15,0,60,0,353,121,0,474,0,398,136,0,534,44,2,46,580
07/23/2001,HYA,MA,ANE,EN,Federal Contract Tower,0,160,57,0,217,0,199,68,0,267,0,359,125,0,484,20,2,22,506
07/24/2001,HYA,MA,ANE,EN,Federal Contract Tower,0,244,74,0,318,0,48,0,0,48,0,292,74,0,366,2,0,2,368
07/25/2001,HYA,MA,ANE,EN,Federal Contract Tower,0,116,41,0,157,0,229,44,2,275,0,345,85,2,432,46,0,46,478
07/26/2001,HYA,MA,ANE,EN,Federal Contract Tower,0,232,38,0,270,0,84,0,0,84,0,316,38,0,354,2,0,2,356
07/27/2001,HYA,MA,ANE,EN,Federal Contract Tower,0,52,18,0,70,0,392,173,0,565,0,444,191,0,635,26,0,26,661
07/28/2001,HYA,MA,ANE,EN,Federal Contract Tower,0,28,9,0,37,0,303,167,0,470,0,331,176,0,507,55,0,55,562
07/29/2001,HYA,MA,ANE,EN,Federal Contract Tower,0,49,17,0,66,0,306,114,0,420,0,355,131,0,486,36,2,38,524
07/30/2001,HYA,MA,ANE,EN,Federal Contract Tower,0,34,12,0,46,0,337,118,0,455,0,371,130,0,501,38,4,42,543
07/31/2001,HYA,MA,ANE,EN,Federal Contract Tower,0,45,15,0,60,0,277,82,2,361,0,322,97,2,421,46,2,48,469
08/01/2001,HYA,MA,ANE,EN,Federal Contract Tower,0,39,12,0,51,0,312,94,0,406,0,351,106,0,457,24,0,24,481
08/02/2001,HYA,MA,ANE,EN,Federal Contract Tower,0,51,16,0,67,0,316,105,0,421,0,367,121,0,488,26,2,28,516
08/03/2001,HYA,MA,ANE,EN,Federal Contract Tower,0,56,19,0,75,0,419,114,0,533,0,475,133,0,608,20,2,22,630
08/04/2001,HYA,MA,ANE,EN,Federal Contract Tower,0,98,32,0,130,0,169,12,0,181,0,267,44,0,311,0,0,0,311
08/05/2001,HYA,MA,ANE,EN,Federal Contract Tower,0,273,81,0,354,0,112,0,0,112,0,385,81,0,466,0,0,0,466
08/06/2001,HYA,MA,ANE,EN,Federal Contract Tower,0,231,75,0,306,0,3,56,0,59,0,234,131,0,365,16,0,16,381
08/07/2001,HYA,MA,ANE,EN,Federal Contract Tower,0,183,59,0,242,0,110,18,0,128,0,293,77,0,370,12,0,12,382
08/08/2001,HYA,MA,ANE,EN,Federal Contract Tower,0,89,30,0,119,0,236,59,0,295,0,325,89,0,414,20,0,20,434
08/09/2001,HYA,MA,ANE,EN,Federal Contract Tower,0,149,49,0,198,0,207,62,0,269,0,356,111,0,467,16,0,16,483
08/10/2001,HYA,MA,ANE,EN,Federal Contract Tower,0,291,90,0,381,0,124,0,1,125,0,415,90,1,506,20,1,21,527
08/11/2001,HYA,MA,ANE,EN,Federal Contract Tower,0,142,46,0,188,0,127,23,0,150,0,269,69,0,338,14,0,14,352
08/12/2001,HYA,MA,ANE,EN,Federal Contract Tower,0,257,81,0,338,0,3,0,0,3,0,260,81,0,341,2,0,2,343
08/13/2001,HYA,MA,ANE,EN,Federal Contract Tower,0,285,75,0,360,0,22,0,0,22,0,307,75,0,382,0,0,0,382
08/14/2001,HYA,MA,ANE,EN,Federal Contract Tower,0,220,58,0,278,0,52,0,0,52,0,272,58,0,330,2,0,2,332
08/15/2001,HYA,MA,ANE,EN,Federal Contract Tower,0,63,21,0,84,0,265,109,0,374,0,328,130,0,458,20,2,22,480
08/16/2001,HYA,MA,ANE,EN,Federal Contract Tower,0,62,19,0,81,2,374,167,0,543,2,436,186,0,624,42,0,42,666
08/17/2001,HYA,MA,ANE,EN,Federal Contract Tower,0,194,62,0,256,0,164,49,0,213,0,358,111,0,469,2,0,2,471
08/18/2001,HYA,MA,ANE,EN,Federal Contract Tower,0,37,11,0,48,0,293,126,0,419,0,330,137,0,467,34,0,34,501
08/19/2001,HYA,MA,ANE,EN,Federal Contract Tower,0,132,42,0,174,0,238,98,0,336,0,370,140,0,510,60,0,60,570
08/20/2001,HYA,MA,ANE,EN,Federal Contract Tower,0,203,44,0,247,0,98,0,0,98,0,301,44,0,345,6,0,6,351
08/21/2001,HYA,MA,ANE,EN,Federal Contract Tower,0,239,45,0,284,0,55,0,0,55,0,294,45,0,339,0,0,0,339
08/22/2001,HYA,MA,ANE,EN,Federal Contract Tower,0,46,14,0,60,0,306,143,0,449,0,352,157,0,509,32,0,32,541
08/23/2001,HYA,MA,ANE,EN,Federal Contract Tower,0,43,13,0,56,0,235,114,0,349,0,278,127,0,405,22,0,22,427
08/24/2001,HYA,MA,ANE,EN,Federal Contract Tower,0,61,19,0,80,0,448,166,1,615,0,509,185,1,695,34,0,34,729
08/25/2001,HYA,MA,ANE,EN,Federal Contract Tower,0,34,10,0,44,0,318,155,0,473,0,352,165,0,517,52,0,52,569
08/26/2001,HYA,MA,ANE,EN,Federal Contract Tower,0,40,12,0,52,0,335,138,0,473,0,375,150,0,525,78,0,78,603
08/27/2001,HYA,MA,ANE,EN,Federal Contract Tower,0,55,17,0,72,0,373,93,0,466,0,428,110,0,538,40,0,40,578
08/28/2001,HYA,MA,ANE,EN,Federal Contract Tower,0,202,39,0,241,0,94,0,0,94,0,296,39,0,335,6,0,6,341
08/29/2001,HYA,MA,ANE,EN,Federal Contract Tower,0,33,10,0,43,0,273,103,2,378,0,306,113,2,421,22,0,22,443
08/30/2001,HYA,MA,ANE,EN,Federal Contract Tower,0,63,19,0,82,0,302,103,0,405,0,365,122,0,487,38,0,38,525
08/31/2001,HYA,MA,ANE,EN,Federal Contract Tower,0,150,48,0,198,0,288,82,0,370,0,438,130,0,568,32,2,34,602
09/01/2001,HYA,MA,ANE,EN,Federal Contract Tower,0,110,21,0,131,0,256,77,0,333,0,366,98,0,464,34,0,34,498
09/02/2001,HYA,MA,ANE,EN,Federal Contract Tower,0,25,5,0,30,0,258,116,2,376,0,283,121,2,406,44,2,46,452
09/03/2001,HYA,MA,ANE,EN,Federal Contract Tower,0,40,8,0,48,0,390,148,0,538,0,430,156,0,586,38,0,38,624
09/04/2001,HYA,MA,ANE,EN,Federal Contract Tower,0,57,11,0,68,0,279,79,2,360,0,336,90,2,428,22,0,22,450
09/05/2001,HYA,MA,ANE,EN,Federal Contract Tower,0,26,6,0,32,0,242,76,0,318,0,268,82,0,350,44,2,46,396
09/06/2001,HYA,MA,ANE,EN,Federal Contract Tower,0,30,6,0,36,0,253,109,2,364,0,283,115,2,400,56,2,58,458
09/07/2001,HYA,MA,ANE,EN,Federal Contract Tower,0,33,7,0,40,0,438,144,0,582,0,471,151,0,622,56,0,56,678
09/08/2001,HYA,MA,ANE,EN,Federal Contract Tower,0,31,6,0,37,0,226,114,0,340,0,257,120,0,377,28,0,28,405
09/09/2001,HYA,MA,ANE,EN,Federal Contract Tower,0,34,7,0,41,0,329,159,0,488,0,363,166,0,529,40,2,42,571
09/10/2001,HYA,MA,ANE,EN,Federal Contract Tower,0,47,9,0,56,0,334,87,0,421,0,381,96,0,477,36,2,38,515
09/11/2001,HYA,MA,ANE,EN,Federal Contract Tower,0,8,1,0,9,0,104,18,0,122,0,112,19,0,131,0,0,0,131
09/12/2001,HYA,MA,ANE,EN,Federal Contract Tower,0,0,1,1,2,0,0,4,1,5,0,0,5,2,7,0,0,0,7
09/13/2001,HYA,MA,ANE,EN,Federal Contract Tower,0,27,0,0,27,0,6,0,0,6,0,33,0,0,33,0,0,0,33
09/14/2001,HYA,MA,ANE,EN,Federal Contract Tower,0,212,2,0,214,0,39,0,0,39,0,251,2,0,253,0,0,0,253
09/15/2001,HYA,MA,ANE,EN,Federal Contract Tower,0,171,30,1,202,0,1,0,1,2,0,172,30,2,204,0,0,0,204
09/16/2001,HYA,MA,ANE,EN,Federal Contract Tower,0,194,26,1,221,0,18,0,0,18,0,212,26,1,239,0,2,2,241
09/17/2001,HYA,MA,ANE,EN,Federal Contract Tower,0,248,31,1,280,0,14,0,1,15,0,262,31,2,295,0,4,4,299
09/18/2001,HYA,MA,ANE,EN,Federal Contract Tower,0,235,37,0,272,0,8,0,0,8,0,243,37,0,280,2,0,2,282
09/19/2001,HYA,MA,ANE,EN,Federal Contract Tower,0,240,37,0,277,0,0,6,0,6,0,240,43,0,283,2,2,4,287
09/20/2001,HYA,MA,ANE,EN,Federal Contract Tower,0,51,9,0,60,0,253,24,0,277,0,304,33,0,337,0,0,0,337
09/21/2001,HYA,MA,ANE,EN,Federal Contract Tower,0,140,23,0,163,0,220,0,0,220,0,360,23,0,383,0,0,0,383
09/22/2001,HYA,MA,ANE,EN,Federal Contract Tower,0,141,26,0,167,0,52,24,0,76,0,193,50,0,243,10,0,10,253
09/23/2001,HYA,MA,ANE,EN,Federal Contract Tower,0,251,46,0,297,0,19,20,0,39,0,270,66,0,336,14,0,14,350
09/24/2001,HYA,MA,ANE,EN,Federal Contract Tower,0,264,37,0,301,0,12,0,0,12,0,276,37,0,313,4,0,4,317
09/25/2001,HYA,MA,ANE,EN,Federal Contract Tower,0,149,10,0,159,0,35,0,0,35,0,184,10,0,194,4,0,4,198
09/26/2001,HYA,MA,ANE,EN,Federal Contract Tower,0,102,18,0,120,0,171,50,2,223,0,273,68,2,343,0,0,0,343
09/27/2001,HYA,MA,ANE,EN,Federal Contract Tower,0,62,11,0,73,0,203,59,2,264,0,265,70,2,337,14,0,14,351
09/28/2001,HYA,MA,ANE,EN,Federal Contract Tower,0,105,19,0,124,0,313,50,0,363,0,418,69,0,487,28,0,28,515
09/29/2001,HYA,MA,ANE,EN,Federal Contract Tower,0,114,21,0,135,0,80,8,0,88,0,194,29,0,223,0,0,0,223
09/30/2001,HYA,MA,ANE,EN,Federal Contract Tower,0,258,40,0,298,0,158,0,0,158,0,416,40,0,456,8,2,10,466
10/01/2001,HYA,MA,ANE,EN,Federal Contract Tower,0,239,35,0,274,0,105,6,2,113,0,344,41,2,387,12,0,12,399
10/02/2001,HYA,MA,ANE,EN,Federal Contract Tower,0,171,25,0,196,0,180,79,2,261,0,351,104,2,457,16,0,16,473
10/03/2001,HYA,MA,ANE,EN,Federal Contract Tower,0,151,22,0,173,0,84,73,2,159,0,235,95,2,332,14,0,14,346
10/04/2001,HYA,MA,ANE,EN,Federal Contract Tower,0,151,23,0,174,0,147,63,0,210,0,298,86,0,384,16,0,16,400
10/05/2001,HYA,MA,ANE,EN,Federal Contract Tower,0,227,33,0,260,0,353,115,0,468,0,580,148,0,728,22,0,22,750
10/06/2001,HYA,MA,ANE,EN,Federal Contract Tower,0,115,17,0,132,0,134,5,0,139,0,249,22,0,271,2,0,2,273
10/07/2001,HYA,MA,ANE,EN,Federal Contract Tower,0,123,18,0,141,0,203,49,1,253,0,326,67,1,394,60,0,60,454
10/08/2001,HYA,MA,ANE,EN,Federal Contract Tower,0,184,27,0,211,0,268,31,2,301,0,452,58,2,512,24,0,24,536
10/09/2001,HYA,MA,ANE,EN,Federal Contract Tower,0,152,23,0,175,0,176,66,0,242,0,328,89,0,417,36,0,36,453
10/10/2001,HYA,MA,ANE,EN,Federal Contract Tower,0,122,18,0,140,0,154,56,2,212,0,276,74,2,352,30,0,30,382
10/11/2001,HYA,MA,ANE,EN,Federal Contract Tower,0,177,26,0,203,0,92,59,0,151,0,269,85,0,354,4,0,4,358
10/12/2001,HYA,MA,ANE,EN,Federal Contract Tower,0,157,22,1,180,0,174,85,1,260,0,331,107,2,440,32,0,32,472
10/13/2001,HYA,MA,ANE,EN,Federal Contract Tower,0,114,16,0,130,0,0,2,0,2,0,114,18,0,132,0,0,0,132
10/14/2001,HYA,MA,ANE,EN,Federal Contract Tower,0,202,22,0,224,0,8,0,0,8,0,210,22,0,232,0,0,0,232
10/15/2001,HYA,MA,ANE,EN,Federal Contract Tower,0,184,26,0,210,0,100,4,0,104,0,284,30,0,314,8,2,10,324
10/16/2001,HYA,MA,ANE,EN,Federal Contract Tower,0,149,21,0,170,0,179,82,0,261,0,328,103,0,431,28,2,30,461
10/17/2001,HYA,MA,ANE,EN,Federal Contract Tower,0,115,16,0,131,0,123,9,0,132,0,238,25,0,263,2,0,2,265
10/18/2001,HYA,MA,ANE,EN,Federal Contract Tower,0,142,20,0,162,0,117,61,0,178,0,259,81,0,340,34,2,36,376
10/19/2001,HYA,MA,ANE,EN,Federal Contract Tower,0,168,24,0,192,0,184,106,0,290,0,352,130,0,482,50,0,50,532
10/20/2001,HYA,MA,ANE,EN,Federal Contract Tower,0,107,15,0,122,0,130,81,0,211,0,237,96,0,333,6,0,6,339
10/21/2001,HYA,MA,ANE,EN,Federal Contract Tower,0,129,18,0,147,0,143,92,0,235,0,272,110,0,382,22,0,22,404
10/22/2001,HYA,MA,ANE,EN,Federal Contract Tower,0,133,19,0,152,0,193,59,0,252,0,326,78,0,404,16,0,16,420
10/23/2001,HYA,MA,ANE,EN,Federal Contract Tower,0,138,19,0,157,0,132,59,0,191,0,270,78,0,348,22,0,22,370
10/24/2001,HYA,MA,ANE,EN,Federal Contract Tower,0,160,23,0,183,0,0,3,0,3,0,160,26,0,186,4,0,4,190
10/25/2001,HYA,MA,ANE,EN,Federal Contract Tower,0,137,18,0,155,0,31,0,0,31,0,168,18,0,186,6,0,6,192
10/26/2001,HYA,MA,ANE,EN,Federal Contract Tower,0,142,20,0,162,0,76,62,0,138,0,218,82,0,300,26,0,26,326
10/27/2001,HYA,MA,ANE,EN,Federal Contract Tower,0,76,11,0,87,0,116,46,0,162,0,192,57,0,249,30,0,30,279
10/28/2001,HYA,MA,ANE,EN,Federal Contract Tower,0,92,13,0,105,0,172,61,2,235,0,264,74,2,340,4,0,4,344
10/29/2001,HYA,MA,ANE,EN,Federal Contract Tower,0,130,18,0,148,0,168,64,0,232,0,298,82,0,380,38,0,38,418
10/30/2001,HYA,MA,ANE,EN,Federal Contract Tower,0,111,15,0,126,0,149,75,2,226,0,260,90,2,352,24,2,26,378
10/31/2001,HYA,MA,ANE,EN,Federal Contract Tower,0,137,19,0,156,0,94,42,0,136,0,231,61,0,292,20,0,20,312
11/01/2001,HYA,MA,ANE,EN,Federal Contract Tower,0,139,18,0,157,0,114,28,0,142,0,253,46,0,299,2,0,2,301
11/02/2001,HYA,MA,ANE,EN,Federal Contract Tower,0,123,16,0,139,0,206,43,0,249,0,329,59,0,388,12,0,12,400
11/03/2001,HYA,MA,ANE,EN,Federal Contract Tower,0,86,11,0,97,0,63,21,0,84,0,149,32,0,181,6,0,6,187
11/04/2001,HYA,MA,ANE,EN,Federal Contract Tower,0,98,13,0,111,0,118,65,0,183,0,216,78,0,294,12,0,12,306
11/05/2001,HYA,MA,ANE,EN,Federal Contract Tower,0,111,14,0,125,0,145,18,0,163,0,256,32,0,288,8,0,8,296
11/06/2001,HYA,MA,ANE,EN,Federal Contract Tower,0,109,14,0,123,0,143,15,0,158,0,252,29,0,281,6,2,8,289
11/07/2001,HYA,MA,ANE,EN,Federal Contract Tower,0,107,14,0,121,0,137,27,0,164,0,244,41,0,285,4,2,6,291
11/08/2001,HYA,MA,ANE,EN,Federal Contract Tower,0,123,16,0,139,0,128,58,6,192,0,251,74,6,331,8,2,10,341
11/09/2001,HYA,MA,ANE,EN,Federal Contract Tower,0,135,17,0,152,0,152,28,0,180,0,287,45,0,332,12,0,12,344
11/10/2001,HYA,MA,ANE,EN,Federal Contract Tower,0,89,11,0,100,0,144,45,2,191,0,233,56,2,291,14,2,16,307
11/11/2001,HYA,MA,ANE,EN,Federal Contract Tower,0,90,12,0,102,0,171,21,0,192,0,261,33,0,294,0,0,0,294
11/12/2001,HYA,MA,ANE,EN,Federal Contract Tower,0,130,16,0,146,0,130,12,0,142,0,260,28,0,288,30,0,30,318
11/13/2001,HYA,MA,ANE,EN,Federal Contract Tower,0,123,16,0,139,0,186,24,0,210,0,309,40,0,349,26,0,26,375
11/14/2001,HYA,MA,ANE,EN,Federal Contract Tower,0,106,13,0,119,0,134,28,0,162,0,240,41,0,281,12,0,12,293
11/15/2001,HYA,MA,ANE,EN,Federal Contract Tower,0,108,13,0,121,0,146,69,0,215,0,254,82,0,336,12,2,14,350
11/16/2001,HYA,MA,ANE,EN,Federal Contract Tower,0,119,14,0,133,0,129,40,0,169,0,248,54,0,302,14,0,14,316
11/17/2001,HYA,MA,ANE,EN,Federal Contract Tower,0,93,11,0,104,0,105,48,0,153,0,198,59,0,257,14,2,16,273
11/18/2001,HYA,MA,ANE,EN,Federal Contract Tower,0,73,8,0,81,0,106,33,0,139,0,179,41,0,220,12,0,12,232
11/19/2001,HYA,MA,ANE,EN,Federal Contract Tower,0,119,14,0,133,0,147,33,0,180,0,266,47,0,313,4,0,4,317
11/20/2001,HYA,MA,ANE,EN,Federal Contract Tower,0,167,20,0,187,0,132,22,0,154,0,299,42,0,341,6,4,10,351
11/21/2001,HYA,MA,ANE,EN,Federal Contract Tower,0,181,21,0,202,0,188,69,0,257,0,369,90,0,459,12,0,12,471
11/22/2001,HYA,MA,ANE,EN,Federal Contract Tower,0,66,7,0,73,0,68,21,0,89,0,134,28,0,162,2,0,2,164
11/23/2001,HYA,MA,ANE,EN,Federal Contract Tower,0,115,13,0,128,0,104,76,0,180,0,219,89,0,308,12,0,12,320
11/24/2001,HYA,MA,ANE,EN,Federal Contract Tower,0,120,14,0,134,0,111,40,0,151,0,231,54,0,285,6,0,6,291
11/25/2001,HYA,MA,ANE,EN,Federal Contract Tower,0,159,19,0,178,0,193,51,0,244,0,352,70,0,422,16,0,16,438
11/26/2001,HYA,MA,ANE,EN,Federal Contract Tower,0,172,20,0,192,0,7,2,0,9,0,179,22,0,201,0,0,0,201
11/27/2001,HYA,MA,ANE,EN,Federal Contract Tower,0,213,25,0,238,0,27,19,0,46,0,240,44,0,284,12,0,12,296
11/28/2001,HYA,MA,ANE,EN,Federal Contract Tower,0,175,21,0,196,0,55,24,2,81,0,230,45,2,277,20,0,20,297
11/29/2001,HYA,MA,ANE,EN,Federal Contract Tower,0,134,16,0,150,0,97,5,0,102,0,231,21,0,252,0,2,2,254
11/30/2001,HYA,MA,ANE,EN,Federal Contract Tower,0,213,25,0,238,0,74,2,0,76,0,287,27,0,314,0,0,0,314
12/01/2001,HYA,MA,ANE,EN,Federal Contract Tower,0,216,18,0,234,0,38,17,0,55,0,254,35,0,289,6,0,6,295
12/02/2001,HYA,MA,ANE,EN,Federal Contract Tower,0,171,14,0,185,0,266,88,0,354,0,437,102,0,539,16,0,16,555
12/03/2001,HYA,MA,ANE,EN,Federal Contract Tower,0,132,11,0,143,0,138,70,0,208,0,270,81,0,351,34,2,36,387
12/04/2001,HYA,MA,ANE,EN,Federal Contract Tower,0,120,10,0,130,0,148,70,0,218,0,268,80,0,348,38,2,40,388
12/05/2001,HYA,MA,ANE,EN,Federal Contract Tower,0,109,9,0,118,0,119,56,0,175,0,228,65,0,293,26,0,26,319
12/06/2001,HYA,MA,ANE,EN,Federal Contract Tower,0,101,9,0,110,0,129,47,0,176,0,230,56,0,286,10,2,12,298
12/07/2001,HYA,MA,ANE,EN,Federal Contract Tower,0,119,10,0,129,0,184,56,0,240,0,303,66,0,369,8,0,8,377
12/08/2001,HYA,MA,ANE,EN,Federal Contract Tower,0,71,6,0,77,0,113,48,0,161,0,184,54,0,238,22,0,22,260
12/09/2001,HYA,MA,ANE,EN,Federal Contract Tower,0,115,3,0,118,0,80,0,0,80,0,195,3,0,198,0,0,0,198
12/10/2001,HYA,MA,ANE,EN,Federal Contract Tower,0,120,10,0,130,0,120,46,0,166,0,240,56,0,296,32,0,32,328
12/11/2001,HYA,MA,ANE,EN,Federal Contract Tower,0,200,17,0,217,0,40,9,0,49,0,240,26,0,266,16,0,16,282
12/12/2001,HYA,MA,ANE,EN,Federal Contract Tower,0,126,11,0,137,0,124,67,0,191,0,250,78,0,328,42,6,48,376
12/13/2001,HYA,MA,ANE,EN,Federal Contract Tower,0,202,4,0,206,0,14,0,0,14,0,216,4,0,220,0,0,0,220
12/14/2001,HYA,MA,ANE,EN,Federal Contract Tower,0,122,10,0,132,0,76,1,0,77,0,198,11,0,209,0,0,0,209
12/15/2001,HYA,MA,ANE,EN,Federal Contract Tower,0,116,8,0,124,0,79,6,0,85,0,195,14,0,209,8,0,8,217
12/16/2001,HYA,MA,ANE,EN,Federal Contract Tower,0,78,9,0,87,0,147,75,0,222,0,225,84,0,309,18,0,18,327
12/17/2001,HYA,MA,ANE,EN,Federal Contract Tower,0,122,10,0,132,0,144,2,0,146,0,266,12,0,278,6,2,8,286
12/18/2001,HYA,MA,ANE,EN,Federal Contract Tower,0,160,3,0,163,0,45,0,0,45,0,205,3,0,208,0,0,0,208
12/19/2001,HYA,MA,ANE,EN,Federal Contract Tower,0,112,8,0,120,0,113,66,0,179,0,225,74,0,299,10,2,12,311
12/20/2001,HYA,MA,ANE,EN,Federal Contract Tower,0,111,9,0,120,0,107,30,0,137,0,218,39,0,257,6,2,8,265
12/21/2001,HYA,MA,ANE,EN,Federal Contract Tower,0,134,10,0,144,0,137,28,0,165,0,271,38,0,309,6,0,6,315
12/22/2001,HYA,MA,ANE,EN,Federal Contract Tower,0,95,7,0,102,0,120,65,0,185,0,215,72,0,287,26,0,26,313
12/23/2001,HYA,MA,ANE,EN,Federal Contract Tower,0,82,6,0,88,0,163,76,0,239,0,245,82,0,327,42,2,44,371
12/24/2001,HYA,MA,ANE,EN,Federal Contract Tower,0,88,6,0,94,0,41,0,0,41,0,129,6,0,135,0,0,0,135
12/25/2001,HYA,MA,ANE,EN,Federal Contract Tower,0,50,3,0,53,0,53,8,0,61,0,103,11,0,114,8,0,8,122
12/26/2001,HYA,MA,ANE,EN,Federal Contract Tower,0,182,10,0,192,0,38,0,0,38,0,220,10,0,230,0,0,0,230
12/27/2001,HYA,MA,ANE,EN,Federal Contract Tower,0,96,7,0,103,0,110,49,0,159,0,206,56,0,262,10,0,10,272
12/28/2001,HYA,MA,ANE,EN,Federal Contract Tower,0,103,8,0,111,0,123,65,0,188,0,226,73,0,299,18,0,18,317
12/29/2001,HYA,MA,ANE,EN,Federal Contract Tower,0,87,6,0,93,0,90,61,2,153,0,177,67,2,246,18,0,18,264
12/30/2001,HYA,MA,ANE,EN,Federal Contract Tower,0,58,4,0,62,0,74,27,0,101,0,132,31,0,163,12,0,12,175
12/31/2001,HYA,MA,ANE,EN,Federal Contract Tower,0,72,5,0,77,0,90,30,0,120,0,162,35,0,197,36,2,38,235
01/01/2002,HYA,MA,ANE,EN,Federal Contract Tower,0,63,5,0,68,0,55,46,2,103,0,118,51,2,171,20,0,20,191
01/02/2002,HYA,MA,ANE,EN,Federal Contract Tower,0,106,8,0,114,0,108,44,4,156,0,214,52,4,270,18,0,18,288
01/03/2002,HYA,MA,ANE,EN,Federal Contract Tower,0,85,6,0,91,0,102,24,0,126,0,187,30,0,217,6,0,6,223
01/04/2002,HYA,MA,ANE,EN,Federal Contract Tower,0,101,7,0,108,0,109,37,0,146,0,210,44,0,254,10,2,12,266
01/05/2002,HYA,MA,ANE,EN,Federal Contract Tower,0,55,4,0,59,0,78,32,0,110,0,133,36,0,169,28,0,28,197
01/06/2002,HYA,MA,ANE,EN,Federal Contract Tower,0,62,5,0,67,0,104,23,0,127,0,166,28,0,194,30,0,30,224
01/07/2002,HYA,MA,ANE,EN,Federal Contract Tower,0,158,9,0,167,0,2,0,0,2,0,160,9,0,169,0,0,0,169
01/08/2002,HYA,MA,ANE,EN,Federal Contract Tower,0,108,8,0,116,0,140,23,0,163,0,248,31,0,279,12,0,12,291
01/09/2002,HYA,MA,ANE,EN,Federal Contract Tower,0,96,7,0,103,0,127,18,0,145,0,223,25,0,248,4,0,4,252
01/10/2002,HYA,MA,ANE,EN,Federal Contract Tower,0,97,7,0,104,0,185,32,0,217,0,282,39,0,321,2,4,6,327
01/11/2002,HYA,MA,ANE,EN,Federal Contract Tower,0,174,12,0,186,0,50,13,0,63,0,224,25,0,249,2,0,2,251
01/12/2002,HYA,MA,ANE,EN,Federal Contract Tower,0,71,5,0,76,0,126,75,0,201,0,197,80,0,277,34,0,34,311
01/13/2002,HYA,MA,ANE,EN,Federal Contract Tower,0,27,2,0,29,0,6,2,0,8,0,33,4,0,37,0,0,0,37
01/14/2002,HYA,MA,ANE,EN,Federal Contract Tower,0,114,8,0,122,0,180,37,0,217,0,294,45,0,339,16,0,16,355
01/15/2002,HYA,MA,ANE,EN,Federal Contract Tower,0,188,11,0,199,0,2,0,0,2,0,190,11,0,201,0,0,0,201
01/16/2002,HYA,MA,ANE,EN,Federal Contract Tower,0,103,7,0,110,0,108,61,0,169,0,211,68,0,279,22,4,26,305
01/17/2002,HYA,MA,ANE,EN,Federal Contract Tower,0,115,7,0,122,0,91,17,0,108,0,206,24,0,230,4,0,4,234
01/18/2002,HYA,MA,ANE,EN,Federal Contract Tower,0,134,8,0,142,0,145,64,0,209,0,279,72,0,351,16,0,16,367
01/19/2002,HYA,MA,ANE,EN,Federal Contract Tower,0,66,4,0,70,0,73,25,0,98,0,139,29,0,168,34,0,34,202
01/20/2002,HYA,MA,ANE,EN,Federal Contract Tower,0,52,3,0,55,0,101,15,0,116,0,153,18,0,171,4,0,4,175
01/21/2002,HYA,MA,ANE,EN,Federal Contract Tower,0,123,8,0,131,0,95,0,0,95,0,218,8,0,226,0,0,0,226
01/22/2002,HYA,MA,ANE,EN,Federal Contract Tower,0,97,6,0,103,0,175,65,0,240,0,272,71,0,343,46,0,46,389
01/23/2002,HYA,MA,ANE,EN,Federal Contract Tower,0,132,8,0,140,0,86,22,0,108,0,218,30,0,248,2,0,2,250
01/24/2002,HYA,MA,ANE,EN,Federal Contract Tower,0,49,3,0,52,0,0,2,0,2,0,49,5,0,54,0,0,0,54
01/25/2002,HYA,MA,ANE,EN,Federal Contract Tower,0,119,7,0,126,0,136,52,0,188,0,255,59,0,314,0,0,0,314
01/26/2002,HYA,MA,ANE,EN,Federal Contract Tower,0,55,3,0,58,0,82,45,0,127,0,137,48,0,185,2,0,2,187
01/27/2002,HYA,MA,ANE,EN,Federal Contract Tower,0,54,3,0,57,0,122,52,0,174,0,176,55,0,231,4,0,4,235
01/28/2002,HYA,MA,ANE,EN,Federal Contract Tower,0,123,8,0,131,0,170,36,0,206,0,293,44,0,337,12,2,14,351
01/29/2002,HYA,MA,ANE,EN,Federal Contract Tower,0,106,6,0,112,0,154,59,0,213,0,260,65,0,325,8,2,10,335
01/30/2002,HYA,MA,ANE,EN,Federal Contract Tower,0,163,8,0,171,0,30,0,0,30,0,193,8,0,201,0,0,0,201
01/31/2002,HYA,MA,ANE,EN,Federal Contract Tower,0,112,5,0,117,0,77,0,0,77,0,189,5,0,194,0,0,0,194
02/01/2002,HYA,MA,ANE,EN,Federal Contract Tower,0,78,6,0,84,0,6,4,0,10,0,84,10,0,94,0,0,0,94
02/02/2002,HYA,MA,ANE,EN,Federal Contract Tower,0,51,4,0,55,0,122,27,0,149,0,173,31,0,204,0,0,0,204
02/03/2002,HYA,MA,ANE,EN,Federal Contract Tower,0,103,9,0,112,0,32,31,0,63,0,135,40,0,175,10,0,10,185
02/04/2002,HYA,MA,ANE,EN,Federal Contract Tower,0,91,8,0,99,0,138,33,4,175,0,229,41,4,274,0,0,0,274
02/05/2002,HYA,MA,ANE,EN,Federal Contract Tower,0,90,8,0,98,0,135,38,0,173,0,225,46,0,271,8,0,8,279
02/06/2002,HYA,MA,ANE,EN,Federal Contract Tower,0,144,13,0,157,0,39,41,0,80,0,183,54,0,237,38,0,38,275
02/07/2002,HYA,MA,ANE,EN,Federal Contract Tower,0,104,9,0,113,0,131,15,0,146,0,235,24,0,259,10,0,10,269
02/08/2002,HYA,MA,ANE,EN,Federal Contract Tower,0,64,6,0,70,0,155,55,2,212,0,219,61,2,282,26,2,28,310
02/09/2002,HYA,MA,ANE,EN,Federal Contract Tower,0,75,7,0,82,0,68,41,0,109,0,143,48,0,191,12,0,12,203
02/10/2002,HYA,MA,ANE,EN,Federal Contract Tower,0,146,12,0,158,0,66,58,0,124,0,212,70,0,282,18,0,18,300
02/11/2002,HYA,MA,ANE,EN,Federal Contract Tower,0,101,8,0,109,0,124,19,0,143,0,225,27,0,252,0,0,0,252
02/12/2002,HYA,MA,ANE,EN,Federal Contract Tower,0,95,8,1,104,0,120,25,0,145,0,215,33,1,249,24,0,24,273
02/13/2002,HYA,MA,ANE,EN,Federal Contract Tower,0,92,8,1,101,0,112,45,0,157,0,204,53,1,258,22,0,22,280
02/14/2002,HYA,MA,ANE,EN,Federal Contract Tower,0,118,10,0,128,2,104,55,0,161,2,222,65,0,289,40,4,44,333
02/15/2002,HYA,MA,ANE,EN,Federal Contract Tower,0,75,6,0,81,0,156,48,0,204,0,231,54,0,285,8,0,8,293
02/16/2002,HYA,MA,ANE,EN,Federal Contract Tower,0,114,9,0,123,0,59,66,0,125,0,173,75,0,248,44,0,44,292
02/17/2002,HYA,MA,ANE,EN,Federal Contract Tower,0,116,10,0,126,0,57,7,0,64,0,173,17,0,190,2,0,2,192
02/18/2002,HYA,MA,ANE,EN,Federal Contract Tower,0,99,8,0,107,0,136,21,2,159,0,235,29,2,266,8,4,12,278
02/19/2002,HYA,MA,ANE,EN,Federal Contract Tower,0,94,8,0,102,0,153,67,0,220,0,247,75,0,322,34,0,34,356
02/20/2002,HYA,MA,ANE,EN,Federal Contract Tower,0,72,6,0,78,0,145,36,0,181,0,217,42,0,259,30,4,34,293
02/21/2002,HYA,MA,ANE,EN,Federal Contract Tower,0,74,5,0,79,0,0,0,0,0,0,74,5,0,79,0,0,0,79
02/22/2002,HYA,MA,ANE,EN,Federal Contract Tower,0,112,9,0,121,0,129,75,0,204,0,241,84,0,325,16,2,18,343
02/23/2002,HYA,MA,ANE,EN,Federal Contract Tower,0,61,5,0,66,0,97,52,0,149,0,158,57,0,215,27,0,27,242
02/24/2002,HYA,MA,ANE,EN,Federal Contract Tower,0,65,5,0,70,0,107,65,0,172,0,172,70,0,242,38,0,38,280
02/25/2002,HYA,MA,ANE,EN,Federal Contract Tower,0,106,9,0,115,0,138,29,0,167,0,244,38,0,282,16,0,16,298
02/26/2002,HYA,MA,ANE,EN,Federal Contract Tower,0,127,10,0,137,0,83,13,0,96,0,210,23,0,233,14,0,14,247
02/27/2002,HYA,MA,ANE,EN,Federal Contract Tower,0,140,6,0,146,0,10,0,0,10,0,150,6,0,156,0,0,0,156
02/28/2002,HYA,MA,ANE,EN,Federal Contract Tower,0,106,9,0,115,0,111,14,0,125,0,217,23,0,240,16,4,20,260
03/01/2002,HYA,MA,ANE,EN,Federal Contract Tower,0,114,15,0,129,0,133,47,0,180,0,247,62,0,309,10,0,10,319
03/02/2002,HYA,MA,ANE,EN,Federal Contract Tower,0,72,10,0,82,0,93,69,0,162,0,165,79,0,244,18,0,18,262
03/03/2002,HYA,MA,ANE,EN,Federal Contract Tower,0,14,2,0,16,0,0,1,0,1,0,14,3,0,17,0,0,0,17
03/04/2002,HYA,MA,ANE,EN,Federal Contract Tower,0,112,15,0,127,0,141,25,0,166,0,253,40,0,293,14,0,14,307
03/05/2002,HYA,MA,ANE,EN,Federal Contract Tower,0,86,12,0,98,0,154,26,2,182,0,240,38,2,280,18,0,18,298
03/06/2002,HYA,MA,ANE,EN,Federal Contract Tower,0,88,12,0,100,0,112,19,0,131,0,200,31,0,231,10,0,10,241
03/07/2002,HYA,MA,ANE,EN,Federal Contract Tower,0,99,12,0,111,0,107,45,0,152,0,206,57,0,263,12,0,12,275
03/08/2002,HYA,MA,ANE,EN,Federal Contract Tower,0,205,26,0,231,0,5,2,0,7,0,210,28,0,238,0,0,0,238
03/09/2002,HYA,MA,ANE,EN,Federal Contract Tower,0,76,9,0,85,0,99,12,0,111,0,175,21,0,196,6,0,6,202
03/10/2002,HYA,MA,ANE,EN,Federal Contract Tower,0,62,8,0,70,0,118,3,0,121,0,180,11,0,191,22,0,22,213
03/11/2002,HYA,MA,ANE,EN,Federal Contract Tower,0,110,14,1,125,0,150,66,1,217,0,260,80,2,342,16,0,16,358
03/12/2002,HYA,MA,ANE,EN,Federal Contract Tower,0,132,16,0,148,0,72,11,0,83,0,204,27,0,231,12,0,12,243
03/13/2002,HYA,MA,ANE,EN,Federal Contract Tower,0,168,11,0,179,0,11,0,0,11,0,179,11,0,190,0,0,0,190
03/14/2002,HYA,MA,ANE,EN,Federal Contract Tower,0,89,11,0,100,0,111,49,0,160,0,200,60,0,260,22,0,22,282
03/15/2002,HYA,MA,ANE,EN,Federal Contract Tower,0,164,20,0,184,0,119,30,0,149,0,283,50,0,333,22,0,22,355
03/16/2002,HYA,MA,ANE,EN,Federal Contract Tower,0,97,12,0,109,0,11,1,1,13,0,108,13,1,122,0,0,0,122
03/17/2002,HYA,MA,ANE,EN,Federal Contract Tower,0,86,10,0,96,0,116,70,0,186,0,202,80,0,282,28,0,28,310
03/18/2002,HYA,MA,ANE,EN,Federal Contract Tower,0,178,11,0,189,0,11,0,0,11,0,189,11,0,200,0,0,0,200
03/19/2002,HYA,MA,ANE,EN,Federal Contract Tower,0,103,13,0,116,0,102,30,2,134,0,205,43,2,250,4,4,8,258
03/20/2002,HYA,MA,ANE,EN,Federal Contract Tower,0,70,8,0,78,0,104,7,0,111,0,174,15,0,189,26,0,26,215
03/21/2002,HYA,MA,ANE,EN,Federal Contract Tower,0,17,2,0,19,0,175,87,10,272,0,192,89,10,291,18,2,20,311
03/22/2002,HYA,MA,ANE,EN,Federal Contract Tower,0,24,3,0,27,0,226,33,0,259,0,250,36,0,286,4,0,4,290
03/23/2002,HYA,MA,ANE,EN,Federal Contract Tower,0,17,2,0,19,0,185,22,0,207,0,202,24,0,226,10,0,10,236
03/24/2002,HYA,MA,ANE,EN,Federal Contract Tower,0,22,2,0,24,0,190,69,0,259,0,212,71,0,283,38,0,38,321
03/25/2002,HYA,MA,ANE,EN,Federal Contract Tower,0,61,7,0,68,0,199,63,0,262,0,260,70,0,330,40,0,40,370
03/26/2002,HYA,MA,ANE,EN,Federal Contract Tower,0,98,12,0,110,0,132,8,0,140,0,230,20,0,250,0,0,0,250
03/27/2002,HYA,MA,ANE,EN,Federal Contract Tower,0,137,12,0,149,0,63,0,2,65,0,200,12,2,214,14,0,14,228
03/28/2002,HYA,MA,ANE,EN,Federal Contract Tower,0,32,3,0,35,0,283,112,2,397,0,315,115,2,432,22,0,22,454
03/29/2002,HYA,MA,ANE,EN,Federal Contract Tower,0,24,3,0,27,0,190,72,0,262,0,214,75,0,289,58,0,58,347
03/30/2002,HYA,MA,ANE,EN,Federal Contract Tower,0,79,10,0,89,0,44,3,0,47,0,123,13,0,136,0,0,0,136
03/31/2002,HYA,MA,ANE,EN,Federal Contract Tower,0,71,8,0,79,0,139,32,2,173,0,210,40,2,252,28,0,28,280
04/01/2002,HYA,MA,ANE,EN,Federal Contract Tower,0,138,30,0,168,0,124,0,0,124,0,262,30,0,292,30,0,30,322
04/02/2002,HYA,MA,ANE,EN,Federal Contract Tower,0,21,6,0,27,0,253,49,0,302,0,274,55,0,329,36,0,36,365
04/03/2002,HYA,MA,ANE,EN,Federal Contract Tower,0,61,15,0,76,0,160,2,0,162,0,221,17,0,238,16,0,16,254
04/04/2002,HYA,MA,ANE,EN,Federal Contract Tower,0,15,4,0,19,0,190,65,0,255,0,205,69,0,274,32,0,32,306
04/05/2002,HYA,MA,ANE,EN,Federal Contract Tower,0,21,6,0,27,0,218,60,0,278,0,239,66,0,305,14,0,14,319
04/06/2002,HYA,MA,ANE,EN,Federal Contract Tower,0,43,11,0,54,0,120,39,0,159,0,163,50,0,213,39,4,43,256
04/07/2002,HYA,MA,ANE,EN,Federal Contract Tower,0,18,5,0,23,0,190,98,2,290,0,208,103,2,313,24,2,26,339
04/08/2002,HYA,MA,ANE,EN,Federal Contract Tower,0,17,4,0,21,0,215,47,2,264,0,232,51,2,285,8,2,10,295
04/09/2002,HYA,MA,ANE,EN,Federal Contract Tower,0,20,5,0,25,0,213,22,0,235,0,233,27,0,260,18,0,18,278
04/10/2002,HYA,MA,ANE,EN,Federal Contract Tower,0,64,15,0,79,0,179,38,0,217,0,243,53,0,296,16,4,20,316
04/11/2002,HYA,MA,ANE,EN,Federal Contract Tower,0,24,6,0,30,0,241,71,2,314,0,265,77,2,344,28,0,28,372
04/12/2002,HYA,MA,ANE,EN,Federal Contract Tower,0,27,7,0,34,0,237,71,0,308,0,264,78,0,342,28,0,28,370
04/13/2002,HYA,MA,ANE,EN,Federal Contract Tower,0,93,16,0,109,0,92,0,0,92,0,185,16,0,201,14,0,14,215
04/14/2002,HYA,MA,ANE,EN,Federal Contract Tower,0,43,11,0,54,0,136,27,0,163,0,179,38,0,217,6,0,6,223
04/15/2002,HYA,MA,ANE,EN,Federal Contract Tower,0,151,15,0,166,0,20,0,0,20,0,171,15,0,186,8,0,8,194
04/16/2002,HYA,MA,ANE,EN,Federal Contract Tower,0,59,13,0,72,0,122,52,2,176,0,181,65,2,248,32,0,32,280
04/17/2002,HYA,MA,ANE,EN,Federal Contract Tower,0,28,6,0,34,0,182,66,0,248,0,210,72,0,282,26,0,26,308
04/18/2002,HYA,MA,ANE,EN,Federal Contract Tower,0,99,23,0,122,0,130,27,0,157,0,229,50,0,279,14,0,14,293
04/19/2002,HYA,MA,ANE,EN,Federal Contract Tower,0,168,19,0,187,0,39,0,0,39,0,207,19,0,226,0,0,0,226
04/20/2002,HYA,MA,ANE,EN,Federal Contract Tower,0,13,2,0,15,0,181,50,0,231,0,194,52,0,246,24,8,32,278
04/21/2002,HYA,MA,ANE,EN,Federal Contract Tower,0,29,6,0,35,0,196,87,0,283,0,225,93,0,318,20,0,20,338
04/22/2002,HYA,MA,ANE,EN,Federal Contract Tower,0,106,19,0,125,0,116,0,0,116,0,222,19,0,241,4,0,4,245
04/23/2002,HYA,MA,ANE,EN,Federal Contract Tower,0,27,6,0,33,0,210,32,0,242,0,237,38,0,275,14,0,14,289
04/24/2002,HYA,MA,ANE,EN,Federal Contract Tower,0,13,3,0,16,0,207,78,2,287,0,220,81,2,303,16,0,16,319
04/25/2002,HYA,MA,ANE,EN,Federal Contract Tower,0,52,11,0,63,0,178,70,4,252,0,230,81,4,315,8,2,10,325
04/26/2002,HYA,MA,ANE,EN,Federal Contract Tower,0,37,8,0,45,0,300,68,0,368,0,337,76,0,413,10,0,10,423
04/27/2002,HYA,MA,ANE,EN,Federal Contract Tower,0,9,2,0,11,0,218,100,0,318,0,227,102,0,329,44,0,44,373
04/28/2002,HYA,MA,ANE,EN,Federal Contract Tower,0,146,19,0,165,0,49,0,0,49,0,195,19,0,214,0,0,0,214
04/29/2002,HYA,MA,ANE,EN,Federal Contract Tower,0,199,28,0,227,0,72,0,0,72,0,271,28,0,299,12,0,12,311
04/30/2002,HYA,MA,ANE,EN,Federal Contract Tower,0,31,6,0,37,0,205,49,0,254,0,236,55,0,291,62,0,62,353
05/01/2002,HYA,MA,ANE,EN,Federal Contract Tower,0,17,4,1,22,0,233,48,1,282,0,250,52,2,304,28,4,32,336
05/02/2002,HYA,MA,ANE,EN,Federal Contract Tower,0,78,20,0,98,0,126,11,0,137,0,204,31,0,235,2,0,2,237
05/03/2002,HYA,MA,ANE,EN,Federal Contract Tower,0,17,4,0,21,0,312,23,0,335,0,329,27,0,356,2,0,2,358
05/04/2002,HYA,MA,ANE,EN,Federal Contract Tower,0,8,2,0,10,0,209,104,0,313,0,217,106,0,323,28,0,28,351
05/05/2002,HYA,MA,ANE,EN,Federal Contract Tower,0,29,7,0,36,0,212,124,0,336,0,241,131,0,372,80,4,84,456
05/06/2002,HYA,MA,ANE,EN,Federal Contract Tower,0,26,5,0,31,0,268,96,0,364,0,294,101,0,395,18,0,18,413
05/07/2002,HYA,MA,ANE,EN,Federal Contract Tower,0,128,32,0,160,0,112,0,0,112,0,240,32,0,272,14,0,14,286
05/08/2002,HYA,MA,ANE,EN,Federal Contract Tower,0,19,4,0,23,0,216,48,0,264,0,235,52,0,287,20,2,22,309
05/09/2002,HYA,MA,ANE,EN,Federal Contract Tower,0,53,9,2,64,0,198,25,0,223,0,251,34,2,287,22,0,22,309
05/10/2002,HYA,MA,ANE,EN,Federal Contract Tower,0,73,19,0,92,0,251,67,0,318,0,324,86,0,410,14,0,14,424
05/11/2002,HYA,MA,ANE,EN,Federal Contract Tower,0,18,4,0,22,0,232,111,0,343,0,250,115,0,365,36,0,36,401
05/12/2002,HYA,MA,ANE,EN,Federal Contract Tower,0,64,17,0,81,0,178,5,2,185,0,242,22,2,266,12,0,12,278
05/13/2002,HYA,MA,ANE,EN,Federal Contract Tower,0,200,13,0,213,0,40,0,0,40,0,240,13,0,253,0,0,0,253
05/14/2002,HYA,MA,ANE,EN,Federal Contract Tower,0,103,27,0,130,0,132,19,2,153,0,235,46,2,283,26,0,26,309
05/15/2002,HYA,MA,ANE,EN,Federal Contract Tower,0,21,5,0,26,0,261,35,0,296,0,282,40,0,322,2,0,2,324
05/16/2002,HYA,MA,ANE,EN,Federal Contract Tower,0,27,6,0,33,0,229,70,0,299,0,256,76,0,332,14,0,14,346
05/17/2002,HYA,MA,ANE,EN,Federal Contract Tower,0,42,10,0,52,0,287,87,0,374,0,329,97,0,426,36,2,38,464
05/18/2002,HYA,MA,ANE,EN,Federal Contract Tower,0,127,11,0,138,0,42,0,0,42,0,169,11,0,180,0,0,0,180
05/19/2002,HYA,MA,ANE,EN,Federal Contract Tower,0,29,7,0,36,0,233,101,0,334,0,262,108,0,370,32,0,32,402
05/20/2002,HYA,MA,ANE,EN,Federal Contract Tower,0,16,20,0,36,0,279,52,0,331,0,295,72,0,367,28,0,28,395
05/21/2002,HYA,MA,ANE,EN,Federal Contract Tower,0,20,5,0,25,0,207,65,0,272,0,227,70,0,297,42,2,44,341
05/22/2002,HYA,MA,ANE,EN,Federal Contract Tower,0,16,3,0,19,0,260,76,0,336,0,276,79,0,355,24,4,28,383
05/23/2002,HYA,MA,ANE,EN,Federal Contract Tower,0,39,10,0,49,0,272,109,4,385,0,311,119,4,434,22,8,30,464
05/24/2002,HYA,MA,ANE,EN,Federal Contract Tower,0,57,14,0,71,0,424,136,0,560,0,481,150,0,631,24,0,24,655
05/25/2002,HYA,MA,ANE,EN,Federal Contract Tower,0,28,7,0,35,0,251,82,1,334,0,279,89,1,369,32,0,32,401
05/26/2002,HYA,MA,ANE,EN,Federal Contract Tower,0,55,14,0,69,0,160,46,2,208,0,215,60,2,277,42,6,48,325
05/27/2002,HYA,MA,ANE,EN,Federal Contract Tower,0,242,63,1,306,0,156,12,0,168,0,398,75,1,474,0,0,0,474
05/28/2002,HYA,MA,ANE,EN,Federal Contract Tower,0,148,39,0,187,0,127,24,0,151,0,275,63,0,338,22,0,22,360
05/29/2002,HYA,MA,ANE,EN,Federal Contract Tower,0,143,34,0,177,0,37,0,0,37,0,180,34,0,214,0,0,0,214
05/30/2002,HYA,MA,ANE,EN,Federal Contract Tower,0,133,30,0,163,0,21,0,0,21,0,154,30,0,184,2,4,6,190
05/31/2002,HYA,MA,ANE,EN,Federal Contract Tower,0,147,39,0,186,0,134,31,0,165,0,281,70,0,351,20,8,28,379
06/01/2002,HYA,MA,ANE,EN,Federal Contract Tower,0,48,15,0,63,0,175,83,1,259,0,223,98,1,322,41,0,41,363
06/02/2002,HYA,MA,ANE,EN,Federal Contract Tower,0,33,10,0,43,0,240,50,0,290,0,273,60,0,333,24,2,26,359
06/03/2002,HYA,MA,ANE,EN,Federal Contract Tower,0,25,18,0,43,0,305,86,0,391,0,330,104,0,434,28,0,28,462
06/04/2002,HYA,MA,ANE,EN,Federal Contract Tower,0,31,10,0,41,0,208,89,2,299,0,239,99,2,340,42,8,50,390
06/05/2002,HYA,MA,ANE,EN,Federal Contract Tower,0,39,13,0,52,0,222,21,0,243,0,261,34,0,295,14,6,20,315
06/06/2002,HYA,MA,ANE,EN,Federal Contract Tower,0,183,19,0,202,0,70,0,0,70,0,253,19,0,272,4,0,4,276
06/07/2002,HYA,MA,ANE,EN,Federal Contract Tower,0,251,58,0,309,0,91,0,0,91,0,342,58,0,400,0,0,0,400
06/08/2002,HYA,MA,ANE,EN,Federal Contract Tower,0,30,10,0,40,0,216,123,0,339,0,246,133,0,379,22,0,22,401
06/09/2002,HYA,MA,ANE,EN,Federal Contract Tower,0,38,12,0,50,0,263,127,0,390,0,301,139,0,440,32,2,34,474
06/10/2002,HYA,MA,ANE,EN,Federal Contract Tower,0,26,7,0,33,0,285,153,0,438,0,311,160,0,471,30,2,32,503
06/11/2002,HYA,MA,ANE,EN,Federal Contract Tower,0,191,56,0,247,0,75,0,0,75,0,266,56,0,322,24,0,24,346
06/12/2002,HYA,MA,ANE,EN,Federal Contract Tower,0,201,28,0,229,0,21,0,0,21,0,222,28,0,250,2,0,2,252
06/13/2002,HYA,MA,ANE,EN,Federal Contract Tower,0,209,55,0,264,0,63,0,1,64,0,272,55,1,328,9,8,17,345
06/14/2002,HYA,MA,ANE,EN,Federal Contract Tower,0,39,11,0,50,0,312,79,0,391,0,351,90,0,441,26,6,32,473
06/15/2002,HYA,MA,ANE,EN,Federal Contract Tower,0,170,33,0,203,0,20,0,0,20,0,190,33,0,223,0,0,0,223
06/16/2002,HYA,MA,ANE,EN,Federal Contract Tower,0,120,37,0,157,0,150,23,0,173,0,270,60,0,330,22,0,22,352
06/17/2002,HYA,MA,ANE,EN,Federal Contract Tower,0,49,15,0,64,0,291,113,0,404,0,340,128,0,468,36,2,38,506
06/18/2002,HYA,MA,ANE,EN,Federal Contract Tower,0,47,14,0,61,0,245,79,0,324,0,292,93,0,385,36,0,36,421
06/19/2002,HYA,MA,ANE,EN,Federal Contract Tower,0,45,13,0,58,0,235,72,0,307,0,280,85,0,365,30,0,30,395
06/20/2002,HYA,MA,ANE,EN,Federal Contract Tower,0,42,12,0,54,0,287,94,0,381,0,329,106,0,435,32,8,40,475
06/21/2002,HYA,MA,ANE,EN,Federal Contract Tower,0,47,14,0,61,0,342,169,0,511,0,389,183,0,572,20,0,20,592
06/22/2002,HYA,MA,ANE,EN,Federal Contract Tower,0,51,15,0,66,0,164,89,3,256,0,215,104,3,322,28,0,28,350
06/23/2002,HYA,MA,ANE,EN,Federal Contract Tower,0,138,42,0,180,0,149,84,0,233,0,287,126,0,413,8,0,8,421
06/24/2002,HYA,MA,ANE,EN,Federal Contract Tower,0,56,17,0,73,0,314,87,0,401,0,370,104,0,474,18,2,20,494
06/25/2002,HYA,MA,ANE,EN,Federal Contract Tower,0,50,15,0,65,0,268,141,0,409,0,318,156,0,474,54,6,60,534
06/26/2002,HYA,MA,ANE,EN,Federal Contract Tower,0,141,43,0,184,0,170,26,0,196,0,311,69,0,380,34,2,36,416
06/27/2002,HYA,MA,ANE,EN,Federal Contract Tower,0,193,48,0,241,0,125,0,0,125,0,318,48,0,366,28,0,28,394
06/28/2002,HYA,MA,ANE,EN,Federal Contract Tower,0,212,66,0,278,2,161,67,0,230,2,373,133,0,508,8,0,8,516
06/29/2002,HYA,MA,ANE,EN,Federal Contract Tower,0,62,19,0,81,0,225,139,0,364,0,287,158,0,445,50,2,52,497
06/30/2002,HYA,MA,ANE,EN,Federal Contract Tower,0,216,67,0,283,0,67,59,0,126,0,283,126,0,409,10,0,10,419
07/01/2002,HYA,MA,ANE,EN,Federal Contract Tower,0,136,67,0,203,0,195,54,0,249,0,331,121,0,452,28,6,34,486
07/02/2002,HYA,MA,ANE,EN,Federal Contract Tower,0,76,37,0,113,0,251,51,2,304,0,327,88,2,417,44,8,52,469
07/03/2002,HYA,MA,ANE,EN,Federal Contract Tower,0,68,33,0,101,0,325,71,14,410,0,393,104,14,511,14,2,16,527
07/04/2002,HYA,MA,ANE,EN,Federal Contract Tower,0,33,16,0,49,0,215,29,0,244,0,248,45,0,293,60,0,60,353
07/05/2002,HYA,MA,ANE,EN,Federal Contract Tower,0,35,17,0,52,0,263,118,0,381,0,298,135,0,433,60,4,64,497
07/06/2002,HYA,MA,ANE,EN,Federal Contract Tower,0,26,14,0,40,0,264,116,0,380,0,290,130,0,420,72,0,72,492
07/07/2002,HYA,MA,ANE,EN,Federal Contract Tower,0,124,61,0,185,0,276,82,0,358,0,400,143,0,543,24,0,24,567
07/08/2002,HYA,MA,ANE,EN,Federal Contract Tower,0,68,33,0,101,0,281,55,2,338,0,349,88,2,439,48,2,50,489
07/09/2002,HYA,MA,ANE,EN,Federal Contract Tower,0,134,65,0,199,0,200,25,6,231,0,334,90,6,430,26,0,26,456
07/10/2002,HYA,MA,ANE,EN,Federal Contract Tower,0,63,31,0,94,0,227,61,2,290,0,290,92,2,384,30,6,36,420
07/11/2002,HYA,MA,ANE,EN,Federal Contract Tower,0,45,22,0,67,0,266,83,2,351,0,311,105,2,418,34,8,42,460
07/12/2002,HYA,MA,ANE,EN,Federal Contract Tower,0,50,24,0,74,0,335,164,0,499,0,385,188,0,573,64,0,64,637
07/13/2002,HYA,MA,ANE,EN,Federal Contract Tower,0,40,19,0,59,0,262,88,0,350,0,302,107,0,409,68,6,74,483
07/14/2002,HYA,MA,ANE,EN,Federal Contract Tower,0,75,36,1,112,0,263,114,1,378,0,338,150,2,490,48,0,48,538
07/15/2002,HYA,MA,ANE,EN,Federal Contract Tower,0,102,49,0,151,0,244,66,0,310,0,346,115,0,461,26,2,28,489
07/16/2002,HYA,MA,ANE,EN,Federal Contract Tower,0,26,13,0,39,0,270,85,0,355,0,296,98,0,394,62,0,62,456
07/17/2002,HYA,MA,ANE,EN,Federal Contract Tower,0,35,16,0,51,0,232,104,0,336,0,267,120,0,387,64,2,66,453
07/18/2002,HYA,MA,ANE,EN,Federal Contract Tower,0,42,20,0,62,0,303,64,0,367,0,345,84,0,429,30,2,32,461
07/19/2002,HYA,MA,ANE,EN,Federal Contract Tower,0,244,99,0,343,0,110,0,0,110,0,354,99,0,453,10,0,10,463
07/20/2002,HYA,MA,ANE,EN,Federal Contract Tower,0,157,75,0,232,0,131,60,0,191,0,288,135,0,423,2,0,2,425
07/21/2002,HYA,MA,ANE,EN,Federal Contract Tower,0,65,30,0,95,0,274,106,0,380,0,339,136,0,475,42,4,46,521
07/22/2002,HYA,MA,ANE,EN,Federal Contract Tower,0,141,68,0,209,0,195,60,0,255,0,336,128,0,464,18,4,22,486
07/23/2002,HYA,MA,ANE,EN,Federal Contract Tower,0,108,52,0,160,0,190,5,0,195,0,298,57,0,355,10,0,10,365
07/24/2002,HYA,MA,ANE,EN,Federal Contract Tower,0,167,77,0,244,0,146,0,0,146,0,313,77,0,390,12,0,12,402
07/25/2002,HYA,MA,ANE,EN,Federal Contract Tower,0,63,30,0,93,0,231,108,0,339,0,294,138,0,432,57,0,57,489
07/26/2002,HYA,MA,ANE,EN,Federal Contract Tower,0,66,31,0,97,0,306,114,0,420,0,372,145,0,517,60,0,60,577
07/27/2002,HYA,MA,ANE,EN,Federal Contract Tower,0,62,29,0,91,0,150,22,0,172,0,212,51,0,263,22,0,22,285
07/28/2002,HYA,MA,ANE,EN,Federal Contract Tower,0,193,90,0,283,0,139,0,0,139,0,332,90,0,422,120,0,120,542
07/29/2002,HYA,MA,ANE,EN,Federal Contract Tower,0,87,41,0,128,0,288,109,2,399,0,375,150,2,527,48,2,50,577
07/30/2002,HYA,MA,ANE,EN,Federal Contract Tower,0,90,42,0,132,0,195,78,0,273,0,285,120,0,405,56,0,56,461
07/31/2002,HYA,MA,ANE,EN,Federal Contract Tower,0,45,21,0,66,0,295,123,0,418,0,340,144,0,484,52,0,52,536
08/01/2002,HYA,MA,ANE,EN,Federal Contract Tower,0,40,30,0,70,0,256,100,0,356,0,296,130,0,426,26,2,28,454
08/02/2002,HYA,MA,ANE,EN,Federal Contract Tower,0,76,47,0,123,0,272,85,2,359,0,348,132,2,482,22,0,22,504
08/03/2002,HYA,MA,ANE,EN,Federal Contract Tower,0,45,27,1,73,0,286,91,0,377,0,331,118,1,450,44,0,44,494
08/04/2002,HYA,MA,ANE,EN,Federal Contract Tower,0,163,60,1,224,0,160,104,0,264,0,323,164,1,488,38,0,38,526
08/05/2002,HYA,MA,ANE,EN,Federal Contract Tower,0,243,68,0,311,0,66,19,0,85,0,309,87,0,396,16,0,16,412
08/06/2002,HYA,MA,ANE,EN,Federal Contract Tower,0,34,29,0,63,0,269,80,0,349,0,303,109,0,412,30,0,30,442
08/07/2002,HYA,MA,ANE,EN,Federal Contract Tower,0,37,40,0,77,0,263,151,0,414,0,300,191,0,491,48,0,48,539
08/08/2002,HYA,MA,ANE,EN,Federal Contract Tower,0,41,40,0,81,0,281,108,0,389,0,322,148,0,470,44,6,50,520
08/09/2002,HYA,MA,ANE,EN,Federal Contract Tower,0,38,37,0,75,0,400,118,0,518,0,438,155,0,593,38,0,38,631
08/10/2002,HYA,MA,ANE,EN,Federal Contract Tower,0,31,22,0,53,0,253,115,0,368,0,284,137,0,421,48,4,52,473
08/11/2002,HYA,MA,ANE,EN,Federal Contract Tower,0,45,47,0,92,0,325,138,0,463,0,370,185,0,555,64,0,64,619
08/12/2002,HYA,MA,ANE,EN,Federal Contract Tower,0,75,37,0,112,0,275,102,2,379,0,350,139,2,491,34,2,36,527
08/13/2002,HYA,MA,ANE,EN,Federal Contract Tower,0,94,37,0,131,0,186,67,0,253,0,280,104,0,384,42,0,42,426
08/14/2002,HYA,MA,ANE,EN,Federal Contract Tower,0,84,33,0,117,0,262,81,0,343,0,346,114,0,460,42,0,42,502
08/15/2002,HYA,MA,ANE,EN,Federal Contract Tower,0,174,62,0,236,0,165,50,0,215,0,339,112,0,451,42,2,44,495
08/16/2002,HYA,MA,ANE,EN,Federal Contract Tower,0,256,79,0,335,0,140,32,0,172,0,396,111,0,507,2,2,4,511
08/17/2002,HYA,MA,ANE,EN,Federal Contract Tower,0,50,25,0,75,0,265,84,0,349,0,315,109,0,424,62,0,62,486
08/18/2002,HYA,MA,ANE,EN,Federal Contract Tower,0,202,66,1,269,0,88,59,1,148,0,290,125,2,417,18,2,20,437
08/19/2002,HYA,MA,ANE,EN,Federal Contract Tower,0,260,40,0,300,0,107,100,0,207,0,367,140,0,507,78,2,80,587
08/20/2002,HYA,MA,ANE,EN,Federal Contract Tower,0,159,46,0,205,0,160,28,0,188,0,319,74,0,393,10,2,12,405
08/21/2002,HYA,MA,ANE,EN,Federal Contract Tower,0,30,23,0,53,0,260,109,0,369,0,290,132,0,422,94,2,96,518
08/22/2002,HYA,MA,ANE,EN,Federal Contract Tower,0,39,36,0,75,0,254,115,0,369,0,293,151,0,444,48,10,58,502
08/23/2002,HYA,MA,ANE,EN,Federal Contract Tower,0,242,84,0,326,0,75,25,0,100,0,317,109,0,426,6,6,12,438
08/24/2002,HYA,MA,ANE,EN,Federal Contract Tower,0,191,42,0,233,0,74,30,0,104,0,265,72,0,337,10,4,14,351
08/25/2002,HYA,MA,ANE,EN,Federal Contract Tower,0,125,56,0,181,0,225,50,0,275,0,350,106,0,456,50,0,50,506
08/26/2002,HYA,MA,ANE,EN,Federal Contract Tower,0,78,46,0,124,0,275,81,0,356,0,353,127,0,480,56,0,56,536
08/27/2002,HYA,MA,ANE,EN,Federal Contract Tower,0,37,23,0,60,0,245,95,2,342,0,282,118,2,402,62,0,62,464
08/28/2002,HYA,MA,ANE,EN,Federal Contract Tower,0,25,27,0,52,0,250,93,2,345,0,275,120,2,397,60,0,60,457
08/29/2002,HYA,MA,ANE,EN,Federal Contract Tower,0,127,62,0,189,0,164,20,0,184,0,291,82,0,373,58,0,58,431
08/30/2002,HYA,MA,ANE,EN,Federal Contract Tower,0,196,54,0,250,0,202,52,0,254,0,398,106,0,504,18,0,18,522
08/31/2002,HYA,MA,ANE,EN,Federal Contract Tower,0,82,27,0,109,0,236,43,0,279,0,318,70,0,388,14,0,14,402
09/01/2002,HYA,MA,ANE,EN,Federal Contract Tower,0,33,30,0,63,0,217,36,0,253,0,250,66,0,316,50,0,50,366
09/02/2002,HYA,MA,ANE,EN,Federal Contract Tower,0,141,41,0,182,0,304,58,0,362,0,445,99,0,544,0,0,0,544
09/03/2002,HYA,MA,ANE,EN,Federal Contract Tower,0,293,51,0,344,0,0,0,0,0,0,293,51,0,344,0,0,0,344
09/04/2002,HYA,MA,ANE,EN,Federal Contract Tower,0,133,30,0,163,0,102,25,0,127,0,235,55,0,290,20,0,20,310
09/05/2002,HYA,MA,ANE,EN,Federal Contract Tower,0,35,14,0,49,0,260,77,0,337,0,295,91,0,386,30,0,30,416
09/06/2002,HYA,MA,ANE,EN,Federal Contract Tower,0,38,23,0,61,0,297,122,2,421,0,335,145,2,482,30,6,36,518
09/07/2002,HYA,MA,ANE,EN,Federal Contract Tower,0,33,16,0,49,0,184,185,0,369,0,217,201,0,418,72,0,72,490
09/08/2002,HYA,MA,ANE,EN,Federal Contract Tower,0,30,29,0,59,0,255,121,0,376,0,285,150,0,435,30,0,30,465
09/09/2002,HYA,MA,ANE,EN,Federal Contract Tower,0,32,13,1,46,0,281,97,0,378,0,313,110,1,424,34,4,38,462
09/10/2002,HYA,MA,ANE,EN,Federal Contract Tower,0,157,38,0,195,0,101,54,0,155,0,258,92,0,350,48,0,48,398
09/11/2002,HYA,MA,ANE,EN,Federal Contract Tower,0,68,13,0,81,0,156,18,0,174,0,224,31,0,255,6,0,6,261
09/12/2002,HYA,MA,ANE,EN,Federal Contract Tower,0,29,16,0,45,0,229,57,0,286,0,258,73,0,331,16,8,24,355
09/13/2002,HYA,MA,ANE,EN,Federal Contract Tower,0,28,24,0,52,0,409,95,0,504,0,437,119,0,556,42,0,42,598
09/14/2002,HYA,MA,ANE,EN,Federal Contract Tower,0,29,17,0,46,0,239,95,0,334,0,268,112,0,380,42,2,44,424
09/15/2002,HYA,MA,ANE,EN,Federal Contract Tower,0,130,30,0,160,0,145,9,0,154,0,275,39,0,314,6,2,8,322
09/16/2002,HYA,MA,ANE,EN,Federal Contract Tower,0,240,62,0,302,0,38,3,0,41,0,278,65,0,343,0,0,0,343
09/17/2002,HYA,MA,ANE,EN,Federal Contract Tower,0,150,20,0,170,0,113,26,0,139,0,263,46,0,309,14,0,14,323
09/18/2002,HYA,MA,ANE,EN,Federal Contract Tower,0,33,23,0,56,0,202,66,0,268,0,235,89,0,324,26,0,26,350
09/19/2002,HYA,MA,ANE,EN,Federal Contract Tower,0,32,17,0,49,0,227,63,0,290,0,259,80,0,339,22,4,26,365
09/20/2002,HYA,MA,ANE,EN,Federal Contract Tower,0,30,24,0,54,0,275,77,0,352,0,305,101,0,406,24,0,24,430
09/21/2002,HYA,MA,ANE,EN,Federal Contract Tower,0,23,11,0,34,0,245,89,0,334,0,268,100,0,368,22,0,22,390
09/22/2002,HYA,MA,ANE,EN,Federal Contract Tower,0,182,46,0,228,0,133,64,0,197,0,315,110,0,425,28,0,28,453
09/23/2002,HYA,MA,ANE,EN,Federal Contract Tower,0,228,18,0,246,0,10,4,0,14,0,238,22,0,260,0,0,0,260
09/24/2002,HYA,MA,ANE,EN,Federal Contract Tower,0,225,31,0,256,0,0,0,0,0,0,225,31,0,256,0,0,0,256
09/25/2002,HYA,MA,ANE,EN,Federal Contract Tower,0,70,25,0,95,0,159,65,0,224,0,229,90,0,319,10,0,10,329
09/26/2002,HYA,MA,ANE,EN,Federal Contract Tower,0,115,26,0,141,0,133,29,0,162,0,248,55,0,303,8,0,8,311
09/27/2002,HYA,MA,ANE,EN,Federal Contract Tower,0,246,21,0,267,0,0,0,0,0,0,246,21,0,267,0,2,2,269
09/28/2002,HYA,MA,ANE,EN,Federal Contract Tower,0,63,12,0,75,0,170,35,0,205,0,233,47,0,280,16,2,18,298
09/29/2002,HYA,MA,ANE,EN,Federal Contract Tower,0,20,17,0,37,0,256,92,0,348,0,276,109,0,385,80,0,80,465
09/30/2002,HYA,MA,ANE,EN,Federal Contract Tower,0,27,16,0,43,0,274,84,0,358,0,301,100,0,401,28,0,28,429
10/01/2002,HYA,MA,ANE,EN,Federal Contract Tower,0,19,14,0,33,0,211,53,0,264,0,230,67,0,297,30,0,30,327
10/02/2002,HYA,MA,ANE,EN,Federal Contract Tower,0,103,12,0,115,0,162,41,0,203,0,265,53,0,318,44,2,46,364
10/03/2002,HYA,MA,ANE,EN,Federal Contract Tower,0,129,44,0,173,0,143,18,0,161,0,272,62,0,334,22,0,22,356
10/04/2002,HYA,MA,ANE,EN,Federal Contract Tower,0,42,20,0,62,0,304,72,0,376,0,346,92,0,438,26,0,26,464
10/05/2002,HYA,MA,ANE,EN,Federal Contract Tower,0,98,9,0,107,0,134,34,0,168,0,232,43,0,275,4,6,10,285
10/06/2002,HYA,MA,ANE,EN,Federal Contract Tower,0,25,20,0,45,0,287,72,0,359,0,312,92,0,404,40,2,42,446
10/07/2002,HYA,MA,ANE,EN,Federal Contract Tower,0,50,18,0,68,0,220,37,0,257,0,270,55,0,325,40,3,43,368
10/08/2002,HYA,MA,ANE,EN,Federal Contract Tower,0,19,23,0,42,0,237,104,2,343,0,256,127,2,385,64,0,64,449
10/09/2002,HYA,MA,ANE,EN,Federal Contract Tower,0,27,14,0,41,0,261,70,0,331,0,288,84,0,372,34,4,38,410
10/10/2002,HYA,MA,ANE,EN,Federal Contract Tower,0,19,23,0,42,0,276,69,5,350,0,295,92,5,392,30,6,36,428
10/11/2002,HYA,MA,ANE,EN,Federal Contract Tower,0,176,34,0,210,0,157,13,0,170,0,333,47,0,380,0,0,0,380
10/12/2002,HYA,MA,ANE,EN,Federal Contract Tower,0,244,23,0,267,0,104,9,0,113,0,348,32,0,380,0,0,0,380
10/13/2002,HYA,MA,ANE,EN,Federal Contract Tower,0,214,17,0,231,0,6,0,0,6,0,220,17,0,237,0,0,0,237
10/14/2002,HYA,MA,ANE,EN,Federal Contract Tower,0,30,16,0,46,0,499,75,0,574,0,529,91,0,620,14,0,14,634
10/15/2002,HYA,MA,ANE,EN,Federal Contract Tower,0,25,21,0,46,0,313,111,0,424,0,338,132,0,470,68,0,68,538
10/16/2002,HYA,MA,ANE,EN,Federal Contract Tower,0,107,7,2,116,0,29,0,0,29,0,136,7,2,145,0,0,0,145
10/17/2002,HYA,MA,ANE,EN,Federal Contract Tower,0,29,28,0,57,0,256,90,0,346,0,285,118,0,403,34,0,34,437
10/18/2002,HYA,MA,ANE,EN,Federal Contract Tower,0,23,21,0,44,0,311,83,0,394,0,334,104,0,438,22,4,26,464
10/19/2002,HYA,MA,ANE,EN,Federal Contract Tower,0,18,11,0,29,0,173,41,0,214,0,191,52,0,243,14,2,16,259
10/20/2002,HYA,MA,ANE,EN,Federal Contract Tower,0,19,12,0,31,0,293,94,0,387,0,312,106,0,418,32,0,32,450
10/21/2002,HYA,MA,ANE,EN,Federal Contract Tower,0,22,11,0,33,0,270,82,0,352,0,292,93,0,385,62,0,62,447
10/22/2002,HYA,MA,ANE,EN,Federal Contract Tower,0,25,14,0,39,0,243,79,0,322,0,268,93,0,361,40,0,40,401
10/23/2002,HYA,MA,ANE,EN,Federal Contract Tower,0,57,34,0,91,0,193,15,0,208,0,250,49,0,299,30,0,30,329
10/24/2002,HYA,MA,ANE,EN,Federal Contract Tower,0,31,21,0,52,0,245,68,0,313,0,276,89,0,365,36,0,36,401
10/25/2002,HYA,MA,ANE,EN,Federal Contract Tower,0,23,10,0,33,0,244,66,0,310,0,267,76,0,343,22,4,26,369
10/26/2002,HYA,MA,ANE,EN,Federal Contract Tower,0,107,12,0,119,0,58,2,0,60,0,165,14,0,179,0,0,0,179
10/27/2002,HYA,MA,ANE,EN,Federal Contract Tower,0,19,10,0,29,0,193,49,0,242,0,212,59,0,271,46,0,46,317
10/28/2002,HYA,MA,ANE,EN,Federal Contract Tower,0,22,9,0,31,0,239,66,0,305,0,261,75,0,336,46,0,46,382
10/29/2002,HYA,MA,ANE,EN,Federal Contract Tower,0,19,12,0,31,0,232,59,0,291,0,251,71,0,322,26,0,26,348
10/30/2002,HYA,MA,ANE,EN,Federal Contract Tower,0,21,7,0,28,0,208,23,0,231,0,229,30,0,259,22,0,22,281
10/31/2002,HYA,MA,ANE,EN,Federal Contract Tower,0,22,6,0,28,0,195,56,0,251,0,217,62,0,279,44,0,44,323
11/01/2002,HYA,MA,ANE,EN,Federal Contract Tower,0,18,14,0,32,0,251,53,0,304,0,269,67,0,336,10,0,10,346
11/02/2002,HYA,MA,ANE,EN,Federal Contract Tower,0,20,8,0,28,0,141,48,0,189,0,161,56,0,217,28,0,28,245
11/03/2002,HYA,MA,ANE,EN,Federal Contract Tower,0,13,14,0,27,0,190,122,0,312,0,203,136,0,339,26,0,26,365
11/04/2002,HYA,MA,ANE,EN,Federal Contract Tower,0,16,10,0,26,0,195,65,0,260,0,211,75,0,286,20,0,20,306
11/05/2002,HYA,MA,ANE,EN,Federal Contract Tower,0,13,6,0,19,0,229,62,0,291,0,242,68,0,310,26,0,26,336
11/06/2002,HYA,MA,ANE,EN,Federal Contract Tower,0,127,1,0,128,0,5,0,0,5,0,132,1,0,133,0,0,0,133
11/07/2002,HYA,MA,ANE,EN,Federal Contract Tower,0,11,11,0,22,0,240,42,0,282,0,251,53,0,304,20,0,20,324
11/08/2002,HYA,MA,ANE,EN,Federal Contract Tower,0,11,12,0,23,0,328,60,0,388,0,339,72,0,411,10,0,10,421
11/09/2002,HYA,MA,ANE,EN,Federal Contract Tower,0,11,8,0,19,0,161,77,0,238,0,172,85,0,257,14,0,14,271
11/10/2002,HYA,MA,ANE,EN,Federal Contract Tower,0,45,16,0,61,0,125,38,0,163,0,170,54,0,224,8,0,8,232
11/11/2002,HYA,MA,ANE,EN,Federal Contract Tower,0,171,14,0,185,0,19,0,0,19,0,190,14,0,204,0,0,0,204
11/12/2002,HYA,MA,ANE,EN,Federal Contract Tower,0,72,11,0,83,0,120,35,0,155,0,192,46,0,238,12,0,12,250
11/13/2002,HYA,MA,ANE,EN,Federal Contract Tower,0,183,15,0,198,0,9,1,0,10,0,192,16,0,208,4,0,4,212
11/14/2002,HYA,MA,ANE,EN,Federal Contract Tower,0,14,14,0,28,0,233,62,0,295,0,247,76,0,323,58,0,58,381
11/15/2002,HYA,MA,ANE,EN,Federal Contract Tower,0,16,15,0,31,0,227,77,0,304,0,243,92,0,335,24,0,24,359
11/16/2002,HYA,MA,ANE,EN,Federal Contract Tower,0,100,9,0,109,0,27,5,0,32,0,127,14,0,141,0,0,0,141
11/17/2002,HYA,MA,ANE,EN,Federal Contract Tower,0,104,3,0,107,0,0,0,0,0,0,104,3,0,107,0,0,0,107
11/18/2002,HYA,MA,ANE,EN,Federal Contract Tower,0,37,9,0,46,0,204,13,0,217,0,241,22,0,263,10,0,10,273
11/19/2002,HYA,MA,ANE,EN,Federal Contract Tower,0,23,13,0,36,0,214,50,0,264,0,237,63,0,300,24,2,26,326
11/20/2002,HYA,MA,ANE,EN,Federal Contract Tower,0,14,12,0,26,0,188,102,0,290,0,202,114,0,316,64,2,66,382
11/21/2002,HYA,MA,ANE,EN,Federal Contract Tower,0,60,13,0,73,0,184,19,0,203,0,244,32,0,276,6,0,6,282
11/22/2002,HYA,MA,ANE,EN,Federal Contract Tower,0,136,18,0,154,0,0,0,0,0,0,136,18,0,154,0,0,0,154
11/23/2002,HYA,MA,ANE,EN,Federal Contract Tower,0,23,5,0,28,0,189,11,0,200,0,212,16,0,228,2,0,2,230
11/24/2002,HYA,MA,ANE,EN,Federal Contract Tower,0,17,8,0,25,0,186,41,0,227,0,203,49,0,252,14,0,14,266
11/25/2002,HYA,MA,ANE,EN,Federal Contract Tower,0,14,9,0,23,0,238,84,0,322,0,252,93,0,345,52,0,52,397
11/26/2002,HYA,MA,ANE,EN,Federal Contract Tower,0,53,23,0,76,0,257,76,0,333,0,310,99,0,409,40,0,40,449
11/27/2002,HYA,MA,ANE,EN,Federal Contract Tower,0,154,18,0,172,0,140,2,0,142,0,294,20,0,314,8,0,8,322
11/28/2002,HYA,MA,ANE,EN,Federal Contract Tower,0,14,5,0,19,0,146,16,0,162,0,160,21,0,181,10,0,10,191
11/29/2002,HYA,MA,ANE,EN,Federal Contract Tower,0,25,12,1,38,0,224,50,0,274,0,249,62,1,312,10,0,10,322
11/30/2002,HYA,MA,ANE,EN,Federal Contract Tower,0,20,12,0,32,0,203,34,0,237,0,223,46,0,269,24,2,26,295
12/01/2002,HYA,MA,ANE,EN,Federal Contract Tower,0,21,13,0,34,0,351,25,0,376,0,372,38,0,410,6,0,6,416
12/02/2002,HYA,MA,ANE,EN,Federal Contract Tower,0,28,10,0,38,0,273,60,0,333,0,301,70,0,371,40,0,40,411
12/03/2002,HYA,MA,ANE,EN,Federal Contract Tower,0,28,10,0,38,0,195,12,0,207,0,223,22,0,245,10,0,10,255
12/04/2002,HYA,MA,ANE,EN,Federal Contract Tower,0,20,12,0,32,0,236,66,0,302,0,256,78,0,334,72,0,72,406
12/05/2002,HYA,MA,ANE,EN,Federal Contract Tower,0,27,7,0,34,0,73,16,0,89,0,100,23,0,123,10,2,12,135
12/06/2002,HYA,MA,ANE,EN,Federal Contract Tower,0,223,26,0,249,0,128,2,0,130,0,351,28,0,379,0,0,0,379
12/07/2002,HYA,MA,ANE,EN,Federal Contract Tower,0,13,6,0,19,0,235,75,0,310,0,248,81,0,329,12,2,14,343
12/08/2002,HYA,MA,ANE,EN,Federal Contract Tower,0,15,8,2,25,0,379,86,0,465,0,394,94,2,490,38,6,44,534
12/09/2002,HYA,MA,ANE,EN,Federal Contract Tower,0,12,13,0,25,0,266,97,0,363,0,278,110,0,388,20,0,20,408
12/10/2002,HYA,MA,ANE,EN,Federal Contract Tower,0,16,12,0,28,0,218,53,0,271,0,234,65,0,299,18,6,24,323
12/11/2002,HYA,MA,ANE,EN,Federal Contract Tower,0,11,5,1,17,0,210,44,0,254,0,221,49,1,271,52,0,52,323
12/12/2002,HYA,MA,ANE,EN,Federal Contract Tower,0,185,2,2,189,0,8,3,0,11,0,193,5,2,200,0,0,0,200
12/13/2002,HYA,MA,ANE,EN,Federal Contract Tower,0,13,15,0,28,0,214,90,0,304,0,227,105,0,332,104,0,104,436
12/14/2002,HYA,MA,ANE,EN,Federal Contract Tower,0,107,12,0,119,0,27,0,0,27,0,134,12,0,146,0,0,0,146
12/15/2002,HYA,MA,ANE,EN,Federal Contract Tower,0,12,12,0,24,0,186,75,0,261,0,198,87,0,285,24,0,24,309
12/16/2002,HYA,MA,ANE,EN,Federal Contract Tower,0,129,4,0,133,0,65,7,0,72,0,194,11,0,205,0,0,0,205
12/17/2002,HYA,MA,ANE,EN,Federal Contract Tower,0,34,10,0,44,0,186,22,0,208,0,220,32,0,252,8,2,10,262
12/18/2002,HYA,MA,ANE,EN,Federal Contract Tower,0,15,8,0,23,0,234,116,0,350,0,249,124,0,373,46,4,50,423
12/19/2002,HYA,MA,ANE,EN,Federal Contract Tower,0,24,7,0,31,0,219,73,0,292,0,243,80,0,323,18,0,18,341
12/20/2002,HYA,MA,ANE,EN,Federal Contract Tower,0,150,10,0,160,0,68,9,0,77,0,218,19,0,237,0,4,4,241
12/21/2002,HYA,MA,ANE,EN,Federal Contract Tower,0,11,5,0,16,0,153,39,0,192,0,164,44,0,208,0,4,4,212
12/22/2002,HYA,MA,ANE,EN,Federal Contract Tower,0,23,4,0,27,0,172,62,3,237,0,195,66,3,264,42,0,42,306
12/23/2002,HYA,MA,ANE,EN,Federal Contract Tower,0,16,10,0,26,0,267,74,0,341,0,283,84,0,367,62,4,66,433
12/24/2002,HYA,MA,ANE,EN,Federal Contract Tower,0,12,1,0,13,0,201,52,0,253,0,213,53,0,266,10,0,10,276
12/25/2002,HYA,MA,ANE,EN,Federal Contract Tower,0,36,0,0,36,0,23,0,0,23,0,59,0,0,59,0,0,0,59
12/26/2002,HYA,MA,ANE,EN,Federal Contract Tower,0,13,5,0,18,0,206,11,2,219,0,219,16,2,237,18,2,20,257
12/27/2002,HYA,MA,ANE,EN,Federal Contract Tower,0,11,18,0,29,0,222,59,0,281,0,233,77,0,310,16,0,16,326
12/28/2002,HYA,MA,ANE,EN,Federal Contract Tower,0,9,12,0,21,0,140,57,0,197,0,149,69,0,218,28,0,28,246
12/29/2002,HYA,MA,ANE,EN,Federal Contract Tower,0,15,5,0,20,0,148,64,0,212,0,163,69,0,232,48,0,48,280
12/30/2002,HYA,MA,ANE,EN,Federal Contract Tower,0,8,11,0,19,0,245,91,0,336,0,253,102,0,355,42,0,42,397
12/31/2002,HYA,MA,ANE,EN,Federal Contract Tower,0,107,6,0,113,0,38,3,0,41,0,145,9,0,154,0,0,0,154
01/01/2003,HYA,MA,ANE,EN,Federal Contract Tower,0,28,7,0,35,0,88,10,0,98,0,116,17,0,133,4,2,6,139
01/02/2003,HYA,MA,ANE,EN,Federal Contract Tower,0,94,7,0,101,0,71,1,0,72,0,165,8,0,173,0,0,0,173
01/03/2003,HYA,MA,ANE,EN,Federal Contract Tower,0,67,4,0,71,0,154,14,2,170,0,221,18,2,241,2,0,2,243
01/04/2003,HYA,MA,ANE,EN,Federal Contract Tower,0,108,6,0,114,0,0,0,0,0,0,108,6,0,114,0,0,0,114
01/05/2003,HYA,MA,ANE,EN,Federal Contract Tower,0,18,6,0,24,0,142,58,0,200,0,160,64,0,224,20,2,22,246
01/06/2003,HYA,MA,ANE,EN,Federal Contract Tower,0,178,17,0,195,0,37,5,0,42,0,215,22,0,237,26,0,26,263
01/07/2003,HYA,MA,ANE,EN,Federal Contract Tower,0,101,14,0,115,0,114,2,0,116,0,215,16,0,231,2,0,2,233
01/08/2003,HYA,MA,ANE,EN,Federal Contract Tower,0,61,4,0,65,0,136,25,0,161,0,197,29,0,226,12,0,12,238
01/09/2003,HYA,MA,ANE,EN,Federal Contract Tower,0,27,7,0,34,0,212,33,0,245,0,239,40,0,279,24,0,24,303
01/10/2003,HYA,MA,ANE,EN,Federal Contract Tower,0,21,11,0,32,0,190,67,0,257,0,211,78,0,289,42,0,42,331
01/11/2003,HYA,MA,ANE,EN,Federal Contract Tower,0,13,3,0,16,0,162,57,0,219,0,175,60,0,235,0,0,0,235
01/12/2003,HYA,MA,ANE,EN,Federal Contract Tower,0,9,6,0,15,0,118,46,0,164,0,127,52,0,179,24,0,24,203
01/13/2003,HYA,MA,ANE,EN,Federal Contract Tower,0,8,8,0,16,0,238,48,0,286,0,246,56,0,302,2,0,2,304
01/14/2003,HYA,MA,ANE,EN,Federal Contract Tower,0,14,9,2,25,0,227,67,0,294,0,241,76,2,319,6,0,6,325
01/15/2003,HYA,MA,ANE,EN,Federal Contract Tower,0,9,4,0,13,0,174,60,2,236,0,183,64,2,249,42,2,44,293
01/16/2003,HYA,MA,ANE,EN,Federal Contract Tower,0,9,7,0,16,0,212,51,0,263,0,221,58,0,279,40,2,42,321
01/17/2003,HYA,MA,ANE,EN,Federal Contract Tower,0,106,13,2,121,0,68,13,0,81,0,174,26,2,202,0,4,4,206
01/18/2003,HYA,MA,ANE,EN,Federal Contract Tower,0,32,4,0,36,0,84,43,0,127,0,116,47,0,163,24,0,24,187
01/19/2003,HYA,MA,ANE,EN,Federal Contract Tower,0,25,1,0,26,0,89,19,0,108,0,114,20,0,134,4,0,4,138
01/20/2003,HYA,MA,ANE,EN,Federal Contract Tower,0,38,9,0,47,0,182,12,0,194,0,220,21,0,241,6,0,6,247
01/21/2003,HYA,MA,ANE,EN,Federal Contract Tower,0,13,8,0,21,0,218,30,0,248,0,231,38,0,269,10,0,10,279
01/22/2003,HYA,MA,ANE,EN,Federal Contract Tower,0,14,5,0,19,0,186,10,0,196,0,200,15,0,215,14,0,14,229
01/23/2003,HYA,MA,ANE,EN,Federal Contract Tower,0,14,4,0,18,0,193,26,0,219,0,207,30,0,237,40,2,42,279
01/24/2003,HYA,MA,ANE,EN,Federal Contract Tower,0,34,6,0,40,0,209,31,0,240,0,243,37,0,280,12,2,14,294
01/25/2003,HYA,MA,ANE,EN,Federal Contract Tower,0,11,3,0,14,0,168,68,0,236,0,179,71,0,250,54,2,56,306
01/26/2003,HYA,MA,ANE,EN,Federal Contract Tower,0,12,7,0,19,0,151,42,0,193,0,163,49,0,212,40,2,42,254
01/27/2003,HYA,MA,ANE,EN,Federal Contract Tower,0,15,6,0,21,0,192,17,0,209,0,207,23,0,230,24,2,26,256
01/28/2003,HYA,MA,ANE,EN,Federal Contract Tower,0,15,8,0,23,0,203,47,0,250,0,218,55,0,273,40,0,40,313
01/29/2003,HYA,MA,ANE,EN,Federal Contract Tower,0,118,5,0,123,0,68,2,0,70,0,186,7,0,193,0,0,0,193
01/30/2003,HYA,MA,ANE,EN,Federal Contract Tower,0,14,4,0,18,0,228,57,0,285,0,242,61,0,303,50,8,58,361
01/31/2003,HYA,MA,ANE,EN,Federal Contract Tower,0,208,16,0,224,0,0,0,0,0,0,208,16,0,224,0,0,0,224
02/01/2003,HYA,MA,ANE,EN,Federal Contract Tower,0,74,4,0,78,0,1,0,0,1,0,75,4,0,79,0,0,0,79
02/02/2003,HYA,MA,ANE,EN,Federal Contract Tower,0,97,2,0,99,0,1,0,0,1,0,98,2,0,100,0,0,0,100
02/03/2003,HYA,MA,ANE,EN,Federal Contract Tower,0,8,3,0,11,0,186,60,0,246,0,194,63,0,257,20,0,20,277
02/04/2003,HYA,MA,ANE,EN,Federal Contract Tower,0,95,8,0,103,0,115,14,0,129,0,210,22,0,232,42,0,42,274
02/05/2003,HYA,MA,ANE,EN,Federal Contract Tower,0,8,4,0,12,0,207,47,0,254,0,215,51,0,266,32,0,32,298
02/06/2003,HYA,MA,ANE,EN,Federal Contract Tower,0,16,10,0,26,0,214,79,0,293,0,230,89,0,319,54,6,60,379
02/07/2003,HYA,MA,ANE,EN,Federal Contract Tower,0,17,1,0,18,0,1,0,0,1,0,18,1,0,19,0,0,0,19
02/08/2003,HYA,MA,ANE,EN,Federal Contract Tower,0,5,9,0,14,0,109,36,0,145,0,114,45,0,159,20,0,20,179
02/09/2003,HYA,MA,ANE,EN,Federal Contract Tower,0,8,4,0,12,0,127,56,0,183,0,135,60,0,195,12,2,14,209
02/10/2003,HYA,MA,ANE,EN,Federal Contract Tower,0,40,3,0,43,0,115,19,0,134,0,155,22,0,177,14,0,14,191
02/11/2003,HYA,MA,ANE,EN,Federal Contract Tower,0,6,6,0,12,0,164,23,0,187,0,170,29,0,199,12,2,14,213
02/12/2003,HYA,MA,ANE,EN,Federal Contract Tower,0,34,4,0,38,0,163,16,0,179,0,197,20,0,217,0,0,0,217
02/13/2003,HYA,MA,ANE,EN,Federal Contract Tower,0,20,10,1,31,0,190,43,0,233,0,210,53,1,264,18,10,28,292
02/14/2003,HYA,MA,ANE,EN,Federal Contract Tower,0,18,3,0,21,0,245,49,0,294,0,263,52,0,315,8,0,8,323
02/15/2003,HYA,MA,ANE,EN,Federal Contract Tower,0,9,5,0,14,0,126,28,0,154,0,135,33,0,168,24,0,24,192
02/16/2003,HYA,MA,ANE,EN,Federal Contract Tower,0,24,4,0,28,0,143,21,0,164,0,167,25,0,192,4,0,4,196
02/17/2003,HYA,MA,ANE,EN,Federal Contract Tower,0,36,7,0,43,0,5,1,0,6,0,41,8,0,49,0,0,0,49
02/18/2003,HYA,MA,ANE,EN,Federal Contract Tower,0,1,0,0,1,0,0,0,0,0,0,1,0,0,1,0,0,0,1
02/19/2003,HYA,MA,ANE,EN,Federal Contract Tower,0,16,11,0,27,0,199,39,0,238,0,215,50,0,265,10,0,10,275
02/20/2003,HYA,MA,ANE,EN,Federal Contract Tower,0,13,0,0,13,0,210,69,0,279,0,223,69,0,292,50,0,50,342
02/21/2003,HYA,MA,ANE,EN,Federal Contract Tower,0,11,12,1,24,0,233,82,0,315,0,244,94,1,339,36,4,40,379
02/22/2003,HYA,MA,ANE,EN,Federal Contract Tower,0,94,4,0,98,0,35,3,0,38,0,129,7,0,136,16,0,16,152
02/23/2003,HYA,MA,ANE,EN,Federal Contract Tower,0,32,4,0,36,0,1,0,0,1,0,33,4,0,37,0,0,0,37
02/24/2003,HYA,MA,ANE,EN,Federal Contract Tower,0,24,11,0,35,0,181,58,0,239,0,205,69,0,274,58,0,58,332
02/25/2003,HYA,MA,ANE,EN,Federal Contract Tower,0,11,4,0,15,0,201,61,0,262,0,212,65,0,277,10,0,10,287
02/26/2003,HYA,MA,ANE,EN,Federal Contract Tower,0,19,7,0,26,0,177,71,0,248,0,196,78,0,274,44,0,44,318
02/27/2003,HYA,MA,ANE,EN,Federal Contract Tower,0,13,5,0,18,0,180,57,0,237,0,193,62,0,255,16,6,22,277
02/28/2003,HYA,MA,ANE,EN,Federal Contract Tower,0,18,11,0,29,0,190,30,0,220,0,208,41,0,249,24,2,26,275
03/01/2003,HYA,MA,ANE,EN,Federal Contract Tower,0,7,4,0,11,0,136,61,0,197,0,143,65,0,208,48,0,48,256
03/02/2003,HYA,MA,ANE,EN,Federal Contract Tower,0,119,6,0,125,0,12,0,0,12,0,131,6,0,137,0,0,0,137
03/03/2003,HYA,MA,ANE,EN,Federal Contract Tower,0,14,3,0,17,0,239,24,0,263,0,253,27,0,280,2,0,2,282
03/04/2003,HYA,MA,ANE,EN,Federal Contract Tower,0,15,12,0,27,0,211,53,0,264,0,226,65,0,291,20,0,20,311
03/05/2003,HYA,MA,ANE,EN,Federal Contract Tower,0,114,1,0,115,0,51,8,0,59,0,165,9,0,174,0,0,0,174
03/06/2003,HYA,MA,ANE,EN,Federal Contract Tower,0,25,4,0,29,0,33,13,0,46,0,58,17,0,75,0,0,0,75
03/07/2003,HYA,MA,ANE,EN,Federal Contract Tower,0,12,5,0,17,0,157,42,0,199,0,169,47,0,216,38,4,42,258
03/08/2003,HYA,MA,ANE,EN,Federal Contract Tower,0,17,4,0,21,0,113,61,0,174,0,130,65,0,195,30,0,30,225
03/09/2003,HYA,MA,ANE,EN,Federal Contract Tower,0,5,6,0,11,0,121,10,0,131,0,126,16,0,142,8,0,8,150
03/10/2003,HYA,MA,ANE,EN,Federal Contract Tower,0,14,6,1,21,0,181,62,2,245,0,195,68,3,266,14,2,16,282
03/11/2003,HYA,MA,ANE,EN,Federal Contract Tower,0,18,1,0,19,0,235,60,0,295,0,253,61,0,314,38,2,40,354
03/12/2003,HYA,MA,ANE,EN,Federal Contract Tower,0,88,17,0,105,0,101,27,0,128,0,189,44,0,233,30,0,30,263
03/13/2003,HYA,MA,ANE,EN,Federal Contract Tower,0,107,2,0,109,0,53,6,0,59,0,160,8,0,168,0,0,0,168
03/14/2003,HYA,MA,ANE,EN,Federal Contract Tower,0,10,10,0,20,0,196,31,0,227,0,206,41,0,247,8,0,8,255
03/15/2003,HYA,MA,ANE,EN,Federal Contract Tower,0,1,8,0,9,0,143,60,0,203,0,144,68,0,212,50,0,50,262
03/16/2003,HYA,MA,ANE,EN,Federal Contract Tower,0,21,15,0,36,0,122,108,0,230,0,143,123,0,266,44,0,44,310
03/17/2003,HYA,MA,ANE,EN,Federal Contract Tower,0,121,29,0,150,0,30,19,0,49,0,151,48,0,199,34,0,34,233
03/18/2003,HYA,MA,ANE,EN,Federal Contract Tower,0,140,26,0,166,0,18,0,0,18,0,158,26,0,184,0,0,0,184
03/19/2003,HYA,MA,ANE,EN,Federal Contract Tower,0,11,5,0,16,0,198,71,0,269,0,209,76,0,285,36,0,36,321
03/20/2003,HYA,MA,ANE,EN,Federal Contract Tower,0,13,17,0,30,0,181,40,0,221,0,194,57,0,251,20,2,22,273
03/21/2003,HYA,MA,ANE,EN,Federal Contract Tower,0,52,19,0,71,0,2,0,0,2,0,54,19,0,73,0,0,0,73
03/22/2003,HYA,MA,ANE,EN,Federal Contract Tower,0,29,4,0,33,0,44,9,0,53,0,73,13,0,86,0,0,0,86
03/23/2003,HYA,MA,ANE,EN,Federal Contract Tower,0,10,10,0,20,0,130,86,0,216,0,140,96,0,236,42,2,44,280
03/24/2003,HYA,MA,ANE,EN,Federal Contract Tower,0,100,9,0,109,0,129,58,0,187,0,229,67,0,296,8,2,10,306
03/25/2003,HYA,MA,ANE,EN,Federal Contract Tower,0,184,18,0,202,0,0,0,0,0,0,184,18,0,202,0,0,0,202
03/26/2003,HYA,MA,ANE,EN,Federal Contract Tower,0,41,11,0,52,0,104,41,0,145,0,145,52,0,197,46,0,46,243
03/27/2003,HYA,MA,ANE,EN,Federal Contract Tower,0,17,8,0,25,0,198,80,2,280,0,215,88,2,305,24,0,24,329
03/28/2003,HYA,MA,ANE,EN,Federal Contract Tower,0,14,13,0,27,0,187,69,0,256,0,201,82,0,283,34,0,34,317
03/29/2003,HYA,MA,ANE,EN,Federal Contract Tower,0,64,9,0,73,0,100,20,0,120,0,164,29,0,193,14,0,14,207
03/30/2003,HYA,MA,ANE,EN,Federal Contract Tower,0,124,7,0,131,0,0,0,0,0,0,124,7,0,131,0,0,0,131
03/31/2003,HYA,MA,ANE,EN,Federal Contract Tower,0,82,8,0,90,0,109,11,0,120,0,191,19,0,210,4,0,4,214
04/01/2003,HYA,MA,ANE,EN,Federal Contract Tower,0,34,7,0,41,0,189,62,0,251,0,223,69,0,292,36,0,36,328
04/02/2003,HYA,MA,ANE,EN,Federal Contract Tower,0,38,14,0,52,0,161,51,0,212,0,199,65,0,264,64,0,64,328
04/03/2003,HYA,MA,ANE,EN,Federal Contract Tower,0,168,20,0,188,0,29,2,0,31,0,197,22,0,219,0,0,0,219
04/04/2003,HYA,MA,ANE,EN,Federal Contract Tower,0,190,23,0,213,0,17,0,0,17,0,207,23,0,230,0,0,0,230
04/05/2003,HYA,MA,ANE,EN,Federal Contract Tower,0,46,1,0,47,0,63,1,0,64,0,109,2,0,111,0,0,0,111
04/06/2003,HYA,MA,ANE,EN,Federal Contract Tower,0,9,12,0,21,0,154,55,0,209,0,163,67,0,230,6,0,6,236
04/07/2003,HYA,MA,ANE,EN,Federal Contract Tower,0,66,14,0,80,0,132,20,0,152,0,198,34,0,232,2,6,8,240
04/08/2003,HYA,MA,ANE,EN,Federal Contract Tower,0,105,7,0,112,0,41,3,0,44,0,146,10,0,156,0,0,0,156
04/09/2003,HYA,MA,ANE,EN,Federal Contract Tower,0,166,12,0,178,0,39,3,0,42,0,205,15,0,220,0,0,0,220
04/10/2003,HYA,MA,ANE,EN,Federal Contract Tower,0,46,22,0,68,0,191,54,0,245,0,237,76,0,313,18,10,28,341
04/11/2003,HYA,MA,ANE,EN,Federal Contract Tower,0,140,15,0,155,0,65,21,0,86,0,205,36,0,241,16,2,18,259
04/12/2003,HYA,MA,ANE,EN,Federal Contract Tower,0,96,8,0,104,0,36,5,0,41,0,132,13,0,145,2,0,2,147
04/13/2003,HYA,MA,ANE,EN,Federal Contract Tower,0,13,16,0,29,0,166,145,0,311,0,179,161,0,340,64,0,64,404
04/14/2003,HYA,MA,ANE,EN,Federal Contract Tower,0,13,12,0,25,0,239,107,2,348,0,252,119,2,373,80,0,80,453
04/15/2003,HYA,MA,ANE,EN,Federal Contract Tower,0,11,5,0,16,0,247,63,0,310,0,258,68,0,326,20,0,20,346
04/16/2003,HYA,MA,ANE,EN,Federal Contract Tower,0,13,22,0,35,0,213,47,0,260,0,226,69,0,295,44,0,44,339
04/17/2003,HYA,MA,ANE,EN,Federal Contract Tower,0,21,13,0,34,0,213,31,0,244,0,234,44,0,278,2,6,8,286
04/18/2003,HYA,MA,ANE,EN,Federal Contract Tower,0,22,16,0,38,0,228,56,2,286,0,250,72,2,324,46,10,56,380
04/19/2003,HYA,MA,ANE,EN,Federal Contract Tower,0,63,9,0,72,0,134,74,0,208,0,197,83,0,280,58,0,58,338
04/20/2003,HYA,MA,ANE,EN,Federal Contract Tower,0,14,14,0,28,0,177,94,0,271,0,191,108,0,299,14,0,14,313
04/21/2003,HYA,MA,ANE,EN,Federal Contract Tower,0,15,10,1,26,0,246,93,0,339,0,261,103,1,365,24,8,32,397
04/22/2003,HYA,MA,ANE,EN,Federal Contract Tower,0,197,26,0,223,0,0,0,0,0,0,197,26,0,223,0,0,0,223
04/23/2003,HYA,MA,ANE,EN,Federal Contract Tower,0,127,29,0,156,0,89,14,0,103,0,216,43,0,259,38,8,46,305
04/24/2003,HYA,MA,ANE,EN,Federal Contract Tower,0,18,14,0,32,0,241,37,0,278,0,259,51,0,310,21,6,27,337
04/25/2003,HYA,MA,ANE,EN,Federal Contract Tower,0,17,15,0,32,0,262,110,2,374,0,279,125,2,406,58,6,64,470
04/26/2003,HYA,MA,ANE,EN,Federal Contract Tower,0,58,12,0,70,0,47,1,0,48,0,105,13,0,118,0,0,0,118
04/27/2003,HYA,MA,ANE,EN,Federal Contract Tower,0,116,22,0,138,0,148,51,0,199,0,264,73,0,337,8,0,8,345
04/28/2003,HYA,MA,ANE,EN,Federal Contract Tower,0,16,12,0,28,0,239,78,0,317,0,255,90,0,345,48,0,48,393
04/29/2003,HYA,MA,ANE,EN,Federal Contract Tower,0,9,18,0,27,0,232,84,0,316,0,241,102,0,343,52,2,54,397
04/30/2003,HYA,MA,ANE,EN,Federal Contract Tower,0,9,17,0,26,0,200,94,2,296,0,209,111,2,322,64,4,68,390
05/01/2003,HYA,MA,ANE,EN,Federal Contract Tower,0,48,18,0,66,0,193,19,0,212,0,241,37,0,278,16,0,16,294
05/02/2003,HYA,MA,ANE,EN,Federal Contract Tower,0,77,18,0,95,0,181,36,0,217,0,258,54,0,312,60,0,60,372
05/03/2003,HYA,MA,ANE,EN,Federal Contract Tower,0,32,7,0,39,0,130,24,0,154,0,162,31,0,193,8,2,10,203
05/04/2003,HYA,MA,ANE,EN,Federal Contract Tower,0,21,18,0,39,0,182,123,0,305,0,203,141,0,344,34,2,36,380
05/05/2003,HYA,MA,ANE,EN,Federal Contract Tower,0,13,14,0,27,0,246,77,0,323,0,259,91,0,350,48,2,50,400
05/06/2003,HYA,MA,ANE,EN,Federal Contract Tower,0,134,12,0,146,0,105,4,0,109,0,239,16,0,255,4,2,6,261
05/07/2003,HYA,MA,ANE,EN,Federal Contract Tower,0,183,40,0,223,0,51,24,0,75,0,234,64,0,298,30,0,30,328
05/08/2003,HYA,MA,ANE,EN,Federal Contract Tower,0,177,20,0,197,0,80,4,0,84,0,257,24,0,281,2,0,2,283
05/09/2003,HYA,MA,ANE,EN,Federal Contract Tower,0,91,28,0,119,0,168,64,0,232,0,259,92,0,351,74,0,74,425
05/10/2003,HYA,MA,ANE,EN,Federal Contract Tower,0,48,23,0,71,0,131,93,0,224,0,179,116,0,295,30,2,32,327
05/11/2003,HYA,MA,ANE,EN,Federal Contract Tower,0,13,14,0,27,0,192,59,0,251,0,205,73,0,278,8,0,8,286
05/12/2003,HYA,MA,ANE,EN,Federal Contract Tower,0,169,20,1,190,0,100,7,0,107,0,269,27,1,297,8,2,10,307
05/13/2003,HYA,MA,ANE,EN,Federal Contract Tower,0,7,17,0,24,0,219,68,0,287,0,226,85,0,311,126,0,126,437
05/14/2003,HYA,MA,ANE,EN,Federal Contract Tower,0,15,14,0,29,0,237,75,0,312,0,252,89,0,341,56,0,56,397
05/15/2003,HYA,MA,ANE,EN,Federal Contract Tower,0,38,23,0,61,0,216,72,0,288,0,254,95,0,349,60,2,62,411
05/16/2003,HYA,MA,ANE,EN,Federal Contract Tower,0,118,27,0,145,0,165,30,0,195,0,283,57,0,340,20,0,20,360
05/17/2003,HYA,MA,ANE,EN,Federal Contract Tower,0,58,8,0,66,0,127,39,0,166,0,185,47,0,232,34,0,34,266
05/18/2003,HYA,MA,ANE,EN,Federal Contract Tower,0,21,21,0,42,0,273,137,0,410,0,294,158,0,452,40,0,40,492
05/19/2003,HYA,MA,ANE,EN,Federal Contract Tower,0,11,17,0,28,0,262,117,0,379,0,273,134,0,407,74,0,74,481
05/20/2003,HYA,MA,ANE,EN,Federal Contract Tower,0,18,13,0,31,0,240,68,0,308,0,258,81,0,339,58,2,60,399
05/21/2003,HYA,MA,ANE,EN,Federal Contract Tower,0,116,31,0,147,0,105,34,0,139,0,221,65,0,286,8,4,12,298
05/22/2003,HYA,MA,ANE,EN,Federal Contract Tower,0,245,55,0,300,0,64,9,0,73,0,309,64,0,373,8,0,8,381
05/23/2003,HYA,MA,ANE,EN,Federal Contract Tower,0,370,59,0,429,0,0,0,0,0,0,370,59,0,429,0,0,0,429
05/24/2003,HYA,MA,ANE,EN,Federal Contract Tower,0,226,13,0,239,0,0,0,0,0,0,226,13,0,239,0,0,0,239
05/25/2003,HYA,MA,ANE,EN,Federal Contract Tower,0,160,20,0,180,0,0,0,0,0,0,160,20,0,180,8,0,8,188
05/26/2003,HYA,MA,ANE,EN,Federal Contract Tower,0,381,41,0,422,0,0,0,0,0,0,381,41,0,422,0,2,2,424
05/27/2003,HYA,MA,ANE,EN,Federal Contract Tower,0,190,46,0,236,0,75,15,0,90,0,265,61,0,326,10,0,10,336
05/28/2003,HYA,MA,ANE,EN,Federal Contract Tower,0,23,20,2,45,0,203,63,2,268,0,226,83,4,313,58,16,74,387
05/29/2003,HYA,MA,ANE,EN,Federal Contract Tower,0,95,36,0,131,0,116,45,0,161,0,211,81,0,292,24,0,24,316
05/30/2003,HYA,MA,ANE,EN,Federal Contract Tower,0,17,22,0,39,0,232,105,0,337,0,249,127,0,376,28,2,30,406
05/31/2003,HYA,MA,ANE,EN,Federal Contract Tower,0,28,12,0,40,0,155,60,0,215,0,183,72,0,255,34,0,34,289
06/01/2003,HYA,MA,ANE,EN,Federal Contract Tower,0,137,12,0,149,0,22,0,0,22,0,159,12,0,171,0,0,0,171
06/02/2003,HYA,MA,ANE,EN,Federal Contract Tower,0,27,16,0,43,0,278,85,0,363,0,305,101,0,406,70,4,74,480
06/03/2003,HYA,MA,ANE,EN,Federal Contract Tower,0,18,18,0,36,0,222,75,0,297,0,240,93,0,333,22,10,32,365
06/04/2003,HYA,MA,ANE,EN,Federal Contract Tower,0,205,30,0,235,0,40,5,0,45,0,245,35,0,280,14,0,14,294
06/05/2003,HYA,MA,ANE,EN,Federal Contract Tower,0,227,44,0,271,0,0,1,0,1,0,227,45,0,272,0,0,0,272
06/06/2003,HYA,MA,ANE,EN,Federal Contract Tower,0,35,17,0,52,0,264,116,0,380,0,299,133,0,432,54,4,58,490
06/07/2003,HYA,MA,ANE,EN,Federal Contract Tower,0,85,28,0,113,0,76,37,0,113,0,161,65,0,226,44,2,46,272
06/08/2003,HYA,MA,ANE,EN,Federal Contract Tower,0,212,29,0,241,0,8,1,0,9,0,220,30,0,250,0,0,0,250
06/09/2003,HYA,MA,ANE,EN,Federal Contract Tower,0,169,34,0,203,0,111,42,0,153,0,280,76,0,356,46,4,50,406
06/10/2003,HYA,MA,ANE,EN,Federal Contract Tower,0,32,14,0,46,0,236,126,0,362,0,268,140,0,408,76,0,76,484
06/11/2003,HYA,MA,ANE,EN,Federal Contract Tower,0,60,24,0,84,0,159,48,0,207,0,219,72,0,291,62,2,64,355
06/12/2003,HYA,MA,ANE,EN,Federal Contract Tower,0,182,51,0,233,0,91,10,0,101,0,273,61,0,334,4,6,10,344
06/13/2003,HYA,MA,ANE,EN,Federal Contract Tower,0,189,43,0,232,0,90,21,0,111,0,279,64,0,343,34,0,34,377
06/14/2003,HYA,MA,ANE,EN,Federal Contract Tower,0,158,24,0,182,0,16,15,0,31,0,174,39,0,213,26,0,26,239
06/15/2003,HYA,MA,ANE,EN,Federal Contract Tower,0,145,27,0,172,0,118,75,0,193,0,263,102,0,365,56,0,56,421
06/16/2003,HYA,MA,ANE,EN,Federal Contract Tower,0,35,28,0,63,0,243,87,0,330,0,278,115,0,393,64,0,64,457
06/17/2003,HYA,MA,ANE,EN,Federal Contract Tower,0,20,10,0,30,0,251,127,0,378,0,271,137,0,408,34,2,36,444
06/18/2003,HYA,MA,ANE,EN,Federal Contract Tower,0,223,29,0,252,0,50,9,0,59,0,273,38,0,311,0,0,0,311
06/19/2003,HYA,MA,ANE,EN,Federal Contract Tower,2,185,31,0,218,0,135,32,0,167,2,320,63,0,385,20,2,22,407
06/20/2003,HYA,MA,ANE,EN,Federal Contract Tower,0,122,46,0,168,0,205,72,0,277,0,327,118,0,445,52,4,56,501
06/21/2003,HYA,MA,ANE,EN,Federal Contract Tower,0,176,31,0,207,0,15,15,0,30,0,191,46,0,237,22,0,22,259
06/22/2003,HYA,MA,ANE,EN,Federal Contract Tower,2,260,53,0,315,0,0,0,0,0,2,260,53,0,315,0,0,0,315
06/23/2003,HYA,MA,ANE,EN,Federal Contract Tower,0,199,65,0,264,0,83,34,0,117,0,282,99,0,381,20,0,20,401
06/24/2003,HYA,MA,ANE,EN,Federal Contract Tower,0,46,21,0,67,0,266,128,0,394,0,312,149,0,461,56,0,56,517
06/25/2003,HYA,MA,ANE,EN,Federal Contract Tower,0,51,21,0,72,0,245,113,14,372,0,296,134,14,444,96,2,98,542
06/26/2003,HYA,MA,ANE,EN,Federal Contract Tower,0,45,34,0,79,0,261,79,0,340,0,306,113,0,419,26,4,30,449
06/27/2003,HYA,MA,ANE,EN,Federal Contract Tower,0,254,92,0,346,0,29,26,0,55,0,283,118,0,401,38,0,38,439
06/28/2003,HYA,MA,ANE,EN,Federal Contract Tower,0,29,15,0,44,0,200,99,0,299,0,229,114,0,343,40,2,42,385
06/29/2003,HYA,MA,ANE,EN,Federal Contract Tower,0,135,44,0,179,0,134,90,0,224,0,269,134,0,403,28,2,30,433
06/30/2003,HYA,MA,ANE,EN,Federal Contract Tower,0,181,46,0,227,0,26,27,0,53,0,207,73,0,280,36,0,36,316
07/01/2003,HYA,MA,ANE,EN,Federal Contract Tower,0,44,18,0,62,0,236,117,1,354,0,280,135,1,416,62,0,62,478
07/02/2003,HYA,MA,ANE,EN,Federal Contract Tower,0,61,33,2,96,0,277,132,0,409,0,338,165,2,505,56,8,64,569
07/03/2003,HYA,MA,ANE,EN,Federal Contract Tower,0,218,65,0,283,0,219,70,0,289,0,437,135,0,572,54,0,54,626
07/04/2003,HYA,MA,ANE,EN,Federal Contract Tower,0,155,29,2,186,0,44,35,0,79,0,199,64,2,265,14,0,14,279
07/05/2003,HYA,MA,ANE,EN,Federal Contract Tower,0,62,41,0,103,0,137,81,0,218,0,199,122,0,321,56,0,56,377
07/06/2003,HYA,MA,ANE,EN,Federal Contract Tower,0,52,43,0,95,0,328,145,0,473,0,380,188,0,568,86,0,86,654
07/07/2003,HYA,MA,ANE,EN,Federal Contract Tower,0,87,47,0,134,0,280,118,0,398,0,367,165,0,532,64,8,72,604
07/08/2003,HYA,MA,ANE,EN,Federal Contract Tower,0,138,40,0,178,0,123,46,2,171,0,261,86,2,349,58,0,58,407
07/09/2003,HYA,MA,ANE,EN,Federal Contract Tower,0,60,34,0,94,0,207,67,2,276,0,267,101,2,370,26,0,26,396
07/10/2003,HYA,MA,ANE,EN,Federal Contract Tower,0,35,39,0,74,0,289,118,0,407,0,324,157,0,481,46,2,48,529
07/11/2003,HYA,MA,ANE,EN,Federal Contract Tower,0,295,76,0,371,0,0,0,0,0,0,295,76,0,371,0,0,0,371
07/12/2003,HYA,MA,ANE,EN,Federal Contract Tower,0,79,42,0,121,0,141,96,0,237,0,220,138,0,358,34,0,34,392
07/13/2003,HYA,MA,ANE,EN,Federal Contract Tower,0,122,40,0,162,0,176,121,0,297,0,298,161,0,459,56,4,60,519
07/14/2003,HYA,MA,ANE,EN,Federal Contract Tower,0,162,55,0,217,0,140,55,0,195,0,302,110,0,412,70,4,74,486
07/15/2003,HYA,MA,ANE,EN,Federal Contract Tower,2,163,52,1,218,0,130,66,2,198,2,293,118,3,416,18,4,22,438
07/16/2003,HYA,MA,ANE,EN,Federal Contract Tower,0,145,71,0,216,0,120,20,0,140,0,265,91,0,356,28,2,30,386
07/17/2003,HYA,MA,ANE,EN,Federal Contract Tower,0,113,64,0,177,0,190,123,0,313,0,303,187,0,490,60,0,60,550
07/18/2003,HYA,MA,ANE,EN,Federal Contract Tower,0,51,51,0,102,0,328,135,0,463,0,379,186,0,565,44,0,44,609
07/19/2003,HYA,MA,ANE,EN,Federal Contract Tower,0,60,18,0,78,0,178,90,0,268,0,238,108,0,346,40,0,40,386
07/20/2003,HYA,MA,ANE,EN,Federal Contract Tower,0,37,47,0,84,0,293,137,0,430,0,330,184,0,514,62,0,62,576
07/21/2003,HYA,MA,ANE,EN,Federal Contract Tower,0,77,32,0,109,0,256,60,0,316,0,333,92,0,425,28,8,36,461
07/22/2003,HYA,MA,ANE,EN,Federal Contract Tower,0,229,54,0,283,0,0,0,0,0,0,229,54,0,283,0,0,0,283
07/23/2003,HYA,MA,ANE,EN,Federal Contract Tower,0,263,44,0,307,0,4,3,6,13,0,267,47,6,320,0,0,0,320
07/24/2003,HYA,MA,ANE,EN,Federal Contract Tower,0,277,45,0,322,0,26,4,0,30,0,303,49,0,352,0,0,0,352
07/25/2003,HYA,MA,ANE,EN,Federal Contract Tower,0,104,45,0,149,0,265,138,0,403,0,369,183,0,552,40,4,44,596
07/26/2003,HYA,MA,ANE,EN,Federal Contract Tower,0,34,24,0,58,0,282,146,0,428,0,316,170,0,486,94,0,94,580
07/27/2003,HYA,MA,ANE,EN,Federal Contract Tower,0,51,31,0,82,0,271,102,0,373,0,322,133,0,455,64,0,64,519
07/28/2003,HYA,MA,ANE,EN,Federal Contract Tower,0,42,31,0,73,0,296,140,0,436,0,338,171,0,509,22,10,32,541
07/29/2003,HYA,MA,ANE,EN,Federal Contract Tower,0,40,32,0,72,0,236,98,0,334,0,276,130,0,406,32,0,32,438
07/30/2003,HYA,MA,ANE,EN,Federal Contract Tower,0,41,27,0,68,0,239,127,0,366,0,280,154,0,434,56,0,56,490
07/31/2003,HYA,MA,ANE,EN,Federal Contract Tower,0,70,26,0,96,0,251,150,0,401,0,321,176,0,497,44,6,50,547
08/01/2003,HYA,MA,ANE,EN,Federal Contract Tower,0,306,66,0,372,0,1,2,0,3,0,307,68,0,375,0,0,0,375
08/02/2003,HYA,MA,ANE,EN,Federal Contract Tower,0,227,47,0,274,0,1,0,0,1,0,228,47,0,275,0,0,0,275
08/03/2003,HYA,MA,ANE,EN,Federal Contract Tower,0,254,90,0,344,0,16,19,0,35,0,270,109,0,379,50,0,50,429
08/04/2003,HYA,MA,ANE,EN,Federal Contract Tower,0,193,52,0,245,0,85,27,0,112,0,278,79,0,357,22,0,22,379
08/05/2003,HYA,MA,ANE,EN,Federal Contract Tower,0,266,41,0,307,0,14,1,2,17,0,280,42,2,324,0,0,0,324
08/06/2003,HYA,MA,ANE,EN,Federal Contract Tower,0,214,63,0,277,0,52,6,0,58,0,266,69,0,335,0,0,0,335
08/07/2003,HYA,MA,ANE,EN,Federal Contract Tower,0,224,60,0,284,0,69,26,0,95,0,293,86,0,379,2,0,2,381
08/08/2003,HYA,MA,ANE,EN,Federal Contract Tower,0,328,105,0,433,0,9,0,0,9,0,337,105,0,442,0,0,0,442
08/09/2003,HYA,MA,ANE,EN,Federal Contract Tower,0,163,60,0,223,0,43,9,0,52,0,206,69,0,275,2,0,2,277
08/10/2003,HYA,MA,ANE,EN,Federal Contract Tower,0,234,63,0,297,0,98,17,4,119,0,332,80,4,416,4,0,4,420
08/11/2003,HYA,MA,ANE,EN,Federal Contract Tower,0,191,68,0,259,0,168,34,0,202,0,359,102,0,461,12,6,18,479
08/12/2003,HYA,MA,ANE,EN,Federal Contract Tower,0,193,52,0,245,0,70,35,2,107,0,263,87,2,352,18,8,26,378
08/13/2003,HYA,MA,ANE,EN,Federal Contract Tower,0,272,66,0,338,0,14,3,0,17,0,286,69,0,355,12,0,12,367
08/14/2003,HYA,MA,ANE,EN,Federal Contract Tower,0,51,39,0,90,0,245,147,0,392,0,296,186,0,482,38,10,48,530
08/15/2003,HYA,MA,ANE,EN,Federal Contract Tower,0,33,60,0,93,0,297,138,0,435,0,330,198,0,528,24,2,26,554
08/16/2003,HYA,MA,ANE,EN,Federal Contract Tower,0,40,25,0,65,0,223,114,0,337,0,263,139,0,402,34,2,36,438
08/17/2003,HYA,MA,ANE,EN,Federal Contract Tower,0,158,81,0,239,0,132,29,0,161,0,290,110,0,400,28,0,28,428
08/18/2003,HYA,MA,ANE,EN,Federal Contract Tower,0,41,34,0,75,0,318,145,0,463,0,359,179,0,538,26,10,36,574
08/19/2003,HYA,MA,ANE,EN,Federal Contract Tower,0,26,30,0,56,0,258,147,0,405,0,284,177,0,461,60,0,60,521
08/20/2003,HYA,MA,ANE,EN,Federal Contract Tower,0,23,32,0,55,0,233,125,0,358,0,256,157,0,413,26,8,34,447
08/21/2003,HYA,MA,ANE,EN,Federal Contract Tower,0,65,42,1,108,0,243,99,1,343,0,308,141,2,451,22,2,24,475
08/22/2003,HYA,MA,ANE,EN,Federal Contract Tower,0,261,85,0,346,0,30,38,0,68,0,291,123,0,414,17,0,17,431
08/23/2003,HYA,MA,ANE,EN,Federal Contract Tower,0,28,29,0,57,0,230,99,0,329,0,258,128,0,386,58,0,58,444
08/24/2003,HYA,MA,ANE,EN,Federal Contract Tower,0,36,41,0,77,0,264,138,0,402,0,300,179,0,479,76,2,78,557
08/25/2003,HYA,MA,ANE,EN,Federal Contract Tower,0,54,4,0,58,0,235,133,0,368,0,289,137,0,426,54,4,58,484
08/26/2003,HYA,MA,ANE,EN,Federal Contract Tower,0,29,31,0,60,0,238,88,0,326,0,267,119,0,386,4,0,4,390
08/27/2003,HYA,MA,ANE,EN,Federal Contract Tower,0,76,26,0,102,0,203,85,0,288,0,279,111,0,390,42,16,58,448
08/28/2003,HYA,MA,ANE,EN,Federal Contract Tower,0,35,20,0,55,0,251,115,0,366,0,286,135,0,421,34,2,36,457
08/29/2003,HYA,MA,ANE,EN,Federal Contract Tower,0,40,36,0,76,0,271,98,0,369,0,311,134,0,445,42,0,42,487
08/30/2003,HYA,MA,ANE,EN,Federal Contract Tower,0,104,33,0,137,0,132,28,0,160,0,236,61,0,297,28,0,28,325
08/31/2003,HYA,MA,ANE,EN,Federal Contract Tower,0,31,8,0,39,0,206,101,0,307,0,237,109,0,346,61,2,63,409
09/01/2003,HYA,MA,ANE,EN,Federal Contract Tower,0,27,57,0,84,0,257,65,0,322,0,284,122,0,406,54,0,54,460
09/02/2003,HYA,MA,ANE,EN,Federal Contract Tower,0,203,34,0,237,0,74,7,0,81,0,277,41,0,318,4,0,4,322
09/03/2003,HYA,MA,ANE,EN,Federal Contract Tower,0,42,34,0,76,0,186,56,0,242,0,228,90,0,318,32,0,32,350
09/04/2003,HYA,MA,ANE,EN,Federal Contract Tower,0,226,18,0,244,0,8,0,0,8,0,234,18,0,252,0,0,0,252
09/05/2003,HYA,MA,ANE,EN,Federal Contract Tower,0,260,57,0,317,0,14,3,0,17,0,274,60,0,334,10,0,10,344
09/06/2003,HYA,MA,ANE,EN,Federal Contract Tower,0,36,11,0,47,2,172,156,0,330,2,208,167,0,377,40,4,44,421
09/07/2003,HYA,MA,ANE,EN,Federal Contract Tower,0,15,20,0,35,0,249,86,0,335,0,264,106,0,370,42,0,42,412
09/08/2003,HYA,MA,ANE,EN,Federal Contract Tower,0,24,16,0,40,0,230,92,0,322,0,254,108,0,362,18,12,30,392
09/09/2003,HYA,MA,ANE,EN,Federal Contract Tower,0,26,8,0,34,0,228,68,0,296,0,254,76,0,330,32,0,32,362
09/10/2003,HYA,MA,ANE,EN,Federal Contract Tower,0,28,17,0,45,0,211,110,0,321,0,239,127,0,366,26,0,26,392
09/11/2003,HYA,MA,ANE,EN,Federal Contract Tower,0,31,23,0,54,0,224,95,0,319,0,255,118,0,373,38,0,38,411
09/12/2003,HYA,MA,ANE,EN,Federal Contract Tower,0,23,31,0,54,0,250,80,0,330,0,273,111,0,384,50,6,56,440
09/13/2003,HYA,MA,ANE,EN,Federal Contract Tower,0,22,14,0,36,0,175,58,0,233,0,197,72,0,269,18,8,26,295
09/14/2003,HYA,MA,ANE,EN,Federal Contract Tower,0,25,26,0,51,0,254,53,0,307,0,279,79,0,358,10,2,12,370
09/15/2003,HYA,MA,ANE,EN,Federal Contract Tower,0,103,31,0,134,0,146,44,0,190,0,249,75,0,324,38,0,38,362
09/16/2003,HYA,MA,ANE,EN,Federal Contract Tower,0,184,44,0,228,0,22,10,0,32,0,206,54,0,260,8,0,8,268
09/17/2003,HYA,MA,ANE,EN,Federal Contract Tower,0,21,15,0,36,0,219,111,0,330,0,240,126,0,366,52,14,66,432
09/18/2003,HYA,MA,ANE,EN,Federal Contract Tower,0,19,14,0,33,0,220,36,0,256,0,239,50,0,289,4,2,6,295
09/19/2003,HYA,MA,ANE,EN,Federal Contract Tower,0,196,27,4,227,0,0,0,0,0,0,196,27,4,227,0,0,0,227
09/20/2003,HYA,MA,ANE,EN,Federal Contract Tower,0,57,22,0,79,0,96,44,0,140,0,153,66,0,219,12,0,12,231
09/21/2003,HYA,MA,ANE,EN,Federal Contract Tower,0,43,17,0,60,0,187,66,0,253,0,230,83,0,313,28,2,30,343
09/22/2003,HYA,MA,ANE,EN,Federal Contract Tower,0,23,22,0,45,0,255,103,0,358,0,278,125,0,403,12,2,14,417
09/23/2003,HYA,MA,ANE,EN,Federal Contract Tower,0,121,8,0,129,0,97,15,0,112,0,218,23,0,241,6,0,6,247
09/24/2003,HYA,MA,ANE,EN,Federal Contract Tower,0,20,6,0,26,0,208,85,0,293,0,228,91,0,319,56,2,58,377
09/25/2003,HYA,MA,ANE,EN,Federal Contract Tower,0,29,16,0,45,0,230,69,0,299,0,259,85,0,344,14,8,22,366
09/26/2003,HYA,MA,ANE,EN,Federal Contract Tower,0,96,17,0,113,0,160,66,0,226,0,256,83,0,339,18,2,20,359
09/27/2003,HYA,MA,ANE,EN,Federal Contract Tower,0,63,19,0,82,0,97,38,0,135,0,160,57,0,217,22,4,26,243
09/28/2003,HYA,MA,ANE,EN,Federal Contract Tower,0,137,15,0,152,0,0,0,0,0,0,137,15,0,152,0,0,0,152
09/29/2003,HYA,MA,ANE,EN,Federal Contract Tower,0,91,19,0,110,0,160,63,0,223,0,251,82,0,333,30,2,32,365
09/30/2003,HYA,MA,ANE,EN,Federal Contract Tower,0,17,9,0,26,0,181,92,0,273,0,198,101,0,299,24,3,27,326
10/01/2003,HYA,MA,ANE,EN,Federal Contract Tower,0,22,8,0,30,0,205,91,0,296,0,227,99,0,326,28,2,30,356
10/02/2003,HYA,MA,ANE,EN,Federal Contract Tower,0,43,14,0,57,0,186,61,0,247,0,229,75,0,304,2,0,2,306
10/03/2003,HYA,MA,ANE,EN,Federal Contract Tower,0,28,9,0,37,0,254,85,0,339,0,282,94,0,376,12,0,12,388
10/04/2003,HYA,MA,ANE,EN,Federal Contract Tower,0,28,10,0,38,0,122,29,0,151,0,150,39,0,189,6,4,10,199
10/05/2003,HYA,MA,ANE,EN,Federal Contract Tower,0,25,9,0,34,0,202,80,0,282,0,227,89,0,316,64,0,64,380
10/06/2003,HYA,MA,ANE,EN,Federal Contract Tower,0,28,10,0,38,0,212,105,0,317,0,240,115,0,355,6,0,6,361
10/07/2003,HYA,MA,ANE,EN,Federal Contract Tower,0,35,12,0,47,0,191,99,0,290,0,226,111,0,337,30,0,30,367
10/08/2003,HYA,MA,ANE,EN,Federal Contract Tower,0,28,9,0,37,0,201,85,0,286,0,229,94,0,323,26,2,28,351
10/09/2003,HYA,MA,ANE,EN,Federal Contract Tower,0,60,20,0,80,0,171,77,0,248,0,231,97,0,328,30,6,36,364
10/10/2003,HYA,MA,ANE,EN,Federal Contract Tower,0,206,66,0,272,0,65,3,0,68,0,271,69,0,340,8,0,8,348
10/11/2003,HYA,MA,ANE,EN,Federal Contract Tower,0,112,36,0,148,0,112,7,0,119,0,224,43,0,267,2,0,2,269
10/12/2003,HYA,MA,ANE,EN,Federal Contract Tower,0,61,20,0,81,0,0,0,0,0,0,61,20,0,81,0,0,0,81
10/13/2003,HYA,MA,ANE,EN,Federal Contract Tower,0,35,12,0,47,0,270,100,2,372,0,305,112,2,419,30,4,34,453
10/14/2003,HYA,MA,ANE,EN,Federal Contract Tower,0,29,10,0,39,0,209,106,0,315,0,238,116,0,354,32,10,42,396
10/15/2003,HYA,MA,ANE,EN,Federal Contract Tower,0,49,17,0,66,0,129,5,0,134,0,178,22,0,200,0,0,0,200
10/16/2003,HYA,MA,ANE,EN,Federal Contract Tower,0,32,10,0,42,0,214,69,0,283,0,246,79,0,325,12,0,12,337
10/17/2003,HYA,MA,ANE,EN,Federal Contract Tower,0,40,12,0,52,0,231,82,0,313,0,271,94,0,365,14,0,14,379
10/18/2003,HYA,MA,ANE,EN,Federal Contract Tower,0,26,8,0,34,0,136,45,3,184,0,162,53,3,218,34,0,34,252
10/19/2003,HYA,MA,ANE,EN,Federal Contract Tower,0,54,17,0,71,0,145,22,0,167,0,199,39,0,238,10,2,12,250
10/20/2003,HYA,MA,ANE,EN,Federal Contract Tower,0,19,6,0,25,0,212,79,0,291,0,231,85,0,316,18,0,18,334
10/21/2003,HYA,MA,ANE,EN,Federal Contract Tower,0,29,8,0,37,0,162,29,0,191,0,191,37,0,228,0,2,2,230
10/22/2003,HYA,MA,ANE,EN,Federal Contract Tower,0,113,35,0,148,0,115,0,0,115,0,228,35,0,263,0,0,0,263
10/23/2003,HYA,MA,ANE,EN,Federal Contract Tower,0,29,8,0,37,0,176,32,0,208,0,205,40,0,245,10,0,10,255
10/24/2003,HYA,MA,ANE,EN,Federal Contract Tower,0,25,8,0,33,0,224,91,0,315,0,249,99,0,348,34,0,34,382
10/25/2003,HYA,MA,ANE,EN,Federal Contract Tower,0,13,4,0,17,0,138,128,0,266,0,151,132,0,283,50,2,52,335
10/26/2003,HYA,MA,ANE,EN,Federal Contract Tower,0,23,7,0,30,0,174,22,0,196,0,197,29,0,226,10,2,12,238
10/27/2003,HYA,MA,ANE,EN,Federal Contract Tower,0,93,29,0,122,0,91,2,0,93,0,184,31,0,215,0,0,0,215
10/28/2003,HYA,MA,ANE,EN,Federal Contract Tower,0,33,10,0,43,0,196,51,2,249,0,229,61,2,292,24,0,24,316
10/29/2003,HYA,MA,ANE,EN,Federal Contract Tower,0,118,24,0,142,0,83,0,0,83,0,201,24,0,225,0,0,0,225
10/30/2003,HYA,MA,ANE,EN,Federal Contract Tower,0,17,5,0,22,0,205,82,0,287,0,222,87,0,309,42,0,42,351
10/31/2003,HYA,MA,ANE,EN,Federal Contract Tower,0,27,8,0,35,0,193,89,0,282,0,220,97,0,317,70,0,70,387
11/01/2003,HYA,MA,ANE,EN,Federal Contract Tower,0,18,7,0,25,0,135,81,0,216,0,153,88,0,241,8,0,8,249
11/02/2003,HYA,MA,ANE,EN,Federal Contract Tower,0,15,6,0,21,0,155,67,0,222,0,170,73,0,243,62,0,62,305
11/03/2003,HYA,MA,ANE,EN,Federal Contract Tower,0,69,23,0,92,0,182,62,0,244,0,251,85,0,336,18,0,18,354
11/04/2003,HYA,MA,ANE,EN,Federal Contract Tower,0,141,24,0,165,0,35,0,0,35,0,176,24,0,200,0,0,0,200
11/05/2003,HYA,MA,ANE,EN,Federal Contract Tower,0,84,14,0,98,0,14,0,0,14,0,98,14,0,112,0,0,0,112
11/06/2003,HYA,MA,ANE,EN,Federal Contract Tower,0,45,15,0,60,0,159,59,0,218,0,204,74,0,278,26,0,26,304
11/07/2003,HYA,MA,ANE,EN,Federal Contract Tower,0,55,18,0,73,0,176,59,0,235,0,231,77,0,308,14,0,14,322
11/08/2003,HYA,MA,ANE,EN,Federal Contract Tower,0,13,5,0,18,0,129,50,0,179,0,142,55,0,197,14,4,18,215
11/09/2003,HYA,MA,ANE,EN,Federal Contract Tower,0,11,4,0,15,0,146,95,0,241,0,157,99,0,256,18,0,18,274
11/10/2003,HYA,MA,ANE,EN,Federal Contract Tower,0,12,4,0,16,0,182,69,0,251,0,194,73,0,267,14,2,16,283
11/11/2003,HYA,MA,ANE,EN,Federal Contract Tower,0,24,8,0,32,0,162,58,0,220,0,186,66,0,252,8,0,8,260
11/12/2003,HYA,MA,ANE,EN,Federal Contract Tower,0,141,32,0,173,0,36,0,0,36,0,177,32,0,209,0,0,0,209
11/13/2003,HYA,MA,ANE,EN,Federal Contract Tower,0,36,12,0,48,0,94,3,0,97,0,130,15,0,145,0,4,4,149
11/14/2003,HYA,MA,ANE,EN,Federal Contract Tower,0,14,5,0,19,0,169,11,0,180,0,183,16,0,199,0,0,0,199
11/15/2003,HYA,MA,ANE,EN,Federal Contract Tower,0,9,3,0,12,0,138,41,0,179,0,147,44,0,191,2,2,4,195
11/16/2003,HYA,MA,ANE,EN,Federal Contract Tower,0,18,5,1,24,0,173,125,0,298,0,191,130,1,322,38,2,40,362
11/17/2003,HYA,MA,ANE,EN,Federal Contract Tower,0,24,7,0,31,0,190,81,0,271,0,214,88,0,302,15,7,22,324
11/18/2003,HYA,MA,ANE,EN,Federal Contract Tower,0,26,8,0,34,0,160,119,0,279,0,186,127,0,313,60,0,60,373
11/19/2003,HYA,MA,ANE,EN,Federal Contract Tower,0,69,22,0,91,0,117,14,0,131,0,186,36,0,222,8,0,8,230
11/20/2003,HYA,MA,ANE,EN,Federal Contract Tower,0,139,30,0,169,0,19,0,1,20,0,158,30,1,189,0,0,0,189
11/21/2003,HYA,MA,ANE,EN,Federal Contract Tower,0,197,50,0,247,0,12,0,0,12,0,209,50,0,259,0,0,0,259
11/22/2003,HYA,MA,ANE,EN,Federal Contract Tower,0,22,6,0,28,0,110,79,0,189,0,132,85,0,217,4,4,8,225
11/23/2003,HYA,MA,ANE,EN,Federal Contract Tower,0,18,5,0,23,0,140,118,0,258,0,158,123,0,281,45,0,45,326
11/24/2003,HYA,MA,ANE,EN,Federal Contract Tower,0,178,35,0,213,0,22,0,0,22,0,200,35,0,235,0,0,0,235
11/25/2003,HYA,MA,ANE,EN,Federal Contract Tower,0,55,17,0,72,0,159,71,3,233,0,214,88,3,305,24,2,26,331
11/26/2003,HYA,MA,ANE,EN,Federal Contract Tower,0,34,10,0,44,0,235,104,0,339,0,269,114,0,383,28,6,34,417
11/27/2003,HYA,MA,ANE,EN,Federal Contract Tower,0,12,3,0,15,0,122,12,0,134,0,134,15,0,149,24,0,24,173
11/28/2003,HYA,MA,ANE,EN,Federal Contract Tower,0,55,10,0,65,0,7,0,0,7,0,62,10,0,72,0,0,0,72
11/29/2003,HYA,MA,ANE,EN,Federal Contract Tower,0,17,5,0,22,0,273,15,0,288,0,290,20,0,310,2,0,2,312
11/30/2003,HYA,MA,ANE,EN,Federal Contract Tower,0,25,7,0,32,0,287,57,0,344,0,312,64,0,376,4,0,4,380
12/01/2003,HYA,MA,ANE,EN,Federal Contract Tower,0,23,8,0,31,0,210,43,1,254,0,233,51,1,285,4,0,4,289
12/02/2003,HYA,MA,ANE,EN,Federal Contract Tower,0,27,9,0,36,0,245,38,0,283,0,272,47,0,319,2,0,2,321
12/03/2003,HYA,MA,ANE,EN,Federal Contract Tower,0,20,7,0,27,0,200,50,2,252,0,220,57,2,279,2,0,2,281
12/04/2003,HYA,MA,ANE,EN,Federal Contract Tower,0,31,10,0,41,0,210,71,0,281,0,241,81,0,322,44,0,44,366
12/05/2003,HYA,MA,ANE,EN,Federal Contract Tower,0,54,18,0,72,0,164,46,0,210,0,218,64,0,282,8,0,8,290
12/06/2003,HYA,MA,ANE,EN,Federal Contract Tower,0,58,2,0,60,0,17,0,0,17,0,75,2,0,77,0,0,0,77
12/07/2003,HYA,MA,ANE,EN,Federal Contract Tower,0,0,0,0,0,0,0,0,0,0,0,0,0,0,0,0,0,0,0
12/08/2003,HYA,MA,ANE,EN,Federal Contract Tower,0,13,5,0,18,0,384,51,0,435,0,397,56,0,453,10,0,10,463
12/09/2003,HYA,MA,ANE,EN,Federal Contract Tower,0,25,8,0,33,0,166,60,0,226,0,191,68,0,259,18,6,24,283
12/10/2003,HYA,MA,ANE,EN,Federal Contract Tower,0,19,7,0,26,0,203,52,0,255,0,222,59,0,281,28,0,28,309
12/11/2003,HYA,MA,ANE,EN,Federal Contract Tower,0,60,18,0,78,0,112,0,0,112,0,172,18,0,190,0,0,0,190
12/12/2003,HYA,MA,ANE,EN,Federal Contract Tower,0,16,6,0,22,0,212,46,0,258,0,228,52,0,280,4,0,4,284
12/13/2003,HYA,MA,ANE,EN,Federal Contract Tower,0,8,3,0,11,0,162,79,0,241,0,170,82,0,252,22,0,22,274
12/14/2003,HYA,MA,ANE,EN,Federal Contract Tower,0,22,7,0,29,0,108,22,0,130,0,130,29,0,159,14,6,20,179
12/15/2003,HYA,MA,ANE,EN,Federal Contract Tower,0,65,16,0,81,0,86,0,2,88,0,151,16,2,169,0,0,0,169
12/16/2003,HYA,MA,ANE,EN,Federal Contract Tower,0,19,7,0,26,0,205,63,0,268,0,224,70,0,294,30,4,34,328
12/17/2003,HYA,MA,ANE,EN,Federal Contract Tower,0,22,7,0,29,0,176,23,0,199,0,198,30,0,228,4,2,6,234
12/18/2003,HYA,MA,ANE,EN,Federal Contract Tower,0,20,5,0,25,0,210,38,0,248,0,230,43,0,273,0,0,0,273
12/19/2003,HYA,MA,ANE,EN,Federal Contract Tower,0,18,5,0,23,0,248,82,0,330,0,266,87,0,353,14,0,14,367
12/20/2003,HYA,MA,ANE,EN,Federal Contract Tower,0,10,3,0,13,0,175,88,2,265,0,185,91,2,278,34,2,36,314
12/21/2003,HYA,MA,ANE,EN,Federal Contract Tower,0,11,3,0,14,0,165,69,0,234,0,176,72,0,248,18,0,18,266
12/22/2003,HYA,MA,ANE,EN,Federal Contract Tower,0,23,7,0,30,0,197,96,0,293,0,220,103,0,323,20,0,20,343
12/23/2003,HYA,MA,ANE,EN,Federal Contract Tower,0,23,6,0,29,0,221,85,0,306,0,244,91,0,335,48,0,48,383
12/24/2003,HYA,MA,ANE,EN,Federal Contract Tower,0,63,16,0,79,0,115,0,0,115,0,178,16,0,194,0,0,0,194
12/25/2003,HYA,MA,ANE,EN,Federal Contract Tower,0,29,4,0,33,0,49,0,0,49,0,78,4,0,82,2,0,2,84
12/26/2003,HYA,MA,ANE,EN,Federal Contract Tower,0,19,5,0,24,0,166,33,0,199,0,185,38,0,223,4,0,4,227
12/27/2003,HYA,MA,ANE,EN,Federal Contract Tower,0,13,4,0,17,0,132,81,0,213,0,145,85,0,230,24,0,24,254
12/28/2003,HYA,MA,ANE,EN,Federal Contract Tower,0,17,5,0,22,0,151,100,0,251,0,168,105,0,273,40,2,42,315
12/29/2003,HYA,MA,ANE,EN,Federal Contract Tower,0,10,2,0,12,0,184,80,0,264,0,194,82,0,276,20,0,20,296
12/30/2003,HYA,MA,ANE,EN,Federal Contract Tower,0,45,14,0,59,0,173,23,0,196,0,218,37,0,255,8,0,8,263
12/31/2003,HYA,MA,ANE,EN,Federal Contract Tower,0,16,4,0,20,0,192,64,0,256,0,208,68,0,276,34,12,46,322
01/01/2004,HYA,MA,ANE,EN,Federal Contract Tower,0,10,3,0,13,0,94,44,0,138,0,104,47,0,151,8,0,8,159
01/02/2004,HYA,MA,ANE,EN,Federal Contract Tower,0,68,15,0,83,0,95,5,0,100,0,163,20,0,183,0,0,0,183
01/03/2004,HYA,MA,ANE,EN,Federal Contract Tower,0,96,13,0,109,0,52,0,0,52,0,148,13,0,161,0,0,0,161
01/04/2004,HYA,MA,ANE,EN,Federal Contract Tower,0,16,5,0,21,0,116,6,0,122,0,132,11,0,143,8,0,8,151
01/05/2004,HYA,MA,ANE,EN,Federal Contract Tower,0,137,14,0,151,0,15,0,0,15,0,152,14,0,166,0,0,0,166
01/06/2004,HYA,MA,ANE,EN,Federal Contract Tower,0,14,5,0,19,0,169,50,0,219,0,183,55,0,238,38,0,38,276
01/07/2004,HYA,MA,ANE,EN,Federal Contract Tower,0,14,3,0,17,0,184,36,0,220,0,198,39,0,237,12,0,12,249
01/08/2004,HYA,MA,ANE,EN,Federal Contract Tower,0,18,4,0,22,0,198,30,0,228,0,216,34,0,250,4,6,10,260
01/09/2004,HYA,MA,ANE,EN,Federal Contract Tower,0,21,5,0,26,0,156,48,0,204,0,177,53,0,230,6,0,6,236
01/10/2004,HYA,MA,ANE,EN,Federal Contract Tower,0,47,10,0,57,0,97,4,0,101,0,144,14,0,158,6,0,6,164
01/11/2004,HYA,MA,ANE,EN,Federal Contract Tower,0,11,3,0,14,0,108,30,0,138,0,119,33,0,152,14,0,14,166
01/12/2004,HYA,MA,ANE,EN,Federal Contract Tower,0,32,6,0,38,0,93,16,0,109,0,125,22,0,147,10,0,10,157
01/13/2004,HYA,MA,ANE,EN,Federal Contract Tower,0,19,3,0,22,0,193,22,0,215,0,212,25,0,237,4,0,4,241
01/14/2004,HYA,MA,ANE,EN,Federal Contract Tower,0,16,2,0,18,0,167,28,0,195,0,183,30,0,213,4,0,4,217
01/15/2004,HYA,MA,ANE,EN,Federal Contract Tower,0,22,4,0,26,0,72,4,0,76,0,94,8,0,102,0,0,0,102
01/16/2004,HYA,MA,ANE,EN,Federal Contract Tower,0,11,1,0,12,0,167,13,0,180,0,178,14,0,192,0,0,0,192
01/17/2004,HYA,MA,ANE,EN,Federal Contract Tower,0,10,1,0,11,0,151,52,0,203,0,161,53,0,214,16,0,16,230
01/18/2004,HYA,MA,ANE,EN,Federal Contract Tower,0,85,1,0,86,0,15,0,0,15,0,100,1,0,101,0,0,0,101
01/19/2004,HYA,MA,ANE,EN,Federal Contract Tower,0,9,1,0,10,0,207,35,0,242,0,216,36,0,252,14,4,18,270
01/20/2004,HYA,MA,ANE,EN,Federal Contract Tower,0,14,2,0,16,0,222,28,0,250,0,236,30,0,266,16,0,16,282
01/21/2004,HYA,MA,ANE,EN,Federal Contract Tower,0,18,3,0,21,0,216,49,0,265,0,234,52,0,286,12,0,12,298
01/22/2004,HYA,MA,ANE,EN,Federal Contract Tower,0,35,6,0,41,0,168,27,0,195,0,203,33,0,236,8,0,8,244
01/23/2004,HYA,MA,ANE,EN,Federal Contract Tower,0,11,2,0,13,0,181,46,0,227,0,192,48,0,240,0,0,0,240
01/24/2004,HYA,MA,ANE,EN,Federal Contract Tower,0,15,2,0,17,0,180,39,0,219,0,195,41,0,236,10,0,10,246
01/25/2004,HYA,MA,ANE,EN,Federal Contract Tower,0,6,0,0,6,0,214,32,0,246,0,220,32,0,252,16,0,16,268
01/26/2004,HYA,MA,ANE,EN,Federal Contract Tower,0,13,2,0,15,0,284,37,0,321,0,297,39,0,336,10,2,12,348
01/27/2004,HYA,MA,ANE,EN,Federal Contract Tower,0,11,2,0,13,0,189,15,1,205,0,200,17,1,218,6,9,15,233
01/28/2004,HYA,MA,ANE,EN,Federal Contract Tower,0,30,1,0,31,0,4,0,0,4,0,34,1,0,35,0,0,0,35
01/29/2004,HYA,MA,ANE,EN,Federal Contract Tower,0,16,3,0,19,0,198,27,0,225,0,214,30,0,244,0,0,0,244
01/30/2004,HYA,MA,ANE,EN,Federal Contract Tower,0,14,2,0,16,0,216,28,0,244,0,230,30,0,260,4,0,4,264
01/31/2004,HYA,MA,ANE,EN,Federal Contract Tower,0,6,1,0,7,0,149,39,0,188,0,155,40,0,195,5,0,5,200
02/01/2004,HYA,MA,ANE,EN,Federal Contract Tower,0,10,4,0,14,0,154,59,2,215,0,164,63,2,229,12,0,12,241
02/02/2004,HYA,MA,ANE,EN,Federal Contract Tower,0,8,5,0,13,0,263,69,0,332,0,271,74,0,345,12,4,16,361
02/03/2004,HYA,MA,ANE,EN,Federal Contract Tower,0,21,9,0,30,0,193,37,0,230,0,214,46,0,260,30,2,32,292
02/04/2004,HYA,MA,ANE,EN,Federal Contract Tower,0,11,4,0,15,0,194,44,0,238,0,205,48,0,253,18,0,18,271
02/05/2004,HYA,MA,ANE,EN,Federal Contract Tower,0,14,4,1,19,0,209,63,1,273,0,223,67,2,292,32,0,32,324
02/06/2004,HYA,MA,ANE,EN,Federal Contract Tower,0,82,13,2,97,0,45,0,0,45,0,127,13,2,142,0,0,0,142
02/07/2004,HYA,MA,ANE,EN,Federal Contract Tower,0,71,14,0,85,0,100,0,0,100,0,171,14,0,185,0,0,0,185
02/08/2004,HYA,MA,ANE,EN,Federal Contract Tower,0,7,2,0,9,0,173,26,0,199,0,180,28,0,208,0,0,0,208
02/09/2004,HYA,MA,ANE,EN,Federal Contract Tower,0,9,3,0,12,0,219,45,0,264,0,228,48,0,276,32,0,32,308
02/10/2004,HYA,MA,ANE,EN,Federal Contract Tower,0,14,4,0,18,0,214,62,0,276,0,228,66,0,294,46,0,46,340
02/11/2004,HYA,MA,ANE,EN,Federal Contract Tower,0,14,4,1,19,0,199,58,1,258,0,213,62,2,277,24,0,24,301
02/12/2004,HYA,MA,ANE,EN,Federal Contract Tower,0,9,2,0,11,0,197,54,0,251,0,206,56,0,262,32,4,36,298
02/13/2004,HYA,MA,ANE,EN,Federal Contract Tower,0,18,5,0,23,0,205,42,0,247,0,223,47,0,270,6,0,6,276
02/14/2004,HYA,MA,ANE,EN,Federal Contract Tower,0,15,5,0,20,0,128,76,0,204,0,143,81,0,224,8,0,8,232
02/15/2004,HYA,MA,ANE,EN,Federal Contract Tower,0,11,3,0,14,0,145,28,0,173,0,156,31,0,187,0,0,0,187
02/16/2004,HYA,MA,ANE,EN,Federal Contract Tower,0,14,4,0,18,0,203,63,0,266,0,217,67,0,284,22,2,24,308
02/17/2004,HYA,MA,ANE,EN,Federal Contract Tower,0,18,6,0,24,0,199,54,0,253,0,217,60,0,277,52,14,66,343
02/18/2004,HYA,MA,ANE,EN,Federal Contract Tower,0,0,0,0,0,0,0,1,2,3,0,0,1,2,3,0,0,0,3
02/19/2004,HYA,MA,ANE,EN,Federal Contract Tower,0,19,6,0,25,0,175,37,0,212,0,194,43,0,237,12,0,12,249
02/20/2004,HYA,MA,ANE,EN,Federal Contract Tower,0,13,4,0,17,0,228,53,0,281,0,241,57,0,298,36,0,36,334
02/21/2004,HYA,MA,ANE,EN,Federal Contract Tower,0,76,17,1,94,0,59,0,3,62,0,135,17,4,156,2,0,2,158
02/22/2004,HYA,MA,ANE,EN,Federal Contract Tower,0,19,6,0,25,0,123,48,2,173,0,142,54,2,198,32,2,34,232
02/23/2004,HYA,MA,ANE,EN,Federal Contract Tower,0,17,5,0,22,0,209,72,0,281,0,226,77,0,303,18,6,24,327
02/24/2004,HYA,MA,ANE,EN,Federal Contract Tower,0,54,18,0,72,0,166,42,0,208,0,220,60,0,280,46,2,48,328
02/25/2004,HYA,MA,ANE,EN,Federal Contract Tower,0,18,5,0,23,0,201,55,4,260,0,219,60,4,283,36,6,42,325
02/26/2004,HYA,MA,ANE,EN,Federal Contract Tower,0,22,7,0,29,0,186,56,2,244,0,208,63,2,273,18,4,22,295
02/27/2004,HYA,MA,ANE,EN,Federal Contract Tower,0,17,5,0,22,0,203,72,0,275,0,220,77,0,297,22,8,30,327
02/28/2004,HYA,MA,ANE,EN,Federal Contract Tower,0,11,3,0,14,0,157,95,0,252,0,168,98,0,266,12,0,12,278
02/29/2004,HYA,MA,ANE,EN,Federal Contract Tower,0,11,3,0,14,0,173,98,0,271,0,184,101,0,285,54,2,56,341
03/01/2004,HYA,MA,ANE,EN,Federal Contract Tower,0,20,6,0,26,0,217,78,0,295,0,237,84,0,321,24,4,28,349
03/02/2004,HYA,MA,ANE,EN,Federal Contract Tower,0,110,30,0,140,0,111,7,0,118,0,221,37,0,258,10,0,10,268
03/03/2004,HYA,MA,ANE,EN,Federal Contract Tower,0,13,4,0,17,0,217,45,0,262,0,230,49,0,279,32,0,32,311
03/04/2004,HYA,MA,ANE,EN,Federal Contract Tower,0,51,14,0,65,0,172,33,0,205,0,223,47,0,270,16,2,18,288
03/05/2004,HYA,MA,ANE,EN,Federal Contract Tower,0,105,21,0,126,0,103,0,0,103,0,208,21,0,229,8,0,8,237
03/06/2004,HYA,MA,ANE,EN,Federal Contract Tower,0,68,12,0,80,0,6,0,0,6,0,74,12,0,86,0,0,0,86
03/07/2004,HYA,MA,ANE,EN,Federal Contract Tower,0,12,4,0,16,0,191,89,0,280,0,203,93,0,296,36,8,44,340
03/08/2004,HYA,MA,ANE,EN,Federal Contract Tower,0,80,19,0,99,0,112,0,0,112,0,192,19,0,211,0,0,0,211
03/09/2004,HYA,MA,ANE,EN,Federal Contract Tower,0,22,6,0,28,0,207,40,2,249,0,229,46,2,277,22,2,24,301
03/10/2004,HYA,MA,ANE,EN,Federal Contract Tower,0,20,6,0,26,0,232,67,0,299,0,252,73,0,325,30,2,32,357
03/11/2004,HYA,MA,ANE,EN,Federal Contract Tower,0,31,9,0,40,0,67,12,0,79,0,98,21,0,119,0,0,0,119
03/12/2004,HYA,MA,ANE,EN,Federal Contract Tower,0,21,6,0,27,0,216,29,0,245,0,237,35,0,272,6,0,6,278
03/13/2004,HYA,MA,ANE,EN,Federal Contract Tower,0,7,2,0,9,0,152,55,0,207,0,159,57,0,216,8,0,8,224
03/14/2004,HYA,MA,ANE,EN,Federal Contract Tower,0,18,6,0,24,0,153,126,0,279,0,171,132,0,303,68,0,68,371
03/15/2004,HYA,MA,ANE,EN,Federal Contract Tower,0,25,6,1,32,0,220,104,3,327,0,245,110,4,359,28,0,28,387
03/16/2004,HYA,MA,ANE,EN,Federal Contract Tower,0,30,7,0,37,0,104,19,0,123,0,134,26,0,160,36,0,36,196
03/17/2004,HYA,MA,ANE,EN,Federal Contract Tower,0,49,4,0,53,0,121,0,0,121,0,170,4,0,174,0,0,0,174
03/18/2004,HYA,MA,ANE,EN,Federal Contract Tower,0,36,9,0,45,0,160,16,0,176,0,196,25,0,221,30,0,30,251
03/19/2004,HYA,MA,ANE,EN,Federal Contract Tower,0,23,5,0,28,0,0,2,0,2,0,23,7,0,30,0,0,0,30
03/20/2004,HYA,MA,ANE,EN,Federal Contract Tower,0,16,4,0,20,0,140,57,0,197,0,156,61,0,217,52,2,54,271
03/21/2004,HYA,MA,ANE,EN,Federal Contract Tower,0,36,9,0,45,0,108,44,0,152,0,144,53,0,197,6,0,6,203
03/22/2004,HYA,MA,ANE,EN,Federal Contract Tower,0,24,6,0,30,0,251,50,0,301,0,275,56,0,331,46,0,46,377
03/23/2004,HYA,MA,ANE,EN,Federal Contract Tower,0,19,5,0,24,0,222,75,0,297,0,241,80,0,321,52,2,54,375
03/24/2004,HYA,MA,ANE,EN,Federal Contract Tower,0,24,6,0,30,0,202,96,0,298,0,226,102,0,328,32,0,32,360
03/25/2004,HYA,MA,ANE,EN,Federal Contract Tower,0,27,6,0,33,0,228,49,0,277,0,255,55,0,310,18,4,22,332
03/26/2004,HYA,MA,ANE,EN,Federal Contract Tower,0,205,54,0,259,0,43,1,0,44,0,248,55,0,303,0,0,0,303
03/27/2004,HYA,MA,ANE,EN,Federal Contract Tower,0,34,8,0,42,0,1,27,0,28,0,35,35,0,70,16,0,16,86
03/28/2004,HYA,MA,ANE,EN,Federal Contract Tower,0,111,12,0,123,0,35,0,0,35,0,146,12,0,158,0,0,0,158
03/29/2004,HYA,MA,ANE,EN,Federal Contract Tower,0,30,7,0,37,0,212,72,0,284,0,242,79,0,321,66,16,82,403
03/30/2004,HYA,MA,ANE,EN,Federal Contract Tower,0,84,22,0,106,0,140,33,0,173,0,224,55,0,279,22,2,24,303
03/31/2004,HYA,MA,ANE,EN,Federal Contract Tower,0,109,18,0,127,0,23,0,0,23,0,132,18,0,150,0,0,0,150
04/01/2004,HYA,MA,ANE,EN,Federal Contract Tower,0,56,16,0,72,0,37,4,0,41,0,93,20,0,113,0,0,0,113
04/02/2004,HYA,MA,ANE,EN,Federal Contract Tower,0,91,24,0,115,0,2,0,0,2,0,93,24,0,117,0,0,0,117
04/03/2004,HYA,MA,ANE,EN,Federal Contract Tower,0,30,11,0,41,0,0,7,0,7,0,30,18,0,48,0,0,0,48
04/04/2004,HYA,MA,ANE,EN,Federal Contract Tower,0,83,23,0,106,0,54,3,0,57,0,137,26,0,163,18,0,18,181
04/05/2004,HYA,MA,ANE,EN,Federal Contract Tower,0,58,17,0,75,0,154,28,0,182,0,212,45,0,257,42,0,42,299
04/06/2004,HYA,MA,ANE,EN,Federal Contract Tower,0,26,8,0,34,0,198,88,0,286,0,224,96,0,320,34,0,34,354
04/07/2004,HYA,MA,ANE,EN,Federal Contract Tower,0,18,6,0,24,0,221,83,0,304,0,239,89,0,328,40,0,40,368
04/08/2004,HYA,MA,ANE,EN,Federal Contract Tower,0,29,9,0,38,0,221,94,0,315,0,250,103,0,353,38,2,40,393
04/09/2004,HYA,MA,ANE,EN,Federal Contract Tower,0,30,9,0,39,0,246,86,0,332,0,276,95,0,371,48,0,48,419
04/10/2004,HYA,MA,ANE,EN,Federal Contract Tower,0,10,4,0,14,0,135,65,0,200,0,145,69,0,214,14,2,16,230
04/11/2004,HYA,MA,ANE,EN,Federal Contract Tower,0,29,8,0,37,0,140,31,0,171,0,169,39,0,208,38,0,38,246
04/12/2004,HYA,MA,ANE,EN,Federal Contract Tower,0,176,49,0,225,0,131,7,0,138,0,307,56,0,363,18,0,18,381
04/13/2004,HYA,MA,ANE,EN,Federal Contract Tower,0,49,8,0,57,0,6,0,0,6,0,55,8,0,63,0,0,0,63
04/14/2004,HYA,MA,ANE,EN,Federal Contract Tower,0,44,7,0,51,0,23,0,0,23,0,67,7,0,74,0,0,0,74
04/15/2004,HYA,MA,ANE,EN,Federal Contract Tower,0,79,21,0,100,0,171,9,0,180,0,250,30,0,280,0,2,2,282
04/16/2004,HYA,MA,ANE,EN,Federal Contract Tower,0,25,6,0,31,0,338,79,0,417,0,363,85,0,448,6,0,6,454
04/17/2004,HYA,MA,ANE,EN,Federal Contract Tower,0,16,4,0,20,0,124,80,0,204,0,140,84,0,224,42,0,42,266
04/18/2004,HYA,MA,ANE,EN,Federal Contract Tower,0,19,5,0,24,0,144,73,0,217,0,163,78,0,241,50,2,52,293
04/19/2004,HYA,MA,ANE,EN,Federal Contract Tower,0,40,11,0,51,0,150,73,0,223,0,190,84,0,274,76,0,76,350
04/20/2004,HYA,MA,ANE,EN,Federal Contract Tower,0,22,5,0,27,0,250,76,0,326,0,272,81,0,353,50,0,50,403
04/21/2004,HYA,MA,ANE,EN,Federal Contract Tower,0,22,5,0,27,0,269,60,0,329,0,291,65,0,356,54,0,54,410
04/22/2004,HYA,MA,ANE,EN,Federal Contract Tower,0,127,34,0,161,0,109,14,0,123,0,236,48,0,284,22,0,22,306
04/23/2004,HYA,MA,ANE,EN,Federal Contract Tower,0,89,24,0,113,0,209,29,0,238,0,298,53,0,351,0,0,0,351
04/24/2004,HYA,MA,ANE,EN,Federal Contract Tower,0,64,17,0,81,0,105,47,0,152,0,169,64,0,233,36,0,36,269
04/25/2004,HYA,MA,ANE,EN,Federal Contract Tower,0,23,6,0,29,0,256,117,0,373,0,279,123,0,402,52,0,52,454
04/26/2004,HYA,MA,ANE,EN,Federal Contract Tower,0,102,15,0,117,0,100,0,0,100,0,202,15,0,217,0,0,0,217
04/27/2004,HYA,MA,ANE,EN,Federal Contract Tower,0,59,16,0,75,0,58,5,0,63,0,117,21,0,138,16,0,16,154
04/28/2004,HYA,MA,ANE,EN,Federal Contract Tower,0,62,17,0,79,0,182,72,0,254,0,244,89,0,333,56,0,56,389
04/29/2004,HYA,MA,ANE,EN,Federal Contract Tower,0,25,6,0,31,0,288,90,0,378,0,313,96,0,409,54,10,64,473
04/30/2004,HYA,MA,ANE,EN,Federal Contract Tower,0,26,7,0,33,0,261,98,0,359,0,287,105,0,392,26,2,28,420
05/01/2004,HYA,MA,ANE,EN,Federal Contract Tower,0,21,7,0,28,0,150,74,0,224,0,171,81,0,252,14,0,14,266
05/02/2004,HYA,MA,ANE,EN,Federal Contract Tower,0,92,26,0,118,0,50,24,2,76,0,142,50,2,194,50,0,50,244
05/03/2004,HYA,MA,ANE,EN,Federal Contract Tower,0,29,10,0,39,0,0,65,0,65,0,29,75,0,104,4,0,4,108
05/04/2004,HYA,MA,ANE,EN,Federal Contract Tower,0,32,10,0,42,0,204,62,0,266,0,236,72,0,308,84,0,84,392
05/05/2004,HYA,MA,ANE,EN,Federal Contract Tower,0,14,4,0,18,0,233,78,0,311,0,247,82,0,329,40,4,44,373
05/06/2004,HYA,MA,ANE,EN,Federal Contract Tower,0,23,7,0,30,0,249,101,1,351,0,272,108,1,381,104,0,104,485
05/07/2004,HYA,MA,ANE,EN,Federal Contract Tower,0,25,8,0,33,0,283,105,0,388,0,308,113,0,421,16,0,16,437
05/08/2004,HYA,MA,ANE,EN,Federal Contract Tower,0,8,3,0,11,0,156,87,0,243,0,164,90,0,254,28,4,32,286
05/09/2004,HYA,MA,ANE,EN,Federal Contract Tower,0,57,16,0,73,0,101,19,0,120,0,158,35,0,193,22,0,22,215
05/10/2004,HYA,MA,ANE,EN,Federal Contract Tower,0,70,20,0,90,0,170,49,0,219,0,240,69,0,309,30,0,30,339
05/11/2004,HYA,MA,ANE,EN,Federal Contract Tower,0,26,7,0,33,0,204,67,0,271,0,230,74,0,304,26,2,28,332
05/12/2004,HYA,MA,ANE,EN,Federal Contract Tower,0,25,6,0,31,0,211,104,0,315,0,236,110,0,346,72,0,72,418
05/13/2004,HYA,MA,ANE,EN,Federal Contract Tower,0,181,50,0,231,0,24,0,0,24,0,205,50,0,255,0,0,0,255
05/14/2004,HYA,MA,ANE,EN,Federal Contract Tower,0,91,25,0,116,0,61,54,0,115,0,152,79,0,231,46,2,48,279
05/15/2004,HYA,MA,ANE,EN,Federal Contract Tower,0,54,15,0,69,0,110,45,0,155,0,164,60,0,224,52,0,52,276
05/16/2004,HYA,MA,ANE,EN,Federal Contract Tower,0,131,36,0,167,0,40,13,0,53,0,171,49,0,220,22,0,22,242
05/17/2004,HYA,MA,ANE,EN,Federal Contract Tower,0,225,46,0,271,0,26,0,0,26,0,251,46,0,297,4,0,4,301
05/18/2004,HYA,MA,ANE,EN,Federal Contract Tower,0,191,37,0,228,0,49,0,0,49,0,240,37,0,277,8,0,8,285
05/19/2004,HYA,MA,ANE,EN,Federal Contract Tower,0,73,20,0,93,0,212,57,0,269,0,285,77,0,362,20,4,24,386
05/20/2004,HYA,MA,ANE,EN,Federal Contract Tower,0,44,11,0,55,0,235,89,0,324,0,279,100,0,379,54,7,61,440
05/21/2004,HYA,MA,ANE,EN,Federal Contract Tower,0,113,30,0,143,0,210,64,0,274,0,323,94,0,417,56,2,58,475
05/22/2004,HYA,MA,ANE,EN,Federal Contract Tower,0,83,18,0,101,0,4,0,0,4,0,87,18,0,105,0,0,0,105
05/23/2004,HYA,MA,ANE,EN,Federal Contract Tower,0,129,35,0,164,0,127,23,0,150,0,256,58,0,314,32,0,32,346
05/24/2004,HYA,MA,ANE,EN,Federal Contract Tower,0,142,33,0,175,0,53,0,0,53,0,195,33,0,228,0,0,0,228
05/25/2004,HYA,MA,ANE,EN,Federal Contract Tower,0,225,45,0,270,0,16,0,0,16,0,241,45,0,286,0,2,2,288
05/26/2004,HYA,MA,ANE,EN,Federal Contract Tower,0,173,33,0,206,0,62,0,0,62,0,235,33,0,268,0,0,0,268
05/27/2004,HYA,MA,ANE,EN,Federal Contract Tower,0,160,44,0,204,0,146,52,0,198,0,306,96,0,402,16,2,18,420
05/28/2004,HYA,MA,ANE,EN,Federal Contract Tower,0,308,85,0,393,0,0,3,0,3,0,308,88,0,396,0,0,0,396
05/29/2004,HYA,MA,ANE,EN,Federal Contract Tower,0,20,5,0,25,0,251,111,1,363,0,271,116,1,388,36,2,38,426
05/30/2004,HYA,MA,ANE,EN,Federal Contract Tower,0,20,5,0,25,0,170,115,1,286,0,190,120,1,311,64,0,64,375
05/31/2004,HYA,MA,ANE,EN,Federal Contract Tower,0,40,10,0,50,0,373,135,0,508,0,413,145,0,558,28,0,28,586
06/01/2004,HYA,MA,ANE,EN,Federal Contract Tower,0,203,42,0,245,0,39,0,0,39,0,242,42,0,284,2,0,2,286
06/02/2004,HYA,MA,ANE,EN,Federal Contract Tower,0,133,50,0,183,0,101,2,2,105,0,234,52,2,288,2,0,2,290
06/03/2004,HYA,MA,ANE,EN,Federal Contract Tower,0,91,34,0,125,0,149,56,0,205,0,240,90,0,330,39,2,41,371
06/04/2004,HYA,MA,ANE,EN,Federal Contract Tower,0,38,15,0,53,0,272,171,0,443,0,310,186,0,496,66,2,68,564
06/05/2004,HYA,MA,ANE,EN,Federal Contract Tower,0,22,9,0,31,0,144,102,3,249,0,166,111,3,280,44,1,45,325
06/06/2004,HYA,MA,ANE,EN,Federal Contract Tower,0,156,29,0,185,0,32,0,0,32,0,188,29,0,217,0,0,0,217
06/07/2004,HYA,MA,ANE,EN,Federal Contract Tower,0,138,51,0,189,0,114,40,0,154,0,252,91,0,343,32,4,36,379
06/08/2004,HYA,MA,ANE,EN,Federal Contract Tower,0,51,19,0,70,0,224,105,0,329,0,275,124,0,399,88,12,100,499
06/09/2004,HYA,MA,ANE,EN,Federal Contract Tower,0,51,19,0,70,0,231,86,0,317,0,282,105,0,387,34,0,34,421
06/10/2004,HYA,MA,ANE,EN,Federal Contract Tower,0,42,16,0,58,0,232,86,0,318,0,274,102,0,376,72,8,80,456
06/11/2004,HYA,MA,ANE,EN,Federal Contract Tower,0,35,14,0,49,0,309,138,0,447,0,344,152,0,496,26,6,32,528
06/12/2004,HYA,MA,ANE,EN,Federal Contract Tower,0,27,10,0,37,0,189,129,0,318,0,216,139,0,355,24,2,26,381
06/13/2004,HYA,MA,ANE,EN,Federal Contract Tower,0,32,13,0,45,0,247,130,0,377,0,279,143,0,422,46,0,46,468
06/14/2004,HYA,MA,ANE,EN,Federal Contract Tower,0,76,28,0,104,0,191,36,0,227,0,267,64,0,331,6,6,12,343
06/15/2004,HYA,MA,ANE,EN,Federal Contract Tower,0,151,55,0,206,0,135,26,0,161,0,286,81,0,367,32,0,32,399
06/16/2004,HYA,MA,ANE,EN,Federal Contract Tower,0,72,26,0,98,0,211,100,0,311,0,283,126,0,409,30,2,32,441
06/17/2004,HYA,MA,ANE,EN,Federal Contract Tower,0,153,56,0,209,0,102,53,0,155,0,255,109,0,364,12,20,32,396
06/18/2004,HYA,MA,ANE,EN,Federal Contract Tower,0,220,72,0,292,0,12,0,0,12,0,232,72,0,304,18,0,18,322
06/19/2004,HYA,MA,ANE,EN,Federal Contract Tower,0,115,42,0,157,0,65,35,0,100,0,180,77,0,257,8,0,8,265
06/20/2004,HYA,MA,ANE,EN,Federal Contract Tower,0,36,13,0,49,0,246,139,0,385,0,282,152,0,434,66,3,69,503
06/21/2004,HYA,MA,ANE,EN,Federal Contract Tower,0,44,15,0,59,0,258,121,0,379,0,302,136,0,438,16,4,20,458
06/22/2004,HYA,MA,ANE,EN,Federal Contract Tower,0,121,44,0,165,0,128,39,2,169,0,249,83,2,334,4,2,6,340
06/23/2004,HYA,MA,ANE,EN,Federal Contract Tower,0,44,15,0,59,0,264,104,0,368,0,308,119,0,427,68,2,70,497
06/24/2004,HYA,MA,ANE,EN,Federal Contract Tower,0,45,16,0,61,0,263,113,0,376,0,308,129,0,437,46,4,50,487
06/25/2004,HYA,MA,ANE,EN,Federal Contract Tower,0,151,55,0,206,0,151,24,0,175,0,302,79,0,381,0,4,4,385
06/26/2004,HYA,MA,ANE,EN,Federal Contract Tower,0,109,39,0,148,0,92,27,0,119,0,201,66,0,267,32,0,32,299
06/27/2004,HYA,MA,ANE,EN,Federal Contract Tower,0,75,27,0,102,0,237,145,0,382,0,312,172,0,484,54,0,54,538
06/28/2004,HYA,MA,ANE,EN,Federal Contract Tower,0,30,10,0,40,0,252,99,0,351,0,282,109,0,391,46,0,46,437
06/29/2004,HYA,MA,ANE,EN,Federal Contract Tower,0,77,28,0,105,0,282,87,0,369,0,359,115,0,474,24,0,24,498
06/30/2004,HYA,MA,ANE,EN,Federal Contract Tower,0,38,13,0,51,0,252,80,0,332,0,290,93,0,383,18,2,20,403
07/01/2004,HYA,MA,ANE,EN,Federal Contract Tower,0,48,22,0,70,0,299,105,0,404,0,347,127,0,474,20,0,20,494
07/02/2004,HYA,MA,ANE,EN,Federal Contract Tower,0,228,121,0,349,0,0,53,0,53,0,228,174,0,402,0,0,0,402
07/03/2004,HYA,MA,ANE,EN,Federal Contract Tower,0,34,16,0,50,0,253,131,0,384,0,287,147,0,434,76,2,78,512
07/04/2004,HYA,MA,ANE,EN,Federal Contract Tower,0,22,11,0,33,0,154,114,0,268,0,176,125,0,301,70,2,72,373
07/05/2004,HYA,MA,ANE,EN,Federal Contract Tower,0,104,47,0,151,0,217,47,0,264,0,321,94,0,415,10,0,10,425
07/06/2004,HYA,MA,ANE,EN,Federal Contract Tower,0,120,54,0,174,0,221,78,0,299,0,341,132,0,473,36,0,36,509
07/07/2004,HYA,MA,ANE,EN,Federal Contract Tower,0,61,28,0,89,0,222,130,0,352,0,283,158,0,441,48,2,50,491
07/08/2004,HYA,MA,ANE,EN,Federal Contract Tower,0,197,69,0,266,0,19,0,0,19,0,216,69,0,285,0,0,0,285
07/09/2004,HYA,MA,ANE,EN,Federal Contract Tower,0,76,35,0,111,0,273,99,2,374,0,349,134,2,485,54,0,54,539
07/10/2004,HYA,MA,ANE,EN,Federal Contract Tower,0,38,17,0,55,0,194,124,0,318,0,232,141,0,373,42,0,42,415
07/11/2004,HYA,MA,ANE,EN,Federal Contract Tower,0,47,21,1,69,0,236,143,7,386,0,283,164,8,455,64,0,64,519
07/12/2004,HYA,MA,ANE,EN,Federal Contract Tower,0,34,15,0,49,0,261,86,0,347,0,295,101,0,396,62,2,64,460
07/13/2004,HYA,MA,ANE,EN,Federal Contract Tower,0,137,56,1,194,0,131,0,1,132,0,268,56,2,326,4,2,6,332
07/14/2004,HYA,MA,ANE,EN,Federal Contract Tower,0,176,37,0,213,0,41,0,0,41,0,217,37,0,254,0,0,0,254
07/15/2004,HYA,MA,ANE,EN,Federal Contract Tower,0,195,86,0,281,0,126,18,0,144,0,321,104,0,425,26,0,26,451
07/16/2004,HYA,MA,ANE,EN,Federal Contract Tower,0,83,36,1,120,0,270,99,0,369,0,353,135,1,489,28,0,28,517
07/17/2004,HYA,MA,ANE,EN,Federal Contract Tower,0,29,12,0,41,0,186,111,2,299,0,215,123,2,340,60,0,60,400
07/18/2004,HYA,MA,ANE,EN,Federal Contract Tower,0,202,80,0,282,0,63,0,0,63,0,265,80,0,345,12,0,12,357
07/19/2004,HYA,MA,ANE,EN,Federal Contract Tower,0,185,83,0,268,0,0,2,2,4,0,185,85,2,272,4,4,8,280
07/20/2004,HYA,MA,ANE,EN,Federal Contract Tower,0,114,50,0,164,0,139,40,0,179,0,253,90,0,343,64,0,64,407
07/21/2004,HYA,MA,ANE,EN,Federal Contract Tower,0,106,46,0,152,0,179,111,0,290,0,285,157,0,442,76,2,78,520
07/22/2004,HYA,MA,ANE,EN,Federal Contract Tower,0,209,92,0,301,0,22,23,0,45,0,231,115,0,346,34,0,34,380
07/23/2004,HYA,MA,ANE,EN,Federal Contract Tower,0,166,72,0,238,0,83,48,0,131,0,249,120,0,369,2,0,2,371
07/24/2004,HYA,MA,ANE,EN,Federal Contract Tower,0,169,49,0,218,0,51,0,1,52,0,220,49,1,270,26,0,26,296
07/25/2004,HYA,MA,ANE,EN,Federal Contract Tower,0,186,82,0,268,0,134,52,0,186,0,320,134,0,454,38,0,38,492
07/26/2004,HYA,MA,ANE,EN,Federal Contract Tower,0,79,34,0,113,0,248,112,0,360,0,327,146,0,473,2,0,2,475
07/27/2004,HYA,MA,ANE,EN,Federal Contract Tower,0,173,76,0,249,0,125,20,1,146,0,298,96,1,395,46,2,48,443
07/28/2004,HYA,MA,ANE,EN,Federal Contract Tower,0,185,38,0,223,0,43,0,0,43,0,228,38,0,266,0,0,0,266
07/29/2004,HYA,MA,ANE,EN,Federal Contract Tower,0,227,99,0,326,0,9,2,0,11,0,236,101,0,337,10,0,10,347
07/30/2004,HYA,MA,ANE,EN,Federal Contract Tower,0,218,95,0,313,0,91,84,1,176,0,309,179,1,489,46,8,54,543
07/31/2004,HYA,MA,ANE,EN,Federal Contract Tower,0,120,52,0,172,0,106,61,0,167,0,226,113,0,339,30,0,30,369
08/01/2004,HYA,MA,ANE,EN,Federal Contract Tower,0,210,81,0,291,0,73,0,0,73,0,283,81,0,364,0,0,0,364
08/02/2004,HYA,MA,ANE,EN,Federal Contract Tower,0,166,69,0,235,0,164,37,2,203,0,330,106,2,438,43,0,43,481
08/03/2004,HYA,MA,ANE,EN,Federal Contract Tower,0,169,69,0,238,0,62,0,0,62,0,231,69,0,300,6,0,6,306
08/04/2004,HYA,MA,ANE,EN,Federal Contract Tower,0,104,44,0,148,0,125,71,0,196,0,229,115,0,344,20,0,20,364
08/05/2004,HYA,MA,ANE,EN,Federal Contract Tower,0,80,34,0,114,0,192,56,0,248,0,272,90,0,362,2,0,2,364
08/06/2004,HYA,MA,ANE,EN,Federal Contract Tower,0,55,23,0,78,0,270,103,0,373,0,325,126,0,451,26,4,30,481
08/07/2004,HYA,MA,ANE,EN,Federal Contract Tower,0,63,27,0,90,0,178,151,0,329,0,241,178,0,419,53,2,55,474
08/08/2004,HYA,MA,ANE,EN,Federal Contract Tower,0,58,25,0,83,0,234,133,0,367,0,292,158,0,450,60,0,60,510
08/09/2004,HYA,MA,ANE,EN,Federal Contract Tower,0,43,19,0,62,0,250,148,0,398,0,293,167,0,460,32,0,32,492
08/10/2004,HYA,MA,ANE,EN,Federal Contract Tower,0,85,36,0,121,0,203,101,0,304,0,288,137,0,425,46,0,46,471
08/11/2004,HYA,MA,ANE,EN,Federal Contract Tower,0,44,19,0,63,0,224,71,0,295,0,268,90,0,358,12,2,14,372
08/12/2004,HYA,MA,ANE,EN,Federal Contract Tower,0,71,30,0,101,0,252,89,0,341,0,323,119,0,442,50,0,50,492
08/13/2004,HYA,MA,ANE,EN,Federal Contract Tower,0,214,61,0,275,0,73,0,0,73,0,287,61,0,348,0,0,0,348
08/14/2004,HYA,MA,ANE,EN,Federal Contract Tower,0,77,31,0,108,0,187,89,0,276,0,264,120,0,384,54,0,54,438
08/15/2004,HYA,MA,ANE,EN,Federal Contract Tower,0,155,46,0,201,0,78,0,0,78,0,233,46,0,279,0,0,0,279
08/16/2004,HYA,MA,ANE,EN,Federal Contract Tower,0,229,66,0,295,0,33,0,0,33,0,262,66,0,328,0,0,0,328
08/17/2004,HYA,MA,ANE,EN,Federal Contract Tower,0,112,46,0,158,0,157,58,0,215,0,269,104,0,373,30,0,30,403
08/18/2004,HYA,MA,ANE,EN,Federal Contract Tower,0,54,21,0,75,0,217,88,0,305,0,271,109,0,380,40,0,40,420
08/19/2004,HYA,MA,ANE,EN,Federal Contract Tower,0,229,93,0,322,0,73,0,0,73,0,302,93,0,395,8,0,8,403
08/20/2004,HYA,MA,ANE,EN,Federal Contract Tower,0,224,94,0,318,0,0,17,0,17,0,224,111,0,335,0,0,0,335
08/21/2004,HYA,MA,ANE,EN,Federal Contract Tower,0,176,39,0,215,0,31,0,2,33,0,207,39,2,248,0,0,0,248
08/22/2004,HYA,MA,ANE,EN,Federal Contract Tower,0,56,22,0,78,0,247,195,0,442,0,303,217,0,520,130,4,134,654
08/23/2004,HYA,MA,ANE,EN,Federal Contract Tower,0,37,15,0,52,0,247,146,0,393,0,284,161,0,445,50,0,50,495
08/24/2004,HYA,MA,ANE,EN,Federal Contract Tower,0,22,9,0,31,0,237,90,0,327,0,259,99,0,358,58,0,58,416
08/25/2004,HYA,MA,ANE,EN,Federal Contract Tower,0,38,15,0,53,0,222,136,0,358,0,260,151,0,411,28,0,28,439
08/26/2004,HYA,MA,ANE,EN,Federal Contract Tower,0,37,14,0,51,0,247,136,0,383,0,284,150,0,434,18,0,18,452
08/27/2004,HYA,MA,ANE,EN,Federal Contract Tower,0,83,33,0,116,0,220,108,0,328,0,303,141,0,444,40,0,40,484
08/28/2004,HYA,MA,ANE,EN,Federal Contract Tower,0,103,42,0,145,0,116,47,0,163,0,219,89,0,308,48,0,48,356
08/29/2004,HYA,MA,ANE,EN,Federal Contract Tower,0,143,59,0,202,0,115,42,0,157,0,258,101,0,359,68,0,68,427
08/30/2004,HYA,MA,ANE,EN,Federal Contract Tower,0,170,70,0,240,0,91,15,0,106,0,261,85,0,346,6,0,6,352
08/31/2004,HYA,MA,ANE,EN,Federal Contract Tower,0,109,43,0,152,0,49,0,0,49,0,158,43,0,201,0,0,0,201
09/01/2004,HYA,MA,ANE,EN,Federal Contract Tower,0,31,13,0,44,0,236,115,0,351,0,267,128,0,395,46,0,46,441
09/02/2004,HYA,MA,ANE,EN,Federal Contract Tower,0,38,16,0,54,0,250,102,0,352,0,288,118,0,406,42,12,54,460
09/03/2004,HYA,MA,ANE,EN,Federal Contract Tower,0,50,21,0,71,0,267,138,0,405,0,317,159,0,476,56,0,56,532
09/04/2004,HYA,MA,ANE,EN,Federal Contract Tower,0,45,19,0,64,0,190,80,0,270,0,235,99,0,334,44,0,44,378
09/05/2004,HYA,MA,ANE,EN,Federal Contract Tower,0,25,11,0,36,0,191,100,0,291,0,216,111,0,327,54,0,54,381
09/06/2004,HYA,MA,ANE,EN,Federal Contract Tower,0,35,15,0,50,0,279,124,0,403,0,314,139,0,453,74,0,74,527
09/07/2004,HYA,MA,ANE,EN,Federal Contract Tower,0,91,38,0,129,0,199,63,0,262,0,290,101,0,391,12,0,12,403
09/08/2004,HYA,MA,ANE,EN,Federal Contract Tower,0,35,15,0,50,0,218,49,0,267,0,253,64,0,317,52,0,52,369
09/09/2004,HYA,MA,ANE,EN,Federal Contract Tower,0,127,43,0,170,0,119,0,1,120,0,246,43,1,290,6,0,6,296
09/10/2004,HYA,MA,ANE,EN,Federal Contract Tower,0,33,15,0,48,0,240,79,0,319,0,273,94,0,367,42,0,42,409
09/11/2004,HYA,MA,ANE,EN,Federal Contract Tower,0,24,10,0,34,0,168,84,0,252,0,192,94,0,286,34,2,36,322
09/12/2004,HYA,MA,ANE,EN,Federal Contract Tower,0,32,13,0,45,0,232,110,0,342,0,264,123,0,387,64,1,65,452
09/13/2004,HYA,MA,ANE,EN,Federal Contract Tower,0,36,14,0,50,0,201,87,0,288,0,237,101,0,338,10,2,12,350
09/14/2004,HYA,MA,ANE,EN,Federal Contract Tower,0,31,13,0,44,0,230,109,0,339,0,261,122,0,383,58,0,58,441
09/15/2004,HYA,MA,ANE,EN,Federal Contract Tower,0,21,8,0,29,0,241,82,0,323,0,262,90,0,352,10,0,10,362
09/16/2004,HYA,MA,ANE,EN,Federal Contract Tower,0,195,55,0,250,0,54,0,0,54,0,249,55,0,304,10,0,10,314
09/17/2004,HYA,MA,ANE,EN,Federal Contract Tower,0,176,57,0,233,0,107,0,0,107,0,283,57,0,340,42,0,42,382
09/18/2004,HYA,MA,ANE,EN,Federal Contract Tower,0,78,11,0,89,0,18,0,2,20,0,96,11,2,109,0,0,0,109
09/19/2004,HYA,MA,ANE,EN,Federal Contract Tower,0,27,10,0,37,0,241,51,0,292,0,268,61,0,329,16,4,20,349
09/20/2004,HYA,MA,ANE,EN,Federal Contract Tower,0,20,8,0,28,0,245,87,0,332,0,265,95,0,360,40,2,42,402
09/21/2004,HYA,MA,ANE,EN,Federal Contract Tower,0,35,14,0,49,0,237,87,0,324,0,272,101,0,373,44,4,48,421
09/22/2004,HYA,MA,ANE,EN,Federal Contract Tower,0,34,14,0,48,0,220,109,0,329,0,254,123,0,377,18,2,20,397
09/23/2004,HYA,MA,ANE,EN,Federal Contract Tower,0,24,9,0,33,0,240,89,2,331,0,264,98,2,364,6,4,10,374
09/24/2004,HYA,MA,ANE,EN,Federal Contract Tower,0,38,15,0,53,0,279,119,0,398,0,317,134,0,451,40,2,42,493
09/25/2004,HYA,MA,ANE,EN,Federal Contract Tower,0,24,9,0,33,0,159,94,0,253,0,183,103,0,286,28,0,28,314
09/26/2004,HYA,MA,ANE,EN,Federal Contract Tower,0,35,14,0,49,0,223,127,0,350,0,258,141,0,399,22,2,24,423
09/27/2004,HYA,MA,ANE,EN,Federal Contract Tower,0,34,14,0,48,0,237,67,0,304,0,271,81,0,352,20,0,20,372
09/28/2004,HYA,MA,ANE,EN,Federal Contract Tower,0,145,19,0,164,0,40,0,0,40,0,185,19,0,204,0,0,0,204
09/29/2004,HYA,MA,ANE,EN,Federal Contract Tower,0,146,24,0,170,0,59,0,0,59,0,205,24,0,229,0,0,0,229
09/30/2004,HYA,MA,ANE,EN,Federal Contract Tower,0,39,16,0,55,0,258,76,0,334,0,297,92,0,389,22,0,22,411
10/01/2004,HYA,MA,ANE,EN,Federal Contract Tower,0,34,15,0,49,0,285,109,0,394,0,319,124,0,443,18,0,18,461
10/02/2004,HYA,MA,ANE,EN,Federal Contract Tower,0,87,21,0,108,0,69,13,0,82,0,156,34,0,190,10,0,10,200
10/03/2004,HYA,MA,ANE,EN,Federal Contract Tower,0,61,11,0,72,0,160,57,0,217,0,221,68,0,289,26,0,26,315
10/04/2004,HYA,MA,ANE,EN,Federal Contract Tower,0,30,8,0,38,0,225,80,0,305,0,255,88,0,343,50,0,50,393
10/05/2004,HYA,MA,ANE,EN,Federal Contract Tower,0,21,5,0,26,0,212,68,0,280,0,233,73,0,306,20,0,20,326
10/06/2004,HYA,MA,ANE,EN,Federal Contract Tower,0,18,12,0,30,0,231,84,0,315,0,249,96,0,345,36,4,40,385
10/07/2004,HYA,MA,ANE,EN,Federal Contract Tower,0,28,19,0,47,0,258,80,0,338,0,286,99,0,385,60,0,60,445
10/08/2004,HYA,MA,ANE,EN,Federal Contract Tower,0,25,16,0,41,0,315,92,0,407,0,340,108,0,448,18,0,18,466
10/10/2004,HYA,MA,ANE,EN,Federal Contract Tower,0,23,11,0,34,0,177,66,0,243,0,200,77,0,277,40,2,42,319
10/11/2004,HYA,MA,ANE,EN,Federal Contract Tower,0,24,13,0,37,0,330,40,0,370,0,354,53,0,407,2,0,2,409
10/12/2004,HYA,MA,ANE,EN,Federal Contract Tower,0,26,9,0,35,0,246,26,0,272,0,272,35,0,307,4,4,8,315
10/13/2004,HYA,MA,ANE,EN,Federal Contract Tower,0,22,9,0,31,0,272,85,0,357,0,294,94,0,388,48,2,50,438
10/14/2004,HYA,MA,ANE,EN,Federal Contract Tower,0,74,31,0,105,0,194,36,0,230,0,268,67,0,335,16,0,16,351
10/15/2004,HYA,MA,ANE,EN,Federal Contract Tower,0,221,35,0,256,0,0,0,0,0,0,221,35,0,256,0,0,0,256
10/16/2004,HYA,MA,ANE,EN,Federal Contract Tower,0,22,19,0,41,0,163,36,0,199,0,185,55,0,240,10,0,10,250
10/17/2004,HYA,MA,ANE,EN,Federal Contract Tower,0,16,15,0,31,0,237,34,0,271,0,253,49,0,302,34,0,34,336
10/18/2004,HYA,MA,ANE,EN,Federal Contract Tower,0,22,15,0,37,0,223,83,0,306,0,245,98,0,343,26,0,26,369
10/19/2004,HYA,MA,ANE,EN,Federal Contract Tower,0,170,13,0,183,0,31,5,0,36,0,201,18,0,219,0,0,0,219
10/20/2004,HYA,MA,ANE,EN,Federal Contract Tower,0,22,19,0,41,0,245,58,0,303,0,267,77,0,344,14,0,14,358
10/21/2004,HYA,MA,ANE,EN,Federal Contract Tower,0,26,16,0,42,0,236,42,0,278,0,262,58,0,320,30,0,30,350
10/22/2004,HYA,MA,ANE,EN,Federal Contract Tower,0,55,26,0,81,0,214,30,0,244,0,269,56,0,325,14,0,14,339
10/23/2004,HYA,MA,ANE,EN,Federal Contract Tower,0,21,14,0,35,0,146,21,0,167,0,167,35,0,202,2,0,2,204
10/24/2004,HYA,MA,ANE,EN,Federal Contract Tower,0,232,22,0,254,0,7,3,0,10,0,239,25,0,264,24,0,24,288
10/25/2004,HYA,MA,ANE,EN,Federal Contract Tower,0,51,36,0,87,0,169,24,0,193,0,220,60,0,280,6,0,6,286
10/26/2004,HYA,MA,ANE,EN,Federal Contract Tower,0,23,11,0,34,0,219,47,0,266,0,242,58,0,300,26,4,30,330
10/27/2004,HYA,MA,ANE,EN,Federal Contract Tower,0,23,16,0,39,0,211,63,0,274,0,234,79,0,313,52,2,54,367
10/28/2004,HYA,MA,ANE,EN,Federal Contract Tower,0,18,9,0,27,0,206,62,0,268,0,224,71,0,295,20,0,20,315
10/29/2004,HYA,MA,ANE,EN,Federal Contract Tower,0,23,8,0,31,0,223,70,0,293,0,246,78,0,324,34,0,34,358
10/30/2004,HYA,MA,ANE,EN,Federal Contract Tower,0,81,10,0,91,0,71,16,0,87,0,152,26,0,178,14,0,14,192
10/31/2004,HYA,MA,ANE,EN,Federal Contract Tower,0,37,18,0,55,0,105,38,0,143,0,142,56,0,198,18,2,20,218
11/01/2004,HYA,MA,ANE,EN,Federal Contract Tower,0,12,6,1,19,0,216,50,0,266,0,228,56,1,285,26,2,28,313
11/02/2004,HYA,MA,ANE,EN,Federal Contract Tower,0,14,7,0,21,0,195,42,0,237,0,209,49,0,258,6,0,6,264
11/03/2004,HYA,MA,ANE,EN,Federal Contract Tower,0,21,10,0,31,0,211,33,0,244,0,232,43,0,275,6,0,6,281
11/04/2004,HYA,MA,ANE,EN,Federal Contract Tower,0,19,12,0,31,0,243,63,0,306,0,262,75,0,337,16,2,18,355
11/05/2004,HYA,MA,ANE,EN,Federal Contract Tower,0,16,6,0,22,0,248,17,0,265,0,264,23,0,287,0,2,2,289
11/06/2004,HYA,MA,ANE,EN,Federal Contract Tower,0,8,8,0,16,0,211,28,0,239,0,219,36,0,255,20,0,20,275
11/07/2004,HYA,MA,ANE,EN,Federal Contract Tower,0,7,5,0,12,0,154,69,0,223,0,161,74,0,235,32,2,34,269
11/08/2004,HYA,MA,ANE,EN,Federal Contract Tower,0,11,8,0,19,0,189,40,0,229,0,200,48,0,248,22,0,22,270
11/09/2004,HYA,MA,ANE,EN,Federal Contract Tower,0,24,11,0,35,0,222,37,0,259,0,246,48,0,294,10,0,10,304
11/10/2004,HYA,MA,ANE,EN,Federal Contract Tower,0,17,6,0,23,0,235,66,0,301,0,252,72,0,324,52,0,52,376
11/11/2004,HYA,MA,ANE,EN,Federal Contract Tower,0,17,6,0,23,0,226,33,0,259,0,243,39,0,282,18,0,18,300
11/12/2004,HYA,MA,ANE,EN,Federal Contract Tower,0,133,16,0,149,0,104,11,0,115,0,237,27,0,264,0,0,0,264
11/13/2004,HYA,MA,ANE,EN,Federal Contract Tower,0,97,6,0,103,0,54,19,0,73,0,151,25,0,176,2,0,2,178
11/14/2004,HYA,MA,ANE,EN,Federal Contract Tower,0,17,9,0,26,0,229,53,0,282,0,246,62,0,308,8,10,18,326
11/15/2004,HYA,MA,ANE,EN,Federal Contract Tower,0,12,12,0,24,0,231,61,0,292,0,243,73,0,316,34,0,34,350
11/16/2004,HYA,MA,ANE,EN,Federal Contract Tower,0,16,13,0,29,0,201,76,0,277,0,217,89,0,306,34,0,34,340
11/17/2004,HYA,MA,ANE,EN,Federal Contract Tower,0,15,11,0,26,0,170,74,0,244,0,185,85,0,270,38,0,38,308
11/18/2004,HYA,MA,ANE,EN,Federal Contract Tower,0,13,17,0,30,0,243,66,0,309,0,256,83,0,339,26,0,26,365
11/19/2004,HYA,MA,ANE,EN,Federal Contract Tower,0,17,10,0,27,0,244,79,0,323,0,261,89,0,350,8,0,8,358
11/20/2004,HYA,MA,ANE,EN,Federal Contract Tower,0,8,9,1,18,0,178,57,0,235,0,186,66,1,253,32,2,34,287
11/21/2004,HYA,MA,ANE,EN,Federal Contract Tower,0,13,11,0,24,0,171,30,0,201,0,184,41,0,225,18,0,18,243
11/22/2004,HYA,MA,ANE,EN,Federal Contract Tower,0,71,28,0,99,0,167,58,0,225,0,238,86,0,324,26,4,30,354
11/23/2004,HYA,MA,ANE,EN,Federal Contract Tower,0,14,16,0,30,0,245,90,0,335,0,259,106,0,365,30,0,30,395
11/24/2004,HYA,MA,ANE,EN,Federal Contract Tower,0,210,34,0,244,0,102,9,0,111,0,312,43,0,355,6,0,6,361
11/25/2004,HYA,MA,ANE,EN,Federal Contract Tower,0,79,7,0,86,0,18,2,0,20,0,97,9,0,106,0,0,0,106
11/26/2004,HYA,MA,ANE,EN,Federal Contract Tower,0,11,10,0,21,0,232,77,0,309,0,243,87,0,330,10,20,30,360
11/27/2004,HYA,MA,ANE,EN,Federal Contract Tower,0,21,17,0,38,0,229,91,0,320,0,250,108,0,358,52,0,52,410
11/28/2004,HYA,MA,ANE,EN,Federal Contract Tower,0,217,26,0,243,0,66,3,0,69,0,283,29,0,312,0,0,0,312
11/29/2004,HYA,MA,ANE,EN,Federal Contract Tower,0,20,8,0,28,0,280,74,0,354,0,300,82,0,382,30,2,32,414
11/30/2004,HYA,MA,ANE,EN,Federal Contract Tower,0,17,10,0,27,0,212,75,0,287,0,229,85,0,314,42,8,50,364
12/01/2004,HYA,MA,ANE,EN,Federal Contract Tower,0,58,1,0,59,0,125,15,0,140,0,183,16,0,199,4,2,6,205
12/02/2004,HYA,MA,ANE,EN,Federal Contract Tower,0,17,4,0,21,0,258,54,0,312,0,275,58,0,333,26,0,26,359
12/03/2004,HYA,MA,ANE,EN,Federal Contract Tower,0,64,11,0,75,0,297,46,0,343,0,361,57,0,418,18,4,22,440
12/04/2004,HYA,MA,ANE,EN,Federal Contract Tower,0,12,5,0,17,0,225,67,0,292,0,237,72,0,309,24,0,24,333
12/05/2004,HYA,MA,ANE,EN,Federal Contract Tower,0,11,10,0,21,0,335,86,0,421,0,346,96,0,442,46,2,48,490
12/06/2004,HYA,MA,ANE,EN,Federal Contract Tower,0,20,6,0,26,0,262,61,0,323,0,282,67,0,349,24,0,24,373
12/07/2004,HYA,MA,ANE,EN,Federal Contract Tower,0,209,11,0,220,0,0,0,0,0,0,209,11,0,220,0,0,0,220
12/08/2004,HYA,MA,ANE,EN,Federal Contract Tower,0,64,12,0,76,0,145,23,0,168,0,209,35,0,244,2,0,2,246
12/09/2004,HYA,MA,ANE,EN,Federal Contract Tower,0,12,7,0,19,0,243,90,0,333,0,255,97,0,352,12,0,12,364
12/10/2004,HYA,MA,ANE,EN,Federal Contract Tower,0,196,24,0,220,0,0,0,0,0,0,196,24,0,220,0,0,0,220
12/11/2004,HYA,MA,ANE,EN,Federal Contract Tower,0,152,11,0,163,0,49,2,0,51,0,201,13,0,214,0,0,0,214
12/12/2004,HYA,MA,ANE,EN,Federal Contract Tower,0,18,8,0,26,0,195,63,0,258,0,213,71,0,284,36,0,36,320
12/13/2004,HYA,MA,ANE,EN,Federal Contract Tower,0,37,8,0,45,0,205,25,0,230,0,242,33,0,275,6,10,16,291
12/14/2004,HYA,MA,ANE,EN,Federal Contract Tower,0,15,17,0,32,0,224,77,0,301,0,239,94,0,333,34,2,36,369
12/15/2004,HYA,MA,ANE,EN,Federal Contract Tower,0,20,13,0,33,0,235,38,0,273,0,255,51,0,306,14,2,16,322
12/16/2004,HYA,MA,ANE,EN,Federal Contract Tower,0,20,5,0,25,0,260,68,4,332,0,280,73,4,357,18,0,18,375
12/17/2004,HYA,MA,ANE,EN,Federal Contract Tower,0,18,6,0,24,0,235,55,0,290,0,253,61,0,314,8,0,8,322
12/18/2004,HYA,MA,ANE,EN,Federal Contract Tower,0,9,10,0,19,0,168,65,0,233,0,177,75,0,252,10,0,10,262
12/19/2004,HYA,MA,ANE,EN,Federal Contract Tower,0,88,11,0,99,0,80,3,0,83,0,168,14,0,182,0,0,0,182
12/20/2004,HYA,MA,ANE,EN,Federal Contract Tower,0,142,8,0,150,0,52,1,0,53,0,194,9,0,203,0,0,0,203
12/21/2004,HYA,MA,ANE,EN,Federal Contract Tower,0,22,9,0,31,0,240,67,0,307,0,262,76,0,338,16,0,16,354
12/22/2004,HYA,MA,ANE,EN,Federal Contract Tower,0,20,15,0,35,0,273,94,0,367,0,293,109,0,402,32,0,32,434
12/23/2004,HYA,MA,ANE,EN,Federal Contract Tower,0,109,24,0,133,0,192,23,0,215,0,301,47,0,348,8,0,8,356
12/24/2004,HYA,MA,ANE,EN,Federal Contract Tower,0,14,7,0,21,0,166,28,0,194,0,180,35,0,215,18,0,18,233
12/25/2004,HYA,MA,ANE,EN,Federal Contract Tower,0,3,0,0,3,0,89,3,0,92,0,92,3,0,95,6,0,6,101
12/26/2004,HYA,MA,ANE,EN,Federal Contract Tower,0,26,12,0,38,0,74,2,0,76,0,100,14,0,114,0,0,0,114
12/27/2004,HYA,MA,ANE,EN,Federal Contract Tower,0,0,0,0,0,0,0,0,0,0,0,0,0,0,0,0,0,0,0
12/28/2004,HYA,MA,ANE,EN,Federal Contract Tower,0,14,9,0,23,0,243,37,0,280,0,257,46,0,303,6,2,8,311
12/29/2004,HYA,MA,ANE,EN,Federal Contract Tower,0,13,6,0,19,0,193,50,0,243,0,206,56,0,262,38,0,38,300
12/30/2004,HYA,MA,ANE,EN,Federal Contract Tower,0,11,6,0,17,0,197,52,0,249,0,208,58,0,266,22,0,22,288
12/31/2004,HYA,MA,ANE,EN,Federal Contract Tower,0,21,7,0,28,0,285,55,0,340,0,306,62,0,368,38,0,38,406
01/01/2005,HYA,MA,ANE,EN,Federal Contract Tower,0,5,4,0,9,0,112,55,0,167,0,117,59,0,176,28,0,28,204
01/02/2005,HYA,MA,ANE,EN,Federal Contract Tower,0,17,11,0,28,0,184,77,0,261,0,201,88,0,289,44,0,44,333
01/03/2005,HYA,MA,ANE,EN,Federal Contract Tower,0,66,22,0,88,0,170,36,0,206,0,236,58,0,294,42,4,46,340
01/04/2005,HYA,MA,ANE,EN,Federal Contract Tower,0,159,26,0,185,0,63,19,0,82,0,222,45,0,267,34,0,34,301
01/05/2005,HYA,MA,ANE,EN,Federal Contract Tower,0,90,12,0,102,0,101,17,0,118,0,191,29,0,220,2,0,2,222
01/06/2005,HYA,MA,ANE,EN,Federal Contract Tower,0,14,0,0,14,0,68,0,0,68,0,82,0,0,82,0,0,0,82
01/07/2005,HYA,MA,ANE,EN,Federal Contract Tower,0,14,9,0,23,0,219,55,0,274,0,233,64,0,297,26,0,26,323
01/08/2005,HYA,MA,ANE,EN,Federal Contract Tower,0,47,7,0,54,0,46,5,0,51,0,93,12,0,105,0,0,0,105
01/09/2005,HYA,MA,ANE,EN,Federal Contract Tower,0,16,7,0,23,0,124,49,0,173,0,140,56,0,196,38,8,46,242
01/10/2005,HYA,MA,ANE,EN,Federal Contract Tower,0,84,9,0,93,0,127,23,0,150,0,211,32,0,243,14,0,14,257
01/11/2005,HYA,MA,ANE,EN,Federal Contract Tower,0,20,7,0,27,0,184,66,0,250,0,204,73,0,277,32,0,32,309
01/12/2005,HYA,MA,ANE,EN,Federal Contract Tower,0,133,2,0,135,0,10,2,0,12,0,143,4,0,147,0,0,0,147
01/13/2005,HYA,MA,ANE,EN,Federal Contract Tower,0,39,8,0,47,0,0,0,0,0,0,39,8,0,47,0,0,0,47
01/14/2005,HYA,MA,ANE,EN,Federal Contract Tower,0,131,20,0,151,0,28,0,0,28,0,159,20,0,179,0,0,0,179
01/15/2005,HYA,MA,ANE,EN,Federal Contract Tower,0,5,6,0,11,0,118,82,0,200,0,123,88,0,211,36,2,38,249
01/16/2005,HYA,MA,ANE,EN,Federal Contract Tower,0,30,2,0,32,0,106,20,0,126,0,136,22,0,158,22,0,22,180
01/17/2005,HYA,MA,ANE,EN,Federal Contract Tower,0,7,1,0,8,0,88,13,0,101,0,95,14,0,109,0,0,0,109
01/18/2005,HYA,MA,ANE,EN,Federal Contract Tower,0,23,5,0,28,0,179,17,0,196,0,202,22,0,224,12,0,12,236
01/19/2005,HYA,MA,ANE,EN,Federal Contract Tower,0,64,9,0,73,0,152,25,0,177,0,216,34,0,250,6,0,6,256
01/20/2005,HYA,MA,ANE,EN,Federal Contract Tower,0,14,8,0,22,0,155,27,4,186,0,169,35,4,208,4,6,10,218
01/21/2005,HYA,MA,ANE,EN,Federal Contract Tower,0,62,9,0,71,0,157,19,0,176,0,219,28,0,247,4,0,4,251
01/22/2005,HYA,MA,ANE,EN,Federal Contract Tower,0,16,1,0,17,0,79,15,0,94,0,95,16,0,111,0,0,0,111
01/23/2005,HYA,MA,ANE,EN,Federal Contract Tower,0,0,1,0,1,0,0,0,0,0,0,0,1,0,1,5,0,5,6
01/24/2005,HYA,MA,ANE,EN,Federal Contract Tower,0,0,1,0,1,0,0,0,0,0,0,0,1,0,1,5,0,5,6
01/25/2005,HYA,MA,ANE,EN,Federal Contract Tower,0,12,4,0,16,0,110,8,0,118,0,122,12,0,134,14,0,14,148
01/26/2005,HYA,MA,ANE,EN,Federal Contract Tower,0,61,8,0,69,0,7,1,0,8,0,68,9,0,77,0,0,0,77
01/27/2005,HYA,MA,ANE,EN,Federal Contract Tower,0,58,7,0,65,0,32,4,0,36,0,90,11,0,101,0,0,0,101
01/28/2005,HYA,MA,ANE,EN,Federal Contract Tower,0,116,12,0,128,0,133,65,0,198,0,249,77,0,326,2,0,2,328
01/29/2005,HYA,MA,ANE,EN,Federal Contract Tower,0,7,2,0,9,0,206,91,0,297,0,213,93,0,306,12,2,14,320
01/30/2005,HYA,MA,ANE,EN,Federal Contract Tower,0,31,10,0,41,0,177,70,0,247,0,208,80,0,288,12,0,12,300
01/31/2005,HYA,MA,ANE,EN,Federal Contract Tower,0,21,4,0,25,0,232,83,0,315,0,253,87,0,340,30,4,34,374
02/01/2005,HYA,MA,ANE,EN,Federal Contract Tower,0,17,4,0,21,0,211,54,0,265,0,228,58,0,286,26,0,26,312
02/02/2005,HYA,MA,ANE,EN,Federal Contract Tower,0,16,7,0,23,0,223,69,3,295,0,239,76,3,318,28,0,28,346
02/03/2005,HYA,MA,ANE,EN,Federal Contract Tower,0,182,14,0,196,0,9,0,0,9,0,191,14,0,205,0,0,0,205
02/04/2005,HYA,MA,ANE,EN,Federal Contract Tower,0,173,17,0,190,0,30,4,0,34,0,203,21,0,224,0,0,0,224
02/05/2005,HYA,MA,ANE,EN,Federal Contract Tower,0,4,1,0,5,0,148,48,0,196,0,152,49,0,201,22,0,22,223
02/06/2005,HYA,MA,ANE,EN,Federal Contract Tower,0,13,3,0,16,0,132,59,0,191,0,145,62,0,207,8,0,8,215
02/07/2005,HYA,MA,ANE,EN,Federal Contract Tower,0,71,8,0,79,0,127,49,0,176,0,198,57,0,255,22,2,24,279
02/08/2005,HYA,MA,ANE,EN,Federal Contract Tower,0,16,9,0,25,0,207,54,0,261,0,223,63,0,286,16,0,16,302
02/09/2005,HYA,MA,ANE,EN,Federal Contract Tower,0,12,11,0,23,0,199,60,0,259,0,211,71,0,282,28,0,28,310
02/10/2005,HYA,MA,ANE,EN,Federal Contract Tower,0,110,5,0,115,0,2,0,0,2,0,112,5,0,117,0,0,0,117
02/11/2005,HYA,MA,ANE,EN,Federal Contract Tower,0,11,6,0,17,0,208,24,0,232,0,219,30,0,249,7,4,11,260
02/12/2005,HYA,MA,ANE,EN,Federal Contract Tower,0,8,6,0,14,0,153,38,0,191,0,161,44,0,205,22,0,22,227
02/13/2005,HYA,MA,ANE,EN,Federal Contract Tower,0,38,16,0,54,0,106,33,0,139,0,144,49,0,193,18,0,18,211
02/14/2005,HYA,MA,ANE,EN,Federal Contract Tower,0,10,11,0,21,0,227,63,2,292,0,237,74,2,313,30,7,37,350
02/15/2005,HYA,MA,ANE,EN,Federal Contract Tower,0,70,16,0,86,0,78,31,0,109,0,148,47,0,195,18,0,18,213
02/16/2005,HYA,MA,ANE,EN,Federal Contract Tower,0,70,16,0,86,0,170,18,0,188,0,240,34,0,274,10,0,10,284
02/17/2005,HYA,MA,ANE,EN,Federal Contract Tower,0,9,9,0,18,0,226,60,0,286,0,235,69,0,304,38,2,40,344
02/18/2005,HYA,MA,ANE,EN,Federal Contract Tower,0,45,3,0,48,0,215,19,0,234,0,260,22,0,282,2,6,8,290
02/19/2005,HYA,MA,ANE,EN,Federal Contract Tower,0,7,9,0,16,0,154,49,0,203,0,161,58,0,219,25,5,30,249
02/20/2005,HYA,MA,ANE,EN,Federal Contract Tower,0,2,11,0,13,0,127,63,0,190,0,129,74,0,203,16,0,16,219
02/21/2005,HYA,MA,ANE,EN,Federal Contract Tower,0,55,5,0,60,0,0,0,0,0,0,55,5,0,60,0,0,0,60
02/22/2005,HYA,MA,ANE,EN,Federal Contract Tower,0,215,15,0,230,0,13,4,0,17,0,228,19,0,247,4,0,4,251
02/23/2005,HYA,MA,ANE,EN,Federal Contract Tower,0,62,14,0,76,0,176,29,2,207,0,238,43,2,283,22,0,22,305
02/24/2005,HYA,MA,ANE,EN,Federal Contract Tower,0,25,11,0,36,0,239,38,0,277,0,264,49,0,313,24,0,24,337
02/25/2005,HYA,MA,ANE,EN,Federal Contract Tower,0,11,5,0,16,0,91,8,0,99,0,102,13,0,115,14,2,16,131
02/26/2005,HYA,MA,ANE,EN,Federal Contract Tower,0,7,7,0,14,0,147,42,1,190,0,154,49,1,204,24,0,24,228
02/27/2005,HYA,MA,ANE,EN,Federal Contract Tower,0,16,5,0,21,0,166,52,0,218,0,182,57,0,239,30,0,30,269
02/28/2005,HYA,MA,ANE,EN,Federal Contract Tower,0,20,8,0,28,0,179,29,0,208,0,199,37,0,236,10,0,10,246
03/01/2005,HYA,MA,ANE,EN,Federal Contract Tower,0,27,0,0,27,0,77,0,0,77,0,104,0,0,104,12,2,14,118
03/02/2005,HYA,MA,ANE,EN,Federal Contract Tower,0,12,10,0,22,0,234,25,0,259,0,246,35,0,281,20,0,20,301
03/03/2005,HYA,MA,ANE,EN,Federal Contract Tower,0,15,11,0,26,0,228,41,4,273,0,243,52,4,299,14,0,14,313
03/04/2005,HYA,MA,ANE,EN,Federal Contract Tower,0,17,6,0,23,0,223,47,0,270,0,240,53,0,293,34,0,34,327
03/05/2005,HYA,MA,ANE,EN,Federal Contract Tower,0,2,0,0,2,0,155,48,0,203,0,157,48,0,205,20,2,22,227
03/06/2005,HYA,MA,ANE,EN,Federal Contract Tower,0,25,10,0,35,0,152,32,0,184,0,177,42,0,219,16,0,16,235
03/07/2005,HYA,MA,ANE,EN,Federal Contract Tower,0,10,7,0,17,0,213,47,0,260,0,223,54,0,277,22,8,30,307
03/08/2005,HYA,MA,ANE,EN,Federal Contract Tower,0,50,3,0,53,0,52,6,0,58,0,102,9,0,111,0,0,0,111
03/09/2005,HYA,MA,ANE,EN,Federal Contract Tower,0,10,2,0,12,0,169,35,0,204,0,179,37,0,216,18,0,18,234
03/10/2005,HYA,MA,ANE,EN,Federal Contract Tower,0,16,4,0,20,0,256,43,0,299,0,272,47,0,319,44,2,46,365
03/11/2005,HYA,MA,ANE,EN,Federal Contract Tower,0,111,17,0,128,0,114,14,0,128,0,225,31,0,256,4,0,4,260
03/12/2005,HYA,MA,ANE,EN,Federal Contract Tower,0,84,8,0,92,0,0,1,0,1,0,84,9,0,93,0,0,0,93
03/13/2005,HYA,MA,ANE,EN,Federal Contract Tower,0,35,14,0,49,0,119,36,0,155,0,154,50,0,204,24,0,24,228
03/14/2005,HYA,MA,ANE,EN,Federal Contract Tower,0,14,19,0,33,0,227,64,0,291,0,241,83,0,324,38,0,38,362
03/15/2005,HYA,MA,ANE,EN,Federal Contract Tower,0,12,5,0,17,0,247,48,0,295,0,259,53,0,312,24,10,34,346
03/16/2005,HYA,MA,ANE,EN,Federal Contract Tower,0,15,8,0,23,0,256,83,0,339,0,271,91,0,362,12,0,12,374
03/17/2005,HYA,MA,ANE,EN,Federal Contract Tower,0,11,8,2,21,0,253,87,0,340,0,264,95,2,361,32,0,32,393
03/18/2005,HYA,MA,ANE,EN,Federal Contract Tower,0,17,12,0,29,0,266,68,0,334,0,283,80,0,363,26,0,26,389
03/19/2005,HYA,MA,ANE,EN,Federal Contract Tower,0,4,2,0,6,0,165,75,0,240,0,169,77,0,246,6,0,6,252
03/20/2005,HYA,MA,ANE,EN,Federal Contract Tower,0,3,8,0,11,0,157,49,0,206,0,160,57,0,217,26,0,26,243
03/21/2005,HYA,MA,ANE,EN,Federal Contract Tower,0,163,6,0,169,0,66,10,0,76,0,229,16,0,245,0,0,0,245
03/22/2005,HYA,MA,ANE,EN,Federal Contract Tower,0,12,8,0,20,0,223,78,0,301,0,235,86,0,321,54,4,58,379
03/23/2005,HYA,MA,ANE,EN,Federal Contract Tower,0,44,10,0,54,0,203,44,0,247,0,247,54,0,301,14,4,18,319
03/24/2005,HYA,MA,ANE,EN,Federal Contract Tower,0,107,5,0,112,0,79,11,0,90,0,186,16,0,202,0,4,4,206
03/25/2005,HYA,MA,ANE,EN,Federal Contract Tower,0,15,8,0,23,0,239,52,0,291,0,254,60,0,314,14,0,14,328
03/26/2005,HYA,MA,ANE,EN,Federal Contract Tower,0,12,4,0,16,0,129,68,0,197,0,141,72,0,213,24,0,24,237
03/27/2005,HYA,MA,ANE,EN,Federal Contract Tower,0,7,3,0,10,0,168,41,0,209,0,175,44,0,219,8,0,8,227
03/28/2005,HYA,MA,ANE,EN,Federal Contract Tower,0,134,12,0,146,0,31,4,0,35,0,165,16,0,181,0,0,0,181
03/29/2005,HYA,MA,ANE,EN,Federal Contract Tower,0,48,20,0,68,0,4,2,0,6,0,52,22,0,74,6,0,6,80
03/30/2005,HYA,MA,ANE,EN,Federal Contract Tower,0,13,9,0,22,0,236,38,0,274,0,249,47,0,296,16,0,16,312
03/31/2005,HYA,MA,ANE,EN,Federal Contract Tower,0,11,10,0,21,0,244,67,2,313,0,255,77,2,334,64,4,68,402
04/01/2005,HYA,MA,ANE,EN,Federal Contract Tower,0,17,4,0,21,0,255,53,0,308,0,272,57,0,329,42,2,44,373
04/02/2005,HYA,MA,ANE,EN,Federal Contract Tower,0,60,4,0,64,0,0,0,0,0,0,60,4,0,64,0,0,0,64
04/03/2005,HYA,MA,ANE,EN,Federal Contract Tower,0,27,12,0,39,0,127,27,0,154,0,154,39,0,193,24,0,24,217
04/04/2005,HYA,MA,ANE,EN,Federal Contract Tower,0,76,7,0,83,0,200,51,0,251,0,276,58,0,334,24,0,24,358
04/05/2005,HYA,MA,ANE,EN,Federal Contract Tower,0,12,4,0,16,0,241,83,0,324,0,253,87,0,340,36,0,36,376
04/06/2005,HYA,MA,ANE,EN,Federal Contract Tower,0,16,11,0,27,0,242,67,0,309,0,258,78,0,336,32,4,36,372
04/07/2005,HYA,MA,ANE,EN,Federal Contract Tower,0,24,6,0,30,0,235,49,0,284,0,259,55,0,314,16,0,16,330
04/08/2005,HYA,MA,ANE,EN,Federal Contract Tower,0,109,16,0,125,0,155,26,0,181,0,264,42,0,306,18,0,18,324
04/09/2005,HYA,MA,ANE,EN,Federal Contract Tower,0,8,1,0,9,0,160,68,2,230,0,168,69,2,239,16,0,16,255
04/10/2005,HYA,MA,ANE,EN,Federal Contract Tower,0,15,2,0,17,0,149,91,0,240,0,164,93,0,257,60,0,60,317
04/11/2005,HYA,MA,ANE,EN,Federal Contract Tower,0,14,5,0,19,0,248,58,0,306,0,262,63,0,325,8,0,8,333
04/12/2005,HYA,MA,ANE,EN,Federal Contract Tower,0,25,12,0,37,0,242,43,0,285,0,267,55,0,322,26,0,26,348
04/13/2005,HYA,MA,ANE,EN,Federal Contract Tower,0,13,8,0,21,0,257,63,0,320,0,270,71,0,341,34,0,34,375
04/14/2005,HYA,MA,ANE,EN,Federal Contract Tower,0,11,8,0,19,0,222,50,0,272,0,233,58,0,291,26,6,32,323
04/15/2005,HYA,MA,ANE,EN,Federal Contract Tower,0,11,14,0,25,0,280,48,0,328,0,291,62,0,353,0,0,0,353
04/16/2005,HYA,MA,ANE,EN,Federal Contract Tower,0,8,5,0,13,0,165,65,0,230,0,173,70,0,243,22,0,22,265
04/17/2005,HYA,MA,ANE,EN,Federal Contract Tower,0,6,5,0,11,0,161,62,0,223,0,167,67,0,234,42,0,42,276
04/18/2005,HYA,MA,ANE,EN,Federal Contract Tower,0,13,2,0,15,0,244,94,0,338,0,257,96,0,353,24,0,24,377
04/19/2005,HYA,MA,ANE,EN,Federal Contract Tower,0,12,7,0,19,0,244,69,0,313,0,256,76,0,332,20,0,20,352
04/20/2005,HYA,MA,ANE,EN,Federal Contract Tower,0,21,5,0,26,0,237,58,0,295,0,258,63,0,321,22,14,36,357
04/21/2005,HYA,MA,ANE,EN,Federal Contract Tower,0,45,6,0,51,0,213,49,0,262,0,258,55,0,313,24,0,24,337
04/22/2005,HYA,MA,ANE,EN,Federal Contract Tower,0,14,15,0,29,0,287,52,0,339,0,301,67,0,368,4,2,6,374
04/23/2005,HYA,MA,ANE,EN,Federal Contract Tower,0,60,15,0,75,0,60,4,0,64,0,120,19,0,139,0,0,0,139
04/24/2005,HYA,MA,ANE,EN,Federal Contract Tower,0,85,6,0,91,0,183,9,2,194,0,268,15,2,285,2,0,2,287
04/25/2005,HYA,MA,ANE,EN,Federal Contract Tower,0,27,2,0,29,0,238,32,0,270,0,265,34,0,299,6,2,8,307
04/26/2005,HYA,MA,ANE,EN,Federal Contract Tower,0,15,14,0,29,0,240,80,0,320,0,255,94,0,349,34,8,42,391
04/27/2005,HYA,MA,ANE,EN,Federal Contract Tower,0,202,6,0,208,0,5,0,0,5,0,207,6,0,213,0,0,0,213
04/28/2005,HYA,MA,ANE,EN,Federal Contract Tower,0,103,17,1,121,0,165,35,1,201,0,268,52,2,322,10,0,10,332
04/29/2005,HYA,MA,ANE,EN,Federal Contract Tower,0,13,9,0,22,0,285,58,0,343,0,298,67,0,365,20,26,46,411
04/30/2005,HYA,MA,ANE,EN,Federal Contract Tower,0,80,13,0,93,0,0,0,0,0,0,80,13,0,93,0,0,0,93
05/01/2005,HYA,MA,ANE,EN,Federal Contract Tower,0,108,29,1,138,0,40,9,1,50,0,148,38,2,188,2,0,2,190
05/02/2005,HYA,MA,ANE,EN,Federal Contract Tower,0,20,8,0,28,0,230,48,0,278,0,250,56,0,306,24,0,24,330
05/03/2005,HYA,MA,ANE,EN,Federal Contract Tower,0,17,13,0,30,0,228,73,0,301,0,245,86,0,331,38,0,38,369
05/04/2005,HYA,MA,ANE,EN,Federal Contract Tower,0,23,2,0,25,0,246,65,0,311,0,269,67,0,336,16,2,18,354
05/05/2005,HYA,MA,ANE,EN,Federal Contract Tower,0,20,12,0,32,0,256,94,0,350,0,276,106,0,382,26,2,28,410
05/06/2005,HYA,MA,ANE,EN,Federal Contract Tower,0,25,7,0,32,0,280,71,0,351,0,305,78,0,383,24,0,24,407
05/07/2005,HYA,MA,ANE,EN,Federal Contract Tower,0,24,3,0,27,0,1,0,0,1,0,25,3,0,28,0,0,0,28
05/08/2005,HYA,MA,ANE,EN,Federal Contract Tower,0,38,19,0,57,0,1,0,0,1,0,39,19,0,58,0,0,0,58
05/09/2005,HYA,MA,ANE,EN,Federal Contract Tower,0,286,22,0,308,0,5,0,0,5,0,291,22,0,313,4,0,4,317
05/10/2005,HYA,MA,ANE,EN,Federal Contract Tower,0,25,4,0,29,0,258,65,0,323,0,283,69,0,352,48,2,50,402
05/11/2005,HYA,MA,ANE,EN,Federal Contract Tower,0,219,24,0,243,0,2,2,0,4,0,221,26,0,247,0,0,0,247
05/12/2005,HYA,MA,ANE,EN,Federal Contract Tower,0,22,16,1,39,0,279,58,0,337,0,301,74,1,376,14,2,16,392
05/13/2005,HYA,MA,ANE,EN,Federal Contract Tower,0,26,15,0,41,0,270,81,0,351,0,296,96,0,392,28,0,28,420
05/14/2005,HYA,MA,ANE,EN,Federal Contract Tower,0,14,18,0,32,0,186,54,0,240,0,200,72,0,272,44,0,44,316
05/15/2005,HYA,MA,ANE,EN,Federal Contract Tower,0,187,18,0,205,0,0,0,0,0,0,187,18,0,205,0,0,0,205
05/16/2005,HYA,MA,ANE,EN,Federal Contract Tower,0,166,16,0,182,0,129,20,0,149,0,295,36,0,331,12,0,12,343
05/17/2005,HYA,MA,ANE,EN,Federal Contract Tower,0,230,30,0,260,0,1,3,0,4,0,231,33,0,264,0,0,0,264
05/18/2005,HYA,MA,ANE,EN,Federal Contract Tower,0,255,40,0,295,0,11,2,0,13,0,266,42,0,308,0,0,0,308
05/19/2005,HYA,MA,ANE,EN,Federal Contract Tower,0,48,21,0,69,0,234,89,0,323,0,282,110,0,392,12,0,12,404
05/20/2005,HYA,MA,ANE,EN,Federal Contract Tower,0,22,17,0,39,0,273,64,0,337,0,295,81,0,376,10,0,10,386
05/21/2005,HYA,MA,ANE,EN,Federal Contract Tower,0,165,18,0,183,0,13,1,0,14,0,178,19,0,197,4,0,4,201
05/22/2005,HYA,MA,ANE,EN,Federal Contract Tower,0,20,12,0,32,0,239,33,0,272,0,259,45,0,304,12,2,14,318
05/23/2005,HYA,MA,ANE,EN,Federal Contract Tower,0,255,37,0,292,0,11,1,0,12,0,266,38,0,304,6,0,6,310
05/24/2005,HYA,MA,ANE,EN,Federal Contract Tower,0,219,23,0,242,0,2,0,0,2,0,221,23,0,244,0,0,0,244
05/25/2005,HYA,MA,ANE,EN,Federal Contract Tower,0,112,13,0,125,0,0,0,0,0,0,112,13,0,125,0,0,0,125
05/26/2005,HYA,MA,ANE,EN,Federal Contract Tower,0,275,23,0,298,0,0,0,0,0,0,275,23,0,298,0,0,0,298
05/27/2005,HYA,MA,ANE,EN,Federal Contract Tower,0,188,56,0,244,0,220,26,0,246,0,408,82,0,490,18,0,18,508
05/28/2005,HYA,MA,ANE,EN,Federal Contract Tower,0,36,22,0,58,0,221,91,0,312,0,257,113,0,370,22,2,24,394
05/29/2005,HYA,MA,ANE,EN,Federal Contract Tower,0,54,17,0,71,0,119,48,0,167,0,173,65,0,238,36,0,36,274
05/30/2005,HYA,MA,ANE,EN,Federal Contract Tower,0,70,22,0,92,0,297,74,0,371,0,367,96,0,463,42,0,42,505
05/31/2005,HYA,MA,ANE,EN,Federal Contract Tower,0,248,41,0,289,0,27,5,0,32,0,275,46,0,321,0,0,0,321
06/01/2005,HYA,MA,ANE,EN,Federal Contract Tower,0,176,31,0,207,0,115,39,0,154,0,291,70,0,361,28,2,30,391
06/02/2005,HYA,MA,ANE,EN,Federal Contract Tower,0,298,39,0,337,0,36,12,0,48,0,334,51,0,385,6,0,6,391
06/03/2005,HYA,MA,ANE,EN,Federal Contract Tower,0,122,37,0,159,0,170,60,0,230,0,292,97,0,389,18,0,18,407
06/04/2005,HYA,MA,ANE,EN,Federal Contract Tower,0,83,27,0,110,0,100,43,0,143,0,183,70,0,253,10,0,10,263
06/05/2005,HYA,MA,ANE,EN,Federal Contract Tower,0,14,19,0,33,0,206,79,0,285,0,220,98,0,318,28,0,28,346
06/06/2005,HYA,MA,ANE,EN,Federal Contract Tower,0,269,28,0,297,0,3,1,0,4,0,272,29,0,301,0,0,0,301
06/07/2005,HYA,MA,ANE,EN,Federal Contract Tower,0,130,22,0,152,0,81,24,0,105,0,211,46,0,257,6,0,6,263
06/08/2005,HYA,MA,ANE,EN,Federal Contract Tower,0,26,14,0,40,0,269,106,0,375,0,295,120,0,415,46,0,46,461
06/09/2005,HYA,MA,ANE,EN,Federal Contract Tower,0,143,43,0,186,0,181,67,0,248,0,324,110,0,434,28,4,32,466
06/10/2005,HYA,MA,ANE,EN,Federal Contract Tower,0,135,37,0,172,0,165,19,0,184,0,300,56,0,356,2,0,2,358
06/11/2005,HYA,MA,ANE,EN,Federal Contract Tower,0,21,14,0,35,0,187,28,0,215,0,208,42,0,250,36,2,38,288
06/12/2005,HYA,MA,ANE,EN,Federal Contract Tower,0,165,26,0,191,0,110,37,0,147,0,275,63,0,338,24,2,26,364
06/13/2005,HYA,MA,ANE,EN,Federal Contract Tower,0,43,32,0,75,0,295,62,0,357,0,338,94,0,432,16,0,16,448
06/14/2005,HYA,MA,ANE,EN,Federal Contract Tower,0,131,29,0,160,0,171,39,0,210,0,302,68,0,370,42,0,42,412
06/15/2005,HYA,MA,ANE,EN,Federal Contract Tower,0,274,34,2,310,0,0,0,0,0,0,274,34,2,310,0,0,0,310
06/16/2005,HYA,MA,ANE,EN,Federal Contract Tower,0,225,43,0,268,0,70,36,0,106,0,295,79,0,374,10,4,14,388
06/17/2005,HYA,MA,ANE,EN,Federal Contract Tower,0,122,36,0,158,0,204,54,0,258,0,326,90,0,416,22,4,26,442
06/18/2005,HYA,MA,ANE,EN,Federal Contract Tower,0,123,37,0,160,0,83,18,0,101,0,206,55,0,261,6,2,8,269
06/19/2005,HYA,MA,ANE,EN,Federal Contract Tower,0,75,43,0,118,0,182,61,0,243,0,257,104,0,361,28,0,28,389
06/20/2005,HYA,MA,ANE,EN,Federal Contract Tower,0,21,21,0,42,0,260,96,0,356,0,281,117,0,398,64,2,66,464
06/21/2005,HYA,MA,ANE,EN,Federal Contract Tower,0,28,13,0,41,0,253,92,0,345,0,281,105,0,386,44,0,44,430
06/22/2005,HYA,MA,ANE,EN,Federal Contract Tower,0,90,23,0,113,0,224,59,0,283,0,314,82,0,396,28,0,28,424
06/23/2005,HYA,MA,ANE,EN,Federal Contract Tower,0,28,25,0,53,0,311,112,2,425,0,339,137,2,478,56,0,56,534
06/24/2005,HYA,MA,ANE,EN,Federal Contract Tower,0,40,25,0,65,0,302,98,0,400,0,342,123,0,465,22,0,22,487
06/25/2005,HYA,MA,ANE,EN,Federal Contract Tower,0,31,19,0,50,0,205,100,0,305,0,236,119,0,355,44,0,44,399
06/26/2005,HYA,MA,ANE,EN,Federal Contract Tower,0,35,29,0,64,0,255,87,0,342,0,290,116,0,406,62,0,62,468
06/27/2005,HYA,MA,ANE,EN,Federal Contract Tower,0,195,51,0,246,0,32,19,0,51,0,227,70,0,297,8,2,10,307
06/28/2005,HYA,MA,ANE,EN,Federal Contract Tower,0,156,29,0,185,0,0,1,0,1,0,156,30,0,186,8,0,8,194
06/29/2005,HYA,MA,ANE,EN,Federal Contract Tower,0,140,37,0,177,0,98,31,0,129,0,238,68,0,306,0,0,0,306
06/30/2005,HYA,MA,ANE,EN,Federal Contract Tower,0,270,59,0,329,0,61,5,0,66,0,331,64,0,395,0,0,0,395
07/01/2005,HYA,MA,ANE,EN,Federal Contract Tower,0,299,83,0,382,0,0,0,0,0,0,299,83,0,382,0,0,0,382
07/02/2005,HYA,MA,ANE,EN,Federal Contract Tower,0,88,39,0,127,0,216,94,0,310,0,304,133,0,437,60,0,60,497
07/03/2005,HYA,MA,ANE,EN,Federal Contract Tower,0,21,7,0,28,0,185,128,0,313,0,206,135,0,341,60,0,60,401
07/04/2005,HYA,MA,ANE,EN,Federal Contract Tower,0,41,15,0,56,0,177,96,0,273,0,218,111,0,329,60,0,60,389
07/05/2005,HYA,MA,ANE,EN,Federal Contract Tower,0,249,102,0,351,0,40,36,0,76,0,289,138,0,427,0,0,0,427
07/06/2005,HYA,MA,ANE,EN,Federal Contract Tower,0,301,53,0,354,0,6,2,0,8,0,307,55,0,362,0,0,0,362
07/07/2005,HYA,MA,ANE,EN,Federal Contract Tower,0,301,74,0,375,0,0,5,0,5,0,301,79,0,380,0,0,0,380
07/08/2005,HYA,MA,ANE,EN,Federal Contract Tower,0,283,67,2,352,0,0,0,0,0,0,283,67,2,352,0,0,0,352
07/09/2005,HYA,MA,ANE,EN,Federal Contract Tower,0,91,34,0,125,0,123,23,0,146,0,214,57,0,271,42,0,42,313
07/10/2005,HYA,MA,ANE,EN,Federal Contract Tower,0,30,26,0,56,0,240,89,0,329,0,270,115,0,385,46,0,46,431
07/11/2005,HYA,MA,ANE,EN,Federal Contract Tower,0,40,34,0,74,0,276,110,0,386,0,316,144,0,460,26,4,30,490
07/12/2005,HYA,MA,ANE,EN,Federal Contract Tower,0,38,35,0,73,0,291,99,0,390,0,329,134,0,463,26,0,26,489
07/13/2005,HYA,MA,ANE,EN,Federal Contract Tower,0,277,67,0,344,0,46,7,0,53,0,323,74,0,397,0,0,0,397
07/14/2005,HYA,MA,ANE,EN,Federal Contract Tower,0,233,56,0,289,0,74,19,0,93,0,307,75,0,382,16,0,16,398
07/15/2005,HYA,MA,ANE,EN,Federal Contract Tower,0,164,49,0,213,0,209,100,1,310,0,373,149,1,523,26,0,26,549
07/16/2005,HYA,MA,ANE,EN,Federal Contract Tower,0,66,20,0,86,0,166,55,0,221,0,232,75,0,307,42,2,44,351
07/17/2005,HYA,MA,ANE,EN,Federal Contract Tower,0,114,61,0,175,0,171,6,0,177,0,285,67,0,352,10,8,18,370
07/18/2005,HYA,MA,ANE,EN,Federal Contract Tower,0,180,76,0,256,0,0,0,0,0,0,180,76,0,256,0,0,0,256
07/19/2005,HYA,MA,ANE,EN,Federal Contract Tower,0,171,51,0,222,0,29,13,0,42,0,200,64,0,264,0,0,0,264
07/20/2005,HYA,MA,ANE,EN,Federal Contract Tower,0,33,29,0,62,0,298,76,0,374,0,331,105,0,436,72,2,74,510
07/21/2005,HYA,MA,ANE,EN,Federal Contract Tower,0,26,40,0,66,0,295,111,0,406,0,321,151,0,472,38,4,42,514
07/22/2005,HYA,MA,ANE,EN,Federal Contract Tower,1,90,60,0,151,0,286,109,2,397,1,376,169,2,548,42,2,44,592
07/23/2005,HYA,MA,ANE,EN,Federal Contract Tower,0,33,28,0,61,0,210,91,0,301,0,243,119,0,362,52,2,54,416
07/24/2005,HYA,MA,ANE,EN,Federal Contract Tower,0,29,44,0,73,0,244,95,0,339,0,273,139,0,412,58,4,62,474
07/25/2005,HYA,MA,ANE,EN,Federal Contract Tower,3,51,26,0,80,0,240,54,0,294,3,291,80,0,374,12,0,12,386
07/26/2005,HYA,MA,ANE,EN,Federal Contract Tower,0,174,44,0,218,0,113,79,0,192,0,287,123,0,410,46,0,46,456
07/27/2005,HYA,MA,ANE,EN,Federal Contract Tower,0,260,58,0,318,0,0,0,0,0,0,260,58,0,318,0,0,0,318
07/28/2005,HYA,MA,ANE,EN,Federal Contract Tower,0,77,64,0,141,0,277,71,0,348,0,354,135,0,489,32,2,34,523
07/29/2005,HYA,MA,ANE,EN,Federal Contract Tower,0,58,69,0,127,0,318,135,2,455,0,376,204,2,582,34,0,34,616
07/30/2005,HYA,MA,ANE,EN,Federal Contract Tower,0,142,28,0,170,0,121,58,0,179,0,263,86,0,349,50,0,50,399
07/31/2005,HYA,MA,ANE,EN,Federal Contract Tower,0,222,98,0,320,0,2,3,0,5,0,224,101,0,325,0,0,0,325
08/01/2005,HYA,MA,ANE,EN,Federal Contract Tower,0,41,38,0,79,0,288,73,0,361,0,329,111,0,440,32,0,32,472
08/02/2005,HYA,MA,ANE,EN,Federal Contract Tower,0,41,20,0,61,0,253,101,0,354,0,294,121,0,415,26,0,26,441
08/03/2005,HYA,MA,ANE,EN,Federal Contract Tower,0,38,37,0,75,0,268,74,0,342,0,306,111,0,417,24,0,24,441
08/04/2005,HYA,MA,ANE,EN,Federal Contract Tower,0,41,46,0,87,0,297,103,0,400,0,338,149,0,487,20,0,20,507
08/05/2005,HYA,MA,ANE,EN,Federal Contract Tower,0,184,71,0,255,0,124,33,0,157,0,308,104,0,412,10,0,10,422
08/06/2005,HYA,MA,ANE,EN,Federal Contract Tower,0,34,23,0,57,0,198,76,0,274,0,232,99,0,331,36,0,36,367
08/07/2005,HYA,MA,ANE,EN,Federal Contract Tower,0,32,47,0,79,0,257,58,0,315,0,289,105,0,394,54,0,54,448
08/08/2005,HYA,MA,ANE,EN,Federal Contract Tower,0,43,43,0,86,0,314,61,0,375,0,357,104,0,461,32,2,34,495
08/09/2005,HYA,MA,ANE,EN,Federal Contract Tower,0,189,61,0,250,0,98,50,0,148,0,287,111,0,398,16,0,16,414
08/10/2005,HYA,MA,ANE,EN,Federal Contract Tower,0,178,47,0,225,0,116,41,0,157,0,294,88,0,382,44,2,46,428
08/11/2005,HYA,MA,ANE,EN,Federal Contract Tower,0,124,42,0,166,0,186,65,0,251,0,310,107,0,417,22,2,24,441
08/12/2005,HYA,MA,ANE,EN,Federal Contract Tower,0,145,96,0,241,0,203,96,0,299,0,348,192,0,540,38,0,38,578
08/13/2005,HYA,MA,ANE,EN,Federal Contract Tower,0,230,60,0,290,0,47,24,0,71,0,277,84,0,361,40,0,40,401
08/14/2005,HYA,MA,ANE,EN,Federal Contract Tower,0,270,73,0,343,0,8,1,0,9,0,278,74,0,352,0,0,0,352
08/15/2005,HYA,MA,ANE,EN,Federal Contract Tower,0,272,84,0,356,0,0,0,0,0,0,272,84,0,356,0,0,0,356
08/16/2005,HYA,MA,ANE,EN,Federal Contract Tower,0,46,39,0,85,0,269,107,0,376,0,315,146,0,461,30,4,34,495
08/17/2005,HYA,MA,ANE,EN,Federal Contract Tower,0,34,22,0,56,0,266,112,0,378,0,300,134,0,434,44,12,56,490
08/18/2005,HYA,MA,ANE,EN,Federal Contract Tower,0,40,47,0,87,0,332,128,0,460,0,372,175,0,547,42,4,46,593
08/19/2005,HYA,MA,ANE,EN,Federal Contract Tower,0,36,36,0,72,0,323,95,0,418,0,359,131,0,490,34,2,36,526
08/20/2005,HYA,MA,ANE,EN,Federal Contract Tower,0,212,44,0,256,0,7,10,0,17,0,219,54,0,273,6,0,6,279
08/21/2005,HYA,MA,ANE,EN,Federal Contract Tower,0,198,71,0,269,0,82,4,0,86,0,280,75,0,355,12,0,12,367
08/22/2005,HYA,MA,ANE,EN,Federal Contract Tower,0,41,30,0,71,0,307,75,0,382,0,348,105,0,453,38,0,38,491
08/23/2005,HYA,MA,ANE,EN,Federal Contract Tower,0,50,14,0,64,0,301,103,0,404,0,351,117,0,468,26,0,26,494
08/24/2005,HYA,MA,ANE,EN,Federal Contract Tower,0,41,23,0,64,0,264,87,0,351,0,305,110,0,415,10,4,14,429
08/25/2005,HYA,MA,ANE,EN,Federal Contract Tower,0,48,33,0,81,0,270,98,0,368,0,318,131,0,449,16,2,18,467
08/26/2005,HYA,MA,ANE,EN,Federal Contract Tower,0,35,33,0,68,0,311,124,0,435,0,346,157,0,503,48,2,50,553
08/27/2005,HYA,MA,ANE,EN,Federal Contract Tower,0,23,16,0,39,0,205,71,0,276,0,228,87,0,315,60,0,60,375
08/28/2005,HYA,MA,ANE,EN,Federal Contract Tower,0,39,31,0,70,0,245,55,0,300,0,284,86,0,370,34,0,34,404
08/29/2005,HYA,MA,ANE,EN,Federal Contract Tower,0,52,30,0,82,0,252,33,0,285,0,304,63,0,367,22,0,22,389
08/30/2005,HYA,MA,ANE,EN,Federal Contract Tower,0,228,26,0,254,0,47,3,0,50,0,275,29,0,304,0,0,0,304
08/31/2005,HYA,MA,ANE,EN,Federal Contract Tower,0,116,16,0,132,0,157,15,0,172,0,273,31,0,304,4,4,8,312
09/01/2005,HYA,MA,ANE,EN,Federal Contract Tower,0,40,25,0,65,0,282,99,0,381,0,322,124,0,446,18,0,18,464
09/02/2005,HYA,MA,ANE,EN,Federal Contract Tower,0,29,43,0,72,0,305,108,0,413,0,334,151,0,485,30,4,34,519
09/03/2005,HYA,MA,ANE,EN,Federal Contract Tower,0,17,15,0,32,0,224,86,0,310,0,241,101,0,342,62,0,62,404
09/04/2005,HYA,MA,ANE,EN,Federal Contract Tower,0,24,13,0,37,0,177,87,0,264,0,201,100,0,301,72,0,72,373
09/05/2005,HYA,MA,ANE,EN,Federal Contract Tower,0,25,22,0,47,0,291,88,0,379,0,316,110,0,426,50,4,54,480
09/06/2005,HYA,MA,ANE,EN,Federal Contract Tower,0,25,23,0,48,0,290,80,0,370,0,315,103,0,418,24,0,24,442
09/07/2005,HYA,MA,ANE,EN,Federal Contract Tower,0,43,19,0,62,0,251,113,0,364,0,294,132,0,426,32,6,38,464
09/08/2005,HYA,MA,ANE,EN,Federal Contract Tower,0,26,19,0,45,0,284,107,0,391,0,310,126,0,436,28,0,28,464
09/09/2005,HYA,MA,ANE,EN,Federal Contract Tower,0,50,26,0,76,0,300,59,0,359,0,350,85,0,435,24,4,28,463
09/10/2005,HYA,MA,ANE,EN,Federal Contract Tower,0,18,22,0,40,0,192,122,0,314,0,210,144,0,354,36,2,38,392
09/11/2005,HYA,MA,ANE,EN,Federal Contract Tower,0,27,40,0,67,0,258,110,0,368,0,285,150,0,435,40,0,40,475
09/12/2005,HYA,MA,ANE,EN,Federal Contract Tower,0,28,16,0,44,0,288,55,0,343,0,316,71,0,387,8,42,50,437
09/13/2005,HYA,MA,ANE,EN,Federal Contract Tower,0,30,18,0,48,0,241,87,0,328,0,271,105,0,376,16,8,24,400
09/14/2005,HYA,MA,ANE,EN,Federal Contract Tower,0,71,20,0,91,0,144,35,0,179,0,215,55,0,270,16,0,16,286
09/15/2005,HYA,MA,ANE,EN,Federal Contract Tower,0,162,25,0,187,0,39,6,0,45,0,201,31,0,232,0,0,0,232
09/16/2005,HYA,MA,ANE,EN,Federal Contract Tower,0,216,58,0,274,0,0,0,0,0,0,216,58,0,274,0,0,0,274
09/17/2005,HYA,MA,ANE,EN,Federal Contract Tower,0,22,0,0,22,0,65,10,0,75,0,87,10,0,97,0,0,0,97
09/18/2005,HYA,MA,ANE,EN,Federal Contract Tower,0,71,19,0,90,0,168,37,0,205,0,239,56,0,295,20,0,20,315
09/19/2005,HYA,MA,ANE,EN,Federal Contract Tower,0,21,7,0,28,0,242,95,0,337,0,263,102,0,365,34,2,36,401
09/20/2005,HYA,MA,ANE,EN,Federal Contract Tower,0,162,29,0,191,0,82,10,0,92,0,244,39,0,283,2,0,2,285
09/21/2005,HYA,MA,ANE,EN,Federal Contract Tower,0,16,14,0,30,0,258,93,0,351,0,274,107,0,381,56,0,56,437
09/22/2005,HYA,MA,ANE,EN,Federal Contract Tower,0,23,26,0,49,0,289,94,0,383,0,312,120,0,432,66,4,70,502
09/23/2005,HYA,MA,ANE,EN,Federal Contract Tower,0,27,31,0,58,0,302,71,0,373,0,329,102,0,431,8,2,10,441
09/24/2005,HYA,MA,ANE,EN,Federal Contract Tower,0,3,13,0,16,0,195,75,0,270,0,198,88,0,286,36,4,40,326
09/25/2005,HYA,MA,ANE,EN,Federal Contract Tower,0,20,30,0,50,0,269,69,0,338,0,289,99,0,388,60,0,60,448
09/26/2005,HYA,MA,ANE,EN,Federal Contract Tower,0,25,18,0,43,0,249,32,0,281,0,274,50,0,324,9,2,11,335
09/27/2005,HYA,MA,ANE,EN,Federal Contract Tower,0,25,19,0,44,0,260,43,0,303,0,285,62,0,347,30,0,30,377
09/28/2005,HYA,MA,ANE,EN,Federal Contract Tower,0,23,17,0,40,0,237,83,0,320,0,260,100,0,360,30,2,32,392
09/29/2005,HYA,MA,ANE,EN,Federal Contract Tower,0,48,13,0,61,0,244,43,0,287,0,292,56,0,348,20,0,20,368
09/30/2005,HYA,MA,ANE,EN,Federal Contract Tower,0,27,13,0,40,0,293,97,0,390,0,320,110,0,430,22,2,24,454
10/01/2005,HYA,MA,ANE,EN,Federal Contract Tower,0,10,14,0,24,0,188,57,2,247,0,198,71,2,271,20,0,20,291
10/02/2005,HYA,MA,ANE,EN,Federal Contract Tower,0,16,18,0,34,0,246,90,0,336,0,262,108,0,370,10,4,14,384
10/03/2005,HYA,MA,ANE,EN,Federal Contract Tower,0,52,16,0,68,0,202,70,0,272,0,254,86,0,340,2,0,2,342
10/04/2005,HYA,MA,ANE,EN,Federal Contract Tower,0,136,40,0,176,0,56,22,0,78,0,192,62,0,254,2,0,2,256
10/05/2005,HYA,MA,ANE,EN,Federal Contract Tower,0,107,18,0,125,0,11,4,0,15,0,118,22,0,140,10,0,10,150
10/06/2005,HYA,MA,ANE,EN,Federal Contract Tower,0,174,62,0,236,0,9,6,0,15,0,183,68,0,251,0,0,0,251
10/07/2005,HYA,MA,ANE,EN,Federal Contract Tower,0,75,47,0,122,0,233,58,0,291,0,308,105,0,413,10,0,10,423
10/08/2005,HYA,MA,ANE,EN,Federal Contract Tower,0,73,6,0,79,0,105,9,0,114,0,178,15,0,193,0,0,0,193
10/09/2005,HYA,MA,ANE,EN,Federal Contract Tower,0,108,18,0,126,0,0,0,0,0,0,108,18,0,126,0,0,0,126
10/10/2005,HYA,MA,ANE,EN,Federal Contract Tower,0,254,46,0,300,0,0,0,0,0,0,254,46,0,300,0,0,0,300
10/11/2005,HYA,MA,ANE,EN,Federal Contract Tower,0,204,28,0,232,0,0,0,0,0,0,204,28,0,232,0,0,0,232
10/12/2005,HYA,MA,ANE,EN,Federal Contract Tower,0,93,24,0,117,0,170,24,0,194,0,263,48,0,311,2,0,2,313
10/13/2005,HYA,MA,ANE,EN,Federal Contract Tower,0,42,23,0,65,0,236,31,0,267,0,278,54,0,332,0,0,0,332
10/14/2005,HYA,MA,ANE,EN,Federal Contract Tower,0,69,15,0,84,0,231,23,0,254,0,300,38,0,338,4,0,4,342
10/15/2005,HYA,MA,ANE,EN,Federal Contract Tower,0,132,17,0,149,0,19,0,0,19,0,151,17,0,168,0,0,0,168
10/16/2005,HYA,MA,ANE,EN,Federal Contract Tower,0,7,18,0,25,0,313,14,0,327,0,320,32,0,352,2,0,2,354
10/17/2005,HYA,MA,ANE,EN,Federal Contract Tower,0,23,16,0,39,0,296,82,0,378,0,319,98,0,417,0,2,2,419
10/18/2005,HYA,MA,ANE,EN,Federal Contract Tower,0,19,17,0,36,0,257,51,0,308,0,276,68,0,344,28,4,32,376
10/19/2005,HYA,MA,ANE,EN,Federal Contract Tower,0,13,14,0,27,0,261,67,0,328,0,274,81,0,355,14,0,14,369
10/20/2005,HYA,MA,ANE,EN,Federal Contract Tower,0,25,18,0,43,0,276,81,0,357,0,301,99,0,400,22,8,30,430
10/21/2005,HYA,MA,ANE,EN,Federal Contract Tower,0,15,8,0,23,0,286,91,0,377,0,301,99,0,400,20,0,20,420
10/22/2005,HYA,MA,ANE,EN,Federal Contract Tower,0,34,8,0,42,0,150,32,0,182,0,184,40,0,224,8,0,8,232
10/23/2005,HYA,MA,ANE,EN,Federal Contract Tower,0,104,15,0,119,0,129,1,1,131,0,233,16,1,250,4,0,4,254
10/24/2005,HYA,MA,ANE,EN,Federal Contract Tower,0,21,19,0,40,0,269,37,0,306,0,290,56,0,346,8,0,8,354
10/25/2005,HYA,MA,ANE,EN,Federal Contract Tower,0,33,15,1,49,0,0,0,0,0,0,33,15,1,49,0,0,0,49
10/26/2005,HYA,MA,ANE,EN,Federal Contract Tower,0,53,15,0,68,0,196,36,0,232,0,249,51,0,300,0,0,0,300
10/27/2005,HYA,MA,ANE,EN,Federal Contract Tower,0,17,20,0,37,0,291,73,2,366,0,308,93,2,403,24,2,26,429
10/28/2005,HYA,MA,ANE,EN,Federal Contract Tower,0,20,19,0,39,0,274,57,0,331,0,294,76,0,370,14,0,14,384
10/29/2005,HYA,MA,ANE,EN,Federal Contract Tower,0,71,19,0,90,0,94,5,0,99,0,165,24,0,189,0,0,0,189
10/30/2005,HYA,MA,ANE,EN,Federal Contract Tower,0,17,15,0,32,0,204,96,0,300,0,221,111,0,332,46,0,46,378
10/31/2005,HYA,MA,ANE,EN,Federal Contract Tower,0,11,8,0,19,0,217,76,0,293,0,228,84,0,312,44,0,44,356
11/01/2005,HYA,MA,ANE,EN,Federal Contract Tower,0,14,11,0,25,0,264,66,0,330,0,278,77,0,355,26,16,42,397
11/02/2005,HYA,MA,ANE,EN,Federal Contract Tower,0,18,14,0,32,0,243,87,0,330,0,261,101,0,362,16,2,18,380
11/03/2005,HYA,MA,ANE,EN,Federal Contract Tower,0,16,10,0,26,0,256,57,0,313,0,272,67,0,339,14,0,14,353
11/04/2005,HYA,MA,ANE,EN,Federal Contract Tower,0,17,6,0,23,0,265,89,0,354,0,282,95,0,377,54,0,54,431
11/05/2005,HYA,MA,ANE,EN,Federal Contract Tower,0,37,13,0,50,0,135,68,0,203,0,172,81,0,253,38,0,38,291
11/06/2005,HYA,MA,ANE,EN,Federal Contract Tower,0,76,9,0,85,0,107,27,0,134,0,183,36,0,219,4,0,4,223
11/07/2005,HYA,MA,ANE,EN,Federal Contract Tower,0,10,6,0,16,0,252,64,0,316,0,262,70,0,332,14,10,24,356
11/08/2005,HYA,MA,ANE,EN,Federal Contract Tower,0,13,12,0,25,0,241,46,0,287,0,254,58,0,312,20,0,20,332
11/09/2005,HYA,MA,ANE,EN,Federal Contract Tower,0,18,16,0,34,0,249,52,0,301,0,267,68,0,335,8,2,10,345
11/10/2005,HYA,MA,ANE,EN,Federal Contract Tower,0,69,10,0,79,0,182,45,0,227,0,251,55,0,306,14,4,18,324
11/11/2005,HYA,MA,ANE,EN,Federal Contract Tower,0,11,16,0,27,0,230,92,0,322,0,241,108,0,349,52,0,52,401
11/12/2005,HYA,MA,ANE,EN,Federal Contract Tower,0,6,8,0,14,0,169,95,0,264,0,175,103,0,278,44,0,44,322
11/13/2005,HYA,MA,ANE,EN,Federal Contract Tower,0,6,11,0,17,0,180,47,0,227,0,186,58,0,244,20,2,22,266
11/14/2005,HYA,MA,ANE,EN,Federal Contract Tower,0,7,4,0,11,0,225,72,0,297,0,232,76,0,308,12,0,12,320
11/15/2005,HYA,MA,ANE,EN,Federal Contract Tower,0,77,8,0,85,0,145,33,0,178,0,222,41,0,263,8,0,8,271
11/16/2005,HYA,MA,ANE,EN,Federal Contract Tower,0,14,5,0,19,0,211,39,0,250,0,225,44,0,269,2,0,2,271
11/17/2005,HYA,MA,ANE,EN,Federal Contract Tower,0,58,16,0,74,0,197,58,0,255,0,255,74,0,329,14,0,14,343
11/18/2005,HYA,MA,ANE,EN,Federal Contract Tower,0,19,15,0,34,0,246,92,0,338,0,265,107,0,372,24,0,24,396
11/19/2005,HYA,MA,ANE,EN,Federal Contract Tower,0,4,10,0,14,0,162,98,0,260,0,166,108,0,274,36,4,40,314
11/20/2005,HYA,MA,ANE,EN,Federal Contract Tower,0,4,22,0,26,0,162,57,0,219,0,166,79,0,245,54,0,54,299
11/21/2005,HYA,MA,ANE,EN,Federal Contract Tower,0,14,22,0,36,0,238,57,0,295,0,252,79,0,331,12,0,12,343
11/22/2005,HYA,MA,ANE,EN,Federal Contract Tower,0,181,18,0,199,0,43,8,0,51,0,224,26,0,250,0,0,0,250
11/23/2005,HYA,MA,ANE,EN,Federal Contract Tower,0,21,19,0,40,0,303,59,0,362,0,324,78,0,402,28,0,28,430
11/24/2005,HYA,MA,ANE,EN,Federal Contract Tower,0,18,2,0,20,0,125,7,0,132,0,143,9,0,152,4,0,4,156
11/25/2005,HYA,MA,ANE,EN,Federal Contract Tower,0,7,5,0,12,0,215,56,0,271,0,222,61,0,283,8,0,8,291
11/26/2005,HYA,MA,ANE,EN,Federal Contract Tower,0,13,16,0,29,0,218,50,0,268,0,231,66,0,297,40,0,40,337
11/27/2005,HYA,MA,ANE,EN,Federal Contract Tower,0,17,23,0,40,0,234,71,0,305,0,251,94,0,345,38,0,38,383
11/28/2005,HYA,MA,ANE,EN,Federal Contract Tower,0,27,14,0,41,0,233,45,0,278,0,260,59,0,319,14,0,14,333
11/29/2005,HYA,MA,ANE,EN,Federal Contract Tower,0,10,10,0,20,0,223,42,0,265,0,233,52,0,285,40,0,40,325
11/30/2005,HYA,MA,ANE,EN,Federal Contract Tower,0,114,2,0,116,0,88,7,0,95,0,202,9,0,211,0,0,0,211
12/01/2005,HYA,MA,ANE,EN,Federal Contract Tower,0,86,28,0,114,0,125,26,0,151,0,211,54,0,265,15,4,19,284
12/02/2005,HYA,MA,ANE,EN,Federal Contract Tower,0,17,10,0,27,0,333,45,0,378,0,350,55,0,405,32,0,32,437
12/03/2005,HYA,MA,ANE,EN,Federal Contract Tower,0,16,3,0,19,0,186,40,0,226,0,202,43,0,245,30,0,30,275
12/04/2005,HYA,MA,ANE,EN,Federal Contract Tower,0,199,2,0,201,0,3,0,0,3,0,202,2,0,204,0,0,0,204
12/05/2005,HYA,MA,ANE,EN,Federal Contract Tower,0,12,15,0,27,0,266,53,0,319,0,278,68,0,346,2,4,6,352
12/06/2005,HYA,MA,ANE,EN,Federal Contract Tower,0,67,8,0,75,0,69,7,0,76,0,136,15,0,151,0,0,0,151
12/07/2005,HYA,MA,ANE,EN,Federal Contract Tower,0,7,7,0,14,0,226,36,0,262,0,233,43,0,276,8,0,8,284
12/08/2005,HYA,MA,ANE,EN,Federal Contract Tower,0,12,13,0,25,0,250,63,0,313,0,262,76,0,338,26,2,28,366
12/09/2005,HYA,MA,ANE,EN,Federal Contract Tower,0,50,5,0,55,0,26,4,0,30,0,76,9,0,85,0,0,0,85
12/10/2005,HYA,MA,ANE,EN,Federal Contract Tower,0,5,4,0,9,0,187,51,0,238,0,192,55,0,247,32,0,32,279
12/11/2005,HYA,MA,ANE,EN,Federal Contract Tower,0,4,16,0,20,0,157,60,0,217,0,161,76,0,237,38,6,44,281
12/12/2005,HYA,MA,ANE,EN,Federal Contract Tower,0,9,4,0,13,0,247,67,0,314,0,256,71,0,327,22,0,22,349
12/13/2005,HYA,MA,ANE,EN,Federal Contract Tower,0,59,4,4,67,0,161,19,0,180,0,220,23,4,247,4,0,4,251
12/14/2005,HYA,MA,ANE,EN,Federal Contract Tower,0,76,11,2,89,0,127,15,1,143,0,203,26,3,232,0,0,0,232
12/15/2005,HYA,MA,ANE,EN,Federal Contract Tower,0,15,9,0,24,0,239,48,4,291,0,254,57,4,315,28,0,28,343
12/16/2005,HYA,MA,ANE,EN,Federal Contract Tower,0,112,16,0,128,0,66,0,0,66,0,178,16,0,194,0,0,0,194
12/17/2005,HYA,MA,ANE,EN,Federal Contract Tower,0,7,15,0,22,0,162,65,0,227,0,169,80,0,249,14,0,14,263
12/18/2005,HYA,MA,ANE,EN,Federal Contract Tower,0,4,2,0,6,0,141,89,0,230,0,145,91,0,236,24,0,24,260
12/19/2005,HYA,MA,ANE,EN,Federal Contract Tower,0,22,9,0,31,0,210,53,0,263,0,232,62,0,294,75,0,75,369
12/20/2005,HYA,MA,ANE,EN,Federal Contract Tower,0,9,6,0,15,0,220,54,0,274,0,229,60,0,289,40,2,42,331
12/21/2005,HYA,MA,ANE,EN,Federal Contract Tower,0,12,11,0,23,0,238,55,0,293,0,250,66,0,316,26,4,30,346
12/22/2005,HYA,MA,ANE,EN,Federal Contract Tower,0,17,8,0,25,0,278,78,0,356,0,295,86,0,381,18,2,20,401
12/23/2005,HYA,MA,ANE,EN,Federal Contract Tower,0,12,7,0,19,0,224,53,0,277,0,236,60,0,296,12,4,16,312
12/24/2005,HYA,MA,ANE,EN,Federal Contract Tower,0,3,1,0,4,0,123,30,0,153,0,126,31,0,157,26,5,31,188
12/25/2005,HYA,MA,ANE,EN,Federal Contract Tower,0,21,1,0,22,0,78,0,0,78,0,99,1,0,100,6,0,6,106
12/26/2005,HYA,MA,ANE,EN,Federal Contract Tower,0,120,15,0,135,0,19,1,0,20,0,139,16,0,155,0,0,0,155
12/27/2005,HYA,MA,ANE,EN,Federal Contract Tower,0,11,5,0,16,0,239,33,0,272,0,250,38,0,288,12,0,12,300
12/28/2005,HYA,MA,ANE,EN,Federal Contract Tower,0,15,9,0,24,0,213,86,0,299,0,228,95,0,323,64,0,64,387
12/29/2005,HYA,MA,ANE,EN,Federal Contract Tower,0,135,17,0,152,0,18,7,0,25,0,153,24,0,177,0,0,0,177
12/30/2005,HYA,MA,ANE,EN,Federal Contract Tower,0,78,9,0,87,0,131,25,0,156,0,209,34,0,243,22,0,22,265
12/31/2005,HYA,MA,ANE,EN,Federal Contract Tower,0,24,7,0,31,0,116,26,0,142,0,140,33,0,173,4,0,4,177
01/01/2006,HYA,MA,ANE,EN,Federal Contract Tower,0,41,3,0,44,0,92,0,0,92,0,133,3,0,136,0,0,0,136
01/02/2006,HYA,MA,ANE,EN,Federal Contract Tower,0,12,11,0,23,0,162,31,0,193,0,174,42,0,216,42,0,42,258
01/03/2006,HYA,MA,ANE,EN,Federal Contract Tower,0,148,15,0,163,0,12,0,0,12,0,160,15,0,175,2,0,2,177
01/04/2006,HYA,MA,ANE,EN,Federal Contract Tower,0,19,9,0,28,0,200,28,0,228,0,219,37,0,256,20,0,20,276
01/05/2006,HYA,MA,ANE,EN,Federal Contract Tower,0,158,15,0,173,0,25,3,0,28,0,183,18,0,201,0,0,0,201
01/06/2006,HYA,MA,ANE,EN,Federal Contract Tower,0,155,15,0,170,0,85,26,0,111,0,240,41,0,281,14,0,14,295
01/07/2006,HYA,MA,ANE,EN,Federal Contract Tower,0,3,5,0,8,0,136,44,0,180,0,139,49,0,188,22,0,22,210
01/08/2006,HYA,MA,ANE,EN,Federal Contract Tower,0,24,4,0,28,0,108,11,0,119,0,132,15,0,147,0,0,0,147
01/09/2006,HYA,MA,ANE,EN,Federal Contract Tower,0,17,4,0,21,0,213,24,0,237,0,230,28,0,258,10,0,10,268
01/10/2006,HYA,MA,ANE,EN,Federal Contract Tower,0,24,2,0,26,0,192,44,0,236,0,216,46,0,262,16,0,16,278
01/11/2006,HYA,MA,ANE,EN,Federal Contract Tower,0,95,14,0,109,0,117,17,2,136,0,212,31,2,245,6,8,14,259
01/12/2006,HYA,MA,ANE,EN,Federal Contract Tower,0,12,0,0,12,0,229,74,0,303,0,241,74,0,315,14,2,16,331
01/13/2006,HYA,MA,ANE,EN,Federal Contract Tower,0,72,24,0,96,0,82,14,0,96,0,154,38,0,192,16,0,16,208
01/14/2006,HYA,MA,ANE,EN,Federal Contract Tower,0,111,9,0,120,0,4,0,0,4,0,115,9,0,124,0,0,0,124
01/15/2006,HYA,MA,ANE,EN,Federal Contract Tower,0,31,2,0,33,0,37,1,0,38,0,68,3,0,71,0,0,0,71
01/16/2006,HYA,MA,ANE,EN,Federal Contract Tower,0,11,4,0,15,0,227,38,0,265,0,238,42,0,280,0,0,0,280
01/17/2006,HYA,MA,ANE,EN,Federal Contract Tower,0,5,3,0,8,0,235,62,0,297,0,240,65,0,305,2,2,4,309
01/18/2006,HYA,MA,ANE,EN,Federal Contract Tower,0,52,2,0,54,0,76,8,0,84,0,128,10,0,138,0,0,0,138
01/19/2006,HYA,MA,ANE,EN,Federal Contract Tower,0,5,8,0,13,0,255,44,0,299,0,260,52,0,312,8,4,12,324
01/20/2006,HYA,MA,ANE,EN,Federal Contract Tower,0,6,4,0,10,0,224,82,0,306,0,230,86,0,316,12,0,12,328
01/21/2006,HYA,MA,ANE,EN,Federal Contract Tower,0,6,5,0,11,0,124,21,0,145,0,130,26,0,156,0,0,0,156
01/22/2006,HYA,MA,ANE,EN,Federal Contract Tower,0,6,7,0,13,0,141,51,0,192,0,147,58,0,205,6,4,10,215
01/23/2006,HYA,MA,ANE,EN,Federal Contract Tower,0,157,22,0,179,0,0,0,0,0,0,157,22,0,179,0,0,0,179
01/24/2006,HYA,MA,ANE,EN,Federal Contract Tower,0,16,6,0,22,0,215,44,0,259,0,231,50,0,281,40,4,44,325
01/25/2006,HYA,MA,ANE,EN,Federal Contract Tower,0,99,10,0,109,0,116,6,0,122,0,215,16,0,231,2,0,2,233
01/26/2006,HYA,MA,ANE,EN,Federal Contract Tower,0,48,5,0,53,0,180,31,0,211,0,228,36,0,264,0,0,0,264
01/27/2006,HYA,MA,ANE,EN,Federal Contract Tower,0,10,5,0,15,0,221,54,2,277,0,231,59,2,292,16,0,16,308
01/28/2006,HYA,MA,ANE,EN,Federal Contract Tower,0,6,16,0,22,0,151,68,0,219,0,157,84,0,241,36,2,38,279
01/29/2006,HYA,MA,ANE,EN,Federal Contract Tower,0,43,9,0,52,0,91,19,0,110,0,134,28,0,162,12,0,12,174
01/30/2006,HYA,MA,ANE,EN,Federal Contract Tower,0,164,22,0,186,0,18,3,0,21,0,182,25,0,207,0,0,0,207
01/31/2006,HYA,MA,ANE,EN,Federal Contract Tower,0,157,13,0,170,0,0,0,0,0,0,157,13,0,170,0,0,0,170
02/01/2006,HYA,MA,ANE,EN,Federal Contract Tower,0,22,13,0,35,0,243,51,0,294,0,265,64,0,329,19,2,21,350
02/02/2006,HYA,MA,ANE,EN,Federal Contract Tower,0,11,9,0,20,0,233,75,0,308,0,244,84,0,328,24,0,24,352
02/03/2006,HYA,MA,ANE,EN,Federal Contract Tower,0,97,24,0,121,0,41,2,0,43,0,138,26,0,164,24,0,24,188
02/04/2006,HYA,MA,ANE,EN,Federal Contract Tower,0,10,2,0,12,0,118,51,0,169,0,128,53,0,181,4,0,4,185
02/05/2006,HYA,MA,ANE,EN,Federal Contract Tower,0,31,7,0,38,0,92,12,0,104,0,123,19,0,142,8,0,8,150
02/06/2006,HYA,MA,ANE,EN,Federal Contract Tower,0,8,7,0,15,0,227,27,0,254,0,235,34,0,269,6,0,6,275
02/07/2006,HYA,MA,ANE,EN,Federal Contract Tower,0,7,8,0,15,0,211,36,0,247,0,218,44,0,262,2,0,2,264
02/08/2006,HYA,MA,ANE,EN,Federal Contract Tower,0,9,10,0,19,0,230,58,0,288,0,239,68,0,307,20,0,20,327
02/09/2006,HYA,MA,ANE,EN,Federal Contract Tower,0,12,1,0,13,0,231,76,0,307,0,243,77,0,320,16,0,16,336
02/10/2006,HYA,MA,ANE,EN,Federal Contract Tower,0,15,8,0,23,0,252,60,0,312,0,267,68,0,335,0,0,0,335
02/11/2006,HYA,MA,ANE,EN,Federal Contract Tower,0,6,2,0,8,0,147,51,0,198,0,153,53,0,206,20,0,20,226
02/12/2006,HYA,MA,ANE,EN,Federal Contract Tower,0,0,0,0,0,0,0,0,0,0,0,0,0,0,0,0,0,0,0
02/13/2006,HYA,MA,ANE,EN,Federal Contract Tower,0,7,3,0,10,0,155,14,0,169,0,162,17,0,179,4,0,4,183
02/14/2006,HYA,MA,ANE,EN,Federal Contract Tower,0,11,0,2,13,0,203,45,0,248,0,214,45,2,261,18,0,18,279
02/15/2006,HYA,MA,ANE,EN,Federal Contract Tower,0,8,6,0,14,0,228,55,0,283,0,236,61,0,297,32,0,32,329
02/16/2006,HYA,MA,ANE,EN,Federal Contract Tower,0,20,27,0,47,0,191,61,0,252,0,211,88,0,299,20,4,24,323
02/17/2006,HYA,MA,ANE,EN,Federal Contract Tower,0,17,3,0,20,0,218,16,0,234,0,235,19,0,254,0,0,0,254
02/18/2006,HYA,MA,ANE,EN,Federal Contract Tower,0,14,3,0,17,0,146,28,0,174,0,160,31,0,191,20,0,20,211
02/19/2006,HYA,MA,ANE,EN,Federal Contract Tower,0,4,2,0,6,0,135,22,0,157,0,139,24,0,163,12,2,14,177
02/20/2006,HYA,MA,ANE,EN,Federal Contract Tower,0,10,7,0,17,0,208,55,0,263,0,218,62,0,280,30,0,30,310
02/21/2006,HYA,MA,ANE,EN,Federal Contract Tower,0,15,5,0,20,0,248,42,0,290,0,263,47,0,310,16,0,16,326
02/22/2006,HYA,MA,ANE,EN,Federal Contract Tower,0,9,5,0,14,0,221,47,0,268,0,230,52,0,282,28,0,28,310
02/23/2006,HYA,MA,ANE,EN,Federal Contract Tower,0,13,7,0,20,0,245,44,0,289,0,258,51,0,309,12,0,12,321
02/24/2006,HYA,MA,ANE,EN,Federal Contract Tower,0,23,5,0,28,0,276,20,0,296,0,299,25,0,324,8,0,8,332
02/25/2006,HYA,MA,ANE,EN,Federal Contract Tower,0,34,13,0,47,0,107,18,0,125,0,141,31,0,172,14,0,14,186
02/26/2006,HYA,MA,ANE,EN,Federal Contract Tower,0,18,10,0,28,0,90,19,0,109,0,108,29,0,137,10,0,10,147
02/27/2006,HYA,MA,ANE,EN,Federal Contract Tower,0,10,7,0,17,0,218,28,0,246,0,228,35,0,263,14,0,14,277
02/28/2006,HYA,MA,ANE,EN,Federal Contract Tower,0,15,11,0,26,0,201,44,0,245,0,216,55,0,271,10,2,12,283
03/01/2006,HYA,MA,ANE,EN,Federal Contract Tower,0,17,6,0,23,0,214,56,0,270,0,231,62,0,293,16,0,16,309
03/02/2006,HYA,MA,ANE,EN,Federal Contract Tower,0,31,2,0,33,0,88,17,0,105,0,119,19,0,138,0,0,0,138
03/03/2006,HYA,MA,ANE,EN,Federal Contract Tower,0,16,11,0,27,0,195,27,0,222,0,211,38,0,249,10,0,10,259
03/04/2006,HYA,MA,ANE,EN,Federal Contract Tower,0,7,5,0,12,0,156,32,0,188,0,163,37,0,200,12,0,12,212
03/05/2006,HYA,MA,ANE,EN,Federal Contract Tower,0,6,13,0,19,0,162,52,0,214,0,168,65,0,233,24,2,26,259
03/06/2006,HYA,MA,ANE,EN,Federal Contract Tower,0,8,12,0,20,0,222,73,0,295,0,230,85,0,315,0,8,8,323
03/07/2006,HYA,MA,ANE,EN,Federal Contract Tower,0,15,13,0,28,0,211,63,0,274,0,226,76,0,302,8,0,8,310
03/08/2006,HYA,MA,ANE,EN,Federal Contract Tower,0,15,6,0,21,0,231,63,0,294,0,246,69,0,315,32,0,32,347
03/09/2006,HYA,MA,ANE,EN,Federal Contract Tower,0,14,8,0,22,0,224,51,0,275,0,238,59,0,297,10,2,12,309
03/10/2006,HYA,MA,ANE,EN,Federal Contract Tower,0,158,37,0,195,0,66,5,0,71,0,224,42,0,266,0,0,0,266
03/11/2006,HYA,MA,ANE,EN,Federal Contract Tower,0,4,7,0,11,0,151,67,0,218,0,155,74,0,229,46,0,46,275
03/12/2006,HYA,MA,ANE,EN,Federal Contract Tower,0,36,13,0,49,0,110,35,0,145,0,146,48,0,194,32,2,34,228
03/13/2006,HYA,MA,ANE,EN,Federal Contract Tower,0,188,30,0,218,0,36,8,0,44,0,224,38,0,262,10,4,14,276
03/14/2006,HYA,MA,ANE,EN,Federal Contract Tower,0,104,22,0,126,0,119,19,0,138,0,223,41,0,264,6,0,6,270
03/15/2006,HYA,MA,ANE,EN,Federal Contract Tower,0,11,3,0,14,0,230,27,0,257,0,241,30,0,271,4,0,4,275
03/16/2006,HYA,MA,ANE,EN,Federal Contract Tower,0,13,13,0,26,0,246,61,0,307,0,259,74,0,333,14,2,16,349
03/17/2006,HYA,MA,ANE,EN,Federal Contract Tower,0,9,8,1,18,0,231,80,1,312,0,240,88,2,330,42,0,42,372
03/18/2006,HYA,MA,ANE,EN,Federal Contract Tower,0,15,11,0,26,0,149,66,0,215,0,164,77,0,241,32,0,32,273
03/19/2006,HYA,MA,ANE,EN,Federal Contract Tower,0,7,1,0,8,0,137,68,0,205,0,144,69,0,213,18,0,18,231
03/20/2006,HYA,MA,ANE,EN,Federal Contract Tower,0,7,8,0,15,0,231,37,0,268,0,238,45,0,283,2,0,2,285
03/21/2006,HYA,MA,ANE,EN,Federal Contract Tower,0,12,1,0,13,0,248,58,0,306,0,260,59,0,319,12,0,12,331
03/22/2006,HYA,MA,ANE,EN,Federal Contract Tower,0,12,9,0,21,0,243,41,0,284,0,255,50,0,305,26,0,26,331
03/23/2006,HYA,MA,ANE,EN,Federal Contract Tower,0,17,5,0,22,0,266,52,0,318,0,283,57,0,340,4,0,4,344
03/24/2006,HYA,MA,ANE,EN,Federal Contract Tower,0,12,6,0,18,0,271,49,2,322,0,283,55,2,340,32,0,32,372
03/25/2006,HYA,MA,ANE,EN,Federal Contract Tower,0,19,2,0,21,0,116,11,0,127,0,135,13,0,148,2,0,2,150
03/26/2006,HYA,MA,ANE,EN,Federal Contract Tower,0,8,6,0,14,0,155,22,0,177,0,163,28,0,191,14,0,14,205
03/27/2006,HYA,MA,ANE,EN,Federal Contract Tower,0,10,7,0,17,0,252,59,0,311,0,262,66,0,328,4,8,12,340
03/28/2006,HYA,MA,ANE,EN,Federal Contract Tower,0,11,5,0,16,0,238,59,0,297,0,249,64,0,313,14,0,14,327
03/29/2006,HYA,MA,ANE,EN,Federal Contract Tower,0,22,8,0,30,0,255,74,0,329,0,277,82,0,359,22,0,22,381
03/30/2006,HYA,MA,ANE,EN,Federal Contract Tower,0,10,7,0,17,0,278,60,0,338,0,288,67,0,355,30,0,30,385
03/31/2006,HYA,MA,ANE,EN,Federal Contract Tower,0,13,4,0,17,0,284,52,0,336,0,297,56,0,353,10,0,10,363
04/01/2006,HYA,MA,ANE,EN,Federal Contract Tower,0,71,20,0,91,0,53,4,0,57,0,124,24,0,148,10,0,10,158
04/02/2006,HYA,MA,ANE,EN,Federal Contract Tower,0,11,10,0,21,0,159,48,0,207,0,170,58,0,228,22,0,22,250
04/03/2006,HYA,MA,ANE,EN,Federal Contract Tower,0,11,5,0,16,0,275,62,0,337,0,286,67,0,353,10,0,10,363
04/04/2006,HYA,MA,ANE,EN,Federal Contract Tower,0,74,23,0,97,0,94,8,0,102,0,168,31,0,199,2,0,2,201
04/05/2006,HYA,MA,ANE,EN,Federal Contract Tower,0,138,13,0,151,0,104,17,2,123,0,242,30,2,274,4,0,4,278
04/06/2006,HYA,MA,ANE,EN,Federal Contract Tower,0,35,9,0,44,0,252,67,0,319,0,287,76,0,363,14,2,16,379
04/07/2006,HYA,MA,ANE,EN,Federal Contract Tower,0,52,5,0,57,0,260,38,0,298,0,312,43,0,355,8,0,8,363
04/08/2006,HYA,MA,ANE,EN,Federal Contract Tower,0,99,7,0,106,0,55,9,0,64,0,154,16,0,170,0,0,0,170
04/09/2006,HYA,MA,ANE,EN,Federal Contract Tower,0,7,7,0,14,0,161,47,0,208,0,168,54,0,222,24,0,24,246
04/10/2006,HYA,MA,ANE,EN,Federal Contract Tower,0,11,14,0,25,0,282,73,0,355,0,293,87,0,380,24,4,28,408
04/11/2006,HYA,MA,ANE,EN,Federal Contract Tower,0,13,5,0,18,0,275,66,0,341,0,288,71,0,359,22,0,22,381
04/12/2006,HYA,MA,ANE,EN,Federal Contract Tower,0,25,3,0,28,0,242,68,0,310,0,267,71,0,338,26,4,30,368
04/13/2006,HYA,MA,ANE,EN,Federal Contract Tower,0,17,15,0,32,0,295,32,0,327,0,312,47,0,359,14,0,14,373
04/14/2006,HYA,MA,ANE,EN,Federal Contract Tower,0,12,12,0,24,0,322,61,0,383,0,334,73,0,407,42,0,42,449
04/15/2006,HYA,MA,ANE,EN,Federal Contract Tower,0,67,27,0,94,0,73,15,0,88,0,140,42,0,182,8,0,8,190
04/16/2006,HYA,MA,ANE,EN,Federal Contract Tower,0,7,11,0,18,0,153,21,0,174,0,160,32,0,192,14,2,16,208
04/17/2006,HYA,MA,ANE,EN,Federal Contract Tower,0,27,15,0,42,0,278,56,0,334,0,305,71,0,376,10,0,10,386
04/18/2006,HYA,MA,ANE,EN,Federal Contract Tower,0,25,5,0,30,0,258,20,0,278,0,283,25,0,308,6,0,6,314
04/19/2006,HYA,MA,ANE,EN,Federal Contract Tower,0,16,8,0,24,0,311,38,0,349,0,327,46,0,373,6,0,6,379
04/20/2006,HYA,MA,ANE,EN,Federal Contract Tower,0,10,10,0,20,0,301,69,0,370,0,311,79,0,390,34,0,34,424
04/21/2006,HYA,MA,ANE,EN,Federal Contract Tower,0,7,6,0,13,0,274,43,0,317,0,281,49,0,330,14,0,14,344
04/22/2006,HYA,MA,ANE,EN,Federal Contract Tower,0,8,12,0,20,0,175,38,0,213,0,183,50,0,233,34,0,34,267
04/23/2006,HYA,MA,ANE,EN,Federal Contract Tower,0,10,4,0,14,0,193,0,0,193,0,203,4,0,207,2,0,2,209
04/24/2006,HYA,MA,ANE,EN,Federal Contract Tower,0,260,38,0,298,0,0,0,0,0,0,260,38,0,298,0,0,0,298
04/25/2006,HYA,MA,ANE,EN,Federal Contract Tower,0,94,10,0,104,0,226,42,0,268,0,320,52,0,372,24,2,26,398
04/26/2006,HYA,MA,ANE,EN,Federal Contract Tower,0,16,15,0,31,0,266,92,0,358,0,282,107,0,389,36,0,36,425
04/27/2006,HYA,MA,ANE,EN,Federal Contract Tower,0,18,5,0,23,0,288,72,2,362,0,306,77,2,385,44,0,44,429
04/28/2006,HYA,MA,ANE,EN,Federal Contract Tower,0,8,9,3,20,0,324,85,0,409,0,332,94,3,429,22,0,22,451
04/29/2006,HYA,MA,ANE,EN,Federal Contract Tower,0,5,4,0,9,0,215,57,0,272,0,220,61,0,281,24,0,24,305
04/30/2006,HYA,MA,ANE,EN,Federal Contract Tower,0,11,8,0,19,0,277,79,0,356,0,288,87,0,375,26,0,26,401
05/01/2006,HYA,MA,ANE,EN,Federal Contract Tower,0,42,2,0,44,0,242,25,0,267,0,284,27,0,311,0,4,4,315
05/02/2006,HYA,MA,ANE,EN,Federal Contract Tower,0,198,32,0,230,0,0,0,0,0,0,198,32,0,230,0,0,0,230
05/03/2006,HYA,MA,ANE,EN,Federal Contract Tower,0,221,24,0,245,0,0,0,0,0,0,221,24,0,245,0,0,0,245
05/04/2006,HYA,MA,ANE,EN,Federal Contract Tower,0,48,8,0,56,0,274,75,0,349,0,322,83,0,405,30,0,30,435
05/05/2006,HYA,MA,ANE,EN,Federal Contract Tower,0,15,9,0,24,0,329,82,0,411,0,344,91,0,435,38,6,44,479
05/06/2006,HYA,MA,ANE,EN,Federal Contract Tower,0,10,5,0,15,0,142,51,0,193,0,152,56,0,208,20,2,22,230
05/07/2006,HYA,MA,ANE,EN,Federal Contract Tower,0,12,2,0,14,0,173,52,0,225,0,185,54,0,239,20,0,20,259
05/08/2006,HYA,MA,ANE,EN,Federal Contract Tower,0,16,11,0,27,0,285,41,0,326,0,301,52,0,353,8,0,8,361
05/09/2006,HYA,MA,ANE,EN,Federal Contract Tower,0,238,17,0,255,0,30,4,0,34,0,268,21,0,289,0,2,2,291
05/10/2006,HYA,MA,ANE,EN,Federal Contract Tower,0,140,32,0,172,0,0,0,0,0,0,140,32,0,172,0,0,0,172
05/11/2006,HYA,MA,ANE,EN,Federal Contract Tower,0,234,26,0,260,0,39,5,0,44,0,273,31,0,304,0,0,0,304
05/12/2006,HYA,MA,ANE,EN,Federal Contract Tower,0,188,21,0,209,0,65,8,0,73,0,253,29,0,282,0,0,0,282
05/13/2006,HYA,MA,ANE,EN,Federal Contract Tower,0,47,15,0,62,0,0,0,0,0,0,47,15,0,62,0,0,0,62
05/14/2006,HYA,MA,ANE,EN,Federal Contract Tower,0,164,17,0,181,0,0,0,0,0,0,164,17,0,181,0,0,0,181
05/15/2006,HYA,MA,ANE,EN,Federal Contract Tower,0,186,29,0,215,0,6,0,0,6,0,192,29,0,221,0,0,0,221
05/16/2006,HYA,MA,ANE,EN,Federal Contract Tower,0,192,24,0,216,0,57,5,0,62,0,249,29,0,278,0,0,0,278
05/17/2006,HYA,MA,ANE,EN,Federal Contract Tower,0,17,17,0,34,0,323,72,0,395,0,340,89,0,429,62,0,62,491
05/18/2006,HYA,MA,ANE,EN,Federal Contract Tower,0,50,15,0,65,0,258,66,0,324,0,308,81,0,389,38,0,38,427
05/19/2006,HYA,MA,ANE,EN,Federal Contract Tower,0,51,18,0,69,0,312,42,0,354,0,363,60,0,423,0,0,0,423
05/20/2006,HYA,MA,ANE,EN,Federal Contract Tower,0,7,3,0,10,0,204,54,0,258,0,211,57,0,268,4,0,4,272
05/21/2006,HYA,MA,ANE,EN,Federal Contract Tower,0,5,7,0,12,0,240,30,0,270,0,245,37,0,282,28,0,28,310
05/22/2006,HYA,MA,ANE,EN,Federal Contract Tower,0,9,2,0,11,0,323,87,0,410,0,332,89,0,421,36,0,36,457
05/23/2006,HYA,MA,ANE,EN,Federal Contract Tower,0,20,11,0,31,0,300,70,0,370,0,320,81,0,401,34,0,34,435
05/24/2006,HYA,MA,ANE,EN,Federal Contract Tower,0,18,15,0,33,0,304,97,0,401,0,322,112,0,434,16,0,16,450
05/25/2006,HYA,MA,ANE,EN,Federal Contract Tower,0,26,14,0,40,0,334,83,0,417,0,360,97,0,457,48,0,48,505
05/26/2006,HYA,MA,ANE,EN,Federal Contract Tower,0,191,89,0,280,0,18,4,0,22,0,209,93,0,302,0,0,0,302
05/27/2006,HYA,MA,ANE,EN,Federal Contract Tower,0,104,31,0,135,0,140,37,0,177,0,244,68,0,312,8,0,8,320
05/28/2006,HYA,MA,ANE,EN,Federal Contract Tower,0,20,7,0,27,0,161,58,0,219,0,181,65,0,246,36,0,36,282
05/29/2006,HYA,MA,ANE,EN,Federal Contract Tower,0,63,28,0,91,0,346,80,0,426,0,409,108,0,517,36,0,36,553
05/30/2006,HYA,MA,ANE,EN,Federal Contract Tower,0,34,22,0,56,0,299,54,0,353,0,333,76,0,409,24,2,26,435
05/31/2006,HYA,MA,ANE,EN,Federal Contract Tower,0,187,37,0,224,0,73,17,0,90,0,260,54,0,314,48,0,48,362
06/01/2006,HYA,MA,ANE,EN,Federal Contract Tower,0,172,49,0,221,0,60,17,0,77,0,232,66,0,298,6,0,6,304
06/02/2006,HYA,MA,ANE,EN,Federal Contract Tower,0,55,0,0,55,0,246,57,0,303,0,301,57,0,358,4,0,4,362
06/03/2006,HYA,MA,ANE,EN,Federal Contract Tower,0,130,19,0,149,0,0,0,0,0,0,130,19,0,149,0,0,0,149
06/04/2006,HYA,MA,ANE,EN,Federal Contract Tower,0,180,21,0,201,0,5,0,0,5,0,185,21,0,206,0,0,0,206
06/05/2006,HYA,MA,ANE,EN,Federal Contract Tower,0,97,21,0,118,0,255,54,0,309,0,352,75,0,427,6,0,6,433
06/06/2006,HYA,MA,ANE,EN,Federal Contract Tower,0,26,16,0,42,0,312,62,0,374,0,338,78,0,416,24,2,26,442
06/07/2006,HYA,MA,ANE,EN,Federal Contract Tower,0,246,17,0,263,0,1,0,0,1,0,247,17,0,264,0,0,0,264
06/08/2006,HYA,MA,ANE,EN,Federal Contract Tower,0,282,66,0,348,0,39,0,0,39,0,321,66,0,387,0,0,0,387
06/09/2006,HYA,MA,ANE,EN,Federal Contract Tower,0,227,40,0,267,0,94,12,0,106,0,321,52,0,373,4,2,6,379
06/10/2006,HYA,MA,ANE,EN,Federal Contract Tower,0,143,15,0,158,0,54,8,0,62,0,197,23,0,220,10,0,10,230
06/11/2006,HYA,MA,ANE,EN,Federal Contract Tower,0,16,18,0,34,0,208,42,0,250,0,224,60,0,284,24,0,24,308
06/12/2006,HYA,MA,ANE,EN,Federal Contract Tower,0,20,17,0,37,0,336,78,0,414,0,356,95,0,451,42,0,42,493
06/13/2006,HYA,MA,ANE,EN,Federal Contract Tower,0,15,22,0,37,0,306,77,0,383,0,321,99,0,420,38,4,42,462
06/14/2006,HYA,MA,ANE,EN,Federal Contract Tower,0,62,21,0,83,0,253,60,0,313,0,315,81,0,396,14,0,14,410
06/15/2006,HYA,MA,ANE,EN,Federal Contract Tower,0,152,29,0,181,0,159,39,0,198,0,311,68,0,379,4,0,4,383
06/16/2006,HYA,MA,ANE,EN,Federal Contract Tower,0,36,23,0,59,0,321,106,0,427,0,357,129,0,486,28,2,30,516
06/17/2006,HYA,MA,ANE,EN,Federal Contract Tower,0,22,19,0,41,0,217,52,0,269,0,239,71,0,310,26,0,26,336
06/18/2006,HYA,MA,ANE,EN,Federal Contract Tower,0,18,20,0,38,0,276,90,0,366,0,294,110,0,404,22,0,22,426
06/19/2006,HYA,MA,ANE,EN,Federal Contract Tower,0,21,13,0,34,0,302,56,1,359,0,323,69,1,393,2,8,10,403
06/20/2006,HYA,MA,ANE,EN,Federal Contract Tower,0,240,56,1,297,0,10,1,0,11,0,250,57,1,308,0,6,6,314
06/21/2006,HYA,MA,ANE,EN,Federal Contract Tower,0,25,19,0,44,0,303,110,2,415,0,328,129,2,459,42,0,42,501
06/22/2006,HYA,MA,ANE,EN,Federal Contract Tower,0,187,45,0,232,0,112,38,0,150,0,299,83,0,382,18,6,24,406
06/23/2006,HYA,MA,ANE,EN,Federal Contract Tower,0,127,40,0,167,0,185,21,0,206,0,312,61,0,373,10,2,12,385
06/24/2006,HYA,MA,ANE,EN,Federal Contract Tower,0,185,25,0,210,0,3,1,0,4,0,188,26,0,214,0,4,4,218
06/25/2006,HYA,MA,ANE,EN,Federal Contract Tower,0,246,26,0,272,0,0,0,0,0,0,246,26,0,272,0,0,0,272
06/26/2006,HYA,MA,ANE,EN,Federal Contract Tower,0,35,26,0,61,0,279,41,0,320,0,314,67,0,381,6,0,6,387
06/27/2006,HYA,MA,ANE,EN,Federal Contract Tower,0,38,20,0,58,0,294,71,0,365,0,332,91,0,423,47,2,49,472
06/28/2006,HYA,MA,ANE,EN,Federal Contract Tower,0,90,18,0,108,0,235,31,0,266,0,325,49,0,374,10,4,14,388
06/29/2006,HYA,MA,ANE,EN,Federal Contract Tower,0,198,61,0,259,0,0,0,0,0,0,198,61,0,259,0,0,0,259
06/30/2006,HYA,MA,ANE,EN,Federal Contract Tower,0,117,65,0,182,0,328,115,0,443,0,445,180,0,625,52,0,52,677
07/01/2006,HYA,MA,ANE,EN,Federal Contract Tower,0,31,28,0,59,0,366,104,0,470,0,397,132,0,529,56,0,56,585
07/02/2006,HYA,MA,ANE,EN,Federal Contract Tower,0,25,18,0,43,0,229,42,0,271,0,254,60,0,314,20,0,20,334
07/03/2006,HYA,MA,ANE,EN,Federal Contract Tower,0,29,15,0,44,0,228,97,0,325,0,257,112,0,369,60,0,60,429
07/04/2006,HYA,MA,ANE,EN,Federal Contract Tower,0,228,43,0,271,0,40,8,0,48,0,268,51,0,319,4,0,4,323
07/05/2006,HYA,MA,ANE,EN,Federal Contract Tower,0,147,75,0,222,0,187,18,0,205,0,334,93,0,427,22,4,26,453
07/06/2006,HYA,MA,ANE,EN,Federal Contract Tower,0,81,21,0,102,0,253,62,0,315,0,334,83,0,417,10,2,12,429
07/07/2006,HYA,MA,ANE,EN,Federal Contract Tower,0,36,29,0,65,0,358,118,0,476,0,394,147,0,541,52,0,52,593
07/08/2006,HYA,MA,ANE,EN,Federal Contract Tower,0,29,24,0,53,0,228,91,0,319,0,257,115,0,372,40,2,42,414
07/09/2006,HYA,MA,ANE,EN,Federal Contract Tower,0,35,28,0,63,0,244,55,0,299,0,279,83,0,362,16,0,16,378
07/10/2006,HYA,MA,ANE,EN,Federal Contract Tower,0,47,29,0,76,0,299,68,0,367,0,346,97,0,443,38,0,38,481
07/11/2006,HYA,MA,ANE,EN,Federal Contract Tower,0,254,52,0,306,0,0,0,0,0,0,254,52,0,306,0,0,0,306
07/12/2006,HYA,MA,ANE,EN,Federal Contract Tower,0,314,49,0,363,0,29,8,2,39,0,343,57,2,402,16,0,16,418
07/13/2006,HYA,MA,ANE,EN,Federal Contract Tower,0,317,81,0,398,0,20,1,0,21,0,337,82,0,419,0,0,0,419
07/14/2006,HYA,MA,ANE,EN,Federal Contract Tower,0,39,34,0,73,0,361,157,0,518,0,400,191,0,591,24,0,24,615
07/15/2006,HYA,MA,ANE,EN,Federal Contract Tower,0,84,24,0,108,0,175,87,2,264,0,259,111,2,372,48,2,50,422
07/16/2006,HYA,MA,ANE,EN,Federal Contract Tower,0,106,42,0,148,0,174,78,0,252,0,280,120,0,400,28,0,28,428
07/17/2006,HYA,MA,ANE,EN,Federal Contract Tower,0,81,41,0,122,0,241,71,0,312,0,322,112,0,434,42,6,48,482
07/18/2006,HYA,MA,ANE,EN,Federal Contract Tower,0,216,47,0,263,0,110,32,0,142,0,326,79,0,405,22,0,22,427
07/19/2006,HYA,MA,ANE,EN,Federal Contract Tower,0,52,37,0,89,0,299,76,0,375,0,351,113,0,464,32,8,40,504
07/20/2006,HYA,MA,ANE,EN,Federal Contract Tower,0,230,72,0,302,0,155,37,0,192,0,385,109,0,494,6,2,8,502
07/21/2006,HYA,MA,ANE,EN,Federal Contract Tower,0,225,114,0,339,0,44,18,0,62,0,269,132,0,401,0,0,0,401
07/22/2006,HYA,MA,ANE,EN,Federal Contract Tower,0,210,48,0,258,0,7,0,0,7,0,217,48,0,265,0,0,0,265
07/23/2006,HYA,MA,ANE,EN,Federal Contract Tower,0,196,62,0,258,0,56,11,0,67,0,252,73,0,325,0,0,0,325
07/24/2006,HYA,MA,ANE,EN,Federal Contract Tower,0,29,34,0,63,0,282,126,0,408,0,311,160,0,471,54,0,54,525
07/25/2006,HYA,MA,ANE,EN,Federal Contract Tower,0,114,39,0,153,0,203,73,0,276,0,317,112,0,429,10,0,10,439
07/26/2006,HYA,MA,ANE,EN,Federal Contract Tower,0,35,39,0,74,0,284,77,0,361,0,319,116,0,435,26,0,26,461
07/27/2006,HYA,MA,ANE,EN,Federal Contract Tower,0,173,64,0,237,0,200,72,0,272,0,373,136,0,509,22,10,32,541
07/28/2006,HYA,MA,ANE,EN,Federal Contract Tower,0,321,88,0,409,0,35,24,0,59,0,356,112,0,468,28,6,34,502
07/29/2006,HYA,MA,ANE,EN,Federal Contract Tower,0,33,37,0,70,0,241,97,0,338,0,274,134,0,408,48,0,48,456
07/30/2006,HYA,MA,ANE,EN,Federal Contract Tower,0,49,27,0,76,0,203,76,0,279,0,252,103,0,355,54,0,54,409
07/31/2006,HYA,MA,ANE,EN,Federal Contract Tower,0,77,40,0,117,0,255,80,0,335,0,332,120,0,452,58,0,58,510
08/01/2006,HYA,MA,ANE,EN,Federal Contract Tower,0,31,15,0,46,0,278,75,0,353,0,309,90,0,399,22,0,22,421
08/02/2006,HYA,MA,ANE,EN,Federal Contract Tower,0,32,27,0,59,0,308,72,0,380,0,340,99,0,439,8,0,8,447
08/03/2006,HYA,MA,ANE,EN,Federal Contract Tower,0,42,29,0,71,0,305,93,0,398,0,347,122,0,469,14,4,18,487
08/04/2006,HYA,MA,ANE,EN,Federal Contract Tower,0,260,73,2,335,0,76,23,0,99,0,336,96,2,434,2,0,2,436
08/05/2006,HYA,MA,ANE,EN,Federal Contract Tower,0,25,25,0,50,0,212,116,0,328,0,237,141,0,378,50,0,50,428
08/06/2006,HYA,MA,ANE,EN,Federal Contract Tower,0,41,37,0,78,0,231,100,0,331,0,272,137,0,409,38,0,38,447
08/07/2006,HYA,MA,ANE,EN,Federal Contract Tower,0,33,38,0,71,0,315,58,0,373,0,348,96,0,444,16,0,16,460
08/08/2006,HYA,MA,ANE,EN,Federal Contract Tower,0,77,25,0,102,0,249,86,0,335,0,326,111,0,437,6,4,10,447
08/09/2006,HYA,MA,ANE,EN,Federal Contract Tower,0,36,21,0,57,0,302,109,0,411,0,338,130,0,468,38,4,42,510
08/10/2006,HYA,MA,ANE,EN,Federal Contract Tower,0,32,21,0,53,0,343,106,2,451,0,375,127,2,504,42,0,42,546
08/11/2006,HYA,MA,ANE,EN,Federal Contract Tower,0,45,36,0,81,0,342,103,0,445,0,387,139,0,526,38,0,38,564
08/12/2006,HYA,MA,ANE,EN,Federal Contract Tower,0,35,34,0,69,0,247,126,0,373,0,282,160,0,442,64,0,64,506
08/13/2006,HYA,MA,ANE,EN,Federal Contract Tower,0,34,23,0,57,0,257,89,0,346,0,291,112,0,403,48,0,48,451
08/14/2006,HYA,MA,ANE,EN,Federal Contract Tower,0,31,29,0,60,0,326,109,0,435,0,357,138,0,495,22,2,24,519
08/15/2006,HYA,MA,ANE,EN,Federal Contract Tower,0,157,33,2,192,0,173,17,0,190,0,330,50,2,382,6,4,10,392
08/16/2006,HYA,MA,ANE,EN,Federal Contract Tower,0,63,20,1,84,0,310,115,1,426,0,373,135,2,510,34,4,38,548
08/17/2006,HYA,MA,ANE,EN,Federal Contract Tower,0,38,22,0,60,0,350,117,0,467,0,388,139,0,527,12,0,12,539
08/18/2006,HYA,MA,ANE,EN,Federal Contract Tower,0,31,41,0,72,0,324,124,0,448,0,355,165,0,520,24,0,24,544
08/19/2006,HYA,MA,ANE,EN,Federal Contract Tower,0,20,22,0,42,0,262,85,0,347,0,282,107,0,389,32,0,32,421
08/20/2006,HYA,MA,ANE,EN,Federal Contract Tower,0,180,53,0,233,0,85,0,0,85,0,265,53,0,318,2,0,2,320
08/21/2006,HYA,MA,ANE,EN,Federal Contract Tower,0,150,55,0,205,0,173,36,0,209,0,323,91,0,414,6,0,6,420
08/22/2006,HYA,MA,ANE,EN,Federal Contract Tower,0,27,15,0,42,0,283,126,0,409,0,310,141,0,451,16,0,16,467
08/23/2006,HYA,MA,ANE,EN,Federal Contract Tower,0,31,20,0,51,0,289,118,0,407,0,320,138,0,458,40,0,40,498
08/24/2006,HYA,MA,ANE,EN,Federal Contract Tower,0,35,28,0,63,0,309,117,0,426,0,344,145,0,489,18,0,18,507
08/25/2006,HYA,MA,ANE,EN,Federal Contract Tower,0,119,66,0,185,0,226,36,0,262,0,345,102,0,447,16,4,20,467
08/26/2006,HYA,MA,ANE,EN,Federal Contract Tower,0,28,20,0,48,0,221,47,0,268,0,249,67,0,316,42,0,42,358
08/27/2006,HYA,MA,ANE,EN,Federal Contract Tower,0,36,38,0,74,0,265,18,0,283,0,301,56,0,357,24,0,24,381
08/28/2006,HYA,MA,ANE,EN,Federal Contract Tower,0,267,71,0,338,0,11,3,0,14,0,278,74,0,352,0,0,0,352
08/29/2006,HYA,MA,ANE,EN,Federal Contract Tower,0,285,40,0,325,0,0,0,0,0,0,285,40,0,325,0,0,0,325
08/30/2006,HYA,MA,ANE,EN,Federal Contract Tower,0,95,37,0,132,0,541,62,0,603,0,636,99,0,735,20,4,24,759
08/31/2006,HYA,MA,ANE,EN,Federal Contract Tower,0,38,15,0,53,0,343,127,0,470,0,381,142,0,523,6,0,6,529
09/01/2006,HYA,MA,ANE,EN,Federal Contract Tower,0,32,25,0,57,0,347,104,0,451,0,379,129,0,508,36,0,36,544
09/02/2006,HYA,MA,ANE,EN,Federal Contract Tower,0,24,14,0,38,0,193,20,0,213,0,217,34,0,251,24,0,24,275
09/03/2006,HYA,MA,ANE,EN,Federal Contract Tower,0,180,37,0,217,0,1,0,0,1,0,181,37,0,218,0,0,0,218
09/04/2006,HYA,MA,ANE,EN,Federal Contract Tower,0,35,27,0,62,0,287,57,0,344,0,322,84,0,406,50,0,50,456
09/05/2006,HYA,MA,ANE,EN,Federal Contract Tower,0,27,23,0,50,0,291,60,0,351,0,318,83,0,401,28,0,28,429
09/06/2006,HYA,MA,ANE,EN,Federal Contract Tower,0,128,35,0,163,0,156,20,0,176,0,284,55,0,339,2,0,2,341
09/07/2006,HYA,MA,ANE,EN,Federal Contract Tower,0,76,19,0,95,0,266,73,0,339,0,342,92,0,434,12,2,14,448
09/08/2006,HYA,MA,ANE,EN,Federal Contract Tower,0,106,34,0,140,0,191,62,0,253,0,297,96,0,393,16,0,16,409
09/09/2006,HYA,MA,ANE,EN,Federal Contract Tower,0,21,9,0,30,0,177,48,0,225,0,198,57,0,255,12,0,12,267
09/10/2006,HYA,MA,ANE,EN,Federal Contract Tower,0,29,23,0,52,0,261,45,0,306,0,290,68,0,358,4,0,4,362
09/11/2006,HYA,MA,ANE,EN,Federal Contract Tower,0,28,15,0,43,0,268,58,0,326,0,296,73,0,369,8,0,8,377
09/12/2006,HYA,MA,ANE,EN,Federal Contract Tower,0,12,11,0,23,0,248,52,0,300,0,260,63,0,323,8,1,9,332
09/13/2006,HYA,MA,ANE,EN,Federal Contract Tower,0,26,13,0,39,0,282,86,0,368,0,308,99,0,407,24,0,24,431
09/14/2006,HYA,MA,ANE,EN,Federal Contract Tower,0,17,20,0,37,0,245,38,0,283,0,262,58,0,320,2,0,2,322
09/15/2006,HYA,MA,ANE,EN,Federal Contract Tower,0,172,45,0,217,0,181,44,0,225,0,353,89,0,442,0,0,0,442
09/16/2006,HYA,MA,ANE,EN,Federal Contract Tower,0,13,8,0,21,0,193,48,0,241,0,206,56,0,262,18,0,18,280
09/17/2006,HYA,MA,ANE,EN,Federal Contract Tower,0,8,23,0,31,0,220,65,0,285,0,228,88,0,316,20,0,20,336
09/18/2006,HYA,MA,ANE,EN,Federal Contract Tower,0,24,22,0,46,0,257,64,0,321,0,281,86,0,367,12,2,14,381
09/19/2006,HYA,MA,ANE,EN,Federal Contract Tower,0,110,27,0,137,0,154,37,0,191,0,264,64,0,328,10,0,10,338
09/20/2006,HYA,MA,ANE,EN,Federal Contract Tower,0,25,21,0,46,0,257,43,0,300,0,282,64,0,346,14,0,14,360
09/21/2006,HYA,MA,ANE,EN,Federal Contract Tower,0,19,14,0,33,0,288,73,0,361,0,307,87,0,394,28,0,28,422
09/22/2006,HYA,MA,ANE,EN,Federal Contract Tower,0,11,22,0,33,0,339,90,0,429,0,350,112,0,462,14,0,14,476
09/23/2006,HYA,MA,ANE,EN,Federal Contract Tower,0,99,15,0,114,0,90,18,0,108,0,189,33,0,222,6,0,6,228
09/24/2006,HYA,MA,ANE,EN,Federal Contract Tower,0,185,17,0,202,0,94,3,0,97,0,279,20,0,299,0,0,0,299
09/25/2006,HYA,MA,ANE,EN,Federal Contract Tower,0,19,18,0,37,0,279,56,0,335,0,298,74,0,372,6,0,6,378
09/26/2006,HYA,MA,ANE,EN,Federal Contract Tower,0,20,19,0,39,0,245,49,0,294,0,265,68,0,333,16,0,16,349
09/27/2006,HYA,MA,ANE,EN,Federal Contract Tower,0,21,11,0,32,0,243,77,0,320,0,264,88,0,352,17,0,17,369
09/28/2006,HYA,MA,ANE,EN,Federal Contract Tower,0,128,28,0,156,0,157,62,0,219,0,285,90,0,375,16,0,16,391
09/29/2006,HYA,MA,ANE,EN,Federal Contract Tower,0,118,33,0,151,0,176,42,0,218,0,294,75,0,369,4,0,4,373
09/30/2006,HYA,MA,ANE,EN,Federal Contract Tower,0,26,18,0,44,0,198,86,0,284,0,224,104,0,328,24,0,24,352
10/01/2006,HYA,MA,ANE,EN,Federal Contract Tower,0,71,18,0,89,0,150,17,0,167,0,221,35,0,256,4,0,4,260
10/02/2006,HYA,MA,ANE,EN,Federal Contract Tower,0,22,7,0,29,0,299,77,0,376,0,321,84,0,405,12,0,12,417
10/03/2006,HYA,MA,ANE,EN,Federal Contract Tower,0,11,4,0,15,0,257,78,0,335,0,268,82,0,350,10,0,10,360
10/04/2006,HYA,MA,ANE,EN,Federal Contract Tower,0,122,36,0,158,0,165,28,0,193,0,287,64,0,351,18,0,18,369
10/05/2006,HYA,MA,ANE,EN,Federal Contract Tower,0,36,18,0,54,0,276,69,0,345,0,312,87,0,399,2,0,2,401
10/06/2006,HYA,MA,ANE,EN,Federal Contract Tower,0,23,21,0,44,0,353,68,0,421,0,376,89,0,465,8,0,8,473
10/07/2006,HYA,MA,ANE,EN,Federal Contract Tower,0,12,16,0,28,0,189,39,0,228,0,201,55,0,256,8,2,10,266
10/08/2006,HYA,MA,ANE,EN,Federal Contract Tower,0,12,12,0,24,0,201,72,0,273,0,213,84,0,297,10,0,10,307
10/09/2006,HYA,MA,ANE,EN,Federal Contract Tower,0,18,20,0,38,0,343,80,0,423,0,361,100,0,461,14,0,14,475
10/10/2006,HYA,MA,ANE,EN,Federal Contract Tower,0,23,27,0,50,0,256,86,0,342,0,279,113,0,392,12,2,14,406
10/11/2006,HYA,MA,ANE,EN,Federal Contract Tower,0,114,22,0,136,0,165,29,0,194,0,279,51,0,330,6,2,8,338
10/12/2006,HYA,MA,ANE,EN,Federal Contract Tower,0,179,32,0,211,0,105,30,0,135,0,284,62,0,346,6,0,6,352
10/13/2006,HYA,MA,ANE,EN,Federal Contract Tower,0,17,9,0,26,0,308,78,0,386,0,325,87,0,412,30,0,30,442
10/14/2006,HYA,MA,ANE,EN,Federal Contract Tower,0,9,10,0,19,0,179,84,0,263,0,188,94,0,282,20,0,20,302
10/15/2006,HYA,MA,ANE,EN,Federal Contract Tower,0,6,18,0,24,0,229,77,0,306,0,235,95,0,330,20,0,20,350
10/16/2006,HYA,MA,ANE,EN,Federal Contract Tower,0,17,12,0,29,0,254,83,0,337,0,271,95,0,366,30,2,32,398
10/17/2006,HYA,MA,ANE,EN,Federal Contract Tower,0,15,8,0,23,0,269,53,0,322,0,284,61,0,345,6,0,6,351
10/18/2006,HYA,MA,ANE,EN,Federal Contract Tower,0,233,23,0,256,0,25,3,0,28,0,258,26,0,284,0,0,0,284
10/19/2006,HYA,MA,ANE,EN,Federal Contract Tower,0,12,20,0,32,0,287,78,0,365,0,299,98,0,397,22,6,28,425
10/20/2006,HYA,MA,ANE,EN,Federal Contract Tower,0,181,23,0,204,0,151,17,0,168,0,332,40,0,372,24,4,28,400
10/21/2006,HYA,MA,ANE,EN,Federal Contract Tower,0,7,11,0,18,0,204,46,0,250,0,211,57,0,268,40,6,46,314
10/22/2006,HYA,MA,ANE,EN,Federal Contract Tower,0,14,18,0,32,0,222,65,0,287,0,236,83,0,319,14,0,14,333
10/23/2006,HYA,MA,ANE,EN,Federal Contract Tower,0,93,10,0,103,0,214,37,0,251,0,307,47,0,354,10,2,12,366
10/24/2006,HYA,MA,ANE,EN,Federal Contract Tower,0,14,13,0,27,0,278,68,0,346,0,292,81,0,373,32,0,32,405
10/25/2006,HYA,MA,ANE,EN,Federal Contract Tower,0,13,11,0,24,0,282,50,2,334,0,295,61,2,358,40,0,40,398
10/26/2006,HYA,MA,ANE,EN,Federal Contract Tower,0,21,12,0,33,0,271,59,0,330,0,292,71,0,363,60,2,62,425
10/27/2006,HYA,MA,ANE,EN,Federal Contract Tower,0,19,13,0,32,0,305,81,0,386,0,324,94,0,418,36,0,36,454
10/28/2006,HYA,MA,ANE,EN,Federal Contract Tower,0,16,6,0,22,0,27,7,0,34,0,43,13,0,56,0,0,0,56
10/29/2006,HYA,MA,ANE,EN,Federal Contract Tower,0,13,3,0,16,0,181,2,0,183,0,194,5,0,199,0,0,0,199
10/30/2006,HYA,MA,ANE,EN,Federal Contract Tower,0,21,14,0,35,0,311,40,0,351,0,332,54,0,386,12,0,12,398
10/31/2006,HYA,MA,ANE,EN,Federal Contract Tower,0,14,13,0,27,0,249,54,0,303,0,263,67,0,330,24,0,24,354
11/01/2006,HYA,MA,ANE,EN,Federal Contract Tower,0,14,8,0,22,0,235,49,0,284,0,249,57,0,306,18,0,18,324
11/02/2006,HYA,MA,ANE,EN,Federal Contract Tower,0,237,34,0,271,0,14,0,0,14,0,251,34,0,285,2,0,2,287
11/03/2006,HYA,MA,ANE,EN,Federal Contract Tower,0,15,9,0,24,0,275,62,0,337,0,290,71,0,361,40,0,40,401
11/04/2006,HYA,MA,ANE,EN,Federal Contract Tower,0,5,5,0,10,0,237,43,0,280,0,242,48,0,290,30,0,30,320
11/05/2006,HYA,MA,ANE,EN,Federal Contract Tower,0,5,11,0,16,0,239,54,0,293,0,244,65,0,309,48,0,48,357
11/06/2006,HYA,MA,ANE,EN,Federal Contract Tower,0,14,5,0,19,0,291,69,0,360,0,305,74,0,379,22,0,22,401
11/07/2006,HYA,MA,ANE,EN,Federal Contract Tower,0,28,15,0,43,0,252,59,0,311,0,280,74,0,354,30,0,30,384
11/08/2006,HYA,MA,ANE,EN,Federal Contract Tower,0,236,20,0,256,0,14,2,0,16,0,250,22,0,272,0,0,0,272
11/09/2006,HYA,MA,ANE,EN,Federal Contract Tower,0,144,19,0,163,0,89,9,0,98,0,233,28,0,261,6,0,6,267
11/10/2006,HYA,MA,ANE,EN,Federal Contract Tower,0,13,18,0,31,0,280,80,0,360,0,293,98,0,391,26,0,26,417
11/11/2006,HYA,MA,ANE,EN,Federal Contract Tower,0,8,8,0,16,0,182,76,0,258,0,190,84,0,274,26,4,30,304
11/12/2006,HYA,MA,ANE,EN,Federal Contract Tower,0,11,10,0,21,0,184,24,0,208,0,195,34,0,229,2,0,2,231
11/13/2006,HYA,MA,ANE,EN,Federal Contract Tower,0,78,14,0,92,0,194,28,0,222,0,272,42,0,314,18,0,18,332
11/14/2006,HYA,MA,ANE,EN,Federal Contract Tower,0,243,15,0,258,0,3,0,0,3,0,246,15,0,261,0,0,0,261
11/15/2006,HYA,MA,ANE,EN,Federal Contract Tower,0,175,30,0,205,0,112,18,0,130,0,287,48,0,335,10,0,10,345
11/16/2006,HYA,MA,ANE,EN,Federal Contract Tower,0,142,13,0,155,0,146,29,0,175,0,288,42,0,330,0,0,0,330
11/17/2006,HYA,MA,ANE,EN,Federal Contract Tower,0,98,14,0,112,0,144,27,0,171,0,242,41,0,283,2,0,2,285
11/18/2006,HYA,MA,ANE,EN,Federal Contract Tower,0,5,13,0,18,0,214,74,0,288,0,219,87,0,306,44,0,44,350
11/19/2006,HYA,MA,ANE,EN,Federal Contract Tower,0,12,12,0,24,0,203,36,0,239,0,215,48,0,263,24,0,24,287
11/20/2006,HYA,MA,ANE,EN,Federal Contract Tower,0,11,17,0,28,0,284,71,0,355,0,295,88,0,383,38,2,40,423
11/21/2006,HYA,MA,ANE,EN,Federal Contract Tower,0,14,22,0,36,0,314,81,0,395,0,328,103,0,431,16,0,16,447
11/22/2006,HYA,MA,ANE,EN,Federal Contract Tower,0,21,20,0,41,0,348,56,0,404,0,369,76,0,445,20,0,20,465
11/23/2006,HYA,MA,ANE,EN,Federal Contract Tower,0,130,2,0,132,0,2,0,0,2,0,132,2,0,134,0,0,0,134
11/24/2006,HYA,MA,ANE,EN,Federal Contract Tower,0,30,18,0,48,0,223,20,0,243,0,253,38,0,291,0,0,0,291
11/25/2006,HYA,MA,ANE,EN,Federal Contract Tower,0,13,8,0,21,0,207,48,0,255,0,220,56,0,276,10,0,10,286
11/26/2006,HYA,MA,ANE,EN,Federal Contract Tower,0,14,11,0,25,0,282,49,0,331,0,296,60,0,356,14,0,14,370
11/27/2006,HYA,MA,ANE,EN,Federal Contract Tower,0,52,14,0,66,0,241,54,0,295,0,293,68,0,361,4,2,6,367
11/28/2006,HYA,MA,ANE,EN,Federal Contract Tower,0,175,29,0,204,0,115,14,0,129,0,290,43,0,333,2,0,2,335
11/29/2006,HYA,MA,ANE,EN,Federal Contract Tower,0,107,16,0,123,0,177,28,0,205,0,284,44,0,328,4,0,4,332
11/30/2006,HYA,MA,ANE,EN,Federal Contract Tower,0,31,9,0,40,0,284,62,0,346,0,315,71,0,386,22,0,22,408
12/01/2006,HYA,MA,ANE,EN,Federal Contract Tower,0,278,22,0,300,0,6,0,0,6,0,284,22,0,306,0,0,0,306
12/02/2006,HYA,MA,ANE,EN,Federal Contract Tower,0,4,6,0,10,0,223,49,0,272,0,227,55,0,282,20,0,20,302
12/03/2006,HYA,MA,ANE,EN,Federal Contract Tower,0,7,8,0,15,0,298,61,0,359,0,305,69,0,374,32,0,32,406
12/04/2006,HYA,MA,ANE,EN,Federal Contract Tower,0,78,9,0,87,0,202,29,0,231,0,280,38,0,318,0,0,0,318
12/05/2006,HYA,MA,ANE,EN,Federal Contract Tower,0,18,16,0,34,0,280,31,0,311,0,298,47,0,345,18,0,18,363
12/06/2006,HYA,MA,ANE,EN,Federal Contract Tower,0,12,6,0,18,0,251,42,0,293,0,263,48,0,311,4,0,4,315
12/07/2006,HYA,MA,ANE,EN,Federal Contract Tower,0,6,9,0,15,0,253,67,2,322,0,259,76,2,337,14,0,14,351
12/08/2006,HYA,MA,ANE,EN,Federal Contract Tower,0,44,11,0,55,0,285,41,0,326,0,329,52,0,381,22,0,22,403
12/09/2006,HYA,MA,ANE,EN,Federal Contract Tower,0,6,4,0,10,0,210,47,0,257,0,216,51,0,267,34,0,34,301
12/10/2006,HYA,MA,ANE,EN,Federal Contract Tower,0,10,11,0,21,0,228,43,0,271,0,238,54,0,292,18,0,18,310
12/11/2006,HYA,MA,ANE,EN,Federal Contract Tower,0,17,6,0,23,0,287,57,0,344,0,304,63,0,367,20,4,24,391
12/12/2006,HYA,MA,ANE,EN,Federal Contract Tower,0,17,8,0,25,0,260,55,2,317,0,277,63,2,342,22,0,22,364
12/13/2006,HYA,MA,ANE,EN,Federal Contract Tower,0,144,8,0,152,0,142,23,0,165,0,286,31,0,317,0,0,0,317
12/14/2006,HYA,MA,ANE,EN,Federal Contract Tower,0,192,22,0,214,0,114,34,0,148,0,306,56,0,362,18,0,18,380
12/15/2006,HYA,MA,ANE,EN,Federal Contract Tower,0,156,32,0,188,0,2,0,0,2,0,158,32,0,190,0,0,0,190
12/16/2006,HYA,MA,ANE,EN,Federal Contract Tower,0,8,5,0,13,0,173,60,0,233,0,181,65,0,246,12,2,14,260
12/17/2006,HYA,MA,ANE,EN,Federal Contract Tower,0,11,7,0,18,0,175,59,0,234,0,186,66,0,252,16,4,20,272
12/18/2006,HYA,MA,ANE,EN,Federal Contract Tower,0,13,9,0,22,0,288,65,0,353,0,301,74,0,375,32,0,32,407
12/19/2006,HYA,MA,ANE,EN,Federal Contract Tower,0,15,6,0,21,0,276,58,0,334,0,291,64,0,355,26,2,28,383
12/20/2006,HYA,MA,ANE,EN,Federal Contract Tower,0,21,8,0,29,0,265,57,0,322,0,286,65,0,351,26,2,28,379
12/21/2006,HYA,MA,ANE,EN,Federal Contract Tower,0,16,6,0,22,0,303,45,0,348,0,319,51,0,370,16,0,16,386
12/22/2006,HYA,MA,ANE,EN,Federal Contract Tower,0,14,5,0,19,0,329,60,0,389,0,343,65,0,408,22,0,22,430
12/23/2006,HYA,MA,ANE,EN,Federal Contract Tower,0,108,8,0,116,0,65,4,0,69,0,173,12,0,185,0,0,0,185
12/24/2006,HYA,MA,ANE,EN,Federal Contract Tower,0,5,2,0,7,0,153,27,0,180,0,158,29,0,187,32,0,32,219
12/25/2006,HYA,MA,ANE,EN,Federal Contract Tower,0,4,0,0,4,0,107,6,0,113,0,111,6,0,117,10,0,10,127
12/26/2006,HYA,MA,ANE,EN,Federal Contract Tower,0,136,28,0,164,0,51,0,0,51,0,187,28,0,215,0,0,0,215
12/27/2006,HYA,MA,ANE,EN,Federal Contract Tower,0,47,11,0,58,0,253,50,0,303,0,300,61,0,361,36,2,38,399
12/28/2006,HYA,MA,ANE,EN,Federal Contract Tower,0,14,6,0,20,0,319,83,0,402,0,333,89,0,422,28,0,28,450
12/29/2006,HYA,MA,ANE,EN,Federal Contract Tower,0,13,5,0,18,0,292,64,0,356,0,305,69,0,374,26,4,30,404
12/30/2006,HYA,MA,ANE,EN,Federal Contract Tower,0,11,5,0,16,0,205,26,0,231,0,216,31,0,247,12,0,12,259
12/31/2006,HYA,MA,ANE,EN,Federal Contract Tower,0,3,8,0,11,0,155,73,0,228,0,158,81,0,239,22,0,22,261
01/01/2007,HYA,MA,ANE,EN,Federal Contract Tower,0,120,2,0,122,0,20,0,0,20,0,140,2,0,142,0,0,0,142
01/02/2007,HYA,MA,ANE,EN,Federal Contract Tower,0,10,7,0,17,0,258,34,0,292,0,268,41,0,309,0,0,0,309
01/03/2007,HYA,MA,ANE,EN,Federal Contract Tower,0,16,7,0,23,0,259,57,0,316,0,275,64,0,339,24,0,24,363
01/04/2007,HYA,MA,ANE,EN,Federal Contract Tower,0,13,9,0,22,0,254,76,0,330,0,267,85,0,352,14,0,14,366
01/05/2007,HYA,MA,ANE,EN,Federal Contract Tower,0,98,15,0,113,0,140,10,0,150,0,238,25,0,263,10,0,10,273
01/06/2007,HYA,MA,ANE,EN,Federal Contract Tower,0,81,12,0,93,0,4,0,0,4,0,85,12,0,97,0,0,0,97
01/07/2007,HYA,MA,ANE,EN,Federal Contract Tower,0,5,0,0,5,0,157,48,0,205,0,162,48,0,210,34,0,34,244
01/08/2007,HYA,MA,ANE,EN,Federal Contract Tower,0,125,21,2,148,0,44,9,0,53,0,169,30,2,201,0,0,0,201
01/09/2007,HYA,MA,ANE,EN,Federal Contract Tower,0,21,9,0,30,0,244,47,0,291,0,265,56,0,321,14,12,26,347
01/10/2007,HYA,MA,ANE,EN,Federal Contract Tower,0,14,6,0,20,0,281,69,0,350,0,295,75,0,370,50,2,52,422
01/11/2007,HYA,MA,ANE,EN,Federal Contract Tower,0,10,11,0,21,0,264,64,0,328,0,274,75,0,349,36,0,36,385
01/12/2007,HYA,MA,ANE,EN,Federal Contract Tower,0,11,8,0,19,0,344,67,0,411,0,355,75,0,430,32,2,34,464
01/13/2007,HYA,MA,ANE,EN,Federal Contract Tower,0,107,23,0,130,0,79,23,0,102,0,186,46,0,232,10,2,12,244
01/14/2007,HYA,MA,ANE,EN,Federal Contract Tower,0,74,2,0,76,0,3,3,0,6,0,77,5,0,82,0,0,0,82
01/15/2007,HYA,MA,ANE,EN,Federal Contract Tower,0,165,22,0,187,0,0,0,0,0,0,165,22,0,187,0,0,0,187
01/16/2007,HYA,MA,ANE,EN,Federal Contract Tower,0,45,9,0,54,0,256,42,0,298,0,301,51,0,352,22,0,22,374
01/17/2007,HYA,MA,ANE,EN,Federal Contract Tower,0,14,12,0,26,0,266,40,0,306,0,280,52,0,332,26,0,26,358
01/18/2007,HYA,MA,ANE,EN,Federal Contract Tower,0,13,12,0,25,0,259,75,0,334,0,272,87,0,359,28,0,28,387
01/19/2007,HYA,MA,ANE,EN,Federal Contract Tower,0,89,14,0,103,0,192,46,0,238,0,281,60,0,341,18,0,18,359
01/20/2007,HYA,MA,ANE,EN,Federal Contract Tower,0,7,6,0,13,0,174,21,0,195,0,181,27,0,208,0,0,0,208
01/21/2007,HYA,MA,ANE,EN,Federal Contract Tower,0,11,5,0,16,0,195,35,0,230,0,206,40,0,246,16,2,18,264
01/22/2007,HYA,MA,ANE,EN,Federal Contract Tower,0,10,8,0,18,0,284,62,0,346,0,294,70,0,364,32,2,34,398
01/23/2007,HYA,MA,ANE,EN,Federal Contract Tower,0,21,11,0,32,0,225,51,0,276,0,246,62,0,308,6,0,6,314
01/24/2007,HYA,MA,ANE,EN,Federal Contract Tower,0,9,7,0,16,0,231,52,0,283,0,240,59,0,299,60,2,62,361
01/25/2007,HYA,MA,ANE,EN,Federal Contract Tower,0,11,12,0,23,0,271,49,0,320,0,282,61,0,343,8,0,8,351
01/26/2007,HYA,MA,ANE,EN,Federal Contract Tower,0,9,5,0,14,0,254,31,0,285,0,263,36,0,299,12,2,14,313
01/27/2007,HYA,MA,ANE,EN,Federal Contract Tower,0,2,0,0,2,0,168,37,0,205,0,170,37,0,207,20,10,30,237
01/28/2007,HYA,MA,ANE,EN,Federal Contract Tower,0,16,5,0,21,0,185,46,0,231,0,201,51,0,252,28,2,30,282
01/29/2007,HYA,MA,ANE,EN,Federal Contract Tower,0,22,7,0,29,0,243,38,0,281,0,265,45,0,310,0,0,0,310
01/30/2007,HYA,MA,ANE,EN,Federal Contract Tower,0,13,8,0,21,0,251,69,0,320,0,264,77,0,341,20,0,20,361
01/31/2007,HYA,MA,ANE,EN,Federal Contract Tower,0,22,9,0,31,0,209,42,0,251,0,231,51,0,282,8,0,8,290
02/01/2007,HYA,MA,ANE,EN,Federal Contract Tower,0,68,14,0,82,0,221,47,0,268,0,289,61,0,350,8,0,8,358
02/02/2007,HYA,MA,ANE,EN,Federal Contract Tower,0,170,17,0,187,0,49,7,0,56,0,219,24,0,243,0,0,0,243
02/03/2007,HYA,MA,ANE,EN,Federal Contract Tower,0,5,4,0,9,0,144,52,0,196,0,149,56,0,205,10,2,12,217
02/04/2007,HYA,MA,ANE,EN,Federal Contract Tower,0,7,2,0,9,0,139,22,0,161,0,146,24,0,170,6,0,6,176
02/05/2007,HYA,MA,ANE,EN,Federal Contract Tower,0,8,5,0,13,0,259,32,0,291,0,267,37,0,304,0,0,0,304
02/06/2007,HYA,MA,ANE,EN,Federal Contract Tower,0,10,2,0,12,0,276,44,0,320,0,286,46,0,332,12,6,18,350
02/07/2007,HYA,MA,ANE,EN,Federal Contract Tower,0,14,11,0,25,0,270,28,0,298,0,284,39,0,323,12,0,12,335
02/08/2007,HYA,MA,ANE,EN,Federal Contract Tower,0,14,7,0,21,0,265,37,2,304,0,279,44,2,325,18,0,18,343
02/09/2007,HYA,MA,ANE,EN,Federal Contract Tower,0,15,10,0,25,0,282,33,0,315,0,297,43,0,340,16,0,16,356
02/10/2007,HYA,MA,ANE,EN,Federal Contract Tower,0,8,3,0,11,0,180,66,0,246,0,188,69,0,257,48,0,48,305
02/11/2007,HYA,MA,ANE,EN,Federal Contract Tower,0,9,5,0,14,0,216,58,0,274,0,225,63,0,288,30,0,30,318
02/12/2007,HYA,MA,ANE,EN,Federal Contract Tower,0,13,4,0,17,0,265,48,0,313,0,278,52,0,330,6,0,6,336
02/13/2007,HYA,MA,ANE,EN,Federal Contract Tower,0,10,4,0,14,0,280,47,0,327,0,290,51,0,341,40,0,40,381
02/14/2007,HYA,MA,ANE,EN,Federal Contract Tower,0,13,7,0,20,0,0,6,0,6,0,13,13,0,26,0,0,0,26
02/15/2007,HYA,MA,ANE,EN,Federal Contract Tower,0,15,7,0,22,0,232,27,0,259,0,247,34,0,281,4,0,4,285
02/16/2007,HYA,MA,ANE,EN,Federal Contract Tower,0,18,2,0,20,0,310,38,0,348,0,328,40,0,368,0,0,0,368
02/17/2007,HYA,MA,ANE,EN,Federal Contract Tower,0,10,4,0,14,0,150,42,0,192,0,160,46,0,206,24,0,24,230
02/18/2007,HYA,MA,ANE,EN,Federal Contract Tower,0,52,1,0,53,0,95,17,0,112,0,147,18,0,165,0,0,0,165
02/19/2007,HYA,MA,ANE,EN,Federal Contract Tower,0,8,1,0,9,0,256,33,0,289,0,264,34,0,298,10,2,12,310
02/20/2007,HYA,MA,ANE,EN,Federal Contract Tower,0,10,5,0,15,0,255,39,0,294,0,265,44,0,309,28,0,28,337
02/21/2007,HYA,MA,ANE,EN,Federal Contract Tower,0,16,12,0,28,0,239,53,0,292,0,255,65,0,320,24,2,26,346
02/22/2007,HYA,MA,ANE,EN,Federal Contract Tower,0,23,7,0,30,0,244,49,0,293,0,267,56,0,323,16,4,20,343
02/23/2007,HYA,MA,ANE,EN,Federal Contract Tower,0,77,19,0,96,0,217,32,0,249,0,294,51,0,345,8,0,8,353
02/24/2007,HYA,MA,ANE,EN,Federal Contract Tower,0,4,6,0,10,0,183,24,0,207,0,187,30,0,217,4,2,6,223
02/25/2007,HYA,MA,ANE,EN,Federal Contract Tower,0,15,14,0,29,0,167,51,0,218,0,182,65,0,247,20,0,20,267
02/26/2007,HYA,MA,ANE,EN,Federal Contract Tower,0,75,5,0,80,0,51,6,0,57,0,126,11,0,137,0,0,0,137
02/27/2007,HYA,MA,ANE,EN,Federal Contract Tower,0,11,8,0,19,0,240,35,0,275,0,251,43,0,294,6,0,6,300
02/28/2007,HYA,MA,ANE,EN,Federal Contract Tower,0,73,16,0,89,0,222,36,2,260,0,295,52,2,349,2,0,2,351
03/01/2007,HYA,MA,ANE,EN,Federal Contract Tower,0,14,5,0,19,0,292,73,0,365,0,306,78,0,384,4,0,4,388
03/02/2007,HYA,MA,ANE,EN,Federal Contract Tower,0,89,19,0,108,0,42,7,0,49,0,131,26,0,157,0,0,0,157
03/03/2007,HYA,MA,ANE,EN,Federal Contract Tower,0,17,4,0,21,0,175,56,0,231,0,192,60,0,252,36,6,42,294
03/04/2007,HYA,MA,ANE,EN,Federal Contract Tower,0,6,2,0,8,0,182,30,0,212,0,188,32,0,220,18,2,20,240
03/05/2007,HYA,MA,ANE,EN,Federal Contract Tower,0,26,6,0,32,0,291,34,0,325,0,317,40,0,357,0,0,0,357
03/06/2007,HYA,MA,ANE,EN,Federal Contract Tower,0,6,3,0,9,0,242,19,0,261,0,248,22,0,270,2,0,2,272
03/07/2007,HYA,MA,ANE,EN,Federal Contract Tower,0,9,5,0,14,0,253,41,2,296,0,262,46,2,310,2,0,2,312
03/08/2007,HYA,MA,ANE,EN,Federal Contract Tower,0,11,3,0,14,0,261,47,0,308,0,272,50,0,322,4,2,6,328
03/09/2007,HYA,MA,ANE,EN,Federal Contract Tower,0,12,9,0,21,0,284,56,0,340,0,296,65,0,361,28,0,28,389
03/10/2007,HYA,MA,ANE,EN,Federal Contract Tower,0,10,0,0,10,0,227,67,0,294,0,237,67,0,304,32,0,32,336
03/11/2007,HYA,MA,ANE,EN,Federal Contract Tower,0,26,7,0,33,0,182,50,0,232,0,208,57,0,265,34,0,34,299
03/12/2007,HYA,MA,ANE,EN,Federal Contract Tower,0,9,4,0,13,0,288,55,4,347,0,297,59,4,360,10,4,14,374
03/13/2007,HYA,MA,ANE,EN,Federal Contract Tower,0,12,4,0,16,0,282,47,0,329,0,294,51,0,345,20,0,20,365
03/14/2007,HYA,MA,ANE,EN,Federal Contract Tower,0,91,30,0,121,0,165,29,0,194,0,256,59,0,315,6,0,6,321
03/15/2007,HYA,MA,ANE,EN,Federal Contract Tower,0,46,22,0,68,0,108,8,0,116,0,154,30,0,184,8,0,8,192
03/16/2007,HYA,MA,ANE,EN,Federal Contract Tower,0,91,11,0,102,0,41,10,0,51,0,132,21,0,153,0,0,0,153
03/17/2007,HYA,MA,ANE,EN,Federal Contract Tower,0,106,20,0,126,0,3,0,0,3,0,109,20,0,129,0,0,0,129
03/18/2007,HYA,MA,ANE,EN,Federal Contract Tower,0,7,7,0,14,0,196,10,0,206,0,203,17,0,220,4,0,4,224
03/19/2007,HYA,MA,ANE,EN,Federal Contract Tower,0,12,5,0,17,0,295,38,0,333,0,307,43,0,350,16,4,20,370
03/20/2007,HYA,MA,ANE,EN,Federal Contract Tower,0,18,3,0,21,0,272,41,0,313,0,290,44,0,334,20,0,20,354
03/21/2007,HYA,MA,ANE,EN,Federal Contract Tower,0,8,12,0,20,0,278,64,0,342,0,286,76,0,362,16,0,16,378
03/22/2007,HYA,MA,ANE,EN,Federal Contract Tower,0,205,18,0,223,0,97,12,0,109,0,302,30,0,332,0,0,0,332
03/23/2007,HYA,MA,ANE,EN,Federal Contract Tower,0,135,21,0,156,0,174,35,0,209,0,309,56,0,365,26,0,26,391
03/24/2007,HYA,MA,ANE,EN,Federal Contract Tower,0,7,4,0,11,0,229,63,0,292,0,236,67,0,303,68,0,68,371
03/25/2007,HYA,MA,ANE,EN,Federal Contract Tower,0,18,10,0,28,0,219,45,0,264,0,237,55,0,292,44,0,44,336
03/26/2007,HYA,MA,ANE,EN,Federal Contract Tower,0,19,13,0,32,0,325,46,0,371,0,344,59,0,403,12,0,12,415
03/27/2007,HYA,MA,ANE,EN,Federal Contract Tower,0,120,25,0,145,0,162,38,0,200,0,282,63,0,345,20,0,20,365
03/28/2007,HYA,MA,ANE,EN,Federal Contract Tower,0,12,13,2,27,0,281,41,0,322,0,293,54,2,349,30,2,32,381
03/29/2007,HYA,MA,ANE,EN,Federal Contract Tower,0,14,8,0,22,0,305,41,0,346,0,319,49,0,368,12,0,12,380
03/30/2007,HYA,MA,ANE,EN,Federal Contract Tower,0,17,11,0,28,0,297,70,0,367,0,314,81,0,395,62,4,66,461
03/31/2007,HYA,MA,ANE,EN,Federal Contract Tower,0,4,13,0,17,0,241,72,0,313,0,245,85,0,330,32,4,36,366
04/01/2007,HYA,MA,ANE,EN,Federal Contract Tower,0,11,9,0,20,0,175,60,0,235,0,186,69,0,255,46,0,46,301
04/02/2007,HYA,MA,ANE,EN,Federal Contract Tower,0,239,19,0,258,0,23,5,0,28,0,262,24,0,286,0,0,0,286
04/03/2007,HYA,MA,ANE,EN,Federal Contract Tower,0,125,17,0,142,0,71,2,0,73,0,196,19,0,215,4,0,4,219
04/04/2007,HYA,MA,ANE,EN,Federal Contract Tower,0,44,4,0,48,0,204,19,0,223,0,248,23,0,271,54,0,54,325
04/05/2007,HYA,MA,ANE,EN,Federal Contract Tower,0,123,16,0,139,0,166,16,0,182,0,289,32,0,321,22,2,24,345
04/06/2007,HYA,MA,ANE,EN,Federal Contract Tower,0,20,3,0,23,0,287,37,0,324,0,307,40,0,347,16,2,18,365
04/07/2007,HYA,MA,ANE,EN,Federal Contract Tower,0,14,10,0,24,0,167,46,0,213,0,181,56,0,237,46,0,46,283
04/08/2007,HYA,MA,ANE,EN,Federal Contract Tower,0,13,12,0,25,0,181,17,0,198,0,194,29,0,223,10,0,10,233
04/09/2007,HYA,MA,ANE,EN,Federal Contract Tower,0,20,3,0,23,0,288,53,0,341,0,308,56,0,364,16,0,16,380
04/10/2007,HYA,MA,ANE,EN,Federal Contract Tower,0,16,9,0,25,0,289,46,0,335,0,305,55,0,360,16,2,18,378
04/11/2007,HYA,MA,ANE,EN,Federal Contract Tower,0,22,11,0,33,0,295,61,0,356,0,317,72,0,389,28,4,32,421
04/12/2007,HYA,MA,ANE,EN,Federal Contract Tower,0,99,9,0,108,0,159,43,0,202,0,258,52,0,310,32,0,32,342
04/13/2007,HYA,MA,ANE,EN,Federal Contract Tower,0,17,5,0,22,0,339,55,0,394,0,356,60,0,416,38,0,38,454
04/14/2007,HYA,MA,ANE,EN,Federal Contract Tower,0,2,4,0,6,0,241,74,0,315,0,243,78,0,321,34,0,34,355
04/15/2007,HYA,MA,ANE,EN,Federal Contract Tower,0,81,5,0,86,0,114,16,0,130,0,195,21,0,216,0,0,0,216
04/16/2007,HYA,MA,ANE,EN,Federal Contract Tower,0,33,8,0,41,0,104,8,0,112,0,137,16,0,153,4,0,4,157
04/17/2007,HYA,MA,ANE,EN,Federal Contract Tower,0,155,14,0,169,0,0,0,0,0,0,155,14,0,169,0,0,0,169
04/18/2007,HYA,MA,ANE,EN,Federal Contract Tower,0,293,20,0,313,0,5,2,0,7,0,298,22,0,320,0,0,0,320
04/19/2007,HYA,MA,ANE,EN,Federal Contract Tower,0,91,29,0,120,0,206,26,0,232,0,297,55,0,352,4,0,4,356
04/20/2007,HYA,MA,ANE,EN,Federal Contract Tower,0,20,13,0,33,0,321,54,2,377,0,341,67,2,410,30,0,30,440
04/21/2007,HYA,MA,ANE,EN,Federal Contract Tower,0,14,11,0,25,0,173,62,0,235,0,187,73,0,260,34,0,34,294
04/22/2007,HYA,MA,ANE,EN,Federal Contract Tower,0,9,11,0,20,0,198,65,0,263,0,207,76,0,283,56,0,56,339
04/23/2007,HYA,MA,ANE,EN,Federal Contract Tower,0,20,8,0,28,0,312,42,0,354,0,332,50,0,382,24,4,28,410
04/24/2007,HYA,MA,ANE,EN,Federal Contract Tower,0,12,14,0,26,0,308,54,0,362,0,320,68,0,388,58,0,58,446
04/25/2007,HYA,MA,ANE,EN,Federal Contract Tower,0,28,10,0,38,0,274,49,1,324,0,302,59,1,362,20,0,20,382
04/26/2007,HYA,MA,ANE,EN,Federal Contract Tower,0,39,15,0,54,0,322,55,0,377,0,361,70,0,431,38,0,38,469
04/27/2007,HYA,MA,ANE,EN,Federal Contract Tower,0,116,26,0,142,0,29,1,0,30,0,145,27,0,172,0,0,0,172
04/28/2007,HYA,MA,ANE,EN,Federal Contract Tower,0,124,31,0,155,0,14,2,0,16,0,138,33,0,171,8,0,8,179
04/29/2007,HYA,MA,ANE,EN,Federal Contract Tower,0,168,24,0,192,0,25,0,0,25,0,193,24,0,217,2,0,2,219
04/30/2007,HYA,MA,ANE,EN,Federal Contract Tower,0,30,10,0,40,0,279,35,0,314,0,309,45,0,354,20,0,20,374
05/01/2007,HYA,MA,ANE,EN,Federal Contract Tower,0,16,7,0,23,0,274,68,2,344,0,290,75,2,367,14,0,14,381
05/02/2007,HYA,MA,ANE,EN,Federal Contract Tower,0,116,16,0,132,0,168,19,0,187,0,284,35,0,319,6,2,8,327
05/03/2007,HYA,MA,ANE,EN,Federal Contract Tower,0,17,4,0,21,0,305,52,0,357,0,322,56,0,378,26,0,26,404
05/04/2007,HYA,MA,ANE,EN,Federal Contract Tower,0,19,5,0,24,0,316,56,0,372,0,335,61,0,396,28,0,28,424
05/05/2007,HYA,MA,ANE,EN,Federal Contract Tower,0,5,9,0,14,0,171,50,0,221,0,176,59,0,235,22,18,40,275
05/06/2007,HYA,MA,ANE,EN,Federal Contract Tower,0,19,14,0,33,0,209,27,0,236,0,228,41,0,269,10,4,14,283
05/07/2007,HYA,MA,ANE,EN,Federal Contract Tower,0,16,17,0,33,0,312,85,0,397,0,328,102,0,430,48,2,50,480
05/08/2007,HYA,MA,ANE,EN,Federal Contract Tower,0,13,8,0,21,0,305,55,0,360,0,318,63,0,381,22,6,28,409
05/09/2007,HYA,MA,ANE,EN,Federal Contract Tower,0,181,22,0,203,0,131,56,0,187,0,312,78,0,390,40,8,48,438
05/10/2007,HYA,MA,ANE,EN,Federal Contract Tower,0,131,37,0,168,0,42,14,0,56,0,173,51,0,224,2,0,2,226
05/11/2007,HYA,MA,ANE,EN,Federal Contract Tower,0,109,27,0,136,0,118,15,0,133,0,227,42,0,269,4,0,4,273
05/12/2007,HYA,MA,ANE,EN,Federal Contract Tower,0,27,3,0,30,0,171,61,0,232,0,198,64,0,262,16,0,16,278
05/13/2007,HYA,MA,ANE,EN,Federal Contract Tower,0,16,14,0,30,0,215,49,0,264,0,231,63,0,294,4,0,4,298
05/14/2007,HYA,MA,ANE,EN,Federal Contract Tower,1,13,9,0,23,0,323,84,0,407,1,336,93,0,430,28,6,34,464
05/15/2007,HYA,MA,ANE,EN,Federal Contract Tower,0,1,13,0,14,1,303,33,0,337,1,304,46,0,351,6,4,10,361
05/16/2007,HYA,MA,ANE,EN,Federal Contract Tower,0,24,6,0,30,0,267,32,0,299,0,291,38,0,329,42,0,42,371
05/17/2007,HYA,MA,ANE,EN,Federal Contract Tower,0,164,35,0,199,0,175,28,0,203,0,339,63,0,402,2,4,6,408
05/18/2007,HYA,MA,ANE,EN,Federal Contract Tower,0,262,37,0,299,0,0,0,0,0,0,262,37,0,299,2,0,2,301
05/19/2007,HYA,MA,ANE,EN,Federal Contract Tower,0,161,26,0,187,0,0,0,0,0,0,161,26,0,187,0,0,0,187
05/20/2007,HYA,MA,ANE,EN,Federal Contract Tower,0,110,27,0,137,0,131,17,0,148,0,241,44,0,285,0,0,0,285
05/21/2007,HYA,MA,ANE,EN,Federal Contract Tower,0,16,13,0,29,0,304,81,0,385,0,320,94,0,414,38,2,40,454
05/22/2007,HYA,MA,ANE,EN,Federal Contract Tower,0,20,8,0,28,0,302,92,2,396,0,322,100,2,424,34,2,36,460
05/23/2007,HYA,MA,ANE,EN,Federal Contract Tower,0,19,6,0,25,0,305,86,0,391,0,324,92,0,416,32,0,32,448
05/24/2007,HYA,MA,ANE,EN,Federal Contract Tower,0,21,26,0,47,0,361,81,0,442,0,382,107,0,489,34,0,34,523
05/25/2007,HYA,MA,ANE,EN,Federal Contract Tower,0,32,21,0,53,0,416,87,0,503,0,448,108,0,556,30,0,30,586
05/26/2007,HYA,MA,ANE,EN,Federal Contract Tower,0,10,13,0,23,0,246,61,0,307,0,256,74,0,330,24,2,26,356
05/27/2007,HYA,MA,ANE,EN,Federal Contract Tower,0,17,5,0,22,0,183,33,0,216,0,200,38,0,238,20,2,22,260
05/28/2007,HYA,MA,ANE,EN,Federal Contract Tower,0,36,30,0,66,0,388,43,0,431,0,424,73,0,497,32,2,34,531
05/29/2007,HYA,MA,ANE,EN,Federal Contract Tower,0,24,17,0,41,0,310,79,0,389,0,334,96,0,430,20,0,20,450
05/30/2007,HYA,MA,ANE,EN,Federal Contract Tower,0,24,10,0,34,0,612,73,0,685,0,636,83,0,719,14,0,14,733
05/31/2007,HYA,MA,ANE,EN,Federal Contract Tower,0,23,24,0,47,0,293,59,0,352,0,316,83,0,399,24,4,28,427
06/01/2007,HYA,MA,ANE,EN,Federal Contract Tower,0,36,19,0,55,0,325,41,1,367,0,361,60,1,422,28,2,30,452
06/02/2007,HYA,MA,ANE,EN,Federal Contract Tower,0,7,6,0,13,0,175,25,0,200,0,182,31,0,213,4,4,8,221
06/03/2007,HYA,MA,ANE,EN,Federal Contract Tower,0,93,23,0,116,0,134,6,0,140,0,227,29,0,256,10,4,14,270
06/04/2007,HYA,MA,ANE,EN,Federal Contract Tower,0,185,42,0,227,0,0,0,0,0,0,185,42,0,227,0,0,0,227
06/05/2007,HYA,MA,ANE,EN,Federal Contract Tower,0,143,37,0,180,0,83,0,0,83,0,226,37,0,263,2,0,2,265
06/06/2007,HYA,MA,ANE,EN,Federal Contract Tower,0,18,20,0,38,0,310,59,0,369,0,328,79,0,407,12,4,16,423
06/07/2007,HYA,MA,ANE,EN,Federal Contract Tower,0,30,20,0,50,0,327,80,0,407,0,357,100,0,457,36,2,38,495
06/08/2007,HYA,MA,ANE,EN,Federal Contract Tower,0,50,20,0,70,0,285,58,0,343,0,335,78,0,413,18,4,22,435
06/09/2007,HYA,MA,ANE,EN,Federal Contract Tower,0,15,17,0,32,0,168,15,0,183,0,183,32,0,215,28,0,28,243
06/10/2007,HYA,MA,ANE,EN,Federal Contract Tower,0,56,24,0,80,0,179,37,0,216,0,235,61,0,296,38,0,38,334
06/11/2007,HYA,MA,ANE,EN,Federal Contract Tower,0,174,31,0,205,0,165,30,0,195,0,339,61,0,400,2,0,2,402
06/12/2007,HYA,MA,ANE,EN,Federal Contract Tower,0,207,20,0,227,0,112,35,2,149,0,319,55,2,376,0,0,0,376
06/13/2007,HYA,MA,ANE,EN,Federal Contract Tower,0,87,32,0,119,0,202,30,0,232,0,289,62,0,351,0,2,2,353
06/14/2007,HYA,MA,ANE,EN,Federal Contract Tower,0,76,35,0,111,0,266,31,0,297,0,342,66,0,408,8,2,10,418
06/15/2007,HYA,MA,ANE,EN,Federal Contract Tower,0,47,41,0,88,0,309,44,0,353,0,356,85,0,441,10,4,14,455
06/16/2007,HYA,MA,ANE,EN,Federal Contract Tower,0,17,12,0,29,0,183,60,0,243,0,200,72,0,272,36,0,36,308
06/17/2007,HYA,MA,ANE,EN,Federal Contract Tower,0,45,21,0,66,0,215,75,0,290,0,260,96,0,356,18,10,28,384
06/18/2007,HYA,MA,ANE,EN,Federal Contract Tower,0,16,19,0,35,0,315,99,0,414,0,331,118,0,449,30,4,34,483
06/19/2007,HYA,MA,ANE,EN,Federal Contract Tower,0,20,24,0,44,0,309,71,0,380,0,329,95,0,424,20,0,20,444
06/20/2007,HYA,MA,ANE,EN,Federal Contract Tower,0,100,13,0,113,0,54,6,0,60,0,154,19,0,173,0,2,2,175
06/21/2007,HYA,MA,ANE,EN,Federal Contract Tower,0,32,27,0,59,0,336,75,0,411,0,368,102,0,470,18,12,30,500
06/22/2007,HYA,MA,ANE,EN,Federal Contract Tower,0,39,21,0,60,0,336,62,0,398,0,375,83,0,458,12,10,22,480
06/23/2007,HYA,MA,ANE,EN,Federal Contract Tower,0,13,5,0,18,0,215,99,0,314,0,228,104,0,332,20,0,20,352
06/24/2007,HYA,MA,ANE,EN,Federal Contract Tower,0,24,22,0,46,0,221,84,0,305,0,245,106,0,351,44,0,44,395
06/25/2007,HYA,MA,ANE,EN,Federal Contract Tower,0,37,26,0,63,0,301,63,0,364,0,338,89,0,427,16,4,20,447
06/26/2007,HYA,MA,ANE,EN,Federal Contract Tower,0,54,33,0,87,0,304,71,0,375,0,358,104,0,462,16,8,24,486
06/27/2007,HYA,MA,ANE,EN,Federal Contract Tower,0,218,53,2,273,0,46,12,2,60,0,264,65,4,333,2,0,2,335
06/28/2007,HYA,MA,ANE,EN,Federal Contract Tower,0,206,57,0,263,0,175,17,0,192,0,381,74,0,455,4,4,8,463
06/29/2007,HYA,MA,ANE,EN,Federal Contract Tower,0,49,51,0,100,0,334,84,2,420,0,383,135,2,520,12,6,18,538
06/30/2007,HYA,MA,ANE,EN,Federal Contract Tower,0,48,21,0,69,0,197,78,0,275,0,245,99,0,344,34,0,34,378
07/01/2007,HYA,MA,ANE,EN,Federal Contract Tower,0,26,45,0,71,0,264,56,0,320,0,290,101,0,391,38,0,38,429
07/02/2007,HYA,MA,ANE,EN,Federal Contract Tower,0,30,12,0,42,0,321,89,0,410,0,351,101,0,452,16,0,16,468
07/03/2007,HYA,MA,ANE,EN,Federal Contract Tower,0,40,29,0,69,0,337,97,0,434,0,377,126,0,503,42,6,48,551
07/04/2007,HYA,MA,ANE,EN,Federal Contract Tower,0,27,17,0,44,0,195,45,0,240,0,222,62,0,284,32,0,32,316
07/05/2007,HYA,MA,ANE,EN,Federal Contract Tower,0,259,55,0,314,0,31,4,0,35,0,290,59,0,349,0,0,0,349
07/06/2007,HYA,MA,ANE,EN,Federal Contract Tower,0,173,50,0,223,0,138,25,0,163,0,311,75,0,386,10,2,12,398
07/07/2007,HYA,MA,ANE,EN,Federal Contract Tower,0,36,28,0,64,0,224,65,0,289,0,260,93,0,353,40,0,40,393
07/08/2007,HYA,MA,ANE,EN,Federal Contract Tower,0,50,39,0,89,0,290,59,0,349,0,340,98,0,438,40,8,48,486
07/09/2007,HYA,MA,ANE,EN,Federal Contract Tower,0,276,70,0,346,0,42,14,0,56,0,318,84,0,402,0,0,0,402
07/10/2007,HYA,MA,ANE,EN,Federal Contract Tower,0,253,67,0,320,0,23,11,0,34,0,276,78,0,354,2,0,2,356
07/11/2007,HYA,MA,ANE,EN,Federal Contract Tower,0,171,42,2,215,0,83,9,0,92,0,254,51,2,307,4,0,4,311
07/12/2007,HYA,MA,ANE,EN,Federal Contract Tower,0,64,31,0,95,0,286,76,0,362,0,350,107,0,457,8,4,12,469
07/13/2007,HYA,MA,ANE,EN,Federal Contract Tower,0,32,26,0,58,0,351,77,0,428,0,383,103,0,486,14,2,16,502
07/14/2007,HYA,MA,ANE,EN,Federal Contract Tower,0,49,29,0,78,0,185,75,0,260,0,234,104,0,338,26,0,26,364
07/15/2007,HYA,MA,ANE,EN,Federal Contract Tower,0,129,37,0,166,0,120,36,0,156,0,249,73,0,322,10,2,12,334
07/16/2007,HYA,MA,ANE,EN,Federal Contract Tower,0,158,32,0,190,0,190,71,0,261,0,348,103,0,451,20,2,22,473
07/17/2007,HYA,MA,ANE,EN,Federal Contract Tower,2,170,48,0,220,0,145,68,0,213,2,315,116,0,433,24,4,28,461
07/18/2007,HYA,MA,ANE,EN,Federal Contract Tower,0,287,34,0,321,0,21,0,0,21,0,308,34,0,342,0,0,0,342
07/19/2007,HYA,MA,ANE,EN,Federal Contract Tower,0,261,100,0,361,0,25,6,0,31,0,286,106,0,392,0,0,0,392
07/20/2007,HYA,MA,ANE,EN,Federal Contract Tower,0,149,64,0,213,0,209,41,0,250,0,358,105,0,463,4,0,4,467
07/21/2007,HYA,MA,ANE,EN,Federal Contract Tower,0,29,27,0,56,0,211,88,0,299,0,240,115,0,355,32,0,32,387
07/22/2007,HYA,MA,ANE,EN,Federal Contract Tower,0,55,30,0,85,0,214,77,0,291,0,269,107,0,376,26,0,26,402
07/23/2007,HYA,MA,ANE,EN,Federal Contract Tower,0,248,68,0,316,0,0,0,0,0,0,248,68,0,316,2,0,2,318
07/24/2007,HYA,MA,ANE,EN,Federal Contract Tower,0,28,19,0,47,0,307,75,0,382,0,335,94,0,429,18,4,22,451
07/25/2007,HYA,MA,ANE,EN,Federal Contract Tower,0,20,36,0,56,0,319,94,0,413,0,339,130,0,469,18,0,18,487
07/26/2007,HYA,MA,ANE,EN,Federal Contract Tower,0,37,40,0,77,0,319,88,0,407,0,356,128,0,484,32,2,34,518
07/27/2007,HYA,MA,ANE,EN,Federal Contract Tower,0,298,114,0,412,0,36,25,0,61,0,334,139,0,473,12,0,12,485
07/28/2007,HYA,MA,ANE,EN,Federal Contract Tower,0,151,46,0,197,0,30,7,0,37,0,181,53,0,234,8,0,8,242
07/29/2007,HYA,MA,ANE,EN,Federal Contract Tower,0,170,57,0,227,0,29,11,0,40,0,199,68,0,267,10,4,14,281
07/30/2007,HYA,MA,ANE,EN,Federal Contract Tower,0,215,68,0,283,0,11,1,0,12,0,226,69,0,295,0,0,0,295
07/31/2007,HYA,MA,ANE,EN,Federal Contract Tower,0,167,47,0,214,0,88,16,0,104,0,255,63,0,318,0,0,0,318
08/01/2007,HYA,MA,ANE,EN,Federal Contract Tower,0,118,29,0,147,0,222,77,0,299,0,340,106,0,446,20,4,24,470
08/02/2007,HYA,MA,ANE,EN,Federal Contract Tower,0,40,19,0,59,0,323,85,0,408,0,363,104,0,467,21,0,21,488
08/03/2007,HYA,MA,ANE,EN,Federal Contract Tower,0,100,50,0,150,0,255,72,0,327,0,355,122,0,477,20,0,20,497
08/04/2007,HYA,MA,ANE,EN,Federal Contract Tower,0,176,33,0,209,0,85,32,0,117,0,261,65,0,326,34,0,34,360
08/05/2007,HYA,MA,ANE,EN,Federal Contract Tower,0,31,48,0,79,0,251,116,0,367,0,282,164,0,446,40,0,40,486
08/06/2007,HYA,MA,ANE,EN,Federal Contract Tower,0,91,34,0,125,0,217,37,0,254,0,308,71,0,379,6,0,6,385
08/07/2007,HYA,MA,ANE,EN,Federal Contract Tower,0,213,84,0,297,0,0,0,0,0,0,213,84,0,297,6,0,6,303
08/08/2007,HYA,MA,ANE,EN,Federal Contract Tower,0,107,61,0,168,0,126,24,0,150,0,233,85,0,318,0,0,0,318
08/09/2007,HYA,MA,ANE,EN,Federal Contract Tower,0,35,34,0,69,0,342,101,0,443,0,377,135,0,512,42,0,42,554
08/10/2007,HYA,MA,ANE,EN,Federal Contract Tower,0,50,43,0,93,0,337,42,2,381,0,387,85,2,474,10,0,10,484
08/11/2007,HYA,MA,ANE,EN,Federal Contract Tower,0,27,33,0,60,0,216,83,2,301,0,243,116,2,361,38,12,50,411
08/12/2007,HYA,MA,ANE,EN,Federal Contract Tower,0,50,29,0,79,0,279,71,0,350,0,329,100,0,429,52,0,52,481
08/13/2007,HYA,MA,ANE,EN,Federal Contract Tower,0,55,32,0,87,0,281,64,0,345,0,336,96,0,432,6,0,6,438
08/14/2007,HYA,MA,ANE,EN,Federal Contract Tower,0,30,31,0,61,0,355,87,0,442,0,385,118,0,503,26,0,26,529
08/15/2007,HYA,MA,ANE,EN,Federal Contract Tower,0,47,25,0,72,0,336,54,0,390,0,383,79,0,462,20,6,26,488
08/16/2007,HYA,MA,ANE,EN,Federal Contract Tower,0,171,67,0,238,0,203,70,0,273,0,374,137,0,511,12,0,12,523
08/17/2007,HYA,MA,ANE,EN,Federal Contract Tower,0,141,50,0,191,0,195,60,0,255,0,336,110,0,446,24,2,26,472
08/18/2007,HYA,MA,ANE,EN,Federal Contract Tower,0,29,20,0,49,0,223,68,0,291,0,252,88,0,340,28,4,32,372
08/19/2007,HYA,MA,ANE,EN,Federal Contract Tower,0,36,38,0,74,0,272,92,0,364,0,308,130,0,438,38,0,38,476
08/20/2007,HYA,MA,ANE,EN,Federal Contract Tower,0,41,30,0,71,0,341,83,0,424,0,382,113,0,495,28,0,28,523
08/21/2007,HYA,MA,ANE,EN,Federal Contract Tower,0,23,37,0,60,0,290,58,6,354,0,313,95,6,414,6,2,8,422
08/22/2007,HYA,MA,ANE,EN,Federal Contract Tower,0,33,39,0,72,0,336,108,0,444,0,369,147,0,516,24,0,24,540
08/23/2007,HYA,MA,ANE,EN,Federal Contract Tower,0,191,55,0,246,0,194,49,0,243,0,385,104,0,489,24,0,24,513
08/24/2007,HYA,MA,ANE,EN,Federal Contract Tower,0,164,52,2,218,0,145,47,0,192,0,309,99,2,410,26,0,26,436
08/25/2007,HYA,MA,ANE,EN,Federal Contract Tower,0,152,47,0,199,0,116,44,0,160,0,268,91,0,359,34,0,34,393
08/26/2007,HYA,MA,ANE,EN,Federal Contract Tower,0,72,28,0,100,0,206,66,0,272,0,278,94,0,372,38,0,38,410
08/27/2007,HYA,MA,ANE,EN,Federal Contract Tower,0,25,23,0,48,0,328,104,0,432,0,353,127,0,480,28,0,28,508
08/28/2007,HYA,MA,ANE,EN,Federal Contract Tower,0,44,24,0,68,0,299,87,0,386,0,343,111,0,454,26,0,26,480
08/29/2007,HYA,MA,ANE,EN,Federal Contract Tower,0,31,18,0,49,0,306,86,0,392,0,337,104,0,441,54,0,54,495
08/30/2007,HYA,MA,ANE,EN,Federal Contract Tower,0,93,24,0,117,0,275,100,0,375,0,368,124,0,492,50,0,50,542
08/31/2007,HYA,MA,ANE,EN,Federal Contract Tower,0,279,70,0,349,0,0,0,0,0,0,279,70,0,349,0,0,0,349
09/01/2007,HYA,MA,ANE,EN,Federal Contract Tower,0,14,22,0,36,0,228,64,0,292,0,242,86,0,328,26,0,26,354
09/02/2007,HYA,MA,ANE,EN,Federal Contract Tower,0,22,12,0,34,0,193,68,0,261,0,215,80,0,295,38,0,38,333
09/03/2007,HYA,MA,ANE,EN,Federal Contract Tower,0,28,28,0,56,0,310,59,0,369,0,338,87,0,425,32,2,34,459
09/04/2007,HYA,MA,ANE,EN,Federal Contract Tower,0,33,35,0,68,0,304,63,0,367,0,337,98,0,435,18,0,18,453
09/05/2007,HYA,MA,ANE,EN,Federal Contract Tower,0,27,15,0,42,0,310,70,0,380,0,337,85,0,422,28,10,38,460
09/06/2007,HYA,MA,ANE,EN,Federal Contract Tower,0,13,15,0,28,0,296,87,2,385,0,309,102,2,413,22,0,22,435
09/07/2007,HYA,MA,ANE,EN,Federal Contract Tower,0,21,40,0,61,0,307,81,2,390,0,328,121,2,451,4,4,8,459
09/08/2007,HYA,MA,ANE,EN,Federal Contract Tower,0,32,18,0,50,0,182,30,0,212,0,214,48,0,262,18,0,18,280
09/09/2007,HYA,MA,ANE,EN,Federal Contract Tower,0,137,39,0,176,0,109,15,0,124,0,246,54,0,300,0,0,0,300
09/10/2007,HYA,MA,ANE,EN,Federal Contract Tower,0,274,40,1,315,0,0,0,0,0,0,274,40,1,315,0,0,0,315
09/11/2007,HYA,MA,ANE,EN,Federal Contract Tower,0,252,18,0,270,0,0,0,0,0,0,252,18,0,270,0,0,0,270
09/12/2007,HYA,MA,ANE,EN,Federal Contract Tower,0,29,8,0,37,0,296,63,0,359,0,325,71,0,396,16,0,16,412
09/13/2007,HYA,MA,ANE,EN,Federal Contract Tower,0,17,28,0,45,0,277,93,0,370,0,294,121,0,415,26,0,26,441
09/14/2007,HYA,MA,ANE,EN,Federal Contract Tower,0,19,20,0,39,0,301,109,0,410,0,320,129,0,449,26,0,26,475
09/15/2007,HYA,MA,ANE,EN,Federal Contract Tower,0,115,39,0,154,0,71,27,0,98,0,186,66,0,252,0,0,0,252
09/16/2007,HYA,MA,ANE,EN,Federal Contract Tower,0,19,20,0,39,0,248,65,0,313,0,267,85,0,352,12,0,12,364
09/17/2007,HYA,MA,ANE,EN,Federal Contract Tower,0,31,5,0,36,0,292,64,0,356,0,323,69,0,392,28,0,28,420
09/18/2007,HYA,MA,ANE,EN,Federal Contract Tower,0,18,20,0,38,0,262,54,0,316,0,280,74,0,354,14,0,14,368
09/19/2007,HYA,MA,ANE,EN,Federal Contract Tower,0,271,40,0,311,0,10,0,0,10,0,281,40,0,321,2,0,2,323
09/20/2007,HYA,MA,ANE,EN,Federal Contract Tower,0,60,14,0,74,0,274,69,0,343,0,334,83,0,417,34,0,34,451
09/21/2007,HYA,MA,ANE,EN,Federal Contract Tower,0,189,58,0,247,0,82,40,0,122,0,271,98,0,369,0,0,0,369
09/22/2007,HYA,MA,ANE,EN,Federal Contract Tower,0,162,25,0,187,0,23,5,2,30,0,185,30,2,217,0,0,0,217
09/23/2007,HYA,MA,ANE,EN,Federal Contract Tower,0,22,22,0,44,0,230,52,4,286,0,252,74,4,330,6,0,6,336
09/24/2007,HYA,MA,ANE,EN,Federal Contract Tower,0,15,11,0,26,0,268,68,0,336,0,283,79,0,362,2,0,2,364
09/25/2007,HYA,MA,ANE,EN,Federal Contract Tower,0,16,6,0,22,0,270,53,0,323,0,286,59,0,345,14,0,14,359
09/26/2007,HYA,MA,ANE,EN,Federal Contract Tower,0,25,12,0,37,0,310,54,0,364,0,335,66,0,401,6,0,6,407
09/27/2007,HYA,MA,ANE,EN,Federal Contract Tower,0,208,38,0,246,0,32,4,0,36,0,240,42,0,282,0,0,0,282
09/28/2007,HYA,MA,ANE,EN,Federal Contract Tower,0,165,32,0,197,0,147,30,2,179,0,312,62,2,376,10,0,10,386
09/29/2007,HYA,MA,ANE,EN,Federal Contract Tower,0,9,12,0,21,0,226,58,0,284,0,235,70,0,305,26,0,26,331
09/30/2007,HYA,MA,ANE,EN,Federal Contract Tower,0,15,18,0,33,0,231,51,0,282,0,246,69,0,315,16,0,16,331
10/01/2007,HYA,MA,ANE,EN,Federal Contract Tower,0,16,14,0,30,0,248,54,0,302,0,264,68,0,332,0,0,0,332
10/02/2007,HYA,MA,ANE,EN,Federal Contract Tower,0,36,27,0,63,0,261,45,0,306,0,297,72,0,369,12,2,14,383
10/03/2007,HYA,MA,ANE,EN,Federal Contract Tower,0,202,36,0,238,0,1,0,0,1,0,203,36,0,239,0,0,0,239
10/04/2007,HYA,MA,ANE,EN,Federal Contract Tower,0,222,39,0,261,0,84,30,0,114,0,306,69,0,375,26,0,26,401
10/05/2007,HYA,MA,ANE,EN,Federal Contract Tower,0,128,35,0,163,0,168,46,0,214,0,296,81,0,377,12,0,12,389
10/06/2007,HYA,MA,ANE,EN,Federal Contract Tower,0,158,35,0,193,0,44,19,0,63,0,202,54,0,256,8,8,16,272
10/07/2007,HYA,MA,ANE,EN,Federal Contract Tower,0,70,20,0,90,0,112,10,0,122,0,182,30,0,212,2,0,2,214
10/08/2007,HYA,MA,ANE,EN,Federal Contract Tower,0,238,38,0,276,0,65,13,0,78,0,303,51,0,354,0,0,0,354
10/09/2007,HYA,MA,ANE,EN,Federal Contract Tower,0,11,12,0,23,0,267,55,0,322,0,278,67,0,345,26,0,26,371
10/10/2007,HYA,MA,ANE,EN,Federal Contract Tower,0,155,24,0,179,0,104,9,0,113,0,259,33,0,292,2,0,2,294
10/11/2007,HYA,MA,ANE,EN,Federal Contract Tower,0,263,34,0,297,0,0,0,0,0,0,263,34,0,297,0,0,0,297
10/12/2007,HYA,MA,ANE,EN,Federal Contract Tower,0,17,29,0,46,0,268,29,0,297,0,285,58,0,343,12,0,12,355
10/13/2007,HYA,MA,ANE,EN,Federal Contract Tower,0,8,15,0,23,0,141,44,0,185,0,149,59,0,208,0,6,6,214
10/14/2007,HYA,MA,ANE,EN,Federal Contract Tower,0,17,10,0,27,0,175,48,0,223,0,192,58,0,250,16,0,16,266
10/15/2007,HYA,MA,ANE,EN,Federal Contract Tower,0,16,15,0,31,0,262,65,0,327,0,278,80,0,358,4,0,4,362
10/16/2007,HYA,MA,ANE,EN,Federal Contract Tower,0,17,8,0,25,0,254,71,0,325,0,271,79,0,350,4,0,4,354
10/17/2007,HYA,MA,ANE,EN,Federal Contract Tower,0,17,17,0,34,0,270,55,0,325,0,287,72,0,359,12,0,12,371
10/18/2007,HYA,MA,ANE,EN,Federal Contract Tower,0,201,35,0,236,0,49,25,0,74,0,250,60,0,310,2,0,2,312
10/19/2007,HYA,MA,ANE,EN,Federal Contract Tower,0,137,29,0,166,0,166,5,0,171,0,303,34,0,337,0,0,0,337
10/20/2007,HYA,MA,ANE,EN,Federal Contract Tower,0,17,11,0,28,0,167,14,0,181,0,184,25,0,209,14,0,14,223
10/21/2007,HYA,MA,ANE,EN,Federal Contract Tower,0,11,5,0,16,0,206,52,0,258,0,217,57,0,274,12,0,12,286
10/22/2007,HYA,MA,ANE,EN,Federal Contract Tower,0,9,5,0,14,0,267,47,0,314,0,276,52,0,328,6,4,10,338
10/23/2007,HYA,MA,ANE,EN,Federal Contract Tower,0,29,1,0,30,0,207,23,0,230,0,236,24,0,260,4,2,6,266
10/24/2007,HYA,MA,ANE,EN,Federal Contract Tower,0,98,27,0,125,0,181,13,0,194,0,279,40,0,319,2,4,6,325
10/25/2007,HYA,MA,ANE,EN,Federal Contract Tower,0,79,17,0,96,0,214,29,0,243,0,293,46,0,339,8,4,12,351
10/26/2007,HYA,MA,ANE,EN,Federal Contract Tower,0,41,4,0,45,0,263,53,0,316,0,304,57,0,361,2,0,2,363
10/27/2007,HYA,MA,ANE,EN,Federal Contract Tower,0,126,19,0,145,0,22,1,0,23,0,148,20,0,168,0,0,0,168
10/28/2007,HYA,MA,ANE,EN,Federal Contract Tower,0,12,6,0,18,0,184,33,0,217,0,196,39,0,235,2,0,2,237
10/29/2007,HYA,MA,ANE,EN,Federal Contract Tower,0,10,7,0,17,0,265,58,0,323,0,275,65,0,340,12,2,14,354
10/30/2007,HYA,MA,ANE,EN,Federal Contract Tower,0,12,6,0,18,0,265,59,0,324,0,277,65,0,342,6,0,6,348
10/31/2007,HYA,MA,ANE,EN,Federal Contract Tower,0,11,8,0,19,0,251,47,0,298,0,262,55,0,317,12,6,18,335
11/01/2007,HYA,MA,ANE,EN,Federal Contract Tower,0,16,10,0,26,0,270,35,0,305,0,286,45,0,331,4,0,4,335
11/02/2007,HYA,MA,ANE,EN,Federal Contract Tower,0,14,17,0,31,0,301,46,0,347,0,315,63,0,378,12,0,12,390
11/03/2007,HYA,MA,ANE,EN,Federal Contract Tower,0,8,0,0,8,0,0,0,0,0,0,8,0,0,8,0,0,0,8
11/04/2007,HYA,MA,ANE,EN,Federal Contract Tower,0,6,12,0,18,0,181,33,0,214,0,187,45,0,232,22,6,28,260
11/05/2007,HYA,MA,ANE,EN,Federal Contract Tower,0,10,16,0,26,0,259,73,0,332,0,269,89,0,358,28,3,31,389
11/06/2007,HYA,MA,ANE,EN,Federal Contract Tower,0,58,14,0,72,0,186,14,0,200,0,244,28,0,272,4,0,4,276
11/07/2007,HYA,MA,ANE,EN,Federal Contract Tower,0,16,10,0,26,0,256,48,0,304,0,272,58,0,330,8,0,8,338
11/08/2007,HYA,MA,ANE,EN,Federal Contract Tower,0,9,7,0,16,0,281,38,0,319,0,290,45,0,335,20,6,26,361
11/09/2007,HYA,MA,ANE,EN,Federal Contract Tower,0,8,15,0,23,0,281,59,0,340,0,289,74,0,363,4,0,4,367
11/10/2007,HYA,MA,ANE,EN,Federal Contract Tower,0,8,5,0,13,0,171,31,0,202,0,179,36,0,215,0,0,0,215
11/11/2007,HYA,MA,ANE,EN,Federal Contract Tower,0,11,16,0,27,0,177,37,0,214,0,188,53,0,241,8,4,12,253
11/12/2007,HYA,MA,ANE,EN,Federal Contract Tower,0,5,12,0,17,0,233,48,0,281,0,238,60,0,298,14,2,16,314
11/13/2007,HYA,MA,ANE,EN,Federal Contract Tower,0,105,19,0,124,0,167,25,0,192,0,272,44,0,316,10,0,10,326
11/14/2007,HYA,MA,ANE,EN,Federal Contract Tower,0,18,14,0,32,0,198,32,0,230,0,216,46,0,262,4,0,4,266
11/15/2007,HYA,MA,ANE,EN,Federal Contract Tower,0,57,1,0,58,0,207,22,0,229,0,264,23,0,287,0,0,0,287
11/16/2007,HYA,MA,ANE,EN,Federal Contract Tower,0,34,15,0,49,0,227,30,0,257,0,261,45,0,306,0,0,0,306
11/17/2007,HYA,MA,ANE,EN,Federal Contract Tower,0,10,13,0,23,0,170,41,0,211,0,180,54,0,234,4,0,4,238
11/18/2007,HYA,MA,ANE,EN,Federal Contract Tower,0,16,5,0,21,0,158,51,0,209,0,174,56,0,230,4,0,4,234
11/19/2007,HYA,MA,ANE,EN,Federal Contract Tower,0,14,7,0,21,0,243,49,0,292,0,257,56,0,313,4,0,4,317
11/20/2007,HYA,MA,ANE,EN,Federal Contract Tower,0,43,17,0,60,0,259,32,0,291,0,302,49,0,351,4,0,4,355
11/21/2007,HYA,MA,ANE,EN,Federal Contract Tower,0,221,30,0,251,0,121,7,0,128,0,342,37,0,379,0,0,0,379
11/22/2007,HYA,MA,ANE,EN,Federal Contract Tower,0,18,6,0,24,0,116,4,0,120,0,134,10,0,144,0,0,0,144
11/23/2007,HYA,MA,ANE,EN,Federal Contract Tower,0,10,9,0,19,0,235,51,0,286,0,245,60,0,305,16,0,16,321
11/24/2007,HYA,MA,ANE,EN,Federal Contract Tower,0,7,13,0,20,0,199,38,0,237,0,206,51,0,257,14,2,16,273
11/25/2007,HYA,MA,ANE,EN,Federal Contract Tower,0,20,17,0,37,0,247,50,0,297,0,267,67,0,334,14,0,14,348
11/26/2007,HYA,MA,ANE,EN,Federal Contract Tower,0,135,14,0,149,0,10,4,0,14,0,145,18,0,163,0,0,0,163
11/27/2007,HYA,MA,ANE,EN,Federal Contract Tower,0,68,10,0,78,0,185,26,0,211,0,253,36,0,289,8,0,8,297
11/28/2007,HYA,MA,ANE,EN,Federal Contract Tower,0,8,8,0,16,0,257,46,0,303,0,265,54,0,319,20,2,22,341
11/29/2007,HYA,MA,ANE,EN,Federal Contract Tower,0,14,14,0,28,0,262,27,0,289,0,276,41,0,317,24,4,28,345
11/30/2007,HYA,MA,ANE,EN,Federal Contract Tower,0,12,17,0,29,0,369,66,0,435,0,381,83,0,464,10,0,10,474
12/01/2007,HYA,MA,ANE,EN,Federal Contract Tower,0,3,4,0,7,0,170,42,0,212,0,173,46,0,219,10,2,12,231
12/02/2007,HYA,MA,ANE,EN,Federal Contract Tower,0,13,8,0,21,0,277,30,0,307,0,290,38,0,328,4,0,4,332
12/03/2007,HYA,MA,ANE,EN,Federal Contract Tower,0,188,18,0,206,0,32,0,0,32,0,220,18,0,238,0,0,0,238
12/04/2007,HYA,MA,ANE,EN,Federal Contract Tower,0,5,4,0,9,0,241,11,0,252,0,246,15,0,261,0,0,0,261
12/05/2007,HYA,MA,ANE,EN,Federal Contract Tower,0,26,10,0,36,0,217,39,0,256,0,243,49,0,292,4,0,4,296
12/06/2007,HYA,MA,ANE,EN,Federal Contract Tower,0,9,10,0,19,0,244,43,0,287,0,253,53,0,306,8,0,8,314
12/07/2007,HYA,MA,ANE,EN,Federal Contract Tower,0,84,15,0,99,0,198,19,0,217,0,282,34,0,316,8,0,8,324
12/08/2007,HYA,MA,ANE,EN,Federal Contract Tower,0,3,5,0,8,0,156,35,0,191,0,159,40,0,199,32,0,32,231
12/09/2007,HYA,MA,ANE,EN,Federal Contract Tower,0,8,7,0,15,0,173,41,0,214,0,181,48,0,229,4,0,4,233
12/10/2007,HYA,MA,ANE,EN,Federal Contract Tower,0,212,18,0,230,0,53,4,0,57,0,265,22,0,287,0,0,0,287
12/11/2007,HYA,MA,ANE,EN,Federal Contract Tower,0,12,7,0,19,0,254,40,0,294,0,266,47,0,313,14,2,16,329
12/12/2007,HYA,MA,ANE,EN,Federal Contract Tower,0,90,19,0,109,0,162,16,1,179,0,252,35,1,288,24,2,26,314
12/13/2007,HYA,MA,ANE,EN,Federal Contract Tower,0,43,5,0,48,0,102,13,0,115,0,145,18,0,163,0,0,0,163
12/14/2007,HYA,MA,ANE,EN,Federal Contract Tower,0,59,22,0,81,0,197,30,0,227,0,256,52,0,308,0,0,0,308
12/15/2007,HYA,MA,ANE,EN,Federal Contract Tower,0,5,8,0,13,0,175,21,0,196,0,180,29,0,209,4,0,4,213
12/16/2007,HYA,MA,ANE,EN,Federal Contract Tower,0,1,0,0,1,0,0,0,0,0,0,1,0,0,1,0,0,0,1
12/17/2007,HYA,MA,ANE,EN,Federal Contract Tower,0,18,4,0,22,0,268,25,0,293,0,286,29,0,315,0,0,0,315
12/18/2007,HYA,MA,ANE,EN,Federal Contract Tower,0,7,0,0,7,0,258,44,0,302,0,265,44,0,309,12,0,12,321
12/19/2007,HYA,MA,ANE,EN,Federal Contract Tower,0,10,7,0,17,0,262,35,0,297,0,272,42,0,314,10,0,10,324
12/20/2007,HYA,MA,ANE,EN,Federal Contract Tower,0,171,20,0,191,0,49,4,0,53,0,220,24,0,244,0,0,0,244
12/21/2007,HYA,MA,ANE,EN,Federal Contract Tower,0,17,15,0,32,0,294,23,0,317,0,311,38,0,349,8,0,8,357
12/22/2007,HYA,MA,ANE,EN,Federal Contract Tower,0,6,12,0,18,0,203,31,0,234,0,209,43,0,252,18,0,18,270
12/23/2007,HYA,MA,ANE,EN,Federal Contract Tower,0,2,2,0,4,0,149,8,0,157,0,151,10,0,161,6,0,6,167
12/24/2007,HYA,MA,ANE,EN,Federal Contract Tower,0,6,2,0,8,0,151,13,0,164,0,157,15,0,172,0,0,0,172
12/25/2007,HYA,MA,ANE,EN,Federal Contract Tower,0,4,1,0,5,0,107,14,0,121,0,111,15,0,126,10,0,10,136
12/26/2007,HYA,MA,ANE,EN,Federal Contract Tower,0,5,10,0,15,0,214,49,0,263,0,219,59,0,278,8,0,8,286
12/27/2007,HYA,MA,ANE,EN,Federal Contract Tower,0,226,25,0,251,0,2,0,0,2,0,228,25,0,253,0,0,0,253
12/28/2007,HYA,MA,ANE,EN,Federal Contract Tower,0,13,7,0,20,0,223,60,0,283,0,236,67,0,303,2,0,2,305
12/29/2007,HYA,MA,ANE,EN,Federal Contract Tower,0,78,5,0,83,0,64,11,0,75,0,142,16,0,158,0,0,0,158
12/30/2007,HYA,MA,ANE,EN,Federal Contract Tower,0,18,1,0,19,0,146,28,0,174,0,164,29,0,193,4,0,4,197
12/31/2007,HYA,MA,ANE,EN,Federal Contract Tower,0,64,13,0,77,0,109,15,0,124,0,173,28,0,201,0,0,0,201
01/01/2008,HYA,MA,ANE,EN,Federal Contract Tower,0,41,7,0,48,0,101,12,0,113,0,142,19,0,161,6,0,6,167
01/02/2008,HYA,MA,ANE,EN,Federal Contract Tower,0,48,8,0,56,0,215,32,0,247,0,263,40,0,303,10,4,14,317
01/03/2008,HYA,MA,ANE,EN,Federal Contract Tower,0,87,17,0,104,0,132,18,0,150,0,219,35,0,254,0,0,0,254
01/04/2008,HYA,MA,ANE,EN,Federal Contract Tower,0,19,8,0,27,0,226,41,0,267,0,245,49,0,294,16,0,16,310
01/05/2008,HYA,MA,ANE,EN,Federal Contract Tower,0,5,5,0,10,0,157,40,0,197,0,162,45,0,207,18,0,18,225
01/06/2008,HYA,MA,ANE,EN,Federal Contract Tower,0,7,7,0,14,0,135,30,0,165,0,142,37,0,179,8,0,8,187
01/07/2008,HYA,MA,ANE,EN,Federal Contract Tower,0,29,10,0,39,0,228,43,0,271,0,257,53,0,310,4,0,4,314
01/08/2008,HYA,MA,ANE,EN,Federal Contract Tower,0,7,12,0,19,0,245,60,0,305,0,252,72,0,324,14,2,16,340
01/09/2008,HYA,MA,ANE,EN,Federal Contract Tower,0,111,10,0,121,0,59,1,0,60,0,170,11,0,181,0,0,0,181
01/10/2008,HYA,MA,ANE,EN,Federal Contract Tower,0,7,17,0,24,0,271,70,0,341,0,278,87,0,365,36,0,36,401
01/11/2008,HYA,MA,ANE,EN,Federal Contract Tower,0,123,10,2,135,0,86,6,0,92,0,209,16,2,227,0,0,0,227
01/12/2008,HYA,MA,ANE,EN,Federal Contract Tower,0,5,12,0,17,0,147,46,0,193,0,152,58,0,210,20,0,20,230
01/13/2008,HYA,MA,ANE,EN,Federal Contract Tower,0,3,8,0,11,0,139,34,0,173,0,142,42,0,184,4,0,4,188
01/14/2008,HYA,MA,ANE,EN,Federal Contract Tower,0,128,16,0,144,0,5,1,0,6,0,133,17,0,150,0,0,0,150
01/15/2008,HYA,MA,ANE,EN,Federal Contract Tower,0,6,7,0,13,0,239,28,0,267,0,245,35,0,280,6,0,6,286
01/16/2008,HYA,MA,ANE,EN,Federal Contract Tower,0,8,4,0,12,0,241,50,2,293,0,249,54,2,305,18,2,20,325
01/17/2008,HYA,MA,ANE,EN,Federal Contract Tower,0,8,8,0,16,0,246,52,0,298,0,254,60,0,314,18,0,18,332
01/18/2008,HYA,MA,ANE,EN,Federal Contract Tower,0,102,11,0,113,0,147,15,0,162,0,249,26,0,275,0,0,0,275
01/19/2008,HYA,MA,ANE,EN,Federal Contract Tower,0,2,7,0,9,0,143,48,0,191,0,145,55,0,200,40,0,40,240
01/20/2008,HYA,MA,ANE,EN,Federal Contract Tower,0,21,3,0,24,0,120,8,0,128,0,141,11,0,152,2,0,2,154
01/21/2008,HYA,MA,ANE,EN,Federal Contract Tower,0,18,8,0,26,0,224,30,0,254,0,242,38,0,280,2,0,2,282
01/22/2008,HYA,MA,ANE,EN,Federal Contract Tower,0,76,16,0,92,0,184,24,0,208,0,260,40,0,300,8,0,8,308
01/23/2008,HYA,MA,ANE,EN,Federal Contract Tower,0,7,4,0,11,0,241,54,0,295,0,248,58,0,306,30,0,30,336
01/24/2008,HYA,MA,ANE,EN,Federal Contract Tower,0,25,1,0,26,0,262,69,0,331,0,287,70,0,357,30,2,32,389
01/25/2008,HYA,MA,ANE,EN,Federal Contract Tower,0,8,8,0,16,0,311,64,0,375,0,319,72,0,391,30,0,30,421
01/26/2008,HYA,MA,ANE,EN,Federal Contract Tower,0,8,6,0,14,0,170,70,0,240,0,178,76,0,254,44,0,44,298
01/27/2008,HYA,MA,ANE,EN,Federal Contract Tower,0,21,9,0,30,0,59,12,0,71,0,80,21,0,101,8,0,8,109
01/28/2008,HYA,MA,ANE,EN,Federal Contract Tower,0,3,2,0,5,0,139,8,0,147,0,142,10,0,152,0,0,0,152
01/29/2008,HYA,MA,ANE,EN,Federal Contract Tower,0,13,6,0,19,0,285,80,0,365,0,298,86,0,384,30,0,30,414
01/30/2008,HYA,MA,ANE,EN,Federal Contract Tower,0,47,11,0,58,0,239,47,0,286,0,286,58,0,344,20,0,20,364
01/31/2008,HYA,MA,ANE,EN,Federal Contract Tower,0,9,3,0,12,0,280,71,3,354,0,289,74,3,366,34,0,34,400
02/01/2008,HYA,MA,ANE,EN,Federal Contract Tower,0,122,12,0,134,0,173,43,0,216,0,295,55,0,350,2,0,2,352
02/02/2008,HYA,MA,ANE,EN,Federal Contract Tower,0,7,4,0,11,0,202,38,0,240,0,209,42,0,251,20,0,20,271
02/03/2008,HYA,MA,ANE,EN,Federal Contract Tower,0,3,3,0,6,0,175,61,0,236,0,178,64,0,242,38,0,38,280
02/04/2008,HYA,MA,ANE,EN,Federal Contract Tower,0,9,9,0,18,0,218,45,0,263,0,227,54,0,281,20,0,20,301
02/05/2008,HYA,MA,ANE,EN,Federal Contract Tower,0,154,13,0,167,0,48,8,0,56,0,202,21,0,223,0,0,0,223
02/06/2008,HYA,MA,ANE,EN,Federal Contract Tower,0,173,19,0,192,0,0,0,0,0,0,173,19,0,192,0,0,0,192
02/07/2008,HYA,MA,ANE,EN,Federal Contract Tower,0,199,13,0,212,0,48,6,0,54,0,247,19,0,266,2,0,2,268
02/08/2008,HYA,MA,ANE,EN,Federal Contract Tower,0,82,12,0,94,0,193,17,0,210,0,275,29,0,304,4,0,4,308
02/09/2008,HYA,MA,ANE,EN,Federal Contract Tower,0,7,0,0,7,0,155,47,0,202,0,162,47,0,209,50,0,50,259
02/10/2008,HYA,MA,ANE,EN,Federal Contract Tower,0,16,3,0,19,0,131,4,0,135,0,147,7,0,154,4,0,4,158
02/11/2008,HYA,MA,ANE,EN,Federal Contract Tower,0,8,4,0,12,0,229,22,0,251,0,237,26,0,263,0,2,2,265
02/12/2008,HYA,MA,ANE,EN,Federal Contract Tower,0,9,8,0,17,0,242,53,0,295,0,251,61,0,312,22,0,22,334
02/13/2008,HYA,MA,ANE,EN,Federal Contract Tower,0,81,5,0,86,0,75,6,0,81,0,156,11,0,167,0,0,0,167
02/14/2008,HYA,MA,ANE,EN,Federal Contract Tower,0,11,5,0,16,0,260,58,2,320,0,271,63,2,336,4,0,4,340
02/15/2008,HYA,MA,ANE,EN,Federal Contract Tower,0,11,6,0,17,0,309,52,0,361,0,320,58,0,378,0,0,0,378
02/16/2008,HYA,MA,ANE,EN,Federal Contract Tower,0,3,2,0,5,0,221,66,0,287,0,224,68,0,292,10,0,10,302
02/17/2008,HYA,MA,ANE,EN,Federal Contract Tower,0,3,5,0,8,0,200,50,0,250,0,203,55,0,258,48,0,48,306
02/18/2008,HYA,MA,ANE,EN,Federal Contract Tower,0,34,16,0,50,0,92,13,0,105,0,126,29,0,155,0,0,0,155
02/19/2008,HYA,MA,ANE,EN,Federal Contract Tower,0,2,8,0,10,0,282,55,0,337,0,284,63,0,347,22,0,22,369
02/20/2008,HYA,MA,ANE,EN,Federal Contract Tower,0,2,6,0,8,0,263,50,0,313,0,265,56,0,321,8,8,16,337
02/21/2008,HYA,MA,ANE,EN,Federal Contract Tower,0,5,8,0,13,0,274,64,0,338,0,279,72,0,351,24,0,24,375
02/22/2008,HYA,MA,ANE,EN,Federal Contract Tower,0,82,11,0,93,0,5,1,0,6,0,87,12,0,99,0,0,0,99
02/23/2008,HYA,MA,ANE,EN,Federal Contract Tower,0,62,6,0,68,0,117,26,0,143,0,179,32,0,211,0,0,0,211
02/24/2008,HYA,MA,ANE,EN,Federal Contract Tower,0,6,3,0,9,0,176,74,0,250,0,182,77,0,259,52,0,52,311
02/25/2008,HYA,MA,ANE,EN,Federal Contract Tower,0,8,11,0,19,0,260,61,0,321,0,268,72,0,340,20,0,20,360
02/26/2008,HYA,MA,ANE,EN,Federal Contract Tower,0,27,5,0,32,0,234,46,0,280,0,261,51,0,312,6,0,6,318
02/27/2008,HYA,MA,ANE,EN,Federal Contract Tower,0,118,8,0,126,0,150,26,0,176,0,268,34,0,302,2,4,6,308
02/28/2008,HYA,MA,ANE,EN,Federal Contract Tower,0,12,8,0,20,0,246,42,0,288,0,258,50,0,308,0,4,4,312
02/29/2008,HYA,MA,ANE,EN,Federal Contract Tower,0,4,7,0,11,0,261,61,0,322,0,265,68,0,333,12,0,12,345
03/01/2008,HYA,MA,ANE,EN,Federal Contract Tower,0,52,6,0,58,0,100,9,0,109,0,152,15,0,167,2,0,2,169
03/02/2008,HYA,MA,ANE,EN,Federal Contract Tower,0,0,7,0,7,0,170,23,0,193,0,170,30,0,200,4,0,4,204
03/03/2008,HYA,MA,ANE,EN,Federal Contract Tower,0,7,5,0,12,0,265,61,0,326,0,272,66,0,338,4,0,4,342
03/04/2008,HYA,MA,ANE,EN,Federal Contract Tower,0,29,8,0,37,0,227,19,0,246,0,256,27,0,283,24,0,24,307
03/05/2008,HYA,MA,ANE,EN,Federal Contract Tower,0,61,5,0,66,0,156,16,0,172,0,217,21,0,238,0,0,0,238
03/06/2008,HYA,MA,ANE,EN,Federal Contract Tower,0,5,8,0,13,0,284,80,2,366,0,289,88,2,379,6,2,8,387
03/07/2008,HYA,MA,ANE,EN,Federal Contract Tower,0,34,11,0,45,0,245,43,6,294,0,279,54,6,339,12,4,16,355
03/08/2008,HYA,MA,ANE,EN,Federal Contract Tower,0,22,6,0,28,0,0,0,0,0,0,22,6,0,28,0,0,0,28
03/09/2008,HYA,MA,ANE,EN,Federal Contract Tower,0,2,3,0,5,0,152,4,0,156,0,154,7,0,161,0,0,0,161
03/10/2008,HYA,MA,ANE,EN,Federal Contract Tower,0,6,3,0,9,0,264,59,0,323,0,270,62,0,332,12,0,12,344
03/11/2008,HYA,MA,ANE,EN,Federal Contract Tower,0,4,0,2,6,0,250,58,0,308,0,254,58,2,314,10,2,12,326
03/12/2008,HYA,MA,ANE,EN,Federal Contract Tower,0,14,3,0,17,0,274,36,0,310,0,288,39,0,327,8,2,10,337
03/13/2008,HYA,MA,ANE,EN,Federal Contract Tower,0,2,11,0,13,0,297,70,0,367,0,299,81,0,380,20,2,22,402
03/14/2008,HYA,MA,ANE,EN,Federal Contract Tower,0,9,4,0,13,0,294,58,3,355,0,303,62,3,368,8,0,8,376
03/15/2008,HYA,MA,ANE,EN,Federal Contract Tower,0,93,7,0,100,0,46,6,0,52,0,139,13,0,152,0,0,0,152
03/16/2008,HYA,MA,ANE,EN,Federal Contract Tower,0,6,3,0,9,0,142,7,0,149,0,148,10,0,158,0,2,2,160
03/17/2008,HYA,MA,ANE,EN,Federal Contract Tower,0,14,6,0,20,0,297,43,0,340,0,311,49,0,360,8,0,8,368
03/18/2008,HYA,MA,ANE,EN,Federal Contract Tower,0,5,4,0,9,0,251,57,0,308,0,256,61,0,317,62,0,62,379
03/19/2008,HYA,MA,ANE,EN,Federal Contract Tower,0,153,14,0,167,0,63,10,0,73,0,216,24,0,240,0,0,0,240
03/20/2008,HYA,MA,ANE,EN,Federal Contract Tower,0,132,25,0,157,0,131,16,0,147,0,263,41,0,304,6,0,6,310
03/21/2008,HYA,MA,ANE,EN,Federal Contract Tower,0,8,1,0,9,0,291,29,0,320,0,299,30,0,329,0,0,0,329
03/22/2008,HYA,MA,ANE,EN,Federal Contract Tower,0,7,3,0,10,0,155,59,0,214,0,162,62,0,224,18,0,18,242
03/23/2008,HYA,MA,ANE,EN,Federal Contract Tower,0,2,3,0,5,0,152,49,0,201,0,154,52,0,206,6,2,8,214
03/24/2008,HYA,MA,ANE,EN,Federal Contract Tower,0,10,9,0,19,0,266,74,0,340,0,276,83,0,359,44,0,44,403
03/25/2008,HYA,MA,ANE,EN,Federal Contract Tower,0,11,4,0,15,0,238,48,0,286,0,249,52,0,301,30,0,30,331
03/26/2008,HYA,MA,ANE,EN,Federal Contract Tower,0,7,3,0,10,0,261,29,0,290,0,268,32,0,300,4,2,6,306
03/27/2008,HYA,MA,ANE,EN,Federal Contract Tower,0,2,11,0,13,0,283,42,0,325,0,285,53,0,338,0,0,0,338
03/28/2008,HYA,MA,ANE,EN,Federal Contract Tower,0,153,16,0,169,0,149,25,3,177,0,302,41,3,346,0,0,0,346
03/29/2008,HYA,MA,ANE,EN,Federal Contract Tower,0,1,8,0,9,0,196,45,0,241,0,197,53,0,250,46,0,46,296
03/30/2008,HYA,MA,ANE,EN,Federal Contract Tower,0,2,5,0,7,0,205,66,0,271,0,207,71,0,278,60,0,60,338
03/31/2008,HYA,MA,ANE,EN,Federal Contract Tower,0,15,4,0,19,0,260,39,0,299,0,275,43,0,318,2,0,2,320
04/01/2008,HYA,MA,ANE,EN,Federal Contract Tower,0,141,16,0,157,0,114,9,0,123,0,255,25,0,280,2,0,2,282
04/02/2008,HYA,MA,ANE,EN,Federal Contract Tower,0,3,15,0,18,0,297,51,2,350,0,300,66,2,368,8,6,14,382
04/03/2008,HYA,MA,ANE,EN,Federal Contract Tower,0,3,14,0,17,0,293,74,4,371,0,296,88,4,388,16,0,16,404
04/04/2008,HYA,MA,ANE,EN,Federal Contract Tower,0,113,17,0,130,0,66,26,0,92,0,179,43,0,222,0,0,0,222
04/05/2008,HYA,MA,ANE,EN,Federal Contract Tower,0,114,31,0,145,0,74,23,0,97,0,188,54,0,242,0,0,0,242
04/06/2008,HYA,MA,ANE,EN,Federal Contract Tower,0,110,8,0,118,0,91,22,0,113,0,201,30,0,231,0,0,0,231
04/07/2008,HYA,MA,ANE,EN,Federal Contract Tower,0,174,28,0,202,0,135,21,0,156,0,309,49,0,358,16,0,16,374
04/08/2008,HYA,MA,ANE,EN,Federal Contract Tower,0,29,7,0,36,0,248,83,0,331,0,277,90,0,367,32,2,34,401
04/09/2008,HYA,MA,ANE,EN,Federal Contract Tower,0,38,11,0,49,0,250,56,2,308,0,288,67,2,357,42,0,42,399
04/10/2008,HYA,MA,ANE,EN,Federal Contract Tower,0,112,23,0,135,0,158,19,0,177,0,270,42,0,312,2,2,4,316
04/11/2008,HYA,MA,ANE,EN,Federal Contract Tower,0,6,6,0,12,0,276,42,0,318,0,282,48,0,330,8,0,8,338
04/12/2008,HYA,MA,ANE,EN,Federal Contract Tower,0,99,11,0,110,0,13,1,0,14,0,112,12,0,124,0,0,0,124
04/13/2008,HYA,MA,ANE,EN,Federal Contract Tower,0,4,5,0,9,0,153,25,2,180,0,157,30,2,189,36,4,40,229
04/14/2008,HYA,MA,ANE,EN,Federal Contract Tower,0,5,7,0,12,0,271,41,0,312,0,276,48,0,324,30,0,30,354
04/15/2008,HYA,MA,ANE,EN,Federal Contract Tower,0,10,18,0,28,0,266,62,0,328,0,276,80,0,356,8,2,10,366
04/16/2008,HYA,MA,ANE,EN,Federal Contract Tower,0,7,11,0,18,0,279,87,0,366,0,286,98,0,384,32,2,34,418
04/17/2008,HYA,MA,ANE,EN,Federal Contract Tower,0,8,10,0,18,0,307,67,0,374,0,315,77,0,392,20,0,20,412
04/18/2008,HYA,MA,ANE,EN,Federal Contract Tower,0,17,12,0,29,0,313,80,0,393,0,330,92,0,422,6,0,6,428
04/19/2008,HYA,MA,ANE,EN,Federal Contract Tower,0,1,12,0,13,0,165,66,0,231,0,166,78,0,244,24,0,24,268
04/20/2008,HYA,MA,ANE,EN,Federal Contract Tower,0,13,14,0,27,0,159,36,0,195,0,172,50,0,222,28,0,28,250
04/21/2008,HYA,MA,ANE,EN,Federal Contract Tower,0,5,2,0,7,0,250,53,0,303,0,255,55,0,310,12,0,12,322
04/22/2008,HYA,MA,ANE,EN,Federal Contract Tower,0,50,7,0,57,0,230,49,0,279,0,280,56,0,336,20,10,30,366
04/23/2008,HYA,MA,ANE,EN,Federal Contract Tower,0,32,11,0,43,0,229,34,0,263,0,261,45,0,306,16,0,16,322
04/24/2008,HYA,MA,ANE,EN,Federal Contract Tower,0,5,13,0,18,0,312,55,0,367,0,317,68,0,385,14,0,14,399
04/25/2008,HYA,MA,ANE,EN,Federal Contract Tower,0,22,13,0,35,0,310,71,0,381,0,332,84,0,416,12,0,12,428
04/26/2008,HYA,MA,ANE,EN,Federal Contract Tower,0,7,8,0,15,0,163,44,0,207,0,170,52,0,222,8,0,8,230
04/27/2008,HYA,MA,ANE,EN,Federal Contract Tower,0,170,14,0,184,0,107,1,0,108,0,277,15,0,292,4,0,4,296
04/28/2008,HYA,MA,ANE,EN,Federal Contract Tower,0,38,12,0,50,0,244,17,0,261,0,282,29,0,311,0,0,0,311
04/29/2008,HYA,MA,ANE,EN,Federal Contract Tower,0,161,16,0,177,0,96,7,0,103,0,257,23,0,280,0,0,0,280
04/30/2008,HYA,MA,ANE,EN,Federal Contract Tower,0,12,7,0,19,0,282,48,0,330,0,294,55,0,349,12,0,12,361
05/01/2008,HYA,MA,ANE,EN,Federal Contract Tower,0,7,11,0,18,0,315,59,0,374,0,322,70,0,392,17,0,17,409
05/02/2008,HYA,MA,ANE,EN,Federal Contract Tower,0,117,29,0,146,0,186,20,0,206,0,303,49,0,352,0,0,0,352
05/03/2008,HYA,MA,ANE,EN,Federal Contract Tower,0,34,7,0,41,0,113,16,0,129,0,147,23,0,170,24,2,26,196
05/04/2008,HYA,MA,ANE,EN,Federal Contract Tower,0,145,13,0,158,0,0,0,0,0,0,145,13,0,158,0,0,0,158
05/05/2008,HYA,MA,ANE,EN,Federal Contract Tower,0,115,25,0,140,0,130,46,0,176,0,245,71,0,316,2,2,4,320
05/06/2008,HYA,MA,ANE,EN,Federal Contract Tower,0,15,2,0,17,0,278,71,0,349,0,293,73,0,366,44,2,46,412
05/07/2008,HYA,MA,ANE,EN,Federal Contract Tower,0,12,5,0,17,0,279,55,0,334,0,291,60,0,351,24,2,26,377
05/08/2008,HYA,MA,ANE,EN,Federal Contract Tower,0,146,19,0,165,0,154,17,0,171,0,300,36,0,336,6,0,6,342
05/09/2008,HYA,MA,ANE,EN,Federal Contract Tower,0,93,20,0,113,0,227,46,0,273,0,320,66,0,386,20,0,20,406
05/10/2008,HYA,MA,ANE,EN,Federal Contract Tower,0,70,15,0,85,0,119,26,0,145,0,189,41,0,230,14,0,14,244
05/11/2008,HYA,MA,ANE,EN,Federal Contract Tower,0,11,3,0,14,0,222,45,0,267,0,233,48,0,281,48,0,48,329
05/12/2008,HYA,MA,ANE,EN,Federal Contract Tower,0,23,4,0,27,0,296,50,0,346,0,319,54,0,373,28,0,28,401
05/13/2008,HYA,MA,ANE,EN,Federal Contract Tower,0,16,7,0,23,0,325,49,0,374,0,341,56,0,397,14,0,14,411
05/14/2008,HYA,MA,ANE,EN,Federal Contract Tower,0,9,5,0,14,0,286,74,0,360,0,295,79,0,374,20,0,20,394
05/15/2008,HYA,MA,ANE,EN,Federal Contract Tower,0,18,18,0,36,0,287,76,0,363,0,305,94,0,399,24,0,24,423
05/16/2008,HYA,MA,ANE,EN,Federal Contract Tower,0,16,20,0,36,0,315,45,0,360,0,331,65,0,396,6,0,6,402
05/17/2008,HYA,MA,ANE,EN,Federal Contract Tower,0,38,14,0,52,0,149,42,2,193,0,187,56,2,245,2,10,12,257
05/18/2008,HYA,MA,ANE,EN,Federal Contract Tower,0,42,7,0,49,0,214,47,0,261,0,256,54,0,310,22,0,22,332
05/19/2008,HYA,MA,ANE,EN,Federal Contract Tower,0,45,9,0,54,0,255,31,0,286,0,300,40,0,340,10,2,12,352
05/20/2008,HYA,MA,ANE,EN,Federal Contract Tower,0,60,13,0,73,0,220,35,0,255,0,280,48,0,328,8,0,8,336
05/21/2008,HYA,MA,ANE,EN,Federal Contract Tower,0,15,3,0,18,0,294,50,0,344,0,309,53,0,362,30,0,30,392
05/22/2008,HYA,MA,ANE,EN,Federal Contract Tower,0,21,16,0,37,0,312,51,0,363,0,333,67,0,400,2,0,2,402
05/23/2008,HYA,MA,ANE,EN,Federal Contract Tower,0,32,25,0,57,0,416,66,0,482,0,448,91,0,539,4,0,4,543
05/24/2008,HYA,MA,ANE,EN,Federal Contract Tower,0,14,12,0,26,0,205,58,0,263,0,219,70,0,289,4,0,4,293
05/25/2008,HYA,MA,ANE,EN,Federal Contract Tower,0,11,9,0,20,0,154,46,0,200,0,165,55,0,220,12,0,12,232
05/26/2008,HYA,MA,ANE,EN,Federal Contract Tower,0,28,26,0,54,0,356,50,0,406,0,384,76,0,460,10,0,10,470
05/27/2008,HYA,MA,ANE,EN,Federal Contract Tower,0,227,39,0,266,0,70,20,0,90,0,297,59,0,356,0,0,0,356
05/28/2008,HYA,MA,ANE,EN,Federal Contract Tower,0,15,17,0,32,0,306,67,0,373,0,321,84,0,405,18,0,18,423
05/29/2008,HYA,MA,ANE,EN,Federal Contract Tower,0,18,12,0,30,0,315,58,0,373,0,333,70,0,403,8,8,16,419
05/30/2008,HYA,MA,ANE,EN,Federal Contract Tower,0,15,8,0,23,0,304,86,0,390,0,319,94,0,413,22,2,24,437
05/31/2008,HYA,MA,ANE,EN,Federal Contract Tower,0,86,16,0,102,0,112,21,0,133,0,198,37,0,235,10,0,10,245
06/01/2008,HYA,MA,ANE,EN,Federal Contract Tower,0,47,14,0,61,0,131,27,0,158,0,178,41,0,219,2,0,2,221
06/02/2008,HYA,MA,ANE,EN,Federal Contract Tower,0,14,10,0,24,0,289,75,0,364,0,303,85,0,388,0,4,4,406
06/03/2008,HYA,MA,ANE,EN,Federal Contract Tower,0,19,7,0,26,0,280,63,0,343,0,299,70,0,369,0,2,2,371
06/04/2008,HYA,MA,ANE,EN,Federal Contract Tower,0,174,20,0,194,0,99,8,0,107,0,273,28,0,301,0,0,0,301
06/05/2008,HYA,MA,ANE,EN,Federal Contract Tower,0,288,32,0,320,0,0,0,0,0,0,288,32,0,320,0,0,0,320
06/06/2008,HYA,MA,ANE,EN,Federal Contract Tower,0,223,55,0,278,0,93,11,0,104,0,316,66,0,382,2,0,2,384
06/07/2008,HYA,MA,ANE,EN,Federal Contract Tower,0,119,26,0,145,0,66,25,0,91,0,185,51,0,236,6,0,6,242
06/08/2008,HYA,MA,ANE,EN,Federal Contract Tower,0,16,21,0,37,0,200,28,0,228,0,216,49,0,265,10,0,10,275
06/09/2008,HYA,MA,ANE,EN,Federal Contract Tower,0,16,12,0,28,0,307,77,0,384,0,323,89,0,412,8,0,8,420
06/10/2008,HYA,MA,ANE,EN,Federal Contract Tower,0,39,18,0,57,0,277,57,0,334,0,316,75,0,391,28,2,30,421
06/11/2008,HYA,MA,ANE,EN,Federal Contract Tower,0,51,16,0,67,0,268,66,0,334,0,319,82,0,401,4,6,10,411
06/12/2008,HYA,MA,ANE,EN,Federal Contract Tower,0,20,20,0,40,0,338,82,0,420,0,358,102,0,460,0,0,0,460
06/13/2008,HYA,MA,ANE,EN,Federal Contract Tower,0,23,24,0,47,0,329,85,0,414,0,352,109,0,461,14,0,14,475
06/14/2008,HYA,MA,ANE,EN,Federal Contract Tower,0,41,12,0,53,0,189,72,0,261,0,230,84,0,314,30,0,30,344
06/15/2008,HYA,MA,ANE,EN,Federal Contract Tower,0,157,33,0,190,0,80,19,0,99,0,237,52,0,289,14,0,14,303
06/16/2008,HYA,MA,ANE,EN,Federal Contract Tower,0,211,31,0,242,0,144,37,0,181,0,355,68,0,423,6,0,6,429
06/17/2008,HYA,MA,ANE,EN,Federal Contract Tower,0,177,25,0,202,0,172,48,0,220,0,349,73,0,422,4,0,4,426
06/18/2008,HYA,MA,ANE,EN,Federal Contract Tower,0,20,11,0,31,0,294,43,0,337,0,314,54,0,368,8,0,8,376
06/19/2008,HYA,MA,ANE,EN,Federal Contract Tower,0,24,28,0,52,0,318,71,0,389,0,342,99,0,441,14,6,20,461
06/20/2008,HYA,MA,ANE,EN,Federal Contract Tower,0,66,20,0,86,0,319,73,0,392,0,385,93,0,478,0,6,6,484
06/21/2008,HYA,MA,ANE,EN,Federal Contract Tower,0,14,14,0,28,0,241,67,0,308,0,255,81,0,336,36,2,38,374
06/22/2008,HYA,MA,ANE,EN,Federal Contract Tower,0,55,34,0,89,0,210,35,0,245,0,265,69,0,334,22,0,22,356
06/23/2008,HYA,MA,ANE,EN,Federal Contract Tower,0,256,62,0,318,0,13,0,0,13,0,269,62,0,331,0,0,0,331
06/24/2008,HYA,MA,ANE,EN,Federal Contract Tower,0,158,46,0,204,0,171,15,0,186,0,329,61,0,390,0,0,0,390
06/25/2008,HYA,MA,ANE,EN,Federal Contract Tower,0,28,28,0,56,0,305,71,0,376,0,333,99,0,432,8,0,8,440
06/26/2008,HYA,MA,ANE,EN,Federal Contract Tower,0,38,22,0,60,0,299,51,0,350,0,337,73,0,410,8,0,8,418
06/27/2008,HYA,MA,ANE,EN,Federal Contract Tower,0,67,23,0,90,0,289,56,0,345,0,356,79,0,435,28,0,28,463
06/28/2008,HYA,MA,ANE,EN,Federal Contract Tower,0,123,33,0,156,0,109,32,0,141,0,232,65,0,297,22,0,22,319
06/29/2008,HYA,MA,ANE,EN,Federal Contract Tower,0,99,39,0,138,0,137,23,2,162,0,236,62,2,300,24,0,24,324
06/30/2008,HYA,MA,ANE,EN,Federal Contract Tower,0,112,31,0,143,0,210,30,0,240,0,322,61,0,383,18,4,22,405
07/01/2008,HYA,MA,ANE,EN,Federal Contract Tower,0,133,36,0,169,0,114,17,0,131,0,247,53,0,300,4,0,4,304
07/02/2008,HYA,MA,ANE,EN,Federal Contract Tower,0,142,48,0,190,0,222,45,0,267,0,364,93,0,457,8,0,8,465
07/03/2008,HYA,MA,ANE,EN,Federal Contract Tower,0,41,36,0,77,0,360,65,0,425,0,401,101,0,502,0,0,0,502
07/04/2008,HYA,MA,ANE,EN,Federal Contract Tower,0,51,17,0,68,0,137,12,0,149,0,188,29,0,217,14,0,14,231
07/05/2008,HYA,MA,ANE,EN,Federal Contract Tower,0,171,26,0,197,0,0,0,0,0,0,171,26,0,197,0,0,0,197
07/06/2008,HYA,MA,ANE,EN,Federal Contract Tower,0,229,69,0,298,0,0,0,0,0,0,229,69,0,298,12,0,12,310
07/07/2008,HYA,MA,ANE,EN,Federal Contract Tower,0,217,68,0,285,0,132,30,2,164,0,349,98,2,449,16,2,18,467
07/08/2008,HYA,MA,ANE,EN,Federal Contract Tower,0,147,40,0,187,0,153,38,0,191,0,300,78,0,378,12,0,12,390
07/09/2008,HYA,MA,ANE,EN,Federal Contract Tower,0,130,41,0,171,0,213,29,0,242,0,343,70,0,413,4,0,4,417
07/10/2008,HYA,MA,ANE,EN,Federal Contract Tower,0,64,32,0,96,0,264,73,0,337,0,328,105,0,433,12,0,12,445
07/11/2008,HYA,MA,ANE,EN,Federal Contract Tower,0,21,32,0,53,0,305,92,0,397,0,326,124,0,450,41,6,47,497
07/12/2008,HYA,MA,ANE,EN,Federal Contract Tower,0,18,15,0,33,0,181,84,0,265,0,199,99,0,298,35,0,35,333
07/13/2008,HYA,MA,ANE,EN,Federal Contract Tower,0,32,38,2,72,0,210,53,0,263,0,242,91,2,335,24,2,26,361
07/14/2008,HYA,MA,ANE,EN,Federal Contract Tower,0,93,38,0,131,0,191,25,0,216,0,284,63,0,347,6,2,8,355
07/15/2008,HYA,MA,ANE,EN,Federal Contract Tower,0,24,26,0,50,0,307,101,0,408,0,331,127,0,458,22,0,22,480
07/16/2008,HYA,MA,ANE,EN,Federal Contract Tower,0,25,21,0,46,0,287,80,0,367,0,312,101,0,413,20,6,26,439
07/17/2008,HYA,MA,ANE,EN,Federal Contract Tower,0,94,38,0,132,0,224,81,2,307,0,318,119,2,439,18,4,22,461
07/18/2008,HYA,MA,ANE,EN,Federal Contract Tower,0,34,41,0,75,0,337,83,0,420,0,371,124,0,495,6,0,6,501
07/19/2008,HYA,MA,ANE,EN,Federal Contract Tower,0,30,39,0,69,0,197,46,1,244,0,227,85,1,313,44,0,44,357
07/20/2008,HYA,MA,ANE,EN,Federal Contract Tower,0,204,85,2,291,0,31,17,0,48,0,235,102,2,339,12,0,12,351
07/21/2008,HYA,MA,ANE,EN,Federal Contract Tower,0,174,65,0,239,0,133,19,0,152,0,307,84,0,391,10,2,12,403
07/22/2008,HYA,MA,ANE,EN,Federal Contract Tower,0,200,41,0,241,0,114,16,0,130,0,314,57,0,371,0,0,0,371
07/23/2008,HYA,MA,ANE,EN,Federal Contract Tower,0,174,59,0,233,0,12,3,0,15,0,186,62,0,248,0,0,0,248
07/24/2008,HYA,MA,ANE,EN,Federal Contract Tower,0,76,23,0,99,0,247,30,0,277,0,323,53,0,376,0,0,0,376
07/25/2008,HYA,MA,ANE,EN,Federal Contract Tower,0,143,71,0,214,0,193,98,0,291,0,336,169,0,505,46,0,46,551
07/26/2008,HYA,MA,ANE,EN,Federal Contract Tower,0,35,17,0,52,0,199,116,0,315,0,234,133,0,367,26,0,26,393
07/27/2008,HYA,MA,ANE,EN,Federal Contract Tower,0,47,33,0,80,0,208,55,0,263,0,255,88,0,343,16,0,16,359
07/28/2008,HYA,MA,ANE,EN,Federal Contract Tower,0,40,30,0,70,0,305,90,0,395,0,345,120,0,465,14,0,14,479
07/29/2008,HYA,MA,ANE,EN,Federal Contract Tower,0,23,18,0,41,0,306,86,0,392,0,329,104,0,433,14,0,14,447
07/30/2008,HYA,MA,ANE,EN,Federal Contract Tower,0,27,24,0,51,0,286,66,0,352,0,313,90,0,403,28,4,32,435
07/31/2008,HYA,MA,ANE,EN,Federal Contract Tower,0,77,34,0,111,0,166,28,0,194,0,243,62,0,305,12,0,12,317
08/01/2008,HYA,MA,ANE,EN,Federal Contract Tower,0,104,46,0,150,0,247,75,0,322,0,351,121,0,472,30,0,30,502
08/02/2008,HYA,MA,ANE,EN,Federal Contract Tower,0,35,19,0,54,0,182,43,0,225,0,217,62,0,279,16,0,16,295
08/03/2008,HYA,MA,ANE,EN,Federal Contract Tower,0,116,59,0,175,0,127,21,0,148,0,243,80,0,323,10,0,10,333
08/04/2008,HYA,MA,ANE,EN,Federal Contract Tower,0,40,45,0,85,0,296,81,0,377,0,336,126,0,462,6,2,8,470
08/05/2008,HYA,MA,ANE,EN,Federal Contract Tower,0,25,27,0,52,0,281,75,0,356,0,306,102,0,408,14,0,14,422
08/06/2008,HYA,MA,ANE,EN,Federal Contract Tower,0,161,37,0,198,0,127,10,0,137,0,288,47,0,335,0,0,0,335
08/07/2008,HYA,MA,ANE,EN,Federal Contract Tower,0,53,43,0,96,0,272,50,0,322,0,325,93,0,418,6,0,6,424
08/08/2008,HYA,MA,ANE,EN,Federal Contract Tower,0,70,48,0,118,0,255,47,0,302,0,325,95,0,420,0,0,0,420
08/09/2008,HYA,MA,ANE,EN,Federal Contract Tower,0,35,31,0,66,0,199,60,0,259,0,234,91,0,325,4,0,4,329
08/10/2008,HYA,MA,ANE,EN,Federal Contract Tower,0,51,36,0,87,0,260,77,0,337,0,311,113,0,424,34,0,34,458
08/12/2008,HYA,MA,ANE,EN,Federal Contract Tower,0,106,47,0,153,0,166,25,0,191,0,272,72,0,344,12,0,12,356
08/13/2008,HYA,MA,ANE,EN,Federal Contract Tower,0,24,27,0,51,0,297,80,0,377,0,321,107,0,428,16,0,16,444
08/14/2008,HYA,MA,ANE,EN,Federal Contract Tower,0,151,69,0,220,0,171,42,0,213,0,322,111,0,433,4,2,6,439
08/15/2008,HYA,MA,ANE,EN,Federal Contract Tower,0,45,46,0,91,0,274,56,0,330,0,319,102,0,421,2,0,2,423
08/16/2008,HYA,MA,ANE,EN,Federal Contract Tower,0,42,18,0,60,0,227,53,0,280,0,269,71,0,340,16,0,16,356
08/17/2008,HYA,MA,ANE,EN,Federal Contract Tower,0,39,30,0,69,0,240,105,0,345,0,279,135,0,414,24,0,24,438
08/18/2008,HYA,MA,ANE,EN,Federal Contract Tower,0,25,26,0,51,0,301,78,0,379,0,326,104,0,430,22,0,22,452
08/19/2008,HYA,MA,ANE,EN,Federal Contract Tower,0,16,24,0,40,0,291,59,0,350,0,307,83,0,390,28,0,28,418
08/20/2008,HYA,MA,ANE,EN,Federal Contract Tower,0,26,18,0,44,0,244,85,0,329,0,270,103,0,373,16,2,18,391
08/21/2008,HYA,MA,ANE,EN,Federal Contract Tower,0,29,18,0,47,0,270,79,0,349,0,299,97,0,396,18,0,18,414
08/22/2008,HYA,MA,ANE,EN,Federal Contract Tower,0,30,36,0,66,0,318,111,0,429,0,348,147,0,495,22,0,22,517
08/23/2008,HYA,MA,ANE,EN,Federal Contract Tower,0,22,36,0,58,0,238,121,0,359,0,260,157,0,417,12,2,14,431
08/24/2008,HYA,MA,ANE,EN,Federal Contract Tower,0,29,33,0,62,0,256,70,0,326,0,285,103,0,388,32,0,32,420
08/25/2008,HYA,MA,ANE,EN,Federal Contract Tower,0,39,26,0,65,0,287,65,0,352,0,326,91,0,417,4,0,4,421
08/26/2008,HYA,MA,ANE,EN,Federal Contract Tower,0,18,7,0,25,0,322,71,0,393,0,340,78,0,418,36,0,36,454
08/27/2008,HYA,MA,ANE,EN,Federal Contract Tower,0,27,19,0,46,0,326,68,0,394,0,353,87,0,440,32,0,32,472
08/28/2008,HYA,MA,ANE,EN,Federal Contract Tower,0,26,29,0,55,0,315,83,0,398,0,341,112,0,453,30,2,32,485
08/29/2008,HYA,MA,ANE,EN,Federal Contract Tower,0,30,33,0,63,0,326,78,0,404,0,356,111,0,467,28,0,28,495
08/30/2008,HYA,MA,ANE,EN,Federal Contract Tower,0,62,18,0,80,0,264,36,0,300,0,326,54,0,380,26,0,26,406
08/31/2008,HYA,MA,ANE,EN,Federal Contract Tower,0,19,12,0,31,0,307,78,0,385,0,326,90,0,416,28,0,28,444
09/01/2008,HYA,MA,ANE,EN,Federal Contract Tower,0,29,23,0,52,0,259,73,0,332,0,288,96,0,384,16,0,16,400
09/02/2008,HYA,MA,ANE,EN,Federal Contract Tower,0,22,23,0,45,0,264,65,0,329,0,286,88,0,374,2,0,2,376
09/03/2008,HYA,MA,ANE,EN,Federal Contract Tower,0,16,19,0,35,0,265,60,0,325,0,281,79,0,360,24,4,28,388
09/04/2008,HYA,MA,ANE,EN,Federal Contract Tower,0,72,25,0,97,0,239,62,0,301,0,311,87,0,398,4,0,4,402
09/05/2008,HYA,MA,ANE,EN,Federal Contract Tower,0,65,35,0,100,0,165,43,0,208,0,230,78,0,308,18,0,18,326
09/06/2008,HYA,MA,ANE,EN,Federal Contract Tower,0,128,12,0,140,0,0,0,0,0,0,128,12,0,140,0,0,0,140
09/07/2008,HYA,MA,ANE,EN,Federal Contract Tower,0,16,11,0,27,0,204,20,0,224,0,220,31,0,251,2,0,2,253
09/08/2008,HYA,MA,ANE,EN,Federal Contract Tower,0,7,18,0,25,0,266,87,0,353,0,273,105,0,378,20,0,20,398
09/09/2008,HYA,MA,ANE,EN,Federal Contract Tower,0,34,12,0,46,0,267,62,0,329,0,301,74,0,375,14,0,14,389
09/10/2008,HYA,MA,ANE,EN,Federal Contract Tower,0,13,18,0,31,0,262,65,6,333,0,275,83,6,364,14,0,14,378
09/11/2008,HYA,MA,ANE,EN,Federal Contract Tower,0,25,22,0,47,0,265,84,0,349,0,290,106,0,396,22,0,22,418
09/12/2008,HYA,MA,ANE,EN,Federal Contract Tower,0,24,25,0,49,0,258,71,0,329,0,282,96,0,378,6,0,6,384
09/13/2008,HYA,MA,ANE,EN,Federal Contract Tower,0,157,31,0,188,0,0,0,0,0,0,157,31,0,188,0,0,0,188
09/14/2008,HYA,MA,ANE,EN,Federal Contract Tower,0,157,18,0,175,0,42,1,0,43,0,199,19,0,218,0,0,0,218
09/15/2008,HYA,MA,ANE,EN,Federal Contract Tower,0,15,8,0,23,0,237,55,0,292,0,252,63,0,315,6,0,6,321
09/16/2008,HYA,MA,ANE,EN,Federal Contract Tower,0,14,19,0,33,0,257,53,0,310,0,271,72,0,343,4,0,4,347
09/17/2008,HYA,MA,ANE,EN,Federal Contract Tower,0,14,21,2,37,0,269,71,0,340,0,283,92,2,377,28,4,32,409
09/18/2008,HYA,MA,ANE,EN,Federal Contract Tower,0,11,24,0,35,0,290,58,2,350,0,301,82,2,385,2,0,2,387
09/19/2008,HYA,MA,ANE,EN,Federal Contract Tower,0,13,32,0,45,0,301,63,0,364,0,314,95,0,409,0,0,0,409
09/20/2008,HYA,MA,ANE,EN,Federal Contract Tower,0,8,16,0,24,0,205,61,0,266,0,213,77,0,290,50,0,50,340
09/21/2008,HYA,MA,ANE,EN,Federal Contract Tower,0,12,14,0,26,0,231,76,0,307,0,243,90,0,333,28,0,28,361
09/22/2008,HYA,MA,ANE,EN,Federal Contract Tower,0,89,35,0,124,0,180,47,0,227,0,269,82,0,351,26,0,26,377
09/23/2008,HYA,MA,ANE,EN,Federal Contract Tower,0,13,16,0,29,0,283,80,0,363,0,296,96,0,392,40,0,40,432
09/24/2008,HYA,MA,ANE,EN,Federal Contract Tower,0,14,12,0,26,0,288,77,0,365,0,302,89,0,391,42,0,42,433
09/25/2008,HYA,MA,ANE,EN,Federal Contract Tower,0,12,14,0,26,0,307,62,0,369,0,319,76,0,395,16,0,16,411
09/26/2008,HYA,MA,ANE,EN,Federal Contract Tower,0,194,21,0,215,0,18,3,0,21,0,212,24,0,236,0,0,0,236
09/27/2008,HYA,MA,ANE,EN,Federal Contract Tower,0,88,19,0,107,0,44,0,0,44,0,132,19,0,151,0,0,0,151
09/28/2008,HYA,MA,ANE,EN,Federal Contract Tower,0,88,14,0,102,0,86,0,0,86,0,174,14,0,188,0,0,0,188
09/29/2008,HYA,MA,ANE,EN,Federal Contract Tower,0,125,31,0,156,0,171,44,0,215,0,296,75,0,371,0,8,8,379
09/30/2008,HYA,MA,ANE,EN,Federal Contract Tower,0,127,28,0,155,0,164,17,0,181,0,291,45,0,336,6,0,6,342
10/01/2008,HYA,MA,ANE,EN,Federal Contract Tower,0,116,22,0,138,0,136,12,0,148,0,252,34,0,286,4,0,4,290
10/02/2008,HYA,MA,ANE,EN,Federal Contract Tower,0,34,19,0,53,0,255,48,0,303,0,289,67,0,356,8,0,8,364
10/03/2008,HYA,MA,ANE,EN,Federal Contract Tower,0,18,21,0,39,0,267,54,0,321,0,285,75,0,360,6,0,6,366
10/04/2008,HYA,MA,ANE,EN,Federal Contract Tower,0,7,4,0,11,0,161,53,2,216,0,168,57,2,227,12,2,14,241
10/05/2008,HYA,MA,ANE,EN,Federal Contract Tower,0,23,12,0,35,0,174,26,0,200,0,197,38,0,235,0,0,0,235
10/06/2008,HYA,MA,ANE,EN,Federal Contract Tower,0,42,8,0,50,0,197,58,0,255,0,239,66,0,305,12,0,12,317
10/07/2008,HYA,MA,ANE,EN,Federal Contract Tower,0,11,7,0,18,0,258,53,0,311,0,269,60,0,329,16,0,16,345
10/08/2008,HYA,MA,ANE,EN,Federal Contract Tower,0,21,19,0,40,0,237,86,0,323,0,258,105,0,363,18,0,18,381
10/09/2008,HYA,MA,ANE,EN,Federal Contract Tower,0,153,24,0,177,0,112,28,0,140,0,265,52,0,317,2,0,2,319
10/10/2008,HYA,MA,ANE,EN,Federal Contract Tower,0,12,8,0,20,0,302,57,0,359,0,314,65,0,379,22,0,22,401
10/11/2008,HYA,MA,ANE,EN,Federal Contract Tower,0,5,8,0,13,0,246,53,0,299,0,251,61,0,312,20,2,22,334
10/12/2008,HYA,MA,ANE,EN,Federal Contract Tower,0,5,4,0,9,0,226,63,2,291,0,231,67,2,300,4,0,4,304
10/13/2008,HYA,MA,ANE,EN,Federal Contract Tower,0,16,15,0,31,0,297,55,0,352,0,313,70,0,383,14,0,14,397
10/14/2008,HYA,MA,ANE,EN,Federal Contract Tower,0,13,15,0,28,0,289,61,0,350,0,302,76,0,378,12,2,14,392
10/15/2008,HYA,MA,ANE,EN,Federal Contract Tower,0,143,29,0,172,0,148,25,0,173,0,291,54,0,345,0,0,0,345
10/16/2008,HYA,MA,ANE,EN,Federal Contract Tower,0,72,20,0,92,0,180,24,0,204,0,252,44,0,296,4,0,4,300
10/17/2008,HYA,MA,ANE,EN,Federal Contract Tower,0,17,14,0,31,0,280,86,0,366,0,297,100,0,397,20,0,20,417
10/18/2008,HYA,MA,ANE,EN,Federal Contract Tower,0,8,6,0,14,0,215,52,0,267,0,223,58,0,281,26,0,26,307
10/19/2008,HYA,MA,ANE,EN,Federal Contract Tower,0,16,8,0,24,0,312,18,0,330,0,328,26,0,354,8,0,8,362
10/20/2008,HYA,MA,ANE,EN,Federal Contract Tower,0,10,6,0,16,0,269,40,0,309,0,279,46,0,325,6,0,6,331
10/21/2008,HYA,MA,ANE,EN,Federal Contract Tower,0,9,6,0,15,0,271,69,0,340,0,280,75,0,355,16,0,16,371
10/22/2008,HYA,MA,ANE,EN,Federal Contract Tower,0,63,8,0,71,0,189,26,0,215,0,252,34,0,286,18,0,18,304
10/23/2008,HYA,MA,ANE,EN,Federal Contract Tower,0,18,9,0,27,0,277,55,0,332,0,295,64,0,359,20,0,20,379
10/24/2008,HYA,MA,ANE,EN,Federal Contract Tower,0,16,18,0,34,0,275,72,0,347,0,291,90,0,381,26,0,26,407
10/25/2008,HYA,MA,ANE,EN,Federal Contract Tower,0,5,4,0,9,0,218,52,0,270,0,223,56,0,279,20,0,20,299
10/26/2008,HYA,MA,ANE,EN,Federal Contract Tower,0,65,18,0,83,0,143,55,0,198,0,208,73,0,281,22,0,22,303
10/27/2008,HYA,MA,ANE,EN,Federal Contract Tower,0,49,13,0,62,0,228,42,0,270,0,277,55,0,332,24,0,24,356
10/28/2008,HYA,MA,ANE,EN,Federal Contract Tower,0,74,17,0,91,0,206,10,0,216,0,280,27,0,307,4,0,4,311
10/29/2008,HYA,MA,ANE,EN,Federal Contract Tower,0,16,4,0,20,0,252,19,0,271,0,268,23,0,291,50,0,50,341
10/30/2008,HYA,MA,ANE,EN,Federal Contract Tower,0,10,6,0,16,0,259,57,0,316,0,269,63,0,332,46,0,46,378
10/31/2008,HYA,MA,ANE,EN,Federal Contract Tower,0,8,10,0,18,0,243,56,0,299,0,251,66,0,317,32,0,32,349
11/01/2008,HYA,MA,ANE,EN,Federal Contract Tower,0,8,7,0,15,0,211,51,0,262,0,219,58,0,277,22,0,22,299
11/02/2008,HYA,MA,ANE,EN,Federal Contract Tower,0,7,8,0,15,0,201,65,0,266,0,208,73,0,281,28,0,28,309
11/03/2008,HYA,MA,ANE,EN,Federal Contract Tower,0,13,14,0,27,0,242,37,0,279,0,255,51,0,306,42,2,44,350
11/04/2008,HYA,MA,ANE,EN,Federal Contract Tower,0,48,19,0,67,0,213,35,0,248,0,261,54,0,315,14,0,14,329
11/05/2008,HYA,MA,ANE,EN,Federal Contract Tower,0,15,10,0,25,0,218,35,0,253,0,233,45,0,278,20,2,22,300
11/06/2008,HYA,MA,ANE,EN,Federal Contract Tower,0,212,16,0,228,0,1,0,0,1,0,213,16,0,229,0,0,0,229
11/07/2008,HYA,MA,ANE,EN,Federal Contract Tower,0,189,27,0,216,0,0,0,0,0,0,189,27,0,216,0,0,0,216
11/08/2008,HYA,MA,ANE,EN,Federal Contract Tower,0,99,23,0,122,0,0,0,0,0,0,99,23,0,122,0,0,0,122
11/09/2008,HYA,MA,ANE,EN,Federal Contract Tower,0,19,8,0,27,0,135,46,0,181,0,154,54,0,208,24,2,26,234
11/10/2008,HYA,MA,ANE,EN,Federal Contract Tower,0,15,6,0,21,0,240,34,0,274,0,255,40,0,295,22,2,24,319
11/11/2008,HYA,MA,ANE,EN,Federal Contract Tower,0,10,11,0,21,0,244,56,0,300,0,254,67,0,321,44,0,44,365
11/12/2008,HYA,MA,ANE,EN,Federal Contract Tower,0,6,8,0,14,0,243,57,0,300,0,249,65,0,314,32,0,32,346
11/13/2008,HYA,MA,ANE,EN,Federal Contract Tower,0,7,3,1,11,0,237,29,0,266,0,244,32,1,277,28,0,28,305
11/14/2008,HYA,MA,ANE,EN,Federal Contract Tower,0,135,23,0,158,0,90,5,0,95,0,225,28,0,253,0,0,0,253
11/15/2008,HYA,MA,ANE,EN,Federal Contract Tower,0,95,14,0,109,0,4,1,0,5,0,99,15,0,114,0,0,0,114
11/16/2008,HYA,MA,ANE,EN,Federal Contract Tower,0,14,9,0,23,0,186,8,0,194,0,200,17,0,217,8,0,8,225
11/17/2008,HYA,MA,ANE,EN,Federal Contract Tower,0,15,6,0,21,0,227,55,0,282,0,242,61,0,303,42,0,42,345
11/18/2008,HYA,MA,ANE,EN,Federal Contract Tower,0,6,11,0,17,0,216,34,0,250,0,222,45,0,267,24,0,24,291
11/19/2008,HYA,MA,ANE,EN,Federal Contract Tower,0,41,5,0,46,0,202,19,0,221,0,243,24,0,267,16,0,16,283
11/20/2008,HYA,MA,ANE,EN,Federal Contract Tower,0,8,5,0,13,0,237,34,0,271,0,245,39,0,284,50,2,52,336
11/21/2008,HYA,MA,ANE,EN,Federal Contract Tower,0,9,8,0,17,0,248,43,4,295,0,257,51,4,312,38,2,40,352
11/22/2008,HYA,MA,ANE,EN,Federal Contract Tower,0,21,3,0,24,0,133,17,0,150,0,154,20,0,174,4,0,4,178
11/23/2008,HYA,MA,ANE,EN,Federal Contract Tower,0,7,10,0,17,0,148,33,0,181,0,155,43,0,198,50,0,50,248
11/24/2008,HYA,MA,ANE,EN,Federal Contract Tower,0,18,15,0,33,0,235,70,0,305,0,253,85,0,338,44,2,46,384
11/25/2008,HYA,MA,ANE,EN,Federal Contract Tower,0,159,15,0,174,0,87,5,0,92,0,246,20,0,266,0,0,0,266
11/26/2008,HYA,MA,ANE,EN,Federal Contract Tower,0,16,21,0,37,0,315,55,0,370,0,331,76,0,407,22,2,24,431
11/27/2008,HYA,MA,ANE,EN,Federal Contract Tower,0,4,3,0,7,0,112,23,0,135,0,116,26,0,142,10,0,10,152
11/28/2008,HYA,MA,ANE,EN,Federal Contract Tower,0,10,13,0,23,0,226,29,0,255,0,236,42,0,278,50,0,50,328
11/29/2008,HYA,MA,ANE,EN,Federal Contract Tower,0,6,22,0,28,0,201,58,0,259,0,207,80,0,287,8,0,8,295
11/30/2008,HYA,MA,ANE,EN,Federal Contract Tower,0,84,13,0,97,0,174,24,0,198,0,258,37,0,295,20,0,20,315
12/01/2008,HYA,MA,ANE,EN,Federal Contract Tower,0,82,10,0,92,0,203,20,0,223,0,285,30,0,315,4,0,4,319
12/02/2008,HYA,MA,ANE,EN,Federal Contract Tower,0,5,8,0,13,0,235,44,2,281,0,240,52,2,294,16,0,16,310
12/03/2008,HYA,MA,ANE,EN,Federal Contract Tower,0,10,6,0,16,0,252,43,0,295,0,262,49,0,311,36,0,36,347
12/04/2008,HYA,MA,ANE,EN,Federal Contract Tower,0,5,2,0,7,0,263,20,0,283,0,268,22,0,290,20,0,20,310
12/05/2008,HYA,MA,ANE,EN,Federal Contract Tower,0,3,6,0,9,0,294,34,0,328,0,297,40,0,337,48,0,48,385
12/06/2008,HYA,MA,ANE,EN,Federal Contract Tower,0,2,7,0,9,0,200,42,0,242,0,202,49,0,251,28,0,28,279
12/07/2008,HYA,MA,ANE,EN,Federal Contract Tower,0,116,1,0,117,0,123,0,0,123,0,239,1,0,240,0,0,0,240
12/08/2008,HYA,MA,ANE,EN,Federal Contract Tower,0,8,4,0,12,0,279,28,0,307,0,287,32,0,319,16,0,16,335
12/09/2008,HYA,MA,ANE,EN,Federal Contract Tower,0,10,4,0,14,0,259,22,1,282,0,269,26,1,296,20,0,20,316
12/10/2008,HYA,MA,ANE,EN,Federal Contract Tower,0,89,9,0,98,0,134,17,0,151,0,223,26,0,249,10,0,10,259
12/11/2008,HYA,MA,ANE,EN,Federal Contract Tower,0,192,23,0,215,0,0,0,0,0,0,192,23,0,215,0,0,0,215
12/12/2008,HYA,MA,ANE,EN,Federal Contract Tower,0,88,7,0,95,0,86,13,0,99,0,174,20,0,194,0,0,0,194
12/13/2008,HYA,MA,ANE,EN,Federal Contract Tower,0,1,3,0,4,0,205,33,0,238,0,206,36,0,242,30,0,30,272
12/14/2008,HYA,MA,ANE,EN,Federal Contract Tower,0,7,9,0,16,0,202,46,1,249,0,209,55,1,265,52,0,52,317
12/15/2008,HYA,MA,ANE,EN,Federal Contract Tower,0,11,10,0,21,0,266,33,0,299,0,277,43,0,320,22,0,22,342
12/16/2008,HYA,MA,ANE,EN,Federal Contract Tower,0,14,3,0,17,0,261,14,0,275,0,275,17,0,292,32,0,32,324
12/17/2008,HYA,MA,ANE,EN,Federal Contract Tower,0,173,17,0,190,0,21,0,0,21,0,194,17,0,211,0,0,0,211
12/18/2008,HYA,MA,ANE,EN,Federal Contract Tower,0,15,5,0,20,0,247,55,0,302,0,262,60,0,322,32,0,32,354
12/19/2008,HYA,MA,ANE,EN,Federal Contract Tower,0,18,0,0,18,0,172,14,0,186,0,190,14,0,204,10,0,10,214
12/20/2008,HYA,MA,ANE,EN,Federal Contract Tower,0,92,11,0,103,0,20,5,0,25,0,112,16,0,128,0,0,0,128
12/21/2008,HYA,MA,ANE,EN,Federal Contract Tower,0,52,0,0,52,0,20,0,0,20,0,72,0,0,72,0,0,0,72
12/22/2008,HYA,MA,ANE,EN,Federal Contract Tower,0,5,2,0,7,0,286,24,0,310,0,291,26,0,317,0,0,0,317
12/23/2008,HYA,MA,ANE,EN,Federal Contract Tower,0,7,13,0,20,0,261,55,0,316,0,268,68,0,336,52,0,52,388
12/24/2008,HYA,MA,ANE,EN,Federal Contract Tower,0,85,11,0,96,0,166,29,0,195,0,251,40,0,291,18,0,18,309
12/25/2008,HYA,MA,ANE,EN,Federal Contract Tower,0,0,0,0,0,0,182,17,0,199,0,182,17,0,199,18,0,18,217
12/26/2008,HYA,MA,ANE,EN,Federal Contract Tower,0,5,3,0,8,0,230,73,0,303,0,235,76,0,311,38,0,38,349
12/27/2008,HYA,MA,ANE,EN,Federal Contract Tower,0,46,10,0,56,0,138,24,0,162,0,184,34,0,218,24,0,24,242
12/28/2008,HYA,MA,ANE,EN,Federal Contract Tower,0,21,4,0,25,0,10,0,0,10,0,31,4,0,35,0,0,0,35
12/29/2008,HYA,MA,ANE,EN,Federal Contract Tower,0,4,15,0,19,0,254,61,0,315,0,258,76,0,334,48,0,48,382
12/30/2008,HYA,MA,ANE,EN,Federal Contract Tower,0,3,6,0,9,0,271,44,0,315,0,274,50,0,324,28,4,32,356
12/31/2008,HYA,MA,ANE,EN,Federal Contract Tower,0,12,4,2,18,0,34,9,0,43,0,46,13,2,61,0,2,2,63
01/01/2009,HYA,MA,ANE,EN,Federal Contract Tower,0,2,0,0,2,0,111,5,0,116,0,113,5,0,118,4,0,4,122
01/02/2009,HYA,MA,ANE,EN,Federal Contract Tower,0,14,6,0,20,0,167,26,0,193,0,181,32,0,213,34,0,34,247
01/03/2009,HYA,MA,ANE,EN,Federal Contract Tower,0,1,1,0,2,0,143,20,0,163,0,144,21,0,165,12,0,12,177
01/04/2009,HYA,MA,ANE,EN,Federal Contract Tower,0,2,6,0,8,0,127,37,0,164,0,129,43,0,172,36,0,36,208
01/05/2009,HYA,MA,ANE,EN,Federal Contract Tower,0,7,4,0,11,0,192,27,0,219,0,199,31,0,230,6,0,6,236
01/06/2009,HYA,MA,ANE,EN,Federal Contract Tower,0,12,0,0,12,0,207,32,0,239,0,219,32,0,251,14,0,14,265
01/07/2009,HYA,MA,ANE,EN,Federal Contract Tower,0,96,14,0,110,0,1,0,0,1,0,97,14,0,111,0,0,0,111
01/08/2009,HYA,MA,ANE,EN,Federal Contract Tower,0,11,13,0,24,0,196,21,0,217,0,207,34,0,241,8,2,10,251
01/09/2009,HYA,MA,ANE,EN,Federal Contract Tower,0,4,7,0,11,0,219,47,0,266,0,223,54,0,277,8,0,8,285
01/10/2009,HYA,MA,ANE,EN,Federal Contract Tower,0,12,4,0,16,0,96,38,0,134,0,108,42,0,150,14,0,14,164
01/11/2009,HYA,MA,ANE,EN,Federal Contract Tower,0,74,0,0,74,0,12,0,0,12,0,86,0,0,86,0,0,0,86
01/12/2009,HYA,MA,ANE,EN,Federal Contract Tower,0,86,7,0,93,0,120,22,0,142,0,206,29,0,235,4,0,4,239
01/13/2009,HYA,MA,ANE,EN,Federal Contract Tower,0,6,1,0,7,0,194,26,2,222,0,200,27,2,229,10,0,10,239
01/14/2009,HYA,MA,ANE,EN,Federal Contract Tower,0,6,5,0,11,0,213,23,0,236,0,219,28,0,247,6,0,6,253
01/15/2009,HYA,MA,ANE,EN,Federal Contract Tower,0,58,9,0,67,0,47,0,0,47,0,105,9,0,114,0,0,0,114
01/16/2009,HYA,MA,ANE,EN,Federal Contract Tower,0,5,3,0,8,0,198,24,0,222,0,203,27,0,230,16,0,16,246
01/17/2009,HYA,MA,ANE,EN,Federal Contract Tower,0,3,6,0,9,0,121,24,0,145,0,124,30,0,154,8,0,8,162
01/18/2009,HYA,MA,ANE,EN,Federal Contract Tower,0,52,0,0,52,0,45,0,0,45,0,97,0,0,97,0,0,0,97
01/19/2009,HYA,MA,ANE,EN,Federal Contract Tower,0,89,11,0,100,0,101,16,0,117,0,190,27,0,217,34,0,34,251
01/20/2009,HYA,MA,ANE,EN,Federal Contract Tower,0,31,5,0,36,0,220,37,0,257,0,251,42,0,293,44,0,44,337
01/21/2009,HYA,MA,ANE,EN,Federal Contract Tower,0,18,8,0,26,0,242,53,0,295,0,260,61,0,321,30,4,34,355
01/22/2009,HYA,MA,ANE,EN,Federal Contract Tower,0,3,4,0,7,0,258,57,0,315,0,261,61,0,322,24,2,26,348
01/23/2009,HYA,MA,ANE,EN,Federal Contract Tower,0,3,3,0,6,0,254,54,0,308,0,257,57,0,314,26,0,26,340
01/24/2009,HYA,MA,ANE,EN,Federal Contract Tower,0,8,4,0,12,0,229,47,0,276,0,237,51,0,288,46,0,46,334
01/25/2009,HYA,MA,ANE,EN,Federal Contract Tower,0,2,5,0,7,0,223,53,0,276,0,225,58,0,283,78,0,78,361
01/26/2009,HYA,MA,ANE,EN,Federal Contract Tower,0,7,3,0,10,0,230,50,0,280,0,237,53,0,290,40,0,40,330
01/27/2009,HYA,MA,ANE,EN,Federal Contract Tower,0,4,5,0,9,0,246,41,0,287,0,250,46,0,296,60,0,60,356
01/28/2009,HYA,MA,ANE,EN,Federal Contract Tower,0,41,8,0,49,0,14,1,0,15,0,55,9,0,64,0,0,0,64
01/29/2009,HYA,MA,ANE,EN,Federal Contract Tower,0,9,5,0,14,0,269,46,0,315,0,278,51,0,329,76,0,76,405
01/30/2009,HYA,MA,ANE,EN,Federal Contract Tower,0,3,3,0,6,0,231,54,0,285,0,234,57,0,291,24,0,24,315
01/31/2009,HYA,MA,ANE,EN,Federal Contract Tower,0,7,7,0,14,0,224,61,0,285,0,231,68,0,299,56,0,56,355
02/01/2009,HYA,MA,ANE,EN,Federal Contract Tower,0,3,4,0,7,0,105,23,0,128,0,108,27,0,135,0,0,0,135
02/02/2009,HYA,MA,ANE,EN,Federal Contract Tower,0,40,7,0,47,0,169,41,0,210,0,209,48,0,257,20,0,20,277
02/03/2009,HYA,MA,ANE,EN,Federal Contract Tower,0,21,7,0,28,0,0,0,0,0,0,21,7,0,28,0,0,0,28
02/04/2009,HYA,MA,ANE,EN,Federal Contract Tower,0,10,2,0,12,0,167,23,0,190,0,177,25,0,202,6,0,6,208
02/05/2009,HYA,MA,ANE,EN,Federal Contract Tower,0,20,5,0,25,0,197,30,0,227,0,217,35,0,252,32,0,32,284
02/06/2009,HYA,MA,ANE,EN,Federal Contract Tower,0,3,8,0,11,0,256,49,0,305,0,259,57,0,316,44,0,44,360
02/07/2009,HYA,MA,ANE,EN,Federal Contract Tower,0,0,2,0,2,0,208,48,0,256,0,208,50,0,258,80,4,84,342
02/08/2009,HYA,MA,ANE,EN,Federal Contract Tower,0,1,5,0,6,0,198,35,0,233,0,199,40,0,239,54,0,54,293
02/09/2009,HYA,MA,ANE,EN,Federal Contract Tower,0,12,4,0,16,0,245,47,0,292,0,257,51,0,308,26,2,28,336
02/10/2009,HYA,MA,ANE,EN,Federal Contract Tower,0,14,7,0,21,0,240,47,0,287,0,254,54,0,308,44,0,44,352
02/11/2009,HYA,MA,ANE,EN,Federal Contract Tower,0,33,9,0,42,0,137,28,0,165,0,170,37,0,207,8,0,8,215
02/12/2009,HYA,MA,ANE,EN,Federal Contract Tower,0,20,7,0,27,0,177,12,0,189,0,197,19,0,216,0,0,0,216
02/13/2009,HYA,MA,ANE,EN,Federal Contract Tower,0,5,3,0,8,0,210,28,0,238,0,215,31,0,246,48,2,50,296
02/14/2009,HYA,MA,ANE,EN,Federal Contract Tower,0,3,4,0,7,0,118,33,0,151,0,121,37,0,158,26,0,26,184
02/15/2009,HYA,MA,ANE,EN,Federal Contract Tower,0,1,7,0,8,0,118,43,0,161,0,119,50,0,169,22,0,22,191
02/16/2009,HYA,MA,ANE,EN,Federal Contract Tower,0,9,2,0,11,0,187,54,0,241,0,196,56,0,252,20,0,20,272
02/17/2009,HYA,MA,ANE,EN,Federal Contract Tower,0,21,6,0,27,0,165,31,0,196,0,186,37,0,223,32,0,32,255
02/18/2009,HYA,MA,ANE,EN,Federal Contract Tower,0,15,5,0,20,0,152,37,0,189,0,167,42,0,209,42,0,42,251
02/19/2009,HYA,MA,ANE,EN,Federal Contract Tower,0,62,19,0,81,0,77,6,0,83,0,139,25,0,164,0,0,0,164
02/20/2009,HYA,MA,ANE,EN,Federal Contract Tower,0,7,3,0,10,0,192,27,0,219,0,199,30,0,229,12,0,12,241
02/21/2009,HYA,MA,ANE,EN,Federal Contract Tower,0,4,8,0,12,0,135,26,0,161,0,139,34,0,173,26,4,30,203
02/22/2009,HYA,MA,ANE,EN,Federal Contract Tower,0,54,5,0,59,0,48,4,0,52,0,102,9,0,111,12,0,12,123
02/23/2009,HYA,MA,ANE,EN,Federal Contract Tower,0,6,7,0,13,0,214,19,0,233,0,220,26,0,246,0,0,0,246
02/24/2009,HYA,MA,ANE,EN,Federal Contract Tower,0,6,5,0,11,0,256,50,0,306,0,262,55,0,317,74,0,74,391
02/25/2009,HYA,MA,ANE,EN,Federal Contract Tower,0,5,6,0,11,0,254,75,0,329,0,259,81,0,340,34,0,34,374
02/26/2009,HYA,MA,ANE,EN,Federal Contract Tower,0,3,1,0,4,0,273,67,0,340,0,276,68,0,344,42,0,42,386
02/27/2009,HYA,MA,ANE,EN,Federal Contract Tower,0,19,7,0,26,0,215,47,0,262,0,234,54,0,288,29,1,30,318
02/28/2009,HYA,MA,ANE,EN,Federal Contract Tower,0,17,9,0,26,0,161,49,0,210,0,178,58,0,236,46,1,47,283
03/01/2009,HYA,MA,ANE,EN,Federal Contract Tower,0,28,0,0,28,0,2,0,0,2,0,30,0,0,30,0,0,0,30
03/02/2009,HYA,MA,ANE,EN,Federal Contract Tower,0,13,0,0,13,0,0,0,0,0,0,13,0,0,13,0,0,0,13
03/03/2009,HYA,MA,ANE,EN,Federal Contract Tower,0,9,4,0,13,0,255,39,0,294,0,264,43,0,307,50,0,50,357
03/04/2009,HYA,MA,ANE,EN,Federal Contract Tower,0,5,11,0,16,0,259,47,0,306,0,264,58,0,322,28,0,28,350
03/05/2009,HYA,MA,ANE,EN,Federal Contract Tower,0,5,4,0,9,0,264,59,0,323,0,269,63,0,332,26,0,26,358
03/06/2009,HYA,MA,ANE,EN,Federal Contract Tower,0,12,6,0,18,0,272,54,0,326,0,284,60,0,344,36,4,40,384
03/07/2009,HYA,MA,ANE,EN,Federal Contract Tower,0,2,7,0,9,0,198,71,0,269,0,200,78,0,278,50,0,50,328
03/08/2009,HYA,MA,ANE,EN,Federal Contract Tower,0,3,6,0,9,0,210,54,0,264,0,213,60,0,273,32,0,32,305
03/09/2009,HYA,MA,ANE,EN,Federal Contract Tower,0,151,14,0,165,0,31,6,0,37,0,182,20,0,202,0,0,0,202
03/10/2009,HYA,MA,ANE,EN,Federal Contract Tower,0,11,5,0,16,0,264,51,0,315,0,275,56,0,331,14,0,14,345
03/11/2009,HYA,MA,ANE,EN,Federal Contract Tower,0,98,17,0,115,0,140,22,0,162,0,238,39,0,277,24,0,24,301
03/12/2009,HYA,MA,ANE,EN,Federal Contract Tower,0,11,9,0,20,0,264,59,0,323,0,275,68,0,343,44,0,44,387
03/13/2009,HYA,MA,ANE,EN,Federal Contract Tower,0,6,6,0,12,0,277,80,0,357,0,283,86,0,369,24,0,24,393
03/14/2009,HYA,MA,ANE,EN,Federal Contract Tower,0,0,5,0,5,0,210,75,0,285,0,210,80,0,290,88,0,88,378
03/15/2009,HYA,MA,ANE,EN,Federal Contract Tower,0,3,5,0,8,0,210,62,0,272,0,213,67,0,280,78,0,78,358
03/16/2009,HYA,MA,ANE,EN,Federal Contract Tower,0,14,6,0,20,0,259,46,0,305,0,273,52,0,325,46,0,46,371
03/17/2009,HYA,MA,ANE,EN,Federal Contract Tower,0,16,5,0,21,0,254,54,0,308,0,270,59,0,329,16,0,16,345
03/18/2009,HYA,MA,ANE,EN,Federal Contract Tower,0,4,13,0,17,0,260,52,0,312,0,264,65,0,329,48,0,48,377
03/19/2009,HYA,MA,ANE,EN,Federal Contract Tower,0,52,8,0,60,0,222,35,0,257,0,274,43,0,317,20,0,20,337
03/20/2009,HYA,MA,ANE,EN,Federal Contract Tower,0,2,8,0,10,0,258,60,0,318,0,260,68,0,328,42,2,44,372
03/21/2009,HYA,MA,ANE,EN,Federal Contract Tower,0,5,9,0,14,0,195,74,0,269,0,200,83,0,283,40,2,42,325
03/22/2009,HYA,MA,ANE,EN,Federal Contract Tower,0,6,3,0,9,0,190,41,0,231,0,196,44,0,240,18,0,18,258
03/23/2009,HYA,MA,ANE,EN,Federal Contract Tower,0,6,8,0,14,0,244,43,0,287,0,250,51,0,301,16,0,16,317
03/24/2009,HYA,MA,ANE,EN,Federal Contract Tower,0,12,5,0,17,0,251,15,0,266,0,263,20,0,283,10,0,10,293
03/25/2009,HYA,MA,ANE,EN,Federal Contract Tower,0,2,10,0,12,0,266,55,0,321,0,268,65,0,333,52,0,52,385
03/26/2009,HYA,MA,ANE,EN,Federal Contract Tower,0,10,7,0,17,0,251,46,0,297,0,261,53,0,314,46,0,46,360
03/27/2009,HYA,MA,ANE,EN,Federal Contract Tower,0,110,18,0,128,0,26,5,0,31,0,136,23,0,159,4,0,4,163
03/28/2009,HYA,MA,ANE,EN,Federal Contract Tower,0,113,26,0,139,0,0,0,0,0,0,113,26,0,139,0,0,0,139
03/29/2009,HYA,MA,ANE,EN,Federal Contract Tower,0,32,6,0,38,0,0,0,0,0,0,32,6,0,38,0,0,0,38
03/30/2009,HYA,MA,ANE,EN,Federal Contract Tower,0,118,16,0,134,0,147,28,0,175,0,265,44,0,309,24,0,24,333
03/31/2009,HYA,MA,ANE,EN,Federal Contract Tower,0,8,7,0,15,0,238,74,0,312,0,246,81,0,327,36,0,36,363
04/01/2009,HYA,MA,ANE,EN,Federal Contract Tower,0,76,23,0,99,0,182,36,0,218,0,258,59,0,317,0,0,0,317
04/02/2009,HYA,MA,ANE,EN,Federal Contract Tower,0,173,12,0,185,0,51,6,0,57,0,224,18,0,242,0,0,0,242
04/03/2009,HYA,MA,ANE,EN,Federal Contract Tower,0,88,11,0,99,0,31,0,0,31,0,119,11,0,130,0,0,0,130
04/04/2009,HYA,MA,ANE,EN,Federal Contract Tower,0,2,10,0,12,0,214,50,0,264,0,216,60,0,276,84,0,84,360
04/05/2009,HYA,MA,ANE,EN,Federal Contract Tower,0,6,4,0,10,0,211,77,0,288,0,217,81,0,298,92,0,92,390
04/06/2009,HYA,MA,ANE,EN,Federal Contract Tower,0,33,10,0,43,0,178,32,0,210,0,211,42,0,253,30,0,30,283
04/07/2009,HYA,MA,ANE,EN,Federal Contract Tower,0,77,10,0,87,0,177,36,0,213,0,254,46,0,300,20,0,20,320
04/08/2009,HYA,MA,ANE,EN,Federal Contract Tower,0,6,3,0,9,0,283,57,0,340,0,289,60,0,349,24,0,24,373
04/09/2009,HYA,MA,ANE,EN,Federal Contract Tower,0,7,11,0,18,0,291,73,0,364,0,298,84,0,382,10,2,12,394
04/10/2009,HYA,MA,ANE,EN,Federal Contract Tower,0,4,7,0,11,0,303,56,0,359,0,307,63,0,370,40,2,42,412
04/11/2009,HYA,MA,ANE,EN,Federal Contract Tower,0,115,14,0,129,0,0,0,0,0,0,115,14,0,129,0,0,0,129
04/12/2009,HYA,MA,ANE,EN,Federal Contract Tower,0,2,6,0,8,0,231,47,0,278,0,233,53,0,286,20,0,20,306
04/13/2009,HYA,MA,ANE,EN,Federal Contract Tower,0,12,2,0,14,0,280,61,0,341,0,292,63,0,355,40,0,40,395
04/14/2009,HYA,MA,ANE,EN,Federal Contract Tower,0,19,4,0,23,0,275,65,0,340,0,294,69,0,363,24,4,28,391
04/15/2009,HYA,MA,ANE,EN,Federal Contract Tower,0,12,6,0,18,0,283,52,0,335,0,295,58,0,353,28,0,28,381
04/16/2009,HYA,MA,ANE,EN,Federal Contract Tower,0,5,7,0,12,0,285,74,0,359,0,290,81,0,371,18,0,18,389
04/17/2009,HYA,MA,ANE,EN,Federal Contract Tower,0,7,4,0,11,0,270,68,0,338,0,277,72,0,349,22,0,22,371
04/18/2009,HYA,MA,ANE,EN,Federal Contract Tower,0,2,8,0,10,0,186,65,0,251,0,188,73,0,261,92,0,92,353
04/19/2009,HYA,MA,ANE,EN,Federal Contract Tower,0,41,11,0,52,0,157,50,0,207,0,198,61,0,259,58,0,58,317
04/20/2009,HYA,MA,ANE,EN,Federal Contract Tower,0,30,4,0,34,0,244,65,0,309,0,274,69,0,343,68,0,68,411
04/21/2009,HYA,MA,ANE,EN,Federal Contract Tower,0,170,11,0,181,0,4,0,0,4,0,174,11,0,185,0,0,0,185
04/22/2009,HYA,MA,ANE,EN,Federal Contract Tower,0,76,26,0,102,0,128,27,0,155,0,204,53,0,257,30,0,30,287
04/23/2009,HYA,MA,ANE,EN,Federal Contract Tower,0,9,5,0,14,0,269,49,0,318,0,278,54,0,332,20,0,20,352
04/24/2009,HYA,MA,ANE,EN,Federal Contract Tower,0,7,8,0,15,0,271,69,0,340,0,278,77,0,355,32,0,32,387
04/25/2009,HYA,MA,ANE,EN,Federal Contract Tower,0,71,31,0,102,0,73,30,0,103,0,144,61,0,205,42,0,42,247
04/26/2009,HYA,MA,ANE,EN,Federal Contract Tower,0,8,12,0,20,0,198,73,0,271,0,206,85,0,291,82,0,82,373
04/27/2009,HYA,MA,ANE,EN,Federal Contract Tower,0,60,10,0,70,0,222,73,0,295,0,282,83,0,365,48,0,48,413
04/28/2009,HYA,MA,ANE,EN,Federal Contract Tower,0,12,12,0,24,0,259,54,0,313,0,271,66,0,337,22,0,22,359
04/29/2009,HYA,MA,ANE,EN,Federal Contract Tower,0,14,7,0,21,0,247,52,0,299,0,261,59,0,320,24,0,24,344
04/30/2009,HYA,MA,ANE,EN,Federal Contract Tower,0,7,15,0,22,0,245,59,0,304,0,252,74,0,326,40,0,40,366
05/01/2009,HYA,MA,ANE,EN,Federal Contract Tower,0,171,22,0,193,0,0,0,0,0,0,171,22,0,193,0,0,0,193
05/02/2009,HYA,MA,ANE,EN,Federal Contract Tower,0,39,16,1,56,0,100,27,0,127,0,139,43,1,183,0,2,2,185
05/03/2009,HYA,MA,ANE,EN,Federal Contract Tower,0,9,5,0,14,0,151,18,0,169,0,160,23,0,183,6,0,6,189
05/04/2009,HYA,MA,ANE,EN,Federal Contract Tower,0,22,4,0,26,0,276,44,0,320,0,298,48,0,346,38,0,38,384
05/05/2009,HYA,MA,ANE,EN,Federal Contract Tower,0,160,10,0,170,0,12,1,0,13,0,172,11,0,183,0,0,0,183
05/06/2009,HYA,MA,ANE,EN,Federal Contract Tower,0,139,23,0,162,0,105,33,0,138,0,244,56,0,300,54,0,54,354
05/07/2009,HYA,MA,ANE,EN,Federal Contract Tower,0,111,21,0,132,0,0,0,0,0,0,111,21,0,132,0,0,0,132
05/08/2009,HYA,MA,ANE,EN,Federal Contract Tower,0,12,7,0,19,0,253,70,0,323,0,265,77,0,342,52,0,52,394
05/09/2009,HYA,MA,ANE,EN,Federal Contract Tower,0,64,41,0,105,0,0,0,0,0,0,64,41,0,105,0,0,0,105
05/10/2009,HYA,MA,ANE,EN,Federal Contract Tower,0,8,9,0,17,0,228,61,0,289,0,236,70,0,306,0,0,0,306
05/11/2009,HYA,MA,ANE,EN,Federal Contract Tower,0,6,5,0,11,0,296,73,0,369,0,302,78,0,380,22,0,22,402
05/12/2009,HYA,MA,ANE,EN,Federal Contract Tower,0,10,6,0,16,0,271,63,0,334,0,281,69,0,350,56,0,56,406
05/13/2009,HYA,MA,ANE,EN,Federal Contract Tower,0,10,9,0,19,0,288,86,1,375,0,298,95,1,394,48,0,48,442
05/14/2009,HYA,MA,ANE,EN,Federal Contract Tower,0,15,4,0,19,0,309,60,0,369,0,324,64,0,388,52,2,54,442
05/15/2009,HYA,MA,ANE,EN,Federal Contract Tower,0,218,28,0,246,0,0,0,0,0,0,218,28,0,246,0,0,0,246
05/16/2009,HYA,MA,ANE,EN,Federal Contract Tower,0,47,11,0,58,0,210,67,0,277,0,257,78,0,335,48,0,48,383
05/17/2009,HYA,MA,ANE,EN,Federal Contract Tower,0,79,12,0,91,0,186,35,0,221,0,265,47,0,312,32,0,32,344
05/18/2009,HYA,MA,ANE,EN,Federal Contract Tower,0,18,10,0,28,0,273,62,0,335,0,291,72,0,363,48,2,50,413
05/19/2009,HYA,MA,ANE,EN,Federal Contract Tower,0,11,4,0,15,0,282,79,0,361,0,293,83,0,376,38,0,38,414
05/20/2009,HYA,MA,ANE,EN,Federal Contract Tower,0,13,10,0,23,0,292,86,0,378,0,305,96,0,401,32,0,32,433
05/21/2009,HYA,MA,ANE,EN,Federal Contract Tower,0,13,16,0,29,0,337,70,0,407,0,350,86,0,436,42,2,44,480
05/22/2009,HYA,MA,ANE,EN,Federal Contract Tower,0,27,23,0,50,0,381,96,0,477,0,408,119,0,527,6,0,6,533
05/23/2009,HYA,MA,ANE,EN,Federal Contract Tower,0,8,11,0,19,0,260,74,0,334,0,268,85,0,353,44,0,44,397
05/24/2009,HYA,MA,ANE,EN,Federal Contract Tower,0,137,8,0,145,0,73,38,0,111,0,210,46,0,256,0,0,0,256
05/25/2009,HYA,MA,ANE,EN,Federal Contract Tower,0,20,22,0,42,0,390,97,0,487,0,410,119,0,529,10,0,10,539
05/26/2009,HYA,MA,ANE,EN,Federal Contract Tower,0,9,9,0,18,0,293,72,0,365,0,302,81,0,383,22,0,22,405
05/27/2009,HYA,MA,ANE,EN,Federal Contract Tower,0,93,21,0,114,0,182,34,0,216,0,275,55,0,330,18,0,18,348
05/28/2009,HYA,MA,ANE,EN,Federal Contract Tower,0,187,31,0,218,0,57,11,0,68,0,244,42,0,286,14,0,14,300
05/29/2009,HYA,MA,ANE,EN,Federal Contract Tower,0,160,27,0,187,0,0,0,0,0,0,160,27,0,187,0,0,0,187
05/30/2009,HYA,MA,ANE,EN,Federal Contract Tower,0,47,10,0,57,0,148,71,0,219,0,195,81,0,276,30,0,30,306
05/31/2009,HYA,MA,ANE,EN,Federal Contract Tower,0,25,11,0,36,0,223,80,0,303,0,248,91,0,339,28,0,28,367
06/01/2009,HYA,MA,ANE,EN,Federal Contract Tower,0,15,14,0,29,0,273,97,0,370,0,288,111,0,399,36,0,36,435
06/02/2009,HYA,MA,ANE,EN,Federal Contract Tower,0,54,9,2,65,0,241,66,0,307,0,295,75,2,372,22,4,26,398
06/03/2009,HYA,MA,ANE,EN,Federal Contract Tower,0,46,18,0,64,0,236,68,0,304,0,282,86,0,368,20,0,20,388
06/04/2009,HYA,MA,ANE,EN,Federal Contract Tower,0,165,23,0,188,0,100,37,0,137,0,265,60,0,325,14,12,26,351
06/05/2009,HYA,MA,ANE,EN,Federal Contract Tower,0,136,28,0,164,0,127,36,0,163,0,263,64,0,327,20,0,20,347
06/06/2009,HYA,MA,ANE,EN,Federal Contract Tower,0,126,19,1,146,0,26,14,0,40,0,152,33,1,186,32,0,32,218
06/07/2009,HYA,MA,ANE,EN,Federal Contract Tower,0,27,10,1,38,0,235,117,0,352,0,262,127,1,390,64,0,64,454
06/08/2009,HYA,MA,ANE,EN,Federal Contract Tower,0,23,10,0,33,0,259,73,0,332,0,282,83,0,365,38,2,40,405
06/09/2009,HYA,MA,ANE,EN,Federal Contract Tower,0,40,12,0,52,0,230,37,0,267,0,270,49,0,319,20,0,20,339
06/10/2009,HYA,MA,ANE,EN,Federal Contract Tower,0,129,24,3,156,0,125,25,0,150,0,254,49,3,306,20,2,22,328
06/11/2009,HYA,MA,ANE,EN,Federal Contract Tower,0,209,36,4,249,0,12,3,0,15,0,221,39,4,264,0,0,0,264
06/12/2009,HYA,MA,ANE,EN,Federal Contract Tower,0,185,26,0,211,0,1,1,0,2,0,186,27,0,213,0,0,0,213
06/13/2009,HYA,MA,ANE,EN,Federal Contract Tower,0,21,18,0,39,0,233,74,0,307,0,254,92,0,346,22,0,22,368
06/14/2009,HYA,MA,ANE,EN,Federal Contract Tower,0,24,27,0,51,0,224,55,0,279,0,248,82,0,330,34,2,36,366
06/15/2009,HYA,MA,ANE,EN,Federal Contract Tower,0,147,34,0,181,0,126,31,0,157,0,273,65,0,338,34,2,36,374
06/16/2009,HYA,MA,ANE,EN,Federal Contract Tower,0,46,16,0,62,0,248,54,1,303,0,294,70,1,365,28,0,28,393
06/17/2009,HYA,MA,ANE,EN,Federal Contract Tower,0,14,14,0,28,0,280,101,0,381,0,294,115,0,409,34,0,34,443
06/18/2009,HYA,MA,ANE,EN,Federal Contract Tower,0,13,16,0,29,0,291,55,0,346,0,304,71,0,375,40,0,40,415
06/19/2009,HYA,MA,ANE,EN,Federal Contract Tower,0,230,46,0,276,0,30,2,0,32,0,260,48,0,308,20,0,20,328
06/20/2009,HYA,MA,ANE,EN,Federal Contract Tower,0,48,14,0,62,0,193,53,0,246,0,241,67,0,308,96,0,96,404
06/21/2009,HYA,MA,ANE,EN,Federal Contract Tower,0,154,40,0,194,0,0,0,0,0,0,154,40,0,194,0,0,0,194
06/22/2009,HYA,MA,ANE,EN,Federal Contract Tower,0,173,27,0,200,0,0,0,0,0,0,173,27,0,200,0,0,0,200
06/23/2009,HYA,MA,ANE,EN,Federal Contract Tower,0,169,26,0,195,0,0,0,0,0,0,169,26,0,195,0,0,0,195
06/24/2009,HYA,MA,ANE,EN,Federal Contract Tower,0,201,32,0,233,0,45,0,0,45,0,246,32,0,278,24,0,24,302
06/25/2009,HYA,MA,ANE,EN,Federal Contract Tower,0,141,31,0,172,0,161,44,0,205,0,302,75,0,377,20,4,24,401
06/26/2009,HYA,MA,ANE,EN,Federal Contract Tower,0,103,41,0,144,0,199,47,0,246,0,302,88,0,390,2,0,2,392
06/27/2009,HYA,MA,ANE,EN,Federal Contract Tower,0,24,13,0,37,0,231,78,0,309,0,255,91,0,346,38,0,38,384
06/28/2009,HYA,MA,ANE,EN,Federal Contract Tower,0,180,35,0,215,0,0,0,0,0,0,180,35,0,215,0,0,0,215
06/29/2009,HYA,MA,ANE,EN,Federal Contract Tower,0,168,37,0,205,0,145,46,0,191,0,313,83,0,396,36,0,36,432
06/30/2009,HYA,MA,ANE,EN,Federal Contract Tower,0,112,24,0,136,0,176,45,0,221,0,288,69,0,357,56,0,56,413
07/01/2009,HYA,MA,ANE,EN,Federal Contract Tower,0,86,28,0,114,0,161,14,0,175,0,247,42,0,289,2,0,2,291
07/02/2009,HYA,MA,ANE,EN,Federal Contract Tower,0,227,51,0,278,0,15,0,0,15,0,242,51,0,293,0,0,0,293
07/03/2009,HYA,MA,ANE,EN,Federal Contract Tower,0,137,44,0,181,0,84,11,0,95,0,221,55,0,276,0,0,0,276
07/04/2009,HYA,MA,ANE,EN,Federal Contract Tower,0,6,7,0,13,0,121,56,0,177,0,127,63,0,190,46,0,46,236
07/05/2009,HYA,MA,ANE,EN,Federal Contract Tower,0,25,18,0,43,0,244,72,0,316,0,269,90,0,359,26,0,26,385
07/06/2009,HYA,MA,ANE,EN,Federal Contract Tower,0,21,25,0,46,0,257,95,0,352,0,278,120,0,398,38,0,38,436
07/07/2009,HYA,MA,ANE,EN,Federal Contract Tower,0,43,35,0,78,0,171,33,0,204,0,214,68,0,282,6,4,10,292
07/08/2009,HYA,MA,ANE,EN,Federal Contract Tower,0,79,15,0,94,0,197,23,0,220,0,276,38,0,314,0,12,12,326
07/09/2009,HYA,MA,ANE,EN,Federal Contract Tower,0,32,28,0,60,0,266,85,0,351,0,298,113,0,411,34,0,34,445
07/10/2009,HYA,MA,ANE,EN,Federal Contract Tower,0,30,24,0,54,0,274,115,0,389,0,304,139,0,443,54,6,60,503
07/11/2009,HYA,MA,ANE,EN,Federal Contract Tower,0,16,17,0,33,0,180,74,0,254,0,196,91,0,287,40,0,40,327
07/12/2009,HYA,MA,ANE,EN,Federal Contract Tower,0,99,41,0,140,0,121,51,0,172,0,220,92,0,312,30,0,30,342
07/13/2009,HYA,MA,ANE,EN,Federal Contract Tower,0,24,21,0,45,0,250,80,0,330,0,274,101,0,375,32,0,32,407
07/14/2009,HYA,MA,ANE,EN,Federal Contract Tower,0,18,13,0,31,0,242,68,0,310,0,260,81,0,341,34,4,38,379
07/15/2009,HYA,MA,ANE,EN,Federal Contract Tower,0,21,21,0,42,0,260,83,0,343,0,281,104,0,385,12,0,12,397
07/16/2009,HYA,MA,ANE,EN,Federal Contract Tower,0,35,21,0,56,0,266,43,0,309,0,301,64,0,365,8,0,8,373
07/17/2009,HYA,MA,ANE,EN,Federal Contract Tower,0,105,27,0,132,0,201,73,0,274,0,306,100,0,406,28,2,30,436
07/18/2009,HYA,MA,ANE,EN,Federal Contract Tower,0,109,35,0,144,0,59,29,4,92,0,168,64,4,236,4,0,4,240
07/19/2009,HYA,MA,ANE,EN,Federal Contract Tower,0,13,29,0,42,0,208,65,0,273,0,221,94,0,315,14,0,14,329
07/20/2009,HYA,MA,ANE,EN,Federal Contract Tower,0,31,29,0,60,0,263,92,0,355,0,294,121,0,415,18,0,18,433
07/21/2009,HYA,MA,ANE,EN,Federal Contract Tower,0,190,26,0,216,0,0,0,0,0,0,190,26,0,216,0,0,0,216
07/22/2009,HYA,MA,ANE,EN,Federal Contract Tower,0,84,25,0,109,0,178,45,0,223,0,262,70,0,332,2,0,2,334
07/23/2009,HYA,MA,ANE,EN,Federal Contract Tower,0,164,64,2,230,0,106,30,2,138,0,270,94,4,368,6,0,6,374
07/24/2009,HYA,MA,ANE,EN,Federal Contract Tower,0,154,51,0,205,0,129,20,0,149,0,283,71,0,354,0,0,0,354
07/25/2009,HYA,MA,ANE,EN,Federal Contract Tower,0,83,16,0,99,0,135,63,0,198,0,218,79,0,297,22,0,22,319
07/26/2009,HYA,MA,ANE,EN,Federal Contract Tower,0,189,55,0,244,0,4,0,0,4,0,193,55,0,248,0,0,0,248
07/27/2009,HYA,MA,ANE,EN,Federal Contract Tower,0,66,35,0,101,0,184,37,0,221,0,250,72,0,322,4,0,4,326
07/28/2009,HYA,MA,ANE,EN,Federal Contract Tower,0,156,45,0,201,0,94,35,1,130,0,250,80,1,331,14,0,14,345
07/29/2009,HYA,MA,ANE,EN,Federal Contract Tower,0,227,56,0,283,0,0,0,0,0,0,227,56,0,283,0,0,0,283
07/30/2009,HYA,MA,ANE,EN,Federal Contract Tower,0,170,52,0,222,0,99,38,0,137,0,269,90,0,359,2,0,2,361
07/31/2009,HYA,MA,ANE,EN,Federal Contract Tower,0,226,61,2,289,0,39,6,0,45,0,265,67,2,334,0,0,0,334
08/01/2009,HYA,MA,ANE,EN,Federal Contract Tower,0,81,21,0,102,0,149,90,0,239,0,230,111,0,341,40,2,42,383
08/02/2009,HYA,MA,ANE,EN,Federal Contract Tower,0,175,57,0,232,0,22,4,0,26,0,197,61,0,258,0,0,0,258
08/03/2009,HYA,MA,ANE,EN,Federal Contract Tower,0,81,39,0,120,0,184,62,0,246,0,265,101,0,366,10,4,14,380
08/04/2009,HYA,MA,ANE,EN,Federal Contract Tower,0,135,55,0,190,0,74,45,0,119,0,209,100,0,309,18,0,18,327
08/05/2009,HYA,MA,ANE,EN,Federal Contract Tower,0,219,58,2,279,0,17,6,0,23,0,236,64,2,302,0,0,0,302
08/06/2009,HYA,MA,ANE,EN,Federal Contract Tower,0,32,43,0,75,0,258,97,0,355,0,290,140,0,430,10,0,10,440
08/07/2009,HYA,MA,ANE,EN,Federal Contract Tower,0,32,25,0,57,0,277,95,0,372,0,309,120,0,429,18,0,18,447
08/08/2009,HYA,MA,ANE,EN,Federal Contract Tower,0,19,22,0,41,0,189,92,0,281,0,208,114,0,322,2,0,2,324
08/09/2009,HYA,MA,ANE,EN,Federal Contract Tower,0,35,41,0,76,0,196,48,0,244,0,231,89,0,320,30,0,30,350
08/10/2009,HYA,MA,ANE,EN,Federal Contract Tower,0,97,46,2,145,0,173,48,0,221,0,270,94,2,366,8,4,12,378
08/11/2009,HYA,MA,ANE,EN,Federal Contract Tower,0,46,37,0,83,0,186,43,0,229,0,232,80,0,312,10,8,18,330
08/12/2009,HYA,MA,ANE,EN,Federal Contract Tower,0,239,51,0,290,0,4,8,0,12,0,243,59,0,302,0,0,0,302
08/13/2009,HYA,MA,ANE,EN,Federal Contract Tower,0,232,79,0,311,0,0,0,0,0,0,232,79,0,311,2,0,2,313
08/14/2009,HYA,MA,ANE,EN,Federal Contract Tower,0,95,58,3,156,0,186,78,0,264,0,281,136,3,420,20,0,20,440
08/15/2009,HYA,MA,ANE,EN,Federal Contract Tower,0,45,36,0,81,0,158,86,0,244,0,203,122,0,325,6,0,6,331
08/16/2009,HYA,MA,ANE,EN,Federal Contract Tower,0,27,31,1,59,0,192,80,0,272,0,219,111,1,331,12,0,12,343
08/17/2009,HYA,MA,ANE,EN,Federal Contract Tower,0,53,33,0,86,0,212,68,0,280,0,265,101,0,366,10,0,10,376
08/18/2009,HYA,MA,ANE,EN,Federal Contract Tower,0,42,23,0,65,0,197,94,0,291,0,239,117,0,356,6,0,6,362
08/19/2009,HYA,MA,ANE,EN,Federal Contract Tower,0,32,18,0,50,0,235,82,0,317,0,267,100,0,367,2,1,3,370
08/20/2009,HYA,MA,ANE,EN,Federal Contract Tower,0,163,50,0,213,0,101,51,0,152,0,264,101,0,365,20,0,20,385
08/21/2009,HYA,MA,ANE,EN,Federal Contract Tower,0,249,66,1,316,0,10,3,0,13,0,259,69,1,329,0,0,0,329
08/22/2009,HYA,MA,ANE,EN,Federal Contract Tower,0,100,35,0,135,0,81,15,0,96,0,181,50,0,231,2,0,2,233
08/23/2009,HYA,MA,ANE,EN,Federal Contract Tower,0,149,34,0,183,0,49,6,0,55,0,198,40,0,238,0,0,0,238
08/24/2009,HYA,MA,ANE,EN,Federal Contract Tower,0,172,55,0,227,0,54,15,0,69,0,226,70,0,296,0,0,0,296
08/25/2009,HYA,MA,ANE,EN,Federal Contract Tower,0,195,52,0,247,0,28,6,0,34,0,223,58,0,281,0,0,0,281
08/26/2009,HYA,MA,ANE,EN,Federal Contract Tower,0,64,40,0,104,0,190,34,0,224,0,254,74,0,328,0,0,0,328
08/27/2009,HYA,MA,ANE,EN,Federal Contract Tower,0,57,69,0,126,0,219,42,0,261,0,276,111,0,387,0,0,0,387
08/28/2009,HYA,MA,ANE,EN,Federal Contract Tower,0,85,57,0,142,0,212,31,0,243,0,297,88,0,385,0,0,0,385
08/29/2009,HYA,MA,ANE,EN,Federal Contract Tower,0,64,9,0,73,0,0,0,0,0,0,64,9,0,73,0,0,0,73
08/30/2009,HYA,MA,ANE,EN,Federal Contract Tower,0,193,41,0,234,0,0,0,0,0,0,193,41,0,234,0,0,0,234
08/31/2009,HYA,MA,ANE,EN,Federal Contract Tower,0,23,17,0,40,0,220,64,0,284,0,243,81,0,324,16,0,16,340
09/01/2009,HYA,MA,ANE,EN,Federal Contract Tower,0,31,19,0,50,0,213,75,0,288,0,244,94,0,338,34,0,34,372
09/02/2009,HYA,MA,ANE,EN,Federal Contract Tower,0,25,12,0,37,0,216,74,0,290,0,241,86,0,327,26,0,26,353
09/03/2009,HYA,MA,ANE,EN,Federal Contract Tower,0,16,16,0,32,0,244,87,2,333,0,260,103,2,365,22,0,22,387
09/04/2009,HYA,MA,ANE,EN,Federal Contract Tower,0,64,26,0,90,0,252,79,0,331,0,316,105,0,421,18,0,18,439
09/05/2009,HYA,MA,ANE,EN,Federal Contract Tower,0,10,15,0,25,0,174,61,0,235,0,184,76,0,260,8,0,8,268
09/06/2009,HYA,MA,ANE,EN,Federal Contract Tower,0,14,27,0,41,0,163,52,0,215,0,177,79,0,256,26,0,26,282
09/07/2009,HYA,MA,ANE,EN,Federal Contract Tower,0,30,28,0,58,0,299,79,0,378,0,329,107,0,436,14,2,16,452
09/08/2009,HYA,MA,ANE,EN,Federal Contract Tower,0,19,23,0,42,0,235,61,0,296,0,254,84,0,338,36,0,36,374
09/09/2009,HYA,MA,ANE,EN,Federal Contract Tower,0,63,10,0,73,0,192,34,2,228,0,255,44,2,301,0,0,0,301
09/10/2009,HYA,MA,ANE,EN,Federal Contract Tower,0,27,10,0,37,0,234,51,0,285,0,261,61,0,322,20,0,20,342
09/11/2009,HYA,MA,ANE,EN,Federal Contract Tower,0,95,20,0,115,0,175,34,0,209,0,270,54,0,324,0,0,0,324
09/12/2009,HYA,MA,ANE,EN,Federal Contract Tower,0,148,33,0,181,0,3,0,0,3,0,151,33,0,184,0,0,0,184
09/13/2009,HYA,MA,ANE,EN,Federal Contract Tower,0,116,23,0,139,0,82,49,0,131,0,198,72,0,270,10,0,10,280
09/14/2009,HYA,MA,ANE,EN,Federal Contract Tower,0,13,15,0,28,0,229,89,0,318,0,242,104,0,346,30,0,30,376
09/15/2009,HYA,MA,ANE,EN,Federal Contract Tower,0,25,17,0,42,0,197,67,0,264,0,222,84,0,306,24,0,24,330
09/16/2009,HYA,MA,ANE,EN,Federal Contract Tower,0,21,9,0,30,0,211,40,0,251,0,232,49,0,281,12,4,16,297
09/17/2009,HYA,MA,ANE,EN,Federal Contract Tower,0,13,14,0,27,0,229,42,0,271,0,242,56,0,298,16,0,16,314
09/18/2009,HYA,MA,ANE,EN,Federal Contract Tower,0,17,11,0,28,0,264,68,0,332,0,281,79,0,360,6,0,6,366
09/19/2009,HYA,MA,ANE,EN,Federal Contract Tower,0,11,14,0,25,0,158,50,0,208,0,169,64,0,233,8,0,8,241
09/20/2009,HYA,MA,ANE,EN,Federal Contract Tower,0,14,13,1,28,0,188,82,0,270,0,202,95,1,298,14,4,18,316
09/21/2009,HYA,MA,ANE,EN,Federal Contract Tower,0,18,7,0,25,0,214,72,0,286,0,232,79,0,311,6,0,6,317
09/22/2009,HYA,MA,ANE,EN,Federal Contract Tower,2,16,9,0,27,0,240,47,0,287,2,256,56,0,314,12,0,12,326
09/23/2009,HYA,MA,ANE,EN,Federal Contract Tower,0,18,12,0,30,0,228,32,0,260,0,246,44,0,290,8,0,8,298
09/24/2009,HYA,MA,ANE,EN,Federal Contract Tower,0,82,24,0,106,0,166,33,0,199,0,248,57,0,305,4,0,4,309
09/25/2009,HYA,MA,ANE,EN,Federal Contract Tower,0,16,13,0,29,0,235,62,0,297,0,251,75,0,326,4,0,4,330
09/26/2009,HYA,MA,ANE,EN,Federal Contract Tower,0,11,11,0,22,0,154,90,0,244,0,165,101,0,266,2,0,2,268
09/27/2009,HYA,MA,ANE,EN,Federal Contract Tower,0,111,14,0,125,0,58,3,0,61,0,169,17,0,186,0,0,0,186
09/28/2009,HYA,MA,ANE,EN,Federal Contract Tower,0,21,10,0,31,0,240,62,0,302,0,261,72,0,333,18,0,18,351
09/29/2009,HYA,MA,ANE,EN,Federal Contract Tower,0,15,13,0,28,0,213,56,0,269,0,228,69,0,297,26,0,26,323
09/30/2009,HYA,MA,ANE,EN,Federal Contract Tower,0,20,16,0,36,0,207,45,0,252,0,227,61,0,288,38,0,38,326
10/01/2009,HYA,MA,ANE,EN,Federal Contract Tower,0,12,5,0,17,0,234,60,0,294,0,246,65,0,311,2,0,2,313
10/02/2009,HYA,MA,ANE,EN,Federal Contract Tower,0,16,15,0,31,0,237,72,0,309,0,253,87,0,340,8,0,8,348
10/03/2009,HYA,MA,ANE,EN,Federal Contract Tower,0,51,8,0,59,0,81,7,2,90,0,132,15,2,149,0,0,0,149
10/04/2009,HYA,MA,ANE,EN,Federal Contract Tower,0,92,25,0,117,0,77,10,0,87,0,169,35,0,204,0,0,0,204
10/05/2009,HYA,MA,ANE,EN,Federal Contract Tower,0,41,12,0,53,0,185,37,0,222,0,226,49,0,275,16,0,16,291
10/06/2009,HYA,MA,ANE,EN,Federal Contract Tower,0,10,5,0,15,0,207,64,0,271,0,217,69,0,286,30,2,32,318
10/07/2009,HYA,MA,ANE,EN,Federal Contract Tower,0,41,5,0,46,0,190,27,0,217,0,231,32,0,263,18,0,18,281
10/08/2009,HYA,MA,ANE,EN,Federal Contract Tower,0,18,9,0,27,0,259,52,4,315,0,277,61,4,342,18,0,18,360
10/09/2009,HYA,MA,ANE,EN,Federal Contract Tower,0,19,25,2,46,0,283,49,0,332,0,302,74,2,378,24,0,24,402
10/10/2009,HYA,MA,ANE,EN,Federal Contract Tower,0,53,14,0,67,0,124,45,0,169,0,177,59,0,236,8,0,8,244
10/11/2009,HYA,MA,ANE,EN,Federal Contract Tower,0,6,7,0,13,0,167,77,0,244,0,173,84,0,257,32,0,32,289
10/12/2009,HYA,MA,ANE,EN,Federal Contract Tower,0,19,21,0,40,0,236,71,0,307,0,255,92,0,347,12,0,12,359
10/13/2009,HYA,MA,ANE,EN,Federal Contract Tower,0,42,11,1,54,0,212,35,0,247,0,254,46,1,301,8,4,12,313
10/14/2009,HYA,MA,ANE,EN,Federal Contract Tower,0,10,7,0,17,0,207,59,0,266,0,217,66,0,283,2,4,6,289
10/15/2009,HYA,MA,ANE,EN,Federal Contract Tower,0,36,11,1,48,0,235,45,0,280,0,271,56,1,328,14,0,14,342
10/16/2009,HYA,MA,ANE,EN,Federal Contract Tower,0,77,20,0,97,0,133,8,0,141,0,210,28,0,238,0,0,0,238
10/17/2009,HYA,MA,ANE,EN,Federal Contract Tower,0,19,4,0,23,0,135,26,0,161,0,154,30,0,184,0,0,0,184
10/18/2009,HYA,MA,ANE,EN,Federal Contract Tower,0,101,7,0,108,0,5,0,0,5,0,106,7,0,113,0,0,0,113
10/19/2009,HYA,MA,ANE,EN,Federal Contract Tower,0,24,9,0,33,0,202,28,2,232,0,226,37,2,265,8,0,8,273
10/20/2009,HYA,MA,ANE,EN,Federal Contract Tower,0,24,12,0,36,0,215,73,0,288,0,239,85,0,324,10,2,12,336
10/21/2009,HYA,MA,ANE,EN,Federal Contract Tower,0,7,8,0,15,0,222,83,0,305,0,229,91,0,320,40,0,40,360
10/22/2009,HYA,MA,ANE,EN,Federal Contract Tower,0,12,10,0,22,0,234,57,2,293,0,246,67,2,315,26,0,26,341
10/23/2009,HYA,MA,ANE,EN,Federal Contract Tower,0,17,9,0,26,0,226,40,0,266,0,243,49,0,292,28,0,28,320
10/24/2009,HYA,MA,ANE,EN,Federal Contract Tower,0,51,16,0,67,0,96,2,0,98,0,147,18,0,165,4,0,4,169
10/25/2009,HYA,MA,ANE,EN,Federal Contract Tower,0,5,10,0,15,0,138,45,0,183,0,143,55,0,198,36,0,36,234
10/26/2009,HYA,MA,ANE,EN,Federal Contract Tower,0,11,3,0,14,0,186,58,0,244,0,197,61,0,258,30,0,30,288
10/27/2009,HYA,MA,ANE,EN,Federal Contract Tower,0,40,8,0,48,0,157,26,0,183,0,197,34,0,231,26,0,26,257
10/28/2009,HYA,MA,ANE,EN,Federal Contract Tower,0,152,18,0,170,0,0,0,0,0,0,152,18,0,170,0,0,0,170
10/29/2009,HYA,MA,ANE,EN,Federal Contract Tower,0,16,11,0,27,0,233,62,0,295,0,249,73,0,322,22,4,26,348
10/30/2009,HYA,MA,ANE,EN,Federal Contract Tower,0,14,12,0,26,0,241,61,0,302,0,255,73,0,328,48,0,48,376
10/31/2009,HYA,MA,ANE,EN,Federal Contract Tower,0,43,3,0,46,0,154,23,0,177,0,197,26,0,223,34,0,34,257
11/01/2009,HYA,MA,ANE,EN,Federal Contract Tower,0,1,7,0,8,0,155,33,0,188,0,156,40,0,196,4,0,4,200
11/02/2009,HYA,MA,ANE,EN,Federal Contract Tower,0,18,3,0,21,0,191,24,0,215,0,209,27,0,236,10,0,10,246
11/03/2009,HYA,MA,ANE,EN,Federal Contract Tower,0,15,10,1,26,0,210,52,0,262,0,225,62,1,288,34,2,36,324
11/04/2009,HYA,MA,ANE,EN,Federal Contract Tower,0,13,7,0,20,0,203,41,4,248,0,216,48,4,268,14,2,16,284
11/05/2009,HYA,MA,ANE,EN,Federal Contract Tower,0,18,10,0,28,0,211,42,1,254,0,229,52,1,282,26,4,30,312
11/06/2009,HYA,MA,ANE,EN,Federal Contract Tower,0,18,10,0,28,0,195,40,12,247,0,213,50,12,275,4,0,4,279
11/07/2009,HYA,MA,ANE,EN,Federal Contract Tower,0,4,11,4,19,0,161,56,3,220,0,165,67,7,239,28,2,30,269
11/08/2009,HYA,MA,ANE,EN,Federal Contract Tower,0,12,11,0,23,0,166,36,0,202,0,178,47,0,225,16,0,16,241
11/09/2009,HYA,MA,ANE,EN,Federal Contract Tower,0,18,13,0,31,0,181,41,0,222,0,199,54,0,253,4,0,4,257
11/10/2009,HYA,MA,ANE,EN,Federal Contract Tower,0,12,11,0,23,0,193,28,2,223,0,205,39,2,246,10,0,10,256
11/11/2009,HYA,MA,ANE,EN,Federal Contract Tower,0,21,7,0,28,0,178,34,0,212,0,199,41,0,240,6,0,6,246
11/12/2009,HYA,MA,ANE,EN,Federal Contract Tower,0,8,10,0,18,0,219,45,0,264,0,227,55,0,282,2,0,2,284
11/13/2009,HYA,MA,ANE,EN,Federal Contract Tower,0,45,12,0,57,0,218,21,0,239,0,263,33,0,296,4,0,4,300
11/14/2009,HYA,MA,ANE,EN,Federal Contract Tower,0,82,13,0,95,0,43,3,0,46,0,125,16,0,141,0,0,0,141
11/15/2009,HYA,MA,ANE,EN,Federal Contract Tower,0,86,17,0,103,0,0,0,0,0,0,86,17,0,103,0,0,0,103
11/16/2009,HYA,MA,ANE,EN,Federal Contract Tower,0,8,5,0,13,0,193,47,0,240,0,201,52,0,253,4,0,4,257
11/17/2009,HYA,MA,ANE,EN,Federal Contract Tower,0,18,10,0,28,0,186,41,0,227,0,204,51,0,255,18,0,18,273
11/18/2009,HYA,MA,ANE,EN,Federal Contract Tower,0,9,8,0,17,0,203,64,0,267,0,212,72,0,284,30,0,30,314
11/19/2009,HYA,MA,ANE,EN,Federal Contract Tower,0,24,6,0,30,0,186,44,0,230,0,210,50,0,260,6,0,6,266
11/20/2009,HYA,MA,ANE,EN,Federal Contract Tower,0,72,16,0,88,0,130,16,0,146,0,202,32,0,234,0,0,0,234
11/21/2009,HYA,MA,ANE,EN,Federal Contract Tower,0,2,2,0,4,0,152,44,0,196,0,154,46,0,200,30,2,32,232
11/22/2009,HYA,MA,ANE,EN,Federal Contract Tower,0,10,8,0,18,0,131,31,0,162,0,141,39,0,180,8,0,8,188
11/23/2009,HYA,MA,ANE,EN,Federal Contract Tower,0,49,8,0,57,0,162,23,0,185,0,211,31,0,242,0,0,0,242
11/24/2009,HYA,MA,ANE,EN,Federal Contract Tower,0,177,37,0,214,0,0,0,0,0,0,177,37,0,214,0,0,0,214
11/25/2009,HYA,MA,ANE,EN,Federal Contract Tower,0,216,52,0,268,0,0,0,0,0,0,216,52,0,268,0,0,0,268
11/26/2009,HYA,MA,ANE,EN,Federal Contract Tower,0,121,4,0,125,0,3,0,0,3,0,124,4,0,128,0,0,0,128
11/27/2009,HYA,MA,ANE,EN,Federal Contract Tower,0,127,5,0,132,0,55,1,0,56,0,182,6,0,188,0,0,0,188
11/28/2009,HYA,MA,ANE,EN,Federal Contract Tower,0,17,6,0,23,0,184,23,0,207,0,201,29,0,230,0,0,0,230
11/29/2009,HYA,MA,ANE,EN,Federal Contract Tower,0,20,8,0,28,0,214,95,0,309,0,234,103,0,337,0,0,0,337
11/30/2009,HYA,MA,ANE,EN,Federal Contract Tower,0,48,15,0,63,0,135,29,0,164,0,183,44,0,227,8,2,10,237
12/01/2009,HYA,MA,ANE,EN,Federal Contract Tower,0,11,9,4,24,0,187,53,0,240,0,198,62,4,264,2,2,4,268
12/02/2009,HYA,MA,ANE,EN,Federal Contract Tower,0,16,7,0,23,0,197,43,0,240,0,213,50,0,263,14,0,14,277
12/03/2009,HYA,MA,ANE,EN,Federal Contract Tower,0,29,5,0,34,0,141,20,0,161,0,170,25,0,195,0,0,0,195
12/04/2009,HYA,MA,ANE,EN,Federal Contract Tower,0,10,6,0,16,0,272,50,2,324,0,282,56,2,340,2,0,2,342
12/05/2009,HYA,MA,ANE,EN,Federal Contract Tower,0,56,10,0,66,0,105,16,0,121,0,161,26,0,187,4,0,4,191
12/06/2009,HYA,MA,ANE,EN,Federal Contract Tower,0,7,5,0,12,0,213,33,0,246,0,220,38,0,258,24,0,24,282
12/07/2009,HYA,MA,ANE,EN,Federal Contract Tower,0,8,7,0,15,0,203,37,0,240,0,211,44,0,255,28,0,28,283
12/08/2009,HYA,MA,ANE,EN,Federal Contract Tower,0,14,7,0,21,0,200,34,0,234,0,214,41,0,255,0,2,2,257
12/09/2009,HYA,MA,ANE,EN,Federal Contract Tower,0,84,10,0,94,0,17,2,0,19,0,101,12,0,113,0,0,0,113
12/10/2009,HYA,MA,ANE,EN,Federal Contract Tower,0,6,6,0,12,0,213,35,0,248,0,219,41,0,260,10,0,10,270
12/11/2009,HYA,MA,ANE,EN,Federal Contract Tower,0,8,6,0,14,0,233,36,2,271,0,241,42,2,285,4,0,4,289
12/12/2009,HYA,MA,ANE,EN,Federal Contract Tower,0,0,1,0,1,0,156,35,0,191,0,156,36,0,192,0,0,0,192
12/13/2009,HYA,MA,ANE,EN,Federal Contract Tower,0,16,6,0,22,0,128,26,0,154,0,144,32,0,176,4,0,4,180
12/14/2009,HYA,MA,ANE,EN,Federal Contract Tower,0,10,8,0,18,0,188,29,0,217,0,198,37,0,235,14,0,14,249
12/15/2009,HYA,MA,ANE,EN,Federal Contract Tower,0,43,12,0,55,0,179,28,0,207,0,222,40,0,262,14,0,14,276
12/16/2009,HYA,MA,ANE,EN,Federal Contract Tower,0,6,5,1,12,0,206,44,0,250,0,212,49,1,262,0,2,2,264
12/17/2009,HYA,MA,ANE,EN,Federal Contract Tower,0,5,3,0,8,0,216,32,0,248,0,221,35,0,256,18,0,18,274
12/18/2009,HYA,MA,ANE,EN,Federal Contract Tower,0,9,9,0,18,0,212,39,2,253,0,221,48,2,271,16,0,16,287
12/19/2009,HYA,MA,ANE,EN,Federal Contract Tower,0,3,5,0,8,0,174,34,0,208,0,177,39,0,216,0,0,0,216
12/20/2009,HYA,MA,ANE,EN,Federal Contract Tower,0,0,0,0,0,0,0,0,0,0,0,0,0,0,0,0,0,0,0
12/21/2009,HYA,MA,ANE,EN,Federal Contract Tower,0,4,5,0,9,0,63,5,0,68,0,67,10,0,77,0,0,0,77
12/22/2009,HYA,MA,ANE,EN,Federal Contract Tower,0,10,9,2,21,0,201,44,0,245,0,211,53,2,266,8,2,10,276
12/23/2009,HYA,MA,ANE,EN,Federal Contract Tower,0,9,3,0,12,0,220,38,0,258,0,229,41,0,270,4,0,4,274
12/24/2009,HYA,MA,ANE,EN,Federal Contract Tower,0,89,12,0,101,0,52,8,0,60,0,141,20,0,161,0,0,0,161
12/25/2009,HYA,MA,ANE,EN,Federal Contract Tower,0,16,2,0,18,0,119,2,0,121,0,135,4,0,139,0,0,0,139
12/26/2009,HYA,MA,ANE,EN,Federal Contract Tower,0,21,0,0,21,0,109,13,2,124,0,130,13,2,145,0,0,0,145
12/27/2009,HYA,MA,ANE,EN,Federal Contract Tower,0,78,6,0,84,0,46,0,0,46,0,124,6,0,130,0,0,0,130
12/28/2009,HYA,MA,ANE,EN,Federal Contract Tower,0,6,6,0,12,0,186,26,4,216,0,192,32,4,228,10,0,10,238
12/29/2009,HYA,MA,ANE,EN,Federal Contract Tower,0,6,6,0,12,0,181,16,0,197,0,187,22,0,209,16,0,16,225
12/30/2009,HYA,MA,ANE,EN,Federal Contract Tower,0,7,12,0,19,0,225,44,3,272,0,232,56,3,291,20,0,20,311
12/31/2009,HYA,MA,ANE,EN,Federal Contract Tower,0,55,14,0,69,0,123,12,0,135,0,178,26,0,204,0,0,0,204
01/01/2010,HYA,MA,ANE,EN,Federal Contract Tower,0,53,7,0,60,0,51,5,0,56,0,104,12,0,116,0,0,0,116
01/02/2010,HYA,MA,ANE,EN,Federal Contract Tower,0,97,9,0,106,0,0,0,0,0,0,97,9,0,106,0,0,0,106
01/03/2010,HYA,MA,ANE,EN,Federal Contract Tower,0,56,4,0,60,0,30,0,0,30,0,86,4,0,90,2,0,2,92
01/04/2010,HYA,MA,ANE,EN,Federal Contract Tower,0,9,13,0,22,0,180,29,0,209,0,189,42,0,231,6,0,6,237
01/05/2010,HYA,MA,ANE,EN,Federal Contract Tower,0,11,4,0,15,0,194,34,0,228,0,205,38,0,243,8,0,8,251
01/06/2010,HYA,MA,ANE,EN,Federal Contract Tower,0,11,4,0,15,0,185,30,0,215,0,196,34,0,230,20,0,20,250
01/07/2010,HYA,MA,ANE,EN,Federal Contract Tower,0,8,6,0,14,0,181,25,0,206,0,189,31,0,220,14,0,14,234
01/08/2010,HYA,MA,ANE,EN,Federal Contract Tower,0,68,7,0,75,0,94,11,0,105,0,162,18,0,180,0,0,0,180
01/09/2010,HYA,MA,ANE,EN,Federal Contract Tower,0,5,4,0,9,0,119,42,0,161,0,124,46,0,170,8,0,8,178
01/10/2010,HYA,MA,ANE,EN,Federal Contract Tower,0,0,1,0,1,0,131,32,0,163,0,131,33,0,164,22,0,22,186
01/11/2010,HYA,MA,ANE,EN,Federal Contract Tower,0,8,8,0,16,0,181,41,0,222,0,189,49,0,238,0,0,0,238
01/12/2010,HYA,MA,ANE,EN,Federal Contract Tower,0,15,9,0,24,0,194,38,0,232,0,209,47,0,256,4,0,4,260
01/13/2010,HYA,MA,ANE,EN,Federal Contract Tower,0,11,6,0,17,0,176,26,0,202,0,187,32,0,219,6,0,6,225
01/14/2010,HYA,MA,ANE,EN,Federal Contract Tower,0,7,5,0,12,0,227,45,0,272,0,234,50,0,284,28,0,28,312
01/15/2010,HYA,MA,ANE,EN,Federal Contract Tower,0,7,9,0,16,0,216,54,0,270,0,223,63,0,286,32,0,32,318
01/16/2010,HYA,MA,ANE,EN,Federal Contract Tower,0,5,9,0,14,0,138,47,0,185,0,143,56,0,199,56,0,56,255
01/17/2010,HYA,MA,ANE,EN,Federal Contract Tower,0,28,6,0,34,0,106,15,0,121,0,134,21,0,155,10,0,10,165
01/18/2010,HYA,MA,ANE,EN,Federal Contract Tower,0,103,11,0,114,0,32,1,0,33,0,135,12,0,147,0,0,0,147
01/19/2010,HYA,MA,ANE,EN,Federal Contract Tower,0,96,4,0,100,0,89,7,0,96,0,185,11,0,196,6,0,6,202
01/20/2010,HYA,MA,ANE,EN,Federal Contract Tower,0,90,18,0,108,0,97,15,0,112,0,187,33,0,220,2,0,2,222
01/21/2010,HYA,MA,ANE,EN,Federal Contract Tower,0,9,2,0,11,0,212,37,0,249,0,221,39,0,260,24,0,24,284
01/22/2010,HYA,MA,ANE,EN,Federal Contract Tower,0,11,3,0,14,0,203,37,0,240,0,214,40,0,254,22,0,22,276
01/23/2010,HYA,MA,ANE,EN,Federal Contract Tower,0,3,2,0,5,0,160,39,0,199,0,163,41,0,204,0,0,0,204
01/24/2010,HYA,MA,ANE,EN,Federal Contract Tower,0,4,9,0,13,0,139,28,0,167,0,143,37,0,180,8,0,8,188
01/25/2010,HYA,MA,ANE,EN,Federal Contract Tower,0,27,3,0,30,0,65,6,0,71,0,92,9,0,101,0,0,0,101
01/26/2010,HYA,MA,ANE,EN,Federal Contract Tower,0,10,6,0,16,0,208,28,0,236,0,218,34,0,252,16,0,16,268
01/27/2010,HYA,MA,ANE,EN,Federal Contract Tower,0,6,6,0,12,0,211,60,2,273,0,217,66,2,285,48,0,48,333
01/28/2010,HYA,MA,ANE,EN,Federal Contract Tower,0,21,5,0,26,0,213,25,0,238,0,234,30,0,264,16,0,16,280
01/29/2010,HYA,MA,ANE,EN,Federal Contract Tower,0,6,0,0,6,0,231,27,0,258,0,237,27,0,264,66,0,66,330
01/30/2010,HYA,MA,ANE,EN,Federal Contract Tower,0,5,5,0,10,0,150,24,0,174,0,155,29,0,184,34,0,34,218
01/31/2010,HYA,MA,ANE,EN,Federal Contract Tower,0,3,3,0,6,0,150,30,0,180,0,153,33,0,186,8,0,8,194
02/01/2010,HYA,MA,ANE,EN,Federal Contract Tower,0,4,11,0,15,0,183,31,0,214,0,187,42,0,229,16,0,16,245
02/02/2010,HYA,MA,ANE,EN,Federal Contract Tower,0,9,12,0,21,0,233,43,0,276,0,242,55,0,297,26,0,26,323
02/03/2010,HYA,MA,ANE,EN,Federal Contract Tower,0,101,14,0,115,0,96,16,0,112,0,197,30,0,227,12,0,12,239
02/04/2010,HYA,MA,ANE,EN,Federal Contract Tower,0,11,4,0,15,0,223,34,2,259,0,234,38,2,274,26,0,26,300
02/05/2010,HYA,MA,ANE,EN,Federal Contract Tower,0,3,1,0,4,0,234,59,0,293,0,237,60,0,297,54,0,54,351
02/06/2010,HYA,MA,ANE,EN,Federal Contract Tower,0,19,3,0,22,0,135,8,0,143,0,154,11,0,165,6,0,6,171
02/07/2010,HYA,MA,ANE,EN,Federal Contract Tower,0,8,5,0,13,0,133,25,0,158,0,141,30,0,171,38,0,38,209
02/08/2010,HYA,MA,ANE,EN,Federal Contract Tower,0,6,6,0,12,0,176,39,0,215,0,182,45,0,227,6,0,6,233
02/09/2010,HYA,MA,ANE,EN,Federal Contract Tower,0,8,11,0,19,0,219,50,0,269,0,227,61,0,288,14,0,14,302
02/10/2010,HYA,MA,ANE,EN,Federal Contract Tower,0,27,1,0,28,0,35,8,0,43,0,62,9,0,71,0,0,0,71
02/11/2010,HYA,MA,ANE,EN,Federal Contract Tower,0,4,2,0,6,0,126,7,0,133,0,130,9,0,139,4,0,4,143
02/12/2010,HYA,MA,ANE,EN,Federal Contract Tower,0,9,3,0,12,0,245,53,0,298,0,254,56,0,310,64,0,64,374
02/13/2010,HYA,MA,ANE,EN,Federal Contract Tower,0,6,7,0,13,0,224,51,0,275,0,230,58,0,288,64,0,64,352
02/14/2010,HYA,MA,ANE,EN,Federal Contract Tower,0,2,1,0,3,0,219,62,4,285,0,221,63,4,288,32,0,32,320
02/15/2010,HYA,MA,ANE,EN,Federal Contract Tower,0,7,10,0,17,0,224,54,0,278,0,231,64,0,295,40,0,40,335
02/16/2010,HYA,MA,ANE,EN,Federal Contract Tower,0,108,12,0,120,0,39,0,0,39,0,147,12,0,159,0,0,0,159
02/17/2010,HYA,MA,ANE,EN,Federal Contract Tower,0,6,5,0,11,0,215,31,0,246,0,221,36,0,257,44,0,44,301
02/18/2010,HYA,MA,ANE,EN,Federal Contract Tower,0,7,3,0,10,0,220,29,0,249,0,227,32,0,259,2,0,2,261
02/19/2010,HYA,MA,ANE,EN,Federal Contract Tower,0,17,1,0,18,0,262,52,0,314,0,279,53,0,332,14,2,16,348
02/20/2010,HYA,MA,ANE,EN,Federal Contract Tower,0,2,8,0,10,0,230,64,0,294,0,232,72,0,304,22,0,22,326
02/21/2010,HYA,MA,ANE,EN,Federal Contract Tower,0,4,5,0,9,0,150,37,0,187,0,154,42,0,196,14,0,14,210
02/22/2010,HYA,MA,ANE,EN,Federal Contract Tower,0,12,9,0,21,0,186,38,0,224,0,198,47,0,245,22,0,22,267
02/23/2010,HYA,MA,ANE,EN,Federal Contract Tower,0,12,0,0,12,0,214,13,0,227,0,226,13,0,239,8,0,8,247
02/24/2010,HYA,MA,ANE,EN,Federal Contract Tower,0,93,10,0,103,0,139,24,0,163,0,232,34,0,266,0,0,0,266
02/25/2010,HYA,MA,ANE,EN,Federal Contract Tower,0,111,11,0,122,0,0,0,0,0,0,111,11,0,122,0,0,0,122
02/26/2010,HYA,MA,ANE,EN,Federal Contract Tower,0,29,10,0,39,0,170,21,0,191,0,199,31,0,230,0,0,0,230
02/27/2010,HYA,MA,ANE,EN,Federal Contract Tower,0,64,10,0,74,0,106,15,0,121,0,170,25,0,195,0,0,0,195
02/28/2010,HYA,MA,ANE,EN,Federal Contract Tower,0,15,8,0,23,0,130,12,0,142,0,145,20,0,165,4,4,8,173
03/01/2010,HYA,MA,ANE,EN,Federal Contract Tower,0,27,5,0,32,0,101,11,0,112,0,128,16,0,144,0,0,0,144
03/02/2010,HYA,MA,ANE,EN,Federal Contract Tower,0,8,9,0,17,0,210,42,1,253,0,218,51,1,270,16,0,16,286
03/03/2010,HYA,MA,ANE,EN,Federal Contract Tower,0,99,9,0,108,0,35,7,0,42,0,134,16,0,150,0,0,0,150
03/04/2010,HYA,MA,ANE,EN,Federal Contract Tower,0,132,10,0,142,0,47,4,0,51,0,179,14,0,193,0,0,0,193
03/05/2010,HYA,MA,ANE,EN,Federal Contract Tower,0,20,8,0,28,0,124,24,0,148,0,144,32,0,176,0,0,0,176
03/06/2010,HYA,MA,ANE,EN,Federal Contract Tower,0,3,6,0,9,0,157,59,0,216,0,160,65,0,225,40,0,40,265
03/07/2010,HYA,MA,ANE,EN,Federal Contract Tower,0,4,5,0,9,0,149,49,0,198,0,153,54,0,207,24,2,26,233
03/08/2010,HYA,MA,ANE,EN,Federal Contract Tower,0,4,5,0,9,0,194,47,0,241,0,198,52,0,250,28,0,28,278
03/09/2010,HYA,MA,ANE,EN,Federal Contract Tower,0,6,9,0,15,0,199,50,0,249,0,205,59,0,264,8,0,8,272
03/10/2010,HYA,MA,ANE,EN,Federal Contract Tower,0,8,5,0,13,0,198,42,0,240,0,206,47,0,253,12,0,12,265
03/11/2010,HYA,MA,ANE,EN,Federal Contract Tower,0,9,8,2,19,0,217,23,0,240,0,226,31,2,259,10,0,10,269
03/12/2010,HYA,MA,ANE,EN,Federal Contract Tower,0,9,5,0,14,0,201,24,0,225,0,210,29,0,239,14,0,14,253
03/13/2010,HYA,MA,ANE,EN,Federal Contract Tower,0,66,7,0,73,0,59,2,0,61,0,125,9,0,134,0,0,0,134
03/14/2010,HYA,MA,ANE,EN,Federal Contract Tower,0,53,5,0,58,0,0,0,0,0,0,53,5,0,58,0,0,0,58
03/15/2010,HYA,MA,ANE,EN,Federal Contract Tower,0,159,13,0,172,0,0,0,0,0,0,159,13,0,172,0,0,0,172
03/16/2010,HYA,MA,ANE,EN,Federal Contract Tower,0,10,4,0,14,0,197,24,0,221,0,207,28,0,235,4,4,8,243
03/17/2010,HYA,MA,ANE,EN,Federal Contract Tower,0,9,10,0,19,0,214,51,0,265,0,223,61,0,284,10,0,10,294
03/18/2010,HYA,MA,ANE,EN,Federal Contract Tower,0,9,3,0,12,0,230,58,0,288,0,239,61,0,300,24,0,24,324
03/19/2010,HYA,MA,ANE,EN,Federal Contract Tower,0,6,5,0,11,0,214,59,0,273,0,220,64,0,284,6,2,8,292
03/20/2010,HYA,MA,ANE,EN,Federal Contract Tower,0,5,8,0,13,0,132,60,0,192,0,137,68,0,205,14,0,14,219
03/21/2010,HYA,MA,ANE,EN,Federal Contract Tower,0,2,2,0,4,0,144,41,0,185,0,146,43,0,189,10,0,10,199
03/22/2010,HYA,MA,ANE,EN,Federal Contract Tower,0,140,24,1,165,0,4,0,0,4,0,144,24,1,169,0,0,0,169
03/23/2010,HYA,MA,ANE,EN,Federal Contract Tower,0,134,10,0,144,0,0,0,0,0,0,134,10,0,144,0,0,0,144
03/24/2010,HYA,MA,ANE,EN,Federal Contract Tower,0,19,5,0,24,0,217,25,0,242,0,236,30,0,266,26,2,28,294
03/25/2010,HYA,MA,ANE,EN,Federal Contract Tower,0,5,7,0,12,0,215,67,0,282,0,220,74,0,294,36,0,36,330
03/26/2010,HYA,MA,ANE,EN,Federal Contract Tower,0,95,10,0,105,0,82,11,0,93,0,177,21,0,198,0,0,0,198
03/27/2010,HYA,MA,ANE,EN,Federal Contract Tower,0,1,2,0,3,0,143,58,0,201,0,144,60,0,204,32,0,32,236
03/28/2010,HYA,MA,ANE,EN,Federal Contract Tower,0,4,8,0,12,0,145,41,0,186,0,149,49,0,198,46,0,46,244
03/29/2010,HYA,MA,ANE,EN,Federal Contract Tower,0,30,1,0,31,0,141,11,0,152,0,171,12,0,183,2,0,2,185
03/30/2010,HYA,MA,ANE,EN,Federal Contract Tower,0,125,7,0,132,0,0,0,0,0,0,125,7,0,132,0,0,0,132
03/31/2010,HYA,MA,ANE,EN,Federal Contract Tower,0,83,13,0,96,0,88,14,0,102,0,171,27,0,198,2,0,2,200
04/01/2010,HYA,MA,ANE,EN,Federal Contract Tower,0,62,12,0,74,0,188,30,0,218,0,250,42,0,292,14,0,14,306
04/02/2010,HYA,MA,ANE,EN,Federal Contract Tower,0,26,4,0,30,0,215,48,0,263,0,241,52,0,293,16,0,16,309
04/03/2010,HYA,MA,ANE,EN,Federal Contract Tower,0,58,14,0,72,0,76,55,1,132,0,134,69,1,204,34,0,34,238
04/04/2010,HYA,MA,ANE,EN,Federal Contract Tower,0,52,6,0,58,0,115,27,0,142,0,167,33,0,200,4,0,4,204
04/05/2010,HYA,MA,ANE,EN,Federal Contract Tower,0,18,6,0,24,0,206,52,2,260,0,224,58,2,284,44,0,44,328
04/06/2010,HYA,MA,ANE,EN,Federal Contract Tower,0,28,13,0,41,0,190,38,0,228,0,218,51,0,269,28,4,32,301
04/07/2010,HYA,MA,ANE,EN,Federal Contract Tower,0,13,12,0,25,0,219,75,0,294,0,232,87,0,319,80,0,80,399
04/08/2010,HYA,MA,ANE,EN,Federal Contract Tower,0,76,14,0,90,0,182,30,0,212,0,258,44,0,302,20,0,20,322
04/09/2010,HYA,MA,ANE,EN,Federal Contract Tower,0,179,16,0,195,0,0,0,0,0,0,179,16,0,195,0,0,0,195
04/10/2010,HYA,MA,ANE,EN,Federal Contract Tower,0,2,6,0,8,0,191,49,0,240,0,193,55,0,248,0,0,0,248
04/11/2010,HYA,MA,ANE,EN,Federal Contract Tower,0,7,5,0,12,0,173,47,0,220,0,180,52,0,232,48,0,48,280
04/12/2010,HYA,MA,ANE,EN,Federal Contract Tower,0,7,6,0,13,0,218,49,0,267,0,225,55,0,280,10,0,10,290
04/13/2010,HYA,MA,ANE,EN,Federal Contract Tower,0,11,5,0,16,0,211,32,0,243,0,222,37,0,259,18,0,18,277
04/14/2010,HYA,MA,ANE,EN,Federal Contract Tower,0,8,7,1,16,0,229,51,2,282,0,237,58,3,298,12,2,14,312
04/15/2010,HYA,MA,ANE,EN,Federal Contract Tower,0,7,7,0,14,0,226,45,0,271,0,233,52,0,285,34,2,36,321
04/16/2010,HYA,MA,ANE,EN,Federal Contract Tower,0,29,12,0,41,0,200,27,0,227,0,229,39,0,268,48,0,48,316
04/17/2010,HYA,MA,ANE,EN,Federal Contract Tower,0,106,17,0,123,0,8,1,0,9,0,114,18,0,132,0,0,0,132
04/18/2010,HYA,MA,ANE,EN,Federal Contract Tower,0,19,7,0,26,0,129,10,0,139,0,148,17,0,165,2,2,4,169
04/19/2010,HYA,MA,ANE,EN,Federal Contract Tower,0,9,8,0,17,0,206,31,0,237,0,215,39,0,254,46,0,46,300
04/20/2010,HYA,MA,ANE,EN,Federal Contract Tower,0,7,3,0,10,0,231,46,0,277,0,238,49,0,287,8,0,8,295
04/21/2010,HYA,MA,ANE,EN,Federal Contract Tower,0,2,2,0,4,0,215,43,0,258,0,217,45,0,262,22,0,22,284
04/22/2010,HYA,MA,ANE,EN,Federal Contract Tower,0,10,10,0,20,0,266,48,0,314,0,276,58,0,334,22,0,22,356
04/23/2010,HYA,MA,ANE,EN,Federal Contract Tower,0,38,9,0,47,0,246,58,0,304,0,284,67,0,351,0,0,0,351
04/24/2010,HYA,MA,ANE,EN,Federal Contract Tower,0,4,5,0,9,0,164,61,0,225,0,168,66,0,234,14,0,14,248
04/25/2010,HYA,MA,ANE,EN,Federal Contract Tower,0,21,17,0,38,0,240,8,0,248,0,261,25,0,286,0,0,0,286
04/26/2010,HYA,MA,ANE,EN,Federal Contract Tower,0,103,13,0,116,0,108,5,0,113,0,211,18,0,229,0,0,0,229
04/27/2010,HYA,MA,ANE,EN,Federal Contract Tower,0,124,28,0,152,0,69,9,0,78,0,193,37,0,230,8,0,8,238
04/28/2010,HYA,MA,ANE,EN,Federal Contract Tower,0,15,5,1,21,0,201,36,1,238,0,216,41,2,259,8,0,8,267
04/29/2010,HYA,MA,ANE,EN,Federal Contract Tower,0,12,7,0,19,0,231,33,0,264,0,243,40,0,283,34,0,34,317
04/30/2010,HYA,MA,ANE,EN,Federal Contract Tower,0,12,6,1,19,0,246,56,0,302,0,258,62,1,321,4,0,4,325
05/01/2010,HYA,MA,ANE,EN,Federal Contract Tower,0,1,9,0,10,0,158,60,0,218,0,159,69,0,228,18,0,18,246
05/02/2010,HYA,MA,ANE,EN,Federal Contract Tower,0,46,13,0,59,0,102,37,0,139,0,148,50,0,198,26,0,26,224
05/03/2010,HYA,MA,ANE,EN,Federal Contract Tower,0,67,21,0,88,0,136,16,0,152,0,203,37,0,240,6,2,8,248
05/04/2010,HYA,MA,ANE,EN,Federal Contract Tower,0,5,3,0,8,0,224,41,0,265,0,229,44,0,273,12,0,12,285
05/05/2010,HYA,MA,ANE,EN,Federal Contract Tower,0,17,8,0,25,0,231,55,2,288,0,248,63,2,313,16,0,16,329
05/06/2010,HYA,MA,ANE,EN,Federal Contract Tower,0,168,18,0,186,0,55,7,0,62,0,223,25,0,248,0,0,0,248
05/07/2010,HYA,MA,ANE,EN,Federal Contract Tower,0,11,5,0,16,0,233,58,2,293,0,244,63,2,309,6,2,8,317
05/08/2010,HYA,MA,ANE,EN,Federal Contract Tower,0,111,6,0,117,0,36,6,0,42,0,147,12,0,159,0,0,0,159
05/09/2010,HYA,MA,ANE,EN,Federal Contract Tower,0,4,4,0,8,0,157,18,0,175,0,161,22,0,183,0,0,0,183
05/10/2010,HYA,MA,ANE,EN,Federal Contract Tower,0,10,2,1,13,0,222,35,1,258,0,232,37,2,271,10,0,10,281
05/11/2010,HYA,MA,ANE,EN,Federal Contract Tower,0,14,14,1,29,0,223,44,0,267,0,237,58,1,296,14,2,16,312
05/12/2010,HYA,MA,ANE,EN,Federal Contract Tower,0,20,7,0,27,0,232,30,0,262,0,252,37,0,289,30,0,30,319
05/13/2010,HYA,MA,ANE,EN,Federal Contract Tower,0,23,10,0,33,0,251,41,0,292,0,274,51,0,325,8,0,8,333
05/14/2010,HYA,MA,ANE,EN,Federal Contract Tower,0,126,25,0,151,0,152,16,0,168,0,278,41,0,319,22,0,22,341
05/15/2010,HYA,MA,ANE,EN,Federal Contract Tower,0,8,12,0,20,0,171,37,0,208,0,179,49,0,228,16,0,16,244
05/16/2010,HYA,MA,ANE,EN,Federal Contract Tower,0,5,5,0,10,0,184,57,0,241,0,189,62,0,251,6,0,6,257
05/17/2010,HYA,MA,ANE,EN,Federal Contract Tower,0,15,13,0,28,0,210,52,0,262,0,225,65,0,290,8,0,8,298
05/18/2010,HYA,MA,ANE,EN,Federal Contract Tower,0,17,11,1,29,0,205,34,0,239,0,222,45,1,268,10,0,10,278
05/19/2010,HYA,MA,ANE,EN,Federal Contract Tower,0,177,18,0,195,0,0,0,0,0,0,177,18,0,195,0,0,0,195
05/20/2010,HYA,MA,ANE,EN,Federal Contract Tower,0,16,9,0,25,0,248,71,0,319,0,264,80,0,344,32,0,32,376
05/21/2010,HYA,MA,ANE,EN,Federal Contract Tower,0,4,6,0,10,0,266,60,0,326,0,270,66,0,336,4,0,4,340
05/22/2010,HYA,MA,ANE,EN,Federal Contract Tower,0,4,11,0,15,0,168,49,2,219,0,172,60,2,234,14,0,14,248
05/23/2010,HYA,MA,ANE,EN,Federal Contract Tower,0,98,24,0,122,0,100,12,0,112,0,198,36,0,234,0,0,0,234
05/24/2010,HYA,MA,ANE,EN,Federal Contract Tower,0,22,9,0,31,0,191,39,0,230,0,213,48,0,261,6,0,6,267
05/25/2010,HYA,MA,ANE,EN,Federal Contract Tower,0,30,13,0,43,0,213,43,0,256,0,243,56,0,299,10,0,10,309
05/26/2010,HYA,MA,ANE,EN,Federal Contract Tower,0,11,8,0,19,0,232,52,0,284,0,243,60,0,303,20,0,20,323
05/27/2010,HYA,MA,ANE,EN,Federal Contract Tower,0,112,25,0,137,0,185,65,0,250,0,297,90,0,387,14,0,14,401
05/28/2010,HYA,MA,ANE,EN,Federal Contract Tower,0,14,26,0,40,0,366,94,0,460,0,380,120,0,500,24,0,24,524
05/29/2010,HYA,MA,ANE,EN,Federal Contract Tower,0,18,5,0,23,0,203,54,0,257,0,221,59,0,280,6,0,6,286
05/30/2010,HYA,MA,ANE,EN,Federal Contract Tower,0,16,11,0,27,0,141,49,0,190,0,157,60,0,217,6,0,6,223
05/31/2010,HYA,MA,ANE,EN,Federal Contract Tower,0,131,31,0,162,0,212,38,0,250,0,343,69,0,412,0,0,0,412
06/01/2010,HYA,MA,ANE,EN,Federal Contract Tower,0,136,21,0,157,0,120,15,0,135,0,256,36,0,292,0,0,0,292
06/02/2010,HYA,MA,ANE,EN,Federal Contract Tower,0,168,50,0,218,0,9,0,0,9,0,177,50,0,227,0,0,0,227
06/03/2010,HYA,MA,ANE,EN,Federal Contract Tower,0,123,33,0,156,0,0,0,0,0,0,123,33,0,156,0,0,0,156
06/04/2010,HYA,MA,ANE,EN,Federal Contract Tower,0,57,25,0,82,0,177,71,0,248,0,234,96,0,330,38,0,38,368
06/05/2010,HYA,MA,ANE,EN,Federal Contract Tower,0,71,26,0,97,0,12,0,0,12,0,83,26,0,109,2,0,2,111
06/06/2010,HYA,MA,ANE,EN,Federal Contract Tower,0,94,23,0,117,0,83,19,0,102,0,177,42,0,219,0,0,0,219
06/07/2010,HYA,MA,ANE,EN,Federal Contract Tower,0,14,12,0,26,0,223,64,2,289,0,237,76,2,315,14,0,14,329
06/08/2010,HYA,MA,ANE,EN,Federal Contract Tower,0,10,14,0,24,0,232,52,0,284,0,242,66,0,308,12,0,12,320
06/09/2010,HYA,MA,ANE,EN,Federal Contract Tower,0,20,19,0,39,0,239,45,0,284,0,259,64,0,323,8,0,8,331
06/10/2010,HYA,MA,ANE,EN,Federal Contract Tower,0,215,37,0,252,0,0,0,0,0,0,215,37,0,252,0,0,0,252
06/11/2010,HYA,MA,ANE,EN,Federal Contract Tower,0,18,30,0,48,0,252,88,0,340,0,270,118,0,388,34,0,34,422
06/12/2010,HYA,MA,ANE,EN,Federal Contract Tower,0,48,30,0,78,0,122,30,0,152,0,170,60,0,230,0,0,0,230
06/13/2010,HYA,MA,ANE,EN,Federal Contract Tower,0,184,24,0,208,0,0,0,0,0,0,184,24,0,208,0,0,0,208
06/14/2010,HYA,MA,ANE,EN,Federal Contract Tower,0,141,49,0,190,0,72,10,0,82,0,213,59,0,272,0,0,0,272
06/15/2010,HYA,MA,ANE,EN,Federal Contract Tower,0,13,18,0,31,0,240,70,0,310,0,253,88,0,341,82,0,82,423
06/16/2010,HYA,MA,ANE,EN,Federal Contract Tower,0,13,18,0,31,0,257,58,0,315,0,270,76,0,346,4,0,4,350
06/17/2010,HYA,MA,ANE,EN,Federal Contract Tower,0,91,34,0,125,0,163,26,0,189,0,254,60,0,314,10,0,10,324
06/18/2010,HYA,MA,ANE,EN,Federal Contract Tower,0,26,12,0,38,0,277,84,0,361,0,303,96,0,399,14,0,14,413
06/19/2010,HYA,MA,ANE,EN,Federal Contract Tower,0,5,10,1,16,0,192,58,0,250,0,197,68,1,266,18,0,18,284
06/20/2010,HYA,MA,ANE,EN,Federal Contract Tower,0,113,45,0,158,0,84,18,0,102,0,197,63,0,260,2,0,2,262
06/21/2010,HYA,MA,ANE,EN,Federal Contract Tower,0,13,16,0,29,0,250,72,0,322,0,263,88,0,351,24,0,24,375
06/22/2010,HYA,MA,ANE,EN,Federal Contract Tower,0,8,19,0,27,0,232,53,0,285,0,240,72,0,312,38,0,38,350
06/23/2010,HYA,MA,ANE,EN,Federal Contract Tower,0,134,35,0,169,0,151,36,0,187,0,285,71,0,356,4,0,4,360
06/24/2010,HYA,MA,ANE,EN,Federal Contract Tower,0,20,17,0,37,0,264,44,3,311,0,284,61,3,348,2,0,2,350
06/25/2010,HYA,MA,ANE,EN,Federal Contract Tower,0,26,36,0,62,0,277,108,0,385,0,303,144,0,447,40,0,40,487
06/26/2010,HYA,MA,ANE,EN,Federal Contract Tower,0,28,26,0,54,0,159,73,0,232,0,187,99,0,286,10,0,10,296
06/27/2010,HYA,MA,ANE,EN,Federal Contract Tower,0,105,73,0,178,0,45,14,0,59,0,150,87,0,237,2,0,2,239
06/28/2010,HYA,MA,ANE,EN,Federal Contract Tower,0,121,49,0,170,0,135,30,0,165,0,256,79,0,335,12,2,14,349
06/29/2010,HYA,MA,ANE,EN,Federal Contract Tower,0,41,25,0,66,0,206,47,0,253,0,247,72,0,319,44,0,44,363
06/30/2010,HYA,MA,ANE,EN,Federal Contract Tower,0,24,19,0,43,0,265,89,0,354,0,289,108,0,397,8,0,8,405
07/01/2010,HYA,MA,ANE,EN,Federal Contract Tower,0,30,34,0,64,0,313,89,0,402,0,343,123,0,466,42,0,42,508
07/02/2010,HYA,MA,ANE,EN,Federal Contract Tower,0,25,17,0,42,0,358,97,0,455,0,383,114,0,497,14,0,14,511
07/03/2010,HYA,MA,ANE,EN,Federal Contract Tower,0,12,15,2,29,0,224,80,2,306,0,236,95,4,335,14,0,14,349
07/04/2010,HYA,MA,ANE,EN,Federal Contract Tower,0,7,1,0,8,0,151,62,0,213,0,158,63,0,221,10,0,10,231
07/05/2010,HYA,MA,ANE,EN,Federal Contract Tower,0,27,29,0,56,0,292,102,0,394,0,319,131,0,450,20,0,20,470
07/06/2010,HYA,MA,ANE,EN,Federal Contract Tower,0,24,34,0,58,0,278,82,0,360,0,302,116,0,418,2,0,2,420
07/07/2010,HYA,MA,ANE,EN,Federal Contract Tower,0,28,19,0,47,0,254,74,0,328,0,282,93,0,375,6,0,6,381
07/08/2010,HYA,MA,ANE,EN,Federal Contract Tower,0,58,29,0,87,0,249,75,0,324,0,307,104,0,411,14,0,14,425
07/09/2010,HYA,MA,ANE,EN,Federal Contract Tower,0,205,51,0,256,0,51,19,0,70,0,256,70,0,326,6,0,6,332
07/10/2010,HYA,MA,ANE,EN,Federal Contract Tower,0,106,27,0,133,0,70,13,0,83,0,176,40,0,216,0,0,0,216
07/11/2010,HYA,MA,ANE,EN,Federal Contract Tower,0,103,49,0,152,0,81,32,0,113,0,184,81,0,265,8,0,8,273
07/12/2010,HYA,MA,ANE,EN,Federal Contract Tower,0,47,23,0,70,0,209,62,0,271,0,256,85,0,341,26,0,26,367
07/13/2010,HYA,MA,ANE,EN,Federal Contract Tower,0,84,18,0,102,0,181,42,0,223,0,265,60,0,325,22,0,22,347
07/14/2010,HYA,MA,ANE,EN,Federal Contract Tower,0,212,61,0,273,0,0,0,0,0,0,212,61,0,273,0,0,0,273
07/15/2010,HYA,MA,ANE,EN,Federal Contract Tower,0,243,64,0,307,0,50,17,0,67,0,293,81,0,374,0,0,0,374
07/16/2010,HYA,MA,ANE,EN,Federal Contract Tower,0,131,53,0,184,0,157,48,0,205,0,288,101,0,389,0,0,0,389
07/17/2010,HYA,MA,ANE,EN,Federal Contract Tower,0,32,24,0,56,0,186,69,0,255,0,218,93,0,311,20,0,20,331
07/18/2010,HYA,MA,ANE,EN,Federal Contract Tower,0,35,37,0,72,0,232,76,0,308,0,267,113,0,380,22,0,22,402
07/19/2010,HYA,MA,ANE,EN,Federal Contract Tower,0,102,49,0,151,0,129,51,0,180,0,231,100,0,331,0,0,0,331
07/20/2010,HYA,MA,ANE,EN,Federal Contract Tower,0,33,22,0,55,0,217,55,0,272,0,250,77,0,327,24,0,24,351
07/21/2010,HYA,MA,ANE,EN,Federal Contract Tower,0,135,53,0,188,0,90,24,0,114,0,225,77,0,302,0,0,0,302
07/22/2010,HYA,MA,ANE,EN,Federal Contract Tower,0,28,18,0,46,0,256,96,0,352,0,284,114,0,398,18,0,18,416
07/23/2010,HYA,MA,ANE,EN,Federal Contract Tower,0,49,51,0,100,0,240,80,0,320,0,289,131,0,420,36,0,36,456
07/24/2010,HYA,MA,ANE,EN,Federal Contract Tower,0,92,37,0,129,0,77,23,0,100,0,169,60,0,229,24,0,24,253
07/25/2010,HYA,MA,ANE,EN,Federal Contract Tower,0,27,29,1,57,0,196,80,2,278,0,223,109,3,335,32,0,32,367
07/26/2010,HYA,MA,ANE,EN,Federal Contract Tower,0,16,32,0,48,0,209,70,0,279,0,225,102,0,327,8,0,8,335
07/27/2010,HYA,MA,ANE,EN,Federal Contract Tower,0,21,24,1,46,0,261,82,0,343,0,282,106,1,389,32,16,48,437
07/28/2010,HYA,MA,ANE,EN,Federal Contract Tower,0,36,37,0,73,0,237,90,0,327,0,273,127,0,400,14,0,14,414
07/29/2010,HYA,MA,ANE,EN,Federal Contract Tower,0,142,57,0,199,0,157,27,0,184,0,299,84,0,383,0,0,0,383
07/30/2010,HYA,MA,ANE,EN,Federal Contract Tower,0,42,39,1,82,0,274,77,0,351,0,316,116,1,433,8,0,8,441
07/31/2010,HYA,MA,ANE,EN,Federal Contract Tower,0,15,32,0,47,0,193,63,0,256,0,208,95,0,303,4,0,4,307
08/01/2010,HYA,MA,ANE,EN,Federal Contract Tower,0,17,25,0,42,0,203,89,0,292,0,220,114,0,334,6,0,6,340
08/02/2010,HYA,MA,ANE,EN,Federal Contract Tower,0,25,29,0,54,0,216,57,0,273,0,241,86,0,327,4,0,4,331
08/03/2010,HYA,MA,ANE,EN,Federal Contract Tower,0,20,22,0,42,0,242,78,0,320,0,262,100,0,362,12,0,12,374
08/04/2010,HYA,MA,ANE,EN,Federal Contract Tower,0,50,45,0,95,0,227,46,0,273,0,277,91,0,368,8,0,8,376
08/05/2010,HYA,MA,ANE,EN,Federal Contract Tower,0,188,49,0,237,0,53,9,0,62,0,241,58,0,299,0,0,0,299
08/06/2010,HYA,MA,ANE,EN,Federal Contract Tower,0,25,32,0,57,0,259,83,0,342,0,284,115,0,399,22,0,22,421
08/07/2010,HYA,MA,ANE,EN,Federal Contract Tower,0,21,29,0,50,0,200,68,0,268,0,221,97,0,318,18,0,18,336
08/08/2010,HYA,MA,ANE,EN,Federal Contract Tower,0,27,30,0,57,0,194,85,0,279,0,221,115,0,336,10,0,10,346
08/09/2010,HYA,MA,ANE,EN,Federal Contract Tower,0,92,59,0,151,0,167,52,0,219,0,259,111,0,370,2,0,2,372
08/10/2010,HYA,MA,ANE,EN,Federal Contract Tower,0,44,19,0,63,0,218,69,0,287,0,262,88,0,350,22,0,22,372
08/11/2010,HYA,MA,ANE,EN,Federal Contract Tower,0,79,34,0,113,0,220,83,0,303,0,299,117,0,416,2,0,2,418
08/12/2010,HYA,MA,ANE,EN,Federal Contract Tower,0,32,37,0,69,0,285,78,0,363,0,317,115,0,432,16,0,16,448
08/13/2010,HYA,MA,ANE,EN,Federal Contract Tower,0,33,27,0,60,0,273,84,0,357,0,306,111,0,417,10,0,10,427
08/14/2010,HYA,MA,ANE,EN,Federal Contract Tower,0,38,36,0,74,0,226,73,0,299,0,264,109,0,373,4,0,4,377
08/15/2010,HYA,MA,ANE,EN,Federal Contract Tower,0,34,47,2,83,0,246,82,0,328,0,280,129,2,411,12,0,12,423
08/16/2010,HYA,MA,ANE,EN,Federal Contract Tower,0,39,18,0,57,0,224,41,0,265,0,263,59,0,322,14,0,14,336
08/17/2010,HYA,MA,ANE,EN,Federal Contract Tower,0,179,64,0,243,0,43,12,0,55,0,222,76,0,298,6,0,6,304
08/18/2010,HYA,MA,ANE,EN,Federal Contract Tower,0,29,41,0,70,0,245,74,0,319,0,274,115,0,389,14,0,14,403
08/19/2010,HYA,MA,ANE,EN,Federal Contract Tower,0,46,33,0,79,0,209,34,0,243,0,255,67,0,322,6,2,8,330
08/20/2010,HYA,MA,ANE,EN,Federal Contract Tower,0,61,95,0,156,0,226,54,0,280,0,287,149,0,436,0,0,0,436
08/21/2010,HYA,MA,ANE,EN,Federal Contract Tower,0,44,51,0,95,0,194,28,0,222,0,238,79,0,317,0,0,0,317
08/22/2010,HYA,MA,ANE,EN,Federal Contract Tower,0,71,70,0,141,0,188,37,0,225,0,259,107,0,366,0,0,0,366
08/23/2010,HYA,MA,ANE,EN,Federal Contract Tower,0,198,75,0,273,0,0,0,0,0,0,198,75,0,273,0,0,0,273
08/24/2010,HYA,MA,ANE,EN,Federal Contract Tower,0,206,43,0,249,0,0,0,0,0,0,206,43,0,249,0,0,0,249
08/25/2010,HYA,MA,ANE,EN,Federal Contract Tower,0,151,38,0,189,0,77,10,0,87,0,228,48,0,276,0,0,0,276
08/26/2010,HYA,MA,ANE,EN,Federal Contract Tower,0,43,78,0,121,0,215,47,0,262,0,258,125,0,383,0,0,0,383
08/27/2010,HYA,MA,ANE,EN,Federal Contract Tower,0,55,67,0,122,0,228,57,0,285,0,283,124,0,407,0,0,0,407
08/28/2010,HYA,MA,ANE,EN,Federal Contract Tower,0,27,45,0,72,0,169,49,0,218,0,196,94,0,290,0,0,0,290
08/29/2010,HYA,MA,ANE,EN,Federal Contract Tower,0,35,27,2,64,0,198,59,0,257,0,233,86,2,321,0,0,0,321
08/30/2010,HYA,MA,ANE,EN,Federal Contract Tower,0,19,11,0,30,0,222,59,10,291,0,241,70,10,321,2,0,2,323
08/31/2010,HYA,MA,ANE,EN,Federal Contract Tower,0,20,10,0,30,0,209,58,0,267,0,229,68,0,297,36,4,40,337
09/01/2010,HYA,MA,ANE,EN,Federal Contract Tower,0,26,25,0,51,0,235,71,0,306,0,261,96,0,357,28,0,28,385
09/02/2010,HYA,MA,ANE,EN,Federal Contract Tower,0,31,29,0,60,0,258,68,0,326,0,289,97,0,386,18,0,18,404
09/03/2010,HYA,MA,ANE,EN,Federal Contract Tower,0,119,33,0,152,0,42,5,0,47,0,161,38,0,199,0,0,0,199
09/04/2010,HYA,MA,ANE,EN,Federal Contract Tower,0,12,12,0,24,0,208,42,0,250,0,220,54,0,274,0,0,0,274
09/05/2010,HYA,MA,ANE,EN,Federal Contract Tower,0,13,10,0,23,0,149,32,0,181,0,162,42,0,204,0,0,0,204
09/06/2010,HYA,MA,ANE,EN,Federal Contract Tower,0,22,25,0,47,0,224,58,0,282,0,246,83,0,329,4,0,4,333
09/07/2010,HYA,MA,ANE,EN,Federal Contract Tower,0,18,9,0,27,0,220,53,0,273,0,238,62,0,300,28,0,28,328
09/08/2010,HYA,MA,ANE,EN,Federal Contract Tower,0,59,15,0,74,0,228,50,0,278,0,287,65,0,352,20,0,20,372
09/09/2010,HYA,MA,ANE,EN,Federal Contract Tower,0,24,22,0,46,0,254,62,2,318,0,278,84,2,364,46,0,46,410
09/10/2010,HYA,MA,ANE,EN,Federal Contract Tower,0,16,29,0,45,0,242,64,0,306,0,258,93,0,351,12,0,12,363
09/11/2010,HYA,MA,ANE,EN,Federal Contract Tower,0,13,11,0,24,0,161,59,0,220,0,174,70,0,244,22,0,22,266
09/12/2010,HYA,MA,ANE,EN,Federal Contract Tower,0,24,38,0,62,0,198,58,0,256,0,222,96,0,318,4,0,4,322
09/13/2010,HYA,MA,ANE,EN,Federal Contract Tower,0,17,6,2,25,0,200,37,0,237,0,217,43,2,262,35,0,35,297
09/14/2010,HYA,MA,ANE,EN,Federal Contract Tower,0,33,12,0,45,0,212,48,0,260,0,245,60,0,305,34,0,34,339
09/15/2010,HYA,MA,ANE,EN,Federal Contract Tower,0,29,11,1,41,0,229,76,2,307,0,258,87,3,348,28,4,32,380
09/16/2010,HYA,MA,ANE,EN,Federal Contract Tower,0,8,13,0,21,0,235,55,1,291,0,243,68,1,312,12,0,12,324
09/17/2010,HYA,MA,ANE,EN,Federal Contract Tower,0,180,38,0,218,0,58,5,0,63,0,238,43,0,281,0,0,0,281
09/18/2010,HYA,MA,ANE,EN,Federal Contract Tower,0,10,15,1,26,0,187,61,5,253,0,197,76,6,279,36,0,36,315
09/19/2010,HYA,MA,ANE,EN,Federal Contract Tower,0,20,15,0,35,0,202,74,0,276,0,222,89,0,311,28,0,28,339
09/20/2010,HYA,MA,ANE,EN,Federal Contract Tower,0,38,11,0,49,0,185,39,0,224,0,223,50,0,273,6,0,6,279
09/21/2010,HYA,MA,ANE,EN,Federal Contract Tower,0,20,16,1,37,0,218,63,0,281,0,238,79,1,318,74,2,76,394
09/22/2010,HYA,MA,ANE,EN,Federal Contract Tower,0,53,23,0,76,0,234,45,0,279,0,287,68,0,355,22,0,22,377
09/23/2010,HYA,MA,ANE,EN,Federal Contract Tower,0,22,19,0,41,0,240,57,0,297,0,262,76,0,338,10,0,10,348
09/24/2010,HYA,MA,ANE,EN,Federal Contract Tower,0,156,62,0,218,0,44,9,0,53,0,200,71,0,271,0,0,0,271
09/25/2010,HYA,MA,ANE,EN,Federal Contract Tower,0,21,18,0,39,0,170,36,0,206,0,191,54,0,245,8,0,8,253
09/26/2010,HYA,MA,ANE,EN,Federal Contract Tower,0,88,22,0,110,0,104,53,0,157,0,192,75,0,267,24,0,24,291
09/27/2010,HYA,MA,ANE,EN,Federal Contract Tower,0,174,35,0,209,0,0,0,0,0,0,174,35,0,209,0,0,0,209
09/28/2010,HYA,MA,ANE,EN,Federal Contract Tower,0,33,17,0,50,0,224,34,0,258,0,257,51,0,308,24,0,24,332
09/29/2010,HYA,MA,ANE,EN,Federal Contract Tower,0,192,41,0,233,0,65,21,0,86,0,257,62,0,319,22,0,22,341
09/30/2010,HYA,MA,ANE,EN,Federal Contract Tower,0,48,20,0,68,0,205,27,0,232,0,253,47,0,300,18,0,18,318
10/01/2010,HYA,MA,ANE,EN,Federal Contract Tower,0,90,20,0,110,0,112,9,0,121,0,202,29,0,231,0,0,0,231
10/02/2010,HYA,MA,ANE,EN,Federal Contract Tower,0,9,11,0,20,0,160,48,0,208,0,169,59,0,228,46,0,46,274
10/03/2010,HYA,MA,ANE,EN,Federal Contract Tower,0,19,15,0,34,0,186,19,0,205,0,205,34,0,239,20,0,20,259
10/04/2010,HYA,MA,ANE,EN,Federal Contract Tower,0,210,20,0,230,0,63,9,0,72,0,273,29,0,302,0,0,0,302
10/05/2010,HYA,MA,ANE,EN,Federal Contract Tower,0,178,18,0,196,0,0,0,0,0,0,178,18,0,196,0,0,0,196
10/06/2010,HYA,MA,ANE,EN,Federal Contract Tower,0,176,29,0,205,0,16,3,0,19,0,192,32,0,224,0,0,0,224
10/07/2010,HYA,MA,ANE,EN,Federal Contract Tower,0,35,19,0,54,0,241,41,0,282,0,276,60,0,336,28,0,28,364
10/08/2010,HYA,MA,ANE,EN,Federal Contract Tower,0,21,13,0,34,0,279,68,0,347,0,300,81,0,381,8,2,10,391
10/09/2010,HYA,MA,ANE,EN,Federal Contract Tower,0,10,13,0,23,0,185,45,0,230,0,195,58,0,253,8,0,8,261
10/10/2010,HYA,MA,ANE,EN,Federal Contract Tower,0,7,4,0,11,0,165,63,0,228,0,172,67,0,239,32,0,32,271
10/11/2010,HYA,MA,ANE,EN,Federal Contract Tower,0,21,13,0,34,0,253,76,0,329,0,274,89,0,363,12,0,12,375
10/12/2010,HYA,MA,ANE,EN,Federal Contract Tower,0,82,13,0,95,0,141,27,0,168,0,223,40,0,263,30,0,30,293
10/13/2010,HYA,MA,ANE,EN,Federal Contract Tower,0,29,14,0,43,0,255,72,0,327,0,284,86,0,370,24,0,24,394
10/14/2010,HYA,MA,ANE,EN,Federal Contract Tower,0,16,18,0,34,0,257,50,0,307,0,273,68,0,341,46,0,46,387
10/15/2010,HYA,MA,ANE,EN,Federal Contract Tower,0,71,12,0,83,0,184,35,0,219,0,255,47,0,302,0,0,0,302
10/16/2010,HYA,MA,ANE,EN,Federal Contract Tower,0,18,14,0,32,0,192,15,0,207,0,210,29,0,239,6,0,6,245
10/17/2010,HYA,MA,ANE,EN,Federal Contract Tower,0,4,11,0,15,0,213,74,0,287,0,217,85,0,302,20,0,20,322
10/18/2010,HYA,MA,ANE,EN,Federal Contract Tower,0,7,5,0,12,0,220,48,0,268,0,227,53,0,280,64,0,64,344
10/19/2010,HYA,MA,ANE,EN,Federal Contract Tower,0,5,8,0,13,0,215,44,0,259,0,220,52,0,272,26,0,26,298
10/20/2010,HYA,MA,ANE,EN,Federal Contract Tower,0,21,13,0,34,0,232,50,0,282,0,253,63,0,316,20,0,20,336
10/21/2010,HYA,MA,ANE,EN,Federal Contract Tower,0,30,18,0,48,0,229,43,0,272,0,259,61,0,320,12,0,12,332
10/22/2010,HYA,MA,ANE,EN,Federal Contract Tower,0,18,20,0,38,0,261,54,0,315,0,279,74,0,353,12,0,12,365
10/23/2010,HYA,MA,ANE,EN,Federal Contract Tower,0,11,4,0,15,0,135,17,0,152,0,146,21,0,167,26,0,26,193
10/24/2010,HYA,MA,ANE,EN,Federal Contract Tower,0,13,4,0,17,0,155,42,0,197,0,168,46,0,214,2,0,2,216
10/25/2010,HYA,MA,ANE,EN,Federal Contract Tower,0,88,24,0,112,0,95,15,0,110,0,183,39,0,222,0,0,0,222
10/26/2010,HYA,MA,ANE,EN,Federal Contract Tower,0,145,19,0,164,0,25,4,0,29,0,170,23,0,193,0,0,0,193
10/27/2010,HYA,MA,ANE,EN,Federal Contract Tower,0,162,13,0,175,0,0,0,0,0,0,162,13,0,175,0,0,0,175
10/28/2010,HYA,MA,ANE,EN,Federal Contract Tower,0,37,20,0,57,0,241,42,0,283,0,278,62,0,340,34,0,34,374
10/29/2010,HYA,MA,ANE,EN,Federal Contract Tower,0,22,13,0,35,0,279,68,0,347,0,301,81,0,382,8,2,10,392
10/30/2010,HYA,MA,ANE,EN,Federal Contract Tower,0,19,14,0,33,0,193,15,0,208,0,212,29,0,241,0,6,6,247
10/31/2010,HYA,MA,ANE,EN,Federal Contract Tower,0,6,11,0,17,0,214,75,0,289,0,220,86,0,306,20,0,20,326
11/01/2010,HYA,MA,ANE,EN,Federal Contract Tower,0,23,8,0,31,0,208,40,0,248,0,231,48,0,279,22,0,22,301
11/02/2010,HYA,MA,ANE,EN,Federal Contract Tower,0,15,12,1,28,0,183,37,1,221,0,198,49,2,249,16,0,16,265
11/03/2010,HYA,MA,ANE,EN,Federal Contract Tower,0,19,12,0,31,0,222,47,0,269,0,241,59,0,300,38,0,38,338
11/04/2010,HYA,MA,ANE,EN,Federal Contract Tower,0,117,18,0,135,0,85,3,0,88,0,202,21,0,223,0,0,0,223
11/05/2010,HYA,MA,ANE,EN,Federal Contract Tower,0,127,18,0,145,0,65,3,0,68,0,192,21,0,213,0,0,0,213
11/06/2010,HYA,MA,ANE,EN,Federal Contract Tower,0,4,7,0,11,0,144,28,0,172,0,148,35,0,183,12,0,12,195
11/07/2010,HYA,MA,ANE,EN,Federal Contract Tower,0,20,5,0,25,0,165,17,0,182,0,185,22,0,207,8,0,8,215
11/08/2010,HYA,MA,ANE,EN,Federal Contract Tower,0,78,10,0,88,0,90,9,0,99,0,168,19,0,187,0,0,0,187
11/09/2010,HYA,MA,ANE,EN,Federal Contract Tower,0,146,7,2,155,0,4,0,0,4,0,150,7,2,159,0,0,0,159
11/10/2010,HYA,MA,ANE,EN,Federal Contract Tower,0,114,10,0,124,0,97,8,0,105,0,211,18,0,229,4,0,4,233
11/11/2010,HYA,MA,ANE,EN,Federal Contract Tower,0,44,15,0,59,0,203,25,0,228,0,247,40,0,287,8,0,8,295
11/12/2010,HYA,MA,ANE,EN,Federal Contract Tower,0,7,13,0,20,0,214,66,0,280,0,221,79,0,300,28,0,28,328
11/13/2010,HYA,MA,ANE,EN,Federal Contract Tower,0,14,0,0,14,0,156,60,0,216,0,170,60,0,230,10,0,10,240
11/14/2010,HYA,MA,ANE,EN,Federal Contract Tower,0,16,11,0,27,0,146,60,0,206,0,162,71,0,233,12,0,12,245
11/15/2010,HYA,MA,ANE,EN,Federal Contract Tower,0,45,12,0,57,0,156,37,0,193,0,201,49,0,250,8,2,10,260
11/16/2010,HYA,MA,ANE,EN,Federal Contract Tower,0,162,14,0,176,0,27,5,0,32,0,189,19,0,208,2,0,2,210
11/17/2010,HYA,MA,ANE,EN,Federal Contract Tower,0,59,10,0,69,0,143,19,0,162,0,202,29,0,231,36,0,36,267
11/18/2010,HYA,MA,ANE,EN,Federal Contract Tower,0,8,2,0,10,0,220,35,0,255,0,228,37,0,265,28,0,28,293
11/19/2010,HYA,MA,ANE,EN,Federal Contract Tower,0,7,10,0,17,0,203,70,0,273,0,210,80,0,290,24,0,24,314
11/20/2010,HYA,MA,ANE,EN,Federal Contract Tower,0,6,7,0,13,0,175,20,0,195,0,181,27,0,208,26,0,26,234
11/21/2010,HYA,MA,ANE,EN,Federal Contract Tower,0,12,13,0,25,0,144,44,0,188,0,156,57,0,213,8,0,8,221
11/22/2010,HYA,MA,ANE,EN,Federal Contract Tower,0,20,7,0,27,0,205,39,0,244,0,225,46,0,271,28,2,30,301
11/23/2010,HYA,MA,ANE,EN,Federal Contract Tower,0,41,23,1,65,0,198,43,0,241,0,239,66,1,306,30,0,30,336
11/24/2010,HYA,MA,ANE,EN,Federal Contract Tower,0,62,21,2,85,0,241,41,0,282,0,303,62,2,367,6,0,6,373
11/25/2010,HYA,MA,ANE,EN,Federal Contract Tower,0,22,16,0,38,0,137,29,0,166,0,159,45,0,204,10,0,10,214
11/26/2010,HYA,MA,ANE,EN,Federal Contract Tower,0,104,18,0,122,0,88,16,0,104,0,192,34,0,226,6,0,6,232
11/27/2010,HYA,MA,ANE,EN,Federal Contract Tower,0,29,15,0,44,0,156,31,0,187,0,185,46,0,231,4,0,4,235
11/28/2010,HYA,MA,ANE,EN,Federal Contract Tower,0,38,22,0,60,0,192,87,0,279,0,230,109,0,339,26,0,26,365
11/29/2010,HYA,MA,ANE,EN,Federal Contract Tower,0,21,7,0,28,0,191,64,2,257,0,212,71,2,285,62,0,62,347
11/30/2010,HYA,MA,ANE,EN,Federal Contract Tower,0,9,8,1,18,0,187,54,6,247,0,196,62,7,265,30,0,30,295
12/01/2010,HYA,MA,ANE,EN,Federal Contract Tower,0,34,2,0,36,0,207,18,0,225,0,241,20,0,261,32,0,32,293
12/02/2010,HYA,MA,ANE,EN,Federal Contract Tower,0,12,3,0,15,0,242,37,0,279,0,254,40,0,294,22,0,22,316
12/03/2010,HYA,MA,ANE,EN,Federal Contract Tower,0,9,13,0,22,0,281,47,2,330,0,290,60,2,352,18,0,18,370
12/04/2010,HYA,MA,ANE,EN,Federal Contract Tower,0,10,0,0,10,0,156,49,0,205,0,166,49,0,215,46,0,46,261
12/05/2010,HYA,MA,ANE,EN,Federal Contract Tower,0,12,2,0,14,0,232,56,0,288,0,244,58,0,302,12,0,12,314
12/06/2010,HYA,MA,ANE,EN,Federal Contract Tower,0,14,9,0,23,0,248,27,0,275,0,262,36,0,298,0,0,0,298
12/07/2010,HYA,MA,ANE,EN,Federal Contract Tower,0,11,4,0,15,0,211,24,0,235,0,222,28,0,250,40,4,44,294
12/08/2010,HYA,MA,ANE,EN,Federal Contract Tower,0,12,7,0,19,0,212,28,0,240,0,224,35,0,259,24,0,24,283
12/09/2010,HYA,MA,ANE,EN,Federal Contract Tower,0,8,3,0,11,0,214,19,0,233,0,222,22,0,244,38,0,38,282
12/10/2010,HYA,MA,ANE,EN,Federal Contract Tower,0,9,4,0,13,0,189,35,7,231,0,198,39,7,244,48,0,48,292
12/11/2010,HYA,MA,ANE,EN,Federal Contract Tower,0,9,6,0,15,0,140,70,0,210,0,149,76,0,225,38,0,38,263
12/12/2010,HYA,MA,ANE,EN,Federal Contract Tower,0,26,3,0,29,0,131,15,0,146,0,157,18,0,175,0,0,0,175
12/13/2010,HYA,MA,ANE,EN,Federal Contract Tower,0,79,9,0,88,0,114,8,0,122,0,193,17,0,210,2,0,2,212
12/14/2010,HYA,MA,ANE,EN,Federal Contract Tower,0,22,1,2,25,0,175,15,2,192,0,197,16,4,217,14,2,16,233
12/15/2010,HYA,MA,ANE,EN,Federal Contract Tower,0,15,8,0,23,0,206,36,0,242,0,221,44,0,265,46,0,46,311
12/16/2010,HYA,MA,ANE,EN,Federal Contract Tower,0,11,8,0,19,0,217,31,0,248,0,228,39,0,267,28,0,28,295
12/17/2010,HYA,MA,ANE,EN,Federal Contract Tower,0,7,8,0,15,0,214,46,2,262,0,221,54,2,277,22,0,22,299
12/18/2010,HYA,MA,ANE,EN,Federal Contract Tower,0,3,4,0,7,0,154,51,0,205,0,157,55,0,212,44,0,44,256
12/19/2010,HYA,MA,ANE,EN,Federal Contract Tower,0,20,2,0,22,0,108,19,0,127,0,128,21,0,149,38,0,38,187
12/20/2010,HYA,MA,ANE,EN,Federal Contract Tower,0,2,4,0,6,0,0,0,0,0,0,2,4,0,6,0,0,0,6
12/21/2010,HYA,MA,ANE,EN,Federal Contract Tower,0,49,10,0,59,0,55,0,0,55,0,104,10,0,114,0,0,0,114
12/22/2010,HYA,MA,ANE,EN,Federal Contract Tower,0,69,18,0,87,0,140,25,0,165,0,209,43,0,252,8,2,10,262
12/23/2010,HYA,MA,ANE,EN,Federal Contract Tower,0,104,17,0,121,0,63,8,0,71,0,167,25,0,192,0,0,0,192
12/24/2010,HYA,MA,ANE,EN,Federal Contract Tower,0,5,8,0,13,0,138,30,0,168,0,143,38,0,181,10,0,10,191
12/25/2010,HYA,MA,ANE,EN,Federal Contract Tower,0,4,0,0,4,0,105,12,0,117,0,109,12,0,121,0,0,0,121
12/26/2010,HYA,MA,ANE,EN,Federal Contract Tower,0,33,15,0,48,0,37,6,0,43,0,70,21,0,91,8,0,8,99
12/27/2010,HYA,MA,ANE,EN,Federal Contract Tower,0,10,2,0,12,0,62,4,0,66,0,72,6,0,78,0,0,0,78
12/28/2010,HYA,MA,ANE,EN,Federal Contract Tower,0,14,3,1,18,0,195,20,0,215,0,209,23,1,233,2,0,2,235
12/29/2010,HYA,MA,ANE,EN,Federal Contract Tower,0,16,5,0,21,0,214,44,2,260,0,230,49,2,281,24,0,24,305
12/30/2010,HYA,MA,ANE,EN,Federal Contract Tower,0,6,5,0,11,0,216,33,0,249,0,222,38,0,260,26,0,26,286
12/31/2010,HYA,MA,ANE,EN,Federal Contract Tower,0,13,4,0,17,0,161,53,0,214,0,174,57,0,231,46,0,46,277
01/01/2011,HYA,MA,ANE,EN,Federal Contract Tower,0,9,4,0,13,0,111,17,0,128,0,120,21,0,141,22,0,22,163
01/02/2011,HYA,MA,ANE,EN,Federal Contract Tower,0,97,17,0,114,0,17,2,0,19,0,114,19,0,133,0,0,0,133
01/03/2011,HYA,MA,ANE,EN,Federal Contract Tower,0,5,3,0,8,0,191,35,0,226,0,196,38,0,234,0,0,0,234
01/04/2011,HYA,MA,ANE,EN,Federal Contract Tower,0,9,2,0,11,0,172,35,0,207,0,181,37,0,218,6,4,10,228
01/05/2011,HYA,MA,ANE,EN,Federal Contract Tower,0,10,8,0,18,0,209,56,0,265,0,219,64,0,283,24,0,24,307
01/06/2011,HYA,MA,ANE,EN,Federal Contract Tower,0,4,9,0,13,0,197,49,1,247,0,201,58,1,260,6,0,6,266
01/07/2011,HYA,MA,ANE,EN,Federal Contract Tower,0,14,3,0,17,0,149,34,0,183,0,163,37,0,200,14,0,14,214
01/08/2011,HYA,MA,ANE,EN,Federal Contract Tower,0,9,4,0,13,0,118,30,0,148,0,127,34,0,161,12,0,12,173
01/09/2011,HYA,MA,ANE,EN,Federal Contract Tower,0,7,10,0,17,0,94,10,0,104,0,101,20,0,121,0,0,0,121
01/10/2011,HYA,MA,ANE,EN,Federal Contract Tower,0,6,1,0,7,0,146,18,0,164,0,152,19,0,171,4,0,4,175
01/11/2011,HYA,MA,ANE,EN,Federal Contract Tower,0,28,5,0,33,0,177,26,0,203,0,205,31,0,236,16,0,16,252
01/12/2011,HYA,MA,ANE,EN,Federal Contract Tower,0,0,0,0,0,0,0,0,0,0,0,0,0,0,0,0,0,0,0
01/13/2011,HYA,MA,ANE,EN,Federal Contract Tower,0,16,0,0,16,0,195,27,0,222,0,211,27,0,238,0,0,0,238
01/14/2011,HYA,MA,ANE,EN,Federal Contract Tower,0,15,9,0,24,0,203,33,0,236,0,218,42,0,260,20,0,20,280
01/15/2011,HYA,MA,ANE,EN,Federal Contract Tower,0,0,5,0,5,0,126,35,0,161,0,126,40,0,166,20,0,20,186
01/16/2011,HYA,MA,ANE,EN,Federal Contract Tower,0,0,10,0,10,0,128,34,2,164,0,128,44,2,174,22,0,22,196
01/17/2011,HYA,MA,ANE,EN,Federal Contract Tower,0,4,7,0,11,0,179,46,0,225,0,183,53,0,236,22,0,22,258
01/18/2011,HYA,MA,ANE,EN,Federal Contract Tower,0,33,0,0,33,0,110,5,0,115,0,143,5,0,148,0,0,0,148
01/19/2011,HYA,MA,ANE,EN,Federal Contract Tower,0,161,8,0,169,0,19,5,0,24,0,180,13,0,193,0,0,0,193
01/20/2011,HYA,MA,ANE,EN,Federal Contract Tower,0,19,8,0,27,0,180,50,0,230,0,199,58,0,257,48,2,50,307
01/21/2011,HYA,MA,ANE,EN,Federal Contract Tower,0,43,7,0,50,0,65,8,0,73,0,108,15,0,123,0,0,0,123
01/22/2011,HYA,MA,ANE,EN,Federal Contract Tower,0,2,2,0,4,0,134,24,0,158,0,136,26,0,162,50,0,50,212
01/23/2011,HYA,MA,ANE,EN,Federal Contract Tower,0,2,0,0,2,0,116,22,0,138,0,118,22,0,140,16,0,16,156
01/24/2011,HYA,MA,ANE,EN,Federal Contract Tower,0,5,3,0,8,0,166,30,0,196,0,171,33,0,204,6,0,6,210
01/25/2011,HYA,MA,ANE,EN,Federal Contract Tower,0,97,5,0,102,0,37,4,0,41,0,134,9,0,143,0,0,0,143
01/26/2011,HYA,MA,ANE,EN,Federal Contract Tower,0,72,11,0,83,0,81,8,0,89,0,153,19,0,172,20,0,20,192
01/27/2011,HYA,MA,ANE,EN,Federal Contract Tower,0,6,5,0,11,0,106,23,0,129,0,112,28,0,140,30,0,30,170
01/28/2011,HYA,MA,ANE,EN,Federal Contract Tower,0,16,11,0,27,0,203,40,0,243,0,219,51,0,270,30,0,30,300
01/29/2011,HYA,MA,ANE,EN,Federal Contract Tower,0,20,9,0,29,0,115,21,0,136,0,135,30,0,165,6,0,6,171
01/30/2011,HYA,MA,ANE,EN,Federal Contract Tower,0,7,4,0,11,0,134,58,0,192,0,141,62,0,203,60,0,60,263
01/31/2011,HYA,MA,ANE,EN,Federal Contract Tower,0,12,12,0,24,0,188,38,0,226,0,200,50,0,250,42,0,42,292
02/01/2011,HYA,MA,ANE,EN,Federal Contract Tower,0,55,6,0,61,0,5,1,0,6,0,60,7,0,67,0,0,0,67
02/02/2011,HYA,MA,ANE,EN,Federal Contract Tower,0,68,4,0,72,0,0,0,0,0,0,68,4,0,72,0,0,0,72
02/03/2011,HYA,MA,ANE,EN,Federal Contract Tower,0,19,7,0,26,0,180,16,0,196,0,199,23,0,222,24,0,24,246
02/04/2011,HYA,MA,ANE,EN,Federal Contract Tower,0,10,14,0,24,0,222,52,0,274,0,232,66,0,298,36,0,36,334
02/05/2011,HYA,MA,ANE,EN,Federal Contract Tower,0,37,0,0,37,0,113,11,0,124,0,150,11,0,161,42,0,42,203
02/06/2011,HYA,MA,ANE,EN,Federal Contract Tower,0,2,5,0,7,0,121,23,0,144,0,123,28,0,151,0,0,0,151
02/07/2011,HYA,MA,ANE,EN,Federal Contract Tower,0,14,6,0,20,0,177,34,0,211,0,191,40,0,231,30,0,30,261
02/08/2011,HYA,MA,ANE,EN,Federal Contract Tower,0,74,7,0,81,0,57,1,0,58,0,131,8,0,139,0,0,0,139
02/09/2011,HYA,MA,ANE,EN,Federal Contract Tower,0,13,10,0,23,0,211,47,0,258,0,224,57,0,281,64,0,64,345
02/10/2011,HYA,MA,ANE,EN,Federal Contract Tower,0,14,6,0,20,0,215,27,0,242,0,229,33,0,262,60,0,60,322
02/11/2011,HYA,MA,ANE,EN,Federal Contract Tower,0,3,11,0,14,0,200,55,0,255,0,203,66,0,269,96,2,98,367
02/12/2011,HYA,MA,ANE,EN,Federal Contract Tower,0,5,8,0,13,0,143,37,0,180,0,148,45,0,193,22,0,22,215
02/13/2011,HYA,MA,ANE,EN,Federal Contract Tower,0,1,5,0,6,0,125,19,0,144,0,126,24,0,150,14,0,14,164
02/14/2011,HYA,MA,ANE,EN,Federal Contract Tower,0,10,2,2,14,0,183,22,1,206,0,193,24,3,220,6,0,6,226
02/15/2011,HYA,MA,ANE,EN,Federal Contract Tower,0,9,5,0,14,0,165,13,0,178,0,174,18,0,192,6,0,6,198
02/16/2011,HYA,MA,ANE,EN,Federal Contract Tower,0,9,5,0,14,0,193,33,0,226,0,202,38,0,240,16,1,17,257
02/17/2011,HYA,MA,ANE,EN,Federal Contract Tower,0,16,12,0,28,0,196,35,0,231,0,212,47,0,259,104,0,104,363
02/18/2011,HYA,MA,ANE,EN,Federal Contract Tower,0,115,17,0,132,0,147,29,0,176,0,262,46,0,308,56,0,56,364
02/19/2011,HYA,MA,ANE,EN,Federal Contract Tower,0,3,1,0,4,0,166,7,0,173,0,169,8,0,177,14,0,14,191
02/20/2011,HYA,MA,ANE,EN,Federal Contract Tower,0,4,1,0,5,0,132,20,0,152,0,136,21,0,157,28,0,28,185
02/21/2011,HYA,MA,ANE,EN,Federal Contract Tower,0,61,12,0,73,0,89,9,0,98,0,150,21,0,171,2,0,2,173
02/22/2011,HYA,MA,ANE,EN,Federal Contract Tower,0,31,4,0,35,0,144,9,0,153,0,175,13,0,188,12,0,12,200
02/23/2011,HYA,MA,ANE,EN,Federal Contract Tower,0,10,10,0,20,0,199,52,0,251,0,209,62,0,271,52,0,52,323
02/24/2011,HYA,MA,ANE,EN,Federal Contract Tower,0,11,11,1,23,0,205,42,0,247,0,216,53,1,270,32,2,34,304
02/25/2011,HYA,MA,ANE,EN,Federal Contract Tower,0,92,3,0,95,0,0,0,0,0,0,92,3,0,95,0,0,0,95
02/26/2011,HYA,MA,ANE,EN,Federal Contract Tower,0,7,7,0,14,0,166,33,0,199,0,173,40,0,213,16,0,16,229
02/27/2011,HYA,MA,ANE,EN,Federal Contract Tower,0,89,5,0,94,0,14,0,0,14,0,103,5,0,108,0,0,0,108
02/28/2011,HYA,MA,ANE,EN,Federal Contract Tower,0,76,12,0,88,0,69,7,0,76,0,145,19,0,164,0,0,0,164
03/01/2011,HYA,MA,ANE,EN,Federal Contract Tower,0,8,2,0,10,0,176,27,4,207,0,184,29,4,217,48,0,48,265
03/02/2011,HYA,MA,ANE,EN,Federal Contract Tower,0,13,7,0,20,0,193,27,0,220,0,206,34,0,240,42,0,42,282
03/03/2011,HYA,MA,ANE,EN,Federal Contract Tower,0,5,8,0,13,0,206,44,2,252,0,211,52,2,265,56,0,56,321
03/04/2011,HYA,MA,ANE,EN,Federal Contract Tower,0,4,9,0,13,0,209,59,0,268,0,213,68,0,281,46,0,46,327
03/05/2011,HYA,MA,ANE,EN,Federal Contract Tower,0,4,5,0,9,0,137,28,0,165,0,141,33,0,174,20,0,20,194
03/06/2011,HYA,MA,ANE,EN,Federal Contract Tower,0,51,3,0,54,0,67,9,0,76,0,118,12,0,130,6,0,6,136
03/07/2011,HYA,MA,ANE,EN,Federal Contract Tower,0,93,9,0,102,0,79,5,0,84,0,172,14,0,186,14,0,14,200
03/08/2011,HYA,MA,ANE,EN,Federal Contract Tower,0,9,4,0,13,0,185,28,0,213,0,194,32,0,226,50,0,50,276
03/09/2011,HYA,MA,ANE,EN,Federal Contract Tower,0,18,2,0,20,0,191,27,0,218,0,209,29,0,238,62,0,62,300
03/10/2011,HYA,MA,ANE,EN,Federal Contract Tower,0,53,0,0,53,0,191,10,0,201,0,244,10,0,254,10,2,12,266
03/11/2011,HYA,MA,ANE,EN,Federal Contract Tower,0,94,10,0,104,0,0,0,0,0,0,94,10,0,104,0,0,0,104
03/12/2011,HYA,MA,ANE,EN,Federal Contract Tower,0,2,12,0,14,0,137,37,0,174,0,139,49,0,188,14,0,14,202
03/13/2011,HYA,MA,ANE,EN,Federal Contract Tower,0,5,7,0,12,0,134,40,0,174,0,139,47,0,186,54,0,54,240
03/14/2011,HYA,MA,ANE,EN,Federal Contract Tower,0,17,11,0,28,0,179,37,0,216,0,196,48,0,244,22,0,22,266
03/15/2011,HYA,MA,ANE,EN,Federal Contract Tower,0,6,5,0,11,0,198,46,1,245,0,204,51,1,256,52,0,52,308
03/16/2011,HYA,MA,ANE,EN,Federal Contract Tower,0,104,14,0,118,0,61,4,0,65,0,165,18,0,183,0,0,0,183
03/17/2011,HYA,MA,ANE,EN,Federal Contract Tower,0,45,4,0,49,0,175,32,0,207,0,220,36,0,256,32,0,32,288
03/18/2011,HYA,MA,ANE,EN,Federal Contract Tower,0,8,2,0,10,0,181,26,0,207,0,189,28,0,217,22,8,30,247
03/19/2011,HYA,MA,ANE,EN,Federal Contract Tower,0,18,13,0,31,0,126,47,0,173,0,144,60,0,204,28,0,28,232
03/20/2011,HYA,MA,ANE,EN,Federal Contract Tower,0,8,5,0,13,0,191,70,0,261,0,199,75,0,274,48,0,48,322
03/21/2011,HYA,MA,ANE,EN,Federal Contract Tower,0,83,9,0,92,0,91,8,0,99,0,174,17,0,191,0,0,0,191
03/22/2011,HYA,MA,ANE,EN,Federal Contract Tower,0,46,6,0,52,0,147,11,0,158,0,193,17,0,210,2,0,2,212
03/23/2011,HYA,MA,ANE,EN,Federal Contract Tower,0,50,9,0,59,0,161,28,0,189,0,211,37,0,248,6,0,6,254
03/24/2011,HYA,MA,ANE,EN,Federal Contract Tower,0,89,8,0,97,0,58,3,0,61,0,147,11,0,158,0,0,0,158
03/25/2011,HYA,MA,ANE,EN,Federal Contract Tower,0,8,6,0,14,0,173,44,0,217,0,181,50,0,231,6,0,6,237
03/26/2011,HYA,MA,ANE,EN,Federal Contract Tower,0,3,3,0,6,0,131,44,0,175,0,134,47,0,181,28,0,28,209
03/27/2011,HYA,MA,ANE,EN,Federal Contract Tower,0,4,7,0,11,0,143,36,0,179,0,147,43,0,190,8,0,8,198
03/28/2011,HYA,MA,ANE,EN,Federal Contract Tower,0,6,4,0,10,0,195,34,2,231,0,201,38,2,241,6,0,6,247
03/29/2011,HYA,MA,ANE,EN,Federal Contract Tower,0,27,8,0,35,0,176,25,2,203,0,203,33,2,238,18,0,18,256
03/30/2011,HYA,MA,ANE,EN,Federal Contract Tower,0,4,6,0,10,0,193,39,0,232,0,197,45,0,242,46,0,46,288
03/31/2011,HYA,MA,ANE,EN,Federal Contract Tower,0,41,6,0,47,0,170,29,0,199,0,211,35,0,246,0,0,0,246
04/01/2011,HYA,MA,ANE,EN,Federal Contract Tower,0,87,2,0,89,0,57,2,0,59,0,144,4,0,148,0,0,0,148
04/02/2011,HYA,MA,ANE,EN,Federal Contract Tower,0,2,3,0,5,0,132,30,0,162,0,134,33,0,167,20,0,20,187
04/03/2011,HYA,MA,ANE,EN,Federal Contract Tower,0,8,5,0,13,0,130,18,0,148,0,138,23,0,161,6,0,6,167
04/04/2011,HYA,MA,ANE,EN,Federal Contract Tower,0,19,8,0,27,0,163,18,0,181,0,182,26,0,208,2,0,2,210
04/05/2011,HYA,MA,ANE,EN,Federal Contract Tower,0,71,10,0,81,0,26,2,0,28,0,97,12,0,109,0,0,0,109
04/06/2011,HYA,MA,ANE,EN,Federal Contract Tower,0,11,8,0,19,0,203,39,0,242,0,214,47,0,261,42,0,42,303
04/07/2011,HYA,MA,ANE,EN,Federal Contract Tower,0,7,6,0,13,0,246,31,0,277,0,253,37,0,290,32,0,32,322
04/08/2011,HYA,MA,ANE,EN,Federal Contract Tower,0,6,3,0,9,0,204,47,0,251,0,210,50,0,260,46,2,48,308
04/09/2011,HYA,MA,ANE,EN,Federal Contract Tower,0,2,11,0,13,0,147,56,0,203,0,149,67,0,216,82,0,82,298
04/10/2011,HYA,MA,ANE,EN,Federal Contract Tower,0,12,12,0,24,0,151,37,0,188,0,163,49,0,212,94,0,94,306
04/11/2011,HYA,MA,ANE,EN,Federal Contract Tower,0,80,27,0,107,0,0,0,0,0,0,80,27,0,107,0,0,0,107
04/12/2011,HYA,MA,ANE,EN,Federal Contract Tower,0,20,11,0,31,0,172,16,0,188,0,192,27,0,219,42,0,42,261
04/13/2011,HYA,MA,ANE,EN,Federal Contract Tower,0,72,17,0,89,0,8,5,0,13,0,80,22,0,102,0,0,0,102
04/14/2011,HYA,MA,ANE,EN,Federal Contract Tower,0,62,12,0,74,0,172,41,0,213,0,234,53,0,287,50,0,50,337
04/15/2011,HYA,MA,ANE,EN,Federal Contract Tower,0,16,13,0,29,0,215,43,0,258,0,231,56,0,287,8,0,8,295
04/16/2011,HYA,MA,ANE,EN,Federal Contract Tower,0,12,9,0,21,0,142,25,0,167,0,154,34,0,188,10,0,10,198
04/17/2011,HYA,MA,ANE,EN,Federal Contract Tower,0,18,4,0,22,0,111,9,0,120,0,129,13,0,142,12,0,12,154
04/18/2011,HYA,MA,ANE,EN,Federal Contract Tower,0,7,3,0,10,0,172,27,0,199,0,179,30,0,209,12,0,12,221
04/19/2011,HYA,MA,ANE,EN,Federal Contract Tower,0,16,0,0,16,0,186,15,0,201,0,202,15,0,217,16,0,16,233
04/20/2011,HYA,MA,ANE,EN,Federal Contract Tower,0,116,34,0,150,0,0,0,0,0,0,116,34,0,150,0,0,0,150
04/21/2011,HYA,MA,ANE,EN,Federal Contract Tower,0,20,2,0,22,0,227,31,0,258,0,247,33,0,280,28,0,28,308
04/22/2011,HYA,MA,ANE,EN,Federal Contract Tower,0,9,17,0,26,0,220,60,0,280,0,229,77,0,306,44,0,44,350
04/23/2011,HYA,MA,ANE,EN,Federal Contract Tower,0,75,11,0,86,0,63,20,0,83,0,138,31,0,169,12,2,14,183
04/24/2011,HYA,MA,ANE,EN,Federal Contract Tower,0,63,13,0,76,0,57,13,0,70,0,120,26,0,146,16,0,16,162
04/25/2011,HYA,MA,ANE,EN,Federal Contract Tower,0,88,16,0,104,0,91,11,0,102,0,179,27,0,206,10,0,10,216
04/26/2011,HYA,MA,ANE,EN,Federal Contract Tower,0,60,8,0,68,0,0,0,0,0,0,60,8,0,68,0,0,0,68
04/27/2011,HYA,MA,ANE,EN,Federal Contract Tower,0,145,24,0,169,0,41,2,0,43,0,186,26,0,212,8,0,8,220
04/28/2011,HYA,MA,ANE,EN,Federal Contract Tower,0,105,11,0,116,0,0,0,0,0,0,105,11,0,116,0,0,0,116
04/29/2011,HYA,MA,ANE,EN,Federal Contract Tower,0,27,11,0,38,0,206,64,0,270,0,233,75,0,308,34,0,34,342
04/30/2011,HYA,MA,ANE,EN,Federal Contract Tower,0,6,10,0,16,0,152,60,0,212,0,158,70,0,228,26,0,26,254
05/01/2011,HYA,MA,ANE,EN,Federal Contract Tower,0,2,1,0,3,0,189,41,0,230,0,191,42,0,233,0,0,0,233
05/02/2011,HYA,MA,ANE,EN,Federal Contract Tower,0,6,4,0,10,0,206,57,0,263,0,212,61,0,273,14,0,14,287
05/03/2011,HYA,MA,ANE,EN,Federal Contract Tower,0,17,7,0,24,0,191,39,0,230,0,208,46,0,254,28,4,32,286
05/04/2011,HYA,MA,ANE,EN,Federal Contract Tower,0,175,19,0,194,0,45,0,0,45,0,220,19,0,239,0,0,0,239
05/05/2011,HYA,MA,ANE,EN,Federal Contract Tower,0,19,12,0,31,0,216,35,0,251,0,235,47,0,282,8,2,10,292
05/06/2011,HYA,MA,ANE,EN,Federal Contract Tower,0,6,11,0,17,0,199,58,0,257,0,205,69,0,274,30,0,30,304
05/07/2011,HYA,MA,ANE,EN,Federal Contract Tower,0,10,10,0,20,0,149,32,0,181,0,159,42,0,201,34,0,34,235
05/08/2011,HYA,MA,ANE,EN,Federal Contract Tower,0,102,20,0,122,0,25,1,0,26,0,127,21,0,148,0,0,0,148
05/09/2011,HYA,MA,ANE,EN,Federal Contract Tower,0,11,5,0,16,0,197,25,0,222,0,208,30,0,238,0,0,0,238
05/10/2011,HYA,MA,ANE,EN,Federal Contract Tower,0,128,13,0,141,0,0,0,0,0,0,128,13,0,141,0,0,0,141
05/11/2011,HYA,MA,ANE,EN,Federal Contract Tower,0,125,15,0,140,0,109,21,0,130,0,234,36,0,270,12,0,12,282
05/12/2011,HYA,MA,ANE,EN,Federal Contract Tower,0,67,7,0,74,0,189,20,0,209,0,256,27,0,283,28,0,28,311
05/13/2011,HYA,MA,ANE,EN,Federal Contract Tower,0,22,8,0,30,0,217,51,0,268,0,239,59,0,298,26,0,26,324
05/14/2011,HYA,MA,ANE,EN,Federal Contract Tower,0,131,20,0,151,0,6,1,0,7,0,137,21,0,158,2,0,2,160
05/15/2011,HYA,MA,ANE,EN,Federal Contract Tower,0,78,13,0,91,0,76,11,0,87,0,154,24,0,178,4,0,4,182
05/16/2011,HYA,MA,ANE,EN,Federal Contract Tower,0,147,22,0,169,0,0,0,0,0,0,147,22,0,169,0,0,0,169
05/17/2011,HYA,MA,ANE,EN,Federal Contract Tower,0,140,14,0,154,0,0,0,0,0,0,140,14,0,154,0,0,0,154
05/18/2011,HYA,MA,ANE,EN,Federal Contract Tower,0,162,14,0,176,0,0,0,0,0,0,162,14,0,176,0,0,0,176
05/19/2011,HYA,MA,ANE,EN,Federal Contract Tower,0,140,11,0,151,0,70,10,0,80,0,210,21,0,231,0,0,0,231
05/20/2011,HYA,MA,ANE,EN,Federal Contract Tower,0,71,19,0,90,0,123,31,0,154,0,194,50,0,244,44,0,44,288
05/21/2011,HYA,MA,ANE,EN,Federal Contract Tower,0,59,15,0,74,0,55,14,0,69,0,114,29,0,143,8,0,8,151
05/22/2011,HYA,MA,ANE,EN,Federal Contract Tower,0,141,22,0,163,0,5,8,0,13,0,146,30,0,176,0,0,0,176
05/23/2011,HYA,MA,ANE,EN,Federal Contract Tower,0,110,21,0,131,0,62,7,0,69,0,172,28,0,200,0,0,0,200
05/24/2011,HYA,MA,ANE,EN,Federal Contract Tower,0,86,24,0,110,0,18,1,0,19,0,104,25,0,129,4,0,4,133
05/25/2011,HYA,MA,ANE,EN,Federal Contract Tower,0,27,21,0,48,0,210,49,0,259,0,237,70,0,307,30,0,30,337
05/26/2011,HYA,MA,ANE,EN,Federal Contract Tower,0,167,52,0,219,0,0,0,0,0,0,167,52,0,219,0,0,0,219
05/27/2011,HYA,MA,ANE,EN,Federal Contract Tower,0,172,68,0,240,0,105,102,0,207,0,277,170,0,447,12,0,12,459
05/28/2011,HYA,MA,ANE,EN,Federal Contract Tower,0,56,19,0,75,0,83,27,0,110,0,139,46,0,185,0,0,0,185
05/29/2011,HYA,MA,ANE,EN,Federal Contract Tower,0,74,16,0,90,0,34,9,0,43,0,108,25,0,133,12,0,12,145
05/30/2011,HYA,MA,ANE,EN,Federal Contract Tower,0,97,33,0,130,0,176,39,0,215,0,273,72,0,345,8,2,10,355
05/31/2011,HYA,MA,ANE,EN,Federal Contract Tower,0,17,14,0,31,0,223,59,0,282,0,240,73,0,313,70,0,70,383
06/01/2011,HYA,MA,ANE,EN,Federal Contract Tower,0,132,30,0,162,0,61,10,0,71,0,193,40,0,233,0,0,0,233
06/02/2011,HYA,MA,ANE,EN,Federal Contract Tower,0,24,16,0,40,0,236,70,0,306,0,260,86,0,346,38,0,38,384
06/03/2011,HYA,MA,ANE,EN,Federal Contract Tower,0,23,22,0,45,0,210,62,0,272,0,233,84,0,317,16,0,16,333
06/04/2011,HYA,MA,ANE,EN,Federal Contract Tower,0,11,14,0,25,0,146,81,0,227,0,157,95,0,252,10,0,10,262
06/05/2011,HYA,MA,ANE,EN,Federal Contract Tower,0,14,11,0,25,0,162,44,0,206,0,176,55,0,231,4,0,4,235
06/06/2011,HYA,MA,ANE,EN,Federal Contract Tower,0,14,6,0,20,0,208,60,0,268,0,222,66,0,288,10,2,12,300
06/07/2011,HYA,MA,ANE,EN,Federal Contract Tower,0,12,4,0,16,0,196,45,0,241,0,208,49,0,257,14,2,16,273
06/08/2011,HYA,MA,ANE,EN,Federal Contract Tower,0,7,8,0,15,0,222,48,0,270,0,229,56,0,285,42,0,42,327
06/09/2011,HYA,MA,ANE,EN,Federal Contract Tower,0,31,19,0,50,0,217,49,0,266,0,248,68,0,316,12,0,12,328
06/10/2011,HYA,MA,ANE,EN,Federal Contract Tower,0,59,42,0,101,0,157,31,0,188,0,216,73,0,289,0,0,0,289
06/11/2011,HYA,MA,ANE,EN,Federal Contract Tower,0,55,21,0,76,0,88,16,0,104,0,143,37,0,180,0,0,0,180
06/12/2011,HYA,MA,ANE,EN,Federal Contract Tower,0,119,23,0,142,0,0,0,0,0,0,119,23,0,142,0,0,0,142
06/13/2011,HYA,MA,ANE,EN,Federal Contract Tower,0,107,21,0,128,0,111,26,0,137,0,218,47,0,265,6,0,6,271
06/14/2011,HYA,MA,ANE,EN,Federal Contract Tower,0,79,17,0,96,0,156,15,0,171,0,235,32,0,267,8,0,8,275
06/15/2011,HYA,MA,ANE,EN,Federal Contract Tower,0,25,11,0,36,0,188,38,0,226,0,213,49,0,262,12,0,12,274
06/16/2011,HYA,MA,ANE,EN,Federal Contract Tower,0,9,11,0,20,0,238,65,0,303,0,247,76,0,323,50,0,50,373
06/17/2011,HYA,MA,ANE,EN,Federal Contract Tower,0,37,20,0,57,0,194,31,0,225,0,231,51,0,282,26,0,26,308
06/18/2011,HYA,MA,ANE,EN,Federal Contract Tower,0,49,28,0,77,0,104,37,0,141,0,153,65,0,218,6,0,6,224
06/19/2011,HYA,MA,ANE,EN,Federal Contract Tower,0,14,10,0,24,0,154,52,0,206,0,168,62,0,230,2,0,2,232
06/20/2011,HYA,MA,ANE,EN,Federal Contract Tower,0,23,19,0,42,0,188,71,0,259,0,211,90,0,301,2,0,2,303
06/21/2011,HYA,MA,ANE,EN,Federal Contract Tower,0,14,9,0,23,0,203,53,0,256,0,217,62,0,279,18,2,20,299
06/22/2011,HYA,MA,ANE,EN,Federal Contract Tower,0,95,20,3,118,0,122,19,0,141,0,217,39,3,259,0,0,0,259
06/23/2011,HYA,MA,ANE,EN,Federal Contract Tower,0,148,45,0,193,0,0,0,0,0,0,148,45,0,193,0,0,0,193
06/24/2011,HYA,MA,ANE,EN,Federal Contract Tower,0,220,69,0,289,0,0,0,0,0,0,220,69,0,289,0,0,0,289
06/25/2011,HYA,MA,ANE,EN,Federal Contract Tower,0,69,11,0,80,0,60,7,0,67,0,129,18,0,147,46,0,46,193
06/26/2011,HYA,MA,ANE,EN,Federal Contract Tower,0,131,55,2,188,0,22,19,0,41,0,153,74,2,229,0,0,0,229
06/27/2011,HYA,MA,ANE,EN,Federal Contract Tower,0,22,9,0,31,0,190,75,0,265,0,212,84,0,296,6,2,8,304
06/28/2011,HYA,MA,ANE,EN,Federal Contract Tower,0,129,41,0,170,0,88,20,0,108,0,217,61,0,278,20,0,20,298
06/29/2011,HYA,MA,ANE,EN,Federal Contract Tower,0,79,42,0,121,0,135,50,0,185,0,214,92,0,306,44,0,44,350
06/30/2011,HYA,MA,ANE,EN,Federal Contract Tower,0,52,24,0,76,0,248,87,0,335,0,300,111,0,411,12,0,12,423
07/01/2011,HYA,MA,ANE,EN,Federal Contract Tower,0,23,36,0,59,0,244,131,0,375,0,267,167,0,434,16,0,16,450
07/02/2011,HYA,MA,ANE,EN,Federal Contract Tower,0,25,17,0,42,0,171,88,0,259,0,196,105,0,301,10,0,10,311
07/03/2011,HYA,MA,ANE,EN,Federal Contract Tower,0,52,21,0,73,0,67,20,0,87,0,119,41,0,160,4,0,4,164
07/04/2011,HYA,MA,ANE,EN,Federal Contract Tower,0,66,23,0,89,0,125,51,0,176,0,191,74,0,265,8,0,8,273
07/05/2011,HYA,MA,ANE,EN,Federal Contract Tower,0,45,29,0,74,0,192,55,0,247,0,237,84,0,321,16,2,18,339
07/06/2011,HYA,MA,ANE,EN,Federal Contract Tower,0,150,63,0,213,0,63,25,0,88,0,213,88,0,301,0,0,0,301
07/07/2011,HYA,MA,ANE,EN,Federal Contract Tower,0,65,22,0,87,0,189,54,2,245,0,254,76,2,332,0,0,0,332
07/08/2011,HYA,MA,ANE,EN,Federal Contract Tower,0,112,47,0,159,0,13,4,2,19,0,125,51,2,178,0,0,0,178
07/09/2011,HYA,MA,ANE,EN,Federal Contract Tower,0,67,36,0,103,0,111,48,0,159,0,178,84,0,262,4,2,6,268
07/10/2011,HYA,MA,ANE,EN,Federal Contract Tower,0,19,18,0,37,0,172,72,0,244,0,191,90,0,281,10,0,10,291
07/11/2011,HYA,MA,ANE,EN,Federal Contract Tower,0,96,29,0,125,0,145,60,0,205,0,241,89,0,330,6,0,6,336
07/12/2011,HYA,MA,ANE,EN,Federal Contract Tower,0,60,20,0,80,0,168,18,0,186,0,228,38,0,266,10,0,10,276
07/13/2011,HYA,MA,ANE,EN,Federal Contract Tower,0,24,16,0,40,0,174,55,0,229,0,198,71,0,269,16,0,16,285
07/14/2011,HYA,MA,ANE,EN,Federal Contract Tower,0,56,32,0,88,0,199,56,2,257,0,255,88,2,345,12,0,12,357
07/15/2011,HYA,MA,ANE,EN,Federal Contract Tower,0,28,27,0,55,0,225,74,0,299,0,253,101,0,354,10,0,10,364
07/16/2011,HYA,MA,ANE,EN,Federal Contract Tower,0,22,8,0,30,0,154,91,0,245,0,176,99,0,275,14,0,14,289
07/17/2011,HYA,MA,ANE,EN,Federal Contract Tower,0,31,30,1,62,0,173,96,0,269,0,204,126,1,331,0,0,0,331
07/18/2011,HYA,MA,ANE,EN,Federal Contract Tower,0,15,31,0,46,0,207,39,0,246,0,222,70,0,292,4,0,4,296
07/19/2011,HYA,MA,ANE,EN,Federal Contract Tower,0,35,25,0,60,0,151,42,0,193,0,186,67,0,253,28,0,28,281
07/20/2011,HYA,MA,ANE,EN,Federal Contract Tower,0,42,20,0,62,0,214,70,0,284,0,256,90,0,346,18,0,18,364
07/21/2011,HYA,MA,ANE,EN,Federal Contract Tower,0,183,78,0,261,0,33,13,0,46,0,216,91,0,307,6,0,6,313
07/22/2011,HYA,MA,ANE,EN,Federal Contract Tower,0,100,32,0,132,0,150,59,0,209,0,250,91,0,341,10,0,10,351
07/23/2011,HYA,MA,ANE,EN,Federal Contract Tower,0,17,23,0,40,0,152,78,0,230,0,169,101,0,270,20,0,20,290
07/24/2011,HYA,MA,ANE,EN,Federal Contract Tower,0,32,32,0,64,0,167,87,0,254,0,199,119,0,318,8,0,8,326
07/25/2011,HYA,MA,ANE,EN,Federal Contract Tower,0,28,37,0,65,0,199,57,0,256,0,227,94,0,321,12,0,12,333
07/26/2011,HYA,MA,ANE,EN,Federal Contract Tower,0,157,38,0,195,0,29,4,0,33,0,186,42,0,228,0,0,0,228
07/27/2011,HYA,MA,ANE,EN,Federal Contract Tower,0,26,35,0,61,0,212,89,0,301,0,238,124,0,362,42,0,42,404
07/28/2011,HYA,MA,ANE,EN,Federal Contract Tower,0,35,36,0,71,0,209,75,0,284,0,244,111,0,355,50,0,50,405
07/29/2011,HYA,MA,ANE,EN,Federal Contract Tower,0,124,70,0,194,0,117,22,0,139,0,241,92,0,333,0,0,0,333
07/30/2011,HYA,MA,ANE,EN,Federal Contract Tower,0,26,21,0,47,0,176,97,1,274,0,202,118,1,321,6,0,6,327
07/31/2011,HYA,MA,ANE,EN,Federal Contract Tower,0,23,30,0,53,0,179,93,0,272,0,202,123,0,325,26,0,26,351
08/01/2011,HYA,MA,ANE,EN,Federal Contract Tower,0,56,27,0,83,0,169,59,0,228,0,225,86,0,311,2,0,2,313
08/02/2011,HYA,MA,ANE,EN,Federal Contract Tower,0,14,17,0,31,0,170,59,0,229,0,184,76,0,260,32,0,32,292
08/03/2011,HYA,MA,ANE,EN,Federal Contract Tower,0,44,41,0,85,0,201,70,0,271,0,245,111,0,356,8,0,8,364
08/04/2011,HYA,MA,ANE,EN,Federal Contract Tower,0,30,29,4,63,0,205,76,0,281,0,235,105,4,344,18,0,18,362
08/05/2011,HYA,MA,ANE,EN,Federal Contract Tower,0,34,42,0,76,0,217,64,2,283,0,251,106,2,359,12,0,12,371
08/06/2011,HYA,MA,ANE,EN,Federal Contract Tower,0,35,44,0,79,0,134,41,0,175,0,169,85,0,254,12,0,12,266
08/07/2011,HYA,MA,ANE,EN,Federal Contract Tower,0,80,41,0,121,0,77,10,0,87,0,157,51,0,208,0,0,0,208
08/08/2011,HYA,MA,ANE,EN,Federal Contract Tower,0,80,44,3,127,0,59,16,0,75,0,139,60,3,202,0,0,0,202
08/09/2011,HYA,MA,ANE,EN,Federal Contract Tower,0,33,23,2,58,0,171,36,0,207,0,204,59,2,265,8,0,8,273
08/10/2011,HYA,MA,ANE,EN,Federal Contract Tower,0,70,40,0,110,0,130,49,0,179,0,200,89,0,289,24,0,24,313
08/11/2011,HYA,MA,ANE,EN,Federal Contract Tower,0,62,36,0,98,0,165,85,0,250,0,227,121,0,348,12,4,16,364
08/12/2011,HYA,MA,ANE,EN,Federal Contract Tower,0,37,30,0,67,0,229,100,0,329,0,266,130,0,396,34,0,34,430
08/13/2011,HYA,MA,ANE,EN,Federal Contract Tower,0,24,22,0,46,0,163,85,0,248,0,187,107,0,294,2,2,4,298
08/14/2011,HYA,MA,ANE,EN,Federal Contract Tower,0,33,27,0,60,0,158,34,0,192,0,191,61,0,252,10,0,10,262
08/15/2011,HYA,MA,ANE,EN,Federal Contract Tower,0,82,48,0,130,0,84,16,0,100,0,166,64,0,230,0,0,0,230
08/16/2011,HYA,MA,ANE,EN,Federal Contract Tower,0,62,31,0,93,0,144,24,0,168,0,206,55,0,261,12,0,12,273
08/17/2011,HYA,MA,ANE,EN,Federal Contract Tower,0,28,28,0,56,0,217,91,0,308,0,245,119,0,364,0,0,0,364
08/18/2011,HYA,MA,ANE,EN,Federal Contract Tower,0,86,56,0,142,0,147,50,0,197,0,233,106,0,339,8,0,8,347
08/19/2011,HYA,MA,ANE,EN,Federal Contract Tower,0,65,55,0,120,0,214,54,0,268,0,279,109,0,388,0,0,0,388
08/20/2011,HYA,MA,ANE,EN,Federal Contract Tower,0,42,60,0,102,0,161,48,0,209,0,203,108,0,311,0,0,0,311
08/21/2011,HYA,MA,ANE,EN,Federal Contract Tower,0,109,100,0,209,0,110,44,0,154,0,219,144,0,363,0,0,0,363
08/22/2011,HYA,MA,ANE,EN,Federal Contract Tower,0,60,67,0,127,0,143,48,0,191,0,203,115,0,318,0,0,0,318
08/23/2011,HYA,MA,ANE,EN,Federal Contract Tower,0,27,39,0,66,0,175,58,2,235,0,202,97,2,301,0,0,0,301
08/24/2011,HYA,MA,ANE,EN,Federal Contract Tower,0,52,55,0,107,0,200,98,0,298,0,252,153,0,405,0,0,0,405
08/25/2011,HYA,MA,ANE,EN,Federal Contract Tower,0,99,50,0,149,0,127,30,0,157,0,226,80,0,306,0,0,0,306
08/26/2011,HYA,MA,ANE,EN,Federal Contract Tower,0,52,56,0,108,0,199,69,0,268,0,251,125,0,376,0,0,0,376
08/27/2011,HYA,MA,ANE,EN,Federal Contract Tower,0,128,39,2,169,0,6,0,0,6,0,134,39,2,175,0,0,0,175
08/28/2011,HYA,MA,ANE,EN,Federal Contract Tower,0,2,0,0,2,0,0,0,0,0,0,2,0,0,2,0,0,0,2
08/29/2011,HYA,MA,ANE,EN,Federal Contract Tower,0,13,13,0,26,0,160,54,0,214,0,173,67,0,240,6,0,6,246
08/30/2011,HYA,MA,ANE,EN,Federal Contract Tower,0,18,14,0,32,0,181,48,2,231,0,199,62,2,263,0,0,0,263
08/31/2011,HYA,MA,ANE,EN,Federal Contract Tower,0,12,11,0,23,0,189,75,0,264,0,201,86,0,287,26,0,26,313
09/01/2011,HYA,MA,ANE,EN,Federal Contract Tower,0,16,17,0,33,0,215,67,0,282,0,231,84,0,315,20,0,20,335
09/02/2011,HYA,MA,ANE,EN,Federal Contract Tower,0,52,27,0,79,0,197,88,0,285,0,249,115,0,364,12,0,12,376
09/03/2011,HYA,MA,ANE,EN,Federal Contract Tower,0,19,24,0,43,0,144,48,0,192,0,163,72,0,235,20,0,20,255
09/04/2011,HYA,MA,ANE,EN,Federal Contract Tower,0,14,19,0,33,0,123,25,0,148,0,137,44,0,181,14,0,14,195
09/05/2011,HYA,MA,ANE,EN,Federal Contract Tower,0,155,46,0,201,0,51,10,0,61,0,206,56,0,262,0,0,0,262
09/06/2011,HYA,MA,ANE,EN,Federal Contract Tower,0,126,27,0,153,0,0,0,0,0,0,126,27,0,153,0,0,0,153
09/07/2011,HYA,MA,ANE,EN,Federal Contract Tower,0,142,20,0,162,0,2,1,0,3,0,144,21,0,165,0,0,0,165
09/08/2011,HYA,MA,ANE,EN,Federal Contract Tower,0,125,25,0,150,0,37,14,0,51,0,162,39,0,201,0,0,0,201
09/09/2011,HYA,MA,ANE,EN,Federal Contract Tower,0,116,52,0,168,0,120,60,0,180,0,236,112,0,348,0,0,0,348
09/10/2011,HYA,MA,ANE,EN,Federal Contract Tower,0,35,25,0,60,0,181,54,0,235,0,216,79,0,295,16,0,16,311
09/11/2011,HYA,MA,ANE,EN,Federal Contract Tower,0,22,27,0,49,0,195,67,1,263,0,217,94,1,312,44,0,44,356
09/12/2011,HYA,MA,ANE,EN,Federal Contract Tower,0,150,33,0,183,0,71,22,0,93,0,221,55,0,276,62,0,62,338
09/13/2011,HYA,MA,ANE,EN,Federal Contract Tower,0,18,9,0,27,0,227,50,0,277,0,245,59,0,304,28,0,28,332
09/14/2011,HYA,MA,ANE,EN,Federal Contract Tower,0,17,19,0,36,0,240,69,0,309,0,257,88,0,345,30,0,30,375
09/15/2011,HYA,MA,ANE,EN,Federal Contract Tower,0,134,40,0,174,0,107,37,0,144,0,241,77,0,318,22,0,22,340
09/16/2011,HYA,MA,ANE,EN,Federal Contract Tower,0,30,24,0,54,0,245,94,0,339,0,275,118,0,393,32,0,32,425
09/17/2011,HYA,MA,ANE,EN,Federal Contract Tower,0,11,12,0,23,0,204,53,2,259,0,215,65,2,282,42,0,42,324
09/18/2011,HYA,MA,ANE,EN,Federal Contract Tower,0,19,15,0,34,0,222,60,0,282,0,241,75,0,316,20,0,20,336
09/19/2011,HYA,MA,ANE,EN,Federal Contract Tower,0,10,15,0,25,0,211,54,0,265,0,221,69,0,290,20,0,20,310
09/20/2011,HYA,MA,ANE,EN,Federal Contract Tower,0,10,11,0,21,0,223,45,0,268,0,233,56,0,289,32,0,32,321
09/21/2011,HYA,MA,ANE,EN,Federal Contract Tower,0,20,26,0,46,0,231,65,2,298,0,251,91,2,344,40,0,40,384
09/22/2011,HYA,MA,ANE,EN,Federal Contract Tower,0,146,47,0,193,0,59,11,0,70,0,205,58,0,263,6,0,6,269
09/23/2011,HYA,MA,ANE,EN,Federal Contract Tower,0,182,53,6,241,0,0,0,0,0,0,182,53,6,241,0,0,0,241
09/24/2011,HYA,MA,ANE,EN,Federal Contract Tower,0,107,20,0,127,0,14,10,0,24,0,121,30,0,151,16,0,16,167
09/25/2011,HYA,MA,ANE,EN,Federal Contract Tower,0,51,24,0,75,0,155,38,0,193,0,206,62,0,268,6,0,6,274
09/26/2011,HYA,MA,ANE,EN,Federal Contract Tower,0,46,18,0,64,0,143,47,0,190,0,189,65,0,254,20,0,20,274
09/27/2011,HYA,MA,ANE,EN,Federal Contract Tower,0,40,9,0,49,0,218,39,0,257,0,258,48,0,306,36,0,36,342
09/28/2011,HYA,MA,ANE,EN,Federal Contract Tower,0,14,14,0,28,0,238,41,0,279,0,252,55,0,307,46,0,46,353
09/29/2011,HYA,MA,ANE,EN,Federal Contract Tower,0,144,29,0,173,0,64,18,0,82,0,208,47,0,255,8,0,8,263
09/30/2011,HYA,MA,ANE,EN,Federal Contract Tower,0,14,18,0,32,0,224,66,0,290,0,238,84,0,322,32,0,32,354
10/01/2011,HYA,MA,ANE,EN,Federal Contract Tower,0,54,10,0,64,0,86,26,0,112,0,140,36,0,176,28,0,28,204
10/02/2011,HYA,MA,ANE,EN,Federal Contract Tower,0,67,29,0,96,0,124,16,0,140,0,191,45,0,236,16,0,16,252
10/03/2011,HYA,MA,ANE,EN,Federal Contract Tower,0,25,9,0,34,0,187,48,0,235,0,212,57,0,269,44,0,44,313
10/04/2011,HYA,MA,ANE,EN,Federal Contract Tower,0,31,9,0,40,0,210,27,0,237,0,241,36,0,277,22,0,22,299
10/05/2011,HYA,MA,ANE,EN,Federal Contract Tower,0,23,15,0,38,0,240,56,0,296,0,263,71,0,334,66,0,66,400
10/06/2011,HYA,MA,ANE,EN,Federal Contract Tower,0,18,12,0,30,0,219,72,0,291,0,237,84,0,321,48,0,48,369
10/07/2011,HYA,MA,ANE,EN,Federal Contract Tower,0,28,11,0,39,0,258,100,0,358,0,286,111,0,397,34,0,34,431
10/08/2011,HYA,MA,ANE,EN,Federal Contract Tower,0,9,12,0,21,0,198,78,0,276,0,207,90,0,297,32,0,32,329
10/09/2011,HYA,MA,ANE,EN,Federal Contract Tower,0,16,10,0,26,0,165,72,0,237,0,181,82,0,263,26,0,26,289
10/10/2011,HYA,MA,ANE,EN,Federal Contract Tower,0,20,14,0,34,0,202,65,0,267,0,222,79,0,301,22,0,22,323
10/11/2011,HYA,MA,ANE,EN,Federal Contract Tower,0,18,5,0,23,0,215,53,0,268,0,233,58,0,291,32,2,34,325
10/12/2011,HYA,MA,ANE,EN,Federal Contract Tower,0,48,16,0,64,0,195,38,0,233,0,243,54,0,297,20,0,20,317
10/13/2011,HYA,MA,ANE,EN,Federal Contract Tower,0,141,45,0,186,0,0,0,0,0,0,141,45,0,186,0,0,0,186
10/14/2011,HYA,MA,ANE,EN,Federal Contract Tower,0,138,27,0,165,0,0,0,0,0,0,138,27,0,165,0,0,0,165
10/15/2011,HYA,MA,ANE,EN,Federal Contract Tower,0,13,7,0,20,0,188,48,0,236,0,201,55,0,256,8,0,8,264
10/16/2011,HYA,MA,ANE,EN,Federal Contract Tower,0,18,10,0,28,0,190,37,0,227,0,208,47,0,255,24,0,24,279
10/17/2011,HYA,MA,ANE,EN,Federal Contract Tower,0,20,10,0,30,0,202,54,0,256,0,222,64,0,286,14,0,14,300
10/18/2011,HYA,MA,ANE,EN,Federal Contract Tower,0,8,9,1,18,0,222,63,1,286,0,230,72,2,304,62,0,62,366
10/19/2011,HYA,MA,ANE,EN,Federal Contract Tower,0,106,23,0,129,0,12,2,0,14,0,118,25,0,143,0,0,0,143
10/20/2011,HYA,MA,ANE,EN,Federal Contract Tower,0,69,8,0,77,0,176,40,0,216,0,245,48,0,293,30,0,30,323
10/21/2011,HYA,MA,ANE,EN,Federal Contract Tower,0,15,15,0,30,0,211,66,0,277,0,226,81,0,307,30,4,34,341
10/22/2011,HYA,MA,ANE,EN,Federal Contract Tower,0,20,9,0,29,0,179,47,0,226,0,199,56,0,255,46,0,46,301
10/23/2011,HYA,MA,ANE,EN,Federal Contract Tower,0,15,15,0,30,0,171,67,0,238,0,186,82,0,268,26,0,26,294
10/24/2011,HYA,MA,ANE,EN,Federal Contract Tower,0,14,8,0,22,0,195,61,0,256,0,209,69,0,278,48,0,48,326
10/25/2011,HYA,MA,ANE,EN,Federal Contract Tower,0,4,7,0,11,0,227,52,0,279,0,231,59,0,290,42,0,42,332
10/26/2011,HYA,MA,ANE,EN,Federal Contract Tower,0,19,26,0,45,0,195,69,0,264,0,214,95,0,309,34,0,34,343
10/27/2011,HYA,MA,ANE,EN,Federal Contract Tower,0,153,32,0,185,0,8,0,0,8,0,161,32,0,193,0,0,0,193
10/28/2011,HYA,MA,ANE,EN,Federal Contract Tower,0,14,7,0,21,0,192,63,0,255,0,206,70,0,276,66,0,66,342
10/29/2011,HYA,MA,ANE,EN,Federal Contract Tower,0,26,3,0,29,0,139,34,0,173,0,165,37,0,202,8,0,8,210
10/30/2011,HYA,MA,ANE,EN,Federal Contract Tower,0,4,8,0,12,0,123,25,0,148,0,127,33,0,160,0,0,0,160
10/31/2011,HYA,MA,ANE,EN,Federal Contract Tower,0,12,2,0,14,0,173,64,0,237,0,185,66,0,251,36,0,36,287
11/01/2011,HYA,MA,ANE,EN,Federal Contract Tower,0,12,5,0,17,0,219,35,0,254,0,231,40,0,271,18,0,18,289
11/02/2011,HYA,MA,ANE,EN,Federal Contract Tower,0,12,5,0,17,0,206,46,0,252,0,218,51,0,269,32,0,32,301
11/03/2011,HYA,MA,ANE,EN,Federal Contract Tower,0,15,6,0,21,0,189,49,0,238,0,204,55,0,259,54,2,56,315
11/04/2011,HYA,MA,ANE,EN,Federal Contract Tower,0,9,15,0,24,0,226,57,1,284,0,235,72,1,308,36,2,38,346
11/05/2011,HYA,MA,ANE,EN,Federal Contract Tower,0,2,8,0,10,0,175,46,0,221,0,177,54,0,231,50,0,50,281
11/06/2011,HYA,MA,ANE,EN,Federal Contract Tower,0,11,5,0,16,0,177,65,0,242,0,188,70,0,258,36,0,36,294
11/07/2011,HYA,MA,ANE,EN,Federal Contract Tower,0,12,6,0,18,0,186,42,2,230,0,198,48,2,248,22,4,26,274
11/08/2011,HYA,MA,ANE,EN,Federal Contract Tower,0,6,12,0,18,0,212,38,0,250,0,218,50,0,268,30,2,32,300
11/09/2011,HYA,MA,ANE,EN,Federal Contract Tower,0,14,23,0,37,0,155,31,0,186,0,169,54,0,223,52,0,52,275
11/10/2011,HYA,MA,ANE,EN,Federal Contract Tower,0,100,7,0,107,0,84,6,0,90,0,184,13,0,197,6,0,6,203
11/11/2011,HYA,MA,ANE,EN,Federal Contract Tower,0,20,8,0,28,0,191,48,0,239,0,211,56,0,267,30,0,30,297
11/12/2011,HYA,MA,ANE,EN,Federal Contract Tower,0,14,5,0,19,0,183,54,0,237,0,197,59,0,256,16,0,16,272
11/13/2011,HYA,MA,ANE,EN,Federal Contract Tower,0,11,5,0,16,0,167,53,0,220,0,178,58,0,236,28,0,28,264
11/14/2011,HYA,MA,ANE,EN,Federal Contract Tower,0,16,9,0,25,0,180,41,0,221,0,196,50,0,246,10,0,10,256
11/15/2011,HYA,MA,ANE,EN,Federal Contract Tower,0,8,6,0,14,0,218,34,0,252,0,226,40,0,266,28,0,28,294
11/16/2011,HYA,MA,ANE,EN,Federal Contract Tower,0,113,19,2,134,0,70,8,0,78,0,183,27,2,212,0,0,0,212
11/17/2011,HYA,MA,ANE,EN,Federal Contract Tower,0,16,20,0,36,0,206,42,0,248,0,222,62,0,284,48,0,48,332
11/18/2011,HYA,MA,ANE,EN,Federal Contract Tower,0,19,6,0,25,0,208,78,0,286,0,227,84,0,311,52,0,52,363
11/19/2011,HYA,MA,ANE,EN,Federal Contract Tower,0,12,7,0,19,0,171,51,0,222,0,183,58,0,241,58,0,58,299
11/20/2011,HYA,MA,ANE,EN,Federal Contract Tower,0,17,6,0,23,0,147,43,0,190,0,164,49,0,213,20,0,20,233
11/21/2011,HYA,MA,ANE,EN,Federal Contract Tower,0,16,4,0,20,0,174,31,0,205,0,190,35,0,225,20,0,20,245
11/22/2011,HYA,MA,ANE,EN,Federal Contract Tower,0,37,23,0,60,0,184,40,6,230,0,221,63,6,290,50,0,50,340
11/23/2011,HYA,MA,ANE,EN,Federal Contract Tower,0,166,38,0,204,0,0,0,0,0,0,166,38,0,204,0,0,0,204
11/24/2011,HYA,MA,ANE,EN,Federal Contract Tower,0,55,7,0,62,0,118,24,0,142,0,173,31,0,204,30,0,30,234
11/25/2011,HYA,MA,ANE,EN,Federal Contract Tower,0,24,8,0,32,0,206,65,4,275,0,230,73,4,307,46,0,46,353
11/26/2011,HYA,MA,ANE,EN,Federal Contract Tower,0,18,19,0,37,0,176,74,0,250,0,194,93,0,287,40,0,40,327
11/27/2011,HYA,MA,ANE,EN,Federal Contract Tower,0,34,13,0,47,0,170,56,0,226,0,204,69,0,273,26,0,26,299
11/28/2011,HYA,MA,ANE,EN,Federal Contract Tower,0,13,11,0,24,0,195,53,6,254,0,208,64,6,278,32,0,32,310
11/29/2011,HYA,MA,ANE,EN,Federal Contract Tower,0,8,4,4,16,0,218,36,0,254,0,226,40,4,270,32,14,46,316
11/30/2011,HYA,MA,ANE,EN,Federal Contract Tower,0,18,4,0,22,0,192,45,0,237,0,210,49,0,259,64,0,64,323
12/01/2011,HYA,MA,ANE,EN,Federal Contract Tower,0,10,6,0,16,0,217,55,18,290,0,227,61,18,306,38,2,40,346
12/02/2011,HYA,MA,ANE,EN,Federal Contract Tower,0,12,3,0,15,0,262,73,4,339,0,274,76,4,354,38,0,38,392
12/03/2011,HYA,MA,ANE,EN,Federal Contract Tower,0,8,10,0,18,0,205,63,0,268,0,213,73,0,286,8,0,8,294
12/04/2011,HYA,MA,ANE,EN,Federal Contract Tower,0,6,4,0,10,0,240,69,0,309,0,246,73,0,319,68,0,68,387
12/05/2011,HYA,MA,ANE,EN,Federal Contract Tower,0,95,32,0,127,0,30,5,0,35,0,125,37,0,162,0,0,0,162
12/06/2011,HYA,MA,ANE,EN,Federal Contract Tower,0,57,14,0,71,0,137,19,2,158,0,194,33,2,229,8,0,8,237
12/07/2011,HYA,MA,ANE,EN,Federal Contract Tower,0,166,23,0,189,0,0,0,0,0,0,166,23,0,189,0,0,0,189
12/08/2011,HYA,MA,ANE,EN,Federal Contract Tower,0,18,5,0,23,0,202,48,0,250,0,220,53,0,273,28,0,28,301
12/09/2011,HYA,MA,ANE,EN,Federal Contract Tower,0,4,3,0,7,0,186,60,0,246,0,190,63,0,253,32,0,32,285
12/10/2011,HYA,MA,ANE,EN,Federal Contract Tower,0,17,9,0,26,0,164,53,0,217,0,181,62,0,243,24,0,24,267
12/11/2011,HYA,MA,ANE,EN,Federal Contract Tower,0,8,9,0,17,0,133,44,0,177,0,141,53,0,194,24,0,24,218
12/12/2011,HYA,MA,ANE,EN,Federal Contract Tower,0,7,3,0,10,0,154,48,0,202,0,161,51,0,212,6,0,6,218
12/13/2011,HYA,MA,ANE,EN,Federal Contract Tower,0,5,5,0,10,0,220,34,0,254,0,225,39,0,264,26,0,26,290
12/14/2011,HYA,MA,ANE,EN,Federal Contract Tower,0,13,11,0,24,0,195,37,0,232,0,208,48,0,256,16,0,16,272
12/15/2011,HYA,MA,ANE,EN,Federal Contract Tower,0,10,5,0,15,0,217,42,0,259,0,227,47,0,274,8,0,8,282
12/16/2011,HYA,MA,ANE,EN,Federal Contract Tower,0,9,7,0,16,0,202,55,0,257,0,211,62,0,273,40,0,40,313
12/17/2011,HYA,MA,ANE,EN,Federal Contract Tower,0,4,6,0,10,0,202,55,2,259,0,206,61,2,269,26,0,26,295
12/18/2011,HYA,MA,ANE,EN,Federal Contract Tower,0,29,8,0,37,0,115,24,0,139,0,144,32,0,176,6,0,6,182
12/19/2011,HYA,MA,ANE,EN,Federal Contract Tower,0,10,6,0,16,0,168,38,0,206,0,178,44,0,222,20,2,22,244
12/20/2011,HYA,MA,ANE,EN,Federal Contract Tower,0,7,4,0,11,0,211,42,1,254,0,218,46,1,265,4,0,4,269
12/21/2011,HYA,MA,ANE,EN,Federal Contract Tower,0,76,25,0,101,0,115,15,0,130,0,191,40,0,231,2,0,2,233
12/22/2011,HYA,MA,ANE,EN,Federal Contract Tower,0,9,2,0,11,0,191,68,1,260,0,200,70,1,271,32,0,32,303
12/23/2011,HYA,MA,ANE,EN,Federal Contract Tower,0,78,21,0,99,0,113,35,0,148,0,191,56,0,247,0,0,0,247
12/24/2011,HYA,MA,ANE,EN,Federal Contract Tower,0,4,10,0,14,0,187,77,0,264,0,191,87,0,278,16,0,16,294
12/25/2011,HYA,MA,ANE,EN,Federal Contract Tower,0,5,5,0,10,0,114,30,0,144,0,119,35,0,154,0,0,0,154
12/26/2011,HYA,MA,ANE,EN,Federal Contract Tower,0,1,10,0,11,0,123,44,0,167,0,124,54,0,178,22,0,22,200
12/27/2011,HYA,MA,ANE,EN,Federal Contract Tower,0,5,6,0,11,0,206,37,2,245,0,211,43,2,256,16,0,16,272
12/28/2011,HYA,MA,ANE,EN,Federal Contract Tower,0,9,7,0,16,0,201,41,0,242,0,210,48,0,258,20,0,20,278
12/29/2011,HYA,MA,ANE,EN,Federal Contract Tower,0,10,11,0,21,0,179,55,0,234,0,189,66,0,255,46,0,46,301
12/30/2011,HYA,MA,ANE,EN,Federal Contract Tower,0,11,7,0,18,0,220,48,0,268,0,231,55,0,286,18,0,18,304
12/31/2011,HYA,MA,ANE,EN,Federal Contract Tower,0,64,9,0,73,0,50,6,0,56,0,114,15,0,129,8,0,8,137
01/01/2012,HYA,MA,ANE,EN,Federal Contract Tower,0,2,5,0,7,0,122,32,0,154,0,124,37,0,161,24,0,24,185
01/02/2012,HYA,MA,ANE,EN,Federal Contract Tower,0,6,6,0,12,0,119,25,0,144,0,125,31,0,156,14,0,14,170
01/03/2012,HYA,MA,ANE,EN,Federal Contract Tower,0,8,1,0,9,0,205,30,0,235,0,213,31,0,244,28,0,28,272
01/04/2012,HYA,MA,ANE,EN,Federal Contract Tower,0,16,7,0,23,0,188,45,0,233,0,204,52,0,256,26,14,40,296
01/05/2012,HYA,MA,ANE,EN,Federal Contract Tower,0,10,0,0,10,0,202,44,0,246,0,212,44,0,256,26,2,28,284
01/06/2012,HYA,MA,ANE,EN,Federal Contract Tower,0,10,9,0,19,0,225,53,0,278,0,235,62,0,297,12,0,12,309
01/07/2012,HYA,MA,ANE,EN,Federal Contract Tower,0,11,6,0,17,0,141,44,0,185,0,152,50,0,202,22,0,22,224
01/08/2012,HYA,MA,ANE,EN,Federal Contract Tower,0,9,7,0,16,0,150,39,0,189,0,159,46,0,205,8,0,8,213
01/09/2012,HYA,MA,ANE,EN,Federal Contract Tower,0,5,0,0,5,0,167,45,0,212,0,172,45,0,217,0,0,0,217
01/10/2012,HYA,MA,ANE,EN,Federal Contract Tower,0,12,1,0,13,0,153,28,0,181,0,165,29,0,194,16,0,16,210
01/11/2012,HYA,MA,ANE,EN,Federal Contract Tower,0,7,1,0,8,0,195,55,0,250,0,202,56,0,258,12,2,14,272
01/12/2012,HYA,MA,ANE,EN,Federal Contract Tower,0,86,20,0,106,0,5,0,0,5,0,91,20,0,111,0,0,0,111
01/13/2012,HYA,MA,ANE,EN,Federal Contract Tower,0,47,10,0,57,0,166,39,0,205,0,213,49,0,262,8,0,8,270
01/14/2012,HYA,MA,ANE,EN,Federal Contract Tower,0,3,7,0,10,0,160,40,0,200,0,163,47,0,210,20,0,20,230
01/15/2012,HYA,MA,ANE,EN,Federal Contract Tower,0,16,8,0,24,0,98,22,0,120,0,114,30,0,144,14,0,14,158
01/16/2012,HYA,MA,ANE,EN,Federal Contract Tower,0,3,0,0,3,0,121,27,0,148,0,124,27,0,151,10,0,10,161
01/17/2012,HYA,MA,ANE,EN,Federal Contract Tower,0,40,9,0,49,0,109,20,0,129,0,149,29,0,178,4,0,4,182
01/18/2012,HYA,MA,ANE,EN,Federal Contract Tower,0,2,1,0,3,0,219,24,0,243,0,221,25,0,246,28,0,28,274
01/19/2012,HYA,MA,ANE,EN,Federal Contract Tower,0,23,4,2,29,0,170,51,2,223,0,193,55,4,252,30,0,30,282
01/20/2012,HYA,MA,ANE,EN,Federal Contract Tower,0,16,3,0,19,0,234,60,0,294,0,250,63,0,313,98,0,98,411
01/21/2012,HYA,MA,ANE,EN,Federal Contract Tower,0,21,4,0,25,0,13,3,0,16,0,34,7,0,41,0,0,0,41
01/22/2012,HYA,MA,ANE,EN,Federal Contract Tower,0,29,4,0,33,0,123,19,0,142,0,152,23,0,175,16,0,16,191
01/23/2012,HYA,MA,ANE,EN,Federal Contract Tower,0,36,5,0,41,0,138,35,0,173,0,174,40,0,214,16,0,16,230
01/24/2012,HYA,MA,ANE,EN,Federal Contract Tower,0,45,10,0,55,0,105,15,0,120,0,150,25,0,175,34,0,34,209
01/25/2012,HYA,MA,ANE,EN,Federal Contract Tower,0,9,9,0,18,0,179,56,0,235,0,188,65,0,253,50,0,50,303
01/26/2012,HYA,MA,ANE,EN,Federal Contract Tower,0,20,10,0,30,0,148,52,0,200,0,168,62,0,230,40,0,40,270
01/27/2012,HYA,MA,ANE,EN,Federal Contract Tower,0,100,7,0,107,0,6,3,0,9,0,106,10,0,116,0,0,0,116
01/28/2012,HYA,MA,ANE,EN,Federal Contract Tower,0,7,13,0,20,0,131,42,0,173,0,138,55,0,193,46,0,46,239
01/29/2012,HYA,MA,ANE,EN,Federal Contract Tower,0,6,3,0,9,0,141,37,0,178,0,147,40,0,187,22,0,22,209
01/30/2012,HYA,MA,ANE,EN,Federal Contract Tower,0,7,3,0,10,0,161,45,0,206,0,168,48,0,216,30,0,30,246
01/31/2012,HYA,MA,ANE,EN,Federal Contract Tower,0,7,4,0,11,0,217,18,0,235,0,224,22,0,246,36,0,36,282
02/01/2012,HYA,MA,ANE,EN,Federal Contract Tower,0,12,12,0,24,0,178,32,0,210,0,190,44,0,234,42,0,42,276
02/02/2012,HYA,MA,ANE,EN,Federal Contract Tower,0,38,9,0,47,0,163,25,0,188,0,201,34,0,235,20,0,20,255
02/03/2012,HYA,MA,ANE,EN,Federal Contract Tower,0,6,10,0,16,0,205,57,0,262,0,211,67,0,278,40,0,40,318
02/04/2012,HYA,MA,ANE,EN,Federal Contract Tower,0,8,6,0,14,0,122,46,0,168,0,130,52,0,182,52,0,52,234
02/05/2012,HYA,MA,ANE,EN,Federal Contract Tower,0,3,4,0,7,0,135,48,0,183,0,138,52,0,190,18,0,18,208
02/06/2012,HYA,MA,ANE,EN,Federal Contract Tower,0,10,0,0,10,0,160,45,0,205,0,170,45,0,215,20,0,20,235
02/07/2012,HYA,MA,ANE,EN,Federal Contract Tower,0,8,2,0,10,0,202,37,0,239,0,210,39,0,249,12,0,12,261
02/08/2012,HYA,MA,ANE,EN,Federal Contract Tower,0,5,7,0,12,0,164,48,0,212,0,169,55,0,224,22,0,22,246
02/09/2012,HYA,MA,ANE,EN,Federal Contract Tower,0,5,5,0,10,0,177,50,0,227,0,182,55,0,237,26,0,26,263
02/10/2012,HYA,MA,ANE,EN,Federal Contract Tower,0,11,6,0,17,0,206,57,0,263,0,217,63,0,280,24,0,24,304
02/11/2012,HYA,MA,ANE,EN,Federal Contract Tower,0,77,5,0,82,0,4,0,0,4,0,81,5,0,86,0,0,0,86
02/12/2012,HYA,MA,ANE,EN,Federal Contract Tower,0,10,5,0,15,0,144,35,0,179,0,154,40,0,194,2,0,2,196
02/13/2012,HYA,MA,ANE,EN,Federal Contract Tower,0,9,3,0,12,0,158,35,0,193,0,167,38,0,205,6,0,6,211
02/14/2012,HYA,MA,ANE,EN,Federal Contract Tower,0,3,1,0,4,0,209,40,4,253,0,212,41,4,257,44,4,48,305
02/15/2012,HYA,MA,ANE,EN,Federal Contract Tower,0,77,19,0,96,0,84,21,0,105,0,161,40,0,201,0,0,0,201
02/16/2012,HYA,MA,ANE,EN,Federal Contract Tower,0,33,9,0,42,0,157,48,0,205,0,190,57,0,247,20,0,20,267
02/17/2012,HYA,MA,ANE,EN,Federal Contract Tower,0,87,13,0,100,0,128,31,0,159,0,215,44,0,259,40,0,40,299
02/18/2012,HYA,MA,ANE,EN,Federal Contract Tower,0,9,11,0,20,0,159,55,0,214,0,168,66,0,234,76,2,78,312
02/19/2012,HYA,MA,ANE,EN,Federal Contract Tower,0,7,2,0,9,0,137,34,0,171,0,144,36,0,180,4,0,4,184
02/20/2012,HYA,MA,ANE,EN,Federal Contract Tower,0,7,6,0,13,0,168,69,0,237,0,175,75,0,250,44,0,44,294
02/21/2012,HYA,MA,ANE,EN,Federal Contract Tower,0,6,7,3,16,0,205,44,0,249,0,211,51,3,265,38,1,39,304
02/22/2012,HYA,MA,ANE,EN,Federal Contract Tower,0,15,3,0,18,0,185,44,2,231,0,200,47,2,249,46,0,46,295
02/23/2012,HYA,MA,ANE,EN,Federal Contract Tower,0,57,3,0,60,0,143,44,0,187,0,200,47,0,247,32,0,32,279
02/24/2012,HYA,MA,ANE,EN,Federal Contract Tower,0,138,9,0,147,0,9,0,0,9,0,147,9,0,156,0,0,0,156
02/25/2012,HYA,MA,ANE,EN,Federal Contract Tower,0,1,3,0,4,0,161,38,0,199,0,162,41,0,203,0,0,0,203
02/26/2012,HYA,MA,ANE,EN,Federal Contract Tower,0,9,6,0,15,0,153,44,0,197,0,162,50,0,212,0,0,0,212
02/27/2012,HYA,MA,ANE,EN,Federal Contract Tower,0,13,10,0,23,0,171,46,0,217,0,184,56,0,240,4,0,4,244
02/28/2012,HYA,MA,ANE,EN,Federal Contract Tower,0,9,3,0,12,0,213,36,0,249,0,222,39,0,261,40,0,40,301
02/29/2012,HYA,MA,ANE,EN,Federal Contract Tower,0,74,19,0,93,0,83,24,0,107,0,157,43,0,200,28,0,28,228
03/01/2012,HYA,MA,ANE,EN,Federal Contract Tower,0,141,25,0,166,0,0,0,0,0,0,141,25,0,166,0,0,0,166
03/02/2012,HYA,MA,ANE,EN,Federal Contract Tower,0,22,1,0,23,0,209,48,0,257,0,231,49,0,280,16,0,16,296
03/03/2012,HYA,MA,ANE,EN,Federal Contract Tower,0,62,15,0,77,0,25,6,0,31,0,87,21,0,108,6,0,6,114
03/04/2012,HYA,MA,ANE,EN,Federal Contract Tower,0,14,8,0,22,0,135,43,0,178,0,149,51,0,200,14,0,14,214
03/05/2012,HYA,MA,ANE,EN,Federal Contract Tower,0,10,7,1,18,0,171,39,0,210,0,181,46,1,228,8,0,8,236
03/06/2012,HYA,MA,ANE,EN,Federal Contract Tower,0,11,3,0,14,0,208,38,0,246,0,219,41,0,260,12,0,12,272
03/07/2012,HYA,MA,ANE,EN,Federal Contract Tower,0,4,3,0,7,0,191,43,0,234,0,195,46,0,241,42,0,42,283
03/08/2012,HYA,MA,ANE,EN,Federal Contract Tower,0,18,5,0,23,0,199,31,0,230,0,217,36,0,253,24,0,24,277
03/09/2012,HYA,MA,ANE,EN,Federal Contract Tower,0,17,6,0,23,0,200,62,1,263,0,217,68,1,286,22,0,22,308
03/10/2012,HYA,MA,ANE,EN,Federal Contract Tower,0,32,10,0,42,0,120,33,0,153,0,152,43,0,195,12,0,12,207
03/11/2012,HYA,MA,ANE,EN,Federal Contract Tower,0,13,7,0,20,0,137,41,0,178,0,150,48,0,198,14,0,14,212
03/12/2012,HYA,MA,ANE,EN,Federal Contract Tower,0,9,4,0,13,0,167,62,0,229,0,176,66,0,242,12,0,12,254
03/13/2012,HYA,MA,ANE,EN,Federal Contract Tower,0,60,4,0,64,0,73,14,0,87,0,133,18,0,151,0,0,0,151
03/14/2012,HYA,MA,ANE,EN,Federal Contract Tower,0,134,41,0,175,0,24,9,0,33,0,158,50,0,208,0,0,0,208
03/15/2012,HYA,MA,ANE,EN,Federal Contract Tower,0,31,8,0,39,0,198,46,0,244,0,229,54,0,283,18,0,18,301
03/16/2012,HYA,MA,ANE,EN,Federal Contract Tower,0,69,11,0,80,0,136,21,1,158,0,205,32,1,238,14,0,14,252
03/17/2012,HYA,MA,ANE,EN,Federal Contract Tower,0,41,5,0,46,0,97,35,0,132,0,138,40,0,178,4,0,4,182
03/18/2012,HYA,MA,ANE,EN,Federal Contract Tower,0,18,8,0,26,0,0,0,0,0,0,18,8,0,26,12,0,12,38
03/19/2012,HYA,MA,ANE,EN,Federal Contract Tower,0,7,4,0,11,0,155,45,2,202,0,162,49,2,213,18,2,20,233
03/20/2012,HYA,MA,ANE,EN,Federal Contract Tower,0,25,6,0,31,0,154,32,0,186,0,179,38,0,217,50,0,50,267
03/21/2012,HYA,MA,ANE,EN,Federal Contract Tower,0,53,19,0,72,0,142,32,0,174,0,195,51,0,246,40,0,40,286
03/22/2012,HYA,MA,ANE,EN,Federal Contract Tower,0,137,21,0,158,0,109,48,0,157,0,246,69,0,315,82,0,82,397
03/23/2012,HYA,MA,ANE,EN,Federal Contract Tower,0,4,12,0,16,0,226,55,0,281,0,230,67,0,297,20,0,20,317
03/24/2012,HYA,MA,ANE,EN,Federal Contract Tower,0,5,10,0,15,0,133,47,2,182,0,138,57,2,197,34,0,34,231
03/25/2012,HYA,MA,ANE,EN,Federal Contract Tower,0,62,13,0,75,0,106,18,0,124,0,168,31,0,199,0,0,0,199
03/26/2012,HYA,MA,ANE,EN,Federal Contract Tower,0,42,24,0,66,0,133,30,0,163,0,175,54,0,229,24,0,24,253
03/27/2012,HYA,MA,ANE,EN,Federal Contract Tower,0,5,2,0,7,0,221,36,0,257,0,226,38,0,264,20,0,20,284
03/28/2012,HYA,MA,ANE,EN,Federal Contract Tower,0,24,21,0,45,0,169,44,0,213,0,193,65,0,258,20,0,20,278
03/29/2012,HYA,MA,ANE,EN,Federal Contract Tower,0,142,23,0,165,0,111,49,0,160,0,253,72,0,325,82,0,82,407
03/30/2012,HYA,MA,ANE,EN,Federal Contract Tower,0,23,2,0,25,0,210,50,0,260,0,233,52,0,285,16,0,16,301
03/31/2012,HYA,MA,ANE,EN,Federal Contract Tower,0,5,13,0,18,0,141,50,2,193,0,146,63,2,211,36,0,36,247
04/01/2012,HYA,MA,ANE,EN,Federal Contract Tower,0,12,4,0,16,0,151,40,0,191,0,163,44,0,207,4,0,4,211
04/02/2012,HYA,MA,ANE,EN,Federal Contract Tower,0,94,18,0,112,0,65,10,0,75,0,159,28,0,187,0,0,0,187
04/03/2012,HYA,MA,ANE,EN,Federal Contract Tower,0,11,4,0,15,0,227,36,0,263,0,238,40,0,278,22,0,22,300
04/04/2012,HYA,MA,ANE,EN,Federal Contract Tower,0,10,10,0,20,0,209,64,0,273,0,219,74,0,293,30,0,30,323
04/05/2012,HYA,MA,ANE,EN,Federal Contract Tower,0,17,10,0,27,0,190,53,2,245,0,207,63,2,272,42,0,42,314
04/06/2012,HYA,MA,ANE,EN,Federal Contract Tower,0,13,3,0,16,0,242,72,1,315,0,255,75,1,331,66,0,66,397
04/07/2012,HYA,MA,ANE,EN,Federal Contract Tower,0,8,13,0,21,0,159,56,0,215,0,167,69,0,236,32,0,32,268
04/08/2012,HYA,MA,ANE,EN,Federal Contract Tower,0,5,8,0,13,0,156,44,0,200,0,161,52,0,213,4,0,4,217
04/09/2012,HYA,MA,ANE,EN,Federal Contract Tower,0,10,5,0,15,0,183,44,0,227,0,193,49,0,242,2,0,2,244
04/10/2012,HYA,MA,ANE,EN,Federal Contract Tower,0,11,4,1,16,0,208,46,2,256,0,219,50,3,272,20,0,20,292
04/11/2012,HYA,MA,ANE,EN,Federal Contract Tower,0,18,7,0,25,0,245,56,0,301,0,263,63,0,326,18,0,18,344
04/12/2012,HYA,MA,ANE,EN,Federal Contract Tower,0,16,12,0,28,0,202,56,0,258,0,218,68,0,286,30,0,30,316
04/13/2012,HYA,MA,ANE,EN,Federal Contract Tower,0,13,8,2,23,0,233,77,4,314,0,246,85,6,337,36,10,46,383
04/14/2012,HYA,MA,ANE,EN,Federal Contract Tower,0,8,8,0,16,0,161,61,0,222,0,169,69,0,238,32,0,32,270
04/15/2012,HYA,MA,ANE,EN,Federal Contract Tower,0,9,8,0,17,0,158,51,0,209,0,167,59,0,226,22,0,22,248
04/16/2012,HYA,MA,ANE,EN,Federal Contract Tower,0,8,3,0,11,0,173,40,0,213,0,181,43,0,224,12,0,12,236
04/17/2012,HYA,MA,ANE,EN,Federal Contract Tower,0,10,6,0,16,0,204,44,0,248,0,214,50,0,264,26,0,26,290
04/18/2012,HYA,MA,ANE,EN,Federal Contract Tower,0,10,14,0,24,0,206,54,0,260,0,216,68,0,284,46,0,46,330
04/19/2012,HYA,MA,ANE,EN,Federal Contract Tower,0,10,1,0,11,0,192,58,0,250,0,202,59,0,261,44,0,44,305
04/20/2012,HYA,MA,ANE,EN,Federal Contract Tower,0,6,5,0,11,0,250,56,0,306,0,256,61,0,317,48,0,48,365
04/21/2012,HYA,MA,ANE,EN,Federal Contract Tower,0,34,19,0,53,0,6,3,0,9,0,40,22,0,62,0,0,0,62
04/22/2012,HYA,MA,ANE,EN,Federal Contract Tower,0,71,20,0,91,0,0,3,0,3,0,71,23,0,94,0,0,0,94
04/23/2012,HYA,MA,ANE,EN,Federal Contract Tower,0,114,18,0,132,0,15,0,0,15,0,129,18,0,147,0,0,0,147
04/24/2012,HYA,MA,ANE,EN,Federal Contract Tower,0,16,7,0,23,0,226,26,0,252,0,242,33,0,275,26,0,26,301
04/25/2012,HYA,MA,ANE,EN,Federal Contract Tower,0,17,8,0,25,0,194,66,0,260,0,211,74,0,285,54,0,54,339
04/26/2012,HYA,MA,ANE,EN,Federal Contract Tower,0,5,10,0,15,0,198,55,0,253,0,203,65,0,268,46,0,46,314
04/27/2012,HYA,MA,ANE,EN,Federal Contract Tower,0,38,4,0,42,0,209,63,0,272,0,247,67,0,314,32,0,32,346
04/28/2012,HYA,MA,ANE,EN,Federal Contract Tower,0,8,4,0,12,0,165,44,0,209,0,173,48,0,221,10,0,10,231
04/29/2012,HYA,MA,ANE,EN,Federal Contract Tower,0,6,7,0,13,0,0,0,0,0,0,6,7,0,13,26,0,26,39
04/30/2012,HYA,MA,ANE,EN,Federal Contract Tower,0,5,7,0,12,0,181,46,1,228,0,186,53,1,240,8,0,8,248
05/01/2012,HYA,MA,ANE,EN,Federal Contract Tower,0,84,13,0,97,0,65,18,0,83,0,149,31,0,180,10,0,10,190
05/02/2012,HYA,MA,ANE,EN,Federal Contract Tower,0,153,27,0,180,0,21,13,0,34,0,174,40,0,214,0,0,0,214
05/03/2012,HYA,MA,ANE,EN,Federal Contract Tower,0,80,23,0,103,0,116,48,0,164,0,196,71,0,267,42,4,46,313
05/04/2012,HYA,MA,ANE,EN,Federal Contract Tower,0,166,51,0,217,0,21,8,0,29,0,187,59,0,246,6,0,6,252
05/05/2012,HYA,MA,ANE,EN,Federal Contract Tower,0,87,16,0,103,0,0,0,0,0,0,87,16,0,103,0,0,0,103
05/06/2012,HYA,MA,ANE,EN,Federal Contract Tower,0,22,21,1,44,0,123,42,0,165,0,145,63,1,209,2,2,4,213
05/07/2012,HYA,MA,ANE,EN,Federal Contract Tower,0,7,11,0,18,0,187,80,0,267,0,194,91,0,285,28,0,28,313
05/08/2012,HYA,MA,ANE,EN,Federal Contract Tower,0,9,12,0,21,0,223,39,0,262,0,232,51,0,283,28,0,28,311
05/09/2012,HYA,MA,ANE,EN,Federal Contract Tower,0,138,31,0,169,0,10,2,0,12,0,148,33,0,181,0,0,0,181
05/10/2012,HYA,MA,ANE,EN,Federal Contract Tower,0,68,13,0,81,0,132,33,0,165,0,200,46,0,246,48,2,50,296
05/11/2012,HYA,MA,ANE,EN,Federal Contract Tower,0,9,18,0,27,0,222,65,0,287,0,231,83,0,314,16,0,16,330
05/12/2012,HYA,MA,ANE,EN,Federal Contract Tower,0,5,7,0,12,0,176,63,0,239,0,181,70,0,251,32,0,32,283
05/13/2012,HYA,MA,ANE,EN,Federal Contract Tower,0,8,11,0,19,0,162,69,0,231,0,170,80,0,250,34,0,34,284
05/14/2012,HYA,MA,ANE,EN,Federal Contract Tower,0,9,7,0,16,0,189,55,0,244,0,198,62,0,260,24,0,24,284
05/15/2012,HYA,MA,ANE,EN,Federal Contract Tower,0,8,10,0,18,0,209,48,0,257,0,217,58,0,275,20,0,20,295
05/16/2012,HYA,MA,ANE,EN,Federal Contract Tower,0,135,29,0,164,0,5,2,0,7,0,140,31,0,171,0,0,0,171
05/17/2012,HYA,MA,ANE,EN,Federal Contract Tower,0,34,21,0,55,0,196,57,0,253,0,230,78,0,308,40,0,40,348
05/18/2012,HYA,MA,ANE,EN,Federal Contract Tower,0,13,11,0,24,0,223,66,0,289,0,236,77,0,313,50,0,50,363
05/19/2012,HYA,MA,ANE,EN,Federal Contract Tower,0,8,6,0,14,0,156,83,0,239,0,164,89,0,253,36,0,36,289
05/20/2012,HYA,MA,ANE,EN,Federal Contract Tower,0,13,16,0,29,0,189,64,0,253,0,202,80,0,282,8,0,8,290
05/21/2012,HYA,MA,ANE,EN,Federal Contract Tower,0,140,18,0,158,0,0,0,0,0,0,140,18,0,158,0,0,0,158
05/22/2012,HYA,MA,ANE,EN,Federal Contract Tower,0,135,12,0,147,0,0,0,0,0,0,135,12,0,147,0,0,0,147
05/23/2012,HYA,MA,ANE,EN,Federal Contract Tower,0,92,31,0,123,0,102,33,0,135,0,194,64,0,258,42,0,42,300
05/24/2012,HYA,MA,ANE,EN,Federal Contract Tower,0,157,28,0,185,0,106,22,0,128,0,263,50,0,313,14,0,14,327
05/25/2012,HYA,MA,ANE,EN,Federal Contract Tower,0,254,48,0,302,0,0,0,0,0,0,254,48,0,302,0,0,0,302
05/26/2012,HYA,MA,ANE,EN,Federal Contract Tower,0,129,40,0,169,0,75,41,0,116,0,204,81,0,285,34,0,34,319
05/27/2012,HYA,MA,ANE,EN,Federal Contract Tower,0,34,12,0,46,0,117,55,0,172,0,151,67,0,218,8,0,8,226
05/28/2012,HYA,MA,ANE,EN,Federal Contract Tower,0,144,33,0,177,0,115,25,0,140,0,259,58,0,317,0,12,12,329
05/29/2012,HYA,MA,ANE,EN,Federal Contract Tower,0,80,10,0,90,0,91,15,0,106,0,171,25,0,196,14,0,14,210
05/30/2012,HYA,MA,ANE,EN,Federal Contract Tower,0,58,21,0,79,0,185,40,2,227,0,243,61,2,306,20,0,20,326
05/31/2012,HYA,MA,ANE,EN,Federal Contract Tower,0,30,18,0,48,0,212,68,2,282,0,242,86,2,330,60,0,60,390
06/01/2012,HYA,MA,ANE,EN,Federal Contract Tower,0,57,18,0,75,0,193,81,6,280,0,250,99,6,355,30,0,30,385
06/02/2012,HYA,MA,ANE,EN,Federal Contract Tower,0,124,29,0,153,0,0,0,0,0,0,124,29,0,153,0,0,0,153
06/03/2012,HYA,MA,ANE,EN,Federal Contract Tower,0,87,28,0,115,0,90,23,0,113,0,177,51,0,228,0,0,0,228
06/04/2012,HYA,MA,ANE,EN,Federal Contract Tower,0,162,33,0,195,0,3,0,0,3,0,165,33,0,198,0,0,0,198
06/05/2012,HYA,MA,ANE,EN,Federal Contract Tower,0,79,9,0,88,0,159,18,0,177,0,238,27,0,265,26,0,26,291
06/06/2012,HYA,MA,ANE,EN,Federal Contract Tower,0,11,17,0,28,0,177,55,0,232,0,188,72,0,260,96,0,96,356
06/07/2012,HYA,MA,ANE,EN,Federal Contract Tower,0,74,29,0,103,0,225,55,0,280,0,299,84,0,383,56,0,56,439
06/08/2012,HYA,MA,ANE,EN,Federal Contract Tower,0,96,20,0,116,0,155,56,0,211,0,251,76,0,327,18,0,18,345
06/09/2012,HYA,MA,ANE,EN,Federal Contract Tower,0,12,12,0,24,0,163,42,0,205,0,175,54,0,229,14,0,14,243
06/10/2012,HYA,MA,ANE,EN,Federal Contract Tower,0,20,16,0,36,0,172,84,0,256,0,192,100,0,292,12,0,12,304
06/11/2012,HYA,MA,ANE,EN,Federal Contract Tower,0,21,14,0,35,0,177,68,0,245,0,198,82,0,280,18,0,18,298
06/12/2012,HYA,MA,ANE,EN,Federal Contract Tower,0,73,23,0,96,0,136,24,0,160,0,209,47,0,256,0,0,0,256
06/13/2012,HYA,MA,ANE,EN,Federal Contract Tower,0,116,10,0,126,0,57,13,0,70,0,173,23,0,196,4,0,4,200
06/14/2012,HYA,MA,ANE,EN,Federal Contract Tower,0,117,37,0,154,0,106,47,0,153,0,223,84,0,307,30,0,30,337
06/15/2012,HYA,MA,ANE,EN,Federal Contract Tower,0,19,12,0,31,0,235,75,0,310,0,254,87,0,341,12,0,12,353
06/16/2012,HYA,MA,ANE,EN,Federal Contract Tower,0,21,22,0,43,0,146,53,0,199,0,167,75,0,242,10,0,10,252
06/17/2012,HYA,MA,ANE,EN,Federal Contract Tower,0,23,15,0,38,0,140,58,0,198,0,163,73,0,236,12,2,14,250
06/18/2012,HYA,MA,ANE,EN,Federal Contract Tower,0,69,37,0,106,0,125,30,0,155,0,194,67,0,261,42,0,42,303
06/19/2012,HYA,MA,ANE,EN,Federal Contract Tower,0,120,32,0,152,71,21,0,0,92,71,141,32,0,244,16,0,16,260
06/20/2012,HYA,MA,ANE,EN,Federal Contract Tower,0,40,26,0,66,0,194,65,0,259,0,234,91,0,325,42,0,42,367
06/21/2012,HYA,MA,ANE,EN,Federal Contract Tower,0,15,20,1,36,0,234,65,0,299,0,249,85,1,335,36,0,36,371
06/22/2012,HYA,MA,ANE,EN,Federal Contract Tower,0,14,22,0,36,0,214,86,0,300,0,228,108,0,336,10,0,10,346
06/23/2012,HYA,MA,ANE,EN,Federal Contract Tower,0,22,18,0,40,0,173,59,2,234,0,195,77,2,274,8,0,8,282
06/24/2012,HYA,MA,ANE,EN,Federal Contract Tower,0,28,31,0,59,0,190,102,0,292,0,218,133,0,351,22,0,22,373
06/25/2012,HYA,MA,ANE,EN,Federal Contract Tower,0,46,10,0,56,0,164,37,0,201,0,210,47,0,257,15,0,15,272
06/26/2012,HYA,MA,ANE,EN,Federal Contract Tower,0,77,21,0,98,0,100,20,0,120,0,177,41,0,218,2,0,2,220
06/27/2012,HYA,MA,ANE,EN,Federal Contract Tower,0,20,26,0,46,0,216,72,0,288,0,236,98,0,334,50,0,50,384
06/28/2012,HYA,MA,ANE,EN,Federal Contract Tower,0,33,24,0,57,0,240,78,0,318,0,273,102,0,375,38,2,40,415
06/29/2012,HYA,MA,ANE,EN,Federal Contract Tower,0,51,33,0,84,0,278,101,0,379,0,329,134,0,463,28,0,28,491
06/30/2012,HYA,MA,ANE,EN,Federal Contract Tower,0,19,29,0,48,0,202,88,0,290,0,221,117,0,338,28,0,28,366
07/01/2012,HYA,MA,ANE,EN,Federal Contract Tower,0,34,24,0,58,0,180,72,0,252,0,214,96,0,310,58,0,58,368
07/02/2012,HYA,MA,ANE,EN,Federal Contract Tower,0,20,20,0,40,0,181,60,0,241,0,201,80,0,281,18,0,18,299
07/03/2012,HYA,MA,ANE,EN,Federal Contract Tower,0,21,13,0,34,0,195,98,8,301,0,216,111,8,335,24,0,24,359
07/04/2012,HYA,MA,ANE,EN,Federal Contract Tower,0,30,7,0,37,0,196,47,0,243,0,226,54,0,280,44,0,44,324
07/05/2012,HYA,MA,ANE,EN,Federal Contract Tower,0,22,21,0,43,0,236,86,4,326,0,258,107,4,369,56,0,56,425
07/06/2012,HYA,MA,ANE,EN,Federal Contract Tower,0,25,24,0,49,0,230,107,0,337,0,255,131,0,386,12,0,12,398
07/07/2012,HYA,MA,ANE,EN,Federal Contract Tower,0,27,19,0,46,0,172,70,2,244,0,199,89,2,290,32,0,32,322
07/08/2012,HYA,MA,ANE,EN,Federal Contract Tower,0,40,21,0,61,0,235,94,0,329,0,275,115,0,390,58,0,58,448
07/09/2012,HYA,MA,ANE,EN,Federal Contract Tower,0,24,9,0,33,0,175,65,0,240,0,199,74,0,273,32,0,32,305
07/10/2012,HYA,MA,ANE,EN,Federal Contract Tower,0,15,11,0,26,0,201,68,1,270,0,216,79,1,296,12,0,12,308
07/11/2012,HYA,MA,ANE,EN,Federal Contract Tower,0,23,16,0,39,0,213,68,0,281,0,236,84,0,320,22,2,24,344
07/12/2012,HYA,MA,ANE,EN,Federal Contract Tower,0,29,16,0,45,0,258,81,0,339,0,287,97,0,384,48,0,48,432
07/13/2012,HYA,MA,ANE,EN,Federal Contract Tower,0,30,34,0,64,0,265,115,4,384,0,295,149,4,448,28,10,38,486
07/14/2012,HYA,MA,ANE,EN,Federal Contract Tower,0,21,19,1,41,0,151,92,0,243,0,172,111,1,284,12,0,12,296
07/15/2012,HYA,MA,ANE,EN,Federal Contract Tower,0,69,41,0,110,0,165,74,0,239,0,234,115,0,349,22,0,22,371
07/16/2012,HYA,MA,ANE,EN,Federal Contract Tower,0,64,21,0,85,0,141,50,0,191,0,205,71,0,276,44,0,44,320
07/17/2012,HYA,MA,ANE,EN,Federal Contract Tower,0,21,12,0,33,0,213,66,0,279,0,234,78,0,312,20,0,20,332
07/18/2012,HYA,MA,ANE,EN,Federal Contract Tower,0,30,21,0,51,0,227,71,2,300,0,257,92,2,351,4,7,11,362
07/19/2012,HYA,MA,ANE,EN,Federal Contract Tower,0,29,34,0,63,0,248,89,0,337,0,277,123,0,400,24,0,24,424
07/20/2012,HYA,MA,ANE,EN,Federal Contract Tower,0,50,41,0,91,0,265,107,0,372,0,315,148,0,463,28,0,28,491
07/21/2012,HYA,MA,ANE,EN,Federal Contract Tower,0,28,27,0,55,0,188,91,0,279,0,216,118,0,334,18,0,18,352
07/22/2012,HYA,MA,ANE,EN,Federal Contract Tower,0,27,24,0,51,0,189,88,0,277,0,216,112,0,328,22,0,22,350
07/23/2012,HYA,MA,ANE,EN,Federal Contract Tower,0,40,24,1,65,0,180,48,1,229,0,220,72,2,294,22,0,22,316
07/24/2012,HYA,MA,ANE,EN,Federal Contract Tower,0,52,18,0,70,0,139,27,0,166,0,191,45,0,236,2,0,2,238
07/25/2012,HYA,MA,ANE,EN,Federal Contract Tower,0,18,30,1,49,0,224,80,0,304,0,242,110,1,353,38,0,38,391
07/26/2012,HYA,MA,ANE,EN,Federal Contract Tower,0,72,38,0,110,0,224,68,2,294,0,296,106,2,404,14,0,14,418
07/27/2012,HYA,MA,ANE,EN,Federal Contract Tower,0,78,46,0,124,0,200,73,0,273,0,278,119,0,397,26,0,26,423
07/28/2012,HYA,MA,ANE,EN,Federal Contract Tower,0,154,41,0,195,0,1,2,0,3,0,155,43,0,198,0,0,0,198
07/29/2012,HYA,MA,ANE,EN,Federal Contract Tower,0,165,45,0,210,0,2,0,0,2,0,167,45,0,212,0,0,0,212
07/30/2012,HYA,MA,ANE,EN,Federal Contract Tower,0,39,18,0,57,0,199,78,0,277,0,238,96,0,334,10,0,10,344
07/31/2012,HYA,MA,ANE,EN,Federal Contract Tower,0,95,30,0,125,0,112,41,0,153,0,207,71,0,278,10,0,10,288
08/01/2012,HYA,MA,ANE,EN,Federal Contract Tower,0,82,21,0,103,0,153,64,0,217,0,235,85,0,320,34,0,34,354
08/02/2012,HYA,MA,ANE,EN,Federal Contract Tower,0,80,56,0,136,0,177,97,7,281,0,257,153,7,417,38,6,44,461
08/03/2012,HYA,MA,ANE,EN,Federal Contract Tower,0,197,56,0,253,0,103,76,0,179,0,300,132,0,432,8,0,8,440
08/04/2012,HYA,MA,ANE,EN,Federal Contract Tower,0,89,35,0,124,0,96,58,0,154,0,185,93,0,278,6,0,6,284
08/05/2012,HYA,MA,ANE,EN,Federal Contract Tower,0,140,68,0,208,0,0,3,0,3,0,140,71,0,211,0,0,0,211
08/06/2012,HYA,MA,ANE,EN,Federal Contract Tower,0,85,31,0,116,0,135,41,0,176,0,220,72,0,292,6,0,6,298
08/07/2012,HYA,MA,ANE,EN,Federal Contract Tower,0,19,36,0,55,0,202,73,0,275,0,221,109,0,330,30,0,30,360
08/08/2012,HYA,MA,ANE,EN,Federal Contract Tower,0,24,26,0,50,0,213,87,0,300,0,237,113,0,350,54,0,54,404
08/09/2012,HYA,MA,ANE,EN,Federal Contract Tower,0,55,43,0,98,0,202,90,0,292,0,257,133,0,390,34,0,34,424
08/10/2012,HYA,MA,ANE,EN,Federal Contract Tower,0,162,72,0,234,0,55,19,0,74,0,217,91,0,308,0,0,0,308
08/11/2012,HYA,MA,ANE,EN,Federal Contract Tower,0,92,49,0,141,0,82,29,0,111,0,174,78,0,252,0,0,0,252
08/12/2012,HYA,MA,ANE,EN,Federal Contract Tower,0,117,76,0,193,0,51,21,0,72,0,168,97,0,265,0,0,0,265
08/13/2012,HYA,MA,ANE,EN,Federal Contract Tower,0,44,17,0,61,0,184,72,4,260,0,228,89,4,321,12,0,12,333
08/14/2012,HYA,MA,ANE,EN,Federal Contract Tower,0,21,19,0,40,0,205,53,0,258,0,226,72,0,298,40,0,40,338
08/15/2012,HYA,MA,ANE,EN,Federal Contract Tower,0,75,29,0,104,0,203,58,0,261,0,278,87,0,365,40,0,40,405
08/16/2012,HYA,MA,ANE,EN,Federal Contract Tower,0,26,39,0,65,0,219,102,0,321,0,245,141,0,386,50,0,50,436
08/17/2012,HYA,MA,ANE,EN,Federal Contract Tower,0,43,45,0,88,0,243,101,0,344,0,286,146,0,432,24,0,24,456
08/18/2012,HYA,MA,ANE,EN,Federal Contract Tower,0,39,38,0,77,0,162,67,0,229,0,201,105,0,306,20,0,20,326
08/19/2012,HYA,MA,ANE,EN,Federal Contract Tower,0,31,39,0,70,0,171,83,0,254,0,202,122,0,324,32,0,32,356
08/20/2012,HYA,MA,ANE,EN,Federal Contract Tower,0,25,23,0,48,0,182,83,0,265,0,207,106,0,313,12,0,12,325
08/21/2012,HYA,MA,ANE,EN,Federal Contract Tower,0,17,12,0,29,0,192,75,0,267,0,209,87,0,296,24,0,24,320
08/22/2012,HYA,MA,ANE,EN,Federal Contract Tower,0,25,20,0,45,0,221,104,0,325,0,246,124,0,370,40,0,40,410
08/23/2012,HYA,MA,ANE,EN,Federal Contract Tower,0,33,24,0,57,0,223,100,0,323,0,256,124,0,380,28,0,28,408
08/24/2012,HYA,MA,ANE,EN,Federal Contract Tower,0,26,31,0,57,0,226,121,0,347,0,252,152,0,404,10,6,16,420
08/25/2012,HYA,MA,ANE,EN,Federal Contract Tower,0,16,18,0,34,0,181,72,0,253,0,197,90,0,287,12,0,12,299
08/26/2012,HYA,MA,ANE,EN,Federal Contract Tower,0,19,39,0,58,0,195,93,0,288,0,214,132,0,346,26,0,26,372
08/27/2012,HYA,MA,ANE,EN,Federal Contract Tower,0,33,27,0,60,0,218,81,0,299,0,251,108,0,359,12,0,12,371
08/28/2012,HYA,MA,ANE,EN,Federal Contract Tower,0,84,34,0,118,0,135,37,0,172,0,219,71,0,290,42,0,42,332
08/29/2012,HYA,MA,ANE,EN,Federal Contract Tower,0,29,23,0,52,0,223,103,0,326,0,252,126,0,378,26,0,26,404
08/30/2012,HYA,MA,ANE,EN,Federal Contract Tower,0,30,28,0,58,0,226,115,0,341,0,256,143,0,399,70,2,72,471
08/31/2012,HYA,MA,ANE,EN,Federal Contract Tower,0,30,38,0,68,0,232,106,0,338,0,262,144,0,406,14,0,14,420
09/01/2012,HYA,MA,ANE,EN,Federal Contract Tower,0,17,14,0,31,0,165,75,0,240,0,182,89,0,271,16,0,16,287
09/02/2012,HYA,MA,ANE,EN,Federal Contract Tower,0,15,23,0,38,0,157,91,0,248,0,172,114,0,286,20,0,20,306
09/03/2012,HYA,MA,ANE,EN,Federal Contract Tower,0,30,43,0,73,0,233,99,0,332,0,263,142,0,405,4,0,4,409
09/04/2012,HYA,MA,ANE,EN,Federal Contract Tower,0,31,23,0,54,0,182,38,0,220,0,213,61,0,274,10,2,12,286
09/05/2012,HYA,MA,ANE,EN,Federal Contract Tower,0,162,28,0,190,0,11,3,0,14,0,173,31,0,204,0,0,0,204
09/06/2012,HYA,MA,ANE,EN,Federal Contract Tower,0,15,26,0,41,0,195,76,0,271,0,210,102,0,312,10,0,10,322
09/07/2012,HYA,MA,ANE,EN,Federal Contract Tower,0,81,42,0,123,0,143,51,0,194,0,224,93,0,317,30,0,30,347
09/08/2012,HYA,MA,ANE,EN,Federal Contract Tower,0,33,31,0,64,0,169,47,0,216,0,202,78,0,280,0,0,0,280
09/09/2012,HYA,MA,ANE,EN,Federal Contract Tower,0,27,17,0,44,0,166,44,0,210,0,193,61,0,254,14,0,14,268
09/10/2012,HYA,MA,ANE,EN,Federal Contract Tower,0,30,11,1,42,0,206,71,0,277,0,236,82,1,319,4,0,4,323
09/11/2012,HYA,MA,ANE,EN,Federal Contract Tower,0,14,9,0,23,0,214,45,0,259,0,228,54,0,282,18,0,18,300
09/12/2012,HYA,MA,ANE,EN,Federal Contract Tower,0,35,12,0,47,0,214,81,5,300,0,249,93,5,347,50,6,56,403
09/13/2012,HYA,MA,ANE,EN,Federal Contract Tower,0,23,22,2,47,0,209,100,8,317,0,232,122,10,364,34,6,40,404
09/14/2012,HYA,MA,ANE,EN,Federal Contract Tower,0,17,28,0,45,0,219,95,0,314,0,236,123,0,359,6,0,6,365
09/15/2012,HYA,MA,ANE,EN,Federal Contract Tower,0,14,11,0,25,0,172,55,0,227,0,186,66,0,252,18,0,18,270
09/16/2012,HYA,MA,ANE,EN,Federal Contract Tower,0,14,14,0,28,0,180,66,0,246,0,194,80,0,274,4,0,4,278
09/17/2012,HYA,MA,ANE,EN,Federal Contract Tower,0,15,21,0,36,0,202,73,0,275,0,217,94,0,311,6,0,6,317
09/18/2012,HYA,MA,ANE,EN,Federal Contract Tower,0,8,5,0,13,0,216,39,0,255,0,224,44,0,268,20,0,20,288
09/19/2012,HYA,MA,ANE,EN,Federal Contract Tower,0,46,19,0,65,0,165,50,3,218,0,211,69,3,283,42,0,42,325
09/20/2012,HYA,MA,ANE,EN,Federal Contract Tower,0,21,8,0,29,0,215,75,0,290,0,236,83,0,319,58,0,58,377
09/21/2012,HYA,MA,ANE,EN,Federal Contract Tower,0,38,28,0,66,0,199,78,0,277,0,237,106,0,343,6,0,6,349
09/22/2012,HYA,MA,ANE,EN,Federal Contract Tower,0,86,35,0,121,0,50,20,0,70,0,136,55,0,191,0,0,0,191
09/23/2012,HYA,MA,ANE,EN,Federal Contract Tower,0,9,5,0,14,0,172,57,0,229,0,181,62,0,243,16,0,16,259
09/24/2012,HYA,MA,ANE,EN,Federal Contract Tower,0,13,17,0,30,0,194,105,0,299,0,207,122,0,329,66,0,66,395
09/25/2012,HYA,MA,ANE,EN,Federal Contract Tower,0,10,19,0,29,0,194,76,0,270,0,204,95,0,299,88,0,88,387
09/26/2012,HYA,MA,ANE,EN,Federal Contract Tower,0,17,19,0,36,0,216,60,0,276,0,233,79,0,312,28,0,28,340
09/27/2012,HYA,MA,ANE,EN,Federal Contract Tower,0,16,12,0,28,0,196,90,0,286,0,212,102,0,314,68,0,68,382
09/28/2012,HYA,MA,ANE,EN,Federal Contract Tower,0,34,30,0,64,0,204,59,0,263,0,238,89,0,327,90,0,90,417
09/29/2012,HYA,MA,ANE,EN,Federal Contract Tower,0,115,26,0,141,0,3,1,0,4,0,118,27,0,145,0,0,0,145
09/30/2012,HYA,MA,ANE,EN,Federal Contract Tower,0,100,33,0,133,0,48,8,0,56,0,148,41,0,189,12,0,12,201
10/01/2012,HYA,MA,ANE,EN,Federal Contract Tower,0,15,2,0,17,0,169,51,0,220,0,184,53,0,237,18,0,18,255
10/02/2012,HYA,MA,ANE,EN,Federal Contract Tower,0,10,13,0,23,0,198,60,0,258,0,208,73,0,281,64,0,64,345
10/03/2012,HYA,MA,ANE,EN,Federal Contract Tower,0,102,37,0,139,0,0,0,0,0,0,102,37,0,139,0,0,0,139
10/04/2012,HYA,MA,ANE,EN,Federal Contract Tower,0,152,30,0,182,0,0,0,0,0,0,152,30,0,182,0,0,0,182
10/05/2012,HYA,MA,ANE,EN,Federal Contract Tower,0,105,31,0,136,0,168,51,0,219,0,273,82,0,355,44,2,46,401
10/06/2012,HYA,MA,ANE,EN,Federal Contract Tower,0,17,10,0,27,0,181,55,0,236,0,198,65,0,263,14,0,14,277
10/07/2012,HYA,MA,ANE,EN,Federal Contract Tower,0,18,11,0,29,0,163,42,0,205,0,181,53,0,234,22,0,22,256
10/08/2012,HYA,MA,ANE,EN,Federal Contract Tower,0,17,18,0,35,0,201,57,0,258,0,218,75,0,293,46,0,46,339
10/09/2012,HYA,MA,ANE,EN,Federal Contract Tower,0,131,13,0,144,0,28,2,0,30,0,159,15,0,174,8,0,8,182
10/10/2012,HYA,MA,ANE,EN,Federal Contract Tower,0,154,35,0,189,0,16,4,0,20,0,170,39,0,209,0,0,0,209
10/11/2012,HYA,MA,ANE,EN,Federal Contract Tower,0,17,18,0,35,0,203,74,0,277,0,220,92,0,312,64,6,70,382
10/12/2012,HYA,MA,ANE,EN,Federal Contract Tower,0,8,18,0,26,0,215,74,2,291,0,223,92,2,317,42,0,42,359
10/13/2012,HYA,MA,ANE,EN,Federal Contract Tower,0,4,4,0,8,0,152,70,2,224,0,156,74,2,232,44,0,44,276
10/14/2012,HYA,MA,ANE,EN,Federal Contract Tower,0,16,16,0,32,0,166,31,0,197,0,182,47,0,229,20,0,20,249
10/15/2012,HYA,MA,ANE,EN,Federal Contract Tower,0,11,4,0,15,0,155,33,0,188,0,166,37,0,203,32,0,32,235
10/16/2012,HYA,MA,ANE,EN,Federal Contract Tower,0,18,15,0,33,0,208,33,0,241,0,226,48,0,274,54,0,54,328
10/17/2012,HYA,MA,ANE,EN,Federal Contract Tower,0,13,8,0,21,0,188,88,0,276,0,201,96,0,297,106,0,106,403
10/18/2012,HYA,MA,ANE,EN,Federal Contract Tower,0,4,28,0,32,0,205,71,4,280,0,209,99,4,312,16,0,16,328
10/19/2012,HYA,MA,ANE,EN,Federal Contract Tower,0,45,24,1,70,0,153,35,0,188,0,198,59,1,258,4,4,8,266
10/20/2012,HYA,MA,ANE,EN,Federal Contract Tower,0,76,22,0,98,0,27,9,0,36,0,103,31,0,134,2,0,2,136
10/21/2012,HYA,MA,ANE,EN,Federal Contract Tower,0,7,9,0,16,0,153,73,0,226,0,160,82,0,242,74,0,74,316
10/22/2012,HYA,MA,ANE,EN,Federal Contract Tower,0,7,13,0,20,0,163,44,0,207,0,170,57,0,227,4,0,4,231
10/23/2012,HYA,MA,ANE,EN,Federal Contract Tower,0,4,8,0,12,0,209,42,0,251,0,213,50,0,263,58,0,58,321
10/24/2012,HYA,MA,ANE,EN,Federal Contract Tower,0,6,22,4,32,0,213,67,0,280,0,219,89,4,312,62,0,62,374
10/25/2012,HYA,MA,ANE,EN,Federal Contract Tower,0,5,16,0,21,0,190,86,2,278,0,195,102,2,299,64,2,66,365
10/26/2012,HYA,MA,ANE,EN,Federal Contract Tower,0,8,19,0,27,0,201,79,0,280,0,209,98,0,307,70,0,70,377
10/27/2012,HYA,MA,ANE,EN,Federal Contract Tower,0,12,22,0,34,0,146,57,0,203,0,158,79,0,237,14,0,14,251
10/28/2012,HYA,MA,ANE,EN,Federal Contract Tower,0,63,17,0,80,0,125,14,0,139,0,188,31,0,219,0,0,0,219
10/29/2012,HYA,MA,ANE,EN,Federal Contract Tower,0,0,0,0,0,0,0,0,0,0,0,0,0,0,0,0,0,0,0
10/30/2012,HYA,MA,ANE,EN,Federal Contract Tower,0,3,0,0,3,0,50,16,0,66,0,53,16,0,69,0,0,0,69
10/31/2012,HYA,MA,ANE,EN,Federal Contract Tower,0,46,13,0,59,0,141,41,0,182,0,187,54,0,241,34,0,34,275
11/01/2012,HYA,MA,ANE,EN,Federal Contract Tower,0,16,11,2,29,0,214,57,0,271,0,230,68,2,300,78,6,84,384
11/02/2012,HYA,MA,ANE,EN,Federal Contract Tower,0,12,12,0,24,0,187,65,0,252,0,199,77,0,276,34,0,34,310
11/03/2012,HYA,MA,ANE,EN,Federal Contract Tower,0,13,19,0,32,0,162,65,0,227,0,175,84,0,259,69,0,69,328
11/04/2012,HYA,MA,ANE,EN,Federal Contract Tower,0,12,14,0,26,0,145,77,0,222,0,157,91,0,248,54,2,56,304
11/05/2012,HYA,MA,ANE,EN,Federal Contract Tower,0,28,6,0,34,0,134,36,0,170,0,162,42,0,204,9,0,9,213
11/06/2012,HYA,MA,ANE,EN,Federal Contract Tower,0,8,11,0,19,0,216,49,0,265,0,224,60,0,284,68,0,68,352
11/07/2012,HYA,MA,ANE,EN,Federal Contract Tower,0,4,6,0,10,0,30,10,0,40,0,34,16,0,50,0,0,0,50
11/08/2012,HYA,MA,ANE,EN,Federal Contract Tower,0,32,4,0,36,0,2,0,0,2,0,34,4,0,38,0,0,0,38
11/09/2012,HYA,MA,ANE,EN,Federal Contract Tower,0,13,20,0,33,0,190,58,0,248,0,203,78,0,281,38,4,42,323
11/10/2012,HYA,MA,ANE,EN,Federal Contract Tower,0,7,11,0,18,0,177,70,0,247,0,184,81,0,265,60,0,60,325
11/11/2012,HYA,MA,ANE,EN,Federal Contract Tower,0,14,17,0,31,0,150,64,0,214,0,164,81,0,245,42,0,42,287
11/12/2012,HYA,MA,ANE,EN,Federal Contract Tower,0,21,11,0,32,0,156,40,0,196,0,177,51,0,228,46,0,46,274
11/13/2012,HYA,MA,ANE,EN,Federal Contract Tower,0,77,20,0,97,0,64,17,0,81,0,141,37,0,178,0,0,0,178
11/14/2012,HYA,MA,ANE,EN,Federal Contract Tower,0,29,6,0,35,0,195,44,6,245,0,224,50,6,280,40,4,44,324
11/15/2012,HYA,MA,ANE,EN,Federal Contract Tower,0,41,18,0,59,0,201,62,2,265,0,242,80,2,324,46,2,48,372
11/16/2012,HYA,MA,ANE,EN,Federal Contract Tower,0,14,9,0,23,0,205,62,0,267,0,219,71,0,290,36,0,36,326
11/17/2012,HYA,MA,ANE,EN,Federal Contract Tower,0,16,15,0,31,0,154,52,0,206,0,170,67,0,237,22,0,22,259
11/18/2012,HYA,MA,ANE,EN,Federal Contract Tower,0,5,11,0,16,0,132,58,0,190,0,137,69,0,206,22,0,22,228
11/19/2012,HYA,MA,ANE,EN,Federal Contract Tower,0,27,11,0,38,0,154,37,2,193,0,181,48,2,231,46,10,56,287
11/20/2012,HYA,MA,ANE,EN,Federal Contract Tower,0,34,13,4,51,0,213,45,0,258,0,247,58,4,309,20,6,26,335
11/21/2012,HYA,MA,ANE,EN,Federal Contract Tower,0,39,27,0,66,0,214,65,0,279,0,253,92,0,345,2,0,2,347
11/22/2012,HYA,MA,ANE,EN,Federal Contract Tower,0,15,10,0,25,0,122,62,0,184,0,137,72,0,209,6,0,6,215
11/23/2012,HYA,MA,ANE,EN,Federal Contract Tower,0,65,21,0,86,0,110,33,0,143,0,175,54,0,229,26,2,28,257
11/24/2012,HYA,MA,ANE,EN,Federal Contract Tower,0,8,14,0,22,0,141,46,0,187,0,149,60,0,209,60,0,60,269
11/25/2012,HYA,MA,ANE,EN,Federal Contract Tower,0,23,17,0,40,0,172,49,0,221,0,195,66,0,261,14,0,14,275
11/26/2012,HYA,MA,ANE,EN,Federal Contract Tower,0,12,9,1,22,0,171,44,0,215,0,183,53,1,237,24,2,26,263
11/27/2012,HYA,MA,ANE,EN,Federal Contract Tower,0,52,6,0,58,0,153,22,0,175,0,205,28,0,233,6,0,6,239
11/28/2012,HYA,MA,ANE,EN,Federal Contract Tower,0,48,8,0,56,0,203,40,2,245,0,251,48,2,301,40,0,40,341
11/29/2012,HYA,MA,ANE,EN,Federal Contract Tower,0,20,7,0,27,0,208,75,0,283,0,228,82,0,310,26,0,26,336
11/30/2012,HYA,MA,ANE,EN,Federal Contract Tower,0,12,15,3,30,0,234,69,2,305,0,246,84,5,335,10,0,10,345
12/01/2012,HYA,MA,ANE,EN,Federal Contract Tower,0,55,14,0,69,0,116,20,0,136,0,171,34,0,205,0,0,0,205
12/02/2012,HYA,MA,ANE,EN,Federal Contract Tower,0,15,14,0,29,0,201,51,0,252,0,216,65,0,281,2,0,2,283
12/03/2012,HYA,MA,ANE,EN,Federal Contract Tower,0,14,8,0,22,0,185,56,0,241,0,199,64,0,263,16,0,16,279
12/04/2012,HYA,MA,ANE,EN,Federal Contract Tower,0,33,9,0,42,0,200,30,0,230,0,233,39,0,272,72,0,72,344
12/05/2012,HYA,MA,ANE,EN,Federal Contract Tower,0,19,10,0,29,0,227,48,0,275,0,246,58,0,304,50,0,50,354
12/06/2012,HYA,MA,ANE,EN,Federal Contract Tower,0,16,8,0,24,0,199,55,2,256,0,215,63,2,280,58,2,60,340
12/07/2012,HYA,MA,ANE,EN,Federal Contract Tower,0,16,35,0,51,0,191,56,0,247,0,207,91,0,298,38,0,38,336
12/08/2012,HYA,MA,ANE,EN,Federal Contract Tower,0,96,29,0,125,0,0,0,0,0,0,96,29,0,125,0,0,0,125
12/09/2012,HYA,MA,ANE,EN,Federal Contract Tower,0,14,15,0,29,0,146,71,1,218,0,160,86,1,247,48,0,48,295
12/10/2012,HYA,MA,ANE,EN,Federal Contract Tower,0,128,17,0,145,0,0,0,0,0,0,128,17,0,145,0,0,0,145
12/11/2012,HYA,MA,ANE,EN,Federal Contract Tower,0,15,10,1,26,0,195,40,2,237,0,210,50,3,263,68,2,70,333
12/12/2012,HYA,MA,ANE,EN,Federal Contract Tower,0,9,5,0,14,0,192,64,4,260,0,201,69,4,274,68,0,68,342
12/13/2012,HYA,MA,ANE,EN,Federal Contract Tower,0,14,3,2,19,0,190,74,0,264,0,204,77,2,283,80,4,84,367
12/14/2012,HYA,MA,ANE,EN,Federal Contract Tower,0,7,11,0,18,0,230,84,0,314,0,237,95,0,332,50,0,50,382
12/15/2012,HYA,MA,ANE,EN,Federal Contract Tower,0,4,17,0,21,0,174,71,2,247,0,178,88,2,268,22,0,22,290
12/16/2012,HYA,MA,ANE,EN,Federal Contract Tower,0,20,6,0,26,0,136,30,0,166,0,156,36,0,192,30,0,30,222
12/17/2012,HYA,MA,ANE,EN,Federal Contract Tower,0,120,11,0,131,0,0,0,0,0,0,120,11,0,131,0,0,0,131
12/18/2012,HYA,MA,ANE,EN,Federal Contract Tower,0,148,6,0,154,0,9,0,0,9,0,157,6,0,163,0,0,0,163
12/19/2012,HYA,MA,ANE,EN,Federal Contract Tower,0,20,6,0,26,0,182,44,0,226,0,202,50,0,252,54,0,54,306
12/20/2012,HYA,MA,ANE,EN,Federal Contract Tower,0,32,13,0,45,0,196,72,0,268,0,228,85,0,313,72,2,74,387
12/21/2012,HYA,MA,ANE,EN,Federal Contract Tower,0,15,5,0,20,0,104,18,0,122,0,119,23,0,142,0,0,0,142
12/22/2012,HYA,MA,ANE,EN,Federal Contract Tower,0,17,5,0,22,0,175,43,0,218,0,192,48,0,240,10,0,10,250
12/23/2012,HYA,MA,ANE,EN,Federal Contract Tower,0,8,8,0,16,0,129,40,0,169,0,137,48,0,185,20,0,20,205
12/24/2012,HYA,MA,ANE,EN,Federal Contract Tower,0,6,2,0,8,0,114,42,0,156,0,120,44,0,164,0,0,0,164
12/25/2012,HYA,MA,ANE,EN,Federal Contract Tower,0,50,1,0,51,0,8,0,0,8,0,58,1,0,59,0,0,0,59
12/26/2012,HYA,MA,ANE,EN,Federal Contract Tower,0,24,19,4,47,0,213,52,0,265,0,237,71,4,312,22,0,22,334
12/27/2012,HYA,MA,ANE,EN,Federal Contract Tower,0,57,19,0,76,0,38,4,0,42,0,95,23,0,118,4,0,4,122
12/28/2012,HYA,MA,ANE,EN,Federal Contract Tower,0,9,3,0,12,0,191,46,0,237,0,200,49,0,249,36,0,36,285
12/29/2012,HYA,MA,ANE,EN,Federal Contract Tower,0,21,3,0,24,0,115,37,0,152,0,136,40,0,176,44,0,44,220
12/30/2012,HYA,MA,ANE,EN,Federal Contract Tower,0,6,2,0,8,0,112,15,0,127,0,118,17,0,135,0,0,0,135
12/31/2012,HYA,MA,ANE,EN,Federal Contract Tower,0,8,5,0,13,0,150,31,0,181,0,158,36,0,194,40,0,40,234
01/01/2013,HYA,MA,ANE,EN,Federal Contract Tower,0,7,5,0,12,0,126,24,0,150,0,133,29,0,162,14,0,14,176
01/02/2013,HYA,MA,ANE,EN,Federal Contract Tower,0,21,12,0,33,0,222,48,0,270,0,243,60,0,303,36,0,36,339
01/03/2013,HYA,MA,ANE,EN,Federal Contract Tower,0,19,4,0,23,0,190,50,0,240,0,209,54,0,263,58,0,58,321
01/04/2013,HYA,MA,ANE,EN,Federal Contract Tower,0,8,6,0,14,0,202,52,0,254,0,210,58,0,268,42,0,42,310
01/05/2013,HYA,MA,ANE,EN,Federal Contract Tower,0,3,14,0,17,0,138,62,0,200,0,141,76,0,217,20,0,20,237
01/06/2013,HYA,MA,ANE,EN,Federal Contract Tower,0,20,3,0,23,0,85,26,0,111,0,105,29,0,134,22,2,24,158
01/07/2013,HYA,MA,ANE,EN,Federal Contract Tower,0,10,5,0,15,0,155,57,0,212,0,165,62,0,227,24,0,24,251
01/08/2013,HYA,MA,ANE,EN,Federal Contract Tower,0,16,8,0,24,0,171,40,0,211,0,187,48,0,235,32,0,32,267
01/09/2013,HYA,MA,ANE,EN,Federal Contract Tower,0,23,4,0,27,0,201,46,2,249,0,224,50,2,276,36,0,36,312
01/10/2013,HYA,MA,ANE,EN,Federal Contract Tower,0,12,14,0,26,0,183,59,0,242,0,195,73,0,268,44,0,44,312
01/11/2013,HYA,MA,ANE,EN,Federal Contract Tower,0,12,12,0,24,0,202,74,0,276,0,214,86,0,300,36,4,40,340
01/12/2013,HYA,MA,ANE,EN,Federal Contract Tower,0,89,6,1,96,0,41,19,8,68,0,130,25,9,164,0,14,14,178
01/13/2013,HYA,MA,ANE,EN,Federal Contract Tower,0,67,8,0,75,0,0,0,0,0,0,67,8,0,75,0,0,0,75
01/14/2013,HYA,MA,ANE,EN,Federal Contract Tower,0,56,14,0,70,0,32,7,0,39,0,88,21,0,109,10,0,10,119
01/15/2013,HYA,MA,ANE,EN,Federal Contract Tower,0,15,6,0,21,0,196,44,2,242,0,211,50,2,263,54,8,62,325
01/16/2013,HYA,MA,ANE,EN,Federal Contract Tower,0,152,18,0,170,0,1,1,0,2,0,153,19,0,172,0,0,0,172
01/17/2013,HYA,MA,ANE,EN,Federal Contract Tower,0,8,19,0,27,0,208,60,2,270,0,216,79,2,297,60,6,66,363
01/18/2013,HYA,MA,ANE,EN,Federal Contract Tower,0,7,14,0,21,0,144,55,0,199,0,151,69,0,220,26,0,26,246
01/19/2013,HYA,MA,ANE,EN,Federal Contract Tower,0,1,5,0,6,0,153,48,0,201,0,154,53,0,207,20,0,20,227
01/20/2013,HYA,MA,ANE,EN,Federal Contract Tower,0,4,3,0,7,0,135,28,0,163,0,139,31,0,170,12,0,12,182
01/21/2013,HYA,MA,ANE,EN,Federal Contract Tower,0,15,3,0,18,0,134,51,0,185,0,149,54,0,203,26,0,26,229
01/22/2013,HYA,MA,ANE,EN,Federal Contract Tower,0,10,4,0,14,0,153,22,0,175,0,163,26,0,189,30,0,30,219
01/23/2013,HYA,MA,ANE,EN,Federal Contract Tower,0,12,1,0,13,0,176,49,0,225,0,188,50,0,238,34,0,34,272
01/24/2013,HYA,MA,ANE,EN,Federal Contract Tower,0,9,4,0,13,0,184,46,0,230,0,193,50,0,243,56,4,60,303
01/25/2013,HYA,MA,ANE,EN,Federal Contract Tower,0,7,4,0,11,0,208,52,0,260,0,215,56,0,271,76,2,78,349
01/26/2013,HYA,MA,ANE,EN,Federal Contract Tower,0,10,5,0,15,0,135,52,0,187,0,145,57,0,202,18,2,20,222
01/27/2013,HYA,MA,ANE,EN,Federal Contract Tower,0,8,7,0,15,0,130,49,0,179,0,138,56,0,194,28,0,28,222
01/28/2013,HYA,MA,ANE,EN,Federal Contract Tower,0,25,2,0,27,0,114,31,4,149,0,139,33,4,176,10,2,12,188
01/29/2013,HYA,MA,ANE,EN,Federal Contract Tower,0,119,20,0,139,0,0,0,0,0,0,119,20,0,139,0,0,0,139
01/30/2013,HYA,MA,ANE,EN,Federal Contract Tower,0,25,13,0,38,0,64,12,0,76,0,89,25,0,114,0,0,0,114
01/31/2013,HYA,MA,ANE,EN,Federal Contract Tower,0,12,12,0,24,0,69,9,0,78,0,81,21,0,102,0,0,0,102
02/01/2013,HYA,MA,ANE,EN,Federal Contract Tower,0,8,2,0,10,0,196,56,0,252,0,204,58,0,262,42,0,42,304
02/02/2013,HYA,MA,ANE,EN,Federal Contract Tower,0,2,6,0,8,0,158,60,0,218,0,160,66,0,226,34,2,36,262
02/03/2013,HYA,MA,ANE,EN,Federal Contract Tower,0,35,7,0,42,0,87,15,0,102,0,122,22,0,144,26,0,26,170
02/04/2013,HYA,MA,ANE,EN,Federal Contract Tower,0,7,2,0,9,0,158,35,0,193,0,165,37,0,202,8,0,8,210
02/05/2013,HYA,MA,ANE,EN,Federal Contract Tower,0,44,4,0,48,0,123,24,0,147,0,167,28,0,195,6,0,6,201
02/06/2013,HYA,MA,ANE,EN,Federal Contract Tower,0,34,0,0,34,0,185,45,2,232,0,219,45,2,266,12,4,16,282
02/07/2013,HYA,MA,ANE,EN,Federal Contract Tower,0,14,6,0,20,0,197,54,0,251,0,211,60,0,271,26,0,26,297
02/08/2013,HYA,MA,ANE,EN,Federal Contract Tower,0,14,10,0,24,0,37,12,0,49,0,51,22,0,73,0,0,0,73
02/09/2013,HYA,MA,ANE,EN,Federal Contract Tower,0,0,0,0,0,0,0,0,0,0,0,0,0,0,0,0,0,0,0
02/10/2013,HYA,MA,ANE,EN,Federal Contract Tower,0,0,0,0,0,0,0,0,0,0,0,0,0,0,0,4,0,4,4
02/11/2013,HYA,MA,ANE,EN,Federal Contract Tower,0,0,0,0,0,0,0,0,0,0,0,0,0,0,0,4,0,4,4
02/12/2013,HYA,MA,ANE,EN,Federal Contract Tower,0,9,5,0,14,0,191,39,0,230,0,200,44,0,244,22,0,22,266
02/13/2013,HYA,MA,ANE,EN,Federal Contract Tower,0,14,9,0,23,0,213,56,0,269,0,227,65,0,292,36,0,36,328
02/14/2013,HYA,MA,ANE,EN,Federal Contract Tower,0,11,9,0,20,0,177,41,0,218,0,188,50,0,238,18,0,18,256
02/15/2013,HYA,MA,ANE,EN,Federal Contract Tower,0,21,5,0,26,0,215,53,0,268,0,236,58,0,294,28,0,28,322
02/16/2013,HYA,MA,ANE,EN,Federal Contract Tower,0,70,6,0,76,0,67,16,0,83,0,137,22,0,159,0,0,0,159
02/17/2013,HYA,MA,ANE,EN,Federal Contract Tower,0,1,3,0,4,0,0,2,0,2,0,1,5,0,6,0,0,0,6
02/18/2013,HYA,MA,ANE,EN,Federal Contract Tower,0,5,2,0,7,0,186,36,0,222,0,191,38,0,229,0,0,0,229
02/19/2013,HYA,MA,ANE,EN,Federal Contract Tower,0,13,5,0,18,0,217,40,0,257,0,230,45,0,275,18,0,18,293
02/20/2013,HYA,MA,ANE,EN,Federal Contract Tower,0,25,6,0,31,0,184,32,0,216,0,209,38,0,247,38,0,38,285
02/21/2013,HYA,MA,ANE,EN,Federal Contract Tower,0,8,6,0,14,0,183,51,0,234,0,191,57,0,248,18,0,18,266
02/22/2013,HYA,MA,ANE,EN,Federal Contract Tower,0,10,9,0,19,0,211,56,2,269,0,221,65,2,288,50,2,52,340
02/23/2013,HYA,MA,ANE,EN,Federal Contract Tower,0,10,8,0,18,0,139,51,0,190,0,149,59,0,208,22,0,22,230
02/24/2013,HYA,MA,ANE,EN,Federal Contract Tower,0,71,7,0,78,0,2,0,0,2,0,73,7,0,80,0,0,0,80
02/25/2013,HYA,MA,ANE,EN,Federal Contract Tower,0,11,14,4,29,0,186,56,1,243,0,197,70,5,272,32,0,32,304
02/26/2013,HYA,MA,ANE,EN,Federal Contract Tower,0,4,9,4,17,0,207,45,0,252,0,211,54,4,269,36,6,42,311
02/27/2013,HYA,MA,ANE,EN,Federal Contract Tower,0,44,15,0,59,0,0,0,0,0,0,44,15,0,59,0,0,0,59
02/28/2013,HYA,MA,ANE,EN,Federal Contract Tower,0,68,14,0,82,0,139,29,0,168,0,207,43,0,250,34,0,34,284
03/01/2013,HYA,MA,ANE,EN,Federal Contract Tower,0,22,5,0,27,0,211,49,0,260,0,233,54,0,287,28,0,28,315
03/02/2013,HYA,MA,ANE,EN,Federal Contract Tower,0,1,3,0,4,0,164,55,2,221,0,165,58,2,225,78,0,78,303
03/03/2013,HYA,MA,ANE,EN,Federal Contract Tower,0,10,15,0,25,0,167,59,0,226,0,177,74,0,251,22,0,22,273
03/04/2013,HYA,MA,ANE,EN,Federal Contract Tower,0,9,7,0,16,0,171,45,0,216,0,180,52,0,232,6,8,14,246
03/05/2013,HYA,MA,ANE,EN,Federal Contract Tower,0,19,3,0,22,0,200,36,0,236,0,219,39,0,258,52,0,52,310
03/06/2013,HYA,MA,ANE,EN,Federal Contract Tower,0,27,4,2,33,0,201,39,0,240,0,228,43,2,273,34,0,34,307
03/07/2013,HYA,MA,ANE,EN,Federal Contract Tower,0,0,0,0,0,0,0,0,0,0,0,0,0,0,0,0,0,0,0
03/08/2013,HYA,MA,ANE,EN,Federal Contract Tower,0,0,2,0,2,0,0,0,0,0,0,0,2,0,2,0,0,0,2
03/09/2013,HYA,MA,ANE,EN,Federal Contract Tower,0,35,7,0,42,0,213,61,0,274,0,248,68,0,316,4,0,4,320
03/10/2013,HYA,MA,ANE,EN,Federal Contract Tower,0,12,10,0,22,0,164,63,0,227,0,176,73,0,249,14,2,16,265
03/11/2013,HYA,MA,ANE,EN,Federal Contract Tower,0,70,8,0,78,0,169,46,0,215,0,239,54,0,293,34,0,34,327
03/12/2013,HYA,MA,ANE,EN,Federal Contract Tower,0,19,3,0,22,0,199,39,0,238,0,218,42,0,260,24,2,26,286
03/13/2013,HYA,MA,ANE,EN,Federal Contract Tower,0,28,14,2,44,0,191,49,2,242,0,219,63,4,286,42,4,46,332
03/14/2013,HYA,MA,ANE,EN,Federal Contract Tower,0,22,5,0,27,0,194,49,0,243,0,216,54,0,270,42,0,42,312
03/15/2013,HYA,MA,ANE,EN,Federal Contract Tower,0,9,19,0,28,0,220,69,0,289,0,229,88,0,317,36,10,46,363
03/16/2013,HYA,MA,ANE,EN,Federal Contract Tower,0,3,2,0,5,0,162,43,0,205,0,165,45,0,210,72,0,72,282
03/17/2013,HYA,MA,ANE,EN,Federal Contract Tower,0,5,4,0,9,0,138,66,0,204,0,143,70,0,213,34,0,34,247
03/18/2013,HYA,MA,ANE,EN,Federal Contract Tower,0,21,3,0,24,0,190,55,0,245,0,211,58,0,269,26,4,30,299
03/19/2013,HYA,MA,ANE,EN,Federal Contract Tower,0,49,5,0,54,0,0,0,0,0,0,49,5,0,54,0,0,0,54
03/20/2013,HYA,MA,ANE,EN,Federal Contract Tower,0,24,5,0,29,0,203,49,2,254,0,227,54,2,283,56,0,56,339
03/21/2013,HYA,MA,ANE,EN,Federal Contract Tower,0,38,6,0,44,0,178,58,2,238,0,216,64,2,282,32,2,34,316
03/22/2013,HYA,MA,ANE,EN,Federal Contract Tower,0,12,7,0,19,0,174,48,0,222,0,186,55,0,241,36,4,40,281
03/23/2013,HYA,MA,ANE,EN,Federal Contract Tower,0,3,9,0,12,0,152,54,0,206,0,155,63,0,218,24,0,24,242
03/24/2013,HYA,MA,ANE,EN,Federal Contract Tower,0,5,8,0,13,0,139,71,0,210,0,144,79,0,223,106,0,106,329
03/25/2013,HYA,MA,ANE,EN,Federal Contract Tower,0,9,4,0,13,0,197,44,4,245,0,206,48,4,258,34,4,38,296
03/26/2013,HYA,MA,ANE,EN,Federal Contract Tower,0,16,6,0,22,0,209,42,0,251,0,225,48,0,273,34,0,34,307
03/27/2013,HYA,MA,ANE,EN,Federal Contract Tower,0,14,10,0,24,0,194,57,0,251,0,208,67,0,275,44,0,44,319
03/28/2013,HYA,MA,ANE,EN,Federal Contract Tower,0,50,15,0,65,0,174,49,2,225,0,224,64,2,290,20,4,24,314
03/29/2013,HYA,MA,ANE,EN,Federal Contract Tower,0,15,13,0,28,0,222,68,0,290,0,237,81,0,318,64,0,64,382
03/30/2013,HYA,MA,ANE,EN,Federal Contract Tower,0,8,8,0,16,0,155,82,0,237,0,163,90,0,253,46,0,46,299
03/31/2013,HYA,MA,ANE,EN,Federal Contract Tower,0,6,7,0,13,0,127,56,0,183,0,133,63,0,196,20,0,20,216
04/01/2013,HYA,MA,ANE,EN,Federal Contract Tower,0,36,12,0,48,0,155,47,4,206,0,191,59,4,254,4,2,6,260
04/02/2013,HYA,MA,ANE,EN,Federal Contract Tower,0,7,7,0,14,0,203,37,0,240,0,210,44,0,254,24,0,24,278
04/03/2013,HYA,MA,ANE,EN,Federal Contract Tower,0,19,11,0,30,0,208,49,0,257,0,227,60,0,287,20,4,24,311
04/04/2013,HYA,MA,ANE,EN,Federal Contract Tower,0,19,9,0,28,0,201,51,0,252,0,220,60,0,280,58,4,62,342
04/05/2013,HYA,MA,ANE,EN,Federal Contract Tower,0,73,24,0,97,0,167,46,0,213,0,240,70,0,310,32,4,36,346
04/06/2013,HYA,MA,ANE,EN,Federal Contract Tower,0,5,9,0,14,0,164,57,0,221,0,169,66,0,235,20,0,20,255
04/07/2013,HYA,MA,ANE,EN,Federal Contract Tower,0,10,8,0,18,0,135,61,0,196,0,145,69,0,214,20,0,20,234
04/08/2013,HYA,MA,ANE,EN,Federal Contract Tower,0,5,8,0,13,0,217,64,0,281,0,222,72,0,294,20,0,20,314
04/09/2013,HYA,MA,ANE,EN,Federal Contract Tower,0,41,6,0,47,0,170,30,0,200,0,211,36,0,247,44,0,44,291
04/10/2013,HYA,MA,ANE,EN,Federal Contract Tower,0,72,13,0,85,0,177,50,0,227,0,249,63,0,312,62,0,62,374
04/11/2013,HYA,MA,ANE,EN,Federal Contract Tower,0,74,15,0,89,0,106,36,0,142,0,180,51,0,231,34,0,34,265
04/12/2013,HYA,MA,ANE,EN,Federal Contract Tower,0,79,14,0,93,0,108,15,0,123,0,187,29,0,216,10,0,10,226
04/13/2013,HYA,MA,ANE,EN,Federal Contract Tower,0,64,26,0,90,0,77,31,0,108,0,141,57,0,198,4,0,4,202
04/14/2013,HYA,MA,ANE,EN,Federal Contract Tower,0,21,8,0,29,0,147,51,0,198,0,168,59,0,227,38,0,38,265
04/15/2013,HYA,MA,ANE,EN,Federal Contract Tower,0,13,0,0,13,0,164,65,0,229,0,177,65,0,242,80,0,80,322
04/16/2013,HYA,MA,ANE,EN,Federal Contract Tower,0,25,5,0,30,0,198,31,0,229,0,223,36,0,259,28,0,28,287
04/17/2013,HYA,MA,ANE,EN,Federal Contract Tower,0,39,9,0,48,0,170,65,0,235,0,209,74,0,283,24,4,28,311
04/18/2013,HYA,MA,ANE,EN,Federal Contract Tower,0,9,7,0,16,0,199,57,0,256,0,208,64,0,272,44,0,44,316
04/19/2013,HYA,MA,ANE,EN,Federal Contract Tower,0,138,32,0,170,0,0,0,0,0,0,138,32,0,170,0,0,0,170
04/20/2013,HYA,MA,ANE,EN,Federal Contract Tower,0,58,20,0,78,0,70,29,0,99,0,128,49,0,177,26,0,26,203
04/21/2013,HYA,MA,ANE,EN,Federal Contract Tower,0,18,9,0,27,0,137,72,0,209,0,155,81,0,236,32,0,32,268
04/22/2013,HYA,MA,ANE,EN,Federal Contract Tower,0,29,6,0,35,0,167,52,0,219,0,196,58,0,254,14,0,14,268
04/23/2013,HYA,MA,ANE,EN,Federal Contract Tower,0,123,8,0,131,0,0,0,0,0,0,123,8,0,131,0,0,0,131
04/24/2013,HYA,MA,ANE,EN,Federal Contract Tower,0,57,18,0,75,0,125,28,0,153,0,182,46,0,228,38,0,38,266
04/25/2013,HYA,MA,ANE,EN,Federal Contract Tower,0,53,19,0,72,0,152,49,0,201,0,205,68,0,273,58,2,60,333
04/26/2013,HYA,MA,ANE,EN,Federal Contract Tower,0,9,12,0,21,0,238,74,4,316,0,247,86,4,337,16,2,18,355
04/27/2013,HYA,MA,ANE,EN,Federal Contract Tower,0,6,6,0,12,0,164,63,0,227,0,170,69,0,239,14,0,14,253
04/28/2013,HYA,MA,ANE,EN,Federal Contract Tower,0,5,6,0,11,0,174,79,0,253,0,179,85,0,264,38,0,38,302
04/29/2013,HYA,MA,ANE,EN,Federal Contract Tower,0,9,9,0,18,0,186,71,0,257,0,195,80,0,275,40,0,40,315
04/30/2013,HYA,MA,ANE,EN,Federal Contract Tower,0,6,9,0,15,0,191,61,2,254,0,197,70,2,269,64,0,64,333
05/01/2013,HYA,MA,ANE,EN,Federal Contract Tower,0,28,10,0,38,0,176,54,0,230,0,204,64,0,268,50,0,50,318
05/02/2013,HYA,MA,ANE,EN,Federal Contract Tower,0,8,8,0,16,0,190,69,0,259,0,198,77,0,275,48,0,48,323
05/03/2013,HYA,MA,ANE,EN,Federal Contract Tower,0,55,12,0,67,0,169,53,0,222,0,224,65,0,289,19,0,19,308
05/04/2013,HYA,MA,ANE,EN,Federal Contract Tower,0,8,4,0,12,0,157,57,0,214,0,165,61,0,226,20,0,20,246
05/05/2013,HYA,MA,ANE,EN,Federal Contract Tower,0,38,8,0,46,0,104,60,0,164,0,142,68,0,210,42,0,42,252
05/06/2013,HYA,MA,ANE,EN,Federal Contract Tower,0,75,25,0,100,0,74,32,0,106,0,149,57,0,206,30,0,30,236
05/07/2013,HYA,MA,ANE,EN,Federal Contract Tower,0,65,24,3,92,0,89,25,0,114,0,154,49,3,206,28,0,28,234
05/08/2013,HYA,MA,ANE,EN,Federal Contract Tower,0,90,23,0,113,0,142,31,0,173,0,232,54,0,286,50,2,52,338
05/09/2013,HYA,MA,ANE,EN,Federal Contract Tower,0,116,24,0,140,0,30,9,0,39,0,146,33,0,179,0,0,0,179
05/10/2013,HYA,MA,ANE,EN,Federal Contract Tower,0,36,18,0,54,0,173,89,0,262,0,209,107,0,316,48,0,48,364
05/11/2013,HYA,MA,ANE,EN,Federal Contract Tower,0,38,12,0,50,0,95,32,0,127,0,133,44,0,177,6,0,6,183
05/12/2013,HYA,MA,ANE,EN,Federal Contract Tower,0,61,22,0,83,0,93,29,0,122,0,154,51,0,205,8,0,8,213
05/13/2013,HYA,MA,ANE,EN,Federal Contract Tower,0,10,8,0,18,0,183,80,2,265,0,193,88,2,283,18,4,22,305
05/14/2013,HYA,MA,ANE,EN,Federal Contract Tower,0,17,10,0,27,0,214,63,0,277,0,231,73,0,304,28,2,30,334
05/15/2013,HYA,MA,ANE,EN,Federal Contract Tower,0,17,15,0,32,0,190,64,0,254,0,207,79,0,286,34,0,34,320
05/16/2013,HYA,MA,ANE,EN,Federal Contract Tower,0,17,12,0,29,0,196,70,0,266,0,213,82,0,295,66,0,66,361
05/17/2013,HYA,MA,ANE,EN,Federal Contract Tower,0,15,4,0,19,0,228,78,0,306,0,243,82,0,325,58,0,58,383
05/18/2013,HYA,MA,ANE,EN,Federal Contract Tower,0,7,11,0,18,0,187,85,0,272,0,194,96,0,290,52,2,54,344
05/19/2013,HYA,MA,ANE,EN,Federal Contract Tower,0,19,22,0,41,0,176,59,0,235,0,195,81,0,276,26,0,26,302
05/20/2013,HYA,MA,ANE,EN,Federal Contract Tower,0,128,34,0,162,0,53,25,4,82,0,181,59,4,244,14,0,14,258
05/21/2013,HYA,MA,ANE,EN,Federal Contract Tower,0,66,5,0,71,0,48,9,0,57,0,114,14,0,128,4,0,4,132
05/22/2013,HYA,MA,ANE,EN,Federal Contract Tower,0,187,40,0,227,0,22,5,0,27,0,209,45,0,254,26,0,26,280
05/23/2013,HYA,MA,ANE,EN,Federal Contract Tower,0,180,40,0,220,0,38,10,0,48,0,218,50,0,268,2,0,2,270
05/24/2013,HYA,MA,ANE,EN,Federal Contract Tower,0,215,55,0,270,0,0,0,0,0,0,215,55,0,270,0,0,0,270
05/25/2013,HYA,MA,ANE,EN,Federal Contract Tower,0,158,30,0,188,0,1,4,0,5,0,159,34,0,193,0,0,0,193
05/26/2013,HYA,MA,ANE,EN,Federal Contract Tower,0,20,14,0,34,0,136,44,0,180,0,156,58,0,214,18,0,18,232
05/27/2013,HYA,MA,ANE,EN,Federal Contract Tower,0,29,14,0,43,0,264,79,0,343,0,293,93,0,386,26,0,26,412
05/28/2013,HYA,MA,ANE,EN,Federal Contract Tower,0,14,19,0,33,0,182,72,0,254,0,196,91,0,287,46,0,46,333
05/29/2013,HYA,MA,ANE,EN,Federal Contract Tower,0,172,42,0,214,0,12,8,0,20,0,184,50,0,234,0,0,0,234
05/30/2013,HYA,MA,ANE,EN,Federal Contract Tower,0,27,9,0,36,0,210,69,0,279,0,237,78,0,315,70,0,70,385
05/31/2013,HYA,MA,ANE,EN,Federal Contract Tower,0,24,22,0,46,0,229,83,0,312,0,253,105,0,358,32,0,32,390
06/01/2013,HYA,MA,ANE,EN,Federal Contract Tower,0,9,15,0,24,0,165,72,0,237,0,174,87,0,261,26,0,26,287
06/02/2013,HYA,MA,ANE,EN,Federal Contract Tower,0,86,22,0,108,0,65,31,0,96,0,151,53,0,204,8,0,8,212
06/03/2013,HYA,MA,ANE,EN,Federal Contract Tower,0,85,28,0,113,0,0,0,0,0,0,85,28,0,113,0,0,0,113
06/04/2013,HYA,MA,ANE,EN,Federal Contract Tower,0,16,9,0,25,0,204,79,0,283,0,220,88,0,308,44,0,44,352
06/05/2013,HYA,MA,ANE,EN,Federal Contract Tower,0,17,13,0,30,0,182,68,0,250,0,199,81,0,280,48,0,48,328
06/06/2013,HYA,MA,ANE,EN,Federal Contract Tower,0,31,13,0,44,0,212,83,0,295,0,243,96,0,339,48,0,48,387
06/07/2013,HYA,MA,ANE,EN,Federal Contract Tower,0,160,28,0,188,0,0,0,0,0,0,160,28,0,188,0,0,0,188
06/08/2013,HYA,MA,ANE,EN,Federal Contract Tower,0,67,19,0,86,0,100,38,0,138,0,167,57,0,224,4,0,4,228
06/09/2013,HYA,MA,ANE,EN,Federal Contract Tower,0,26,16,0,42,0,186,83,0,269,0,212,99,0,311,66,0,66,377
06/10/2013,HYA,MA,ANE,EN,Federal Contract Tower,0,26,7,0,33,0,200,57,0,257,0,226,64,0,290,26,0,26,316
06/11/2013,HYA,MA,ANE,EN,Federal Contract Tower,0,93,20,0,113,0,0,0,0,0,0,93,20,0,113,0,0,0,113
06/12/2013,HYA,MA,ANE,EN,Federal Contract Tower,0,49,17,0,66,0,207,64,0,271,0,256,81,0,337,50,4,54,391
06/13/2013,HYA,MA,ANE,EN,Federal Contract Tower,0,36,14,0,50,0,203,51,0,254,0,239,65,0,304,42,0,42,346
06/14/2013,HYA,MA,ANE,EN,Federal Contract Tower,0,108,29,3,140,0,168,44,0,212,0,276,73,3,352,18,2,20,372
06/15/2013,HYA,MA,ANE,EN,Federal Contract Tower,0,14,10,0,24,0,171,86,0,257,0,185,96,0,281,42,0,42,323
06/16/2013,HYA,MA,ANE,EN,Federal Contract Tower,0,29,15,0,44,0,183,71,0,254,0,212,86,0,298,60,0,60,358
06/17/2013,HYA,MA,ANE,EN,Federal Contract Tower,0,12,8,0,20,0,183,94,0,277,0,195,102,0,297,14,0,14,311
06/18/2013,HYA,MA,ANE,EN,Federal Contract Tower,0,74,24,0,98,0,107,42,0,149,0,181,66,0,247,30,0,30,277
06/19/2013,HYA,MA,ANE,EN,Federal Contract Tower,0,14,26,0,40,0,204,85,0,289,0,218,111,0,329,36,0,36,365
06/20/2013,HYA,MA,ANE,EN,Federal Contract Tower,0,12,16,0,28,0,205,88,1,294,0,217,104,1,322,24,2,26,348
06/21/2013,HYA,MA,ANE,EN,Federal Contract Tower,0,26,34,0,60,0,231,113,0,344,0,257,147,0,404,28,0,28,432
06/22/2013,HYA,MA,ANE,EN,Federal Contract Tower,0,18,4,0,22,0,163,65,0,228,0,181,69,0,250,28,0,28,278
06/23/2013,HYA,MA,ANE,EN,Federal Contract Tower,0,47,17,0,64,0,147,67,0,214,0,194,84,0,278,6,0,6,284
06/24/2013,HYA,MA,ANE,EN,Federal Contract Tower,0,66,20,0,86,0,110,51,0,161,0,176,71,0,247,12,3,15,262
06/25/2013,HYA,MA,ANE,EN,Federal Contract Tower,0,25,8,0,33,0,188,81,0,269,0,213,89,0,302,14,2,16,318
06/26/2013,HYA,MA,ANE,EN,Federal Contract Tower,0,35,10,0,45,0,224,71,0,295,0,259,81,0,340,32,0,32,372
06/27/2013,HYA,MA,ANE,EN,Federal Contract Tower,0,164,59,0,223,0,10,5,0,15,0,174,64,0,238,0,0,0,238
06/28/2013,HYA,MA,ANE,EN,Federal Contract Tower,0,205,39,0,244,0,0,0,0,0,0,205,39,0,244,0,0,0,244
06/29/2013,HYA,MA,ANE,EN,Federal Contract Tower,0,134,46,0,180,0,0,0,0,0,0,134,46,0,180,0,0,0,180
06/30/2013,HYA,MA,ANE,EN,Federal Contract Tower,0,131,41,2,174,0,14,14,0,28,0,145,55,2,202,0,0,0,202
07/01/2013,HYA,MA,ANE,EN,Federal Contract Tower,0,173,40,0,213,0,0,0,0,0,0,173,40,0,213,0,0,0,213
07/02/2013,HYA,MA,ANE,EN,Federal Contract Tower,0,168,21,0,189,0,2,2,0,4,0,170,23,0,193,0,0,0,193
07/03/2013,HYA,MA,ANE,EN,Federal Contract Tower,0,157,79,0,236,0,151,62,0,213,0,308,141,0,449,12,0,12,461
07/04/2013,HYA,MA,ANE,EN,Federal Contract Tower,0,85,28,0,113,0,79,63,0,142,0,164,91,0,255,26,0,26,281
07/05/2013,HYA,MA,ANE,EN,Federal Contract Tower,0,22,24,0,46,0,212,86,0,298,0,234,110,0,344,16,0,16,360
07/06/2013,HYA,MA,ANE,EN,Federal Contract Tower,0,13,14,0,27,0,171,82,0,253,0,184,96,0,280,10,0,10,290
07/07/2013,HYA,MA,ANE,EN,Federal Contract Tower,0,41,38,0,79,0,222,89,0,311,0,263,127,0,390,6,0,6,396
07/08/2013,HYA,MA,ANE,EN,Federal Contract Tower,0,23,16,0,39,0,196,89,0,285,0,219,105,0,324,0,2,2,326
07/09/2013,HYA,MA,ANE,EN,Federal Contract Tower,0,153,26,0,179,0,6,3,0,9,0,159,29,0,188,0,0,0,188
07/10/2013,HYA,MA,ANE,EN,Federal Contract Tower,0,173,53,0,226,0,8,0,0,8,0,181,53,0,234,0,0,0,234
07/11/2013,HYA,MA,ANE,EN,Federal Contract Tower,0,208,61,0,269,0,52,20,0,72,0,260,81,0,341,8,0,8,349
07/12/2013,HYA,MA,ANE,EN,Federal Contract Tower,0,218,77,0,295,0,23,15,0,38,0,241,92,0,333,0,0,0,333
07/13/2013,HYA,MA,ANE,EN,Federal Contract Tower,0,114,60,0,174,0,37,29,0,66,0,151,89,0,240,38,0,38,278
07/14/2013,HYA,MA,ANE,EN,Federal Contract Tower,0,86,32,0,118,0,112,69,0,181,0,198,101,0,299,14,0,14,313
07/15/2013,HYA,MA,ANE,EN,Federal Contract Tower,0,26,21,0,47,0,185,82,0,267,0,211,103,0,314,12,0,12,326
07/16/2013,HYA,MA,ANE,EN,Federal Contract Tower,0,19,9,0,28,0,197,78,0,275,0,216,87,0,303,34,0,34,337
07/17/2013,HYA,MA,ANE,EN,Federal Contract Tower,0,22,6,0,28,0,225,94,0,319,0,247,100,0,347,62,0,62,409
07/18/2013,HYA,MA,ANE,EN,Federal Contract Tower,0,44,33,0,77,0,210,79,0,289,0,254,112,0,366,36,0,36,402
07/19/2013,HYA,MA,ANE,EN,Federal Contract Tower,0,71,39,0,110,0,211,92,0,303,0,282,131,0,413,22,0,22,435
07/20/2013,HYA,MA,ANE,EN,Federal Contract Tower,0,80,25,0,105,0,145,62,0,207,0,225,87,0,312,6,0,6,318
07/21/2013,HYA,MA,ANE,EN,Federal Contract Tower,0,34,30,0,64,0,193,89,0,282,0,227,119,0,346,16,0,16,362
07/22/2013,HYA,MA,ANE,EN,Federal Contract Tower,0,105,36,0,141,0,99,54,0,153,0,204,90,0,294,0,0,0,294
07/23/2013,HYA,MA,ANE,EN,Federal Contract Tower,0,125,38,4,167,0,58,16,0,74,0,183,54,4,241,0,0,0,241
07/24/2013,HYA,MA,ANE,EN,Federal Contract Tower,0,55,52,0,107,0,192,83,0,275,0,247,135,0,382,46,0,46,428
07/25/2013,HYA,MA,ANE,EN,Federal Contract Tower,0,144,62,2,208,0,87,24,0,111,0,231,86,2,319,0,0,0,319
07/26/2013,HYA,MA,ANE,EN,Federal Contract Tower,0,201,87,0,288,0,22,6,0,28,0,223,93,0,316,0,0,0,316
07/27/2013,HYA,MA,ANE,EN,Federal Contract Tower,0,26,33,0,59,0,179,108,0,287,0,205,141,0,346,14,0,14,360
07/28/2013,HYA,MA,ANE,EN,Federal Contract Tower,0,126,58,0,184,0,37,19,0,56,0,163,77,0,240,20,0,20,260
07/29/2013,HYA,MA,ANE,EN,Federal Contract Tower,0,94,19,0,113,0,107,40,0,147,0,201,59,0,260,6,6,12,272
07/30/2013,HYA,MA,ANE,EN,Federal Contract Tower,0,26,6,4,36,0,157,75,0,232,0,183,81,4,268,26,0,26,294
07/31/2013,HYA,MA,ANE,EN,Federal Contract Tower,0,26,39,0,65,0,197,104,0,301,0,223,143,0,366,38,0,38,404
08/01/2013,HYA,MA,ANE,EN,Federal Contract Tower,0,38,39,0,77,0,219,90,0,309,0,257,129,0,386,22,0,22,408
08/02/2013,HYA,MA,ANE,EN,Federal Contract Tower,0,108,48,0,156,0,136,63,0,199,0,244,111,0,355,8,0,8,363
08/03/2013,HYA,MA,ANE,EN,Federal Contract Tower,0,28,31,0,59,0,141,73,0,214,0,169,104,0,273,0,0,0,273
08/04/2013,HYA,MA,ANE,EN,Federal Contract Tower,0,37,19,0,56,0,165,96,0,261,0,202,115,0,317,22,0,22,339
08/05/2013,HYA,MA,ANE,EN,Federal Contract Tower,0,19,19,0,38,0,185,107,0,292,0,204,126,0,330,2,0,2,332
08/06/2013,HYA,MA,ANE,EN,Federal Contract Tower,0,12,17,0,29,0,177,89,0,266,0,189,106,0,295,8,0,8,303
08/07/2013,HYA,MA,ANE,EN,Federal Contract Tower,0,31,33,0,64,0,218,99,0,317,0,249,132,0,381,28,0,28,409
08/08/2013,HYA,MA,ANE,EN,Federal Contract Tower,0,35,46,0,81,0,200,82,0,282,0,235,128,0,363,2,0,2,365
08/09/2013,HYA,MA,ANE,EN,Federal Contract Tower,0,118,60,0,178,0,147,44,0,191,0,265,104,0,369,8,6,14,383
08/10/2013,HYA,MA,ANE,EN,Federal Contract Tower,0,55,35,0,90,0,181,93,3,277,0,236,128,3,367,10,0,10,377
08/11/2013,HYA,MA,ANE,EN,Federal Contract Tower,0,64,87,0,151,0,175,83,0,258,0,239,170,0,409,4,0,4,413
08/12/2013,HYA,MA,ANE,EN,Federal Contract Tower,0,67,49,0,116,0,162,58,0,220,0,229,107,0,336,0,0,0,336
08/13/2013,HYA,MA,ANE,EN,Federal Contract Tower,0,146,48,0,194,0,1,1,0,2,0,147,49,0,196,0,0,0,196
08/14/2013,HYA,MA,ANE,EN,Federal Contract Tower,0,58,48,0,106,0,177,68,0,245,0,235,116,0,351,0,0,0,351
08/15/2013,HYA,MA,ANE,EN,Federal Contract Tower,0,71,57,0,128,0,172,64,0,236,0,243,121,0,364,0,0,0,364
08/16/2013,HYA,MA,ANE,EN,Federal Contract Tower,0,55,86,0,141,0,207,92,2,301,0,262,178,2,442,0,0,0,442
08/17/2013,HYA,MA,ANE,EN,Federal Contract Tower,0,43,47,0,90,0,156,79,0,235,0,199,126,0,325,0,0,0,325
08/18/2013,HYA,MA,ANE,EN,Federal Contract Tower,0,62,56,0,118,0,159,70,0,229,0,221,126,0,347,0,0,0,347
08/19/2013,HYA,MA,ANE,EN,Federal Contract Tower,0,12,20,0,32,0,173,63,0,236,0,185,83,0,268,28,1,29,297
08/20/2013,HYA,MA,ANE,EN,Federal Contract Tower,0,12,11,0,23,0,183,82,0,265,0,195,93,0,288,26,0,26,314
08/21/2013,HYA,MA,ANE,EN,Federal Contract Tower,0,49,24,0,73,0,205,91,0,296,0,254,115,0,369,28,0,28,397
08/22/2013,HYA,MA,ANE,EN,Federal Contract Tower,0,136,51,0,187,0,101,43,0,144,0,237,94,0,331,12,0,12,343
08/23/2013,HYA,MA,ANE,EN,Federal Contract Tower,0,73,35,0,108,0,205,117,0,322,0,278,152,0,430,12,0,12,442
08/24/2013,HYA,MA,ANE,EN,Federal Contract Tower,0,29,39,0,68,0,169,97,0,266,0,198,136,0,334,36,0,36,370
08/25/2013,HYA,MA,ANE,EN,Federal Contract Tower,0,25,26,0,51,0,173,90,0,263,0,198,116,0,314,8,0,8,322
08/26/2013,HYA,MA,ANE,EN,Federal Contract Tower,0,21,5,0,26,0,179,58,0,237,0,200,63,0,263,2,0,2,265
08/27/2013,HYA,MA,ANE,EN,Federal Contract Tower,0,143,30,0,173,0,7,0,0,7,0,150,30,0,180,0,0,0,180
08/28/2013,HYA,MA,ANE,EN,Federal Contract Tower,0,165,47,0,212,0,0,0,0,0,0,165,47,0,212,0,0,0,212
08/29/2013,HYA,MA,ANE,EN,Federal Contract Tower,0,152,45,0,197,0,29,19,0,48,0,181,64,0,245,0,0,0,245
08/30/2013,HYA,MA,ANE,EN,Federal Contract Tower,0,97,75,0,172,0,176,89,0,265,0,273,164,0,437,22,0,22,459
08/31/2013,HYA,MA,ANE,EN,Federal Contract Tower,0,119,61,0,180,0,23,9,0,32,0,142,70,0,212,0,0,0,212
09/01/2013,HYA,MA,ANE,EN,Federal Contract Tower,0,94,32,0,126,0,59,17,0,76,0,153,49,0,202,0,0,0,202
09/02/2013,HYA,MA,ANE,EN,Federal Contract Tower,0,120,29,0,149,0,33,15,0,48,0,153,44,0,197,0,0,0,197
09/03/2013,HYA,MA,ANE,EN,Federal Contract Tower,0,120,30,0,150,0,5,2,0,7,0,125,32,0,157,0,0,0,157
09/04/2013,HYA,MA,ANE,EN,Federal Contract Tower,0,11,21,0,32,0,222,92,0,314,0,233,113,0,346,46,0,46,392
09/05/2013,HYA,MA,ANE,EN,Federal Contract Tower,0,47,27,0,74,0,189,57,0,246,0,236,84,0,320,62,0,62,382
09/06/2013,HYA,MA,ANE,EN,Federal Contract Tower,0,25,16,0,41,0,199,90,0,289,0,224,106,0,330,72,0,72,402
09/07/2013,HYA,MA,ANE,EN,Federal Contract Tower,0,10,5,0,15,0,148,79,0,227,0,158,84,0,242,8,0,8,250
09/08/2013,HYA,MA,ANE,EN,Federal Contract Tower,0,17,13,0,30,0,171,76,0,247,0,188,89,0,277,0,0,0,277
09/09/2013,HYA,MA,ANE,EN,Federal Contract Tower,0,11,11,0,22,0,179,81,0,260,0,190,92,0,282,0,0,0,282
09/10/2013,HYA,MA,ANE,EN,Federal Contract Tower,0,18,11,0,29,0,160,45,0,205,0,178,56,0,234,18,0,18,252
09/11/2013,HYA,MA,ANE,EN,Federal Contract Tower,0,37,22,0,59,0,168,62,0,230,0,205,84,0,289,28,4,32,321
09/12/2013,HYA,MA,ANE,EN,Federal Contract Tower,0,100,28,0,128,0,145,50,0,195,0,245,78,0,323,52,0,52,375
09/13/2013,HYA,MA,ANE,EN,Federal Contract Tower,0,124,56,0,180,0,80,29,0,109,0,204,85,0,289,0,0,0,289
09/14/2013,HYA,MA,ANE,EN,Federal Contract Tower,0,12,8,0,20,0,152,73,0,225,0,164,81,0,245,30,0,30,275
09/15/2013,HYA,MA,ANE,EN,Federal Contract Tower,0,18,14,0,32,0,179,80,0,259,0,197,94,0,291,30,0,30,321
09/16/2013,HYA,MA,ANE,EN,Federal Contract Tower,0,14,12,0,26,0,177,59,0,236,0,191,71,0,262,20,0,20,282
09/17/2013,HYA,MA,ANE,EN,Federal Contract Tower,0,17,11,0,28,0,157,72,0,229,0,174,83,0,257,28,0,28,285
09/18/2013,HYA,MA,ANE,EN,Federal Contract Tower,0,17,16,2,35,0,204,108,0,312,0,221,124,2,347,30,4,34,381
09/19/2013,HYA,MA,ANE,EN,Federal Contract Tower,0,33,29,0,62,0,192,79,0,271,0,225,108,0,333,76,0,76,409
09/20/2013,HYA,MA,ANE,EN,Federal Contract Tower,0,24,21,0,45,0,211,110,0,321,0,235,131,0,366,18,0,18,384
09/21/2013,HYA,MA,ANE,EN,Federal Contract Tower,0,15,18,0,33,0,144,78,0,222,0,159,96,0,255,2,0,2,257
09/22/2013,HYA,MA,ANE,EN,Federal Contract Tower,0,92,19,0,111,0,80,27,0,107,0,172,46,0,218,8,0,8,226
09/23/2013,HYA,MA,ANE,EN,Federal Contract Tower,0,12,12,0,24,0,0,0,0,0,0,12,12,0,24,0,0,0,24
09/24/2013,HYA,MA,ANE,EN,Federal Contract Tower,0,13,7,0,20,0,176,73,0,249,0,189,80,0,269,54,0,54,323
09/25/2013,HYA,MA,ANE,EN,Federal Contract Tower,0,18,21,0,39,0,205,85,14,304,0,223,106,14,343,97,10,107,450
09/26/2013,HYA,MA,ANE,EN,Federal Contract Tower,0,34,30,0,64,0,193,84,2,279,0,227,114,2,343,54,2,56,399
09/27/2013,HYA,MA,ANE,EN,Federal Contract Tower,0,42,32,0,74,0,208,73,20,301,0,250,105,20,375,40,10,50,425
09/28/2013,HYA,MA,ANE,EN,Federal Contract Tower,0,12,11,0,23,0,152,69,7,228,0,164,80,7,251,6,0,6,257
09/29/2013,HYA,MA,ANE,EN,Federal Contract Tower,0,50,22,0,72,0,141,64,0,205,0,191,86,0,277,16,0,16,293
09/30/2013,HYA,MA,ANE,EN,Federal Contract Tower,0,11,20,1,32,0,156,59,0,215,0,167,79,1,247,6,18,24,271
10/01/2013,HYA,MA,ANE,EN,Federal Contract Tower,0,14,8,0,22,0,181,70,0,251,0,195,78,0,273,70,0,70,343
10/02/2013,HYA,MA,ANE,EN,Federal Contract Tower,0,31,10,0,41,0,221,80,0,301,0,252,90,0,342,92,0,92,434
10/03/2013,HYA,MA,ANE,EN,Federal Contract Tower,0,17,25,0,42,0,216,68,0,284,0,233,93,0,326,62,0,62,388
10/04/2013,HYA,MA,ANE,EN,Federal Contract Tower,0,22,25,0,47,0,204,67,0,271,0,226,92,0,318,56,0,56,374
10/05/2013,HYA,MA,ANE,EN,Federal Contract Tower,0,56,15,0,71,0,122,50,0,172,0,178,65,0,243,0,0,0,243
10/06/2013,HYA,MA,ANE,EN,Federal Contract Tower,0,45,27,3,75,0,134,45,0,179,0,179,72,3,254,48,0,48,302
10/07/2013,HYA,MA,ANE,EN,Federal Contract Tower,0,87,17,0,104,0,108,32,0,140,0,195,49,0,244,18,0,18,262
10/08/2013,HYA,MA,ANE,EN,Federal Contract Tower,0,24,14,0,38,0,227,58,0,285,0,251,72,0,323,70,0,70,393
10/09/2013,HYA,MA,ANE,EN,Federal Contract Tower,0,16,16,0,32,0,190,65,0,255,0,206,81,0,287,48,0,48,335
10/10/2013,HYA,MA,ANE,EN,Federal Contract Tower,0,41,19,0,60,0,189,73,0,262,0,230,92,0,322,30,0,30,352
10/11/2013,HYA,MA,ANE,EN,Federal Contract Tower,0,51,17,0,68,0,216,65,0,281,0,267,82,0,349,8,4,12,361
10/12/2013,HYA,MA,ANE,EN,Federal Contract Tower,0,62,15,0,77,0,139,46,0,185,0,201,61,0,262,44,0,44,306
10/13/2013,HYA,MA,ANE,EN,Federal Contract Tower,0,14,22,0,36,0,150,48,0,198,0,164,70,0,234,2,0,2,236
10/14/2013,HYA,MA,ANE,EN,Federal Contract Tower,0,14,12,0,26,0,202,58,0,260,0,216,70,0,286,18,0,18,304
10/15/2013,HYA,MA,ANE,EN,Federal Contract Tower,0,23,14,0,37,0,210,59,0,269,0,233,73,0,306,38,0,38,344
10/16/2013,HYA,MA,ANE,EN,Federal Contract Tower,0,171,48,0,219,0,0,0,0,0,0,171,48,0,219,0,0,0,219
10/17/2013,HYA,MA,ANE,EN,Federal Contract Tower,0,38,20,1,59,0,173,62,0,235,0,211,82,1,294,48,0,48,342
10/18/2013,HYA,MA,ANE,EN,Federal Contract Tower,0,55,20,0,75,0,159,76,0,235,0,214,96,0,310,36,0,36,346
10/19/2013,HYA,MA,ANE,EN,Federal Contract Tower,0,6,16,0,22,0,158,63,0,221,0,164,79,0,243,52,0,52,295
10/20/2013,HYA,MA,ANE,EN,Federal Contract Tower,0,14,16,0,30,0,153,56,0,209,0,167,72,0,239,40,0,40,279
10/21/2013,HYA,MA,ANE,EN,Federal Contract Tower,0,14,10,0,24,0,167,57,0,224,0,181,67,0,248,22,0,22,270
10/22/2013,HYA,MA,ANE,EN,Federal Contract Tower,0,9,8,0,17,0,203,51,0,254,0,212,59,0,271,48,0,48,319
10/23/2013,HYA,MA,ANE,EN,Federal Contract Tower,0,25,26,0,51,0,186,49,0,235,0,211,75,0,286,52,0,52,338
10/24/2013,HYA,MA,ANE,EN,Federal Contract Tower,0,20,12,2,34,0,196,58,0,254,0,216,70,2,288,54,0,54,342
10/25/2013,HYA,MA,ANE,EN,Federal Contract Tower,0,10,18,0,28,0,211,83,0,294,0,221,101,0,322,42,0,42,364
10/26/2013,HYA,MA,ANE,EN,Federal Contract Tower,0,6,9,0,15,0,163,60,0,223,0,169,69,0,238,10,0,10,248
10/27/2013,HYA,MA,ANE,EN,Federal Contract Tower,0,14,14,0,28,0,145,53,0,198,0,159,67,0,226,26,0,26,252
10/28/2013,HYA,MA,ANE,EN,Federal Contract Tower,0,10,2,0,12,0,185,48,0,233,0,195,50,0,245,18,0,18,263
10/29/2013,HYA,MA,ANE,EN,Federal Contract Tower,0,16,6,0,22,0,199,64,0,263,0,215,70,0,285,36,0,36,321
10/30/2013,HYA,MA,ANE,EN,Federal Contract Tower,0,26,22,0,48,0,198,60,0,258,0,224,82,0,306,60,0,60,366
10/31/2013,HYA,MA,ANE,EN,Federal Contract Tower,0,31,8,0,39,0,181,56,0,237,0,212,64,0,276,44,0,44,320
11/01/2013,HYA,MA,ANE,EN,Federal Contract Tower,0,63,12,0,75,0,88,20,0,108,0,151,32,0,183,0,0,0,183
11/02/2013,HYA,MA,ANE,EN,Federal Contract Tower,0,27,13,0,40,0,119,54,0,173,0,146,67,0,213,8,0,8,221
11/03/2013,HYA,MA,ANE,EN,Federal Contract Tower,0,64,11,0,75,0,93,32,0,125,0,157,43,0,200,8,0,8,208
11/04/2013,HYA,MA,ANE,EN,Federal Contract Tower,0,15,6,0,21,0,186,74,0,260,0,201,80,0,281,24,0,24,305
11/05/2013,HYA,MA,ANE,EN,Federal Contract Tower,0,18,8,0,26,0,182,55,0,237,0,200,63,0,263,29,0,29,292
11/06/2013,HYA,MA,ANE,EN,Federal Contract Tower,0,20,11,0,31,0,194,67,0,261,0,214,78,0,292,64,0,64,356
11/07/2013,HYA,MA,ANE,EN,Federal Contract Tower,0,112,29,1,142,0,32,16,0,48,0,144,45,1,190,0,0,0,190
11/08/2013,HYA,MA,ANE,EN,Federal Contract Tower,0,17,13,0,30,0,200,79,0,279,0,217,92,0,309,52,0,52,361
11/09/2013,HYA,MA,ANE,EN,Federal Contract Tower,0,7,12,0,19,0,151,79,0,230,0,158,91,0,249,18,0,18,267
11/10/2013,HYA,MA,ANE,EN,Federal Contract Tower,0,9,2,0,11,0,119,59,0,178,0,128,61,0,189,14,0,14,203
11/11/2013,HYA,MA,ANE,EN,Federal Contract Tower,0,22,3,0,25,0,161,58,0,219,0,183,61,0,244,32,0,32,276
11/12/2013,HYA,MA,ANE,EN,Federal Contract Tower,0,36,6,0,42,0,112,25,0,137,0,148,31,0,179,10,0,10,189
11/13/2013,HYA,MA,ANE,EN,Federal Contract Tower,0,8,15,0,23,0,214,74,0,288,0,222,89,0,311,108,0,108,419
11/14/2013,HYA,MA,ANE,EN,Federal Contract Tower,0,16,10,0,26,0,188,61,0,249,0,204,71,0,275,68,0,68,343
11/15/2013,HYA,MA,ANE,EN,Federal Contract Tower,0,16,11,0,27,0,193,87,0,280,0,209,98,0,307,44,0,44,351
11/16/2013,HYA,MA,ANE,EN,Federal Contract Tower,0,5,5,0,10,0,174,63,0,237,0,179,68,0,247,50,0,50,297
11/17/2013,HYA,MA,ANE,EN,Federal Contract Tower,0,39,17,0,56,0,56,29,0,85,0,95,46,0,141,26,0,26,167
11/18/2013,HYA,MA,ANE,EN,Federal Contract Tower,0,39,15,0,54,0,113,36,1,150,0,152,51,1,204,12,0,12,216
11/19/2013,HYA,MA,ANE,EN,Federal Contract Tower,0,13,5,0,18,0,204,49,0,253,0,217,54,0,271,74,0,74,345
11/20/2013,HYA,MA,ANE,EN,Federal Contract Tower,0,11,11,0,22,0,209,48,0,257,0,220,59,0,279,50,0,50,329
11/21/2013,HYA,MA,ANE,EN,Federal Contract Tower,0,13,10,0,23,0,179,63,0,242,0,192,73,0,265,70,0,70,335
11/22/2013,HYA,MA,ANE,EN,Federal Contract Tower,0,113,30,0,143,0,74,15,0,89,0,187,45,0,232,0,0,0,232
11/23/2013,HYA,MA,ANE,EN,Federal Contract Tower,0,9,13,0,22,0,137,59,0,196,0,146,72,0,218,34,0,34,252
11/24/2013,HYA,MA,ANE,EN,Federal Contract Tower,0,11,3,0,14,0,136,26,0,162,0,147,29,0,176,12,0,12,188
11/25/2013,HYA,MA,ANE,EN,Federal Contract Tower,0,16,4,0,20,0,190,50,0,240,0,206,54,0,260,22,0,22,282
11/26/2013,HYA,MA,ANE,EN,Federal Contract Tower,0,36,11,0,47,0,210,71,0,281,0,246,82,0,328,16,0,16,344
11/27/2013,HYA,MA,ANE,EN,Federal Contract Tower,0,66,25,0,91,0,0,0,0,0,0,66,25,0,91,0,0,0,91
11/28/2013,HYA,MA,ANE,EN,Federal Contract Tower,0,39,2,0,41,0,133,31,0,164,0,172,33,0,205,0,0,0,205
11/29/2013,HYA,MA,ANE,EN,Federal Contract Tower,0,60,4,0,64,0,161,65,0,226,0,221,69,0,290,38,0,38,328
11/30/2013,HYA,MA,ANE,EN,Federal Contract Tower,0,35,17,0,52,0,153,61,0,214,0,188,78,0,266,50,0,50,316
12/01/2013,HYA,MA,ANE,EN,Federal Contract Tower,0,48,20,0,68,0,114,51,0,165,0,162,71,0,233,22,0,22,255
12/02/2013,HYA,MA,ANE,EN,Federal Contract Tower,0,118,25,0,143,0,0,0,0,0,0,118,25,0,143,0,0,0,143
12/03/2013,HYA,MA,ANE,EN,Federal Contract Tower,0,103,26,0,129,0,36,8,0,44,0,139,34,0,173,18,0,18,191
12/04/2013,HYA,MA,ANE,EN,Federal Contract Tower,0,11,12,0,23,0,214,67,0,281,0,225,79,0,304,40,0,40,344
12/05/2013,HYA,MA,ANE,EN,Federal Contract Tower,0,62,26,0,88,0,123,36,0,159,0,185,62,0,247,16,0,16,263
12/06/2013,HYA,MA,ANE,EN,Federal Contract Tower,0,130,32,0,162,0,62,16,0,78,0,192,48,0,240,8,0,8,248
12/07/2013,HYA,MA,ANE,EN,Federal Contract Tower,0,53,13,0,66,0,129,43,0,172,0,182,56,0,238,16,0,16,254
12/08/2013,HYA,MA,ANE,EN,Federal Contract Tower,0,15,9,0,24,0,199,63,0,262,0,214,72,0,286,14,0,14,300
12/09/2013,HYA,MA,ANE,EN,Federal Contract Tower,0,98,18,0,116,0,0,0,0,0,0,98,18,0,116,0,0,0,116
12/10/2013,HYA,MA,ANE,EN,Federal Contract Tower,0,44,8,0,52,0,46,18,0,64,0,90,26,0,116,0,0,0,116
12/11/2013,HYA,MA,ANE,EN,Federal Contract Tower,0,9,11,0,20,0,194,62,0,256,0,203,73,0,276,10,0,10,286
12/12/2013,HYA,MA,ANE,EN,Federal Contract Tower,0,8,9,0,17,0,185,69,0,254,0,193,78,0,271,30,0,30,301
12/13/2013,HYA,MA,ANE,EN,Federal Contract Tower,0,12,12,0,24,0,180,66,0,246,0,192,78,0,270,18,0,18,288
12/14/2013,HYA,MA,ANE,EN,Federal Contract Tower,0,32,21,0,53,0,63,21,0,84,0,95,42,0,137,0,0,0,137
12/15/2013,HYA,MA,ANE,EN,Federal Contract Tower,0,51,33,0,84,0,23,2,0,25,0,74,35,0,109,0,0,0,109
12/16/2013,HYA,MA,ANE,EN,Federal Contract Tower,0,12,2,1,15,0,168,56,0,224,0,180,58,1,239,12,0,12,251
12/17/2013,HYA,MA,ANE,EN,Federal Contract Tower,0,28,1,0,29,0,81,21,0,102,0,109,22,0,131,0,0,0,131
12/18/2013,HYA,MA,ANE,EN,Federal Contract Tower,0,29,18,0,47,0,133,49,0,182,0,162,67,0,229,54,0,54,283
12/19/2013,HYA,MA,ANE,EN,Federal Contract Tower,0,6,6,2,14,0,168,54,0,222,0,174,60,2,236,54,0,54,290
12/20/2013,HYA,MA,ANE,EN,Federal Contract Tower,0,13,11,0,24,0,201,79,1,281,0,214,90,1,305,38,0,38,343
12/21/2013,HYA,MA,ANE,EN,Federal Contract Tower,0,11,5,0,16,0,137,50,0,187,0,148,55,0,203,30,0,30,233
12/22/2013,HYA,MA,ANE,EN,Federal Contract Tower,0,35,12,0,47,0,0,0,0,0,0,35,12,0,47,0,0,0,47
12/23/2013,HYA,MA,ANE,EN,Federal Contract Tower,0,72,16,0,88,0,0,0,0,0,0,72,16,0,88,0,0,0,88
12/24/2013,HYA,MA,ANE,EN,Federal Contract Tower,0,19,1,0,20,0,135,40,0,175,0,154,41,0,195,0,0,0,195
12/25/2013,HYA,MA,ANE,EN,Federal Contract Tower,0,15,0,0,15,0,89,16,0,105,0,104,16,0,120,0,0,0,120
12/26/2013,HYA,MA,ANE,EN,Federal Contract Tower,0,53,16,0,69,0,132,42,0,174,0,185,58,0,243,16,0,16,259
12/27/2013,HYA,MA,ANE,EN,Federal Contract Tower,0,17,24,0,41,0,151,60,0,211,0,168,84,0,252,8,0,8,260
12/28/2013,HYA,MA,ANE,EN,Federal Contract Tower,0,12,10,0,22,0,125,51,0,176,0,137,61,0,198,26,0,26,224
12/29/2013,HYA,MA,ANE,EN,Federal Contract Tower,0,23,5,0,28,0,0,0,0,0,0,23,5,0,28,22,0,22,50
12/30/2013,HYA,MA,ANE,EN,Federal Contract Tower,0,6,2,0,8,0,150,50,0,200,0,156,52,0,208,32,0,32,240
12/31/2013,HYA,MA,ANE,EN,Federal Contract Tower,0,33,5,0,38,0,121,34,0,155,0,154,39,0,193,30,0,30,223
01/01/2014,HYA,MA,ANE,EN,Federal Contract Tower,0,7,9,0,16,0,131,34,0,165,0,138,43,0,181,42,0,42,223
01/02/2014,HYA,MA,ANE,EN,Federal Contract Tower,0,23,3,0,26,0,6,4,0,10,0,29,7,0,36,0,0,0,36
01/03/2014,HYA,MA,ANE,EN,Federal Contract Tower,0,0,0,0,0,0,0,0,0,0,0,0,0,0,0,0,0,0,0
01/04/2014,HYA,MA,ANE,EN,Federal Contract Tower,0,0,2,0,2,0,25,7,0,32,0,25,9,0,34,0,0,0,34
01/05/2014,HYA,MA,ANE,EN,Federal Contract Tower,0,6,13,0,19,0,134,33,0,167,0,140,46,0,186,28,0,28,214
01/06/2014,HYA,MA,ANE,EN,Federal Contract Tower,0,16,4,0,20,0,8,3,0,11,0,24,7,0,31,0,0,0,31
01/07/2014,HYA,MA,ANE,EN,Federal Contract Tower,0,6,1,0,7,0,146,30,0,176,0,152,31,0,183,6,2,8,191
01/08/2014,HYA,MA,ANE,EN,Federal Contract Tower,0,14,13,0,27,0,199,53,0,252,0,213,66,0,279,52,0,52,331
01/09/2014,HYA,MA,ANE,EN,Federal Contract Tower,0,35,4,0,39,0,192,51,0,243,0,227,55,0,282,88,0,88,370
01/10/2014,HYA,MA,ANE,EN,Federal Contract Tower,0,49,12,0,61,0,98,25,0,123,0,147,37,0,184,14,0,14,198
01/11/2014,HYA,MA,ANE,EN,Federal Contract Tower,0,33,7,0,40,0,54,16,0,70,0,87,23,0,110,10,0,10,120
01/12/2014,HYA,MA,ANE,EN,Federal Contract Tower,0,19,8,0,27,0,119,41,0,160,0,138,49,0,187,2,0,2,189
01/13/2014,HYA,MA,ANE,EN,Federal Contract Tower,0,7,9,0,16,0,130,59,0,189,0,137,68,0,205,36,0,36,241
01/14/2014,HYA,MA,ANE,EN,Federal Contract Tower,0,51,1,0,52,0,39,12,0,51,0,90,13,0,103,0,0,0,103
01/15/2014,HYA,MA,ANE,EN,Federal Contract Tower,0,28,9,0,37,0,162,60,0,222,0,190,69,0,259,58,0,58,317
01/16/2014,HYA,MA,ANE,EN,Federal Contract Tower,0,79,27,0,106,0,0,0,0,0,0,79,27,0,106,0,0,0,106
01/17/2014,HYA,MA,ANE,EN,Federal Contract Tower,0,41,24,0,65,0,147,51,0,198,0,188,75,0,263,50,0,50,313
01/18/2014,HYA,MA,ANE,EN,Federal Contract Tower,0,37,10,0,47,0,81,26,0,107,0,118,36,0,154,64,0,64,218
01/19/2014,HYA,MA,ANE,EN,Federal Contract Tower,0,25,10,0,35,0,90,25,0,115,0,115,35,0,150,16,0,16,166
01/20/2014,HYA,MA,ANE,EN,Federal Contract Tower,0,26,9,0,35,0,147,53,0,200,0,173,62,0,235,34,0,34,269
01/21/2014,HYA,MA,ANE,EN,Federal Contract Tower,0,16,5,0,21,0,78,29,0,107,0,94,34,0,128,4,0,4,132
01/22/2014,HYA,MA,ANE,EN,Federal Contract Tower,0,0,0,0,0,0,0,0,0,0,0,0,0,0,0,0,0,0,0
01/23/2014,HYA,MA,ANE,EN,Federal Contract Tower,0,13,3,0,16,0,144,54,0,198,0,157,57,0,214,40,0,40,254
01/24/2014,HYA,MA,ANE,EN,Federal Contract Tower,0,12,8,0,20,0,171,62,0,233,0,183,70,0,253,30,0,30,283
01/25/2014,HYA,MA,ANE,EN,Federal Contract Tower,0,10,6,0,16,0,122,35,0,157,0,132,41,0,173,2,0,2,175
01/26/2014,HYA,MA,ANE,EN,Federal Contract Tower,0,7,10,0,17,0,118,42,0,160,0,125,52,0,177,8,0,8,185
01/27/2014,HYA,MA,ANE,EN,Federal Contract Tower,0,10,1,0,11,0,155,42,0,197,0,165,43,0,208,20,0,20,228
01/28/2014,HYA,MA,ANE,EN,Federal Contract Tower,0,4,2,0,6,0,186,40,0,226,0,190,42,0,232,52,0,52,284
01/29/2014,HYA,MA,ANE,EN,Federal Contract Tower,0,2,5,0,7,0,81,24,0,105,0,83,29,0,112,32,0,32,144
01/30/2014,HYA,MA,ANE,EN,Federal Contract Tower,0,7,16,0,23,0,179,76,0,255,0,186,92,0,278,58,4,62,340
01/31/2014,HYA,MA,ANE,EN,Federal Contract Tower,0,34,11,0,45,0,153,57,0,210,0,187,68,0,255,40,0,40,295
02/01/2014,HYA,MA,ANE,EN,Federal Contract Tower,0,2,3,0,5,0,110,56,0,166,0,112,59,0,171,38,0,38,209
02/02/2014,HYA,MA,ANE,EN,Federal Contract Tower,0,29,12,0,41,0,67,28,0,95,0,96,40,0,136,18,0,18,154
02/03/2014,HYA,MA,ANE,EN,Federal Contract Tower,0,32,7,0,39,0,21,12,0,33,0,53,19,0,72,0,0,0,72
02/04/2014,HYA,MA,ANE,EN,Federal Contract Tower,0,10,2,0,12,0,188,35,0,223,0,198,37,0,235,62,0,62,297
02/05/2014,HYA,MA,ANE,EN,Federal Contract Tower,0,0,11,0,11,0,0,0,0,0,0,0,11,0,11,0,0,0,11
02/06/2014,HYA,MA,ANE,EN,Federal Contract Tower,0,28,5,0,33,0,164,46,0,210,0,192,51,0,243,68,0,68,311
02/07/2014,HYA,MA,ANE,EN,Federal Contract Tower,0,16,8,0,24,0,182,61,0,243,0,198,69,0,267,84,0,84,351
02/08/2014,HYA,MA,ANE,EN,Federal Contract Tower,0,6,6,0,12,0,154,66,0,220,0,160,72,0,232,32,2,34,266
02/09/2014,HYA,MA,ANE,EN,Federal Contract Tower,0,43,6,0,49,0,91,27,0,118,0,134,33,0,167,0,30,30,197
02/10/2014,HYA,MA,ANE,EN,Federal Contract Tower,0,24,2,0,26,0,138,39,0,177,0,162,41,0,203,32,0,32,235
02/11/2014,HYA,MA,ANE,EN,Federal Contract Tower,0,7,9,0,16,0,193,44,0,237,0,200,53,0,253,54,0,54,307
02/12/2014,HYA,MA,ANE,EN,Federal Contract Tower,0,8,9,0,17,0,192,55,0,247,0,200,64,0,264,54,0,54,318
02/13/2014,HYA,MA,ANE,EN,Federal Contract Tower,0,21,15,0,36,0,15,5,0,20,0,36,20,0,56,0,0,0,56
02/14/2014,HYA,MA,ANE,EN,Federal Contract Tower,0,43,18,0,61,0,140,41,0,181,0,183,59,0,242,14,0,14,256
02/15/2014,HYA,MA,ANE,EN,Federal Contract Tower,0,25,15,0,40,0,74,15,0,89,0,99,30,0,129,32,0,32,161
02/16/2014,HYA,MA,ANE,EN,Federal Contract Tower,0,3,0,0,3,0,11,7,0,18,0,14,7,0,21,6,0,6,27
02/17/2014,HYA,MA,ANE,EN,Federal Contract Tower,0,9,0,0,9,0,111,18,0,129,0,120,18,0,138,16,0,16,154
02/18/2014,HYA,MA,ANE,EN,Federal Contract Tower,0,32,5,0,37,0,66,17,0,83,0,98,22,0,120,0,0,0,120
02/19/2014,HYA,MA,ANE,EN,Federal Contract Tower,0,74,18,0,92,0,87,29,0,116,0,161,47,0,208,16,0,16,224
02/20/2014,HYA,MA,ANE,EN,Federal Contract Tower,0,2,16,0,18,0,168,79,0,247,0,170,95,0,265,44,0,44,309
02/21/2014,HYA,MA,ANE,EN,Federal Contract Tower,0,37,23,0,60,0,0,0,0,0,0,37,23,0,60,0,0,0,60
02/22/2014,HYA,MA,ANE,EN,Federal Contract Tower,0,9,8,0,17,0,135,97,0,232,0,144,105,0,249,52,0,52,301
02/23/2014,HYA,MA,ANE,EN,Federal Contract Tower,0,8,4,0,12,0,103,62,0,165,0,111,66,0,177,16,0,16,193
02/24/2014,HYA,MA,ANE,EN,Federal Contract Tower,0,11,4,0,15,0,134,53,0,187,0,145,57,0,202,14,0,14,216
02/25/2014,HYA,MA,ANE,EN,Federal Contract Tower,0,3,4,0,7,0,172,53,0,225,0,175,57,0,232,22,0,22,254
02/26/2014,HYA,MA,ANE,EN,Federal Contract Tower,0,22,6,0,28,0,183,42,0,225,0,205,48,0,253,52,0,52,305
02/27/2014,HYA,MA,ANE,EN,Federal Contract Tower,0,41,13,0,54,0,131,50,0,181,0,172,63,0,235,20,0,20,255
02/28/2014,HYA,MA,ANE,EN,Federal Contract Tower,0,4,10,0,14,0,177,64,0,241,0,181,74,0,255,42,0,42,297
03/01/2014,HYA,MA,ANE,EN,Federal Contract Tower,0,7,9,0,16,0,131,65,0,196,0,138,74,0,212,66,0,66,278
03/02/2014,HYA,MA,ANE,EN,Federal Contract Tower,0,19,13,0,32,0,113,39,0,152,0,132,52,0,184,38,0,38,222
03/03/2014,HYA,MA,ANE,EN,Federal Contract Tower,0,5,7,0,12,0,89,22,0,111,0,94,29,0,123,26,0,26,149
03/04/2014,HYA,MA,ANE,EN,Federal Contract Tower,0,8,10,0,18,0,190,53,0,243,0,198,63,0,261,58,0,58,319
03/05/2014,HYA,MA,ANE,EN,Federal Contract Tower,0,57,19,0,76,0,149,47,0,196,0,206,66,0,272,50,0,50,322
03/06/2014,HYA,MA,ANE,EN,Federal Contract Tower,0,30,11,0,41,0,176,63,0,239,0,206,74,0,280,70,0,70,350
03/07/2014,HYA,MA,ANE,EN,Federal Contract Tower,0,16,16,0,32,0,179,66,0,245,0,195,82,0,277,42,0,42,319
03/08/2014,HYA,MA,ANE,EN,Federal Contract Tower,0,33,9,0,42,0,85,69,0,154,0,118,78,0,196,52,0,52,248
03/09/2014,HYA,MA,ANE,EN,Federal Contract Tower,0,6,9,0,15,0,120,53,0,173,0,126,62,0,188,68,0,68,256
03/10/2014,HYA,MA,ANE,EN,Federal Contract Tower,0,61,11,0,72,0,74,14,0,88,0,135,25,0,160,12,0,12,172
03/11/2014,HYA,MA,ANE,EN,Federal Contract Tower,0,16,2,0,18,0,183,58,0,241,0,199,60,0,259,38,0,38,297
03/12/2014,HYA,MA,ANE,EN,Federal Contract Tower,0,54,11,0,65,0,156,40,0,196,0,210,51,0,261,18,0,18,279
03/13/2014,HYA,MA,ANE,EN,Federal Contract Tower,0,56,24,0,80,0,30,15,0,45,0,86,39,0,125,32,0,32,157
03/14/2014,HYA,MA,ANE,EN,Federal Contract Tower,0,6,16,0,22,0,191,56,0,247,0,197,72,0,269,44,0,44,313
03/15/2014,HYA,MA,ANE,EN,Federal Contract Tower,0,10,2,0,12,0,132,42,0,174,0,142,44,0,186,46,0,46,232
03/16/2014,HYA,MA,ANE,EN,Federal Contract Tower,0,6,6,0,12,0,113,54,0,167,0,119,60,0,179,8,0,8,187
03/17/2014,HYA,MA,ANE,EN,Federal Contract Tower,0,11,3,0,14,0,135,50,2,187,0,146,53,2,201,24,6,30,231
03/18/2014,HYA,MA,ANE,EN,Federal Contract Tower,0,5,3,0,8,0,190,48,0,238,0,195,51,0,246,64,0,64,310
03/19/2014,HYA,MA,ANE,EN,Federal Contract Tower,0,17,12,0,29,0,199,58,0,257,0,216,70,0,286,108,0,108,394
03/20/2014,HYA,MA,ANE,EN,Federal Contract Tower,0,85,18,0,103,0,110,40,0,150,0,195,58,0,253,76,0,76,329
03/21/2014,HYA,MA,ANE,EN,Federal Contract Tower,0,4,8,0,12,0,202,71,0,273,0,206,79,0,285,92,0,92,377
03/22/2014,HYA,MA,ANE,EN,Federal Contract Tower,0,13,6,0,19,0,142,39,0,181,0,155,45,0,200,54,0,54,254
03/23/2014,HYA,MA,ANE,EN,Federal Contract Tower,0,13,3,0,16,0,133,53,0,186,0,146,56,0,202,22,0,22,224
03/24/2014,HYA,MA,ANE,EN,Federal Contract Tower,0,8,2,0,10,0,172,44,0,216,0,180,46,0,226,12,0,12,238
03/25/2014,HYA,MA,ANE,EN,Federal Contract Tower,0,11,9,0,20,0,187,50,0,237,0,198,59,0,257,76,0,76,333
03/26/2014,HYA,MA,ANE,EN,Federal Contract Tower,0,0,0,0,0,0,0,0,0,0,0,0,0,0,0,0,0,0,0
03/27/2014,HYA,MA,ANE,EN,Federal Contract Tower,0,8,23,0,31,0,178,60,0,238,0,186,83,0,269,62,0,62,331
03/28/2014,HYA,MA,ANE,EN,Federal Contract Tower,0,16,17,0,33,0,198,66,0,264,0,214,83,0,297,22,0,22,319
03/29/2014,HYA,MA,ANE,EN,Federal Contract Tower,0,43,11,0,54,0,81,20,0,101,0,124,31,0,155,16,0,16,171
03/30/2014,HYA,MA,ANE,EN,Federal Contract Tower,0,28,14,0,42,0,0,0,0,0,0,28,14,0,42,0,0,0,42
03/31/2014,HYA,MA,ANE,EN,Federal Contract Tower,0,73,18,0,91,0,4,0,0,4,0,77,18,0,95,6,0,6,101
04/01/2014,HYA,MA,ANE,EN,Federal Contract Tower,0,47,3,1,51,0,145,35,0,180,0,192,38,1,231,54,2,56,287
04/02/2014,HYA,MA,ANE,EN,Federal Contract Tower,0,13,11,0,24,0,188,85,0,273,0,201,96,0,297,86,4,90,387
04/03/2014,HYA,MA,ANE,EN,Federal Contract Tower,0,5,5,0,10,0,186,66,0,252,0,191,71,0,262,70,0,70,332
04/04/2014,HYA,MA,ANE,EN,Federal Contract Tower,0,11,6,0,17,0,197,71,0,268,0,208,77,0,285,44,0,44,329
04/05/2014,HYA,MA,ANE,EN,Federal Contract Tower,0,54,7,0,61,0,82,49,0,131,0,136,56,0,192,6,0,6,198
04/06/2014,HYA,MA,ANE,EN,Federal Contract Tower,0,9,10,0,19,0,129,64,0,193,0,138,74,0,212,6,0,6,218
04/07/2014,HYA,MA,ANE,EN,Federal Contract Tower,0,3,1,0,4,0,154,66,0,220,0,157,67,0,224,6,0,6,230
04/08/2014,HYA,MA,ANE,EN,Federal Contract Tower,0,28,11,0,39,0,0,0,0,0,0,28,11,0,39,0,0,0,39
04/09/2014,HYA,MA,ANE,EN,Federal Contract Tower,0,2,3,0,5,0,188,77,0,265,0,190,80,0,270,26,2,28,298
04/10/2014,HYA,MA,ANE,EN,Federal Contract Tower,0,6,2,0,8,0,170,66,0,236,0,176,68,0,244,42,4,46,290
04/11/2014,HYA,MA,ANE,EN,Federal Contract Tower,0,12,7,0,19,0,190,62,0,252,0,202,69,0,271,48,0,48,319
04/12/2014,HYA,MA,ANE,EN,Federal Contract Tower,0,3,1,0,4,0,129,59,0,188,0,132,60,0,192,28,0,28,220
04/13/2014,HYA,MA,ANE,EN,Federal Contract Tower,0,5,5,0,10,0,104,51,0,155,0,109,56,0,165,6,0,6,171
04/14/2014,HYA,MA,ANE,EN,Federal Contract Tower,0,26,3,0,29,0,130,47,0,177,0,156,50,0,206,8,0,8,214
04/15/2014,HYA,MA,ANE,EN,Federal Contract Tower,0,38,8,0,46,0,93,19,0,112,0,131,27,0,158,6,0,6,164
04/16/2014,HYA,MA,ANE,EN,Federal Contract Tower,0,16,0,1,17,0,166,26,0,192,0,182,26,1,209,22,2,24,233
04/17/2014,HYA,MA,ANE,EN,Federal Contract Tower,0,12,13,0,25,0,157,68,0,225,0,169,81,0,250,28,0,28,278
04/18/2014,HYA,MA,ANE,EN,Federal Contract Tower,0,72,26,0,98,0,156,64,0,220,0,228,90,0,318,12,8,20,338
04/19/2014,HYA,MA,ANE,EN,Federal Contract Tower,0,5,7,0,12,0,129,81,0,210,0,134,88,0,222,24,0,24,246
04/20/2014,HYA,MA,ANE,EN,Federal Contract Tower,0,0,4,0,4,0,112,59,0,171,0,112,63,0,175,2,0,2,177
04/21/2014,HYA,MA,ANE,EN,Federal Contract Tower,0,5,5,0,10,0,150,92,0,242,0,155,97,0,252,26,6,32,284
04/22/2014,HYA,MA,ANE,EN,Federal Contract Tower,0,7,4,0,11,0,200,57,0,257,0,207,61,0,268,24,0,24,292
04/23/2014,HYA,MA,ANE,EN,Federal Contract Tower,0,79,21,0,100,0,81,31,0,112,0,160,52,0,212,0,0,0,212
04/24/2014,HYA,MA,ANE,EN,Federal Contract Tower,0,21,13,0,34,0,207,64,0,271,0,228,77,0,305,18,0,18,323
04/25/2014,HYA,MA,ANE,EN,Federal Contract Tower,0,18,19,0,37,0,191,87,0,278,0,209,106,0,315,30,0,30,345
04/26/2014,HYA,MA,ANE,EN,Federal Contract Tower,0,14,13,0,27,0,128,42,0,170,0,142,55,0,197,6,0,6,203
04/27/2014,HYA,MA,ANE,EN,Federal Contract Tower,0,30,19,0,49,0,137,38,0,175,0,167,57,0,224,0,0,0,224
04/28/2014,HYA,MA,ANE,EN,Federal Contract Tower,0,9,10,0,19,0,165,65,0,230,0,174,75,0,249,4,0,4,253
04/29/2014,HYA,MA,ANE,EN,Federal Contract Tower,0,50,13,0,63,0,194,42,0,236,0,244,55,0,299,20,0,20,319
04/30/2014,HYA,MA,ANE,EN,Federal Contract Tower,0,36,17,0,53,0,194,54,0,248,0,230,71,0,301,16,0,16,317
05/01/2014,HYA,MA,ANE,EN,Federal Contract Tower,0,109,37,0,146,0,0,0,0,0,0,109,37,0,146,0,0,0,146
05/02/2014,HYA,MA,ANE,EN,Federal Contract Tower,0,10,12,0,22,0,180,70,0,250,0,190,82,0,272,34,0,34,306
05/03/2014,HYA,MA,ANE,EN,Federal Contract Tower,0,10,9,0,19,0,155,69,0,224,0,165,78,0,243,22,0,22,265
05/04/2014,HYA,MA,ANE,EN,Federal Contract Tower,0,5,9,0,14,0,154,64,0,218,0,159,73,0,232,2,0,2,234
05/05/2014,HYA,MA,ANE,EN,Federal Contract Tower,0,9,9,0,18,0,166,55,0,221,0,175,64,0,239,14,0,14,253
05/06/2014,HYA,MA,ANE,EN,Federal Contract Tower,0,5,7,0,12,0,205,60,0,265,0,210,67,0,277,46,0,46,323
05/07/2014,HYA,MA,ANE,EN,Federal Contract Tower,0,12,18,0,30,0,191,47,3,241,0,203,65,3,271,28,0,28,299
05/08/2014,HYA,MA,ANE,EN,Federal Contract Tower,0,17,21,0,38,0,201,53,0,254,0,218,74,0,292,38,0,38,330
05/09/2014,HYA,MA,ANE,EN,Federal Contract Tower,0,74,18,0,92,0,105,41,0,146,0,179,59,0,238,16,0,16,254
05/10/2014,HYA,MA,ANE,EN,Federal Contract Tower,0,51,26,3,80,0,101,30,0,131,0,152,56,3,211,16,0,16,227
05/11/2014,HYA,MA,ANE,EN,Federal Contract Tower,0,6,8,0,14,0,109,61,0,170,0,115,69,0,184,0,0,0,184
05/12/2014,HYA,MA,ANE,EN,Federal Contract Tower,0,4,17,0,21,0,196,51,2,249,0,200,68,2,270,32,0,32,302
05/13/2014,HYA,MA,ANE,EN,Federal Contract Tower,0,20,7,0,27,0,183,47,0,230,0,203,54,0,257,10,0,10,267
05/14/2014,HYA,MA,ANE,EN,Federal Contract Tower,0,16,21,0,37,0,215,58,0,273,0,231,79,0,310,22,4,26,336
05/15/2014,HYA,MA,ANE,EN,Federal Contract Tower,0,13,16,0,29,0,188,66,0,254,0,201,82,0,283,30,8,38,321
05/16/2014,HYA,MA,ANE,EN,Federal Contract Tower,0,20,22,0,42,0,176,69,0,245,0,196,91,0,287,18,4,22,309
05/17/2014,HYA,MA,ANE,EN,Federal Contract Tower,0,29,11,0,40,0,70,44,0,114,0,99,55,0,154,14,0,14,168
05/18/2014,HYA,MA,ANE,EN,Federal Contract Tower,0,17,12,0,29,0,123,77,0,200,0,140,89,0,229,0,0,0,229
05/19/2014,HYA,MA,ANE,EN,Federal Contract Tower,0,4,20,0,24,0,154,71,0,225,0,158,91,0,249,4,0,4,253
05/20/2014,HYA,MA,ANE,EN,Federal Contract Tower,0,7,14,0,21,0,198,62,0,260,0,205,76,0,281,34,0,34,315
05/21/2014,HYA,MA,ANE,EN,Federal Contract Tower,0,28,15,0,43,0,203,72,0,275,0,231,87,0,318,22,2,24,342
05/22/2014,HYA,MA,ANE,EN,Federal Contract Tower,0,114,39,0,153,0,152,73,2,227,0,266,112,2,380,18,0,18,398
05/23/2014,HYA,MA,ANE,EN,Federal Contract Tower,0,28,37,0,65,0,217,85,0,302,0,245,122,0,367,18,2,20,387
05/24/2014,HYA,MA,ANE,EN,Federal Contract Tower,0,20,11,0,31,0,156,71,0,227,0,176,82,0,258,0,0,0,258
05/25/2014,HYA,MA,ANE,EN,Federal Contract Tower,0,16,11,0,27,0,117,59,0,176,0,133,70,0,203,2,0,2,205
05/26/2014,HYA,MA,ANE,EN,Federal Contract Tower,0,28,24,0,52,0,210,97,0,307,0,238,121,0,359,0,0,0,359
05/27/2014,HYA,MA,ANE,EN,Federal Contract Tower,0,47,9,0,56,0,146,67,0,213,0,193,76,0,269,4,0,4,273
05/28/2014,HYA,MA,ANE,EN,Federal Contract Tower,0,181,51,4,236,0,32,5,0,37,0,213,56,4,273,10,0,10,283
05/29/2014,HYA,MA,ANE,EN,Federal Contract Tower,0,15,29,0,44,0,177,93,0,270,0,192,122,0,314,56,2,58,372
05/30/2014,HYA,MA,ANE,EN,Federal Contract Tower,0,18,31,0,49,0,203,93,0,296,0,221,124,0,345,22,0,22,367
05/31/2014,HYA,MA,ANE,EN,Federal Contract Tower,0,12,19,0,31,0,144,58,0,202,0,156,77,0,233,16,0,16,249
06/01/2014,HYA,MA,ANE,EN,Federal Contract Tower,0,23,12,0,35,0,139,78,0,217,0,162,90,0,252,0,0,0,252
06/02/2014,HYA,MA,ANE,EN,Federal Contract Tower,0,8,13,0,21,0,170,74,0,244,0,178,87,0,265,38,0,38,303
06/03/2014,HYA,MA,ANE,EN,Federal Contract Tower,0,10,15,0,25,0,167,62,0,229,0,177,77,0,254,71,0,71,325
06/04/2014,HYA,MA,ANE,EN,Federal Contract Tower,0,113,41,0,154,0,92,33,0,125,0,205,74,0,279,36,0,36,315
06/05/2014,HYA,MA,ANE,EN,Federal Contract Tower,0,168,56,0,224,0,0,0,0,0,0,168,56,0,224,0,0,0,224
06/06/2014,HYA,MA,ANE,EN,Federal Contract Tower,0,29,28,0,57,0,188,99,0,287,0,217,127,0,344,26,0,26,370
06/07/2014,HYA,MA,ANE,EN,Federal Contract Tower,0,18,17,0,35,0,153,106,0,259,0,171,123,0,294,18,0,18,312
06/08/2014,HYA,MA,ANE,EN,Federal Contract Tower,0,16,13,0,29,0,179,88,0,267,0,195,101,0,296,12,0,12,308
06/09/2014,HYA,MA,ANE,EN,Federal Contract Tower,0,23,13,0,36,0,171,75,0,246,0,194,88,0,282,8,2,10,292
06/10/2014,HYA,MA,ANE,EN,Federal Contract Tower,0,81,19,0,100,0,78,12,0,90,0,159,31,0,190,28,0,28,218
06/11/2014,HYA,MA,ANE,EN,Federal Contract Tower,0,30,27,0,57,0,191,75,6,272,0,221,102,6,329,24,0,24,353
06/12/2014,HYA,MA,ANE,EN,Federal Contract Tower,0,27,16,0,43,0,198,62,0,260,0,225,78,0,303,30,0,30,333
06/13/2014,HYA,MA,ANE,EN,Federal Contract Tower,0,156,56,0,212,0,0,0,0,0,0,156,56,0,212,0,0,0,212
06/14/2014,HYA,MA,ANE,EN,Federal Contract Tower,0,84,36,3,123,0,40,21,0,61,0,124,57,3,184,0,0,0,184
06/15/2014,HYA,MA,ANE,EN,Federal Contract Tower,0,16,17,0,33,0,148,74,0,222,0,164,91,0,255,22,0,22,277
06/16/2014,HYA,MA,ANE,EN,Federal Contract Tower,0,15,15,0,30,0,166,89,0,255,0,181,104,0,285,12,0,12,297
06/17/2014,HYA,MA,ANE,EN,Federal Contract Tower,0,43,24,0,67,0,147,48,0,195,0,190,72,0,262,36,0,36,298
06/18/2014,HYA,MA,ANE,EN,Federal Contract Tower,0,46,28,0,74,0,169,52,0,221,0,215,80,0,295,42,0,42,337
06/19/2014,HYA,MA,ANE,EN,Federal Contract Tower,0,16,18,0,34,0,205,70,0,275,0,221,88,0,309,50,0,50,359
06/20/2014,HYA,MA,ANE,EN,Federal Contract Tower,0,11,22,0,33,0,211,84,0,295,0,222,106,0,328,46,0,46,374
06/21/2014,HYA,MA,ANE,EN,Federal Contract Tower,0,22,16,0,38,0,164,115,0,279,0,186,131,0,317,26,0,26,343
06/22/2014,HYA,MA,ANE,EN,Federal Contract Tower,0,33,28,0,61,0,155,88,0,243,0,188,116,0,304,0,0,0,304
06/23/2014,HYA,MA,ANE,EN,Federal Contract Tower,0,38,25,0,63,0,191,100,0,291,0,229,125,0,354,30,0,30,384
06/24/2014,HYA,MA,ANE,EN,Federal Contract Tower,0,24,14,0,38,0,201,67,0,268,0,225,81,0,306,56,2,58,364
06/25/2014,HYA,MA,ANE,EN,Federal Contract Tower,0,62,41,0,103,0,211,75,0,286,0,273,116,0,389,42,0,42,431
06/26/2014,HYA,MA,ANE,EN,Federal Contract Tower,2,198,70,0,270,0,0,0,0,0,2,198,70,0,270,10,0,10,280
06/27/2014,HYA,MA,ANE,EN,Federal Contract Tower,2,49,40,0,91,0,219,103,6,328,2,268,143,6,419,4,0,4,423
06/28/2014,HYA,MA,ANE,EN,Federal Contract Tower,0,25,29,0,54,0,178,105,0,283,0,203,134,0,337,28,0,28,365
06/29/2014,HYA,MA,ANE,EN,Federal Contract Tower,0,20,20,0,40,0,152,114,0,266,0,172,134,0,306,16,0,16,322
06/30/2014,HYA,MA,ANE,EN,Federal Contract Tower,0,13,28,0,41,0,176,84,0,260,0,189,112,0,301,16,0,16,317
07/01/2014,HYA,MA,ANE,EN,Federal Contract Tower,2,60,27,0,89,0,158,47,0,205,2,218,74,0,294,36,0,36,330
07/02/2014,HYA,MA,ANE,EN,Federal Contract Tower,2,108,49,0,159,0,201,72,0,273,2,309,121,0,432,34,0,34,466
07/03/2014,HYA,MA,ANE,EN,Federal Contract Tower,2,182,75,0,259,0,58,38,0,96,2,240,113,0,355,10,0,10,365
07/04/2014,HYA,MA,ANE,EN,Federal Contract Tower,2,109,39,0,150,0,5,0,0,5,2,114,39,0,155,0,0,0,155
07/05/2014,HYA,MA,ANE,EN,Federal Contract Tower,2,44,20,0,66,0,154,67,0,221,2,198,87,0,287,0,0,0,287
07/06/2014,HYA,MA,ANE,EN,Federal Contract Tower,2,40,44,0,86,0,189,100,0,289,2,229,144,0,375,18,0,18,393
07/07/2014,HYA,MA,ANE,EN,Federal Contract Tower,2,25,27,0,54,0,186,85,0,271,2,211,112,0,325,2,0,2,327
07/08/2014,HYA,MA,ANE,EN,Federal Contract Tower,2,45,19,3,69,0,163,55,4,222,2,208,74,7,291,4,4,8,299
07/09/2014,HYA,MA,ANE,EN,Federal Contract Tower,2,47,26,0,75,0,210,69,0,279,2,257,95,0,354,40,0,40,394
07/10/2014,HYA,MA,ANE,EN,Federal Contract Tower,13,45,30,0,88,0,202,73,0,275,13,247,103,0,363,42,2,44,407
07/11/2014,HYA,MA,ANE,EN,Federal Contract Tower,2,30,31,0,63,0,190,100,0,290,2,220,131,0,353,14,0,14,367
07/12/2014,HYA,MA,ANE,EN,Federal Contract Tower,2,34,29,0,65,0,194,102,0,296,2,228,131,0,361,8,0,8,369
07/13/2014,HYA,MA,ANE,EN,Federal Contract Tower,2,32,24,0,58,0,178,91,0,269,2,210,115,0,327,4,0,4,331
07/14/2014,HYA,MA,ANE,EN,Federal Contract Tower,2,153,46,0,201,0,23,12,0,35,2,176,58,0,236,6,0,6,242
07/15/2014,HYA,MA,ANE,EN,Federal Contract Tower,1,149,22,0,172,0,0,0,0,0,1,149,22,0,172,0,0,0,172
07/16/2014,HYA,MA,ANE,EN,Federal Contract Tower,1,136,26,0,163,0,11,4,0,15,1,147,30,0,178,0,0,0,178
07/17/2014,HYA,MA,ANE,EN,Federal Contract Tower,2,37,30,0,69,0,181,87,0,268,2,218,117,0,337,40,0,40,377
07/18/2014,HYA,MA,ANE,EN,Federal Contract Tower,2,39,51,0,92,0,214,106,0,320,2,253,157,0,412,70,2,72,484
07/19/2014,HYA,MA,ANE,EN,Federal Contract Tower,2,25,26,0,53,0,157,98,0,255,2,182,124,0,308,10,0,10,318
07/20/2014,HYA,MA,ANE,EN,Federal Contract Tower,2,40,33,0,75,0,163,90,0,253,2,203,123,0,328,0,0,0,328
07/21/2014,HYA,MA,ANE,EN,Federal Contract Tower,2,97,32,0,131,0,99,39,0,138,2,196,71,0,269,10,0,10,279
07/22/2014,HYA,MA,ANE,EN,Federal Contract Tower,2,25,15,0,42,0,176,70,0,246,2,201,85,0,288,24,0,24,312
07/23/2014,HYA,MA,ANE,EN,Federal Contract Tower,2,18,10,0,30,0,185,77,0,262,2,203,87,0,292,40,0,40,332
07/24/2014,HYA,MA,ANE,EN,Federal Contract Tower,2,141,56,0,199,0,42,17,0,59,2,183,73,0,258,0,0,0,258
07/25/2014,HYA,MA,ANE,EN,Federal Contract Tower,2,42,40,0,84,0,194,113,0,307,2,236,153,0,391,48,0,48,439
07/26/2014,HYA,MA,ANE,EN,Federal Contract Tower,2,24,25,0,51,0,181,102,0,283,2,205,127,0,334,6,0,6,340
07/27/2014,HYA,MA,ANE,EN,Federal Contract Tower,2,60,36,0,98,0,136,58,0,194,2,196,94,0,292,20,0,20,312
07/28/2014,HYA,MA,ANE,EN,Federal Contract Tower,2,144,27,0,173,0,50,25,0,75,2,194,52,0,248,0,0,0,248
07/29/2014,HYA,MA,ANE,EN,Federal Contract Tower,2,19,16,0,37,0,195,71,0,266,2,214,87,0,303,0,0,0,303
07/30/2014,HYA,MA,ANE,EN,Federal Contract Tower,2,31,27,0,60,0,210,90,2,302,2,241,117,2,362,34,0,34,396
07/31/2014,HYA,MA,ANE,EN,Federal Contract Tower,0,38,50,0,88,0,204,105,0,309,0,242,155,0,397,60,0,60,457
08/01/2014,HYA,MA,ANE,EN,Federal Contract Tower,2,42,45,0,89,0,214,99,0,313,2,256,144,0,402,16,0,16,418
08/02/2014,HYA,MA,ANE,EN,Federal Contract Tower,0,87,39,2,128,0,76,43,0,119,0,163,82,2,247,0,0,0,247
08/03/2014,HYA,MA,ANE,EN,Federal Contract Tower,2,155,73,0,230,0,0,0,0,0,2,155,73,0,230,0,0,0,230
08/04/2014,HYA,MA,ANE,EN,Federal Contract Tower,2,92,29,0,123,0,121,51,0,172,2,213,80,0,295,14,0,14,309
08/05/2014,HYA,MA,ANE,EN,Federal Contract Tower,2,92,31,0,125,0,87,65,0,152,2,179,96,0,277,8,0,8,285
08/06/2014,HYA,MA,ANE,EN,Federal Contract Tower,2,67,43,0,112,0,141,74,0,215,2,208,117,0,327,18,6,24,351
08/07/2014,HYA,MA,ANE,EN,Federal Contract Tower,2,42,44,0,88,0,184,96,0,280,2,226,140,0,368,18,0,18,386
08/08/2014,HYA,MA,ANE,EN,Federal Contract Tower,2,42,45,0,89,0,227,125,0,352,2,269,170,0,441,40,0,40,481
08/09/2014,HYA,MA,ANE,EN,Federal Contract Tower,0,48,35,0,83,0,159,97,0,256,0,207,132,0,339,0,0,0,339
08/10/2014,HYA,MA,ANE,EN,Federal Contract Tower,2,76,67,0,145,0,183,86,0,269,2,259,153,0,414,0,0,0,414
08/11/2014,HYA,MA,ANE,EN,Federal Contract Tower,2,52,57,0,111,0,156,73,0,229,2,208,130,0,340,0,0,0,340
08/12/2014,HYA,MA,ANE,EN,Federal Contract Tower,2,36,26,0,64,0,194,69,0,263,2,230,95,0,327,0,0,0,327
08/13/2014,HYA,MA,ANE,EN,Federal Contract Tower,2,105,52,0,159,0,67,30,0,97,2,172,82,0,256,0,0,0,256
08/14/2014,HYA,MA,ANE,EN,Federal Contract Tower,2,63,68,0,133,0,194,88,0,282,2,257,156,0,415,0,0,0,415
08/15/2014,HYA,MA,ANE,EN,Federal Contract Tower,0,68,60,0,128,0,205,114,0,319,0,273,174,0,447,0,0,0,447
08/16/2014,HYA,MA,ANE,EN,Federal Contract Tower,2,35,40,0,77,0,155,83,0,238,2,190,123,0,315,0,0,0,315
08/17/2014,HYA,MA,ANE,EN,Federal Contract Tower,2,88,69,0,159,0,158,68,0,226,2,246,137,0,385,0,0,0,385
08/18/2014,HYA,MA,ANE,EN,Federal Contract Tower,2,31,31,0,64,0,177,64,0,241,2,208,95,0,305,10,0,10,315
08/19/2014,HYA,MA,ANE,EN,Federal Contract Tower,2,39,27,0,68,0,196,59,0,255,2,235,86,0,323,6,0,6,329
08/20/2014,HYA,MA,ANE,EN,Federal Contract Tower,2,49,62,0,113,0,208,72,0,280,2,257,134,0,393,0,0,0,393
08/21/2014,HYA,MA,ANE,EN,Federal Contract Tower,2,50,49,0,101,0,201,88,0,289,2,251,137,0,390,0,0,0,390
08/22/2014,HYA,MA,ANE,EN,Federal Contract Tower,2,84,70,0,156,0,174,87,0,261,2,258,157,0,417,0,0,0,417
08/23/2014,HYA,MA,ANE,EN,Federal Contract Tower,0,36,35,3,74,0,150,82,0,232,0,186,117,3,306,0,0,0,306
08/24/2014,HYA,MA,ANE,EN,Federal Contract Tower,2,61,46,0,109,0,183,86,0,269,2,244,132,0,378,4,0,4,382
08/25/2014,HYA,MA,ANE,EN,Federal Contract Tower,2,33,14,0,49,0,167,75,0,242,2,200,89,0,291,14,0,14,305
08/26/2014,HYA,MA,ANE,EN,Federal Contract Tower,2,17,18,0,37,0,185,75,0,260,2,202,93,0,297,6,0,6,303
08/27/2014,HYA,MA,ANE,EN,Federal Contract Tower,2,51,48,0,101,0,193,69,0,262,2,244,117,0,363,32,0,32,395
08/28/2014,HYA,MA,ANE,EN,Federal Contract Tower,2,30,38,0,70,0,194,87,0,281,2,224,125,0,351,34,0,34,385
08/29/2014,HYA,MA,ANE,EN,Federal Contract Tower,2,47,34,0,83,0,205,102,0,307,2,252,136,0,390,20,0,20,410
08/30/2014,HYA,MA,ANE,EN,Federal Contract Tower,0,20,28,0,48,0,153,81,0,234,0,173,109,0,282,10,0,10,292
08/31/2014,HYA,MA,ANE,EN,Federal Contract Tower,2,59,16,0,77,0,85,42,0,127,2,144,58,0,204,0,0,0,204
09/01/2014,HYA,MA,ANE,EN,Federal Contract Tower,2,101,64,0,167,0,65,27,0,92,2,166,91,0,259,0,0,0,259
09/02/2014,HYA,MA,ANE,EN,Federal Contract Tower,2,76,30,0,108,0,71,24,0,95,2,147,54,0,203,6,0,6,209
09/03/2014,HYA,MA,ANE,EN,Federal Contract Tower,2,34,24,0,60,0,211,79,0,290,2,245,103,0,350,38,0,38,388
09/04/2014,HYA,MA,ANE,EN,Federal Contract Tower,2,20,23,0,45,0,190,80,0,270,2,210,103,0,315,48,0,48,363
09/05/2014,HYA,MA,ANE,EN,Federal Contract Tower,2,38,42,0,82,0,191,88,0,279,2,229,130,0,361,36,0,36,397
09/06/2014,HYA,MA,ANE,EN,Federal Contract Tower,2,131,18,0,151,0,20,13,0,33,2,151,31,0,184,12,0,12,196
09/07/2014,HYA,MA,ANE,EN,Federal Contract Tower,2,33,23,0,58,0,140,69,0,209,2,173,92,0,267,8,0,8,275
09/08/2014,HYA,MA,ANE,EN,Federal Contract Tower,2,12,8,0,22,0,187,66,0,253,2,199,74,0,275,18,0,18,293
09/09/2014,HYA,MA,ANE,EN,Federal Contract Tower,2,9,6,0,17,0,196,58,0,254,2,205,64,0,271,34,0,34,305
09/10/2014,HYA,MA,ANE,EN,Federal Contract Tower,0,76,36,0,112,0,168,66,0,234,0,244,102,0,346,22,0,22,368
09/11/2014,HYA,MA,ANE,EN,Federal Contract Tower,0,52,35,0,87,0,193,70,2,265,0,245,105,2,352,40,0,40,392
09/12/2014,HYA,MA,ANE,EN,Federal Contract Tower,0,34,31,0,65,0,198,62,2,262,0,232,93,2,327,20,0,20,347
09/13/2014,HYA,MA,ANE,EN,Federal Contract Tower,0,24,13,0,37,0,145,50,0,195,0,169,63,0,232,6,0,6,238
09/14/2014,HYA,MA,ANE,EN,Federal Contract Tower,0,20,26,0,46,0,149,73,0,222,0,169,99,0,268,6,0,6,274
09/15/2014,HYA,MA,ANE,EN,Federal Contract Tower,0,22,10,0,32,0,165,58,0,223,0,187,68,0,255,16,0,16,271
09/16/2014,HYA,MA,ANE,EN,Federal Contract Tower,0,17,10,0,27,0,193,50,0,243,0,210,60,0,270,16,0,16,286
09/17/2014,HYA,MA,ANE,EN,Federal Contract Tower,0,14,31,0,45,0,200,69,6,275,0,214,100,6,320,34,0,34,354
09/18/2014,HYA,MA,ANE,EN,Federal Contract Tower,0,16,21,0,37,0,191,87,0,278,0,207,108,0,315,22,0,22,337
09/19/2014,HYA,MA,ANE,EN,Federal Contract Tower,0,26,16,0,42,0,203,69,6,278,0,229,85,6,320,10,0,10,330
09/20/2014,HYA,MA,ANE,EN,Federal Contract Tower,0,11,7,0,18,0,154,65,0,219,0,165,72,0,237,22,0,22,259
09/21/2014,HYA,MA,ANE,EN,Federal Contract Tower,0,74,34,0,108,0,71,28,0,99,0,145,62,0,207,6,0,6,213
09/22/2014,HYA,MA,ANE,EN,Federal Contract Tower,0,28,13,0,41,0,138,64,0,202,0,166,77,0,243,16,0,16,259
09/23/2014,HYA,MA,ANE,EN,Federal Contract Tower,0,11,10,0,21,0,186,75,0,261,0,197,85,0,282,44,0,44,326
09/24/2014,HYA,MA,ANE,EN,Federal Contract Tower,0,16,24,0,40,0,187,66,0,253,0,203,90,0,293,24,0,24,317
09/25/2014,HYA,MA,ANE,EN,Federal Contract Tower,0,80,36,0,116,0,126,36,0,162,0,206,72,0,278,0,0,0,278
09/26/2014,HYA,MA,ANE,EN,Federal Contract Tower,0,90,36,0,126,0,121,69,0,190,0,211,105,0,316,24,0,24,340
09/27/2014,HYA,MA,ANE,EN,Federal Contract Tower,0,17,12,0,29,0,150,85,0,235,0,167,97,0,264,12,2,14,278
09/28/2014,HYA,MA,ANE,EN,Federal Contract Tower,0,17,19,0,36,0,158,81,0,239,0,175,100,0,275,16,0,16,291
09/29/2014,HYA,MA,ANE,EN,Federal Contract Tower,0,23,7,0,30,0,147,41,0,188,0,170,48,0,218,14,0,14,232
09/30/2014,HYA,MA,ANE,EN,Federal Contract Tower,0,133,29,0,162,0,0,0,0,0,0,133,29,0,162,0,0,0,162
10/01/2014,HYA,MA,ANE,EN,Federal Contract Tower,0,184,54,0,238,0,0,0,0,0,0,184,54,0,238,0,0,0,238
10/02/2014,HYA,MA,ANE,EN,Federal Contract Tower,0,130,24,0,154,0,33,23,0,56,0,163,47,0,210,0,0,0,210
10/03/2014,HYA,MA,ANE,EN,Federal Contract Tower,0,131,49,0,180,0,83,24,0,107,0,214,73,0,287,10,0,10,297
10/04/2014,HYA,MA,ANE,EN,Federal Contract Tower,0,85,9,0,94,0,0,0,0,0,0,85,9,0,94,0,0,0,94
10/05/2014,HYA,MA,ANE,EN,Federal Contract Tower,0,20,19,0,39,0,158,82,0,240,0,178,101,0,279,14,0,14,293
10/06/2014,HYA,MA,ANE,EN,Federal Contract Tower,0,11,9,2,22,0,191,73,0,264,0,202,82,2,286,26,0,26,312
10/07/2014,HYA,MA,ANE,EN,Federal Contract Tower,0,15,8,0,23,0,197,54,0,251,0,212,62,0,274,22,0,22,296
10/08/2014,HYA,MA,ANE,EN,Federal Contract Tower,0,30,21,0,51,0,189,71,0,260,0,219,92,0,311,38,0,38,349
10/09/2014,HYA,MA,ANE,EN,Federal Contract Tower,0,20,18,0,38,0,192,68,4,264,0,212,86,4,302,20,8,28,330
10/10/2014,HYA,MA,ANE,EN,Federal Contract Tower,0,11,23,0,34,0,208,75,0,283,0,219,98,0,317,26,0,26,343
10/11/2014,HYA,MA,ANE,EN,Federal Contract Tower,0,64,19,0,83,0,82,31,0,113,0,146,50,0,196,0,0,0,196
10/12/2014,HYA,MA,ANE,EN,Federal Contract Tower,0,18,8,0,26,0,152,69,0,221,0,170,77,0,247,6,0,6,253
10/13/2014,HYA,MA,ANE,EN,Federal Contract Tower,0,9,25,0,34,0,188,63,0,251,0,197,88,0,285,36,0,36,321
10/14/2014,HYA,MA,ANE,EN,Federal Contract Tower,0,14,14,0,28,0,182,48,0,230,0,196,62,0,258,62,0,62,320
10/15/2014,HYA,MA,ANE,EN,Federal Contract Tower,0,18,28,0,46,0,205,75,0,280,0,223,103,0,326,34,0,34,360
10/16/2014,HYA,MA,ANE,EN,Federal Contract Tower,0,113,34,0,147,0,48,20,0,68,0,161,54,0,215,0,0,0,215
10/17/2014,HYA,MA,ANE,EN,Federal Contract Tower,0,67,25,0,92,0,156,57,0,213,0,223,82,0,305,28,0,28,333
10/18/2014,HYA,MA,ANE,EN,Federal Contract Tower,0,14,24,0,38,0,177,71,0,248,0,191,95,0,286,34,0,34,320
10/19/2014,HYA,MA,ANE,EN,Federal Contract Tower,0,13,6,0,19,0,146,57,0,203,0,159,63,0,222,12,0,12,234
10/20/2014,HYA,MA,ANE,EN,Federal Contract Tower,0,4,15,1,20,0,163,65,0,228,0,167,80,1,248,12,0,12,260
10/21/2014,HYA,MA,ANE,EN,Federal Contract Tower,0,38,17,0,55,0,143,47,1,191,0,181,64,1,246,4,1,5,251
10/22/2014,HYA,MA,ANE,EN,Federal Contract Tower,0,176,45,0,221,0,0,0,0,0,0,176,45,0,221,0,0,0,221
10/23/2014,HYA,MA,ANE,EN,Federal Contract Tower,0,85,30,0,115,0,81,23,0,104,0,166,53,0,219,26,6,32,251
10/24/2014,HYA,MA,ANE,EN,Federal Contract Tower,0,127,44,4,175,0,28,11,0,39,0,155,55,4,214,0,0,0,214
10/25/2014,HYA,MA,ANE,EN,Federal Contract Tower,0,3,10,0,13,0,162,70,0,232,0,165,80,0,245,42,0,42,287
10/26/2014,HYA,MA,ANE,EN,Federal Contract Tower,0,12,6,0,18,0,127,51,0,178,0,139,57,0,196,12,0,12,208
10/27/2014,HYA,MA,ANE,EN,Federal Contract Tower,0,3,2,0,5,0,158,48,0,206,0,161,50,0,211,24,0,24,235
10/28/2014,HYA,MA,ANE,EN,Federal Contract Tower,0,5,6,0,11,0,141,67,0,208,0,146,73,0,219,4,0,4,223
10/29/2014,HYA,MA,ANE,EN,Federal Contract Tower,0,19,16,0,35,0,133,46,0,179,0,152,62,0,214,4,0,4,218
10/30/2014,HYA,MA,ANE,EN,Federal Contract Tower,0,24,6,0,30,0,188,50,0,238,0,212,56,0,268,24,0,24,292
10/31/2014,HYA,MA,ANE,EN,Federal Contract Tower,0,16,7,0,23,0,186,55,0,241,0,202,62,0,264,40,0,40,304
11/01/2014,HYA,MA,ANE,EN,Federal Contract Tower,0,50,4,0,54,0,6,0,0,6,0,56,4,0,60,0,0,0,60
11/02/2014,HYA,MA,ANE,EN,Federal Contract Tower,0,3,4,0,7,0,0,2,0,2,0,3,6,0,9,0,0,0,9
11/03/2014,HYA,MA,ANE,EN,Federal Contract Tower,0,12,9,0,21,0,189,53,0,242,0,201,62,0,263,56,0,56,319
11/04/2014,HYA,MA,ANE,EN,Federal Contract Tower,0,12,11,0,23,0,174,63,0,237,0,186,74,0,260,34,0,34,294
11/05/2014,HYA,MA,ANE,EN,Federal Contract Tower,0,26,24,0,50,0,207,62,0,269,0,233,86,0,319,42,0,42,361
11/06/2014,HYA,MA,ANE,EN,Federal Contract Tower,0,41,10,0,51,0,183,42,0,225,0,224,52,0,276,26,0,26,302
11/07/2014,HYA,MA,ANE,EN,Federal Contract Tower,0,72,21,0,93,0,137,44,0,181,0,209,65,0,274,32,0,32,306
11/08/2014,HYA,MA,ANE,EN,Federal Contract Tower,0,10,8,0,18,0,144,75,0,219,0,154,83,0,237,40,0,40,277
11/09/2014,HYA,MA,ANE,EN,Federal Contract Tower,0,11,7,0,18,0,144,66,0,210,0,155,73,0,228,6,0,6,234
11/10/2014,HYA,MA,ANE,EN,Federal Contract Tower,0,10,4,0,14,0,181,62,0,243,0,191,66,0,257,20,0,20,277
11/11/2014,HYA,MA,ANE,EN,Federal Contract Tower,0,18,13,0,31,0,144,55,0,199,0,162,68,0,230,24,0,24,254
11/12/2014,HYA,MA,ANE,EN,Federal Contract Tower,0,155,61,0,216,0,76,25,0,101,0,231,86,0,317,6,0,6,323
11/13/2014,HYA,MA,ANE,EN,Federal Contract Tower,0,17,9,3,29,0,208,53,0,261,0,225,62,3,290,44,2,46,336
11/14/2014,HYA,MA,ANE,EN,Federal Contract Tower,0,65,18,0,83,0,158,49,0,207,0,223,67,0,290,4,0,4,294
11/15/2014,HYA,MA,ANE,EN,Federal Contract Tower,0,9,11,0,20,0,144,77,0,221,0,153,88,0,241,10,0,10,251
11/16/2014,HYA,MA,ANE,EN,Federal Contract Tower,0,8,5,0,13,0,136,45,0,181,0,144,50,0,194,8,0,8,202
11/17/2014,HYA,MA,ANE,EN,Federal Contract Tower,0,90,8,0,98,0,0,0,0,0,0,90,8,0,98,0,0,0,98
11/18/2014,HYA,MA,ANE,EN,Federal Contract Tower,0,7,0,0,7,0,136,53,0,189,0,143,53,0,196,14,0,14,210
11/19/2014,HYA,MA,ANE,EN,Federal Contract Tower,0,18,14,0,32,0,201,64,0,265,0,219,78,0,297,50,0,50,347
11/20/2014,HYA,MA,ANE,EN,Federal Contract Tower,0,14,8,0,22,0,201,61,0,262,0,215,69,0,284,92,0,92,376
11/21/2014,HYA,MA,ANE,EN,Federal Contract Tower,0,11,14,0,25,0,197,85,0,282,0,208,99,0,307,80,0,80,387
11/22/2014,HYA,MA,ANE,EN,Federal Contract Tower,0,14,5,0,19,0,142,75,0,217,0,156,80,0,236,30,0,30,266
11/23/2014,HYA,MA,ANE,EN,Federal Contract Tower,0,7,6,0,13,0,138,62,0,200,0,145,68,0,213,0,0,0,213
11/24/2014,HYA,MA,ANE,EN,Federal Contract Tower,0,74,16,0,90,0,0,0,0,0,0,74,16,0,90,0,0,0,90
11/25/2014,HYA,MA,ANE,EN,Federal Contract Tower,0,67,29,0,96,0,139,48,2,189,0,206,77,2,285,40,0,40,325
11/26/2014,HYA,MA,ANE,EN,Federal Contract Tower,0,89,23,0,112,0,44,15,0,59,0,133,38,0,171,0,0,0,171
11/27/2014,HYA,MA,ANE,EN,Federal Contract Tower,0,64,4,0,68,0,132,28,0,160,0,196,32,0,228,18,0,18,246
11/28/2014,HYA,MA,ANE,EN,Federal Contract Tower,0,91,26,0,117,0,98,35,0,133,0,189,61,0,250,22,0,22,272
11/29/2014,HYA,MA,ANE,EN,Federal Contract Tower,0,21,10,0,31,0,154,88,0,242,0,175,98,0,273,48,0,48,321
11/30/2014,HYA,MA,ANE,EN,Federal Contract Tower,0,20,21,0,41,0,158,65,0,223,0,178,86,0,264,7,0,7,271
12/01/2014,HYA,MA,ANE,EN,Federal Contract Tower,0,27,8,0,35,0,177,63,0,240,0,204,71,0,275,32,0,32,307
12/02/2014,HYA,MA,ANE,EN,Federal Contract Tower,0,15,6,0,21,0,154,52,0,206,0,169,58,0,227,40,0,40,267
12/03/2014,HYA,MA,ANE,EN,Federal Contract Tower,0,141,32,0,173,0,13,6,0,19,0,154,38,0,192,0,0,0,192
12/04/2014,HYA,MA,ANE,EN,Federal Contract Tower,0,7,9,0,16,0,191,62,0,253,0,198,71,0,269,56,0,56,325
12/05/2014,HYA,MA,ANE,EN,Federal Contract Tower,0,6,9,0,15,0,183,63,0,246,0,189,72,0,261,8,0,8,269
12/06/2014,HYA,MA,ANE,EN,Federal Contract Tower,0,77,20,0,97,0,52,12,0,64,0,129,32,0,161,6,0,6,167
12/07/2014,HYA,MA,ANE,EN,Federal Contract Tower,0,23,12,0,35,0,162,42,0,204,0,185,54,0,239,0,0,0,239
12/08/2014,HYA,MA,ANE,EN,Federal Contract Tower,0,74,8,0,82,0,138,63,0,201,0,212,71,0,283,10,4,14,297
12/09/2014,HYA,MA,ANE,EN,Federal Contract Tower,0,48,10,0,58,0,0,0,0,0,0,48,10,0,58,0,0,0,58
12/10/2014,HYA,MA,ANE,EN,Federal Contract Tower,0,164,33,0,197,0,56,20,0,76,0,220,53,0,273,0,0,0,273
12/11/2014,HYA,MA,ANE,EN,Federal Contract Tower,0,52,11,0,63,0,168,39,0,207,0,220,50,0,270,40,0,40,310
12/12/2014,HYA,MA,ANE,EN,Federal Contract Tower,0,15,10,0,25,0,173,62,2,237,0,188,72,2,262,46,2,48,310
12/13/2014,HYA,MA,ANE,EN,Federal Contract Tower,0,17,3,0,20,0,168,74,0,242,0,185,77,0,262,50,0,50,312
12/14/2014,HYA,MA,ANE,EN,Federal Contract Tower,0,10,7,0,17,0,148,72,0,220,0,158,79,0,237,46,0,46,283
12/15/2014,HYA,MA,ANE,EN,Federal Contract Tower,0,26,8,0,34,0,170,51,0,221,0,196,59,0,255,42,0,42,297
12/16/2014,HYA,MA,ANE,EN,Federal Contract Tower,0,37,13,1,51,0,162,44,1,207,0,199,57,2,258,0,18,18,276
12/17/2014,HYA,MA,ANE,EN,Federal Contract Tower,0,167,43,0,210,0,40,17,0,57,0,207,60,0,267,18,0,18,285
12/18/2014,HYA,MA,ANE,EN,Federal Contract Tower,0,31,8,0,39,0,199,61,0,260,0,230,69,0,299,72,0,72,371
12/19/2014,HYA,MA,ANE,EN,Federal Contract Tower,0,11,6,2,19,0,197,81,0,278,0,208,87,2,297,28,8,36,333
12/20/2014,HYA,MA,ANE,EN,Federal Contract Tower,0,42,19,0,61,0,135,57,0,192,0,177,76,0,253,16,0,16,269
12/21/2014,HYA,MA,ANE,EN,Federal Contract Tower,0,19,12,0,31,0,128,50,0,178,0,147,62,0,209,30,0,30,239
12/22/2014,HYA,MA,ANE,EN,Federal Contract Tower,0,33,10,0,43,0,156,39,0,195,0,189,49,0,238,4,0,4,242
12/23/2014,HYA,MA,ANE,EN,Federal Contract Tower,0,100,18,0,118,0,0,0,0,0,0,100,18,0,118,0,0,0,118
12/24/2014,HYA,MA,ANE,EN,Federal Contract Tower,0,184,30,0,214,0,0,0,0,0,0,184,30,0,214,0,0,0,214
12/25/2014,HYA,MA,ANE,EN,Federal Contract Tower,0,54,17,0,71,0,95,17,0,112,0,149,34,0,183,0,0,0,183
12/26/2014,HYA,MA,ANE,EN,Federal Contract Tower,0,16,4,0,20,0,173,72,0,245,0,189,76,0,265,18,0,18,283
12/27/2014,HYA,MA,ANE,EN,Federal Contract Tower,0,11,8,0,19,0,167,63,0,230,0,178,71,0,249,24,0,24,273
12/28/2014,HYA,MA,ANE,EN,Federal Contract Tower,0,6,10,0,16,0,131,34,0,165,0,137,44,0,181,4,0,4,185
12/29/2014,HYA,MA,ANE,EN,Federal Contract Tower,0,9,2,1,12,0,144,49,0,193,0,153,51,1,205,16,0,16,221
12/30/2014,HYA,MA,ANE,EN,Federal Contract Tower,0,10,3,0,13,0,166,48,0,214,0,176,51,0,227,44,0,44,271
12/31/2014,HYA,MA,ANE,EN,Federal Contract Tower,0,15,6,0,21,0,175,52,0,227,0,190,58,0,248,38,0,38,286
01/01/2015,HYA,MA,ANE,EN,Federal Contract Tower,0,23,2,0,25,0,178,29,0,207,0,201,31,0,232,0,0,0,232
01/02/2015,HYA,MA,ANE,EN,Federal Contract Tower,0,11,12,0,23,0,175,52,0,227,0,186,64,0,250,18,0,18,268
01/03/2015,HYA,MA,ANE,EN,Federal Contract Tower,0,19,8,0,27,0,112,48,0,160,0,131,56,0,187,24,0,24,211
01/04/2015,HYA,MA,ANE,EN,Federal Contract Tower,0,37,7,0,44,0,0,0,0,0,0,37,7,0,44,0,0,0,44
01/05/2015,HYA,MA,ANE,EN,Federal Contract Tower,0,3,8,0,11,0,153,45,0,198,0,156,53,0,209,6,2,8,217
01/06/2015,HYA,MA,ANE,EN,Federal Contract Tower,0,15,1,0,16,0,144,46,0,190,0,159,47,0,206,4,0,4,210
01/07/2015,HYA,MA,ANE,EN,Federal Contract Tower,0,17,15,0,32,0,195,51,0,246,0,212,66,0,278,0,0,0,278
01/08/2015,HYA,MA,ANE,EN,Federal Contract Tower,0,15,8,0,23,0,182,41,0,223,0,197,49,0,246,30,0,30,276
01/09/2015,HYA,MA,ANE,EN,Federal Contract Tower,0,25,11,0,36,0,180,46,0,226,0,205,57,0,262,4,0,4,266
01/10/2015,HYA,MA,ANE,EN,Federal Contract Tower,0,14,7,0,21,0,162,54,0,216,0,176,61,0,237,14,0,14,251
01/11/2015,HYA,MA,ANE,EN,Federal Contract Tower,0,12,4,0,16,0,131,56,0,187,0,143,60,0,203,8,0,8,211
01/12/2015,HYA,MA,ANE,EN,Federal Contract Tower,0,46,8,0,54,0,85,27,0,112,0,131,35,0,166,0,0,0,166
01/13/2015,HYA,MA,ANE,EN,Federal Contract Tower,0,36,3,0,39,0,101,34,0,135,0,137,37,0,174,2,0,2,176
01/14/2015,HYA,MA,ANE,EN,Federal Contract Tower,0,90,32,0,122,0,86,23,2,111,0,176,55,2,233,8,0,8,241
01/15/2015,HYA,MA,ANE,EN,Federal Contract Tower,0,120,34,0,154,0,0,0,0,0,0,120,34,0,154,0,0,0,154
01/16/2015,HYA,MA,ANE,EN,Federal Contract Tower,0,24,9,0,33,0,179,71,0,250,0,203,80,0,283,24,0,24,307
01/17/2015,HYA,MA,ANE,EN,Federal Contract Tower,0,13,13,0,26,0,155,88,0,243,0,168,101,0,269,16,0,16,285
01/18/2015,HYA,MA,ANE,EN,Federal Contract Tower,0,12,2,0,14,0,117,37,0,154,0,129,39,0,168,0,0,0,168
01/19/2015,HYA,MA,ANE,EN,Federal Contract Tower,0,12,5,0,17,0,148,38,0,186,0,160,43,0,203,16,0,16,219
01/20/2015,HYA,MA,ANE,EN,Federal Contract Tower,0,9,5,4,18,0,168,59,0,227,0,177,64,4,245,50,0,50,295
01/21/2015,HYA,MA,ANE,EN,Federal Contract Tower,0,21,4,0,25,0,195,55,0,250,0,216,59,0,275,42,0,42,317
01/22/2015,HYA,MA,ANE,EN,Federal Contract Tower,0,18,5,0,23,0,180,41,2,223,0,198,46,2,246,38,0,38,284
01/23/2015,HYA,MA,ANE,EN,Federal Contract Tower,0,7,14,0,21,0,178,72,0,250,0,185,86,0,271,10,0,10,281
01/24/2015,HYA,MA,ANE,EN,Federal Contract Tower,0,48,2,0,50,0,0,0,0,0,0,48,2,0,50,0,0,0,50
01/25/2015,HYA,MA,ANE,EN,Federal Contract Tower,0,8,5,0,13,0,131,42,0,173,0,139,47,0,186,4,0,4,190
01/26/2015,HYA,MA,ANE,EN,Federal Contract Tower,0,26,7,0,33,0,55,20,0,75,0,81,27,0,108,0,0,0,108
01/27/2015,HYA,MA,ANE,EN,Federal Contract Tower,0,0,0,0,0,0,0,0,0,0,0,0,0,0,0,0,0,0,0
01/28/2015,HYA,MA,ANE,EN,Federal Contract Tower,0,0,0,0,0,0,0,0,0,0,0,0,0,0,0,0,2,2,2
01/29/2015,HYA,MA,ANE,EN,Federal Contract Tower,0,0,0,0,0,0,0,0,0,0,0,0,0,0,0,8,0,8,8
01/30/2015,HYA,MA,ANE,EN,Federal Contract Tower,0,43,9,0,52,0,4,0,0,4,0,47,9,0,56,0,0,0,56
01/31/2015,HYA,MA,ANE,EN,Federal Contract Tower,0,18,4,0,22,0,44,23,0,67,0,62,27,0,89,0,0,0,89
02/01/2015,HYA,MA,ANE,EN,Federal Contract Tower,0,3,3,0,6,0,85,43,0,128,0,88,46,0,134,0,0,0,134
02/02/2015,HYA,MA,ANE,EN,Federal Contract Tower,0,6,8,0,14,0,0,0,0,0,0,6,8,0,14,0,0,0,14
02/03/2015,HYA,MA,ANE,EN,Federal Contract Tower,0,11,1,0,12,0,103,40,0,143,0,114,41,0,155,12,0,12,167
02/04/2015,HYA,MA,ANE,EN,Federal Contract Tower,0,7,6,0,13,0,142,41,0,183,0,149,47,0,196,30,0,30,226
02/05/2015,HYA,MA,ANE,EN,Federal Contract Tower,0,21,2,0,23,0,95,11,0,106,0,116,13,0,129,0,0,0,129
02/06/2015,HYA,MA,ANE,EN,Federal Contract Tower,0,24,1,0,25,0,130,47,0,177,0,154,48,0,202,20,0,20,222
02/07/2015,HYA,MA,ANE,EN,Federal Contract Tower,0,7,1,0,8,0,95,38,0,133,0,102,39,0,141,14,0,14,155
02/08/2015,HYA,MA,ANE,EN,Federal Contract Tower,0,27,3,0,30,0,0,0,0,0,0,27,3,0,30,0,0,0,30
02/09/2015,HYA,MA,ANE,EN,Federal Contract Tower,0,18,8,0,26,0,0,0,0,0,0,18,8,0,26,0,0,0,26
02/10/2015,HYA,MA,ANE,EN,Federal Contract Tower,0,49,2,0,51,0,3,9,0,12,0,52,11,0,63,0,0,0,63
02/11/2015,HYA,MA,ANE,EN,Federal Contract Tower,0,47,3,0,50,0,95,37,2,134,0,142,40,2,184,26,2,28,212
02/12/2015,HYA,MA,ANE,EN,Federal Contract Tower,0,40,0,2,42,0,102,22,0,124,0,142,22,2,166,10,2,12,178
02/13/2015,HYA,MA,ANE,EN,Federal Contract Tower,0,9,4,1,14,0,160,36,0,196,0,169,40,1,210,14,2,16,226
02/14/2015,HYA,MA,ANE,EN,Federal Contract Tower,0,17,6,0,23,0,77,20,0,97,0,94,26,0,120,0,0,0,120
02/15/2015,HYA,MA,ANE,EN,Federal Contract Tower,0,0,0,0,0,0,0,0,0,0,0,0,0,0,0,0,0,0,0
02/17/2015,HYA,MA,ANE,EN,Federal Contract Tower,0,32,7,0,39,0,24,8,0,32,0,56,15,0,71,0,0,0,71
02/18/2015,HYA,MA,ANE,EN,Federal Contract Tower,0,24,9,1,34,0,161,43,4,208,0,185,52,5,242,4,0,4,246
02/19/2015,HYA,MA,ANE,EN,Federal Contract Tower,0,50,9,0,59,0,179,27,1,207,0,229,36,1,266,10,0,10,276
02/20/2015,HYA,MA,ANE,EN,Federal Contract Tower,0,9,3,0,12,0,169,38,0,207,0,178,41,0,219,8,0,8,227
02/21/2015,HYA,MA,ANE,EN,Federal Contract Tower,0,24,4,0,28,0,136,43,0,179,0,160,47,0,207,2,0,2,209
02/22/2015,HYA,MA,ANE,EN,Federal Contract Tower,0,54,13,0,67,0,17,6,0,23,0,71,19,0,90,0,0,0,90
02/23/2015,HYA,MA,ANE,EN,Federal Contract Tower,0,5,0,0,5,0,137,28,0,165,0,142,28,0,170,2,0,2,172
02/24/2015,HYA,MA,ANE,EN,Federal Contract Tower,0,4,11,0,15,0,138,37,0,175,0,142,48,0,190,0,0,0,190
02/25/2015,HYA,MA,ANE,EN,Federal Contract Tower,0,21,22,0,43,0,161,40,0,201,0,182,62,0,244,26,6,32,276
02/26/2015,HYA,MA,ANE,EN,Federal Contract Tower,0,20,8,0,28,0,98,15,0,113,0,118,23,0,141,0,0,0,141
02/27/2015,HYA,MA,ANE,EN,Federal Contract Tower,0,28,6,0,34,0,144,23,0,167,0,172,29,0,201,0,0,0,201
02/28/2015,HYA,MA,ANE,EN,Federal Contract Tower,0,11,6,0,17,0,149,67,0,216,0,160,73,0,233,26,26,52,285
03/01/2015,HYA,MA,ANE,EN,Federal Contract Tower,0,29,8,0,37,0,86,23,0,109,0,115,31,0,146,2,0,2,148
03/02/2015,HYA,MA,ANE,EN,Federal Contract Tower,0,13,1,0,14,0,119,30,0,149,0,132,31,0,163,18,0,18,181
03/03/2015,HYA,MA,ANE,EN,Federal Contract Tower,0,8,2,0,10,0,122,44,2,168,0,130,46,2,178,24,0,24,202
03/04/2015,HYA,MA,ANE,EN,Federal Contract Tower,0,146,42,0,188,0,60,20,0,80,0,206,62,0,268,20,0,20,288
03/05/2015,HYA,MA,ANE,EN,Federal Contract Tower,0,2,2,0,4,0,0,0,0,0,0,2,2,0,4,0,0,0,4
03/06/2015,HYA,MA,ANE,EN,Federal Contract Tower,0,17,15,0,32,0,157,40,0,197,0,174,55,0,229,58,0,58,287
03/07/2015,HYA,MA,ANE,EN,Federal Contract Tower,0,7,6,0,13,0,161,73,0,234,0,168,79,0,247,20,0,20,267
03/08/2015,HYA,MA,ANE,EN,Federal Contract Tower,0,9,7,0,16,0,127,43,0,170,0,136,50,0,186,4,0,4,190
03/09/2015,HYA,MA,ANE,EN,Federal Contract Tower,0,5,6,0,11,0,136,43,0,179,0,141,49,0,190,28,0,28,218
03/10/2015,HYA,MA,ANE,EN,Federal Contract Tower,0,6,11,0,17,0,159,54,2,215,0,165,65,2,232,16,0,16,248
03/11/2015,HYA,MA,ANE,EN,Federal Contract Tower,0,52,23,0,75,0,139,37,2,178,0,191,60,2,253,10,2,12,265
03/12/2015,HYA,MA,ANE,EN,Federal Contract Tower,0,14,9,0,23,0,188,36,0,224,0,202,45,0,247,42,0,42,289
03/13/2015,HYA,MA,ANE,EN,Federal Contract Tower,0,15,11,0,26,0,181,56,1,238,0,196,67,1,264,36,2,38,302
03/14/2015,HYA,MA,ANE,EN,Federal Contract Tower,0,42,9,0,51,0,57,15,0,72,0,99,24,0,123,0,0,0,123
03/15/2015,HYA,MA,ANE,EN,Federal Contract Tower,0,33,8,0,41,0,71,17,0,88,0,104,25,0,129,6,0,6,135
03/16/2015,HYA,MA,ANE,EN,Federal Contract Tower,0,12,2,0,14,0,148,39,0,187,0,160,41,0,201,20,0,20,221
03/17/2015,HYA,MA,ANE,EN,Federal Contract Tower,0,61,1,0,62,0,50,14,0,64,0,111,15,0,126,12,0,12,138
03/18/2015,HYA,MA,ANE,EN,Federal Contract Tower,0,19,8,0,27,0,186,42,0,228,0,205,50,0,255,16,0,16,271
03/19/2015,HYA,MA,ANE,EN,Federal Contract Tower,0,14,8,0,22,0,175,41,0,216,0,189,49,0,238,4,0,4,242
03/20/2015,HYA,MA,ANE,EN,Federal Contract Tower,0,23,4,0,27,0,140,42,0,182,0,163,46,0,209,52,2,54,263
03/22/2015,HYA,MA,ANE,EN,Federal Contract Tower,0,7,4,0,11,0,107,38,0,145,0,114,42,0,156,4,0,4,160
03/23/2015,HYA,MA,ANE,EN,Federal Contract Tower,0,7,4,0,11,0,151,34,0,185,0,158,38,0,196,20,0,20,216
03/24/2015,HYA,MA,ANE,EN,Federal Contract Tower,0,7,1,0,8,0,175,52,0,227,0,182,53,0,235,48,0,48,283
03/25/2015,HYA,MA,ANE,EN,Federal Contract Tower,0,9,4,0,13,0,160,51,0,211,0,169,55,0,224,50,0,50,274
03/26/2015,HYA,MA,ANE,EN,Federal Contract Tower,0,36,12,0,48,0,0,0,0,0,0,36,12,0,48,0,0,0,48
03/27/2015,HYA,MA,ANE,EN,Federal Contract Tower,0,90,15,0,105,0,43,19,0,62,0,133,34,0,167,0,0,0,167
03/28/2015,HYA,MA,ANE,EN,Federal Contract Tower,0,43,6,0,49,0,0,0,0,0,0,43,6,0,49,0,0,0,49
03/29/2015,HYA,MA,ANE,EN,Federal Contract Tower,0,2,3,0,5,0,96,58,0,154,0,98,61,0,159,16,0,16,175
03/30/2015,HYA,MA,ANE,EN,Federal Contract Tower,0,31,1,0,32,0,137,37,0,174,0,168,38,0,206,12,0,12,218
03/31/2015,HYA,MA,ANE,EN,Federal Contract Tower,0,6,11,0,17,0,164,52,0,216,0,170,63,0,233,46,0,46,279
04/01/2015,HYA,MA,ANE,EN,Federal Contract Tower,0,4,4,0,8,0,179,55,0,234,0,183,59,0,242,44,4,48,290
04/02/2015,HYA,MA,ANE,EN,Federal Contract Tower,0,8,7,0,15,0,193,42,0,235,0,201,49,0,250,16,0,16,266
04/03/2015,HYA,MA,ANE,EN,Federal Contract Tower,0,66,18,0,84,0,56,10,0,66,0,122,28,0,150,4,0,4,154
04/04/2015,HYA,MA,ANE,EN,Federal Contract Tower,0,19,7,0,26,0,92,49,0,141,0,111,56,0,167,0,0,0,167
04/05/2015,HYA,MA,ANE,EN,Federal Contract Tower,0,6,7,0,13,0,113,44,0,157,0,119,51,0,170,0,0,0,170
04/06/2015,HYA,MA,ANE,EN,Federal Contract Tower,0,4,4,0,8,0,161,46,0,207,0,165,50,0,215,20,0,20,235
04/07/2015,HYA,MA,ANE,EN,Federal Contract Tower,0,101,17,0,118,0,9,6,0,15,0,110,23,0,133,0,0,0,133
04/08/2015,HYA,MA,ANE,EN,Federal Contract Tower,0,23,9,0,32,0,142,35,0,177,0,165,44,0,209,8,0,8,217
04/09/2015,HYA,MA,ANE,EN,Federal Contract Tower,0,111,13,0,124,0,0,0,0,0,0,111,13,0,124,0,0,0,124
04/10/2015,HYA,MA,ANE,EN,Federal Contract Tower,0,78,16,0,94,0,0,0,0,0,0,78,16,0,94,0,0,0,94
04/11/2015,HYA,MA,ANE,EN,Federal Contract Tower,0,38,21,0,59,0,100,70,0,170,0,138,91,0,229,18,0,18,247
04/12/2015,HYA,MA,ANE,EN,Federal Contract Tower,0,7,9,0,16,0,127,74,0,201,0,134,83,0,217,14,0,14,231
04/13/2015,HYA,MA,ANE,EN,Federal Contract Tower,0,10,2,0,12,0,159,54,0,213,0,169,56,0,225,12,0,12,237
04/14/2015,HYA,MA,ANE,EN,Federal Contract Tower,0,31,2,0,33,0,134,34,0,168,0,165,36,0,201,4,0,4,205
04/15/2015,HYA,MA,ANE,EN,Federal Contract Tower,0,20,13,0,33,0,177,53,0,230,0,197,66,0,263,28,18,46,309
04/16/2015,HYA,MA,ANE,EN,Federal Contract Tower,0,18,18,0,36,0,200,58,0,258,0,218,76,0,294,40,0,40,334
04/17/2015,HYA,MA,ANE,EN,Federal Contract Tower,0,95,28,0,123,0,60,15,0,75,0,155,43,0,198,0,0,0,198
04/18/2015,HYA,MA,ANE,EN,Federal Contract Tower,0,12,8,0,20,0,153,76,0,229,0,165,84,0,249,50,0,50,299
04/19/2015,HYA,MA,ANE,EN,Federal Contract Tower,0,13,7,0,20,0,140,75,0,215,0,153,82,0,235,8,0,8,243
04/20/2015,HYA,MA,ANE,EN,Federal Contract Tower,0,26,2,0,28,0,108,27,0,135,0,134,29,0,163,4,0,4,167
04/21/2015,HYA,MA,ANE,EN,Federal Contract Tower,0,52,9,0,61,0,55,22,0,77,0,107,31,0,138,10,0,10,148
04/22/2015,HYA,MA,ANE,EN,Federal Contract Tower,0,27,17,0,44,0,190,60,0,250,0,217,77,0,294,26,0,26,320
04/23/2015,HYA,MA,ANE,EN,Federal Contract Tower,0,10,5,0,15,0,187,42,0,229,0,197,47,0,244,44,0,44,288
04/24/2015,HYA,MA,ANE,EN,Federal Contract Tower,0,19,24,0,43,0,178,76,0,254,0,197,100,0,297,12,0,12,309
04/26/2015,HYA,MA,ANE,EN,Federal Contract Tower,0,11,12,0,23,0,151,60,0,211,0,162,72,0,234,0,0,0,234
04/27/2015,HYA,MA,ANE,EN,Federal Contract Tower,0,5,6,0,11,0,166,44,0,210,0,171,50,0,221,14,0,14,235
04/28/2015,HYA,MA,ANE,EN,Federal Contract Tower,0,31,3,0,34,0,176,49,0,225,0,207,52,0,259,40,0,40,299
04/29/2015,HYA,MA,ANE,EN,Federal Contract Tower,0,5,14,0,19,0,195,64,0,259,0,200,78,0,278,4,0,4,282
04/30/2015,HYA,MA,ANE,EN,Federal Contract Tower,0,10,6,0,16,0,164,56,0,220,0,174,62,0,236,38,0,38,274
05/01/2015,HYA,MA,ANE,EN,Federal Contract Tower,0,58,13,0,71,0,151,38,0,189,0,209,51,0,260,46,0,46,306
05/02/2015,HYA,MA,ANE,EN,Federal Contract Tower,0,33,7,0,40,0,78,48,0,126,0,111,55,0,166,26,0,26,192
05/03/2015,HYA,MA,ANE,EN,Federal Contract Tower,0,5,15,0,20,0,107,66,0,173,0,112,81,0,193,8,0,8,201
05/04/2015,HYA,MA,ANE,EN,Federal Contract Tower,0,3,9,0,12,0,159,61,2,222,0,162,70,2,234,26,0,26,260
05/05/2015,HYA,MA,ANE,EN,Federal Contract Tower,0,21,9,0,30,0,173,54,1,228,0,194,63,1,258,46,0,46,304
05/06/2015,HYA,MA,ANE,EN,Federal Contract Tower,0,18,25,0,43,0,186,62,0,248,0,204,87,0,291,10,2,12,303
05/07/2015,HYA,MA,ANE,EN,Federal Contract Tower,0,23,15,0,38,0,194,52,0,246,0,217,67,0,284,58,2,60,344
05/08/2015,HYA,MA,ANE,EN,Federal Contract Tower,0,39,30,0,69,0,135,47,0,182,0,174,77,0,251,52,0,52,303
05/10/2015,HYA,MA,ANE,EN,Federal Contract Tower,0,69,22,0,91,0,30,23,0,53,0,99,45,0,144,0,0,0,144
05/11/2015,HYA,MA,ANE,EN,Federal Contract Tower,0,76,16,0,92,0,25,8,0,33,0,101,24,0,125,4,0,4,129
05/12/2015,HYA,MA,ANE,EN,Federal Contract Tower,0,70,23,0,93,0,2,2,0,4,0,72,25,0,97,0,2,2,99
05/13/2015,HYA,MA,ANE,EN,Federal Contract Tower,0,16,16,0,32,0,179,63,0,242,0,195,79,0,274,40,12,52,326
05/14/2015,HYA,MA,ANE,EN,Federal Contract Tower,0,21,12,0,33,0,200,64,0,264,0,221,76,0,297,18,0,18,315
05/15/2015,HYA,MA,ANE,EN,Federal Contract Tower,0,12,33,0,45,0,178,92,0,270,0,190,125,0,315,28,0,28,343
05/16/2015,HYA,MA,ANE,EN,Federal Contract Tower,0,18,16,0,34,0,148,61,0,209,0,166,77,0,243,22,0,22,265
05/17/2015,HYA,MA,ANE,EN,Federal Contract Tower,0,16,20,0,36,0,155,77,0,232,0,171,97,0,268,24,0,24,292
05/18/2015,HYA,MA,ANE,EN,Federal Contract Tower,0,61,17,0,78,0,72,34,0,106,0,133,51,0,184,8,0,8,192
05/19/2015,HYA,MA,ANE,EN,Federal Contract Tower,0,101,24,0,125,0,0,0,0,0,0,101,24,0,125,0,0,0,125
05/20/2015,HYA,MA,ANE,EN,Federal Contract Tower,0,25,33,0,58,0,187,66,0,253,0,212,99,0,311,26,0,26,337
05/21/2015,HYA,MA,ANE,EN,Federal Contract Tower,0,20,24,0,44,0,199,64,0,263,0,219,88,0,307,36,0,36,343
05/24/2015,HYA,MA,ANE,EN,Federal Contract Tower,0,10,18,0,28,0,144,75,0,219,0,154,93,0,247,44,0,44,291
05/25/2015,HYA,MA,ANE,EN,Federal Contract Tower,0,7,19,0,26,0,166,66,0,232,0,173,85,0,258,8,0,8,266
05/26/2015,HYA,MA,ANE,EN,Federal Contract Tower,0,18,13,0,31,0,185,57,0,242,0,203,70,0,273,14,0,14,287
05/27/2015,HYA,MA,ANE,EN,Federal Contract Tower,0,61,24,2,87,0,168,53,1,222,0,229,77,3,309,40,0,40,349
05/28/2015,HYA,MA,ANE,EN,Federal Contract Tower,0,73,25,0,98,0,156,39,0,195,0,229,64,0,293,44,0,44,337
05/29/2015,HYA,MA,ANE,EN,Federal Contract Tower,0,21,23,0,44,0,196,90,0,286,0,217,113,0,330,40,0,40,370
05/30/2015,HYA,MA,ANE,EN,Federal Contract Tower,0,53,22,0,75,0,141,67,0,208,0,194,89,0,283,6,0,6,289
05/31/2015,HYA,MA,ANE,EN,Federal Contract Tower,0,48,19,0,67,0,112,43,0,155,0,160,62,0,222,0,0,0,222
06/01/2015,HYA,MA,ANE,EN,Federal Contract Tower,0,122,19,4,145,0,0,0,0,0,0,122,19,4,145,0,0,0,145
06/02/2015,HYA,MA,ANE,EN,Federal Contract Tower,0,93,30,0,123,0,0,0,0,0,0,93,30,0,123,0,0,0,123
06/03/2015,HYA,MA,ANE,EN,Federal Contract Tower,0,64,26,0,90,0,169,61,0,230,0,233,87,0,320,32,0,32,352
06/04/2015,HYA,MA,ANE,EN,Federal Contract Tower,0,27,17,0,44,0,205,70,0,275,0,232,87,0,319,76,2,78,397
06/05/2015,HYA,MA,ANE,EN,Federal Contract Tower,0,46,25,0,71,0,184,81,0,265,0,230,106,0,336,38,0,38,374
06/06/2015,HYA,MA,ANE,EN,Federal Contract Tower,0,61,31,0,92,0,93,56,0,149,0,154,87,0,241,0,0,0,241
06/07/2015,HYA,MA,ANE,EN,Federal Contract Tower,0,24,22,1,47,0,173,77,0,250,0,197,99,1,297,26,0,26,323
06/08/2015,HYA,MA,ANE,EN,Federal Contract Tower,0,15,13,0,28,0,164,49,0,213,0,179,62,0,241,12,0,12,253
06/09/2015,HYA,MA,ANE,EN,Federal Contract Tower,0,69,10,2,81,0,73,26,0,99,0,142,36,2,180,14,0,14,194
06/10/2015,HYA,MA,ANE,EN,Federal Contract Tower,0,23,27,0,50,0,182,85,0,267,0,205,112,0,317,28,6,34,351
06/11/2015,HYA,MA,ANE,EN,Federal Contract Tower,0,21,19,0,40,0,209,49,0,258,0,230,68,0,298,36,0,36,334
06/12/2015,HYA,MA,ANE,EN,Federal Contract Tower,0,45,22,0,67,0,160,60,0,220,0,205,82,0,287,34,0,34,321
06/13/2015,HYA,MA,ANE,EN,Federal Contract Tower,0,20,11,0,31,0,128,74,0,202,0,148,85,0,233,24,0,24,257
06/14/2015,HYA,MA,ANE,EN,Federal Contract Tower,0,11,19,0,30,0,132,58,0,190,0,143,77,0,220,12,0,12,232
06/15/2015,HYA,MA,ANE,EN,Federal Contract Tower,0,85,27,0,112,0,87,41,0,128,0,172,68,0,240,0,0,0,240
06/16/2015,HYA,MA,ANE,EN,Federal Contract Tower,0,111,17,0,128,0,19,5,0,24,0,130,22,0,152,0,2,2,154
06/17/2015,HYA,MA,ANE,EN,Federal Contract Tower,0,47,37,0,84,0,190,69,4,263,0,237,106,4,347,30,0,30,377
06/18/2015,HYA,MA,ANE,EN,Federal Contract Tower,2,39,23,0,64,0,191,77,1,269,2,230,100,1,333,20,2,22,355
06/19/2015,HYA,MA,ANE,EN,Federal Contract Tower,2,56,24,0,82,0,175,73,0,248,2,231,97,0,330,26,0,26,356
06/20/2015,HYA,MA,ANE,EN,Federal Contract Tower,2,22,22,0,46,0,150,84,0,234,2,172,106,0,280,40,0,40,320
06/21/2015,HYA,MA,ANE,EN,Federal Contract Tower,2,89,22,0,113,0,25,8,0,33,2,114,30,0,146,0,0,0,146
06/22/2015,HYA,MA,ANE,EN,Federal Contract Tower,2,105,40,0,147,0,94,36,0,130,2,199,76,0,277,18,0,18,295
06/23/2015,HYA,MA,ANE,EN,Federal Contract Tower,2,43,23,0,68,0,119,49,0,168,2,162,72,0,236,16,0,16,252
06/24/2015,HYA,MA,ANE,EN,Federal Contract Tower,2,22,26,0,50,0,185,92,0,277,2,207,118,0,327,34,0,34,361
06/25/2015,HYA,MA,ANE,EN,Federal Contract Tower,2,13,34,0,49,0,203,95,0,298,2,216,129,0,347,32,18,50,397
06/26/2015,HYA,MA,ANE,EN,Federal Contract Tower,2,69,40,0,111,0,169,95,0,264,2,238,135,0,375,18,0,18,393
06/27/2015,HYA,MA,ANE,EN,Federal Contract Tower,3,13,19,0,35,0,161,75,0,236,3,174,94,0,271,32,0,32,303
06/28/2015,HYA,MA,ANE,EN,Federal Contract Tower,0,109,36,0,145,0,0,0,0,0,0,109,36,0,145,0,0,0,145
06/29/2015,HYA,MA,ANE,EN,Federal Contract Tower,2,88,40,0,130,0,90,41,0,131,2,178,81,0,261,0,0,0,261
06/30/2015,HYA,MA,ANE,EN,Federal Contract Tower,2,24,28,0,54,0,200,98,1,299,2,224,126,1,353,22,2,24,377
07/01/2015,HYA,MA,ANE,EN,Federal Contract Tower,2,69,42,0,113,0,84,45,0,129,2,153,87,0,242,14,0,14,256
07/02/2015,HYA,MA,ANE,EN,Federal Contract Tower,0,54,44,0,98,0,216,95,0,311,0,270,139,0,409,10,2,12,421
07/03/2015,HYA,MA,ANE,EN,Federal Contract Tower,2,31,32,0,65,0,171,109,0,280,2,202,141,0,345,32,0,32,377
07/04/2015,HYA,MA,ANE,EN,Federal Contract Tower,2,18,23,0,43,0,148,60,0,208,2,166,83,0,251,6,0,6,257
07/05/2015,HYA,MA,ANE,EN,Federal Contract Tower,2,32,46,0,80,0,167,80,0,247,2,199,126,0,327,18,0,18,345
07/06/2015,HYA,MA,ANE,EN,Federal Contract Tower,2,28,28,0,58,0,169,67,0,236,2,197,95,0,294,28,0,28,322
07/07/2015,HYA,MA,ANE,EN,Federal Contract Tower,2,80,31,0,113,0,70,41,0,111,2,150,72,0,224,0,0,0,224
07/08/2015,HYA,MA,ANE,EN,Federal Contract Tower,2,73,25,0,100,0,119,44,0,163,2,192,69,0,263,66,0,66,329
07/09/2015,HYA,MA,ANE,EN,Federal Contract Tower,2,46,15,0,63,0,192,42,0,234,2,238,57,0,297,26,2,28,325
07/10/2015,HYA,MA,ANE,EN,Federal Contract Tower,2,85,46,1,134,0,104,58,0,162,2,189,104,1,296,18,0,18,314
07/11/2015,HYA,MA,ANE,EN,Federal Contract Tower,2,39,27,0,68,0,172,99,0,271,2,211,126,0,339,56,0,56,395
07/12/2015,HYA,MA,ANE,EN,Federal Contract Tower,2,30,38,0,70,0,167,87,0,254,2,197,125,0,324,26,0,26,350
07/13/2015,HYA,MA,ANE,EN,Federal Contract Tower,2,22,31,3,58,0,168,76,0,244,2,190,107,3,302,88,0,88,390
07/14/2015,HYA,MA,ANE,EN,Federal Contract Tower,2,49,16,0,67,0,151,54,0,205,2,200,70,0,272,38,0,38,310
07/15/2015,HYA,MA,ANE,EN,Federal Contract Tower,2,113,40,0,155,0,127,49,0,176,2,240,89,0,331,4,0,4,335
07/16/2015,HYA,MA,ANE,EN,Federal Contract Tower,2,20,31,0,53,0,200,81,0,281,2,220,112,0,334,40,0,40,374
07/17/2015,HYA,MA,ANE,EN,Federal Contract Tower,2,31,38,0,71,0,190,138,0,328,2,221,176,0,399,6,0,6,405
07/18/2015,HYA,MA,ANE,EN,Federal Contract Tower,2,24,19,0,45,0,169,79,0,248,2,193,98,0,293,24,0,24,317
07/19/2015,HYA,MA,ANE,EN,Federal Contract Tower,2,96,47,0,145,0,73,68,0,141,2,169,115,0,286,10,0,10,296
07/20/2015,HYA,MA,ANE,EN,Federal Contract Tower,2,68,26,0,96,0,130,53,0,183,2,198,79,0,279,22,0,22,301
07/21/2015,HYA,MA,ANE,EN,Federal Contract Tower,2,73,32,1,108,0,118,49,0,167,2,191,81,1,275,68,2,70,345
07/22/2015,HYA,MA,ANE,EN,Federal Contract Tower,2,28,37,0,67,0,174,103,0,277,2,202,140,0,344,44,0,44,388
07/23/2015,HYA,MA,ANE,EN,Federal Contract Tower,2,37,34,0,73,0,199,85,0,284,2,236,119,0,357,84,0,84,441
07/24/2015,HYA,MA,ANE,EN,Federal Contract Tower,2,51,48,0,101,0,190,107,0,297,2,241,155,0,398,28,0,28,426
07/25/2015,HYA,MA,ANE,EN,Federal Contract Tower,2,36,33,0,71,0,149,74,0,223,2,185,107,0,294,16,0,16,310
07/26/2015,HYA,MA,ANE,EN,Federal Contract Tower,2,52,61,0,115,0,143,75,0,218,2,195,136,0,333,2,0,2,335
07/27/2015,HYA,MA,ANE,EN,Federal Contract Tower,2,56,31,0,89,0,146,54,2,202,2,202,85,2,291,24,0,24,315
07/28/2015,HYA,MA,ANE,EN,Federal Contract Tower,2,60,24,0,86,0,132,64,1,197,2,192,88,1,283,36,0,36,319
07/29/2015,HYA,MA,ANE,EN,Federal Contract Tower,2,48,35,0,85,0,184,91,0,275,2,232,126,0,360,46,0,46,406
07/30/2015,HYA,MA,ANE,EN,Federal Contract Tower,2,74,41,0,117,0,164,53,0,217,2,238,94,0,334,6,0,6,340
07/31/2015,HYA,MA,ANE,EN,Federal Contract Tower,2,37,37,0,76,0,176,97,0,273,2,213,134,0,349,20,0,20,369
08/01/2015,HYA,MA,ANE,EN,Federal Contract Tower,2,25,39,0,66,0,149,94,0,243,2,174,133,0,309,22,0,22,331
08/02/2015,HYA,MA,ANE,EN,Federal Contract Tower,2,39,27,0,68,0,169,109,0,278,2,208,136,0,346,14,0,14,360
08/03/2015,HYA,MA,ANE,EN,Federal Contract Tower,2,50,28,0,80,0,154,62,0,216,2,204,90,0,296,10,0,10,306
08/04/2015,HYA,MA,ANE,EN,Federal Contract Tower,2,91,30,1,124,0,109,43,7,159,2,200,73,8,283,38,0,38,321
08/05/2015,HYA,MA,ANE,EN,Federal Contract Tower,2,32,32,0,66,0,196,96,0,292,2,228,128,0,358,52,0,52,410
08/06/2015,HYA,MA,ANE,EN,Federal Contract Tower,2,41,39,0,82,0,195,110,2,307,2,236,149,2,389,54,4,58,447
08/07/2015,HYA,MA,ANE,EN,Federal Contract Tower,2,53,49,0,104,0,160,86,0,246,2,213,135,0,350,32,0,32,382
08/08/2015,HYA,MA,ANE,EN,Federal Contract Tower,2,46,69,0,117,0,149,87,0,236,2,195,156,0,353,0,0,0,353
08/09/2015,HYA,MA,ANE,EN,Federal Contract Tower,2,120,47,0,169,0,39,19,0,58,2,159,66,0,227,0,0,0,227
08/10/2015,HYA,MA,ANE,EN,Federal Contract Tower,2,60,45,0,107,0,112,61,0,173,2,172,106,0,280,0,0,0,280
08/11/2015,HYA,MA,ANE,EN,Federal Contract Tower,2,105,32,0,139,0,50,32,0,82,2,155,64,0,221,0,0,0,221
08/12/2015,HYA,MA,ANE,EN,Federal Contract Tower,2,80,70,0,152,0,167,60,0,227,2,247,130,0,379,0,0,0,379
08/13/2015,HYA,MA,ANE,EN,Federal Contract Tower,2,51,77,0,130,0,170,79,0,249,2,221,156,0,379,0,0,0,379
08/14/2015,HYA,MA,ANE,EN,Federal Contract Tower,2,64,79,0,145,0,175,103,0,278,2,239,182,0,423,0,0,0,423
08/15/2015,HYA,MA,ANE,EN,Federal Contract Tower,2,45,55,0,102,0,155,104,0,259,2,200,159,0,361,0,0,0,361
08/16/2015,HYA,MA,ANE,EN,Federal Contract Tower,2,70,49,0,121,0,171,111,0,282,2,241,160,0,403,0,0,0,403
08/17/2015,HYA,MA,ANE,EN,Federal Contract Tower,2,44,48,0,94,0,155,73,0,228,2,199,121,0,322,0,0,0,322
08/18/2015,HYA,MA,ANE,EN,Federal Contract Tower,2,36,33,0,71,0,140,70,0,210,2,176,103,0,281,0,0,0,281
08/19/2015,HYA,MA,ANE,EN,Federal Contract Tower,2,63,65,0,130,0,172,62,0,234,2,235,127,0,364,0,0,0,364
08/20/2015,HYA,MA,ANE,EN,Federal Contract Tower,1,111,87,0,199,0,130,57,0,187,1,241,144,0,386,0,0,0,386
08/21/2015,HYA,MA,ANE,EN,Federal Contract Tower,2,75,55,0,132,0,160,76,0,236,2,235,131,0,368,0,0,0,368
08/22/2015,HYA,MA,ANE,EN,Federal Contract Tower,2,100,52,0,154,0,0,0,0,0,2,100,52,0,154,0,0,0,154
08/23/2015,HYA,MA,ANE,EN,Federal Contract Tower,2,134,67,0,203,0,3,1,0,4,2,137,68,0,207,4,0,4,211
08/24/2015,HYA,MA,ANE,EN,Federal Contract Tower,2,135,51,0,188,0,39,18,0,57,2,174,69,0,245,6,0,6,251
08/25/2015,HYA,MA,ANE,EN,Federal Contract Tower,2,73,19,0,94,0,56,21,0,77,2,129,40,0,171,4,0,4,175
08/26/2015,HYA,MA,ANE,EN,Federal Contract Tower,0,31,37,6,74,0,191,83,0,274,0,222,120,6,348,42,0,42,390
08/27/2015,HYA,MA,ANE,EN,Federal Contract Tower,2,35,24,0,61,0,194,97,0,291,2,229,121,0,352,30,0,30,382
08/28/2015,HYA,MA,ANE,EN,Federal Contract Tower,2,28,26,0,56,0,172,94,0,266,2,200,120,0,322,66,0,66,388
08/29/2015,HYA,MA,ANE,EN,Federal Contract Tower,2,19,14,0,35,0,153,90,0,243,2,172,104,0,278,28,0,28,306
08/30/2015,HYA,MA,ANE,EN,Federal Contract Tower,2,32,30,0,64,0,160,79,0,239,2,192,109,0,303,8,0,8,311
08/31/2015,HYA,MA,ANE,EN,Federal Contract Tower,2,39,14,0,55,0,175,66,0,241,2,214,80,0,296,18,0,18,314
09/01/2015,HYA,MA,ANE,EN,Federal Contract Tower,2,21,6,0,29,0,146,71,0,217,2,167,77,0,246,16,0,16,262
09/03/2015,HYA,MA,ANE,EN,Federal Contract Tower,2,35,22,0,59,0,187,65,0,252,2,222,87,0,311,56,2,58,369
09/04/2015,HYA,MA,ANE,EN,Federal Contract Tower,2,104,40,0,146,0,138,68,0,206,2,242,108,0,352,0,0,0,352
09/05/2015,HYA,MA,ANE,EN,Federal Contract Tower,2,22,15,0,39,0,153,98,0,251,2,175,113,0,290,36,0,36,326
09/06/2015,HYA,MA,ANE,EN,Federal Contract Tower,0,2,16,10,28,0,155,73,0,228,0,157,89,10,256,44,0,44,300
09/07/2015,HYA,MA,ANE,EN,Federal Contract Tower,2,42,16,0,60,0,175,72,0,247,2,217,88,0,307,18,0,18,325
09/08/2015,HYA,MA,ANE,EN,Federal Contract Tower,2,14,8,0,24,0,146,75,0,221,2,160,83,0,245,4,0,4,249
09/09/2015,HYA,MA,ANE,EN,Federal Contract Tower,0,63,13,0,76,0,72,29,0,101,0,135,42,0,177,14,4,18,195
09/10/2015,HYA,MA,ANE,EN,Federal Contract Tower,0,78,24,0,102,0,0,0,0,0,0,78,24,0,102,0,0,0,102
09/11/2015,HYA,MA,ANE,EN,Federal Contract Tower,0,135,51,0,186,0,32,18,0,50,0,167,69,0,236,0,0,0,236
09/12/2015,HYA,MA,ANE,EN,Federal Contract Tower,0,25,12,2,39,0,156,99,0,255,0,181,111,2,294,70,0,70,364
09/13/2015,HYA,MA,ANE,EN,Federal Contract Tower,0,117,20,0,137,0,13,8,2,23,0,130,28,2,160,0,0,0,160
09/14/2015,HYA,MA,ANE,EN,Federal Contract Tower,0,16,14,0,30,0,143,58,0,201,0,159,72,0,231,20,0,20,251
09/15/2015,HYA,MA,ANE,EN,Federal Contract Tower,0,15,7,0,22,0,129,82,0,211,0,144,89,0,233,26,0,26,259
09/16/2015,HYA,MA,ANE,EN,Federal Contract Tower,0,18,16,0,34,0,176,67,0,243,0,194,83,0,277,50,20,70,347
09/17/2015,HYA,MA,ANE,EN,Federal Contract Tower,0,28,11,0,39,0,183,62,0,245,0,211,73,0,284,48,0,48,332
09/18/2015,HYA,MA,ANE,EN,Federal Contract Tower,0,19,13,0,32,0,173,73,0,246,0,192,86,0,278,40,0,40,318
09/19/2015,HYA,MA,ANE,EN,Federal Contract Tower,0,50,22,0,72,0,112,70,0,182,0,162,92,0,254,12,0,12,266
09/20/2015,HYA,MA,ANE,EN,Federal Contract Tower,0,58,18,0,76,0,105,41,0,146,0,163,59,0,222,4,0,4,226
09/21/2015,HYA,MA,ANE,EN,Federal Contract Tower,0,24,14,0,38,0,153,47,0,200,0,177,61,0,238,18,0,18,256
09/22/2015,HYA,MA,ANE,EN,Federal Contract Tower,0,16,7,0,23,0,138,52,0,190,0,154,59,0,213,31,0,31,244
09/23/2015,HYA,MA,ANE,EN,Federal Contract Tower,0,19,20,0,39,0,189,64,0,253,0,208,84,0,292,54,0,54,346
09/24/2015,HYA,MA,ANE,EN,Federal Contract Tower,0,19,5,0,24,0,198,51,0,249,0,217,56,0,273,44,2,46,319
09/25/2015,HYA,MA,ANE,EN,Federal Contract Tower,0,14,16,0,30,0,183,81,0,264,0,197,97,0,294,52,0,52,346
09/26/2015,HYA,MA,ANE,EN,Federal Contract Tower,0,22,14,0,36,0,148,67,0,215,0,170,81,0,251,4,0,4,255
09/27/2015,HYA,MA,ANE,EN,Federal Contract Tower,0,17,9,0,26,0,137,66,0,203,0,154,75,0,229,0,0,0,229
09/28/2015,HYA,MA,ANE,EN,Federal Contract Tower,0,14,8,0,22,0,142,52,0,194,0,156,60,0,216,16,0,16,232
09/29/2015,HYA,MA,ANE,EN,Federal Contract Tower,0,32,9,0,41,0,120,48,0,168,0,152,57,0,209,20,0,20,229
09/30/2015,HYA,MA,ANE,EN,Federal Contract Tower,0,81,41,0,122,0,4,4,0,8,0,85,45,0,130,2,0,2,132
10/01/2015,HYA,MA,ANE,EN,Federal Contract Tower,0,127,24,0,151,0,59,15,0,74,0,186,39,0,225,0,0,0,225
10/02/2015,HYA,MA,ANE,EN,Federal Contract Tower,0,159,24,0,183,0,2,4,0,6,0,161,28,0,189,12,0,12,201
10/03/2015,HYA,MA,ANE,EN,Federal Contract Tower,0,57,3,0,60,0,28,31,0,59,0,85,34,0,119,0,0,0,119
10/04/2015,HYA,MA,ANE,EN,Federal Contract Tower,0,56,9,0,65,0,118,36,0,154,0,174,45,0,219,0,0,0,219
10/05/2015,HYA,MA,ANE,EN,Federal Contract Tower,0,56,8,0,64,0,122,37,0,159,0,178,45,0,223,16,0,16,239
10/06/2015,HYA,MA,ANE,EN,Federal Contract Tower,0,25,5,0,30,0,110,57,0,167,0,135,62,0,197,16,0,16,213
10/07/2015,HYA,MA,ANE,EN,Federal Contract Tower,0,11,11,0,22,0,179,71,0,250,0,190,82,0,272,34,0,34,306
10/08/2015,HYA,MA,ANE,EN,Federal Contract Tower,0,20,15,0,35,0,184,61,0,245,0,204,76,0,280,68,0,68,348
10/09/2015,HYA,MA,ANE,EN,Federal Contract Tower,0,29,18,0,47,0,161,56,0,217,0,190,74,0,264,24,2,26,290
10/10/2015,HYA,MA,ANE,EN,Federal Contract Tower,0,15,10,0,25,0,148,82,0,230,0,163,92,0,255,2,0,2,257
10/11/2015,HYA,MA,ANE,EN,Federal Contract Tower,0,28,10,0,38,0,142,54,0,196,0,170,64,0,234,10,0,10,244
10/12/2015,HYA,MA,ANE,EN,Federal Contract Tower,0,13,22,0,35,0,155,54,0,209,0,168,76,0,244,10,0,10,254
10/13/2015,HYA,MA,ANE,EN,Federal Contract Tower,0,43,13,0,56,0,0,0,0,0,0,43,13,0,56,14,0,14,70
10/15/2015,HYA,MA,ANE,EN,Federal Contract Tower,0,10,23,0,33,0,183,62,0,245,0,193,85,0,278,28,0,28,306
10/16/2015,HYA,MA,ANE,EN,Federal Contract Tower,0,22,13,0,35,0,159,62,2,223,0,181,75,2,258,4,0,4,262
10/17/2015,HYA,MA,ANE,EN,Federal Contract Tower,0,13,12,0,25,0,145,56,0,201,0,158,68,0,226,20,0,20,246
10/18/2015,HYA,MA,ANE,EN,Federal Contract Tower,0,13,5,0,18,0,139,66,0,205,0,152,71,0,223,20,0,20,243
10/19/2015,HYA,MA,ANE,EN,Federal Contract Tower,0,11,5,0,16,0,151,0,0,151,0,162,5,0,167,16,16,32,199
10/20/2015,HYA,MA,ANE,EN,Federal Contract Tower,0,9,4,0,13,0,110,35,0,145,0,119,39,0,158,12,0,12,170
10/21/2015,HYA,MA,ANE,EN,Federal Contract Tower,0,13,10,0,23,0,174,56,0,230,0,187,66,0,253,64,0,64,317
10/22/2015,HYA,MA,ANE,EN,Federal Contract Tower,0,15,8,0,23,0,177,46,0,223,0,192,54,0,246,52,0,52,298
10/23/2015,HYA,MA,ANE,EN,Federal Contract Tower,0,16,13,0,29,0,175,51,0,226,0,191,64,0,255,62,0,62,317
10/24/2015,HYA,MA,ANE,EN,Federal Contract Tower,0,22,14,0,36,0,129,44,0,173,0,151,58,0,209,2,0,2,211
10/25/2015,HYA,MA,ANE,EN,Federal Contract Tower,0,32,8,0,40,0,152,43,0,195,0,184,51,0,235,16,0,16,251
10/26/2015,HYA,MA,ANE,EN,Federal Contract Tower,0,9,3,0,12,0,144,50,0,194,0,153,53,0,206,8,0,8,214
10/27/2015,HYA,MA,ANE,EN,Federal Contract Tower,0,16,1,0,17,0,110,57,0,167,0,126,58,0,184,6,0,6,190
10/28/2015,HYA,MA,ANE,EN,Federal Contract Tower,0,49,25,0,74,0,156,46,0,202,0,205,71,0,276,26,0,26,302
10/29/2015,HYA,MA,ANE,EN,Federal Contract Tower,0,95,24,0,119,0,100,20,0,120,0,195,44,0,239,4,0,4,243
10/30/2015,HYA,MA,ANE,EN,Federal Contract Tower,0,14,11,0,25,0,163,62,0,225,0,177,73,0,250,54,0,54,304
10/31/2015,HYA,MA,ANE,EN,Federal Contract Tower,0,10,14,0,24,0,140,62,0,202,0,150,76,0,226,40,0,40,266
11/01/2015,HYA,MA,ANE,EN,Federal Contract Tower,0,20,9,0,29,0,120,55,0,175,0,140,64,0,204,20,0,20,224
11/02/2015,HYA,MA,ANE,EN,Federal Contract Tower,0,7,6,0,13,0,151,48,2,201,0,158,54,2,214,2,0,2,216
11/03/2015,HYA,MA,ANE,EN,Federal Contract Tower,0,12,8,0,20,0,113,55,0,168,0,125,63,0,188,28,0,28,216
11/04/2015,HYA,MA,ANE,EN,Federal Contract Tower,0,13,18,0,31,0,165,64,0,229,0,178,82,0,260,66,0,66,326
11/05/2015,HYA,MA,ANE,EN,Federal Contract Tower,0,43,19,0,62,0,172,30,0,202,0,215,49,0,264,58,0,58,322
11/06/2015,HYA,MA,ANE,EN,Federal Contract Tower,0,111,29,0,140,0,0,0,0,0,0,111,29,0,140,0,0,0,140
11/07/2015,HYA,MA,ANE,EN,Federal Contract Tower,0,10,13,0,23,0,148,69,0,217,0,158,82,0,240,10,0,10,250
11/08/2015,HYA,MA,ANE,EN,Federal Contract Tower,0,18,10,0,28,0,130,51,0,181,0,148,61,0,209,36,0,36,245
11/09/2015,HYA,MA,ANE,EN,Federal Contract Tower,0,12,5,0,17,0,143,43,0,186,0,155,48,0,203,15,0,15,218
11/10/2015,HYA,MA,ANE,EN,Federal Contract Tower,0,23,11,0,34,0,102,43,0,145,0,125,54,0,179,2,0,2,181
11/11/2015,HYA,MA,ANE,EN,Federal Contract Tower,0,72,22,0,94,0,0,0,0,0,0,72,22,0,94,0,0,0,94
11/12/2015,HYA,MA,ANE,EN,Federal Contract Tower,0,89,12,0,101,0,17,11,0,28,0,106,23,0,129,0,0,0,129
11/13/2015,HYA,MA,ANE,EN,Federal Contract Tower,0,10,7,0,17,0,165,51,0,216,0,175,58,0,233,20,0,20,253
11/14/2015,HYA,MA,ANE,EN,Federal Contract Tower,0,11,4,0,15,0,151,57,0,208,0,162,61,0,223,16,0,16,239
11/15/2015,HYA,MA,ANE,EN,Federal Contract Tower,0,11,7,0,18,0,136,42,0,178,0,147,49,0,196,6,0,6,202
11/16/2015,HYA,MA,ANE,EN,Federal Contract Tower,0,5,6,0,11,0,160,56,0,216,0,165,62,0,227,12,0,12,239
11/17/2015,HYA,MA,ANE,EN,Federal Contract Tower,0,7,5,0,12,0,124,45,0,169,0,131,50,0,181,20,0,20,201
11/18/2015,HYA,MA,ANE,EN,Federal Contract Tower,0,7,3,0,10,0,172,55,0,227,0,179,58,0,237,30,0,30,267
11/19/2015,HYA,MA,ANE,EN,Federal Contract Tower,0,18,6,0,24,0,173,34,0,207,0,191,40,0,231,48,4,52,283
11/20/2015,HYA,MA,ANE,EN,Federal Contract Tower,0,69,20,2,91,0,90,30,0,120,0,159,50,2,211,4,0,4,215
11/21/2015,HYA,MA,ANE,EN,Federal Contract Tower,0,14,10,0,24,0,137,62,0,199,0,151,72,0,223,7,0,7,230
11/22/2015,HYA,MA,ANE,EN,Federal Contract Tower,0,57,12,0,69,0,31,8,0,39,0,88,20,0,108,0,0,0,108
11/23/2015,HYA,MA,ANE,EN,Federal Contract Tower,0,27,0,0,27,0,145,39,0,184,0,172,39,0,211,32,0,32,243
11/24/2015,HYA,MA,ANE,EN,Federal Contract Tower,0,22,6,0,28,0,136,41,0,177,0,158,47,0,205,12,0,12,217
11/25/2015,HYA,MA,ANE,EN,Federal Contract Tower,0,16,11,0,27,0,176,63,0,239,0,192,74,0,266,60,0,60,326
11/26/2015,HYA,MA,ANE,EN,Federal Contract Tower,0,5,3,0,8,0,126,20,0,146,0,131,23,0,154,0,0,0,154
11/27/2015,HYA,MA,ANE,EN,Federal Contract Tower,0,22,13,0,35,0,155,49,0,204,0,177,62,0,239,30,0,30,269
11/29/2015,HYA,MA,ANE,EN,Federal Contract Tower,0,24,10,0,34,0,150,51,0,201,0,174,61,0,235,22,0,22,257
12/01/2015,HYA,MA,ANE,EN,Federal Contract Tower,0,20,3,0,23,0,0,0,0,0,0,20,3,0,23,24,0,24,47
12/02/2015,HYA,MA,ANE,EN,Federal Contract Tower,0,112,47,0,159,0,0,0,0,0,0,112,47,0,159,0,0,0,159
12/03/2015,HYA,MA,ANE,EN,Federal Contract Tower,0,63,21,0,84,0,131,23,0,154,0,194,44,0,238,38,0,38,276
12/04/2015,HYA,MA,ANE,EN,Federal Contract Tower,0,18,17,0,35,0,168,73,0,241,0,186,90,0,276,16,0,16,292
12/05/2015,HYA,MA,ANE,EN,Federal Contract Tower,0,11,10,0,21,0,144,79,0,223,0,155,89,0,244,4,0,4,248
12/06/2015,HYA,MA,ANE,EN,Federal Contract Tower,0,17,8,0,25,0,149,71,0,220,0,166,79,0,245,12,0,12,257
12/07/2015,HYA,MA,ANE,EN,Federal Contract Tower,0,14,8,0,22,0,149,57,0,206,0,163,65,0,228,14,0,14,242
12/08/2015,HYA,MA,ANE,EN,Federal Contract Tower,0,43,2,2,47,0,82,28,0,110,0,125,30,2,157,6,0,6,163
12/09/2015,HYA,MA,ANE,EN,Federal Contract Tower,0,29,17,0,46,0,165,61,0,226,0,194,78,0,272,40,0,40,312
12/10/2015,HYA,MA,ANE,EN,Federal Contract Tower,0,53,10,0,63,0,131,36,0,167,0,184,46,0,230,24,0,24,254
12/11/2015,HYA,MA,ANE,EN,Federal Contract Tower,0,40,27,0,67,0,37,17,0,54,0,77,44,0,121,8,0,8,129
12/12/2015,HYA,MA,ANE,EN,Federal Contract Tower,0,17,14,0,31,0,134,55,0,189,0,151,69,0,220,26,0,26,246
12/13/2015,HYA,MA,ANE,EN,Federal Contract Tower,0,10,6,0,16,0,115,45,0,160,0,125,51,0,176,6,0,6,182
12/15/2015,HYA,MA,ANE,EN,Federal Contract Tower,0,24,4,0,28,0,75,31,0,106,0,99,35,0,134,15,0,15,149
12/16/2015,HYA,MA,ANE,EN,Federal Contract Tower,0,19,19,0,38,0,144,53,2,199,0,163,72,2,237,44,0,44,281
12/17/2015,HYA,MA,ANE,EN,Federal Contract Tower,0,112,25,0,137,0,24,4,0,28,0,136,29,0,165,0,0,0,165
12/18/2015,HYA,MA,ANE,EN,Federal Contract Tower,0,126,56,0,182,0,14,0,0,14,0,140,56,0,196,4,0,4,200
12/19/2015,HYA,MA,ANE,EN,Federal Contract Tower,0,15,12,0,27,0,147,62,0,209,0,162,74,0,236,36,0,36,272
12/20/2015,HYA,MA,ANE,EN,Federal Contract Tower,0,15,4,0,19,0,144,57,0,201,0,159,61,0,220,24,0,24,244
12/21/2015,HYA,MA,ANE,EN,Federal Contract Tower,0,18,6,0,24,0,132,47,0,179,0,150,53,0,203,16,0,16,219
12/22/2015,HYA,MA,ANE,EN,Federal Contract Tower,0,30,12,0,42,0,0,0,0,0,0,30,12,0,42,14,0,14,56
12/23/2015,HYA,MA,ANE,EN,Federal Contract Tower,0,73,38,0,111,86,28,0,0,114,86,101,38,0,225,17,0,17,242
12/24/2015,HYA,MA,ANE,EN,Federal Contract Tower,0,141,35,0,176,0,29,11,0,40,0,170,46,0,216,0,0,0,216
12/25/2015,HYA,MA,ANE,EN,Federal Contract Tower,0,19,7,0,26,0,140,44,0,184,0,159,51,0,210,0,0,0,210
12/26/2015,HYA,MA,ANE,EN,Federal Contract Tower,0,10,9,0,19,0,125,58,0,183,0,135,67,0,202,6,0,6,208
12/27/2015,HYA,MA,ANE,EN,Federal Contract Tower,0,46,21,0,67,0,2,0,0,2,0,48,21,0,69,10,0,10,79
12/28/2015,HYA,MA,ANE,EN,Federal Contract Tower,0,10,2,0,12,0,114,46,0,160,0,124,48,0,172,32,0,32,204
12/29/2015,HYA,MA,ANE,EN,Federal Contract Tower,0,28,9,0,37,0,7,11,0,18,0,35,20,0,55,10,0,10,65
12/30/2015,HYA,MA,ANE,EN,Federal Contract Tower,0,54,23,0,77,0,31,21,0,52,0,85,44,0,129,14,0,14,143
12/31/2015,HYA,MA,ANE,EN,Federal Contract Tower,0,40,13,0,53,0,51,21,0,72,0,91,34,0,125,14,0,14,139
01/01/2016,HYA,MA,ANE,EN,Federal Contract Tower,0,6,10,0,16,0,81,53,0,134,0,87,63,0,150,6,0,6,156
01/02/2016,HYA,MA,ANE,EN,Federal Contract Tower,0,10,5,0,15,0,90,59,0,149,0,100,64,0,164,20,0,20,184
01/03/2016,HYA,MA,ANE,EN,Federal Contract Tower,0,10,4,0,14,0,93,50,0,143,0,103,54,0,157,32,0,32,189
01/04/2016,HYA,MA,ANE,EN,Federal Contract Tower,0,24,5,0,29,0,86,33,0,119,0,110,38,0,148,24,0,24,172
01/05/2016,HYA,MA,ANE,EN,Federal Contract Tower,0,24,9,0,33,0,37,20,0,57,0,61,29,0,90,30,0,30,120
01/06/2016,HYA,MA,ANE,EN,Federal Contract Tower,0,15,11,0,26,0,155,60,0,215,0,170,71,0,241,54,0,54,295
01/07/2016,HYA,MA,ANE,EN,Federal Contract Tower,0,14,12,0,26,0,144,53,0,197,0,158,65,0,223,61,0,61,284
01/08/2016,HYA,MA,ANE,EN,Federal Contract Tower,0,23,12,0,35,0,141,46,0,187,0,164,58,0,222,24,0,24,246
01/09/2016,HYA,MA,ANE,EN,Federal Contract Tower,0,30,4,0,34,0,114,57,0,171,0,144,61,0,205,18,0,18,223
01/10/2016,HYA,MA,ANE,EN,Federal Contract Tower,0,21,8,0,29,0,8,3,0,11,0,29,11,0,40,0,0,0,40
01/11/2016,HYA,MA,ANE,EN,Federal Contract Tower,0,10,3,0,13,0,154,45,0,199,0,164,48,0,212,44,0,44,256
01/12/2016,HYA,MA,ANE,EN,Federal Contract Tower,0,11,1,0,12,0,86,51,0,137,0,97,52,0,149,48,0,48,197
01/13/2016,HYA,MA,ANE,EN,Federal Contract Tower,0,14,18,0,32,0,166,54,0,220,0,180,72,0,252,36,0,36,288
01/14/2016,HYA,MA,ANE,EN,Federal Contract Tower,0,26,13,0,39,0,147,44,0,191,0,173,57,0,230,54,0,54,284
01/15/2016,HYA,MA,ANE,EN,Federal Contract Tower,0,13,14,0,27,0,139,52,0,191,0,152,66,0,218,32,0,32,250
01/16/2016,HYA,MA,ANE,EN,Federal Contract Tower,0,77,25,0,102,0,10,5,0,15,0,87,30,0,117,14,0,14,131
01/17/2016,HYA,MA,ANE,EN,Federal Contract Tower,0,14,10,0,24,0,95,40,0,135,0,109,50,0,159,8,0,8,167
01/18/2016,HYA,MA,ANE,EN,Federal Contract Tower,0,21,2,0,23,0,95,34,0,129,0,116,36,0,152,18,0,18,170
01/19/2016,HYA,MA,ANE,EN,Federal Contract Tower,0,4,1,0,5,0,107,54,0,161,0,111,55,0,166,16,0,16,182
01/20/2016,HYA,MA,ANE,EN,Federal Contract Tower,0,19,19,0,38,0,153,48,2,203,0,172,67,2,241,62,12,74,315
01/21/2016,HYA,MA,ANE,EN,Federal Contract Tower,0,14,8,0,22,0,149,35,0,184,0,163,43,0,206,50,6,56,262
01/22/2016,HYA,MA,ANE,EN,Federal Contract Tower,0,10,11,0,21,0,138,64,0,202,0,148,75,0,223,26,0,26,249
01/23/2016,HYA,MA,ANE,EN,Federal Contract Tower,0,15,4,0,19,0,48,13,0,61,0,63,17,0,80,6,0,6,86
01/24/2016,HYA,MA,ANE,EN,Federal Contract Tower,0,1,2,0,3,0,61,30,0,91,0,62,32,0,94,11,0,11,105
01/25/2016,HYA,MA,ANE,EN,Federal Contract Tower,0,12,1,8,21,0,123,39,0,162,0,135,40,8,183,27,0,27,210
01/26/2016,HYA,MA,ANE,EN,Federal Contract Tower,0,4,6,0,10,0,110,51,0,161,0,114,57,0,171,66,0,66,237
01/27/2016,HYA,MA,ANE,EN,Federal Contract Tower,0,20,8,0,28,0,155,58,0,213,0,175,66,0,241,44,0,44,285
01/28/2016,HYA,MA,ANE,EN,Federal Contract Tower,0,11,7,0,18,0,150,36,0,186,0,161,43,0,204,57,2,59,263
01/29/2016,HYA,MA,ANE,EN,Federal Contract Tower,0,82,25,0,107,0,63,11,2,76,0,145,36,2,183,0,2,2,185
01/30/2016,HYA,MA,ANE,EN,Federal Contract Tower,0,2,0,1,3,0,78,34,1,113,0,80,34,2,116,8,0,8,124
01/31/2016,HYA,MA,ANE,EN,Federal Contract Tower,0,3,5,0,8,0,95,61,0,156,0,98,66,0,164,14,0,14,178
02/01/2016,HYA,MA,ANE,EN,Federal Contract Tower,0,9,3,0,12,0,118,40,0,158,0,127,43,0,170,22,0,22,192
02/02/2016,HYA,MA,ANE,EN,Federal Contract Tower,0,7,2,0,9,0,105,62,0,167,0,112,64,0,176,38,0,38,214
02/03/2016,HYA,MA,ANE,EN,Federal Contract Tower,0,21,4,1,26,0,95,43,1,139,0,116,47,2,165,44,0,44,209
02/04/2016,HYA,MA,ANE,EN,Federal Contract Tower,0,54,15,0,69,0,29,9,0,38,0,83,24,0,107,26,0,26,133
02/05/2016,HYA,MA,ANE,EN,Federal Contract Tower,0,10,5,0,15,0,0,0,0,0,0,10,5,0,15,0,0,0,15
02/06/2016,HYA,MA,ANE,EN,Federal Contract Tower,0,1,7,0,8,0,81,63,0,144,0,82,70,0,152,26,0,26,178
02/07/2016,HYA,MA,ANE,EN,Federal Contract Tower,0,2,6,0,8,0,74,55,0,129,0,76,61,0,137,26,0,26,163
02/08/2016,HYA,MA,ANE,EN,Federal Contract Tower,0,0,0,0,0,0,0,0,0,0,0,0,0,0,0,0,0,0,0
02/09/2016,HYA,MA,ANE,EN,Federal Contract Tower,0,27,1,0,28,0,0,0,0,0,0,27,1,0,28,24,0,24,52
02/11/2016,HYA,MA,ANE,EN,Federal Contract Tower,0,18,3,0,21,0,149,36,0,185,0,167,39,0,206,56,0,56,262
02/12/2016,HYA,MA,ANE,EN,Federal Contract Tower,0,20,11,0,31,0,143,54,0,197,0,163,65,0,228,10,0,10,238
02/13/2016,HYA,MA,ANE,EN,Federal Contract Tower,0,10,15,1,26,0,129,61,0,190,0,139,76,1,216,10,0,10,226
02/14/2016,HYA,MA,ANE,EN,Federal Contract Tower,0,9,2,0,11,0,105,40,0,145,0,114,42,0,156,10,0,10,166
02/15/2016,HYA,MA,ANE,EN,Federal Contract Tower,0,14,2,0,16,0,101,44,0,145,0,115,46,0,161,36,0,36,197
02/16/2016,HYA,MA,ANE,EN,Federal Contract Tower,0,23,7,0,30,0,38,24,0,62,0,61,31,0,92,0,0,0,92
02/18/2016,HYA,MA,ANE,EN,Federal Contract Tower,0,15,10,0,25,0,147,60,0,207,0,162,70,0,232,74,2,76,308
02/19/2016,HYA,MA,ANE,EN,Federal Contract Tower,0,9,10,0,19,0,145,66,0,211,0,154,76,0,230,38,0,38,268
02/20/2016,HYA,MA,ANE,EN,Federal Contract Tower,0,13,5,0,18,0,124,63,0,187,0,137,68,0,205,36,0,36,241
02/21/2016,HYA,MA,ANE,EN,Federal Contract Tower,0,10,11,0,21,0,108,54,0,162,0,118,65,0,183,20,0,20,203
02/22/2016,HYA,MA,ANE,EN,Federal Contract Tower,0,3,3,0,6,0,140,44,0,184,0,143,47,0,190,40,0,40,230
02/23/2016,HYA,MA,ANE,EN,Federal Contract Tower,0,5,6,1,12,0,97,48,0,145,0,102,54,1,157,34,0,34,191
02/24/2016,HYA,MA,ANE,EN,Federal Contract Tower,0,140,39,0,179,0,34,8,0,42,0,174,47,0,221,0,0,0,221
02/25/2016,HYA,MA,ANE,EN,Federal Contract Tower,0,39,17,0,56,0,127,30,0,157,0,166,47,0,213,42,0,42,255
02/26/2016,HYA,MA,ANE,EN,Federal Contract Tower,0,13,12,0,25,0,145,57,0,202,0,158,69,0,227,42,0,42,269
02/27/2016,HYA,MA,ANE,EN,Federal Contract Tower,0,7,9,0,16,0,136,67,0,203,0,143,76,0,219,26,0,26,245
02/28/2016,HYA,MA,ANE,EN,Federal Contract Tower,0,9,5,0,14,0,121,47,0,168,0,130,52,0,182,8,0,8,190
02/29/2016,HYA,MA,ANE,EN,Federal Contract Tower,0,9,1,0,10,0,132,41,0,173,0,141,42,0,183,15,0,15,198
03/01/2016,HYA,MA,ANE,EN,Federal Contract Tower,0,7,0,0,7,0,116,53,0,169,0,123,53,0,176,44,4,48,224
03/02/2016,HYA,MA,ANE,EN,Federal Contract Tower,0,30,13,0,43,0,154,44,0,198,0,184,57,0,241,62,0,62,303
03/03/2016,HYA,MA,ANE,EN,Federal Contract Tower,0,19,9,0,28,0,154,47,0,201,0,173,56,0,229,80,0,80,309
03/04/2016,HYA,MA,ANE,EN,Federal Contract Tower,0,66,18,0,84,0,40,10,0,50,0,106,28,0,134,0,0,0,134
03/05/2016,HYA,MA,ANE,EN,Federal Contract Tower,0,6,7,0,13,0,130,65,0,195,0,136,72,0,208,24,0,24,232
03/06/2016,HYA,MA,ANE,EN,Federal Contract Tower,0,6,7,0,13,0,117,47,0,164,0,123,54,0,177,42,0,42,219
03/07/2016,HYA,MA,ANE,EN,Federal Contract Tower,0,8,2,0,10,0,135,31,6,172,0,143,33,6,182,57,0,57,239
03/08/2016,HYA,MA,ANE,EN,Federal Contract Tower,0,8,3,0,11,0,104,55,0,159,0,112,58,0,170,72,0,72,242
03/10/2016,HYA,MA,ANE,EN,Federal Contract Tower,0,20,21,0,41,0,157,47,0,204,0,177,68,0,245,62,0,62,307
03/11/2016,HYA,MA,ANE,EN,Federal Contract Tower,0,97,25,0,122,0,60,31,0,91,0,157,56,0,213,23,0,23,236
03/12/2016,HYA,MA,ANE,EN,Federal Contract Tower,0,6,13,0,19,0,128,79,0,207,0,134,92,0,226,30,0,30,256
03/13/2016,HYA,MA,ANE,EN,Federal Contract Tower,0,9,5,0,14,0,124,60,0,184,0,133,65,0,198,22,0,22,220
03/14/2016,HYA,MA,ANE,EN,Federal Contract Tower,0,12,4,0,16,0,110,41,0,151,0,122,45,0,167,30,0,30,197
03/15/2016,HYA,MA,ANE,EN,Federal Contract Tower,0,29,18,0,47,0,0,0,0,0,0,29,18,0,47,0,0,0,47
03/16/2016,HYA,MA,ANE,EN,Federal Contract Tower,0,148,54,0,202,0,0,0,0,0,0,148,54,0,202,4,0,4,206
03/17/2016,HYA,MA,ANE,EN,Federal Contract Tower,0,94,22,0,116,0,98,25,0,123,0,192,47,0,239,68,0,68,307
03/18/2016,HYA,MA,ANE,EN,Federal Contract Tower,0,15,16,0,31,0,145,46,0,191,0,160,62,0,222,76,0,76,298
03/19/2016,HYA,MA,ANE,EN,Federal Contract Tower,0,15,7,0,22,0,130,56,0,186,0,145,63,0,208,62,0,62,270
03/20/2016,HYA,MA,ANE,EN,Federal Contract Tower,0,11,10,0,21,0,135,47,0,182,0,146,57,0,203,34,0,34,237
03/21/2016,HYA,MA,ANE,EN,Federal Contract Tower,0,15,2,0,17,0,33,10,0,43,0,48,12,0,60,18,0,18,78
03/22/2016,HYA,MA,ANE,EN,Federal Contract Tower,0,19,3,0,22,0,0,0,0,0,0,19,3,0,22,53,0,53,75
03/23/2016,HYA,MA,ANE,EN,Federal Contract Tower,0,16,14,0,30,0,148,68,0,216,0,164,82,0,246,68,6,74,320
03/24/2016,HYA,MA,ANE,EN,Federal Contract Tower,0,49,18,0,67,0,113,39,0,152,0,162,57,0,219,38,0,38,257
03/25/2016,HYA,MA,ANE,EN,Federal Contract Tower,0,124,35,0,159,0,16,5,0,21,0,140,40,0,180,0,0,0,180
03/26/2016,HYA,MA,ANE,EN,Federal Contract Tower,0,11,15,0,26,0,132,64,0,196,0,143,79,0,222,10,0,10,232
03/27/2016,HYA,MA,ANE,EN,Federal Contract Tower,0,18,14,0,32,0,119,51,0,170,0,137,65,0,202,10,0,10,212
03/28/2016,HYA,MA,ANE,EN,Federal Contract Tower,0,49,13,0,62,0,9,2,0,11,0,58,15,0,73,0,0,0,73
03/29/2016,HYA,MA,ANE,EN,Federal Contract Tower,0,7,0,0,7,0,94,36,0,130,0,101,36,0,137,50,0,50,187
03/30/2016,HYA,MA,ANE,EN,Federal Contract Tower,0,19,23,0,42,0,145,83,2,230,0,164,106,2,272,44,0,44,316
03/31/2016,HYA,MA,ANE,EN,Federal Contract Tower,0,23,17,0,40,0,155,49,0,204,0,178,66,0,244,32,0,32,276
04/01/2016,HYA,MA,ANE,EN,Federal Contract Tower,0,101,42,0,143,0,0,0,0,0,0,101,42,0,143,0,0,0,143
04/02/2016,HYA,MA,ANE,EN,Federal Contract Tower,0,46,19,0,65,0,87,42,0,129,0,133,61,0,194,24,0,24,218
04/03/2016,HYA,MA,ANE,EN,Federal Contract Tower,0,13,4,0,17,0,58,32,0,90,0,71,36,0,107,6,0,6,113
04/04/2016,HYA,MA,ANE,EN,Federal Contract Tower,0,23,11,0,34,0,35,5,0,40,0,58,16,0,74,0,0,0,74
04/05/2016,HYA,MA,ANE,EN,Federal Contract Tower,0,6,3,0,9,0,100,56,0,156,0,106,59,0,165,38,2,40,205
04/06/2016,HYA,MA,ANE,EN,Federal Contract Tower,0,22,19,0,41,0,151,65,0,216,0,173,84,0,257,60,2,62,319
04/07/2016,HYA,MA,ANE,EN,Federal Contract Tower,0,50,21,0,71,0,103,28,0,131,0,153,49,0,202,30,0,30,232
04/08/2016,HYA,MA,ANE,EN,Federal Contract Tower,0,18,12,0,30,0,151,59,0,210,0,169,71,0,240,60,0,60,300
04/09/2016,HYA,MA,ANE,EN,Federal Contract Tower,0,11,10,0,21,0,136,62,0,198,0,147,72,0,219,40,0,40,259
04/10/2016,HYA,MA,ANE,EN,Federal Contract Tower,0,7,6,0,13,0,122,54,0,176,0,129,60,0,189,46,0,46,235
04/11/2016,HYA,MA,ANE,EN,Federal Contract Tower,0,6,1,0,7,0,138,44,0,182,0,144,45,0,189,22,2,24,213
04/12/2016,HYA,MA,ANE,EN,Federal Contract Tower,0,29,13,0,42,0,64,31,0,95,0,93,44,0,137,6,0,6,143
04/13/2016,HYA,MA,ANE,EN,Federal Contract Tower,0,17,21,0,38,0,156,59,0,215,0,173,80,0,253,62,0,62,315
04/14/2016,HYA,MA,ANE,EN,Federal Contract Tower,0,16,15,0,31,0,158,57,0,215,0,174,72,0,246,58,0,58,304
04/15/2016,HYA,MA,ANE,EN,Federal Contract Tower,0,14,11,0,25,0,148,58,0,206,0,162,69,0,231,68,0,68,299
04/16/2016,HYA,MA,ANE,EN,Federal Contract Tower,0,23,12,0,35,0,139,61,0,200,0,162,73,0,235,36,2,38,273
04/17/2016,HYA,MA,ANE,EN,Federal Contract Tower,0,7,12,0,19,0,123,79,0,202,0,130,91,0,221,6,0,6,227
04/18/2016,HYA,MA,ANE,EN,Federal Contract Tower,0,13,3,0,16,0,142,49,0,191,0,155,52,0,207,20,0,20,227
04/19/2016,HYA,MA,ANE,EN,Federal Contract Tower,0,5,1,0,6,0,109,36,0,145,0,114,37,0,151,32,0,32,183
04/20/2016,HYA,MA,ANE,EN,Federal Contract Tower,0,8,7,0,15,0,95,62,0,157,0,103,69,0,172,60,0,60,232
04/21/2016,HYA,MA,ANE,EN,Federal Contract Tower,0,6,5,0,11,0,121,57,0,178,0,127,62,0,189,50,6,56,245
04/22/2016,HYA,MA,ANE,EN,Federal Contract Tower,0,9,3,0,12,0,115,53,0,168,0,124,56,0,180,20,0,20,200
04/23/2016,HYA,MA,ANE,EN,Federal Contract Tower,0,38,18,0,56,0,26,23,0,49,0,64,41,0,105,0,0,0,105
04/24/2016,HYA,MA,ANE,EN,Federal Contract Tower,0,8,3,0,11,0,120,63,0,183,0,128,66,0,194,30,0,30,224
04/25/2016,HYA,MA,ANE,EN,Federal Contract Tower,0,8,9,0,17,0,154,48,2,204,0,162,57,2,221,84,0,84,305
04/26/2016,HYA,MA,ANE,EN,Federal Contract Tower,0,47,11,0,58,0,67,48,0,115,0,114,59,0,173,32,0,32,205
04/27/2016,HYA,MA,ANE,EN,Federal Contract Tower,0,8,2,0,10,0,115,64,0,179,0,123,66,0,189,48,0,48,237
04/28/2016,HYA,MA,ANE,EN,Federal Contract Tower,0,10,9,4,23,0,153,56,8,217,0,163,65,12,240,50,0,50,290
04/29/2016,HYA,MA,ANE,EN,Federal Contract Tower,0,9,6,1,16,0,157,70,0,227,0,166,76,1,243,56,0,56,299
04/30/2016,HYA,MA,ANE,EN,Federal Contract Tower,0,1,5,0,6,0,138,69,2,209,0,139,74,2,215,30,0,30,245
05/01/2016,HYA,MA,ANE,EN,Federal Contract Tower,0,5,3,0,8,0,106,61,0,167,0,111,64,0,175,28,0,28,203
05/02/2016,HYA,MA,ANE,EN,Federal Contract Tower,0,65,21,0,86,0,15,6,0,21,0,80,27,0,107,0,0,0,107
05/03/2016,HYA,MA,ANE,EN,Federal Contract Tower,0,46,13,0,59,0,31,13,0,44,0,77,26,0,103,14,0,14,117
05/04/2016,HYA,MA,ANE,EN,Federal Contract Tower,0,58,39,0,97,0,85,56,0,141,0,143,95,0,238,42,0,42,280
05/05/2016,HYA,MA,ANE,EN,Federal Contract Tower,4,134,38,0,176,0,0,0,0,0,4,134,38,0,176,0,0,0,176
05/06/2016,HYA,MA,ANE,EN,Federal Contract Tower,0,93,34,1,128,0,86,40,0,126,0,179,74,1,254,60,12,72,326
05/07/2016,HYA,MA,ANE,EN,Federal Contract Tower,0,90,28,0,118,0,0,0,0,0,0,90,28,0,118,0,0,0,118
05/08/2016,HYA,MA,ANE,EN,Federal Contract Tower,0,69,24,0,93,0,43,17,0,60,0,112,41,0,153,2,0,2,155
05/09/2016,HYA,MA,ANE,EN,Federal Contract Tower,0,8,4,0,12,0,163,57,0,220,0,171,61,0,232,24,0,24,256
05/10/2016,HYA,MA,ANE,EN,Federal Contract Tower,0,10,7,0,17,0,141,61,0,202,0,151,68,0,219,26,0,26,245
05/11/2016,HYA,MA,ANE,EN,Federal Contract Tower,0,14,16,0,30,0,164,79,0,243,0,178,95,0,273,48,0,48,321
05/12/2016,HYA,MA,ANE,EN,Federal Contract Tower,2,22,18,0,42,0,169,62,0,231,2,191,80,0,273,44,0,44,317
05/13/2016,HYA,MA,ANE,EN,Federal Contract Tower,2,94,36,0,132,0,22,10,0,32,2,116,46,0,164,8,0,8,172
05/14/2016,HYA,MA,ANE,EN,Federal Contract Tower,2,24,16,0,42,0,118,73,0,191,2,142,89,0,233,40,0,40,273
05/15/2016,HYA,MA,ANE,EN,Federal Contract Tower,2,13,11,0,26,0,124,64,0,188,2,137,75,0,214,16,0,16,230
05/16/2016,HYA,MA,ANE,EN,Federal Contract Tower,2,7,5,0,14,0,141,62,0,203,2,148,67,0,217,20,0,20,237
05/18/2016,HYA,MA,ANE,EN,Federal Contract Tower,4,28,12,0,44,0,156,75,0,231,4,184,87,0,275,48,0,48,323
05/19/2016,HYA,MA,ANE,EN,Federal Contract Tower,2,29,13,1,45,0,160,65,0,225,2,189,78,1,270,50,0,50,320
05/20/2016,HYA,MA,ANE,EN,Federal Contract Tower,2,23,15,0,40,0,155,72,0,227,2,178,87,0,267,46,0,46,313
05/21/2016,HYA,MA,ANE,EN,Federal Contract Tower,2,18,13,0,33,0,134,78,0,212,2,152,91,0,245,52,0,52,297
05/22/2016,HYA,MA,ANE,EN,Federal Contract Tower,2,59,27,0,88,0,63,35,0,98,2,122,62,0,186,14,0,14,200
05/23/2016,HYA,MA,ANE,EN,Federal Contract Tower,2,14,8,0,24,0,144,48,0,192,2,158,56,0,216,14,0,14,230
05/24/2016,HYA,MA,ANE,EN,Federal Contract Tower,0,48,36,0,84,0,0,0,0,0,0,48,36,0,84,14,0,14,98
05/25/2016,HYA,MA,ANE,EN,Federal Contract Tower,0,39,33,0,72,0,148,73,0,221,0,187,106,0,293,30,0,30,323
05/26/2016,HYA,MA,ANE,EN,Federal Contract Tower,2,20,20,0,42,0,180,77,0,257,2,200,97,0,299,32,0,32,331
05/27/2016,HYA,MA,ANE,EN,Federal Contract Tower,2,88,29,0,119,0,102,74,0,176,2,190,103,0,295,18,0,18,313
05/28/2016,HYA,MA,ANE,EN,Federal Contract Tower,2,17,23,0,42,0,133,95,0,228,2,150,118,0,270,28,0,28,298
05/29/2016,HYA,MA,ANE,EN,Federal Contract Tower,2,36,17,0,55,0,101,56,0,157,2,137,73,0,212,4,0,4,216
05/30/2016,HYA,MA,ANE,EN,Federal Contract Tower,2,74,41,0,117,0,0,0,0,0,2,74,41,0,117,0,0,0,117
05/31/2016,HYA,MA,ANE,EN,Federal Contract Tower,0,64,26,0,90,0,40,28,0,68,0,104,54,0,158,10,0,10,168
06/01/2016,HYA,MA,ANE,EN,Federal Contract Tower,0,14,6,0,20,0,176,109,0,285,0,190,115,0,305,30,0,30,335
06/02/2016,HYA,MA,ANE,EN,Federal Contract Tower,2,109,53,0,164,0,34,11,0,45,2,143,64,0,209,0,0,0,209
06/03/2016,HYA,MA,ANE,EN,Federal Contract Tower,2,111,62,0,175,0,74,33,0,107,2,185,95,0,282,0,0,0,282
06/04/2016,HYA,MA,ANE,EN,Federal Contract Tower,2,74,32,0,108,0,66,47,0,113,2,140,79,0,221,20,0,20,241
06/05/2016,HYA,MA,ANE,EN,Federal Contract Tower,2,81,34,0,117,0,22,7,0,29,2,103,41,0,146,8,0,8,154
06/06/2016,HYA,MA,ANE,EN,Federal Contract Tower,2,53,18,0,73,0,92,47,0,139,2,145,65,0,212,34,0,34,246
06/07/2016,HYA,MA,ANE,EN,Federal Contract Tower,0,48,22,0,70,0,123,46,0,169,0,171,68,0,239,44,0,44,283
06/08/2016,HYA,MA,ANE,EN,Federal Contract Tower,2,29,20,2,53,0,177,78,0,255,2,206,98,2,308,26,0,26,334
06/09/2016,HYA,MA,ANE,EN,Federal Contract Tower,2,25,20,0,47,0,165,75,1,241,2,190,95,1,288,34,0,34,322
06/10/2016,HYA,MA,ANE,EN,Federal Contract Tower,2,42,19,0,63,0,186,71,0,257,2,228,90,0,320,36,0,36,356
06/11/2016,HYA,MA,ANE,EN,Federal Contract Tower,2,31,18,0,51,0,145,88,0,233,2,176,106,0,284,46,0,46,330
06/12/2016,HYA,MA,ANE,EN,Federal Contract Tower,2,23,25,0,50,0,157,93,0,250,2,180,118,0,300,28,0,28,328
06/13/2016,HYA,MA,ANE,EN,Federal Contract Tower,2,20,12,0,34,0,162,65,0,227,2,182,77,0,261,22,0,22,283
06/14/2016,HYA,MA,ANE,EN,Federal Contract Tower,0,9,6,0,15,0,143,84,0,227,0,152,90,0,242,54,2,56,298
06/16/2016,HYA,MA,ANE,EN,Federal Contract Tower,2,21,22,0,45,0,187,76,0,263,2,208,98,0,308,34,0,34,342
06/17/2016,HYA,MA,ANE,EN,Federal Contract Tower,2,30,28,0,60,0,177,88,0,265,2,207,116,0,325,18,0,18,343
06/18/2016,HYA,MA,ANE,EN,Federal Contract Tower,2,24,20,0,46,0,151,97,0,248,2,175,117,0,294,50,0,50,344
06/19/2016,HYA,MA,ANE,EN,Federal Contract Tower,2,21,14,0,37,0,155,90,0,245,2,176,104,0,282,4,0,4,286
06/20/2016,HYA,MA,ANE,EN,Federal Contract Tower,4,21,18,0,43,0,160,74,0,234,4,181,92,0,277,36,0,36,313
06/21/2016,HYA,MA,ANE,EN,Federal Contract Tower,2,38,18,0,58,0,109,67,0,176,2,147,85,0,234,42,0,42,276
06/22/2016,HYA,MA,ANE,EN,Federal Contract Tower,2,38,30,0,70,0,196,116,0,312,2,234,146,0,382,48,2,50,432
06/23/2016,HYA,MA,ANE,EN,Federal Contract Tower,2,47,27,0,76,0,182,96,0,278,2,229,123,0,354,44,0,44,398
06/24/2016,HYA,MA,ANE,EN,Federal Contract Tower,2,26,31,0,59,0,170,101,0,271,2,196,132,0,330,40,0,40,370
06/25/2016,HYA,MA,ANE,EN,Federal Contract Tower,2,29,22,0,53,0,148,106,0,254,2,177,128,0,307,24,0,24,331
06/26/2016,HYA,MA,ANE,EN,Federal Contract Tower,2,36,26,0,64,0,162,110,0,272,2,198,136,0,336,24,0,24,360
06/27/2016,HYA,MA,ANE,EN,Federal Contract Tower,2,26,15,0,43,0,163,80,0,243,2,189,95,0,286,40,0,40,326
06/28/2016,HYA,MA,ANE,EN,Federal Contract Tower,2,72,36,0,110,0,130,73,4,207,2,202,109,4,317,44,0,44,361
06/29/2016,HYA,MA,ANE,EN,Federal Contract Tower,2,85,61,0,148,0,129,68,0,197,2,214,129,0,345,30,0,30,375
06/30/2016,HYA,MA,ANE,EN,Federal Contract Tower,2,53,32,0,87,2,183,116,0,301,4,236,148,0,388,28,0,28,416
07/01/2016,HYA,MA,ANE,EN,Federal Contract Tower,2,64,47,0,113,0,159,92,0,251,2,223,139,0,364,20,0,20,384
07/02/2016,HYA,MA,ANE,EN,Federal Contract Tower,2,37,22,0,61,0,153,114,0,267,2,190,136,0,328,16,0,16,344
07/03/2016,HYA,MA,ANE,EN,Federal Contract Tower,2,22,16,0,40,0,161,99,0,260,2,183,115,0,300,12,0,12,312
07/04/2016,HYA,MA,ANE,EN,Federal Contract Tower,2,38,14,0,54,0,152,88,0,240,2,190,102,0,294,19,0,19,313
07/05/2016,HYA,MA,ANE,EN,Federal Contract Tower,2,90,59,0,151,0,23,27,0,50,2,113,86,0,201,10,0,10,211
07/06/2016,HYA,MA,ANE,EN,Federal Contract Tower,2,46,26,1,75,0,188,96,0,284,2,234,122,1,359,28,0,28,387
07/07/2016,HYA,MA,ANE,EN,Federal Contract Tower,2,93,44,0,139,0,135,49,0,184,2,228,93,0,323,16,0,16,339
07/08/2016,HYA,MA,ANE,EN,Federal Contract Tower,2,169,103,0,274,0,14,1,0,15,2,183,104,0,289,0,0,0,289
07/09/2016,HYA,MA,ANE,EN,Federal Contract Tower,2,113,49,0,164,0,31,15,0,46,2,144,64,0,210,12,0,12,222
07/10/2016,HYA,MA,ANE,EN,Federal Contract Tower,2,110,50,0,162,0,49,31,0,80,2,159,81,0,242,8,0,8,250
07/11/2016,HYA,MA,ANE,EN,Federal Contract Tower,2,51,28,2,83,0,104,54,0,158,2,155,82,2,241,12,0,12,253
07/12/2016,HYA,MA,ANE,EN,Federal Contract Tower,2,17,13,0,32,0,144,80,0,224,2,161,93,0,256,38,0,38,294
07/13/2016,HYA,MA,ANE,EN,Federal Contract Tower,2,51,30,0,83,0,194,103,0,297,2,245,133,0,380,34,0,34,414
07/14/2016,HYA,MA,ANE,EN,Federal Contract Tower,2,69,33,1,105,0,131,68,0,199,2,200,101,1,304,22,0,22,326
07/15/2016,HYA,MA,ANE,EN,Federal Contract Tower,2,53,32,0,87,0,156,98,0,254,2,209,130,0,341,12,0,12,353
07/16/2016,HYA,MA,ANE,EN,Federal Contract Tower,2,23,34,0,59,0,145,102,0,247,2,168,136,0,306,30,0,30,336
07/17/2016,HYA,MA,ANE,EN,Federal Contract Tower,2,108,53,0,163,0,35,32,0,67,2,143,85,0,230,8,0,8,238
07/18/2016,HYA,MA,ANE,EN,Federal Contract Tower,2,79,28,0,109,0,120,51,0,171,2,199,79,0,280,38,0,38,318
07/19/2016,HYA,MA,ANE,EN,Federal Contract Tower,2,15,12,0,29,0,143,93,0,236,2,158,105,0,265,24,0,24,289
07/20/2016,HYA,MA,ANE,EN,Federal Contract Tower,2,40,34,0,76,0,180,126,0,306,2,220,160,0,382,36,0,36,418
07/21/2016,HYA,MA,ANE,EN,Federal Contract Tower,1,40,29,0,70,0,183,102,0,285,1,223,131,0,355,34,0,34,389
07/22/2016,HYA,MA,ANE,EN,Federal Contract Tower,2,41,30,0,73,0,167,101,0,268,2,208,131,0,341,26,0,26,367
07/23/2016,HYA,MA,ANE,EN,Federal Contract Tower,2,42,24,0,68,0,136,104,0,240,2,178,128,0,308,22,0,22,330
07/24/2016,HYA,MA,ANE,EN,Federal Contract Tower,2,30,17,0,49,0,144,108,0,252,2,174,125,0,301,14,0,14,315
07/25/2016,HYA,MA,ANE,EN,Federal Contract Tower,2,25,12,3,42,0,142,78,0,220,2,167,90,3,262,16,0,16,278
07/26/2016,HYA,MA,ANE,EN,Federal Contract Tower,2,21,9,0,32,0,151,86,2,239,2,172,95,2,271,28,0,28,299
07/27/2016,HYA,MA,ANE,EN,Federal Contract Tower,2,47,29,0,78,0,189,107,0,296,2,236,136,0,374,40,0,40,414
07/28/2016,HYA,MA,ANE,EN,Federal Contract Tower,2,62,46,2,112,0,143,92,0,235,2,205,138,2,347,38,0,38,385
07/29/2016,HYA,MA,ANE,EN,Federal Contract Tower,0,139,79,0,218,0,25,24,0,49,0,164,103,0,267,8,0,8,275
07/30/2016,HYA,MA,ANE,EN,Federal Contract Tower,1,89,53,0,143,0,71,57,0,128,1,160,110,0,271,0,0,0,271
07/31/2016,HYA,MA,ANE,EN,Federal Contract Tower,3,101,48,0,152,0,47,49,0,96,3,148,97,0,248,0,0,0,248
08/01/2016,HYA,MA,ANE,EN,Federal Contract Tower,2,44,21,0,67,0,157,63,0,220,2,201,84,0,287,20,0,20,307
08/02/2016,HYA,MA,ANE,EN,Federal Contract Tower,2,32,16,0,50,0,0,0,0,0,2,32,16,0,50,22,0,22,72
08/03/2016,HYA,MA,ANE,EN,Federal Contract Tower,2,49,38,0,89,0,191,95,0,286,2,240,133,0,375,70,0,70,445
08/04/2016,HYA,MA,ANE,EN,Federal Contract Tower,2,55,33,0,90,0,187,108,0,295,2,242,141,0,385,12,0,12,397
08/05/2016,HYA,MA,ANE,EN,Federal Contract Tower,2,39,32,0,73,0,151,113,0,264,2,190,145,0,337,16,0,16,353
08/06/2016,HYA,MA,ANE,EN,Federal Contract Tower,2,58,29,2,91,0,85,61,0,146,2,143,90,2,237,4,0,4,241
08/07/2016,HYA,MA,ANE,EN,Federal Contract Tower,2,80,67,0,149,0,147,112,0,259,2,227,179,0,408,0,0,0,408
08/08/2016,HYA,MA,ANE,EN,Federal Contract Tower,2,56,35,0,93,0,138,81,0,219,2,194,116,0,312,0,0,0,312
08/09/2016,HYA,MA,ANE,EN,Federal Contract Tower,2,46,28,0,76,0,141,84,0,225,2,187,112,0,301,0,0,0,301
08/11/2016,HYA,MA,ANE,EN,Federal Contract Tower,2,148,87,0,237,0,105,56,0,161,2,253,143,0,398,0,0,0,398
08/12/2016,HYA,MA,ANE,EN,Federal Contract Tower,2,130,78,0,210,0,108,63,0,171,2,238,141,0,381,0,0,0,381
08/13/2016,HYA,MA,ANE,EN,Federal Contract Tower,2,122,68,0,192,0,28,23,0,51,2,150,91,0,243,0,0,0,243
08/14/2016,HYA,MA,ANE,EN,Federal Contract Tower,2,113,72,13,200,0,88,59,0,147,2,201,131,13,347,0,0,0,347
08/15/2016,HYA,MA,ANE,EN,Federal Contract Tower,2,46,47,0,95,0,118,69,0,187,2,164,116,0,282,0,0,0,282
08/16/2016,HYA,MA,ANE,EN,Federal Contract Tower,0,52,19,0,71,0,141,73,0,214,0,193,92,0,285,0,0,0,285
08/17/2016,HYA,MA,ANE,EN,Federal Contract Tower,2,65,57,0,124,0,184,92,0,276,2,249,149,0,400,0,0,0,400
08/18/2016,HYA,MA,ANE,EN,Federal Contract Tower,2,78,71,0,151,0,169,100,0,269,2,247,171,0,420,0,0,0,420
08/19/2016,HYA,MA,ANE,EN,Federal Contract Tower,2,99,70,0,171,0,148,105,0,253,2,247,175,0,424,0,0,0,424
08/20/2016,HYA,MA,ANE,EN,Federal Contract Tower,2,64,54,0,120,0,137,99,0,236,2,201,153,0,356,0,0,0,356
08/21/2016,HYA,MA,ANE,EN,Federal Contract Tower,2,88,58,0,148,0,95,68,0,163,2,183,126,0,311,0,0,0,311
08/22/2016,HYA,MA,ANE,EN,Federal Contract Tower,2,50,20,0,72,0,116,55,0,171,2,166,75,0,243,8,0,8,251
08/23/2016,HYA,MA,ANE,EN,Federal Contract Tower,2,5,14,0,21,0,138,83,0,221,2,143,97,0,242,48,0,48,290
08/24/2016,HYA,MA,ANE,EN,Federal Contract Tower,2,50,38,0,90,0,186,92,0,278,2,236,130,0,368,14,0,14,382
08/25/2016,HYA,MA,ANE,EN,Federal Contract Tower,2,57,38,4,101,0,174,82,0,256,2,231,120,4,357,10,0,10,367
08/26/2016,HYA,MA,ANE,EN,Federal Contract Tower,2,64,29,0,95,0,198,89,0,287,2,262,118,0,382,6,0,6,388
08/27/2016,HYA,MA,ANE,EN,Federal Contract Tower,2,36,16,0,54,0,147,95,0,242,2,183,111,0,296,8,0,8,304
08/28/2016,HYA,MA,ANE,EN,Federal Contract Tower,2,46,21,0,69,0,147,97,0,244,2,193,118,0,313,14,0,14,327
08/29/2016,HYA,MA,ANE,EN,Federal Contract Tower,2,15,11,0,28,0,149,56,0,205,2,164,67,0,233,8,0,8,241
08/30/2016,HYA,MA,ANE,EN,Federal Contract Tower,2,16,18,0,36,0,134,92,0,226,2,150,110,0,262,18,0,18,280
08/31/2016,HYA,MA,ANE,EN,Federal Contract Tower,2,42,36,0,80,0,182,88,0,270,2,224,124,0,350,4,0,4,354
09/01/2016,HYA,MA,ANE,EN,Federal Contract Tower,2,62,27,0,91,0,161,81,0,242,2,223,108,0,333,10,0,10,343
09/02/2016,HYA,MA,ANE,EN,Federal Contract Tower,2,44,31,0,77,0,171,101,0,272,2,215,132,0,349,18,0,18,367
09/03/2016,HYA,MA,ANE,EN,Federal Contract Tower,2,35,26,0,63,0,144,98,0,242,2,179,124,0,305,16,0,16,321
09/04/2016,HYA,MA,ANE,EN,Federal Contract Tower,2,32,24,0,58,0,142,85,0,227,2,174,109,0,285,10,0,10,295
09/05/2016,HYA,MA,ANE,EN,Federal Contract Tower,2,61,20,0,83,0,59,29,0,88,2,120,49,0,171,0,0,0,171
09/06/2016,HYA,MA,ANE,EN,Federal Contract Tower,2,31,14,0,47,0,133,73,0,206,2,164,87,0,253,10,0,10,263
09/07/2016,HYA,MA,ANE,EN,Federal Contract Tower,2,65,38,0,105,0,195,91,0,286,2,260,129,0,391,0,0,0,391
09/08/2016,HYA,MA,ANE,EN,Federal Contract Tower,0,137,67,0,204,0,31,12,0,43,0,168,79,0,247,6,2,8,255
09/09/2016,HYA,MA,ANE,EN,Federal Contract Tower,2,70,40,0,112,0,138,72,0,210,2,208,112,0,322,26,0,26,348
09/10/2016,HYA,MA,ANE,EN,Federal Contract Tower,0,45,20,0,65,0,115,72,0,187,0,160,92,0,252,20,0,20,272
09/11/2016,HYA,MA,ANE,EN,Federal Contract Tower,2,96,43,0,141,0,61,29,0,90,2,157,72,0,231,4,0,4,235
09/12/2016,HYA,MA,ANE,EN,Federal Contract Tower,0,20,8,0,28,0,163,65,0,228,0,183,73,0,256,12,0,12,268
09/13/2016,HYA,MA,ANE,EN,Federal Contract Tower,0,11,9,0,20,0,144,79,0,223,0,155,88,0,243,22,0,22,265
09/14/2016,HYA,MA,ANE,EN,Federal Contract Tower,0,32,36,0,68,0,172,94,0,266,0,204,130,0,334,28,0,28,362
09/15/2016,HYA,MA,ANE,EN,Federal Contract Tower,0,21,9,0,30,0,171,82,0,253,0,192,91,0,283,28,0,28,311
09/16/2016,HYA,MA,ANE,EN,Federal Contract Tower,2,32,30,0,64,0,159,87,0,246,2,191,117,0,310,16,0,16,326
09/17/2016,HYA,MA,ANE,EN,Federal Contract Tower,0,12,4,0,16,0,136,87,0,223,0,148,91,0,239,16,0,16,255
09/18/2016,HYA,MA,ANE,EN,Federal Contract Tower,2,65,23,2,92,0,88,51,0,139,2,153,74,2,231,4,0,4,235
09/19/2016,HYA,MA,ANE,EN,Federal Contract Tower,0,92,38,0,130,0,29,11,0,40,0,121,49,0,170,0,0,0,170
09/20/2016,HYA,MA,ANE,EN,Federal Contract Tower,0,69,28,0,97,0,30,15,0,45,0,99,43,0,142,0,0,0,142
09/21/2016,HYA,MA,ANE,EN,Federal Contract Tower,0,58,53,0,111,0,176,79,0,255,0,234,132,0,366,34,0,34,400
09/22/2016,HYA,MA,ANE,EN,Federal Contract Tower,0,45,33,0,78,0,182,91,0,273,0,227,124,0,351,22,0,22,373
09/23/2016,HYA,MA,ANE,EN,Federal Contract Tower,2,45,32,0,79,0,138,81,0,219,2,183,113,0,298,18,0,18,316
09/24/2016,HYA,MA,ANE,EN,Federal Contract Tower,0,15,12,0,27,0,151,92,0,243,0,166,104,0,270,18,0,18,288
09/25/2016,HYA,MA,ANE,EN,Federal Contract Tower,2,17,19,0,38,0,145,89,0,234,2,162,108,0,272,6,0,6,278
09/26/2016,HYA,MA,ANE,EN,Federal Contract Tower,0,15,5,0,20,0,162,65,0,227,0,177,70,0,247,48,0,48,295
09/27/2016,HYA,MA,ANE,EN,Federal Contract Tower,0,50,21,0,71,0,34,24,0,58,0,84,45,0,129,0,0,0,129
09/28/2016,HYA,MA,ANE,EN,Federal Contract Tower,0,177,83,0,260,0,19,12,0,31,0,196,95,0,291,0,0,0,291
09/29/2016,HYA,MA,ANE,EN,Federal Contract Tower,0,92,46,0,138,0,129,52,0,181,0,221,98,0,319,20,0,20,339
09/30/2016,HYA,MA,ANE,EN,Federal Contract Tower,2,70,48,2,122,0,111,41,0,152,2,181,89,2,274,52,4,56,330
10/01/2016,HYA,MA,ANE,EN,Federal Contract Tower,0,62,39,9,110,0,0,0,0,0,0,62,39,9,110,0,0,0,110
10/02/2016,HYA,MA,ANE,EN,Federal Contract Tower,2,87,32,0,121,0,0,0,0,0,2,87,32,0,121,0,0,0,121
10/03/2016,HYA,MA,ANE,EN,Federal Contract Tower,0,64,25,0,89,0,83,41,0,124,0,147,66,0,213,34,0,34,247
10/04/2016,HYA,MA,ANE,EN,Federal Contract Tower,0,34,23,0,57,0,110,60,0,170,0,144,83,0,227,86,0,86,313
10/05/2016,HYA,MA,ANE,EN,Federal Contract Tower,0,39,30,0,69,0,163,77,0,240,0,202,107,0,309,24,0,24,333
10/06/2016,HYA,MA,ANE,EN,Federal Contract Tower,2,31,32,0,65,0,170,75,0,245,2,201,107,0,310,46,0,46,356
10/07/2016,HYA,MA,ANE,EN,Federal Contract Tower,2,31,28,0,61,0,153,79,0,232,2,184,107,0,293,40,0,40,333
10/08/2016,HYA,MA,ANE,EN,Federal Contract Tower,0,10,15,0,25,0,117,63,0,180,0,127,78,0,205,27,0,27,232
10/09/2016,HYA,MA,ANE,EN,Federal Contract Tower,2,62,21,0,85,0,25,14,0,39,2,87,35,0,124,0,0,0,124
10/10/2016,HYA,MA,ANE,EN,Federal Contract Tower,0,22,13,0,35,0,128,64,0,192,0,150,77,0,227,14,0,14,241
10/11/2016,HYA,MA,ANE,EN,Federal Contract Tower,2,14,8,0,24,0,136,75,0,211,2,150,83,0,235,6,0,6,241
10/12/2016,HYA,MA,ANE,EN,Federal Contract Tower,0,29,18,0,47,0,170,95,1,266,0,199,113,1,313,34,0,34,347
10/13/2016,HYA,MA,ANE,EN,Federal Contract Tower,0,32,23,0,55,0,166,76,0,242,0,198,99,0,297,24,0,24,321
10/14/2016,HYA,MA,ANE,EN,Federal Contract Tower,0,46,33,0,79,0,160,75,0,235,0,206,108,0,314,28,0,28,342
10/15/2016,HYA,MA,ANE,EN,Federal Contract Tower,0,25,19,0,44,0,129,87,0,216,0,154,106,0,260,28,0,28,288
10/16/2016,HYA,MA,ANE,EN,Federal Contract Tower,0,28,17,0,45,0,133,81,0,214,0,161,98,0,259,10,0,10,269
10/17/2016,HYA,MA,ANE,EN,Federal Contract Tower,0,18,13,0,31,0,144,67,0,211,0,162,80,0,242,8,0,8,250
10/18/2016,HYA,MA,ANE,EN,Federal Contract Tower,0,53,13,0,66,0,110,59,0,169,0,163,72,0,235,34,0,34,269
10/19/2016,HYA,MA,ANE,EN,Federal Contract Tower,0,57,27,0,84,0,163,83,0,246,0,220,110,0,330,72,0,72,402
10/20/2016,HYA,MA,ANE,EN,Federal Contract Tower,0,49,26,0,75,0,153,73,0,226,0,202,99,0,301,54,0,54,355
10/21/2016,HYA,MA,ANE,EN,Federal Contract Tower,0,52,28,0,80,0,111,59,0,170,0,163,87,0,250,22,0,22,272
10/22/2016,HYA,MA,ANE,EN,Federal Contract Tower,0,141,60,0,201,0,0,0,0,0,0,141,60,0,201,6,0,6,207
10/23/2016,HYA,MA,ANE,EN,Federal Contract Tower,0,35,19,0,54,0,152,73,0,225,0,187,92,0,279,12,0,12,291
10/24/2016,HYA,MA,ANE,EN,Federal Contract Tower,0,33,7,0,40,0,146,58,0,204,0,179,65,0,244,70,0,70,314
10/25/2016,HYA,MA,ANE,EN,Federal Contract Tower,0,16,10,0,26,0,142,61,0,203,0,158,71,0,229,68,0,68,297
10/26/2016,HYA,MA,ANE,EN,Federal Contract Tower,0,27,21,0,48,0,163,101,0,264,0,190,122,0,312,40,0,40,352
10/27/2016,HYA,MA,ANE,EN,Federal Contract Tower,0,34,23,0,57,0,153,75,0,228,0,187,98,0,285,44,2,46,331
10/28/2016,HYA,MA,ANE,EN,Federal Contract Tower,0,97,41,0,138,0,66,28,0,94,0,163,69,0,232,22,0,22,254
10/29/2016,HYA,MA,ANE,EN,Federal Contract Tower,0,24,17,0,41,0,140,76,0,216,0,164,93,0,257,22,0,22,279
10/30/2016,HYA,MA,ANE,EN,Federal Contract Tower,0,25,11,0,36,0,133,64,0,197,0,158,75,0,233,12,0,12,245
10/31/2016,HYA,MA,ANE,EN,Federal Contract Tower,0,48,13,0,61,0,120,58,0,178,0,168,71,0,239,32,0,32,271
11/01/2016,HYA,MA,ANE,EN,Federal Contract Tower,0,6,4,0,10,0,145,67,0,212,0,151,71,0,222,20,0,20,242
11/02/2016,HYA,MA,ANE,EN,Federal Contract Tower,0,27,27,0,54,0,170,90,0,260,0,197,117,0,314,32,0,32,346
11/03/2016,HYA,MA,ANE,EN,Federal Contract Tower,0,112,49,0,161,0,64,27,0,91,0,176,76,0,252,34,0,34,286
11/04/2016,HYA,MA,ANE,EN,Federal Contract Tower,0,35,9,0,44,0,150,78,0,228,0,185,87,0,272,46,0,46,318
11/05/2016,HYA,MA,ANE,EN,Federal Contract Tower,0,21,16,0,37,0,128,84,0,212,0,149,100,0,249,22,0,22,271
11/06/2016,HYA,MA,ANE,EN,Federal Contract Tower,0,25,15,0,40,0,124,59,0,183,0,149,74,0,223,60,0,60,283
11/07/2016,HYA,MA,ANE,EN,Federal Contract Tower,0,8,7,0,15,0,149,59,0,208,0,157,66,0,223,20,0,20,243
11/08/2016,HYA,MA,ANE,EN,Federal Contract Tower,0,10,3,0,13,0,142,67,0,209,0,152,70,0,222,40,0,40,262
11/09/2016,HYA,MA,ANE,EN,Federal Contract Tower,0,28,21,0,49,0,170,83,0,253,0,198,104,0,302,18,0,18,320
11/10/2016,HYA,MA,ANE,EN,Federal Contract Tower,0,32,16,2,50,0,157,67,0,224,0,189,83,2,274,40,6,46,320
11/11/2016,HYA,MA,ANE,EN,Federal Contract Tower,0,33,17,0,50,0,155,84,0,239,0,188,101,0,289,32,0,32,321
11/12/2016,HYA,MA,ANE,EN,Federal Contract Tower,0,22,16,0,38,0,139,87,0,226,0,161,103,0,264,20,0,20,284
11/13/2016,HYA,MA,ANE,EN,Federal Contract Tower,0,16,11,0,27,0,127,69,0,196,0,143,80,0,223,22,0,22,245
11/14/2016,HYA,MA,ANE,EN,Federal Contract Tower,0,8,5,0,13,0,151,63,0,214,0,159,68,0,227,16,0,16,243
11/15/2016,HYA,MA,ANE,EN,Federal Contract Tower,0,34,12,0,46,0,88,48,0,136,0,122,60,0,182,14,0,14,196
11/16/2016,HYA,MA,ANE,EN,Federal Contract Tower,0,41,23,0,64,0,166,81,0,247,0,207,104,0,311,20,0,20,331
11/17/2016,HYA,MA,ANE,EN,Federal Contract Tower,0,52,36,0,88,0,132,58,0,190,0,184,94,0,278,8,2,10,288
11/18/2016,HYA,MA,ANE,EN,Federal Contract Tower,0,39,20,0,59,0,152,74,0,226,0,191,94,0,285,26,0,26,311
11/19/2016,HYA,MA,ANE,EN,Federal Contract Tower,0,93,51,0,144,0,2,3,0,5,0,95,54,0,149,0,0,0,149
11/20/2016,HYA,MA,ANE,EN,Federal Contract Tower,0,34,22,0,56,0,117,61,0,178,0,151,83,0,234,4,0,4,238
11/21/2016,HYA,MA,ANE,EN,Federal Contract Tower,0,9,2,0,11,0,168,70,0,238,0,177,72,0,249,28,0,28,277
11/22/2016,HYA,MA,ANE,EN,Federal Contract Tower,0,31,4,0,35,0,132,61,0,193,0,163,65,0,228,20,0,20,248
11/23/2016,HYA,MA,ANE,EN,Federal Contract Tower,0,54,27,0,81,0,164,87,0,251,0,218,114,0,332,28,0,28,360
11/24/2016,HYA,MA,ANE,EN,Federal Contract Tower,0,33,17,0,50,0,139,41,0,180,0,172,58,0,230,0,0,0,230
11/25/2016,HYA,MA,ANE,EN,Federal Contract Tower,0,36,25,0,61,0,144,59,0,203,0,180,84,0,264,0,0,0,264
11/26/2016,HYA,MA,ANE,EN,Federal Contract Tower,0,94,45,0,139,0,28,35,9,72,0,122,80,9,211,0,0,0,211
11/27/2016,HYA,MA,ANE,EN,Federal Contract Tower,0,34,19,0,53,0,134,64,0,198,0,168,83,0,251,6,0,6,257
11/28/2016,HYA,MA,ANE,EN,Federal Contract Tower,0,8,10,1,19,0,145,53,0,198,0,153,63,1,217,110,2,112,329
11/29/2016,HYA,MA,ANE,EN,Federal Contract Tower,0,49,23,0,72,0,136,52,0,188,0,185,75,0,260,16,0,16,276
11/30/2016,HYA,MA,ANE,EN,Federal Contract Tower,0,176,90,0,266,0,10,7,0,17,0,186,97,0,283,4,0,4,287
12/01/2016,HYA,MA,ANE,EN,Federal Contract Tower,0,47,24,0,71,0,101,50,0,151,0,148,74,0,222,34,0,34,256
12/02/2016,HYA,MA,ANE,EN,Federal Contract Tower,0,24,16,0,40,0,153,67,0,220,0,177,83,0,260,26,4,30,290
12/03/2016,HYA,MA,ANE,EN,Federal Contract Tower,0,21,12,0,33,0,136,78,0,214,0,157,90,0,247,12,0,12,259
12/04/2016,HYA,MA,ANE,EN,Federal Contract Tower,0,21,19,0,40,0,129,78,0,207,0,150,97,0,247,6,0,6,253
12/05/2016,HYA,MA,ANE,EN,Federal Contract Tower,0,48,3,0,51,0,109,21,0,130,0,157,24,0,181,40,0,40,221
12/06/2016,HYA,MA,ANE,EN,Federal Contract Tower,0,29,20,0,49,0,162,58,0,220,0,191,78,0,269,76,0,76,345
12/07/2016,HYA,MA,ANE,EN,Federal Contract Tower,0,79,31,0,110,0,160,76,0,236,0,239,107,0,346,14,0,14,360
12/08/2016,HYA,MA,ANE,EN,Federal Contract Tower,0,31,23,0,54,0,164,82,0,246,0,195,105,0,300,26,0,26,326
12/09/2016,HYA,MA,ANE,EN,Federal Contract Tower,0,29,16,0,45,0,158,65,0,223,0,187,81,0,268,10,0,10,278
12/10/2016,HYA,MA,ANE,EN,Federal Contract Tower,0,19,14,0,33,0,143,69,0,212,0,162,83,0,245,14,0,14,259
12/11/2016,HYA,MA,ANE,EN,Federal Contract Tower,0,13,9,0,22,0,127,55,2,184,0,140,64,2,206,6,0,6,212
12/12/2016,HYA,MA,ANE,EN,Federal Contract Tower,0,69,14,0,83,0,57,24,0,81,0,126,38,0,164,0,0,0,164
12/13/2016,HYA,MA,ANE,EN,Federal Contract Tower,0,20,2,0,22,0,150,106,0,256,0,170,108,0,278,24,0,24,302
12/14/2016,HYA,MA,ANE,EN,Federal Contract Tower,0,28,29,0,57,0,175,86,0,261,0,203,115,0,318,40,0,40,358
12/15/2016,HYA,MA,ANE,EN,Federal Contract Tower,0,36,23,0,59,0,147,66,0,213,0,183,89,0,272,22,0,22,294
12/16/2016,HYA,MA,ANE,EN,Federal Contract Tower,0,28,19,0,47,0,152,74,0,226,0,180,93,0,273,30,0,30,303
12/17/2016,HYA,MA,ANE,EN,Federal Contract Tower,0,71,29,1,101,0,20,11,0,31,0,91,40,1,132,0,0,0,132
12/18/2016,HYA,MA,ANE,EN,Federal Contract Tower,0,117,55,0,172,0,42,18,0,60,0,159,73,0,232,0,0,0,232
12/19/2016,HYA,MA,ANE,EN,Federal Contract Tower,0,23,4,0,27,0,138,50,0,188,0,161,54,0,215,26,0,26,241
12/20/2016,HYA,MA,ANE,EN,Federal Contract Tower,0,7,9,0,16,0,145,58,0,203,0,152,67,0,219,24,0,24,243
12/21/2016,HYA,MA,ANE,EN,Federal Contract Tower,0,42,27,0,69,0,169,106,0,275,0,211,133,0,344,30,0,30,374
12/22/2016,HYA,MA,ANE,EN,Federal Contract Tower,0,48,28,0,76,0,159,69,0,228,0,207,97,0,304,48,0,48,352
12/23/2016,HYA,MA,ANE,EN,Federal Contract Tower,0,35,23,0,58,0,150,97,0,247,0,185,120,0,305,40,0,40,345
12/24/2016,HYA,MA,ANE,EN,Federal Contract Tower,0,43,15,0,58,0,83,36,0,119,0,126,51,0,177,0,0,0,177
12/25/2016,HYA,MA,ANE,EN,Federal Contract Tower,0,13,8,0,21,0,111,44,0,155,0,124,52,0,176,0,0,0,176
12/26/2016,HYA,MA,ANE,EN,Federal Contract Tower,0,9,4,0,13,0,135,59,0,194,0,144,63,0,207,36,0,36,243
12/27/2016,HYA,MA,ANE,EN,Federal Contract Tower,0,63,16,0,79,0,64,24,0,88,0,127,40,0,167,0,0,0,167
12/28/2016,HYA,MA,ANE,EN,Federal Contract Tower,0,13,9,0,22,0,135,71,0,206,0,148,80,0,228,18,0,18,246
12/29/2016,HYA,MA,ANE,EN,Federal Contract Tower,0,55,7,0,62,0,98,53,0,151,0,153,60,0,213,0,0,0,213
12/30/2016,HYA,MA,ANE,EN,Federal Contract Tower,0,24,8,0,32,0,100,50,0,150,0,124,58,0,182,53,0,53,235
12/31/2016,HYA,MA,ANE,EN,Federal Contract Tower,0,21,6,0,27,0,118,75,0,193,0,139,81,0,220,30,0,30,250
01/01/2017,HYA,MA,ANE,EN,Federal Contract Tower,0,2,2,0,4,0,96,41,0,137,0,98,43,0,141,6,0,6,147
01/02/2017,HYA,MA,ANE,EN,Federal Contract Tower,0,6,6,0,12,0,123,42,0,165,0,129,48,0,177,64,0,64,241
01/03/2017,HYA,MA,ANE,EN,Federal Contract Tower,0,60,25,0,85,0,7,5,0,12,0,67,30,0,97,0,0,0,97
01/04/2017,HYA,MA,ANE,EN,Federal Contract Tower,0,53,15,0,68,0,80,56,0,136,0,133,71,0,204,30,0,30,234
01/05/2017,HYA,MA,ANE,EN,Federal Contract Tower,0,28,27,0,55,0,162,98,0,260,0,190,125,0,315,34,0,34,349
01/06/2017,HYA,MA,ANE,EN,Federal Contract Tower,0,19,12,0,31,0,92,43,0,135,0,111,55,0,166,8,0,8,174
01/07/2017,HYA,MA,ANE,EN,Federal Contract Tower,0,0,5,0,5,0,5,3,0,8,0,5,8,0,13,0,0,0,13
01/08/2017,HYA,MA,ANE,EN,Federal Contract Tower,0,1,0,0,1,0,46,14,0,60,0,47,14,0,61,0,0,0,61
01/09/2017,HYA,MA,ANE,EN,Federal Contract Tower,0,10,1,0,11,0,111,40,0,151,0,121,41,0,162,52,0,52,214
01/10/2017,HYA,MA,ANE,EN,Federal Contract Tower,0,14,6,0,20,0,104,58,0,162,0,118,64,0,182,44,0,44,226
01/11/2017,HYA,MA,ANE,EN,Federal Contract Tower,0,20,6,0,26,0,86,52,0,138,0,106,58,0,164,10,0,10,174
01/12/2017,HYA,MA,ANE,EN,Federal Contract Tower,0,25,7,0,32,0,165,43,0,208,0,190,50,0,240,46,0,46,286
01/13/2017,HYA,MA,ANE,EN,Federal Contract Tower,0,21,2,0,23,0,131,67,0,198,0,152,69,0,221,28,0,28,249
01/14/2017,HYA,MA,ANE,EN,Federal Contract Tower,0,5,2,0,7,0,115,68,0,183,0,120,70,0,190,40,0,40,230
01/15/2017,HYA,MA,ANE,EN,Federal Contract Tower,0,16,9,0,25,0,120,56,0,176,0,136,65,0,201,38,0,38,239
01/16/2017,HYA,MA,ANE,EN,Federal Contract Tower,0,9,0,0,9,0,131,53,0,184,0,140,53,0,193,24,0,24,217
01/17/2017,HYA,MA,ANE,EN,Federal Contract Tower,0,12,5,0,17,0,121,61,0,182,0,133,66,0,199,34,0,34,233
01/18/2017,HYA,MA,ANE,EN,Federal Contract Tower,0,130,75,6,211,0,54,13,0,67,0,184,88,6,278,0,0,0,278
01/19/2017,HYA,MA,ANE,EN,Federal Contract Tower,0,90,40,0,130,0,91,40,0,131,0,181,80,0,261,60,0,60,321
01/20/2017,HYA,MA,ANE,EN,Federal Contract Tower,0,35,24,0,59,0,146,64,0,210,0,181,88,0,269,16,0,16,285
01/21/2017,HYA,MA,ANE,EN,Federal Contract Tower,0,85,39,0,124,0,21,19,0,40,0,106,58,0,164,0,0,0,164
01/22/2017,HYA,MA,ANE,EN,Federal Contract Tower,0,32,13,0,45,0,81,37,0,118,0,113,50,0,163,30,0,30,193
01/23/2017,HYA,MA,ANE,EN,Federal Contract Tower,0,45,7,0,52,0,70,27,0,97,0,115,34,0,149,0,0,0,149
01/24/2017,HYA,MA,ANE,EN,Federal Contract Tower,0,58,29,0,87,0,0,0,0,0,0,58,29,0,87,0,0,0,87
01/25/2017,HYA,MA,ANE,EN,Federal Contract Tower,0,37,32,0,69,0,175,65,0,240,0,212,97,0,309,70,0,70,379
01/26/2017,HYA,MA,ANE,EN,Federal Contract Tower,0,50,26,0,76,0,147,71,0,218,0,197,97,0,294,30,0,30,324
01/27/2017,HYA,MA,ANE,EN,Federal Contract Tower,0,20,15,0,35,0,151,67,0,218,0,171,82,0,253,40,0,40,293
01/28/2017,HYA,MA,ANE,EN,Federal Contract Tower,0,13,11,0,24,0,131,62,0,193,0,144,73,0,217,16,16,32,249
01/29/2017,HYA,MA,ANE,EN,Federal Contract Tower,0,20,9,3,32,0,120,49,0,169,0,140,58,3,201,16,0,16,217
01/30/2017,HYA,MA,ANE,EN,Federal Contract Tower,0,8,0,0,8,0,128,60,0,188,0,136,60,0,196,12,0,12,208
01/31/2017,HYA,MA,ANE,EN,Federal Contract Tower,0,11,10,0,21,0,72,29,0,101,0,83,39,0,122,8,0,8,130
02/01/2017,HYA,MA,ANE,EN,Federal Contract Tower,0,40,29,0,69,0,163,76,0,239,0,203,105,0,308,16,0,16,324
02/02/2017,HYA,MA,ANE,EN,Federal Contract Tower,0,34,22,0,56,0,154,69,2,225,0,188,91,2,281,48,4,52,333
02/03/2017,HYA,MA,ANE,EN,Federal Contract Tower,0,29,23,0,52,0,145,69,0,214,0,174,92,0,266,34,0,34,300
02/04/2017,HYA,MA,ANE,EN,Federal Contract Tower,0,19,16,0,35,0,132,57,0,189,0,151,73,0,224,10,0,10,234
02/05/2017,HYA,MA,ANE,EN,Federal Contract Tower,0,14,7,0,21,0,123,55,0,178,0,137,62,0,199,8,0,8,207
02/06/2017,HYA,MA,ANE,EN,Federal Contract Tower,0,2,4,0,6,0,131,32,0,163,0,133,36,0,169,50,0,50,219
02/07/2017,HYA,MA,ANE,EN,Federal Contract Tower,0,35,6,0,41,0,55,29,0,84,0,90,35,0,125,4,0,4,129
02/08/2017,HYA,MA,ANE,EN,Federal Contract Tower,0,49,28,0,77,0,133,53,0,186,0,182,81,0,263,52,0,52,315
02/09/2017,HYA,MA,ANE,EN,Federal Contract Tower,0,2,0,0,2,0,32,12,0,44,0,34,12,0,46,0,0,0,46
02/10/2017,HYA,MA,ANE,EN,Federal Contract Tower,0,16,10,0,26,0,67,34,0,101,0,83,44,0,127,32,0,32,159
02/11/2017,HYA,MA,ANE,EN,Federal Contract Tower,0,24,18,0,42,0,78,34,0,112,0,102,52,0,154,4,0,4,158
02/12/2017,HYA,MA,ANE,EN,Federal Contract Tower,0,19,13,0,32,0,84,34,0,118,0,103,47,0,150,0,0,0,150
02/13/2017,HYA,MA,ANE,EN,Federal Contract Tower,0,0,0,0,0,0,0,1,0,1,0,0,1,0,1,0,0,0,1
02/14/2017,HYA,MA,ANE,EN,Federal Contract Tower,0,9,5,0,14,0,103,68,0,171,0,112,73,0,185,32,0,32,217
02/15/2017,HYA,MA,ANE,EN,Federal Contract Tower,0,92,54,0,146,0,112,42,0,154,0,204,96,0,300,8,0,8,308
02/16/2017,HYA,MA,ANE,EN,Federal Contract Tower,0,41,29,0,70,0,158,64,0,222,0,199,93,0,292,36,0,36,328
02/17/2017,HYA,MA,ANE,EN,Federal Contract Tower,0,22,22,0,44,0,152,61,0,213,0,174,83,0,257,46,0,46,303
02/18/2017,HYA,MA,ANE,EN,Federal Contract Tower,0,18,17,0,35,0,140,75,0,215,0,158,92,0,250,16,0,16,266
02/19/2017,HYA,MA,ANE,EN,Federal Contract Tower,0,11,21,0,32,0,132,76,0,208,0,143,97,0,240,20,0,20,260
02/20/2017,HYA,MA,ANE,EN,Federal Contract Tower,0,10,9,0,19,0,147,69,0,216,0,157,78,0,235,28,0,28,263
02/21/2017,HYA,MA,ANE,EN,Federal Contract Tower,0,6,5,0,11,0,128,61,0,189,0,134,66,0,200,34,0,34,234
02/22/2017,HYA,MA,ANE,EN,Federal Contract Tower,0,7,4,0,11,0,109,61,0,170,0,116,65,0,181,24,0,24,205
02/23/2017,HYA,MA,ANE,EN,Federal Contract Tower,0,81,24,0,105,0,14,4,0,18,0,95,28,0,123,4,0,4,127
02/24/2017,HYA,MA,ANE,EN,Federal Contract Tower,0,29,14,0,43,0,113,70,2,185,0,142,84,2,228,31,0,31,259
02/25/2017,HYA,MA,ANE,EN,Federal Contract Tower,0,15,4,0,19,0,64,40,0,104,0,79,44,0,123,6,0,6,129
02/26/2017,HYA,MA,ANE,EN,Federal Contract Tower,0,7,6,0,13,0,105,61,0,166,0,112,67,0,179,26,0,26,205
02/27/2017,HYA,MA,ANE,EN,Federal Contract Tower,0,10,1,0,11,0,149,56,0,205,0,159,57,0,216,14,0,14,230
02/28/2017,HYA,MA,ANE,EN,Federal Contract Tower,0,32,9,0,41,0,81,49,0,130,0,113,58,0,171,8,0,8,179
03/01/2017,HYA,MA,ANE,EN,Federal Contract Tower,0,23,9,0,32,0,0,0,0,0,0,23,9,0,32,0,0,0,32
03/02/2017,HYA,MA,ANE,EN,Federal Contract Tower,0,9,4,0,13,0,124,48,0,172,0,133,52,0,185,46,0,46,231
03/03/2017,HYA,MA,ANE,EN,Federal Contract Tower,0,14,4,0,18,0,141,70,0,211,0,155,74,0,229,28,0,28,257
03/04/2017,HYA,MA,ANE,EN,Federal Contract Tower,0,5,0,0,5,0,105,50,0,155,0,110,50,0,160,16,0,16,176
03/05/2017,HYA,MA,ANE,EN,Federal Contract Tower,0,9,4,0,13,0,95,62,0,157,0,104,66,0,170,24,0,24,194
03/06/2017,HYA,MA,ANE,EN,Federal Contract Tower,0,26,4,0,30,0,158,64,0,222,0,184,68,0,252,16,0,16,268
03/07/2017,HYA,MA,ANE,EN,Federal Contract Tower,0,19,2,0,21,0,129,68,0,197,0,148,70,0,218,20,0,20,238
03/08/2017,HYA,MA,ANE,EN,Federal Contract Tower,0,35,15,0,50,0,72,32,0,104,0,107,47,0,154,30,0,30,184
03/09/2017,HYA,MA,ANE,EN,Federal Contract Tower,0,7,5,0,12,0,139,60,0,199,0,146,65,0,211,16,0,16,227
03/10/2017,HYA,MA,ANE,EN,Federal Contract Tower,0,5,0,0,5,0,0,0,0,0,0,5,0,0,5,0,0,0,5
03/11/2017,HYA,MA,ANE,EN,Federal Contract Tower,0,4,2,0,6,0,65,50,0,115,0,69,52,0,121,16,0,16,137
03/12/2017,HYA,MA,ANE,EN,Federal Contract Tower,0,9,6,0,15,0,104,55,0,159,0,113,61,0,174,6,0,6,180
03/13/2017,HYA,MA,ANE,EN,Federal Contract Tower,0,15,5,0,20,0,151,73,0,224,0,166,78,0,244,44,0,44,288
03/14/2017,HYA,MA,ANE,EN,Federal Contract Tower,0,0,0,0,0,0,8,5,0,13,0,8,5,0,13,0,0,0,13
03/15/2017,HYA,MA,ANE,EN,Federal Contract Tower,0,17,3,0,20,0,131,53,0,184,0,148,56,0,204,38,0,38,242
03/16/2017,HYA,MA,ANE,EN,Federal Contract Tower,0,12,1,0,13,0,145,70,0,215,0,157,71,0,228,62,0,62,290
03/17/2017,HYA,MA,ANE,EN,Federal Contract Tower,0,12,6,0,18,0,131,80,0,211,0,143,86,0,229,42,0,42,271
03/18/2017,HYA,MA,ANE,EN,Federal Contract Tower,0,1,0,0,1,0,120,78,0,198,0,121,78,0,199,24,0,24,223
03/19/2017,HYA,MA,ANE,EN,Federal Contract Tower,0,16,5,0,21,0,57,18,0,75,0,73,23,0,96,0,0,0,96
03/20/2017,HYA,MA,ANE,EN,Federal Contract Tower,0,15,2,0,17,0,137,65,0,202,0,152,67,0,219,28,0,28,247
03/21/2017,HYA,MA,ANE,EN,Federal Contract Tower,0,17,4,0,21,0,115,60,0,175,0,132,64,0,196,42,0,42,238
03/22/2017,HYA,MA,ANE,EN,Federal Contract Tower,0,10,4,0,14,0,97,40,0,137,0,107,44,0,151,8,0,8,159
03/23/2017,HYA,MA,ANE,EN,Federal Contract Tower,0,8,2,0,10,0,133,43,0,176,0,141,45,0,186,6,0,6,192
03/24/2017,HYA,MA,ANE,EN,Federal Contract Tower,0,15,5,0,20,0,146,63,0,209,0,161,68,0,229,22,0,22,251
03/25/2017,HYA,MA,ANE,EN,Federal Contract Tower,0,12,5,0,17,0,100,52,0,152,0,112,57,0,169,58,0,58,227
03/26/2017,HYA,MA,ANE,EN,Federal Contract Tower,0,5,4,0,9,0,115,60,0,175,0,120,64,0,184,18,0,18,202
03/27/2017,HYA,MA,ANE,EN,Federal Contract Tower,0,40,7,0,47,0,54,25,0,79,0,94,32,0,126,10,0,10,136
03/28/2017,HYA,MA,ANE,EN,Federal Contract Tower,0,67,21,0,88,0,17,13,0,30,0,84,34,0,118,0,0,0,118
03/29/2017,HYA,MA,ANE,EN,Federal Contract Tower,0,76,21,0,97,0,74,22,0,96,0,150,43,0,193,30,0,30,223
03/30/2017,HYA,MA,ANE,EN,Federal Contract Tower,0,21,7,0,28,0,135,71,2,208,0,156,78,2,236,12,0,12,248
03/31/2017,HYA,MA,ANE,EN,Federal Contract Tower,0,46,16,0,62,0,59,30,0,89,0,105,46,0,151,10,0,10,161
04/01/2017,HYA,MA,ANE,EN,Federal Contract Tower,0,13,0,0,13,0,0,0,0,0,0,13,0,0,13,0,0,0,13
04/02/2017,HYA,MA,ANE,EN,Federal Contract Tower,0,11,5,0,16,0,99,48,0,147,0,110,53,0,163,24,0,24,187
04/03/2017,HYA,MA,ANE,EN,Federal Contract Tower,0,7,2,0,9,0,145,60,0,205,0,152,62,0,214,24,0,24,238
04/04/2017,HYA,MA,ANE,EN,Federal Contract Tower,0,26,5,0,31,0,77,29,0,106,0,103,34,0,137,0,0,0,137
04/05/2017,HYA,MA,ANE,EN,Federal Contract Tower,0,62,22,0,84,0,36,12,0,48,0,98,34,0,132,0,0,0,132
04/06/2017,HYA,MA,ANE,EN,Federal Contract Tower,0,75,17,0,92,0,0,0,0,0,0,75,17,0,92,0,0,0,92
04/07/2017,HYA,MA,ANE,EN,Federal Contract Tower,0,25,1,1,27,0,142,72,0,214,0,167,73,1,241,58,0,58,299
04/08/2017,HYA,MA,ANE,EN,Federal Contract Tower,0,5,4,0,9,0,109,85,0,194,0,114,89,0,203,72,0,72,275
04/09/2017,HYA,MA,ANE,EN,Federal Contract Tower,0,2,5,0,7,0,110,73,0,183,0,112,78,0,190,20,0,20,210
04/10/2017,HYA,MA,ANE,EN,Federal Contract Tower,0,6,6,0,12,0,147,78,0,225,0,153,84,0,237,14,0,14,251
04/11/2017,HYA,MA,ANE,EN,Federal Contract Tower,0,10,3,0,13,0,120,80,2,202,0,130,83,2,215,34,0,34,249
04/12/2017,HYA,MA,ANE,EN,Federal Contract Tower,0,26,5,0,31,0,159,55,0,214,0,185,60,0,245,94,0,94,339
04/13/2017,HYA,MA,ANE,EN,Federal Contract Tower,0,22,8,0,30,0,170,69,1,240,0,192,77,1,270,20,0,20,290
04/14/2017,HYA,MA,ANE,EN,Federal Contract Tower,0,19,6,0,25,0,150,88,0,238,0,169,94,0,263,34,0,34,297
04/15/2017,HYA,MA,ANE,EN,Federal Contract Tower,0,5,5,0,10,0,118,78,0,196,0,123,83,0,206,30,0,30,236
04/16/2017,HYA,MA,ANE,EN,Federal Contract Tower,0,31,11,0,42,0,72,44,0,116,0,103,55,0,158,22,0,22,180
04/17/2017,HYA,MA,ANE,EN,Federal Contract Tower,0,10,4,0,14,0,141,72,0,213,0,151,76,0,227,34,0,34,261
04/18/2017,HYA,MA,ANE,EN,Federal Contract Tower,0,12,6,0,18,0,107,82,0,189,0,119,88,0,207,56,6,62,269
04/19/2017,HYA,MA,ANE,EN,Federal Contract Tower,0,24,4,0,28,0,128,81,0,209,0,152,85,0,237,32,0,32,269
04/20/2017,HYA,MA,ANE,EN,Federal Contract Tower,0,93,41,0,134,0,1,1,0,2,0,94,42,0,136,0,0,0,136
04/21/2017,HYA,MA,ANE,EN,Federal Contract Tower,0,93,51,0,144,0,0,0,0,0,0,93,51,0,144,0,0,0,144
04/22/2017,HYA,MA,ANE,EN,Federal Contract Tower,0,50,39,0,89,0,0,0,0,0,0,50,39,0,89,0,0,0,89
04/23/2017,HYA,MA,ANE,EN,Federal Contract Tower,0,6,6,0,12,0,107,63,0,170,0,113,69,0,182,38,0,38,220
04/24/2017,HYA,MA,ANE,EN,Federal Contract Tower,0,8,2,0,10,0,137,86,0,223,0,145,88,0,233,32,0,32,265
04/25/2017,HYA,MA,ANE,EN,Federal Contract Tower,0,43,11,0,54,0,28,28,0,56,0,71,39,0,110,8,0,8,118
04/26/2017,HYA,MA,ANE,EN,Federal Contract Tower,0,44,18,0,62,0,0,0,0,0,0,44,18,0,62,0,0,0,62
04/28/2017,HYA,MA,ANE,EN,Federal Contract Tower,0,49,15,0,64,0,61,33,0,94,0,110,48,0,158,18,0,18,176
04/29/2017,HYA,MA,ANE,EN,Federal Contract Tower,0,46,13,0,59,0,87,63,0,150,0,133,76,0,209,22,0,22,231
04/30/2017,HYA,MA,ANE,EN,Federal Contract Tower,0,7,7,0,14,0,112,79,0,191,0,119,86,0,205,40,0,40,245
05/01/2017,HYA,MA,ANE,EN,Federal Contract Tower,0,51,31,0,82,0,15,20,0,35,0,66,51,0,117,0,0,0,117
05/02/2017,HYA,MA,ANE,EN,Federal Contract Tower,0,24,27,0,51,0,14,17,0,31,0,38,44,0,82,0,0,0,82
05/03/2017,HYA,MA,ANE,EN,Federal Contract Tower,0,11,4,0,15,0,153,80,0,233,0,164,84,0,248,10,0,10,258
05/04/2017,HYA,MA,ANE,EN,Federal Contract Tower,0,8,6,0,14,0,138,100,0,238,0,146,106,0,252,16,2,18,270
05/05/2017,HYA,MA,ANE,EN,Federal Contract Tower,0,19,12,0,31,0,83,50,0,133,0,102,62,0,164,22,0,22,186
05/06/2017,HYA,MA,ANE,EN,Federal Contract Tower,0,57,31,0,88,0,3,2,0,5,0,60,33,0,93,0,0,0,93
05/07/2017,HYA,MA,ANE,EN,Federal Contract Tower,0,11,2,0,13,0,77,58,4,139,0,88,60,4,152,28,0,28,180
05/08/2017,HYA,MA,ANE,EN,Federal Contract Tower,0,6,2,0,8,0,137,73,0,210,0,143,75,0,218,34,0,34,252
05/09/2017,HYA,MA,ANE,EN,Federal Contract Tower,0,5,6,0,11,0,116,98,8,222,0,121,104,8,233,36,0,36,269
05/10/2017,HYA,MA,ANE,EN,Federal Contract Tower,0,7,8,0,15,0,141,73,0,214,0,148,81,0,229,40,2,42,271
05/11/2017,HYA,MA,ANE,EN,Federal Contract Tower,0,18,8,2,28,0,142,109,0,251,0,160,117,2,279,20,0,20,299
05/12/2017,HYA,MA,ANE,EN,Federal Contract Tower,0,78,35,2,115,0,55,43,0,98,0,133,78,2,213,12,0,12,225
05/13/2017,HYA,MA,ANE,EN,Federal Contract Tower,0,31,16,0,47,0,75,56,0,131,0,106,72,0,178,14,0,14,192
05/14/2017,HYA,MA,ANE,EN,Federal Contract Tower,0,30,10,0,40,0,19,4,0,23,0,49,14,0,63,0,0,0,63
05/15/2017,HYA,MA,ANE,EN,Federal Contract Tower,0,18,12,0,30,0,133,71,0,204,0,151,83,0,234,22,0,22,256
05/16/2017,HYA,MA,ANE,EN,Federal Contract Tower,0,11,6,0,17,0,122,88,0,210,0,133,94,0,227,44,0,44,271
05/17/2017,HYA,MA,ANE,EN,Federal Contract Tower,0,20,15,0,35,0,142,59,0,201,0,162,74,0,236,22,0,22,258
05/18/2017,HYA,MA,ANE,EN,Federal Contract Tower,0,14,14,0,28,0,156,85,0,241,0,170,99,0,269,14,0,14,283
05/19/2017,HYA,MA,ANE,EN,Federal Contract Tower,0,26,7,0,33,0,132,79,0,211,0,158,86,0,244,42,0,42,286
05/20/2017,HYA,MA,ANE,EN,Federal Contract Tower,0,10,8,0,18,0,107,81,0,188,0,117,89,0,206,38,0,38,244
05/21/2017,HYA,MA,ANE,EN,Federal Contract Tower,0,13,10,0,23,0,110,78,0,188,0,123,88,0,211,26,0,26,237
05/22/2017,HYA,MA,ANE,EN,Federal Contract Tower,0,27,11,0,38,0,136,70,0,206,0,163,81,0,244,28,0,28,272
05/23/2017,HYA,MA,ANE,EN,Federal Contract Tower,0,32,24,0,56,0,84,43,0,127,0,116,67,0,183,6,0,6,189
05/24/2017,HYA,MA,ANE,EN,Federal Contract Tower,0,40,12,0,52,0,145,55,0,200,0,185,67,0,252,0,0,0,252
05/25/2017,HYA,MA,ANE,EN,Federal Contract Tower,0,74,39,0,113,0,0,0,0,0,0,74,39,0,113,0,0,0,113
05/26/2017,HYA,MA,ANE,EN,Federal Contract Tower,0,111,68,0,179,0,8,29,0,37,0,119,97,0,216,0,0,0,216
05/27/2017,HYA,MA,ANE,EN,Federal Contract Tower,0,23,14,0,37,0,104,93,0,197,0,127,107,0,234,24,0,24,258
05/28/2017,HYA,MA,ANE,EN,Federal Contract Tower,0,20,11,0,31,0,114,81,0,195,0,134,92,0,226,10,0,10,236
05/29/2017,HYA,MA,ANE,EN,Federal Contract Tower,0,125,39,6,170,0,0,0,0,0,0,125,39,6,170,0,0,0,170
05/30/2017,HYA,MA,ANE,EN,Federal Contract Tower,0,82,46,0,128,0,25,11,0,36,0,107,57,0,164,8,0,8,172
05/31/2017,HYA,MA,ANE,EN,Federal Contract Tower,0,100,25,0,125,0,18,8,0,26,0,118,33,0,151,4,0,4,155
06/01/2017,HYA,MA,ANE,EN,Federal Contract Tower,0,59,22,0,81,0,102,67,0,169,0,161,89,0,250,28,0,28,278
06/02/2017,HYA,MA,ANE,EN,Federal Contract Tower,0,44,16,0,60,0,131,90,0,221,0,175,106,0,281,28,0,28,309
06/03/2017,HYA,MA,ANE,EN,Federal Contract Tower,0,21,13,0,34,0,84,69,0,153,0,105,82,0,187,14,0,14,201
06/04/2017,HYA,MA,ANE,EN,Federal Contract Tower,0,8,7,0,15,0,106,73,0,179,0,114,80,0,194,10,0,10,204
06/05/2017,HYA,MA,ANE,EN,Federal Contract Tower,0,69,29,0,98,0,11,7,0,18,0,80,36,0,116,0,0,0,116
06/06/2017,HYA,MA,ANE,EN,Federal Contract Tower,0,73,42,0,115,0,0,0,0,0,0,73,42,0,115,0,0,0,115
06/07/2017,HYA,MA,ANE,EN,Federal Contract Tower,0,40,19,0,59,0,133,46,0,179,0,173,65,0,238,22,0,22,260
06/08/2017,HYA,MA,ANE,EN,Federal Contract Tower,0,31,11,0,42,0,153,79,0,232,0,184,90,0,274,22,0,22,296
06/09/2017,HYA,MA,ANE,EN,Federal Contract Tower,0,50,31,0,81,0,73,59,0,132,0,123,90,0,213,8,0,8,221
06/10/2017,HYA,MA,ANE,EN,Federal Contract Tower,0,24,7,0,31,0,83,93,0,176,0,107,100,0,207,8,0,8,215
06/11/2017,HYA,MA,ANE,EN,Federal Contract Tower,0,31,15,0,46,0,114,86,0,200,0,145,101,0,246,24,0,24,270
06/12/2017,HYA,MA,ANE,EN,Federal Contract Tower,0,16,9,0,25,0,134,73,0,207,0,150,82,0,232,32,0,32,264
06/13/2017,HYA,MA,ANE,EN,Federal Contract Tower,0,11,11,0,22,0,122,90,2,214,0,133,101,2,236,14,0,14,250
06/14/2017,HYA,MA,ANE,EN,Federal Contract Tower,0,20,16,0,36,0,140,72,0,212,0,160,88,0,248,30,0,30,278
06/15/2017,HYA,MA,ANE,EN,Federal Contract Tower,2,27,10,0,39,0,142,77,2,221,2,169,87,2,260,0,0,0,260
06/16/2017,HYA,MA,ANE,EN,Federal Contract Tower,2,31,14,0,47,0,123,91,0,214,2,154,105,0,261,24,0,24,285
06/17/2017,HYA,MA,ANE,EN,Federal Contract Tower,2,60,26,0,88,0,15,14,0,29,2,75,40,0,117,0,0,0,117
06/18/2017,HYA,MA,ANE,EN,Federal Contract Tower,2,82,28,0,112,0,0,0,0,0,2,82,28,0,112,0,0,0,112
06/19/2017,HYA,MA,ANE,EN,Federal Contract Tower,2,96,50,0,148,0,0,0,0,0,2,96,50,0,148,0,0,0,148
06/20/2017,HYA,MA,ANE,EN,Federal Contract Tower,2,78,35,0,115,0,41,34,0,75,2,119,69,0,190,28,0,28,218
06/21/2017,HYA,MA,ANE,EN,Federal Contract Tower,2,70,21,0,93,0,131,67,0,198,2,201,88,0,291,54,0,54,345
06/22/2017,HYA,MA,ANE,EN,Federal Contract Tower,2,15,21,0,38,0,149,97,0,246,2,164,118,0,284,12,0,12,296
06/23/2017,HYA,MA,ANE,EN,Federal Contract Tower,2,73,43,0,118,0,60,40,0,100,2,133,83,0,218,12,0,12,230
06/24/2017,HYA,MA,ANE,EN,Federal Contract Tower,2,63,27,0,92,0,46,46,0,92,2,109,73,0,184,10,0,10,194
06/25/2017,HYA,MA,ANE,EN,Federal Contract Tower,2,22,9,0,33,0,130,88,0,218,2,152,97,0,251,20,0,20,271
06/26/2017,HYA,MA,ANE,EN,Federal Contract Tower,1,42,14,0,57,0,143,89,0,232,1,185,103,0,289,36,0,36,325
06/27/2017,HYA,MA,ANE,EN,Federal Contract Tower,2,40,4,0,46,0,134,97,0,231,2,174,101,0,277,18,0,18,295
06/28/2017,HYA,MA,ANE,EN,Federal Contract Tower,2,42,14,0,58,0,155,87,0,242,2,197,101,0,300,14,0,14,314
06/29/2017,HYA,MA,ANE,EN,Federal Contract Tower,2,50,21,0,73,0,156,82,0,238,2,206,103,0,311,4,0,4,315
06/30/2017,HYA,MA,ANE,EN,Federal Contract Tower,2,62,31,0,95,0,138,95,0,233,2,200,126,0,328,0,0,0,328
07/01/2017,HYA,MA,ANE,EN,Federal Contract Tower,2,105,60,0,167,0,2,0,0,2,2,107,60,0,169,0,0,0,169
07/02/2017,HYA,MA,ANE,EN,Federal Contract Tower,2,42,15,0,59,0,94,63,0,157,2,136,78,0,216,0,0,0,216
07/03/2017,HYA,MA,ANE,EN,Federal Contract Tower,2,12,13,0,27,134,81,0,0,215,136,93,13,0,242,20,0,20,262
07/04/2017,HYA,MA,ANE,EN,Federal Contract Tower,2,29,13,0,44,0,136,95,0,231,2,165,108,0,275,4,0,4,279
07/05/2017,HYA,MA,ANE,EN,Federal Contract Tower,2,53,25,0,80,0,164,104,0,268,2,217,129,0,348,22,0,22,370
07/06/2017,HYA,MA,ANE,EN,Federal Contract Tower,2,39,15,0,56,0,162,85,0,247,2,201,100,0,303,10,0,10,313
07/07/2017,HYA,MA,ANE,EN,Federal Contract Tower,2,99,51,0,152,0,43,17,0,60,2,142,68,0,212,0,0,0,212
07/08/2017,HYA,MA,ANE,EN,Federal Contract Tower,2,45,36,0,83,0,75,66,0,141,2,120,102,0,224,26,0,26,250
07/09/2017,HYA,MA,ANE,EN,Federal Contract Tower,2,38,27,4,71,0,124,83,0,207,2,162,110,4,278,14,0,14,292
07/10/2017,HYA,MA,ANE,EN,Federal Contract Tower,2,23,20,0,45,0,147,84,0,231,2,170,104,0,276,52,0,52,328
07/11/2017,HYA,MA,ANE,EN,Federal Contract Tower,2,79,35,2,118,0,59,38,0,97,2,138,73,2,215,0,0,0,215
07/12/2017,HYA,MA,ANE,EN,Federal Contract Tower,2,58,29,1,90,0,56,35,0,91,2,114,64,1,181,0,0,0,181
07/13/2017,HYA,MA,ANE,EN,Federal Contract Tower,2,99,53,0,154,0,2,2,0,4,2,101,55,0,158,0,0,0,158
07/14/2017,HYA,MA,ANE,EN,Federal Contract Tower,2,91,42,0,135,0,64,48,0,112,2,155,90,0,247,0,0,0,247
07/15/2017,HYA,MA,ANE,EN,Federal Contract Tower,2,59,33,0,94,0,60,59,0,119,2,119,92,0,213,14,0,14,227
07/16/2017,HYA,MA,ANE,EN,Federal Contract Tower,2,42,23,0,67,0,93,85,0,178,2,135,108,0,245,8,0,8,253
07/17/2017,HYA,MA,ANE,EN,Federal Contract Tower,2,96,68,0,166,57,32,0,0,89,59,128,68,0,255,0,0,0,255
07/18/2017,HYA,MA,ANE,EN,Federal Contract Tower,2,52,36,0,90,0,66,30,0,96,2,118,66,0,186,4,0,4,190
07/19/2017,HYA,MA,ANE,EN,Federal Contract Tower,2,68,34,0,104,0,74,50,0,124,2,142,84,0,228,18,0,18,246
07/20/2017,HYA,MA,ANE,EN,Federal Contract Tower,2,56,39,0,97,0,110,72,0,182,2,166,111,0,279,0,0,0,279
07/21/2017,HYA,MA,ANE,EN,Federal Contract Tower,2,40,17,0,59,0,132,114,0,246,2,172,131,0,305,0,0,0,305
07/22/2017,HYA,MA,ANE,EN,Federal Contract Tower,2,38,24,0,64,0,102,89,2,193,2,140,113,2,257,14,0,14,271
07/23/2017,HYA,MA,ANE,EN,Federal Contract Tower,2,36,32,0,70,0,104,69,0,173,2,140,101,0,243,0,0,0,243
07/24/2017,HYA,MA,ANE,EN,Federal Contract Tower,2,57,41,0,100,0,64,36,0,100,2,121,77,0,200,0,0,0,200
07/25/2017,HYA,MA,ANE,EN,Federal Contract Tower,2,72,30,0,104,0,77,47,0,124,2,149,77,0,228,8,0,8,236
07/26/2017,HYA,MA,ANE,EN,Federal Contract Tower,2,28,15,0,45,0,148,86,0,234,2,176,101,0,279,0,0,0,279
07/27/2017,HYA,MA,ANE,EN,Federal Contract Tower,2,63,27,0,92,0,144,71,0,215,2,207,98,0,307,0,16,16,323
07/28/2017,HYA,MA,ANE,EN,Federal Contract Tower,2,71,32,0,105,0,131,77,0,208,2,202,109,0,313,14,0,14,327
07/29/2017,HYA,MA,ANE,EN,Federal Contract Tower,2,73,38,0,113,0,18,8,0,26,2,91,46,0,139,0,0,0,139
07/30/2017,HYA,MA,ANE,EN,Federal Contract Tower,2,39,23,0,64,0,115,105,0,220,2,154,128,0,284,4,0,4,288
07/31/2017,HYA,MA,ANE,EN,Federal Contract Tower,2,30,16,0,48,0,145,85,0,230,2,175,101,0,278,24,0,24,302
08/01/2017,HYA,MA,ANE,EN,Federal Contract Tower,2,14,19,0,35,0,133,97,0,230,2,147,116,0,265,20,0,20,285
08/02/2017,HYA,MA,ANE,EN,Federal Contract Tower,2,31,16,0,49,0,145,82,0,227,2,176,98,0,276,46,0,46,322
08/03/2017,HYA,MA,ANE,EN,Federal Contract Tower,2,48,28,0,78,0,109,69,0,178,2,157,97,0,256,0,0,0,256
08/04/2017,HYA,MA,ANE,EN,Federal Contract Tower,2,98,58,0,158,0,47,45,0,92,2,145,103,0,250,0,0,0,250
08/05/2017,HYA,MA,ANE,EN,Federal Contract Tower,2,76,47,0,125,0,13,12,0,25,2,89,59,0,150,0,0,0,150
08/06/2017,HYA,MA,ANE,EN,Federal Contract Tower,2,39,27,0,68,0,115,80,0,195,2,154,107,0,263,14,0,14,277
08/07/2017,HYA,MA,ANE,EN,Federal Contract Tower,2,44,38,0,84,0,141,87,0,228,2,185,125,0,312,28,0,28,340
08/08/2017,HYA,MA,ANE,EN,Federal Contract Tower,2,79,40,0,121,0,57,58,0,115,2,136,98,0,236,0,8,8,244
08/09/2017,HYA,MA,ANE,EN,Federal Contract Tower,2,31,16,0,49,0,143,80,0,223,2,174,96,0,272,48,0,48,320
08/10/2017,HYA,MA,ANE,EN,Federal Contract Tower,2,41,24,0,67,0,159,93,0,252,2,200,117,0,319,12,0,12,331
08/11/2017,HYA,MA,ANE,EN,Federal Contract Tower,2,91,47,0,140,0,91,73,0,164,2,182,120,0,304,10,0,10,314
08/12/2017,HYA,MA,ANE,EN,Federal Contract Tower,4,82,55,0,141,0,0,0,0,0,4,82,55,0,141,0,0,0,141
08/13/2017,HYA,MA,ANE,EN,Federal Contract Tower,2,91,41,0,134,0,70,61,0,131,2,161,102,0,265,16,0,16,281
08/14/2017,HYA,MA,ANE,EN,Federal Contract Tower,2,51,27,0,80,0,112,73,0,185,2,163,100,0,265,22,0,22,287
08/15/2017,HYA,MA,ANE,EN,Federal Contract Tower,2,53,22,0,77,0,103,81,0,184,2,156,103,0,261,32,0,32,293
08/16/2017,HYA,MA,ANE,EN,Federal Contract Tower,0,53,33,0,86,0,137,78,0,215,0,190,111,0,301,20,0,20,321
08/17/2017,HYA,MA,ANE,EN,Federal Contract Tower,2,44,21,0,67,0,138,91,0,229,2,182,112,0,296,12,0,12,308
08/18/2017,HYA,MA,ANE,EN,Federal Contract Tower,2,86,30,0,118,0,49,38,0,87,2,135,68,0,205,0,0,0,205
08/19/2017,HYA,MA,ANE,EN,Federal Contract Tower,2,82,28,0,112,0,48,43,0,91,2,130,71,0,203,4,0,4,207
08/20/2017,HYA,MA,ANE,EN,Federal Contract Tower,2,56,24,0,82,0,123,76,0,199,2,179,100,0,281,8,0,8,289
08/21/2017,HYA,MA,ANE,EN,Federal Contract Tower,2,30,10,0,42,0,148,76,0,224,2,178,86,0,266,4,0,4,270
08/22/2017,HYA,MA,ANE,EN,Federal Contract Tower,2,74,40,0,116,0,36,27,0,63,2,110,67,0,179,4,0,4,183
08/23/2017,HYA,MA,ANE,EN,Federal Contract Tower,2,61,30,0,93,0,113,63,0,176,2,174,93,0,269,0,0,0,269
08/24/2017,HYA,MA,ANE,EN,Federal Contract Tower,2,26,26,0,54,0,147,94,0,241,2,173,120,0,295,0,0,0,295
08/25/2017,HYA,MA,ANE,EN,Federal Contract Tower,2,31,15,0,48,0,126,83,4,213,2,157,98,4,261,12,0,12,273
08/26/2017,HYA,MA,ANE,EN,Federal Contract Tower,2,25,9,0,36,0,103,83,0,186,2,128,92,0,222,22,0,22,244
08/27/2017,HYA,MA,ANE,EN,Federal Contract Tower,2,41,11,0,54,0,114,97,0,211,2,155,108,0,265,14,0,14,279
08/28/2017,HYA,MA,ANE,EN,Federal Contract Tower,2,13,6,0,21,0,144,81,0,225,2,157,87,0,246,18,0,18,264
08/29/2017,HYA,MA,ANE,EN,Federal Contract Tower,2,23,15,0,40,0,113,87,0,200,2,136,102,0,240,8,0,8,248
08/30/2017,HYA,MA,ANE,EN,Federal Contract Tower,2,46,7,0,55,0,109,58,0,167,2,155,65,0,222,4,0,4,226
08/31/2017,HYA,MA,ANE,EN,Federal Contract Tower,2,38,14,0,54,0,152,83,0,235,2,190,97,0,289,24,0,24,313
09/01/2017,HYA,MA,ANE,EN,Federal Contract Tower,2,38,16,0,56,0,138,86,0,224,2,176,102,0,280,20,0,20,300
09/02/2017,HYA,MA,ANE,EN,Federal Contract Tower,2,23,17,0,42,0,102,79,0,181,2,125,96,0,223,18,0,18,241
09/03/2017,HYA,MA,ANE,EN,Federal Contract Tower,2,89,26,0,117,0,19,7,0,26,2,108,33,0,143,0,0,0,143
09/04/2017,HYA,MA,ANE,EN,Federal Contract Tower,2,31,18,0,51,0,130,86,0,216,2,161,104,0,267,8,0,8,275
09/05/2017,HYA,MA,ANE,EN,Federal Contract Tower,2,24,12,0,38,0,113,76,0,189,2,137,88,0,227,4,0,4,231
09/06/2017,HYA,MA,ANE,EN,Federal Contract Tower,2,64,34,0,100,0,38,20,0,58,2,102,54,0,158,0,0,0,158
09/07/2017,HYA,MA,ANE,EN,Federal Contract Tower,2,63,34,2,101,0,98,71,0,169,2,161,105,2,270,14,0,14,284
09/08/2017,HYA,MA,ANE,EN,Federal Contract Tower,2,23,14,0,39,0,117,85,0,202,2,140,99,0,241,0,0,0,241
09/09/2017,HYA,MA,ANE,EN,Federal Contract Tower,0,19,16,0,35,0,106,90,0,196,0,125,106,0,231,14,0,14,245
09/10/2017,HYA,MA,ANE,EN,Federal Contract Tower,2,20,19,0,41,0,109,66,0,175,2,129,85,0,216,0,0,0,216
09/11/2017,HYA,MA,ANE,EN,Federal Contract Tower,2,12,7,0,21,0,134,80,0,214,2,146,87,0,235,14,0,14,249
09/12/2017,HYA,MA,ANE,EN,Federal Contract Tower,0,10,14,0,24,0,115,98,0,213,0,125,112,0,237,6,0,6,243
09/13/2017,HYA,MA,ANE,EN,Federal Contract Tower,0,20,13,0,33,0,137,92,0,229,0,157,105,0,262,26,0,26,288
09/14/2017,HYA,MA,ANE,EN,Federal Contract Tower,2,98,60,0,160,0,43,31,0,74,2,141,91,0,234,6,0,6,240
09/15/2017,HYA,MA,ANE,EN,Federal Contract Tower,2,103,56,0,161,0,17,20,3,40,2,120,76,3,201,0,0,0,201
09/16/2017,HYA,MA,ANE,EN,Federal Contract Tower,0,49,25,0,74,0,29,28,0,57,0,78,53,0,131,0,0,0,131
09/17/2017,HYA,MA,ANE,EN,Federal Contract Tower,2,68,35,0,105,0,52,37,4,93,2,120,72,4,198,0,0,0,198
09/18/2017,HYA,MA,ANE,EN,Federal Contract Tower,2,74,41,0,117,0,0,10,0,10,2,74,51,0,127,0,0,0,127
09/19/2017,HYA,MA,ANE,EN,Federal Contract Tower,0,64,22,0,86,0,29,15,0,44,0,93,37,0,130,0,0,0,130
09/20/2017,HYA,MA,ANE,EN,Federal Contract Tower,0,0,0,0,0,0,0,0,0,0,0,0,0,0,0,0,0,0,0
09/21/2017,HYA,MA,ANE,EN,Federal Contract Tower,0,0,9,0,9,0,0,2,0,2,0,0,11,0,11,0,0,0,11
09/22/2017,HYA,MA,ANE,EN,Federal Contract Tower,0,0,0,0,0,0,0,0,0,0,0,0,0,0,0,0,0,0,0
09/23/2017,HYA,MA,ANE,EN,Federal Contract Tower,0,2,12,0,14,0,0,0,0,0,0,2,12,0,14,0,0,0,14
09/24/2017,HYA,MA,ANE,EN,Federal Contract Tower,2,39,13,0,54,0,78,56,0,134,2,117,69,0,188,16,0,16,204
09/25/2017,HYA,MA,ANE,EN,Federal Contract Tower,0,51,28,0,79,0,69,52,0,121,0,120,80,0,200,52,0,52,252
09/26/2017,HYA,MA,ANE,EN,Federal Contract Tower,0,43,14,0,57,0,56,32,0,88,0,99,46,0,145,80,0,80,225
09/27/2017,HYA,MA,ANE,EN,Federal Contract Tower,0,89,31,0,120,0,29,15,0,44,0,118,46,0,164,0,0,0,164
09/28/2017,HYA,MA,ANE,EN,Federal Contract Tower,0,54,16,0,70,0,69,49,0,118,0,123,65,0,188,36,0,36,224
09/29/2017,HYA,MA,ANE,EN,Federal Contract Tower,0,28,10,0,38,0,118,75,0,193,0,146,85,0,231,18,0,18,249
09/30/2017,HYA,MA,ANE,EN,Federal Contract Tower,0,14,10,0,24,0,90,69,0,159,0,104,79,0,183,36,0,36,219
10/01/2017,HYA,MA,ANE,EN,Federal Contract Tower,0,21,9,0,30,0,106,67,0,173,0,127,76,0,203,32,0,32,235
10/02/2017,HYA,MA,ANE,EN,Federal Contract Tower,0,30,6,0,36,0,139,93,0,232,0,169,99,0,268,38,0,38,306
10/03/2017,HYA,MA,ANE,EN,Federal Contract Tower,0,20,9,0,29,0,116,83,0,199,0,136,92,0,228,40,0,40,268
10/04/2017,HYA,MA,ANE,EN,Federal Contract Tower,0,24,8,0,32,0,145,74,0,219,0,169,82,0,251,20,0,20,271
10/05/2017,HYA,MA,ANE,EN,Federal Contract Tower,0,41,21,0,62,0,124,80,0,204,0,165,101,0,266,48,0,48,314
10/06/2017,HYA,MA,ANE,EN,Federal Contract Tower,0,51,27,0,78,0,67,55,0,122,0,118,82,0,200,42,0,42,242
10/07/2017,HYA,MA,ANE,EN,Federal Contract Tower,0,34,31,0,65,0,55,46,0,101,0,89,77,0,166,14,0,14,180
10/08/2017,HYA,MA,ANE,EN,Federal Contract Tower,0,28,14,0,42,0,70,46,0,116,0,98,60,0,158,12,0,12,170
10/09/2017,HYA,MA,ANE,EN,Federal Contract Tower,0,117,49,0,166,0,0,0,0,0,0,117,49,0,166,0,0,0,166
10/10/2017,HYA,MA,ANE,EN,Federal Contract Tower,0,31,10,0,41,0,121,85,0,206,0,152,95,0,247,38,0,38,285
10/11/2017,HYA,MA,ANE,EN,Federal Contract Tower,0,25,9,0,34,0,130,70,0,200,0,155,79,0,234,36,0,36,270
10/12/2017,HYA,MA,ANE,EN,Federal Contract Tower,0,25,8,0,33,0,142,85,0,227,0,167,93,0,260,2,0,2,262
10/13/2017,HYA,MA,ANE,EN,Federal Contract Tower,0,9,12,0,21,0,113,86,0,199,0,122,98,0,220,34,0,34,254
10/14/2017,HYA,MA,ANE,EN,Federal Contract Tower,0,28,8,0,36,0,26,17,0,43,0,54,25,0,79,8,0,8,87
10/15/2017,HYA,MA,ANE,EN,Federal Contract Tower,0,92,38,0,130,0,0,0,0,0,0,92,38,0,130,0,0,0,130
10/16/2017,HYA,MA,ANE,EN,Federal Contract Tower,0,32,10,0,42,0,114,65,0,179,0,146,75,0,221,26,0,26,247
10/17/2017,HYA,MA,ANE,EN,Federal Contract Tower,0,24,14,0,38,0,125,82,0,207,0,149,96,0,245,26,0,26,271
10/18/2017,HYA,MA,ANE,EN,Federal Contract Tower,0,17,8,0,25,0,133,91,0,224,0,150,99,0,249,38,0,38,287
10/19/2017,HYA,MA,ANE,EN,Federal Contract Tower,0,21,7,0,28,0,143,80,0,223,0,164,87,0,251,10,0,10,261
10/20/2017,HYA,MA,ANE,EN,Federal Contract Tower,0,13,5,0,18,0,121,79,0,200,0,134,84,0,218,18,0,18,236
10/21/2017,HYA,MA,ANE,EN,Federal Contract Tower,0,5,6,0,11,0,93,106,0,199,0,98,112,0,210,14,0,14,224
10/22/2017,HYA,MA,ANE,EN,Federal Contract Tower,0,12,19,0,31,0,123,71,0,194,0,135,90,0,225,16,0,16,241
10/23/2017,HYA,MA,ANE,EN,Federal Contract Tower,0,34,20,0,54,0,123,69,0,192,0,157,89,0,246,56,0,56,302
10/24/2017,HYA,MA,ANE,EN,Federal Contract Tower,0,27,7,1,35,0,113,72,0,185,0,140,79,1,220,42,0,42,262
10/25/2017,HYA,MA,ANE,EN,Federal Contract Tower,0,75,16,0,91,0,36,21,0,57,0,111,37,0,148,6,0,6,154
10/26/2017,HYA,MA,ANE,EN,Federal Contract Tower,0,84,23,0,107,0,28,21,0,49,0,112,44,0,156,0,0,0,156
10/27/2017,HYA,MA,ANE,EN,Federal Contract Tower,0,23,1,0,24,0,120,90,4,214,0,143,91,4,238,18,0,18,256
10/28/2017,HYA,MA,ANE,EN,Federal Contract Tower,0,14,6,0,20,0,108,84,0,192,0,122,90,0,212,40,0,40,252
10/29/2017,HYA,MA,ANE,EN,Federal Contract Tower,0,11,5,0,16,0,106,59,0,165,0,117,64,0,181,26,0,26,207
10/30/2017,HYA,MA,ANE,EN,Federal Contract Tower,0,11,0,0,11,0,119,54,0,173,0,130,54,0,184,8,2,10,194
10/31/2017,HYA,MA,ANE,EN,Federal Contract Tower,0,22,6,0,28,0,124,80,0,204,0,146,86,0,232,40,0,40,272
11/01/2017,HYA,MA,ANE,EN,Federal Contract Tower,0,19,7,0,26,0,144,88,0,232,0,163,95,0,258,28,0,28,286
11/02/2017,HYA,MA,ANE,EN,Federal Contract Tower,0,24,13,0,37,0,156,84,0,240,0,180,97,0,277,18,0,18,295
11/03/2017,HYA,MA,ANE,EN,Federal Contract Tower,0,53,44,0,97,0,1,3,0,4,0,54,47,0,101,0,0,0,101
11/04/2017,HYA,MA,ANE,EN,Federal Contract Tower,0,11,8,0,19,0,95,82,0,177,0,106,90,0,196,40,2,42,238
11/05/2017,HYA,MA,ANE,EN,Federal Contract Tower,0,16,5,0,21,0,118,71,20,209,0,134,76,20,230,20,0,20,250
11/06/2017,HYA,MA,ANE,EN,Federal Contract Tower,0,56,29,0,85,0,60,34,0,94,0,116,63,0,179,80,0,80,259
11/07/2017,HYA,MA,ANE,EN,Federal Contract Tower,0,15,6,0,21,0,120,91,0,211,0,135,97,0,232,62,0,62,294
11/08/2017,HYA,MA,ANE,EN,Federal Contract Tower,0,36,15,0,51,0,135,71,0,206,0,171,86,0,257,22,0,22,279
11/09/2017,HYA,MA,ANE,EN,Federal Contract Tower,0,25,6,0,31,0,155,73,0,228,0,180,79,0,259,20,0,20,279
11/10/2017,HYA,MA,ANE,EN,Federal Contract Tower,0,25,8,0,33,0,101,76,0,177,0,126,84,0,210,6,0,6,216
11/11/2017,HYA,MA,ANE,EN,Federal Contract Tower,0,8,3,0,11,0,93,75,0,168,0,101,78,0,179,48,0,48,227
11/12/2017,HYA,MA,ANE,EN,Federal Contract Tower,0,10,6,0,16,0,117,68,0,185,0,127,74,0,201,20,0,20,221
11/13/2017,HYA,MA,ANE,EN,Federal Contract Tower,0,29,2,0,31,0,126,69,0,195,0,155,71,0,226,54,0,54,280
11/14/2017,HYA,MA,ANE,EN,Federal Contract Tower,0,10,5,0,15,0,97,86,0,183,0,107,91,0,198,18,0,18,216
11/15/2017,HYA,MA,ANE,EN,Federal Contract Tower,0,21,12,0,33,0,143,66,0,209,0,164,78,0,242,52,0,52,294
11/16/2017,HYA,MA,ANE,EN,Federal Contract Tower,0,47,19,0,66,0,88,26,0,114,0,135,45,0,180,0,0,0,180
11/17/2017,HYA,MA,ANE,EN,Federal Contract Tower,0,24,0,0,24,0,107,79,0,186,0,131,79,0,210,28,0,28,238
11/18/2017,HYA,MA,ANE,EN,Federal Contract Tower,0,5,1,0,6,0,98,83,0,181,0,103,84,0,187,72,0,72,259
11/19/2017,HYA,MA,ANE,EN,Federal Contract Tower,0,13,4,0,17,0,80,45,0,125,0,93,49,0,142,0,0,0,142
11/20/2017,HYA,MA,ANE,EN,Federal Contract Tower,0,15,3,0,18,0,134,72,0,206,0,149,75,0,224,80,0,80,304
11/21/2017,HYA,MA,ANE,EN,Federal Contract Tower,0,25,7,0,32,0,117,89,0,206,0,142,96,0,238,32,0,32,270
11/22/2017,HYA,MA,ANE,EN,Federal Contract Tower,0,69,24,0,93,0,52,27,0,79,0,121,51,0,172,0,0,0,172
11/23/2017,HYA,MA,ANE,EN,Federal Contract Tower,0,5,2,0,7,0,86,44,0,130,0,91,46,0,137,4,0,4,141
11/24/2017,HYA,MA,ANE,EN,Federal Contract Tower,0,7,6,0,13,0,96,68,0,164,0,103,74,0,177,2,0,2,179
11/25/2017,HYA,MA,ANE,EN,Federal Contract Tower,0,14,16,0,30,0,96,57,0,153,0,110,73,0,183,20,0,20,203
11/26/2017,HYA,MA,ANE,EN,Federal Contract Tower,0,18,11,0,29,0,121,66,0,187,0,139,77,0,216,38,0,38,254
11/27/2017,HYA,MA,ANE,EN,Federal Contract Tower,0,22,5,0,27,0,125,66,0,191,0,147,71,0,218,54,0,54,272
11/29/2017,HYA,MA,ANE,EN,Federal Contract Tower,0,6,2,0,8,0,110,56,2,168,0,116,58,2,176,10,0,10,186
11/30/2017,HYA,MA,ANE,EN,Federal Contract Tower,0,22,5,0,27,0,111,71,0,182,0,133,76,0,209,38,0,38,247
12/01/2017,HYA,MA,ANE,EN,Federal Contract Tower,0,30,4,0,34,0,69,114,0,183,0,99,118,0,217,26,0,26,243
12/02/2017,HYA,MA,ANE,EN,Federal Contract Tower,0,5,0,0,5,0,92,70,0,162,0,97,70,0,167,30,0,30,197
12/03/2017,HYA,MA,ANE,EN,Federal Contract Tower,0,9,6,0,15,0,100,80,0,180,0,109,86,0,195,20,0,20,215
12/04/2017,HYA,MA,ANE,EN,Federal Contract Tower,0,6,0,0,6,0,0,118,70,188,0,6,118,70,194,46,0,46,240
12/05/2017,HYA,MA,ANE,EN,Federal Contract Tower,0,18,3,0,21,0,103,56,0,159,0,121,59,0,180,76,0,76,256
12/06/2017,HYA,MA,ANE,EN,Federal Contract Tower,0,22,14,0,36,0,97,58,0,155,0,119,72,0,191,32,0,32,223
12/07/2017,HYA,MA,ANE,EN,Federal Contract Tower,0,14,1,0,15,0,124,76,0,200,0,138,77,0,215,36,0,36,251
12/08/2017,HYA,MA,ANE,EN,Federal Contract Tower,0,21,6,0,27,0,99,73,0,172,0,120,79,0,199,38,0,38,237
12/09/2017,HYA,MA,ANE,EN,Federal Contract Tower,0,9,16,0,25,0,31,24,0,55,0,40,40,0,80,0,0,0,80
12/10/2017,HYA,MA,ANE,EN,Federal Contract Tower,0,10,9,0,19,0,67,61,0,128,0,77,70,0,147,24,0,24,171
12/11/2017,HYA,MA,ANE,EN,Federal Contract Tower,0,14,0,0,14,0,137,69,0,206,0,151,69,0,220,26,0,26,246
12/12/2017,HYA,MA,ANE,EN,Federal Contract Tower,0,27,4,0,31,0,102,81,0,183,0,129,85,0,214,32,0,32,246
12/13/2017,HYA,MA,ANE,EN,Federal Contract Tower,0,16,8,0,24,0,131,59,0,190,0,147,67,0,214,12,2,14,228
12/14/2017,HYA,MA,ANE,EN,Federal Contract Tower,0,15,5,0,20,0,72,43,0,115,0,87,48,0,135,2,0,2,137
12/15/2017,HYA,MA,ANE,EN,Federal Contract Tower,0,9,7,0,16,0,84,55,0,139,0,93,62,0,155,6,0,6,161
12/16/2017,HYA,MA,ANE,EN,Federal Contract Tower,0,8,2,0,10,0,56,41,0,97,0,64,43,0,107,8,0,8,115
12/17/2017,HYA,MA,ANE,EN,Federal Contract Tower,0,25,5,0,30,0,103,58,0,161,0,128,63,0,191,8,0,8,199
12/18/2017,HYA,MA,ANE,EN,Federal Contract Tower,0,27,7,0,34,0,101,57,0,158,0,128,64,0,192,50,0,50,242
12/19/2017,HYA,MA,ANE,EN,Federal Contract Tower,0,16,6,0,22,0,119,86,0,205,0,135,92,0,227,32,0,32,259
12/20/2017,HYA,MA,ANE,EN,Federal Contract Tower,0,21,2,0,23,0,128,75,0,203,0,149,77,0,226,24,0,24,250
12/21/2017,HYA,MA,ANE,EN,Federal Contract Tower,0,7,4,0,11,0,117,79,0,196,0,124,83,0,207,28,0,28,235
12/22/2017,HYA,MA,ANE,EN,Federal Contract Tower,0,23,7,0,30,0,103,61,0,164,0,126,68,0,194,12,0,12,206
12/23/2017,HYA,MA,ANE,EN,Federal Contract Tower,0,24,16,0,40,0,0,0,0,0,0,24,16,0,40,0,0,0,40
12/24/2017,HYA,MA,ANE,EN,Federal Contract Tower,0,8,1,0,9,0,89,32,0,121,0,97,33,0,130,0,0,0,130
12/25/2017,HYA,MA,ANE,EN,Federal Contract Tower,0,3,0,0,3,0,51,14,0,65,0,54,14,0,68,0,0,0,68
12/26/2017,HYA,MA,ANE,EN,Federal Contract Tower,0,12,2,0,14,0,121,72,0,193,0,133,74,0,207,8,0,8,215
12/27/2017,HYA,MA,ANE,EN,Federal Contract Tower,0,12,5,0,17,0,134,70,0,204,0,146,75,0,221,22,0,22,243
12/28/2017,HYA,MA,ANE,EN,Federal Contract Tower,0,17,4,0,21,0,144,77,0,221,0,161,81,0,242,18,0,18,260
12/29/2017,HYA,MA,ANE,EN,Federal Contract Tower,0,35,6,0,41,0,101,75,0,176,0,136,81,0,217,38,0,38,255
12/30/2017,HYA,MA,ANE,EN,Federal Contract Tower,0,15,3,0,18,0,54,37,0,91,0,69,40,0,109,6,0,6,115
12/31/2017,HYA,MA,ANE,EN,Federal Contract Tower,0,5,1,0,6,0,91,64,0,155,0,96,65,0,161,24,0,24,185
01/01/2018,HYA,MA,ANE,EN,Federal Contract Tower,0,8,5,0,13,0,89,43,0,132,0,97,48,0,145,36,0,36,181
01/02/2018,HYA,MA,ANE,EN,Federal Contract Tower,0,16,7,0,23,0,115,68,0,183,0,131,75,0,206,30,0,30,236
01/03/2018,HYA,MA,ANE,EN,Federal Contract Tower,0,9,5,0,14,0,133,64,0,197,0,142,69,0,211,10,0,10,221
01/04/2018,HYA,MA,ANE,EN,Federal Contract Tower,0,0,0,0,0,0,0,0,0,0,0,0,0,0,0,0,0,0,0
01/05/2018,HYA,MA,ANE,EN,Federal Contract Tower,0,3,0,0,3,0,3,2,0,5,0,6,2,0,8,0,0,0,8
01/06/2018,HYA,MA,ANE,EN,Federal Contract Tower,0,2,0,0,2,0,76,59,0,135,0,78,59,0,137,36,0,36,173
01/07/2018,HYA,MA,ANE,EN,Federal Contract Tower,0,13,4,0,17,0,106,55,0,161,0,119,59,0,178,14,0,14,192
01/08/2018,HYA,MA,ANE,EN,Federal Contract Tower,0,13,3,0,16,0,125,68,0,193,0,138,71,0,209,58,0,58,267
01/09/2018,HYA,MA,ANE,EN,Federal Contract Tower,0,13,2,0,15,0,94,70,0,164,0,107,72,0,179,38,0,38,217
01/10/2018,HYA,MA,ANE,EN,Federal Contract Tower,0,12,3,0,15,0,146,63,0,209,0,158,66,0,224,8,0,8,232
01/11/2018,HYA,MA,ANE,EN,Federal Contract Tower,0,6,1,0,7,0,145,75,0,220,0,151,76,0,227,28,0,28,255
01/12/2018,HYA,MA,ANE,EN,Federal Contract Tower,0,39,29,0,68,0,0,0,0,0,0,39,29,0,68,0,0,0,68
01/13/2018,HYA,MA,ANE,EN,Federal Contract Tower,0,15,6,0,21,0,56,48,0,104,0,71,54,0,125,38,0,38,163
01/14/2018,HYA,MA,ANE,EN,Federal Contract Tower,0,9,7,0,16,0,99,54,0,153,0,108,61,0,169,0,0,0,169
01/15/2018,HYA,MA,ANE,EN,Federal Contract Tower,0,27,8,0,35,0,66,31,0,97,0,93,39,0,132,4,0,4,136
01/16/2018,HYA,MA,ANE,EN,Federal Contract Tower,0,6,4,0,10,0,126,76,0,202,0,132,80,0,212,44,0,44,256
01/17/2018,HYA,MA,ANE,EN,Federal Contract Tower,0,71,18,0,89,0,38,16,0,54,0,109,34,0,143,0,0,0,143
01/18/2018,HYA,MA,ANE,EN,Federal Contract Tower,0,28,3,0,31,0,106,69,0,175,0,134,72,0,206,16,6,22,228
01/19/2018,HYA,MA,ANE,EN,Federal Contract Tower,0,7,2,0,9,0,104,75,0,179,0,111,77,0,188,12,0,12,200
01/20/2018,HYA,MA,ANE,EN,Federal Contract Tower,0,2,0,0,2,0,88,72,0,160,0,90,72,0,162,22,0,22,184
01/21/2018,HYA,MA,ANE,EN,Federal Contract Tower,0,19,7,0,26,0,115,55,0,170,0,134,62,0,196,24,0,24,220
01/22/2018,HYA,MA,ANE,EN,Federal Contract Tower,0,33,18,0,51,0,85,47,0,132,0,118,65,0,183,6,0,6,189
01/23/2018,HYA,MA,ANE,EN,Federal Contract Tower,0,30,15,0,45,0,53,27,0,80,0,83,42,0,125,0,0,0,125
01/24/2018,HYA,MA,ANE,EN,Federal Contract Tower,0,24,3,0,27,0,140,58,2,200,0,164,61,2,227,52,4,56,283
01/25/2018,HYA,MA,ANE,EN,Federal Contract Tower,0,16,3,0,19,0,143,74,0,217,0,159,77,0,236,26,0,26,262
01/26/2018,HYA,MA,ANE,EN,Federal Contract Tower,0,16,3,0,19,0,114,72,0,186,0,130,75,0,205,70,0,70,275
01/27/2018,HYA,MA,ANE,EN,Federal Contract Tower,0,7,2,0,9,0,88,69,0,157,0,95,71,0,166,32,0,32,198
01/28/2018,HYA,MA,ANE,EN,Federal Contract Tower,0,32,18,0,50,0,55,19,0,74,0,87,37,0,124,0,0,0,124
01/29/2018,HYA,MA,ANE,EN,Federal Contract Tower,0,45,23,0,68,0,119,63,0,182,0,164,86,0,250,16,0,16,266
01/30/2018,HYA,MA,ANE,EN,Federal Contract Tower,0,11,9,0,20,0,44,14,0,58,0,55,23,0,78,0,0,0,78
01/31/2018,HYA,MA,ANE,EN,Federal Contract Tower,0,5,4,0,9,0,143,65,0,208,0,148,69,0,217,14,0,14,231
02/01/2018,HYA,MA,ANE,EN,Federal Contract Tower,0,13,0,0,13,0,157,74,0,231,0,170,74,0,244,0,0,0,244
02/02/2018,HYA,MA,ANE,EN,Federal Contract Tower,0,41,10,0,51,0,39,22,0,61,0,80,32,0,112,10,0,10,122
02/03/2018,HYA,MA,ANE,EN,Federal Contract Tower,0,3,0,0,3,0,99,71,0,170,0,102,71,0,173,38,0,38,211
02/04/2018,HYA,MA,ANE,EN,Federal Contract Tower,0,19,3,0,22,0,95,48,0,143,0,114,51,0,165,6,0,6,171
02/05/2018,HYA,MA,ANE,EN,Federal Contract Tower,0,16,10,0,26,0,121,67,2,190,0,137,77,2,216,26,4,30,246
02/06/2018,HYA,MA,ANE,EN,Federal Contract Tower,0,18,0,0,18,0,0,0,0,0,0,18,0,0,18,18,0,18,36
02/07/2018,HYA,MA,ANE,EN,Federal Contract Tower,0,48,3,0,51,0,71,37,0,108,0,119,40,0,159,2,0,2,161
02/08/2018,HYA,MA,ANE,EN,Federal Contract Tower,0,22,9,0,31,0,91,63,0,154,0,113,72,0,185,12,0,12,197
02/09/2018,HYA,MA,ANE,EN,Federal Contract Tower,0,14,12,0,26,0,101,66,0,167,0,115,78,0,193,28,0,28,221
02/10/2018,HYA,MA,ANE,EN,Federal Contract Tower,0,14,7,0,21,0,53,41,0,94,0,67,48,0,115,18,0,18,133
02/11/2018,HYA,MA,ANE,EN,Federal Contract Tower,0,20,5,0,25,0,38,15,0,53,0,58,20,0,78,0,0,0,78
02/12/2018,HYA,MA,ANE,EN,Federal Contract Tower,0,32,13,0,45,0,102,53,0,155,0,134,66,0,200,22,6,28,228
02/13/2018,HYA,MA,ANE,EN,Federal Contract Tower,0,22,8,0,30,0,110,56,0,166,0,132,64,0,196,16,0,16,212
02/14/2018,HYA,MA,ANE,EN,Federal Contract Tower,0,29,5,0,34,0,79,42,0,121,0,108,47,0,155,14,0,14,169
02/15/2018,HYA,MA,ANE,EN,Federal Contract Tower,0,59,20,0,79,0,0,0,0,0,0,59,20,0,79,0,0,0,79
02/16/2018,HYA,MA,ANE,EN,Federal Contract Tower,0,52,16,0,68,0,32,29,0,61,0,84,45,0,129,14,0,14,143
02/17/2018,HYA,MA,ANE,EN,Federal Contract Tower,0,10,5,1,16,0,58,49,0,107,0,68,54,1,123,18,0,18,141
02/18/2018,HYA,MA,ANE,EN,Federal Contract Tower,0,13,4,0,17,0,95,44,0,139,0,108,48,0,156,2,0,2,158
02/19/2018,HYA,MA,ANE,EN,Federal Contract Tower,0,4,4,0,8,0,109,53,0,162,0,113,57,0,170,18,0,18,188
02/20/2018,HYA,MA,ANE,EN,Federal Contract Tower,0,25,15,0,40,0,0,0,0,0,0,25,15,0,40,0,0,0,40
02/21/2018,HYA,MA,ANE,EN,Federal Contract Tower,0,4,11,0,15,0,0,0,0,0,0,4,11,0,15,0,0,0,15
02/22/2018,HYA,MA,ANE,EN,Federal Contract Tower,0,16,2,0,18,0,86,52,0,138,0,102,54,0,156,6,0,6,162
02/23/2018,HYA,MA,ANE,EN,Federal Contract Tower,0,13,9,0,22,0,45,32,0,77,0,58,41,0,99,10,0,10,109
02/24/2018,HYA,MA,ANE,EN,Federal Contract Tower,0,15,4,0,19,0,30,24,0,54,0,45,28,0,73,2,0,2,75
02/25/2018,HYA,MA,ANE,EN,Federal Contract Tower,0,68,24,0,92,0,0,0,0,0,0,68,24,0,92,0,0,0,92
02/26/2018,HYA,MA,ANE,EN,Federal Contract Tower,0,30,21,0,51,0,0,0,0,0,0,30,21,0,51,36,0,36,87
02/27/2018,HYA,MA,ANE,EN,Federal Contract Tower,0,15,4,0,19,0,112,66,0,178,0,127,70,0,197,38,0,38,235
02/28/2018,HYA,MA,ANE,EN,Federal Contract Tower,0,16,3,0,19,0,91,70,0,161,0,107,73,0,180,60,8,68,248
03/01/2018,HYA,MA,ANE,EN,Federal Contract Tower,0,15,7,0,22,0,104,62,0,166,0,119,69,0,188,18,0,18,206
03/02/2018,HYA,MA,ANE,EN,Federal Contract Tower,0,0,0,0,0,0,0,0,0,0,0,0,0,0,0,0,0,0,0
03/03/2018,HYA,MA,ANE,EN,Federal Contract Tower,0,0,2,0,2,0,0,0,0,0,0,0,2,0,2,0,0,0,2
03/04/2018,HYA,MA,ANE,EN,Federal Contract Tower,0,21,7,0,28,0,80,36,0,116,0,101,43,0,144,16,0,16,160
03/05/2018,HYA,MA,ANE,EN,Federal Contract Tower,0,18,6,0,24,0,99,46,0,145,0,117,52,0,169,2,0,2,171
03/06/2018,HYA,MA,ANE,EN,Federal Contract Tower,0,23,5,0,28,0,118,62,0,180,0,141,67,0,208,36,0,36,244
03/07/2018,HYA,MA,ANE,EN,Federal Contract Tower,0,16,1,0,17,0,70,38,0,108,0,86,39,0,125,18,0,18,143
03/08/2018,HYA,MA,ANE,EN,Federal Contract Tower,0,20,5,0,25,0,59,38,0,97,0,79,43,0,122,24,0,24,146
03/09/2018,HYA,MA,ANE,EN,Federal Contract Tower,0,27,5,0,32,0,86,57,0,143,0,113,62,0,175,8,0,8,183
03/10/2018,HYA,MA,ANE,EN,Federal Contract Tower,0,3,0,0,3,0,63,51,0,114,0,66,51,0,117,12,0,12,129
03/11/2018,HYA,MA,ANE,EN,Federal Contract Tower,0,12,5,0,17,0,92,54,0,146,0,104,59,0,163,8,0,8,171
03/12/2018,HYA,MA,ANE,EN,Federal Contract Tower,0,24,4,0,28,0,111,64,0,175,0,135,68,0,203,40,0,40,243
03/13/2018,HYA,MA,ANE,EN,Federal Contract Tower,0,0,0,0,0,0,0,0,0,0,0,0,0,0,0,0,0,0,0
03/14/2018,HYA,MA,ANE,EN,Federal Contract Tower,0,0,0,0,0,0,0,1,0,1,0,0,1,0,1,0,0,0,1
03/15/2018,HYA,MA,ANE,EN,Federal Contract Tower,0,11,7,0,18,0,107,51,0,158,0,118,58,0,176,4,0,4,180
03/16/2018,HYA,MA,ANE,EN,Federal Contract Tower,0,21,3,0,24,0,77,44,0,121,0,98,47,0,145,0,0,0,145
03/17/2018,HYA,MA,ANE,EN,Federal Contract Tower,0,3,8,0,11,0,91,58,0,149,0,94,66,0,160,10,0,10,170
03/18/2018,HYA,MA,ANE,EN,Federal Contract Tower,0,10,9,0,19,0,98,48,0,146,0,108,57,0,165,44,0,44,209
03/19/2018,HYA,MA,ANE,EN,Federal Contract Tower,0,22,2,0,24,0,134,66,0,200,0,156,68,0,224,70,0,70,294
03/20/2018,HYA,MA,ANE,EN,Federal Contract Tower,0,23,3,0,26,0,119,68,0,187,0,142,71,0,213,50,0,50,263
03/21/2018,HYA,MA,ANE,EN,Federal Contract Tower,0,13,0,0,13,0,60,32,0,92,0,73,32,0,105,10,0,10,115
03/22/2018,HYA,MA,ANE,EN,Federal Contract Tower,0,18,1,0,19,0,22,4,0,26,0,40,5,0,45,0,0,0,45
03/23/2018,HYA,MA,ANE,EN,Federal Contract Tower,0,16,6,0,22,0,100,63,0,163,0,116,69,0,185,28,0,28,213
03/24/2018,HYA,MA,ANE,EN,Federal Contract Tower,0,2,0,0,2,0,76,64,0,140,0,78,64,0,142,42,0,42,184
03/25/2018,HYA,MA,ANE,EN,Federal Contract Tower,0,10,9,0,19,0,73,28,0,101,0,83,37,0,120,0,0,0,120
03/26/2018,HYA,MA,ANE,EN,Federal Contract Tower,0,15,2,0,17,0,199,72,0,271,0,214,74,0,288,46,0,46,334
03/27/2018,HYA,MA,ANE,EN,Federal Contract Tower,0,20,6,0,26,0,122,56,0,178,0,142,62,0,204,28,0,28,232
03/28/2018,HYA,MA,ANE,EN,Federal Contract Tower,0,16,6,0,22,0,119,64,0,183,0,135,70,0,205,30,0,30,235
03/29/2018,HYA,MA,ANE,EN,Federal Contract Tower,0,21,14,0,35,0,116,61,0,177,0,137,75,0,212,20,0,20,232
03/30/2018,HYA,MA,ANE,EN,Federal Contract Tower,0,41,18,0,59,0,0,0,0,0,0,41,18,0,59,0,0,0,59
03/31/2018,HYA,MA,ANE,EN,Federal Contract Tower,0,3,1,0,4,0,91,82,0,173,0,94,83,0,177,46,0,46,223
04/01/2018,HYA,MA,ANE,EN,Federal Contract Tower,0,16,5,0,21,0,88,54,0,142,0,104,59,0,163,20,0,20,183
04/02/2018,HYA,MA,ANE,EN,Federal Contract Tower,0,35,7,0,42,0,63,37,0,100,0,98,44,0,142,0,0,0,142
04/03/2018,HYA,MA,ANE,EN,Federal Contract Tower,0,30,5,0,35,0,110,60,0,170,0,140,65,0,205,36,0,36,241
04/04/2018,HYA,MA,ANE,EN,Federal Contract Tower,0,30,23,0,53,0,1,0,0,1,0,31,23,0,54,0,0,0,54
04/05/2018,HYA,MA,ANE,EN,Federal Contract Tower,0,21,12,0,33,0,111,70,0,181,0,132,82,0,214,10,0,10,224
04/06/2018,HYA,MA,ANE,EN,Federal Contract Tower,0,37,11,0,48,0,79,39,0,118,0,116,50,0,166,18,0,18,184
04/07/2018,HYA,MA,ANE,EN,Federal Contract Tower,0,11,7,0,18,0,40,42,0,82,0,51,49,0,100,22,0,22,122
04/08/2018,HYA,MA,ANE,EN,Federal Contract Tower,0,3,2,0,5,0,98,48,0,146,0,101,50,0,151,38,0,38,189
04/09/2018,HYA,MA,ANE,EN,Federal Contract Tower,0,18,15,0,33,0,125,61,0,186,0,143,76,0,219,24,2,26,245
04/10/2018,HYA,MA,ANE,EN,Federal Contract Tower,0,24,15,0,39,0,91,43,0,134,0,115,58,0,173,30,0,30,203
04/11/2018,HYA,MA,ANE,EN,Federal Contract Tower,0,32,3,0,35,0,106,70,2,178,0,138,73,2,213,42,0,42,255
04/12/2018,HYA,MA,ANE,EN,Federal Contract Tower,0,17,3,0,20,0,100,75,0,175,0,117,78,0,195,50,0,50,245
04/13/2018,HYA,MA,ANE,EN,Federal Contract Tower,0,15,1,0,16,0,74,74,0,148,0,89,75,0,164,36,0,36,200
04/14/2018,HYA,MA,ANE,EN,Federal Contract Tower,0,13,7,0,20,0,75,60,0,135,0,88,67,0,155,14,0,14,169
04/15/2018,HYA,MA,ANE,EN,Federal Contract Tower,0,17,5,0,22,0,73,29,0,102,0,90,34,0,124,14,0,14,138
04/16/2018,HYA,MA,ANE,EN,Federal Contract Tower,0,21,15,0,36,0,45,15,0,60,0,66,30,0,96,0,0,0,96
04/17/2018,HYA,MA,ANE,EN,Federal Contract Tower,0,28,7,0,35,0,93,52,0,145,0,121,59,0,180,46,0,46,226
04/18/2018,HYA,MA,ANE,EN,Federal Contract Tower,0,13,2,0,15,0,114,68,0,182,0,127,70,0,197,36,0,36,233
04/19/2018,HYA,MA,ANE,EN,Federal Contract Tower,0,39,17,0,56,0,38,24,0,62,0,77,41,0,118,0,0,0,118
04/20/2018,HYA,MA,ANE,EN,Federal Contract Tower,0,19,3,0,22,0,81,66,0,147,0,100,69,0,169,6,0,6,175
04/21/2018,HYA,MA,ANE,EN,Federal Contract Tower,0,4,0,0,4,0,63,70,0,133,0,67,70,0,137,34,0,34,171
04/22/2018,HYA,MA,ANE,EN,Federal Contract Tower,0,8,5,0,13,0,98,79,0,177,0,106,84,0,190,12,0,12,202
04/23/2018,HYA,MA,ANE,EN,Federal Contract Tower,0,12,6,1,19,0,119,70,2,191,0,131,76,3,210,22,0,22,232
04/24/2018,HYA,MA,ANE,EN,Federal Contract Tower,0,6,7,0,13,0,105,72,2,179,0,111,79,2,192,22,12,34,226
04/25/2018,HYA,MA,ANE,EN,Federal Contract Tower,0,32,17,4,53,0,54,31,0,85,0,86,48,4,138,4,0,4,142
04/26/2018,HYA,MA,ANE,EN,Federal Contract Tower,0,27,16,0,43,0,43,49,0,92,0,70,65,0,135,0,0,0,135
04/27/2018,HYA,MA,ANE,EN,Federal Contract Tower,0,31,17,0,48,0,37,38,0,75,0,68,55,0,123,0,0,0,123
04/28/2018,HYA,MA,ANE,EN,Federal Contract Tower,0,17,12,0,29,0,52,46,0,98,0,69,58,0,127,24,0,24,151
04/29/2018,HYA,MA,ANE,EN,Federal Contract Tower,0,5,5,0,10,0,100,62,0,162,0,105,67,0,172,16,0,16,188
04/30/2018,HYA,MA,ANE,EN,Federal Contract Tower,0,20,11,1,32,0,0,20,4,24,0,20,31,5,56,26,0,26,82
05/01/2018,HYA,MA,ANE,EN,Federal Contract Tower,0,35,11,0,46,0,93,60,1,154,0,128,71,1,200,8,0,8,208
05/02/2018,HYA,MA,ANE,EN,Federal Contract Tower,0,8,7,0,15,0,118,65,0,183,0,126,72,0,198,48,0,48,246
05/03/2018,HYA,MA,ANE,EN,Federal Contract Tower,0,11,5,0,16,0,108,73,0,181,0,119,78,0,197,28,0,28,225
05/04/2018,HYA,MA,ANE,EN,Federal Contract Tower,0,17,4,0,21,0,98,68,0,166,0,115,72,0,187,6,0,6,193
05/05/2018,HYA,MA,ANE,EN,Federal Contract Tower,0,6,7,0,13,0,86,85,0,171,0,92,92,0,184,40,0,40,224
05/06/2018,HYA,MA,ANE,EN,Federal Contract Tower,0,22,10,0,32,0,81,45,0,126,0,103,55,0,158,10,0,10,168
05/07/2018,HYA,MA,ANE,EN,Federal Contract Tower,0,29,12,0,41,0,97,67,0,164,0,126,79,0,205,20,0,20,225
05/08/2018,HYA,MA,ANE,EN,Federal Contract Tower,0,31,7,0,38,0,65,39,0,104,0,96,46,0,142,8,0,8,150
05/09/2018,HYA,MA,ANE,EN,Federal Contract Tower,0,44,23,0,67,0,60,38,0,98,0,104,61,0,165,18,0,18,183
05/10/2018,HYA,MA,ANE,EN,Federal Contract Tower,0,74,19,0,93,0,35,29,0,64,0,109,48,0,157,12,0,12,169
05/11/2018,HYA,MA,ANE,EN,Federal Contract Tower,0,15,10,0,25,0,96,74,0,170,0,111,84,0,195,4,0,4,199
05/12/2018,HYA,MA,ANE,EN,Federal Contract Tower,0,18,3,0,21,0,39,50,0,89,0,57,53,0,110,14,0,14,124
05/13/2018,HYA,MA,ANE,EN,Federal Contract Tower,0,43,12,0,55,0,63,35,0,98,0,106,47,0,153,8,0,8,161
05/14/2018,HYA,MA,ANE,EN,Federal Contract Tower,0,44,18,0,62,0,71,41,0,112,0,115,59,0,174,30,0,30,204
05/15/2018,HYA,MA,ANE,EN,Federal Contract Tower,0,33,19,0,52,0,93,63,0,156,0,126,82,0,208,0,0,0,208
05/16/2018,HYA,MA,ANE,EN,Federal Contract Tower,0,25,18,0,43,0,69,59,0,128,0,94,77,0,171,4,0,4,175
05/17/2018,HYA,MA,ANE,EN,Federal Contract Tower,0,76,53,0,129,0,24,16,0,40,0,100,69,0,169,0,0,0,169
05/18/2018,HYA,MA,ANE,EN,Federal Contract Tower,0,47,17,0,64,0,82,59,0,141,0,129,76,0,205,34,0,34,239
05/19/2018,HYA,MA,ANE,EN,Federal Contract Tower,0,44,20,0,64,0,24,20,0,44,0,68,40,0,108,0,0,0,108
05/20/2018,HYA,MA,ANE,EN,Federal Contract Tower,0,52,23,0,75,0,46,24,0,70,0,98,47,0,145,0,0,0,145
05/21/2018,HYA,MA,ANE,EN,Federal Contract Tower,0,10,3,0,13,0,119,70,0,189,0,129,73,0,202,20,14,34,236
05/22/2018,HYA,MA,ANE,EN,Federal Contract Tower,0,24,8,0,32,0,101,60,0,161,0,125,68,0,193,38,22,60,253
05/23/2018,HYA,MA,ANE,EN,Federal Contract Tower,0,33,25,0,58,0,107,66,2,175,0,140,91,2,233,26,24,50,283
05/24/2018,HYA,MA,ANE,EN,Federal Contract Tower,0,40,12,0,52,0,108,86,2,196,0,148,98,2,248,34,14,48,296
05/25/2018,HYA,MA,ANE,EN,Federal Contract Tower,2,34,27,0,63,0,119,89,0,208,2,153,116,0,271,36,0,36,307
05/26/2018,HYA,MA,ANE,EN,Federal Contract Tower,0,22,9,2,33,0,80,83,0,163,0,102,92,2,196,42,0,42,238
05/27/2018,HYA,MA,ANE,EN,Federal Contract Tower,0,31,13,0,44,0,45,23,0,68,0,76,36,0,112,0,0,0,112
05/28/2018,HYA,MA,ANE,EN,Federal Contract Tower,4,61,36,0,101,0,0,0,0,0,4,61,36,0,101,0,0,0,101
05/29/2018,HYA,MA,ANE,EN,Federal Contract Tower,0,43,23,0,66,0,74,49,0,123,0,117,72,0,189,44,0,44,233
05/30/2018,HYA,MA,ANE,EN,Federal Contract Tower,0,18,7,0,25,0,115,74,0,189,0,133,81,0,214,88,0,88,302
05/31/2018,HYA,MA,ANE,EN,Federal Contract Tower,0,33,20,0,53,0,57,51,0,108,0,90,71,0,161,22,0,22,183
06/01/2018,HYA,MA,ANE,EN,Federal Contract Tower,4,70,51,0,125,0,0,0,0,0,4,70,51,0,125,0,0,0,125
06/02/2018,HYA,MA,ANE,EN,Federal Contract Tower,0,38,13,0,51,0,52,46,0,98,0,90,59,0,149,44,0,44,193
06/03/2018,HYA,MA,ANE,EN,Federal Contract Tower,3,29,20,0,52,0,95,55,0,150,3,124,75,0,202,22,0,22,224
06/04/2018,HYA,MA,ANE,EN,Federal Contract Tower,2,56,22,0,80,0,41,19,0,60,2,97,41,0,140,2,0,2,142
06/05/2018,HYA,MA,ANE,EN,Federal Contract Tower,0,43,26,0,69,0,67,50,0,117,0,110,76,0,186,62,0,62,248
06/06/2018,HYA,MA,ANE,EN,Federal Contract Tower,0,47,23,0,70,0,121,66,2,189,0,168,89,2,259,64,6,70,329
06/07/2018,HYA,MA,ANE,EN,Federal Contract Tower,0,21,23,0,44,0,122,82,0,204,0,143,105,0,248,35,0,35,283
06/08/2018,HYA,MA,ANE,EN,Federal Contract Tower,2,20,13,0,35,0,116,80,0,196,2,136,93,0,231,16,6,22,253
06/09/2018,HYA,MA,ANE,EN,Federal Contract Tower,0,4,9,5,18,0,82,69,0,151,0,86,78,5,169,22,0,22,191
06/10/2018,HYA,MA,ANE,EN,Federal Contract Tower,2,14,12,0,28,0,97,59,0,156,2,111,71,0,184,18,0,18,202
06/11/2018,HYA,MA,ANE,EN,Federal Contract Tower,0,20,9,0,29,0,115,79,0,194,0,135,88,0,223,42,0,42,265
06/12/2018,HYA,MA,ANE,EN,Federal Contract Tower,0,14,9,0,23,0,122,82,0,204,0,136,91,0,227,26,0,26,253
06/13/2018,HYA,MA,ANE,EN,Federal Contract Tower,0,44,23,0,67,0,61,37,0,98,0,105,60,0,165,20,0,20,185
06/14/2018,HYA,MA,ANE,EN,Federal Contract Tower,2,39,16,2,59,0,111,74,0,185,2,150,90,2,244,48,0,48,292
06/15/2018,HYA,MA,ANE,EN,Federal Contract Tower,2,56,22,0,80,0,70,60,0,130,2,126,82,0,210,8,12,20,230
06/16/2018,HYA,MA,ANE,EN,Federal Contract Tower,2,19,11,0,32,0,72,81,0,153,2,91,92,0,185,24,0,24,209
06/17/2018,HYA,MA,ANE,EN,Federal Contract Tower,2,20,11,0,33,0,95,77,0,172,2,115,88,0,205,0,0,0,205
06/18/2018,HYA,MA,ANE,EN,Federal Contract Tower,2,38,11,0,51,0,145,75,0,220,2,183,86,0,271,46,0,46,317
06/19/2018,HYA,MA,ANE,EN,Federal Contract Tower,2,15,14,0,31,0,113,78,0,191,2,128,92,0,222,58,6,64,286
06/20/2018,HYA,MA,ANE,EN,Federal Contract Tower,0,15,12,0,27,0,126,74,0,200,0,141,86,0,227,46,0,46,273
06/21/2018,HYA,MA,ANE,EN,Federal Contract Tower,2,52,23,0,77,0,106,78,0,184,2,158,101,0,261,42,0,42,303
06/23/2018,HYA,MA,ANE,EN,Federal Contract Tower,2,56,24,1,83,0,11,7,0,18,2,67,31,1,101,0,0,0,101
06/24/2018,HYA,MA,ANE,EN,Federal Contract Tower,2,69,35,0,106,0,49,29,0,78,2,118,64,0,184,0,0,0,184
06/25/2018,HYA,MA,ANE,EN,Federal Contract Tower,2,80,35,0,117,0,96,48,0,144,2,176,83,0,261,66,0,66,327
06/26/2018,HYA,MA,ANE,EN,Federal Contract Tower,2,25,12,0,39,0,104,75,0,179,2,129,87,0,218,44,0,44,262
06/27/2018,HYA,MA,ANE,EN,Federal Contract Tower,2,43,21,0,66,0,114,68,0,182,2,157,89,0,248,56,0,56,304
06/28/2018,HYA,MA,ANE,EN,Federal Contract Tower,2,71,23,0,96,0,15,8,0,23,2,86,31,0,119,0,0,0,119
06/29/2018,HYA,MA,ANE,EN,Federal Contract Tower,2,57,34,0,93,0,80,92,0,172,2,137,126,0,265,58,0,58,323
06/30/2018,HYA,MA,ANE,EN,Federal Contract Tower,2,30,17,0,49,0,88,90,0,178,2,118,107,0,227,60,0,60,287
07/01/2018,HYA,MA,ANE,EN,Federal Contract Tower,2,38,20,0,60,0,108,84,0,192,2,146,104,0,252,26,0,26,278
07/02/2018,HYA,MA,ANE,EN,Federal Contract Tower,2,20,17,0,39,0,129,84,0,213,2,149,101,0,252,66,0,66,318
07/03/2018,HYA,MA,ANE,EN,Federal Contract Tower,2,68,43,0,113,0,109,59,0,168,2,177,102,0,281,42,0,42,323
07/04/2018,HYA,MA,ANE,EN,Federal Contract Tower,2,29,14,0,45,0,85,59,0,144,2,114,73,0,189,62,0,62,251
07/05/2018,HYA,MA,ANE,EN,Federal Contract Tower,2,59,37,0,98,0,82,58,0,140,2,141,95,0,238,28,0,28,266
07/06/2018,HYA,MA,ANE,EN,Federal Contract Tower,2,74,24,0,100,0,24,29,0,53,2,98,53,0,153,10,0,10,163
07/07/2018,HYA,MA,ANE,EN,Federal Contract Tower,2,29,20,0,51,0,90,96,0,186,2,119,116,0,237,60,0,60,297
07/08/2018,HYA,MA,ANE,EN,Federal Contract Tower,2,47,41,0,90,0,100,90,0,190,2,147,131,0,280,48,0,48,328
07/09/2018,HYA,MA,ANE,EN,Federal Contract Tower,2,28,9,0,39,0,114,78,0,192,2,142,87,0,231,32,0,32,263
07/10/2018,HYA,MA,ANE,EN,Federal Contract Tower,2,21,20,0,43,0,90,70,0,160,2,111,90,0,203,22,0,22,225
07/11/2018,HYA,MA,ANE,EN,Federal Contract Tower,2,25,21,0,48,80,57,0,2,139,82,82,21,2,187,10,2,12,199
07/12/2018,HYA,MA,ANE,EN,Federal Contract Tower,2,21,17,0,40,0,85,72,0,157,2,106,89,0,197,36,0,36,233
07/13/2018,HYA,MA,ANE,EN,Federal Contract Tower,2,35,14,0,51,0,92,80,0,172,2,127,94,0,223,44,0,44,267
07/14/2018,HYA,MA,ANE,EN,Federal Contract Tower,2,34,19,0,55,0,49,67,0,116,2,83,86,0,171,30,2,32,203
07/15/2018,HYA,MA,ANE,EN,Federal Contract Tower,2,61,29,0,92,0,45,41,0,86,2,106,70,0,178,16,0,16,194
07/16/2018,HYA,MA,ANE,EN,Federal Contract Tower,2,50,33,0,85,0,62,56,0,118,2,112,89,0,203,20,0,20,223
07/17/2018,HYA,MA,ANE,EN,Federal Contract Tower,2,79,36,0,117,0,2,0,0,2,2,81,36,0,119,0,0,0,119
07/18/2018,HYA,MA,ANE,EN,Federal Contract Tower,2,54,31,0,87,0,45,60,0,105,2,99,91,0,192,12,0,12,204
07/19/2018,HYA,MA,ANE,EN,Federal Contract Tower,2,25,22,0,49,0,80,56,0,136,2,105,78,0,185,6,0,6,191
07/20/2018,HYA,MA,ANE,EN,Federal Contract Tower,2,41,23,0,66,0,102,81,0,183,2,143,104,0,249,38,0,38,287
07/21/2018,HYA,MA,ANE,EN,Federal Contract Tower,2,54,35,0,91,0,34,37,0,71,2,88,72,0,162,16,0,16,178
07/22/2018,HYA,MA,ANE,EN,Federal Contract Tower,2,62,27,0,91,0,8,2,0,10,2,70,29,0,101,0,0,0,101
07/23/2018,HYA,MA,ANE,EN,Federal Contract Tower,2,52,24,0,78,0,54,53,0,107,2,106,77,0,185,22,0,22,207
07/24/2018,HYA,MA,ANE,EN,Federal Contract Tower,2,63,25,0,90,0,32,23,0,55,2,95,48,0,145,12,0,12,157
07/25/2018,HYA,MA,ANE,EN,Federal Contract Tower,2,65,26,0,93,0,48,28,0,76,2,113,54,0,169,4,0,4,173
07/26/2018,HYA,MA,ANE,EN,Federal Contract Tower,2,115,44,0,161,0,2,7,0,9,2,117,51,0,170,0,0,0,170
07/27/2018,HYA,MA,ANE,EN,Federal Contract Tower,2,137,58,0,197,0,22,25,0,47,2,159,83,0,244,8,0,8,252
07/28/2018,HYA,MA,ANE,EN,Federal Contract Tower,2,78,43,0,123,0,27,28,0,55,2,105,71,0,178,12,0,12,190
07/29/2018,HYA,MA,ANE,EN,Federal Contract Tower,2,52,19,0,73,0,59,70,0,129,2,111,89,0,202,34,0,34,236
07/30/2018,HYA,MA,ANE,EN,Federal Contract Tower,2,24,13,0,39,0,75,64,0,139,2,99,77,0,178,20,0,20,198
07/31/2018,HYA,MA,ANE,EN,Federal Contract Tower,2,40,11,0,53,0,91,71,0,162,2,131,82,0,215,50,0,50,265
08/01/2018,HYA,MA,ANE,EN,Federal Contract Tower,2,61,28,0,91,0,38,20,0,58,2,99,48,0,149,2,0,2,151
08/02/2018,HYA,MA,ANE,EN,Federal Contract Tower,2,77,40,0,119,0,35,43,1,79,2,112,83,1,198,34,0,34,232
08/03/2018,HYA,MA,ANE,EN,Federal Contract Tower,2,103,52,0,157,0,41,38,0,79,2,144,90,0,236,30,0,30,266
08/04/2018,HYA,MA,ANE,EN,Federal Contract Tower,2,70,30,0,102,0,0,1,0,1,2,70,31,0,103,0,0,0,103
08/05/2018,HYA,MA,ANE,EN,Federal Contract Tower,2,58,39,0,99,0,64,80,0,144,2,122,119,0,243,76,0,76,319
08/06/2018,HYA,MA,ANE,EN,Federal Contract Tower,2,46,24,0,72,0,74,77,0,151,2,120,101,0,223,44,0,44,267
08/07/2018,HYA,MA,ANE,EN,Federal Contract Tower,2,22,13,0,37,0,73,78,2,153,2,95,91,2,190,54,12,66,256
08/08/2018,HYA,MA,ANE,EN,Federal Contract Tower,2,94,30,0,126,0,34,25,0,59,2,128,55,0,185,34,0,34,219
08/09/2018,HYA,MA,ANE,EN,Federal Contract Tower,2,73,35,0,110,0,37,31,0,68,2,110,66,0,178,16,0,16,194
08/10/2018,HYA,MA,ANE,EN,Federal Contract Tower,2,45,21,0,68,0,82,92,2,176,2,127,113,2,244,58,0,58,302
08/11/2018,HYA,MA,ANE,EN,Federal Contract Tower,1,50,11,0,62,0,27,24,0,51,1,77,35,0,113,0,0,0,113
08/12/2018,HYA,MA,ANE,EN,Federal Contract Tower,1,66,37,0,104,0,41,28,0,69,1,107,65,0,173,6,0,6,179
08/13/2018,HYA,MA,ANE,EN,Federal Contract Tower,2,86,53,0,141,0,14,13,0,27,2,100,66,0,168,0,0,0,168
08/14/2018,HYA,MA,ANE,EN,Federal Contract Tower,2,54,19,0,75,0,49,32,0,81,2,103,51,0,156,18,2,20,176
08/15/2018,HYA,MA,ANE,EN,Federal Contract Tower,2,42,18,0,62,0,66,50,0,116,2,108,68,0,178,10,0,10,188
08/16/2018,HYA,MA,ANE,EN,Federal Contract Tower,2,38,22,0,62,0,97,77,0,174,2,135,99,0,236,50,2,52,288
08/17/2018,HYA,MA,ANE,EN,Federal Contract Tower,2,72,41,0,115,0,85,89,0,174,2,157,130,0,289,46,0,46,335
08/18/2018,HYA,MA,ANE,EN,Federal Contract Tower,2,49,24,0,75,0,35,44,0,79,2,84,68,0,154,20,0,20,174
08/19/2018,HYA,MA,ANE,EN,Federal Contract Tower,2,61,46,0,109,0,19,16,0,35,2,80,62,0,144,10,0,10,154
08/20/2018,HYA,MA,ANE,EN,Federal Contract Tower,2,86,62,0,150,0,15,24,0,39,2,101,86,0,189,6,0,6,195
08/21/2018,HYA,MA,ANE,EN,Federal Contract Tower,2,79,43,0,124,0,28,23,0,51,2,107,66,0,175,12,0,12,187
08/22/2018,HYA,MA,ANE,EN,Federal Contract Tower,2,44,31,0,77,0,42,23,0,65,2,86,54,0,142,20,0,20,162
08/23/2018,HYA,MA,ANE,EN,Federal Contract Tower,2,28,20,0,50,0,86,79,0,165,2,114,99,0,215,70,0,70,285
08/24/2018,HYA,MA,ANE,EN,Federal Contract Tower,2,25,18,0,45,0,92,90,0,182,2,117,108,0,227,54,0,54,281
08/25/2018,HYA,MA,ANE,EN,Federal Contract Tower,2,28,19,0,49,0,65,80,0,145,2,93,99,0,194,44,0,44,238
08/26/2018,HYA,MA,ANE,EN,Federal Contract Tower,2,29,14,4,49,0,79,67,0,146,2,108,81,4,195,46,0,46,241
08/27/2018,HYA,MA,ANE,EN,Federal Contract Tower,2,16,15,0,33,0,81,62,0,143,2,97,77,0,176,16,0,16,192
08/28/2018,HYA,MA,ANE,EN,Federal Contract Tower,2,40,17,1,60,0,66,51,1,118,2,106,68,2,178,34,0,34,212
08/29/2018,HYA,MA,ANE,EN,Federal Contract Tower,2,21,10,0,33,0,86,75,0,161,2,107,85,0,194,26,10,36,230
08/30/2018,HYA,MA,ANE,EN,Federal Contract Tower,2,39,17,1,59,0,68,49,2,119,2,107,66,3,178,44,0,44,222
08/31/2018,HYA,MA,ANE,EN,Federal Contract Tower,2,35,20,0,57,0,85,87,0,172,2,120,107,0,229,36,0,36,265
09/01/2018,HYA,MA,ANE,EN,Federal Contract Tower,2,25,15,0,42,0,61,61,0,122,2,86,76,0,164,54,0,54,218
09/02/2018,HYA,MA,ANE,EN,Federal Contract Tower,2,10,9,0,21,0,63,49,0,112,2,73,58,0,133,36,0,36,169
09/03/2018,HYA,MA,ANE,EN,Federal Contract Tower,2,62,25,0,89,0,37,40,0,77,2,99,65,0,166,8,0,8,174
09/04/2018,HYA,MA,ANE,EN,Federal Contract Tower,2,61,21,0,84,0,78,68,0,146,2,139,89,0,230,28,0,28,258
09/05/2018,HYA,MA,ANE,EN,Federal Contract Tower,0,18,9,0,27,0,86,67,0,153,0,104,76,0,180,16,0,16,196
09/06/2018,HYA,MA,ANE,EN,Federal Contract Tower,0,78,34,1,113,0,14,13,1,28,0,92,47,2,141,20,0,20,161
09/07/2018,HYA,MA,ANE,EN,Federal Contract Tower,0,23,24,0,47,0,52,66,0,118,0,75,90,0,165,18,0,18,183
09/08/2018,HYA,MA,ANE,EN,Federal Contract Tower,0,23,18,0,41,0,70,59,0,129,0,93,77,0,170,18,2,20,190
09/09/2018,HYA,MA,ANE,EN,Federal Contract Tower,0,18,13,0,31,0,59,52,2,113,0,77,65,2,144,4,0,4,148
09/10/2018,HYA,MA,ANE,EN,Federal Contract Tower,0,32,14,0,46,0,64,51,0,115,0,96,65,0,161,2,0,2,163
09/11/2018,HYA,MA,ANE,EN,Federal Contract Tower,0,71,28,0,99,0,21,17,0,38,0,92,45,0,137,0,0,0,137
09/12/2018,HYA,MA,ANE,EN,Federal Contract Tower,0,53,32,0,85,0,0,0,0,0,0,53,32,0,85,0,0,0,85
09/13/2018,HYA,MA,ANE,EN,Federal Contract Tower,0,67,22,0,89,0,25,14,0,39,0,92,36,0,128,4,2,6,134
09/14/2018,HYA,MA,ANE,EN,Federal Contract Tower,0,37,26,0,63,0,61,41,0,102,0,98,67,0,165,54,0,54,219
09/15/2018,HYA,MA,ANE,EN,Federal Contract Tower,0,20,15,0,35,0,67,60,0,127,0,87,75,0,162,6,0,6,168
09/16/2018,HYA,MA,ANE,EN,Federal Contract Tower,0,31,12,0,43,0,60,49,0,109,0,91,61,0,152,14,0,14,166
09/17/2018,HYA,MA,ANE,EN,Federal Contract Tower,0,19,4,0,23,0,64,60,0,124,0,83,64,0,147,30,0,30,177
09/18/2018,HYA,MA,ANE,EN,Federal Contract Tower,0,41,9,0,50,0,22,17,0,39,0,63,26,0,89,0,0,0,89
09/19/2018,HYA,MA,ANE,EN,Federal Contract Tower,0,56,25,0,81,0,2,5,0,7,0,58,30,0,88,0,0,0,88
09/20/2018,HYA,MA,ANE,EN,Federal Contract Tower,0,66,25,0,91,0,34,23,0,57,0,100,48,0,148,0,0,0,148
09/21/2018,HYA,MA,ANE,EN,Federal Contract Tower,0,32,17,0,49,0,72,61,0,133,0,104,78,0,182,28,0,28,210
09/22/2018,HYA,MA,ANE,EN,Federal Contract Tower,0,16,9,0,25,0,62,39,0,101,0,78,48,0,126,14,0,14,140
09/23/2018,HYA,MA,ANE,EN,Federal Contract Tower,0,22,10,0,32,0,63,45,0,108,0,85,55,0,140,34,0,34,174
09/24/2018,HYA,MA,ANE,EN,Federal Contract Tower,25,12,0,0,37,57,41,0,4,102,82,53,0,4,139,26,0,26,165
09/25/2018,HYA,MA,ANE,EN,Federal Contract Tower,0,50,16,0,66,0,60,24,0,84,0,110,40,0,150,12,0,12,162
09/26/2018,HYA,MA,ANE,EN,Federal Contract Tower,0,56,33,0,89,0,0,0,0,0,0,56,33,0,89,0,0,0,89
09/27/2018,HYA,MA,ANE,EN,Federal Contract Tower,0,32,13,0,45,0,77,40,2,119,0,109,53,2,164,76,0,76,240
09/28/2018,HYA,MA,ANE,EN,Federal Contract Tower,0,81,43,0,124,0,0,0,0,0,0,81,43,0,124,4,0,4,128
09/29/2018,HYA,MA,ANE,EN,Federal Contract Tower,0,15,11,0,26,0,74,79,0,153,0,89,90,0,179,40,0,40,219
09/30/2018,HYA,MA,ANE,EN,Federal Contract Tower,0,8,14,0,22,0,64,74,0,138,0,72,88,0,160,20,10,30,190
10/01/2018,HYA,MA,ANE,EN,Federal Contract Tower,0,26,12,0,38,0,65,58,0,123,0,91,70,0,161,46,0,46,207
10/02/2018,HYA,MA,ANE,EN,Federal Contract Tower,0,59,21,0,80,0,19,20,0,39,0,78,41,0,119,12,0,12,131
10/03/2018,HYA,MA,ANE,EN,Federal Contract Tower,0,63,44,0,107,0,3,2,0,5,0,66,46,0,112,0,0,0,112
10/04/2018,HYA,MA,ANE,EN,Federal Contract Tower,0,68,37,0,105,0,27,19,0,46,0,95,56,0,151,40,0,40,191
10/05/2018,HYA,MA,ANE,EN,Federal Contract Tower,0,42,17,0,59,0,64,58,0,122,0,106,75,0,181,12,0,12,193
10/06/2018,HYA,MA,ANE,EN,Federal Contract Tower,0,15,2,0,17,0,77,61,0,138,0,92,63,0,155,36,0,36,191
10/07/2018,HYA,MA,ANE,EN,Federal Contract Tower,0,45,18,0,63,0,27,23,0,50,0,72,41,0,113,0,4,4,117
10/08/2018,HYA,MA,ANE,EN,Federal Contract Tower,0,29,20,0,49,0,54,32,0,86,0,83,52,0,135,34,0,34,169
10/09/2018,HYA,MA,ANE,EN,Federal Contract Tower,0,64,28,0,92,0,54,27,0,81,0,118,55,0,173,28,0,28,201
10/10/2018,HYA,MA,ANE,EN,Federal Contract Tower,0,55,34,0,89,0,32,36,0,68,0,87,70,0,157,16,0,16,173
10/11/2018,HYA,MA,ANE,EN,Federal Contract Tower,0,69,20,0,89,0,19,11,0,30,0,88,31,0,119,4,0,4,123
10/12/2018,HYA,MA,ANE,EN,Federal Contract Tower,0,45,19,0,64,0,25,20,0,45,0,70,39,0,109,2,0,2,111
10/13/2018,HYA,MA,ANE,EN,Federal Contract Tower,0,12,8,0,20,0,56,56,0,112,0,68,64,0,132,18,2,20,152
10/14/2018,HYA,MA,ANE,EN,Federal Contract Tower,0,20,10,0,30,0,63,46,0,109,0,83,56,0,139,28,0,28,167
10/15/2018,HYA,MA,ANE,EN,Federal Contract Tower,33,26,0,0,59,0,44,32,0,76,33,70,32,0,135,8,0,8,143
10/16/2018,HYA,MA,ANE,EN,Federal Contract Tower,0,27,6,0,33,0,92,62,1,155,0,119,68,1,188,28,0,28,216
10/17/2018,HYA,MA,ANE,EN,Federal Contract Tower,0,12,3,0,15,0,79,67,0,146,0,91,70,0,161,36,0,36,197
10/18/2018,HYA,MA,ANE,EN,Federal Contract Tower,0,19,5,0,24,0,83,52,0,135,0,102,57,0,159,34,0,34,193
10/19/2018,HYA,MA,ANE,EN,Federal Contract Tower,0,15,4,0,19,0,64,47,0,111,0,79,51,0,130,28,0,28,158
10/20/2018,HYA,MA,ANE,EN,Federal Contract Tower,0,15,13,0,28,0,33,35,0,68,0,48,48,0,96,14,0,14,110
10/21/2018,HYA,MA,ANE,EN,Federal Contract Tower,0,21,8,0,29,0,52,43,0,95,0,73,51,0,124,2,0,2,126
10/22/2018,HYA,MA,ANE,EN,Federal Contract Tower,0,18,5,0,23,0,76,84,0,160,0,94,89,0,183,50,0,50,233
10/23/2018,HYA,MA,ANE,EN,Federal Contract Tower,0,26,11,0,37,0,68,55,0,123,0,94,66,0,160,8,0,8,168
10/24/2018,HYA,MA,ANE,EN,Federal Contract Tower,0,34,17,0,51,0,69,60,2,131,0,103,77,2,182,46,0,46,228
10/25/2018,HYA,MA,ANE,EN,Federal Contract Tower,0,12,11,0,23,0,82,55,0,137,0,94,66,0,160,32,0,32,192
10/26/2018,HYA,MA,ANE,EN,Federal Contract Tower,0,12,12,0,24,0,68,70,0,138,0,80,82,0,162,30,0,30,192
10/27/2018,HYA,MA,ANE,EN,Federal Contract Tower,0,4,3,6,13,0,0,0,0,0,0,4,3,6,13,0,0,0,13
10/28/2018,HYA,MA,ANE,EN,Federal Contract Tower,0,11,12,0,23,0,50,47,0,97,0,61,59,0,120,6,0,6,126
10/29/2018,HYA,MA,ANE,EN,Federal Contract Tower,0,10,4,0,14,0,82,60,0,142,0,92,64,0,156,40,0,40,196
10/30/2018,HYA,MA,ANE,EN,Federal Contract Tower,0,14,4,0,18,0,86,60,0,146,0,100,64,0,164,60,0,60,224
10/31/2018,HYA,MA,ANE,EN,Federal Contract Tower,0,9,6,0,15,0,79,68,0,147,0,88,74,0,162,66,0,66,228
11/01/2018,HYA,MA,ANE,EN,Federal Contract Tower,0,15,1,0,16,0,76,67,0,143,0,91,68,0,159,48,0,48,207
11/02/2018,HYA,MA,ANE,EN,Federal Contract Tower,0,29,16,0,45,0,40,34,0,74,0,69,50,0,119,0,0,0,119
11/03/2018,HYA,MA,ANE,EN,Federal Contract Tower,0,17,4,0,21,0,6,8,0,14,0,23,12,0,35,0,0,0,35
11/04/2018,HYA,MA,ANE,EN,Federal Contract Tower,0,13,3,0,16,0,65,58,0,123,0,78,61,0,139,42,0,42,181
11/05/2018,HYA,MA,ANE,EN,Federal Contract Tower,0,14,5,4,23,0,72,67,0,139,0,86,72,4,162,52,0,52,214
11/06/2018,HYA,MA,ANE,EN,Federal Contract Tower,0,53,12,0,65,0,0,0,0,0,0,53,12,0,65,0,0,0,65
11/07/2018,HYA,MA,ANE,EN,Federal Contract Tower,0,10,6,0,16,0,89,80,2,171,0,99,86,2,187,40,0,40,227
11/08/2018,HYA,MA,ANE,EN,Federal Contract Tower,0,7,7,0,14,0,87,67,0,154,0,94,74,0,168,66,0,66,234
11/09/2018,HYA,MA,ANE,EN,Federal Contract Tower,0,22,8,0,30,0,78,50,0,128,0,100,58,0,158,36,0,36,194
11/10/2018,HYA,MA,ANE,EN,Federal Contract Tower,0,30,10,1,41,0,34,19,1,54,0,64,29,2,95,18,4,22,117
11/11/2018,HYA,MA,ANE,EN,Federal Contract Tower,0,21,8,0,29,0,58,47,0,105,0,79,55,0,134,30,0,30,164
11/12/2018,HYA,MA,ANE,EN,Federal Contract Tower,0,10,9,0,19,0,82,60,0,142,0,92,69,0,161,18,0,18,179
11/13/2018,HYA,MA,ANE,EN,Federal Contract Tower,0,31,17,0,48,0,20,1,0,21,0,51,18,0,69,0,0,0,69
11/14/2018,HYA,MA,ANE,EN,Federal Contract Tower,0,13,1,0,14,0,74,59,0,133,0,87,60,0,147,18,0,18,165
11/15/2018,HYA,MA,ANE,EN,Federal Contract Tower,0,13,7,0,20,0,65,58,0,123,0,78,65,0,143,10,0,10,153
11/16/2018,HYA,MA,ANE,EN,Federal Contract Tower,9,29,15,0,53,0,0,0,0,0,9,29,15,0,53,0,0,0,53
11/17/2018,HYA,MA,ANE,EN,Federal Contract Tower,0,5,6,0,11,0,41,57,0,98,0,46,63,0,109,24,0,24,133
11/18/2018,HYA,MA,ANE,EN,Federal Contract Tower,0,10,6,0,16,0,59,47,0,106,0,69,53,0,122,16,0,16,138
11/19/2018,HYA,MA,ANE,EN,Federal Contract Tower,0,25,9,0,34,0,80,52,0,132,0,105,61,0,166,62,0,62,228
11/20/2018,HYA,MA,ANE,EN,Federal Contract Tower,0,96,35,0,131,0,0,0,0,0,0,96,35,0,131,0,0,0,131
11/21/2018,HYA,MA,ANE,EN,Federal Contract Tower,0,19,7,0,26,0,83,63,0,146,0,102,70,0,172,48,0,48,220
11/22/2018,HYA,MA,ANE,EN,Federal Contract Tower,0,13,1,0,14,0,30,11,0,41,0,43,12,0,55,0,0,0,55
11/23/2018,HYA,MA,ANE,EN,Federal Contract Tower,0,18,5,0,23,0,67,44,0,111,0,85,49,0,134,28,0,28,162
11/24/2018,HYA,MA,ANE,EN,Federal Contract Tower,0,5,10,0,15,0,50,58,0,108,0,55,68,0,123,28,0,28,151
11/25/2018,HYA,MA,ANE,EN,Federal Contract Tower,0,36,21,0,57,0,2,2,0,4,0,38,23,0,61,0,0,0,61
11/26/2018,HYA,MA,ANE,EN,Federal Contract Tower,0,27,13,0,40,0,56,47,0,103,0,83,60,0,143,34,0,34,177
11/27/2018,HYA,MA,ANE,EN,Federal Contract Tower,0,24,3,0,27,0,78,33,0,111,0,102,36,0,138,6,0,6,144
11/28/2018,HYA,MA,ANE,EN,Federal Contract Tower,0,10,1,0,11,0,88,67,0,155,0,98,68,0,166,52,0,52,218
11/29/2018,HYA,MA,ANE,EN,Federal Contract Tower,0,10,4,0,14,0,72,58,0,130,0,82,62,0,144,38,0,38,182
11/30/2018,HYA,MA,ANE,EN,Federal Contract Tower,20,2,0,0,22,0,79,62,0,141,20,81,62,0,163,38,0,38,201
12/01/2018,HYA,MA,ANE,EN,Federal Contract Tower,0,18,3,0,21,0,49,57,0,106,0,67,60,0,127,6,0,6,133
12/02/2018,HYA,MA,ANE,EN,Federal Contract Tower,0,20,4,0,24,0,0,0,0,0,0,20,4,0,24,0,0,0,24
12/03/2018,HYA,MA,ANE,EN,Federal Contract Tower,0,26,15,0,41,0,55,42,0,97,0,81,57,0,138,56,0,56,194
12/04/2018,HYA,MA,ANE,EN,Federal Contract Tower,0,16,2,0,18,0,104,58,0,162,0,120,60,0,180,82,0,82,262
12/05/2018,HYA,MA,ANE,EN,Federal Contract Tower,0,12,4,0,16,0,93,63,0,156,0,105,67,0,172,54,0,54,226
12/06/2018,HYA,MA,ANE,EN,Federal Contract Tower,0,8,4,0,12,0,86,71,0,157,0,94,75,0,169,66,0,66,235
12/07/2018,HYA,MA,ANE,EN,Federal Contract Tower,11,9,1,0,21,0,69,65,0,134,11,78,66,0,155,60,0,60,215
12/08/2018,HYA,MA,ANE,EN,Federal Contract Tower,0,0,3,0,3,0,28,41,0,69,0,28,44,0,72,48,0,48,120
12/09/2018,HYA,MA,ANE,EN,Federal Contract Tower,0,14,3,0,17,0,56,50,0,106,0,70,53,0,123,32,0,32,155
12/10/2018,HYA,MA,ANE,EN,Federal Contract Tower,0,9,2,0,11,0,92,61,2,155,0,101,63,2,166,26,0,26,192
12/11/2018,HYA,MA,ANE,EN,Federal Contract Tower,0,7,2,0,9,0,81,57,0,138,0,88,59,0,147,40,0,40,187
12/12/2018,HYA,MA,ANE,EN,Federal Contract Tower,0,18,3,0,21,0,74,66,0,140,0,92,69,0,161,74,0,74,235
12/13/2018,HYA,MA,ANE,EN,Federal Contract Tower,0,17,6,0,23,0,67,61,0,128,0,84,67,0,151,30,0,30,181
12/14/2018,HYA,MA,ANE,EN,Federal Contract Tower,0,16,7,0,23,0,64,56,0,120,0,80,63,0,143,36,0,36,179
12/15/2018,HYA,MA,ANE,EN,Federal Contract Tower,0,16,8,0,24,0,13,12,0,25,0,29,20,0,49,4,0,4,53
12/16/2018,HYA,MA,ANE,EN,Federal Contract Tower,0,15,4,0,19,0,39,11,0,50,0,54,15,0,69,18,0,18,87
12/17/2018,HYA,MA,ANE,EN,Federal Contract Tower,0,47,12,0,59,0,25,18,0,43,0,72,30,0,102,12,0,12,114
12/19/2018,HYA,MA,ANE,EN,Federal Contract Tower,0,16,10,0,26,0,87,72,0,159,0,103,82,0,185,48,0,48,233
12/20/2018,HYA,MA,ANE,EN,Federal Contract Tower,0,14,6,0,20,0,66,75,0,141,0,80,81,0,161,56,0,56,217
12/21/2018,HYA,MA,ANE,EN,Federal Contract Tower,0,18,2,0,20,0,9,1,0,10,0,27,3,0,30,2,0,2,32
12/22/2018,HYA,MA,ANE,EN,Federal Contract Tower,0,36,14,0,50,0,33,27,0,60,0,69,41,0,110,8,0,8,118
12/23/2018,HYA,MA,ANE,EN,Federal Contract Tower,0,2,8,0,10,0,53,42,0,95,0,55,50,0,105,16,0,16,121
12/24/2018,HYA,MA,ANE,EN,Federal Contract Tower,0,17,2,0,19,0,40,26,0,66,0,57,28,0,85,28,0,28,113
12/25/2018,HYA,MA,ANE,EN,Federal Contract Tower,0,4,1,0,5,0,20,4,0,24,0,24,5,0,29,4,0,4,33
12/26/2018,HYA,MA,ANE,EN,Federal Contract Tower,0,19,4,0,23,0,76,50,0,126,0,95,54,0,149,16,0,16,165
12/27/2018,HYA,MA,ANE,EN,Federal Contract Tower,0,17,5,0,22,0,75,65,0,140,0,92,70,0,162,28,0,28,190
12/28/2018,HYA,MA,ANE,EN,Federal Contract Tower,0,38,3,0,41,0,25,16,0,41,0,63,19,0,82,0,0,0,82
12/29/2018,HYA,MA,ANE,EN,Federal Contract Tower,0,11,2,0,13,0,32,31,0,63,0,43,33,0,76,16,0,16,92
12/30/2018,HYA,MA,ANE,EN,Federal Contract Tower,0,5,6,0,11,0,51,47,0,98,0,56,53,0,109,8,0,8,117
12/31/2018,HYA,MA,ANE,EN,Federal Contract Tower,0,19,1,0,20,0,71,48,0,119,0,90,49,0,139,28,0,28,167
01/01/2019,HYA,MA,ANE,EN,Federal Contract Tower,0,10,3,0,13,0,39,24,0,63,0,49,27,0,76,0,0,0,76
01/02/2019,HYA,MA,ANE,EN,Federal Contract Tower,0,13,3,0,16,0,80,62,0,142,0,93,65,0,158,40,0,40,198
01/03/2019,HYA,MA,ANE,EN,Federal Contract Tower,0,27,4,0,31,0,63,46,0,109,0,90,50,0,140,56,0,56,196
01/04/2019,HYA,MA,ANE,EN,Federal Contract Tower,0,11,2,0,13,0,81,45,0,126,0,92,47,0,139,34,0,34,173
01/05/2019,HYA,MA,ANE,EN,Federal Contract Tower,0,10,4,0,14,0,1,0,0,1,0,11,4,0,15,0,0,0,15
01/06/2019,HYA,MA,ANE,EN,Federal Contract Tower,0,1,7,0,8,0,54,47,0,101,0,55,54,0,109,36,0,36,145
01/07/2019,HYA,MA,ANE,EN,Federal Contract Tower,0,8,4,0,12,0,73,57,0,130,0,81,61,0,142,52,0,52,194
01/08/2019,HYA,MA,ANE,EN,Federal Contract Tower,0,31,16,0,47,0,29,15,0,44,0,60,31,0,91,16,0,16,107
01/09/2019,HYA,MA,ANE,EN,Federal Contract Tower,0,24,4,0,28,0,66,54,0,120,0,90,58,0,148,30,0,30,178
01/10/2019,HYA,MA,ANE,EN,Federal Contract Tower,0,12,0,0,12,0,68,59,0,127,0,80,59,0,139,42,0,42,181
01/11/2019,HYA,MA,ANE,EN,Federal Contract Tower,0,8,2,0,10,0,8,2,0,10,0,16,4,0,20,24,0,24,44
01/12/2019,HYA,MA,ANE,EN,Federal Contract Tower,0,5,1,0,6,0,44,46,0,90,0,49,47,0,96,18,0,18,114
01/13/2019,HYA,MA,ANE,EN,Federal Contract Tower,0,13,1,0,14,0,45,37,0,82,0,58,38,0,96,4,0,4,100
01/14/2019,HYA,MA,ANE,EN,Federal Contract Tower,0,22,2,0,24,0,67,53,0,120,0,89,55,0,144,6,0,6,150
01/15/2019,HYA,MA,ANE,EN,Federal Contract Tower,0,5,9,0,14,0,72,53,0,125,0,77,62,0,139,46,0,46,185
01/16/2019,HYA,MA,ANE,EN,Federal Contract Tower,0,22,10,0,32,0,84,67,0,151,0,106,77,0,183,34,0,34,217
01/17/2019,HYA,MA,ANE,EN,Federal Contract Tower,0,9,6,0,15,0,70,66,0,136,0,79,72,0,151,20,0,20,171
01/18/2019,HYA,MA,ANE,EN,Federal Contract Tower,0,62,11,0,73,0,20,7,0,27,0,82,18,0,100,2,0,2,102
01/19/2019,HYA,MA,ANE,EN,Federal Contract Tower,0,10,3,0,13,0,26,20,0,46,0,36,23,0,59,4,0,4,63
01/20/2019,HYA,MA,ANE,EN,Federal Contract Tower,0,1,0,0,1,0,0,0,0,0,0,1,0,0,1,0,0,0,1
01/21/2019,HYA,MA,ANE,EN,Federal Contract Tower,0,26,4,0,30,0,56,30,0,86,0,82,34,0,116,30,0,30,146
01/22/2019,HYA,MA,ANE,EN,Federal Contract Tower,0,27,0,0,27,0,81,52,0,133,0,108,52,0,160,40,0,40,200
01/23/2019,HYA,MA,ANE,EN,Federal Contract Tower,0,26,3,0,29,0,83,68,0,151,0,109,71,0,180,36,0,36,216
01/24/2019,HYA,MA,ANE,EN,Federal Contract Tower,0,20,0,0,20,0,27,17,0,44,0,47,17,0,64,0,0,0,64
01/25/2019,HYA,MA,ANE,EN,Federal Contract Tower,0,14,3,0,17,0,74,51,0,125,0,88,54,0,142,4,0,4,146
01/26/2019,HYA,MA,ANE,EN,Federal Contract Tower,0,6,2,0,8,0,63,52,0,115,0,69,54,0,123,28,0,28,151
01/27/2019,HYA,MA,ANE,EN,Federal Contract Tower,0,3,4,0,7,0,51,33,0,84,0,54,37,0,91,30,0,30,121
01/28/2019,HYA,MA,ANE,EN,Federal Contract Tower,0,10,0,0,10,0,93,53,0,146,0,103,53,0,156,6,0,6,162
01/29/2019,HYA,MA,ANE,EN,Federal Contract Tower,0,16,0,0,16,0,90,51,0,141,0,106,51,0,157,26,0,26,183
01/30/2019,HYA,MA,ANE,EN,Federal Contract Tower,0,19,6,0,25,0,62,43,0,105,0,81,49,0,130,30,0,30,160
01/31/2019,HYA,MA,ANE,EN,Federal Contract Tower,0,13,0,0,13,0,63,53,0,116,0,76,53,0,129,22,0,22,151
02/01/2019,HYA,MA,ANE,EN,Federal Contract Tower,0,7,0,0,7,0,77,50,0,127,0,84,50,0,134,14,0,14,148
02/02/2019,HYA,MA,ANE,EN,Federal Contract Tower,0,0,0,0,0,0,43,38,0,81,0,43,38,0,81,0,0,0,81
02/03/2019,HYA,MA,ANE,EN,Federal Contract Tower,0,3,0,0,3,0,48,33,0,81,0,51,33,0,84,32,0,32,116
02/04/2019,HYA,MA,ANE,EN,Federal Contract Tower,0,24,4,0,28,0,54,41,0,95,0,78,45,0,123,10,0,10,133
02/05/2019,HYA,MA,ANE,EN,Federal Contract Tower,0,22,4,0,26,0,47,34,0,81,0,69,38,0,107,20,0,20,127
02/06/2019,HYA,MA,ANE,EN,Federal Contract Tower,0,13,1,0,14,0,78,56,0,134,0,91,57,0,148,74,0,74,222
02/07/2019,HYA,MA,ANE,EN,Federal Contract Tower,0,54,2,0,56,0,0,0,0,0,0,54,2,0,56,8,0,8,64
02/08/2019,HYA,MA,ANE,EN,Federal Contract Tower,0,58,14,0,72,0,20,4,0,24,0,78,18,0,96,14,0,14,110
02/09/2019,HYA,MA,ANE,EN,Federal Contract Tower,0,2,0,0,2,0,50,19,0,69,0,52,19,0,71,0,0,0,71
02/10/2019,HYA,MA,ANE,EN,Federal Contract Tower,0,3,11,0,14,0,55,46,0,101,0,58,57,0,115,8,0,8,123
02/11/2019,HYA,MA,ANE,EN,Federal Contract Tower,0,35,5,0,40,0,85,50,0,135,0,120,55,0,175,40,0,40,215
02/12/2019,HYA,MA,ANE,EN,Federal Contract Tower,0,6,0,0,6,0,50,29,0,79,0,56,29,0,85,16,0,16,101
02/13/2019,HYA,MA,ANE,EN,Federal Contract Tower,0,45,11,0,56,0,44,24,2,70,0,89,35,2,126,46,0,46,172
02/14/2019,HYA,MA,ANE,EN,Federal Contract Tower,0,13,0,0,13,0,86,46,0,132,0,99,46,0,145,54,0,54,199
02/15/2019,HYA,MA,ANE,EN,Federal Contract Tower,0,16,3,0,19,0,0,0,0,0,0,16,3,0,19,6,0,6,25
02/16/2019,HYA,MA,ANE,EN,Federal Contract Tower,0,4,2,0,6,0,44,49,0,93,0,48,51,0,99,30,0,30,129
02/17/2019,HYA,MA,ANE,EN,Federal Contract Tower,0,3,9,0,12,0,49,69,0,118,0,52,78,0,130,38,0,38,168
02/18/2019,HYA,MA,ANE,EN,Federal Contract Tower,0,13,3,0,16,0,0,0,0,0,0,13,3,0,16,0,0,0,16
02/19/2019,HYA,MA,ANE,EN,Federal Contract Tower,0,16,1,0,17,0,77,55,0,132,0,93,56,0,149,24,0,24,173
02/20/2019,HYA,MA,ANE,EN,Federal Contract Tower,0,8,1,0,9,0,84,57,0,141,0,92,58,0,150,44,0,44,194
02/21/2019,HYA,MA,ANE,EN,Federal Contract Tower,0,21,11,0,32,0,34,34,0,68,0,55,45,0,100,0,0,0,100
02/22/2019,HYA,MA,ANE,EN,Federal Contract Tower,0,29,0,0,29,0,78,65,0,143,0,107,65,0,172,74,0,74,246
02/23/2019,HYA,MA,ANE,EN,Federal Contract Tower,0,1,2,0,3,0,51,56,0,107,0,52,58,0,110,50,0,50,160
02/24/2019,HYA,MA,ANE,EN,Federal Contract Tower,0,8,2,0,10,0,20,9,0,29,0,28,11,0,39,0,0,0,39
02/25/2019,HYA,MA,ANE,EN,Federal Contract Tower,0,1,1,0,2,0,41,33,0,74,0,42,34,0,76,0,0,0,76
02/26/2019,HYA,MA,ANE,EN,Federal Contract Tower,0,18,1,0,19,0,84,50,0,134,0,102,51,0,153,50,0,50,203
02/27/2019,HYA,MA,ANE,EN,Federal Contract Tower,0,18,3,0,21,0,77,64,0,141,0,95,67,0,162,56,2,58,220
02/28/2019,HYA,MA,ANE,EN,Federal Contract Tower,0,18,0,0,18,0,25,18,0,43,0,43,18,0,61,20,0,20,81
03/01/2019,HYA,MA,ANE,EN,Federal Contract Tower,0,24,7,0,31,0,102,54,0,156,0,126,61,0,187,100,0,100,287
03/02/2019,HYA,MA,ANE,EN,Federal Contract Tower,0,2,0,0,2,0,0,0,0,0,0,2,0,0,2,0,0,0,2
03/03/2019,HYA,MA,ANE,EN,Federal Contract Tower,0,7,5,0,12,0,48,45,0,93,0,55,50,0,105,12,0,12,117
03/04/2019,HYA,MA,ANE,EN,Federal Contract Tower,0,35,8,0,43,0,42,26,0,68,0,77,34,0,111,14,0,14,125
03/05/2019,HYA,MA,ANE,EN,Federal Contract Tower,0,13,0,0,13,0,102,53,0,155,0,115,53,0,168,60,0,60,228
03/06/2019,HYA,MA,ANE,EN,Federal Contract Tower,0,14,0,0,14,0,96,59,0,155,0,110,59,0,169,40,0,40,209
03/07/2019,HYA,MA,ANE,EN,Federal Contract Tower,0,16,2,0,18,0,79,57,0,136,0,95,59,0,154,70,32,102,256
03/08/2019,HYA,MA,ANE,EN,Federal Contract Tower,0,19,3,0,22,0,89,55,0,144,0,108,58,0,166,64,0,64,230
03/09/2019,HYA,MA,ANE,EN,Federal Contract Tower,0,1,17,0,18,0,51,58,0,109,0,52,75,0,127,84,0,84,211
03/10/2019,HYA,MA,ANE,EN,Federal Contract Tower,0,9,2,0,11,0,15,5,0,20,0,24,7,0,31,0,0,0,31
03/11/2019,HYA,MA,ANE,EN,Federal Contract Tower,0,8,6,0,14,0,67,51,0,118,0,75,57,0,132,30,0,30,162
03/12/2019,HYA,MA,ANE,EN,Federal Contract Tower,0,14,0,0,14,0,96,60,0,156,0,110,60,0,170,82,0,82,252
03/13/2019,HYA,MA,ANE,EN,Federal Contract Tower,0,21,2,0,23,0,81,72,0,153,0,102,74,0,176,46,0,46,222
03/14/2019,HYA,MA,ANE,EN,Federal Contract Tower,0,7,5,0,12,0,60,51,0,111,0,67,56,0,123,18,0,18,141
03/15/2019,HYA,MA,ANE,EN,Federal Contract Tower,0,34,5,0,39,0,31,21,0,52,0,65,26,0,91,6,4,10,101
03/16/2019,HYA,MA,ANE,EN,Federal Contract Tower,0,5,0,0,5,0,36,31,0,67,0,41,31,0,72,14,0,14,86
03/17/2019,HYA,MA,ANE,EN,Federal Contract Tower,0,3,1,0,4,0,49,54,0,103,0,52,55,0,107,28,0,28,135
03/18/2019,HYA,MA,ANE,EN,Federal Contract Tower,0,12,0,0,12,0,72,37,0,109,0,84,37,0,121,0,0,0,121
03/19/2019,HYA,MA,ANE,EN,Federal Contract Tower,0,10,8,0,18,0,85,55,0,140,0,95,63,0,158,70,0,70,228
03/20/2019,HYA,MA,ANE,EN,Federal Contract Tower,0,7,3,0,10,0,81,66,0,147,0,88,69,0,157,102,0,102,259
03/21/2019,HYA,MA,ANE,EN,Federal Contract Tower,0,9,6,0,15,0,81,53,0,134,0,90,59,0,149,102,0,102,251
03/22/2019,HYA,MA,ANE,EN,Federal Contract Tower,0,48,8,0,56,0,28,7,0,35,0,76,15,0,91,0,0,0,91
03/23/2019,HYA,MA,ANE,EN,Federal Contract Tower,0,2,4,0,6,0,49,41,0,90,0,51,45,0,96,8,0,8,104
03/24/2019,HYA,MA,ANE,EN,Federal Contract Tower,0,2,9,0,11,0,54,69,0,123,0,56,78,0,134,42,0,42,176
03/25/2019,HYA,MA,ANE,EN,Federal Contract Tower,0,20,2,0,22,0,91,51,0,142,0,111,53,0,164,56,0,56,220
03/26/2019,HYA,MA,ANE,EN,Federal Contract Tower,0,46,0,0,46,0,0,0,0,0,0,46,0,0,46,76,0,76,122
03/27/2019,HYA,MA,ANE,EN,Federal Contract Tower,0,24,1,0,25,0,104,59,0,163,0,128,60,0,188,92,0,92,280
03/28/2019,HYA,MA,ANE,EN,Federal Contract Tower,0,27,2,0,29,0,100,50,0,150,0,127,52,0,179,78,0,78,257
03/29/2019,HYA,MA,ANE,EN,Federal Contract Tower,0,32,8,3,43,0,100,54,2,156,0,132,62,5,199,60,2,62,261
03/30/2019,HYA,MA,ANE,EN,Federal Contract Tower,0,0,1,0,1,0,65,69,0,134,0,65,70,0,135,68,0,68,203
03/31/2019,HYA,MA,ANE,EN,Federal Contract Tower,0,3,4,0,7,0,35,26,0,61,0,38,30,0,68,0,0,0,68
04/01/2019,HYA,MA,ANE,EN,Federal Contract Tower,0,13,0,0,13,0,95,65,0,160,0,108,65,0,173,28,0,28,201
04/02/2019,HYA,MA,ANE,EN,Federal Contract Tower,0,9,13,0,22,0,79,49,4,132,0,88,62,4,154,26,0,26,180
04/03/2019,HYA,MA,ANE,EN,Federal Contract Tower,0,6,0,0,6,0,39,10,0,49,0,45,10,0,55,46,0,46,101
04/04/2019,HYA,MA,ANE,EN,Federal Contract Tower,0,10,0,0,10,0,111,42,0,153,0,121,42,0,163,38,2,40,203
04/05/2019,HYA,MA,ANE,EN,Federal Contract Tower,0,22,6,0,28,0,108,71,0,179,0,130,77,0,207,102,0,102,309
04/06/2019,HYA,MA,ANE,EN,Federal Contract Tower,0,23,28,0,51,0,30,44,0,74,0,53,72,0,125,28,4,32,157
04/07/2019,HYA,MA,ANE,EN,Federal Contract Tower,6,10,0,0,16,0,34,78,0,112,6,44,78,0,128,74,0,74,202
04/08/2019,HYA,MA,ANE,EN,Federal Contract Tower,0,50,9,0,59,0,0,0,0,0,0,50,9,0,59,2,0,2,61
04/09/2019,HYA,MA,ANE,EN,Federal Contract Tower,0,85,15,0,100,0,10,10,0,20,0,95,25,0,120,32,0,32,152
04/10/2019,HYA,MA,ANE,EN,Federal Contract Tower,0,34,6,0,40,0,81,49,0,130,0,115,55,0,170,54,6,60,230
04/11/2019,HYA,MA,ANE,EN,Federal Contract Tower,0,12,2,0,14,0,89,75,0,164,0,101,77,0,178,58,2,60,238
04/12/2019,HYA,MA,ANE,EN,Federal Contract Tower,0,31,10,0,41,0,86,41,0,127,0,117,51,0,168,48,0,48,216
04/13/2019,HYA,MA,ANE,EN,Federal Contract Tower,0,23,12,0,35,0,0,0,0,0,0,23,12,0,35,2,2,4,39
04/14/2019,HYA,MA,ANE,EN,Federal Contract Tower,0,25,1,0,26,0,33,34,0,67,0,58,35,0,93,32,0,32,125
04/15/2019,HYA,MA,ANE,EN,Federal Contract Tower,0,39,5,0,44,0,15,13,0,28,0,54,18,0,72,12,0,12,84
04/16/2019,HYA,MA,ANE,EN,Federal Contract Tower,0,15,2,0,17,0,77,44,0,121,0,92,46,0,138,60,0,60,198
04/17/2019,HYA,MA,ANE,EN,Federal Contract Tower,0,16,2,0,18,0,87,64,0,151,0,103,66,0,169,100,4,104,273
04/18/2019,HYA,MA,ANE,EN,Federal Contract Tower,0,31,9,0,40,0,50,42,0,92,0,81,51,0,132,30,0,30,162
04/19/2019,HYA,MA,ANE,EN,Federal Contract Tower,0,50,13,0,63,0,37,18,0,55,0,87,31,0,118,4,0,4,122
04/20/2019,HYA,MA,ANE,EN,Federal Contract Tower,0,19,8,0,27,0,1,0,0,1,0,20,8,0,28,0,0,0,28
04/21/2019,HYA,MA,ANE,EN,Federal Contract Tower,0,16,4,0,20,0,8,7,0,15,0,24,11,0,35,0,0,0,35
04/22/2019,HYA,MA,ANE,EN,Federal Contract Tower,0,72,11,2,85,0,6,4,0,10,0,78,15,2,95,16,0,16,111
04/23/2019,HYA,MA,ANE,EN,Federal Contract Tower,0,65,23,0,88,0,12,9,0,21,0,77,32,0,109,6,0,6,115
04/24/2019,HYA,MA,ANE,EN,Federal Contract Tower,0,22,10,0,32,0,63,67,0,130,0,85,77,0,162,80,0,80,242
04/25/2019,HYA,MA,ANE,EN,Federal Contract Tower,0,20,1,4,25,0,82,69,0,151,0,102,70,4,176,68,4,72,248
04/26/2019,HYA,MA,ANE,EN,Federal Contract Tower,0,81,26,0,107,0,9,4,0,13,0,90,30,0,120,0,0,0,120
04/27/2019,HYA,MA,ANE,EN,Federal Contract Tower,0,20,12,2,34,0,49,45,0,94,0,69,57,2,128,54,0,54,182
04/28/2019,HYA,MA,ANE,EN,Federal Contract Tower,0,18,8,0,26,0,48,49,0,97,0,66,57,0,123,26,0,26,149
04/29/2019,HYA,MA,ANE,EN,Federal Contract Tower,0,29,5,0,34,0,89,64,0,153,0,118,69,0,187,44,4,48,235
05/01/2019,HYA,MA,ANE,EN,Federal Contract Tower,0,24,23,0,47,0,82,68,0,150,0,106,91,0,197,48,0,48,245
05/02/2019,HYA,MA,ANE,EN,Federal Contract Tower,0,65,27,0,92,0,6,3,0,9,0,71,30,0,101,0,0,0,101
05/03/2019,HYA,MA,ANE,EN,Federal Contract Tower,0,66,28,0,94,0,2,0,0,2,0,68,28,0,96,0,0,0,96
05/04/2019,HYA,MA,ANE,EN,Federal Contract Tower,0,33,10,0,43,0,20,8,0,28,0,53,18,0,71,20,0,20,91
05/05/2019,HYA,MA,ANE,EN,Federal Contract Tower,0,23,13,0,36,0,5,2,0,7,0,28,15,0,43,0,0,0,43
05/06/2019,HYA,MA,ANE,EN,Federal Contract Tower,0,51,19,0,70,0,44,37,0,81,0,95,56,0,151,18,0,18,169
05/07/2019,HYA,MA,ANE,EN,Federal Contract Tower,0,12,6,6,24,0,88,48,0,136,0,100,54,6,160,14,2,16,176
05/08/2019,HYA,MA,ANE,EN,Federal Contract Tower,0,30,13,0,43,0,96,83,0,179,0,126,96,0,222,36,16,52,274
05/09/2019,HYA,MA,ANE,EN,Federal Contract Tower,0,8,9,0,17,0,74,61,0,135,0,82,70,0,152,30,4,34,186
05/10/2019,HYA,MA,ANE,EN,Federal Contract Tower,0,56,18,0,74,0,33,22,0,55,0,89,40,0,129,0,0,0,129
05/12/2019,HYA,MA,ANE,EN,Federal Contract Tower,0,21,9,0,30,0,14,14,0,28,0,35,23,0,58,0,0,0,58
05/13/2019,HYA,MA,ANE,EN,Federal Contract Tower,0,18,4,0,22,0,88,49,0,137,0,106,53,0,159,4,0,4,163
05/14/2019,HYA,MA,ANE,EN,Federal Contract Tower,0,67,12,0,79,0,4,7,0,11,0,71,19,0,90,0,0,0,90
05/15/2019,HYA,MA,ANE,EN,Federal Contract Tower,0,22,7,0,29,0,92,48,0,140,0,114,55,0,169,58,0,58,227
05/16/2019,HYA,MA,ANE,EN,Federal Contract Tower,0,19,6,0,25,0,82,71,0,153,0,101,77,0,178,30,0,30,208
05/17/2019,HYA,MA,ANE,EN,Federal Contract Tower,0,20,16,0,36,0,77,53,0,130,0,97,69,0,166,32,0,32,198
05/18/2019,HYA,MA,ANE,EN,Federal Contract Tower,0,12,4,0,16,0,67,66,0,133,0,79,70,0,149,34,0,34,183
05/19/2019,HYA,MA,ANE,EN,Federal Contract Tower,0,19,6,0,25,0,60,47,0,107,0,79,53,0,132,8,0,8,140
05/20/2019,HYA,MA,ANE,EN,Federal Contract Tower,0,41,8,0,49,0,37,29,0,66,0,78,37,0,115,40,0,40,155
05/21/2019,HYA,MA,ANE,EN,Federal Contract Tower,0,18,11,0,29,0,102,50,0,152,0,120,61,0,181,28,0,28,209
05/22/2019,HYA,MA,ANE,EN,Federal Contract Tower,0,13,8,0,21,0,91,74,0,165,0,104,82,0,186,24,0,24,210
05/23/2019,HYA,MA,ANE,EN,Federal Contract Tower,0,28,7,0,35,0,73,61,0,134,0,101,68,0,169,8,0,8,177
05/24/2019,HYA,MA,ANE,EN,Federal Contract Tower,0,34,17,0,51,0,116,73,0,189,0,150,90,0,240,6,0,6,246
05/25/2019,HYA,MA,ANE,EN,Federal Contract Tower,0,7,17,0,24,0,63,87,0,150,0,70,104,0,174,42,0,42,216
05/26/2019,HYA,MA,ANE,EN,Federal Contract Tower,0,6,10,0,16,0,51,43,0,94,0,57,53,0,110,18,0,18,128
05/27/2019,HYA,MA,ANE,EN,Federal Contract Tower,0,30,17,0,47,0,73,78,0,151,0,103,95,0,198,56,0,56,254
05/28/2019,HYA,MA,ANE,EN,Federal Contract Tower,0,38,15,0,53,0,69,33,0,102,0,107,48,0,155,60,10,70,225
05/29/2019,HYA,MA,ANE,EN,Federal Contract Tower,0,58,24,0,82,0,21,19,0,40,0,79,43,0,122,18,10,28,150
05/30/2019,HYA,MA,ANE,EN,Federal Contract Tower,0,69,42,0,111,0,9,9,0,18,0,78,51,0,129,8,0,8,137
05/31/2019,HYA,MA,ANE,EN,Federal Contract Tower,0,57,23,0,80,0,64,53,0,117,0,121,76,0,197,52,8,60,257
06/01/2019,HYA,MA,ANE,EN,Federal Contract Tower,0,67,20,0,87,0,9,8,0,17,0,76,28,0,104,4,0,4,108
06/02/2019,HYA,MA,ANE,EN,Federal Contract Tower,0,41,17,0,58,0,31,38,0,69,0,72,55,0,127,4,0,4,131
06/03/2019,HYA,MA,ANE,EN,Federal Contract Tower,0,6,8,0,14,0,96,64,0,160,0,102,72,0,174,64,0,64,238
06/04/2019,HYA,MA,ANE,EN,Federal Contract Tower,0,22,10,0,32,0,96,58,0,154,0,118,68,0,186,16,8,24,210
06/05/2019,HYA,MA,ANE,EN,Federal Contract Tower,0,23,6,0,29,0,75,48,0,123,0,98,54,0,152,12,0,12,164
06/06/2019,HYA,MA,ANE,EN,Federal Contract Tower,0,59,18,0,77,0,35,20,0,55,0,94,38,0,132,22,0,22,154
06/07/2019,HYA,MA,ANE,EN,Federal Contract Tower,0,29,5,0,34,0,102,60,0,162,0,131,65,0,196,60,2,62,258
06/08/2019,HYA,MA,ANE,EN,Federal Contract Tower,0,11,10,0,21,0,71,68,0,139,0,82,78,0,160,26,4,30,190
06/09/2019,HYA,MA,ANE,EN,Federal Contract Tower,0,7,10,0,17,0,59,77,0,136,0,66,87,0,153,64,0,64,217
06/10/2019,HYA,MA,ANE,EN,Federal Contract Tower,0,32,8,0,40,0,94,67,0,161,0,126,75,0,201,36,10,46,247
06/11/2019,HYA,MA,ANE,EN,Federal Contract Tower,0,71,11,0,82,0,26,19,0,45,0,97,30,0,127,10,0,10,137
06/12/2019,HYA,MA,ANE,EN,Federal Contract Tower,0,20,11,0,31,0,99,75,0,174,0,119,86,0,205,20,0,20,225
06/13/2019,HYA,MA,ANE,EN,Federal Contract Tower,2,48,25,0,75,0,18,14,0,32,2,66,39,0,107,0,0,0,107
06/14/2019,HYA,MA,ANE,EN,Federal Contract Tower,2,48,24,0,74,0,53,51,4,108,2,101,75,4,182,24,4,28,210
06/16/2019,HYA,MA,ANE,EN,Federal Contract Tower,2,34,14,0,50,0,62,55,0,117,2,96,69,0,167,0,0,0,167
06/17/2019,HYA,MA,ANE,EN,Federal Contract Tower,2,67,21,0,90,0,49,37,0,86,2,116,58,0,176,32,0,32,208
06/18/2019,HYA,MA,ANE,EN,Federal Contract Tower,2,80,18,0,100,0,14,16,0,30,2,94,34,0,130,8,0,8,138
06/19/2019,HYA,MA,ANE,EN,Federal Contract Tower,2,82,24,0,108,0,1,6,0,7,2,83,30,0,115,0,0,0,115
06/20/2019,HYA,MA,ANE,EN,Federal Contract Tower,2,84,21,0,107,0,0,0,0,0,2,84,21,0,107,0,0,0,107
06/21/2019,HYA,MA,ANE,EN,Federal Contract Tower,2,88,21,0,111,0,6,9,0,15,2,94,30,0,126,0,0,0,126
06/22/2019,HYA,MA,ANE,EN,Federal Contract Tower,2,13,8,0,23,0,74,79,0,153,2,87,87,0,176,30,0,30,206
06/23/2019,HYA,MA,ANE,EN,Federal Contract Tower,2,31,15,0,48,0,0,0,0,0,2,31,15,0,48,42,0,42,90
06/24/2019,HYA,MA,ANE,EN,Federal Contract Tower,2,34,13,1,50,0,99,86,2,187,2,133,99,3,237,34,0,34,271
06/25/2019,HYA,MA,ANE,EN,Federal Contract Tower,2,67,14,0,83,0,9,12,0,21,2,76,26,0,104,0,0,0,104
07/01/2019,HYA,MA,ANE,EN,Federal Contract Tower,2,31,22,0,55,0,92,83,0,175,2,123,105,0,230,14,4,18,248
07/02/2019,HYA,MA,ANE,EN,Federal Contract Tower,2,32,9,0,43,0,101,85,0,186,2,133,94,0,229,44,4,48,277
07/03/2019,HYA,MA,ANE,EN,Federal Contract Tower,2,60,23,0,85,0,94,94,0,188,2,154,117,0,273,34,0,34,307
07/04/2019,HYA,MA,ANE,EN,Federal Contract Tower,2,19,16,0,37,0,56,61,0,117,2,75,77,0,154,40,0,40,194
07/05/2019,HYA,MA,ANE,EN,Federal Contract Tower,2,63,32,0,97,0,52,48,0,100,2,115,80,0,197,24,0,24,221
07/06/2019,HYA,MA,ANE,EN,Federal Contract Tower,2,74,25,0,101,0,11,9,0,20,2,85,34,0,121,0,0,0,121
07/07/2019,HYA,MA,ANE,EN,Federal Contract Tower,2,49,40,0,91,0,81,82,0,163,2,130,122,0,254,22,0,22,276
07/08/2019,HYA,MA,ANE,EN,Federal Contract Tower,2,37,16,0,55,0,93,84,0,177,2,130,100,0,232,38,28,66,298
07/09/2019,HYA,MA,ANE,EN,Federal Contract Tower,2,33,7,0,42,0,104,92,0,196,2,137,99,0,238,38,0,38,276
07/10/2019,HYA,MA,ANE,EN,Federal Contract Tower,2,35,20,0,57,0,94,69,0,163,2,129,89,0,220,70,2,72,292
07/11/2019,HYA,MA,ANE,EN,Federal Contract Tower,2,88,42,0,132,0,32,19,0,51,2,120,61,0,183,12,0,12,195
07/12/2019,HYA,MA,ANE,EN,Federal Contract Tower,2,83,34,0,119,0,33,26,0,59,2,116,60,0,178,6,0,6,184
07/13/2019,HYA,MA,ANE,EN,Federal Contract Tower,2,34,13,0,49,0,85,88,0,173,2,119,101,0,222,46,0,46,268
07/14/2019,HYA,MA,ANE,EN,Federal Contract Tower,2,51,14,0,67,0,83,83,0,166,2,134,97,0,233,34,0,34,267
07/15/2019,HYA,MA,ANE,EN,Federal Contract Tower,2,30,12,0,44,0,88,92,0,180,2,118,104,0,224,80,0,80,304
07/16/2019,HYA,MA,ANE,EN,Federal Contract Tower,2,10,10,0,22,0,109,88,4,201,2,119,98,4,223,26,0,26,249
07/17/2019,HYA,MA,ANE,EN,Federal Contract Tower,2,89,41,0,132,0,34,28,0,62,2,123,69,0,194,0,0,0,194
07/18/2019,HYA,MA,ANE,EN,Federal Contract Tower,2,106,62,0,170,0,0,0,0,0,2,106,62,0,170,0,0,0,170
07/19/2019,HYA,MA,ANE,EN,Federal Contract Tower,2,106,41,0,149,0,39,61,0,100,2,145,102,0,249,36,0,36,285
07/20/2019,HYA,MA,ANE,EN,Federal Contract Tower,2,25,24,0,51,0,0,0,0,0,2,25,24,0,51,80,0,80,131
07/21/2019,HYA,MA,ANE,EN,Federal Contract Tower,2,54,35,0,91,0,92,81,0,173,2,146,116,0,264,12,0,12,276
07/22/2019,HYA,MA,ANE,EN,Federal Contract Tower,2,50,19,0,71,0,68,60,0,128,2,118,79,0,199,8,0,8,207
07/23/2019,HYA,MA,ANE,EN,Federal Contract Tower,2,89,21,0,112,0,8,5,0,13,2,97,26,0,125,36,8,44,169
07/24/2019,HYA,MA,ANE,EN,Federal Contract Tower,2,55,21,0,78,0,75,62,0,137,2,130,83,0,215,12,4,16,231
07/25/2019,HYA,MA,ANE,EN,Federal Contract Tower,2,34,19,0,55,0,87,105,0,192,2,121,124,0,247,44,0,44,291
07/26/2019,HYA,MA,ANE,EN,Federal Contract Tower,2,42,33,0,77,0,95,82,0,177,2,137,115,0,254,36,0,36,290
07/27/2019,HYA,MA,ANE,EN,Federal Contract Tower,2,32,12,0,46,0,71,69,0,140,2,103,81,0,186,38,0,38,224
07/28/2019,HYA,MA,ANE,EN,Federal Contract Tower,2,34,15,0,51,0,77,80,0,157,2,111,95,0,208,10,0,10,218
07/29/2019,HYA,MA,ANE,EN,Federal Contract Tower,2,28,22,0,52,0,104,84,0,188,2,132,106,0,240,44,0,44,284
07/30/2019,HYA,MA,ANE,EN,Federal Contract Tower,2,60,25,0,87,0,77,73,0,150,2,137,98,0,237,66,0,66,303
07/31/2019,HYA,MA,ANE,EN,Federal Contract Tower,2,35,15,0,52,0,79,59,0,138,2,114,74,0,190,22,0,22,212
08/01/2019,HYA,MA,ANE,EN,Federal Contract Tower,2,56,26,0,84,0,78,86,0,164,2,134,112,0,248,44,4,48,296
08/02/2019,HYA,MA,ANE,EN,Federal Contract Tower,2,55,30,0,87,0,98,81,0,179,2,153,111,0,266,34,0,34,300
08/03/2019,HYA,MA,ANE,EN,Federal Contract Tower,2,37,21,0,60,0,78,81,0,159,2,115,102,0,219,58,0,58,277
08/04/2019,HYA,MA,ANE,EN,Federal Contract Tower,2,44,27,0,73,0,72,89,0,161,2,116,116,0,234,22,0,22,256
08/05/2019,HYA,MA,ANE,EN,Federal Contract Tower,2,30,17,0,49,0,91,86,0,177,2,121,103,0,226,48,0,48,274
08/06/2019,HYA,MA,ANE,EN,Federal Contract Tower,2,73,29,0,104,0,37,19,0,56,2,110,48,0,160,0,0,0,160
08/07/2019,HYA,MA,ANE,EN,Federal Contract Tower,2,41,23,0,66,0,69,48,0,117,2,110,71,0,183,14,4,18,201
08/08/2019,HYA,MA,ANE,EN,Federal Contract Tower,2,51,28,0,81,0,99,87,0,186,2,150,115,0,267,42,0,42,309
08/09/2019,HYA,MA,ANE,EN,Federal Contract Tower,2,33,31,3,69,0,87,87,0,174,2,120,118,3,243,34,4,38,281
08/10/2019,HYA,MA,ANE,EN,Federal Contract Tower,2,45,26,0,73,0,79,92,0,171,2,124,118,0,244,56,0,56,300
08/11/2019,HYA,MA,ANE,EN,Federal Contract Tower,2,34,23,0,59,0,84,84,0,168,2,118,107,0,227,28,0,28,255
08/12/2019,HYA,MA,ANE,EN,Federal Contract Tower,2,30,19,1,52,0,96,90,0,186,2,126,109,1,238,24,0,24,262
08/13/2019,HYA,MA,ANE,EN,Federal Contract Tower,2,56,16,4,78,0,68,49,0,117,2,124,65,4,195,18,22,40,235
08/14/2019,HYA,MA,ANE,EN,Federal Contract Tower,2,89,55,0,146,0,0,0,0,0,2,89,55,0,146,0,0,0,146
08/15/2019,HYA,MA,ANE,EN,Federal Contract Tower,2,73,28,0,103,0,71,58,0,129,2,144,86,0,232,12,0,12,244
08/16/2019,HYA,MA,ANE,EN,Federal Contract Tower,2,105,54,0,161,0,46,40,2,88,2,151,94,2,249,22,0,22,271
08/17/2019,HYA,MA,ANE,EN,Federal Contract Tower,2,78,59,0,139,0,37,29,0,66,2,115,88,0,205,8,0,8,213
08/18/2019,HYA,MA,ANE,EN,Federal Contract Tower,2,83,28,0,113,0,28,27,0,55,2,111,55,0,168,8,0,8,176
08/19/2019,HYA,MA,ANE,EN,Federal Contract Tower,2,97,50,0,149,0,66,59,0,125,2,163,109,0,274,32,0,32,306
08/20/2019,HYA,MA,ANE,EN,Federal Contract Tower,2,31,23,0,56,0,96,79,0,175,2,127,102,0,231,40,0,40,271
08/21/2019,HYA,MA,ANE,EN,Federal Contract Tower,3,13,33,0,49,0,73,70,0,143,3,86,103,0,192,16,0,16,208
08/22/2019,HYA,MA,ANE,EN,Federal Contract Tower,2,71,21,1,95,0,66,65,0,131,2,137,86,1,226,38,0,38,264
08/23/2019,HYA,MA,ANE,EN,Federal Contract Tower,2,51,25,0,78,0,82,82,0,164,2,133,107,0,242,42,0,42,284
08/24/2019,HYA,MA,ANE,EN,Federal Contract Tower,3,33,13,0,49,0,73,70,0,143,3,106,83,0,192,16,0,16,208
08/25/2019,HYA,MA,ANE,EN,Federal Contract Tower,2,52,25,0,79,0,68,59,0,127,2,120,84,0,206,10,0,10,216
08/26/2019,HYA,MA,ANE,EN,Federal Contract Tower,2,31,26,0,59,0,89,72,0,161,2,120,98,0,220,2,0,2,222
08/27/2019,HYA,MA,ANE,EN,Federal Contract Tower,2,35,22,0,59,0,92,73,0,165,2,127,95,0,224,4,0,4,228
08/28/2019,HYA,MA,ANE,EN,Federal Contract Tower,2,62,27,0,91,0,36,33,0,69,2,98,60,0,160,10,0,10,170
08/29/2019,HYA,MA,ANE,EN,Federal Contract Tower,2,57,49,0,108,0,56,59,0,115,2,113,108,0,223,22,0,22,245
08/30/2019,HYA,MA,ANE,EN,Federal Contract Tower,2,38,28,0,68,0,94,80,0,174,2,132,108,0,242,18,0,18,260
08/31/2019,HYA,MA,ANE,EN,Federal Contract Tower,2,30,18,0,50,0,75,67,0,142,2,105,85,0,192,58,0,58,250
09/01/2019,HYA,MA,ANE,EN,Federal Contract Tower,2,18,13,0,33,0,67,62,0,129,2,85,75,0,162,30,0,30,192
09/02/2019,HYA,MA,ANE,EN,Federal Contract Tower,2,46,26,0,74,0,71,54,0,125,2,117,80,0,199,28,0,28,227
09/03/2019,HYA,MA,ANE,EN,Federal Contract Tower,2,35,23,0,60,0,95,74,0,169,2,130,97,0,229,46,0,46,275
09/04/2019,HYA,MA,ANE,EN,Federal Contract Tower,0,64,26,0,90,0,48,24,0,72,0,112,50,0,162,24,0,24,186
09/05/2019,HYA,MA,ANE,EN,Federal Contract Tower,0,19,10,0,29,0,77,67,0,144,0,96,77,0,173,114,0,114,287
09/06/2019,HYA,MA,ANE,EN,Federal Contract Tower,0,53,20,0,73,0,64,41,0,105,0,117,61,0,178,0,0,0,178
09/07/2019,HYA,MA,ANE,EN,Federal Contract Tower,0,12,1,0,13,0,34,18,0,52,0,46,19,0,65,0,0,0,65
09/08/2019,HYA,MA,ANE,EN,Federal Contract Tower,0,17,20,0,37,0,76,80,0,156,0,93,100,0,193,34,0,34,227
09/09/2019,HYA,MA,ANE,EN,Federal Contract Tower,0,22,17,0,39,0,95,77,0,172,0,117,94,0,211,30,0,30,241
09/10/2019,HYA,MA,ANE,EN,Federal Contract Tower,0,23,12,0,35,0,101,71,0,172,0,124,83,0,207,38,0,38,245
09/11/2019,HYA,MA,ANE,EN,Federal Contract Tower,0,21,8,0,29,0,94,70,0,164,0,115,78,0,193,28,0,28,221
09/14/2019,HYA,MA,ANE,EN,Federal Contract Tower,0,15,5,0,20,0,61,57,0,118,0,76,62,0,138,24,0,24,162
09/15/2019,HYA,MA,ANE,EN,Federal Contract Tower,0,38,15,0,53,0,62,56,0,118,0,100,71,0,171,10,0,10,181
09/16/2019,HYA,MA,ANE,EN,Federal Contract Tower,0,10,11,0,21,0,89,65,0,154,0,99,76,0,175,28,0,28,203
09/17/2019,HYA,MA,ANE,EN,Federal Contract Tower,0,19,20,0,39,0,93,74,0,167,0,112,94,0,206,64,0,64,270
09/18/2019,HYA,MA,ANE,EN,Federal Contract Tower,0,38,18,0,56,0,90,63,0,153,0,128,81,0,209,22,0,22,231
09/19/2019,HYA,MA,ANE,EN,Federal Contract Tower,0,23,6,0,29,0,97,77,0,174,0,120,83,0,203,86,0,86,289
09/20/2019,HYA,MA,ANE,EN,Federal Contract Tower,0,28,5,0,33,0,96,75,0,171,0,124,80,0,204,36,0,36,240
09/21/2019,HYA,MA,ANE,EN,Federal Contract Tower,0,18,8,0,26,0,64,75,0,139,0,82,83,0,165,16,0,16,181
09/22/2019,HYA,MA,ANE,EN,Federal Contract Tower,0,34,11,0,45,0,61,50,0,111,0,95,61,0,156,8,0,8,164
09/23/2019,HYA,MA,ANE,EN,Federal Contract Tower,0,32,4,0,36,0,81,59,0,140,0,113,63,0,176,18,2,20,196
09/24/2019,HYA,MA,ANE,EN,Federal Contract Tower,0,19,7,0,26,0,91,53,0,144,0,110,60,0,170,60,0,60,230
09/25/2019,HYA,MA,ANE,EN,Federal Contract Tower,0,19,7,0,26,0,93,63,0,156,0,112,70,0,182,32,0,32,214
09/26/2019,HYA,MA,ANE,EN,Federal Contract Tower,0,25,11,0,36,0,74,62,0,136,0,99,73,0,172,23,0,23,195
09/27/2019,HYA,MA,ANE,EN,Federal Contract Tower,0,20,16,0,36,0,87,68,5,160,0,107,84,5,196,10,0,10,206
09/28/2019,HYA,MA,ANE,EN,Federal Contract Tower,0,12,6,0,18,0,77,70,6,153,0,89,76,6,171,28,0,28,199
09/29/2019,HYA,MA,ANE,EN,Federal Contract Tower,0,23,21,0,44,0,74,69,0,143,0,97,90,0,187,8,0,8,195
09/30/2019,HYA,MA,ANE,EN,Federal Contract Tower,0,18,5,0,23,0,96,69,0,165,0,114,74,0,188,106,0,106,294
10/01/2019,HYA,MA,ANE,EN,Federal Contract Tower,0,14,17,0,31,0,91,70,0,161,0,105,87,0,192,18,0,18,210
10/02/2019,HYA,MA,ANE,EN,Federal Contract Tower,0,35,14,0,49,0,77,52,0,129,0,112,66,0,178,36,0,36,214
10/03/2019,HYA,MA,ANE,EN,Federal Contract Tower,0,25,13,0,38,0,86,68,0,154,0,111,81,0,192,42,0,42,234
10/04/2019,HYA,MA,ANE,EN,Federal Contract Tower,0,56,22,0,78,0,62,49,0,111,0,118,71,0,189,32,0,32,221
10/05/2019,HYA,MA,ANE,EN,Federal Contract Tower,0,17,9,0,26,0,66,55,0,121,0,83,64,0,147,24,0,24,171
10/06/2019,HYA,MA,ANE,EN,Federal Contract Tower,0,5,13,0,18,0,59,63,0,122,0,64,76,0,140,24,0,24,164
10/07/2019,HYA,MA,ANE,EN,Federal Contract Tower,0,19,12,0,31,0,87,62,0,149,0,106,74,0,180,46,0,46,226
10/08/2019,HYA,MA,ANE,EN,Federal Contract Tower,0,55,14,0,69,0,68,45,0,113,0,123,59,0,182,4,0,4,186
10/09/2019,HYA,MA,ANE,EN,Federal Contract Tower,0,68,21,3,92,0,17,9,0,26,0,85,30,3,118,0,0,0,118
10/10/2019,HYA,MA,ANE,EN,Federal Contract Tower,0,10,4,0,14,0,1,0,0,1,0,11,4,0,15,0,0,0,15
10/11/2019,HYA,MA,ANE,EN,Federal Contract Tower,0,28,19,0,47,0,0,0,0,0,0,28,19,0,47,0,0,0,47
10/12/2019,HYA,MA,ANE,EN,Federal Contract Tower,0,64,18,0,82,0,0,0,0,0,0,64,18,0,82,0,0,0,82
10/13/2019,HYA,MA,ANE,EN,Federal Contract Tower,0,12,10,0,22,0,67,63,2,132,0,79,73,2,154,46,0,46,200
10/14/2019,HYA,MA,ANE,EN,Federal Contract Tower,0,51,30,0,81,0,12,9,0,21,0,63,39,0,102,0,0,0,102
10/15/2019,HYA,MA,ANE,EN,Federal Contract Tower,0,18,6,0,24,0,88,80,2,170,0,106,86,2,194,46,0,46,240
10/16/2019,HYA,MA,ANE,EN,Federal Contract Tower,0,13,8,0,21,0,89,57,0,146,0,102,65,0,167,42,0,42,209
10/17/2019,HYA,MA,ANE,EN,Federal Contract Tower,0,6,0,0,6,0,0,0,0,0,0,6,0,0,6,0,0,0,6
10/18/2019,HYA,MA,ANE,EN,Federal Contract Tower,0,30,10,0,40,0,75,78,0,153,0,105,88,0,193,18,0,18,211
10/19/2019,HYA,MA,ANE,EN,Federal Contract Tower,0,14,8,0,22,0,65,72,0,137,0,79,80,0,159,48,0,48,207
10/20/2019,HYA,MA,ANE,EN,Federal Contract Tower,0,19,13,0,32,0,60,72,0,132,0,79,85,0,164,16,0,16,180
10/21/2019,HYA,MA,ANE,EN,Federal Contract Tower,0,24,33,0,57,0,50,53,0,103,0,74,86,0,160,35,0,35,195
10/22/2019,HYA,MA,ANE,EN,Federal Contract Tower,0,41,16,0,57,0,64,48,10,122,0,105,64,10,179,118,0,118,297
10/23/2019,HYA,MA,ANE,EN,Federal Contract Tower,0,48,25,0,73,0,40,23,0,63,0,88,48,0,136,32,0,32,168
10/24/2019,HYA,MA,ANE,EN,Federal Contract Tower,0,7,3,0,10,0,77,68,8,153,0,84,71,8,163,34,0,34,197
10/25/2019,HYA,MA,ANE,EN,Federal Contract Tower,0,18,15,0,33,0,54,71,0,125,0,72,86,0,158,44,0,44,202
10/26/2019,HYA,MA,ANE,EN,Federal Contract Tower,0,15,5,0,20,0,63,52,0,115,0,78,57,0,135,8,0,8,143
10/27/2019,HYA,MA,ANE,EN,Federal Contract Tower,0,15,7,0,22,0,9,9,0,18,0,24,16,0,40,0,0,0,40
10/28/2019,HYA,MA,ANE,EN,Federal Contract Tower,0,61,14,0,75,0,52,38,0,90,0,113,52,0,165,16,0,16,181
10/29/2019,HYA,MA,ANE,EN,Federal Contract Tower,0,42,15,0,57,0,69,48,0,117,0,111,63,0,174,86,0,86,260
10/30/2019,HYA,MA,ANE,EN,Federal Contract Tower,0,47,13,12,72,0,57,46,0,103,0,104,59,12,175,22,0,22,197
10/31/2019,HYA,MA,ANE,EN,Federal Contract Tower,0,53,23,0,76,0,23,23,0,46,0,76,46,0,122,7,0,7,129
11/01/2019,HYA,MA,ANE,EN,Federal Contract Tower,0,8,6,0,14,0,60,27,0,87,0,68,33,0,101,16,0,16,117
11/02/2019,HYA,MA,ANE,EN,Federal Contract Tower,0,5,4,3,12,0,54,87,0,141,0,59,91,3,153,24,0,24,177
11/03/2019,HYA,MA,ANE,EN,Federal Contract Tower,0,12,8,0,20,0,46,66,0,112,0,58,74,0,132,55,0,55,187
11/04/2019,HYA,MA,ANE,EN,Federal Contract Tower,0,3,2,0,5,0,93,76,0,169,0,96,78,0,174,40,0,40,214
11/05/2019,HYA,MA,ANE,EN,Federal Contract Tower,0,34,17,0,51,0,47,40,0,87,0,81,57,0,138,28,0,28,166
11/06/2019,HYA,MA,ANE,EN,Federal Contract Tower,0,10,3,0,13,0,86,65,0,151,0,96,68,0,164,68,0,68,232
11/07/2019,HYA,MA,ANE,EN,Federal Contract Tower,0,23,15,0,38,0,73,74,0,147,0,96,89,0,185,96,0,96,281
11/08/2019,HYA,MA,ANE,EN,Federal Contract Tower,0,25,5,0,30,0,62,52,0,114,0,87,57,0,144,0,0,0,144
11/09/2019,HYA,MA,ANE,EN,Federal Contract Tower,0,11,8,0,19,0,52,67,0,119,0,63,75,0,138,20,0,20,158
11/10/2019,HYA,MA,ANE,EN,Federal Contract Tower,0,6,11,0,17,0,55,70,5,130,0,61,81,5,147,30,0,30,177
11/11/2019,HYA,MA,ANE,EN,Federal Contract Tower,0,42,2,0,44,0,80,68,0,148,0,122,70,0,192,54,2,56,248
11/12/2019,HYA,MA,ANE,EN,Federal Contract Tower,0,24,10,0,34,0,44,32,0,76,0,68,42,0,110,24,0,24,134
11/13/2019,HYA,MA,ANE,EN,Federal Contract Tower,0,7,2,0,9,0,83,69,0,152,0,90,71,0,161,66,0,66,227
11/14/2019,HYA,MA,ANE,EN,Federal Contract Tower,0,14,5,0,19,0,69,63,0,132,0,83,68,0,151,18,0,18,169
11/15/2019,HYA,MA,ANE,EN,Federal Contract Tower,0,18,3,0,21,0,66,91,0,157,0,84,94,0,178,20,0,20,198
11/16/2019,HYA,MA,ANE,EN,Federal Contract Tower,0,12,2,0,14,0,54,60,0,114,0,66,62,0,128,2,0,2,130
11/17/2019,HYA,MA,ANE,EN,Federal Contract Tower,0,18,3,0,21,0,29,34,0,63,0,47,37,0,84,10,0,10,94
11/18/2019,HYA,MA,ANE,EN,Federal Contract Tower,0,40,26,0,66,0,0,0,0,0,0,40,26,0,66,0,0,0,66
11/19/2019,HYA,MA,ANE,EN,Federal Contract Tower,0,63,18,0,81,0,33,35,0,68,0,96,53,0,149,24,0,24,173
11/20/2019,HYA,MA,ANE,EN,Federal Contract Tower,0,72,18,0,90,0,13,9,0,22,0,85,27,0,112,0,0,0,112
11/21/2019,HYA,MA,ANE,EN,Federal Contract Tower,0,15,5,0,20,0,75,53,0,128,0,90,58,0,148,42,0,42,190
11/22/2019,HYA,MA,ANE,EN,Federal Contract Tower,0,36,10,0,46,0,56,49,0,105,0,92,59,0,151,0,0,0,151
11/23/2019,HYA,MA,ANE,EN,Federal Contract Tower,0,6,4,0,10,0,58,71,0,129,0,64,75,0,139,86,0,86,225
11/24/2019,HYA,MA,ANE,EN,Federal Contract Tower,0,17,3,2,22,0,0,0,0,0,0,17,3,2,22,0,0,0,22
11/25/2019,HYA,MA,ANE,EN,Federal Contract Tower,0,13,1,0,14,0,72,63,0,135,0,85,64,0,149,46,0,46,195
11/26/2019,HYA,MA,ANE,EN,Federal Contract Tower,43,14,0,0,57,0,99,94,0,193,43,113,94,0,250,66,0,66,316
11/27/2019,HYA,MA,ANE,EN,Federal Contract Tower,0,84,41,0,125,0,21,17,0,38,0,105,58,0,163,0,0,0,163
11/28/2019,HYA,MA,ANE,EN,Federal Contract Tower,0,18,1,0,19,0,33,5,0,38,0,51,6,0,57,0,0,0,57
11/29/2019,HYA,MA,ANE,EN,Federal Contract Tower,0,23,6,0,29,0,61,41,0,102,0,84,47,0,131,8,0,8,139
11/30/2019,HYA,MA,ANE,EN,Federal Contract Tower,0,9,7,0,16,0,45,59,0,104,0,54,66,0,120,20,0,20,140
12/01/2019,HYA,MA,ANE,EN,Federal Contract Tower,0,23,5,0,28,0,32,37,0,69,0,55,42,0,97,0,0,0,97
12/02/2019,HYA,MA,ANE,EN,Federal Contract Tower,0,40,10,0,50,0,3,6,0,9,0,43,16,0,59,0,0,0,59
12/03/2019,HYA,MA,ANE,EN,Federal Contract Tower,0,20,8,0,28,0,0,0,0,0,0,20,8,0,28,0,0,0,28
12/04/2019,HYA,MA,ANE,EN,Federal Contract Tower,0,24,19,0,43,0,89,65,4,158,0,113,84,4,201,46,0,46,247
12/05/2019,HYA,MA,ANE,EN,Federal Contract Tower,0,4,3,0,7,0,68,71,0,139,0,72,74,0,146,60,0,60,206
12/06/2019,HYA,MA,ANE,EN,Federal Contract Tower,0,10,8,0,18,0,48,63,0,111,0,58,71,0,129,56,0,56,185
12/07/2019,HYA,MA,ANE,EN,Federal Contract Tower,0,3,5,0,8,0,59,65,0,124,0,62,70,0,132,28,0,28,160
12/08/2019,HYA,MA,ANE,EN,Federal Contract Tower,0,10,6,0,16,0,61,57,0,118,0,71,63,0,134,18,0,18,152
12/09/2019,HYA,MA,ANE,EN,Federal Contract Tower,0,33,10,0,43,0,0,0,0,0,0,33,10,0,43,0,0,0,43
12/10/2019,HYA,MA,ANE,EN,Federal Contract Tower,0,52,17,0,69,0,0,0,0,0,0,52,17,0,69,0,0,0,69
12/11/2019,HYA,MA,ANE,EN,Federal Contract Tower,0,18,12,0,30,0,49,15,0,64,0,67,27,0,94,70,10,80,174
12/12/2019,HYA,MA,ANE,EN,Federal Contract Tower,0,7,6,0,13,0,65,67,0,132,0,72,73,0,145,70,0,70,215
12/13/2019,HYA,MA,ANE,EN,Federal Contract Tower,0,9,5,0,14,0,62,58,0,120,0,71,63,0,134,76,0,76,210
12/14/2019,HYA,MA,ANE,EN,Federal Contract Tower,0,23,2,0,25,0,0,0,0,0,0,23,2,0,25,0,0,0,25
12/15/2019,HYA,MA,ANE,EN,Federal Contract Tower,0,10,3,0,13,0,40,39,0,79,0,50,42,0,92,14,0,14,106
12/16/2019,HYA,MA,ANE,EN,Federal Contract Tower,0,15,4,0,19,0,72,78,0,150,0,87,82,0,169,96,0,96,265
12/17/2019,HYA,MA,ANE,EN,Federal Contract Tower,0,3,17,0,20,0,0,0,0,0,0,3,17,0,20,0,0,0,20
12/18/2019,HYA,MA,ANE,EN,Federal Contract Tower,0,16,7,0,23,0,68,21,0,89,0,84,28,0,112,46,0,46,158
12/19/2019,HYA,MA,ANE,EN,Federal Contract Tower,0,16,6,0,22,0,82,86,0,168,0,98,92,0,190,62,0,62,252
12/20/2019,HYA,MA,ANE,EN,Federal Contract Tower,0,14,8,0,22,0,87,46,0,133,0,101,54,0,155,44,0,44,199
12/21/2019,HYA,MA,ANE,EN,Federal Contract Tower,0,11,9,0,20,0,55,37,0,92,0,66,46,0,112,72,0,72,184
12/22/2019,HYA,MA,ANE,EN,Federal Contract Tower,0,16,7,0,23,0,43,42,0,85,0,59,49,0,108,40,0,40,148
12/23/2019,HYA,MA,ANE,EN,Federal Contract Tower,0,5,5,0,10,0,67,77,0,144,0,72,82,0,154,92,0,92,246
12/24/2019,HYA,MA,ANE,EN,Federal Contract Tower,0,13,2,0,15,0,45,45,0,90,0,58,47,0,105,0,0,0,105
12/25/2019,HYA,MA,ANE,EN,Federal Contract Tower,0,2,1,0,3,0,19,7,0,26,0,21,8,0,29,0,0,0,29
12/26/2019,HYA,MA,ANE,EN,Federal Contract Tower,0,28,1,0,29,0,74,60,0,134,0,102,61,0,163,78,0,78,241
12/27/2019,HYA,MA,ANE,EN,Federal Contract Tower,0,24,12,0,36,0,108,76,0,184,0,132,88,0,220,42,0,42,262
12/28/2019,HYA,MA,ANE,EN,Federal Contract Tower,0,22,13,0,35,0,70,79,0,149,0,92,92,0,184,22,0,22,206
12/29/2019,HYA,MA,ANE,EN,Federal Contract Tower,0,2,2,0,4,0,56,67,0,123,0,58,69,0,127,32,0,32,159
12/30/2019,HYA,MA,ANE,EN,Federal Contract Tower,0,10,14,0,24,0,7,8,0,15,0,17,22,0,39,0,0,0,39
12/31/2019,HYA,MA,ANE,EN,Federal Contract Tower,0,53,11,0,64,0,0,0,0,0,0,53,11,0,64,0,0,0,64
01/01/2020,HYA,MA,ANE,EN,Federal Contract Tower,0,19,4,0,23,0,62,21,0,83,0,81,25,0,106,40,0,40,146
01/02/2020,HYA,MA,ANE,EN,Federal Contract Tower,0,16,4,0,20,0,69,47,7,123,0,85,51,7,143,73,0,73,216
01/03/2020,HYA,MA,ANE,EN,Federal Contract Tower,0,25,15,0,40,0,60,48,0,108,0,85,63,0,148,16,0,16,164
01/04/2020,HYA,MA,ANE,EN,Federal Contract Tower,0,18,9,0,27,0,5,3,0,8,0,23,12,0,35,0,0,0,35
01/05/2020,HYA,MA,ANE,EN,Federal Contract Tower,0,6,7,0,13,0,43,46,0,89,0,49,53,0,102,8,0,8,110
01/06/2020,HYA,MA,ANE,EN,Federal Contract Tower,0,13,2,0,15,0,65,69,0,134,0,78,71,0,149,58,0,58,207
01/07/2020,HYA,MA,ANE,EN,Federal Contract Tower,0,11,3,0,14,0,80,73,0,153,0,91,76,0,167,72,6,78,245
01/08/2020,HYA,MA,ANE,EN,Federal Contract Tower,0,8,4,0,12,0,67,35,0,102,0,75,39,0,114,70,0,70,184
01/09/2020,HYA,MA,ANE,EN,Federal Contract Tower,0,11,5,0,16,0,62,58,0,120,0,73,63,0,136,66,0,66,202
01/10/2020,HYA,MA,ANE,EN,Federal Contract Tower,0,12,2,0,14,0,78,65,0,143,0,90,67,0,157,102,0,102,259
01/11/2020,HYA,MA,ANE,EN,Federal Contract Tower,0,9,7,0,16,0,45,28,0,73,0,54,35,0,89,2,0,2,91
01/12/2020,HYA,MA,ANE,EN,Federal Contract Tower,0,4,8,0,12,0,29,34,0,63,0,33,42,0,75,0,0,0,75
01/13/2020,HYA,MA,ANE,EN,Federal Contract Tower,0,27,17,0,44,0,36,34,0,70,0,63,51,0,114,0,0,0,114
01/14/2020,HYA,MA,ANE,EN,Federal Contract Tower,0,46,13,0,59,0,24,16,0,40,0,70,29,0,99,18,0,18,117
01/15/2020,HYA,MA,ANE,EN,Federal Contract Tower,0,21,8,0,29,0,69,65,0,134,0,90,73,0,163,90,0,90,253
01/16/2020,HYA,MA,ANE,EN,Federal Contract Tower,0,11,7,0,18,0,29,26,0,55,0,40,33,0,73,0,0,0,73
01/17/2020,HYA,MA,ANE,EN,Federal Contract Tower,0,6,4,0,10,0,35,43,0,78,0,41,47,0,88,6,0,6,94
01/18/2020,HYA,MA,ANE,EN,Federal Contract Tower,0,4,0,0,4,0,37,27,0,64,0,41,27,0,68,14,0,14,82
01/19/2020,HYA,MA,ANE,EN,Federal Contract Tower,0,7,0,0,7,0,29,30,0,59,0,36,30,0,66,4,0,4,70
01/20/2020,HYA,MA,ANE,EN,Federal Contract Tower,0,18,11,0,29,0,52,51,0,103,0,70,62,0,132,20,0,20,152
01/21/2020,HYA,MA,ANE,EN,Federal Contract Tower,0,10,5,0,15,0,70,58,0,128,0,80,63,0,143,12,0,12,155
01/22/2020,HYA,MA,ANE,EN,Federal Contract Tower,0,27,4,0,31,0,85,74,0,159,0,112,78,0,190,44,0,44,234
01/23/2020,HYA,MA,ANE,EN,Federal Contract Tower,0,5,5,0,10,0,84,52,0,136,0,89,57,0,146,40,0,40,186
01/24/2020,HYA,MA,ANE,EN,Federal Contract Tower,0,8,2,0,10,0,66,68,0,134,0,74,70,0,144,42,0,42,186
01/25/2020,HYA,MA,ANE,EN,Federal Contract Tower,0,25,8,0,33,0,1,0,0,1,0,26,8,0,34,0,0,0,34
01/26/2020,HYA,MA,ANE,EN,Federal Contract Tower,0,10,3,0,13,0,32,47,0,79,0,42,50,0,92,8,0,8,100
01/27/2020,HYA,MA,ANE,EN,Federal Contract Tower,0,50,12,0,62,0,70,74,0,144,0,120,86,0,206,70,0,70,276
01/28/2020,HYA,MA,ANE,EN,Federal Contract Tower,0,0,0,0,0,0,70,74,0,144,0,70,74,0,144,70,0,70,214
01/29/2020,HYA,MA,ANE,EN,Federal Contract Tower,0,7,23,0,30,0,86,58,0,144,0,93,81,0,174,80,0,80,254
01/30/2020,HYA,MA,ANE,EN,Federal Contract Tower,0,12,11,0,23,0,71,50,0,121,0,83,61,0,144,48,0,48,192
01/31/2020,HYA,MA,ANE,EN,Federal Contract Tower,0,13,6,0,19,0,70,69,0,139,0,83,75,0,158,46,0,46,204
02/01/2020,HYA,MA,ANE,EN,Federal Contract Tower,0,18,5,0,23,0,18,15,0,33,0,36,20,0,56,0,0,0,56
02/02/2020,HYA,MA,ANE,EN,Federal Contract Tower,0,0,4,0,4,0,51,59,0,110,0,51,63,0,114,22,0,22,136
02/03/2020,HYA,MA,ANE,EN,Federal Contract Tower,0,5,3,0,8,0,70,74,0,144,0,75,77,0,152,48,0,48,200
02/04/2020,HYA,MA,ANE,EN,Federal Contract Tower,0,14,6,0,20,0,68,44,0,112,0,82,50,0,132,80,0,80,212
02/05/2020,HYA,MA,ANE,EN,Federal Contract Tower,0,12,5,0,17,0,68,47,0,115,0,80,52,0,132,74,0,74,206
02/06/2020,HYA,MA,ANE,EN,Federal Contract Tower,0,30,22,0,52,0,0,0,0,0,0,30,22,0,52,0,0,0,52
02/07/2020,HYA,MA,ANE,EN,Federal Contract Tower,0,8,12,0,20,0,1,1,0,2,0,9,13,0,22,0,0,0,22
02/08/2020,HYA,MA,ANE,EN,Federal Contract Tower,0,13,4,0,17,0,43,36,0,79,0,56,40,0,96,26,2,28,124
02/09/2020,HYA,MA,ANE,EN,Federal Contract Tower,0,0,1,0,1,0,51,58,0,109,0,51,59,0,110,14,0,14,124
02/10/2020,HYA,MA,ANE,EN,Federal Contract Tower,0,46,1,0,47,0,50,54,0,104,0,96,55,0,151,30,0,30,181
02/11/2020,HYA,MA,ANE,EN,Federal Contract Tower,0,29,18,0,47,0,0,0,0,0,0,29,18,0,47,0,0,0,47
02/12/2020,HYA,MA,ANE,EN,Federal Contract Tower,0,44,14,0,58,0,91,86,2,179,0,135,100,2,237,90,0,90,327
02/13/2020,HYA,MA,ANE,EN,Federal Contract Tower,0,61,21,0,82,0,0,0,0,0,0,61,21,0,82,0,0,0,82
02/14/2020,HYA,MA,ANE,EN,Federal Contract Tower,0,26,6,0,32,0,77,57,0,134,0,103,63,0,166,50,0,50,216
02/15/2020,HYA,MA,ANE,EN,Federal Contract Tower,0,12,2,0,14,0,45,64,0,109,0,57,66,0,123,38,0,38,161
02/16/2020,HYA,MA,ANE,EN,Federal Contract Tower,0,2,4,0,6,0,38,54,0,92,0,40,58,0,98,34,0,34,132
02/17/2020,HYA,MA,ANE,EN,Federal Contract Tower,0,8,9,1,18,0,56,84,0,140,0,64,93,1,158,50,0,50,208
02/18/2020,HYA,MA,ANE,EN,Federal Contract Tower,0,27,3,0,30,0,38,36,2,76,0,65,39,2,106,8,12,20,126
02/19/2020,HYA,MA,ANE,EN,Federal Contract Tower,0,23,8,0,31,0,79,52,0,131,0,102,60,0,162,102,12,114,276
02/20/2020,HYA,MA,ANE,EN,Federal Contract Tower,0,28,3,0,31,0,69,66,0,135,0,97,69,0,166,22,0,22,188
02/21/2020,HYA,MA,ANE,EN,Federal Contract Tower,0,29,3,0,32,0,53,61,0,114,0,82,64,0,146,54,0,54,200
02/22/2020,HYA,MA,ANE,EN,Federal Contract Tower,0,2,8,0,10,0,52,65,0,117,0,54,73,0,127,52,0,52,179
02/23/2020,HYA,MA,ANE,EN,Federal Contract Tower,0,5,5,0,10,0,43,65,0,108,0,48,70,0,118,36,0,36,154
02/24/2020,HYA,MA,ANE,EN,Federal Contract Tower,0,18,0,0,18,0,68,76,0,144,0,86,76,0,162,94,0,94,256
02/25/2020,HYA,MA,ANE,EN,Federal Contract Tower,0,64,24,0,88,0,10,5,0,15,0,74,29,0,103,0,0,0,103
02/26/2020,HYA,MA,ANE,EN,Federal Contract Tower,0,56,18,0,74,0,0,0,0,0,0,56,18,0,74,0,0,0,74
02/27/2020,HYA,MA,ANE,EN,Federal Contract Tower,0,15,11,0,26,0,23,24,0,47,0,38,35,0,73,0,0,0,73
02/28/2020,HYA,MA,ANE,EN,Federal Contract Tower,0,21,5,0,26,0,76,58,0,134,0,97,63,0,160,70,0,70,230
02/29/2020,HYA,MA,ANE,EN,Federal Contract Tower,0,3,3,0,6,0,56,65,0,121,0,59,68,0,127,44,0,44,171
03/01/2020,HYA,MA,ANE,EN,Federal Contract Tower,0,3,5,0,8,0,51,72,0,123,0,54,77,0,131,62,0,62,193
03/02/2020,HYA,MA,ANE,EN,Federal Contract Tower,0,4,4,0,8,0,71,75,0,146,0,75,79,0,154,16,0,16,170
03/03/2020,HYA,MA,ANE,EN,Federal Contract Tower,0,12,14,0,26,0,62,56,0,118,0,74,70,0,144,62,0,62,206
03/04/2020,HYA,MA,ANE,EN,Federal Contract Tower,0,20,3,0,23,0,76,39,0,115,0,96,42,0,138,38,0,38,176
03/05/2020,HYA,MA,ANE,EN,Federal Contract Tower,0,11,3,0,14,0,81,56,0,137,0,92,59,0,151,58,0,58,209
03/06/2020,HYA,MA,ANE,EN,Federal Contract Tower,0,17,5,0,22,0,65,52,0,117,0,82,57,0,139,44,24,68,207
03/07/2020,HYA,MA,ANE,EN,Federal Contract Tower,1,2,4,0,7,0,8,2,0,10,1,10,6,0,17,0,0,0,17
03/08/2020,HYA,MA,ANE,EN,Federal Contract Tower,0,2,4,0,6,0,44,64,0,108,0,46,68,0,114,34,0,34,148
03/09/2020,HYA,MA,ANE,EN,Federal Contract Tower,0,2,1,0,3,0,63,72,0,135,0,65,73,0,138,90,0,90,228
03/10/2020,HYA,MA,ANE,EN,Federal Contract Tower,0,15,2,0,17,0,77,56,0,133,0,92,58,0,150,64,0,64,214
03/11/2020,HYA,MA,ANE,EN,Federal Contract Tower,0,15,10,0,25,0,84,67,0,151,0,99,77,0,176,56,6,62,238
03/12/2020,HYA,MA,ANE,EN,Federal Contract Tower,0,21,2,0,23,0,70,62,0,132,0,91,64,0,155,54,0,54,209
03/13/2020,HYA,MA,ANE,EN,Federal Contract Tower,0,30,16,0,46,0,15,8,0,23,0,45,24,0,69,0,0,0,69
03/14/2020,HYA,MA,ANE,EN,Federal Contract Tower,0,4,5,0,9,0,30,29,0,59,0,34,34,0,68,24,0,24,92
03/15/2020,HYA,MA,ANE,EN,Federal Contract Tower,0,3,4,0,7,0,45,56,0,101,0,48,60,0,108,54,0,54,162
03/16/2020,HYA,MA,ANE,EN,Federal Contract Tower,0,4,2,0,6,0,65,63,0,128,0,69,65,0,134,44,0,44,178
03/17/2020,HYA,MA,ANE,EN,Federal Contract Tower,0,66,6,0,72,0,2,1,0,3,0,68,7,0,75,0,0,0,75
03/18/2020,HYA,MA,ANE,EN,Federal Contract Tower,0,23,6,0,29,0,79,70,0,149,0,102,76,0,178,80,0,80,258
03/19/2020,HYA,MA,ANE,EN,Federal Contract Tower,0,46,7,0,53,0,7,7,0,14,0,53,14,0,67,0,0,0,67
03/20/2020,HYA,MA,ANE,EN,Federal Contract Tower,0,21,2,0,23,0,0,0,0,0,0,21,2,0,23,0,0,0,23
03/21/2020,HYA,MA,ANE,EN,Federal Contract Tower,0,18,4,0,22,0,53,33,0,86,0,71,37,0,108,62,0,62,170
03/22/2020,HYA,MA,ANE,EN,Federal Contract Tower,0,12,3,0,15,0,52,48,0,100,0,64,51,0,115,52,0,52,167
03/23/2020,HYA,MA,ANE,EN,Federal Contract Tower,0,29,2,0,31,0,55,28,0,83,0,84,30,0,114,0,0,0,114
03/24/2020,HYA,MA,ANE,EN,Federal Contract Tower,0,41,5,0,46,0,35,21,0,56,0,76,26,0,102,48,0,48,150
03/25/2020,HYA,MA,ANE,EN,Federal Contract Tower,0,21,0,0,21,0,62,15,0,77,0,83,15,0,98,28,0,28,126
03/26/2020,HYA,MA,ANE,EN,Federal Contract Tower,0,37,0,0,37,0,36,27,0,63,0,73,27,0,100,52,0,52,152
03/27/2020,HYA,MA,ANE,EN,Federal Contract Tower,0,6,0,0,6,0,28,33,0,61,0,34,33,0,67,4,0,4,71
03/28/2020,HYA,MA,ANE,EN,Federal Contract Tower,0,7,1,0,8,0,45,56,0,101,0,52,57,0,109,36,0,36,145
03/29/2020,HYA,MA,ANE,EN,Federal Contract Tower,0,8,0,0,8,0,1,0,0,1,0,9,0,0,9,0,0,0,9
03/30/2020,HYA,MA,ANE,EN,Federal Contract Tower,0,49,2,0,51,0,0,0,0,0,0,49,2,0,51,0,0,0,51
03/31/2020,HYA,MA,ANE,EN,Federal Contract Tower,0,29,1,0,30,0,51,13,0,64,0,80,14,0,94,70,0,70,164
04/01/2020,HYA,MA,ANE,EN,Federal Contract Tower,0,29,5,0,34,0,44,22,0,66,0,73,27,0,100,32,0,32,132
04/02/2020,HYA,MA,ANE,EN,Federal Contract Tower,0,46,0,0,46,0,8,5,0,13,0,54,5,0,59,0,0,0,59
04/03/2020,HYA,MA,ANE,EN,Federal Contract Tower,0,1,0,0,1,0,0,0,0,0,0,1,0,0,1,0,0,0,1
04/04/2020,HYA,MA,ANE,EN,Federal Contract Tower,0,43,0,0,43,0,8,5,0,13,0,51,5,0,56,0,0,0,56
04/05/2020,HYA,MA,ANE,EN,Federal Contract Tower,0,12,1,0,13,0,59,34,0,93,0,71,35,0,106,10,0,10,116
04/06/2020,HYA,MA,ANE,EN,Federal Contract Tower,0,6,5,0,11,0,67,35,0,102,0,73,40,0,113,46,0,46,159
04/07/2020,HYA,MA,ANE,EN,Federal Contract Tower,0,28,2,0,30,0,48,39,0,87,0,76,41,0,117,18,0,18,135
04/08/2020,HYA,MA,ANE,EN,Federal Contract Tower,0,23,5,0,28,0,30,16,0,46,0,53,21,0,74,18,0,18,92
04/09/2020,HYA,MA,ANE,EN,Federal Contract Tower,0,20,8,0,28,0,0,2,0,2,0,20,10,0,30,0,0,0,30
04/10/2020,HYA,MA,ANE,EN,Federal Contract Tower,0,9,1,0,10,0,52,19,0,71,0,61,20,0,81,0,0,0,81
04/11/2020,HYA,MA,ANE,EN,Federal Contract Tower,0,2,0,0,2,0,38,16,0,54,0,40,16,0,56,4,0,4,60
04/12/2020,HYA,MA,ANE,EN,Federal Contract Tower,0,4,1,0,5,0,29,51,0,80,0,33,52,0,85,2,0,2,87
04/13/2020,HYA,MA,ANE,EN,Federal Contract Tower,0,11,0,0,11,0,8,0,0,8,0,19,0,0,19,8,0,8,27
04/14/2020,HYA,MA,ANE,EN,Federal Contract Tower,0,6,0,0,6,0,52,42,0,94,0,58,42,0,100,34,0,34,134
04/15/2020,HYA,MA,ANE,EN,Federal Contract Tower,0,21,3,0,24,0,46,26,0,72,0,67,29,0,96,34,0,34,130
04/16/2020,HYA,MA,ANE,EN,Federal Contract Tower,0,8,3,0,11,0,54,24,0,78,0,62,27,0,89,84,0,84,173
04/17/2020,HYA,MA,ANE,EN,Federal Contract Tower,0,7,1,0,8,0,32,10,0,42,0,39,11,0,50,12,0,12,62
04/18/2020,HYA,MA,ANE,EN,Federal Contract Tower,0,11,2,0,13,0,0,0,0,0,0,11,2,0,13,0,0,0,13
04/20/2020,HYA,MA,ANE,EN,Federal Contract Tower,0,11,1,0,12,0,48,14,0,62,0,59,15,0,74,34,0,34,108
04/22/2020,HYA,MA,ANE,EN,Federal Contract Tower,0,30,2,0,32,0,37,8,0,45,0,67,10,0,77,40,0,40,117
04/23/2020,HYA,MA,ANE,EN,Federal Contract Tower,0,15,10,0,25,0,55,37,0,92,0,70,47,0,117,24,0,24,141
04/24/2020,HYA,MA,ANE,EN,Federal Contract Tower,0,35,8,0,43,0,0,0,0,0,0,35,8,0,43,0,0,0,43
04/25/2020,HYA,MA,ANE,EN,Federal Contract Tower,0,14,3,0,17,0,60,69,0,129,0,74,72,0,146,42,0,42,188
04/26/2020,HYA,MA,ANE,EN,Federal Contract Tower,0,5,0,0,5,0,19,10,0,29,0,24,10,0,34,34,0,34,68
04/27/2020,HYA,MA,ANE,EN,Federal Contract Tower,0,22,11,0,33,0,0,0,0,0,0,22,11,0,33,0,0,0,33
04/28/2020,HYA,MA,ANE,EN,Federal Contract Tower,0,50,6,0,56,0,29,33,0,62,0,79,39,0,118,4,0,4,122
04/29/2020,HYA,MA,ANE,EN,Federal Contract Tower,0,20,12,0,32,0,52,59,0,111,0,72,71,0,143,80,0,80,223
04/30/2020,HYA,MA,ANE,EN,Federal Contract Tower,0,44,3,2,49,0,32,20,0,52,0,76,23,2,101,16,30,46,147
05/02/2020,HYA,MA,ANE,EN,Federal Contract Tower,0,5,1,0,6,0,36,33,0,69,0,41,34,0,75,0,23,23,98
05/03/2020,HYA,MA,ANE,EN,Federal Contract Tower,0,4,5,0,9,0,23,30,0,53,0,27,35,0,62,6,12,18,80
05/04/2020,HYA,MA,ANE,EN,Federal Contract Tower,0,11,8,0,19,0,67,46,0,113,0,78,54,0,132,44,0,44,176
05/05/2020,HYA,MA,ANE,EN,Federal Contract Tower,0,10,0,0,10,0,45,44,0,89,0,55,44,0,99,32,0,32,131
05/06/2020,HYA,MA,ANE,EN,Federal Contract Tower,0,25,2,0,27,0,55,37,0,92,0,80,39,0,119,20,0,20,139
05/08/2020,HYA,MA,ANE,EN,Federal Contract Tower,0,14,1,0,15,0,42,25,0,67,0,56,26,0,82,4,0,4,86
05/09/2020,HYA,MA,ANE,EN,Federal Contract Tower,0,6,2,0,8,0,19,2,0,21,0,25,4,0,29,0,0,0,29
05/11/2020,HYA,MA,ANE,EN,Federal Contract Tower,0,9,3,0,12,0,39,27,0,66,0,48,30,0,78,34,2,36,114
05/12/2020,HYA,MA,ANE,EN,Federal Contract Tower,0,8,1,0,9,0,38,27,0,65,0,46,28,0,74,20,0,20,94
05/13/2020,HYA,MA,ANE,EN,Federal Contract Tower,0,19,9,0,28,0,62,37,0,99,0,81,46,0,127,16,2,18,145
05/14/2020,HYA,MA,ANE,EN,Federal Contract Tower,0,11,8,0,19,0,61,56,0,117,0,72,64,0,136,46,0,46,182
05/15/2020,HYA,MA,ANE,EN,Federal Contract Tower,0,20,11,0,31,0,29,15,0,44,0,49,26,0,75,4,0,4,79
05/16/2020,HYA,MA,ANE,EN,Federal Contract Tower,0,16,9,0,25,0,24,21,0,45,0,40,30,0,70,33,2,35,105
05/17/2020,HYA,MA,ANE,EN,Federal Contract Tower,0,7,5,0,12,0,15,41,0,56,0,22,46,0,68,0,0,0,68
05/18/2020,HYA,MA,ANE,EN,Federal Contract Tower,0,9,9,0,18,0,41,48,0,89,0,50,57,0,107,30,0,30,137
05/19/2020,HYA,MA,ANE,EN,Federal Contract Tower,0,36,2,0,38,0,47,30,0,77,0,83,32,0,115,4,0,4,119
05/20/2020,HYA,MA,ANE,EN,Federal Contract Tower,0,20,8,0,28,0,59,38,0,97,0,79,46,0,125,77,0,77,202
05/21/2020,HYA,MA,ANE,EN,Federal Contract Tower,0,41,22,0,63,0,71,58,0,129,0,112,80,0,192,54,0,54,246
05/22/2020,HYA,MA,ANE,EN,Federal Contract Tower,0,24,12,8,44,0,75,56,0,131,0,99,68,8,175,94,0,94,269
05/23/2020,HYA,MA,ANE,EN,Federal Contract Tower,0,30,24,0,54,0,1,0,0,1,0,31,24,0,55,0,0,0,55
05/24/2020,HYA,MA,ANE,EN,Federal Contract Tower,0,18,5,0,23,0,28,37,0,65,0,46,42,0,88,52,0,52,140
05/25/2020,HYA,MA,ANE,EN,Federal Contract Tower,0,61,16,0,77,0,10,10,0,20,0,71,26,0,97,18,0,18,115
05/26/2020,HYA,MA,ANE,EN,Federal Contract Tower,0,80,28,0,108,0,15,16,0,31,0,95,44,0,139,10,0,10,149
05/27/2020,HYA,MA,ANE,EN,Federal Contract Tower,0,71,22,0,93,0,36,23,0,59,0,107,45,0,152,6,0,6,158
05/28/2020,HYA,MA,ANE,EN,Federal Contract Tower,0,38,19,0,57,0,46,33,0,79,0,84,52,0,136,34,0,34,170
05/29/2020,HYA,MA,ANE,EN,Federal Contract Tower,0,68,36,0,104,0,0,0,0,0,0,68,36,0,104,0,0,0,104
05/30/2020,HYA,MA,ANE,EN,Federal Contract Tower,0,28,14,0,42,0,5,9,0,14,0,33,23,0,56,0,2,2,58
05/31/2020,HYA,MA,ANE,EN,Federal Contract Tower,0,10,7,0,17,0,38,50,0,88,0,48,57,0,105,8,0,8,113
06/01/2020,HYA,MA,ANE,EN,Federal Contract Tower,0,14,3,1,18,0,56,63,0,119,0,70,66,1,137,46,0,46,183
06/02/2020,HYA,MA,ANE,EN,Federal Contract Tower,0,24,20,0,44,0,60,64,0,124,0,84,84,0,168,42,0,42,210
06/03/2020,HYA,MA,ANE,EN,Federal Contract Tower,0,40,7,0,47,0,59,38,0,97,0,99,45,0,144,16,0,16,160
06/04/2020,HYA,MA,ANE,EN,Federal Contract Tower,0,17,7,0,24,0,62,61,0,123,0,79,68,0,147,24,0,24,171
06/05/2020,HYA,MA,ANE,EN,Federal Contract Tower,0,44,22,0,66,0,25,19,0,44,0,69,41,0,110,0,0,0,110
06/06/2020,HYA,MA,ANE,EN,Federal Contract Tower,0,38,24,0,62,0,2,7,0,9,0,40,31,0,71,0,0,0,71
06/07/2020,HYA,MA,ANE,EN,Federal Contract Tower,0,24,13,0,37,0,33,38,0,71,0,57,51,0,108,38,0,38,146
06/08/2020,HYA,MA,ANE,EN,Federal Contract Tower,0,15,8,0,23,0,56,63,0,119,0,71,71,0,142,22,0,22,164
06/09/2020,HYA,MA,ANE,EN,Federal Contract Tower,0,18,8,0,26,0,57,56,0,113,0,75,64,0,139,22,0,22,161
06/10/2020,HYA,MA,ANE,EN,Federal Contract Tower,0,47,10,0,57,0,25,19,0,44,0,72,29,0,101,0,0,0,101
06/11/2020,HYA,MA,ANE,EN,Federal Contract Tower,0,33,9,0,42,0,51,22,0,73,0,84,31,0,115,16,0,16,131
06/12/2020,HYA,MA,ANE,EN,Federal Contract Tower,0,42,35,0,77,0,42,45,0,87,0,84,80,0,164,2,6,8,172
06/13/2020,HYA,MA,ANE,EN,Federal Contract Tower,0,21,8,0,29,0,31,45,0,76,0,52,53,0,105,8,0,8,113
06/14/2020,HYA,MA,ANE,EN,Federal Contract Tower,0,18,19,0,37,0,39,53,0,92,0,57,72,0,129,16,0,16,145
06/15/2020,HYA,MA,ANE,EN,Federal Contract Tower,0,45,28,0,73,0,21,35,2,58,0,66,63,2,131,30,0,30,161
06/16/2020,HYA,MA,ANE,EN,Federal Contract Tower,0,18,32,2,52,0,78,68,0,146,0,96,100,2,198,22,0,22,220
06/17/2020,HYA,MA,ANE,EN,Federal Contract Tower,0,27,18,1,46,0,59,64,0,123,0,86,82,1,169,0,0,0,169
06/19/2020,HYA,MA,ANE,EN,Federal Contract Tower,0,45,31,0,76,0,39,31,0,70,0,84,62,0,146,6,0,6,152
06/20/2020,HYA,MA,ANE,EN,Federal Contract Tower,0,27,22,0,49,0,43,43,0,86,0,70,65,0,135,24,0,24,159
06/21/2020,HYA,MA,ANE,EN,Federal Contract Tower,0,34,16,0,50,0,24,32,0,56,0,58,48,0,106,10,0,10,116
06/22/2020,HYA,MA,ANE,EN,Federal Contract Tower,0,60,19,0,79,0,44,26,0,70,0,104,45,0,149,12,0,12,161
06/23/2020,HYA,MA,ANE,EN,Federal Contract Tower,0,48,30,0,78,0,17,27,0,44,0,65,57,0,122,18,0,18,140
06/24/2020,HYA,MA,ANE,EN,Federal Contract Tower,0,84,22,0,106,0,6,0,0,6,0,90,22,0,112,0,0,0,112
06/25/2020,HYA,MA,ANE,EN,Federal Contract Tower,0,17,38,0,55,0,69,52,0,121,0,86,90,0,176,36,0,36,212
06/26/2020,HYA,MA,ANE,EN,Federal Contract Tower,0,45,18,0,63,0,59,40,0,99,0,104,58,0,162,30,0,30,192
06/27/2020,HYA,MA,ANE,EN,Federal Contract Tower,0,36,10,0,46,0,42,27,0,69,0,78,37,0,115,10,0,10,125
06/28/2020,HYA,MA,ANE,EN,Federal Contract Tower,0,38,21,0,59,0,31,43,0,74,0,69,64,0,133,14,0,14,147
06/30/2020,HYA,MA,ANE,EN,Federal Contract Tower,0,71,21,0,92,0,24,25,0,49,0,95,46,0,141,30,0,30,171
07/01/2020,HYA,MA,ANE,EN,Federal Contract Tower,0,74,50,0,124,0,32,14,0,46,0,106,64,0,170,0,0,0,170
07/02/2020,HYA,MA,ANE,EN,Federal Contract Tower,0,55,33,0,88,0,64,65,0,129,0,119,98,0,217,58,0,58,275
07/03/2020,HYA,MA,ANE,EN,Federal Contract Tower,0,73,29,0,102,0,12,9,0,21,0,85,38,0,123,0,0,0,123
07/04/2020,HYA,MA,ANE,EN,Federal Contract Tower,0,35,20,0,55,0,8,11,0,19,0,43,31,0,74,4,0,4,78
07/05/2020,HYA,MA,ANE,EN,Federal Contract Tower,0,65,36,0,101,0,1,1,0,2,0,66,37,0,103,0,0,0,103
07/06/2020,HYA,MA,ANE,EN,Federal Contract Tower,0,89,33,0,122,0,28,22,0,50,0,117,55,0,172,0,0,0,172
07/07/2020,HYA,MA,ANE,EN,Federal Contract Tower,0,61,36,0,97,0,55,61,0,116,0,116,97,0,213,34,0,34,247
07/08/2020,HYA,MA,ANE,EN,Federal Contract Tower,0,63,35,0,98,0,50,31,0,81,0,113,66,0,179,0,0,0,179
07/09/2020,HYA,MA,ANE,EN,Federal Contract Tower,0,57,42,0,99,0,39,44,0,83,0,96,86,0,182,22,0,22,204
07/10/2020,HYA,MA,ANE,EN,Federal Contract Tower,0,71,27,0,98,0,6,0,0,6,0,77,27,0,104,0,0,0,104
07/11/2020,HYA,MA,ANE,EN,Federal Contract Tower,0,86,27,0,113,0,0,0,0,0,0,86,27,0,113,0,0,0,113
07/12/2020,HYA,MA,ANE,EN,Federal Contract Tower,0,26,21,0,47,0,40,45,0,85,0,66,66,0,132,23,0,23,155
07/13/2020,HYA,MA,ANE,EN,Federal Contract Tower,0,64,36,3,103,0,47,48,0,95,0,111,84,3,198,36,0,36,234
07/14/2020,HYA,MA,ANE,EN,Federal Contract Tower,0,70,23,0,93,0,10,12,0,22,0,80,35,0,115,6,0,6,121
07/15/2020,HYA,MA,ANE,EN,Federal Contract Tower,0,61,16,2,79,0,54,39,4,97,0,115,55,6,176,12,0,12,188
07/16/2020,HYA,MA,ANE,EN,Federal Contract Tower,0,46,27,0,73,0,75,68,0,143,0,121,95,0,216,33,0,33,249
07/17/2020,HYA,MA,ANE,EN,Federal Contract Tower,0,74,18,0,92,0,29,13,0,42,0,103,31,0,134,0,0,0,134
07/18/2020,HYA,MA,ANE,EN,Federal Contract Tower,0,61,24,0,85,0,43,67,0,110,0,104,91,0,195,18,0,18,213
07/19/2020,HYA,MA,ANE,EN,Federal Contract Tower,0,54,31,0,85,0,22,29,0,51,0,76,60,0,136,0,0,0,136
07/20/2020,HYA,MA,ANE,EN,Federal Contract Tower,0,69,35,0,104,0,35,33,0,68,0,104,68,0,172,12,0,12,184
07/21/2020,HYA,MA,ANE,EN,Federal Contract Tower,0,23,15,0,38,0,60,53,0,113,0,83,68,0,151,44,2,46,197
07/22/2020,HYA,MA,ANE,EN,Federal Contract Tower,0,42,19,0,61,0,48,52,0,100,0,90,71,0,161,22,0,22,183
07/23/2020,HYA,MA,ANE,EN,Federal Contract Tower,0,41,21,0,62,0,66,43,0,109,0,107,64,0,171,0,0,0,171
07/24/2020,HYA,MA,ANE,EN,Federal Contract Tower,0,45,21,0,66,0,75,71,0,146,0,120,92,0,212,18,0,18,230
07/25/2020,HYA,MA,ANE,EN,Federal Contract Tower,0,43,20,0,63,0,44,60,0,104,0,87,80,0,167,28,0,28,195
07/26/2020,HYA,MA,ANE,EN,Federal Contract Tower,0,49,20,0,69,0,41,42,0,83,0,90,62,0,152,8,0,8,160
07/27/2020,HYA,MA,ANE,EN,Federal Contract Tower,0,21,15,0,36,0,63,66,0,129,0,84,81,0,165,24,0,24,189
07/28/2020,HYA,MA,ANE,EN,Federal Contract Tower,0,31,7,0,38,0,92,60,0,152,0,123,67,0,190,26,0,26,216
07/29/2020,HYA,MA,ANE,EN,Federal Contract Tower,0,32,12,0,44,0,80,74,1,155,0,112,86,1,199,16,0,16,215
07/30/2020,HYA,MA,ANE,EN,Federal Contract Tower,0,66,33,0,99,0,40,49,0,89,0,106,82,0,188,12,0,12,200
07/31/2020,HYA,MA,ANE,EN,Federal Contract Tower,0,50,29,0,79,0,52,54,0,106,0,102,83,0,185,20,0,20,205
08/01/2020,HYA,MA,ANE,EN,Federal Contract Tower,2,40,11,0,53,0,68,67,0,135,2,108,78,0,188,12,0,12,200
08/02/2020,HYA,MA,ANE,EN,Federal Contract Tower,2,30,18,0,50,0,46,53,0,99,2,76,71,0,149,20,0,20,169
08/03/2020,HYA,MA,ANE,EN,Federal Contract Tower,0,38,18,0,56,0,48,45,0,93,0,86,63,0,149,24,0,24,173
08/04/2020,HYA,MA,ANE,EN,Federal Contract Tower,0,54,10,0,64,0,8,6,0,14,0,62,16,0,78,0,0,0,78
08/05/2020,HYA,MA,ANE,EN,Federal Contract Tower,2,45,21,0,68,0,62,40,0,102,2,107,61,0,170,0,0,0,170
08/06/2020,HYA,MA,ANE,EN,Federal Contract Tower,0,30,19,0,49,0,72,73,0,145,0,102,92,0,194,28,0,28,222
08/07/2020,HYA,MA,ANE,EN,Federal Contract Tower,0,58,21,0,79,0,66,56,0,122,0,124,77,0,201,114,0,114,315
08/08/2020,HYA,MA,ANE,EN,Federal Contract Tower,2,75,33,0,110,0,19,22,1,42,2,94,55,1,152,10,0,10,162
08/09/2020,HYA,MA,ANE,EN,Federal Contract Tower,2,34,20,0,56,0,44,63,0,107,2,78,83,0,163,12,0,12,175
08/10/2020,HYA,MA,ANE,EN,Federal Contract Tower,0,55,35,1,91,0,34,49,0,83,0,89,84,1,174,37,6,43,217
08/11/2020,HYA,MA,ANE,EN,Federal Contract Tower,0,50,33,0,83,0,39,36,0,75,0,89,69,0,158,12,0,12,170
08/12/2020,HYA,MA,ANE,EN,Federal Contract Tower,2,62,28,0,92,0,35,18,0,53,2,97,46,0,145,10,0,10,155
08/13/2020,HYA,MA,ANE,EN,Federal Contract Tower,0,75,29,0,104,0,67,58,0,125,0,142,87,0,229,40,0,40,269
08/14/2020,HYA,MA,ANE,EN,Federal Contract Tower,0,39,29,0,68,0,85,85,0,170,0,124,114,0,238,70,0,70,308
08/15/2020,HYA,MA,ANE,EN,Federal Contract Tower,2,62,37,0,101,0,22,12,0,34,2,84,49,0,135,0,0,0,135
08/16/2020,HYA,MA,ANE,EN,Federal Contract Tower,3,53,39,0,95,0,10,10,0,20,3,63,49,0,115,0,0,0,115
08/17/2020,HYA,MA,ANE,EN,Federal Contract Tower,0,55,32,0,87,0,24,29,0,53,0,79,61,0,140,52,0,52,192
08/18/2020,HYA,MA,ANE,EN,Federal Contract Tower,0,33,10,1,44,0,0,0,0,0,0,33,10,1,44,48,0,48,92
08/19/2020,HYA,MA,ANE,EN,Federal Contract Tower,2,40,26,0,68,0,73,61,0,134,2,113,87,0,202,12,0,12,214
08/20/2020,HYA,MA,ANE,EN,Federal Contract Tower,0,28,15,0,43,0,76,73,0,149,0,104,88,0,192,38,12,50,242
08/21/2020,HYA,MA,ANE,EN,Federal Contract Tower,0,28,23,0,51,0,78,63,0,141,0,106,86,0,192,42,0,42,234
08/22/2020,HYA,MA,ANE,EN,Federal Contract Tower,2,47,16,0,65,0,53,52,0,105,2,100,68,0,170,16,0,16,186
08/23/2020,HYA,MA,ANE,EN,Federal Contract Tower,2,40,23,0,65,0,32,41,0,73,2,72,64,0,138,44,0,44,182
08/24/2020,HYA,MA,ANE,EN,Federal Contract Tower,0,68,29,0,97,0,33,44,0,77,0,101,73,0,174,0,0,0,174
08/25/2020,HYA,MA,ANE,EN,Federal Contract Tower,0,38,7,0,45,0,53,47,0,100,0,91,54,0,145,40,0,40,185
08/26/2020,HYA,MA,ANE,EN,Federal Contract Tower,2,20,11,0,33,0,83,72,0,155,2,103,83,0,188,54,0,54,242
08/27/2020,HYA,MA,ANE,EN,Federal Contract Tower,0,54,12,0,66,0,64,48,0,112,0,118,60,0,178,8,0,8,186
08/28/2020,HYA,MA,ANE,EN,Federal Contract Tower,2,53,26,0,81,0,55,66,0,121,2,108,92,0,202,38,0,38,240
08/29/2020,HYA,MA,ANE,EN,Federal Contract Tower,2,53,25,0,80,0,1,0,0,1,2,54,25,0,81,0,0,0,81
08/30/2020,HYA,MA,ANE,EN,Federal Contract Tower,2,24,25,0,51,0,53,46,0,99,2,77,71,0,150,60,0,60,210
08/31/2020,HYA,MA,ANE,EN,Federal Contract Tower,0,14,15,0,29,0,66,64,0,130,0,80,79,0,159,100,2,102,261
09/01/2020,HYA,MA,ANE,EN,Federal Contract Tower,0,24,20,0,44,0,99,62,0,161,0,123,82,0,205,70,0,70,275
09/02/2020,HYA,MA,ANE,EN,Federal Contract Tower,2,82,37,0,121,0,26,27,0,53,2,108,64,0,174,40,0,40,214
09/03/2020,HYA,MA,ANE,EN,Federal Contract Tower,0,107,61,0,168,0,1,3,0,4,0,108,64,0,172,0,0,0,172
09/04/2020,HYA,MA,ANE,EN,Federal Contract Tower,2,42,22,0,66,0,52,65,0,117,2,94,87,0,183,58,0,58,241
09/05/2020,HYA,MA,ANE,EN,Federal Contract Tower,0,26,16,0,42,0,61,60,0,121,0,87,76,0,163,46,0,46,209
09/06/2020,HYA,MA,ANE,EN,Federal Contract Tower,2,10,8,0,20,0,30,56,0,86,2,40,64,0,106,22,0,22,128
09/07/2020,HYA,MA,ANE,EN,Federal Contract Tower,0,36,20,0,56,0,71,63,0,134,0,107,83,0,190,34,0,34,224
09/08/2020,HYA,MA,ANE,EN,Federal Contract Tower,0,75,26,0,101,0,44,33,0,77,0,119,59,0,178,32,0,32,210
09/09/2020,HYA,MA,ANE,EN,Federal Contract Tower,0,76,24,0,100,0,0,0,0,0,0,76,24,0,100,0,0,0,100
09/10/2020,HYA,MA,ANE,EN,Federal Contract Tower,0,58,45,0,103,0,3,1,0,4,0,61,46,0,107,0,0,0,107
09/11/2020,HYA,MA,ANE,EN,Federal Contract Tower,0,49,28,0,77,0,43,44,2,89,0,92,72,2,166,0,16,16,182
09/12/2020,HYA,MA,ANE,EN,Federal Contract Tower,0,27,12,0,39,0,58,60,0,118,0,85,72,0,157,32,0,32,189
09/13/2020,HYA,MA,ANE,EN,Federal Contract Tower,0,28,16,0,44,0,50,41,0,91,0,78,57,0,135,16,0,16,151
09/14/2020,HYA,MA,ANE,EN,Federal Contract Tower,0,24,8,0,32,0,59,58,0,117,0,83,66,0,149,40,0,40,189
09/15/2020,HYA,MA,ANE,EN,Federal Contract Tower,0,34,17,0,51,0,78,75,0,153,0,112,92,0,204,44,0,44,248
09/16/2020,HYA,MA,ANE,EN,Federal Contract Tower,0,37,26,0,63,0,76,97,0,173,0,113,123,0,236,8,0,8,244
09/17/2020,HYA,MA,ANE,EN,Federal Contract Tower,0,30,19,0,49,0,77,65,0,142,0,107,84,0,191,38,0,38,229
09/18/2020,HYA,MA,ANE,EN,Federal Contract Tower,0,59,32,0,91,0,23,17,0,40,0,82,49,0,131,12,0,12,143
09/19/2020,HYA,MA,ANE,EN,Federal Contract Tower,0,16,6,0,22,0,40,35,0,75,0,56,41,0,97,30,0,30,127
09/20/2020,HYA,MA,ANE,EN,Federal Contract Tower,0,18,6,0,24,0,55,35,0,90,0,73,41,0,114,32,0,32,146
09/21/2020,HYA,MA,ANE,EN,Federal Contract Tower,0,10,11,0,21,0,73,60,0,133,0,83,71,0,154,4,0,4,158
09/22/2020,HYA,MA,ANE,EN,Federal Contract Tower,0,18,4,0,22,0,50,26,0,76,0,68,30,0,98,4,0,4,102
09/23/2020,HYA,MA,ANE,EN,Federal Contract Tower,0,22,9,0,31,0,94,31,0,125,0,116,40,0,156,26,0,26,182
09/24/2020,HYA,MA,ANE,EN,Federal Contract Tower,0,14,10,0,24,0,61,75,0,136,0,75,85,0,160,10,0,10,170
09/25/2020,HYA,MA,ANE,EN,Federal Contract Tower,0,64,21,0,85,0,27,40,0,67,0,91,61,0,152,34,0,34,186
09/26/2020,HYA,MA,ANE,EN,Federal Contract Tower,0,56,16,0,72,0,18,21,0,39,0,74,37,0,111,10,0,10,121
09/27/2020,HYA,MA,ANE,EN,Federal Contract Tower,0,34,23,0,57,0,36,26,0,62,0,70,49,0,119,4,0,4,123
09/28/2020,HYA,MA,ANE,EN,Federal Contract Tower,0,97,41,0,138,0,0,0,0,0,0,97,41,0,138,0,0,0,138
09/29/2020,HYA,MA,ANE,EN,Federal Contract Tower,0,49,20,0,69,0,24,23,0,47,0,73,43,0,116,14,0,14,130
09/30/2020,HYA,MA,ANE,EN,Federal Contract Tower,0,42,15,0,57,0,35,14,0,49,0,77,29,0,106,6,0,6,112
10/01/2020,HYA,MA,ANE,EN,Federal Contract Tower,0,36,12,0,48,0,70,44,0,114,0,106,56,0,162,22,0,22,184
10/02/2020,HYA,MA,ANE,EN,Federal Contract Tower,0,42,25,0,67,0,48,33,0,81,0,90,58,0,148,48,0,48,196
10/03/2020,HYA,MA,ANE,EN,Federal Contract Tower,0,14,12,0,26,0,50,79,0,129,0,64,91,0,155,42,0,42,197
10/04/2020,HYA,MA,ANE,EN,Federal Contract Tower,0,19,18,0,37,0,48,54,0,102,0,67,72,0,139,28,0,28,167
10/05/2020,HYA,MA,ANE,EN,Federal Contract Tower,0,38,7,0,45,0,45,25,0,70,0,83,32,0,115,20,0,20,135
10/06/2020,HYA,MA,ANE,EN,Federal Contract Tower,0,36,26,0,62,0,62,37,0,99,0,98,63,0,161,48,0,48,209
10/07/2020,HYA,MA,ANE,EN,Federal Contract Tower,0,34,3,0,37,0,44,28,0,72,0,78,31,0,109,18,0,18,127
10/08/2020,HYA,MA,ANE,EN,Federal Contract Tower,0,28,9,0,37,0,72,40,0,112,0,100,49,0,149,34,0,34,183
10/09/2020,HYA,MA,ANE,EN,Federal Contract Tower,0,24,12,0,36,0,90,60,0,150,0,114,72,0,186,30,0,30,216
10/10/2020,HYA,MA,ANE,EN,Federal Contract Tower,0,14,7,0,21,0,48,22,0,70,0,62,29,0,91,3,0,3,94
10/11/2020,HYA,MA,ANE,EN,Federal Contract Tower,0,21,15,0,36,0,41,33,0,74,0,62,48,0,110,2,0,2,112
10/12/2020,HYA,MA,ANE,EN,Federal Contract Tower,0,28,15,0,43,0,39,22,0,61,0,67,37,0,104,0,0,0,104
10/13/2020,HYA,MA,ANE,EN,Federal Contract Tower,0,62,27,0,89,0,0,0,0,0,0,62,27,0,89,0,0,0,89
10/14/2020,HYA,MA,ANE,EN,Federal Contract Tower,0,31,24,0,55,0,67,63,0,130,0,98,87,0,185,42,0,42,227
10/15/2020,HYA,MA,ANE,EN,Federal Contract Tower,0,25,26,0,51,0,61,52,0,113,0,86,78,0,164,24,0,24,188
10/16/2020,HYA,MA,ANE,EN,Federal Contract Tower,0,42,19,0,61,0,57,37,0,94,0,99,56,0,155,16,22,38,193
10/17/2020,HYA,MA,ANE,EN,Federal Contract Tower,0,34,16,0,50,0,20,21,0,41,0,54,37,0,91,12,0,12,103
10/18/2020,HYA,MA,ANE,EN,Federal Contract Tower,0,20,22,0,42,0,36,78,0,114,0,56,100,0,156,32,0,32,188
10/19/2020,HYA,MA,ANE,EN,Federal Contract Tower,0,19,8,0,27,0,59,55,0,114,0,78,63,0,141,26,2,28,169
10/20/2020,HYA,MA,ANE,EN,Federal Contract Tower,0,57,30,0,87,0,0,2,0,2,0,57,32,0,89,0,0,0,89
10/21/2020,HYA,MA,ANE,EN,Federal Contract Tower,0,63,26,0,89,0,0,0,0,0,0,63,26,0,89,0,0,0,89
10/22/2020,HYA,MA,ANE,EN,Federal Contract Tower,0,39,19,0,58,0,42,36,0,78,0,81,55,0,136,38,4,42,178
10/23/2020,HYA,MA,ANE,EN,Federal Contract Tower,0,37,22,2,61,0,55,46,1,102,0,92,68,3,163,58,8,66,229
10/24/2020,HYA,MA,ANE,EN,Federal Contract Tower,0,24,6,1,31,0,36,41,0,77,0,60,47,1,108,16,0,16,124
10/25/2020,HYA,MA,ANE,EN,Federal Contract Tower,0,9,10,0,19,0,27,45,0,72,0,36,55,0,91,20,0,20,111
10/26/2020,HYA,MA,ANE,EN,Federal Contract Tower,0,68,19,0,87,0,30,8,0,38,0,98,27,0,125,16,0,16,141
10/27/2020,HYA,MA,ANE,EN,Federal Contract Tower,0,47,20,0,67,0,39,37,0,76,0,86,57,0,143,20,0,20,163
10/28/2020,HYA,MA,ANE,EN,Federal Contract Tower,0,64,17,0,81,0,11,9,0,20,0,75,26,0,101,10,0,10,111
10/29/2020,HYA,MA,ANE,EN,Federal Contract Tower,0,71,9,0,80,0,28,16,0,44,0,99,25,0,124,24,0,24,148
10/30/2020,HYA,MA,ANE,EN,Federal Contract Tower,0,37,5,0,42,0,0,1,0,1,0,37,6,0,43,0,0,0,43
10/31/2020,HYA,MA,ANE,EN,Federal Contract Tower,0,19,16,0,35,0,67,51,0,118,0,86,67,0,153,34,0,34,187
11/01/2020,HYA,MA,ANE,EN,Federal Contract Tower,0,15,9,0,24,0,22,29,0,51,0,37,38,0,75,10,8,18,93
11/02/2020,HYA,MA,ANE,EN,Federal Contract Tower,0,16,3,0,19,0,40,17,0,57,0,56,20,0,76,0,0,0,76
11/03/2020,HYA,MA,ANE,EN,Federal Contract Tower,0,11,3,0,14,0,56,37,0,93,0,67,40,0,107,36,0,36,143
11/04/2020,HYA,MA,ANE,EN,Federal Contract Tower,0,45,5,1,51,0,54,53,0,107,0,99,58,1,158,26,32,58,216
11/05/2020,HYA,MA,ANE,EN,Federal Contract Tower,0,29,16,0,45,0,56,39,0,95,0,85,55,0,140,27,0,27,167
11/06/2020,HYA,MA,ANE,EN,Federal Contract Tower,0,26,10,0,36,0,51,40,0,91,0,77,50,0,127,50,0,50,177
11/07/2020,HYA,MA,ANE,EN,Federal Contract Tower,0,10,4,0,14,0,45,52,0,97,0,55,56,0,111,61,0,61,172
11/08/2020,HYA,MA,ANE,EN,Federal Contract Tower,0,6,3,0,9,0,28,45,0,73,0,34,48,0,82,24,0,24,106
11/09/2020,HYA,MA,ANE,EN,Federal Contract Tower,0,13,7,0,20,0,69,52,0,121,0,82,59,0,141,55,0,55,196
11/10/2020,HYA,MA,ANE,EN,Federal Contract Tower,0,28,12,0,40,0,52,34,0,86,0,80,46,0,126,62,0,62,188
11/11/2020,HYA,MA,ANE,EN,Federal Contract Tower,0,61,22,0,83,0,16,17,0,33,0,77,39,0,116,8,0,8,124
11/12/2020,HYA,MA,ANE,EN,Federal Contract Tower,0,53,19,0,72,0,2,0,0,2,0,55,19,0,74,0,0,0,74
11/13/2020,HYA,MA,ANE,EN,Federal Contract Tower,0,38,13,0,51,0,7,6,0,13,0,45,19,0,64,0,0,0,64
11/14/2020,HYA,MA,ANE,EN,Federal Contract Tower,0,6,8,0,14,0,33,39,0,72,0,39,47,0,86,12,0,12,98
11/15/2020,HYA,MA,ANE,EN,Federal Contract Tower,0,4,8,0,12,0,32,40,0,72,0,36,48,0,84,20,0,20,104
11/16/2020,HYA,MA,ANE,EN,Federal Contract Tower,10,3,4,0,17,0,41,30,0,71,10,44,34,0,88,0,0,0,88
11/17/2020,HYA,MA,ANE,EN,Federal Contract Tower,0,9,4,0,13,0,44,29,0,73,0,53,33,0,86,30,0,30,116
11/19/2020,HYA,MA,ANE,EN,Federal Contract Tower,0,12,5,0,17,0,43,37,0,80,0,55,42,0,97,10,0,10,107
11/20/2020,HYA,MA,ANE,EN,Federal Contract Tower,0,10,2,0,12,0,55,32,0,87,0,65,34,0,99,0,0,0,99
11/21/2020,HYA,MA,ANE,EN,Federal Contract Tower,0,15,11,0,26,0,37,61,0,98,0,52,72,0,124,26,0,26,150
11/22/2020,HYA,MA,ANE,EN,Federal Contract Tower,0,8,11,0,19,0,28,35,0,63,0,36,46,0,82,44,0,44,126
11/23/2020,HYA,MA,ANE,EN,Federal Contract Tower,3,47,12,0,62,0,17,5,0,22,3,64,17,0,84,0,0,0,84
11/24/2020,HYA,MA,ANE,EN,Federal Contract Tower,2,16,10,0,28,0,58,55,0,113,2,74,65,0,141,14,0,14,155
11/25/2020,HYA,MA,ANE,EN,Federal Contract Tower,8,14,7,0,29,0,62,35,0,97,8,76,42,0,126,32,0,32,158
11/26/2020,HYA,MA,ANE,EN,Federal Contract Tower,0,8,0,0,8,0,3,0,0,3,0,11,0,0,11,0,0,0,11
11/27/2020,HYA,MA,ANE,EN,Federal Contract Tower,0,19,26,0,45,0,40,23,0,63,0,59,49,0,108,22,0,22,130
11/28/2020,HYA,MA,ANE,EN,Federal Contract Tower,0,16,14,0,30,0,42,34,0,76,0,58,48,0,106,28,0,28,134
11/29/2020,HYA,MA,ANE,EN,Federal Contract Tower,0,13,7,0,20,0,43,71,0,114,0,56,78,0,134,22,0,22,156
11/30/2020,HYA,MA,ANE,EN,Federal Contract Tower,0,15,4,0,19,0,46,13,0,59,0,61,17,0,78,12,0,12,90
12/01/2020,HYA,MA,ANE,EN,Federal Contract Tower,0,59,11,0,70,0,15,9,0,24,0,74,20,0,94,6,0,6,100
12/02/2020,HYA,MA,ANE,EN,Federal Contract Tower,0,24,15,0,39,0,59,46,0,105,0,83,61,0,144,62,0,62,206
12/03/2020,HYA,MA,ANE,EN,Federal Contract Tower,0,17,6,0,23,0,70,40,0,110,0,87,46,0,133,32,0,32,165
12/04/2020,HYA,MA,ANE,EN,Federal Contract Tower,0,18,11,0,29,0,54,43,0,97,0,72,54,0,126,6,0,6,132
12/05/2020,HYA,MA,ANE,EN,Federal Contract Tower,0,13,1,0,14,0,1,0,0,1,0,14,1,0,15,0,0,0,15
12/06/2020,HYA,MA,ANE,EN,Federal Contract Tower,0,13,6,0,19,0,27,12,0,39,0,40,18,0,58,4,0,4,62
12/07/2020,HYA,MA,ANE,EN,Federal Contract Tower,0,18,3,0,21,0,55,33,0,88,0,73,36,0,109,10,0,10,119
12/08/2020,HYA,MA,ANE,EN,Federal Contract Tower,0,34,0,0,34,0,29,24,0,53,0,63,24,0,87,2,12,14,101
12/09/2020,HYA,MA,ANE,EN,Federal Contract Tower,0,25,11,0,36,0,36,33,0,69,0,61,44,0,105,12,0,12,117
12/10/2020,HYA,MA,ANE,EN,Federal Contract Tower,0,15,7,0,22,0,61,41,0,102,0,76,48,0,124,24,0,24,148
12/11/2020,HYA,MA,ANE,EN,Federal Contract Tower,0,11,10,0,21,0,67,62,0,129,0,78,72,0,150,52,0,52,202
12/12/2020,HYA,MA,ANE,EN,Federal Contract Tower,0,29,9,0,38,0,0,0,0,0,0,29,9,0,38,0,0,0,38
12/13/2020,HYA,MA,ANE,EN,Federal Contract Tower,0,7,1,1,9,0,37,55,0,92,0,44,56,1,101,46,0,46,147
12/14/2020,HYA,MA,ANE,EN,Federal Contract Tower,0,31,3,0,34,0,32,16,0,48,0,63,19,0,82,6,0,6,88
12/15/2020,HYA,MA,ANE,EN,Federal Contract Tower,0,17,3,0,20,0,70,51,0,121,0,87,54,0,141,36,0,36,177
12/16/2020,HYA,MA,ANE,EN,Federal Contract Tower,0,11,6,0,17,0,59,38,0,97,0,70,44,0,114,14,0,14,128
12/17/2020,HYA,MA,ANE,EN,Federal Contract Tower,0,2,3,0,5,0,0,0,0,0,0,2,3,0,5,0,0,0,5
12/18/2020,HYA,MA,ANE,EN,Federal Contract Tower,0,23,7,0,30,0,29,12,0,41,0,52,19,0,71,6,0,6,77
12/19/2020,HYA,MA,ANE,EN,Federal Contract Tower,0,19,12,0,31,0,13,16,2,31,0,32,28,2,62,0,10,10,72
12/20/2020,HYA,MA,ANE,EN,Federal Contract Tower,0,10,6,0,16,0,21,25,0,46,0,31,31,0,62,15,0,15,77
12/21/2020,HYA,MA,ANE,EN,Federal Contract Tower,0,33,12,0,45,0,7,4,0,11,0,40,16,0,56,0,0,0,56
12/22/2020,HYA,MA,ANE,EN,Federal Contract Tower,0,13,9,0,22,0,59,54,0,113,0,72,63,0,135,30,0,30,165
12/23/2020,HYA,MA,ANE,EN,Federal Contract Tower,0,10,8,0,18,0,51,38,0,89,0,61,46,0,107,16,12,28,135
12/24/2020,HYA,MA,ANE,EN,Federal Contract Tower,0,4,0,0,4,0,30,10,0,40,0,34,10,0,44,0,0,0,44
12/26/2020,HYA,MA,ANE,EN,Federal Contract Tower,0,4,8,0,12,0,31,18,0,49,0,35,26,0,61,0,0,0,61
12/27/2020,HYA,MA,ANE,EN,Federal Contract Tower,0,6,0,0,6,0,25,34,0,59,0,31,34,0,65,28,0,28,93
12/28/2020,HYA,MA,ANE,EN,Federal Contract Tower,0,20,12,0,32,0,54,35,0,89,0,74,47,0,121,28,0,28,149
12/29/2020,HYA,MA,ANE,EN,Federal Contract Tower,0,12,2,0,14,0,45,31,0,76,0,57,33,0,90,48,8,56,146
12/30/2020,HYA,MA,ANE,EN,Federal Contract Tower,0,21,8,0,29,0,58,64,0,122,0,79,72,0,151,52,0,52,203
12/31/2020,HYA,MA,ANE,EN,Federal Contract Tower,0,18,4,0,22,0,22,11,0,33,0,40,15,0,55,4,0,4,59
01/01/2021,HYA,MA,ANE,EN,Federal Contract Tower,0,7,3,0,10,0,10,15,0,25,0,17,18,0,35,26,0,26,61
01/02/2021,HYA,MA,ANE,EN,Federal Contract Tower,0,16,7,0,23,0,9,5,0,14,0,25,12,0,37,0,0,0,37
01/03/2021,HYA,MA,ANE,EN,Federal Contract Tower,0,12,3,0,15,0,14,9,0,23,0,26,12,0,38,0,0,0,38
01/04/2021,HYA,MA,ANE,EN,Federal Contract Tower,0,34,5,0,39,0,20,6,0,26,0,54,11,0,65,0,0,0,65
01/05/2021,HYA,MA,ANE,EN,Federal Contract Tower,0,25,8,0,33,0,0,0,0,0,0,25,8,0,33,0,0,0,33
01/06/2021,HYA,MA,ANE,EN,Federal Contract Tower,0,24,3,0,27,0,42,31,0,73,0,66,34,0,100,10,0,10,110
01/07/2021,HYA,MA,ANE,EN,Federal Contract Tower,0,8,6,0,14,0,42,33,0,75,0,50,39,0,89,55,0,55,144
01/08/2021,HYA,MA,ANE,EN,Federal Contract Tower,0,7,1,0,8,0,41,46,0,87,0,48,47,0,95,46,0,46,141
01/09/2021,HYA,MA,ANE,EN,Federal Contract Tower,0,18,7,0,25,0,18,5,0,23,0,36,12,0,48,0,0,0,48
01/10/2021,HYA,MA,ANE,EN,Federal Contract Tower,0,7,7,0,14,0,13,43,0,56,0,20,50,0,70,20,0,20,90
01/11/2021,HYA,MA,ANE,EN,Federal Contract Tower,0,8,11,0,19,0,58,35,0,93,0,66,46,0,112,24,0,24,136
01/12/2021,HYA,MA,ANE,EN,Federal Contract Tower,0,4,1,0,5,0,68,47,5,120,0,72,48,5,125,6,0,6,131
01/13/2021,HYA,MA,ANE,EN,Federal Contract Tower,0,5,10,0,15,0,41,33,1,75,0,46,43,1,90,12,0,12,102
01/14/2021,HYA,MA,ANE,EN,Federal Contract Tower,0,7,7,0,14,0,38,33,0,71,0,45,40,0,85,20,0,20,105
01/15/2021,HYA,MA,ANE,EN,Federal Contract Tower,0,14,8,0,22,0,46,43,0,89,0,60,51,0,111,34,0,34,145
01/16/2021,HYA,MA,ANE,EN,Federal Contract Tower,0,20,3,0,23,0,2,1,0,3,0,22,4,0,26,0,0,0,26
01/17/2021,HYA,MA,ANE,EN,Federal Contract Tower,0,8,3,0,11,0,25,14,0,39,0,33,17,0,50,20,0,20,70
01/18/2021,HYA,MA,ANE,EN,Federal Contract Tower,0,7,5,0,12,0,63,31,0,94,0,70,36,0,106,20,0,20,126
01/20/2021,HYA,MA,ANE,EN,Federal Contract Tower,0,14,2,0,16,0,41,20,0,61,0,55,22,0,77,36,0,36,113
01/21/2021,HYA,MA,ANE,EN,Federal Contract Tower,0,21,6,0,27,0,46,31,0,77,0,67,37,0,104,20,0,20,124
01/22/2021,HYA,MA,ANE,EN,Federal Contract Tower,0,20,6,0,26,0,44,49,0,93,0,64,55,0,119,39,0,39,158
01/23/2021,HYA,MA,ANE,EN,Federal Contract Tower,0,3,2,0,5,0,25,16,1,42,0,28,18,1,47,10,2,12,59
01/24/2021,HYA,MA,ANE,EN,Federal Contract Tower,0,3,2,0,5,0,12,11,0,23,0,15,13,0,28,0,0,0,28
01/25/2021,HYA,MA,ANE,EN,Federal Contract Tower,0,7,2,0,9,0,47,26,0,73,0,54,28,0,82,14,0,14,96
01/26/2021,HYA,MA,ANE,EN,Federal Contract Tower,0,15,6,0,21,0,25,32,0,57,0,40,38,0,78,38,0,38,116
01/27/2021,HYA,MA,ANE,EN,Federal Contract Tower,0,46,13,0,59,0,10,4,0,14,0,56,17,0,73,0,0,0,73
01/28/2021,HYA,MA,ANE,EN,Federal Contract Tower,0,48,8,0,56,0,0,0,0,0,0,48,8,0,56,0,0,0,56
01/29/2021,HYA,MA,ANE,EN,Federal Contract Tower,0,31,6,0,37,0,26,11,0,37,0,57,17,0,74,14,0,14,88
01/30/2021,HYA,MA,ANE,EN,Federal Contract Tower,0,11,9,0,20,0,21,20,0,41,0,32,29,0,61,44,0,44,105
01/31/2021,HYA,MA,ANE,EN,Federal Contract Tower,0,16,2,0,18,0,31,27,0,58,0,47,29,0,76,14,0,14,90
02/01/2021,HYA,MA,ANE,EN,Federal Contract Tower,0,13,5,0,18,0,5,3,0,8,0,18,8,0,26,0,0,0,26
02/02/2021,HYA,MA,ANE,EN,Federal Contract Tower,0,28,14,0,42,0,0,0,0,0,0,28,14,0,42,0,0,0,42
02/03/2021,HYA,MA,ANE,EN,Federal Contract Tower,0,35,7,0,42,0,20,12,0,32,0,55,19,0,74,6,0,6,80
02/04/2021,HYA,MA,ANE,EN,Federal Contract Tower,0,28,3,0,31,0,46,43,0,89,0,74,46,0,120,48,0,48,168
02/05/2021,HYA,MA,ANE,EN,Federal Contract Tower,0,21,9,0,30,0,30,18,0,48,0,51,27,0,78,10,0,10,88
02/06/2021,HYA,MA,ANE,EN,Federal Contract Tower,0,13,12,0,25,0,30,22,0,52,0,43,34,0,77,6,0,6,83
02/07/2021,HYA,MA,ANE,EN,Federal Contract Tower,0,0,4,0,4,0,7,1,0,8,0,7,5,0,12,0,0,0,12
02/08/2021,HYA,MA,ANE,EN,Federal Contract Tower,0,6,0,0,6,0,47,32,0,79,0,53,32,0,85,17,0,17,102
02/09/2021,HYA,MA,ANE,EN,Federal Contract Tower,0,13,4,0,17,0,24,15,0,39,0,37,19,0,56,4,4,8,64
02/10/2021,HYA,MA,ANE,EN,Federal Contract Tower,0,28,5,0,33,0,45,26,0,71,0,73,31,0,104,40,18,58,162
02/11/2021,HYA,MA,ANE,EN,Federal Contract Tower,0,24,7,0,31,0,43,32,0,75,0,67,39,0,106,16,0,16,122
02/12/2021,HYA,MA,ANE,EN,Federal Contract Tower,0,15,1,0,16,0,38,38,0,76,0,53,39,0,92,12,0,12,104
02/13/2021,HYA,MA,ANE,EN,Federal Contract Tower,0,14,4,0,18,0,51,35,0,86,0,65,39,0,104,68,0,68,172
02/14/2021,HYA,MA,ANE,EN,Federal Contract Tower,0,16,2,0,18,0,7,3,0,10,0,23,5,0,28,2,0,2,30
02/15/2021,HYA,MA,ANE,EN,Federal Contract Tower,0,20,13,2,35,0,2,2,0,4,0,22,15,2,39,0,0,0,39
02/16/2021,HYA,MA,ANE,EN,Federal Contract Tower,0,14,14,0,28,0,0,0,0,0,0,14,14,0,28,0,0,0,28
02/17/2021,HYA,MA,ANE,EN,Federal Contract Tower,0,16,5,0,21,0,51,34,0,85,0,67,39,0,106,24,0,24,130
02/19/2021,HYA,MA,ANE,EN,Federal Contract Tower,0,30,2,0,32,0,0,0,0,0,0,30,2,0,32,0,0,0,32
02/20/2021,HYA,MA,ANE,EN,Federal Contract Tower,0,13,8,0,21,0,27,17,0,44,0,40,25,0,65,46,0,46,111
02/21/2021,HYA,MA,ANE,EN,Federal Contract Tower,0,13,9,0,22,0,39,40,0,79,0,52,49,0,101,32,0,32,133
02/22/2021,HYA,MA,ANE,EN,Federal Contract Tower,0,11,7,0,18,0,33,25,0,58,0,44,32,0,76,0,0,0,76
02/23/2021,HYA,MA,ANE,EN,Federal Contract Tower,0,9,2,0,11,0,43,40,0,83,0,52,42,0,94,80,0,80,174
02/24/2021,HYA,MA,ANE,EN,Federal Contract Tower,0,19,8,0,27,0,57,52,0,109,0,76,60,0,136,50,0,50,186
02/25/2021,HYA,MA,ANE,EN,Federal Contract Tower,0,21,0,0,21,0,64,33,0,97,0,85,33,0,118,20,0,20,138
02/26/2021,HYA,MA,ANE,EN,Federal Contract Tower,0,32,8,0,40,0,58,53,0,111,0,90,61,0,151,92,0,92,243
02/27/2021,HYA,MA,ANE,EN,Federal Contract Tower,0,29,7,0,36,0,13,0,0,13,0,42,7,0,49,28,0,28,77
02/28/2021,HYA,MA,ANE,EN,Federal Contract Tower,0,9,3,0,12,0,39,44,0,83,0,48,47,0,95,62,0,62,157
03/01/2021,HYA,MA,ANE,EN,Federal Contract Tower,0,69,17,0,86,0,14,6,0,20,0,83,23,0,106,8,0,8,114
03/02/2021,HYA,MA,ANE,EN,Federal Contract Tower,0,2,2,0,4,0,8,20,2,30,0,10,22,2,34,0,12,12,46
03/03/2021,HYA,MA,ANE,EN,Federal Contract Tower,0,11,0,0,11,0,78,42,0,120,0,89,42,0,131,42,0,42,173
03/04/2021,HYA,MA,ANE,EN,Federal Contract Tower,0,9,9,0,18,0,64,37,0,101,0,73,46,0,119,80,0,80,199
03/05/2021,HYA,MA,ANE,EN,Federal Contract Tower,0,12,6,0,18,0,71,45,4,120,0,83,51,4,138,42,0,42,180
03/06/2021,HYA,MA,ANE,EN,Federal Contract Tower,0,8,4,0,12,0,32,41,0,73,0,40,45,0,85,40,0,40,125
03/07/2021,HYA,MA,ANE,EN,Federal Contract Tower,0,4,6,0,10,0,25,39,0,64,0,29,45,0,74,48,0,48,122
03/08/2021,HYA,MA,ANE,EN,Federal Contract Tower,0,5,1,0,6,0,92,47,0,139,0,97,48,0,145,50,0,50,195
03/09/2021,HYA,MA,ANE,EN,Federal Contract Tower,0,6,2,0,8,0,82,43,2,127,0,88,45,2,135,20,26,46,181
03/10/2021,HYA,MA,ANE,EN,Federal Contract Tower,0,7,5,0,12,0,60,50,0,110,0,67,55,0,122,56,0,56,178
03/11/2021,HYA,MA,ANE,EN,Federal Contract Tower,0,9,3,0,12,0,47,22,2,71,0,56,25,2,83,50,0,50,133
03/12/2021,HYA,MA,ANE,EN,Federal Contract Tower,0,25,9,0,34,0,54,56,2,112,0,79,65,2,146,128,0,128,274
03/13/2021,HYA,MA,ANE,EN,Federal Contract Tower,0,16,2,0,18,0,41,25,0,66,0,57,27,0,84,106,0,106,190
03/14/2021,HYA,MA,ANE,EN,Federal Contract Tower,0,10,4,0,14,0,37,25,2,64,0,47,29,2,78,48,0,48,126
03/15/2021,HYA,MA,ANE,EN,Federal Contract Tower,0,3,1,0,4,0,59,20,6,85,0,62,21,6,89,6,0,6,95
03/16/2021,HYA,MA,ANE,EN,Federal Contract Tower,0,12,3,0,15,0,59,52,2,113,0,71,55,2,128,26,0,26,154
03/17/2021,HYA,MA,ANE,EN,Federal Contract Tower,0,13,11,0,24,0,53,50,0,103,0,66,61,0,127,48,8,56,183
03/18/2021,HYA,MA,ANE,EN,Federal Contract Tower,0,57,12,0,69,0,23,17,0,40,0,80,29,0,109,0,0,0,109
03/19/2021,HYA,MA,ANE,EN,Federal Contract Tower,0,10,2,0,12,0,36,13,0,49,0,46,15,0,61,26,0,26,87
03/20/2021,HYA,MA,ANE,EN,Federal Contract Tower,0,7,2,0,9,0,57,65,0,122,0,64,67,0,131,106,2,108,239
03/21/2021,HYA,MA,ANE,EN,Federal Contract Tower,0,4,7,0,11,0,49,88,0,137,0,53,95,0,148,58,0,58,206
03/22/2021,HYA,MA,ANE,EN,Federal Contract Tower,0,8,14,0,22,0,56,71,0,127,0,64,85,0,149,36,0,36,185
03/23/2021,HYA,MA,ANE,EN,Federal Contract Tower,0,18,6,0,24,0,58,46,0,104,0,76,52,0,128,68,0,68,196
03/24/2021,HYA,MA,ANE,EN,Federal Contract Tower,0,25,15,0,40,0,21,21,0,42,0,46,36,0,82,0,0,0,82
03/25/2021,HYA,MA,ANE,EN,Federal Contract Tower,0,56,13,0,69,0,14,12,0,26,0,70,25,0,95,0,0,0,95
03/26/2021,HYA,MA,ANE,EN,Federal Contract Tower,0,4,3,0,7,0,0,0,0,0,0,4,3,0,7,0,0,0,7
03/27/2021,HYA,MA,ANE,EN,Federal Contract Tower,0,12,8,0,20,0,36,60,0,96,0,48,68,0,116,34,0,34,150
03/28/2021,HYA,MA,ANE,EN,Federal Contract Tower,0,25,7,0,32,0,0,0,0,0,0,25,7,0,32,0,0,0,32
03/29/2021,HYA,MA,ANE,EN,Federal Contract Tower,0,13,4,0,17,0,38,22,0,60,0,51,26,0,77,6,0,6,83
03/30/2021,HYA,MA,ANE,EN,Federal Contract Tower,0,7,5,0,12,0,46,57,4,107,0,53,62,4,119,14,0,14,133
03/31/2021,HYA,MA,ANE,EN,Federal Contract Tower,0,6,1,0,7,0,79,32,0,111,0,85,33,0,118,16,0,16,134
04/01/2021,HYA,MA,ANE,EN,Federal Contract Tower,0,48,14,0,62,0,0,0,0,0,0,48,14,0,62,0,0,0,62
04/02/2021,HYA,MA,ANE,EN,Federal Contract Tower,0,8,4,0,12,0,58,43,0,101,0,66,47,0,113,24,2,26,139
04/03/2021,HYA,MA,ANE,EN,Federal Contract Tower,0,3,4,0,7,0,47,63,0,110,0,50,67,0,117,20,0,20,137
04/04/2021,HYA,MA,ANE,EN,Federal Contract Tower,0,2,7,0,9,0,35,35,0,70,0,37,42,0,79,8,0,8,87
04/05/2021,HYA,MA,ANE,EN,Federal Contract Tower,0,20,7,0,27,0,41,33,0,74,0,61,40,0,101,4,0,4,105
04/06/2021,HYA,MA,ANE,EN,Federal Contract Tower,0,25,6,0,31,0,80,40,0,120,0,105,46,0,151,30,0,30,181
04/07/2021,HYA,MA,ANE,EN,Federal Contract Tower,0,28,8,0,36,0,73,48,2,123,0,101,56,2,159,10,0,10,169
04/08/2021,HYA,MA,ANE,EN,Federal Contract Tower,0,43,22,0,65,0,51,34,2,87,0,94,56,2,152,0,2,2,154
04/09/2021,HYA,MA,ANE,EN,Federal Contract Tower,0,20,4,0,24,0,51,48,0,99,0,71,52,0,123,34,0,34,157
04/10/2021,HYA,MA,ANE,EN,Federal Contract Tower,0,23,18,0,41,0,38,27,0,65,0,61,45,0,106,24,0,24,130
04/11/2021,HYA,MA,ANE,EN,Federal Contract Tower,0,21,9,0,30,0,0,0,0,0,0,21,9,0,30,0,0,0,30
04/12/2021,HYA,MA,ANE,EN,Federal Contract Tower,0,44,6,0,50,0,18,14,0,32,0,62,20,0,82,6,0,6,88
04/13/2021,HYA,MA,ANE,EN,Federal Contract Tower,0,41,5,0,46,0,31,39,0,70,0,72,44,0,116,10,0,10,126
04/14/2021,HYA,MA,ANE,EN,Federal Contract Tower,0,19,14,0,33,0,62,78,2,142,0,81,92,2,175,30,0,30,205
04/15/2021,HYA,MA,ANE,EN,Federal Contract Tower,0,16,14,2,32,0,53,36,0,89,0,69,50,2,121,18,0,18,139
04/16/2021,HYA,MA,ANE,EN,Federal Contract Tower,0,33,26,0,59,0,0,6,0,6,0,33,32,0,65,0,0,0,65
04/17/2021,HYA,MA,ANE,EN,Federal Contract Tower,0,25,8,0,33,0,12,11,0,23,0,37,19,0,56,0,0,0,56
04/18/2021,HYA,MA,ANE,EN,Federal Contract Tower,0,7,3,0,10,0,37,45,0,82,0,44,48,0,92,18,0,18,110
04/19/2021,HYA,MA,ANE,EN,Federal Contract Tower,0,5,1,0,6,0,58,70,0,128,0,63,71,0,134,34,0,34,168
04/20/2021,HYA,MA,ANE,EN,Federal Contract Tower,0,5,4,0,9,0,62,59,2,123,0,67,63,2,132,6,0,6,138
04/21/2021,HYA,MA,ANE,EN,Federal Contract Tower,0,28,6,0,34,0,80,49,0,129,0,108,55,0,163,8,0,8,171
04/22/2021,HYA,MA,ANE,EN,Federal Contract Tower,0,10,1,0,11,0,69,14,0,83,0,79,15,0,94,0,0,0,94
04/23/2021,HYA,MA,ANE,EN,Federal Contract Tower,0,18,5,0,23,0,66,46,0,112,0,84,51,0,135,0,0,0,135
04/24/2021,HYA,MA,ANE,EN,Federal Contract Tower,0,15,4,0,19,0,46,50,0,96,0,61,54,0,115,38,0,38,153
04/25/2021,HYA,MA,ANE,EN,Federal Contract Tower,0,31,2,0,33,0,4,0,0,4,0,35,2,0,37,0,0,0,37
04/26/2021,HYA,MA,ANE,EN,Federal Contract Tower,0,14,10,2,26,0,54,41,2,97,0,68,51,4,123,48,0,48,171
04/27/2021,HYA,MA,ANE,EN,Federal Contract Tower,0,7,5,0,12,0,77,46,0,123,0,84,51,0,135,0,0,0,135
04/28/2021,HYA,MA,ANE,EN,Federal Contract Tower,0,23,7,0,30,0,110,73,0,183,0,133,80,0,213,32,0,32,245
04/29/2021,HYA,MA,ANE,EN,Federal Contract Tower,0,71,20,0,91,0,0,0,0,0,0,71,20,0,91,0,0,0,91
04/30/2021,HYA,MA,ANE,EN,Federal Contract Tower,0,37,11,2,50,0,28,19,0,47,0,65,30,2,97,0,0,0,97
05/01/2021,HYA,MA,ANE,EN,Federal Contract Tower,0,21,7,0,28,0,87,54,0,141,0,108,61,0,169,0,0,0,169
05/02/2021,HYA,MA,ANE,EN,Federal Contract Tower,0,13,3,0,16,0,26,19,2,47,0,39,22,2,63,40,20,60,123
05/03/2021,HYA,MA,ANE,EN,Federal Contract Tower,0,12,10,0,22,0,122,75,0,197,0,134,85,0,219,44,0,44,263
05/04/2021,HYA,MA,ANE,EN,Federal Contract Tower,0,49,24,0,73,0,0,0,0,0,0,49,24,0,73,0,0,0,73
05/05/2021,HYA,MA,ANE,EN,Federal Contract Tower,0,71,15,0,86,0,0,0,0,0,0,71,15,0,86,0,0,0,86
05/06/2021,HYA,MA,ANE,EN,Federal Contract Tower,0,24,6,0,30,0,74,68,2,144,0,98,74,2,174,40,2,42,216
05/07/2021,HYA,MA,ANE,EN,Federal Contract Tower,0,30,18,0,48,0,56,77,0,133,0,86,95,0,181,44,0,44,225
05/08/2021,HYA,MA,ANE,EN,Federal Contract Tower,0,8,9,0,17,0,30,34,0,64,0,38,43,0,81,2,0,2,83
05/09/2021,HYA,MA,ANE,EN,Federal Contract Tower,0,15,4,0,19,0,54,55,0,109,0,69,59,0,128,44,0,44,172
05/10/2021,HYA,MA,ANE,EN,Federal Contract Tower,0,44,23,0,67,0,58,36,0,94,0,102,59,0,161,6,16,22,183
05/11/2021,HYA,MA,ANE,EN,Federal Contract Tower,0,12,9,0,21,0,68,61,0,129,0,80,70,0,150,0,0,0,150
05/12/2021,HYA,MA,ANE,EN,Federal Contract Tower,0,12,8,0,20,0,73,54,0,127,0,85,62,0,147,30,12,42,189
05/13/2021,HYA,MA,ANE,EN,Federal Contract Tower,0,18,20,0,38,0,75,66,0,141,0,93,86,0,179,16,12,28,207
05/14/2021,HYA,MA,ANE,EN,Federal Contract Tower,0,18,6,0,24,0,62,58,0,120,0,80,64,0,144,42,0,42,186
05/15/2021,HYA,MA,ANE,EN,Federal Contract Tower,0,25,8,0,33,0,42,34,0,76,0,67,42,0,109,0,0,0,109
05/16/2021,HYA,MA,ANE,EN,Federal Contract Tower,0,15,15,0,30,0,41,49,0,90,0,56,64,0,120,20,0,20,140
05/17/2021,HYA,MA,ANE,EN,Federal Contract Tower,0,10,12,0,22,0,99,72,0,171,0,109,84,0,193,40,0,40,233
05/18/2021,HYA,MA,ANE,EN,Federal Contract Tower,0,31,8,1,40,0,91,84,2,177,0,122,92,3,217,0,4,4,221
05/19/2021,HYA,MA,ANE,EN,Federal Contract Tower,0,35,12,2,49,0,93,77,0,170,0,128,89,2,219,26,40,66,285
05/20/2021,HYA,MA,ANE,EN,Federal Contract Tower,0,44,26,0,70,0,84,74,0,158,0,128,100,0,228,44,28,72,300
05/21/2021,HYA,MA,ANE,EN,Federal Contract Tower,0,51,29,0,80,0,36,53,0,89,0,87,82,0,169,42,0,42,211
05/22/2021,HYA,MA,ANE,EN,Federal Contract Tower,0,50,17,0,67,0,49,48,0,97,0,99,65,0,164,2,0,2,166
05/23/2021,HYA,MA,ANE,EN,Federal Contract Tower,0,26,13,0,39,0,54,52,0,106,0,80,65,0,145,6,0,6,151
05/24/2021,HYA,MA,ANE,EN,Federal Contract Tower,0,12,7,0,19,0,79,75,0,154,0,91,82,0,173,49,0,49,222
05/25/2021,HYA,MA,ANE,EN,Federal Contract Tower,0,15,10,0,25,0,79,62,0,141,0,94,72,0,166,29,0,29,195
05/26/2021,HYA,MA,ANE,EN,Federal Contract Tower,0,64,38,0,102,0,16,17,3,36,0,80,55,3,138,0,24,24,162
05/27/2021,HYA,MA,ANE,EN,Federal Contract Tower,0,39,15,0,54,0,74,79,0,153,0,113,94,0,207,38,0,38,245
05/28/2021,HYA,MA,ANE,EN,Federal Contract Tower,0,25,28,0,53,0,67,77,0,144,0,92,105,0,197,67,0,67,264
05/29/2021,HYA,MA,ANE,EN,Federal Contract Tower,0,58,11,0,69,0,1,3,0,4,0,59,14,0,73,0,0,0,73
05/30/2021,HYA,MA,ANE,EN,Federal Contract Tower,0,42,15,0,57,0,0,0,0,0,0,42,15,0,57,0,0,0,57
05/31/2021,HYA,MA,ANE,EN,Federal Contract Tower,0,69,27,0,96,0,0,0,0,0,0,69,27,0,96,0,0,0,96
06/01/2021,HYA,MA,ANE,EN,Federal Contract Tower,0,26,14,0,40,0,113,93,0,206,0,139,107,0,246,72,0,72,318
06/02/2021,HYA,MA,ANE,EN,Federal Contract Tower,0,46,9,0,55,0,95,79,0,174,0,141,88,0,229,10,0,10,239
06/03/2021,HYA,MA,ANE,EN,Federal Contract Tower,0,73,23,0,96,0,0,0,0,0,0,73,23,0,96,0,0,0,96
06/04/2021,HYA,MA,ANE,EN,Federal Contract Tower,0,92,33,0,125,0,0,0,0,0,0,92,33,0,125,0,0,0,125
06/05/2021,HYA,MA,ANE,EN,Federal Contract Tower,0,40,20,0,60,0,43,61,0,104,0,83,81,0,164,8,0,8,172
06/06/2021,HYA,MA,ANE,EN,Federal Contract Tower,0,26,18,0,44,0,40,59,0,99,0,66,77,0,143,0,0,0,143
06/07/2021,HYA,MA,ANE,EN,Federal Contract Tower,0,33,18,0,51,0,59,45,0,104,0,92,63,0,155,14,0,14,169
06/08/2021,HYA,MA,ANE,EN,Federal Contract Tower,0,58,26,0,84,0,55,71,0,126,0,113,97,0,210,32,0,32,242
06/09/2021,HYA,MA,ANE,EN,Federal Contract Tower,0,54,24,0,78,0,72,55,0,127,0,126,79,0,205,54,0,54,259
06/10/2021,HYA,MA,ANE,EN,Federal Contract Tower,0,28,26,1,55,0,80,57,1,138,0,108,83,2,193,52,0,52,245
06/11/2021,HYA,MA,ANE,EN,Federal Contract Tower,0,24,24,0,48,0,76,84,0,160,0,100,108,0,208,82,2,84,292
06/12/2021,HYA,MA,ANE,EN,Federal Contract Tower,0,56,20,4,80,0,20,22,0,42,0,76,42,4,122,14,0,14,136
06/13/2021,HYA,MA,ANE,EN,Federal Contract Tower,0,25,30,0,55,0,58,44,0,102,0,83,74,0,157,22,0,22,179
06/14/2021,HYA,MA,ANE,EN,Federal Contract Tower,0,30,13,0,43,0,80,39,5,124,0,110,52,5,167,50,0,50,217
06/15/2021,HYA,MA,ANE,EN,Federal Contract Tower,0,70,36,0,106,0,53,26,0,79,0,123,62,0,185,34,0,34,219
06/16/2021,HYA,MA,ANE,EN,Federal Contract Tower,0,20,20,0,40,0,82,82,0,164,0,102,102,0,204,35,0,35,239
06/17/2021,HYA,MA,ANE,EN,Federal Contract Tower,2,41,25,0,68,0,72,88,1,161,2,113,113,1,229,41,0,41,270
06/18/2021,HYA,MA,ANE,EN,Federal Contract Tower,2,17,19,0,38,0,86,101,0,187,2,103,120,0,225,52,0,52,277
06/19/2021,HYA,MA,ANE,EN,Federal Contract Tower,2,21,13,0,36,0,45,55,0,100,2,66,68,0,136,14,12,26,162
06/20/2021,HYA,MA,ANE,EN,Federal Contract Tower,2,22,27,0,51,0,41,85,0,126,2,63,112,0,177,48,0,48,225
06/21/2021,HYA,MA,ANE,EN,Federal Contract Tower,2,102,34,0,138,0,0,0,0,0,2,102,34,0,138,0,0,0,138
06/22/2021,HYA,MA,ANE,EN,Federal Contract Tower,2,49,29,0,80,0,50,25,0,75,2,99,54,0,155,26,0,26,181
06/23/2021,HYA,MA,ANE,EN,Federal Contract Tower,1,36,20,0,57,0,85,111,0,196,1,121,131,0,253,44,0,44,297
06/24/2021,HYA,MA,ANE,EN,Federal Contract Tower,2,40,11,0,53,0,80,70,0,150,2,120,81,0,203,57,0,57,260
06/25/2021,HYA,MA,ANE,EN,Federal Contract Tower,0,105,58,0,163,0,0,1,2,3,0,105,59,2,166,0,0,0,166
06/26/2021,HYA,MA,ANE,EN,Federal Contract Tower,2,96,46,0,144,0,0,8,0,8,2,96,54,0,152,0,0,0,152
06/27/2021,HYA,MA,ANE,EN,Federal Contract Tower,2,84,47,0,133,0,21,15,0,36,2,105,62,0,169,10,0,10,179
06/28/2021,HYA,MA,ANE,EN,Federal Contract Tower,2,51,22,0,75,0,70,57,0,127,2,121,79,0,202,13,0,13,215
06/29/2021,HYA,MA,ANE,EN,Federal Contract Tower,2,36,15,0,53,0,78,81,2,161,2,114,96,2,214,66,0,66,280
06/30/2021,HYA,MA,ANE,EN,Federal Contract Tower,2,28,14,0,44,0,82,79,0,161,2,110,93,0,205,48,0,48,253
07/01/2021,HYA,MA,ANE,EN,Federal Contract Tower,2,67,38,0,107,0,74,61,0,135,2,141,99,0,242,60,0,60,302
07/02/2021,HYA,MA,ANE,EN,Federal Contract Tower,2,108,52,0,162,0,0,0,0,0,2,108,52,0,162,0,0,0,162
07/03/2021,HYA,MA,ANE,EN,Federal Contract Tower,2,91,28,0,121,0,0,0,0,0,2,91,28,0,121,0,0,0,121
07/04/2021,HYA,MA,ANE,EN,Federal Contract Tower,2,37,20,0,59,0,19,28,0,47,2,56,48,0,106,10,0,10,116
07/05/2021,HYA,MA,ANE,EN,Federal Contract Tower,2,40,35,0,77,0,50,73,0,123,2,90,108,0,200,14,0,14,214
07/06/2021,HYA,MA,ANE,EN,Federal Contract Tower,2,40,18,0,60,0,84,70,0,154,2,124,88,0,214,18,0,18,232
07/07/2021,HYA,MA,ANE,EN,Federal Contract Tower,2,44,27,0,73,0,95,106,4,205,2,139,133,4,278,66,0,66,344
07/08/2021,HYA,MA,ANE,EN,Federal Contract Tower,2,116,52,0,170,0,14,11,0,25,2,130,63,0,195,10,0,10,205
07/09/2021,HYA,MA,ANE,EN,Federal Contract Tower,0,23,19,0,42,0,7,9,0,16,0,30,28,0,58,0,0,0,58
07/10/2021,HYA,MA,ANE,EN,Federal Contract Tower,2,77,65,0,144,0,5,5,0,10,2,82,70,0,154,0,0,0,154
07/11/2021,HYA,MA,ANE,EN,Federal Contract Tower,2,50,48,0,100,0,57,52,0,109,2,107,100,0,209,60,0,60,269
07/12/2021,HYA,MA,ANE,EN,Federal Contract Tower,2,118,37,0,157,0,6,2,0,8,2,124,39,0,165,0,0,0,165
07/13/2021,HYA,MA,ANE,EN,Federal Contract Tower,2,85,62,2,151,0,0,0,0,0,2,85,62,2,151,0,0,0,151
07/14/2021,HYA,MA,ANE,EN,Federal Contract Tower,2,94,47,2,145,0,0,0,0,0,2,94,47,2,145,0,0,0,145
07/15/2021,HYA,MA,ANE,EN,Federal Contract Tower,2,80,43,0,125,0,22,31,0,53,2,102,74,0,178,4,0,4,182
07/16/2021,HYA,MA,ANE,EN,Federal Contract Tower,2,102,61,0,165,0,29,54,0,83,2,131,115,0,248,51,0,51,299
07/17/2021,HYA,MA,ANE,EN,Federal Contract Tower,2,80,48,0,130,0,23,23,0,46,2,103,71,0,176,20,0,20,196
07/18/2021,HYA,MA,ANE,EN,Federal Contract Tower,2,96,45,0,143,0,16,17,0,33,2,112,62,0,176,10,0,10,186
07/19/2021,HYA,MA,ANE,EN,Federal Contract Tower,2,66,33,0,101,0,54,27,0,81,2,120,60,0,182,20,0,20,202
07/20/2021,HYA,MA,ANE,EN,Federal Contract Tower,2,40,33,21,96,0,76,78,3,157,2,116,111,24,253,114,0,114,367
07/21/2021,HYA,MA,ANE,EN,Federal Contract Tower,2,55,27,0,84,0,60,49,2,111,2,115,76,2,195,36,0,36,231
07/22/2021,HYA,MA,ANE,EN,Federal Contract Tower,2,38,36,0,76,0,85,81,1,167,2,123,117,1,243,50,3,53,296
07/23/2021,HYA,MA,ANE,EN,Federal Contract Tower,2,43,21,0,66,0,74,92,1,167,2,117,113,1,233,40,1,41,274
07/24/2021,HYA,MA,ANE,EN,Federal Contract Tower,2,38,33,0,73,0,54,67,0,121,2,92,100,0,194,24,0,24,218
07/25/2021,HYA,MA,ANE,EN,Federal Contract Tower,2,60,35,0,97,0,30,28,0,58,2,90,63,0,155,0,0,0,155
07/26/2021,HYA,MA,ANE,EN,Federal Contract Tower,2,65,17,0,84,0,66,70,0,136,2,131,87,0,220,88,0,88,308
07/27/2021,HYA,MA,ANE,EN,Federal Contract Tower,2,42,11,0,55,0,135,102,2,239,2,177,113,2,294,60,0,60,354
07/28/2021,HYA,MA,ANE,EN,Federal Contract Tower,2,68,31,0,101,0,59,50,0,109,2,127,81,0,210,14,0,14,224
07/29/2021,HYA,MA,ANE,EN,Federal Contract Tower,2,62,16,0,80,0,94,58,0,152,2,156,74,0,232,35,0,35,267
07/30/2021,HYA,MA,ANE,EN,Federal Contract Tower,2,42,42,0,86,0,67,53,2,122,2,109,95,2,208,8,0,8,216
07/31/2021,HYA,MA,ANE,EN,Federal Contract Tower,2,36,17,0,55,0,62,75,0,137,2,98,92,0,192,28,0,28,220
08/02/2021,HYA,MA,ANE,EN,Federal Contract Tower,2,41,24,0,67,0,88,81,0,169,2,129,105,0,236,64,14,78,314
08/03/2021,HYA,MA,ANE,EN,Federal Contract Tower,2,30,22,0,54,0,84,84,0,168,2,114,106,0,222,72,0,72,294
08/04/2021,HYA,MA,ANE,EN,Federal Contract Tower,2,53,30,0,85,0,75,58,0,133,2,128,88,0,218,18,0,18,236
08/05/2021,HYA,MA,ANE,EN,Federal Contract Tower,2,101,56,0,159,0,0,3,0,3,2,101,59,0,162,0,0,0,162
08/06/2021,HYA,MA,ANE,EN,Federal Contract Tower,2,58,39,0,99,0,102,98,0,200,2,160,137,0,299,48,34,82,381
08/07/2021,HYA,MA,ANE,EN,Federal Contract Tower,2,44,22,2,70,0,51,64,0,115,2,95,86,2,185,12,0,12,197
08/08/2021,HYA,MA,ANE,EN,Federal Contract Tower,2,60,32,0,94,0,45,66,0,111,2,105,98,0,205,8,0,8,213
08/09/2021,HYA,MA,ANE,EN,Federal Contract Tower,2,108,31,0,141,0,22,11,0,33,2,130,42,0,174,0,0,0,174
08/10/2021,HYA,MA,ANE,EN,Federal Contract Tower,2,119,37,0,158,0,28,22,0,50,2,147,59,0,208,0,0,0,208
08/11/2021,HYA,MA,ANE,EN,Federal Contract Tower,2,77,43,0,122,0,36,33,0,69,2,113,76,0,191,2,0,2,193
08/12/2021,HYA,MA,ANE,EN,Federal Contract Tower,2,70,64,0,136,0,60,68,0,128,2,130,132,0,264,14,0,14,278
08/13/2021,HYA,MA,ANE,EN,Federal Contract Tower,2,36,26,0,64,0,69,75,0,144,2,105,101,0,208,0,0,0,208
08/14/2021,HYA,MA,ANE,EN,Federal Contract Tower,2,53,30,0,85,0,61,46,0,107,2,114,76,0,192,20,0,20,212
08/15/2021,HYA,MA,ANE,EN,Federal Contract Tower,2,54,40,0,96,0,61,96,0,157,2,115,136,0,253,32,0,32,285
08/16/2021,HYA,MA,ANE,EN,Federal Contract Tower,2,31,22,0,55,0,100,74,0,174,2,131,96,0,229,28,0,28,257
08/17/2021,HYA,MA,ANE,EN,Federal Contract Tower,2,18,30,0,50,0,85,85,0,170,2,103,115,0,220,74,0,74,294
08/18/2021,HYA,MA,ANE,EN,Federal Contract Tower,2,50,37,1,90,0,100,98,0,198,2,150,135,1,288,46,0,46,334
08/19/2021,HYA,MA,ANE,EN,Federal Contract Tower,2,109,36,0,147,0,5,5,0,10,2,114,41,0,157,0,0,0,157
08/20/2021,HYA,MA,ANE,EN,Federal Contract Tower,2,61,22,0,85,0,73,56,0,129,2,134,78,0,214,46,0,46,260
08/21/2021,HYA,MA,ANE,EN,Federal Contract Tower,2,95,42,0,139,0,43,44,0,87,2,138,86,0,226,8,0,8,234
08/22/2021,HYA,MA,ANE,EN,Federal Contract Tower,0,6,0,0,6,0,0,0,0,0,0,6,0,0,6,0,0,0,6
08/23/2021,HYA,MA,ANE,EN,Federal Contract Tower,2,67,32,4,105,0,21,17,0,38,2,88,49,4,143,2,0,2,145
08/24/2021,HYA,MA,ANE,EN,Federal Contract Tower,2,75,42,1,120,0,33,35,0,68,2,108,77,1,188,28,0,28,216
08/25/2021,HYA,MA,ANE,EN,Federal Contract Tower,2,31,30,0,63,0,87,93,0,180,2,118,123,0,243,42,0,42,285
08/26/2021,HYA,MA,ANE,EN,Federal Contract Tower,2,42,19,0,63,0,83,78,0,161,2,125,97,0,224,34,0,34,258
08/27/2021,HYA,MA,ANE,EN,Federal Contract Tower,0,2,49,30,81,0,0,0,0,0,0,2,49,30,81,40,0,40,121
08/28/2021,HYA,MA,ANE,EN,Federal Contract Tower,2,32,29,0,63,0,43,55,9,107,2,75,84,9,170,18,0,18,188
08/29/2021,HYA,MA,ANE,EN,Federal Contract Tower,2,56,48,0,106,0,36,32,2,70,2,92,80,2,176,0,0,0,176
08/30/2021,HYA,MA,ANE,EN,Federal Contract Tower,2,48,30,0,80,0,71,36,2,109,2,119,66,2,189,40,0,40,229
08/31/2021,HYA,MA,ANE,EN,Federal Contract Tower,2,41,17,0,60,0,101,78,0,179,2,142,95,0,239,88,0,88,327
09/01/2021,HYA,MA,ANE,EN,Federal Contract Tower,2,49,22,0,73,0,78,45,0,123,2,127,67,0,196,6,0,6,202
09/02/2021,HYA,MA,ANE,EN,Federal Contract Tower,0,42,35,0,77,0,38,18,0,56,0,80,53,0,133,0,0,0,133
09/03/2021,HYA,MA,ANE,EN,Federal Contract Tower,2,30,20,0,52,0,0,0,0,0,2,30,20,0,52,72,0,72,124
09/04/2021,HYA,MA,ANE,EN,Federal Contract Tower,2,22,17,0,41,0,56,57,0,113,2,78,74,0,154,38,0,38,192
09/05/2021,HYA,MA,ANE,EN,Federal Contract Tower,2,31,16,0,49,0,43,27,0,70,2,74,43,0,119,12,0,12,131
09/06/2021,HYA,MA,ANE,EN,Federal Contract Tower,2,70,37,0,109,0,29,32,0,61,2,99,69,0,170,20,0,20,190
09/07/2021,HYA,MA,ANE,EN,Federal Contract Tower,2,36,26,0,64,0,75,74,0,149,2,111,100,0,213,46,0,46,259
09/09/2021,HYA,MA,ANE,EN,Federal Contract Tower,2,78,20,0,100,0,24,7,0,31,2,102,27,0,131,0,0,0,131
09/10/2021,HYA,MA,ANE,EN,Federal Contract Tower,2,28,22,0,52,0,0,0,0,0,2,28,22,0,52,38,2,40,92
09/11/2021,HYA,MA,ANE,EN,Federal Contract Tower,2,23,17,0,42,0,56,61,0,117,2,79,78,0,159,22,0,22,181
09/12/2021,HYA,MA,ANE,EN,Federal Contract Tower,2,29,22,0,53,0,46,45,0,91,2,75,67,0,144,20,0,20,164
09/13/2021,HYA,MA,ANE,EN,Federal Contract Tower,2,39,9,0,50,0,90,35,0,125,2,129,44,0,175,22,0,22,197
09/14/2021,HYA,MA,ANE,EN,Federal Contract Tower,2,27,9,0,38,0,65,77,0,142,2,92,86,0,180,56,4,60,240
09/15/2021,HYA,MA,ANE,EN,Federal Contract Tower,0,74,25,0,99,0,40,30,0,70,0,114,55,0,169,14,0,14,183
09/16/2021,HYA,MA,ANE,EN,Federal Contract Tower,2,56,31,0,89,0,21,19,0,40,2,77,50,0,129,4,0,4,133
09/17/2021,HYA,MA,ANE,EN,Federal Contract Tower,0,2,87,45,134,0,19,5,0,24,0,21,92,45,158,0,0,0,158
09/18/2021,HYA,MA,ANE,EN,Federal Contract Tower,2,70,25,0,97,0,0,0,0,0,2,70,25,0,97,0,0,0,97
09/19/2021,HYA,MA,ANE,EN,Federal Contract Tower,2,31,22,0,55,0,47,39,0,86,2,78,61,0,141,42,0,42,183
09/20/2021,HYA,MA,ANE,EN,Federal Contract Tower,2,15,21,0,38,0,83,84,0,167,2,98,105,0,205,24,0,24,229
09/21/2021,HYA,MA,ANE,EN,Federal Contract Tower,2,24,11,0,37,0,70,58,0,128,2,94,69,0,165,22,0,22,187
09/22/2021,HYA,MA,ANE,EN,Federal Contract Tower,2,15,24,10,51,0,68,56,0,124,2,83,80,10,175,52,0,52,227
09/23/2021,HYA,MA,ANE,EN,Federal Contract Tower,2,23,18,0,43,0,73,58,2,133,2,96,76,2,176,52,0,52,228
09/24/2021,HYA,MA,ANE,EN,Federal Contract Tower,2,39,26,0,67,0,49,20,0,69,2,88,46,0,136,10,0,10,146
09/25/2021,HYA,MA,ANE,EN,Federal Contract Tower,2,40,20,0,62,0,17,9,0,26,2,57,29,0,88,0,0,0,88
09/26/2021,HYA,MA,ANE,EN,Federal Contract Tower,3,40,30,0,73,0,37,41,0,78,3,77,71,0,151,10,0,10,161
09/27/2021,HYA,MA,ANE,EN,Federal Contract Tower,2,19,15,0,36,0,87,55,0,142,2,106,70,0,178,33,0,33,211
09/28/2021,HYA,MA,ANE,EN,Federal Contract Tower,3,29,11,2,45,0,84,41,2,127,3,113,52,4,172,40,0,40,212
09/29/2021,HYA,MA,ANE,EN,Federal Contract Tower,2,35,24,0,61,0,72,66,0,138,2,107,90,0,199,58,0,58,257
09/30/2021,HYA,MA,ANE,EN,Federal Contract Tower,2,21,16,0,39,0,85,52,0,137,2,106,68,0,176,70,0,70,246
10/01/2021,HYA,MA,ANE,EN,Federal Contract Tower,2,16,14,1,33,0,77,60,0,137,2,93,74,1,170,76,0,76,246
10/02/2021,HYA,MA,ANE,EN,Federal Contract Tower,2,24,16,0,42,0,52,44,0,96,2,76,60,0,138,24,0,24,162
10/03/2021,HYA,MA,ANE,EN,Federal Contract Tower,2,30,23,0,55,0,35,41,0,76,2,65,64,0,131,14,0,14,145
10/04/2021,HYA,MA,ANE,EN,Federal Contract Tower,2,77,34,6,119,0,0,0,0,0,2,77,34,6,119,0,0,0,119
10/05/2021,HYA,MA,ANE,EN,Federal Contract Tower,0,76,37,0,113,0,0,0,0,0,0,76,37,0,113,0,0,0,113
10/06/2021,HYA,MA,ANE,EN,Federal Contract Tower,0,27,27,0,54,0,49,53,0,102,0,76,80,0,156,30,0,30,186
10/07/2021,HYA,MA,ANE,EN,Federal Contract Tower,2,21,20,0,43,0,86,55,0,141,2,107,75,0,184,49,0,49,233
10/08/2021,HYA,MA,ANE,EN,Federal Contract Tower,2,44,18,0,64,0,77,71,0,148,2,121,89,0,212,56,0,56,268
10/09/2021,HYA,MA,ANE,EN,Federal Contract Tower,0,33,14,0,47,0,0,0,0,0,0,33,14,0,47,15,0,15,62
10/10/2021,HYA,MA,ANE,EN,Federal Contract Tower,2,22,22,0,46,0,24,25,0,49,2,46,47,0,95,14,0,14,109
10/11/2021,HYA,MA,ANE,EN,Federal Contract Tower,2,29,15,0,46,0,47,30,0,77,2,76,45,0,123,26,0,26,149
10/12/2021,HYA,MA,ANE,EN,Federal Contract Tower,0,28,19,1,48,0,57,53,2,112,0,85,72,3,160,50,14,64,224
10/13/2021,HYA,MA,ANE,EN,Federal Contract Tower,0,27,15,9,51,0,68,65,0,133,0,95,80,9,184,66,18,84,268
10/14/2021,HYA,MA,ANE,EN,Federal Contract Tower,2,57,28,0,87,0,40,35,0,75,2,97,63,0,162,12,0,12,174
10/15/2021,HYA,MA,ANE,EN,Federal Contract Tower,2,71,51,0,124,0,3,3,0,6,2,74,54,0,130,0,0,0,130
10/16/2021,HYA,MA,ANE,EN,Federal Contract Tower,0,22,14,0,36,0,48,33,0,81,0,70,47,0,117,57,0,57,174
10/17/2021,HYA,MA,ANE,EN,Federal Contract Tower,2,16,17,0,35,0,29,33,0,62,2,45,50,0,97,24,0,24,121
10/18/2021,HYA,MA,ANE,EN,Federal Contract Tower,2,18,15,0,35,0,78,47,0,125,2,96,62,0,160,32,0,32,192
10/19/2021,HYA,MA,ANE,EN,Federal Contract Tower,0,14,8,0,22,0,52,48,0,100,0,66,56,0,122,58,0,58,180
10/20/2021,HYA,MA,ANE,EN,Federal Contract Tower,0,35,10,0,45,0,63,69,2,134,0,98,79,2,179,52,0,52,231
10/21/2021,HYA,MA,ANE,EN,Federal Contract Tower,0,16,11,0,27,0,61,59,0,120,0,77,70,0,147,36,0,36,183
10/22/2021,HYA,MA,ANE,EN,Federal Contract Tower,0,12,14,0,26,0,60,47,0,107,0,72,61,0,133,32,0,32,165
10/23/2021,HYA,MA,ANE,EN,Federal Contract Tower,0,20,10,0,30,0,42,49,0,91,0,62,59,0,121,46,0,46,167
10/24/2021,HYA,MA,ANE,EN,Federal Contract Tower,0,9,7,0,16,0,34,47,0,81,0,43,54,0,97,12,0,12,109
10/26/2021,HYA,MA,ANE,EN,Federal Contract Tower,0,20,1,0,21,0,12,12,0,24,0,32,13,0,45,0,0,0,45
10/29/2021,HYA,MA,ANE,EN,Federal Contract Tower,0,21,8,0,29,0,58,34,0,92,0,79,42,0,121,18,0,18,139
10/30/2021,HYA,MA,ANE,EN,Federal Contract Tower,0,50,7,0,57,0,2,1,0,3,0,52,8,0,60,0,0,0,60
10/31/2021,HYA,MA,ANE,EN,Federal Contract Tower,0,24,33,0,57,0,13,19,0,32,0,37,52,0,89,16,0,16,105
11/01/2021,HYA,MA,ANE,EN,Federal Contract Tower,0,14,11,0,25,0,62,33,2,97,0,76,44,2,122,32,0,32,154
11/02/2021,HYA,MA,ANE,EN,Federal Contract Tower,0,16,6,0,22,0,50,42,0,92,0,66,48,0,114,24,0,24,138
11/03/2021,HYA,MA,ANE,EN,Federal Contract Tower,0,10,17,0,27,0,64,47,0,111,0,74,64,0,138,34,0,34,172
11/04/2021,HYA,MA,ANE,EN,Federal Contract Tower,0,12,14,0,26,0,66,46,0,112,0,78,60,0,138,74,0,74,212
11/05/2021,HYA,MA,ANE,EN,Federal Contract Tower,0,11,10,0,21,0,69,52,0,121,0,80,62,0,142,0,0,0,142
11/06/2021,HYA,MA,ANE,EN,Federal Contract Tower,0,3,15,0,18,0,45,85,0,130,0,48,100,0,148,16,0,16,164
11/07/2021,HYA,MA,ANE,EN,Federal Contract Tower,0,7,14,0,21,0,25,33,0,58,0,32,47,0,79,30,0,30,109
11/08/2021,HYA,MA,ANE,EN,Federal Contract Tower,0,9,8,0,17,0,55,29,0,84,0,64,37,0,101,12,0,12,113
11/09/2021,HYA,MA,ANE,EN,Federal Contract Tower,0,18,10,0,28,0,72,49,0,121,0,90,59,0,149,30,0,30,179
11/10/2021,HYA,MA,ANE,EN,Federal Contract Tower,0,10,2,0,12,0,65,51,0,116,0,75,53,0,128,104,0,104,232
11/11/2021,HYA,MA,ANE,EN,Federal Contract Tower,0,14,22,0,36,0,61,53,1,115,0,75,75,1,151,58,10,68,219
11/12/2021,HYA,MA,ANE,EN,Federal Contract Tower,0,36,9,2,47,0,31,11,0,42,0,67,20,2,89,0,0,0,89
11/13/2021,HYA,MA,ANE,EN,Federal Contract Tower,0,18,8,0,26,0,32,33,0,65,0,50,41,0,91,44,0,44,135
11/14/2021,HYA,MA,ANE,EN,Federal Contract Tower,0,9,5,0,14,0,20,38,0,58,0,29,43,0,72,29,2,31,103
11/15/2021,HYA,MA,ANE,EN,Federal Contract Tower,0,17,3,2,22,0,68,27,0,95,0,85,30,2,117,40,0,40,157
11/16/2021,HYA,MA,ANE,EN,Federal Contract Tower,0,8,8,1,17,0,57,44,0,101,0,65,52,1,118,44,10,54,172
11/17/2021,HYA,MA,ANE,EN,Federal Contract Tower,0,12,10,2,24,0,62,48,0,110,0,74,58,2,134,62,0,62,196
11/18/2021,HYA,MA,ANE,EN,Federal Contract Tower,0,22,14,1,37,0,0,62,49,111,0,22,76,50,148,40,0,40,188
11/19/2021,HYA,MA,ANE,EN,Federal Contract Tower,0,12,16,0,28,0,66,53,0,119,0,78,69,0,147,0,14,14,161
11/20/2021,HYA,MA,ANE,EN,Federal Contract Tower,0,13,12,0,25,0,34,31,8,73,0,47,43,8,98,40,0,40,138
11/21/2021,HYA,MA,ANE,EN,Federal Contract Tower,0,26,9,0,35,0,28,24,0,52,0,54,33,0,87,2,0,2,89
11/22/2021,HYA,MA,ANE,EN,Federal Contract Tower,0,45,14,0,59,0,40,20,0,60,0,85,34,0,119,18,0,18,137
11/23/2021,HYA,MA,ANE,EN,Federal Contract Tower,0,32,21,0,53,0,43,28,0,71,0,75,49,0,124,6,0,6,130
11/24/2021,HYA,MA,ANE,EN,Federal Contract Tower,0,58,21,0,79,0,16,20,0,36,0,74,41,0,115,0,0,0,115
11/25/2021,HYA,MA,ANE,EN,Federal Contract Tower,0,41,9,0,50,0,5,4,0,9,0,46,13,0,59,0,0,0,59
11/26/2021,HYA,MA,ANE,EN,Federal Contract Tower,0,41,14,0,55,0,1,0,0,1,0,42,14,0,56,0,0,0,56
11/27/2021,HYA,MA,ANE,EN,Federal Contract Tower,0,44,19,0,63,0,4,5,0,9,0,48,24,0,72,0,0,0,72
11/28/2021,HYA,MA,ANE,EN,Federal Contract Tower,0,44,14,0,58,0,23,22,1,46,0,67,36,1,104,0,0,0,104
11/29/2021,HYA,MA,ANE,EN,Federal Contract Tower,0,18,9,0,27,0,46,22,8,76,0,64,31,8,103,0,0,0,103
11/30/2021,HYA,MA,ANE,EN,Federal Contract Tower,0,22,11,0,33,0,49,47,0,96,0,71,58,0,129,22,6,28,157
12/01/2021,HYA,MA,ANE,EN,Federal Contract Tower,0,11,10,0,21,0,58,55,0,113,0,69,65,0,134,8,0,8,142
12/02/2021,HYA,MA,ANE,EN,Federal Contract Tower,0,11,9,0,20,0,71,50,1,122,0,82,59,1,142,16,0,16,158
12/03/2021,HYA,MA,ANE,EN,Federal Contract Tower,0,13,5,0,18,0,65,42,0,107,0,78,47,0,125,12,0,12,137
12/04/2021,HYA,MA,ANE,EN,Federal Contract Tower,0,8,3,0,11,0,49,26,0,75,0,57,29,0,86,17,0,17,103
12/05/2021,HYA,MA,ANE,EN,Federal Contract Tower,0,7,11,0,18,0,40,58,0,98,0,47,69,0,116,20,0,20,136
12/06/2021,HYA,MA,ANE,EN,Federal Contract Tower,0,40,9,0,49,0,21,12,0,33,0,61,21,0,82,0,0,0,82
12/07/2021,HYA,MA,ANE,EN,Federal Contract Tower,0,15,5,0,20,0,48,38,0,86,0,63,43,0,106,20,0,20,126
12/08/2021,HYA,MA,ANE,EN,Federal Contract Tower,0,24,15,0,39,0,24,26,0,50,0,48,41,0,89,0,0,0,89
12/09/2021,HYA,MA,ANE,EN,Federal Contract Tower,0,15,1,0,16,0,64,50,0,114,0,79,51,0,130,24,0,24,154
12/10/2021,HYA,MA,ANE,EN,Federal Contract Tower,0,11,11,0,22,0,58,41,0,99,0,69,52,0,121,32,0,32,153
12/11/2021,HYA,MA,ANE,EN,Federal Contract Tower,0,11,6,0,17,0,0,0,0,0,0,11,6,0,17,0,0,0,17
12/12/2021,HYA,MA,ANE,EN,Federal Contract Tower,0,9,0,0,9,0,46,23,0,69,0,55,23,0,78,0,0,0,78
12/13/2021,HYA,MA,ANE,EN,Federal Contract Tower,0,8,5,0,13,0,48,58,0,106,0,56,63,0,119,56,0,56,175
12/14/2021,HYA,MA,ANE,EN,Federal Contract Tower,0,23,7,0,30,0,86,72,0,158,0,109,79,0,188,70,0,70,258
12/15/2021,HYA,MA,ANE,EN,Federal Contract Tower,0,30,6,0,36,0,52,45,0,97,0,82,51,0,133,52,0,52,185
12/16/2021,HYA,MA,ANE,EN,Federal Contract Tower,0,36,11,0,47,0,54,30,0,84,0,90,41,0,131,10,0,10,141
12/17/2021,HYA,MA,ANE,EN,Federal Contract Tower,0,15,3,0,18,0,69,62,0,131,0,84,65,0,149,90,0,90,239
12/18/2021,HYA,MA,ANE,EN,Federal Contract Tower,0,9,7,0,16,0,40,16,0,56,0,49,23,0,72,20,0,20,92
12/19/2021,HYA,MA,ANE,EN,Federal Contract Tower,0,23,11,0,34,0,11,2,0,13,0,34,13,0,47,0,0,0,47
12/20/2021,HYA,MA,ANE,EN,Federal Contract Tower,0,12,7,0,19,0,64,55,0,119,0,76,62,0,138,60,0,60,198
12/21/2021,HYA,MA,ANE,EN,Federal Contract Tower,0,15,13,0,28,0,47,59,1,107,0,62,72,1,135,32,2,34,169
12/22/2021,HYA,MA,ANE,EN,Federal Contract Tower,0,43,12,0,55,0,9,11,0,20,0,52,23,0,75,0,0,0,75
12/23/2021,HYA,MA,ANE,EN,Federal Contract Tower,0,9,7,0,16,0,65,43,0,108,0,74,50,0,124,20,0,20,144
12/24/2021,HYA,MA,ANE,EN,Federal Contract Tower,0,19,7,0,26,0,0,0,0,0,0,19,7,0,26,0,0,0,26
12/25/2021,HYA,MA,ANE,EN,Federal Contract Tower,0,17,5,0,22,0,10,0,0,10,0,27,5,0,32,0,0,0,32
12/26/2021,HYA,MA,ANE,EN,Federal Contract Tower,0,20,8,0,28,0,18,9,0,27,0,38,17,0,55,6,0,6,61
12/27/2021,HYA,MA,ANE,EN,Federal Contract Tower,0,31,12,0,43,0,52,42,0,94,0,83,54,0,137,46,0,46,183
12/28/2021,HYA,MA,ANE,EN,Federal Contract Tower,0,39,17,0,56,0,37,19,0,56,0,76,36,0,112,38,0,38,150
12/29/2021,HYA,MA,ANE,EN,Federal Contract Tower,0,14,8,0,22,0,55,33,0,88,0,69,41,0,110,24,0,24,134
12/30/2021,HYA,MA,ANE,EN,Federal Contract Tower,0,33,20,2,55,0,46,21,0,67,0,79,41,2,122,16,0,16,138
12/31/2021,HYA,MA,ANE,EN,Federal Contract Tower,0,35,20,1,56,0,0,0,0,0,0,35,20,1,56,0,0,0,56
01/01/2022,HYA,MA,ANE,EN,Federal Contract Tower,0,13,4,0,17,0,0,0,0,0,0,13,4,0,17,0,0,0,17
01/02/2022,HYA,MA,ANE,EN,Federal Contract Tower,0,25,5,0,30,0,0,0,0,0,0,25,5,0,30,0,0,0,30
01/03/2022,HYA,MA,ANE,EN,Federal Contract Tower,0,11,15,0,26,0,27,13,0,40,0,38,28,0,66,4,0,4,70
01/04/2022,HYA,MA,ANE,EN,Federal Contract Tower,0,10,9,0,19,0,65,47,3,115,0,75,56,3,134,70,0,70,204
01/05/2022,HYA,MA,ANE,EN,Federal Contract Tower,0,13,5,0,18,0,18,17,0,35,0,31,22,0,53,8,0,8,61
01/06/2022,HYA,MA,ANE,EN,Federal Contract Tower,0,33,9,0,42,0,65,43,0,108,0,98,52,0,150,46,0,46,196
01/07/2022,HYA,MA,ANE,EN,Federal Contract Tower,0,3,1,0,4,0,0,2,0,2,0,3,3,0,6,0,0,0,6
01/08/2022,HYA,MA,ANE,EN,Federal Contract Tower,0,15,17,0,32,0,41,26,0,67,0,56,43,0,99,14,0,14,113
01/09/2022,HYA,MA,ANE,EN,Federal Contract Tower,0,7,4,2,13,0,25,10,0,35,0,32,14,2,48,0,0,0,48
01/10/2022,HYA,MA,ANE,EN,Federal Contract Tower,0,6,8,0,14,0,54,33,0,87,0,60,41,0,101,24,0,24,125
01/11/2022,HYA,MA,ANE,EN,Federal Contract Tower,0,44,2,0,46,0,38,19,0,57,0,82,21,0,103,18,0,18,121
01/12/2022,HYA,MA,ANE,EN,Federal Contract Tower,0,20,6,0,26,0,47,31,0,78,0,67,37,0,104,60,0,60,164
01/13/2022,HYA,MA,ANE,EN,Federal Contract Tower,0,10,18,0,28,0,79,61,0,140,0,89,79,0,168,87,0,87,255
01/14/2022,HYA,MA,ANE,EN,Federal Contract Tower,0,19,17,0,36,0,0,0,0,0,0,19,17,0,36,0,0,0,36
01/15/2022,HYA,MA,ANE,EN,Federal Contract Tower,0,7,5,0,12,0,27,11,0,38,0,34,16,0,50,14,0,14,64
01/16/2022,HYA,MA,ANE,EN,Federal Contract Tower,0,4,2,0,6,0,40,40,0,80,0,44,42,0,86,22,0,22,108
01/17/2022,HYA,MA,ANE,EN,Federal Contract Tower,0,12,8,0,20,0,18,14,0,32,0,30,22,0,52,4,0,4,56
01/18/2022,HYA,MA,ANE,EN,Federal Contract Tower,0,12,2,0,14,0,55,30,0,85,0,67,32,0,99,6,0,6,105
01/19/2022,HYA,MA,ANE,EN,Federal Contract Tower,0,9,2,0,11,0,61,36,0,97,0,70,38,0,108,48,0,48,156
01/20/2022,HYA,MA,ANE,EN,Federal Contract Tower,0,41,10,0,51,0,33,14,0,47,0,74,24,0,98,0,10,10,108
01/21/2022,HYA,MA,ANE,EN,Federal Contract Tower,0,38,5,0,43,0,36,12,0,48,0,74,17,0,91,20,0,20,111
01/22/2022,HYA,MA,ANE,EN,Federal Contract Tower,0,26,3,0,29,0,26,6,0,32,0,52,9,0,61,8,0,8,69
01/23/2022,HYA,MA,ANE,EN,Federal Contract Tower,0,2,4,0,6,0,21,27,0,48,0,23,31,0,54,18,0,18,72
01/24/2022,HYA,MA,ANE,EN,Federal Contract Tower,0,11,6,0,17,0,41,38,0,79,0,52,44,0,96,60,0,60,156
01/25/2022,HYA,MA,ANE,EN,Federal Contract Tower,0,22,8,2,32,0,62,30,0,92,0,84,38,2,124,56,0,56,180
01/26/2022,HYA,MA,ANE,EN,Federal Contract Tower,0,13,8,0,21,0,48,41,0,89,0,61,49,0,110,48,0,48,158
01/27/2022,HYA,MA,ANE,EN,Federal Contract Tower,0,10,10,0,20,0,61,50,0,111,0,71,60,0,131,42,0,42,173
01/28/2022,HYA,MA,ANE,EN,Federal Contract Tower,0,9,8,0,17,0,33,24,0,57,0,42,32,0,74,0,0,0,74
01/29/2022,HYA,MA,ANE,EN,Federal Contract Tower,0,0,0,0,0,0,0,0,0,0,0,0,0,0,0,0,0,0,0
01/30/2022,HYA,MA,ANE,EN,Federal Contract Tower,0,0,0,0,0,0,2,0,0,2,0,2,0,0,2,0,0,0,2
01/31/2022,HYA,MA,ANE,EN,Federal Contract Tower,0,6,4,0,10,0,10,11,0,21,0,16,15,0,31,0,0,0,31
02/01/2022,HYA,MA,ANE,EN,Federal Contract Tower,0,13,8,0,21,0,52,23,0,75,0,65,31,0,96,50,0,50,146
02/02/2022,HYA,MA,ANE,EN,Federal Contract Tower,0,42,8,0,50,0,0,4,0,4,0,42,12,0,54,0,0,0,54
02/03/2022,HYA,MA,ANE,EN,Federal Contract Tower,0,8,17,0,25,0,0,0,0,0,0,8,17,0,25,0,0,0,25
02/04/2022,HYA,MA,ANE,EN,Federal Contract Tower,0,3,10,0,13,0,0,0,0,0,0,3,10,0,13,0,0,0,13
02/05/2022,HYA,MA,ANE,EN,Federal Contract Tower,0,10,4,0,14,0,27,15,0,42,0,37,19,0,56,18,0,18,74
02/06/2022,HYA,MA,ANE,EN,Federal Contract Tower,0,6,6,0,12,0,46,45,0,91,0,52,51,0,103,26,0,26,129
02/07/2022,HYA,MA,ANE,EN,Federal Contract Tower,0,13,1,0,14,0,56,33,4,93,0,69,34,4,107,82,0,82,189
02/08/2022,HYA,MA,ANE,EN,Federal Contract Tower,0,68,17,0,85,0,6,0,0,6,0,74,17,0,91,54,0,54,145
02/09/2022,HYA,MA,ANE,EN,Federal Contract Tower,0,33,10,0,43,0,60,61,4,125,0,93,71,4,168,64,2,66,234
02/10/2022,HYA,MA,ANE,EN,Federal Contract Tower,0,15,8,0,23,0,77,44,0,121,0,92,52,0,144,89,0,89,233
02/11/2022,HYA,MA,ANE,EN,Federal Contract Tower,0,7,16,0,23,0,41,44,0,85,0,48,60,0,108,32,0,32,140
02/12/2022,HYA,MA,ANE,EN,Federal Contract Tower,0,11,11,0,22,0,48,26,0,74,0,59,37,0,96,34,0,34,130
02/13/2022,HYA,MA,ANE,EN,Federal Contract Tower,0,10,2,0,12,0,3,0,0,3,0,13,2,0,15,0,4,4,19
02/14/2022,HYA,MA,ANE,EN,Federal Contract Tower,0,14,3,0,17,0,19,12,0,31,0,33,15,0,48,0,0,0,48
02/15/2022,HYA,MA,ANE,EN,Federal Contract Tower,0,9,8,0,17,0,44,37,0,81,0,53,45,0,98,28,0,28,126
02/16/2022,HYA,MA,ANE,EN,Federal Contract Tower,0,22,2,0,24,0,52,39,0,91,0,74,41,0,115,34,0,34,149
02/17/2022,HYA,MA,ANE,EN,Federal Contract Tower,0,28,17,0,45,0,16,11,0,27,0,44,28,0,72,4,0,4,76
02/18/2022,HYA,MA,ANE,EN,Federal Contract Tower,0,9,9,0,18,0,21,20,0,41,0,30,29,0,59,28,0,28,87
02/19/2022,HYA,MA,ANE,EN,Federal Contract Tower,0,4,10,0,14,0,36,15,0,51,0,40,25,0,65,22,12,34,99
02/20/2022,HYA,MA,ANE,EN,Federal Contract Tower,0,3,4,0,7,0,23,47,0,70,0,26,51,0,77,42,0,42,119
02/21/2022,HYA,MA,ANE,EN,Federal Contract Tower,0,8,13,0,21,0,44,60,0,104,0,52,73,0,125,32,0,32,157
02/22/2022,HYA,MA,ANE,EN,Federal Contract Tower,0,35,22,2,59,0,10,4,0,14,0,45,26,2,73,4,0,4,77
02/23/2022,HYA,MA,ANE,EN,Federal Contract Tower,0,41,17,4,62,0,36,23,0,59,0,77,40,4,121,0,0,0,121
02/24/2022,HYA,MA,ANE,EN,Federal Contract Tower,0,17,6,0,23,0,80,31,0,111,0,97,37,0,134,68,0,68,202
02/25/2022,HYA,MA,ANE,EN,Federal Contract Tower,0,0,2,0,2,0,0,0,0,0,0,0,2,0,2,0,0,0,2
02/26/2022,HYA,MA,ANE,EN,Federal Contract Tower,0,3,4,0,7,0,35,17,0,52,0,38,21,0,59,30,0,30,89
02/27/2022,HYA,MA,ANE,EN,Federal Contract Tower,0,7,0,0,7,0,23,14,0,37,0,30,14,0,44,10,0,10,54
02/28/2022,HYA,MA,ANE,EN,Federal Contract Tower,0,11,5,0,16,0,40,40,0,80,0,51,45,0,96,12,12,24,120
03/01/2022,HYA,MA,ANE,EN,Federal Contract Tower,0,12,6,0,18,0,45,39,0,84,0,57,45,0,102,12,0,12,114
03/02/2022,HYA,MA,ANE,EN,Federal Contract Tower,0,13,4,0,17,0,61,61,0,122,0,74,65,0,139,38,0,38,177
03/03/2022,HYA,MA,ANE,EN,Federal Contract Tower,0,16,6,0,22,0,46,35,0,81,0,62,41,0,103,96,0,96,199
03/04/2022,HYA,MA,ANE,EN,Federal Contract Tower,0,22,11,0,33,0,42,38,0,80,0,64,49,0,113,32,0,32,145
03/05/2022,HYA,MA,ANE,EN,Federal Contract Tower,0,6,3,0,9,0,44,70,0,114,0,50,73,0,123,26,0,26,149
03/06/2022,HYA,MA,ANE,EN,Federal Contract Tower,0,12,1,0,13,0,0,0,0,0,0,12,1,0,13,0,0,0,13
03/07/2022,HYA,MA,ANE,EN,Federal Contract Tower,0,27,12,0,39,0,37,13,4,54,0,64,25,4,93,18,0,18,111
03/08/2022,HYA,MA,ANE,EN,Federal Contract Tower,0,7,3,0,10,0,77,61,0,138,0,84,64,0,148,68,0,68,216
03/09/2022,HYA,MA,ANE,EN,Federal Contract Tower,0,44,5,0,49,0,43,11,0,54,0,87,16,0,103,36,0,36,139
03/10/2022,HYA,MA,ANE,EN,Federal Contract Tower,0,22,16,0,38,0,44,35,0,79,0,66,51,0,117,38,0,38,155
03/11/2022,HYA,MA,ANE,EN,Federal Contract Tower,0,18,10,0,28,0,49,73,0,122,0,67,83,0,150,42,0,42,192
03/12/2022,HYA,MA,ANE,EN,Federal Contract Tower,0,11,2,0,13,0,0,0,0,0,0,11,2,0,13,0,0,0,13
03/13/2022,HYA,MA,ANE,EN,Federal Contract Tower,0,14,2,0,16,0,30,19,0,49,0,44,21,0,65,0,0,0,65
03/14/2022,HYA,MA,ANE,EN,Federal Contract Tower,0,9,5,0,14,0,72,52,0,124,0,81,57,0,138,38,0,38,176
03/15/2022,HYA,MA,ANE,EN,Federal Contract Tower,0,19,3,0,22,0,73,42,2,117,0,92,45,2,139,70,0,70,209
03/16/2022,HYA,MA,ANE,EN,Federal Contract Tower,0,40,12,1,53,0,51,46,0,97,0,91,58,1,150,50,4,54,204
03/17/2022,HYA,MA,ANE,EN,Federal Contract Tower,0,61,18,0,79,0,16,7,0,23,0,77,25,0,102,10,0,10,112
03/18/2022,HYA,MA,ANE,EN,Federal Contract Tower,0,50,26,0,76,0,1,0,0,1,0,51,26,0,77,0,0,0,77
03/19/2022,HYA,MA,ANE,EN,Federal Contract Tower,0,22,3,0,25,0,0,0,0,0,0,22,3,0,25,0,0,0,25
03/20/2022,HYA,MA,ANE,EN,Federal Contract Tower,0,18,7,0,25,0,23,13,0,36,0,41,20,0,61,14,0,14,75
03/21/2022,HYA,MA,ANE,EN,Federal Contract Tower,0,3,8,0,11,0,73,33,2,108,0,76,41,2,119,83,0,83,202
03/22/2022,HYA,MA,ANE,EN,Federal Contract Tower,0,8,3,0,11,0,66,44,0,110,0,74,47,0,121,42,0,42,163
03/23/2022,HYA,MA,ANE,EN,Federal Contract Tower,0,6,13,0,19,0,51,48,2,101,0,57,61,2,120,48,0,48,168
03/24/2022,HYA,MA,ANE,EN,Federal Contract Tower,0,37,10,0,47,0,1,3,0,4,0,38,13,0,51,0,0,0,51
03/25/2022,HYA,MA,ANE,EN,Federal Contract Tower,0,35,17,0,52,0,22,23,0,45,0,57,40,0,97,30,0,30,127
03/26/2022,HYA,MA,ANE,EN,Federal Contract Tower,0,3,8,0,11,0,38,31,0,69,0,41,39,0,80,18,0,18,98
03/27/2022,HYA,MA,ANE,EN,Federal Contract Tower,0,4,8,0,12,0,27,55,0,82,0,31,63,0,94,22,0,22,116
03/28/2022,HYA,MA,ANE,EN,Federal Contract Tower,0,17,1,0,18,0,63,30,0,93,0,80,31,0,111,76,0,76,187
03/29/2022,HYA,MA,ANE,EN,Federal Contract Tower,0,17,4,0,21,0,46,36,0,82,0,63,40,0,103,48,0,48,151
03/30/2022,HYA,MA,ANE,EN,Federal Contract Tower,0,18,3,0,21,0,55,56,0,111,0,73,59,0,132,54,0,54,186
03/31/2022,HYA,MA,ANE,EN,Federal Contract Tower,0,57,13,0,70,0,4,2,0,6,0,61,15,0,76,0,0,0,76
04/01/2022,HYA,MA,ANE,EN,Federal Contract Tower,0,29,7,0,36,0,34,26,0,60,0,63,33,0,96,36,0,36,132
04/02/2022,HYA,MA,ANE,EN,Federal Contract Tower,0,7,9,0,16,0,43,38,0,81,0,50,47,0,97,46,0,46,143
04/03/2022,HYA,MA,ANE,EN,Federal Contract Tower,0,6,4,0,10,0,29,31,0,60,0,35,35,0,70,30,0,30,100
04/04/2022,HYA,MA,ANE,EN,Federal Contract Tower,0,13,5,0,18,0,49,42,0,91,0,62,47,0,109,62,14,76,185
04/05/2022,HYA,MA,ANE,EN,Federal Contract Tower,0,14,9,0,23,0,61,49,0,110,0,75,58,0,133,68,0,68,201
04/06/2022,HYA,MA,ANE,EN,Federal Contract Tower,0,70,24,0,94,0,2,2,0,4,0,72,26,0,98,12,0,12,110
04/07/2022,HYA,MA,ANE,EN,Federal Contract Tower,0,18,2,0,20,0,59,28,0,87,0,77,30,0,107,38,0,38,145
04/08/2022,HYA,MA,ANE,EN,Federal Contract Tower,0,30,12,0,42,0,25,15,0,40,0,55,27,0,82,46,0,46,128
04/09/2022,HYA,MA,ANE,EN,Federal Contract Tower,0,12,15,0,27,0,44,29,0,73,0,56,44,0,100,30,0,30,130
04/10/2022,HYA,MA,ANE,EN,Federal Contract Tower,0,5,11,0,16,0,37,37,0,74,0,42,48,0,90,4,0,4,94
04/11/2022,HYA,MA,ANE,EN,Federal Contract Tower,0,6,5,0,11,0,53,60,0,113,0,59,65,0,124,78,0,78,202
04/12/2022,HYA,MA,ANE,EN,Federal Contract Tower,0,28,2,0,30,0,47,37,0,84,0,75,39,0,114,74,0,74,188
04/13/2022,HYA,MA,ANE,EN,Federal Contract Tower,0,33,6,0,39,0,64,61,5,130,0,97,67,5,169,96,0,96,265
04/14/2022,HYA,MA,ANE,EN,Federal Contract Tower,0,74,28,0,102,0,0,0,0,0,0,74,28,0,102,0,0,0,102
04/15/2022,HYA,MA,ANE,EN,Federal Contract Tower,0,28,4,0,32,0,51,47,0,98,0,79,51,0,130,46,0,46,176
04/16/2022,HYA,MA,ANE,EN,Federal Contract Tower,0,13,5,0,18,0,39,14,0,53,0,52,19,0,71,24,0,24,95
04/17/2022,HYA,MA,ANE,EN,Federal Contract Tower,0,20,7,0,27,0,30,16,0,46,0,50,23,0,73,0,6,6,79
04/18/2022,HYA,MA,ANE,EN,Federal Contract Tower,0,15,15,2,32,0,62,47,2,111,0,77,62,4,143,80,0,80,223
04/19/2022,HYA,MA,ANE,EN,Federal Contract Tower,0,26,7,0,33,0,13,7,0,20,0,39,14,0,53,0,0,0,53
04/20/2022,HYA,MA,ANE,EN,Federal Contract Tower,0,13,10,0,23,0,51,29,0,80,0,64,39,0,103,40,0,40,143
04/21/2022,HYA,MA,ANE,EN,Federal Contract Tower,0,33,0,2,35,0,57,48,0,105,0,90,48,2,140,60,2,62,202
04/22/2022,HYA,MA,ANE,EN,Federal Contract Tower,0,17,3,0,20,0,56,45,0,101,0,73,48,0,121,58,0,58,179
04/23/2022,HYA,MA,ANE,EN,Federal Contract Tower,0,3,10,0,13,0,42,34,0,76,0,45,44,0,89,50,0,50,139
04/24/2022,HYA,MA,ANE,EN,Federal Contract Tower,0,11,11,0,22,0,35,41,2,78,0,46,52,2,100,14,0,14,114
04/25/2022,HYA,MA,ANE,EN,Federal Contract Tower,0,9,4,1,14,0,42,37,0,79,0,51,41,1,93,46,0,46,139
04/26/2022,HYA,MA,ANE,EN,Federal Contract Tower,0,31,13,1,45,0,32,31,0,63,0,63,44,1,108,20,0,20,128
04/27/2022,HYA,MA,ANE,EN,Federal Contract Tower,0,26,12,0,38,0,45,33,0,78,0,71,45,0,116,40,0,40,156
04/28/2022,HYA,MA,ANE,EN,Federal Contract Tower,0,15,6,0,21,0,59,41,0,100,0,74,47,0,121,22,0,22,143
04/29/2022,HYA,MA,ANE,EN,Federal Contract Tower,0,17,10,0,27,0,53,50,0,103,0,70,60,0,130,40,0,40,170
04/30/2022,HYA,MA,ANE,EN,Federal Contract Tower,0,9,4,0,13,0,38,25,0,63,0,47,29,0,76,42,0,42,118
05/01/2022,HYA,MA,ANE,EN,Federal Contract Tower,0,9,10,0,19,0,44,62,0,106,0,53,72,0,125,32,0,32,157
05/02/2022,HYA,MA,ANE,EN,Federal Contract Tower,0,10,14,0,24,0,53,39,0,92,0,63,53,0,116,44,0,44,160
05/03/2022,HYA,MA,ANE,EN,Federal Contract Tower,0,50,18,2,70,0,23,22,0,45,0,73,40,2,115,22,0,22,137
05/04/2022,HYA,MA,ANE,EN,Federal Contract Tower,0,64,19,0,83,0,8,9,0,17,0,72,28,0,100,0,0,0,100
05/05/2022,HYA,MA,ANE,EN,Federal Contract Tower,2,33,9,0,44,0,85,63,0,148,2,118,72,0,192,52,6,58,250
05/06/2022,HYA,MA,ANE,EN,Federal Contract Tower,0,10,21,0,31,0,64,64,0,128,0,74,85,0,159,96,0,96,255
05/07/2022,HYA,MA,ANE,EN,Federal Contract Tower,0,58,11,0,69,0,17,3,0,20,0,75,14,0,89,0,0,0,89
05/08/2022,HYA,MA,ANE,EN,Federal Contract Tower,0,13,5,0,18,0,43,29,0,72,0,56,34,0,90,0,0,0,90
05/09/2022,HYA,MA,ANE,EN,Federal Contract Tower,0,8,2,0,10,0,47,41,0,88,0,55,43,0,98,4,4,8,106
05/10/2022,HYA,MA,ANE,EN,Federal Contract Tower,0,19,12,2,33,0,55,35,0,90,0,74,47,2,123,46,0,46,169
05/11/2022,HYA,MA,ANE,EN,Federal Contract Tower,0,59,18,0,77,0,0,0,0,0,0,59,18,0,77,0,0,0,77
05/12/2022,HYA,MA,ANE,EN,Federal Contract Tower,0,85,27,0,112,0,11,5,0,16,0,96,32,0,128,10,0,10,138
05/13/2022,HYA,MA,ANE,EN,Federal Contract Tower,0,45,21,0,66,0,0,0,0,0,0,45,21,0,66,0,0,0,66
05/14/2022,HYA,MA,ANE,EN,Federal Contract Tower,0,20,22,0,42,0,37,26,0,63,0,57,48,0,105,22,0,22,127
05/15/2022,HYA,MA,ANE,EN,Federal Contract Tower,0,33,20,0,53,0,7,7,0,14,0,40,27,0,67,8,0,8,75
05/16/2022,HYA,MA,ANE,EN,Federal Contract Tower,0,35,29,0,64,0,4,2,0,6,0,39,31,0,70,0,0,0,70
05/17/2022,HYA,MA,ANE,EN,Federal Contract Tower,0,13,15,0,28,0,62,67,0,129,0,75,82,0,157,26,0,26,183
05/18/2022,HYA,MA,ANE,EN,Federal Contract Tower,0,22,14,0,36,0,63,81,0,144,0,85,95,0,180,26,0,26,206
05/19/2022,HYA,MA,ANE,EN,Federal Contract Tower,0,63,28,0,91,0,23,19,0,42,0,86,47,0,133,0,0,0,133
05/20/2022,HYA,MA,ANE,EN,Federal Contract Tower,0,48,35,0,83,0,8,11,0,19,0,56,46,0,102,6,0,6,108
05/21/2022,HYA,MA,ANE,EN,Federal Contract Tower,0,33,9,0,42,0,16,20,0,36,0,49,29,0,78,20,6,26,104
05/22/2022,HYA,MA,ANE,EN,Federal Contract Tower,0,17,15,0,32,0,37,48,0,85,0,54,63,0,117,24,0,24,141
05/23/2022,HYA,MA,ANE,EN,Federal Contract Tower,0,16,21,0,37,0,52,39,2,93,0,68,60,2,130,6,10,16,146
05/24/2022,HYA,MA,ANE,EN,Federal Contract Tower,0,17,14,2,33,0,43,69,0,112,0,60,83,2,145,24,0,24,169
05/25/2022,HYA,MA,ANE,EN,Federal Contract Tower,0,17,23,0,40,0,74,81,0,155,0,91,104,0,195,24,0,24,219
05/26/2022,HYA,MA,ANE,EN,Federal Contract Tower,2,33,35,1,71,0,106,55,0,161,2,139,90,1,232,14,0,14,246
05/27/2022,HYA,MA,ANE,EN,Federal Contract Tower,2,64,42,0,108,0,0,0,0,0,2,64,42,0,108,0,0,0,108
05/28/2022,HYA,MA,ANE,EN,Federal Contract Tower,0,58,27,0,85,0,0,0,0,0,0,58,27,0,85,0,0,0,85
05/29/2022,HYA,MA,ANE,EN,Federal Contract Tower,2,11,17,1,31,0,48,87,0,135,2,59,104,1,166,56,0,56,222
05/30/2022,HYA,MA,ANE,EN,Federal Contract Tower,2,30,13,0,45,0,30,81,0,111,2,60,94,0,156,24,0,24,180
05/31/2022,HYA,MA,ANE,EN,Federal Contract Tower,2,28,25,0,55,0,84,74,0,158,2,112,99,0,213,54,6,60,273
06/01/2022,HYA,MA,ANE,EN,Federal Contract Tower,0,33,21,0,54,0,90,53,0,143,0,123,74,0,197,0,0,0,197
06/02/2022,HYA,MA,ANE,EN,Federal Contract Tower,0,87,61,0,148,0,3,4,0,7,0,90,65,0,155,0,0,0,155
06/03/2022,HYA,MA,ANE,EN,Federal Contract Tower,2,69,42,0,113,0,0,0,0,0,2,69,42,0,113,0,0,0,113
06/04/2022,HYA,MA,ANE,EN,Federal Contract Tower,2,44,15,0,61,0,30,31,0,61,2,74,46,0,122,16,4,20,142
06/05/2022,HYA,MA,ANE,EN,Federal Contract Tower,2,16,27,0,45,0,47,74,0,121,2,63,101,0,166,8,24,32,198
06/06/2022,HYA,MA,ANE,EN,Federal Contract Tower,2,8,26,8,44,0,86,110,4,200,2,94,136,12,244,62,0,62,306
06/07/2022,HYA,MA,ANE,EN,Federal Contract Tower,2,20,18,0,40,0,65,59,4,128,2,85,77,4,168,24,0,24,192
06/08/2022,HYA,MA,ANE,EN,Federal Contract Tower,2,48,31,0,81,0,27,11,0,38,2,75,42,0,119,8,0,8,127
06/09/2022,HYA,MA,ANE,EN,Federal Contract Tower,2,54,34,0,90,0,13,9,0,22,2,67,43,0,112,20,0,20,132
06/10/2022,HYA,MA,ANE,EN,Federal Contract Tower,2,25,14,0,41,0,58,77,0,135,2,83,91,0,176,106,0,106,282
06/11/2022,HYA,MA,ANE,EN,Federal Contract Tower,2,17,14,0,33,0,51,55,0,106,2,68,69,0,139,6,0,6,145
06/12/2022,HYA,MA,ANE,EN,Federal Contract Tower,2,24,34,0,60,0,50,55,0,105,2,74,89,0,165,62,0,62,227
06/13/2022,HYA,MA,ANE,EN,Federal Contract Tower,2,61,33,0,96,0,34,32,0,66,2,95,65,0,162,36,2,38,200
06/14/2022,HYA,MA,ANE,EN,Federal Contract Tower,2,22,17,0,41,0,52,72,0,124,2,74,89,0,165,80,2,82,247
06/15/2022,HYA,MA,ANE,EN,Federal Contract Tower,2,41,21,0,64,0,51,66,0,117,2,92,87,0,181,64,2,66,247
06/16/2022,HYA,MA,ANE,EN,Federal Contract Tower,0,31,25,0,56,0,53,52,0,105,0,84,77,0,161,44,0,44,205
06/17/2022,HYA,MA,ANE,EN,Federal Contract Tower,2,68,37,0,107,0,11,8,0,19,2,79,45,0,126,0,0,0,126
06/18/2022,HYA,MA,ANE,EN,Federal Contract Tower,2,28,17,0,47,0,44,53,0,97,2,72,70,0,144,74,0,74,218
06/19/2022,HYA,MA,ANE,EN,Federal Contract Tower,2,25,17,0,44,0,19,18,0,37,2,44,35,0,81,20,0,20,101
06/20/2022,HYA,MA,ANE,EN,Federal Contract Tower,2,46,11,0,59,0,68,89,0,157,2,114,100,0,216,53,0,53,269
06/21/2022,HYA,MA,ANE,EN,Federal Contract Tower,2,35,23,0,60,0,68,74,0,142,2,103,97,0,202,86,0,86,288
06/22/2022,HYA,MA,ANE,EN,Federal Contract Tower,1,52,25,0,78,0,58,61,0,119,1,110,86,0,197,46,0,46,243
06/23/2022,HYA,MA,ANE,EN,Federal Contract Tower,2,68,39,4,113,0,74,77,0,151,2,142,116,4,264,20,6,26,290
06/24/2022,HYA,MA,ANE,EN,Federal Contract Tower,2,56,23,0,81,0,49,68,0,117,2,105,91,0,198,48,0,48,246
06/25/2022,HYA,MA,ANE,EN,Federal Contract Tower,3,37,27,0,67,0,37,77,0,114,3,74,104,0,181,38,0,38,219
06/26/2022,HYA,MA,ANE,EN,Federal Contract Tower,2,37,40,2,81,0,30,79,0,109,2,67,119,2,190,20,2,22,212
06/27/2022,HYA,MA,ANE,EN,Federal Contract Tower,2,44,21,0,67,0,42,39,0,81,2,86,60,0,148,0,0,0,148
06/28/2022,HYA,MA,ANE,EN,Federal Contract Tower,2,38,22,0,62,0,51,74,2,127,2,89,96,2,189,48,0,48,237
06/29/2022,HYA,MA,ANE,EN,Federal Contract Tower,2,77,15,0,94,0,87,99,0,186,2,164,114,0,280,32,0,32,312
06/30/2022,HYA,MA,ANE,EN,Federal Contract Tower,2,57,28,0,87,0,70,101,0,171,2,127,129,0,258,60,0,60,318
07/01/2022,HYA,MA,ANE,EN,Federal Contract Tower,2,62,28,0,92,0,0,42,0,42,2,62,70,0,134,8,0,8,142
07/02/2022,HYA,MA,ANE,EN,Federal Contract Tower,2,66,20,2,90,0,0,0,0,0,2,66,20,2,90,0,0,0,90
07/03/2022,HYA,MA,ANE,EN,Federal Contract Tower,2,32,19,0,53,0,34,54,0,88,2,66,73,0,141,30,0,30,171
07/04/2022,HYA,MA,ANE,EN,Federal Contract Tower,2,30,12,0,44,0,28,49,2,79,2,58,61,2,123,0,0,0,123
07/05/2022,HYA,MA,ANE,EN,Federal Contract Tower,2,48,33,0,83,0,75,103,0,178,2,123,136,0,261,82,0,82,343
07/06/2022,HYA,MA,ANE,EN,Federal Contract Tower,2,69,31,0,102,0,40,60,0,100,2,109,91,0,202,34,0,34,236
07/07/2022,HYA,MA,ANE,EN,Federal Contract Tower,2,51,25,0,78,0,87,71,0,158,2,138,96,0,236,20,0,20,256
07/08/2022,HYA,MA,ANE,EN,Federal Contract Tower,2,58,30,0,90,0,69,80,0,149,2,127,110,0,239,26,0,26,265
07/09/2022,HYA,MA,ANE,EN,Federal Contract Tower,2,34,26,0,62,0,34,87,0,121,2,68,113,0,183,20,0,20,203
07/10/2022,HYA,MA,ANE,EN,Federal Contract Tower,2,34,19,0,55,0,34,64,0,98,2,68,83,0,153,34,0,34,187
07/11/2022,HYA,MA,ANE,EN,Federal Contract Tower,2,43,24,0,69,0,54,64,0,118,2,97,88,0,187,56,0,56,243
07/12/2022,HYA,MA,ANE,EN,Federal Contract Tower,2,49,17,0,68,0,40,54,0,94,2,89,71,0,162,26,0,26,188
07/13/2022,HYA,MA,ANE,EN,Federal Contract Tower,2,53,35,0,90,0,67,64,1,132,2,120,99,1,222,30,0,30,252
07/14/2022,HYA,MA,ANE,EN,Federal Contract Tower,2,69,42,4,117,0,56,81,0,137,2,125,123,4,254,20,0,20,274
07/15/2022,HYA,MA,ANE,EN,Federal Contract Tower,2,63,31,0,96,0,42,111,0,153,2,105,142,0,249,28,0,28,277
07/16/2022,HYA,MA,ANE,EN,Federal Contract Tower,2,55,29,0,86,0,28,85,0,113,2,83,114,0,199,65,0,65,264
07/17/2022,HYA,MA,ANE,EN,Federal Contract Tower,2,56,36,0,94,0,32,54,2,88,2,88,90,2,182,26,0,26,208
07/18/2022,HYA,MA,ANE,EN,Federal Contract Tower,2,78,75,0,155,0,0,0,0,0,2,78,75,0,155,0,0,0,155
07/19/2022,HYA,MA,ANE,EN,Federal Contract Tower,2,44,20,0,66,0,46,83,8,137,2,90,103,8,203,34,0,34,237
07/20/2022,HYA,MA,ANE,EN,Federal Contract Tower,2,61,23,0,86,0,40,79,6,125,2,101,102,6,211,34,0,34,245
07/21/2022,HYA,MA,ANE,EN,Federal Contract Tower,2,89,95,0,186,0,0,0,0,0,2,89,95,0,186,0,0,0,186
07/22/2022,HYA,MA,ANE,EN,Federal Contract Tower,2,48,26,0,76,0,37,72,0,109,2,85,98,0,185,24,0,24,209
07/23/2022,HYA,MA,ANE,EN,Federal Contract Tower,2,48,30,0,80,0,28,72,11,111,2,76,102,11,191,0,0,0,191
07/24/2022,HYA,MA,ANE,EN,Federal Contract Tower,2,65,39,0,106,0,16,28,5,49,2,81,67,5,155,6,0,6,161
07/25/2022,HYA,MA,ANE,EN,Federal Contract Tower,1,70,47,0,118,0,0,0,0,0,1,70,47,0,118,0,0,0,118
07/26/2022,HYA,MA,ANE,EN,Federal Contract Tower,3,45,22,8,78,0,50,81,4,135,3,95,103,12,213,58,0,58,271
07/27/2022,HYA,MA,ANE,EN,Federal Contract Tower,2,38,36,0,76,0,58,87,2,147,2,96,123,2,223,66,0,66,289
07/28/2022,HYA,MA,ANE,EN,Federal Contract Tower,2,59,29,0,90,0,48,71,8,127,2,107,100,8,217,18,0,18,235
07/29/2022,HYA,MA,ANE,EN,Federal Contract Tower,2,54,35,0,91,56,86,0,0,142,58,140,35,0,233,16,0,16,249
07/30/2022,HYA,MA,ANE,EN,Federal Contract Tower,2,49,30,0,81,0,59,72,0,131,2,108,102,0,212,18,0,18,230
07/31/2022,HYA,MA,ANE,EN,Federal Contract Tower,2,54,27,0,83,0,36,88,0,124,2,90,115,0,207,8,0,8,215
08/01/2022,HYA,MA,ANE,EN,Federal Contract Tower,2,65,27,0,94,0,40,35,0,75,2,105,62,0,169,22,0,22,191
08/02/2022,HYA,MA,ANE,EN,Federal Contract Tower,2,69,20,0,91,0,43,68,1,112,2,112,88,1,203,28,8,36,239
08/03/2022,HYA,MA,ANE,EN,Federal Contract Tower,2,54,23,4,83,0,49,98,0,147,2,103,121,4,230,28,0,28,258
08/04/2022,HYA,MA,ANE,EN,Federal Contract Tower,2,81,50,0,133,0,27,40,2,69,2,108,90,2,202,0,0,0,202
08/05/2022,HYA,MA,ANE,EN,Federal Contract Tower,2,66,38,0,106,0,20,50,0,70,2,86,88,0,176,0,0,0,176
08/07/2022,HYA,MA,ANE,EN,Federal Contract Tower,2,56,46,1,105,0,20,41,0,61,2,76,87,1,166,2,0,2,168
08/08/2022,HYA,MA,ANE,EN,Federal Contract Tower,2,41,29,0,72,0,40,58,0,98,2,81,87,0,170,34,0,34,204
08/09/2022,HYA,MA,ANE,EN,Federal Contract Tower,2,43,23,0,68,0,32,54,2,88,2,75,77,2,156,12,0,12,168
08/10/2022,HYA,MA,ANE,EN,Federal Contract Tower,2,83,42,0,127,0,10,10,0,20,2,93,52,0,147,0,0,0,147
08/11/2022,HYA,MA,ANE,EN,Federal Contract Tower,2,75,51,0,128,0,6,6,0,12,2,81,57,0,140,0,0,0,140
08/12/2022,HYA,MA,ANE,EN,Federal Contract Tower,2,74,32,0,108,0,23,41,0,64,2,97,73,0,172,14,0,14,186
08/13/2022,HYA,MA,ANE,EN,Federal Contract Tower,2,45,23,0,70,0,36,68,0,104,2,81,91,0,174,16,0,16,190
08/14/2022,HYA,MA,ANE,EN,Federal Contract Tower,2,44,29,0,75,0,37,62,0,99,2,81,91,0,174,56,0,56,230
08/15/2022,HYA,MA,ANE,EN,Federal Contract Tower,2,55,27,0,84,0,28,77,0,105,2,83,104,0,189,52,0,52,241
08/16/2022,HYA,MA,ANE,EN,Federal Contract Tower,2,54,18,0,74,0,41,60,0,101,2,95,78,0,175,28,0,28,203
08/17/2022,HYA,MA,ANE,EN,Federal Contract Tower,2,78,22,0,102,0,38,50,0,88,2,116,72,0,190,14,0,14,204
08/18/2022,HYA,MA,ANE,EN,Federal Contract Tower,2,44,33,0,79,0,38,64,0,102,2,82,97,0,181,14,0,14,195
08/19/2022,HYA,MA,ANE,EN,Federal Contract Tower,2,51,25,0,78,0,32,106,0,138,2,83,131,0,216,14,0,14,230
08/20/2022,HYA,MA,ANE,EN,Federal Contract Tower,2,42,20,0,64,0,32,61,0,93,2,74,81,0,157,36,0,36,193
08/21/2022,HYA,MA,ANE,EN,Federal Contract Tower,2,50,19,0,71,0,24,37,0,61,2,74,56,0,132,6,0,6,138
08/22/2022,HYA,MA,ANE,EN,Federal Contract Tower,2,59,38,0,99,0,7,10,0,17,2,66,48,0,116,0,0,0,116
08/23/2022,HYA,MA,ANE,EN,Federal Contract Tower,2,63,38,2,105,0,1,7,0,8,2,64,45,2,113,0,0,0,113
08/24/2022,HYA,MA,ANE,EN,Federal Contract Tower,2,46,35,0,83,0,36,66,0,102,2,82,101,0,185,44,0,44,229
08/25/2022,HYA,MA,ANE,EN,Federal Contract Tower,2,56,21,0,79,0,35,89,0,124,2,91,110,0,203,96,0,96,299
08/26/2022,HYA,MA,ANE,EN,Federal Contract Tower,2,55,23,0,80,0,42,62,0,104,2,97,85,0,184,50,0,50,234
08/27/2022,HYA,MA,ANE,EN,Federal Contract Tower,2,48,37,0,87,0,11,7,0,18,2,59,44,0,105,6,0,6,111
08/28/2022,HYA,MA,ANE,EN,Federal Contract Tower,2,31,28,0,61,0,19,67,0,86,2,50,95,0,147,26,0,26,173
08/29/2022,HYA,MA,ANE,EN,Federal Contract Tower,2,29,18,0,49,0,26,45,2,73,2,55,63,2,122,16,30,46,168
08/30/2022,HYA,MA,ANE,EN,Federal Contract Tower,2,41,32,0,75,0,18,34,0,52,2,59,66,0,127,8,0,8,135
08/31/2022,HYA,MA,ANE,EN,Federal Contract Tower,2,49,23,10,84,0,26,49,0,75,2,75,72,10,159,16,0,16,175
09/01/2022,HYA,MA,ANE,EN,Federal Contract Tower,2,55,14,0,71,0,54,68,0,122,2,109,82,0,193,62,0,62,255
09/02/2022,HYA,MA,ANE,EN,Federal Contract Tower,2,50,12,0,64,0,54,87,4,145,2,104,99,4,209,6,0,6,215
09/03/2022,HYA,MA,ANE,EN,Federal Contract Tower,2,21,10,0,33,0,26,62,0,88,2,47,72,0,121,8,0,8,129
09/04/2022,HYA,MA,ANE,EN,Federal Contract Tower,2,22,8,0,32,0,30,40,0,70,2,52,48,0,102,14,0,14,116
09/05/2022,HYA,MA,ANE,EN,Federal Contract Tower,2,44,23,0,69,0,18,33,0,51,2,62,56,0,120,32,26,58,178
09/06/2022,HYA,MA,ANE,EN,Federal Contract Tower,2,52,20,3,77,0,14,20,0,34,2,66,40,3,111,0,0,0,111
09/07/2022,HYA,MA,ANE,EN,Federal Contract Tower,0,50,22,0,72,0,31,25,0,56,0,81,47,0,128,16,0,16,144
09/08/2022,HYA,MA,ANE,EN,Federal Contract Tower,2,37,22,0,61,0,44,45,0,89,2,81,67,0,150,24,0,24,174
09/09/2022,HYA,MA,ANE,EN,Federal Contract Tower,2,40,20,2,64,0,31,45,0,76,2,71,65,2,140,46,0,46,186
09/10/2022,HYA,MA,ANE,EN,Federal Contract Tower,0,21,14,0,35,0,26,44,0,70,0,47,58,0,105,40,0,40,145
09/11/2022,HYA,MA,ANE,EN,Federal Contract Tower,2,20,38,0,60,0,23,35,0,58,2,43,73,0,118,6,0,6,124
09/12/2022,HYA,MA,ANE,EN,Federal Contract Tower,2,54,42,0,98,0,1,4,0,5,2,55,46,0,103,0,0,0,103
09/13/2022,HYA,MA,ANE,EN,Federal Contract Tower,0,68,28,0,96,0,1,2,0,3,0,69,30,0,99,0,0,0,99
09/14/2022,HYA,MA,ANE,EN,Federal Contract Tower,0,43,18,0,61,0,36,58,0,94,0,79,76,0,155,40,0,40,195
09/15/2022,HYA,MA,ANE,EN,Federal Contract Tower,2,54,16,0,72,0,61,70,0,131,2,115,86,0,203,48,6,54,257
09/16/2022,HYA,MA,ANE,EN,Federal Contract Tower,2,47,30,0,79,0,61,83,0,144,2,108,113,0,223,88,0,88,311
09/17/2022,HYA,MA,ANE,EN,Federal Contract Tower,0,20,8,0,28,0,30,56,0,86,0,50,64,0,114,78,0,78,192
09/18/2022,HYA,MA,ANE,EN,Federal Contract Tower,2,32,22,0,56,0,30,27,2,59,2,62,49,2,115,12,0,12,127
09/19/2022,HYA,MA,ANE,EN,Federal Contract Tower,2,68,40,0,110,0,2,1,0,3,2,70,41,0,113,8,0,8,121
09/20/2022,HYA,MA,ANE,EN,Federal Contract Tower,0,84,24,0,108,0,14,27,0,41,0,98,51,0,149,10,0,10,159
09/21/2022,HYA,MA,ANE,EN,Federal Contract Tower,0,65,24,0,89,0,23,35,0,58,0,88,59,0,147,12,0,12,159
09/22/2022,HYA,MA,ANE,EN,Federal Contract Tower,2,48,21,0,71,0,12,13,0,25,2,60,34,0,96,16,0,16,112
09/23/2022,HYA,MA,ANE,EN,Federal Contract Tower,2,55,20,0,77,0,38,45,0,83,2,93,65,0,160,64,0,64,224
09/24/2022,HYA,MA,ANE,EN,Federal Contract Tower,0,19,9,0,28,0,29,45,0,74,0,48,54,0,102,20,0,20,122
09/25/2022,HYA,MA,ANE,EN,Federal Contract Tower,2,22,17,0,41,0,15,25,0,40,2,37,42,0,81,36,0,36,117
09/26/2022,HYA,MA,ANE,EN,Federal Contract Tower,2,25,10,0,37,0,28,37,0,65,2,53,47,0,102,30,0,30,132
09/27/2022,HYA,MA,ANE,EN,Federal Contract Tower,0,28,5,0,33,0,33,39,0,72,0,61,44,0,105,46,2,48,153
09/28/2022,HYA,MA,ANE,EN,Federal Contract Tower,0,36,16,0,52,0,32,65,0,97,0,68,81,0,149,42,2,44,193
09/29/2022,HYA,MA,ANE,EN,Federal Contract Tower,2,34,15,0,51,0,50,57,0,107,2,84,72,0,158,58,0,58,216
09/30/2022,HYA,MA,ANE,EN,Federal Contract Tower,2,27,19,0,48,0,43,73,0,116,2,70,92,0,164,50,0,50,214
10/01/2022,HYA,MA,ANE,EN,Federal Contract Tower,0,39,26,0,65,6,0,0,0,6,6,39,26,0,71,4,0,4,75
10/02/2022,HYA,MA,ANE,EN,Federal Contract Tower,2,33,9,0,44,0,8,1,0,9,2,41,10,0,53,0,0,0,53
10/03/2022,HYA,MA,ANE,EN,Federal Contract Tower,2,33,7,0,42,0,40,56,0,96,2,73,63,0,138,48,0,48,186
10/04/2022,HYA,MA,ANE,EN,Federal Contract Tower,0,51,17,2,70,0,0,8,0,8,0,51,25,2,78,0,0,0,78
10/05/2022,HYA,MA,ANE,EN,Federal Contract Tower,0,21,15,0,36,0,0,0,0,0,0,21,15,0,36,0,0,0,36
10/06/2022,HYA,MA,ANE,EN,Federal Contract Tower,2,56,36,0,94,0,8,23,0,31,2,64,59,0,125,2,0,2,127
10/07/2022,HYA,MA,ANE,EN,Federal Contract Tower,2,30,13,0,45,0,44,53,0,97,2,74,66,0,142,50,0,50,192
10/08/2022,HYA,MA,ANE,EN,Federal Contract Tower,0,24,7,0,31,0,20,35,0,55,0,44,42,0,86,70,0,70,156
10/09/2022,HYA,MA,ANE,EN,Federal Contract Tower,2,13,11,0,26,0,27,48,0,75,2,40,59,0,101,20,0,20,121
10/10/2022,HYA,MA,ANE,EN,Federal Contract Tower,2,19,12,0,33,0,37,51,0,88,2,56,63,0,121,90,0,90,211
10/11/2022,HYA,MA,ANE,EN,Federal Contract Tower,0,21,11,0,32,0,28,68,0,96,0,49,79,0,128,68,0,68,196
10/12/2022,HYA,MA,ANE,EN,Federal Contract Tower,0,26,9,0,35,0,38,48,0,86,0,64,57,0,121,36,0,36,157
10/13/2022,HYA,MA,ANE,EN,Federal Contract Tower,0,39,14,0,53,0,47,53,0,100,0,86,67,0,153,28,0,28,181
10/14/2022,HYA,MA,ANE,EN,Federal Contract Tower,0,37,37,0,74,0,0,8,0,8,0,37,45,0,82,0,0,0,82
10/15/2022,HYA,MA,ANE,EN,Federal Contract Tower,0,24,17,0,41,0,18,34,0,52,0,42,51,0,93,34,0,34,127
10/16/2022,HYA,MA,ANE,EN,Federal Contract Tower,0,15,11,0,26,0,36,41,0,77,0,51,52,0,103,44,0,44,147
10/17/2022,HYA,MA,ANE,EN,Federal Contract Tower,0,20,23,0,43,0,34,35,0,69,0,54,58,0,112,58,0,58,170
10/18/2022,HYA,MA,ANE,EN,Federal Contract Tower,0,39,26,0,65,0,15,14,0,29,0,54,40,0,94,36,0,36,130
10/19/2022,HYA,MA,ANE,EN,Federal Contract Tower,0,22,8,0,30,0,49,66,0,115,0,71,74,0,145,48,0,48,193
10/20/2022,HYA,MA,ANE,EN,Federal Contract Tower,0,26,13,0,39,0,58,52,2,112,0,84,65,2,151,30,0,30,181
10/21/2022,HYA,MA,ANE,EN,Federal Contract Tower,0,24,20,0,44,0,36,68,0,104,0,60,88,0,148,22,0,22,170
10/22/2022,HYA,MA,ANE,EN,Federal Contract Tower,0,17,12,0,29,0,23,46,0,69,0,40,58,0,98,20,0,20,118
10/23/2022,HYA,MA,ANE,EN,Federal Contract Tower,0,25,12,0,37,0,12,8,0,20,0,37,20,0,57,34,0,34,91
10/24/2022,HYA,MA,ANE,EN,Federal Contract Tower,0,37,25,0,62,0,0,0,0,0,0,37,25,0,62,0,0,0,62
10/25/2022,HYA,MA,ANE,EN,Federal Contract Tower,0,49,14,0,63,0,0,0,0,0,0,49,14,0,63,0,0,0,63
10/26/2022,HYA,MA,ANE,EN,Federal Contract Tower,0,36,34,0,70,0,0,0,0,0,0,36,34,0,70,0,0,0,70
10/27/2022,HYA,MA,ANE,EN,Federal Contract Tower,0,35,19,0,54,0,82,59,4,145,0,117,78,4,199,164,0,164,363
10/28/2022,HYA,MA,ANE,EN,Federal Contract Tower,0,28,12,0,40,0,53,52,0,105,0,81,64,0,145,44,0,44,189
10/29/2022,HYA,MA,ANE,EN,Federal Contract Tower,0,20,12,0,32,0,56,36,0,92,0,76,48,0,124,62,0,62,186
10/30/2022,HYA,MA,ANE,EN,Federal Contract Tower,0,14,15,0,29,0,18,25,0,43,0,32,40,0,72,26,0,26,98
10/31/2022,HYA,MA,ANE,EN,Federal Contract Tower,0,62,27,1,90,0,20,26,0,46,0,82,53,1,136,46,0,46,182
11/01/2022,HYA,MA,ANE,EN,Federal Contract Tower,0,52,30,0,82,0,0,0,0,0,0,52,30,0,82,0,0,0,82
11/02/2022,HYA,MA,ANE,EN,Federal Contract Tower,0,29,8,10,47,0,49,59,0,108,0,78,67,10,155,54,12,66,221
11/03/2022,HYA,MA,ANE,EN,Federal Contract Tower,0,25,11,0,36,0,52,47,0,99,0,77,58,0,135,22,14,36,171
11/04/2022,HYA,MA,ANE,EN,Federal Contract Tower,0,20,8,0,28,0,48,50,0,98,0,68,58,0,126,30,0,30,156
11/05/2022,HYA,MA,ANE,EN,Federal Contract Tower,0,6,9,0,15,0,36,94,0,130,0,42,103,0,145,38,0,38,183
11/06/2022,HYA,MA,ANE,EN,Federal Contract Tower,0,15,11,0,26,0,16,15,0,31,0,31,26,0,57,20,0,20,77
11/07/2022,HYA,MA,ANE,EN,Federal Contract Tower,0,11,9,0,20,0,23,37,0,60,0,34,46,0,80,70,6,76,156
11/08/2022,HYA,MA,ANE,EN,Federal Contract Tower,0,15,9,0,24,0,24,30,0,54,0,39,39,0,78,16,0,16,94
11/09/2022,HYA,MA,ANE,EN,Federal Contract Tower,0,20,12,0,32,0,44,58,0,102,0,64,70,0,134,44,0,44,178
11/10/2022,HYA,MA,ANE,EN,Federal Contract Tower,0,17,6,0,23,0,53,42,0,95,0,70,48,0,118,98,0,98,216
11/11/2022,HYA,MA,ANE,EN,Federal Contract Tower,0,10,9,0,19,0,43,59,0,102,0,53,68,0,121,38,0,38,159
11/12/2022,HYA,MA,ANE,EN,Federal Contract Tower,0,7,3,0,10,0,21,4,0,25,0,28,7,0,35,0,0,0,35
11/13/2022,HYA,MA,ANE,EN,Federal Contract Tower,0,15,11,0,26,0,3,0,0,3,0,18,11,0,29,0,0,0,29
11/14/2022,HYA,MA,ANE,EN,Federal Contract Tower,0,15,8,0,23,0,25,43,0,68,0,40,51,0,91,14,0,14,105
11/15/2022,HYA,MA,ANE,EN,Federal Contract Tower,0,14,4,0,18,0,29,60,0,89,0,43,64,0,107,14,0,14,121
11/16/2022,HYA,MA,ANE,EN,Federal Contract Tower,0,34,16,0,50,0,0,10,0,10,0,34,26,0,60,0,0,0,60
11/17/2022,HYA,MA,ANE,EN,Federal Contract Tower,0,23,4,0,27,0,53,63,0,116,0,76,67,0,143,96,0,96,239
11/18/2022,HYA,MA,ANE,EN,Federal Contract Tower,0,18,4,0,22,0,47,62,0,109,0,65,66,0,131,52,0,52,183
11/19/2022,HYA,MA,ANE,EN,Federal Contract Tower,0,16,9,2,27,0,37,39,0,76,0,53,48,2,103,36,0,36,139
11/20/2022,HYA,MA,ANE,EN,Federal Contract Tower,0,16,12,0,28,0,15,10,0,25,0,31,22,0,53,2,0,2,55
11/21/2022,HYA,MA,ANE,EN,Federal Contract Tower,0,23,5,0,28,0,45,38,0,83,0,68,43,0,111,42,0,42,153
11/22/2022,HYA,MA,ANE,EN,Federal Contract Tower,0,45,18,0,63,0,38,51,0,89,0,83,69,0,152,64,0,64,216
11/23/2022,HYA,MA,ANE,EN,Federal Contract Tower,0,43,14,0,57,0,24,14,0,38,0,67,28,0,95,0,0,0,95
11/24/2022,HYA,MA,ANE,EN,Federal Contract Tower,0,17,7,0,24,0,1,4,0,5,0,18,11,0,29,0,0,0,29
11/25/2022,HYA,MA,ANE,EN,Federal Contract Tower,0,27,13,0,40,0,0,0,0,0,0,27,13,0,40,0,0,0,40
11/26/2022,HYA,MA,ANE,EN,Federal Contract Tower,0,30,16,0,46,0,9,5,0,14,0,39,21,0,60,0,0,0,60
11/27/2022,HYA,MA,ANE,EN,Federal Contract Tower,0,35,10,0,45,0,9,5,0,14,0,44,15,0,59,0,0,0,59
11/28/2022,HYA,MA,ANE,EN,Federal Contract Tower,0,28,14,0,42,0,43,26,2,71,0,71,40,2,113,58,0,58,171
11/29/2022,HYA,MA,ANE,EN,Federal Contract Tower,0,20,6,0,26,0,28,38,1,67,0,48,44,1,93,70,0,70,163
11/30/2022,HYA,MA,ANE,EN,Federal Contract Tower,0,15,3,0,18,0,33,27,0,60,0,48,30,0,78,22,0,22,100
12/01/2022,HYA,MA,ANE,EN,Federal Contract Tower,0,15,3,0,18,0,58,30,0,88,0,73,33,0,106,28,0,28,134
12/02/2022,HYA,MA,ANE,EN,Federal Contract Tower,0,24,5,0,29,0,40,46,0,86,0,64,51,0,115,24,0,24,139
12/03/2022,HYA,MA,ANE,EN,Federal Contract Tower,0,14,1,0,15,0,16,6,0,22,0,30,7,0,37,4,0,4,41
12/04/2022,HYA,MA,ANE,EN,Federal Contract Tower,0,10,10,0,20,0,32,24,0,56,0,42,34,0,76,26,0,26,102
12/05/2022,HYA,MA,ANE,EN,Federal Contract Tower,0,13,4,0,17,0,33,54,0,87,0,46,58,0,104,60,0,60,164
12/06/2022,HYA,MA,ANE,EN,Federal Contract Tower,0,13,7,0,20,0,20,31,0,51,0,33,38,0,71,16,0,16,87
12/07/2022,HYA,MA,ANE,EN,Federal Contract Tower,0,32,19,0,51,0,0,0,0,0,0,32,19,0,51,0,0,0,51
12/08/2022,HYA,MA,ANE,EN,Federal Contract Tower,0,18,6,0,24,0,45,39,1,85,0,63,45,1,109,14,0,14,123
12/09/2022,HYA,MA,ANE,EN,Federal Contract Tower,0,11,1,0,12,0,30,40,0,70,0,41,41,0,82,4,6,10,92
12/10/2022,HYA,MA,ANE,EN,Federal Contract Tower,0,17,4,0,21,0,7,3,0,10,0,24,7,0,31,0,0,0,31
12/11/2022,HYA,MA,ANE,EN,Federal Contract Tower,0,8,1,0,9,0,3,0,0,3,0,11,1,0,12,0,0,0,12
12/12/2022,HYA,MA,ANE,EN,Federal Contract Tower,0,10,2,0,12,0,13,25,0,38,0,23,27,0,50,0,0,0,50
12/13/2022,HYA,MA,ANE,EN,Federal Contract Tower,0,13,0,0,13,0,35,61,0,96,0,48,61,0,109,48,0,48,157
12/14/2022,HYA,MA,ANE,EN,Federal Contract Tower,0,15,2,0,17,0,46,28,0,74,0,61,30,0,91,18,6,24,115
12/15/2022,HYA,MA,ANE,EN,Federal Contract Tower,0,32,9,0,41,0,30,29,2,61,0,62,38,2,102,0,12,12,114
12/16/2022,HYA,MA,ANE,EN,Federal Contract Tower,0,22,8,0,30,0,0,0,0,0,0,22,8,0,30,0,0,0,30
12/17/2022,HYA,MA,ANE,EN,Federal Contract Tower,0,23,8,0,31,0,10,6,0,16,0,33,14,0,47,26,0,26,73
12/18/2022,HYA,MA,ANE,EN,Federal Contract Tower,0,11,0,0,11,0,14,20,0,34,0,25,20,0,45,30,0,30,75
12/19/2022,HYA,MA,ANE,EN,Federal Contract Tower,0,12,7,0,19,0,36,24,0,60,0,48,31,0,79,54,0,54,133
12/20/2022,HYA,MA,ANE,EN,Federal Contract Tower,0,14,11,0,25,0,31,36,0,67,0,45,47,0,92,60,0,60,152
12/21/2022,HYA,MA,ANE,EN,Federal Contract Tower,0,14,7,0,21,0,33,43,0,76,0,47,50,0,97,4,0,4,101
12/22/2022,HYA,MA,ANE,EN,Federal Contract Tower,0,36,14,0,50,0,44,42,0,86,0,80,56,0,136,44,0,44,180
12/23/2022,HYA,MA,ANE,EN,Federal Contract Tower,0,1,0,0,1,0,0,0,0,0,0,1,0,0,1,0,0,0,1
12/24/2022,HYA,MA,ANE,EN,Federal Contract Tower,0,16,9,0,25,0,5,1,0,6,0,21,10,0,31,0,0,0,31
12/25/2022,HYA,MA,ANE,EN,Federal Contract Tower,0,7,5,0,12,0,4,0,0,4,0,11,5,0,16,0,0,0,16
12/26/2022,HYA,MA,ANE,EN,Federal Contract Tower,0,17,10,0,27,0,23,14,0,37,0,40,24,0,64,16,0,16,80
12/27/2022,HYA,MA,ANE,EN,Federal Contract Tower,0,18,6,0,24,0,28,42,0,70,0,46,48,0,94,38,0,38,132
12/28/2022,HYA,MA,ANE,EN,Federal Contract Tower,0,17,5,2,24,0,39,51,0,90,0,56,56,2,114,72,0,72,186
12/29/2022,HYA,MA,ANE,EN,Federal Contract Tower,0,22,12,0,34,0,46,40,0,86,0,68,52,0,120,20,0,20,140
12/30/2022,HYA,MA,ANE,EN,Federal Contract Tower,0,15,7,0,22,0,34,36,0,70,0,49,43,0,92,54,2,56,148
12/31/2022,HYA,MA,ANE,EN,Federal Contract Tower,0,34,4,0,38,0,0,0,0,0,0,34,4,0,38,0,0,0,38
01/01/2023,HYA,MA,ANE,EN,Federal Contract Tower,0,7,1,0,8,0,12,14,0,26,0,19,15,0,34,6,0,6,40
01/02/2023,HYA,MA,ANE,EN,Federal Contract Tower,0,12,8,0,20,0,12,35,0,47,0,24,43,0,67,54,0,54,121
01/03/2023,HYA,MA,ANE,EN,Federal Contract Tower,0,20,15,0,35,0,13,14,0,27,0,33,29,0,62,4,0,4,66
01/04/2023,HYA,MA,ANE,EN,Federal Contract Tower,0,24,15,0,39,0,0,0,0,0,0,24,15,0,39,0,0,0,39
01/05/2023,HYA,MA,ANE,EN,Federal Contract Tower,0,55,15,0,70,0,0,0,0,0,0,55,15,0,70,0,0,0,70
01/06/2023,HYA,MA,ANE,EN,Federal Contract Tower,0,31,17,0,48,0,0,0,0,0,0,31,17,0,48,0,0,0,48
01/07/2023,HYA,MA,ANE,EN,Federal Contract Tower,0,16,7,0,23,0,6,21,0,27,0,22,28,0,50,24,0,24,74
01/08/2023,HYA,MA,ANE,EN,Federal Contract Tower,0,11,10,2,23,0,14,23,0,37,0,25,33,2,60,46,0,46,106
01/09/2023,HYA,MA,ANE,EN,Federal Contract Tower,0,9,4,0,13,0,29,22,0,51,0,38,26,0,64,18,0,18,82
01/10/2023,HYA,MA,ANE,EN,Federal Contract Tower,0,8,8,0,16,0,31,38,1,70,0,39,46,1,86,48,2,50,136
01/11/2023,HYA,MA,ANE,EN,Federal Contract Tower,0,21,13,0,34,0,31,35,0,66,0,52,48,0,100,40,12,52,152
01/12/2023,HYA,MA,ANE,EN,Federal Contract Tower,0,23,6,0,29,0,39,14,0,53,0,62,20,0,82,44,0,44,126
01/13/2023,HYA,MA,ANE,EN,Federal Contract Tower,0,33,15,0,48,0,7,0,0,7,0,40,15,0,55,0,0,0,55
01/14/2023,HYA,MA,ANE,EN,Federal Contract Tower,0,11,7,0,18,0,0,0,0,0,0,11,7,0,18,0,0,0,18
01/15/2023,HYA,MA,ANE,EN,Federal Contract Tower,0,6,0,0,6,0,0,0,0,0,0,6,0,0,6,0,0,0,6
01/16/2023,HYA,MA,ANE,EN,Federal Contract Tower,0,15,14,0,29,0,0,16,0,16,0,15,30,0,45,0,0,0,45
01/17/2023,HYA,MA,ANE,EN,Federal Contract Tower,0,17,10,0,27,0,40,36,0,76,0,57,46,0,103,72,0,72,175
01/18/2023,HYA,MA,ANE,EN,Federal Contract Tower,0,27,9,0,36,0,40,42,0,82,0,67,51,0,118,44,0,44,162
01/19/2023,HYA,MA,ANE,EN,Federal Contract Tower,0,27,7,0,34,0,50,23,0,73,0,77,30,0,107,28,2,30,137
01/20/2023,HYA,MA,ANE,EN,Federal Contract Tower,0,40,24,0,64,0,0,1,0,1,0,40,25,0,65,0,0,0,65
01/21/2023,HYA,MA,ANE,EN,Federal Contract Tower,0,28,4,0,32,0,8,6,0,14,0,36,10,0,46,8,0,8,54
01/22/2023,HYA,MA,ANE,EN,Federal Contract Tower,0,23,10,0,33,0,13,18,0,31,0,36,28,0,64,36,0,36,100
01/23/2023,HYA,MA,ANE,EN,Federal Contract Tower,0,22,25,0,47,0,0,0,0,0,0,22,25,0,47,0,0,0,47
01/24/2023,HYA,MA,ANE,EN,Federal Contract Tower,0,10,12,0,22,0,47,47,0,94,0,57,59,0,116,24,0,24,140
01/25/2023,HYA,MA,ANE,EN,Federal Contract Tower,0,13,4,0,17,0,48,36,0,84,0,61,40,0,101,74,0,74,175
01/26/2023,HYA,MA,ANE,EN,Federal Contract Tower,0,18,8,0,26,0,26,5,0,31,0,44,13,0,57,20,0,20,77
01/27/2023,HYA,MA,ANE,EN,Federal Contract Tower,0,17,8,0,25,0,46,53,0,99,0,63,61,0,124,38,0,38,162
01/28/2023,HYA,MA,ANE,EN,Federal Contract Tower,0,7,6,0,13,0,33,26,0,59,0,40,32,0,72,50,0,50,122
01/29/2023,HYA,MA,ANE,EN,Federal Contract Tower,0,9,1,0,10,0,24,25,0,49,0,33,26,0,59,40,0,40,99
01/30/2023,HYA,MA,ANE,EN,Federal Contract Tower,0,5,0,0,5,0,38,44,0,82,0,43,44,0,87,38,0,38,125
01/31/2023,HYA,MA,ANE,EN,Federal Contract Tower,0,26,8,0,34,0,18,12,0,30,0,44,20,0,64,4,0,4,68
02/01/2023,HYA,MA,ANE,EN,Federal Contract Tower,0,16,15,0,31,0,30,21,0,51,0,46,36,0,82,24,0,24,106
02/02/2023,HYA,MA,ANE,EN,Federal Contract Tower,0,11,0,0,11,0,50,36,1,87,0,61,36,1,98,56,20,76,174
02/03/2023,HYA,MA,ANE,EN,Federal Contract Tower,0,15,1,0,16,0,23,21,0,44,0,38,22,0,60,0,0,0,60
02/04/2023,HYA,MA,ANE,EN,Federal Contract Tower,0,1,2,0,3,0,7,2,0,9,0,8,4,0,12,0,0,0,12
02/05/2023,HYA,MA,ANE,EN,Federal Contract Tower,0,7,1,0,8,0,20,7,0,27,0,27,8,0,35,10,0,10,45
02/06/2023,HYA,MA,ANE,EN,Federal Contract Tower,0,12,5,0,17,0,23,25,0,48,0,35,30,0,65,22,0,22,87
02/07/2023,HYA,MA,ANE,EN,Federal Contract Tower,0,16,1,0,17,0,27,31,0,58,0,43,32,0,75,20,0,20,95
02/08/2023,HYA,MA,ANE,EN,Federal Contract Tower,0,25,4,0,29,0,33,28,0,61,0,58,32,0,90,22,0,22,112
02/09/2023,HYA,MA,ANE,EN,Federal Contract Tower,0,26,1,0,27,0,42,25,0,67,0,68,26,0,94,8,0,8,102
02/10/2023,HYA,MA,ANE,EN,Federal Contract Tower,0,24,14,0,38,0,13,17,0,30,0,37,31,0,68,8,0,8,76
02/11/2023,HYA,MA,ANE,EN,Federal Contract Tower,0,10,3,0,13,0,15,26,0,41,0,25,29,0,54,8,0,8,62
02/12/2023,HYA,MA,ANE,EN,Federal Contract Tower,0,9,9,0,18,0,18,39,0,57,0,27,48,0,75,22,0,22,97
02/13/2023,HYA,MA,ANE,EN,Federal Contract Tower,0,26,16,0,42,0,3,8,0,11,0,29,24,0,53,0,0,0,53
02/14/2023,HYA,MA,ANE,EN,Federal Contract Tower,0,12,9,0,21,0,26,33,0,59,0,38,42,0,80,6,0,6,86
02/15/2023,HYA,MA,ANE,EN,Federal Contract Tower,0,32,4,0,36,0,28,28,0,56,0,60,32,0,92,8,0,8,100
02/16/2023,HYA,MA,ANE,EN,Federal Contract Tower,0,17,16,0,33,0,39,37,0,76,0,56,53,0,109,20,32,52,161
02/17/2023,HYA,MA,ANE,EN,Federal Contract Tower,0,17,15,0,32,0,0,0,0,0,0,17,15,0,32,0,0,0,32
02/18/2023,HYA,MA,ANE,EN,Federal Contract Tower,0,11,3,0,14,0,29,34,0,63,0,40,37,0,77,36,6,42,119
02/19/2023,HYA,MA,ANE,EN,Federal Contract Tower,0,3,2,0,5,0,16,29,0,45,0,19,31,0,50,20,8,28,78
02/20/2023,HYA,MA,ANE,EN,Federal Contract Tower,0,31,20,0,51,0,17,19,0,36,0,48,39,0,87,30,0,30,117
02/21/2023,HYA,MA,ANE,EN,Federal Contract Tower,0,23,4,2,29,0,9,8,0,17,0,32,12,2,46,12,0,12,58
02/22/2023,HYA,MA,ANE,EN,Federal Contract Tower,0,19,1,0,20,0,33,37,0,70,0,52,38,0,90,40,0,40,130
02/23/2023,HYA,MA,ANE,EN,Federal Contract Tower,0,32,15,0,47,0,0,0,0,0,0,32,15,0,47,0,0,0,47
02/24/2023,HYA,MA,ANE,EN,Federal Contract Tower,0,11,3,0,14,0,25,20,1,46,0,36,23,1,60,2,0,2,62
02/25/2023,HYA,MA,ANE,EN,Federal Contract Tower,0,11,8,0,19,0,21,19,2,42,0,32,27,2,61,10,0,10,71
02/26/2023,HYA,MA,ANE,EN,Federal Contract Tower,0,11,2,0,13,0,13,15,0,28,0,24,17,0,41,5,0,5,46
02/27/2023,HYA,MA,ANE,EN,Federal Contract Tower,0,9,0,0,9,0,26,36,0,62,0,35,36,0,71,54,0,54,125
02/28/2023,HYA,MA,ANE,EN,Federal Contract Tower,19,7,0,0,26,0,0,0,0,0,19,7,0,0,26,0,0,0,26
03/01/2023,HYA,MA,ANE,EN,Federal Contract Tower,0,21,7,0,28,0,38,41,0,79,0,59,48,0,107,24,12,36,143
03/02/2023,HYA,MA,ANE,EN,Federal Contract Tower,0,31,14,1,46,0,20,11,0,31,0,51,25,1,77,4,16,20,97
03/03/2023,HYA,MA,ANE,EN,Federal Contract Tower,0,17,1,0,18,0,47,47,0,94,0,64,48,0,112,76,0,76,188
03/04/2023,HYA,MA,ANE,EN,Federal Contract Tower,0,6,2,0,8,0,0,0,0,0,0,6,2,0,8,0,0,0,8
03/05/2023,HYA,MA,ANE,EN,Federal Contract Tower,0,9,5,0,14,0,22,27,0,49,0,31,32,0,63,44,0,44,107
03/06/2023,HYA,MA,ANE,EN,Federal Contract Tower,0,5,4,0,9,0,28,28,0,56,0,33,32,0,65,6,0,6,71
03/07/2023,HYA,MA,ANE,EN,Federal Contract Tower,0,12,3,0,15,0,30,35,0,65,0,42,38,0,80,14,0,14,94
03/08/2023,HYA,MA,ANE,EN,Federal Contract Tower,0,18,5,0,23,0,8,12,0,20,0,26,17,0,43,0,0,0,43
03/09/2023,HYA,MA,ANE,EN,Federal Contract Tower,0,16,3,0,19,0,41,31,0,72,0,57,34,0,91,28,0,28,119
03/10/2023,HYA,MA,ANE,EN,Federal Contract Tower,0,14,16,0,30,0,40,55,0,95,0,54,71,0,125,114,0,114,239
03/11/2023,HYA,MA,ANE,EN,Federal Contract Tower,0,23,7,0,30,0,5,2,0,7,0,28,9,0,37,8,0,8,45
03/12/2023,HYA,MA,ANE,EN,Federal Contract Tower,0,14,5,0,19,0,18,4,0,22,0,32,9,0,41,0,0,0,41
03/13/2023,HYA,MA,ANE,EN,Federal Contract Tower,0,17,1,0,18,0,21,32,0,53,0,38,33,0,71,60,6,66,137
03/14/2023,HYA,MA,ANE,EN,Federal Contract Tower,0,6,3,0,9,0,1,1,0,2,0,7,4,0,11,0,4,4,15
03/15/2023,HYA,MA,ANE,EN,Federal Contract Tower,0,16,2,0,18,0,35,26,0,61,0,51,28,0,79,6,6,12,91
03/16/2023,HYA,MA,ANE,EN,Federal Contract Tower,0,48,3,0,51,0,53,38,0,91,0,101,41,0,142,48,0,48,190
03/17/2023,HYA,MA,ANE,EN,Federal Contract Tower,0,14,5,0,19,0,37,48,0,85,0,51,53,0,104,32,2,34,138
03/18/2023,HYA,MA,ANE,EN,Federal Contract Tower,0,21,5,0,26,0,12,12,0,24,0,33,17,0,50,14,2,16,66
03/19/2023,HYA,MA,ANE,EN,Federal Contract Tower,0,8,10,0,18,0,19,16,0,35,0,27,26,0,53,6,0,6,59
03/20/2023,HYA,MA,ANE,EN,Federal Contract Tower,0,10,0,0,10,0,30,40,0,70,0,40,40,0,80,50,0,50,130
03/21/2023,HYA,MA,ANE,EN,Federal Contract Tower,0,14,5,0,19,0,33,51,0,84,0,47,56,0,103,20,0,20,123
03/22/2023,HYA,MA,ANE,EN,Federal Contract Tower,0,16,3,0,19,0,38,60,0,98,0,54,63,0,117,50,0,50,167
03/23/2023,HYA,MA,ANE,EN,Federal Contract Tower,0,38,15,0,53,0,8,8,0,16,0,46,23,0,69,0,0,0,69
03/24/2023,HYA,MA,ANE,EN,Federal Contract Tower,0,16,4,0,20,0,37,46,0,83,0,53,50,0,103,34,0,34,137
03/25/2023,HYA,MA,ANE,EN,Federal Contract Tower,0,12,6,0,18,0,24,17,0,41,0,36,23,0,59,28,0,28,87
03/26/2023,HYA,MA,ANE,EN,Federal Contract Tower,0,12,7,0,19,0,12,22,0,34,0,24,29,0,53,10,0,10,63
03/27/2023,HYA,MA,ANE,EN,Federal Contract Tower,0,9,2,0,11,0,21,43,4,68,0,30,45,4,79,18,0,18,97
03/28/2023,HYA,MA,ANE,EN,Federal Contract Tower,0,38,0,0,38,0,10,22,0,32,0,48,22,0,70,10,0,10,80
03/29/2023,HYA,MA,ANE,EN,Federal Contract Tower,0,15,21,0,36,0,45,56,2,103,0,60,77,2,139,16,0,16,155
03/30/2023,HYA,MA,ANE,EN,Federal Contract Tower,0,34,3,0,37,0,32,26,0,58,0,66,29,0,95,8,0,8,103
03/31/2023,HYA,MA,ANE,EN,Federal Contract Tower,0,11,5,0,16,0,34,43,2,79,0,45,48,2,95,58,20,78,173
04/01/2023,HYA,MA,ANE,EN,Federal Contract Tower,0,26,0,0,26,0,0,0,0,0,0,26,0,0,26,0,0,0,26
04/02/2023,HYA,MA,ANE,EN,Federal Contract Tower,0,12,1,0,13,0,18,20,0,38,0,30,21,0,51,10,0,10,61
04/03/2023,HYA,MA,ANE,EN,Federal Contract Tower,0,5,7,0,12,0,38,49,0,87,0,43,56,0,99,16,0,16,115
04/04/2023,HYA,MA,ANE,EN,Federal Contract Tower,0,22,12,0,34,0,17,19,0,36,0,39,31,0,70,4,0,4,74
04/05/2023,HYA,MA,ANE,EN,Federal Contract Tower,0,47,24,0,71,0,6,11,0,17,0,53,35,0,88,0,0,0,88
04/06/2023,HYA,MA,ANE,EN,Federal Contract Tower,0,35,14,0,49,0,12,5,0,17,0,47,19,0,66,0,0,0,66
04/07/2023,HYA,MA,ANE,EN,Federal Contract Tower,0,10,5,0,15,0,28,45,0,73,0,38,50,0,88,16,0,16,104
04/08/2023,HYA,MA,ANE,EN,Federal Contract Tower,0,9,12,0,21,0,27,40,0,67,0,36,52,0,88,32,0,32,120
04/09/2023,HYA,MA,ANE,EN,Federal Contract Tower,0,7,3,0,10,0,19,27,0,46,0,26,30,0,56,2,0,2,58
04/10/2023,HYA,MA,ANE,EN,Federal Contract Tower,0,11,7,0,18,0,30,47,0,77,0,41,54,0,95,16,0,16,111
04/11/2023,HYA,MA,ANE,EN,Federal Contract Tower,0,9,3,0,12,0,33,47,0,80,0,42,50,0,92,12,0,12,104
04/12/2023,HYA,MA,ANE,EN,Federal Contract Tower,0,6,4,0,10,0,43,47,0,90,0,49,51,0,100,38,0,38,138
04/13/2023,HYA,MA,ANE,EN,Federal Contract Tower,0,33,5,0,38,0,70,46,0,116,0,103,51,0,154,38,0,38,192
04/14/2023,HYA,MA,ANE,EN,Federal Contract Tower,0,19,7,0,26,0,29,43,0,72,0,48,50,0,98,38,0,38,136
04/15/2023,HYA,MA,ANE,EN,Federal Contract Tower,0,33,13,0,46,0,0,2,0,2,0,33,15,0,48,0,0,0,48
04/16/2023,HYA,MA,ANE,EN,Federal Contract Tower,0,33,8,0,41,0,0,0,0,0,0,33,8,0,41,6,0,6,47
04/17/2023,HYA,MA,ANE,EN,Federal Contract Tower,0,28,20,0,48,0,0,0,0,0,0,28,20,0,48,0,0,0,48
04/18/2023,HYA,MA,ANE,EN,Federal Contract Tower,0,12,4,0,16,0,27,34,0,61,0,39,38,0,77,2,0,2,79
04/19/2023,HYA,MA,ANE,EN,Federal Contract Tower,0,33,6,0,39,0,53,39,0,92,0,86,45,0,131,22,0,22,153
04/20/2023,HYA,MA,ANE,EN,Federal Contract Tower,0,40,11,0,51,0,53,38,0,91,0,93,49,0,142,16,0,16,158
04/21/2023,HYA,MA,ANE,EN,Federal Contract Tower,0,30,8,0,38,0,44,47,0,91,0,74,55,0,129,90,0,90,219
04/22/2023,HYA,MA,ANE,EN,Federal Contract Tower,0,41,15,0,56,0,26,30,0,56,0,67,45,0,112,46,0,46,158
04/23/2023,HYA,MA,ANE,EN,Federal Contract Tower,0,15,3,0,18,0,13,3,0,16,0,28,6,0,34,18,0,18,52
04/24/2023,HYA,MA,ANE,EN,Federal Contract Tower,0,32,17,0,49,0,20,19,0,39,0,52,36,0,88,40,0,40,128
04/25/2023,HYA,MA,ANE,EN,Federal Contract Tower,0,28,5,0,33,0,15,19,0,34,0,43,24,0,67,26,0,26,93
04/26/2023,HYA,MA,ANE,EN,Federal Contract Tower,0,41,8,0,49,0,21,29,0,50,0,62,37,0,99,14,0,14,113
04/27/2023,HYA,MA,ANE,EN,Federal Contract Tower,0,40,8,0,48,0,35,42,0,77,0,75,50,0,125,24,8,32,157
04/28/2023,HYA,MA,ANE,EN,Federal Contract Tower,0,45,27,0,72,0,31,36,0,67,0,76,63,0,139,26,0,26,165
04/29/2023,HYA,MA,ANE,EN,Federal Contract Tower,0,15,7,0,22,0,32,16,0,48,0,47,23,0,70,26,0,26,96
04/30/2023,HYA,MA,ANE,EN,Federal Contract Tower,0,26,4,0,30,0,0,0,0,0,0,26,4,0,30,0,0,0,30
05/01/2023,HYA,MA,ANE,EN,Federal Contract Tower,0,23,13,0,36,0,20,19,0,39,0,43,32,0,75,12,0,12,87
05/02/2023,HYA,MA,ANE,EN,Federal Contract Tower,0,34,1,0,35,0,41,24,2,67,0,75,25,2,102,16,0,16,118
05/03/2023,HYA,MA,ANE,EN,Federal Contract Tower,0,16,22,0,38,0,33,51,0,84,0,49,73,0,122,16,0,16,138
05/04/2023,HYA,MA,ANE,EN,Federal Contract Tower,0,49,29,0,78,0,17,9,0,26,0,66,38,0,104,14,0,14,118
05/05/2023,HYA,MA,ANE,EN,Federal Contract Tower,0,31,23,0,54,0,17,22,0,39,0,48,45,0,93,24,0,24,117
05/06/2023,HYA,MA,ANE,EN,Federal Contract Tower,0,15,7,0,22,0,29,34,0,63,0,44,41,0,85,38,0,38,123
05/07/2023,HYA,MA,ANE,EN,Federal Contract Tower,0,10,12,0,22,0,21,35,0,56,0,31,47,0,78,28,0,28,106
05/08/2023,HYA,MA,ANE,EN,Federal Contract Tower,0,18,14,0,32,0,25,48,0,73,0,43,62,0,105,14,0,14,119
05/09/2023,HYA,MA,ANE,EN,Federal Contract Tower,0,29,10,0,39,0,32,33,0,65,0,61,43,0,104,32,0,32,136
05/10/2023,HYA,MA,ANE,EN,Federal Contract Tower,0,9,6,0,15,0,59,32,0,91,0,68,38,0,106,2,0,2,108
05/11/2023,HYA,MA,ANE,EN,Federal Contract Tower,0,18,3,0,21,0,42,39,0,81,0,60,42,0,102,14,0,14,116
05/12/2023,HYA,MA,ANE,EN,Federal Contract Tower,0,15,9,0,24,0,29,50,0,79,0,44,59,0,103,46,0,46,149
05/13/2023,HYA,MA,ANE,EN,Federal Contract Tower,0,9,9,0,18,0,35,35,2,72,0,44,44,2,90,48,0,48,138
05/14/2023,HYA,MA,ANE,EN,Federal Contract Tower,0,6,6,0,12,0,14,22,0,36,0,20,28,0,48,8,0,8,56
05/15/2023,HYA,MA,ANE,EN,Federal Contract Tower,0,26,7,0,33,0,33,47,0,80,0,59,54,0,113,34,0,34,147
05/16/2023,HYA,MA,ANE,EN,Federal Contract Tower,0,22,9,0,31,0,27,30,0,57,0,49,39,0,88,4,0,4,92
05/17/2023,HYA,MA,ANE,EN,Federal Contract Tower,0,22,5,0,27,0,44,30,0,74,0,66,35,0,101,12,0,12,113
05/18/2023,HYA,MA,ANE,EN,Federal Contract Tower,0,25,7,0,32,0,51,52,0,103,0,76,59,0,135,28,0,28,163
05/19/2023,HYA,MA,ANE,EN,Federal Contract Tower,0,29,4,0,33,0,38,45,0,83,0,67,49,0,116,38,0,38,154
05/20/2023,HYA,MA,ANE,EN,Federal Contract Tower,0,32,10,0,42,0,16,5,0,21,0,48,15,0,63,0,0,0,63
05/21/2023,HYA,MA,ANE,EN,Federal Contract Tower,0,25,9,0,34,0,16,38,0,54,0,41,47,0,88,8,0,8,96
05/22/2023,HYA,MA,ANE,EN,Federal Contract Tower,0,19,12,0,31,0,36,39,0,75,0,55,51,0,106,8,0,8,114
05/23/2023,HYA,MA,ANE,EN,Federal Contract Tower,0,13,6,0,19,0,35,49,2,86,0,48,55,2,105,48,2,50,155
05/24/2023,HYA,MA,ANE,EN,Federal Contract Tower,0,59,31,0,90,0,22,24,0,46,0,81,55,0,136,6,0,6,142
05/25/2023,HYA,MA,ANE,EN,Federal Contract Tower,4,61,34,3,102,0,50,48,1,99,4,111,82,4,201,44,32,76,277
05/26/2023,HYA,MA,ANE,EN,Federal Contract Tower,4,35,20,0,59,0,34,69,0,103,4,69,89,0,162,30,0,30,192
05/27/2023,HYA,MA,ANE,EN,Federal Contract Tower,4,21,9,0,34,0,29,46,0,75,4,50,55,0,109,2,0,2,111
05/28/2023,HYA,MA,ANE,EN,Federal Contract Tower,4,18,11,0,33,0,20,27,0,47,4,38,38,0,80,6,0,6,86
05/29/2023,HYA,MA,ANE,EN,Federal Contract Tower,4,10,17,0,31,0,23,38,0,61,4,33,55,0,92,0,0,0,92
05/30/2023,HYA,MA,ANE,EN,Federal Contract Tower,4,27,4,0,35,0,34,55,1,90,4,61,59,1,125,64,0,64,189
05/31/2023,HYA,MA,ANE,EN,Federal Contract Tower,3,38,16,0,57,0,41,43,1,85,3,79,59,1,142,28,14,42,184
06/01/2023,HYA,MA,ANE,EN,Federal Contract Tower,5,50,18,0,73,0,48,46,0,94,5,98,64,0,167,38,4,42,209
06/02/2023,HYA,MA,ANE,EN,Federal Contract Tower,4,40,16,0,60,0,32,42,2,76,4,72,58,2,136,36,0,36,172
06/03/2023,HYA,MA,ANE,EN,Federal Contract Tower,4,37,9,0,50,0,1,0,0,1,4,38,9,0,51,0,0,0,51
06/04/2023,HYA,MA,ANE,EN,Federal Contract Tower,4,33,20,2,59,0,2,1,0,3,4,35,21,2,62,0,0,0,62
06/05/2023,HYA,MA,ANE,EN,Federal Contract Tower,4,50,38,0,92,0,13,20,0,33,4,63,58,0,125,8,0,8,133
06/06/2023,HYA,MA,ANE,EN,Federal Contract Tower,4,30,10,0,44,0,0,0,0,0,4,30,10,0,44,38,4,42,86
06/07/2023,HYA,MA,ANE,EN,Federal Contract Tower,4,50,15,0,69,0,49,39,0,88,4,99,54,0,157,22,16,38,195
06/08/2023,HYA,MA,ANE,EN,Federal Contract Tower,4,24,19,3,50,0,41,50,3,94,4,65,69,6,144,68,12,80,224
06/09/2023,HYA,MA,ANE,EN,Federal Contract Tower,4,64,16,0,84,0,33,32,1,66,4,97,48,1,150,36,0,36,186
06/10/2023,HYA,MA,ANE,EN,Federal Contract Tower,4,43,28,0,75,0,16,14,0,30,4,59,42,0,105,8,0,8,113
06/11/2023,HYA,MA,ANE,EN,Federal Contract Tower,4,20,16,0,40,0,27,46,0,73,4,47,62,0,113,58,0,58,171
06/12/2023,HYA,MA,ANE,EN,Federal Contract Tower,4,36,16,0,56,0,25,31,0,56,4,61,47,0,112,4,0,4,116
06/13/2023,HYA,MA,ANE,EN,Federal Contract Tower,9,68,33,0,110,0,14,17,0,31,9,82,50,0,141,8,0,8,149
06/14/2023,HYA,MA,ANE,EN,Federal Contract Tower,2,52,24,0,78,0,51,40,1,92,2,103,64,1,170,18,0,18,188
06/15/2023,HYA,MA,ANE,EN,Federal Contract Tower,4,59,25,0,88,0,55,51,0,106,4,114,76,0,194,4,0,4,198
06/16/2023,HYA,MA,ANE,EN,Federal Contract Tower,4,33,21,0,58,0,53,77,0,130,4,86,98,0,188,14,0,14,202
06/17/2023,HYA,MA,ANE,EN,Federal Contract Tower,2,39,25,0,66,0,6,3,0,9,2,45,28,0,75,0,0,0,75
06/18/2023,HYA,MA,ANE,EN,Federal Contract Tower,4,27,17,0,48,0,14,19,0,33,4,41,36,0,81,14,0,14,95
06/19/2023,HYA,MA,ANE,EN,Federal Contract Tower,4,33,14,0,51,0,48,60,0,108,4,81,74,0,159,42,0,42,201
06/20/2023,HYA,MA,ANE,EN,Federal Contract Tower,4,33,11,0,48,0,63,54,4,121,4,96,65,4,169,18,0,18,187
06/21/2023,HYA,MA,ANE,EN,Federal Contract Tower,5,48,21,0,74,0,53,71,0,124,5,101,92,0,198,40,0,40,238
06/22/2023,HYA,MA,ANE,EN,Federal Contract Tower,5,57,20,0,82,0,32,37,0,69,5,89,57,0,151,2,0,2,153
06/23/2023,HYA,MA,ANE,EN,Federal Contract Tower,4,78,28,0,110,0,6,13,0,19,4,84,41,0,129,4,0,4,133
06/24/2023,HYA,MA,ANE,EN,Federal Contract Tower,4,44,25,0,73,0,3,6,0,9,4,47,31,0,82,0,0,0,82
06/25/2023,HYA,MA,ANE,EN,Federal Contract Tower,2,62,28,0,92,0,2,10,0,12,2,64,38,0,104,0,0,0,104
06/26/2023,HYA,MA,ANE,EN,Federal Contract Tower,2,86,22,0,110,0,4,2,0,6,2,90,24,0,116,0,0,0,116
06/27/2023,HYA,MA,ANE,EN,Federal Contract Tower,0,83,17,0,100,0,19,10,0,29,0,102,27,0,129,24,0,24,153
06/28/2023,HYA,MA,ANE,EN,Federal Contract Tower,4,77,29,0,110,0,14,12,0,26,4,91,41,0,136,2,0,2,138
06/29/2023,HYA,MA,ANE,EN,Federal Contract Tower,4,111,41,0,156,0,32,17,0,49,4,143,58,0,205,0,0,0,205
06/30/2023,HYA,MA,ANE,EN,Federal Contract Tower,4,71,30,0,105,0,60,64,0,124,4,131,94,0,229,38,0,38,267
07/01/2023,HYA,MA,ANE,EN,Federal Contract Tower,4,63,45,0,112,0,5,28,0,33,4,68,73,0,145,2,0,2,147
07/02/2023,HYA,MA,ANE,EN,Federal Contract Tower,2,52,24,0,78,0,1,1,0,2,2,53,25,0,80,0,0,0,80
07/03/2023,HYA,MA,ANE,EN,Federal Contract Tower,4,38,20,0,62,0,19,18,0,37,4,57,38,0,99,20,0,20,119
07/04/2023,HYA,MA,ANE,EN,Federal Contract Tower,4,66,11,0,81,0,3,3,0,6,4,69,14,0,87,0,0,0,87
07/05/2023,HYA,MA,ANE,EN,Federal Contract Tower,4,83,49,0,136,0,14,26,0,40,4,97,75,0,176,34,0,34,210
07/06/2023,HYA,MA,ANE,EN,Federal Contract Tower,4,79,43,0,126,0,25,26,0,51,4,104,69,0,177,24,0,24,201
07/07/2023,HYA,MA,ANE,EN,Federal Contract Tower,0,2,66,59,127,0,4,8,0,12,0,6,74,59,139,4,2,6,145
07/08/2023,HYA,MA,ANE,EN,Federal Contract Tower,4,54,36,0,94,0,10,15,0,25,4,64,51,0,119,6,2,8,127
07/09/2023,HYA,MA,ANE,EN,Federal Contract Tower,2,59,31,0,92,0,0,2,0,2,2,59,33,0,94,0,0,0,94
07/10/2023,HYA,MA,ANE,EN,Federal Contract Tower,5,68,40,0,113,0,0,0,0,0,5,68,40,0,113,0,0,0,113
07/11/2023,HYA,MA,ANE,EN,Federal Contract Tower,4,36,12,0,52,0,69,66,0,135,4,105,78,0,187,52,0,52,239
07/12/2023,HYA,MA,ANE,EN,Federal Contract Tower,3,49,13,0,65,0,72,89,0,161,3,121,102,0,226,64,0,64,290
07/13/2023,HYA,MA,ANE,EN,Federal Contract Tower,5,65,25,0,95,0,62,71,0,133,5,127,96,0,228,42,0,42,270
07/14/2023,HYA,MA,ANE,EN,Federal Contract Tower,4,62,25,0,91,0,17,29,0,46,4,79,54,0,137,32,0,32,169
07/15/2023,HYA,MA,ANE,EN,Federal Contract Tower,3,58,31,0,92,0,15,19,0,34,3,73,50,0,126,6,0,6,132
07/16/2023,HYA,MA,ANE,EN,Federal Contract Tower,0,74,24,0,98,0,0,4,0,4,0,74,28,0,102,0,0,0,102
07/17/2023,HYA,MA,ANE,EN,Federal Contract Tower,4,59,27,0,90,0,44,62,0,106,4,103,89,0,196,92,0,92,288
07/18/2023,HYA,MA,ANE,EN,Federal Contract Tower,2,78,20,0,100,0,20,26,0,46,2,98,46,0,146,8,0,8,154
07/19/2023,HYA,MA,ANE,EN,Federal Contract Tower,4,70,30,0,104,0,31,41,0,72,4,101,71,0,176,54,0,54,230
07/20/2023,HYA,MA,ANE,EN,Federal Contract Tower,4,50,24,2,80,0,66,65,0,131,4,116,89,2,211,32,2,34,245
07/21/2023,HYA,MA,ANE,EN,Federal Contract Tower,4,109,47,1,161,0,9,7,0,16,4,118,54,1,177,0,0,0,177
07/22/2023,HYA,MA,ANE,EN,Federal Contract Tower,4,71,37,1,113,0,7,15,0,22,4,78,52,1,135,0,0,0,135
07/23/2023,HYA,MA,ANE,EN,Federal Contract Tower,4,71,18,0,93,0,34,51,0,85,4,105,69,0,178,28,0,28,206
07/24/2023,HYA,MA,ANE,EN,Federal Contract Tower,4,44,22,0,70,0,42,46,0,88,4,86,68,0,158,56,0,56,214
07/25/2023,HYA,MA,ANE,EN,Federal Contract Tower,4,37,19,0,60,0,64,47,0,111,4,101,66,0,171,66,0,66,237
07/26/2023,HYA,MA,ANE,EN,Federal Contract Tower,4,66,29,0,99,0,59,62,0,121,4,125,91,0,220,36,0,36,256
07/27/2023,HYA,MA,ANE,EN,Federal Contract Tower,2,64,24,2,92,0,33,29,0,62,2,97,53,2,154,6,0,6,160
07/28/2023,HYA,MA,ANE,EN,Federal Contract Tower,4,42,21,0,67,0,59,51,0,110,4,101,72,0,177,4,0,4,181
07/29/2023,HYA,MA,ANE,EN,Federal Contract Tower,2,72,21,0,95,0,26,26,0,52,2,98,47,0,147,2,0,2,149
07/30/2023,HYA,MA,ANE,EN,Federal Contract Tower,4,64,36,0,104,0,34,45,0,79,4,98,81,0,183,12,16,28,211
07/31/2023,HYA,MA,ANE,EN,Federal Contract Tower,4,50,15,0,69,0,33,56,0,89,4,83,71,0,158,0,28,28,186
08/01/2023,HYA,MA,ANE,EN,Federal Contract Tower,4,45,13,0,62,0,56,66,0,122,4,101,79,0,184,34,0,34,218
08/02/2023,HYA,MA,ANE,EN,Federal Contract Tower,4,54,23,1,82,0,55,66,4,125,4,109,89,5,207,12,2,14,221
08/03/2023,HYA,MA,ANE,EN,Federal Contract Tower,4,41,18,0,63,0,66,63,1,130,4,107,81,1,193,32,0,32,225
08/04/2023,HYA,MA,ANE,EN,Federal Contract Tower,4,54,19,0,77,0,47,54,0,101,4,101,73,0,178,26,0,26,204
08/05/2023,HYA,MA,ANE,EN,Federal Contract Tower,4,48,20,0,72,0,33,37,3,73,4,81,57,3,145,8,0,8,153
08/06/2023,HYA,MA,ANE,EN,Federal Contract Tower,4,47,19,0,70,0,38,49,0,87,4,85,68,0,157,18,0,18,175
08/07/2023,HYA,MA,ANE,EN,Federal Contract Tower,4,61,19,0,84,0,42,28,0,70,4,103,47,0,154,50,0,50,204
08/08/2023,HYA,MA,ANE,EN,Federal Contract Tower,4,76,22,0,102,0,15,12,0,27,4,91,34,0,129,2,0,2,131
08/09/2023,HYA,MA,ANE,EN,Federal Contract Tower,4,55,10,0,69,0,60,74,0,134,4,115,84,0,203,36,0,36,239
08/10/2023,HYA,MA,ANE,EN,Federal Contract Tower,4,58,29,0,91,0,55,53,0,108,4,113,82,0,199,16,0,16,215
08/11/2023,HYA,MA,ANE,EN,Federal Contract Tower,4,67,23,0,94,0,0,0,0,0,4,67,23,0,94,20,0,20,114
08/12/2023,HYA,MA,ANE,EN,Federal Contract Tower,6,60,12,0,78,0,0,0,0,0,6,60,12,0,78,40,0,40,118
08/13/2023,HYA,MA,ANE,EN,Federal Contract Tower,4,50,23,0,77,0,17,25,0,42,4,67,48,0,119,14,0,14,133
08/14/2023,HYA,MA,ANE,EN,Federal Contract Tower,4,43,19,0,66,0,39,57,2,98,4,82,76,2,164,25,0,25,189
08/15/2023,HYA,MA,ANE,EN,Federal Contract Tower,4,67,29,0,100,0,6,3,0,9,4,73,32,0,109,0,0,0,109
08/16/2023,HYA,MA,ANE,EN,Federal Contract Tower,4,96,45,0,145,0,4,3,0,7,4,100,48,0,152,0,0,0,152
08/17/2023,HYA,MA,ANE,EN,Federal Contract Tower,4,72,48,0,124,0,0,0,0,0,4,72,48,0,124,0,0,0,124
08/18/2023,HYA,MA,ANE,EN,Federal Contract Tower,4,57,34,1,96,0,5,2,0,7,4,62,36,1,103,4,0,4,107
08/19/2023,HYA,MA,ANE,EN,Federal Contract Tower,4,34,14,0,52,0,44,59,0,103,4,78,73,0,155,16,0,16,171
08/20/2023,HYA,MA,ANE,EN,Federal Contract Tower,4,36,22,0,62,0,29,53,0,82,4,65,75,0,144,0,0,0,144
08/21/2023,HYA,MA,ANE,EN,Federal Contract Tower,4,42,23,0,69,0,41,48,0,89,4,83,71,0,158,24,0,24,182
08/22/2023,HYA,MA,ANE,EN,Federal Contract Tower,4,29,24,2,59,0,50,50,0,100,4,79,74,2,159,24,0,24,183
08/23/2023,HYA,MA,ANE,EN,Federal Contract Tower,4,42,11,4,61,0,44,60,0,104,4,86,71,4,165,26,0,26,191
08/24/2023,HYA,MA,ANE,EN,Federal Contract Tower,4,58,25,0,87,0,54,58,0,112,4,112,83,0,199,10,0,10,209
08/25/2023,HYA,MA,ANE,EN,Federal Contract Tower,4,62,20,0,86,0,10,12,0,22,4,72,32,0,108,12,0,12,120
08/26/2023,HYA,MA,ANE,EN,Federal Contract Tower,4,66,28,0,98,0,5,5,0,10,4,71,33,0,108,0,0,0,108
08/27/2023,HYA,MA,ANE,EN,Federal Contract Tower,4,63,44,0,111,0,2,4,0,6,4,65,48,0,117,0,0,0,117
08/28/2023,HYA,MA,ANE,EN,Federal Contract Tower,4,58,21,0,83,0,23,24,0,47,4,81,45,0,130,34,0,34,164
08/29/2023,HYA,MA,ANE,EN,Federal Contract Tower,4,58,27,0,89,0,2,2,0,4,4,60,29,0,93,0,0,0,93
08/30/2023,HYA,MA,ANE,EN,Federal Contract Tower,4,70,21,0,95,0,9,13,0,22,4,79,34,0,117,2,0,2,119
08/31/2023,HYA,MA,ANE,EN,Federal Contract Tower,4,37,26,0,67,0,58,66,0,124,4,95,92,0,191,36,0,36,227
