01/01/2000,ICT,KS,ACE,CE,Towers with Radar,36,24,27,0,87,2,4,46,0,52,38,28,73,0,139,22,0,22,161
01/02/2000,ICT,KS,ACE,CE,Towers with Radar,55,43,60,0,158,1,1,91,0,93,56,44,151,0,251,120,0,120,371
01/03/2000,ICT,KS,ACE,CE,Towers with Radar,51,58,102,2,213,1,0,2,0,3,52,58,104,2,216,16,2,18,234
01/04/2000,ICT,KS,ACE,CE,Towers with Radar,75,86,155,14,330,1,2,116,0,119,76,88,271,14,449,84,28,112,561
01/05/2000,ICT,KS,ACE,CE,Towers with Radar,65,57,140,12,274,1,0,155,0,156,66,57,295,12,430,100,13,113,543
01/06/2000,ICT,KS,ACE,CE,Towers with Radar,74,59,187,18,338,1,2,177,0,180,75,61,364,18,518,138,40,178,696
01/07/2000,ICT,KS,ACE,CE,Towers with Radar,82,56,179,9,326,1,0,190,0,191,83,56,369,9,517,126,38,164,681
01/08/2000,ICT,KS,ACE,CE,Towers with Radar,53,46,162,0,261,0,1,25,0,26,53,47,187,0,287,48,0,48,335
01/09/2000,ICT,KS,ACE,CE,Towers with Radar,53,43,87,3,186,0,1,32,0,33,53,44,119,3,219,10,6,16,235
01/10/2000,ICT,KS,ACE,CE,Towers with Radar,65,52,176,4,297,0,1,171,0,172,65,53,347,4,469,110,30,140,609
01/11/2000,ICT,KS,ACE,CE,Towers with Radar,71,74,215,16,376,0,0,144,16,160,71,74,359,32,536,108,40,148,684
01/12/2000,ICT,KS,ACE,CE,Towers with Radar,77,59,198,14,348,0,0,169,18,187,77,59,367,32,535,240,44,284,819
01/13/2000,ICT,KS,ACE,CE,Towers with Radar,80,63,257,8,408,1,1,180,0,182,81,64,437,8,590,240,0,240,830
01/14/2000,ICT,KS,ACE,CE,Towers with Radar,93,47,234,28,402,1,3,152,1,157,94,50,386,29,559,150,28,178,737
01/15/2000,ICT,KS,ACE,CE,Towers with Radar,59,48,114,22,243,1,3,146,0,150,60,51,260,22,393,86,0,86,479
01/16/2000,ICT,KS,ACE,CE,Towers with Radar,47,47,146,2,242,1,1,49,0,51,48,48,195,2,293,101,2,103,396
01/17/2000,ICT,KS,ACE,CE,Towers with Radar,49,66,175,1,291,1,1,42,1,45,50,67,217,2,336,82,0,82,418
01/18/2000,ICT,KS,ACE,CE,Towers with Radar,72,58,172,26,328,1,2,136,8,147,73,60,308,34,475,123,34,157,632
01/19/2000,ICT,KS,ACE,CE,Towers with Radar,72,54,192,25,343,1,2,107,0,110,73,56,299,25,453,66,30,96,549
01/20/2000,ICT,KS,ACE,CE,Towers with Radar,67,48,161,51,327,1,2,208,0,211,68,50,369,51,538,226,43,269,807
01/21/2000,ICT,KS,ACE,CE,Towers with Radar,76,64,156,5,301,1,4,165,0,170,77,68,321,5,471,86,5,91,562
01/22/2000,ICT,KS,ACE,CE,Towers with Radar,61,39,120,0,220,1,2,201,0,204,62,41,321,0,424,156,0,156,580
01/23/2000,ICT,KS,ACE,CE,Towers with Radar,46,40,113,2,201,1,2,84,0,87,47,42,197,2,288,170,0,170,458
01/24/2000,ICT,KS,ACE,CE,Towers with Radar,60,62,130,17,269,1,4,134,0,139,61,66,264,17,408,112,6,118,526
01/25/2000,ICT,KS,ACE,CE,Towers with Radar,76,58,200,23,357,1,2,144,0,147,77,60,344,23,504,154,16,170,674
01/26/2000,ICT,KS,ACE,CE,Towers with Radar,60,70,212,3,345,1,1,26,0,28,61,71,238,3,373,28,0,28,401
01/27/2000,ICT,KS,ACE,CE,Towers with Radar,76,43,124,0,243,1,1,1,0,3,77,44,125,0,246,0,0,0,246
01/28/2000,ICT,KS,ACE,CE,Towers with Radar,64,44,183,0,291,1,1,19,0,21,65,45,202,0,312,14,2,16,328
01/29/2000,ICT,KS,ACE,CE,Towers with Radar,51,46,153,2,252,1,1,39,0,41,52,47,192,2,293,133,0,133,426
01/30/2000,ICT,KS,ACE,CE,Towers with Radar,44,51,101,0,196,1,1,60,0,62,45,52,161,0,258,96,0,96,354
01/31/2000,ICT,KS,ACE,CE,Towers with Radar,62,54,155,7,278,1,2,90,0,93,63,56,245,7,371,136,56,192,563
02/01/2000,ICT,KS,ACE,CE,Towers with Radar,75,47,219,1,342,0,2,61,0,63,75,49,280,1,405,92,0,92,497
02/02/2000,ICT,KS,ACE,CE,Towers with Radar,67,65,232,19,383,0,1,145,0,146,67,66,377,19,529,142,28,170,699
02/03/2000,ICT,KS,ACE,CE,Towers with Radar,78,54,216,8,356,0,2,197,0,199,78,56,413,8,555,210,28,238,793
02/04/2000,ICT,KS,ACE,CE,Towers with Radar,85,49,186,6,326,0,2,148,0,150,85,51,334,6,476,200,6,206,682
02/05/2000,ICT,KS,ACE,CE,Towers with Radar,64,45,114,6,229,0,12,170,0,182,64,57,284,6,411,162,0,162,573
02/06/2000,ICT,KS,ACE,CE,Towers with Radar,58,40,128,1,227,0,0,163,0,163,58,40,291,1,390,62,0,62,452
02/07/2000,ICT,KS,ACE,CE,Towers with Radar,40,57,119,40,256,0,2,148,0,150,40,59,267,40,406,176,28,204,610
02/08/2000,ICT,KS,ACE,CE,Towers with Radar,64,70,178,13,325,0,2,159,1,162,64,72,337,14,487,128,0,128,615
02/09/2000,ICT,KS,ACE,CE,Towers with Radar,73,61,197,12,343,1,1,227,12,241,74,62,424,24,584,186,14,200,784
02/10/2000,ICT,KS,ACE,CE,Towers with Radar,82,67,219,23,391,0,1,185,0,186,82,68,404,23,577,175,10,185,762
02/11/2000,ICT,KS,ACE,CE,Towers with Radar,79,57,232,9,377,0,1,111,0,112,79,58,343,9,489,162,30,192,681
02/12/2000,ICT,KS,ACE,CE,Towers with Radar,55,56,130,0,241,0,2,137,0,139,55,58,267,0,380,192,0,192,572
02/13/2000,ICT,KS,ACE,CE,Towers with Radar,45,55,112,0,212,0,0,35,0,35,45,55,147,0,247,136,0,136,383
02/14/2000,ICT,KS,ACE,CE,Towers with Radar,57,62,133,10,262,0,0,104,0,104,57,62,237,10,366,108,4,112,478
02/15/2000,ICT,KS,ACE,CE,Towers with Radar,71,54,179,8,312,0,2,174,1,177,71,56,353,9,489,142,56,198,687
02/16/2000,ICT,KS,ACE,CE,Towers with Radar,87,61,208,19,375,0,1,164,0,165,87,62,372,19,540,164,22,186,726
02/17/2000,ICT,KS,ACE,CE,Towers with Radar,75,50,219,5,349,0,0,17,0,17,75,50,236,5,366,84,0,84,450
02/18/2000,ICT,KS,ACE,CE,Towers with Radar,61,50,242,5,358,0,0,26,0,26,61,50,268,5,384,63,4,67,451
02/19/2000,ICT,KS,ACE,CE,Towers with Radar,60,43,140,2,245,0,1,22,0,23,60,44,162,2,268,122,0,122,390
02/20/2000,ICT,KS,ACE,CE,Towers with Radar,44,46,96,0,186,0,22,149,0,171,44,68,245,0,357,191,0,191,548
02/21/2000,ICT,KS,ACE,CE,Towers with Radar,67,49,159,3,278,0,0,148,0,148,67,49,307,3,426,172,0,172,598
02/22/2000,ICT,KS,ACE,CE,Towers with Radar,65,56,185,2,308,0,0,13,0,13,65,56,198,2,321,36,0,36,357
02/23/2000,ICT,KS,ACE,CE,Towers with Radar,74,58,226,5,363,0,0,39,0,39,74,58,265,5,402,90,6,96,498
02/24/2000,ICT,KS,ACE,CE,Towers with Radar,84,50,268,29,431,0,1,182,0,183,84,51,450,29,614,200,14,214,828
02/25/2000,ICT,KS,ACE,CE,Towers with Radar,61,64,193,0,318,0,0,91,0,91,61,64,284,0,409,85,6,91,500
02/26/2000,ICT,KS,ACE,CE,Towers with Radar,58,66,133,1,258,0,3,137,0,140,58,69,270,1,398,158,2,160,558
02/27/2000,ICT,KS,ACE,CE,Towers with Radar,52,44,106,5,207,0,0,189,0,189,52,44,295,5,396,269,4,273,669
02/28/2000,ICT,KS,ACE,CE,Towers with Radar,52,59,147,37,295,0,1,148,0,149,52,60,295,37,444,104,78,182,626
02/29/2000,ICT,KS,ACE,CE,Towers with Radar,72,67,233,14,386,0,3,108,0,111,72,70,341,14,497,40,0,40,537
03/01/2000,ICT,KS,ACE,CE,Towers with Radar,77,59,277,34,447,1,0,265,0,266,78,59,542,34,713,228,24,252,965
03/02/2000,ICT,KS,ACE,CE,Towers with Radar,82,53,144,0,279,0,0,9,0,9,82,53,153,0,288,8,0,8,296
03/03/2000,ICT,KS,ACE,CE,Towers with Radar,82,51,296,7,436,0,0,65,0,65,82,51,361,7,501,108,4,112,613
03/04/2000,ICT,KS,ACE,CE,Towers with Radar,50,59,142,2,253,1,2,226,1,230,51,61,368,3,483,202,0,202,685
03/05/2000,ICT,KS,ACE,CE,Towers with Radar,52,49,114,2,217,0,0,157,0,157,52,49,271,2,374,122,4,126,500
03/06/2000,ICT,KS,ACE,CE,Towers with Radar,67,61,154,19,301,0,1,202,1,204,67,62,356,20,505,139,4,143,648
03/07/2000,ICT,KS,ACE,CE,Towers with Radar,77,73,177,8,335,1,0,50,0,51,78,73,227,8,386,62,0,62,448
03/08/2000,ICT,KS,ACE,CE,Towers with Radar,72,51,157,0,280,1,0,62,0,63,73,51,219,0,343,34,2,36,379
03/09/2000,ICT,KS,ACE,CE,Towers with Radar,86,61,250,13,410,0,0,209,0,209,86,61,459,13,619,166,16,182,801
03/10/2000,ICT,KS,ACE,CE,Towers with Radar,75,54,206,8,343,0,1,80,0,81,75,55,286,8,424,129,2,131,555
03/11/2000,ICT,KS,ACE,CE,Towers with Radar,53,52,143,0,248,0,1,162,0,163,53,53,305,0,411,84,0,84,495
03/12/2000,ICT,KS,ACE,CE,Towers with Radar,48,52,108,0,208,0,0,151,0,151,48,52,259,0,359,80,0,80,439
03/13/2000,ICT,KS,ACE,CE,Towers with Radar,67,51,173,15,306,0,2,167,0,169,67,53,340,15,475,154,12,166,641
03/14/2000,ICT,KS,ACE,CE,Towers with Radar,74,59,206,11,350,0,0,157,0,157,74,59,363,11,507,480,6,486,993
03/15/2000,ICT,KS,ACE,CE,Towers with Radar,86,38,233,5,362,0,0,10,0,10,86,38,243,5,372,31,6,37,409
03/16/2000,ICT,KS,ACE,CE,Towers with Radar,81,35,97,0,213,0,0,7,0,7,81,35,104,0,220,0,0,0,220
03/17/2000,ICT,KS,ACE,CE,Towers with Radar,83,69,268,1,421,0,1,75,0,76,83,70,343,1,497,133,2,135,632
03/18/2000,ICT,KS,ACE,CE,Towers with Radar,62,49,111,2,224,0,0,0,0,0,62,49,111,2,224,0,0,0,224
03/19/2000,ICT,KS,ACE,CE,Towers with Radar,60,48,138,3,249,0,0,108,0,108,60,48,246,3,357,88,0,88,445
03/20/2000,ICT,KS,ACE,CE,Towers with Radar,55,64,174,6,299,0,1,162,3,166,55,65,336,9,465,70,8,78,543
03/21/2000,ICT,KS,ACE,CE,Towers with Radar,78,62,209,33,382,0,2,143,0,145,78,64,352,33,527,130,68,198,725
03/22/2000,ICT,KS,ACE,CE,Towers with Radar,81,58,172,7,318,0,0,57,0,57,81,58,229,7,375,44,32,76,451
03/23/2000,ICT,KS,ACE,CE,Towers with Radar,85,50,149,5,289,0,1,8,0,9,85,51,157,5,298,32,0,32,330
03/24/2000,ICT,KS,ACE,CE,Towers with Radar,83,83,221,10,397,0,2,247,1,250,83,85,468,11,647,183,24,207,854
03/25/2000,ICT,KS,ACE,CE,Towers with Radar,69,50,122,0,241,0,4,192,0,196,69,54,314,0,437,184,0,184,621
03/26/2000,ICT,KS,ACE,CE,Towers with Radar,59,45,124,0,228,0,1,153,3,157,59,46,277,3,385,102,0,102,487
03/27/2000,ICT,KS,ACE,CE,Towers with Radar,58,63,160,14,295,0,1,179,0,180,58,64,339,14,475,134,36,170,645
03/28/2000,ICT,KS,ACE,CE,Towers with Radar,77,61,31,19,188,0,3,0,0,3,77,64,31,19,191,146,60,206,397
03/29/2000,ICT,KS,ACE,CE,Towers with Radar,70,54,226,7,357,0,0,6,0,6,70,54,232,7,363,21,6,27,390
03/30/2000,ICT,KS,ACE,CE,Towers with Radar,88,59,239,5,391,0,0,188,0,188,88,59,427,5,579,236,2,238,817
03/31/2000,ICT,KS,ACE,CE,Towers with Radar,95,73,213,4,385,3,0,151,0,154,98,73,364,4,539,198,4,202,741
04/01/2000,ICT,KS,ACE,CE,Towers with Radar,67,54,167,0,288,2,7,11,0,20,69,61,178,0,308,91,0,91,399
04/02/2000,ICT,KS,ACE,CE,Towers with Radar,39,32,99,6,176,12,19,156,2,189,51,51,255,8,365,148,10,158,523
04/03/2000,ICT,KS,ACE,CE,Towers with Radar,43,50,156,9,258,0,8,118,13,139,43,58,274,22,397,162,26,188,585
04/04/2000,ICT,KS,ACE,CE,Towers with Radar,61,49,152,7,269,9,37,196,0,242,70,86,348,7,511,212,14,226,737
04/05/2000,ICT,KS,ACE,CE,Towers with Radar,75,61,188,8,332,0,9,216,0,225,75,70,404,8,557,246,16,262,819
04/06/2000,ICT,KS,ACE,CE,Towers with Radar,72,65,201,5,343,0,0,158,0,158,72,65,359,5,501,182,4,186,687
04/07/2000,ICT,KS,ACE,CE,Towers with Radar,71,48,177,10,306,4,0,78,4,86,75,48,255,14,392,119,20,139,531
04/08/2000,ICT,KS,ACE,CE,Towers with Radar,51,39,128,2,220,13,0,218,0,231,64,39,346,2,451,162,0,162,613
04/09/2000,ICT,KS,ACE,CE,Towers with Radar,35,29,88,0,152,21,15,148,0,184,56,44,236,0,336,116,0,116,452
04/10/2000,ICT,KS,ACE,CE,Towers with Radar,63,47,161,3,274,0,0,138,0,138,63,47,299,3,412,145,0,145,557
04/11/2000,ICT,KS,ACE,CE,Towers with Radar,78,62,234,13,387,0,0,86,33,119,78,62,320,46,506,243,61,304,810
04/12/2000,ICT,KS,ACE,CE,Towers with Radar,73,78,260,7,418,0,0,165,0,165,73,78,425,7,583,218,28,246,829
04/13/2000,ICT,KS,ACE,CE,Towers with Radar,86,55,256,13,410,0,0,180,6,186,86,55,436,19,596,137,47,184,780
04/14/2000,ICT,KS,ACE,CE,Towers with Radar,83,59,246,12,400,0,0,105,10,115,83,59,351,22,515,146,60,206,721
04/15/2000,ICT,KS,ACE,CE,Towers with Radar,59,41,147,2,249,10,0,1,0,11,69,41,148,2,260,12,0,12,272
04/16/2000,ICT,KS,ACE,CE,Towers with Radar,37,29,92,0,158,23,4,76,0,103,60,33,168,0,261,58,0,58,319
04/17/2000,ICT,KS,ACE,CE,Towers with Radar,60,57,180,9,306,0,3,174,7,184,60,60,354,16,490,254,8,262,752
04/18/2000,ICT,KS,ACE,CE,Towers with Radar,63,59,191,10,323,0,0,106,3,109,63,59,297,13,432,161,13,174,606
04/19/2000,ICT,KS,ACE,CE,Towers with Radar,80,63,199,9,351,0,6,156,0,162,80,69,355,9,513,216,2,218,731
04/20/2000,ICT,KS,ACE,CE,Towers with Radar,67,53,167,2,289,3,13,86,0,102,70,66,253,2,391,81,0,81,472
04/21/2000,ICT,KS,ACE,CE,Towers with Radar,75,50,197,9,331,0,0,232,0,232,75,50,429,9,563,254,2,256,819
04/22/2000,ICT,KS,ACE,CE,Towers with Radar,39,30,98,1,168,28,16,155,0,199,67,46,253,1,367,54,0,54,421
04/23/2000,ICT,KS,ACE,CE,Towers with Radar,27,19,66,0,112,26,22,32,0,80,53,41,98,0,192,102,2,104,296
04/24/2000,ICT,KS,ACE,CE,Towers with Radar,58,62,199,8,327,0,0,182,0,182,58,62,381,8,509,227,8,235,744
04/25/2000,ICT,KS,ACE,CE,Towers with Radar,70,62,215,3,350,0,0,199,0,199,70,62,414,3,549,148,12,160,709
04/26/2000,ICT,KS,ACE,CE,Towers with Radar,72,60,215,9,356,0,0,201,0,201,72,60,416,9,557,250,8,258,815
04/27/2000,ICT,KS,ACE,CE,Towers with Radar,74,57,203,10,344,0,0,218,5,223,74,57,421,15,567,173,64,237,804
04/28/2000,ICT,KS,ACE,CE,Towers with Radar,77,59,234,13,383,0,0,229,5,234,77,59,463,18,617,198,22,220,837
04/29/2000,ICT,KS,ACE,CE,Towers with Radar,39,31,97,3,170,24,3,182,0,209,63,34,279,3,379,146,0,146,525
04/30/2000,ICT,KS,ACE,CE,Towers with Radar,34,27,84,0,145,21,12,41,0,74,55,39,125,0,219,38,0,38,257
05/01/2000,ICT,KS,ACE,CE,Towers with Radar,51,87,251,10,399,0,0,17,0,17,51,87,268,10,416,52,16,68,484
05/02/2000,ICT,KS,ACE,CE,Towers with Radar,87,65,279,5,436,0,0,94,1,95,87,65,373,6,531,174,6,180,711
05/03/2000,ICT,KS,ACE,CE,Towers with Radar,71,64,249,20,404,0,1,197,1,199,71,65,446,21,603,132,6,138,741
05/04/2000,ICT,KS,ACE,CE,Towers with Radar,74,71,211,9,365,0,1,239,0,240,74,72,450,9,605,163,2,165,770
05/05/2000,ICT,KS,ACE,CE,Towers with Radar,90,58,206,34,388,0,1,243,0,244,90,59,449,34,632,220,62,282,914
05/06/2000,ICT,KS,ACE,CE,Towers with Radar,66,47,181,0,294,0,0,20,0,20,66,47,201,0,314,18,0,18,332
05/07/2000,ICT,KS,ACE,CE,Towers with Radar,57,37,100,2,196,0,0,77,0,77,57,37,177,2,273,125,0,125,398
05/08/2000,ICT,KS,ACE,CE,Towers with Radar,58,64,182,9,313,0,0,95,0,95,58,64,277,9,408,119,13,132,540
05/09/2000,ICT,KS,ACE,CE,Towers with Radar,77,53,207,12,349,0,1,163,0,164,77,54,370,12,513,228,26,254,767
05/10/2000,ICT,KS,ACE,CE,Towers with Radar,78,65,225,11,379,2,3,170,0,175,80,68,395,11,554,282,12,294,848
05/11/2000,ICT,KS,ACE,CE,Towers with Radar,78,54,201,10,343,0,8,121,0,129,78,62,322,10,472,82,4,86,558
05/12/2000,ICT,KS,ACE,CE,Towers with Radar,89,66,240,14,409,0,7,169,3,179,89,73,409,17,588,127,22,149,737
05/13/2000,ICT,KS,ACE,CE,Towers with Radar,66,37,76,12,191,0,2,203,3,208,66,39,279,15,399,74,2,76,475
05/14/2000,ICT,KS,ACE,CE,Towers with Radar,55,45,86,5,191,0,13,116,0,129,55,58,202,5,320,104,0,104,424
05/15/2000,ICT,KS,ACE,CE,Towers with Radar,54,70,159,15,298,0,0,105,0,105,54,70,264,15,403,174,26,200,603
05/16/2000,ICT,KS,ACE,CE,Towers with Radar,76,64,280,38,458,0,0,108,0,108,76,64,388,38,566,258,26,284,850
05/17/2000,ICT,KS,ACE,CE,Towers with Radar,65,67,193,15,340,0,1,49,0,50,65,68,242,15,390,104,2,106,496
05/18/2000,ICT,KS,ACE,CE,Towers with Radar,67,68,193,6,334,0,20,172,0,192,67,88,365,6,526,188,4,192,718
05/19/2000,ICT,KS,ACE,CE,Towers with Radar,64,65,280,9,418,0,0,78,0,78,64,65,358,9,496,190,8,198,694
05/20/2000,ICT,KS,ACE,CE,Towers with Radar,61,50,103,0,214,0,1,212,0,213,61,51,315,0,427,250,0,250,677
05/21/2000,ICT,KS,ACE,CE,Towers with Radar,47,53,104,2,206,0,0,141,0,141,47,53,245,2,347,109,0,109,456
05/22/2000,ICT,KS,ACE,CE,Towers with Radar,54,71,179,5,309,0,7,246,0,253,54,78,425,5,562,192,0,192,754
05/23/2000,ICT,KS,ACE,CE,Towers with Radar,57,75,185,34,351,0,2,208,0,210,57,77,393,34,561,204,96,300,861
05/24/2000,ICT,KS,ACE,CE,Towers with Radar,71,64,206,12,353,0,1,161,0,162,71,65,367,12,515,136,8,144,659
05/25/2000,ICT,KS,ACE,CE,Towers with Radar,100,58,235,14,407,0,0,224,0,224,100,58,459,14,631,194,6,200,831
05/26/2000,ICT,KS,ACE,CE,Towers with Radar,70,65,185,10,330,0,2,106,0,108,70,67,291,10,438,177,22,199,637
05/27/2000,ICT,KS,ACE,CE,Towers with Radar,57,45,102,0,204,0,0,94,0,94,57,45,196,0,298,194,0,194,492
05/28/2000,ICT,KS,ACE,CE,Towers with Radar,38,39,43,2,122,0,0,114,1,115,38,39,157,3,237,128,4,132,369
05/29/2000,ICT,KS,ACE,CE,Towers with Radar,51,42,65,2,160,0,1,118,0,119,51,43,183,2,279,98,0,98,377
05/30/2000,ICT,KS,ACE,CE,Towers with Radar,52,60,171,15,298,0,5,144,4,153,52,65,315,19,451,82,35,117,568
05/31/2000,ICT,KS,ACE,CE,Towers with Radar,62,81,236,24,403,0,3,188,0,191,62,84,424,24,594,112,14,126,720
06/01/2000,ICT,KS,ACE,CE,Towers with Radar,75,74,171,13,333,0,1,179,1,181,75,75,350,14,514,102,14,116,630
06/02/2000,ICT,KS,ACE,CE,Towers with Radar,80,61,204,24,369,0,1,129,0,130,80,62,333,24,499,116,36,152,651
06/03/2000,ICT,KS,ACE,CE,Towers with Radar,59,51,144,2,256,0,1,226,0,227,59,52,370,2,483,168,0,168,651
06/04/2000,ICT,KS,ACE,CE,Towers with Radar,42,54,159,0,255,0,0,91,0,91,42,54,250,0,346,106,0,106,452
06/05/2000,ICT,KS,ACE,CE,Towers with Radar,59,71,175,29,334,0,1,212,0,213,59,72,387,29,547,144,26,170,717
06/06/2000,ICT,KS,ACE,CE,Towers with Radar,63,69,202,40,374,0,1,233,2,236,63,70,435,42,610,150,32,182,792
06/07/2000,ICT,KS,ACE,CE,Towers with Radar,71,73,190,38,372,0,0,227,5,232,71,73,417,43,604,179,34,213,817
06/08/2000,ICT,KS,ACE,CE,Towers with Radar,63,69,181,15,328,0,1,245,0,246,63,70,426,15,574,192,24,216,790
06/09/2000,ICT,KS,ACE,CE,Towers with Radar,82,67,226,36,411,0,1,127,1,129,82,68,353,37,540,97,30,127,667
06/10/2000,ICT,KS,ACE,CE,Towers with Radar,59,50,141,23,273,0,0,79,0,79,59,50,220,23,352,100,0,100,452
06/11/2000,ICT,KS,ACE,CE,Towers with Radar,43,50,121,0,214,0,2,107,0,109,43,52,228,0,323,114,0,114,437
06/12/2000,ICT,KS,ACE,CE,Towers with Radar,54,71,172,25,322,0,1,189,1,191,54,72,361,26,513,142,32,174,687
06/13/2000,ICT,KS,ACE,CE,Towers with Radar,61,77,206,13,357,0,3,133,2,138,61,80,339,15,495,154,18,172,667
06/14/2000,ICT,KS,ACE,CE,Towers with Radar,56,77,253,22,408,0,2,213,2,217,56,79,466,24,625,164,25,189,814
06/15/2000,ICT,KS,ACE,CE,Towers with Radar,72,79,236,27,414,0,1,217,2,220,72,80,453,29,634,226,46,272,906
06/16/2000,ICT,KS,ACE,CE,Towers with Radar,62,79,214,7,362,0,1,154,0,155,62,80,368,7,517,232,0,232,749
06/17/2000,ICT,KS,ACE,CE,Towers with Radar,60,51,130,3,244,0,1,96,0,97,60,52,226,3,341,131,0,131,472
06/18/2000,ICT,KS,ACE,CE,Towers with Radar,39,63,113,0,215,0,1,161,0,162,39,64,274,0,377,100,0,100,477
06/19/2000,ICT,KS,ACE,CE,Towers with Radar,44,77,174,14,309,0,0,37,0,37,44,77,211,14,346,66,10,76,422
06/20/2000,ICT,KS,ACE,CE,Towers with Radar,71,78,197,7,353,0,6,112,0,118,71,84,309,7,471,134,16,150,621
06/21/2000,ICT,KS,ACE,CE,Towers with Radar,56,94,175,25,350,0,1,188,0,189,56,95,363,25,539,186,38,224,763
06/22/2000,ICT,KS,ACE,CE,Towers with Radar,78,76,237,37,428,0,2,198,0,200,78,78,435,37,628,212,46,258,886
06/23/2000,ICT,KS,ACE,CE,Towers with Radar,75,59,186,11,331,0,1,198,0,199,75,60,384,11,530,203,4,207,737
06/24/2000,ICT,KS,ACE,CE,Towers with Radar,55,56,137,4,252,0,1,175,0,176,55,57,312,4,428,110,6,116,544
06/25/2000,ICT,KS,ACE,CE,Towers with Radar,48,59,109,9,225,0,2,148,0,150,48,61,257,9,375,172,2,174,549
06/26/2000,ICT,KS,ACE,CE,Towers with Radar,51,71,212,18,352,0,2,187,1,190,51,73,399,19,542,126,40,166,708
06/27/2000,ICT,KS,ACE,CE,Towers with Radar,54,96,224,37,411,0,2,233,0,235,54,98,457,37,646,202,76,278,924
06/28/2000,ICT,KS,ACE,CE,Towers with Radar,75,75,214,31,395,0,6,178,0,184,75,81,392,31,579,220,40,260,839
06/29/2000,ICT,KS,ACE,CE,Towers with Radar,67,72,229,62,430,0,1,253,0,254,67,73,482,62,684,179,52,231,915
06/30/2000,ICT,KS,ACE,CE,Towers with Radar,59,77,245,28,409,0,1,189,3,193,59,78,434,31,602,118,14,132,734
07/01/2000,ICT,KS,ACE,CE,Towers with Radar,50,67,103,7,227,0,1,130,0,131,50,68,233,7,358,126,0,126,484
07/02/2000,ICT,KS,ACE,CE,Towers with Radar,36,55,86,0,177,0,1,74,0,75,36,56,160,0,252,82,0,82,334
07/03/2000,ICT,KS,ACE,CE,Towers with Radar,30,58,69,1,158,0,7,83,0,90,30,65,152,1,248,129,2,131,379
07/04/2000,ICT,KS,ACE,CE,Towers with Radar,45,55,34,0,134,0,0,66,0,66,45,55,100,0,200,80,0,80,280
07/05/2000,ICT,KS,ACE,CE,Towers with Radar,41,71,111,11,234,0,3,182,1,186,41,74,293,12,420,154,12,166,586
07/06/2000,ICT,KS,ACE,CE,Towers with Radar,59,97,138,26,320,0,1,243,0,244,59,98,381,26,564,224,24,248,812
07/07/2000,ICT,KS,ACE,CE,Towers with Radar,54,78,138,29,299,0,2,184,0,186,54,80,322,29,485,185,38,223,708
07/08/2000,ICT,KS,ACE,CE,Towers with Radar,53,49,89,1,192,0,1,145,0,146,53,50,234,1,338,156,2,158,496
07/09/2000,ICT,KS,ACE,CE,Towers with Radar,39,60,102,10,211,0,1,111,0,112,39,61,213,10,323,53,4,57,380
07/10/2000,ICT,KS,ACE,CE,Towers with Radar,49,75,131,27,282,0,4,145,0,149,49,79,276,27,431,150,38,188,619
07/11/2000,ICT,KS,ACE,CE,Towers with Radar,63,89,175,11,338,0,0,162,0,162,63,89,337,11,500,205,22,227,727
07/12/2000,ICT,KS,ACE,CE,Towers with Radar,64,91,175,14,344,0,1,198,0,199,64,92,373,14,543,149,16,165,708
07/13/2000,ICT,KS,ACE,CE,Towers with Radar,58,75,185,32,350,0,0,218,0,218,58,75,403,32,568,211,24,235,803
07/14/2000,ICT,KS,ACE,CE,Towers with Radar,74,61,163,18,316,0,2,206,1,209,74,63,369,19,525,212,16,228,753
07/15/2000,ICT,KS,ACE,CE,Towers with Radar,59,44,83,14,200,0,4,147,0,151,59,48,230,14,351,98,20,118,469
07/16/2000,ICT,KS,ACE,CE,Towers with Radar,42,60,90,0,192,0,0,99,0,99,42,60,189,0,291,151,4,155,446
07/17/2000,ICT,KS,ACE,CE,Towers with Radar,43,85,141,12,281,0,1,136,0,137,43,86,277,12,418,126,24,150,568
07/18/2000,ICT,KS,ACE,CE,Towers with Radar,56,91,171,19,337,0,1,197,2,200,56,92,368,21,537,204,36,240,777
07/19/2000,ICT,KS,ACE,CE,Towers with Radar,62,90,200,12,364,0,1,173,2,176,62,91,373,14,540,192,58,250,790
07/20/2000,ICT,KS,ACE,CE,Towers with Radar,56,75,138,12,281,13,6,111,1,131,69,81,249,13,412,118,9,127,539
07/21/2000,ICT,KS,ACE,CE,Towers with Radar,66,67,183,21,337,0,3,195,0,198,66,70,378,21,535,196,28,224,759
07/22/2000,ICT,KS,ACE,CE,Towers with Radar,57,51,102,3,213,0,1,114,0,115,57,52,216,3,328,219,2,221,549
07/23/2000,ICT,KS,ACE,CE,Towers with Radar,42,54,103,7,206,1,0,144,0,145,43,54,247,7,351,197,3,200,551
07/24/2000,ICT,KS,ACE,CE,Towers with Radar,45,88,142,13,288,0,2,152,1,155,45,90,294,14,443,159,28,187,630
07/25/2000,ICT,KS,ACE,CE,Towers with Radar,51,91,156,5,303,0,2,144,0,146,51,93,300,5,449,170,6,176,625
07/26/2000,ICT,KS,ACE,CE,Towers with Radar,63,79,226,17,385,0,3,199,0,202,63,82,425,17,587,204,6,210,797
07/27/2000,ICT,KS,ACE,CE,Towers with Radar,77,81,138,24,320,0,2,118,0,120,77,83,256,24,440,78,14,92,532
07/28/2000,ICT,KS,ACE,CE,Towers with Radar,58,95,162,5,320,0,3,136,1,140,58,98,298,6,460,158,0,158,618
07/29/2000,ICT,KS,ACE,CE,Towers with Radar,66,59,124,2,251,0,2,107,0,109,66,61,231,2,360,149,0,149,509
07/30/2000,ICT,KS,ACE,CE,Towers with Radar,48,49,100,5,202,0,0,143,0,143,48,49,243,5,345,194,0,194,539
07/31/2000,ICT,KS,ACE,CE,Towers with Radar,43,72,125,19,259,0,1,185,0,186,43,73,310,19,445,184,12,196,641
08/01/2000,ICT,KS,ACE,CE,Towers with Radar,48,80,153,23,304,0,4,241,2,247,48,84,394,25,551,198,18,216,767
08/02/2000,ICT,KS,ACE,CE,Towers with Radar,67,74,177,42,360,0,2,244,1,247,67,76,421,43,607,279,42,321,928
08/03/2000,ICT,KS,ACE,CE,Towers with Radar,62,86,200,13,361,0,5,179,1,185,62,91,379,14,546,237,6,243,789
08/04/2000,ICT,KS,ACE,CE,Towers with Radar,51,74,126,16,267,0,5,179,2,186,51,79,305,18,453,188,10,198,651
08/05/2000,ICT,KS,ACE,CE,Towers with Radar,51,54,83,1,189,0,2,130,1,133,51,56,213,2,322,98,4,102,424
08/06/2000,ICT,KS,ACE,CE,Towers with Radar,37,59,101,1,198,0,1,98,0,99,37,60,199,1,297,129,0,129,426
08/07/2000,ICT,KS,ACE,CE,Towers with Radar,53,77,168,10,308,0,2,193,0,195,53,79,361,10,503,190,26,216,719
08/08/2000,ICT,KS,ACE,CE,Towers with Radar,50,85,209,44,388,0,5,152,3,160,50,90,361,47,548,158,64,222,770
08/09/2000,ICT,KS,ACE,CE,Towers with Radar,69,63,169,28,329,0,2,197,0,199,69,65,366,28,528,117,14,131,659
08/10/2000,ICT,KS,ACE,CE,Towers with Radar,53,90,213,17,373,0,3,180,0,183,53,93,393,17,556,224,38,262,818
08/11/2000,ICT,KS,ACE,CE,Towers with Radar,52,71,226,23,372,0,3,155,0,158,52,74,381,23,530,188,50,238,768
08/12/2000,ICT,KS,ACE,CE,Towers with Radar,46,58,102,5,211,0,0,173,0,173,46,58,275,5,384,104,0,104,488
08/13/2000,ICT,KS,ACE,CE,Towers with Radar,37,65,98,3,203,0,3,150,0,153,37,68,248,3,356,122,0,122,478
08/14/2000,ICT,KS,ACE,CE,Towers with Radar,44,73,127,30,274,0,4,153,0,157,44,77,280,30,431,66,32,98,529
08/15/2000,ICT,KS,ACE,CE,Towers with Radar,57,86,180,20,343,11,6,220,0,237,68,92,400,20,580,126,24,150,730
08/16/2000,ICT,KS,ACE,CE,Towers with Radar,55,83,202,28,368,0,5,217,0,222,55,88,419,28,590,114,32,146,736
08/17/2000,ICT,KS,ACE,CE,Towers with Radar,62,90,195,8,355,0,6,211,0,217,62,96,406,8,572,170,2,172,744
08/18/2000,ICT,KS,ACE,CE,Towers with Radar,66,92,247,29,434,0,2,167,0,169,66,94,414,29,603,222,22,244,847
08/19/2000,ICT,KS,ACE,CE,Towers with Radar,55,71,87,12,225,0,2,129,0,131,55,73,216,12,356,154,4,158,514
08/20/2000,ICT,KS,ACE,CE,Towers with Radar,44,62,92,11,209,0,6,133,1,140,44,68,225,12,349,38,18,56,405
08/21/2000,ICT,KS,ACE,CE,Towers with Radar,45,88,174,8,315,0,9,170,0,179,45,97,344,8,494,130,6,136,630
08/22/2000,ICT,KS,ACE,CE,Towers with Radar,46,81,166,33,326,0,2,160,0,162,46,83,326,33,488,184,36,220,708
08/23/2000,ICT,KS,ACE,CE,Towers with Radar,54,85,200,18,357,0,4,158,0,162,54,89,358,18,519,203,16,219,738
08/24/2000,ICT,KS,ACE,CE,Towers with Radar,52,77,217,16,362,0,1,218,0,219,52,78,435,16,581,180,10,190,771
08/25/2000,ICT,KS,ACE,CE,Towers with Radar,57,71,183,51,362,0,4,162,1,167,57,75,345,52,529,168,82,250,779
08/26/2000,ICT,KS,ACE,CE,Towers with Radar,46,64,128,6,244,0,4,182,0,186,46,68,310,6,430,175,0,175,605
08/27/2000,ICT,KS,ACE,CE,Towers with Radar,38,74,115,8,235,0,1,148,0,149,38,75,263,8,384,150,8,158,542
08/28/2000,ICT,KS,ACE,CE,Towers with Radar,40,94,191,36,361,0,4,166,3,173,40,98,357,39,534,202,66,268,802
08/29/2000,ICT,KS,ACE,CE,Towers with Radar,51,99,203,41,394,0,6,205,0,211,51,105,408,41,605,174,44,218,823
08/30/2000,ICT,KS,ACE,CE,Towers with Radar,57,86,190,48,381,0,4,191,0,195,57,90,381,48,576,223,110,333,909
08/31/2000,ICT,KS,ACE,CE,Towers with Radar,56,99,214,69,438,0,6,246,0,252,56,105,460,69,690,284,62,346,1036
09/01/2000,ICT,KS,ACE,CE,Towers with Radar,55,92,184,2,333,0,7,205,0,212,55,99,389,2,545,118,8,126,671
09/02/2000,ICT,KS,ACE,CE,Towers with Radar,51,54,79,0,184,0,0,112,0,112,51,54,191,0,296,134,0,134,430
09/03/2000,ICT,KS,ACE,CE,Towers with Radar,25,39,83,0,147,0,0,92,0,92,25,39,175,0,239,126,0,126,365
09/04/2000,ICT,KS,ACE,CE,Towers with Radar,33,65,68,0,166,0,6,95,0,101,33,71,163,0,267,106,0,106,373
09/05/2000,ICT,KS,ACE,CE,Towers with Radar,42,82,161,47,332,0,3,140,1,144,42,85,301,48,476,148,58,206,682
09/06/2000,ICT,KS,ACE,CE,Towers with Radar,57,82,189,4,332,0,1,173,0,174,57,83,362,4,506,161,4,165,671
09/07/2000,ICT,KS,ACE,CE,Towers with Radar,65,94,190,18,367,0,2,202,0,204,65,96,392,18,571,164,18,182,753
09/08/2000,ICT,KS,ACE,CE,Towers with Radar,54,81,169,22,326,0,2,199,0,201,54,83,368,22,527,199,14,213,740
09/09/2000,ICT,KS,ACE,CE,Towers with Radar,55,59,115,8,237,0,0,122,1,123,55,59,237,9,360,83,0,83,443
09/10/2000,ICT,KS,ACE,CE,Towers with Radar,39,73,116,2,230,0,0,114,0,114,39,73,230,2,344,136,4,140,484
09/11/2000,ICT,KS,ACE,CE,Towers with Radar,47,78,162,31,318,0,1,176,2,179,47,79,338,33,497,201,18,219,716
09/12/2000,ICT,KS,ACE,CE,Towers with Radar,63,93,208,34,398,0,4,198,1,203,63,97,406,35,601,182,54,236,837
09/13/2000,ICT,KS,ACE,CE,Towers with Radar,65,78,217,42,402,0,1,226,1,228,65,79,443,43,630,274,24,298,928
09/14/2000,ICT,KS,ACE,CE,Towers with Radar,60,84,189,14,347,0,4,234,0,238,60,88,423,14,585,160,24,184,769
09/15/2000,ICT,KS,ACE,CE,Towers with Radar,64,74,170,8,316,0,1,219,2,222,64,75,389,10,538,176,14,190,728
09/16/2000,ICT,KS,ACE,CE,Towers with Radar,56,54,102,8,220,0,2,193,0,195,56,56,295,8,415,158,12,170,585
09/17/2000,ICT,KS,ACE,CE,Towers with Radar,39,50,100,8,197,0,0,202,0,202,39,50,302,8,399,134,2,136,535
09/18/2000,ICT,KS,ACE,CE,Towers with Radar,45,86,174,5,310,0,3,146,0,149,45,89,320,5,459,166,2,168,627
09/19/2000,ICT,KS,ACE,CE,Towers with Radar,62,80,160,39,341,0,2,156,0,158,62,82,316,39,499,110,38,148,647
09/20/2000,ICT,KS,ACE,CE,Towers with Radar,74,62,207,24,367,0,0,136,1,137,74,62,343,25,504,92,12,104,608
09/21/2000,ICT,KS,ACE,CE,Towers with Radar,62,74,175,41,352,0,1,215,0,216,62,75,390,41,568,211,57,268,836
09/22/2000,ICT,KS,ACE,CE,Towers with Radar,62,74,183,13,332,0,0,156,3,159,62,74,339,16,491,48,30,78,569
09/23/2000,ICT,KS,ACE,CE,Towers with Radar,53,64,163,5,285,0,0,10,0,10,53,64,173,5,295,42,0,42,337
09/24/2000,ICT,KS,ACE,CE,Towers with Radar,47,65,129,0,241,0,0,5,0,5,47,65,134,0,246,58,0,58,304
09/25/2000,ICT,KS,ACE,CE,Towers with Radar,41,74,187,29,331,0,6,238,1,245,41,80,425,30,576,272,44,316,892
09/26/2000,ICT,KS,ACE,CE,Towers with Radar,63,89,207,41,400,0,3,227,3,233,63,92,434,44,633,234,42,276,909
09/27/2000,ICT,KS,ACE,CE,Towers with Radar,63,85,172,25,345,0,3,218,0,221,63,88,390,25,566,292,36,328,894
09/28/2000,ICT,KS,ACE,CE,Towers with Radar,61,87,207,17,372,0,4,215,1,220,61,91,422,18,592,270,18,288,880
09/29/2000,ICT,KS,ACE,CE,Towers with Radar,70,79,169,4,322,0,3,180,0,183,70,82,349,4,505,158,0,158,663
09/30/2000,ICT,KS,ACE,CE,Towers with Radar,55,59,103,2,219,0,1,134,0,135,55,60,237,2,354,90,0,90,444
10/01/2000,ICT,KS,ACE,CE,Towers with Radar,40,68,115,0,223,0,3,158,0,161,40,71,273,0,384,88,0,88,472
10/02/2000,ICT,KS,ACE,CE,Towers with Radar,51,77,136,40,304,0,6,174,0,180,51,83,310,40,484,200,34,234,718
10/03/2000,ICT,KS,ACE,CE,Towers with Radar,55,86,161,23,325,0,7,193,4,204,55,93,354,27,529,192,22,214,743
10/04/2000,ICT,KS,ACE,CE,Towers with Radar,59,84,198,6,347,0,0,75,0,75,59,84,273,6,422,86,8,94,516
10/05/2000,ICT,KS,ACE,CE,Towers with Radar,60,92,241,0,393,0,0,17,0,17,60,92,258,0,410,97,0,97,507
10/06/2000,ICT,KS,ACE,CE,Towers with Radar,57,75,212,8,352,0,1,155,0,156,57,76,367,8,508,218,6,224,732
10/07/2000,ICT,KS,ACE,CE,Towers with Radar,49,72,120,3,244,0,3,140,0,143,49,75,260,3,387,70,0,70,457
10/08/2000,ICT,KS,ACE,CE,Towers with Radar,42,65,90,0,197,0,0,197,1,198,42,65,287,1,395,145,0,145,540
10/09/2000,ICT,KS,ACE,CE,Towers with Radar,48,81,137,3,269,0,4,132,1,137,48,85,269,4,406,144,0,144,550
10/10/2000,ICT,KS,ACE,CE,Towers with Radar,54,114,129,8,305,0,2,160,1,163,54,116,289,9,468,104,8,112,580
10/11/2000,ICT,KS,ACE,CE,Towers with Radar,62,98,183,24,367,0,5,131,1,137,62,103,314,25,504,26,22,48,552
10/12/2000,ICT,KS,ACE,CE,Towers with Radar,59,95,175,11,340,0,4,181,0,185,59,99,356,11,525,70,22,92,617
10/13/2000,ICT,KS,ACE,CE,Towers with Radar,50,94,186,2,332,0,1,71,0,72,50,95,257,2,404,76,0,76,480
10/14/2000,ICT,KS,ACE,CE,Towers with Radar,47,60,151,4,262,0,5,77,0,82,47,65,228,4,344,176,14,190,534
10/15/2000,ICT,KS,ACE,CE,Towers with Radar,42,68,131,2,243,0,1,69,0,70,42,69,200,2,313,106,4,110,423
10/16/2000,ICT,KS,ACE,CE,Towers with Radar,44,100,190,114,448,0,2,145,1,148,44,102,335,115,596,224,58,282,878
10/17/2000,ICT,KS,ACE,CE,Towers with Radar,56,87,182,12,337,0,6,162,0,168,56,93,344,12,505,208,16,224,729
10/18/2000,ICT,KS,ACE,CE,Towers with Radar,63,101,206,14,384,0,6,212,1,219,63,107,418,15,603,106,6,112,715
10/19/2000,ICT,KS,ACE,CE,Towers with Radar,58,81,210,8,357,0,3,206,0,209,58,84,416,8,566,187,6,193,759
10/20/2000,ICT,KS,ACE,CE,Towers with Radar,62,95,195,13,365,0,0,214,0,214,62,95,409,13,579,166,21,187,766
10/21/2000,ICT,KS,ACE,CE,Towers with Radar,59,76,129,2,266,0,0,26,0,26,59,76,155,2,292,92,0,92,384
10/22/2000,ICT,KS,ACE,CE,Towers with Radar,42,71,138,5,256,0,0,2,0,2,42,71,140,5,258,83,0,83,341
10/23/2000,ICT,KS,ACE,CE,Towers with Radar,43,100,206,21,370,0,1,78,0,79,43,101,284,21,449,119,92,211,660
10/24/2000,ICT,KS,ACE,CE,Towers with Radar,61,90,200,8,359,0,2,29,1,32,61,92,229,9,391,131,6,137,528
10/25/2000,ICT,KS,ACE,CE,Towers with Radar,56,85,172,1,314,0,0,9,0,9,56,85,181,1,323,28,0,28,351
10/26/2000,ICT,KS,ACE,CE,Towers with Radar,58,88,232,24,402,0,0,66,0,66,58,88,298,24,468,126,16,142,610
10/27/2000,ICT,KS,ACE,CE,Towers with Radar,58,82,281,3,424,0,0,11,1,12,58,82,292,4,436,62,2,64,500
10/28/2000,ICT,KS,ACE,CE,Towers with Radar,57,76,129,0,262,0,0,15,0,15,57,76,144,0,277,38,0,38,315
10/29/2000,ICT,KS,ACE,CE,Towers with Radar,38,73,142,0,253,0,7,97,0,104,38,80,239,0,357,84,0,84,441
10/30/2000,ICT,KS,ACE,CE,Towers with Radar,41,75,208,46,370,0,3,295,0,298,41,78,503,46,668,256,26,282,950
10/31/2000,ICT,KS,ACE,CE,Towers with Radar,51,78,184,27,340,0,0,58,0,58,51,78,242,27,398,198,108,306,704
11/01/2000,ICT,KS,ACE,CE,Towers with Radar,67,76,140,41,324,2,5,112,0,119,69,81,252,41,443,138,72,210,653
11/02/2000,ICT,KS,ACE,CE,Towers with Radar,60,81,149,17,307,1,8,257,0,266,61,89,406,17,573,313,20,333,906
11/03/2000,ICT,KS,ACE,CE,Towers with Radar,59,77,183,30,349,1,1,169,2,173,60,78,352,32,522,159,64,223,745
11/04/2000,ICT,KS,ACE,CE,Towers with Radar,56,56,150,2,264,1,1,205,3,210,57,57,355,5,474,219,22,241,715
11/05/2000,ICT,KS,ACE,CE,Towers with Radar,34,55,110,6,205,1,0,1,0,2,35,55,111,6,207,8,0,8,215
11/06/2000,ICT,KS,ACE,CE,Towers with Radar,40,68,149,14,271,0,0,51,1,52,40,68,200,15,323,50,12,62,385
11/07/2000,ICT,KS,ACE,CE,Towers with Radar,59,68,199,32,358,0,6,191,0,197,59,74,390,32,555,156,42,198,753
11/08/2000,ICT,KS,ACE,CE,Towers with Radar,56,72,196,3,327,0,4,143,0,147,56,76,339,3,474,152,6,158,632
11/09/2000,ICT,KS,ACE,CE,Towers with Radar,72,72,235,2,381,0,3,194,0,197,72,75,429,2,578,266,28,294,872
11/10/2000,ICT,KS,ACE,CE,Towers with Radar,73,85,201,2,361,0,2,185,0,187,73,87,386,2,548,184,0,184,732
11/11/2000,ICT,KS,ACE,CE,Towers with Radar,45,64,108,1,218,1,11,11,0,23,46,75,119,1,241,2,0,2,243
11/12/2000,ICT,KS,ACE,CE,Towers with Radar,40,56,113,0,209,1,2,148,0,151,41,58,261,0,360,102,0,102,462
11/13/2000,ICT,KS,ACE,CE,Towers with Radar,46,73,159,11,289,1,9,189,0,199,47,82,348,11,488,130,32,162,650
11/14/2000,ICT,KS,ACE,CE,Towers with Radar,59,87,181,12,339,1,6,229,0,236,60,93,410,12,575,170,32,202,777
11/15/2000,ICT,KS,ACE,CE,Towers with Radar,61,80,161,30,332,1,9,113,0,123,62,89,274,30,455,72,38,110,565
11/16/2000,ICT,KS,ACE,CE,Towers with Radar,56,95,203,19,373,1,8,186,1,196,57,103,389,20,569,166,26,192,761
11/17/2000,ICT,KS,ACE,CE,Towers with Radar,60,72,171,32,335,1,5,234,2,242,61,77,405,34,577,164,20,184,761
11/18/2000,ICT,KS,ACE,CE,Towers with Radar,46,73,73,27,219,1,4,181,5,191,47,77,254,32,410,298,50,348,758
11/19/2000,ICT,KS,ACE,CE,Towers with Radar,52,50,98,1,201,1,2,125,1,129,53,52,223,2,330,78,0,78,408
11/20/2000,ICT,KS,ACE,CE,Towers with Radar,53,76,181,18,328,0,0,145,6,151,53,76,326,24,479,104,14,118,597
11/21/2000,ICT,KS,ACE,CE,Towers with Radar,58,61,170,23,312,1,7,180,1,189,59,68,350,24,501,150,26,176,677
11/22/2000,ICT,KS,ACE,CE,Towers with Radar,47,74,130,34,285,1,9,169,1,180,48,83,299,35,465,188,56,244,709
11/23/2000,ICT,KS,ACE,CE,Towers with Radar,43,48,49,0,140,1,1,8,0,10,44,49,57,0,150,8,0,8,158
11/24/2000,ICT,KS,ACE,CE,Towers with Radar,23,67,65,7,162,1,1,35,0,37,24,68,100,7,199,194,0,194,393
11/25/2000,ICT,KS,ACE,CE,Towers with Radar,43,35,45,0,123,1,1,113,0,115,44,36,158,0,238,64,0,64,302
11/26/2000,ICT,KS,ACE,CE,Towers with Radar,40,51,115,8,214,1,3,114,0,118,41,54,229,8,332,118,2,120,452
11/27/2000,ICT,KS,ACE,CE,Towers with Radar,42,87,154,30,313,1,6,139,6,152,43,93,293,36,465,102,10,112,577
11/28/2000,ICT,KS,ACE,CE,Towers with Radar,61,74,179,17,331,1,7,155,1,164,62,81,334,18,495,98,26,124,619
11/29/2000,ICT,KS,ACE,CE,Towers with Radar,61,82,174,15,332,0,2,175,0,177,61,84,349,15,509,168,8,176,685
11/30/2000,ICT,KS,ACE,CE,Towers with Radar,56,89,189,12,346,1,9,151,1,162,57,98,340,13,508,118,20,138,646
12/01/2000,ICT,KS,ACE,CE,Towers with Radar,75,76,214,5,370,0,4,61,0,65,75,80,275,5,435,70,10,80,515
12/02/2000,ICT,KS,ACE,CE,Towers with Radar,50,61,108,2,221,0,2,92,0,94,50,63,200,2,315,191,0,191,506
12/03/2000,ICT,KS,ACE,CE,Towers with Radar,48,53,114,1,216,0,0,144,0,144,48,53,258,1,360,138,0,138,498
12/04/2000,ICT,KS,ACE,CE,Towers with Radar,40,83,127,20,270,0,4,200,6,210,40,87,327,26,480,206,28,234,714
12/05/2000,ICT,KS,ACE,CE,Towers with Radar,57,85,151,17,310,0,9,174,1,184,57,94,325,18,494,118,40,158,652
12/06/2000,ICT,KS,ACE,CE,Towers with Radar,56,84,206,20,366,0,4,122,0,126,56,88,328,20,492,180,18,198,690
12/07/2000,ICT,KS,ACE,CE,Towers with Radar,62,94,181,43,380,0,6,191,3,200,62,100,372,46,580,240,68,308,888
12/08/2000,ICT,KS,ACE,CE,Towers with Radar,69,71,170,6,316,0,1,169,0,170,69,72,339,6,486,176,4,180,666
12/09/2000,ICT,KS,ACE,CE,Towers with Radar,53,49,121,1,224,0,3,114,0,117,53,52,235,1,341,182,0,182,523
12/10/2000,ICT,KS,ACE,CE,Towers with Radar,40,54,89,2,185,0,0,3,0,3,40,54,92,2,188,8,0,8,196
12/11/2000,ICT,KS,ACE,CE,Towers with Radar,39,78,87,2,206,0,0,21,0,21,39,78,108,2,227,14,0,14,241
12/12/2000,ICT,KS,ACE,CE,Towers with Radar,58,77,135,25,295,0,9,104,0,113,58,86,239,25,408,200,48,248,656
12/13/2000,ICT,KS,ACE,CE,Towers with Radar,44,79,141,0,264,0,0,10,0,10,44,79,151,0,274,14,0,14,288
12/14/2000,ICT,KS,ACE,CE,Towers with Radar,55,91,244,8,398,0,1,4,0,5,55,92,248,8,403,37,0,37,440
12/15/2000,ICT,KS,ACE,CE,Towers with Radar,52,62,134,0,248,0,0,2,0,2,52,62,136,0,250,10,0,10,260
12/16/2000,ICT,KS,ACE,CE,Towers with Radar,40,54,101,4,199,0,2,32,0,34,40,56,133,4,233,6,0,6,239
12/17/2000,ICT,KS,ACE,CE,Towers with Radar,36,42,88,6,172,0,1,128,0,129,36,43,216,6,301,182,0,182,483
12/18/2000,ICT,KS,ACE,CE,Towers with Radar,50,84,156,21,311,0,3,50,0,53,50,87,206,21,364,68,14,82,446
12/19/2000,ICT,KS,ACE,CE,Towers with Radar,64,74,214,36,388,0,5,169,3,177,64,79,383,39,565,192,52,244,809
12/20/2000,ICT,KS,ACE,CE,Towers with Radar,59,77,181,24,341,0,10,74,3,87,59,87,255,27,428,92,58,150,578
12/21/2000,ICT,KS,ACE,CE,Towers with Radar,72,92,215,25,404,0,5,178,0,183,72,97,393,25,587,140,44,184,771
12/22/2000,ICT,KS,ACE,CE,Towers with Radar,58,92,164,2,316,0,11,111,0,122,58,103,275,2,438,134,2,136,574
12/23/2000,ICT,KS,ACE,CE,Towers with Radar,59,54,69,0,182,0,3,132,0,135,59,57,201,0,317,128,0,128,445
12/24/2000,ICT,KS,ACE,CE,Towers with Radar,41,45,27,0,113,0,5,31,0,36,41,50,58,0,149,30,0,30,179
12/25/2000,ICT,KS,ACE,CE,Towers with Radar,34,45,13,0,92,0,1,4,0,5,34,46,17,0,97,0,0,0,97
12/26/2000,ICT,KS,ACE,CE,Towers with Radar,34,70,79,0,183,0,2,16,0,18,34,72,95,0,201,48,0,48,249
12/27/2000,ICT,KS,ACE,CE,Towers with Radar,41,75,125,6,247,0,0,6,0,6,41,75,131,6,253,6,0,6,259
12/28/2000,ICT,KS,ACE,CE,Towers with Radar,52,75,100,3,230,0,3,96,0,99,52,78,196,3,329,94,2,96,425
12/29/2000,ICT,KS,ACE,CE,Towers with Radar,56,58,105,3,222,0,5,62,0,67,56,63,167,3,289,70,0,70,359
12/30/2000,ICT,KS,ACE,CE,Towers with Radar,47,43,55,0,145,0,4,107,0,111,47,47,162,0,256,172,0,172,428
12/31/2000,ICT,KS,ACE,CE,Towers with Radar,33,42,23,0,98,0,0,11,0,11,33,42,34,0,109,0,0,0,109
01/01/2001,ICT,KS,ACE,CE,Towers with Radar,30,45,57,0,132,2,0,23,0,25,32,45,80,0,157,2,0,2,159
01/02/2001,ICT,KS,ACE,CE,Towers with Radar,41,79,118,0,238,0,0,14,1,15,41,79,132,1,253,44,0,44,297
01/03/2001,ICT,KS,ACE,CE,Towers with Radar,51,73,146,3,273,7,13,112,0,132,58,86,258,3,405,152,4,156,561
01/04/2001,ICT,KS,ACE,CE,Towers with Radar,54,83,149,13,299,0,5,132,2,139,54,88,281,15,438,164,34,198,636
01/05/2001,ICT,KS,ACE,CE,Towers with Radar,64,75,189,35,363,0,0,247,1,248,64,75,436,36,611,218,44,262,873
01/06/2001,ICT,KS,ACE,CE,Towers with Radar,47,58,96,18,219,0,2,199,1,202,47,60,295,19,421,214,42,256,677
01/07/2001,ICT,KS,ACE,CE,Towers with Radar,40,58,116,17,231,0,4,136,2,142,40,62,252,19,373,112,16,128,501
01/08/2001,ICT,KS,ACE,CE,Towers with Radar,50,78,171,36,335,0,21,169,6,196,50,99,340,42,531,162,128,290,821
01/09/2001,ICT,KS,ACE,CE,Towers with Radar,56,100,177,26,359,0,6,178,2,186,56,106,355,28,545,128,28,156,701
01/10/2001,ICT,KS,ACE,CE,Towers with Radar,54,93,190,48,385,0,6,136,1,143,54,99,326,49,528,162,114,276,804
01/11/2001,ICT,KS,ACE,CE,Towers with Radar,64,76,195,23,358,0,2,55,1,58,64,78,250,24,416,120,51,171,587
01/12/2001,ICT,KS,ACE,CE,Towers with Radar,71,66,166,10,313,0,1,116,1,118,71,67,282,11,431,134,36,170,601
01/13/2001,ICT,KS,ACE,CE,Towers with Radar,46,64,62,2,174,0,0,0,1,1,46,64,62,3,175,2,0,2,177
01/14/2001,ICT,KS,ACE,CE,Towers with Radar,38,66,147,12,263,0,3,138,1,142,38,69,285,13,405,94,14,108,513
01/15/2001,ICT,KS,ACE,CE,Towers with Radar,44,91,139,1,275,0,8,177,1,186,44,99,316,2,461,184,0,184,645
01/16/2001,ICT,KS,ACE,CE,Towers with Radar,55,101,98,7,261,0,0,24,1,25,55,101,122,8,286,38,2,40,326
01/17/2001,ICT,KS,ACE,CE,Towers with Radar,60,100,197,5,362,0,3,26,1,30,60,103,223,6,392,34,10,44,436
01/18/2001,ICT,KS,ACE,CE,Towers with Radar,71,83,214,38,406,0,4,149,1,154,71,87,363,39,560,181,62,243,803
01/19/2001,ICT,KS,ACE,CE,Towers with Radar,62,80,190,11,343,0,1,132,1,134,62,81,322,12,477,70,14,84,561
01/20/2001,ICT,KS,ACE,CE,Towers with Radar,50,54,131,0,235,0,2,169,0,171,50,56,300,0,406,183,6,189,595
01/21/2001,ICT,KS,ACE,CE,Towers with Radar,34,62,100,5,201,0,1,156,1,158,34,63,256,6,359,68,0,68,427
01/22/2001,ICT,KS,ACE,CE,Towers with Radar,45,63,222,44,374,0,6,229,13,248,45,69,451,57,622,154,46,200,822
01/23/2001,ICT,KS,ACE,CE,Towers with Radar,52,83,196,31,362,0,2,147,2,151,52,85,343,33,513,140,32,172,685
01/24/2001,ICT,KS,ACE,CE,Towers with Radar,58,77,175,27,337,0,6,193,1,200,58,83,368,28,537,91,51,142,679
01/25/2001,ICT,KS,ACE,CE,Towers with Radar,69,74,205,31,379,0,2,139,1,142,69,76,344,32,521,96,20,116,637
01/26/2001,ICT,KS,ACE,CE,Towers with Radar,57,87,204,21,369,0,4,114,1,119,57,91,318,22,488,148,30,178,666
01/27/2001,ICT,KS,ACE,CE,Towers with Radar,49,46,130,9,234,0,3,160,1,164,49,49,290,10,398,185,4,189,587
01/28/2001,ICT,KS,ACE,CE,Towers with Radar,29,50,49,0,128,0,0,0,0,0,29,50,49,0,128,0,0,0,128
01/29/2001,ICT,KS,ACE,CE,Towers with Radar,31,47,91,0,169,3,39,36,0,78,34,86,127,0,247,34,0,34,281
01/30/2001,ICT,KS,ACE,CE,Towers with Radar,53,85,150,7,295,0,0,56,3,59,53,85,206,10,354,100,21,121,475
01/31/2001,ICT,KS,ACE,CE,Towers with Radar,56,77,183,23,339,0,3,140,5,148,56,80,323,28,487,152,64,216,703
02/01/2001,ICT,KS,ACE,CE,Towers with Radar,61,83,199,16,359,1,3,150,5,159,62,86,349,21,518,94,34,128,646
02/02/2001,ICT,KS,ACE,CE,Towers with Radar,57,89,148,20,314,1,4,188,3,196,58,93,336,23,510,144,26,170,680
02/03/2001,ICT,KS,ACE,CE,Towers with Radar,48,57,62,2,169,0,1,190,1,192,48,58,252,3,361,148,0,148,509
02/04/2001,ICT,KS,ACE,CE,Towers with Radar,38,64,86,0,188,0,0,143,0,143,38,64,229,0,331,51,0,51,382
02/05/2001,ICT,KS,ACE,CE,Towers with Radar,46,86,203,11,346,0,0,181,11,192,46,86,384,22,538,66,14,80,618
02/06/2001,ICT,KS,ACE,CE,Towers with Radar,58,86,205,12,361,0,16,209,0,225,58,102,414,12,586,134,22,156,742
02/07/2001,ICT,KS,ACE,CE,Towers with Radar,55,98,172,10,335,0,6,101,1,108,55,104,273,11,443,93,32,125,568
02/08/2001,ICT,KS,ACE,CE,Towers with Radar,57,84,122,0,263,0,0,2,0,2,57,84,124,0,265,0,0,0,265
02/09/2001,ICT,KS,ACE,CE,Towers with Radar,51,66,87,0,204,0,4,8,0,12,51,70,95,0,216,160,2,162,378
02/10/2001,ICT,KS,ACE,CE,Towers with Radar,37,54,99,4,194,14,12,109,0,135,51,66,208,4,329,92,2,94,423
02/11/2001,ICT,KS,ACE,CE,Towers with Radar,29,70,73,9,181,0,3,92,0,95,29,73,165,9,276,87,0,87,363
02/12/2001,ICT,KS,ACE,CE,Towers with Radar,43,64,118,0,225,11,22,3,0,36,54,86,121,0,261,18,0,18,279
02/13/2001,ICT,KS,ACE,CE,Towers with Radar,47,60,84,0,191,0,0,1,0,1,47,60,85,0,192,12,0,12,204
02/14/2001,ICT,KS,ACE,CE,Towers with Radar,43,72,137,15,267,0,0,5,0,5,43,72,142,15,272,0,0,0,272
02/15/2001,ICT,KS,ACE,CE,Towers with Radar,90,90,222,62,464,0,0,32,0,32,90,90,254,62,496,44,60,104,600
02/16/2001,ICT,KS,ACE,CE,Towers with Radar,71,96,203,10,380,0,3,124,0,127,71,99,327,10,507,116,42,158,665
02/17/2001,ICT,KS,ACE,CE,Towers with Radar,47,69,128,1,245,1,4,174,0,179,48,73,302,1,424,126,0,126,550
02/18/2001,ICT,KS,ACE,CE,Towers with Radar,37,55,116,0,208,0,1,111,9,121,37,56,227,9,329,95,0,95,424
02/19/2001,ICT,KS,ACE,CE,Towers with Radar,37,90,177,0,304,0,7,231,0,238,37,97,408,0,542,198,0,198,740
02/20/2001,ICT,KS,ACE,CE,Towers with Radar,59,96,208,2,365,0,3,129,1,133,59,99,337,3,498,258,0,258,756
02/21/2001,ICT,KS,ACE,CE,Towers with Radar,66,84,172,0,322,0,8,25,0,33,66,92,197,0,355,70,0,70,425
02/22/2001,ICT,KS,ACE,CE,Towers with Radar,65,94,234,2,395,0,2,122,1,125,65,96,356,3,520,140,0,140,660
02/23/2001,ICT,KS,ACE,CE,Towers with Radar,61,64,117,3,245,0,0,9,1,10,61,64,126,4,255,0,0,0,255
02/24/2001,ICT,KS,ACE,CE,Towers with Radar,47,54,74,0,175,0,0,22,0,22,47,54,96,0,197,60,0,60,257
02/25/2001,ICT,KS,ACE,CE,Towers with Radar,40,62,126,14,242,0,2,170,1,173,40,64,296,15,415,230,56,286,701
02/26/2001,ICT,KS,ACE,CE,Towers with Radar,44,80,162,26,312,0,1,153,0,154,44,81,315,26,466,190,64,254,720
02/27/2001,ICT,KS,ACE,CE,Towers with Radar,52,69,114,2,237,0,0,1,0,1,52,69,115,2,238,28,28,56,294
02/28/2001,ICT,KS,ACE,CE,Towers with Radar,47,103,176,0,326,0,0,5,0,5,47,103,181,0,331,4,0,4,335
03/01/2001,ICT,KS,ACE,CE,Towers with Radar,68,101,174,4,347,0,1,4,0,5,68,102,178,4,352,8,4,12,364
03/02/2001,ICT,KS,ACE,CE,Towers with Radar,56,87,227,36,406,0,2,189,0,191,56,89,416,36,597,163,74,237,834
03/03/2001,ICT,KS,ACE,CE,Towers with Radar,44,60,122,12,238,0,4,225,0,229,44,64,347,12,467,311,68,379,846
03/04/2001,ICT,KS,ACE,CE,Towers with Radar,37,72,127,24,260,0,1,121,0,122,37,73,248,24,382,170,28,198,580
03/05/2001,ICT,KS,ACE,CE,Towers with Radar,48,70,230,20,368,0,9,70,0,79,48,79,300,20,447,82,34,116,563
03/06/2001,ICT,KS,ACE,CE,Towers with Radar,56,91,181,11,339,0,8,196,0,204,56,99,377,11,543,296,34,330,873
03/07/2001,ICT,KS,ACE,CE,Towers with Radar,55,89,240,7,391,0,5,86,0,91,55,94,326,7,482,116,4,120,602
03/08/2001,ICT,KS,ACE,CE,Towers with Radar,69,73,200,27,369,0,0,215,1,216,69,73,415,28,585,174,46,220,805
03/09/2001,ICT,KS,ACE,CE,Towers with Radar,61,78,175,29,343,0,7,215,0,222,61,85,390,29,565,157,66,223,788
03/10/2001,ICT,KS,ACE,CE,Towers with Radar,54,56,112,27,249,0,4,126,0,130,54,60,238,27,379,93,4,97,476
03/11/2001,ICT,KS,ACE,CE,Towers with Radar,41,76,103,2,222,0,2,18,0,20,41,78,121,2,242,147,104,251,493
03/12/2001,ICT,KS,ACE,CE,Towers with Radar,50,110,194,46,400,0,6,180,0,186,50,116,374,46,586,187,184,371,957
03/13/2001,ICT,KS,ACE,CE,Towers with Radar,51,101,199,24,375,0,8,218,2,228,51,109,417,26,603,279,32,311,914
03/14/2001,ICT,KS,ACE,CE,Towers with Radar,58,89,229,12,388,0,9,252,0,261,58,98,481,12,649,248,6,254,903
03/15/2001,ICT,KS,ACE,CE,Towers with Radar,62,76,132,2,272,0,0,3,0,3,62,76,135,2,275,8,0,8,283
03/16/2001,ICT,KS,ACE,CE,Towers with Radar,56,99,259,13,427,0,4,225,2,231,56,103,484,15,658,214,6,220,878
03/17/2001,ICT,KS,ACE,CE,Towers with Radar,54,64,93,1,212,0,9,238,1,248,54,73,331,2,460,143,0,143,603
03/18/2001,ICT,KS,ACE,CE,Towers with Radar,42,67,108,3,220,0,3,85,0,88,42,70,193,3,308,98,0,98,406
03/19/2001,ICT,KS,ACE,CE,Towers with Radar,39,87,182,23,331,0,2,67,0,69,39,89,249,23,400,226,140,366,766
03/20/2001,ICT,KS,ACE,CE,Towers with Radar,52,86,172,35,345,0,11,225,0,236,52,97,397,35,581,190,74,264,845
03/21/2001,ICT,KS,ACE,CE,Towers with Radar,66,85,172,31,354,0,5,200,1,206,66,90,372,32,560,214,50,264,824
03/22/2001,ICT,KS,ACE,CE,Towers with Radar,54,97,198,11,360,0,8,203,0,211,54,105,401,11,571,179,12,191,762
03/23/2001,ICT,KS,ACE,CE,Towers with Radar,68,73,249,10,400,0,2,175,0,177,68,75,424,10,577,226,26,252,829
03/24/2001,ICT,KS,ACE,CE,Towers with Radar,47,63,94,2,206,0,4,132,0,136,47,67,226,2,342,66,6,72,414
03/25/2001,ICT,KS,ACE,CE,Towers with Radar,38,78,139,4,259,0,2,108,0,110,38,80,247,4,369,143,4,147,516
03/26/2001,ICT,KS,ACE,CE,Towers with Radar,45,82,137,15,279,0,3,145,0,148,45,85,282,15,427,249,24,273,700
03/27/2001,ICT,KS,ACE,CE,Towers with Radar,55,83,153,15,306,0,7,110,0,117,55,90,263,15,423,182,38,220,643
03/28/2001,ICT,KS,ACE,CE,Towers with Radar,54,78,207,4,343,0,0,26,0,26,54,78,233,4,369,104,6,110,479
03/29/2001,ICT,KS,ACE,CE,Towers with Radar,58,101,255,35,449,0,1,97,0,98,58,102,352,35,547,136,28,164,711
03/30/2001,ICT,KS,ACE,CE,Towers with Radar,52,83,191,19,345,0,13,237,4,254,52,96,428,23,599,170,60,230,829
03/31/2001,ICT,KS,ACE,CE,Towers with Radar,53,60,91,0,204,0,3,116,0,119,53,63,207,0,323,99,0,99,422
04/01/2001,ICT,KS,ACE,CE,Towers with Radar,34,63,101,1,199,2,4,126,0,132,36,67,227,1,331,117,6,123,454
04/02/2001,ICT,KS,ACE,CE,Towers with Radar,47,77,194,14,332,0,1,13,0,14,47,78,207,14,346,50,18,68,414
04/03/2001,ICT,KS,ACE,CE,Towers with Radar,52,83,206,14,355,1,0,75,0,76,53,83,281,14,431,162,12,174,605
04/04/2001,ICT,KS,ACE,CE,Towers with Radar,54,104,171,3,332,1,0,0,0,1,55,104,171,3,333,26,0,26,359
04/05/2001,ICT,KS,ACE,CE,Towers with Radar,58,91,245,5,399,1,0,35,1,37,59,91,280,6,436,90,0,90,526
04/06/2001,ICT,KS,ACE,CE,Towers with Radar,61,88,169,0,318,1,2,41,0,44,62,90,210,0,362,76,3,79,441
04/07/2001,ICT,KS,ACE,CE,Towers with Radar,49,52,97,2,200,0,2,170,0,172,49,54,267,2,372,152,2,154,526
04/08/2001,ICT,KS,ACE,CE,Towers with Radar,38,57,107,5,207,0,1,71,0,72,38,58,178,5,279,93,0,93,372
04/09/2001,ICT,KS,ACE,CE,Towers with Radar,42,84,181,25,332,0,7,191,0,198,42,91,372,25,530,225,42,267,797
04/10/2001,ICT,KS,ACE,CE,Towers with Radar,53,96,161,2,312,0,4,17,0,21,53,100,178,2,333,82,2,84,417
04/11/2001,ICT,KS,ACE,CE,Towers with Radar,51,74,151,14,290,0,2,58,0,60,51,76,209,14,350,88,26,114,464
04/12/2001,ICT,KS,ACE,CE,Towers with Radar,48,86,243,27,404,0,7,252,5,264,48,93,495,32,668,192,46,238,906
04/13/2001,ICT,KS,ACE,CE,Towers with Radar,50,74,166,17,307,0,0,179,5,184,50,74,345,22,491,236,82,318,809
04/14/2001,ICT,KS,ACE,CE,Towers with Radar,49,63,104,0,216,0,4,112,0,116,49,67,216,0,332,106,0,106,438
04/15/2001,ICT,KS,ACE,CE,Towers with Radar,30,63,58,4,155,1,11,99,0,111,31,74,157,4,266,84,0,84,350
04/16/2001,ICT,KS,ACE,CE,Towers with Radar,44,61,150,15,270,0,0,199,24,223,44,61,349,39,493,168,18,186,679
04/17/2001,ICT,KS,ACE,CE,Towers with Radar,61,73,188,24,346,0,5,238,0,243,61,78,426,24,589,290,108,398,987
04/18/2001,ICT,KS,ACE,CE,Towers with Radar,56,75,201,47,379,0,2,197,0,199,56,77,398,47,578,200,68,268,846
04/19/2001,ICT,KS,ACE,CE,Towers with Radar,46,86,136,20,288,0,11,121,0,132,46,97,257,20,420,123,18,141,561
04/20/2001,ICT,KS,ACE,CE,Towers with Radar,59,85,174,22,340,0,18,128,0,146,59,103,302,22,486,148,42,190,676
04/21/2001,ICT,KS,ACE,CE,Towers with Radar,48,56,111,7,222,0,4,50,0,54,48,60,161,7,276,137,14,151,427
04/22/2001,ICT,KS,ACE,CE,Towers with Radar,38,47,55,1,141,1,4,7,0,12,39,51,62,1,153,34,0,34,187
04/23/2001,ICT,KS,ACE,CE,Towers with Radar,42,83,190,18,333,0,16,165,1,182,42,99,355,19,515,157,78,235,750
04/24/2001,ICT,KS,ACE,CE,Towers with Radar,62,95,155,22,334,0,13,222,0,235,62,108,377,22,569,350,32,382,951
04/25/2001,ICT,KS,ACE,CE,Towers with Radar,59,72,166,32,329,0,9,257,2,268,59,81,423,34,597,318,74,392,989
04/26/2001,ICT,KS,ACE,CE,Towers with Radar,66,83,176,21,346,0,9,214,0,223,66,92,390,21,569,252,16,268,837
04/27/2001,ICT,KS,ACE,CE,Towers with Radar,62,60,161,49,332,0,12,212,0,224,62,72,373,49,556,238,68,306,862
04/28/2001,ICT,KS,ACE,CE,Towers with Radar,50,43,117,7,217,0,11,162,0,173,50,54,279,7,390,168,12,180,570
04/29/2001,ICT,KS,ACE,CE,Towers with Radar,37,56,97,2,192,1,7,132,0,140,38,63,229,2,332,146,4,150,482
04/30/2001,ICT,KS,ACE,CE,Towers with Radar,43,77,191,17,328,0,4,126,0,130,43,81,317,17,458,102,32,134,592
05/01/2001,ICT,KS,ACE,CE,Towers with Radar,60,90,164,7,321,0,15,180,2,197,60,105,344,9,518,104,6,110,628
05/02/2001,ICT,KS,ACE,CE,Towers with Radar,59,82,247,10,398,0,3,79,0,82,59,85,326,10,480,148,56,204,684
05/03/2001,ICT,KS,ACE,CE,Towers with Radar,56,91,228,4,379,0,0,73,0,73,56,91,301,4,452,132,0,132,584
05/04/2001,ICT,KS,ACE,CE,Towers with Radar,55,91,159,8,313,0,4,62,0,66,55,95,221,8,379,138,2,140,519
05/05/2001,ICT,KS,ACE,CE,Towers with Radar,50,53,75,14,192,0,2,78,0,80,50,55,153,14,272,119,6,125,397
05/06/2001,ICT,KS,ACE,CE,Towers with Radar,37,53,80,15,185,0,0,58,0,58,37,53,138,15,243,113,4,117,360
05/07/2001,ICT,KS,ACE,CE,Towers with Radar,46,73,169,14,302,0,7,197,0,204,46,80,366,14,506,204,14,218,724
05/08/2001,ICT,KS,ACE,CE,Towers with Radar,55,58,214,26,353,0,4,201,0,205,55,62,415,26,558,258,48,306,864
05/09/2001,ICT,KS,ACE,CE,Towers with Radar,64,78,158,22,322,0,5,216,0,221,64,83,374,22,543,262,24,286,829
05/10/2001,ICT,KS,ACE,CE,Towers with Radar,62,94,222,7,385,0,18,173,0,191,62,112,395,7,576,229,24,253,829
05/11/2001,ICT,KS,ACE,CE,Towers with Radar,61,82,160,18,321,0,7,111,0,118,61,89,271,18,439,214,28,242,681
05/12/2001,ICT,KS,ACE,CE,Towers with Radar,54,44,98,4,200,0,8,168,1,177,54,52,266,5,377,136,6,142,519
05/13/2001,ICT,KS,ACE,CE,Towers with Radar,27,37,76,6,146,12,26,116,0,154,39,63,192,6,300,104,2,106,406
05/14/2001,ICT,KS,ACE,CE,Towers with Radar,51,66,161,29,307,0,7,138,0,145,51,73,299,29,452,105,48,153,605
05/15/2001,ICT,KS,ACE,CE,Towers with Radar,57,83,182,20,342,0,5,197,4,206,57,88,379,24,548,224,34,258,806
05/16/2001,ICT,KS,ACE,CE,Towers with Radar,59,85,208,20,372,0,16,270,1,287,59,101,478,21,659,344,34,378,1037
05/17/2001,ICT,KS,ACE,CE,Towers with Radar,63,100,173,6,342,0,2,126,0,128,63,102,299,6,470,152,0,152,622
05/18/2001,ICT,KS,ACE,CE,Towers with Radar,57,83,208,49,397,0,0,116,3,119,57,83,324,52,516,119,130,249,765
05/19/2001,ICT,KS,ACE,CE,Towers with Radar,75,62,129,2,268,0,2,143,0,145,75,64,272,2,413,208,3,211,624
05/20/2001,ICT,KS,ACE,CE,Towers with Radar,42,62,86,2,192,0,0,41,0,41,42,62,127,2,233,62,0,62,295
05/21/2001,ICT,KS,ACE,CE,Towers with Radar,43,68,169,21,301,0,8,151,1,160,43,76,320,22,461,172,62,234,695
05/22/2001,ICT,KS,ACE,CE,Towers with Radar,63,98,196,35,392,0,28,183,1,212,63,126,379,36,604,216,44,260,864
05/23/2001,ICT,KS,ACE,CE,Towers with Radar,56,76,172,19,323,0,5,231,0,236,56,81,403,19,559,198,56,254,813
05/24/2001,ICT,KS,ACE,CE,Towers with Radar,59,81,192,24,356,0,5,149,0,154,59,86,341,24,510,134,40,174,684
05/25/2001,ICT,KS,ACE,CE,Towers with Radar,57,79,158,27,321,0,9,198,0,207,57,88,356,27,528,210,34,244,772
05/26/2001,ICT,KS,ACE,CE,Towers with Radar,44,47,71,0,162,0,1,137,0,138,44,48,208,0,300,58,0,58,358
05/27/2001,ICT,KS,ACE,CE,Towers with Radar,34,41,42,0,117,0,4,67,0,71,34,45,109,0,188,18,0,18,206
05/28/2001,ICT,KS,ACE,CE,Towers with Radar,31,57,64,0,152,0,0,125,0,125,31,57,189,0,277,111,0,111,388
05/29/2001,ICT,KS,ACE,CE,Towers with Radar,46,56,144,4,250,0,0,50,0,50,46,56,194,4,300,62,2,64,364
05/30/2001,ICT,KS,ACE,CE,Towers with Radar,60,107,196,9,372,0,2,63,0,65,60,109,259,9,437,32,16,48,485
05/31/2001,ICT,KS,ACE,CE,Towers with Radar,53,101,195,26,375,0,0,71,0,71,53,101,266,26,446,150,10,160,606
06/01/2001,ICT,KS,ACE,CE,Towers with Radar,51,81,158,7,297,0,12,141,0,153,51,93,299,7,450,90,10,100,550
06/02/2001,ICT,KS,ACE,CE,Towers with Radar,49,59,70,3,181,0,2,139,0,141,49,61,209,3,322,172,6,178,500
06/03/2001,ICT,KS,ACE,CE,Towers with Radar,39,62,102,1,204,0,1,35,0,36,39,63,137,1,240,104,0,104,344
06/04/2001,ICT,KS,ACE,CE,Towers with Radar,38,91,190,16,335,0,1,57,0,58,38,92,247,16,393,100,10,110,503
06/05/2001,ICT,KS,ACE,CE,Towers with Radar,54,84,138,9,285,0,0,46,0,46,54,84,184,9,331,108,10,118,449
06/06/2001,ICT,KS,ACE,CE,Towers with Radar,70,101,217,49,437,1,1,139,0,141,71,102,356,49,578,206,74,280,858
06/07/2001,ICT,KS,ACE,CE,Towers with Radar,52,91,248,34,425,0,5,159,0,164,52,96,407,34,589,212,36,248,837
06/08/2001,ICT,KS,ACE,CE,Towers with Radar,71,88,167,28,354,0,3,88,4,95,71,91,255,32,449,127,54,181,630
06/09/2001,ICT,KS,ACE,CE,Towers with Radar,48,54,111,4,217,0,5,195,0,200,48,59,306,4,417,292,12,304,721
06/10/2001,ICT,KS,ACE,CE,Towers with Radar,42,62,104,13,221,0,0,141,0,141,42,62,245,13,362,99,28,127,489
06/11/2001,ICT,KS,ACE,CE,Towers with Radar,41,67,141,40,289,0,9,181,0,190,41,76,322,40,479,131,90,221,700
06/12/2001,ICT,KS,ACE,CE,Towers with Radar,54,103,187,69,413,0,17,220,3,240,54,120,407,72,653,140,92,232,885
06/13/2001,ICT,KS,ACE,CE,Towers with Radar,57,92,169,37,355,0,13,119,0,132,57,105,288,37,487,118,108,226,713
06/14/2001,ICT,KS,ACE,CE,Towers with Radar,55,84,164,25,328,0,7,111,0,118,55,91,275,25,446,122,52,174,620
06/15/2001,ICT,KS,ACE,CE,Towers with Radar,71,99,180,46,396,0,7,247,6,260,71,106,427,52,656,126,40,166,822
06/16/2001,ICT,KS,ACE,CE,Towers with Radar,45,53,92,3,193,0,4,156,0,160,45,57,248,3,353,132,0,132,485
06/17/2001,ICT,KS,ACE,CE,Towers with Radar,40,56,90,4,190,0,2,103,2,107,40,58,193,6,297,40,6,46,343
06/18/2001,ICT,KS,ACE,CE,Towers with Radar,42,67,99,13,221,0,9,100,0,109,42,76,199,13,330,28,12,40,370
06/19/2001,ICT,KS,ACE,CE,Towers with Radar,57,83,200,19,359,0,5,132,0,137,57,88,332,19,496,140,32,172,668
06/20/2001,ICT,KS,ACE,CE,Towers with Radar,60,78,164,1,303,0,5,76,0,81,60,83,240,1,384,130,0,130,514
06/21/2001,ICT,KS,ACE,CE,Towers with Radar,56,94,237,26,413,0,5,194,1,200,56,99,431,27,613,184,41,225,838
06/22/2001,ICT,KS,ACE,CE,Towers with Radar,62,80,163,41,346,0,9,232,1,242,62,89,395,42,588,268,48,316,904
06/23/2001,ICT,KS,ACE,CE,Towers with Radar,48,51,83,6,188,0,15,182,0,197,48,66,265,6,385,124,4,128,513
06/24/2001,ICT,KS,ACE,CE,Towers with Radar,49,57,110,1,217,0,1,140,1,142,49,58,250,2,359,154,2,156,515
06/25/2001,ICT,KS,ACE,CE,Towers with Radar,43,72,181,25,321,0,7,194,0,201,43,79,375,25,522,86,18,104,626
06/26/2001,ICT,KS,ACE,CE,Towers with Radar,57,97,215,42,411,0,11,229,3,243,57,108,444,45,654,196,44,240,894
06/27/2001,ICT,KS,ACE,CE,Towers with Radar,62,82,189,45,378,0,9,189,0,198,62,91,378,45,576,184,72,256,832
06/28/2001,ICT,KS,ACE,CE,Towers with Radar,66,75,209,55,405,0,12,179,0,191,66,87,388,55,596,134,16,150,746
06/29/2001,ICT,KS,ACE,CE,Towers with Radar,57,89,265,46,457,0,2,114,1,117,57,91,379,47,574,147,42,189,763
06/30/2001,ICT,KS,ACE,CE,Towers with Radar,59,59,93,11,222,0,5,126,0,131,59,64,219,11,353,72,4,76,429
07/01/2001,ICT,KS,ACE,CE,Towers with Radar,48,54,77,4,183,1,6,144,0,151,49,60,221,4,334,194,10,204,538
07/02/2001,ICT,KS,ACE,CE,Towers with Radar,37,83,139,54,313,0,11,141,2,154,37,94,280,56,467,95,58,153,620
07/03/2001,ICT,KS,ACE,CE,Towers with Radar,56,87,128,32,303,0,7,219,3,229,56,94,347,35,532,232,68,300,832
07/04/2001,ICT,KS,ACE,CE,Towers with Radar,48,44,70,0,162,1,7,98,0,106,49,51,168,0,268,108,0,108,376
07/05/2001,ICT,KS,ACE,CE,Towers with Radar,51,82,127,2,262,0,5,123,1,129,51,87,250,3,391,107,2,109,500
07/06/2001,ICT,KS,ACE,CE,Towers with Radar,57,79,122,26,284,0,13,173,3,189,57,92,295,29,473,142,54,196,669
07/07/2001,ICT,KS,ACE,CE,Towers with Radar,45,61,70,0,176,1,17,119,0,137,46,78,189,0,313,114,6,120,433
07/08/2001,ICT,KS,ACE,CE,Towers with Radar,42,55,82,0,179,1,2,125,0,128,43,57,207,0,307,82,0,82,389
07/09/2001,ICT,KS,ACE,CE,Towers with Radar,50,87,159,23,319,0,8,206,1,215,50,95,365,24,534,220,70,290,824
07/10/2001,ICT,KS,ACE,CE,Towers with Radar,53,87,152,35,327,0,7,194,2,203,53,94,346,37,530,194,16,210,740
07/11/2001,ICT,KS,ACE,CE,Towers with Radar,56,84,195,56,391,0,9,200,3,212,56,93,395,59,603,189,48,237,840
07/12/2001,ICT,KS,ACE,CE,Towers with Radar,64,83,215,34,396,0,4,203,4,211,64,87,418,38,607,80,52,132,739
07/13/2001,ICT,KS,ACE,CE,Towers with Radar,62,103,210,29,404,0,6,119,1,126,62,109,329,30,530,108,6,114,644
07/14/2001,ICT,KS,ACE,CE,Towers with Radar,50,67,86,3,206,0,1,153,4,158,50,68,239,7,364,206,0,206,570
07/15/2001,ICT,KS,ACE,CE,Towers with Radar,41,63,127,0,231,1,12,86,0,99,42,75,213,0,330,194,0,194,524
07/16/2001,ICT,KS,ACE,CE,Towers with Radar,44,65,161,21,291,0,6,152,2,160,44,71,313,23,451,113,37,150,601
07/17/2001,ICT,KS,ACE,CE,Towers with Radar,48,89,162,27,326,0,7,206,3,216,48,96,368,30,542,134,24,158,700
07/18/2001,ICT,KS,ACE,CE,Towers with Radar,62,68,161,28,319,0,6,223,2,231,62,74,384,30,550,185,28,213,763
07/19/2001,ICT,KS,ACE,CE,Towers with Radar,60,95,148,31,334,0,19,211,2,232,60,114,359,33,566,117,12,129,695
07/20/2001,ICT,KS,ACE,CE,Towers with Radar,62,92,145,7,306,0,11,149,2,162,62,103,294,9,468,132,18,150,618
07/21/2001,ICT,KS,ACE,CE,Towers with Radar,52,79,80,9,220,0,1,167,2,170,52,80,247,11,390,92,10,102,492
07/22/2001,ICT,KS,ACE,CE,Towers with Radar,40,52,96,2,190,0,8,121,2,131,40,60,217,4,321,45,2,47,368
07/23/2001,ICT,KS,ACE,CE,Towers with Radar,59,79,164,30,332,0,8,206,2,216,59,87,370,32,548,162,34,196,744
07/24/2001,ICT,KS,ACE,CE,Towers with Radar,53,78,158,14,303,0,6,196,0,202,53,84,354,14,505,228,6,234,739
07/25/2001,ICT,KS,ACE,CE,Towers with Radar,67,88,202,9,366,0,9,143,0,152,67,97,345,9,518,146,12,158,676
07/26/2001,ICT,KS,ACE,CE,Towers with Radar,51,99,142,8,300,0,6,90,0,96,51,105,232,8,396,80,4,84,480
07/27/2001,ICT,KS,ACE,CE,Towers with Radar,62,85,120,58,325,0,6,106,3,115,62,91,226,61,440,73,24,97,537
07/28/2001,ICT,KS,ACE,CE,Towers with Radar,51,68,83,5,207,0,6,92,0,98,51,74,175,5,305,112,12,124,429
07/29/2001,ICT,KS,ACE,CE,Towers with Radar,38,54,68,13,173,0,7,139,0,146,38,61,207,13,319,108,22,130,449
07/30/2001,ICT,KS,ACE,CE,Towers with Radar,40,79,143,26,288,0,17,160,1,178,40,96,303,27,466,131,34,165,631
07/31/2001,ICT,KS,ACE,CE,Towers with Radar,54,86,144,35,319,0,9,201,1,211,54,95,345,36,530,169,34,203,733
08/01/2001,ICT,KS,ACE,CE,Towers with Radar,56,90,146,27,319,0,15,194,3,212,56,105,340,30,531,178,57,235,766
08/02/2001,ICT,KS,ACE,CE,Towers with Radar,57,88,177,29,351,0,8,212,2,222,57,96,389,31,573,184,16,200,773
08/03/2001,ICT,KS,ACE,CE,Towers with Radar,63,78,144,29,314,0,6,170,0,176,63,84,314,29,490,116,20,136,626
08/04/2001,ICT,KS,ACE,CE,Towers with Radar,55,70,91,5,221,0,4,156,1,161,55,74,247,6,382,134,10,144,526
08/05/2001,ICT,KS,ACE,CE,Towers with Radar,44,53,76,12,185,0,1,153,0,154,44,54,229,12,339,63,0,63,402
08/06/2001,ICT,KS,ACE,CE,Towers with Radar,41,84,165,22,312,0,3,187,0,190,41,87,352,22,502,186,33,219,721
08/07/2001,ICT,KS,ACE,CE,Towers with Radar,56,86,50,0,192,0,228,0,0,228,56,314,50,0,420,238,46,284,704
08/08/2001,ICT,KS,ACE,CE,Towers with Radar,57,95,182,63,397,0,9,180,1,190,57,104,362,64,587,235,54,289,876
08/09/2001,ICT,KS,ACE,CE,Towers with Radar,60,83,181,65,389,0,15,182,0,197,60,98,363,65,586,184,69,253,839
08/10/2001,ICT,KS,ACE,CE,Towers with Radar,68,109,175,42,394,0,5,118,5,128,68,114,293,47,522,116,52,168,690
08/11/2001,ICT,KS,ACE,CE,Towers with Radar,56,65,82,10,213,0,2,159,0,161,56,67,241,10,374,114,18,132,506
08/12/2001,ICT,KS,ACE,CE,Towers with Radar,39,45,79,5,168,0,0,137,1,138,39,45,216,6,306,108,8,116,422
08/13/2001,ICT,KS,ACE,CE,Towers with Radar,42,74,106,28,250,0,3,157,0,160,42,77,263,28,410,82,24,106,516
08/14/2001,ICT,KS,ACE,CE,Towers with Radar,53,109,159,16,337,0,17,191,2,210,53,126,350,18,547,120,44,164,711
08/15/2001,ICT,KS,ACE,CE,Towers with Radar,59,99,216,7,381,0,3,217,0,220,59,102,433,7,601,162,12,174,775
08/16/2001,ICT,KS,ACE,CE,Towers with Radar,55,112,179,43,389,0,13,166,0,179,55,125,345,43,568,206,16,222,790
08/17/2001,ICT,KS,ACE,CE,Towers with Radar,47,76,153,24,300,0,8,118,2,128,47,84,271,26,428,124,12,136,564
08/18/2001,ICT,KS,ACE,CE,Towers with Radar,51,54,92,11,208,0,3,170,0,173,51,57,262,11,381,146,12,158,539
08/19/2001,ICT,KS,ACE,CE,Towers with Radar,40,63,96,10,209,0,8,145,0,153,40,71,241,10,362,126,0,126,488
08/20/2001,ICT,KS,ACE,CE,Towers with Radar,48,72,142,39,301,0,4,184,2,190,48,76,326,41,491,190,90,280,771
08/21/2001,ICT,KS,ACE,CE,Towers with Radar,61,94,137,38,330,0,17,168,3,188,61,111,305,41,518,191,48,239,757
08/22/2001,ICT,KS,ACE,CE,Towers with Radar,54,90,137,35,316,0,12,138,7,157,54,102,275,42,473,136,44,180,653
08/23/2001,ICT,KS,ACE,CE,Towers with Radar,66,75,137,13,291,0,6,100,0,106,66,81,237,13,397,139,2,141,538
08/24/2001,ICT,KS,ACE,CE,Towers with Radar,66,84,170,1,321,0,6,91,1,98,66,90,261,2,419,130,0,130,549
08/25/2001,ICT,KS,ACE,CE,Towers with Radar,41,76,85,2,204,0,7,197,0,204,41,83,282,2,408,191,0,191,599
08/26/2001,ICT,KS,ACE,CE,Towers with Radar,48,57,103,27,235,0,6,142,0,148,48,63,245,27,383,68,64,132,515
08/27/2001,ICT,KS,ACE,CE,Towers with Radar,39,80,172,19,310,0,16,251,0,267,39,96,423,19,577,210,2,212,789
08/28/2001,ICT,KS,ACE,CE,Towers with Radar,65,87,234,33,419,0,7,202,0,209,65,94,436,33,628,220,58,278,906
08/29/2001,ICT,KS,ACE,CE,Towers with Radar,64,104,212,43,423,0,13,226,1,240,64,117,438,44,663,214,82,296,959
08/30/2001,ICT,KS,ACE,CE,Towers with Radar,68,101,181,29,379,0,8,188,0,196,68,109,369,29,575,98,26,124,699
08/31/2001,ICT,KS,ACE,CE,Towers with Radar,61,103,195,17,376,0,12,182,8,202,61,115,377,25,578,114,40,154,732
09/01/2001,ICT,KS,ACE,CE,Towers with Radar,52,52,74,0,178,0,7,151,0,158,52,59,225,0,336,119,0,119,455
09/02/2001,ICT,KS,ACE,CE,Towers with Radar,28,45,47,0,120,0,9,97,0,106,28,54,144,0,226,37,0,37,263
09/03/2001,ICT,KS,ACE,CE,Towers with Radar,31,55,53,0,139,0,0,110,0,110,31,55,163,0,249,110,2,112,361
09/04/2001,ICT,KS,ACE,CE,Towers with Radar,55,73,190,20,338,0,6,163,2,171,55,79,353,22,509,132,62,194,703
09/05/2001,ICT,KS,ACE,CE,Towers with Radar,64,70,185,29,348,0,6,182,0,188,64,76,367,29,536,148,34,182,718
09/06/2001,ICT,KS,ACE,CE,Towers with Radar,68,109,234,20,431,0,2,73,3,78,68,111,307,23,509,158,8,166,675
09/07/2001,ICT,KS,ACE,CE,Towers with Radar,64,90,200,3,357,0,10,43,0,53,64,100,243,3,410,42,0,42,452
09/08/2001,ICT,KS,ACE,CE,Towers with Radar,57,71,140,7,275,0,7,85,0,92,57,78,225,7,367,173,6,179,546
09/09/2001,ICT,KS,ACE,CE,Towers with Radar,43,55,87,25,210,0,5,156,2,163,43,60,243,27,373,156,84,240,613
09/10/2001,ICT,KS,ACE,CE,Towers with Radar,44,78,180,18,320,0,14,185,2,201,44,92,365,20,521,268,42,310,831
09/11/2001,ICT,KS,ACE,CE,Towers with Radar,51,26,55,5,137,0,2,36,0,38,51,28,91,5,175,50,0,50,225
09/12/2001,ICT,KS,ACE,CE,Towers with Radar,0,5,2,3,10,0,1,0,0,1,0,6,2,3,11,0,0,0,11
09/13/2001,ICT,KS,ACE,CE,Towers with Radar,18,58,5,4,85,0,2,3,0,5,18,60,8,4,90,0,0,0,90
09/14/2001,ICT,KS,ACE,CE,Towers with Radar,49,128,48,7,232,0,4,0,0,4,49,132,48,7,236,12,50,62,298
09/15/2001,ICT,KS,ACE,CE,Towers with Radar,34,92,138,5,269,0,0,0,2,2,34,92,138,7,271,6,0,6,277
09/16/2001,ICT,KS,ACE,CE,Towers with Radar,25,62,83,1,171,0,0,0,0,0,25,62,83,1,171,2,0,2,173
09/17/2001,ICT,KS,ACE,CE,Towers with Radar,26,83,161,16,286,0,0,0,0,0,26,83,161,16,286,14,8,22,308
09/18/2001,ICT,KS,ACE,CE,Towers with Radar,43,111,195,26,375,0,0,0,0,0,43,111,195,26,375,68,32,100,475
09/19/2001,ICT,KS,ACE,CE,Towers with Radar,65,89,361,24,539,0,3,0,0,3,65,92,361,24,542,70,16,86,628
09/20/2001,ICT,KS,ACE,CE,Towers with Radar,64,113,251,15,443,0,5,49,0,54,64,118,300,15,497,54,22,76,573
09/21/2001,ICT,KS,ACE,CE,Towers with Radar,52,115,193,38,398,0,10,116,5,131,52,125,309,43,529,36,34,70,599
09/22/2001,ICT,KS,ACE,CE,Towers with Radar,40,64,102,7,213,0,9,89,0,98,40,73,191,7,311,72,6,78,389
09/23/2001,ICT,KS,ACE,CE,Towers with Radar,43,42,101,12,198,0,2,43,0,45,43,44,144,12,243,40,20,60,303
09/24/2001,ICT,KS,ACE,CE,Towers with Radar,44,81,152,6,283,0,3,108,1,112,44,84,260,7,395,158,0,158,553
09/25/2001,ICT,KS,ACE,CE,Towers with Radar,60,101,188,9,358,0,8,181,1,190,60,109,369,10,548,226,4,230,778
09/26/2001,ICT,KS,ACE,CE,Towers with Radar,64,98,226,10,398,0,5,237,0,242,64,103,463,10,640,157,2,159,799
09/27/2001,ICT,KS,ACE,CE,Towers with Radar,64,98,239,48,449,0,12,191,0,203,64,110,430,48,652,278,76,354,1006
09/28/2001,ICT,KS,ACE,CE,Towers with Radar,60,103,210,4,377,0,8,235,1,244,60,111,445,5,621,196,0,196,817
09/29/2001,ICT,KS,ACE,CE,Towers with Radar,45,62,94,0,201,0,4,162,2,168,45,66,256,2,369,172,4,176,545
09/30/2001,ICT,KS,ACE,CE,Towers with Radar,41,48,107,3,199,0,2,156,0,158,41,50,263,3,357,204,2,206,563
10/01/2001,ICT,KS,ACE,CE,Towers with Radar,44,77,104,1,226,1,5,120,0,126,45,82,224,1,352,122,2,124,476
10/02/2001,ICT,KS,ACE,CE,Towers with Radar,62,94,183,7,346,0,11,177,0,188,62,105,360,7,534,196,12,208,742
10/03/2001,ICT,KS,ACE,CE,Towers with Radar,59,104,200,20,383,0,3,176,4,183,59,107,376,24,566,138,6,144,710
10/04/2001,ICT,KS,ACE,CE,Towers with Radar,60,112,201,13,386,0,7,140,2,149,60,119,341,15,535,146,0,146,681
10/05/2001,ICT,KS,ACE,CE,Towers with Radar,75,98,200,15,388,0,2,71,1,74,75,100,271,16,462,96,22,118,580
10/06/2001,ICT,KS,ACE,CE,Towers with Radar,52,62,101,0,215,0,7,177,0,184,52,69,278,0,399,149,0,149,548
10/07/2001,ICT,KS,ACE,CE,Towers with Radar,42,51,115,1,209,0,5,92,1,98,42,56,207,2,307,86,0,86,393
10/08/2001,ICT,KS,ACE,CE,Towers with Radar,44,77,169,2,292,0,4,125,1,130,44,81,294,3,422,110,0,110,532
10/09/2001,ICT,KS,ACE,CE,Towers with Radar,57,101,187,12,357,0,2,36,1,39,57,103,223,13,396,40,4,44,440
10/10/2001,ICT,KS,ACE,CE,Towers with Radar,65,99,194,39,397,0,21,169,2,192,65,120,363,41,589,155,66,221,810
10/11/2001,ICT,KS,ACE,CE,Towers with Radar,70,80,205,44,399,0,2,222,2,226,70,82,427,46,625,223,62,285,910
10/12/2001,ICT,KS,ACE,CE,Towers with Radar,57,105,227,34,423,0,10,77,0,87,57,115,304,34,510,83,28,111,621
10/13/2001,ICT,KS,ACE,CE,Towers with Radar,62,66,86,4,218,0,8,105,0,113,62,74,191,4,331,71,0,71,402
10/14/2001,ICT,KS,ACE,CE,Towers with Radar,37,59,117,2,215,0,4,135,1,140,37,63,252,3,355,198,1,199,554
10/15/2001,ICT,KS,ACE,CE,Towers with Radar,47,64,138,13,262,0,2,42,0,44,47,66,180,13,306,75,12,87,393
10/16/2001,ICT,KS,ACE,CE,Towers with Radar,54,106,187,14,361,0,7,226,0,233,54,113,413,14,594,152,18,170,764
10/17/2001,ICT,KS,ACE,CE,Towers with Radar,62,99,204,22,387,0,6,213,0,219,62,105,417,22,606,180,42,222,828
10/18/2001,ICT,KS,ACE,CE,Towers with Radar,65,93,209,4,371,0,6,207,0,213,65,99,416,4,584,157,4,161,745
10/19/2001,ICT,KS,ACE,CE,Towers with Radar,57,86,172,13,328,0,8,199,1,208,57,94,371,14,536,174,18,192,728
10/20/2001,ICT,KS,ACE,CE,Towers with Radar,48,62,99,0,209,0,4,141,0,145,48,66,240,0,354,104,0,104,458
10/21/2001,ICT,KS,ACE,CE,Towers with Radar,47,56,95,8,206,0,6,149,0,155,47,62,244,8,361,60,8,68,429
10/22/2001,ICT,KS,ACE,CE,Towers with Radar,42,85,180,22,329,0,9,155,0,164,42,94,335,22,493,92,10,102,595
10/23/2001,ICT,KS,ACE,CE,Towers with Radar,61,84,193,34,372,0,4,217,2,223,61,88,410,36,595,128,36,164,759
10/24/2001,ICT,KS,ACE,CE,Towers with Radar,63,105,213,28,409,0,16,132,0,148,63,121,345,28,557,108,30,138,695
10/25/2001,ICT,KS,ACE,CE,Towers with Radar,63,96,202,32,393,0,7,184,4,195,63,103,386,36,588,134,74,208,796
10/26/2001,ICT,KS,ACE,CE,Towers with Radar,65,96,238,17,416,0,8,187,0,195,65,104,425,17,611,148,62,210,821
10/27/2001,ICT,KS,ACE,CE,Towers with Radar,49,71,113,12,245,0,12,156,0,168,49,83,269,12,413,96,0,96,509
10/28/2001,ICT,KS,ACE,CE,Towers with Radar,42,66,119,0,227,0,4,94,0,98,42,70,213,0,325,35,2,37,362
10/29/2001,ICT,KS,ACE,CE,Towers with Radar,55,81,166,28,330,0,4,164,0,168,55,85,330,28,498,144,48,192,690
10/30/2001,ICT,KS,ACE,CE,Towers with Radar,54,96,171,9,330,0,19,154,0,173,54,115,325,9,503,126,14,140,643
10/31/2001,ICT,KS,ACE,CE,Towers with Radar,69,90,157,11,327,0,4,102,0,106,69,94,259,11,433,38,0,38,471
11/01/2001,ICT,KS,ACE,CE,Towers with Radar,59,121,161,10,351,0,13,190,0,203,59,134,351,10,554,177,6,183,737
11/02/2001,ICT,KS,ACE,CE,Towers with Radar,62,102,191,6,361,0,13,243,2,258,62,115,434,8,619,240,0,240,859
11/03/2001,ICT,KS,ACE,CE,Towers with Radar,51,73,155,4,283,0,2,65,2,69,51,75,220,6,352,222,0,222,574
11/04/2001,ICT,KS,ACE,CE,Towers with Radar,41,64,130,0,235,0,2,112,0,114,41,66,242,0,349,174,0,174,523
11/05/2001,ICT,KS,ACE,CE,Towers with Radar,35,79,190,15,319,0,10,120,0,130,35,89,310,15,449,122,30,152,601
11/06/2001,ICT,KS,ACE,CE,Towers with Radar,61,120,211,16,408,0,14,204,0,218,61,134,415,16,626,171,10,181,807
11/07/2001,ICT,KS,ACE,CE,Towers with Radar,53,110,169,30,362,0,22,173,0,195,53,132,342,30,557,183,49,232,789
11/08/2001,ICT,KS,ACE,CE,Towers with Radar,68,104,190,17,379,0,20,150,0,170,68,124,340,17,549,86,56,142,691
11/09/2001,ICT,KS,ACE,CE,Towers with Radar,62,114,217,16,409,0,13,225,0,238,62,127,442,16,647,128,20,148,795
11/10/2001,ICT,KS,ACE,CE,Towers with Radar,54,71,89,0,214,0,5,201,0,206,54,76,290,0,420,106,0,106,526
11/11/2001,ICT,KS,ACE,CE,Towers with Radar,39,63,76,4,182,0,1,120,0,121,39,64,196,4,303,96,0,96,399
11/12/2001,ICT,KS,ACE,CE,Towers with Radar,35,79,207,0,321,0,0,20,0,20,35,79,227,0,341,28,0,28,369
11/13/2001,ICT,KS,ACE,CE,Towers with Radar,54,117,236,13,420,0,3,16,0,19,54,120,252,13,439,24,0,24,463
11/14/2001,ICT,KS,ACE,CE,Towers with Radar,50,108,253,18,429,0,1,39,0,40,50,109,292,18,469,134,12,146,615
11/15/2001,ICT,KS,ACE,CE,Towers with Radar,52,113,214,32,411,0,6,137,1,144,52,119,351,33,555,176,88,264,819
11/16/2001,ICT,KS,ACE,CE,Towers with Radar,65,96,204,27,392,0,10,158,2,170,65,106,362,29,562,88,99,187,749
11/17/2001,ICT,KS,ACE,CE,Towers with Radar,52,62,117,3,234,0,4,120,1,125,52,66,237,4,359,197,6,203,562
11/18/2001,ICT,KS,ACE,CE,Towers with Radar,30,78,119,0,227,0,2,9,0,11,30,80,128,0,238,22,0,22,260
11/19/2001,ICT,KS,ACE,CE,Towers with Radar,40,103,166,13,322,0,6,149,0,155,40,109,315,13,477,126,56,182,659
11/20/2001,ICT,KS,ACE,CE,Towers with Radar,63,90,156,31,340,0,14,178,1,193,63,104,334,32,533,201,92,293,826
11/21/2001,ICT,KS,ACE,CE,Towers with Radar,50,101,181,27,359,0,7,181,3,191,50,108,362,30,550,168,56,224,774
11/22/2001,ICT,KS,ACE,CE,Towers with Radar,32,63,22,14,131,0,1,61,0,62,32,64,83,14,193,50,16,66,259
11/23/2001,ICT,KS,ACE,CE,Towers with Radar,24,76,39,0,139,0,6,21,0,27,24,82,60,0,166,0,0,0,166
11/24/2001,ICT,KS,ACE,CE,Towers with Radar,40,53,57,0,150,0,0,13,0,13,40,53,70,0,163,0,0,0,163
11/25/2001,ICT,KS,ACE,CE,Towers with Radar,32,54,107,0,193,0,9,76,0,85,32,63,183,0,278,89,0,89,367
11/26/2001,ICT,KS,ACE,CE,Towers with Radar,35,91,133,16,275,0,7,101,0,108,35,98,234,16,383,81,34,115,498
11/27/2001,ICT,KS,ACE,CE,Towers with Radar,52,103,185,89,429,0,3,134,0,137,52,106,319,89,566,186,104,290,856
11/28/2001,ICT,KS,ACE,CE,Towers with Radar,53,103,184,36,376,0,14,137,2,153,53,117,321,38,529,104,64,168,697
11/29/2001,ICT,KS,ACE,CE,Towers with Radar,63,89,188,45,385,0,0,103,0,103,63,89,291,45,488,110,40,150,638
11/30/2001,ICT,KS,ACE,CE,Towers with Radar,60,113,179,3,355,0,5,172,0,177,60,118,351,3,532,144,0,144,676
12/01/2001,ICT,KS,ACE,CE,Towers with Radar,41,77,101,0,219,0,2,202,0,204,41,79,303,0,423,136,0,136,559
12/02/2001,ICT,KS,ACE,CE,Towers with Radar,32,57,113,3,205,3,2,148,0,153,35,59,261,3,358,182,0,182,540
12/03/2001,ICT,KS,ACE,CE,Towers with Radar,43,83,165,12,303,0,4,90,2,96,43,87,255,14,399,52,32,84,483
12/04/2001,ICT,KS,ACE,CE,Towers with Radar,57,103,201,26,387,0,5,56,0,61,57,108,257,26,448,24,18,42,490
12/05/2001,ICT,KS,ACE,CE,Towers with Radar,47,122,174,7,350,0,6,118,1,125,47,128,292,8,475,80,10,90,565
12/06/2001,ICT,KS,ACE,CE,Towers with Radar,58,105,199,42,404,0,20,207,0,227,58,125,406,42,631,290,152,442,1073
12/07/2001,ICT,KS,ACE,CE,Towers with Radar,57,120,185,25,387,0,12,200,0,212,57,132,385,25,599,128,24,152,751
12/08/2001,ICT,KS,ACE,CE,Towers with Radar,44,72,89,3,208,0,7,178,0,185,44,79,267,3,393,118,0,118,511
12/09/2001,ICT,KS,ACE,CE,Towers with Radar,35,68,124,0,227,0,2,147,0,149,35,70,271,0,376,170,0,170,546
12/10/2001,ICT,KS,ACE,CE,Towers with Radar,29,111,167,23,330,0,14,181,1,196,29,125,348,24,526,240,96,336,862
12/11/2001,ICT,KS,ACE,CE,Towers with Radar,56,98,212,38,404,0,7,115,1,123,56,105,327,39,527,112,50,162,689
12/12/2001,ICT,KS,ACE,CE,Towers with Radar,57,91,177,0,325,0,0,0,0,0,57,91,177,0,325,18,0,18,343
12/13/2001,ICT,KS,ACE,CE,Towers with Radar,61,112,218,16,407,0,4,39,0,43,61,116,257,16,450,92,14,106,556
12/14/2001,ICT,KS,ACE,CE,Towers with Radar,58,96,211,12,377,0,9,71,0,80,58,105,282,12,457,182,16,198,655
12/15/2001,ICT,KS,ACE,CE,Towers with Radar,50,83,125,0,258,0,3,96,0,99,50,86,221,0,357,114,4,118,475
12/16/2001,ICT,KS,ACE,CE,Towers with Radar,37,60,94,0,191,0,0,5,0,5,37,60,99,0,196,14,0,14,210
12/17/2001,ICT,KS,ACE,CE,Towers with Radar,33,100,158,18,309,0,15,210,1,226,33,115,368,19,535,118,28,146,681
12/18/2001,ICT,KS,ACE,CE,Towers with Radar,56,93,199,8,356,0,11,198,0,209,56,104,397,8,565,240,44,284,849
12/19/2001,ICT,KS,ACE,CE,Towers with Radar,51,111,220,21,403,0,19,186,1,206,51,130,406,22,609,177,40,217,826
12/20/2001,ICT,KS,ACE,CE,Towers with Radar,61,108,193,27,389,0,10,204,1,215,61,118,397,28,604,264,72,336,940
12/21/2001,ICT,KS,ACE,CE,Towers with Radar,53,113,180,34,380,0,8,152,1,161,53,121,332,35,541,68,50,118,659
12/22/2001,ICT,KS,ACE,CE,Towers with Radar,60,76,83,0,219,0,2,63,0,65,60,78,146,0,284,32,0,32,316
12/23/2001,ICT,KS,ACE,CE,Towers with Radar,41,42,50,0,133,0,3,47,0,50,41,45,97,0,183,26,0,26,209
12/24/2001,ICT,KS,ACE,CE,Towers with Radar,37,60,37,0,134,0,7,77,0,84,37,67,114,0,218,96,0,96,314
12/25/2001,ICT,KS,ACE,CE,Towers with Radar,30,57,19,0,106,0,5,56,0,61,30,62,75,0,167,36,0,36,203
12/26/2001,ICT,KS,ACE,CE,Towers with Radar,47,77,77,0,201,0,6,91,0,97,47,83,168,0,298,150,0,150,448
12/27/2001,ICT,KS,ACE,CE,Towers with Radar,76,87,98,6,267,0,6,121,0,127,76,93,219,6,394,148,0,148,542
12/28/2001,ICT,KS,ACE,CE,Towers with Radar,72,79,100,7,258,0,3,145,9,157,72,82,245,16,415,126,16,142,557
12/29/2001,ICT,KS,ACE,CE,Towers with Radar,66,57,66,0,189,0,2,91,1,94,66,59,157,1,283,138,0,138,421
12/30/2001,ICT,KS,ACE,CE,Towers with Radar,49,48,36,0,133,0,3,69,0,72,49,51,105,0,205,100,0,100,305
12/31/2001,ICT,KS,ACE,CE,Towers with Radar,52,55,50,2,159,0,2,83,0,85,52,57,133,2,244,74,2,76,320
01/01/2002,ICT,KS,ACE,CE,Towers with Radar,28,65,32,0,125,1,4,72,0,77,29,69,104,0,202,42,0,42,244
01/02/2002,ICT,KS,ACE,CE,Towers with Radar,54,75,97,13,239,0,6,85,0,91,54,81,182,13,330,64,70,134,464
01/03/2002,ICT,KS,ACE,CE,Towers with Radar,75,65,103,21,264,0,8,115,0,123,75,73,218,21,387,47,24,71,458
01/04/2002,ICT,KS,ACE,CE,Towers with Radar,60,78,110,11,259,0,5,162,0,167,60,83,272,11,426,136,54,190,616
01/05/2002,ICT,KS,ACE,CE,Towers with Radar,43,76,93,0,212,0,3,92,1,96,43,79,185,1,308,83,0,83,391
01/06/2002,ICT,KS,ACE,CE,Towers with Radar,54,52,95,4,205,1,5,81,0,87,55,57,176,4,292,88,8,96,388
01/07/2002,ICT,KS,ACE,CE,Towers with Radar,53,88,148,0,289,1,9,126,0,136,54,97,274,0,425,64,22,86,511
01/08/2002,ICT,KS,ACE,CE,Towers with Radar,61,96,107,38,302,1,10,197,0,208,62,106,304,38,510,150,52,202,712
01/09/2002,ICT,KS,ACE,CE,Towers with Radar,66,73,146,36,321,1,10,151,2,164,67,83,297,38,485,137,36,173,658
01/10/2002,ICT,KS,ACE,CE,Towers with Radar,71,105,190,54,420,1,6,169,1,177,72,111,359,55,597,92,76,168,765
01/11/2002,ICT,KS,ACE,CE,Towers with Radar,54,102,181,22,359,1,7,189,0,197,55,109,370,22,556,208,46,254,810
01/12/2002,ICT,KS,ACE,CE,Towers with Radar,57,61,101,22,241,1,7,174,0,182,58,68,275,22,423,210,29,239,662
01/13/2002,ICT,KS,ACE,CE,Towers with Radar,31,65,107,2,205,1,5,141,0,147,32,70,248,2,352,172,0,172,524
01/14/2002,ICT,KS,ACE,CE,Towers with Radar,44,84,113,6,247,1,11,160,2,174,45,95,273,8,421,110,20,130,551
01/15/2002,ICT,KS,ACE,CE,Towers with Radar,61,93,153,17,324,1,0,162,0,163,62,93,315,17,487,240,56,296,783
01/16/2002,ICT,KS,ACE,CE,Towers with Radar,52,125,192,26,395,0,2,160,21,183,52,127,352,47,578,94,16,110,688
01/17/2002,ICT,KS,ACE,CE,Towers with Radar,65,127,206,59,457,1,13,225,1,240,66,140,431,60,697,142,36,178,875
01/18/2002,ICT,KS,ACE,CE,Towers with Radar,57,104,161,14,336,1,7,70,0,78,58,111,231,14,414,168,44,212,626
01/19/2002,ICT,KS,ACE,CE,Towers with Radar,48,78,109,1,236,1,8,64,0,73,49,86,173,1,309,94,0,94,403
01/20/2002,ICT,KS,ACE,CE,Towers with Radar,28,69,85,0,182,1,10,84,0,95,29,79,169,0,277,50,0,50,327
01/21/2002,ICT,KS,ACE,CE,Towers with Radar,46,92,152,0,290,1,4,203,0,208,47,96,355,0,498,172,0,172,670
01/22/2002,ICT,KS,ACE,CE,Towers with Radar,53,98,165,39,355,1,9,151,5,166,54,107,316,44,521,168,38,206,727
01/23/2002,ICT,KS,ACE,CE,Towers with Radar,51,97,193,23,364,1,9,182,0,192,52,106,375,23,556,134,34,168,724
01/24/2002,ICT,KS,ACE,CE,Towers with Radar,58,89,178,36,361,1,1,188,0,190,59,90,366,36,551,110,51,161,712
01/25/2002,ICT,KS,ACE,CE,Towers with Radar,58,101,163,18,340,1,4,150,2,157,59,105,313,20,497,170,46,216,713
01/26/2002,ICT,KS,ACE,CE,Towers with Radar,44,69,92,5,210,1,4,190,0,195,45,73,282,5,405,174,16,190,595
01/27/2002,ICT,KS,ACE,CE,Towers with Radar,40,63,87,2,192,1,10,136,0,147,41,73,223,2,339,133,14,147,486
01/28/2002,ICT,KS,ACE,CE,Towers with Radar,35,83,126,17,261,1,11,164,0,176,36,94,290,17,437,151,48,199,636
01/29/2002,ICT,KS,ACE,CE,Towers with Radar,55,85,161,0,301,1,1,27,0,29,56,86,188,0,330,16,0,16,346
01/30/2002,ICT,KS,ACE,CE,Towers with Radar,27,50,40,0,117,0,1,0,0,1,27,51,40,0,118,0,0,0,118
01/31/2002,ICT,KS,ACE,CE,Towers with Radar,52,112,131,0,295,0,3,13,0,16,52,115,144,0,311,4,0,4,315
02/01/2002,ICT,KS,ACE,CE,Towers with Radar,59,107,146,2,314,1,8,138,0,147,60,115,284,2,461,146,2,148,609
02/02/2002,ICT,KS,ACE,CE,Towers with Radar,47,76,82,0,205,1,7,85,0,93,48,83,167,0,298,114,0,114,412
02/03/2002,ICT,KS,ACE,CE,Towers with Radar,25,67,88,1,181,1,1,93,0,95,26,68,181,1,276,176,0,176,452
02/04/2002,ICT,KS,ACE,CE,Towers with Radar,36,90,151,15,292,0,9,144,0,153,36,99,295,15,445,90,42,132,577
02/05/2002,ICT,KS,ACE,CE,Towers with Radar,49,86,129,1,265,1,5,10,0,16,50,91,139,1,281,10,0,10,291
02/06/2002,ICT,KS,ACE,CE,Towers with Radar,65,88,173,15,341,1,0,7,0,8,66,88,180,15,349,20,0,20,369
02/07/2002,ICT,KS,ACE,CE,Towers with Radar,54,113,177,7,351,1,0,109,1,111,55,113,286,8,462,154,8,162,624
02/08/2002,ICT,KS,ACE,CE,Towers with Radar,57,107,174,22,360,0,12,181,0,193,57,119,355,22,553,116,18,134,687
02/09/2002,ICT,KS,ACE,CE,Towers with Radar,48,62,51,9,170,0,2,23,0,25,48,64,74,9,195,14,0,14,209
02/10/2002,ICT,KS,ACE,CE,Towers with Radar,35,71,85,8,199,0,3,60,4,67,35,74,145,12,266,32,26,58,324
02/11/2002,ICT,KS,ACE,CE,Towers with Radar,51,95,159,35,340,10,18,174,1,203,61,113,333,36,543,100,43,143,686
02/12/2002,ICT,KS,ACE,CE,Towers with Radar,55,91,141,16,303,0,6,156,0,162,55,97,297,16,465,110,16,126,591
02/13/2002,ICT,KS,ACE,CE,Towers with Radar,49,101,204,54,408,0,13,213,0,226,49,114,417,54,634,240,38,278,912
02/14/2002,ICT,KS,ACE,CE,Towers with Radar,64,103,158,5,330,0,5,114,0,119,64,108,272,5,449,44,24,68,517
02/15/2002,ICT,KS,ACE,CE,Towers with Radar,61,102,171,6,340,0,13,162,0,175,61,115,333,6,515,132,18,150,665
02/16/2002,ICT,KS,ACE,CE,Towers with Radar,64,68,85,2,219,0,5,196,0,201,64,73,281,2,420,158,0,158,578
02/17/2002,ICT,KS,ACE,CE,Towers with Radar,42,58,92,0,192,0,5,120,0,125,42,63,212,0,317,136,0,136,453
02/18/2002,ICT,KS,ACE,CE,Towers with Radar,48,81,141,4,274,0,6,70,0,76,48,87,211,4,350,52,0,52,402
02/19/2002,ICT,KS,ACE,CE,Towers with Radar,54,97,212,25,388,0,1,73,0,74,54,98,285,25,462,66,34,100,562
02/20/2002,ICT,KS,ACE,CE,Towers with Radar,51,116,210,12,389,0,4,218,1,223,51,120,428,13,612,200,58,258,870
02/21/2002,ICT,KS,ACE,CE,Towers with Radar,55,89,195,21,360,0,6,210,1,217,55,95,405,22,577,100,12,112,689
02/22/2002,ICT,KS,ACE,CE,Towers with Radar,59,106,183,12,360,0,0,275,0,275,59,106,458,12,635,112,14,126,761
02/23/2002,ICT,KS,ACE,CE,Towers with Radar,72,83,120,5,280,0,9,163,0,172,72,92,283,5,452,157,4,161,613
02/24/2002,ICT,KS,ACE,CE,Towers with Radar,42,63,118,2,225,0,1,83,0,84,42,64,201,2,309,71,0,71,380
02/25/2002,ICT,KS,ACE,CE,Towers with Radar,50,74,136,7,267,0,3,16,0,19,50,77,152,7,286,16,0,16,302
02/26/2002,ICT,KS,ACE,CE,Towers with Radar,52,102,141,3,298,0,6,61,2,69,52,108,202,5,367,23,0,23,390
02/27/2002,ICT,KS,ACE,CE,Towers with Radar,60,103,180,17,360,0,4,178,0,182,60,107,358,17,542,202,10,212,754
02/28/2002,ICT,KS,ACE,CE,Towers with Radar,55,99,212,18,384,0,10,172,0,182,55,109,384,18,566,180,6,186,752
03/01/2002,ICT,KS,ACE,CE,Towers with Radar,60,100,178,5,343,0,1,35,0,36,60,101,213,5,379,140,2,142,521
03/02/2002,ICT,KS,ACE,CE,Towers with Radar,42,60,70,1,173,0,1,31,0,32,42,61,101,1,205,0,0,0,205
03/03/2002,ICT,KS,ACE,CE,Towers with Radar,34,65,98,2,199,0,3,97,0,100,34,68,195,2,299,148,0,148,447
03/04/2002,ICT,KS,ACE,CE,Towers with Radar,34,113,154,29,330,0,13,169,2,184,34,126,323,31,514,119,51,170,684
03/05/2002,ICT,KS,ACE,CE,Towers with Radar,64,96,163,28,351,0,6,188,1,195,64,102,351,29,546,144,44,188,734
03/06/2002,ICT,KS,ACE,CE,Towers with Radar,56,95,213,15,379,0,4,197,0,201,56,99,410,15,580,146,30,176,756
03/07/2002,ICT,KS,ACE,CE,Towers with Radar,65,119,222,15,421,0,3,77,0,80,65,122,299,15,501,48,6,54,555
03/08/2002,ICT,KS,ACE,CE,Towers with Radar,56,119,230,20,425,0,4,30,0,34,56,123,260,20,459,52,18,70,529
03/09/2002,ICT,KS,ACE,CE,Towers with Radar,49,72,97,7,225,0,2,121,0,123,49,74,218,7,348,146,6,152,500
03/10/2002,ICT,KS,ACE,CE,Towers with Radar,30,74,100,0,204,0,7,105,0,112,30,81,205,0,316,54,0,54,370
03/11/2002,ICT,KS,ACE,CE,Towers with Radar,50,83,175,50,358,0,12,178,1,191,50,95,353,51,549,104,128,232,781
03/12/2002,ICT,KS,ACE,CE,Towers with Radar,62,115,195,34,406,0,16,203,5,224,62,131,398,39,630,242,22,264,894
03/13/2002,ICT,KS,ACE,CE,Towers with Radar,59,110,179,21,369,0,7,207,5,219,59,117,386,26,588,192,36,228,816
03/14/2002,ICT,KS,ACE,CE,Towers with Radar,48,108,189,14,359,0,8,148,0,156,48,116,337,14,515,169,26,195,710
03/15/2002,ICT,KS,ACE,CE,Towers with Radar,46,110,165,25,346,0,10,139,0,149,46,120,304,25,495,154,64,218,713
03/16/2002,ICT,KS,ACE,CE,Towers with Radar,58,65,84,13,220,0,1,125,0,126,58,66,209,13,346,159,0,159,505
03/17/2002,ICT,KS,ACE,CE,Towers with Radar,29,71,115,6,221,0,5,115,0,120,29,76,230,6,341,39,4,43,384
03/18/2002,ICT,KS,ACE,CE,Towers with Radar,41,85,201,8,335,0,4,104,0,108,41,89,305,8,443,116,4,120,563
03/19/2002,ICT,KS,ACE,CE,Towers with Radar,52,101,219,14,386,0,0,0,0,0,52,101,219,14,386,10,0,10,396
03/20/2002,ICT,KS,ACE,CE,Towers with Radar,55,118,234,35,442,0,5,169,2,176,55,123,403,37,618,112,40,152,770
03/21/2002,ICT,KS,ACE,CE,Towers with Radar,43,101,165,8,317,0,2,134,0,136,43,103,299,8,453,106,4,110,563
03/22/2002,ICT,KS,ACE,CE,Towers with Radar,57,107,198,15,377,0,7,194,0,201,57,114,392,15,578,268,12,280,858
03/23/2002,ICT,KS,ACE,CE,Towers with Radar,64,69,95,2,230,0,10,184,0,194,64,79,279,2,424,100,0,100,524
03/24/2002,ICT,KS,ACE,CE,Towers with Radar,46,64,113,12,235,0,9,55,0,64,46,73,168,12,299,44,6,50,349
03/25/2002,ICT,KS,ACE,CE,Towers with Radar,40,95,115,1,251,0,0,4,0,4,40,95,119,1,255,26,0,26,281
03/26/2002,ICT,KS,ACE,CE,Towers with Radar,64,99,143,12,318,0,6,230,0,236,64,105,373,12,554,158,34,192,746
03/27/2002,ICT,KS,ACE,CE,Towers with Radar,70,92,179,33,374,0,8,195,0,203,70,100,374,33,577,104,38,142,719
03/28/2002,ICT,KS,ACE,CE,Towers with Radar,44,96,240,27,407,0,9,240,0,249,44,105,480,27,656,294,46,340,996
03/29/2002,ICT,KS,ACE,CE,Towers with Radar,55,91,173,9,328,0,8,180,0,188,55,99,353,9,516,110,2,112,628
03/30/2002,ICT,KS,ACE,CE,Towers with Radar,35,72,84,2,193,0,9,175,0,184,35,81,259,2,377,93,0,93,470
03/31/2002,ICT,KS,ACE,CE,Towers with Radar,26,64,58,2,150,0,5,150,0,155,26,69,208,2,305,54,0,54,359
04/01/2002,ICT,KS,ACE,CE,Towers with Radar,37,87,154,30,308,0,11,118,4,133,37,98,272,34,441,74,34,108,549
04/02/2002,ICT,KS,ACE,CE,Towers with Radar,57,100,168,19,344,0,5,74,3,82,57,105,242,22,426,64,22,86,512
04/03/2002,ICT,KS,ACE,CE,Towers with Radar,51,105,215,29,400,0,8,212,2,222,51,113,427,31,622,178,104,282,904
04/04/2002,ICT,KS,ACE,CE,Towers with Radar,67,103,192,23,385,0,7,232,0,239,67,110,424,23,624,273,53,326,950
04/05/2002,ICT,KS,ACE,CE,Towers with Radar,54,94,185,17,350,0,10,237,0,247,54,104,422,17,597,206,16,222,819
04/06/2002,ICT,KS,ACE,CE,Towers with Radar,41,73,100,0,214,0,5,84,0,89,41,78,184,0,303,118,0,118,421
04/07/2002,ICT,KS,ACE,CE,Towers with Radar,35,62,108,0,205,0,0,1,0,1,35,62,109,0,206,14,2,16,222
04/08/2002,ICT,KS,ACE,CE,Towers with Radar,51,88,170,4,313,0,1,4,0,5,51,89,174,4,318,42,0,42,360
04/09/2002,ICT,KS,ACE,CE,Towers with Radar,55,113,169,22,359,0,6,177,2,185,55,119,346,24,544,120,28,148,692
04/10/2002,ICT,KS,ACE,CE,Towers with Radar,60,119,184,22,385,0,5,155,0,160,60,124,339,22,545,160,52,212,757
04/11/2002,ICT,KS,ACE,CE,Towers with Radar,67,100,161,22,350,0,2,79,0,81,67,102,240,22,431,74,34,108,539
04/12/2002,ICT,KS,ACE,CE,Towers with Radar,61,118,175,4,358,0,5,109,0,114,61,123,284,4,472,52,0,52,524
04/13/2002,ICT,KS,ACE,CE,Towers with Radar,44,69,99,0,212,0,22,14,0,36,44,91,113,0,248,50,0,50,298
04/14/2002,ICT,KS,ACE,CE,Towers with Radar,40,56,119,7,222,0,3,140,0,143,40,59,259,7,365,158,12,170,535
04/15/2002,ICT,KS,ACE,CE,Towers with Radar,42,106,200,16,364,0,13,133,2,148,42,119,333,18,512,108,22,130,642
04/16/2002,ICT,KS,ACE,CE,Towers with Radar,42,105,205,35,387,0,9,41,0,50,42,114,246,35,437,0,16,16,453
04/17/2002,ICT,KS,ACE,CE,Towers with Radar,56,118,225,17,416,0,3,135,0,138,56,121,360,17,554,126,14,140,694
04/18/2002,ICT,KS,ACE,CE,Towers with Radar,55,122,220,37,434,0,4,99,0,103,55,126,319,37,537,142,30,172,709
04/19/2002,ICT,KS,ACE,CE,Towers with Radar,56,125,236,21,438,0,12,25,3,40,56,137,261,24,478,74,10,84,562
04/20/2002,ICT,KS,ACE,CE,Towers with Radar,53,61,115,1,230,0,0,20,0,20,53,61,135,1,250,22,0,22,272
04/21/2002,ICT,KS,ACE,CE,Towers with Radar,39,53,121,0,213,0,9,149,4,162,39,62,270,4,375,142,0,142,517
04/22/2002,ICT,KS,ACE,CE,Towers with Radar,44,81,170,12,307,0,12,195,0,207,44,93,365,12,514,236,10,246,760
04/23/2002,ICT,KS,ACE,CE,Towers with Radar,52,88,232,35,407,0,1,67,2,70,52,89,299,37,477,114,54,168,645
04/24/2002,ICT,KS,ACE,CE,Towers with Radar,41,117,177,32,367,0,3,135,0,138,41,120,312,32,505,61,34,95,600
04/25/2002,ICT,KS,ACE,CE,Towers with Radar,61,102,203,28,394,0,5,185,0,190,61,107,388,28,584,314,88,402,986
04/26/2002,ICT,KS,ACE,CE,Towers with Radar,57,105,198,0,360,0,1,14,0,15,57,106,212,0,375,20,0,20,395
04/27/2002,ICT,KS,ACE,CE,Towers with Radar,45,78,100,0,223,0,2,1430,0,1432,45,80,1530,0,1655,10,0,10,1665
04/28/2002,ICT,KS,ACE,CE,Towers with Radar,45,58,133,1,237,0,10,190,0,200,45,68,323,1,437,218,2,220,657
04/29/2002,ICT,KS,ACE,CE,Towers with Radar,38,88,225,22,373,0,4,275,2,281,38,92,500,24,654,251,50,301,955
04/30/2002,ICT,KS,ACE,CE,Towers with Radar,47,127,225,27,426,0,4,63,0,67,47,131,288,27,493,152,20,172,665
05/01/2002,ICT,KS,ACE,CE,Towers with Radar,43,114,246,28,431,0,4,11,0,15,43,118,257,28,446,30,14,44,490
05/02/2002,ICT,KS,ACE,CE,Towers with Radar,5,125,235,38,403,0,5,222,0,227,5,130,457,38,630,224,122,346,976
05/03/2002,ICT,KS,ACE,CE,Towers with Radar,50,113,173,36,372,0,7,210,0,217,50,120,383,36,589,106,50,156,745
05/04/2002,ICT,KS,ACE,CE,Towers with Radar,76,40,96,7,219,0,4,122,0,126,76,44,218,7,345,80,8,88,433
05/05/2002,ICT,KS,ACE,CE,Towers with Radar,33,51,87,2,173,0,1,86,0,87,33,52,173,2,260,70,0,70,330
05/06/2002,ICT,KS,ACE,CE,Towers with Radar,46,100,139,26,311,0,2,139,0,141,46,102,278,26,452,156,56,212,664
05/07/2002,ICT,KS,ACE,CE,Towers with Radar,55,91,152,10,308,0,0,64,0,64,55,91,216,10,372,66,16,82,454
05/08/2002,ICT,KS,ACE,CE,Towers with Radar,54,127,192,20,393,0,1,109,0,110,54,128,301,20,503,58,64,122,625
05/09/2002,ICT,KS,ACE,CE,Towers with Radar,57,108,208,38,411,0,10,212,0,222,57,118,420,38,633,154,35,189,822
05/10/2002,ICT,KS,ACE,CE,Towers with Radar,75,95,154,27,351,0,4,127,1,132,75,99,281,28,483,77,18,95,578
05/11/2002,ICT,KS,ACE,CE,Towers with Radar,58,57,79,0,194,0,0,18,1,19,58,57,97,1,213,24,0,24,237
05/12/2002,ICT,KS,ACE,CE,Towers with Radar,42,58,111,4,215,0,0,0,0,0,42,58,111,4,215,18,0,18,233
05/13/2002,ICT,KS,ACE,CE,Towers with Radar,48,76,159,15,298,0,4,197,0,201,48,80,356,15,499,197,22,219,718
05/14/2002,ICT,KS,ACE,CE,Towers with Radar,57,99,155,39,350,0,12,200,3,215,57,111,355,42,565,186,38,224,789
05/15/2002,ICT,KS,ACE,CE,Towers with Radar,61,84,187,29,361,0,6,140,0,146,61,90,327,29,507,250,174,424,931
05/16/2002,ICT,KS,ACE,CE,Towers with Radar,64,103,205,24,396,0,5,104,0,109,64,108,309,24,505,185,30,215,720
05/17/2002,ICT,KS,ACE,CE,Towers with Radar,65,103,166,24,358,0,17,134,0,151,65,120,300,24,509,130,88,218,727
05/18/2002,ICT,KS,ACE,CE,Towers with Radar,56,70,92,5,223,0,9,164,2,175,56,79,256,7,398,182,4,186,584
05/19/2002,ICT,KS,ACE,CE,Towers with Radar,44,68,119,1,232,0,5,160,0,165,44,73,279,1,397,290,0,290,687
05/20/2002,ICT,KS,ACE,CE,Towers with Radar,38,117,190,37,382,0,9,203,0,212,38,126,393,37,594,200,24,224,818
05/21/2002,ICT,KS,ACE,CE,Towers with Radar,59,93,175,18,345,0,7,217,0,224,59,100,392,18,569,176,42,218,787
05/22/2002,ICT,KS,ACE,CE,Towers with Radar,64,109,217,34,424,0,13,78,0,91,64,122,295,34,515,66,12,78,593
05/23/2002,ICT,KS,ACE,CE,Towers with Radar,66,118,186,14,384,0,3,68,0,71,66,121,254,14,455,131,8,139,594
05/24/2002,ICT,KS,ACE,CE,Towers with Radar,68,119,198,0,385,0,2,3,0,5,68,121,201,0,390,22,0,22,412
05/25/2002,ICT,KS,ACE,CE,Towers with Radar,57,58,109,5,229,0,3,146,0,149,57,61,255,5,378,144,0,144,522
05/26/2002,ICT,KS,ACE,CE,Towers with Radar,44,46,82,0,172,0,5,136,0,141,44,51,218,0,313,162,0,162,475
05/27/2002,ICT,KS,ACE,CE,Towers with Radar,41,59,55,0,155,0,7,71,0,78,41,66,126,0,233,116,0,116,349
05/28/2002,ICT,KS,ACE,CE,Towers with Radar,43,96,126,31,296,0,4,75,0,79,43,100,201,31,375,162,44,206,581
05/29/2002,ICT,KS,ACE,CE,Towers with Radar,60,112,184,15,371,0,5,189,0,194,60,117,373,15,565,257,54,311,876
05/30/2002,ICT,KS,ACE,CE,Towers with Radar,71,115,174,21,381,0,7,206,0,213,71,122,380,21,594,350,80,430,1024
05/31/2002,ICT,KS,ACE,CE,Towers with Radar,49,100,173,20,342,0,9,192,23,224,49,109,365,43,566,202,24,226,792
06/01/2002,ICT,KS,ACE,CE,Towers with Radar,61,69,90,1,221,0,10,203,0,213,61,79,293,1,434,150,0,150,584
06/02/2002,ICT,KS,ACE,CE,Towers with Radar,46,62,117,15,240,0,4,102,0,106,46,66,219,15,346,138,8,146,492
06/03/2002,ICT,KS,ACE,CE,Towers with Radar,53,87,136,20,296,0,11,145,0,156,53,98,281,20,452,162,28,190,642
06/04/2002,ICT,KS,ACE,CE,Towers with Radar,57,97,98,7,259,0,1,49,0,50,57,98,147,7,309,132,0,132,441
06/05/2002,ICT,KS,ACE,CE,Towers with Radar,68,105,270,28,471,0,8,128,0,136,68,113,398,28,607,202,78,280,887
06/06/2002,ICT,KS,ACE,CE,Towers with Radar,62,100,179,22,363,0,19,265,1,285,62,119,444,23,648,248,108,356,1004
06/07/2002,ICT,KS,ACE,CE,Towers with Radar,74,91,200,23,388,0,8,204,1,213,74,99,404,24,601,104,60,164,765
06/08/2002,ICT,KS,ACE,CE,Towers with Radar,62,88,66,2,218,0,8,263,2,273,62,96,329,4,491,90,6,96,587
06/09/2002,ICT,KS,ACE,CE,Towers with Radar,42,75,124,1,242,0,6,82,0,88,42,81,206,1,330,46,0,46,376
06/10/2002,ICT,KS,ACE,CE,Towers with Radar,39,92,151,19,301,0,4,60,0,64,39,96,211,19,365,50,8,58,423
06/11/2002,ICT,KS,ACE,CE,Towers with Radar,64,118,185,15,382,0,9,141,3,153,64,127,326,18,535,78,10,88,623
06/12/2002,ICT,KS,ACE,CE,Towers with Radar,63,138,192,2,395,0,1,107,1,109,63,139,299,3,504,68,4,72,576
06/13/2002,ICT,KS,ACE,CE,Towers with Radar,56,133,169,12,370,0,6,114,1,121,56,139,283,13,491,148,16,164,655
06/14/2002,ICT,KS,ACE,CE,Towers with Radar,74,106,168,41,389,0,2,232,0,234,74,108,400,41,623,111,46,157,780
06/15/2002,ICT,KS,ACE,CE,Towers with Radar,52,67,68,3,190,0,3,88,0,91,52,70,156,3,281,166,10,176,457
06/16/2002,ICT,KS,ACE,CE,Towers with Radar,51,60,110,0,221,0,2,122,0,124,51,62,232,0,345,98,0,98,443
06/17/2002,ICT,KS,ACE,CE,Towers with Radar,38,112,156,18,324,0,10,203,1,214,38,122,359,19,538,176,24,200,738
06/18/2002,ICT,KS,ACE,CE,Towers with Radar,47,134,183,1,365,0,8,139,0,147,47,142,322,1,512,132,0,132,644
06/19/2002,ICT,KS,ACE,CE,Towers with Radar,45,120,177,24,366,0,5,167,0,172,45,125,344,24,538,156,32,188,726
06/20/2002,ICT,KS,ACE,CE,Towers with Radar,60,125,199,11,395,0,9,215,0,224,60,134,414,11,619,260,6,266,885
06/21/2002,ICT,KS,ACE,CE,Towers with Radar,66,130,215,16,427,0,29,188,1,218,66,159,403,17,645,258,10,268,913
06/22/2002,ICT,KS,ACE,CE,Towers with Radar,59,79,107,0,245,0,4,169,0,173,59,83,276,0,418,81,0,81,499
06/23/2002,ICT,KS,ACE,CE,Towers with Radar,48,92,121,4,265,0,6,127,0,133,48,98,248,4,398,112,4,116,514
06/24/2002,ICT,KS,ACE,CE,Towers with Radar,44,104,187,9,344,0,15,182,3,200,44,119,369,12,544,181,10,191,735
06/25/2002,ICT,KS,ACE,CE,Towers with Radar,50,127,192,32,401,0,12,240,1,253,50,139,432,33,654,240,34,274,928
06/26/2002,ICT,KS,ACE,CE,Towers with Radar,66,120,200,25,411,0,14,213,1,228,66,134,413,26,639,222,36,258,897
06/27/2002,ICT,KS,ACE,CE,Towers with Radar,63,130,215,16,424,0,0,220,0,220,63,130,435,16,644,381,82,463,1107
06/28/2002,ICT,KS,ACE,CE,Towers with Radar,77,127,197,36,437,0,9,173,1,183,77,136,370,37,620,192,56,248,868
06/29/2002,ICT,KS,ACE,CE,Towers with Radar,58,73,96,2,229,0,17,152,0,169,58,90,248,2,398,152,0,152,550
06/30/2002,ICT,KS,ACE,CE,Towers with Radar,44,78,80,4,206,0,6,70,0,76,44,84,150,4,282,28,0,28,310
07/01/2002,ICT,KS,ACE,CE,Towers with Radar,50,98,159,35,342,0,6,55,0,61,50,104,214,35,403,59,22,81,484
07/02/2002,ICT,KS,ACE,CE,Towers with Radar,65,116,152,9,342,0,4,41,1,46,65,120,193,10,388,70,4,74,462
07/03/2002,ICT,KS,ACE,CE,Towers with Radar,66,135,197,53,451,0,7,88,0,95,66,142,285,53,546,177,48,225,771
07/04/2002,ICT,KS,ACE,CE,Towers with Radar,35,82,39,1,157,0,7,84,0,91,35,89,123,1,248,124,0,124,372
07/05/2002,ICT,KS,ACE,CE,Towers with Radar,65,60,41,0,166,0,5,113,0,118,65,65,154,0,284,26,0,26,310
07/06/2002,ICT,KS,ACE,CE,Towers with Radar,41,71,31,0,143,0,5,100,0,105,41,76,131,0,248,52,0,52,300
07/07/2002,ICT,KS,ACE,CE,Towers with Radar,41,72,69,1,183,0,2,100,0,102,41,74,169,1,285,40,0,40,325
07/08/2002,ICT,KS,ACE,CE,Towers with Radar,56,89,125,23,293,0,6,30,0,36,56,95,155,23,329,184,18,202,531
07/09/2002,ICT,KS,ACE,CE,Towers with Radar,63,128,173,39,403,0,14,232,1,247,63,142,405,40,650,204,38,242,892
07/10/2002,ICT,KS,ACE,CE,Towers with Radar,52,129,164,15,360,0,8,174,2,184,52,137,338,17,544,193,56,249,793
07/11/2002,ICT,KS,ACE,CE,Towers with Radar,62,118,169,21,370,0,10,174,1,185,62,128,343,22,555,192,4,196,751
07/12/2002,ICT,KS,ACE,CE,Towers with Radar,88,88,193,11,380,0,7,171,0,178,88,95,364,11,558,176,29,205,763
07/13/2002,ICT,KS,ACE,CE,Towers with Radar,49,83,106,0,238,0,9,82,4,95,49,92,188,4,333,135,2,137,470
07/14/2002,ICT,KS,ACE,CE,Towers with Radar,45,76,119,0,240,0,2,252,1,255,45,78,371,1,495,174,0,174,669
07/15/2002,ICT,KS,ACE,CE,Towers with Radar,65,88,164,19,336,0,6,183,0,189,65,94,347,19,525,94,14,108,633
07/16/2002,ICT,KS,ACE,CE,Towers with Radar,44,127,160,33,364,0,14,221,2,237,44,141,381,35,601,166,14,180,781
07/17/2002,ICT,KS,ACE,CE,Towers with Radar,54,120,197,22,393,0,9,122,2,133,54,129,319,24,526,140,18,158,684
07/18/2002,ICT,KS,ACE,CE,Towers with Radar,70,120,174,26,390,0,8,240,1,249,70,128,414,27,639,216,24,240,879
07/19/2002,ICT,KS,ACE,CE,Towers with Radar,89,90,173,18,370,0,5,200,6,211,89,95,373,24,581,127,8,135,716
07/20/2002,ICT,KS,ACE,CE,Towers with Radar,54,77,91,2,224,0,9,108,0,117,54,86,199,2,341,136,0,136,477
07/21/2002,ICT,KS,ACE,CE,Towers with Radar,49,62,83,7,201,0,0,137,1,138,49,62,220,8,339,69,0,69,408
07/22/2002,ICT,KS,ACE,CE,Towers with Radar,55,105,154,3,317,0,6,148,0,154,55,111,302,3,471,138,2,140,611
07/23/2002,ICT,KS,ACE,CE,Towers with Radar,64,111,159,11,345,0,11,187,0,198,64,122,346,11,543,150,32,182,725
07/24/2002,ICT,KS,ACE,CE,Towers with Radar,59,125,170,7,361,0,3,187,4,194,59,128,357,11,555,209,4,213,768
07/25/2002,ICT,KS,ACE,CE,Towers with Radar,66,135,182,13,396,0,13,214,1,228,66,148,396,14,624,128,16,144,768
07/26/2002,ICT,KS,ACE,CE,Towers with Radar,72,103,174,11,360,0,18,204,0,222,72,121,378,11,582,92,10,102,684
07/27/2002,ICT,KS,ACE,CE,Towers with Radar,58,75,89,1,223,0,10,154,0,164,58,85,243,1,387,136,0,136,523
07/28/2002,ICT,KS,ACE,CE,Towers with Radar,46,89,105,9,249,0,4,115,0,119,46,93,220,9,368,122,4,126,494
07/29/2002,ICT,KS,ACE,CE,Towers with Radar,46,109,157,4,316,0,19,182,0,201,46,128,339,4,517,60,0,60,577
07/30/2002,ICT,KS,ACE,CE,Towers with Radar,63,109,157,6,335,0,4,214,0,218,63,113,371,6,553,34,0,34,587
07/31/2002,ICT,KS,ACE,CE,Towers with Radar,54,120,182,7,363,0,9,201,1,211,54,129,383,8,574,62,4,66,640
08/01/2002,ICT,KS,ACE,CE,Towers with Radar,60,117,169,0,346,0,9,206,0,215,60,126,375,0,561,76,0,76,637
08/02/2002,ICT,KS,ACE,CE,Towers with Radar,69,102,164,10,345,0,1,190,2,193,69,103,354,12,538,54,0,54,592
08/03/2002,ICT,KS,ACE,CE,Towers with Radar,60,66,40,0,166,0,5,156,0,161,60,71,196,0,327,10,2,12,339
08/04/2002,ICT,KS,ACE,CE,Towers with Radar,57,63,76,0,196,2,11,121,0,134,59,74,197,0,330,14,0,14,344
08/05/2002,ICT,KS,ACE,CE,Towers with Radar,34,102,96,17,249,0,3,148,0,151,34,105,244,17,400,38,16,54,454
08/06/2002,ICT,KS,ACE,CE,Towers with Radar,58,109,123,12,302,0,6,181,2,189,58,115,304,14,491,44,8,52,543
08/07/2002,ICT,KS,ACE,CE,Towers with Radar,62,121,181,16,380,0,15,165,0,180,62,136,346,16,560,26,0,26,586
08/08/2002,ICT,KS,ACE,CE,Towers with Radar,63,117,132,0,312,0,8,198,0,206,63,125,330,0,518,72,2,74,592
08/09/2002,ICT,KS,ACE,CE,Towers with Radar,54,126,165,2,347,0,2,145,0,147,54,128,310,2,494,24,0,24,518
08/10/2002,ICT,KS,ACE,CE,Towers with Radar,78,49,88,0,215,0,3,111,0,114,78,52,199,0,329,58,1,59,388
08/11/2002,ICT,KS,ACE,CE,Towers with Radar,43,55,90,2,190,0,0,128,0,128,43,55,218,2,318,20,0,20,338
08/12/2002,ICT,KS,ACE,CE,Towers with Radar,42,107,137,1,287,0,2,83,0,85,42,109,220,1,372,13,0,13,385
08/13/2002,ICT,KS,ACE,CE,Towers with Radar,63,107,131,0,301,0,3,43,0,46,63,110,174,0,347,26,0,26,373
08/14/2002,ICT,KS,ACE,CE,Towers with Radar,61,132,172,13,378,0,20,188,1,209,61,152,360,14,587,36,0,36,623
08/15/2002,ICT,KS,ACE,CE,Towers with Radar,66,102,220,7,395,0,12,112,0,124,66,114,332,7,519,86,0,86,605
08/16/2002,ICT,KS,ACE,CE,Towers with Radar,60,109,226,16,411,0,3,74,0,77,60,112,300,16,488,28,4,32,520
08/17/2002,ICT,KS,ACE,CE,Towers with Radar,54,88,88,1,231,0,12,69,1,82,54,100,157,2,313,38,1,39,352
08/18/2002,ICT,KS,ACE,CE,Towers with Radar,49,67,91,0,207,5,3,99,0,107,54,70,190,0,314,36,0,36,350
08/19/2002,ICT,KS,ACE,CE,Towers with Radar,39,107,163,13,322,0,5,197,0,202,39,112,360,13,524,58,4,62,586
08/20/2002,ICT,KS,ACE,CE,Towers with Radar,55,136,160,12,363,0,14,185,1,200,55,150,345,13,563,23,0,23,586
08/21/2002,ICT,KS,ACE,CE,Towers with Radar,48,122,149,3,322,0,4,139,0,143,48,126,288,3,465,46,0,46,511
08/22/2002,ICT,KS,ACE,CE,Towers with Radar,62,118,186,4,370,0,6,199,0,205,62,124,385,4,575,78,2,80,655
08/23/2002,ICT,KS,ACE,CE,Towers with Radar,69,98,172,10,349,0,6,162,0,168,69,104,334,10,517,46,28,74,591
08/24/2002,ICT,KS,ACE,CE,Towers with Radar,59,87,92,2,240,0,2,131,0,133,59,89,223,2,373,36,0,36,409
08/25/2002,ICT,KS,ACE,CE,Towers with Radar,36,83,95,2,216,0,4,154,0,158,36,87,249,2,374,95,0,95,469
08/26/2002,ICT,KS,ACE,CE,Towers with Radar,46,99,114,2,261,0,22,140,0,162,46,121,254,2,423,30,0,30,453
08/27/2002,ICT,KS,ACE,CE,Towers with Radar,56,117,162,11,346,0,28,208,0,236,56,145,370,11,582,54,2,56,638
08/28/2002,ICT,KS,ACE,CE,Towers with Radar,52,135,183,5,375,0,19,189,0,208,52,154,372,5,583,52,0,52,635
08/29/2002,ICT,KS,ACE,CE,Towers with Radar,77,112,180,9,378,0,9,226,0,235,77,121,406,9,613,64,0,64,677
08/30/2002,ICT,KS,ACE,CE,Towers with Radar,82,110,212,9,413,0,7,198,0,205,82,117,410,9,618,42,4,46,664
08/31/2002,ICT,KS,ACE,CE,Towers with Radar,51,72,65,2,190,0,5,133,0,138,51,77,198,2,328,28,0,28,356
09/01/2002,ICT,KS,ACE,CE,Towers with Radar,30,62,37,0,129,1,7,106,0,114,31,69,143,0,243,14,0,14,257
09/02/2002,ICT,KS,ACE,CE,Towers with Radar,31,79,57,0,167,1,13,95,0,109,32,92,152,0,276,26,0,26,302
09/03/2002,ICT,KS,ACE,CE,Towers with Radar,49,105,152,7,313,0,5,176,2,183,49,110,328,9,496,22,8,30,526
09/04/2002,ICT,KS,ACE,CE,Towers with Radar,52,116,146,5,319,0,12,196,2,210,52,128,342,7,529,6,0,6,535
09/05/2002,ICT,KS,ACE,CE,Towers with Radar,64,140,212,1,417,0,0,164,0,164,64,140,376,1,581,54,0,54,635
09/06/2002,ICT,KS,ACE,CE,Towers with Radar,73,98,195,8,374,0,18,237,1,256,73,116,432,9,630,56,0,56,686
09/07/2002,ICT,KS,ACE,CE,Towers with Radar,48,75,96,0,219,1,3,155,0,159,49,78,251,0,378,74,0,74,452
09/08/2002,ICT,KS,ACE,CE,Towers with Radar,57,72,78,15,222,0,1,106,3,110,57,73,184,18,332,26,6,32,364
09/09/2002,ICT,KS,ACE,CE,Towers with Radar,54,89,124,21,288,0,10,110,1,121,54,99,234,22,409,44,4,48,457
09/10/2002,ICT,KS,ACE,CE,Towers with Radar,65,101,138,5,309,0,16,202,2,220,65,117,340,7,529,58,2,60,589
09/11/2002,ICT,KS,ACE,CE,Towers with Radar,52,107,145,4,308,1,6,170,0,177,53,113,315,4,485,20,2,22,507
09/12/2002,ICT,KS,ACE,CE,Towers with Radar,51,114,163,2,330,1,12,120,0,133,52,126,283,2,463,20,0,20,483
09/13/2002,ICT,KS,ACE,CE,Towers with Radar,61,97,202,4,364,1,8,109,2,120,62,105,311,6,484,28,0,28,512
09/14/2002,ICT,KS,ACE,CE,Towers with Radar,70,53,117,0,240,1,4,30,1,36,71,57,147,1,276,42,0,42,318
09/15/2002,ICT,KS,ACE,CE,Towers with Radar,43,60,79,11,193,1,1,120,0,122,44,61,199,11,315,36,24,60,375
09/16/2002,ICT,KS,ACE,CE,Towers with Radar,40,103,142,2,287,1,19,176,0,196,41,122,318,2,483,130,0,130,613
09/17/2002,ICT,KS,ACE,CE,Towers with Radar,65,100,179,22,366,1,18,176,0,195,66,118,355,22,561,154,21,175,736
09/18/2002,ICT,KS,ACE,CE,Towers with Radar,60,117,173,9,359,1,13,137,0,151,61,130,310,9,510,52,6,58,568
09/19/2002,ICT,KS,ACE,CE,Towers with Radar,68,122,190,2,382,1,6,53,0,60,69,128,243,2,442,28,0,28,470
09/20/2002,ICT,KS,ACE,CE,Towers with Radar,86,99,155,5,345,1,8,281,0,290,87,107,436,5,635,158,4,162,797
09/21/2002,ICT,KS,ACE,CE,Towers with Radar,56,85,85,2,228,1,6,213,0,220,57,91,298,2,448,56,0,56,504
09/22/2002,ICT,KS,ACE,CE,Towers with Radar,49,72,105,1,227,1,6,180,0,187,50,78,285,1,414,70,0,70,484
09/23/2002,ICT,KS,ACE,CE,Towers with Radar,37,121,174,5,337,1,13,216,0,230,38,134,390,5,567,62,0,62,629
09/24/2002,ICT,KS,ACE,CE,Towers with Radar,65,131,142,4,342,1,6,198,0,205,66,137,340,4,547,90,0,90,637
09/25/2002,ICT,KS,ACE,CE,Towers with Radar,71,105,188,0,364,1,14,174,0,189,72,119,362,0,553,56,0,56,609
09/26/2002,ICT,KS,ACE,CE,Towers with Radar,75,115,183,1,374,1,12,191,0,204,76,127,374,1,578,140,0,140,718
09/27/2002,ICT,KS,ACE,CE,Towers with Radar,67,128,291,16,502,1,4,145,2,152,68,132,436,18,654,72,2,74,728
09/28/2002,ICT,KS,ACE,CE,Towers with Radar,69,67,107,2,245,1,4,178,0,183,70,71,285,2,428,91,0,91,519
09/29/2002,ICT,KS,ACE,CE,Towers with Radar,41,88,80,5,214,0,8,145,0,153,41,96,225,5,367,102,0,102,469
09/30/2002,ICT,KS,ACE,CE,Towers with Radar,45,110,149,0,304,0,5,59,0,64,45,115,208,0,368,46,2,48,416
10/01/2002,ICT,KS,ACE,CE,Towers with Radar,53,115,151,13,332,0,10,161,0,171,53,125,312,13,503,70,16,86,589
10/02/2002,ICT,KS,ACE,CE,Towers with Radar,52,120,140,2,314,0,6,30,0,36,52,126,170,2,350,16,0,16,366
10/03/2002,ICT,KS,ACE,CE,Towers with Radar,77,110,136,1,324,0,5,45,0,50,77,115,181,1,374,20,4,24,398
10/04/2002,ICT,KS,ACE,CE,Towers with Radar,69,120,173,6,368,0,9,193,0,202,69,129,366,6,570,22,12,34,604
10/05/2002,ICT,KS,ACE,CE,Towers with Radar,57,92,95,0,244,0,4,150,0,154,57,96,245,0,398,49,0,49,447
10/06/2002,ICT,KS,ACE,CE,Towers with Radar,34,79,82,8,203,0,2,98,0,100,34,81,180,8,303,86,4,90,393
10/07/2002,ICT,KS,ACE,CE,Towers with Radar,37,91,156,2,286,0,8,165,0,173,37,99,321,2,459,63,0,63,522
10/08/2002,ICT,KS,ACE,CE,Towers with Radar,57,123,206,11,397,0,6,120,0,126,57,129,326,11,523,30,6,36,559
10/09/2002,ICT,KS,ACE,CE,Towers with Radar,64,112,203,5,384,0,0,202,3,205,64,112,405,8,589,96,8,104,693
10/10/2002,ICT,KS,ACE,CE,Towers with Radar,54,129,228,0,411,0,7,164,0,171,54,136,392,0,582,56,0,56,638
10/11/2002,ICT,KS,ACE,CE,Towers with Radar,75,96,193,7,371,0,4,60,0,64,75,100,253,7,435,28,4,32,467
10/12/2002,ICT,KS,ACE,CE,Towers with Radar,62,91,112,0,265,0,2,66,0,68,62,93,178,0,333,14,0,14,347
10/13/2002,ICT,KS,ACE,CE,Towers with Radar,49,70,96,0,215,0,5,148,0,153,49,75,244,0,368,38,0,38,406
10/14/2002,ICT,KS,ACE,CE,Towers with Radar,45,87,133,3,268,0,11,202,0,213,45,98,335,3,481,61,0,61,542
10/15/2002,ICT,KS,ACE,CE,Towers with Radar,60,106,132,9,307,0,8,203,0,211,60,114,335,9,518,74,2,76,594
10/16/2002,ICT,KS,ACE,CE,Towers with Radar,53,116,163,10,342,0,6,122,0,128,53,122,285,10,470,52,0,52,522
10/17/2002,ICT,KS,ACE,CE,Towers with Radar,64,127,211,2,404,0,5,208,0,213,64,132,419,2,617,36,0,36,653
10/18/2002,ICT,KS,ACE,CE,Towers with Radar,62,94,143,18,317,0,6,164,0,170,62,100,307,18,487,15,4,19,506
10/19/2002,ICT,KS,ACE,CE,Towers with Radar,71,82,125,0,278,0,1,115,0,116,71,83,240,0,394,50,0,50,444
10/20/2002,ICT,KS,ACE,CE,Towers with Radar,35,73,113,9,230,0,2,151,0,153,35,75,264,9,383,34,6,40,423
10/21/2002,ICT,KS,ACE,CE,Towers with Radar,59,95,159,5,318,0,10,90,0,100,59,105,249,5,418,36,4,40,458
10/22/2002,ICT,KS,ACE,CE,Towers with Radar,53,139,202,3,397,0,3,88,0,91,53,142,290,3,488,22,0,22,510
10/23/2002,ICT,KS,ACE,CE,Towers with Radar,50,124,182,3,359,0,0,4,0,4,50,124,186,3,363,24,0,24,387
10/24/2002,ICT,KS,ACE,CE,Towers with Radar,72,103,114,7,296,0,0,0,0,0,72,103,114,7,296,14,4,18,314
10/25/2002,ICT,KS,ACE,CE,Towers with Radar,71,103,207,1,382,0,0,16,0,16,71,103,223,1,398,62,0,62,460
10/26/2002,ICT,KS,ACE,CE,Towers with Radar,78,70,138,0,286,0,11,107,0,118,78,81,245,0,404,22,0,22,426
10/27/2002,ICT,KS,ACE,CE,Towers with Radar,47,73,113,1,234,0,0,1,0,1,47,73,114,1,235,22,0,22,257
10/28/2002,ICT,KS,ACE,CE,Towers with Radar,45,99,187,2,333,0,2,4,0,6,45,101,191,2,339,16,0,16,355
10/29/2002,ICT,KS,ACE,CE,Towers with Radar,64,118,257,10,449,0,1,3,0,4,64,119,260,10,453,34,4,38,491
10/30/2002,ICT,KS,ACE,CE,Towers with Radar,59,135,208,3,405,0,1,7,0,8,59,136,215,3,413,22,4,26,439
10/31/2002,ICT,KS,ACE,CE,Towers with Radar,63,136,149,8,356,0,2,15,0,17,63,138,164,8,373,14,0,14,387
11/01/2002,ICT,KS,ACE,CE,Towers with Radar,67,117,176,0,360,0,9,58,1,68,67,126,234,1,428,38,4,42,470
11/02/2002,ICT,KS,ACE,CE,Towers with Radar,47,66,76,2,191,0,0,5,0,5,47,66,81,2,196,6,0,6,202
11/03/2002,ICT,KS,ACE,CE,Towers with Radar,38,70,118,7,233,0,2,126,0,128,38,72,244,7,361,120,0,120,481
11/04/2002,ICT,KS,ACE,CE,Towers with Radar,47,83,138,3,271,0,5,217,2,224,47,88,355,5,495,64,2,66,561
11/05/2002,ICT,KS,ACE,CE,Towers with Radar,46,112,206,6,370,0,10,116,0,126,46,122,322,6,496,50,0,50,546
11/06/2002,ICT,KS,ACE,CE,Towers with Radar,56,116,206,12,390,0,28,233,0,261,56,144,439,12,651,156,4,160,811
11/07/2002,ICT,KS,ACE,CE,Towers with Radar,47,127,180,4,358,0,16,220,0,236,47,143,400,4,594,40,0,40,634
11/08/2002,ICT,KS,ACE,CE,Towers with Radar,70,100,165,11,346,0,13,192,0,205,70,113,357,11,551,42,18,60,611
11/09/2002,ICT,KS,ACE,CE,Towers with Radar,65,75,101,7,248,0,6,180,0,186,65,81,281,7,434,112,4,116,550
11/10/2002,ICT,KS,ACE,CE,Towers with Radar,49,67,118,0,234,0,4,199,0,203,49,71,317,0,437,22,0,22,459
11/11/2002,ICT,KS,ACE,CE,Towers with Radar,44,91,154,4,293,0,13,177,0,190,44,104,331,4,483,50,2,52,535
11/12/2002,ICT,KS,ACE,CE,Towers with Radar,45,125,156,4,330,0,12,201,0,213,45,137,357,4,543,40,2,42,585
11/13/2002,ICT,KS,ACE,CE,Towers with Radar,50,116,219,5,390,0,12,194,1,207,50,128,413,6,597,74,2,76,673
11/14/2002,ICT,KS,ACE,CE,Towers with Radar,60,104,196,9,369,0,8,114,0,122,60,112,310,9,491,52,6,58,549
11/15/2002,ICT,KS,ACE,CE,Towers with Radar,83,104,243,10,440,0,3,89,0,92,83,107,332,10,532,134,2,136,668
11/16/2002,ICT,KS,ACE,CE,Towers with Radar,50,68,101,7,226,0,9,190,1,200,50,77,291,8,426,146,4,150,576
11/17/2002,ICT,KS,ACE,CE,Towers with Radar,43,62,78,2,185,0,3,185,0,188,43,65,263,2,373,168,4,172,545
11/18/2002,ICT,KS,ACE,CE,Towers with Radar,51,91,146,5,293,0,6,175,0,181,51,97,321,5,474,44,4,48,522
11/19/2002,ICT,KS,ACE,CE,Towers with Radar,52,120,155,9,336,0,8,216,0,224,52,128,371,9,560,38,0,38,598
11/20/2002,ICT,KS,ACE,CE,Towers with Radar,54,131,204,9,398,0,13,201,0,214,54,144,405,9,612,84,0,84,696
11/21/2002,ICT,KS,ACE,CE,Towers with Radar,61,117,173,5,356,0,7,206,0,213,61,124,379,5,569,64,0,64,633
11/22/2002,ICT,KS,ACE,CE,Towers with Radar,61,114,209,5,389,0,8,196,0,204,61,122,405,5,593,32,0,32,625
11/23/2002,ICT,KS,ACE,CE,Towers with Radar,67,65,103,0,235,0,3,233,0,236,67,68,336,0,471,112,0,112,583
11/24/2002,ICT,KS,ACE,CE,Towers with Radar,35,87,72,0,194,0,7,64,0,71,35,94,136,0,265,32,0,32,297
11/25/2002,ICT,KS,ACE,CE,Towers with Radar,55,101,122,7,285,0,10,141,0,151,55,111,263,7,436,38,8,46,482
11/26/2002,ICT,KS,ACE,CE,Towers with Radar,44,129,173,6,352,0,6,100,0,106,44,135,273,6,458,30,0,30,488
11/27/2002,ICT,KS,ACE,CE,Towers with Radar,65,133,157,9,364,0,9,145,0,154,65,142,302,9,518,74,12,86,604
11/28/2002,ICT,KS,ACE,CE,Towers with Radar,45,64,21,0,130,0,9,64,0,73,45,73,85,0,203,0,0,0,203
11/29/2002,ICT,KS,ACE,CE,Towers with Radar,44,74,57,0,175,0,3,77,0,80,44,77,134,0,255,60,0,60,315
11/30/2002,ICT,KS,ACE,CE,Towers with Radar,54,60,64,2,180,0,2,95,0,97,54,62,159,2,277,79,4,83,360
12/01/2002,ICT,KS,ACE,CE,Towers with Radar,41,72,93,0,206,0,5,109,0,114,41,77,202,0,320,20,0,20,340
12/02/2002,ICT,KS,ACE,CE,Towers with Radar,41,98,120,10,269,0,5,140,0,145,41,103,260,10,414,42,12,54,468
12/03/2002,ICT,KS,ACE,CE,Towers with Radar,56,119,137,2,314,0,4,91,0,95,56,123,228,2,409,14,6,20,429
12/04/2002,ICT,KS,ACE,CE,Towers with Radar,47,112,121,4,284,0,6,7,0,13,47,118,128,4,297,0,0,0,297
12/05/2002,ICT,KS,ACE,CE,Towers with Radar,65,112,185,3,365,0,9,57,0,66,65,121,242,3,431,39,0,39,470
12/06/2002,ICT,KS,ACE,CE,Towers with Radar,85,81,213,9,388,0,0,80,0,80,85,81,293,9,468,16,8,24,492
12/07/2002,ICT,KS,ACE,CE,Towers with Radar,53,72,59,0,184,0,0,3,0,3,53,72,62,0,187,0,0,0,187
12/08/2002,ICT,KS,ACE,CE,Towers with Radar,43,66,89,5,203,0,3,84,0,87,43,69,173,5,290,30,0,30,320
12/09/2002,ICT,KS,ACE,CE,Towers with Radar,72,70,164,10,316,0,5,107,0,112,72,75,271,10,428,39,12,51,479
12/10/2002,ICT,KS,ACE,CE,Towers with Radar,59,112,167,0,338,0,0,1,0,1,59,112,168,0,339,6,0,6,345
12/11/2002,ICT,KS,ACE,CE,Towers with Radar,60,122,245,5,432,0,3,0,0,3,60,125,245,5,435,16,2,18,453
12/12/2002,ICT,KS,ACE,CE,Towers with Radar,69,121,162,0,352,0,0,0,0,0,69,121,162,0,352,8,0,8,360
12/13/2002,ICT,KS,ACE,CE,Towers with Radar,91,90,179,3,363,0,3,210,0,213,91,93,389,3,576,32,0,32,608
12/14/2002,ICT,KS,ACE,CE,Towers with Radar,51,86,135,0,272,0,7,234,1,242,51,93,369,1,514,122,0,122,636
12/15/2002,ICT,KS,ACE,CE,Towers with Radar,51,74,98,4,227,0,3,169,0,172,51,77,267,4,399,122,4,126,525
12/16/2002,ICT,KS,ACE,CE,Towers with Radar,49,92,170,6,317,0,4,163,0,167,49,96,333,6,484,97,0,97,581
12/17/2002,ICT,KS,ACE,CE,Towers with Radar,51,120,176,31,378,0,17,164,0,181,51,137,340,31,559,30,20,50,609
12/18/2002,ICT,KS,ACE,CE,Towers with Radar,60,124,220,7,411,0,18,210,0,228,60,142,430,7,639,43,2,45,684
12/19/2002,ICT,KS,ACE,CE,Towers with Radar,66,116,210,16,408,0,9,190,2,201,66,125,400,18,609,84,18,102,711
12/20/2002,ICT,KS,ACE,CE,Towers with Radar,70,112,191,5,378,0,12,162,0,174,70,124,353,5,552,38,24,62,614
12/21/2002,ICT,KS,ACE,CE,Towers with Radar,56,92,89,0,237,0,16,188,0,204,56,108,277,0,441,63,0,63,504
12/22/2002,ICT,KS,ACE,CE,Towers with Radar,42,68,63,0,173,0,4,102,0,106,42,72,165,0,279,66,0,66,345
12/23/2002,ICT,KS,ACE,CE,Towers with Radar,64,64,63,0,191,0,4,21,0,25,64,68,84,0,216,6,0,6,222
12/24/2002,ICT,KS,ACE,CE,Towers with Radar,58,89,30,0,177,0,0,36,0,36,58,89,66,0,213,0,0,0,213
12/25/2002,ICT,KS,ACE,CE,Towers with Radar,29,71,14,0,114,0,6,47,0,53,29,77,61,0,167,10,0,10,177
12/26/2002,ICT,KS,ACE,CE,Towers with Radar,65,101,57,0,223,0,1,6,0,7,65,102,63,0,230,0,0,0,230
12/27/2002,ICT,KS,ACE,CE,Towers with Radar,76,102,70,2,250,0,6,94,0,100,76,108,164,2,350,52,0,52,402
12/28/2002,ICT,KS,ACE,CE,Towers with Radar,61,62,53,0,176,0,1,107,0,108,61,63,160,0,284,26,0,26,310
12/29/2002,ICT,KS,ACE,CE,Towers with Radar,45,66,49,0,160,0,4,63,0,67,45,70,112,0,227,10,0,10,237
12/30/2002,ICT,KS,ACE,CE,Towers with Radar,46,78,57,7,188,0,7,69,6,82,46,85,126,13,270,10,2,12,282
12/31/2002,ICT,KS,ACE,CE,Towers with Radar,48,112,44,1,205,0,5,101,0,106,48,117,145,1,311,66,0,66,377
01/01/2003,ICT,KS,ACE,CE,Towers with Radar,32,78,27,0,137,2,6,35,0,43,34,84,62,0,180,8,0,8,188
01/02/2003,ICT,KS,ACE,CE,Towers with Radar,43,106,77,4,230,1,4,54,1,60,44,110,131,5,290,46,14,60,350
01/03/2003,ICT,KS,ACE,CE,Towers with Radar,67,107,91,8,273,1,2,154,3,160,68,109,245,11,433,108,46,154,587
01/04/2003,ICT,KS,ACE,CE,Towers with Radar,60,68,91,4,223,0,20,173,0,193,60,88,264,4,416,76,4,80,496
01/05/2003,ICT,KS,ACE,CE,Towers with Radar,48,56,60,5,169,0,9,84,0,93,48,65,144,5,262,120,2,122,384
01/06/2003,ICT,KS,ACE,CE,Towers with Radar,46,94,132,13,285,0,4,65,0,69,46,98,197,13,354,6,8,14,368
01/07/2003,ICT,KS,ACE,CE,Towers with Radar,63,127,148,18,356,0,21,142,0,163,63,148,290,18,519,50,4,54,573
01/08/2003,ICT,KS,ACE,CE,Towers with Radar,47,112,157,7,323,0,22,182,3,207,47,134,339,10,530,180,24,204,734
01/09/2003,ICT,KS,ACE,CE,Towers with Radar,47,108,162,12,329,0,8,132,0,140,47,116,294,12,469,56,16,72,541
01/10/2003,ICT,KS,ACE,CE,Towers with Radar,56,100,158,21,335,0,18,175,0,193,56,118,333,21,528,102,26,128,656
01/11/2003,ICT,KS,ACE,CE,Towers with Radar,44,64,82,3,193,0,6,184,0,190,44,70,266,3,383,108,0,108,491
01/12/2003,ICT,KS,ACE,CE,Towers with Radar,34,86,95,2,217,0,5,116,0,121,34,91,211,2,338,62,0,62,400
01/13/2003,ICT,KS,ACE,CE,Towers with Radar,30,97,154,6,287,0,2,47,0,49,30,99,201,6,336,58,0,58,394
01/14/2003,ICT,KS,ACE,CE,Towers with Radar,57,118,176,15,366,1,12,168,0,181,58,130,344,15,547,74,0,74,621
01/15/2003,ICT,KS,ACE,CE,Towers with Radar,50,123,119,6,298,1,5,63,0,69,51,128,182,6,367,71,0,71,438
01/16/2003,ICT,KS,ACE,CE,Towers with Radar,45,131,123,2,301,1,7,22,0,30,46,138,145,2,331,18,0,18,349
01/17/2003,ICT,KS,ACE,CE,Towers with Radar,65,92,145,25,327,1,10,146,0,157,66,102,291,25,484,44,2,46,530
01/18/2003,ICT,KS,ACE,CE,Towers with Radar,45,72,105,1,223,1,8,125,0,134,46,80,230,1,357,114,0,114,471
01/19/2003,ICT,KS,ACE,CE,Towers with Radar,35,78,83,0,196,1,11,165,0,177,36,89,248,0,373,56,0,56,429
01/20/2003,ICT,KS,ACE,CE,Towers with Radar,36,98,141,2,277,1,8,165,0,174,37,106,306,2,451,140,0,140,591
01/21/2003,ICT,KS,ACE,CE,Towers with Radar,62,107,146,8,323,1,19,163,2,185,63,126,309,10,508,112,8,120,628
01/22/2003,ICT,KS,ACE,CE,Towers with Radar,43,118,147,11,319,1,7,58,0,66,44,125,205,11,385,62,16,78,463
01/23/2003,ICT,KS,ACE,CE,Towers with Radar,64,112,137,8,321,1,9,121,0,131,65,121,258,8,452,58,6,64,516
01/24/2003,ICT,KS,ACE,CE,Towers with Radar,50,109,160,23,342,1,11,132,0,144,51,120,292,23,486,94,36,130,616
01/25/2003,ICT,KS,ACE,CE,Towers with Radar,56,69,79,0,204,1,15,139,0,155,57,84,218,0,359,187,0,187,546
01/26/2003,ICT,KS,ACE,CE,Towers with Radar,39,67,95,0,201,1,3,95,0,99,40,70,190,0,300,70,0,70,370
01/27/2003,ICT,KS,ACE,CE,Towers with Radar,34,100,141,6,281,0,0,137,0,137,34,100,278,6,418,44,0,44,462
01/28/2003,ICT,KS,ACE,CE,Towers with Radar,51,114,183,5,353,1,10,112,0,123,52,124,295,5,476,98,12,110,586
01/29/2003,ICT,KS,ACE,CE,Towers with Radar,60,111,245,7,423,1,3,74,0,78,61,114,319,7,501,92,16,108,609
01/30/2003,ICT,KS,ACE,CE,Towers with Radar,47,109,155,7,318,1,8,131,0,140,48,117,286,7,458,102,42,144,602
01/31/2003,ICT,KS,ACE,CE,Towers with Radar,68,86,167,8,329,1,11,185,0,197,69,97,352,8,526,134,2,136,662
02/01/2003,ICT,KS,ACE,CE,Towers with Radar,47,69,95,1,212,2,5,164,1,172,49,74,259,2,384,172,0,172,556
02/02/2003,ICT,KS,ACE,CE,Towers with Radar,35,75,70,0,180,0,6,118,0,124,35,81,188,0,304,84,0,84,388
02/03/2003,ICT,KS,ACE,CE,Towers with Radar,39,101,94,0,234,0,0,13,0,13,39,101,107,0,247,0,0,0,247
02/04/2003,ICT,KS,ACE,CE,Towers with Radar,57,95,157,2,311,0,10,164,1,175,57,105,321,3,486,204,6,210,696
02/05/2003,ICT,KS,ACE,CE,Towers with Radar,57,138,172,17,384,0,0,91,1,92,57,138,263,18,476,102,14,116,592
02/06/2003,ICT,KS,ACE,CE,Towers with Radar,63,111,95,0,269,0,0,15,0,15,63,111,110,0,284,4,0,4,288
02/07/2003,ICT,KS,ACE,CE,Towers with Radar,51,113,183,7,354,0,11,208,1,220,51,124,391,8,574,139,6,145,719
02/08/2003,ICT,KS,ACE,CE,Towers with Radar,36,84,79,6,205,0,4,178,4,186,36,88,257,10,391,150,2,152,543
02/09/2003,ICT,KS,ACE,CE,Towers with Radar,25,56,70,0,151,1,29,19,0,49,26,85,89,0,200,14,0,14,214
02/10/2003,ICT,KS,ACE,CE,Towers with Radar,55,64,159,12,290,0,2,144,1,147,55,66,303,13,437,124,8,132,569
02/11/2003,ICT,KS,ACE,CE,Towers with Radar,46,115,149,1,311,0,6,175,0,181,46,121,324,1,492,212,4,216,708
02/12/2003,ICT,KS,ACE,CE,Towers with Radar,50,111,166,8,335,0,12,156,1,169,50,123,322,9,504,88,0,88,592
02/13/2003,ICT,KS,ACE,CE,Towers with Radar,64,92,192,6,354,0,9,93,1,103,64,101,285,7,457,120,28,148,605
02/14/2003,ICT,KS,ACE,CE,Towers with Radar,63,138,159,15,375,0,2,26,1,29,63,140,185,16,404,20,12,32,436
02/15/2003,ICT,KS,ACE,CE,Towers with Radar,55,75,71,0,201,0,0,2,0,2,55,75,73,0,203,0,0,0,203
02/16/2003,ICT,KS,ACE,CE,Towers with Radar,21,83,86,2,192,0,0,80,0,80,21,83,166,2,272,54,0,54,326
02/17/2003,ICT,KS,ACE,CE,Towers with Radar,26,92,115,1,234,0,13,14,0,27,26,105,129,1,261,109,0,109,370
02/18/2003,ICT,KS,ACE,CE,Towers with Radar,32,101,117,25,275,0,3,70,0,73,32,104,187,25,348,94,8,102,450
02/19/2003,ICT,KS,ACE,CE,Towers with Radar,53,97,152,24,326,0,19,152,0,171,53,116,304,24,497,204,30,234,731
02/20/2003,ICT,KS,ACE,CE,Towers with Radar,42,125,190,23,380,0,3,164,0,167,42,128,354,23,547,126,8,134,681
02/21/2003,ICT,KS,ACE,CE,Towers with Radar,62,97,182,15,356,0,6,140,2,148,62,103,322,17,504,190,74,264,768
02/22/2003,ICT,KS,ACE,CE,Towers with Radar,57,67,96,0,220,0,0,30,1,31,57,67,126,1,251,40,0,40,291
02/23/2003,ICT,KS,ACE,CE,Towers with Radar,17,39,48,0,104,4,44,2,0,50,21,83,50,0,154,0,0,0,154
02/24/2003,ICT,KS,ACE,CE,Towers with Radar,29,90,107,5,231,0,1,38,0,39,29,91,145,5,270,28,0,28,298
02/25/2003,ICT,KS,ACE,CE,Towers with Radar,42,108,148,6,304,0,8,79,0,87,42,116,227,6,391,60,2,62,453
02/26/2003,ICT,KS,ACE,CE,Towers with Radar,45,113,151,0,309,0,0,50,0,50,45,113,201,0,359,104,0,104,463
02/27/2003,ICT,KS,ACE,CE,Towers with Radar,45,126,135,1,307,0,3,21,0,24,45,129,156,1,331,28,0,28,359
02/28/2003,ICT,KS,ACE,CE,Towers with Radar,59,115,157,0,331,0,0,12,0,12,59,115,169,0,343,0,0,0,343
03/01/2003,ICT,KS,ACE,CE,Towers with Radar,44,82,90,4,220,2,3,14,0,19,46,85,104,4,239,46,0,46,285
03/02/2003,ICT,KS,ACE,CE,Towers with Radar,19,87,103,0,209,2,1,122,0,125,21,88,225,0,334,126,0,126,460
03/03/2003,ICT,KS,ACE,CE,Towers with Radar,35,93,177,8,313,0,2,123,0,125,35,95,300,8,438,108,18,126,564
03/04/2003,ICT,KS,ACE,CE,Towers with Radar,37,115,121,0,273,0,0,4,0,4,37,115,125,0,277,22,0,22,299
03/05/2003,ICT,KS,ACE,CE,Towers with Radar,41,123,131,3,298,0,5,14,0,19,41,128,145,3,317,54,10,64,381
03/06/2003,ICT,KS,ACE,CE,Towers with Radar,36,143,226,12,417,1,4,181,0,186,37,147,407,12,603,122,18,140,743
03/07/2003,ICT,KS,ACE,CE,Towers with Radar,91,97,140,12,340,0,9,191,0,200,91,106,331,12,540,244,76,320,860
03/08/2003,ICT,KS,ACE,CE,Towers with Radar,59,68,105,0,232,0,3,115,0,118,59,71,220,0,350,160,0,160,510
03/09/2003,ICT,KS,ACE,CE,Towers with Radar,19,89,77,3,188,0,1,123,2,126,19,90,200,5,314,117,0,117,431
03/10/2003,ICT,KS,ACE,CE,Towers with Radar,31,82,147,12,272,1,8,135,1,145,32,90,282,13,417,136,4,140,557
03/11/2003,ICT,KS,ACE,CE,Towers with Radar,38,125,155,7,325,0,4,34,0,38,38,129,189,7,363,49,22,71,434
03/12/2003,ICT,KS,ACE,CE,Towers with Radar,29,143,150,4,326,0,2,30,0,32,29,145,180,4,358,36,0,36,394
03/13/2003,ICT,KS,ACE,CE,Towers with Radar,46,123,175,36,380,0,9,112,0,121,46,132,287,36,501,54,0,54,555
03/14/2003,ICT,KS,ACE,CE,Towers with Radar,67,104,172,9,352,0,20,161,0,181,67,124,333,9,533,28,16,44,577
03/15/2003,ICT,KS,ACE,CE,Towers with Radar,47,80,94,0,221,1,4,186,0,191,48,84,280,0,412,138,0,138,550
03/16/2003,ICT,KS,ACE,CE,Towers with Radar,27,98,78,5,208,0,14,133,0,147,27,112,211,5,355,90,10,100,455
03/17/2003,ICT,KS,ACE,CE,Towers with Radar,37,85,113,0,235,0,9,52,0,61,37,94,165,0,296,74,0,74,370
03/18/2003,ICT,KS,ACE,CE,Towers with Radar,41,114,183,2,340,0,3,20,0,23,41,117,203,2,363,40,0,40,403
03/19/2003,ICT,KS,ACE,CE,Towers with Radar,36,112,166,0,314,0,9,0,0,9,36,121,166,0,323,4,0,4,327
03/20/2003,ICT,KS,ACE,CE,Towers with Radar,38,107,190,7,342,0,11,17,0,28,38,118,207,7,370,8,2,10,380
03/21/2003,ICT,KS,ACE,CE,Towers with Radar,46,131,151,15,343,0,13,156,1,170,46,144,307,16,513,219,74,293,806
03/22/2003,ICT,KS,ACE,CE,Towers with Radar,42,76,108,1,227,0,6,81,0,87,42,82,189,1,314,88,0,88,402
03/23/2003,ICT,KS,ACE,CE,Towers with Radar,27,90,87,2,206,0,3,107,0,110,27,93,194,2,316,66,0,66,382
03/24/2003,ICT,KS,ACE,CE,Towers with Radar,21,91,139,22,273,0,7,123,0,130,21,98,262,22,403,124,20,144,547
03/25/2003,ICT,KS,ACE,CE,Towers with Radar,26,118,128,4,276,0,5,143,0,148,26,123,271,4,424,132,8,140,564
03/26/2003,ICT,KS,ACE,CE,Towers with Radar,42,124,165,12,343,0,13,180,0,193,42,137,345,12,536,88,8,96,632
03/27/2003,ICT,KS,ACE,CE,Towers with Radar,35,114,117,17,283,0,4,83,0,87,35,118,200,17,370,150,14,164,534
03/28/2003,ICT,KS,ACE,CE,Towers with Radar,61,90,154,15,320,0,4,99,0,103,61,94,253,15,423,54,72,126,549
03/29/2003,ICT,KS,ACE,CE,Towers with Radar,36,88,104,1,229,0,12,145,0,157,36,100,249,1,386,73,0,73,459
03/30/2003,ICT,KS,ACE,CE,Towers with Radar,27,81,78,2,188,1,12,105,0,118,28,93,183,2,306,104,8,112,418
03/31/2003,ICT,KS,ACE,CE,Towers with Radar,27,104,129,20,280,0,13,156,0,169,27,117,285,20,449,148,23,171,620
04/01/2003,ICT,KS,ACE,CE,Towers with Radar,28,113,141,11,293,0,10,168,0,178,28,123,309,11,471,122,42,164,635
04/02/2003,ICT,KS,ACE,CE,Towers with Radar,61,134,177,11,383,0,4,163,2,169,61,138,340,13,552,96,18,114,666
04/03/2003,ICT,KS,ACE,CE,Towers with Radar,40,92,166,8,306,0,7,83,1,91,40,99,249,9,397,182,10,192,589
04/04/2003,ICT,KS,ACE,CE,Towers with Radar,42,101,148,6,297,13,0,74,0,87,55,101,222,6,384,92,4,96,480
04/05/2003,ICT,KS,ACE,CE,Towers with Radar,37,95,88,14,234,0,15,122,1,138,37,110,210,15,372,80,28,108,480
04/06/2003,ICT,KS,ACE,CE,Towers with Radar,30,91,69,6,196,0,4,1,1,6,30,95,70,7,202,28,12,40,242
04/07/2003,ICT,KS,ACE,CE,Towers with Radar,28,97,116,10,251,0,8,90,0,98,28,105,206,10,349,34,2,36,385
04/08/2003,ICT,KS,ACE,CE,Towers with Radar,33,87,170,16,306,0,1,82,0,83,33,88,252,16,389,214,8,222,611
04/09/2003,ICT,KS,ACE,CE,Towers with Radar,28,115,128,10,281,0,10,189,0,199,28,125,317,10,480,62,18,80,560
04/10/2003,ICT,KS,ACE,CE,Towers with Radar,34,96,153,22,305,0,4,171,0,175,34,100,324,22,480,198,8,206,686
04/11/2003,ICT,KS,ACE,CE,Towers with Radar,57,130,161,6,354,0,1,241,0,242,57,131,402,6,596,150,8,158,754
04/12/2003,ICT,KS,ACE,CE,Towers with Radar,30,86,92,8,216,0,10,164,0,174,30,96,256,8,390,169,4,173,563
04/13/2003,ICT,KS,ACE,CE,Towers with Radar,30,66,61,0,157,0,0,66,0,66,30,66,127,0,223,72,0,72,295
04/14/2003,ICT,KS,ACE,CE,Towers with Radar,21,107,97,12,237,0,3,94,0,97,21,110,191,12,334,36,22,58,392
04/15/2003,ICT,KS,ACE,CE,Towers with Radar,56,88,160,17,321,0,1,62,0,63,56,89,222,17,384,26,2,28,412
04/16/2003,ICT,KS,ACE,CE,Towers with Radar,52,115,95,0,262,0,5,0,0,5,52,120,95,0,267,24,0,24,291
04/17/2003,ICT,KS,ACE,CE,Towers with Radar,35,97,153,14,299,0,15,172,0,187,35,112,325,14,486,82,70,152,638
04/18/2003,ICT,KS,ACE,CE,Towers with Radar,46,114,169,9,338,0,4,102,0,106,46,118,271,9,444,52,12,64,508
04/19/2003,ICT,KS,ACE,CE,Towers with Radar,38,66,64,4,172,0,1,56,0,57,38,67,120,4,229,28,0,28,257
04/20/2003,ICT,KS,ACE,CE,Towers with Radar,20,77,48,0,145,0,0,68,0,68,20,77,116,0,213,48,0,48,261
04/21/2003,ICT,KS,ACE,CE,Towers with Radar,24,90,141,7,262,0,8,80,1,89,24,98,221,8,351,150,6,156,507
04/22/2003,ICT,KS,ACE,CE,Towers with Radar,36,105,152,51,344,0,2,192,1,195,36,107,344,52,539,375,87,462,1001
04/23/2003,ICT,KS,ACE,CE,Towers with Radar,20,73,97,7,197,0,36,37,1,74,20,109,134,8,271,44,10,54,325
04/24/2003,ICT,KS,ACE,CE,Towers with Radar,35,122,192,8,357,0,9,36,1,46,35,131,228,9,403,86,8,94,497
04/25/2003,ICT,KS,ACE,CE,Towers with Radar,39,127,229,5,400,0,9,56,1,66,39,136,285,6,466,15,2,17,483
04/26/2003,ICT,KS,ACE,CE,Towers with Radar,60,56,75,3,194,0,9,169,1,179,60,65,244,4,373,78,0,78,451
04/27/2003,ICT,KS,ACE,CE,Towers with Radar,27,73,90,1,191,0,7,106,0,113,27,80,196,1,304,96,0,96,400
04/28/2003,ICT,KS,ACE,CE,Towers with Radar,42,92,188,0,322,0,3,119,0,122,42,95,307,0,444,194,2,196,640
04/29/2003,ICT,KS,ACE,CE,Towers with Radar,33,134,157,28,352,0,13,145,4,162,33,147,302,32,514,134,22,156,670
04/30/2003,ICT,KS,ACE,CE,Towers with Radar,29,17,147,4,197,0,0,105,15,120,29,17,252,19,317,156,12,168,485
05/01/2003,ICT,KS,ACE,CE,Towers with Radar,49,111,251,0,411,1,0,20,0,21,50,111,271,0,432,46,12,58,490
05/02/2003,ICT,KS,ACE,CE,Towers with Radar,55,123,180,7,365,0,19,167,0,186,55,142,347,7,551,180,30,210,761
05/03/2003,ICT,KS,ACE,CE,Towers with Radar,53,74,72,1,200,0,4,134,0,138,53,78,206,1,338,100,0,100,438
05/04/2003,ICT,KS,ACE,CE,Towers with Radar,41,80,69,1,191,0,4,24,0,28,41,84,93,1,219,42,2,44,263
05/05/2003,ICT,KS,ACE,CE,Towers with Radar,35,96,129,9,269,0,0,195,5,200,35,96,324,14,469,138,11,149,618
05/06/2003,ICT,KS,ACE,CE,Towers with Radar,27,115,163,0,305,0,9,73,0,82,27,124,236,0,387,144,0,144,531
05/07/2003,ICT,KS,ACE,CE,Towers with Radar,37,111,152,12,312,0,10,176,0,186,37,121,328,12,498,216,8,224,722
05/08/2003,ICT,KS,ACE,CE,Towers with Radar,34,134,140,0,308,0,2,17,1,20,34,136,157,1,328,18,0,18,346
05/09/2003,ICT,KS,ACE,CE,Towers with Radar,54,120,149,8,331,0,7,175,0,182,54,127,324,8,513,160,14,174,687
05/10/2003,ICT,KS,ACE,CE,Towers with Radar,46,85,92,11,234,0,5,88,0,93,46,90,180,11,327,94,0,94,421
05/11/2003,ICT,KS,ACE,CE,Towers with Radar,15,81,68,2,166,0,4,120,0,124,15,85,188,2,290,46,0,46,336
05/12/2003,ICT,KS,ACE,CE,Towers with Radar,24,93,113,14,244,0,14,156,0,170,24,107,269,14,414,54,6,60,474
05/13/2003,ICT,KS,ACE,CE,Towers with Radar,80,103,134,18,335,0,7,22,0,29,80,110,156,18,364,38,4,42,406
05/14/2003,ICT,KS,ACE,CE,Towers with Radar,43,139,194,20,396,0,7,139,0,146,43,146,333,20,542,30,38,68,610
05/15/2003,ICT,KS,ACE,CE,Towers with Radar,30,120,172,31,353,0,3,108,0,111,30,123,280,31,464,100,26,126,590
05/16/2003,ICT,KS,ACE,CE,Towers with Radar,37,143,149,0,329,0,1,10,0,11,37,144,159,0,340,0,0,0,340
05/17/2003,ICT,KS,ACE,CE,Towers with Radar,33,99,113,6,251,0,14,72,0,86,33,113,185,6,337,74,0,74,411
05/18/2003,ICT,KS,ACE,CE,Towers with Radar,17,90,86,4,197,0,1,108,0,109,17,91,194,4,306,59,4,63,369
05/19/2003,ICT,KS,ACE,CE,Towers with Radar,28,94,135,26,283,0,2,16,0,18,28,96,151,26,301,30,24,54,355
05/20/2003,ICT,KS,ACE,CE,Towers with Radar,28,146,168,37,379,0,10,219,0,229,28,156,387,37,608,56,14,70,678
05/21/2003,ICT,KS,ACE,CE,Towers with Radar,33,142,174,15,364,0,15,218,0,233,33,157,392,15,597,114,8,122,719
05/22/2003,ICT,KS,ACE,CE,Towers with Radar,50,90,139,9,288,0,8,216,0,224,50,98,355,9,512,62,11,73,585
05/23/2003,ICT,KS,ACE,CE,Towers with Radar,48,122,190,10,370,0,12,105,0,117,48,134,295,10,487,54,4,58,545
05/24/2003,ICT,KS,ACE,CE,Towers with Radar,23,91,58,1,173,0,4,47,0,51,23,95,105,1,224,70,0,70,294
05/25/2003,ICT,KS,ACE,CE,Towers with Radar,16,85,50,0,151,2,14,51,0,67,18,99,101,0,218,56,0,56,274
05/26/2003,ICT,KS,ACE,CE,Towers with Radar,15,90,64,8,177,0,2,119,0,121,15,92,183,8,298,52,8,60,358
05/27/2003,ICT,KS,ACE,CE,Towers with Radar,23,111,136,22,292,0,8,163,2,173,23,119,299,24,465,72,24,96,561
05/28/2003,ICT,KS,ACE,CE,Towers with Radar,48,113,157,20,338,0,11,223,1,235,48,124,380,21,573,234,34,268,841
05/29/2003,ICT,KS,ACE,CE,Towers with Radar,32,113,147,13,305,0,6,170,1,177,32,119,317,14,482,80,8,88,570
05/30/2003,ICT,KS,ACE,CE,Towers with Radar,46,110,168,6,330,0,16,196,0,212,46,126,364,6,542,140,2,142,684
05/31/2003,ICT,KS,ACE,CE,Towers with Radar,32,99,91,0,222,0,7,124,0,131,32,106,215,0,353,62,0,62,415
06/01/2003,ICT,KS,ACE,CE,Towers with Radar,20,91,82,4,197,0,8,110,1,119,20,99,192,5,316,46,0,46,362
06/02/2003,ICT,KS,ACE,CE,Towers with Radar,42,89,127,6,264,0,6,62,0,68,42,95,189,6,332,56,8,64,396
06/03/2003,ICT,KS,ACE,CE,Towers with Radar,34,122,169,11,336,0,0,36,0,36,34,122,205,11,372,66,16,82,454
06/04/2003,ICT,KS,ACE,CE,Towers with Radar,44,140,146,39,369,0,4,91,0,95,44,144,237,39,464,182,42,224,688
06/05/2003,ICT,KS,ACE,CE,Towers with Radar,54,94,126,22,296,0,1,97,0,98,54,95,223,22,394,112,22,134,528
06/06/2003,ICT,KS,ACE,CE,Towers with Radar,43,146,168,32,389,0,11,173,1,185,43,157,341,33,574,112,42,154,728
06/07/2003,ICT,KS,ACE,CE,Towers with Radar,33,95,97,2,227,0,5,85,0,90,33,100,182,2,317,86,2,88,405
06/08/2003,ICT,KS,ACE,CE,Towers with Radar,20,91,77,15,203,0,10,139,0,149,20,101,216,15,352,88,32,120,472
06/09/2003,ICT,KS,ACE,CE,Towers with Radar,26,101,123,18,268,0,3,120,0,123,26,104,243,18,391,138,18,156,547
06/10/2003,ICT,KS,ACE,CE,Towers with Radar,18,120,127,16,281,0,12,92,0,104,18,132,219,16,385,112,12,124,509
06/11/2003,ICT,KS,ACE,CE,Towers with Radar,42,135,156,28,361,0,11,151,2,164,42,146,307,30,525,138,22,160,685
06/12/2003,ICT,KS,ACE,CE,Towers with Radar,56,103,164,15,338,0,3,136,0,139,56,106,300,15,477,195,62,257,734
06/13/2003,ICT,KS,ACE,CE,Towers with Radar,45,131,133,27,336,0,12,138,0,150,45,143,271,27,486,90,28,118,604
06/14/2003,ICT,KS,ACE,CE,Towers with Radar,47,89,84,21,241,0,2,93,1,96,47,91,177,22,337,64,62,126,463
06/15/2003,ICT,KS,ACE,CE,Towers with Radar,30,106,57,15,208,0,7,101,0,108,30,113,158,15,316,18,0,18,334
06/16/2003,ICT,KS,ACE,CE,Towers with Radar,18,110,151,6,285,0,16,131,0,147,18,126,282,6,432,117,0,117,549
06/17/2003,ICT,KS,ACE,CE,Towers with Radar,27,131,143,6,307,0,8,153,0,161,27,139,296,6,468,62,18,80,548
06/18/2003,ICT,KS,ACE,CE,Towers with Radar,74,107,154,15,350,0,14,145,0,159,74,121,299,15,509,71,8,79,588
06/19/2003,ICT,KS,ACE,CE,Towers with Radar,37,105,145,15,302,0,7,105,1,113,37,112,250,16,415,174,57,231,646
06/20/2003,ICT,KS,ACE,CE,Towers with Radar,49,104,120,4,277,0,4,85,0,89,49,108,205,4,366,144,14,158,524
06/21/2003,ICT,KS,ACE,CE,Towers with Radar,32,96,83,6,217,0,3,66,0,69,32,99,149,6,286,14,0,14,300
06/22/2003,ICT,KS,ACE,CE,Towers with Radar,37,96,66,1,200,0,3,34,0,37,37,99,100,1,237,36,0,36,273
06/23/2003,ICT,KS,ACE,CE,Towers with Radar,34,99,139,17,289,0,5,57,0,62,34,104,196,17,351,12,32,44,395
06/24/2003,ICT,KS,ACE,CE,Towers with Radar,32,142,160,14,348,0,14,101,0,115,32,156,261,14,463,104,6,110,573
06/25/2003,ICT,KS,ACE,CE,Towers with Radar,69,109,167,3,348,0,3,90,0,93,69,112,257,3,441,50,0,50,491
06/26/2003,ICT,KS,ACE,CE,Towers with Radar,41,141,196,61,439,0,11,209,1,221,41,152,405,62,660,162,70,232,892
06/27/2003,ICT,KS,ACE,CE,Towers with Radar,64,108,170,12,354,0,3,178,0,181,64,111,348,12,535,70,26,96,631
06/28/2003,ICT,KS,ACE,CE,Towers with Radar,34,102,93,3,232,0,12,126,0,138,34,114,219,3,370,92,0,92,462
06/29/2003,ICT,KS,ACE,CE,Towers with Radar,27,100,101,2,230,0,9,57,0,66,27,109,158,2,296,34,0,34,330
06/30/2003,ICT,KS,ACE,CE,Towers with Radar,34,122,179,14,349,0,11,71,0,82,34,133,250,14,431,101,118,219,650
07/01/2003,ICT,KS,ACE,CE,Towers with Radar,29,131,159,30,349,1,12,149,0,162,30,143,308,30,511,192,56,248,759
07/02/2003,ICT,KS,ACE,CE,Towers with Radar,57,96,158,41,352,2,9,144,1,156,59,105,302,42,508,102,132,234,742
07/03/2003,ICT,KS,ACE,CE,Towers with Radar,51,132,143,11,337,2,15,150,0,167,53,147,293,11,504,80,0,80,584
07/04/2003,ICT,KS,ACE,CE,Towers with Radar,39,96,31,1,167,2,6,96,3,107,41,102,127,4,274,68,0,68,342
07/05/2003,ICT,KS,ACE,CE,Towers with Radar,28,85,25,0,138,2,4,107,0,113,30,89,132,0,251,30,0,30,281
07/06/2003,ICT,KS,ACE,CE,Towers with Radar,20,101,50,0,171,2,13,66,0,81,22,114,116,0,252,21,0,21,273
07/07/2003,ICT,KS,ACE,CE,Towers with Radar,20,115,116,27,278,2,15,94,0,111,22,130,210,27,389,74,29,103,492
07/08/2003,ICT,KS,ACE,CE,Towers with Radar,43,100,115,29,287,2,15,100,0,117,45,115,215,29,404,104,40,144,548
07/09/2003,ICT,KS,ACE,CE,Towers with Radar,50,117,148,10,325,2,7,117,0,126,52,124,265,10,451,40,6,46,497
07/10/2003,ICT,KS,ACE,CE,Towers with Radar,38,119,150,19,326,2,8,151,1,162,40,127,301,20,488,60,10,70,558
07/11/2003,ICT,KS,ACE,CE,Towers with Radar,36,112,117,28,293,2,8,156,0,166,38,120,273,28,459,106,38,144,603
07/12/2003,ICT,KS,ACE,CE,Towers with Radar,48,62,83,8,201,2,5,105,0,112,50,67,188,8,313,55,12,67,380
07/13/2003,ICT,KS,ACE,CE,Towers with Radar,16,95,64,4,179,2,4,123,0,129,18,99,187,4,308,40,0,40,348
07/14/2003,ICT,KS,ACE,CE,Towers with Radar,20,105,120,17,262,0,1,124,6,131,20,106,244,23,393,46,16,62,455
07/15/2003,ICT,KS,ACE,CE,Towers with Radar,35,109,114,24,282,1,6,108,0,115,36,115,222,24,397,66,28,94,491
07/16/2003,ICT,KS,ACE,CE,Towers with Radar,41,119,144,14,318,1,11,176,2,190,42,130,320,16,508,116,20,136,644
07/17/2003,ICT,KS,ACE,CE,Towers with Radar,46,106,105,25,282,1,15,165,4,185,47,121,270,29,467,103,88,191,658
07/18/2003,ICT,KS,ACE,CE,Towers with Radar,30,114,143,34,321,1,8,164,0,173,31,122,307,34,494,130,62,192,686
07/19/2003,ICT,KS,ACE,CE,Towers with Radar,77,70,101,6,254,1,16,147,1,165,78,86,248,7,419,178,17,195,614
07/20/2003,ICT,KS,ACE,CE,Towers with Radar,25,88,97,12,222,1,12,107,0,120,26,100,204,12,342,62,8,70,412
07/21/2003,ICT,KS,ACE,CE,Towers with Radar,32,110,146,15,303,1,19,180,0,200,33,129,326,15,503,70,10,80,583
07/22/2003,ICT,KS,ACE,CE,Towers with Radar,53,108,194,17,372,1,4,140,0,145,54,112,334,17,517,114,2,116,633
07/23/2003,ICT,KS,ACE,CE,Towers with Radar,36,113,151,21,321,1,14,162,0,177,37,127,313,21,498,94,18,112,610
07/24/2003,ICT,KS,ACE,CE,Towers with Radar,48,111,139,27,325,1,9,200,1,211,49,120,339,28,536,177,30,207,743
07/25/2003,ICT,KS,ACE,CE,Towers with Radar,47,133,176,14,370,1,16,204,1,222,48,149,380,15,592,100,0,100,692
07/26/2003,ICT,KS,ACE,CE,Towers with Radar,23,63,73,3,162,1,4,161,0,166,24,67,234,3,328,21,6,27,355
07/27/2003,ICT,KS,ACE,CE,Towers with Radar,21,87,88,4,200,1,8,127,0,136,22,95,215,4,336,104,0,104,440
07/28/2003,ICT,KS,ACE,CE,Towers with Radar,16,117,122,21,276,1,22,141,0,164,17,139,263,21,440,102,54,156,596
07/29/2003,ICT,KS,ACE,CE,Towers with Radar,56,104,160,14,334,1,12,143,0,156,57,116,303,14,490,125,26,151,641
07/30/2003,ICT,KS,ACE,CE,Towers with Radar,40,144,202,19,405,0,0,134,0,134,40,144,336,19,539,50,26,76,615
07/31/2003,ICT,KS,ACE,CE,Towers with Radar,39,134,186,18,377,0,23,139,18,180,39,157,325,36,557,50,2,52,609
08/01/2003,ICT,KS,ACE,CE,Towers with Radar,48,127,142,8,325,3,3,117,0,123,51,130,259,8,448,76,4,80,528
08/02/2003,ICT,KS,ACE,CE,Towers with Radar,28,109,114,0,251,1,18,142,0,161,29,127,256,0,412,128,0,128,540
08/03/2003,ICT,KS,ACE,CE,Towers with Radar,30,85,88,2,205,1,7,112,0,120,31,92,200,2,325,68,0,68,393
08/04/2003,ICT,KS,ACE,CE,Towers with Radar,35,92,91,21,239,1,13,81,0,95,36,105,172,21,334,64,28,92,426
08/05/2003,ICT,KS,ACE,CE,Towers with Radar,38,105,138,23,304,1,12,105,0,118,39,117,243,23,422,232,52,284,706
08/06/2003,ICT,KS,ACE,CE,Towers with Radar,46,116,139,23,324,1,3,132,1,137,47,119,271,24,461,100,26,126,587
08/07/2003,ICT,KS,ACE,CE,Towers with Radar,39,104,137,18,298,1,11,132,0,144,40,115,269,18,442,106,16,122,564
08/08/2003,ICT,KS,ACE,CE,Towers with Radar,71,116,114,15,316,1,9,147,0,157,72,125,261,15,473,52,4,56,529
08/09/2003,ICT,KS,ACE,CE,Towers with Radar,44,75,57,5,181,0,3,116,0,119,44,78,173,5,300,15,0,15,315
08/10/2003,ICT,KS,ACE,CE,Towers with Radar,33,82,61,0,176,0,7,91,0,98,33,89,152,0,274,68,0,68,342
08/11/2003,ICT,KS,ACE,CE,Towers with Radar,26,103,129,25,283,0,8,92,1,101,26,111,221,26,384,162,22,184,568
08/12/2003,ICT,KS,ACE,CE,Towers with Radar,30,106,150,4,290,0,13,108,0,121,30,119,258,4,411,122,6,128,539
08/13/2003,ICT,KS,ACE,CE,Towers with Radar,43,145,152,6,346,0,15,148,0,163,43,160,300,6,509,128,2,130,639
08/14/2003,ICT,KS,ACE,CE,Towers with Radar,55,114,136,14,319,0,17,111,1,129,55,131,247,15,448,112,8,120,568
08/15/2003,ICT,KS,ACE,CE,Towers with Radar,62,90,127,20,299,0,8,125,0,133,62,98,252,20,432,180,24,204,636
08/16/2003,ICT,KS,ACE,CE,Towers with Radar,46,96,56,0,198,0,19,121,0,140,46,115,177,0,338,158,0,158,496
08/17/2003,ICT,KS,ACE,CE,Towers with Radar,24,89,92,4,209,0,8,84,0,92,24,97,176,4,301,76,0,76,377
08/18/2003,ICT,KS,ACE,CE,Towers with Radar,26,97,115,19,257,0,10,104,2,116,26,107,219,21,373,99,42,141,514
08/19/2003,ICT,KS,ACE,CE,Towers with Radar,38,122,176,12,348,0,13,153,2,168,38,135,329,14,516,96,4,100,616
08/20/2003,ICT,KS,ACE,CE,Towers with Radar,37,128,166,21,352,0,11,135,0,146,37,139,301,21,498,158,26,184,682
08/21/2003,ICT,KS,ACE,CE,Towers with Radar,36,118,154,45,353,0,11,142,0,153,36,129,296,45,506,248,58,306,812
08/22/2003,ICT,KS,ACE,CE,Towers with Radar,33,127,114,32,306,0,14,118,0,132,33,141,232,32,438,182,30,212,650
08/23/2003,ICT,KS,ACE,CE,Towers with Radar,44,81,87,12,224,0,15,141,0,156,44,96,228,12,380,58,6,64,444
08/24/2003,ICT,KS,ACE,CE,Towers with Radar,25,86,65,7,183,0,4,83,0,87,25,90,148,7,270,42,22,64,334
08/25/2003,ICT,KS,ACE,CE,Towers with Radar,28,98,121,18,265,0,8,91,2,101,28,106,212,20,366,48,18,66,432
08/26/2003,ICT,KS,ACE,CE,Towers with Radar,50,119,173,22,364,0,0,103,28,131,50,119,276,50,495,92,70,162,657
08/27/2003,ICT,KS,ACE,CE,Towers with Radar,42,112,167,30,351,0,3,151,0,154,42,115,318,30,505,166,76,242,747
08/28/2003,ICT,KS,ACE,CE,Towers with Radar,63,123,161,47,394,0,14,132,1,147,63,137,293,48,541,102,72,174,715
08/29/2003,ICT,KS,ACE,CE,Towers with Radar,72,101,172,0,345,1,5,9,0,15,73,106,181,0,360,0,0,0,360
08/30/2003,ICT,KS,ACE,CE,Towers with Radar,30,95,25,0,150,0,1,1,0,2,30,96,26,0,152,0,0,0,152
08/31/2003,ICT,KS,ACE,CE,Towers with Radar,25,70,31,2,128,0,3,4,0,7,25,73,35,2,135,6,0,6,141
09/01/2003,ICT,KS,ACE,CE,Towers with Radar,26,70,77,1,174,0,0,15,0,15,26,70,92,1,189,42,0,42,231
09/02/2003,ICT,KS,ACE,CE,Towers with Radar,26,103,119,35,283,0,6,120,1,127,26,109,239,36,410,132,40,172,582
09/03/2003,ICT,KS,ACE,CE,Towers with Radar,36,127,134,16,313,0,8,149,0,157,36,135,283,16,470,130,24,154,624
09/04/2003,ICT,KS,ACE,CE,Towers with Radar,55,140,175,26,396,0,15,184,4,203,55,155,359,30,599,144,56,200,799
09/05/2003,ICT,KS,ACE,CE,Towers with Radar,44,113,128,23,308,0,7,148,5,160,44,120,276,28,468,82,24,106,574
09/06/2003,ICT,KS,ACE,CE,Towers with Radar,33,95,101,2,231,0,10,116,0,126,33,105,217,2,357,128,16,144,501
09/07/2003,ICT,KS,ACE,CE,Towers with Radar,28,76,69,22,195,0,3,97,0,100,28,79,166,22,295,98,28,126,421
09/08/2003,ICT,KS,ACE,CE,Towers with Radar,31,130,155,18,334,0,11,110,0,121,31,141,265,18,455,93,22,115,570
09/09/2003,ICT,KS,ACE,CE,Towers with Radar,62,114,183,17,376,0,4,107,0,111,62,118,290,17,487,64,32,96,583
09/10/2003,ICT,KS,ACE,CE,Towers with Radar,49,115,144,21,329,0,7,83,0,90,49,122,227,21,419,74,64,138,557
09/11/2003,ICT,KS,ACE,CE,Towers with Radar,33,108,159,0,300,0,0,6,0,6,33,108,165,0,306,6,6,12,318
09/12/2003,ICT,KS,ACE,CE,Towers with Radar,43,101,177,15,336,0,6,147,0,153,43,107,324,15,489,164,46,210,699
09/13/2003,ICT,KS,ACE,CE,Towers with Radar,50,89,99,0,238,0,9,39,0,48,50,98,138,0,286,28,0,28,314
09/14/2003,ICT,KS,ACE,CE,Towers with Radar,35,75,80,10,200,0,5,133,0,138,35,80,213,10,338,84,43,127,465
09/15/2003,ICT,KS,ACE,CE,Towers with Radar,52,98,148,26,324,0,11,111,0,122,52,109,259,26,446,132,40,172,618
09/16/2003,ICT,KS,ACE,CE,Towers with Radar,34,95,139,23,291,0,4,105,0,109,34,99,244,23,400,118,66,184,584
09/17/2003,ICT,KS,ACE,CE,Towers with Radar,38,132,115,43,328,0,12,79,0,91,38,144,194,43,419,38,56,94,513
09/18/2003,ICT,KS,ACE,CE,Towers with Radar,51,120,167,14,352,0,10,57,0,67,51,130,224,14,419,52,6,58,477
09/19/2003,ICT,KS,ACE,CE,Towers with Radar,62,103,151,21,337,0,15,233,3,251,62,118,384,24,588,150,44,194,782
09/20/2003,ICT,KS,ACE,CE,Towers with Radar,48,79,74,2,203,0,9,83,0,92,48,88,157,2,295,12,0,12,307
09/21/2003,ICT,KS,ACE,CE,Towers with Radar,38,63,95,2,198,0,4,57,0,61,38,67,152,2,259,50,0,50,309
09/22/2003,ICT,KS,ACE,CE,Towers with Radar,32,101,151,20,304,0,10,102,8,120,32,111,253,28,424,72,20,92,516
09/23/2003,ICT,KS,ACE,CE,Towers with Radar,51,127,159,20,357,0,9,161,2,172,51,136,320,22,529,146,32,178,707
09/24/2003,ICT,KS,ACE,CE,Towers with Radar,42,101,162,7,312,0,7,134,0,141,42,108,296,7,453,98,26,124,577
09/25/2003,ICT,KS,ACE,CE,Towers with Radar,61,108,161,26,356,0,6,166,0,172,61,114,327,26,528,142,72,214,742
09/26/2003,ICT,KS,ACE,CE,Towers with Radar,58,101,152,19,330,0,5,121,1,127,58,106,273,20,457,224,26,250,707
09/27/2003,ICT,KS,ACE,CE,Towers with Radar,41,84,93,0,218,0,5,147,0,152,41,89,240,0,370,99,0,99,469
09/28/2003,ICT,KS,ACE,CE,Towers with Radar,35,85,93,3,216,0,7,115,0,122,35,92,208,3,338,24,0,24,362
09/29/2003,ICT,KS,ACE,CE,Towers with Radar,34,131,141,2,308,0,3,51,0,54,34,134,192,2,362,54,0,54,416
09/30/2003,ICT,KS,ACE,CE,Towers with Radar,48,123,126,2,299,0,3,7,0,10,48,126,133,2,309,2,0,2,311
10/01/2003,ICT,KS,ACE,CE,Towers with Radar,54,110,165,32,361,0,66,147,0,213,54,176,312,32,574,206,42,248,822
10/02/2003,ICT,KS,ACE,CE,Towers with Radar,53,143,227,69,492,0,12,152,5,169,53,155,379,74,661,110,52,162,823
10/03/2003,ICT,KS,ACE,CE,Towers with Radar,46,123,203,7,379,0,6,86,0,92,46,129,289,7,471,102,2,104,575
10/04/2003,ICT,KS,ACE,CE,Towers with Radar,46,86,116,2,250,0,4,134,0,138,46,90,250,2,388,28,0,28,416
10/05/2003,ICT,KS,ACE,CE,Towers with Radar,25,83,106,7,221,0,4,122,0,126,25,87,228,7,347,62,0,62,409
10/06/2003,ICT,KS,ACE,CE,Towers with Radar,21,101,111,21,254,0,8,66,0,74,21,109,177,21,328,106,32,138,466
10/07/2003,ICT,KS,ACE,CE,Towers with Radar,58,98,118,20,294,0,13,86,2,101,58,111,204,22,395,90,26,116,511
10/08/2003,ICT,KS,ACE,CE,Towers with Radar,48,127,95,14,284,0,4,25,0,29,48,131,120,14,313,16,18,34,347
10/09/2003,ICT,KS,ACE,CE,Towers with Radar,51,128,183,13,375,0,4,81,0,85,51,132,264,13,460,40,0,40,500
10/10/2003,ICT,KS,ACE,CE,Towers with Radar,35,123,224,25,407,0,6,81,0,87,35,129,305,25,494,22,4,26,520
10/11/2003,ICT,KS,ACE,CE,Towers with Radar,42,85,120,16,263,0,4,48,0,52,42,89,168,16,315,79,14,93,408
10/12/2003,ICT,KS,ACE,CE,Towers with Radar,28,82,69,1,180,0,2,102,5,109,28,84,171,6,289,68,15,83,372
10/13/2003,ICT,KS,ACE,CE,Towers with Radar,29,121,156,11,317,0,11,79,0,90,29,132,235,11,407,24,10,34,441
10/14/2003,ICT,KS,ACE,CE,Towers with Radar,23,106,112,16,257,0,5,118,0,123,23,111,230,16,380,80,8,88,468
10/15/2003,ICT,KS,ACE,CE,Towers with Radar,44,111,178,8,341,0,10,151,0,161,44,121,329,8,502,36,14,50,552
10/16/2003,ICT,KS,ACE,CE,Towers with Radar,70,124,147,12,353,0,17,143,0,160,70,141,290,12,513,90,18,108,621
10/17/2003,ICT,KS,ACE,CE,Towers with Radar,57,121,153,2,333,0,4,123,0,127,57,125,276,2,460,102,2,104,564
10/18/2003,ICT,KS,ACE,CE,Towers with Radar,30,79,96,4,209,0,7,112,0,119,30,86,208,4,328,64,0,64,392
10/19/2003,ICT,KS,ACE,CE,Towers with Radar,25,86,119,2,232,0,1,131,0,132,25,87,250,2,364,114,0,114,478
10/20/2003,ICT,KS,ACE,CE,Towers with Radar,42,121,139,13,315,0,10,150,0,160,42,131,289,13,475,70,12,82,557
10/21/2003,ICT,KS,ACE,CE,Towers with Radar,57,118,173,13,361,0,7,165,0,172,57,125,338,13,533,54,24,78,611
10/22/2003,ICT,KS,ACE,CE,Towers with Radar,61,112,181,17,371,0,5,160,0,165,61,117,341,17,536,110,38,148,684
10/23/2003,ICT,KS,ACE,CE,Towers with Radar,56,118,127,5,306,0,2,154,0,156,56,120,281,5,462,96,4,100,562
10/24/2003,ICT,KS,ACE,CE,Towers with Radar,50,113,162,12,337,0,7,178,5,190,50,120,340,17,527,82,6,88,615
10/25/2003,ICT,KS,ACE,CE,Towers with Radar,34,116,91,0,241,0,10,106,0,116,34,126,197,0,357,18,6,24,381
10/26/2003,ICT,KS,ACE,CE,Towers with Radar,25,72,83,3,183,0,6,97,0,103,25,78,180,3,286,42,2,44,330
10/27/2003,ICT,KS,ACE,CE,Towers with Radar,33,115,150,17,315,0,10,129,1,140,33,125,279,18,455,64,16,80,535
10/28/2003,ICT,KS,ACE,CE,Towers with Radar,43,129,138,12,322,0,14,154,0,168,43,143,292,12,490,67,6,73,563
10/29/2003,ICT,KS,ACE,CE,Towers with Radar,53,124,168,6,351,0,7,135,0,142,53,131,303,6,493,58,14,72,565
10/30/2003,ICT,KS,ACE,CE,Towers with Radar,43,120,141,1,305,0,9,127,0,136,43,129,268,1,441,60,0,60,501
10/31/2003,ICT,KS,ACE,CE,Towers with Radar,70,135,218,9,432,0,11,72,0,83,70,146,290,9,515,108,2,110,625
11/01/2003,ICT,KS,ACE,CE,Towers with Radar,40,96,82,5,223,0,2,13,0,15,40,98,95,5,238,12,0,12,250
11/02/2003,ICT,KS,ACE,CE,Towers with Radar,40,97,113,7,257,0,9,48,0,57,40,106,161,7,314,22,4,26,340
11/03/2003,ICT,KS,ACE,CE,Towers with Radar,29,122,167,9,327,0,4,27,0,31,29,126,194,9,358,20,0,20,378
11/04/2003,ICT,KS,ACE,CE,Towers with Radar,30,116,160,0,306,0,5,38,0,43,30,121,198,0,349,46,0,46,395
11/05/2003,ICT,KS,ACE,CE,Towers with Radar,62,128,174,13,377,0,1,18,0,19,62,129,192,13,396,28,16,44,440
11/06/2003,ICT,KS,ACE,CE,Towers with Radar,49,134,179,14,376,0,3,111,0,114,49,137,290,14,490,32,8,40,530
11/07/2003,ICT,KS,ACE,CE,Towers with Radar,63,127,154,30,374,0,17,144,1,162,63,144,298,31,536,94,48,142,678
11/08/2003,ICT,KS,ACE,CE,Towers with Radar,65,76,99,6,246,0,8,60,0,68,65,84,159,6,314,46,0,46,360
11/09/2003,ICT,KS,ACE,CE,Towers with Radar,32,105,115,6,258,0,5,89,0,94,32,110,204,6,352,60,22,82,434
11/10/2003,ICT,KS,ACE,CE,Towers with Radar,24,105,126,11,266,0,2,4,0,6,24,107,130,11,272,8,10,18,290
11/11/2003,ICT,KS,ACE,CE,Towers with Radar,41,120,182,0,343,0,4,81,0,85,41,124,263,0,428,49,0,49,477
11/12/2003,ICT,KS,ACE,CE,Towers with Radar,60,133,156,18,367,0,6,100,2,108,60,139,256,20,475,46,10,56,531
11/13/2003,ICT,KS,ACE,CE,Towers with Radar,31,129,149,9,318,0,13,119,0,132,31,142,268,9,450,46,0,46,496
11/14/2003,ICT,KS,ACE,CE,Towers with Radar,56,107,167,20,350,0,13,71,0,84,56,120,238,20,434,4,6,10,444
11/15/2003,ICT,KS,ACE,CE,Towers with Radar,49,90,122,7,268,0,4,140,0,144,49,94,262,7,412,58,8,66,478
11/16/2003,ICT,KS,ACE,CE,Towers with Radar,26,98,109,8,241,0,5,103,0,108,26,103,212,8,349,87,0,87,436
11/17/2003,ICT,KS,ACE,CE,Towers with Radar,39,107,158,0,304,0,3,36,0,39,39,110,194,0,343,51,0,51,394
11/18/2003,ICT,KS,ACE,CE,Towers with Radar,37,129,150,39,355,0,3,100,2,105,37,132,250,41,460,60,62,122,582
11/19/2003,ICT,KS,ACE,CE,Towers with Radar,37,128,194,55,414,0,11,172,1,184,37,139,366,56,598,222,128,350,948
11/20/2003,ICT,KS,ACE,CE,Towers with Radar,38,133,200,58,429,0,12,181,0,193,38,145,381,58,622,136,38,174,796
11/21/2003,ICT,KS,ACE,CE,Towers with Radar,64,141,170,39,414,0,11,192,0,203,64,152,362,39,617,164,120,284,901
11/22/2003,ICT,KS,ACE,CE,Towers with Radar,41,95,101,13,250,0,13,92,0,105,41,108,193,13,355,122,8,130,485
11/23/2003,ICT,KS,ACE,CE,Towers with Radar,31,83,55,2,171,0,1,25,0,26,31,84,80,2,197,0,0,0,197
11/24/2003,ICT,KS,ACE,CE,Towers with Radar,29,108,131,15,283,0,14,132,0,146,29,122,263,15,429,92,24,116,545
11/25/2003,ICT,KS,ACE,CE,Towers with Radar,53,113,143,48,357,0,9,130,0,139,53,122,273,48,496,162,54,216,712
11/26/2003,ICT,KS,ACE,CE,Towers with Radar,52,121,106,22,301,0,6,128,3,137,52,127,234,25,438,154,52,206,644
11/27/2003,ICT,KS,ACE,CE,Towers with Radar,30,87,35,0,152,0,2,42,0,44,30,89,77,0,196,2,0,2,198
11/28/2003,ICT,KS,ACE,CE,Towers with Radar,55,87,59,1,202,0,9,98,0,107,55,96,157,1,309,58,0,58,367
11/29/2003,ICT,KS,ACE,CE,Towers with Radar,36,88,50,1,175,0,7,68,1,76,36,95,118,2,251,20,0,20,271
11/30/2003,ICT,KS,ACE,CE,Towers with Radar,29,106,92,0,227,0,11,94,0,105,29,117,186,0,332,90,0,90,422
12/01/2003,ICT,KS,ACE,CE,Towers with Radar,65,77,119,29,290,0,9,110,1,120,65,86,229,30,410,69,32,101,511
12/02/2003,ICT,KS,ACE,CE,Towers with Radar,32,124,176,25,357,0,3,30,0,33,32,127,206,25,390,70,24,94,484
12/03/2003,ICT,KS,ACE,CE,Towers with Radar,49,134,223,30,436,0,0,16,0,16,49,134,239,30,452,68,18,86,538
12/04/2003,ICT,KS,ACE,CE,Towers with Radar,58,130,194,21,403,0,14,60,0,74,58,144,254,21,477,68,8,76,553
12/05/2003,ICT,KS,ACE,CE,Towers with Radar,76,136,182,29,423,0,12,109,2,123,76,148,291,31,546,86,30,116,662
12/06/2003,ICT,KS,ACE,CE,Towers with Radar,43,109,108,0,260,0,8,87,0,95,43,117,195,0,355,74,0,74,429
12/07/2003,ICT,KS,ACE,CE,Towers with Radar,23,97,92,5,217,0,10,80,0,90,23,107,172,5,307,46,4,50,357
12/08/2003,ICT,KS,ACE,CE,Towers with Radar,28,126,142,38,334,0,11,98,1,110,28,137,240,39,444,102,36,138,582
12/09/2003,ICT,KS,ACE,CE,Towers with Radar,51,117,81,0,249,0,1,3,0,4,51,118,84,0,253,0,0,0,253
12/10/2003,ICT,KS,ACE,CE,Towers with Radar,65,142,199,9,415,0,17,126,0,143,65,159,325,9,558,106,4,110,668
12/11/2003,ICT,KS,ACE,CE,Towers with Radar,48,116,169,11,344,0,11,126,0,137,48,127,295,11,481,140,20,160,641
12/12/2003,ICT,KS,ACE,CE,Towers with Radar,82,119,132,6,339,0,7,82,0,89,82,126,214,6,428,66,4,70,498
12/13/2003,ICT,KS,ACE,CE,Towers with Radar,37,110,111,0,258,0,3,7,0,10,37,113,118,0,268,0,0,0,268
12/14/2003,ICT,KS,ACE,CE,Towers with Radar,21,77,49,0,147,0,0,0,0,0,21,77,49,0,147,0,0,0,147
12/15/2003,ICT,KS,ACE,CE,Towers with Radar,35,121,178,19,353,0,6,7,2,15,35,127,185,21,368,66,12,78,446
12/16/2003,ICT,KS,ACE,CE,Towers with Radar,65,97,156,14,332,0,2,90,0,92,65,99,246,14,424,70,22,92,516
12/17/2003,ICT,KS,ACE,CE,Towers with Radar,45,158,200,20,423,0,18,183,0,201,45,176,383,20,624,111,14,125,749
12/18/2003,ICT,KS,ACE,CE,Towers with Radar,66,133,231,10,440,0,12,147,0,159,66,145,378,10,599,122,12,134,733
12/19/2003,ICT,KS,ACE,CE,Towers with Radar,74,99,185,21,379,0,14,136,0,150,74,113,321,21,529,108,28,136,665
12/20/2003,ICT,KS,ACE,CE,Towers with Radar,52,107,110,12,281,0,12,155,3,170,52,119,265,15,451,70,14,84,535
12/21/2003,ICT,KS,ACE,CE,Towers with Radar,31,85,59,12,187,0,1,98,1,100,31,86,157,13,287,82,20,102,389
12/22/2003,ICT,KS,ACE,CE,Towers with Radar,38,110,143,19,310,0,2,8,0,10,38,112,151,19,320,50,38,88,408
12/23/2003,ICT,KS,ACE,CE,Towers with Radar,68,111,156,8,343,0,8,139,0,147,68,119,295,8,490,85,10,95,585
12/24/2003,ICT,KS,ACE,CE,Towers with Radar,46,116,44,3,209,0,14,80,0,94,46,130,124,3,303,24,2,26,329
12/25/2003,ICT,KS,ACE,CE,Towers with Radar,42,84,15,0,141,0,6,40,0,46,42,90,55,0,187,12,0,12,199
12/26/2003,ICT,KS,ACE,CE,Towers with Radar,42,117,46,0,205,0,11,17,0,28,42,128,63,0,233,22,0,22,255
12/27/2003,ICT,KS,ACE,CE,Towers with Radar,52,92,45,0,189,0,2,62,0,64,52,94,107,0,253,60,0,60,313
12/28/2003,ICT,KS,ACE,CE,Towers with Radar,28,95,55,0,178,0,4,52,0,56,28,99,107,0,234,40,0,40,274
12/29/2003,ICT,KS,ACE,CE,Towers with Radar,37,98,84,5,224,0,13,14,0,27,37,111,98,5,251,32,2,34,285
12/30/2003,ICT,KS,ACE,CE,Towers with Radar,35,120,67,6,228,0,16,85,0,101,35,136,152,6,329,58,4,62,391
12/31/2003,ICT,KS,ACE,CE,Towers with Radar,45,106,57,0,208,0,13,107,0,120,45,119,164,0,328,104,0,104,432
01/01/2004,ICT,KS,ACE,CE,Towers with Radar,36,73,24,0,133,0,0,55,0,55,36,73,79,0,188,24,0,24,212
01/02/2004,ICT,KS,ACE,CE,Towers with Radar,54,97,65,0,216,0,1,101,0,102,54,98,166,0,318,158,0,158,476
01/03/2004,ICT,KS,ACE,CE,Towers with Radar,44,105,63,0,212,0,11,90,0,101,44,116,153,0,313,75,0,75,388
01/04/2004,ICT,KS,ACE,CE,Towers with Radar,37,84,73,0,194,0,0,13,0,13,37,84,86,0,207,30,0,30,237
01/05/2004,ICT,KS,ACE,CE,Towers with Radar,26,109,96,4,235,0,5,74,0,79,26,114,170,4,314,38,4,42,356
01/06/2004,ICT,KS,ACE,CE,Towers with Radar,34,118,104,9,265,0,6,86,0,92,34,124,190,9,357,138,34,172,529
01/07/2004,ICT,KS,ACE,CE,Towers with Radar,32,133,114,16,295,0,2,58,0,60,32,135,172,16,355,32,14,46,401
01/08/2004,ICT,KS,ACE,CE,Towers with Radar,48,130,136,24,338,0,7,104,0,111,48,137,240,24,449,106,46,152,601
01/09/2004,ICT,KS,ACE,CE,Towers with Radar,64,86,130,13,293,0,8,80,0,88,64,94,210,13,381,94,12,106,487
01/10/2004,ICT,KS,ACE,CE,Towers with Radar,43,108,68,0,219,0,16,136,0,152,43,124,204,0,371,159,0,159,530
01/11/2004,ICT,KS,ACE,CE,Towers with Radar,29,87,53,31,200,0,7,113,2,122,29,94,166,33,322,68,26,94,416
01/12/2004,ICT,KS,ACE,CE,Towers with Radar,31,125,116,35,307,0,9,110,3,122,31,134,226,38,429,116,59,175,604
01/13/2004,ICT,KS,ACE,CE,Towers with Radar,44,93,106,20,263,0,6,87,0,93,44,99,193,20,356,142,14,156,512
01/14/2004,ICT,KS,ACE,CE,Towers with Radar,38,119,163,31,351,0,2,124,1,127,38,121,287,32,478,128,32,160,638
01/15/2004,ICT,KS,ACE,CE,Towers with Radar,43,144,155,14,356,0,3,111,1,115,43,147,266,15,471,72,64,136,607
01/16/2004,ICT,KS,ACE,CE,Towers with Radar,32,124,158,2,316,0,0,1,0,1,32,124,159,2,317,36,0,36,353
01/17/2004,ICT,KS,ACE,CE,Towers with Radar,46,88,60,0,194,0,0,0,0,0,46,88,60,0,194,6,0,6,200
01/18/2004,ICT,KS,ACE,CE,Towers with Radar,24,106,91,2,223,0,7,116,0,123,24,113,207,2,346,72,0,72,418
01/19/2004,ICT,KS,ACE,CE,Towers with Radar,18,135,104,0,257,0,14,143,0,157,18,149,247,0,414,56,0,56,470
01/20/2004,ICT,KS,ACE,CE,Towers with Radar,44,127,138,17,326,0,2,28,0,30,44,129,166,17,356,26,6,32,388
01/21/2004,ICT,KS,ACE,CE,Towers with Radar,31,140,117,23,311,0,13,122,0,135,31,153,239,23,446,86,26,112,558
01/22/2004,ICT,KS,ACE,CE,Towers with Radar,27,124,176,61,388,0,11,141,0,152,27,135,317,61,540,106,84,190,730
01/23/2004,ICT,KS,ACE,CE,Towers with Radar,37,124,136,15,312,0,15,172,0,187,37,139,308,15,499,70,16,86,585
01/24/2004,ICT,KS,ACE,CE,Towers with Radar,51,91,93,3,238,0,3,62,0,65,51,94,155,3,303,58,0,58,361
01/25/2004,ICT,KS,ACE,CE,Towers with Radar,21,108,69,1,199,0,0,1,0,1,21,108,70,1,200,0,0,0,200
01/26/2004,ICT,KS,ACE,CE,Towers with Radar,30,102,87,0,219,0,1,3,0,4,30,103,90,0,223,6,0,6,229
01/27/2004,ICT,KS,ACE,CE,Towers with Radar,45,116,147,11,319,0,10,132,1,143,45,126,279,12,462,58,10,68,530
01/28/2004,ICT,KS,ACE,CE,Towers with Radar,43,138,189,41,411,0,3,82,0,85,43,141,271,41,496,116,40,156,652
01/29/2004,ICT,KS,ACE,CE,Towers with Radar,44,147,181,12,384,0,4,83,0,87,44,151,264,12,471,56,6,62,533
01/30/2004,ICT,KS,ACE,CE,Towers with Radar,64,111,183,32,390,0,8,109,0,117,64,119,292,32,507,70,4,74,581
01/31/2004,ICT,KS,ACE,CE,Towers with Radar,59,103,69,9,240,0,1,5,0,6,59,104,74,9,246,0,0,0,246
02/01/2004,ICT,KS,ACE,CE,Towers with Radar,34,93,23,0,150,0,0,1,0,1,34,93,24,0,151,6,0,6,157
02/02/2004,ICT,KS,ACE,CE,Towers with Radar,25,102,92,7,226,0,2,45,0,47,25,104,137,7,273,0,8,8,281
02/03/2004,ICT,KS,ACE,CE,Towers with Radar,24,152,149,10,335,0,4,111,1,116,24,156,260,11,451,92,10,102,553
02/04/2004,ICT,KS,ACE,CE,Towers with Radar,22,118,103,1,244,0,0,7,0,7,22,118,110,1,251,20,0,20,271
02/05/2004,ICT,KS,ACE,CE,Towers with Radar,61,129,165,7,362,0,3,13,1,17,61,132,178,8,379,30,0,30,409
02/06/2004,ICT,KS,ACE,CE,Towers with Radar,53,133,146,11,343,0,7,18,0,25,53,140,164,11,368,26,6,32,400
02/07/2004,ICT,KS,ACE,CE,Towers with Radar,50,81,92,5,228,0,7,124,0,131,50,88,216,5,359,158,0,158,517
02/08/2004,ICT,KS,ACE,CE,Towers with Radar,22,100,59,6,187,0,5,43,0,48,22,105,102,6,235,24,16,40,275
02/09/2004,ICT,KS,ACE,CE,Towers with Radar,35,95,90,14,234,0,2,87,0,89,35,97,177,14,323,54,24,78,401
02/10/2004,ICT,KS,ACE,CE,Towers with Radar,34,131,136,12,313,0,8,138,0,146,34,139,274,12,459,88,8,96,555
02/11/2004,ICT,KS,ACE,CE,Towers with Radar,26,128,141,54,349,0,10,70,1,81,26,138,211,55,430,84,92,176,606
02/12/2004,ICT,KS,ACE,CE,Towers with Radar,37,126,166,16,345,0,6,105,0,111,37,132,271,16,456,92,58,150,606
02/13/2004,ICT,KS,ACE,CE,Towers with Radar,65,113,155,40,373,0,9,132,0,141,65,122,287,40,514,54,42,96,610
02/14/2004,ICT,KS,ACE,CE,Towers with Radar,31,107,79,0,217,0,2,148,0,150,31,109,227,0,367,106,0,106,473
02/15/2004,ICT,KS,ACE,CE,Towers with Radar,26,92,72,7,197,0,5,82,0,87,26,97,154,7,284,92,0,92,376
02/16/2004,ICT,KS,ACE,CE,Towers with Radar,31,94,129,0,254,0,4,47,0,51,31,98,176,0,305,83,0,83,388
02/17/2004,ICT,KS,ACE,CE,Towers with Radar,55,117,145,17,334,0,8,103,0,111,55,125,248,17,445,48,80,128,573
02/18/2004,ICT,KS,ACE,CE,Towers with Radar,37,111,128,9,285,0,2,109,0,111,37,113,237,9,396,100,12,112,508
02/19/2004,ICT,KS,ACE,CE,Towers with Radar,46,143,128,16,333,0,14,83,2,99,46,157,211,18,432,52,12,64,496
02/20/2004,ICT,KS,ACE,CE,Towers with Radar,31,120,124,11,286,0,9,101,0,110,31,129,225,11,396,74,12,86,482
02/21/2004,ICT,KS,ACE,CE,Towers with Radar,33,107,102,1,243,0,5,192,1,198,33,112,294,2,441,120,0,120,561
02/22/2004,ICT,KS,ACE,CE,Towers with Radar,41,101,74,17,233,0,2,65,4,71,41,103,139,21,304,46,30,76,380
02/23/2004,ICT,KS,ACE,CE,Towers with Radar,15,134,109,60,318,0,13,133,0,146,15,147,242,60,464,32,122,154,618
02/24/2004,ICT,KS,ACE,CE,Towers with Radar,68,111,174,41,394,0,0,46,0,46,68,111,220,41,440,42,20,62,502
02/25/2004,ICT,KS,ACE,CE,Towers with Radar,52,129,179,19,379,0,7,70,0,77,52,136,249,19,456,148,80,228,684
02/26/2004,ICT,KS,ACE,CE,Towers with Radar,42,142,192,31,407,0,16,159,1,176,42,158,351,32,583,120,52,172,755
02/27/2004,ICT,KS,ACE,CE,Towers with Radar,44,128,131,13,316,0,12,100,0,112,44,140,231,13,428,98,14,112,540
02/28/2004,ICT,KS,ACE,CE,Towers with Radar,48,92,83,7,230,0,13,60,0,73,48,105,143,7,303,22,18,40,343
02/29/2004,ICT,KS,ACE,CE,Towers with Radar,31,96,114,4,245,0,2,6,0,8,31,98,120,4,253,18,2,20,273
03/01/2004,ICT,KS,ACE,CE,Towers with Radar,21,123,163,13,320,0,9,101,0,110,21,132,264,13,430,48,12,60,490
03/02/2004,ICT,KS,ACE,CE,Towers with Radar,58,116,182,12,368,0,25,138,1,164,58,141,320,13,532,98,20,118,650
03/03/2004,ICT,KS,ACE,CE,Towers with Radar,64,127,151,2,344,0,2,4,0,6,64,129,155,2,350,28,1,29,379
03/04/2004,ICT,KS,ACE,CE,Towers with Radar,63,130,77,0,270,0,0,0,0,0,63,130,77,0,270,6,0,6,276
03/05/2004,ICT,KS,ACE,CE,Towers with Radar,35,116,217,30,398,0,6,36,0,42,35,122,253,30,440,42,68,110,550
03/06/2004,ICT,KS,ACE,CE,Towers with Radar,52,72,86,1,211,0,4,118,0,122,52,76,204,1,333,85,0,85,418
03/07/2004,ICT,KS,ACE,CE,Towers with Radar,23,104,94,5,226,0,7,70,0,77,23,111,164,5,303,46,0,46,349
03/08/2004,ICT,KS,ACE,CE,Towers with Radar,27,113,108,15,263,0,12,129,2,143,27,125,237,17,406,148,6,154,560
03/09/2004,ICT,KS,ACE,CE,Towers with Radar,42,108,136,39,325,0,14,142,3,159,42,122,278,42,484,156,48,204,688
03/10/2004,ICT,KS,ACE,CE,Towers with Radar,28,128,142,33,331,0,5,87,1,93,28,133,229,34,424,52,26,78,502
03/11/2004,ICT,KS,ACE,CE,Towers with Radar,51,109,211,38,409,0,15,146,1,162,51,124,357,39,571,92,25,117,688
03/12/2004,ICT,KS,ACE,CE,Towers with Radar,31,132,158,34,355,0,7,157,0,164,31,139,315,34,519,147,42,189,708
03/13/2004,ICT,KS,ACE,CE,Towers with Radar,39,104,86,0,229,0,8,18,0,26,39,112,104,0,255,18,0,18,273
03/14/2004,ICT,KS,ACE,CE,Towers with Radar,19,98,76,2,195,0,14,134,0,148,19,112,210,2,343,67,0,67,410
03/15/2004,ICT,KS,ACE,CE,Towers with Radar,37,149,128,53,367,0,8,76,0,84,37,157,204,53,451,60,58,118,569
03/16/2004,ICT,KS,ACE,CE,Towers with Radar,43,122,142,19,326,0,12,100,3,115,43,134,242,22,441,96,32,128,569
03/17/2004,ICT,KS,ACE,CE,Towers with Radar,33,119,126,22,300,0,7,126,0,133,33,126,252,22,433,142,46,188,621
03/18/2004,ICT,KS,ACE,CE,Towers with Radar,34,119,177,11,341,0,17,26,0,43,34,136,203,11,384,96,28,124,508
03/19/2004,ICT,KS,ACE,CE,Towers with Radar,34,121,157,11,323,8,0,155,7,170,42,121,312,18,493,128,10,138,631
03/20/2004,ICT,KS,ACE,CE,Towers with Radar,53,94,68,0,215,0,10,82,0,92,53,104,150,0,307,19,0,19,326
03/21/2004,ICT,KS,ACE,CE,Towers with Radar,22,94,83,3,202,0,7,120,0,127,22,101,203,3,329,60,12,72,401
03/22/2004,ICT,KS,ACE,CE,Towers with Radar,39,101,111,4,255,0,9,102,0,111,39,110,213,4,366,138,0,138,504
03/23/2004,ICT,KS,ACE,CE,Towers with Radar,42,101,116,28,287,0,10,73,1,84,42,111,189,29,371,44,30,74,445
03/24/2004,ICT,KS,ACE,CE,Towers with Radar,41,126,193,22,382,0,0,30,0,30,41,126,223,22,412,82,32,114,526
03/25/2004,ICT,KS,ACE,CE,Towers with Radar,65,101,216,16,398,0,3,32,0,35,65,104,248,16,433,24,24,48,481
03/26/2004,ICT,KS,ACE,CE,Towers with Radar,46,122,185,22,375,0,7,43,2,52,46,129,228,24,427,34,22,56,483
03/27/2004,ICT,KS,ACE,CE,Towers with Radar,32,110,65,2,209,0,2,7,0,9,32,112,72,2,218,2,0,2,220
03/28/2004,ICT,KS,ACE,CE,Towers with Radar,34,85,96,0,215,0,3,80,0,83,34,88,176,0,298,18,0,18,316
03/29/2004,ICT,KS,ACE,CE,Towers with Radar,25,118,113,33,289,0,16,97,0,113,25,134,210,33,402,107,65,172,574
03/30/2004,ICT,KS,ACE,CE,Towers with Radar,36,116,111,21,284,0,2,144,1,147,36,118,255,22,431,134,28,162,593
03/31/2004,ICT,KS,ACE,CE,Towers with Radar,56,102,133,36,327,0,17,133,1,151,56,119,266,37,478,138,54,192,670
04/01/2004,ICT,KS,ACE,CE,Towers with Radar,49,137,156,18,360,0,12,44,2,58,49,149,200,20,418,86,2,88,506
04/02/2004,ICT,KS,ACE,CE,Towers with Radar,54,111,127,10,302,0,5,124,0,129,54,116,251,10,431,126,22,148,579
04/03/2004,ICT,KS,ACE,CE,Towers with Radar,26,110,85,0,221,0,7,125,1,133,26,117,210,1,354,78,0,78,432
04/04/2004,ICT,KS,ACE,CE,Towers with Radar,39,87,63,2,191,0,10,104,0,114,39,97,167,2,305,14,0,14,319
04/05/2004,ICT,KS,ACE,CE,Towers with Radar,30,113,184,56,383,0,8,134,0,142,30,121,318,56,525,146,50,196,721
04/06/2004,ICT,KS,ACE,CE,Towers with Radar,39,117,129,16,301,0,16,115,0,131,39,133,244,16,432,80,18,98,530
04/07/2004,ICT,KS,ACE,CE,Towers with Radar,62,131,177,46,416,0,11,110,0,121,62,142,287,46,537,160,102,262,799
04/08/2004,ICT,KS,ACE,CE,Towers with Radar,34,101,153,2,290,0,2,157,0,159,34,103,310,2,449,132,0,132,581
04/09/2004,ICT,KS,ACE,CE,Towers with Radar,42,115,116,1,274,0,12,25,0,37,42,127,141,1,311,52,0,52,363
04/10/2004,ICT,KS,ACE,CE,Towers with Radar,36,94,66,0,196,0,8,15,0,23,36,102,81,0,219,20,0,20,239
04/11/2004,ICT,KS,ACE,CE,Towers with Radar,24,100,70,2,196,0,8,59,0,67,24,108,129,2,263,166,10,176,439
04/12/2004,ICT,KS,ACE,CE,Towers with Radar,31,113,141,21,306,0,7,134,0,141,31,120,275,21,447,62,70,132,579
04/13/2004,ICT,KS,ACE,CE,Towers with Radar,48,124,148,25,345,0,11,152,1,164,48,135,300,26,509,94,12,106,615
04/14/2004,ICT,KS,ACE,CE,Towers with Radar,41,130,194,19,384,0,7,149,0,156,41,137,343,19,540,46,6,52,592
04/15/2004,ICT,KS,ACE,CE,Towers with Radar,41,134,163,11,349,0,16,145,0,161,41,150,308,11,510,70,4,74,584
04/16/2004,ICT,KS,ACE,CE,Towers with Radar,39,130,134,9,312,0,4,129,0,133,39,134,263,9,445,40,0,40,485
04/17/2004,ICT,KS,ACE,CE,Towers with Radar,43,78,82,1,204,0,6,78,0,84,43,84,160,1,288,2,0,2,290
04/18/2004,ICT,KS,ACE,CE,Towers with Radar,25,87,68,11,191,0,3,15,0,18,25,90,83,11,209,94,90,184,393
04/19/2004,ICT,KS,ACE,CE,Towers with Radar,22,133,133,42,330,0,31,85,0,116,22,164,218,42,446,84,34,118,564
04/20/2004,ICT,KS,ACE,CE,Towers with Radar,47,125,141,22,335,0,13,55,0,68,47,138,196,22,403,14,0,14,417
04/21/2004,ICT,KS,ACE,CE,Towers with Radar,50,120,174,21,365,0,4,151,0,155,50,124,325,21,520,168,50,218,738
04/22/2004,ICT,KS,ACE,CE,Towers with Radar,56,107,182,28,373,0,4,7,0,11,56,111,189,28,384,40,40,80,464
04/23/2004,ICT,KS,ACE,CE,Towers with Radar,62,118,126,8,314,0,2,1,0,3,62,120,127,8,317,18,4,22,339
04/24/2004,ICT,KS,ACE,CE,Towers with Radar,37,112,83,13,245,0,5,10,0,15,37,117,93,13,260,18,10,28,288
04/25/2004,ICT,KS,ACE,CE,Towers with Radar,23,96,91,3,213,0,9,92,2,103,23,105,183,5,316,106,2,108,424
04/26/2004,ICT,KS,ACE,CE,Towers with Radar,37,124,172,18,351,0,10,133,3,146,37,134,305,21,497,65,8,73,570
04/27/2004,ICT,KS,ACE,CE,Towers with Radar,38,138,203,31,410,0,21,175,0,196,38,159,378,31,606,113,28,141,747
04/28/2004,ICT,KS,ACE,CE,Towers with Radar,33,122,123,28,306,0,23,97,1,121,33,145,220,29,427,50,52,102,529
04/29/2004,ICT,KS,ACE,CE,Towers with Radar,43,131,205,37,416,0,15,15,0,30,43,146,220,37,446,79,26,105,551
04/30/2004,ICT,KS,ACE,CE,Towers with Radar,45,129,138,6,318,0,3,4,0,7,45,132,142,6,325,16,0,16,341
05/01/2004,ICT,KS,ACE,CE,Towers with Radar,45,101,78,7,231,0,11,100,0,111,45,112,178,7,342,47,2,49,391
05/02/2004,ICT,KS,ACE,CE,Towers with Radar,23,104,78,11,216,0,11,79,0,90,23,115,157,11,306,78,18,96,402
05/03/2004,ICT,KS,ACE,CE,Towers with Radar,38,105,134,21,298,0,12,129,2,143,38,117,263,23,441,129,32,161,602
05/04/2004,ICT,KS,ACE,CE,Towers with Radar,80,102,150,24,356,0,21,139,0,160,80,123,289,24,516,114,30,144,660
05/05/2004,ICT,KS,ACE,CE,Towers with Radar,47,108,171,6,332,0,6,171,0,177,47,114,342,6,509,120,32,152,661
05/06/2004,ICT,KS,ACE,CE,Towers with Radar,48,131,151,15,345,0,5,127,0,132,48,136,278,15,477,56,8,64,541
05/07/2004,ICT,KS,ACE,CE,Towers with Radar,50,117,171,12,350,0,13,150,1,164,50,130,321,13,514,62,8,70,584
05/08/2004,ICT,KS,ACE,CE,Towers with Radar,38,96,74,3,211,0,6,122,0,128,38,102,196,3,339,48,0,48,387
05/09/2004,ICT,KS,ACE,CE,Towers with Radar,39,86,87,4,216,0,8,54,0,62,39,94,141,4,278,32,4,36,314
05/10/2004,ICT,KS,ACE,CE,Towers with Radar,26,119,150,15,310,23,17,38,0,78,49,136,188,15,388,68,26,94,482
05/11/2004,ICT,KS,ACE,CE,Towers with Radar,26,123,147,15,311,0,6,62,9,77,26,129,209,24,388,28,6,34,422
05/12/2004,ICT,KS,ACE,CE,Towers with Radar,33,140,224,34,431,0,10,63,1,74,33,150,287,35,505,74,36,110,615
05/13/2004,ICT,KS,ACE,CE,Towers with Radar,68,128,164,0,360,0,0,2,0,2,68,128,166,0,362,20,0,20,382
05/14/2004,ICT,KS,ACE,CE,Towers with Radar,64,109,204,26,403,0,17,167,0,184,64,126,371,26,587,86,8,94,681
05/15/2004,ICT,KS,ACE,CE,Towers with Radar,39,105,98,5,247,0,14,141,1,156,39,119,239,6,403,42,0,42,445
05/16/2004,ICT,KS,ACE,CE,Towers with Radar,37,89,90,3,219,0,5,65,0,70,37,94,155,3,289,22,2,24,313
05/17/2004,ICT,KS,ACE,CE,Towers with Radar,29,109,135,9,282,0,3,94,0,97,29,112,229,9,379,56,12,68,447
05/18/2004,ICT,KS,ACE,CE,Towers with Radar,55,128,204,7,394,0,9,30,0,39,55,137,234,7,433,62,2,64,497
05/19/2004,ICT,KS,ACE,CE,Towers with Radar,68,127,195,14,404,0,11,183,0,194,68,138,378,14,598,168,14,182,780
05/20/2004,ICT,KS,ACE,CE,Towers with Radar,49,123,172,8,352,0,19,150,0,169,49,142,322,8,521,169,34,203,724
05/21/2004,ICT,KS,ACE,CE,Towers with Radar,48,114,158,18,338,0,13,126,0,139,48,127,284,18,477,102,26,128,605
05/22/2004,ICT,KS,ACE,CE,Towers with Radar,47,79,103,5,234,0,5,95,0,100,47,84,198,5,334,26,6,32,366
05/23/2004,ICT,KS,ACE,CE,Towers with Radar,34,85,100,21,240,0,7,114,1,122,34,92,214,22,362,100,20,120,482
05/24/2004,ICT,KS,ACE,CE,Towers with Radar,62,119,142,18,341,0,14,87,0,101,62,133,229,18,442,62,38,100,542
05/25/2004,ICT,KS,ACE,CE,Towers with Radar,51,114,151,32,348,0,4,90,1,95,51,118,241,33,443,174,38,212,655
05/26/2004,ICT,KS,ACE,CE,Towers with Radar,44,139,171,10,364,0,5,57,0,62,44,144,228,10,426,70,10,80,506
05/27/2004,ICT,KS,ACE,CE,Towers with Radar,42,131,173,24,370,0,29,142,0,171,42,160,315,24,541,188,21,209,750
05/28/2004,ICT,KS,ACE,CE,Towers with Radar,54,112,174,7,347,0,21,142,2,165,54,133,316,9,512,84,0,84,596
05/29/2004,ICT,KS,ACE,CE,Towers with Radar,37,89,45,1,172,0,16,49,0,65,37,105,94,1,237,32,1,33,270
05/30/2004,ICT,KS,ACE,CE,Towers with Radar,24,76,58,0,158,0,6,48,0,54,24,82,106,0,212,32,0,32,244
05/31/2004,ICT,KS,ACE,CE,Towers with Radar,20,100,72,1,193,0,5,102,2,109,20,105,174,3,302,24,0,24,326
06/01/2004,ICT,KS,ACE,CE,Towers with Radar,31,102,140,28,301,0,26,129,2,157,31,128,269,30,458,56,10,66,524
06/02/2004,ICT,KS,ACE,CE,Towers with Radar,47,129,163,13,352,0,7,93,0,100,47,136,256,13,452,142,6,148,600
06/03/2004,ICT,KS,ACE,CE,Towers with Radar,37,155,174,25,391,0,13,161,0,174,37,168,335,25,565,152,52,204,769
06/04/2004,ICT,KS,ACE,CE,Towers with Radar,42,123,183,20,368,0,5,121,0,126,42,128,304,20,494,144,42,186,680
06/05/2004,ICT,KS,ACE,CE,Towers with Radar,37,102,92,20,251,0,5,59,1,65,37,107,151,21,316,62,22,84,400
06/06/2004,ICT,KS,ACE,CE,Towers with Radar,28,86,89,9,212,0,2,75,0,77,28,88,164,9,289,58,0,58,347
06/07/2004,ICT,KS,ACE,CE,Towers with Radar,49,85,173,46,353,0,6,77,0,83,49,91,250,46,436,67,168,235,671
06/08/2004,ICT,KS,ACE,CE,Towers with Radar,42,127,167,29,365,0,8,66,0,74,42,135,233,29,439,86,58,144,583
06/09/2004,ICT,KS,ACE,CE,Towers with Radar,46,134,176,4,360,0,5,14,0,19,46,139,190,4,379,24,4,28,407
06/10/2004,ICT,KS,ACE,CE,Towers with Radar,38,135,218,17,408,0,0,34,0,34,38,135,252,17,442,38,28,66,508
06/11/2004,ICT,KS,ACE,CE,Towers with Radar,41,135,167,8,351,0,13,130,0,143,41,148,297,8,494,122,26,148,642
06/12/2004,ICT,KS,ACE,CE,Towers with Radar,34,99,96,3,232,0,5,62,0,67,34,104,158,3,299,70,6,76,375
06/13/2004,ICT,KS,ACE,CE,Towers with Radar,43,85,81,6,215,0,5,59,2,66,43,90,140,8,281,66,12,78,359
06/14/2004,ICT,KS,ACE,CE,Towers with Radar,47,113,169,29,358,0,11,152,0,163,47,124,321,29,521,98,40,138,659
06/15/2004,ICT,KS,ACE,CE,Towers with Radar,78,80,147,25,330,0,9,88,1,98,78,89,235,26,428,136,36,172,600
06/16/2004,ICT,KS,ACE,CE,Towers with Radar,37,126,144,36,343,0,7,125,0,132,37,133,269,36,475,122,14,136,611
06/17/2004,ICT,KS,ACE,CE,Towers with Radar,42,97,191,11,341,0,4,86,0,90,42,101,277,11,431,101,16,117,548
06/18/2004,ICT,KS,ACE,CE,Towers with Radar,60,116,183,24,383,0,9,54,0,63,60,125,237,24,446,154,44,198,644
06/19/2004,ICT,KS,ACE,CE,Towers with Radar,25,102,96,11,234,0,8,17,0,25,25,110,113,11,259,24,4,28,287
06/20/2004,ICT,KS,ACE,CE,Towers with Radar,39,88,67,27,221,0,0,25,0,25,39,88,92,27,246,24,8,32,278
06/21/2004,ICT,KS,ACE,CE,Towers with Radar,20,118,163,20,321,0,8,120,0,128,20,126,283,20,449,144,28,172,621
06/22/2004,ICT,KS,ACE,CE,Towers with Radar,51,128,147,29,355,0,9,172,0,181,51,137,319,29,536,116,34,150,686
06/23/2004,ICT,KS,ACE,CE,Towers with Radar,56,115,188,38,397,0,14,152,0,166,56,129,340,38,563,210,50,260,823
06/24/2004,ICT,KS,ACE,CE,Towers with Radar,62,126,155,25,368,4,24,201,2,231,66,150,356,27,599,124,30,154,753
06/25/2004,ICT,KS,ACE,CE,Towers with Radar,71,127,167,12,377,0,21,111,1,133,71,148,278,13,510,68,32,100,610
06/26/2004,ICT,KS,ACE,CE,Towers with Radar,41,83,102,44,270,0,14,136,1,151,41,97,238,45,421,96,22,118,539
06/27/2004,ICT,KS,ACE,CE,Towers with Radar,20,90,66,10,186,0,6,43,0,49,20,96,109,10,235,106,6,112,347
06/28/2004,ICT,KS,ACE,CE,Towers with Radar,24,102,209,47,382,0,13,65,1,79,24,115,274,48,461,82,44,126,587
06/29/2004,ICT,KS,ACE,CE,Towers with Radar,39,137,179,67,422,0,12,160,2,174,39,149,339,69,596,222,92,314,910
06/30/2004,ICT,KS,ACE,CE,Towers with Radar,37,132,182,29,380,0,8,86,0,94,37,140,268,29,474,95,8,103,577
07/01/2004,ICT,KS,ACE,CE,Towers with Radar,46,145,175,16,382,0,4,58,0,62,46,149,233,16,444,32,4,36,480
07/02/2004,ICT,KS,ACE,CE,Towers with Radar,57,112,149,5,323,0,3,44,0,47,57,115,193,5,370,32,0,32,402
07/03/2004,ICT,KS,ACE,CE,Towers with Radar,29,100,61,11,201,0,8,114,0,122,29,108,175,11,323,72,0,72,395
07/04/2004,ICT,KS,ACE,CE,Towers with Radar,28,75,28,0,131,0,10,40,0,50,28,85,68,0,181,6,0,6,187
07/05/2004,ICT,KS,ACE,CE,Towers with Radar,50,87,69,2,208,0,7,72,0,79,50,94,141,2,287,26,0,26,313
07/06/2004,ICT,KS,ACE,CE,Towers with Radar,33,114,128,14,289,0,22,73,0,95,33,136,201,14,384,48,12,60,444
07/07/2004,ICT,KS,ACE,CE,Towers with Radar,55,124,174,25,378,0,9,129,3,141,55,133,303,28,519,78,12,90,609
07/08/2004,ICT,KS,ACE,CE,Towers with Radar,37,115,144,28,324,0,11,97,0,108,37,126,241,28,432,70,34,104,536
07/09/2004,ICT,KS,ACE,CE,Towers with Radar,45,129,201,9,384,0,3,84,0,87,45,132,285,9,471,112,0,112,583
07/10/2004,ICT,KS,ACE,CE,Towers with Radar,39,110,60,5,214,0,2,101,0,103,39,112,161,5,317,62,2,64,381
07/11/2004,ICT,KS,ACE,CE,Towers with Radar,25,82,87,16,210,0,6,82,0,88,25,88,169,16,298,74,10,84,382
07/12/2004,ICT,KS,ACE,CE,Towers with Radar,24,118,160,13,315,0,13,151,0,164,24,131,311,13,479,92,14,106,585
07/13/2004,ICT,KS,ACE,CE,Towers with Radar,42,115,133,13,303,0,12,118,1,131,42,127,251,14,434,104,20,124,558
07/14/2004,ICT,KS,ACE,CE,Towers with Radar,67,103,141,7,318,0,4,153,0,157,67,107,294,7,475,104,6,110,585
07/15/2004,ICT,KS,ACE,CE,Towers with Radar,69,112,166,15,362,0,5,155,1,161,69,117,321,16,523,45,26,71,594
07/16/2004,ICT,KS,ACE,CE,Towers with Radar,55,130,158,12,355,0,10,115,1,126,55,140,273,13,481,136,14,150,631
07/17/2004,ICT,KS,ACE,CE,Towers with Radar,43,87,81,4,215,0,19,103,1,123,43,106,184,5,338,107,0,107,445
07/18/2004,ICT,KS,ACE,CE,Towers with Radar,36,80,83,27,226,0,3,123,0,126,36,83,206,27,352,44,54,98,450
07/19/2004,ICT,KS,ACE,CE,Towers with Radar,38,118,137,14,307,0,15,140,1,156,38,133,277,15,463,72,0,72,535
07/20/2004,ICT,KS,ACE,CE,Towers with Radar,54,106,136,13,309,0,18,153,0,171,54,124,289,13,480,96,2,98,578
07/21/2004,ICT,KS,ACE,CE,Towers with Radar,42,108,170,5,325,0,15,169,0,184,42,123,339,5,509,34,2,36,545
07/22/2004,ICT,KS,ACE,CE,Towers with Radar,57,107,167,13,344,0,14,129,4,147,57,121,296,17,491,46,4,50,541
07/23/2004,ICT,KS,ACE,CE,Towers with Radar,48,123,117,6,294,0,1,20,0,21,48,124,137,6,315,38,4,42,357
07/24/2004,ICT,KS,ACE,CE,Towers with Radar,49,96,115,2,262,0,0,0,0,0,49,96,115,2,262,30,0,30,292
07/25/2004,ICT,KS,ACE,CE,Towers with Radar,37,96,99,6,238,0,6,91,0,97,37,102,190,6,335,20,0,20,355
07/26/2004,ICT,KS,ACE,CE,Towers with Radar,29,106,137,4,276,0,21,155,0,176,29,127,292,4,452,161,6,167,619
07/27/2004,ICT,KS,ACE,CE,Towers with Radar,40,128,125,3,296,0,21,147,0,168,40,149,272,3,464,86,0,86,550
07/28/2004,ICT,KS,ACE,CE,Towers with Radar,51,113,207,7,378,0,8,54,0,62,51,121,261,7,440,8,2,10,450
07/29/2004,ICT,KS,ACE,CE,Towers with Radar,43,139,186,0,368,0,1,12,0,13,43,140,198,0,381,6,0,6,387
07/30/2004,ICT,KS,ACE,CE,Towers with Radar,50,132,151,13,346,0,13,71,1,85,50,145,222,14,431,82,14,96,527
07/31/2004,ICT,KS,ACE,CE,Towers with Radar,39,97,84,27,247,0,16,149,5,170,39,113,233,32,417,22,16,38,455
08/01/2004,ICT,KS,ACE,CE,Towers with Radar,42,81,107,8,238,0,0,96,3,99,42,81,203,11,337,26,12,38,375
08/02/2004,ICT,KS,ACE,CE,Towers with Radar,34,117,138,11,300,0,2,141,0,143,34,119,279,11,443,34,14,48,491
08/03/2004,ICT,KS,ACE,CE,Towers with Radar,49,106,141,4,300,0,18,122,0,140,49,124,263,4,440,65,0,65,505
08/04/2004,ICT,KS,ACE,CE,Towers with Radar,61,109,185,6,361,0,8,105,0,113,61,117,290,6,474,52,6,58,532
08/05/2004,ICT,KS,ACE,CE,Towers with Radar,66,97,199,5,367,0,5,96,0,101,66,102,295,5,468,24,0,24,492
08/06/2004,ICT,KS,ACE,CE,Towers with Radar,77,99,159,13,348,0,9,128,0,137,77,108,287,13,485,65,4,69,554
08/07/2004,ICT,KS,ACE,CE,Towers with Radar,43,88,65,0,196,0,4,101,0,105,43,92,166,0,301,26,0,26,327
08/08/2004,ICT,KS,ACE,CE,Towers with Radar,46,84,79,15,224,0,3,86,0,89,46,87,165,15,313,46,18,64,377
08/09/2004,ICT,KS,ACE,CE,Towers with Radar,31,101,161,0,293,0,6,98,0,104,31,107,259,0,397,28,0,28,425
08/10/2004,ICT,KS,ACE,CE,Towers with Radar,63,113,116,0,292,0,8,96,0,104,63,121,212,0,396,76,0,76,472
08/11/2004,ICT,KS,ACE,CE,Towers with Radar,44,120,154,0,318,0,17,123,1,141,44,137,277,1,459,34,0,34,493
08/12/2004,ICT,KS,ACE,CE,Towers with Radar,48,113,150,2,313,0,13,116,0,129,48,126,266,2,442,56,2,58,500
08/13/2004,ICT,KS,ACE,CE,Towers with Radar,76,134,181,8,399,0,23,144,0,167,76,157,325,8,566,64,0,64,630
08/14/2004,ICT,KS,ACE,CE,Towers with Radar,47,67,81,0,195,0,4,117,0,121,47,71,198,0,316,30,0,30,346
08/15/2004,ICT,KS,ACE,CE,Towers with Radar,40,85,85,4,214,0,5,95,0,100,40,90,180,4,314,46,6,52,366
08/16/2004,ICT,KS,ACE,CE,Towers with Radar,56,93,134,9,292,0,5,50,0,55,56,98,184,9,347,30,2,32,379
08/17/2004,ICT,KS,ACE,CE,Towers with Radar,46,113,150,4,313,0,6,123,0,129,46,119,273,4,442,84,2,86,528
08/18/2004,ICT,KS,ACE,CE,Towers with Radar,61,108,161,4,334,0,13,120,0,133,61,121,281,4,467,10,2,12,479
08/19/2004,ICT,KS,ACE,CE,Towers with Radar,50,117,155,0,322,0,0,11,0,11,50,117,166,0,333,14,0,14,347
08/20/2004,ICT,KS,ACE,CE,Towers with Radar,53,109,175,19,356,0,3,129,1,133,53,112,304,20,489,72,48,120,609
08/21/2004,ICT,KS,ACE,CE,Towers with Radar,29,85,75,11,200,0,3,114,0,117,29,88,189,11,317,46,12,58,375
08/22/2004,ICT,KS,ACE,CE,Towers with Radar,29,66,101,5,201,0,0,93,0,93,29,66,194,5,294,45,0,45,339
08/23/2004,ICT,KS,ACE,CE,Towers with Radar,33,105,116,9,263,0,4,60,0,64,33,109,176,9,327,26,12,38,365
08/24/2004,ICT,KS,ACE,CE,Towers with Radar,63,133,157,3,356,0,11,77,0,88,63,144,234,3,444,52,0,52,496
08/25/2004,ICT,KS,ACE,CE,Towers with Radar,57,107,152,11,327,0,9,106,0,115,57,116,258,11,442,30,2,32,474
08/26/2004,ICT,KS,ACE,CE,Towers with Radar,57,127,139,15,338,0,16,107,0,123,57,143,246,15,461,70,16,86,547
08/27/2004,ICT,KS,ACE,CE,Towers with Radar,53,95,150,11,309,0,9,136,0,145,53,104,286,11,454,62,2,64,518
08/28/2004,ICT,KS,ACE,CE,Towers with Radar,64,78,72,3,217,0,15,73,0,88,64,93,145,3,305,22,2,24,329
08/29/2004,ICT,KS,ACE,CE,Towers with Radar,23,79,76,7,185,0,7,80,0,87,23,86,156,7,272,28,4,32,304
08/30/2004,ICT,KS,ACE,CE,Towers with Radar,40,94,122,1,257,0,6,93,0,99,40,100,215,1,356,26,2,28,384
08/31/2004,ICT,KS,ACE,CE,Towers with Radar,43,98,108,15,264,0,6,116,0,122,43,104,224,15,386,32,2,34,420
09/01/2004,ICT,KS,ACE,CE,Towers with Radar,46,123,144,3,316,0,18,143,0,161,46,141,287,3,477,70,0,70,547
09/02/2004,ICT,KS,ACE,CE,Towers with Radar,72,90,157,4,323,0,12,128,0,140,72,102,285,4,463,60,4,64,527
09/03/2004,ICT,KS,ACE,CE,Towers with Radar,62,143,153,9,367,0,9,127,5,141,62,152,280,14,508,68,0,68,576
09/04/2004,ICT,KS,ACE,CE,Towers with Radar,39,84,43,7,173,0,5,73,0,78,39,89,116,7,251,18,0,18,269
09/05/2004,ICT,KS,ACE,CE,Towers with Radar,27,84,21,0,132,0,4,29,0,33,27,88,50,0,165,0,0,0,165
09/06/2004,ICT,KS,ACE,CE,Towers with Radar,29,98,61,2,190,0,5,65,0,70,29,103,126,2,260,10,0,10,270
09/07/2004,ICT,KS,ACE,CE,Towers with Radar,40,95,133,10,278,0,6,110,3,119,40,101,243,13,397,34,4,38,435
09/08/2004,ICT,KS,ACE,CE,Towers with Radar,39,124,150,6,319,0,8,153,0,161,39,132,303,6,480,38,6,44,524
09/09/2004,ICT,KS,ACE,CE,Towers with Radar,58,144,173,6,381,0,5,147,1,153,58,149,320,7,534,38,2,40,574
09/10/2004,ICT,KS,ACE,CE,Towers with Radar,55,112,145,7,319,0,12,134,0,146,55,124,279,7,465,61,0,61,526
09/11/2004,ICT,KS,ACE,CE,Towers with Radar,49,71,60,1,181,0,16,123,0,139,49,87,183,1,320,27,0,27,347
09/12/2004,ICT,KS,ACE,CE,Towers with Radar,40,89,80,0,209,0,5,90,0,95,40,94,170,0,304,16,0,16,320
09/13/2004,ICT,KS,ACE,CE,Towers with Radar,46,92,174,5,317,0,13,105,0,118,46,105,279,5,435,36,0,36,471
09/14/2004,ICT,KS,ACE,CE,Towers with Radar,52,108,151,1,312,0,10,120,0,130,52,118,271,1,442,98,0,98,540
09/15/2004,ICT,KS,ACE,CE,Towers with Radar,64,106,244,7,421,0,9,81,0,90,64,115,325,7,511,0,0,0,511
09/16/2004,ICT,KS,ACE,CE,Towers with Radar,37,133,207,12,389,0,12,157,0,169,37,145,364,12,558,46,2,48,606
09/17/2004,ICT,KS,ACE,CE,Towers with Radar,85,110,138,9,342,0,9,114,0,123,85,119,252,9,465,42,4,46,511
09/18/2004,ICT,KS,ACE,CE,Towers with Radar,62,91,91,7,251,0,8,127,0,135,62,99,218,7,386,20,0,20,406
09/19/2004,ICT,KS,ACE,CE,Towers with Radar,23,95,123,4,245,0,4,77,0,81,23,99,200,4,326,10,0,10,336
09/20/2004,ICT,KS,ACE,CE,Towers with Radar,38,90,121,0,249,0,13,83,0,96,38,103,204,0,345,42,0,42,387
09/21/2004,ICT,KS,ACE,CE,Towers with Radar,56,112,157,10,335,0,4,91,0,95,56,116,248,10,430,86,40,126,556
09/22/2004,ICT,KS,ACE,CE,Towers with Radar,48,123,171,13,355,0,12,133,0,145,48,135,304,13,500,60,10,70,570
09/23/2004,ICT,KS,ACE,CE,Towers with Radar,58,105,175,12,350,0,11,104,0,115,58,116,279,12,465,48,4,52,517
09/24/2004,ICT,KS,ACE,CE,Towers with Radar,55,118,162,10,345,0,20,136,2,158,55,138,298,12,503,114,14,128,631
09/25/2004,ICT,KS,ACE,CE,Towers with Radar,47,89,58,10,204,0,3,106,0,109,47,92,164,10,313,30,10,40,353
09/26/2004,ICT,KS,ACE,CE,Towers with Radar,34,75,80,0,189,0,3,104,0,107,34,78,184,0,296,36,0,36,332
09/27/2004,ICT,KS,ACE,CE,Towers with Radar,47,86,117,23,273,0,10,137,0,147,47,96,254,23,420,80,16,96,516
09/28/2004,ICT,KS,ACE,CE,Towers with Radar,56,111,173,1,341,0,5,98,0,103,56,116,271,1,444,96,2,98,542
09/29/2004,ICT,KS,ACE,CE,Towers with Radar,64,123,169,9,365,0,5,137,0,142,64,128,306,9,507,36,4,40,547
09/30/2004,ICT,KS,ACE,CE,Towers with Radar,76,107,178,4,365,0,15,153,0,168,76,122,331,4,533,86,8,94,627
10/01/2004,ICT,KS,ACE,CE,Combined TRACON& Tower with Radar,76,106,218,20,420,0,9,48,2,59,76,115,266,22,479,58,48,106,585
10/02/2004,ICT,KS,ACE,CE,Combined TRACON& Tower with Radar,47,81,78,2,208,0,19,138,5,162,47,100,216,7,370,44,0,44,414
10/03/2004,ICT,KS,ACE,CE,Combined TRACON& Tower with Radar,26,82,86,0,194,0,3,120,0,123,26,85,206,0,317,53,4,57,374
10/04/2004,ICT,KS,ACE,CE,Combined TRACON& Tower with Radar,27,112,116,12,267,0,7,88,0,95,27,119,204,12,362,48,24,72,434
10/05/2004,ICT,KS,ACE,CE,Combined TRACON& Tower with Radar,41,129,130,15,315,88,15,113,0,216,129,144,243,15,531,41,12,53,584
10/06/2004,ICT,KS,ACE,CE,Combined TRACON& Tower with Radar,40,131,165,0,336,0,4,61,0,65,40,135,226,0,401,94,2,96,497
10/07/2004,ICT,KS,ACE,CE,Combined TRACON& Tower with Radar,57,134,146,2,339,0,0,18,0,18,57,134,164,2,357,26,0,26,383
10/08/2004,ICT,KS,ACE,CE,Combined TRACON& Tower with Radar,57,110,160,4,331,0,9,95,1,105,57,119,255,5,436,49,4,53,489
10/09/2004,ICT,KS,ACE,CE,Combined TRACON& Tower with Radar,54,100,118,9,281,0,11,124,0,135,54,111,242,9,416,76,8,84,500
10/10/2004,ICT,KS,ACE,CE,Combined TRACON& Tower with Radar,30,83,109,0,222,0,0,17,0,17,30,83,126,0,239,6,0,6,245
10/11/2004,ICT,KS,ACE,CE,Combined TRACON& Tower with Radar,29,102,135,0,266,0,2,19,0,21,29,104,154,0,287,50,0,50,337
10/12/2004,ICT,KS,ACE,CE,Combined TRACON& Tower with Radar,41,113,142,28,324,0,17,88,0,105,41,130,230,28,429,76,114,190,619
10/13/2004,ICT,KS,ACE,CE,Combined TRACON& Tower with Radar,47,130,146,2,325,0,24,95,0,119,47,154,241,2,444,148,0,148,592
10/14/2004,ICT,KS,ACE,CE,Combined TRACON& Tower with Radar,48,139,155,12,354,0,12,129,0,141,48,151,284,12,495,46,4,50,545
10/15/2004,ICT,KS,ACE,CE,Combined TRACON& Tower with Radar,52,110,153,21,336,0,7,94,0,101,52,117,247,21,437,38,12,50,487
10/16/2004,ICT,KS,ACE,CE,Combined TRACON& Tower with Radar,43,83,82,19,227,0,15,121,0,136,43,98,203,19,363,70,0,70,433
10/17/2004,ICT,KS,ACE,CE,Combined TRACON& Tower with Radar,36,71,103,4,214,0,4,100,1,105,36,75,203,5,319,104,0,104,423
10/18/2004,ICT,KS,ACE,CE,Combined TRACON& Tower with Radar,21,107,202,10,340,0,2,61,0,63,21,109,263,10,403,46,12,58,461
10/19/2004,ICT,KS,ACE,CE,Combined TRACON& Tower with Radar,43,135,168,7,353,0,5,73,0,78,43,140,241,7,431,58,16,74,505
10/20/2004,ICT,KS,ACE,CE,Combined TRACON& Tower with Radar,64,102,252,4,422,0,2,12,0,14,64,104,264,4,436,34,0,34,470
10/21/2004,ICT,KS,ACE,CE,Combined TRACON& Tower with Radar,42,128,142,11,323,0,2,64,0,66,42,130,206,11,389,64,0,64,453
10/22/2004,ICT,KS,ACE,CE,Combined TRACON& Tower with Radar,58,115,157,22,352,0,9,75,0,84,58,124,232,22,436,42,12,54,490
10/23/2004,ICT,KS,ACE,CE,Combined TRACON& Tower with Radar,36,80,92,1,209,0,7,156,0,163,36,87,248,1,372,39,0,39,411
10/24/2004,ICT,KS,ACE,CE,Combined TRACON& Tower with Radar,35,93,131,9,268,0,13,86,932,1031,35,106,217,941,1299,41,2,43,1342
10/25/2004,ICT,KS,ACE,CE,Combined TRACON& Tower with Radar,37,94,156,40,327,0,5,100,0,105,37,99,256,40,432,56,102,158,590
10/26/2004,ICT,KS,ACE,CE,Combined TRACON& Tower with Radar,48,133,186,10,377,0,0,3,0,3,48,133,189,10,380,28,0,28,408
10/27/2004,ICT,KS,ACE,CE,Combined TRACON& Tower with Radar,43,117,222,4,386,0,0,15,0,15,43,117,237,4,401,16,0,16,417
10/28/2004,ICT,KS,ACE,CE,Combined TRACON& Tower with Radar,64,116,211,9,400,0,3,26,0,29,64,119,237,9,429,22,0,22,451
10/29/2004,ICT,KS,ACE,CE,Combined TRACON& Tower with Radar,52,150,227,9,438,0,18,99,0,117,52,168,326,9,555,56,0,56,611
10/30/2004,ICT,KS,ACE,CE,Combined TRACON& Tower with Radar,38,86,77,0,201,0,11,173,0,184,38,97,250,0,385,93,0,93,478
10/31/2004,ICT,KS,ACE,CE,Combined TRACON& Tower with Radar,38,76,105,5,224,0,0,71,0,71,38,76,176,5,295,49,4,53,348
11/01/2004,ICT,KS,ACE,CE,Combined TRACON& Tower with Radar,36,107,175,21,339,0,5,17,0,22,36,112,192,21,361,26,0,26,387
11/02/2004,ICT,KS,ACE,CE,Combined TRACON& Tower with Radar,49,129,197,44,419,0,1,25,0,26,49,130,222,44,445,66,44,110,555
11/03/2004,ICT,KS,ACE,CE,Combined TRACON& Tower with Radar,45,116,151,5,317,0,3,27,0,30,45,119,178,5,347,30,0,30,377
11/04/2004,ICT,KS,ACE,CE,Combined TRACON& Tower with Radar,49,125,200,16,390,0,10,179,10,199,49,135,379,26,589,98,38,136,725
11/05/2004,ICT,KS,ACE,CE,Combined TRACON& Tower with Radar,53,107,144,10,314,0,12,184,3,199,53,119,328,13,513,290,34,324,837
11/06/2004,ICT,KS,ACE,CE,Combined TRACON& Tower with Radar,34,111,85,2,232,0,12,134,5,151,34,123,219,7,383,58,0,58,441
11/07/2004,ICT,KS,ACE,CE,Combined TRACON& Tower with Radar,25,78,80,0,183,0,3,136,0,139,25,81,216,0,322,76,0,76,398
11/08/2004,ICT,KS,ACE,CE,Combined TRACON& Tower with Radar,34,89,161,25,309,0,11,106,2,119,34,100,267,27,428,198,60,258,686
11/09/2004,ICT,KS,ACE,CE,Combined TRACON& Tower with Radar,49,129,30,35,243,0,20,0,2,22,49,149,30,37,265,94,18,112,377
11/10/2004,ICT,KS,ACE,CE,Combined TRACON& Tower with Radar,55,99,201,3,358,0,0,6,0,6,55,99,207,3,364,14,0,14,378
11/11/2004,ICT,KS,ACE,CE,Combined TRACON& Tower with Radar,68,106,168,0,342,0,6,46,0,52,68,112,214,0,394,34,0,34,428
11/12/2004,ICT,KS,ACE,CE,Combined TRACON& Tower with Radar,84,100,153,0,337,0,7,116,0,123,84,107,269,0,460,112,0,112,572
11/13/2004,ICT,KS,ACE,CE,Combined TRACON& Tower with Radar,40,91,99,0,230,0,17,103,0,120,40,108,202,0,350,54,0,54,404
11/14/2004,ICT,KS,ACE,CE,Combined TRACON& Tower with Radar,38,99,106,7,250,0,8,84,0,92,38,107,190,7,342,61,2,63,405
11/15/2004,ICT,KS,ACE,CE,Combined TRACON& Tower with Radar,32,94,169,2,297,0,4,3,0,7,32,98,172,2,304,12,0,12,316
11/16/2004,ICT,KS,ACE,CE,Combined TRACON& Tower with Radar,41,127,138,0,306,0,0,0,0,0,41,127,138,0,306,10,0,10,316
11/17/2004,ICT,KS,ACE,CE,Combined TRACON& Tower with Radar,62,114,221,3,400,558,0,17,0,575,620,114,238,3,975,3,0,3,978
11/18/2004,ICT,KS,ACE,CE,Combined TRACON& Tower with Radar,59,145,227,21,452,0,6,26,0,32,59,151,253,21,484,66,44,110,594
11/19/2004,ICT,KS,ACE,CE,Combined TRACON& Tower with Radar,69,116,214,19,418,0,6,46,1,53,69,122,260,20,471,12,72,84,555
11/20/2004,ICT,KS,ACE,CE,Combined TRACON& Tower with Radar,46,93,153,12,304,0,0,69,4,73,46,93,222,16,377,70,6,76,453
11/21/2004,ICT,KS,ACE,CE,Combined TRACON& Tower with Radar,48,96,106,7,257,0,2,29,3,34,48,98,135,10,291,14,0,14,305
11/22/2004,ICT,KS,ACE,CE,Combined TRACON& Tower with Radar,43,113,200,11,367,0,0,2,0,2,43,113,202,11,369,28,10,38,407
11/23/2004,ICT,KS,ACE,CE,Combined TRACON& Tower with Radar,46,135,199,1,381,0,0,4,0,4,46,135,203,1,385,45,0,45,430
11/24/2004,ICT,KS,ACE,CE,Combined TRACON& Tower with Radar,45,119,149,32,345,0,9,108,4,121,45,128,257,36,466,148,66,214,680
11/25/2004,ICT,KS,ACE,CE,Combined TRACON& Tower with Radar,23,86,32,0,141,0,3,34,0,37,23,89,66,0,178,20,0,20,198
11/26/2004,ICT,KS,ACE,CE,Combined TRACON& Tower with Radar,52,87,76,0,215,0,11,31,0,42,52,98,107,0,257,42,0,42,299
11/27/2004,ICT,KS,ACE,CE,Combined TRACON& Tower with Radar,55,77,51,0,183,0,8,60,1,69,55,85,111,1,252,2,0,2,254
11/28/2004,ICT,KS,ACE,CE,Combined TRACON& Tower with Radar,42,67,82,0,191,0,5,55,0,60,42,72,137,0,251,24,0,24,275
11/29/2004,ICT,KS,ACE,CE,Combined TRACON& Tower with Radar,27,98,118,14,257,0,0,0,0,0,27,98,118,14,257,2,10,12,269
11/30/2004,ICT,KS,ACE,CE,Combined TRACON& Tower with Radar,38,117,174,20,349,0,11,61,0,72,38,128,235,20,421,78,40,118,539
12/01/2004,ICT,KS,ACE,CE,Combined TRACON& Tower with Radar,61,87,142,23,313,0,11,152,0,163,61,98,294,23,476,170,48,218,694
12/02/2004,ICT,KS,ACE,CE,Combined TRACON& Tower with Radar,50,104,169,13,336,0,8,170,0,178,50,112,339,13,514,122,14,136,650
12/03/2004,ICT,KS,ACE,CE,Combined TRACON& Tower with Radar,61,121,150,38,370,0,21,136,5,162,61,142,286,43,532,58,26,84,616
12/04/2004,ICT,KS,ACE,CE,Combined TRACON& Tower with Radar,62,86,99,13,260,0,15,159,1,175,62,101,258,14,435,64,14,78,513
12/05/2004,ICT,KS,ACE,CE,Combined TRACON& Tower with Radar,26,92,102,3,223,0,1,2,0,3,26,93,104,3,226,6,0,6,232
12/06/2004,ICT,KS,ACE,CE,Combined TRACON& Tower with Radar,30,96,139,26,291,0,3,43,0,46,30,99,182,26,337,27,64,91,428
12/07/2004,ICT,KS,ACE,CE,Combined TRACON& Tower with Radar,46,104,190,41,381,0,9,141,0,150,46,113,331,41,531,101,70,171,702
12/08/2004,ICT,KS,ACE,CE,Combined TRACON& Tower with Radar,77,93,200,18,388,0,14,122,2,138,77,107,322,20,526,92,32,124,650
12/09/2004,ICT,KS,ACE,CE,Combined TRACON& Tower with Radar,55,117,248,34,454,0,3,163,2,168,55,120,411,36,622,140,54,194,816
12/10/2004,ICT,KS,ACE,CE,Combined TRACON& Tower with Radar,76,112,193,27,408,0,21,86,0,107,76,133,279,27,515,12,36,48,563
12/11/2004,ICT,KS,ACE,CE,Combined TRACON& Tower with Radar,43,94,96,6,239,0,11,148,0,159,43,105,244,6,398,58,0,58,456
12/12/2004,ICT,KS,ACE,CE,Combined TRACON& Tower with Radar,33,86,99,11,229,0,9,71,0,80,33,95,170,11,309,28,10,38,347
12/13/2004,ICT,KS,ACE,CE,Combined TRACON& Tower with Radar,18,98,201,31,348,0,17,108,0,125,18,115,309,31,473,64,14,78,551
12/14/2004,ICT,KS,ACE,CE,Combined TRACON& Tower with Radar,64,100,189,11,364,0,16,136,0,152,64,116,325,11,516,80,12,92,608
12/15/2004,ICT,KS,ACE,CE,Combined TRACON& Tower with Radar,63,109,172,15,359,0,11,99,0,110,63,120,271,15,469,62,16,78,547
12/16/2004,ICT,KS,ACE,CE,Combined TRACON& Tower with Radar,66,84,176,30,356,0,9,135,0,144,66,93,311,30,500,47,58,105,605
12/17/2004,ICT,KS,ACE,CE,Combined TRACON& Tower with Radar,75,102,140,19,336,0,7,147,2,156,75,109,287,21,492,100,6,106,598
12/18/2004,ICT,KS,ACE,CE,Combined TRACON& Tower with Radar,56,88,76,9,229,0,1,135,0,136,56,89,211,9,365,46,8,54,419
12/19/2004,ICT,KS,ACE,CE,Combined TRACON& Tower with Radar,29,81,88,1,199,0,8,90,0,98,29,89,178,1,297,149,0,149,446
12/20/2004,ICT,KS,ACE,CE,Combined TRACON& Tower with Radar,41,85,134,23,283,0,9,102,0,111,41,94,236,23,394,92,26,118,512
12/21/2004,ICT,KS,ACE,CE,Combined TRACON& Tower with Radar,56,106,135,13,310,0,12,109,0,121,56,118,244,13,431,38,18,56,487
12/22/2004,ICT,KS,ACE,CE,Combined TRACON& Tower with Radar,63,94,159,130,446,0,886,55,0,941,63,980,214,130,1387,43,150,193,1580
12/23/2004,ICT,KS,ACE,CE,Combined TRACON& Tower with Radar,50,100,131,3,284,0,7,101,0,108,50,107,232,3,392,42,0,42,434
12/24/2004,ICT,KS,ACE,CE,Combined TRACON& Tower with Radar,53,92,45,0,190,0,6,23,0,29,53,98,68,0,219,4,0,4,223
12/25/2004,ICT,KS,ACE,CE,Combined TRACON& Tower with Radar,28,78,11,0,117,0,15,27,0,42,28,93,38,0,159,6,0,6,165
12/26/2004,ICT,KS,ACE,CE,Combined TRACON& Tower with Radar,28,76,68,0,172,0,4,71,0,75,28,80,139,0,247,41,0,41,288
12/27/2004,ICT,KS,ACE,CE,Combined TRACON& Tower with Radar,46,72,91,0,209,0,9,74,0,83,46,81,165,0,292,56,0,56,348
12/28/2004,ICT,KS,ACE,CE,Combined TRACON& Tower with Radar,46,100,105,0,251,0,4,83,0,87,46,104,188,0,338,99,0,99,437
12/29/2004,ICT,KS,ACE,CE,Combined TRACON& Tower with Radar,53,99,101,2,255,0,12,44,0,56,53,111,145,2,311,30,2,32,343
12/30/2004,ICT,KS,ACE,CE,Combined TRACON& Tower with Radar,53,99,110,0,262,0,12,74,0,86,53,111,184,0,348,42,0,42,390
12/31/2004,ICT,KS,ACE,CE,Combined TRACON& Tower with Radar,55,75,68,0,198,0,9,99,0,108,55,84,167,0,306,61,0,61,367
01/01/2005,ICT,KS,ACE,CE,Combined TRACON& Tower with Radar,26,69,30,0,125,0,10,11,0,21,26,79,41,0,146,10,0,10,156
01/02/2005,ICT,KS,ACE,CE,Combined TRACON& Tower with Radar,33,80,67,0,180,0,2,4,0,6,33,82,71,0,186,0,0,0,186
01/03/2005,ICT,KS,ACE,CE,Combined TRACON& Tower with Radar,32,92,86,1,211,0,0,0,0,0,32,92,86,1,211,0,0,0,211
01/04/2005,ICT,KS,ACE,CE,Combined TRACON& Tower with Radar,46,61,40,1,148,0,0,0,0,0,46,61,40,1,148,0,0,0,148
01/05/2005,ICT,KS,ACE,CE,Combined TRACON& Tower with Radar,41,71,44,0,156,0,0,0,0,0,41,71,44,0,156,0,0,0,156
01/06/2005,ICT,KS,ACE,CE,Combined TRACON& Tower with Radar,64,89,135,0,288,0,2,18,0,20,64,91,153,0,308,0,0,0,308
01/07/2005,ICT,KS,ACE,CE,Combined TRACON& Tower with Radar,55,94,150,5,304,0,7,11,0,18,55,101,161,5,322,16,0,16,338
01/08/2005,ICT,KS,ACE,CE,Combined TRACON& Tower with Radar,50,83,76,0,209,0,6,21,0,27,50,89,97,0,236,2,0,2,238
01/09/2005,ICT,KS,ACE,CE,Combined TRACON& Tower with Radar,25,85,99,9,218,0,1,54,0,55,25,86,153,9,273,86,2,88,361
01/10/2005,ICT,KS,ACE,CE,Combined TRACON& Tower with Radar,30,85,88,0,203,0,2,2,0,4,30,87,90,0,207,0,0,0,207
01/11/2005,ICT,KS,ACE,CE,Combined TRACON& Tower with Radar,36,99,107,0,242,0,0,0,0,0,36,99,107,0,242,0,0,0,242
01/12/2005,ICT,KS,ACE,CE,Combined TRACON& Tower with Radar,56,78,77,0,211,0,0,3,0,3,56,78,80,0,214,0,0,0,214
01/13/2005,ICT,KS,ACE,CE,Combined TRACON& Tower with Radar,58,102,158,12,330,0,11,160,1,172,58,113,318,13,502,58,16,74,576
01/14/2005,ICT,KS,ACE,CE,Combined TRACON& Tower with Radar,62,104,141,16,323,0,24,94,0,118,62,128,235,16,441,86,6,92,533
01/15/2005,ICT,KS,ACE,CE,Combined TRACON& Tower with Radar,42,111,75,8,236,0,4,13,0,17,42,115,88,8,253,22,6,28,281
01/16/2005,ICT,KS,ACE,CE,Combined TRACON& Tower with Radar,27,58,67,5,157,0,3,61,0,64,27,61,128,5,221,21,0,21,242
01/17/2005,ICT,KS,ACE,CE,Combined TRACON& Tower with Radar,28,89,112,23,252,0,6,73,0,79,28,95,185,23,331,61,14,75,406
01/18/2005,ICT,KS,ACE,CE,Combined TRACON& Tower with Radar,51,89,149,20,309,0,9,76,1,86,51,98,225,21,395,30,8,38,433
01/19/2005,ICT,KS,ACE,CE,Combined TRACON& Tower with Radar,56,99,140,21,316,0,9,114,0,123,56,108,254,21,439,66,24,90,529
01/20/2005,ICT,KS,ACE,CE,Combined TRACON& Tower with Radar,50,95,136,26,307,0,15,134,0,149,50,110,270,26,456,65,54,119,575
01/21/2005,ICT,KS,ACE,CE,Combined TRACON& Tower with Radar,65,80,164,26,335,0,15,117,0,132,65,95,281,26,467,116,34,150,617
01/22/2005,ICT,KS,ACE,CE,Combined TRACON& Tower with Radar,31,88,109,0,228,0,16,56,0,72,31,104,165,0,300,84,2,86,386
01/23/2005,ICT,KS,ACE,CE,Combined TRACON& Tower with Radar,34,73,76,1,184,0,5,81,0,86,34,78,157,1,270,65,0,65,335
01/24/2005,ICT,KS,ACE,CE,Combined TRACON& Tower with Radar,43,89,139,51,322,0,7,94,2,103,43,96,233,53,425,70,68,138,563
01/25/2005,ICT,KS,ACE,CE,Combined TRACON& Tower with Radar,46,107,160,42,355,0,14,143,2,159,46,121,303,44,514,100,44,144,658
01/26/2005,ICT,KS,ACE,CE,Combined TRACON& Tower with Radar,52,105,173,32,362,0,4,65,2,71,52,109,238,34,433,190,30,220,653
01/27/2005,ICT,KS,ACE,CE,Combined TRACON& Tower with Radar,61,117,216,16,410,0,4,37,0,41,61,121,253,16,451,140,8,148,599
01/28/2005,ICT,KS,ACE,CE,Combined TRACON& Tower with Radar,54,98,115,0,267,0,5,1,0,6,54,103,116,0,273,0,0,0,273
01/29/2005,ICT,KS,ACE,CE,Combined TRACON& Tower with Radar,33,104,99,0,236,0,0,0,0,0,33,104,99,0,236,10,0,10,246
01/30/2005,ICT,KS,ACE,CE,Combined TRACON& Tower with Radar,26,59,72,1,158,0,0,0,0,0,26,59,72,1,158,0,0,0,158
01/31/2005,ICT,KS,ACE,CE,Combined TRACON& Tower with Radar,28,119,129,2,278,0,0,0,0,0,28,119,129,2,278,4,0,4,282
02/01/2005,ICT,KS,ACE,CE,Combined TRACON& Tower with Radar,48,135,158,17,358,0,5,18,0,23,48,140,176,17,381,54,20,74,455
02/02/2005,ICT,KS,ACE,CE,Combined TRACON& Tower with Radar,64,88,178,23,353,0,7,98,0,105,64,95,276,23,458,118,12,130,588
02/03/2005,ICT,KS,ACE,CE,Combined TRACON& Tower with Radar,68,109,208,12,397,0,5,163,0,168,68,114,371,12,565,100,12,112,677
02/04/2005,ICT,KS,ACE,CE,Combined TRACON& Tower with Radar,85,84,152,21,342,0,9,158,0,167,85,93,310,21,509,95,42,137,646
02/05/2005,ICT,KS,ACE,CE,Combined TRACON& Tower with Radar,46,83,81,1,211,0,7,111,2,120,46,90,192,3,331,16,0,16,347
02/06/2005,ICT,KS,ACE,CE,Combined TRACON& Tower with Radar,32,86,86,7,211,0,0,2,0,2,32,86,88,7,213,0,0,0,213
02/07/2005,ICT,KS,ACE,CE,Combined TRACON& Tower with Radar,16,128,106,1,251,0,0,1,0,1,16,128,107,1,252,11,0,11,263
02/08/2005,ICT,KS,ACE,CE,Combined TRACON& Tower with Radar,48,133,65,1,247,0,0,0,0,0,48,133,65,1,247,0,0,0,247
02/09/2005,ICT,KS,ACE,CE,Combined TRACON& Tower with Radar,64,123,200,12,399,0,2,159,1,162,64,125,359,13,561,123,16,139,700
02/10/2005,ICT,KS,ACE,CE,Combined TRACON& Tower with Radar,73,110,201,24,408,0,10,204,3,217,73,120,405,27,625,90,32,122,747
02/11/2005,ICT,KS,ACE,CE,Combined TRACON& Tower with Radar,79,86,143,6,314,0,8,167,0,175,79,94,310,6,489,78,0,78,567
02/12/2005,ICT,KS,ACE,CE,Combined TRACON& Tower with Radar,52,95,122,2,271,0,7,61,0,68,52,102,183,2,339,66,0,66,405
02/13/2005,ICT,KS,ACE,CE,Combined TRACON& Tower with Radar,36,94,84,2,216,0,0,51,0,51,36,94,135,2,267,38,0,38,305
02/14/2005,ICT,KS,ACE,CE,Combined TRACON& Tower with Radar,26,107,140,17,290,0,3,113,0,116,26,110,253,17,406,78,24,102,508
02/15/2005,ICT,KS,ACE,CE,Combined TRACON& Tower with Radar,35,111,149,21,316,0,6,84,0,90,35,117,233,21,406,98,30,128,534
02/16/2005,ICT,KS,ACE,CE,Combined TRACON& Tower with Radar,64,122,152,20,358,0,16,70,2,88,64,138,222,22,446,560,12,572,1018
02/17/2005,ICT,KS,ACE,CE,Combined TRACON& Tower with Radar,70,110,152,32,364,0,10,155,1,166,70,120,307,33,530,53,46,99,629
02/18/2005,ICT,KS,ACE,CE,Combined TRACON& Tower with Radar,69,107,138,43,357,1,15,117,1,134,70,122,255,44,491,130,32,162,653
02/19/2005,ICT,KS,ACE,CE,Combined TRACON& Tower with Radar,41,87,117,1,246,0,3,2,0,5,41,90,119,1,251,30,0,30,281
02/20/2005,ICT,KS,ACE,CE,Combined TRACON& Tower with Radar,31,71,116,0,218,0,4,94,0,98,31,75,210,0,316,106,0,106,422
02/21/2005,ICT,KS,ACE,CE,Combined TRACON& Tower with Radar,29,95,148,0,272,0,1,18,0,19,29,96,166,0,291,16,0,16,307
02/22/2005,ICT,KS,ACE,CE,Combined TRACON& Tower with Radar,52,118,147,9,326,0,2,24,0,26,52,120,171,9,352,22,2,24,376
02/23/2005,ICT,KS,ACE,CE,Combined TRACON& Tower with Radar,44,133,135,0,312,0,1,2,0,3,44,134,137,0,315,16,0,16,331
02/24/2005,ICT,KS,ACE,CE,Combined TRACON& Tower with Radar,86,104,183,54,427,0,10,146,3,159,86,114,329,57,586,51,46,97,683
02/25/2005,ICT,KS,ACE,CE,Combined TRACON& Tower with Radar,58,104,117,33,312,0,27,156,2,185,58,131,273,35,497,167,66,233,730
02/26/2005,ICT,KS,ACE,CE,Combined TRACON& Tower with Radar,59,80,103,3,245,0,6,131,1,138,59,86,234,4,383,69,0,69,452
02/27/2005,ICT,KS,ACE,CE,Combined TRACON& Tower with Radar,33,88,94,1,216,0,3,20,0,23,33,91,114,1,239,12,0,12,251
02/28/2005,ICT,KS,ACE,CE,Combined TRACON& Tower with Radar,33,95,137,16,281,0,7,58,0,65,33,102,195,16,346,33,26,59,405
03/01/2005,ICT,KS,ACE,CE,Combined TRACON& Tower with Radar,60,113,145,19,337,0,9,107,2,118,60,122,252,21,455,98,32,130,585
03/02/2005,ICT,KS,ACE,CE,Combined TRACON& Tower with Radar,57,121,160,10,348,0,17,133,0,150,57,138,293,10,498,132,8,140,638
03/03/2005,ICT,KS,ACE,CE,Combined TRACON& Tower with Radar,75,110,182,57,424,0,9,116,3,128,75,119,298,60,552,74,78,152,704
03/04/2005,ICT,KS,ACE,CE,Combined TRACON& Tower with Radar,49,130,142,47,368,0,8,181,0,189,49,138,323,47,557,104,108,212,769
03/05/2005,ICT,KS,ACE,CE,Combined TRACON& Tower with Radar,45,105,105,15,270,0,10,181,2,193,45,115,286,17,463,109,2,111,574
03/06/2005,ICT,KS,ACE,CE,Combined TRACON& Tower with Radar,20,107,97,16,240,0,3,106,2,111,20,110,203,18,351,65,18,83,434
03/07/2005,ICT,KS,ACE,CE,Combined TRACON& Tower with Radar,39,111,139,33,322,0,6,56,0,62,39,117,195,33,384,90,54,144,528
03/08/2005,ICT,KS,ACE,CE,Combined TRACON& Tower with Radar,37,125,176,1,339,0,17,129,0,146,37,142,305,1,485,63,4,67,552
03/09/2005,ICT,KS,ACE,CE,Combined TRACON& Tower with Radar,48,147,191,18,404,0,5,61,0,66,48,152,252,18,470,104,52,156,626
03/10/2005,ICT,KS,ACE,CE,Combined TRACON& Tower with Radar,71,100,185,12,368,0,0,119,1,120,71,100,304,13,488,44,16,60,548
03/11/2005,ICT,KS,ACE,CE,Combined TRACON& Tower with Radar,52,120,147,10,329,0,13,99,0,112,52,133,246,10,441,16,0,16,457
03/12/2005,ICT,KS,ACE,CE,Combined TRACON& Tower with Radar,32,107,75,2,216,0,5,113,4,122,32,112,188,6,338,48,0,48,386
03/13/2005,ICT,KS,ACE,CE,Combined TRACON& Tower with Radar,27,95,86,7,215,0,1,73,0,74,27,96,159,7,289,63,0,63,352
03/14/2005,ICT,KS,ACE,CE,Combined TRACON& Tower with Radar,26,122,155,26,329,0,18,104,1,123,26,140,259,27,452,125,80,205,657
03/15/2005,ICT,KS,ACE,CE,Combined TRACON& Tower with Radar,45,146,140,20,351,0,9,57,0,66,45,155,197,20,417,30,42,72,489
03/16/2005,ICT,KS,ACE,CE,Combined TRACON& Tower with Radar,65,148,162,26,401,0,3,137,1,141,65,151,299,27,542,94,60,154,696
03/17/2005,ICT,KS,ACE,CE,Combined TRACON& Tower with Radar,58,126,192,33,409,0,12,122,1,135,58,138,314,34,544,74,60,134,678
03/18/2005,ICT,KS,ACE,CE,Combined TRACON& Tower with Radar,57,126,145,21,349,0,10,118,1,129,57,136,263,22,478,99,46,145,623
03/19/2005,ICT,KS,ACE,CE,Combined TRACON& Tower with Radar,32,113,72,7,224,0,11,159,2,172,32,124,231,9,396,82,0,82,478
03/20/2005,ICT,KS,ACE,CE,Combined TRACON& Tower with Radar,37,97,99,2,235,0,7,52,0,59,37,104,151,2,294,37,0,37,331
03/21/2005,ICT,KS,ACE,CE,Combined TRACON& Tower with Radar,23,132,103,1,259,0,1,0,0,1,23,133,103,1,260,6,0,6,266
03/22/2005,ICT,KS,ACE,CE,Combined TRACON& Tower with Radar,50,132,124,8,314,0,2,2,0,4,50,134,126,8,318,6,0,6,324
03/23/2005,ICT,KS,ACE,CE,Combined TRACON& Tower with Radar,42,149,179,28,398,0,35,33,0,68,42,184,212,28,466,40,68,108,574
03/24/2005,ICT,KS,ACE,CE,Combined TRACON& Tower with Radar,57,143,176,4,380,0,24,23,0,47,57,167,199,4,427,110,4,114,541
03/25/2005,ICT,KS,ACE,CE,Combined TRACON& Tower with Radar,52,140,190,24,406,468,54,138,0,660,520,194,328,24,1066,80,64,144,1210
03/26/2005,ICT,KS,ACE,CE,Combined TRACON& Tower with Radar,42,87,92,10,231,0,2,31,0,33,42,89,123,10,264,58,0,58,322
03/27/2005,ICT,KS,ACE,CE,Combined TRACON& Tower with Radar,35,96,77,2,210,0,1,59,0,60,35,97,136,2,270,53,0,53,323
03/28/2005,ICT,KS,ACE,CE,Combined TRACON& Tower with Radar,29,115,178,41,363,0,14,152,1,167,29,129,330,42,530,185,52,237,767
03/29/2005,ICT,KS,ACE,CE,Combined TRACON& Tower with Radar,50,137,178,24,389,0,9,115,0,124,50,146,293,24,513,40,40,80,593
03/30/2005,ICT,KS,ACE,CE,Combined TRACON& Tower with Radar,49,121,159,11,340,0,6,0,0,6,49,127,159,11,346,50,16,66,412
03/31/2005,ICT,KS,ACE,CE,Combined TRACON& Tower with Radar,67,120,218,9,414,0,7,102,0,109,67,127,320,9,523,100,12,112,635
04/01/2005,ICT,KS,ACE,CE,Combined TRACON& Tower with Radar,81,92,167,35,375,0,20,126,1,147,81,112,293,36,522,114,24,138,660
04/02/2005,ICT,KS,ACE,CE,Combined TRACON& Tower with Radar,63,83,67,9,222,0,5,127,0,132,63,88,194,9,354,109,2,111,465
04/03/2005,ICT,KS,ACE,CE,Combined TRACON& Tower with Radar,23,93,114,18,248,0,3,98,0,101,23,96,212,18,349,14,0,14,363
04/04/2005,ICT,KS,ACE,CE,Combined TRACON& Tower with Radar,33,104,134,39,310,0,7,108,0,115,33,111,242,39,425,114,26,140,565
04/05/2005,ICT,KS,ACE,CE,Combined TRACON& Tower with Radar,45,137,163,22,367,0,9,77,0,86,45,146,240,22,453,36,4,40,493
04/06/2005,ICT,KS,ACE,CE,Combined TRACON& Tower with Radar,70,119,156,39,384,0,2,7,0,9,70,121,163,39,393,60,58,118,511
04/07/2005,ICT,KS,ACE,CE,Combined TRACON& Tower with Radar,72,120,192,22,406,0,18,121,1,140,72,138,313,23,546,126,30,156,702
04/08/2005,ICT,KS,ACE,CE,Combined TRACON& Tower with Radar,56,134,177,9,376,0,3,65,1,69,56,137,242,10,445,27,4,31,476
04/09/2005,ICT,KS,ACE,CE,Combined TRACON& Tower with Radar,43,95,111,7,256,0,9,72,1,82,43,104,183,8,338,30,26,56,394
04/10/2005,ICT,KS,ACE,CE,Combined TRACON& Tower with Radar,26,99,61,5,191,0,1,10,0,11,26,100,71,5,202,16,2,18,220
04/11/2005,ICT,KS,ACE,CE,Combined TRACON& Tower with Radar,32,112,174,21,339,0,7,42,0,49,32,119,216,21,388,32,8,40,428
04/12/2005,ICT,KS,ACE,CE,Combined TRACON& Tower with Radar,65,111,173,40,389,0,2,98,1,101,65,113,271,41,490,44,66,110,600
04/13/2005,ICT,KS,ACE,CE,Combined TRACON& Tower with Radar,58,138,208,34,438,0,8,58,0,66,58,146,266,34,504,76,24,100,604
04/14/2005,ICT,KS,ACE,CE,Combined TRACON& Tower with Radar,88,109,137,26,360,0,14,142,1,157,88,123,279,27,517,125,22,147,664
04/15/2005,ICT,KS,ACE,CE,Combined TRACON& Tower with Radar,72,81,146,26,325,0,16,155,0,171,72,97,301,26,496,73,98,171,667
04/16/2005,ICT,KS,ACE,CE,Combined TRACON& Tower with Radar,34,116,75,10,235,0,16,95,0,111,34,132,170,10,346,83,0,83,429
04/17/2005,ICT,KS,ACE,CE,Combined TRACON& Tower with Radar,26,90,76,3,195,0,6,64,0,70,26,96,140,3,265,17,0,17,282
04/18/2005,ICT,KS,ACE,CE,Combined TRACON& Tower with Radar,22,115,169,14,320,0,1,63,0,64,22,116,232,14,384,26,46,72,456
04/19/2005,ICT,KS,ACE,CE,Combined TRACON& Tower with Radar,60,103,163,32,358,0,5,63,0,68,60,108,226,32,426,41,24,65,491
04/20/2005,ICT,KS,ACE,CE,Combined TRACON& Tower with Radar,58,154,209,39,460,0,8,99,0,107,58,162,308,39,567,250,58,308,875
04/21/2005,ICT,KS,ACE,CE,Combined TRACON& Tower with Radar,69,111,175,13,368,0,14,88,1,103,69,125,263,14,471,60,12,72,543
04/22/2005,ICT,KS,ACE,CE,Combined TRACON& Tower with Radar,60,119,177,28,384,0,12,79,4,95,60,131,256,32,479,63,21,84,563
04/23/2005,ICT,KS,ACE,CE,Combined TRACON& Tower with Radar,40,101,81,7,229,0,15,156,5,176,40,116,237,12,405,76,4,80,485
04/24/2005,ICT,KS,ACE,CE,Combined TRACON& Tower with Radar,23,100,87,0,210,0,3,114,0,117,23,103,201,0,327,36,0,36,363
04/25/2005,ICT,KS,ACE,CE,Combined TRACON& Tower with Radar,36,117,142,45,340,0,0,17,0,17,36,117,159,45,357,44,12,56,413
04/26/2005,ICT,KS,ACE,CE,Combined TRACON& Tower with Radar,56,126,162,12,356,0,5,112,0,117,56,131,274,12,473,109,12,121,594
04/27/2005,ICT,KS,ACE,CE,Combined TRACON& Tower with Radar,57,146,175,49,427,0,5,819,1,825,57,151,994,50,1252,134,90,224,1476
04/28/2005,ICT,KS,ACE,CE,Combined TRACON& Tower with Radar,63,124,160,16,363,0,7,63,0,70,63,131,223,16,433,141,30,171,604
04/29/2005,ICT,KS,ACE,CE,Combined TRACON& Tower with Radar,66,105,171,19,361,0,8,29,2,39,66,113,200,21,400,37,54,91,491
04/30/2005,ICT,KS,ACE,CE,Combined TRACON& Tower with Radar,48,82,109,2,241,0,6,124,0,130,48,88,233,2,371,102,0,102,473
05/01/2005,ICT,KS,ACE,CE,Combined TRACON& Tower with Radar,33,88,90,4,215,0,8,83,0,91,33,96,173,4,306,53,10,63,369
05/02/2005,ICT,KS,ACE,CE,Combined TRACON& Tower with Radar,35,109,175,28,347,0,8,96,0,104,35,117,271,28,451,74,44,118,569
05/03/2005,ICT,KS,ACE,CE,Combined TRACON& Tower with Radar,58,112,164,42,376,0,5,118,0,123,58,117,282,42,499,183,88,271,770
05/04/2005,ICT,KS,ACE,CE,Combined TRACON& Tower with Radar,57,125,172,34,388,0,12,111,3,126,57,137,283,37,514,160,118,278,792
05/05/2005,ICT,KS,ACE,CE,Combined TRACON& Tower with Radar,83,112,226,26,447,0,5,37,2,44,83,117,263,28,491,97,48,145,636
05/06/2005,ICT,KS,ACE,CE,Combined TRACON& Tower with Radar,63,143,181,20,407,0,13,106,0,119,63,156,287,20,526,74,8,82,608
05/07/2005,ICT,KS,ACE,CE,Combined TRACON& Tower with Radar,45,98,74,0,217,0,12,108,0,120,45,110,182,0,337,39,0,39,376
05/08/2005,ICT,KS,ACE,CE,Combined TRACON& Tower with Radar,29,88,65,4,186,0,7,21,0,28,29,95,86,4,214,25,0,25,239
05/09/2005,ICT,KS,ACE,CE,Combined TRACON& Tower with Radar,44,116,137,30,327,0,12,118,0,130,44,128,255,30,457,114,46,160,617
05/10/2005,ICT,KS,ACE,CE,Combined TRACON& Tower with Radar,57,122,153,13,345,0,8,84,0,92,57,130,237,13,437,16,2,18,455
05/11/2005,ICT,KS,ACE,CE,Combined TRACON& Tower with Radar,74,121,143,26,364,0,5,74,0,79,74,126,217,26,443,34,10,44,487
05/12/2005,ICT,KS,ACE,CE,Combined TRACON& Tower with Radar,61,124,144,7,336,0,11,37,0,48,61,135,181,7,384,26,22,48,432
05/13/2005,ICT,KS,ACE,CE,Combined TRACON& Tower with Radar,66,114,173,20,373,0,7,13,0,20,66,121,186,20,393,16,4,20,413
05/14/2005,ICT,KS,ACE,CE,Combined TRACON& Tower with Radar,59,94,82,0,235,0,16,61,0,77,59,110,143,0,312,35,0,35,347
05/15/2005,ICT,KS,ACE,CE,Combined TRACON& Tower with Radar,38,71,93,4,206,0,2,98,0,100,38,73,191,4,306,134,0,134,440
05/16/2005,ICT,KS,ACE,CE,Combined TRACON& Tower with Radar,58,97,189,21,365,0,10,128,0,138,58,107,317,21,503,114,24,138,641
05/17/2005,ICT,KS,ACE,CE,Combined TRACON& Tower with Radar,51,120,118,23,312,0,5,103,0,108,51,125,221,23,420,50,14,64,484
05/18/2005,ICT,KS,ACE,CE,Combined TRACON& Tower with Radar,75,100,178,9,362,0,0,61,1,62,75,100,239,10,424,50,30,80,504
05/19/2005,ICT,KS,ACE,CE,Combined TRACON& Tower with Radar,74,104,172,9,359,0,5,165,0,170,74,109,337,9,529,113,0,113,642
05/20/2005,ICT,KS,ACE,CE,Combined TRACON& Tower with Radar,42,141,142,20,345,0,13,152,3,168,42,154,294,23,513,148,64,212,725
05/21/2005,ICT,KS,ACE,CE,Combined TRACON& Tower with Radar,51,114,94,2,261,0,25,140,0,165,51,139,234,2,426,52,0,52,478
05/22/2005,ICT,KS,ACE,CE,Combined TRACON& Tower with Radar,40,87,83,5,215,0,1,59,1,61,40,88,142,6,276,80,6,86,362
05/23/2005,ICT,KS,ACE,CE,Combined TRACON& Tower with Radar,38,136,176,33,383,0,2,122,0,124,38,138,298,33,507,159,32,191,698
05/24/2005,ICT,KS,ACE,CE,Combined TRACON& Tower with Radar,62,128,161,6,357,0,8,109,0,117,62,136,270,6,474,116,4,120,594
05/25/2005,ICT,KS,ACE,CE,Combined TRACON& Tower with Radar,77,106,188,3,374,0,6,110,0,116,77,112,298,3,490,85,6,91,581
05/26/2005,ICT,KS,ACE,CE,Combined TRACON& Tower with Radar,72,121,165,43,401,0,11,125,0,136,72,132,290,43,537,87,50,137,674
05/27/2005,ICT,KS,ACE,CE,Combined TRACON& Tower with Radar,63,125,161,4,353,0,13,133,0,146,63,138,294,4,499,122,10,132,631
05/28/2005,ICT,KS,ACE,CE,Combined TRACON& Tower with Radar,38,104,78,3,223,0,14,73,2,89,38,118,151,5,312,26,6,32,344
05/29/2005,ICT,KS,ACE,CE,Combined TRACON& Tower with Radar,24,76,33,0,133,0,3,35,0,38,24,79,68,0,171,0,0,0,171
05/30/2005,ICT,KS,ACE,CE,Combined TRACON& Tower with Radar,24,102,67,0,193,0,8,46,0,54,24,110,113,0,247,10,0,10,257
05/31/2005,ICT,KS,ACE,CE,Combined TRACON& Tower with Radar,48,111,140,5,304,0,9,38,0,47,48,120,178,5,351,60,6,66,417
06/01/2005,ICT,KS,ACE,CE,Combined TRACON& Tower with Radar,57,137,162,5,361,0,0,100,0,100,57,137,262,5,461,40,4,44,505
06/02/2005,ICT,KS,ACE,CE,Combined TRACON& Tower with Radar,72,114,185,1,372,0,5,118,1,124,72,119,303,2,496,46,0,46,542
06/03/2005,ICT,KS,ACE,CE,Combined TRACON& Tower with Radar,71,129,186,13,399,0,6,48,0,54,71,135,234,13,453,30,66,96,549
06/04/2005,ICT,KS,ACE,CE,Combined TRACON& Tower with Radar,53,107,90,0,250,0,7,57,0,64,53,114,147,0,314,18,0,18,332
06/05/2005,ICT,KS,ACE,CE,Combined TRACON& Tower with Radar,34,109,85,3,231,0,2,84,0,86,34,111,169,3,317,38,0,38,355
06/06/2005,ICT,KS,ACE,CE,Combined TRACON& Tower with Radar,36,108,138,20,302,0,7,111,2,120,36,115,249,22,422,34,54,88,510
06/07/2005,ICT,KS,ACE,CE,Combined TRACON& Tower with Radar,47,103,142,24,316,0,6,102,0,108,47,109,244,24,424,26,8,34,458
06/08/2005,ICT,KS,ACE,CE,Combined TRACON& Tower with Radar,51,109,154,32,346,0,35,110,0,145,51,144,264,32,491,95,28,123,614
06/09/2005,ICT,KS,ACE,CE,Combined TRACON& Tower with Radar,64,142,159,55,420,0,17,113,0,130,64,159,272,55,550,90,30,120,670
06/10/2005,ICT,KS,ACE,CE,Combined TRACON& Tower with Radar,79,120,164,2,365,0,11,72,0,83,79,131,236,2,448,35,6,41,489
06/11/2005,ICT,KS,ACE,CE,Combined TRACON& Tower with Radar,62,88,95,0,245,0,0,59,0,59,62,88,154,0,304,60,0,60,364
06/12/2005,ICT,KS,ACE,CE,Combined TRACON& Tower with Radar,27,86,55,1,169,0,7,20,0,27,27,93,75,1,196,42,0,42,238
06/13/2005,ICT,KS,ACE,CE,Combined TRACON& Tower with Radar,78,88,153,23,342,0,6,93,0,99,78,94,246,23,441,72,22,94,535
06/14/2005,ICT,KS,ACE,CE,Combined TRACON& Tower with Radar,49,123,141,25,338,0,14,139,1,154,49,137,280,26,492,94,32,126,618
06/15/2005,ICT,KS,ACE,CE,Combined TRACON& Tower with Radar,40,0,136,56,232,0,0,0,255,255,40,0,136,311,487,187,48,235,722
06/16/2005,ICT,KS,ACE,CE,Combined TRACON& Tower with Radar,49,107,156,13,325,0,10,85,0,95,49,117,241,13,420,84,12,96,516
06/17/2005,ICT,KS,ACE,CE,Combined TRACON& Tower with Radar,55,112,147,20,334,0,23,114,0,137,55,135,261,20,471,84,6,90,561
06/18/2005,ICT,KS,ACE,CE,Combined TRACON& Tower with Radar,37,107,73,3,220,0,12,119,0,131,37,119,192,3,351,64,0,64,415
06/19/2005,ICT,KS,ACE,CE,Combined TRACON& Tower with Radar,24,103,76,1,204,0,7,77,0,84,24,110,153,1,288,18,0,18,306
06/20/2005,ICT,KS,ACE,CE,Combined TRACON& Tower with Radar,54,93,107,18,272,0,12,98,1,111,54,105,205,19,383,122,26,148,531
06/21/2005,ICT,KS,ACE,CE,Combined TRACON& Tower with Radar,60,116,135,12,323,0,8,114,1,123,60,124,249,13,446,108,20,128,574
06/22/2005,ICT,KS,ACE,CE,Combined TRACON& Tower with Radar,52,122,176,18,368,0,0,128,1,129,52,122,304,19,497,90,46,136,633
06/23/2005,ICT,KS,ACE,CE,Combined TRACON& Tower with Radar,60,113,158,12,343,0,15,106,0,121,60,128,264,12,464,40,38,78,542
06/24/2005,ICT,KS,ACE,CE,Combined TRACON& Tower with Radar,62,131,197,19,409,0,8,142,1,151,62,139,339,20,560,54,26,80,640
06/25/2005,ICT,KS,ACE,CE,Combined TRACON& Tower with Radar,63,82,94,8,247,0,7,140,1,148,63,89,234,9,395,24,34,58,453
06/26/2005,ICT,KS,ACE,CE,Combined TRACON& Tower with Radar,23,112,89,23,247,0,11,80,0,91,23,123,169,23,338,55,16,71,409
06/27/2005,ICT,KS,ACE,CE,Combined TRACON& Tower with Radar,43,119,167,45,374,0,11,105,8,124,43,130,272,53,498,95,128,223,721
06/28/2005,ICT,KS,ACE,CE,Combined TRACON& Tower with Radar,55,127,184,3,369,0,15,125,1,141,55,142,309,4,510,66,34,100,610
06/29/2005,ICT,KS,ACE,CE,Combined TRACON& Tower with Radar,61,110,175,5,351,0,1,119,0,120,61,111,294,5,471,90,6,96,567
06/30/2005,ICT,KS,ACE,CE,Combined TRACON& Tower with Radar,56,124,198,10,388,0,7,154,0,161,56,131,352,10,549,104,56,160,709
07/01/2005,ICT,KS,ACE,CE,Combined TRACON& Tower with Radar,73,112,176,0,361,0,10,142,0,152,73,122,318,0,513,74,0,74,587
07/02/2005,ICT,KS,ACE,CE,Combined TRACON& Tower with Radar,39,78,40,0,157,0,2,102,1,105,39,80,142,1,262,41,0,41,303
07/03/2005,ICT,KS,ACE,CE,Combined TRACON& Tower with Radar,27,67,40,0,134,0,2,33,0,35,27,69,73,0,169,8,0,8,177
07/04/2005,ICT,KS,ACE,CE,Combined TRACON& Tower with Radar,36,75,37,0,148,0,0,40,0,40,36,75,77,0,188,28,0,28,216
07/05/2005,ICT,KS,ACE,CE,Combined TRACON& Tower with Radar,26,118,136,0,280,0,19,116,31,166,26,137,252,31,446,98,42,140,586
07/06/2005,ICT,KS,ACE,CE,Combined TRACON& Tower with Radar,54,102,130,7,293,0,4,139,0,143,54,106,269,7,436,40,4,44,480
07/07/2005,ICT,KS,ACE,CE,Combined TRACON& Tower with Radar,50,102,153,23,328,0,5,98,4,107,50,107,251,27,435,86,25,111,546
07/08/2005,ICT,KS,ACE,CE,Combined TRACON& Tower with Radar,79,79,135,60,353,0,11,116,0,127,79,90,251,60,480,88,156,244,724
07/09/2005,ICT,KS,ACE,CE,Combined TRACON& Tower with Radar,42,95,71,0,208,0,12,124,2,138,42,107,195,2,346,30,0,30,376
07/10/2005,ICT,KS,ACE,CE,Combined TRACON& Tower with Radar,33,75,74,2,184,0,4,76,0,80,33,79,150,2,264,41,2,43,307
07/11/2005,ICT,KS,ACE,CE,Combined TRACON& Tower with Radar,37,120,138,6,301,0,4,120,0,124,37,124,258,6,425,46,12,58,483
07/12/2005,ICT,KS,ACE,CE,Combined TRACON& Tower with Radar,43,109,142,27,321,0,4,94,4,102,43,113,236,31,423,138,62,200,623
07/13/2005,ICT,KS,ACE,CE,Combined TRACON& Tower with Radar,51,107,173,59,390,0,6,139,2,147,51,113,312,61,537,30,48,78,615
07/14/2005,ICT,KS,ACE,CE,Combined TRACON& Tower with Radar,56,98,166,29,349,0,14,156,2,172,56,112,322,31,521,112,26,138,659
07/15/2005,ICT,KS,ACE,CE,Combined TRACON& Tower with Radar,64,95,165,19,343,0,18,165,0,183,64,113,330,19,526,96,39,135,661
07/16/2005,ICT,KS,ACE,CE,Combined TRACON& Tower with Radar,46,105,78,3,232,0,14,122,6,142,46,119,200,9,374,20,2,22,396
07/17/2005,ICT,KS,ACE,CE,Combined TRACON& Tower with Radar,29,78,94,1,202,0,0,81,0,81,29,78,175,1,283,30,0,30,313
07/18/2005,ICT,KS,ACE,CE,Combined TRACON& Tower with Radar,32,88,111,0,231,0,13,52,0,65,32,101,163,0,296,28,4,32,328
07/19/2005,ICT,KS,ACE,CE,Combined TRACON& Tower with Radar,47,92,147,32,318,0,1,78,0,79,47,93,225,32,397,63,38,101,498
07/20/2005,ICT,KS,ACE,CE,Combined TRACON& Tower with Radar,42,93,164,10,309,0,4,134,0,138,42,97,298,10,447,68,0,68,515
07/21/2005,ICT,KS,ACE,CE,Combined TRACON& Tower with Radar,52,89,199,12,352,0,9,143,1,153,52,98,342,13,505,106,0,106,611
07/22/2005,ICT,KS,ACE,CE,Combined TRACON& Tower with Radar,52,118,188,7,365,0,19,162,0,181,52,137,350,7,546,88,0,88,634
07/23/2005,ICT,KS,ACE,CE,Combined TRACON& Tower with Radar,41,69,79,0,189,0,3,128,0,131,41,72,207,0,320,101,0,101,421
07/24/2005,ICT,KS,ACE,CE,Combined TRACON& Tower with Radar,29,82,87,8,206,0,10,101,0,111,29,92,188,8,317,52,14,66,383
07/25/2005,ICT,KS,ACE,CE,Combined TRACON& Tower with Radar,0,0,0,0,0,35,108,233,20,396,35,108,233,20,396,54,50,104,500
07/26/2005,ICT,KS,ACE,CE,Combined TRACON& Tower with Radar,49,96,141,0,286,0,4,31,2,37,49,100,172,2,323,16,0,16,339
07/27/2005,ICT,KS,ACE,CE,Combined TRACON& Tower with Radar,59,94,170,19,342,0,8,150,0,158,59,102,320,19,500,90,72,162,662
07/28/2005,ICT,KS,ACE,CE,Combined TRACON& Tower with Radar,63,98,199,12,372,0,7,140,2,149,63,105,339,14,521,133,40,173,694
07/29/2005,ICT,KS,ACE,CE,Combined TRACON& Tower with Radar,55,110,189,40,394,0,12,141,0,153,55,122,330,40,547,86,60,146,693
07/30/2005,ICT,KS,ACE,CE,Combined TRACON& Tower with Radar,44,90,71,1,206,0,9,83,0,92,44,99,154,1,298,56,0,56,354
07/31/2005,ICT,KS,ACE,CE,Combined TRACON& Tower with Radar,33,81,91,4,209,0,7,94,0,101,33,88,185,4,310,79,2,81,391
08/01/2005,ICT,KS,ACE,CE,Combined TRACON& Tower with Radar,31,122,130,4,287,0,18,101,0,119,31,140,231,4,406,47,2,49,455
08/02/2005,ICT,KS,ACE,CE,Combined TRACON& Tower with Radar,49,140,137,11,337,0,23,150,1,174,49,163,287,12,511,43,6,49,560
08/03/2005,ICT,KS,ACE,CE,Combined TRACON& Tower with Radar,46,101,175,20,342,0,6,98,0,104,46,107,273,20,446,218,40,258,704
08/04/2005,ICT,KS,ACE,CE,Combined TRACON& Tower with Radar,56,90,167,7,320,0,6,99,0,105,56,96,266,7,425,64,36,100,525
08/05/2005,ICT,KS,ACE,CE,Combined TRACON& Tower with Radar,69,120,176,24,389,0,14,151,0,165,69,134,327,24,554,34,39,73,627
08/06/2005,ICT,KS,ACE,CE,Combined TRACON& Tower with Radar,44,105,75,2,226,0,11,114,0,125,44,116,189,2,351,42,0,42,393
08/07/2005,ICT,KS,ACE,CE,Combined TRACON& Tower with Radar,44,82,69,6,201,0,20,73,0,93,44,102,142,6,294,45,0,45,339
08/08/2005,ICT,KS,ACE,CE,Combined TRACON& Tower with Radar,48,90,109,32,279,0,12,111,0,123,48,102,220,32,402,67,44,111,513
08/09/2005,ICT,KS,ACE,CE,Combined TRACON& Tower with Radar,45,106,154,29,334,0,4,114,1,119,45,110,268,30,453,94,78,172,625
08/10/2005,ICT,KS,ACE,CE,Combined TRACON& Tower with Radar,54,74,159,19,306,0,9,161,0,170,54,83,320,19,476,115,44,159,635
08/11/2005,ICT,KS,ACE,CE,Combined TRACON& Tower with Radar,54,101,152,20,327,0,8,170,3,181,54,109,322,23,508,108,20,128,636
08/12/2005,ICT,KS,ACE,CE,Combined TRACON& Tower with Radar,50,94,150,19,313,0,7,107,0,114,50,101,257,19,427,0,0,0,427
08/13/2005,ICT,KS,ACE,CE,Combined TRACON& Tower with Radar,41,81,61,0,183,0,1,42,0,43,41,82,103,0,226,41,0,41,267
08/14/2005,ICT,KS,ACE,CE,Combined TRACON& Tower with Radar,30,89,74,4,197,0,0,3,0,3,30,89,77,4,200,10,0,10,210
08/15/2005,ICT,KS,ACE,CE,Combined TRACON& Tower with Radar,25,99,140,21,285,0,0,6,0,6,25,99,146,21,291,16,20,36,327
08/16/2005,ICT,KS,ACE,CE,Combined TRACON& Tower with Radar,7,6,23,0,36,59,110,162,28,359,66,116,185,28,395,34,24,58,453
08/17/2005,ICT,KS,ACE,CE,Combined TRACON& Tower with Radar,49,114,220,9,392,0,7,70,0,77,49,121,290,9,469,56,4,60,529
08/18/2005,ICT,KS,ACE,CE,Combined TRACON& Tower with Radar,69,92,147,23,331,0,6,141,0,147,69,98,288,23,478,86,22,108,586
08/19/2005,ICT,KS,ACE,CE,Combined TRACON& Tower with Radar,65,88,140,16,309,0,10,165,0,175,65,98,305,16,484,128,60,188,672
08/20/2005,ICT,KS,ACE,CE,Combined TRACON& Tower with Radar,40,82,76,2,200,0,7,71,0,78,40,89,147,2,278,17,0,17,295
08/21/2005,ICT,KS,ACE,CE,Combined TRACON& Tower with Radar,33,81,87,0,201,0,7,51,0,58,33,88,138,0,259,42,0,42,301
08/22/2005,ICT,KS,ACE,CE,Combined TRACON& Tower with Radar,34,80,143,22,279,0,1,30,0,31,34,81,173,22,310,66,2,68,378
08/23/2005,ICT,KS,ACE,CE,Combined TRACON& Tower with Radar,57,109,221,42,429,0,2,91,0,93,57,111,312,42,522,142,74,216,738
08/24/2005,ICT,KS,ACE,CE,Combined TRACON& Tower with Radar,51,98,217,15,381,0,6,87,0,93,51,104,304,15,474,31,32,63,537
08/25/2005,ICT,KS,ACE,CE,Combined TRACON& Tower with Radar,65,98,189,10,362,0,5,78,3,86,65,103,267,13,448,64,10,74,522
08/26/2005,ICT,KS,ACE,CE,Combined TRACON& Tower with Radar,52,129,183,7,371,0,9,159,1,169,52,138,342,8,540,64,4,68,608
08/27/2005,ICT,KS,ACE,CE,Combined TRACON& Tower with Radar,44,87,93,5,229,0,18,150,2,170,44,105,243,7,399,63,2,65,464
08/28/2005,ICT,KS,ACE,CE,Combined TRACON& Tower with Radar,35,80,79,0,194,0,14,67,0,81,35,94,146,0,275,57,0,57,332
08/29/2005,ICT,KS,ACE,CE,Combined TRACON& Tower with Radar,30,94,191,59,374,0,0,152,3,155,30,94,343,62,529,68,72,140,669
08/30/2005,ICT,KS,ACE,CE,Combined TRACON& Tower with Radar,50,103,128,35,316,0,1,53,0,54,50,104,181,35,370,94,74,168,538
08/31/2005,ICT,KS,ACE,CE,Combined TRACON& Tower with Radar,65,120,181,36,402,0,12,122,0,134,65,132,303,36,536,141,88,229,765
09/01/2005,ICT,KS,ACE,CE,Combined TRACON& Tower with Radar,55,106,155,24,340,0,16,134,0,150,55,122,289,24,490,77,74,151,641
09/02/2005,ICT,KS,ACE,CE,Combined TRACON& Tower with Radar,56,98,158,10,322,0,9,128,0,137,56,107,286,10,459,120,2,122,581
09/03/2005,ICT,KS,ACE,CE,Combined TRACON& Tower with Radar,32,102,68,4,206,0,4,70,0,74,32,106,138,4,280,38,0,38,318
09/04/2005,ICT,KS,ACE,CE,Combined TRACON& Tower with Radar,26,67,29,3,125,0,4,48,0,52,26,71,77,3,177,17,0,17,194
09/05/2005,ICT,KS,ACE,CE,Combined TRACON& Tower with Radar,28,79,65,2,174,0,2,70,0,72,28,81,135,2,246,30,0,30,276
09/06/2005,ICT,KS,ACE,CE,Combined TRACON& Tower with Radar,29,100,143,12,284,0,12,98,0,110,29,112,241,12,394,81,12,93,487
09/07/2005,ICT,KS,ACE,CE,Combined TRACON& Tower with Radar,40,108,154,10,312,0,14,107,0,121,40,122,261,10,433,88,30,118,551
09/08/2005,ICT,KS,ACE,CE,Combined TRACON& Tower with Radar,72,108,165,10,355,0,8,118,0,126,72,116,283,10,481,117,62,179,660
09/09/2005,ICT,KS,ACE,CE,Combined TRACON& Tower with Radar,64,118,152,22,356,0,5,114,0,119,64,123,266,22,475,70,64,134,609
09/10/2005,ICT,KS,ACE,CE,Combined TRACON& Tower with Radar,31,92,87,5,215,0,13,93,0,106,31,105,180,5,321,37,36,73,394
09/11/2005,ICT,KS,ACE,CE,Combined TRACON& Tower with Radar,21,102,116,39,278,0,7,95,7,109,21,109,211,46,387,47,35,82,469
09/12/2005,ICT,KS,ACE,CE,Combined TRACON& Tower with Radar,71,140,157,18,386,0,17,83,0,100,71,157,240,18,486,68,32,100,586
09/13/2005,ICT,KS,ACE,CE,Combined TRACON& Tower with Radar,44,98,170,13,325,0,5,119,0,124,44,103,289,13,449,81,14,95,544
09/14/2005,ICT,KS,ACE,CE,Combined TRACON& Tower with Radar,59,116,175,29,379,0,7,71,0,78,59,123,246,29,457,40,84,124,581
09/15/2005,ICT,KS,ACE,CE,Combined TRACON& Tower with Radar,70,83,164,28,345,0,11,70,0,81,70,94,234,28,426,66,18,84,510
09/16/2005,ICT,KS,ACE,CE,Combined TRACON& Tower with Radar,37,126,184,22,369,0,22,160,0,182,37,148,344,22,551,109,24,133,684
09/17/2005,ICT,KS,ACE,CE,Combined TRACON& Tower with Radar,37,97,80,14,228,0,8,95,0,103,37,105,175,14,331,26,21,47,378
09/18/2005,ICT,KS,ACE,CE,Combined TRACON& Tower with Radar,22,85,99,9,215,0,1,96,0,97,22,86,195,9,312,35,26,61,373
09/19/2005,ICT,KS,ACE,CE,Combined TRACON& Tower with Radar,44,94,140,6,284,0,8,122,0,130,44,102,262,6,414,107,6,113,527
09/20/2005,ICT,KS,ACE,CE,Combined TRACON& Tower with Radar,35,147,177,20,379,0,22,134,1,157,35,169,311,21,536,64,40,104,640
09/21/2005,ICT,KS,ACE,CE,Combined TRACON& Tower with Radar,39,134,168,26,367,0,8,127,0,135,39,142,295,26,502,37,55,92,594
09/22/2005,ICT,KS,ACE,CE,Combined TRACON& Tower with Radar,39,123,158,14,334,0,8,121,3,132,39,131,279,17,466,62,24,86,552
09/23/2005,ICT,KS,ACE,CE,Combined TRACON& Tower with Radar,53,128,176,17,374,0,17,154,7,178,53,145,330,24,552,98,18,116,668
09/24/2005,ICT,KS,ACE,CE,Combined TRACON& Tower with Radar,31,94,71,7,203,0,17,127,0,144,31,111,198,7,347,8,0,8,355
09/25/2005,ICT,KS,ACE,CE,Combined TRACON& Tower with Radar,19,82,100,11,212,0,10,111,0,121,19,92,211,11,333,91,4,95,428
09/26/2005,ICT,KS,ACE,CE,Combined TRACON& Tower with Radar,25,111,151,14,301,0,14,98,2,114,25,125,249,16,415,59,20,79,494
09/27/2005,ICT,KS,ACE,CE,Combined TRACON& Tower with Radar,59,104,132,18,313,0,7,152,0,159,59,111,284,18,472,143,44,187,659
09/28/2005,ICT,KS,ACE,CE,Combined TRACON& Tower with Radar,38,112,183,0,333,0,3,42,2,47,38,115,225,2,380,80,0,80,460
09/29/2005,ICT,KS,ACE,CE,Combined TRACON& Tower with Radar,51,115,206,0,372,0,13,148,0,161,51,128,354,0,533,124,2,126,659
09/30/2005,ICT,KS,ACE,CE,Combined TRACON& Tower with Radar,50,106,151,5,312,0,17,149,0,166,50,123,300,5,478,106,10,116,594
10/01/2005,ICT,KS,ACE,CE,Combined TRACON& Tower with Radar,39,86,96,0,221,0,10,7,0,17,39,96,103,0,238,16,0,16,254
10/02/2005,ICT,KS,ACE,CE,Combined TRACON& Tower with Radar,18,76,101,0,195,0,0,60,0,60,18,76,161,0,255,20,0,20,275
10/03/2005,ICT,KS,ACE,CE,Combined TRACON& Tower with Radar,38,99,134,21,292,0,1,73,1,75,38,100,207,22,367,36,108,144,511
10/04/2005,ICT,KS,ACE,CE,Combined TRACON& Tower with Radar,54,89,119,37,299,0,6,55,1,62,54,95,174,38,361,66,42,108,469
10/05/2005,ICT,KS,ACE,CE,Combined TRACON& Tower with Radar,38,116,151,3,308,0,5,38,0,43,38,121,189,3,351,2,0,2,353
10/06/2005,ICT,KS,ACE,CE,Combined TRACON& Tower with Radar,56,101,132,21,310,0,23,146,0,169,56,124,278,21,479,148,82,230,709
10/07/2005,ICT,KS,ACE,CE,Combined TRACON& Tower with Radar,48,153,137,24,362,0,16,115,0,131,48,169,252,24,493,44,24,68,561
10/08/2005,ICT,KS,ACE,CE,Combined TRACON& Tower with Radar,36,104,63,5,208,0,17,108,0,125,36,121,171,5,333,69,6,75,408
10/09/2005,ICT,KS,ACE,CE,Combined TRACON& Tower with Radar,25,72,68,7,172,0,10,89,0,99,25,82,157,7,271,106,0,106,377
10/10/2005,ICT,KS,ACE,CE,Combined TRACON& Tower with Radar,18,86,121,2,227,0,3,66,0,69,18,89,187,2,296,28,0,28,324
10/11/2005,ICT,KS,ACE,CE,Combined TRACON& Tower with Radar,31,122,167,17,337,0,3,25,0,28,31,125,192,17,365,43,6,49,414
10/12/2005,ICT,KS,ACE,CE,Combined TRACON& Tower with Radar,41,92,148,28,309,0,11,127,0,138,41,103,275,28,447,60,14,74,521
10/13/2005,ICT,KS,ACE,CE,Combined TRACON& Tower with Radar,45,99,147,15,306,0,12,135,0,147,45,111,282,15,453,177,40,217,670
10/14/2005,ICT,KS,ACE,CE,Combined TRACON& Tower with Radar,48,95,121,9,273,0,24,110,0,134,48,119,231,9,407,88,10,98,505
10/15/2005,ICT,KS,ACE,CE,Combined TRACON& Tower with Radar,34,89,80,17,220,0,11,136,0,147,34,100,216,17,367,138,22,160,527
10/16/2005,ICT,KS,ACE,CE,Combined TRACON& Tower with Radar,29,68,92,1,190,0,6,105,0,111,29,74,197,1,301,86,0,86,387
10/17/2005,ICT,KS,ACE,CE,Combined TRACON& Tower with Radar,15,104,107,36,262,0,5,119,0,124,15,109,226,36,386,99,76,175,561
10/18/2005,ICT,KS,ACE,CE,Combined TRACON& Tower with Radar,32,114,126,18,290,0,10,144,0,154,32,124,270,18,444,63,28,91,535
10/19/2005,ICT,KS,ACE,CE,Combined TRACON& Tower with Radar,40,115,122,4,281,0,4,56,0,60,40,119,178,4,341,4,0,4,345
10/20/2005,ICT,KS,ACE,CE,Combined TRACON& Tower with Radar,53,115,205,15,388,0,2,29,0,31,53,117,234,15,419,58,6,64,483
10/21/2005,ICT,KS,ACE,CE,Combined TRACON& Tower with Radar,39,125,195,16,375,0,13,106,0,119,39,138,301,16,494,68,15,83,577
10/22/2005,ICT,KS,ACE,CE,Combined TRACON& Tower with Radar,44,94,81,1,220,0,14,133,0,147,44,108,214,1,367,90,0,90,457
10/23/2005,ICT,KS,ACE,CE,Combined TRACON& Tower with Radar,26,84,99,0,209,0,2,66,0,68,26,86,165,0,277,46,0,46,323
10/24/2005,ICT,KS,ACE,CE,Combined TRACON& Tower with Radar,25,92,99,36,252,0,5,112,2,119,25,97,211,38,371,68,68,136,507
10/25/2005,ICT,KS,ACE,CE,Combined TRACON& Tower with Radar,52,125,145,24,346,0,9,157,1,167,52,134,302,25,513,149,36,185,698
10/26/2005,ICT,KS,ACE,CE,Combined TRACON& Tower with Radar,34,107,132,22,295,0,7,93,0,100,34,114,225,22,395,59,8,67,462
10/27/2005,ICT,KS,ACE,CE,Combined TRACON& Tower with Radar,52,114,152,9,327,0,11,164,0,175,52,125,316,9,502,104,10,114,616
10/28/2005,ICT,KS,ACE,CE,Combined TRACON& Tower with Radar,61,125,134,16,336,0,33,144,0,177,61,158,278,16,513,52,6,58,571
10/29/2005,ICT,KS,ACE,CE,Combined TRACON& Tower with Radar,34,82,40,0,156,0,10,75,0,85,34,92,115,0,241,30,0,30,271
10/30/2005,ICT,KS,ACE,CE,Combined TRACON& Tower with Radar,20,70,67,2,159,0,5,108,1,114,20,75,175,3,273,96,2,98,371
10/31/2005,ICT,KS,ACE,CE,Combined TRACON& Tower with Radar,23,81,107,34,245,0,6,63,0,69,23,87,170,34,314,290,30,320,634
11/01/2005,ICT,KS,ACE,CE,Combined TRACON& Tower with Radar,32,100,142,22,296,0,16,109,1,126,32,116,251,23,422,121,36,157,579
11/02/2005,ICT,KS,ACE,CE,Combined TRACON& Tower with Radar,41,101,133,9,284,0,11,107,0,118,41,112,240,9,402,23,20,43,445
11/03/2005,ICT,KS,ACE,CE,Combined TRACON& Tower with Radar,31,105,145,21,302,0,11,116,0,127,31,116,261,21,429,124,6,130,559
11/04/2005,ICT,KS,ACE,CE,Combined TRACON& Tower with Radar,44,104,84,25,257,0,8,159,0,167,44,112,243,25,424,87,48,135,559
11/05/2005,ICT,KS,ACE,CE,Combined TRACON& Tower with Radar,49,73,80,0,202,0,3,131,0,134,49,76,211,0,336,53,0,53,389
11/06/2005,ICT,KS,ACE,CE,Combined TRACON& Tower with Radar,31,82,89,22,224,0,14,100,0,114,31,96,189,22,338,73,26,99,437
11/07/2005,ICT,KS,ACE,CE,Combined TRACON& Tower with Radar,38,74,107,27,246,0,4,106,1,111,38,78,213,28,357,106,36,142,499
11/08/2005,ICT,KS,ACE,CE,Combined TRACON& Tower with Radar,39,113,111,39,302,0,13,99,0,112,39,126,210,39,414,47,24,71,485
11/09/2005,ICT,KS,ACE,CE,Combined TRACON& Tower with Radar,48,100,105,31,284,0,9,104,4,117,48,109,209,35,401,61,44,105,506
11/10/2005,ICT,KS,ACE,CE,Combined TRACON& Tower with Radar,43,105,102,22,272,0,19,115,4,138,43,124,217,26,410,78,23,101,511
11/11/2005,ICT,KS,ACE,CE,Combined TRACON& Tower with Radar,37,112,120,0,269,0,12,94,0,106,37,124,214,0,375,57,6,63,438
11/12/2005,ICT,KS,ACE,CE,Combined TRACON& Tower with Radar,33,74,72,8,187,0,4,40,0,44,33,78,112,8,231,24,16,40,271
11/13/2005,ICT,KS,ACE,CE,Combined TRACON& Tower with Radar,29,55,89,11,184,0,4,121,0,125,29,59,210,11,309,86,12,98,407
11/14/2005,ICT,KS,ACE,CE,Combined TRACON& Tower with Radar,29,101,104,3,237,0,3,89,0,92,29,104,193,3,329,67,2,69,398
11/15/2005,ICT,KS,ACE,CE,Combined TRACON& Tower with Radar,38,79,94,0,211,0,5,20,0,25,38,84,114,0,236,6,0,6,242
11/16/2005,ICT,KS,ACE,CE,Combined TRACON& Tower with Radar,45,110,180,15,350,0,7,174,0,181,45,117,354,15,531,116,26,142,673
11/17/2005,ICT,KS,ACE,CE,Combined TRACON& Tower with Radar,49,104,187,12,352,0,12,158,2,172,49,116,345,14,524,134,20,154,678
11/18/2005,ICT,KS,ACE,CE,Combined TRACON& Tower with Radar,47,80,181,18,326,0,13,165,5,183,47,93,346,23,509,138,46,184,693
11/19/2005,ICT,KS,ACE,CE,Combined TRACON& Tower with Radar,58,78,100,1,237,0,10,89,0,99,58,88,189,1,336,64,0,64,400
11/20/2005,ICT,KS,ACE,CE,Combined TRACON& Tower with Radar,30,74,102,6,212,0,3,50,0,53,30,77,152,6,265,44,4,48,313
11/21/2005,ICT,KS,ACE,CE,Combined TRACON& Tower with Radar,30,105,126,26,287,0,4,115,0,119,30,109,241,26,406,59,76,135,541
11/22/2005,ICT,KS,ACE,CE,Combined TRACON& Tower with Radar,36,105,116,12,269,0,16,98,1,115,36,121,214,13,384,76,82,158,542
11/23/2005,ICT,KS,ACE,CE,Combined TRACON& Tower with Radar,44,114,121,45,324,0,11,172,0,183,44,125,293,45,507,88,58,146,653
11/24/2005,ICT,KS,ACE,CE,Combined TRACON& Tower with Radar,35,58,26,0,119,0,4,30,0,34,35,62,56,0,153,12,0,12,165
11/25/2005,ICT,KS,ACE,CE,Combined TRACON& Tower with Radar,31,66,31,0,128,0,7,71,0,78,31,73,102,0,206,66,0,66,272
11/26/2005,ICT,KS,ACE,CE,Combined TRACON& Tower with Radar,32,81,55,0,168,0,9,42,0,51,32,90,97,0,219,10,0,10,229
11/27/2005,ICT,KS,ACE,CE,Combined TRACON& Tower with Radar,23,76,66,2,167,3,6,21,0,30,26,82,87,2,197,11,0,11,208
11/28/2005,ICT,KS,ACE,CE,Combined TRACON& Tower with Radar,24,107,117,0,248,0,5,10,0,15,24,112,127,0,263,6,0,6,269
11/29/2005,ICT,KS,ACE,CE,Combined TRACON& Tower with Radar,45,104,142,20,311,0,4,102,0,106,45,108,244,20,417,67,12,79,496
11/30/2005,ICT,KS,ACE,CE,Combined TRACON& Tower with Radar,46,92,135,17,290,0,4,13,1,18,46,96,148,18,308,138,24,162,470
12/01/2005,ICT,KS,ACE,CE,Combined TRACON& Tower with Radar,59,104,148,14,325,0,3,109,1,113,59,107,257,15,438,101,34,135,573
12/02/2005,ICT,KS,ACE,CE,Combined TRACON& Tower with Radar,47,123,135,12,317,0,14,139,1,154,47,137,274,13,471,68,6,74,545
12/03/2005,ICT,KS,ACE,CE,Combined TRACON& Tower with Radar,33,116,106,0,255,0,2,66,0,68,33,118,172,0,323,61,0,61,384
12/04/2005,ICT,KS,ACE,CE,Combined TRACON& Tower with Radar,27,76,104,6,213,0,17,81,7,105,27,93,185,13,318,106,28,134,452
12/05/2005,ICT,KS,ACE,CE,Combined TRACON& Tower with Radar,31,88,133,30,282,0,1,72,0,73,31,89,205,30,355,82,20,102,457
12/06/2005,ICT,KS,ACE,CE,Combined TRACON& Tower with Radar,54,101,144,27,326,0,13,112,0,125,54,114,256,27,451,149,66,215,666
12/07/2005,ICT,KS,ACE,CE,Combined TRACON& Tower with Radar,44,83,116,0,243,0,0,2,0,2,44,83,118,0,245,0,0,0,245
12/08/2005,ICT,KS,ACE,CE,Combined TRACON& Tower with Radar,45,103,162,24,334,0,5,27,1,33,45,108,189,25,367,61,16,77,444
12/09/2005,ICT,KS,ACE,CE,Combined TRACON& Tower with Radar,61,119,130,14,324,0,36,109,0,145,61,155,239,14,469,58,14,72,541
12/10/2005,ICT,KS,ACE,CE,Combined TRACON& Tower with Radar,46,67,69,1,183,0,1,97,0,98,46,68,166,1,281,46,0,46,327
12/11/2005,ICT,KS,ACE,CE,Combined TRACON& Tower with Radar,25,75,78,6,184,0,2,87,0,89,25,77,165,6,273,69,0,69,342
12/12/2005,ICT,KS,ACE,CE,Combined TRACON& Tower with Radar,29,94,158,34,315,0,4,129,1,134,29,98,287,35,449,83,82,165,614
12/13/2005,ICT,KS,ACE,CE,Combined TRACON& Tower with Radar,44,91,124,19,278,0,1,142,0,143,44,92,266,19,421,62,72,134,555
12/14/2005,ICT,KS,ACE,CE,Combined TRACON& Tower with Radar,37,81,158,34,310,0,11,120,0,131,37,92,278,34,441,45,32,77,518
12/15/2005,ICT,KS,ACE,CE,Combined TRACON& Tower with Radar,50,108,164,19,341,0,6,111,0,117,50,114,275,19,458,60,18,78,536
12/16/2005,ICT,KS,ACE,CE,Combined TRACON& Tower with Radar,40,122,189,14,365,0,22,139,1,162,40,144,328,15,527,110,14,124,651
12/17/2005,ICT,KS,ACE,CE,Combined TRACON& Tower with Radar,31,89,67,0,187,0,0,5,1,6,31,89,72,1,193,0,0,0,193
12/18/2005,ICT,KS,ACE,CE,Combined TRACON& Tower with Radar,37,83,78,6,204,0,0,3,0,3,37,83,81,6,207,0,0,0,207
12/19/2005,ICT,KS,ACE,CE,Combined TRACON& Tower with Radar,48,85,172,4,309,0,4,46,0,50,48,89,218,4,359,68,0,68,427
12/20/2005,ICT,KS,ACE,CE,Combined TRACON& Tower with Radar,40,102,161,10,313,0,1,10,0,11,40,103,171,10,324,10,6,16,340
12/21/2005,ICT,KS,ACE,CE,Combined TRACON& Tower with Radar,40,88,146,8,282,0,5,73,0,78,40,93,219,8,360,29,12,41,401
12/22/2005,ICT,KS,ACE,CE,Combined TRACON& Tower with Radar,44,93,183,19,339,0,16,115,0,131,44,109,298,19,470,50,54,104,574
12/23/2005,ICT,KS,ACE,CE,Combined TRACON& Tower with Radar,58,111,106,3,278,0,26,128,0,154,58,137,234,3,432,55,0,55,487
12/24/2005,ICT,KS,ACE,CE,Combined TRACON& Tower with Radar,32,89,28,0,149,0,11,15,0,26,32,100,43,0,175,0,0,0,175
12/25/2005,ICT,KS,ACE,CE,Combined TRACON& Tower with Radar,19,65,10,0,94,0,8,24,0,32,19,73,34,0,126,1,0,1,127
12/26/2005,ICT,KS,ACE,CE,Combined TRACON& Tower with Radar,24,71,56,0,151,0,11,99,0,110,24,82,155,0,261,22,0,22,283
12/27/2005,ICT,KS,ACE,CE,Combined TRACON& Tower with Radar,35,97,57,1,190,0,1,57,0,58,35,98,114,1,248,59,0,59,307
12/28/2005,ICT,KS,ACE,CE,Combined TRACON& Tower with Radar,36,89,77,2,204,0,5,64,0,69,36,94,141,2,273,53,2,55,328
12/29/2005,ICT,KS,ACE,CE,Combined TRACON& Tower with Radar,44,95,94,2,235,0,9,81,0,90,44,104,175,2,325,38,0,38,363
12/30/2005,ICT,KS,ACE,CE,Combined TRACON& Tower with Radar,31,88,50,2,171,0,17,84,0,101,31,105,134,2,272,55,0,55,327
12/31/2005,ICT,KS,ACE,CE,Combined TRACON& Tower with Radar,28,77,26,0,131,0,9,92,0,101,28,86,118,0,232,46,0,46,278
01/01/2006,ICT,KS,ACE,CE,Combined TRACON& Tower with Radar,21,71,27,0,119,0,3,66,0,69,21,74,93,0,188,137,0,137,325
01/02/2006,ICT,KS,ACE,CE,Combined TRACON& Tower with Radar,30,78,88,0,196,0,2,36,0,38,30,80,124,0,234,18,0,18,252
01/03/2006,ICT,KS,ACE,CE,Combined TRACON& Tower with Radar,25,91,82,8,206,0,5,75,0,80,25,96,157,8,286,54,27,81,367
01/04/2006,ICT,KS,ACE,CE,Combined TRACON& Tower with Radar,42,122,139,13,316,0,4,114,0,118,42,126,253,13,434,119,19,138,572
01/05/2006,ICT,KS,ACE,CE,Combined TRACON& Tower with Radar,44,92,113,28,277,0,4,27,0,31,44,96,140,28,308,98,100,198,506
01/06/2006,ICT,KS,ACE,CE,Combined TRACON& Tower with Radar,60,72,151,27,310,0,5,105,8,118,60,77,256,35,428,155,92,247,675
01/07/2006,ICT,KS,ACE,CE,Combined TRACON& Tower with Radar,42,74,81,0,197,0,2,129,1,132,42,76,210,1,329,95,0,95,424
01/08/2006,ICT,KS,ACE,CE,Combined TRACON& Tower with Radar,22,78,64,21,185,0,2,60,0,62,22,80,124,21,247,55,8,63,310
01/09/2006,ICT,KS,ACE,CE,Combined TRACON& Tower with Radar,31,72,104,21,228,0,2,19,0,21,31,74,123,21,249,46,6,52,301
01/10/2006,ICT,KS,ACE,CE,Combined TRACON& Tower with Radar,42,126,125,13,306,0,1,112,4,117,42,127,237,17,423,29,18,47,470
01/11/2006,ICT,KS,ACE,CE,Combined TRACON& Tower with Radar,35,99,133,12,279,0,4,23,0,27,35,103,156,12,306,19,57,76,382
01/12/2006,ICT,KS,ACE,CE,Combined TRACON& Tower with Radar,43,86,159,27,315,0,12,118,2,132,43,98,277,29,447,76,76,152,599
01/13/2006,ICT,KS,ACE,CE,Combined TRACON& Tower with Radar,39,98,146,6,289,0,4,139,1,144,39,102,285,7,433,66,0,66,499
01/14/2006,ICT,KS,ACE,CE,Combined TRACON& Tower with Radar,38,72,71,27,208,0,9,144,1,154,38,81,215,28,362,34,0,34,396
01/15/2006,ICT,KS,ACE,CE,Combined TRACON& Tower with Radar,28,64,53,4,149,0,2,80,0,82,28,66,133,4,231,98,0,98,329
01/16/2006,ICT,KS,ACE,CE,Combined TRACON& Tower with Radar,28,91,113,0,232,0,14,42,0,56,28,105,155,0,288,42,0,42,330
01/17/2006,ICT,KS,ACE,CE,Combined TRACON& Tower with Radar,43,77,127,6,253,0,4,95,0,99,43,81,222,6,352,22,0,22,374
01/18/2006,ICT,KS,ACE,CE,Combined TRACON& Tower with Radar,46,96,116,8,266,0,3,101,0,104,46,99,217,8,370,76,4,80,450
01/19/2006,ICT,KS,ACE,CE,Combined TRACON& Tower with Radar,63,107,122,9,301,0,6,116,7,129,63,113,238,16,430,149,28,177,607
01/20/2006,ICT,KS,ACE,CE,Combined TRACON& Tower with Radar,71,105,108,5,289,0,3,7,0,10,71,108,115,5,299,26,0,26,325
01/21/2006,ICT,KS,ACE,CE,Combined TRACON& Tower with Radar,40,67,82,8,197,0,4,93,1,98,40,71,175,9,295,90,18,108,403
01/22/2006,ICT,KS,ACE,CE,Combined TRACON& Tower with Radar,28,89,87,2,206,0,6,108,0,114,28,95,195,2,320,186,0,186,506
01/23/2006,ICT,KS,ACE,CE,Combined TRACON& Tower with Radar,39,99,123,35,296,0,16,91,3,110,39,115,214,38,406,80,44,124,530
01/24/2006,ICT,KS,ACE,CE,Combined TRACON& Tower with Radar,37,110,134,33,314,0,15,110,3,128,37,125,244,36,442,97,46,143,585
01/25/2006,ICT,KS,ACE,CE,Combined TRACON& Tower with Radar,50,91,142,21,304,0,4,112,0,116,50,95,254,21,420,72,34,106,526
01/26/2006,ICT,KS,ACE,CE,Combined TRACON& Tower with Radar,51,125,151,33,360,0,23,88,0,111,51,148,239,33,471,90,8,98,569
01/27/2006,ICT,KS,ACE,CE,Combined TRACON& Tower with Radar,45,123,141,38,347,0,12,122,0,134,45,135,263,38,481,77,40,117,598
01/28/2006,ICT,KS,ACE,CE,Combined TRACON& Tower with Radar,34,87,90,0,211,0,4,33,0,37,34,91,123,0,248,70,2,72,320
01/29/2006,ICT,KS,ACE,CE,Combined TRACON& Tower with Radar,23,77,80,0,180,0,11,88,0,99,23,88,168,0,279,61,0,61,340
01/30/2006,ICT,KS,ACE,CE,Combined TRACON& Tower with Radar,26,100,85,21,232,0,12,93,0,105,26,112,178,21,337,31,24,55,392
01/31/2006,ICT,KS,ACE,CE,Combined TRACON& Tower with Radar,37,113,137,30,317,0,3,97,0,100,37,116,234,30,417,54,62,116,533
02/01/2006,ICT,KS,ACE,CE,Combined TRACON& Tower with Radar,50,106,140,23,319,0,4,131,2,137,50,110,271,25,456,78,10,88,544
02/02/2006,ICT,KS,ACE,CE,Combined TRACON& Tower with Radar,55,107,127,35,324,0,3,152,7,162,55,110,279,42,486,99,30,129,615
02/03/2006,ICT,KS,ACE,CE,Combined TRACON& Tower with Radar,41,112,118,27,298,0,11,134,0,145,41,123,252,27,443,70,6,76,519
02/04/2006,ICT,KS,ACE,CE,Combined TRACON& Tower with Radar,50,74,92,1,217,0,2,146,0,148,50,76,238,1,365,108,0,108,473
02/05/2006,ICT,KS,ACE,CE,Combined TRACON& Tower with Radar,33,70,61,0,164,0,7,80,0,87,33,77,141,0,251,79,0,79,330
02/06/2006,ICT,KS,ACE,CE,Combined TRACON& Tower with Radar,40,103,122,6,271,0,3,102,0,105,40,106,224,6,376,62,4,66,442
02/07/2006,ICT,KS,ACE,CE,Combined TRACON& Tower with Radar,35,96,116,17,264,0,6,108,0,114,35,102,224,17,378,66,16,82,460
02/08/2006,ICT,KS,ACE,CE,Combined TRACON& Tower with Radar,40,106,158,20,324,0,6,93,0,99,40,112,251,20,423,25,8,33,456
02/09/2006,ICT,KS,ACE,CE,Combined TRACON& Tower with Radar,48,105,172,7,332,0,3,127,0,130,48,108,299,7,462,42,32,74,536
02/10/2006,ICT,KS,ACE,CE,Combined TRACON& Tower with Radar,35,125,139,15,314,0,8,120,0,128,35,133,259,15,442,98,6,104,546
02/11/2006,ICT,KS,ACE,CE,Combined TRACON& Tower with Radar,38,77,67,5,187,0,4,29,0,33,38,81,96,5,220,31,4,35,255
02/12/2006,ICT,KS,ACE,CE,Combined TRACON& Tower with Radar,30,70,65,8,173,0,3,61,0,64,30,73,126,8,237,33,10,43,280
02/13/2006,ICT,KS,ACE,CE,Combined TRACON& Tower with Radar,38,99,100,19,256,0,3,77,5,85,38,102,177,24,341,96,62,158,499
02/14/2006,ICT,KS,ACE,CE,Combined TRACON& Tower with Radar,56,87,124,27,294,0,3,88,0,91,56,90,212,27,385,71,28,99,484
02/15/2006,ICT,KS,ACE,CE,Combined TRACON& Tower with Radar,41,85,154,22,302,0,5,73,1,79,41,90,227,23,381,83,34,117,498
02/16/2006,ICT,KS,ACE,CE,Combined TRACON& Tower with Radar,65,102,132,0,299,0,3,24,0,27,65,105,156,0,326,12,0,12,338
02/17/2006,ICT,KS,ACE,CE,Combined TRACON& Tower with Radar,59,102,140,9,310,0,22,97,0,119,59,124,237,9,429,50,10,60,489
02/18/2006,ICT,KS,ACE,CE,Combined TRACON& Tower with Radar,41,72,50,2,165,0,1,69,0,70,41,73,119,2,235,24,4,28,263
02/19/2006,ICT,KS,ACE,CE,Combined TRACON& Tower with Radar,31,66,61,6,164,0,2,25,0,27,31,68,86,6,191,50,0,50,241
02/20/2006,ICT,KS,ACE,CE,Combined TRACON& Tower with Radar,35,88,122,19,264,0,6,61,0,67,35,94,183,19,331,65,32,97,428
02/21/2006,ICT,KS,ACE,CE,Combined TRACON& Tower with Radar,43,107,110,25,285,0,3,73,0,76,43,110,183,25,361,38,34,72,433
02/22/2006,ICT,KS,ACE,CE,Combined TRACON& Tower with Radar,54,90,158,42,344,0,5,138,1,144,54,95,296,43,488,57,35,92,580
02/23/2006,ICT,KS,ACE,CE,Combined TRACON& Tower with Radar,60,94,139,23,316,0,10,132,0,142,60,104,271,23,458,72,18,90,548
02/24/2006,ICT,KS,ACE,CE,Combined TRACON& Tower with Radar,42,121,131,27,321,0,18,124,2,144,42,139,255,29,465,105,96,201,666
02/25/2006,ICT,KS,ACE,CE,Combined TRACON& Tower with Radar,37,69,78,2,186,0,4,132,0,136,37,73,210,2,322,99,0,99,421
02/26/2006,ICT,KS,ACE,CE,Combined TRACON& Tower with Radar,24,78,63,7,172,0,0,119,0,119,24,78,182,7,291,76,0,76,367
02/27/2006,ICT,KS,ACE,CE,Combined TRACON& Tower with Radar,26,103,149,4,282,0,1,163,0,164,26,104,312,4,446,55,4,59,505
02/28/2006,ICT,KS,ACE,CE,Combined TRACON& Tower with Radar,36,124,111,20,291,0,7,117,3,127,36,131,228,23,418,48,28,76,494
03/01/2006,ICT,KS,ACE,CE,Combined TRACON& Tower with Radar,44,98,136,17,295,0,6,117,0,123,44,104,253,17,418,255,10,265,683
03/02/2006,ICT,KS,ACE,CE,Combined TRACON& Tower with Radar,45,112,123,13,293,0,8,136,0,144,45,120,259,13,437,124,18,142,579
03/03/2006,ICT,KS,ACE,CE,Combined TRACON& Tower with Radar,52,120,123,10,305,0,11,115,0,126,52,131,238,10,431,80,10,90,521
03/04/2006,ICT,KS,ACE,CE,Combined TRACON& Tower with Radar,42,76,91,4,213,0,3,49,0,52,42,79,140,4,265,17,0,17,282
03/05/2006,ICT,KS,ACE,CE,Combined TRACON& Tower with Radar,34,71,90,0,195,0,2,73,0,75,34,73,163,0,270,127,0,127,397
03/06/2006,ICT,KS,ACE,CE,Combined TRACON& Tower with Radar,38,96,124,18,276,0,6,119,0,125,38,102,243,18,401,102,50,152,553
03/07/2006,ICT,KS,ACE,CE,Combined TRACON& Tower with Radar,43,107,141,21,312,0,1,61,0,62,43,108,202,21,374,120,18,138,512
03/08/2006,ICT,KS,ACE,CE,Combined TRACON& Tower with Radar,55,96,151,33,335,0,14,79,0,93,55,110,230,33,428,122,112,234,662
03/09/2006,ICT,KS,ACE,CE,Combined TRACON& Tower with Radar,45,98,198,10,351,0,4,62,0,66,45,102,260,10,417,28,0,28,445
03/10/2006,ICT,KS,ACE,CE,Combined TRACON& Tower with Radar,53,109,136,18,316,0,10,134,0,144,53,119,270,18,460,89,56,145,605
03/11/2006,ICT,KS,ACE,CE,Combined TRACON& Tower with Radar,35,81,105,2,223,0,1,108,0,109,35,82,213,2,332,132,2,134,466
03/12/2006,ICT,KS,ACE,CE,Combined TRACON& Tower with Radar,31,73,84,3,191,0,3,23,0,26,31,76,107,3,217,0,0,0,217
03/13/2006,ICT,KS,ACE,CE,Combined TRACON& Tower with Radar,28,113,156,21,318,0,28,78,0,106,28,141,234,21,424,95,22,117,541
03/14/2006,ICT,KS,ACE,CE,Combined TRACON& Tower with Radar,52,85,155,20,312,0,7,136,0,143,52,92,291,20,455,76,50,126,581
03/15/2006,ICT,KS,ACE,CE,Combined TRACON& Tower with Radar,39,116,158,48,361,0,7,102,0,109,39,123,260,48,470,26,26,52,522
03/16/2006,ICT,KS,ACE,CE,Combined TRACON& Tower with Radar,56,97,165,16,334,0,9,124,3,136,56,106,289,19,470,81,10,91,561
03/17/2006,ICT,KS,ACE,CE,Combined TRACON& Tower with Radar,51,103,161,7,322,0,7,94,0,101,51,110,255,7,423,98,5,103,526
03/18/2006,ICT,KS,ACE,CE,Combined TRACON& Tower with Radar,41,89,114,7,251,0,0,2,0,2,41,89,116,7,253,0,0,0,253
03/19/2006,ICT,KS,ACE,CE,Combined TRACON& Tower with Radar,25,87,56,0,168,0,0,0,0,0,25,87,56,0,168,0,0,0,168
03/20/2006,ICT,KS,ACE,CE,Combined TRACON& Tower with Radar,34,92,87,4,217,0,0,0,0,0,34,92,87,4,217,0,0,0,217
03/21/2006,ICT,KS,ACE,CE,Combined TRACON& Tower with Radar,43,123,143,10,319,0,1,31,0,32,43,124,174,10,351,96,8,104,455
03/22/2006,ICT,KS,ACE,CE,Combined TRACON& Tower with Radar,45,101,155,19,320,0,3,18,0,21,45,104,173,19,341,24,10,34,375
03/23/2006,ICT,KS,ACE,CE,Combined TRACON& Tower with Radar,37,102,174,8,321,0,7,106,0,113,37,109,280,8,434,34,32,66,500
03/24/2006,ICT,KS,ACE,CE,Combined TRACON& Tower with Radar,45,123,192,6,366,0,3,151,2,156,45,126,343,8,522,61,2,63,585
03/25/2006,ICT,KS,ACE,CE,Combined TRACON& Tower with Radar,48,104,94,0,246,0,12,156,2,170,48,116,250,2,416,83,0,83,499
03/26/2006,ICT,KS,ACE,CE,Combined TRACON& Tower with Radar,32,85,89,5,211,0,16,58,0,74,32,101,147,5,285,14,0,14,299
03/27/2006,ICT,KS,ACE,CE,Combined TRACON& Tower with Radar,28,95,159,43,325,0,4,71,0,75,28,99,230,43,400,56,64,120,520
03/28/2006,ICT,KS,ACE,CE,Combined TRACON& Tower with Radar,45,103,154,10,312,0,11,149,0,160,45,114,303,10,472,129,12,141,613
03/29/2006,ICT,KS,ACE,CE,Combined TRACON& Tower with Radar,59,92,176,72,399,0,3,62,0,65,59,95,238,72,464,46,62,108,572
03/30/2006,ICT,KS,ACE,CE,Combined TRACON& Tower with Radar,53,83,137,7,280,0,2,12,1,15,53,85,149,8,295,8,0,8,303
03/31/2006,ICT,KS,ACE,CE,Combined TRACON& Tower with Radar,52,134,184,27,397,0,8,180,4,192,52,142,364,31,589,126,25,151,740
04/01/2006,ICT,KS,ACE,CE,Combined TRACON& Tower with Radar,45,83,107,2,237,0,3,91,1,95,45,86,198,3,332,46,0,46,378
04/02/2006,ICT,KS,ACE,CE,Combined TRACON& Tower with Radar,32,66,57,10,165,0,2,43,0,45,32,68,100,10,210,8,2,10,220
04/03/2006,ICT,KS,ACE,CE,Combined TRACON& Tower with Radar,27,87,122,22,258,0,8,98,0,106,27,95,220,22,364,36,6,42,406
04/04/2006,ICT,KS,ACE,CE,Combined TRACON& Tower with Radar,43,78,108,25,254,0,4,81,1,86,43,82,189,26,340,98,62,160,500
04/05/2006,ICT,KS,ACE,CE,Combined TRACON& Tower with Radar,50,99,138,13,300,0,7,84,3,94,50,106,222,16,394,58,16,74,468
04/06/2006,ICT,KS,ACE,CE,Combined TRACON& Tower with Radar,55,107,139,25,326,0,9,57,0,66,55,116,196,25,392,42,28,70,462
04/07/2006,ICT,KS,ACE,CE,Combined TRACON& Tower with Radar,49,100,149,10,308,0,1,31,1,33,49,101,180,11,341,32,0,32,373
04/08/2006,ICT,KS,ACE,CE,Combined TRACON& Tower with Radar,36,66,72,0,174,0,4,298,0,302,36,70,370,0,476,66,0,66,542
04/09/2006,ICT,KS,ACE,CE,Combined TRACON& Tower with Radar,26,77,83,0,186,0,3,103,13,119,26,80,186,13,305,32,2,34,339
04/10/2006,ICT,KS,ACE,CE,Combined TRACON& Tower with Radar,33,102,123,17,275,0,11,82,1,94,33,113,205,18,369,64,24,88,457
04/11/2006,ICT,KS,ACE,CE,Combined TRACON& Tower with Radar,39,116,117,24,296,0,12,58,10,80,39,128,175,34,376,39,48,87,463
04/12/2006,ICT,KS,ACE,CE,Combined TRACON& Tower with Radar,54,94,161,11,320,0,11,225,0,236,54,105,386,11,556,122,8,130,686
04/13/2006,ICT,KS,ACE,CE,Combined TRACON& Tower with Radar,51,102,188,16,357,0,7,217,0,224,51,109,405,16,581,50,22,72,653
04/14/2006,ICT,KS,ACE,CE,Combined TRACON& Tower with Radar,44,98,150,4,296,0,14,147,0,161,44,112,297,4,457,78,4,82,539
04/15/2006,ICT,KS,ACE,CE,Combined TRACON& Tower with Radar,40,65,63,4,172,0,5,50,0,55,40,70,113,4,227,21,0,21,248
04/16/2006,ICT,KS,ACE,CE,Combined TRACON& Tower with Radar,34,75,49,0,158,0,3,64,1,68,34,78,113,1,226,56,0,56,282
04/17/2006,ICT,KS,ACE,CE,Combined TRACON& Tower with Radar,34,79,120,45,278,0,9,131,2,142,34,88,251,47,420,68,26,94,514
04/18/2006,ICT,KS,ACE,CE,Combined TRACON& Tower with Radar,37,105,130,28,300,0,1,122,0,123,37,106,252,28,423,76,48,124,547
04/19/2006,ICT,KS,ACE,CE,Combined TRACON& Tower with Radar,40,104,163,9,316,0,10,150,1,161,40,114,313,10,477,103,18,121,598
04/20/2006,ICT,KS,ACE,CE,Combined TRACON& Tower with Radar,45,110,171,23,349,0,14,172,3,189,45,124,343,26,538,103,32,135,673
04/21/2006,ICT,KS,ACE,CE,Combined TRACON& Tower with Radar,40,97,136,27,300,0,8,165,3,176,40,105,301,30,476,120,32,152,628
04/22/2006,ICT,KS,ACE,CE,Combined TRACON& Tower with Radar,32,79,73,0,184,0,7,135,0,142,32,86,208,0,326,79,0,79,405
04/23/2006,ICT,KS,ACE,CE,Combined TRACON& Tower with Radar,27,76,90,0,193,0,2,93,0,95,27,78,183,0,288,56,0,56,344
04/24/2006,ICT,KS,ACE,CE,Combined TRACON& Tower with Radar,30,123,121,0,274,0,6,37,0,43,30,129,158,0,317,24,0,24,341
04/25/2006,ICT,KS,ACE,CE,Combined TRACON& Tower with Radar,42,96,160,11,309,0,3,14,0,17,42,99,174,11,326,39,28,67,393
04/26/2006,ICT,KS,ACE,CE,Combined TRACON& Tower with Radar,47,93,171,21,332,0,12,104,2,118,47,105,275,23,450,60,14,74,524
04/27/2006,ICT,KS,ACE,CE,Combined TRACON& Tower with Radar,41,109,201,22,373,0,9,150,1,160,41,118,351,23,533,67,12,79,612
04/28/2006,ICT,KS,ACE,CE,Combined TRACON& Tower with Radar,62,88,163,4,317,0,5,32,0,37,62,93,195,4,354,16,0,16,370
04/29/2006,ICT,KS,ACE,CE,Combined TRACON& Tower with Radar,42,73,113,0,228,0,0,8,0,8,42,73,121,0,236,8,0,8,244
04/30/2006,ICT,KS,ACE,CE,Combined TRACON& Tower with Radar,31,83,86,0,200,0,6,98,0,104,31,89,184,0,304,26,0,26,330
05/01/2006,ICT,KS,ACE,CE,Combined TRACON& Tower with Radar,45,89,137,33,304,0,3,109,1,113,45,92,246,34,417,42,44,86,503
05/02/2006,ICT,KS,ACE,CE,Combined TRACON& Tower with Radar,43,86,120,21,270,0,7,92,0,99,43,93,212,21,369,71,52,123,492
05/03/2006,ICT,KS,ACE,CE,Combined TRACON& Tower with Radar,55,95,169,12,331,0,3,85,0,88,55,98,254,12,419,55,0,55,474
05/04/2006,ICT,KS,ACE,CE,Combined TRACON& Tower with Radar,65,101,156,5,327,0,8,40,0,48,65,109,196,5,375,20,0,20,395
05/05/2006,ICT,KS,ACE,CE,Combined TRACON& Tower with Radar,52,135,181,22,390,0,12,71,1,84,52,147,252,23,474,55,38,93,567
05/06/2006,ICT,KS,ACE,CE,Combined TRACON& Tower with Radar,35,86,79,6,206,0,4,7,1,12,35,90,86,7,218,18,6,24,242
05/07/2006,ICT,KS,ACE,CE,Combined TRACON& Tower with Radar,30,88,79,5,202,0,2,11,0,13,30,90,90,5,215,30,0,30,245
05/08/2006,ICT,KS,ACE,CE,Combined TRACON& Tower with Radar,31,106,156,15,308,0,4,53,0,57,31,110,209,15,365,60,36,96,461
05/09/2006,ICT,KS,ACE,CE,Combined TRACON& Tower with Radar,43,93,134,4,274,0,3,112,0,115,43,96,246,4,389,84,0,84,473
05/10/2006,ICT,KS,ACE,CE,Combined TRACON& Tower with Radar,40,101,193,22,356,0,8,78,1,87,40,109,271,23,443,46,20,66,509
05/11/2006,ICT,KS,ACE,CE,Combined TRACON& Tower with Radar,49,122,160,11,342,0,15,139,0,154,49,137,299,11,496,77,10,87,583
05/12/2006,ICT,KS,ACE,CE,Combined TRACON& Tower with Radar,70,82,147,18,317,0,8,171,0,179,70,90,318,18,496,106,30,136,632
05/13/2006,ICT,KS,ACE,CE,Combined TRACON& Tower with Radar,32,82,99,0,213,0,11,152,0,163,32,93,251,0,376,0,0,0,376
05/14/2006,ICT,KS,ACE,CE,Combined TRACON& Tower with Radar,31,73,50,9,163,0,4,73,1,78,31,77,123,10,241,38,6,44,285
05/15/2006,ICT,KS,ACE,CE,Combined TRACON& Tower with Radar,36,95,174,14,319,0,10,84,0,94,36,105,258,14,413,50,0,50,463
05/16/2006,ICT,KS,ACE,CE,Combined TRACON& Tower with Radar,36,107,140,17,300,0,30,107,0,137,36,137,247,17,437,44,24,68,505
05/17/2006,ICT,KS,ACE,CE,Combined TRACON& Tower with Radar,42,90,186,15,333,0,9,186,0,195,42,99,372,15,528,81,60,141,669
05/18/2006,ICT,KS,ACE,CE,Combined TRACON& Tower with Radar,48,114,220,18,400,0,15,156,1,172,48,129,376,19,572,66,18,84,656
05/19/2006,ICT,KS,ACE,CE,Combined TRACON& Tower with Radar,51,113,162,16,342,0,6,139,0,145,51,119,301,16,487,96,12,108,595
05/20/2006,ICT,KS,ACE,CE,Combined TRACON& Tower with Radar,39,74,111,3,227,0,11,127,0,138,39,85,238,3,365,84,4,88,453
05/21/2006,ICT,KS,ACE,CE,Combined TRACON& Tower with Radar,29,73,84,3,189,0,4,79,0,83,29,77,163,3,272,31,8,39,311
05/22/2006,ICT,KS,ACE,CE,Combined TRACON& Tower with Radar,34,96,145,8,283,0,2,78,0,80,34,98,223,8,363,36,2,38,401
05/23/2006,ICT,KS,ACE,CE,Combined TRACON& Tower with Radar,47,82,135,15,279,0,6,119,1,126,47,88,254,16,405,80,12,92,497
05/24/2006,ICT,KS,ACE,CE,Combined TRACON& Tower with Radar,44,110,152,19,325,0,3,148,0,151,44,113,300,19,476,52,8,60,536
05/25/2006,ICT,KS,ACE,CE,Combined TRACON& Tower with Radar,71,104,178,16,369,0,13,166,0,179,71,117,344,16,548,63,2,65,613
05/26/2006,ICT,KS,ACE,CE,Combined TRACON& Tower with Radar,44,111,172,1,328,0,15,121,0,136,44,126,293,1,464,22,0,22,486
05/27/2006,ICT,KS,ACE,CE,Combined TRACON& Tower with Radar,36,74,43,2,155,0,1,35,0,36,36,75,78,2,191,24,0,24,215
05/28/2006,ICT,KS,ACE,CE,Combined TRACON& Tower with Radar,28,57,30,0,115,0,1,15,0,16,28,58,45,0,131,2,0,2,133
05/29/2006,ICT,KS,ACE,CE,Combined TRACON& Tower with Radar,27,72,65,0,164,0,12,47,0,59,27,84,112,0,223,42,0,42,265
05/30/2006,ICT,KS,ACE,CE,Combined TRACON& Tower with Radar,31,85,162,17,295,0,2,52,1,55,31,87,214,18,350,32,4,36,386
05/31/2006,ICT,KS,ACE,CE,Combined TRACON& Tower with Radar,54,94,152,38,338,0,1,108,3,112,54,95,260,41,450,38,30,68,518
06/01/2006,ICT,KS,ACE,CE,Combined TRACON& Tower with Radar,52,115,197,7,371,0,15,111,0,126,52,130,308,7,497,75,14,89,586
06/02/2006,ICT,KS,ACE,CE,Combined TRACON& Tower with Radar,38,117,157,18,330,0,18,161,3,182,38,135,318,21,512,155,4,159,671
06/03/2006,ICT,KS,ACE,CE,Combined TRACON& Tower with Radar,34,89,84,0,207,0,8,112,0,120,34,97,196,0,327,98,0,98,425
06/04/2006,ICT,KS,ACE,CE,Combined TRACON& Tower with Radar,29,90,84,4,207,0,2,83,0,85,29,92,167,4,292,30,2,32,324
06/05/2006,ICT,KS,ACE,CE,Combined TRACON& Tower with Radar,27,108,149,23,307,0,5,92,12,109,27,113,241,35,416,91,42,133,549
06/06/2006,ICT,KS,ACE,CE,Combined TRACON& Tower with Radar,42,110,130,17,299,0,5,136,2,143,42,115,266,19,442,41,18,59,501
06/07/2006,ICT,KS,ACE,CE,Combined TRACON& Tower with Radar,42,111,178,22,353,0,8,172,1,181,42,119,350,23,534,89,18,107,641
06/08/2006,ICT,KS,ACE,CE,Combined TRACON& Tower with Radar,51,103,181,26,361,0,5,149,0,154,51,108,330,26,515,64,8,72,587
06/09/2006,ICT,KS,ACE,CE,Combined TRACON& Tower with Radar,56,126,160,31,373,0,9,126,0,135,56,135,286,31,508,81,14,95,603
06/10/2006,ICT,KS,ACE,CE,Combined TRACON& Tower with Radar,37,81,88,0,206,0,5,104,0,109,37,86,192,0,315,54,0,54,369
06/11/2006,ICT,KS,ACE,CE,Combined TRACON& Tower with Radar,23,92,90,9,214,0,1,132,0,133,23,93,222,9,347,76,18,94,441
06/12/2006,ICT,KS,ACE,CE,Combined TRACON& Tower with Radar,29,114,144,5,292,0,13,56,2,71,29,127,200,7,363,46,20,66,429
06/13/2006,ICT,KS,ACE,CE,Combined TRACON& Tower with Radar,39,126,145,17,327,0,10,149,3,162,39,136,294,20,489,86,13,99,588
06/14/2006,ICT,KS,ACE,CE,Combined TRACON& Tower with Radar,58,87,176,28,349,522,4,166,4,696,580,91,342,32,1045,91,34,125,1170
06/15/2006,ICT,KS,ACE,CE,Combined TRACON& Tower with Radar,56,118,176,22,372,0,17,142,2,161,56,135,318,24,533,66,54,120,653
06/16/2006,ICT,KS,ACE,CE,Combined TRACON& Tower with Radar,38,123,179,33,373,0,2,116,2,120,38,125,295,35,493,28,36,64,557
06/17/2006,ICT,KS,ACE,CE,Combined TRACON& Tower with Radar,34,97,90,7,228,0,2,36,2,40,34,99,126,9,268,86,6,92,360
06/18/2006,ICT,KS,ACE,CE,Combined TRACON& Tower with Radar,26,79,72,13,190,0,3,95,5,103,26,82,167,18,293,66,0,66,359
06/19/2006,ICT,KS,ACE,CE,Combined TRACON& Tower with Radar,20,107,162,23,312,0,6,92,4,102,20,113,254,27,414,63,26,89,503
06/20/2006,ICT,KS,ACE,CE,Combined TRACON& Tower with Radar,44,109,168,12,333,0,8,160,0,168,44,117,328,12,501,48,4,52,553
06/21/2006,ICT,KS,ACE,CE,Combined TRACON& Tower with Radar,0,0,0,0,0,48,129,270,6,453,48,129,270,6,453,122,0,122,575
06/22/2006,ICT,KS,ACE,CE,Combined TRACON& Tower with Radar,62,108,162,25,357,0,6,95,6,107,62,114,257,31,464,183,44,227,691
06/23/2006,ICT,KS,ACE,CE,Combined TRACON& Tower with Radar,65,110,146,18,339,0,4,135,7,146,65,114,281,25,485,129,16,145,630
06/24/2006,ICT,KS,ACE,CE,Combined TRACON& Tower with Radar,46,79,76,0,201,1,20,177,1,199,47,99,253,1,400,90,0,90,490
06/25/2006,ICT,KS,ACE,CE,Combined TRACON& Tower with Radar,30,80,87,11,208,0,5,122,2,129,30,85,209,13,337,93,9,102,439
06/26/2006,ICT,KS,ACE,CE,Combined TRACON& Tower with Radar,31,108,147,19,305,0,18,151,2,171,31,126,298,21,476,120,31,151,627
06/27/2006,ICT,KS,ACE,CE,Combined TRACON& Tower with Radar,41,117,186,15,359,0,12,174,2,188,41,129,360,17,547,87,30,117,664
06/28/2006,ICT,KS,ACE,CE,Combined TRACON& Tower with Radar,52,118,206,13,389,0,0,0,0,0,52,118,206,13,389,80,18,98,487
06/29/2006,ICT,KS,ACE,CE,Combined TRACON& Tower with Radar,52,122,183,6,363,0,13,150,1,164,52,135,333,7,527,79,50,129,656
06/30/2006,ICT,KS,ACE,CE,Combined TRACON& Tower with Radar,63,118,188,33,402,0,10,180,0,190,63,128,368,33,592,63,28,91,683
07/01/2006,ICT,KS,ACE,CE,Combined TRACON& Tower with Radar,33,83,77,0,193,0,2,63,3,68,33,85,140,3,261,41,1,42,303
07/02/2006,ICT,KS,ACE,CE,Combined TRACON& Tower with Radar,23,83,48,0,154,0,2,55,0,57,23,85,103,0,211,62,0,62,273
07/03/2006,ICT,KS,ACE,CE,Combined TRACON& Tower with Radar,43,53,64,3,163,0,0,80,0,80,43,53,144,3,243,94,2,96,339
07/04/2006,ICT,KS,ACE,CE,Combined TRACON& Tower with Radar,26,100,51,2,179,0,0,46,0,46,26,100,97,2,225,24,0,24,249
07/05/2006,ICT,KS,ACE,CE,Combined TRACON& Tower with Radar,42,115,105,33,295,0,5,99,1,105,42,120,204,34,400,89,65,154,554
07/06/2006,ICT,KS,ACE,CE,Combined TRACON& Tower with Radar,59,108,109,32,308,0,9,109,0,118,59,117,218,32,426,142,46,188,614
07/07/2006,ICT,KS,ACE,CE,Combined TRACON& Tower with Radar,57,115,151,9,332,0,37,548,159,744,57,152,699,168,1076,104,31,135,1211
07/08/2006,ICT,KS,ACE,CE,Combined TRACON& Tower with Radar,43,83,77,4,207,0,11,97,3,111,43,94,174,7,318,98,0,98,416
07/09/2006,ICT,KS,ACE,CE,Combined TRACON& Tower with Radar,33,88,60,4,185,0,1,49,0,50,33,89,109,4,235,22,6,28,263
07/10/2006,ICT,KS,ACE,CE,Combined TRACON& Tower with Radar,44,96,116,22,278,0,1,92,0,93,44,97,208,22,371,92,22,114,485
07/11/2006,ICT,KS,ACE,CE,Combined TRACON& Tower with Radar,47,97,162,20,326,0,2,120,0,122,47,99,282,20,448,128,36,164,612
07/12/2006,ICT,KS,ACE,CE,Combined TRACON& Tower with Radar,46,103,153,38,340,0,6,111,0,117,46,109,264,38,457,82,20,102,559
07/13/2006,ICT,KS,ACE,CE,Combined TRACON& Tower with Radar,54,114,140,38,346,0,7,119,0,126,54,121,259,38,472,88,84,172,644
07/14/2006,ICT,KS,ACE,CE,Combined TRACON& Tower with Radar,39,111,154,32,336,0,10,128,3,141,39,121,282,35,477,103,26,129,606
07/15/2006,ICT,KS,ACE,CE,Combined TRACON& Tower with Radar,44,85,77,3,209,0,4,92,2,98,44,89,169,5,307,86,2,88,395
07/16/2006,ICT,KS,ACE,CE,Combined TRACON& Tower with Radar,27,89,71,7,194,0,3,98,0,101,27,92,169,7,295,48,0,48,343
07/17/2006,ICT,KS,ACE,CE,Combined TRACON& Tower with Radar,30,105,135,19,289,0,8,110,0,118,30,113,245,19,407,91,20,111,518
07/18/2006,ICT,KS,ACE,CE,Combined TRACON& Tower with Radar,41,118,138,23,320,0,5,113,1,119,41,123,251,24,439,78,24,102,541
07/19/2006,ICT,KS,ACE,CE,Combined TRACON& Tower with Radar,40,106,169,24,339,0,4,130,1,135,40,110,299,25,474,68,26,94,568
07/20/2006,ICT,KS,ACE,CE,Combined TRACON& Tower with Radar,43,107,121,19,290,0,13,169,2,184,43,120,290,21,474,84,24,108,582
07/21/2006,ICT,KS,ACE,CE,Combined TRACON& Tower with Radar,43,141,156,10,350,0,19,127,0,146,43,160,283,10,496,100,7,107,603
07/22/2006,ICT,KS,ACE,CE,Combined TRACON& Tower with Radar,32,115,81,0,228,0,11,121,2,134,32,126,202,2,362,38,0,38,400
07/23/2006,ICT,KS,ACE,CE,Combined TRACON& Tower with Radar,30,74,78,8,190,0,12,101,0,113,30,86,179,8,303,63,18,81,384
07/24/2006,ICT,KS,ACE,CE,Combined TRACON& Tower with Radar,28,100,141,26,295,0,5,112,0,117,28,105,253,26,412,34,0,34,446
07/25/2006,ICT,KS,ACE,CE,Combined TRACON& Tower with Radar,42,108,170,17,337,0,4,105,0,109,42,112,275,17,446,72,16,88,534
07/26/2006,ICT,KS,ACE,CE,Combined TRACON& Tower with Radar,39,127,208,7,381,0,2,120,0,122,39,129,328,7,503,108,2,110,613
07/27/2006,ICT,KS,ACE,CE,Combined TRACON& Tower with Radar,38,118,168,10,334,0,3,32,0,35,38,121,200,10,369,18,6,24,393
07/28/2006,ICT,KS,ACE,CE,Combined TRACON& Tower with Radar,47,133,140,18,338,0,4,122,0,126,47,137,262,18,464,102,30,132,596
07/29/2006,ICT,KS,ACE,CE,Combined TRACON& Tower with Radar,38,74,70,11,193,0,2,93,0,95,38,76,163,11,288,50,2,52,340
07/30/2006,ICT,KS,ACE,CE,Combined TRACON& Tower with Radar,36,83,89,7,215,0,6,87,0,93,36,89,176,7,308,47,4,51,359
07/31/2006,ICT,KS,ACE,CE,Combined TRACON& Tower with Radar,34,99,131,36,300,0,2,108,2,112,34,101,239,38,412,44,34,78,490
08/01/2006,ICT,KS,ACE,CE,Combined TRACON& Tower with Radar,45,121,131,13,310,0,8,113,2,123,45,129,244,15,433,116,10,126,559
08/02/2006,ICT,KS,ACE,CE,Combined TRACON& Tower with Radar,43,105,157,24,329,0,1,113,2,116,43,106,270,26,445,113,22,135,580
08/03/2006,ICT,KS,ACE,CE,Combined TRACON& Tower with Radar,46,105,191,10,352,0,0,73,1,74,46,105,264,11,426,110,4,114,540
08/04/2006,ICT,KS,ACE,CE,Combined TRACON& Tower with Radar,37,127,131,26,321,0,16,144,1,161,37,143,275,27,482,73,10,83,565
08/05/2006,ICT,KS,ACE,CE,Combined TRACON& Tower with Radar,34,95,73,9,211,0,4,103,0,107,34,99,176,9,318,55,0,55,373
08/06/2006,ICT,KS,ACE,CE,Combined TRACON& Tower with Radar,33,77,87,9,206,0,3,95,1,99,33,80,182,10,305,93,10,103,408
08/07/2006,ICT,KS,ACE,CE,Combined TRACON& Tower with Radar,34,117,142,8,301,0,17,53,1,71,34,134,195,9,372,45,22,67,439
08/08/2006,ICT,KS,ACE,CE,Combined TRACON& Tower with Radar,45,111,152,17,325,0,7,121,1,129,45,118,273,18,454,114,12,126,580
08/09/2006,ICT,KS,ACE,CE,Combined TRACON& Tower with Radar,36,119,170,23,348,0,2,147,0,149,36,121,317,23,497,106,4,110,607
08/10/2006,ICT,KS,ACE,CE,Combined TRACON& Tower with Radar,41,115,140,16,312,0,12,118,7,137,41,127,258,23,449,73,12,85,534
08/11/2006,ICT,KS,ACE,CE,Combined TRACON& Tower with Radar,40,142,154,22,358,0,14,108,0,122,40,156,262,22,480,61,14,75,555
08/12/2006,ICT,KS,ACE,CE,Combined TRACON& Tower with Radar,36,88,59,4,187,0,0,112,1,113,36,88,171,5,300,49,0,49,349
08/13/2006,ICT,KS,ACE,CE,Combined TRACON& Tower with Radar,35,93,79,5,212,0,4,89,0,93,35,97,168,5,305,66,5,71,376
08/14/2006,ICT,KS,ACE,CE,Combined TRACON& Tower with Radar,37,104,143,12,296,0,2,19,0,21,37,106,162,12,317,33,2,35,352
08/15/2006,ICT,KS,ACE,CE,Combined TRACON& Tower with Radar,33,114,156,18,321,0,7,24,0,31,33,121,180,18,352,113,30,143,495
08/16/2006,ICT,KS,ACE,CE,Combined TRACON& Tower with Radar,54,118,199,23,394,0,2,107,0,109,54,120,306,23,503,137,16,153,656
08/17/2006,ICT,KS,ACE,CE,Combined TRACON& Tower with Radar,60,120,164,10,354,0,3,162,0,165,60,123,326,10,519,68,2,70,589
08/18/2006,ICT,KS,ACE,CE,Combined TRACON& Tower with Radar,56,140,144,6,346,0,8,170,0,178,56,148,314,6,524,89,8,97,621
08/19/2006,ICT,KS,ACE,CE,Combined TRACON& Tower with Radar,40,122,82,0,244,0,4,106,0,110,40,126,188,0,354,26,0,26,380
08/20/2006,ICT,KS,ACE,CE,Combined TRACON& Tower with Radar,30,90,88,0,208,0,0,28,0,28,30,90,116,0,236,112,0,112,348
08/21/2006,ICT,KS,ACE,CE,Combined TRACON& Tower with Radar,30,121,150,8,309,0,2,57,0,59,30,123,207,8,368,86,10,96,464
08/22/2006,ICT,KS,ACE,CE,Combined TRACON& Tower with Radar,51,106,179,29,365,0,6,131,0,137,51,112,310,29,502,174,12,186,688
08/23/2006,ICT,KS,ACE,CE,Combined TRACON& Tower with Radar,37,112,193,7,349,0,4,138,4,146,37,116,331,11,495,78,12,90,585
08/24/2006,ICT,KS,ACE,CE,Combined TRACON& Tower with Radar,38,118,172,23,351,0,23,152,2,177,38,141,324,25,528,187,74,261,789
08/25/2006,ICT,KS,ACE,CE,Combined TRACON& Tower with Radar,49,133,177,29,388,0,8,161,0,169,49,141,338,29,557,120,62,182,739
08/26/2006,ICT,KS,ACE,CE,Combined TRACON& Tower with Radar,35,109,86,0,230,0,1,45,0,46,35,110,131,0,276,55,0,55,331
08/27/2006,ICT,KS,ACE,CE,Combined TRACON& Tower with Radar,21,109,84,19,233,0,0,27,0,27,21,109,111,19,260,96,42,138,398
08/28/2006,ICT,KS,ACE,CE,Combined TRACON& Tower with Radar,34,114,184,23,355,0,6,101,0,107,34,120,285,23,462,35,10,45,507
08/29/2006,ICT,KS,ACE,CE,Combined TRACON& Tower with Radar,29,116,178,14,337,0,6,102,0,108,29,122,280,14,445,104,10,114,559
08/30/2006,ICT,KS,ACE,CE,Combined TRACON& Tower with Radar,53,103,170,28,354,0,8,165,1,174,53,111,335,29,528,86,30,116,644
08/31/2006,ICT,KS,ACE,CE,Combined TRACON& Tower with Radar,55,125,214,37,431,0,4,177,3,184,55,129,391,40,615,144,40,184,799
09/01/2006,ICT,KS,ACE,CE,Combined TRACON& Tower with Radar,61,109,177,11,358,0,9,199,0,208,61,118,376,11,566,138,4,142,708
09/02/2006,ICT,KS,ACE,CE,Combined TRACON& Tower with Radar,27,94,73,4,198,0,2,31,0,33,27,96,104,4,231,50,2,52,283
09/03/2006,ICT,KS,ACE,CE,Combined TRACON& Tower with Radar,21,83,68,1,173,0,7,74,0,81,21,90,142,1,254,10,0,10,264
09/04/2006,ICT,KS,ACE,CE,Combined TRACON& Tower with Radar,32,78,61,2,173,0,12,92,0,104,32,90,153,2,277,45,0,45,322
09/05/2006,ICT,KS,ACE,CE,Combined TRACON& Tower with Radar,32,106,164,12,314,0,6,141,1,148,32,112,305,13,462,66,40,106,568
09/06/2006,ICT,KS,ACE,CE,Combined TRACON& Tower with Radar,45,92,189,16,342,0,1,159,5,165,45,93,348,21,507,140,180,320,827
09/07/2006,ICT,KS,ACE,CE,Combined TRACON& Tower with Radar,76,90,189,7,362,0,5,124,0,129,76,95,313,7,491,82,24,106,597
09/08/2006,ICT,KS,ACE,CE,Combined TRACON& Tower with Radar,53,138,202,13,406,0,6,118,8,132,53,144,320,21,538,49,0,49,587
09/09/2006,ICT,KS,ACE,CE,Combined TRACON& Tower with Radar,44,76,98,2,220,0,6,86,0,92,44,82,184,2,312,103,0,103,415
09/10/2006,ICT,KS,ACE,CE,Combined TRACON& Tower with Radar,31,87,116,4,238,0,3,64,0,67,31,90,180,4,305,61,4,65,370
09/11/2006,ICT,KS,ACE,CE,Combined TRACON& Tower with Radar,41,103,200,27,371,0,7,67,0,74,41,110,267,27,445,115,46,161,606
09/12/2006,ICT,KS,ACE,CE,Combined TRACON& Tower with Radar,47,108,221,40,416,0,3,92,2,97,47,111,313,42,513,106,40,146,659
09/13/2006,ICT,KS,ACE,CE,Combined TRACON& Tower with Radar,51,112,168,27,358,0,7,131,1,139,51,119,299,28,497,74,9,83,580
09/14/2006,ICT,KS,ACE,CE,Combined TRACON& Tower with Radar,60,116,178,12,366,0,8,131,0,139,60,124,309,12,505,94,0,94,599
09/15/2006,ICT,KS,ACE,CE,Combined TRACON& Tower with Radar,51,117,181,33,382,0,21,110,1,132,51,138,291,34,514,80,0,80,594
09/16/2006,ICT,KS,ACE,CE,Combined TRACON& Tower with Radar,39,112,56,0,207,0,15,44,1,60,39,127,100,1,267,20,0,20,287
09/17/2006,ICT,KS,ACE,CE,Combined TRACON& Tower with Radar,34,88,117,5,244,0,7,87,0,94,34,95,204,5,338,75,0,75,413
09/18/2006,ICT,KS,ACE,CE,Combined TRACON& Tower with Radar,37,95,161,11,304,0,4,126,1,131,37,99,287,12,435,64,4,68,503
09/19/2006,ICT,KS,ACE,CE,Combined TRACON& Tower with Radar,48,109,132,14,303,0,7,148,0,155,48,116,280,14,458,139,8,147,605
09/20/2006,ICT,KS,ACE,CE,Combined TRACON& Tower with Radar,53,108,178,35,374,0,1,155,0,156,53,109,333,35,530,178,62,240,770
09/21/2006,ICT,KS,ACE,CE,Combined TRACON& Tower with Radar,39,103,155,1,298,0,2,17,0,19,39,105,172,1,317,14,0,14,331
09/22/2006,ICT,KS,ACE,CE,Combined TRACON& Tower with Radar,62,92,175,56,385,0,15,146,1,162,62,107,321,57,547,119,112,231,778
09/23/2006,ICT,KS,ACE,CE,Combined TRACON& Tower with Radar,32,94,76,0,202,0,2,106,0,108,32,96,182,0,310,36,0,36,346
09/24/2006,ICT,KS,ACE,CE,Combined TRACON& Tower with Radar,31,94,93,9,227,0,11,64,0,75,31,105,157,9,302,34,10,44,346
09/25/2006,ICT,KS,ACE,CE,Combined TRACON& Tower with Radar,53,99,169,36,357,0,4,201,1,206,53,103,370,37,563,122,46,168,731
09/26/2006,ICT,KS,ACE,CE,Combined TRACON& Tower with Radar,58,102,154,15,329,0,5,132,0,137,58,107,286,15,466,104,78,182,648
09/27/2006,ICT,KS,ACE,CE,Combined TRACON& Tower with Radar,51,76,162,37,326,0,1,129,0,130,51,77,291,37,456,144,84,228,684
09/28/2006,ICT,KS,ACE,CE,Combined TRACON& Tower with Radar,49,98,216,2,365,0,16,93,0,109,49,114,309,2,474,144,10,154,628
09/29/2006,ICT,KS,ACE,CE,Combined TRACON& Tower with Radar,62,132,263,15,472,0,18,170,4,192,62,150,433,19,664,80,34,114,778
09/30/2006,ICT,KS,ACE,CE,Combined TRACON& Tower with Radar,35,93,82,6,216,0,8,141,0,149,35,101,223,6,365,130,0,130,495
10/01/2006,ICT,KS,ACE,CE,Combined TRACON& Tower with Radar,39,69,115,1,224,0,7,102,0,109,39,76,217,1,333,50,0,50,383
10/02/2006,ICT,KS,ACE,CE,Combined TRACON& Tower with Radar,43,87,134,8,272,0,22,99,1,122,43,109,233,9,394,29,8,37,431
10/03/2006,ICT,KS,ACE,CE,Combined TRACON& Tower with Radar,41,81,181,10,313,0,8,97,3,108,41,89,278,13,421,54,16,70,491
10/04/2006,ICT,KS,ACE,CE,Combined TRACON& Tower with Radar,51,88,187,19,345,0,17,142,0,159,51,105,329,19,504,166,42,208,712
10/05/2006,ICT,KS,ACE,CE,Combined TRACON& Tower with Radar,47,108,181,25,361,0,16,137,1,154,47,124,318,26,515,112,26,138,653
10/06/2006,ICT,KS,ACE,CE,Combined TRACON& Tower with Radar,48,101,138,27,314,0,10,158,0,168,48,111,296,27,482,78,30,108,590
10/07/2006,ICT,KS,ACE,CE,Combined TRACON& Tower with Radar,36,86,80,3,205,0,7,104,0,111,36,93,184,3,316,69,0,69,385
10/08/2006,ICT,KS,ACE,CE,Combined TRACON& Tower with Radar,27,63,75,0,165,0,4,91,0,95,27,67,166,0,260,105,0,105,365
10/09/2006,ICT,KS,ACE,CE,Combined TRACON& Tower with Radar,46,93,165,12,316,0,9,98,0,107,46,102,263,12,423,145,0,145,568
10/10/2006,ICT,KS,ACE,CE,Combined TRACON& Tower with Radar,44,110,137,8,299,0,2,10,0,12,44,112,147,8,311,11,0,11,322
10/11/2006,ICT,KS,ACE,CE,Combined TRACON& Tower with Radar,47,113,215,19,394,0,7,133,0,140,47,120,348,19,534,200,34,234,768
10/12/2006,ICT,KS,ACE,CE,Combined TRACON& Tower with Radar,62,117,192,13,384,0,27,117,0,144,62,144,309,13,528,112,10,122,650
10/13/2006,ICT,KS,ACE,CE,Combined TRACON& Tower with Radar,69,155,172,13,409,0,24,169,0,193,69,179,341,13,602,163,6,169,771
10/14/2006,ICT,KS,ACE,CE,Combined TRACON& Tower with Radar,46,78,116,3,243,0,1,146,0,147,46,79,262,3,390,46,0,46,436
10/15/2006,ICT,KS,ACE,CE,Combined TRACON& Tower with Radar,31,81,134,22,268,0,4,5,0,9,31,85,139,22,277,42,4,46,323
10/16/2006,ICT,KS,ACE,CE,Combined TRACON& Tower with Radar,7,123,197,2,329,0,0,9,0,9,7,123,206,2,338,44,6,50,388
10/17/2006,ICT,KS,ACE,CE,Combined TRACON& Tower with Radar,45,116,154,15,330,0,0,73,0,73,45,116,227,15,403,84,24,108,511
10/18/2006,ICT,KS,ACE,CE,Combined TRACON& Tower with Radar,60,131,155,24,370,0,8,55,2,65,60,139,210,26,435,76,38,114,549
10/19/2006,ICT,KS,ACE,CE,Combined TRACON& Tower with Radar,63,107,174,15,359,0,13,138,0,151,63,120,312,15,510,88,28,116,626
10/20/2006,ICT,KS,ACE,CE,Combined TRACON& Tower with Radar,61,137,202,17,417,0,9,133,0,142,61,146,335,17,559,223,10,233,792
10/21/2006,ICT,KS,ACE,CE,Combined TRACON& Tower with Radar,46,79,116,0,241,0,4,13,0,17,46,83,129,0,258,33,0,33,291
10/22/2006,ICT,KS,ACE,CE,Combined TRACON& Tower with Radar,26,71,88,18,203,0,3,90,1,94,26,74,178,19,297,66,12,78,375
10/23/2006,ICT,KS,ACE,CE,Combined TRACON& Tower with Radar,38,110,153,17,318,0,18,103,0,121,38,128,256,17,439,64,24,88,527
10/24/2006,ICT,KS,ACE,CE,Combined TRACON& Tower with Radar,64,106,187,25,382,0,2,138,0,140,64,108,325,25,522,82,12,94,616
10/25/2006,ICT,KS,ACE,CE,Combined TRACON& Tower with Radar,48,119,247,32,446,0,0,6,0,6,48,119,253,32,452,4,0,4,456
10/26/2006,ICT,KS,ACE,CE,Combined TRACON& Tower with Radar,49,113,134,1,297,0,0,1,0,1,49,113,135,1,298,18,0,18,316
10/27/2006,ICT,KS,ACE,CE,Combined TRACON& Tower with Radar,64,89,156,9,318,0,23,72,0,95,64,112,228,9,413,36,0,36,449
10/28/2006,ICT,KS,ACE,CE,Combined TRACON& Tower with Radar,54,79,83,14,230,0,3,127,0,130,54,82,210,14,360,121,6,127,487
10/29/2006,ICT,KS,ACE,CE,Combined TRACON& Tower with Radar,33,67,96,11,207,0,13,118,0,131,33,80,214,11,338,74,10,84,422
10/30/2006,ICT,KS,ACE,CE,Combined TRACON& Tower with Radar,33,99,164,23,319,0,8,88,3,99,33,107,252,26,418,73,68,141,559
10/31/2006,ICT,KS,ACE,CE,Combined TRACON& Tower with Radar,41,117,151,28,337,0,7,97,0,104,41,124,248,28,441,44,62,106,547
11/01/2006,ICT,KS,ACE,CE,Combined TRACON& Tower with Radar,52,96,160,12,320,0,2,125,0,127,52,98,285,12,447,72,30,102,549
11/02/2006,ICT,KS,ACE,CE,Combined TRACON& Tower with Radar,51,125,164,43,383,0,16,152,3,171,51,141,316,46,554,120,34,154,708
11/03/2006,ICT,KS,ACE,CE,Combined TRACON& Tower with Radar,63,104,157,7,331,0,8,102,0,110,63,112,259,7,441,99,24,123,564
11/04/2006,ICT,KS,ACE,CE,Combined TRACON& Tower with Radar,46,77,84,0,207,0,5,138,0,143,46,82,222,0,350,48,4,52,402
11/05/2006,ICT,KS,ACE,CE,Combined TRACON& Tower with Radar,32,83,115,6,236,0,2,13,0,15,32,85,128,6,251,50,0,50,301
11/06/2006,ICT,KS,ACE,CE,Combined TRACON& Tower with Radar,38,114,197,35,384,0,4,48,0,52,38,118,245,35,436,72,44,116,552
11/07/2006,ICT,KS,ACE,CE,Combined TRACON& Tower with Radar,47,91,181,11,330,0,4,83,0,87,47,95,264,11,417,138,16,154,571
11/08/2006,ICT,KS,ACE,CE,Combined TRACON& Tower with Radar,50,120,170,33,373,0,9,124,5,138,50,129,294,38,511,119,90,209,720
11/09/2006,ICT,KS,ACE,CE,Combined TRACON& Tower with Radar,58,104,190,21,373,0,7,141,4,152,58,111,331,25,525,108,14,122,647
11/10/2006,ICT,KS,ACE,CE,Combined TRACON& Tower with Radar,50,124,169,0,343,0,5,85,1,91,50,129,254,1,434,110,0,110,544
11/11/2006,ICT,KS,ACE,CE,Combined TRACON& Tower with Radar,46,89,84,0,219,0,3,102,0,105,46,92,186,0,324,44,0,44,368
11/12/2006,ICT,KS,ACE,CE,Combined TRACON& Tower with Radar,37,64,82,0,183,0,8,50,0,58,37,72,132,0,241,18,0,18,259
11/13/2006,ICT,KS,ACE,CE,Combined TRACON& Tower with Radar,32,111,165,16,324,0,10,106,2,118,32,121,271,18,442,60,8,68,510
11/14/2006,ICT,KS,ACE,CE,Combined TRACON& Tower with Radar,48,91,161,28,328,0,3,118,0,121,48,94,279,28,449,97,52,149,598
11/15/2006,ICT,KS,ACE,CE,Combined TRACON& Tower with Radar,41,96,149,20,306,0,3,9,0,12,41,99,158,20,318,2,12,14,332
11/16/2006,ICT,KS,ACE,CE,Combined TRACON& Tower with Radar,64,108,212,25,409,0,9,111,4,124,64,117,323,29,533,82,56,138,671
11/17/2006,ICT,KS,ACE,CE,Combined TRACON& Tower with Radar,59,111,162,35,367,0,5,152,0,157,59,116,314,35,524,60,42,102,626
11/18/2006,ICT,KS,ACE,CE,Combined TRACON& Tower with Radar,40,75,118,0,233,0,8,104,0,112,40,83,222,0,345,108,0,108,453
11/19/2006,ICT,KS,ACE,CE,Combined TRACON& Tower with Radar,27,95,94,3,219,0,0,128,0,128,27,95,222,3,347,38,0,38,385
11/20/2006,ICT,KS,ACE,CE,Combined TRACON& Tower with Radar,36,101,163,15,315,0,0,114,1,115,36,101,277,16,430,89,14,103,533
11/21/2006,ICT,KS,ACE,CE,Combined TRACON& Tower with Radar,41,95,149,5,290,0,14,130,0,144,41,109,279,5,434,20,2,22,456
11/22/2006,ICT,KS,ACE,CE,Combined TRACON& Tower with Radar,45,125,143,10,323,0,13,130,0,143,45,138,273,10,466,100,22,122,588
11/23/2006,ICT,KS,ACE,CE,Combined TRACON& Tower with Radar,35,75,26,0,136,0,2,39,0,41,35,77,65,0,177,20,0,20,197
11/24/2006,ICT,KS,ACE,CE,Combined TRACON& Tower with Radar,44,86,54,0,184,0,2,66,0,68,44,88,120,0,252,10,0,10,262
11/25/2006,ICT,KS,ACE,CE,Combined TRACON& Tower with Radar,55,83,79,0,217,0,8,108,0,116,55,91,187,0,333,59,0,59,392
11/26/2006,ICT,KS,ACE,CE,Combined TRACON& Tower with Radar,42,76,91,0,209,0,1,37,0,38,42,77,128,0,247,0,0,0,247
11/27/2006,ICT,KS,ACE,CE,Combined TRACON& Tower with Radar,52,113,210,6,381,0,1,0,0,1,52,114,210,6,382,19,2,21,403
11/28/2006,ICT,KS,ACE,CE,Combined TRACON& Tower with Radar,44,106,151,20,321,0,25,83,0,108,44,131,234,20,429,63,21,84,513
11/29/2006,ICT,KS,ACE,CE,Combined TRACON& Tower with Radar,35,105,137,0,277,0,0,11,0,11,35,105,148,0,288,17,0,17,305
11/30/2006,ICT,KS,ACE,CE,Combined TRACON& Tower with Radar,46,90,100,2,238,0,0,2,0,2,46,90,102,2,240,0,0,0,240
12/01/2006,ICT,KS,ACE,CE,Combined TRACON& Tower with Radar,66,77,167,7,317,0,16,107,0,123,66,93,274,7,440,62,0,62,502
12/02/2006,ICT,KS,ACE,CE,Combined TRACON& Tower with Radar,45,75,69,1,190,0,4,104,0,108,45,79,173,1,298,91,0,91,389
12/03/2006,ICT,KS,ACE,CE,Combined TRACON& Tower with Radar,46,81,84,0,211,0,11,66,0,77,46,92,150,0,288,79,0,79,367
12/04/2006,ICT,KS,ACE,CE,Combined TRACON& Tower with Radar,45,80,153,5,283,0,9,111,0,120,45,89,264,5,403,61,6,67,470
12/05/2006,ICT,KS,ACE,CE,Combined TRACON& Tower with Radar,52,111,135,24,322,0,10,730,0,740,52,121,865,24,1062,88,14,102,1164
12/06/2006,ICT,KS,ACE,CE,Combined TRACON& Tower with Radar,57,87,136,7,287,0,3,158,0,161,57,90,294,7,448,122,30,152,600
12/07/2006,ICT,KS,ACE,CE,Combined TRACON& Tower with Radar,58,100,221,42,421,0,2,155,0,157,58,102,376,42,578,101,48,149,727
12/08/2006,ICT,KS,ACE,CE,Combined TRACON& Tower with Radar,49,117,162,15,343,0,12,85,1,98,49,129,247,16,441,129,53,182,623
12/09/2006,ICT,KS,ACE,CE,Combined TRACON& Tower with Radar,50,79,108,5,242,0,0,98,1,99,50,79,206,6,341,88,14,102,443
12/10/2006,ICT,KS,ACE,CE,Combined TRACON& Tower with Radar,28,70,114,8,220,0,5,43,0,48,28,75,157,8,268,44,22,66,334
12/11/2006,ICT,KS,ACE,CE,Combined TRACON& Tower with Radar,42,108,189,29,368,0,28,54,0,82,42,136,243,29,450,82,18,100,550
12/12/2006,ICT,KS,ACE,CE,Combined TRACON& Tower with Radar,42,89,179,40,350,0,4,125,0,129,42,93,304,40,479,106,44,150,629
12/13/2006,ICT,KS,ACE,CE,Combined TRACON& Tower with Radar,50,126,181,24,381,0,8,131,2,141,50,134,312,26,522,109,28,137,659
12/14/2006,ICT,KS,ACE,CE,Combined TRACON& Tower with Radar,55,93,186,23,357,0,8,123,2,133,55,101,309,25,490,203,22,225,715
12/15/2006,ICT,KS,ACE,CE,Combined TRACON& Tower with Radar,54,100,162,12,328,0,5,122,1,128,54,105,284,13,456,166,20,186,642
12/16/2006,ICT,KS,ACE,CE,Combined TRACON& Tower with Radar,58,87,87,1,233,0,13,116,0,129,58,100,203,1,362,97,2,99,461
12/17/2006,ICT,KS,ACE,CE,Combined TRACON& Tower with Radar,34,102,115,0,251,0,8,39,0,47,34,110,154,0,298,46,0,46,344
12/18/2006,ICT,KS,ACE,CE,Combined TRACON& Tower with Radar,40,94,193,37,364,0,4,81,2,87,40,98,274,39,451,106,98,204,655
12/19/2006,ICT,KS,ACE,CE,Combined TRACON& Tower with Radar,50,142,199,38,429,0,0,32,8,40,50,142,231,46,469,72,146,218,687
12/20/2006,ICT,KS,ACE,CE,Combined TRACON& Tower with Radar,43,84,143,16,286,0,0,9,0,9,43,84,152,16,295,36,4,40,335
12/21/2006,ICT,KS,ACE,CE,Combined TRACON& Tower with Radar,53,113,260,5,431,0,0,0,0,0,53,113,260,5,431,134,0,134,565
12/22/2006,ICT,KS,ACE,CE,Combined TRACON& Tower with Radar,50,114,151,2,317,0,11,41,0,52,50,125,192,2,369,66,0,66,435
12/23/2006,ICT,KS,ACE,CE,Combined TRACON& Tower with Radar,40,89,103,0,232,0,5,75,0,80,40,94,178,0,312,81,0,81,393
12/24/2006,ICT,KS,ACE,CE,Combined TRACON& Tower with Radar,35,64,28,0,127,0,2,36,0,38,35,66,64,0,165,0,0,0,165
12/25/2006,ICT,KS,ACE,CE,Combined TRACON& Tower with Radar,26,69,11,0,106,0,4,29,0,33,26,73,40,0,139,12,0,12,151
12/26/2006,ICT,KS,ACE,CE,Combined TRACON& Tower with Radar,52,88,69,0,209,0,0,73,0,73,52,88,142,0,282,15,0,15,297
12/27/2006,ICT,KS,ACE,CE,Combined TRACON& Tower with Radar,54,107,83,0,244,0,3,65,0,68,54,110,148,0,312,20,0,20,332
12/28/2006,ICT,KS,ACE,CE,Combined TRACON& Tower with Radar,45,108,80,0,233,0,7,32,0,39,45,115,112,0,272,31,0,31,303
12/29/2006,ICT,KS,ACE,CE,Combined TRACON& Tower with Radar,49,78,74,2,203,0,6,9,0,15,49,84,83,2,218,35,0,35,253
12/30/2006,ICT,KS,ACE,CE,Combined TRACON& Tower with Radar,38,77,49,0,164,0,0,0,0,0,38,77,49,0,164,6,0,6,170
12/31/2006,ICT,KS,ACE,CE,Combined TRACON& Tower with Radar,29,54,17,0,100,0,1,7,0,8,29,55,24,0,108,10,0,10,118
01/01/2007,ICT,KS,ACE,CE,Combined TRACON& Tower with Radar,34,74,33,0,141,0,2,55,0,57,34,76,88,0,198,32,0,32,230
01/02/2007,ICT,KS,ACE,CE,Combined TRACON& Tower with Radar,36,86,86,0,208,0,9,74,0,83,36,95,160,0,291,55,0,55,346
01/03/2007,ICT,KS,ACE,CE,Combined TRACON& Tower with Radar,44,104,118,17,283,0,2,84,0,86,44,106,202,17,369,114,71,185,554
01/04/2007,ICT,KS,ACE,CE,Combined TRACON& Tower with Radar,45,92,172,29,338,0,3,24,0,27,45,95,196,29,365,30,22,52,417
01/05/2007,ICT,KS,ACE,CE,Combined TRACON& Tower with Radar,38,98,128,0,264,0,0,1,0,1,38,98,129,0,265,1,0,1,266
01/06/2007,ICT,KS,ACE,CE,Combined TRACON& Tower with Radar,41,81,109,0,231,0,3,127,0,130,41,84,236,0,361,119,0,119,480
01/07/2007,ICT,KS,ACE,CE,Combined TRACON& Tower with Radar,27,81,84,0,192,0,2,90,0,92,27,83,174,0,284,50,0,50,334
01/08/2007,ICT,KS,ACE,CE,Combined TRACON& Tower with Radar,51,87,146,9,293,0,2,88,2,92,51,89,234,11,385,83,22,105,490
01/09/2007,ICT,KS,ACE,CE,Combined TRACON& Tower with Radar,39,138,143,47,367,0,5,122,1,128,39,143,265,48,495,94,74,168,663
01/10/2007,ICT,KS,ACE,CE,Combined TRACON& Tower with Radar,49,102,154,12,317,0,3,77,0,80,49,105,231,12,397,46,16,62,459
01/11/2007,ICT,KS,ACE,CE,Combined TRACON& Tower with Radar,52,107,159,42,360,0,6,115,1,122,52,113,274,43,482,65,24,89,571
01/12/2007,ICT,KS,ACE,CE,Combined TRACON& Tower with Radar,53,94,99,2,248,0,0,0,0,0,53,94,99,2,248,4,0,4,252
01/13/2007,ICT,KS,ACE,CE,Combined TRACON& Tower with Radar,34,66,40,0,140,0,2,0,0,2,34,68,40,0,142,0,0,0,142
01/14/2007,ICT,KS,ACE,CE,Combined TRACON& Tower with Radar,21,41,23,0,85,0,0,0,0,0,21,41,23,0,85,0,0,0,85
01/15/2007,ICT,KS,ACE,CE,Combined TRACON& Tower with Radar,35,91,89,4,219,0,10,46,0,56,35,101,135,4,275,38,0,38,313
01/16/2007,ICT,KS,ACE,CE,Combined TRACON& Tower with Radar,62,101,148,11,322,0,6,108,0,114,62,107,256,11,436,150,0,150,586
01/17/2007,ICT,KS,ACE,CE,Combined TRACON& Tower with Radar,46,89,140,23,298,0,2,89,0,91,46,91,229,23,389,48,40,88,477
01/18/2007,ICT,KS,ACE,CE,Combined TRACON& Tower with Radar,56,107,158,42,363,0,12,89,0,101,56,119,247,42,464,97,56,153,617
01/19/2007,ICT,KS,ACE,CE,Combined TRACON& Tower with Radar,49,109,128,31,317,0,16,116,9,141,49,125,244,40,458,134,86,220,678
01/20/2007,ICT,KS,ACE,CE,Combined TRACON& Tower with Radar,39,81,42,0,162,0,7,9,0,16,39,88,51,0,178,23,0,23,201
01/21/2007,ICT,KS,ACE,CE,Combined TRACON& Tower with Radar,28,69,68,9,174,0,0,10,0,10,28,69,78,9,184,10,0,10,194
01/22/2007,ICT,KS,ACE,CE,Combined TRACON& Tower with Radar,37,109,127,42,315,0,9,56,3,68,37,118,183,45,383,52,24,76,459
01/23/2007,ICT,KS,ACE,CE,Combined TRACON& Tower with Radar,54,100,166,40,360,0,7,101,3,111,54,107,267,43,471,118,54,172,643
01/24/2007,ICT,KS,ACE,CE,Combined TRACON& Tower with Radar,56,105,155,12,328,0,6,119,0,125,56,111,274,12,453,74,8,82,535
01/25/2007,ICT,KS,ACE,CE,Combined TRACON& Tower with Radar,46,122,188,16,372,0,9,109,0,118,46,131,297,16,490,26,30,56,546
01/26/2007,ICT,KS,ACE,CE,Combined TRACON& Tower with Radar,46,104,129,21,300,0,16,121,0,137,46,120,250,21,437,45,22,67,504
01/27/2007,ICT,KS,ACE,CE,Combined TRACON& Tower with Radar,32,87,83,2,204,0,2,68,0,70,32,89,151,2,274,73,0,73,347
01/28/2007,ICT,KS,ACE,CE,Combined TRACON& Tower with Radar,31,90,83,0,204,0,11,97,0,108,31,101,180,0,312,122,0,122,434
01/29/2007,ICT,KS,ACE,CE,Combined TRACON& Tower with Radar,52,75,153,27,307,0,0,129,0,129,52,75,282,27,436,81,27,108,544
01/30/2007,ICT,KS,ACE,CE,Combined TRACON& Tower with Radar,46,109,174,17,346,0,5,97,3,105,46,114,271,20,451,95,4,99,550
01/31/2007,ICT,KS,ACE,CE,Combined TRACON& Tower with Radar,0,0,0,0,0,65,66,95,0,226,65,66,95,0,226,12,0,12,238
02/01/2007,ICT,KS,ACE,CE,Combined TRACON& Tower with Radar,46,98,168,2,314,0,17,69,0,86,46,115,237,2,400,94,0,94,494
02/02/2007,ICT,KS,ACE,CE,Combined TRACON& Tower with Radar,37,104,137,21,299,0,13,102,0,115,37,117,239,21,414,105,48,153,567
02/03/2007,ICT,KS,ACE,CE,Combined TRACON& Tower with Radar,45,102,69,0,216,0,3,92,0,95,45,105,161,0,311,107,0,107,418
02/04/2007,ICT,KS,ACE,CE,Combined TRACON& Tower with Radar,37,67,68,0,172,0,8,81,0,89,37,75,149,0,261,96,0,96,357
02/05/2007,ICT,KS,ACE,CE,Combined TRACON& Tower with Radar,25,88,110,21,244,0,8,105,0,113,25,96,215,21,357,62,2,64,421
02/06/2007,ICT,KS,ACE,CE,Combined TRACON& Tower with Radar,37,97,171,11,316,0,6,127,0,133,37,103,298,11,449,84,30,114,563
02/07/2007,ICT,KS,ACE,CE,Combined TRACON& Tower with Radar,47,97,185,15,344,0,4,54,0,58,47,101,239,15,402,72,4,76,478
02/08/2007,ICT,KS,ACE,CE,Combined TRACON& Tower with Radar,60,113,137,61,371,0,7,55,3,65,60,120,192,64,436,91,86,177,613
02/09/2007,ICT,KS,ACE,CE,Combined TRACON& Tower with Radar,66,110,177,13,366,0,1,24,0,25,66,111,201,13,391,53,0,53,444
02/10/2007,ICT,KS,ACE,CE,Combined TRACON& Tower with Radar,45,93,98,0,236,0,11,80,0,91,45,104,178,0,327,94,0,94,421
02/11/2007,ICT,KS,ACE,CE,Combined TRACON& Tower with Radar,33,86,60,0,179,0,7,18,0,25,33,93,78,0,204,21,0,21,225
02/12/2007,ICT,KS,ACE,CE,Combined TRACON& Tower with Radar,37,85,99,0,221,0,0,0,0,0,37,85,99,0,221,0,0,0,221
02/13/2007,ICT,KS,ACE,CE,Combined TRACON& Tower with Radar,47,100,175,0,322,0,0,13,0,13,47,100,188,0,335,36,0,36,371
02/14/2007,ICT,KS,ACE,CE,Combined TRACON& Tower with Radar,47,87,186,27,347,0,0,60,0,60,47,87,246,27,407,35,46,81,488
02/15/2007,ICT,KS,ACE,CE,Combined TRACON& Tower with Radar,47,91,214,3,355,0,5,38,0,43,47,96,252,3,398,38,0,38,436
02/16/2007,ICT,KS,ACE,CE,Combined TRACON& Tower with Radar,50,129,170,11,360,0,18,107,0,125,50,147,277,11,485,53,6,59,544
02/17/2007,ICT,KS,ACE,CE,Combined TRACON& Tower with Radar,51,79,95,2,227,0,5,96,2,103,51,84,191,4,330,65,2,67,397
02/18/2007,ICT,KS,ACE,CE,Combined TRACON& Tower with Radar,36,77,98,0,211,0,7,118,0,125,36,84,216,0,336,82,0,82,418
02/19/2007,ICT,KS,ACE,CE,Combined TRACON& Tower with Radar,37,96,174,9,316,0,17,118,3,138,37,113,292,12,454,123,8,131,585
02/20/2007,ICT,KS,ACE,CE,Combined TRACON& Tower with Radar,57,117,186,16,376,0,23,126,1,150,57,140,312,17,526,112,14,126,652
02/21/2007,ICT,KS,ACE,CE,Combined TRACON& Tower with Radar,50,98,166,23,337,0,6,187,0,193,50,104,353,23,530,124,12,136,666
02/22/2007,ICT,KS,ACE,CE,Combined TRACON& Tower with Radar,48,120,161,3,332,0,13,146,1,160,48,133,307,4,492,94,18,112,604
02/23/2007,ICT,KS,ACE,CE,Combined TRACON& Tower with Radar,69,94,153,2,318,0,5,87,0,92,69,99,240,2,410,59,0,59,469
02/24/2007,ICT,KS,ACE,CE,Combined TRACON& Tower with Radar,37,79,74,3,193,0,2,38,0,40,37,81,112,3,233,26,0,26,259
02/25/2007,ICT,KS,ACE,CE,Combined TRACON& Tower with Radar,30,79,71,0,180,0,3,35,0,38,30,82,106,0,218,17,0,17,235
02/26/2007,ICT,KS,ACE,CE,Combined TRACON& Tower with Radar,51,101,154,14,320,0,12,154,3,169,51,113,308,17,489,120,8,128,617
02/27/2007,ICT,KS,ACE,CE,Combined TRACON& Tower with Radar,45,112,183,35,375,0,12,143,3,158,45,124,326,38,533,169,38,207,740
02/28/2007,ICT,KS,ACE,CE,Combined TRACON& Tower with Radar,59,105,144,44,352,0,7,143,3,153,59,112,287,47,505,52,76,128,633
03/01/2007,ICT,KS,ACE,CE,Combined TRACON& Tower with Radar,47,94,157,10,308,0,5,66,0,71,47,99,223,10,379,42,0,42,421
03/02/2007,ICT,KS,ACE,CE,Combined TRACON& Tower with Radar,51,104,127,6,288,0,5,90,0,95,51,109,217,6,383,13,0,13,396
03/03/2007,ICT,KS,ACE,CE,Combined TRACON& Tower with Radar,39,82,75,1,197,0,5,65,1,71,39,87,140,2,268,41,0,41,309
03/04/2007,ICT,KS,ACE,CE,Combined TRACON& Tower with Radar,39,69,96,4,208,0,2,109,0,111,39,71,205,4,319,87,6,93,412
03/05/2007,ICT,KS,ACE,CE,Combined TRACON& Tower with Radar,35,75,149,36,295,0,0,130,4,134,35,75,279,40,429,113,78,191,620
03/06/2007,ICT,KS,ACE,CE,Combined TRACON& Tower with Radar,50,111,208,17,386,0,6,144,1,151,50,117,352,18,537,90,50,140,677
03/07/2007,ICT,KS,ACE,CE,Combined TRACON& Tower with Radar,50,98,218,16,382,0,4,122,1,127,50,102,340,17,509,98,8,106,615
03/08/2007,ICT,KS,ACE,CE,Combined TRACON& Tower with Radar,56,97,201,13,367,0,16,166,1,183,56,113,367,14,550,123,58,181,731
03/09/2007,ICT,KS,ACE,CE,Combined TRACON& Tower with Radar,53,110,154,32,349,0,10,116,0,126,53,120,270,32,475,24,49,73,548
03/10/2007,ICT,KS,ACE,CE,Combined TRACON& Tower with Radar,52,83,101,0,236,0,9,133,0,142,52,92,234,0,378,97,0,97,475
03/11/2007,ICT,KS,ACE,CE,Combined TRACON& Tower with Radar,34,95,92,1,222,0,3,17,0,20,34,98,109,1,242,3,0,3,245
03/12/2007,ICT,KS,ACE,CE,Combined TRACON& Tower with Radar,44,97,188,23,352,0,2,56,3,61,44,99,244,26,413,24,26,50,463
03/13/2007,ICT,KS,ACE,CE,Combined TRACON& Tower with Radar,44,120,168,27,359,0,8,81,0,89,44,128,249,27,448,76,34,110,558
03/14/2007,ICT,KS,ACE,CE,Combined TRACON& Tower with Radar,70,81,193,30,374,0,0,0,0,0,70,81,193,30,374,52,26,78,452
03/15/2007,ICT,KS,ACE,CE,Combined TRACON& Tower with Radar,45,112,174,16,347,0,12,75,0,87,45,124,249,16,434,88,61,149,583
03/16/2007,ICT,KS,ACE,CE,Combined TRACON& Tower with Radar,54,107,195,16,372,0,18,172,3,193,54,125,367,19,565,138,12,150,715
03/17/2007,ICT,KS,ACE,CE,Combined TRACON& Tower with Radar,47,111,91,0,249,0,9,121,0,130,47,120,212,0,379,198,0,198,577
03/18/2007,ICT,KS,ACE,CE,Combined TRACON& Tower with Radar,37,80,75,6,198,0,2,74,0,76,37,82,149,6,274,44,0,44,318
03/19/2007,ICT,KS,ACE,CE,Combined TRACON& Tower with Radar,42,114,188,26,370,1,2,14,0,17,43,116,202,26,387,48,6,54,441
03/20/2007,ICT,KS,ACE,CE,Combined TRACON& Tower with Radar,60,106,95,0,261,0,4,4,0,8,60,110,99,0,269,0,0,0,269
03/21/2007,ICT,KS,ACE,CE,Combined TRACON& Tower with Radar,59,104,153,11,327,0,2,33,0,35,59,106,186,11,362,42,4,46,408
03/22/2007,ICT,KS,ACE,CE,Combined TRACON& Tower with Radar,53,125,161,14,353,0,11,34,0,45,53,136,195,14,398,60,16,76,474
03/23/2007,ICT,KS,ACE,CE,Combined TRACON& Tower with Radar,57,114,172,43,386,0,5,22,0,27,57,119,194,43,413,24,22,46,459
03/24/2007,ICT,KS,ACE,CE,Combined TRACON& Tower with Radar,33,116,71,0,220,0,13,35,0,48,33,129,106,0,268,60,0,60,328
03/25/2007,ICT,KS,ACE,CE,Combined TRACON& Tower with Radar,37,68,82,6,193,0,2,66,0,68,37,70,148,6,261,16,0,16,277
03/26/2007,ICT,KS,ACE,CE,Combined TRACON& Tower with Radar,51,121,140,22,334,0,7,29,0,36,51,128,169,22,370,23,30,53,423
03/27/2007,ICT,KS,ACE,CE,Combined TRACON& Tower with Radar,47,119,143,11,320,0,1,26,1,28,47,120,169,12,348,52,24,76,424
03/28/2007,ICT,KS,ACE,CE,Combined TRACON& Tower with Radar,54,95,179,11,339,0,1,22,2,25,54,96,201,13,364,35,0,35,399
03/29/2007,ICT,KS,ACE,CE,Combined TRACON& Tower with Radar,54,124,188,7,373,0,1,14,0,15,54,125,202,7,388,58,4,62,450
03/30/2007,ICT,KS,ACE,CE,Combined TRACON& Tower with Radar,48,104,209,44,405,0,0,20,0,20,48,104,229,44,425,48,18,66,491
03/31/2007,ICT,KS,ACE,CE,Combined TRACON& Tower with Radar,39,95,99,1,234,0,2,10,0,12,39,97,109,1,246,71,18,89,335
04/01/2007,ICT,KS,ACE,CE,Combined TRACON& Tower with Radar,31,97,123,4,255,0,8,151,0,159,31,105,274,4,414,196,0,196,610
04/02/2007,ICT,KS,ACE,CE,Combined TRACON& Tower with Radar,52,109,192,36,389,0,27,128,0,155,52,136,320,36,544,34,26,60,604
04/03/2007,ICT,KS,ACE,CE,Combined TRACON& Tower with Radar,44,107,183,18,352,0,16,96,2,114,44,123,279,20,466,40,8,48,514
04/04/2007,ICT,KS,ACE,CE,Combined TRACON& Tower with Radar,56,94,166,23,339,0,2,138,0,140,56,96,304,23,479,90,18,108,587
04/05/2007,ICT,KS,ACE,CE,Combined TRACON& Tower with Radar,51,94,145,26,316,0,1,49,0,50,51,95,194,26,366,38,18,56,422
04/06/2007,ICT,KS,ACE,CE,Combined TRACON& Tower with Radar,40,93,170,26,329,0,1,54,0,55,40,94,224,26,384,92,22,114,498
04/07/2007,ICT,KS,ACE,CE,Combined TRACON& Tower with Radar,38,73,43,4,158,0,5,59,1,65,38,78,102,5,223,57,0,57,280
04/08/2007,ICT,KS,ACE,CE,Combined TRACON& Tower with Radar,34,80,50,0,164,0,4,49,0,53,34,84,99,0,217,24,0,24,241
04/09/2007,ICT,KS,ACE,CE,Combined TRACON& Tower with Radar,39,92,141,27,299,0,8,54,0,62,39,100,195,27,361,61,64,125,486
04/10/2007,ICT,KS,ACE,CE,Combined TRACON& Tower with Radar,45,102,140,7,294,0,3,4,0,7,45,105,144,7,301,7,8,15,316
04/11/2007,ICT,KS,ACE,CE,Combined TRACON& Tower with Radar,47,90,148,13,298,0,3,112,1,116,47,93,260,14,414,56,8,64,478
04/12/2007,ICT,KS,ACE,CE,Combined TRACON& Tower with Radar,58,111,179,17,365,0,15,168,1,184,58,126,347,18,549,78,18,96,645
04/13/2007,ICT,KS,ACE,CE,Combined TRACON& Tower with Radar,43,96,100,3,242,0,5,8,0,13,43,101,108,3,255,18,0,18,273
04/14/2007,ICT,KS,ACE,CE,Combined TRACON& Tower with Radar,34,98,89,9,230,0,0,73,1,74,34,98,162,10,304,73,1,74,378
04/15/2007,ICT,KS,ACE,CE,Combined TRACON& Tower with Radar,28,93,110,0,231,0,18,112,2,132,28,111,222,2,363,75,0,75,438
04/16/2007,ICT,KS,ACE,CE,Combined TRACON& Tower with Radar,38,85,137,41,301,0,2,116,3,121,38,87,253,44,422,63,34,97,519
04/17/2007,ICT,KS,ACE,CE,Combined TRACON& Tower with Radar,43,101,140,36,320,0,5,73,2,80,43,106,213,38,400,92,12,104,504
04/18/2007,ICT,KS,ACE,CE,Combined TRACON& Tower with Radar,50,107,178,53,388,0,9,120,2,131,50,116,298,55,519,190,78,268,787
04/19/2007,ICT,KS,ACE,CE,Combined TRACON& Tower with Radar,50,121,165,24,360,0,6,133,3,142,50,127,298,27,502,46,48,94,596
04/20/2007,ICT,KS,ACE,CE,Combined TRACON& Tower with Radar,49,138,142,0,329,0,8,107,0,115,49,146,249,0,444,61,0,61,505
04/21/2007,ICT,KS,ACE,CE,Combined TRACON& Tower with Radar,46,98,96,16,256,0,17,57,1,75,46,115,153,17,331,30,0,30,361
04/22/2007,ICT,KS,ACE,CE,Combined TRACON& Tower with Radar,33,87,92,0,212,0,5,42,0,47,33,92,134,0,259,0,0,0,259
04/23/2007,ICT,KS,ACE,CE,Combined TRACON& Tower with Radar,39,103,186,29,357,0,6,96,0,102,39,109,282,29,459,77,57,134,593
04/24/2007,ICT,KS,ACE,CE,Combined TRACON& Tower with Radar,43,107,106,2,258,0,0,10,0,10,43,107,116,2,268,10,6,16,284
04/25/2007,ICT,KS,ACE,CE,Combined TRACON& Tower with Radar,35,108,143,2,288,0,0,1,0,1,35,108,144,2,289,0,0,0,289
04/26/2007,ICT,KS,ACE,CE,Combined TRACON& Tower with Radar,38,135,236,2,411,0,6,78,0,84,38,141,314,2,495,126,0,126,621
04/27/2007,ICT,KS,ACE,CE,Combined TRACON& Tower with Radar,46,128,181,14,369,0,23,136,0,159,46,151,317,14,528,211,25,236,764
04/28/2007,ICT,KS,ACE,CE,Combined TRACON& Tower with Radar,40,73,106,7,226,0,18,198,1,217,40,91,304,8,443,115,2,117,560
04/29/2007,ICT,KS,ACE,CE,Combined TRACON& Tower with Radar,37,100,110,7,254,0,8,129,0,137,37,108,239,7,391,80,6,86,477
04/30/2007,ICT,KS,ACE,CE,Combined TRACON& Tower with Radar,38,121,176,26,361,0,16,135,0,151,38,137,311,26,512,78,14,92,604
05/01/2007,ICT,KS,ACE,CE,Combined TRACON& Tower with Radar,35,108,152,15,310,0,1,22,0,23,35,109,174,15,333,50,10,60,393
05/02/2007,ICT,KS,ACE,CE,Combined TRACON& Tower with Radar,51,94,215,17,377,0,0,6,0,6,51,94,221,17,383,32,8,40,423
05/03/2007,ICT,KS,ACE,CE,Combined TRACON& Tower with Radar,41,131,191,29,392,0,6,33,0,39,41,137,224,29,431,88,20,108,539
05/04/2007,ICT,KS,ACE,CE,Combined TRACON& Tower with Radar,51,114,185,12,362,0,10,48,1,59,51,124,233,13,421,78,16,94,515
05/05/2007,ICT,KS,ACE,CE,Combined TRACON& Tower with Radar,46,86,70,3,205,0,2,15,1,18,46,88,85,4,223,11,0,11,234
05/06/2007,ICT,KS,ACE,CE,Combined TRACON& Tower with Radar,26,75,32,0,133,0,0,2,0,2,26,75,34,0,135,0,0,0,135
05/07/2007,ICT,KS,ACE,CE,Combined TRACON& Tower with Radar,34,96,135,27,292,0,0,15,0,15,34,96,150,27,307,52,14,66,373
05/08/2007,ICT,KS,ACE,CE,Combined TRACON& Tower with Radar,44,97,129,23,293,0,2,101,0,103,44,99,230,23,396,82,12,94,490
05/09/2007,ICT,KS,ACE,CE,Combined TRACON& Tower with Radar,49,97,174,22,342,0,4,57,0,61,49,101,231,22,403,78,28,106,509
05/10/2007,ICT,KS,ACE,CE,Combined TRACON& Tower with Radar,46,101,192,15,354,0,10,90,0,100,46,111,282,15,454,118,16,134,588
05/11/2007,ICT,KS,ACE,CE,Combined TRACON& Tower with Radar,52,100,136,22,310,0,5,146,1,152,52,105,282,23,462,111,34,145,607
05/12/2007,ICT,KS,ACE,CE,Combined TRACON& Tower with Radar,34,78,60,6,178,3,4,118,0,125,37,82,178,6,303,38,2,40,343
05/13/2007,ICT,KS,ACE,CE,Combined TRACON& Tower with Radar,35,71,67,4,177,0,7,53,2,62,35,78,120,6,239,38,0,38,277
05/14/2007,ICT,KS,ACE,CE,Combined TRACON& Tower with Radar,44,99,163,39,345,0,14,105,2,121,44,113,268,41,466,64,32,96,562
05/15/2007,ICT,KS,ACE,CE,Combined TRACON& Tower with Radar,39,96,164,21,320,0,2,55,0,57,39,98,219,21,377,71,20,91,468
05/16/2007,ICT,KS,ACE,CE,Combined TRACON& Tower with Radar,61,91,209,9,370,0,2,172,0,174,61,93,381,9,544,144,28,172,716
05/17/2007,ICT,KS,ACE,CE,Combined TRACON& Tower with Radar,40,104,154,16,314,0,11,147,0,158,40,115,301,16,472,158,24,182,654
05/18/2007,ICT,KS,ACE,CE,Combined TRACON& Tower with Radar,43,117,148,16,324,0,6,161,1,168,43,123,309,17,492,52,28,80,572
05/19/2007,ICT,KS,ACE,CE,Combined TRACON& Tower with Radar,39,75,80,15,209,0,1,113,2,116,39,76,193,17,325,54,22,76,401
05/20/2007,ICT,KS,ACE,CE,Combined TRACON& Tower with Radar,35,76,73,1,185,0,11,87,3,101,35,87,160,4,286,30,0,30,316
05/21/2007,ICT,KS,ACE,CE,Combined TRACON& Tower with Radar,34,93,143,24,294,0,1,66,1,68,34,94,209,25,362,72,40,112,474
05/22/2007,ICT,KS,ACE,CE,Combined TRACON& Tower with Radar,45,95,146,30,316,0,2,24,1,27,45,97,170,31,343,52,30,82,425
05/23/2007,ICT,KS,ACE,CE,Combined TRACON& Tower with Radar,40,120,144,10,314,0,0,27,1,28,40,120,171,11,342,58,8,66,408
05/24/2007,ICT,KS,ACE,CE,Combined TRACON& Tower with Radar,36,114,176,19,345,0,0,61,0,61,36,114,237,19,406,44,62,106,512
05/25/2007,ICT,KS,ACE,CE,Combined TRACON& Tower with Radar,47,113,177,8,345,0,3,40,1,44,47,116,217,9,389,40,4,44,433
05/26/2007,ICT,KS,ACE,CE,Combined TRACON& Tower with Radar,37,84,78,6,205,0,4,25,0,29,37,88,103,6,234,68,2,70,304
05/27/2007,ICT,KS,ACE,CE,Combined TRACON& Tower with Radar,30,77,54,0,161,0,3,13,0,16,30,80,67,0,177,111,0,111,288
05/28/2007,ICT,KS,ACE,CE,Combined TRACON& Tower with Radar,38,62,81,1,182,0,1,24,0,25,38,63,105,1,207,0,0,0,207
05/29/2007,ICT,KS,ACE,CE,Combined TRACON& Tower with Radar,47,81,156,13,297,0,0,54,0,54,47,81,210,13,351,66,38,104,455
05/30/2007,ICT,KS,ACE,CE,Combined TRACON& Tower with Radar,38,121,158,14,331,0,2,73,0,75,38,123,231,14,406,75,6,81,487
05/31/2007,ICT,KS,ACE,CE,Combined TRACON& Tower with Radar,47,104,205,31,387,0,3,163,1,167,47,107,368,32,554,110,68,178,732
06/01/2007,ICT,KS,ACE,CE,Combined TRACON& Tower with Radar,40,106,133,7,286,0,9,50,0,59,40,115,183,7,345,54,24,78,423
06/02/2007,ICT,KS,ACE,CE,Combined TRACON& Tower with Radar,44,91,74,2,211,0,4,94,0,98,44,95,168,2,309,76,0,76,385
06/03/2007,ICT,KS,ACE,CE,Combined TRACON& Tower with Radar,32,80,90,8,210,0,6,128,0,134,32,86,218,8,344,192,18,210,554
06/04/2007,ICT,KS,ACE,CE,Combined TRACON& Tower with Radar,44,79,156,26,305,0,2,136,1,139,44,81,292,27,444,89,11,100,544
06/05/2007,ICT,KS,ACE,CE,Combined TRACON& Tower with Radar,42,105,154,12,313,0,9,136,0,145,42,114,290,12,458,82,22,104,562
06/06/2007,ICT,KS,ACE,CE,Combined TRACON& Tower with Radar,41,104,174,18,337,0,10,91,0,101,41,114,265,18,438,22,26,48,486
06/07/2007,ICT,KS,ACE,CE,Combined TRACON& Tower with Radar,47,103,169,20,339,0,2,124,0,126,47,105,293,20,465,66,14,80,545
06/08/2007,ICT,KS,ACE,CE,Combined TRACON& Tower with Radar,46,94,142,33,315,0,6,192,0,198,46,100,334,33,513,165,145,310,823
06/09/2007,ICT,KS,ACE,CE,Combined TRACON& Tower with Radar,46,81,59,0,186,0,0,207,0,207,46,81,266,0,393,365,0,365,758
06/10/2007,ICT,KS,ACE,CE,Combined TRACON& Tower with Radar,34,70,81,5,190,0,0,111,0,111,34,70,192,5,301,28,0,28,329
06/11/2007,ICT,KS,ACE,CE,Combined TRACON& Tower with Radar,36,100,183,38,357,0,1,89,1,91,36,101,272,39,448,46,40,86,534
06/12/2007,ICT,KS,ACE,CE,Combined TRACON& Tower with Radar,38,127,170,19,354,0,1,103,0,104,38,128,273,19,458,50,74,124,582
06/13/2007,ICT,KS,ACE,CE,Combined TRACON& Tower with Radar,46,112,171,2,331,0,0,45,3,48,46,112,216,5,379,84,12,96,475
06/14/2007,ICT,KS,ACE,CE,Combined TRACON& Tower with Radar,48,121,228,5,402,0,0,70,0,70,48,121,298,5,472,55,40,95,567
06/15/2007,ICT,KS,ACE,CE,Combined TRACON& Tower with Radar,59,83,129,19,290,0,2,73,0,75,59,85,202,19,365,102,12,114,479
06/16/2007,ICT,KS,ACE,CE,Combined TRACON& Tower with Radar,36,83,72,0,191,0,1,70,0,71,36,84,142,0,262,58,0,58,320
06/17/2007,ICT,KS,ACE,CE,Combined TRACON& Tower with Radar,35,73,75,8,191,0,5,25,0,30,35,78,100,8,221,58,7,65,286
06/18/2007,ICT,KS,ACE,CE,Combined TRACON& Tower with Radar,46,81,132,17,276,0,0,17,0,17,46,81,149,17,293,38,12,50,343
06/19/2007,ICT,KS,ACE,CE,Combined TRACON& Tower with Radar,42,102,135,19,298,0,2,53,0,55,42,104,188,19,353,91,18,109,462
06/20/2007,ICT,KS,ACE,CE,Combined TRACON& Tower with Radar,43,107,134,32,316,0,5,116,2,123,43,112,250,34,439,81,108,189,628
06/21/2007,ICT,KS,ACE,CE,Combined TRACON& Tower with Radar,42,95,217,32,386,0,1,62,0,63,42,96,279,32,449,100,50,150,599
06/22/2007,ICT,KS,ACE,CE,Combined TRACON& Tower with Radar,52,104,219,28,403,0,5,85,2,92,52,109,304,30,495,73,26,99,594
06/23/2007,ICT,KS,ACE,CE,Combined TRACON& Tower with Radar,51,90,83,12,236,0,2,82,8,92,51,92,165,20,328,44,16,60,388
06/24/2007,ICT,KS,ACE,CE,Combined TRACON& Tower with Radar,42,73,88,7,210,0,10,79,0,89,42,83,167,7,299,75,6,81,380
06/25/2007,ICT,KS,ACE,CE,Combined TRACON& Tower with Radar,37,104,138,36,315,0,3,65,1,69,37,107,203,37,384,36,32,68,452
06/26/2007,ICT,KS,ACE,CE,Combined TRACON& Tower with Radar,44,90,155,19,308,0,0,16,1,17,44,90,171,20,325,2,12,14,339
06/27/2007,ICT,KS,ACE,CE,Combined TRACON& Tower with Radar,40,109,142,3,294,0,0,3,0,3,40,109,145,3,297,32,0,32,329
06/28/2007,ICT,KS,ACE,CE,Combined TRACON& Tower with Radar,43,119,151,4,317,0,0,10,1,11,43,119,161,5,328,85,2,87,415
06/29/2007,ICT,KS,ACE,CE,Combined TRACON& Tower with Radar,51,109,167,0,327,0,2,7,1,10,51,111,174,1,337,26,2,28,365
06/30/2007,ICT,KS,ACE,CE,Combined TRACON& Tower with Radar,38,98,90,2,228,0,0,1,0,1,38,98,91,2,229,8,0,8,237
07/01/2007,ICT,KS,ACE,CE,Combined TRACON& Tower with Radar,34,89,70,5,198,0,0,5,1,6,34,89,75,6,204,0,0,0,204
07/02/2007,ICT,KS,ACE,CE,Combined TRACON& Tower with Radar,35,85,125,26,271,0,2,33,2,37,35,87,158,28,308,80,40,120,428
07/03/2007,ICT,KS,ACE,CE,Combined TRACON& Tower with Radar,40,108,146,13,307,0,4,35,3,42,40,112,181,16,349,146,4,150,499
07/04/2007,ICT,KS,ACE,CE,Combined TRACON& Tower with Radar,28,67,65,0,160,0,4,37,0,41,28,71,102,0,201,82,0,82,283
07/05/2007,ICT,KS,ACE,CE,Combined TRACON& Tower with Radar,36,87,149,2,274,0,4,57,3,64,36,91,206,5,338,84,0,84,422
07/06/2007,ICT,KS,ACE,CE,Combined TRACON& Tower with Radar,42,101,147,20,310,0,7,67,2,76,42,108,214,22,386,100,76,176,562
07/07/2007,ICT,KS,ACE,CE,Combined TRACON& Tower with Radar,40,77,90,12,219,0,16,57,0,73,40,93,147,12,292,174,6,180,472
07/08/2007,ICT,KS,ACE,CE,Combined TRACON& Tower with Radar,42,82,115,11,250,2,4,36,0,42,44,86,151,11,292,110,6,116,408
07/09/2007,ICT,KS,ACE,CE,Combined TRACON& Tower with Radar,37,110,148,3,298,1,12,28,2,43,38,122,176,5,341,26,0,26,367
07/10/2007,ICT,KS,ACE,CE,Combined TRACON& Tower with Radar,38,106,195,25,364,0,9,40,3,52,38,115,235,28,416,92,56,148,564
07/11/2007,ICT,KS,ACE,CE,Combined TRACON& Tower with Radar,40,118,176,10,344,0,8,64,0,72,40,126,240,10,416,32,2,34,450
07/12/2007,ICT,KS,ACE,CE,Combined TRACON& Tower with Radar,42,117,187,19,365,0,5,44,3,52,42,122,231,22,417,28,26,54,471
07/13/2007,ICT,KS,ACE,CE,Combined TRACON& Tower with Radar,46,103,180,33,362,0,4,61,4,69,46,107,241,37,431,74,44,118,549
07/14/2007,ICT,KS,ACE,CE,Combined TRACON& Tower with Radar,42,79,96,3,220,0,16,42,6,64,42,95,138,9,284,42,0,42,326
07/15/2007,ICT,KS,ACE,CE,Combined TRACON& Tower with Radar,36,75,94,7,212,0,3,36,2,41,36,78,130,9,253,26,10,36,289
07/16/2007,ICT,KS,ACE,CE,Combined TRACON& Tower with Radar,35,101,178,27,341,0,5,50,2,57,35,106,228,29,398,98,90,188,586
07/17/2007,ICT,KS,ACE,CE,Combined TRACON& Tower with Radar,44,110,178,22,354,0,9,63,4,76,44,119,241,26,430,12,0,12,442
07/18/2007,ICT,KS,ACE,CE,Combined TRACON& Tower with Radar,38,109,176,25,348,0,5,61,7,73,38,114,237,32,421,78,32,110,531
07/19/2007,ICT,KS,ACE,CE,Combined TRACON& Tower with Radar,41,109,156,8,314,0,6,62,3,71,41,115,218,11,385,68,18,86,471
07/20/2007,ICT,KS,ACE,CE,Combined TRACON& Tower with Radar,41,107,148,8,304,1,16,65,4,86,42,123,213,12,390,55,8,63,453
07/21/2007,ICT,KS,ACE,CE,Combined TRACON& Tower with Radar,44,79,103,0,226,0,12,54,0,66,44,91,157,0,292,41,0,41,333
07/22/2007,ICT,KS,ACE,CE,Combined TRACON& Tower with Radar,38,91,89,0,218,0,1,38,0,39,38,92,127,0,257,66,0,66,323
07/23/2007,ICT,KS,ACE,CE,Combined TRACON& Tower with Radar,34,93,158,16,301,0,6,46,2,54,34,99,204,18,355,2,14,16,371
07/24/2007,ICT,KS,ACE,CE,Combined TRACON& Tower with Radar,38,106,182,24,350,0,4,41,2,47,38,110,223,26,397,42,10,52,449
07/25/2007,ICT,KS,ACE,CE,Combined TRACON& Tower with Radar,39,123,180,18,360,0,15,65,1,81,39,138,245,19,441,94,12,106,547
07/26/2007,ICT,KS,ACE,CE,Combined TRACON& Tower with Radar,43,106,201,18,368,0,9,68,2,79,43,115,269,20,447,44,16,60,507
07/27/2007,ICT,KS,ACE,CE,Combined TRACON& Tower with Radar,44,103,150,14,311,0,4,62,3,69,44,107,212,17,380,88,6,94,474
07/28/2007,ICT,KS,ACE,CE,Combined TRACON& Tower with Radar,38,70,118,0,226,0,5,51,0,56,38,75,169,0,282,0,0,0,282
07/29/2007,ICT,KS,ACE,CE,Combined TRACON& Tower with Radar,35,61,100,1,197,0,6,25,0,31,35,67,125,1,228,0,0,0,228
07/30/2007,ICT,KS,ACE,CE,Combined TRACON& Tower with Radar,37,94,143,7,281,0,4,34,0,38,37,98,177,7,319,10,0,10,329
07/31/2007,ICT,KS,ACE,CE,Combined TRACON& Tower with Radar,38,102,175,34,349,0,2,38,2,42,38,104,213,36,391,40,24,64,455
08/01/2007,ICT,KS,ACE,CE,Combined TRACON& Tower with Radar,38,111,194,15,358,0,10,48,0,58,38,121,242,15,416,26,14,40,456
08/02/2007,ICT,KS,ACE,CE,Combined TRACON& Tower with Radar,41,86,192,19,338,0,4,45,5,54,41,90,237,24,392,74,72,146,538
08/03/2007,ICT,KS,ACE,CE,Combined TRACON& Tower with Radar,42,113,156,3,314,0,12,66,1,79,42,125,222,4,393,52,6,58,451
08/04/2007,ICT,KS,ACE,CE,Combined TRACON& Tower with Radar,41,86,103,2,232,0,4,47,0,51,41,90,150,2,283,52,0,52,335
08/05/2007,ICT,KS,ACE,CE,Combined TRACON& Tower with Radar,36,84,95,3,218,0,4,29,0,33,36,88,124,3,251,50,0,50,301
08/06/2007,ICT,KS,ACE,CE,Combined TRACON& Tower with Radar,35,99,173,10,317,0,10,55,0,65,35,109,228,10,382,18,0,18,400
08/07/2007,ICT,KS,ACE,CE,Combined TRACON& Tower with Radar,38,123,172,11,344,0,21,57,2,80,38,144,229,13,424,42,18,60,484
08/08/2007,ICT,KS,ACE,CE,Combined TRACON& Tower with Radar,38,96,165,27,326,0,11,57,3,71,38,107,222,30,397,54,4,58,455
08/09/2007,ICT,KS,ACE,CE,Combined TRACON& Tower with Radar,40,97,149,10,296,0,8,54,1,63,40,105,203,11,359,100,6,106,465
08/10/2007,ICT,KS,ACE,CE,Combined TRACON& Tower with Radar,39,102,181,20,342,0,9,63,0,72,39,111,244,20,414,22,2,24,438
08/11/2007,ICT,KS,ACE,CE,Combined TRACON& Tower with Radar,39,78,121,1,239,0,12,45,0,57,39,90,166,1,296,16,0,16,312
08/12/2007,ICT,KS,ACE,CE,Combined TRACON& Tower with Radar,32,66,99,3,200,0,10,42,1,53,32,76,141,4,253,50,0,50,303
08/13/2007,ICT,KS,ACE,CE,Combined TRACON& Tower with Radar,34,96,138,15,283,0,2,36,0,38,34,98,174,15,321,66,6,72,393
08/14/2007,ICT,KS,ACE,CE,Combined TRACON& Tower with Radar,36,124,184,12,356,0,2,65,0,67,36,126,249,12,423,96,6,102,525
08/15/2007,ICT,KS,ACE,CE,Combined TRACON& Tower with Radar,37,112,147,16,312,1,4,61,3,69,38,116,208,19,381,34,20,54,435
08/16/2007,ICT,KS,ACE,CE,Combined TRACON& Tower with Radar,37,105,179,22,343,0,3,59,0,62,37,108,238,22,405,53,0,53,458
08/17/2007,ICT,KS,ACE,CE,Combined TRACON& Tower with Radar,38,97,194,41,370,1,6,50,4,61,39,103,244,45,431,62,24,86,517
08/18/2007,ICT,KS,ACE,CE,Combined TRACON& Tower with Radar,36,72,96,13,217,0,7,29,0,36,36,79,125,13,253,84,4,88,341
08/19/2007,ICT,KS,ACE,CE,Combined TRACON& Tower with Radar,32,76,90,10,208,0,0,22,2,24,32,76,112,12,232,40,0,40,272
08/20/2007,ICT,KS,ACE,CE,Combined TRACON& Tower with Radar,26,102,165,22,315,0,8,39,1,48,26,110,204,23,363,83,28,111,474
08/21/2007,ICT,KS,ACE,CE,Combined TRACON& Tower with Radar,37,110,187,21,355,1,16,71,4,92,38,126,258,25,447,79,44,123,570
08/22/2007,ICT,KS,ACE,CE,Combined TRACON& Tower with Radar,36,99,175,26,336,0,4,47,1,52,36,103,222,27,388,44,2,46,434
08/23/2007,ICT,KS,ACE,CE,Combined TRACON& Tower with Radar,38,110,149,37,334,1,8,40,0,49,39,118,189,37,383,0,0,0,383
08/24/2007,ICT,KS,ACE,CE,Combined TRACON& Tower with Radar,37,103,155,24,319,0,1,16,0,17,37,104,171,24,336,64,18,82,418
08/25/2007,ICT,KS,ACE,CE,Combined TRACON& Tower with Radar,34,82,106,0,222,0,2,47,0,49,34,84,153,0,271,44,0,44,315
08/26/2007,ICT,KS,ACE,CE,Combined TRACON& Tower with Radar,38,85,136,1,260,0,12,40,0,52,38,97,176,1,312,12,0,12,324
08/27/2007,ICT,KS,ACE,CE,Combined TRACON& Tower with Radar,32,111,199,15,357,0,2,67,1,70,32,113,266,16,427,26,10,36,463
08/28/2007,ICT,KS,ACE,CE,Combined TRACON& Tower with Radar,38,97,192,23,350,0,10,71,1,82,38,107,263,24,432,129,10,139,571
08/29/2007,ICT,KS,ACE,CE,Combined TRACON& Tower with Radar,41,102,222,20,385,0,4,51,0,55,41,106,273,20,440,170,14,184,624
08/30/2007,ICT,KS,ACE,CE,Combined TRACON& Tower with Radar,36,95,214,62,407,0,10,48,0,58,36,105,262,62,465,78,56,134,599
08/31/2007,ICT,KS,ACE,CE,Combined TRACON& Tower with Radar,40,107,231,49,427,0,1,93,0,94,40,108,324,49,521,152,6,158,679
09/01/2007,ICT,KS,ACE,CE,Combined TRACON& Tower with Radar,37,69,103,0,209,0,6,50,0,56,37,75,153,0,265,24,0,24,289
09/02/2007,ICT,KS,ACE,CE,Combined TRACON& Tower with Radar,33,53,59,0,145,0,7,27,0,34,33,60,86,0,179,38,0,38,217
09/03/2007,ICT,KS,ACE,CE,Combined TRACON& Tower with Radar,32,80,113,1,226,0,6,36,0,42,32,86,149,1,268,12,0,12,280
09/04/2007,ICT,KS,ACE,CE,Combined TRACON& Tower with Radar,32,84,159,32,307,0,2,38,2,42,32,86,197,34,349,40,14,54,403
09/05/2007,ICT,KS,ACE,CE,Combined TRACON& Tower with Radar,46,94,187,54,381,0,7,40,0,47,46,101,227,54,428,65,102,167,595
09/06/2007,ICT,KS,ACE,CE,Combined TRACON& Tower with Radar,48,115,155,33,351,0,3,28,0,31,48,118,183,33,382,8,18,26,408
09/07/2007,ICT,KS,ACE,CE,Combined TRACON& Tower with Radar,45,91,174,11,321,0,5,43,0,48,45,96,217,11,369,96,40,136,505
09/08/2007,ICT,KS,ACE,CE,Combined TRACON& Tower with Radar,40,76,111,2,229,0,6,41,0,47,40,82,152,2,276,104,4,108,384
09/09/2007,ICT,KS,ACE,CE,Combined TRACON& Tower with Radar,30,66,138,10,244,0,9,33,0,42,30,75,171,10,286,56,12,68,354
09/10/2007,ICT,KS,ACE,CE,Combined TRACON& Tower with Radar,33,97,163,52,345,0,5,21,0,26,33,102,184,52,371,32,70,102,473
09/11/2007,ICT,KS,ACE,CE,Combined TRACON& Tower with Radar,40,111,178,20,349,0,16,73,2,91,40,127,251,22,440,65,12,77,517
09/12/2007,ICT,KS,ACE,CE,Combined TRACON& Tower with Radar,42,110,186,15,353,0,7,76,0,83,42,117,262,15,436,49,20,69,505
09/13/2007,ICT,KS,ACE,CE,Combined TRACON& Tower with Radar,44,108,215,11,378,0,10,64,1,75,44,118,279,12,453,52,8,60,513
09/14/2007,ICT,KS,ACE,CE,Combined TRACON& Tower with Radar,44,100,169,10,323,0,7,56,0,63,44,107,225,10,386,56,0,56,442
09/15/2007,ICT,KS,ACE,CE,Combined TRACON& Tower with Radar,39,81,108,1,229,0,4,29,0,33,39,85,137,1,262,36,0,36,298
09/16/2007,ICT,KS,ACE,CE,Combined TRACON& Tower with Radar,34,61,101,20,216,0,11,22,1,34,34,72,123,21,250,8,8,16,266
09/17/2007,ICT,KS,ACE,CE,Combined TRACON& Tower with Radar,35,93,158,27,313,0,3,31,6,40,35,96,189,33,353,68,0,68,421
09/18/2007,ICT,KS,ACE,CE,Combined TRACON& Tower with Radar,48,97,127,21,293,0,6,20,0,26,48,103,147,21,319,20,34,54,373
09/19/2007,ICT,KS,ACE,CE,Combined TRACON& Tower with Radar,44,117,189,42,392,0,6,67,0,73,44,123,256,42,465,20,18,38,503
09/20/2007,ICT,KS,ACE,CE,Combined TRACON& Tower with Radar,42,107,219,33,401,0,9,77,0,86,42,116,296,33,487,84,18,102,589
09/21/2007,ICT,KS,ACE,CE,Combined TRACON& Tower with Radar,46,119,191,35,391,0,23,100,8,131,46,142,291,43,522,20,28,48,570
09/22/2007,ICT,KS,ACE,CE,Combined TRACON& Tower with Radar,39,67,102,22,230,0,8,40,7,55,39,75,142,29,285,28,14,42,327
09/23/2007,ICT,KS,ACE,CE,Combined TRACON& Tower with Radar,32,84,121,4,241,0,5,39,1,45,32,89,160,5,286,26,0,26,312
09/24/2007,ICT,KS,ACE,CE,Combined TRACON& Tower with Radar,36,103,138,9,286,0,7,37,0,44,36,110,175,9,330,42,0,42,372
09/25/2007,ICT,KS,ACE,CE,Combined TRACON& Tower with Radar,42,108,179,17,346,0,5,43,0,48,42,113,222,17,394,66,14,80,474
09/26/2007,ICT,KS,ACE,CE,Combined TRACON& Tower with Radar,48,103,184,32,367,0,5,68,2,75,48,108,252,34,442,50,22,72,514
09/27/2007,ICT,KS,ACE,CE,Combined TRACON& Tower with Radar,45,103,232,17,397,0,9,58,0,67,45,112,290,17,464,38,14,52,516
09/28/2007,ICT,KS,ACE,CE,Combined TRACON& Tower with Radar,45,114,183,9,351,0,7,58,2,67,45,121,241,11,418,73,4,77,495
09/29/2007,ICT,KS,ACE,CE,Combined TRACON& Tower with Radar,43,71,95,4,213,0,9,41,1,51,43,80,136,5,264,34,0,34,298
09/30/2007,ICT,KS,ACE,CE,Combined TRACON& Tower with Radar,34,65,61,1,161,0,8,12,2,22,34,73,73,3,183,0,0,0,183
10/01/2007,ICT,KS,ACE,CE,Combined TRACON& Tower with Radar,40,95,155,8,298,0,6,60,3,69,40,101,215,11,367,50,2,52,419
10/02/2007,ICT,KS,ACE,CE,Combined TRACON& Tower with Radar,46,111,133,4,294,0,2,24,1,27,46,113,157,5,321,0,0,0,321
10/03/2007,ICT,KS,ACE,CE,Combined TRACON& Tower with Radar,48,114,177,33,372,0,7,70,0,77,48,121,247,33,449,88,34,122,571
10/04/2007,ICT,KS,ACE,CE,Combined TRACON& Tower with Radar,51,118,178,11,358,0,13,38,2,53,51,131,216,13,411,74,26,100,511
10/05/2007,ICT,KS,ACE,CE,Combined TRACON& Tower with Radar,51,102,160,14,327,0,17,43,0,60,51,119,203,14,387,58,22,80,467
10/06/2007,ICT,KS,ACE,CE,Combined TRACON& Tower with Radar,45,72,97,0,214,0,8,16,0,24,45,80,113,0,238,53,0,53,291
10/07/2007,ICT,KS,ACE,CE,Combined TRACON& Tower with Radar,39,63,87,0,189,0,0,15,0,15,39,63,102,0,204,41,0,41,245
10/08/2007,ICT,KS,ACE,CE,Combined TRACON& Tower with Radar,40,86,146,0,272,0,5,47,0,52,40,91,193,0,324,67,0,67,391
10/09/2007,ICT,KS,ACE,CE,Combined TRACON& Tower with Radar,51,111,165,7,334,0,2,72,1,75,51,113,237,8,409,64,0,64,473
10/10/2007,ICT,KS,ACE,CE,Combined TRACON& Tower with Radar,50,106,207,2,365,0,6,72,0,78,50,112,279,2,443,28,8,36,479
10/11/2007,ICT,KS,ACE,CE,Combined TRACON& Tower with Radar,52,104,180,8,344,0,14,66,0,80,52,118,246,8,424,34,6,40,464
10/12/2007,ICT,KS,ACE,CE,Combined TRACON& Tower with Radar,52,92,155,2,301,0,5,40,0,45,52,97,195,2,346,50,0,50,396
10/13/2007,ICT,KS,ACE,CE,Combined TRACON& Tower with Radar,46,70,88,5,209,0,4,37,0,41,46,74,125,5,250,28,6,34,284
10/14/2007,ICT,KS,ACE,CE,Combined TRACON& Tower with Radar,39,62,66,0,167,0,5,11,0,16,39,67,77,0,183,12,0,12,195
10/15/2007,ICT,KS,ACE,CE,Combined TRACON& Tower with Radar,44,97,162,17,320,0,7,17,0,24,44,104,179,17,344,27,12,39,383
10/16/2007,ICT,KS,ACE,CE,Combined TRACON& Tower with Radar,50,116,194,45,405,0,8,63,2,73,50,124,257,47,478,24,20,44,522
10/17/2007,ICT,KS,ACE,CE,Combined TRACON& Tower with Radar,48,121,104,0,273,0,4,10,0,14,48,125,114,0,287,0,0,0,287
10/18/2007,ICT,KS,ACE,CE,Combined TRACON& Tower with Radar,55,106,181,11,353,0,3,37,1,41,55,109,218,12,394,30,8,38,432
10/19/2007,ICT,KS,ACE,CE,Combined TRACON& Tower with Radar,49,113,194,14,370,0,10,65,2,77,49,123,259,16,447,46,4,50,497
10/20/2007,ICT,KS,ACE,CE,Combined TRACON& Tower with Radar,48,65,125,2,240,0,10,60,0,70,48,75,185,2,310,28,0,28,338
10/21/2007,ICT,KS,ACE,CE,Combined TRACON& Tower with Radar,42,74,105,38,259,0,8,27,0,35,42,82,132,38,294,0,8,8,302
10/22/2007,ICT,KS,ACE,CE,Combined TRACON& Tower with Radar,42,98,154,7,301,0,3,16,0,19,42,101,170,7,320,41,24,65,385
10/23/2007,ICT,KS,ACE,CE,Combined TRACON& Tower with Radar,50,117,192,32,391,0,9,67,0,76,50,126,259,32,467,68,64,132,599
10/24/2007,ICT,KS,ACE,CE,Combined TRACON& Tower with Radar,50,110,189,7,356,0,9,63,1,73,50,119,252,8,429,78,2,80,509
10/25/2007,ICT,KS,ACE,CE,Combined TRACON& Tower with Radar,50,103,228,13,394,0,6,85,0,91,50,109,313,13,485,98,18,116,601
10/26/2007,ICT,KS,ACE,CE,Combined TRACON& Tower with Radar,50,95,193,21,359,0,7,74,2,83,50,102,267,23,442,0,0,0,442
10/27/2007,ICT,KS,ACE,CE,Combined TRACON& Tower with Radar,46,67,147,5,265,1,4,78,0,83,47,71,225,5,348,95,0,95,443
10/28/2007,ICT,KS,ACE,CE,Combined TRACON& Tower with Radar,40,70,113,1,224,0,3,47,0,50,40,73,160,1,274,81,0,81,355
10/29/2007,ICT,KS,ACE,CE,Combined TRACON& Tower with Radar,43,95,151,38,327,0,8,50,1,59,43,103,201,39,386,92,38,130,516
10/30/2007,ICT,KS,ACE,CE,Combined TRACON& Tower with Radar,49,104,190,16,359,2,19,69,5,95,51,123,259,21,454,16,0,16,470
10/31/2007,ICT,KS,ACE,CE,Combined TRACON& Tower with Radar,48,123,176,14,361,0,12,48,0,60,48,135,224,14,421,12,0,12,433
11/01/2007,ICT,KS,ACE,CE,Combined TRACON& Tower with Radar,58,101,160,15,334,1,9,72,1,83,59,110,232,16,417,110,34,144,561
11/02/2007,ICT,KS,ACE,CE,Combined TRACON& Tower with Radar,58,112,197,22,389,0,13,87,0,100,58,125,284,22,489,134,8,142,631
11/03/2007,ICT,KS,ACE,CE,Combined TRACON& Tower with Radar,50,73,117,3,243,0,8,51,0,59,50,81,168,3,302,69,0,69,371
11/04/2007,ICT,KS,ACE,CE,Combined TRACON& Tower with Radar,40,70,101,1,212,0,2,42,1,45,40,72,143,2,257,38,0,38,295
11/05/2007,ICT,KS,ACE,CE,Combined TRACON& Tower with Radar,40,97,153,23,313,0,5,19,1,25,40,102,172,24,338,8,6,14,352
11/06/2007,ICT,KS,ACE,CE,Combined TRACON& Tower with Radar,51,109,178,40,378,0,10,71,4,85,51,119,249,44,463,116,44,160,623
11/07/2007,ICT,KS,ACE,CE,Combined TRACON& Tower with Radar,50,117,162,23,352,0,7,60,5,72,50,124,222,28,424,88,22,110,534
11/08/2007,ICT,KS,ACE,CE,Combined TRACON& Tower with Radar,52,100,175,27,354,0,12,77,4,93,52,112,252,31,447,69,19,88,535
11/09/2007,ICT,KS,ACE,CE,Combined TRACON& Tower with Radar,54,102,193,4,353,0,15,85,1,101,54,117,278,5,454,138,2,140,594
11/10/2007,ICT,KS,ACE,CE,Combined TRACON& Tower with Radar,56,66,102,5,229,0,6,18,0,24,56,72,120,5,253,66,1,67,320
11/11/2007,ICT,KS,ACE,CE,Combined TRACON& Tower with Radar,40,72,101,1,214,0,3,40,1,44,40,75,141,2,258,140,2,142,400
11/12/2007,ICT,KS,ACE,CE,Combined TRACON& Tower with Radar,43,83,136,2,264,0,6,14,0,20,43,89,150,2,284,8,0,8,292
11/13/2007,ICT,KS,ACE,CE,Combined TRACON& Tower with Radar,48,115,172,20,355,0,13,58,1,72,48,128,230,21,427,59,10,69,496
11/14/2007,ICT,KS,ACE,CE,Combined TRACON& Tower with Radar,55,100,166,20,341,0,1,55,1,57,55,101,221,21,398,2,36,38,436
11/15/2007,ICT,KS,ACE,CE,Combined TRACON& Tower with Radar,46,110,204,19,379,0,9,95,1,105,46,119,299,20,484,134,20,154,638
11/16/2007,ICT,KS,ACE,CE,Combined TRACON& Tower with Radar,51,120,192,10,373,0,10,77,1,88,51,130,269,11,461,96,22,118,579
11/17/2007,ICT,KS,ACE,CE,Combined TRACON& Tower with Radar,44,78,116,1,239,0,4,61,1,66,44,82,177,2,305,81,0,81,386
11/18/2007,ICT,KS,ACE,CE,Combined TRACON& Tower with Radar,35,71,120,4,230,0,4,50,2,56,35,75,170,6,286,44,0,44,330
11/19/2007,ICT,KS,ACE,CE,Combined TRACON& Tower with Radar,44,94,162,7,307,1,8,47,1,57,45,102,209,8,364,14,8,22,386
11/20/2007,ICT,KS,ACE,CE,Combined TRACON& Tower with Radar,46,108,193,19,366,0,13,25,0,38,46,121,218,19,404,106,12,118,522
11/21/2007,ICT,KS,ACE,CE,Combined TRACON& Tower with Radar,53,107,163,0,323,0,4,8,0,12,53,111,171,0,335,35,0,35,370
11/22/2007,ICT,KS,ACE,CE,Combined TRACON& Tower with Radar,30,65,24,0,119,0,4,22,0,26,30,69,46,0,145,0,0,0,145
11/23/2007,ICT,KS,ACE,CE,Combined TRACON& Tower with Radar,30,71,55,0,156,0,7,24,0,31,30,78,79,0,187,0,0,0,187
11/24/2007,ICT,KS,ACE,CE,Combined TRACON& Tower with Radar,40,83,55,7,185,0,0,17,4,21,40,83,72,11,206,42,0,42,248
11/25/2007,ICT,KS,ACE,CE,Combined TRACON& Tower with Radar,44,85,102,0,231,0,0,18,0,18,44,85,120,0,249,32,0,32,281
11/26/2007,ICT,KS,ACE,CE,Combined TRACON& Tower with Radar,40,109,143,33,325,0,11,49,0,60,40,120,192,33,385,48,22,70,455
11/27/2007,ICT,KS,ACE,CE,Combined TRACON& Tower with Radar,45,102,174,51,372,0,5,64,3,72,45,107,238,54,444,66,48,114,558
11/28/2007,ICT,KS,ACE,CE,Combined TRACON& Tower with Radar,49,107,178,32,366,0,3,49,6,58,49,110,227,38,424,55,4,59,483
11/29/2007,ICT,KS,ACE,CE,Combined TRACON& Tower with Radar,46,118,191,47,402,0,13,90,3,106,46,131,281,50,508,126,74,200,708
11/30/2007,ICT,KS,ACE,CE,Combined TRACON& Tower with Radar,43,117,165,20,345,0,12,51,3,66,43,129,216,23,411,117,26,143,554
12/01/2007,ICT,KS,ACE,CE,Combined TRACON& Tower with Radar,33,65,51,4,153,0,0,0,0,0,33,65,51,4,153,0,0,0,153
12/02/2007,ICT,KS,ACE,CE,Combined TRACON& Tower with Radar,29,80,92,0,201,0,4,36,0,40,29,84,128,0,241,0,0,0,241
12/03/2007,ICT,KS,ACE,CE,Combined TRACON& Tower with Radar,40,113,184,13,350,0,6,60,0,66,40,119,244,13,416,0,0,0,416
12/04/2007,ICT,KS,ACE,CE,Combined TRACON& Tower with Radar,49,112,188,10,359,0,6,66,0,72,49,118,254,10,431,0,0,0,431
12/05/2007,ICT,KS,ACE,CE,Combined TRACON& Tower with Radar,46,100,173,10,329,0,10,42,1,53,46,110,215,11,382,0,0,0,382
12/06/2007,ICT,KS,ACE,CE,Combined TRACON& Tower with Radar,44,111,108,2,265,0,2,0,0,2,44,113,108,2,267,0,0,0,267
12/07/2007,ICT,KS,ACE,CE,Combined TRACON& Tower with Radar,46,107,157,14,324,0,0,2,0,2,46,107,159,14,326,14,0,14,340
12/08/2007,ICT,KS,ACE,CE,Combined TRACON& Tower with Radar,48,61,47,0,156,0,0,0,0,0,48,61,47,0,156,0,0,0,156
12/09/2007,ICT,KS,ACE,CE,Combined TRACON& Tower with Radar,39,67,69,3,178,0,0,2,0,2,39,67,71,3,180,0,0,0,180
12/10/2007,ICT,KS,ACE,CE,Combined TRACON& Tower with Radar,42,92,116,7,257,0,0,5,1,6,42,92,121,8,263,12,0,12,275
12/11/2007,ICT,KS,ACE,CE,Combined TRACON& Tower with Radar,34,45,41,0,120,0,0,0,0,0,34,45,41,0,120,0,0,0,120
12/12/2007,ICT,KS,ACE,CE,Combined TRACON& Tower with Radar,54,112,157,15,338,0,0,0,1,1,54,112,157,16,339,54,10,64,403
12/13/2007,ICT,KS,ACE,CE,Combined TRACON& Tower with Radar,52,119,186,35,392,0,6,45,0,51,52,125,231,35,443,40,56,96,539
12/14/2007,ICT,KS,ACE,CE,Combined TRACON& Tower with Radar,48,118,172,22,360,0,1,13,0,14,48,119,185,22,374,24,78,102,476
12/15/2007,ICT,KS,ACE,CE,Combined TRACON& Tower with Radar,58,76,49,0,183,0,2,1,0,3,58,78,50,0,186,0,0,0,186
12/16/2007,ICT,KS,ACE,CE,Combined TRACON& Tower with Radar,41,69,101,4,215,0,2,53,4,59,41,71,154,8,274,103,0,103,377
12/17/2007,ICT,KS,ACE,CE,Combined TRACON& Tower with Radar,37,108,178,9,332,0,6,36,0,42,37,114,214,9,374,74,8,82,456
12/18/2007,ICT,KS,ACE,CE,Combined TRACON& Tower with Radar,51,116,201,14,382,0,9,70,1,80,51,125,271,15,462,220,2,222,684
12/19/2007,ICT,KS,ACE,CE,Combined TRACON& Tower with Radar,51,107,191,13,362,0,8,75,0,83,51,115,266,13,445,68,14,82,527
12/20/2007,ICT,KS,ACE,CE,Combined TRACON& Tower with Radar,48,131,196,50,425,0,6,71,5,82,48,137,267,55,507,82,98,180,687
12/21/2007,ICT,KS,ACE,CE,Combined TRACON& Tower with Radar,58,109,154,26,347,0,4,60,0,64,58,113,214,26,411,96,36,132,543
12/22/2007,ICT,KS,ACE,CE,Combined TRACON& Tower with Radar,32,43,27,0,102,0,1,0,0,1,32,44,27,0,103,26,0,26,129
12/23/2007,ICT,KS,ACE,CE,Combined TRACON& Tower with Radar,48,70,58,0,176,0,1,29,0,30,48,71,87,0,206,0,0,0,206
12/24/2007,ICT,KS,ACE,CE,Combined TRACON& Tower with Radar,38,81,49,0,168,0,7,28,0,35,38,88,77,0,203,45,0,45,248
12/25/2007,ICT,KS,ACE,CE,Combined TRACON& Tower with Radar,34,47,17,0,98,0,3,10,0,13,34,50,27,0,111,8,0,8,119
12/26/2007,ICT,KS,ACE,CE,Combined TRACON& Tower with Radar,43,100,72,0,215,0,3,1,0,4,43,103,73,0,219,6,0,6,225
12/27/2007,ICT,KS,ACE,CE,Combined TRACON& Tower with Radar,42,99,46,0,187,0,2,1,0,3,42,101,47,0,190,0,0,0,190
12/28/2007,ICT,KS,ACE,CE,Combined TRACON& Tower with Radar,50,90,74,0,214,0,2,19,0,21,50,92,93,0,235,8,0,8,243
12/29/2007,ICT,KS,ACE,CE,Combined TRACON& Tower with Radar,55,73,57,0,185,0,8,21,0,29,55,81,78,0,214,28,0,28,242
12/30/2007,ICT,KS,ACE,CE,Combined TRACON& Tower with Radar,42,75,82,0,199,0,2,36,0,38,42,77,118,0,237,39,0,39,276
12/31/2007,ICT,KS,ACE,CE,Combined TRACON& Tower with Radar,40,87,46,0,173,0,9,26,1,36,40,96,72,1,209,4,0,4,213
01/01/2008,ICT,KS,ACE,CE,Combined TRACON& Tower with Radar,37,69,31,0,137,0,6,12,0,18,37,75,43,0,155,0,0,0,155
01/02/2008,ICT,KS,ACE,CE,Combined TRACON& Tower with Radar,45,95,116,0,256,0,10,35,0,45,45,105,151,0,301,24,0,24,325
01/03/2008,ICT,KS,ACE,CE,Combined TRACON& Tower with Radar,44,96,111,4,255,0,5,27,0,32,44,101,138,4,287,22,0,22,309
01/04/2008,ICT,KS,ACE,CE,Combined TRACON& Tower with Radar,48,114,153,21,336,0,8,58,0,66,48,122,211,21,402,128,16,144,546
01/05/2008,ICT,KS,ACE,CE,Combined TRACON& Tower with Radar,52,83,99,0,234,0,4,50,0,54,52,87,149,0,288,98,0,98,386
01/06/2008,ICT,KS,ACE,CE,Combined TRACON& Tower with Radar,37,77,110,4,228,0,0,48,0,48,37,77,158,4,276,105,0,105,381
01/07/2008,ICT,KS,ACE,CE,Combined TRACON& Tower with Radar,36,97,142,25,300,0,6,35,0,41,36,103,177,25,341,138,73,211,552
01/08/2008,ICT,KS,ACE,CE,Combined TRACON& Tower with Radar,44,116,169,20,349,0,10,45,2,57,44,126,214,22,406,88,16,104,510
01/09/2008,ICT,KS,ACE,CE,Combined TRACON& Tower with Radar,40,101,156,17,314,0,13,41,0,54,40,114,197,17,368,0,0,0,368
01/10/2008,ICT,KS,ACE,CE,Combined TRACON& Tower with Radar,44,103,133,11,291,0,6,26,1,33,44,109,159,12,324,36,6,42,366
01/11/2008,ICT,KS,ACE,CE,Combined TRACON& Tower with Radar,44,113,153,7,317,0,7,86,0,93,44,120,239,7,410,121,10,131,541
01/12/2008,ICT,KS,ACE,CE,Combined TRACON& Tower with Radar,39,69,134,7,249,0,7,61,0,68,39,76,195,7,317,100,0,100,417
01/13/2008,ICT,KS,ACE,CE,Combined TRACON& Tower with Radar,35,82,131,6,254,0,2,57,0,59,35,84,188,6,313,0,0,0,313
01/14/2008,ICT,KS,ACE,CE,Combined TRACON& Tower with Radar,32,105,156,24,317,0,10,62,1,73,32,115,218,25,390,141,28,169,559
01/15/2008,ICT,KS,ACE,CE,Combined TRACON& Tower with Radar,44,109,162,27,342,0,8,57,1,66,44,117,219,28,408,97,14,111,519
01/16/2008,ICT,KS,ACE,CE,Combined TRACON& Tower with Radar,43,95,128,2,268,0,1,8,0,9,43,96,136,2,277,0,0,0,277
01/17/2008,ICT,KS,ACE,CE,Combined TRACON& Tower with Radar,44,109,151,4,308,0,2,65,3,70,44,111,216,7,378,101,2,103,481
01/18/2008,ICT,KS,ACE,CE,Combined TRACON& Tower with Radar,43,112,167,0,322,0,9,29,0,38,43,121,196,0,360,96,0,96,456
01/19/2008,ICT,KS,ACE,CE,Combined TRACON& Tower with Radar,39,68,102,0,209,0,0,47,0,47,39,68,149,0,256,102,0,102,358
01/20/2008,ICT,KS,ACE,CE,Combined TRACON& Tower with Radar,33,81,100,0,214,0,1,37,0,38,33,82,137,0,252,88,0,88,340
01/21/2008,ICT,KS,ACE,CE,Combined TRACON& Tower with Radar,33,84,53,0,170,0,2,0,0,2,33,86,53,0,172,0,0,0,172
01/22/2008,ICT,KS,ACE,CE,Combined TRACON& Tower with Radar,45,104,151,10,310,0,5,41,0,46,45,109,192,10,356,71,10,81,437
01/23/2008,ICT,KS,ACE,CE,Combined TRACON& Tower with Radar,44,137,177,22,380,0,10,51,2,63,44,147,228,24,443,174,28,202,645
01/24/2008,ICT,KS,ACE,CE,Combined TRACON& Tower with Radar,48,115,144,4,311,0,7,59,1,67,48,122,203,5,378,102,58,160,538
01/25/2008,ICT,KS,ACE,CE,Combined TRACON& Tower with Radar,40,101,135,34,310,0,12,38,1,51,40,113,173,35,361,141,70,211,572
01/26/2008,ICT,KS,ACE,CE,Combined TRACON& Tower with Radar,42,69,136,2,249,0,10,70,0,80,42,79,206,2,329,94,12,106,435
01/27/2008,ICT,KS,ACE,CE,Combined TRACON& Tower with Radar,34,91,105,3,233,0,9,39,2,50,34,100,144,5,283,90,4,94,377
01/28/2008,ICT,KS,ACE,CE,Combined TRACON& Tower with Radar,37,87,141,39,304,0,9,30,0,39,37,96,171,39,343,70,84,154,497
01/29/2008,ICT,KS,ACE,CE,Combined TRACON& Tower with Radar,43,104,135,5,287,0,6,14,2,22,43,110,149,7,309,18,10,28,337
01/30/2008,ICT,KS,ACE,CE,Combined TRACON& Tower with Radar,42,111,168,34,355,0,18,45,1,64,42,129,213,35,419,68,80,148,567
01/31/2008,ICT,KS,ACE,CE,Combined TRACON& Tower with Radar,42,97,68,1,208,0,5,3,0,8,42,102,71,1,216,14,0,14,230
02/01/2008,ICT,KS,ACE,CE,Combined TRACON& Tower with Radar,43,114,183,1,341,1,20,58,0,79,44,134,241,1,420,90,0,90,510
02/02/2008,ICT,KS,ACE,CE,Combined TRACON& Tower with Radar,42,69,104,1,216,0,2,54,1,57,42,71,158,2,273,62,0,62,335
02/03/2008,ICT,KS,ACE,CE,Combined TRACON& Tower with Radar,31,94,79,7,211,0,8,28,0,36,31,102,107,7,247,84,0,84,331
02/04/2008,ICT,KS,ACE,CE,Combined TRACON& Tower with Radar,33,92,148,43,316,0,8,50,0,58,33,100,198,43,374,80,54,134,508
02/05/2008,ICT,KS,ACE,CE,Combined TRACON& Tower with Radar,41,88,95,2,226,0,0,0,0,0,41,88,95,2,226,66,30,96,322
02/06/2008,ICT,KS,ACE,CE,Combined TRACON& Tower with Radar,48,85,143,7,283,1,2,42,1,46,49,87,185,8,329,102,4,106,435
02/07/2008,ICT,KS,ACE,CE,Combined TRACON& Tower with Radar,45,98,185,23,351,0,12,53,0,65,45,110,238,23,416,116,31,147,563
02/08/2008,ICT,KS,ACE,CE,Combined TRACON& Tower with Radar,50,95,190,17,352,0,7,62,0,69,50,102,252,17,421,147,72,219,640
02/09/2008,ICT,KS,ACE,CE,Combined TRACON& Tower with Radar,41,63,119,5,228,0,2,59,1,62,41,65,178,6,290,234,16,250,540
02/10/2008,ICT,KS,ACE,CE,Combined TRACON& Tower with Radar,35,83,93,3,214,0,0,34,0,34,35,83,127,3,248,50,0,50,298
02/11/2008,ICT,KS,ACE,CE,Combined TRACON& Tower with Radar,39,102,142,12,295,0,6,17,2,25,39,108,159,14,320,69,10,79,399
02/12/2008,ICT,KS,ACE,CE,Combined TRACON& Tower with Radar,42,109,115,7,273,0,4,27,1,32,42,113,142,8,305,54,2,56,361
02/13/2008,ICT,KS,ACE,CE,Combined TRACON& Tower with Radar,52,115,190,8,365,0,13,64,0,77,52,128,254,8,442,92,12,104,546
02/14/2008,ICT,KS,ACE,CE,Combined TRACON& Tower with Radar,46,105,125,7,283,0,10,31,1,42,46,115,156,8,325,22,14,36,361
02/15/2008,ICT,KS,ACE,CE,Combined TRACON& Tower with Radar,46,110,138,41,335,0,3,55,0,58,46,113,193,41,393,242,71,313,706
02/16/2008,ICT,KS,ACE,CE,Combined TRACON& Tower with Radar,41,82,47,6,176,0,5,6,0,11,41,87,53,6,187,64,8,72,259
02/17/2008,ICT,KS,ACE,CE,Combined TRACON& Tower with Radar,34,85,52,0,171,0,8,14,0,22,34,93,66,0,193,6,0,6,199
02/18/2008,ICT,KS,ACE,CE,Combined TRACON& Tower with Radar,38,94,124,3,259,0,10,42,1,53,38,104,166,4,312,26,0,26,338
02/19/2008,ICT,KS,ACE,CE,Combined TRACON& Tower with Radar,50,108,178,29,365,0,13,65,0,78,50,121,243,29,443,115,78,193,636
02/20/2008,ICT,KS,ACE,CE,Combined TRACON& Tower with Radar,47,98,144,3,292,0,4,38,0,42,47,102,182,3,334,92,0,92,426
02/21/2008,ICT,KS,ACE,CE,Combined TRACON& Tower with Radar,42,97,97,2,238,0,0,1,2,3,42,97,98,4,241,12,0,12,253
02/22/2008,ICT,KS,ACE,CE,Combined TRACON& Tower with Radar,48,109,139,4,300,0,11,40,1,52,48,120,179,5,352,108,8,116,468
02/23/2008,ICT,KS,ACE,CE,Combined TRACON& Tower with Radar,40,92,52,1,185,0,3,4,0,7,40,95,56,1,192,72,0,72,264
02/24/2008,ICT,KS,ACE,CE,Combined TRACON& Tower with Radar,35,90,82,1,208,0,1,1,0,2,35,91,83,1,210,28,0,28,238
02/25/2008,ICT,KS,ACE,CE,Combined TRACON& Tower with Radar,39,94,147,7,287,0,5,19,1,25,39,99,166,8,312,41,4,45,357
02/26/2008,ICT,KS,ACE,CE,Combined TRACON& Tower with Radar,46,102,155,21,324,0,7,60,1,68,46,109,215,22,392,142,69,211,603
02/27/2008,ICT,KS,ACE,CE,Combined TRACON& Tower with Radar,46,112,174,19,351,0,5,86,0,91,46,117,260,19,442,153,8,161,603
02/28/2008,ICT,KS,ACE,CE,Combined TRACON& Tower with Radar,44,110,141,8,303,0,4,63,1,68,44,114,204,9,371,96,8,104,475
02/29/2008,ICT,KS,ACE,CE,Combined TRACON& Tower with Radar,45,119,165,5,334,0,10,70,3,83,45,129,235,8,417,214,14,228,645
03/01/2008,ICT,KS,ACE,CE,Combined TRACON& Tower with Radar,42,88,105,1,236,0,3,40,1,44,42,91,145,2,280,174,14,188,468
03/02/2008,ICT,KS,ACE,CE,Combined TRACON& Tower with Radar,32,76,63,0,171,0,4,4,0,8,32,80,67,0,179,38,0,38,217
03/03/2008,ICT,KS,ACE,CE,Combined TRACON& Tower with Radar,38,92,126,43,299,0,4,17,0,21,38,96,143,43,320,77,80,157,477
03/04/2008,ICT,KS,ACE,CE,Combined TRACON& Tower with Radar,45,96,170,25,336,0,8,69,1,78,45,104,239,26,414,92,16,108,522
03/05/2008,ICT,KS,ACE,CE,Combined TRACON& Tower with Radar,51,113,188,15,367,0,12,25,0,37,51,125,213,15,404,82,26,108,512
03/06/2008,ICT,KS,ACE,CE,Combined TRACON& Tower with Radar,40,90,192,91,413,0,8,68,0,76,40,98,260,91,489,260,96,356,845
03/07/2008,ICT,KS,ACE,CE,Combined TRACON& Tower with Radar,41,96,156,2,295,0,7,39,0,46,41,103,195,2,341,183,46,229,570
03/08/2008,ICT,KS,ACE,CE,Combined TRACON& Tower with Radar,41,87,142,0,270,0,4,51,1,56,41,91,193,1,326,149,12,161,487
03/09/2008,ICT,KS,ACE,CE,Combined TRACON& Tower with Radar,34,77,125,0,236,0,11,41,0,52,34,88,166,0,288,88,0,88,376
03/10/2008,ICT,KS,ACE,CE,Combined TRACON& Tower with Radar,38,96,144,12,290,0,10,61,1,72,38,106,205,13,362,100,14,114,476
03/11/2008,ICT,KS,ACE,CE,Combined TRACON& Tower with Radar,46,107,196,10,359,0,11,91,2,104,46,118,287,12,463,126,16,142,605
03/12/2008,ICT,KS,ACE,CE,Combined TRACON& Tower with Radar,54,90,179,28,351,0,9,65,0,74,54,99,244,28,425,80,29,109,534
03/13/2008,ICT,KS,ACE,CE,Combined TRACON& Tower with Radar,48,105,154,15,322,0,13,39,1,53,48,118,193,16,375,116,10,126,501
03/14/2008,ICT,KS,ACE,CE,Combined TRACON& Tower with Radar,50,92,146,3,291,0,6,40,1,47,50,98,186,4,338,122,20,142,480
03/15/2008,ICT,KS,ACE,CE,Combined TRACON& Tower with Radar,46,80,95,1,222,0,1,29,0,30,46,81,124,1,252,54,0,54,306
03/16/2008,ICT,KS,ACE,CE,Combined TRACON& Tower with Radar,40,83,93,3,219,0,3,28,1,32,40,86,121,4,251,90,0,90,341
03/17/2008,ICT,KS,ACE,CE,Combined TRACON& Tower with Radar,38,80,79,0,197,0,2,1,1,4,38,82,80,1,201,0,0,0,201
03/18/2008,ICT,KS,ACE,CE,Combined TRACON& Tower with Radar,50,94,139,50,333,0,7,28,0,35,50,101,167,50,368,37,70,107,475
03/19/2008,ICT,KS,ACE,CE,Combined TRACON& Tower with Radar,50,103,188,46,387,0,9,68,0,77,50,112,256,46,464,106,102,208,672
03/20/2008,ICT,KS,ACE,CE,Combined TRACON& Tower with Radar,50,99,172,17,338,0,11,70,1,82,50,110,242,18,420,108,56,164,584
03/21/2008,ICT,KS,ACE,CE,Combined TRACON& Tower with Radar,52,80,128,31,291,0,15,60,0,75,52,95,188,31,366,150,48,198,564
03/22/2008,ICT,KS,ACE,CE,Combined TRACON& Tower with Radar,48,76,106,1,231,0,4,52,0,56,48,80,158,1,287,154,12,166,453
03/23/2008,ICT,KS,ACE,CE,Combined TRACON& Tower with Radar,42,68,65,0,175,0,4,27,0,31,42,72,92,0,206,82,0,82,288
03/24/2008,ICT,KS,ACE,CE,Combined TRACON& Tower with Radar,46,95,142,8,291,0,3,43,0,46,46,98,185,8,337,164,42,206,543
03/25/2008,ICT,KS,ACE,CE,Combined TRACON& Tower with Radar,46,103,165,30,344,0,13,63,0,76,46,116,228,30,420,102,44,146,566
03/26/2008,ICT,KS,ACE,CE,Combined TRACON& Tower with Radar,48,110,180,19,357,0,11,31,0,42,48,121,211,19,399,67,24,91,490
03/27/2008,ICT,KS,ACE,CE,Combined TRACON& Tower with Radar,51,98,149,8,306,0,0,1,0,1,51,98,150,8,307,64,0,64,371
03/28/2008,ICT,KS,ACE,CE,Combined TRACON& Tower with Radar,50,106,176,23,355,0,6,15,0,21,50,112,191,23,376,64,28,92,468
03/29/2008,ICT,KS,ACE,CE,Combined TRACON& Tower with Radar,45,81,83,0,209,0,7,10,0,17,45,88,93,0,226,100,0,100,326
03/30/2008,ICT,KS,ACE,CE,Combined TRACON& Tower with Radar,36,84,51,0,171,0,0,0,0,0,36,84,51,0,171,0,0,0,171
03/31/2008,ICT,KS,ACE,CE,Combined TRACON& Tower with Radar,38,98,137,10,283,0,5,15,1,21,38,103,152,11,304,60,10,70,374
04/01/2008,ICT,KS,ACE,CE,Combined TRACON& Tower with Radar,42,110,181,38,371,0,6,86,2,94,42,116,267,40,465,170,46,216,681
04/02/2008,ICT,KS,ACE,CE,Combined TRACON& Tower with Radar,46,94,164,48,352,0,13,52,2,67,46,107,216,50,419,90,79,169,588
04/03/2008,ICT,KS,ACE,CE,Combined TRACON& Tower with Radar,42,104,137,26,309,0,0,1,0,1,42,104,138,26,310,18,2,20,330
04/04/2008,ICT,KS,ACE,CE,Combined TRACON& Tower with Radar,47,107,196,23,373,0,6,60,1,67,47,113,256,24,440,132,32,164,604
04/05/2008,ICT,KS,ACE,CE,Combined TRACON& Tower with Radar,41,73,117,0,231,0,4,50,1,55,41,77,167,1,286,81,0,81,367
04/06/2008,ICT,KS,ACE,CE,Combined TRACON& Tower with Radar,33,81,94,0,208,0,7,37,1,45,33,88,131,1,253,72,2,74,327
04/07/2008,ICT,KS,ACE,CE,Combined TRACON& Tower with Radar,42,100,117,34,293,0,9,27,2,38,42,109,144,36,331,88,58,146,477
04/08/2008,ICT,KS,ACE,CE,Combined TRACON& Tower with Radar,41,102,156,31,330,0,5,4,0,9,41,107,160,31,339,38,62,100,439
04/09/2008,ICT,KS,ACE,CE,Combined TRACON& Tower with Radar,47,94,160,1,302,0,3,15,0,18,47,97,175,1,320,68,0,68,388
04/10/2008,ICT,KS,ACE,CE,Combined TRACON& Tower with Radar,42,81,98,9,230,0,5,8,0,13,42,86,106,9,243,96,16,112,355
04/11/2008,ICT,KS,ACE,CE,Combined TRACON& Tower with Radar,45,81,125,9,260,0,4,15,0,19,45,85,140,9,279,62,48,110,389
04/12/2008,ICT,KS,ACE,CE,Combined TRACON& Tower with Radar,37,74,74,5,190,0,12,38,0,50,37,86,112,5,240,42,10,52,292
04/13/2008,ICT,KS,ACE,CE,Combined TRACON& Tower with Radar,40,79,85,0,204,0,4,34,0,38,40,83,119,0,242,74,0,74,316
04/14/2008,ICT,KS,ACE,CE,Combined TRACON& Tower with Radar,43,98,199,41,381,0,8,83,1,92,43,106,282,42,473,168,50,218,691
04/15/2008,ICT,KS,ACE,CE,Combined TRACON& Tower with Radar,46,94,140,3,283,0,16,29,0,45,46,110,169,3,328,14,14,28,356
04/16/2008,ICT,KS,ACE,CE,Combined TRACON& Tower with Radar,50,90,147,14,301,0,10,39,0,49,50,100,186,14,350,134,44,178,528
04/17/2008,ICT,KS,ACE,CE,Combined TRACON& Tower with Radar,55,106,139,12,312,0,0,3,0,3,55,106,142,12,315,8,0,8,323
04/18/2008,ICT,KS,ACE,CE,Combined TRACON& Tower with Radar,49,108,173,7,337,0,9,57,1,67,49,117,230,8,404,156,32,188,592
04/19/2008,ICT,KS,ACE,CE,Combined TRACON& Tower with Radar,35,60,146,1,242,0,8,94,1,103,35,68,240,2,345,188,0,188,533
04/20/2008,ICT,KS,ACE,CE,Combined TRACON& Tower with Radar,38,75,87,1,201,0,4,42,0,46,38,79,129,1,247,44,0,44,291
04/21/2008,ICT,KS,ACE,CE,Combined TRACON& Tower with Radar,42,93,175,4,314,0,7,35,2,44,42,100,210,6,358,132,24,156,514
04/22/2008,ICT,KS,ACE,CE,Combined TRACON& Tower with Radar,50,115,202,22,389,0,7,70,0,77,50,122,272,22,466,72,16,88,554
04/23/2008,ICT,KS,ACE,CE,Combined TRACON& Tower with Radar,58,90,110,21,279,0,3,9,2,14,58,93,119,23,293,60,92,152,445
04/24/2008,ICT,KS,ACE,CE,Combined TRACON& Tower with Radar,53,93,174,13,333,0,2,11,1,14,53,95,185,14,347,162,16,178,525
04/25/2008,ICT,KS,ACE,CE,Combined TRACON& Tower with Radar,49,94,160,30,333,0,5,44,0,49,49,99,204,30,382,88,68,156,538
04/26/2008,ICT,KS,ACE,CE,Combined TRACON& Tower with Radar,35,80,106,5,226,0,9,53,1,63,35,89,159,6,289,134,24,158,447
04/27/2008,ICT,KS,ACE,CE,Combined TRACON& Tower with Radar,43,82,139,31,295,0,3,62,0,65,43,85,201,31,360,40,18,58,418
04/28/2008,ICT,KS,ACE,CE,Combined TRACON& Tower with Radar,44,96,200,18,358,0,3,68,0,71,44,99,268,18,429,86,26,112,541
04/29/2008,ICT,KS,ACE,CE,Combined TRACON& Tower with Radar,51,109,174,15,349,0,9,71,1,81,51,118,245,16,430,54,16,70,500
04/30/2008,ICT,KS,ACE,CE,Combined TRACON& Tower with Radar,54,116,203,23,396,0,7,41,2,50,54,123,244,25,446,40,45,85,531
05/01/2008,ICT,KS,ACE,CE,Combined TRACON& Tower with Radar,51,92,147,37,327,0,12,44,7,63,51,104,191,44,390,193,92,285,675
05/02/2008,ICT,KS,ACE,CE,Combined TRACON& Tower with Radar,45,96,125,4,270,0,6,22,10,38,45,102,147,14,308,71,4,75,383
05/03/2008,ICT,KS,ACE,CE,Combined TRACON& Tower with Radar,42,73,92,0,207,0,12,69,0,81,42,85,161,0,288,100,0,100,388
05/04/2008,ICT,KS,ACE,CE,Combined TRACON& Tower with Radar,43,76,88,1,208,1,10,23,0,34,44,86,111,1,242,76,0,76,318
05/05/2008,ICT,KS,ACE,CE,Combined TRACON& Tower with Radar,45,88,155,0,288,0,3,44,0,47,45,91,199,0,335,104,0,104,439
05/06/2008,ICT,KS,ACE,CE,Combined TRACON& Tower with Radar,58,87,150,22,317,0,3,12,1,16,58,90,162,23,333,34,14,48,381
05/07/2008,ICT,KS,ACE,CE,Combined TRACON& Tower with Radar,48,110,133,0,291,0,1,10,0,11,48,111,143,0,302,38,0,38,340
05/08/2008,ICT,KS,ACE,CE,Combined TRACON& Tower with Radar,55,106,181,24,366,0,8,76,5,89,55,114,257,29,455,234,48,282,737
05/09/2008,ICT,KS,ACE,CE,Combined TRACON& Tower with Radar,52,105,204,0,361,0,8,57,1,66,52,113,261,1,427,181,0,181,608
05/10/2008,ICT,KS,ACE,CE,Combined TRACON& Tower with Radar,37,66,122,2,227,0,2,36,1,39,37,68,158,3,266,106,0,106,372
05/11/2008,ICT,KS,ACE,CE,Combined TRACON& Tower with Radar,41,79,100,4,224,0,11,45,6,62,41,90,145,10,286,94,0,94,380
05/12/2008,ICT,KS,ACE,CE,Combined TRACON& Tower with Radar,51,97,161,14,323,0,3,46,1,50,51,100,207,15,373,42,14,56,429
05/13/2008,ICT,KS,ACE,CE,Combined TRACON& Tower with Radar,47,103,207,23,380,0,3,41,1,45,47,106,248,24,425,95,81,176,601
05/14/2008,ICT,KS,ACE,CE,Combined TRACON& Tower with Radar,51,99,217,31,398,0,2,82,2,86,51,101,299,33,484,146,56,202,686
05/15/2008,ICT,KS,ACE,CE,Combined TRACON& Tower with Radar,54,101,208,17,380,0,11,64,3,78,54,112,272,20,458,100,44,144,602
05/16/2008,ICT,KS,ACE,CE,Combined TRACON& Tower with Radar,52,98,195,19,364,0,5,89,2,96,52,103,284,21,460,236,28,264,724
05/17/2008,ICT,KS,ACE,CE,Combined TRACON& Tower with Radar,43,68,117,1,229,0,6,66,2,74,43,74,183,3,303,216,0,216,519
05/18/2008,ICT,KS,ACE,CE,Combined TRACON& Tower with Radar,44,75,120,8,247,0,4,56,0,60,44,79,176,8,307,89,8,97,404
05/19/2008,ICT,KS,ACE,CE,Combined TRACON& Tower with Radar,47,94,147,21,309,0,6,46,1,53,47,100,193,22,362,143,12,155,517
05/20/2008,ICT,KS,ACE,CE,Combined TRACON& Tower with Radar,49,105,179,42,375,0,8,62,1,71,49,113,241,43,446,79,22,101,547
05/21/2008,ICT,KS,ACE,CE,Combined TRACON& Tower with Radar,54,111,160,18,343,0,6,62,1,69,54,117,222,19,412,140,28,168,580
05/22/2008,ICT,KS,ACE,CE,Combined TRACON& Tower with Radar,56,117,175,3,351,0,7,19,0,26,56,124,194,3,377,156,0,156,533
05/23/2008,ICT,KS,ACE,CE,Combined TRACON& Tower with Radar,58,109,119,17,303,0,3,14,0,17,58,112,133,17,320,57,16,73,393
05/24/2008,ICT,KS,ACE,CE,Combined TRACON& Tower with Radar,42,66,55,2,165,0,4,4,0,8,42,70,59,2,173,44,0,44,217
05/25/2008,ICT,KS,ACE,CE,Combined TRACON& Tower with Radar,43,55,47,0,145,0,3,19,1,23,43,58,66,1,168,20,0,20,188
05/26/2008,ICT,KS,ACE,CE,Combined TRACON& Tower with Radar,42,70,32,0,144,0,1,8,0,9,42,71,40,0,153,0,0,0,153
05/27/2008,ICT,KS,ACE,CE,Combined TRACON& Tower with Radar,45,101,166,28,340,0,7,30,3,40,45,108,196,31,380,68,50,118,498
05/28/2008,ICT,KS,ACE,CE,Combined TRACON& Tower with Radar,54,106,205,26,391,0,3,3,0,6,54,109,208,26,397,120,14,134,531
05/29/2008,ICT,KS,ACE,CE,Combined TRACON& Tower with Radar,58,101,159,18,336,0,2,17,0,19,58,103,176,18,355,48,22,70,425
05/30/2008,ICT,KS,ACE,CE,Combined TRACON& Tower with Radar,53,86,170,19,328,0,2,48,4,54,53,88,218,23,382,129,6,135,517
05/31/2008,ICT,KS,ACE,CE,Combined TRACON& Tower with Radar,41,67,100,24,232,0,4,51,0,55,41,71,151,24,287,204,38,242,529
06/01/2008,ICT,KS,ACE,CE,Combined TRACON& Tower with Radar,39,89,98,0,226,0,3,45,0,48,39,92,143,0,274,44,0,44,318
06/02/2008,ICT,KS,ACE,CE,Combined TRACON& Tower with Radar,45,98,152,2,297,0,3,49,0,52,45,101,201,2,349,54,2,56,405
06/03/2008,ICT,KS,ACE,CE,Combined TRACON& Tower with Radar,53,102,133,19,307,0,1,51,0,52,53,103,184,19,359,160,22,182,541
06/04/2008,ICT,KS,ACE,CE,Combined TRACON& Tower with Radar,48,117,145,17,327,1,9,41,1,52,49,126,186,18,379,60,40,100,479
06/05/2008,ICT,KS,ACE,CE,Combined TRACON& Tower with Radar,46,94,128,6,274,0,6,8,0,14,46,100,136,6,288,8,10,18,306
06/06/2008,ICT,KS,ACE,CE,Combined TRACON& Tower with Radar,50,106,200,21,377,0,2,95,2,99,50,108,295,23,476,118,15,133,609
06/07/2008,ICT,KS,ACE,CE,Combined TRACON& Tower with Radar,35,71,97,0,203,0,10,39,0,49,35,81,136,0,252,58,0,58,310
06/08/2008,ICT,KS,ACE,CE,Combined TRACON& Tower with Radar,30,72,114,3,219,0,10,12,1,23,30,82,126,4,242,12,0,12,254
06/09/2008,ICT,KS,ACE,CE,Combined TRACON& Tower with Radar,44,101,167,66,378,0,8,42,0,50,44,109,209,66,428,130,100,230,658
06/10/2008,ICT,KS,ACE,CE,Combined TRACON& Tower with Radar,44,105,162,23,334,0,6,37,3,46,44,111,199,26,380,144,42,186,566
06/11/2008,ICT,KS,ACE,CE,Combined TRACON& Tower with Radar,42,112,123,13,290,1,2,27,1,31,43,114,150,14,321,32,18,50,371
06/12/2008,ICT,KS,ACE,CE,Combined TRACON& Tower with Radar,43,90,160,4,297,0,10,45,0,55,43,100,205,4,352,142,22,164,516
06/13/2008,ICT,KS,ACE,CE,Combined TRACON& Tower with Radar,44,99,168,27,338,0,6,63,0,69,44,105,231,27,407,194,90,284,691
06/14/2008,ICT,KS,ACE,CE,Combined TRACON& Tower with Radar,41,64,133,1,239,0,7,60,0,67,41,71,193,1,306,167,0,167,473
06/15/2008,ICT,KS,ACE,CE,Combined TRACON& Tower with Radar,33,88,90,0,211,0,7,21,0,28,33,95,111,0,239,144,0,144,383
06/16/2008,ICT,KS,ACE,CE,Combined TRACON& Tower with Radar,39,97,120,0,256,0,0,16,0,16,39,97,136,0,272,29,0,29,301
06/17/2008,ICT,KS,ACE,CE,Combined TRACON& Tower with Radar,41,90,193,31,355,0,3,70,0,73,41,93,263,31,428,122,40,162,590
06/18/2008,ICT,KS,ACE,CE,Combined TRACON& Tower with Radar,44,93,189,16,342,0,0,75,3,78,44,93,264,19,420,152,50,202,622
06/19/2008,ICT,KS,ACE,CE,Combined TRACON& Tower with Radar,41,108,176,17,342,0,5,63,0,68,41,113,239,17,410,250,14,264,674
06/20/2008,ICT,KS,ACE,CE,Combined TRACON& Tower with Radar,44,100,217,13,374,0,8,91,1,100,44,108,308,14,474,304,60,364,838
06/21/2008,ICT,KS,ACE,CE,Combined TRACON& Tower with Radar,38,58,144,1,241,0,12,77,2,91,38,70,221,3,332,302,0,302,634
06/22/2008,ICT,KS,ACE,CE,Combined TRACON& Tower with Radar,33,86,132,0,251,1,6,47,0,54,34,92,179,0,305,50,0,50,355
06/23/2008,ICT,KS,ACE,CE,Combined TRACON& Tower with Radar,35,83,176,13,307,0,2,43,2,47,35,85,219,15,354,146,18,164,518
06/24/2008,ICT,KS,ACE,CE,Combined TRACON& Tower with Radar,42,112,194,17,365,0,9,55,2,66,42,121,249,19,431,136,22,158,589
06/25/2008,ICT,KS,ACE,CE,Combined TRACON& Tower with Radar,39,98,208,21,366,0,10,68,7,85,39,108,276,28,451,228,84,312,763
06/26/2008,ICT,KS,ACE,CE,Combined TRACON& Tower with Radar,43,103,170,23,339,1,14,61,4,80,44,117,231,27,419,146,24,170,589
06/27/2008,ICT,KS,ACE,CE,Combined TRACON& Tower with Radar,51,116,148,8,323,2,5,38,4,49,53,121,186,12,372,178,0,178,550
06/28/2008,ICT,KS,ACE,CE,Combined TRACON& Tower with Radar,44,62,60,0,166,0,6,25,2,33,44,68,85,2,199,82,0,82,281
06/29/2008,ICT,KS,ACE,CE,Combined TRACON& Tower with Radar,32,91,93,8,224,0,0,42,0,42,32,91,135,8,266,86,8,94,360
06/30/2008,ICT,KS,ACE,CE,Combined TRACON& Tower with Radar,42,106,173,12,333,0,13,87,0,100,42,119,260,12,433,250,42,292,725
07/01/2008,ICT,KS,ACE,CE,Combined TRACON& Tower with Radar,40,102,168,8,318,0,6,56,1,63,40,108,224,9,381,202,14,216,597
07/02/2008,ICT,KS,ACE,CE,Combined TRACON& Tower with Radar,46,113,149,12,320,0,9,46,0,55,46,122,195,12,375,228,12,240,615
07/03/2008,ICT,KS,ACE,CE,Combined TRACON& Tower with Radar,46,102,156,41,345,1,8,73,0,82,47,110,229,41,427,124,58,182,609
07/04/2008,ICT,KS,ACE,CE,Combined TRACON& Tower with Radar,27,65,59,1,152,0,8,33,0,41,27,73,92,1,193,57,0,57,250
07/05/2008,ICT,KS,ACE,CE,Combined TRACON& Tower with Radar,33,59,46,0,138,0,8,25,2,35,33,67,71,2,173,109,0,109,282
07/06/2008,ICT,KS,ACE,CE,Combined TRACON& Tower with Radar,35,85,78,0,198,0,8,24,1,33,35,93,102,1,231,16,0,16,247
07/07/2008,ICT,KS,ACE,CE,Combined TRACON& Tower with Radar,41,101,170,0,312,0,9,57,0,66,41,110,227,0,378,107,0,107,485
07/08/2008,ICT,KS,ACE,CE,Combined TRACON& Tower with Radar,44,96,132,0,272,0,5,26,0,31,44,101,158,0,303,70,0,70,373
07/09/2008,ICT,KS,ACE,CE,Combined TRACON& Tower with Radar,51,100,183,8,342,0,7,43,0,50,51,107,226,8,392,108,0,108,500
07/10/2008,ICT,KS,ACE,CE,Combined TRACON& Tower with Radar,47,90,182,22,341,0,3,48,0,51,47,93,230,22,392,132,44,176,568
07/11/2008,ICT,KS,ACE,CE,Combined TRACON& Tower with Radar,51,95,201,7,354,0,7,59,0,66,51,102,260,7,420,254,10,264,684
07/12/2008,ICT,KS,ACE,CE,Combined TRACON& Tower with Radar,32,61,85,2,180,0,0,28,1,29,32,61,113,3,209,123,0,123,332
07/13/2008,ICT,KS,ACE,CE,Combined TRACON& Tower with Radar,34,80,146,4,264,0,10,73,0,83,34,90,219,4,347,82,0,82,429
07/14/2008,ICT,KS,ACE,CE,Combined TRACON& Tower with Radar,43,84,149,19,295,2,5,55,0,62,45,89,204,19,357,130,34,164,521
07/15/2008,ICT,KS,ACE,CE,Combined TRACON& Tower with Radar,48,106,164,14,332,0,7,74,0,81,48,113,238,14,413,174,28,202,615
07/16/2008,ICT,KS,ACE,CE,Combined TRACON& Tower with Radar,44,95,197,15,351,0,4,72,1,77,44,99,269,16,428,166,4,170,598
07/17/2008,ICT,KS,ACE,CE,Combined TRACON& Tower with Radar,48,93,206,34,381,0,4,88,3,95,48,97,294,37,476,202,48,250,726
07/18/2008,ICT,KS,ACE,CE,Combined TRACON& Tower with Radar,46,88,167,15,316,0,7,47,1,55,46,95,214,16,371,234,18,252,623
07/19/2008,ICT,KS,ACE,CE,Combined TRACON& Tower with Radar,35,73,94,2,204,0,8,55,4,67,35,81,149,6,271,32,0,32,303
07/20/2008,ICT,KS,ACE,CE,Combined TRACON& Tower with Radar,38,77,103,10,228,0,2,45,0,47,38,79,148,10,275,72,0,72,347
07/21/2008,ICT,KS,ACE,CE,Combined TRACON& Tower with Radar,39,82,172,33,326,0,1,66,3,70,39,83,238,36,396,114,12,126,522
07/22/2008,ICT,KS,ACE,CE,Combined TRACON& Tower with Radar,42,94,143,35,314,0,5,42,2,49,42,99,185,37,363,80,82,162,525
07/23/2008,ICT,KS,ACE,CE,Combined TRACON& Tower with Radar,46,94,202,54,396,0,11,85,1,97,46,105,287,55,493,144,52,196,689
07/24/2008,ICT,KS,ACE,CE,Combined TRACON& Tower with Radar,48,101,206,28,383,0,3,97,4,104,48,104,303,32,487,180,64,244,731
07/25/2008,ICT,KS,ACE,CE,Combined TRACON& Tower with Radar,49,104,168,16,337,0,2,72,10,84,49,106,240,26,421,68,44,112,533
07/26/2008,ICT,KS,ACE,CE,Combined TRACON& Tower with Radar,35,61,81,1,178,0,3,43,1,47,35,64,124,2,225,25,0,25,250
07/27/2008,ICT,KS,ACE,CE,Combined TRACON& Tower with Radar,32,94,120,10,256,0,1,49,0,50,32,95,169,10,306,12,6,18,324
07/28/2008,ICT,KS,ACE,CE,Combined TRACON& Tower with Radar,41,94,163,27,325,0,4,65,1,70,41,98,228,28,395,85,20,105,500
07/29/2008,ICT,KS,ACE,CE,Combined TRACON& Tower with Radar,46,88,167,0,301,0,1,22,0,23,46,89,189,0,324,40,0,40,364
07/30/2008,ICT,KS,ACE,CE,Combined TRACON& Tower with Radar,45,104,185,49,383,0,1,34,0,35,45,105,219,49,418,128,58,186,604
07/31/2008,ICT,KS,ACE,CE,Combined TRACON& Tower with Radar,42,106,159,9,316,0,5,40,0,45,42,111,199,9,361,124,58,182,543
08/01/2008,ICT,KS,ACE,CE,Combined TRACON& Tower with Radar,49,101,183,39,372,0,13,80,2,95,49,114,263,41,467,202,118,320,787
08/02/2008,ICT,KS,ACE,CE,Combined TRACON& Tower with Radar,34,63,102,7,206,0,6,57,0,63,34,69,159,7,269,116,0,116,385
08/03/2008,ICT,KS,ACE,CE,Combined TRACON& Tower with Radar,33,80,101,4,218,0,8,44,0,52,33,88,145,4,270,22,0,22,292
08/04/2008,ICT,KS,ACE,CE,Combined TRACON& Tower with Radar,36,91,139,13,279,0,5,39,0,44,36,96,178,13,323,98,56,154,477
08/05/2008,ICT,KS,ACE,CE,Combined TRACON& Tower with Radar,37,88,176,22,323,0,2,70,1,73,37,90,246,23,396,227,18,245,641
08/06/2008,ICT,KS,ACE,CE,Combined TRACON& Tower with Radar,49,102,201,12,364,0,6,45,0,51,49,108,246,12,415,122,4,126,541
08/07/2008,ICT,KS,ACE,CE,Combined TRACON& Tower with Radar,45,107,149,5,306,0,5,27,0,32,45,112,176,5,338,128,30,158,496
08/08/2008,ICT,KS,ACE,CE,Combined TRACON& Tower with Radar,46,90,187,29,352,0,10,78,6,94,46,100,265,35,446,204,106,310,756
08/09/2008,ICT,KS,ACE,CE,Combined TRACON& Tower with Radar,37,72,81,0,190,0,3,3,0,6,37,75,84,0,196,46,0,46,242
08/10/2008,ICT,KS,ACE,CE,Combined TRACON& Tower with Radar,35,72,110,6,223,0,0,5,0,5,35,72,115,6,228,14,2,16,244
08/11/2008,ICT,KS,ACE,CE,Combined TRACON& Tower with Radar,36,96,159,54,345,0,2,0,0,2,36,98,159,54,347,26,34,60,407
08/12/2008,ICT,KS,ACE,CE,Combined TRACON& Tower with Radar,43,99,206,37,385,0,7,69,0,76,43,106,275,37,461,26,40,66,527
08/13/2008,ICT,KS,ACE,CE,Combined TRACON& Tower with Radar,50,85,173,22,330,0,4,62,0,66,50,89,235,22,396,118,12,130,526
08/14/2008,ICT,KS,ACE,CE,Combined TRACON& Tower with Radar,50,101,199,21,371,0,0,55,1,56,50,101,254,22,427,104,32,136,563
08/15/2008,ICT,KS,ACE,CE,Combined TRACON& Tower with Radar,42,101,159,26,328,0,3,51,2,56,42,104,210,28,384,88,18,106,490
08/16/2008,ICT,KS,ACE,CE,Combined TRACON& Tower with Radar,37,74,127,2,240,0,7,43,0,50,37,81,170,2,290,100,4,104,394
08/17/2008,ICT,KS,ACE,CE,Combined TRACON& Tower with Radar,32,86,96,0,214,0,4,40,1,45,32,90,136,1,259,36,0,36,295
08/18/2008,ICT,KS,ACE,CE,Combined TRACON& Tower with Radar,39,88,187,50,364,0,6,52,1,59,39,94,239,51,423,92,192,284,707
08/19/2008,ICT,KS,ACE,CE,Combined TRACON& Tower with Radar,46,104,195,62,407,0,12,67,0,79,46,116,262,62,486,140,106,246,732
08/20/2008,ICT,KS,ACE,CE,Combined TRACON& Tower with Radar,38,113,223,68,442,0,6,40,2,48,38,119,263,70,490,68,83,151,641
08/21/2008,ICT,KS,ACE,CE,Combined TRACON& Tower with Radar,40,96,202,16,354,0,0,39,0,39,40,96,241,16,393,112,42,154,547
08/22/2008,ICT,KS,ACE,CE,Combined TRACON& Tower with Radar,39,114,204,20,377,0,9,72,1,82,39,123,276,21,459,274,74,348,807
08/23/2008,ICT,KS,ACE,CE,Combined TRACON& Tower with Radar,30,62,105,3,200,0,3,140,0,143,30,65,245,3,343,0,0,0,343
08/24/2008,ICT,KS,ACE,CE,Combined TRACON& Tower with Radar,28,77,99,5,209,0,6,19,0,25,28,83,118,5,234,36,2,38,272
08/25/2008,ICT,KS,ACE,CE,Combined TRACON& Tower with Radar,35,87,187,11,320,0,2,75,0,77,35,89,262,11,397,72,26,98,495
08/26/2008,ICT,KS,ACE,CE,Combined TRACON& Tower with Radar,38,115,182,27,362,0,10,79,3,92,38,125,261,30,454,138,24,162,616
08/27/2008,ICT,KS,ACE,CE,Combined TRACON& Tower with Radar,42,108,188,18,356,0,6,64,1,71,42,114,252,19,427,212,16,228,655
08/28/2008,ICT,KS,ACE,CE,Combined TRACON& Tower with Radar,45,108,209,39,401,0,11,76,1,88,45,119,285,40,489,120,100,220,709
08/29/2008,ICT,KS,ACE,CE,Combined TRACON& Tower with Radar,41,100,207,15,363,0,14,75,1,90,41,114,282,16,453,268,58,326,779
08/30/2008,ICT,KS,ACE,CE,Combined TRACON& Tower with Radar,29,62,76,3,170,0,8,41,2,51,29,70,117,5,221,76,0,76,297
08/31/2008,ICT,KS,ACE,CE,Combined TRACON& Tower with Radar,30,62,57,0,149,0,6,22,0,28,30,68,79,0,177,10,0,10,187
09/01/2008,ICT,KS,ACE,CE,Combined TRACON& Tower with Radar,40,66,89,0,195,0,5,27,0,32,40,71,116,0,227,26,0,26,253
09/02/2008,ICT,KS,ACE,CE,Combined TRACON& Tower with Radar,45,94,132,42,313,0,3,22,0,25,45,97,154,42,338,26,28,54,392
09/03/2008,ICT,KS,ACE,CE,Combined TRACON& Tower with Radar,43,85,153,57,338,0,3,11,2,16,43,88,164,59,354,76,192,268,622
09/04/2008,ICT,KS,ACE,CE,Combined TRACON& Tower with Radar,46,83,218,48,395,0,7,60,4,71,46,90,278,52,466,116,98,214,680
09/05/2008,ICT,KS,ACE,CE,Combined TRACON& Tower with Radar,48,90,136,5,279,0,3,18,0,21,48,93,154,5,300,156,0,156,456
09/06/2008,ICT,KS,ACE,CE,Combined TRACON& Tower with Radar,36,56,103,0,195,0,4,0,0,4,36,60,103,0,199,30,0,30,229
09/07/2008,ICT,KS,ACE,CE,Combined TRACON& Tower with Radar,40,84,89,15,228,0,4,17,2,23,40,88,106,17,251,72,6,78,329
09/08/2008,ICT,KS,ACE,CE,Combined TRACON& Tower with Radar,41,90,144,5,280,0,0,17,0,17,41,90,161,5,297,44,4,48,345
09/09/2008,ICT,KS,ACE,CE,Combined TRACON& Tower with Radar,48,104,183,52,387,0,6,75,0,81,48,110,258,52,468,168,200,368,836
09/10/2008,ICT,KS,ACE,CE,Combined TRACON& Tower with Radar,41,106,165,29,341,0,3,2,0,5,41,109,167,29,346,30,14,44,390
09/11/2008,ICT,KS,ACE,CE,Combined TRACON& Tower with Radar,52,101,160,8,321,0,0,0,0,0,52,101,160,8,321,42,2,44,365
09/12/2008,ICT,KS,ACE,CE,Combined TRACON& Tower with Radar,51,69,77,2,199,0,4,0,1,5,51,73,77,3,204,2,0,2,206
09/13/2008,ICT,KS,ACE,CE,Combined TRACON& Tower with Radar,37,62,97,1,197,0,5,16,1,22,37,67,113,2,219,58,0,58,277
09/14/2008,ICT,KS,ACE,CE,Combined TRACON& Tower with Radar,41,64,85,21,211,0,3,28,0,31,41,67,113,21,242,18,12,30,272
09/15/2008,ICT,KS,ACE,CE,Combined TRACON& Tower with Radar,42,95,201,17,355,1,11,82,1,95,43,106,283,18,450,184,18,202,652
09/16/2008,ICT,KS,ACE,CE,Combined TRACON& Tower with Radar,50,92,179,9,330,0,9,69,0,78,50,101,248,9,408,90,12,102,510
09/17/2008,ICT,KS,ACE,CE,Combined TRACON& Tower with Radar,46,88,186,40,360,0,17,89,3,109,46,105,275,43,469,218,38,256,725
09/18/2008,ICT,KS,ACE,CE,Combined TRACON& Tower with Radar,52,90,201,5,348,0,10,81,2,93,52,100,282,7,441,164,6,170,611
09/19/2008,ICT,KS,ACE,CE,Combined TRACON& Tower with Radar,53,90,168,20,331,1,10,59,0,70,54,100,227,20,401,124,14,138,539
09/20/2008,ICT,KS,ACE,CE,Combined TRACON& Tower with Radar,37,56,156,5,254,1,4,69,1,75,38,60,225,6,329,173,2,175,504
09/21/2008,ICT,KS,ACE,CE,Combined TRACON& Tower with Radar,36,76,113,14,239,0,3,51,0,54,36,79,164,14,293,93,28,121,414
09/22/2008,ICT,KS,ACE,CE,Combined TRACON& Tower with Radar,42,88,166,14,310,1,12,41,1,55,43,100,207,15,365,42,12,54,419
09/23/2008,ICT,KS,ACE,CE,Combined TRACON& Tower with Radar,44,92,187,16,339,1,15,49,2,67,45,107,236,18,406,54,8,62,468
09/24/2008,ICT,KS,ACE,CE,Combined TRACON& Tower with Radar,44,121,267,4,436,1,10,71,2,84,45,131,338,6,520,104,14,118,638
09/25/2008,ICT,KS,ACE,CE,Combined TRACON& Tower with Radar,46,96,240,29,411,0,3,60,1,64,46,99,300,30,475,232,28,260,735
09/26/2008,ICT,KS,ACE,CE,Combined TRACON& Tower with Radar,47,106,191,8,352,0,10,72,3,85,47,116,263,11,437,226,14,240,677
09/27/2008,ICT,KS,ACE,CE,Combined TRACON& Tower with Radar,39,64,84,1,188,0,8,74,3,85,39,72,158,4,273,56,0,56,329
09/28/2008,ICT,KS,ACE,CE,Combined TRACON& Tower with Radar,40,75,137,0,252,0,6,104,0,110,40,81,241,0,362,30,0,30,392
09/29/2008,ICT,KS,ACE,CE,Combined TRACON& Tower with Radar,39,96,171,6,312,0,5,54,1,60,39,101,225,7,372,170,30,200,572
09/30/2008,ICT,KS,ACE,CE,Combined TRACON& Tower with Radar,44,89,177,34,344,1,9,69,1,80,45,98,246,35,424,92,66,158,582
10/01/2008,ICT,KS,ACE,CE,Combined TRACON& Tower with Radar,44,98,161,39,342,0,14,62,0,76,44,112,223,39,418,149,38,187,605
10/02/2008,ICT,KS,ACE,CE,Combined TRACON& Tower with Radar,46,97,158,13,314,0,8,70,0,78,46,105,228,13,392,226,30,256,648
10/03/2008,ICT,KS,ACE,CE,Combined TRACON& Tower with Radar,46,91,181,4,322,0,10,59,0,69,46,101,240,4,391,38,0,38,429
10/04/2008,ICT,KS,ACE,CE,Combined TRACON& Tower with Radar,31,60,92,0,183,0,9,41,1,51,31,69,133,1,234,72,0,72,306
10/05/2008,ICT,KS,ACE,CE,Combined TRACON& Tower with Radar,40,76,64,5,185,0,8,14,0,22,40,84,78,5,207,12,0,12,219
10/06/2008,ICT,KS,ACE,CE,Combined TRACON& Tower with Radar,38,75,85,0,198,0,0,0,0,0,38,75,85,0,198,0,0,0,198
10/07/2008,ICT,KS,ACE,CE,Combined TRACON& Tower with Radar,50,85,123,23,281,0,4,32,0,36,50,89,155,23,317,52,18,70,387
10/08/2008,ICT,KS,ACE,CE,Combined TRACON& Tower with Radar,44,91,165,31,331,1,8,63,1,73,45,99,228,32,404,90,50,140,544
10/09/2008,ICT,KS,ACE,CE,Combined TRACON& Tower with Radar,51,83,185,26,345,2,8,62,0,72,53,91,247,26,417,116,52,168,585
10/10/2008,ICT,KS,ACE,CE,Combined TRACON& Tower with Radar,47,94,127,22,290,0,5,49,0,54,47,99,176,22,344,52,53,105,449
10/11/2008,ICT,KS,ACE,CE,Combined TRACON& Tower with Radar,36,51,82,4,173,0,16,40,2,58,36,67,122,6,231,40,0,40,271
10/12/2008,ICT,KS,ACE,CE,Combined TRACON& Tower with Radar,39,78,89,0,206,0,6,16,0,22,39,84,105,0,228,54,0,54,282
10/13/2008,ICT,KS,ACE,CE,Combined TRACON& Tower with Radar,39,82,118,0,239,0,0,1,0,1,39,82,119,0,240,30,0,30,270
10/14/2008,ICT,KS,ACE,CE,Combined TRACON& Tower with Radar,42,94,120,6,262,0,0,0,0,0,42,94,120,6,262,2,0,2,264
10/15/2008,ICT,KS,ACE,CE,Combined TRACON& Tower with Radar,44,88,204,50,386,0,0,30,0,30,44,88,234,50,416,132,60,192,608
10/16/2008,ICT,KS,ACE,CE,Combined TRACON& Tower with Radar,45,92,226,7,370,4,16,87,0,107,49,108,313,7,477,140,4,144,621
10/17/2008,ICT,KS,ACE,CE,Combined TRACON& Tower with Radar,48,97,207,15,367,0,11,109,1,121,48,108,316,16,488,222,8,230,718
10/18/2008,ICT,KS,ACE,CE,Combined TRACON& Tower with Radar,34,63,133,0,230,0,11,61,0,72,34,74,194,0,302,86,0,86,388
10/19/2008,ICT,KS,ACE,CE,Combined TRACON& Tower with Radar,38,63,97,4,202,0,9,36,0,45,38,72,133,4,247,76,0,76,323
10/20/2008,ICT,KS,ACE,CE,Combined TRACON& Tower with Radar,40,91,185,18,334,0,4,23,0,27,40,95,208,18,361,64,12,76,437
10/21/2008,ICT,KS,ACE,CE,Combined TRACON& Tower with Radar,46,89,192,2,329,0,1,16,0,17,46,90,208,2,346,70,0,70,416
10/22/2008,ICT,KS,ACE,CE,Combined TRACON& Tower with Radar,43,85,135,5,268,0,3,2,0,5,43,88,137,5,273,66,0,66,339
10/23/2008,ICT,KS,ACE,CE,Combined TRACON& Tower with Radar,50,104,133,16,303,0,1,8,0,9,50,105,141,16,312,46,0,46,358
10/24/2008,ICT,KS,ACE,CE,Combined TRACON& Tower with Radar,43,106,191,19,359,0,5,72,0,77,43,111,263,19,436,294,10,304,740
10/25/2008,ICT,KS,ACE,CE,Combined TRACON& Tower with Radar,33,69,116,2,220,0,3,63,0,66,33,72,179,2,286,112,0,112,398
10/26/2008,ICT,KS,ACE,CE,Combined TRACON& Tower with Radar,38,68,109,2,217,0,8,51,0,59,38,76,160,2,276,56,0,56,332
10/27/2008,ICT,KS,ACE,CE,Combined TRACON& Tower with Radar,40,102,129,16,287,1,10,42,0,53,41,112,171,16,340,48,34,82,422
10/28/2008,ICT,KS,ACE,CE,Combined TRACON& Tower with Radar,45,91,189,6,331,0,6,75,0,81,45,97,264,6,412,114,8,122,534
10/29/2008,ICT,KS,ACE,CE,Combined TRACON& Tower with Radar,40,108,213,19,380,3,8,69,2,82,43,116,282,21,462,112,14,126,588
10/30/2008,ICT,KS,ACE,CE,Combined TRACON& Tower with Radar,44,94,223,19,380,1,13,78,0,92,45,107,301,19,472,74,20,94,566
10/31/2008,ICT,KS,ACE,CE,Combined TRACON& Tower with Radar,48,103,157,14,322,0,4,70,1,75,48,107,227,15,397,146,10,156,553
11/01/2008,ICT,KS,ACE,CE,Combined TRACON& Tower with Radar,31,61,115,8,215,1,9,72,0,82,32,70,187,8,297,173,2,175,472
11/02/2008,ICT,KS,ACE,CE,Combined TRACON& Tower with Radar,35,75,128,9,247,0,3,60,2,65,35,78,188,11,312,120,4,124,436
11/03/2008,ICT,KS,ACE,CE,Combined TRACON& Tower with Radar,35,87,128,12,262,0,10,48,2,60,35,97,176,14,322,76,10,86,408
11/04/2008,ICT,KS,ACE,CE,Combined TRACON& Tower with Radar,42,91,117,40,290,1,10,17,2,30,43,101,134,42,320,46,54,100,420
11/05/2008,ICT,KS,ACE,CE,Combined TRACON& Tower with Radar,42,98,126,16,282,0,10,10,0,20,42,108,136,16,302,70,20,90,392
11/06/2008,ICT,KS,ACE,CE,Combined TRACON& Tower with Radar,42,94,141,4,281,0,12,25,0,37,42,106,166,4,318,46,4,50,368
11/07/2008,ICT,KS,ACE,CE,Combined TRACON& Tower with Radar,42,89,140,10,281,0,12,57,0,69,42,101,197,10,350,150,38,188,538
11/08/2008,ICT,KS,ACE,CE,Combined TRACON& Tower with Radar,32,65,140,1,238,0,10,65,0,75,32,75,205,1,313,182,8,190,503
11/09/2008,ICT,KS,ACE,CE,Combined TRACON& Tower with Radar,40,66,120,3,229,0,4,58,0,62,40,70,178,3,291,76,0,76,367
11/10/2008,ICT,KS,ACE,CE,Combined TRACON& Tower with Radar,37,97,78,0,212,0,2,5,0,7,37,99,83,0,219,0,0,0,219
11/11/2008,ICT,KS,ACE,CE,Combined TRACON& Tower with Radar,40,86,121,10,257,0,5,1,0,6,40,91,122,10,263,20,0,20,283
11/12/2008,ICT,KS,ACE,CE,Combined TRACON& Tower with Radar,39,112,177,53,381,0,6,74,0,80,39,118,251,53,461,212,163,375,836
11/13/2008,ICT,KS,ACE,CE,Combined TRACON& Tower with Radar,44,90,170,12,316,0,12,82,1,95,44,102,252,13,411,190,18,208,619
11/14/2008,ICT,KS,ACE,CE,Combined TRACON& Tower with Radar,40,91,161,17,309,0,5,54,2,61,40,96,215,19,370,188,20,208,578
11/15/2008,ICT,KS,ACE,CE,Combined TRACON& Tower with Radar,34,67,98,2,201,0,0,48,2,50,34,67,146,4,251,28,6,34,285
11/16/2008,ICT,KS,ACE,CE,Combined TRACON& Tower with Radar,30,75,104,3,212,0,9,61,0,70,30,84,165,3,282,106,0,106,388
11/17/2008,ICT,KS,ACE,CE,Combined TRACON& Tower with Radar,37,87,128,9,261,0,5,62,2,69,37,92,190,11,330,90,0,90,420
11/18/2008,ICT,KS,ACE,CE,Combined TRACON& Tower with Radar,43,94,162,38,337,1,12,59,6,78,44,106,221,44,415,105,71,176,591
11/19/2008,ICT,KS,ACE,CE,Combined TRACON& Tower with Radar,42,102,196,17,357,0,13,84,1,98,42,115,280,18,455,224,36,260,715
11/20/2008,ICT,KS,ACE,CE,Combined TRACON& Tower with Radar,42,96,158,19,315,0,11,46,0,57,42,107,204,19,372,112,20,132,504
11/21/2008,ICT,KS,ACE,CE,Combined TRACON& Tower with Radar,42,106,183,4,335,1,13,78,0,92,43,119,261,4,427,142,8,150,577
11/22/2008,ICT,KS,ACE,CE,Combined TRACON& Tower with Radar,41,55,118,11,225,0,6,60,2,68,41,61,178,13,293,122,14,136,429
11/23/2008,ICT,KS,ACE,CE,Combined TRACON& Tower with Radar,33,60,87,0,180,0,6,13,0,19,33,66,100,0,199,104,0,104,303
11/24/2008,ICT,KS,ACE,CE,Combined TRACON& Tower with Radar,35,97,130,27,289,1,4,38,5,48,36,101,168,32,337,83,28,111,448
11/25/2008,ICT,KS,ACE,CE,Combined TRACON& Tower with Radar,40,106,196,11,353,1,11,80,0,92,41,117,276,11,445,156,6,162,607
11/26/2008,ICT,KS,ACE,CE,Combined TRACON& Tower with Radar,43,97,140,15,295,0,14,75,1,90,43,111,215,16,385,156,0,156,541
11/27/2008,ICT,KS,ACE,CE,Combined TRACON& Tower with Radar,22,45,27,0,94,0,4,13,0,17,22,49,40,0,111,4,0,4,115
11/28/2008,ICT,KS,ACE,CE,Combined TRACON& Tower with Radar,37,68,46,3,154,0,2,21,0,23,37,70,67,3,177,38,10,48,225
11/29/2008,ICT,KS,ACE,CE,Combined TRACON& Tower with Radar,26,81,60,0,167,0,2,18,0,20,26,83,78,0,187,118,0,118,305
11/30/2008,ICT,KS,ACE,CE,Combined TRACON& Tower with Radar,35,75,78,0,188,0,3,2,0,5,35,78,80,0,193,0,0,0,193
12/01/2008,ICT,KS,ACE,CE,Combined TRACON& Tower with Radar,36,95,147,30,308,0,1,43,4,48,36,96,190,34,356,116,36,152,508
12/02/2008,ICT,KS,ACE,CE,Combined TRACON& Tower with Radar,40,84,167,28,319,0,7,64,0,71,40,91,231,28,390,98,24,122,512
12/03/2008,ICT,KS,ACE,CE,Combined TRACON& Tower with Radar,41,97,148,15,301,0,8,26,0,34,41,105,174,15,335,38,0,38,373
12/04/2008,ICT,KS,ACE,CE,Combined TRACON& Tower with Radar,43,117,202,12,374,0,12,76,0,88,43,129,278,12,462,266,18,284,746
12/05/2008,ICT,KS,ACE,CE,Combined TRACON& Tower with Radar,44,102,181,13,340,0,15,90,3,108,44,117,271,16,448,179,22,201,649
12/06/2008,ICT,KS,ACE,CE,Combined TRACON& Tower with Radar,32,58,131,1,222,0,4,61,0,65,32,62,192,1,287,200,0,200,487
12/07/2008,ICT,KS,ACE,CE,Combined TRACON& Tower with Radar,31,69,94,2,196,0,0,41,0,41,31,69,135,2,237,90,0,90,327
12/08/2008,ICT,KS,ACE,CE,Combined TRACON& Tower with Radar,39,86,150,18,293,2,7,31,4,44,41,93,181,22,337,60,18,78,415
12/09/2008,ICT,KS,ACE,CE,Combined TRACON& Tower with Radar,39,84,59,0,182,0,1,1,0,2,39,85,60,0,184,0,0,0,184
12/10/2008,ICT,KS,ACE,CE,Combined TRACON& Tower with Radar,38,99,197,3,337,1,17,61,0,79,39,116,258,3,416,108,0,108,524
12/11/2008,ICT,KS,ACE,CE,Combined TRACON& Tower with Radar,45,102,187,15,349,1,8,76,0,85,46,110,263,15,434,196,42,238,672
12/12/2008,ICT,KS,ACE,CE,Combined TRACON& Tower with Radar,43,102,180,7,332,2,10,89,1,102,45,112,269,8,434,134,2,136,570
12/13/2008,ICT,KS,ACE,CE,Combined TRACON& Tower with Radar,32,63,84,0,179,0,6,37,0,43,32,69,121,0,222,52,0,52,274
12/14/2008,ICT,KS,ACE,CE,Combined TRACON& Tower with Radar,31,73,76,0,180,0,1,12,0,13,31,74,88,0,193,8,0,8,201
12/15/2008,ICT,KS,ACE,CE,Combined TRACON& Tower with Radar,36,90,163,33,322,0,5,32,0,37,36,95,195,33,359,52,30,82,441
12/16/2008,ICT,KS,ACE,CE,Combined TRACON& Tower with Radar,43,95,77,1,216,0,0,0,0,0,43,95,77,1,216,0,0,0,216
12/17/2008,ICT,KS,ACE,CE,Combined TRACON& Tower with Radar,45,106,181,1,333,0,6,30,1,37,45,112,211,2,370,88,0,88,458
12/18/2008,ICT,KS,ACE,CE,Combined TRACON& Tower with Radar,34,48,53,0,135,0,0,0,0,0,34,48,53,0,135,42,0,42,177
12/19/2008,ICT,KS,ACE,CE,Combined TRACON& Tower with Radar,42,124,199,18,383,0,9,63,1,73,42,133,262,19,456,134,0,134,590
12/20/2008,ICT,KS,ACE,CE,Combined TRACON& Tower with Radar,27,75,81,15,198,0,3,12,0,15,27,78,93,15,213,42,14,56,269
12/21/2008,ICT,KS,ACE,CE,Combined TRACON& Tower with Radar,32,72,71,5,180,1,7,30,0,38,33,79,101,5,218,34,3,37,255
12/22/2008,ICT,KS,ACE,CE,Combined TRACON& Tower with Radar,34,81,98,36,249,0,6,40,0,46,34,87,138,36,295,54,62,116,411
12/23/2008,ICT,KS,ACE,CE,Combined TRACON& Tower with Radar,40,79,59,0,178,0,5,1,0,6,40,84,60,0,184,2,0,2,186
12/24/2008,ICT,KS,ACE,CE,Combined TRACON& Tower with Radar,37,77,58,2,174,0,5,31,2,38,37,82,89,4,212,32,0,32,244
12/25/2008,ICT,KS,ACE,CE,Combined TRACON& Tower with Radar,23,53,16,0,92,0,4,3,0,7,23,57,19,0,99,0,0,0,99
12/26/2008,ICT,KS,ACE,CE,Combined TRACON& Tower with Radar,36,75,64,2,177,0,1,6,0,7,36,76,70,2,184,18,0,18,202
12/27/2008,ICT,KS,ACE,CE,Combined TRACON& Tower with Radar,29,61,36,0,126,0,4,2,0,6,29,65,38,0,132,0,0,0,132
12/28/2008,ICT,KS,ACE,CE,Combined TRACON& Tower with Radar,32,82,64,0,178,0,6,37,0,43,32,88,101,0,221,44,0,44,265
12/29/2008,ICT,KS,ACE,CE,Combined TRACON& Tower with Radar,36,89,132,5,262,0,6,48,4,58,36,95,180,9,320,92,8,100,420
12/30/2008,ICT,KS,ACE,CE,Combined TRACON& Tower with Radar,38,88,97,3,226,0,9,40,0,49,38,97,137,3,275,8,0,8,283
12/31/2008,ICT,KS,ACE,CE,Combined TRACON& Tower with Radar,33,76,71,0,180,0,8,35,0,43,33,84,106,0,223,54,0,54,277
01/01/2009,ICT,KS,ACE,CE,Combined TRACON& Tower with Radar,24,59,47,0,130,0,9,32,0,41,24,68,79,0,171,58,0,58,229
01/02/2009,ICT,KS,ACE,CE,Combined TRACON& Tower with Radar,35,86,70,2,193,0,6,21,1,28,35,92,91,3,221,82,0,82,303
01/03/2009,ICT,KS,ACE,CE,Combined TRACON& Tower with Radar,28,64,65,2,159,0,0,21,1,22,28,64,86,3,181,44,0,44,225
01/04/2009,ICT,KS,ACE,CE,Combined TRACON& Tower with Radar,31,75,78,0,184,0,1,19,0,20,31,76,97,0,204,10,0,10,214
01/05/2009,ICT,KS,ACE,CE,Combined TRACON& Tower with Radar,32,98,77,40,247,0,6,31,1,38,32,104,108,41,285,74,48,122,407
01/06/2009,ICT,KS,ACE,CE,Combined TRACON& Tower with Radar,37,87,120,54,298,0,6,35,0,41,37,93,155,54,339,20,8,28,367
01/07/2009,ICT,KS,ACE,CE,Combined TRACON& Tower with Radar,39,89,138,31,297,0,8,42,2,52,39,97,180,33,349,106,30,136,485
01/08/2009,ICT,KS,ACE,CE,Combined TRACON& Tower with Radar,40,87,113,22,262,1,26,54,1,82,41,113,167,23,344,114,30,144,488
01/09/2009,ICT,KS,ACE,CE,Combined TRACON& Tower with Radar,41,91,103,21,256,7,2,38,1,48,48,93,141,22,304,87,58,145,449
01/10/2009,ICT,KS,ACE,CE,Combined TRACON& Tower with Radar,25,57,100,5,187,0,4,52,4,60,25,61,152,9,247,126,0,126,373
01/11/2009,ICT,KS,ACE,CE,Combined TRACON& Tower with Radar,29,68,86,0,183,0,2,47,0,49,29,70,133,0,232,92,0,92,324
01/12/2009,ICT,KS,ACE,CE,Combined TRACON& Tower with Radar,30,88,71,23,212,0,4,20,1,25,30,92,91,24,237,56,20,76,313
01/13/2009,ICT,KS,ACE,CE,Combined TRACON& Tower with Radar,37,85,116,24,262,0,4,48,2,54,37,89,164,26,316,50,14,64,380
01/14/2009,ICT,KS,ACE,CE,Combined TRACON& Tower with Radar,38,86,111,14,249,1,7,26,2,36,39,93,137,16,285,46,12,58,343
01/15/2009,ICT,KS,ACE,CE,Combined TRACON& Tower with Radar,42,89,93,0,224,0,4,19,0,23,42,93,112,0,247,32,0,32,279
01/16/2009,ICT,KS,ACE,CE,Combined TRACON& Tower with Radar,35,90,147,13,285,1,9,57,3,70,36,99,204,16,355,198,22,220,575
01/17/2009,ICT,KS,ACE,CE,Combined TRACON& Tower with Radar,26,55,100,5,186,0,5,65,2,72,26,60,165,7,258,130,0,130,388
01/18/2009,ICT,KS,ACE,CE,Combined TRACON& Tower with Radar,33,67,68,0,168,0,5,42,0,47,33,72,110,0,215,92,0,92,307
01/19/2009,ICT,KS,ACE,CE,Combined TRACON& Tower with Radar,30,80,111,5,226,0,8,57,1,66,30,88,168,6,292,58,0,58,350
01/20/2009,ICT,KS,ACE,CE,Combined TRACON& Tower with Radar,39,85,142,17,283,0,7,38,0,45,39,92,180,17,328,120,20,140,468
01/21/2009,ICT,KS,ACE,CE,Combined TRACON& Tower with Radar,36,94,160,7,297,0,6,78,0,84,36,100,238,7,381,208,4,212,593
01/22/2009,ICT,KS,ACE,CE,Combined TRACON& Tower with Radar,41,83,159,34,317,2,4,70,1,77,43,87,229,35,394,183,36,219,613
01/23/2009,ICT,KS,ACE,CE,Combined TRACON& Tower with Radar,39,89,116,30,274,0,4,36,0,40,39,93,152,30,314,62,66,128,442
01/24/2009,ICT,KS,ACE,CE,Combined TRACON& Tower with Radar,28,61,79,11,179,4,4,45,2,55,32,65,124,13,234,68,16,84,318
01/25/2009,ICT,KS,ACE,CE,Combined TRACON& Tower with Radar,29,68,64,2,163,0,6,22,0,28,29,74,86,2,191,96,0,96,287
01/26/2009,ICT,KS,ACE,CE,Combined TRACON& Tower with Radar,31,85,54,0,170,0,0,0,0,0,31,85,54,0,170,6,0,6,176
01/27/2009,ICT,KS,ACE,CE,Combined TRACON& Tower with Radar,30,87,70,2,189,0,2,0,0,2,30,89,70,2,191,2,0,2,193
01/28/2009,ICT,KS,ACE,CE,Combined TRACON& Tower with Radar,38,93,147,2,280,0,8,55,0,63,38,101,202,2,343,102,0,102,445
01/29/2009,ICT,KS,ACE,CE,Combined TRACON& Tower with Radar,38,92,136,54,320,1,8,51,2,62,39,100,187,56,382,84,152,236,618
01/30/2009,ICT,KS,ACE,CE,Combined TRACON& Tower with Radar,35,89,159,34,317,2,6,58,8,74,37,95,217,42,391,164,76,240,631
01/31/2009,ICT,KS,ACE,CE,Combined TRACON& Tower with Radar,26,70,95,30,221,0,3,48,1,52,26,73,143,31,273,112,30,142,415
02/01/2009,ICT,KS,ACE,CE,Combined TRACON& Tower with Radar,32,76,70,14,192,0,5,26,2,33,32,81,96,16,225,58,22,80,305
02/02/2009,ICT,KS,ACE,CE,Combined TRACON& Tower with Radar,34,83,129,27,273,0,9,53,2,64,34,92,182,29,337,150,30,180,517
02/03/2009,ICT,KS,ACE,CE,Combined TRACON& Tower with Radar,38,89,115,20,262,1,9,51,2,63,39,98,166,22,325,94,38,132,457
02/04/2009,ICT,KS,ACE,CE,Combined TRACON& Tower with Radar,38,93,150,42,323,0,11,60,1,72,38,104,210,43,395,91,164,255,650
02/05/2009,ICT,KS,ACE,CE,Combined TRACON& Tower with Radar,38,86,146,58,328,0,7,58,2,67,38,93,204,60,395,132,88,220,615
02/06/2009,ICT,KS,ACE,CE,Combined TRACON& Tower with Radar,35,89,125,51,300,0,3,48,0,51,35,92,173,51,351,90,126,216,567
02/07/2009,ICT,KS,ACE,CE,Combined TRACON& Tower with Radar,23,50,132,1,206,0,3,82,0,85,23,53,214,1,291,266,0,266,557
02/08/2009,ICT,KS,ACE,CE,Combined TRACON& Tower with Radar,31,68,70,8,177,0,6,10,0,16,31,74,80,8,193,32,0,32,225
02/09/2009,ICT,KS,ACE,CE,Combined TRACON& Tower with Radar,33,82,82,24,221,0,6,13,0,19,33,88,95,24,240,22,12,34,274
02/10/2009,ICT,KS,ACE,CE,Combined TRACON& Tower with Radar,37,85,133,22,277,0,14,44,1,59,37,99,177,23,336,86,20,106,442
02/11/2009,ICT,KS,ACE,CE,Combined TRACON& Tower with Radar,39,94,159,20,312,0,4,39,1,44,39,98,198,21,356,152,80,232,588
02/12/2009,ICT,KS,ACE,CE,Combined TRACON& Tower with Radar,40,104,155,18,317,1,19,81,0,101,41,123,236,18,418,62,6,68,486
02/13/2009,ICT,KS,ACE,CE,Combined TRACON& Tower with Radar,39,90,124,10,263,0,6,24,0,30,39,96,148,10,293,28,8,36,329
02/14/2009,ICT,KS,ACE,CE,Combined TRACON& Tower with Radar,25,62,106,0,193,0,3,62,0,65,25,65,168,0,258,106,0,106,364
02/15/2009,ICT,KS,ACE,CE,Combined TRACON& Tower with Radar,33,68,80,0,181,0,2,32,0,34,33,70,112,0,215,102,0,102,317
02/16/2009,ICT,KS,ACE,CE,Combined TRACON& Tower with Radar,35,81,134,2,252,0,15,48,0,63,35,96,182,2,315,103,0,103,418
02/17/2009,ICT,KS,ACE,CE,Combined TRACON& Tower with Radar,36,91,117,28,272,1,4,19,0,24,37,95,136,28,296,58,46,104,400
02/18/2009,ICT,KS,ACE,CE,Combined TRACON& Tower with Radar,38,95,147,27,307,0,6,52,1,59,38,101,199,28,366,44,14,58,424
02/19/2009,ICT,KS,ACE,CE,Combined TRACON& Tower with Radar,41,102,171,19,333,2,5,79,1,87,43,107,250,20,420,134,64,198,618
02/20/2009,ICT,KS,ACE,CE,Combined TRACON& Tower with Radar,35,98,124,15,272,0,9,55,6,70,35,107,179,21,342,142,10,152,494
02/21/2009,ICT,KS,ACE,CE,Combined TRACON& Tower with Radar,26,62,107,1,196,2,7,54,0,63,28,69,161,1,259,114,0,114,373
02/22/2009,ICT,KS,ACE,CE,Combined TRACON& Tower with Radar,34,83,103,0,220,0,7,47,0,54,34,90,150,0,274,55,0,55,329
02/23/2009,ICT,KS,ACE,CE,Combined TRACON& Tower with Radar,37,88,112,22,259,1,8,43,1,53,38,96,155,23,312,72,36,108,420
02/24/2009,ICT,KS,ACE,CE,Combined TRACON& Tower with Radar,39,95,130,7,271,4,13,67,0,84,43,108,197,7,355,192,44,236,591
02/25/2009,ICT,KS,ACE,CE,Combined TRACON& Tower with Radar,40,83,165,52,340,0,2,53,0,55,40,85,218,52,395,156,158,314,709
02/26/2009,ICT,KS,ACE,CE,Combined TRACON& Tower with Radar,42,84,110,23,259,0,1,19,2,22,42,85,129,25,281,34,54,88,369
02/27/2009,ICT,KS,ACE,CE,Combined TRACON& Tower with Radar,38,94,140,40,312,1,10,35,0,46,39,104,175,40,358,154,118,272,630
02/28/2009,ICT,KS,ACE,CE,Combined TRACON& Tower with Radar,23,58,86,0,167,0,6,23,1,30,23,64,109,1,197,90,8,98,295
03/01/2009,ICT,KS,ACE,CE,Combined TRACON& Tower with Radar,28,65,104,0,197,0,4,44,2,50,28,69,148,2,247,82,0,82,329
03/02/2009,ICT,KS,ACE,CE,Combined TRACON& Tower with Radar,38,81,142,17,278,0,8,65,1,74,38,89,207,18,352,45,74,119,471
03/03/2009,ICT,KS,ACE,CE,Combined TRACON& Tower with Radar,38,87,155,17,297,1,8,80,0,89,39,95,235,17,386,102,58,160,546
03/04/2009,ICT,KS,ACE,CE,Combined TRACON& Tower with Radar,45,90,156,19,310,0,11,65,0,76,45,101,221,19,386,148,22,170,556
03/05/2009,ICT,KS,ACE,CE,Combined TRACON& Tower with Radar,43,72,147,45,307,2,7,61,2,72,45,79,208,47,379,180,86,266,645
03/06/2009,ICT,KS,ACE,CE,Combined TRACON& Tower with Radar,41,97,149,11,298,2,13,69,1,85,43,110,218,12,383,196,32,228,611
03/07/2009,ICT,KS,ACE,CE,Combined TRACON& Tower with Radar,27,66,64,1,158,0,9,13,1,23,27,75,77,2,181,48,2,50,231
03/08/2009,ICT,KS,ACE,CE,Combined TRACON& Tower with Radar,29,66,93,4,192,0,1,51,0,52,29,67,144,4,244,132,0,132,376
03/09/2009,ICT,KS,ACE,CE,Combined TRACON& Tower with Radar,36,86,90,7,219,0,7,26,2,35,36,93,116,9,254,44,72,116,370
03/10/2009,ICT,KS,ACE,CE,Combined TRACON& Tower with Radar,37,95,108,1,241,0,4,10,0,14,37,99,118,1,255,68,0,68,323
03/11/2009,ICT,KS,ACE,CE,Combined TRACON& Tower with Radar,46,96,140,51,333,2,12,62,1,77,48,108,202,52,410,116,66,182,592
03/12/2009,ICT,KS,ACE,CE,Combined TRACON& Tower with Radar,41,85,140,11,277,0,9,47,1,57,41,94,187,12,334,100,10,110,444
03/13/2009,ICT,KS,ACE,CE,Combined TRACON& Tower with Radar,41,92,89,16,238,0,3,9,0,12,41,95,98,16,250,42,10,52,302
03/14/2009,ICT,KS,ACE,CE,Combined TRACON& Tower with Radar,32,74,124,2,232,3,5,66,0,74,35,79,190,2,306,128,0,128,434
03/15/2009,ICT,KS,ACE,CE,Combined TRACON& Tower with Radar,37,84,108,8,237,0,6,38,0,44,37,90,146,8,281,126,4,130,411
03/16/2009,ICT,KS,ACE,CE,Combined TRACON& Tower with Radar,42,88,161,18,309,4,9,48,1,62,46,97,209,19,371,71,30,101,472
03/17/2009,ICT,KS,ACE,CE,Combined TRACON& Tower with Radar,44,82,141,18,285,1,6,68,1,76,45,88,209,19,361,108,4,112,473
03/18/2009,ICT,KS,ACE,CE,Combined TRACON& Tower with Radar,47,74,174,39,334,0,4,79,1,84,47,78,253,40,418,104,38,142,560
03/19/2009,ICT,KS,ACE,CE,Combined TRACON& Tower with Radar,41,71,137,53,302,1,5,43,1,50,42,76,180,54,352,98,124,222,574
03/20/2009,ICT,KS,ACE,CE,Combined TRACON& Tower with Radar,41,89,133,20,283,1,3,50,0,54,42,92,183,20,337,118,24,142,479
03/21/2009,ICT,KS,ACE,CE,Combined TRACON& Tower with Radar,31,70,91,1,193,0,5,35,1,41,31,75,126,2,234,195,0,195,429
03/22/2009,ICT,KS,ACE,CE,Combined TRACON& Tower with Radar,33,74,74,2,183,0,2,12,0,14,33,76,86,2,197,8,0,8,205
03/23/2009,ICT,KS,ACE,CE,Combined TRACON& Tower with Radar,34,82,58,0,174,0,2,8,0,10,34,84,66,0,184,18,0,18,202
03/24/2009,ICT,KS,ACE,CE,Combined TRACON& Tower with Radar,46,88,139,5,278,2,4,41,3,50,48,92,180,8,328,48,4,52,380
03/25/2009,ICT,KS,ACE,CE,Combined TRACON& Tower with Radar,40,86,193,16,335,0,14,78,1,93,40,100,271,17,428,168,16,184,612
03/26/2009,ICT,KS,ACE,CE,Combined TRACON& Tower with Radar,31,89,139,44,303,0,5,59,2,66,31,94,198,46,369,106,108,214,583
03/27/2009,ICT,KS,ACE,CE,Combined TRACON& Tower with Radar,21,44,40,0,105,0,0,0,0,0,21,44,40,0,105,0,0,0,105
03/28/2009,ICT,KS,ACE,CE,Combined TRACON& Tower with Radar,23,38,18,0,79,0,1,1,0,2,23,39,19,0,81,0,0,0,81
03/29/2009,ICT,KS,ACE,CE,Combined TRACON& Tower with Radar,36,75,108,1,220,1,10,47,0,58,37,85,155,1,278,117,0,117,395
03/30/2009,ICT,KS,ACE,CE,Combined TRACON& Tower with Radar,34,89,149,26,298,1,3,54,7,65,35,92,203,33,363,110,60,170,533
03/31/2009,ICT,KS,ACE,CE,Combined TRACON& Tower with Radar,39,77,117,8,241,0,8,25,1,34,39,85,142,9,275,22,2,24,299
04/01/2009,ICT,KS,ACE,CE,Combined TRACON& Tower with Radar,38,90,145,2,275,0,9,40,0,49,38,99,185,2,324,24,0,24,348
04/02/2009,ICT,KS,ACE,CE,Combined TRACON& Tower with Radar,34,85,116,7,242,0,7,21,1,29,34,92,137,8,271,92,20,112,383
04/03/2009,ICT,KS,ACE,CE,Combined TRACON& Tower with Radar,42,99,170,17,328,0,13,59,3,75,42,112,229,20,403,86,13,99,502
04/04/2009,ICT,KS,ACE,CE,Combined TRACON& Tower with Radar,27,52,43,0,122,0,3,15,0,18,27,55,58,0,140,14,0,14,154
04/05/2009,ICT,KS,ACE,CE,Combined TRACON& Tower with Radar,31,76,52,0,159,0,2,25,0,27,31,78,77,0,186,38,0,38,224
04/06/2009,ICT,KS,ACE,CE,Combined TRACON& Tower with Radar,35,85,104,41,265,1,7,22,3,33,36,92,126,44,298,76,30,106,404
04/07/2009,ICT,KS,ACE,CE,Combined TRACON& Tower with Radar,39,76,160,28,303,0,11,68,1,80,39,87,228,29,383,130,21,151,534
04/08/2009,ICT,KS,ACE,CE,Combined TRACON& Tower with Radar,38,86,193,25,342,0,6,99,3,108,38,92,292,28,450,152,30,182,632
04/09/2009,ICT,KS,ACE,CE,Combined TRACON& Tower with Radar,40,93,110,4,247,0,13,25,0,38,40,106,135,4,285,82,2,84,369
04/10/2009,ICT,KS,ACE,CE,Combined TRACON& Tower with Radar,47,91,181,21,340,0,13,59,3,75,47,104,240,24,415,154,32,186,601
04/11/2009,ICT,KS,ACE,CE,Combined TRACON& Tower with Radar,28,60,90,3,181,0,7,43,0,50,28,67,133,3,231,154,0,154,385
04/12/2009,ICT,KS,ACE,CE,Combined TRACON& Tower with Radar,35,63,30,0,128,0,0,0,0,0,35,63,30,0,128,0,0,0,128
04/13/2009,ICT,KS,ACE,CE,Combined TRACON& Tower with Radar,32,74,140,46,292,0,0,25,0,25,32,74,165,46,317,58,30,88,405
04/14/2009,ICT,KS,ACE,CE,Combined TRACON& Tower with Radar,39,68,157,21,285,0,4,93,1,98,39,72,250,22,383,168,68,236,619
04/15/2009,ICT,KS,ACE,CE,Combined TRACON& Tower with Radar,40,70,151,21,282,0,4,45,2,51,40,74,196,23,333,108,46,154,487
04/16/2009,ICT,KS,ACE,CE,Combined TRACON& Tower with Radar,38,80,125,10,253,0,1,40,1,42,38,81,165,11,295,41,34,75,370
04/17/2009,ICT,KS,ACE,CE,Combined TRACON& Tower with Radar,42,74,112,2,230,0,2,26,0,28,42,76,138,2,258,68,2,70,328
04/18/2009,ICT,KS,ACE,CE,Combined TRACON& Tower with Radar,27,47,99,0,173,0,2,7,0,9,27,49,106,0,182,124,0,124,306
04/19/2009,ICT,KS,ACE,CE,Combined TRACON& Tower with Radar,42,71,70,7,190,0,6,9,1,16,42,77,79,8,206,14,4,18,224
04/20/2009,ICT,KS,ACE,CE,Combined TRACON& Tower with Radar,34,72,151,40,297,0,8,59,1,68,34,80,210,41,365,152,40,192,557
04/21/2009,ICT,KS,ACE,CE,Combined TRACON& Tower with Radar,42,83,172,31,328,0,13,76,0,89,42,96,248,31,417,132,70,202,619
04/22/2009,ICT,KS,ACE,CE,Combined TRACON& Tower with Radar,38,95,149,21,303,0,11,65,0,76,38,106,214,21,379,288,18,306,685
04/23/2009,ICT,KS,ACE,CE,Combined TRACON& Tower with Radar,47,91,158,13,309,0,13,81,0,94,47,104,239,13,403,176,22,198,601
04/24/2009,ICT,KS,ACE,CE,Combined TRACON& Tower with Radar,41,95,122,13,271,0,16,39,7,62,41,111,161,20,333,100,10,110,443
04/25/2009,ICT,KS,ACE,CE,Combined TRACON& Tower with Radar,26,51,54,6,137,0,2,6,0,8,26,53,60,6,145,54,0,54,199
04/26/2009,ICT,KS,ACE,CE,Combined TRACON& Tower with Radar,29,55,27,2,113,0,1,0,0,1,29,56,27,2,114,0,0,0,114
04/27/2009,ICT,KS,ACE,CE,Combined TRACON& Tower with Radar,41,94,105,46,286,0,4,0,0,4,41,98,105,46,290,4,8,12,302
04/28/2009,ICT,KS,ACE,CE,Combined TRACON& Tower with Radar,39,94,160,41,334,0,4,11,0,15,39,98,171,41,349,76,16,92,441
04/29/2009,ICT,KS,ACE,CE,Combined TRACON& Tower with Radar,36,82,99,32,249,0,4,18,0,22,36,86,117,32,271,92,22,114,385
04/30/2009,ICT,KS,ACE,CE,Combined TRACON& Tower with Radar,43,82,113,20,258,0,1,4,0,5,43,83,117,20,263,64,32,96,359
05/01/2009,ICT,KS,ACE,CE,Combined TRACON& Tower with Radar,42,95,74,36,247,0,3,14,0,17,42,98,88,36,264,70,32,102,366
05/02/2009,ICT,KS,ACE,CE,Combined TRACON& Tower with Radar,30,60,67,11,168,0,2,26,2,30,30,62,93,13,198,38,6,44,242
05/03/2009,ICT,KS,ACE,CE,Combined TRACON& Tower with Radar,36,70,70,10,186,0,4,16,1,21,36,74,86,11,207,86,6,92,299
05/04/2009,ICT,KS,ACE,CE,Combined TRACON& Tower with Radar,37,101,139,18,295,1,11,48,1,61,38,112,187,19,356,122,78,200,556
05/05/2009,ICT,KS,ACE,CE,Combined TRACON& Tower with Radar,39,80,105,27,251,0,0,2,0,2,39,80,107,27,253,54,8,62,315
05/06/2009,ICT,KS,ACE,CE,Combined TRACON& Tower with Radar,57,91,181,46,375,14,4,66,11,95,71,95,247,57,470,188,62,250,720
05/07/2009,ICT,KS,ACE,CE,Combined TRACON& Tower with Radar,41,102,136,42,321,0,9,35,1,45,41,111,171,43,366,160,57,217,583
05/08/2009,ICT,KS,ACE,CE,Combined TRACON& Tower with Radar,42,94,147,16,299,0,8,40,6,54,42,102,187,22,353,142,22,164,517
05/09/2009,ICT,KS,ACE,CE,Combined TRACON& Tower with Radar,26,66,99,5,196,0,0,49,2,51,26,66,148,7,247,80,4,84,331
05/10/2009,ICT,KS,ACE,CE,Combined TRACON& Tower with Radar,37,65,56,10,168,0,2,23,1,26,37,67,79,11,194,40,16,56,250
05/11/2009,ICT,KS,ACE,CE,Combined TRACON& Tower with Radar,35,102,108,77,322,0,6,18,0,24,35,108,126,77,346,50,84,134,480
05/12/2009,ICT,KS,ACE,CE,Combined TRACON& Tower with Radar,38,81,77,2,198,0,0,1,0,1,38,81,78,2,199,8,0,8,207
05/13/2009,ICT,KS,ACE,CE,Combined TRACON& Tower with Radar,42,85,133,16,276,0,3,34,0,37,42,88,167,16,313,82,26,108,421
05/14/2009,ICT,KS,ACE,CE,Combined TRACON& Tower with Radar,45,88,162,52,347,0,8,47,6,61,45,96,209,58,408,182,96,278,686
05/15/2009,ICT,KS,ACE,CE,Combined TRACON& Tower with Radar,48,91,91,11,241,0,9,12,0,21,48,100,103,11,262,68,4,72,334
05/16/2009,ICT,KS,ACE,CE,Combined TRACON& Tower with Radar,31,72,77,13,193,0,11,40,0,51,31,83,117,13,244,72,4,76,320
05/17/2009,ICT,KS,ACE,CE,Combined TRACON& Tower with Radar,39,69,92,8,208,0,8,48,0,56,39,77,140,8,264,60,4,64,328
05/18/2009,ICT,KS,ACE,CE,Combined TRACON& Tower with Radar,39,83,122,49,293,3,3,50,0,56,42,86,172,49,349,126,48,174,523
05/19/2009,ICT,KS,ACE,CE,Combined TRACON& Tower with Radar,46,83,142,44,315,2,3,44,3,52,48,86,186,47,367,88,106,194,561
05/20/2009,ICT,KS,ACE,CE,Combined TRACON& Tower with Radar,51,93,158,39,341,3,10,51,0,64,54,103,209,39,405,122,50,172,577
05/21/2009,ICT,KS,ACE,CE,Combined TRACON& Tower with Radar,43,89,160,28,320,2,9,86,1,98,45,98,246,29,418,72,26,98,516
05/22/2009,ICT,KS,ACE,CE,Combined TRACON& Tower with Radar,41,93,122,0,256,1,11,46,1,59,42,104,168,1,315,180,0,180,495
05/23/2009,ICT,KS,ACE,CE,Combined TRACON& Tower with Radar,41,63,52,4,160,1,11,33,0,45,42,74,85,4,205,106,0,106,311
05/24/2009,ICT,KS,ACE,CE,Combined TRACON& Tower with Radar,37,44,45,6,132,0,4,25,4,33,37,48,70,10,165,30,0,30,195
05/25/2009,ICT,KS,ACE,CE,Combined TRACON& Tower with Radar,39,66,51,1,157,0,7,30,1,38,39,73,81,2,195,16,0,16,211
05/26/2009,ICT,KS,ACE,CE,Combined TRACON& Tower with Radar,36,91,118,11,256,1,5,19,1,26,37,96,137,12,282,158,20,178,460
05/27/2009,ICT,KS,ACE,CE,Combined TRACON& Tower with Radar,46,107,144,19,316,0,6,8,0,14,46,113,152,19,330,74,16,90,420
05/28/2009,ICT,KS,ACE,CE,Combined TRACON& Tower with Radar,43,82,171,40,336,1,7,69,1,78,44,89,240,41,414,134,68,202,616
05/29/2009,ICT,KS,ACE,CE,Combined TRACON& Tower with Radar,44,96,151,20,311,0,7,72,0,79,44,103,223,20,390,138,12,150,540
05/30/2009,ICT,KS,ACE,CE,Combined TRACON& Tower with Radar,33,56,67,0,156,1,2,37,0,40,34,58,104,0,196,42,0,42,238
05/31/2009,ICT,KS,ACE,CE,Combined TRACON& Tower with Radar,36,55,83,3,177,0,1,25,0,26,36,56,108,3,203,26,0,26,229
06/01/2009,ICT,KS,ACE,CE,Combined TRACON& Tower with Radar,37,92,122,61,312,1,7,40,4,52,38,99,162,65,364,24,56,80,444
06/02/2009,ICT,KS,ACE,CE,Combined TRACON& Tower with Radar,38,92,113,26,269,0,2,34,0,36,38,94,147,26,305,96,20,116,421
06/03/2009,ICT,KS,ACE,CE,Combined TRACON& Tower with Radar,44,92,160,41,337,0,3,45,2,50,44,95,205,43,387,86,44,130,517
06/04/2009,ICT,KS,ACE,CE,Combined TRACON& Tower with Radar,39,86,162,42,329,0,8,67,5,80,39,94,229,47,409,128,48,176,585
06/05/2009,ICT,KS,ACE,CE,Combined TRACON& Tower with Radar,39,86,111,28,264,0,3,44,7,54,39,89,155,35,318,112,42,154,472
06/06/2009,ICT,KS,ACE,CE,Combined TRACON& Tower with Radar,32,59,54,0,145,0,5,29,0,34,32,64,83,0,179,62,0,62,241
06/07/2009,ICT,KS,ACE,CE,Combined TRACON& Tower with Radar,32,68,51,2,153,0,5,16,0,21,32,73,67,2,174,32,0,32,206
06/08/2009,ICT,KS,ACE,CE,Combined TRACON& Tower with Radar,38,87,105,4,234,0,6,41,2,49,38,93,146,6,283,61,0,61,344
06/09/2009,ICT,KS,ACE,CE,Combined TRACON& Tower with Radar,47,90,110,4,251,0,2,35,0,37,47,92,145,4,288,62,0,62,350
06/10/2009,ICT,KS,ACE,CE,Combined TRACON& Tower with Radar,41,96,120,20,277,0,1,3,0,4,41,97,123,20,281,10,20,30,311
06/11/2009,ICT,KS,ACE,CE,Combined TRACON& Tower with Radar,35,94,154,5,288,0,3,31,2,36,35,97,185,7,324,136,0,136,460
06/12/2009,ICT,KS,ACE,CE,Combined TRACON& Tower with Radar,40,96,132,4,272,0,5,39,1,45,40,101,171,5,317,94,0,94,411
06/13/2009,ICT,KS,ACE,CE,Combined TRACON& Tower with Radar,33,73,92,2,200,0,9,37,0,46,33,82,129,2,246,70,0,70,316
06/14/2009,ICT,KS,ACE,CE,Combined TRACON& Tower with Radar,35,75,80,3,193,0,0,20,0,20,35,75,100,3,213,104,0,104,317
06/15/2009,ICT,KS,ACE,CE,Combined TRACON& Tower with Radar,37,92,151,5,285,0,1,52,2,55,37,93,203,7,340,182,0,182,522
06/16/2009,ICT,KS,ACE,CE,Combined TRACON& Tower with Radar,42,87,166,5,300,0,6,76,0,82,42,93,242,5,382,120,4,124,506
06/17/2009,ICT,KS,ACE,CE,Combined TRACON& Tower with Radar,42,94,173,4,313,0,12,60,0,72,42,106,233,4,385,86,0,86,471
06/18/2009,ICT,KS,ACE,CE,Combined TRACON& Tower with Radar,46,102,191,6,345,0,12,55,2,69,46,114,246,8,414,108,2,110,524
06/19/2009,ICT,KS,ACE,CE,Combined TRACON& Tower with Radar,38,98,128,6,270,0,11,40,0,51,38,109,168,6,321,64,0,64,385
06/20/2009,ICT,KS,ACE,CE,Combined TRACON& Tower with Radar,28,70,57,0,155,0,2,5,0,7,28,72,62,0,162,12,0,12,174
06/21/2009,ICT,KS,ACE,CE,Combined TRACON& Tower with Radar,38,95,80,2,215,0,16,29,0,45,38,111,109,2,260,132,0,132,392
06/22/2009,ICT,KS,ACE,CE,Combined TRACON& Tower with Radar,36,93,164,3,296,0,5,67,0,72,36,98,231,3,368,130,0,130,498
06/23/2009,ICT,KS,ACE,CE,Combined TRACON& Tower with Radar,41,91,150,2,284,0,2,64,0,66,41,93,214,2,350,232,0,232,582
06/24/2009,ICT,KS,ACE,CE,Combined TRACON& Tower with Radar,45,92,177,8,322,0,10,57,0,67,45,102,234,8,389,86,28,114,503
06/25/2009,ICT,KS,ACE,CE,Combined TRACON& Tower with Radar,42,93,144,23,302,0,4,66,1,71,42,97,210,24,373,99,16,115,488
06/26/2009,ICT,KS,ACE,CE,Combined TRACON& Tower with Radar,43,90,149,26,308,0,3,53,2,58,43,93,202,28,366,88,32,120,486
06/27/2009,ICT,KS,ACE,CE,Combined TRACON& Tower with Radar,35,70,77,0,182,0,8,46,0,54,35,78,123,0,236,54,0,54,290
06/28/2009,ICT,KS,ACE,CE,Combined TRACON& Tower with Radar,35,73,53,15,176,0,6,22,0,28,35,79,75,15,204,48,20,68,272
06/29/2009,ICT,KS,ACE,CE,Combined TRACON& Tower with Radar,33,82,109,25,249,0,4,47,1,52,33,86,156,26,301,126,26,152,453
06/30/2009,ICT,KS,ACE,CE,Combined TRACON& Tower with Radar,42,93,117,77,329,0,8,66,4,78,42,101,183,81,407,159,70,229,636
07/01/2009,ICT,KS,ACE,CE,Combined TRACON& Tower with Radar,45,100,140,35,320,0,15,68,1,84,45,115,208,36,404,112,52,164,568
07/02/2009,ICT,KS,ACE,CE,Combined TRACON& Tower with Radar,41,89,109,7,246,2,12,41,0,55,43,101,150,7,301,74,4,78,379
07/03/2009,ICT,KS,ACE,CE,Combined TRACON& Tower with Radar,39,71,56,0,166,0,4,28,0,32,39,75,84,0,198,96,0,96,294
07/04/2009,ICT,KS,ACE,CE,Combined TRACON& Tower with Radar,30,32,28,0,90,0,9,21,1,31,30,41,49,1,121,48,0,48,169
07/05/2009,ICT,KS,ACE,CE,Combined TRACON& Tower with Radar,38,72,75,4,189,0,2,16,0,18,38,74,91,4,207,30,4,34,241
07/06/2009,ICT,KS,ACE,CE,Combined TRACON& Tower with Radar,35,98,108,0,241,0,7,56,0,63,35,105,164,0,304,156,0,156,460
07/07/2009,ICT,KS,ACE,CE,Combined TRACON& Tower with Radar,45,83,112,19,259,2,8,52,0,62,47,91,164,19,321,130,20,150,471
07/08/2009,ICT,KS,ACE,CE,Combined TRACON& Tower with Radar,46,99,106,38,289,1,12,39,0,52,47,111,145,38,341,120,16,136,477
07/09/2009,ICT,KS,ACE,CE,Combined TRACON& Tower with Radar,43,92,125,22,282,1,3,48,5,57,44,95,173,27,339,24,0,24,363
07/10/2009,ICT,KS,ACE,CE,Combined TRACON& Tower with Radar,40,89,142,2,273,0,6,44,0,50,40,95,186,2,323,122,0,122,445
07/11/2009,ICT,KS,ACE,CE,Combined TRACON& Tower with Radar,32,69,67,12,180,0,4,38,0,42,32,73,105,12,222,140,22,162,384
07/12/2009,ICT,KS,ACE,CE,Combined TRACON& Tower with Radar,37,71,47,3,158,0,10,18,1,29,37,81,65,4,187,50,0,50,237
07/13/2009,ICT,KS,ACE,CE,Combined TRACON& Tower with Radar,32,95,120,39,286,0,6,38,2,46,32,101,158,41,332,72,32,104,436
07/14/2009,ICT,KS,ACE,CE,Combined TRACON& Tower with Radar,48,98,98,32,276,0,7,50,6,63,48,105,148,38,339,62,18,80,419
07/15/2009,ICT,KS,ACE,CE,Combined TRACON& Tower with Radar,42,104,122,3,271,0,13,26,4,43,42,117,148,7,314,76,12,88,402
07/16/2009,ICT,KS,ACE,CE,Combined TRACON& Tower with Radar,39,88,147,22,296,0,5,43,1,49,39,93,190,23,345,42,4,46,391
07/17/2009,ICT,KS,ACE,CE,Combined TRACON& Tower with Radar,37,83,134,9,263,0,7,78,4,89,37,90,212,13,352,116,16,132,484
07/18/2009,ICT,KS,ACE,CE,Combined TRACON& Tower with Radar,25,60,67,1,153,0,6,43,1,50,25,66,110,2,203,66,0,66,269
07/19/2009,ICT,KS,ACE,CE,Combined TRACON& Tower with Radar,36,71,89,4,200,0,3,34,0,37,36,74,123,4,237,46,0,46,283
07/20/2009,ICT,KS,ACE,CE,Combined TRACON& Tower with Radar,35,89,97,11,232,0,0,19,0,19,35,89,116,11,251,47,0,47,298
07/21/2009,ICT,KS,ACE,CE,Combined TRACON& Tower with Radar,43,105,138,43,329,0,10,45,0,55,43,115,183,43,384,153,20,173,557
07/22/2009,ICT,KS,ACE,CE,Combined TRACON& Tower with Radar,44,99,161,45,349,0,4,103,1,108,44,103,264,46,457,94,34,128,585
07/23/2009,ICT,KS,ACE,CE,Combined TRACON& Tower with Radar,42,105,142,23,312,0,5,59,2,66,42,110,201,25,378,54,22,76,454
07/24/2009,ICT,KS,ACE,CE,Combined TRACON& Tower with Radar,39,91,139,40,309,1,6,70,2,79,40,97,209,42,388,68,48,116,504
07/25/2009,ICT,KS,ACE,CE,Combined TRACON& Tower with Radar,30,64,62,0,156,0,0,26,0,26,30,64,88,0,182,87,0,87,269
07/26/2009,ICT,KS,ACE,CE,Combined TRACON& Tower with Radar,35,64,83,13,195,0,4,25,1,30,35,68,108,14,225,92,8,100,325
07/27/2009,ICT,KS,ACE,CE,Combined TRACON& Tower with Radar,34,93,78,42,247,0,5,26,0,31,34,98,104,42,278,78,46,124,402
07/28/2009,ICT,KS,ACE,CE,Combined TRACON& Tower with Radar,42,91,129,1,263,0,3,9,0,12,42,94,138,1,275,34,0,34,309
07/29/2009,ICT,KS,ACE,CE,Combined TRACON& Tower with Radar,47,102,134,27,310,0,5,58,1,64,47,107,192,28,374,96,26,122,496
07/30/2009,ICT,KS,ACE,CE,Combined TRACON& Tower with Radar,37,84,126,42,289,0,7,51,0,58,37,91,177,42,347,86,104,190,537
07/31/2009,ICT,KS,ACE,CE,Combined TRACON& Tower with Radar,40,92,168,14,314,0,8,68,0,76,40,100,236,14,390,140,4,144,534
08/01/2009,ICT,KS,ACE,CE,Combined TRACON& Tower with Radar,35,67,80,5,187,0,2,26,0,28,35,69,106,5,215,85,8,93,308
08/02/2009,ICT,KS,ACE,CE,Combined TRACON& Tower with Radar,33,65,93,0,191,0,5,25,0,30,33,70,118,0,221,121,0,121,342
08/03/2009,ICT,KS,ACE,CE,Combined TRACON& Tower with Radar,41,96,100,44,281,1,8,40,2,51,42,104,140,46,332,100,50,150,482
08/04/2009,ICT,KS,ACE,CE,Combined TRACON& Tower with Radar,41,93,154,43,331,0,9,64,0,73,41,102,218,43,404,128,92,220,624
08/05/2009,ICT,KS,ACE,CE,Combined TRACON& Tower with Radar,44,107,162,77,390,0,7,48,3,58,44,114,210,80,448,136,95,231,679
08/06/2009,ICT,KS,ACE,CE,Combined TRACON& Tower with Radar,38,121,142,6,307,0,2,28,0,30,38,123,170,6,337,88,14,102,439
08/07/2009,ICT,KS,ACE,CE,Combined TRACON& Tower with Radar,42,99,130,48,319,0,11,50,6,67,42,110,180,54,386,70,64,134,520
08/08/2009,ICT,KS,ACE,CE,Combined TRACON& Tower with Radar,29,68,66,2,165,0,7,24,0,31,29,75,90,2,196,36,2,38,234
08/09/2009,ICT,KS,ACE,CE,Combined TRACON& Tower with Radar,32,79,69,11,191,0,5,25,0,30,32,84,94,11,221,20,12,32,253
08/10/2009,ICT,KS,ACE,CE,Combined TRACON& Tower with Radar,37,91,92,20,240,0,6,25,3,34,37,97,117,23,274,130,26,156,430
08/11/2009,ICT,KS,ACE,CE,Combined TRACON& Tower with Radar,38,107,108,80,333,0,18,64,9,91,38,125,172,89,424,152,66,218,642
08/12/2009,ICT,KS,ACE,CE,Combined TRACON& Tower with Radar,42,115,130,44,331,0,13,65,1,79,42,128,195,45,410,112,86,198,608
08/13/2009,ICT,KS,ACE,CE,Combined TRACON& Tower with Radar,37,96,143,46,322,0,2,49,1,52,37,98,192,47,374,106,42,148,522
08/14/2009,ICT,KS,ACE,CE,Combined TRACON& Tower with Radar,40,108,113,43,304,0,5,50,10,65,40,113,163,53,369,112,66,178,547
08/15/2009,ICT,KS,ACE,CE,Combined TRACON& Tower with Radar,28,67,63,5,163,0,6,19,0,25,28,73,82,5,188,34,0,34,222
08/16/2009,ICT,KS,ACE,CE,Combined TRACON& Tower with Radar,35,80,73,4,192,0,12,23,3,38,35,92,96,7,230,82,12,94,324
08/17/2009,ICT,KS,ACE,CE,Combined TRACON& Tower with Radar,36,93,80,0,209,0,0,8,0,8,36,93,88,0,217,40,0,40,257
08/18/2009,ICT,KS,ACE,CE,Combined TRACON& Tower with Radar,39,92,119,9,259,0,2,28,1,31,39,94,147,10,290,30,10,40,330
08/19/2009,ICT,KS,ACE,CE,Combined TRACON& Tower with Radar,43,94,120,4,261,0,0,29,1,30,43,94,149,5,291,34,0,34,325
08/20/2009,ICT,KS,ACE,CE,Combined TRACON& Tower with Radar,43,102,179,70,394,2,3,63,3,71,45,105,242,73,465,144,82,226,691
08/21/2009,ICT,KS,ACE,CE,Combined TRACON& Tower with Radar,40,94,141,9,284,0,6,74,0,80,40,100,215,9,364,176,4,180,544
08/22/2009,ICT,KS,ACE,CE,Combined TRACON& Tower with Radar,30,53,70,3,156,0,5,43,0,48,30,58,113,3,204,266,8,274,478
08/23/2009,ICT,KS,ACE,CE,Combined TRACON& Tower with Radar,36,73,89,7,205,0,8,31,0,39,36,81,120,7,244,146,0,146,390
08/24/2009,ICT,KS,ACE,CE,Combined TRACON& Tower with Radar,35,88,103,15,241,0,2,36,1,39,35,90,139,16,280,87,30,117,397
08/25/2009,ICT,KS,ACE,CE,Combined TRACON& Tower with Radar,36,91,144,23,294,0,5,67,8,80,36,96,211,31,374,114,40,154,528
08/26/2009,ICT,KS,ACE,CE,Combined TRACON& Tower with Radar,40,109,164,10,323,0,7,11,0,18,40,116,175,10,341,74,0,74,415
08/27/2009,ICT,KS,ACE,CE,Combined TRACON& Tower with Radar,34,106,161,56,357,0,2,25,2,29,34,108,186,58,386,74,50,124,510
08/28/2009,ICT,KS,ACE,CE,Combined TRACON& Tower with Radar,36,91,128,7,262,0,7,56,2,65,36,98,184,9,327,310,26,336,663
08/29/2009,ICT,KS,ACE,CE,Combined TRACON& Tower with Radar,26,65,82,2,175,0,1,36,0,37,26,66,118,2,212,120,0,120,332
08/30/2009,ICT,KS,ACE,CE,Combined TRACON& Tower with Radar,33,63,57,0,153,0,0,26,0,26,33,63,83,0,179,98,0,98,277
08/31/2009,ICT,KS,ACE,CE,Combined TRACON& Tower with Radar,33,93,115,29,270,0,4,37,0,41,33,97,152,29,311,73,42,115,426
09/01/2009,ICT,KS,ACE,CE,Combined TRACON& Tower with Radar,40,89,129,22,280,0,20,37,0,57,40,109,166,22,337,86,18,104,441
09/02/2009,ICT,KS,ACE,CE,Combined TRACON& Tower with Radar,45,81,188,24,338,0,4,33,1,38,45,85,221,25,376,96,36,132,508
09/03/2009,ICT,KS,ACE,CE,Combined TRACON& Tower with Radar,45,88,177,57,367,0,4,42,0,46,45,92,219,57,413,64,70,134,547
09/04/2009,ICT,KS,ACE,CE,Combined TRACON& Tower with Radar,44,93,151,22,310,0,5,28,0,33,44,98,179,22,343,108,34,142,485
09/05/2009,ICT,KS,ACE,CE,Combined TRACON& Tower with Radar,31,51,71,0,153,0,6,11,0,17,31,57,82,0,170,44,0,44,214
09/06/2009,ICT,KS,ACE,CE,Combined TRACON& Tower with Radar,34,38,83,0,155,0,6,27,0,33,34,44,110,0,188,84,0,84,272
09/07/2009,ICT,KS,ACE,CE,Combined TRACON& Tower with Radar,40,70,57,0,167,0,1,25,0,26,40,71,82,0,193,52,0,52,245
09/08/2009,ICT,KS,ACE,CE,Combined TRACON& Tower with Radar,39,74,75,3,191,0,0,4,1,5,39,74,79,4,196,0,0,0,196
09/09/2009,ICT,KS,ACE,CE,Combined TRACON& Tower with Radar,44,105,109,9,267,0,3,6,1,10,44,108,115,10,277,30,0,30,307
09/10/2009,ICT,KS,ACE,CE,Combined TRACON& Tower with Radar,48,99,140,57,344,0,6,16,0,22,48,105,156,57,366,66,78,144,510
09/11/2009,ICT,KS,ACE,CE,Combined TRACON& Tower with Radar,44,86,131,12,273,0,2,5,0,7,44,88,136,12,280,90,0,90,370
09/12/2009,ICT,KS,ACE,CE,Combined TRACON& Tower with Radar,32,58,81,2,173,0,4,17,2,23,32,62,98,4,196,130,0,130,326
09/13/2009,ICT,KS,ACE,CE,Combined TRACON& Tower with Radar,42,69,78,36,225,0,6,24,0,30,42,75,102,36,255,34,48,82,337
09/14/2009,ICT,KS,ACE,CE,Combined TRACON& Tower with Radar,44,94,115,47,300,0,3,26,0,29,44,97,141,47,329,64,48,112,441
09/15/2009,ICT,KS,ACE,CE,Combined TRACON& Tower with Radar,44,85,114,69,312,0,12,36,0,48,44,97,150,69,360,90,90,180,540
09/16/2009,ICT,KS,ACE,CE,Combined TRACON& Tower with Radar,44,101,122,78,345,0,6,27,4,37,44,107,149,82,382,52,168,220,602
09/17/2009,ICT,KS,ACE,CE,Combined TRACON& Tower with Radar,46,83,152,54,335,0,2,40,1,43,46,85,192,55,378,128,168,296,674
09/18/2009,ICT,KS,ACE,CE,Combined TRACON& Tower with Radar,47,79,122,34,282,0,11,65,5,81,47,90,187,39,363,134,96,230,593
09/19/2009,ICT,KS,ACE,CE,Combined TRACON& Tower with Radar,34,58,54,7,153,0,16,22,1,39,34,74,76,8,192,44,52,96,288
09/20/2009,ICT,KS,ACE,CE,Combined TRACON& Tower with Radar,41,69,85,11,206,0,2,26,0,28,41,71,111,11,234,66,4,70,304
09/21/2009,ICT,KS,ACE,CE,Combined TRACON& Tower with Radar,48,99,92,12,251,0,3,5,3,11,48,102,97,15,262,30,0,30,292
09/22/2009,ICT,KS,ACE,CE,Combined TRACON& Tower with Radar,48,85,137,37,307,0,20,36,4,60,48,105,173,41,367,104,56,160,527
09/23/2009,ICT,KS,ACE,CE,Combined TRACON& Tower with Radar,48,95,181,14,338,0,13,60,1,74,48,108,241,15,412,120,10,130,542
09/24/2009,ICT,KS,ACE,CE,Combined TRACON& Tower with Radar,41,84,160,24,309,0,8,38,1,47,41,92,198,25,356,66,12,78,434
09/25/2009,ICT,KS,ACE,CE,Combined TRACON& Tower with Radar,51,93,135,16,295,4,4,42,1,51,55,97,177,17,346,74,16,90,436
09/26/2009,ICT,KS,ACE,CE,Combined TRACON& Tower with Radar,31,53,88,0,172,0,4,43,0,47,31,57,131,0,219,114,0,114,333
09/27/2009,ICT,KS,ACE,CE,Combined TRACON& Tower with Radar,41,66,86,0,193,0,3,20,0,23,41,69,106,0,216,81,0,81,297
09/28/2009,ICT,KS,ACE,CE,Combined TRACON& Tower with Radar,42,81,129,46,298,0,8,46,0,54,42,89,175,46,352,50,112,162,514
09/29/2009,ICT,KS,ACE,CE,Combined TRACON& Tower with Radar,44,88,138,40,310,0,5,47,0,52,44,93,185,40,362,92,76,168,530
09/30/2009,ICT,KS,ACE,CE,Combined TRACON& Tower with Radar,42,88,134,9,273,0,7,37,0,44,42,95,171,9,317,92,12,104,421
10/01/2009,ICT,KS,ACE,CE,Combined TRACON& Tower with Radar,43,80,135,17,275,0,1,25,0,26,43,81,160,17,301,66,6,72,373
10/02/2009,ICT,KS,ACE,CE,Combined TRACON& Tower with Radar,43,83,122,21,269,0,1,47,1,49,43,84,169,22,318,94,38,132,450
10/03/2009,ICT,KS,ACE,CE,Combined TRACON& Tower with Radar,34,57,102,0,193,0,11,47,0,58,34,68,149,0,251,118,2,120,371
10/04/2009,ICT,KS,ACE,CE,Combined TRACON& Tower with Radar,44,61,79,13,197,0,8,10,0,18,44,69,89,13,215,44,16,60,275
10/05/2009,ICT,KS,ACE,CE,Combined TRACON& Tower with Radar,38,85,119,45,287,0,1,6,0,7,38,86,125,45,294,44,46,90,384
10/06/2009,ICT,KS,ACE,CE,Combined TRACON& Tower with Radar,42,90,118,35,285,0,11,37,2,50,42,101,155,37,335,22,38,60,395
10/07/2009,ICT,KS,ACE,CE,Combined TRACON& Tower with Radar,41,99,128,48,316,1,15,33,0,49,42,114,161,48,365,124,110,234,599
10/08/2009,ICT,KS,ACE,CE,Combined TRACON& Tower with Radar,50,82,86,0,218,0,0,1,0,1,50,82,87,0,219,0,0,0,219
10/09/2009,ICT,KS,ACE,CE,Combined TRACON& Tower with Radar,46,98,143,36,323,0,4,32,1,37,46,102,175,37,360,58,36,94,454
10/10/2009,ICT,KS,ACE,CE,Combined TRACON& Tower with Radar,29,47,61,0,137,0,5,6,0,11,29,52,67,0,148,40,0,40,188
10/11/2009,ICT,KS,ACE,CE,Combined TRACON& Tower with Radar,47,71,62,8,188,0,2,5,0,7,47,73,67,8,195,38,14,52,247
10/12/2009,ICT,KS,ACE,CE,Combined TRACON& Tower with Radar,43,89,83,2,217,0,1,1,0,2,43,90,84,2,219,10,0,10,229
10/13/2009,ICT,KS,ACE,CE,Combined TRACON& Tower with Radar,45,87,83,0,215,0,0,0,0,0,45,87,83,0,215,6,0,6,221
10/14/2009,ICT,KS,ACE,CE,Combined TRACON& Tower with Radar,38,99,125,18,280,0,0,0,0,0,38,99,125,18,280,4,10,14,294
10/15/2009,ICT,KS,ACE,CE,Combined TRACON& Tower with Radar,43,88,155,36,322,0,0,3,0,3,43,88,158,36,325,54,52,106,431
10/16/2009,ICT,KS,ACE,CE,Combined TRACON& Tower with Radar,45,92,129,29,295,0,4,67,0,71,45,96,196,29,366,70,40,110,476
10/17/2009,ICT,KS,ACE,CE,Combined TRACON& Tower with Radar,31,43,65,9,148,0,6,24,0,30,31,49,89,9,178,46,0,46,224
10/18/2009,ICT,KS,ACE,CE,Combined TRACON& Tower with Radar,41,61,70,9,181,0,6,22,0,28,41,67,92,9,209,46,6,52,261
10/19/2009,ICT,KS,ACE,CE,Combined TRACON& Tower with Radar,38,94,98,31,261,0,10,35,0,45,38,104,133,31,306,78,44,122,428
10/20/2009,ICT,KS,ACE,CE,Combined TRACON& Tower with Radar,41,81,124,37,283,0,7,39,1,47,41,88,163,38,330,64,30,94,424
10/21/2009,ICT,KS,ACE,CE,Combined TRACON& Tower with Radar,40,90,94,5,229,0,2,2,0,4,40,92,96,5,233,24,0,24,257
10/22/2009,ICT,KS,ACE,CE,Combined TRACON& Tower with Radar,46,88,105,6,245,0,2,0,0,2,46,90,105,6,247,26,8,34,281
10/23/2009,ICT,KS,ACE,CE,Combined TRACON& Tower with Radar,40,86,109,10,245,0,3,16,0,19,40,89,125,10,264,112,8,120,384
10/24/2009,ICT,KS,ACE,CE,Combined TRACON& Tower with Radar,33,51,80,0,164,0,6,54,0,60,33,57,134,0,224,132,0,132,356
10/25/2009,ICT,KS,ACE,CE,Combined TRACON& Tower with Radar,44,56,80,0,180,0,4,23,0,27,44,60,103,0,207,46,0,46,253
10/26/2009,ICT,KS,ACE,CE,Combined TRACON& Tower with Radar,44,86,111,47,288,0,12,41,0,53,44,98,152,47,341,130,76,206,547
10/27/2009,ICT,KS,ACE,CE,Combined TRACON& Tower with Radar,46,75,130,64,315,0,3,70,0,73,46,78,200,64,388,60,70,130,518
10/28/2009,ICT,KS,ACE,CE,Combined TRACON& Tower with Radar,43,90,137,47,317,0,2,33,0,35,43,92,170,47,352,40,50,90,442
10/29/2009,ICT,KS,ACE,CE,Combined TRACON& Tower with Radar,49,78,60,31,218,0,0,0,0,0,49,78,60,31,218,34,22,56,274
10/30/2009,ICT,KS,ACE,CE,Combined TRACON& Tower with Radar,49,91,126,28,294,0,7,29,0,36,49,98,155,28,330,40,12,52,382
10/31/2009,ICT,KS,ACE,CE,Combined TRACON& Tower with Radar,31,48,100,0,179,0,16,73,0,89,31,64,173,0,268,142,0,142,410
11/01/2009,ICT,KS,ACE,CE,Combined TRACON& Tower with Radar,48,60,51,9,168,0,6,25,0,31,48,66,76,9,199,56,6,62,261
11/02/2009,ICT,KS,ACE,CE,Combined TRACON& Tower with Radar,40,83,126,6,255,0,14,34,3,51,40,97,160,9,306,62,8,70,376
11/03/2009,ICT,KS,ACE,CE,Combined TRACON& Tower with Radar,43,87,140,41,311,0,10,53,3,66,43,97,193,44,377,102,58,160,537
11/04/2009,ICT,KS,ACE,CE,Combined TRACON& Tower with Radar,48,84,161,49,342,0,11,56,1,68,48,95,217,50,410,114,112,226,636
11/05/2009,ICT,KS,ACE,CE,Combined TRACON& Tower with Radar,49,74,138,50,311,0,11,56,0,67,49,85,194,50,378,58,70,128,506
11/06/2009,ICT,KS,ACE,CE,Combined TRACON& Tower with Radar,47,73,132,18,270,0,2,44,1,47,47,75,176,19,317,36,26,62,379
11/07/2009,ICT,KS,ACE,CE,Combined TRACON& Tower with Radar,29,61,76,4,170,0,6,56,1,63,29,67,132,5,233,90,0,90,323
11/08/2009,ICT,KS,ACE,CE,Combined TRACON& Tower with Radar,39,56,62,6,163,0,1,17,3,21,39,57,79,9,184,8,0,8,192
11/09/2009,ICT,KS,ACE,CE,Combined TRACON& Tower with Radar,46,80,69,16,211,0,2,0,1,3,46,82,69,17,214,0,0,0,214
11/10/2009,ICT,KS,ACE,CE,Combined TRACON& Tower with Radar,42,72,106,4,224,0,0,0,0,0,42,72,106,4,224,8,6,14,238
11/11/2009,ICT,KS,ACE,CE,Combined TRACON& Tower with Radar,44,81,112,2,239,0,5,39,0,44,44,86,151,2,283,40,0,40,323
11/12/2009,ICT,KS,ACE,CE,Combined TRACON& Tower with Radar,49,89,164,45,347,0,7,41,3,51,49,96,205,48,398,60,84,144,542
11/13/2009,ICT,KS,ACE,CE,Combined TRACON& Tower with Radar,46,88,125,31,290,0,6,60,0,66,46,94,185,31,356,133,68,201,557
11/14/2009,ICT,KS,ACE,CE,Combined TRACON& Tower with Radar,29,50,49,4,132,0,2,3,0,5,29,52,52,4,137,24,6,30,167
11/15/2009,ICT,KS,ACE,CE,Combined TRACON& Tower with Radar,45,81,51,0,177,0,0,0,0,0,45,81,51,0,177,0,0,0,177
11/16/2009,ICT,KS,ACE,CE,Combined TRACON& Tower with Radar,40,77,76,0,193,0,1,1,0,2,40,78,77,0,195,0,0,0,195
11/17/2009,ICT,KS,ACE,CE,Combined TRACON& Tower with Radar,44,80,126,15,265,0,3,30,0,33,44,83,156,15,298,74,16,90,388
11/18/2009,ICT,KS,ACE,CE,Combined TRACON& Tower with Radar,47,78,181,57,363,0,12,71,3,86,47,90,252,60,449,108,58,166,615
11/19/2009,ICT,KS,ACE,CE,Combined TRACON& Tower with Radar,46,85,187,37,355,0,5,78,5,88,46,90,265,42,443,122,62,184,627
11/20/2009,ICT,KS,ACE,CE,Combined TRACON& Tower with Radar,55,86,141,16,298,0,8,67,0,75,55,94,208,16,373,62,22,84,457
11/21/2009,ICT,KS,ACE,CE,Combined TRACON& Tower with Radar,29,49,57,10,145,0,2,2,0,4,29,51,59,10,149,6,24,30,179
11/22/2009,ICT,KS,ACE,CE,Combined TRACON& Tower with Radar,46,76,57,7,186,0,8,11,0,19,46,84,68,7,205,36,12,48,253
11/23/2009,ICT,KS,ACE,CE,Combined TRACON& Tower with Radar,45,72,95,0,212,0,9,40,0,49,45,81,135,0,261,84,0,84,345
11/24/2009,ICT,KS,ACE,CE,Combined TRACON& Tower with Radar,45,78,89,20,232,1,7,46,2,56,46,85,135,22,288,40,20,60,348
11/25/2009,ICT,KS,ACE,CE,Combined TRACON& Tower with Radar,44,83,80,10,217,0,7,43,0,50,44,90,123,10,267,56,12,68,335
11/26/2009,ICT,KS,ACE,CE,Combined TRACON& Tower with Radar,25,39,28,0,92,0,5,26,0,31,25,44,54,0,123,26,0,26,149
11/27/2009,ICT,KS,ACE,CE,Combined TRACON& Tower with Radar,32,54,43,2,131,0,10,41,0,51,32,64,84,2,182,60,4,64,246
11/28/2009,ICT,KS,ACE,CE,Combined TRACON& Tower with Radar,30,55,51,0,136,0,4,30,0,34,30,59,81,0,170,72,0,72,242
11/29/2009,ICT,KS,ACE,CE,Combined TRACON& Tower with Radar,41,63,46,0,150,0,5,8,0,13,41,68,54,0,163,50,0,50,213
11/30/2009,ICT,KS,ACE,CE,Combined TRACON& Tower with Radar,37,76,148,36,297,0,8,51,2,61,37,84,199,38,358,126,90,216,574
12/01/2009,ICT,KS,ACE,CE,Combined TRACON& Tower with Radar,45,69,125,35,274,0,13,70,2,85,45,82,195,37,359,74,30,104,463
12/02/2009,ICT,KS,ACE,CE,Combined TRACON& Tower with Radar,38,80,124,24,266,0,3,40,3,46,38,83,164,27,312,34,42,76,388
12/03/2009,ICT,KS,ACE,CE,Combined TRACON& Tower with Radar,44,85,124,32,285,0,10,56,10,76,44,95,180,42,361,116,30,146,507
12/04/2009,ICT,KS,ACE,CE,Combined TRACON& Tower with Radar,49,72,136,17,274,0,8,77,2,87,49,80,213,19,361,144,40,184,545
12/05/2009,ICT,KS,ACE,CE,Combined TRACON& Tower with Radar,29,48,75,6,158,0,9,40,1,50,29,57,115,7,208,92,12,104,312
12/06/2009,ICT,KS,ACE,CE,Combined TRACON& Tower with Radar,39,59,67,2,167,0,2,3,0,5,39,61,70,2,172,23,0,23,195
12/07/2009,ICT,KS,ACE,CE,Combined TRACON& Tower with Radar,41,83,101,26,251,0,1,6,0,7,41,84,107,26,258,22,32,54,312
12/08/2009,ICT,KS,ACE,CE,Combined TRACON& Tower with Radar,39,51,40,0,130,0,0,0,0,0,39,51,40,0,130,0,0,0,130
12/09/2009,ICT,KS,ACE,CE,Combined TRACON& Tower with Radar,42,93,118,18,271,0,4,37,0,41,42,97,155,18,312,22,14,36,348
12/10/2009,ICT,KS,ACE,CE,Combined TRACON& Tower with Radar,46,87,123,19,275,0,15,52,1,68,46,102,175,20,343,156,56,212,555
12/11/2009,ICT,KS,ACE,CE,Combined TRACON& Tower with Radar,46,90,126,13,275,2,6,59,0,67,48,96,185,13,342,186,14,200,542
12/12/2009,ICT,KS,ACE,CE,Combined TRACON& Tower with Radar,33,57,46,2,138,0,3,0,0,3,33,60,46,2,141,46,0,46,187
12/13/2009,ICT,KS,ACE,CE,Combined TRACON& Tower with Radar,40,60,55,1,156,0,7,22,0,29,40,67,77,1,185,38,0,38,223
12/14/2009,ICT,KS,ACE,CE,Combined TRACON& Tower with Radar,40,72,142,24,278,0,4,23,2,29,40,76,165,26,307,80,26,106,413
12/15/2009,ICT,KS,ACE,CE,Combined TRACON& Tower with Radar,41,94,134,33,302,0,8,64,1,73,41,102,198,34,375,110,58,168,543
12/16/2009,ICT,KS,ACE,CE,Combined TRACON& Tower with Radar,43,81,144,21,289,0,6,56,2,64,43,87,200,23,353,30,6,36,389
12/17/2009,ICT,KS,ACE,CE,Combined TRACON& Tower with Radar,47,98,158,22,325,0,6,74,4,84,47,104,232,26,409,98,16,114,523
12/18/2009,ICT,KS,ACE,CE,Combined TRACON& Tower with Radar,43,99,129,15,286,0,10,48,1,59,43,109,177,16,345,86,8,94,439
12/19/2009,ICT,KS,ACE,CE,Combined TRACON& Tower with Radar,33,50,54,5,142,0,4,2,1,7,33,54,56,6,149,10,10,20,169
12/20/2009,ICT,KS,ACE,CE,Combined TRACON& Tower with Radar,41,64,77,0,182,0,2,33,0,35,41,66,110,0,217,58,0,58,275
12/21/2009,ICT,KS,ACE,CE,Combined TRACON& Tower with Radar,40,77,105,50,272,2,3,54,0,59,42,80,159,50,331,112,48,160,491
12/22/2009,ICT,KS,ACE,CE,Combined TRACON& Tower with Radar,45,93,113,62,313,0,0,18,1,19,45,93,131,63,332,90,56,146,478
12/23/2009,ICT,KS,ACE,CE,Combined TRACON& Tower with Radar,43,76,59,4,182,0,0,0,0,0,43,76,59,4,182,4,0,4,186
12/24/2009,ICT,KS,ACE,CE,Combined TRACON& Tower with Radar,33,36,10,0,79,0,0,0,0,0,33,36,10,0,79,0,0,0,79
12/25/2009,ICT,KS,ACE,CE,Combined TRACON& Tower with Radar,29,39,13,0,81,0,3,1,0,4,29,42,14,0,85,0,0,0,85
12/26/2009,ICT,KS,ACE,CE,Combined TRACON& Tower with Radar,36,51,27,1,115,0,3,7,1,11,36,54,34,2,126,6,0,6,132
12/27/2009,ICT,KS,ACE,CE,Combined TRACON& Tower with Radar,39,50,32,5,126,0,5,2,0,7,39,55,34,5,133,52,0,52,185
12/28/2009,ICT,KS,ACE,CE,Combined TRACON& Tower with Radar,41,68,67,1,177,0,7,23,0,30,41,75,90,1,207,68,0,68,275
12/29/2009,ICT,KS,ACE,CE,Combined TRACON& Tower with Radar,42,83,65,1,191,0,0,2,0,2,42,83,67,1,193,6,0,6,199
12/30/2009,ICT,KS,ACE,CE,Combined TRACON& Tower with Radar,47,69,36,0,152,0,0,0,0,0,47,69,36,0,152,0,0,0,152
12/31/2009,ICT,KS,ACE,CE,Combined TRACON& Tower with Radar,38,70,56,1,165,0,9,33,0,42,38,79,89,1,207,100,0,100,307
01/01/2010,ICT,KS,ACE,CE,Combined TRACON& Tower with Radar,26,62,20,0,108,0,2,7,0,9,26,64,27,0,117,20,0,20,137
01/02/2010,ICT,KS,ACE,CE,Combined TRACON& Tower with Radar,31,71,25,0,127,0,5,2,0,7,31,76,27,0,134,56,0,56,190
01/03/2010,ICT,KS,ACE,CE,Combined TRACON& Tower with Radar,38,65,47,0,150,0,2,2,0,4,38,67,49,0,154,58,0,58,212
01/04/2010,ICT,KS,ACE,CE,Combined TRACON& Tower with Radar,42,73,77,9,201,0,7,19,1,27,42,80,96,10,228,77,0,77,305
01/05/2010,ICT,KS,ACE,CE,Combined TRACON& Tower with Radar,45,89,80,15,229,0,0,8,0,8,45,89,88,15,237,34,32,66,303
01/06/2010,ICT,KS,ACE,CE,Combined TRACON& Tower with Radar,36,82,48,4,170,0,0,15,0,15,36,82,63,4,185,6,0,6,191
01/07/2010,ICT,KS,ACE,CE,Combined TRACON& Tower with Radar,44,71,67,18,200,1,2,8,1,12,45,73,75,19,212,30,4,34,246
01/08/2010,ICT,KS,ACE,CE,Combined TRACON& Tower with Radar,43,70,96,10,219,1,4,29,0,34,44,74,125,10,253,96,26,122,375
01/09/2010,ICT,KS,ACE,CE,Combined TRACON& Tower with Radar,27,43,65,1,136,0,0,29,0,29,27,43,94,1,165,120,0,120,285
01/10/2010,ICT,KS,ACE,CE,Combined TRACON& Tower with Radar,43,60,56,0,159,0,4,13,0,17,43,64,69,0,176,82,0,82,258
01/11/2010,ICT,KS,ACE,CE,Combined TRACON& Tower with Radar,39,85,106,36,266,0,1,38,0,39,39,86,144,36,305,119,102,221,526
01/12/2010,ICT,KS,ACE,CE,Combined TRACON& Tower with Radar,47,79,80,9,215,0,5,7,1,13,47,84,87,10,228,23,8,31,259
01/13/2010,ICT,KS,ACE,CE,Combined TRACON& Tower with Radar,42,82,119,27,270,2,13,44,3,62,44,95,163,30,332,52,24,76,408
01/14/2010,ICT,KS,ACE,CE,Combined TRACON& Tower with Radar,45,76,77,7,205,0,0,0,0,0,45,76,77,7,205,22,2,24,229
01/15/2010,ICT,KS,ACE,CE,Combined TRACON& Tower with Radar,46,82,72,24,224,0,0,9,0,9,46,82,81,24,233,62,46,108,341
01/16/2010,ICT,KS,ACE,CE,Combined TRACON& Tower with Radar,32,55,40,16,143,0,1,10,1,12,32,56,50,17,155,84,14,98,253
01/17/2010,ICT,KS,ACE,CE,Combined TRACON& Tower with Radar,36,54,51,3,144,0,2,29,1,32,36,56,80,4,176,128,0,128,304
01/18/2010,ICT,KS,ACE,CE,Combined TRACON& Tower with Radar,43,64,64,0,171,0,0,0,0,0,43,64,64,0,171,0,0,0,171
01/19/2010,ICT,KS,ACE,CE,Combined TRACON& Tower with Radar,46,61,54,4,165,0,0,1,0,1,46,61,55,4,166,2,0,2,168
01/20/2010,ICT,KS,ACE,CE,Combined TRACON& Tower with Radar,45,71,132,24,272,1,2,33,0,36,46,73,165,24,308,62,18,80,388
01/21/2010,ICT,KS,ACE,CE,Combined TRACON& Tower with Radar,52,81,103,22,258,0,0,0,8,8,52,81,103,30,266,18,0,18,284
01/22/2010,ICT,KS,ACE,CE,Combined TRACON& Tower with Radar,45,88,105,16,254,0,5,24,0,29,45,93,129,16,283,94,22,116,399
01/23/2010,ICT,KS,ACE,CE,Combined TRACON& Tower with Radar,27,61,66,8,162,0,2,33,1,36,27,63,99,9,198,210,6,216,414
01/24/2010,ICT,KS,ACE,CE,Combined TRACON& Tower with Radar,38,57,75,4,174,0,4,35,1,40,38,61,110,5,214,104,18,122,336
01/25/2010,ICT,KS,ACE,CE,Combined TRACON& Tower with Radar,45,77,78,22,222,0,2,28,0,30,45,79,106,22,252,18,32,50,302
01/26/2010,ICT,KS,ACE,CE,Combined TRACON& Tower with Radar,45,75,127,40,287,1,6,70,1,78,46,81,197,41,365,148,120,268,633
01/27/2010,ICT,KS,ACE,CE,Combined TRACON& Tower with Radar,40,86,116,55,297,1,5,41,2,49,41,91,157,57,346,120,48,168,514
01/28/2010,ICT,KS,ACE,CE,Combined TRACON& Tower with Radar,48,82,87,5,222,0,4,14,0,18,48,86,101,5,240,22,0,22,262
01/29/2010,ICT,KS,ACE,CE,Combined TRACON& Tower with Radar,45,66,46,0,157,0,0,0,0,0,45,66,46,0,157,18,0,18,175
01/30/2010,ICT,KS,ACE,CE,Combined TRACON& Tower with Radar,32,51,58,0,141,0,9,18,1,28,32,60,76,1,169,48,0,48,217
01/31/2010,ICT,KS,ACE,CE,Combined TRACON& Tower with Radar,40,55,37,0,132,0,0,0,0,0,40,55,37,0,132,0,0,0,132
02/01/2010,ICT,KS,ACE,CE,Combined TRACON& Tower with Radar,47,75,45,3,170,0,0,0,0,0,47,75,45,3,170,0,0,0,170
02/02/2010,ICT,KS,ACE,CE,Combined TRACON& Tower with Radar,46,82,107,24,259,0,1,20,1,22,46,83,127,25,281,28,12,40,321
02/03/2010,ICT,KS,ACE,CE,Combined TRACON& Tower with Radar,48,87,84,17,236,0,0,16,0,16,48,87,100,17,252,26,12,38,290
02/04/2010,ICT,KS,ACE,CE,Combined TRACON& Tower with Radar,43,67,44,0,154,0,0,0,0,0,43,67,44,0,154,0,0,0,154
02/05/2010,ICT,KS,ACE,CE,Combined TRACON& Tower with Radar,45,92,87,7,231,0,0,1,0,1,45,92,88,7,232,12,0,12,244
02/06/2010,ICT,KS,ACE,CE,Combined TRACON& Tower with Radar,29,39,40,0,108,0,0,4,2,6,29,39,44,2,114,106,0,106,220
02/07/2010,ICT,KS,ACE,CE,Combined TRACON& Tower with Radar,38,54,25,0,117,0,2,0,0,2,38,56,25,0,119,0,0,0,119
02/08/2010,ICT,KS,ACE,CE,Combined TRACON& Tower with Radar,44,60,41,3,148,0,2,1,0,3,44,62,42,3,151,10,0,10,161
02/09/2010,ICT,KS,ACE,CE,Combined TRACON& Tower with Radar,47,74,96,20,237,0,5,43,0,48,47,79,139,20,285,48,48,96,381
02/10/2010,ICT,KS,ACE,CE,Combined TRACON& Tower with Radar,40,89,106,46,281,0,3,27,0,30,40,92,133,46,311,64,74,138,449
02/11/2010,ICT,KS,ACE,CE,Combined TRACON& Tower with Radar,39,77,105,62,283,0,9,46,0,55,39,86,151,62,338,70,94,164,502
02/12/2010,ICT,KS,ACE,CE,Combined TRACON& Tower with Radar,35,91,118,78,322,0,6,54,0,60,35,97,172,78,382,222,302,524,906
02/13/2010,ICT,KS,ACE,CE,Combined TRACON& Tower with Radar,28,54,75,8,165,0,4,43,1,48,28,58,118,9,213,136,26,162,375
02/14/2010,ICT,KS,ACE,CE,Combined TRACON& Tower with Radar,34,62,29,0,125,0,0,2,0,2,34,62,31,0,127,2,0,2,129
02/15/2010,ICT,KS,ACE,CE,Combined TRACON& Tower with Radar,34,81,92,1,208,0,8,21,1,30,34,89,113,2,238,40,0,40,278
02/16/2010,ICT,KS,ACE,CE,Combined TRACON& Tower with Radar,40,71,120,55,286,0,1,35,0,36,40,72,155,55,322,88,104,192,514
02/17/2010,ICT,KS,ACE,CE,Combined TRACON& Tower with Radar,42,88,145,53,328,1,6,65,1,73,43,94,210,54,401,141,114,255,656
02/18/2010,ICT,KS,ACE,CE,Combined TRACON& Tower with Radar,45,83,166,14,308,0,10,52,1,63,45,93,218,15,371,160,66,226,597
02/19/2010,ICT,KS,ACE,CE,Combined TRACON& Tower with Radar,44,96,97,17,254,0,10,19,0,29,44,106,116,17,283,114,98,212,495
02/20/2010,ICT,KS,ACE,CE,Combined TRACON& Tower with Radar,27,57,35,0,119,0,0,0,0,0,27,57,35,0,119,0,0,0,119
02/21/2010,ICT,KS,ACE,CE,Combined TRACON& Tower with Radar,35,64,32,0,131,0,0,0,0,0,35,64,32,0,131,0,0,0,131
02/22/2010,ICT,KS,ACE,CE,Combined TRACON& Tower with Radar,40,81,79,2,202,0,5,4,0,9,40,86,83,2,211,46,0,46,257
02/23/2010,ICT,KS,ACE,CE,Combined TRACON& Tower with Radar,41,81,92,42,256,0,8,32,4,44,41,89,124,46,300,96,98,194,494
02/24/2010,ICT,KS,ACE,CE,Combined TRACON& Tower with Radar,44,86,148,54,332,3,10,52,2,67,47,96,200,56,399,214,80,294,693
02/25/2010,ICT,KS,ACE,CE,Combined TRACON& Tower with Radar,48,85,115,30,278,4,6,40,0,50,52,91,155,30,328,44,26,70,398
02/26/2010,ICT,KS,ACE,CE,Combined TRACON& Tower with Radar,45,84,110,51,290,2,8,48,5,63,47,92,158,56,353,136,140,276,629
02/27/2010,ICT,KS,ACE,CE,Combined TRACON& Tower with Radar,35,41,115,29,220,0,11,70,1,82,35,52,185,30,302,126,32,158,460
02/28/2010,ICT,KS,ACE,CE,Combined TRACON& Tower with Radar,38,63,81,6,188,0,6,30,0,36,38,69,111,6,224,112,0,112,336
03/01/2010,ICT,KS,ACE,CE,Combined TRACON& Tower with Radar,41,85,116,58,300,0,2,34,1,37,41,87,150,59,337,58,134,192,529
03/02/2010,ICT,KS,ACE,CE,Combined TRACON& Tower with Radar,32,81,136,46,295,0,0,62,0,62,32,81,198,46,357,148,54,202,559
03/03/2010,ICT,KS,ACE,CE,Combined TRACON& Tower with Radar,40,84,146,21,291,0,16,59,1,76,40,100,205,22,367,136,52,188,555
03/04/2010,ICT,KS,ACE,CE,Combined TRACON& Tower with Radar,49,93,128,35,305,4,5,53,1,63,53,98,181,36,368,226,138,364,732
03/05/2010,ICT,KS,ACE,CE,Combined TRACON& Tower with Radar,46,72,110,29,257,1,8,39,1,49,47,80,149,30,306,124,92,216,522
03/06/2010,ICT,KS,ACE,CE,Combined TRACON& Tower with Radar,26,52,74,0,152,0,1,21,0,22,26,53,95,0,174,96,0,96,270
03/07/2010,ICT,KS,ACE,CE,Combined TRACON& Tower with Radar,35,67,76,28,206,0,1,12,0,13,35,68,88,28,219,84,42,126,345
03/08/2010,ICT,KS,ACE,CE,Combined TRACON& Tower with Radar,41,71,48,1,161,0,0,0,0,0,41,71,48,1,161,0,0,0,161
03/09/2010,ICT,KS,ACE,CE,Combined TRACON& Tower with Radar,40,76,101,26,243,0,3,11,0,14,40,79,112,26,257,106,78,184,441
03/10/2010,ICT,KS,ACE,CE,Combined TRACON& Tower with Radar,41,85,131,26,283,0,8,4,1,13,41,93,135,27,296,0,0,0,296
03/11/2010,ICT,KS,ACE,CE,Combined TRACON& Tower with Radar,46,76,124,24,270,0,5,4,1,10,46,81,128,25,280,128,4,132,412
03/12/2010,ICT,KS,ACE,CE,Combined TRACON& Tower with Radar,42,72,87,9,210,0,5,11,0,16,42,77,98,9,226,66,0,66,292
03/13/2010,ICT,KS,ACE,CE,Combined TRACON& Tower with Radar,30,47,70,18,165,0,4,17,1,22,30,51,87,19,187,45,0,45,232
03/14/2010,ICT,KS,ACE,CE,Combined TRACON& Tower with Radar,35,58,50,5,148,0,0,2,0,2,35,58,52,5,150,24,0,24,174
03/15/2010,ICT,KS,ACE,CE,Combined TRACON& Tower with Radar,42,76,100,27,245,0,9,26,0,35,42,85,126,27,280,120,28,148,428
03/16/2010,ICT,KS,ACE,CE,Combined TRACON& Tower with Radar,42,74,152,18,286,0,2,13,0,15,42,76,165,18,301,52,18,70,371
03/17/2010,ICT,KS,ACE,CE,Combined TRACON& Tower with Radar,42,79,130,23,274,0,2,22,0,24,42,81,152,23,298,122,28,150,448
03/18/2010,ICT,KS,ACE,CE,Combined TRACON& Tower with Radar,44,84,131,24,283,0,8,65,6,79,44,92,196,30,362,96,34,130,492
03/19/2010,ICT,KS,ACE,CE,Combined TRACON& Tower with Radar,47,76,104,23,250,0,0,43,0,43,47,76,147,23,293,52,18,70,363
03/20/2010,ICT,KS,ACE,CE,Combined TRACON& Tower with Radar,33,59,22,2,116,0,0,3,0,3,33,59,25,2,119,0,0,0,119
03/21/2010,ICT,KS,ACE,CE,Combined TRACON& Tower with Radar,41,72,51,34,198,1,8,19,5,33,42,80,70,39,231,84,64,148,379
03/22/2010,ICT,KS,ACE,CE,Combined TRACON& Tower with Radar,47,76,103,60,286,5,11,37,1,54,52,87,140,61,340,72,72,144,484
03/23/2010,ICT,KS,ACE,CE,Combined TRACON& Tower with Radar,46,81,151,29,307,6,9,73,3,91,52,90,224,32,398,124,48,172,570
03/24/2010,ICT,KS,ACE,CE,Combined TRACON& Tower with Radar,39,83,123,49,294,0,0,1,0,1,39,83,124,49,295,18,34,52,347
03/25/2010,ICT,KS,ACE,CE,Combined TRACON& Tower with Radar,46,92,134,58,330,0,5,59,4,68,46,97,193,62,398,100,132,232,630
03/26/2010,ICT,KS,ACE,CE,Combined TRACON& Tower with Radar,47,87,135,19,288,1,10,62,4,77,48,97,197,23,365,60,34,94,459
03/27/2010,ICT,KS,ACE,CE,Combined TRACON& Tower with Radar,29,44,41,4,118,0,5,6,0,11,29,49,47,4,129,36,0,36,165
03/28/2010,ICT,KS,ACE,CE,Combined TRACON& Tower with Radar,36,69,81,12,198,0,8,30,0,38,36,77,111,12,236,22,14,36,272
03/29/2010,ICT,KS,ACE,CE,Combined TRACON& Tower with Radar,40,80,125,29,274,1,10,60,0,71,41,90,185,29,345,98,10,108,453
03/30/2010,ICT,KS,ACE,CE,Combined TRACON& Tower with Radar,49,77,115,34,275,6,7,60,4,77,55,84,175,38,352,120,62,182,534
03/31/2010,ICT,KS,ACE,CE,Combined TRACON& Tower with Radar,53,88,150,35,326,9,12,59,2,82,62,100,209,37,408,102,28,130,538
04/01/2010,ICT,KS,ACE,CE,Combined TRACON& Tower with Radar,43,85,103,23,254,0,7,30,0,37,43,92,133,23,291,42,32,74,365
04/02/2010,ICT,KS,ACE,CE,Combined TRACON& Tower with Radar,42,78,87,45,252,0,4,41,2,47,42,82,128,47,299,70,50,120,419
04/03/2010,ICT,KS,ACE,CE,Combined TRACON& Tower with Radar,25,51,68,1,145,0,0,49,1,50,25,51,117,2,195,128,4,132,327
04/04/2010,ICT,KS,ACE,CE,Combined TRACON& Tower with Radar,37,61,47,2,147,0,0,33,0,33,37,61,80,2,180,12,0,12,192
04/05/2010,ICT,KS,ACE,CE,Combined TRACON& Tower with Radar,41,75,83,32,231,0,0,10,0,10,41,75,93,32,241,18,46,64,305
04/06/2010,ICT,KS,ACE,CE,Combined TRACON& Tower with Radar,42,68,100,47,257,0,0,22,0,22,42,68,122,47,279,76,82,158,437
04/07/2010,ICT,KS,ACE,CE,Combined TRACON& Tower with Radar,45,78,86,53,262,0,5,10,0,15,45,83,96,53,277,30,48,78,355
04/08/2010,ICT,KS,ACE,CE,Combined TRACON& Tower with Radar,48,82,136,32,298,3,8,54,3,68,51,90,190,35,366,60,34,94,460
04/09/2010,ICT,KS,ACE,CE,Combined TRACON& Tower with Radar,47,81,121,52,301,2,12,48,2,64,49,93,169,54,365,38,124,162,527
04/10/2010,ICT,KS,ACE,CE,Combined TRACON& Tower with Radar,27,48,80,0,155,0,9,48,0,57,27,57,128,0,212,82,0,82,294
04/11/2010,ICT,KS,ACE,CE,Combined TRACON& Tower with Radar,41,58,89,3,191,0,2,34,2,38,41,60,123,5,229,66,0,66,295
04/12/2010,ICT,KS,ACE,CE,Combined TRACON& Tower with Radar,45,59,117,19,240,2,11,28,0,41,47,70,145,19,281,58,2,60,341
04/13/2010,ICT,KS,ACE,CE,Combined TRACON& Tower with Radar,42,66,103,7,218,2,8,20,0,30,44,74,123,7,248,44,10,54,302
04/14/2010,ICT,KS,ACE,CE,Combined TRACON& Tower with Radar,40,77,115,24,256,0,12,33,0,45,40,89,148,24,301,30,32,62,363
04/15/2010,ICT,KS,ACE,CE,Combined TRACON& Tower with Radar,52,84,139,15,290,4,9,58,0,71,56,93,197,15,361,140,24,164,525
04/16/2010,ICT,KS,ACE,CE,Combined TRACON& Tower with Radar,47,71,115,6,239,0,4,5,0,9,47,75,120,6,248,14,6,20,268
04/17/2010,ICT,KS,ACE,CE,Combined TRACON& Tower with Radar,28,48,62,4,142,2,8,27,0,37,30,56,89,4,179,44,4,48,227
04/18/2010,ICT,KS,ACE,CE,Combined TRACON& Tower with Radar,43,56,52,11,162,0,8,14,0,22,43,64,66,11,184,46,8,54,238
04/19/2010,ICT,KS,ACE,CE,Combined TRACON& Tower with Radar,41,77,127,51,296,1,21,51,1,74,42,98,178,52,370,98,112,210,580
04/20/2010,ICT,KS,ACE,CE,Combined TRACON& Tower with Radar,43,73,108,24,248,3,10,44,0,57,46,83,152,24,305,76,48,124,429
04/21/2010,ICT,KS,ACE,CE,Combined TRACON& Tower with Radar,44,67,111,19,241,0,7,15,2,24,44,74,126,21,265,28,0,28,293
04/22/2010,ICT,KS,ACE,CE,Combined TRACON& Tower with Radar,46,74,86,0,206,0,6,6,0,12,46,80,92,0,218,12,0,12,230
04/23/2010,ICT,KS,ACE,CE,Combined TRACON& Tower with Radar,53,85,83,19,240,2,6,22,0,30,55,91,105,19,270,66,16,82,352
04/24/2010,ICT,KS,ACE,CE,Combined TRACON& Tower with Radar,30,47,59,0,136,1,6,29,0,36,31,53,88,0,172,36,0,36,208
04/25/2010,ICT,KS,ACE,CE,Combined TRACON& Tower with Radar,47,44,74,3,168,2,3,19,0,24,49,47,93,3,192,94,14,108,300
04/26/2010,ICT,KS,ACE,CE,Combined TRACON& Tower with Radar,43,62,116,11,232,0,6,25,0,31,43,68,141,11,263,46,4,50,313
04/27/2010,ICT,KS,ACE,CE,Combined TRACON& Tower with Radar,39,68,158,35,300,5,11,73,0,89,44,79,231,35,389,128,52,180,569
04/28/2010,ICT,KS,ACE,CE,Combined TRACON& Tower with Radar,48,73,140,25,286,2,6,35,3,46,50,79,175,28,332,86,20,106,438
04/29/2010,ICT,KS,ACE,CE,Combined TRACON& Tower with Radar,51,83,106,28,268,0,4,27,0,31,51,87,133,28,299,16,70,86,385
04/30/2010,ICT,KS,ACE,CE,Combined TRACON& Tower with Radar,52,73,120,34,279,8,4,56,0,68,60,77,176,34,347,82,40,122,469
05/01/2010,ICT,KS,ACE,CE,Combined TRACON& Tower with Radar,37,54,77,4,172,7,7,41,0,55,44,61,118,4,227,142,0,142,369
05/02/2010,ICT,KS,ACE,CE,Combined TRACON& Tower with Radar,45,59,82,5,191,1,8,33,2,44,46,67,115,7,235,121,8,129,364
05/03/2010,ICT,KS,ACE,CE,Combined TRACON& Tower with Radar,38,64,108,58,268,0,5,60,1,66,38,69,168,59,334,56,68,124,458
05/04/2010,ICT,KS,ACE,CE,Combined TRACON& Tower with Radar,46,85,84,33,248,14,8,22,0,44,60,93,106,33,292,38,29,67,359
05/05/2010,ICT,KS,ACE,CE,Combined TRACON& Tower with Radar,44,70,127,40,281,2,6,51,0,59,46,76,178,40,340,118,52,170,510
05/06/2010,ICT,KS,ACE,CE,Combined TRACON& Tower with Radar,51,80,127,72,330,6,12,47,2,67,57,92,174,74,397,54,82,136,533
05/07/2010,ICT,KS,ACE,CE,Combined TRACON& Tower with Radar,50,73,100,45,268,3,2,31,4,40,53,75,131,49,308,40,38,78,386
05/08/2010,ICT,KS,ACE,CE,Combined TRACON& Tower with Radar,35,38,86,1,160,4,4,44,0,52,39,42,130,1,212,74,4,78,290
05/09/2010,ICT,KS,ACE,CE,Combined TRACON& Tower with Radar,40,53,68,14,175,0,2,17,0,19,40,55,85,14,194,18,6,24,218
05/10/2010,ICT,KS,ACE,CE,Combined TRACON& Tower with Radar,44,80,64,8,196,0,2,3,0,5,44,82,67,8,201,18,6,24,225
05/11/2010,ICT,KS,ACE,CE,Combined TRACON& Tower with Radar,45,87,151,39,322,4,2,45,2,53,49,89,196,41,375,76,46,122,497
05/12/2010,ICT,KS,ACE,CE,Combined TRACON& Tower with Radar,42,70,101,43,256,0,0,3,0,3,42,70,104,43,259,16,32,48,307
05/13/2010,ICT,KS,ACE,CE,Combined TRACON& Tower with Radar,47,80,157,64,348,12,4,58,0,74,59,84,215,64,422,78,70,148,570
05/14/2010,ICT,KS,ACE,CE,Combined TRACON& Tower with Radar,45,75,104,156,380,4,6,40,2,52,49,81,144,158,432,70,198,268,700
05/15/2010,ICT,KS,ACE,CE,Combined TRACON& Tower with Radar,30,50,52,0,132,0,4,0,0,4,30,54,52,0,136,40,0,40,176
05/16/2010,ICT,KS,ACE,CE,Combined TRACON& Tower with Radar,37,60,69,0,166,0,4,10,0,14,37,64,79,0,180,34,0,34,214
05/17/2010,ICT,KS,ACE,CE,Combined TRACON& Tower with Radar,41,87,118,58,304,0,8,19,0,27,41,95,137,58,331,36,68,104,435
05/18/2010,ICT,KS,ACE,CE,Combined TRACON& Tower with Radar,44,87,139,50,320,0,3,49,0,52,44,90,188,50,372,136,40,176,548
05/19/2010,ICT,KS,ACE,CE,Combined TRACON& Tower with Radar,44,71,79,0,194,0,0,3,0,3,44,71,82,0,197,28,0,28,225
05/20/2010,ICT,KS,ACE,CE,Combined TRACON& Tower with Radar,49,72,132,34,287,0,2,8,0,10,49,74,140,34,297,18,20,38,335
05/21/2010,ICT,KS,ACE,CE,Combined TRACON& Tower with Radar,45,90,150,24,309,8,8,72,2,90,53,98,222,26,399,138,34,172,571
05/22/2010,ICT,KS,ACE,CE,Combined TRACON& Tower with Radar,31,46,66,1,144,0,4,27,0,31,31,50,93,1,175,40,0,40,215
05/23/2010,ICT,KS,ACE,CE,Combined TRACON& Tower with Radar,40,54,56,2,152,0,3,13,0,16,40,57,69,2,168,74,0,74,242
05/24/2010,ICT,KS,ACE,CE,Combined TRACON& Tower with Radar,42,84,115,64,305,2,11,31,0,44,44,95,146,64,349,48,96,144,493
05/25/2010,ICT,KS,ACE,CE,Combined TRACON& Tower with Radar,42,86,129,36,293,0,6,59,0,65,42,92,188,36,358,160,56,216,574
05/26/2010,ICT,KS,ACE,CE,Combined TRACON& Tower with Radar,47,83,136,52,318,2,5,44,0,51,49,88,180,52,369,104,58,162,531
05/27/2010,ICT,KS,ACE,CE,Combined TRACON& Tower with Radar,50,91,133,63,337,1,4,50,1,56,51,95,183,64,393,114,26,140,533
05/28/2010,ICT,KS,ACE,CE,Combined TRACON& Tower with Radar,48,69,133,76,326,5,3,64,1,73,53,72,197,77,399,14,0,14,413
05/29/2010,ICT,KS,ACE,CE,Combined TRACON& Tower with Radar,38,41,62,3,144,0,6,46,0,52,38,47,108,3,196,88,8,96,292
05/30/2010,ICT,KS,ACE,CE,Combined TRACON& Tower with Radar,32,50,25,2,109,0,2,14,0,16,32,52,39,2,125,54,2,56,181
05/31/2010,ICT,KS,ACE,CE,Combined TRACON& Tower with Radar,41,47,50,0,138,0,3,14,0,17,41,50,64,0,155,38,0,38,193
06/01/2010,ICT,KS,ACE,CE,Combined TRACON& Tower with Radar,39,76,109,37,261,0,5,42,0,47,39,81,151,37,308,62,48,110,418
06/02/2010,ICT,KS,ACE,CE,Combined TRACON& Tower with Radar,47,86,127,70,330,0,2,42,2,46,47,88,169,72,376,106,118,224,600
06/03/2010,ICT,KS,ACE,CE,Combined TRACON& Tower with Radar,45,71,176,72,364,0,5,58,0,63,45,76,234,72,427,112,100,212,639
06/04/2010,ICT,KS,ACE,CE,Combined TRACON& Tower with Radar,44,78,132,57,311,2,11,57,6,76,46,89,189,63,387,40,74,114,501
06/05/2010,ICT,KS,ACE,CE,Combined TRACON& Tower with Radar,30,57,84,6,177,0,4,70,0,74,30,61,154,6,251,46,6,52,303
06/06/2010,ICT,KS,ACE,CE,Combined TRACON& Tower with Radar,39,55,105,6,205,0,0,41,0,41,39,55,146,6,246,106,6,112,358
06/07/2010,ICT,KS,ACE,CE,Combined TRACON& Tower with Radar,45,69,84,14,212,0,0,16,1,17,45,69,100,15,229,98,18,116,345
06/08/2010,ICT,KS,ACE,CE,Combined TRACON& Tower with Radar,53,86,96,55,290,13,4,22,0,39,66,90,118,55,329,68,38,106,435
06/09/2010,ICT,KS,ACE,CE,Combined TRACON& Tower with Radar,69,73,120,28,290,2,0,31,2,35,71,73,151,30,325,104,60,164,489
06/10/2010,ICT,KS,ACE,CE,Combined TRACON& Tower with Radar,47,81,147,112,387,1,8,31,0,40,48,89,178,112,427,46,80,126,553
06/11/2010,ICT,KS,ACE,CE,Combined TRACON& Tower with Radar,53,83,135,10,281,11,3,51,1,66,64,86,186,11,347,116,22,138,485
06/12/2010,ICT,KS,ACE,CE,Combined TRACON& Tower with Radar,40,57,56,2,155,0,4,17,0,21,40,61,73,2,176,74,0,74,250
06/13/2010,ICT,KS,ACE,CE,Combined TRACON& Tower with Radar,38,49,53,2,142,0,0,13,0,13,38,49,66,2,155,0,0,0,155
06/14/2010,ICT,KS,ACE,CE,Combined TRACON& Tower with Radar,47,89,104,73,313,0,3,14,1,18,47,92,118,74,331,120,154,274,605
06/15/2010,ICT,KS,ACE,CE,Combined TRACON& Tower with Radar,42,89,158,149,438,0,1,51,2,54,42,90,209,151,492,187,172,359,851
06/16/2010,ICT,KS,ACE,CE,Combined TRACON& Tower with Radar,64,98,134,75,371,12,11,46,1,70,76,109,180,76,441,82,92,174,615
06/17/2010,ICT,KS,ACE,CE,Combined TRACON& Tower with Radar,44,90,112,62,308,0,5,52,0,57,44,95,164,62,365,136,38,174,539
06/18/2010,ICT,KS,ACE,CE,Combined TRACON& Tower with Radar,50,88,114,69,321,4,2,61,3,70,54,90,175,72,391,32,48,80,471
06/19/2010,ICT,KS,ACE,CE,Combined TRACON& Tower with Radar,35,47,71,4,157,0,12,42,0,54,35,59,113,4,211,66,0,66,277
06/20/2010,ICT,KS,ACE,CE,Combined TRACON& Tower with Radar,44,57,92,19,212,0,4,14,2,20,44,61,106,21,232,68,36,104,336
06/21/2010,ICT,KS,ACE,CE,Combined TRACON& Tower with Radar,46,76,136,47,305,3,2,45,0,50,49,78,181,47,355,34,68,102,457
06/22/2010,ICT,KS,ACE,CE,Combined TRACON& Tower with Radar,45,79,113,68,305,1,2,45,2,50,46,81,158,70,355,16,156,172,527
06/23/2010,ICT,KS,ACE,CE,Combined TRACON& Tower with Radar,42,88,138,47,315,0,11,47,1,59,42,99,185,48,374,54,56,110,484
06/24/2010,ICT,KS,ACE,CE,Combined TRACON& Tower with Radar,47,95,162,91,395,2,0,60,0,62,49,95,222,91,457,128,136,264,721
06/25/2010,ICT,KS,ACE,CE,Combined TRACON& Tower with Radar,47,74,131,63,315,0,4,72,0,76,47,78,203,63,391,80,66,146,537
06/26/2010,ICT,KS,ACE,CE,Combined TRACON& Tower with Radar,34,59,79,33,205,1,5,48,0,54,35,64,127,33,259,110,34,144,403
06/27/2010,ICT,KS,ACE,CE,Combined TRACON& Tower with Radar,39,55,77,28,199,0,10,39,0,49,39,65,116,28,248,56,24,80,328
06/28/2010,ICT,KS,ACE,CE,Combined TRACON& Tower with Radar,43,81,126,129,379,1,5,49,5,60,44,86,175,134,439,134,220,354,793
06/29/2010,ICT,KS,ACE,CE,Combined TRACON& Tower with Radar,42,83,151,75,351,1,4,80,0,85,43,87,231,75,436,141,98,239,675
06/30/2010,ICT,KS,ACE,CE,Combined TRACON& Tower with Radar,46,103,150,31,330,2,17,81,0,100,48,120,231,31,430,124,44,168,598
07/01/2010,ICT,KS,ACE,CE,Combined TRACON& Tower with Radar,51,89,136,34,310,0,9,78,0,87,51,98,214,34,397,106,44,150,547
07/02/2010,ICT,KS,ACE,CE,Combined TRACON& Tower with Radar,53,85,121,0,259,0,3,44,0,47,53,88,165,0,306,56,0,56,362
07/03/2010,ICT,KS,ACE,CE,Combined TRACON& Tower with Radar,32,53,23,0,108,0,2,1,0,3,32,55,24,0,111,20,0,20,131
07/04/2010,ICT,KS,ACE,CE,Combined TRACON& Tower with Radar,35,44,10,0,89,0,6,0,0,6,35,50,10,0,95,0,0,0,95
07/05/2010,ICT,KS,ACE,CE,Combined TRACON& Tower with Radar,41,59,39,0,139,0,0,3,0,3,41,59,42,0,142,8,0,8,150
07/06/2010,ICT,KS,ACE,CE,Combined TRACON& Tower with Radar,47,79,94,118,338,3,6,33,1,43,50,85,127,119,381,86,94,180,561
07/07/2010,ICT,KS,ACE,CE,Combined TRACON& Tower with Radar,49,70,106,130,355,0,9,30,0,39,49,79,136,130,394,54,186,240,634
07/08/2010,ICT,KS,ACE,CE,Combined TRACON& Tower with Radar,81,83,111,147,422,4,5,15,0,24,85,88,126,147,446,70,192,262,708
07/09/2010,ICT,KS,ACE,CE,Combined TRACON& Tower with Radar,53,80,125,141,399,2,7,57,2,68,55,87,182,143,467,96,248,344,811
07/10/2010,ICT,KS,ACE,CE,Combined TRACON& Tower with Radar,42,55,77,6,180,3,10,34,1,48,45,65,111,7,228,79,0,79,307
07/11/2010,ICT,KS,ACE,CE,Combined TRACON& Tower with Radar,40,64,74,26,204,0,8,17,0,25,40,72,91,26,229,30,0,30,259
07/12/2010,ICT,KS,ACE,CE,Combined TRACON& Tower with Radar,38,86,72,65,261,2,2,21,0,25,40,88,93,65,286,83,30,113,399
07/13/2010,ICT,KS,ACE,CE,Combined TRACON& Tower with Radar,47,74,134,37,292,0,4,44,0,48,47,78,178,37,340,62,36,98,438
07/14/2010,ICT,KS,ACE,CE,Combined TRACON& Tower with Radar,50,87,143,40,320,0,7,54,0,61,50,94,197,40,381,64,44,108,489
07/15/2010,ICT,KS,ACE,CE,Combined TRACON& Tower with Radar,44,79,124,34,281,0,4,48,0,52,44,83,172,34,333,60,60,120,453
07/16/2010,ICT,KS,ACE,CE,Combined TRACON& Tower with Radar,67,87,121,73,348,1,16,48,15,80,68,103,169,88,428,100,162,262,690
07/17/2010,ICT,KS,ACE,CE,Combined TRACON& Tower with Radar,36,57,80,3,176,0,5,35,0,40,36,62,115,3,216,64,58,122,338
07/18/2010,ICT,KS,ACE,CE,Combined TRACON& Tower with Radar,38,52,85,9,184,0,5,30,1,36,38,57,115,10,220,70,8,78,298
07/19/2010,ICT,KS,ACE,CE,Combined TRACON& Tower with Radar,40,69,91,39,239,0,3,39,0,42,40,72,130,39,281,66,50,116,397
07/20/2010,ICT,KS,ACE,CE,Combined TRACON& Tower with Radar,44,84,103,41,272,0,11,59,0,70,44,95,162,41,342,100,142,242,584
07/21/2010,ICT,KS,ACE,CE,Combined TRACON& Tower with Radar,46,83,126,45,300,2,4,58,2,66,48,87,184,47,366,88,42,130,496
07/22/2010,ICT,KS,ACE,CE,Combined TRACON& Tower with Radar,46,76,120,42,284,0,0,43,0,43,46,76,163,42,327,104,46,150,477
07/23/2010,ICT,KS,ACE,CE,Combined TRACON& Tower with Radar,49,86,118,63,316,1,5,46,1,53,50,91,164,64,369,44,34,78,447
07/24/2010,ICT,KS,ACE,CE,Combined TRACON& Tower with Radar,37,48,70,5,160,1,4,41,0,46,38,52,111,5,206,48,0,48,254
07/25/2010,ICT,KS,ACE,CE,Combined TRACON& Tower with Radar,40,61,64,5,170,0,3,13,1,17,40,64,77,6,187,76,16,92,279
07/26/2010,ICT,KS,ACE,CE,Combined TRACON& Tower with Radar,49,85,98,100,332,4,15,42,0,61,53,100,140,100,393,154,100,254,647
07/27/2010,ICT,KS,ACE,CE,Combined TRACON& Tower with Radar,54,92,117,68,331,4,14,69,0,87,58,106,186,68,418,102,156,258,676
07/28/2010,ICT,KS,ACE,CE,Combined TRACON& Tower with Radar,49,78,149,125,401,6,11,66,2,85,55,89,215,127,486,104,82,186,672
07/29/2010,ICT,KS,ACE,CE,Combined TRACON& Tower with Radar,47,90,114,39,290,3,4,71,0,78,50,94,185,39,368,74,36,110,478
07/30/2010,ICT,KS,ACE,CE,Combined TRACON& Tower with Radar,50,91,107,97,345,4,17,68,1,90,54,108,175,98,435,99,124,223,658
07/31/2010,ICT,KS,ACE,CE,Combined TRACON& Tower with Radar,38,61,73,3,175,0,9,45,0,54,38,70,118,3,229,46,0,46,275
08/01/2010,ICT,KS,ACE,CE,Combined TRACON& Tower with Radar,38,68,72,2,180,0,4,34,0,38,38,72,106,2,218,90,0,90,308
08/02/2010,ICT,KS,ACE,CE,Combined TRACON& Tower with Radar,42,81,112,63,298,3,2,36,1,42,45,83,148,64,340,68,86,154,494
08/03/2010,ICT,KS,ACE,CE,Combined TRACON& Tower with Radar,54,73,115,71,313,10,9,48,2,69,64,82,163,73,382,82,156,238,620
08/04/2010,ICT,KS,ACE,CE,Combined TRACON& Tower with Radar,48,98,119,65,330,1,10,49,2,62,49,108,168,67,392,64,74,138,530
08/05/2010,ICT,KS,ACE,CE,Combined TRACON& Tower with Radar,51,92,165,64,372,0,9,54,1,64,51,101,219,65,436,42,48,90,526
08/06/2010,ICT,KS,ACE,CE,Combined TRACON& Tower with Radar,47,81,123,43,294,2,1,57,0,60,49,82,180,43,354,100,70,170,524
08/07/2010,ICT,KS,ACE,CE,Combined TRACON& Tower with Radar,35,58,74,2,169,0,5,31,0,36,35,63,105,2,205,38,6,44,249
08/08/2010,ICT,KS,ACE,CE,Combined TRACON& Tower with Radar,40,65,79,6,190,0,3,20,0,23,40,68,99,6,213,0,0,0,213
08/09/2010,ICT,KS,ACE,CE,Combined TRACON& Tower with Radar,45,84,127,63,319,2,3,35,0,40,47,87,162,63,359,56,98,154,513
08/10/2010,ICT,KS,ACE,CE,Combined TRACON& Tower with Radar,43,78,103,46,270,0,9,47,2,58,43,87,150,48,328,38,54,92,420
08/11/2010,ICT,KS,ACE,CE,Combined TRACON& Tower with Radar,48,87,130,33,298,2,2,65,4,73,50,89,195,37,371,130,56,186,557
08/12/2010,ICT,KS,ACE,CE,Combined TRACON& Tower with Radar,48,94,134,46,322,0,10,67,1,78,48,104,201,47,400,72,92,164,564
08/13/2010,ICT,KS,ACE,CE,Combined TRACON& Tower with Radar,46,77,96,25,244,0,15,41,1,57,46,92,137,26,301,66,60,126,427
08/14/2010,ICT,KS,ACE,CE,Combined TRACON& Tower with Radar,34,65,41,0,140,0,4,38,0,42,34,69,79,0,182,66,0,66,248
08/15/2010,ICT,KS,ACE,CE,Combined TRACON& Tower with Radar,42,62,52,18,174,0,5,11,0,16,42,67,63,18,190,40,0,40,230
08/16/2010,ICT,KS,ACE,CE,Combined TRACON& Tower with Radar,40,76,132,71,319,0,10,43,0,53,40,86,175,71,372,172,106,278,650
08/17/2010,ICT,KS,ACE,CE,Combined TRACON& Tower with Radar,39,85,105,92,321,0,4,1,0,5,39,89,106,92,326,28,122,150,476
08/18/2010,ICT,KS,ACE,CE,Combined TRACON& Tower with Radar,52,84,142,104,382,0,6,57,0,63,52,90,199,104,445,116,154,270,715
08/19/2010,ICT,KS,ACE,CE,Combined TRACON& Tower with Radar,52,85,113,68,318,2,2,46,0,50,54,87,159,68,368,101,40,141,509
08/20/2010,ICT,KS,ACE,CE,Combined TRACON& Tower with Radar,46,86,108,29,269,2,3,44,1,50,48,89,152,30,319,84,80,164,483
08/21/2010,ICT,KS,ACE,CE,Combined TRACON& Tower with Radar,37,49,79,6,171,0,6,53,1,60,37,55,132,7,231,102,0,102,333
08/22/2010,ICT,KS,ACE,CE,Combined TRACON& Tower with Radar,41,62,61,16,180,0,5,30,2,37,41,67,91,18,217,40,12,52,269
08/23/2010,ICT,KS,ACE,CE,Combined TRACON& Tower with Radar,40,83,109,33,265,0,3,45,0,48,40,86,154,33,313,44,39,83,396
08/24/2010,ICT,KS,ACE,CE,Combined TRACON& Tower with Radar,41,79,114,44,278,0,2,27,1,30,41,81,141,45,308,46,60,106,414
08/25/2010,ICT,KS,ACE,CE,Combined TRACON& Tower with Radar,46,83,137,35,301,1,2,65,5,73,47,85,202,40,374,77,44,121,495
08/26/2010,ICT,KS,ACE,CE,Combined TRACON& Tower with Radar,50,88,179,52,369,1,6,85,1,93,51,94,264,53,462,88,38,126,588
08/27/2010,ICT,KS,ACE,CE,Combined TRACON& Tower with Radar,44,89,159,19,311,1,6,72,1,80,45,95,231,20,391,122,14,136,527
08/28/2010,ICT,KS,ACE,CE,Combined TRACON& Tower with Radar,30,55,115,0,200,0,10,63,0,73,30,65,178,0,273,74,0,74,347
08/29/2010,ICT,KS,ACE,CE,Combined TRACON& Tower with Radar,44,60,60,12,176,0,4,70,2,76,44,64,130,14,252,0,0,0,252
08/30/2010,ICT,KS,ACE,CE,Combined TRACON& Tower with Radar,39,78,129,31,277,0,7,20,1,28,39,85,149,32,305,26,42,68,373
08/31/2010,ICT,KS,ACE,CE,Combined TRACON& Tower with Radar,39,79,150,64,332,0,6,40,2,48,39,85,190,66,380,28,16,44,424
09/01/2010,ICT,KS,ACE,CE,Combined TRACON& Tower with Radar,48,76,115,41,280,1,1,28,2,32,49,77,143,43,312,30,64,94,406
09/02/2010,ICT,KS,ACE,CE,Combined TRACON& Tower with Radar,45,80,134,44,303,2,7,30,1,40,47,87,164,45,343,92,34,126,469
09/03/2010,ICT,KS,ACE,CE,Combined TRACON& Tower with Radar,48,83,138,55,324,4,3,62,7,76,52,86,200,62,400,114,112,226,626
09/04/2010,ICT,KS,ACE,CE,Combined TRACON& Tower with Radar,30,47,59,2,138,1,6,33,0,40,31,53,92,2,178,0,0,0,178
09/05/2010,ICT,KS,ACE,CE,Combined TRACON& Tower with Radar,33,37,28,1,99,0,4,10,0,14,33,41,38,1,113,6,0,6,119
09/06/2010,ICT,KS,ACE,CE,Combined TRACON& Tower with Radar,39,55,46,0,140,0,5,8,0,13,39,60,54,0,153,2,0,2,155
09/07/2010,ICT,KS,ACE,CE,Combined TRACON& Tower with Radar,45,82,125,4,256,5,6,49,1,61,50,88,174,5,317,52,0,52,369
09/08/2010,ICT,KS,ACE,CE,Combined TRACON& Tower with Radar,48,85,106,21,260,0,2,8,0,10,48,87,114,21,270,66,14,80,350
09/09/2010,ICT,KS,ACE,CE,Combined TRACON& Tower with Radar,49,88,184,63,384,0,2,11,0,13,49,90,195,63,397,80,62,142,539
09/10/2010,ICT,KS,ACE,CE,Combined TRACON& Tower with Radar,51,95,132,22,300,3,4,46,0,53,54,99,178,22,353,80,12,92,445
09/11/2010,ICT,KS,ACE,CE,Combined TRACON& Tower with Radar,29,51,93,10,183,1,8,46,0,55,30,59,139,10,238,36,16,52,290
09/12/2010,ICT,KS,ACE,CE,Combined TRACON& Tower with Radar,42,67,98,38,245,0,4,47,2,53,42,71,145,40,298,58,44,102,400
09/13/2010,ICT,KS,ACE,CE,Combined TRACON& Tower with Radar,42,71,130,50,293,0,5,52,0,57,42,76,182,50,350,52,48,100,450
09/14/2010,ICT,KS,ACE,CE,Combined TRACON& Tower with Radar,41,87,146,46,320,2,2,45,3,52,43,89,191,49,372,104,54,158,530
09/15/2010,ICT,KS,ACE,CE,Combined TRACON& Tower with Radar,47,81,102,25,255,1,7,14,3,25,48,88,116,28,280,70,34,104,384
09/16/2010,ICT,KS,ACE,CE,Combined TRACON& Tower with Radar,50,75,128,13,266,1,5,43,0,49,51,80,171,13,315,32,8,40,355
09/17/2010,ICT,KS,ACE,CE,Combined TRACON& Tower with Radar,50,76,111,18,255,1,12,56,5,74,51,88,167,23,329,56,14,70,399
09/18/2010,ICT,KS,ACE,CE,Combined TRACON& Tower with Radar,35,43,61,0,139,1,5,31,0,37,36,48,92,0,176,66,0,66,242
09/19/2010,ICT,KS,ACE,CE,Combined TRACON& Tower with Radar,46,48,82,2,178,2,4,22,0,28,48,52,104,2,206,36,0,36,242
09/20/2010,ICT,KS,ACE,CE,Combined TRACON& Tower with Radar,45,73,100,14,232,1,5,43,0,49,46,78,143,14,281,69,4,73,354
09/21/2010,ICT,KS,ACE,CE,Combined TRACON& Tower with Radar,47,88,100,54,289,4,4,33,1,42,51,92,133,55,331,48,106,154,485
09/22/2010,ICT,KS,ACE,CE,Combined TRACON& Tower with Radar,49,91,123,82,345,5,2,30,0,37,54,93,153,82,382,22,144,166,548
09/23/2010,ICT,KS,ACE,CE,Combined TRACON& Tower with Radar,49,85,108,20,262,0,6,13,3,22,49,91,121,23,284,26,54,80,364
09/24/2010,ICT,KS,ACE,CE,Combined TRACON& Tower with Radar,55,85,156,91,387,6,8,65,3,82,61,93,221,94,469,74,150,224,693
09/25/2010,ICT,KS,ACE,CE,Combined TRACON& Tower with Radar,32,49,68,0,149,6,3,24,0,33,38,52,92,0,182,80,0,80,262
09/26/2010,ICT,KS,ACE,CE,Combined TRACON& Tower with Radar,46,52,64,6,168,0,7,11,0,18,46,59,75,6,186,10,0,10,196
09/27/2010,ICT,KS,ACE,CE,Combined TRACON& Tower with Radar,42,73,128,72,315,0,4,54,0,58,42,77,182,72,373,162,160,322,695
09/28/2010,ICT,KS,ACE,CE,Combined TRACON& Tower with Radar,50,76,138,86,350,2,4,66,0,72,52,80,204,86,422,62,84,146,568
09/29/2010,ICT,KS,ACE,CE,Combined TRACON& Tower with Radar,49,88,130,85,352,1,7,56,0,64,50,95,186,85,416,50,102,152,568
09/30/2010,ICT,KS,ACE,CE,Combined TRACON& Tower with Radar,51,80,160,23,314,2,3,64,0,69,53,83,224,23,383,60,22,82,465
10/01/2010,ICT,KS,ACE,CE,Combined TRACON& Tower with Radar,43,71,143,82,339,4,7,62,0,73,47,78,205,82,412,62,108,170,582
10/02/2010,ICT,KS,ACE,CE,Combined TRACON& Tower with Radar,28,62,87,4,181,0,10,43,0,53,28,72,130,4,234,38,10,48,282
10/03/2010,ICT,KS,ACE,CE,Combined TRACON& Tower with Radar,44,57,90,0,191,0,7,27,0,34,44,64,117,0,225,88,20,108,333
10/04/2010,ICT,KS,ACE,CE,Combined TRACON& Tower with Radar,42,81,160,49,332,0,8,56,0,64,42,89,216,49,396,102,52,154,550
10/05/2010,ICT,KS,ACE,CE,Combined TRACON& Tower with Radar,42,85,156,42,325,0,7,57,0,64,42,92,213,42,389,68,74,142,531
10/06/2010,ICT,KS,ACE,CE,Combined TRACON& Tower with Radar,42,82,119,48,291,0,9,45,0,54,42,91,164,48,345,68,50,118,463
10/07/2010,ICT,KS,ACE,CE,Combined TRACON& Tower with Radar,51,82,165,70,368,0,2,68,0,70,51,84,233,70,438,84,70,154,592
10/08/2010,ICT,KS,ACE,CE,Combined TRACON& Tower with Radar,51,68,155,43,317,2,10,65,0,77,53,78,220,43,394,108,90,198,592
10/09/2010,ICT,KS,ACE,CE,Combined TRACON& Tower with Radar,32,48,90,1,171,0,0,65,0,65,32,48,155,1,236,0,0,0,236
10/10/2010,ICT,KS,ACE,CE,Combined TRACON& Tower with Radar,49,52,55,1,157,0,0,30,0,30,49,52,85,1,187,46,0,46,233
10/11/2010,ICT,KS,ACE,CE,Combined TRACON& Tower with Radar,40,70,121,3,234,0,6,22,0,28,40,76,143,3,262,48,0,48,310
10/12/2010,ICT,KS,ACE,CE,Combined TRACON& Tower with Radar,45,79,123,84,331,1,7,45,3,56,46,86,168,87,387,118,94,212,599
10/13/2010,ICT,KS,ACE,CE,Combined TRACON& Tower with Radar,45,81,139,55,320,0,4,57,2,63,45,85,196,57,383,40,64,104,487
10/14/2010,ICT,KS,ACE,CE,Combined TRACON& Tower with Radar,46,78,131,42,297,0,4,50,2,56,46,82,181,44,353,56,112,168,521
10/15/2010,ICT,KS,ACE,CE,Combined TRACON& Tower with Radar,44,81,117,38,280,0,6,61,0,67,44,87,178,38,347,118,40,158,505
10/16/2010,ICT,KS,ACE,CE,Combined TRACON& Tower with Radar,32,57,73,6,168,0,8,65,0,73,32,65,138,6,241,52,12,64,305
10/17/2010,ICT,KS,ACE,CE,Combined TRACON& Tower with Radar,42,53,83,3,181,0,4,37,0,41,42,57,120,3,222,108,4,112,334
10/18/2010,ICT,KS,ACE,CE,Combined TRACON& Tower with Radar,43,69,89,54,255,1,3,31,0,35,44,72,120,54,290,22,100,122,412
10/19/2010,ICT,KS,ACE,CE,Combined TRACON& Tower with Radar,43,75,93,55,266,1,9,55,0,65,44,84,148,55,331,40,58,98,429
10/20/2010,ICT,KS,ACE,CE,Combined TRACON& Tower with Radar,44,85,118,62,309,0,3,58,0,61,44,88,176,62,370,100,106,206,576
10/21/2010,ICT,KS,ACE,CE,Combined TRACON& Tower with Radar,53,83,130,59,325,6,5,44,0,55,59,88,174,59,380,88,136,224,604
10/22/2010,ICT,KS,ACE,CE,Combined TRACON& Tower with Radar,44,78,100,2,224,0,1,15,0,16,44,79,115,2,240,90,2,92,332
10/23/2010,ICT,KS,ACE,CE,Combined TRACON& Tower with Radar,30,54,37,1,122,0,4,10,0,14,30,58,47,1,136,22,0,22,158
10/24/2010,ICT,KS,ACE,CE,Combined TRACON& Tower with Radar,44,61,79,0,184,0,3,27,0,30,44,64,106,0,214,58,0,58,272
10/25/2010,ICT,KS,ACE,CE,Combined TRACON& Tower with Radar,44,77,97,37,255,0,5,29,1,35,44,82,126,38,290,0,0,0,290
10/26/2010,ICT,KS,ACE,CE,Combined TRACON& Tower with Radar,42,79,114,59,294,9,12,28,1,50,51,91,142,60,344,58,70,128,472
10/27/2010,ICT,KS,ACE,CE,Combined TRACON& Tower with Radar,47,73,132,81,333,8,4,36,0,48,55,77,168,81,381,102,128,230,611
10/28/2010,ICT,KS,ACE,CE,Combined TRACON& Tower with Radar,68,92,116,85,361,8,7,42,0,57,76,99,158,85,418,154,132,286,704
10/29/2010,ICT,KS,ACE,CE,Combined TRACON& Tower with Radar,54,82,118,58,312,7,6,42,1,56,61,88,160,59,368,64,118,182,550
10/30/2010,ICT,KS,ACE,CE,Combined TRACON& Tower with Radar,32,46,83,0,161,0,4,57,0,61,32,50,140,0,222,52,0,52,274
10/31/2010,ICT,KS,ACE,CE,Combined TRACON& Tower with Radar,44,50,70,8,172,0,4,29,0,33,44,54,99,8,205,26,6,32,237
11/01/2010,ICT,KS,ACE,CE,Combined TRACON& Tower with Radar,48,67,103,37,255,0,3,20,0,23,48,70,123,37,278,18,54,72,350
11/02/2010,ICT,KS,ACE,CE,Combined TRACON& Tower with Radar,45,65,113,94,317,2,2,36,0,40,47,67,149,94,357,68,126,194,551
11/03/2010,ICT,KS,ACE,CE,Combined TRACON& Tower with Radar,44,71,127,61,303,1,3,37,0,41,45,74,164,61,344,62,68,130,474
11/04/2010,ICT,KS,ACE,CE,Combined TRACON& Tower with Radar,47,79,105,58,289,0,5,45,0,50,47,84,150,58,339,98,68,166,505
11/05/2010,ICT,KS,ACE,CE,Combined TRACON& Tower with Radar,44,80,123,35,282,0,6,49,5,60,44,86,172,40,342,54,58,112,454
11/06/2010,ICT,KS,ACE,CE,Combined TRACON& Tower with Radar,30,44,69,5,148,0,6,43,0,49,30,50,112,5,197,94,8,102,299
11/07/2010,ICT,KS,ACE,CE,Combined TRACON& Tower with Radar,45,51,64,0,160,0,4,20,0,24,45,55,84,0,184,62,0,62,246
11/08/2010,ICT,KS,ACE,CE,Combined TRACON& Tower with Radar,44,62,120,84,310,0,2,37,0,39,44,64,157,84,349,154,162,316,665
11/09/2010,ICT,KS,ACE,CE,Combined TRACON& Tower with Radar,45,75,124,44,288,1,11,44,0,56,46,86,168,44,344,28,44,72,416
11/10/2010,ICT,KS,ACE,CE,Combined TRACON& Tower with Radar,43,71,117,19,250,1,1,39,0,41,44,72,156,19,291,58,14,72,363
11/11/2010,ICT,KS,ACE,CE,Combined TRACON& Tower with Radar,46,64,115,2,227,0,2,15,0,17,46,66,130,2,244,44,0,44,288
11/12/2010,ICT,KS,ACE,CE,Combined TRACON& Tower with Radar,47,69,83,0,199,0,0,1,0,1,47,69,84,0,200,8,0,8,208
11/13/2010,ICT,KS,ACE,CE,Combined TRACON& Tower with Radar,35,40,104,0,179,1,9,55,0,65,36,49,159,0,244,50,0,50,294
11/14/2010,ICT,KS,ACE,CE,Combined TRACON& Tower with Radar,45,54,72,1,172,0,6,19,0,25,45,60,91,1,197,68,0,68,265
11/15/2010,ICT,KS,ACE,CE,Combined TRACON& Tower with Radar,41,57,104,52,254,2,6,36,2,46,43,63,140,54,300,70,78,148,448
11/16/2010,ICT,KS,ACE,CE,Combined TRACON& Tower with Radar,41,83,133,98,355,0,12,67,2,81,41,95,200,100,436,148,212,360,796
11/17/2010,ICT,KS,ACE,CE,Combined TRACON& Tower with Radar,46,76,114,8,244,0,1,16,0,17,46,77,130,8,261,34,0,34,295
11/18/2010,ICT,KS,ACE,CE,Combined TRACON& Tower with Radar,44,74,163,70,351,0,11,67,2,80,44,85,230,72,431,54,62,116,547
11/19/2010,ICT,KS,ACE,CE,Combined TRACON& Tower with Radar,48,76,137,53,314,3,5,47,0,55,51,81,184,53,369,54,76,130,499
11/20/2010,ICT,KS,ACE,CE,Combined TRACON& Tower with Radar,32,39,96,9,176,0,4,54,3,61,32,43,150,12,237,94,18,112,349
11/21/2010,ICT,KS,ACE,CE,Combined TRACON& Tower with Radar,48,59,67,9,183,0,2,24,0,26,48,61,91,9,209,56,18,74,283
11/22/2010,ICT,KS,ACE,CE,Combined TRACON& Tower with Radar,41,57,124,32,254,0,6,34,1,41,41,63,158,33,295,44,44,88,383
11/23/2010,ICT,KS,ACE,CE,Combined TRACON& Tower with Radar,44,77,167,36,324,0,1,55,1,57,44,78,222,37,381,132,58,190,571
11/24/2010,ICT,KS,ACE,CE,Combined TRACON& Tower with Radar,49,79,83,0,211,0,2,27,0,29,49,81,110,0,240,18,0,18,258
11/25/2010,ICT,KS,ACE,CE,Combined TRACON& Tower with Radar,32,26,21,0,79,0,4,7,0,11,32,30,28,0,90,0,0,0,90
11/26/2010,ICT,KS,ACE,CE,Combined TRACON& Tower with Radar,33,37,60,0,130,0,1,34,0,35,33,38,94,0,165,14,0,14,179
11/27/2010,ICT,KS,ACE,CE,Combined TRACON& Tower with Radar,36,47,52,0,135,0,3,40,0,43,36,50,92,0,178,154,0,154,332
11/28/2010,ICT,KS,ACE,CE,Combined TRACON& Tower with Radar,43,50,75,0,168,0,0,14,0,14,43,50,89,0,182,6,0,6,188
11/29/2010,ICT,KS,ACE,CE,Combined TRACON& Tower with Radar,42,58,132,71,303,0,2,20,0,22,42,60,152,71,325,18,114,132,457
11/30/2010,ICT,KS,ACE,CE,Combined TRACON& Tower with Radar,59,69,123,83,334,6,8,44,1,59,65,77,167,84,393,82,78,160,553
12/01/2010,ICT,KS,ACE,CE,Combined TRACON& Tower with Radar,60,68,152,77,357,19,8,77,0,104,79,76,229,77,461,192,126,318,779
12/02/2010,ICT,KS,ACE,CE,Combined TRACON& Tower with Radar,50,71,174,86,381,2,9,75,5,91,52,80,249,91,472,168,160,328,800
12/03/2010,ICT,KS,ACE,CE,Combined TRACON& Tower with Radar,49,64,155,47,315,8,6,58,0,72,57,70,213,47,387,96,116,212,599
12/04/2010,ICT,KS,ACE,CE,Combined TRACON& Tower with Radar,34,38,63,2,137,0,3,24,0,27,34,41,87,2,164,50,24,74,238
12/05/2010,ICT,KS,ACE,CE,Combined TRACON& Tower with Radar,44,41,77,6,168,0,11,25,0,36,44,52,102,6,204,56,0,56,260
12/06/2010,ICT,KS,ACE,CE,Combined TRACON& Tower with Radar,40,66,113,72,291,0,5,39,3,47,40,71,152,75,338,76,112,188,526
12/07/2010,ICT,KS,ACE,CE,Combined TRACON& Tower with Radar,46,65,174,24,309,0,5,62,0,67,46,70,236,24,376,104,22,126,502
12/08/2010,ICT,KS,ACE,CE,Combined TRACON& Tower with Radar,42,73,169,47,331,0,22,54,0,76,42,95,223,47,407,120,116,236,643
12/09/2010,ICT,KS,ACE,CE,Combined TRACON& Tower with Radar,45,64,140,50,299,0,12,46,0,58,45,76,186,50,357,34,100,134,491
12/10/2010,ICT,KS,ACE,CE,Combined TRACON& Tower with Radar,45,77,139,62,323,0,7,55,0,62,45,84,194,62,385,68,94,162,547
12/11/2010,ICT,KS,ACE,CE,Combined TRACON& Tower with Radar,32,39,47,0,118,0,3,19,0,22,32,42,66,0,140,8,0,8,148
12/12/2010,ICT,KS,ACE,CE,Combined TRACON& Tower with Radar,41,44,69,12,166,0,3,25,0,28,41,47,94,12,194,28,8,36,230
12/13/2010,ICT,KS,ACE,CE,Combined TRACON& Tower with Radar,43,54,113,64,274,1,1,55,1,58,44,55,168,65,332,122,82,204,536
12/14/2010,ICT,KS,ACE,CE,Combined TRACON& Tower with Radar,45,62,145,52,304,0,4,62,0,66,45,66,207,52,370,104,36,140,510
12/15/2010,ICT,KS,ACE,CE,Combined TRACON& Tower with Radar,40,74,131,36,281,0,1,10,0,11,40,75,141,36,292,114,54,168,460
12/16/2010,ICT,KS,ACE,CE,Combined TRACON& Tower with Radar,48,86,150,67,351,3,5,66,0,74,51,91,216,67,425,234,106,340,765
12/17/2010,ICT,KS,ACE,CE,Combined TRACON& Tower with Radar,52,89,163,39,343,0,6,41,0,47,52,95,204,39,390,144,48,192,582
12/18/2010,ICT,KS,ACE,CE,Combined TRACON& Tower with Radar,31,58,84,0,173,0,3,26,0,29,31,61,110,0,202,60,0,60,262
12/19/2010,ICT,KS,ACE,CE,Combined TRACON& Tower with Radar,35,52,69,2,158,0,3,36,0,39,35,55,105,2,197,44,0,44,241
12/20/2010,ICT,KS,ACE,CE,Combined TRACON& Tower with Radar,38,69,111,85,303,0,7,72,0,79,38,76,183,85,382,132,142,274,656
12/21/2010,ICT,KS,ACE,CE,Combined TRACON& Tower with Radar,45,76,139,87,347,1,4,36,0,41,46,80,175,87,388,74,138,212,600
12/22/2010,ICT,KS,ACE,CE,Combined TRACON& Tower with Radar,40,71,108,83,302,0,5,49,4,58,40,76,157,87,360,82,84,166,526
12/23/2010,ICT,KS,ACE,CE,Combined TRACON& Tower with Radar,46,62,100,0,208,0,7,14,0,21,46,69,114,0,229,118,0,118,347
12/24/2010,ICT,KS,ACE,CE,Combined TRACON& Tower with Radar,35,53,18,0,106,0,0,10,0,10,35,53,28,0,116,20,0,20,136
12/25/2010,ICT,KS,ACE,CE,Combined TRACON& Tower with Radar,29,31,6,0,66,0,0,9,0,9,29,31,15,0,75,0,0,0,75
12/26/2010,ICT,KS,ACE,CE,Combined TRACON& Tower with Radar,37,46,47,0,130,0,4,13,0,17,37,50,60,0,147,28,0,28,175
12/27/2010,ICT,KS,ACE,CE,Combined TRACON& Tower with Radar,41,65,72,2,180,0,8,30,0,38,41,73,102,2,218,40,0,40,258
12/28/2010,ICT,KS,ACE,CE,Combined TRACON& Tower with Radar,40,73,88,0,201,0,5,44,0,49,40,78,132,0,250,52,0,52,302
12/29/2010,ICT,KS,ACE,CE,Combined TRACON& Tower with Radar,40,80,59,0,179,0,0,0,0,0,40,80,59,0,179,10,0,10,189
12/30/2010,ICT,KS,ACE,CE,Combined TRACON& Tower with Radar,42,88,51,0,181,0,3,14,0,17,42,91,65,0,198,46,0,46,244
12/31/2010,ICT,KS,ACE,CE,Combined TRACON& Tower with Radar,37,67,21,0,125,0,1,7,0,8,37,68,28,0,133,32,0,32,165
01/01/2011,ICT,KS,ACE,CE,Combined TRACON& Tower with Radar,31,39,34,0,104,0,4,18,0,22,31,43,52,0,126,0,0,0,126
01/02/2011,ICT,KS,ACE,CE,Combined TRACON& Tower with Radar,42,51,88,0,181,0,3,34,0,37,42,54,122,0,218,36,0,36,254
01/03/2011,ICT,KS,ACE,CE,Combined TRACON& Tower with Radar,40,60,78,11,189,0,4,28,1,33,40,64,106,12,222,66,8,74,296
01/04/2011,ICT,KS,ACE,CE,Combined TRACON& Tower with Radar,39,76,94,2,211,0,2,49,0,51,39,78,143,2,262,68,24,92,354
01/05/2011,ICT,KS,ACE,CE,Combined TRACON& Tower with Radar,37,71,112,69,289,0,3,50,0,53,37,74,162,69,342,70,92,162,504
01/06/2011,ICT,KS,ACE,CE,Combined TRACON& Tower with Radar,40,81,107,41,269,0,7,54,0,61,40,88,161,41,330,52,42,94,424
01/07/2011,ICT,KS,ACE,CE,Combined TRACON& Tower with Radar,41,74,82,63,260,0,2,40,3,45,41,76,122,66,305,56,112,168,473
01/08/2011,ICT,KS,ACE,CE,Combined TRACON& Tower with Radar,24,46,85,12,167,0,4,42,0,46,24,50,127,12,213,68,12,80,293
01/09/2011,ICT,KS,ACE,CE,Combined TRACON& Tower with Radar,31,54,44,1,130,0,0,10,0,10,31,54,54,1,140,0,0,0,140
01/10/2011,ICT,KS,ACE,CE,Combined TRACON& Tower with Radar,22,58,33,3,116,0,2,0,0,2,22,60,33,3,118,0,0,0,118
01/11/2011,ICT,KS,ACE,CE,Combined TRACON& Tower with Radar,25,72,77,0,174,0,6,26,0,32,25,78,103,0,206,32,0,32,238
01/12/2011,ICT,KS,ACE,CE,Combined TRACON& Tower with Radar,49,73,86,49,257,5,4,32,0,41,54,77,118,49,298,74,52,126,424
01/13/2011,ICT,KS,ACE,CE,Combined TRACON& Tower with Radar,40,77,106,47,270,0,3,35,1,39,40,80,141,48,309,54,38,92,401
01/14/2011,ICT,KS,ACE,CE,Combined TRACON& Tower with Radar,43,78,143,44,308,0,8,52,4,64,43,86,195,48,372,120,36,156,528
01/15/2011,ICT,KS,ACE,CE,Combined TRACON& Tower with Radar,29,55,65,4,153,0,2,33,0,35,29,57,98,4,188,90,28,118,306
01/16/2011,ICT,KS,ACE,CE,Combined TRACON& Tower with Radar,35,47,36,6,124,0,3,15,0,18,35,50,51,6,142,34,6,40,182
01/17/2011,ICT,KS,ACE,CE,Combined TRACON& Tower with Radar,36,67,68,0,171,0,5,6,0,11,36,72,74,0,182,16,0,16,198
01/18/2011,ICT,KS,ACE,CE,Combined TRACON& Tower with Radar,36,78,113,66,293,0,2,7,0,9,36,80,120,66,302,30,118,148,450
01/19/2011,ICT,KS,ACE,CE,Combined TRACON& Tower with Radar,35,52,63,0,150,0,0,1,0,1,35,52,64,0,151,6,0,6,157
01/20/2011,ICT,KS,ACE,CE,Combined TRACON& Tower with Radar,48,82,84,8,222,1,3,25,0,29,49,85,109,8,251,34,8,42,293
01/21/2011,ICT,KS,ACE,CE,Combined TRACON& Tower with Radar,39,68,115,17,239,1,3,40,1,45,40,71,155,18,284,104,12,116,400
01/22/2011,ICT,KS,ACE,CE,Combined TRACON& Tower with Radar,23,58,69,0,150,0,7,34,0,41,23,65,103,0,191,76,0,76,267
01/23/2011,ICT,KS,ACE,CE,Combined TRACON& Tower with Radar,38,55,38,2,133,0,5,7,0,12,38,60,45,2,145,40,0,40,185
01/24/2011,ICT,KS,ACE,CE,Combined TRACON& Tower with Radar,35,85,125,100,345,0,7,38,3,48,35,92,163,103,393,102,128,230,623
01/25/2011,ICT,KS,ACE,CE,Combined TRACON& Tower with Radar,37,81,106,106,330,0,12,45,3,60,37,93,151,109,390,90,144,234,624
01/26/2011,ICT,KS,ACE,CE,Combined TRACON& Tower with Radar,42,75,129,63,309,1,4,48,0,53,43,79,177,63,362,78,58,136,498
01/27/2011,ICT,KS,ACE,CE,Combined TRACON& Tower with Radar,35,69,143,35,282,0,0,72,1,73,35,69,215,36,355,180,64,244,599
01/28/2011,ICT,KS,ACE,CE,Combined TRACON& Tower with Radar,39,81,139,44,303,1,4,62,6,73,40,85,201,50,376,212,110,322,698
01/29/2011,ICT,KS,ACE,CE,Combined TRACON& Tower with Radar,25,44,82,5,156,0,2,53,0,55,25,46,135,5,211,130,0,130,341
01/30/2011,ICT,KS,ACE,CE,Combined TRACON& Tower with Radar,35,54,77,5,171,0,1,12,0,13,35,55,89,5,184,10,4,14,198
01/31/2011,ICT,KS,ACE,CE,Combined TRACON& Tower with Radar,30,64,47,0,141,0,0,0,0,0,30,64,47,0,141,0,0,0,141
02/01/2011,ICT,KS,ACE,CE,Combined TRACON& Tower with Radar,12,13,12,0,37,0,0,0,0,0,12,13,12,0,37,0,0,0,37
02/02/2011,ICT,KS,ACE,CE,Combined TRACON& Tower with Radar,34,60,96,0,190,0,3,20,0,23,34,63,116,0,213,42,0,42,255
02/03/2011,ICT,KS,ACE,CE,Combined TRACON& Tower with Radar,41,57,129,12,239,0,9,55,0,64,41,66,184,12,303,98,12,110,413
02/04/2011,ICT,KS,ACE,CE,Combined TRACON& Tower with Radar,39,72,139,88,338,0,4,51,3,58,39,76,190,91,396,162,198,360,756
02/05/2011,ICT,KS,ACE,CE,Combined TRACON& Tower with Radar,32,47,73,4,156,0,5,46,1,52,32,52,119,5,208,126,4,130,338
02/06/2011,ICT,KS,ACE,CE,Combined TRACON& Tower with Radar,31,51,21,9,112,0,7,4,0,11,31,58,25,9,123,8,2,10,133
02/07/2011,ICT,KS,ACE,CE,Combined TRACON& Tower with Radar,36,69,101,10,216,0,2,29,3,34,36,71,130,13,250,44,6,50,300
02/08/2011,ICT,KS,ACE,CE,Combined TRACON& Tower with Radar,31,64,36,1,132,0,0,0,0,0,31,64,36,1,132,0,0,0,132
02/09/2011,ICT,KS,ACE,CE,Combined TRACON& Tower with Radar,17,29,37,0,83,0,1,6,0,7,17,30,43,0,90,16,0,16,106
02/10/2011,ICT,KS,ACE,CE,Combined TRACON& Tower with Radar,39,84,111,6,240,0,6,52,0,58,39,90,163,6,298,46,0,46,344
02/11/2011,ICT,KS,ACE,CE,Combined TRACON& Tower with Radar,43,70,127,28,268,0,2,63,0,65,43,72,190,28,333,166,42,208,541
02/12/2011,ICT,KS,ACE,CE,Combined TRACON& Tower with Radar,26,55,75,3,159,0,0,47,0,47,26,55,122,3,206,120,8,128,334
02/13/2011,ICT,KS,ACE,CE,Combined TRACON& Tower with Radar,34,56,76,2,168,10,5,49,0,64,44,61,125,2,232,90,2,92,324
02/14/2011,ICT,KS,ACE,CE,Combined TRACON& Tower with Radar,36,76,111,68,291,17,18,68,0,103,53,94,179,68,394,80,84,164,558
02/15/2011,ICT,KS,ACE,CE,Combined TRACON& Tower with Radar,35,77,116,89,317,0,4,27,0,31,35,81,143,89,348,70,80,150,498
02/16/2011,ICT,KS,ACE,CE,Combined TRACON& Tower with Radar,42,72,111,55,280,0,2,36,0,38,42,74,147,55,318,100,72,172,490
02/17/2011,ICT,KS,ACE,CE,Combined TRACON& Tower with Radar,43,77,105,65,290,0,5,33,2,40,43,82,138,67,330,66,102,168,498
02/18/2011,ICT,KS,ACE,CE,Combined TRACON& Tower with Radar,48,75,128,87,338,0,8,65,0,73,48,83,193,87,411,194,244,438,849
02/19/2011,ICT,KS,ACE,CE,Combined TRACON& Tower with Radar,31,50,79,4,164,0,4,19,0,23,31,54,98,4,187,30,0,30,217
02/20/2011,ICT,KS,ACE,CE,Combined TRACON& Tower with Radar,41,45,66,15,167,0,4,9,0,13,41,49,75,15,180,18,16,34,214
02/21/2011,ICT,KS,ACE,CE,Combined TRACON& Tower with Radar,47,57,83,17,204,0,8,40,3,51,47,65,123,20,255,54,72,126,381
02/22/2011,ICT,KS,ACE,CE,Combined TRACON& Tower with Radar,44,62,141,56,303,0,2,71,10,83,44,64,212,66,386,114,102,216,602
02/23/2011,ICT,KS,ACE,CE,Combined TRACON& Tower with Radar,45,73,146,93,357,0,3,71,47,121,45,76,217,140,478,88,148,236,714
02/24/2011,ICT,KS,ACE,CE,Combined TRACON& Tower with Radar,45,82,69,0,196,0,2,0,0,2,45,84,69,0,198,0,0,0,198
02/25/2011,ICT,KS,ACE,CE,Combined TRACON& Tower with Radar,48,64,105,20,237,0,0,2,0,2,48,64,107,20,239,6,0,6,245
02/26/2011,ICT,KS,ACE,CE,Combined TRACON& Tower with Radar,36,50,58,1,145,0,0,1,0,1,36,50,59,1,146,0,0,0,146
02/27/2011,ICT,KS,ACE,CE,Combined TRACON& Tower with Radar,35,43,40,2,120,0,0,0,0,0,35,43,40,2,120,0,0,0,120
02/28/2011,ICT,KS,ACE,CE,Combined TRACON& Tower with Radar,45,68,133,101,347,0,10,70,6,86,45,78,203,107,433,112,152,264,697
03/01/2011,ICT,KS,ACE,CE,Combined TRACON& Tower with Radar,48,75,120,31,274,0,4,42,0,46,48,79,162,31,320,52,26,78,398
03/02/2011,ICT,KS,ACE,CE,Combined TRACON& Tower with Radar,45,72,140,56,313,0,4,36,0,40,45,76,176,56,353,100,68,168,521
03/03/2011,ICT,KS,ACE,CE,Combined TRACON& Tower with Radar,46,66,153,68,333,0,2,49,0,51,46,68,202,68,384,76,100,176,560
03/04/2011,ICT,KS,ACE,CE,Combined TRACON& Tower with Radar,47,71,124,23,265,0,1,19,0,20,47,72,143,23,285,92,40,132,417
03/05/2011,ICT,KS,ACE,CE,Combined TRACON& Tower with Radar,37,51,82,9,179,0,5,48,1,54,37,56,130,10,233,198,26,224,457
03/06/2011,ICT,KS,ACE,CE,Combined TRACON& Tower with Radar,37,62,82,53,234,0,0,45,1,46,37,62,127,54,280,84,70,154,434
03/07/2011,ICT,KS,ACE,CE,Combined TRACON& Tower with Radar,45,73,102,24,244,0,3,30,1,34,45,76,132,25,278,82,42,124,402
03/08/2011,ICT,KS,ACE,CE,Combined TRACON& Tower with Radar,45,66,110,10,231,0,0,0,0,0,45,66,110,10,231,10,6,16,247
03/09/2011,ICT,KS,ACE,CE,Combined TRACON& Tower with Radar,55,81,131,56,323,0,1,30,1,32,55,82,161,57,355,66,66,132,487
03/10/2011,ICT,KS,ACE,CE,Combined TRACON& Tower with Radar,48,77,138,63,326,0,10,74,0,84,48,87,212,63,410,100,100,200,610
03/11/2011,ICT,KS,ACE,CE,Combined TRACON& Tower with Radar,47,79,112,74,312,0,6,45,5,56,47,85,157,79,368,134,186,320,688
03/12/2011,ICT,KS,ACE,CE,Combined TRACON& Tower with Radar,34,47,97,6,184,0,4,64,2,70,34,51,161,8,254,74,0,74,328
03/13/2011,ICT,KS,ACE,CE,Combined TRACON& Tower with Radar,35,55,54,12,156,0,0,13,0,13,35,55,67,12,169,14,12,26,195
03/14/2011,ICT,KS,ACE,CE,Combined TRACON& Tower with Radar,45,71,88,22,226,0,2,25,0,27,45,73,113,22,253,22,50,72,325
03/15/2011,ICT,KS,ACE,CE,Combined TRACON& Tower with Radar,46,73,126,79,324,0,1,61,0,62,46,74,187,79,386,92,64,156,542
03/16/2011,ICT,KS,ACE,CE,Combined TRACON& Tower with Radar,47,74,137,76,334,0,4,58,0,62,47,78,195,76,396,172,124,296,692
03/17/2011,ICT,KS,ACE,CE,Combined TRACON& Tower with Radar,47,82,109,81,319,0,7,40,3,50,47,89,149,84,369,60,72,132,501
03/18/2011,ICT,KS,ACE,CE,Combined TRACON& Tower with Radar,60,68,131,93,352,0,0,36,0,36,60,68,167,93,388,96,168,264,652
03/19/2011,ICT,KS,ACE,CE,Combined TRACON& Tower with Radar,32,37,35,1,105,0,0,0,0,0,32,37,35,1,105,10,2,12,117
03/20/2011,ICT,KS,ACE,CE,Combined TRACON& Tower with Radar,43,56,74,12,185,0,0,38,0,38,43,56,112,12,223,50,18,68,291
03/21/2011,ICT,KS,ACE,CE,Combined TRACON& Tower with Radar,50,58,116,133,357,0,6,28,0,34,50,64,144,133,391,50,180,230,621
03/22/2011,ICT,KS,ACE,CE,Combined TRACON& Tower with Radar,44,60,100,42,246,0,3,24,0,27,44,63,124,42,273,28,68,96,369
03/23/2011,ICT,KS,ACE,CE,Combined TRACON& Tower with Radar,55,74,107,86,322,0,3,40,4,47,55,77,147,90,369,72,132,204,573
03/24/2011,ICT,KS,ACE,CE,Combined TRACON& Tower with Radar,50,72,122,60,304,1,4,67,0,72,51,76,189,60,376,90,106,196,572
03/25/2011,ICT,KS,ACE,CE,Combined TRACON& Tower with Radar,51,75,116,28,270,0,8,41,1,50,51,83,157,29,320,44,16,60,380
03/26/2011,ICT,KS,ACE,CE,Combined TRACON& Tower with Radar,33,45,45,0,123,0,0,2,0,2,33,45,47,0,125,4,0,4,129
03/27/2011,ICT,KS,ACE,CE,Combined TRACON& Tower with Radar,47,60,44,9,160,0,0,0,0,0,47,60,44,9,160,30,8,38,198
03/28/2011,ICT,KS,ACE,CE,Combined TRACON& Tower with Radar,47,62,82,30,221,0,0,5,0,5,47,62,87,30,226,26,54,80,306
03/29/2011,ICT,KS,ACE,CE,Combined TRACON& Tower with Radar,42,78,112,37,269,0,2,10,1,13,42,80,122,38,282,52,8,60,342
03/30/2011,ICT,KS,ACE,CE,Combined TRACON& Tower with Radar,51,76,143,42,312,0,8,32,0,40,51,84,175,42,352,180,58,238,590
03/31/2011,ICT,KS,ACE,CE,Combined TRACON& Tower with Radar,46,79,119,52,296,0,4,35,0,39,46,83,154,52,335,70,60,130,465
04/01/2011,ICT,KS,ACE,CE,Combined TRACON& Tower with Radar,51,68,150,39,308,0,3,69,0,72,51,71,219,39,380,150,68,218,598
04/02/2011,ICT,KS,ACE,CE,Combined TRACON& Tower with Radar,34,47,77,3,161,1,5,46,1,53,35,52,123,4,214,38,2,40,254
04/03/2011,ICT,KS,ACE,CE,Combined TRACON& Tower with Radar,41,47,62,0,150,1,6,5,0,12,42,53,67,0,162,2,0,2,164
04/04/2011,ICT,KS,ACE,CE,Combined TRACON& Tower with Radar,37,61,62,89,249,0,2,11,1,14,37,63,73,90,263,14,154,168,431
04/05/2011,ICT,KS,ACE,CE,Combined TRACON& Tower with Radar,39,71,109,43,262,0,1,31,1,33,39,72,140,44,295,18,74,92,387
04/06/2011,ICT,KS,ACE,CE,Combined TRACON& Tower with Radar,37,69,124,45,275,0,1,56,2,59,37,70,180,47,334,78,98,176,510
04/07/2011,ICT,KS,ACE,CE,Combined TRACON& Tower with Radar,42,69,137,46,294,0,3,45,0,48,42,72,182,46,342,142,44,186,528
04/08/2011,ICT,KS,ACE,CE,Combined TRACON& Tower with Radar,42,59,130,26,257,0,12,60,1,73,42,71,190,27,330,172,64,236,566
04/09/2011,ICT,KS,ACE,CE,Combined TRACON& Tower with Radar,27,46,78,3,154,0,1,39,0,40,27,47,117,3,194,48,0,48,242
04/10/2011,ICT,KS,ACE,CE,Combined TRACON& Tower with Radar,34,67,43,3,147,0,1,12,0,13,34,68,55,3,160,8,0,8,168
04/11/2011,ICT,KS,ACE,CE,Combined TRACON& Tower with Radar,39,70,106,50,265,0,2,36,2,40,39,72,142,52,305,72,94,166,471
04/12/2011,ICT,KS,ACE,CE,Combined TRACON& Tower with Radar,39,64,146,80,329,0,11,68,3,82,39,75,214,83,411,138,156,294,705
04/13/2011,ICT,KS,ACE,CE,Combined TRACON& Tower with Radar,38,78,106,61,283,0,6,35,3,44,38,84,141,64,327,54,96,150,477
04/14/2011,ICT,KS,ACE,CE,Combined TRACON& Tower with Radar,40,74,106,53,273,0,3,25,1,29,40,77,131,54,302,28,68,96,398
04/15/2011,ICT,KS,ACE,CE,Combined TRACON& Tower with Radar,46,72,58,0,176,0,3,3,0,6,46,75,61,0,182,6,0,6,188
04/16/2011,ICT,KS,ACE,CE,Combined TRACON& Tower with Radar,30,51,88,0,169,0,6,61,0,67,30,57,149,0,236,74,0,74,310
04/17/2011,ICT,KS,ACE,CE,Combined TRACON& Tower with Radar,33,59,47,3,142,0,7,19,0,26,33,66,66,3,168,54,0,54,222
04/18/2011,ICT,KS,ACE,CE,Combined TRACON& Tower with Radar,36,70,109,55,270,0,5,41,2,48,36,75,150,57,318,74,80,154,472
04/19/2011,ICT,KS,ACE,CE,Combined TRACON& Tower with Radar,49,68,103,76,296,4,7,14,0,25,53,75,117,76,321,62,76,138,459
04/20/2011,ICT,KS,ACE,CE,Combined TRACON& Tower with Radar,42,81,132,99,354,0,2,54,1,57,42,83,186,100,411,76,144,220,631
04/21/2011,ICT,KS,ACE,CE,Combined TRACON& Tower with Radar,39,88,120,22,269,0,2,20,1,23,39,90,140,23,292,34,18,52,344
04/22/2011,ICT,KS,ACE,CE,Combined TRACON& Tower with Radar,40,70,57,9,176,4,2,37,2,45,44,72,94,11,221,50,8,58,279
04/23/2011,ICT,KS,ACE,CE,Combined TRACON& Tower with Radar,28,42,45,2,117,0,9,70,0,79,28,51,115,2,196,112,0,112,308
04/24/2011,ICT,KS,ACE,CE,Combined TRACON& Tower with Radar,50,51,37,0,138,0,4,8,0,12,50,55,45,0,150,0,0,0,150
04/25/2011,ICT,KS,ACE,CE,Combined TRACON& Tower with Radar,38,61,83,5,187,0,0,2,0,2,38,61,85,5,189,22,8,30,219
04/26/2011,ICT,KS,ACE,CE,Combined TRACON& Tower with Radar,38,69,96,91,294,0,6,84,18,108,38,75,180,109,402,120,124,244,646
04/27/2011,ICT,KS,ACE,CE,Combined TRACON& Tower with Radar,41,83,97,38,259,0,4,32,0,36,41,87,129,38,295,38,44,82,377
04/28/2011,ICT,KS,ACE,CE,Combined TRACON& Tower with Radar,45,84,111,57,297,0,7,147,1,155,45,91,258,58,452,84,60,144,596
04/29/2011,ICT,KS,ACE,CE,Combined TRACON& Tower with Radar,38,77,80,37,232,1,4,66,1,72,39,81,146,38,304,34,46,80,384
04/30/2011,ICT,KS,ACE,CE,Combined TRACON& Tower with Radar,28,48,57,8,141,0,8,59,2,69,28,56,116,10,210,50,8,58,268
05/01/2011,ICT,KS,ACE,CE,Combined TRACON& Tower with Radar,41,56,56,44,197,0,2,28,0,30,41,58,84,44,227,134,28,162,389
05/02/2011,ICT,KS,ACE,CE,Combined TRACON& Tower with Radar,40,84,106,58,288,0,3,87,0,90,40,87,193,58,378,50,72,122,500
05/03/2011,ICT,KS,ACE,CE,Combined TRACON& Tower with Radar,38,77,103,68,286,0,5,97,1,103,38,82,200,69,389,112,110,222,611
05/04/2011,ICT,KS,ACE,CE,Combined TRACON& Tower with Radar,40,83,105,78,306,11,4,64,0,79,51,87,169,78,385,72,104,176,561
05/05/2011,ICT,KS,ACE,CE,Combined TRACON& Tower with Radar,42,82,101,52,277,0,5,114,0,119,42,87,215,52,396,46,42,88,484
05/06/2011,ICT,KS,ACE,CE,Combined TRACON& Tower with Radar,42,75,109,48,274,2,7,91,0,100,44,82,200,48,374,104,32,136,510
05/07/2011,ICT,KS,ACE,CE,Combined TRACON& Tower with Radar,28,48,73,13,162,0,5,104,1,110,28,53,177,14,272,92,12,104,376
05/08/2011,ICT,KS,ACE,CE,Combined TRACON& Tower with Radar,38,48,48,34,168,0,4,28,0,32,38,52,76,34,200,60,58,118,318
05/09/2011,ICT,KS,ACE,CE,Combined TRACON& Tower with Radar,36,65,99,46,246,0,2,45,0,47,36,67,144,46,293,28,28,56,349
05/10/2011,ICT,KS,ACE,CE,Combined TRACON& Tower with Radar,36,79,84,77,276,0,1,57,2,60,36,80,141,79,336,64,96,160,496
05/11/2011,ICT,KS,ACE,CE,Combined TRACON& Tower with Radar,41,77,112,5,235,0,4,35,0,39,41,81,147,5,274,24,22,46,320
05/12/2011,ICT,KS,ACE,CE,Combined TRACON& Tower with Radar,46,81,120,81,328,0,2,85,1,88,46,83,205,82,416,54,86,140,556
05/13/2011,ICT,KS,ACE,CE,Combined TRACON& Tower with Radar,43,70,79,30,222,0,2,14,0,16,43,72,93,30,238,16,18,34,272
05/14/2011,ICT,KS,ACE,CE,Combined TRACON& Tower with Radar,24,56,59,0,139,0,11,56,0,67,24,67,115,0,206,60,0,60,266
05/15/2011,ICT,KS,ACE,CE,Combined TRACON& Tower with Radar,31,53,43,15,142,0,2,30,1,33,31,55,73,16,175,60,32,92,267
05/16/2011,ICT,KS,ACE,CE,Combined TRACON& Tower with Radar,36,70,105,33,244,2,10,124,2,138,38,80,229,35,382,84,32,116,498
05/17/2011,ICT,KS,ACE,CE,Combined TRACON& Tower with Radar,42,77,89,44,252,0,2,133,9,144,42,79,222,53,396,204,88,292,688
05/18/2011,ICT,KS,ACE,CE,Combined TRACON& Tower with Radar,40,70,97,64,271,0,1,16,0,17,40,71,113,64,288,34,96,130,418
05/19/2011,ICT,KS,ACE,CE,Combined TRACON& Tower with Radar,40,85,92,6,223,0,1,15,0,16,40,86,107,6,239,26,18,44,283
05/20/2011,ICT,KS,ACE,CE,Combined TRACON& Tower with Radar,40,64,74,60,238,0,2,10,0,12,40,66,84,60,250,36,64,100,350
05/21/2011,ICT,KS,ACE,CE,Combined TRACON& Tower with Radar,28,55,46,1,130,6,5,46,0,57,34,60,92,1,187,110,0,110,297
05/22/2011,ICT,KS,ACE,CE,Combined TRACON& Tower with Radar,39,49,44,13,145,0,4,47,0,51,39,53,91,13,196,58,8,66,262
05/23/2011,ICT,KS,ACE,CE,Combined TRACON& Tower with Radar,46,77,95,9,227,0,20,46,1,67,46,97,141,10,294,140,26,166,460
05/24/2011,ICT,KS,ACE,CE,Combined TRACON& Tower with Radar,43,65,81,33,222,1,3,18,0,22,44,68,99,33,244,38,28,66,310
05/25/2011,ICT,KS,ACE,CE,Combined TRACON& Tower with Radar,41,79,107,4,231,0,0,10,0,10,41,79,117,4,241,34,0,34,275
05/26/2011,ICT,KS,ACE,CE,Combined TRACON& Tower with Radar,36,78,92,80,286,0,2,135,0,137,36,80,227,80,423,114,94,208,631
05/27/2011,ICT,KS,ACE,CE,Combined TRACON& Tower with Radar,54,82,118,68,322,0,6,50,0,56,54,88,168,68,378,118,88,206,584
05/28/2011,ICT,KS,ACE,CE,Combined TRACON& Tower with Radar,28,53,22,0,103,0,0,1,0,1,28,53,23,0,104,30,0,30,134
05/29/2011,ICT,KS,ACE,CE,Combined TRACON& Tower with Radar,32,38,15,3,88,0,6,19,1,26,32,44,34,4,114,0,0,0,114
05/30/2011,ICT,KS,ACE,CE,Combined TRACON& Tower with Radar,41,53,31,0,125,0,10,12,0,22,41,63,43,0,147,4,0,4,151
05/31/2011,ICT,KS,ACE,CE,Combined TRACON& Tower with Radar,37,73,73,81,264,0,5,133,1,139,37,78,206,82,403,126,96,222,625
06/01/2011,ICT,KS,ACE,CE,Combined TRACON& Tower with Radar,44,70,85,43,242,0,3,58,1,62,44,73,143,44,304,76,72,148,452
06/02/2011,ICT,KS,ACE,CE,Combined TRACON& Tower with Radar,40,74,74,120,308,0,7,68,2,77,40,81,142,122,385,72,126,198,583
06/03/2011,ICT,KS,ACE,CE,Combined TRACON& Tower with Radar,46,83,83,54,266,0,7,68,1,76,46,90,151,55,342,28,40,68,410
06/04/2011,ICT,KS,ACE,CE,Combined TRACON& Tower with Radar,32,52,31,0,115,0,12,71,0,83,32,64,102,0,198,24,0,24,222
06/05/2011,ICT,KS,ACE,CE,Combined TRACON& Tower with Radar,37,62,54,22,175,0,7,66,4,77,37,69,120,26,252,80,38,118,370
06/06/2011,ICT,KS,ACE,CE,Combined TRACON& Tower with Radar,41,71,71,92,275,0,6,79,0,85,41,77,150,92,360,78,112,190,550
06/07/2011,ICT,KS,ACE,CE,Combined TRACON& Tower with Radar,40,75,85,127,327,0,2,52,0,54,40,77,137,127,381,102,190,292,673
06/08/2011,ICT,KS,ACE,CE,Combined TRACON& Tower with Radar,44,81,97,142,364,2,10,57,0,69,46,91,154,142,433,68,178,246,679
06/09/2011,ICT,KS,ACE,CE,Combined TRACON& Tower with Radar,46,57,85,26,214,0,4,66,0,70,46,61,151,26,284,34,22,56,340
06/10/2011,ICT,KS,ACE,CE,Combined TRACON& Tower with Radar,49,77,111,34,271,2,9,86,0,97,51,86,197,34,368,40,48,88,456
06/11/2011,ICT,KS,ACE,CE,Combined TRACON& Tower with Radar,30,51,51,0,132,0,10,67,0,77,30,61,118,0,209,86,0,86,295
06/12/2011,ICT,KS,ACE,CE,Combined TRACON& Tower with Radar,38,58,49,29,174,0,5,27,2,34,38,63,76,31,208,20,38,58,266
06/13/2011,ICT,KS,ACE,CE,Combined TRACON& Tower with Radar,43,79,78,71,271,0,2,57,0,59,43,81,135,71,330,108,84,192,522
06/14/2011,ICT,KS,ACE,CE,Combined TRACON& Tower with Radar,50,93,111,44,298,0,3,78,3,84,50,96,189,47,382,82,36,118,500
06/15/2011,ICT,KS,ACE,CE,Combined TRACON& Tower with Radar,48,63,135,94,340,5,6,122,0,133,53,69,257,94,473,144,186,330,803
06/16/2011,ICT,KS,ACE,CE,Combined TRACON& Tower with Radar,49,76,91,63,279,4,0,44,2,50,53,76,135,65,329,72,78,150,479
06/17/2011,ICT,KS,ACE,CE,Combined TRACON& Tower with Radar,50,81,107,50,288,0,8,69,0,77,50,89,176,50,365,136,46,182,547
06/18/2011,ICT,KS,ACE,CE,Combined TRACON& Tower with Radar,31,60,43,0,134,0,19,122,0,141,31,79,165,0,275,164,0,164,439
06/19/2011,ICT,KS,ACE,CE,Combined TRACON& Tower with Radar,44,54,35,0,133,0,2,29,0,31,44,56,64,0,164,14,0,14,178
06/20/2011,ICT,KS,ACE,CE,Combined TRACON& Tower with Radar,45,68,71,36,220,5,7,25,0,37,50,75,96,36,257,22,52,74,331
06/21/2011,ICT,KS,ACE,CE,Combined TRACON& Tower with Radar,41,78,93,48,260,0,3,58,5,66,41,81,151,53,326,72,22,94,420
06/22/2011,ICT,KS,ACE,CE,Combined TRACON& Tower with Radar,43,73,98,54,268,0,8,116,1,125,43,81,214,55,393,126,84,210,603
06/23/2011,ICT,KS,ACE,CE,Combined TRACON& Tower with Radar,49,89,81,39,258,7,12,119,0,138,56,101,200,39,396,100,22,122,518
06/24/2011,ICT,KS,ACE,CE,Combined TRACON& Tower with Radar,59,77,75,35,246,20,12,85,0,117,79,89,160,35,363,120,40,160,523
06/25/2011,ICT,KS,ACE,CE,Combined TRACON& Tower with Radar,29,56,55,1,141,0,8,90,0,98,29,64,145,1,239,122,0,122,361
06/26/2011,ICT,KS,ACE,CE,Combined TRACON& Tower with Radar,42,61,55,0,158,0,5,39,0,44,42,66,94,0,202,40,0,40,242
06/27/2011,ICT,KS,ACE,CE,Combined TRACON& Tower with Radar,41,71,100,55,267,1,6,71,0,78,42,77,171,55,345,88,80,168,513
06/28/2011,ICT,KS,ACE,CE,Combined TRACON& Tower with Radar,44,79,94,88,305,0,10,111,0,121,44,89,205,88,426,154,114,268,694
06/29/2011,ICT,KS,ACE,CE,Combined TRACON& Tower with Radar,48,76,106,113,343,0,17,87,0,104,48,93,193,113,447,132,260,392,839
06/30/2011,ICT,KS,ACE,CE,Combined TRACON& Tower with Radar,42,86,95,31,254,0,12,99,1,112,42,98,194,32,366,76,42,118,484
07/01/2011,ICT,KS,ACE,CE,Combined TRACON& Tower with Radar,43,70,85,2,200,0,6,98,0,104,43,76,183,2,304,70,4,74,378
07/02/2011,ICT,KS,ACE,CE,Combined TRACON& Tower with Radar,29,58,27,0,114,0,3,45,0,48,29,61,72,0,162,98,0,98,260
07/03/2011,ICT,KS,ACE,CE,Combined TRACON& Tower with Radar,31,30,16,0,77,0,0,31,0,31,31,30,47,0,108,20,0,20,128
07/04/2011,ICT,KS,ACE,CE,Combined TRACON& Tower with Radar,32,53,19,0,104,0,14,60,0,74,32,67,79,0,178,106,0,106,284
07/05/2011,ICT,KS,ACE,CE,Combined TRACON& Tower with Radar,33,76,62,110,281,0,12,77,3,92,33,88,139,113,373,48,183,231,604
07/06/2011,ICT,KS,ACE,CE,Combined TRACON& Tower with Radar,44,62,46,13,165,0,3,72,10,85,44,65,118,23,250,96,28,124,374
07/07/2011,ICT,KS,ACE,CE,Combined TRACON& Tower with Radar,39,77,53,33,202,0,6,75,0,81,39,83,128,33,283,114,38,152,435
07/08/2011,ICT,KS,ACE,CE,Combined TRACON& Tower with Radar,70,65,80,44,259,11,6,123,1,141,81,71,203,45,400,162,68,230,630
07/09/2011,ICT,KS,ACE,CE,Combined TRACON& Tower with Radar,36,58,34,2,130,0,2,67,4,73,36,60,101,6,203,106,0,106,309
07/10/2011,ICT,KS,ACE,CE,Combined TRACON& Tower with Radar,35,56,47,9,147,0,8,41,1,50,35,64,88,10,197,6,6,12,209
07/11/2011,ICT,KS,ACE,CE,Combined TRACON& Tower with Radar,44,68,57,109,278,0,15,45,3,63,44,83,102,112,341,28,82,110,451
07/12/2011,ICT,KS,ACE,CE,Combined TRACON& Tower with Radar,48,82,92,128,350,0,5,69,10,84,48,87,161,138,434,156,212,368,802
07/13/2011,ICT,KS,ACE,CE,Combined TRACON& Tower with Radar,50,65,97,126,338,8,8,84,4,104,58,73,181,130,442,60,118,178,620
07/14/2011,ICT,KS,ACE,CE,Combined TRACON& Tower with Radar,45,76,97,68,286,2,6,113,5,126,47,82,210,73,412,130,114,244,656
07/15/2011,ICT,KS,ACE,CE,Combined TRACON& Tower with Radar,50,73,101,67,291,0,2,98,4,104,50,75,199,71,395,58,118,176,571
07/16/2011,ICT,KS,ACE,CE,Combined TRACON& Tower with Radar,27,53,41,0,121,0,3,66,0,69,27,56,107,0,190,68,0,68,258
07/17/2011,ICT,KS,ACE,CE,Combined TRACON& Tower with Radar,39,57,51,10,157,0,7,39,0,46,39,64,90,10,203,34,10,44,247
07/18/2011,ICT,KS,ACE,CE,Combined TRACON& Tower with Radar,40,76,97,49,262,0,6,71,1,78,40,82,168,50,340,96,76,172,512
07/19/2011,ICT,KS,ACE,CE,Combined TRACON& Tower with Radar,42,88,102,62,294,0,14,61,2,77,42,102,163,64,371,66,68,134,505
07/20/2011,ICT,KS,ACE,CE,Combined TRACON& Tower with Radar,45,97,87,83,312,1,7,93,4,105,46,104,180,87,417,106,124,230,647
07/21/2011,ICT,KS,ACE,CE,Combined TRACON& Tower with Radar,43,81,107,51,282,0,8,87,2,97,43,89,194,53,379,88,66,154,533
07/22/2011,ICT,KS,ACE,CE,Combined TRACON& Tower with Radar,47,84,88,41,260,1,1,92,0,94,48,85,180,41,354,46,38,84,438
07/23/2011,ICT,KS,ACE,CE,Combined TRACON& Tower with Radar,29,49,44,0,122,0,4,61,0,65,29,53,105,0,187,56,2,58,245
07/24/2011,ICT,KS,ACE,CE,Combined TRACON& Tower with Radar,35,63,52,5,155,0,12,42,1,55,35,75,94,6,210,42,0,42,252
07/25/2011,ICT,KS,ACE,CE,Combined TRACON& Tower with Radar,42,76,70,22,210,0,6,81,0,87,42,82,151,22,297,108,34,142,439
07/26/2011,ICT,KS,ACE,CE,Combined TRACON& Tower with Radar,49,86,71,48,254,0,3,66,0,69,49,89,137,48,323,70,38,108,431
07/27/2011,ICT,KS,ACE,CE,Combined TRACON& Tower with Radar,50,85,86,65,286,5,0,62,2,69,55,85,148,67,355,40,80,120,475
07/28/2011,ICT,KS,ACE,CE,Combined TRACON& Tower with Radar,42,72,73,85,272,0,1,92,1,94,42,73,165,86,366,102,102,204,570
07/29/2011,ICT,KS,ACE,CE,Combined TRACON& Tower with Radar,44,67,69,35,215,0,4,56,0,60,44,71,125,35,275,40,40,80,355
07/30/2011,ICT,KS,ACE,CE,Combined TRACON& Tower with Radar,31,47,39,7,124,2,3,85,0,90,33,50,124,7,214,126,12,138,352
07/31/2011,ICT,KS,ACE,CE,Combined TRACON& Tower with Radar,38,74,64,12,188,0,12,41,1,54,38,86,105,13,242,48,10,58,300
08/01/2011,ICT,KS,ACE,CE,Combined TRACON& Tower with Radar,41,77,92,46,256,0,1,57,0,58,41,78,149,46,314,30,40,70,384
08/02/2011,ICT,KS,ACE,CE,Combined TRACON& Tower with Radar,43,80,85,68,276,0,11,83,1,95,43,91,168,69,371,92,138,230,601
08/03/2011,ICT,KS,ACE,CE,Combined TRACON& Tower with Radar,35,86,103,140,364,0,11,83,2,96,35,97,186,142,460,86,178,264,724
08/04/2011,ICT,KS,ACE,CE,Combined TRACON& Tower with Radar,47,79,113,86,325,0,5,91,0,96,47,84,204,86,421,119,147,266,687
08/05/2011,ICT,KS,ACE,CE,Combined TRACON& Tower with Radar,46,73,77,61,257,0,5,84,0,89,46,78,161,61,346,96,98,194,540
08/06/2011,ICT,KS,ACE,CE,Combined TRACON& Tower with Radar,28,49,50,2,129,0,9,55,0,64,28,58,105,2,193,38,0,38,231
08/07/2011,ICT,KS,ACE,CE,Combined TRACON& Tower with Radar,42,50,22,38,152,0,4,33,1,38,42,54,55,39,190,50,34,84,274
08/08/2011,ICT,KS,ACE,CE,Combined TRACON& Tower with Radar,37,76,93,42,248,0,5,37,0,42,37,81,130,42,290,46,54,100,390
08/09/2011,ICT,KS,ACE,CE,Combined TRACON& Tower with Radar,39,70,87,89,285,0,9,142,0,151,39,79,229,89,436,102,98,200,636
08/10/2011,ICT,KS,ACE,CE,Combined TRACON& Tower with Radar,40,66,68,35,209,0,1,53,2,56,40,67,121,37,265,49,40,89,354
08/11/2011,ICT,KS,ACE,CE,Combined TRACON& Tower with Radar,41,75,81,98,295,0,8,106,3,117,41,83,187,101,412,88,96,184,596
08/12/2011,ICT,KS,ACE,CE,Combined TRACON& Tower with Radar,44,81,62,94,281,0,5,51,0,56,44,86,113,94,337,58,84,142,479
08/13/2011,ICT,KS,ACE,CE,Combined TRACON& Tower with Radar,30,45,37,0,112,0,4,87,0,91,30,49,124,0,203,150,0,150,353
08/14/2011,ICT,KS,ACE,CE,Combined TRACON& Tower with Radar,38,54,44,15,151,0,5,71,0,76,38,59,115,15,227,82,22,104,331
08/15/2011,ICT,KS,ACE,CE,Combined TRACON& Tower with Radar,38,74,93,77,282,0,4,61,2,67,38,78,154,79,349,94,130,224,573
08/16/2011,ICT,KS,ACE,CE,Combined TRACON& Tower with Radar,41,79,97,97,314,0,2,77,1,80,41,81,174,98,394,98,128,226,620
08/17/2011,ICT,KS,ACE,CE,Combined TRACON& Tower with Radar,41,77,100,86,304,0,2,62,2,66,41,79,162,88,370,100,82,182,552
08/18/2011,ICT,KS,ACE,CE,Combined TRACON& Tower with Radar,43,89,93,42,267,0,7,94,0,101,43,96,187,42,368,114,30,144,512
08/19/2011,ICT,KS,ACE,CE,Combined TRACON& Tower with Radar,47,84,101,23,255,0,5,108,0,113,47,89,209,23,368,166,30,196,564
08/20/2011,ICT,KS,ACE,CE,Combined TRACON& Tower with Radar,26,48,56,4,134,0,1,53,0,54,26,49,109,4,188,56,8,64,252
08/21/2011,ICT,KS,ACE,CE,Combined TRACON& Tower with Radar,31,48,50,49,178,0,5,55,1,61,31,53,105,50,239,60,50,110,349
08/22/2011,ICT,KS,ACE,CE,Combined TRACON& Tower with Radar,42,68,115,44,269,0,0,59,1,60,42,68,174,45,329,82,46,128,457
08/23/2011,ICT,KS,ACE,CE,Combined TRACON& Tower with Radar,40,71,100,45,256,0,10,90,1,101,40,81,190,46,357,70,48,118,475
08/24/2011,ICT,KS,ACE,CE,Combined TRACON& Tower with Radar,41,74,95,92,302,0,4,100,1,105,41,78,195,93,407,59,46,105,512
08/25/2011,ICT,KS,ACE,CE,Combined TRACON& Tower with Radar,49,85,96,87,317,11,8,116,5,140,60,93,212,92,457,138,120,258,715
08/26/2011,ICT,KS,ACE,CE,Combined TRACON& Tower with Radar,48,70,70,59,247,4,20,113,2,139,52,90,183,61,386,96,76,172,558
08/27/2011,ICT,KS,ACE,CE,Combined TRACON& Tower with Radar,40,40,35,3,118,0,7,245,0,252,40,47,280,3,370,117,0,117,487
08/28/2011,ICT,KS,ACE,CE,Combined TRACON& Tower with Radar,34,60,37,5,136,0,4,79,0,83,34,64,116,5,219,50,0,50,269
08/29/2011,ICT,KS,ACE,CE,Combined TRACON& Tower with Radar,45,75,89,28,237,1,11,56,0,68,46,86,145,28,305,46,38,84,389
08/30/2011,ICT,KS,ACE,CE,Combined TRACON& Tower with Radar,38,79,97,28,242,0,3,64,0,67,38,82,161,28,309,68,52,120,429
08/31/2011,ICT,KS,ACE,CE,Combined TRACON& Tower with Radar,45,70,107,37,259,0,5,100,0,105,45,75,207,37,364,88,40,128,492
09/01/2011,ICT,KS,ACE,CE,Combined TRACON& Tower with Radar,42,73,75,115,305,0,12,74,6,92,42,85,149,121,397,76,104,180,577
09/02/2011,ICT,KS,ACE,CE,Combined TRACON& Tower with Radar,46,68,82,51,247,0,15,86,0,101,46,83,168,51,348,124,106,230,578
09/03/2011,ICT,KS,ACE,CE,Combined TRACON& Tower with Radar,29,42,41,0,112,0,4,51,0,55,29,46,92,0,167,88,0,88,255
09/04/2011,ICT,KS,ACE,CE,Combined TRACON& Tower with Radar,33,30,20,0,83,0,2,23,0,25,33,32,43,0,108,24,0,24,132
09/05/2011,ICT,KS,ACE,CE,Combined TRACON& Tower with Radar,35,54,37,0,126,0,8,61,3,72,35,62,98,3,198,12,0,12,210
09/06/2011,ICT,KS,ACE,CE,Combined TRACON& Tower with Radar,37,69,80,89,275,0,5,81,0,86,37,74,161,89,361,71,116,187,548
09/07/2011,ICT,KS,ACE,CE,Combined TRACON& Tower with Radar,46,68,120,81,315,0,9,102,4,115,46,77,222,85,430,96,82,178,608
09/08/2011,ICT,KS,ACE,CE,Combined TRACON& Tower with Radar,42,71,83,69,265,7,10,106,1,124,49,81,189,70,389,140,100,240,629
09/09/2011,ICT,KS,ACE,CE,Combined TRACON& Tower with Radar,47,70,114,113,344,0,12,79,2,93,47,82,193,115,437,98,154,252,689
09/10/2011,ICT,KS,ACE,CE,Combined TRACON& Tower with Radar,24,39,56,0,119,0,9,76,0,85,24,48,132,0,204,44,0,44,248
09/11/2011,ICT,KS,ACE,CE,Combined TRACON& Tower with Radar,40,53,46,29,168,0,2,74,1,77,40,55,120,30,245,50,24,74,319
09/12/2011,ICT,KS,ACE,CE,Combined TRACON& Tower with Radar,40,74,82,79,275,0,9,65,0,74,40,83,147,79,349,72,78,150,499
09/13/2011,ICT,KS,ACE,CE,Combined TRACON& Tower with Radar,38,76,94,165,373,0,30,91,5,126,38,106,185,170,499,84,254,338,837
09/14/2011,ICT,KS,ACE,CE,Combined TRACON& Tower with Radar,37,76,80,103,296,0,5,72,2,79,37,81,152,105,375,110,190,300,675
09/15/2011,ICT,KS,ACE,CE,Combined TRACON& Tower with Radar,43,80,109,104,336,0,7,77,2,86,43,87,186,106,422,134,132,266,688
09/16/2011,ICT,KS,ACE,CE,Combined TRACON& Tower with Radar,42,71,118,100,331,0,2,12,1,15,42,73,130,101,346,60,138,198,544
09/17/2011,ICT,KS,ACE,CE,Combined TRACON& Tower with Radar,25,39,48,1,113,0,2,3,0,5,25,41,51,1,118,54,0,54,172
09/18/2011,ICT,KS,ACE,CE,Combined TRACON& Tower with Radar,38,36,58,1,133,0,2,15,1,18,38,38,73,2,151,32,0,32,183
09/19/2011,ICT,KS,ACE,CE,Combined TRACON& Tower with Radar,42,65,83,69,259,0,1,104,10,115,42,66,187,79,374,74,112,186,560
09/20/2011,ICT,KS,ACE,CE,Combined TRACON& Tower with Radar,40,71,84,58,253,1,2,102,0,105,41,73,186,58,358,134,82,216,574
09/21/2011,ICT,KS,ACE,CE,Combined TRACON& Tower with Radar,38,71,86,60,255,0,7,79,2,88,38,78,165,62,343,62,64,126,469
09/22/2011,ICT,KS,ACE,CE,Combined TRACON& Tower with Radar,42,73,93,121,329,0,6,93,12,111,42,79,186,133,440,72,162,234,674
09/23/2011,ICT,KS,ACE,CE,Combined TRACON& Tower with Radar,43,71,98,111,323,0,13,118,0,131,43,84,216,111,454,134,132,266,720
09/24/2011,ICT,KS,ACE,CE,Combined TRACON& Tower with Radar,25,38,45,2,110,0,8,86,0,94,25,46,131,2,204,48,4,52,256
09/25/2011,ICT,KS,ACE,CE,Combined TRACON& Tower with Radar,42,48,49,10,149,0,6,42,0,48,42,54,91,10,197,84,12,96,293
09/26/2011,ICT,KS,ACE,CE,Combined TRACON& Tower with Radar,41,80,129,72,322,0,7,65,3,75,41,87,194,75,397,56,110,166,563
09/27/2011,ICT,KS,ACE,CE,Combined TRACON& Tower with Radar,36,72,108,98,314,0,7,69,5,81,36,79,177,103,395,66,124,190,585
09/28/2011,ICT,KS,ACE,CE,Combined TRACON& Tower with Radar,42,74,114,87,317,0,8,94,8,110,42,82,208,95,427,124,118,242,669
09/29/2011,ICT,KS,ACE,CE,Combined TRACON& Tower with Radar,44,77,93,54,268,0,14,90,12,116,44,91,183,66,384,98,90,188,572
09/30/2011,ICT,KS,ACE,CE,Combined TRACON& Tower with Radar,49,76,99,33,257,0,8,140,0,148,49,84,239,33,405,166,72,238,643
10/01/2011,ICT,KS,ACE,CE,Combined TRACON& Tower with Radar,24,41,30,2,97,0,18,148,2,168,24,59,178,4,265,32,0,32,297
10/02/2011,ICT,KS,ACE,CE,Combined TRACON& Tower with Radar,40,49,37,2,128,0,6,54,0,60,40,55,91,2,188,20,0,20,208
10/03/2011,ICT,KS,ACE,CE,Combined TRACON& Tower with Radar,42,62,74,30,208,0,2,47,0,49,42,64,121,30,257,98,92,190,447
10/04/2011,ICT,KS,ACE,CE,Combined TRACON& Tower with Radar,40,72,92,89,293,5,10,64,5,84,45,82,156,94,377,110,98,208,585
10/05/2011,ICT,KS,ACE,CE,Combined TRACON& Tower with Radar,43,77,79,76,275,0,21,70,4,95,43,98,149,80,370,72,204,276,646
10/06/2011,ICT,KS,ACE,CE,Combined TRACON& Tower with Radar,48,75,69,67,259,1,5,34,16,56,49,80,103,83,315,60,150,210,525
10/07/2011,ICT,KS,ACE,CE,Combined TRACON& Tower with Radar,47,80,105,1,233,0,3,21,0,24,47,83,126,1,257,30,40,70,327
10/08/2011,ICT,KS,ACE,CE,Combined TRACON& Tower with Radar,28,42,44,0,114,0,1,8,0,9,28,43,52,0,123,12,0,12,135
10/09/2011,ICT,KS,ACE,CE,Combined TRACON& Tower with Radar,40,49,38,0,127,0,2,0,0,2,40,51,38,0,129,6,0,6,135
10/10/2011,ICT,KS,ACE,CE,Combined TRACON& Tower with Radar,42,66,89,4,201,3,4,51,0,58,45,70,140,4,259,50,0,50,309
10/11/2011,ICT,KS,ACE,CE,Combined TRACON& Tower with Radar,43,78,86,70,277,2,6,93,3,104,45,84,179,73,381,194,130,324,705
10/12/2011,ICT,KS,ACE,CE,Combined TRACON& Tower with Radar,38,66,79,85,268,2,9,53,0,64,40,75,132,85,332,52,80,132,464
10/13/2011,ICT,KS,ACE,CE,Combined TRACON& Tower with Radar,42,71,98,71,282,3,10,105,4,122,45,81,203,75,404,138,64,202,606
10/14/2011,ICT,KS,ACE,CE,Combined TRACON& Tower with Radar,46,81,119,33,279,0,1,176,0,177,46,82,295,33,456,172,36,208,664
10/15/2011,ICT,KS,ACE,CE,Combined TRACON& Tower with Radar,24,38,43,0,105,0,13,95,0,108,24,51,138,0,213,34,0,34,247
10/16/2011,ICT,KS,ACE,CE,Combined TRACON& Tower with Radar,40,47,53,27,167,0,6,76,4,86,40,53,129,31,253,52,24,76,329
10/17/2011,ICT,KS,ACE,CE,Combined TRACON& Tower with Radar,42,68,89,50,249,0,5,57,0,62,42,73,146,50,311,74,46,120,431
10/18/2011,ICT,KS,ACE,CE,Combined TRACON& Tower with Radar,38,67,109,46,260,0,14,81,0,95,38,81,190,46,355,66,34,100,455
10/19/2011,ICT,KS,ACE,CE,Combined TRACON& Tower with Radar,38,65,96,43,242,0,5,64,0,69,38,70,160,43,311,62,46,108,419
10/20/2011,ICT,KS,ACE,CE,Combined TRACON& Tower with Radar,43,79,96,77,295,1,12,82,0,95,44,91,178,77,390,116,84,200,590
10/21/2011,ICT,KS,ACE,CE,Combined TRACON& Tower with Radar,45,84,93,81,303,2,22,114,3,141,47,106,207,84,444,134,90,224,668
10/22/2011,ICT,KS,ACE,CE,Combined TRACON& Tower with Radar,30,44,40,0,114,0,0,80,0,80,30,44,120,0,194,112,0,112,306
10/23/2011,ICT,KS,ACE,CE,Combined TRACON& Tower with Radar,35,54,76,2,167,0,2,76,0,78,35,56,152,2,245,86,0,86,331
10/24/2011,ICT,KS,ACE,CE,Combined TRACON& Tower with Radar,42,63,73,71,249,0,6,52,4,62,42,69,125,75,311,94,96,190,501
10/25/2011,ICT,KS,ACE,CE,Combined TRACON& Tower with Radar,38,64,107,121,330,0,0,86,1,87,38,64,193,122,417,112,196,308,725
10/26/2011,ICT,KS,ACE,CE,Combined TRACON& Tower with Radar,39,72,104,169,384,0,7,50,0,57,39,79,154,169,441,76,230,306,747
10/27/2011,ICT,KS,ACE,CE,Combined TRACON& Tower with Radar,43,80,85,122,330,0,6,85,2,93,43,86,170,124,423,60,140,200,623
10/28/2011,ICT,KS,ACE,CE,Combined TRACON& Tower with Radar,46,77,99,22,244,0,12,118,0,130,46,89,217,22,374,94,14,108,482
10/29/2011,ICT,KS,ACE,CE,Combined TRACON& Tower with Radar,24,50,56,0,130,0,5,55,0,60,24,55,111,0,190,36,0,36,226
10/30/2011,ICT,KS,ACE,CE,Combined TRACON& Tower with Radar,38,48,54,16,156,0,3,40,1,44,38,51,94,17,200,48,16,64,264
10/31/2011,ICT,KS,ACE,CE,Combined TRACON& Tower with Radar,37,59,82,79,257,0,4,81,4,89,37,63,163,83,346,73,128,201,547
11/01/2011,ICT,KS,ACE,CE,Combined TRACON& Tower with Radar,41,67,83,15,206,0,6,58,1,65,41,73,141,16,271,80,28,108,379
11/02/2011,ICT,KS,ACE,CE,Combined TRACON& Tower with Radar,39,64,63,6,172,0,2,8,0,10,39,66,71,6,182,0,2,2,184
11/03/2011,ICT,KS,ACE,CE,Combined TRACON& Tower with Radar,40,78,108,18,244,0,17,79,5,101,40,95,187,23,345,46,36,82,427
11/04/2011,ICT,KS,ACE,CE,Combined TRACON& Tower with Radar,44,69,74,62,249,0,16,87,0,103,44,85,161,62,352,70,84,154,506
11/05/2011,ICT,KS,ACE,CE,Combined TRACON& Tower with Radar,24,34,47,0,105,0,8,21,0,29,24,42,68,0,134,66,0,66,200
11/06/2011,ICT,KS,ACE,CE,Combined TRACON& Tower with Radar,36,44,63,4,147,0,7,66,0,73,36,51,129,4,220,90,0,90,310
11/07/2011,ICT,KS,ACE,CE,Combined TRACON& Tower with Radar,38,65,61,3,167,0,0,0,0,0,38,65,61,3,167,0,0,0,167
11/08/2011,ICT,KS,ACE,CE,Combined TRACON& Tower with Radar,38,59,90,10,197,0,0,0,0,0,38,59,90,10,197,4,14,18,215
11/09/2011,ICT,KS,ACE,CE,Combined TRACON& Tower with Radar,44,65,93,76,278,5,12,98,9,124,49,77,191,85,402,132,146,278,680
11/10/2011,ICT,KS,ACE,CE,Combined TRACON& Tower with Radar,42,70,116,59,287,1,21,86,10,118,43,91,202,69,405,126,72,198,603
11/11/2011,ICT,KS,ACE,CE,Combined TRACON& Tower with Radar,42,72,59,7,180,3,7,101,1,112,45,79,160,8,292,142,22,164,456
11/12/2011,ICT,KS,ACE,CE,Combined TRACON& Tower with Radar,28,58,55,1,142,0,12,43,0,55,28,70,98,1,197,52,0,52,249
11/13/2011,ICT,KS,ACE,CE,Combined TRACON& Tower with Radar,36,73,54,2,165,0,13,75,0,88,36,86,129,2,253,106,0,106,359
11/14/2011,ICT,KS,ACE,CE,Combined TRACON& Tower with Radar,38,64,88,97,287,0,18,65,0,83,38,82,153,97,370,72,110,182,552
11/15/2011,ICT,KS,ACE,CE,Combined TRACON& Tower with Radar,38,72,93,75,278,0,17,91,0,108,38,89,184,75,386,114,132,246,632
11/16/2011,ICT,KS,ACE,CE,Combined TRACON& Tower with Radar,41,79,122,49,291,0,7,53,0,60,41,86,175,49,351,92,46,138,489
11/17/2011,ICT,KS,ACE,CE,Combined TRACON& Tower with Radar,41,92,96,96,325,1,20,77,7,105,42,112,173,103,430,48,116,164,594
11/18/2011,ICT,KS,ACE,CE,Combined TRACON& Tower with Radar,40,80,72,45,237,0,8,60,2,70,40,88,132,47,307,96,82,178,485
11/19/2011,ICT,KS,ACE,CE,Combined TRACON& Tower with Radar,32,43,46,10,131,0,9,24,0,33,32,52,70,10,164,26,6,32,196
11/20/2011,ICT,KS,ACE,CE,Combined TRACON& Tower with Radar,36,38,55,3,132,0,2,2,0,4,36,40,57,3,136,26,0,26,162
11/21/2011,ICT,KS,ACE,CE,Combined TRACON& Tower with Radar,35,65,83,20,203,0,0,3,0,3,35,65,86,20,206,10,18,28,234
11/22/2011,ICT,KS,ACE,CE,Combined TRACON& Tower with Radar,41,76,85,58,260,2,2,49,1,54,43,78,134,59,314,38,42,80,394
11/23/2011,ICT,KS,ACE,CE,Combined TRACON& Tower with Radar,48,70,74,47,239,2,1,108,0,111,50,71,182,47,350,146,66,212,562
11/24/2011,ICT,KS,ACE,CE,Combined TRACON& Tower with Radar,22,31,13,0,66,0,5,14,0,19,22,36,27,0,85,18,0,18,103
11/25/2011,ICT,KS,ACE,CE,Combined TRACON& Tower with Radar,29,48,30,0,107,0,2,2,0,4,29,50,32,0,111,4,0,4,115
11/26/2011,ICT,KS,ACE,CE,Combined TRACON& Tower with Radar,40,48,20,0,108,0,0,14,0,14,40,48,34,0,122,2,0,2,124
11/27/2011,ICT,KS,ACE,CE,Combined TRACON& Tower with Radar,36,46,74,2,158,0,5,40,0,45,36,51,114,2,203,58,0,58,261
11/28/2011,ICT,KS,ACE,CE,Combined TRACON& Tower with Radar,35,66,90,112,303,0,7,72,3,82,35,73,162,115,385,66,116,182,567
11/29/2011,ICT,KS,ACE,CE,Combined TRACON& Tower with Radar,40,82,99,80,301,0,26,58,2,86,40,108,157,82,387,108,136,244,631
11/30/2011,ICT,KS,ACE,CE,Combined TRACON& Tower with Radar,39,71,96,66,272,4,8,65,8,85,43,79,161,74,357,74,112,186,543
12/01/2011,ICT,KS,ACE,CE,Combined TRACON& Tower with Radar,42,78,119,93,332,0,6,85,2,93,42,84,204,95,425,105,128,233,658
12/02/2011,ICT,KS,ACE,CE,Combined TRACON& Tower with Radar,42,80,92,127,341,10,3,27,3,43,52,83,119,130,384,84,152,236,620
12/03/2011,ICT,KS,ACE,CE,Combined TRACON& Tower with Radar,24,52,46,0,122,0,0,0,0,0,24,52,46,0,122,0,0,0,122
12/04/2011,ICT,KS,ACE,CE,Combined TRACON& Tower with Radar,33,50,48,13,144,0,4,58,1,63,33,54,106,14,207,100,10,110,317
12/05/2011,ICT,KS,ACE,CE,Combined TRACON& Tower with Radar,33,78,104,69,284,0,1,11,0,12,33,79,115,69,296,24,82,106,402
12/06/2011,ICT,KS,ACE,CE,Combined TRACON& Tower with Radar,39,60,75,72,246,0,6,83,0,89,39,66,158,72,335,94,102,196,531
12/07/2011,ICT,KS,ACE,CE,Combined TRACON& Tower with Radar,38,75,96,116,325,0,11,96,0,107,38,86,192,116,432,146,178,324,756
12/08/2011,ICT,KS,ACE,CE,Combined TRACON& Tower with Radar,45,76,109,61,291,16,9,119,0,144,61,85,228,61,435,203,82,285,720
12/09/2011,ICT,KS,ACE,CE,Combined TRACON& Tower with Radar,40,82,119,21,262,0,12,15,0,27,40,94,134,21,289,42,36,78,367
12/10/2011,ICT,KS,ACE,CE,Combined TRACON& Tower with Radar,22,39,57,2,120,0,0,16,0,16,22,39,73,2,136,22,0,22,158
12/11/2011,ICT,KS,ACE,CE,Combined TRACON& Tower with Radar,34,53,43,31,161,0,2,18,0,20,34,55,61,31,181,12,26,38,219
12/12/2011,ICT,KS,ACE,CE,Combined TRACON& Tower with Radar,33,79,105,37,254,0,3,24,7,34,33,82,129,44,288,88,110,198,486
12/13/2011,ICT,KS,ACE,CE,Combined TRACON& Tower with Radar,36,80,90,2,208,0,0,0,0,0,36,80,90,2,208,0,0,0,208
12/14/2011,ICT,KS,ACE,CE,Combined TRACON& Tower with Radar,42,69,112,44,267,0,3,62,1,66,42,72,174,45,333,88,46,134,467
12/15/2011,ICT,KS,ACE,CE,Combined TRACON& Tower with Radar,45,79,125,125,374,0,17,164,4,185,45,96,289,129,559,214,172,386,945
12/16/2011,ICT,KS,ACE,CE,Combined TRACON& Tower with Radar,42,74,111,128,355,0,2,117,2,121,42,76,228,130,476,128,206,334,810
12/17/2011,ICT,KS,ACE,CE,Combined TRACON& Tower with Radar,27,49,78,0,154,0,9,111,1,121,27,58,189,1,275,72,0,72,347
12/18/2011,ICT,KS,ACE,CE,Combined TRACON& Tower with Radar,38,42,74,15,169,0,2,65,0,67,38,44,139,15,236,98,16,114,350
12/19/2011,ICT,KS,ACE,CE,Combined TRACON& Tower with Radar,34,63,73,2,172,0,0,1,0,1,34,63,74,2,173,8,0,8,181
12/20/2011,ICT,KS,ACE,CE,Combined TRACON& Tower with Radar,43,76,50,0,169,0,2,6,0,8,43,78,56,0,177,0,0,0,177
12/21/2011,ICT,KS,ACE,CE,Combined TRACON& Tower with Radar,46,83,111,47,287,0,12,135,2,149,46,95,246,49,436,176,88,264,700
12/22/2011,ICT,KS,ACE,CE,Combined TRACON& Tower with Radar,44,87,60,3,194,0,7,8,0,15,44,94,68,3,209,20,0,20,229
12/23/2011,ICT,KS,ACE,CE,Combined TRACON& Tower with Radar,42,85,73,0,200,0,4,87,0,91,42,89,160,0,291,94,0,94,385
12/24/2011,ICT,KS,ACE,CE,Combined TRACON& Tower with Radar,23,42,13,0,78,0,10,60,0,70,23,52,73,0,148,96,0,96,244
12/25/2011,ICT,KS,ACE,CE,Combined TRACON& Tower with Radar,26,29,9,0,64,0,9,18,0,27,26,38,27,0,91,0,0,0,91
12/26/2011,ICT,KS,ACE,CE,Combined TRACON& Tower with Radar,33,53,43,0,129,0,1,37,0,38,33,54,80,0,167,8,0,8,175
12/27/2011,ICT,KS,ACE,CE,Combined TRACON& Tower with Radar,35,66,43,0,144,0,2,49,0,51,35,68,92,0,195,60,0,60,255
12/28/2011,ICT,KS,ACE,CE,Combined TRACON& Tower with Radar,43,69,60,0,172,0,11,93,1,105,43,80,153,1,277,68,0,68,345
12/29/2011,ICT,KS,ACE,CE,Combined TRACON& Tower with Radar,44,68,56,0,168,0,7,63,0,70,44,75,119,0,238,66,0,66,304
12/30/2011,ICT,KS,ACE,CE,Combined TRACON& Tower with Radar,39,73,58,2,172,0,8,76,0,84,39,81,134,2,256,54,0,54,310
12/31/2011,ICT,KS,ACE,CE,Combined TRACON& Tower with Radar,28,36,22,0,86,0,2,17,0,19,28,38,39,0,105,8,0,8,113
01/01/2012,ICT,KS,ACE,CE,Combined TRACON& Tower with Radar,28,41,17,0,86,0,5,16,0,21,28,46,33,0,107,18,0,18,125
01/02/2012,ICT,KS,ACE,CE,Combined TRACON& Tower with Radar,34,51,44,0,129,0,6,54,0,60,34,57,98,0,189,55,0,55,244
01/03/2012,ICT,KS,ACE,CE,Combined TRACON& Tower with Radar,41,79,68,29,217,0,8,39,0,47,41,87,107,29,264,40,42,82,346
01/04/2012,ICT,KS,ACE,CE,Combined TRACON& Tower with Radar,44,68,50,114,276,0,6,64,4,74,44,74,114,118,350,90,138,228,578
01/05/2012,ICT,KS,ACE,CE,Combined TRACON& Tower with Radar,45,63,67,155,330,0,12,69,2,83,45,75,136,157,413,112,200,312,725
01/06/2012,ICT,KS,ACE,CE,Combined TRACON& Tower with Radar,44,59,101,100,304,0,10,96,1,107,44,69,197,101,411,106,142,248,659
01/07/2012,ICT,KS,ACE,CE,Combined TRACON& Tower with Radar,28,39,28,26,121,0,9,62,0,71,28,48,90,26,192,72,24,96,288
01/08/2012,ICT,KS,ACE,CE,Combined TRACON& Tower with Radar,37,49,40,27,153,0,1,44,1,46,37,50,84,28,199,54,48,102,301
01/09/2012,ICT,KS,ACE,CE,Combined TRACON& Tower with Radar,39,60,90,129,318,0,8,54,0,62,39,68,144,129,380,38,192,230,610
01/10/2012,ICT,KS,ACE,CE,Combined TRACON& Tower with Radar,40,71,71,158,340,0,9,86,0,95,40,80,157,158,435,121,210,331,766
01/11/2012,ICT,KS,ACE,CE,Combined TRACON& Tower with Radar,40,66,86,80,272,0,3,29,0,32,40,69,115,80,304,46,118,164,468
01/12/2012,ICT,KS,ACE,CE,Combined TRACON& Tower with Radar,44,59,92,68,263,0,4,39,2,45,44,63,131,70,308,50,72,122,430
01/13/2012,ICT,KS,ACE,CE,Combined TRACON& Tower with Radar,45,64,80,90,279,0,4,90,0,94,45,68,170,90,373,134,140,274,647
01/14/2012,ICT,KS,ACE,CE,Combined TRACON& Tower with Radar,24,35,40,5,104,0,11,51,2,64,24,46,91,7,168,62,12,74,242
01/15/2012,ICT,KS,ACE,CE,Combined TRACON& Tower with Radar,30,37,23,16,106,0,6,15,0,21,30,43,38,16,127,8,14,22,149
01/16/2012,ICT,KS,ACE,CE,Combined TRACON& Tower with Radar,40,62,63,5,170,0,6,59,1,66,40,68,122,6,236,16,12,28,264
01/17/2012,ICT,KS,ACE,CE,Combined TRACON& Tower with Radar,43,69,84,55,251,0,8,72,4,84,43,77,156,59,335,58,76,134,469
01/18/2012,ICT,KS,ACE,CE,Combined TRACON& Tower with Radar,40,78,85,122,325,0,16,70,7,93,40,94,155,129,418,164,218,382,800
01/19/2012,ICT,KS,ACE,CE,Combined TRACON& Tower with Radar,43,63,69,111,286,0,10,62,6,78,43,73,131,117,364,66,220,286,650
01/20/2012,ICT,KS,ACE,CE,Combined TRACON& Tower with Radar,44,63,92,77,276,0,14,92,0,106,44,77,184,77,382,118,128,246,628
01/21/2012,ICT,KS,ACE,CE,Combined TRACON& Tower with Radar,23,42,44,1,110,0,6,57,1,64,23,48,101,2,174,46,0,46,220
01/22/2012,ICT,KS,ACE,CE,Combined TRACON& Tower with Radar,32,42,28,4,106,0,1,8,0,9,32,43,36,4,115,0,0,0,115
01/23/2012,ICT,KS,ACE,CE,Combined TRACON& Tower with Radar,42,60,59,69,230,0,3,84,0,87,42,63,143,69,317,118,82,200,517
01/24/2012,ICT,KS,ACE,CE,Combined TRACON& Tower with Radar,41,85,90,6,222,0,11,76,2,89,41,96,166,8,311,46,2,48,359
01/25/2012,ICT,KS,ACE,CE,Combined TRACON& Tower with Radar,39,71,88,139,337,0,7,54,0,61,39,78,142,139,398,86,156,242,640
01/26/2012,ICT,KS,ACE,CE,Combined TRACON& Tower with Radar,45,73,80,119,317,0,7,60,1,68,45,80,140,120,385,30,120,150,535
01/27/2012,ICT,KS,ACE,CE,Combined TRACON& Tower with Radar,44,59,91,53,247,0,9,46,0,55,44,68,137,53,302,78,62,140,442
01/28/2012,ICT,KS,ACE,CE,Combined TRACON& Tower with Radar,26,48,35,0,109,0,3,52,0,55,26,51,87,0,164,150,2,152,316
01/29/2012,ICT,KS,ACE,CE,Combined TRACON& Tower with Radar,34,43,38,20,135,0,3,42,0,45,34,46,80,20,180,26,22,48,228
01/30/2012,ICT,KS,ACE,CE,Combined TRACON& Tower with Radar,40,60,80,64,244,0,5,53,4,62,40,65,133,68,306,40,66,106,412
01/31/2012,ICT,KS,ACE,CE,Combined TRACON& Tower with Radar,39,58,109,64,270,0,10,79,5,94,39,68,188,69,364,100,72,172,536
02/01/2012,ICT,KS,ACE,CE,Combined TRACON& Tower with Radar,40,74,83,70,267,0,8,97,0,105,40,82,180,70,372,124,82,206,578
02/02/2012,ICT,KS,ACE,CE,Combined TRACON& Tower with Radar,46,55,104,117,322,0,11,61,11,83,46,66,165,128,405,108,158,266,671
02/03/2012,ICT,KS,ACE,CE,Combined TRACON& Tower with Radar,39,64,73,0,176,0,0,1,0,1,39,64,74,0,177,18,0,18,195
02/04/2012,ICT,KS,ACE,CE,Combined TRACON& Tower with Radar,24,39,43,8,114,0,1,1,0,2,24,40,44,8,116,12,6,18,134
02/05/2012,ICT,KS,ACE,CE,Combined TRACON& Tower with Radar,34,42,40,31,147,0,1,52,0,53,34,43,92,31,200,78,60,138,338
02/06/2012,ICT,KS,ACE,CE,Combined TRACON& Tower with Radar,41,64,97,97,299,0,1,66,0,67,41,65,163,97,366,72,128,200,566
02/07/2012,ICT,KS,ACE,CE,Combined TRACON& Tower with Radar,41,65,67,2,175,0,0,8,0,8,41,65,75,2,183,6,0,6,189
02/08/2012,ICT,KS,ACE,CE,Combined TRACON& Tower with Radar,39,58,123,53,273,0,3,10,1,14,39,61,133,54,287,41,34,75,362
02/09/2012,ICT,KS,ACE,CE,Combined TRACON& Tower with Radar,49,60,84,30,223,0,1,11,1,13,49,61,95,31,236,14,30,44,280
02/10/2012,ICT,KS,ACE,CE,Combined TRACON& Tower with Radar,44,59,78,113,294,0,4,51,0,55,44,63,129,113,349,40,64,104,453
02/11/2012,ICT,KS,ACE,CE,Combined TRACON& Tower with Radar,26,34,42,3,105,0,5,62,0,67,26,39,104,3,172,126,8,134,306
02/12/2012,ICT,KS,ACE,CE,Combined TRACON& Tower with Radar,34,38,34,10,116,0,3,15,0,18,34,41,49,10,134,24,12,36,170
02/13/2012,ICT,KS,ACE,CE,Combined TRACON& Tower with Radar,39,55,49,3,146,0,0,3,0,3,39,55,52,3,149,12,2,14,163
02/14/2012,ICT,KS,ACE,CE,Combined TRACON& Tower with Radar,42,68,118,88,316,0,7,85,0,92,42,75,203,88,408,120,114,234,642
02/15/2012,ICT,KS,ACE,CE,Combined TRACON& Tower with Radar,43,66,71,12,192,0,0,0,0,0,43,66,71,12,192,0,10,10,202
02/16/2012,ICT,KS,ACE,CE,Combined TRACON& Tower with Radar,46,86,103,196,431,0,27,97,11,135,46,113,200,207,566,80,194,274,840
02/17/2012,ICT,KS,ACE,CE,Combined TRACON& Tower with Radar,43,71,96,54,264,0,4,88,10,102,43,75,184,64,366,134,46,180,546
02/18/2012,ICT,KS,ACE,CE,Combined TRACON& Tower with Radar,26,38,60,3,127,0,2,38,1,41,26,40,98,4,168,104,2,106,274
02/19/2012,ICT,KS,ACE,CE,Combined TRACON& Tower with Radar,36,40,50,11,137,0,0,69,0,69,36,40,119,11,206,115,4,119,325
02/20/2012,ICT,KS,ACE,CE,Combined TRACON& Tower with Radar,17,33,37,0,87,0,0,4,0,4,17,33,41,0,91,12,0,12,103
02/21/2012,ICT,KS,ACE,CE,Combined TRACON& Tower with Radar,39,73,118,64,294,0,3,108,1,112,39,76,226,65,406,172,48,220,626
02/22/2012,ICT,KS,ACE,CE,Combined TRACON& Tower with Radar,43,71,153,71,338,0,6,80,0,86,43,77,233,71,424,144,70,214,638
02/23/2012,ICT,KS,ACE,CE,Combined TRACON& Tower with Radar,44,79,81,73,277,0,7,34,0,41,44,86,115,73,318,14,20,34,352
02/24/2012,ICT,KS,ACE,CE,Combined TRACON& Tower with Radar,42,67,85,56,250,0,7,68,0,75,42,74,153,56,325,88,66,154,479
02/25/2012,ICT,KS,ACE,CE,Combined TRACON& Tower with Radar,28,42,56,6,132,0,2,42,2,46,28,44,98,8,178,102,0,102,280
02/26/2012,ICT,KS,ACE,CE,Combined TRACON& Tower with Radar,38,47,85,34,204,0,8,89,0,97,38,55,174,34,301,116,30,146,447
02/27/2012,ICT,KS,ACE,CE,Combined TRACON& Tower with Radar,37,57,93,160,347,0,4,50,32,86,37,61,143,192,433,130,252,382,815
02/28/2012,ICT,KS,ACE,CE,Combined TRACON& Tower with Radar,40,63,130,59,292,0,2,5,0,7,40,65,135,59,299,64,80,144,443
02/29/2012,ICT,KS,ACE,CE,Combined TRACON& Tower with Radar,43,74,116,57,290,2,7,78,1,88,45,81,194,58,378,92,112,204,582
03/01/2012,ICT,KS,ACE,CE,Combined TRACON& Tower with Radar,43,68,132,77,320,0,3,67,1,71,43,71,199,78,391,110,78,188,579
03/02/2012,ICT,KS,ACE,CE,Combined TRACON& Tower with Radar,40,64,88,124,316,1,6,51,3,61,41,70,139,127,377,70,208,278,655
03/03/2012,ICT,KS,ACE,CE,Combined TRACON& Tower with Radar,30,37,57,6,130,0,6,40,1,47,30,43,97,7,177,56,6,62,239
03/04/2012,ICT,KS,ACE,CE,Combined TRACON& Tower with Radar,38,42,53,12,145,0,5,28,4,37,38,47,81,16,182,32,14,46,228
03/05/2012,ICT,KS,ACE,CE,Combined TRACON& Tower with Radar,37,58,76,94,265,0,3,77,6,86,37,61,153,100,351,102,242,344,695
03/06/2012,ICT,KS,ACE,CE,Combined TRACON& Tower with Radar,40,53,63,83,239,0,3,48,25,76,40,56,111,108,315,40,96,136,451
03/07/2012,ICT,KS,ACE,CE,Combined TRACON& Tower with Radar,38,68,106,128,340,0,2,23,0,25,38,70,129,128,365,50,200,250,615
03/08/2012,ICT,KS,ACE,CE,Combined TRACON& Tower with Radar,45,58,116,35,254,0,4,35,0,39,45,62,151,35,293,88,52,140,433
03/09/2012,ICT,KS,ACE,CE,Combined TRACON& Tower with Radar,42,59,145,157,403,0,8,141,0,149,42,67,286,157,552,210,202,412,964
03/10/2012,ICT,KS,ACE,CE,Combined TRACON& Tower with Radar,31,38,62,1,132,0,2,67,0,69,31,40,129,1,201,164,0,164,365
03/11/2012,ICT,KS,ACE,CE,Combined TRACON& Tower with Radar,35,50,41,3,129,0,0,0,0,0,35,50,41,3,129,29,0,29,158
03/12/2012,ICT,KS,ACE,CE,Combined TRACON& Tower with Radar,38,75,102,116,331,30,8,89,6,133,68,83,191,122,464,243,140,383,847
03/13/2012,ICT,KS,ACE,CE,Combined TRACON& Tower with Radar,48,77,90,71,286,0,6,84,0,90,48,83,174,71,376,146,110,256,632
03/14/2012,ICT,KS,ACE,CE,Combined TRACON& Tower with Radar,41,65,99,105,310,0,7,36,1,44,41,72,135,106,354,56,150,206,560
03/15/2012,ICT,KS,ACE,CE,Combined TRACON& Tower with Radar,48,70,117,81,316,0,7,42,13,62,48,77,159,94,378,122,94,216,594
03/16/2012,ICT,KS,ACE,CE,Combined TRACON& Tower with Radar,88,73,127,34,322,0,8,22,0,30,88,81,149,34,352,110,36,146,498
03/17/2012,ICT,KS,ACE,CE,Combined TRACON& Tower with Radar,34,38,39,2,113,0,5,10,2,17,34,43,49,4,130,12,4,16,146
03/18/2012,ICT,KS,ACE,CE,Combined TRACON& Tower with Radar,36,41,52,8,137,0,2,8,0,10,36,43,60,8,147,10,6,16,163
03/19/2012,ICT,KS,ACE,CE,Combined TRACON& Tower with Radar,38,52,74,0,164,0,0,1,0,1,38,52,75,0,165,12,0,12,177
03/20/2012,ICT,KS,ACE,CE,Combined TRACON& Tower with Radar,44,63,104,17,228,0,0,2,0,2,44,63,106,17,230,4,4,8,238
03/21/2012,ICT,KS,ACE,CE,Combined TRACON& Tower with Radar,39,71,154,83,347,0,0,4,0,4,39,71,158,83,351,52,70,122,473
03/22/2012,ICT,KS,ACE,CE,Combined TRACON& Tower with Radar,47,64,78,59,248,0,6,10,0,16,47,70,88,59,264,26,46,72,336
03/23/2012,ICT,KS,ACE,CE,Combined TRACON& Tower with Radar,42,77,122,57,298,0,2,55,1,58,42,79,177,58,356,80,60,140,496
03/24/2012,ICT,KS,ACE,CE,Combined TRACON& Tower with Radar,34,35,69,1,139,0,10,117,11,138,34,45,186,12,277,188,18,206,483
03/25/2012,ICT,KS,ACE,CE,Combined TRACON& Tower with Radar,37,41,77,32,187,1,4,81,8,94,38,45,158,40,281,70,80,150,431
03/26/2012,ICT,KS,ACE,CE,Combined TRACON& Tower with Radar,35,55,79,131,300,0,0,69,0,69,35,55,148,131,369,62,174,236,605
03/27/2012,ICT,KS,ACE,CE,Combined TRACON& Tower with Radar,44,72,115,86,317,0,4,62,9,75,44,76,177,95,392,48,130,178,570
03/28/2012,ICT,KS,ACE,CE,Combined TRACON& Tower with Radar,40,76,146,97,359,0,3,70,0,73,40,79,216,97,432,92,170,262,694
03/29/2012,ICT,KS,ACE,CE,Combined TRACON& Tower with Radar,44,70,116,38,268,1,3,37,0,41,45,73,153,38,309,20,36,56,365
03/30/2012,ICT,KS,ACE,CE,Combined TRACON& Tower with Radar,43,72,86,134,335,0,8,96,1,105,43,80,182,135,440,84,208,292,732
03/31/2012,ICT,KS,ACE,CE,Combined TRACON& Tower with Radar,29,28,64,9,130,0,8,72,0,80,29,36,136,9,210,110,4,114,324
04/01/2012,ICT,KS,ACE,CE,Combined TRACON& Tower with Radar,38,43,41,64,186,0,5,38,0,43,38,48,79,64,229,4,130,134,363
04/02/2012,ICT,KS,ACE,CE,Combined TRACON& Tower with Radar,39,59,81,87,266,3,5,47,0,55,42,64,128,87,321,60,102,162,483
04/03/2012,ICT,KS,ACE,CE,Combined TRACON& Tower with Radar,47,67,122,48,284,0,0,6,0,6,47,67,128,48,290,86,26,112,402
04/04/2012,ICT,KS,ACE,CE,Combined TRACON& Tower with Radar,42,59,103,23,227,0,0,16,0,16,42,59,119,23,243,22,2,24,267
04/05/2012,ICT,KS,ACE,CE,Combined TRACON& Tower with Radar,41,80,122,73,316,0,1,5,0,6,41,81,127,73,322,32,44,76,398
04/06/2012,ICT,KS,ACE,CE,Combined TRACON& Tower with Radar,40,85,88,91,304,0,2,22,0,24,40,87,110,91,328,78,78,156,484
04/07/2012,ICT,KS,ACE,CE,Combined TRACON& Tower with Radar,30,37,31,0,98,1,2,28,0,31,31,39,59,0,129,76,0,76,205
04/08/2012,ICT,KS,ACE,CE,Combined TRACON& Tower with Radar,31,44,39,2,116,0,5,42,0,47,31,49,81,2,163,70,0,70,233
04/09/2012,ICT,KS,ACE,CE,Combined TRACON& Tower with Radar,40,59,92,29,220,1,8,27,2,38,41,67,119,31,258,12,22,34,292
04/10/2012,ICT,KS,ACE,CE,Combined TRACON& Tower with Radar,42,60,89,104,295,0,14,70,0,84,42,74,159,104,379,115,128,243,622
04/11/2012,ICT,KS,ACE,CE,Combined TRACON& Tower with Radar,44,63,132,67,306,0,8,38,0,46,44,71,170,67,352,84,144,228,580
04/12/2012,ICT,KS,ACE,CE,Combined TRACON& Tower with Radar,45,71,99,6,221,0,3,12,0,15,45,74,111,6,236,86,8,94,330
04/13/2012,ICT,KS,ACE,CE,Combined TRACON& Tower with Radar,48,71,72,36,227,0,6,40,2,48,48,77,112,38,275,48,18,66,341
04/14/2012,ICT,KS,ACE,CE,Combined TRACON& Tower with Radar,30,33,35,1,99,0,3,8,1,12,30,36,43,2,111,22,0,22,133
04/15/2012,ICT,KS,ACE,CE,Combined TRACON& Tower with Radar,31,45,39,2,117,0,5,42,0,47,31,50,81,2,164,44,0,44,208
04/16/2012,ICT,KS,ACE,CE,Combined TRACON& Tower with Radar,40,72,83,70,265,0,2,60,21,83,40,74,143,91,348,122,142,264,612
04/17/2012,ICT,KS,ACE,CE,Combined TRACON& Tower with Radar,48,64,95,30,237,0,14,100,0,114,48,78,195,30,351,86,38,124,475
04/18/2012,ICT,KS,ACE,CE,Combined TRACON& Tower with Radar,42,59,102,81,284,0,4,83,1,88,42,63,185,82,372,125,132,257,629
04/19/2012,ICT,KS,ACE,CE,Combined TRACON& Tower with Radar,67,71,93,24,255,0,6,52,0,58,67,77,145,24,313,30,24,54,367
04/20/2012,ICT,KS,ACE,CE,Combined TRACON& Tower with Radar,44,65,108,76,293,0,7,67,0,74,44,72,175,76,367,114,86,200,567
04/21/2012,ICT,KS,ACE,CE,Combined TRACON& Tower with Radar,32,44,49,4,129,0,5,78,10,93,32,49,127,14,222,116,8,124,346
04/22/2012,ICT,KS,ACE,CE,Combined TRACON& Tower with Radar,45,44,49,11,149,0,1,43,0,44,45,45,92,11,193,22,22,44,237
04/23/2012,ICT,KS,ACE,CE,Combined TRACON& Tower with Radar,38,58,97,95,288,0,3,121,1,125,38,61,218,96,413,112,158,270,683
04/24/2012,ICT,KS,ACE,CE,Combined TRACON& Tower with Radar,42,69,106,100,317,0,6,81,6,93,42,75,187,106,410,112,126,238,648
04/25/2012,ICT,KS,ACE,CE,Combined TRACON& Tower with Radar,48,61,107,112,328,0,8,99,0,107,48,69,206,112,435,126,134,260,695
04/26/2012,ICT,KS,ACE,CE,Combined TRACON& Tower with Radar,47,65,104,71,287,0,7,77,6,90,47,72,181,77,377,66,98,164,541
04/27/2012,ICT,KS,ACE,CE,Combined TRACON& Tower with Radar,46,62,74,23,205,0,6,19,1,26,46,68,93,24,231,20,26,46,277
04/28/2012,ICT,KS,ACE,CE,Combined TRACON& Tower with Radar,32,33,55,10,130,0,1,65,2,68,32,34,120,12,198,116,24,140,338
04/29/2012,ICT,KS,ACE,CE,Combined TRACON& Tower with Radar,41,43,40,2,126,0,0,10,0,10,41,43,50,2,136,10,0,10,146
04/30/2012,ICT,KS,ACE,CE,Combined TRACON& Tower with Radar,40,59,85,20,204,1,2,28,0,31,41,61,113,20,235,38,8,46,281
05/01/2012,ICT,KS,ACE,CE,Combined TRACON& Tower with Radar,46,65,98,42,251,0,9,45,1,55,46,74,143,43,306,82,26,108,414
05/02/2012,ICT,KS,ACE,CE,Combined TRACON& Tower with Radar,41,74,140,94,349,1,5,42,2,50,42,79,182,96,399,68,142,210,609
05/03/2012,ICT,KS,ACE,CE,Combined TRACON& Tower with Radar,52,76,97,61,286,4,16,84,0,104,56,92,181,61,390,126,44,170,560
05/04/2012,ICT,KS,ACE,CE,Combined TRACON& Tower with Radar,47,68,77,114,306,0,7,88,0,95,47,75,165,114,401,100,158,258,659
05/05/2012,ICT,KS,ACE,CE,Combined TRACON& Tower with Radar,33,39,53,11,136,2,2,65,0,69,35,41,118,11,205,90,10,100,305
05/06/2012,ICT,KS,ACE,CE,Combined TRACON& Tower with Radar,37,43,53,24,157,0,3,23,0,26,37,46,76,24,183,34,30,64,247
05/07/2012,ICT,KS,ACE,CE,Combined TRACON& Tower with Radar,36,53,78,189,356,0,3,40,4,47,36,56,118,193,403,81,416,497,900
05/08/2012,ICT,KS,ACE,CE,Combined TRACON& Tower with Radar,43,71,105,141,360,2,9,96,8,115,45,80,201,149,475,135,184,319,794
05/09/2012,ICT,KS,ACE,CE,Combined TRACON& Tower with Radar,44,68,102,78,292,1,5,108,0,114,45,73,210,78,406,182,138,320,726
05/10/2012,ICT,KS,ACE,CE,Combined TRACON& Tower with Radar,52,68,115,111,346,0,6,106,2,114,52,74,221,113,460,190,188,378,838
05/11/2012,ICT,KS,ACE,CE,Combined TRACON& Tower with Radar,44,67,75,122,308,0,10,117,0,127,44,77,192,122,435,100,120,220,655
05/12/2012,ICT,KS,ACE,CE,Combined TRACON& Tower with Radar,28,36,55,0,119,0,4,60,0,64,28,40,115,0,183,51,0,51,234
05/13/2012,ICT,KS,ACE,CE,Combined TRACON& Tower with Radar,39,45,54,10,148,0,1,31,0,32,39,46,85,10,180,30,10,40,220
05/14/2012,ICT,KS,ACE,CE,Combined TRACON& Tower with Radar,39,76,115,155,385,1,9,87,2,99,40,85,202,157,484,84,202,286,770
05/15/2012,ICT,KS,ACE,CE,Combined TRACON& Tower with Radar,42,70,96,113,321,0,14,149,5,168,42,84,245,118,489,236,166,402,891
05/16/2012,ICT,KS,ACE,CE,Combined TRACON& Tower with Radar,46,67,125,163,401,0,5,120,3,128,46,72,245,166,529,418,291,709,1238
05/17/2012,ICT,KS,ACE,CE,Combined TRACON& Tower with Radar,44,69,137,89,339,0,6,75,4,85,44,75,212,93,424,106,160,266,690
05/18/2012,ICT,KS,ACE,CE,Combined TRACON& Tower with Radar,48,77,90,102,317,0,7,51,2,60,48,84,141,104,377,70,149,219,596
05/19/2012,ICT,KS,ACE,CE,Combined TRACON& Tower with Radar,31,36,33,0,100,0,2,29,0,31,31,38,62,0,131,32,0,32,163
05/20/2012,ICT,KS,ACE,CE,Combined TRACON& Tower with Radar,35,51,49,21,156,0,2,43,0,45,35,53,92,21,201,125,40,165,366
05/21/2012,ICT,KS,ACE,CE,Combined TRACON& Tower with Radar,38,81,83,98,300,0,5,64,0,69,38,86,147,98,369,96,120,216,585
05/22/2012,ICT,KS,ACE,CE,Combined TRACON& Tower with Radar,38,80,96,108,322,0,5,86,1,92,38,85,182,109,414,98,141,239,653
05/23/2012,ICT,KS,ACE,CE,Combined TRACON& Tower with Radar,42,81,81,89,293,0,3,43,2,48,42,84,124,91,341,28,160,188,529
05/24/2012,ICT,KS,ACE,CE,Combined TRACON& Tower with Radar,40,80,93,44,257,0,3,94,0,97,40,83,187,44,354,80,46,126,480
05/25/2012,ICT,KS,ACE,CE,Combined TRACON& Tower with Radar,42,76,130,0,248,0,0,32,0,32,42,76,162,0,280,46,0,46,326
05/26/2012,ICT,KS,ACE,CE,Combined TRACON& Tower with Radar,25,43,39,1,108,0,4,28,0,32,25,47,67,1,140,28,0,28,168
05/27/2012,ICT,KS,ACE,CE,Combined TRACON& Tower with Radar,33,35,24,0,92,0,5,10,0,15,33,40,34,0,107,6,0,6,113
05/28/2012,ICT,KS,ACE,CE,Combined TRACON& Tower with Radar,37,52,47,0,136,0,5,54,1,60,37,57,101,1,196,84,0,84,280
05/29/2012,ICT,KS,ACE,CE,Combined TRACON& Tower with Radar,39,82,80,116,317,0,7,70,0,77,39,89,150,116,394,170,166,336,730
05/30/2012,ICT,KS,ACE,CE,Combined TRACON& Tower with Radar,48,74,71,110,303,0,3,81,2,86,48,77,152,112,389,96,174,270,659
05/31/2012,ICT,KS,ACE,CE,Combined TRACON& Tower with Radar,42,72,104,145,363,0,6,71,0,77,42,78,175,145,440,70,142,212,652
06/01/2012,ICT,KS,ACE,CE,Combined TRACON& Tower with Radar,40,72,105,43,260,0,4,106,2,112,40,76,211,45,372,168,32,200,572
06/02/2012,ICT,KS,ACE,CE,Combined TRACON& Tower with Radar,35,52,62,11,160,0,5,137,3,145,35,57,199,14,305,132,34,166,471
06/03/2012,ICT,KS,ACE,CE,Combined TRACON& Tower with Radar,36,49,75,4,164,0,3,33,1,37,36,52,108,5,201,62,2,64,265
06/04/2012,ICT,KS,ACE,CE,Combined TRACON& Tower with Radar,41,77,92,63,273,0,4,83,0,87,41,81,175,63,360,164,52,216,576
06/05/2012,ICT,KS,ACE,CE,Combined TRACON& Tower with Radar,40,69,116,91,316,0,7,102,0,109,40,76,218,91,425,162,88,250,675
06/06/2012,ICT,KS,ACE,CE,Combined TRACON& Tower with Radar,44,70,116,122,352,0,12,74,0,86,44,82,190,122,438,74,160,234,672
06/07/2012,ICT,KS,ACE,CE,Combined TRACON& Tower with Radar,45,72,121,113,351,0,4,94,5,103,45,76,215,118,454,98,120,218,672
06/08/2012,ICT,KS,ACE,CE,Combined TRACON& Tower with Radar,48,76,95,52,271,0,10,92,3,105,48,86,187,55,376,102,98,200,576
06/09/2012,ICT,KS,ACE,CE,Combined TRACON& Tower with Radar,36,36,31,6,109,0,5,210,0,215,36,41,241,6,324,282,10,292,616
06/10/2012,ICT,KS,ACE,CE,Combined TRACON& Tower with Radar,42,52,48,21,163,0,2,13,0,15,42,54,61,21,178,26,26,52,230
06/11/2012,ICT,KS,ACE,CE,Combined TRACON& Tower with Radar,42,71,86,98,297,0,4,63,3,70,42,75,149,101,367,106,142,248,615
06/12/2012,ICT,KS,ACE,CE,Combined TRACON& Tower with Radar,44,72,110,154,380,0,14,121,2,137,44,86,231,156,517,138,236,374,891
06/13/2012,ICT,KS,ACE,CE,Combined TRACON& Tower with Radar,47,75,119,100,341,0,6,78,12,96,47,81,197,112,437,48,194,242,679
06/14/2012,ICT,KS,ACE,CE,Combined TRACON& Tower with Radar,44,73,90,64,271,0,12,77,0,89,44,85,167,64,360,110,64,174,534
06/15/2012,ICT,KS,ACE,CE,Combined TRACON& Tower with Radar,44,65,106,59,274,0,5,98,0,103,44,70,204,59,377,88,78,166,543
06/16/2012,ICT,KS,ACE,CE,Combined TRACON& Tower with Radar,31,48,54,0,133,0,8,61,1,70,31,56,115,1,203,76,0,76,279
06/17/2012,ICT,KS,ACE,CE,Combined TRACON& Tower with Radar,42,53,62,4,161,0,4,44,1,49,42,57,106,5,210,46,6,52,262
06/18/2012,ICT,KS,ACE,CE,Combined TRACON& Tower with Radar,45,67,88,77,277,0,12,71,2,85,45,79,159,79,362,104,92,196,558
06/19/2012,ICT,KS,ACE,CE,Combined TRACON& Tower with Radar,45,71,115,109,340,0,17,49,5,71,45,88,164,114,411,184,356,540,951
06/20/2012,ICT,KS,ACE,CE,Combined TRACON& Tower with Radar,48,72,166,57,343,0,2,30,2,34,48,74,196,59,377,52,128,180,557
06/21/2012,ICT,KS,ACE,CE,Combined TRACON& Tower with Radar,48,70,122,119,359,0,5,59,5,69,48,75,181,124,428,98,126,224,652
06/22/2012,ICT,KS,ACE,CE,Combined TRACON& Tower with Radar,46,64,100,100,310,0,19,128,20,167,46,83,228,120,477,156,140,296,773
06/23/2012,ICT,KS,ACE,CE,Combined TRACON& Tower with Radar,30,56,41,9,136,0,12,42,1,55,30,68,83,10,191,60,22,82,273
06/24/2012,ICT,KS,ACE,CE,Combined TRACON& Tower with Radar,44,49,51,10,154,0,4,47,1,52,44,53,98,11,206,64,4,68,274
06/25/2012,ICT,KS,ACE,CE,Combined TRACON& Tower with Radar,42,79,102,28,251,0,8,65,1,74,42,87,167,29,325,40,14,54,379
06/26/2012,ICT,KS,ACE,CE,Combined TRACON& Tower with Radar,46,59,113,103,321,0,6,111,1,118,46,65,224,104,439,150,44,194,633
06/27/2012,ICT,KS,ACE,CE,Combined TRACON& Tower with Radar,48,85,110,96,339,0,3,91,0,94,48,88,201,96,433,152,186,338,771
06/28/2012,ICT,KS,ACE,CE,Combined TRACON& Tower with Radar,47,79,140,64,330,0,15,92,5,112,47,94,232,69,442,144,104,248,690
06/29/2012,ICT,KS,ACE,CE,Combined TRACON& Tower with Radar,49,65,117,46,277,0,8,78,0,86,49,73,195,46,363,58,80,138,501
06/30/2012,ICT,KS,ACE,CE,Combined TRACON& Tower with Radar,32,44,55,5,136,0,5,60,0,65,32,49,115,5,201,46,14,60,261
07/01/2012,ICT,KS,ACE,CE,Combined TRACON& Tower with Radar,39,59,46,0,144,0,1,24,0,25,39,60,70,0,169,38,0,38,207
07/02/2012,ICT,KS,ACE,CE,Combined TRACON& Tower with Radar,37,61,75,90,263,0,2,62,0,64,37,63,137,90,327,66,108,174,501
07/03/2012,ICT,KS,ACE,CE,Combined TRACON& Tower with Radar,34,52,68,85,239,0,5,101,1,107,34,57,169,86,346,154,106,260,606
07/04/2012,ICT,KS,ACE,CE,Combined TRACON& Tower with Radar,28,29,19,0,76,0,8,55,0,63,28,37,74,0,139,30,0,30,169
07/05/2012,ICT,KS,ACE,CE,Combined TRACON& Tower with Radar,39,55,83,2,179,0,6,83,0,89,39,61,166,2,268,80,0,80,348
07/06/2012,ICT,KS,ACE,CE,Combined TRACON& Tower with Radar,42,54,78,70,244,0,10,97,0,107,42,64,175,70,351,76,72,148,499
07/07/2012,ICT,KS,ACE,CE,Combined TRACON& Tower with Radar,31,42,20,3,96,0,3,53,1,57,31,45,73,4,153,24,0,24,177
07/08/2012,ICT,KS,ACE,CE,Combined TRACON& Tower with Radar,36,54,45,27,162,0,4,33,0,37,36,58,78,27,199,42,26,68,267
07/09/2012,ICT,KS,ACE,CE,Combined TRACON& Tower with Radar,38,80,74,74,266,0,9,70,0,79,38,89,144,74,345,106,58,164,509
07/10/2012,ICT,KS,ACE,CE,Combined TRACON& Tower with Radar,38,72,91,101,302,0,1,71,5,77,38,73,162,106,379,118,126,244,623
07/11/2012,ICT,KS,ACE,CE,Combined TRACON& Tower with Radar,46,72,95,89,302,0,6,103,8,117,46,78,198,97,419,156,118,274,693
07/12/2012,ICT,KS,ACE,CE,Combined TRACON& Tower with Radar,39,76,122,127,364,0,3,92,2,97,39,79,214,129,461,124,136,260,721
07/13/2012,ICT,KS,ACE,CE,Combined TRACON& Tower with Radar,45,72,64,83,264,0,14,73,0,87,45,86,137,83,351,74,120,194,545
07/14/2012,ICT,KS,ACE,CE,Combined TRACON& Tower with Radar,26,45,47,8,126,0,7,76,6,89,26,52,123,14,215,118,20,138,353
07/15/2012,ICT,KS,ACE,CE,Combined TRACON& Tower with Radar,36,56,64,41,197,0,7,37,0,44,36,63,101,41,241,68,48,116,357
07/16/2012,ICT,KS,ACE,CE,Combined TRACON& Tower with Radar,38,79,102,85,304,0,5,72,0,77,38,84,174,85,381,80,164,244,625
07/17/2012,ICT,KS,ACE,CE,Combined TRACON& Tower with Radar,38,78,78,120,314,0,9,87,4,100,38,87,165,124,414,76,144,220,634
07/18/2012,ICT,KS,ACE,CE,Combined TRACON& Tower with Radar,38,86,90,120,334,0,9,92,1,102,38,95,182,121,436,182,186,368,804
07/19/2012,ICT,KS,ACE,CE,Combined TRACON& Tower with Radar,40,78,102,118,338,0,1,73,2,76,40,79,175,120,414,170,126,296,710
07/20/2012,ICT,KS,ACE,CE,Combined TRACON& Tower with Radar,43,88,90,72,293,0,5,86,11,102,43,93,176,83,395,68,94,162,557
07/21/2012,ICT,KS,ACE,CE,Combined TRACON& Tower with Radar,27,63,60,2,152,0,4,56,1,61,27,67,116,3,213,86,4,90,303
07/22/2012,ICT,KS,ACE,CE,Combined TRACON& Tower with Radar,37,55,53,26,171,0,0,41,2,43,37,55,94,28,214,40,14,54,268
07/23/2012,ICT,KS,ACE,CE,Combined TRACON& Tower with Radar,39,76,81,86,282,0,5,47,2,54,39,81,128,88,336,76,108,184,520
07/24/2012,ICT,KS,ACE,CE,Combined TRACON& Tower with Radar,37,60,90,69,256,0,5,66,6,77,37,65,156,75,333,54,76,130,463
07/25/2012,ICT,KS,ACE,CE,Combined TRACON& Tower with Radar,44,78,87,96,305,0,9,68,2,79,44,87,155,98,384,50,100,150,534
07/26/2012,ICT,KS,ACE,CE,Combined TRACON& Tower with Radar,43,84,110,109,346,0,2,72,8,82,43,86,182,117,428,102,116,218,646
07/27/2012,ICT,KS,ACE,CE,Combined TRACON& Tower with Radar,43,70,67,82,262,0,1,92,4,97,43,71,159,86,359,96,118,214,573
07/28/2012,ICT,KS,ACE,CE,Combined TRACON& Tower with Radar,28,47,31,2,108,0,8,43,2,53,28,55,74,4,161,74,4,78,239
07/29/2012,ICT,KS,ACE,CE,Combined TRACON& Tower with Radar,35,61,50,2,148,0,5,47,0,52,35,66,97,2,200,70,0,70,270
07/30/2012,ICT,KS,ACE,CE,Combined TRACON& Tower with Radar,41,74,93,101,309,0,7,59,0,66,41,81,152,101,375,98,166,264,639
07/31/2012,ICT,KS,ACE,CE,Combined TRACON& Tower with Radar,37,71,99,69,276,0,7,89,2,98,37,78,188,71,374,130,58,188,562
08/01/2012,ICT,KS,ACE,CE,Combined TRACON& Tower with Radar,42,80,96,42,260,0,2,81,6,89,42,82,177,48,349,44,30,74,423
08/02/2012,ICT,KS,ACE,CE,Combined TRACON& Tower with Radar,41,79,89,85,294,0,4,53,5,62,41,83,142,90,356,97,106,203,559
08/03/2012,ICT,KS,ACE,CE,Combined TRACON& Tower with Radar,44,69,73,39,225,0,7,59,2,68,44,76,132,41,293,12,28,40,333
08/04/2012,ICT,KS,ACE,CE,Combined TRACON& Tower with Radar,27,44,32,0,103,0,3,39,1,43,27,47,71,1,146,28,0,28,174
08/05/2012,ICT,KS,ACE,CE,Combined TRACON& Tower with Radar,35,62,50,7,154,0,5,57,0,62,35,67,107,7,216,16,12,28,244
08/06/2012,ICT,KS,ACE,CE,Combined TRACON& Tower with Radar,40,71,86,59,256,0,6,65,0,71,40,77,151,59,327,84,30,114,441
08/07/2012,ICT,KS,ACE,CE,Combined TRACON& Tower with Radar,38,69,64,27,198,0,4,52,5,61,38,73,116,32,259,62,74,136,395
08/08/2012,ICT,KS,ACE,CE,Combined TRACON& Tower with Radar,44,80,96,84,304,0,6,65,0,71,44,86,161,84,375,94,96,190,565
08/09/2012,ICT,KS,ACE,CE,Combined TRACON& Tower with Radar,37,76,63,105,281,0,2,73,2,77,37,78,136,107,358,32,144,176,534
08/10/2012,ICT,KS,ACE,CE,Combined TRACON& Tower with Radar,44,61,82,81,268,0,9,100,0,109,44,70,182,81,377,60,124,184,561
08/11/2012,ICT,KS,ACE,CE,Combined TRACON& Tower with Radar,30,46,62,8,146,0,6,81,0,87,30,52,143,8,233,70,10,80,313
08/12/2012,ICT,KS,ACE,CE,Combined TRACON& Tower with Radar,35,60,62,18,175,0,1,39,1,41,35,61,101,19,216,52,20,72,288
08/13/2012,ICT,KS,ACE,CE,Combined TRACON& Tower with Radar,40,67,94,133,334,0,7,56,1,64,40,74,150,134,398,102,164,266,664
08/14/2012,ICT,KS,ACE,CE,Combined TRACON& Tower with Radar,34,74,92,34,234,0,3,42,0,45,34,77,134,34,279,92,54,146,425
08/15/2012,ICT,KS,ACE,CE,Combined TRACON& Tower with Radar,37,61,104,119,321,0,7,75,2,84,37,68,179,121,405,56,140,196,601
08/16/2012,ICT,KS,ACE,CE,Combined TRACON& Tower with Radar,52,59,95,148,354,2,1,71,6,80,54,60,166,154,434,77,188,265,699
08/17/2012,ICT,KS,ACE,CE,Combined TRACON& Tower with Radar,48,73,111,145,377,0,6,84,14,104,48,79,195,159,481,74,194,268,749
08/18/2012,ICT,KS,ACE,CE,Combined TRACON& Tower with Radar,25,52,47,3,127,0,1,56,0,57,25,53,103,3,184,92,0,92,276
08/19/2012,ICT,KS,ACE,CE,Combined TRACON& Tower with Radar,41,55,56,14,166,0,2,54,0,56,41,57,110,14,222,48,8,56,278
08/20/2012,ICT,KS,ACE,CE,Combined TRACON& Tower with Radar,38,68,95,75,276,0,3,77,0,80,38,71,172,75,356,116,132,248,604
08/21/2012,ICT,KS,ACE,CE,Combined TRACON& Tower with Radar,37,69,102,104,312,0,5,65,1,71,37,74,167,105,383,96,60,156,539
08/22/2012,ICT,KS,ACE,CE,Combined TRACON& Tower with Radar,39,62,95,108,304,0,3,83,1,87,39,65,178,109,391,88,170,258,649
08/23/2012,ICT,KS,ACE,CE,Combined TRACON& Tower with Radar,42,91,92,116,341,0,4,54,1,59,42,95,146,117,400,66,210,276,676
08/24/2012,ICT,KS,ACE,CE,Combined TRACON& Tower with Radar,43,68,102,25,238,0,3,20,0,23,43,71,122,25,261,36,30,66,327
08/25/2012,ICT,KS,ACE,CE,Combined TRACON& Tower with Radar,27,46,33,1,107,0,0,7,0,7,27,46,40,1,114,18,0,18,132
08/26/2012,ICT,KS,ACE,CE,Combined TRACON& Tower with Radar,32,50,64,3,149,0,4,45,0,49,32,54,109,3,198,58,0,58,256
08/27/2012,ICT,KS,ACE,CE,Combined TRACON& Tower with Radar,39,79,90,89,297,0,11,101,5,117,39,90,191,94,414,123,88,211,625
08/28/2012,ICT,KS,ACE,CE,Combined TRACON& Tower with Radar,36,70,94,98,298,0,8,92,0,100,36,78,186,98,398,136,128,264,662
08/29/2012,ICT,KS,ACE,CE,Combined TRACON& Tower with Radar,38,72,91,87,288,0,8,92,9,109,38,80,183,96,397,120,106,226,623
08/30/2012,ICT,KS,ACE,CE,Combined TRACON& Tower with Radar,42,70,119,80,311,0,15,92,0,107,42,85,211,80,418,96,74,170,588
08/31/2012,ICT,KS,ACE,CE,Combined TRACON& Tower with Radar,46,73,98,82,299,0,7,79,1,87,46,80,177,83,386,94,155,249,635
09/01/2012,ICT,KS,ACE,CE,Combined TRACON& Tower with Radar,23,41,32,0,96,0,0,41,0,41,23,41,73,0,137,24,0,24,161
09/02/2012,ICT,KS,ACE,CE,Combined TRACON& Tower with Radar,25,34,19,24,102,0,4,34,1,39,25,38,53,25,141,18,30,48,189
09/03/2012,ICT,KS,ACE,CE,Combined TRACON& Tower with Radar,37,51,39,0,127,0,11,46,0,57,37,62,85,0,184,64,0,64,248
09/04/2012,ICT,KS,ACE,CE,Combined TRACON& Tower with Radar,40,76,86,54,256,0,2,61,1,64,40,78,147,55,320,88,42,130,450
09/05/2012,ICT,KS,ACE,CE,Combined TRACON& Tower with Radar,41,73,95,120,329,0,11,83,11,105,41,84,178,131,434,88,138,226,660
09/06/2012,ICT,KS,ACE,CE,Combined TRACON& Tower with Radar,43,78,98,112,331,0,6,77,4,87,43,84,175,116,418,70,146,216,634
09/07/2012,ICT,KS,ACE,CE,Combined TRACON& Tower with Radar,46,65,87,49,247,0,1,36,2,39,46,66,123,51,286,12,12,24,310
09/08/2012,ICT,KS,ACE,CE,Combined TRACON& Tower with Radar,26,40,54,10,130,0,7,94,2,103,26,47,148,12,233,40,10,50,283
09/09/2012,ICT,KS,ACE,CE,Combined TRACON& Tower with Radar,41,53,40,8,142,0,1,65,1,67,41,54,105,9,209,66,32,98,307
09/10/2012,ICT,KS,ACE,CE,Combined TRACON& Tower with Radar,43,68,81,77,269,0,20,74,2,96,43,88,155,79,365,60,70,130,495
09/11/2012,ICT,KS,ACE,CE,Combined TRACON& Tower with Radar,38,66,120,72,296,0,6,62,0,68,38,72,182,72,364,34,96,130,494
09/12/2012,ICT,KS,ACE,CE,Combined TRACON& Tower with Radar,42,74,99,49,264,0,9,56,3,68,42,83,155,52,332,64,88,152,484
09/13/2012,ICT,KS,ACE,CE,Combined TRACON& Tower with Radar,43,58,104,36,241,0,0,2,0,2,43,58,106,36,243,12,40,52,295
09/14/2012,ICT,KS,ACE,CE,Combined TRACON& Tower with Radar,47,61,88,90,286,0,7,81,5,93,47,68,169,95,379,62,106,168,547
09/15/2012,ICT,KS,ACE,CE,Combined TRACON& Tower with Radar,31,44,119,0,194,0,0,3,0,3,31,44,122,0,197,26,0,26,223
09/16/2012,ICT,KS,ACE,CE,Combined TRACON& Tower with Radar,40,58,65,14,177,0,5,28,0,33,40,63,93,14,210,70,22,92,302
09/17/2012,ICT,KS,ACE,CE,Combined TRACON& Tower with Radar,40,71,104,60,275,0,5,60,1,66,40,76,164,61,341,24,24,48,389
09/18/2012,ICT,KS,ACE,CE,Combined TRACON& Tower with Radar,42,75,82,119,318,0,8,84,3,95,42,83,166,122,413,114,174,288,701
09/19/2012,ICT,KS,ACE,CE,Combined TRACON& Tower with Radar,40,66,147,49,302,0,9,95,3,107,40,75,242,52,409,84,28,112,521
09/20/2012,ICT,KS,ACE,CE,Combined TRACON& Tower with Radar,42,64,101,94,301,0,7,86,1,94,42,71,187,95,395,80,112,192,587
09/21/2012,ICT,KS,ACE,CE,Combined TRACON& Tower with Radar,46,68,99,106,319,0,3,95,1,99,46,71,194,107,418,94,164,258,676
09/22/2012,ICT,KS,ACE,CE,Combined TRACON& Tower with Radar,30,47,50,1,128,0,18,87,1,106,30,65,137,2,234,62,0,62,296
09/23/2012,ICT,KS,ACE,CE,Combined TRACON& Tower with Radar,41,45,62,23,171,0,8,63,1,72,41,53,125,24,243,55,32,87,330
09/24/2012,ICT,KS,ACE,CE,Combined TRACON& Tower with Radar,41,70,106,46,263,0,3,47,0,50,41,73,153,46,313,42,72,114,427
09/25/2012,ICT,KS,ACE,CE,Combined TRACON& Tower with Radar,38,65,104,130,337,0,4,78,3,85,38,69,182,133,422,97,160,257,679
09/26/2012,ICT,KS,ACE,CE,Combined TRACON& Tower with Radar,41,77,171,50,339,0,5,59,1,65,41,82,230,51,404,38,60,98,502
09/27/2012,ICT,KS,ACE,CE,Combined TRACON& Tower with Radar,43,73,131,137,384,0,6,8,0,14,43,79,139,137,398,44,134,178,576
09/28/2012,ICT,KS,ACE,CE,Combined TRACON& Tower with Radar,49,65,155,54,323,0,3,29,0,32,49,68,184,54,355,44,34,78,433
09/29/2012,ICT,KS,ACE,CE,Combined TRACON& Tower with Radar,28,35,56,4,123,0,2,47,0,49,28,37,103,4,172,32,0,32,204
09/30/2012,ICT,KS,ACE,CE,Combined TRACON& Tower with Radar,42,52,74,4,172,0,7,42,0,49,42,59,116,4,221,16,0,16,237
10/01/2012,ICT,KS,ACE,CE,Combined TRACON& Tower with Radar,43,60,99,58,260,0,9,45,6,60,43,69,144,64,320,48,90,138,458
10/02/2012,ICT,KS,ACE,CE,Combined TRACON& Tower with Radar,39,71,119,89,318,0,7,94,11,112,39,78,213,100,430,106,164,270,700
10/03/2012,ICT,KS,ACE,CE,Combined TRACON& Tower with Radar,36,67,124,81,308,0,10,76,3,89,36,77,200,84,397,62,84,146,543
10/04/2012,ICT,KS,ACE,CE,Combined TRACON& Tower with Radar,44,71,111,96,322,0,5,59,1,65,44,76,170,97,387,98,124,222,609
10/05/2012,ICT,KS,ACE,CE,Combined TRACON& Tower with Radar,48,79,85,157,369,0,12,57,2,71,48,91,142,159,440,92,242,334,774
10/06/2012,ICT,KS,ACE,CE,Combined TRACON& Tower with Radar,22,47,51,2,122,0,2,34,0,36,22,49,85,2,158,22,2,24,182
10/07/2012,ICT,KS,ACE,CE,Combined TRACON& Tower with Radar,39,54,63,21,177,0,0,66,0,66,39,54,129,21,243,75,20,95,338
10/08/2012,ICT,KS,ACE,CE,Combined TRACON& Tower with Radar,44,64,80,22,210,0,10,74,0,84,44,74,154,22,294,64,20,84,378
10/09/2012,ICT,KS,ACE,CE,Combined TRACON& Tower with Radar,34,75,76,37,222,0,10,61,1,72,34,85,137,38,294,32,52,84,378
10/10/2012,ICT,KS,ACE,CE,Combined TRACON& Tower with Radar,38,73,111,104,326,0,11,98,3,112,38,84,209,107,438,60,125,185,623
10/11/2012,ICT,KS,ACE,CE,Combined TRACON& Tower with Radar,46,78,129,150,403,0,5,43,2,50,46,83,172,152,453,94,210,304,757
10/12/2012,ICT,KS,ACE,CE,Combined TRACON& Tower with Radar,46,62,89,54,251,0,2,3,0,5,46,64,92,54,256,6,36,42,298
10/13/2012,ICT,KS,ACE,CE,Combined TRACON& Tower with Radar,24,34,38,0,96,0,0,1,0,1,24,34,39,0,97,6,0,6,103
10/14/2012,ICT,KS,ACE,CE,Combined TRACON& Tower with Radar,40,44,63,0,147,0,10,51,0,61,40,54,114,0,208,34,0,34,242
10/15/2012,ICT,KS,ACE,CE,Combined TRACON& Tower with Radar,42,59,96,106,303,0,14,87,4,105,42,73,183,110,408,74,170,244,652
10/16/2012,ICT,KS,ACE,CE,Combined TRACON& Tower with Radar,39,65,91,73,268,0,11,75,2,88,39,76,166,75,356,177,144,321,677
10/17/2012,ICT,KS,ACE,CE,Combined TRACON& Tower with Radar,39,78,91,74,282,0,14,38,0,52,39,92,129,74,334,56,118,174,508
10/18/2012,ICT,KS,ACE,CE,Combined TRACON& Tower with Radar,46,69,102,51,268,0,3,16,0,19,46,72,118,51,287,46,40,86,373
10/19/2012,ICT,KS,ACE,CE,Combined TRACON& Tower with Radar,46,77,96,88,307,0,10,65,0,75,46,87,161,88,382,46,124,170,552
10/20/2012,ICT,KS,ACE,CE,Combined TRACON& Tower with Radar,27,42,73,0,142,0,3,83,0,86,27,45,156,0,228,100,0,100,328
10/21/2012,ICT,KS,ACE,CE,Combined TRACON& Tower with Radar,40,42,63,46,191,0,4,40,0,44,40,46,103,46,235,70,44,114,349
10/22/2012,ICT,KS,ACE,CE,Combined TRACON& Tower with Radar,43,79,122,139,383,0,6,74,0,80,43,85,196,139,463,90,182,272,735
10/23/2012,ICT,KS,ACE,CE,Combined TRACON& Tower with Radar,37,65,99,91,292,0,9,46,2,57,37,74,145,93,349,26,86,112,461
10/24/2012,ICT,KS,ACE,CE,Combined TRACON& Tower with Radar,42,57,133,65,297,0,10,23,0,33,42,67,156,65,330,68,58,126,456
10/25/2012,ICT,KS,ACE,CE,Combined TRACON& Tower with Radar,43,68,92,79,282,0,11,22,0,33,43,79,114,79,315,24,64,88,403
10/26/2012,ICT,KS,ACE,CE,Combined TRACON& Tower with Radar,44,66,91,9,210,0,14,57,0,71,44,80,148,9,281,60,8,68,349
10/27/2012,ICT,KS,ACE,CE,Combined TRACON& Tower with Radar,24,40,52,10,126,0,5,79,0,84,24,45,131,10,210,130,14,144,354
10/28/2012,ICT,KS,ACE,CE,Combined TRACON& Tower with Radar,42,36,60,18,156,0,3,55,0,58,42,39,115,18,214,58,20,78,292
10/29/2012,ICT,KS,ACE,CE,Combined TRACON& Tower with Radar,43,65,88,68,264,0,6,73,7,86,43,71,161,75,350,76,98,174,524
10/30/2012,ICT,KS,ACE,CE,Combined TRACON& Tower with Radar,36,61,54,23,174,0,5,80,0,85,36,66,134,23,259,134,56,190,449
10/31/2012,ICT,KS,ACE,CE,Combined TRACON& Tower with Radar,33,58,79,65,235,0,2,70,0,72,33,60,149,65,307,102,110,212,519
11/01/2012,ICT,KS,ACE,CE,Combined TRACON& Tower with Radar,46,58,93,42,239,0,10,94,3,107,46,68,187,45,346,130,32,162,508
11/02/2012,ICT,KS,ACE,CE,Combined TRACON& Tower with Radar,44,66,90,29,229,0,9,89,2,100,44,75,179,31,329,34,30,64,393
11/03/2012,ICT,KS,ACE,CE,Combined TRACON& Tower with Radar,24,36,52,17,129,0,5,103,0,108,24,41,155,17,237,134,32,166,403
11/04/2012,ICT,KS,ACE,CE,Combined TRACON& Tower with Radar,40,41,53,22,156,0,8,89,1,98,40,49,142,23,254,158,22,180,434
11/05/2012,ICT,KS,ACE,CE,Combined TRACON& Tower with Radar,42,50,80,38,210,0,6,29,1,36,42,56,109,39,246,6,42,48,294
11/06/2012,ICT,KS,ACE,CE,Combined TRACON& Tower with Radar,38,56,88,102,284,0,8,61,1,70,38,64,149,103,354,58,156,214,568
11/07/2012,ICT,KS,ACE,CE,Combined TRACON& Tower with Radar,40,59,110,61,270,0,17,86,2,105,40,76,196,63,375,100,70,170,545
11/08/2012,ICT,KS,ACE,CE,Combined TRACON& Tower with Radar,44,60,126,64,294,0,10,55,0,65,44,70,181,64,359,52,110,162,521
11/09/2012,ICT,KS,ACE,CE,Combined TRACON& Tower with Radar,44,63,90,34,231,0,5,56,3,64,44,68,146,37,295,62,22,84,379
11/10/2012,ICT,KS,ACE,CE,Combined TRACON& Tower with Radar,28,44,48,0,120,0,7,8,0,15,28,51,56,0,135,8,0,8,143
11/11/2012,ICT,KS,ACE,CE,Combined TRACON& Tower with Radar,40,49,41,0,130,0,4,13,0,17,40,53,54,0,147,42,0,42,189
11/12/2012,ICT,KS,ACE,CE,Combined TRACON& Tower with Radar,42,68,92,3,205,0,4,83,1,88,42,72,175,4,293,108,0,108,401
11/13/2012,ICT,KS,ACE,CE,Combined TRACON& Tower with Radar,40,67,117,47,271,0,6,85,0,91,40,73,202,47,362,74,82,156,518
11/14/2012,ICT,KS,ACE,CE,Combined TRACON& Tower with Radar,42,70,107,53,272,0,4,77,4,85,42,74,184,57,357,54,60,114,471
11/15/2012,ICT,KS,ACE,CE,Combined TRACON& Tower with Radar,43,71,109,88,311,0,15,73,1,89,43,86,182,89,400,80,116,196,596
11/16/2012,ICT,KS,ACE,CE,Combined TRACON& Tower with Radar,42,77,104,43,266,0,10,93,0,103,42,87,197,43,369,66,42,108,477
11/17/2012,ICT,KS,ACE,CE,Combined TRACON& Tower with Radar,25,46,45,14,130,0,10,62,0,72,25,56,107,14,202,57,14,71,273
11/18/2012,ICT,KS,ACE,CE,Combined TRACON& Tower with Radar,35,37,60,24,156,0,2,43,0,45,35,39,103,24,201,16,32,48,249
11/19/2012,ICT,KS,ACE,CE,Combined TRACON& Tower with Radar,34,42,115,89,280,0,1,70,5,76,34,43,185,94,356,95,92,187,543
11/20/2012,ICT,KS,ACE,CE,Combined TRACON& Tower with Radar,40,73,89,49,251,0,14,105,0,119,40,87,194,49,370,107,52,159,529
11/21/2012,ICT,KS,ACE,CE,Combined TRACON& Tower with Radar,44,68,85,38,235,0,6,70,0,76,44,74,155,38,311,22,28,50,361
11/22/2012,ICT,KS,ACE,CE,Combined TRACON& Tower with Radar,16,25,7,3,51,0,3,16,2,21,16,28,23,5,72,4,0,4,76
11/23/2012,ICT,KS,ACE,CE,Combined TRACON& Tower with Radar,26,45,36,0,107,0,3,43,0,46,26,48,79,0,153,16,0,16,169
11/24/2012,ICT,KS,ACE,CE,Combined TRACON& Tower with Radar,32,44,32,0,108,0,4,57,0,61,32,48,89,0,169,22,0,22,191
11/25/2012,ICT,KS,ACE,CE,Combined TRACON& Tower with Radar,42,48,57,0,147,0,7,40,0,47,42,55,97,0,194,74,0,74,268
11/26/2012,ICT,KS,ACE,CE,Combined TRACON& Tower with Radar,40,61,74,108,283,0,13,45,0,58,40,74,119,108,341,28,152,180,521
11/27/2012,ICT,KS,ACE,CE,Combined TRACON& Tower with Radar,36,58,110,44,248,0,13,60,1,74,36,71,170,45,322,40,46,86,408
11/28/2012,ICT,KS,ACE,CE,Combined TRACON& Tower with Radar,36,66,115,74,291,0,13,85,0,98,36,79,200,74,389,70,88,158,547
11/29/2012,ICT,KS,ACE,CE,Combined TRACON& Tower with Radar,40,72,101,78,291,0,4,78,5,87,40,76,179,83,378,62,128,190,568
11/30/2012,ICT,KS,ACE,CE,Combined TRACON& Tower with Radar,46,69,118,59,292,0,3,96,0,99,46,72,214,59,391,80,92,172,563
12/01/2012,ICT,KS,ACE,CE,Combined TRACON& Tower with Radar,25,41,56,4,126,0,10,52,0,62,25,51,108,4,188,82,0,82,270
12/02/2012,ICT,KS,ACE,CE,Combined TRACON& Tower with Radar,35,45,59,5,144,0,5,53,0,58,35,50,112,5,202,48,0,48,250
12/03/2012,ICT,KS,ACE,CE,Combined TRACON& Tower with Radar,40,52,112,92,296,0,8,46,0,54,40,60,158,92,350,56,74,130,480
12/04/2012,ICT,KS,ACE,CE,Combined TRACON& Tower with Radar,46,68,94,106,314,0,10,75,0,85,46,78,169,106,399,58,144,202,601
12/05/2012,ICT,KS,ACE,CE,Combined TRACON& Tower with Radar,36,70,137,28,271,0,10,100,1,111,36,80,237,29,382,40,28,68,450
12/06/2012,ICT,KS,ACE,CE,Combined TRACON& Tower with Radar,40,65,156,53,314,1,14,11,0,26,41,79,167,53,340,16,36,52,392
12/07/2012,ICT,KS,ACE,CE,Combined TRACON& Tower with Radar,42,59,121,81,303,0,5,45,0,50,42,64,166,81,353,58,70,128,481
12/08/2012,ICT,KS,ACE,CE,Combined TRACON& Tower with Radar,26,45,53,0,124,0,3,27,0,30,26,48,80,0,154,12,0,12,166
12/09/2012,ICT,KS,ACE,CE,Combined TRACON& Tower with Radar,37,55,58,8,158,0,6,9,0,15,37,61,67,8,173,4,0,4,177
12/10/2012,ICT,KS,ACE,CE,Combined TRACON& Tower with Radar,39,55,116,64,274,0,6,47,0,53,39,61,163,64,327,24,90,114,441
12/11/2012,ICT,KS,ACE,CE,Combined TRACON& Tower with Radar,35,58,90,85,268,0,8,78,0,86,35,66,168,85,354,60,80,140,494
12/12/2012,ICT,KS,ACE,CE,Combined TRACON& Tower with Radar,39,63,143,73,318,0,7,81,1,89,39,70,224,74,407,54,76,130,537
12/13/2012,ICT,KS,ACE,CE,Combined TRACON& Tower with Radar,42,75,105,65,287,0,3,66,2,71,42,78,171,67,358,44,84,128,486
12/14/2012,ICT,KS,ACE,CE,Combined TRACON& Tower with Radar,43,59,119,73,294,0,5,31,1,37,43,64,150,74,331,36,72,108,439
12/15/2012,ICT,KS,ACE,CE,Combined TRACON& Tower with Radar,22,41,97,0,160,0,6,71,0,77,22,47,168,0,237,48,0,48,285
12/16/2012,ICT,KS,ACE,CE,Combined TRACON& Tower with Radar,36,41,73,0,150,0,2,31,0,33,36,43,104,0,183,56,6,62,245
12/17/2012,ICT,KS,ACE,CE,Combined TRACON& Tower with Radar,39,60,110,42,251,2,8,92,0,102,41,68,202,42,353,98,20,118,471
12/18/2012,ICT,KS,ACE,CE,Combined TRACON& Tower with Radar,46,65,122,27,260,12,13,114,1,140,58,78,236,28,400,74,30,104,504
12/19/2012,ICT,KS,ACE,CE,Combined TRACON& Tower with Radar,48,58,118,51,275,1,4,28,2,35,49,62,146,53,310,30,60,90,400
12/20/2012,ICT,KS,ACE,CE,Combined TRACON& Tower with Radar,50,62,87,17,216,3,6,41,0,50,53,68,128,17,266,60,4,64,330
12/21/2012,ICT,KS,ACE,CE,Combined TRACON& Tower with Radar,45,71,131,15,262,0,8,88,0,96,45,79,219,15,358,42,12,54,412
12/22/2012,ICT,KS,ACE,CE,Combined TRACON& Tower with Radar,24,42,49,0,115,0,8,75,0,83,24,50,124,0,198,86,0,86,284
12/23/2012,ICT,KS,ACE,CE,Combined TRACON& Tower with Radar,34,39,47,0,120,0,6,6,0,12,34,45,53,0,132,2,0,2,134
12/24/2012,ICT,KS,ACE,CE,Combined TRACON& Tower with Radar,32,34,36,0,102,0,3,20,0,23,32,37,56,0,125,6,0,6,131
12/25/2012,ICT,KS,ACE,CE,Combined TRACON& Tower with Radar,21,33,5,0,59,0,0,0,0,0,21,33,5,0,59,0,0,0,59
12/26/2012,ICT,KS,ACE,CE,Combined TRACON& Tower with Radar,37,42,54,0,133,0,7,42,0,49,37,49,96,0,182,42,0,42,224
12/27/2012,ICT,KS,ACE,CE,Combined TRACON& Tower with Radar,43,58,110,1,212,0,1,26,0,27,43,59,136,1,239,74,0,74,313
12/28/2012,ICT,KS,ACE,CE,Combined TRACON& Tower with Radar,41,70,77,0,188,0,4,20,0,24,41,74,97,0,212,18,0,18,230
12/29/2012,ICT,KS,ACE,CE,Combined TRACON& Tower with Radar,29,31,32,0,92,0,7,49,0,56,29,38,81,0,148,32,0,32,180
12/30/2012,ICT,KS,ACE,CE,Combined TRACON& Tower with Radar,31,39,22,0,92,0,4,28,0,32,31,43,50,0,124,2,0,2,126
12/31/2012,ICT,KS,ACE,CE,Combined TRACON& Tower with Radar,28,40,13,0,81,0,3,1,0,4,28,43,14,0,85,0,0,0,85
01/01/2013,ICT,KS,ACE,CE,Combined TRACON& Tower with Radar,32,46,15,0,93,0,0,7,0,7,32,46,22,0,100,0,0,0,100
01/02/2013,ICT,KS,ACE,CE,Combined TRACON& Tower with Radar,38,55,48,16,157,0,6,25,1,32,38,61,73,17,189,32,30,62,251
01/03/2013,ICT,KS,ACE,CE,Combined TRACON& Tower with Radar,37,76,66,47,226,0,7,23,0,30,37,83,89,47,256,32,60,92,348
01/04/2013,ICT,KS,ACE,CE,Combined TRACON& Tower with Radar,47,49,55,74,225,0,11,52,1,64,47,60,107,75,289,44,112,156,445
01/05/2013,ICT,KS,ACE,CE,Combined TRACON& Tower with Radar,22,50,35,0,107,0,5,56,0,61,22,55,91,0,168,92,0,92,260
01/06/2013,ICT,KS,ACE,CE,Combined TRACON& Tower with Radar,35,51,47,5,138,0,8,70,1,79,35,59,117,6,217,66,4,70,287
01/07/2013,ICT,KS,ACE,CE,Combined TRACON& Tower with Radar,39,58,63,84,244,0,5,30,3,38,39,63,93,87,282,36,140,176,458
01/08/2013,ICT,KS,ACE,CE,Combined TRACON& Tower with Radar,33,62,72,102,269,0,12,41,0,53,33,74,113,102,322,28,140,168,490
01/09/2013,ICT,KS,ACE,CE,Combined TRACON& Tower with Radar,37,57,80,83,257,0,6,45,0,51,37,63,125,83,308,62,88,150,458
01/10/2013,ICT,KS,ACE,CE,Combined TRACON& Tower with Radar,39,59,75,8,181,0,0,0,0,0,39,59,75,8,181,8,10,18,199
01/11/2013,ICT,KS,ACE,CE,Combined TRACON& Tower with Radar,41,76,82,78,277,0,1,49,3,53,41,77,131,81,330,84,122,206,536
01/12/2013,ICT,KS,ACE,CE,Combined TRACON& Tower with Radar,23,44,43,0,110,0,2,30,0,32,23,46,73,0,142,6,0,6,148
01/13/2013,ICT,KS,ACE,CE,Combined TRACON& Tower with Radar,37,58,37,2,134,0,8,64,0,72,37,66,101,2,206,70,0,70,276
01/14/2013,ICT,KS,ACE,CE,Combined TRACON& Tower with Radar,36,48,91,70,245,0,5,61,0,66,36,53,152,70,311,116,112,228,539
01/15/2013,ICT,KS,ACE,CE,Combined TRACON& Tower with Radar,35,65,85,70,255,0,5,68,4,77,35,70,153,74,332,72,126,198,530
01/16/2013,ICT,KS,ACE,CE,Combined TRACON& Tower with Radar,39,58,104,55,256,0,11,60,0,71,39,69,164,55,327,134,40,174,501
01/17/2013,ICT,KS,ACE,CE,Combined TRACON& Tower with Radar,43,63,93,44,243,0,6,79,0,85,43,69,172,44,328,96,16,112,440
01/18/2013,ICT,KS,ACE,CE,Combined TRACON& Tower with Radar,42,53,80,82,257,0,6,55,0,61,42,59,135,82,318,18,68,86,404
01/19/2013,ICT,KS,ACE,CE,Combined TRACON& Tower with Radar,22,40,34,0,96,0,8,69,0,77,22,48,103,0,173,24,0,24,197
01/20/2013,ICT,KS,ACE,CE,Combined TRACON& Tower with Radar,34,33,46,0,113,0,1,53,1,55,34,34,99,1,168,8,0,8,176
01/21/2013,ICT,KS,ACE,CE,Combined TRACON& Tower with Radar,36,56,80,0,172,0,2,69,1,72,36,58,149,1,244,126,0,126,370
01/22/2013,ICT,KS,ACE,CE,Combined TRACON& Tower with Radar,36,56,70,67,229,0,3,39,1,43,36,59,109,68,272,8,66,74,346
01/23/2013,ICT,KS,ACE,CE,Combined TRACON& Tower with Radar,36,56,86,70,248,0,5,56,1,62,36,61,142,71,310,32,64,96,406
01/24/2013,ICT,KS,ACE,CE,Combined TRACON& Tower with Radar,40,56,101,97,294,0,5,21,5,31,40,61,122,102,325,8,186,194,519
01/25/2013,ICT,KS,ACE,CE,Combined TRACON& Tower with Radar,37,61,77,102,277,2,12,71,1,86,39,73,148,103,363,78,112,190,553
01/26/2013,ICT,KS,ACE,CE,Combined TRACON& Tower with Radar,20,49,57,1,127,0,8,37,0,45,20,57,94,1,172,72,0,72,244
01/27/2013,ICT,KS,ACE,CE,Combined TRACON& Tower with Radar,37,43,38,6,124,0,4,10,0,14,37,47,48,6,138,14,0,14,152
01/28/2013,ICT,KS,ACE,CE,Combined TRACON& Tower with Radar,40,59,87,70,256,0,1,55,5,61,40,60,142,75,317,36,220,256,573
01/29/2013,ICT,KS,ACE,CE,Combined TRACON& Tower with Radar,35,62,99,68,264,0,0,1,0,1,35,62,100,68,265,6,62,68,333
01/30/2013,ICT,KS,ACE,CE,Combined TRACON& Tower with Radar,33,63,127,42,265,0,6,24,2,32,33,69,151,44,297,46,46,92,389
01/31/2013,ICT,KS,ACE,CE,Combined TRACON& Tower with Radar,42,64,131,68,305,0,9,76,3,88,42,73,207,71,393,54,66,120,513
02/01/2013,ICT,KS,ACE,CE,Combined TRACON& Tower with Radar,42,64,95,35,236,0,6,70,0,76,42,70,165,35,312,100,96,196,508
02/02/2013,ICT,KS,ACE,CE,Combined TRACON& Tower with Radar,21,54,40,10,125,0,3,58,0,61,21,57,98,10,186,56,6,62,248
02/03/2013,ICT,KS,ACE,CE,Combined TRACON& Tower with Radar,33,43,53,2,131,0,0,68,0,68,33,43,121,2,199,42,0,42,241
02/04/2013,ICT,KS,ACE,CE,Combined TRACON& Tower with Radar,38,58,88,76,260,0,12,46,2,60,38,70,134,78,320,26,142,168,488
02/05/2013,ICT,KS,ACE,CE,Combined TRACON& Tower with Radar,38,60,105,85,288,0,6,66,9,81,38,66,171,94,369,87,192,279,648
02/06/2013,ICT,KS,ACE,CE,Combined TRACON& Tower with Radar,36,65,110,8,219,0,1,8,0,9,36,66,118,8,228,14,6,20,248
02/07/2013,ICT,KS,ACE,CE,Combined TRACON& Tower with Radar,44,50,110,34,238,0,7,31,0,38,44,57,141,34,276,36,30,66,342
02/08/2013,ICT,KS,ACE,CE,Combined TRACON& Tower with Radar,40,70,88,32,230,0,4,31,0,35,40,74,119,32,265,42,20,62,327
02/09/2013,ICT,KS,ACE,CE,Combined TRACON& Tower with Radar,22,39,48,16,125,0,1,13,0,14,22,40,61,16,139,48,12,60,199
02/10/2013,ICT,KS,ACE,CE,Combined TRACON& Tower with Radar,32,47,35,5,119,0,4,11,0,15,32,51,46,5,134,0,0,0,134
02/11/2013,ICT,KS,ACE,CE,Combined TRACON& Tower with Radar,40,56,84,98,278,0,10,77,2,89,40,66,161,100,367,69,196,265,632
02/12/2013,ICT,KS,ACE,CE,Combined TRACON& Tower with Radar,37,66,99,12,214,0,2,26,0,28,37,68,125,12,242,32,0,32,274
02/13/2013,ICT,KS,ACE,CE,Combined TRACON& Tower with Radar,41,80,94,30,245,0,1,67,4,72,41,81,161,34,317,36,34,70,387
02/14/2013,ICT,KS,ACE,CE,Combined TRACON& Tower with Radar,40,67,91,88,286,0,5,61,3,69,40,72,152,91,355,74,152,226,581
02/15/2013,ICT,KS,ACE,CE,Combined TRACON& Tower with Radar,42,68,130,76,316,0,13,76,0,89,42,81,206,76,405,118,78,196,601
02/16/2013,ICT,KS,ACE,CE,Combined TRACON& Tower with Radar,24,48,55,0,127,0,3,78,0,81,24,51,133,0,208,58,0,58,266
02/17/2013,ICT,KS,ACE,CE,Combined TRACON& Tower with Radar,38,52,61,21,172,0,4,56,1,61,38,56,117,22,233,80,36,116,349
02/18/2013,ICT,KS,ACE,CE,Combined TRACON& Tower with Radar,38,47,83,6,174,0,3,23,1,27,38,50,106,7,201,10,8,18,219
02/19/2013,ICT,KS,ACE,CE,Combined TRACON& Tower with Radar,36,62,90,87,275,0,9,99,0,108,36,71,189,87,383,92,136,228,611
02/20/2013,ICT,KS,ACE,CE,Combined TRACON& Tower with Radar,29,33,45,0,107,0,0,0,0,0,29,33,45,0,107,0,0,0,107
02/21/2013,ICT,KS,ACE,CE,Combined TRACON& Tower with Radar,14,19,18,3,54,0,0,0,0,0,14,19,18,3,54,0,0,0,54
02/22/2013,ICT,KS,ACE,CE,Combined TRACON& Tower with Radar,50,53,63,11,177,0,0,28,7,35,50,53,91,18,212,10,4,14,226
02/23/2013,ICT,KS,ACE,CE,Combined TRACON& Tower with Radar,26,41,62,1,130,0,5,41,2,48,26,46,103,3,178,36,0,36,214
02/24/2013,ICT,KS,ACE,CE,Combined TRACON& Tower with Radar,34,43,55,7,139,0,1,18,0,19,34,44,73,7,158,32,8,40,198
02/25/2013,ICT,KS,ACE,CE,Combined TRACON& Tower with Radar,10,18,14,0,42,0,0,0,0,0,10,18,14,0,42,0,0,0,42
02/26/2013,ICT,KS,ACE,CE,Combined TRACON& Tower with Radar,37,51,37,1,126,0,6,17,0,23,37,57,54,1,149,12,0,12,161
02/27/2013,ICT,KS,ACE,CE,Combined TRACON& Tower with Radar,38,62,90,22,212,0,9,48,1,58,38,71,138,23,270,90,38,128,398
02/28/2013,ICT,KS,ACE,CE,Combined TRACON& Tower with Radar,42,66,149,48,305,0,1,17,1,19,42,67,166,49,324,58,72,130,454
03/01/2013,ICT,KS,ACE,CE,Combined TRACON& Tower with Radar,39,66,96,40,241,0,7,25,0,32,39,73,121,40,273,54,44,98,371
03/02/2013,ICT,KS,ACE,CE,Combined TRACON& Tower with Radar,23,41,52,37,153,0,3,75,2,80,23,44,127,39,233,80,62,142,375
03/03/2013,ICT,KS,ACE,CE,Combined TRACON& Tower with Radar,34,40,46,15,135,0,9,46,2,57,34,49,92,17,192,68,22,90,282
03/04/2013,ICT,KS,ACE,CE,Combined TRACON& Tower with Radar,34,55,117,20,226,0,4,35,0,39,34,59,152,20,265,76,30,106,371
03/05/2013,ICT,KS,ACE,CE,Combined TRACON& Tower with Radar,40,60,107,104,311,0,9,62,0,71,40,69,169,104,382,106,194,300,682
03/06/2013,ICT,KS,ACE,CE,Combined TRACON& Tower with Radar,36,61,114,84,295,0,4,86,4,94,36,65,200,88,389,48,68,116,505
03/07/2013,ICT,KS,ACE,CE,Combined TRACON& Tower with Radar,44,67,110,94,315,0,22,103,3,128,44,89,213,97,443,70,144,214,657
03/08/2013,ICT,KS,ACE,CE,Combined TRACON& Tower with Radar,42,65,119,106,332,0,3,38,1,42,42,68,157,107,374,56,208,264,638
03/09/2013,ICT,KS,ACE,CE,Combined TRACON& Tower with Radar,24,43,34,3,104,0,0,1,0,1,24,43,35,3,105,2,0,2,107
03/10/2013,ICT,KS,ACE,CE,Combined TRACON& Tower with Radar,38,45,43,4,130,0,1,0,0,1,38,46,43,4,131,0,0,0,131
03/11/2013,ICT,KS,ACE,CE,Combined TRACON& Tower with Radar,40,50,77,45,212,0,9,66,0,75,40,59,143,45,287,124,80,204,491
03/12/2013,ICT,KS,ACE,CE,Combined TRACON& Tower with Radar,38,53,91,79,261,0,10,66,3,79,38,63,157,82,340,74,110,184,524
03/13/2013,ICT,KS,ACE,CE,Combined TRACON& Tower with Radar,40,63,88,88,279,0,9,97,5,111,40,72,185,93,390,86,102,188,578
03/14/2013,ICT,KS,ACE,CE,Combined TRACON& Tower with Radar,40,63,87,73,263,0,6,73,0,79,40,69,160,73,342,86,82,168,510
03/15/2013,ICT,KS,ACE,CE,Combined TRACON& Tower with Radar,49,55,77,89,270,0,7,64,2,73,49,62,141,91,343,76,128,204,547
03/16/2013,ICT,KS,ACE,CE,Combined TRACON& Tower with Radar,29,34,34,13,110,0,4,23,0,27,29,38,57,13,137,30,14,44,181
03/17/2013,ICT,KS,ACE,CE,Combined TRACON& Tower with Radar,36,48,45,10,139,0,1,5,0,6,36,49,50,10,145,0,6,6,151
03/18/2013,ICT,KS,ACE,CE,Combined TRACON& Tower with Radar,34,53,73,88,248,0,9,44,2,55,34,62,117,90,303,86,88,174,477
03/19/2013,ICT,KS,ACE,CE,Combined TRACON& Tower with Radar,37,67,80,79,263,0,15,62,0,77,37,82,142,79,340,74,82,156,496
03/20/2013,ICT,KS,ACE,CE,Combined TRACON& Tower with Radar,37,72,105,66,280,0,11,92,0,103,37,83,197,66,383,72,124,196,579
03/21/2013,ICT,KS,ACE,CE,Combined TRACON& Tower with Radar,42,73,91,28,234,0,8,32,0,40,42,81,123,28,274,20,48,68,342
03/22/2013,ICT,KS,ACE,CE,Combined TRACON& Tower with Radar,47,78,105,50,280,0,0,31,2,33,47,78,136,52,313,48,84,132,445
03/23/2013,ICT,KS,ACE,CE,Combined TRACON& Tower with Radar,24,45,21,0,90,0,0,0,0,0,24,45,21,0,90,0,0,0,90
03/24/2013,ICT,KS,ACE,CE,Combined TRACON& Tower with Radar,46,47,42,0,135,0,0,3,1,4,46,47,45,1,139,2,0,2,141
03/25/2013,ICT,KS,ACE,CE,Combined TRACON& Tower with Radar,37,56,112,64,269,0,2,19,0,21,37,58,131,64,290,22,84,106,396
03/26/2013,ICT,KS,ACE,CE,Combined TRACON& Tower with Radar,38,59,109,29,235,0,6,109,2,117,38,65,218,31,352,50,82,132,484
03/27/2013,ICT,KS,ACE,CE,Combined TRACON& Tower with Radar,40,72,141,36,289,0,10,66,0,76,40,82,207,36,365,64,46,110,475
03/28/2013,ICT,KS,ACE,CE,Combined TRACON& Tower with Radar,42,59,137,63,301,0,5,79,1,85,42,64,216,64,386,54,84,138,524
03/29/2013,ICT,KS,ACE,CE,Combined TRACON& Tower with Radar,42,75,102,58,277,0,10,55,0,65,42,85,157,58,342,74,108,182,524
03/30/2013,ICT,KS,ACE,CE,Combined TRACON& Tower with Radar,24,41,59,2,126,0,0,21,0,21,24,41,80,2,147,42,0,42,189
03/31/2013,ICT,KS,ACE,CE,Combined TRACON& Tower with Radar,38,46,45,3,132,0,0,27,0,27,38,46,72,3,159,28,0,28,187
04/01/2013,ICT,KS,ACE,CE,Combined TRACON& Tower with Radar,38,63,94,6,201,0,4,12,0,16,38,67,106,6,217,26,0,26,243
04/02/2013,ICT,KS,ACE,CE,Combined TRACON& Tower with Radar,37,51,74,30,192,0,2,20,1,23,37,53,94,31,215,10,12,22,237
04/03/2013,ICT,KS,ACE,CE,Combined TRACON& Tower with Radar,35,62,82,20,199,0,0,13,0,13,35,62,95,20,212,10,30,40,252
04/04/2013,ICT,KS,ACE,CE,Combined TRACON& Tower with Radar,41,57,110,100,308,0,5,100,0,105,41,62,210,100,413,156,182,338,751
04/05/2013,ICT,KS,ACE,CE,Combined TRACON& Tower with Radar,48,61,96,37,242,3,5,65,4,77,51,66,161,41,319,54,38,92,411
04/06/2013,ICT,KS,ACE,CE,Combined TRACON& Tower with Radar,26,42,55,8,131,0,10,50,3,63,26,52,105,11,194,36,8,44,238
04/07/2013,ICT,KS,ACE,CE,Combined TRACON& Tower with Radar,38,55,62,5,160,0,5,16,2,23,38,60,78,7,183,6,0,6,189
04/08/2013,ICT,KS,ACE,CE,Combined TRACON& Tower with Radar,37,56,84,32,209,0,3,16,0,19,37,59,100,32,228,44,36,80,308
04/09/2013,ICT,KS,ACE,CE,Combined TRACON& Tower with Radar,45,52,57,40,194,0,0,13,0,13,45,52,70,40,207,30,118,148,355
04/10/2013,ICT,KS,ACE,CE,Combined TRACON& Tower with Radar,36,36,55,1,128,0,0,1,0,1,36,36,56,1,129,0,0,0,129
04/11/2013,ICT,KS,ACE,CE,Combined TRACON& Tower with Radar,42,78,138,34,292,7,6,80,0,93,49,84,218,34,385,72,60,132,517
04/12/2013,ICT,KS,ACE,CE,Combined TRACON& Tower with Radar,84,65,114,35,298,0,17,86,1,104,84,82,200,36,402,178,44,222,624
04/13/2013,ICT,KS,ACE,CE,Combined TRACON& Tower with Radar,25,49,50,10,134,0,6,56,0,62,25,55,106,10,196,52,6,58,254
04/14/2013,ICT,KS,ACE,CE,Combined TRACON& Tower with Radar,33,59,37,9,138,0,7,18,0,25,33,66,55,9,163,36,0,36,199
04/15/2013,ICT,KS,ACE,CE,Combined TRACON& Tower with Radar,38,60,122,76,296,0,6,45,3,54,38,66,167,79,350,76,78,154,504
04/16/2013,ICT,KS,ACE,CE,Combined TRACON& Tower with Radar,33,50,107,66,256,0,2,15,25,42,33,52,122,91,298,42,138,180,478
04/17/2013,ICT,KS,ACE,CE,Combined TRACON& Tower with Radar,37,59,75,3,174,0,0,0,0,0,37,59,75,3,174,0,0,0,174
04/18/2013,ICT,KS,ACE,CE,Combined TRACON& Tower with Radar,43,69,96,1,209,0,5,13,0,18,43,74,109,1,227,8,0,8,235
04/19/2013,ICT,KS,ACE,CE,Combined TRACON& Tower with Radar,44,70,76,43,233,1,15,92,1,109,45,85,168,44,342,84,26,110,452
04/20/2013,ICT,KS,ACE,CE,Combined TRACON& Tower with Radar,25,42,51,20,138,0,18,65,0,83,25,60,116,20,221,52,34,86,307
04/21/2013,ICT,KS,ACE,CE,Combined TRACON& Tower with Radar,35,49,71,10,165,0,6,47,0,53,35,55,118,10,218,60,8,68,286
04/22/2013,ICT,KS,ACE,CE,Combined TRACON& Tower with Radar,39,57,130,24,250,0,4,32,0,36,39,61,162,24,286,72,8,80,366
04/23/2013,ICT,KS,ACE,CE,Combined TRACON& Tower with Radar,39,64,69,14,186,0,2,4,2,8,39,66,73,16,194,0,8,8,202
04/24/2013,ICT,KS,ACE,CE,Combined TRACON& Tower with Radar,36,84,141,115,376,0,14,117,0,131,36,98,258,115,507,110,148,258,765
04/25/2013,ICT,KS,ACE,CE,Combined TRACON& Tower with Radar,38,78,109,164,389,0,9,109,0,118,38,87,218,164,507,54,175,229,736
04/26/2013,ICT,KS,ACE,CE,Combined TRACON& Tower with Radar,42,69,99,31,241,0,2,6,0,8,42,71,105,31,249,18,42,60,309
04/27/2013,ICT,KS,ACE,CE,Combined TRACON& Tower with Radar,27,49,63,18,157,0,4,21,0,25,27,53,84,18,182,76,34,110,292
04/28/2013,ICT,KS,ACE,CE,Combined TRACON& Tower with Radar,30,57,62,20,169,0,6,68,5,79,30,63,130,25,248,106,46,152,400
04/29/2013,ICT,KS,ACE,CE,Combined TRACON& Tower with Radar,37,62,95,73,267,0,8,75,2,85,37,70,170,75,352,40,134,174,526
04/30/2013,ICT,KS,ACE,CE,Combined TRACON& Tower with Radar,39,71,87,71,268,0,6,64,1,71,39,77,151,72,339,66,96,162,501
05/01/2013,ICT,KS,ACE,CE,Combined TRACON& Tower with Radar,38,63,106,17,224,0,1,14,1,16,38,64,120,18,240,6,6,12,252
05/02/2013,ICT,KS,ACE,CE,Combined TRACON& Tower with Radar,41,60,83,2,186,0,2,16,0,18,41,62,99,2,204,58,0,58,262
05/03/2013,ICT,KS,ACE,CE,Combined TRACON& Tower with Radar,46,51,84,40,221,0,14,64,0,78,46,65,148,40,299,66,30,96,395
05/04/2013,ICT,KS,ACE,CE,Combined TRACON& Tower with Radar,24,41,43,2,110,0,2,3,0,5,24,43,46,2,115,11,0,11,126
05/05/2013,ICT,KS,ACE,CE,Combined TRACON& Tower with Radar,35,50,62,21,168,0,4,17,1,22,35,54,79,22,190,32,28,60,250
05/06/2013,ICT,KS,ACE,CE,Combined TRACON& Tower with Radar,41,65,109,74,289,0,5,47,1,53,41,70,156,75,342,104,98,202,544
05/07/2013,ICT,KS,ACE,CE,Combined TRACON& Tower with Radar,38,73,96,80,287,2,10,71,3,86,40,83,167,83,373,72,154,226,599
05/08/2013,ICT,KS,ACE,CE,Combined TRACON& Tower with Radar,46,65,110,25,246,8,1,51,0,60,54,66,161,25,306,56,26,82,388
05/09/2013,ICT,KS,ACE,CE,Combined TRACON& Tower with Radar,41,72,152,94,359,0,6,63,2,71,41,78,215,96,430,93,164,257,687
05/10/2013,ICT,KS,ACE,CE,Combined TRACON& Tower with Radar,55,68,122,152,397,9,8,35,4,56,64,76,157,156,453,90,222,312,765
05/11/2013,ICT,KS,ACE,CE,Combined TRACON& Tower with Radar,24,53,38,19,134,0,8,48,0,56,24,61,86,19,190,24,18,42,232
05/12/2013,ICT,KS,ACE,CE,Combined TRACON& Tower with Radar,37,46,41,24,148,0,2,23,3,28,37,48,64,27,176,24,20,44,220
05/13/2013,ICT,KS,ACE,CE,Combined TRACON& Tower with Radar,53,59,128,90,330,12,5,82,1,100,65,64,210,91,430,96,64,160,590
05/14/2013,ICT,KS,ACE,CE,Combined TRACON& Tower with Radar,49,67,127,78,321,7,10,82,0,99,56,77,209,78,420,102,62,164,584
05/15/2013,ICT,KS,ACE,CE,Combined TRACON& Tower with Radar,52,71,122,75,320,8,6,68,0,82,60,77,190,75,402,160,114,274,676
05/16/2013,ICT,KS,ACE,CE,Combined TRACON& Tower with Radar,70,69,132,98,369,4,6,35,0,45,74,75,167,98,414,117,136,253,667
05/17/2013,ICT,KS,ACE,CE,Combined TRACON& Tower with Radar,45,60,85,71,261,0,6,65,2,73,45,66,150,73,334,60,70,130,464
05/18/2013,ICT,KS,ACE,CE,Combined TRACON& Tower with Radar,25,51,50,0,126,0,2,6,0,8,25,53,56,0,134,22,0,22,156
05/19/2013,ICT,KS,ACE,CE,Combined TRACON& Tower with Radar,40,47,41,24,152,0,0,4,0,4,40,47,45,24,156,0,40,40,196
05/20/2013,ICT,KS,ACE,CE,Combined TRACON& Tower with Radar,45,67,77,121,310,0,4,46,0,50,45,71,123,121,360,80,248,328,688
05/21/2013,ICT,KS,ACE,CE,Combined TRACON& Tower with Radar,38,65,91,79,273,0,4,74,2,80,38,69,165,81,353,81,176,257,610
05/22/2013,ICT,KS,ACE,CE,Combined TRACON& Tower with Radar,40,67,124,97,328,0,12,96,1,109,40,79,220,98,437,90,146,236,673
05/23/2013,ICT,KS,ACE,CE,Combined TRACON& Tower with Radar,43,66,112,46,267,0,7,99,0,106,43,73,211,46,373,162,78,240,613
05/24/2013,ICT,KS,ACE,CE,Combined TRACON& Tower with Radar,43,60,122,0,225,0,7,48,0,55,43,67,170,0,280,74,0,74,354
05/25/2013,ICT,KS,ACE,CE,Combined TRACON& Tower with Radar,24,45,39,0,108,0,5,28,0,33,24,50,67,0,141,60,0,60,201
05/26/2013,ICT,KS,ACE,CE,Combined TRACON& Tower with Radar,35,42,34,0,111,0,4,7,0,11,35,46,41,0,122,4,0,4,126
05/27/2013,ICT,KS,ACE,CE,Combined TRACON& Tower with Radar,39,50,44,0,133,0,2,7,0,9,39,52,51,0,142,12,0,12,154
05/28/2013,ICT,KS,ACE,CE,Combined TRACON& Tower with Radar,43,51,113,65,272,0,6,45,0,51,43,57,158,65,323,44,86,130,453
05/29/2013,ICT,KS,ACE,CE,Combined TRACON& Tower with Radar,37,56,92,71,256,0,0,6,1,7,37,56,98,72,263,42,68,110,373
05/30/2013,ICT,KS,ACE,CE,Combined TRACON& Tower with Radar,45,66,67,29,207,0,3,48,1,52,45,69,115,30,259,28,38,66,325
05/31/2013,ICT,KS,ACE,CE,Combined TRACON& Tower with Radar,47,62,124,59,292,0,9,50,1,60,47,71,174,60,352,110,82,192,544
06/01/2013,ICT,KS,ACE,CE,Combined TRACON& Tower with Radar,26,41,64,10,141,0,4,38,2,44,26,45,102,12,185,92,22,114,299
06/02/2013,ICT,KS,ACE,CE,Combined TRACON& Tower with Radar,39,43,49,29,160,0,2,66,2,70,39,45,115,31,230,44,30,74,304
06/03/2013,ICT,KS,ACE,CE,Combined TRACON& Tower with Radar,43,65,115,95,318,0,7,95,5,107,43,72,210,100,425,162,216,378,803
06/04/2013,ICT,KS,ACE,CE,Combined TRACON& Tower with Radar,42,62,89,79,272,0,11,48,0,59,42,73,137,79,331,60,118,178,509
06/05/2013,ICT,KS,ACE,CE,Combined TRACON& Tower with Radar,44,66,101,96,307,0,6,20,1,27,44,72,121,97,334,56,100,156,490
06/06/2013,ICT,KS,ACE,CE,Combined TRACON& Tower with Radar,47,68,106,113,334,0,10,101,4,115,47,78,207,117,449,98,164,262,711
06/07/2013,ICT,KS,ACE,CE,Combined TRACON& Tower with Radar,46,63,99,56,264,0,5,82,0,87,46,68,181,56,351,127,96,223,574
06/08/2013,ICT,KS,ACE,CE,Combined TRACON& Tower with Radar,34,42,28,2,106,0,4,31,0,35,34,46,59,2,141,20,0,20,161
06/09/2013,ICT,KS,ACE,CE,Combined TRACON& Tower with Radar,37,59,75,6,177,0,5,50,1,56,37,64,125,7,233,46,8,54,287
06/10/2013,ICT,KS,ACE,CE,Combined TRACON& Tower with Radar,43,57,98,87,285,0,8,80,3,91,43,65,178,90,376,76,160,236,612
06/11/2013,ICT,KS,ACE,CE,Combined TRACON& Tower with Radar,44,65,108,58,275,0,2,67,0,69,44,67,175,58,344,36,66,102,446
06/12/2013,ICT,KS,ACE,CE,Combined TRACON& Tower with Radar,45,57,93,48,243,0,6,72,2,80,45,63,165,50,323,22,80,102,425
06/13/2013,ICT,KS,ACE,CE,Combined TRACON& Tower with Radar,45,66,110,56,277,0,13,90,0,103,45,79,200,56,380,76,82,158,538
06/14/2013,ICT,KS,ACE,CE,Combined TRACON& Tower with Radar,48,68,97,132,345,0,9,87,2,98,48,77,184,134,443,58,214,272,715
06/15/2013,ICT,KS,ACE,CE,Combined TRACON& Tower with Radar,35,45,50,8,138,0,2,67,1,70,35,47,117,9,208,40,8,48,256
06/16/2013,ICT,KS,ACE,CE,Combined TRACON& Tower with Radar,40,53,55,51,199,0,2,37,2,41,40,55,92,53,240,18,86,104,344
06/17/2013,ICT,KS,ACE,CE,Combined TRACON& Tower with Radar,40,71,120,117,348,0,3,64,2,69,40,74,184,119,417,94,178,272,689
06/18/2013,ICT,KS,ACE,CE,Combined TRACON& Tower with Radar,39,68,106,84,297,0,24,97,2,123,39,92,203,86,420,162,138,300,720
06/19/2013,ICT,KS,ACE,CE,Combined TRACON& Tower with Radar,47,79,151,49,326,0,6,94,5,105,47,85,245,54,431,126,112,238,669
06/20/2013,ICT,KS,ACE,CE,Combined TRACON& Tower with Radar,44,64,115,79,302,0,6,61,0,67,44,70,176,79,369,32,120,152,521
06/21/2013,ICT,KS,ACE,CE,Combined TRACON& Tower with Radar,47,66,82,134,329,5,7,49,0,61,52,73,131,134,390,108,160,268,658
06/22/2013,ICT,KS,ACE,CE,Combined TRACON& Tower with Radar,34,40,33,0,107,0,5,45,1,51,34,45,78,1,158,32,0,32,190
06/23/2013,ICT,KS,ACE,CE,Combined TRACON& Tower with Radar,42,56,57,11,166,0,2,37,0,39,42,58,94,11,205,32,10,42,247
06/24/2013,ICT,KS,ACE,CE,Combined TRACON& Tower with Radar,38,61,81,43,223,0,18,41,0,59,38,79,122,43,282,46,96,142,424
06/25/2013,ICT,KS,ACE,CE,Combined TRACON& Tower with Radar,45,74,101,61,281,0,5,43,4,52,45,79,144,65,333,48,148,196,529
06/26/2013,ICT,KS,ACE,CE,Combined TRACON& Tower with Radar,45,65,125,61,296,0,8,130,0,138,45,73,255,61,434,106,112,218,652
06/27/2013,ICT,KS,ACE,CE,Combined TRACON& Tower with Radar,46,72,149,34,301,0,7,105,0,112,46,79,254,34,413,88,120,208,621
06/28/2013,ICT,KS,ACE,CE,Combined TRACON& Tower with Radar,48,77,137,60,322,0,12,119,12,143,48,89,256,72,465,91,122,213,678
06/29/2013,ICT,KS,ACE,CE,Combined TRACON& Tower with Radar,36,46,76,17,175,0,10,72,1,83,36,56,148,18,258,66,16,82,340
06/30/2013,ICT,KS,ACE,CE,Combined TRACON& Tower with Radar,39,46,78,14,177,0,6,50,0,56,39,52,128,14,233,98,30,128,361
07/01/2013,ICT,KS,ACE,CE,Combined TRACON& Tower with Radar,50,86,87,66,289,0,12,92,4,108,50,98,179,70,397,116,114,230,627
07/02/2013,ICT,KS,ACE,CE,Combined TRACON& Tower with Radar,44,66,72,82,264,0,12,83,2,97,44,78,155,84,361,92,158,250,611
07/03/2013,ICT,KS,ACE,CE,Combined TRACON& Tower with Radar,44,71,93,44,252,0,12,79,0,91,44,83,172,44,343,138,74,212,555
07/04/2013,ICT,KS,ACE,CE,Combined TRACON& Tower with Radar,27,37,18,0,82,0,2,37,0,39,27,39,55,0,121,36,0,36,157
07/05/2013,ICT,KS,ACE,CE,Combined TRACON& Tower with Radar,44,45,31,0,120,0,3,31,0,34,44,48,62,0,154,10,0,10,164
07/06/2013,ICT,KS,ACE,CE,Combined TRACON& Tower with Radar,33,45,31,0,109,0,13,27,0,40,33,58,58,0,149,30,0,30,179
07/07/2013,ICT,KS,ACE,CE,Combined TRACON& Tower with Radar,43,61,51,0,155,0,7,36,0,43,43,68,87,0,198,24,0,24,222
07/08/2013,ICT,KS,ACE,CE,Combined TRACON& Tower with Radar,40,78,69,61,248,0,7,68,0,75,40,85,137,61,323,80,88,168,491
07/09/2013,ICT,KS,ACE,CE,Combined TRACON& Tower with Radar,43,81,117,42,283,0,13,50,2,65,43,94,167,44,348,52,42,94,442
07/10/2013,ICT,KS,ACE,CE,Combined TRACON& Tower with Radar,42,72,130,32,276,0,13,105,0,118,42,85,235,32,394,96,84,180,574
07/11/2013,ICT,KS,ACE,CE,Combined TRACON& Tower with Radar,45,73,95,28,241,0,5,56,0,61,45,78,151,28,302,76,26,102,404
07/12/2013,ICT,KS,ACE,CE,Combined TRACON& Tower with Radar,44,67,111,29,251,0,10,141,1,152,44,77,252,30,403,190,62,252,655
07/13/2013,ICT,KS,ACE,CE,Combined TRACON& Tower with Radar,37,44,48,12,141,0,4,64,0,68,37,48,112,12,209,44,10,54,263
07/14/2013,ICT,KS,ACE,CE,Combined TRACON& Tower with Radar,43,63,52,0,158,0,6,19,0,25,43,69,71,0,183,12,0,12,195
07/15/2013,ICT,KS,ACE,CE,Combined TRACON& Tower with Radar,43,71,99,46,259,5,8,52,0,65,48,79,151,46,324,134,80,214,538
07/16/2013,ICT,KS,ACE,CE,Combined TRACON& Tower with Radar,52,81,107,138,378,11,8,79,5,103,63,89,186,143,481,170,266,436,917
07/17/2013,ICT,KS,ACE,CE,Combined TRACON& Tower with Radar,42,60,119,112,333,4,3,78,5,90,46,63,197,117,423,132,156,288,711
07/18/2013,ICT,KS,ACE,CE,Combined TRACON& Tower with Radar,49,68,81,114,312,0,14,102,1,117,49,82,183,115,429,116,182,298,727
07/19/2013,ICT,KS,ACE,CE,Combined TRACON& Tower with Radar,48,69,85,51,253,0,4,74,0,78,48,73,159,51,331,122,38,160,491
07/20/2013,ICT,KS,ACE,CE,Combined TRACON& Tower with Radar,33,41,58,4,136,0,5,58,0,63,33,46,116,4,199,46,8,54,253
07/21/2013,ICT,KS,ACE,CE,Combined TRACON& Tower with Radar,44,46,51,6,147,0,1,32,0,33,44,47,83,6,180,62,10,72,252
07/22/2013,ICT,KS,ACE,CE,Combined TRACON& Tower with Radar,41,61,88,17,207,0,2,33,0,35,41,63,121,17,242,18,20,38,280
07/23/2013,ICT,KS,ACE,CE,Combined TRACON& Tower with Radar,42,70,84,52,248,0,4,50,0,54,42,74,134,52,302,74,64,138,440
07/24/2013,ICT,KS,ACE,CE,Combined TRACON& Tower with Radar,45,77,97,65,284,0,11,68,1,80,45,88,165,66,364,86,76,162,526
07/25/2013,ICT,KS,ACE,CE,Combined TRACON& Tower with Radar,43,79,98,53,273,0,10,47,0,57,43,89,145,53,330,96,44,140,470
07/26/2013,ICT,KS,ACE,CE,Combined TRACON& Tower with Radar,46,75,94,102,317,0,3,59,0,62,46,78,153,102,379,36,80,116,495
07/27/2013,ICT,KS,ACE,CE,Combined TRACON& Tower with Radar,35,45,65,11,156,0,6,50,6,62,35,51,115,17,218,51,22,73,291
07/28/2013,ICT,KS,ACE,CE,Combined TRACON& Tower with Radar,42,53,54,0,149,0,1,2,0,3,42,54,56,0,152,0,0,0,152
07/29/2013,ICT,KS,ACE,CE,Combined TRACON& Tower with Radar,40,72,76,12,200,0,0,16,0,16,40,72,92,12,216,50,10,60,276
07/30/2013,ICT,KS,ACE,CE,Combined TRACON& Tower with Radar,44,73,150,39,306,0,5,11,0,16,44,78,161,39,322,90,44,134,456
07/31/2013,ICT,KS,ACE,CE,Combined TRACON& Tower with Radar,47,65,112,76,300,0,6,61,2,69,47,71,173,78,369,106,90,196,565
08/01/2013,ICT,KS,ACE,CE,Combined TRACON& Tower with Radar,43,74,85,19,221,0,5,86,1,92,43,79,171,20,313,98,24,122,435
08/02/2013,ICT,KS,ACE,CE,Combined TRACON& Tower with Radar,45,69,86,43,243,0,8,44,0,52,45,77,130,43,295,38,36,74,369
08/03/2013,ICT,KS,ACE,CE,Combined TRACON& Tower with Radar,31,44,41,4,120,1,1,30,0,32,32,45,71,4,152,0,0,0,152
08/04/2013,ICT,KS,ACE,CE,Combined TRACON& Tower with Radar,39,51,64,7,161,0,0,4,0,4,39,51,68,7,165,0,0,0,165
08/05/2013,ICT,KS,ACE,CE,Combined TRACON& Tower with Radar,42,68,86,29,225,0,9,56,0,65,42,77,142,29,290,82,48,130,420
08/06/2013,ICT,KS,ACE,CE,Combined TRACON& Tower with Radar,43,81,106,48,278,0,15,97,0,112,43,96,203,48,390,202,96,298,688
08/07/2013,ICT,KS,ACE,CE,Combined TRACON& Tower with Radar,43,75,137,28,283,0,6,63,3,72,43,81,200,31,355,58,32,90,445
08/08/2013,ICT,KS,ACE,CE,Combined TRACON& Tower with Radar,45,66,116,40,267,0,3,15,0,18,45,69,131,40,285,34,26,60,345
08/09/2013,ICT,KS,ACE,CE,Combined TRACON& Tower with Radar,47,84,88,25,244,0,5,20,1,26,47,89,108,26,270,28,18,46,316
08/10/2013,ICT,KS,ACE,CE,Combined TRACON& Tower with Radar,33,49,46,15,143,0,8,76,2,86,33,57,122,17,229,108,10,118,347
08/11/2013,ICT,KS,ACE,CE,Combined TRACON& Tower with Radar,41,59,70,25,195,0,3,40,0,43,41,62,110,25,238,52,28,80,318
08/12/2013,ICT,KS,ACE,CE,Combined TRACON& Tower with Radar,42,70,91,24,227,0,3,39,0,42,42,73,130,24,269,172,30,202,471
08/13/2013,ICT,KS,ACE,CE,Combined TRACON& Tower with Radar,35,58,115,62,270,0,4,41,22,67,35,62,156,84,337,10,30,40,377
08/14/2013,ICT,KS,ACE,CE,Combined TRACON& Tower with Radar,43,65,167,43,318,0,16,99,0,115,43,81,266,43,433,134,53,187,620
08/15/2013,ICT,KS,ACE,CE,Combined TRACON& Tower with Radar,44,72,108,37,261,0,0,60,1,61,44,72,168,38,322,42,46,88,410
08/16/2013,ICT,KS,ACE,CE,Combined TRACON& Tower with Radar,48,82,131,42,303,0,10,30,1,41,48,92,161,43,344,70,84,154,498
08/17/2013,ICT,KS,ACE,CE,Combined TRACON& Tower with Radar,31,43,32,4,110,0,5,43,4,52,31,48,75,8,162,58,0,58,220
08/18/2013,ICT,KS,ACE,CE,Combined TRACON& Tower with Radar,38,55,66,17,176,0,8,75,0,83,38,63,141,17,259,70,14,84,343
08/19/2013,ICT,KS,ACE,CE,Combined TRACON& Tower with Radar,43,71,85,52,251,0,8,76,0,84,43,79,161,52,335,152,62,214,549
08/20/2013,ICT,KS,ACE,CE,Combined TRACON& Tower with Radar,38,65,114,82,299,0,11,93,34,138,38,76,207,116,437,68,56,124,561
08/21/2013,ICT,KS,ACE,CE,Combined TRACON& Tower with Radar,41,83,76,74,274,0,17,82,4,103,41,100,158,78,377,38,146,184,561
08/22/2013,ICT,KS,ACE,CE,Combined TRACON& Tower with Radar,48,85,81,29,243,0,22,73,2,97,48,107,154,31,340,90,34,124,464
08/23/2013,ICT,KS,ACE,CE,Combined TRACON& Tower with Radar,45,58,98,66,267,0,4,91,2,97,45,62,189,68,364,36,76,112,476
08/24/2013,ICT,KS,ACE,CE,Combined TRACON& Tower with Radar,31,52,32,20,135,0,6,52,4,62,31,58,84,24,197,20,38,58,255
08/25/2013,ICT,KS,ACE,CE,Combined TRACON& Tower with Radar,37,61,44,12,154,0,10,58,0,68,37,71,102,12,222,16,4,20,242
08/26/2013,ICT,KS,ACE,CE,Combined TRACON& Tower with Radar,46,63,98,81,288,0,15,88,0,103,46,78,186,81,391,94,158,252,643
08/27/2013,ICT,KS,ACE,CE,Combined TRACON& Tower with Radar,46,76,109,71,302,0,2,67,1,70,46,78,176,72,372,122,138,260,632
08/28/2013,ICT,KS,ACE,CE,Combined TRACON& Tower with Radar,43,70,97,141,351,0,16,74,0,90,43,86,171,141,441,22,120,142,583
08/29/2013,ICT,KS,ACE,CE,Combined TRACON& Tower with Radar,52,69,123,69,313,0,7,90,0,97,52,76,213,69,410,56,80,136,546
08/30/2013,ICT,KS,ACE,CE,Combined TRACON& Tower with Radar,53,63,74,60,250,0,10,105,26,141,53,73,179,86,391,60,88,148,539
08/31/2013,ICT,KS,ACE,CE,Combined TRACON& Tower with Radar,31,45,37,0,113,0,4,52,1,57,31,49,89,1,170,32,0,32,202
09/01/2013,ICT,KS,ACE,CE,Combined TRACON& Tower with Radar,41,42,52,0,135,0,5,25,0,30,41,47,77,0,165,18,0,18,183
09/02/2013,ICT,KS,ACE,CE,Combined TRACON& Tower with Radar,45,51,29,2,127,0,4,69,0,73,45,55,98,2,200,94,0,94,294
09/03/2013,ICT,KS,ACE,CE,Combined TRACON& Tower with Radar,43,66,104,48,261,0,8,52,0,60,43,74,156,48,321,34,54,88,409
09/04/2013,ICT,KS,ACE,CE,Combined TRACON& Tower with Radar,47,62,112,45,266,0,3,88,0,91,47,65,200,45,357,74,18,92,449
09/05/2013,ICT,KS,ACE,CE,Combined TRACON& Tower with Radar,49,66,121,83,319,0,8,89,0,97,49,74,210,83,416,128,94,222,638
09/06/2013,ICT,KS,ACE,CE,Combined TRACON& Tower with Radar,52,74,109,129,364,1,4,63,0,68,53,78,172,129,432,74,154,228,660
09/07/2013,ICT,KS,ACE,CE,Combined TRACON& Tower with Radar,36,39,59,16,150,0,8,81,0,89,36,47,140,16,239,54,16,70,309
09/08/2013,ICT,KS,ACE,CE,Combined TRACON& Tower with Radar,43,41,54,12,150,0,1,39,2,42,43,42,93,14,192,50,6,56,248
09/09/2013,ICT,KS,ACE,CE,Combined TRACON& Tower with Radar,45,58,76,44,223,0,9,73,2,84,45,67,149,46,307,48,152,200,507
09/10/2013,ICT,KS,ACE,CE,Combined TRACON& Tower with Radar,55,66,106,71,298,0,6,57,6,69,55,72,163,77,367,42,114,156,523
09/11/2013,ICT,KS,ACE,CE,Combined TRACON& Tower with Radar,46,74,99,46,265,0,5,73,0,78,46,79,172,46,343,116,32,148,491
09/12/2013,ICT,KS,ACE,CE,Combined TRACON& Tower with Radar,45,82,141,27,295,0,4,42,0,46,45,86,183,27,341,64,68,132,473
09/13/2013,ICT,KS,ACE,CE,Combined TRACON& Tower with Radar,52,77,107,119,355,0,5,65,1,71,52,82,172,120,426,34,170,204,630
09/14/2013,ICT,KS,ACE,CE,Combined TRACON& Tower with Radar,27,52,62,6,147,0,9,74,1,84,27,61,136,7,231,52,6,58,289
09/15/2013,ICT,KS,ACE,CE,Combined TRACON& Tower with Radar,40,52,49,5,146,0,5,34,0,39,40,57,83,5,185,52,2,54,239
09/16/2013,ICT,KS,ACE,CE,Combined TRACON& Tower with Radar,45,71,127,46,289,0,0,1,0,1,45,71,128,46,290,20,24,44,334
09/17/2013,ICT,KS,ACE,CE,Combined TRACON& Tower with Radar,43,60,121,67,291,0,3,42,0,45,43,63,163,67,336,30,74,104,440
09/18/2013,ICT,KS,ACE,CE,Combined TRACON& Tower with Radar,43,80,101,121,345,0,10,71,2,83,43,90,172,123,428,72,128,200,628
09/19/2013,ICT,KS,ACE,CE,Combined TRACON& Tower with Radar,44,64,83,28,219,0,7,43,0,50,44,71,126,28,269,22,22,44,313
09/20/2013,ICT,KS,ACE,CE,Combined TRACON& Tower with Radar,50,77,106,107,340,0,20,68,1,89,50,97,174,108,429,62,120,182,611
09/21/2013,ICT,KS,ACE,CE,Combined TRACON& Tower with Radar,29,46,59,1,135,0,8,86,1,95,29,54,145,2,230,64,2,66,296
09/22/2013,ICT,KS,ACE,CE,Combined TRACON& Tower with Radar,38,62,54,11,165,0,8,51,0,59,38,70,105,11,224,8,4,12,236
09/23/2013,ICT,KS,ACE,CE,Combined TRACON& Tower with Radar,47,75,143,71,336,0,10,72,3,85,47,85,215,74,421,84,146,230,651
09/24/2013,ICT,KS,ACE,CE,Combined TRACON& Tower with Radar,48,71,128,37,284,0,1,70,0,71,48,72,198,37,355,104,24,128,483
09/25/2013,ICT,KS,ACE,CE,Combined TRACON& Tower with Radar,45,71,131,73,320,0,10,104,0,114,45,81,235,73,434,68,58,126,560
09/26/2013,ICT,KS,ACE,CE,Combined TRACON& Tower with Radar,43,72,130,86,331,0,12,74,0,86,43,84,204,86,417,51,172,223,640
09/27/2013,ICT,KS,ACE,CE,Combined TRACON& Tower with Radar,55,79,125,37,296,0,16,81,0,97,55,95,206,37,393,40,56,96,489
09/28/2013,ICT,KS,ACE,CE,Combined TRACON& Tower with Radar,27,40,43,2,112,0,5,28,1,34,27,45,71,3,146,30,0,30,176
09/29/2013,ICT,KS,ACE,CE,Combined TRACON& Tower with Radar,42,56,86,4,188,0,8,59,0,67,42,64,145,4,255,32,0,32,287
09/30/2013,ICT,KS,ACE,CE,Combined TRACON& Tower with Radar,41,62,107,2,212,0,6,98,0,104,41,68,205,2,316,144,0,144,460
10/01/2013,ICT,KS,ACE,CE,Combined TRACON& Tower with Radar,43,70,99,49,261,0,5,79,3,87,43,75,178,52,348,76,34,110,458
10/02/2013,ICT,KS,ACE,CE,Combined TRACON& Tower with Radar,49,64,127,38,278,1,3,27,0,31,50,67,154,38,309,48,14,62,371
10/03/2013,ICT,KS,ACE,CE,Combined TRACON& Tower with Radar,52,75,129,58,314,0,6,24,1,31,52,81,153,59,345,26,40,66,411
10/04/2013,ICT,KS,ACE,CE,Combined TRACON& Tower with Radar,46,74,104,112,336,0,8,41,2,51,46,82,145,114,387,22,236,258,645
10/05/2013,ICT,KS,ACE,CE,Combined TRACON& Tower with Radar,30,43,57,87,217,0,10,41,6,57,30,53,98,93,274,120,120,240,514
10/06/2013,ICT,KS,ACE,CE,Combined TRACON& Tower with Radar,41,43,67,47,198,0,5,40,2,47,41,48,107,49,245,24,68,92,337
10/07/2013,ICT,KS,ACE,CE,Combined TRACON& Tower with Radar,42,68,130,83,323,0,3,107,4,114,42,71,237,87,437,146,98,244,681
10/08/2013,ICT,KS,ACE,CE,Combined TRACON& Tower with Radar,42,85,97,83,307,0,10,86,0,96,42,95,183,83,403,132,84,216,619
10/09/2013,ICT,KS,ACE,CE,Combined TRACON& Tower with Radar,46,58,107,132,343,0,14,83,0,97,46,72,190,132,440,68,118,186,626
10/10/2013,ICT,KS,ACE,CE,Combined TRACON& Tower with Radar,44,65,93,87,289,0,8,63,0,71,44,73,156,87,360,18,112,130,490
10/11/2013,ICT,KS,ACE,CE,Combined TRACON& Tower with Radar,51,68,101,33,253,0,7,61,1,69,51,75,162,34,322,60,46,106,428
10/12/2013,ICT,KS,ACE,CE,Combined TRACON& Tower with Radar,30,50,37,0,117,0,3,74,2,79,30,53,111,2,196,94,0,94,290
10/13/2013,ICT,KS,ACE,CE,Combined TRACON& Tower with Radar,38,40,64,6,148,0,12,42,1,55,38,52,106,7,203,44,0,44,247
10/14/2013,ICT,KS,ACE,CE,Combined TRACON& Tower with Radar,41,54,74,0,169,0,0,2,0,2,41,54,76,0,171,8,0,8,179
10/15/2013,ICT,KS,ACE,CE,Combined TRACON& Tower with Radar,46,75,77,150,348,0,6,72,1,79,46,81,149,151,427,44,152,196,623
10/16/2013,ICT,KS,ACE,CE,Combined TRACON& Tower with Radar,71,57,117,136,381,17,4,109,24,154,88,61,226,160,535,132,116,248,783
10/17/2013,ICT,KS,ACE,CE,Combined TRACON& Tower with Radar,65,76,115,132,388,15,10,89,2,116,80,86,204,134,504,60,104,164,668
10/18/2013,ICT,KS,ACE,CE,Combined TRACON& Tower with Radar,47,63,78,28,216,0,7,8,0,15,47,70,86,28,231,10,18,28,259
10/19/2013,ICT,KS,ACE,CE,Combined TRACON& Tower with Radar,28,45,53,17,143,0,10,59,1,70,28,55,112,18,213,52,22,74,287
10/20/2013,ICT,KS,ACE,CE,Combined TRACON& Tower with Radar,39,56,55,55,205,0,3,55,1,59,39,59,110,56,264,78,72,150,414
10/21/2013,ICT,KS,ACE,CE,Combined TRACON& Tower with Radar,47,67,73,133,320,0,10,61,0,71,47,77,134,133,391,148,230,378,769
10/22/2013,ICT,KS,ACE,CE,Combined TRACON& Tower with Radar,51,70,87,94,302,0,13,76,0,89,51,83,163,94,391,108,72,180,571
10/23/2013,ICT,KS,ACE,CE,Combined TRACON& Tower with Radar,46,63,121,131,361,0,12,115,1,128,46,75,236,132,489,128,144,272,761
10/24/2013,ICT,KS,ACE,CE,Combined TRACON& Tower with Radar,45,67,77,80,269,0,8,77,0,85,45,75,154,80,354,54,148,202,556
10/25/2013,ICT,KS,ACE,CE,Combined TRACON& Tower with Radar,50,65,100,97,312,0,11,86,0,97,50,76,186,97,409,80,182,262,671
10/26/2013,ICT,KS,ACE,CE,Combined TRACON& Tower with Radar,28,33,52,55,168,0,16,45,0,61,28,49,97,55,229,82,64,146,375
10/27/2013,ICT,KS,ACE,CE,Combined TRACON& Tower with Radar,39,44,65,47,195,0,2,40,1,43,39,46,105,48,238,60,90,150,388
10/28/2013,ICT,KS,ACE,CE,Combined TRACON& Tower with Radar,43,79,113,20,255,0,0,9,0,9,43,79,122,20,264,28,16,44,308
10/29/2013,ICT,KS,ACE,CE,Combined TRACON& Tower with Radar,44,64,109,6,223,0,0,4,0,4,44,64,113,6,227,0,2,2,229
10/30/2013,ICT,KS,ACE,CE,Combined TRACON& Tower with Radar,44,66,78,49,237,0,0,0,0,0,44,66,78,49,237,0,26,26,263
10/31/2013,ICT,KS,ACE,CE,Combined TRACON& Tower with Radar,52,75,100,29,256,0,4,54,0,58,52,79,154,29,314,36,30,66,380
11/01/2013,ICT,KS,ACE,CE,Combined TRACON& Tower with Radar,45,67,106,111,329,0,6,89,2,97,45,73,195,113,426,92,136,228,654
11/02/2013,ICT,KS,ACE,CE,Combined TRACON& Tower with Radar,29,34,55,9,127,0,5,91,3,99,29,39,146,12,226,100,10,110,336
11/03/2013,ICT,KS,ACE,CE,Combined TRACON& Tower with Radar,38,43,59,6,146,0,7,24,0,31,38,50,83,6,177,12,6,18,195
11/04/2013,ICT,KS,ACE,CE,Combined TRACON& Tower with Radar,41,73,82,96,292,0,7,53,1,61,41,80,135,97,353,72,134,206,559
11/05/2013,ICT,KS,ACE,CE,Combined TRACON& Tower with Radar,42,63,99,17,221,0,0,0,0,0,42,63,99,17,221,0,16,16,237
11/06/2013,ICT,KS,ACE,CE,Combined TRACON& Tower with Radar,42,67,112,91,312,0,3,61,0,64,42,70,173,91,376,136,192,328,704
11/07/2013,ICT,KS,ACE,CE,Combined TRACON& Tower with Radar,44,83,108,71,306,0,10,103,0,113,44,93,211,71,419,106,128,234,653
11/08/2013,ICT,KS,ACE,CE,Combined TRACON& Tower with Radar,47,74,84,47,252,0,7,53,3,63,47,81,137,50,315,34,46,80,395
11/09/2013,ICT,KS,ACE,CE,Combined TRACON& Tower with Radar,30,40,64,0,134,0,3,101,0,104,30,43,165,0,238,82,0,82,320
11/10/2013,ICT,KS,ACE,CE,Combined TRACON& Tower with Radar,38,58,58,2,156,0,6,60,0,66,38,64,118,2,222,38,0,38,260
11/11/2013,ICT,KS,ACE,CE,Combined TRACON& Tower with Radar,45,62,87,0,194,0,0,2,0,2,45,62,89,0,196,34,0,34,230
11/12/2013,ICT,KS,ACE,CE,Combined TRACON& Tower with Radar,41,71,84,96,292,0,3,56,4,63,41,74,140,100,355,60,248,308,663
11/13/2013,ICT,KS,ACE,CE,Combined TRACON& Tower with Radar,43,63,97,37,240,0,7,61,0,68,43,70,158,37,308,38,22,60,368
11/14/2013,ICT,KS,ACE,CE,Combined TRACON& Tower with Radar,44,66,96,69,275,0,8,60,0,68,44,74,156,69,343,12,80,92,435
11/15/2013,ICT,KS,ACE,CE,Combined TRACON& Tower with Radar,45,67,92,58,262,0,6,89,2,97,45,73,181,60,359,52,78,130,489
11/16/2013,ICT,KS,ACE,CE,Combined TRACON& Tower with Radar,30,53,53,23,159,0,8,38,0,46,30,61,91,23,205,22,32,54,259
11/17/2013,ICT,KS,ACE,CE,Combined TRACON& Tower with Radar,42,46,66,10,164,0,4,19,0,23,42,50,85,10,187,54,10,64,251
11/18/2013,ICT,KS,ACE,CE,Combined TRACON& Tower with Radar,40,64,96,60,260,0,12,79,2,93,40,76,175,62,353,92,146,238,591
11/19/2013,ICT,KS,ACE,CE,Combined TRACON& Tower with Radar,45,63,123,89,320,0,9,58,1,68,45,72,181,90,388,46,154,200,588
11/20/2013,ICT,KS,ACE,CE,Combined TRACON& Tower with Radar,44,75,151,89,359,0,11,52,1,64,44,86,203,90,423,54,132,186,609
11/21/2013,ICT,KS,ACE,CE,Combined TRACON& Tower with Radar,43,84,78,2,207,0,0,0,0,0,43,84,78,2,207,0,0,0,207
11/22/2013,ICT,KS,ACE,CE,Combined TRACON& Tower with Radar,46,69,88,27,230,0,3,14,0,17,46,72,102,27,247,24,18,42,289
11/23/2013,ICT,KS,ACE,CE,Combined TRACON& Tower with Radar,35,56,80,5,176,0,9,59,0,68,35,65,139,5,244,96,6,102,346
11/24/2013,ICT,KS,ACE,CE,Combined TRACON& Tower with Radar,32,59,40,14,145,0,0,34,10,44,32,59,74,24,189,56,88,144,333
11/25/2013,ICT,KS,ACE,CE,Combined TRACON& Tower with Radar,41,44,109,68,262,0,5,33,0,38,41,49,142,68,300,98,68,166,466
11/26/2013,ICT,KS,ACE,CE,Combined TRACON& Tower with Radar,46,61,130,85,322,0,8,74,0,82,46,69,204,85,404,104,142,246,650
11/27/2013,ICT,KS,ACE,CE,Combined TRACON& Tower with Radar,48,58,64,77,247,0,5,93,1,99,48,63,157,78,346,98,64,162,508
11/28/2013,ICT,KS,ACE,CE,Combined TRACON& Tower with Radar,23,29,11,0,63,0,2,12,0,14,23,31,23,0,77,0,0,0,77
11/29/2013,ICT,KS,ACE,CE,Combined TRACON& Tower with Radar,39,36,27,0,102,0,1,44,0,45,39,37,71,0,147,0,0,0,147
11/30/2013,ICT,KS,ACE,CE,Combined TRACON& Tower with Radar,37,33,57,0,127,0,0,45,0,45,37,33,102,0,172,48,0,48,220
12/01/2013,ICT,KS,ACE,CE,Combined TRACON& Tower with Radar,43,50,75,2,170,0,3,48,0,51,43,53,123,2,221,50,0,50,271
12/02/2013,ICT,KS,ACE,CE,Combined TRACON& Tower with Radar,46,64,81,28,219,0,8,48,0,56,46,72,129,28,275,28,38,66,341
12/03/2013,ICT,KS,ACE,CE,Combined TRACON& Tower with Radar,41,62,92,14,209,0,2,60,1,63,41,64,152,15,272,126,36,162,434
12/04/2013,ICT,KS,ACE,CE,Combined TRACON& Tower with Radar,42,54,131,29,256,0,4,6,0,10,42,58,137,29,266,100,28,128,394
12/05/2013,ICT,KS,ACE,CE,Combined TRACON& Tower with Radar,42,62,96,189,389,0,4,44,6,54,42,66,140,195,443,94,362,456,899
12/06/2013,ICT,KS,ACE,CE,Combined TRACON& Tower with Radar,37,67,88,49,241,0,5,49,0,54,37,72,137,49,295,48,66,114,409
12/07/2013,ICT,KS,ACE,CE,Combined TRACON& Tower with Radar,30,41,55,25,151,0,7,38,0,45,30,48,93,25,196,14,30,44,240
12/08/2013,ICT,KS,ACE,CE,Combined TRACON& Tower with Radar,39,40,37,0,116,0,0,0,0,0,39,40,37,0,116,0,0,0,116
12/09/2013,ICT,KS,ACE,CE,Combined TRACON& Tower with Radar,39,64,144,40,287,0,4,37,1,42,39,68,181,41,329,84,20,104,433
12/10/2013,ICT,KS,ACE,CE,Combined TRACON& Tower with Radar,43,69,104,117,333,0,8,82,2,92,43,77,186,119,425,200,206,406,831
12/11/2013,ICT,KS,ACE,CE,Combined TRACON& Tower with Radar,42,77,117,47,283,0,12,79,0,91,42,89,196,47,374,10,10,20,394
12/12/2013,ICT,KS,ACE,CE,Combined TRACON& Tower with Radar,46,67,101,69,283,0,4,76,0,80,46,71,177,69,363,40,100,140,503
12/13/2013,ICT,KS,ACE,CE,Combined TRACON& Tower with Radar,45,70,139,64,318,0,2,37,0,39,45,72,176,64,357,30,58,88,445
12/14/2013,ICT,KS,ACE,CE,Combined TRACON& Tower with Radar,36,37,71,12,156,0,11,43,0,54,36,48,114,12,210,16,12,28,238
12/15/2013,ICT,KS,ACE,CE,Combined TRACON& Tower with Radar,41,42,62,8,153,0,6,69,0,75,41,48,131,8,228,60,12,72,300
12/16/2013,ICT,KS,ACE,CE,Combined TRACON& Tower with Radar,42,66,132,82,322,0,8,72,1,81,42,74,204,83,403,90,108,198,601
12/17/2013,ICT,KS,ACE,CE,Combined TRACON& Tower with Radar,42,59,127,93,321,0,18,106,3,127,42,77,233,96,448,122,124,246,694
12/18/2013,ICT,KS,ACE,CE,Combined TRACON& Tower with Radar,45,70,108,73,296,1,11,67,6,85,46,81,175,79,381,33,142,175,556
12/19/2013,ICT,KS,ACE,CE,Combined TRACON& Tower with Radar,49,67,126,62,304,0,14,56,0,70,49,81,182,62,374,20,68,88,462
12/20/2013,ICT,KS,ACE,CE,Combined TRACON& Tower with Radar,51,51,105,3,210,0,7,28,1,36,51,58,133,4,246,0,0,0,246
12/21/2013,ICT,KS,ACE,CE,Combined TRACON& Tower with Radar,38,32,22,2,94,0,0,1,0,1,38,32,23,2,95,0,0,0,95
12/22/2013,ICT,KS,ACE,CE,Combined TRACON& Tower with Radar,42,58,66,0,166,0,0,29,0,29,42,58,95,0,195,6,0,6,201
12/23/2013,ICT,KS,ACE,CE,Combined TRACON& Tower with Radar,44,71,69,0,184,0,0,25,0,25,44,71,94,0,209,0,0,0,209
12/24/2013,ICT,KS,ACE,CE,Combined TRACON& Tower with Radar,43,47,25,0,115,0,0,0,0,0,43,47,25,0,115,0,0,0,115
12/25/2013,ICT,KS,ACE,CE,Combined TRACON& Tower with Radar,31,36,19,0,86,0,7,12,0,19,31,43,31,0,105,0,0,0,105
12/26/2013,ICT,KS,ACE,CE,Combined TRACON& Tower with Radar,43,58,75,0,176,0,10,65,0,75,43,68,140,0,251,28,0,28,279
12/27/2013,ICT,KS,ACE,CE,Combined TRACON& Tower with Radar,42,63,78,0,183,0,7,76,1,84,42,70,154,1,267,76,0,76,343
12/28/2013,ICT,KS,ACE,CE,Combined TRACON& Tower with Radar,43,42,68,0,153,0,9,44,0,53,43,51,112,0,206,40,0,40,246
12/29/2013,ICT,KS,ACE,CE,Combined TRACON& Tower with Radar,39,39,34,0,112,0,1,4,0,5,39,40,38,0,117,10,0,10,127
12/30/2013,ICT,KS,ACE,CE,Combined TRACON& Tower with Radar,43,53,78,0,174,0,9,40,0,49,43,62,118,0,223,16,10,26,249
12/31/2013,ICT,KS,ACE,CE,Combined TRACON& Tower with Radar,42,42,47,1,132,0,6,40,0,46,42,48,87,1,178,38,0,38,216
01/01/2014,ICT,KS,ACE,CE,Combined TRACON& Tower with Radar,36,36,14,0,86,0,2,6,0,8,36,38,20,0,94,0,0,0,94
01/02/2014,ICT,KS,ACE,CE,Combined TRACON& Tower with Radar,41,65,36,39,181,0,3,37,1,41,41,68,73,40,222,18,34,52,274
01/03/2014,ICT,KS,ACE,CE,Combined TRACON& Tower with Radar,47,44,65,55,211,0,2,24,2,28,47,46,89,57,239,24,90,114,353
01/04/2014,ICT,KS,ACE,CE,Combined TRACON& Tower with Radar,41,42,35,0,118,0,0,26,0,26,41,42,61,0,144,24,0,24,168
01/05/2014,ICT,KS,ACE,CE,Combined TRACON& Tower with Radar,38,23,31,2,94,0,3,1,0,4,38,26,32,2,98,0,0,0,98
01/06/2014,ICT,KS,ACE,CE,Combined TRACON& Tower with Radar,33,48,93,41,215,0,2,39,0,41,33,50,132,41,256,38,65,103,359
01/07/2014,ICT,KS,ACE,CE,Combined TRACON& Tower with Radar,37,53,64,82,236,0,6,50,3,59,37,59,114,85,295,24,118,142,437
01/08/2014,ICT,KS,ACE,CE,Combined TRACON& Tower with Radar,35,65,67,108,275,0,2,15,0,17,35,67,82,108,292,36,190,226,518
01/09/2014,ICT,KS,ACE,CE,Combined TRACON& Tower with Radar,40,49,133,15,237,0,0,0,0,0,40,49,133,15,237,26,0,26,263
01/10/2014,ICT,KS,ACE,CE,Combined TRACON& Tower with Radar,45,57,78,51,231,0,0,17,0,17,45,57,95,51,248,26,48,74,322
01/11/2014,ICT,KS,ACE,CE,Combined TRACON& Tower with Radar,29,37,62,22,150,0,10,70,0,80,29,47,132,22,230,44,144,188,418
01/12/2014,ICT,KS,ACE,CE,Combined TRACON& Tower with Radar,37,56,37,82,212,0,4,30,6,40,37,60,67,88,252,20,222,242,494
01/13/2014,ICT,KS,ACE,CE,Combined TRACON& Tower with Radar,42,54,97,101,294,0,1,42,0,43,42,55,139,101,337,26,164,190,527
01/14/2014,ICT,KS,ACE,CE,Combined TRACON& Tower with Radar,39,54,86,89,268,0,6,44,0,50,39,60,130,89,318,50,94,144,462
01/15/2014,ICT,KS,ACE,CE,Combined TRACON& Tower with Radar,39,64,89,54,246,0,11,68,3,82,39,75,157,57,328,50,78,128,456
01/16/2014,ICT,KS,ACE,CE,Combined TRACON& Tower with Radar,43,64,105,98,310,0,8,36,1,45,43,72,141,99,355,50,130,180,535
01/17/2014,ICT,KS,ACE,CE,Combined TRACON& Tower with Radar,45,54,104,90,293,0,11,76,0,87,45,65,180,90,380,40,146,186,566
01/18/2014,ICT,KS,ACE,CE,Combined TRACON& Tower with Radar,28,38,46,25,137,0,4,21,0,25,28,42,67,25,162,56,12,68,230
01/19/2014,ICT,KS,ACE,CE,Combined TRACON& Tower with Radar,36,40,43,45,164,0,8,38,1,47,36,48,81,46,211,16,46,62,273
01/20/2014,ICT,KS,ACE,CE,Combined TRACON& Tower with Radar,39,68,76,6,189,0,9,44,0,53,39,77,120,6,242,70,4,74,316
01/21/2014,ICT,KS,ACE,CE,Combined TRACON& Tower with Radar,40,64,76,121,301,0,9,50,4,63,40,73,126,125,364,48,126,174,538
01/22/2014,ICT,KS,ACE,CE,Combined TRACON& Tower with Radar,42,72,128,83,325,1,7,67,8,83,43,79,195,91,408,54,126,180,588
01/23/2014,ICT,KS,ACE,CE,Combined TRACON& Tower with Radar,46,55,105,80,286,0,13,40,0,53,46,68,145,80,339,36,126,162,501
01/24/2014,ICT,KS,ACE,CE,Combined TRACON& Tower with Radar,42,58,74,88,262,0,16,30,2,48,42,74,104,90,310,64,90,154,464
01/25/2014,ICT,KS,ACE,CE,Combined TRACON& Tower with Radar,31,45,62,18,156,0,8,83,0,91,31,53,145,18,247,112,22,134,381
01/26/2014,ICT,KS,ACE,CE,Combined TRACON& Tower with Radar,34,44,49,48,175,0,6,65,2,73,34,50,114,50,248,92,80,172,420
01/27/2014,ICT,KS,ACE,CE,Combined TRACON& Tower with Radar,37,63,98,81,279,0,7,43,1,51,37,70,141,82,330,64,118,182,512
01/28/2014,ICT,KS,ACE,CE,Combined TRACON& Tower with Radar,35,55,85,55,230,0,6,57,4,67,35,61,142,59,297,24,40,64,361
01/29/2014,ICT,KS,ACE,CE,Combined TRACON& Tower with Radar,32,62,122,46,262,0,4,69,0,73,32,66,191,46,335,26,62,88,423
01/30/2014,ICT,KS,ACE,CE,Combined TRACON& Tower with Radar,43,74,104,76,297,0,9,75,7,91,43,83,179,83,388,78,70,148,536
01/31/2014,ICT,KS,ACE,CE,Combined TRACON& Tower with Radar,42,64,60,5,171,0,0,0,0,0,42,64,60,5,171,0,0,0,171
02/01/2014,ICT,KS,ACE,CE,Combined TRACON& Tower with Radar,32,31,24,0,87,0,4,1,0,5,32,35,25,0,92,0,0,0,92
02/02/2014,ICT,KS,ACE,CE,Combined TRACON& Tower with Radar,31,35,37,0,103,0,7,16,0,23,31,42,53,0,126,12,0,12,138
02/03/2014,ICT,KS,ACE,CE,Combined TRACON& Tower with Radar,39,63,110,94,306,0,12,81,3,96,39,75,191,97,402,96,124,220,622
02/04/2014,ICT,KS,ACE,CE,Combined TRACON& Tower with Radar,23,34,14,0,71,0,0,0,0,0,23,34,14,0,71,0,0,0,71
02/05/2014,ICT,KS,ACE,CE,Combined TRACON& Tower with Radar,40,69,57,12,178,0,5,21,3,29,40,74,78,15,207,4,6,10,217
02/06/2014,ICT,KS,ACE,CE,Combined TRACON& Tower with Radar,45,59,100,58,262,0,2,20,2,24,45,61,120,60,286,18,58,76,362
02/07/2014,ICT,KS,ACE,CE,Combined TRACON& Tower with Radar,40,70,57,30,197,0,2,12,0,14,40,72,69,30,211,14,94,108,319
02/08/2014,ICT,KS,ACE,CE,Combined TRACON& Tower with Radar,30,41,34,0,105,0,0,0,0,0,30,41,34,0,105,0,0,0,105
02/09/2014,ICT,KS,ACE,CE,Combined TRACON& Tower with Radar,43,55,32,0,130,0,0,2,0,2,43,55,34,0,132,4,0,4,136
02/10/2014,ICT,KS,ACE,CE,Combined TRACON& Tower with Radar,37,71,61,62,231,0,0,16,0,16,37,71,77,62,247,14,104,118,365
02/11/2014,ICT,KS,ACE,CE,Combined TRACON& Tower with Radar,35,63,102,12,212,0,2,55,8,65,35,65,157,20,277,40,42,82,359
02/12/2014,ICT,KS,ACE,CE,Combined TRACON& Tower with Radar,36,60,91,88,275,0,7,35,0,42,36,67,126,88,317,86,58,144,461
02/13/2014,ICT,KS,ACE,CE,Combined TRACON& Tower with Radar,36,80,92,83,291,0,9,86,7,102,36,89,178,90,393,56,94,150,543
02/14/2014,ICT,KS,ACE,CE,Combined TRACON& Tower with Radar,46,58,69,132,305,0,10,81,2,93,46,68,150,134,398,38,142,180,578
02/15/2014,ICT,KS,ACE,CE,Combined TRACON& Tower with Radar,28,43,40,12,123,0,7,49,0,56,28,50,89,12,179,34,4,38,217
02/16/2014,ICT,KS,ACE,CE,Combined TRACON& Tower with Radar,38,41,48,3,130,0,13,49,0,62,38,54,97,3,192,52,0,52,244
02/17/2014,ICT,KS,ACE,CE,Combined TRACON& Tower with Radar,41,52,59,0,152,0,7,47,1,55,41,59,106,1,207,14,0,14,221
02/18/2014,ICT,KS,ACE,CE,Combined TRACON& Tower with Radar,44,67,101,47,259,0,12,85,0,97,44,79,186,47,356,114,46,160,516
02/19/2014,ICT,KS,ACE,CE,Combined TRACON& Tower with Radar,39,71,87,82,279,0,6,57,3,66,39,77,144,85,345,38,118,156,501
02/20/2014,ICT,KS,ACE,CE,Combined TRACON& Tower with Radar,40,69,72,46,227,0,11,9,1,21,40,80,81,47,248,6,28,34,282
02/21/2014,ICT,KS,ACE,CE,Combined TRACON& Tower with Radar,47,79,88,57,271,0,8,77,3,88,47,87,165,60,359,102,62,164,523
02/22/2014,ICT,KS,ACE,CE,Combined TRACON& Tower with Radar,27,61,56,2,146,0,0,87,0,87,27,61,143,2,233,28,2,30,263
02/23/2014,ICT,KS,ACE,CE,Combined TRACON& Tower with Radar,40,50,56,20,166,0,6,32,0,38,40,56,88,20,204,64,26,90,294
02/24/2014,ICT,KS,ACE,CE,Combined TRACON& Tower with Radar,43,60,74,109,286,0,11,64,2,77,43,71,138,111,363,154,194,348,711
02/25/2014,ICT,KS,ACE,CE,Combined TRACON& Tower with Radar,41,55,67,56,219,0,3,4,0,7,41,58,71,56,226,14,92,106,332
02/26/2014,ICT,KS,ACE,CE,Combined TRACON& Tower with Radar,39,67,102,81,289,0,12,89,0,101,39,79,191,81,390,71,74,145,535
02/27/2014,ICT,KS,ACE,CE,Combined TRACON& Tower with Radar,45,76,92,89,302,0,5,91,0,96,45,81,183,89,398,90,134,224,622
02/28/2014,ICT,KS,ACE,CE,Combined TRACON& Tower with Radar,47,61,96,28,232,0,9,13,0,22,47,70,109,28,254,26,24,50,304
03/01/2014,ICT,KS,ACE,CE,Combined TRACON& Tower with Radar,25,32,29,0,86,0,0,0,0,0,25,32,29,0,86,0,0,0,86
03/02/2014,ICT,KS,ACE,CE,Combined TRACON& Tower with Radar,27,35,21,0,83,0,0,0,0,0,27,35,21,0,83,0,0,0,83
03/03/2014,ICT,KS,ACE,CE,Combined TRACON& Tower with Radar,38,64,77,0,179,0,7,40,1,48,38,71,117,1,227,38,0,38,265
03/04/2014,ICT,KS,ACE,CE,Combined TRACON& Tower with Radar,45,48,83,40,216,0,18,69,0,87,45,66,152,40,303,54,48,102,405
03/05/2014,ICT,KS,ACE,CE,Combined TRACON& Tower with Radar,43,56,80,40,219,0,4,32,0,36,43,60,112,40,255,10,92,102,357
03/06/2014,ICT,KS,ACE,CE,Combined TRACON& Tower with Radar,50,64,113,24,251,0,0,29,0,29,50,64,142,24,280,52,20,72,352
03/07/2014,ICT,KS,ACE,CE,Combined TRACON& Tower with Radar,47,56,86,29,218,0,7,60,2,69,47,63,146,31,287,44,30,74,361
03/08/2014,ICT,KS,ACE,CE,Combined TRACON& Tower with Radar,30,43,35,0,108,0,3,7,0,10,30,46,42,0,118,30,0,30,148
03/09/2014,ICT,KS,ACE,CE,Combined TRACON& Tower with Radar,42,65,72,3,182,0,5,65,1,71,42,70,137,4,253,108,4,112,365
03/10/2014,ICT,KS,ACE,CE,Combined TRACON& Tower with Radar,43,66,85,33,227,1,6,77,1,85,44,72,162,34,312,104,44,148,460
03/11/2014,ICT,KS,ACE,CE,Combined TRACON& Tower with Radar,46,53,70,33,202,0,12,45,0,57,46,65,115,33,259,48,64,112,371
03/12/2014,ICT,KS,ACE,CE,Combined TRACON& Tower with Radar,44,67,97,78,286,0,18,79,1,98,44,85,176,79,384,86,108,194,578
03/13/2014,ICT,KS,ACE,CE,Combined TRACON& Tower with Radar,46,65,107,21,239,0,14,86,0,100,46,79,193,21,339,46,22,68,407
03/14/2014,ICT,KS,ACE,CE,Combined TRACON& Tower with Radar,45,71,84,76,276,0,14,88,2,104,45,85,172,78,380,88,92,180,560
03/15/2014,ICT,KS,ACE,CE,Combined TRACON& Tower with Radar,32,44,57,10,143,0,7,55,4,66,32,51,112,14,209,64,4,68,277
03/16/2014,ICT,KS,ACE,CE,Combined TRACON& Tower with Radar,41,59,46,39,185,0,2,6,3,11,41,61,52,42,196,4,42,46,242
03/17/2014,ICT,KS,ACE,CE,Combined TRACON& Tower with Radar,41,60,100,86,287,0,11,65,1,77,41,71,165,87,364,52,142,194,558
03/18/2014,ICT,KS,ACE,CE,Combined TRACON& Tower with Radar,52,61,80,24,217,0,6,45,1,52,52,67,125,25,269,44,50,94,363
03/19/2014,ICT,KS,ACE,CE,Combined TRACON& Tower with Radar,47,70,112,57,286,0,13,109,0,122,47,83,221,57,408,176,96,272,680
03/20/2014,ICT,KS,ACE,CE,Combined TRACON& Tower with Radar,45,72,98,83,298,0,13,73,0,86,45,85,171,83,384,62,88,150,534
03/21/2014,ICT,KS,ACE,CE,Combined TRACON& Tower with Radar,50,65,87,55,257,0,11,55,1,67,50,76,142,56,324,76,102,178,502
03/22/2014,ICT,KS,ACE,CE,Combined TRACON& Tower with Radar,32,44,52,35,163,0,12,34,0,46,32,56,86,35,209,38,30,68,277
03/23/2014,ICT,KS,ACE,CE,Combined TRACON& Tower with Radar,41,54,62,60,217,0,7,45,6,58,41,61,107,66,275,26,64,90,365
03/24/2014,ICT,KS,ACE,CE,Combined TRACON& Tower with Radar,44,69,67,93,273,0,7,60,3,70,44,76,127,96,343,64,140,204,547
03/25/2014,ICT,KS,ACE,CE,Combined TRACON& Tower with Radar,46,56,116,79,297,0,3,102,8,113,46,59,218,87,410,112,100,212,622
03/26/2014,ICT,KS,ACE,CE,Combined TRACON& Tower with Radar,43,75,105,38,261,0,2,23,0,25,43,77,128,38,286,16,60,76,362
03/27/2014,ICT,KS,ACE,CE,Combined TRACON& Tower with Radar,44,55,96,37,232,0,10,25,4,39,44,65,121,41,271,20,26,46,317
03/28/2014,ICT,KS,ACE,CE,Combined TRACON& Tower with Radar,43,69,102,74,288,0,19,72,2,93,43,88,174,76,381,90,48,138,519
03/29/2014,ICT,KS,ACE,CE,Combined TRACON& Tower with Radar,30,45,50,2,127,0,8,82,0,90,30,53,132,2,217,70,2,72,289
03/30/2014,ICT,KS,ACE,CE,Combined TRACON& Tower with Radar,41,52,53,18,164,0,4,11,0,15,41,56,64,18,179,26,30,56,235
03/31/2014,ICT,KS,ACE,CE,Combined TRACON& Tower with Radar,39,68,78,48,233,0,8,23,2,33,39,76,101,50,266,32,52,84,350
04/01/2014,ICT,KS,ACE,CE,Combined TRACON& Tower with Radar,46,53,112,144,355,0,10,69,0,79,46,63,181,144,434,68,194,262,696
04/02/2014,ICT,KS,ACE,CE,Combined TRACON& Tower with Radar,48,56,101,42,247,0,2,15,0,17,48,58,116,42,264,46,36,82,346
04/03/2014,ICT,KS,ACE,CE,Combined TRACON& Tower with Radar,48,59,104,53,264,0,0,3,0,3,48,59,107,53,267,26,28,54,321
04/04/2014,ICT,KS,ACE,CE,Combined TRACON& Tower with Radar,50,58,107,122,337,0,10,129,0,139,50,68,236,122,476,134,196,330,806
04/05/2014,ICT,KS,ACE,CE,Combined TRACON& Tower with Radar,31,43,39,1,114,0,6,71,1,78,31,49,110,2,192,114,4,118,310
04/06/2014,ICT,KS,ACE,CE,Combined TRACON& Tower with Radar,43,46,44,39,172,0,3,36,0,39,43,49,80,39,211,62,50,112,323
04/07/2014,ICT,KS,ACE,CE,Combined TRACON& Tower with Radar,47,64,76,128,315,0,4,47,6,57,47,68,123,134,372,30,144,174,546
04/08/2014,ICT,KS,ACE,CE,Combined TRACON& Tower with Radar,48,55,81,91,275,0,3,58,0,61,48,58,139,91,336,136,132,268,604
04/09/2014,ICT,KS,ACE,CE,Combined TRACON& Tower with Radar,46,61,86,63,256,0,10,77,1,88,46,71,163,64,344,46,56,102,446
04/10/2014,ICT,KS,ACE,CE,Combined TRACON& Tower with Radar,50,69,102,123,344,0,14,71,7,92,50,83,173,130,436,58,162,220,656
04/11/2014,ICT,KS,ACE,CE,Combined TRACON& Tower with Radar,48,53,100,125,326,0,1,88,3,92,48,54,188,128,418,78,176,254,672
04/12/2014,ICT,KS,ACE,CE,Combined TRACON& Tower with Radar,28,34,41,14,117,0,3,31,0,34,28,37,72,14,151,25,8,33,184
04/13/2014,ICT,KS,ACE,CE,Combined TRACON& Tower with Radar,47,51,25,0,123,0,1,6,0,7,47,52,31,0,130,0,0,0,130
04/14/2014,ICT,KS,ACE,CE,Combined TRACON& Tower with Radar,45,67,59,13,184,0,4,20,1,25,45,71,79,14,209,6,0,6,215
04/15/2014,ICT,KS,ACE,CE,Combined TRACON& Tower with Radar,45,58,95,65,263,0,10,95,1,106,45,68,190,66,369,94,90,184,553
04/16/2014,ICT,KS,ACE,CE,Combined TRACON& Tower with Radar,54,71,89,70,284,0,4,50,4,58,54,75,139,74,342,20,68,88,430
04/17/2014,ICT,KS,ACE,CE,Combined TRACON& Tower with Radar,45,65,105,93,308,0,2,36,1,39,45,67,141,94,347,46,74,120,467
04/18/2014,ICT,KS,ACE,CE,Combined TRACON& Tower with Radar,53,62,113,1,229,0,7,85,0,92,53,69,198,1,321,78,16,94,415
04/19/2014,ICT,KS,ACE,CE,Combined TRACON& Tower with Radar,28,33,31,4,96,0,3,32,0,35,28,36,63,4,131,6,4,10,141
04/20/2014,ICT,KS,ACE,CE,Combined TRACON& Tower with Radar,41,47,46,2,136,0,2,16,0,18,41,49,62,2,154,24,2,26,180
04/21/2014,ICT,KS,ACE,CE,Combined TRACON& Tower with Radar,53,58,94,100,305,0,2,54,0,56,53,60,148,100,361,70,144,214,575
04/22/2014,ICT,KS,ACE,CE,Combined TRACON& Tower with Radar,47,69,92,81,289,0,6,111,2,119,47,75,203,83,408,94,118,212,620
04/23/2014,ICT,KS,ACE,CE,Combined TRACON& Tower with Radar,46,55,92,59,252,0,6,40,17,63,46,61,132,76,315,24,146,170,485
04/24/2014,ICT,KS,ACE,CE,Combined TRACON& Tower with Radar,47,59,100,59,265,0,1,47,1,49,47,60,147,60,314,28,42,70,384
04/25/2014,ICT,KS,ACE,CE,Combined TRACON& Tower with Radar,50,55,84,68,257,0,6,84,3,93,50,61,168,71,350,44,62,106,456
04/26/2014,ICT,KS,ACE,CE,Combined TRACON& Tower with Radar,28,43,43,9,123,0,5,20,0,25,28,48,63,9,148,4,0,4,152
04/27/2014,ICT,KS,ACE,CE,Combined TRACON& Tower with Radar,40,50,43,12,145,0,4,5,0,9,40,54,48,12,154,2,14,16,170
04/28/2014,ICT,KS,ACE,CE,Combined TRACON& Tower with Radar,38,36,62,8,144,0,4,11,0,15,38,40,73,8,159,0,0,0,159
04/29/2014,ICT,KS,ACE,CE,Combined TRACON& Tower with Radar,49,52,103,2,206,0,1,4,0,5,49,53,107,2,211,10,2,12,223
04/30/2014,ICT,KS,ACE,CE,Combined TRACON& Tower with Radar,45,64,129,70,308,0,8,63,0,71,45,72,192,70,379,26,32,58,437
05/01/2014,ICT,KS,ACE,CE,Combined TRACON& Tower with Radar,48,61,93,91,293,0,10,64,3,77,48,71,157,94,370,52,92,144,514
05/02/2014,ICT,KS,ACE,CE,Combined TRACON& Tower with Radar,47,75,97,106,325,0,5,110,1,116,47,80,207,107,441,74,184,258,699
05/03/2014,ICT,KS,ACE,CE,Combined TRACON& Tower with Radar,31,44,59,20,154,0,4,83,2,89,31,48,142,22,243,90,30,120,363
05/04/2014,ICT,KS,ACE,CE,Combined TRACON& Tower with Radar,43,58,37,17,155,0,7,42,1,50,43,65,79,18,205,68,36,104,309
05/05/2014,ICT,KS,ACE,CE,Combined TRACON& Tower with Radar,47,60,85,35,227,0,3,61,1,65,47,63,146,36,292,46,82,128,420
05/06/2014,ICT,KS,ACE,CE,Combined TRACON& Tower with Radar,49,58,90,61,258,0,8,46,1,55,49,66,136,62,313,40,58,98,411
05/07/2014,ICT,KS,ACE,CE,Combined TRACON& Tower with Radar,52,55,90,100,297,0,9,51,1,61,52,64,141,101,358,36,100,136,494
05/08/2014,ICT,KS,ACE,CE,Combined TRACON& Tower with Radar,51,69,84,72,276,0,8,35,1,44,51,77,119,73,320,24,150,174,494
05/09/2014,ICT,KS,ACE,CE,Combined TRACON& Tower with Radar,52,60,90,66,268,1,4,103,5,113,53,64,193,71,381,108,84,192,573
05/10/2014,ICT,KS,ACE,CE,Combined TRACON& Tower with Radar,37,29,58,15,139,0,4,65,0,69,37,33,123,15,208,14,0,14,222
05/11/2014,ICT,KS,ACE,CE,Combined TRACON& Tower with Radar,43,40,45,0,128,0,4,10,0,14,43,44,55,0,142,0,0,0,142
05/12/2014,ICT,KS,ACE,CE,Combined TRACON& Tower with Radar,46,61,90,44,241,0,2,13,0,15,46,63,103,44,256,14,42,56,312
05/13/2014,ICT,KS,ACE,CE,Combined TRACON& Tower with Radar,51,49,98,107,305,0,5,75,0,80,51,54,173,107,385,68,98,166,551
05/14/2014,ICT,KS,ACE,CE,Combined TRACON& Tower with Radar,50,81,112,132,375,0,3,77,3,83,50,84,189,135,458,74,128,202,660
05/15/2014,ICT,KS,ACE,CE,Combined TRACON& Tower with Radar,51,69,100,61,281,0,6,80,2,88,51,75,180,63,369,64,106,170,539
05/16/2014,ICT,KS,ACE,CE,Combined TRACON& Tower with Radar,53,63,93,82,291,0,2,77,5,84,53,65,170,87,375,62,180,242,617
05/17/2014,ICT,KS,ACE,CE,Combined TRACON& Tower with Radar,38,32,59,0,129,0,8,61,0,69,38,40,120,0,198,38,0,38,236
05/18/2014,ICT,KS,ACE,CE,Combined TRACON& Tower with Radar,48,41,54,32,175,0,3,41,2,46,48,44,95,34,221,20,26,46,267
05/19/2014,ICT,KS,ACE,CE,Combined TRACON& Tower with Radar,47,63,75,84,269,0,4,31,2,37,47,67,106,86,306,24,90,114,420
05/20/2014,ICT,KS,ACE,CE,Combined TRACON& Tower with Radar,54,50,113,91,308,0,1,50,3,54,54,51,163,94,362,4,118,122,484
05/21/2014,ICT,KS,ACE,CE,Combined TRACON& Tower with Radar,55,57,101,44,257,0,12,102,4,118,55,69,203,48,375,96,40,136,511
05/22/2014,ICT,KS,ACE,CE,Combined TRACON& Tower with Radar,47,65,90,60,262,0,9,58,3,70,47,74,148,63,332,68,114,182,514
05/23/2014,ICT,KS,ACE,CE,Combined TRACON& Tower with Radar,52,84,68,3,207,0,0,32,0,32,52,84,100,3,239,26,2,28,267
05/24/2014,ICT,KS,ACE,CE,Combined TRACON& Tower with Radar,39,30,29,6,104,0,1,7,0,8,39,31,36,6,112,16,10,26,138
05/25/2014,ICT,KS,ACE,CE,Combined TRACON& Tower with Radar,42,29,19,0,90,0,4,6,0,10,42,33,25,0,100,18,0,18,118
05/26/2014,ICT,KS,ACE,CE,Combined TRACON& Tower with Radar,49,39,34,0,122,0,5,30,0,35,49,44,64,0,157,20,0,20,177
05/27/2014,ICT,KS,ACE,CE,Combined TRACON& Tower with Radar,51,56,111,69,287,0,4,27,0,31,51,60,138,69,318,10,24,34,352
05/28/2014,ICT,KS,ACE,CE,Combined TRACON& Tower with Radar,53,55,99,36,243,0,5,87,0,92,53,60,186,36,335,50,10,60,395
05/29/2014,ICT,KS,ACE,CE,Combined TRACON& Tower with Radar,51,57,89,38,235,0,11,117,0,128,51,68,206,38,363,144,70,214,577
05/30/2014,ICT,KS,ACE,CE,Combined TRACON& Tower with Radar,55,59,102,53,269,0,8,62,1,71,55,67,164,54,340,62,102,164,504
05/31/2014,ICT,KS,ACE,CE,Combined TRACON& Tower with Radar,37,39,78,3,157,0,9,45,0,54,37,48,123,3,211,122,0,122,333
06/01/2014,ICT,KS,ACE,CE,Combined TRACON& Tower with Radar,46,48,83,0,177,0,4,20,0,24,46,52,103,0,201,86,12,98,299
06/02/2014,ICT,KS,ACE,CE,Combined TRACON& Tower with Radar,49,74,106,22,251,0,2,46,1,49,49,76,152,23,300,28,40,68,368
06/03/2014,ICT,KS,ACE,CE,Combined TRACON& Tower with Radar,56,60,122,25,263,0,11,76,0,87,56,71,198,25,350,169,44,213,563
06/04/2014,ICT,KS,ACE,CE,Combined TRACON& Tower with Radar,48,63,124,6,241,0,6,81,1,88,48,69,205,7,329,128,6,134,463
06/05/2014,ICT,KS,ACE,CE,Combined TRACON& Tower with Radar,48,62,90,6,206,0,16,53,0,69,48,78,143,6,275,76,0,76,351
06/06/2014,ICT,KS,ACE,CE,Combined TRACON& Tower with Radar,48,71,102,0,221,0,0,14,0,14,48,71,116,0,235,12,0,12,247
06/07/2014,ICT,KS,ACE,CE,Combined TRACON& Tower with Radar,39,55,66,0,160,0,3,32,0,35,39,58,98,0,195,32,0,32,227
06/08/2014,ICT,KS,ACE,CE,Combined TRACON& Tower with Radar,45,53,82,37,217,0,4,28,0,32,45,57,110,37,249,40,86,126,375
06/09/2014,ICT,KS,ACE,CE,Combined TRACON& Tower with Radar,44,42,96,28,210,0,0,12,0,12,44,42,108,28,222,8,26,34,256
06/10/2014,ICT,KS,ACE,CE,Combined TRACON& Tower with Radar,45,57,151,46,299,0,7,76,1,84,45,64,227,47,383,66,18,84,467
06/11/2014,ICT,KS,ACE,CE,Combined TRACON& Tower with Radar,48,67,128,65,308,0,8,107,7,122,48,75,235,72,430,60,118,178,608
06/12/2014,ICT,KS,ACE,CE,Combined TRACON& Tower with Radar,44,63,121,109,337,0,9,64,4,77,44,72,185,113,414,80,150,230,644
06/13/2014,ICT,KS,ACE,CE,Combined TRACON& Tower with Radar,53,69,98,55,275,0,6,102,2,110,53,75,200,57,385,136,108,244,629
06/14/2014,ICT,KS,ACE,CE,Combined TRACON& Tower with Radar,39,52,44,5,140,0,3,28,0,31,39,55,72,5,171,10,0,10,181
06/15/2014,ICT,KS,ACE,CE,Combined TRACON& Tower with Radar,38,46,52,4,140,0,2,35,0,37,38,48,87,4,177,58,2,60,237
06/16/2014,ICT,KS,ACE,CE,Combined TRACON& Tower with Radar,46,60,95,48,249,0,5,43,1,49,46,65,138,49,298,12,68,80,378
06/17/2014,ICT,KS,ACE,CE,Combined TRACON& Tower with Radar,51,57,98,87,293,0,9,56,3,68,51,66,154,90,361,54,90,144,505
06/18/2014,ICT,KS,ACE,CE,Combined TRACON& Tower with Radar,47,48,96,61,252,0,12,80,0,92,47,60,176,61,344,68,76,144,488
06/19/2014,ICT,KS,ACE,CE,Combined TRACON& Tower with Radar,50,68,103,99,320,0,21,81,0,102,50,89,184,99,422,150,126,276,698
06/20/2014,ICT,KS,ACE,CE,Combined TRACON& Tower with Radar,49,71,81,116,317,0,9,93,7,109,49,80,174,123,426,108,168,276,702
06/21/2014,ICT,KS,ACE,CE,Combined TRACON& Tower with Radar,36,44,45,4,129,0,4,81,1,86,36,48,126,5,215,66,0,66,281
06/22/2014,ICT,KS,ACE,CE,Combined TRACON& Tower with Radar,42,53,45,4,144,0,6,49,0,55,42,59,94,4,199,46,0,46,245
06/23/2014,ICT,KS,ACE,CE,Combined TRACON& Tower with Radar,41,57,89,49,236,0,4,44,2,50,41,61,133,51,286,26,116,142,428
06/24/2014,ICT,KS,ACE,CE,Combined TRACON& Tower with Radar,46,69,100,17,232,0,7,48,1,56,46,76,148,18,288,60,48,108,396
06/25/2014,ICT,KS,ACE,CE,Combined TRACON& Tower with Radar,49,75,110,49,283,0,18,73,2,93,49,93,183,51,376,176,86,262,638
06/26/2014,ICT,KS,ACE,CE,Combined TRACON& Tower with Radar,46,74,120,13,253,0,1,44,2,47,46,75,164,15,300,58,0,58,358
06/27/2014,ICT,KS,ACE,CE,Combined TRACON& Tower with Radar,51,65,94,51,261,0,4,29,2,35,51,69,123,53,296,52,124,176,472
06/28/2014,ICT,KS,ACE,CE,Combined TRACON& Tower with Radar,35,62,34,5,136,0,0,30,0,30,35,62,64,5,166,48,2,50,216
06/29/2014,ICT,KS,ACE,CE,Combined TRACON& Tower with Radar,39,57,63,16,175,0,0,22,0,22,39,57,85,16,197,38,12,50,247
06/30/2014,ICT,KS,ACE,CE,Combined TRACON& Tower with Radar,45,68,81,93,287,0,6,35,2,43,45,74,116,95,330,32,152,184,514
07/01/2014,ICT,KS,ACE,CE,Combined TRACON& Tower with Radar,61,65,105,67,298,10,5,47,0,62,71,70,152,67,360,82,92,174,534
07/02/2014,ICT,KS,ACE,CE,Combined TRACON& Tower with Radar,47,56,96,85,284,0,9,56,3,68,47,65,152,88,352,86,96,182,534
07/03/2014,ICT,KS,ACE,CE,Combined TRACON& Tower with Radar,53,68,78,44,243,0,12,61,0,73,53,80,139,44,316,110,48,158,474
07/04/2014,ICT,KS,ACE,CE,Combined TRACON& Tower with Radar,31,31,21,0,83,0,8,23,0,31,31,39,44,0,114,6,0,6,120
07/05/2014,ICT,KS,ACE,CE,Combined TRACON& Tower with Radar,30,39,28,0,97,0,4,24,0,28,30,43,52,0,125,4,0,4,129
07/06/2014,ICT,KS,ACE,CE,Combined TRACON& Tower with Radar,44,54,51,2,151,0,6,16,0,22,44,60,67,2,173,2,0,2,175
07/07/2014,ICT,KS,ACE,CE,Combined TRACON& Tower with Radar,43,64,87,0,194,0,4,55,2,61,43,68,142,2,255,72,0,72,327
07/08/2014,ICT,KS,ACE,CE,Combined TRACON& Tower with Radar,42,62,78,68,250,0,7,46,1,54,42,69,124,69,304,24,74,98,402
07/09/2014,ICT,KS,ACE,CE,Combined TRACON& Tower with Radar,47,65,84,55,251,0,10,63,3,76,47,75,147,58,327,60,86,146,473
07/10/2014,ICT,KS,ACE,CE,Combined TRACON& Tower with Radar,50,60,68,107,285,0,3,52,4,59,50,63,120,111,344,50,94,144,488
07/11/2014,ICT,KS,ACE,CE,Combined TRACON& Tower with Radar,50,58,81,51,240,0,3,56,0,59,50,61,137,51,299,10,106,116,415
07/12/2014,ICT,KS,ACE,CE,Combined TRACON& Tower with Radar,33,46,41,0,120,0,2,37,0,39,33,48,78,0,159,42,0,42,201
07/13/2014,ICT,KS,ACE,CE,Combined TRACON& Tower with Radar,40,46,41,0,127,0,4,31,0,35,40,50,72,0,162,6,0,6,168
07/14/2014,ICT,KS,ACE,CE,Combined TRACON& Tower with Radar,43,58,86,10,197,0,9,46,2,57,43,67,132,12,254,58,22,80,334
07/15/2014,ICT,KS,ACE,CE,Combined TRACON& Tower with Radar,50,67,98,68,283,0,22,56,9,87,50,89,154,77,370,30,140,170,540
07/16/2014,ICT,KS,ACE,CE,Combined TRACON& Tower with Radar,51,71,87,24,233,0,12,20,0,32,51,83,107,24,265,26,16,42,307
07/17/2014,ICT,KS,ACE,CE,Combined TRACON& Tower with Radar,44,66,108,66,284,0,2,21,0,23,44,68,129,66,307,6,114,120,427
07/18/2014,ICT,KS,ACE,CE,Combined TRACON& Tower with Radar,47,66,89,71,273,0,6,35,0,41,47,72,124,71,314,22,40,62,376
07/19/2014,ICT,KS,ACE,CE,Combined TRACON& Tower with Radar,38,53,54,13,158,0,3,18,3,24,38,56,72,16,182,32,10,42,224
07/20/2014,ICT,KS,ACE,CE,Combined TRACON& Tower with Radar,38,47,43,9,137,0,10,27,2,39,38,57,70,11,176,14,10,24,200
07/21/2014,ICT,KS,ACE,CE,Combined TRACON& Tower with Radar,48,56,68,94,266,0,5,41,2,48,48,61,109,96,314,32,82,114,428
07/22/2014,ICT,KS,ACE,CE,Combined TRACON& Tower with Radar,44,75,90,71,280,0,6,46,0,52,44,81,136,71,332,74,114,188,520
07/23/2014,ICT,KS,ACE,CE,Combined TRACON& Tower with Radar,42,84,119,66,311,0,6,61,0,67,42,90,180,66,378,68,150,218,596
07/24/2014,ICT,KS,ACE,CE,Combined TRACON& Tower with Radar,56,80,98,81,315,0,7,57,2,66,56,87,155,83,381,50,112,162,543
07/25/2014,ICT,KS,ACE,CE,Combined TRACON& Tower with Radar,50,59,74,39,222,0,3,61,2,66,50,62,135,41,288,34,46,80,368
07/26/2014,ICT,KS,ACE,CE,Combined TRACON& Tower with Radar,37,56,49,0,142,0,4,36,3,43,37,60,85,3,185,16,0,16,201
07/27/2014,ICT,KS,ACE,CE,Combined TRACON& Tower with Radar,40,42,48,0,130,0,6,14,0,20,40,48,62,0,150,48,0,48,198
07/28/2014,ICT,KS,ACE,CE,Combined TRACON& Tower with Radar,42,53,75,57,227,0,2,49,1,52,42,55,124,58,279,28,90,118,397
07/29/2014,ICT,KS,ACE,CE,Combined TRACON& Tower with Radar,47,64,71,49,231,0,3,60,5,68,47,67,131,54,299,28,78,106,405
07/30/2014,ICT,KS,ACE,CE,Combined TRACON& Tower with Radar,46,73,96,38,253,0,1,7,0,8,46,74,103,38,261,32,6,38,299
07/31/2014,ICT,KS,ACE,CE,Combined TRACON& Tower with Radar,47,72,106,82,307,0,9,62,1,72,47,81,168,83,379,34,124,158,537
08/01/2014,ICT,KS,ACE,CE,Combined TRACON& Tower with Radar,52,71,100,66,289,0,10,58,3,71,52,81,158,69,360,56,64,120,480
08/02/2014,ICT,KS,ACE,CE,Combined TRACON& Tower with Radar,36,51,60,11,158,0,11,38,3,52,36,62,98,14,210,20,12,32,242
08/03/2014,ICT,KS,ACE,CE,Combined TRACON& Tower with Radar,40,45,49,15,149,0,2,33,3,38,40,47,82,18,187,36,12,48,235
08/04/2014,ICT,KS,ACE,CE,Combined TRACON& Tower with Radar,47,46,60,33,186,0,2,64,4,70,47,48,124,37,256,82,36,118,374
08/05/2014,ICT,KS,ACE,CE,Combined TRACON& Tower with Radar,46,76,90,29,241,0,8,49,5,62,46,84,139,34,303,22,12,34,337
08/06/2014,ICT,KS,ACE,CE,Combined TRACON& Tower with Radar,60,69,74,85,288,0,1,52,0,53,60,70,126,85,341,54,66,120,461
08/07/2014,ICT,KS,ACE,CE,Combined TRACON& Tower with Radar,50,56,83,73,262,0,3,63,4,70,50,59,146,77,332,28,84,112,444
08/08/2014,ICT,KS,ACE,CE,Combined TRACON& Tower with Radar,53,61,69,31,214,0,5,43,2,50,53,66,112,33,264,46,46,92,356
08/09/2014,ICT,KS,ACE,CE,Combined TRACON& Tower with Radar,34,51,31,7,123,0,10,22,1,33,34,61,53,8,156,32,4,36,192
08/10/2014,ICT,KS,ACE,CE,Combined TRACON& Tower with Radar,39,55,41,8,143,0,6,15,0,21,39,61,56,8,164,20,10,30,194
08/11/2014,ICT,KS,ACE,CE,Combined TRACON& Tower with Radar,46,52,80,64,242,0,10,34,1,45,46,62,114,65,287,32,120,152,439
08/12/2014,ICT,KS,ACE,CE,Combined TRACON& Tower with Radar,50,47,68,40,205,0,2,77,5,84,50,49,145,45,289,30,26,56,345
08/13/2014,ICT,KS,ACE,CE,Combined TRACON& Tower with Radar,51,66,84,20,221,0,3,61,0,64,51,69,145,20,285,24,13,37,322
08/14/2014,ICT,KS,ACE,CE,Combined TRACON& Tower with Radar,49,64,105,72,290,0,4,61,1,66,49,68,166,73,356,24,64,88,444
08/15/2014,ICT,KS,ACE,CE,Combined TRACON& Tower with Radar,50,59,92,51,252,0,1,50,2,53,50,60,142,53,305,62,94,156,461
08/16/2014,ICT,KS,ACE,CE,Combined TRACON& Tower with Radar,36,52,40,4,132,0,2,40,2,44,36,54,80,6,176,12,4,16,192
08/17/2014,ICT,KS,ACE,CE,Combined TRACON& Tower with Radar,38,57,68,8,171,0,6,34,1,41,38,63,102,9,212,2,0,2,214
08/18/2014,ICT,KS,ACE,CE,Combined TRACON& Tower with Radar,45,53,79,68,245,0,13,74,5,92,45,66,153,73,337,50,112,162,499
08/19/2014,ICT,KS,ACE,CE,Combined TRACON& Tower with Radar,45,60,98,38,241,0,23,53,1,77,45,83,151,39,318,52,36,88,406
08/20/2014,ICT,KS,ACE,CE,Combined TRACON& Tower with Radar,45,59,87,32,223,0,4,52,2,58,45,63,139,34,281,6,10,16,297
08/21/2014,ICT,KS,ACE,CE,Combined TRACON& Tower with Radar,49,64,88,70,271,0,26,49,4,79,49,90,137,74,350,40,16,56,406
08/22/2014,ICT,KS,ACE,CE,Combined TRACON& Tower with Radar,48,54,97,47,246,0,4,65,2,71,48,58,162,49,317,64,78,142,459
08/23/2014,ICT,KS,ACE,CE,Combined TRACON& Tower with Radar,38,31,36,7,112,0,1,56,0,57,38,32,92,7,169,0,0,0,169
08/24/2014,ICT,KS,ACE,CE,Combined TRACON& Tower with Radar,40,40,49,2,131,0,6,26,0,32,40,46,75,2,163,66,0,66,229
08/25/2014,ICT,KS,ACE,CE,Combined TRACON& Tower with Radar,43,57,97,33,230,0,7,37,0,44,43,64,134,33,274,28,60,88,362
08/26/2014,ICT,KS,ACE,CE,Combined TRACON& Tower with Radar,50,60,89,30,229,0,4,57,0,61,50,64,146,30,290,22,44,66,356
08/27/2014,ICT,KS,ACE,CE,Combined TRACON& Tower with Radar,44,74,147,62,327,0,9,53,0,62,44,83,200,62,389,80,22,102,491
08/28/2014,ICT,KS,ACE,CE,Combined TRACON& Tower with Radar,45,56,111,7,219,0,3,36,0,39,45,59,147,7,258,50,0,50,308
08/29/2014,ICT,KS,ACE,CE,Combined TRACON& Tower with Radar,47,68,109,89,313,0,4,77,1,82,47,72,186,90,395,62,114,176,571
08/30/2014,ICT,KS,ACE,CE,Combined TRACON& Tower with Radar,30,40,50,0,120,0,5,33,0,38,30,45,83,0,158,0,0,0,158
08/31/2014,ICT,KS,ACE,CE,Combined TRACON& Tower with Radar,33,34,33,0,100,0,8,12,0,20,33,42,45,0,120,14,0,14,134
09/01/2014,ICT,KS,ACE,CE,Combined TRACON& Tower with Radar,41,42,41,0,124,0,1,15,0,16,41,43,56,0,140,18,0,18,158
09/02/2014,ICT,KS,ACE,CE,Combined TRACON& Tower with Radar,46,64,100,69,279,0,10,27,0,37,46,74,127,69,316,44,44,88,404
09/03/2014,ICT,KS,ACE,CE,Combined TRACON& Tower with Radar,43,75,94,47,259,0,8,45,2,55,43,83,139,49,314,66,64,130,444
09/04/2014,ICT,KS,ACE,CE,Combined TRACON& Tower with Radar,45,73,104,50,272,0,7,58,1,66,45,80,162,51,338,50,68,118,456
09/05/2014,ICT,KS,ACE,CE,Combined TRACON& Tower with Radar,47,47,112,29,235,0,0,55,0,55,47,47,167,29,290,44,12,56,346
09/06/2014,ICT,KS,ACE,CE,Combined TRACON& Tower with Radar,28,42,45,14,129,0,4,41,0,45,28,46,86,14,174,86,12,98,272
09/07/2014,ICT,KS,ACE,CE,Combined TRACON& Tower with Radar,39,43,60,14,156,0,5,28,0,33,39,48,88,14,189,18,16,34,223
09/08/2014,ICT,KS,ACE,CE,Combined TRACON& Tower with Radar,46,66,80,41,233,0,6,59,4,69,46,72,139,45,302,44,54,98,400
09/09/2014,ICT,KS,ACE,CE,Combined TRACON& Tower with Radar,44,79,106,80,309,0,6,46,1,53,44,85,152,81,362,16,104,120,482
09/10/2014,ICT,KS,ACE,CE,Combined TRACON& Tower with Radar,44,80,126,53,303,0,4,6,0,10,44,84,132,53,313,54,12,66,379
09/11/2014,ICT,KS,ACE,CE,Combined TRACON& Tower with Radar,50,78,118,89,335,0,5,33,1,39,50,83,151,90,374,36,104,140,514
09/12/2014,ICT,KS,ACE,CE,Combined TRACON& Tower with Radar,52,72,116,75,315,0,0,5,0,5,52,72,121,75,320,12,60,72,392
09/13/2014,ICT,KS,ACE,CE,Combined TRACON& Tower with Radar,30,47,55,6,138,0,3,63,0,66,30,50,118,6,204,0,0,0,204
09/14/2014,ICT,KS,ACE,CE,Combined TRACON& Tower with Radar,42,47,55,13,157,0,5,31,1,37,42,52,86,14,194,56,14,70,264
09/15/2014,ICT,KS,ACE,CE,Combined TRACON& Tower with Radar,45,58,113,72,288,0,0,36,3,39,45,58,149,75,327,86,54,140,467
09/16/2014,ICT,KS,ACE,CE,Combined TRACON& Tower with Radar,49,57,123,105,334,0,20,41,4,65,49,77,164,109,399,12,58,70,469
09/17/2014,ICT,KS,ACE,CE,Combined TRACON& Tower with Radar,48,61,115,76,300,0,2,65,3,70,48,63,180,79,370,50,80,130,500
09/18/2014,ICT,KS,ACE,CE,Combined TRACON& Tower with Radar,46,74,123,99,342,0,2,55,7,64,46,76,178,106,406,24,70,94,500
09/19/2014,ICT,KS,ACE,CE,Combined TRACON& Tower with Radar,50,73,89,64,276,0,4,66,1,71,50,77,155,65,347,44,106,150,497
09/20/2014,ICT,KS,ACE,CE,Combined TRACON& Tower with Radar,34,28,56,6,124,0,0,38,3,41,34,28,94,9,165,44,26,70,235
09/21/2014,ICT,KS,ACE,CE,Combined TRACON& Tower with Radar,44,51,54,7,156,0,1,37,1,39,44,52,91,8,195,4,6,10,205
09/22/2014,ICT,KS,ACE,CE,Combined TRACON& Tower with Radar,49,67,93,45,254,0,11,65,9,85,49,78,158,54,339,52,64,116,455
09/23/2014,ICT,KS,ACE,CE,Combined TRACON& Tower with Radar,46,61,103,34,244,0,3,51,0,54,46,64,154,34,298,20,40,60,358
09/24/2014,ICT,KS,ACE,CE,Combined TRACON& Tower with Radar,48,66,129,32,275,0,1,42,0,43,48,67,171,32,318,28,20,48,366
09/25/2014,ICT,KS,ACE,CE,Combined TRACON& Tower with Radar,61,68,122,61,312,2,14,65,0,81,63,82,187,61,393,68,100,168,561
09/26/2014,ICT,KS,ACE,CE,Combined TRACON& Tower with Radar,47,52,88,54,241,1,11,58,3,73,48,63,146,57,314,90,76,166,480
09/27/2014,ICT,KS,ACE,CE,Combined TRACON& Tower with Radar,31,40,35,9,115,0,3,32,0,35,31,43,67,9,150,2,30,32,182
09/28/2014,ICT,KS,ACE,CE,Combined TRACON& Tower with Radar,48,42,51,12,153,0,13,21,3,37,48,55,72,15,190,20,4,24,214
09/29/2014,ICT,KS,ACE,CE,Combined TRACON& Tower with Radar,52,46,70,20,188,0,5,50,1,56,52,51,120,21,244,32,22,54,298
09/30/2014,ICT,KS,ACE,CE,Combined TRACON& Tower with Radar,47,66,124,6,243,0,4,63,0,67,47,70,187,6,310,66,6,72,382
10/01/2014,ICT,KS,ACE,CE,Combined TRACON& Tower with Radar,47,62,124,56,289,0,4,35,1,40,47,66,159,57,329,0,22,22,351
10/02/2014,ICT,KS,ACE,CE,Combined TRACON& Tower with Radar,43,55,90,41,229,0,1,19,3,23,43,56,109,44,252,20,38,58,310
10/03/2014,ICT,KS,ACE,CE,Combined TRACON& Tower with Radar,52,61,121,38,272,1,10,51,3,65,53,71,172,41,337,12,20,32,369
10/04/2014,ICT,KS,ACE,CE,Combined TRACON& Tower with Radar,28,42,46,19,135,0,9,48,2,59,28,51,94,21,194,22,42,64,258
10/05/2014,ICT,KS,ACE,CE,Combined TRACON& Tower with Radar,43,50,79,12,184,0,11,29,1,41,43,61,108,13,225,158,18,176,401
10/06/2014,ICT,KS,ACE,CE,Combined TRACON& Tower with Radar,43,66,87,101,297,0,6,40,4,50,43,72,127,105,347,48,94,142,489
10/07/2014,ICT,KS,ACE,CE,Combined TRACON& Tower with Radar,48,67,87,113,315,0,10,72,3,85,48,77,159,116,400,84,124,208,608
10/08/2014,ICT,KS,ACE,CE,Combined TRACON& Tower with Radar,45,70,114,86,315,0,3,31,1,35,45,73,145,87,350,32,32,64,414
10/09/2014,ICT,KS,ACE,CE,Combined TRACON& Tower with Radar,45,80,124,27,276,0,0,37,0,37,45,80,161,27,313,38,28,66,379
10/10/2014,ICT,KS,ACE,CE,Combined TRACON& Tower with Radar,48,73,87,15,223,0,0,2,0,2,48,73,89,15,225,0,0,0,225
10/11/2014,ICT,KS,ACE,CE,Combined TRACON& Tower with Radar,31,45,29,7,112,0,4,45,0,49,31,49,74,7,161,26,4,30,191
10/12/2014,ICT,KS,ACE,CE,Combined TRACON& Tower with Radar,45,53,51,0,149,0,5,18,0,23,45,58,69,0,172,6,0,6,178
10/13/2014,ICT,KS,ACE,CE,Combined TRACON& Tower with Radar,44,48,65,0,157,0,0,3,0,3,44,48,68,0,160,0,0,0,160
10/14/2014,ICT,KS,ACE,CE,Combined TRACON& Tower with Radar,46,67,89,69,271,0,4,61,3,68,46,71,150,72,339,46,86,132,471
10/15/2014,ICT,KS,ACE,CE,Combined TRACON& Tower with Radar,48,64,101,78,291,0,2,59,2,63,48,66,160,80,354,58,58,116,470
10/16/2014,ICT,KS,ACE,CE,Combined TRACON& Tower with Radar,50,64,99,47,260,0,6,71,6,83,50,70,170,53,343,54,70,124,467
10/17/2014,ICT,KS,ACE,CE,Combined TRACON& Tower with Radar,51,60,82,40,233,0,4,56,2,62,51,64,138,42,295,52,28,80,375
10/18/2014,ICT,KS,ACE,CE,Combined TRACON& Tower with Radar,28,40,39,0,107,0,4,40,0,44,28,44,79,0,151,28,0,28,179
10/19/2014,ICT,KS,ACE,CE,Combined TRACON& Tower with Radar,44,41,56,3,144,0,6,36,1,43,44,47,92,4,187,42,0,42,229
10/20/2014,ICT,KS,ACE,CE,Combined TRACON& Tower with Radar,44,56,80,73,253,0,13,46,2,61,44,69,126,75,314,52,94,146,460
10/21/2014,ICT,KS,ACE,CE,Combined TRACON& Tower with Radar,44,72,111,36,263,0,2,61,10,73,44,74,172,46,336,58,26,84,420
10/22/2014,ICT,KS,ACE,CE,Combined TRACON& Tower with Radar,45,69,99,64,277,0,3,36,4,43,45,72,135,68,320,30,48,78,398
10/23/2014,ICT,KS,ACE,CE,Combined TRACON& Tower with Radar,48,82,98,50,278,0,3,21,0,24,48,85,119,50,302,24,38,62,364
10/24/2014,ICT,KS,ACE,CE,Combined TRACON& Tower with Radar,49,74,113,9,245,0,4,75,0,79,49,78,188,9,324,60,38,98,422
10/25/2014,ICT,KS,ACE,CE,Combined TRACON& Tower with Radar,28,49,51,10,138,0,3,45,0,48,28,52,96,10,186,20,6,26,212
10/26/2014,ICT,KS,ACE,CE,Combined TRACON& Tower with Radar,40,51,37,6,134,0,3,38,0,41,40,54,75,6,175,0,0,0,175
10/27/2014,ICT,KS,ACE,CE,Combined TRACON& Tower with Radar,41,59,116,62,278,0,4,70,6,80,41,63,186,68,358,74,82,156,514
10/28/2014,ICT,KS,ACE,CE,Combined TRACON& Tower with Radar,42,59,93,23,217,0,9,55,3,67,42,68,148,26,284,60,30,90,374
10/29/2014,ICT,KS,ACE,CE,Combined TRACON& Tower with Radar,46,70,124,9,249,2,8,83,7,100,48,78,207,16,349,116,2,118,467
10/30/2014,ICT,KS,ACE,CE,Combined TRACON& Tower with Radar,46,58,126,17,247,0,4,54,1,59,46,62,180,18,306,0,0,0,306
10/31/2014,ICT,KS,ACE,CE,Combined TRACON& Tower with Radar,43,57,96,0,196,0,16,57,0,73,43,73,153,0,269,32,0,32,301
11/01/2014,ICT,KS,ACE,CE,Combined TRACON& Tower with Radar,28,41,41,15,125,0,8,30,5,43,28,49,71,20,168,38,12,50,218
11/02/2014,ICT,KS,ACE,CE,Combined TRACON& Tower with Radar,40,50,40,2,132,0,3,10,0,13,40,53,50,2,145,6,0,6,151
11/03/2014,ICT,KS,ACE,CE,Combined TRACON& Tower with Radar,43,57,95,31,226,0,0,14,0,14,43,57,109,31,240,14,28,42,282
11/04/2014,ICT,KS,ACE,CE,Combined TRACON& Tower with Radar,42,74,73,81,270,0,1,51,1,53,42,75,124,82,323,56,74,130,453
11/05/2014,ICT,KS,ACE,CE,Combined TRACON& Tower with Radar,43,86,138,29,296,0,5,52,1,58,43,91,190,30,354,22,8,30,384
11/06/2014,ICT,KS,ACE,CE,Combined TRACON& Tower with Radar,45,61,112,50,268,0,6,64,0,70,45,67,176,50,338,80,56,136,474
11/07/2014,ICT,KS,ACE,CE,Combined TRACON& Tower with Radar,49,65,102,30,246,0,2,42,3,47,49,67,144,33,293,60,26,86,379
11/08/2014,ICT,KS,ACE,CE,Combined TRACON& Tower with Radar,28,56,39,0,123,0,10,30,4,44,28,66,69,4,167,32,0,32,199
11/09/2014,ICT,KS,ACE,CE,Combined TRACON& Tower with Radar,40,52,44,10,146,38,4,30,1,73,78,56,74,11,219,52,4,56,275
11/10/2014,ICT,KS,ACE,CE,Combined TRACON& Tower with Radar,45,62,69,19,195,2,1,24,4,31,47,63,93,23,226,16,34,50,276
11/11/2014,ICT,KS,ACE,CE,Combined TRACON& Tower with Radar,41,72,90,6,209,0,3,27,0,30,41,75,117,6,239,0,0,0,239
11/12/2014,ICT,KS,ACE,CE,Combined TRACON& Tower with Radar,41,73,108,51,273,0,6,34,0,40,41,79,142,51,313,42,36,78,391
11/13/2014,ICT,KS,ACE,CE,Combined TRACON& Tower with Radar,44,60,100,57,261,0,7,53,2,62,44,67,153,59,323,40,32,72,395
11/14/2014,ICT,KS,ACE,CE,Combined TRACON& Tower with Radar,49,70,74,31,224,0,14,48,0,62,49,84,122,31,286,40,24,64,350
11/15/2014,ICT,KS,ACE,CE,Combined TRACON& Tower with Radar,25,45,41,2,113,0,4,10,0,14,25,49,51,2,127,8,2,10,137
11/16/2014,ICT,KS,ACE,CE,Combined TRACON& Tower with Radar,39,49,38,3,129,0,7,6,0,13,39,56,44,3,142,0,0,0,142
11/17/2014,ICT,KS,ACE,CE,Combined TRACON& Tower with Radar,42,55,104,30,231,0,12,45,2,59,42,67,149,32,290,28,20,48,338
11/18/2014,ICT,KS,ACE,CE,Combined TRACON& Tower with Radar,48,76,92,33,249,0,13,38,2,53,48,89,130,35,302,0,24,24,326
11/19/2014,ICT,KS,ACE,CE,Combined TRACON& Tower with Radar,42,78,120,47,287,0,12,41,1,54,42,90,161,48,341,34,34,68,409
11/20/2014,ICT,KS,ACE,CE,Combined TRACON& Tower with Radar,44,75,143,29,291,0,17,55,6,78,44,92,198,35,369,66,27,93,462
11/21/2014,ICT,KS,ACE,CE,Combined TRACON& Tower with Radar,46,53,63,3,165,0,0,2,0,2,46,53,65,3,167,0,0,0,167
11/22/2014,ICT,KS,ACE,CE,Combined TRACON& Tower with Radar,26,45,35,7,113,0,0,2,0,2,26,45,37,7,115,0,8,8,123
11/23/2014,ICT,KS,ACE,CE,Combined TRACON& Tower with Radar,35,40,42,18,135,0,2,4,0,6,35,42,46,18,141,6,14,20,161
11/24/2014,ICT,KS,ACE,CE,Combined TRACON& Tower with Radar,40,59,92,43,234,0,7,54,0,61,40,66,146,43,295,44,46,90,385
11/25/2014,ICT,KS,ACE,CE,Combined TRACON& Tower with Radar,42,72,101,74,289,0,9,67,1,77,42,81,168,75,366,48,74,122,488
11/26/2014,ICT,KS,ACE,CE,Combined TRACON& Tower with Radar,45,70,73,30,218,0,1,44,0,45,45,71,117,30,263,70,124,194,457
11/27/2014,ICT,KS,ACE,CE,Combined TRACON& Tower with Radar,19,26,15,0,60,0,2,18,0,20,19,28,33,0,80,0,0,0,80
11/28/2014,ICT,KS,ACE,CE,Combined TRACON& Tower with Radar,36,31,34,0,101,0,1,36,1,38,36,32,70,1,139,14,0,14,153
11/29/2014,ICT,KS,ACE,CE,Combined TRACON& Tower with Radar,35,41,40,0,116,0,3,39,0,42,35,44,79,0,158,14,0,14,172
11/30/2014,ICT,KS,ACE,CE,Combined TRACON& Tower with Radar,39,41,65,0,145,0,2,12,0,14,39,43,77,0,159,6,0,6,165
12/01/2014,ICT,KS,ACE,CE,Combined TRACON& Tower with Radar,51,60,88,126,325,0,8,36,2,46,51,68,124,128,371,30,182,212,583
12/02/2014,ICT,KS,ACE,CE,Combined TRACON& Tower with Radar,47,62,108,77,294,0,14,75,1,90,47,76,183,78,384,68,98,166,550
12/03/2014,ICT,KS,ACE,CE,Combined TRACON& Tower with Radar,54,63,114,134,365,0,10,55,2,67,54,73,169,136,432,58,184,242,674
12/04/2014,ICT,KS,ACE,CE,Combined TRACON& Tower with Radar,56,71,118,44,289,0,4,18,0,22,56,75,136,44,311,120,30,150,461
12/05/2014,ICT,KS,ACE,CE,Combined TRACON& Tower with Radar,55,56,82,71,264,0,1,17,0,18,55,57,99,71,282,16,12,28,310
12/06/2014,ICT,KS,ACE,CE,Combined TRACON& Tower with Radar,31,27,60,3,121,0,0,2,0,2,31,27,62,3,123,6,0,6,129
12/07/2014,ICT,KS,ACE,CE,Combined TRACON& Tower with Radar,42,32,42,0,116,0,0,0,0,0,42,32,42,0,116,0,0,0,116
12/08/2014,ICT,KS,ACE,CE,Combined TRACON& Tower with Radar,48,61,118,66,293,0,25,76,2,103,48,86,194,68,396,70,62,132,528
12/09/2014,ICT,KS,ACE,CE,Combined TRACON& Tower with Radar,48,73,134,85,340,0,7,61,8,76,48,80,195,93,416,72,120,192,608
12/10/2014,ICT,KS,ACE,CE,Combined TRACON& Tower with Radar,50,61,134,51,296,0,2,20,1,23,50,63,154,52,319,24,18,42,361
12/11/2014,ICT,KS,ACE,CE,Combined TRACON& Tower with Radar,52,55,126,55,288,0,1,17,0,18,52,56,143,55,306,26,0,26,332
12/12/2014,ICT,KS,ACE,CE,Combined TRACON& Tower with Radar,57,49,104,4,214,0,0,1,0,1,57,49,105,4,215,12,0,12,227
12/13/2014,ICT,KS,ACE,CE,Combined TRACON& Tower with Radar,31,32,33,4,100,0,0,0,0,0,31,32,33,4,100,0,0,0,100
12/14/2014,ICT,KS,ACE,CE,Combined TRACON& Tower with Radar,44,36,45,4,129,0,0,0,0,0,44,36,45,4,129,0,0,0,129
12/15/2014,ICT,KS,ACE,CE,Combined TRACON& Tower with Radar,48,48,147,31,274,0,4,12,0,16,48,52,159,31,290,24,4,28,318
12/16/2014,ICT,KS,ACE,CE,Combined TRACON& Tower with Radar,53,57,152,67,329,0,13,93,4,110,53,70,245,71,439,12,14,26,465
12/17/2014,ICT,KS,ACE,CE,Combined TRACON& Tower with Radar,50,65,118,96,329,0,10,30,6,46,50,75,148,102,375,36,176,212,587
12/18/2014,ICT,KS,ACE,CE,Combined TRACON& Tower with Radar,48,64,99,0,211,0,0,0,0,0,48,64,99,0,211,0,0,0,211
12/19/2014,ICT,KS,ACE,CE,Combined TRACON& Tower with Radar,49,76,122,37,284,0,0,13,1,14,49,76,135,38,298,4,34,38,336
12/20/2014,ICT,KS,ACE,CE,Combined TRACON& Tower with Radar,38,71,82,4,195,0,4,44,0,48,38,75,126,4,243,34,8,42,285
12/21/2014,ICT,KS,ACE,CE,Combined TRACON& Tower with Radar,41,62,59,0,162,0,0,0,0,0,41,62,59,0,162,0,0,0,162
12/22/2014,ICT,KS,ACE,CE,Combined TRACON& Tower with Radar,43,67,110,13,233,0,2,53,0,55,43,69,163,13,288,38,8,46,334
12/23/2014,ICT,KS,ACE,CE,Combined TRACON& Tower with Radar,48,75,91,53,267,0,3,27,4,34,48,78,118,57,301,26,72,98,399
12/24/2014,ICT,KS,ACE,CE,Combined TRACON& Tower with Radar,45,42,34,0,121,0,7,22,1,30,45,49,56,1,151,0,0,0,151
12/25/2014,ICT,KS,ACE,CE,Combined TRACON& Tower with Radar,28,27,6,0,61,0,5,6,0,11,28,32,12,0,72,6,0,6,78
12/26/2014,ICT,KS,ACE,CE,Combined TRACON& Tower with Radar,42,66,58,0,166,0,0,1,0,1,42,66,59,0,167,0,0,0,167
12/27/2014,ICT,KS,ACE,CE,Combined TRACON& Tower with Radar,34,65,47,0,146,0,6,25,0,31,34,71,72,0,177,36,0,36,213
12/28/2014,ICT,KS,ACE,CE,Combined TRACON& Tower with Radar,41,39,40,2,122,0,10,34,0,44,41,49,74,2,166,36,0,36,202
12/29/2014,ICT,KS,ACE,CE,Combined TRACON& Tower with Radar,38,59,70,4,171,0,1,42,2,45,38,60,112,6,216,51,0,51,267
12/30/2014,ICT,KS,ACE,CE,Combined TRACON& Tower with Radar,40,53,54,0,147,0,1,2,0,3,40,54,56,0,150,0,0,0,150
12/31/2014,ICT,KS,ACE,CE,Combined TRACON& Tower with Radar,36,56,36,2,130,0,3,16,0,19,36,59,52,2,149,0,0,0,149
01/01/2015,ICT,KS,ACE,CE,Combined TRACON& Tower with Radar,26,29,18,0,73,0,4,6,0,10,26,33,24,0,83,0,0,0,83
01/02/2015,ICT,KS,ACE,CE,Combined TRACON& Tower with Radar,44,62,50,0,156,0,6,16,0,22,44,68,66,0,178,0,0,0,178
01/03/2015,ICT,KS,ACE,CE,Combined TRACON& Tower with Radar,36,48,17,0,101,0,0,3,0,3,36,48,20,0,104,4,0,4,108
01/04/2015,ICT,KS,ACE,CE,Combined TRACON& Tower with Radar,40,51,49,1,141,0,12,16,0,28,40,63,65,1,169,0,0,0,169
01/05/2015,ICT,KS,ACE,CE,Combined TRACON& Tower with Radar,37,46,81,45,209,0,10,38,2,50,37,56,119,47,259,22,56,78,337
01/06/2015,ICT,KS,ACE,CE,Combined TRACON& Tower with Radar,45,52,58,45,200,0,4,73,3,80,45,56,131,48,280,50,60,110,390
01/07/2015,ICT,KS,ACE,CE,Combined TRACON& Tower with Radar,39,61,83,36,219,0,7,43,0,50,39,68,126,36,269,18,30,48,317
01/08/2015,ICT,KS,ACE,CE,Combined TRACON& Tower with Radar,45,61,79,16,201,0,12,34,1,47,45,73,113,17,248,12,70,82,330
01/09/2015,ICT,KS,ACE,CE,Combined TRACON& Tower with Radar,43,56,56,90,245,0,13,53,4,70,43,69,109,94,315,52,184,236,551
01/10/2015,ICT,KS,ACE,CE,Combined TRACON& Tower with Radar,28,37,41,17,123,0,8,29,0,37,28,45,70,17,160,12,10,22,182
01/11/2015,ICT,KS,ACE,CE,Combined TRACON& Tower with Radar,34,37,38,4,113,0,2,1,0,3,34,39,39,4,116,4,0,4,120
01/12/2015,ICT,KS,ACE,CE,Combined TRACON& Tower with Radar,40,44,86,62,232,0,4,24,2,30,40,48,110,64,262,16,62,78,340
01/13/2015,ICT,KS,ACE,CE,Combined TRACON& Tower with Radar,43,55,77,58,233,0,2,48,4,54,43,57,125,62,287,68,120,188,475
01/14/2015,ICT,KS,ACE,CE,Combined TRACON& Tower with Radar,41,66,96,14,217,0,1,43,2,46,41,67,139,16,263,72,2,74,337
01/15/2015,ICT,KS,ACE,CE,Combined TRACON& Tower with Radar,47,71,78,71,267,0,8,54,1,63,47,79,132,72,330,40,118,158,488
01/16/2015,ICT,KS,ACE,CE,Combined TRACON& Tower with Radar,49,64,95,75,283,1,11,55,9,76,50,75,150,84,359,58,82,140,499
01/17/2015,ICT,KS,ACE,CE,Combined TRACON& Tower with Radar,29,44,54,0,127,0,11,36,1,48,29,55,90,1,175,38,0,38,213
01/18/2015,ICT,KS,ACE,CE,Combined TRACON& Tower with Radar,36,35,35,2,108,0,5,31,0,36,36,40,66,2,144,20,0,20,164
01/19/2015,ICT,KS,ACE,CE,Combined TRACON& Tower with Radar,44,52,50,0,146,0,10,45,0,55,44,62,95,0,201,20,0,20,221
01/20/2015,ICT,KS,ACE,CE,Combined TRACON& Tower with Radar,49,45,95,66,255,0,1,44,0,45,49,46,139,66,300,46,140,186,486
01/21/2015,ICT,KS,ACE,CE,Combined TRACON& Tower with Radar,45,56,108,63,272,0,6,59,2,67,45,62,167,65,339,94,50,144,483
01/22/2015,ICT,KS,ACE,CE,Combined TRACON& Tower with Radar,48,71,112,89,320,0,7,62,3,72,48,78,174,92,392,100,144,244,636
01/23/2015,ICT,KS,ACE,CE,Combined TRACON& Tower with Radar,46,64,89,56,255,0,21,63,3,87,46,85,152,59,342,98,130,228,570
01/24/2015,ICT,KS,ACE,CE,Combined TRACON& Tower with Radar,31,36,45,5,117,0,13,52,0,65,31,49,97,5,182,46,0,46,228
01/25/2015,ICT,KS,ACE,CE,Combined TRACON& Tower with Radar,35,50,51,8,144,0,3,4,1,8,35,53,55,9,152,2,10,12,164
01/26/2015,ICT,KS,ACE,CE,Combined TRACON& Tower with Radar,44,62,94,70,270,0,25,49,0,74,44,87,143,70,344,67,148,215,559
01/27/2015,ICT,KS,ACE,CE,Combined TRACON& Tower with Radar,46,50,90,66,252,0,15,74,0,89,46,65,164,66,341,40,94,134,475
01/28/2015,ICT,KS,ACE,CE,Combined TRACON& Tower with Radar,44,66,86,80,276,0,5,44,5,54,44,71,130,85,330,20,96,116,446
01/29/2015,ICT,KS,ACE,CE,Combined TRACON& Tower with Radar,48,65,108,69,290,0,6,24,2,32,48,71,132,71,322,16,66,82,404
01/30/2015,ICT,KS,ACE,CE,Combined TRACON& Tower with Radar,48,59,87,49,243,0,6,59,0,65,48,65,146,49,308,132,32,164,472
01/31/2015,ICT,KS,ACE,CE,Combined TRACON& Tower with Radar,26,43,36,1,106,0,0,0,0,0,26,43,36,1,106,0,0,0,106
02/01/2015,ICT,KS,ACE,CE,Combined TRACON& Tower with Radar,34,27,37,1,99,0,1,1,0,2,34,28,38,1,101,0,0,0,101
02/02/2015,ICT,KS,ACE,CE,Combined TRACON& Tower with Radar,38,63,99,100,300,0,5,37,0,42,38,68,136,100,342,14,172,186,528
02/03/2015,ICT,KS,ACE,CE,Combined TRACON& Tower with Radar,48,48,83,72,251,0,7,67,7,81,48,55,150,79,332,48,182,230,562
02/04/2015,ICT,KS,ACE,CE,Combined TRACON& Tower with Radar,48,71,96,8,223,0,0,3,1,4,48,71,99,9,227,20,4,24,251
02/05/2015,ICT,KS,ACE,CE,Combined TRACON& Tower with Radar,46,69,110,49,274,0,12,61,1,74,46,81,171,50,348,86,58,144,492
02/06/2015,ICT,KS,ACE,CE,Combined TRACON& Tower with Radar,46,52,100,37,235,0,8,58,2,68,46,60,158,39,303,12,60,72,375
02/07/2015,ICT,KS,ACE,CE,Combined TRACON& Tower with Radar,31,41,55,4,131,0,13,55,0,68,31,54,110,4,199,18,2,20,219
02/08/2015,ICT,KS,ACE,CE,Combined TRACON& Tower with Radar,36,33,49,8,126,0,7,34,0,41,36,40,83,8,167,8,0,8,175
02/09/2015,ICT,KS,ACE,CE,Combined TRACON& Tower with Radar,45,58,87,38,228,0,5,23,0,28,45,63,110,38,256,24,16,40,296
02/10/2015,ICT,KS,ACE,CE,Combined TRACON& Tower with Radar,53,61,121,61,296,0,5,53,3,61,53,66,174,64,357,98,74,172,529
02/11/2015,ICT,KS,ACE,CE,Combined TRACON& Tower with Radar,47,70,129,47,293,0,11,39,3,53,47,81,168,50,346,27,12,39,385
02/12/2015,ICT,KS,ACE,CE,Combined TRACON& Tower with Radar,46,64,79,101,290,0,13,66,3,82,46,77,145,104,372,24,36,60,432
02/13/2015,ICT,KS,ACE,CE,Combined TRACON& Tower with Radar,48,58,92,70,268,0,6,77,7,90,48,64,169,77,358,70,102,172,530
02/14/2015,ICT,KS,ACE,CE,Combined TRACON& Tower with Radar,32,28,41,0,101,0,3,82,0,85,32,31,123,0,186,12,0,12,198
02/15/2015,ICT,KS,ACE,CE,Combined TRACON& Tower with Radar,37,41,40,0,118,0,1,8,2,11,37,42,48,2,129,0,2,2,131
02/16/2015,ICT,KS,ACE,CE,Combined TRACON& Tower with Radar,42,61,57,0,160,2,4,33,0,39,44,65,90,0,199,36,0,36,235
02/17/2015,ICT,KS,ACE,CE,Combined TRACON& Tower with Radar,46,54,96,31,227,2,6,45,1,54,48,60,141,32,281,0,0,0,281
02/18/2015,ICT,KS,ACE,CE,Combined TRACON& Tower with Radar,46,61,116,56,279,0,9,58,4,71,46,70,174,60,350,18,16,34,384
02/19/2015,ICT,KS,ACE,CE,Combined TRACON& Tower with Radar,47,75,91,79,292,1,16,75,2,94,48,91,166,81,386,30,36,66,452
02/20/2015,ICT,KS,ACE,CE,Combined TRACON& Tower with Radar,46,64,102,48,260,0,1,29,0,30,46,65,131,48,290,42,22,64,354
02/21/2015,ICT,KS,ACE,CE,Combined TRACON& Tower with Radar,32,46,20,11,109,0,4,15,0,19,32,50,35,11,128,10,2,12,140
02/22/2015,ICT,KS,ACE,CE,Combined TRACON& Tower with Radar,32,40,38,0,110,0,0,1,0,1,32,40,39,0,111,0,0,0,111
02/23/2015,ICT,KS,ACE,CE,Combined TRACON& Tower with Radar,31,58,90,1,180,0,5,37,3,45,31,63,127,4,225,40,0,40,265
02/24/2015,ICT,KS,ACE,CE,Combined TRACON& Tower with Radar,45,56,118,55,274,0,17,72,3,92,45,73,190,58,366,22,6,28,394
02/25/2015,ICT,KS,ACE,CE,Combined TRACON& Tower with Radar,41,62,103,56,262,0,16,41,0,57,41,78,144,56,319,26,86,112,431
02/26/2015,ICT,KS,ACE,CE,Combined TRACON& Tower with Radar,43,59,114,88,304,0,12,35,0,47,43,71,149,88,351,34,96,130,481
02/27/2015,ICT,KS,ACE,CE,Combined TRACON& Tower with Radar,45,74,67,17,203,0,1,8,0,9,45,75,75,17,212,0,0,0,212
02/28/2015,ICT,KS,ACE,CE,Combined TRACON& Tower with Radar,18,24,10,0,52,0,0,1,0,1,18,24,11,0,53,0,0,0,53
03/01/2015,ICT,KS,ACE,CE,Combined TRACON& Tower with Radar,26,48,31,0,105,0,7,2,0,9,26,55,33,0,114,0,0,0,114
03/02/2015,ICT,KS,ACE,CE,Combined TRACON& Tower with Radar,41,59,84,97,281,0,3,19,2,24,41,62,103,99,305,48,70,118,423
03/03/2015,ICT,KS,ACE,CE,Combined TRACON& Tower with Radar,42,60,79,83,264,0,3,35,0,38,42,63,114,83,302,26,2,28,330
03/04/2015,ICT,KS,ACE,CE,Combined TRACON& Tower with Radar,38,64,86,12,200,0,3,16,0,19,38,67,102,12,219,0,0,0,219
03/05/2015,ICT,KS,ACE,CE,Combined TRACON& Tower with Radar,33,60,122,68,283,0,19,50,0,69,33,79,172,68,352,12,20,32,384
03/06/2015,ICT,KS,ACE,CE,Combined TRACON& Tower with Radar,44,65,118,34,261,0,9,81,0,90,44,74,199,34,351,36,8,44,395
03/07/2015,ICT,KS,ACE,CE,Combined TRACON& Tower with Radar,31,53,53,2,139,0,10,99,0,109,31,63,152,2,248,50,0,50,298
03/08/2015,ICT,KS,ACE,CE,Combined TRACON& Tower with Radar,35,43,77,6,161,0,25,45,0,70,35,68,122,6,231,54,2,56,287
03/09/2015,ICT,KS,ACE,CE,Combined TRACON& Tower with Radar,41,52,98,118,309,0,9,34,0,43,41,61,132,118,352,22,142,164,516
03/10/2015,ICT,KS,ACE,CE,Combined TRACON& Tower with Radar,46,64,100,70,280,0,8,53,3,64,46,72,153,73,344,82,44,126,470
03/11/2015,ICT,KS,ACE,CE,Combined TRACON& Tower with Radar,46,62,103,80,291,0,14,62,1,77,46,76,165,81,368,58,66,124,492
03/12/2015,ICT,KS,ACE,CE,Combined TRACON& Tower with Radar,44,64,111,52,271,12,13,58,1,84,56,77,169,53,355,6,0,6,361
03/13/2015,ICT,KS,ACE,CE,Combined TRACON& Tower with Radar,42,56,86,74,258,0,20,60,1,81,42,76,146,75,339,52,54,106,445
03/14/2015,ICT,KS,ACE,CE,Combined TRACON& Tower with Radar,32,57,48,0,137,0,5,22,2,29,32,62,70,2,166,6,0,6,172
03/15/2015,ICT,KS,ACE,CE,Combined TRACON& Tower with Radar,38,49,68,0,155,0,6,64,0,70,38,55,132,0,225,64,0,64,289
03/16/2015,ICT,KS,ACE,CE,Combined TRACON& Tower with Radar,38,62,86,49,235,0,18,56,2,76,38,80,142,51,311,20,0,20,331
03/17/2015,ICT,KS,ACE,CE,Combined TRACON& Tower with Radar,44,55,77,54,230,0,5,28,8,41,44,60,105,62,271,6,10,16,287
03/18/2015,ICT,KS,ACE,CE,Combined TRACON& Tower with Radar,45,54,82,21,202,0,0,1,0,1,45,54,83,21,203,10,4,14,217
03/19/2015,ICT,KS,ACE,CE,Combined TRACON& Tower with Radar,44,67,91,28,230,0,0,0,0,0,44,67,91,28,230,0,0,0,230
03/20/2015,ICT,KS,ACE,CE,Combined TRACON& Tower with Radar,43,80,116,67,306,1,9,83,2,95,44,89,199,69,401,72,0,72,473
03/21/2015,ICT,KS,ACE,CE,Combined TRACON& Tower with Radar,36,40,71,4,151,0,11,43,0,54,36,51,114,4,205,8,0,8,213
03/22/2015,ICT,KS,ACE,CE,Combined TRACON& Tower with Radar,39,48,74,1,162,0,6,23,0,29,39,54,97,1,191,0,0,0,191
03/23/2015,ICT,KS,ACE,CE,Combined TRACON& Tower with Radar,37,58,106,56,257,0,8,53,0,61,37,66,159,56,318,18,54,72,390
03/24/2015,ICT,KS,ACE,CE,Combined TRACON& Tower with Radar,51,75,141,17,284,0,3,37,2,42,51,78,178,19,326,36,0,36,362
03/25/2015,ICT,KS,ACE,CE,Combined TRACON& Tower with Radar,41,63,94,14,212,0,6,30,1,37,41,69,124,15,249,24,20,44,293
03/26/2015,ICT,KS,ACE,CE,Combined TRACON& Tower with Radar,47,65,122,65,299,0,5,78,2,85,47,70,200,67,384,26,36,62,446
03/27/2015,ICT,KS,ACE,CE,Combined TRACON& Tower with Radar,45,55,114,2,216,0,16,25,2,43,45,71,139,4,259,22,0,22,281
03/28/2015,ICT,KS,ACE,CE,Combined TRACON& Tower with Radar,28,38,54,2,122,0,7,54,0,61,28,45,108,2,183,36,0,36,219
03/29/2015,ICT,KS,ACE,CE,Combined TRACON& Tower with Radar,32,56,64,41,193,0,10,25,0,35,32,66,89,41,228,0,6,6,234
03/30/2015,ICT,KS,ACE,CE,Combined TRACON& Tower with Radar,37,61,85,83,266,0,24,64,5,93,37,85,149,88,359,54,58,112,471
03/31/2015,ICT,KS,ACE,CE,Combined TRACON& Tower with Radar,44,56,121,132,353,0,11,100,1,112,44,67,221,133,465,6,38,44,509
04/01/2015,ICT,KS,ACE,CE,Combined TRACON& Tower with Radar,44,58,103,87,292,0,6,57,2,65,44,64,160,89,357,10,10,20,377
04/02/2015,ICT,KS,ACE,CE,Combined TRACON& Tower with Radar,40,57,83,118,298,0,12,46,0,58,40,69,129,118,356,32,66,98,454
04/03/2015,ICT,KS,ACE,CE,Combined TRACON& Tower with Radar,44,72,81,30,227,0,5,47,0,52,44,77,128,30,279,2,20,22,301
04/04/2015,ICT,KS,ACE,CE,Combined TRACON& Tower with Radar,27,38,39,0,104,0,4,18,0,22,27,42,57,0,126,12,0,12,138
04/05/2015,ICT,KS,ACE,CE,Combined TRACON& Tower with Radar,27,60,29,18,134,0,4,5,0,9,27,64,34,18,143,0,0,0,143
04/06/2015,ICT,KS,ACE,CE,Combined TRACON& Tower with Radar,34,65,78,62,239,0,6,25,2,33,34,71,103,64,272,16,0,16,288
04/07/2015,ICT,KS,ACE,CE,Combined TRACON& Tower with Radar,43,68,100,103,314,0,5,46,2,53,43,73,146,105,367,18,16,34,401
04/08/2015,ICT,KS,ACE,CE,Combined TRACON& Tower with Radar,49,56,91,35,231,0,1,23,0,24,49,57,114,35,255,30,2,32,287
04/09/2015,ICT,KS,ACE,CE,Combined TRACON& Tower with Radar,51,63,108,63,285,0,9,18,2,29,51,72,126,65,314,14,16,30,344
04/10/2015,ICT,KS,ACE,CE,Combined TRACON& Tower with Radar,48,70,93,29,240,0,9,77,2,88,48,79,170,31,328,66,32,98,426
04/11/2015,ICT,KS,ACE,CE,Combined TRACON& Tower with Radar,32,40,44,0,116,0,4,26,0,30,32,44,70,0,146,36,0,36,182
04/12/2015,ICT,KS,ACE,CE,Combined TRACON& Tower with Radar,41,57,26,0,124,0,0,6,0,6,41,57,32,0,130,26,0,26,156
04/13/2015,ICT,KS,ACE,CE,Combined TRACON& Tower with Radar,48,68,84,90,290,0,2,36,2,40,48,70,120,92,330,10,82,92,422
04/14/2015,ICT,KS,ACE,CE,Combined TRACON& Tower with Radar,43,66,83,20,212,0,8,47,1,56,43,74,130,21,268,14,58,72,340
04/15/2015,ICT,KS,ACE,CE,Combined TRACON& Tower with Radar,47,70,114,33,264,0,7,30,0,37,47,77,144,33,301,28,24,52,353
04/16/2015,ICT,KS,ACE,CE,Combined TRACON& Tower with Radar,44,68,65,74,251,0,8,32,0,40,44,76,97,74,291,2,38,40,331
04/17/2015,ICT,KS,ACE,CE,Combined TRACON& Tower with Radar,46,78,79,26,229,0,5,28,2,35,46,83,107,28,264,18,82,100,364
04/18/2015,ICT,KS,ACE,CE,Combined TRACON& Tower with Radar,36,41,16,8,101,0,3,16,1,20,36,44,32,9,121,4,0,4,125
04/19/2015,ICT,KS,ACE,CE,Combined TRACON& Tower with Radar,38,58,57,4,157,0,8,10,0,18,38,66,67,4,175,14,4,18,193
04/20/2015,ICT,KS,ACE,CE,Combined TRACON& Tower with Radar,45,65,97,73,280,0,11,51,2,64,45,76,148,75,344,30,20,50,394
04/21/2015,ICT,KS,ACE,CE,Combined TRACON& Tower with Radar,42,55,99,73,269,0,4,48,0,52,42,59,147,73,321,6,36,42,363
04/22/2015,ICT,KS,ACE,CE,Combined TRACON& Tower with Radar,45,76,94,84,299,0,5,47,3,55,45,81,141,87,354,10,88,98,452
04/23/2015,ICT,KS,ACE,CE,Combined TRACON& Tower with Radar,45,66,103,48,262,0,7,50,1,58,45,73,153,49,320,22,82,104,424
04/24/2015,ICT,KS,ACE,CE,Combined TRACON& Tower with Radar,45,69,68,34,216,0,1,8,0,9,45,70,76,34,225,0,4,4,229
04/25/2015,ICT,KS,ACE,CE,Combined TRACON& Tower with Radar,30,40,53,8,131,0,2,31,1,34,30,42,84,9,165,54,8,62,227
04/26/2015,ICT,KS,ACE,CE,Combined TRACON& Tower with Radar,38,57,71,8,174,0,2,7,0,9,38,59,78,8,183,10,0,10,193
04/27/2015,ICT,KS,ACE,CE,Combined TRACON& Tower with Radar,42,60,97,0,199,0,8,32,2,42,42,68,129,2,241,14,0,14,255
04/28/2015,ICT,KS,ACE,CE,Combined TRACON& Tower with Radar,45,62,150,59,316,0,10,81,3,94,45,72,231,62,410,74,16,90,500
04/29/2015,ICT,KS,ACE,CE,Combined TRACON& Tower with Radar,47,79,146,36,308,0,15,66,5,86,47,94,212,41,394,12,10,22,416
04/30/2015,ICT,KS,ACE,CE,Combined TRACON& Tower with Radar,43,81,103,20,247,0,10,61,3,74,43,91,164,23,321,62,0,62,383
05/01/2015,ICT,KS,ACE,CE,Combined TRACON& Tower with Radar,45,72,88,45,250,0,15,62,2,79,45,87,150,47,329,68,40,108,437
05/02/2015,ICT,KS,ACE,CE,Combined TRACON& Tower with Radar,33,42,65,3,143,0,12,39,0,51,33,54,104,3,194,18,0,18,212
05/03/2015,ICT,KS,ACE,CE,Combined TRACON& Tower with Radar,41,53,48,19,161,0,3,19,1,23,41,56,67,20,184,28,6,34,218
05/04/2015,ICT,KS,ACE,CE,Combined TRACON& Tower with Radar,39,50,83,45,217,0,10,39,5,54,39,60,122,50,271,24,70,94,365
05/05/2015,ICT,KS,ACE,CE,Combined TRACON& Tower with Radar,40,62,88,34,224,0,18,27,8,53,40,80,115,42,277,14,2,16,293
05/06/2015,ICT,KS,ACE,CE,Combined TRACON& Tower with Radar,57,50,91,13,211,0,0,3,0,3,57,50,94,13,214,0,0,0,214
05/07/2015,ICT,KS,ACE,CE,Combined TRACON& Tower with Radar,50,60,118,60,288,0,4,41,1,46,50,64,159,61,334,40,154,194,528
05/08/2015,ICT,KS,ACE,CE,Combined TRACON& Tower with Radar,54,70,92,33,249,0,2,3,0,5,54,72,95,33,254,6,32,38,292
05/09/2015,ICT,KS,ACE,CE,Combined TRACON& Tower with Radar,30,49,41,2,122,0,0,4,0,4,30,49,45,2,126,0,0,0,126
05/10/2015,ICT,KS,ACE,CE,Combined TRACON& Tower with Radar,38,41,47,0,126,0,2,8,0,10,38,43,55,0,136,10,0,10,146
05/11/2015,ICT,KS,ACE,CE,Combined TRACON& Tower with Radar,45,62,120,31,258,0,4,57,0,61,45,66,177,31,319,48,6,54,373
05/12/2015,ICT,KS,ACE,CE,Combined TRACON& Tower with Radar,47,71,106,75,299,0,9,90,4,103,47,80,196,79,402,60,92,152,554
05/13/2015,ICT,KS,ACE,CE,Combined TRACON& Tower with Radar,50,61,91,64,266,0,1,20,0,21,50,62,111,64,287,6,90,96,383
05/14/2015,ICT,KS,ACE,CE,Combined TRACON& Tower with Radar,50,57,109,74,290,0,3,17,0,20,50,60,126,74,310,58,10,68,378
05/15/2015,ICT,KS,ACE,CE,Combined TRACON& Tower with Radar,49,65,70,61,245,0,1,49,0,50,49,66,119,61,295,28,0,28,323
05/16/2015,ICT,KS,ACE,CE,Combined TRACON& Tower with Radar,31,30,23,2,86,0,2,5,0,7,31,32,28,2,93,8,0,8,101
05/17/2015,ICT,KS,ACE,CE,Combined TRACON& Tower with Radar,40,44,61,9,154,0,9,44,2,55,40,53,105,11,209,10,12,22,231
05/18/2015,ICT,KS,ACE,CE,Combined TRACON& Tower with Radar,46,63,117,68,294,0,11,60,0,71,46,74,177,68,365,50,62,112,477
05/19/2015,ICT,KS,ACE,CE,Combined TRACON& Tower with Radar,49,58,94,32,233,0,0,23,12,35,49,58,117,44,268,8,40,48,316
05/20/2015,ICT,KS,ACE,CE,Combined TRACON& Tower with Radar,52,82,135,90,359,0,0,7,8,15,52,82,142,98,374,12,2,14,388
05/21/2015,ICT,KS,ACE,CE,Combined TRACON& Tower with Radar,50,64,138,58,310,0,9,76,5,90,50,73,214,63,400,44,36,80,480
05/22/2015,ICT,KS,ACE,CE,Combined TRACON& Tower with Radar,55,52,81,0,188,0,1,5,0,6,55,53,86,0,194,8,0,8,202
05/23/2015,ICT,KS,ACE,CE,Combined TRACON& Tower with Radar,38,30,18,0,86,0,0,0,0,0,38,30,18,0,86,0,0,0,86
05/24/2015,ICT,KS,ACE,CE,Combined TRACON& Tower with Radar,42,27,17,6,92,0,0,3,0,3,42,27,20,6,95,0,0,0,95
05/25/2015,ICT,KS,ACE,CE,Combined TRACON& Tower with Radar,43,37,30,0,110,0,0,5,0,5,43,37,35,0,115,0,0,0,115
05/26/2015,ICT,KS,ACE,CE,Combined TRACON& Tower with Radar,47,69,83,57,256,0,15,46,3,64,47,84,129,60,320,26,24,50,370
05/27/2015,ICT,KS,ACE,CE,Combined TRACON& Tower with Radar,44,64,111,79,298,0,7,55,3,65,44,71,166,82,363,12,56,68,431
05/28/2015,ICT,KS,ACE,CE,Combined TRACON& Tower with Radar,46,58,110,26,240,0,11,33,2,46,46,69,143,28,286,38,30,68,354
05/29/2015,ICT,KS,ACE,CE,Combined TRACON& Tower with Radar,51,51,102,31,235,0,8,31,0,39,51,59,133,31,274,4,0,4,278
05/30/2015,ICT,KS,ACE,CE,Combined TRACON& Tower with Radar,31,51,47,28,157,0,5,11,0,16,31,56,58,28,173,14,0,14,187
05/31/2015,ICT,KS,ACE,CE,Combined TRACON& Tower with Radar,36,41,59,17,153,0,2,33,2,37,36,43,92,19,190,64,0,64,254
06/01/2015,ICT,KS,ACE,CE,Combined TRACON& Tower with Radar,45,69,92,30,236,0,16,49,0,65,45,85,141,30,301,16,0,16,317
06/02/2015,ICT,KS,ACE,CE,Combined TRACON& Tower with Radar,50,58,79,43,230,0,22,44,0,66,50,80,123,43,296,56,2,58,354
06/03/2015,ICT,KS,ACE,CE,Combined TRACON& Tower with Radar,52,73,113,43,281,0,26,46,4,76,52,99,159,47,357,52,4,56,413
06/04/2015,ICT,KS,ACE,CE,Combined TRACON& Tower with Radar,60,67,98,69,294,0,6,48,1,55,60,73,146,70,349,16,18,34,383
06/05/2015,ICT,KS,ACE,CE,Combined TRACON& Tower with Radar,52,72,71,70,265,0,10,51,2,63,52,82,122,72,328,10,96,106,434
06/06/2015,ICT,KS,ACE,CE,Combined TRACON& Tower with Radar,48,41,51,1,141,0,15,49,0,64,48,56,100,1,205,12,0,12,217
06/07/2015,ICT,KS,ACE,CE,Combined TRACON& Tower with Radar,47,43,53,12,155,0,4,35,0,39,47,47,88,12,194,4,0,4,198
06/08/2015,ICT,KS,ACE,CE,Combined TRACON& Tower with Radar,46,51,93,103,293,0,11,60,3,74,46,62,153,106,367,10,56,66,433
06/09/2015,ICT,KS,ACE,CE,Combined TRACON& Tower with Radar,54,57,88,57,256,0,9,55,4,68,54,66,143,61,324,14,40,54,378
06/10/2015,ICT,KS,ACE,CE,Combined TRACON& Tower with Radar,50,67,104,72,293,0,8,49,3,60,50,75,153,75,353,18,40,58,411
06/11/2015,ICT,KS,ACE,CE,Combined TRACON& Tower with Radar,50,75,99,36,260,0,6,44,2,52,50,81,143,38,312,4,22,26,338
06/12/2015,ICT,KS,ACE,CE,Combined TRACON& Tower with Radar,46,72,90,8,216,0,0,6,0,6,46,72,96,8,222,8,0,8,230
06/13/2015,ICT,KS,ACE,CE,Combined TRACON& Tower with Radar,48,32,79,11,170,0,0,4,0,4,48,32,83,11,174,0,0,0,174
06/14/2015,ICT,KS,ACE,CE,Combined TRACON& Tower with Radar,43,49,53,12,157,0,4,11,0,15,43,53,64,12,172,0,0,0,172
06/15/2015,ICT,KS,ACE,CE,Combined TRACON& Tower with Radar,47,52,102,136,337,0,7,24,0,31,47,59,126,136,368,12,2,14,382
06/16/2015,ICT,KS,ACE,CE,Combined TRACON& Tower with Radar,50,49,147,133,379,0,5,20,0,25,50,54,167,133,404,34,8,42,446
06/17/2015,ICT,KS,ACE,CE,Combined TRACON& Tower with Radar,51,69,118,148,386,0,13,39,1,53,51,82,157,149,439,60,40,100,539
06/18/2015,ICT,KS,ACE,CE,Combined TRACON& Tower with Radar,53,75,102,93,323,0,8,64,3,75,53,83,166,96,398,38,68,106,504
06/19/2015,ICT,KS,ACE,CE,Combined TRACON& Tower with Radar,55,67,101,53,276,0,14,71,5,90,55,81,172,58,366,52,22,74,440
06/20/2015,ICT,KS,ACE,CE,Combined TRACON& Tower with Radar,46,47,44,0,137,0,8,60,0,68,46,55,104,0,205,12,0,12,217
06/21/2015,ICT,KS,ACE,CE,Combined TRACON& Tower with Radar,49,53,51,18,171,0,9,35,0,44,49,62,86,18,215,4,16,20,235
06/22/2015,ICT,KS,ACE,CE,Combined TRACON& Tower with Radar,50,68,109,84,311,0,33,38,3,74,50,101,147,87,385,12,56,68,453
06/23/2015,ICT,KS,ACE,CE,Combined TRACON& Tower with Radar,54,75,99,45,273,0,15,67,3,85,54,90,166,48,358,28,42,70,428
06/24/2015,ICT,KS,ACE,CE,Combined TRACON& Tower with Radar,53,71,116,42,282,0,17,54,1,72,53,88,170,43,354,44,16,60,414
06/25/2015,ICT,KS,ACE,CE,Combined TRACON& Tower with Radar,60,59,117,64,300,0,8,73,1,82,60,67,190,65,382,104,52,156,538
06/26/2015,ICT,KS,ACE,CE,Combined TRACON& Tower with Radar,53,63,139,68,323,0,7,32,0,39,53,70,171,68,362,22,30,52,414
06/27/2015,ICT,KS,ACE,CE,Combined TRACON& Tower with Radar,44,48,49,7,148,0,14,60,0,74,44,62,109,7,222,54,4,58,280
06/28/2015,ICT,KS,ACE,CE,Combined TRACON& Tower with Radar,45,39,69,15,168,0,4,45,0,49,45,43,114,15,217,8,0,8,225
06/29/2015,ICT,KS,ACE,CE,Combined TRACON& Tower with Radar,44,58,97,103,302,0,12,62,2,76,44,70,159,105,378,14,52,66,444
06/30/2015,ICT,KS,ACE,CE,Combined TRACON& Tower with Radar,52,54,145,37,288,0,9,71,2,82,52,63,216,39,370,74,4,78,448
07/01/2015,ICT,KS,ACE,CE,Combined TRACON& Tower with Radar,53,76,107,26,262,0,5,63,0,68,53,81,170,26,330,58,14,72,402
07/02/2015,ICT,KS,ACE,CE,Combined TRACON& Tower with Radar,52,81,120,6,259,0,5,58,0,63,52,86,178,6,322,40,0,40,362
07/03/2015,ICT,KS,ACE,CE,Combined TRACON& Tower with Radar,46,44,59,0,149,0,3,34,0,37,46,47,93,0,186,4,0,4,190
07/04/2015,ICT,KS,ACE,CE,Combined TRACON& Tower with Radar,32,33,14,0,79,0,2,25,0,27,32,35,39,0,106,38,0,38,144
07/05/2015,ICT,KS,ACE,CE,Combined TRACON& Tower with Radar,44,45,39,0,128,0,5,31,0,36,44,50,70,0,164,0,0,0,164
07/06/2015,ICT,KS,ACE,CE,Combined TRACON& Tower with Radar,49,59,61,26,195,0,4,33,0,37,49,63,94,26,232,10,4,14,246
07/07/2015,ICT,KS,ACE,CE,Combined TRACON& Tower with Radar,53,64,90,8,215,0,0,10,0,10,53,64,100,8,225,24,0,24,249
07/08/2015,ICT,KS,ACE,CE,Combined TRACON& Tower with Radar,51,67,130,37,285,0,0,10,0,10,51,67,140,37,295,8,78,86,381
07/09/2015,ICT,KS,ACE,CE,Combined TRACON& Tower with Radar,55,70,121,15,261,0,2,8,0,10,55,72,129,15,271,32,0,32,303
07/10/2015,ICT,KS,ACE,CE,Combined TRACON& Tower with Radar,57,67,106,32,262,0,8,37,2,47,57,75,143,34,309,20,8,28,337
07/11/2015,ICT,KS,ACE,CE,Combined TRACON& Tower with Radar,38,48,36,6,128,0,11,46,0,57,38,59,82,6,185,20,0,20,205
07/12/2015,ICT,KS,ACE,CE,Combined TRACON& Tower with Radar,49,50,51,6,156,0,4,44,0,48,49,54,95,6,204,0,0,0,204
07/13/2015,ICT,KS,ACE,CE,Combined TRACON& Tower with Radar,49,57,76,69,251,0,12,50,6,68,49,69,126,75,319,48,46,94,413
07/14/2015,ICT,KS,ACE,CE,Combined TRACON& Tower with Radar,46,66,95,63,270,0,12,55,0,67,46,78,150,63,337,50,14,64,401
07/15/2015,ICT,KS,ACE,CE,Combined TRACON& Tower with Radar,52,68,95,88,303,0,9,44,4,57,52,77,139,92,360,20,26,46,406
07/16/2015,ICT,KS,ACE,CE,Combined TRACON& Tower with Radar,48,66,104,50,268,0,4,65,2,71,48,70,169,52,339,38,0,38,377
07/17/2015,ICT,KS,ACE,CE,Combined TRACON& Tower with Radar,60,56,83,16,215,0,7,49,0,56,60,63,132,16,271,30,20,50,321
07/18/2015,ICT,KS,ACE,CE,Combined TRACON& Tower with Radar,41,37,35,2,115,0,10,34,0,44,41,47,69,2,159,10,0,10,169
07/19/2015,ICT,KS,ACE,CE,Combined TRACON& Tower with Radar,45,49,53,11,158,0,2,25,0,27,45,51,78,11,185,62,30,92,277
07/20/2015,ICT,KS,ACE,CE,Combined TRACON& Tower with Radar,55,53,65,70,243,0,7,22,1,30,55,60,87,71,273,14,120,134,407
07/21/2015,ICT,KS,ACE,CE,Combined TRACON& Tower with Radar,50,59,86,18,213,0,2,13,0,15,50,61,99,18,228,0,0,0,228
07/22/2015,ICT,KS,ACE,CE,Combined TRACON& Tower with Radar,49,69,78,6,202,0,3,35,2,40,49,72,113,8,242,34,32,66,308
07/23/2015,ICT,KS,ACE,CE,Combined TRACON& Tower with Radar,56,57,72,42,227,0,6,57,4,67,56,63,129,46,294,48,12,60,354
07/24/2015,ICT,KS,ACE,CE,Combined TRACON& Tower with Radar,61,57,78,55,251,0,15,45,5,65,61,72,123,60,316,16,66,82,398
07/25/2015,ICT,KS,ACE,CE,Combined TRACON& Tower with Radar,41,51,23,0,115,0,4,41,0,45,41,55,64,0,160,50,0,50,210
07/26/2015,ICT,KS,ACE,CE,Combined TRACON& Tower with Radar,47,49,66,8,170,0,4,32,0,36,47,53,98,8,206,24,6,30,236
07/27/2015,ICT,KS,ACE,CE,Combined TRACON& Tower with Radar,54,56,86,35,231,0,3,48,2,53,54,59,134,37,284,30,4,34,318
07/28/2015,ICT,KS,ACE,CE,Combined TRACON& Tower with Radar,54,61,84,43,242,0,8,50,0,58,54,69,134,43,300,14,0,14,314
07/29/2015,ICT,KS,ACE,CE,Combined TRACON& Tower with Radar,52,57,101,8,218,0,2,38,0,40,52,59,139,8,258,36,0,36,294
07/30/2015,ICT,KS,ACE,CE,Combined TRACON& Tower with Radar,56,52,90,9,207,0,10,52,0,62,56,62,142,9,269,74,0,74,343
07/31/2015,ICT,KS,ACE,CE,Combined TRACON& Tower with Radar,68,78,104,60,310,0,6,81,2,89,68,84,185,62,399,78,86,164,563
08/01/2015,ICT,KS,ACE,CE,Combined TRACON& Tower with Radar,39,45,66,8,158,0,1,52,0,53,39,46,118,8,211,8,0,8,219
08/02/2015,ICT,KS,ACE,CE,Combined TRACON& Tower with Radar,44,62,62,14,182,0,5,44,2,51,44,67,106,16,233,22,18,40,273
08/03/2015,ICT,KS,ACE,CE,Combined TRACON& Tower with Radar,44,68,83,66,261,0,11,63,3,77,44,79,146,69,338,66,24,90,428
08/04/2015,ICT,KS,ACE,CE,Combined TRACON& Tower with Radar,50,75,121,17,263,0,10,54,3,67,50,85,175,20,330,34,26,60,390
08/05/2015,ICT,KS,ACE,CE,Combined TRACON& Tower with Radar,47,59,108,49,263,0,2,36,0,38,47,61,144,49,301,18,12,30,331
08/06/2015,ICT,KS,ACE,CE,Combined TRACON& Tower with Radar,55,68,131,51,305,0,3,56,0,59,55,71,187,51,364,42,28,70,434
08/07/2015,ICT,KS,ACE,CE,Combined TRACON& Tower with Radar,57,79,80,27,243,1,15,77,0,93,58,94,157,27,336,18,2,20,356
08/08/2015,ICT,KS,ACE,CE,Combined TRACON& Tower with Radar,38,54,47,1,140,0,5,25,0,30,38,59,72,1,170,0,0,0,170
08/09/2015,ICT,KS,ACE,CE,Combined TRACON& Tower with Radar,43,48,44,10,145,0,1,23,1,25,43,49,67,11,170,12,8,20,190
08/10/2015,ICT,KS,ACE,CE,Combined TRACON& Tower with Radar,42,73,91,76,282,0,9,50,4,63,42,82,141,80,345,38,40,78,423
08/11/2015,ICT,KS,ACE,CE,Combined TRACON& Tower with Radar,48,52,80,75,255,0,10,48,5,63,48,62,128,80,318,12,62,74,392
08/12/2015,ICT,KS,ACE,CE,Combined TRACON& Tower with Radar,48,77,94,34,253,0,7,38,0,45,48,84,132,34,298,30,4,34,332
08/13/2015,ICT,KS,ACE,CE,Combined TRACON& Tower with Radar,49,63,102,67,281,0,8,60,1,69,49,71,162,68,350,20,138,158,508
08/14/2015,ICT,KS,ACE,CE,Combined TRACON& Tower with Radar,53,59,80,52,244,0,6,55,4,65,53,65,135,56,309,20,4,24,333
08/15/2015,ICT,KS,ACE,CE,Combined TRACON& Tower with Radar,35,45,53,9,142,0,8,56,2,66,35,53,109,11,208,44,0,44,252
08/16/2015,ICT,KS,ACE,CE,Combined TRACON& Tower with Radar,44,40,54,8,146,0,5,30,0,35,44,45,84,8,181,38,14,52,233
08/17/2015,ICT,KS,ACE,CE,Combined TRACON& Tower with Radar,47,53,84,25,209,0,6,39,0,45,47,59,123,25,254,22,0,22,276
08/18/2015,ICT,KS,ACE,CE,Combined TRACON& Tower with Radar,46,51,87,5,189,0,5,27,0,32,46,56,114,5,221,18,0,18,239
08/19/2015,ICT,KS,ACE,CE,Combined TRACON& Tower with Radar,49,60,106,74,289,0,6,49,6,61,49,66,155,80,350,68,76,144,494
08/20/2015,ICT,KS,ACE,CE,Combined TRACON& Tower with Radar,47,76,101,41,265,0,7,62,1,70,47,83,163,42,335,104,42,146,481
08/21/2015,ICT,KS,ACE,CE,Combined TRACON& Tower with Radar,48,72,164,47,331,0,1,12,0,13,48,73,176,47,344,0,0,0,344
08/22/2015,ICT,KS,ACE,CE,Combined TRACON& Tower with Radar,30,37,49,1,117,0,3,39,0,42,30,40,88,1,159,0,0,0,159
08/23/2015,ICT,KS,ACE,CE,Combined TRACON& Tower with Radar,39,43,61,25,168,0,3,44,2,49,39,46,105,27,217,34,20,54,271
08/24/2015,ICT,KS,ACE,CE,Combined TRACON& Tower with Radar,44,56,108,43,251,0,5,63,0,68,44,61,171,43,319,42,4,46,365
08/25/2015,ICT,KS,ACE,CE,Combined TRACON& Tower with Radar,48,59,104,43,254,0,9,49,0,58,48,68,153,43,312,10,0,10,322
08/26/2015,ICT,KS,ACE,CE,Combined TRACON& Tower with Radar,44,72,118,46,280,0,9,65,3,77,44,81,183,49,357,14,30,44,401
08/27/2015,ICT,KS,ACE,CE,Combined TRACON& Tower with Radar,45,84,89,57,275,0,1,36,3,40,45,85,125,60,315,14,54,68,383
08/28/2015,ICT,KS,ACE,CE,Combined TRACON& Tower with Radar,47,73,88,23,231,0,14,61,1,76,47,87,149,24,307,82,4,86,393
08/29/2015,ICT,KS,ACE,CE,Combined TRACON& Tower with Radar,32,76,65,2,175,0,10,20,0,30,32,86,85,2,205,0,0,0,205
08/30/2015,ICT,KS,ACE,CE,Combined TRACON& Tower with Radar,41,54,44,0,139,0,3,17,0,20,41,57,61,0,159,6,0,6,165
08/31/2015,ICT,KS,ACE,CE,Combined TRACON& Tower with Radar,43,61,92,56,252,0,2,56,2,60,43,63,148,58,312,18,52,70,382
09/01/2015,ICT,KS,ACE,CE,Combined TRACON& Tower with Radar,46,66,88,67,267,0,12,62,0,74,46,78,150,67,341,42,30,72,413
09/02/2015,ICT,KS,ACE,CE,Combined TRACON& Tower with Radar,49,90,95,42,276,0,14,43,2,59,49,104,138,44,335,6,20,26,361
09/03/2015,ICT,KS,ACE,CE,Combined TRACON& Tower with Radar,44,76,116,45,281,0,8,42,4,54,44,84,158,49,335,20,46,66,401
09/04/2015,ICT,KS,ACE,CE,Combined TRACON& Tower with Radar,47,74,97,7,225,0,7,64,1,72,47,81,161,8,297,24,0,24,321
09/05/2015,ICT,KS,ACE,CE,Combined TRACON& Tower with Radar,26,43,41,3,113,0,4,20,0,24,26,47,61,3,137,60,0,60,197
09/06/2015,ICT,KS,ACE,CE,Combined TRACON& Tower with Radar,34,34,29,0,97,0,3,19,2,24,34,37,48,2,121,32,0,32,153
09/07/2015,ICT,KS,ACE,CE,Combined TRACON& Tower with Radar,40,43,51,2,136,0,6,28,2,36,40,49,79,4,172,42,0,42,214
09/08/2015,ICT,KS,ACE,CE,Combined TRACON& Tower with Radar,42,63,86,2,193,0,3,15,0,18,42,66,101,2,211,0,0,0,211
09/09/2015,ICT,KS,ACE,CE,Combined TRACON& Tower with Radar,44,80,107,63,294,0,16,55,1,72,44,96,162,64,366,34,54,88,454
09/10/2015,ICT,KS,ACE,CE,Combined TRACON& Tower with Radar,49,51,92,48,240,0,1,65,6,72,49,52,157,54,312,22,20,42,354
09/11/2015,ICT,KS,ACE,CE,Combined TRACON& Tower with Radar,49,67,107,66,289,0,4,52,0,56,49,71,159,66,345,12,12,24,369
09/12/2015,ICT,KS,ACE,CE,Combined TRACON& Tower with Radar,24,37,60,2,123,0,5,36,0,41,24,42,96,2,164,30,0,30,194
09/13/2015,ICT,KS,ACE,CE,Combined TRACON& Tower with Radar,38,47,70,6,161,0,8,31,0,39,38,55,101,6,200,8,0,8,208
09/14/2015,ICT,KS,ACE,CE,Combined TRACON& Tower with Radar,41,74,110,53,278,0,7,53,0,60,41,81,163,53,338,30,48,78,416
09/15/2015,ICT,KS,ACE,CE,Combined TRACON& Tower with Radar,51,72,99,93,315,0,11,46,2,59,51,83,145,95,374,8,14,22,396
09/16/2015,ICT,KS,ACE,CE,Combined TRACON& Tower with Radar,49,58,120,50,277,0,27,44,4,75,49,85,164,54,352,40,16,56,408
09/17/2015,ICT,KS,ACE,CE,Combined TRACON& Tower with Radar,45,62,120,48,275,0,9,46,9,64,45,71,166,57,339,40,4,44,383
09/18/2015,ICT,KS,ACE,CE,Combined TRACON& Tower with Radar,45,96,105,4,250,0,5,46,0,51,45,101,151,4,301,30,0,30,331
09/19/2015,ICT,KS,ACE,CE,Combined TRACON& Tower with Radar,29,63,59,0,151,1,6,54,0,61,30,69,113,0,212,42,0,42,254
09/20/2015,ICT,KS,ACE,CE,Combined TRACON& Tower with Radar,38,56,59,13,166,1,9,27,1,38,39,65,86,14,204,46,6,52,256
09/21/2015,ICT,KS,ACE,CE,Combined TRACON& Tower with Radar,42,103,114,72,331,0,3,30,3,36,42,106,144,75,367,36,0,36,403
09/22/2015,ICT,KS,ACE,CE,Combined TRACON& Tower with Radar,45,87,118,61,311,1,11,67,2,81,46,98,185,63,392,50,0,50,442
09/23/2015,ICT,KS,ACE,CE,Combined TRACON& Tower with Radar,46,56,111,62,275,0,11,51,2,64,46,67,162,64,339,28,0,28,367
09/24/2015,ICT,KS,ACE,CE,Combined TRACON& Tower with Radar,44,60,126,98,328,0,12,62,2,76,44,72,188,100,404,8,54,62,466
09/25/2015,ICT,KS,ACE,CE,Combined TRACON& Tower with Radar,47,75,115,43,280,0,6,75,6,87,47,81,190,49,367,0,0,0,367
09/26/2015,ICT,KS,ACE,CE,Combined TRACON& Tower with Radar,27,57,50,3,137,0,14,37,1,52,27,71,87,4,189,18,0,18,207
09/27/2015,ICT,KS,ACE,CE,Combined TRACON& Tower with Radar,38,53,63,0,154,0,6,41,0,47,38,59,104,0,201,28,0,28,229
09/28/2015,ICT,KS,ACE,CE,Combined TRACON& Tower with Radar,45,79,126,89,339,0,3,49,4,56,45,82,175,93,395,24,20,44,439
09/29/2015,ICT,KS,ACE,CE,Combined TRACON& Tower with Radar,44,65,116,21,246,0,13,53,1,67,44,78,169,22,313,28,8,36,349
09/30/2015,ICT,KS,ACE,CE,Combined TRACON& Tower with Radar,44,81,123,10,258,0,17,47,0,64,44,98,170,10,322,28,0,28,350
10/01/2015,ICT,KS,ACE,CE,Combined TRACON& Tower with Radar,48,77,122,71,318,0,8,49,0,57,48,85,171,71,375,38,24,62,437
10/02/2015,ICT,KS,ACE,CE,Combined TRACON& Tower with Radar,46,69,83,106,304,0,7,52,0,59,46,76,135,106,363,24,28,52,415
10/03/2015,ICT,KS,ACE,CE,Combined TRACON& Tower with Radar,27,45,62,14,148,0,12,34,0,46,27,57,96,14,194,0,0,0,194
10/04/2015,ICT,KS,ACE,CE,Combined TRACON& Tower with Radar,38,50,40,0,128,0,8,31,0,39,38,58,71,0,167,18,0,18,185
10/05/2015,ICT,KS,ACE,CE,Combined TRACON& Tower with Radar,46,64,110,90,310,0,2,12,0,14,46,66,122,90,324,8,0,8,332
10/06/2015,ICT,KS,ACE,CE,Combined TRACON& Tower with Radar,48,65,91,66,270,0,7,41,2,50,48,72,132,68,320,26,54,80,400
10/07/2015,ICT,KS,ACE,CE,Combined TRACON& Tower with Radar,41,62,110,48,261,0,5,40,2,47,41,67,150,50,308,22,22,44,352
10/08/2015,ICT,KS,ACE,CE,Combined TRACON& Tower with Radar,44,74,110,39,267,0,7,44,0,51,44,81,154,39,318,0,36,36,354
10/09/2015,ICT,KS,ACE,CE,Combined TRACON& Tower with Radar,44,70,89,64,267,0,6,32,1,39,44,76,121,65,306,0,8,8,314
10/10/2015,ICT,KS,ACE,CE,Combined TRACON& Tower with Radar,29,55,44,0,128,0,10,35,0,45,29,65,79,0,173,14,0,14,187
10/11/2015,ICT,KS,ACE,CE,Combined TRACON& Tower with Radar,39,51,80,15,185,0,12,27,2,41,39,63,107,17,226,26,6,32,258
10/12/2015,ICT,KS,ACE,CE,Combined TRACON& Tower with Radar,40,70,88,1,199,0,16,38,0,54,40,86,126,1,253,34,0,34,287
10/13/2015,ICT,KS,ACE,CE,Combined TRACON& Tower with Radar,46,77,105,89,317,0,14,31,5,50,46,91,136,94,367,20,54,74,441
10/14/2015,ICT,KS,ACE,CE,Combined TRACON& Tower with Radar,38,82,113,83,316,0,6,47,1,54,38,88,160,84,370,18,4,22,392
10/15/2015,ICT,KS,ACE,CE,Combined TRACON& Tower with Radar,45,84,93,88,310,0,5,45,2,52,45,89,138,90,362,19,48,67,429
10/16/2015,ICT,KS,ACE,CE,Combined TRACON& Tower with Radar,44,77,103,34,258,0,25,39,0,64,44,102,142,34,322,30,54,84,406
10/17/2015,ICT,KS,ACE,CE,Combined TRACON& Tower with Radar,29,57,46,13,145,2,7,31,0,40,31,64,77,13,185,12,0,12,197
10/18/2015,ICT,KS,ACE,CE,Combined TRACON& Tower with Radar,40,50,54,7,151,0,8,31,1,40,40,58,85,8,191,0,0,0,191
10/19/2015,ICT,KS,ACE,CE,Combined TRACON& Tower with Radar,47,76,74,34,231,0,17,38,0,55,47,93,112,34,286,18,4,22,308
10/20/2015,ICT,KS,ACE,CE,Combined TRACON& Tower with Radar,41,69,114,82,306,0,8,54,4,66,41,77,168,86,372,74,48,122,494
10/21/2015,ICT,KS,ACE,CE,Combined TRACON& Tower with Radar,43,76,119,88,326,0,21,56,7,84,43,97,175,95,410,68,66,134,544
10/22/2015,ICT,KS,ACE,CE,Combined TRACON& Tower with Radar,44,75,110,44,273,0,15,33,0,48,44,90,143,44,321,42,24,66,387
10/23/2015,ICT,KS,ACE,CE,Combined TRACON& Tower with Radar,45,78,101,72,296,0,8,52,0,60,45,86,153,72,356,38,45,83,439
10/24/2015,ICT,KS,ACE,CE,Combined TRACON& Tower with Radar,32,62,50,6,150,0,11,37,0,48,32,73,87,6,198,62,0,62,260
10/25/2015,ICT,KS,ACE,CE,Combined TRACON& Tower with Radar,35,56,67,9,167,0,4,39,9,52,35,60,106,18,219,32,40,72,291
10/26/2015,ICT,KS,ACE,CE,Combined TRACON& Tower with Radar,40,63,94,107,304,0,42,59,1,102,40,105,153,108,406,18,6,24,430
10/27/2015,ICT,KS,ACE,CE,Combined TRACON& Tower with Radar,42,79,121,51,293,0,23,54,0,77,42,102,175,51,370,66,20,86,456
10/28/2015,ICT,KS,ACE,CE,Combined TRACON& Tower with Radar,43,69,114,62,288,0,16,60,4,80,43,85,174,66,368,44,36,80,448
10/29/2015,ICT,KS,ACE,CE,Combined TRACON& Tower with Radar,47,71,116,123,357,0,19,60,3,82,47,90,176,126,439,60,84,144,583
10/30/2015,ICT,KS,ACE,CE,Combined TRACON& Tower with Radar,44,66,118,64,292,0,11,37,0,48,44,77,155,64,340,12,52,64,404
10/31/2015,ICT,KS,ACE,CE,Combined TRACON& Tower with Radar,23,47,46,16,132,0,3,16,0,19,23,50,62,16,151,22,0,22,173
11/01/2015,ICT,KS,ACE,CE,Combined TRACON& Tower with Radar,36,52,61,11,160,0,0,41,3,44,36,52,102,14,204,34,28,62,266
11/02/2015,ICT,KS,ACE,CE,Combined TRACON& Tower with Radar,43,55,107,64,269,0,38,70,3,111,43,93,177,67,380,36,0,36,416
11/03/2015,ICT,KS,ACE,CE,Combined TRACON& Tower with Radar,47,71,99,57,274,0,13,43,2,58,47,84,142,59,332,24,22,46,378
11/04/2015,ICT,KS,ACE,CE,Combined TRACON& Tower with Radar,44,70,109,57,280,0,7,20,0,27,44,77,129,57,307,42,6,48,355
11/05/2015,ICT,KS,ACE,CE,Combined TRACON& Tower with Radar,47,73,97,85,302,0,2,35,1,38,47,75,132,86,340,0,0,0,340
11/06/2015,ICT,KS,ACE,CE,Combined TRACON& Tower with Radar,47,65,121,89,322,0,14,71,8,93,47,79,192,97,415,38,38,76,491
11/07/2015,ICT,KS,ACE,CE,Combined TRACON& Tower with Radar,30,52,59,4,145,0,16,61,1,78,30,68,120,5,223,22,0,22,245
11/08/2015,ICT,KS,ACE,CE,Combined TRACON& Tower with Radar,32,53,56,9,150,0,11,33,0,44,32,64,89,9,194,18,0,18,212
11/09/2015,ICT,KS,ACE,CE,Combined TRACON& Tower with Radar,43,67,74,131,315,0,9,45,4,58,43,76,119,135,373,16,62,78,451
11/10/2015,ICT,KS,ACE,CE,Combined TRACON& Tower with Radar,43,76,106,69,294,0,11,38,0,49,43,87,144,69,343,26,8,34,377
11/11/2015,ICT,KS,ACE,CE,Combined TRACON& Tower with Radar,42,63,68,1,174,0,7,14,0,21,42,70,82,1,195,8,0,8,203
11/12/2015,ICT,KS,ACE,CE,Combined TRACON& Tower with Radar,46,80,100,80,306,0,15,74,0,89,46,95,174,80,395,16,32,48,443
11/13/2015,ICT,KS,ACE,CE,Combined TRACON& Tower with Radar,45,71,82,42,240,0,13,63,2,78,45,84,145,44,318,48,39,87,405
11/14/2015,ICT,KS,ACE,CE,Combined TRACON& Tower with Radar,30,62,50,5,147,0,12,33,0,45,30,74,83,5,192,64,0,64,256
11/15/2015,ICT,KS,ACE,CE,Combined TRACON& Tower with Radar,33,55,66,30,184,0,2,13,0,15,33,57,79,30,199,28,2,30,229
11/16/2015,ICT,KS,ACE,CE,Combined TRACON& Tower with Radar,41,56,111,27,235,0,0,0,0,0,41,56,111,27,235,0,0,0,235
11/17/2015,ICT,KS,ACE,CE,Combined TRACON& Tower with Radar,43,76,97,73,289,0,6,26,1,33,43,82,123,74,322,24,24,48,370
11/18/2015,ICT,KS,ACE,CE,Combined TRACON& Tower with Radar,40,61,115,42,258,0,15,73,1,89,40,76,188,43,347,40,54,94,441
11/19/2015,ICT,KS,ACE,CE,Combined TRACON& Tower with Radar,46,74,116,75,311,0,10,76,1,87,46,84,192,76,398,54,72,126,524
11/20/2015,ICT,KS,ACE,CE,Combined TRACON& Tower with Radar,49,75,88,45,257,0,6,40,1,47,49,81,128,46,304,60,114,174,478
11/21/2015,ICT,KS,ACE,CE,Combined TRACON& Tower with Radar,36,45,50,4,135,0,2,26,0,28,36,47,76,4,163,58,24,82,245
11/22/2015,ICT,KS,ACE,CE,Combined TRACON& Tower with Radar,32,60,54,10,156,0,7,39,1,47,32,67,93,11,203,64,0,64,267
11/23/2015,ICT,KS,ACE,CE,Combined TRACON& Tower with Radar,43,51,77,59,230,0,11,74,2,87,43,62,151,61,317,34,6,40,357
11/24/2015,ICT,KS,ACE,CE,Combined TRACON& Tower with Radar,41,70,123,44,278,0,7,58,1,66,41,77,181,45,344,30,42,72,416
11/25/2015,ICT,KS,ACE,CE,Combined TRACON& Tower with Radar,46,54,74,30,204,0,1,16,0,17,46,55,90,30,221,2,24,26,247
11/26/2015,ICT,KS,ACE,CE,Combined TRACON& Tower with Radar,31,14,4,0,49,0,0,0,0,0,31,14,4,0,49,0,0,0,49
11/27/2015,ICT,KS,ACE,CE,Combined TRACON& Tower with Radar,38,26,7,0,71,0,0,0,0,0,38,26,7,0,71,0,0,0,71
11/28/2015,ICT,KS,ACE,CE,Combined TRACON& Tower with Radar,34,39,15,1,89,0,0,0,0,0,34,39,15,1,89,0,0,0,89
11/29/2015,ICT,KS,ACE,CE,Combined TRACON& Tower with Radar,42,65,52,0,159,0,0,0,0,0,42,65,52,0,159,0,0,0,159
11/30/2015,ICT,KS,ACE,CE,Combined TRACON& Tower with Radar,57,62,108,29,256,0,10,8,0,18,57,72,116,29,274,14,0,14,288
12/01/2015,ICT,KS,ACE,CE,Combined TRACON& Tower with Radar,48,82,94,52,276,0,6,58,0,64,48,88,152,52,340,54,34,88,428
12/02/2015,ICT,KS,ACE,CE,Combined TRACON& Tower with Radar,50,67,117,74,308,0,13,66,0,79,50,80,183,74,387,26,44,70,457
12/03/2015,ICT,KS,ACE,CE,Combined TRACON& Tower with Radar,49,68,122,47,286,0,12,61,1,74,49,80,183,48,360,36,88,124,484
12/04/2015,ICT,KS,ACE,CE,Combined TRACON& Tower with Radar,50,59,108,32,249,0,2,58,2,62,50,61,166,34,311,30,36,66,377
12/05/2015,ICT,KS,ACE,CE,Combined TRACON& Tower with Radar,26,37,54,1,118,0,5,32,0,37,26,42,86,1,155,10,0,10,165
12/06/2015,ICT,KS,ACE,CE,Combined TRACON& Tower with Radar,37,50,73,1,161,0,2,36,0,38,37,52,109,1,199,16,0,16,215
12/07/2015,ICT,KS,ACE,CE,Combined TRACON& Tower with Radar,44,49,97,45,235,0,4,45,1,50,44,53,142,46,285,0,36,36,321
12/08/2015,ICT,KS,ACE,CE,Combined TRACON& Tower with Radar,45,63,85,79,272,0,4,53,0,57,45,67,138,79,329,2,16,18,347
12/09/2015,ICT,KS,ACE,CE,Combined TRACON& Tower with Radar,52,55,112,53,272,0,7,57,1,65,52,62,169,54,337,42,26,68,405
12/10/2015,ICT,KS,ACE,CE,Combined TRACON& Tower with Radar,48,60,91,75,274,0,2,72,2,76,48,62,163,77,350,22,28,50,400
12/11/2015,ICT,KS,ACE,CE,Combined TRACON& Tower with Radar,53,62,91,43,249,0,3,85,7,95,53,65,176,50,344,8,30,38,382
12/12/2015,ICT,KS,ACE,CE,Combined TRACON& Tower with Radar,25,47,63,0,135,0,0,0,0,0,25,47,63,0,135,0,0,0,135
12/13/2015,ICT,KS,ACE,CE,Combined TRACON& Tower with Radar,35,42,47,4,128,0,0,0,0,0,35,42,47,4,128,2,0,2,130
12/14/2015,ICT,KS,ACE,CE,Combined TRACON& Tower with Radar,44,56,126,24,250,0,0,56,5,61,44,56,182,29,311,12,16,28,339
12/15/2015,ICT,KS,ACE,CE,Combined TRACON& Tower with Radar,43,64,111,26,244,0,8,64,5,77,43,72,175,31,321,38,20,58,379
12/16/2015,ICT,KS,ACE,CE,Combined TRACON& Tower with Radar,49,79,123,83,334,0,4,62,8,74,49,83,185,91,408,8,60,68,476
12/17/2015,ICT,KS,ACE,CE,Combined TRACON& Tower with Radar,51,70,126,43,290,0,11,27,2,40,51,81,153,45,330,0,0,0,330
12/18/2015,ICT,KS,ACE,CE,Combined TRACON& Tower with Radar,51,79,124,18,272,0,4,61,0,65,51,83,185,18,337,0,0,0,337
12/19/2015,ICT,KS,ACE,CE,Combined TRACON& Tower with Radar,35,60,54,14,163,0,6,51,0,57,35,66,105,14,220,0,0,0,220
12/20/2015,ICT,KS,ACE,CE,Combined TRACON& Tower with Radar,42,51,56,15,164,0,2,3,0,5,42,53,59,15,169,0,0,0,169
12/21/2015,ICT,KS,ACE,CE,Combined TRACON& Tower with Radar,44,59,73,74,250,0,1,51,0,52,44,60,124,74,302,18,36,54,356
12/22/2015,ICT,KS,ACE,CE,Combined TRACON& Tower with Radar,48,57,106,49,260,0,9,30,2,41,48,66,136,51,301,10,36,46,347
12/23/2015,ICT,KS,ACE,CE,Combined TRACON& Tower with Radar,49,62,97,0,208,0,10,46,0,56,49,72,143,0,264,0,0,0,264
12/24/2015,ICT,KS,ACE,CE,Combined TRACON& Tower with Radar,43,54,31,0,128,0,0,35,0,35,43,54,66,0,163,10,0,10,173
12/25/2015,ICT,KS,ACE,CE,Combined TRACON& Tower with Radar,24,32,15,0,71,0,7,6,0,13,24,39,21,0,84,2,0,2,86
12/26/2015,ICT,KS,ACE,CE,Combined TRACON& Tower with Radar,33,54,48,0,135,0,0,1,0,1,33,54,49,0,136,0,0,0,136
12/27/2015,ICT,KS,ACE,CE,Combined TRACON& Tower with Radar,31,32,21,0,84,0,0,0,0,0,31,32,21,0,84,0,0,0,84
12/28/2015,ICT,KS,ACE,CE,Combined TRACON& Tower with Radar,29,26,30,0,85,0,0,3,0,3,29,26,33,0,88,0,0,0,88
12/29/2015,ICT,KS,ACE,CE,Combined TRACON& Tower with Radar,47,61,69,1,178,0,0,18,1,19,47,61,87,2,197,0,0,0,197
12/30/2015,ICT,KS,ACE,CE,Combined TRACON& Tower with Radar,47,65,83,3,198,0,0,2,0,2,47,65,85,3,200,0,0,0,200
12/31/2015,ICT,KS,ACE,CE,Combined TRACON& Tower with Radar,37,61,54,0,152,0,4,11,0,15,37,65,65,0,167,4,0,4,171
01/01/2016,ICT,KS,ACE,CE,Combined TRACON& Tower with Radar,29,43,25,0,97,0,8,19,0,27,29,51,44,0,124,0,0,0,124
01/02/2016,ICT,KS,ACE,CE,Combined TRACON& Tower with Radar,39,48,40,0,127,0,1,31,0,32,39,49,71,0,159,16,0,16,175
01/03/2016,ICT,KS,ACE,CE,Combined TRACON& Tower with Radar,46,59,47,0,152,0,4,19,0,23,46,63,66,0,175,0,0,0,175
01/04/2016,ICT,KS,ACE,CE,Combined TRACON& Tower with Radar,40,55,34,25,154,0,5,22,0,27,40,60,56,25,181,0,0,0,181
01/05/2016,ICT,KS,ACE,CE,Combined TRACON& Tower with Radar,47,57,78,105,287,0,3,37,4,44,47,60,115,109,331,10,78,88,419
01/06/2016,ICT,KS,ACE,CE,Combined TRACON& Tower with Radar,37,69,88,22,216,0,1,2,0,3,37,70,90,22,219,0,0,0,219
01/07/2016,ICT,KS,ACE,CE,Combined TRACON& Tower with Radar,42,58,47,2,149,0,0,0,0,0,42,58,47,2,149,0,0,0,149
01/08/2016,ICT,KS,ACE,CE,Combined TRACON& Tower with Radar,40,70,70,20,200,0,0,8,0,8,40,70,78,20,208,0,0,0,208
01/09/2016,ICT,KS,ACE,CE,Combined TRACON& Tower with Radar,25,47,48,25,145,0,5,16,0,21,25,52,64,25,166,0,0,0,166
01/10/2016,ICT,KS,ACE,CE,Combined TRACON& Tower with Radar,32,51,33,15,131,0,1,34,0,35,32,52,67,15,166,0,0,0,166
01/11/2016,ICT,KS,ACE,CE,Combined TRACON& Tower with Radar,39,57,73,126,295,0,3,54,1,58,39,60,127,127,353,6,32,38,391
01/12/2016,ICT,KS,ACE,CE,Combined TRACON& Tower with Radar,43,58,72,119,292,0,2,65,3,70,43,60,137,122,362,20,72,92,454
01/13/2016,ICT,KS,ACE,CE,Combined TRACON& Tower with Radar,37,55,90,79,261,0,1,64,6,71,37,56,154,85,332,22,8,30,362
01/14/2016,ICT,KS,ACE,CE,Combined TRACON& Tower with Radar,43,68,94,110,315,0,11,64,2,77,43,79,158,112,392,12,40,52,444
01/15/2016,ICT,KS,ACE,CE,Combined TRACON& Tower with Radar,43,61,61,69,234,0,3,47,1,51,43,64,108,70,285,20,40,60,345
01/16/2016,ICT,KS,ACE,CE,Combined TRACON& Tower with Radar,23,50,60,2,135,0,5,42,0,47,23,55,102,2,182,10,0,10,192
01/17/2016,ICT,KS,ACE,CE,Combined TRACON& Tower with Radar,32,54,50,4,140,0,4,7,0,11,32,58,57,4,151,0,0,0,151
01/18/2016,ICT,KS,ACE,CE,Combined TRACON& Tower with Radar,40,64,68,6,178,0,0,16,0,16,40,64,84,6,194,0,0,0,194
01/19/2016,ICT,KS,ACE,CE,Combined TRACON& Tower with Radar,42,61,73,1,177,0,0,0,0,0,42,61,73,1,177,0,0,0,177
01/20/2016,ICT,KS,ACE,CE,Combined TRACON& Tower with Radar,43,58,62,2,165,0,0,0,0,0,43,58,62,2,165,0,0,0,165
01/21/2016,ICT,KS,ACE,CE,Combined TRACON& Tower with Radar,43,65,82,23,213,0,0,3,0,3,43,65,85,23,216,10,0,10,226
01/22/2016,ICT,KS,ACE,CE,Combined TRACON& Tower with Radar,40,74,89,4,207,0,1,5,0,6,40,75,94,4,213,8,0,8,221
01/23/2016,ICT,KS,ACE,CE,Combined TRACON& Tower with Radar,28,47,50,0,125,0,5,21,0,26,28,52,71,0,151,0,0,0,151
01/24/2016,ICT,KS,ACE,CE,Combined TRACON& Tower with Radar,31,53,47,17,148,0,2,29,0,31,31,55,76,17,179,4,4,8,187
01/25/2016,ICT,KS,ACE,CE,Combined TRACON& Tower with Radar,38,63,90,28,219,0,2,10,0,12,38,65,100,28,231,0,17,17,248
01/26/2016,ICT,KS,ACE,CE,Combined TRACON& Tower with Radar,48,60,97,114,319,0,8,81,1,90,48,68,178,115,409,20,36,56,465
01/27/2016,ICT,KS,ACE,CE,Combined TRACON& Tower with Radar,38,72,117,99,326,0,5,74,9,88,38,77,191,108,414,60,80,140,554
01/28/2016,ICT,KS,ACE,CE,Combined TRACON& Tower with Radar,44,66,116,76,302,0,11,75,2,88,44,77,191,78,390,26,62,88,478
01/29/2016,ICT,KS,ACE,CE,Combined TRACON& Tower with Radar,42,67,87,8,204,0,1,56,3,60,42,68,143,11,264,38,0,38,302
01/30/2016,ICT,KS,ACE,CE,Combined TRACON& Tower with Radar,27,38,53,35,153,0,9,89,2,100,27,47,142,37,253,8,8,16,269
01/31/2016,ICT,KS,ACE,CE,Combined TRACON& Tower with Radar,36,43,78,0,157,0,1,31,0,32,36,44,109,0,189,0,0,0,189
02/01/2016,ICT,KS,ACE,CE,Combined TRACON& Tower with Radar,36,51,83,65,235,0,0,25,0,25,36,51,108,65,260,16,38,54,314
02/02/2016,ICT,KS,ACE,CE,Combined TRACON& Tower with Radar,40,76,89,14,219,0,4,13,0,17,40,80,102,14,236,0,22,22,258
02/03/2016,ICT,KS,ACE,CE,Combined TRACON& Tower with Radar,38,65,109,45,257,0,10,55,3,68,38,75,164,48,325,10,0,10,335
02/04/2016,ICT,KS,ACE,CE,Combined TRACON& Tower with Radar,43,62,95,36,236,0,2,62,3,67,43,64,157,39,303,30,0,30,333
02/05/2016,ICT,KS,ACE,CE,Combined TRACON& Tower with Radar,47,74,68,78,267,0,8,55,1,64,47,82,123,79,331,28,76,104,435
02/06/2016,ICT,KS,ACE,CE,Combined TRACON& Tower with Radar,27,46,36,9,118,0,0,52,1,53,27,46,88,10,171,42,0,42,213
02/07/2016,ICT,KS,ACE,CE,Combined TRACON& Tower with Radar,33,50,61,4,148,0,7,10,0,17,33,57,71,4,165,20,10,30,195
02/08/2016,ICT,KS,ACE,CE,Combined TRACON& Tower with Radar,43,53,91,21,208,0,12,9,6,27,43,65,100,27,235,0,0,0,235
02/09/2016,ICT,KS,ACE,CE,Combined TRACON& Tower with Radar,45,52,108,56,261,0,6,40,4,50,45,58,148,60,311,14,34,48,359
02/10/2016,ICT,KS,ACE,CE,Combined TRACON& Tower with Radar,37,66,122,78,303,0,4,63,22,89,37,70,185,100,392,32,50,82,474
02/11/2016,ICT,KS,ACE,CE,Combined TRACON& Tower with Radar,44,69,122,86,321,0,3,59,5,67,44,72,181,91,388,34,16,50,438
02/12/2016,ICT,KS,ACE,CE,Combined TRACON& Tower with Radar,48,55,109,53,265,0,4,44,2,50,48,59,153,55,315,12,0,12,327
02/13/2016,ICT,KS,ACE,CE,Combined TRACON& Tower with Radar,24,42,29,2,97,0,7,44,0,51,24,49,73,2,148,10,0,10,158
02/14/2016,ICT,KS,ACE,CE,Combined TRACON& Tower with Radar,29,48,35,2,114,0,3,36,0,39,29,51,71,2,153,0,0,0,153
02/15/2016,ICT,KS,ACE,CE,Combined TRACON& Tower with Radar,42,68,73,0,183,0,5,56,0,61,42,73,129,0,244,24,0,24,268
02/16/2016,ICT,KS,ACE,CE,Combined TRACON& Tower with Radar,42,67,103,82,294,0,11,45,3,59,42,78,148,85,353,14,0,14,367
02/17/2016,ICT,KS,ACE,CE,Combined TRACON& Tower with Radar,48,76,107,76,307,0,7,68,5,80,48,83,175,81,387,22,36,58,445
02/18/2016,ICT,KS,ACE,CE,Combined TRACON& Tower with Radar,44,62,93,27,226,0,6,27,0,33,44,68,120,27,259,22,0,22,281
02/19/2016,ICT,KS,ACE,CE,Combined TRACON& Tower with Radar,44,61,92,39,236,0,3,74,4,81,44,64,166,43,317,18,0,18,335
02/20/2016,ICT,KS,ACE,CE,Combined TRACON& Tower with Radar,30,46,43,30,149,0,7,53,5,65,30,53,96,35,214,0,4,4,218
02/21/2016,ICT,KS,ACE,CE,Combined TRACON& Tower with Radar,35,45,66,7,153,0,6,17,1,24,35,51,83,8,177,6,0,6,183
02/22/2016,ICT,KS,ACE,CE,Combined TRACON& Tower with Radar,38,69,86,66,259,0,5,57,2,64,38,74,143,68,323,16,8,24,347
02/23/2016,ICT,KS,ACE,CE,Combined TRACON& Tower with Radar,43,67,129,94,333,0,5,25,3,33,43,72,154,97,366,0,0,0,366
02/24/2016,ICT,KS,ACE,CE,Combined TRACON& Tower with Radar,40,55,113,20,228,0,17,53,0,70,40,72,166,20,298,4,2,6,304
02/25/2016,ICT,KS,ACE,CE,Combined TRACON& Tower with Radar,44,64,92,59,259,0,12,39,1,52,44,76,131,60,311,8,14,22,333
02/26/2016,ICT,KS,ACE,CE,Combined TRACON& Tower with Radar,45,61,92,46,244,0,10,66,2,78,45,71,158,48,322,30,6,36,358
02/27/2016,ICT,KS,ACE,CE,Combined TRACON& Tower with Radar,34,42,38,0,114,0,6,35,0,41,34,48,73,0,155,20,0,20,175
02/28/2016,ICT,KS,ACE,CE,Combined TRACON& Tower with Radar,35,38,65,6,144,0,2,18,0,20,35,40,83,6,164,20,0,20,184
02/29/2016,ICT,KS,ACE,CE,Combined TRACON& Tower with Radar,40,67,111,76,294,0,8,49,2,59,40,75,160,78,353,22,48,70,423
03/01/2016,ICT,KS,ACE,CE,Combined TRACON& Tower with Radar,39,55,112,73,279,0,16,60,0,76,39,71,172,73,355,50,12,62,417
03/02/2016,ICT,KS,ACE,CE,Combined TRACON& Tower with Radar,47,55,95,17,214,0,5,45,6,56,47,60,140,23,270,10,34,44,314
03/03/2016,ICT,KS,ACE,CE,Combined TRACON& Tower with Radar,52,66,111,103,332,0,10,54,3,67,52,76,165,106,399,20,24,44,443
03/04/2016,ICT,KS,ACE,CE,Combined TRACON& Tower with Radar,49,57,107,23,236,1,4,54,0,59,50,61,161,23,295,0,0,0,295
03/05/2016,ICT,KS,ACE,CE,Combined TRACON& Tower with Radar,35,42,67,0,144,0,8,53,5,66,35,50,120,5,210,0,0,0,210
03/06/2016,ICT,KS,ACE,CE,Combined TRACON& Tower with Radar,37,50,57,21,165,0,4,12,3,19,37,54,69,24,184,0,0,0,184
03/07/2016,ICT,KS,ACE,CE,Combined TRACON& Tower with Radar,43,63,117,63,286,0,0,11,0,11,43,63,128,63,297,0,18,18,315
03/08/2016,ICT,KS,ACE,CE,Combined TRACON& Tower with Radar,56,62,89,30,237,0,4,11,0,15,56,66,100,30,252,0,0,0,252
03/09/2016,ICT,KS,ACE,CE,Combined TRACON& Tower with Radar,51,64,91,108,314,0,8,62,0,70,51,72,153,108,384,30,44,74,458
03/10/2016,ICT,KS,ACE,CE,Combined TRACON& Tower with Radar,49,54,104,56,263,0,13,81,3,97,49,67,185,59,360,42,46,88,448
03/11/2016,ICT,KS,ACE,CE,Combined TRACON& Tower with Radar,51,64,109,45,269,0,10,57,0,67,51,74,166,45,336,48,32,80,416
03/12/2016,ICT,KS,ACE,CE,Combined TRACON& Tower with Radar,34,40,48,2,124,0,0,0,1,1,34,40,48,3,125,0,0,0,125
03/13/2016,ICT,KS,ACE,CE,Combined TRACON& Tower with Radar,39,47,43,5,134,0,2,6,0,8,39,49,49,5,142,0,0,0,142
03/14/2016,ICT,KS,ACE,CE,Combined TRACON& Tower with Radar,47,75,83,23,228,0,3,43,3,49,47,78,126,26,277,30,8,38,315
03/15/2016,ICT,KS,ACE,CE,Combined TRACON& Tower with Radar,49,60,97,29,235,0,11,27,0,38,49,71,124,29,273,0,0,0,273
03/16/2016,ICT,KS,ACE,CE,Combined TRACON& Tower with Radar,50,56,102,64,272,0,8,49,0,57,50,64,151,64,329,24,0,24,353
03/17/2016,ICT,KS,ACE,CE,Combined TRACON& Tower with Radar,53,85,101,71,310,0,12,66,1,79,53,97,167,72,389,38,14,52,441
03/18/2016,ICT,KS,ACE,CE,Combined TRACON& Tower with Radar,49,72,102,14,237,0,3,14,0,17,49,75,116,14,254,4,0,4,258
03/19/2016,ICT,KS,ACE,CE,Combined TRACON& Tower with Radar,36,43,64,1,144,0,6,32,1,39,36,49,96,2,183,0,0,0,183
03/20/2016,ICT,KS,ACE,CE,Combined TRACON& Tower with Radar,38,50,69,8,165,0,13,27,2,42,38,63,96,10,207,0,0,0,207
03/21/2016,ICT,KS,ACE,CE,Combined TRACON& Tower with Radar,47,65,101,56,269,0,5,41,3,49,47,70,142,59,318,4,36,40,358
03/22/2016,ICT,KS,ACE,CE,Combined TRACON& Tower with Radar,48,63,92,39,242,0,6,71,1,78,48,69,163,40,320,0,18,18,338
03/23/2016,ICT,KS,ACE,CE,Combined TRACON& Tower with Radar,41,59,92,22,214,0,7,22,0,29,41,66,114,22,243,0,24,24,267
03/24/2016,ICT,KS,ACE,CE,Combined TRACON& Tower with Radar,51,70,100,57,278,0,3,46,0,49,51,73,146,57,327,20,0,20,347
03/25/2016,ICT,KS,ACE,CE,Combined TRACON& Tower with Radar,48,73,88,42,251,0,11,57,2,70,48,84,145,44,321,38,8,46,367
03/26/2016,ICT,KS,ACE,CE,Combined TRACON& Tower with Radar,28,59,43,2,132,0,8,33,0,41,28,67,76,2,173,22,0,22,195
03/27/2016,ICT,KS,ACE,CE,Combined TRACON& Tower with Radar,37,48,24,0,109,0,2,15,0,17,37,50,39,0,126,0,0,0,126
03/28/2016,ICT,KS,ACE,CE,Combined TRACON& Tower with Radar,45,67,106,83,301,0,9,75,6,90,45,76,181,89,391,20,49,69,460
03/29/2016,ICT,KS,ACE,CE,Combined TRACON& Tower with Radar,46,69,115,66,296,0,4,26,2,32,46,73,141,68,328,14,0,14,342
03/30/2016,ICT,KS,ACE,CE,Combined TRACON& Tower with Radar,46,68,95,65,274,0,9,26,0,35,46,77,121,65,309,28,0,28,337
03/31/2016,ICT,KS,ACE,CE,Combined TRACON& Tower with Radar,52,76,142,62,332,0,8,35,6,49,52,84,177,68,381,2,8,10,391
04/01/2016,ICT,KS,ACE,CE,Combined TRACON& Tower with Radar,47,83,103,61,294,0,16,51,4,71,47,99,154,65,365,6,48,54,419
04/02/2016,ICT,KS,ACE,CE,Combined TRACON& Tower with Radar,28,52,51,1,132,0,14,57,0,71,28,66,108,1,203,36,0,36,239
04/03/2016,ICT,KS,ACE,CE,Combined TRACON& Tower with Radar,38,54,55,31,178,0,5,23,2,30,38,59,78,33,208,36,0,36,244
04/04/2016,ICT,KS,ACE,CE,Combined TRACON& Tower with Radar,47,74,90,62,273,0,7,67,1,75,47,81,157,63,348,18,24,42,390
04/05/2016,ICT,KS,ACE,CE,Combined TRACON& Tower with Radar,52,51,86,23,212,0,7,13,2,22,52,58,99,25,234,8,38,46,280
04/06/2016,ICT,KS,ACE,CE,Combined TRACON& Tower with Radar,50,65,86,14,215,0,5,19,0,24,50,70,105,14,239,2,0,2,241
04/07/2016,ICT,KS,ACE,CE,Combined TRACON& Tower with Radar,52,65,113,38,268,0,7,48,0,55,52,72,161,38,323,38,0,38,361
04/08/2016,ICT,KS,ACE,CE,Combined TRACON& Tower with Radar,51,55,87,52,245,0,13,77,1,91,51,68,164,53,336,30,29,59,395
04/09/2016,ICT,KS,ACE,CE,Combined TRACON& Tower with Radar,34,35,45,7,121,0,6,28,0,34,34,41,73,7,155,48,0,48,203
04/10/2016,ICT,KS,ACE,CE,Combined TRACON& Tower with Radar,44,47,69,11,171,0,6,23,0,29,44,53,92,11,200,12,0,12,212
04/11/2016,ICT,KS,ACE,CE,Combined TRACON& Tower with Radar,53,53,95,58,259,0,2,25,1,28,53,55,120,59,287,0,0,0,287
04/12/2016,ICT,KS,ACE,CE,Combined TRACON& Tower with Radar,47,79,120,45,291,0,7,59,0,66,47,86,179,45,357,24,0,24,381
04/13/2016,ICT,KS,ACE,CE,Combined TRACON& Tower with Radar,49,69,83,33,234,0,18,35,0,53,49,87,118,33,287,56,16,72,359
04/14/2016,ICT,KS,ACE,CE,Combined TRACON& Tower with Radar,50,56,134,99,339,0,7,77,3,87,50,63,211,102,426,70,136,206,632
04/15/2016,ICT,KS,ACE,CE,Combined TRACON& Tower with Radar,49,65,95,81,290,0,9,32,10,51,49,74,127,91,341,0,24,24,365
04/16/2016,ICT,KS,ACE,CE,Combined TRACON& Tower with Radar,29,57,42,0,128,0,2,7,0,9,29,59,49,0,137,8,0,8,145
04/17/2016,ICT,KS,ACE,CE,Combined TRACON& Tower with Radar,40,38,29,0,107,0,0,0,0,0,40,38,29,0,107,0,0,0,107
04/18/2016,ICT,KS,ACE,CE,Combined TRACON& Tower with Radar,51,51,104,45,251,0,0,2,2,4,51,51,106,47,255,0,0,0,255
04/19/2016,ICT,KS,ACE,CE,Combined TRACON& Tower with Radar,46,72,122,59,299,0,3,53,34,90,46,75,175,93,389,24,0,24,413
04/20/2016,ICT,KS,ACE,CE,Combined TRACON& Tower with Radar,51,66,113,61,291,0,0,29,0,29,51,66,142,61,320,42,112,154,474
04/21/2016,ICT,KS,ACE,CE,Combined TRACON& Tower with Radar,48,76,111,74,309,0,26,63,0,89,48,102,174,74,398,28,16,44,442
04/22/2016,ICT,KS,ACE,CE,Combined TRACON& Tower with Radar,51,54,115,90,310,0,13,80,0,93,51,67,195,90,403,60,48,108,511
04/23/2016,ICT,KS,ACE,CE,Combined TRACON& Tower with Radar,34,35,51,10,130,0,4,42,2,48,34,39,93,12,178,52,0,52,230
04/24/2016,ICT,KS,ACE,CE,Combined TRACON& Tower with Radar,40,45,62,0,147,0,0,16,0,16,40,45,78,0,163,4,0,4,167
04/25/2016,ICT,KS,ACE,CE,Combined TRACON& Tower with Radar,45,57,120,45,267,0,9,33,2,44,45,66,153,47,311,52,34,86,397
04/26/2016,ICT,KS,ACE,CE,Combined TRACON& Tower with Radar,45,64,87,30,226,0,0,6,0,6,45,64,93,30,232,0,0,0,232
04/27/2016,ICT,KS,ACE,CE,Combined TRACON& Tower with Radar,68,80,156,24,328,0,21,44,0,65,68,101,200,24,393,64,2,66,459
04/28/2016,ICT,KS,ACE,CE,Combined TRACON& Tower with Radar,51,72,121,39,283,0,15,65,0,80,51,87,186,39,363,30,26,56,419
04/29/2016,ICT,KS,ACE,CE,Combined TRACON& Tower with Radar,53,48,67,0,168,0,0,4,0,4,53,48,71,0,172,0,0,0,172
04/30/2016,ICT,KS,ACE,CE,Combined TRACON& Tower with Radar,34,58,70,2,164,0,7,23,0,30,34,65,93,2,194,0,0,0,194
05/01/2016,ICT,KS,ACE,CE,Combined TRACON& Tower with Radar,38,50,65,0,153,0,4,7,0,11,38,54,72,0,164,0,0,0,164
05/02/2016,ICT,KS,ACE,CE,Combined TRACON& Tower with Radar,42,50,85,51,228,0,3,40,0,43,42,53,125,51,271,4,20,24,295
05/03/2016,ICT,KS,ACE,CE,Combined TRACON& Tower with Radar,48,72,70,32,222,0,13,66,1,80,48,85,136,33,302,24,2,26,328
05/04/2016,ICT,KS,ACE,CE,Combined TRACON& Tower with Radar,47,56,108,53,264,0,9,81,5,95,47,65,189,58,359,0,0,0,359
05/05/2016,ICT,KS,ACE,CE,Combined TRACON& Tower with Radar,54,47,119,56,276,0,9,70,8,87,54,56,189,64,363,78,64,142,505
05/06/2016,ICT,KS,ACE,CE,Combined TRACON& Tower with Radar,55,48,69,64,236,0,7,49,2,58,55,55,118,66,294,54,42,96,390
05/07/2016,ICT,KS,ACE,CE,Combined TRACON& Tower with Radar,35,40,46,14,135,0,5,48,2,55,35,45,94,16,190,12,0,12,202
05/08/2016,ICT,KS,ACE,CE,Combined TRACON& Tower with Radar,41,38,36,1,116,0,0,1,0,1,41,38,37,1,117,0,0,0,117
05/09/2016,ICT,KS,ACE,CE,Combined TRACON& Tower with Radar,51,39,74,59,223,0,1,18,0,19,51,40,92,59,242,0,0,0,242
05/10/2016,ICT,KS,ACE,CE,Combined TRACON& Tower with Radar,53,69,95,78,295,0,8,54,1,63,53,77,149,79,358,34,26,60,418
05/11/2016,ICT,KS,ACE,CE,Combined TRACON& Tower with Radar,58,51,152,95,356,0,14,45,1,60,58,65,197,96,416,34,0,34,450
05/12/2016,ICT,KS,ACE,CE,Combined TRACON& Tower with Radar,60,54,118,73,305,3,10,82,3,98,63,64,200,76,403,24,0,24,427
05/13/2016,ICT,KS,ACE,CE,Combined TRACON& Tower with Radar,55,54,67,41,217,0,7,50,0,57,55,61,117,41,274,16,40,56,330
05/14/2016,ICT,KS,ACE,CE,Combined TRACON& Tower with Radar,39,31,65,0,135,0,6,41,0,47,39,37,106,0,182,16,0,16,198
05/15/2016,ICT,KS,ACE,CE,Combined TRACON& Tower with Radar,44,52,60,15,171,0,2,28,0,30,44,54,88,15,201,0,0,0,201
05/16/2016,ICT,KS,ACE,CE,Combined TRACON& Tower with Radar,49,46,98,4,197,0,0,0,0,0,49,46,98,4,197,0,0,0,197
05/17/2016,ICT,KS,ACE,CE,Combined TRACON& Tower with Radar,53,58,96,29,236,0,4,8,1,13,53,62,104,30,249,16,24,40,289
05/18/2016,ICT,KS,ACE,CE,Combined TRACON& Tower with Radar,55,54,117,69,295,1,4,73,6,84,56,58,190,75,379,14,14,28,407
05/19/2016,ICT,KS,ACE,CE,Combined TRACON& Tower with Radar,56,55,119,63,293,0,0,39,0,39,56,55,158,63,332,50,84,134,466
05/20/2016,ICT,KS,ACE,CE,Combined TRACON& Tower with Radar,56,48,122,38,264,0,5,28,0,33,56,53,150,38,297,46,28,74,371
05/21/2016,ICT,KS,ACE,CE,Combined TRACON& Tower with Radar,36,27,54,18,135,0,4,13,0,17,36,31,67,18,152,10,0,10,162
05/22/2016,ICT,KS,ACE,CE,Combined TRACON& Tower with Radar,43,33,56,25,157,0,7,20,1,28,43,40,76,26,185,22,14,36,221
05/23/2016,ICT,KS,ACE,CE,Combined TRACON& Tower with Radar,54,45,84,23,206,0,4,12,0,16,54,49,96,23,222,8,0,8,230
05/24/2016,ICT,KS,ACE,CE,Combined TRACON& Tower with Radar,54,55,90,17,216,0,2,28,0,30,54,57,118,17,246,0,0,0,246
05/25/2016,ICT,KS,ACE,CE,Combined TRACON& Tower with Radar,56,61,106,21,244,0,3,24,0,27,56,64,130,21,271,4,6,10,281
05/26/2016,ICT,KS,ACE,CE,Combined TRACON& Tower with Radar,54,43,91,17,205,0,2,12,0,14,54,45,103,17,219,4,0,4,223
05/27/2016,ICT,KS,ACE,CE,Combined TRACON& Tower with Radar,60,51,81,0,192,0,4,10,0,14,60,55,91,0,206,16,0,16,222
05/28/2016,ICT,KS,ACE,CE,Combined TRACON& Tower with Radar,41,40,45,0,126,0,3,50,0,53,41,43,95,0,179,18,0,18,197
05/29/2016,ICT,KS,ACE,CE,Combined TRACON& Tower with Radar,38,26,24,0,88,0,0,23,0,23,38,26,47,0,111,14,0,14,125
05/30/2016,ICT,KS,ACE,CE,Combined TRACON& Tower with Radar,52,32,26,0,110,0,4,28,0,32,52,36,54,0,142,34,0,34,176
05/31/2016,ICT,KS,ACE,CE,Combined TRACON& Tower with Radar,57,49,101,34,241,0,8,32,0,40,57,57,133,34,281,28,26,54,335
06/01/2016,ICT,KS,ACE,CE,Combined TRACON& Tower with Radar,61,48,125,45,279,0,10,62,1,73,61,58,187,46,352,32,16,48,400
06/02/2016,ICT,KS,ACE,CE,Combined TRACON& Tower with Radar,54,57,114,88,313,0,13,58,0,71,54,70,172,88,384,42,60,102,486
06/03/2016,ICT,KS,ACE,CE,Combined TRACON& Tower with Radar,59,59,94,111,323,0,8,83,2,93,59,67,177,113,416,44,162,206,622
06/04/2016,ICT,KS,ACE,CE,Combined TRACON& Tower with Radar,37,45,67,56,205,0,13,63,0,76,37,58,130,56,281,20,6,26,307
06/05/2016,ICT,KS,ACE,CE,Combined TRACON& Tower with Radar,45,45,61,16,167,0,13,39,3,55,45,58,100,19,222,26,0,26,248
06/06/2016,ICT,KS,ACE,CE,Combined TRACON& Tower with Radar,60,44,104,56,264,0,30,79,2,111,60,74,183,58,375,36,40,76,451
06/07/2016,ICT,KS,ACE,CE,Combined TRACON& Tower with Radar,54,52,100,33,239,0,23,62,2,87,54,75,162,35,326,60,8,68,394
06/08/2016,ICT,KS,ACE,CE,Combined TRACON& Tower with Radar,58,67,105,75,305,0,18,62,2,82,58,85,167,77,387,62,102,164,551
06/09/2016,ICT,KS,ACE,CE,Combined TRACON& Tower with Radar,52,70,118,58,298,0,14,61,0,75,52,84,179,58,373,30,32,62,435
06/10/2016,ICT,KS,ACE,CE,Combined TRACON& Tower with Radar,48,79,88,41,256,0,11,65,5,81,48,90,153,46,337,22,22,44,381
06/11/2016,ICT,KS,ACE,CE,Combined TRACON& Tower with Radar,37,53,43,14,147,0,9,44,1,54,37,62,87,15,201,30,0,30,231
06/12/2016,ICT,KS,ACE,CE,Combined TRACON& Tower with Radar,44,36,55,39,174,0,6,25,9,40,44,42,80,48,214,8,100,108,322
06/13/2016,ICT,KS,ACE,CE,Combined TRACON& Tower with Radar,57,47,131,46,281,0,3,40,10,53,57,50,171,56,334,52,6,58,392
06/14/2016,ICT,KS,ACE,CE,Combined TRACON& Tower with Radar,51,49,97,69,266,0,6,67,2,75,51,55,164,71,341,6,50,56,397
06/15/2016,ICT,KS,ACE,CE,Combined TRACON& Tower with Radar,60,46,100,76,282,0,2,47,2,51,60,48,147,78,333,36,110,146,479
06/16/2016,ICT,KS,ACE,CE,Combined TRACON& Tower with Radar,58,60,118,41,277,0,15,66,2,83,58,75,184,43,360,38,134,172,532
06/17/2016,ICT,KS,ACE,CE,Combined TRACON& Tower with Radar,59,60,97,75,291,0,10,76,0,86,59,70,173,75,377,6,82,88,465
06/18/2016,ICT,KS,ACE,CE,Combined TRACON& Tower with Radar,37,47,34,9,127,0,6,39,0,45,37,53,73,9,172,28,26,54,226
06/19/2016,ICT,KS,ACE,CE,Combined TRACON& Tower with Radar,41,51,57,23,172,0,4,39,0,43,41,55,96,23,215,22,30,52,267
06/20/2016,ICT,KS,ACE,CE,Combined TRACON& Tower with Radar,48,69,119,75,311,0,20,85,5,110,48,89,204,80,421,18,44,62,483
06/21/2016,ICT,KS,ACE,CE,Combined TRACON& Tower with Radar,53,70,121,57,301,0,34,70,0,104,53,104,191,57,405,52,74,126,531
06/22/2016,ICT,KS,ACE,CE,Combined TRACON& Tower with Radar,63,56,121,91,331,0,24,71,0,95,63,80,192,91,426,25,40,65,491
06/23/2016,ICT,KS,ACE,CE,Combined TRACON& Tower with Radar,56,60,122,33,271,0,19,53,0,72,56,79,175,33,343,38,46,84,427
06/24/2016,ICT,KS,ACE,CE,Combined TRACON& Tower with Radar,53,65,94,53,265,0,13,47,3,63,53,78,141,56,328,18,0,18,346
06/25/2016,ICT,KS,ACE,CE,Combined TRACON& Tower with Radar,37,44,57,7,145,0,4,42,0,46,37,48,99,7,191,20,0,20,211
06/26/2016,ICT,KS,ACE,CE,Combined TRACON& Tower with Radar,44,48,73,4,169,0,6,33,0,39,44,54,106,4,208,50,0,50,258
06/27/2016,ICT,KS,ACE,CE,Combined TRACON& Tower with Radar,53,60,105,30,248,0,19,82,0,101,53,79,187,30,349,40,30,70,419
06/28/2016,ICT,KS,ACE,CE,Combined TRACON& Tower with Radar,54,60,114,37,265,0,23,53,0,76,54,83,167,37,341,54,68,122,463
06/29/2016,ICT,KS,ACE,CE,Combined TRACON& Tower with Radar,61,51,127,39,278,0,12,57,3,72,61,63,184,42,350,88,0,88,438
06/30/2016,ICT,KS,ACE,CE,Combined TRACON& Tower with Radar,55,59,122,35,271,0,7,64,2,73,55,66,186,37,344,28,22,50,394
07/01/2016,ICT,KS,ACE,CE,Combined TRACON& Tower with Radar,51,67,90,18,226,0,2,21,0,23,51,69,111,18,249,14,0,14,263
07/02/2016,ICT,KS,ACE,CE,Combined TRACON& Tower with Radar,35,33,25,0,93,0,2,19,0,21,35,35,44,0,114,2,0,2,116
07/03/2016,ICT,KS,ACE,CE,Combined TRACON& Tower with Radar,35,35,42,0,112,0,0,0,0,0,35,35,42,0,112,0,0,0,112
07/04/2016,ICT,KS,ACE,CE,Combined TRACON& Tower with Radar,38,40,35,0,113,0,6,26,0,32,38,46,61,0,145,0,0,0,145
07/05/2016,ICT,KS,ACE,CE,Combined TRACON& Tower with Radar,44,74,66,0,184,0,8,28,2,38,44,82,94,2,222,24,4,28,250
07/06/2016,ICT,KS,ACE,CE,Combined TRACON& Tower with Radar,51,63,92,60,266,0,4,38,3,45,51,67,130,63,311,6,66,72,383
07/07/2016,ICT,KS,ACE,CE,Combined TRACON& Tower with Radar,53,64,70,63,250,0,14,46,3,63,53,78,116,66,313,26,2,28,341
07/08/2016,ICT,KS,ACE,CE,Combined TRACON& Tower with Radar,52,68,70,62,252,0,6,53,0,59,52,74,123,62,311,12,12,24,335
07/09/2016,ICT,KS,ACE,CE,Combined TRACON& Tower with Radar,36,39,29,0,104,0,10,32,0,42,36,49,61,0,146,8,0,8,154
07/10/2016,ICT,KS,ACE,CE,Combined TRACON& Tower with Radar,43,56,42,22,163,0,7,28,0,35,43,63,70,22,198,12,14,26,224
07/11/2016,ICT,KS,ACE,CE,Combined TRACON& Tower with Radar,47,54,94,106,301,1,2,38,1,42,48,56,132,107,343,0,0,0,343
07/12/2016,ICT,KS,ACE,CE,Combined TRACON& Tower with Radar,45,61,114,93,313,0,5,41,0,46,45,66,155,93,359,6,28,34,393
07/13/2016,ICT,KS,ACE,CE,Combined TRACON& Tower with Radar,52,70,76,62,260,0,8,47,1,56,52,78,123,63,316,20,24,44,360
07/14/2016,ICT,KS,ACE,CE,Combined TRACON& Tower with Radar,51,56,71,77,255,0,2,38,1,41,51,58,109,78,296,54,2,56,352
07/15/2016,ICT,KS,ACE,CE,Combined TRACON& Tower with Radar,52,82,98,64,296,1,8,55,1,65,53,90,153,65,361,42,60,102,463
07/16/2016,ICT,KS,ACE,CE,Combined TRACON& Tower with Radar,33,44,34,4,115,0,3,36,0,39,33,47,70,4,154,2,0,2,156
07/17/2016,ICT,KS,ACE,CE,Combined TRACON& Tower with Radar,50,42,48,24,164,0,7,45,0,52,50,49,93,24,216,16,4,20,236
07/18/2016,ICT,KS,ACE,CE,Combined TRACON& Tower with Radar,47,54,72,56,229,0,2,55,2,59,47,56,127,58,288,24,34,58,346
07/19/2016,ICT,KS,ACE,CE,Combined TRACON& Tower with Radar,48,68,88,44,248,0,11,66,3,80,48,79,154,47,328,21,40,61,389
07/20/2016,ICT,KS,ACE,CE,Combined TRACON& Tower with Radar,53,62,88,29,232,0,30,70,0,100,53,92,158,29,332,28,40,68,400
07/21/2016,ICT,KS,ACE,CE,Combined TRACON& Tower with Radar,42,72,113,32,259,0,4,77,5,86,42,76,190,37,345,24,36,60,405
07/22/2016,ICT,KS,ACE,CE,Combined TRACON& Tower with Radar,51,56,88,52,247,0,21,62,4,87,51,77,150,56,334,14,20,34,368
07/23/2016,ICT,KS,ACE,CE,Combined TRACON& Tower with Radar,30,35,41,6,112,0,2,42,1,45,30,37,83,7,157,6,14,20,177
07/24/2016,ICT,KS,ACE,CE,Combined TRACON& Tower with Radar,46,47,51,47,191,0,9,34,1,44,46,56,85,48,235,2,6,8,243
07/25/2016,ICT,KS,ACE,CE,Combined TRACON& Tower with Radar,40,58,92,35,225,0,2,28,0,30,40,60,120,35,255,4,22,26,281
07/26/2016,ICT,KS,ACE,CE,Combined TRACON& Tower with Radar,48,75,93,79,295,0,7,30,2,39,48,82,123,81,334,5,48,53,387
07/27/2016,ICT,KS,ACE,CE,Combined TRACON& Tower with Radar,51,66,103,67,287,0,9,46,6,61,51,75,149,73,348,20,42,62,410
07/28/2016,ICT,KS,ACE,CE,Combined TRACON& Tower with Radar,46,70,78,48,242,0,4,45,4,53,46,74,123,52,295,8,6,14,309
07/29/2016,ICT,KS,ACE,CE,Combined TRACON& Tower with Radar,47,71,98,46,262,0,4,34,1,39,47,75,132,47,301,20,36,56,357
07/30/2016,ICT,KS,ACE,CE,Combined TRACON& Tower with Radar,35,39,43,5,122,0,9,20,1,30,35,48,63,6,152,0,0,0,152
07/31/2016,ICT,KS,ACE,CE,Combined TRACON& Tower with Radar,41,55,54,9,159,0,4,30,1,35,41,59,84,10,194,16,0,16,210
08/01/2016,ICT,KS,ACE,CE,Combined TRACON& Tower with Radar,43,70,87,57,257,0,7,54,0,61,43,77,141,57,318,6,94,100,418
08/02/2016,ICT,KS,ACE,CE,Combined TRACON& Tower with Radar,44,73,89,13,219,0,12,54,1,67,44,85,143,14,286,48,18,66,352
08/03/2016,ICT,KS,ACE,CE,Combined TRACON& Tower with Radar,48,60,79,54,241,0,4,51,4,59,48,64,130,58,300,6,6,12,312
08/04/2016,ICT,KS,ACE,CE,Combined TRACON& Tower with Radar,43,74,120,49,286,0,2,66,6,74,43,76,186,55,360,50,10,60,420
08/05/2016,ICT,KS,ACE,CE,Combined TRACON& Tower with Radar,49,78,106,54,287,0,0,27,0,27,49,78,133,54,314,14,36,50,364
08/06/2016,ICT,KS,ACE,CE,Combined TRACON& Tower with Radar,35,38,55,2,130,0,0,3,0,3,35,38,58,2,133,0,0,0,133
08/07/2016,ICT,KS,ACE,CE,Combined TRACON& Tower with Radar,50,44,77,10,181,0,0,10,0,10,50,44,87,10,191,38,0,38,229
08/08/2016,ICT,KS,ACE,CE,Combined TRACON& Tower with Radar,42,70,96,101,309,0,10,29,1,40,42,80,125,102,349,18,78,96,445
08/09/2016,ICT,KS,ACE,CE,Combined TRACON& Tower with Radar,46,62,99,76,283,0,11,44,2,57,46,73,143,78,340,16,42,58,398
08/10/2016,ICT,KS,ACE,CE,Combined TRACON& Tower with Radar,46,62,88,62,258,0,4,47,0,51,46,66,135,62,309,14,50,64,373
08/11/2016,ICT,KS,ACE,CE,Combined TRACON& Tower with Radar,45,63,99,38,245,0,9,44,3,56,45,72,143,41,301,14,22,36,337
08/12/2016,ICT,KS,ACE,CE,Combined TRACON& Tower with Radar,50,59,88,32,229,0,4,30,0,34,50,63,118,32,263,0,44,44,307
08/13/2016,ICT,KS,ACE,CE,Combined TRACON& Tower with Radar,35,38,52,0,125,0,4,58,0,62,35,42,110,0,187,80,0,80,267
08/14/2016,ICT,KS,ACE,CE,Combined TRACON& Tower with Radar,42,48,50,23,163,0,5,45,1,51,42,53,95,24,214,24,0,24,238
08/15/2016,ICT,KS,ACE,CE,Combined TRACON& Tower with Radar,45,52,95,50,242,0,40,47,1,88,45,92,142,51,330,82,38,120,450
08/16/2016,ICT,KS,ACE,CE,Combined TRACON& Tower with Radar,47,51,97,64,259,0,7,80,0,87,47,58,177,64,346,34,34,68,414
08/17/2016,ICT,KS,ACE,CE,Combined TRACON& Tower with Radar,49,66,91,68,274,0,12,48,7,67,49,78,139,75,341,16,108,124,465
08/18/2016,ICT,KS,ACE,CE,Combined TRACON& Tower with Radar,48,57,112,70,287,0,17,58,3,78,48,74,170,73,365,20,34,54,419
08/19/2016,ICT,KS,ACE,CE,Combined TRACON& Tower with Radar,42,56,74,53,225,0,4,61,3,68,42,60,135,56,293,40,32,72,365
08/20/2016,ICT,KS,ACE,CE,Combined TRACON& Tower with Radar,21,40,53,12,126,0,6,33,0,39,21,46,86,12,165,0,0,0,165
08/21/2016,ICT,KS,ACE,CE,Combined TRACON& Tower with Radar,36,43,62,14,155,0,2,85,0,87,36,45,147,14,242,76,12,88,330
08/22/2016,ICT,KS,ACE,CE,Combined TRACON& Tower with Radar,48,50,68,43,209,0,3,35,2,40,48,53,103,45,249,6,0,6,255
08/23/2016,ICT,KS,ACE,CE,Combined TRACON& Tower with Radar,44,60,97,86,287,0,7,16,0,23,44,67,113,86,310,12,10,22,332
08/24/2016,ICT,KS,ACE,CE,Combined TRACON& Tower with Radar,46,63,93,57,259,0,6,39,2,47,46,69,132,59,306,10,32,42,348
08/25/2016,ICT,KS,ACE,CE,Combined TRACON& Tower with Radar,47,69,99,18,233,0,0,38,0,38,47,69,137,18,271,4,0,4,275
08/26/2016,ICT,KS,ACE,CE,Combined TRACON& Tower with Radar,56,68,107,25,256,0,5,27,0,32,56,73,134,25,288,16,0,16,304
08/27/2016,ICT,KS,ACE,CE,Combined TRACON& Tower with Radar,27,51,41,17,136,0,3,36,1,40,27,54,77,18,176,14,0,14,190
08/28/2016,ICT,KS,ACE,CE,Combined TRACON& Tower with Radar,37,45,51,33,166,0,2,38,0,40,37,47,89,33,206,6,0,6,212
08/29/2016,ICT,KS,ACE,CE,Combined TRACON& Tower with Radar,42,66,106,44,258,0,8,46,0,54,42,74,152,44,312,12,0,12,324
08/30/2016,ICT,KS,ACE,CE,Combined TRACON& Tower with Radar,40,64,103,4,211,0,8,46,0,54,40,72,149,4,265,18,2,20,285
08/31/2016,ICT,KS,ACE,CE,Combined TRACON& Tower with Radar,47,83,107,77,314,0,0,31,0,31,47,83,138,77,345,26,26,52,397
09/01/2016,ICT,KS,ACE,CE,Combined TRACON& Tower with Radar,47,70,136,88,341,0,12,73,2,87,47,82,209,90,428,50,186,236,664
09/02/2016,ICT,KS,ACE,CE,Combined TRACON& Tower with Radar,46,61,108,0,215,0,10,78,1,89,46,71,186,1,304,16,0,16,320
09/03/2016,ICT,KS,ACE,CE,Combined TRACON& Tower with Radar,26,31,33,1,91,0,7,31,1,39,26,38,64,2,130,10,0,10,140
09/04/2016,ICT,KS,ACE,CE,Combined TRACON& Tower with Radar,29,25,23,0,77,0,2,19,0,21,29,27,42,0,98,0,0,0,98
09/05/2016,ICT,KS,ACE,CE,Combined TRACON& Tower with Radar,38,46,46,2,132,0,8,24,0,32,38,54,70,2,164,16,0,16,180
09/06/2016,ICT,KS,ACE,CE,Combined TRACON& Tower with Radar,39,52,104,54,249,0,7,42,1,50,39,59,146,55,299,16,28,44,343
09/07/2016,ICT,KS,ACE,CE,Combined TRACON& Tower with Radar,47,50,110,36,243,0,13,41,0,54,47,63,151,36,297,40,10,50,347
09/08/2016,ICT,KS,ACE,CE,Combined TRACON& Tower with Radar,48,49,116,6,219,0,0,33,0,33,48,49,149,6,252,0,0,0,252
09/09/2016,ICT,KS,ACE,CE,Combined TRACON& Tower with Radar,43,49,70,9,171,0,6,47,1,54,43,55,117,10,225,2,0,2,227
09/10/2016,ICT,KS,ACE,CE,Combined TRACON& Tower with Radar,34,32,59,24,149,0,8,37,2,47,34,40,96,26,196,30,22,52,248
09/11/2016,ICT,KS,ACE,CE,Combined TRACON& Tower with Radar,43,43,66,5,157,0,6,34,1,41,43,49,100,6,198,34,0,34,232
09/12/2016,ICT,KS,ACE,CE,Combined TRACON& Tower with Radar,46,44,84,92,266,0,5,43,3,51,46,49,127,95,317,6,34,40,357
09/13/2016,ICT,KS,ACE,CE,Combined TRACON& Tower with Radar,45,58,96,25,224,0,1,34,0,35,45,59,130,25,259,30,0,30,289
09/14/2016,ICT,KS,ACE,CE,Combined TRACON& Tower with Radar,50,51,103,40,244,0,5,12,0,17,50,56,115,40,261,0,0,0,261
09/15/2016,ICT,KS,ACE,CE,Combined TRACON& Tower with Radar,54,75,97,42,268,0,12,66,0,78,54,87,163,42,346,76,72,148,494
09/16/2016,ICT,KS,ACE,CE,Combined TRACON& Tower with Radar,53,58,89,4,204,0,2,23,0,25,53,60,112,4,229,86,0,86,315
09/17/2016,ICT,KS,ACE,CE,Combined TRACON& Tower with Radar,36,31,42,1,110,0,9,58,1,68,36,40,100,2,178,36,0,36,214
09/18/2016,ICT,KS,ACE,CE,Combined TRACON& Tower with Radar,41,53,64,3,161,0,2,51,0,53,41,55,115,3,214,88,0,88,302
09/19/2016,ICT,KS,ACE,CE,Combined TRACON& Tower with Radar,48,59,74,57,238,0,13,46,2,61,48,72,120,59,299,16,42,58,357
09/20/2016,ICT,KS,ACE,CE,Combined TRACON& Tower with Radar,48,54,110,39,251,0,6,58,2,66,48,60,168,41,317,15,12,27,344
09/21/2016,ICT,KS,ACE,CE,Combined TRACON& Tower with Radar,49,53,92,45,239,0,7,75,4,86,49,60,167,49,325,20,102,122,447
09/22/2016,ICT,KS,ACE,CE,Combined TRACON& Tower with Radar,53,71,96,69,289,0,4,70,2,76,53,75,166,71,365,20,0,20,385
09/23/2016,ICT,KS,ACE,CE,Combined TRACON& Tower with Radar,50,70,92,45,257,0,10,70,0,80,50,80,162,45,337,10,18,28,365
09/24/2016,ICT,KS,ACE,CE,Combined TRACON& Tower with Radar,38,27,47,5,117,0,0,17,0,17,38,27,64,5,134,0,0,0,134
09/25/2016,ICT,KS,ACE,CE,Combined TRACON& Tower with Radar,44,43,56,23,166,0,1,20,0,21,44,44,76,23,187,0,0,0,187
09/26/2016,ICT,KS,ACE,CE,Combined TRACON& Tower with Radar,49,66,106,69,290,0,11,59,3,73,49,77,165,72,363,22,32,54,417
09/27/2016,ICT,KS,ACE,CE,Combined TRACON& Tower with Radar,46,48,111,40,245,0,8,73,1,82,46,56,184,41,327,12,0,12,339
09/28/2016,ICT,KS,ACE,CE,Combined TRACON& Tower with Radar,50,75,137,44,306,0,22,65,1,88,50,97,202,45,394,0,0,0,394
09/29/2016,ICT,KS,ACE,CE,Combined TRACON& Tower with Radar,52,81,91,6,230,0,11,87,0,98,52,92,178,6,328,40,0,40,368
09/30/2016,ICT,KS,ACE,CE,Combined TRACON& Tower with Radar,52,57,109,5,223,0,24,81,0,105,52,81,190,5,328,26,0,26,354
10/01/2016,ICT,KS,ACE,CE,Combined TRACON& Tower with Radar,37,29,50,13,129,4,5,78,1,88,41,34,128,14,217,34,0,34,251
10/02/2016,ICT,KS,ACE,CE,Combined TRACON& Tower with Radar,44,47,52,5,148,0,1,31,2,34,44,48,83,7,182,0,0,0,182
10/03/2016,ICT,KS,ACE,CE,Combined TRACON& Tower with Radar,47,53,74,58,232,0,7,59,0,66,47,60,133,58,298,6,48,54,352
10/04/2016,ICT,KS,ACE,CE,Combined TRACON& Tower with Radar,47,54,84,36,221,0,6,20,0,26,47,60,104,36,247,0,42,42,289
10/05/2016,ICT,KS,ACE,CE,Combined TRACON& Tower with Radar,53,61,99,86,299,0,7,16,0,23,53,68,115,86,322,22,12,34,356
10/06/2016,ICT,KS,ACE,CE,Combined TRACON& Tower with Radar,44,77,96,16,233,0,2,9,0,11,44,79,105,16,244,20,0,20,264
10/07/2016,ICT,KS,ACE,CE,Combined TRACON& Tower with Radar,40,71,97,99,307,0,11,73,9,93,40,82,170,108,400,48,46,94,494
10/08/2016,ICT,KS,ACE,CE,Combined TRACON& Tower with Radar,31,43,33,6,113,0,4,49,0,53,31,47,82,6,166,10,0,10,176
10/09/2016,ICT,KS,ACE,CE,Combined TRACON& Tower with Radar,39,51,57,14,161,0,10,17,1,28,39,61,74,15,189,0,0,0,189
10/10/2016,ICT,KS,ACE,CE,Combined TRACON& Tower with Radar,36,58,85,1,180,0,4,40,0,44,36,62,125,1,224,28,0,28,252
10/11/2016,ICT,KS,ACE,CE,Combined TRACON& Tower with Radar,42,59,98,61,260,0,13,93,0,106,42,72,191,61,366,70,10,80,446
10/12/2016,ICT,KS,ACE,CE,Combined TRACON& Tower with Radar,39,68,94,103,304,0,7,26,0,33,39,75,120,103,337,24,20,44,381
10/13/2016,ICT,KS,ACE,CE,Combined TRACON& Tower with Radar,42,87,117,112,358,0,25,72,5,102,42,112,189,117,460,86,58,144,604
10/14/2016,ICT,KS,ACE,CE,Combined TRACON& Tower with Radar,38,73,117,94,322,0,8,45,0,53,38,81,162,94,375,12,12,24,399
10/15/2016,ICT,KS,ACE,CE,Combined TRACON& Tower with Radar,31,44,56,0,131,0,11,17,0,28,31,55,73,0,159,0,0,0,159
10/16/2016,ICT,KS,ACE,CE,Combined TRACON& Tower with Radar,38,43,53,38,172,0,2,17,4,23,38,45,70,42,195,46,0,46,241
10/17/2016,ICT,KS,ACE,CE,Combined TRACON& Tower with Radar,40,63,84,44,231,0,12,37,2,51,40,75,121,46,282,48,22,70,352
10/18/2016,ICT,KS,ACE,CE,Combined TRACON& Tower with Radar,40,59,106,69,274,0,20,54,4,78,40,79,160,73,352,88,74,162,514
10/19/2016,ICT,KS,ACE,CE,Combined TRACON& Tower with Radar,42,74,131,90,337,0,18,72,3,93,42,92,203,93,430,46,30,76,506
10/20/2016,ICT,KS,ACE,CE,Combined TRACON& Tower with Radar,43,80,131,100,354,0,10,67,1,78,43,90,198,101,432,20,28,48,480
10/21/2016,ICT,KS,ACE,CE,Combined TRACON& Tower with Radar,38,66,70,56,230,0,11,64,0,75,38,77,134,56,305,38,0,38,343
10/22/2016,ICT,KS,ACE,CE,Combined TRACON& Tower with Radar,32,42,45,6,125,0,7,43,0,50,32,49,88,6,175,12,0,12,187
10/23/2016,ICT,KS,ACE,CE,Combined TRACON& Tower with Radar,41,52,57,16,166,0,7,39,2,48,41,59,96,18,214,26,0,26,240
10/24/2016,ICT,KS,ACE,CE,Combined TRACON& Tower with Radar,35,54,97,49,235,0,7,55,0,62,35,61,152,49,297,48,42,90,387
10/25/2016,ICT,KS,ACE,CE,Combined TRACON& Tower with Radar,41,56,98,53,248,0,6,47,0,53,41,62,145,53,301,32,32,64,365
10/26/2016,ICT,KS,ACE,CE,Combined TRACON& Tower with Radar,41,81,107,119,348,0,5,42,3,50,41,86,149,122,398,74,24,98,496
10/27/2016,ICT,KS,ACE,CE,Combined TRACON& Tower with Radar,41,75,116,101,333,0,9,48,2,59,41,84,164,103,392,24,56,80,472
10/28/2016,ICT,KS,ACE,CE,Combined TRACON& Tower with Radar,44,58,69,94,265,1,9,45,1,56,45,67,114,95,321,24,66,90,411
10/29/2016,ICT,KS,ACE,CE,Combined TRACON& Tower with Radar,35,35,41,8,119,0,12,24,0,36,35,47,65,8,155,0,0,0,155
10/30/2016,ICT,KS,ACE,CE,Combined TRACON& Tower with Radar,32,47,72,8,159,0,2,10,0,12,32,49,82,8,171,0,68,68,239
10/31/2016,ICT,KS,ACE,CE,Combined TRACON& Tower with Radar,36,51,59,22,168,0,5,15,0,20,36,56,74,22,188,14,0,14,202
11/01/2016,ICT,KS,ACE,CE,Combined TRACON& Tower with Radar,39,71,83,40,233,0,9,41,6,56,39,80,124,46,289,60,20,80,369
11/02/2016,ICT,KS,ACE,CE,Combined TRACON& Tower with Radar,37,91,87,35,250,0,1,23,0,24,37,92,110,35,274,34,0,34,308
11/03/2016,ICT,KS,ACE,CE,Combined TRACON& Tower with Radar,42,74,119,94,329,0,9,66,0,75,42,83,185,94,404,50,82,132,536
11/04/2016,ICT,KS,ACE,CE,Combined TRACON& Tower with Radar,42,73,101,51,267,0,19,56,0,75,42,92,157,51,342,14,66,80,422
11/05/2016,ICT,KS,ACE,CE,Combined TRACON& Tower with Radar,33,62,59,0,154,0,33,55,0,88,33,95,114,0,242,82,0,82,324
11/06/2016,ICT,KS,ACE,CE,Combined TRACON& Tower with Radar,37,61,73,30,201,0,2,37,0,39,37,63,110,30,240,72,28,100,340
11/07/2016,ICT,KS,ACE,CE,Combined TRACON& Tower with Radar,36,62,110,77,285,0,0,9,0,9,36,62,119,77,294,2,32,34,328
11/08/2016,ICT,KS,ACE,CE,Combined TRACON& Tower with Radar,38,63,102,106,309,0,8,43,2,53,38,71,145,108,362,20,34,54,416
11/09/2016,ICT,KS,ACE,CE,Combined TRACON& Tower with Radar,40,72,132,75,319,0,13,75,0,88,40,85,207,75,407,2,0,2,409
11/10/2016,ICT,KS,ACE,CE,Combined TRACON& Tower with Radar,42,78,102,93,315,0,13,51,2,66,42,91,153,95,381,18,54,72,453
11/11/2016,ICT,KS,ACE,CE,Combined TRACON& Tower with Radar,43,72,61,0,176,0,27,70,0,97,43,99,131,0,273,42,0,42,315
11/12/2016,ICT,KS,ACE,CE,Combined TRACON& Tower with Radar,31,36,35,36,138,0,9,46,0,55,31,45,81,36,193,42,6,48,241
11/13/2016,ICT,KS,ACE,CE,Combined TRACON& Tower with Radar,39,42,45,13,139,0,1,45,0,46,39,43,90,13,185,20,0,20,205
11/14/2016,ICT,KS,ACE,CE,Combined TRACON& Tower with Radar,37,59,115,102,313,0,1,65,25,91,37,60,180,127,404,60,62,122,526
11/15/2016,ICT,KS,ACE,CE,Combined TRACON& Tower with Radar,42,64,106,42,254,0,35,58,0,93,42,99,164,42,347,94,8,102,449
11/16/2016,ICT,KS,ACE,CE,Combined TRACON& Tower with Radar,40,85,97,107,329,0,24,77,4,105,40,109,174,111,434,34,10,44,478
11/17/2016,ICT,KS,ACE,CE,Combined TRACON& Tower with Radar,41,64,115,81,301,0,12,58,2,72,41,76,173,83,373,0,0,0,373
11/18/2016,ICT,KS,ACE,CE,Combined TRACON& Tower with Radar,41,84,101,44,270,0,11,14,1,26,41,95,115,45,296,0,0,0,296
11/19/2016,ICT,KS,ACE,CE,Combined TRACON& Tower with Radar,36,37,73,7,153,0,31,75,3,109,36,68,148,10,262,56,6,62,324
11/20/2016,ICT,KS,ACE,CE,Combined TRACON& Tower with Radar,36,55,37,14,142,0,9,41,2,52,36,64,78,16,194,22,0,22,216
11/21/2016,ICT,KS,ACE,CE,Combined TRACON& Tower with Radar,36,66,76,40,218,0,34,51,0,85,36,100,127,40,303,98,22,120,423
11/22/2016,ICT,KS,ACE,CE,Combined TRACON& Tower with Radar,45,62,90,75,272,0,3,26,0,29,45,65,116,75,301,10,40,50,351
11/23/2016,ICT,KS,ACE,CE,Combined TRACON& Tower with Radar,47,60,73,47,227,0,2,29,0,31,47,62,102,47,258,22,48,70,328
11/24/2016,ICT,KS,ACE,CE,Combined TRACON& Tower with Radar,24,21,11,0,56,0,1,9,0,10,24,22,20,0,66,6,0,6,72
11/25/2016,ICT,KS,ACE,CE,Combined TRACON& Tower with Radar,39,38,35,0,112,0,16,47,0,63,39,54,82,0,175,28,0,28,203
11/26/2016,ICT,KS,ACE,CE,Combined TRACON& Tower with Radar,41,51,43,0,135,0,23,41,0,64,41,74,84,0,199,56,0,56,255
11/27/2016,ICT,KS,ACE,CE,Combined TRACON& Tower with Radar,41,47,41,0,129,0,0,0,0,0,41,47,41,0,129,0,0,0,129
11/28/2016,ICT,KS,ACE,CE,Combined TRACON& Tower with Radar,45,68,98,106,317,0,10,40,4,54,45,78,138,110,371,6,68,74,445
11/29/2016,ICT,KS,ACE,CE,Combined TRACON& Tower with Radar,46,57,101,62,266,0,8,31,3,42,46,65,132,65,308,90,40,130,438
11/30/2016,ICT,KS,ACE,CE,Combined TRACON& Tower with Radar,47,58,121,81,307,0,7,56,0,63,47,65,177,81,370,12,68,80,450
12/01/2016,ICT,KS,ACE,CE,Combined TRACON& Tower with Radar,46,88,142,67,343,0,12,57,3,72,46,100,199,70,415,28,42,70,485
12/02/2016,ICT,KS,ACE,CE,Combined TRACON& Tower with Radar,47,77,87,66,277,0,3,54,4,61,47,80,141,70,338,52,40,92,430
12/03/2016,ICT,KS,ACE,CE,Combined TRACON& Tower with Radar,28,41,59,11,139,0,2,22,0,24,28,43,81,11,163,22,0,22,185
12/04/2016,ICT,KS,ACE,CE,Combined TRACON& Tower with Radar,37,60,57,8,162,0,4,21,0,25,37,64,78,8,187,22,0,22,209
12/05/2016,ICT,KS,ACE,CE,Combined TRACON& Tower with Radar,40,69,84,100,293,0,9,54,4,67,40,78,138,104,360,16,16,32,392
12/06/2016,ICT,KS,ACE,CE,Combined TRACON& Tower with Radar,50,57,86,72,265,0,6,67,5,78,50,63,153,77,343,12,38,50,393
12/07/2016,ICT,KS,ACE,CE,Combined TRACON& Tower with Radar,48,54,113,26,241,0,0,20,0,20,48,54,133,26,261,8,24,32,293
12/08/2016,ICT,KS,ACE,CE,Combined TRACON& Tower with Radar,45,58,110,90,303,0,12,64,2,78,45,70,174,92,381,44,100,144,525
12/09/2016,ICT,KS,ACE,CE,Combined TRACON& Tower with Radar,46,55,102,55,258,0,10,25,1,36,46,65,127,56,294,30,46,76,370
12/10/2016,ICT,KS,ACE,CE,Combined TRACON& Tower with Radar,30,41,34,8,113,0,10,40,0,50,30,51,74,8,163,12,0,12,175
12/11/2016,ICT,KS,ACE,CE,Combined TRACON& Tower with Radar,36,40,48,6,130,0,8,15,0,23,36,48,63,6,153,20,24,44,197
12/12/2016,ICT,KS,ACE,CE,Combined TRACON& Tower with Radar,38,63,82,97,280,0,11,38,9,58,38,74,120,106,338,12,76,88,426
12/13/2016,ICT,KS,ACE,CE,Combined TRACON& Tower with Radar,47,70,114,78,309,0,7,49,4,60,47,77,163,82,369,0,30,30,399
12/14/2016,ICT,KS,ACE,CE,Combined TRACON& Tower with Radar,47,62,85,97,291,0,7,44,0,51,47,69,129,97,342,18,84,102,444
12/15/2016,ICT,KS,ACE,CE,Combined TRACON& Tower with Radar,47,67,111,99,324,0,0,35,1,36,47,67,146,100,360,16,26,42,402
12/16/2016,ICT,KS,ACE,CE,Combined TRACON& Tower with Radar,34,57,76,8,175,0,0,0,0,0,34,57,76,8,175,0,0,0,175
12/17/2016,ICT,KS,ACE,CE,Combined TRACON& Tower with Radar,30,40,28,0,98,0,0,0,0,0,30,40,28,0,98,0,0,0,98
12/18/2016,ICT,KS,ACE,CE,Combined TRACON& Tower with Radar,35,55,65,0,155,0,5,40,0,45,35,60,105,0,200,14,0,14,214
12/19/2016,ICT,KS,ACE,CE,Combined TRACON& Tower with Radar,34,71,106,48,259,0,5,46,0,51,34,76,152,48,310,24,14,38,348
12/20/2016,ICT,KS,ACE,CE,Combined TRACON& Tower with Radar,36,69,105,56,266,0,7,59,0,66,36,76,164,56,332,36,60,96,428
12/21/2016,ICT,KS,ACE,CE,Combined TRACON& Tower with Radar,40,73,88,47,248,0,2,49,2,53,40,75,137,49,301,44,16,60,361
12/22/2016,ICT,KS,ACE,CE,Combined TRACON& Tower with Radar,40,77,89,93,299,0,5,42,6,53,40,82,131,99,352,16,10,26,378
12/23/2016,ICT,KS,ACE,CE,Combined TRACON& Tower with Radar,37,78,58,34,207,0,2,35,0,37,37,80,93,34,244,0,0,0,244
12/24/2016,ICT,KS,ACE,CE,Combined TRACON& Tower with Radar,37,38,31,1,107,0,3,14,0,17,37,41,45,1,124,12,0,12,136
12/25/2016,ICT,KS,ACE,CE,Combined TRACON& Tower with Radar,28,30,9,0,67,0,2,0,0,2,28,32,9,0,69,0,0,0,69
12/26/2016,ICT,KS,ACE,CE,Combined TRACON& Tower with Radar,31,55,43,0,129,0,1,40,0,41,31,56,83,0,170,2,0,2,172
12/27/2016,ICT,KS,ACE,CE,Combined TRACON& Tower with Radar,40,59,80,0,179,0,7,51,2,60,40,66,131,2,239,26,0,26,265
12/28/2016,ICT,KS,ACE,CE,Combined TRACON& Tower with Radar,39,73,56,0,168,0,7,44,1,52,39,80,100,1,220,46,0,46,266
12/29/2016,ICT,KS,ACE,CE,Combined TRACON& Tower with Radar,39,60,72,0,171,0,2,45,0,47,39,62,117,0,218,38,0,38,256
12/30/2016,ICT,KS,ACE,CE,Combined TRACON& Tower with Radar,40,60,56,0,156,0,4,24,0,28,40,64,80,0,184,0,0,0,184
12/31/2016,ICT,KS,ACE,CE,Combined TRACON& Tower with Radar,29,37,12,0,78,0,2,20,0,22,29,39,32,0,100,36,0,36,136
01/01/2017,ICT,KS,ACE,CE,Combined TRACON& Tower with Radar,29,37,23,0,89,0,8,5,0,13,29,45,28,0,102,16,0,16,118
01/02/2017,ICT,KS,ACE,CE,Combined TRACON& Tower with Radar,31,51,30,0,112,0,0,2,0,2,31,51,32,0,114,0,0,0,114
01/03/2017,ICT,KS,ACE,CE,Combined TRACON& Tower with Radar,35,63,79,44,221,0,11,9,2,22,35,74,88,46,243,4,24,28,271
01/04/2017,ICT,KS,ACE,CE,Combined TRACON& Tower with Radar,41,67,83,50,241,0,6,31,1,38,41,73,114,51,279,40,36,76,355
01/05/2017,ICT,KS,ACE,CE,Combined TRACON& Tower with Radar,36,70,75,18,199,0,4,9,0,13,36,74,84,18,212,20,0,20,232
01/06/2017,ICT,KS,ACE,CE,Combined TRACON& Tower with Radar,36,64,60,23,183,0,6,42,0,48,36,70,102,23,231,42,0,42,273
01/07/2017,ICT,KS,ACE,CE,Combined TRACON& Tower with Radar,23,50,34,5,112,0,3,20,9,32,23,53,54,14,144,52,16,68,212
01/08/2017,ICT,KS,ACE,CE,Combined TRACON& Tower with Radar,32,54,27,0,113,0,4,14,1,19,32,58,41,1,132,0,0,0,132
01/09/2017,ICT,KS,ACE,CE,Combined TRACON& Tower with Radar,35,57,68,87,247,0,6,38,0,44,35,63,106,87,291,28,22,50,341
01/10/2017,ICT,KS,ACE,CE,Combined TRACON& Tower with Radar,36,51,68,57,212,0,6,34,0,40,36,57,102,57,252,14,0,14,266
01/11/2017,ICT,KS,ACE,CE,Combined TRACON& Tower with Radar,36,52,73,84,245,0,3,49,0,52,36,55,122,84,297,92,104,196,493
01/12/2017,ICT,KS,ACE,CE,Combined TRACON& Tower with Radar,43,59,85,77,264,0,4,53,4,61,43,63,138,81,325,46,22,68,393
01/13/2017,ICT,KS,ACE,CE,Combined TRACON& Tower with Radar,41,50,42,1,134,0,10,4,0,14,41,60,46,1,148,12,0,12,160
01/14/2017,ICT,KS,ACE,CE,Combined TRACON& Tower with Radar,23,25,12,0,60,0,0,1,0,1,23,25,13,0,61,0,0,0,61
01/15/2017,ICT,KS,ACE,CE,Combined TRACON& Tower with Radar,30,32,28,0,90,0,0,0,0,0,30,32,28,0,90,0,0,0,90
01/16/2017,ICT,KS,ACE,CE,Combined TRACON& Tower with Radar,36,46,46,0,128,0,0,0,0,0,36,46,46,0,128,0,0,0,128
01/17/2017,ICT,KS,ACE,CE,Combined TRACON& Tower with Radar,39,67,85,69,260,0,7,50,0,57,39,74,135,69,317,24,52,76,393
01/18/2017,ICT,KS,ACE,CE,Combined TRACON& Tower with Radar,39,60,84,94,277,0,7,37,0,44,39,67,121,94,321,2,30,32,353
01/19/2017,ICT,KS,ACE,CE,Combined TRACON& Tower with Radar,40,76,97,12,225,0,0,0,0,0,40,76,97,12,225,0,0,0,225
01/20/2017,ICT,KS,ACE,CE,Combined TRACON& Tower with Radar,41,63,80,11,195,0,0,8,0,8,41,63,88,11,203,4,0,4,207
01/21/2017,ICT,KS,ACE,CE,Combined TRACON& Tower with Radar,22,44,49,19,134,0,5,44,0,49,22,49,93,19,183,32,0,32,215
01/22/2017,ICT,KS,ACE,CE,Combined TRACON& Tower with Radar,31,40,30,40,141,0,2,23,4,29,31,42,53,44,170,0,16,16,186
01/23/2017,ICT,KS,ACE,CE,Combined TRACON& Tower with Radar,37,58,97,112,304,0,6,71,3,80,37,64,168,115,384,76,48,124,508
01/24/2017,ICT,KS,ACE,CE,Combined TRACON& Tower with Radar,37,63,84,107,291,0,17,62,9,88,37,80,146,116,379,56,94,150,529
01/25/2017,ICT,KS,ACE,CE,Combined TRACON& Tower with Radar,36,84,84,45,249,0,8,48,0,56,36,92,132,45,305,36,58,94,399
01/26/2017,ICT,KS,ACE,CE,Combined TRACON& Tower with Radar,38,79,85,62,264,0,10,44,0,54,38,89,129,62,318,16,0,16,334
01/27/2017,ICT,KS,ACE,CE,Combined TRACON& Tower with Radar,39,57,82,104,282,0,10,45,1,56,39,67,127,105,338,8,32,40,378
01/28/2017,ICT,KS,ACE,CE,Combined TRACON& Tower with Radar,25,40,49,13,127,0,8,30,1,39,25,48,79,14,166,14,6,20,186
01/29/2017,ICT,KS,ACE,CE,Combined TRACON& Tower with Radar,36,50,46,10,142,0,4,25,0,29,36,54,71,10,171,8,0,8,179
01/30/2017,ICT,KS,ACE,CE,Combined TRACON& Tower with Radar,38,63,56,70,227,0,14,63,0,77,38,77,119,70,304,10,20,30,334
01/31/2017,ICT,KS,ACE,CE,Combined TRACON& Tower with Radar,39,66,83,121,309,0,30,76,0,106,39,96,159,121,415,170,77,247,662
02/01/2017,ICT,KS,ACE,CE,Combined TRACON& Tower with Radar,38,68,79,120,305,0,7,70,3,80,38,75,149,123,385,32,66,98,483
02/02/2017,ICT,KS,ACE,CE,Combined TRACON& Tower with Radar,41,53,70,61,225,0,7,49,1,57,41,60,119,62,282,0,30,30,312
02/03/2017,ICT,KS,ACE,CE,Combined TRACON& Tower with Radar,43,67,72,29,211,0,4,49,3,56,43,71,121,32,267,0,0,0,267
02/04/2017,ICT,KS,ACE,CE,Combined TRACON& Tower with Radar,22,34,33,6,95,0,2,16,0,18,22,36,49,6,113,6,0,6,119
02/05/2017,ICT,KS,ACE,CE,Combined TRACON& Tower with Radar,30,52,48,4,134,0,1,22,0,23,30,53,70,4,157,6,0,6,163
02/06/2017,ICT,KS,ACE,CE,Combined TRACON& Tower with Radar,35,61,85,44,225,0,2,22,0,24,35,63,107,44,249,0,0,0,249
02/07/2017,ICT,KS,ACE,CE,Combined TRACON& Tower with Radar,37,56,88,67,248,0,17,69,2,88,37,73,157,69,336,56,36,92,428
02/08/2017,ICT,KS,ACE,CE,Combined TRACON& Tower with Radar,35,70,90,53,248,0,5,38,1,44,35,75,128,54,292,40,36,76,368
02/09/2017,ICT,KS,ACE,CE,Combined TRACON& Tower with Radar,41,64,96,53,254,0,9,61,3,73,41,73,157,56,327,32,62,94,421
02/10/2017,ICT,KS,ACE,CE,Combined TRACON& Tower with Radar,39,61,97,74,271,0,4,78,3,85,39,65,175,77,356,44,46,90,446
02/11/2017,ICT,KS,ACE,CE,Combined TRACON& Tower with Radar,24,35,49,24,132,0,10,48,2,60,24,45,97,26,192,56,0,56,248
02/12/2017,ICT,KS,ACE,CE,Combined TRACON& Tower with Radar,35,47,60,15,157,0,6,24,0,30,35,53,84,15,187,2,20,22,209
02/13/2017,ICT,KS,ACE,CE,Combined TRACON& Tower with Radar,35,61,85,78,259,0,4,35,4,43,35,65,120,82,302,6,44,50,352
02/14/2017,ICT,KS,ACE,CE,Combined TRACON& Tower with Radar,38,59,68,107,272,0,1,50,3,54,38,60,118,110,326,20,72,92,418
02/15/2017,ICT,KS,ACE,CE,Combined TRACON& Tower with Radar,37,74,86,85,282,0,8,73,8,89,37,82,159,93,371,44,54,98,469
02/16/2017,ICT,KS,ACE,CE,Combined TRACON& Tower with Radar,39,61,81,40,221,0,12,73,0,85,39,73,154,40,306,18,0,18,324
02/17/2017,ICT,KS,ACE,CE,Combined TRACON& Tower with Radar,39,62,94,87,282,0,9,71,5,85,39,71,165,92,367,44,30,74,441
02/18/2017,ICT,KS,ACE,CE,Combined TRACON& Tower with Radar,24,43,41,0,108,0,24,62,0,86,24,67,103,0,194,42,0,42,236
02/19/2017,ICT,KS,ACE,CE,Combined TRACON& Tower with Radar,32,42,43,2,119,0,1,2,0,3,32,43,45,2,122,0,0,0,122
02/20/2017,ICT,KS,ACE,CE,Combined TRACON& Tower with Radar,36,74,80,1,191,0,9,26,3,38,36,83,106,4,229,38,24,62,291
02/21/2017,ICT,KS,ACE,CE,Combined TRACON& Tower with Radar,38,72,77,127,314,0,4,80,1,85,38,76,157,128,399,34,42,76,475
02/22/2017,ICT,KS,ACE,CE,Combined TRACON& Tower with Radar,38,66,99,116,319,0,3,56,0,59,38,69,155,116,378,22,70,92,470
02/23/2017,ICT,KS,ACE,CE,Combined TRACON& Tower with Radar,40,68,80,91,279,0,1,55,13,69,40,69,135,104,348,10,74,84,432
02/24/2017,ICT,KS,ACE,CE,Combined TRACON& Tower with Radar,44,68,73,49,234,0,1,21,1,23,44,69,94,50,257,0,0,0,257
02/25/2017,ICT,KS,ACE,CE,Combined TRACON& Tower with Radar,24,48,47,17,136,0,2,51,0,53,24,50,98,17,189,2,52,54,243
02/26/2017,ICT,KS,ACE,CE,Combined TRACON& Tower with Radar,34,56,51,6,147,0,0,35,0,35,34,56,86,6,182,6,0,6,188
02/27/2017,ICT,KS,ACE,CE,Combined TRACON& Tower with Radar,36,62,78,57,233,0,4,23,0,27,36,66,101,57,260,54,10,64,324
02/28/2017,ICT,KS,ACE,CE,Combined TRACON& Tower with Radar,39,66,74,120,299,0,3,58,4,65,39,69,132,124,364,12,78,90,454
03/01/2017,ICT,KS,ACE,CE,Combined TRACON& Tower with Radar,39,65,92,74,270,0,11,56,2,69,39,76,148,76,339,12,24,36,375
03/02/2017,ICT,KS,ACE,CE,Combined TRACON& Tower with Radar,40,51,94,62,247,0,9,57,0,66,40,60,151,62,313,54,0,54,367
03/03/2017,ICT,KS,ACE,CE,Combined TRACON& Tower with Radar,39,65,84,51,239,0,2,51,0,53,39,67,135,51,292,26,38,64,356
03/04/2017,ICT,KS,ACE,CE,Combined TRACON& Tower with Radar,29,44,34,12,119,0,1,20,0,21,29,45,54,12,140,10,0,10,150
03/05/2017,ICT,KS,ACE,CE,Combined TRACON& Tower with Radar,36,50,56,10,152,0,8,10,0,18,36,58,66,10,170,10,0,10,180
03/06/2017,ICT,KS,ACE,CE,Combined TRACON& Tower with Radar,38,58,76,12,184,0,6,6,0,12,38,64,82,12,196,4,0,4,200
03/07/2017,ICT,KS,ACE,CE,Combined TRACON& Tower with Radar,42,81,94,51,268,0,3,16,1,20,42,84,110,52,288,0,0,0,288
03/08/2017,ICT,KS,ACE,CE,Combined TRACON& Tower with Radar,41,76,90,95,302,0,4,48,0,52,41,80,138,95,354,6,66,72,426
03/09/2017,ICT,KS,ACE,CE,Combined TRACON& Tower with Radar,42,79,104,83,308,0,3,58,1,62,42,82,162,84,370,42,20,62,432
03/10/2017,ICT,KS,ACE,CE,Combined TRACON& Tower with Radar,46,58,97,43,244,0,5,63,0,68,46,63,160,43,312,52,48,100,412
03/11/2017,ICT,KS,ACE,CE,Combined TRACON& Tower with Radar,32,47,35,10,124,0,0,20,0,20,32,47,55,10,144,0,0,0,144
03/12/2017,ICT,KS,ACE,CE,Combined TRACON& Tower with Radar,36,47,41,10,134,0,4,5,0,9,36,51,46,10,143,20,0,20,163
03/13/2017,ICT,KS,ACE,CE,Combined TRACON& Tower with Radar,41,67,81,104,293,0,3,36,2,41,41,70,117,106,334,14,118,132,466
03/14/2017,ICT,KS,ACE,CE,Combined TRACON& Tower with Radar,49,59,77,58,243,0,8,53,4,65,49,67,130,62,308,0,0,0,308
03/15/2017,ICT,KS,ACE,CE,Combined TRACON& Tower with Radar,46,56,104,96,302,0,29,67,1,97,46,85,171,97,399,56,70,126,525
03/16/2017,ICT,KS,ACE,CE,Combined TRACON& Tower with Radar,47,59,92,63,261,0,16,40,1,57,47,75,132,64,318,60,40,100,418
03/17/2017,ICT,KS,ACE,CE,Combined TRACON& Tower with Radar,45,65,85,28,223,0,12,42,0,54,45,77,127,28,277,18,6,24,301
03/18/2017,ICT,KS,ACE,CE,Combined TRACON& Tower with Radar,32,51,53,3,139,0,20,61,0,81,32,71,114,3,220,94,0,94,314
03/19/2017,ICT,KS,ACE,CE,Combined TRACON& Tower with Radar,41,56,45,0,142,0,6,27,0,33,41,62,72,0,175,0,0,0,175
03/20/2017,ICT,KS,ACE,CE,Combined TRACON& Tower with Radar,42,78,81,104,305,0,5,75,3,83,42,83,156,107,388,20,18,38,426
03/21/2017,ICT,KS,ACE,CE,Combined TRACON& Tower with Radar,44,55,76,111,286,0,6,44,5,55,44,61,120,116,341,16,126,142,483
03/22/2017,ICT,KS,ACE,CE,Combined TRACON& Tower with Radar,44,70,82,87,283,0,2,29,0,31,44,72,111,87,314,16,50,66,380
03/23/2017,ICT,KS,ACE,CE,Combined TRACON& Tower with Radar,46,70,90,104,310,0,0,14,0,14,46,70,104,104,324,2,64,66,390
03/24/2017,ICT,KS,ACE,CE,Combined TRACON& Tower with Radar,45,54,70,24,193,0,1,35,0,36,45,55,105,24,229,6,0,6,235
03/25/2017,ICT,KS,ACE,CE,Combined TRACON& Tower with Radar,30,36,55,1,122,0,1,6,0,7,30,37,61,1,129,0,0,0,129
03/26/2017,ICT,KS,ACE,CE,Combined TRACON& Tower with Radar,37,48,47,0,132,0,0,10,0,10,37,48,57,0,142,0,0,0,142
03/27/2017,ICT,KS,ACE,CE,Combined TRACON& Tower with Radar,44,62,110,45,261,0,2,7,0,9,44,64,117,45,270,0,0,0,270
03/28/2017,ICT,KS,ACE,CE,Combined TRACON& Tower with Radar,44,61,68,14,187,0,0,4,0,4,44,61,72,14,191,0,12,12,203
03/29/2017,ICT,KS,ACE,CE,Combined TRACON& Tower with Radar,52,59,79,0,190,0,0,1,0,1,52,59,80,0,191,0,0,0,191
03/30/2017,ICT,KS,ACE,CE,Combined TRACON& Tower with Radar,48,64,128,23,263,0,1,3,0,4,48,65,131,23,267,6,0,6,273
03/31/2017,ICT,KS,ACE,CE,Combined TRACON& Tower with Radar,44,51,124,0,219,0,1,22,0,23,44,52,146,0,242,25,0,25,267
04/01/2017,ICT,KS,ACE,CE,Combined TRACON& Tower with Radar,38,39,47,0,124,0,1,2,0,3,38,40,49,0,127,8,0,8,135
04/02/2017,ICT,KS,ACE,CE,Combined TRACON& Tower with Radar,44,41,43,11,139,0,0,2,0,2,44,41,45,11,141,0,0,0,141
04/03/2017,ICT,KS,ACE,CE,Combined TRACON& Tower with Radar,47,83,102,65,297,0,5,52,0,57,47,88,154,65,354,74,0,74,428
04/04/2017,ICT,KS,ACE,CE,Combined TRACON& Tower with Radar,52,47,64,0,163,0,0,4,0,4,52,47,68,0,167,0,0,0,167
04/05/2017,ICT,KS,ACE,CE,Combined TRACON& Tower with Radar,47,64,82,29,222,0,2,49,5,56,47,66,131,34,278,46,28,74,352
04/06/2017,ICT,KS,ACE,CE,Combined TRACON& Tower with Radar,45,64,105,78,292,0,8,78,5,91,45,72,183,83,383,40,38,78,461
04/07/2017,ICT,KS,ACE,CE,Combined TRACON& Tower with Radar,47,61,68,26,202,0,12,49,4,65,47,73,117,30,267,12,6,18,285
04/08/2017,ICT,KS,ACE,CE,Combined TRACON& Tower with Radar,22,32,47,2,103,0,4,54,3,61,22,36,101,5,164,14,0,14,178
04/09/2017,ICT,KS,ACE,CE,Combined TRACON& Tower with Radar,41,41,46,29,157,0,2,27,1,30,41,43,73,30,187,6,42,48,235
04/10/2017,ICT,KS,ACE,CE,Combined TRACON& Tower with Radar,41,44,85,110,280,0,6,52,1,59,41,50,137,111,339,4,22,26,365
04/11/2017,ICT,KS,ACE,CE,Combined TRACON& Tower with Radar,49,59,94,73,275,0,6,98,3,107,49,65,192,76,382,74,54,128,510
04/12/2017,ICT,KS,ACE,CE,Combined TRACON& Tower with Radar,49,57,109,67,282,0,0,29,2,31,49,57,138,69,313,4,0,4,317
04/13/2017,ICT,KS,ACE,CE,Combined TRACON& Tower with Radar,50,68,94,49,261,0,4,47,0,51,50,72,141,49,312,10,94,104,416
04/14/2017,ICT,KS,ACE,CE,Combined TRACON& Tower with Radar,45,59,59,50,213,0,3,21,0,24,45,62,80,50,237,0,0,0,237
04/15/2017,ICT,KS,ACE,CE,Combined TRACON& Tower with Radar,25,33,17,0,75,0,4,15,0,19,25,37,32,0,94,0,0,0,94
04/16/2017,ICT,KS,ACE,CE,Combined TRACON& Tower with Radar,44,35,19,0,98,0,1,15,0,16,44,36,34,0,114,0,0,0,114
04/17/2017,ICT,KS,ACE,CE,Combined TRACON& Tower with Radar,47,51,81,61,240,0,5,42,0,47,47,56,123,61,287,34,0,34,321
04/18/2017,ICT,KS,ACE,CE,Combined TRACON& Tower with Radar,50,55,79,74,258,0,8,40,9,57,50,63,119,83,315,22,80,102,417
04/19/2017,ICT,KS,ACE,CE,Combined TRACON& Tower with Radar,51,66,81,7,205,0,2,34,1,37,51,68,115,8,242,8,0,8,250
04/20/2017,ICT,KS,ACE,CE,Combined TRACON& Tower with Radar,50,62,97,117,326,0,3,59,7,69,50,65,156,124,395,52,100,152,547
04/21/2017,ICT,KS,ACE,CE,Combined TRACON& Tower with Radar,49,47,63,7,166,0,0,9,0,9,49,47,72,7,175,0,0,0,175
04/22/2017,ICT,KS,ACE,CE,Combined TRACON& Tower with Radar,29,37,46,4,116,0,2,39,2,43,29,39,85,6,159,2,0,2,161
04/23/2017,ICT,KS,ACE,CE,Combined TRACON& Tower with Radar,38,56,70,5,169,0,3,48,0,51,38,59,118,5,220,30,0,30,250
04/24/2017,ICT,KS,ACE,CE,Combined TRACON& Tower with Radar,48,57,72,67,244,0,0,38,0,38,48,57,110,67,282,0,4,4,286
04/25/2017,ICT,KS,ACE,CE,Combined TRACON& Tower with Radar,52,65,116,48,281,0,12,60,2,74,52,77,176,50,355,44,0,44,399
04/26/2017,ICT,KS,ACE,CE,Combined TRACON& Tower with Radar,48,59,139,154,400,0,5,23,0,28,48,64,162,154,428,16,76,92,520
04/27/2017,ICT,KS,ACE,CE,Combined TRACON& Tower with Radar,54,62,78,45,239,0,10,42,3,55,54,72,120,48,294,10,14,24,318
04/28/2017,ICT,KS,ACE,CE,Combined TRACON& Tower with Radar,51,64,87,22,224,0,1,35,0,36,51,65,122,22,260,74,0,74,334
04/29/2017,ICT,KS,ACE,CE,Combined TRACON& Tower with Radar,28,31,24,1,84,0,0,0,0,0,28,31,24,1,84,0,0,0,84
04/30/2017,ICT,KS,ACE,CE,Combined TRACON& Tower with Radar,38,38,62,4,142,0,0,5,0,5,38,38,67,4,147,0,0,0,147
05/01/2017,ICT,KS,ACE,CE,Combined TRACON& Tower with Radar,42,50,87,61,240,0,7,40,0,47,42,57,127,61,287,0,0,0,287
05/02/2017,ICT,KS,ACE,CE,Combined TRACON& Tower with Radar,47,63,115,56,281,0,10,84,1,95,47,73,199,57,376,118,68,186,562
05/03/2017,ICT,KS,ACE,CE,Combined TRACON& Tower with Radar,46,57,90,12,205,0,2,20,0,22,46,59,110,12,227,0,0,0,227
05/04/2017,ICT,KS,ACE,CE,Combined TRACON& Tower with Radar,49,73,103,120,345,0,13,55,3,71,49,86,158,123,416,22,56,78,494
05/05/2017,ICT,KS,ACE,CE,Combined TRACON& Tower with Radar,50,55,91,50,246,7,9,63,0,79,57,64,154,50,325,34,40,74,399
05/06/2017,ICT,KS,ACE,CE,Combined TRACON& Tower with Radar,34,36,37,7,114,0,5,52,0,57,34,41,89,7,171,6,0,6,177
05/07/2017,ICT,KS,ACE,CE,Combined TRACON& Tower with Radar,41,48,57,0,146,0,4,40,0,44,41,52,97,0,190,20,0,20,210
05/08/2017,ICT,KS,ACE,CE,Combined TRACON& Tower with Radar,48,50,50,92,240,0,4,45,3,52,48,54,95,95,292,40,30,70,362
05/09/2017,ICT,KS,ACE,CE,Combined TRACON& Tower with Radar,51,55,105,86,297,0,13,60,6,79,51,68,165,92,376,68,24,92,468
05/10/2017,ICT,KS,ACE,CE,Combined TRACON& Tower with Radar,49,45,72,3,169,0,1,10,0,11,49,46,82,3,180,0,0,0,180
05/11/2017,ICT,KS,ACE,CE,Combined TRACON& Tower with Radar,55,65,92,14,226,0,0,9,0,9,55,65,101,14,235,0,0,0,235
05/12/2017,ICT,KS,ACE,CE,Combined TRACON& Tower with Radar,53,58,110,7,228,0,6,65,0,71,53,64,175,7,299,24,0,24,323
05/13/2017,ICT,KS,ACE,CE,Combined TRACON& Tower with Radar,32,44,45,0,121,0,8,49,0,57,32,52,94,0,178,4,0,4,182
05/14/2017,ICT,KS,ACE,CE,Combined TRACON& Tower with Radar,44,42,40,2,128,0,6,29,0,35,44,48,69,2,163,0,0,0,163
05/15/2017,ICT,KS,ACE,CE,Combined TRACON& Tower with Radar,51,56,67,51,225,1,7,49,1,58,52,63,116,52,283,2,56,58,341
05/16/2017,ICT,KS,ACE,CE,Combined TRACON& Tower with Radar,51,55,89,79,274,0,12,38,4,54,51,67,127,83,328,8,28,36,364
05/17/2017,ICT,KS,ACE,CE,Combined TRACON& Tower with Radar,55,70,90,46,261,0,10,30,4,44,55,80,120,50,305,36,42,78,383
05/18/2017,ICT,KS,ACE,CE,Combined TRACON& Tower with Radar,47,55,90,33,225,0,1,18,0,19,47,56,108,33,244,12,36,48,292
05/19/2017,ICT,KS,ACE,CE,Combined TRACON& Tower with Radar,55,58,69,14,196,0,0,8,1,9,55,58,77,15,205,0,4,4,209
05/20/2017,ICT,KS,ACE,CE,Combined TRACON& Tower with Radar,37,42,47,1,127,0,0,6,0,6,37,42,53,1,133,0,0,0,133
05/21/2017,ICT,KS,ACE,CE,Combined TRACON& Tower with Radar,38,45,49,3,135,0,6,66,0,72,38,51,115,3,207,44,0,44,251
05/22/2017,ICT,KS,ACE,CE,Combined TRACON& Tower with Radar,53,45,80,105,283,0,2,52,3,57,53,47,132,108,340,14,64,78,418
05/23/2017,ICT,KS,ACE,CE,Combined TRACON& Tower with Radar,50,56,121,78,305,0,2,46,2,50,50,58,167,80,355,36,6,42,397
05/24/2017,ICT,KS,ACE,CE,Combined TRACON& Tower with Radar,56,56,115,78,305,0,7,50,0,57,56,63,165,78,362,4,82,86,448
05/25/2017,ICT,KS,ACE,CE,Combined TRACON& Tower with Radar,49,57,117,56,279,0,0,59,3,62,49,57,176,59,341,32,74,106,447
05/26/2017,ICT,KS,ACE,CE,Combined TRACON& Tower with Radar,54,61,78,0,193,0,3,65,0,68,54,64,143,0,261,14,0,14,275
05/27/2017,ICT,KS,ACE,CE,Combined TRACON& Tower with Radar,41,37,17,0,95,0,2,18,0,20,41,39,35,0,115,28,0,28,143
05/28/2017,ICT,KS,ACE,CE,Combined TRACON& Tower with Radar,39,38,17,0,94,0,1,32,0,33,39,39,49,0,127,4,0,4,131
05/29/2017,ICT,KS,ACE,CE,Combined TRACON& Tower with Radar,47,40,36,1,124,0,1,28,0,29,47,41,64,1,153,0,0,0,153
05/30/2017,ICT,KS,ACE,CE,Combined TRACON& Tower with Radar,43,49,89,69,250,0,2,42,3,47,43,51,131,72,297,20,8,28,325
05/31/2017,ICT,KS,ACE,CE,Combined TRACON& Tower with Radar,70,51,66,35,222,0,3,44,2,49,70,54,110,37,271,12,0,12,283
06/01/2017,ICT,KS,ACE,CE,Combined TRACON& Tower with Radar,47,49,79,102,277,0,4,49,2,55,47,53,128,104,332,14,108,122,454
06/02/2017,ICT,KS,ACE,CE,Combined TRACON& Tower with Radar,53,69,79,100,301,0,10,48,1,59,53,79,127,101,360,46,78,124,484
06/03/2017,ICT,KS,ACE,CE,Combined TRACON& Tower with Radar,41,37,42,0,120,0,3,21,2,26,41,40,63,2,146,2,0,2,148
06/04/2017,ICT,KS,ACE,CE,Combined TRACON& Tower with Radar,37,44,61,22,164,0,3,16,0,19,37,47,77,22,183,66,0,66,249
06/05/2017,ICT,KS,ACE,CE,Combined TRACON& Tower with Radar,48,49,73,101,271,0,5,37,8,50,48,54,110,109,321,8,132,140,461
06/06/2017,ICT,KS,ACE,CE,Combined TRACON& Tower with Radar,51,57,79,55,242,0,2,42,1,45,51,59,121,56,287,16,126,142,429
06/07/2017,ICT,KS,ACE,CE,Combined TRACON& Tower with Radar,55,66,89,94,304,0,0,70,3,73,55,66,159,97,377,32,46,78,455
06/08/2017,ICT,KS,ACE,CE,Combined TRACON& Tower with Radar,53,53,92,110,308,0,8,42,0,50,53,61,134,110,358,14,64,78,436
06/09/2017,ICT,KS,ACE,CE,Combined TRACON& Tower with Radar,50,56,77,49,232,0,11,57,4,72,50,67,134,53,304,20,66,86,390
06/10/2017,ICT,KS,ACE,CE,Combined TRACON& Tower with Radar,39,49,58,10,156,0,5,17,0,22,39,54,75,10,178,8,0,8,186
06/11/2017,ICT,KS,ACE,CE,Combined TRACON& Tower with Radar,35,53,53,10,151,0,4,19,0,23,35,57,72,10,174,0,0,0,174
06/12/2017,ICT,KS,ACE,CE,Combined TRACON& Tower with Radar,48,68,101,88,305,0,2,51,3,56,48,70,152,91,361,44,14,58,419
06/13/2017,ICT,KS,ACE,CE,Combined TRACON& Tower with Radar,49,62,79,99,289,0,1,36,4,41,49,63,115,103,330,20,90,110,440
06/14/2017,ICT,KS,ACE,CE,Combined TRACON& Tower with Radar,57,57,96,60,270,0,1,57,1,59,57,58,153,61,329,30,12,42,371
06/15/2017,ICT,KS,ACE,CE,Combined TRACON& Tower with Radar,45,56,87,63,251,0,14,48,0,62,45,70,135,63,313,24,70,94,407
06/16/2017,ICT,KS,ACE,CE,Combined TRACON& Tower with Radar,54,63,74,76,267,0,7,71,5,83,54,70,145,81,350,14,18,32,382
06/17/2017,ICT,KS,ACE,CE,Combined TRACON& Tower with Radar,38,41,42,0,121,0,4,47,0,51,38,45,89,0,172,0,0,0,172
06/18/2017,ICT,KS,ACE,CE,Combined TRACON& Tower with Radar,37,56,47,8,148,0,2,35,0,37,37,58,82,8,185,14,0,14,199
06/19/2017,ICT,KS,ACE,CE,Combined TRACON& Tower with Radar,44,56,90,141,331,0,9,70,2,81,44,65,160,143,412,20,76,96,508
06/20/2017,ICT,KS,ACE,CE,Combined TRACON& Tower with Radar,48,64,82,75,269,0,9,61,6,76,48,73,143,81,345,30,62,92,437
06/21/2017,ICT,KS,ACE,CE,Combined TRACON& Tower with Radar,55,70,102,105,332,0,12,80,3,95,55,82,182,108,427,0,0,0,427
06/22/2017,ICT,KS,ACE,CE,Combined TRACON& Tower with Radar,49,60,90,95,294,0,5,51,3,59,49,65,141,98,353,38,0,38,391
06/23/2017,ICT,KS,ACE,CE,Combined TRACON& Tower with Radar,51,54,71,63,239,0,4,31,2,37,51,58,102,65,276,16,0,16,292
06/24/2017,ICT,KS,ACE,CE,Combined TRACON& Tower with Radar,39,41,54,0,134,0,16,75,1,92,39,57,129,1,226,24,0,24,250
06/25/2017,ICT,KS,ACE,CE,Combined TRACON& Tower with Radar,41,60,50,7,158,0,3,35,1,39,41,63,85,8,197,34,0,34,231
06/26/2017,ICT,KS,ACE,CE,Combined TRACON& Tower with Radar,46,64,104,60,274,0,7,52,1,60,46,71,156,61,334,20,44,64,398
06/27/2017,ICT,KS,ACE,CE,Combined TRACON& Tower with Radar,51,75,78,77,281,0,2,40,1,43,51,77,118,78,324,22,4,26,350
06/28/2017,ICT,KS,ACE,CE,Combined TRACON& Tower with Radar,54,58,114,67,293,0,2,56,12,70,54,60,170,79,363,14,18,32,395
06/29/2017,ICT,KS,ACE,CE,Combined TRACON& Tower with Radar,52,73,120,59,304,0,1,29,5,35,52,74,149,64,339,4,10,14,353
06/30/2017,ICT,KS,ACE,CE,Combined TRACON& Tower with Radar,55,68,107,87,317,0,4,30,0,34,55,72,137,87,351,12,0,12,363
07/01/2017,ICT,KS,ACE,CE,Combined TRACON& Tower with Radar,42,41,27,0,110,0,6,33,1,40,42,47,60,1,150,18,0,18,168
07/02/2017,ICT,KS,ACE,CE,Combined TRACON& Tower with Radar,35,35,23,1,94,0,11,11,0,22,35,46,34,1,116,38,0,38,154
07/03/2017,ICT,KS,ACE,CE,Combined TRACON& Tower with Radar,36,41,29,0,106,0,0,16,0,16,36,41,45,0,122,0,0,0,122
07/04/2017,ICT,KS,ACE,CE,Combined TRACON& Tower with Radar,33,34,9,0,76,0,4,20,0,24,33,38,29,0,100,0,0,0,100
07/05/2017,ICT,KS,ACE,CE,Combined TRACON& Tower with Radar,52,53,60,59,224,0,2,35,4,41,52,55,95,63,265,10,0,10,275
07/06/2017,ICT,KS,ACE,CE,Combined TRACON& Tower with Radar,46,68,57,84,255,0,5,50,5,60,46,73,107,89,315,42,40,82,397
07/07/2017,ICT,KS,ACE,CE,Combined TRACON& Tower with Radar,51,70,71,70,262,0,5,49,4,58,51,75,120,74,320,32,42,74,394
07/08/2017,ICT,KS,ACE,CE,Combined TRACON& Tower with Radar,39,43,31,6,119,0,6,27,1,34,39,49,58,7,153,8,0,8,161
07/09/2017,ICT,KS,ACE,CE,Combined TRACON& Tower with Radar,38,51,34,10,133,0,10,25,0,35,38,61,59,10,168,8,0,8,176
07/10/2017,ICT,KS,ACE,CE,Combined TRACON& Tower with Radar,44,66,88,61,259,0,14,45,1,60,44,80,133,62,319,18,52,70,389
07/11/2017,ICT,KS,ACE,CE,Combined TRACON& Tower with Radar,47,61,66,103,277,0,23,34,0,57,47,84,100,103,334,8,96,104,438
07/12/2017,ICT,KS,ACE,CE,Combined TRACON& Tower with Radar,53,54,79,89,275,0,3,50,1,54,53,57,129,90,329,28,12,40,369
07/13/2017,ICT,KS,ACE,CE,Combined TRACON& Tower with Radar,45,65,84,24,218,0,5,43,1,49,45,70,127,25,267,0,0,0,267
07/14/2017,ICT,KS,ACE,CE,Combined TRACON& Tower with Radar,52,64,72,82,270,0,5,12,5,22,52,69,84,87,292,32,48,80,372
07/15/2017,ICT,KS,ACE,CE,Combined TRACON& Tower with Radar,39,39,44,6,128,0,6,23,4,33,39,45,67,10,161,18,0,18,179
07/16/2017,ICT,KS,ACE,CE,Combined TRACON& Tower with Radar,39,49,36,0,124,0,3,38,1,42,39,52,74,1,166,8,0,8,174
07/17/2017,ICT,KS,ACE,CE,Combined TRACON& Tower with Radar,46,64,78,36,224,0,6,33,0,39,46,70,111,36,263,16,44,60,323
07/18/2017,ICT,KS,ACE,CE,Combined TRACON& Tower with Radar,48,65,75,10,198,0,7,35,0,42,48,72,110,10,240,58,2,60,300
07/19/2017,ICT,KS,ACE,CE,Combined TRACON& Tower with Radar,57,59,83,37,236,0,4,53,2,59,57,63,136,39,295,22,4,26,321
07/20/2017,ICT,KS,ACE,CE,Combined TRACON& Tower with Radar,47,63,74,27,211,0,4,55,1,60,47,67,129,28,271,56,0,56,327
07/21/2017,ICT,KS,ACE,CE,Combined TRACON& Tower with Radar,55,75,57,40,227,0,6,45,7,58,55,81,102,47,285,4,16,20,305
07/22/2017,ICT,KS,ACE,CE,Combined TRACON& Tower with Radar,37,52,29,1,119,0,6,22,1,29,37,58,51,2,148,0,0,0,148
07/23/2017,ICT,KS,ACE,CE,Combined TRACON& Tower with Radar,37,74,37,12,160,0,2,27,0,29,37,76,64,12,189,6,0,6,195
07/24/2017,ICT,KS,ACE,CE,Combined TRACON& Tower with Radar,46,47,72,71,236,0,10,42,2,54,46,57,114,73,290,16,28,44,334
07/25/2017,ICT,KS,ACE,CE,Combined TRACON& Tower with Radar,46,57,102,138,343,0,20,50,2,72,46,77,152,140,415,6,68,74,489
07/26/2017,ICT,KS,ACE,CE,Combined TRACON& Tower with Radar,53,70,95,43,261,0,4,25,0,29,53,74,120,43,290,6,4,10,300
07/27/2017,ICT,KS,ACE,CE,Combined TRACON& Tower with Radar,46,63,93,68,270,0,2,19,1,22,46,65,112,69,292,8,40,48,340
07/28/2017,ICT,KS,ACE,CE,Combined TRACON& Tower with Radar,50,51,77,86,264,0,7,52,0,59,50,58,129,86,323,80,2,82,405
07/29/2017,ICT,KS,ACE,CE,Combined TRACON& Tower with Radar,39,45,42,0,126,0,1,37,0,38,39,46,79,0,164,46,0,46,210
07/30/2017,ICT,KS,ACE,CE,Combined TRACON& Tower with Radar,41,61,51,15,168,0,0,49,1,50,41,61,100,16,218,0,0,0,218
07/31/2017,ICT,KS,ACE,CE,Combined TRACON& Tower with Radar,42,80,75,30,227,0,1,19,3,23,42,81,94,33,250,20,0,20,270
08/01/2017,ICT,KS,ACE,CE,Combined TRACON& Tower with Radar,49,64,98,145,356,0,3,36,2,41,49,67,134,147,397,32,50,82,479
08/02/2017,ICT,KS,ACE,CE,Combined TRACON& Tower with Radar,52,69,92,120,333,0,7,63,3,73,52,76,155,123,406,14,44,58,464
08/03/2017,ICT,KS,ACE,CE,Combined TRACON& Tower with Radar,44,66,68,71,249,0,10,43,1,54,44,76,111,72,303,10,18,28,331
08/04/2017,ICT,KS,ACE,CE,Combined TRACON& Tower with Radar,56,64,85,86,291,0,9,87,3,99,56,73,172,89,390,34,46,80,470
08/05/2017,ICT,KS,ACE,CE,Combined TRACON& Tower with Radar,39,38,30,13,120,0,0,15,5,20,39,38,45,18,140,14,0,14,154
08/06/2017,ICT,KS,ACE,CE,Combined TRACON& Tower with Radar,36,59,46,24,165,0,0,16,0,16,36,59,62,24,181,0,0,0,181
08/07/2017,ICT,KS,ACE,CE,Combined TRACON& Tower with Radar,47,74,112,91,324,0,1,36,0,37,47,75,148,91,361,26,78,104,465
08/08/2017,ICT,KS,ACE,CE,Combined TRACON& Tower with Radar,45,69,76,75,265,0,3,61,2,66,45,72,137,77,331,52,30,82,413
08/09/2017,ICT,KS,ACE,CE,Combined TRACON& Tower with Radar,53,73,75,64,265,0,1,37,0,38,53,74,112,64,303,22,62,84,387
08/10/2017,ICT,KS,ACE,CE,Combined TRACON& Tower with Radar,47,63,102,19,231,0,0,17,0,17,47,63,119,19,248,12,0,12,260
08/11/2017,ICT,KS,ACE,CE,Combined TRACON& Tower with Radar,46,59,98,75,278,0,3,48,0,51,46,62,146,75,329,2,20,22,351
08/12/2017,ICT,KS,ACE,CE,Combined TRACON& Tower with Radar,49,40,40,1,130,1,5,52,0,58,50,45,92,1,188,30,0,30,218
08/13/2017,ICT,KS,ACE,CE,Combined TRACON& Tower with Radar,35,54,56,4,149,0,0,16,3,19,35,54,72,7,168,8,0,8,176
08/14/2017,ICT,KS,ACE,CE,Combined TRACON& Tower with Radar,48,46,92,45,231,1,5,26,3,35,49,51,118,48,266,34,0,34,300
08/15/2017,ICT,KS,ACE,CE,Combined TRACON& Tower with Radar,52,58,96,28,234,0,1,27,1,29,52,59,123,29,263,30,12,42,305
08/16/2017,ICT,KS,ACE,CE,Combined TRACON& Tower with Radar,51,54,78,12,195,0,2,11,0,13,51,56,89,12,208,0,0,0,208
08/17/2017,ICT,KS,ACE,CE,Combined TRACON& Tower with Radar,53,47,83,46,229,0,4,61,1,66,53,51,144,47,295,24,2,26,321
08/18/2017,ICT,KS,ACE,CE,Combined TRACON& Tower with Radar,53,66,91,50,260,0,0,60,2,62,53,66,151,52,322,6,130,136,458
08/19/2017,ICT,KS,ACE,CE,Combined TRACON& Tower with Radar,32,41,60,2,135,0,0,71,0,71,32,41,131,2,206,10,0,10,216
08/20/2017,ICT,KS,ACE,CE,Combined TRACON& Tower with Radar,38,68,57,9,172,0,1,42,2,45,38,69,99,11,217,12,0,12,229
08/21/2017,ICT,KS,ACE,CE,Combined TRACON& Tower with Radar,53,52,81,39,225,0,1,52,3,56,53,53,133,42,281,0,45,45,326
08/22/2017,ICT,KS,ACE,CE,Combined TRACON& Tower with Radar,52,66,108,71,297,0,6,37,0,43,52,72,145,71,340,52,18,70,410
08/23/2017,ICT,KS,ACE,CE,Combined TRACON& Tower with Radar,53,63,109,75,300,0,11,73,0,84,53,74,182,75,384,88,70,158,542
08/24/2017,ICT,KS,ACE,CE,Combined TRACON& Tower with Radar,52,56,120,58,286,0,2,53,5,60,52,58,173,63,346,76,54,130,476
08/25/2017,ICT,KS,ACE,CE,Combined TRACON& Tower with Radar,56,59,100,22,237,0,2,56,0,58,56,61,156,22,295,64,0,64,359
08/26/2017,ICT,KS,ACE,CE,Combined TRACON& Tower with Radar,37,39,60,10,146,0,3,62,1,66,37,42,122,11,212,56,0,56,268
08/27/2017,ICT,KS,ACE,CE,Combined TRACON& Tower with Radar,39,37,53,48,177,0,6,30,1,37,39,43,83,49,214,4,0,4,218
08/28/2017,ICT,KS,ACE,CE,Combined TRACON& Tower with Radar,48,41,75,46,210,0,3,57,0,60,48,44,132,46,270,12,0,12,282
08/29/2017,ICT,KS,ACE,CE,Combined TRACON& Tower with Radar,52,62,108,42,264,0,3,66,3,72,52,65,174,45,336,22,68,90,426
08/30/2017,ICT,KS,ACE,CE,Combined TRACON& Tower with Radar,55,43,95,52,245,0,10,45,2,57,55,53,140,54,302,8,44,52,354
08/31/2017,ICT,KS,ACE,CE,Combined TRACON& Tower with Radar,49,62,90,40,241,0,7,63,9,79,49,69,153,49,320,0,54,54,374
09/01/2017,ICT,KS,ACE,CE,Combined TRACON& Tower with Radar,56,51,91,0,198,0,5,57,1,63,56,56,148,1,261,30,0,30,291
09/02/2017,ICT,KS,ACE,CE,Combined TRACON& Tower with Radar,28,32,49,0,109,0,4,55,0,59,28,36,104,0,168,72,0,72,240
09/03/2017,ICT,KS,ACE,CE,Combined TRACON& Tower with Radar,33,24,27,6,90,0,2,23,0,25,33,26,50,6,115,0,0,0,115
09/04/2017,ICT,KS,ACE,CE,Combined TRACON& Tower with Radar,47,35,45,0,127,1,5,45,0,51,48,40,90,0,178,0,0,0,178
09/05/2017,ICT,KS,ACE,CE,Combined TRACON& Tower with Radar,49,49,88,79,265,0,4,47,0,51,49,53,135,79,316,6,90,96,412
09/06/2017,ICT,KS,ACE,CE,Combined TRACON& Tower with Radar,47,59,83,56,245,0,2,60,1,63,47,61,143,57,308,12,20,32,340
09/07/2017,ICT,KS,ACE,CE,Combined TRACON& Tower with Radar,48,53,117,84,302,0,5,45,0,50,48,58,162,84,352,16,8,24,376
09/08/2017,ICT,KS,ACE,CE,Combined TRACON& Tower with Radar,55,45,61,80,241,0,2,47,3,52,55,47,108,83,293,10,56,66,359
09/09/2017,ICT,KS,ACE,CE,Combined TRACON& Tower with Radar,32,34,62,31,159,0,2,38,1,41,32,36,100,32,200,16,6,22,222
09/10/2017,ICT,KS,ACE,CE,Combined TRACON& Tower with Radar,40,45,52,19,156,0,8,43,2,53,40,53,95,21,209,4,14,18,227
09/11/2017,ICT,KS,ACE,CE,Combined TRACON& Tower with Radar,47,45,67,114,273,0,2,64,0,66,47,47,131,114,339,22,116,138,477
09/12/2017,ICT,KS,ACE,CE,Combined TRACON& Tower with Radar,48,55,74,90,267,0,6,60,2,68,48,61,134,92,335,16,18,34,369
09/13/2017,ICT,KS,ACE,CE,Combined TRACON& Tower with Radar,51,60,91,93,295,0,10,75,5,90,51,70,166,98,385,46,8,54,439
09/14/2017,ICT,KS,ACE,CE,Combined TRACON& Tower with Radar,55,63,99,46,263,0,4,69,0,73,55,67,168,46,336,36,40,76,412
09/15/2017,ICT,KS,ACE,CE,Combined TRACON& Tower with Radar,53,60,98,18,229,0,2,27,0,29,53,62,125,18,258,0,4,4,262
09/16/2017,ICT,KS,ACE,CE,Combined TRACON& Tower with Radar,36,29,46,0,111,0,0,12,1,13,36,29,58,1,124,0,0,0,124
09/17/2017,ICT,KS,ACE,CE,Combined TRACON& Tower with Radar,41,43,41,8,133,0,0,3,1,4,41,43,44,9,137,0,0,0,137
09/18/2017,ICT,KS,ACE,CE,Combined TRACON& Tower with Radar,52,56,98,18,224,0,4,31,2,37,52,60,129,20,261,34,0,34,295
09/19/2017,ICT,KS,ACE,CE,Combined TRACON& Tower with Radar,48,50,88,40,226,0,5,50,0,55,48,55,138,40,281,10,56,66,347
09/20/2017,ICT,KS,ACE,CE,Combined TRACON& Tower with Radar,47,65,112,0,224,0,7,87,0,94,47,72,199,0,318,48,0,48,366
09/21/2017,ICT,KS,ACE,CE,Combined TRACON& Tower with Radar,53,68,121,6,248,0,7,51,1,59,53,75,172,7,307,10,0,10,317
09/22/2017,ICT,KS,ACE,CE,Combined TRACON& Tower with Radar,53,64,128,0,245,0,9,61,0,70,53,73,189,0,315,8,0,8,323
09/23/2017,ICT,KS,ACE,CE,Combined TRACON& Tower with Radar,34,45,54,0,133,0,4,40,0,44,34,49,94,0,177,8,0,8,185
09/24/2017,ICT,KS,ACE,CE,Combined TRACON& Tower with Radar,39,46,105,2,192,0,4,28,0,32,39,50,133,2,224,4,0,4,228
09/25/2017,ICT,KS,ACE,CE,Combined TRACON& Tower with Radar,49,44,70,10,173,0,0,19,0,19,49,44,89,10,192,0,10,10,202
09/26/2017,ICT,KS,ACE,CE,Combined TRACON& Tower with Radar,48,63,126,57,294,0,0,2,0,2,48,63,128,57,296,0,0,0,296
09/27/2017,ICT,KS,ACE,CE,Combined TRACON& Tower with Radar,50,65,132,61,308,0,5,27,0,32,50,70,159,61,340,44,116,160,500
09/28/2017,ICT,KS,ACE,CE,Combined TRACON& Tower with Radar,52,53,126,69,300,0,6,84,1,91,52,59,210,70,391,8,108,116,507
09/29/2017,ICT,KS,ACE,CE,Combined TRACON& Tower with Radar,54,76,117,58,305,0,9,90,0,99,54,85,207,58,404,48,72,120,524
09/30/2017,ICT,KS,ACE,CE,Combined TRACON& Tower with Radar,36,33,65,1,135,0,4,37,0,41,36,37,102,1,176,2,0,2,178
10/01/2017,ICT,KS,ACE,CE,Combined TRACON& Tower with Radar,41,53,49,1,144,0,2,28,1,31,41,55,77,2,175,0,0,0,175
10/02/2017,ICT,KS,ACE,CE,Combined TRACON& Tower with Radar,49,55,78,106,288,0,3,32,0,35,49,58,110,106,323,10,34,44,367
10/03/2017,ICT,KS,ACE,CE,Combined TRACON& Tower with Radar,46,58,124,17,245,0,2,14,0,16,46,60,138,17,261,2,14,16,277
10/04/2017,ICT,KS,ACE,CE,Combined TRACON& Tower with Radar,46,51,87,30,214,0,0,0,0,0,46,51,87,30,214,0,0,0,214
10/05/2017,ICT,KS,ACE,CE,Combined TRACON& Tower with Radar,47,56,80,30,213,0,0,3,0,3,47,56,83,30,216,0,18,18,234
10/06/2017,ICT,KS,ACE,CE,Combined TRACON& Tower with Radar,49,58,73,42,222,0,8,34,0,42,49,66,107,42,264,26,22,48,312
10/07/2017,ICT,KS,ACE,CE,Combined TRACON& Tower with Radar,36,46,54,2,138,0,13,45,4,62,36,59,99,6,200,30,0,30,230
10/08/2017,ICT,KS,ACE,CE,Combined TRACON& Tower with Radar,41,53,53,30,177,0,2,46,0,48,41,55,99,30,225,22,0,22,247
10/09/2017,ICT,KS,ACE,CE,Combined TRACON& Tower with Radar,52,84,67,0,203,0,3,26,2,31,52,87,93,2,234,0,0,0,234
10/10/2017,ICT,KS,ACE,CE,Combined TRACON& Tower with Radar,48,59,82,23,212,0,0,9,1,10,48,59,91,24,222,10,16,26,248
10/11/2017,ICT,KS,ACE,CE,Combined TRACON& Tower with Radar,50,56,103,95,304,0,5,94,2,101,50,61,197,97,405,138,128,266,671
10/12/2017,ICT,KS,ACE,CE,Combined TRACON& Tower with Radar,49,63,96,94,302,0,12,33,6,51,49,75,129,100,353,8,86,94,447
10/13/2017,ICT,KS,ACE,CE,Combined TRACON& Tower with Radar,51,59,89,57,256,0,2,65,0,67,51,61,154,57,323,35,34,69,392
10/14/2017,ICT,KS,ACE,CE,Combined TRACON& Tower with Radar,31,34,29,2,96,0,6,13,0,19,31,40,42,2,115,0,14,14,129
10/15/2017,ICT,KS,ACE,CE,Combined TRACON& Tower with Radar,42,38,55,20,155,0,0,40,0,40,42,38,95,20,195,22,0,22,217
10/16/2017,ICT,KS,ACE,CE,Combined TRACON& Tower with Radar,48,65,73,86,272,0,6,71,2,79,48,71,144,88,351,62,132,194,545
10/17/2017,ICT,KS,ACE,CE,Combined TRACON& Tower with Radar,48,67,89,49,253,0,2,51,2,55,48,69,140,51,308,30,18,48,356
10/18/2017,ICT,KS,ACE,CE,Combined TRACON& Tower with Radar,48,55,103,80,286,0,3,69,1,73,48,58,172,81,359,52,90,142,501
10/19/2017,ICT,KS,ACE,CE,Combined TRACON& Tower with Radar,48,58,116,50,272,0,13,66,2,81,48,71,182,52,353,8,56,64,417
10/20/2017,ICT,KS,ACE,CE,Combined TRACON& Tower with Radar,53,65,79,67,264,0,7,67,3,77,53,72,146,70,341,0,90,90,431
10/21/2017,ICT,KS,ACE,CE,Combined TRACON& Tower with Radar,32,30,42,1,105,0,2,3,0,5,32,32,45,1,110,0,0,0,110
10/22/2017,ICT,KS,ACE,CE,Combined TRACON& Tower with Radar,40,49,61,1,151,0,3,49,0,52,40,52,110,1,203,0,0,0,203
10/23/2017,ICT,KS,ACE,CE,Combined TRACON& Tower with Radar,48,55,80,91,274,0,4,30,1,35,48,59,110,92,309,0,14,14,323
10/24/2017,ICT,KS,ACE,CE,Combined TRACON& Tower with Radar,47,66,94,37,244,0,15,25,0,40,47,81,119,37,284,24,20,44,328
10/25/2017,ICT,KS,ACE,CE,Combined TRACON& Tower with Radar,46,59,97,130,332,0,9,69,2,80,46,68,166,132,412,24,38,62,474
10/26/2017,ICT,KS,ACE,CE,Combined TRACON& Tower with Radar,50,62,100,49,261,0,8,50,0,58,50,70,150,49,319,38,72,110,429
10/27/2017,ICT,KS,ACE,CE,Combined TRACON& Tower with Radar,51,59,73,101,284,0,5,53,0,58,51,64,126,101,342,6,80,86,428
10/28/2017,ICT,KS,ACE,CE,Combined TRACON& Tower with Radar,29,32,61,2,124,0,7,50,0,57,29,39,111,2,181,0,0,0,181
10/29/2017,ICT,KS,ACE,CE,Combined TRACON& Tower with Radar,39,50,51,8,148,0,7,55,0,62,39,57,106,8,210,10,0,10,220
10/30/2017,ICT,KS,ACE,CE,Combined TRACON& Tower with Radar,47,59,103,81,290,0,6,48,0,54,47,65,151,81,344,46,90,136,480
10/31/2017,ICT,KS,ACE,CE,Combined TRACON& Tower with Radar,45,60,76,67,248,1,2,33,0,36,46,62,109,67,284,12,42,54,338
11/01/2017,ICT,KS,ACE,CE,Combined TRACON& Tower with Radar,46,70,116,39,271,0,0,41,0,41,46,70,157,39,312,8,16,24,336
11/02/2017,ICT,KS,ACE,CE,Combined TRACON& Tower with Radar,53,73,108,39,273,0,0,2,0,2,53,73,110,39,275,0,0,0,275
11/03/2017,ICT,KS,ACE,CE,Combined TRACON& Tower with Radar,47,67,90,42,246,0,0,1,0,1,47,67,91,42,247,0,0,0,247
11/04/2017,ICT,KS,ACE,CE,Combined TRACON& Tower with Radar,32,37,80,0,149,0,0,0,0,0,32,37,80,0,149,0,0,0,149
11/05/2017,ICT,KS,ACE,CE,Combined TRACON& Tower with Radar,41,44,53,42,180,0,0,10,0,10,41,44,63,42,190,18,0,18,208
11/06/2017,ICT,KS,ACE,CE,Combined TRACON& Tower with Radar,44,71,87,79,281,0,7,16,0,23,44,78,103,79,304,40,46,86,390
11/07/2017,ICT,KS,ACE,CE,Combined TRACON& Tower with Radar,46,67,80,113,306,0,6,18,0,24,46,73,98,113,330,50,90,140,470
11/08/2017,ICT,KS,ACE,CE,Combined TRACON& Tower with Radar,50,67,72,103,292,0,8,42,3,53,50,75,114,106,345,8,122,130,475
11/09/2017,ICT,KS,ACE,CE,Combined TRACON& Tower with Radar,44,80,94,29,247,0,9,60,0,69,44,89,154,29,316,12,12,24,340
11/10/2017,ICT,KS,ACE,CE,Combined TRACON& Tower with Radar,47,62,96,0,205,0,4,70,2,76,47,66,166,2,281,6,0,6,287
11/11/2017,ICT,KS,ACE,CE,Combined TRACON& Tower with Radar,31,39,40,0,110,0,0,0,0,0,31,39,40,0,110,0,0,0,110
11/12/2017,ICT,KS,ACE,CE,Combined TRACON& Tower with Radar,41,56,56,3,156,0,0,24,0,24,41,56,80,3,180,36,0,36,216
11/13/2017,ICT,KS,ACE,CE,Combined TRACON& Tower with Radar,44,62,95,30,231,0,0,8,0,8,44,62,103,30,239,0,0,0,239
11/14/2017,ICT,KS,ACE,CE,Combined TRACON& Tower with Radar,47,60,88,6,201,0,0,1,0,1,47,60,89,6,202,0,0,0,202
11/15/2017,ICT,KS,ACE,CE,Combined TRACON& Tower with Radar,46,86,129,74,335,0,8,67,4,79,46,94,196,78,414,76,15,91,505
11/16/2017,ICT,KS,ACE,CE,Combined TRACON& Tower with Radar,46,79,107,43,275,0,9,53,2,64,46,88,160,45,339,64,100,164,503
11/17/2017,ICT,KS,ACE,CE,Combined TRACON& Tower with Radar,47,76,79,61,263,0,1,22,0,23,47,77,101,61,286,2,16,18,304
11/18/2017,ICT,KS,ACE,CE,Combined TRACON& Tower with Radar,33,46,35,6,120,0,1,8,0,9,33,47,43,6,129,6,0,6,135
11/19/2017,ICT,KS,ACE,CE,Combined TRACON& Tower with Radar,40,59,36,4,139,0,3,45,0,48,40,62,81,4,187,10,0,10,197
11/20/2017,ICT,KS,ACE,CE,Combined TRACON& Tower with Radar,43,49,75,49,216,0,3,45,0,48,43,52,120,49,264,4,66,70,334
11/21/2017,ICT,KS,ACE,CE,Combined TRACON& Tower with Radar,48,69,107,41,265,0,3,36,3,42,48,72,143,44,307,28,66,94,401
11/22/2017,ICT,KS,ACE,CE,Combined TRACON& Tower with Radar,48,59,73,4,184,0,4,59,2,65,48,63,132,6,249,16,26,42,291
11/23/2017,ICT,KS,ACE,CE,Combined TRACON& Tower with Radar,27,35,16,0,78,0,6,13,0,19,27,41,29,0,97,24,0,24,121
11/24/2017,ICT,KS,ACE,CE,Combined TRACON& Tower with Radar,36,39,23,0,98,0,10,25,0,35,36,49,48,0,133,14,0,14,147
11/25/2017,ICT,KS,ACE,CE,Combined TRACON& Tower with Radar,42,43,29,0,114,0,6,48,0,54,42,49,77,0,168,8,0,8,176
11/26/2017,ICT,KS,ACE,CE,Combined TRACON& Tower with Radar,47,38,57,0,142,0,4,45,0,49,47,42,102,0,191,0,0,0,191
11/27/2017,ICT,KS,ACE,CE,Combined TRACON& Tower with Radar,44,52,68,40,204,0,9,34,2,45,44,61,102,42,249,12,66,78,327
11/28/2017,ICT,KS,ACE,CE,Combined TRACON& Tower with Radar,48,66,102,37,253,0,3,22,0,25,48,69,124,37,278,18,90,108,386
11/29/2017,ICT,KS,ACE,CE,Combined TRACON& Tower with Radar,51,74,126,51,302,0,8,25,2,35,51,82,151,53,337,58,132,190,527
11/30/2017,ICT,KS,ACE,CE,Combined TRACON& Tower with Radar,50,67,113,40,270,0,12,61,2,75,50,79,174,42,345,46,38,84,429
12/01/2017,ICT,KS,ACE,CE,Combined TRACON& Tower with Radar,51,52,104,26,233,0,14,54,0,68,51,66,158,26,301,22,74,96,397
12/02/2017,ICT,KS,ACE,CE,Combined TRACON& Tower with Radar,35,43,45,4,127,0,0,65,0,65,35,43,110,4,192,22,0,22,214
12/03/2017,ICT,KS,ACE,CE,Combined TRACON& Tower with Radar,41,34,57,4,136,0,2,30,0,32,41,36,87,4,168,8,0,8,176
12/04/2017,ICT,KS,ACE,CE,Combined TRACON& Tower with Radar,43,63,81,24,211,0,7,43,0,50,43,70,124,24,261,40,4,44,305
12/05/2017,ICT,KS,ACE,CE,Combined TRACON& Tower with Radar,56,61,83,74,274,0,3,61,4,68,56,64,144,78,342,36,60,96,438
12/06/2017,ICT,KS,ACE,CE,Combined TRACON& Tower with Radar,50,82,107,44,283,0,6,45,0,51,50,88,152,44,334,34,74,108,442
12/07/2017,ICT,KS,ACE,CE,Combined TRACON& Tower with Radar,50,68,80,49,247,0,5,64,1,70,50,73,144,50,317,8,56,64,381
12/08/2017,ICT,KS,ACE,CE,Combined TRACON& Tower with Radar,43,55,109,22,229,0,11,49,2,62,43,66,158,24,291,32,0,32,323
12/09/2017,ICT,KS,ACE,CE,Combined TRACON& Tower with Radar,31,29,43,16,119,0,6,61,0,67,31,35,104,16,186,26,2,28,214
12/10/2017,ICT,KS,ACE,CE,Combined TRACON& Tower with Radar,41,33,70,11,155,0,2,40,0,42,41,35,110,11,197,10,0,10,207
12/11/2017,ICT,KS,ACE,CE,Combined TRACON& Tower with Radar,43,61,83,62,249,0,21,47,3,71,43,82,130,65,320,16,28,44,364
12/12/2017,ICT,KS,ACE,CE,Combined TRACON& Tower with Radar,50,50,93,39,232,0,4,59,3,66,50,54,152,42,298,50,8,58,356
12/13/2017,ICT,KS,ACE,CE,Combined TRACON& Tower with Radar,50,75,107,80,312,0,9,46,1,56,50,84,153,81,368,16,34,50,418
12/14/2017,ICT,KS,ACE,CE,Combined TRACON& Tower with Radar,53,56,85,31,225,0,4,63,1,68,53,60,148,32,293,46,0,46,339
12/15/2017,ICT,KS,ACE,CE,Combined TRACON& Tower with Radar,50,73,88,60,271,0,13,87,1,101,50,86,175,61,372,36,38,74,446
12/16/2017,ICT,KS,ACE,CE,Combined TRACON& Tower with Radar,36,44,37,7,124,0,5,46,0,51,36,49,83,7,175,6,0,6,181
12/17/2017,ICT,KS,ACE,CE,Combined TRACON& Tower with Radar,46,28,55,12,141,0,0,13,0,13,46,28,68,12,154,8,0,8,162
12/18/2017,ICT,KS,ACE,CE,Combined TRACON& Tower with Radar,47,53,91,106,297,0,4,45,0,49,47,57,136,106,346,41,60,101,447
12/19/2017,ICT,KS,ACE,CE,Combined TRACON& Tower with Radar,51,72,85,39,247,0,3,21,0,24,51,75,106,39,271,20,0,20,291
12/20/2017,ICT,KS,ACE,CE,Combined TRACON& Tower with Radar,53,86,158,20,317,0,0,0,0,0,53,86,158,20,317,0,0,0,317
12/21/2017,ICT,KS,ACE,CE,Combined TRACON& Tower with Radar,54,72,107,41,274,0,3,6,0,9,54,75,113,41,283,0,0,0,283
12/22/2017,ICT,KS,ACE,CE,Combined TRACON& Tower with Radar,48,74,73,36,231,0,3,30,0,33,48,77,103,36,264,26,2,28,292
12/23/2017,ICT,KS,ACE,CE,Combined TRACON& Tower with Radar,38,64,31,0,133,0,4,45,0,49,38,68,76,0,182,16,0,16,198
12/24/2017,ICT,KS,ACE,CE,Combined TRACON& Tower with Radar,31,31,9,0,71,0,3,20,0,23,31,34,29,0,94,0,0,0,94
12/25/2017,ICT,KS,ACE,CE,Combined TRACON& Tower with Radar,35,28,8,0,71,0,2,10,0,12,35,30,18,0,83,0,0,0,83
12/26/2017,ICT,KS,ACE,CE,Combined TRACON& Tower with Radar,39,61,43,0,143,0,2,11,0,13,39,63,54,0,156,0,0,0,156
12/27/2017,ICT,KS,ACE,CE,Combined TRACON& Tower with Radar,41,50,61,0,152,0,5,23,0,28,41,55,84,0,180,30,0,30,210
12/28/2017,ICT,KS,ACE,CE,Combined TRACON& Tower with Radar,43,55,49,0,147,0,3,21,0,24,43,58,70,0,171,14,0,14,185
12/29/2017,ICT,KS,ACE,CE,Combined TRACON& Tower with Radar,44,56,53,0,153,0,0,12,0,12,44,56,65,0,165,6,0,6,171
12/30/2017,ICT,KS,ACE,CE,Combined TRACON& Tower with Radar,39,56,27,0,122,0,2,24,1,27,39,58,51,1,149,0,0,0,149
12/31/2017,ICT,KS,ACE,CE,Combined TRACON& Tower with Radar,24,31,21,0,76,0,5,13,1,19,24,36,34,1,95,0,0,0,95
01/01/2018,ICT,KS,ACE,CE,Combined TRACON& Tower with Radar,34,48,25,0,107,0,3,11,0,14,34,51,36,0,121,0,0,0,121
01/02/2018,ICT,KS,ACE,CE,Combined TRACON& Tower with Radar,38,56,50,28,172,0,7,31,1,39,38,63,81,29,211,38,11,49,260
01/03/2018,ICT,KS,ACE,CE,Combined TRACON& Tower with Radar,44,53,50,49,196,0,4,28,0,32,44,57,78,49,228,12,34,46,274
01/04/2018,ICT,KS,ACE,CE,Combined TRACON& Tower with Radar,49,51,40,50,190,0,3,48,2,53,49,54,88,52,243,26,46,72,315
01/05/2018,ICT,KS,ACE,CE,Combined TRACON& Tower with Radar,43,44,61,30,178,0,1,56,0,57,43,45,117,30,235,32,6,38,273
01/06/2018,ICT,KS,ACE,CE,Combined TRACON& Tower with Radar,33,53,43,6,135,0,8,42,0,50,33,61,85,6,185,4,0,4,189
01/07/2018,ICT,KS,ACE,CE,Combined TRACON& Tower with Radar,39,42,32,2,115,0,2,5,0,7,39,44,37,2,122,6,0,6,128
01/08/2018,ICT,KS,ACE,CE,Combined TRACON& Tower with Radar,46,52,67,67,232,0,2,44,0,46,46,54,111,67,278,8,124,132,410
01/09/2018,ICT,KS,ACE,CE,Combined TRACON& Tower with Radar,50,57,54,61,222,0,6,43,0,49,50,63,97,61,271,20,48,68,339
01/10/2018,ICT,KS,ACE,CE,Combined TRACON& Tower with Radar,48,61,87,86,282,0,4,31,2,37,48,65,118,88,319,0,4,4,323
01/11/2018,ICT,KS,ACE,CE,Combined TRACON& Tower with Radar,48,61,43,8,160,0,3,5,1,9,48,64,48,9,169,0,0,0,169
01/12/2018,ICT,KS,ACE,CE,Combined TRACON& Tower with Radar,48,66,92,37,243,0,1,33,6,40,48,67,125,43,283,32,8,40,323
01/13/2018,ICT,KS,ACE,CE,Combined TRACON& Tower with Radar,36,35,33,0,104,0,5,11,0,16,36,40,44,0,120,0,0,0,120
01/14/2018,ICT,KS,ACE,CE,Combined TRACON& Tower with Radar,40,41,28,4,113,0,2,29,0,31,40,43,57,4,144,12,0,12,156
01/15/2018,ICT,KS,ACE,CE,Combined TRACON& Tower with Radar,43,46,53,1,143,0,2,13,1,16,43,48,66,2,159,0,0,0,159
01/16/2018,ICT,KS,ACE,CE,Combined TRACON& Tower with Radar,42,43,61,32,178,0,7,44,1,52,42,50,105,33,230,56,0,56,286
01/17/2018,ICT,KS,ACE,CE,Combined TRACON& Tower with Radar,49,66,61,52,228,0,6,49,0,55,49,72,110,52,283,8,52,60,343
01/18/2018,ICT,KS,ACE,CE,Combined TRACON& Tower with Radar,51,58,86,26,221,0,4,63,3,70,51,62,149,29,291,26,0,26,317
01/19/2018,ICT,KS,ACE,CE,Combined TRACON& Tower with Radar,51,49,70,48,218,0,3,41,5,49,51,52,111,53,267,38,60,98,365
01/20/2018,ICT,KS,ACE,CE,Combined TRACON& Tower with Radar,34,39,31,24,128,0,2,32,1,35,34,41,63,25,163,18,0,18,181
01/21/2018,ICT,KS,ACE,CE,Combined TRACON& Tower with Radar,45,50,33,13,141,0,5,13,0,18,45,55,46,13,159,0,0,0,159
01/22/2018,ICT,KS,ACE,CE,Combined TRACON& Tower with Radar,44,40,57,2,143,0,0,2,0,2,44,40,59,2,145,0,0,0,145
01/23/2018,ICT,KS,ACE,CE,Combined TRACON& Tower with Radar,48,59,88,51,246,0,5,52,1,58,48,64,140,52,304,34,22,56,360
01/24/2018,ICT,KS,ACE,CE,Combined TRACON& Tower with Radar,48,54,91,51,244,0,5,59,3,67,48,59,150,54,311,30,4,34,345
01/25/2018,ICT,KS,ACE,CE,Combined TRACON& Tower with Radar,50,57,85,45,237,0,8,32,3,43,50,65,117,48,280,14,36,50,330
01/26/2018,ICT,KS,ACE,CE,Combined TRACON& Tower with Radar,47,51,55,92,245,0,3,22,0,25,47,54,77,92,270,2,66,68,338
01/27/2018,ICT,KS,ACE,CE,Combined TRACON& Tower with Radar,32,41,44,23,140,0,4,47,0,51,32,45,91,23,191,24,0,24,215
01/28/2018,ICT,KS,ACE,CE,Combined TRACON& Tower with Radar,44,41,40,42,167,0,5,35,1,41,44,46,75,43,208,8,10,18,226
01/29/2018,ICT,KS,ACE,CE,Combined TRACON& Tower with Radar,43,42,68,53,206,0,3,42,1,46,43,45,110,54,252,44,10,54,306
01/30/2018,ICT,KS,ACE,CE,Combined TRACON& Tower with Radar,44,57,57,84,242,0,4,31,1,36,44,61,88,85,278,0,82,82,360
01/31/2018,ICT,KS,ACE,CE,Combined TRACON& Tower with Radar,45,64,98,103,310,0,6,42,5,53,45,70,140,108,363,50,6,56,419
02/01/2018,ICT,KS,ACE,CE,Combined TRACON& Tower with Radar,44,60,72,43,219,0,6,40,2,48,44,66,112,45,267,16,50,66,333
02/02/2018,ICT,KS,ACE,CE,Combined TRACON& Tower with Radar,45,62,86,70,263,0,9,56,0,65,45,71,142,70,328,48,70,118,446
02/03/2018,ICT,KS,ACE,CE,Combined TRACON& Tower with Radar,32,44,37,4,117,0,4,30,0,34,32,48,67,4,151,40,0,40,191
02/04/2018,ICT,KS,ACE,CE,Combined TRACON& Tower with Radar,37,34,45,2,118,0,0,2,0,2,37,34,47,2,120,0,0,0,120
02/05/2018,ICT,KS,ACE,CE,Combined TRACON& Tower with Radar,39,57,81,32,209,0,11,19,0,30,39,68,100,32,239,16,18,34,273
02/06/2018,ICT,KS,ACE,CE,Combined TRACON& Tower with Radar,43,63,57,41,204,0,4,15,1,20,43,67,72,42,224,54,10,64,288
02/07/2018,ICT,KS,ACE,CE,Combined TRACON& Tower with Radar,49,66,73,93,281,0,6,39,0,45,49,72,112,93,326,28,128,156,482
02/08/2018,ICT,KS,ACE,CE,Combined TRACON& Tower with Radar,46,74,102,21,243,0,8,71,3,82,46,82,173,24,325,24,14,38,363
02/09/2018,ICT,KS,ACE,CE,Combined TRACON& Tower with Radar,46,61,104,7,218,0,2,13,2,17,46,63,117,9,235,16,18,34,269
02/10/2018,ICT,KS,ACE,CE,Combined TRACON& Tower with Radar,31,42,26,0,99,0,0,6,0,6,31,42,32,0,105,0,0,0,105
02/11/2018,ICT,KS,ACE,CE,Combined TRACON& Tower with Radar,39,40,26,4,109,0,6,24,0,30,39,46,50,4,139,0,0,0,139
02/12/2018,ICT,KS,ACE,CE,Combined TRACON& Tower with Radar,42,59,69,64,234,0,10,26,1,37,42,69,95,65,271,28,30,58,329
02/13/2018,ICT,KS,ACE,CE,Combined TRACON& Tower with Radar,42,76,91,74,283,0,2,47,2,51,42,78,138,76,334,62,30,92,426
02/14/2018,ICT,KS,ACE,CE,Combined TRACON& Tower with Radar,38,71,82,64,255,0,9,38,2,49,38,80,120,66,304,48,26,74,378
02/15/2018,ICT,KS,ACE,CE,Combined TRACON& Tower with Radar,47,63,72,51,233,0,3,39,0,42,47,66,111,51,275,10,0,10,285
02/16/2018,ICT,KS,ACE,CE,Combined TRACON& Tower with Radar,40,78,73,34,225,0,8,58,1,67,40,86,131,35,292,16,34,50,342
02/17/2018,ICT,KS,ACE,CE,Combined TRACON& Tower with Radar,35,59,57,0,151,0,4,32,1,37,35,63,89,1,188,4,0,4,192
02/18/2018,ICT,KS,ACE,CE,Combined TRACON& Tower with Radar,38,52,44,0,134,0,1,5,1,7,38,53,49,1,141,0,0,0,141
02/19/2018,ICT,KS,ACE,CE,Combined TRACON& Tower with Radar,36,66,69,0,171,0,1,2,0,3,36,67,71,0,174,0,0,0,174
02/20/2018,ICT,KS,ACE,CE,Combined TRACON& Tower with Radar,35,55,40,5,135,0,2,8,1,11,35,57,48,6,146,0,0,0,146
02/21/2018,ICT,KS,ACE,CE,Combined TRACON& Tower with Radar,37,69,85,4,195,0,1,25,1,27,37,70,110,5,222,4,0,4,226
02/22/2018,ICT,KS,ACE,CE,Combined TRACON& Tower with Radar,38,43,31,0,112,0,0,0,0,0,38,43,31,0,112,0,0,0,112
02/23/2018,ICT,KS,ACE,CE,Combined TRACON& Tower with Radar,47,68,88,4,207,0,0,0,0,0,47,68,88,4,207,0,0,0,207
02/24/2018,ICT,KS,ACE,CE,Combined TRACON& Tower with Radar,39,49,47,4,139,0,1,5,0,6,39,50,52,4,145,0,0,0,145
02/25/2018,ICT,KS,ACE,CE,Combined TRACON& Tower with Radar,41,37,58,2,138,0,4,56,2,62,41,41,114,4,200,60,0,60,260
02/26/2018,ICT,KS,ACE,CE,Combined TRACON& Tower with Radar,39,61,98,32,230,0,8,64,3,75,39,69,162,35,305,28,2,30,335
02/27/2018,ICT,KS,ACE,CE,Combined TRACON& Tower with Radar,41,58,87,59,245,0,1,20,2,23,41,59,107,61,268,8,112,120,388
02/28/2018,ICT,KS,ACE,CE,Combined TRACON& Tower with Radar,41,75,85,41,242,0,1,20,2,23,41,76,105,43,265,30,0,30,295
03/01/2018,ICT,KS,ACE,CE,Combined TRACON& Tower with Radar,46,66,108,78,298,0,5,51,8,64,46,71,159,86,362,60,38,98,460
03/02/2018,ICT,KS,ACE,CE,Combined TRACON& Tower with Radar,44,58,73,72,247,0,0,35,2,37,44,58,108,74,284,6,120,126,410
03/03/2018,ICT,KS,ACE,CE,Combined TRACON& Tower with Radar,32,42,31,0,105,0,7,22,2,31,32,49,53,2,136,0,0,0,136
03/04/2018,ICT,KS,ACE,CE,Combined TRACON& Tower with Radar,42,41,49,4,136,0,3,18,0,21,42,44,67,4,157,22,0,22,179
03/05/2018,ICT,KS,ACE,CE,Combined TRACON& Tower with Radar,39,57,86,18,200,0,2,23,2,27,39,59,109,20,227,0,0,0,227
03/06/2018,ICT,KS,ACE,CE,Combined TRACON& Tower with Radar,41,64,72,0,177,0,3,6,0,9,41,67,78,0,186,0,0,0,186
03/07/2018,ICT,KS,ACE,CE,Combined TRACON& Tower with Radar,46,68,82,62,258,0,8,57,6,71,46,76,139,68,329,46,0,46,375
03/08/2018,ICT,KS,ACE,CE,Combined TRACON& Tower with Radar,43,63,87,58,251,0,4,67,6,77,43,67,154,64,328,112,50,162,490
03/09/2018,ICT,KS,ACE,CE,Combined TRACON& Tower with Radar,41,62,120,18,241,0,2,77,2,81,41,64,197,20,322,40,0,40,362
03/10/2018,ICT,KS,ACE,CE,Combined TRACON& Tower with Radar,29,62,37,0,128,0,0,34,2,36,29,62,71,2,164,20,0,20,184
03/11/2018,ICT,KS,ACE,CE,Combined TRACON& Tower with Radar,35,49,54,10,148,0,0,19,0,19,35,49,73,10,167,38,0,38,205
03/12/2018,ICT,KS,ACE,CE,Combined TRACON& Tower with Radar,36,60,90,66,252,0,18,49,16,83,36,78,139,82,335,74,130,204,539
03/13/2018,ICT,KS,ACE,CE,Combined TRACON& Tower with Radar,52,62,92,64,270,0,3,51,6,60,52,65,143,70,330,92,78,170,500
03/14/2018,ICT,KS,ACE,CE,Combined TRACON& Tower with Radar,43,78,90,112,323,0,6,56,7,69,43,84,146,119,392,54,90,144,536
03/15/2018,ICT,KS,ACE,CE,Combined TRACON& Tower with Radar,45,69,92,85,291,0,1,39,8,48,45,70,131,93,339,26,12,38,377
03/16/2018,ICT,KS,ACE,CE,Combined TRACON& Tower with Radar,51,58,62,17,188,2,2,23,0,27,53,60,85,17,215,6,22,28,243
03/17/2018,ICT,KS,ACE,CE,Combined TRACON& Tower with Radar,28,48,57,2,135,0,3,57,2,62,28,51,114,4,197,34,0,34,231
03/18/2018,ICT,KS,ACE,CE,Combined TRACON& Tower with Radar,41,45,51,0,137,0,1,8,2,11,41,46,59,2,148,0,0,0,148
03/19/2018,ICT,KS,ACE,CE,Combined TRACON& Tower with Radar,36,70,65,4,175,0,0,2,0,2,36,70,67,4,177,0,0,0,177
03/20/2018,ICT,KS,ACE,CE,Combined TRACON& Tower with Radar,37,57,89,49,232,0,2,14,5,21,37,59,103,54,253,40,30,70,323
03/21/2018,ICT,KS,ACE,CE,Combined TRACON& Tower with Radar,38,61,106,62,267,0,0,55,10,65,38,61,161,72,332,62,72,134,466
03/22/2018,ICT,KS,ACE,CE,Combined TRACON& Tower with Radar,45,69,74,71,259,0,5,48,9,62,45,74,122,80,321,40,4,44,365
03/23/2018,ICT,KS,ACE,CE,Combined TRACON& Tower with Radar,38,54,86,70,248,0,3,37,5,45,38,57,123,75,293,32,30,62,355
03/24/2018,ICT,KS,ACE,CE,Combined TRACON& Tower with Radar,29,56,58,0,143,0,5,24,0,29,29,61,82,0,172,34,0,34,206
03/25/2018,ICT,KS,ACE,CE,Combined TRACON& Tower with Radar,32,58,56,12,158,0,0,11,2,13,32,58,67,14,171,2,8,10,181
03/26/2018,ICT,KS,ACE,CE,Combined TRACON& Tower with Radar,39,60,60,8,167,0,0,0,0,0,39,60,60,8,167,0,0,0,167
03/27/2018,ICT,KS,ACE,CE,Combined TRACON& Tower with Radar,33,61,99,155,348,0,3,9,3,15,33,64,108,158,363,12,14,26,389
03/28/2018,ICT,KS,ACE,CE,Combined TRACON& Tower with Radar,40,60,139,109,348,0,4,28,7,39,40,64,167,116,387,48,0,48,435
03/29/2018,ICT,KS,ACE,CE,Combined TRACON& Tower with Radar,40,76,132,92,340,0,0,8,2,10,40,76,140,94,350,10,34,44,394
03/30/2018,ICT,KS,ACE,CE,Combined TRACON& Tower with Radar,38,72,86,48,244,0,9,81,8,98,38,81,167,56,342,64,44,108,450
03/31/2018,ICT,KS,ACE,CE,Combined TRACON& Tower with Radar,25,44,37,0,106,0,6,25,6,37,25,50,62,6,143,17,0,17,160
04/01/2018,ICT,KS,ACE,CE,Combined TRACON& Tower with Radar,37,47,13,7,104,0,3,2,0,5,37,50,15,7,109,0,0,0,109
04/02/2018,ICT,KS,ACE,CE,Combined TRACON& Tower with Radar,41,55,99,66,261,0,0,7,2,9,41,55,106,68,270,22,0,22,292
04/03/2018,ICT,KS,ACE,CE,Combined TRACON& Tower with Radar,46,64,70,36,216,0,4,11,2,17,46,68,81,38,233,6,0,6,239
04/04/2018,ICT,KS,ACE,CE,Combined TRACON& Tower with Radar,48,63,93,101,305,0,35,65,9,109,48,98,158,110,414,126,0,126,540
04/05/2018,ICT,KS,ACE,CE,Combined TRACON& Tower with Radar,45,73,72,79,269,0,10,72,12,94,45,83,144,91,363,48,66,114,477
04/06/2018,ICT,KS,ACE,CE,Combined TRACON& Tower with Radar,45,71,61,55,232,0,0,7,1,8,45,71,68,56,240,14,42,56,296
04/07/2018,ICT,KS,ACE,CE,Combined TRACON& Tower with Radar,31,43,50,24,148,0,5,36,1,42,31,48,86,25,190,11,2,13,203
04/08/2018,ICT,KS,ACE,CE,Combined TRACON& Tower with Radar,38,50,50,0,138,0,0,21,2,23,38,50,71,2,161,28,0,28,189
04/09/2018,ICT,KS,ACE,CE,Combined TRACON& Tower with Radar,45,52,74,31,202,0,31,34,1,66,45,83,108,32,268,45,0,45,313
04/10/2018,ICT,KS,ACE,CE,Combined TRACON& Tower with Radar,48,55,81,52,236,0,5,56,6,67,48,60,137,58,303,32,90,122,425
04/11/2018,ICT,KS,ACE,CE,Combined TRACON& Tower with Radar,49,50,93,109,301,0,7,37,7,51,49,57,130,116,352,16,50,66,418
04/12/2018,ICT,KS,ACE,CE,Combined TRACON& Tower with Radar,53,57,87,74,271,0,4,42,10,56,53,61,129,84,327,12,22,34,361
04/13/2018,ICT,KS,ACE,CE,Combined TRACON& Tower with Radar,54,58,69,37,218,0,4,11,0,15,54,62,80,37,233,6,60,66,299
04/14/2018,ICT,KS,ACE,CE,Combined TRACON& Tower with Radar,33,35,24,1,93,0,0,3,3,6,33,35,27,4,99,0,0,0,99
04/15/2018,ICT,KS,ACE,CE,Combined TRACON& Tower with Radar,37,44,40,6,127,0,0,7,2,9,37,44,47,8,136,0,0,0,136
04/16/2018,ICT,KS,ACE,CE,Combined TRACON& Tower with Radar,47,54,85,28,214,0,0,45,5,50,47,54,130,33,264,68,0,68,332
04/17/2018,ICT,KS,ACE,CE,Combined TRACON& Tower with Radar,61,65,88,51,265,0,0,28,5,33,61,65,116,56,298,20,12,32,330
04/18/2018,ICT,KS,ACE,CE,Combined TRACON& Tower with Radar,48,67,76,44,235,0,2,15,1,18,48,69,91,45,253,0,0,0,253
04/19/2018,ICT,KS,ACE,CE,Combined TRACON& Tower with Radar,50,56,96,63,265,0,4,44,7,55,50,60,140,70,320,0,0,0,320
04/20/2018,ICT,KS,ACE,CE,Combined TRACON& Tower with Radar,49,64,61,51,225,0,3,30,2,35,49,67,91,53,260,0,0,0,260
04/21/2018,ICT,KS,ACE,CE,Combined TRACON& Tower with Radar,35,48,41,0,124,0,0,0,0,0,35,48,41,0,124,0,0,0,124
04/22/2018,ICT,KS,ACE,CE,Combined TRACON& Tower with Radar,37,53,59,60,209,0,0,6,4,10,37,53,65,64,219,18,14,32,251
04/23/2018,ICT,KS,ACE,CE,Combined TRACON& Tower with Radar,47,52,74,79,252,0,5,58,3,66,47,57,132,82,318,2,22,24,342
04/24/2018,ICT,KS,ACE,CE,Combined TRACON& Tower with Radar,46,59,87,73,265,0,6,60,8,74,46,65,147,81,339,10,58,68,407
04/25/2018,ICT,KS,ACE,CE,Combined TRACON& Tower with Radar,47,63,116,94,320,0,0,4,0,4,47,63,120,94,324,0,0,0,324
04/26/2018,ICT,KS,ACE,CE,Combined TRACON& Tower with Radar,51,57,116,54,278,0,5,69,10,84,51,62,185,64,362,24,8,32,394
04/27/2018,ICT,KS,ACE,CE,Combined TRACON& Tower with Radar,53,52,84,57,246,0,1,82,11,94,53,53,166,68,340,22,18,40,380
04/28/2018,ICT,KS,ACE,CE,Combined TRACON& Tower with Radar,34,50,43,0,127,0,5,37,5,47,34,55,80,5,174,50,0,50,224
04/29/2018,ICT,KS,ACE,CE,Combined TRACON& Tower with Radar,38,48,51,7,144,0,2,25,2,29,38,50,76,9,173,28,0,28,201
04/30/2018,ICT,KS,ACE,CE,Combined TRACON& Tower with Radar,45,64,82,31,222,0,2,36,2,40,45,66,118,33,262,0,0,0,262
05/01/2018,ICT,KS,ACE,CE,Combined TRACON& Tower with Radar,48,54,87,41,230,0,3,16,7,26,48,57,103,48,256,10,14,24,280
05/02/2018,ICT,KS,ACE,CE,Combined TRACON& Tower with Radar,51,56,76,28,211,0,2,5,0,7,51,58,81,28,218,4,10,14,232
05/03/2018,ICT,KS,ACE,CE,Combined TRACON& Tower with Radar,56,67,100,25,248,0,1,52,8,61,56,68,152,33,309,24,22,46,355
05/04/2018,ICT,KS,ACE,CE,Combined TRACON& Tower with Radar,50,59,115,42,266,0,2,95,14,111,50,61,210,56,377,60,22,82,459
05/05/2018,ICT,KS,ACE,CE,Combined TRACON& Tower with Radar,35,46,29,36,146,0,5,39,10,54,35,51,68,46,200,10,0,10,210
05/06/2018,ICT,KS,ACE,CE,Combined TRACON& Tower with Radar,38,43,65,6,152,0,0,53,4,57,38,43,118,10,209,30,0,30,239
05/07/2018,ICT,KS,ACE,CE,Combined TRACON& Tower with Radar,50,57,75,79,261,0,4,61,10,75,50,61,136,89,336,48,62,110,446
05/08/2018,ICT,KS,ACE,CE,Combined TRACON& Tower with Radar,46,56,90,104,296,0,3,42,19,64,46,59,132,123,360,42,20,62,422
05/09/2018,ICT,KS,ACE,CE,Combined TRACON& Tower with Radar,52,63,75,72,262,0,0,48,8,56,52,63,123,80,318,2,64,66,384
05/10/2018,ICT,KS,ACE,CE,Combined TRACON& Tower with Radar,52,64,79,60,255,0,4,43,16,63,52,68,122,76,318,2,12,14,332
05/11/2018,ICT,KS,ACE,CE,Combined TRACON& Tower with Radar,52,77,53,68,250,0,11,32,3,46,52,88,85,71,296,6,0,6,302
05/12/2018,ICT,KS,ACE,CE,Combined TRACON& Tower with Radar,32,43,47,2,124,0,9,40,1,50,32,52,87,3,174,0,0,0,174
05/13/2018,ICT,KS,ACE,CE,Combined TRACON& Tower with Radar,39,49,57,10,155,0,7,16,2,25,39,56,73,12,180,0,0,0,180
05/14/2018,ICT,KS,ACE,CE,Combined TRACON& Tower with Radar,43,42,106,1,192,0,30,32,4,66,43,72,138,5,258,12,40,52,310
05/15/2018,ICT,KS,ACE,CE,Combined TRACON& Tower with Radar,45,55,88,112,300,0,13,21,1,35,45,68,109,113,335,62,0,62,397
05/16/2018,ICT,KS,ACE,CE,Combined TRACON& Tower with Radar,52,61,131,141,385,0,2,55,20,77,52,63,186,161,462,68,64,132,594
05/17/2018,ICT,KS,ACE,CE,Combined TRACON& Tower with Radar,53,66,106,100,325,0,16,72,11,99,53,82,178,111,424,110,14,124,548
05/18/2018,ICT,KS,ACE,CE,Combined TRACON& Tower with Radar,50,60,73,55,238,0,8,55,4,67,50,68,128,59,305,18,0,18,323
05/19/2018,ICT,KS,ACE,CE,Combined TRACON& Tower with Radar,37,35,30,0,102,0,2,15,0,17,37,37,45,0,119,0,0,0,119
05/20/2018,ICT,KS,ACE,CE,Combined TRACON& Tower with Radar,36,47,53,7,143,0,4,9,2,15,36,51,62,9,158,20,0,20,178
05/21/2018,ICT,KS,ACE,CE,Combined TRACON& Tower with Radar,41,64,132,78,315,0,6,45,7,58,41,70,177,85,373,24,24,48,421
05/22/2018,ICT,KS,ACE,CE,Combined TRACON& Tower with Radar,50,58,110,98,316,0,4,67,19,90,50,62,177,117,406,0,10,10,416
05/23/2018,ICT,KS,ACE,CE,Combined TRACON& Tower with Radar,50,56,90,102,298,0,3,47,6,56,50,59,137,108,354,4,0,4,358
05/24/2018,ICT,KS,ACE,CE,Combined TRACON& Tower with Radar,50,59,98,57,264,0,6,42,5,53,50,65,140,62,317,6,0,6,323
05/25/2018,ICT,KS,ACE,CE,Combined TRACON& Tower with Radar,52,50,78,2,182,0,3,45,3,51,52,53,123,5,233,24,0,24,257
05/26/2018,ICT,KS,ACE,CE,Combined TRACON& Tower with Radar,39,35,40,1,115,0,4,36,1,41,39,39,76,2,156,24,0,24,180
05/27/2018,ICT,KS,ACE,CE,Combined TRACON& Tower with Radar,34,37,25,0,96,0,6,17,4,27,34,43,42,4,123,14,0,14,137
05/28/2018,ICT,KS,ACE,CE,Combined TRACON& Tower with Radar,36,43,38,0,117,0,0,34,2,36,36,43,72,2,153,14,0,14,167
05/29/2018,ICT,KS,ACE,CE,Combined TRACON& Tower with Radar,40,42,59,36,177,0,2,11,0,13,40,44,70,36,190,0,30,30,220
05/30/2018,ICT,KS,ACE,CE,Combined TRACON& Tower with Radar,49,45,80,85,259,0,14,58,21,93,49,59,138,106,352,64,0,64,416
05/31/2018,ICT,KS,ACE,CE,Combined TRACON& Tower with Radar,51,62,77,61,251,0,5,42,5,52,51,67,119,66,303,28,0,28,331
06/01/2018,ICT,KS,ACE,CE,Combined TRACON& Tower with Radar,48,57,70,60,235,0,20,40,19,79,48,77,110,79,314,64,8,72,386
06/02/2018,ICT,KS,ACE,CE,Combined TRACON& Tower with Radar,35,48,49,0,132,0,6,18,7,31,35,54,67,7,163,6,0,6,169
06/03/2018,ICT,KS,ACE,CE,Combined TRACON& Tower with Radar,38,36,43,16,133,0,3,53,16,72,38,39,96,32,205,36,6,42,247
06/04/2018,ICT,KS,ACE,CE,Combined TRACON& Tower with Radar,44,52,67,69,232,0,2,49,3,54,44,54,116,72,286,0,0,0,286
06/05/2018,ICT,KS,ACE,CE,Combined TRACON& Tower with Radar,46,56,78,104,284,0,3,42,9,54,46,59,120,113,338,10,0,10,348
06/06/2018,ICT,KS,ACE,CE,Combined TRACON& Tower with Radar,52,63,86,74,275,0,19,46,5,70,52,82,132,79,345,54,66,120,465
06/07/2018,ICT,KS,ACE,CE,Combined TRACON& Tower with Radar,47,62,76,57,242,0,7,29,5,41,47,69,105,62,283,0,0,0,283
06/08/2018,ICT,KS,ACE,CE,Combined TRACON& Tower with Radar,46,73,82,83,284,0,15,64,7,86,46,88,146,90,370,38,6,44,414
06/09/2018,ICT,KS,ACE,CE,Combined TRACON& Tower with Radar,38,43,35,0,116,0,4,42,2,48,38,47,77,2,164,0,0,0,164
06/10/2018,ICT,KS,ACE,CE,Combined TRACON& Tower with Radar,42,45,49,29,165,0,1,19,0,20,42,46,68,29,185,4,0,4,189
06/11/2018,ICT,KS,ACE,CE,Combined TRACON& Tower with Radar,39,61,77,43,220,0,7,40,12,59,39,68,117,55,279,24,6,30,309
06/12/2018,ICT,KS,ACE,CE,Combined TRACON& Tower with Radar,47,57,72,95,271,0,4,42,13,59,47,61,114,108,330,30,6,36,366
06/13/2018,ICT,KS,ACE,CE,Combined TRACON& Tower with Radar,49,50,82,67,248,0,15,33,2,50,49,65,115,69,298,10,102,112,410
06/14/2018,ICT,KS,ACE,CE,Combined TRACON& Tower with Radar,48,53,97,36,234,0,8,41,10,59,48,61,138,46,293,48,0,48,341
06/15/2018,ICT,KS,ACE,CE,Combined TRACON& Tower with Radar,46,77,84,65,272,0,2,53,34,89,46,79,137,99,361,18,18,36,397
06/16/2018,ICT,KS,ACE,CE,Combined TRACON& Tower with Radar,41,49,33,29,152,0,4,49,15,68,41,53,82,44,220,0,0,0,220
06/17/2018,ICT,KS,ACE,CE,Combined TRACON& Tower with Radar,40,49,41,9,139,0,5,20,3,28,40,54,61,12,167,0,0,0,167
06/18/2018,ICT,KS,ACE,CE,Combined TRACON& Tower with Radar,38,46,110,77,271,0,0,67,14,81,38,46,177,91,352,18,8,26,378
06/19/2018,ICT,KS,ACE,CE,Combined TRACON& Tower with Radar,49,68,104,48,269,0,1,46,18,65,49,69,150,66,334,34,48,82,416
06/20/2018,ICT,KS,ACE,CE,Combined TRACON& Tower with Radar,50,61,97,78,286,0,4,23,4,31,50,65,120,82,317,0,8,8,325
06/21/2018,ICT,KS,ACE,CE,Combined TRACON& Tower with Radar,49,51,90,58,248,0,7,38,8,53,49,58,128,66,301,22,4,26,327
06/22/2018,ICT,KS,ACE,CE,Combined TRACON& Tower with Radar,48,68,106,34,256,0,0,32,8,40,48,68,138,42,296,0,0,0,296
06/23/2018,ICT,KS,ACE,CE,Combined TRACON& Tower with Radar,44,46,51,21,162,0,12,31,4,47,44,58,82,25,209,0,0,0,209
06/24/2018,ICT,KS,ACE,CE,Combined TRACON& Tower with Radar,41,41,47,2,131,0,0,14,4,18,41,41,61,6,149,12,0,12,161
06/25/2018,ICT,KS,ACE,CE,Combined TRACON& Tower with Radar,43,51,113,109,316,0,0,34,2,36,43,51,147,111,352,11,36,47,399
06/26/2018,ICT,KS,ACE,CE,Combined TRACON& Tower with Radar,42,56,80,10,188,0,3,41,3,47,42,59,121,13,235,0,0,0,235
06/27/2018,ICT,KS,ACE,CE,Combined TRACON& Tower with Radar,54,61,94,120,329,0,5,81,5,91,54,66,175,125,420,64,36,100,520
06/28/2018,ICT,KS,ACE,CE,Combined TRACON& Tower with Radar,50,58,91,77,276,0,3,61,7,71,50,61,152,84,347,20,110,130,477
06/29/2018,ICT,KS,ACE,CE,Combined TRACON& Tower with Radar,53,69,89,67,278,0,6,57,9,72,53,75,146,76,350,18,88,106,456
06/30/2018,ICT,KS,ACE,CE,Combined TRACON& Tower with Radar,45,64,45,1,155,0,8,56,5,69,45,72,101,6,224,34,0,34,258
07/01/2018,ICT,KS,ACE,CE,Combined TRACON& Tower with Radar,46,42,34,11,133,0,2,21,1,24,46,44,55,12,157,4,0,4,161
07/02/2018,ICT,KS,ACE,CE,Combined TRACON& Tower with Radar,39,59,59,36,193,0,10,43,2,55,39,69,102,38,248,40,4,44,292
07/03/2018,ICT,KS,ACE,CE,Combined TRACON& Tower with Radar,44,51,70,78,243,0,4,54,3,61,44,55,124,81,304,54,56,110,414
07/04/2018,ICT,KS,ACE,CE,Combined TRACON& Tower with Radar,31,35,15,0,81,0,7,24,3,34,31,42,39,3,115,10,0,10,125
07/05/2018,ICT,KS,ACE,CE,Combined TRACON& Tower with Radar,49,44,64,16,173,0,4,34,4,42,49,48,98,20,215,16,0,16,231
07/06/2018,ICT,KS,ACE,CE,Combined TRACON& Tower with Radar,45,56,60,39,200,0,7,48,3,58,45,63,108,42,258,10,0,10,268
07/07/2018,ICT,KS,ACE,CE,Combined TRACON& Tower with Radar,38,37,33,3,111,0,0,34,0,34,38,37,67,3,145,12,0,12,157
07/08/2018,ICT,KS,ACE,CE,Combined TRACON& Tower with Radar,46,49,51,21,167,0,6,23,3,32,46,55,74,24,199,22,0,22,221
07/09/2018,ICT,KS,ACE,CE,Combined TRACON& Tower with Radar,37,72,66,62,237,0,4,54,9,67,37,76,120,71,304,10,4,14,318
07/10/2018,ICT,KS,ACE,CE,Combined TRACON& Tower with Radar,50,65,92,57,264,0,20,41,4,65,50,85,133,61,329,48,0,48,377
07/11/2018,ICT,KS,ACE,CE,Combined TRACON& Tower with Radar,51,53,97,98,299,0,2,28,5,35,51,55,125,103,334,0,0,0,334
07/12/2018,ICT,KS,ACE,CE,Combined TRACON& Tower with Radar,51,58,82,19,210,0,12,25,3,40,51,70,107,22,250,46,8,54,304
07/13/2018,ICT,KS,ACE,CE,Combined TRACON& Tower with Radar,49,55,90,47,241,0,10,47,5,62,49,65,137,52,303,10,12,22,325
07/14/2018,ICT,KS,ACE,CE,Combined TRACON& Tower with Radar,37,46,37,6,126,0,2,19,1,22,37,48,56,7,148,10,12,22,170
07/15/2018,ICT,KS,ACE,CE,Combined TRACON& Tower with Radar,47,48,43,19,157,0,8,35,4,47,47,56,78,23,204,52,6,58,262
07/16/2018,ICT,KS,ACE,CE,Combined TRACON& Tower with Radar,43,61,86,54,244,0,6,34,3,43,43,67,120,57,287,16,94,110,397
07/17/2018,ICT,KS,ACE,CE,Combined TRACON& Tower with Radar,48,67,77,85,277,0,6,24,4,34,48,73,101,89,311,0,0,0,311
07/18/2018,ICT,KS,ACE,CE,Combined TRACON& Tower with Radar,50,58,86,58,252,0,4,67,3,74,50,62,153,61,326,58,0,58,384
07/19/2018,ICT,KS,ACE,CE,Combined TRACON& Tower with Radar,52,60,93,91,296,0,1,55,6,62,52,61,148,97,358,14,34,48,406
07/20/2018,ICT,KS,ACE,CE,Combined TRACON& Tower with Radar,51,53,66,29,199,0,4,45,7,56,51,57,111,36,255,14,26,40,295
07/21/2018,ICT,KS,ACE,CE,Combined TRACON& Tower with Radar,38,41,37,2,118,0,4,33,0,37,38,45,70,2,155,12,0,12,167
07/22/2018,ICT,KS,ACE,CE,Combined TRACON& Tower with Radar,43,46,38,24,151,0,5,19,0,24,43,51,57,24,175,6,0,6,181
07/23/2018,ICT,KS,ACE,CE,Combined TRACON& Tower with Radar,47,54,84,109,294,0,8,45,10,63,47,62,129,119,357,26,42,68,425
07/24/2018,ICT,KS,ACE,CE,Combined TRACON& Tower with Radar,48,61,90,93,292,0,6,33,9,48,48,67,123,102,340,24,90,114,454
07/25/2018,ICT,KS,ACE,CE,Combined TRACON& Tower with Radar,52,62,86,46,246,0,5,53,14,72,52,67,139,60,318,42,32,74,392
07/26/2018,ICT,KS,ACE,CE,Combined TRACON& Tower with Radar,50,62,82,52,246,0,1,31,9,41,50,63,113,61,287,0,0,0,287
07/27/2018,ICT,KS,ACE,CE,Combined TRACON& Tower with Radar,48,63,64,95,270,0,0,54,7,61,48,63,118,102,331,10,62,72,403
07/28/2018,ICT,KS,ACE,CE,Combined TRACON& Tower with Radar,38,45,48,7,138,0,3,17,1,21,38,48,65,8,159,14,0,14,173
07/29/2018,ICT,KS,ACE,CE,Combined TRACON& Tower with Radar,44,46,46,27,163,0,0,13,2,15,44,46,59,29,178,42,8,50,228
07/30/2018,ICT,KS,ACE,CE,Combined TRACON& Tower with Radar,40,56,92,16,204,0,0,13,3,16,40,56,105,19,220,0,0,0,220
07/31/2018,ICT,KS,ACE,CE,Combined TRACON& Tower with Radar,49,56,112,140,357,0,8,47,13,68,49,64,159,153,425,24,0,24,449
08/01/2018,ICT,KS,ACE,CE,Combined TRACON& Tower with Radar,50,63,94,68,275,0,12,44,14,70,50,75,138,82,345,42,24,66,411
08/02/2018,ICT,KS,ACE,CE,Combined TRACON& Tower with Radar,46,62,95,99,302,0,5,57,6,68,46,67,152,105,370,28,34,62,432
08/03/2018,ICT,KS,ACE,CE,Combined TRACON& Tower with Radar,48,62,79,102,291,0,2,68,8,78,48,64,147,110,369,44,86,130,499
08/04/2018,ICT,KS,ACE,CE,Combined TRACON& Tower with Radar,39,48,41,0,128,0,1,27,1,29,39,49,68,1,157,16,0,16,173
08/05/2018,ICT,KS,ACE,CE,Combined TRACON& Tower with Radar,45,39,56,6,146,1,0,34,2,37,46,39,90,8,183,0,0,0,183
08/06/2018,ICT,KS,ACE,CE,Combined TRACON& Tower with Radar,40,51,109,77,277,0,6,22,7,35,40,57,131,84,312,14,0,14,326
08/07/2018,ICT,KS,ACE,CE,Combined TRACON& Tower with Radar,49,59,80,85,273,0,2,29,3,34,49,61,109,88,307,20,6,26,333
08/08/2018,ICT,KS,ACE,CE,Combined TRACON& Tower with Radar,51,66,69,30,216,0,4,36,13,53,51,70,105,43,269,0,16,16,285
08/09/2018,ICT,KS,ACE,CE,Combined TRACON& Tower with Radar,48,63,78,68,257,0,9,40,6,55,48,72,118,74,312,0,14,14,326
08/10/2018,ICT,KS,ACE,CE,Combined TRACON& Tower with Radar,52,51,74,43,220,0,6,51,4,61,52,57,125,47,281,35,79,114,395
08/11/2018,ICT,KS,ACE,CE,Combined TRACON& Tower with Radar,43,42,50,8,143,0,8,31,1,40,43,50,81,9,183,0,0,0,183
08/12/2018,ICT,KS,ACE,CE,Combined TRACON& Tower with Radar,43,56,38,6,143,0,5,25,4,34,43,61,63,10,177,4,20,24,201
08/13/2018,ICT,KS,ACE,CE,Combined TRACON& Tower with Radar,37,53,75,17,182,0,1,2,2,5,37,54,77,19,187,0,0,0,187
08/14/2018,ICT,KS,ACE,CE,Combined TRACON& Tower with Radar,47,70,64,16,197,0,1,16,3,20,47,71,80,19,217,24,0,24,241
08/15/2018,ICT,KS,ACE,CE,Combined TRACON& Tower with Radar,49,73,103,20,245,0,3,28,5,36,49,76,131,25,281,50,0,50,331
08/16/2018,ICT,KS,ACE,CE,Combined TRACON& Tower with Radar,49,69,86,75,279,0,0,45,10,55,49,69,131,85,334,24,32,56,390
08/17/2018,ICT,KS,ACE,CE,Combined TRACON& Tower with Radar,49,59,79,36,223,0,3,46,8,57,49,62,125,44,280,32,42,74,354
08/18/2018,ICT,KS,ACE,CE,Combined TRACON& Tower with Radar,34,43,45,6,128,0,2,36,3,41,34,45,81,9,169,0,2,2,171
08/19/2018,ICT,KS,ACE,CE,Combined TRACON& Tower with Radar,45,37,39,1,122,0,4,4,0,8,45,41,43,1,130,0,0,0,130
08/20/2018,ICT,KS,ACE,CE,Combined TRACON& Tower with Radar,39,52,83,52,226,0,7,15,1,23,39,59,98,53,249,4,0,4,253
08/21/2018,ICT,KS,ACE,CE,Combined TRACON& Tower with Radar,44,60,81,47,232,0,8,43,6,57,44,68,124,53,289,42,74,116,405
08/22/2018,ICT,KS,ACE,CE,Combined TRACON& Tower with Radar,51,58,90,3,202,0,2,12,0,14,51,60,102,3,216,6,0,6,222
08/23/2018,ICT,KS,ACE,CE,Combined TRACON& Tower with Radar,49,69,101,34,253,0,4,20,2,26,49,73,121,36,279,14,14,28,307
08/24/2018,ICT,KS,ACE,CE,Combined TRACON& Tower with Radar,49,55,73,22,199,0,4,53,2,59,49,59,126,24,258,14,0,14,272
08/25/2018,ICT,KS,ACE,CE,Combined TRACON& Tower with Radar,36,39,30,1,106,0,0,22,3,25,36,39,52,4,131,4,0,4,135
08/26/2018,ICT,KS,ACE,CE,Combined TRACON& Tower with Radar,38,40,36,22,136,0,6,18,1,25,38,46,54,23,161,4,2,6,167
08/27/2018,ICT,KS,ACE,CE,Combined TRACON& Tower with Radar,41,63,80,41,225,0,1,21,3,25,41,64,101,44,250,0,16,16,266
08/28/2018,ICT,KS,ACE,CE,Combined TRACON& Tower with Radar,50,66,66,25,207,0,1,40,13,54,50,67,106,38,261,28,0,28,289
08/29/2018,ICT,KS,ACE,CE,Combined TRACON& Tower with Radar,48,68,75,29,220,0,5,37,6,48,48,73,112,35,268,44,0,44,312
08/30/2018,ICT,KS,ACE,CE,Combined TRACON& Tower with Radar,52,68,90,1,211,0,4,24,6,34,52,72,114,7,245,18,10,28,273
08/31/2018,ICT,KS,ACE,CE,Combined TRACON& Tower with Radar,50,61,86,1,198,0,1,46,3,50,50,62,132,4,248,4,0,4,252
09/01/2018,ICT,KS,ACE,CE,Combined TRACON& Tower with Radar,33,30,45,2,110,0,0,42,3,45,33,30,87,5,155,2,0,2,157
09/02/2018,ICT,KS,ACE,CE,Combined TRACON& Tower with Radar,35,25,33,0,93,0,2,18,0,20,35,27,51,0,113,0,0,0,113
09/03/2018,ICT,KS,ACE,CE,Combined TRACON& Tower with Radar,39,43,37,1,120,0,1,8,0,9,39,44,45,1,129,0,0,0,129
09/04/2018,ICT,KS,ACE,CE,Combined TRACON& Tower with Radar,47,48,86,1,182,0,0,4,0,4,47,48,90,1,186,2,0,2,188
09/05/2018,ICT,KS,ACE,CE,Combined TRACON& Tower with Radar,48,56,90,7,201,0,0,15,1,16,48,56,105,8,217,28,30,58,275
09/06/2018,ICT,KS,ACE,CE,Combined TRACON& Tower with Radar,50,65,101,60,276,0,0,2,0,2,50,65,103,60,278,8,0,8,286
09/07/2018,ICT,KS,ACE,CE,Combined TRACON& Tower with Radar,48,70,82,8,208,0,0,2,1,3,48,70,84,9,211,0,2,2,213
09/08/2018,ICT,KS,ACE,CE,Combined TRACON& Tower with Radar,38,36,41,0,115,0,0,3,0,3,38,36,44,0,118,0,0,0,118
09/09/2018,ICT,KS,ACE,CE,Combined TRACON& Tower with Radar,46,45,51,13,155,0,4,23,3,30,46,49,74,16,185,4,0,4,189
09/10/2018,ICT,KS,ACE,CE,Combined TRACON& Tower with Radar,41,44,100,58,243,0,2,20,0,22,41,46,120,58,265,20,48,68,333
09/11/2018,ICT,KS,ACE,CE,Combined TRACON& Tower with Radar,50,54,110,32,246,0,5,44,6,55,50,59,154,38,301,28,112,140,441
09/12/2018,ICT,KS,ACE,CE,Combined TRACON& Tower with Radar,50,62,112,48,272,0,4,7,2,13,50,66,119,50,285,18,10,28,313
09/13/2018,ICT,KS,ACE,CE,Combined TRACON& Tower with Radar,53,68,121,36,278,0,3,15,2,20,53,71,136,38,298,24,0,24,322
09/14/2018,ICT,KS,ACE,CE,Combined TRACON& Tower with Radar,48,55,84,27,214,0,4,61,12,77,48,59,145,39,291,36,0,36,327
09/15/2018,ICT,KS,ACE,CE,Combined TRACON& Tower with Radar,36,46,30,17,129,0,3,30,7,40,36,49,60,24,169,16,4,20,189
09/16/2018,ICT,KS,ACE,CE,Combined TRACON& Tower with Radar,40,45,48,12,145,0,3,25,0,28,40,48,73,12,173,10,6,16,189
09/17/2018,ICT,KS,ACE,CE,Combined TRACON& Tower with Radar,41,46,73,36,196,0,3,53,4,60,41,49,126,40,256,46,60,106,362
09/18/2018,ICT,KS,ACE,CE,Combined TRACON& Tower with Radar,51,58,88,53,250,0,10,40,9,59,51,68,128,62,309,38,114,152,461
09/19/2018,ICT,KS,ACE,CE,Combined TRACON& Tower with Radar,47,51,66,60,224,0,1,46,8,55,47,52,112,68,279,44,86,130,409
09/20/2018,ICT,KS,ACE,CE,Combined TRACON& Tower with Radar,52,58,113,37,260,0,1,46,7,54,52,59,159,44,314,22,0,22,336
09/21/2018,ICT,KS,ACE,CE,Combined TRACON& Tower with Radar,53,53,78,46,230,0,1,22,4,27,53,54,100,50,257,14,0,14,271
09/22/2018,ICT,KS,ACE,CE,Combined TRACON& Tower with Radar,37,45,41,29,152,0,0,32,9,41,37,45,73,38,193,24,0,24,217
09/23/2018,ICT,KS,ACE,CE,Combined TRACON& Tower with Radar,41,54,58,18,171,0,5,21,0,26,41,59,79,18,197,4,50,54,251
09/24/2018,ICT,KS,ACE,CE,Combined TRACON& Tower with Radar,42,55,74,73,244,0,7,23,3,33,42,62,97,76,277,0,66,66,343
09/25/2018,ICT,KS,ACE,CE,Combined TRACON& Tower with Radar,50,56,91,53,250,0,3,19,2,24,50,59,110,55,274,20,38,58,332
09/26/2018,ICT,KS,ACE,CE,Combined TRACON& Tower with Radar,46,60,97,59,262,0,4,55,2,61,46,64,152,61,323,2,22,24,347
09/27/2018,ICT,KS,ACE,CE,Combined TRACON& Tower with Radar,54,75,122,44,295,0,6,63,8,77,54,81,185,52,372,34,24,58,430
09/28/2018,ICT,KS,ACE,CE,Combined TRACON& Tower with Radar,52,53,93,38,236,0,1,24,2,27,52,54,117,40,263,24,18,42,305
09/29/2018,ICT,KS,ACE,CE,Combined TRACON& Tower with Radar,37,37,51,8,133,0,1,1,1,3,37,38,52,9,136,36,0,36,172
09/30/2018,ICT,KS,ACE,CE,Combined TRACON& Tower with Radar,41,52,67,10,170,0,1,12,0,13,41,53,79,10,183,12,10,22,205
10/01/2018,ICT,KS,ACE,CE,Combined TRACON& Tower with Radar,41,49,79,14,183,0,1,24,1,26,41,50,103,15,209,28,42,70,279
10/02/2018,ICT,KS,ACE,CE,Combined TRACON& Tower with Radar,50,74,90,32,246,0,4,42,3,49,50,78,132,35,295,0,0,0,295
10/03/2018,ICT,KS,ACE,CE,Combined TRACON& Tower with Radar,50,78,90,75,293,0,2,26,6,34,50,80,116,81,327,0,28,28,355
10/04/2018,ICT,KS,ACE,CE,Combined TRACON& Tower with Radar,52,63,73,2,190,0,0,1,0,1,52,63,74,2,191,4,0,4,195
10/05/2018,ICT,KS,ACE,CE,Combined TRACON& Tower with Radar,53,61,79,2,195,0,4,26,2,32,53,65,105,4,227,0,0,0,227
10/06/2018,ICT,KS,ACE,CE,Combined TRACON& Tower with Radar,36,48,36,0,120,0,0,1,0,1,36,48,37,0,121,0,0,0,121
10/07/2018,ICT,KS,ACE,CE,Combined TRACON& Tower with Radar,41,47,38,0,126,0,0,0,0,0,41,47,38,0,126,0,0,0,126
10/08/2018,ICT,KS,ACE,CE,Combined TRACON& Tower with Radar,42,47,56,0,145,0,1,2,1,4,42,48,58,1,149,0,0,0,149
10/09/2018,ICT,KS,ACE,CE,Combined TRACON& Tower with Radar,48,64,51,0,163,0,0,0,0,0,48,64,51,0,163,0,0,0,163
10/10/2018,ICT,KS,ACE,CE,Combined TRACON& Tower with Radar,53,71,101,45,270,0,4,29,1,34,53,75,130,46,304,0,22,22,326
10/11/2018,ICT,KS,ACE,CE,Combined TRACON& Tower with Radar,56,60,78,34,228,0,4,39,5,48,56,64,117,39,276,32,76,108,384
10/12/2018,ICT,KS,ACE,CE,Combined TRACON& Tower with Radar,51,72,58,27,208,0,0,4,0,4,51,72,62,27,212,18,0,18,230
10/13/2018,ICT,KS,ACE,CE,Combined TRACON& Tower with Radar,41,41,58,26,166,0,1,17,3,21,41,42,75,29,187,52,0,52,239
10/14/2018,ICT,KS,ACE,CE,Combined TRACON& Tower with Radar,39,56,37,0,132,0,0,0,0,0,39,56,37,0,132,0,0,0,132
10/15/2018,ICT,KS,ACE,CE,Combined TRACON& Tower with Radar,47,53,63,73,236,0,1,25,4,30,47,54,88,77,266,8,16,24,290
10/16/2018,ICT,KS,ACE,CE,Combined TRACON& Tower with Radar,51,68,88,125,332,0,5,46,4,55,51,73,134,129,387,16,30,46,433
10/17/2018,ICT,KS,ACE,CE,Combined TRACON& Tower with Radar,46,64,73,129,312,0,5,62,8,75,46,69,135,137,387,32,120,152,539
10/18/2018,ICT,KS,ACE,CE,Combined TRACON& Tower with Radar,54,61,112,32,259,0,3,51,7,61,54,64,163,39,320,10,32,42,362
10/19/2018,ICT,KS,ACE,CE,Combined TRACON& Tower with Radar,49,63,79,33,224,0,2,23,11,36,49,65,102,44,260,32,0,32,292
10/20/2018,ICT,KS,ACE,CE,Combined TRACON& Tower with Radar,38,51,46,5,140,0,8,34,12,54,38,59,80,17,194,34,0,34,228
10/21/2018,ICT,KS,ACE,CE,Combined TRACON& Tower with Radar,44,67,65,17,193,0,6,36,1,43,44,73,101,18,236,24,0,24,260
10/22/2018,ICT,KS,ACE,CE,Combined TRACON& Tower with Radar,44,54,78,19,195,0,4,47,3,54,44,58,125,22,249,34,0,34,283
10/23/2018,ICT,KS,ACE,CE,Combined TRACON& Tower with Radar,50,71,95,31,247,0,2,58,4,64,50,73,153,35,311,34,12,46,357
10/24/2018,ICT,KS,ACE,CE,Combined TRACON& Tower with Radar,53,53,89,33,228,0,3,44,4,51,53,56,133,37,279,10,22,32,311
10/25/2018,ICT,KS,ACE,CE,Combined TRACON& Tower with Radar,52,64,85,19,220,0,0,0,1,1,52,64,85,20,221,0,0,0,221
10/26/2018,ICT,KS,ACE,CE,Combined TRACON& Tower with Radar,50,71,80,8,209,0,2,24,8,34,50,73,104,16,243,0,0,0,243
10/27/2018,ICT,KS,ACE,CE,Combined TRACON& Tower with Radar,37,48,41,0,126,0,1,52,2,55,37,49,93,2,181,62,0,62,243
10/28/2018,ICT,KS,ACE,CE,Combined TRACON& Tower with Radar,44,42,55,5,146,0,4,48,1,53,44,46,103,6,199,10,0,10,209
10/29/2018,ICT,KS,ACE,CE,Combined TRACON& Tower with Radar,46,46,60,40,192,0,6,62,2,70,46,52,122,42,262,54,20,74,336
10/30/2018,ICT,KS,ACE,CE,Combined TRACON& Tower with Radar,50,51,112,3,216,0,3,3,3,9,50,54,115,6,225,12,0,12,237
10/31/2018,ICT,KS,ACE,CE,Combined TRACON& Tower with Radar,45,50,93,104,292,0,3,18,6,27,45,53,111,110,319,14,144,158,477
11/01/2018,ICT,KS,ACE,CE,Combined TRACON& Tower with Radar,50,60,107,60,277,0,4,42,1,47,50,64,149,61,324,20,94,114,438
11/02/2018,ICT,KS,ACE,CE,Combined TRACON& Tower with Radar,51,68,83,21,223,0,2,45,13,60,51,70,128,34,283,34,40,74,357
11/03/2018,ICT,KS,ACE,CE,Combined TRACON& Tower with Radar,36,53,47,2,138,0,2,41,0,43,36,55,88,2,181,24,0,24,205
11/04/2018,ICT,KS,ACE,CE,Combined TRACON& Tower with Radar,42,40,45,4,131,0,0,29,0,29,42,40,74,4,160,30,0,30,190
11/05/2018,ICT,KS,ACE,CE,Combined TRACON& Tower with Radar,44,54,95,18,211,0,2,29,5,36,44,56,124,23,247,0,0,0,247
11/06/2018,ICT,KS,ACE,CE,Combined TRACON& Tower with Radar,52,54,98,32,236,0,8,37,8,53,52,62,135,40,289,102,20,122,411
11/07/2018,ICT,KS,ACE,CE,Combined TRACON& Tower with Radar,52,62,97,74,285,0,5,50,4,59,52,67,147,78,344,24,20,44,388
11/08/2018,ICT,KS,ACE,CE,Combined TRACON& Tower with Radar,56,71,63,0,190,0,0,0,0,0,56,71,63,0,190,0,0,0,190
11/09/2018,ICT,KS,ACE,CE,Combined TRACON& Tower with Radar,53,60,98,18,229,0,7,43,5,55,53,67,141,23,284,28,48,76,360
11/10/2018,ICT,KS,ACE,CE,Combined TRACON& Tower with Radar,43,35,32,0,110,0,1,25,0,26,43,36,57,0,136,33,0,33,169
11/11/2018,ICT,KS,ACE,CE,Combined TRACON& Tower with Radar,45,41,41,0,127,0,0,12,0,12,45,41,53,0,139,0,0,0,139
11/12/2018,ICT,KS,ACE,CE,Combined TRACON& Tower with Radar,43,42,49,0,134,0,2,2,0,4,43,44,51,0,138,0,0,0,138
11/13/2018,ICT,KS,ACE,CE,Combined TRACON& Tower with Radar,56,54,80,41,231,0,16,49,10,75,56,70,129,51,306,72,10,82,388
11/14/2018,ICT,KS,ACE,CE,Combined TRACON& Tower with Radar,50,63,116,90,319,0,13,45,6,64,50,76,161,96,383,0,0,0,383
11/15/2018,ICT,KS,ACE,CE,Combined TRACON& Tower with Radar,58,63,112,82,315,0,8,50,7,65,58,71,162,89,380,40,48,88,468
11/16/2018,ICT,KS,ACE,CE,Combined TRACON& Tower with Radar,52,70,101,73,296,0,0,48,5,53,52,70,149,78,349,0,24,24,373
11/17/2018,ICT,KS,ACE,CE,Combined TRACON& Tower with Radar,41,46,59,0,146,0,0,0,0,0,41,46,59,0,146,0,0,0,146
11/18/2018,ICT,KS,ACE,CE,Combined TRACON& Tower with Radar,45,42,37,0,124,0,0,14,0,14,45,42,51,0,138,0,0,0,138
11/19/2018,ICT,KS,ACE,CE,Combined TRACON& Tower with Radar,50,45,87,26,208,0,0,34,6,40,50,45,121,32,248,64,30,94,342
11/20/2018,ICT,KS,ACE,CE,Combined TRACON& Tower with Radar,50,62,93,28,233,0,7,63,14,84,50,69,156,42,317,94,24,118,435
11/21/2018,ICT,KS,ACE,CE,Combined TRACON& Tower with Radar,55,69,60,17,201,0,6,61,11,78,55,75,121,28,279,70,0,70,349
11/22/2018,ICT,KS,ACE,CE,Combined TRACON& Tower with Radar,28,15,12,0,55,0,0,8,0,8,28,15,20,0,63,6,0,6,69
11/23/2018,ICT,KS,ACE,CE,Combined TRACON& Tower with Radar,41,33,20,0,94,0,0,23,0,23,41,33,43,0,117,0,0,0,117
11/24/2018,ICT,KS,ACE,CE,Combined TRACON& Tower with Radar,43,43,44,0,130,0,0,53,0,53,43,43,97,0,183,54,0,54,237
11/25/2018,ICT,KS,ACE,CE,Combined TRACON& Tower with Radar,43,48,44,0,135,0,0,0,0,0,43,48,44,0,135,0,0,0,135
11/26/2018,ICT,KS,ACE,CE,Combined TRACON& Tower with Radar,48,56,100,45,249,0,6,39,5,50,48,62,139,50,299,8,12,20,319
11/27/2018,ICT,KS,ACE,CE,Combined TRACON& Tower with Radar,56,63,73,22,214,0,8,36,13,57,56,71,109,35,271,70,18,88,359
11/28/2018,ICT,KS,ACE,CE,Combined TRACON& Tower with Radar,52,63,98,50,263,0,4,69,3,76,52,67,167,53,339,50,12,62,401
11/29/2018,ICT,KS,ACE,CE,Combined TRACON& Tower with Radar,54,68,84,23,229,0,2,55,6,63,54,70,139,29,292,22,0,22,314
11/30/2018,ICT,KS,ACE,CE,Combined TRACON& Tower with Radar,50,72,97,2,221,0,0,1,0,1,50,72,98,2,222,0,0,0,222
12/01/2018,ICT,KS,ACE,CE,Combined TRACON& Tower with Radar,39,50,35,4,128,0,1,2,1,4,39,51,37,5,132,4,0,4,136
12/02/2018,ICT,KS,ACE,CE,Combined TRACON& Tower with Radar,41,47,43,0,131,0,0,15,1,16,41,47,58,1,147,38,0,38,185
12/03/2018,ICT,KS,ACE,CE,Combined TRACON& Tower with Radar,45,63,102,2,212,0,0,7,2,9,45,63,109,4,221,16,0,16,237
12/04/2018,ICT,KS,ACE,CE,Combined TRACON& Tower with Radar,49,60,81,37,227,0,1,26,0,27,49,61,107,37,254,34,64,98,352
12/05/2018,ICT,KS,ACE,CE,Combined TRACON& Tower with Radar,53,73,90,11,227,0,7,48,7,62,53,80,138,18,289,16,0,16,305
12/06/2018,ICT,KS,ACE,CE,Combined TRACON& Tower with Radar,55,67,74,94,290,0,3,29,7,39,55,70,103,101,329,26,106,132,461
12/07/2018,ICT,KS,ACE,CE,Combined TRACON& Tower with Radar,51,74,70,40,235,0,0,19,6,25,51,74,89,46,260,24,44,68,328
12/08/2018,ICT,KS,ACE,CE,Combined TRACON& Tower with Radar,41,35,39,0,115,0,2,34,3,39,41,37,73,3,154,16,0,16,170
12/09/2018,ICT,KS,ACE,CE,Combined TRACON& Tower with Radar,42,45,55,9,151,0,5,49,1,55,42,50,104,10,206,18,0,18,224
12/10/2018,ICT,KS,ACE,CE,Combined TRACON& Tower with Radar,48,45,92,57,242,0,6,65,7,78,48,51,157,64,320,54,28,82,402
12/11/2018,ICT,KS,ACE,CE,Combined TRACON& Tower with Radar,50,70,105,69,294,0,2,32,24,58,50,72,137,93,352,16,40,56,408
12/12/2018,ICT,KS,ACE,CE,Combined TRACON& Tower with Radar,53,64,86,75,278,0,3,44,9,56,53,67,130,84,334,36,68,104,438
12/13/2018,ICT,KS,ACE,CE,Combined TRACON& Tower with Radar,57,61,78,59,255,0,1,5,0,6,57,62,83,59,261,8,170,178,439
12/14/2018,ICT,KS,ACE,CE,Combined TRACON& Tower with Radar,58,71,88,70,287,0,4,49,8,61,58,75,137,78,348,12,36,48,396
12/15/2018,ICT,KS,ACE,CE,Combined TRACON& Tower with Radar,43,52,71,5,171,0,5,49,5,59,43,57,120,10,230,6,0,6,236
12/16/2018,ICT,KS,ACE,CE,Combined TRACON& Tower with Radar,44,41,51,21,157,0,1,42,5,48,44,42,93,26,205,22,6,28,233
12/17/2018,ICT,KS,ACE,CE,Combined TRACON& Tower with Radar,48,45,93,88,274,0,0,61,10,71,48,45,154,98,345,52,52,104,449
12/18/2018,ICT,KS,ACE,CE,Combined TRACON& Tower with Radar,52,70,106,72,300,0,0,54,13,67,52,70,160,85,367,60,38,98,465
12/19/2018,ICT,KS,ACE,CE,Combined TRACON& Tower with Radar,51,60,99,65,275,0,2,15,3,20,51,62,114,68,295,10,62,72,367
12/20/2018,ICT,KS,ACE,CE,Combined TRACON& Tower with Radar,56,78,94,32,260,0,1,46,10,57,56,79,140,42,317,16,12,28,345
12/21/2018,ICT,KS,ACE,CE,Combined TRACON& Tower with Radar,52,66,124,83,325,0,5,68,8,81,52,71,192,91,406,64,102,166,572
12/22/2018,ICT,KS,ACE,CE,Combined TRACON& Tower with Radar,43,43,37,2,125,0,3,20,8,31,43,46,57,10,156,0,0,0,156
12/23/2018,ICT,KS,ACE,CE,Combined TRACON& Tower with Radar,43,40,15,0,98,0,4,34,5,43,43,44,49,5,141,16,0,16,157
12/24/2018,ICT,KS,ACE,CE,Combined TRACON& Tower with Radar,33,37,8,0,78,0,2,22,1,25,33,39,30,1,103,18,0,18,121
12/25/2018,ICT,KS,ACE,CE,Combined TRACON& Tower with Radar,32,33,10,0,75,0,2,10,0,12,32,35,20,0,87,0,0,0,87
12/26/2018,ICT,KS,ACE,CE,Combined TRACON& Tower with Radar,38,47,42,0,127,0,0,0,0,0,38,47,42,0,127,0,0,0,127
12/27/2018,ICT,KS,ACE,CE,Combined TRACON& Tower with Radar,46,53,55,0,154,0,0,0,0,0,46,53,55,0,154,0,0,0,154
12/28/2018,ICT,KS,ACE,CE,Combined TRACON& Tower with Radar,51,58,36,0,145,0,3,7,2,12,51,61,43,2,157,8,0,8,165
12/29/2018,ICT,KS,ACE,CE,Combined TRACON& Tower with Radar,38,37,32,0,107,0,5,18,2,25,38,42,50,2,132,14,0,14,146
12/30/2018,ICT,KS,ACE,CE,Combined TRACON& Tower with Radar,41,39,45,0,125,0,0,26,0,26,41,39,71,0,151,12,0,12,163
12/31/2018,ICT,KS,ACE,CE,Combined TRACON& Tower with Radar,33,49,18,0,100,0,0,0,0,0,33,49,18,0,100,0,0,0,100
01/01/2019,ICT,KS,ACE,CE,Combined TRACON& Tower with Radar,30,39,17,0,86,0,0,1,0,1,30,39,18,0,87,26,0,26,113
01/02/2019,ICT,KS,ACE,CE,Combined TRACON& Tower with Radar,46,49,81,40,216,0,1,22,1,24,46,50,103,41,240,28,28,56,296
01/03/2019,ICT,KS,ACE,CE,Combined TRACON& Tower with Radar,52,48,75,6,181,0,8,39,1,48,52,56,114,7,229,20,0,20,249
01/04/2019,ICT,KS,ACE,CE,Combined TRACON& Tower with Radar,57,49,49,77,232,0,1,47,9,57,57,50,96,86,289,28,90,118,407
01/05/2019,ICT,KS,ACE,CE,Combined TRACON& Tower with Radar,37,46,46,49,178,0,5,56,4,65,37,51,102,53,243,54,50,104,347
01/06/2019,ICT,KS,ACE,CE,Combined TRACON& Tower with Radar,44,42,37,20,143,0,4,19,1,24,44,46,56,21,167,0,0,0,167
01/07/2019,ICT,KS,ACE,CE,Combined TRACON& Tower with Radar,42,52,45,79,218,0,5,35,2,42,42,57,80,81,260,0,22,22,282
01/08/2019,ICT,KS,ACE,CE,Combined TRACON& Tower with Radar,52,47,70,71,240,0,4,37,1,42,52,51,107,72,282,4,0,4,286
01/09/2019,ICT,KS,ACE,CE,Combined TRACON& Tower with Radar,48,46,74,68,236,0,1,21,6,28,48,47,95,74,264,22,92,114,378
01/10/2019,ICT,KS,ACE,CE,Combined TRACON& Tower with Radar,54,57,96,77,284,0,5,38,3,46,54,62,134,80,330,14,104,118,448
01/11/2019,ICT,KS,ACE,CE,Combined TRACON& Tower with Radar,54,56,63,2,175,0,0,1,0,1,54,56,64,2,176,0,0,0,176
01/12/2019,ICT,KS,ACE,CE,Combined TRACON& Tower with Radar,34,35,29,0,98,0,0,0,0,0,34,35,29,0,98,0,0,0,98
01/13/2019,ICT,KS,ACE,CE,Combined TRACON& Tower with Radar,44,46,35,0,125,0,0,0,0,0,44,46,35,0,125,0,0,0,125
01/14/2019,ICT,KS,ACE,CE,Combined TRACON& Tower with Radar,48,57,67,9,181,0,1,5,1,7,48,58,72,10,188,26,0,26,214
01/15/2019,ICT,KS,ACE,CE,Combined TRACON& Tower with Radar,54,58,78,10,200,0,1,15,0,16,54,59,93,10,216,0,0,0,216
01/16/2019,ICT,KS,ACE,CE,Combined TRACON& Tower with Radar,48,54,62,2,166,0,0,0,0,0,48,54,62,2,166,0,0,0,166
01/17/2019,ICT,KS,ACE,CE,Combined TRACON& Tower with Radar,51,57,79,24,211,0,0,1,0,1,51,57,80,24,212,0,0,0,212
01/18/2019,ICT,KS,ACE,CE,Combined TRACON& Tower with Radar,51,47,53,0,151,0,0,0,0,0,51,47,53,0,151,0,0,0,151
01/19/2019,ICT,KS,ACE,CE,Combined TRACON& Tower with Radar,31,31,21,0,83,0,0,3,0,3,31,31,24,0,86,0,0,0,86
01/20/2019,ICT,KS,ACE,CE,Combined TRACON& Tower with Radar,40,38,43,0,121,0,7,19,2,28,40,45,62,2,149,30,0,30,179
01/21/2019,ICT,KS,ACE,CE,Combined TRACON& Tower with Radar,46,53,47,26,172,0,3,13,1,17,46,56,60,27,189,0,0,0,189
01/22/2019,ICT,KS,ACE,CE,Combined TRACON& Tower with Radar,52,43,51,1,147,0,0,0,0,0,52,43,51,1,147,0,0,0,147
01/23/2019,ICT,KS,ACE,CE,Combined TRACON& Tower with Radar,56,54,107,43,260,0,2,62,4,68,56,56,169,47,328,34,84,118,446
01/24/2019,ICT,KS,ACE,CE,Combined TRACON& Tower with Radar,52,67,88,32,239,0,7,20,0,27,52,74,108,32,266,16,106,122,388
01/25/2019,ICT,KS,ACE,CE,Combined TRACON& Tower with Radar,58,53,62,41,214,0,2,27,1,30,58,55,89,42,244,10,4,14,258
01/26/2019,ICT,KS,ACE,CE,Combined TRACON& Tower with Radar,36,43,59,0,138,0,0,38,0,38,36,43,97,0,176,12,0,12,188
01/27/2019,ICT,KS,ACE,CE,Combined TRACON& Tower with Radar,45,38,44,4,131,0,0,47,0,47,45,38,91,4,178,66,6,72,250
01/28/2019,ICT,KS,ACE,CE,Combined TRACON& Tower with Radar,44,47,63,17,171,0,4,17,0,21,44,51,80,17,192,8,24,32,224
01/29/2019,ICT,KS,ACE,CE,Combined TRACON& Tower with Radar,50,49,76,36,211,2,1,30,6,39,52,50,106,42,250,16,50,66,316
01/30/2019,ICT,KS,ACE,CE,Combined TRACON& Tower with Radar,49,48,58,85,240,0,6,20,4,30,49,54,78,89,270,30,168,198,468
01/31/2019,ICT,KS,ACE,CE,Combined TRACON& Tower with Radar,48,49,84,93,274,2,1,35,1,39,50,50,119,94,313,42,204,246,559
02/01/2019,ICT,KS,ACE,CE,Combined TRACON& Tower with Radar,50,56,87,12,205,0,0,2,0,2,50,56,89,12,207,0,0,0,207
02/02/2019,ICT,KS,ACE,CE,Combined TRACON& Tower with Radar,32,43,27,0,102,0,0,5,0,5,32,43,32,0,107,0,0,0,107
02/03/2019,ICT,KS,ACE,CE,Combined TRACON& Tower with Radar,40,32,46,20,138,0,0,10,0,10,40,32,56,20,148,8,0,8,156
02/04/2019,ICT,KS,ACE,CE,Combined TRACON& Tower with Radar,42,49,65,53,209,0,4,19,3,26,42,53,84,56,235,26,32,58,293
02/05/2019,ICT,KS,ACE,CE,Combined TRACON& Tower with Radar,49,46,44,0,139,0,0,0,0,0,49,46,44,0,139,0,0,0,139
02/06/2019,ICT,KS,ACE,CE,Combined TRACON& Tower with Radar,44,38,46,1,129,0,0,0,0,0,44,38,46,1,129,0,0,0,129
02/07/2019,ICT,KS,ACE,CE,Combined TRACON& Tower with Radar,55,66,84,2,207,0,1,20,0,21,55,67,104,2,228,6,0,6,234
02/08/2019,ICT,KS,ACE,CE,Combined TRACON& Tower with Radar,48,64,94,43,249,0,5,54,10,69,48,69,148,53,318,42,66,108,426
02/09/2019,ICT,KS,ACE,CE,Combined TRACON& Tower with Radar,32,38,53,11,134,0,2,28,1,31,32,40,81,12,165,14,0,14,179
02/10/2019,ICT,KS,ACE,CE,Combined TRACON& Tower with Radar,41,39,33,7,120,0,0,7,3,10,41,39,40,10,130,0,0,0,130
02/11/2019,ICT,KS,ACE,CE,Combined TRACON& Tower with Radar,40,43,74,0,157,0,0,0,0,0,40,43,74,0,157,0,0,0,157
02/12/2019,ICT,KS,ACE,CE,Combined TRACON& Tower with Radar,50,61,71,48,230,0,6,45,2,53,50,67,116,50,283,70,34,104,387
02/13/2019,ICT,KS,ACE,CE,Combined TRACON& Tower with Radar,49,56,82,78,265,0,4,44,2,50,49,60,126,80,315,28,6,34,349
02/14/2019,ICT,KS,ACE,CE,Combined TRACON& Tower with Radar,52,50,91,51,244,0,3,35,7,45,52,53,126,58,289,46,88,134,423
02/15/2019,ICT,KS,ACE,CE,Combined TRACON& Tower with Radar,47,53,51,0,151,0,0,3,2,5,47,53,54,2,156,0,0,0,156
02/16/2019,ICT,KS,ACE,CE,Combined TRACON& Tower with Radar,33,43,22,0,98,0,0,0,1,1,33,43,22,1,99,0,0,0,99
02/17/2019,ICT,KS,ACE,CE,Combined TRACON& Tower with Radar,39,43,51,9,142,0,3,15,4,22,39,46,66,13,164,12,0,12,176
02/18/2019,ICT,KS,ACE,CE,Combined TRACON& Tower with Radar,41,59,76,14,190,0,0,30,1,31,41,59,106,15,221,49,0,49,270
02/19/2019,ICT,KS,ACE,CE,Combined TRACON& Tower with Radar,41,62,51,17,171,0,1,6,1,8,41,63,57,18,179,6,52,58,237
02/20/2019,ICT,KS,ACE,CE,Combined TRACON& Tower with Radar,52,69,76,9,206,0,2,8,1,11,52,71,84,10,217,0,0,0,217
02/21/2019,ICT,KS,ACE,CE,Combined TRACON& Tower with Radar,51,62,94,48,255,0,0,33,3,36,51,62,127,51,291,24,12,36,327
02/22/2019,ICT,KS,ACE,CE,Combined TRACON& Tower with Radar,52,57,64,59,232,0,0,2,0,2,52,57,66,59,234,0,0,0,234
02/23/2019,ICT,KS,ACE,CE,Combined TRACON& Tower with Radar,32,36,31,0,99,0,0,0,0,0,32,36,31,0,99,2,0,2,101
02/24/2019,ICT,KS,ACE,CE,Combined TRACON& Tower with Radar,41,44,56,12,153,0,0,56,4,60,41,44,112,16,213,0,0,0,213
02/25/2019,ICT,KS,ACE,CE,Combined TRACON& Tower with Radar,44,49,107,80,280,0,4,48,10,62,44,53,155,90,342,6,48,54,396
02/26/2019,ICT,KS,ACE,CE,Combined TRACON& Tower with Radar,49,54,61,10,174,0,2,5,0,7,49,56,66,10,181,0,0,0,181
02/27/2019,ICT,KS,ACE,CE,Combined TRACON& Tower with Radar,48,53,74,0,175,0,1,1,0,2,48,54,75,0,177,0,0,0,177
02/28/2019,ICT,KS,ACE,CE,Combined TRACON& Tower with Radar,50,65,81,44,240,0,4,21,1,26,50,69,102,45,266,2,6,8,274
03/01/2019,ICT,KS,ACE,CE,Combined TRACON& Tower with Radar,53,65,87,48,253,0,1,19,2,22,53,66,106,50,275,14,200,214,489
03/02/2019,ICT,KS,ACE,CE,Combined TRACON& Tower with Radar,31,54,54,13,152,0,0,20,2,22,31,54,74,15,174,12,0,12,186
03/03/2019,ICT,KS,ACE,CE,Combined TRACON& Tower with Radar,44,48,33,2,127,0,2,1,0,3,44,50,34,2,130,0,0,0,130
03/04/2019,ICT,KS,ACE,CE,Combined TRACON& Tower with Radar,48,50,81,34,213,0,3,31,3,37,48,53,112,37,250,12,8,20,270
03/05/2019,ICT,KS,ACE,CE,Combined TRACON& Tower with Radar,47,56,61,11,175,0,6,37,5,48,47,62,98,16,223,28,40,68,291
03/06/2019,ICT,KS,ACE,CE,Combined TRACON& Tower with Radar,51,68,91,23,233,0,4,55,3,62,51,72,146,26,295,6,30,36,331
03/07/2019,ICT,KS,ACE,CE,Combined TRACON& Tower with Radar,56,70,91,59,276,0,5,44,3,52,56,75,135,62,328,30,90,120,448
03/08/2019,ICT,KS,ACE,CE,Combined TRACON& Tower with Radar,56,62,92,10,220,0,0,0,0,0,56,62,92,10,220,0,0,0,220
03/09/2019,ICT,KS,ACE,CE,Combined TRACON& Tower with Radar,29,54,39,0,122,0,3,5,3,11,29,57,44,3,133,0,0,0,133
03/10/2019,ICT,KS,ACE,CE,Combined TRACON& Tower with Radar,42,59,37,17,155,0,2,42,4,48,42,61,79,21,203,68,28,96,299
03/11/2019,ICT,KS,ACE,CE,Combined TRACON& Tower with Radar,41,46,86,127,300,0,2,37,10,49,41,48,123,137,349,10,120,130,479
03/12/2019,ICT,KS,ACE,CE,Combined TRACON& Tower with Radar,47,52,56,1,156,0,0,0,0,0,47,52,56,1,156,0,0,0,156
03/13/2019,ICT,KS,ACE,CE,Combined TRACON& Tower with Radar,49,48,48,3,148,0,3,2,4,9,49,51,50,7,157,0,0,0,157
03/14/2019,ICT,KS,ACE,CE,Combined TRACON& Tower with Radar,49,53,80,1,183,0,1,8,0,9,49,54,88,1,192,16,0,16,208
03/15/2019,ICT,KS,ACE,CE,Combined TRACON& Tower with Radar,48,62,79,39,228,0,4,41,7,52,48,66,120,46,280,29,86,115,395
03/16/2019,ICT,KS,ACE,CE,Combined TRACON& Tower with Radar,30,46,34,22,132,0,0,52,8,60,30,46,86,30,192,60,0,60,252
03/17/2019,ICT,KS,ACE,CE,Combined TRACON& Tower with Radar,42,60,47,37,186,0,0,45,4,49,42,60,92,41,235,32,34,66,301
03/18/2019,ICT,KS,ACE,CE,Combined TRACON& Tower with Radar,42,52,61,96,251,0,5,40,7,52,42,57,101,103,303,42,74,116,419
03/19/2019,ICT,KS,ACE,CE,Combined TRACON& Tower with Radar,50,53,73,78,254,1,0,22,9,32,51,53,95,87,286,34,70,104,390
03/20/2019,ICT,KS,ACE,CE,Combined TRACON& Tower with Radar,51,64,113,83,311,0,3,56,7,66,51,67,169,90,377,34,80,114,491
03/21/2019,ICT,KS,ACE,CE,Combined TRACON& Tower with Radar,50,65,89,56,260,0,3,75,8,86,50,68,164,64,346,40,74,114,460
03/22/2019,ICT,KS,ACE,CE,Combined TRACON& Tower with Radar,52,55,86,56,249,0,2,70,7,79,52,57,156,63,328,26,20,46,374
03/23/2019,ICT,KS,ACE,CE,Combined TRACON& Tower with Radar,29,41,45,6,121,0,3,10,3,16,29,44,55,9,137,116,0,116,253
03/24/2019,ICT,KS,ACE,CE,Combined TRACON& Tower with Radar,41,41,62,5,149,0,4,24,5,33,41,45,86,10,182,35,9,44,226
03/25/2019,ICT,KS,ACE,CE,Combined TRACON& Tower with Radar,39,52,99,45,235,0,7,11,0,18,39,59,110,45,253,16,14,30,283
03/26/2019,ICT,KS,ACE,CE,Combined TRACON& Tower with Radar,51,58,97,82,288,2,2,61,2,67,53,60,158,84,355,84,30,114,469
03/27/2019,ICT,KS,ACE,CE,Combined TRACON& Tower with Radar,44,60,98,146,348,0,1,34,4,39,44,61,132,150,387,26,14,40,427
03/28/2019,ICT,KS,ACE,CE,Combined TRACON& Tower with Radar,53,46,103,17,219,0,0,15,4,19,53,46,118,21,238,26,0,26,264
03/29/2019,ICT,KS,ACE,CE,Combined TRACON& Tower with Radar,49,55,81,0,185,0,0,0,0,0,49,55,81,0,185,0,0,0,185
03/30/2019,ICT,KS,ACE,CE,Combined TRACON& Tower with Radar,29,44,25,0,98,0,0,9,2,11,29,44,34,2,109,0,0,0,109
03/31/2019,ICT,KS,ACE,CE,Combined TRACON& Tower with Radar,39,47,53,0,139,0,1,39,1,41,39,48,92,1,180,42,0,42,222
04/01/2019,ICT,KS,ACE,CE,Combined TRACON& Tower with Radar,43,57,78,71,249,0,3,40,10,53,43,60,118,81,302,32,40,72,374
04/02/2019,ICT,KS,ACE,CE,Combined TRACON& Tower with Radar,45,67,64,51,227,0,2,49,9,60,45,69,113,60,287,94,54,148,435
04/03/2019,ICT,KS,ACE,CE,Combined TRACON& Tower with Radar,46,67,69,55,237,0,1,32,8,41,46,68,101,63,278,20,18,38,316
04/04/2019,ICT,KS,ACE,CE,Combined TRACON& Tower with Radar,48,68,90,34,240,0,0,20,2,22,48,68,110,36,262,14,0,14,276
04/05/2019,ICT,KS,ACE,CE,Combined TRACON& Tower with Radar,47,60,77,43,227,0,3,50,10,63,47,63,127,53,290,48,46,94,384
04/06/2019,ICT,KS,ACE,CE,Combined TRACON& Tower with Radar,30,40,21,2,93,0,0,6,0,6,30,40,27,2,99,0,0,0,99
04/07/2019,ICT,KS,ACE,CE,Combined TRACON& Tower with Radar,39,55,59,6,159,0,0,29,0,29,39,55,88,6,188,36,0,36,224
04/08/2019,ICT,KS,ACE,CE,Combined TRACON& Tower with Radar,44,51,73,61,229,0,1,54,18,73,44,52,127,79,302,96,34,130,432
04/09/2019,ICT,KS,ACE,CE,Combined TRACON& Tower with Radar,46,49,64,104,263,0,3,63,11,77,46,52,127,115,340,86,38,124,464
04/10/2019,ICT,KS,ACE,CE,Combined TRACON& Tower with Radar,44,67,64,68,243,0,2,23,1,26,44,69,87,69,269,24,142,166,435
04/11/2019,ICT,KS,ACE,CE,Combined TRACON& Tower with Radar,47,55,79,2,183,0,1,25,3,29,47,56,104,5,212,12,0,12,224
04/12/2019,ICT,KS,ACE,CE,Combined TRACON& Tower with Radar,46,61,56,46,209,0,7,57,2,66,46,68,113,48,275,14,0,14,289
04/13/2019,ICT,KS,ACE,CE,Combined TRACON& Tower with Radar,35,28,45,2,110,0,8,22,2,32,35,36,67,4,142,22,12,34,176
04/14/2019,ICT,KS,ACE,CE,Combined TRACON& Tower with Radar,39,36,41,2,118,0,8,46,0,54,39,44,87,2,172,62,0,62,234
04/15/2019,ICT,KS,ACE,CE,Combined TRACON& Tower with Radar,42,55,59,69,225,0,5,48,13,66,42,60,107,82,291,22,44,66,357
04/16/2019,ICT,KS,ACE,CE,Combined TRACON& Tower with Radar,50,57,73,89,269,0,11,32,5,48,50,68,105,94,317,22,0,22,339
04/17/2019,ICT,KS,ACE,CE,Combined TRACON& Tower with Radar,44,56,74,48,222,0,1,19,2,22,44,57,93,50,244,14,90,104,348
04/18/2019,ICT,KS,ACE,CE,Combined TRACON& Tower with Radar,51,62,74,37,224,0,1,31,0,32,51,63,105,37,256,32,4,36,292
04/19/2019,ICT,KS,ACE,CE,Combined TRACON& Tower with Radar,48,71,65,77,261,0,2,51,11,64,48,73,116,88,325,24,62,86,411
04/20/2019,ICT,KS,ACE,CE,Combined TRACON& Tower with Radar,34,36,31,0,101,1,4,50,6,61,35,40,81,6,162,56,0,56,218
04/21/2019,ICT,KS,ACE,CE,Combined TRACON& Tower with Radar,38,48,22,12,120,0,1,14,2,17,38,49,36,14,137,0,0,0,137
04/22/2019,ICT,KS,ACE,CE,Combined TRACON& Tower with Radar,40,65,92,135,332,0,0,16,1,17,40,65,108,136,349,32,46,78,427
04/23/2019,ICT,KS,ACE,CE,Combined TRACON& Tower with Radar,46,60,71,93,270,0,1,0,0,1,46,61,71,93,271,0,0,0,271
04/24/2019,ICT,KS,ACE,CE,Combined TRACON& Tower with Radar,44,65,92,199,400,0,7,45,7,59,44,72,137,206,459,44,136,180,639
04/25/2019,ICT,KS,ACE,CE,Combined TRACON& Tower with Radar,47,61,81,109,298,0,5,44,9,58,47,66,125,118,356,22,80,102,458
04/26/2019,ICT,KS,ACE,CE,Combined TRACON& Tower with Radar,48,57,73,68,246,0,3,57,13,73,48,60,130,81,319,35,138,173,492
04/27/2019,ICT,KS,ACE,CE,Combined TRACON& Tower with Radar,32,39,36,15,122,0,11,33,6,50,32,50,69,21,172,4,18,22,194
04/28/2019,ICT,KS,ACE,CE,Combined TRACON& Tower with Radar,41,44,76,2,163,0,6,31,3,40,41,50,107,5,203,0,0,0,203
04/29/2019,ICT,KS,ACE,CE,Combined TRACON& Tower with Radar,48,55,92,79,274,0,1,10,0,11,48,56,102,79,285,14,24,38,323
04/30/2019,ICT,KS,ACE,CE,Combined TRACON& Tower with Radar,47,58,64,0,169,0,0,0,0,0,47,58,64,0,169,0,0,0,169
05/01/2019,ICT,KS,ACE,CE,Combined TRACON& Tower with Radar,54,71,113,41,279,0,0,0,0,0,54,71,113,41,279,0,0,0,279
05/02/2019,ICT,KS,ACE,CE,Combined TRACON& Tower with Radar,50,51,102,67,270,0,0,31,2,33,50,51,133,69,303,14,140,154,457
05/03/2019,ICT,KS,ACE,CE,Combined TRACON& Tower with Radar,53,44,94,35,226,0,0,1,1,2,53,44,95,36,228,0,4,4,232
05/04/2019,ICT,KS,ACE,CE,Combined TRACON& Tower with Radar,39,40,44,2,125,0,2,22,1,25,39,42,66,3,150,30,0,30,180
05/05/2019,ICT,KS,ACE,CE,Combined TRACON& Tower with Radar,45,38,44,17,144,0,0,35,1,36,45,38,79,18,180,26,6,32,212
05/06/2019,ICT,KS,ACE,CE,Combined TRACON& Tower with Radar,50,71,70,26,217,0,1,26,4,31,50,72,96,30,248,0,0,0,248
05/07/2019,ICT,KS,ACE,CE,Combined TRACON& Tower with Radar,54,40,72,1,167,0,0,3,2,5,54,40,75,3,172,0,0,0,172
05/08/2019,ICT,KS,ACE,CE,Combined TRACON& Tower with Radar,43,50,62,40,195,0,2,3,0,5,43,52,65,40,200,0,0,0,200
05/09/2019,ICT,KS,ACE,CE,Combined TRACON& Tower with Radar,61,52,70,47,230,0,4,15,2,21,61,56,85,49,251,16,48,64,315
05/10/2019,ICT,KS,ACE,CE,Combined TRACON& Tower with Radar,53,57,82,61,253,0,2,52,13,67,53,59,134,74,320,6,92,98,418
05/11/2019,ICT,KS,ACE,CE,Combined TRACON& Tower with Radar,40,29,54,30,153,0,2,16,3,21,40,31,70,33,174,4,10,14,188
05/12/2019,ICT,KS,ACE,CE,Combined TRACON& Tower with Radar,47,37,35,23,142,0,2,29,6,37,47,39,64,29,179,8,16,24,203
05/13/2019,ICT,KS,ACE,CE,Combined TRACON& Tower with Radar,52,41,74,97,264,0,0,72,11,83,52,41,146,108,347,62,0,62,409
05/14/2019,ICT,KS,ACE,CE,Combined TRACON& Tower with Radar,61,48,66,98,273,0,3,87,0,90,61,51,153,98,363,52,40,92,455
05/15/2019,ICT,KS,ACE,CE,Combined TRACON& Tower with Radar,50,60,73,72,255,0,6,76,9,91,50,66,149,81,346,66,2,68,414
05/16/2019,ICT,KS,ACE,CE,Combined TRACON& Tower with Radar,56,60,91,28,235,0,3,58,8,69,56,63,149,36,304,7,0,7,311
05/17/2019,ICT,KS,ACE,CE,Combined TRACON& Tower with Radar,54,55,73,69,251,0,3,29,5,37,54,58,102,74,288,0,36,36,324
05/18/2019,ICT,KS,ACE,CE,Combined TRACON& Tower with Radar,35,30,27,2,94,0,2,5,1,8,35,32,32,3,102,26,0,26,128
05/19/2019,ICT,KS,ACE,CE,Combined TRACON& Tower with Radar,42,46,56,24,168,0,10,52,1,63,42,56,108,25,231,50,2,52,283
05/20/2019,ICT,KS,ACE,CE,Combined TRACON& Tower with Radar,32,25,36,0,93,0,0,2,0,2,32,25,38,0,95,4,0,4,99
05/21/2019,ICT,KS,ACE,CE,Combined TRACON& Tower with Radar,54,49,56,0,159,0,0,13,0,13,54,49,69,0,172,0,0,0,172
05/22/2019,ICT,KS,ACE,CE,Combined TRACON& Tower with Radar,54,60,99,82,295,1,3,81,14,99,55,63,180,96,394,40,114,154,548
05/23/2019,ICT,KS,ACE,CE,Combined TRACON& Tower with Radar,56,45,88,0,189,0,0,1,0,1,56,45,89,0,190,0,0,0,190
05/24/2019,ICT,KS,ACE,CE,Combined TRACON& Tower with Radar,51,50,58,0,159,0,1,7,1,9,51,51,65,1,168,0,0,0,168
05/25/2019,ICT,KS,ACE,CE,Combined TRACON& Tower with Radar,42,38,45,0,125,0,0,6,0,6,42,38,51,0,131,4,0,4,135
05/26/2019,ICT,KS,ACE,CE,Combined TRACON& Tower with Radar,39,37,17,0,93,0,2,5,1,8,39,39,22,1,101,0,0,0,101
05/27/2019,ICT,KS,ACE,CE,Combined TRACON& Tower with Radar,44,30,20,0,94,0,2,16,0,18,44,32,36,0,112,36,0,36,148
05/28/2019,ICT,KS,ACE,CE,Combined TRACON& Tower with Radar,57,43,77,39,216,0,0,9,1,10,57,43,86,40,226,4,14,18,244
05/29/2019,ICT,KS,ACE,CE,Combined TRACON& Tower with Radar,49,56,85,113,303,0,0,37,4,41,49,56,122,117,344,66,52,118,462
05/30/2019,ICT,KS,ACE,CE,Combined TRACON& Tower with Radar,57,54,84,55,250,0,6,48,7,61,57,60,132,62,311,48,92,140,451
05/31/2019,ICT,KS,ACE,CE,Combined TRACON& Tower with Radar,56,52,91,81,280,0,4,77,7,88,56,56,168,88,368,30,50,80,448
06/01/2019,ICT,KS,ACE,CE,Combined TRACON& Tower with Radar,41,34,40,1,116,0,2,23,4,29,41,36,63,5,145,14,0,14,159
06/02/2019,ICT,KS,ACE,CE,Combined TRACON& Tower with Radar,48,40,44,46,178,0,6,30,4,40,48,46,74,50,218,22,0,22,240
06/03/2019,ICT,KS,ACE,CE,Combined TRACON& Tower with Radar,50,57,70,97,274,0,4,51,5,60,50,61,121,102,334,45,94,139,473
06/04/2019,ICT,KS,ACE,CE,Combined TRACON& Tower with Radar,58,57,69,113,297,1,2,59,3,65,59,59,128,116,362,26,36,62,424
06/05/2019,ICT,KS,ACE,CE,Combined TRACON& Tower with Radar,59,56,81,59,255,0,5,50,8,63,59,61,131,67,318,30,0,30,348
06/06/2019,ICT,KS,ACE,CE,Combined TRACON& Tower with Radar,53,55,59,21,188,0,0,18,2,20,53,55,77,23,208,28,0,28,236
06/07/2019,ICT,KS,ACE,CE,Combined TRACON& Tower with Radar,55,74,77,88,294,0,3,61,6,70,55,77,138,94,364,40,82,122,486
06/08/2019,ICT,KS,ACE,CE,Combined TRACON& Tower with Radar,40,38,37,7,122,0,1,59,6,66,40,39,96,13,188,34,0,34,222
06/09/2019,ICT,KS,ACE,CE,Combined TRACON& Tower with Radar,35,45,42,18,140,0,0,5,0,5,35,45,47,18,145,0,0,0,145
06/10/2019,ICT,KS,ACE,CE,Combined TRACON& Tower with Radar,39,60,68,82,249,0,7,77,8,92,39,67,145,90,341,30,66,96,437
06/11/2019,ICT,KS,ACE,CE,Combined TRACON& Tower with Radar,54,60,90,52,256,1,3,64,6,74,55,63,154,58,330,54,8,62,392
06/12/2019,ICT,KS,ACE,CE,Combined TRACON& Tower with Radar,64,54,61,57,236,1,3,62,0,66,65,57,123,57,302,70,28,98,400
06/13/2019,ICT,KS,ACE,CE,Combined TRACON& Tower with Radar,52,101,99,73,325,1,5,68,8,82,53,106,167,81,407,38,48,86,493
06/14/2019,ICT,KS,ACE,CE,Combined TRACON& Tower with Radar,61,60,58,41,220,0,7,32,5,44,61,67,90,46,264,0,46,46,310
06/15/2019,ICT,KS,ACE,CE,Combined TRACON& Tower with Radar,42,38,42,4,126,0,1,49,8,58,42,39,91,12,184,86,32,118,302
06/16/2019,ICT,KS,ACE,CE,Combined TRACON& Tower with Radar,38,35,54,3,130,0,3,23,2,28,38,38,77,5,158,22,62,84,242
06/17/2019,ICT,KS,ACE,CE,Combined TRACON& Tower with Radar,43,55,87,62,247,0,13,43,4,60,43,68,130,66,307,40,46,86,393
06/18/2019,ICT,KS,ACE,CE,Combined TRACON& Tower with Radar,46,54,98,67,265,0,2,34,6,42,46,56,132,73,307,36,0,36,343
06/19/2019,ICT,KS,ACE,CE,Combined TRACON& Tower with Radar,56,56,123,49,284,0,18,17,4,39,56,74,140,53,323,0,0,0,323
06/20/2019,ICT,KS,ACE,CE,Combined TRACON& Tower with Radar,49,63,92,36,240,0,3,48,4,55,49,66,140,40,295,14,12,26,321
06/21/2019,ICT,KS,ACE,CE,Combined TRACON& Tower with Radar,56,60,85,18,219,0,4,31,1,36,56,64,116,19,255,0,0,0,255
06/22/2019,ICT,KS,ACE,CE,Combined TRACON& Tower with Radar,41,45,42,4,132,0,1,20,3,24,41,46,62,7,156,20,0,20,176
06/23/2019,ICT,KS,ACE,CE,Combined TRACON& Tower with Radar,38,41,39,19,137,0,0,29,3,32,38,41,68,22,169,35,0,35,204
06/24/2019,ICT,KS,ACE,CE,Combined TRACON& Tower with Radar,44,56,103,93,296,0,10,60,9,79,44,66,163,102,375,42,20,62,437
06/25/2019,ICT,KS,ACE,CE,Combined TRACON& Tower with Radar,48,57,98,82,285,0,5,66,8,79,48,62,164,90,364,22,0,22,386
06/26/2019,ICT,KS,ACE,CE,Combined TRACON& Tower with Radar,53,66,109,111,339,0,10,62,6,78,53,76,171,117,417,42,24,66,483
06/27/2019,ICT,KS,ACE,CE,Combined TRACON& Tower with Radar,48,62,91,93,294,0,4,67,10,81,48,66,158,103,375,40,108,148,523
06/28/2019,ICT,KS,ACE,CE,Combined TRACON& Tower with Radar,49,61,87,33,230,0,5,58,6,69,49,66,145,39,299,94,96,190,489
06/29/2019,ICT,KS,ACE,CE,Combined TRACON& Tower with Radar,42,41,41,14,138,0,0,65,8,73,42,41,106,22,211,52,14,66,277
06/30/2019,ICT,KS,ACE,CE,Combined TRACON& Tower with Radar,41,36,26,13,116,0,1,41,13,55,41,37,67,26,171,13,0,13,184
07/01/2019,ICT,KS,ACE,CE,Combined TRACON& Tower with Radar,38,53,51,58,200,0,6,54,6,66,38,59,105,64,266,64,88,152,418
07/02/2019,ICT,KS,ACE,CE,Combined TRACON& Tower with Radar,46,48,53,70,217,0,0,42,4,46,46,48,95,74,263,32,50,82,345
07/03/2019,ICT,KS,ACE,CE,Combined TRACON& Tower with Radar,49,56,33,14,152,0,7,24,1,32,49,63,57,15,184,2,0,2,186
07/04/2019,ICT,KS,ACE,CE,Combined TRACON& Tower with Radar,25,35,15,0,75,0,2,13,1,16,25,37,28,1,91,6,0,6,97
07/05/2019,ICT,KS,ACE,CE,Combined TRACON& Tower with Radar,38,54,16,0,108,0,5,19,2,26,38,59,35,2,134,0,0,0,134
07/06/2019,ICT,KS,ACE,CE,Combined TRACON& Tower with Radar,39,38,19,2,98,0,1,17,0,18,39,39,36,2,116,22,0,22,138
07/07/2019,ICT,KS,ACE,CE,Combined TRACON& Tower with Radar,45,43,52,0,140,0,1,24,0,25,45,44,76,0,165,42,0,42,207
07/08/2019,ICT,KS,ACE,CE,Combined TRACON& Tower with Radar,39,60,51,40,190,0,9,34,8,51,39,69,85,48,241,48,30,78,319
07/09/2019,ICT,KS,ACE,CE,Combined TRACON& Tower with Radar,50,50,79,50,229,0,6,41,2,49,50,56,120,52,278,49,6,55,333
07/10/2019,ICT,KS,ACE,CE,Combined TRACON& Tower with Radar,51,59,83,64,257,0,9,52,0,61,51,68,135,64,318,18,26,44,362
07/11/2019,ICT,KS,ACE,CE,Combined TRACON& Tower with Radar,49,65,76,50,240,0,3,86,2,91,49,68,162,52,331,28,30,58,389
07/12/2019,ICT,KS,ACE,CE,Combined TRACON& Tower with Radar,45,66,75,119,305,0,8,82,8,98,45,74,157,127,403,23,70,93,496
07/13/2019,ICT,KS,ACE,CE,Combined TRACON& Tower with Radar,46,41,49,32,168,0,5,54,4,63,46,46,103,36,231,48,0,48,279
07/14/2019,ICT,KS,ACE,CE,Combined TRACON& Tower with Radar,42,49,49,65,205,0,5,37,1,43,42,54,86,66,248,50,34,84,332
07/15/2019,ICT,KS,ACE,CE,Combined TRACON& Tower with Radar,41,56,83,63,243,0,14,52,4,70,41,70,135,67,313,32,42,74,387
07/16/2019,ICT,KS,ACE,CE,Combined TRACON& Tower with Radar,45,60,69,105,279,0,2,53,6,61,45,62,122,111,340,69,34,103,443
07/17/2019,ICT,KS,ACE,CE,Combined TRACON& Tower with Radar,49,55,77,23,204,0,2,56,5,63,49,57,133,28,267,10,10,20,287
07/18/2019,ICT,KS,ACE,CE,Combined TRACON& Tower with Radar,46,46,89,66,247,0,2,57,6,65,46,48,146,72,312,12,72,84,396
07/19/2019,ICT,KS,ACE,CE,Combined TRACON& Tower with Radar,50,55,83,66,254,0,6,60,8,74,50,61,143,74,328,8,102,110,438
07/20/2019,ICT,KS,ACE,CE,Combined TRACON& Tower with Radar,35,46,34,2,117,0,0,41,1,42,35,46,75,3,159,0,0,0,159
07/21/2019,ICT,KS,ACE,CE,Combined TRACON& Tower with Radar,44,50,54,58,206,0,2,16,1,19,44,52,70,59,225,0,18,18,243
07/22/2019,ICT,KS,ACE,CE,Combined TRACON& Tower with Radar,45,57,74,75,251,0,4,36,3,43,45,61,110,78,294,14,32,46,340
07/23/2019,ICT,KS,ACE,CE,Combined TRACON& Tower with Radar,50,59,54,67,230,1,3,62,8,74,51,62,116,75,304,10,8,18,322
07/24/2019,ICT,KS,ACE,CE,Combined TRACON& Tower with Radar,49,64,80,68,261,0,5,51,1,57,49,69,131,69,318,16,76,92,410
07/25/2019,ICT,KS,ACE,CE,Combined TRACON& Tower with Radar,48,64,89,48,249,0,2,46,8,56,48,66,135,56,305,10,30,40,345
07/26/2019,ICT,KS,ACE,CE,Combined TRACON& Tower with Radar,48,58,67,44,217,0,5,37,7,49,48,63,104,51,266,28,2,30,296
07/27/2019,ICT,KS,ACE,CE,Combined TRACON& Tower with Radar,41,44,42,0,127,0,6,44,0,50,41,50,86,0,177,8,0,8,185
07/28/2019,ICT,KS,ACE,CE,Combined TRACON& Tower with Radar,42,41,46,4,133,0,2,30,2,34,42,43,76,6,167,12,0,12,179
07/29/2019,ICT,KS,ACE,CE,Combined TRACON& Tower with Radar,38,55,62,50,205,0,3,50,2,55,38,58,112,52,260,28,114,142,402
07/30/2019,ICT,KS,ACE,CE,Combined TRACON& Tower with Radar,58,55,59,76,248,0,2,43,12,57,58,57,102,88,305,30,18,48,353
07/31/2019,ICT,KS,ACE,CE,Combined TRACON& Tower with Radar,52,71,90,29,242,0,7,40,7,54,52,78,130,36,296,38,6,44,340
08/01/2019,ICT,KS,ACE,CE,Combined TRACON& Tower with Radar,47,58,85,19,209,0,1,53,9,63,47,59,138,28,272,18,34,52,324
08/02/2019,ICT,KS,ACE,CE,Combined TRACON& Tower with Radar,48,54,66,37,205,0,6,29,2,37,48,60,95,39,242,24,10,34,276
08/03/2019,ICT,KS,ACE,CE,Combined TRACON& Tower with Radar,41,42,33,14,130,0,0,9,0,9,41,42,42,14,139,0,0,0,139
08/04/2019,ICT,KS,ACE,CE,Combined TRACON& Tower with Radar,41,45,41,20,147,0,0,20,2,22,41,45,61,22,169,64,18,82,251
08/05/2019,ICT,KS,ACE,CE,Combined TRACON& Tower with Radar,41,53,72,75,241,0,2,53,8,63,41,55,125,83,304,20,144,164,468
08/06/2019,ICT,KS,ACE,CE,Combined TRACON& Tower with Radar,46,60,68,46,220,0,1,38,2,41,46,61,106,48,261,24,24,48,309
08/07/2019,ICT,KS,ACE,CE,Combined TRACON& Tower with Radar,49,60,71,39,219,0,1,38,6,45,49,61,109,45,264,20,20,40,304
08/08/2019,ICT,KS,ACE,CE,Combined TRACON& Tower with Radar,44,66,86,8,204,1,0,11,6,18,45,66,97,14,222,0,0,0,222
08/09/2019,ICT,KS,ACE,CE,Combined TRACON& Tower with Radar,51,50,73,26,200,0,2,10,2,14,51,52,83,28,214,16,0,16,230
08/10/2019,ICT,KS,ACE,CE,Combined TRACON& Tower with Radar,42,55,39,0,136,0,5,7,1,13,42,60,46,1,149,26,0,26,175
08/11/2019,ICT,KS,ACE,CE,Combined TRACON& Tower with Radar,41,49,41,1,132,0,4,24,1,29,41,53,65,2,161,8,0,8,169
08/12/2019,ICT,KS,ACE,CE,Combined TRACON& Tower with Radar,42,53,65,11,171,1,3,36,8,48,43,56,101,19,219,34,0,34,253
08/13/2019,ICT,KS,ACE,CE,Combined TRACON& Tower with Radar,48,60,81,109,298,0,2,46,4,52,48,62,127,113,350,48,68,116,466
08/14/2019,ICT,KS,ACE,CE,Combined TRACON& Tower with Radar,46,64,72,54,236,2,6,52,12,72,48,70,124,66,308,86,110,196,504
08/15/2019,ICT,KS,ACE,CE,Combined TRACON& Tower with Radar,49,69,96,85,299,5,4,65,8,82,54,73,161,93,381,32,98,130,511
08/16/2019,ICT,KS,ACE,CE,Combined TRACON& Tower with Radar,48,65,66,19,198,0,6,36,8,50,48,71,102,27,248,70,8,78,326
08/17/2019,ICT,KS,ACE,CE,Combined TRACON& Tower with Radar,31,46,27,1,105,0,1,23,7,31,31,47,50,8,136,10,0,10,146
08/18/2019,ICT,KS,ACE,CE,Combined TRACON& Tower with Radar,36,42,28,0,106,0,3,19,9,31,36,45,47,9,137,28,0,28,165
08/19/2019,ICT,KS,ACE,CE,Combined TRACON& Tower with Radar,43,54,68,27,192,0,5,49,0,54,43,59,117,27,246,58,96,154,400
08/20/2019,ICT,KS,ACE,CE,Combined TRACON& Tower with Radar,45,56,71,38,210,0,6,50,4,60,45,62,121,42,270,40,50,90,360
08/21/2019,ICT,KS,ACE,CE,Combined TRACON& Tower with Radar,45,52,66,22,185,0,1,40,5,46,45,53,106,27,231,34,38,72,303
08/22/2019,ICT,KS,ACE,CE,Combined TRACON& Tower with Radar,47,59,95,21,222,0,3,16,3,22,47,62,111,24,244,10,0,10,254
08/23/2019,ICT,KS,ACE,CE,Combined TRACON& Tower with Radar,48,55,66,8,177,0,1,14,1,16,48,56,80,9,193,12,0,12,205
08/24/2019,ICT,KS,ACE,CE,Combined TRACON& Tower with Radar,30,50,35,3,118,0,6,6,0,12,30,56,41,3,130,0,0,0,130
08/25/2019,ICT,KS,ACE,CE,Combined TRACON& Tower with Radar,39,40,54,15,148,0,0,27,0,27,39,40,81,15,175,40,10,50,225
08/26/2019,ICT,KS,ACE,CE,Combined TRACON& Tower with Radar,58,46,98,31,233,0,3,27,1,31,58,49,125,32,264,24,30,54,318
08/27/2019,ICT,KS,ACE,CE,Combined TRACON& Tower with Radar,53,69,78,36,236,3,1,66,7,77,56,70,144,43,313,62,68,130,443
08/28/2019,ICT,KS,ACE,CE,Combined TRACON& Tower with Radar,46,65,100,49,260,0,7,82,9,98,46,72,182,58,358,48,0,48,406
08/29/2019,ICT,KS,ACE,CE,Combined TRACON& Tower with Radar,52,67,108,6,233,1,1,86,6,94,53,68,194,12,327,58,0,58,385
08/30/2019,ICT,KS,ACE,CE,Combined TRACON& Tower with Radar,60,66,63,1,190,0,3,48,4,55,60,69,111,5,245,8,0,8,253
08/31/2019,ICT,KS,ACE,CE,Combined TRACON& Tower with Radar,35,38,41,1,115,0,3,20,1,24,35,41,61,2,139,26,0,26,165
09/01/2019,ICT,KS,ACE,CE,Combined TRACON& Tower with Radar,34,34,26,1,95,0,2,21,0,23,34,36,47,1,118,0,0,0,118
09/02/2019,ICT,KS,ACE,CE,Combined TRACON& Tower with Radar,40,43,33,0,116,0,2,26,3,31,40,45,59,3,147,30,0,30,177
09/03/2019,ICT,KS,ACE,CE,Combined TRACON& Tower with Radar,43,50,92,32,217,0,4,47,4,55,43,54,139,36,272,42,0,42,314
09/04/2019,ICT,KS,ACE,CE,Combined TRACON& Tower with Radar,57,50,81,41,229,0,0,41,3,44,57,50,122,44,273,18,0,18,291
09/05/2019,ICT,KS,ACE,CE,Combined TRACON& Tower with Radar,52,51,85,27,215,0,4,60,4,68,52,55,145,31,283,32,0,32,315
09/06/2019,ICT,KS,ACE,CE,Combined TRACON& Tower with Radar,51,52,54,26,183,0,8,45,2,55,51,60,99,28,238,36,4,40,278
09/07/2019,ICT,KS,ACE,CE,Combined TRACON& Tower with Radar,37,39,37,6,119,0,3,26,4,33,37,42,63,10,152,14,4,18,170
09/08/2019,ICT,KS,ACE,CE,Combined TRACON& Tower with Radar,47,41,35,8,131,0,2,30,2,34,47,43,65,10,165,10,46,56,221
09/09/2019,ICT,KS,ACE,CE,Combined TRACON& Tower with Radar,46,39,68,54,207,0,3,27,3,33,46,42,95,57,240,50,56,106,346
09/10/2019,ICT,KS,ACE,CE,Combined TRACON& Tower with Radar,55,50,86,32,223,0,0,48,6,54,55,50,134,38,277,38,28,66,343
09/11/2019,ICT,KS,ACE,CE,Combined TRACON& Tower with Radar,51,60,93,43,247,0,3,56,3,62,51,63,149,46,309,32,58,90,399
09/12/2019,ICT,KS,ACE,CE,Combined TRACON& Tower with Radar,51,59,75,8,193,0,1,7,2,10,51,60,82,10,203,16,0,16,219
09/13/2019,ICT,KS,ACE,CE,Combined TRACON& Tower with Radar,52,56,77,128,313,0,1,60,14,75,52,57,137,142,388,32,42,74,462
09/14/2019,ICT,KS,ACE,CE,Combined TRACON& Tower with Radar,35,48,40,5,128,0,10,26,4,40,35,58,66,9,168,0,0,0,168
09/15/2019,ICT,KS,ACE,CE,Combined TRACON& Tower with Radar,47,38,51,12,148,0,0,23,3,26,47,38,74,15,174,10,0,10,184
09/16/2019,ICT,KS,ACE,CE,Combined TRACON& Tower with Radar,42,56,87,35,220,0,4,50,4,58,42,60,137,39,278,12,0,12,290
09/17/2019,ICT,KS,ACE,CE,Combined TRACON& Tower with Radar,53,56,87,66,262,0,3,49,17,69,53,59,136,83,331,52,38,90,421
09/18/2019,ICT,KS,ACE,CE,Combined TRACON& Tower with Radar,47,63,88,51,249,0,1,45,8,54,47,64,133,59,303,16,24,40,343
09/19/2019,ICT,KS,ACE,CE,Combined TRACON& Tower with Radar,52,56,86,108,302,0,6,64,7,77,52,62,150,115,379,86,30,116,495
09/20/2019,ICT,KS,ACE,CE,Combined TRACON& Tower with Radar,50,48,110,47,255,0,2,7,2,11,50,50,117,49,266,16,0,16,282
09/21/2019,ICT,KS,ACE,CE,Combined TRACON& Tower with Radar,34,40,41,1,116,0,0,3,4,7,34,40,44,5,123,0,0,0,123
09/22/2019,ICT,KS,ACE,CE,Combined TRACON& Tower with Radar,45,44,55,0,144,0,0,24,1,25,45,44,79,1,169,24,0,24,193
09/23/2019,ICT,KS,ACE,CE,Combined TRACON& Tower with Radar,45,51,110,120,326,0,9,45,2,56,45,60,155,122,382,78,6,84,466
09/24/2019,ICT,KS,ACE,CE,Combined TRACON& Tower with Radar,54,56,117,51,278,0,0,10,3,13,54,56,127,54,291,20,0,20,311
09/25/2019,ICT,KS,ACE,CE,Combined TRACON& Tower with Radar,50,46,108,35,239,0,1,64,5,70,50,47,172,40,309,2,16,18,327
09/26/2019,ICT,KS,ACE,CE,Combined TRACON& Tower with Radar,54,56,133,85,328,0,0,31,0,31,54,56,164,85,359,22,26,48,407
09/27/2019,ICT,KS,ACE,CE,Combined TRACON& Tower with Radar,53,60,99,39,251,0,4,58,5,67,53,64,157,44,318,30,34,64,382
09/28/2019,ICT,KS,ACE,CE,Combined TRACON& Tower with Radar,34,44,41,2,121,0,0,3,0,3,34,44,44,2,124,12,0,12,136
09/29/2019,ICT,KS,ACE,CE,Combined TRACON& Tower with Radar,46,38,67,50,201,0,0,9,8,17,46,38,76,58,218,0,30,30,248
09/30/2019,ICT,KS,ACE,CE,Combined TRACON& Tower with Radar,44,52,75,68,239,0,0,49,6,55,44,52,124,74,294,60,46,106,400
10/01/2019,ICT,KS,ACE,CE,Combined TRACON& Tower with Radar,55,51,65,24,195,0,0,33,0,33,55,51,98,24,228,8,122,130,358
10/02/2019,ICT,KS,ACE,CE,Combined TRACON& Tower with Radar,50,57,69,12,188,0,2,25,2,29,50,59,94,14,217,24,0,24,241
10/03/2019,ICT,KS,ACE,CE,Combined TRACON& Tower with Radar,52,61,108,10,231,0,2,20,0,22,52,63,128,10,253,102,10,112,365
10/04/2019,ICT,KS,ACE,CE,Combined TRACON& Tower with Radar,57,48,81,18,204,0,0,5,0,5,57,48,86,18,209,8,18,26,235
10/05/2019,ICT,KS,ACE,CE,Combined TRACON& Tower with Radar,40,34,23,0,97,0,9,22,1,32,40,43,45,1,129,60,0,60,189
10/06/2019,ICT,KS,ACE,CE,Combined TRACON& Tower with Radar,36,48,43,27,154,0,5,22,0,27,36,53,65,27,181,20,0,20,201
10/07/2019,ICT,KS,ACE,CE,Combined TRACON& Tower with Radar,49,46,68,81,244,0,4,71,7,82,49,50,139,88,326,60,66,126,452
10/08/2019,ICT,KS,ACE,CE,Combined TRACON& Tower with Radar,55,52,91,93,291,0,4,60,5,69,55,56,151,98,360,80,32,112,472
10/09/2019,ICT,KS,ACE,CE,Combined TRACON& Tower with Radar,53,55,72,99,279,0,4,21,1,26,53,59,93,100,305,26,12,38,343
10/10/2019,ICT,KS,ACE,CE,Combined TRACON& Tower with Radar,53,56,94,45,248,0,2,7,0,9,53,58,101,45,257,0,0,0,257
10/11/2019,ICT,KS,ACE,CE,Combined TRACON& Tower with Radar,53,51,54,38,196,1,0,61,2,64,54,51,115,40,260,70,58,128,388
10/12/2019,ICT,KS,ACE,CE,Combined TRACON& Tower with Radar,39,38,21,0,98,0,3,31,0,34,39,41,52,0,132,20,0,20,152
10/13/2019,ICT,KS,ACE,CE,Combined TRACON& Tower with Radar,38,42,43,0,123,0,0,39,0,39,38,42,82,0,162,26,0,26,188
10/14/2019,ICT,KS,ACE,CE,Combined TRACON& Tower with Radar,47,45,78,1,171,0,6,51,5,62,47,51,129,6,233,46,0,46,279
10/15/2019,ICT,KS,ACE,CE,Combined TRACON& Tower with Radar,55,62,69,59,245,0,0,46,2,48,55,62,115,61,293,70,106,176,469
10/16/2019,ICT,KS,ACE,CE,Combined TRACON& Tower with Radar,63,44,101,78,286,0,3,74,12,89,63,47,175,90,375,70,74,144,519
10/17/2019,ICT,KS,ACE,CE,Combined TRACON& Tower with Radar,56,50,98,85,289,0,2,61,3,66,56,52,159,88,355,50,60,110,465
10/18/2019,ICT,KS,ACE,CE,Combined TRACON& Tower with Radar,55,55,89,74,273,1,4,50,5,60,56,59,139,79,333,32,28,60,393
10/19/2019,ICT,KS,ACE,CE,Combined TRACON& Tower with Radar,39,49,44,3,135,0,2,42,1,45,39,51,86,4,180,36,0,36,216
10/20/2019,ICT,KS,ACE,CE,Combined TRACON& Tower with Radar,40,50,49,2,141,0,3,18,5,26,40,53,67,7,167,6,0,6,173
10/21/2019,ICT,KS,ACE,CE,Combined TRACON& Tower with Radar,46,52,63,13,174,0,0,28,0,28,46,52,91,13,202,8,0,8,210
10/22/2019,ICT,KS,ACE,CE,Combined TRACON& Tower with Radar,53,55,74,41,223,0,5,53,1,59,53,60,127,42,282,18,0,18,300
10/23/2019,ICT,KS,ACE,CE,Combined TRACON& Tower with Radar,53,55,89,39,236,0,6,68,2,76,53,61,157,41,312,48,20,68,380
10/24/2019,ICT,KS,ACE,CE,Combined TRACON& Tower with Radar,46,57,110,43,256,0,1,9,4,14,46,58,119,47,270,22,46,68,338
10/25/2019,ICT,KS,ACE,CE,Combined TRACON& Tower with Radar,55,50,96,48,249,0,2,41,9,52,55,52,137,57,301,28,42,70,371
10/26/2019,ICT,KS,ACE,CE,Combined TRACON& Tower with Radar,37,44,41,4,126,0,1,55,4,60,37,45,96,8,186,14,0,14,200
10/27/2019,ICT,KS,ACE,CE,Combined TRACON& Tower with Radar,37,35,31,2,105,0,0,16,2,18,37,35,47,4,123,22,0,22,145
10/28/2019,ICT,KS,ACE,CE,Combined TRACON& Tower with Radar,44,45,86,22,197,0,0,13,0,13,44,45,99,22,210,30,14,44,254
10/29/2019,ICT,KS,ACE,CE,Combined TRACON& Tower with Radar,47,60,80,27,214,0,1,9,0,10,47,61,89,27,224,16,0,16,240
10/30/2019,ICT,KS,ACE,CE,Combined TRACON& Tower with Radar,49,59,67,0,175,0,0,1,0,1,49,59,68,0,176,0,0,0,176
10/31/2019,ICT,KS,ACE,CE,Combined TRACON& Tower with Radar,50,62,73,58,243,1,2,59,8,70,51,64,132,66,313,84,58,142,455
11/01/2019,ICT,KS,ACE,CE,Combined TRACON& Tower with Radar,54,64,62,46,226,2,6,67,9,84,56,70,129,55,310,28,18,46,356
11/02/2019,ICT,KS,ACE,CE,Combined TRACON& Tower with Radar,34,41,38,2,115,0,5,43,1,49,34,46,81,3,164,20,24,44,208
11/03/2019,ICT,KS,ACE,CE,Combined TRACON& Tower with Radar,42,42,50,21,155,0,2,22,1,25,42,44,72,22,180,48,18,66,246
11/04/2019,ICT,KS,ACE,CE,Combined TRACON& Tower with Radar,48,50,75,59,232,0,2,48,6,56,48,52,123,65,288,46,4,50,338
11/05/2019,ICT,KS,ACE,CE,Combined TRACON& Tower with Radar,49,70,76,115,310,0,8,48,10,66,49,78,124,125,376,102,20,122,498
11/06/2019,ICT,KS,ACE,CE,Combined TRACON& Tower with Radar,51,67,109,126,353,0,4,32,9,45,51,71,141,135,398,0,110,110,508
11/07/2019,ICT,KS,ACE,CE,Combined TRACON& Tower with Radar,51,60,96,68,275,1,9,32,10,52,52,69,128,78,327,10,48,58,385
11/08/2019,ICT,KS,ACE,CE,Combined TRACON& Tower with Radar,53,57,84,74,268,0,10,38,18,66,53,67,122,92,334,126,44,170,504
11/09/2019,ICT,KS,ACE,CE,Combined TRACON& Tower with Radar,37,44,43,3,127,0,3,40,1,44,37,47,83,4,171,44,0,44,215
11/10/2019,ICT,KS,ACE,CE,Combined TRACON& Tower with Radar,42,51,56,1,150,0,2,35,0,37,42,53,91,1,187,24,0,24,211
11/11/2019,ICT,KS,ACE,CE,Combined TRACON& Tower with Radar,42,50,48,0,140,0,0,1,0,1,42,50,49,0,141,0,0,0,141
11/12/2019,ICT,KS,ACE,CE,Combined TRACON& Tower with Radar,54,59,83,39,235,0,5,55,14,74,54,64,138,53,309,100,36,136,445
11/13/2019,ICT,KS,ACE,CE,Combined TRACON& Tower with Radar,55,56,81,42,234,0,0,39,6,45,55,56,120,48,279,42,20,62,341
11/14/2019,ICT,KS,ACE,CE,Combined TRACON& Tower with Radar,55,49,94,61,259,3,5,56,12,76,58,54,150,73,335,26,58,84,419
11/15/2019,ICT,KS,ACE,CE,Combined TRACON& Tower with Radar,60,71,64,89,284,3,2,50,13,68,63,73,114,102,352,12,24,36,388
11/16/2019,ICT,KS,ACE,CE,Combined TRACON& Tower with Radar,36,44,29,0,109,0,2,14,3,19,36,46,43,3,128,6,0,6,134
11/17/2019,ICT,KS,ACE,CE,Combined TRACON& Tower with Radar,39,54,24,24,141,0,0,16,1,17,39,54,40,25,158,6,6,12,170
11/18/2019,ICT,KS,ACE,CE,Combined TRACON& Tower with Radar,49,47,70,66,232,0,7,41,4,52,49,54,111,70,284,42,70,112,396
11/19/2019,ICT,KS,ACE,CE,Combined TRACON& Tower with Radar,57,56,83,109,305,0,6,47,6,59,57,62,130,115,364,60,74,134,498
11/20/2019,ICT,KS,ACE,CE,Combined TRACON& Tower with Radar,54,55,75,34,218,0,3,8,1,12,54,58,83,35,230,0,10,10,240
11/21/2019,ICT,KS,ACE,CE,Combined TRACON& Tower with Radar,47,62,113,30,252,0,2,13,2,17,47,64,126,32,269,24,18,42,311
11/22/2019,ICT,KS,ACE,CE,Combined TRACON& Tower with Radar,58,59,71,1,189,0,0,0,1,1,58,59,71,2,190,0,0,0,190
11/23/2019,ICT,KS,ACE,CE,Combined TRACON& Tower with Radar,39,54,44,2,139,0,4,38,4,46,39,58,82,6,185,42,0,42,227
11/24/2019,ICT,KS,ACE,CE,Combined TRACON& Tower with Radar,37,50,50,1,138,0,2,43,8,53,37,52,93,9,191,28,0,28,219
11/25/2019,ICT,KS,ACE,CE,Combined TRACON& Tower with Radar,47,49,65,8,169,0,1,73,11,85,47,50,138,19,254,30,0,30,284
11/26/2019,ICT,KS,ACE,CE,Combined TRACON& Tower with Radar,49,51,55,0,155,0,0,35,9,44,49,51,90,9,199,42,0,42,241
11/27/2019,ICT,KS,ACE,CE,Combined TRACON& Tower with Radar,57,51,33,63,204,0,4,37,3,44,57,55,70,66,248,16,6,22,270
11/28/2019,ICT,KS,ACE,CE,Combined TRACON& Tower with Radar,22,25,0,0,47,0,0,0,0,0,22,25,0,0,47,0,0,0,47
11/29/2019,ICT,KS,ACE,CE,Combined TRACON& Tower with Radar,37,34,16,0,87,0,0,0,0,0,37,34,16,0,87,0,0,0,87
11/30/2019,ICT,KS,ACE,CE,Combined TRACON& Tower with Radar,47,47,23,1,118,0,0,5,4,9,47,47,28,5,127,0,0,0,127
12/01/2019,ICT,KS,ACE,CE,Combined TRACON& Tower with Radar,42,36,55,0,133,0,0,14,4,18,42,36,69,4,151,0,0,0,151
12/02/2019,ICT,KS,ACE,CE,Combined TRACON& Tower with Radar,48,60,68,91,267,0,7,38,3,48,48,67,106,94,315,24,28,52,367
12/03/2019,ICT,KS,ACE,CE,Combined TRACON& Tower with Radar,50,63,76,84,273,0,5,54,10,69,50,68,130,94,342,36,34,70,412
12/04/2019,ICT,KS,ACE,CE,Combined TRACON& Tower with Radar,53,53,96,81,283,0,2,57,5,64,53,55,153,86,347,76,22,98,445
12/05/2019,ICT,KS,ACE,CE,Combined TRACON& Tower with Radar,56,58,94,17,225,0,1,33,2,36,56,59,127,19,261,12,48,60,321
12/06/2019,ICT,KS,ACE,CE,Combined TRACON& Tower with Radar,60,54,94,86,294,0,6,31,7,44,60,60,125,93,338,16,56,72,410
12/07/2019,ICT,KS,ACE,CE,Combined TRACON& Tower with Radar,45,33,25,1,104,0,3,39,3,45,45,36,64,4,149,38,0,38,187
12/08/2019,ICT,KS,ACE,CE,Combined TRACON& Tower with Radar,50,39,54,13,156,0,1,30,3,34,50,40,84,16,190,26,0,26,216
12/09/2019,ICT,KS,ACE,CE,Combined TRACON& Tower with Radar,57,52,77,71,257,0,3,20,2,25,57,55,97,73,282,22,44,66,348
12/10/2019,ICT,KS,ACE,CE,Combined TRACON& Tower with Radar,54,62,83,75,274,0,7,50,5,62,54,69,133,80,336,20,6,26,362
12/11/2019,ICT,KS,ACE,CE,Combined TRACON& Tower with Radar,62,54,88,46,250,0,2,42,5,49,62,56,130,51,299,26,14,40,339
12/12/2019,ICT,KS,ACE,CE,Combined TRACON& Tower with Radar,56,67,85,57,265,0,3,33,8,44,56,70,118,65,309,10,12,22,331
12/13/2019,ICT,KS,ACE,CE,Combined TRACON& Tower with Radar,60,55,89,29,233,1,2,57,6,66,61,57,146,35,299,2,20,22,321
12/14/2019,ICT,KS,ACE,CE,Combined TRACON& Tower with Radar,42,43,48,0,133,0,0,8,0,8,42,43,56,0,141,0,0,0,141
12/15/2019,ICT,KS,ACE,CE,Combined TRACON& Tower with Radar,52,29,31,0,112,0,0,0,0,0,52,29,31,0,112,0,0,0,112
12/16/2019,ICT,KS,ACE,CE,Combined TRACON& Tower with Radar,52,42,48,0,142,0,0,0,0,0,52,42,48,0,142,0,0,0,142
12/17/2019,ICT,KS,ACE,CE,Combined TRACON& Tower with Radar,58,48,99,9,214,1,5,51,10,67,59,53,150,19,281,42,0,42,323
12/18/2019,ICT,KS,ACE,CE,Combined TRACON& Tower with Radar,59,64,104,43,270,1,2,49,5,57,60,66,153,48,327,48,24,72,399
12/19/2019,ICT,KS,ACE,CE,Combined TRACON& Tower with Radar,53,72,108,32,265,0,4,33,6,43,53,76,141,38,308,12,36,48,356
12/20/2019,ICT,KS,ACE,CE,Combined TRACON& Tower with Radar,63,66,86,46,261,2,7,41,6,56,65,73,127,52,317,10,6,16,333
12/21/2019,ICT,KS,ACE,CE,Combined TRACON& Tower with Radar,52,45,51,1,149,0,2,20,4,26,52,47,71,5,175,44,0,44,219
12/22/2019,ICT,KS,ACE,CE,Combined TRACON& Tower with Radar,42,49,30,4,125,0,1,25,1,27,42,50,55,5,152,64,0,64,216
12/23/2019,ICT,KS,ACE,CE,Combined TRACON& Tower with Radar,46,51,43,19,159,0,2,31,5,38,46,53,74,24,197,0,0,0,197
12/24/2019,ICT,KS,ACE,CE,Combined TRACON& Tower with Radar,44,44,20,0,108,0,4,9,1,14,44,48,29,1,122,0,0,0,122
12/25/2019,ICT,KS,ACE,CE,Combined TRACON& Tower with Radar,38,39,8,0,85,0,1,10,3,14,38,40,18,3,99,0,0,0,99
12/26/2019,ICT,KS,ACE,CE,Combined TRACON& Tower with Radar,49,50,49,0,148,0,3,8,0,11,49,53,57,0,159,0,0,0,159
12/27/2019,ICT,KS,ACE,CE,Combined TRACON& Tower with Radar,62,66,60,4,192,0,0,2,1,3,62,66,62,5,195,0,0,0,195
12/28/2019,ICT,KS,ACE,CE,Combined TRACON& Tower with Radar,45,31,30,0,106,0,0,0,0,0,45,31,30,0,106,0,0,0,106
12/29/2019,ICT,KS,ACE,CE,Combined TRACON& Tower with Radar,42,45,61,0,148,0,2,1,2,5,42,47,62,2,153,6,0,6,159
12/30/2019,ICT,KS,ACE,CE,Combined TRACON& Tower with Radar,53,44,37,0,134,0,0,25,5,30,53,44,62,5,164,6,0,6,170
12/31/2019,ICT,KS,ACE,CE,Combined TRACON& Tower with Radar,44,45,43,0,132,0,2,29,1,32,44,47,72,1,164,44,0,44,208
01/01/2020,ICT,KS,ACE,CE,Combined TRACON& Tower with Radar,41,33,23,0,97,0,2,18,0,20,41,35,41,0,117,0,0,0,117
01/02/2020,ICT,KS,ACE,CE,Combined TRACON& Tower with Radar,43,45,50,0,138,0,0,19,0,19,43,45,69,0,157,2,0,2,159
01/03/2020,ICT,KS,ACE,CE,Combined TRACON& Tower with Radar,54,64,37,16,171,0,1,28,1,30,54,65,65,17,201,52,20,72,273
01/04/2020,ICT,KS,ACE,CE,Combined TRACON& Tower with Radar,46,39,56,2,143,0,3,37,0,40,46,42,93,2,183,22,0,22,205
01/05/2020,ICT,KS,ACE,CE,Combined TRACON& Tower with Radar,41,44,27,0,112,0,2,17,0,19,41,46,44,0,131,12,0,12,143
01/06/2020,ICT,KS,ACE,CE,Combined TRACON& Tower with Radar,55,43,61,57,216,0,4,36,0,40,55,47,97,57,256,8,38,46,302
01/07/2020,ICT,KS,ACE,CE,Combined TRACON& Tower with Radar,54,42,70,69,235,0,3,49,0,52,54,45,119,69,287,36,40,76,363
01/08/2020,ICT,KS,ACE,CE,Combined TRACON& Tower with Radar,58,50,51,68,227,0,4,25,1,30,58,54,76,69,257,2,28,30,287
01/09/2020,ICT,KS,ACE,CE,Combined TRACON& Tower with Radar,58,46,68,104,276,0,6,37,2,45,58,52,105,106,321,26,108,134,455
01/10/2020,ICT,KS,ACE,CE,Combined TRACON& Tower with Radar,58,47,35,0,140,0,0,0,0,0,58,47,35,0,140,0,0,0,140
01/11/2020,ICT,KS,ACE,CE,Combined TRACON& Tower with Radar,37,28,38,0,103,0,4,12,1,17,37,32,50,1,120,32,0,32,152
01/12/2020,ICT,KS,ACE,CE,Combined TRACON& Tower with Radar,44,43,47,0,134,0,0,4,1,5,44,43,51,1,139,0,0,0,139
01/13/2020,ICT,KS,ACE,CE,Combined TRACON& Tower with Radar,56,46,70,25,197,0,0,0,0,0,56,46,70,25,197,0,0,0,197
01/14/2020,ICT,KS,ACE,CE,Combined TRACON& Tower with Radar,54,55,77,51,237,0,0,6,3,9,54,55,83,54,246,24,0,24,270
01/15/2020,ICT,KS,ACE,CE,Combined TRACON& Tower with Radar,57,62,59,83,261,0,4,23,1,28,57,66,82,84,289,18,8,26,315
01/16/2020,ICT,KS,ACE,CE,Combined TRACON& Tower with Radar,60,52,74,68,254,0,4,24,4,32,60,56,98,72,286,8,60,68,354
01/17/2020,ICT,KS,ACE,CE,Combined TRACON& Tower with Radar,60,37,38,2,137,0,0,0,0,0,60,37,38,2,137,0,0,0,137
01/18/2020,ICT,KS,ACE,CE,Combined TRACON& Tower with Radar,37,38,34,2,111,0,5,13,3,21,37,43,47,5,132,8,0,8,140
01/19/2020,ICT,KS,ACE,CE,Combined TRACON& Tower with Radar,39,35,31,50,155,0,1,26,3,30,39,36,57,53,185,18,30,48,233
01/20/2020,ICT,KS,ACE,CE,Combined TRACON& Tower with Radar,57,39,50,6,152,0,3,34,6,43,57,42,84,12,195,22,0,22,217
01/21/2020,ICT,KS,ACE,CE,Combined TRACON& Tower with Radar,54,48,67,43,212,0,3,40,1,44,54,51,107,44,256,54,0,54,310
01/22/2020,ICT,KS,ACE,CE,Combined TRACON& Tower with Radar,55,49,46,0,150,0,0,0,0,0,55,49,46,0,150,0,0,0,150
01/23/2020,ICT,KS,ACE,CE,Combined TRACON& Tower with Radar,60,45,61,16,182,2,0,11,2,15,62,45,72,18,197,52,0,52,249
01/24/2020,ICT,KS,ACE,CE,Combined TRACON& Tower with Radar,66,50,60,27,203,0,0,5,1,6,66,50,65,28,209,26,26,52,261
01/25/2020,ICT,KS,ACE,CE,Combined TRACON& Tower with Radar,36,38,47,3,124,0,2,38,2,42,36,40,85,5,166,28,0,28,194
01/26/2020,ICT,KS,ACE,CE,Combined TRACON& Tower with Radar,45,41,57,22,165,0,4,29,5,38,45,45,86,27,203,18,18,36,239
01/27/2020,ICT,KS,ACE,CE,Combined TRACON& Tower with Radar,57,44,87,43,231,0,2,52,6,60,57,46,139,49,291,62,130,192,483
01/28/2020,ICT,KS,ACE,CE,Combined TRACON& Tower with Radar,57,34,33,0,124,0,0,0,0,0,57,34,33,0,124,0,0,0,124
01/29/2020,ICT,KS,ACE,CE,Combined TRACON& Tower with Radar,58,43,74,34,209,0,0,5,0,5,58,43,79,34,214,78,54,132,346
01/30/2020,ICT,KS,ACE,CE,Combined TRACON& Tower with Radar,59,62,77,43,241,0,0,0,0,0,59,62,77,43,241,0,0,0,241
01/31/2020,ICT,KS,ACE,CE,Combined TRACON& Tower with Radar,62,54,90,34,240,0,2,52,4,58,62,56,142,38,298,26,38,64,362
02/01/2020,ICT,KS,ACE,CE,Combined TRACON& Tower with Radar,34,34,56,3,127,0,4,41,3,48,34,38,97,6,175,40,30,70,245
02/02/2020,ICT,KS,ACE,CE,Combined TRACON& Tower with Radar,40,34,32,19,125,0,2,25,3,30,40,36,57,22,155,0,0,0,155
02/03/2020,ICT,KS,ACE,CE,Combined TRACON& Tower with Radar,58,36,74,47,215,0,4,14,0,18,58,40,88,47,233,4,0,4,237
02/04/2020,ICT,KS,ACE,CE,Combined TRACON& Tower with Radar,54,56,55,0,165,0,0,2,0,2,54,56,57,0,167,10,0,10,177
02/05/2020,ICT,KS,ACE,CE,Combined TRACON& Tower with Radar,56,44,48,25,173,0,0,16,3,19,56,44,64,28,192,24,34,58,250
02/06/2020,ICT,KS,ACE,CE,Combined TRACON& Tower with Radar,58,62,68,64,252,0,3,61,2,66,58,65,129,66,318,94,48,142,460
02/07/2020,ICT,KS,ACE,CE,Combined TRACON& Tower with Radar,65,50,61,44,220,0,1,48,3,52,65,51,109,47,272,16,36,52,324
02/08/2020,ICT,KS,ACE,CE,Combined TRACON& Tower with Radar,39,35,30,4,108,0,2,33,2,37,39,37,63,6,145,0,0,0,145
02/09/2020,ICT,KS,ACE,CE,Combined TRACON& Tower with Radar,45,34,41,16,136,0,0,11,0,11,45,34,52,16,147,0,12,12,159
02/10/2020,ICT,KS,ACE,CE,Combined TRACON& Tower with Radar,56,58,69,81,264,0,0,17,0,17,56,58,86,81,281,76,36,112,393
02/11/2020,ICT,KS,ACE,CE,Combined TRACON& Tower with Radar,57,50,82,89,278,0,3,26,2,31,57,53,108,91,309,0,122,122,431
02/12/2020,ICT,KS,ACE,CE,Combined TRACON& Tower with Radar,56,43,36,0,135,0,0,0,0,0,56,43,36,0,135,0,0,0,135
02/13/2020,ICT,KS,ACE,CE,Combined TRACON& Tower with Radar,56,56,95,33,240,0,1,27,0,28,56,57,122,33,268,2,86,88,356
02/14/2020,ICT,KS,ACE,CE,Combined TRACON& Tower with Radar,57,56,73,47,233,0,7,24,4,35,57,63,97,51,268,68,200,268,536
02/15/2020,ICT,KS,ACE,CE,Combined TRACON& Tower with Radar,40,35,27,2,104,0,2,23,5,30,40,37,50,7,134,6,0,6,140
02/16/2020,ICT,KS,ACE,CE,Combined TRACON& Tower with Radar,41,36,33,0,110,0,5,26,2,33,41,41,59,2,143,28,0,28,171
02/17/2020,ICT,KS,ACE,CE,Combined TRACON& Tower with Radar,50,57,97,2,206,0,10,35,4,49,50,67,132,6,255,100,8,108,363
02/18/2020,ICT,KS,ACE,CE,Combined TRACON& Tower with Radar,49,62,73,78,262,0,1,28,5,34,49,63,101,83,296,28,38,66,362
02/19/2020,ICT,KS,ACE,CE,Combined TRACON& Tower with Radar,56,45,88,40,229,1,4,20,11,36,57,49,108,51,265,34,6,40,305
02/20/2020,ICT,KS,ACE,CE,Combined TRACON& Tower with Radar,54,52,90,33,229,2,2,23,1,28,56,54,113,34,257,2,0,2,259
02/21/2020,ICT,KS,ACE,CE,Combined TRACON& Tower with Radar,56,60,64,64,244,0,4,39,11,54,56,64,103,75,298,10,106,116,414
02/22/2020,ICT,KS,ACE,CE,Combined TRACON& Tower with Radar,39,40,35,13,127,0,3,40,5,48,39,43,75,18,175,20,0,20,195
02/23/2020,ICT,KS,ACE,CE,Combined TRACON& Tower with Radar,50,37,39,7,133,0,0,4,2,6,50,37,43,9,139,0,0,0,139
02/24/2020,ICT,KS,ACE,CE,Combined TRACON& Tower with Radar,43,54,74,29,200,0,0,6,1,7,43,54,80,30,207,0,52,52,259
02/25/2020,ICT,KS,ACE,CE,Combined TRACON& Tower with Radar,53,51,64,4,172,0,0,0,1,1,53,51,64,5,173,12,0,12,185
02/26/2020,ICT,KS,ACE,CE,Combined TRACON& Tower with Radar,55,84,74,55,268,0,6,39,3,48,55,90,113,58,316,20,52,72,388
02/27/2020,ICT,KS,ACE,CE,Combined TRACON& Tower with Radar,55,66,90,66,277,0,4,46,7,57,55,70,136,73,334,14,40,54,388
02/28/2020,ICT,KS,ACE,CE,Combined TRACON& Tower with Radar,54,58,61,63,236,0,12,50,7,69,54,70,111,70,305,14,98,112,417
02/29/2020,ICT,KS,ACE,CE,Combined TRACON& Tower with Radar,39,40,43,8,130,0,0,33,2,35,39,40,76,10,165,10,0,10,175
03/01/2020,ICT,KS,ACE,CE,Combined TRACON& Tower with Radar,48,48,49,5,150,0,5,37,0,42,48,53,86,5,192,36,0,36,228
03/02/2020,ICT,KS,ACE,CE,Combined TRACON& Tower with Radar,47,68,61,89,265,0,4,28,0,32,47,72,89,89,297,18,94,112,409
03/03/2020,ICT,KS,ACE,CE,Combined TRACON& Tower with Radar,48,61,89,28,226,0,0,56,2,58,48,61,145,30,284,42,12,54,338
03/04/2020,ICT,KS,ACE,CE,Combined TRACON& Tower with Radar,55,58,93,35,241,0,0,59,6,65,55,58,152,41,306,33,48,81,387
03/05/2020,ICT,KS,ACE,CE,Combined TRACON& Tower with Radar,60,54,79,45,238,0,4,37,5,46,60,58,116,50,284,22,6,28,312
03/06/2020,ICT,KS,ACE,CE,Combined TRACON& Tower with Radar,61,44,85,33,223,0,2,55,8,65,61,46,140,41,288,0,0,0,288
03/07/2020,ICT,KS,ACE,CE,Combined TRACON& Tower with Radar,41,30,39,0,110,0,2,11,4,17,41,32,50,4,127,20,0,20,147
03/08/2020,ICT,KS,ACE,CE,Combined TRACON& Tower with Radar,52,48,26,0,126,0,2,15,0,17,52,50,41,0,143,0,0,0,143
03/09/2020,ICT,KS,ACE,CE,Combined TRACON& Tower with Radar,53,66,43,12,174,0,0,4,0,4,53,66,47,12,178,10,0,10,188
03/10/2020,ICT,KS,ACE,CE,Combined TRACON& Tower with Radar,52,60,104,7,223,0,0,23,2,25,52,60,127,9,248,0,0,0,248
03/11/2020,ICT,KS,ACE,CE,Combined TRACON& Tower with Radar,52,55,68,69,244,0,4,46,7,57,52,59,114,76,301,14,34,48,349
03/12/2020,ICT,KS,ACE,CE,Combined TRACON& Tower with Radar,57,53,93,60,263,0,2,40,1,43,57,55,133,61,306,12,0,12,318
03/13/2020,ICT,KS,ACE,CE,Combined TRACON& Tower with Radar,65,55,70,2,192,0,4,16,2,22,65,59,86,4,214,14,0,14,228
03/14/2020,ICT,KS,ACE,CE,Combined TRACON& Tower with Radar,43,34,32,0,109,0,0,0,2,2,43,34,32,2,111,0,0,0,111
03/15/2020,ICT,KS,ACE,CE,Combined TRACON& Tower with Radar,53,40,37,0,130,0,0,3,0,3,53,40,40,0,133,0,0,0,133
03/16/2020,ICT,KS,ACE,CE,Combined TRACON& Tower with Radar,56,48,39,9,152,0,0,0,0,0,56,48,39,9,152,0,0,0,152
03/17/2020,ICT,KS,ACE,CE,Combined TRACON& Tower with Radar,56,62,32,6,156,0,0,2,0,2,56,62,34,6,158,0,0,0,158
03/18/2020,ICT,KS,ACE,CE,Combined TRACON& Tower with Radar,53,51,54,28,186,0,2,7,1,10,53,53,61,29,196,0,14,14,210
03/19/2020,ICT,KS,ACE,CE,Combined TRACON& Tower with Radar,58,41,49,52,200,0,3,9,5,17,58,44,58,57,217,2,16,18,235
03/20/2020,ICT,KS,ACE,CE,Combined TRACON& Tower with Radar,52,45,42,72,211,0,1,26,7,34,52,46,68,79,245,0,144,144,389
03/21/2020,ICT,KS,ACE,CE,Combined TRACON& Tower with Radar,39,32,39,16,126,0,0,46,5,51,39,32,85,21,177,12,0,12,189
03/22/2020,ICT,KS,ACE,CE,Combined TRACON& Tower with Radar,35,30,30,0,95,0,0,1,0,1,35,30,31,0,96,0,0,0,96
03/23/2020,ICT,KS,ACE,CE,Combined TRACON& Tower with Radar,32,33,50,3,118,0,0,12,6,18,32,33,62,9,136,6,54,60,196
03/24/2020,ICT,KS,ACE,CE,Combined TRACON& Tower with Radar,36,36,25,21,118,0,2,6,4,12,36,38,31,25,130,6,0,6,136
03/25/2020,ICT,KS,ACE,CE,Combined TRACON& Tower with Radar,31,29,33,44,137,0,1,24,3,28,31,30,57,47,165,24,6,30,195
03/26/2020,ICT,KS,ACE,CE,Combined TRACON& Tower with Radar,30,32,48,42,152,0,4,20,1,25,30,36,68,43,177,0,0,0,177
03/27/2020,ICT,KS,ACE,CE,Combined TRACON& Tower with Radar,34,31,36,10,111,0,8,7,0,15,34,39,43,10,126,0,0,0,126
03/28/2020,ICT,KS,ACE,CE,Combined TRACON& Tower with Radar,24,18,14,0,56,0,0,7,4,11,24,18,21,4,67,0,0,0,67
03/29/2020,ICT,KS,ACE,CE,Combined TRACON& Tower with Radar,22,20,35,0,77,0,0,20,4,24,22,20,55,4,101,22,0,22,123
03/30/2020,ICT,KS,ACE,CE,Combined TRACON& Tower with Radar,25,31,30,0,86,0,2,11,1,14,25,33,41,1,100,0,0,0,100
03/31/2020,ICT,KS,ACE,CE,Combined TRACON& Tower with Radar,30,33,38,33,134,0,2,21,1,24,30,35,59,34,158,0,0,0,158
04/01/2020,ICT,KS,ACE,CE,Combined TRACON& Tower with Radar,29,23,31,16,99,0,1,26,1,28,29,24,57,17,127,0,0,0,127
04/02/2020,ICT,KS,ACE,CE,Combined TRACON& Tower with Radar,27,44,30,11,112,0,3,12,0,15,27,47,42,11,127,0,0,0,127
04/03/2020,ICT,KS,ACE,CE,Combined TRACON& Tower with Radar,27,28,24,32,111,0,2,7,0,9,27,30,31,32,120,0,0,0,120
04/04/2020,ICT,KS,ACE,CE,Combined TRACON& Tower with Radar,20,19,16,2,57,0,0,2,0,2,20,19,18,2,59,24,0,24,83
04/05/2020,ICT,KS,ACE,CE,Combined TRACON& Tower with Radar,25,20,18,0,63,0,0,4,0,4,25,20,22,0,67,0,0,0,67
04/06/2020,ICT,KS,ACE,CE,Combined TRACON& Tower with Radar,23,26,33,18,100,0,2,2,0,4,23,28,35,18,104,0,0,0,104
04/07/2020,ICT,KS,ACE,CE,Combined TRACON& Tower with Radar,24,27,39,13,103,0,0,18,0,18,24,27,57,13,121,20,0,20,141
04/08/2020,ICT,KS,ACE,CE,Combined TRACON& Tower with Radar,30,22,26,12,90,0,0,54,7,61,30,22,80,19,151,12,4,16,167
04/09/2020,ICT,KS,ACE,CE,Combined TRACON& Tower with Radar,28,23,39,0,90,0,1,25,0,26,28,24,64,0,116,0,0,0,116
04/10/2020,ICT,KS,ACE,CE,Combined TRACON& Tower with Radar,29,38,44,0,111,0,4,21,2,27,29,42,65,2,138,0,0,0,138
04/11/2020,ICT,KS,ACE,CE,Combined TRACON& Tower with Radar,18,21,11,18,68,0,1,1,0,2,18,22,12,18,70,4,0,4,74
04/12/2020,ICT,KS,ACE,CE,Combined TRACON& Tower with Radar,20,17,4,0,41,0,0,0,0,0,20,17,4,0,41,0,0,0,41
04/13/2020,ICT,KS,ACE,CE,Combined TRACON& Tower with Radar,18,35,24,6,83,0,1,8,5,14,18,36,32,11,97,6,0,6,103
04/14/2020,ICT,KS,ACE,CE,Combined TRACON& Tower with Radar,20,21,29,11,81,0,3,24,4,31,20,24,53,15,112,14,0,14,126
04/15/2020,ICT,KS,ACE,CE,Combined TRACON& Tower with Radar,23,27,17,4,71,0,2,25,3,30,23,29,42,7,101,4,6,10,111
04/16/2020,ICT,KS,ACE,CE,Combined TRACON& Tower with Radar,19,27,27,0,73,0,3,5,0,8,19,30,32,0,81,0,0,0,81
04/17/2020,ICT,KS,ACE,CE,Combined TRACON& Tower with Radar,20,28,26,36,110,0,2,14,0,16,20,30,40,36,126,22,0,22,148
04/18/2020,ICT,KS,ACE,CE,Combined TRACON& Tower with Radar,15,12,10,8,45,0,2,10,2,14,15,14,20,10,59,26,0,26,85
04/19/2020,ICT,KS,ACE,CE,Combined TRACON& Tower with Radar,12,15,19,0,46,0,2,5,0,7,12,17,24,0,53,0,0,0,53
04/20/2020,ICT,KS,ACE,CE,Combined TRACON& Tower with Radar,12,21,41,32,106,0,0,20,0,20,12,21,61,32,126,56,0,56,182
04/21/2020,ICT,KS,ACE,CE,Combined TRACON& Tower with Radar,17,38,39,10,104,0,1,37,0,38,17,39,76,10,142,38,0,38,180
04/22/2020,ICT,KS,ACE,CE,Combined TRACON& Tower with Radar,19,24,15,6,64,0,0,2,0,2,19,24,17,6,66,0,0,0,66
04/23/2020,ICT,KS,ACE,CE,Combined TRACON& Tower with Radar,19,29,44,24,116,0,0,36,2,38,19,29,80,26,154,0,0,0,154
04/24/2020,ICT,KS,ACE,CE,Combined TRACON& Tower with Radar,17,25,22,24,88,0,0,5,0,5,17,25,27,24,93,0,0,0,93
04/25/2020,ICT,KS,ACE,CE,Combined TRACON& Tower with Radar,14,16,18,22,70,0,0,29,0,29,14,16,47,22,99,0,0,0,99
04/26/2020,ICT,KS,ACE,CE,Combined TRACON& Tower with Radar,14,24,21,0,59,0,0,27,2,29,14,24,48,2,88,20,0,20,108
04/27/2020,ICT,KS,ACE,CE,Combined TRACON& Tower with Radar,13,35,34,21,103,0,0,26,1,27,13,35,60,22,130,12,0,12,142
04/28/2020,ICT,KS,ACE,CE,Combined TRACON& Tower with Radar,19,29,28,9,85,0,1,16,1,18,19,30,44,10,103,4,0,4,107
04/29/2020,ICT,KS,ACE,CE,Combined TRACON& Tower with Radar,18,24,35,10,87,0,3,14,0,17,18,27,49,10,104,16,0,16,120
04/30/2020,ICT,KS,ACE,CE,Combined TRACON& Tower with Radar,20,20,41,8,89,0,0,50,0,50,20,20,91,8,139,22,0,22,161
05/01/2020,ICT,KS,ACE,CE,Combined TRACON& Tower with Radar,19,24,36,18,97,0,1,24,3,28,19,25,60,21,125,24,0,24,149
05/02/2020,ICT,KS,ACE,CE,Combined TRACON& Tower with Radar,18,18,24,8,68,0,1,22,0,23,18,19,46,8,91,20,0,20,111
05/03/2020,ICT,KS,ACE,CE,Combined TRACON& Tower with Radar,19,17,30,6,72,0,6,11,2,19,19,23,41,8,91,28,0,28,119
05/04/2020,ICT,KS,ACE,CE,Combined TRACON& Tower with Radar,21,27,59,9,116,0,0,7,0,7,21,27,66,9,123,0,0,0,123
05/05/2020,ICT,KS,ACE,CE,Combined TRACON& Tower with Radar,29,28,22,20,99,0,4,41,0,45,29,32,63,20,144,10,0,10,154
05/06/2020,ICT,KS,ACE,CE,Combined TRACON& Tower with Radar,29,32,48,22,131,0,4,45,3,52,29,36,93,25,183,0,0,0,183
05/07/2020,ICT,KS,ACE,CE,Combined TRACON& Tower with Radar,31,23,29,0,83,0,0,5,0,5,31,23,34,0,88,0,0,0,88
05/08/2020,ICT,KS,ACE,CE,Combined TRACON& Tower with Radar,32,39,48,32,151,0,2,35,7,44,32,41,83,39,195,10,12,22,217
05/09/2020,ICT,KS,ACE,CE,Combined TRACON& Tower with Radar,26,24,19,16,85,0,2,29,0,31,26,26,48,16,116,14,14,28,144
05/10/2020,ICT,KS,ACE,CE,Combined TRACON& Tower with Radar,21,19,25,0,65,0,0,21,0,21,21,19,46,0,86,12,0,12,98
05/11/2020,ICT,KS,ACE,CE,Combined TRACON& Tower with Radar,25,20,50,12,107,0,0,0,0,0,25,20,50,12,107,0,0,0,107
05/12/2020,ICT,KS,ACE,CE,Combined TRACON& Tower with Radar,29,27,43,14,113,0,0,2,0,2,29,27,45,14,115,0,0,0,115
05/13/2020,ICT,KS,ACE,CE,Combined TRACON& Tower with Radar,30,43,28,26,127,0,0,0,0,0,30,43,28,26,127,0,0,0,127
05/14/2020,ICT,KS,ACE,CE,Combined TRACON& Tower with Radar,33,36,47,61,177,0,1,35,5,41,33,37,82,66,218,12,42,54,272
05/15/2020,ICT,KS,ACE,CE,Combined TRACON& Tower with Radar,34,28,21,7,90,0,2,9,0,11,34,30,30,7,101,2,0,2,103
05/16/2020,ICT,KS,ACE,CE,Combined TRACON& Tower with Radar,31,16,26,0,73,0,3,7,0,10,31,19,33,0,83,4,0,4,87
05/17/2020,ICT,KS,ACE,CE,Combined TRACON& Tower with Radar,25,12,33,22,92,0,2,39,0,41,25,14,72,22,133,28,66,94,227
05/18/2020,ICT,KS,ACE,CE,Combined TRACON& Tower with Radar,24,19,51,26,120,0,0,41,2,43,24,19,92,28,163,18,6,24,187
05/19/2020,ICT,KS,ACE,CE,Combined TRACON& Tower with Radar,30,30,55,40,155,0,2,58,3,63,30,32,113,43,218,28,10,38,256
05/20/2020,ICT,KS,ACE,CE,Combined TRACON& Tower with Radar,32,30,63,21,146,0,2,47,3,52,32,32,110,24,198,42,0,42,240
05/21/2020,ICT,KS,ACE,CE,Combined TRACON& Tower with Radar,33,31,45,12,121,0,10,7,0,17,33,41,52,12,138,12,10,22,160
05/22/2020,ICT,KS,ACE,CE,Combined TRACON& Tower with Radar,36,26,24,1,87,0,4,27,3,34,36,30,51,4,121,30,0,30,151
05/23/2020,ICT,KS,ACE,CE,Combined TRACON& Tower with Radar,26,21,35,0,82,0,2,15,0,17,26,23,50,0,99,0,0,0,99
05/24/2020,ICT,KS,ACE,CE,Combined TRACON& Tower with Radar,23,14,17,0,54,0,5,11,1,17,23,19,28,1,71,0,0,0,71
05/25/2020,ICT,KS,ACE,CE,Combined TRACON& Tower with Radar,24,15,18,0,57,0,1,0,0,1,24,16,18,0,58,0,0,0,58
05/26/2020,ICT,KS,ACE,CE,Combined TRACON& Tower with Radar,25,28,55,38,146,0,0,23,0,23,25,28,78,38,169,12,0,12,181
05/27/2020,ICT,KS,ACE,CE,Combined TRACON& Tower with Radar,30,39,53,22,144,0,2,40,0,42,30,41,93,22,186,16,42,58,244
05/28/2020,ICT,KS,ACE,CE,Combined TRACON& Tower with Radar,36,33,58,65,192,0,1,34,1,36,36,34,92,66,228,102,54,156,384
05/29/2020,ICT,KS,ACE,CE,Combined TRACON& Tower with Radar,35,37,58,17,147,0,6,48,2,56,35,43,106,19,203,38,8,46,249
05/30/2020,ICT,KS,ACE,CE,Combined TRACON& Tower with Radar,30,23,35,18,106,0,3,42,1,46,30,26,77,19,152,0,0,0,152
05/31/2020,ICT,KS,ACE,CE,Combined TRACON& Tower with Radar,25,19,30,2,76,0,0,12,2,14,25,19,42,4,90,4,0,4,94
06/01/2020,ICT,KS,ACE,CE,Combined TRACON& Tower with Radar,25,27,48,68,168,0,2,39,3,44,25,29,87,71,212,44,6,50,262
06/02/2020,ICT,KS,ACE,CE,Combined TRACON& Tower with Radar,26,37,56,64,183,0,1,38,3,42,26,38,94,67,225,34,6,40,265
06/03/2020,ICT,KS,ACE,CE,Combined TRACON& Tower with Radar,33,45,48,46,172,0,2,41,0,43,33,47,89,46,215,24,18,42,257
06/04/2020,ICT,KS,ACE,CE,Combined TRACON& Tower with Radar,31,32,77,42,182,0,6,46,3,55,31,38,123,45,237,56,4,60,297
06/05/2020,ICT,KS,ACE,CE,Combined TRACON& Tower with Radar,33,29,55,69,186,0,0,46,4,50,33,29,101,73,236,0,26,26,262
06/06/2020,ICT,KS,ACE,CE,Combined TRACON& Tower with Radar,32,26,29,19,106,0,3,43,4,50,32,29,72,23,156,6,0,6,162
06/07/2020,ICT,KS,ACE,CE,Combined TRACON& Tower with Radar,22,22,44,0,88,0,4,29,0,33,22,26,73,0,121,12,0,12,133
06/08/2020,ICT,KS,ACE,CE,Combined TRACON& Tower with Radar,23,27,44,25,119,0,2,25,4,31,23,29,69,29,150,16,0,16,166
06/09/2020,ICT,KS,ACE,CE,Combined TRACON& Tower with Radar,28,28,46,7,109,0,3,28,0,31,28,31,74,7,140,34,0,34,174
06/10/2020,ICT,KS,ACE,CE,Combined TRACON& Tower with Radar,34,44,53,28,159,0,5,28,1,34,34,49,81,29,193,44,0,44,237
06/11/2020,ICT,KS,ACE,CE,Combined TRACON& Tower with Radar,30,43,63,39,175,0,1,55,5,61,30,44,118,44,236,76,4,80,316
06/12/2020,ICT,KS,ACE,CE,Combined TRACON& Tower with Radar,32,39,67,25,163,0,2,54,8,64,32,41,121,33,227,50,12,62,289
06/13/2020,ICT,KS,ACE,CE,Combined TRACON& Tower with Radar,28,42,40,1,111,0,3,43,0,46,28,45,83,1,157,52,0,52,209
06/14/2020,ICT,KS,ACE,CE,Combined TRACON& Tower with Radar,21,34,28,0,83,0,8,29,0,37,21,42,57,0,120,28,0,28,148
06/15/2020,ICT,KS,ACE,CE,Combined TRACON& Tower with Radar,22,32,56,27,137,0,4,43,3,50,22,36,99,30,187,44,8,52,239
06/16/2020,ICT,KS,ACE,CE,Combined TRACON& Tower with Radar,27,37,51,35,150,0,0,51,8,59,27,37,102,43,209,48,10,58,267
06/17/2020,ICT,KS,ACE,CE,Combined TRACON& Tower with Radar,34,32,48,48,162,0,7,45,4,56,34,39,93,52,218,40,0,40,258
06/18/2020,ICT,KS,ACE,CE,Combined TRACON& Tower with Radar,34,54,61,69,218,1,1,44,2,48,35,55,105,71,266,56,0,56,322
06/19/2020,ICT,KS,ACE,CE,Combined TRACON& Tower with Radar,33,30,38,0,101,0,0,2,1,3,33,30,40,1,104,34,0,34,138
06/20/2020,ICT,KS,ACE,CE,Combined TRACON& Tower with Radar,20,24,24,0,68,0,1,21,0,22,20,25,45,0,90,12,0,12,102
06/21/2020,ICT,KS,ACE,CE,Combined TRACON& Tower with Radar,23,15,35,0,73,0,4,30,2,36,23,19,65,2,109,66,0,66,175
06/22/2020,ICT,KS,ACE,CE,Combined TRACON& Tower with Radar,24,34,50,81,189,0,0,62,4,66,24,34,112,85,255,30,12,42,297
06/23/2020,ICT,KS,ACE,CE,Combined TRACON& Tower with Radar,28,53,53,47,181,0,1,51,7,59,28,54,104,54,240,52,0,52,292
06/24/2020,ICT,KS,ACE,CE,Combined TRACON& Tower with Radar,34,47,77,52,210,0,1,64,9,74,34,48,141,61,284,96,8,104,388
06/25/2020,ICT,KS,ACE,CE,Combined TRACON& Tower with Radar,32,40,70,47,189,0,2,55,8,65,32,42,125,55,254,28,0,28,282
06/26/2020,ICT,KS,ACE,CE,Combined TRACON& Tower with Radar,33,38,56,31,158,0,1,31,5,37,33,39,87,36,195,22,0,22,217
06/27/2020,ICT,KS,ACE,CE,Combined TRACON& Tower with Radar,29,22,36,4,91,0,0,24,0,24,29,22,60,4,115,16,0,16,131
06/28/2020,ICT,KS,ACE,CE,Combined TRACON& Tower with Radar,25,28,33,16,102,0,0,2,0,2,25,28,35,16,104,0,0,0,104
06/29/2020,ICT,KS,ACE,CE,Combined TRACON& Tower with Radar,28,22,76,48,174,0,3,19,1,23,28,25,95,49,197,6,0,6,203
06/30/2020,ICT,KS,ACE,CE,Combined TRACON& Tower with Radar,28,42,62,32,164,0,7,25,2,34,28,49,87,34,198,4,12,16,214
07/01/2020,ICT,KS,ACE,CE,Combined TRACON& Tower with Radar,40,44,85,80,249,0,3,34,6,43,40,47,119,86,292,90,0,90,382
07/02/2020,ICT,KS,ACE,CE,Combined TRACON& Tower with Radar,32,38,45,7,122,1,7,29,6,43,33,45,74,13,165,48,0,48,213
07/03/2020,ICT,KS,ACE,CE,Combined TRACON& Tower with Radar,31,32,24,0,87,0,1,21,0,22,31,33,45,0,109,18,0,18,127
07/04/2020,ICT,KS,ACE,CE,Combined TRACON& Tower with Radar,28,21,11,0,60,0,4,27,0,31,28,25,38,0,91,8,0,8,99
07/05/2020,ICT,KS,ACE,CE,Combined TRACON& Tower with Radar,26,34,31,2,93,0,0,14,0,14,26,34,45,2,107,0,0,0,107
07/06/2020,ICT,KS,ACE,CE,Combined TRACON& Tower with Radar,24,41,56,1,122,0,1,26,0,27,24,42,82,1,149,30,0,30,179
07/07/2020,ICT,KS,ACE,CE,Combined TRACON& Tower with Radar,32,37,56,45,170,0,5,45,6,56,32,42,101,51,226,48,52,100,326
07/08/2020,ICT,KS,ACE,CE,Combined TRACON& Tower with Radar,40,49,49,46,184,0,4,43,9,56,40,53,92,55,240,28,20,48,288
07/09/2020,ICT,KS,ACE,CE,Combined TRACON& Tower with Radar,42,41,60,32,175,0,0,41,8,49,42,41,101,40,224,58,0,58,282
07/10/2020,ICT,KS,ACE,CE,Combined TRACON& Tower with Radar,40,39,46,16,141,1,4,43,4,52,41,43,89,20,193,12,10,22,215
07/11/2020,ICT,KS,ACE,CE,Combined TRACON& Tower with Radar,43,23,25,11,102,0,4,31,2,37,43,27,56,13,139,8,0,8,147
07/12/2020,ICT,KS,ACE,CE,Combined TRACON& Tower with Radar,36,16,47,19,118,0,2,40,0,42,36,18,87,19,160,8,0,8,168
07/13/2020,ICT,KS,ACE,CE,Combined TRACON& Tower with Radar,34,26,43,61,164,0,6,43,2,51,34,32,86,63,215,4,20,24,239
07/14/2020,ICT,KS,ACE,CE,Combined TRACON& Tower with Radar,36,27,60,61,184,0,9,34,1,44,36,36,94,62,228,12,12,24,252
07/15/2020,ICT,KS,ACE,CE,Combined TRACON& Tower with Radar,42,32,61,107,242,0,4,45,6,55,42,36,106,113,297,34,40,74,371
07/16/2020,ICT,KS,ACE,CE,Combined TRACON& Tower with Radar,42,32,52,45,171,0,2,38,2,42,42,34,90,47,213,36,6,42,255
07/17/2020,ICT,KS,ACE,CE,Combined TRACON& Tower with Radar,41,41,35,24,141,0,3,31,2,36,41,44,66,26,177,20,0,20,197
07/18/2020,ICT,KS,ACE,CE,Combined TRACON& Tower with Radar,38,30,43,30,141,0,2,38,0,40,38,32,81,30,181,22,84,106,287
07/19/2020,ICT,KS,ACE,CE,Combined TRACON& Tower with Radar,35,21,36,0,92,2,5,39,0,46,37,26,75,0,138,16,0,16,154
07/20/2020,ICT,KS,ACE,CE,Combined TRACON& Tower with Radar,34,39,40,23,136,0,4,36,8,48,34,43,76,31,184,18,0,18,202
07/21/2020,ICT,KS,ACE,CE,Combined TRACON& Tower with Radar,32,32,62,109,235,0,4,33,5,42,32,36,95,114,277,40,22,62,339
07/22/2020,ICT,KS,ACE,CE,Combined TRACON& Tower with Radar,42,37,52,62,193,0,13,52,7,72,42,50,104,69,265,60,0,60,325
07/23/2020,ICT,KS,ACE,CE,Combined TRACON& Tower with Radar,42,36,54,58,190,0,5,38,5,48,42,41,92,63,238,62,20,82,320
07/24/2020,ICT,KS,ACE,CE,Combined TRACON& Tower with Radar,39,33,49,31,152,0,2,39,0,41,39,35,88,31,193,32,0,32,225
07/25/2020,ICT,KS,ACE,CE,Combined TRACON& Tower with Radar,40,21,38,0,99,0,0,32,2,34,40,21,70,2,133,12,0,12,145
07/26/2020,ICT,KS,ACE,CE,Combined TRACON& Tower with Radar,37,25,30,10,102,0,4,25,0,29,37,29,55,10,131,8,0,8,139
07/27/2020,ICT,KS,ACE,CE,Combined TRACON& Tower with Radar,34,26,53,17,130,0,0,14,2,16,34,26,67,19,146,10,48,58,204
07/28/2020,ICT,KS,ACE,CE,Combined TRACON& Tower with Radar,32,25,61,52,170,0,0,10,0,10,32,25,71,52,180,34,22,56,236
07/29/2020,ICT,KS,ACE,CE,Combined TRACON& Tower with Radar,42,37,40,36,155,0,0,14,0,14,42,37,54,36,169,0,16,16,185
07/30/2020,ICT,KS,ACE,CE,Combined TRACON& Tower with Radar,44,31,61,62,198,0,2,17,2,21,44,33,78,64,219,18,74,92,311
07/31/2020,ICT,KS,ACE,CE,Combined TRACON& Tower with Radar,40,36,53,51,180,0,9,53,6,68,40,45,106,57,248,34,42,76,324
08/01/2020,ICT,KS,ACE,CE,Combined TRACON& Tower with Radar,44,12,41,13,110,0,2,26,9,37,44,14,67,22,147,26,4,30,177
08/02/2020,ICT,KS,ACE,CE,Combined TRACON& Tower with Radar,39,17,35,7,98,0,5,28,3,36,39,22,63,10,134,18,0,18,152
08/03/2020,ICT,KS,ACE,CE,Combined TRACON& Tower with Radar,40,29,51,60,180,0,6,43,7,56,40,35,94,67,236,60,28,88,324
08/04/2020,ICT,KS,ACE,CE,Combined TRACON& Tower with Radar,40,29,51,55,175,0,6,57,8,71,40,35,108,63,246,56,24,80,326
08/05/2020,ICT,KS,ACE,CE,Combined TRACON& Tower with Radar,52,28,65,52,197,0,12,37,9,58,52,40,102,61,255,102,46,148,403
08/06/2020,ICT,KS,ACE,CE,Combined TRACON& Tower with Radar,50,40,68,6,164,0,0,11,2,13,50,40,79,8,177,0,16,16,193
08/07/2020,ICT,KS,ACE,CE,Combined TRACON& Tower with Radar,46,40,38,68,192,0,3,27,4,34,46,43,65,72,226,2,42,44,270
08/08/2020,ICT,KS,ACE,CE,Combined TRACON& Tower with Radar,45,24,21,4,94,0,3,30,2,35,45,27,51,6,129,6,0,6,135
08/09/2020,ICT,KS,ACE,CE,Combined TRACON& Tower with Radar,41,20,46,2,109,0,2,22,3,27,41,22,68,5,136,16,0,16,152
08/10/2020,ICT,KS,ACE,CE,Combined TRACON& Tower with Radar,43,40,33,8,124,0,2,24,3,29,43,42,57,11,153,0,0,0,153
08/11/2020,ICT,KS,ACE,CE,Combined TRACON& Tower with Radar,43,33,45,48,169,0,4,49,4,57,43,37,94,52,226,90,12,102,328
08/12/2020,ICT,KS,ACE,CE,Combined TRACON& Tower with Radar,50,26,56,10,142,0,2,15,2,19,50,28,71,12,161,10,0,10,171
08/13/2020,ICT,KS,ACE,CE,Combined TRACON& Tower with Radar,50,35,67,34,186,0,3,57,0,60,50,38,124,34,246,68,0,68,314
08/14/2020,ICT,KS,ACE,CE,Combined TRACON& Tower with Radar,49,32,76,44,201,0,5,50,7,62,49,37,126,51,263,42,90,132,395
08/15/2020,ICT,KS,ACE,CE,Combined TRACON& Tower with Radar,44,25,35,25,129,0,8,41,8,57,44,33,76,33,186,0,0,0,186
08/16/2020,ICT,KS,ACE,CE,Combined TRACON& Tower with Radar,41,20,25,2,88,0,3,30,3,36,41,23,55,5,124,0,0,0,124
08/17/2020,ICT,KS,ACE,CE,Combined TRACON& Tower with Radar,42,26,54,58,180,0,2,37,3,42,42,28,91,61,222,52,42,94,316
08/18/2020,ICT,KS,ACE,CE,Combined TRACON& Tower with Radar,42,38,44,44,168,0,2,35,3,40,42,40,79,47,208,36,58,94,302
08/19/2020,ICT,KS,ACE,CE,Combined TRACON& Tower with Radar,44,38,71,36,189,0,6,50,3,59,44,44,121,39,248,70,28,98,346
08/20/2020,ICT,KS,ACE,CE,Combined TRACON& Tower with Radar,50,32,49,52,183,0,6,64,13,83,50,38,113,65,266,18,128,146,412
08/21/2020,ICT,KS,ACE,CE,Combined TRACON& Tower with Radar,51,44,54,46,195,0,2,29,10,41,51,46,83,56,236,22,28,50,286
08/22/2020,ICT,KS,ACE,CE,Combined TRACON& Tower with Radar,38,20,44,3,105,0,0,50,4,54,38,20,94,7,159,22,0,22,181
08/23/2020,ICT,KS,ACE,CE,Combined TRACON& Tower with Radar,43,25,29,0,97,0,2,27,0,29,43,27,56,0,126,20,0,20,146
08/24/2020,ICT,KS,ACE,CE,Combined TRACON& Tower with Radar,44,40,62,52,198,0,2,42,4,48,44,42,104,56,246,24,6,30,276
08/25/2020,ICT,KS,ACE,CE,Combined TRACON& Tower with Radar,42,38,60,62,202,0,10,47,5,62,42,48,107,67,264,14,48,62,326
08/26/2020,ICT,KS,ACE,CE,Combined TRACON& Tower with Radar,45,47,56,44,192,0,7,50,2,59,45,54,106,46,251,34,0,34,285
08/27/2020,ICT,KS,ACE,CE,Combined TRACON& Tower with Radar,51,48,76,30,205,0,4,45,0,49,51,52,121,30,254,46,18,64,318
08/28/2020,ICT,KS,ACE,CE,Combined TRACON& Tower with Radar,53,35,49,35,172,0,11,28,8,47,53,46,77,43,219,38,10,48,267
08/29/2020,ICT,KS,ACE,CE,Combined TRACON& Tower with Radar,40,28,40,0,108,0,2,13,0,15,40,30,53,0,123,62,0,62,185
08/30/2020,ICT,KS,ACE,CE,Combined TRACON& Tower with Radar,41,24,41,2,108,0,2,17,3,22,41,26,58,5,130,20,0,20,150
08/31/2020,ICT,KS,ACE,CE,Combined TRACON& Tower with Radar,48,39,49,58,194,0,2,14,0,16,48,41,63,58,210,26,16,42,252
09/01/2020,ICT,KS,ACE,CE,Combined TRACON& Tower with Radar,40,37,47,59,183,0,4,16,2,22,40,41,63,61,205,42,8,50,255
09/02/2020,ICT,KS,ACE,CE,Combined TRACON& Tower with Radar,46,37,64,28,175,0,5,30,6,41,46,42,94,34,216,48,14,62,278
09/03/2020,ICT,KS,ACE,CE,Combined TRACON& Tower with Radar,44,49,72,16,181,0,2,46,11,59,44,51,118,27,240,20,2,22,262
09/04/2020,ICT,KS,ACE,CE,Combined TRACON& Tower with Radar,53,54,58,4,169,0,9,55,3,67,53,63,113,7,236,64,0,64,300
09/05/2020,ICT,KS,ACE,CE,Combined TRACON& Tower with Radar,31,17,44,4,96,0,8,36,4,48,31,25,80,8,144,10,0,10,154
09/06/2020,ICT,KS,ACE,CE,Combined TRACON& Tower with Radar,30,20,15,1,66,0,9,14,0,23,30,29,29,1,89,14,0,14,103
09/07/2020,ICT,KS,ACE,CE,Combined TRACON& Tower with Radar,38,33,30,1,102,0,1,25,0,26,38,34,55,1,128,8,0,8,136
09/08/2020,ICT,KS,ACE,CE,Combined TRACON& Tower with Radar,31,35,62,1,129,0,2,5,0,7,31,37,67,1,136,0,0,0,136
09/09/2020,ICT,KS,ACE,CE,Combined TRACON& Tower with Radar,44,33,65,0,142,0,0,0,0,0,44,33,65,0,142,0,0,0,142
09/10/2020,ICT,KS,ACE,CE,Combined TRACON& Tower with Radar,45,42,65,73,225,1,2,4,0,7,46,44,69,73,232,0,0,0,232
09/11/2020,ICT,KS,ACE,CE,Combined TRACON& Tower with Radar,47,38,92,42,219,0,13,3,2,18,47,51,95,44,237,0,0,0,237
09/12/2020,ICT,KS,ACE,CE,Combined TRACON& Tower with Radar,34,30,54,11,129,0,1,32,2,35,34,31,86,13,164,16,0,16,180
09/13/2020,ICT,KS,ACE,CE,Combined TRACON& Tower with Radar,37,22,45,2,106,0,4,31,2,37,37,26,76,4,143,26,0,26,169
09/14/2020,ICT,KS,ACE,CE,Combined TRACON& Tower with Radar,38,40,66,38,182,0,7,48,9,64,38,47,114,47,246,22,0,22,268
09/15/2020,ICT,KS,ACE,CE,Combined TRACON& Tower with Radar,38,34,50,79,201,0,8,40,8,56,38,42,90,87,257,48,6,54,311
09/16/2020,ICT,KS,ACE,CE,Combined TRACON& Tower with Radar,44,33,98,92,267,0,4,47,14,65,44,37,145,106,332,40,4,44,376
09/17/2020,ICT,KS,ACE,CE,Combined TRACON& Tower with Radar,45,56,57,52,210,0,6,40,5,51,45,62,97,57,261,0,0,0,261
09/18/2020,ICT,KS,ACE,CE,Combined TRACON& Tower with Radar,48,43,76,68,235,0,3,46,8,57,48,46,122,76,292,18,12,30,322
09/19/2020,ICT,KS,ACE,CE,Combined TRACON& Tower with Radar,34,40,35,14,123,0,6,42,1,49,34,46,77,15,172,70,4,74,246
09/20/2020,ICT,KS,ACE,CE,Combined TRACON& Tower with Radar,37,33,47,9,126,0,4,26,3,33,37,37,73,12,159,29,21,50,209
09/21/2020,ICT,KS,ACE,CE,Combined TRACON& Tower with Radar,41,40,78,110,269,0,3,42,8,53,41,43,120,118,322,26,42,68,390
09/22/2020,ICT,KS,ACE,CE,Combined TRACON& Tower with Radar,41,40,85,64,230,0,0,8,0,8,41,40,93,64,238,0,0,0,238
09/23/2020,ICT,KS,ACE,CE,Combined TRACON& Tower with Radar,44,43,100,87,274,0,0,22,0,22,44,43,122,87,296,6,36,42,338
09/24/2020,ICT,KS,ACE,CE,Combined TRACON& Tower with Radar,44,54,45,81,224,0,5,27,10,42,44,59,72,91,266,28,0,28,294
09/25/2020,ICT,KS,ACE,CE,Combined TRACON& Tower with Radar,47,40,68,43,198,0,6,48,5,59,47,46,116,48,257,6,26,32,289
09/26/2020,ICT,KS,ACE,CE,Combined TRACON& Tower with Radar,34,31,40,10,115,0,2,25,9,36,34,33,65,19,151,6,20,26,177
09/27/2020,ICT,KS,ACE,CE,Combined TRACON& Tower with Radar,37,29,43,0,109,0,2,5,0,7,37,31,48,0,116,0,0,0,116
09/28/2020,ICT,KS,ACE,CE,Combined TRACON& Tower with Radar,40,27,78,80,225,0,2,46,10,58,40,29,124,90,283,34,14,48,331
09/29/2020,ICT,KS,ACE,CE,Combined TRACON& Tower with Radar,38,50,71,73,232,0,1,47,12,60,38,51,118,85,292,28,4,32,324
09/30/2020,ICT,KS,ACE,CE,Combined TRACON& Tower with Radar,44,37,67,46,194,0,3,55,15,73,44,40,122,61,267,48,22,70,337
10/01/2020,ICT,KS,ACE,CE,Combined TRACON& Tower with Radar,46,52,65,57,220,0,6,51,3,60,46,58,116,60,280,0,0,0,280
10/02/2020,ICT,KS,ACE,CE,Combined TRACON& Tower with Radar,47,51,84,44,226,0,2,54,4,60,47,53,138,48,286,24,38,62,348
10/03/2020,ICT,KS,ACE,CE,Combined TRACON& Tower with Radar,36,28,30,7,101,0,1,20,0,21,36,29,50,7,122,8,0,8,130
10/04/2020,ICT,KS,ACE,CE,Combined TRACON& Tower with Radar,39,33,36,4,112,0,0,37,1,38,39,33,73,5,150,6,0,6,156
10/05/2020,ICT,KS,ACE,CE,Combined TRACON& Tower with Radar,40,36,65,65,206,0,3,37,8,48,40,39,102,73,254,20,26,46,300
10/06/2020,ICT,KS,ACE,CE,Combined TRACON& Tower with Radar,38,52,74,79,243,0,5,59,5,69,38,57,133,84,312,147,18,165,477
10/07/2020,ICT,KS,ACE,CE,Combined TRACON& Tower with Radar,38,51,84,77,250,0,5,43,5,53,38,56,127,82,303,78,76,154,457
10/08/2020,ICT,KS,ACE,CE,Combined TRACON& Tower with Radar,47,39,58,62,206,0,10,43,3,56,47,49,101,65,262,28,54,82,344
10/09/2020,ICT,KS,ACE,CE,Combined TRACON& Tower with Radar,48,35,50,26,159,0,6,24,4,34,48,41,74,30,193,0,0,0,193
10/10/2020,ICT,KS,ACE,CE,Combined TRACON& Tower with Radar,37,42,37,17,133,0,5,18,2,25,37,47,55,19,158,28,0,28,186
10/11/2020,ICT,KS,ACE,CE,Combined TRACON& Tower with Radar,41,29,41,14,125,0,3,20,2,25,41,32,61,16,150,8,0,8,158
10/12/2020,ICT,KS,ACE,CE,Combined TRACON& Tower with Radar,41,35,50,20,146,0,3,35,4,42,41,38,85,24,188,20,28,48,236
10/13/2020,ICT,KS,ACE,CE,Combined TRACON& Tower with Radar,41,39,59,81,220,0,7,36,5,48,41,46,95,86,268,24,88,112,380
10/14/2020,ICT,KS,ACE,CE,Combined TRACON& Tower with Radar,44,45,63,103,255,0,1,36,8,45,44,46,99,111,300,26,38,64,364
10/15/2020,ICT,KS,ACE,CE,Combined TRACON& Tower with Radar,46,41,53,68,208,0,2,41,8,51,46,43,94,76,259,10,18,28,287
10/16/2020,ICT,KS,ACE,CE,Combined TRACON& Tower with Radar,49,52,60,61,222,0,9,33,4,46,49,61,93,65,268,50,14,64,332
10/17/2020,ICT,KS,ACE,CE,Combined TRACON& Tower with Radar,37,37,27,3,104,0,5,23,3,31,37,42,50,6,135,0,0,0,135
10/18/2020,ICT,KS,ACE,CE,Combined TRACON& Tower with Radar,41,33,32,12,118,0,2,6,2,10,41,35,38,14,128,0,0,0,128
10/19/2020,ICT,KS,ACE,CE,Combined TRACON& Tower with Radar,40,26,75,105,246,0,4,21,0,25,40,30,96,105,271,38,72,110,381
10/20/2020,ICT,KS,ACE,CE,Combined TRACON& Tower with Radar,40,55,91,49,235,0,0,3,2,5,40,55,94,51,240,0,0,0,240
10/21/2020,ICT,KS,ACE,CE,Combined TRACON& Tower with Radar,39,38,69,16,162,0,0,0,0,0,39,38,69,16,162,0,0,0,162
10/22/2020,ICT,KS,ACE,CE,Combined TRACON& Tower with Radar,44,45,50,50,189,0,4,25,9,38,44,49,75,59,227,52,0,52,279
10/23/2020,ICT,KS,ACE,CE,Combined TRACON& Tower with Radar,47,42,57,20,166,0,7,13,2,22,47,49,70,22,188,0,0,0,188
10/24/2020,ICT,KS,ACE,CE,Combined TRACON& Tower with Radar,35,31,36,1,103,0,5,22,3,30,35,36,58,4,133,38,0,38,171
10/25/2020,ICT,KS,ACE,CE,Combined TRACON& Tower with Radar,39,17,41,2,99,0,0,0,0,0,39,17,41,2,99,0,0,0,99
10/26/2020,ICT,KS,ACE,CE,Combined TRACON& Tower with Radar,38,27,17,0,82,0,0,0,0,0,38,27,17,0,82,18,0,18,100
10/27/2020,ICT,KS,ACE,CE,Combined TRACON& Tower with Radar,30,23,29,0,82,0,0,0,0,0,30,23,29,0,82,0,0,0,82
10/28/2020,ICT,KS,ACE,CE,Combined TRACON& Tower with Radar,37,51,52,0,140,0,0,2,0,2,37,51,54,0,142,0,0,0,142
10/29/2020,ICT,KS,ACE,CE,Combined TRACON& Tower with Radar,44,46,85,104,279,1,3,39,2,45,45,49,124,106,324,22,18,40,364
10/30/2020,ICT,KS,ACE,CE,Combined TRACON& Tower with Radar,45,44,76,90,255,0,12,60,3,75,45,56,136,93,330,74,46,120,450
10/31/2020,ICT,KS,ACE,CE,Combined TRACON& Tower with Radar,27,33,43,8,111,0,5,39,3,47,27,38,82,11,158,16,0,16,174
11/01/2020,ICT,KS,ACE,CE,Combined TRACON& Tower with Radar,35,27,44,22,128,0,4,32,3,39,35,31,76,25,167,16,8,24,191
11/02/2020,ICT,KS,ACE,CE,Combined TRACON& Tower with Radar,37,38,75,91,241,0,6,56,2,64,37,44,131,93,305,28,80,108,413
11/03/2020,ICT,KS,ACE,CE,Combined TRACON& Tower with Radar,36,46,68,101,251,0,16,40,6,62,36,62,108,107,313,34,24,58,371
11/04/2020,ICT,KS,ACE,CE,Combined TRACON& Tower with Radar,33,54,65,100,252,0,11,43,8,62,33,65,108,108,314,84,184,268,582
11/05/2020,ICT,KS,ACE,CE,Combined TRACON& Tower with Radar,41,49,66,60,216,0,10,63,1,74,41,59,129,61,290,14,20,34,324
11/06/2020,ICT,KS,ACE,CE,Combined TRACON& Tower with Radar,50,53,60,31,194,0,5,38,4,47,50,58,98,35,241,36,24,60,301
11/07/2020,ICT,KS,ACE,CE,Combined TRACON& Tower with Radar,35,40,24,21,120,0,3,23,5,31,35,43,47,26,151,4,0,4,155
11/08/2020,ICT,KS,ACE,CE,Combined TRACON& Tower with Radar,38,36,41,17,132,0,4,10,0,14,38,40,51,17,146,0,0,0,146
11/09/2020,ICT,KS,ACE,CE,Combined TRACON& Tower with Radar,36,46,53,28,163,0,0,9,0,9,36,46,62,28,172,0,0,0,172
11/10/2020,ICT,KS,ACE,CE,Combined TRACON& Tower with Radar,34,45,49,14,142,0,7,18,0,25,34,52,67,14,167,54,0,54,221
11/11/2020,ICT,KS,ACE,CE,Combined TRACON& Tower with Radar,34,58,64,6,162,0,10,41,6,57,34,68,105,12,219,60,0,60,279
11/12/2020,ICT,KS,ACE,CE,Combined TRACON& Tower with Radar,42,54,51,55,202,0,2,27,4,33,42,56,78,59,235,24,58,82,317
11/13/2020,ICT,KS,ACE,CE,Combined TRACON& Tower with Radar,43,40,67,49,199,0,3,34,6,43,43,43,101,55,242,52,116,168,410
11/14/2020,ICT,KS,ACE,CE,Combined TRACON& Tower with Radar,36,33,27,0,96,0,2,10,0,12,36,35,37,0,108,18,0,18,126
11/15/2020,ICT,KS,ACE,CE,Combined TRACON& Tower with Radar,38,33,32,1,104,0,1,32,4,37,38,34,64,5,141,26,0,26,167
11/16/2020,ICT,KS,ACE,CE,Combined TRACON& Tower with Radar,35,41,72,60,208,0,3,41,4,48,35,44,113,64,256,12,6,18,274
11/17/2020,ICT,KS,ACE,CE,Combined TRACON& Tower with Radar,34,42,66,79,221,0,9,65,10,84,34,51,131,89,305,118,56,174,479
11/18/2020,ICT,KS,ACE,CE,Combined TRACON& Tower with Radar,34,66,62,42,204,0,4,26,6,36,34,70,88,48,240,0,10,10,250
11/19/2020,ICT,KS,ACE,CE,Combined TRACON& Tower with Radar,43,58,83,43,227,0,5,51,2,58,43,63,134,45,285,66,44,110,395
11/20/2020,ICT,KS,ACE,CE,Combined TRACON& Tower with Radar,45,55,87,12,199,0,5,20,4,29,45,60,107,16,228,18,0,18,246
11/21/2020,ICT,KS,ACE,CE,Combined TRACON& Tower with Radar,40,41,53,0,134,0,0,0,0,0,40,41,53,0,134,0,0,0,134
11/22/2020,ICT,KS,ACE,CE,Combined TRACON& Tower with Radar,39,33,45,8,125,0,1,29,4,34,39,34,74,12,159,10,0,10,169
11/23/2020,ICT,KS,ACE,CE,Combined TRACON& Tower with Radar,43,32,48,21,144,0,2,14,4,20,43,34,62,25,164,18,32,50,214
11/24/2020,ICT,KS,ACE,CE,Combined TRACON& Tower with Radar,53,62,52,0,167,0,0,1,0,1,53,62,53,0,168,0,0,0,168
11/25/2020,ICT,KS,ACE,CE,Combined TRACON& Tower with Radar,52,44,46,56,198,0,7,55,6,68,52,51,101,62,266,70,34,104,370
11/26/2020,ICT,KS,ACE,CE,Combined TRACON& Tower with Radar,20,16,15,0,51,0,1,8,0,9,20,17,23,0,60,0,0,0,60
11/27/2020,ICT,KS,ACE,CE,Combined TRACON& Tower with Radar,37,32,23,3,95,0,3,29,5,37,37,35,52,8,132,0,0,0,132
11/28/2020,ICT,KS,ACE,CE,Combined TRACON& Tower with Radar,42,36,35,2,115,0,5,30,2,37,42,41,65,4,152,0,0,0,152
11/29/2020,ICT,KS,ACE,CE,Combined TRACON& Tower with Radar,45,27,45,1,118,0,1,5,1,7,45,28,50,2,125,18,0,18,143
11/30/2020,ICT,KS,ACE,CE,Combined TRACON& Tower with Radar,42,29,57,53,181,0,5,33,6,44,42,34,90,59,225,26,50,76,301
12/01/2020,ICT,KS,ACE,CE,Combined TRACON& Tower with Radar,39,50,71,78,238,0,8,55,12,75,39,58,126,90,313,42,80,122,435
12/02/2020,ICT,KS,ACE,CE,Combined TRACON& Tower with Radar,36,44,49,25,154,0,1,5,0,6,36,45,54,25,160,0,30,30,190
12/03/2020,ICT,KS,ACE,CE,Combined TRACON& Tower with Radar,41,49,39,54,183,0,2,12,1,15,41,51,51,55,198,6,28,34,232
12/04/2020,ICT,KS,ACE,CE,Combined TRACON& Tower with Radar,41,50,60,28,179,0,4,55,10,69,41,54,115,38,248,6,134,140,388
12/05/2020,ICT,KS,ACE,CE,Combined TRACON& Tower with Radar,36,34,40,1,111,0,3,62,5,70,36,37,102,6,181,0,0,0,181
12/06/2020,ICT,KS,ACE,CE,Combined TRACON& Tower with Radar,33,30,44,10,117,0,2,54,5,61,33,32,98,15,178,42,0,42,220
12/07/2020,ICT,KS,ACE,CE,Combined TRACON& Tower with Radar,34,36,77,22,169,0,2,51,4,57,34,38,128,26,226,16,64,80,306
12/08/2020,ICT,KS,ACE,CE,Combined TRACON& Tower with Radar,38,51,63,28,180,0,6,53,8,67,38,57,116,36,247,66,68,134,381
12/09/2020,ICT,KS,ACE,CE,Combined TRACON& Tower with Radar,39,48,86,30,203,0,5,88,8,101,39,53,174,38,304,62,44,106,410
12/10/2020,ICT,KS,ACE,CE,Combined TRACON& Tower with Radar,44,63,92,66,265,0,5,52,11,68,44,68,144,77,333,48,68,116,449
12/11/2020,ICT,KS,ACE,CE,Combined TRACON& Tower with Radar,45,56,79,14,194,0,2,7,0,9,45,58,86,14,203,0,0,0,203
12/12/2020,ICT,KS,ACE,CE,Combined TRACON& Tower with Radar,35,33,35,0,103,0,0,7,0,7,35,33,42,0,110,18,0,18,128
12/13/2020,ICT,KS,ACE,CE,Combined TRACON& Tower with Radar,32,30,33,0,95,0,3,11,1,15,32,33,44,1,110,0,0,0,110
12/14/2020,ICT,KS,ACE,CE,Combined TRACON& Tower with Radar,36,40,71,8,155,0,5,31,5,41,36,45,102,13,196,46,12,58,254
12/15/2020,ICT,KS,ACE,CE,Combined TRACON& Tower with Radar,38,43,65,1,147,0,2,4,0,6,38,45,69,1,153,0,0,0,153
12/16/2020,ICT,KS,ACE,CE,Combined TRACON& Tower with Radar,38,53,91,3,185,0,8,22,7,37,38,61,113,10,222,22,0,22,244
12/17/2020,ICT,KS,ACE,CE,Combined TRACON& Tower with Radar,42,57,103,33,235,0,5,69,20,94,42,62,172,53,329,48,82,130,459
12/18/2020,ICT,KS,ACE,CE,Combined TRACON& Tower with Radar,40,52,95,34,221,0,4,38,7,49,40,56,133,41,270,0,0,0,270
12/19/2020,ICT,KS,ACE,CE,Combined TRACON& Tower with Radar,46,38,59,13,156,0,5,61,5,71,46,43,120,18,227,8,16,24,251
12/20/2020,ICT,KS,ACE,CE,Combined TRACON& Tower with Radar,38,24,34,9,105,0,5,48,8,61,38,29,82,17,166,20,0,20,186
12/21/2020,ICT,KS,ACE,CE,Combined TRACON& Tower with Radar,33,39,68,32,172,0,7,44,9,60,33,46,112,41,232,54,30,84,316
12/22/2020,ICT,KS,ACE,CE,Combined TRACON& Tower with Radar,40,56,85,69,250,0,7,22,7,36,40,63,107,76,286,28,48,76,362
12/23/2020,ICT,KS,ACE,CE,Combined TRACON& Tower with Radar,48,71,66,0,185,0,4,15,2,21,48,75,81,2,206,44,0,44,250
12/24/2020,ICT,KS,ACE,CE,Combined TRACON& Tower with Radar,33,39,27,0,99,0,4,15,0,19,33,43,42,0,118,52,0,52,170
12/25/2020,ICT,KS,ACE,CE,Combined TRACON& Tower with Radar,17,30,11,0,58,0,5,17,3,25,17,35,28,3,83,0,0,0,83
12/26/2020,ICT,KS,ACE,CE,Combined TRACON& Tower with Radar,41,36,37,0,114,0,5,49,2,56,41,41,86,2,170,16,0,16,186
12/27/2020,ICT,KS,ACE,CE,Combined TRACON& Tower with Radar,36,22,47,0,105,0,5,15,1,21,36,27,62,1,126,0,0,0,126
12/28/2020,ICT,KS,ACE,CE,Combined TRACON& Tower with Radar,33,37,57,4,131,0,0,38,0,38,33,37,95,4,169,36,0,36,205
12/29/2020,ICT,KS,ACE,CE,Combined TRACON& Tower with Radar,39,45,44,0,128,0,0,0,0,0,39,45,44,0,128,0,0,0,128
12/30/2020,ICT,KS,ACE,CE,Combined TRACON& Tower with Radar,43,50,53,7,153,0,3,29,5,37,43,53,82,12,190,0,0,0,190
12/31/2020,ICT,KS,ACE,CE,Combined TRACON& Tower with Radar,28,41,39,0,108,0,3,23,0,26,28,44,62,0,134,0,0,0,134
01/01/2021,ICT,KS,ACE,CE,Combined TRACON& Tower with Radar,20,23,13,0,56,0,1,1,1,3,20,24,14,1,59,0,0,0,59
01/02/2021,ICT,KS,ACE,CE,Combined TRACON& Tower with Radar,39,31,32,0,102,0,1,23,0,24,39,32,55,0,126,6,0,6,132
01/03/2021,ICT,KS,ACE,CE,Combined TRACON& Tower with Radar,39,33,57,0,129,0,0,15,0,15,39,33,72,0,144,6,12,18,162
01/04/2021,ICT,KS,ACE,CE,Combined TRACON& Tower with Radar,30,43,43,0,116,0,4,31,1,36,30,47,74,1,152,8,0,8,160
01/05/2021,ICT,KS,ACE,CE,Combined TRACON& Tower with Radar,32,43,57,41,173,0,1,38,2,41,32,44,95,43,214,0,18,18,232
01/06/2021,ICT,KS,ACE,CE,Combined TRACON& Tower with Radar,31,59,50,98,238,0,6,14,7,27,31,65,64,105,265,8,130,138,403
01/07/2021,ICT,KS,ACE,CE,Combined TRACON& Tower with Radar,31,49,54,0,134,0,0,1,0,1,31,49,55,0,135,0,0,0,135
01/08/2021,ICT,KS,ACE,CE,Combined TRACON& Tower with Radar,33,46,42,5,126,0,3,8,1,12,33,49,50,6,138,0,0,0,138
01/09/2021,ICT,KS,ACE,CE,Combined TRACON& Tower with Radar,27,51,43,0,121,0,2,33,2,37,27,53,76,2,158,80,0,80,238
01/10/2021,ICT,KS,ACE,CE,Combined TRACON& Tower with Radar,25,39,39,0,103,0,1,17,2,20,25,40,56,2,123,24,0,24,147
01/11/2021,ICT,KS,ACE,CE,Combined TRACON& Tower with Radar,26,37,25,57,145,0,6,32,2,40,26,43,57,59,185,20,104,124,309
01/12/2021,ICT,KS,ACE,CE,Combined TRACON& Tower with Radar,29,48,60,53,190,0,6,70,4,80,29,54,130,57,270,30,42,72,342
01/13/2021,ICT,KS,ACE,CE,Combined TRACON& Tower with Radar,28,60,69,64,221,0,3,35,4,42,28,63,104,68,263,20,94,114,377
01/14/2021,ICT,KS,ACE,CE,Combined TRACON& Tower with Radar,31,54,51,8,144,0,4,14,0,18,31,58,65,8,162,0,0,0,162
01/15/2021,ICT,KS,ACE,CE,Combined TRACON& Tower with Radar,35,40,44,0,119,0,0,4,0,4,35,40,48,0,123,6,0,6,129
01/16/2021,ICT,KS,ACE,CE,Combined TRACON& Tower with Radar,28,32,29,0,89,0,4,59,1,64,28,36,88,1,153,70,0,70,223
01/17/2021,ICT,KS,ACE,CE,Combined TRACON& Tower with Radar,23,40,35,0,98,0,2,31,2,35,23,42,66,2,133,26,0,26,159
01/18/2021,ICT,KS,ACE,CE,Combined TRACON& Tower with Radar,26,35,25,0,86,0,2,30,0,32,26,37,55,0,118,0,0,0,118
01/19/2021,ICT,KS,ACE,CE,Combined TRACON& Tower with Radar,29,46,48,44,167,0,10,41,7,58,29,56,89,51,225,12,28,40,265
01/20/2021,ICT,KS,ACE,CE,Combined TRACON& Tower with Radar,30,39,63,68,200,0,5,42,3,50,30,44,105,71,250,40,98,138,388
01/21/2021,ICT,KS,ACE,CE,Combined TRACON& Tower with Radar,31,54,58,60,203,0,6,63,12,81,31,60,121,72,284,54,20,74,358
01/22/2021,ICT,KS,ACE,CE,Combined TRACON& Tower with Radar,33,47,55,49,184,0,11,42,6,59,33,58,97,55,243,14,72,86,329
01/23/2021,ICT,KS,ACE,CE,Combined TRACON& Tower with Radar,22,29,37,7,95,0,4,13,2,19,22,33,50,9,114,6,0,6,120
01/24/2021,ICT,KS,ACE,CE,Combined TRACON& Tower with Radar,28,56,31,25,140,0,0,0,0,0,28,56,31,25,140,0,0,0,140
01/25/2021,ICT,KS,ACE,CE,Combined TRACON& Tower with Radar,25,35,38,0,98,0,0,0,0,0,25,35,38,0,98,0,0,0,98
01/26/2021,ICT,KS,ACE,CE,Combined TRACON& Tower with Radar,31,62,62,11,166,0,0,10,0,10,31,62,72,11,176,0,0,0,176
01/27/2021,ICT,KS,ACE,CE,Combined TRACON& Tower with Radar,29,49,52,23,153,0,2,5,0,7,29,51,57,23,160,26,0,26,186
01/28/2021,ICT,KS,ACE,CE,Combined TRACON& Tower with Radar,31,53,66,14,164,0,2,30,3,35,31,55,96,17,199,42,38,80,279
01/29/2021,ICT,KS,ACE,CE,Combined TRACON& Tower with Radar,34,56,52,7,149,0,0,45,6,51,34,56,97,13,200,44,8,52,252
01/30/2021,ICT,KS,ACE,CE,Combined TRACON& Tower with Radar,26,30,24,0,80,0,0,1,0,1,26,30,25,0,81,0,0,0,81
01/31/2021,ICT,KS,ACE,CE,Combined TRACON& Tower with Radar,27,27,30,2,86,0,0,8,2,10,27,27,38,4,96,38,0,38,134
02/01/2021,ICT,KS,ACE,CE,Combined TRACON& Tower with Radar,26,43,41,28,138,0,7,57,4,68,26,50,98,32,206,16,76,92,298
02/02/2021,ICT,KS,ACE,CE,Combined TRACON& Tower with Radar,32,53,46,68,199,0,10,49,2,61,32,63,95,70,260,58,22,80,340
02/03/2021,ICT,KS,ACE,CE,Combined TRACON& Tower with Radar,29,64,49,33,175,0,6,55,7,68,29,70,104,40,243,22,102,124,367
02/04/2021,ICT,KS,ACE,CE,Combined TRACON& Tower with Radar,31,48,45,1,125,0,3,13,3,19,31,51,58,4,144,12,0,12,156
02/05/2021,ICT,KS,ACE,CE,Combined TRACON& Tower with Radar,33,55,62,16,166,0,10,61,9,80,33,65,123,25,246,56,78,134,380
02/06/2021,ICT,KS,ACE,CE,Combined TRACON& Tower with Radar,29,36,20,0,85,0,0,3,0,3,29,36,23,0,88,0,0,0,88
02/07/2021,ICT,KS,ACE,CE,Combined TRACON& Tower with Radar,27,21,17,0,65,0,0,0,0,0,27,21,17,0,65,0,0,0,65
02/08/2021,ICT,KS,ACE,CE,Combined TRACON& Tower with Radar,27,31,34,1,93,0,0,0,0,0,27,31,34,1,93,0,0,0,93
02/09/2021,ICT,KS,ACE,CE,Combined TRACON& Tower with Radar,28,42,51,4,125,0,0,2,0,2,28,42,53,4,127,6,0,6,133
02/10/2021,ICT,KS,ACE,CE,Combined TRACON& Tower with Radar,29,61,42,0,132,0,0,4,0,4,29,61,46,0,136,0,0,0,136
02/11/2021,ICT,KS,ACE,CE,Combined TRACON& Tower with Radar,33,60,33,3,129,0,0,2,0,2,33,60,35,3,131,0,0,0,131
02/12/2021,ICT,KS,ACE,CE,Combined TRACON& Tower with Radar,40,45,49,7,141,0,0,25,1,26,40,45,74,8,167,2,0,2,169
02/13/2021,ICT,KS,ACE,CE,Combined TRACON& Tower with Radar,30,37,45,0,112,0,3,9,0,12,30,40,54,0,124,0,0,0,124
02/14/2021,ICT,KS,ACE,CE,Combined TRACON& Tower with Radar,16,27,13,0,56,0,0,0,0,0,16,27,13,0,56,0,0,0,56
02/15/2021,ICT,KS,ACE,CE,Combined TRACON& Tower with Radar,17,28,33,0,78,0,1,4,1,6,17,29,37,1,84,4,0,4,88
02/16/2021,ICT,KS,ACE,CE,Combined TRACON& Tower with Radar,24,44,30,2,100,0,2,3,1,6,24,46,33,3,106,10,0,10,116
02/17/2021,ICT,KS,ACE,CE,Combined TRACON& Tower with Radar,24,55,49,4,132,0,6,11,2,19,24,61,60,6,151,24,4,28,179
02/18/2021,ICT,KS,ACE,CE,Combined TRACON& Tower with Radar,33,54,57,6,150,1,6,29,7,43,34,60,86,13,193,26,22,48,241
02/19/2021,ICT,KS,ACE,CE,Combined TRACON& Tower with Radar,29,60,45,8,142,0,11,44,1,56,29,71,89,9,198,22,0,22,220
02/20/2021,ICT,KS,ACE,CE,Combined TRACON& Tower with Radar,29,45,34,12,120,0,4,44,1,49,29,49,78,13,169,38,0,38,207
02/21/2021,ICT,KS,ACE,CE,Combined TRACON& Tower with Radar,30,39,46,3,118,0,3,15,0,18,30,42,61,3,136,8,0,8,144
02/22/2021,ICT,KS,ACE,CE,Combined TRACON& Tower with Radar,30,45,63,80,218,0,4,51,5,60,30,49,114,85,278,30,64,94,372
02/23/2021,ICT,KS,ACE,CE,Combined TRACON& Tower with Radar,30,58,57,50,195,0,4,59,1,64,30,62,116,51,259,80,52,132,391
02/24/2021,ICT,KS,ACE,CE,Combined TRACON& Tower with Radar,30,56,68,30,184,0,4,59,9,72,30,60,127,39,256,40,12,52,308
02/25/2021,ICT,KS,ACE,CE,Combined TRACON& Tower with Radar,35,62,76,55,228,0,6,53,10,69,35,68,129,65,297,72,6,78,375
02/26/2021,ICT,KS,ACE,CE,Combined TRACON& Tower with Radar,38,53,70,39,200,0,8,49,1,58,38,61,119,40,258,44,110,154,412
02/27/2021,ICT,KS,ACE,CE,Combined TRACON& Tower with Radar,30,50,20,0,100,0,0,11,0,11,30,50,31,0,111,4,0,4,115
02/28/2021,ICT,KS,ACE,CE,Combined TRACON& Tower with Radar,28,25,42,20,115,0,4,54,1,59,28,29,96,21,174,32,10,42,216
03/01/2021,ICT,KS,ACE,CE,Combined TRACON& Tower with Radar,33,47,63,27,170,3,2,77,0,82,36,49,140,27,252,36,4,40,292
03/02/2021,ICT,KS,ACE,CE,Combined TRACON& Tower with Radar,32,58,68,14,172,0,6,58,9,73,32,64,126,23,245,58,34,92,337
03/03/2021,ICT,KS,ACE,CE,Combined TRACON& Tower with Radar,36,61,75,28,200,0,6,59,3,68,36,67,134,31,268,18,0,18,286
03/04/2021,ICT,KS,ACE,CE,Combined TRACON& Tower with Radar,45,57,81,47,230,0,6,41,6,53,45,63,122,53,283,4,0,4,287
03/05/2021,ICT,KS,ACE,CE,Combined TRACON& Tower with Radar,46,40,51,6,143,0,3,35,0,38,46,43,86,6,181,22,6,28,209
03/06/2021,ICT,KS,ACE,CE,Combined TRACON& Tower with Radar,36,34,37,21,128,0,2,60,6,68,36,36,97,27,196,86,0,86,282
03/07/2021,ICT,KS,ACE,CE,Combined TRACON& Tower with Radar,42,26,36,9,113,0,6,21,3,30,42,32,57,12,143,33,0,33,176
03/08/2021,ICT,KS,ACE,CE,Combined TRACON& Tower with Radar,45,45,73,44,207,0,2,44,3,49,45,47,117,47,256,14,8,22,278
03/09/2021,ICT,KS,ACE,CE,Combined TRACON& Tower with Radar,38,42,75,49,204,0,2,31,2,35,38,44,106,51,239,4,18,22,261
03/10/2021,ICT,KS,ACE,CE,Combined TRACON& Tower with Radar,40,49,72,56,217,0,2,17,2,21,40,51,89,58,238,16,14,30,268
03/11/2021,ICT,KS,ACE,CE,Combined TRACON& Tower with Radar,44,54,66,4,168,0,7,73,6,86,44,61,139,10,254,10,0,10,264
03/12/2021,ICT,KS,ACE,CE,Combined TRACON& Tower with Radar,50,39,68,0,157,0,0,0,0,0,50,39,68,0,157,0,0,0,157
03/13/2021,ICT,KS,ACE,CE,Combined TRACON& Tower with Radar,31,27,29,0,87,0,0,1,0,1,31,27,30,0,88,0,0,0,88
03/14/2021,ICT,KS,ACE,CE,Combined TRACON& Tower with Radar,40,32,36,1,109,0,2,18,4,24,40,34,54,5,133,8,0,8,141
03/15/2021,ICT,KS,ACE,CE,Combined TRACON& Tower with Radar,39,47,70,35,191,0,1,49,2,52,39,48,119,37,243,6,18,24,267
03/16/2021,ICT,KS,ACE,CE,Combined TRACON& Tower with Radar,37,52,101,5,195,0,3,71,8,82,37,55,172,13,277,4,0,4,281
03/17/2021,ICT,KS,ACE,CE,Combined TRACON& Tower with Radar,36,40,37,0,113,0,0,2,0,2,36,40,39,0,115,0,0,0,115
03/18/2021,ICT,KS,ACE,CE,Combined TRACON& Tower with Radar,50,54,68,6,178,0,4,12,0,16,50,58,80,6,194,8,0,8,202
03/19/2021,ICT,KS,ACE,CE,Combined TRACON& Tower with Radar,52,45,76,25,198,0,2,98,10,110,52,47,174,35,308,38,0,38,346
03/20/2021,ICT,KS,ACE,CE,Combined TRACON& Tower with Radar,35,28,40,11,114,0,9,67,4,80,35,37,107,15,194,70,0,70,264
03/21/2021,ICT,KS,ACE,CE,Combined TRACON& Tower with Radar,39,27,31,2,99,0,7,11,3,21,39,34,42,5,120,8,0,8,128
03/22/2021,ICT,KS,ACE,CE,Combined TRACON& Tower with Radar,39,43,55,0,137,0,0,5,0,5,39,43,60,0,142,0,0,0,142
03/23/2021,ICT,KS,ACE,CE,Combined TRACON& Tower with Radar,41,47,71,2,161,0,0,4,0,4,41,47,75,2,165,0,0,0,165
03/24/2021,ICT,KS,ACE,CE,Combined TRACON& Tower with Radar,42,44,112,23,221,0,1,13,2,16,42,45,125,25,237,0,0,0,237
03/25/2021,ICT,KS,ACE,CE,Combined TRACON& Tower with Radar,43,52,95,31,221,0,2,24,0,26,43,54,119,31,247,30,0,30,277
03/26/2021,ICT,KS,ACE,CE,Combined TRACON& Tower with Radar,53,42,56,23,174,1,0,66,8,75,54,42,122,31,249,26,4,30,279
03/27/2021,ICT,KS,ACE,CE,Combined TRACON& Tower with Radar,34,30,55,9,128,0,3,42,2,47,34,33,97,11,175,20,10,30,205
03/28/2021,ICT,KS,ACE,CE,Combined TRACON& Tower with Radar,41,44,44,9,138,0,5,72,8,85,41,49,116,17,223,28,0,28,251
03/29/2021,ICT,KS,ACE,CE,Combined TRACON& Tower with Radar,45,41,52,7,145,0,2,21,0,23,45,43,73,7,168,0,0,0,168
03/30/2021,ICT,KS,ACE,CE,Combined TRACON& Tower with Radar,46,54,79,22,201,0,5,40,4,49,46,59,119,26,250,18,0,18,268
03/31/2021,ICT,KS,ACE,CE,Combined TRACON& Tower with Radar,46,46,64,36,192,0,10,60,1,71,46,56,124,37,263,100,0,100,363
04/01/2021,ICT,KS,ACE,CE,Combined TRACON& Tower with Radar,48,47,92,13,200,0,4,73,3,80,48,51,165,16,280,54,0,54,334
04/02/2021,ICT,KS,ACE,CE,Combined TRACON& Tower with Radar,51,54,39,4,148,0,4,34,2,40,51,58,73,6,188,0,0,0,188
04/03/2021,ICT,KS,ACE,CE,Combined TRACON& Tower with Radar,33,29,21,6,89,0,4,47,0,51,33,33,68,6,140,25,0,25,165
04/04/2021,ICT,KS,ACE,CE,Combined TRACON& Tower with Radar,41,23,19,2,85,0,6,12,0,18,41,29,31,2,103,14,0,14,117
04/05/2021,ICT,KS,ACE,CE,Combined TRACON& Tower with Radar,45,32,59,13,149,0,9,37,4,50,45,41,96,17,199,12,8,20,219
04/06/2021,ICT,KS,ACE,CE,Combined TRACON& Tower with Radar,43,46,53,14,156,0,0,9,0,9,43,46,62,14,165,30,0,30,195
04/07/2021,ICT,KS,ACE,CE,Combined TRACON& Tower with Radar,41,50,72,2,165,0,0,0,0,0,41,50,72,2,165,6,0,6,171
04/08/2021,ICT,KS,ACE,CE,Combined TRACON& Tower with Radar,50,63,73,23,209,0,11,60,5,76,50,74,133,28,285,36,42,78,363
04/09/2021,ICT,KS,ACE,CE,Combined TRACON& Tower with Radar,52,43,78,30,203,0,2,42,3,47,52,45,120,33,250,30,6,36,286
04/10/2021,ICT,KS,ACE,CE,Combined TRACON& Tower with Radar,38,36,35,0,109,0,4,30,3,37,38,40,65,3,146,0,0,0,146
04/11/2021,ICT,KS,ACE,CE,Combined TRACON& Tower with Radar,41,27,51,16,135,0,9,72,4,85,41,36,123,20,220,92,0,92,312
04/12/2021,ICT,KS,ACE,CE,Combined TRACON& Tower with Radar,43,38,69,6,156,0,2,36,1,39,43,40,105,7,195,16,0,16,211
04/13/2021,ICT,KS,ACE,CE,Combined TRACON& Tower with Radar,42,46,77,30,195,0,5,59,3,67,42,51,136,33,262,46,12,58,320
04/14/2021,ICT,KS,ACE,CE,Combined TRACON& Tower with Radar,40,45,85,33,203,0,7,60,3,70,40,52,145,36,273,10,54,64,337
04/15/2021,ICT,KS,ACE,CE,Combined TRACON& Tower with Radar,47,39,90,32,208,0,3,47,2,52,47,42,137,34,260,38,120,158,418
04/16/2021,ICT,KS,ACE,CE,Combined TRACON& Tower with Radar,50,48,71,1,170,0,0,0,0,0,50,48,71,1,170,0,0,0,170
04/17/2021,ICT,KS,ACE,CE,Combined TRACON& Tower with Radar,37,39,35,0,111,0,3,20,0,23,37,42,55,0,134,60,0,60,194
04/18/2021,ICT,KS,ACE,CE,Combined TRACON& Tower with Radar,39,22,38,0,99,0,0,58,2,60,39,22,96,2,159,58,0,58,217
04/19/2021,ICT,KS,ACE,CE,Combined TRACON& Tower with Radar,45,33,57,13,148,0,1,42,6,49,45,34,99,19,197,2,0,2,199
04/20/2021,ICT,KS,ACE,CE,Combined TRACON& Tower with Radar,44,43,57,6,150,0,4,27,4,35,44,47,84,10,185,24,0,24,209
04/21/2021,ICT,KS,ACE,CE,Combined TRACON& Tower with Radar,40,52,81,9,182,0,5,72,7,84,40,57,153,16,266,34,0,34,300
04/22/2021,ICT,KS,ACE,CE,Combined TRACON& Tower with Radar,48,54,76,0,178,0,6,23,4,33,48,60,99,4,211,22,0,22,233
04/23/2021,ICT,KS,ACE,CE,Combined TRACON& Tower with Radar,51,37,53,2,143,0,2,5,0,7,51,39,58,2,150,10,0,10,160
04/24/2021,ICT,KS,ACE,CE,Combined TRACON& Tower with Radar,37,39,56,2,134,0,3,60,5,68,37,42,116,7,202,74,0,74,276
04/25/2021,ICT,KS,ACE,CE,Combined TRACON& Tower with Radar,39,30,35,3,107,0,6,13,2,21,39,36,48,5,128,10,0,10,138
04/26/2021,ICT,KS,ACE,CE,Combined TRACON& Tower with Radar,45,46,63,26,180,0,8,22,1,31,45,54,85,27,211,18,12,30,241
04/27/2021,ICT,KS,ACE,CE,Combined TRACON& Tower with Radar,40,54,61,15,170,0,7,28,4,39,40,61,89,19,209,38,10,48,257
04/28/2021,ICT,KS,ACE,CE,Combined TRACON& Tower with Radar,44,39,60,24,167,0,2,3,2,7,44,41,63,26,174,0,10,10,184
04/29/2021,ICT,KS,ACE,CE,Combined TRACON& Tower with Radar,46,48,80,16,190,0,10,64,14,88,46,58,144,30,278,32,0,32,310
04/30/2021,ICT,KS,ACE,CE,Combined TRACON& Tower with Radar,49,60,70,22,201,0,10,114,2,126,49,70,184,24,327,127,10,137,464
05/01/2021,ICT,KS,ACE,CE,Combined TRACON& Tower with Radar,37,27,37,10,111,0,2,75,0,77,37,29,112,10,188,24,14,38,226
05/02/2021,ICT,KS,ACE,CE,Combined TRACON& Tower with Radar,39,42,50,0,131,0,2,7,1,10,39,44,57,1,141,0,0,0,141
05/03/2021,ICT,KS,ACE,CE,Combined TRACON& Tower with Radar,40,53,93,34,220,0,3,26,0,29,40,56,119,34,249,22,0,22,271
05/04/2021,ICT,KS,ACE,CE,Combined TRACON& Tower with Radar,42,62,77,27,208,0,9,44,7,60,42,71,121,34,268,64,8,72,340
05/05/2021,ICT,KS,ACE,CE,Combined TRACON& Tower with Radar,40,58,83,4,185,0,5,48,1,54,40,63,131,5,239,38,0,38,277
05/06/2021,ICT,KS,ACE,CE,Combined TRACON& Tower with Radar,56,53,90,2,201,0,4,53,3,60,56,57,143,5,261,24,4,28,289
05/07/2021,ICT,KS,ACE,CE,Combined TRACON& Tower with Radar,56,43,73,10,182,0,2,31,0,33,56,45,104,10,215,24,0,24,239
05/08/2021,ICT,KS,ACE,CE,Combined TRACON& Tower with Radar,43,34,24,0,101,0,4,31,2,37,43,38,55,2,138,24,0,24,162
05/09/2021,ICT,KS,ACE,CE,Combined TRACON& Tower with Radar,42,33,34,0,109,0,2,4,0,6,42,35,38,0,115,2,0,2,117
05/10/2021,ICT,KS,ACE,CE,Combined TRACON& Tower with Radar,49,43,67,2,161,0,4,23,2,29,49,47,90,4,190,22,0,22,212
05/11/2021,ICT,KS,ACE,CE,Combined TRACON& Tower with Radar,53,59,61,15,188,0,2,28,4,34,53,61,89,19,222,6,60,66,288
05/12/2021,ICT,KS,ACE,CE,Combined TRACON& Tower with Radar,47,46,75,27,195,0,6,80,6,92,47,52,155,33,287,22,28,50,337
05/13/2021,ICT,KS,ACE,CE,Combined TRACON& Tower with Radar,55,68,91,11,225,0,12,66,5,83,55,80,157,16,308,0,0,0,308
05/14/2021,ICT,KS,ACE,CE,Combined TRACON& Tower with Radar,56,44,57,6,163,0,4,29,1,34,56,48,86,7,197,18,0,18,215
05/15/2021,ICT,KS,ACE,CE,Combined TRACON& Tower with Radar,42,22,34,0,98,0,2,11,2,15,42,24,45,2,113,12,0,12,125
05/16/2021,ICT,KS,ACE,CE,Combined TRACON& Tower with Radar,39,39,32,2,112,0,2,4,4,10,39,41,36,6,122,0,0,0,122
05/17/2021,ICT,KS,ACE,CE,Combined TRACON& Tower with Radar,50,39,83,29,201,0,2,17,0,19,50,41,100,29,220,12,14,26,246
05/18/2021,ICT,KS,ACE,CE,Combined TRACON& Tower with Radar,46,36,67,10,159,0,0,9,0,9,46,36,76,10,168,0,0,0,168
05/19/2021,ICT,KS,ACE,CE,Combined TRACON& Tower with Radar,49,44,95,0,188,1,1,7,2,11,50,45,102,2,199,18,0,18,217
05/20/2021,ICT,KS,ACE,CE,Combined TRACON& Tower with Radar,51,47,93,15,206,0,2,20,1,23,51,49,113,16,229,12,10,22,251
05/21/2021,ICT,KS,ACE,CE,Combined TRACON& Tower with Radar,57,52,115,22,246,0,8,34,2,44,57,60,149,24,290,6,12,18,308
05/22/2021,ICT,KS,ACE,CE,Combined TRACON& Tower with Radar,43,33,44,5,125,0,0,1,0,1,43,33,45,5,126,0,0,0,126
05/23/2021,ICT,KS,ACE,CE,Combined TRACON& Tower with Radar,42,42,65,7,156,0,0,1,0,1,42,42,66,7,157,0,0,0,157
05/24/2021,ICT,KS,ACE,CE,Combined TRACON& Tower with Radar,45,56,81,6,188,0,0,2,0,2,45,56,83,6,190,4,8,12,202
05/25/2021,ICT,KS,ACE,CE,Combined TRACON& Tower with Radar,49,39,72,23,183,0,0,25,3,28,49,39,97,26,211,28,14,42,253
05/26/2021,ICT,KS,ACE,CE,Combined TRACON& Tower with Radar,53,50,79,9,191,0,4,72,3,79,53,54,151,12,270,34,0,34,304
05/27/2021,ICT,KS,ACE,CE,Combined TRACON& Tower with Radar,46,40,71,0,157,0,1,15,3,19,46,41,86,3,176,6,0,6,182
05/28/2021,ICT,KS,ACE,CE,Combined TRACON& Tower with Radar,55,51,60,0,166,0,3,53,1,57,55,54,113,1,223,42,0,42,265
05/29/2021,ICT,KS,ACE,CE,Combined TRACON& Tower with Radar,49,28,43,0,120,0,8,35,3,46,49,36,78,3,166,4,0,4,170
05/30/2021,ICT,KS,ACE,CE,Combined TRACON& Tower with Radar,38,24,15,0,77,0,2,5,0,7,38,26,20,0,84,8,0,8,92
05/31/2021,ICT,KS,ACE,CE,Combined TRACON& Tower with Radar,35,38,29,0,102,0,0,0,0,0,35,38,29,0,102,0,0,0,102
06/01/2021,ICT,KS,ACE,CE,Combined TRACON& Tower with Radar,42,38,101,11,192,0,12,32,1,45,42,50,133,12,237,12,20,32,269
06/02/2021,ICT,KS,ACE,CE,Combined TRACON& Tower with Radar,54,53,70,4,181,0,5,36,4,45,54,58,106,8,226,34,0,34,260
06/03/2021,ICT,KS,ACE,CE,Combined TRACON& Tower with Radar,50,71,58,22,201,1,0,70,6,77,51,71,128,28,278,24,42,66,344
06/04/2021,ICT,KS,ACE,CE,Combined TRACON& Tower with Radar,53,44,83,40,220,1,2,58,8,69,54,46,141,48,289,36,54,90,379
06/05/2021,ICT,KS,ACE,CE,Combined TRACON& Tower with Radar,51,47,57,27,182,0,3,61,6,70,51,50,118,33,252,6,12,18,270
06/06/2021,ICT,KS,ACE,CE,Combined TRACON& Tower with Radar,42,29,56,13,140,0,5,16,2,23,42,34,72,15,163,24,0,24,187
06/07/2021,ICT,KS,ACE,CE,Combined TRACON& Tower with Radar,42,46,87,42,217,0,4,35,7,46,42,50,122,49,263,26,0,26,289
06/08/2021,ICT,KS,ACE,CE,Combined TRACON& Tower with Radar,51,57,92,20,220,0,4,42,1,47,51,61,134,21,267,16,26,42,309
06/09/2021,ICT,KS,ACE,CE,Combined TRACON& Tower with Radar,57,74,88,8,227,0,10,71,5,86,57,84,159,13,313,48,0,48,361
06/10/2021,ICT,KS,ACE,CE,Combined TRACON& Tower with Radar,54,54,95,12,215,0,4,40,4,48,54,58,135,16,263,40,0,40,303
06/11/2021,ICT,KS,ACE,CE,Combined TRACON& Tower with Radar,60,46,80,6,192,0,3,37,1,41,60,49,117,7,233,38,0,38,271
06/12/2021,ICT,KS,ACE,CE,Combined TRACON& Tower with Radar,44,30,50,12,136,0,1,51,2,54,44,31,101,14,190,30,0,30,220
06/13/2021,ICT,KS,ACE,CE,Combined TRACON& Tower with Radar,47,32,56,0,135,0,2,36,1,39,47,34,92,1,174,20,0,20,194
06/14/2021,ICT,KS,ACE,CE,Combined TRACON& Tower with Radar,49,49,91,38,227,0,1,51,4,56,49,50,142,42,283,21,20,41,324
06/15/2021,ICT,KS,ACE,CE,Combined TRACON& Tower with Radar,51,48,66,16,181,1,11,56,7,75,52,59,122,23,256,30,6,36,292
06/16/2021,ICT,KS,ACE,CE,Combined TRACON& Tower with Radar,52,58,83,6,199,0,2,69,5,76,52,60,152,11,275,16,18,34,309
06/17/2021,ICT,KS,ACE,CE,Combined TRACON& Tower with Radar,56,63,107,12,238,2,2,67,3,74,58,65,174,15,312,18,0,18,330
06/18/2021,ICT,KS,ACE,CE,Combined TRACON& Tower with Radar,57,41,71,4,173,0,3,51,5,59,57,44,122,9,232,24,0,24,256
06/19/2021,ICT,KS,ACE,CE,Combined TRACON& Tower with Radar,45,40,42,0,127,0,5,48,1,54,45,45,90,1,181,58,0,58,239
06/20/2021,ICT,KS,ACE,CE,Combined TRACON& Tower with Radar,48,31,52,7,138,0,1,18,6,25,48,32,70,13,163,12,0,12,175
06/21/2021,ICT,KS,ACE,CE,Combined TRACON& Tower with Radar,41,44,96,26,207,0,4,41,1,46,41,48,137,27,253,26,0,26,279
06/22/2021,ICT,KS,ACE,CE,Combined TRACON& Tower with Radar,49,55,94,20,218,0,6,67,2,75,49,61,161,22,293,18,0,18,311
06/23/2021,ICT,KS,ACE,CE,Combined TRACON& Tower with Radar,58,55,80,34,227,0,6,50,1,57,58,61,130,35,284,22,0,22,306
06/24/2021,ICT,KS,ACE,CE,Combined TRACON& Tower with Radar,72,62,93,36,263,0,3,32,5,40,72,65,125,41,303,10,8,18,321
06/25/2021,ICT,KS,ACE,CE,Combined TRACON& Tower with Radar,56,53,68,12,189,0,1,60,0,61,56,54,128,12,250,10,14,24,274
06/26/2021,ICT,KS,ACE,CE,Combined TRACON& Tower with Radar,41,41,60,3,145,0,1,24,1,26,41,42,84,4,171,54,0,54,225
06/27/2021,ICT,KS,ACE,CE,Combined TRACON& Tower with Radar,52,51,40,6,149,0,2,26,0,28,52,53,66,6,177,26,0,26,203
06/28/2021,ICT,KS,ACE,CE,Combined TRACON& Tower with Radar,41,38,73,11,163,0,0,19,1,20,41,38,92,12,183,18,0,18,201
06/29/2021,ICT,KS,ACE,CE,Combined TRACON& Tower with Radar,47,46,80,1,174,0,0,3,1,4,47,46,83,2,178,0,0,0,178
06/30/2021,ICT,KS,ACE,CE,Combined TRACON& Tower with Radar,56,68,110,0,234,0,1,12,0,13,56,69,122,0,247,12,0,12,259
07/01/2021,ICT,KS,ACE,CE,Combined TRACON& Tower with Radar,61,54,81,10,206,0,2,27,2,31,61,56,108,12,237,36,0,36,273
07/02/2021,ICT,KS,ACE,CE,Combined TRACON& Tower with Radar,49,64,82,4,199,1,4,50,2,57,50,68,132,6,256,36,0,36,292
07/03/2021,ICT,KS,ACE,CE,Combined TRACON& Tower with Radar,48,49,23,0,120,0,12,34,1,47,48,61,57,1,167,48,0,48,215
07/04/2021,ICT,KS,ACE,CE,Combined TRACON& Tower with Radar,48,33,9,0,90,0,9,28,1,38,48,42,37,1,128,0,0,0,128
07/05/2021,ICT,KS,ACE,CE,Combined TRACON& Tower with Radar,39,36,37,3,115,0,3,22,0,25,39,39,59,3,140,24,0,24,164
07/06/2021,ICT,KS,ACE,CE,Combined TRACON& Tower with Radar,47,48,67,21,183,0,6,70,6,82,47,54,137,27,265,98,0,98,363
07/07/2021,ICT,KS,ACE,CE,Combined TRACON& Tower with Radar,51,55,75,0,181,0,9,35,3,47,51,64,110,3,228,22,0,22,250
07/08/2021,ICT,KS,ACE,CE,Combined TRACON& Tower with Radar,52,53,97,13,215,1,6,70,1,78,53,59,167,14,293,68,0,68,361
07/09/2021,ICT,KS,ACE,CE,Combined TRACON& Tower with Radar,49,59,70,13,191,0,4,63,2,69,49,63,133,15,260,34,14,48,308
07/10/2021,ICT,KS,ACE,CE,Combined TRACON& Tower with Radar,43,29,33,2,107,0,0,24,2,26,43,29,57,4,133,58,0,58,191
07/11/2021,ICT,KS,ACE,CE,Combined TRACON& Tower with Radar,43,39,49,0,131,0,0,17,0,17,43,39,66,0,148,54,0,54,202
07/12/2021,ICT,KS,ACE,CE,Combined TRACON& Tower with Radar,40,52,57,13,162,0,4,68,3,75,40,56,125,16,237,106,44,150,387
07/13/2021,ICT,KS,ACE,CE,Combined TRACON& Tower with Radar,48,68,72,30,218,0,8,62,4,74,48,76,134,34,292,38,26,64,356
07/14/2021,ICT,KS,ACE,CE,Combined TRACON& Tower with Radar,57,67,71,28,223,0,9,46,3,58,57,76,117,31,281,28,24,52,333
07/15/2021,ICT,KS,ACE,CE,Combined TRACON& Tower with Radar,55,49,68,4,176,0,0,23,1,24,55,49,91,5,200,28,0,28,228
07/16/2021,ICT,KS,ACE,CE,Combined TRACON& Tower with Radar,50,55,73,16,194,0,4,39,4,47,50,59,112,20,241,60,57,117,358
07/17/2021,ICT,KS,ACE,CE,Combined TRACON& Tower with Radar,48,42,27,0,117,0,8,29,1,38,48,50,56,1,155,34,0,34,189
07/18/2021,ICT,KS,ACE,CE,Combined TRACON& Tower with Radar,47,56,55,4,162,0,0,26,1,27,47,56,81,5,189,50,0,50,239
07/19/2021,ICT,KS,ACE,CE,Combined TRACON& Tower with Radar,39,52,66,99,256,0,6,55,5,66,39,58,121,104,322,24,94,118,440
07/20/2021,ICT,KS,ACE,CE,Combined TRACON& Tower with Radar,54,59,63,33,209,1,5,50,3,59,55,64,113,36,268,48,20,68,336
07/21/2021,ICT,KS,ACE,CE,Combined TRACON& Tower with Radar,52,59,75,38,224,1,9,72,6,88,53,68,147,44,312,42,12,54,366
07/22/2021,ICT,KS,ACE,CE,Combined TRACON& Tower with Radar,69,57,96,29,251,0,6,60,5,71,69,63,156,34,322,22,20,42,364
07/23/2021,ICT,KS,ACE,CE,Combined TRACON& Tower with Radar,51,56,95,43,245,0,2,58,1,61,51,58,153,44,306,2,0,2,308
07/24/2021,ICT,KS,ACE,CE,Combined TRACON& Tower with Radar,41,39,39,21,140,0,7,67,5,79,41,46,106,26,219,28,34,62,281
07/25/2021,ICT,KS,ACE,CE,Combined TRACON& Tower with Radar,46,37,47,6,136,0,1,14,0,15,46,38,61,6,151,20,0,20,171
07/26/2021,ICT,KS,ACE,CE,Combined TRACON& Tower with Radar,41,51,74,0,166,0,3,28,0,31,41,54,102,0,197,16,0,16,213
07/27/2021,ICT,KS,ACE,CE,Combined TRACON& Tower with Radar,55,64,80,10,209,0,10,43,2,55,55,74,123,12,264,6,0,6,270
07/28/2021,ICT,KS,ACE,CE,Combined TRACON& Tower with Radar,52,61,65,26,204,0,12,41,5,58,52,73,106,31,262,50,28,78,340
07/29/2021,ICT,KS,ACE,CE,Combined TRACON& Tower with Radar,59,54,84,3,200,0,4,47,4,55,59,58,131,7,255,40,0,40,295
07/30/2021,ICT,KS,ACE,CE,Combined TRACON& Tower with Radar,55,57,56,29,197,0,5,54,6,65,55,62,110,35,262,30,18,48,310
07/31/2021,ICT,KS,ACE,CE,Combined TRACON& Tower with Radar,44,35,34,3,116,0,2,49,1,52,44,37,83,4,168,10,0,10,178
08/01/2021,ICT,KS,ACE,CE,Combined TRACON& Tower with Radar,44,45,67,10,166,0,3,17,0,20,44,48,84,10,186,26,2,28,214
08/02/2021,ICT,KS,ACE,CE,Combined TRACON& Tower with Radar,38,48,68,30,184,2,4,44,3,53,40,52,112,33,237,12,64,76,313
08/03/2021,ICT,KS,ACE,CE,Combined TRACON& Tower with Radar,48,74,93,17,232,0,10,47,3,60,48,84,140,20,292,0,0,0,292
08/04/2021,ICT,KS,ACE,CE,Combined TRACON& Tower with Radar,54,68,73,33,228,0,12,43,5,60,54,80,116,38,288,6,0,6,294
08/05/2021,ICT,KS,ACE,CE,Combined TRACON& Tower with Radar,57,57,81,34,229,1,2,42,1,46,58,59,123,35,275,8,14,22,297
08/06/2021,ICT,KS,ACE,CE,Combined TRACON& Tower with Radar,53,57,86,28,224,1,6,68,0,75,54,63,154,28,299,30,6,36,335
08/07/2021,ICT,KS,ACE,CE,Combined TRACON& Tower with Radar,43,37,36,2,118,0,5,27,3,35,43,42,63,5,153,32,0,32,185
08/08/2021,ICT,KS,ACE,CE,Combined TRACON& Tower with Radar,44,35,48,30,157,0,8,22,1,31,44,43,70,31,188,50,0,50,238
08/09/2021,ICT,KS,ACE,CE,Combined TRACON& Tower with Radar,37,46,73,58,214,0,2,30,1,33,37,48,103,59,247,26,14,40,287
08/10/2021,ICT,KS,ACE,CE,Combined TRACON& Tower with Radar,49,45,83,63,240,0,0,30,3,33,49,45,113,66,273,50,28,78,351
08/11/2021,ICT,KS,ACE,CE,Combined TRACON& Tower with Radar,54,54,71,79,258,0,9,38,4,51,54,63,109,83,309,12,34,46,355
08/12/2021,ICT,KS,ACE,CE,Combined TRACON& Tower with Radar,67,66,82,33,248,0,10,40,2,52,67,76,122,35,300,22,62,84,384
08/13/2021,ICT,KS,ACE,CE,Combined TRACON& Tower with Radar,51,40,70,36,197,0,1,47,0,48,51,41,117,36,245,38,0,38,283
08/14/2021,ICT,KS,ACE,CE,Combined TRACON& Tower with Radar,37,45,25,16,123,0,6,29,0,35,37,51,54,16,158,8,34,42,200
08/15/2021,ICT,KS,ACE,CE,Combined TRACON& Tower with Radar,42,36,39,10,127,0,6,29,0,35,42,42,68,10,162,50,0,50,212
08/16/2021,ICT,KS,ACE,CE,Combined TRACON& Tower with Radar,43,52,87,8,190,2,6,38,5,51,45,58,125,13,241,0,36,36,277
08/17/2021,ICT,KS,ACE,CE,Combined TRACON& Tower with Radar,49,53,69,54,225,0,4,57,6,67,49,57,126,60,292,34,100,134,426
08/18/2021,ICT,KS,ACE,CE,Combined TRACON& Tower with Radar,46,66,98,49,259,0,4,31,1,36,46,70,129,50,295,4,56,60,355
08/19/2021,ICT,KS,ACE,CE,Combined TRACON& Tower with Radar,63,56,97,22,238,0,3,21,0,24,63,59,118,22,262,42,0,42,304
08/20/2021,ICT,KS,ACE,CE,Combined TRACON& Tower with Radar,60,59,73,52,244,0,2,40,3,45,60,61,113,55,289,18,6,24,313
08/21/2021,ICT,KS,ACE,CE,Combined TRACON& Tower with Radar,39,60,52,3,154,0,3,36,1,40,39,63,88,4,194,6,0,6,200
08/22/2021,ICT,KS,ACE,CE,Combined TRACON& Tower with Radar,44,37,46,0,127,0,4,35,0,39,44,41,81,0,166,12,0,12,178
08/23/2021,ICT,KS,ACE,CE,Combined TRACON& Tower with Radar,45,48,71,71,235,0,3,42,4,49,45,51,113,75,284,12,70,82,366
08/24/2021,ICT,KS,ACE,CE,Combined TRACON& Tower with Radar,43,60,79,11,193,0,5,58,3,66,43,65,137,14,259,0,0,0,259
08/25/2021,ICT,KS,ACE,CE,Combined TRACON& Tower with Radar,41,57,78,12,188,0,4,53,6,63,41,61,131,18,251,0,0,0,251
08/26/2021,ICT,KS,ACE,CE,Combined TRACON& Tower with Radar,52,67,79,18,216,0,6,40,5,51,52,73,119,23,267,18,34,52,319
08/27/2021,ICT,KS,ACE,CE,Combined TRACON& Tower with Radar,57,51,78,34,220,0,7,55,1,63,57,58,133,35,283,2,12,14,297
08/28/2021,ICT,KS,ACE,CE,Combined TRACON& Tower with Radar,36,54,46,8,144,0,7,36,3,46,36,61,82,11,190,14,0,14,204
08/29/2021,ICT,KS,ACE,CE,Combined TRACON& Tower with Radar,41,33,62,6,142,0,2,17,1,20,41,35,79,7,162,34,0,34,196
08/30/2021,ICT,KS,ACE,CE,Combined TRACON& Tower with Radar,42,60,71,42,215,0,5,62,0,67,42,65,133,42,282,66,16,82,364
08/31/2021,ICT,KS,ACE,CE,Combined TRACON& Tower with Radar,51,52,65,39,207,0,4,71,7,82,51,56,136,46,289,24,0,24,313
09/01/2021,ICT,KS,ACE,CE,Combined TRACON& Tower with Radar,47,50,71,43,211,0,5,61,3,69,47,55,132,46,280,10,10,20,300
09/02/2021,ICT,KS,ACE,CE,Combined TRACON& Tower with Radar,52,53,89,44,238,0,3,42,4,49,52,56,131,48,287,0,66,66,353
09/03/2021,ICT,KS,ACE,CE,Combined TRACON& Tower with Radar,58,40,82,0,180,0,0,13,1,14,58,40,95,1,194,22,0,22,216
09/04/2021,ICT,KS,ACE,CE,Combined TRACON& Tower with Radar,42,22,34,0,98,0,0,7,0,7,42,22,41,0,105,10,0,10,115
09/05/2021,ICT,KS,ACE,CE,Combined TRACON& Tower with Radar,35,27,22,0,84,0,1,50,4,55,35,28,72,4,139,74,0,74,213
09/06/2021,ICT,KS,ACE,CE,Combined TRACON& Tower with Radar,41,33,36,1,111,0,9,35,1,45,41,42,71,2,156,12,0,12,168
09/07/2021,ICT,KS,ACE,CE,Combined TRACON& Tower with Radar,38,38,81,16,173,0,3,45,1,49,38,41,126,17,222,8,0,8,230
09/08/2021,ICT,KS,ACE,CE,Combined TRACON& Tower with Radar,56,48,91,47,242,0,3,91,7,101,56,51,182,54,343,52,22,74,417
09/09/2021,ICT,KS,ACE,CE,Combined TRACON& Tower with Radar,51,59,47,49,206,0,10,68,6,84,51,69,115,55,290,12,0,12,302
09/10/2021,ICT,KS,ACE,CE,Combined TRACON& Tower with Radar,57,57,71,54,239,0,1,57,2,60,57,58,128,56,299,58,0,58,357
09/11/2021,ICT,KS,ACE,CE,Combined TRACON& Tower with Radar,40,33,30,0,103,0,2,41,1,44,40,35,71,1,147,6,0,6,153
09/12/2021,ICT,KS,ACE,CE,Combined TRACON& Tower with Radar,41,42,43,19,145,0,1,33,2,36,41,43,76,21,181,12,0,12,193
09/13/2021,ICT,KS,ACE,CE,Combined TRACON& Tower with Radar,44,49,83,40,216,0,2,41,3,46,44,51,124,43,262,10,0,10,272
09/14/2021,ICT,KS,ACE,CE,Combined TRACON& Tower with Radar,50,51,75,31,207,0,3,53,3,59,50,54,128,34,266,96,22,118,384
09/15/2021,ICT,KS,ACE,CE,Combined TRACON& Tower with Radar,47,64,65,30,206,0,2,37,1,40,47,66,102,31,246,42,10,52,298
09/16/2021,ICT,KS,ACE,CE,Combined TRACON& Tower with Radar,51,62,71,67,251,0,8,69,0,77,51,70,140,67,328,106,8,114,442
09/17/2021,ICT,KS,ACE,CE,Combined TRACON& Tower with Radar,55,59,75,30,219,0,2,53,13,68,55,61,128,43,287,32,28,60,347
09/18/2021,ICT,KS,ACE,CE,Combined TRACON& Tower with Radar,39,38,53,0,130,0,5,40,2,47,39,43,93,2,177,6,0,6,183
09/19/2021,ICT,KS,ACE,CE,Combined TRACON& Tower with Radar,38,43,54,4,139,0,6,34,1,41,38,49,88,5,180,40,4,44,224
09/20/2021,ICT,KS,ACE,CE,Combined TRACON& Tower with Radar,47,46,67,37,197,0,5,18,2,25,47,51,85,39,222,18,30,48,270
09/21/2021,ICT,KS,ACE,CE,Combined TRACON& Tower with Radar,50,58,80,63,251,0,6,53,12,71,50,64,133,75,322,40,20,60,382
09/22/2021,ICT,KS,ACE,CE,Combined TRACON& Tower with Radar,46,59,95,39,239,0,6,44,5,55,46,65,139,44,294,16,32,48,342
09/23/2021,ICT,KS,ACE,CE,Combined TRACON& Tower with Radar,53,52,103,51,259,0,12,64,13,89,53,64,167,64,348,32,54,86,434
09/24/2021,ICT,KS,ACE,CE,Combined TRACON& Tower with Radar,56,60,62,8,186,0,6,48,2,56,56,66,110,10,242,50,0,50,292
09/25/2021,ICT,KS,ACE,CE,Combined TRACON& Tower with Radar,39,39,45,11,134,0,7,69,4,80,39,46,114,15,214,40,6,46,260
09/26/2021,ICT,KS,ACE,CE,Combined TRACON& Tower with Radar,38,39,47,7,131,0,6,21,1,28,38,45,68,8,159,12,0,12,171
09/27/2021,ICT,KS,ACE,CE,Combined TRACON& Tower with Radar,46,47,89,54,236,0,8,67,0,75,46,55,156,54,311,10,6,16,327
09/28/2021,ICT,KS,ACE,CE,Combined TRACON& Tower with Radar,54,64,88,86,292,0,3,29,2,34,54,67,117,88,326,28,74,102,428
09/29/2021,ICT,KS,ACE,CE,Combined TRACON& Tower with Radar,48,58,92,65,263,0,7,28,6,41,48,65,120,71,304,46,68,114,418
09/30/2021,ICT,KS,ACE,CE,Combined TRACON& Tower with Radar,54,66,89,44,253,0,0,9,1,10,54,66,98,45,263,28,66,94,357
10/01/2021,ICT,KS,ACE,CE,Combined TRACON& Tower with Radar,57,52,81,44,234,0,4,20,1,25,57,56,101,45,259,6,20,26,285
10/02/2021,ICT,KS,ACE,CE,Combined TRACON& Tower with Radar,40,40,36,0,116,0,0,6,2,8,40,40,42,2,124,0,0,0,124
10/03/2021,ICT,KS,ACE,CE,Combined TRACON& Tower with Radar,39,38,52,2,131,0,3,48,2,53,39,41,100,4,184,44,0,44,228
10/04/2021,ICT,KS,ACE,CE,Combined TRACON& Tower with Radar,45,43,58,30,176,0,12,49,4,65,45,55,107,34,241,24,0,24,265
10/05/2021,ICT,KS,ACE,CE,Combined TRACON& Tower with Radar,50,50,69,51,220,0,6,64,1,71,50,56,133,52,291,32,20,52,343
10/06/2021,ICT,KS,ACE,CE,Combined TRACON& Tower with Radar,47,58,89,68,262,0,2,47,4,53,47,60,136,72,315,34,20,54,369
10/07/2021,ICT,KS,ACE,CE,Combined TRACON& Tower with Radar,48,48,91,67,254,0,5,51,1,57,48,53,142,68,311,12,66,78,389
10/08/2021,ICT,KS,ACE,CE,Combined TRACON& Tower with Radar,52,54,64,36,206,0,7,74,1,82,52,61,138,37,288,28,10,38,326
10/09/2021,ICT,KS,ACE,CE,Combined TRACON& Tower with Radar,35,43,40,14,132,0,5,24,2,31,35,48,64,16,163,14,0,14,177
10/10/2021,ICT,KS,ACE,CE,Combined TRACON& Tower with Radar,35,38,39,0,112,0,5,11,1,17,35,43,50,1,129,18,0,18,147
10/11/2021,ICT,KS,ACE,CE,Combined TRACON& Tower with Radar,44,44,64,6,158,0,5,31,2,38,44,49,95,8,196,34,0,34,230
10/12/2021,ICT,KS,ACE,CE,Combined TRACON& Tower with Radar,47,50,66,17,180,0,1,20,1,22,47,51,86,18,202,8,2,10,212
10/13/2021,ICT,KS,ACE,CE,Combined TRACON& Tower with Radar,48,47,67,43,205,0,3,28,1,32,48,50,95,44,237,8,4,12,249
10/14/2021,ICT,KS,ACE,CE,Combined TRACON& Tower with Radar,52,63,95,70,280,0,6,43,9,58,52,69,138,79,338,0,30,30,368
10/15/2021,ICT,KS,ACE,CE,Combined TRACON& Tower with Radar,53,50,81,40,224,0,8,55,4,67,53,58,136,44,291,20,0,20,311
10/16/2021,ICT,KS,ACE,CE,Combined TRACON& Tower with Radar,35,31,55,16,137,0,8,48,2,58,35,39,103,18,195,2,6,8,203
10/17/2021,ICT,KS,ACE,CE,Combined TRACON& Tower with Radar,36,47,35,0,118,0,4,45,3,52,36,51,80,3,170,48,0,48,218
10/18/2021,ICT,KS,ACE,CE,Combined TRACON& Tower with Radar,44,34,63,36,177,0,8,45,8,61,44,42,108,44,238,2,8,10,248
10/19/2021,ICT,KS,ACE,CE,Combined TRACON& Tower with Radar,48,53,68,30,199,1,5,52,5,63,49,58,120,35,262,4,48,52,314
10/20/2021,ICT,KS,ACE,CE,Combined TRACON& Tower with Radar,49,58,93,49,249,0,3,36,2,41,49,61,129,51,290,4,46,50,340
10/21/2021,ICT,KS,ACE,CE,Combined TRACON& Tower with Radar,50,56,72,39,217,0,8,64,1,73,50,64,136,40,290,72,28,100,390
10/22/2021,ICT,KS,ACE,CE,Combined TRACON& Tower with Radar,55,51,62,69,237,0,5,53,4,62,55,56,115,73,299,80,16,96,395
10/23/2021,ICT,KS,ACE,CE,Combined TRACON& Tower with Radar,36,33,50,8,127,0,3,38,7,48,36,36,88,15,175,42,10,52,227
10/24/2021,ICT,KS,ACE,CE,Combined TRACON& Tower with Radar,41,54,65,10,170,0,2,17,3,22,41,56,82,13,192,8,0,8,200
10/25/2021,ICT,KS,ACE,CE,Combined TRACON& Tower with Radar,39,51,107,42,239,0,2,28,0,30,39,53,135,42,269,24,0,24,293
10/26/2021,ICT,KS,ACE,CE,Combined TRACON& Tower with Radar,46,57,75,5,183,0,3,7,0,10,46,60,82,5,193,4,0,4,197
10/27/2021,ICT,KS,ACE,CE,Combined TRACON& Tower with Radar,44,55,93,0,192,0,0,0,0,0,44,55,93,0,192,0,0,0,192
10/28/2021,ICT,KS,ACE,CE,Combined TRACON& Tower with Radar,51,53,56,0,160,0,1,8,2,11,51,54,64,2,171,24,0,24,195
10/29/2021,ICT,KS,ACE,CE,Combined TRACON& Tower with Radar,54,57,89,8,208,0,14,56,5,75,54,71,145,13,283,8,0,8,291
10/30/2021,ICT,KS,ACE,CE,Combined TRACON& Tower with Radar,36,41,46,0,123,0,6,79,3,88,36,47,125,3,211,34,0,34,245
10/31/2021,ICT,KS,ACE,CE,Combined TRACON& Tower with Radar,32,33,32,6,103,0,9,30,2,41,32,42,62,8,144,28,6,34,178
11/01/2021,ICT,KS,ACE,CE,Combined TRACON& Tower with Radar,40,47,82,27,196,0,10,42,8,60,40,57,124,35,256,42,10,52,308
11/02/2021,ICT,KS,ACE,CE,Combined TRACON& Tower with Radar,44,68,81,4,197,0,0,17,0,17,44,68,98,4,214,0,0,0,214
11/03/2021,ICT,KS,ACE,CE,Combined TRACON& Tower with Radar,43,65,86,81,275,0,0,25,1,26,43,65,111,82,301,56,70,126,427
11/04/2021,ICT,KS,ACE,CE,Combined TRACON& Tower with Radar,51,73,109,36,269,0,5,13,2,20,51,78,122,38,289,16,0,16,305
11/05/2021,ICT,KS,ACE,CE,Combined TRACON& Tower with Radar,54,76,84,30,244,0,9,32,5,46,54,85,116,35,290,92,18,110,400
11/06/2021,ICT,KS,ACE,CE,Combined TRACON& Tower with Radar,36,46,38,4,124,0,4,56,4,64,36,50,94,8,188,74,0,74,262
11/07/2021,ICT,KS,ACE,CE,Combined TRACON& Tower with Radar,44,56,49,1,150,0,8,22,0,30,44,64,71,1,180,22,0,22,202
11/08/2021,ICT,KS,ACE,CE,Combined TRACON& Tower with Radar,43,61,73,37,214,0,7,59,3,69,43,68,132,40,283,48,26,74,357
11/09/2021,ICT,KS,ACE,CE,Combined TRACON& Tower with Radar,47,60,85,60,252,0,16,46,4,66,47,76,131,64,318,82,54,136,454
11/10/2021,ICT,KS,ACE,CE,Combined TRACON& Tower with Radar,46,58,81,3,188,0,0,6,0,6,46,58,87,3,194,0,0,0,194
11/11/2021,ICT,KS,ACE,CE,Combined TRACON& Tower with Radar,50,54,89,2,195,0,11,37,5,53,50,65,126,7,248,30,0,30,278
11/12/2021,ICT,KS,ACE,CE,Combined TRACON& Tower with Radar,57,48,65,27,197,0,11,44,3,58,57,59,109,30,255,10,0,10,265
11/13/2021,ICT,KS,ACE,CE,Combined TRACON& Tower with Radar,36,44,64,2,146,0,2,53,0,55,36,46,117,2,201,22,0,22,223
11/14/2021,ICT,KS,ACE,CE,Combined TRACON& Tower with Radar,40,39,43,20,142,0,6,42,2,50,40,45,85,22,192,26,18,44,236
11/15/2021,ICT,KS,ACE,CE,Combined TRACON& Tower with Radar,43,45,96,22,206,0,16,53,3,72,43,61,149,25,278,34,40,74,352
11/16/2021,ICT,KS,ACE,CE,Combined TRACON& Tower with Radar,47,69,91,70,277,0,8,61,6,75,47,77,152,76,352,70,52,122,474
11/17/2021,ICT,KS,ACE,CE,Combined TRACON& Tower with Radar,51,54,115,79,299,0,8,30,7,45,51,62,145,86,344,14,52,66,410
11/18/2021,ICT,KS,ACE,CE,Combined TRACON& Tower with Radar,56,51,105,49,261,0,6,50,11,67,56,57,155,60,328,52,104,156,484
11/19/2021,ICT,KS,ACE,CE,Combined TRACON& Tower with Radar,55,68,77,53,253,0,6,57,5,68,55,74,134,58,321,28,60,88,409
11/20/2021,ICT,KS,ACE,CE,Combined TRACON& Tower with Radar,39,36,38,11,124,0,7,48,0,55,39,43,86,11,179,40,0,40,219
11/21/2021,ICT,KS,ACE,CE,Combined TRACON& Tower with Radar,47,37,36,0,120,0,7,22,0,29,47,44,58,0,149,68,0,68,217
11/22/2021,ICT,KS,ACE,CE,Combined TRACON& Tower with Radar,50,44,70,26,190,0,5,50,1,56,50,49,120,27,246,34,12,46,292
11/23/2021,ICT,KS,ACE,CE,Combined TRACON& Tower with Radar,52,58,68,27,205,0,7,51,3,61,52,65,119,30,266,22,60,82,348
11/24/2021,ICT,KS,ACE,CE,Combined TRACON& Tower with Radar,56,56,64,50,226,0,5,38,1,44,56,61,102,51,270,6,36,42,312
11/25/2021,ICT,KS,ACE,CE,Combined TRACON& Tower with Radar,21,23,8,0,52,0,3,11,0,14,21,26,19,0,66,22,0,22,88
11/26/2021,ICT,KS,ACE,CE,Combined TRACON& Tower with Radar,38,42,30,2,112,0,4,45,0,49,38,46,75,2,161,46,0,46,207
11/27/2021,ICT,KS,ACE,CE,Combined TRACON& Tower with Radar,49,33,35,0,117,0,10,29,1,40,49,43,64,1,157,22,0,22,179
11/28/2021,ICT,KS,ACE,CE,Combined TRACON& Tower with Radar,47,53,37,0,137,0,9,35,0,44,47,62,72,0,181,8,0,8,189
11/29/2021,ICT,KS,ACE,CE,Combined TRACON& Tower with Radar,51,55,59,52,217,0,8,52,3,63,51,63,111,55,280,54,34,88,368
11/30/2021,ICT,KS,ACE,CE,Combined TRACON& Tower with Radar,46,63,69,33,211,1,6,39,4,50,47,69,108,37,261,22,0,22,283
12/01/2021,ICT,KS,ACE,CE,Combined TRACON& Tower with Radar,50,61,89,46,246,0,1,75,8,84,50,62,164,54,330,78,66,144,474
12/02/2021,ICT,KS,ACE,CE,Combined TRACON& Tower with Radar,57,52,92,60,261,0,7,63,3,73,57,59,155,63,334,36,22,58,392
12/03/2021,ICT,KS,ACE,CE,Combined TRACON& Tower with Radar,69,57,68,45,239,0,6,87,5,98,69,63,155,50,337,86,104,190,527
12/04/2021,ICT,KS,ACE,CE,Combined TRACON& Tower with Radar,38,41,49,19,147,0,6,47,5,58,38,47,96,24,205,56,6,62,267
12/05/2021,ICT,KS,ACE,CE,Combined TRACON& Tower with Radar,47,46,56,5,154,0,5,22,2,29,47,51,78,7,183,46,4,50,233
12/06/2021,ICT,KS,ACE,CE,Combined TRACON& Tower with Radar,52,62,76,52,242,0,5,43,0,48,52,67,119,52,290,60,24,84,374
12/07/2021,ICT,KS,ACE,CE,Combined TRACON& Tower with Radar,49,71,94,47,261,0,5,47,4,56,49,76,141,51,317,76,8,84,401
12/08/2021,ICT,KS,ACE,CE,Combined TRACON& Tower with Radar,52,63,101,19,235,0,5,72,2,79,52,68,173,21,314,130,12,142,456
12/09/2021,ICT,KS,ACE,CE,Combined TRACON& Tower with Radar,53,70,82,49,254,0,6,49,3,58,53,76,131,52,312,58,0,58,370
12/10/2021,ICT,KS,ACE,CE,Combined TRACON& Tower with Radar,57,51,81,9,198,0,3,24,1,28,57,54,105,10,226,12,0,12,238
12/11/2021,ICT,KS,ACE,CE,Combined TRACON& Tower with Radar,35,35,49,0,119,0,5,62,0,67,35,40,111,0,186,84,0,84,270
12/12/2021,ICT,KS,ACE,CE,Combined TRACON& Tower with Radar,47,24,51,6,128,1,3,29,3,36,48,27,80,9,164,50,0,50,214
12/13/2021,ICT,KS,ACE,CE,Combined TRACON& Tower with Radar,47,41,81,84,253,0,4,77,4,85,47,45,158,88,338,28,60,88,426
12/14/2021,ICT,KS,ACE,CE,Combined TRACON& Tower with Radar,45,58,125,6,234,0,1,28,5,34,45,59,153,11,268,34,4,38,306
12/15/2021,ICT,KS,ACE,CE,Combined TRACON& Tower with Radar,50,44,60,0,154,0,0,2,0,2,50,44,62,0,156,0,0,0,156
12/16/2021,ICT,KS,ACE,CE,Combined TRACON& Tower with Radar,50,77,101,58,286,0,3,67,8,78,50,80,168,66,364,64,18,82,446
12/17/2021,ICT,KS,ACE,CE,Combined TRACON& Tower with Radar,54,57,102,84,297,0,4,51,5,60,54,61,153,89,357,78,104,182,539
12/18/2021,ICT,KS,ACE,CE,Combined TRACON& Tower with Radar,36,49,57,18,160,0,3,29,0,32,36,52,86,18,192,30,0,30,222
12/19/2021,ICT,KS,ACE,CE,Combined TRACON& Tower with Radar,42,40,51,1,134,0,3,23,0,26,42,43,74,1,160,54,0,54,214
12/20/2021,ICT,KS,ACE,CE,Combined TRACON& Tower with Radar,42,51,70,43,206,0,3,44,5,52,42,54,114,48,258,14,12,26,284
12/21/2021,ICT,KS,ACE,CE,Combined TRACON& Tower with Radar,45,57,93,47,242,0,3,56,8,67,45,60,149,55,309,58,28,86,395
12/22/2021,ICT,KS,ACE,CE,Combined TRACON& Tower with Radar,47,57,91,59,254,0,6,66,4,76,47,63,157,63,330,10,48,58,388
12/23/2021,ICT,KS,ACE,CE,Combined TRACON& Tower with Radar,53,50,48,4,155,0,5,30,0,35,53,55,78,4,190,10,0,10,200
12/24/2021,ICT,KS,ACE,CE,Combined TRACON& Tower with Radar,40,45,21,0,106,0,3,22,0,25,40,48,43,0,131,16,0,16,147
12/25/2021,ICT,KS,ACE,CE,Combined TRACON& Tower with Radar,24,26,11,0,61,0,2,12,0,14,24,28,23,0,75,0,0,0,75
12/26/2021,ICT,KS,ACE,CE,Combined TRACON& Tower with Radar,40,41,61,0,142,0,3,14,1,18,40,44,75,1,160,0,0,0,160
12/27/2021,ICT,KS,ACE,CE,Combined TRACON& Tower with Radar,38,58,46,0,142,0,1,30,0,31,38,59,76,0,173,32,0,32,205
12/28/2021,ICT,KS,ACE,CE,Combined TRACON& Tower with Radar,52,62,52,4,170,0,6,38,2,46,52,68,90,6,216,52,0,52,268
12/29/2021,ICT,KS,ACE,CE,Combined TRACON& Tower with Radar,51,55,55,10,171,0,4,23,0,27,51,59,78,10,198,46,0,46,244
12/30/2021,ICT,KS,ACE,CE,Combined TRACON& Tower with Radar,49,53,43,0,145,0,2,31,0,33,49,55,74,0,178,8,0,8,186
12/31/2021,ICT,KS,ACE,CE,Combined TRACON& Tower with Radar,45,33,32,0,110,0,4,23,0,27,45,37,55,0,137,42,0,42,179
01/01/2022,ICT,KS,ACE,CE,Combined TRACON& Tower with Radar,23,34,7,0,64,0,0,0,0,0,23,34,7,0,64,0,0,0,64
01/02/2022,ICT,KS,ACE,CE,Combined TRACON& Tower with Radar,39,49,41,0,129,0,5,17,0,22,39,54,58,0,151,0,0,0,151
01/03/2022,ICT,KS,ACE,CE,Combined TRACON& Tower with Radar,42,46,70,3,161,0,14,36,1,51,42,60,106,4,212,24,0,24,236
01/04/2022,ICT,KS,ACE,CE,Combined TRACON& Tower with Radar,35,47,40,0,122,2,4,41,4,51,37,51,81,4,173,70,0,70,243
01/05/2022,ICT,KS,ACE,CE,Combined TRACON& Tower with Radar,43,43,67,33,186,0,2,32,4,38,43,45,99,37,224,46,48,94,318
01/06/2022,ICT,KS,ACE,CE,Combined TRACON& Tower with Radar,39,61,47,8,155,0,2,11,2,15,39,63,58,10,170,0,6,6,176
01/07/2022,ICT,KS,ACE,CE,Combined TRACON& Tower with Radar,50,43,49,22,164,0,0,47,6,53,50,43,96,28,217,38,0,38,255
01/08/2022,ICT,KS,ACE,CE,Combined TRACON& Tower with Radar,30,47,48,16,141,0,0,10,1,11,30,47,58,17,152,0,0,0,152
01/09/2022,ICT,KS,ACE,CE,Combined TRACON& Tower with Radar,41,37,36,10,124,0,1,32,0,33,41,38,68,10,157,34,0,34,191
01/10/2022,ICT,KS,ACE,CE,Combined TRACON& Tower with Radar,39,57,42,44,182,0,1,30,6,37,39,58,72,50,219,16,10,26,245
01/11/2022,ICT,KS,ACE,CE,Combined TRACON& Tower with Radar,40,59,49,61,209,0,2,43,4,49,40,61,92,65,258,62,30,92,350
01/12/2022,ICT,KS,ACE,CE,Combined TRACON& Tower with Radar,43,55,60,22,180,0,4,79,2,85,43,59,139,24,265,24,0,24,289
01/13/2022,ICT,KS,ACE,CE,Combined TRACON& Tower with Radar,50,53,65,44,212,1,2,61,3,67,51,55,126,47,279,32,10,42,321
01/14/2022,ICT,KS,ACE,CE,Combined TRACON& Tower with Radar,48,54,70,18,190,0,1,26,2,29,48,55,96,20,219,28,0,28,247
01/15/2022,ICT,KS,ACE,CE,Combined TRACON& Tower with Radar,31,33,21,0,85,0,0,1,2,3,31,33,22,2,88,2,0,2,90
01/16/2022,ICT,KS,ACE,CE,Combined TRACON& Tower with Radar,37,46,39,0,122,0,3,35,0,38,37,49,74,0,160,20,0,20,180
01/17/2022,ICT,KS,ACE,CE,Combined TRACON& Tower with Radar,40,50,47,11,148,0,4,49,4,57,40,54,96,15,205,30,0,30,235
01/18/2022,ICT,KS,ACE,CE,Combined TRACON& Tower with Radar,42,50,77,60,229,0,2,49,4,55,42,52,126,64,284,54,56,110,394
01/19/2022,ICT,KS,ACE,CE,Combined TRACON& Tower with Radar,43,59,62,64,228,0,0,19,2,21,43,59,81,66,249,46,40,86,335
01/20/2022,ICT,KS,ACE,CE,Combined TRACON& Tower with Radar,49,64,64,59,236,0,0,38,4,42,49,64,102,63,278,22,50,72,350
01/21/2022,ICT,KS,ACE,CE,Combined TRACON& Tower with Radar,48,50,51,12,161,0,7,61,4,72,48,57,112,16,233,20,44,64,297
01/22/2022,ICT,KS,ACE,CE,Combined TRACON& Tower with Radar,32,36,40,14,122,0,1,41,5,47,32,37,81,19,169,40,0,40,209
01/23/2022,ICT,KS,ACE,CE,Combined TRACON& Tower with Radar,39,38,39,5,121,0,2,42,7,51,39,40,81,12,172,58,8,66,238
01/24/2022,ICT,KS,ACE,CE,Combined TRACON& Tower with Radar,43,43,63,95,244,0,7,45,8,60,43,50,108,103,304,44,80,124,428
01/25/2022,ICT,KS,ACE,CE,Combined TRACON& Tower with Radar,41,52,71,14,178,0,0,17,3,20,41,52,88,17,198,28,0,28,226
01/26/2022,ICT,KS,ACE,CE,Combined TRACON& Tower with Radar,45,57,71,7,180,1,4,30,2,37,46,61,101,9,217,12,12,24,241
01/27/2022,ICT,KS,ACE,CE,Combined TRACON& Tower with Radar,47,57,82,60,246,0,3,38,3,44,47,60,120,63,290,50,44,94,384
01/28/2022,ICT,KS,ACE,CE,Combined TRACON& Tower with Radar,50,44,54,44,192,0,5,45,5,55,50,49,99,49,247,54,56,110,357
01/29/2022,ICT,KS,ACE,CE,Combined TRACON& Tower with Radar,29,37,42,8,116,0,0,67,9,76,29,37,109,17,192,60,8,68,260
01/30/2022,ICT,KS,ACE,CE,Combined TRACON& Tower with Radar,39,40,38,0,117,0,2,43,5,50,39,42,81,5,167,50,0,50,217
01/31/2022,ICT,KS,ACE,CE,Combined TRACON& Tower with Radar,38,58,81,36,213,0,4,45,8,57,38,62,126,44,270,46,4,50,320
02/01/2022,ICT,KS,ACE,CE,Combined TRACON& Tower with Radar,32,45,64,21,162,0,0,6,1,7,32,45,70,22,169,0,4,4,173
02/02/2022,ICT,KS,ACE,CE,Combined TRACON& Tower with Radar,15,9,17,0,41,0,0,0,0,0,15,9,17,0,41,0,0,0,41
02/03/2022,ICT,KS,ACE,CE,Combined TRACON& Tower with Radar,34,37,52,0,123,0,1,9,4,14,34,38,61,4,137,0,0,0,137
02/04/2022,ICT,KS,ACE,CE,Combined TRACON& Tower with Radar,36,44,57,8,145,0,3,35,12,50,36,47,92,20,195,20,0,20,215
02/05/2022,ICT,KS,ACE,CE,Combined TRACON& Tower with Radar,24,37,56,4,121,0,0,48,9,57,24,37,104,13,178,74,0,74,252
02/06/2022,ICT,KS,ACE,CE,Combined TRACON& Tower with Radar,32,43,33,13,121,0,3,40,6,49,32,46,73,19,170,24,8,32,202
02/07/2022,ICT,KS,ACE,CE,Combined TRACON& Tower with Radar,37,46,77,37,197,0,5,56,6,67,37,51,133,43,264,74,56,130,394
02/08/2022,ICT,KS,ACE,CE,Combined TRACON& Tower with Radar,40,47,72,22,181,0,4,56,7,67,40,51,128,29,248,90,38,128,376
02/09/2022,ICT,KS,ACE,CE,Combined TRACON& Tower with Radar,45,53,66,23,187,0,9,55,8,72,45,62,121,31,259,86,96,182,441
02/10/2022,ICT,KS,ACE,CE,Combined TRACON& Tower with Radar,49,58,71,48,226,0,3,59,2,64,49,61,130,50,290,42,66,108,398
02/11/2022,ICT,KS,ACE,CE,Combined TRACON& Tower with Radar,43,62,62,55,222,0,5,31,11,47,43,67,93,66,269,14,12,26,295
02/12/2022,ICT,KS,ACE,CE,Combined TRACON& Tower with Radar,30,39,33,12,114,0,2,44,2,48,30,41,77,14,162,52,0,52,214
02/13/2022,ICT,KS,ACE,CE,Combined TRACON& Tower with Radar,35,28,33,11,107,0,4,35,5,44,35,32,68,16,151,36,20,56,207
02/14/2022,ICT,KS,ACE,CE,Combined TRACON& Tower with Radar,38,40,72,80,230,0,4,46,4,54,38,44,118,84,284,78,60,138,422
02/15/2022,ICT,KS,ACE,CE,Combined TRACON& Tower with Radar,38,56,79,27,200,0,2,29,8,39,38,58,108,35,239,30,10,40,279
02/16/2022,ICT,KS,ACE,CE,Combined TRACON& Tower with Radar,40,67,68,67,242,0,0,24,8,32,40,67,92,75,274,44,62,106,380
02/17/2022,ICT,KS,ACE,CE,Combined TRACON& Tower with Radar,23,21,13,0,57,0,0,1,0,1,23,21,14,0,58,0,0,0,58
02/18/2022,ICT,KS,ACE,CE,Combined TRACON& Tower with Radar,50,59,67,10,186,0,6,23,5,34,50,65,90,15,220,16,0,16,236
02/19/2022,ICT,KS,ACE,CE,Combined TRACON& Tower with Radar,34,34,47,4,119,0,0,37,2,39,34,34,84,6,158,56,0,56,214
02/20/2022,ICT,KS,ACE,CE,Combined TRACON& Tower with Radar,34,39,48,0,121,0,1,39,1,41,34,40,87,1,162,124,0,124,286
02/21/2022,ICT,KS,ACE,CE,Combined TRACON& Tower with Radar,30,65,72,1,168,0,4,51,8,63,30,69,123,9,231,108,0,108,339
02/22/2022,ICT,KS,ACE,CE,Combined TRACON& Tower with Radar,38,49,81,2,170,0,3,18,3,24,38,52,99,5,194,16,0,16,210
02/23/2022,ICT,KS,ACE,CE,Combined TRACON& Tower with Radar,42,73,73,0,188,0,4,24,11,39,42,77,97,11,227,40,0,40,267
02/24/2022,ICT,KS,ACE,CE,Combined TRACON& Tower with Radar,37,55,65,0,157,0,0,2,0,2,37,55,67,0,159,0,0,0,159
02/25/2022,ICT,KS,ACE,CE,Combined TRACON& Tower with Radar,43,51,91,39,224,0,6,41,5,52,43,57,132,44,276,96,12,108,384
02/26/2022,ICT,KS,ACE,CE,Combined TRACON& Tower with Radar,32,43,44,14,133,0,6,46,8,60,32,49,90,22,193,50,6,56,249
02/27/2022,ICT,KS,ACE,CE,Combined TRACON& Tower with Radar,35,38,51,48,172,0,1,38,8,47,35,39,89,56,219,12,42,54,273
02/28/2022,ICT,KS,ACE,CE,Combined TRACON& Tower with Radar,37,41,80,36,194,0,9,72,5,86,37,50,152,41,280,104,42,146,426
03/01/2022,ICT,KS,ACE,CE,Combined TRACON& Tower with Radar,37,45,74,97,253,0,6,56,1,63,37,51,130,98,316,49,96,145,461
03/02/2022,ICT,KS,ACE,CE,Combined TRACON& Tower with Radar,41,56,104,27,228,0,7,69,7,83,41,63,173,34,311,153,28,181,492
03/03/2022,ICT,KS,ACE,CE,Combined TRACON& Tower with Radar,45,52,83,30,210,0,8,63,13,84,45,60,146,43,294,122,0,122,416
03/04/2022,ICT,KS,ACE,CE,Combined TRACON& Tower with Radar,43,45,54,13,155,0,2,40,5,47,43,47,94,18,202,26,8,34,236
03/05/2022,ICT,KS,ACE,CE,Combined TRACON& Tower with Radar,27,44,39,7,117,0,1,16,3,20,27,45,55,10,137,6,0,6,143
03/06/2022,ICT,KS,ACE,CE,Combined TRACON& Tower with Radar,31,32,40,25,128,0,0,15,2,17,31,32,55,27,145,24,0,24,169
03/07/2022,ICT,KS,ACE,CE,Combined TRACON& Tower with Radar,42,51,80,59,232,3,4,49,15,71,45,55,129,74,303,20,66,86,389
03/08/2022,ICT,KS,ACE,CE,Combined TRACON& Tower with Radar,38,64,66,44,212,0,0,67,9,76,38,64,133,53,288,60,0,60,348
03/09/2022,ICT,KS,ACE,CE,Combined TRACON& Tower with Radar,45,63,84,6,198,0,0,34,1,35,45,63,118,7,233,72,0,72,305
03/10/2022,ICT,KS,ACE,CE,Combined TRACON& Tower with Radar,46,52,71,3,172,0,0,3,0,3,46,52,74,3,175,0,0,0,175
03/11/2022,ICT,KS,ACE,CE,Combined TRACON& Tower with Radar,54,54,65,34,207,0,7,45,5,57,54,61,110,39,264,88,52,140,404
03/12/2022,ICT,KS,ACE,CE,Combined TRACON& Tower with Radar,28,48,61,0,137,0,1,41,2,44,28,49,102,2,181,38,0,38,219
03/13/2022,ICT,KS,ACE,CE,Combined TRACON& Tower with Radar,44,43,45,21,153,0,3,24,4,31,44,46,69,25,184,32,20,52,236
03/14/2022,ICT,KS,ACE,CE,Combined TRACON& Tower with Radar,34,41,68,62,205,0,7,38,0,45,34,48,106,62,250,18,24,42,292
03/15/2022,ICT,KS,ACE,CE,Combined TRACON& Tower with Radar,40,70,65,69,244,0,7,71,2,80,40,77,136,71,324,68,82,150,474
03/16/2022,ICT,KS,ACE,CE,Combined TRACON& Tower with Radar,45,40,45,37,167,0,0,45,5,50,45,40,90,42,217,42,54,96,313
03/17/2022,ICT,KS,ACE,CE,Combined TRACON& Tower with Radar,50,54,66,45,215,0,4,36,13,53,50,58,102,58,268,34,56,90,358
03/18/2022,ICT,KS,ACE,CE,Combined TRACON& Tower with Radar,44,47,45,0,136,0,2,13,4,19,44,49,58,4,155,14,0,14,169
03/19/2022,ICT,KS,ACE,CE,Combined TRACON& Tower with Radar,33,46,45,6,130,0,6,66,4,76,33,52,111,10,206,50,0,50,256
03/20/2022,ICT,KS,ACE,CE,Combined TRACON& Tower with Radar,40,43,47,10,140,0,3,39,1,43,40,46,86,11,183,66,16,82,265
03/21/2022,ICT,KS,ACE,CE,Combined TRACON& Tower with Radar,37,51,45,0,133,0,0,5,0,5,37,51,50,0,138,0,0,0,138
03/22/2022,ICT,KS,ACE,CE,Combined TRACON& Tower with Radar,43,54,49,8,154,0,0,0,0,0,43,54,49,8,154,0,0,0,154
03/23/2022,ICT,KS,ACE,CE,Combined TRACON& Tower with Radar,44,54,81,32,211,0,0,15,4,19,44,54,96,36,230,18,66,84,314
03/24/2022,ICT,KS,ACE,CE,Combined TRACON& Tower with Radar,55,55,104,25,239,0,0,62,8,70,55,55,166,33,309,52,10,62,371
03/25/2022,ICT,KS,ACE,CE,Combined TRACON& Tower with Radar,48,61,95,14,218,0,2,67,4,73,48,63,162,18,291,52,0,52,343
03/26/2022,ICT,KS,ACE,CE,Combined TRACON& Tower with Radar,26,60,51,18,155,0,4,77,2,83,26,64,128,20,238,44,6,50,288
03/27/2022,ICT,KS,ACE,CE,Combined TRACON& Tower with Radar,41,34,56,12,143,0,3,53,2,58,41,37,109,14,201,24,10,34,235
03/28/2022,ICT,KS,ACE,CE,Combined TRACON& Tower with Radar,37,71,81,36,225,0,10,59,9,78,37,81,140,45,303,62,10,72,375
03/29/2022,ICT,KS,ACE,CE,Combined TRACON& Tower with Radar,44,60,83,41,228,1,1,25,10,37,45,61,108,51,265,40,66,106,371
03/30/2022,ICT,KS,ACE,CE,Combined TRACON& Tower with Radar,48,61,101,36,246,0,3,9,3,15,48,64,110,39,261,2,30,32,293
03/31/2022,ICT,KS,ACE,CE,Combined TRACON& Tower with Radar,47,66,109,10,232,0,5,52,2,59,47,71,161,12,291,76,36,112,403
04/01/2022,ICT,KS,ACE,CE,Combined TRACON& Tower with Radar,43,55,75,38,211,0,3,56,1,60,43,58,131,39,271,26,14,40,311
04/02/2022,ICT,KS,ACE,CE,Combined TRACON& Tower with Radar,24,45,40,9,118,0,6,49,3,58,24,51,89,12,176,88,6,94,270
04/03/2022,ICT,KS,ACE,CE,Combined TRACON& Tower with Radar,38,34,57,1,130,0,2,25,3,30,38,36,82,4,160,18,0,18,178
04/04/2022,ICT,KS,ACE,CE,Combined TRACON& Tower with Radar,38,50,72,124,284,0,5,45,11,61,38,55,117,135,345,100,56,156,501
04/05/2022,ICT,KS,ACE,CE,Combined TRACON& Tower with Radar,42,62,89,38,231,0,2,21,1,24,42,64,110,39,255,22,10,32,287
04/06/2022,ICT,KS,ACE,CE,Combined TRACON& Tower with Radar,45,62,69,4,180,0,3,26,1,30,45,65,95,5,210,48,0,48,258
04/07/2022,ICT,KS,ACE,CE,Combined TRACON& Tower with Radar,54,51,85,10,200,0,0,14,4,18,54,51,99,14,218,8,6,14,232
04/08/2022,ICT,KS,ACE,CE,Combined TRACON& Tower with Radar,44,47,49,27,167,0,4,34,3,41,44,51,83,30,208,36,8,44,252
04/09/2022,ICT,KS,ACE,CE,Combined TRACON& Tower with Radar,26,40,45,16,127,0,0,56,5,61,26,40,101,21,188,42,0,42,230
04/10/2022,ICT,KS,ACE,CE,Combined TRACON& Tower with Radar,41,49,36,15,141,0,3,42,1,46,41,52,78,16,187,42,0,42,229
04/11/2022,ICT,KS,ACE,CE,Combined TRACON& Tower with Radar,38,55,105,54,252,0,8,69,3,80,38,63,174,57,332,122,18,140,472
04/12/2022,ICT,KS,ACE,CE,Combined TRACON& Tower with Radar,40,59,62,12,173,0,0,5,1,6,40,59,67,13,179,0,0,0,179
04/13/2022,ICT,KS,ACE,CE,Combined TRACON& Tower with Radar,42,58,72,9,181,0,7,37,1,45,42,65,109,10,226,82,10,92,318
04/14/2022,ICT,KS,ACE,CE,Combined TRACON& Tower with Radar,50,60,94,47,251,1,9,78,5,93,51,69,172,52,344,96,42,138,482
04/15/2022,ICT,KS,ACE,CE,Combined TRACON& Tower with Radar,45,54,47,14,160,0,6,59,2,67,45,60,106,16,227,46,6,52,279
04/16/2022,ICT,KS,ACE,CE,Combined TRACON& Tower with Radar,28,37,36,4,105,0,6,23,1,30,28,43,59,5,135,18,0,18,153
04/17/2022,ICT,KS,ACE,CE,Combined TRACON& Tower with Radar,39,47,26,0,112,0,1,16,1,18,39,48,42,1,130,60,0,60,190
04/18/2022,ICT,KS,ACE,CE,Combined TRACON& Tower with Radar,36,48,78,71,233,0,8,63,6,77,36,56,141,77,310,92,64,156,466
04/19/2022,ICT,KS,ACE,CE,Combined TRACON& Tower with Radar,43,58,95,32,228,0,2,32,5,39,43,60,127,37,267,26,16,42,309
04/20/2022,ICT,KS,ACE,CE,Combined TRACON& Tower with Radar,47,54,83,75,259,0,4,24,2,30,47,58,107,77,289,54,40,94,383
04/21/2022,ICT,KS,ACE,CE,Combined TRACON& Tower with Radar,51,51,74,10,186,0,2,10,1,13,51,53,84,11,199,20,0,20,219
04/22/2022,ICT,KS,ACE,CE,Combined TRACON& Tower with Radar,45,56,67,13,181,0,0,9,0,9,45,56,76,13,190,14,0,14,204
04/23/2022,ICT,KS,ACE,CE,Combined TRACON& Tower with Radar,40,36,31,6,113,0,2,3,0,5,40,38,34,6,118,2,0,2,120
04/24/2022,ICT,KS,ACE,CE,Combined TRACON& Tower with Radar,37,46,49,21,153,0,3,62,1,66,37,49,111,22,219,76,4,80,299
04/25/2022,ICT,KS,ACE,CE,Combined TRACON& Tower with Radar,36,56,75,56,223,0,9,46,9,64,36,65,121,65,287,76,18,94,381
04/26/2022,ICT,KS,ACE,CE,Combined TRACON& Tower with Radar,45,54,94,51,244,0,11,87,6,104,45,65,181,57,348,176,48,224,572
04/27/2022,ICT,KS,ACE,CE,Combined TRACON& Tower with Radar,44,56,68,27,195,0,2,33,3,38,44,58,101,30,233,18,10,28,261
04/28/2022,ICT,KS,ACE,CE,Combined TRACON& Tower with Radar,48,71,119,75,313,0,2,37,3,42,48,73,156,78,355,18,62,80,435
04/29/2022,ICT,KS,ACE,CE,Combined TRACON& Tower with Radar,44,59,74,4,181,0,0,14,4,18,44,59,88,8,199,4,0,4,203
04/30/2022,ICT,KS,ACE,CE,Combined TRACON& Tower with Radar,31,52,37,1,121,0,3,36,2,41,31,55,73,3,162,0,0,0,162
05/01/2022,ICT,KS,ACE,CE,Combined TRACON& Tower with Radar,40,29,57,0,126,0,1,63,5,69,40,30,120,5,195,108,0,108,303
05/02/2022,ICT,KS,ACE,CE,Combined TRACON& Tower with Radar,37,37,48,0,122,0,0,2,0,2,37,37,50,0,124,16,0,16,140
05/03/2022,ICT,KS,ACE,CE,Combined TRACON& Tower with Radar,43,51,86,25,205,0,1,28,0,29,43,52,114,25,234,46,4,50,284
05/04/2022,ICT,KS,ACE,CE,Combined TRACON& Tower with Radar,46,47,45,8,146,0,1,0,0,1,46,48,45,8,147,0,0,0,147
05/05/2022,ICT,KS,ACE,CE,Combined TRACON& Tower with Radar,50,52,61,8,171,0,0,0,0,0,50,52,61,8,171,0,0,0,171
05/06/2022,ICT,KS,ACE,CE,Combined TRACON& Tower with Radar,47,64,111,16,238,0,2,53,5,60,47,66,164,21,298,40,2,42,340
05/07/2022,ICT,KS,ACE,CE,Combined TRACON& Tower with Radar,35,44,62,4,145,0,4,46,3,53,35,48,108,7,198,22,0,22,220
05/08/2022,ICT,KS,ACE,CE,Combined TRACON& Tower with Radar,41,58,90,0,189,0,1,13,0,14,41,59,103,0,203,64,0,64,267
05/09/2022,ICT,KS,ACE,CE,Combined TRACON& Tower with Radar,44,66,91,56,257,0,5,46,0,51,44,71,137,56,308,14,40,54,362
05/10/2022,ICT,KS,ACE,CE,Combined TRACON& Tower with Radar,44,58,84,74,260,0,9,56,3,68,44,67,140,77,328,12,76,88,416
05/11/2022,ICT,KS,ACE,CE,Combined TRACON& Tower with Radar,47,57,96,24,224,0,8,72,4,84,47,65,168,28,308,54,8,62,370
05/12/2022,ICT,KS,ACE,CE,Combined TRACON& Tower with Radar,56,58,89,33,236,0,5,52,6,63,56,63,141,39,299,10,40,50,349
05/13/2022,ICT,KS,ACE,CE,Combined TRACON& Tower with Radar,54,59,79,62,254,0,0,47,8,55,54,59,126,70,309,26,58,84,393
05/14/2022,ICT,KS,ACE,CE,Combined TRACON& Tower with Radar,33,34,42,0,109,0,4,48,3,55,33,38,90,3,164,48,0,48,212
05/15/2022,ICT,KS,ACE,CE,Combined TRACON& Tower with Radar,42,46,53,15,156,0,3,29,6,38,42,49,82,21,194,80,0,80,274
05/16/2022,ICT,KS,ACE,CE,Combined TRACON& Tower with Radar,42,61,75,103,281,0,3,80,6,89,42,64,155,109,370,26,6,32,402
05/17/2022,ICT,KS,ACE,CE,Combined TRACON& Tower with Radar,46,60,77,30,213,0,1,30,1,32,46,61,107,31,245,22,8,30,275
05/18/2022,ICT,KS,ACE,CE,Combined TRACON& Tower with Radar,50,70,75,30,225,0,2,57,5,64,50,72,132,35,289,52,40,92,381
05/19/2022,ICT,KS,ACE,CE,Combined TRACON& Tower with Radar,52,53,97,80,282,0,9,41,3,53,52,62,138,83,335,104,18,122,457
05/20/2022,ICT,KS,ACE,CE,Combined TRACON& Tower with Radar,48,67,79,35,229,0,8,55,4,67,48,75,134,39,296,34,12,46,342
05/21/2022,ICT,KS,ACE,CE,Combined TRACON& Tower with Radar,36,61,67,4,168,0,8,28,0,36,36,69,95,4,204,36,0,36,240
05/22/2022,ICT,KS,ACE,CE,Combined TRACON& Tower with Radar,38,57,61,30,186,0,6,46,2,54,38,63,107,32,240,52,8,60,300
05/23/2022,ICT,KS,ACE,CE,Combined TRACON& Tower with Radar,40,59,98,23,220,0,2,35,2,39,40,61,133,25,259,66,24,90,349
05/24/2022,ICT,KS,ACE,CE,Combined TRACON& Tower with Radar,44,56,50,0,150,0,0,0,0,0,44,56,50,0,150,0,0,0,150
05/25/2022,ICT,KS,ACE,CE,Combined TRACON& Tower with Radar,55,51,96,0,202,0,0,0,0,0,55,51,96,0,202,0,0,0,202
05/26/2022,ICT,KS,ACE,CE,Combined TRACON& Tower with Radar,48,52,101,26,227,0,2,26,0,28,48,54,127,26,255,30,12,42,297
05/27/2022,ICT,KS,ACE,CE,Combined TRACON& Tower with Radar,49,39,67,0,155,0,9,87,3,99,49,48,154,3,254,42,0,42,296
05/28/2022,ICT,KS,ACE,CE,Combined TRACON& Tower with Radar,40,35,33,0,108,0,5,16,6,27,40,40,49,6,135,0,4,4,139
05/29/2022,ICT,KS,ACE,CE,Combined TRACON& Tower with Radar,38,40,11,0,89,0,2,16,2,20,38,42,27,2,109,0,0,0,109
05/30/2022,ICT,KS,ACE,CE,Combined TRACON& Tower with Radar,38,40,21,2,101,0,3,4,1,8,38,43,25,3,109,0,2,2,111
05/31/2022,ICT,KS,ACE,CE,Combined TRACON& Tower with Radar,39,54,87,9,189,0,0,7,0,7,39,54,94,9,196,4,0,4,200
06/01/2022,ICT,KS,ACE,CE,Combined TRACON& Tower with Radar,55,51,58,0,164,0,2,8,0,10,55,53,66,0,174,36,0,36,210
06/02/2022,ICT,KS,ACE,CE,Combined TRACON& Tower with Radar,53,53,79,84,269,0,8,107,10,125,53,61,186,94,394,62,68,130,524
06/03/2022,ICT,KS,ACE,CE,Combined TRACON& Tower with Radar,50,61,70,21,202,0,6,83,9,98,50,67,153,30,300,56,32,88,388
06/04/2022,ICT,KS,ACE,CE,Combined TRACON& Tower with Radar,41,35,22,10,108,0,2,22,3,27,41,37,44,13,135,88,0,88,223
06/05/2022,ICT,KS,ACE,CE,Combined TRACON& Tower with Radar,44,31,42,8,125,0,1,28,3,32,44,32,70,11,157,8,0,8,165
06/06/2022,ICT,KS,ACE,CE,Combined TRACON& Tower with Radar,57,44,74,33,208,0,3,35,8,46,57,47,109,41,254,62,14,76,330
06/07/2022,ICT,KS,ACE,CE,Combined TRACON& Tower with Radar,53,47,94,55,249,0,5,55,4,64,53,52,149,59,313,84,48,132,445
06/08/2022,ICT,KS,ACE,CE,Combined TRACON& Tower with Radar,62,56,86,35,239,0,8,49,10,67,62,64,135,45,306,66,20,86,392
06/09/2022,ICT,KS,ACE,CE,Combined TRACON& Tower with Radar,51,51,101,1,204,0,0,45,4,49,51,51,146,5,253,66,0,66,319
06/10/2022,ICT,KS,ACE,CE,Combined TRACON& Tower with Radar,47,57,66,86,256,0,5,66,7,78,47,62,132,93,334,80,34,114,448
06/11/2022,ICT,KS,ACE,CE,Combined TRACON& Tower with Radar,53,36,22,2,113,0,2,55,4,61,53,38,77,6,174,56,0,56,230
06/12/2022,ICT,KS,ACE,CE,Combined TRACON& Tower with Radar,45,34,48,40,167,0,7,21,4,32,45,41,69,44,199,4,22,26,225
06/13/2022,ICT,KS,ACE,CE,Combined TRACON& Tower with Radar,47,30,66,20,163,0,10,46,9,65,47,40,112,29,228,10,8,18,246
06/14/2022,ICT,KS,ACE,CE,Combined TRACON& Tower with Radar,51,62,60,46,219,0,4,32,5,41,51,66,92,51,260,0,6,6,266
06/15/2022,ICT,KS,ACE,CE,Combined TRACON& Tower with Radar,62,60,88,56,266,0,3,42,14,59,62,63,130,70,325,60,104,164,489
06/16/2022,ICT,KS,ACE,CE,Combined TRACON& Tower with Radar,54,43,73,105,275,0,4,70,13,87,54,47,143,118,362,16,16,32,394
06/17/2022,ICT,KS,ACE,CE,Combined TRACON& Tower with Radar,58,50,79,49,236,0,7,67,14,88,58,57,146,63,324,123,28,151,475
06/18/2022,ICT,KS,ACE,CE,Combined TRACON& Tower with Radar,45,41,38,1,125,0,5,55,4,64,45,46,93,5,189,12,0,12,201
06/19/2022,ICT,KS,ACE,CE,Combined TRACON& Tower with Radar,50,37,28,1,116,0,5,36,3,44,50,42,64,4,160,32,0,32,192
06/20/2022,ICT,KS,ACE,CE,Combined TRACON& Tower with Radar,48,50,70,0,168,0,2,57,3,62,48,52,127,3,230,38,0,38,268
06/21/2022,ICT,KS,ACE,CE,Combined TRACON& Tower with Radar,50,56,84,65,255,0,1,53,7,61,50,57,137,72,316,30,36,66,382
06/22/2022,ICT,KS,ACE,CE,Combined TRACON& Tower with Radar,65,64,55,36,220,0,2,38,9,49,65,66,93,45,269,16,12,28,297
06/23/2022,ICT,KS,ACE,CE,Combined TRACON& Tower with Radar,54,51,87,37,229,0,4,55,7,66,54,55,142,44,295,68,26,94,389
06/24/2022,ICT,KS,ACE,CE,Combined TRACON& Tower with Radar,53,63,71,41,228,1,3,53,8,65,54,66,124,49,293,28,32,60,353
06/25/2022,ICT,KS,ACE,CE,Combined TRACON& Tower with Radar,47,40,42,5,134,0,5,45,7,57,47,45,87,12,191,14,0,14,205
06/26/2022,ICT,KS,ACE,CE,Combined TRACON& Tower with Radar,36,43,59,0,138,0,0,28,2,30,36,43,87,2,168,0,0,0,168
06/27/2022,ICT,KS,ACE,CE,Combined TRACON& Tower with Radar,43,53,70,25,191,0,4,39,10,53,43,57,109,35,244,42,16,58,302
06/28/2022,ICT,KS,ACE,CE,Combined TRACON& Tower with Radar,45,60,68,95,268,0,8,101,9,118,45,68,169,104,386,122,36,158,544
06/29/2022,ICT,KS,ACE,CE,Combined TRACON& Tower with Radar,55,67,79,80,281,0,10,78,10,98,55,77,157,90,379,78,34,112,491
06/30/2022,ICT,KS,ACE,CE,Combined TRACON& Tower with Radar,50,56,91,65,262,1,7,80,3,91,51,63,171,68,353,40,46,86,439
07/01/2022,ICT,KS,ACE,CE,Combined TRACON& Tower with Radar,51,59,76,1,187,0,4,73,2,79,51,63,149,3,266,74,0,74,340
07/02/2022,ICT,KS,ACE,CE,Combined TRACON& Tower with Radar,47,33,38,0,118,0,2,24,1,27,47,35,62,1,145,76,0,76,221
07/03/2022,ICT,KS,ACE,CE,Combined TRACON& Tower with Radar,44,25,32,0,101,0,3,36,2,41,44,28,68,2,142,38,0,38,180
07/04/2022,ICT,KS,ACE,CE,Combined TRACON& Tower with Radar,41,32,16,2,91,0,8,32,1,41,41,40,48,3,132,28,0,28,160
07/05/2022,ICT,KS,ACE,CE,Combined TRACON& Tower with Radar,48,48,72,44,212,0,8,32,4,44,48,56,104,48,256,50,36,86,342
07/06/2022,ICT,KS,ACE,CE,Combined TRACON& Tower with Radar,62,73,53,89,277,0,10,57,2,69,62,83,110,91,346,116,88,204,550
07/07/2022,ICT,KS,ACE,CE,Combined TRACON& Tower with Radar,59,47,85,36,227,0,8,59,9,76,59,55,144,45,303,40,6,46,349
07/08/2022,ICT,KS,ACE,CE,Combined TRACON& Tower with Radar,57,49,59,88,253,0,13,54,7,74,57,62,113,95,327,86,76,162,489
07/09/2022,ICT,KS,ACE,CE,Combined TRACON& Tower with Radar,46,40,26,3,115,0,11,52,0,63,46,51,78,3,178,52,0,52,230
07/10/2022,ICT,KS,ACE,CE,Combined TRACON& Tower with Radar,51,40,32,23,146,0,4,61,4,69,51,44,93,27,215,48,12,60,275
07/11/2022,ICT,KS,ACE,CE,Combined TRACON& Tower with Radar,47,50,73,38,208,0,5,52,4,61,47,55,125,42,269,50,0,50,319
07/12/2022,ICT,KS,ACE,CE,Combined TRACON& Tower with Radar,49,48,69,48,214,0,6,67,3,76,49,54,136,51,290,86,14,100,390
07/13/2022,ICT,KS,ACE,CE,Combined TRACON& Tower with Radar,58,51,57,51,217,0,2,57,3,62,58,53,114,54,279,125,32,157,436
07/14/2022,ICT,KS,ACE,CE,Combined TRACON& Tower with Radar,53,50,87,28,218,1,8,66,8,83,54,58,153,36,301,80,6,86,387
07/15/2022,ICT,KS,ACE,CE,Combined TRACON& Tower with Radar,55,48,73,29,205,0,6,65,1,72,55,54,138,30,277,50,2,52,329
07/16/2022,ICT,KS,ACE,CE,Combined TRACON& Tower with Radar,51,50,37,22,160,0,3,41,2,46,51,53,78,24,206,82,12,94,300
07/17/2022,ICT,KS,ACE,CE,Combined TRACON& Tower with Radar,47,42,45,26,160,0,4,29,9,42,47,46,74,35,202,30,2,32,234
07/18/2022,ICT,KS,ACE,CE,Combined TRACON& Tower with Radar,44,54,76,64,238,0,1,52,6,59,44,55,128,70,297,56,50,106,403
07/19/2022,ICT,KS,ACE,CE,Combined TRACON& Tower with Radar,51,52,62,45,210,0,8,80,5,93,51,60,142,50,303,66,6,72,375
07/20/2022,ICT,KS,ACE,CE,Combined TRACON& Tower with Radar,68,55,71,89,283,0,12,76,18,106,68,67,147,107,389,108,22,130,519
07/21/2022,ICT,KS,ACE,CE,Combined TRACON& Tower with Radar,61,62,94,53,270,1,4,54,10,69,62,66,148,63,339,24,40,64,403
07/22/2022,ICT,KS,ACE,CE,Combined TRACON& Tower with Radar,54,50,61,42,207,0,14,60,11,85,54,64,121,53,292,64,12,76,368
07/23/2022,ICT,KS,ACE,CE,Combined TRACON& Tower with Radar,48,44,40,18,150,0,2,37,0,39,48,46,77,18,189,28,0,28,217
07/24/2022,ICT,KS,ACE,CE,Combined TRACON& Tower with Radar,43,33,47,4,127,0,4,31,0,35,43,37,78,4,162,42,0,42,204
07/25/2022,ICT,KS,ACE,CE,Combined TRACON& Tower with Radar,45,43,57,20,165,0,8,32,16,56,45,51,89,36,221,44,10,54,275
07/26/2022,ICT,KS,ACE,CE,Combined TRACON& Tower with Radar,46,44,67,55,212,0,4,57,10,71,46,48,124,65,283,76,26,102,385
07/27/2022,ICT,KS,ACE,CE,Combined TRACON& Tower with Radar,59,56,71,5,191,0,2,59,12,73,59,58,130,17,264,84,0,84,348
07/28/2022,ICT,KS,ACE,CE,Combined TRACON& Tower with Radar,57,39,74,32,202,0,2,32,12,46,57,41,106,44,248,28,18,46,294
07/29/2022,ICT,KS,ACE,CE,Combined TRACON& Tower with Radar,48,45,58,27,178,0,2,37,8,47,48,47,95,35,225,50,36,86,311
07/30/2022,ICT,KS,ACE,CE,Combined TRACON& Tower with Radar,45,36,35,0,116,0,2,4,0,6,45,38,39,0,122,14,0,14,136
07/31/2022,ICT,KS,ACE,CE,Combined TRACON& Tower with Radar,44,38,57,35,174,0,4,34,2,40,44,42,91,37,214,60,16,76,290
08/01/2022,ICT,KS,ACE,CE,Combined TRACON& Tower with Radar,43,51,76,50,220,0,4,66,9,79,43,55,142,59,299,58,22,80,379
08/02/2022,ICT,KS,ACE,CE,Combined TRACON& Tower with Radar,46,53,81,26,206,0,3,54,10,67,46,56,135,36,273,32,12,44,317
08/03/2022,ICT,KS,ACE,CE,Combined TRACON& Tower with Radar,56,46,80,9,191,0,11,56,13,80,56,57,136,22,271,88,24,112,383
08/04/2022,ICT,KS,ACE,CE,Combined TRACON& Tower with Radar,52,53,64,35,204,0,7,67,17,91,52,60,131,52,295,38,44,82,377
08/05/2022,ICT,KS,ACE,CE,Combined TRACON& Tower with Radar,49,53,62,44,208,0,4,75,12,91,49,57,137,56,299,72,12,84,383
08/06/2022,ICT,KS,ACE,CE,Combined TRACON& Tower with Radar,46,37,49,5,137,0,4,36,3,43,46,41,85,8,180,54,0,54,234
08/07/2022,ICT,KS,ACE,CE,Combined TRACON& Tower with Radar,40,33,54,40,167,0,2,34,2,38,40,35,88,42,205,14,10,24,229
08/08/2022,ICT,KS,ACE,CE,Combined TRACON& Tower with Radar,44,48,88,47,227,0,3,43,14,60,44,51,131,61,287,24,44,68,355
08/09/2022,ICT,KS,ACE,CE,Combined TRACON& Tower with Radar,48,49,86,55,238,0,5,47,8,60,48,54,133,63,298,48,82,130,428
08/10/2022,ICT,KS,ACE,CE,Combined TRACON& Tower with Radar,66,47,77,70,260,2,5,69,17,93,68,52,146,87,353,92,14,106,459
08/11/2022,ICT,KS,ACE,CE,Combined TRACON& Tower with Radar,50,63,71,51,235,0,8,58,29,95,50,71,129,80,330,94,12,106,436
08/12/2022,ICT,KS,ACE,CE,Combined TRACON& Tower with Radar,55,53,70,56,234,0,11,69,7,87,55,64,139,63,321,38,4,42,363
08/13/2022,ICT,KS,ACE,CE,Combined TRACON& Tower with Radar,45,46,31,11,133,0,4,61,3,68,45,50,92,14,201,44,0,44,245
08/14/2022,ICT,KS,ACE,CE,Combined TRACON& Tower with Radar,42,63,53,30,188,0,6,50,0,56,42,69,103,30,244,30,0,30,274
08/15/2022,ICT,KS,ACE,CE,Combined TRACON& Tower with Radar,44,60,79,43,226,0,5,63,6,74,44,65,142,49,300,66,6,72,372
08/16/2022,ICT,KS,ACE,CE,Combined TRACON& Tower with Radar,50,53,93,58,254,1,2,54,2,59,51,55,147,60,313,50,28,78,391
08/17/2022,ICT,KS,ACE,CE,Combined TRACON& Tower with Radar,49,59,100,88,296,0,4,27,5,36,49,63,127,93,332,96,20,116,448
08/18/2022,ICT,KS,ACE,CE,Combined TRACON& Tower with Radar,45,45,99,56,245,0,1,82,5,88,45,46,181,61,333,92,110,202,535
08/19/2022,ICT,KS,ACE,CE,Combined TRACON& Tower with Radar,55,61,75,35,226,0,1,54,6,61,55,62,129,41,287,84,20,104,391
08/20/2022,ICT,KS,ACE,CE,Combined TRACON& Tower with Radar,41,41,55,19,156,0,6,25,1,32,41,47,80,20,188,38,8,46,234
08/21/2022,ICT,KS,ACE,CE,Combined TRACON& Tower with Radar,32,35,34,35,136,0,6,38,3,47,32,41,72,38,183,24,0,24,207
08/22/2022,ICT,KS,ACE,CE,Combined TRACON& Tower with Radar,42,48,63,50,203,0,2,70,7,79,42,50,133,57,282,72,22,94,376
08/23/2022,ICT,KS,ACE,CE,Combined TRACON& Tower with Radar,53,61,66,95,275,0,11,74,9,94,53,72,140,104,369,108,48,156,525
08/24/2022,ICT,KS,ACE,CE,Combined TRACON& Tower with Radar,52,56,84,51,243,0,3,76,12,91,52,59,160,63,334,128,12,140,474
08/25/2022,ICT,KS,ACE,CE,Combined TRACON& Tower with Radar,49,51,94,60,254,0,4,72,6,82,49,55,166,66,336,176,68,244,580
08/26/2022,ICT,KS,ACE,CE,Combined TRACON& Tower with Radar,52,48,85,49,234,0,10,49,6,65,52,58,134,55,299,82,42,124,423
08/27/2022,ICT,KS,ACE,CE,Combined TRACON& Tower with Radar,38,38,31,2,109,0,5,25,5,35,38,43,56,7,144,28,0,28,172
08/28/2022,ICT,KS,ACE,CE,Combined TRACON& Tower with Radar,40,40,55,28,163,0,2,27,1,30,40,42,82,29,193,32,0,32,225
08/29/2022,ICT,KS,ACE,CE,Combined TRACON& Tower with Radar,53,55,75,58,241,0,3,43,2,48,53,58,118,60,289,36,66,102,391
08/30/2022,ICT,KS,ACE,CE,Combined TRACON& Tower with Radar,50,62,83,56,251,0,15,77,2,94,50,77,160,58,345,76,68,144,489
08/31/2022,ICT,KS,ACE,CE,Combined TRACON& Tower with Radar,55,57,89,49,250,0,5,85,2,92,55,62,174,51,342,88,64,152,494
09/01/2022,ICT,KS,ACE,CE,Combined TRACON& Tower with Radar,45,51,82,51,229,0,2,50,6,58,45,53,132,57,287,54,34,88,375
09/02/2022,ICT,KS,ACE,CE,Combined TRACON& Tower with Radar,58,53,70,3,184,0,2,30,3,35,58,55,100,6,219,48,0,48,267
09/03/2022,ICT,KS,ACE,CE,Combined TRACON& Tower with Radar,39,37,31,0,107,0,7,49,8,64,39,44,80,8,171,96,0,96,267
09/04/2022,ICT,KS,ACE,CE,Combined TRACON& Tower with Radar,33,45,19,0,97,0,7,22,1,30,33,52,41,1,127,26,0,26,153
09/05/2022,ICT,KS,ACE,CE,Combined TRACON& Tower with Radar,43,37,27,0,107,0,5,41,2,48,43,42,68,2,155,60,0,60,215
09/06/2022,ICT,KS,ACE,CE,Combined TRACON& Tower with Radar,47,78,62,82,269,1,11,61,4,77,48,89,123,86,346,50,16,66,412
09/07/2022,ICT,KS,ACE,CE,Combined TRACON& Tower with Radar,51,66,87,73,277,0,16,73,9,98,51,82,160,82,375,82,48,130,505
09/08/2022,ICT,KS,ACE,CE,Combined TRACON& Tower with Radar,49,67,83,69,268,0,8,67,6,81,49,75,150,75,349,94,4,98,447
09/09/2022,ICT,KS,ACE,CE,Combined TRACON& Tower with Radar,54,63,54,31,202,0,7,68,4,79,54,70,122,35,281,96,12,108,389
09/10/2022,ICT,KS,ACE,CE,Combined TRACON& Tower with Radar,36,36,38,0,110,0,0,21,2,23,36,36,59,2,133,22,0,22,155
09/11/2022,ICT,KS,ACE,CE,Combined TRACON& Tower with Radar,43,50,45,3,141,0,9,59,1,69,43,59,104,4,210,38,0,38,248
09/12/2022,ICT,KS,ACE,CE,Combined TRACON& Tower with Radar,46,51,65,39,201,0,4,58,4,66,46,55,123,43,267,46,20,66,333
09/13/2022,ICT,KS,ACE,CE,Combined TRACON& Tower with Radar,46,43,77,68,234,1,3,59,2,65,47,46,136,70,299,36,46,82,381
09/14/2022,ICT,KS,ACE,CE,Combined TRACON& Tower with Radar,48,59,70,32,209,0,2,49,2,53,48,61,119,34,262,42,28,70,332
09/15/2022,ICT,KS,ACE,CE,Combined TRACON& Tower with Radar,50,60,66,10,186,0,8,51,8,67,50,68,117,18,253,44,0,44,297
09/16/2022,ICT,KS,ACE,CE,Combined TRACON& Tower with Radar,52,56,60,34,202,0,5,49,2,56,52,61,109,36,258,66,16,82,340
09/17/2022,ICT,KS,ACE,CE,Combined TRACON& Tower with Radar,38,42,34,0,114,0,6,20,4,30,38,48,54,4,144,44,0,44,188
09/18/2022,ICT,KS,ACE,CE,Combined TRACON& Tower with Radar,44,36,35,4,119,0,14,19,0,33,44,50,54,4,152,12,6,18,170
09/19/2022,ICT,KS,ACE,CE,Combined TRACON& Tower with Radar,50,59,51,26,186,0,1,44,4,49,50,60,95,30,235,16,14,30,265
09/20/2022,ICT,KS,ACE,CE,Combined TRACON& Tower with Radar,47,57,65,63,232,0,14,63,2,79,47,71,128,65,311,78,40,118,429
09/21/2022,ICT,KS,ACE,CE,Combined TRACON& Tower with Radar,52,62,80,43,237,0,8,45,8,61,52,70,125,51,298,12,52,64,362
09/22/2022,ICT,KS,ACE,CE,Combined TRACON& Tower with Radar,53,52,81,12,198,0,1,12,0,13,53,53,93,12,211,10,0,10,221
09/23/2022,ICT,KS,ACE,CE,Combined TRACON& Tower with Radar,55,57,91,2,205,0,13,64,7,84,55,70,155,9,289,112,0,112,401
09/24/2022,ICT,KS,ACE,CE,Combined TRACON& Tower with Radar,39,47,23,11,120,0,5,38,5,48,39,52,61,16,168,62,28,90,258
09/25/2022,ICT,KS,ACE,CE,Combined TRACON& Tower with Radar,41,42,61,25,169,0,7,44,4,55,41,49,105,29,224,20,0,20,244
09/26/2022,ICT,KS,ACE,CE,Combined TRACON& Tower with Radar,49,52,75,42,218,0,6,65,2,73,49,58,140,44,291,74,2,76,367
09/27/2022,ICT,KS,ACE,CE,Combined TRACON& Tower with Radar,46,55,75,27,203,0,6,91,2,99,46,61,166,29,302,24,2,26,328
09/28/2022,ICT,KS,ACE,CE,Combined TRACON& Tower with Radar,48,50,76,26,200,0,6,63,4,73,48,56,139,30,273,78,0,78,351
09/29/2022,ICT,KS,ACE,CE,Combined TRACON& Tower with Radar,55,60,66,17,198,0,1,73,6,80,55,61,139,23,278,104,0,104,382
09/30/2022,ICT,KS,ACE,CE,Combined TRACON& Tower with Radar,57,54,63,17,191,0,4,72,2,78,57,58,135,19,269,80,14,94,363
10/01/2022,ICT,KS,ACE,CE,Combined TRACON& Tower with Radar,38,35,51,2,126,0,2,42,2,46,38,37,93,4,172,44,0,44,216
10/02/2022,ICT,KS,ACE,CE,Combined TRACON& Tower with Radar,44,33,50,14,141,0,3,61,4,68,44,36,111,18,209,54,0,54,263
10/03/2022,ICT,KS,ACE,CE,Combined TRACON& Tower with Radar,49,59,78,41,227,0,3,69,5,77,49,62,147,46,304,52,40,92,396
10/04/2022,ICT,KS,ACE,CE,Combined TRACON& Tower with Radar,51,55,83,49,238,0,2,54,2,58,51,57,137,51,296,94,42,136,432
10/05/2022,ICT,KS,ACE,CE,Combined TRACON& Tower with Radar,52,56,90,46,244,0,6,56,6,68,52,62,146,52,312,50,14,64,376
10/06/2022,ICT,KS,ACE,CE,Combined TRACON& Tower with Radar,53,58,76,30,217,0,2,59,8,69,53,60,135,38,286,120,26,146,432
10/07/2022,ICT,KS,ACE,CE,Combined TRACON& Tower with Radar,56,55,97,29,237,0,0,56,9,65,56,55,153,38,302,26,46,72,374
10/08/2022,ICT,KS,ACE,CE,Combined TRACON& Tower with Radar,37,38,35,2,112,0,5,38,3,46,37,43,73,5,158,112,0,112,270
10/09/2022,ICT,KS,ACE,CE,Combined TRACON& Tower with Radar,45,27,47,0,119,0,3,37,1,41,45,30,84,1,160,82,0,82,242
10/10/2022,ICT,KS,ACE,CE,Combined TRACON& Tower with Radar,47,47,56,2,152,0,3,61,3,67,47,50,117,5,219,64,0,64,283
10/11/2022,ICT,KS,ACE,CE,Combined TRACON& Tower with Radar,48,58,83,62,251,0,9,27,0,36,48,67,110,62,287,44,50,94,381
10/12/2022,ICT,KS,ACE,CE,Combined TRACON& Tower with Radar,54,53,80,46,233,0,2,43,6,51,54,55,123,52,284,78,4,82,366
10/13/2022,ICT,KS,ACE,CE,Combined TRACON& Tower with Radar,53,58,58,22,191,0,4,57,11,72,53,62,115,33,263,60,0,60,323
10/14/2022,ICT,KS,ACE,CE,Combined TRACON& Tower with Radar,57,47,58,40,202,0,7,57,9,73,57,54,115,49,275,48,22,70,345
10/15/2022,ICT,KS,ACE,CE,Combined TRACON& Tower with Radar,39,35,44,2,120,0,6,67,3,76,39,41,111,5,196,44,0,44,240
10/16/2022,ICT,KS,ACE,CE,Combined TRACON& Tower with Radar,45,39,54,15,153,0,15,46,6,67,45,54,100,21,220,56,0,56,276
10/17/2022,ICT,KS,ACE,CE,Combined TRACON& Tower with Radar,51,45,60,80,236,0,6,55,6,67,51,51,115,86,303,32,30,62,365
10/18/2022,ICT,KS,ACE,CE,Combined TRACON& Tower with Radar,47,67,62,78,254,0,4,43,5,52,47,71,105,83,306,38,84,122,428
10/19/2022,ICT,KS,ACE,CE,Combined TRACON& Tower with Radar,54,56,59,69,238,0,5,76,3,84,54,61,135,72,322,106,32,138,460
10/20/2022,ICT,KS,ACE,CE,Combined TRACON& Tower with Radar,53,59,65,54,231,0,5,63,6,74,53,64,128,60,305,122,58,180,485
10/21/2022,ICT,KS,ACE,CE,Combined TRACON& Tower with Radar,55,55,67,28,205,0,4,61,10,75,55,59,128,38,280,144,22,166,446
10/22/2022,ICT,KS,ACE,CE,Combined TRACON& Tower with Radar,38,35,25,0,98,0,3,24,2,29,38,38,49,2,127,22,0,22,149
10/23/2022,ICT,KS,ACE,CE,Combined TRACON& Tower with Radar,48,31,25,4,108,0,0,3,0,3,48,31,28,4,111,0,0,0,111
10/24/2022,ICT,KS,ACE,CE,Combined TRACON& Tower with Radar,63,40,59,2,164,0,0,3,0,3,63,40,62,2,167,10,0,10,177
10/25/2022,ICT,KS,ACE,CE,Combined TRACON& Tower with Radar,48,61,84,97,290,0,8,58,4,70,48,69,142,101,360,24,34,58,418
10/26/2022,ICT,KS,ACE,CE,Combined TRACON& Tower with Radar,56,45,98,35,234,0,7,73,6,86,56,52,171,41,320,132,0,132,452
10/27/2022,ICT,KS,ACE,CE,Combined TRACON& Tower with Radar,60,52,81,34,227,0,1,34,2,37,60,53,115,36,264,36,8,44,308
10/28/2022,ICT,KS,ACE,CE,Combined TRACON& Tower with Radar,51,64,65,58,238,0,4,79,3,86,51,68,144,61,324,140,20,160,484
10/29/2022,ICT,KS,ACE,CE,Combined TRACON& Tower with Radar,36,44,36,0,116,0,5,52,1,58,36,49,88,1,174,64,0,64,238
10/30/2022,ICT,KS,ACE,CE,Combined TRACON& Tower with Radar,43,47,50,16,156,0,4,50,4,58,43,51,100,20,214,30,0,30,244
10/31/2022,ICT,KS,ACE,CE,Combined TRACON& Tower with Radar,47,34,65,58,204,1,9,66,4,80,48,43,131,62,284,220,28,248,532
11/01/2022,ICT,KS,ACE,CE,Combined TRACON& Tower with Radar,52,52,82,50,236,0,5,97,10,112,52,57,179,60,348,80,4,84,432
11/02/2022,ICT,KS,ACE,CE,Combined TRACON& Tower with Radar,52,52,53,74,231,0,0,38,12,50,52,52,91,86,281,12,38,50,331
11/03/2022,ICT,KS,ACE,CE,Combined TRACON& Tower with Radar,52,51,88,21,212,0,0,2,4,6,52,51,90,25,218,6,6,12,230
11/04/2022,ICT,KS,ACE,CE,Combined TRACON& Tower with Radar,54,37,24,0,115,0,0,0,0,0,54,37,24,0,115,0,0,0,115
11/05/2022,ICT,KS,ACE,CE,Combined TRACON& Tower with Radar,38,46,36,8,128,0,6,40,10,56,38,52,76,18,184,52,0,52,236
11/06/2022,ICT,KS,ACE,CE,Combined TRACON& Tower with Radar,40,38,48,1,127,0,5,52,0,57,40,43,100,1,184,90,0,90,274
11/07/2022,ICT,KS,ACE,CE,Combined TRACON& Tower with Radar,44,45,71,49,209,2,6,50,4,62,46,51,121,53,271,50,84,134,405
11/08/2022,ICT,KS,ACE,CE,Combined TRACON& Tower with Radar,48,56,73,5,182,0,0,0,0,0,48,56,73,5,182,0,0,0,182
11/09/2022,ICT,KS,ACE,CE,Combined TRACON& Tower with Radar,58,49,84,41,232,0,7,12,2,21,58,56,96,43,253,26,6,32,285
11/10/2022,ICT,KS,ACE,CE,Combined TRACON& Tower with Radar,48,52,90,8,198,0,8,17,1,26,48,60,107,9,224,52,12,64,288
11/11/2022,ICT,KS,ACE,CE,Combined TRACON& Tower with Radar,49,51,51,15,166,0,6,58,11,75,49,57,109,26,241,82,0,82,323
11/12/2022,ICT,KS,ACE,CE,Combined TRACON& Tower with Radar,41,41,42,1,125,0,7,64,2,73,41,48,106,3,198,60,0,60,258
11/13/2022,ICT,KS,ACE,CE,Combined TRACON& Tower with Radar,42,29,56,5,132,0,6,49,1,56,42,35,105,6,188,52,0,52,240
11/14/2022,ICT,KS,ACE,CE,Combined TRACON& Tower with Radar,44,38,55,1,138,0,2,20,1,23,44,40,75,2,161,48,2,50,211
11/15/2022,ICT,KS,ACE,CE,Combined TRACON& Tower with Radar,55,54,74,71,254,0,8,89,7,104,55,62,163,78,358,140,0,140,498
11/16/2022,ICT,KS,ACE,CE,Combined TRACON& Tower with Radar,52,47,96,40,235,0,10,80,7,97,52,57,176,47,332,100,29,129,461
11/17/2022,ICT,KS,ACE,CE,Combined TRACON& Tower with Radar,52,41,53,15,161,0,4,70,8,82,52,45,123,23,243,174,0,174,417
11/18/2022,ICT,KS,ACE,CE,Combined TRACON& Tower with Radar,56,51,75,57,239,0,0,62,0,62,56,51,137,57,301,20,34,54,355
11/19/2022,ICT,KS,ACE,CE,Combined TRACON& Tower with Radar,47,34,30,0,111,0,2,52,1,55,47,36,82,1,166,56,0,56,222
11/20/2022,ICT,KS,ACE,CE,Combined TRACON& Tower with Radar,46,34,34,4,118,0,4,46,0,50,46,38,80,4,168,24,6,30,198
11/21/2022,ICT,KS,ACE,CE,Combined TRACON& Tower with Radar,46,44,51,37,178,0,6,71,4,81,46,50,122,41,259,74,30,104,363
11/22/2022,ICT,KS,ACE,CE,Combined TRACON& Tower with Radar,52,43,61,22,178,0,4,73,1,78,52,47,134,23,256,66,4,70,326
11/23/2022,ICT,KS,ACE,CE,Combined TRACON& Tower with Radar,56,45,68,21,190,0,0,2,1,3,56,45,70,22,193,0,0,0,193
11/24/2022,ICT,KS,ACE,CE,Combined TRACON& Tower with Radar,26,12,9,0,47,0,2,5,0,7,26,14,14,0,54,0,0,0,54
11/25/2022,ICT,KS,ACE,CE,Combined TRACON& Tower with Radar,43,31,41,0,115,0,4,42,3,49,43,35,83,3,164,46,0,46,210
11/26/2022,ICT,KS,ACE,CE,Combined TRACON& Tower with Radar,47,34,41,0,122,0,2,10,0,12,47,36,51,0,134,20,0,20,154
11/27/2022,ICT,KS,ACE,CE,Combined TRACON& Tower with Radar,45,35,48,0,128,0,5,42,0,47,45,40,90,0,175,86,0,86,261
11/28/2022,ICT,KS,ACE,CE,Combined TRACON& Tower with Radar,49,41,84,32,206,0,9,59,5,73,49,50,143,37,279,36,16,52,331
11/29/2022,ICT,KS,ACE,CE,Combined TRACON& Tower with Radar,48,46,81,20,195,0,0,10,0,10,48,46,91,20,205,22,0,22,227
11/30/2022,ICT,KS,ACE,CE,Combined TRACON& Tower with Radar,51,54,99,51,255,0,12,100,4,116,51,66,199,55,371,228,32,260,631
12/01/2022,ICT,KS,ACE,CE,Combined TRACON& Tower with Radar,56,57,81,11,205,0,1,30,5,36,56,58,111,16,241,18,0,18,259
12/02/2022,ICT,KS,ACE,CE,Combined TRACON& Tower with Radar,55,47,64,40,206,0,0,19,4,23,55,47,83,44,229,8,28,36,265
12/03/2022,ICT,KS,ACE,CE,Combined TRACON& Tower with Radar,39,44,56,0,139,0,5,56,3,64,39,49,112,3,203,56,0,56,259
12/04/2022,ICT,KS,ACE,CE,Combined TRACON& Tower with Radar,41,38,55,4,138,0,5,44,4,53,41,43,99,8,191,64,0,64,255
12/05/2022,ICT,KS,ACE,CE,Combined TRACON& Tower with Radar,49,59,82,24,214,0,0,6,0,6,49,59,88,24,220,0,0,0,220
12/06/2022,ICT,KS,ACE,CE,Combined TRACON& Tower with Radar,49,51,90,40,230,0,5,14,1,20,49,56,104,41,250,56,22,78,328
12/07/2022,ICT,KS,ACE,CE,Combined TRACON& Tower with Radar,56,50,71,36,213,0,3,4,0,7,56,53,75,36,220,0,0,0,220
12/08/2022,ICT,KS,ACE,CE,Combined TRACON& Tower with Radar,55,52,90,4,201,0,0,1,0,1,55,52,91,4,202,10,0,10,212
12/09/2022,ICT,KS,ACE,CE,Combined TRACON& Tower with Radar,57,72,64,48,241,0,8,83,8,99,57,80,147,56,340,156,26,182,522
12/10/2022,ICT,KS,ACE,CE,Combined TRACON& Tower with Radar,41,40,40,31,152,0,1,24,0,25,41,41,64,31,177,52,14,66,243
12/11/2022,ICT,KS,ACE,CE,Combined TRACON& Tower with Radar,42,29,42,26,139,0,0,0,0,0,42,29,42,26,139,0,0,0,139
12/12/2022,ICT,KS,ACE,CE,Combined TRACON& Tower with Radar,47,56,72,8,183,0,0,1,0,1,47,56,73,8,184,0,0,0,184
12/13/2022,ICT,KS,ACE,CE,Combined TRACON& Tower with Radar,40,47,81,56,224,0,1,33,4,38,40,48,114,60,262,20,34,54,316
12/14/2022,ICT,KS,ACE,CE,Combined TRACON& Tower with Radar,47,44,87,25,203,0,4,39,6,49,47,48,126,31,252,20,8,28,280
12/15/2022,ICT,KS,ACE,CE,Combined TRACON& Tower with Radar,53,45,57,9,164,0,3,39,0,42,53,48,96,9,206,6,0,6,212
12/16/2022,ICT,KS,ACE,CE,Combined TRACON& Tower with Radar,58,48,82,14,202,0,4,34,2,40,58,52,116,16,242,38,0,38,280
12/17/2022,ICT,KS,ACE,CE,Combined TRACON& Tower with Radar,49,34,41,1,125,0,5,67,2,74,49,39,108,3,199,14,0,14,213
12/18/2022,ICT,KS,ACE,CE,Combined TRACON& Tower with Radar,49,36,39,0,124,0,3,53,3,59,49,39,92,3,183,50,0,50,233
12/19/2022,ICT,KS,ACE,CE,Combined TRACON& Tower with Radar,49,40,66,2,157,0,1,51,2,54,49,41,117,4,211,44,0,44,255
12/20/2022,ICT,KS,ACE,CE,Combined TRACON& Tower with Radar,53,52,63,15,183,0,0,8,0,8,53,52,71,15,191,26,0,26,217
12/21/2022,ICT,KS,ACE,CE,Combined TRACON& Tower with Radar,58,51,54,0,163,0,0,0,0,0,58,51,54,0,163,0,0,0,163
12/22/2022,ICT,KS,ACE,CE,Combined TRACON& Tower with Radar,26,18,27,0,71,0,1,3,2,6,26,19,30,2,77,4,0,4,81
12/23/2022,ICT,KS,ACE,CE,Combined TRACON& Tower with Radar,42,39,62,3,146,0,8,19,5,32,42,47,81,8,178,16,0,16,194
12/24/2022,ICT,KS,ACE,CE,Combined TRACON& Tower with Radar,39,23,15,1,78,0,9,17,2,28,39,32,32,3,106,6,0,6,112
12/25/2022,ICT,KS,ACE,CE,Combined TRACON& Tower with Radar,30,19,7,0,56,0,6,5,0,11,30,25,12,0,67,0,0,0,67
12/26/2022,ICT,KS,ACE,CE,Combined TRACON& Tower with Radar,41,30,39,0,110,2,2,6,0,10,43,32,45,0,120,0,0,0,120
12/27/2022,ICT,KS,ACE,CE,Combined TRACON& Tower with Radar,43,34,53,1,131,0,6,21,4,31,43,40,74,5,162,6,0,6,168
12/28/2022,ICT,KS,ACE,CE,Combined TRACON& Tower with Radar,56,37,52,2,147,0,6,27,2,35,56,43,79,4,182,34,0,34,216
12/29/2022,ICT,KS,ACE,CE,Combined TRACON& Tower with Radar,54,39,50,0,143,0,1,24,1,26,54,40,74,1,169,18,0,18,187
12/30/2022,ICT,KS,ACE,CE,Combined TRACON& Tower with Radar,61,47,65,4,177,0,6,47,2,55,61,53,112,6,232,68,0,68,300
12/31/2022,ICT,KS,ACE,CE,Combined TRACON& Tower with Radar,44,23,26,0,93,0,5,32,2,39,44,28,58,2,132,16,0,16,148
01/01/2023,ICT,KS,ACE,CE,Combined TRACON& Tower with Radar,39,25,24,0,88,0,0,12,0,12,39,25,36,0,100,14,0,14,114
01/02/2023,ICT,KS,ACE,CE,Combined TRACON& Tower with Radar,45,24,26,0,95,0,0,0,0,0,45,24,26,0,95,0,0,0,95
01/03/2023,ICT,KS,ACE,CE,Combined TRACON& Tower with Radar,53,42,55,12,162,0,0,27,0,27,53,42,82,12,189,58,0,58,247
01/04/2023,ICT,KS,ACE,CE,Combined TRACON& Tower with Radar,55,42,41,11,149,0,7,63,1,71,55,49,104,12,220,70,0,70,290
01/05/2023,ICT,KS,ACE,CE,Combined TRACON& Tower with Radar,50,38,64,56,208,0,7,68,4,79,50,45,132,60,287,76,74,150,437
01/06/2023,ICT,KS,ACE,CE,Combined TRACON& Tower with Radar,49,37,48,68,202,2,5,71,4,82,51,42,119,72,284,64,28,92,376
01/07/2023,ICT,KS,ACE,CE,Combined TRACON& Tower with Radar,40,50,39,2,131,0,3,60,7,70,40,53,99,9,201,71,0,71,272
01/08/2023,ICT,KS,ACE,CE,Combined TRACON& Tower with Radar,46,24,42,16,128,0,4,54,0,58,46,28,96,16,186,80,16,96,282
01/09/2023,ICT,KS,ACE,CE,Combined TRACON& Tower with Radar,47,31,53,58,189,0,2,58,8,68,47,33,111,66,257,32,34,66,323
01/10/2023,ICT,KS,ACE,CE,Combined TRACON& Tower with Radar,43,52,71,62,228,0,5,89,4,98,43,57,160,66,326,82,8,90,416
01/11/2023,ICT,KS,ACE,CE,Combined TRACON& Tower with Radar,39,51,57,38,185,0,4,60,7,71,39,55,117,45,256,72,30,102,358
01/12/2023,ICT,KS,ACE,CE,Combined TRACON& Tower with Radar,45,55,61,69,230,0,4,28,2,34,45,59,89,71,264,20,24,44,308
01/13/2023,ICT,KS,ACE,CE,Combined TRACON& Tower with Radar,50,42,79,23,194,0,7,66,2,75,50,49,145,25,269,150,2,152,421
01/14/2023,ICT,KS,ACE,CE,Combined TRACON& Tower with Radar,28,31,35,0,94,0,5,33,0,38,28,36,68,0,132,26,0,26,158
01/15/2023,ICT,KS,ACE,CE,Combined TRACON& Tower with Radar,35,31,19,0,85,0,5,6,0,11,35,36,25,0,96,14,0,14,110
01/16/2023,ICT,KS,ACE,CE,Combined TRACON& Tower with Radar,41,29,37,0,107,0,4,42,0,46,41,33,79,0,153,32,0,32,185
01/17/2023,ICT,KS,ACE,CE,Combined TRACON& Tower with Radar,45,45,59,50,199,0,4,66,2,72,45,49,125,52,271,48,60,108,379
01/18/2023,ICT,KS,ACE,CE,Combined TRACON& Tower with Radar,50,52,55,12,169,0,0,16,4,20,50,52,71,16,189,34,0,34,223
01/19/2023,ICT,KS,ACE,CE,Combined TRACON& Tower with Radar,47,44,59,18,168,0,6,46,0,52,47,50,105,18,220,60,12,72,292
01/20/2023,ICT,KS,ACE,CE,Combined TRACON& Tower with Radar,51,46,49,68,214,0,15,79,2,96,51,61,128,70,310,177,26,203,513
01/21/2023,ICT,KS,ACE,CE,Combined TRACON& Tower with Radar,34,26,13,0,73,0,0,0,0,0,34,26,13,0,73,6,0,6,79
01/22/2023,ICT,KS,ACE,CE,Combined TRACON& Tower with Radar,45,37,25,4,111,0,2,9,0,11,45,39,34,4,122,50,0,50,172
01/23/2023,ICT,KS,ACE,CE,Combined TRACON& Tower with Radar,43,39,35,52,169,0,14,32,1,47,43,53,67,53,216,66,10,76,292
01/24/2023,ICT,KS,ACE,CE,Combined TRACON& Tower with Radar,45,51,34,0,130,0,0,8,0,8,45,51,42,0,138,2,0,2,140
01/25/2023,ICT,KS,ACE,CE,Combined TRACON& Tower with Radar,46,55,53,45,199,0,6,29,4,39,46,61,82,49,238,76,10,86,324
01/26/2023,ICT,KS,ACE,CE,Combined TRACON& Tower with Radar,51,41,62,25,179,0,12,59,3,74,51,53,121,28,253,84,14,98,351
01/27/2023,ICT,KS,ACE,CE,Combined TRACON& Tower with Radar,51,35,75,52,213,0,12,79,7,98,51,47,154,59,311,109,6,115,426
01/28/2023,ICT,KS,ACE,CE,Combined TRACON& Tower with Radar,35,49,45,0,129,0,3,38,3,44,35,52,83,3,173,72,0,72,245
01/29/2023,ICT,KS,ACE,CE,Combined TRACON& Tower with Radar,38,39,24,10,111,0,0,0,0,0,38,39,24,10,111,12,0,12,123
01/30/2023,ICT,KS,ACE,CE,Combined TRACON& Tower with Radar,53,38,75,31,197,0,2,16,0,18,53,40,91,31,215,44,26,70,285
01/31/2023,ICT,KS,ACE,CE,Combined TRACON& Tower with Radar,36,37,54,86,213,0,7,22,12,41,36,44,76,98,254,34,10,44,298
02/01/2023,ICT,KS,ACE,CE,Combined TRACON& Tower with Radar,37,42,60,141,280,0,9,60,12,81,37,51,120,153,361,70,32,102,463
02/02/2023,ICT,KS,ACE,CE,Combined TRACON& Tower with Radar,39,53,73,74,239,0,2,68,7,77,39,55,141,81,316,76,42,118,434
02/03/2023,ICT,KS,ACE,CE,Combined TRACON& Tower with Radar,54,39,75,14,182,0,0,59,4,63,54,39,134,18,245,84,0,84,329
02/04/2023,ICT,KS,ACE,CE,Combined TRACON& Tower with Radar,40,33,24,3,100,0,3,19,3,25,40,36,43,6,125,46,0,46,171
02/05/2023,ICT,KS,ACE,CE,Combined TRACON& Tower with Radar,47,37,43,13,140,0,7,52,1,60,47,44,95,14,200,54,10,64,264
02/06/2023,ICT,KS,ACE,CE,Combined TRACON& Tower with Radar,48,39,51,17,155,0,4,33,3,40,48,43,84,20,195,36,4,40,235
02/07/2023,ICT,KS,ACE,CE,Combined TRACON& Tower with Radar,45,41,62,129,277,0,3,57,2,62,45,44,119,131,339,14,18,32,371
02/08/2023,ICT,KS,ACE,CE,Combined TRACON& Tower with Radar,49,40,61,42,192,0,0,22,2,24,49,40,83,44,216,74,14,88,304
02/09/2023,ICT,KS,ACE,CE,Combined TRACON& Tower with Radar,52,50,55,9,166,0,2,23,2,27,52,52,78,11,193,6,0,6,199
02/10/2023,ICT,KS,ACE,CE,Combined TRACON& Tower with Radar,53,47,66,77,243,0,8,48,7,63,53,55,114,84,306,54,6,60,366
02/11/2023,ICT,KS,ACE,CE,Combined TRACON& Tower with Radar,35,38,43,0,116,0,5,57,2,64,35,43,100,2,180,60,0,60,240
02/12/2023,ICT,KS,ACE,CE,Combined TRACON& Tower with Radar,43,36,17,4,100,0,1,30,1,32,43,37,47,5,132,32,0,32,164
02/13/2023,ICT,KS,ACE,CE,Combined TRACON& Tower with Radar,45,38,56,48,187,0,6,76,8,90,45,44,132,56,277,24,12,36,313
02/14/2023,ICT,KS,ACE,CE,Combined TRACON& Tower with Radar,47,44,37,21,149,0,3,2,2,7,47,47,39,23,156,14,18,32,188
02/15/2023,ICT,KS,ACE,CE,Combined TRACON& Tower with Radar,48,43,57,8,156,0,1,8,1,10,48,44,65,9,166,56,0,56,222
02/16/2023,ICT,KS,ACE,CE,Combined TRACON& Tower with Radar,50,47,63,11,171,0,0,7,4,11,50,47,70,15,182,34,2,36,218
02/17/2023,ICT,KS,ACE,CE,Combined TRACON& Tower with Radar,54,33,91,30,208,0,8,77,13,98,54,41,168,43,306,130,32,162,468
02/18/2023,ICT,KS,ACE,CE,Combined TRACON& Tower with Radar,38,31,22,1,92,0,3,20,3,26,38,34,42,4,118,2,0,2,120
02/19/2023,ICT,KS,ACE,CE,Combined TRACON& Tower with Radar,41,31,36,0,108,0,6,49,3,58,41,37,85,3,166,80,0,80,246
02/20/2023,ICT,KS,ACE,CE,Combined TRACON& Tower with Radar,46,40,72,1,159,0,5,79,1,85,46,45,151,2,244,32,0,32,276
02/21/2023,ICT,KS,ACE,CE,Combined TRACON& Tower with Radar,50,51,73,52,226,0,9,53,5,67,50,60,126,57,293,20,2,22,315
02/22/2023,ICT,KS,ACE,CE,Combined TRACON& Tower with Radar,51,63,61,63,238,0,0,25,1,26,51,63,86,64,264,0,16,16,280
02/23/2023,ICT,KS,ACE,CE,Combined TRACON& Tower with Radar,57,53,82,91,283,0,4,57,9,70,57,57,139,100,353,76,2,78,431
02/24/2023,ICT,KS,ACE,CE,Combined TRACON& Tower with Radar,51,38,59,10,158,0,0,39,1,40,51,38,98,11,198,22,4,26,224
02/25/2023,ICT,KS,ACE,CE,Combined TRACON& Tower with Radar,42,45,60,9,156,0,1,36,3,40,42,46,96,12,196,122,0,122,318
02/26/2023,ICT,KS,ACE,CE,Combined TRACON& Tower with Radar,45,34,32,8,119,0,1,2,0,3,45,35,34,8,122,0,0,0,122
02/27/2023,ICT,KS,ACE,CE,Combined TRACON& Tower with Radar,52,51,82,43,228,0,3,37,10,50,52,54,119,53,278,82,22,104,382
02/28/2023,ICT,KS,ACE,CE,Combined TRACON& Tower with Radar,50,42,93,59,244,0,4,79,4,87,50,46,172,63,331,29,22,51,382
03/01/2023,ICT,KS,ACE,CE,Combined TRACON& Tower with Radar,45,46,138,42,271,0,2,70,8,80,45,48,208,50,351,70,26,96,447
03/02/2023,ICT,KS,ACE,CE,Combined TRACON& Tower with Radar,43,60,74,33,210,0,8,19,5,32,43,68,93,38,242,40,10,50,292
03/03/2023,ICT,KS,ACE,CE,Combined TRACON& Tower with Radar,52,55,83,27,217,0,3,63,7,73,52,58,146,34,290,78,14,92,382
03/04/2023,ICT,KS,ACE,CE,Combined TRACON& Tower with Radar,38,32,36,4,110,0,6,66,9,81,38,38,102,13,191,68,0,68,259
03/05/2023,ICT,KS,ACE,CE,Combined TRACON& Tower with Radar,42,43,64,1,150,0,6,30,4,40,42,49,94,5,190,34,4,38,228
03/06/2023,ICT,KS,ACE,CE,Combined TRACON& Tower with Radar,42,47,58,34,181,0,6,44,7,57,42,53,102,41,238,30,40,70,308
03/07/2023,ICT,KS,ACE,CE,Combined TRACON& Tower with Radar,44,52,80,49,225,0,3,14,8,25,44,55,94,57,250,38,8,46,296
03/08/2023,ICT,KS,ACE,CE,Combined TRACON& Tower with Radar,40,51,64,11,166,0,0,0,0,0,40,51,64,11,166,0,0,0,166
03/09/2023,ICT,KS,ACE,CE,Combined TRACON& Tower with Radar,45,67,98,50,260,0,2,9,1,12,45,69,107,51,272,2,10,12,284
03/10/2023,ICT,KS,ACE,CE,Combined TRACON& Tower with Radar,51,54,97,15,217,0,2,44,8,54,51,56,141,23,271,72,0,72,343
03/11/2023,ICT,KS,ACE,CE,Combined TRACON& Tower with Radar,38,37,55,2,132,0,0,1,0,1,38,37,56,2,133,0,0,0,133
03/12/2023,ICT,KS,ACE,CE,Combined TRACON& Tower with Radar,45,40,59,4,148,0,0,34,1,35,45,40,93,5,183,56,0,56,239
03/13/2023,ICT,KS,ACE,CE,Combined TRACON& Tower with Radar,41,45,98,41,225,0,6,73,7,86,41,51,171,48,311,58,30,88,399
03/14/2023,ICT,KS,ACE,CE,Combined TRACON& Tower with Radar,43,50,66,92,251,0,1,84,9,94,43,51,150,101,345,52,90,142,487
03/15/2023,ICT,KS,ACE,CE,Combined TRACON& Tower with Radar,40,43,70,16,169,0,5,25,8,38,40,48,95,24,207,2,16,18,225
03/16/2023,ICT,KS,ACE,CE,Combined TRACON& Tower with Radar,46,62,67,6,181,0,0,2,0,2,46,62,69,6,183,0,2,2,185
03/17/2023,ICT,KS,ACE,CE,Combined TRACON& Tower with Radar,49,59,84,46,238,0,4,74,7,85,49,63,158,53,323,70,54,124,447
03/18/2023,ICT,KS,ACE,CE,Combined TRACON& Tower with Radar,35,34,50,0,119,0,4,62,4,70,35,38,112,4,189,42,0,42,231
03/19/2023,ICT,KS,ACE,CE,Combined TRACON& Tower with Radar,44,34,42,0,120,0,3,52,2,57,44,37,94,2,177,88,0,88,265
03/20/2023,ICT,KS,ACE,CE,Combined TRACON& Tower with Radar,41,40,66,33,180,0,8,21,2,31,41,48,87,35,211,8,8,16,227
03/21/2023,ICT,KS,ACE,CE,Combined TRACON& Tower with Radar,42,69,82,41,234,0,2,9,1,12,42,71,91,42,246,18,0,18,264
03/22/2023,ICT,KS,ACE,CE,Combined TRACON& Tower with Radar,40,67,83,72,262,0,0,69,3,72,40,67,152,75,334,100,14,114,448
03/23/2023,ICT,KS,ACE,CE,Combined TRACON& Tower with Radar,47,61,84,80,272,0,3,50,6,59,47,64,134,86,331,72,0,72,403
03/24/2023,ICT,KS,ACE,CE,Combined TRACON& Tower with Radar,50,73,75,26,224,0,0,7,0,7,50,73,82,26,231,50,0,50,281
03/25/2023,ICT,KS,ACE,CE,Combined TRACON& Tower with Radar,35,26,41,18,120,0,9,43,3,55,35,35,84,21,175,54,4,58,233
03/26/2023,ICT,KS,ACE,CE,Combined TRACON& Tower with Radar,43,35,42,0,120,0,5,38,3,46,43,40,80,3,166,0,0,0,166
03/27/2023,ICT,KS,ACE,CE,Combined TRACON& Tower with Radar,46,43,73,39,201,0,2,69,8,79,46,45,142,47,280,154,26,180,460
03/28/2023,ICT,KS,ACE,CE,Combined TRACON& Tower with Radar,46,53,57,37,193,1,9,89,11,110,47,62,146,48,303,154,80,234,537
03/29/2023,ICT,KS,ACE,CE,Combined TRACON& Tower with Radar,42,54,81,44,221,0,5,76,10,91,42,59,157,54,312,74,18,92,404
03/30/2023,ICT,KS,ACE,CE,Combined TRACON& Tower with Radar,54,61,95,46,256,0,1,19,1,21,54,62,114,47,277,10,4,14,291
03/31/2023,ICT,KS,ACE,CE,Combined TRACON& Tower with Radar,48,53,53,0,154,0,2,9,0,11,48,55,62,0,165,0,0,0,165
04/01/2023,ICT,KS,ACE,CE,Combined TRACON& Tower with Radar,39,35,52,2,128,0,9,54,3,66,39,44,106,5,194,72,0,72,266
04/02/2023,ICT,KS,ACE,CE,Combined TRACON& Tower with Radar,45,32,63,12,152,0,3,26,1,30,45,35,89,13,182,0,0,0,182
04/03/2023,ICT,KS,ACE,CE,Combined TRACON& Tower with Radar,47,48,101,60,256,0,11,64,5,80,47,59,165,65,336,101,30,131,467
04/04/2023,ICT,KS,ACE,CE,Combined TRACON& Tower with Radar,46,56,71,16,189,0,4,37,4,45,46,60,108,20,234,12,32,44,278
04/05/2023,ICT,KS,ACE,CE,Combined TRACON& Tower with Radar,44,45,67,68,224,0,4,53,0,57,44,49,120,68,281,106,0,106,387
04/06/2023,ICT,KS,ACE,CE,Combined TRACON& Tower with Radar,50,54,77,47,228,0,10,84,11,105,50,64,161,58,333,138,22,160,493
04/07/2023,ICT,KS,ACE,CE,Combined TRACON& Tower with Radar,50,38,57,36,181,0,15,90,4,109,50,53,147,40,290,238,40,278,568
04/08/2023,ICT,KS,ACE,CE,Combined TRACON& Tower with Radar,42,38,50,11,141,1,6,71,1,79,43,44,121,12,220,92,8,100,320
04/09/2023,ICT,KS,ACE,CE,Combined TRACON& Tower with Radar,41,25,34,12,112,0,0,14,1,15,41,25,48,13,127,0,0,0,127
04/10/2023,ICT,KS,ACE,CE,Combined TRACON& Tower with Radar,43,44,74,41,202,0,9,60,1,70,43,53,134,42,272,70,58,128,400
04/11/2023,ICT,KS,ACE,CE,Combined TRACON& Tower with Radar,45,50,65,45,205,0,5,70,15,90,45,55,135,60,295,166,76,242,537
04/12/2023,ICT,KS,ACE,CE,Combined TRACON& Tower with Radar,47,43,80,67,237,0,5,79,6,90,47,48,159,73,327,53,24,77,404
04/13/2023,ICT,KS,ACE,CE,Combined TRACON& Tower with Radar,55,36,74,37,202,0,8,52,8,68,55,44,126,45,270,44,0,44,314
04/14/2023,ICT,KS,ACE,CE,Combined TRACON& Tower with Radar,50,46,50,0,146,0,4,52,4,60,50,50,102,4,206,32,0,32,238
04/15/2023,ICT,KS,ACE,CE,Combined TRACON& Tower with Radar,37,44,27,0,108,0,1,3,0,4,37,45,30,0,112,0,0,0,112
04/16/2023,ICT,KS,ACE,CE,Combined TRACON& Tower with Radar,43,28,31,6,108,0,4,29,0,33,43,32,60,6,141,4,0,4,145
04/17/2023,ICT,KS,ACE,CE,Combined TRACON& Tower with Radar,48,51,96,25,220,0,6,79,9,94,48,57,175,34,314,66,22,88,402
04/18/2023,ICT,KS,ACE,CE,Combined TRACON& Tower with Radar,47,62,55,12,176,3,0,36,3,42,50,62,91,15,218,28,0,28,246
04/19/2023,ICT,KS,ACE,CE,Combined TRACON& Tower with Radar,65,51,71,26,213,0,4,27,4,35,65,55,98,30,248,34,4,38,286
04/20/2023,ICT,KS,ACE,CE,Combined TRACON& Tower with Radar,52,61,64,37,214,0,10,60,6,76,52,71,124,43,290,32,8,40,330
04/21/2023,ICT,KS,ACE,CE,Combined TRACON& Tower with Radar,47,52,82,37,218,0,6,113,7,126,47,58,195,44,344,112,8,120,464
04/22/2023,ICT,KS,ACE,CE,Combined TRACON& Tower with Radar,38,33,35,1,107,0,4,47,2,53,38,37,82,3,160,46,0,46,206
04/23/2023,ICT,KS,ACE,CE,Combined TRACON& Tower with Radar,46,33,39,1,119,0,1,62,2,65,46,34,101,3,184,118,2,120,304
04/24/2023,ICT,KS,ACE,CE,Combined TRACON& Tower with Radar,45,56,77,8,186,0,1,56,7,64,45,57,133,15,250,94,0,94,344
04/25/2023,ICT,KS,ACE,CE,Combined TRACON& Tower with Radar,52,46,63,0,161,0,2,10,0,12,52,48,73,0,173,0,0,0,173
04/26/2023,ICT,KS,ACE,CE,Combined TRACON& Tower with Radar,48,44,102,3,197,0,0,22,1,23,48,44,124,4,220,34,0,34,254
04/27/2023,ICT,KS,ACE,CE,Combined TRACON& Tower with Radar,54,64,129,42,289,0,0,51,4,55,54,64,180,46,344,156,20,176,520
04/28/2023,ICT,KS,ACE,CE,Combined TRACON& Tower with Radar,46,47,108,2,203,0,2,5,0,7,46,49,113,2,210,0,0,0,210
04/29/2023,ICT,KS,ACE,CE,Combined TRACON& Tower with Radar,39,43,54,12,148,0,7,92,5,104,39,50,146,17,252,106,0,106,358
04/30/2023,ICT,KS,ACE,CE,Combined TRACON& Tower with Radar,44,37,51,7,139,0,5,35,1,41,44,42,86,8,180,36,0,36,216
05/01/2023,ICT,KS,ACE,CE,Combined TRACON& Tower with Radar,47,50,70,15,182,0,10,74,1,85,47,60,144,16,267,84,0,84,351
05/02/2023,ICT,KS,ACE,CE,Combined TRACON& Tower with Radar,46,54,70,30,200,0,7,82,11,100,46,61,152,41,300,74,0,74,374
05/03/2023,ICT,KS,ACE,CE,Combined TRACON& Tower with Radar,49,49,80,4,182,0,3,81,6,90,49,52,161,10,272,102,0,102,374
05/04/2023,ICT,KS,ACE,CE,Combined TRACON& Tower with Radar,63,36,66,45,210,0,1,32,10,43,63,37,98,55,253,56,72,128,381
05/05/2023,ICT,KS,ACE,CE,Combined TRACON& Tower with Radar,53,40,65,22,180,1,3,12,1,17,54,43,77,23,197,24,6,30,227
05/06/2023,ICT,KS,ACE,CE,Combined TRACON& Tower with Radar,38,23,49,4,114,0,5,66,4,75,38,28,115,8,189,76,6,82,271
05/07/2023,ICT,KS,ACE,CE,Combined TRACON& Tower with Radar,48,47,27,3,125,0,0,38,2,40,48,47,65,5,165,6,0,6,171
05/08/2023,ICT,KS,ACE,CE,Combined TRACON& Tower with Radar,50,41,64,27,182,0,2,55,8,65,50,43,119,35,247,48,12,60,307
05/09/2023,ICT,KS,ACE,CE,Combined TRACON& Tower with Radar,47,29,78,8,162,0,0,8,0,8,47,29,86,8,170,10,10,20,190
05/10/2023,ICT,KS,ACE,CE,Combined TRACON& Tower with Radar,48,40,83,23,194,0,2,45,5,52,48,42,128,28,246,82,0,82,328
05/11/2023,ICT,KS,ACE,CE,Combined TRACON& Tower with Radar,56,40,95,33,224,0,1,21,0,22,56,41,116,33,246,14,0,14,260
05/12/2023,ICT,KS,ACE,CE,Combined TRACON& Tower with Radar,55,53,56,50,214,0,7,45,7,59,55,60,101,57,273,38,24,62,335
05/13/2023,ICT,KS,ACE,CE,Combined TRACON& Tower with Radar,44,21,31,26,122,0,2,46,8,56,44,23,77,34,178,74,52,126,304
05/14/2023,ICT,KS,ACE,CE,Combined TRACON& Tower with Radar,48,23,36,18,125,0,0,10,0,10,48,23,46,18,135,22,0,22,157
05/15/2023,ICT,KS,ACE,CE,Combined TRACON& Tower with Radar,48,39,74,35,196,0,0,1,0,1,48,39,75,35,197,0,0,0,197
05/16/2023,ICT,KS,ACE,CE,Combined TRACON& Tower with Radar,53,40,143,39,275,0,2,17,2,21,53,42,160,41,296,32,8,40,336
05/17/2023,ICT,KS,ACE,CE,Combined TRACON& Tower with Radar,55,51,59,72,237,0,4,110,6,120,55,55,169,78,357,98,36,134,491
05/18/2023,ICT,KS,ACE,CE,Combined TRACON& Tower with Radar,55,39,71,35,200,0,4,80,10,94,55,43,151,45,294,82,26,108,402
05/19/2023,ICT,KS,ACE,CE,Combined TRACON& Tower with Radar,52,36,56,47,191,0,4,15,2,21,52,40,71,49,212,20,32,52,264
05/20/2023,ICT,KS,ACE,CE,Combined TRACON& Tower with Radar,47,33,50,9,139,0,4,64,11,79,47,37,114,20,218,128,2,130,348
05/21/2023,ICT,KS,ACE,CE,Combined TRACON& Tower with Radar,50,37,47,4,138,0,1,57,2,60,50,38,104,6,198,78,0,78,276
05/22/2023,ICT,KS,ACE,CE,Combined TRACON& Tower with Radar,47,40,70,40,197,0,3,64,1,68,47,43,134,41,265,106,0,106,371
05/23/2023,ICT,KS,ACE,CE,Combined TRACON& Tower with Radar,50,45,86,45,226,0,2,41,2,45,50,47,127,47,271,62,42,104,375
05/24/2023,ICT,KS,ACE,CE,Combined TRACON& Tower with Radar,53,46,78,66,243,0,0,54,11,65,53,46,132,77,308,98,34,132,440
05/25/2023,ICT,KS,ACE,CE,Combined TRACON& Tower with Radar,60,37,89,17,203,1,0,69,5,75,61,37,158,22,278,128,0,128,406
05/26/2023,ICT,KS,ACE,CE,Combined TRACON& Tower with Radar,54,43,79,0,176,0,8,77,3,88,54,51,156,3,264,86,0,86,350
05/27/2023,ICT,KS,ACE,CE,Combined TRACON& Tower with Radar,50,37,36,2,125,0,6,50,4,60,50,43,86,6,185,144,0,144,329
05/28/2023,ICT,KS,ACE,CE,Combined TRACON& Tower with Radar,44,23,41,0,108,0,3,39,0,42,44,26,80,0,150,46,0,46,196
05/29/2023,ICT,KS,ACE,CE,Combined TRACON& Tower with Radar,44,36,35,0,115,0,2,28,0,30,44,38,63,0,145,66,0,66,211
05/30/2023,ICT,KS,ACE,CE,Combined TRACON& Tower with Radar,45,44,86,47,222,0,3,57,2,62,45,47,143,49,284,76,0,76,360
05/31/2023,ICT,KS,ACE,CE,Combined TRACON& Tower with Radar,59,43,79,37,218,0,7,77,3,87,59,50,156,40,305,157,50,207,512
06/01/2023,ICT,KS,ACE,CE,Combined TRACON& Tower with Radar,57,36,62,12,167,0,2,16,1,19,57,38,78,13,186,32,0,32,218
06/02/2023,ICT,KS,ACE,CE,Combined TRACON& Tower with Radar,55,26,57,8,146,0,0,40,2,42,55,26,97,10,188,0,0,0,188
06/03/2023,ICT,KS,ACE,CE,Combined TRACON& Tower with Radar,59,21,46,2,128,1,0,27,7,35,60,21,73,9,163,20,26,46,209
06/04/2023,ICT,KS,ACE,CE,Combined TRACON& Tower with Radar,54,28,55,22,159,0,10,34,2,46,54,38,89,24,205,62,0,62,267
06/05/2023,ICT,KS,ACE,CE,Combined TRACON& Tower with Radar,58,35,56,36,185,0,3,40,2,45,58,38,96,38,230,18,8,26,256
06/06/2023,ICT,KS,ACE,CE,Combined TRACON& Tower with Radar,55,49,74,19,197,0,5,63,4,72,55,54,137,23,269,96,0,96,365
06/07/2023,ICT,KS,ACE,CE,Combined TRACON& Tower with Radar,66,46,64,36,212,0,4,103,8,115,66,50,167,44,327,56,2,58,385
06/08/2023,ICT,KS,ACE,CE,Combined TRACON& Tower with Radar,62,38,79,86,265,0,5,62,16,83,62,43,141,102,348,76,46,122,470
06/09/2023,ICT,KS,ACE,CE,Combined TRACON& Tower with Radar,61,38,56,22,177,0,4,40,10,54,61,42,96,32,231,54,44,98,329
06/10/2023,ICT,KS,ACE,CE,Combined TRACON& Tower with Radar,60,33,48,12,153,0,2,36,7,45,60,35,84,19,198,64,4,68,266
06/11/2023,ICT,KS,ACE,CE,Combined TRACON& Tower with Radar,59,28,48,9,144,0,7,21,0,28,59,35,69,9,172,0,0,0,172
06/12/2023,ICT,KS,ACE,CE,Combined TRACON& Tower with Radar,51,28,77,95,251,0,10,81,6,97,51,38,158,101,348,102,24,126,474
06/13/2023,ICT,KS,ACE,CE,Combined TRACON& Tower with Radar,57,49,84,34,224,0,2,91,24,117,57,51,175,58,341,74,44,118,459
06/14/2023,ICT,KS,ACE,CE,Combined TRACON& Tower with Radar,66,39,96,16,217,0,3,69,3,75,66,42,165,19,292,72,10,82,374
06/15/2023,ICT,KS,ACE,CE,Combined TRACON& Tower with Radar,59,41,96,12,208,0,2,114,4,120,59,43,210,16,328,104,16,120,448
06/16/2023,ICT,KS,ACE,CE,Combined TRACON& Tower with Radar,64,45,82,19,210,0,12,75,9,96,64,57,157,28,306,136,22,158,464
06/17/2023,ICT,KS,ACE,CE,Combined TRACON& Tower with Radar,55,27,53,0,135,0,0,54,2,56,55,27,107,2,191,68,0,68,259
06/18/2023,ICT,KS,ACE,CE,Combined TRACON& Tower with Radar,63,36,28,5,132,0,6,31,4,41,63,42,59,9,173,22,0,22,195
06/19/2023,ICT,KS,ACE,CE,Combined TRACON& Tower with Radar,51,46,70,3,170,0,10,82,5,97,51,56,152,8,267,92,0,92,359
06/20/2023,ICT,KS,ACE,CE,Combined TRACON& Tower with Radar,56,42,83,52,233,0,2,53,7,62,56,44,136,59,295,72,42,114,409
06/21/2023,ICT,KS,ACE,CE,Combined TRACON& Tower with Radar,64,31,85,2,182,0,6,60,0,66,64,37,145,2,248,92,0,92,340
06/22/2023,ICT,KS,ACE,CE,Combined TRACON& Tower with Radar,63,36,77,33,209,0,2,106,10,118,63,38,183,43,327,130,72,202,529
06/23/2023,ICT,KS,ACE,CE,Combined TRACON& Tower with Radar,57,22,69,72,220,0,4,84,6,94,57,26,153,78,314,122,40,162,476
06/24/2023,ICT,KS,ACE,CE,Combined TRACON& Tower with Radar,65,43,38,4,150,0,13,58,5,76,65,56,96,9,226,88,4,92,318
06/25/2023,ICT,KS,ACE,CE,Combined TRACON& Tower with Radar,52,23,49,16,140,0,3,42,6,51,52,26,91,22,191,40,6,46,237
06/26/2023,ICT,KS,ACE,CE,Combined TRACON& Tower with Radar,56,35,61,72,224,0,4,77,8,89,56,39,138,80,313,90,0,90,403
06/27/2023,ICT,KS,ACE,CE,Combined TRACON& Tower with Radar,58,28,84,14,184,0,2,49,6,57,58,30,133,20,241,22,0,22,263
06/28/2023,ICT,KS,ACE,CE,Combined TRACON& Tower with Radar,65,41,93,68,267,0,8,91,4,103,65,49,184,72,370,72,34,106,476
06/29/2023,ICT,KS,ACE,CE,Combined TRACON& Tower with Radar,61,44,94,31,230,0,14,73,3,90,61,58,167,34,320,68,0,68,388
06/30/2023,ICT,KS,ACE,CE,Combined TRACON& Tower with Radar,61,53,83,43,240,0,4,62,5,71,61,57,145,48,311,108,60,168,479
07/01/2023,ICT,KS,ACE,CE,Combined TRACON& Tower with Radar,61,35,41,0,137,0,6,30,5,41,61,41,71,5,178,38,0,38,216
07/02/2023,ICT,KS,ACE,CE,Combined TRACON& Tower with Radar,51,29,31,0,111,0,5,40,0,45,51,34,71,0,156,22,0,22,178
07/03/2023,ICT,KS,ACE,CE,Combined TRACON& Tower with Radar,44,22,24,0,90,0,2,54,2,58,44,24,78,2,148,30,0,30,178
07/04/2023,ICT,KS,ACE,CE,Combined TRACON& Tower with Radar,42,21,21,0,84,0,3,30,0,33,42,24,51,0,117,106,0,106,223
07/05/2023,ICT,KS,ACE,CE,Combined TRACON& Tower with Radar,62,30,38,0,130,0,0,14,0,14,62,30,52,0,144,52,0,52,196
07/06/2023,ICT,KS,ACE,CE,Combined TRACON& Tower with Radar,61,39,83,36,219,0,10,49,3,62,61,49,132,39,281,126,48,174,455
07/07/2023,ICT,KS,ACE,CE,Combined TRACON& Tower with Radar,65,27,42,0,134,0,4,24,0,28,65,31,66,0,162,0,0,0,162
07/08/2023,ICT,KS,ACE,CE,Combined TRACON& Tower with Radar,60,32,32,13,137,0,6,43,3,52,60,38,75,16,189,18,10,28,217
07/09/2023,ICT,KS,ACE,CE,Combined TRACON& Tower with Radar,52,29,44,9,134,0,12,66,3,81,52,41,110,12,215,50,0,50,265
07/10/2023,ICT,KS,ACE,CE,Combined TRACON& Tower with Radar,57,29,62,57,205,0,8,88,2,98,57,37,150,59,303,120,18,138,441
07/11/2023,ICT,KS,ACE,CE,Combined TRACON& Tower with Radar,59,40,85,44,228,0,2,61,1,64,59,42,146,45,292,118,18,136,428
07/12/2023,ICT,KS,ACE,CE,Combined TRACON& Tower with Radar,63,38,80,39,220,0,4,57,3,64,63,42,137,42,284,114,42,156,440
07/13/2023,ICT,KS,ACE,CE,Combined TRACON& Tower with Radar,64,44,81,54,243,0,4,59,1,64,64,48,140,55,307,66,12,78,385
07/14/2023,ICT,KS,ACE,CE,Combined TRACON& Tower with Radar,55,37,58,54,204,0,2,41,3,46,55,39,99,57,250,96,8,104,354
07/15/2023,ICT,KS,ACE,CE,Combined TRACON& Tower with Radar,62,31,48,8,149,0,8,71,0,79,62,39,119,8,228,130,0,130,358
07/16/2023,ICT,KS,ACE,CE,Combined TRACON& Tower with Radar,55,28,34,46,163,0,4,64,1,69,55,32,98,47,232,76,0,76,308
07/17/2023,ICT,KS,ACE,CE,Combined TRACON& Tower with Radar,55,46,82,63,246,0,0,91,3,94,55,46,173,66,340,60,20,80,420
07/18/2023,ICT,KS,ACE,CE,Combined TRACON& Tower with Radar,60,48,60,83,251,0,0,65,6,71,60,48,125,89,322,138,64,202,524
07/19/2023,ICT,KS,ACE,CE,Combined TRACON& Tower with Radar,67,47,124,50,288,0,1,27,3,31,67,48,151,53,319,24,0,24,343
07/20/2023,ICT,KS,ACE,CE,Combined TRACON& Tower with Radar,60,43,81,23,207,0,4,54,1,59,60,47,135,24,266,48,64,112,378
07/21/2023,ICT,KS,ACE,CE,Combined TRACON& Tower with Radar,64,32,65,32,193,0,0,63,2,65,64,32,128,34,258,104,30,134,392
07/22/2023,ICT,KS,ACE,CE,Combined TRACON& Tower with Radar,60,25,39,0,124,0,2,48,1,51,60,27,87,1,175,112,0,112,287
07/23/2023,ICT,KS,ACE,CE,Combined TRACON& Tower with Radar,59,24,43,0,126,0,3,58,0,61,59,27,101,0,187,120,0,120,307
07/24/2023,ICT,KS,ACE,CE,Combined TRACON& Tower with Radar,51,35,55,9,150,0,13,55,4,72,51,48,110,13,222,98,8,106,328
07/25/2023,ICT,KS,ACE,CE,Combined TRACON& Tower with Radar,65,35,56,23,179,0,4,49,3,56,65,39,105,26,235,34,40,74,309
07/26/2023,ICT,KS,ACE,CE,Combined TRACON& Tower with Radar,62,46,56,10,174,0,6,58,2,66,62,52,114,12,240,84,0,84,324
07/27/2023,ICT,KS,ACE,CE,Combined TRACON& Tower with Radar,61,42,49,41,193,0,5,68,8,81,61,47,117,49,274,42,8,50,324
07/28/2023,ICT,KS,ACE,CE,Combined TRACON& Tower with Radar,56,42,62,22,182,0,5,47,3,55,56,47,109,25,237,58,28,86,323
07/29/2023,ICT,KS,ACE,CE,Combined TRACON& Tower with Radar,65,30,25,2,122,0,10,36,0,46,65,40,61,2,168,46,0,46,214
07/30/2023,ICT,KS,ACE,CE,Combined TRACON& Tower with Radar,58,25,29,30,142,0,3,38,5,46,58,28,67,35,188,42,22,64,252
07/31/2023,ICT,KS,ACE,CE,Combined TRACON& Tower with Radar,51,37,90,49,227,0,7,55,7,69,51,44,145,56,296,64,22,86,382
08/01/2023,ICT,KS,ACE,CE,Combined TRACON& Tower with Radar,58,28,63,34,183,0,1,61,1,63,58,29,124,35,246,52,26,78,324
08/02/2023,ICT,KS,ACE,CE,Combined TRACON& Tower with Radar,64,51,78,36,229,0,6,55,3,64,64,57,133,39,293,58,46,104,397
08/03/2023,ICT,KS,ACE,CE,Combined TRACON& Tower with Radar,60,40,66,32,198,0,2,58,3,63,60,42,124,35,261,68,38,106,367
08/04/2023,ICT,KS,ACE,CE,Combined TRACON& Tower with Radar,57,39,56,20,172,0,5,60,0,65,57,44,116,20,237,62,0,62,299
08/05/2023,ICT,KS,ACE,CE,Combined TRACON& Tower with Radar,60,19,24,0,103,0,2,19,3,24,60,21,43,3,127,42,0,42,169
08/06/2023,ICT,KS,ACE,CE,Combined TRACON& Tower with Radar,57,33,42,6,138,0,7,40,1,48,57,40,82,7,186,52,0,52,238
08/07/2023,ICT,KS,ACE,CE,Combined TRACON& Tower with Radar,49,36,63,59,207,0,6,61,6,73,49,42,124,65,280,42,74,116,396
08/08/2023,ICT,KS,ACE,CE,Combined TRACON& Tower with Radar,54,36,66,40,196,0,6,40,3,49,54,42,106,43,245,74,8,82,327
08/09/2023,ICT,KS,ACE,CE,Combined TRACON& Tower with Radar,61,42,81,53,237,0,6,38,3,47,61,48,119,56,284,54,18,72,356
08/10/2023,ICT,KS,ACE,CE,Combined TRACON& Tower with Radar,57,51,61,75,244,0,3,60,1,64,57,54,121,76,308,40,12,52,360
08/11/2023,ICT,KS,ACE,CE,Combined TRACON& Tower with Radar,58,42,48,5,153,0,1,66,0,67,58,43,114,5,220,16,16,32,252
08/12/2023,ICT,KS,ACE,CE,Combined TRACON& Tower with Radar,65,34,38,0,137,0,0,44,2,46,65,34,82,2,183,40,0,40,223
08/13/2023,ICT,KS,ACE,CE,Combined TRACON& Tower with Radar,54,30,53,9,146,0,0,41,2,43,54,30,94,11,189,54,6,60,249
08/14/2023,ICT,KS,ACE,CE,Combined TRACON& Tower with Radar,51,38,86,82,257,0,6,73,4,83,51,44,159,86,340,38,10,48,388
08/15/2023,ICT,KS,ACE,CE,Combined TRACON& Tower with Radar,60,36,67,73,236,0,1,81,3,85,60,37,148,76,321,172,14,186,507
08/16/2023,ICT,KS,ACE,CE,Combined TRACON& Tower with Radar,59,47,85,57,248,0,6,83,5,94,59,53,168,62,342,60,34,94,436
08/17/2023,ICT,KS,ACE,CE,Combined TRACON& Tower with Radar,61,38,79,64,242,0,5,83,7,95,61,43,162,71,337,80,4,84,421
08/18/2023,ICT,KS,ACE,CE,Combined TRACON& Tower with Radar,65,33,61,82,241,0,9,72,9,90,65,42,133,91,331,90,74,164,495
08/19/2023,ICT,KS,ACE,CE,Combined TRACON& Tower with Radar,53,29,48,3,133,0,5,41,1,47,53,34,89,4,180,26,0,26,206
08/20/2023,ICT,KS,ACE,CE,Combined TRACON& Tower with Radar,58,24,47,1,130,0,3,34,3,40,58,27,81,4,170,42,0,42,212
08/21/2023,ICT,KS,ACE,CE,Combined TRACON& Tower with Radar,54,43,76,36,209,0,4,39,2,45,54,47,115,38,254,38,0,38,292
08/22/2023,ICT,KS,ACE,CE,Combined TRACON& Tower with Radar,60,49,95,31,235,0,3,74,10,87,60,52,169,41,322,96,0,96,418
08/23/2023,ICT,KS,ACE,CE,Combined TRACON& Tower with Radar,58,33,84,66,241,0,4,77,8,89,58,37,161,74,330,78,0,78,408
08/24/2023,ICT,KS,ACE,CE,Combined TRACON& Tower with Radar,62,35,76,66,239,0,10,67,12,89,62,45,143,78,328,66,26,92,420
08/25/2023,ICT,KS,ACE,CE,Combined TRACON& Tower with Radar,61,41,63,63,228,0,3,62,7,72,61,44,125,70,300,32,2,34,334
08/26/2023,ICT,KS,ACE,CE,Combined TRACON& Tower with Radar,50,33,40,17,140,0,7,35,1,43,50,40,75,18,183,32,10,42,225
08/27/2023,ICT,KS,ACE,CE,Combined TRACON& Tower with Radar,55,34,54,8,151,0,3,50,2,55,55,37,104,10,206,48,0,48,254
08/28/2023,ICT,KS,ACE,CE,Combined TRACON& Tower with Radar,57,33,86,31,207,0,8,88,11,107,57,41,174,42,314,84,0,84,398
08/29/2023,ICT,KS,ACE,CE,Combined TRACON& Tower with Radar,57,38,81,18,194,0,3,66,9,78,57,41,147,27,272,84,8,92,364
08/30/2023,ICT,KS,ACE,CE,Combined TRACON& Tower with Radar,57,42,73,42,214,0,9,82,4,95,57,51,155,46,309,126,42,168,477
08/31/2023,ICT,KS,ACE,CE,Combined TRACON& Tower with Radar,66,51,92,68,277,0,2,76,6,84,66,53,168,74,361,106,32,138,499
