01/01/2000,IFP,AZ,AWP,WE,Federal Contract Tower,0,2,2,0,4,0,0,34,0,34,0,2,36,0,38,0,0,0,38
01/02/2000,IFP,AZ,AWP,WE,Federal Contract Tower,1,3,4,0,8,0,2,74,0,76,1,5,78,0,84,40,0,40,124
01/03/2000,IFP,AZ,AWP,WE,Federal Contract Tower,2,4,4,0,10,0,9,81,0,90,2,13,85,0,100,32,0,32,132
01/04/2000,IFP,AZ,AWP,WE,Federal Contract Tower,0,4,2,0,6,0,9,68,0,77,0,13,70,0,83,34,0,34,117
01/05/2000,IFP,AZ,AWP,WE,Federal Contract Tower,0,3,1,0,4,0,10,83,0,93,0,13,84,0,97,44,0,44,141
01/06/2000,IFP,AZ,AWP,WE,Federal Contract Tower,2,5,3,0,10,0,7,60,0,67,2,12,63,0,77,36,0,36,113
01/07/2000,IFP,AZ,AWP,WE,Federal Contract Tower,0,4,2,0,6,0,6,89,2,97,0,10,91,2,103,94,10,104,207
01/08/2000,IFP,AZ,AWP,WE,Federal Contract Tower,0,4,3,0,7,0,2,118,0,120,0,6,121,0,127,62,0,62,189
01/09/2000,IFP,AZ,AWP,WE,Federal Contract Tower,0,3,2,0,5,0,1,163,3,167,0,4,165,3,172,64,0,64,236
01/10/2000,IFP,AZ,AWP,WE,Federal Contract Tower,2,3,2,0,7,0,9,75,0,84,2,12,77,0,91,72,0,72,163
01/11/2000,IFP,AZ,AWP,WE,Federal Contract Tower,0,3,3,0,6,0,10,92,0,102,0,13,95,0,108,51,0,51,159
01/12/2000,IFP,AZ,AWP,WE,Federal Contract Tower,0,3,0,0,3,0,5,67,1,73,0,8,67,1,76,36,0,36,112
01/13/2000,IFP,AZ,AWP,WE,Federal Contract Tower,2,4,4,0,10,2,9,78,0,89,4,13,82,0,99,38,0,38,137
01/14/2000,IFP,AZ,AWP,WE,Federal Contract Tower,1,6,4,0,11,0,3,89,0,92,1,9,93,0,103,69,0,69,172
01/15/2000,IFP,AZ,AWP,WE,Federal Contract Tower,2,3,3,0,8,0,2,123,0,125,2,5,126,0,133,36,0,36,169
01/16/2000,IFP,AZ,AWP,WE,Federal Contract Tower,2,4,2,0,8,0,0,80,0,80,2,4,82,0,88,46,0,46,134
01/17/2000,IFP,AZ,AWP,WE,Federal Contract Tower,2,6,3,0,11,0,2,104,0,106,2,8,107,0,117,94,0,94,211
01/18/2000,IFP,AZ,AWP,WE,Federal Contract Tower,0,4,2,0,6,0,8,94,0,102,0,12,96,0,108,106,0,106,214
01/19/2000,IFP,AZ,AWP,WE,Federal Contract Tower,0,2,2,0,4,2,11,88,0,101,2,13,90,0,105,136,0,136,241
01/20/2000,IFP,AZ,AWP,WE,Federal Contract Tower,3,6,3,0,12,0,6,83,2,91,3,12,86,2,103,105,8,113,216
01/21/2000,IFP,AZ,AWP,WE,Federal Contract Tower,2,6,3,0,11,0,6,84,0,90,2,12,87,0,101,68,0,68,169
01/22/2000,IFP,AZ,AWP,WE,Federal Contract Tower,1,5,4,0,10,0,0,112,0,112,1,5,116,0,122,26,0,26,148
01/23/2000,IFP,AZ,AWP,WE,Federal Contract Tower,1,4,4,0,9,0,0,143,0,143,1,4,147,0,152,24,0,24,176
01/24/2000,IFP,AZ,AWP,WE,Federal Contract Tower,1,5,4,0,10,3,8,80,0,91,4,13,84,0,101,98,0,98,199
01/25/2000,IFP,AZ,AWP,WE,Federal Contract Tower,0,7,4,0,11,0,6,53,0,59,0,13,57,0,70,50,0,50,120
01/26/2000,IFP,AZ,AWP,WE,Federal Contract Tower,1,4,3,0,8,0,7,77,1,85,1,11,80,1,93,94,0,94,187
01/27/2000,IFP,AZ,AWP,WE,Federal Contract Tower,1,6,4,0,11,3,6,89,4,102,4,12,93,4,113,26,8,34,147
01/28/2000,IFP,AZ,AWP,WE,Federal Contract Tower,1,6,4,0,11,2,3,76,2,83,3,9,80,2,94,36,0,36,130
01/29/2000,IFP,AZ,AWP,WE,Federal Contract Tower,1,4,2,0,7,0,3,97,2,102,1,7,99,2,109,58,0,58,167
01/30/2000,IFP,AZ,AWP,WE,Federal Contract Tower,2,4,5,0,11,1,0,96,1,98,3,4,101,1,109,32,0,32,141
01/31/2000,IFP,AZ,AWP,WE,Federal Contract Tower,1,6,4,0,11,3,7,88,0,98,4,13,92,0,109,98,0,98,207
02/01/2000,IFP,AZ,AWP,WE,Federal Contract Tower,0,4,3,0,7,0,7,83,0,90,0,11,86,0,97,68,0,68,165
02/02/2000,IFP,AZ,AWP,WE,Federal Contract Tower,1,2,3,0,6,0,9,78,0,87,1,11,81,0,93,54,0,54,147
02/03/2000,IFP,AZ,AWP,WE,Federal Contract Tower,5,6,4,0,15,0,8,104,0,112,5,14,108,0,127,70,0,70,197
02/04/2000,IFP,AZ,AWP,WE,Federal Contract Tower,1,2,2,0,5,0,7,122,0,129,1,9,124,0,134,58,0,58,192
02/05/2000,IFP,AZ,AWP,WE,Federal Contract Tower,1,4,2,0,7,0,3,117,0,120,1,7,119,0,127,45,0,45,172
02/06/2000,IFP,AZ,AWP,WE,Federal Contract Tower,3,4,1,0,8,0,0,287,0,287,3,4,288,0,295,63,0,63,358
02/07/2000,IFP,AZ,AWP,WE,Federal Contract Tower,3,6,1,0,10,1,8,107,0,116,4,14,108,0,126,36,0,36,162
02/08/2000,IFP,AZ,AWP,WE,Federal Contract Tower,0,3,0,1,4,0,13,87,1,101,0,16,87,2,105,68,2,70,175
02/09/2000,IFP,AZ,AWP,WE,Federal Contract Tower,1,3,1,0,5,0,9,96,0,105,1,12,97,0,110,96,0,96,206
02/10/2000,IFP,AZ,AWP,WE,Federal Contract Tower,2,4,2,0,8,3,5,82,2,92,5,9,84,2,100,58,8,66,166
02/11/2000,IFP,AZ,AWP,WE,Federal Contract Tower,2,5,2,0,9,0,4,95,4,103,2,9,97,4,112,44,0,44,156
02/12/2000,IFP,AZ,AWP,WE,Federal Contract Tower,1,3,2,0,6,0,3,63,0,66,1,6,65,0,72,48,0,48,120
02/13/2000,IFP,AZ,AWP,WE,Federal Contract Tower,1,4,3,0,8,1,0,70,0,71,2,4,73,0,79,36,0,36,115
02/14/2000,IFP,AZ,AWP,WE,Federal Contract Tower,2,6,4,0,12,2,5,82,0,89,4,11,86,0,101,102,0,102,203
02/15/2000,IFP,AZ,AWP,WE,Federal Contract Tower,0,4,2,0,6,0,6,81,2,89,0,10,83,2,95,70,16,86,181
02/16/2000,IFP,AZ,AWP,WE,Federal Contract Tower,1,6,4,0,11,0,6,70,0,76,1,12,74,0,87,82,0,82,169
02/17/2000,IFP,AZ,AWP,WE,Federal Contract Tower,3,8,4,0,15,1,2,78,0,81,4,10,82,0,96,64,0,64,160
02/18/2000,IFP,AZ,AWP,WE,Federal Contract Tower,1,5,3,0,9,1,4,70,0,75,2,9,73,0,84,30,0,30,114
02/19/2000,IFP,AZ,AWP,WE,Federal Contract Tower,1,4,3,0,8,0,3,116,0,119,1,7,119,0,127,33,0,33,160
02/20/2000,IFP,AZ,AWP,WE,Federal Contract Tower,1,4,3,0,8,2,0,47,0,49,3,4,50,0,57,20,0,20,77
02/21/2000,IFP,AZ,AWP,WE,Federal Contract Tower,1,4,3,0,8,3,2,26,0,31,4,6,29,0,39,2,0,2,41
02/22/2000,IFP,AZ,AWP,WE,Federal Contract Tower,0,5,3,0,8,0,7,87,0,94,0,12,90,0,102,64,0,64,166
02/23/2000,IFP,AZ,AWP,WE,Federal Contract Tower,2,5,3,0,10,0,6,69,0,75,2,11,72,0,85,84,0,84,169
02/24/2000,IFP,AZ,AWP,WE,Federal Contract Tower,2,7,4,0,13,3,5,67,0,75,5,12,71,0,88,52,0,52,140
02/25/2000,IFP,AZ,AWP,WE,Federal Contract Tower,2,7,4,0,13,0,6,94,0,100,2,13,98,0,113,78,0,78,191
02/26/2000,IFP,AZ,AWP,WE,Federal Contract Tower,1,6,3,0,10,0,1,121,0,122,1,7,124,0,132,50,0,50,182
02/27/2000,IFP,AZ,AWP,WE,Federal Contract Tower,1,4,3,0,8,3,0,78,2,83,4,4,81,2,91,17,0,17,108
02/28/2000,IFP,AZ,AWP,WE,Federal Contract Tower,2,6,3,0,11,2,7,67,2,78,4,13,70,2,89,24,0,24,113
02/29/2000,IFP,AZ,AWP,WE,Federal Contract Tower,0,5,3,0,8,0,6,74,2,82,0,11,77,2,90,44,0,44,134
03/01/2000,IFP,AZ,AWP,WE,Federal Contract Tower,1,5,3,0,9,0,10,74,0,84,1,15,77,0,93,146,0,146,239
03/02/2000,IFP,AZ,AWP,WE,Federal Contract Tower,5,5,4,0,14,2,8,104,3,117,7,13,108,3,131,140,0,140,271
03/03/2000,IFP,AZ,AWP,WE,Federal Contract Tower,1,2,2,0,5,0,7,72,0,79,1,9,74,0,84,30,0,30,114
03/04/2000,IFP,AZ,AWP,WE,Federal Contract Tower,1,3,2,0,6,0,4,97,0,101,1,7,99,0,107,60,0,60,167
03/05/2000,IFP,AZ,AWP,WE,Federal Contract Tower,3,3,2,1,9,0,1,39,0,40,3,4,41,1,49,22,0,22,71
03/06/2000,IFP,AZ,AWP,WE,Federal Contract Tower,3,3,2,0,8,0,7,75,0,82,3,10,77,0,90,72,0,72,162
03/07/2000,IFP,AZ,AWP,WE,Federal Contract Tower,0,4,1,0,5,0,10,74,0,84,0,14,75,0,89,64,0,64,153
03/08/2000,IFP,AZ,AWP,WE,Federal Contract Tower,1,7,4,1,13,0,7,57,1,65,1,14,61,2,78,34,6,40,118
03/09/2000,IFP,AZ,AWP,WE,Federal Contract Tower,4,6,2,0,12,1,7,74,0,82,5,13,76,0,94,65,0,65,159
03/10/2000,IFP,AZ,AWP,WE,Federal Contract Tower,1,6,2,0,9,0,5,87,3,95,1,11,89,3,104,24,0,24,128
03/11/2000,IFP,AZ,AWP,WE,Federal Contract Tower,1,6,2,0,9,0,0,138,1,139,1,6,140,1,148,60,0,60,208
03/12/2000,IFP,AZ,AWP,WE,Federal Contract Tower,4,4,3,0,11,0,0,174,4,178,4,4,177,4,189,76,0,76,265
03/13/2000,IFP,AZ,AWP,WE,Federal Contract Tower,3,6,2,0,11,1,7,101,0,109,4,13,103,0,120,28,0,28,148
03/14/2000,IFP,AZ,AWP,WE,Federal Contract Tower,0,4,2,0,6,0,11,98,0,109,0,15,100,0,115,78,0,78,193
03/15/2000,IFP,AZ,AWP,WE,Federal Contract Tower,1,5,2,0,8,0,4,113,0,117,1,9,115,0,125,20,0,20,145
03/16/2000,IFP,AZ,AWP,WE,Federal Contract Tower,2,6,4,0,12,3,9,91,1,104,5,15,95,1,116,58,0,58,174
03/17/2000,IFP,AZ,AWP,WE,Federal Contract Tower,3,7,3,0,13,0,4,97,0,101,3,11,100,0,114,33,0,33,147
03/18/2000,IFP,AZ,AWP,WE,Federal Contract Tower,1,5,3,0,9,0,0,125,0,125,1,5,128,0,134,26,0,26,160
03/19/2000,IFP,AZ,AWP,WE,Federal Contract Tower,1,4,2,0,7,2,0,152,0,154,3,4,154,0,161,60,0,60,221
03/20/2000,IFP,AZ,AWP,WE,Federal Contract Tower,2,6,4,0,12,3,5,39,0,47,5,11,43,0,59,2,0,2,61
03/21/2000,IFP,AZ,AWP,WE,Federal Contract Tower,1,3,2,0,6,0,10,53,0,63,1,13,55,0,69,2,0,2,71
03/22/2000,IFP,AZ,AWP,WE,Federal Contract Tower,1,5,2,0,8,0,7,80,0,87,1,12,82,0,95,34,0,34,129
03/23/2000,IFP,AZ,AWP,WE,Federal Contract Tower,3,7,3,0,13,3,5,85,0,93,6,12,88,0,106,80,0,80,186
03/24/2000,IFP,AZ,AWP,WE,Federal Contract Tower,1,4,2,0,7,0,7,89,0,96,1,11,91,0,103,79,0,79,182
03/25/2000,IFP,AZ,AWP,WE,Federal Contract Tower,0,2,2,0,4,1,2,128,0,131,1,4,130,0,135,38,0,38,173
03/26/2000,IFP,AZ,AWP,WE,Federal Contract Tower,2,5,4,0,11,1,0,105,0,106,3,5,109,0,117,44,0,44,161
03/27/2000,IFP,AZ,AWP,WE,Federal Contract Tower,2,6,4,0,12,2,6,76,0,84,4,12,80,0,96,107,0,107,203
03/28/2000,IFP,AZ,AWP,WE,Federal Contract Tower,1,4,3,0,8,0,8,86,0,94,1,12,89,0,102,18,0,18,120
03/29/2000,IFP,AZ,AWP,WE,Federal Contract Tower,0,3,1,0,4,0,9,84,0,93,0,12,85,0,97,64,0,64,161
03/30/2000,IFP,AZ,AWP,WE,Federal Contract Tower,3,8,5,0,16,3,4,60,0,67,6,12,65,0,83,68,0,68,151
03/31/2000,IFP,AZ,AWP,WE,Federal Contract Tower,2,5,2,0,9,0,5,49,0,54,2,10,51,0,63,30,0,30,93
04/01/2000,IFP,AZ,AWP,WE,Federal Contract Tower,2,4,4,0,10,1,3,65,0,69,3,7,69,0,79,16,0,16,95
04/02/2000,IFP,AZ,AWP,WE,Federal Contract Tower,2,3,4,0,9,0,1,111,0,112,2,4,115,0,121,22,0,22,143
04/03/2000,IFP,AZ,AWP,WE,Federal Contract Tower,4,5,5,0,14,0,5,84,0,89,4,10,89,0,103,18,0,18,121
04/04/2000,IFP,AZ,AWP,WE,Federal Contract Tower,1,3,4,0,8,0,8,111,0,119,1,11,115,0,127,88,0,88,215
04/05/2000,IFP,AZ,AWP,WE,Federal Contract Tower,3,3,4,0,10,0,6,97,0,103,3,9,101,0,113,92,0,92,205
04/06/2000,IFP,AZ,AWP,WE,Federal Contract Tower,5,6,5,0,16,1,3,109,2,115,6,9,114,2,131,59,0,59,190
04/07/2000,IFP,AZ,AWP,WE,Federal Contract Tower,2,2,3,0,7,0,7,103,0,110,2,9,106,0,117,63,0,63,180
04/08/2000,IFP,AZ,AWP,WE,Federal Contract Tower,2,4,4,0,10,0,2,106,0,108,2,6,110,0,118,58,0,58,176
04/09/2000,IFP,AZ,AWP,WE,Federal Contract Tower,2,3,2,0,7,0,1,147,0,148,2,4,149,0,155,56,0,56,211
04/10/2000,IFP,AZ,AWP,WE,Federal Contract Tower,3,4,3,0,10,1,7,77,1,86,4,11,80,1,96,18,2,20,116
04/11/2000,IFP,AZ,AWP,WE,Federal Contract Tower,2,3,2,0,7,0,6,87,0,93,2,9,89,0,100,64,0,64,164
04/12/2000,IFP,AZ,AWP,WE,Federal Contract Tower,3,4,3,0,10,0,6,89,2,97,3,10,92,2,107,108,0,108,215
04/13/2000,IFP,AZ,AWP,WE,Federal Contract Tower,5,6,5,0,16,2,3,106,0,111,7,9,111,0,127,54,0,54,181
04/14/2000,IFP,AZ,AWP,WE,Federal Contract Tower,1,4,4,0,9,0,2,63,2,67,1,6,67,2,76,20,14,34,110
04/15/2000,IFP,AZ,AWP,WE,Federal Contract Tower,3,3,3,0,9,0,3,94,0,97,3,6,97,0,106,76,0,76,182
04/16/2000,IFP,AZ,AWP,WE,Federal Contract Tower,3,3,3,0,9,0,1,120,0,121,3,4,123,0,130,58,0,58,188
04/17/2000,IFP,AZ,AWP,WE,Federal Contract Tower,2,5,3,0,10,1,4,55,1,61,3,9,58,1,71,30,0,30,101
04/18/2000,IFP,AZ,AWP,WE,Federal Contract Tower,0,3,2,0,5,0,8,62,0,70,0,11,64,0,75,64,0,64,139
04/19/2000,IFP,AZ,AWP,WE,Federal Contract Tower,2,4,3,0,9,1,6,94,0,101,3,10,97,0,110,57,0,57,167
04/20/2000,IFP,AZ,AWP,WE,Federal Contract Tower,3,6,4,0,13,2,6,119,0,127,5,12,123,0,140,52,0,52,192
04/21/2000,IFP,AZ,AWP,WE,Federal Contract Tower,2,5,3,0,10,2,3,76,2,83,4,8,79,2,93,44,0,44,137
04/22/2000,IFP,AZ,AWP,WE,Federal Contract Tower,2,4,3,0,9,1,2,100,0,103,3,6,103,0,112,65,0,65,177
04/23/2000,IFP,AZ,AWP,WE,Federal Contract Tower,2,4,4,0,10,2,0,67,0,69,4,4,71,0,79,14,0,14,93
04/24/2000,IFP,AZ,AWP,WE,Federal Contract Tower,2,4,2,0,8,1,10,74,0,85,3,14,76,0,93,20,0,20,113
04/25/2000,IFP,AZ,AWP,WE,Federal Contract Tower,0,3,3,0,6,0,7,99,4,110,0,10,102,4,116,29,0,29,145
04/26/2000,IFP,AZ,AWP,WE,Federal Contract Tower,1,4,2,0,7,0,5,75,0,80,1,9,77,0,87,56,0,56,143
04/27/2000,IFP,AZ,AWP,WE,Federal Contract Tower,3,7,5,0,15,1,3,114,1,119,4,10,119,1,134,16,0,16,150
04/28/2000,IFP,AZ,AWP,WE,Federal Contract Tower,0,5,4,0,9,0,2,104,0,106,0,7,108,0,115,68,0,68,183
04/29/2000,IFP,AZ,AWP,WE,Federal Contract Tower,0,3,2,0,5,0,3,146,0,149,0,6,148,0,154,28,0,28,182
04/30/2000,IFP,AZ,AWP,WE,Federal Contract Tower,1,4,3,0,8,0,0,129,0,129,1,4,132,0,137,40,0,40,177
05/01/2000,IFP,AZ,AWP,WE,Federal Contract Tower,2,6,2,0,10,1,4,75,2,82,3,10,77,2,92,64,10,74,166
05/02/2000,IFP,AZ,AWP,WE,Federal Contract Tower,0,5,3,0,8,0,5,74,0,79,0,10,77,0,87,48,0,48,135
05/03/2000,IFP,AZ,AWP,WE,Federal Contract Tower,0,4,3,0,7,1,5,72,2,80,1,9,75,2,87,35,0,35,122
05/04/2000,IFP,AZ,AWP,WE,Federal Contract Tower,2,5,3,0,10,2,5,71,1,79,4,10,74,1,89,52,0,52,141
05/05/2000,IFP,AZ,AWP,WE,Federal Contract Tower,1,3,3,0,7,0,7,100,3,110,1,10,103,3,117,52,2,54,171
05/06/2000,IFP,AZ,AWP,WE,Federal Contract Tower,1,2,1,0,4,0,4,82,0,86,1,6,83,0,90,10,0,10,100
05/07/2000,IFP,AZ,AWP,WE,Federal Contract Tower,2,4,3,0,9,2,0,132,0,134,4,4,135,0,143,72,0,72,215
05/08/2000,IFP,AZ,AWP,WE,Federal Contract Tower,1,2,1,0,4,0,6,71,0,77,1,8,72,0,81,100,0,100,181
05/09/2000,IFP,AZ,AWP,WE,Federal Contract Tower,1,2,2,0,5,0,8,80,0,88,1,10,82,0,93,26,0,26,119
05/10/2000,IFP,AZ,AWP,WE,Federal Contract Tower,2,4,2,0,8,0,7,81,0,88,2,11,83,0,96,60,0,60,156
05/11/2000,IFP,AZ,AWP,WE,Federal Contract Tower,4,7,3,0,14,1,4,66,0,71,5,11,69,0,85,18,0,18,103
05/12/2000,IFP,AZ,AWP,WE,Federal Contract Tower,1,3,0,0,4,0,6,88,0,94,1,9,88,0,98,16,0,16,114
05/13/2000,IFP,AZ,AWP,WE,Federal Contract Tower,1,4,2,0,7,0,0,104,0,104,1,4,106,0,111,14,0,14,125
05/14/2000,IFP,AZ,AWP,WE,Federal Contract Tower,3,4,2,0,9,1,0,108,0,109,4,4,110,0,118,16,0,16,134
05/15/2000,IFP,AZ,AWP,WE,Federal Contract Tower,1,3,0,0,4,0,6,55,0,61,1,9,55,0,65,0,0,0,65
05/16/2000,IFP,AZ,AWP,WE,Federal Contract Tower,1,4,2,0,7,0,4,64,0,68,1,8,66,0,75,44,0,44,119
05/17/2000,IFP,AZ,AWP,WE,Federal Contract Tower,1,4,1,0,6,1,4,93,0,98,2,8,94,0,104,76,0,76,180
05/18/2000,IFP,AZ,AWP,WE,Federal Contract Tower,3,6,1,0,10,1,5,94,0,100,4,11,95,0,110,46,0,46,156
05/19/2000,IFP,AZ,AWP,WE,Federal Contract Tower,2,4,1,0,7,1,6,150,0,157,3,10,151,0,164,82,0,82,246
05/20/2000,IFP,AZ,AWP,WE,Federal Contract Tower,1,3,0,0,4,0,1,113,0,114,1,4,113,0,118,18,0,18,136
05/21/2000,IFP,AZ,AWP,WE,Federal Contract Tower,2,5,1,0,8,1,1,157,0,159,3,6,158,0,167,44,0,44,211
05/22/2000,IFP,AZ,AWP,WE,Federal Contract Tower,1,4,1,0,6,0,5,67,0,72,1,9,68,0,78,66,0,66,144
05/23/2000,IFP,AZ,AWP,WE,Federal Contract Tower,2,4,1,0,7,0,6,89,0,95,2,10,90,0,102,48,0,48,150
05/24/2000,IFP,AZ,AWP,WE,Federal Contract Tower,1,4,1,0,6,0,8,76,0,84,1,12,77,0,90,50,0,50,140
05/25/2000,IFP,AZ,AWP,WE,Federal Contract Tower,3,9,2,0,14,0,4,78,0,82,3,13,80,0,96,44,0,44,140
05/26/2000,IFP,AZ,AWP,WE,Federal Contract Tower,1,4,1,0,6,0,5,89,0,94,1,9,90,0,100,32,0,32,132
05/27/2000,IFP,AZ,AWP,WE,Federal Contract Tower,1,3,0,0,4,0,5,90,0,95,1,8,90,0,99,40,0,40,139
05/28/2000,IFP,AZ,AWP,WE,Federal Contract Tower,2,2,1,0,5,3,0,83,0,86,5,2,84,0,91,17,0,17,108
05/29/2000,IFP,AZ,AWP,WE,Federal Contract Tower,2,2,1,0,5,0,0,106,0,106,2,2,107,0,111,32,0,32,143
05/30/2000,IFP,AZ,AWP,WE,Federal Contract Tower,1,4,1,0,6,0,8,60,0,68,1,12,61,0,74,36,0,36,110
05/31/2000,IFP,AZ,AWP,WE,Federal Contract Tower,1,3,0,0,4,0,9,45,0,54,1,12,45,0,58,56,0,56,114
06/01/2000,IFP,AZ,AWP,WE,Federal Contract Tower,2,5,3,0,10,0,5,60,0,65,2,10,63,0,75,82,0,82,157
06/02/2000,IFP,AZ,AWP,WE,Federal Contract Tower,3,4,3,0,10,0,8,82,0,90,3,12,85,0,100,59,0,59,159
06/03/2000,IFP,AZ,AWP,WE,Federal Contract Tower,1,3,1,0,5,0,5,62,0,67,1,8,63,0,72,24,0,24,96
06/04/2000,IFP,AZ,AWP,WE,Federal Contract Tower,3,5,2,0,10,0,1,109,0,110,3,6,111,0,120,35,0,35,155
06/05/2000,IFP,AZ,AWP,WE,Federal Contract Tower,3,6,3,1,13,1,4,53,1,59,4,10,56,2,72,92,4,96,168
06/06/2000,IFP,AZ,AWP,WE,Federal Contract Tower,0,3,1,1,5,0,7,62,2,71,0,10,63,3,76,99,2,101,177
06/07/2000,IFP,AZ,AWP,WE,Federal Contract Tower,3,7,1,1,12,1,6,71,0,78,4,13,72,1,90,68,0,68,158
06/08/2000,IFP,AZ,AWP,WE,Federal Contract Tower,4,9,2,0,15,4,3,64,0,71,8,12,66,0,86,65,0,65,151
06/09/2000,IFP,AZ,AWP,WE,Federal Contract Tower,3,7,2,1,13,0,2,82,1,85,3,9,84,2,98,57,0,57,155
06/10/2000,IFP,AZ,AWP,WE,Federal Contract Tower,2,4,2,0,8,0,4,84,1,89,2,8,86,1,97,30,0,30,127
06/11/2000,IFP,AZ,AWP,WE,Federal Contract Tower,3,7,2,0,12,1,0,118,0,119,4,7,120,0,131,66,0,66,197
06/12/2000,IFP,AZ,AWP,WE,Federal Contract Tower,1,6,1,0,8,0,4,83,0,87,1,10,84,0,95,42,0,42,137
06/13/2000,IFP,AZ,AWP,WE,Federal Contract Tower,0,5,0,0,5,0,6,79,0,85,0,11,79,0,90,84,0,84,174
06/14/2000,IFP,AZ,AWP,WE,Federal Contract Tower,2,8,2,0,12,0,5,63,0,68,2,13,65,0,80,71,0,71,151
06/15/2000,IFP,AZ,AWP,WE,Federal Contract Tower,2,8,3,0,13,1,4,89,3,97,3,12,92,3,110,39,0,39,149
06/16/2000,IFP,AZ,AWP,WE,Federal Contract Tower,0,5,1,0,6,0,9,84,2,95,0,14,85,2,101,30,0,30,131
06/17/2000,IFP,AZ,AWP,WE,Federal Contract Tower,1,6,3,0,10,1,2,72,0,75,2,8,75,0,85,88,0,88,173
06/18/2000,IFP,AZ,AWP,WE,Federal Contract Tower,2,6,2,0,10,0,0,101,0,101,2,6,103,0,111,38,0,38,149
06/19/2000,IFP,AZ,AWP,WE,Federal Contract Tower,1,8,3,0,12,0,3,71,2,76,1,11,74,2,88,16,4,20,108
06/20/2000,IFP,AZ,AWP,WE,Federal Contract Tower,0,6,3,0,9,0,10,80,0,90,0,16,83,0,99,38,0,38,137
06/21/2000,IFP,AZ,AWP,WE,Federal Contract Tower,1,5,2,0,8,1,6,81,1,89,2,11,83,1,97,84,0,84,181
06/22/2000,IFP,AZ,AWP,WE,Federal Contract Tower,1,6,3,0,10,2,7,50,1,60,3,13,53,1,70,25,0,25,95
06/23/2000,IFP,AZ,AWP,WE,Federal Contract Tower,0,6,2,0,8,0,3,82,0,85,0,9,84,0,93,46,0,46,139
06/24/2000,IFP,AZ,AWP,WE,Federal Contract Tower,1,7,2,0,10,0,0,90,0,90,1,7,92,0,100,34,0,34,134
06/25/2000,IFP,AZ,AWP,WE,Federal Contract Tower,1,6,3,0,10,2,0,103,0,105,3,6,106,0,115,20,0,20,135
06/26/2000,IFP,AZ,AWP,WE,Federal Contract Tower,0,5,1,0,6,0,5,71,0,76,0,10,72,0,82,37,0,37,119
06/27/2000,IFP,AZ,AWP,WE,Federal Contract Tower,0,5,2,0,7,0,8,67,0,75,0,13,69,0,82,24,0,24,106
06/28/2000,IFP,AZ,AWP,WE,Federal Contract Tower,1,6,3,0,10,1,3,52,2,58,2,9,55,2,68,44,0,44,112
06/29/2000,IFP,AZ,AWP,WE,Federal Contract Tower,2,7,2,0,11,1,5,49,0,55,3,12,51,0,66,11,0,11,77
06/30/2000,IFP,AZ,AWP,WE,Federal Contract Tower,0,5,2,0,7,0,10,51,0,61,0,15,53,0,68,24,0,24,92
07/01/2000,IFP,AZ,AWP,WE,Federal Contract Tower,1,5,1,0,7,0,2,51,0,53,1,7,52,0,60,36,0,36,96
07/02/2000,IFP,AZ,AWP,WE,Federal Contract Tower,1,4,2,0,7,2,0,58,0,60,3,4,60,0,67,54,0,54,121
07/03/2000,IFP,AZ,AWP,WE,Federal Contract Tower,0,1,0,0,1,0,6,62,0,68,0,7,62,0,69,33,0,33,102
07/04/2000,IFP,AZ,AWP,WE,Federal Contract Tower,0,3,0,0,3,0,1,59,0,60,0,4,59,0,63,0,0,0,63
07/05/2000,IFP,AZ,AWP,WE,Federal Contract Tower,0,4,2,0,6,1,7,42,0,50,1,11,44,0,56,2,0,2,58
07/06/2000,IFP,AZ,AWP,WE,Federal Contract Tower,2,6,3,0,11,0,7,50,0,57,2,13,53,0,68,0,0,0,68
07/07/2000,IFP,AZ,AWP,WE,Federal Contract Tower,0,5,1,0,6,1,5,59,0,65,1,10,60,0,71,40,0,40,111
07/08/2000,IFP,AZ,AWP,WE,Federal Contract Tower,2,5,1,0,8,0,2,73,0,75,2,7,74,0,83,21,0,21,104
07/09/2000,IFP,AZ,AWP,WE,Federal Contract Tower,2,6,2,0,10,0,0,65,0,65,2,6,67,0,75,28,0,28,103
07/10/2000,IFP,AZ,AWP,WE,Federal Contract Tower,2,6,2,0,10,0,6,60,0,66,2,12,62,0,76,22,0,22,98
07/11/2000,IFP,AZ,AWP,WE,Federal Contract Tower,0,5,2,0,7,0,3,60,2,65,0,8,62,2,72,34,4,38,110
07/12/2000,IFP,AZ,AWP,WE,Federal Contract Tower,2,7,2,0,11,0,3,57,0,60,2,10,59,0,71,14,0,14,85
07/13/2000,IFP,AZ,AWP,WE,Federal Contract Tower,2,7,3,0,12,0,7,61,2,70,2,14,64,2,82,40,13,53,135
07/14/2000,IFP,AZ,AWP,WE,Federal Contract Tower,2,6,1,0,9,0,4,47,0,51,2,10,48,0,60,26,0,26,86
07/15/2000,IFP,AZ,AWP,WE,Federal Contract Tower,1,6,2,0,9,0,0,77,0,77,1,6,79,0,86,4,0,4,90
07/16/2000,IFP,AZ,AWP,WE,Federal Contract Tower,0,4,2,0,6,2,0,117,0,119,2,4,119,0,125,42,0,42,167
07/17/2000,IFP,AZ,AWP,WE,Federal Contract Tower,0,7,1,0,8,0,5,67,0,72,0,12,68,0,80,46,0,46,126
07/18/2000,IFP,AZ,AWP,WE,Federal Contract Tower,0,6,1,0,7,0,7,74,0,81,0,13,75,0,88,64,0,64,152
07/19/2000,IFP,AZ,AWP,WE,Federal Contract Tower,0,4,2,0,6,1,5,66,0,72,1,9,68,0,78,64,0,64,142
07/20/2000,IFP,AZ,AWP,WE,Federal Contract Tower,2,10,2,0,14,0,3,48,2,53,2,13,50,2,67,24,6,30,97
07/21/2000,IFP,AZ,AWP,WE,Federal Contract Tower,0,5,2,0,7,0,5,51,0,56,0,10,53,0,63,10,0,10,73
07/22/2000,IFP,AZ,AWP,WE,Federal Contract Tower,0,4,2,0,6,0,4,81,0,85,0,8,83,0,91,46,0,46,137
07/23/2000,IFP,AZ,AWP,WE,Federal Contract Tower,2,6,1,0,9,1,0,95,0,96,3,6,96,0,105,46,0,46,151
07/24/2000,IFP,AZ,AWP,WE,Federal Contract Tower,0,6,1,0,7,0,9,55,0,64,0,15,56,0,71,32,0,32,103
07/25/2000,IFP,AZ,AWP,WE,Federal Contract Tower,0,8,2,0,10,0,4,57,0,61,0,12,59,0,71,60,0,60,131
07/26/2000,IFP,AZ,AWP,WE,Federal Contract Tower,0,8,1,0,9,0,6,63,2,71,0,14,64,2,80,69,8,77,157
07/27/2000,IFP,AZ,AWP,WE,Federal Contract Tower,2,8,2,0,12,2,6,81,0,89,4,14,83,0,101,96,0,96,197
07/28/2000,IFP,AZ,AWP,WE,Federal Contract Tower,0,5,2,0,7,1,3,78,0,82,1,8,80,0,89,91,0,91,180
07/29/2000,IFP,AZ,AWP,WE,Federal Contract Tower,0,5,2,0,7,1,1,63,0,65,1,6,65,0,72,48,0,48,120
07/30/2000,IFP,AZ,AWP,WE,Federal Contract Tower,1,6,2,0,9,1,0,84,0,85,2,6,86,0,94,8,0,8,102
07/31/2000,IFP,AZ,AWP,WE,Federal Contract Tower,1,6,2,0,9,0,6,76,0,82,1,12,78,0,91,71,0,71,162
08/01/2000,IFP,AZ,AWP,WE,Federal Contract Tower,0,5,1,0,6,0,5,60,0,65,0,10,61,0,71,39,0,39,110
08/02/2000,IFP,AZ,AWP,WE,Federal Contract Tower,1,5,2,0,8,0,7,54,0,61,1,12,56,0,69,36,0,36,105
08/03/2000,IFP,AZ,AWP,WE,Federal Contract Tower,3,7,3,1,14,0,4,64,1,69,3,11,67,2,83,37,0,37,120
08/04/2000,IFP,AZ,AWP,WE,Federal Contract Tower,0,4,2,0,6,0,9,49,0,58,0,13,51,0,64,64,0,64,128
08/05/2000,IFP,AZ,AWP,WE,Federal Contract Tower,1,4,2,0,7,0,3,78,0,81,1,7,80,0,88,58,0,58,146
08/06/2000,IFP,AZ,AWP,WE,Federal Contract Tower,2,4,2,1,9,1,2,69,0,72,3,6,71,1,81,6,0,6,87
08/07/2000,IFP,AZ,AWP,WE,Federal Contract Tower,0,7,1,1,9,0,4,50,2,56,0,11,51,3,65,42,0,42,107
08/08/2000,IFP,AZ,AWP,WE,Federal Contract Tower,0,5,2,0,7,0,6,39,2,47,0,11,41,2,54,30,0,30,84
08/09/2000,IFP,AZ,AWP,WE,Federal Contract Tower,1,8,3,0,12,0,4,39,4,47,1,12,42,4,59,69,4,73,132
08/10/2000,IFP,AZ,AWP,WE,Federal Contract Tower,2,6,2,0,10,1,5,49,0,55,3,11,51,0,65,20,0,20,85
08/11/2000,IFP,AZ,AWP,WE,Federal Contract Tower,1,5,1,0,7,0,4,53,1,58,1,9,54,1,65,0,0,0,65
08/12/2000,IFP,AZ,AWP,WE,Federal Contract Tower,2,5,2,0,9,0,1,59,0,60,2,6,61,0,69,14,0,14,83
08/13/2000,IFP,AZ,AWP,WE,Federal Contract Tower,2,6,2,0,10,1,0,59,2,62,3,6,61,2,72,2,0,2,74
08/14/2000,IFP,AZ,AWP,WE,Federal Contract Tower,0,5,2,0,7,1,2,49,2,54,1,7,51,2,61,6,0,6,67
08/15/2000,IFP,AZ,AWP,WE,Federal Contract Tower,0,4,2,0,6,0,8,64,0,72,0,12,66,0,78,48,0,48,126
08/16/2000,IFP,AZ,AWP,WE,Federal Contract Tower,1,6,2,0,9,0,7,56,0,63,1,13,58,0,72,24,0,24,96
08/17/2000,IFP,AZ,AWP,WE,Federal Contract Tower,2,8,2,0,12,0,2,54,1,57,2,10,56,1,69,13,0,13,82
08/18/2000,IFP,AZ,AWP,WE,Federal Contract Tower,0,6,0,0,6,0,2,68,1,71,0,8,68,1,77,14,0,14,91
08/19/2000,IFP,AZ,AWP,WE,Federal Contract Tower,0,5,2,0,7,1,1,48,0,50,1,6,50,0,57,20,0,20,77
08/20/2000,IFP,AZ,AWP,WE,Federal Contract Tower,2,5,1,0,8,1,0,58,0,59,3,5,59,0,67,10,0,10,77
08/21/2000,IFP,AZ,AWP,WE,Federal Contract Tower,1,7,2,0,10,0,3,52,0,55,1,10,54,0,65,36,0,36,101
08/22/2000,IFP,AZ,AWP,WE,Federal Contract Tower,0,5,2,0,7,0,11,54,0,65,0,16,56,0,72,72,0,72,144
08/23/2000,IFP,AZ,AWP,WE,Federal Contract Tower,1,7,2,0,10,1,6,58,0,65,2,13,60,0,75,62,0,62,137
08/24/2000,IFP,AZ,AWP,WE,Federal Contract Tower,1,7,2,0,10,2,7,52,0,61,3,14,54,0,71,42,0,42,113
08/25/2000,IFP,AZ,AWP,WE,Federal Contract Tower,1,7,2,0,10,0,1,57,0,58,1,8,59,0,68,52,0,52,120
08/26/2000,IFP,AZ,AWP,WE,Federal Contract Tower,1,6,1,0,8,1,2,62,1,66,2,8,63,1,74,50,0,50,124
08/27/2000,IFP,AZ,AWP,WE,Federal Contract Tower,1,6,2,0,9,2,0,52,0,54,3,6,54,0,63,50,0,50,113
08/28/2000,IFP,AZ,AWP,WE,Federal Contract Tower,0,4,2,0,6,0,6,68,0,74,0,10,70,0,80,24,0,24,104
08/29/2000,IFP,AZ,AWP,WE,Federal Contract Tower,0,10,3,0,13,0,0,24,2,26,0,10,27,2,39,43,0,43,82
08/30/2000,IFP,AZ,AWP,WE,Federal Contract Tower,2,11,3,0,16,0,0,55,0,55,2,11,58,0,71,39,0,39,110
08/31/2000,IFP,AZ,AWP,WE,Federal Contract Tower,1,6,2,0,9,1,8,57,0,66,2,14,59,0,75,46,0,46,121
09/01/2000,IFP,AZ,AWP,WE,Federal Contract Tower,1,5,3,0,9,0,4,60,0,64,1,9,63,0,73,16,0,16,89
09/02/2000,IFP,AZ,AWP,WE,Federal Contract Tower,1,2,3,0,6,0,5,67,0,72,1,7,70,0,78,10,0,10,88
09/03/2000,IFP,AZ,AWP,WE,Federal Contract Tower,2,4,2,0,8,0,1,104,0,105,2,5,106,0,113,32,0,32,145
09/04/2000,IFP,AZ,AWP,WE,Federal Contract Tower,1,5,3,0,9,0,1,112,0,113,1,6,115,0,122,36,0,36,158
09/05/2000,IFP,AZ,AWP,WE,Federal Contract Tower,0,5,4,0,9,0,9,73,0,82,0,14,77,0,91,94,0,94,185
09/06/2000,IFP,AZ,AWP,WE,Federal Contract Tower,0,4,3,0,7,0,6,63,0,69,0,10,66,0,76,27,0,27,103
09/07/2000,IFP,AZ,AWP,WE,Federal Contract Tower,2,4,1,0,7,0,6,50,0,56,2,10,51,0,63,22,0,22,85
09/08/2000,IFP,AZ,AWP,WE,Federal Contract Tower,0,3,3,0,6,0,6,80,0,86,0,9,83,0,92,128,0,128,220
09/09/2000,IFP,AZ,AWP,WE,Federal Contract Tower,1,5,2,0,8,0,1,84,0,85,1,6,86,0,93,100,0,100,193
09/10/2000,IFP,AZ,AWP,WE,Federal Contract Tower,2,4,2,0,8,1,0,122,0,123,3,4,124,0,131,56,0,56,187
09/11/2000,IFP,AZ,AWP,WE,Federal Contract Tower,0,4,2,0,6,2,5,60,0,67,2,9,62,0,73,36,0,36,109
09/12/2000,IFP,AZ,AWP,WE,Federal Contract Tower,0,3,1,0,4,0,7,79,0,86,0,10,80,0,90,57,0,57,147
09/13/2000,IFP,AZ,AWP,WE,Federal Contract Tower,0,3,1,0,4,0,7,61,0,68,0,10,62,0,72,63,0,63,135
09/14/2000,IFP,AZ,AWP,WE,Federal Contract Tower,1,7,4,0,12,2,2,81,0,85,3,9,85,0,97,124,0,124,221
09/15/2000,IFP,AZ,AWP,WE,Federal Contract Tower,1,6,2,0,9,1,0,94,0,95,2,6,96,0,104,45,0,45,149
09/16/2000,IFP,AZ,AWP,WE,Federal Contract Tower,0,3,2,0,5,1,3,66,0,70,1,6,68,0,75,62,0,62,137
09/17/2000,IFP,AZ,AWP,WE,Federal Contract Tower,1,4,2,0,7,2,0,81,0,83,3,4,83,0,90,10,0,10,100
09/18/2000,IFP,AZ,AWP,WE,Federal Contract Tower,0,3,1,0,4,0,6,62,0,68,0,9,63,0,72,13,0,13,85
09/19/2000,IFP,AZ,AWP,WE,Federal Contract Tower,0,3,2,0,5,1,8,89,0,98,1,11,91,0,103,80,0,80,183
09/20/2000,IFP,AZ,AWP,WE,Federal Contract Tower,1,6,2,0,9,0,4,77,0,81,1,10,79,0,90,45,0,45,135
09/21/2000,IFP,AZ,AWP,WE,Federal Contract Tower,1,6,3,0,10,2,5,56,0,63,3,11,59,0,73,39,0,39,112
09/22/2000,IFP,AZ,AWP,WE,Federal Contract Tower,0,4,2,0,6,0,6,54,0,60,0,10,56,0,66,22,0,22,88
09/23/2000,IFP,AZ,AWP,WE,Federal Contract Tower,0,5,2,0,7,0,0,79,0,79,0,5,81,0,86,45,0,45,131
09/24/2000,IFP,AZ,AWP,WE,Federal Contract Tower,1,4,4,0,9,2,0,65,0,67,3,4,69,0,76,20,0,20,96
09/25/2000,IFP,AZ,AWP,WE,Federal Contract Tower,0,4,2,0,6,0,6,75,0,81,0,10,77,0,87,44,0,44,131
09/26/2000,IFP,AZ,AWP,WE,Federal Contract Tower,0,7,4,0,11,0,4,58,0,62,0,11,62,0,73,36,0,36,109
09/27/2000,IFP,AZ,AWP,WE,Federal Contract Tower,1,6,2,0,9,0,2,64,0,66,1,8,66,0,75,68,0,68,143
09/28/2000,IFP,AZ,AWP,WE,Federal Contract Tower,1,5,2,0,8,3,7,99,0,109,4,12,101,0,117,38,0,38,155
09/29/2000,IFP,AZ,AWP,WE,Federal Contract Tower,0,3,2,0,5,0,7,86,0,93,0,10,88,0,98,13,0,13,111
09/30/2000,IFP,AZ,AWP,WE,Federal Contract Tower,1,5,2,0,8,0,0,82,0,82,1,5,84,0,90,26,0,26,116
10/01/2000,IFP,AZ,AWP,WE,Federal Contract Tower,2,4,3,0,9,1,0,103,0,104,3,4,106,0,113,18,0,18,131
10/02/2000,IFP,AZ,AWP,WE,Federal Contract Tower,1,3,4,0,8,0,6,68,0,74,1,9,72,0,82,74,0,74,156
10/03/2000,IFP,AZ,AWP,WE,Federal Contract Tower,0,3,4,1,8,1,6,64,1,72,1,9,68,2,80,42,0,42,122
10/04/2000,IFP,AZ,AWP,WE,Federal Contract Tower,2,2,3,0,7,0,10,76,0,86,2,12,79,0,93,110,0,110,203
10/05/2000,IFP,AZ,AWP,WE,Federal Contract Tower,0,3,3,0,6,3,7,76,0,86,3,10,79,0,92,51,0,51,143
10/06/2000,IFP,AZ,AWP,WE,Federal Contract Tower,0,4,3,0,7,2,4,70,0,76,2,8,73,0,83,26,0,26,109
10/07/2000,IFP,AZ,AWP,WE,Federal Contract Tower,2,4,5,0,11,0,0,92,0,92,2,4,97,0,103,38,0,38,141
10/08/2000,IFP,AZ,AWP,WE,Federal Contract Tower,0,4,1,0,5,0,0,103,0,103,0,4,104,0,108,22,0,22,130
10/09/2000,IFP,AZ,AWP,WE,Federal Contract Tower,0,2,2,0,4,1,5,61,0,67,1,7,63,0,71,26,0,26,97
10/10/2000,IFP,AZ,AWP,WE,Federal Contract Tower,1,5,5,0,11,0,7,63,0,70,1,12,68,0,81,78,0,78,159
10/11/2000,IFP,AZ,AWP,WE,Federal Contract Tower,0,4,3,0,7,1,7,83,1,92,1,11,86,1,99,114,0,114,213
10/12/2000,IFP,AZ,AWP,WE,Federal Contract Tower,0,4,4,0,8,0,7,84,0,91,0,11,88,0,99,90,0,90,189
10/13/2000,IFP,AZ,AWP,WE,Federal Contract Tower,0,4,4,0,8,0,7,106,0,113,0,11,110,0,121,58,0,58,179
10/14/2000,IFP,AZ,AWP,WE,Federal Contract Tower,0,4,3,0,7,1,0,135,0,136,1,4,138,0,143,70,0,70,213
10/15/2000,IFP,AZ,AWP,WE,Federal Contract Tower,0,4,4,0,8,2,0,174,0,176,2,4,178,0,184,52,0,52,236
10/16/2000,IFP,AZ,AWP,WE,Federal Contract Tower,2,4,3,0,9,0,5,85,2,92,2,9,88,2,101,38,2,40,141
10/17/2000,IFP,AZ,AWP,WE,Federal Contract Tower,0,4,4,0,8,1,5,92,2,100,1,9,96,2,108,93,4,97,205
10/18/2000,IFP,AZ,AWP,WE,Federal Contract Tower,1,5,5,0,11,0,5,79,0,84,1,10,84,0,95,82,0,82,177
10/19/2000,IFP,AZ,AWP,WE,Federal Contract Tower,0,4,4,0,8,1,6,88,0,95,1,10,92,0,103,48,0,48,151
10/20/2000,IFP,AZ,AWP,WE,Federal Contract Tower,2,4,3,0,9,0,4,81,0,85,2,8,84,0,94,12,0,12,106
10/21/2000,IFP,AZ,AWP,WE,Federal Contract Tower,0,3,2,0,5,1,0,73,0,74,1,3,75,0,79,28,0,28,107
10/22/2000,IFP,AZ,AWP,WE,Federal Contract Tower,0,2,3,0,5,6,0,34,0,40,6,2,37,0,45,0,0,0,45
10/23/2000,IFP,AZ,AWP,WE,Federal Contract Tower,0,6,9,0,15,0,0,59,0,59,0,6,68,0,74,102,0,102,176
10/24/2000,IFP,AZ,AWP,WE,Federal Contract Tower,1,4,4,0,9,0,4,66,0,70,1,8,70,0,79,30,0,30,109
10/25/2000,IFP,AZ,AWP,WE,Federal Contract Tower,0,4,3,0,7,0,6,73,3,82,0,10,76,3,89,49,4,53,142
10/26/2000,IFP,AZ,AWP,WE,Federal Contract Tower,0,4,4,0,8,1,9,50,0,60,1,13,54,0,68,37,0,37,105
10/27/2000,IFP,AZ,AWP,WE,Federal Contract Tower,0,4,3,0,7,1,2,45,1,49,1,6,48,1,56,18,0,18,74
10/28/2000,IFP,AZ,AWP,WE,Federal Contract Tower,0,4,3,0,7,3,1,57,1,62,3,5,60,1,69,43,0,43,112
10/29/2000,IFP,AZ,AWP,WE,Federal Contract Tower,1,2,4,0,7,0,0,55,0,55,1,2,59,0,62,16,0,16,78
10/30/2000,IFP,AZ,AWP,WE,Federal Contract Tower,2,4,3,0,9,1,8,47,2,58,3,12,50,2,67,72,0,72,139
10/31/2000,IFP,AZ,AWP,WE,Federal Contract Tower,0,3,2,0,5,0,8,67,0,75,0,11,69,0,80,68,0,68,148
11/01/2000,IFP,AZ,AWP,WE,Federal Contract Tower,1,3,3,0,7,0,9,74,3,86,1,12,77,3,93,16,0,16,109
11/02/2000,IFP,AZ,AWP,WE,Federal Contract Tower,1,1,3,0,5,0,6,64,1,71,1,7,67,1,76,77,0,77,153
11/03/2000,IFP,AZ,AWP,WE,Federal Contract Tower,1,2,2,0,5,0,7,66,0,73,1,9,68,0,78,22,0,22,100
11/04/2000,IFP,AZ,AWP,WE,Federal Contract Tower,1,2,4,0,7,0,1,64,0,65,1,3,68,0,72,60,0,60,132
11/05/2000,IFP,AZ,AWP,WE,Federal Contract Tower,1,3,2,0,6,0,0,106,0,106,1,3,108,0,112,36,0,36,148
11/06/2000,IFP,AZ,AWP,WE,Federal Contract Tower,0,1,2,0,3,1,8,56,0,65,1,9,58,0,68,52,0,52,120
11/07/2000,IFP,AZ,AWP,WE,Federal Contract Tower,0,3,2,0,5,0,7,80,0,87,0,10,82,0,92,22,0,22,114
11/08/2000,IFP,AZ,AWP,WE,Federal Contract Tower,0,2,2,0,4,1,6,103,0,110,1,8,105,0,114,94,0,94,208
11/09/2000,IFP,AZ,AWP,WE,Federal Contract Tower,2,3,3,0,8,0,6,84,0,90,2,9,87,0,98,81,0,81,179
11/10/2000,IFP,AZ,AWP,WE,Federal Contract Tower,2,3,3,0,8,0,5,68,0,73,2,8,71,0,81,98,0,98,179
11/11/2000,IFP,AZ,AWP,WE,Federal Contract Tower,1,3,3,0,7,0,1,99,2,102,1,4,102,2,109,56,0,56,165
11/12/2000,IFP,AZ,AWP,WE,Federal Contract Tower,0,3,3,0,6,1,0,90,1,92,1,3,93,1,98,24,0,24,122
11/13/2000,IFP,AZ,AWP,WE,Federal Contract Tower,1,3,3,0,7,0,9,91,1,101,1,12,94,1,108,114,0,114,222
11/14/2000,IFP,AZ,AWP,WE,Federal Contract Tower,0,3,2,0,5,0,9,77,1,87,0,12,79,1,92,62,0,62,154
11/15/2000,IFP,AZ,AWP,WE,Federal Contract Tower,0,3,2,0,5,1,7,92,0,100,1,10,94,0,105,72,0,72,177
11/16/2000,IFP,AZ,AWP,WE,Federal Contract Tower,0,3,2,0,5,1,8,81,0,90,1,11,83,0,95,50,0,50,145
11/17/2000,IFP,AZ,AWP,WE,Federal Contract Tower,1,3,2,0,6,0,8,77,2,87,1,11,79,2,93,31,0,31,124
11/18/2000,IFP,AZ,AWP,WE,Federal Contract Tower,0,2,3,0,5,0,0,86,0,86,0,2,89,0,91,40,0,40,131
11/19/2000,IFP,AZ,AWP,WE,Federal Contract Tower,1,3,4,0,8,0,0,139,0,139,1,3,143,0,147,12,0,12,159
11/20/2000,IFP,AZ,AWP,WE,Federal Contract Tower,1,4,4,0,9,0,13,50,0,63,1,17,54,0,72,28,0,28,100
11/21/2000,IFP,AZ,AWP,WE,Federal Contract Tower,1,4,2,0,7,0,12,67,0,79,1,16,69,0,86,24,0,24,110
11/22/2000,IFP,AZ,AWP,WE,Federal Contract Tower,0,3,2,0,5,1,6,93,0,100,1,9,95,0,105,52,0,52,157
11/23/2000,IFP,AZ,AWP,WE,Federal Contract Tower,0,2,2,0,4,1,0,72,0,73,1,2,74,0,77,4,0,4,81
11/24/2000,IFP,AZ,AWP,WE,Federal Contract Tower,0,2,1,0,3,1,8,90,0,99,1,10,91,0,102,2,0,2,104
11/25/2000,IFP,AZ,AWP,WE,Federal Contract Tower,0,3,3,0,6,1,1,86,0,88,1,4,89,0,94,4,0,4,98
11/26/2000,IFP,AZ,AWP,WE,Federal Contract Tower,0,0,1,0,1,1,0,108,1,110,1,0,109,1,111,0,0,0,111
11/27/2000,IFP,AZ,AWP,WE,Federal Contract Tower,0,3,2,0,5,1,6,52,1,60,1,9,54,1,65,22,0,22,87
11/28/2000,IFP,AZ,AWP,WE,Federal Contract Tower,0,5,5,0,10,0,9,57,0,66,0,14,62,0,76,36,0,36,112
11/29/2000,IFP,AZ,AWP,WE,Federal Contract Tower,0,3,3,0,6,1,6,86,0,93,1,9,89,0,99,116,0,116,215
11/30/2000,IFP,AZ,AWP,WE,Federal Contract Tower,1,5,5,0,11,2,5,93,0,100,3,10,98,0,111,90,0,90,201
12/01/2000,IFP,AZ,AWP,WE,Federal Contract Tower,1,2,3,0,6,0,11,79,2,92,1,13,82,2,98,18,0,18,116
12/02/2000,IFP,AZ,AWP,WE,Federal Contract Tower,0,3,3,0,6,2,0,84,0,86,2,3,87,0,92,24,0,24,116
12/03/2000,IFP,AZ,AWP,WE,Federal Contract Tower,0,2,3,0,5,3,1,111,0,115,3,3,114,0,120,45,0,45,165
12/04/2000,IFP,AZ,AWP,WE,Federal Contract Tower,0,3,2,1,6,3,7,67,1,78,3,10,69,2,84,98,0,98,182
12/05/2000,IFP,AZ,AWP,WE,Federal Contract Tower,0,3,0,0,3,0,17,65,0,82,0,20,65,0,85,42,0,42,127
12/06/2000,IFP,AZ,AWP,WE,Federal Contract Tower,2,5,2,0,9,0,13,98,0,111,2,18,100,0,120,114,0,114,234
12/07/2000,IFP,AZ,AWP,WE,Federal Contract Tower,0,3,3,0,6,1,6,73,0,80,1,9,76,0,86,74,0,74,160
12/08/2000,IFP,AZ,AWP,WE,Federal Contract Tower,0,3,2,0,5,1,9,97,1,108,1,12,99,1,113,74,0,74,187
12/09/2000,IFP,AZ,AWP,WE,Federal Contract Tower,2,3,1,0,6,0,2,79,0,81,2,5,80,0,87,49,0,49,136
12/10/2000,IFP,AZ,AWP,WE,Federal Contract Tower,0,2,3,0,5,2,0,80,0,82,2,2,83,0,87,54,0,54,141
12/11/2000,IFP,AZ,AWP,WE,Federal Contract Tower,1,3,1,0,5,0,6,83,5,94,1,9,84,5,99,38,0,38,137
12/12/2000,IFP,AZ,AWP,WE,Federal Contract Tower,0,3,3,0,6,1,7,51,2,61,1,10,54,2,67,65,0,65,132
12/13/2000,IFP,AZ,AWP,WE,Federal Contract Tower,1,5,2,0,8,0,8,67,2,77,1,13,69,2,85,54,2,56,141
12/14/2000,IFP,AZ,AWP,WE,Federal Contract Tower,0,4,3,0,7,1,7,79,2,89,1,11,82,2,96,34,14,48,144
12/15/2000,IFP,AZ,AWP,WE,Federal Contract Tower,0,2,2,0,4,1,12,85,7,105,1,14,87,7,109,84,0,84,193
12/16/2000,IFP,AZ,AWP,WE,Federal Contract Tower,0,3,3,0,6,0,2,78,1,81,0,5,81,1,87,22,0,22,109
12/17/2000,IFP,AZ,AWP,WE,Federal Contract Tower,0,3,3,0,6,1,0,103,0,104,1,3,106,0,110,66,0,66,176
12/18/2000,IFP,AZ,AWP,WE,Federal Contract Tower,0,3,2,0,5,1,7,43,0,51,1,10,45,0,56,53,0,53,109
12/19/2000,IFP,AZ,AWP,WE,Federal Contract Tower,0,4,3,0,7,0,8,77,2,87,0,12,80,2,94,52,0,52,146
12/20/2000,IFP,AZ,AWP,WE,Federal Contract Tower,0,2,1,0,3,0,10,77,10,97,0,12,78,10,100,52,0,52,152
12/21/2000,IFP,AZ,AWP,WE,Federal Contract Tower,0,2,2,0,4,0,13,70,0,83,0,15,72,0,87,14,0,14,101
12/22/2000,IFP,AZ,AWP,WE,Federal Contract Tower,0,2,2,0,4,0,7,63,3,73,0,9,65,3,77,14,0,14,91
12/23/2000,IFP,AZ,AWP,WE,Federal Contract Tower,0,2,2,0,4,0,5,63,0,68,0,7,65,0,72,6,0,6,78
12/24/2000,IFP,AZ,AWP,WE,Federal Contract Tower,0,2,1,0,3,0,1,40,0,41,0,3,41,0,44,2,0,2,46
12/25/2000,IFP,AZ,AWP,WE,Federal Contract Tower,0,2,2,0,4,0,0,16,0,16,0,2,18,0,20,0,0,0,20
12/26/2000,IFP,AZ,AWP,WE,Federal Contract Tower,0,4,3,0,7,0,8,44,0,52,0,12,47,0,59,0,0,0,59
12/27/2000,IFP,AZ,AWP,WE,Federal Contract Tower,1,3,1,0,5,0,9,89,2,100,1,12,90,2,105,12,0,12,117
12/28/2000,IFP,AZ,AWP,WE,Federal Contract Tower,0,2,1,0,3,0,9,102,0,111,0,11,103,0,114,8,0,8,122
12/29/2000,IFP,AZ,AWP,WE,Federal Contract Tower,0,3,3,0,6,0,6,126,2,134,0,9,129,2,140,44,0,44,184
12/30/2000,IFP,AZ,AWP,WE,Federal Contract Tower,0,3,2,0,5,0,2,162,0,164,0,5,164,0,169,26,0,26,195
12/31/2000,IFP,AZ,AWP,WE,Federal Contract Tower,0,3,3,0,6,0,0,79,0,79,0,3,82,0,85,0,0,0,85
01/01/2001,IFP,AZ,AWP,WE,Federal Contract Tower,0,2,4,0,6,0,2,116,0,118,0,4,120,0,124,0,0,0,124
01/02/2001,IFP,AZ,AWP,WE,Federal Contract Tower,2,1,1,0,4,0,9,48,0,57,2,10,49,0,61,56,0,56,117
01/03/2001,IFP,AZ,AWP,WE,Federal Contract Tower,0,2,0,0,2,0,7,56,0,63,0,9,56,0,65,44,0,44,109
01/04/2001,IFP,AZ,AWP,WE,Federal Contract Tower,0,2,1,0,3,0,10,81,0,91,0,12,82,0,94,46,0,46,140
01/05/2001,IFP,AZ,AWP,WE,Federal Contract Tower,0,2,1,0,3,0,5,84,0,89,0,7,85,0,92,50,0,50,142
01/06/2001,IFP,AZ,AWP,WE,Federal Contract Tower,0,2,1,0,3,0,3,106,0,109,0,5,107,0,112,48,0,48,160
01/07/2001,IFP,AZ,AWP,WE,Federal Contract Tower,0,2,1,0,3,0,1,99,2,102,0,3,100,2,105,12,0,12,117
01/08/2001,IFP,AZ,AWP,WE,Federal Contract Tower,0,2,2,0,4,0,8,71,0,79,0,10,73,0,83,76,0,76,159
01/09/2001,IFP,AZ,AWP,WE,Federal Contract Tower,0,2,2,0,4,0,11,63,0,74,0,13,65,0,78,43,0,43,121
01/10/2001,IFP,AZ,AWP,WE,Federal Contract Tower,2,4,3,0,9,0,5,80,0,85,2,9,83,0,94,86,0,86,180
01/11/2001,IFP,AZ,AWP,WE,Federal Contract Tower,0,5,4,0,9,0,4,34,0,38,0,9,38,0,47,20,0,20,67
01/12/2001,IFP,AZ,AWP,WE,Federal Contract Tower,6,6,7,0,19,0,4,58,0,62,6,10,65,0,81,114,0,114,195
01/13/2001,IFP,AZ,AWP,WE,Federal Contract Tower,2,4,5,0,11,0,1,97,0,98,2,5,102,0,109,102,0,102,211
01/14/2001,IFP,AZ,AWP,WE,Federal Contract Tower,3,3,4,0,10,3,0,81,0,84,6,3,85,0,94,50,0,50,144
01/15/2001,IFP,AZ,AWP,WE,Federal Contract Tower,4,5,5,0,14,3,4,77,0,84,7,9,82,0,98,98,0,98,196
01/16/2001,IFP,AZ,AWP,WE,Federal Contract Tower,0,1,2,0,3,0,9,54,0,63,0,10,56,0,66,40,0,40,106
01/17/2001,IFP,AZ,AWP,WE,Federal Contract Tower,3,3,4,0,10,6,3,57,0,66,9,6,61,0,76,38,0,38,114
01/18/2001,IFP,AZ,AWP,WE,Federal Contract Tower,0,2,2,0,4,0,9,83,0,92,0,11,85,0,96,22,0,22,118
01/19/2001,IFP,AZ,AWP,WE,Federal Contract Tower,5,6,6,0,17,2,2,92,0,96,7,8,98,0,113,68,0,68,181
01/20/2001,IFP,AZ,AWP,WE,Federal Contract Tower,1,2,2,0,5,1,4,129,0,134,2,6,131,0,139,40,0,40,179
01/21/2001,IFP,AZ,AWP,WE,Federal Contract Tower,3,2,4,0,9,5,0,138,0,143,8,2,142,0,152,12,0,12,164
01/22/2001,IFP,AZ,AWP,WE,Federal Contract Tower,3,3,4,0,10,4,7,53,0,64,7,10,57,0,74,12,0,12,86
01/23/2001,IFP,AZ,AWP,WE,Federal Contract Tower,0,2,3,0,5,0,10,86,0,96,0,12,89,0,101,70,0,70,171
01/24/2001,IFP,AZ,AWP,WE,Federal Contract Tower,4,5,5,0,14,3,7,86,0,96,7,12,91,0,110,66,0,66,176
01/25/2001,IFP,AZ,AWP,WE,Federal Contract Tower,2,3,3,0,8,1,8,80,0,89,3,11,83,0,97,49,0,49,146
01/26/2001,IFP,AZ,AWP,WE,Federal Contract Tower,4,5,5,0,14,5,1,70,0,76,9,6,75,0,90,60,0,60,150
01/27/2001,IFP,AZ,AWP,WE,Federal Contract Tower,1,5,5,0,11,0,3,17,0,20,1,8,22,0,31,28,0,28,59
01/28/2001,IFP,AZ,AWP,WE,Federal Contract Tower,3,2,5,0,10,3,0,53,0,56,6,2,58,0,66,36,0,36,102
01/29/2001,IFP,AZ,AWP,WE,Federal Contract Tower,4,6,6,0,16,3,5,86,0,94,7,11,92,0,110,28,0,28,138
01/30/2001,IFP,AZ,AWP,WE,Federal Contract Tower,2,3,4,0,9,0,8,78,2,88,2,11,82,2,97,70,6,76,173
01/31/2001,IFP,AZ,AWP,WE,Federal Contract Tower,3,3,4,0,10,4,7,77,1,89,7,10,81,1,99,30,0,30,129
02/01/2001,IFP,AZ,AWP,WE,Federal Contract Tower,0,1,2,0,3,0,10,71,0,81,0,11,73,0,84,22,0,22,106
02/02/2001,IFP,AZ,AWP,WE,Federal Contract Tower,3,4,4,0,11,3,6,92,0,101,6,10,96,0,112,59,0,59,171
02/03/2001,IFP,AZ,AWP,WE,Federal Contract Tower,1,2,2,0,5,0,4,145,0,149,1,6,147,0,154,56,0,56,210
02/04/2001,IFP,AZ,AWP,WE,Federal Contract Tower,4,3,3,0,10,3,0,124,0,127,7,3,127,0,137,20,0,20,157
02/05/2001,IFP,AZ,AWP,WE,Federal Contract Tower,3,4,3,0,10,3,5,77,0,85,6,9,80,0,95,16,0,16,111
02/06/2001,IFP,AZ,AWP,WE,Federal Contract Tower,0,2,1,0,3,0,8,77,2,87,0,10,78,2,90,89,0,89,179
02/07/2001,IFP,AZ,AWP,WE,Federal Contract Tower,5,4,4,0,13,2,6,71,0,79,7,10,75,0,92,68,0,68,160
02/08/2001,IFP,AZ,AWP,WE,Federal Contract Tower,2,3,3,0,8,0,8,74,2,84,2,11,77,2,92,54,0,54,146
02/09/2001,IFP,AZ,AWP,WE,Federal Contract Tower,4,4,3,0,11,4,2,77,0,83,8,6,80,0,94,60,0,60,154
02/10/2001,IFP,AZ,AWP,WE,Federal Contract Tower,1,2,2,0,5,0,2,84,0,86,1,4,86,0,91,76,0,76,167
02/11/2001,IFP,AZ,AWP,WE,Federal Contract Tower,4,3,3,0,10,4,0,83,0,87,8,3,86,0,97,12,0,12,109
02/12/2001,IFP,AZ,AWP,WE,Federal Contract Tower,6,6,6,0,18,2,4,61,0,67,8,10,67,0,85,22,0,22,107
02/13/2001,IFP,AZ,AWP,WE,Federal Contract Tower,5,7,6,0,18,0,1,33,0,34,5,8,39,0,52,70,0,70,122
02/14/2001,IFP,AZ,AWP,WE,Federal Contract Tower,2,2,2,0,6,0,4,58,4,66,2,6,60,4,72,96,8,104,176
02/15/2001,IFP,AZ,AWP,WE,Federal Contract Tower,3,3,3,0,9,0,7,96,2,105,3,10,99,2,114,71,0,71,185
02/16/2001,IFP,AZ,AWP,WE,Federal Contract Tower,7,5,5,0,17,3,5,99,0,107,10,10,104,0,124,56,0,56,180
02/17/2001,IFP,AZ,AWP,WE,Federal Contract Tower,1,2,3,0,6,0,1,111,0,112,1,3,114,0,118,82,0,82,200
02/18/2001,IFP,AZ,AWP,WE,Federal Contract Tower,4,2,3,0,9,2,0,102,0,104,6,2,105,0,113,28,0,28,141
02/19/2001,IFP,AZ,AWP,WE,Federal Contract Tower,6,3,4,0,13,1,8,92,0,101,7,11,96,0,114,34,0,34,148
02/20/2001,IFP,AZ,AWP,WE,Federal Contract Tower,5,3,4,0,12,0,6,80,0,86,5,9,84,0,98,90,0,90,188
02/21/2001,IFP,AZ,AWP,WE,Federal Contract Tower,5,3,3,0,11,1,9,60,31,101,6,12,63,31,112,22,0,22,134
02/22/2001,IFP,AZ,AWP,WE,Federal Contract Tower,4,4,5,0,13,0,5,61,11,77,4,9,66,11,90,55,0,55,145
02/23/2001,IFP,AZ,AWP,WE,Federal Contract Tower,5,3,4,0,12,2,5,93,0,100,7,8,97,0,112,64,0,64,176
02/24/2001,IFP,AZ,AWP,WE,Federal Contract Tower,1,2,2,0,5,0,2,94,0,96,1,4,96,0,101,56,0,56,157
02/25/2001,IFP,AZ,AWP,WE,Federal Contract Tower,7,3,6,0,16,0,0,56,0,56,7,3,62,0,72,51,0,51,123
02/26/2001,IFP,AZ,AWP,WE,Federal Contract Tower,7,6,7,0,20,0,5,41,2,48,7,11,48,2,68,74,0,74,142
02/27/2001,IFP,AZ,AWP,WE,Federal Contract Tower,5,3,3,0,11,0,9,62,0,71,5,12,65,0,82,88,0,88,170
02/28/2001,IFP,AZ,AWP,WE,Federal Contract Tower,5,5,6,0,16,0,6,20,0,26,5,11,26,0,42,26,0,26,68
03/01/2001,IFP,AZ,AWP,WE,Federal Contract Tower,2,1,3,0,6,0,10,54,0,64,2,11,57,0,70,31,0,31,101
03/02/2001,IFP,AZ,AWP,WE,Federal Contract Tower,5,5,5,0,15,0,6,105,0,111,5,11,110,0,126,95,0,95,221
03/03/2001,IFP,AZ,AWP,WE,Federal Contract Tower,2,3,4,0,9,0,1,78,0,79,2,4,82,0,88,83,0,83,171
03/04/2001,IFP,AZ,AWP,WE,Federal Contract Tower,4,3,4,1,12,3,0,73,1,77,7,3,77,2,89,34,0,34,123
03/05/2001,IFP,AZ,AWP,WE,Federal Contract Tower,6,3,4,0,13,2,5,63,0,70,8,8,67,0,83,63,0,63,146
03/06/2001,IFP,AZ,AWP,WE,Federal Contract Tower,5,3,3,0,11,1,7,54,0,62,6,10,57,0,73,62,0,62,135
03/07/2001,IFP,AZ,AWP,WE,Federal Contract Tower,4,4,3,0,11,0,5,55,0,60,4,9,58,0,71,60,0,60,131
03/08/2001,IFP,AZ,AWP,WE,Federal Contract Tower,4,3,2,0,9,0,6,98,0,104,4,9,100,0,113,77,0,77,190
03/09/2001,IFP,AZ,AWP,WE,Federal Contract Tower,8,5,6,0,19,0,7,57,0,64,8,12,63,0,83,60,0,60,143
03/10/2001,IFP,AZ,AWP,WE,Federal Contract Tower,2,3,1,0,6,0,2,64,0,66,2,5,65,0,72,74,0,74,146
03/11/2001,IFP,AZ,AWP,WE,Federal Contract Tower,6,2,5,0,13,3,0,79,0,82,9,2,84,0,95,12,0,12,107
03/12/2001,IFP,AZ,AWP,WE,Federal Contract Tower,6,4,5,0,15,3,5,67,0,75,9,9,72,0,90,48,0,48,138
03/13/2001,IFP,AZ,AWP,WE,Federal Contract Tower,5,3,2,0,10,1,9,113,0,123,6,12,115,0,133,48,0,48,181
03/14/2001,IFP,AZ,AWP,WE,Federal Contract Tower,5,2,2,0,9,0,9,87,0,96,5,11,89,0,105,74,0,74,179
03/15/2001,IFP,AZ,AWP,WE,Federal Contract Tower,3,1,2,0,6,0,9,109,0,118,3,10,111,0,124,68,0,68,192
03/16/2001,IFP,AZ,AWP,WE,Federal Contract Tower,9,4,6,0,19,2,10,92,2,106,11,14,98,2,125,57,2,59,184
03/17/2001,IFP,AZ,AWP,WE,Federal Contract Tower,3,1,2,0,6,0,4,122,1,127,3,5,124,1,133,32,0,32,165
03/18/2001,IFP,AZ,AWP,WE,Federal Contract Tower,8,3,6,0,17,0,0,116,0,116,8,3,122,0,133,22,0,22,155
03/19/2001,IFP,AZ,AWP,WE,Federal Contract Tower,6,3,4,0,13,3,7,73,3,86,9,10,77,3,99,16,0,16,115
03/20/2001,IFP,AZ,AWP,WE,Federal Contract Tower,6,3,5,0,14,0,7,74,2,83,6,10,79,2,97,58,28,86,183
03/21/2001,IFP,AZ,AWP,WE,Federal Contract Tower,6,3,4,0,13,0,7,97,0,104,6,10,101,0,117,54,0,54,171
03/22/2001,IFP,AZ,AWP,WE,Federal Contract Tower,3,3,4,0,10,0,7,107,2,116,3,10,111,2,126,46,0,46,172
03/23/2001,IFP,AZ,AWP,WE,Federal Contract Tower,5,2,4,0,11,2,7,122,0,131,7,9,126,0,142,99,0,99,241
03/24/2001,IFP,AZ,AWP,WE,Federal Contract Tower,4,1,3,0,8,0,4,139,0,143,4,5,142,0,151,46,0,46,197
03/25/2001,IFP,AZ,AWP,WE,Federal Contract Tower,7,2,5,0,14,2,0,148,0,150,9,2,153,0,164,36,0,36,200
03/26/2001,IFP,AZ,AWP,WE,Federal Contract Tower,6,3,4,0,13,2,9,66,1,78,8,12,70,1,91,40,0,40,131
03/27/2001,IFP,AZ,AWP,WE,Federal Contract Tower,7,3,5,0,15,0,7,57,3,67,7,10,62,3,82,12,0,12,94
03/28/2001,IFP,AZ,AWP,WE,Federal Contract Tower,6,3,4,0,13,0,4,74,3,81,6,7,78,3,94,29,12,41,135
03/29/2001,IFP,AZ,AWP,WE,Federal Contract Tower,4,2,3,0,9,0,6,71,3,80,4,8,74,3,89,36,4,40,129
03/30/2001,IFP,AZ,AWP,WE,Federal Contract Tower,7,3,5,0,15,1,8,97,1,107,8,11,102,1,122,54,0,54,176
03/31/2001,IFP,AZ,AWP,WE,Federal Contract Tower,1,0,2,0,3,0,5,113,1,119,1,5,115,1,122,22,0,22,144
04/01/2001,IFP,AZ,AWP,WE,Federal Contract Tower,10,4,5,0,19,0,1,108,0,109,10,5,113,0,128,18,0,18,146
04/02/2001,IFP,AZ,AWP,WE,Federal Contract Tower,8,4,7,0,19,2,6,42,0,50,10,10,49,0,69,56,0,56,125
04/03/2001,IFP,AZ,AWP,WE,Federal Contract Tower,8,4,10,0,22,0,4,74,0,78,8,8,84,0,100,54,0,54,154
04/04/2001,IFP,AZ,AWP,WE,Federal Contract Tower,5,4,2,0,11,0,8,59,0,67,5,12,61,0,78,30,0,30,108
04/05/2001,IFP,AZ,AWP,WE,Federal Contract Tower,5,3,4,0,12,0,5,53,0,58,5,8,57,0,70,12,0,12,82
04/06/2001,IFP,AZ,AWP,WE,Federal Contract Tower,9,4,2,0,15,1,5,79,0,85,10,9,81,0,100,25,0,25,125
04/07/2001,IFP,AZ,AWP,WE,Federal Contract Tower,2,2,2,0,6,0,0,60,0,60,2,2,62,0,66,67,0,67,133
04/08/2001,IFP,AZ,AWP,WE,Federal Contract Tower,10,4,3,0,17,1,0,74,0,75,11,4,77,0,92,14,0,14,106
04/09/2001,IFP,AZ,AWP,WE,Federal Contract Tower,9,3,0,0,12,0,5,60,0,65,9,8,60,0,77,88,0,88,165
04/10/2001,IFP,AZ,AWP,WE,Federal Contract Tower,6,3,7,0,16,1,7,75,0,83,7,10,82,0,99,68,0,68,167
04/11/2001,IFP,AZ,AWP,WE,Federal Contract Tower,6,4,5,0,15,0,6,80,0,86,6,10,85,0,101,38,0,38,139
04/12/2001,IFP,AZ,AWP,WE,Federal Contract Tower,5,4,4,0,13,0,7,80,0,87,5,11,84,0,100,60,0,60,160
04/13/2001,IFP,AZ,AWP,WE,Federal Contract Tower,9,2,4,0,15,0,6,117,0,123,9,8,121,0,138,46,0,46,184
04/14/2001,IFP,AZ,AWP,WE,Federal Contract Tower,1,2,3,0,6,2,2,160,0,164,3,4,163,0,170,112,0,112,282
04/15/2001,IFP,AZ,AWP,WE,Federal Contract Tower,9,4,1,0,14,2,0,110,0,112,11,4,111,0,126,17,0,17,143
04/16/2001,IFP,AZ,AWP,WE,Federal Contract Tower,10,4,4,0,18,0,5,75,0,80,10,9,79,0,98,34,0,34,132
04/17/2001,IFP,AZ,AWP,WE,Federal Contract Tower,9,4,0,0,13,0,7,115,0,122,9,11,115,0,135,92,0,92,227
04/18/2001,IFP,AZ,AWP,WE,Federal Contract Tower,5,4,6,0,15,1,5,94,0,100,6,9,100,0,115,76,0,76,191
04/19/2001,IFP,AZ,AWP,WE,Federal Contract Tower,4,4,2,0,10,0,5,99,0,104,4,9,101,0,114,40,0,40,154
04/20/2001,IFP,AZ,AWP,WE,Federal Contract Tower,10,4,3,0,17,0,7,93,0,100,10,11,96,0,117,69,0,69,186
04/21/2001,IFP,AZ,AWP,WE,Federal Contract Tower,3,1,3,0,7,0,5,50,0,55,3,6,53,0,62,74,0,74,136
04/22/2001,IFP,AZ,AWP,WE,Federal Contract Tower,10,4,5,0,19,1,0,132,1,134,11,4,137,1,153,10,0,10,163
04/23/2001,IFP,AZ,AWP,WE,Federal Contract Tower,10,4,1,0,15,0,6,89,0,95,10,10,90,0,110,8,0,8,118
04/24/2001,IFP,AZ,AWP,WE,Federal Contract Tower,2,4,3,0,9,0,7,82,16,105,2,11,85,16,114,22,0,22,136
04/25/2001,IFP,AZ,AWP,WE,Federal Contract Tower,8,4,1,0,13,0,6,81,6,93,8,10,82,6,106,12,12,24,130
04/26/2001,IFP,AZ,AWP,WE,Federal Contract Tower,3,5,1,0,9,0,9,116,1,126,3,14,117,1,135,10,0,10,145
04/27/2001,IFP,AZ,AWP,WE,Federal Contract Tower,4,4,3,0,11,0,5,107,8,120,4,9,110,8,131,86,0,86,217
04/28/2001,IFP,AZ,AWP,WE,Federal Contract Tower,0,2,10,0,12,0,2,169,0,171,0,4,179,0,183,105,0,105,288
04/29/2001,IFP,AZ,AWP,WE,Federal Contract Tower,6,4,3,0,13,2,0,151,0,153,8,4,154,0,166,94,0,94,260
04/30/2001,IFP,AZ,AWP,WE,Federal Contract Tower,6,2,4,0,12,1,5,68,0,74,7,7,72,0,86,98,0,98,184
05/01/2001,IFP,AZ,AWP,WE,Federal Contract Tower,1,3,3,0,7,0,6,89,0,95,1,9,92,0,102,69,0,69,171
05/02/2001,IFP,AZ,AWP,WE,Federal Contract Tower,7,3,2,0,12,1,4,63,2,70,8,7,65,2,82,52,0,52,134
05/03/2001,IFP,AZ,AWP,WE,Federal Contract Tower,1,1,2,0,4,2,8,93,4,107,3,9,95,4,111,74,0,74,185
05/04/2001,IFP,AZ,AWP,WE,Federal Contract Tower,7,3,4,0,14,0,5,107,0,112,7,8,111,0,126,90,0,90,216
05/05/2001,IFP,AZ,AWP,WE,Federal Contract Tower,1,2,2,0,5,0,0,125,0,125,1,2,127,0,130,124,0,124,254
05/06/2001,IFP,AZ,AWP,WE,Federal Contract Tower,7,5,7,0,19,0,1,134,0,135,7,6,141,0,154,46,0,46,200
05/07/2001,IFP,AZ,AWP,WE,Federal Contract Tower,8,4,1,0,13,1,4,88,0,93,9,8,89,0,106,83,0,83,189
05/08/2001,IFP,AZ,AWP,WE,Federal Contract Tower,1,4,0,0,5,0,3,68,0,71,1,7,68,0,76,39,0,39,115
05/09/2001,IFP,AZ,AWP,WE,Federal Contract Tower,5,4,3,0,12,1,6,98,0,105,6,10,101,0,117,128,0,128,245
05/10/2001,IFP,AZ,AWP,WE,Federal Contract Tower,2,4,1,0,7,1,10,93,0,104,3,14,94,0,111,88,0,88,199
05/11/2001,IFP,AZ,AWP,WE,Federal Contract Tower,12,3,5,0,20,0,5,123,0,128,12,8,128,0,148,74,0,74,222
05/12/2001,IFP,AZ,AWP,WE,Federal Contract Tower,1,2,2,0,5,0,2,83,0,85,1,4,85,0,90,122,0,122,212
05/13/2001,IFP,AZ,AWP,WE,Federal Contract Tower,7,4,4,0,15,1,0,90,0,91,8,4,94,0,106,62,0,62,168
05/14/2001,IFP,AZ,AWP,WE,Federal Contract Tower,8,4,2,0,14,0,6,104,7,117,8,10,106,7,131,158,0,158,289
05/15/2001,IFP,AZ,AWP,WE,Federal Contract Tower,1,4,0,2,7,0,6,115,0,121,1,10,115,2,128,68,0,68,196
05/16/2001,IFP,AZ,AWP,WE,Federal Contract Tower,6,4,2,0,12,2,5,129,0,136,8,9,131,0,148,74,0,74,222
05/17/2001,IFP,AZ,AWP,WE,Federal Contract Tower,2,4,4,0,10,1,5,111,0,117,3,9,115,0,127,42,0,42,169
05/18/2001,IFP,AZ,AWP,WE,Federal Contract Tower,8,4,4,0,16,1,6,156,0,163,9,10,160,0,179,18,0,18,197
05/19/2001,IFP,AZ,AWP,WE,Federal Contract Tower,1,3,6,0,10,0,2,109,0,111,1,5,115,0,121,101,0,101,222
05/20/2001,IFP,AZ,AWP,WE,Federal Contract Tower,7,5,4,0,16,1,0,172,0,173,8,5,176,0,189,92,0,92,281
05/21/2001,IFP,AZ,AWP,WE,Federal Contract Tower,7,6,4,0,17,2,6,78,1,87,9,12,82,1,104,16,0,16,120
05/22/2001,IFP,AZ,AWP,WE,Federal Contract Tower,0,4,2,0,6,0,6,90,1,97,0,10,92,1,103,32,0,32,135
05/23/2001,IFP,AZ,AWP,WE,Federal Contract Tower,8,4,1,0,13,0,7,71,0,78,8,11,72,0,91,70,0,70,161
05/24/2001,IFP,AZ,AWP,WE,Federal Contract Tower,2,4,2,2,10,0,9,55,5,69,2,13,57,7,79,40,5,45,124
05/25/2001,IFP,AZ,AWP,WE,Federal Contract Tower,8,4,3,1,16,1,4,106,0,111,9,8,109,1,127,102,0,102,229
05/26/2001,IFP,AZ,AWP,WE,Federal Contract Tower,2,2,1,0,5,0,0,103,0,103,2,2,104,0,108,72,0,72,180
05/27/2001,IFP,AZ,AWP,WE,Federal Contract Tower,6,2,4,0,12,0,0,89,0,89,6,2,93,0,101,37,0,37,138
05/28/2001,IFP,AZ,AWP,WE,Federal Contract Tower,6,4,9,0,19,3,0,101,0,104,9,4,110,0,123,52,0,52,175
05/29/2001,IFP,AZ,AWP,WE,Federal Contract Tower,0,2,3,0,5,0,7,67,0,74,0,9,70,0,79,70,0,70,149
05/30/2001,IFP,AZ,AWP,WE,Federal Contract Tower,8,4,1,0,13,0,7,86,0,93,8,11,87,0,106,30,0,30,136
05/31/2001,IFP,AZ,AWP,WE,Federal Contract Tower,3,4,3,0,10,0,7,50,0,57,3,11,53,0,67,18,0,18,85
06/01/2001,IFP,AZ,AWP,WE,Federal Contract Tower,7,6,4,0,17,1,3,85,0,89,8,9,89,0,106,59,0,59,165
06/02/2001,IFP,AZ,AWP,WE,Federal Contract Tower,1,2,2,0,5,1,2,77,0,80,2,4,79,0,85,78,0,78,163
06/03/2001,IFP,AZ,AWP,WE,Federal Contract Tower,5,2,5,0,12,3,0,85,0,88,8,2,90,0,100,36,0,36,136
06/04/2001,IFP,AZ,AWP,WE,Federal Contract Tower,8,3,2,0,13,1,7,69,0,77,9,10,71,0,90,104,0,104,194
06/05/2001,IFP,AZ,AWP,WE,Federal Contract Tower,0,4,0,0,4,0,2,75,0,77,0,6,75,0,81,73,0,73,154
06/06/2001,IFP,AZ,AWP,WE,Federal Contract Tower,0,0,0,0,0,7,11,96,0,114,7,11,96,0,114,63,0,63,177
06/07/2001,IFP,AZ,AWP,WE,Federal Contract Tower,2,4,5,0,11,1,6,94,2,103,3,10,99,2,114,79,2,81,195
06/08/2001,IFP,AZ,AWP,WE,Federal Contract Tower,8,4,1,0,13,0,2,69,2,73,8,6,70,2,86,44,0,44,130
06/09/2001,IFP,AZ,AWP,WE,Federal Contract Tower,1,2,6,0,9,0,2,87,0,89,1,4,93,0,98,48,0,48,146
06/10/2001,IFP,AZ,AWP,WE,Federal Contract Tower,7,5,3,0,15,1,8,92,0,101,8,13,95,0,116,92,0,92,208
06/11/2001,IFP,AZ,AWP,WE,Federal Contract Tower,8,3,2,1,14,0,9,68,3,80,8,12,70,4,94,36,6,42,136
06/12/2001,IFP,AZ,AWP,WE,Federal Contract Tower,0,0,0,0,0,1,10,73,2,86,1,10,73,2,86,68,0,68,154
06/13/2001,IFP,AZ,AWP,WE,Federal Contract Tower,4,8,1,0,13,2,5,53,0,60,6,13,54,0,73,28,0,28,101
06/14/2001,IFP,AZ,AWP,WE,Federal Contract Tower,0,0,0,0,0,3,10,57,8,78,3,10,57,8,78,32,0,32,110
06/15/2001,IFP,AZ,AWP,WE,Federal Contract Tower,8,11,2,0,21,0,5,66,0,71,8,16,68,0,92,22,0,22,114
06/16/2001,IFP,AZ,AWP,WE,Federal Contract Tower,1,2,8,0,11,0,0,83,0,83,1,2,91,0,94,0,0,0,94
06/17/2001,IFP,AZ,AWP,WE,Federal Contract Tower,4,10,4,0,18,1,2,92,0,95,5,12,96,0,113,36,0,36,149
06/18/2001,IFP,AZ,AWP,WE,Federal Contract Tower,9,4,0,0,13,0,6,69,1,76,9,10,69,1,89,54,0,54,143
06/19/2001,IFP,AZ,AWP,WE,Federal Contract Tower,0,0,0,0,0,0,11,77,2,90,0,11,77,2,90,57,0,57,147
06/20/2001,IFP,AZ,AWP,WE,Federal Contract Tower,1,10,1,0,12,0,9,61,5,75,1,19,62,5,87,38,0,38,125
06/21/2001,IFP,AZ,AWP,WE,Federal Contract Tower,1,4,2,0,7,1,7,85,0,93,2,11,87,0,100,116,0,116,216
06/22/2001,IFP,AZ,AWP,WE,Federal Contract Tower,7,6,1,0,14,2,9,71,0,82,9,15,72,0,96,88,0,88,184
06/23/2001,IFP,AZ,AWP,WE,Federal Contract Tower,1,2,2,0,5,0,2,82,0,84,1,4,84,0,89,62,0,62,151
06/24/2001,IFP,AZ,AWP,WE,Federal Contract Tower,5,5,10,0,20,1,2,82,0,85,6,7,92,0,105,12,0,12,117
06/25/2001,IFP,AZ,AWP,WE,Federal Contract Tower,5,7,0,0,12,0,4,45,2,51,5,11,45,2,63,24,0,24,87
06/26/2001,IFP,AZ,AWP,WE,Federal Contract Tower,0,3,1,0,4,0,6,51,0,57,0,9,52,0,61,26,0,26,87
06/27/2001,IFP,AZ,AWP,WE,Federal Contract Tower,5,5,2,0,12,1,7,71,0,79,6,12,73,0,91,52,0,52,143
06/28/2001,IFP,AZ,AWP,WE,Federal Contract Tower,3,4,1,0,8,0,5,80,2,87,3,9,81,2,95,60,6,66,161
06/29/2001,IFP,AZ,AWP,WE,Federal Contract Tower,8,7,2,0,17,0,5,97,0,102,8,12,99,0,119,42,0,42,161
06/30/2001,IFP,AZ,AWP,WE,Federal Contract Tower,1,2,2,0,5,0,0,63,1,64,1,2,65,1,69,32,0,32,101
07/01/2001,IFP,AZ,AWP,WE,Federal Contract Tower,6,4,1,0,11,1,0,65,0,66,7,4,66,0,77,0,0,0,77
07/02/2001,IFP,AZ,AWP,WE,Federal Contract Tower,5,4,1,0,10,1,4,51,0,56,6,8,52,0,66,0,0,0,66
07/03/2001,IFP,AZ,AWP,WE,Federal Contract Tower,0,0,0,0,0,0,5,61,0,66,0,5,61,0,66,29,0,29,95
07/04/2001,IFP,AZ,AWP,WE,Federal Contract Tower,6,5,3,0,14,3,1,85,0,89,9,6,88,0,103,48,0,48,151
07/05/2001,IFP,AZ,AWP,WE,Federal Contract Tower,1,0,0,0,1,1,8,72,0,81,2,8,72,0,82,52,0,52,134
07/06/2001,IFP,AZ,AWP,WE,Federal Contract Tower,8,2,0,0,10,1,7,58,0,66,9,9,58,0,76,72,0,72,148
07/07/2001,IFP,AZ,AWP,WE,Federal Contract Tower,1,0,3,0,4,0,2,85,0,87,1,2,88,0,91,26,0,26,117
07/08/2001,IFP,AZ,AWP,WE,Federal Contract Tower,5,1,3,0,9,1,3,60,0,64,6,4,63,0,73,18,0,18,91
07/09/2001,IFP,AZ,AWP,WE,Federal Contract Tower,3,3,5,0,11,2,9,63,0,74,5,12,68,0,85,28,0,28,113
07/10/2001,IFP,AZ,AWP,WE,Federal Contract Tower,2,0,3,0,5,0,5,67,0,72,2,5,70,0,77,66,0,66,143
07/11/2001,IFP,AZ,AWP,WE,Federal Contract Tower,1,7,0,0,8,0,9,63,0,72,1,16,63,0,80,48,0,48,128
07/12/2001,IFP,AZ,AWP,WE,Federal Contract Tower,2,2,0,0,4,1,5,77,2,85,3,7,77,2,89,78,0,78,167
07/13/2001,IFP,AZ,AWP,WE,Federal Contract Tower,4,3,2,0,9,0,8,111,0,119,4,11,113,0,128,76,0,76,204
07/14/2001,IFP,AZ,AWP,WE,Federal Contract Tower,1,0,4,0,5,0,2,87,0,89,1,2,91,0,94,83,0,83,177
07/15/2001,IFP,AZ,AWP,WE,Federal Contract Tower,7,3,2,0,12,0,1,88,0,89,7,4,90,0,101,24,0,24,125
07/16/2001,IFP,AZ,AWP,WE,Federal Contract Tower,5,3,2,1,11,0,5,61,1,67,5,8,63,2,78,58,0,58,136
07/17/2001,IFP,AZ,AWP,WE,Federal Contract Tower,0,0,2,0,2,0,7,50,0,57,0,7,52,0,59,26,0,26,85
07/18/2001,IFP,AZ,AWP,WE,Federal Contract Tower,8,3,2,0,13,0,7,66,0,73,8,10,68,0,86,23,0,23,109
07/19/2001,IFP,AZ,AWP,WE,Federal Contract Tower,3,0,3,0,6,0,7,77,0,84,3,7,80,0,90,34,0,34,124
07/20/2001,IFP,AZ,AWP,WE,Federal Contract Tower,5,4,4,0,13,0,5,82,1,88,5,9,86,1,101,48,0,48,149
07/21/2001,IFP,AZ,AWP,WE,Federal Contract Tower,2,0,1,0,3,0,0,62,0,62,2,0,63,0,65,24,0,24,89
07/22/2001,IFP,AZ,AWP,WE,Federal Contract Tower,9,2,0,0,11,1,1,67,2,71,10,3,67,2,82,26,0,26,108
07/23/2001,IFP,AZ,AWP,WE,Federal Contract Tower,3,2,5,0,10,0,7,42,0,49,3,9,47,0,59,10,0,10,69
07/24/2001,IFP,AZ,AWP,WE,Federal Contract Tower,0,1,2,0,3,0,6,59,0,65,0,7,61,0,68,40,0,40,108
07/25/2001,IFP,AZ,AWP,WE,Federal Contract Tower,0,0,0,0,0,7,9,44,0,60,7,9,44,0,60,20,0,20,80
07/26/2001,IFP,AZ,AWP,WE,Federal Contract Tower,2,2,0,0,4,0,7,52,0,59,2,9,52,0,63,13,0,13,76
07/27/2001,IFP,AZ,AWP,WE,Federal Contract Tower,5,2,2,0,9,3,5,71,0,79,8,7,73,0,88,30,0,30,118
07/28/2001,IFP,AZ,AWP,WE,Federal Contract Tower,2,0,1,0,3,0,2,64,0,66,2,2,65,0,69,22,0,22,91
07/29/2001,IFP,AZ,AWP,WE,Federal Contract Tower,9,2,4,1,16,0,1,89,0,90,9,3,93,1,106,2,0,2,108
07/30/2001,IFP,AZ,AWP,WE,Federal Contract Tower,4,3,1,0,8,1,6,43,0,50,5,9,44,0,58,2,0,2,60
07/31/2001,IFP,AZ,AWP,WE,Federal Contract Tower,1,0,0,0,1,0,7,49,2,58,1,7,49,2,59,10,0,10,69
08/01/2001,IFP,AZ,AWP,WE,Federal Contract Tower,0,0,0,0,0,10,10,51,4,75,10,10,51,4,75,0,2,2,77
08/02/2001,IFP,AZ,AWP,WE,Federal Contract Tower,2,3,3,0,8,1,6,59,0,66,3,9,62,0,74,2,0,2,76
08/03/2001,IFP,AZ,AWP,WE,Federal Contract Tower,4,3,4,0,11,1,4,69,2,76,5,7,73,2,87,2,0,2,89
08/04/2001,IFP,AZ,AWP,WE,Federal Contract Tower,1,0,2,0,3,2,0,62,0,64,3,0,64,0,67,6,0,6,73
08/05/2001,IFP,AZ,AWP,WE,Federal Contract Tower,7,2,2,0,11,1,1,80,0,82,8,3,82,0,93,6,0,6,99
08/06/2001,IFP,AZ,AWP,WE,Federal Contract Tower,4,3,5,0,12,0,7,47,0,54,4,10,52,0,66,26,0,26,92
08/07/2001,IFP,AZ,AWP,WE,Federal Contract Tower,0,0,0,0,0,0,7,67,2,76,0,7,67,2,76,48,0,48,124
08/08/2001,IFP,AZ,AWP,WE,Federal Contract Tower,7,3,1,0,11,1,7,64,2,74,8,10,65,2,85,44,0,44,129
08/09/2001,IFP,AZ,AWP,WE,Federal Contract Tower,2,1,3,0,6,0,8,84,1,93,2,9,87,1,99,128,0,128,227
08/10/2001,IFP,AZ,AWP,WE,Federal Contract Tower,7,2,0,0,9,0,8,82,0,90,7,10,82,0,99,107,0,107,206
08/11/2001,IFP,AZ,AWP,WE,Federal Contract Tower,2,0,0,0,2,0,0,81,1,82,2,0,81,1,84,94,0,94,178
08/12/2001,IFP,AZ,AWP,WE,Federal Contract Tower,6,3,0,0,9,1,0,89,0,90,7,3,89,0,99,22,0,22,121
08/13/2001,IFP,AZ,AWP,WE,Federal Contract Tower,4,2,2,2,10,2,7,56,0,65,6,9,58,2,75,73,8,81,156
08/14/2001,IFP,AZ,AWP,WE,Federal Contract Tower,2,0,1,0,3,0,7,78,0,85,2,7,79,0,88,50,0,50,138
08/15/2001,IFP,AZ,AWP,WE,Federal Contract Tower,7,3,2,1,13,0,6,83,0,89,7,9,85,1,102,80,0,80,182
08/16/2001,IFP,AZ,AWP,WE,Federal Contract Tower,2,2,1,0,5,0,9,45,1,55,2,11,46,1,60,8,0,8,68
08/17/2001,IFP,AZ,AWP,WE,Federal Contract Tower,5,4,2,0,11,0,8,67,0,75,5,12,69,0,86,14,0,14,100
08/18/2001,IFP,AZ,AWP,WE,Federal Contract Tower,1,0,0,0,1,0,0,81,0,81,1,0,81,0,82,44,0,44,126
08/19/2001,IFP,AZ,AWP,WE,Federal Contract Tower,6,3,1,0,10,0,3,102,0,105,6,6,103,0,115,70,0,70,185
08/20/2001,IFP,AZ,AWP,WE,Federal Contract Tower,3,1,0,0,4,1,12,65,2,80,4,13,65,2,84,36,0,36,120
08/21/2001,IFP,AZ,AWP,WE,Federal Contract Tower,1,1,2,0,4,0,5,53,0,58,1,6,55,0,62,48,0,48,110
08/22/2001,IFP,AZ,AWP,WE,Federal Contract Tower,5,3,3,0,11,2,10,83,0,95,7,13,86,0,106,78,0,78,184
08/23/2001,IFP,AZ,AWP,WE,Federal Contract Tower,2,2,2,0,6,0,9,94,2,105,2,11,96,2,111,82,0,82,193
08/24/2001,IFP,AZ,AWP,WE,Federal Contract Tower,5,4,0,0,9,0,6,90,0,96,5,10,90,0,105,74,0,74,179
08/25/2001,IFP,AZ,AWP,WE,Federal Contract Tower,1,0,0,0,1,0,2,145,2,149,1,2,145,2,150,86,0,86,236
08/26/2001,IFP,AZ,AWP,WE,Federal Contract Tower,7,4,0,0,11,0,2,58,0,60,7,6,58,0,71,20,0,20,91
08/27/2001,IFP,AZ,AWP,WE,Federal Contract Tower,2,5,1,1,9,2,7,60,3,72,4,12,61,4,81,48,2,50,131
08/28/2001,IFP,AZ,AWP,WE,Federal Contract Tower,0,0,2,0,2,0,8,66,4,78,0,8,68,4,80,46,0,46,126
08/29/2001,IFP,AZ,AWP,WE,Federal Contract Tower,7,3,2,0,12,0,10,69,0,79,7,13,71,0,91,61,0,61,152
08/30/2001,IFP,AZ,AWP,WE,Federal Contract Tower,3,3,0,0,6,0,8,67,2,77,3,11,67,2,83,88,0,88,171
08/31/2001,IFP,AZ,AWP,WE,Federal Contract Tower,5,4,1,0,10,0,8,81,1,90,5,12,82,1,100,36,0,36,136
09/01/2001,IFP,AZ,AWP,WE,Federal Contract Tower,0,1,1,0,2,2,1,72,0,75,2,2,73,0,77,40,0,40,117
09/02/2001,IFP,AZ,AWP,WE,Federal Contract Tower,8,5,0,0,13,1,0,109,0,110,9,5,109,0,123,58,0,58,181
09/03/2001,IFP,AZ,AWP,WE,Federal Contract Tower,3,4,2,0,9,1,1,90,0,92,4,5,92,0,101,40,0,40,141
09/04/2001,IFP,AZ,AWP,WE,Federal Contract Tower,0,0,2,0,2,0,7,59,0,66,0,7,61,0,68,36,0,36,104
09/05/2001,IFP,AZ,AWP,WE,Federal Contract Tower,6,4,5,2,17,1,8,70,3,82,7,12,75,5,99,60,0,60,159
09/06/2001,IFP,AZ,AWP,WE,Federal Contract Tower,3,2,0,0,5,0,8,68,0,76,3,10,68,0,81,50,0,50,131
09/07/2001,IFP,AZ,AWP,WE,Federal Contract Tower,4,6,4,0,14,2,8,94,0,104,6,14,98,0,118,62,0,62,180
09/08/2001,IFP,AZ,AWP,WE,Federal Contract Tower,0,0,6,0,6,0,2,75,1,78,0,2,81,1,84,44,0,44,128
09/09/2001,IFP,AZ,AWP,WE,Federal Contract Tower,9,4,2,0,15,0,2,103,0,105,9,6,105,0,120,20,0,20,140
09/10/2001,IFP,AZ,AWP,WE,Federal Contract Tower,7,4,1,0,12,1,7,62,0,70,8,11,63,0,82,44,0,44,126
09/11/2001,IFP,AZ,AWP,WE,Federal Contract Tower,0,0,2,0,2,0,0,5,0,5,0,0,7,0,7,0,0,0,7
09/12/2001,IFP,AZ,AWP,WE,Federal Contract Tower,0,0,2,0,2,0,0,3,0,3,0,0,5,0,5,0,0,0,5
09/13/2001,IFP,AZ,AWP,WE,Federal Contract Tower,1,1,0,0,2,0,1,3,0,4,1,2,3,0,6,0,0,0,6
09/14/2001,IFP,AZ,AWP,WE,Federal Contract Tower,3,4,6,0,13,0,2,2,0,4,3,6,8,0,17,0,0,0,17
09/15/2001,IFP,AZ,AWP,WE,Federal Contract Tower,0,0,2,0,2,0,2,11,0,13,0,2,13,0,15,0,0,0,15
09/16/2001,IFP,AZ,AWP,WE,Federal Contract Tower,0,1,18,0,19,0,0,3,0,3,0,1,21,0,22,0,0,0,22
09/17/2001,IFP,AZ,AWP,WE,Federal Contract Tower,2,2,15,0,19,0,6,13,0,19,2,8,28,0,38,2,0,2,40
09/18/2001,IFP,AZ,AWP,WE,Federal Contract Tower,0,5,11,0,16,0,5,8,0,13,0,10,19,0,29,0,0,0,29
09/19/2001,IFP,AZ,AWP,WE,Federal Contract Tower,0,5,14,0,19,0,9,2,0,11,0,14,16,0,30,0,0,0,30
09/20/2001,IFP,AZ,AWP,WE,Federal Contract Tower,0,0,19,0,19,0,8,34,0,42,0,8,53,0,61,0,0,0,61
09/21/2001,IFP,AZ,AWP,WE,Federal Contract Tower,2,5,11,0,18,0,3,37,0,40,2,8,48,0,58,0,0,0,58
09/22/2001,IFP,AZ,AWP,WE,Federal Contract Tower,0,0,2,0,2,0,0,67,0,67,0,0,69,0,69,72,0,72,141
09/23/2001,IFP,AZ,AWP,WE,Federal Contract Tower,1,4,5,0,10,1,1,61,0,63,2,5,66,0,73,15,0,15,88
09/24/2001,IFP,AZ,AWP,WE,Federal Contract Tower,1,2,5,0,8,1,6,65,0,72,2,8,70,0,80,60,0,60,140
09/25/2001,IFP,AZ,AWP,WE,Federal Contract Tower,0,0,2,0,2,0,8,43,0,51,0,8,45,0,53,33,0,33,86
09/26/2001,IFP,AZ,AWP,WE,Federal Contract Tower,0,7,2,2,11,0,6,49,0,55,0,13,51,2,66,12,0,12,78
09/27/2001,IFP,AZ,AWP,WE,Federal Contract Tower,3,1,4,0,8,0,7,62,1,70,3,8,66,1,78,42,0,42,120
09/28/2001,IFP,AZ,AWP,WE,Federal Contract Tower,1,2,5,0,8,2,10,99,0,111,3,12,104,0,119,56,0,56,175
09/29/2001,IFP,AZ,AWP,WE,Federal Contract Tower,0,0,11,0,11,0,0,77,0,77,0,0,88,0,88,46,0,46,134
09/30/2001,IFP,AZ,AWP,WE,Federal Contract Tower,2,6,11,0,19,0,1,96,0,97,2,7,107,0,116,30,0,30,146
10/01/2001,IFP,AZ,AWP,WE,Federal Contract Tower,2,1,3,0,6,0,6,57,0,63,2,7,60,0,69,62,0,62,131
10/02/2001,IFP,AZ,AWP,WE,Federal Contract Tower,1,0,0,0,1,0,9,63,0,72,1,9,63,0,73,50,0,50,123
10/03/2001,IFP,AZ,AWP,WE,Federal Contract Tower,2,6,5,0,13,0,12,67,0,79,2,18,72,0,92,59,0,59,151
10/04/2001,IFP,AZ,AWP,WE,Federal Contract Tower,3,3,6,0,12,0,8,71,2,81,3,11,77,2,93,10,0,10,103
10/05/2001,IFP,AZ,AWP,WE,Federal Contract Tower,1,9,6,0,16,0,6,89,2,97,1,15,95,2,113,44,0,44,157
10/06/2001,IFP,AZ,AWP,WE,Federal Contract Tower,2,1,8,0,11,0,3,125,0,128,2,4,133,0,139,88,0,88,227
10/07/2001,IFP,AZ,AWP,WE,Federal Contract Tower,3,6,10,0,19,0,1,91,0,92,3,7,101,0,111,22,0,22,133
10/08/2001,IFP,AZ,AWP,WE,Federal Contract Tower,2,2,6,0,10,0,9,59,0,68,2,11,65,0,78,20,0,20,98
10/09/2001,IFP,AZ,AWP,WE,Federal Contract Tower,0,0,0,0,0,0,5,50,0,55,0,5,50,0,55,2,0,2,57
10/10/2001,IFP,AZ,AWP,WE,Federal Contract Tower,3,8,3,0,14,0,6,78,0,84,3,14,81,0,98,50,0,50,148
10/11/2001,IFP,AZ,AWP,WE,Federal Contract Tower,3,0,4,0,7,0,8,78,0,86,3,8,82,0,93,18,0,18,111
10/12/2001,IFP,AZ,AWP,WE,Federal Contract Tower,0,9,4,0,13,0,4,89,0,93,0,13,93,0,106,12,0,12,118
10/13/2001,IFP,AZ,AWP,WE,Federal Contract Tower,2,0,6,0,8,0,0,124,1,125,2,0,130,1,133,52,0,52,185
10/14/2001,IFP,AZ,AWP,WE,Federal Contract Tower,2,7,9,0,18,0,1,96,0,97,2,8,105,0,115,20,0,20,135
10/15/2001,IFP,AZ,AWP,WE,Federal Contract Tower,0,3,5,1,9,0,6,87,1,94,0,9,92,2,103,32,0,32,135
10/16/2001,IFP,AZ,AWP,WE,Federal Contract Tower,0,0,2,2,4,0,12,69,0,81,0,12,71,2,85,16,2,18,103
10/17/2001,IFP,AZ,AWP,WE,Federal Contract Tower,0,8,6,0,14,0,8,79,0,87,0,16,85,0,101,22,0,22,123
10/18/2001,IFP,AZ,AWP,WE,Federal Contract Tower,2,1,8,0,11,0,7,86,0,93,2,8,94,0,104,58,0,58,162
10/19/2001,IFP,AZ,AWP,WE,Federal Contract Tower,1,9,1,0,11,0,5,135,2,142,1,14,136,2,153,92,0,92,245
10/20/2001,IFP,AZ,AWP,WE,Federal Contract Tower,1,0,0,0,1,0,2,98,1,101,1,2,98,1,102,112,0,112,214
10/21/2001,IFP,AZ,AWP,WE,Federal Contract Tower,2,7,3,0,12,0,1,94,0,95,2,8,97,0,107,29,0,29,136
10/22/2001,IFP,AZ,AWP,WE,Federal Contract Tower,1,1,3,0,5,0,8,74,0,82,1,9,77,0,87,54,0,54,141
10/23/2001,IFP,AZ,AWP,WE,Federal Contract Tower,0,0,1,0,1,0,7,55,0,62,0,7,56,0,63,22,0,22,85
10/24/2001,IFP,AZ,AWP,WE,Federal Contract Tower,1,8,3,0,12,0,7,71,1,79,1,15,74,1,91,42,0,42,133
10/25/2001,IFP,AZ,AWP,WE,Federal Contract Tower,0,1,2,0,3,3,7,79,1,90,3,8,81,1,93,24,0,24,117
10/26/2001,IFP,AZ,AWP,WE,Federal Contract Tower,2,8,4,0,14,0,5,132,2,139,2,13,136,2,153,78,0,78,231
10/27/2001,IFP,AZ,AWP,WE,Federal Contract Tower,0,0,1,0,1,0,2,152,0,154,0,2,153,0,155,146,0,146,301
10/28/2001,IFP,AZ,AWP,WE,Federal Contract Tower,3,5,6,0,14,0,1,109,0,110,3,6,115,0,124,34,0,34,158
10/29/2001,IFP,AZ,AWP,WE,Federal Contract Tower,2,2,3,0,7,0,6,74,0,80,2,8,77,0,87,48,0,48,135
10/30/2001,IFP,AZ,AWP,WE,Federal Contract Tower,0,0,0,0,0,1,4,63,0,68,1,4,63,0,68,104,0,104,172
10/31/2001,IFP,AZ,AWP,WE,Federal Contract Tower,1,8,0,0,9,0,8,88,2,98,1,16,88,2,107,34,0,34,141
11/01/2001,IFP,AZ,AWP,WE,Federal Contract Tower,2,0,0,0,2,0,10,117,0,127,2,10,117,0,129,77,0,77,206
11/02/2001,IFP,AZ,AWP,WE,Federal Contract Tower,3,4,2,0,9,0,11,88,0,99,3,15,90,0,108,36,0,36,144
11/03/2001,IFP,AZ,AWP,WE,Federal Contract Tower,1,0,3,0,4,0,0,106,0,106,1,0,109,0,110,48,0,48,158
11/04/2001,IFP,AZ,AWP,WE,Federal Contract Tower,2,4,6,0,12,0,2,92,0,94,2,6,98,0,106,32,0,32,138
11/05/2001,IFP,AZ,AWP,WE,Federal Contract Tower,1,1,7,0,9,0,7,52,0,59,1,8,59,0,68,50,0,50,118
11/06/2001,IFP,AZ,AWP,WE,Federal Contract Tower,0,0,0,0,0,2,5,80,0,87,2,5,80,0,87,99,0,99,186
11/07/2001,IFP,AZ,AWP,WE,Federal Contract Tower,2,4,3,0,9,0,10,81,0,91,2,14,84,0,100,66,0,66,166
11/08/2001,IFP,AZ,AWP,WE,Federal Contract Tower,0,1,2,0,3,3,7,71,6,87,3,8,73,6,90,0,14,14,104
11/09/2001,IFP,AZ,AWP,WE,Federal Contract Tower,2,5,2,0,9,0,9,55,0,64,2,14,57,0,73,4,0,4,77
11/10/2001,IFP,AZ,AWP,WE,Federal Contract Tower,1,1,2,0,4,0,1,113,0,114,1,2,115,0,118,38,0,38,156
11/11/2001,IFP,AZ,AWP,WE,Federal Contract Tower,3,6,3,0,12,0,2,109,0,111,3,8,112,0,123,18,0,18,141
11/12/2001,IFP,AZ,AWP,WE,Federal Contract Tower,2,1,0,0,3,0,7,72,0,79,2,8,72,0,82,74,0,74,156
11/13/2001,IFP,AZ,AWP,WE,Federal Contract Tower,1,0,2,0,3,0,9,81,0,90,1,9,83,0,93,38,0,38,131
11/14/2001,IFP,AZ,AWP,WE,Federal Contract Tower,1,8,3,0,12,0,8,83,0,91,1,16,86,0,103,50,0,50,153
11/15/2001,IFP,AZ,AWP,WE,Federal Contract Tower,3,0,4,0,7,0,9,98,2,109,3,9,102,2,116,34,16,50,166
11/16/2001,IFP,AZ,AWP,WE,Federal Contract Tower,1,8,1,0,10,0,4,100,0,104,1,12,101,0,114,86,0,86,200
11/17/2001,IFP,AZ,AWP,WE,Federal Contract Tower,3,0,5,0,8,0,3,156,0,159,3,3,161,0,167,70,0,70,237
11/18/2001,IFP,AZ,AWP,WE,Federal Contract Tower,1,6,4,0,11,0,3,136,0,139,1,9,140,0,150,62,0,62,212
11/19/2001,IFP,AZ,AWP,WE,Federal Contract Tower,3,0,6,0,9,0,6,67,0,73,3,6,73,0,82,10,0,10,92
11/20/2001,IFP,AZ,AWP,WE,Federal Contract Tower,2,0,5,0,7,0,11,86,2,99,2,11,91,2,106,16,0,16,122
11/21/2001,IFP,AZ,AWP,WE,Federal Contract Tower,0,0,0,0,0,4,18,89,0,111,4,18,89,0,111,18,0,18,129
11/22/2001,IFP,AZ,AWP,WE,Federal Contract Tower,0,0,2,0,2,0,0,46,0,46,0,0,48,0,48,0,0,0,48
11/23/2001,IFP,AZ,AWP,WE,Federal Contract Tower,2,10,2,0,14,0,8,79,0,87,2,18,81,0,101,0,0,0,101
11/24/2001,IFP,AZ,AWP,WE,Federal Contract Tower,2,0,3,0,5,0,0,44,0,44,2,0,47,0,49,0,0,0,49
11/25/2001,IFP,AZ,AWP,WE,Federal Contract Tower,2,7,6,0,15,0,2,46,0,48,2,9,52,0,63,0,0,0,63
11/26/2001,IFP,AZ,AWP,WE,Federal Contract Tower,2,1,1,0,4,0,10,69,0,79,2,11,70,0,83,20,0,20,103
11/27/2001,IFP,AZ,AWP,WE,Federal Contract Tower,0,0,0,0,0,1,9,39,0,49,1,9,39,0,49,2,0,2,51
11/28/2001,IFP,AZ,AWP,WE,Federal Contract Tower,3,5,3,0,11,0,8,68,0,76,3,13,71,0,87,18,0,18,105
11/29/2001,IFP,AZ,AWP,WE,Federal Contract Tower,1,1,1,0,3,0,7,47,0,54,1,8,48,0,57,16,0,16,73
11/30/2001,IFP,AZ,AWP,WE,Federal Contract Tower,1,8,7,0,16,0,3,67,0,70,1,11,74,0,86,33,0,33,119
12/01/2001,IFP,AZ,AWP,WE,Federal Contract Tower,0,1,2,0,3,1,2,104,0,107,1,3,106,0,110,36,0,36,146
12/02/2001,IFP,AZ,AWP,WE,Federal Contract Tower,1,8,0,0,9,0,0,105,0,105,1,8,105,0,114,14,0,14,128
12/03/2001,IFP,AZ,AWP,WE,Federal Contract Tower,2,0,0,0,2,0,11,36,0,47,2,11,36,0,49,18,0,18,67
12/04/2001,IFP,AZ,AWP,WE,Federal Contract Tower,0,0,0,0,0,0,5,37,0,42,0,5,37,0,42,7,0,7,49
12/05/2001,IFP,AZ,AWP,WE,Federal Contract Tower,0,5,1,0,6,2,6,73,2,83,2,11,74,2,89,20,0,20,109
12/06/2001,IFP,AZ,AWP,WE,Federal Contract Tower,3,1,0,2,6,0,6,74,0,80,3,7,74,2,86,18,8,26,112
12/07/2001,IFP,AZ,AWP,WE,Federal Contract Tower,3,4,4,0,11,0,4,64,0,68,3,8,68,0,79,22,0,22,101
12/08/2001,IFP,AZ,AWP,WE,Federal Contract Tower,2,0,1,0,3,0,0,84,0,84,2,0,85,0,87,8,0,8,95
12/09/2001,IFP,AZ,AWP,WE,Federal Contract Tower,2,4,0,0,6,0,0,82,0,82,2,4,82,0,88,0,0,0,88
12/10/2001,IFP,AZ,AWP,WE,Federal Contract Tower,2,0,3,0,5,0,9,48,0,57,2,9,51,0,62,4,0,4,66
12/11/2001,IFP,AZ,AWP,WE,Federal Contract Tower,1,2,6,0,9,0,7,37,1,45,1,9,43,1,54,12,0,12,66
12/12/2001,IFP,AZ,AWP,WE,Federal Contract Tower,0,3,3,0,6,0,6,65,0,71,0,9,68,0,77,2,0,2,79
12/13/2001,IFP,AZ,AWP,WE,Federal Contract Tower,1,0,2,2,5,1,9,94,0,104,2,9,96,2,109,24,6,30,139
12/14/2001,IFP,AZ,AWP,WE,Federal Contract Tower,0,5,3,1,9,0,4,55,1,60,0,9,58,2,69,0,14,14,83
12/15/2001,IFP,AZ,AWP,WE,Federal Contract Tower,0,0,6,0,6,0,2,59,0,61,0,2,65,0,67,0,0,0,67
12/16/2001,IFP,AZ,AWP,WE,Federal Contract Tower,2,4,3,0,9,0,0,83,0,83,2,4,86,0,92,0,0,0,92
12/17/2001,IFP,AZ,AWP,WE,Federal Contract Tower,0,0,7,0,7,0,10,51,0,61,0,10,58,0,68,4,0,4,72
12/18/2001,IFP,AZ,AWP,WE,Federal Contract Tower,0,0,4,0,4,0,15,61,0,76,0,15,65,0,80,22,0,22,102
12/19/2001,IFP,AZ,AWP,WE,Federal Contract Tower,1,2,4,0,7,0,12,68,0,80,1,14,72,0,87,0,0,0,87
12/20/2001,IFP,AZ,AWP,WE,Federal Contract Tower,0,2,2,0,4,1,8,44,0,53,1,10,46,0,57,22,0,22,79
12/21/2001,IFP,AZ,AWP,WE,Federal Contract Tower,0,6,0,2,8,0,17,36,0,53,0,23,36,2,61,6,6,12,73
12/22/2001,IFP,AZ,AWP,WE,Federal Contract Tower,1,0,2,0,3,0,2,70,0,72,1,2,72,0,75,18,0,18,93
12/23/2001,IFP,AZ,AWP,WE,Federal Contract Tower,0,6,8,0,14,0,1,45,0,46,0,7,53,0,60,0,0,0,60
12/24/2001,IFP,AZ,AWP,WE,Federal Contract Tower,0,0,3,0,3,0,11,47,0,58,0,11,50,0,61,0,0,0,61
12/25/2001,IFP,AZ,AWP,WE,Federal Contract Tower,0,0,1,0,1,0,0,34,0,34,0,0,35,0,35,0,0,0,35
12/26/2001,IFP,AZ,AWP,WE,Federal Contract Tower,0,3,5,0,8,0,13,75,2,90,0,16,80,2,98,0,0,0,98
12/27/2001,IFP,AZ,AWP,WE,Federal Contract Tower,0,2,2,0,4,0,13,79,0,92,0,15,81,0,96,10,0,10,106
12/28/2001,IFP,AZ,AWP,WE,Federal Contract Tower,0,8,3,0,11,0,7,78,0,85,0,15,81,0,96,0,0,0,96
12/29/2001,IFP,AZ,AWP,WE,Federal Contract Tower,0,1,15,4,20,0,1,55,0,56,0,2,70,4,76,56,0,56,132
12/30/2001,IFP,AZ,AWP,WE,Federal Contract Tower,0,6,10,0,16,0,3,70,0,73,0,9,80,0,89,10,0,10,99
12/31/2001,IFP,AZ,AWP,WE,Federal Contract Tower,0,1,4,0,5,0,7,57,0,64,0,8,61,0,69,4,0,4,73
01/01/2002,IFP,AZ,AWP,WE,Federal Contract Tower,1,0,4,0,5,0,0,103,0,103,1,0,107,0,108,12,0,12,120
01/02/2002,IFP,AZ,AWP,WE,Federal Contract Tower,0,7,0,0,7,0,13,53,0,66,0,20,53,0,73,0,0,0,73
01/03/2002,IFP,AZ,AWP,WE,Federal Contract Tower,1,2,1,0,4,0,8,34,0,42,1,10,35,0,46,0,0,0,46
01/04/2002,IFP,AZ,AWP,WE,Federal Contract Tower,0,2,0,0,2,0,7,78,0,85,0,9,78,0,87,4,0,4,91
01/05/2002,IFP,AZ,AWP,WE,Federal Contract Tower,0,0,5,0,5,0,0,98,0,98,0,0,103,0,103,4,0,4,107
01/06/2002,IFP,AZ,AWP,WE,Federal Contract Tower,1,3,6,0,10,0,0,110,0,110,1,3,116,0,120,0,0,0,120
01/07/2002,IFP,AZ,AWP,WE,Federal Contract Tower,0,0,1,0,1,0,6,50,0,56,0,6,51,0,57,8,0,8,65
01/08/2002,IFP,AZ,AWP,WE,Federal Contract Tower,0,0,2,0,2,0,8,57,0,65,0,8,59,0,67,2,0,2,69
01/09/2002,IFP,AZ,AWP,WE,Federal Contract Tower,0,0,0,0,0,0,9,59,0,68,0,9,59,0,68,0,0,0,68
01/10/2002,IFP,AZ,AWP,WE,Federal Contract Tower,0,0,2,0,2,2,9,45,0,56,2,9,47,0,58,0,0,0,58
01/11/2002,IFP,AZ,AWP,WE,Federal Contract Tower,0,1,0,0,1,0,11,64,0,75,0,12,64,0,76,8,0,8,84
01/12/2002,IFP,AZ,AWP,WE,Federal Contract Tower,0,0,0,0,0,0,3,98,1,102,0,3,98,1,102,4,0,4,106
01/13/2002,IFP,AZ,AWP,WE,Federal Contract Tower,2,0,0,0,2,0,0,117,0,117,2,0,117,0,119,0,0,0,119
01/14/2002,IFP,AZ,AWP,WE,Federal Contract Tower,0,0,0,0,0,0,9,59,0,68,0,9,59,0,68,10,0,10,78
01/15/2002,IFP,AZ,AWP,WE,Federal Contract Tower,0,0,2,1,3,0,8,49,1,58,0,8,51,2,61,14,0,14,75
01/16/2002,IFP,AZ,AWP,WE,Federal Contract Tower,2,0,4,0,6,0,8,56,2,66,2,8,60,2,72,18,0,18,90
01/17/2002,IFP,AZ,AWP,WE,Federal Contract Tower,3,0,2,1,6,1,8,69,3,81,4,8,71,4,87,0,20,20,107
01/18/2002,IFP,AZ,AWP,WE,Federal Contract Tower,2,0,0,0,2,0,6,84,0,90,2,6,84,0,92,8,0,8,100
01/19/2002,IFP,AZ,AWP,WE,Federal Contract Tower,2,1,3,0,6,0,2,110,0,112,2,3,113,0,118,4,0,4,122
01/20/2002,IFP,AZ,AWP,WE,Federal Contract Tower,3,1,0,0,4,0,0,116,0,116,3,1,116,0,120,2,0,2,122
01/21/2002,IFP,AZ,AWP,WE,Federal Contract Tower,2,0,2,0,4,0,6,54,0,60,2,6,56,0,64,0,0,0,64
01/22/2002,IFP,AZ,AWP,WE,Federal Contract Tower,0,0,1,0,1,0,8,28,0,36,0,8,29,0,37,2,0,2,39
01/23/2002,IFP,AZ,AWP,WE,Federal Contract Tower,1,0,1,0,2,0,7,39,0,46,1,7,40,0,48,2,0,2,50
01/24/2002,IFP,AZ,AWP,WE,Federal Contract Tower,1,0,3,0,4,3,9,43,0,55,4,9,46,0,59,6,0,6,65
01/25/2002,IFP,AZ,AWP,WE,Federal Contract Tower,2,1,4,0,7,0,5,98,0,103,2,6,102,0,110,4,0,4,114
01/26/2002,IFP,AZ,AWP,WE,Federal Contract Tower,1,1,5,0,7,0,1,76,0,77,1,2,81,0,84,0,0,0,84
01/27/2002,IFP,AZ,AWP,WE,Federal Contract Tower,0,0,0,0,0,2,1,87,0,90,2,1,87,0,90,4,0,4,94
01/28/2002,IFP,AZ,AWP,WE,Federal Contract Tower,1,0,6,0,7,1,9,27,0,37,2,9,33,0,44,14,0,14,58
01/29/2002,IFP,AZ,AWP,WE,Federal Contract Tower,0,0,0,0,0,0,8,38,0,46,0,8,38,0,46,6,0,6,52
01/30/2002,IFP,AZ,AWP,WE,Federal Contract Tower,1,0,2,0,3,1,10,31,0,42,2,10,33,0,45,10,0,10,55
01/31/2002,IFP,AZ,AWP,WE,Federal Contract Tower,0,0,2,0,2,2,8,66,0,76,2,8,68,0,78,0,0,0,78
02/01/2002,IFP,AZ,AWP,WE,Federal Contract Tower,2,3,0,0,5,1,6,65,0,72,3,9,65,0,77,10,0,10,87
02/02/2002,IFP,AZ,AWP,WE,Federal Contract Tower,1,1,4,0,6,0,1,150,0,151,1,2,154,0,157,10,0,10,167
02/03/2002,IFP,AZ,AWP,WE,Federal Contract Tower,0,0,0,0,0,0,0,111,0,111,0,0,111,0,111,2,0,2,113
02/04/2002,IFP,AZ,AWP,WE,Federal Contract Tower,2,0,1,0,3,0,9,70,0,79,2,9,71,0,82,15,0,15,97
02/05/2002,IFP,AZ,AWP,WE,Federal Contract Tower,2,0,1,0,3,0,9,45,0,54,2,9,46,0,57,0,0,0,57
02/06/2002,IFP,AZ,AWP,WE,Federal Contract Tower,0,0,0,0,0,3,8,76,0,87,3,8,76,0,87,6,0,6,93
02/07/2002,IFP,AZ,AWP,WE,Federal Contract Tower,2,0,1,0,3,1,8,67,0,76,3,8,68,0,79,22,0,22,101
02/08/2002,IFP,AZ,AWP,WE,Federal Contract Tower,2,0,4,0,6,0,7,81,0,88,2,7,85,0,94,14,0,14,108
02/09/2002,IFP,AZ,AWP,WE,Federal Contract Tower,3,0,2,0,5,1,2,72,1,76,4,2,74,1,81,12,2,14,95
02/10/2002,IFP,AZ,AWP,WE,Federal Contract Tower,3,0,1,0,4,0,0,72,0,72,3,0,73,0,76,0,0,0,76
02/11/2002,IFP,AZ,AWP,WE,Federal Contract Tower,1,1,3,0,5,0,10,58,2,70,1,11,61,2,75,10,0,10,85
02/12/2002,IFP,AZ,AWP,WE,Federal Contract Tower,0,0,2,1,3,0,8,41,2,51,0,8,43,3,54,2,11,13,67
02/13/2002,IFP,AZ,AWP,WE,Federal Contract Tower,1,0,7,0,8,0,8,96,0,104,1,8,103,0,112,6,0,6,118
02/14/2002,IFP,AZ,AWP,WE,Federal Contract Tower,3,1,4,2,10,0,8,69,0,77,3,9,73,2,87,12,4,16,103
02/15/2002,IFP,AZ,AWP,WE,Federal Contract Tower,0,0,2,0,2,2,6,88,0,96,2,6,90,0,98,0,0,0,98
02/16/2002,IFP,AZ,AWP,WE,Federal Contract Tower,1,0,5,0,6,0,4,113,0,117,1,4,118,0,123,34,0,34,157
02/17/2002,IFP,AZ,AWP,WE,Federal Contract Tower,4,0,5,0,9,0,2,59,0,61,4,2,64,0,70,8,0,8,78
02/18/2002,IFP,AZ,AWP,WE,Federal Contract Tower,2,0,6,0,8,1,7,71,0,79,3,7,77,0,87,10,0,10,97
02/19/2002,IFP,AZ,AWP,WE,Federal Contract Tower,1,0,4,2,7,0,10,75,0,85,1,10,79,2,92,4,14,18,110
02/20/2002,IFP,AZ,AWP,WE,Federal Contract Tower,0,1,4,0,5,1,7,74,0,82,1,8,78,0,87,4,0,4,91
02/21/2002,IFP,AZ,AWP,WE,Federal Contract Tower,5,0,2,0,7,0,9,66,0,75,5,9,68,0,82,0,0,0,82
02/22/2002,IFP,AZ,AWP,WE,Federal Contract Tower,2,0,5,0,7,0,7,130,0,137,2,7,135,0,144,6,0,6,150
02/23/2002,IFP,AZ,AWP,WE,Federal Contract Tower,0,0,0,0,0,0,2,147,1,150,0,2,147,1,150,2,0,2,152
02/24/2002,IFP,AZ,AWP,WE,Federal Contract Tower,3,0,6,0,9,1,0,130,0,131,4,0,136,0,140,6,0,6,146
02/25/2002,IFP,AZ,AWP,WE,Federal Contract Tower,1,1,6,0,8,1,8,73,0,82,2,9,79,0,90,0,0,0,90
02/26/2002,IFP,AZ,AWP,WE,Federal Contract Tower,0,0,1,0,1,1,8,48,0,57,1,8,49,0,58,0,0,0,58
02/27/2002,IFP,AZ,AWP,WE,Federal Contract Tower,0,0,1,0,1,1,8,35,0,44,1,8,36,0,45,4,0,4,49
02/28/2002,IFP,AZ,AWP,WE,Federal Contract Tower,6,2,2,0,10,0,6,62,1,69,6,8,64,1,79,0,0,0,79
03/01/2002,IFP,AZ,AWP,WE,Federal Contract Tower,6,0,2,0,8,2,7,46,1,56,8,7,48,1,64,8,2,10,74
03/02/2002,IFP,AZ,AWP,WE,Federal Contract Tower,3,0,5,0,8,0,2,59,0,61,3,2,64,0,69,12,0,12,81
03/03/2002,IFP,AZ,AWP,WE,Federal Contract Tower,4,0,0,0,4,0,0,76,0,76,4,0,76,0,80,0,0,0,80
03/04/2002,IFP,AZ,AWP,WE,Federal Contract Tower,4,0,5,0,9,0,8,61,2,71,4,8,66,2,80,10,0,10,90
03/05/2002,IFP,AZ,AWP,WE,Federal Contract Tower,1,0,0,0,1,0,8,47,0,55,1,8,47,0,56,10,0,10,66
03/06/2002,IFP,AZ,AWP,WE,Federal Contract Tower,3,2,4,0,9,0,6,58,1,65,3,8,62,1,74,2,0,2,76
03/07/2002,IFP,AZ,AWP,WE,Federal Contract Tower,0,0,0,0,0,6,8,46,0,60,6,8,46,0,60,0,0,0,60
03/08/2002,IFP,AZ,AWP,WE,Federal Contract Tower,5,0,4,0,9,0,6,71,0,77,5,6,75,0,86,0,0,0,86
03/09/2002,IFP,AZ,AWP,WE,Federal Contract Tower,2,0,1,0,3,0,0,70,0,70,2,0,71,0,73,0,0,0,73
03/10/2002,IFP,AZ,AWP,WE,Federal Contract Tower,6,0,1,0,7,0,0,105,0,105,6,0,106,0,112,0,0,0,112
03/11/2002,IFP,AZ,AWP,WE,Federal Contract Tower,5,0,2,0,7,0,14,44,0,58,5,14,46,0,65,0,0,0,65
03/12/2002,IFP,AZ,AWP,WE,Federal Contract Tower,1,0,1,0,2,0,8,61,2,71,1,8,62,2,73,2,0,2,75
03/13/2002,IFP,AZ,AWP,WE,Federal Contract Tower,2,0,9,0,11,1,8,40,0,49,3,8,49,0,60,0,0,0,60
03/14/2002,IFP,AZ,AWP,WE,Federal Contract Tower,6,0,2,0,8,0,8,39,0,47,6,8,41,0,55,2,0,2,57
03/15/2002,IFP,AZ,AWP,WE,Federal Contract Tower,4,0,4,0,8,1,6,66,2,75,5,6,70,2,83,16,0,16,99
03/16/2002,IFP,AZ,AWP,WE,Federal Contract Tower,3,0,2,0,5,0,2,75,0,77,3,2,77,0,82,12,0,12,94
03/17/2002,IFP,AZ,AWP,WE,Federal Contract Tower,7,0,6,0,13,1,2,73,0,76,8,2,79,0,89,0,0,0,89
03/18/2002,IFP,AZ,AWP,WE,Federal Contract Tower,4,0,4,0,8,0,14,25,0,39,4,14,29,0,47,0,0,0,47
03/19/2002,IFP,AZ,AWP,WE,Federal Contract Tower,1,0,2,0,3,0,8,59,0,67,1,8,61,0,70,0,0,0,70
03/20/2002,IFP,AZ,AWP,WE,Federal Contract Tower,3,0,1,0,4,0,7,63,0,70,3,7,64,0,74,10,0,10,84
03/21/2002,IFP,AZ,AWP,WE,Federal Contract Tower,7,1,6,0,14,0,8,84,2,94,7,9,90,2,108,12,0,12,120
03/22/2002,IFP,AZ,AWP,WE,Federal Contract Tower,6,0,4,0,10,1,8,103,0,112,7,8,107,0,122,26,0,26,148
03/23/2002,IFP,AZ,AWP,WE,Federal Contract Tower,3,0,9,0,12,0,2,83,0,85,3,2,92,0,97,2,0,2,99
03/24/2002,IFP,AZ,AWP,WE,Federal Contract Tower,5,0,5,0,10,1,2,83,0,86,6,2,88,0,96,10,0,10,106
03/25/2002,IFP,AZ,AWP,WE,Federal Contract Tower,5,0,4,0,9,0,9,88,0,97,5,9,92,0,106,6,0,6,112
03/26/2002,IFP,AZ,AWP,WE,Federal Contract Tower,1,0,3,0,4,0,8,71,0,79,1,8,74,0,83,16,0,16,99
03/27/2002,IFP,AZ,AWP,WE,Federal Contract Tower,2,0,0,0,2,0,8,82,0,90,2,8,82,0,92,8,0,8,100
03/28/2002,IFP,AZ,AWP,WE,Federal Contract Tower,9,0,0,0,9,0,8,51,2,61,9,8,51,2,70,4,0,4,74
03/29/2002,IFP,AZ,AWP,WE,Federal Contract Tower,6,0,3,0,9,2,7,103,0,112,8,7,106,0,121,12,0,12,133
03/30/2002,IFP,AZ,AWP,WE,Federal Contract Tower,3,1,1,0,5,0,2,139,0,141,3,3,140,0,146,2,0,2,148
03/31/2002,IFP,AZ,AWP,WE,Federal Contract Tower,5,0,0,0,5,2,2,78,0,82,7,2,78,0,87,2,0,2,89
04/01/2002,IFP,AZ,AWP,WE,Federal Contract Tower,4,0,6,0,10,1,8,70,0,79,5,8,76,0,89,0,0,0,89
04/02/2002,IFP,AZ,AWP,WE,Federal Contract Tower,3,0,2,0,5,0,8,48,0,56,3,8,50,0,61,14,0,14,75
04/03/2002,IFP,AZ,AWP,WE,Federal Contract Tower,0,1,5,0,6,0,7,84,3,94,0,8,89,3,100,28,0,28,128
04/04/2002,IFP,AZ,AWP,WE,Federal Contract Tower,6,1,8,2,17,2,8,80,1,91,8,9,88,3,108,14,2,16,124
04/05/2002,IFP,AZ,AWP,WE,Federal Contract Tower,5,0,5,0,10,0,5,100,2,107,5,5,105,2,117,2,2,4,121
04/06/2002,IFP,AZ,AWP,WE,Federal Contract Tower,3,0,2,0,5,0,1,47,1,49,3,1,49,1,54,4,0,4,58
04/07/2002,IFP,AZ,AWP,WE,Federal Contract Tower,9,0,3,0,12,0,2,105,0,107,9,2,108,0,119,4,0,4,123
04/08/2002,IFP,AZ,AWP,WE,Federal Contract Tower,6,0,4,2,12,0,9,55,0,64,6,9,59,2,76,10,8,18,94
04/09/2002,IFP,AZ,AWP,WE,Federal Contract Tower,2,0,1,0,3,0,7,39,4,50,2,7,40,4,53,2,0,2,55
04/10/2002,IFP,AZ,AWP,WE,Federal Contract Tower,1,0,0,0,1,0,5,58,0,63,1,5,58,0,64,6,0,6,70
04/11/2002,IFP,AZ,AWP,WE,Federal Contract Tower,7,0,4,0,11,1,7,92,0,100,8,7,96,0,111,4,0,4,115
04/12/2002,IFP,AZ,AWP,WE,Federal Contract Tower,5,0,1,0,6,1,4,80,0,85,6,4,81,0,91,4,0,4,95
04/13/2002,IFP,AZ,AWP,WE,Federal Contract Tower,2,0,3,0,5,0,2,102,0,104,2,2,105,0,109,16,0,16,125
04/14/2002,IFP,AZ,AWP,WE,Federal Contract Tower,7,0,4,0,11,0,0,111,0,111,7,0,115,0,122,2,0,2,124
04/15/2002,IFP,AZ,AWP,WE,Federal Contract Tower,6,0,2,0,8,0,8,14,0,22,6,8,16,0,30,0,0,0,30
04/16/2002,IFP,AZ,AWP,WE,Federal Contract Tower,3,0,4,0,7,0,9,64,0,73,3,9,68,0,80,4,0,4,84
04/17/2002,IFP,AZ,AWP,WE,Federal Contract Tower,0,0,2,0,2,0,7,42,0,49,0,7,44,0,51,2,0,2,53
04/18/2002,IFP,AZ,AWP,WE,Federal Contract Tower,8,1,5,0,14,1,6,56,0,63,9,7,61,0,77,0,0,0,77
04/19/2002,IFP,AZ,AWP,WE,Federal Contract Tower,4,0,3,0,7,2,5,102,0,109,6,5,105,0,116,0,0,0,116
04/20/2002,IFP,AZ,AWP,WE,Federal Contract Tower,3,1,1,0,5,0,2,189,0,191,3,3,190,0,196,16,0,16,212
04/21/2002,IFP,AZ,AWP,WE,Federal Contract Tower,9,0,4,0,13,0,0,138,0,138,9,0,142,0,151,0,0,0,151
04/22/2002,IFP,AZ,AWP,WE,Federal Contract Tower,5,0,0,0,5,0,5,59,0,64,5,5,59,0,69,10,0,10,79
04/23/2002,IFP,AZ,AWP,WE,Federal Contract Tower,3,0,3,0,6,0,6,57,2,65,3,6,60,2,71,26,0,26,97
04/24/2002,IFP,AZ,AWP,WE,Federal Contract Tower,1,0,0,0,1,0,5,77,4,86,1,5,77,4,87,0,0,0,87
04/25/2002,IFP,AZ,AWP,WE,Federal Contract Tower,6,0,8,2,16,0,7,93,2,102,6,7,101,4,118,0,0,0,118
04/26/2002,IFP,AZ,AWP,WE,Federal Contract Tower,4,2,7,0,13,0,3,129,0,132,4,5,136,0,145,0,0,0,145
04/27/2002,IFP,AZ,AWP,WE,Federal Contract Tower,0,0,2,0,2,0,2,148,2,152,0,2,150,2,154,6,0,6,160
04/28/2002,IFP,AZ,AWP,WE,Federal Contract Tower,4,0,9,0,13,1,2,98,2,103,5,2,107,2,116,8,0,8,124
04/29/2002,IFP,AZ,AWP,WE,Federal Contract Tower,6,0,0,0,6,1,4,43,0,48,7,4,43,0,54,10,0,10,64
04/30/2002,IFP,AZ,AWP,WE,Federal Contract Tower,1,0,1,0,2,0,5,33,0,38,1,5,34,0,40,0,0,0,40
05/01/2002,IFP,AZ,AWP,WE,Federal Contract Tower,2,2,3,0,7,0,4,57,0,61,2,6,60,0,68,16,0,16,84
05/02/2002,IFP,AZ,AWP,WE,Federal Contract Tower,5,0,0,0,5,2,6,66,0,74,7,6,66,0,79,6,0,6,85
05/03/2002,IFP,AZ,AWP,WE,Federal Contract Tower,6,0,0,0,6,0,5,73,0,78,6,5,73,0,84,0,0,0,84
05/04/2002,IFP,AZ,AWP,WE,Federal Contract Tower,1,0,3,0,4,0,0,97,0,97,1,0,100,0,101,0,0,0,101
05/05/2002,IFP,AZ,AWP,WE,Federal Contract Tower,7,0,7,0,14,0,0,128,0,128,7,0,135,0,142,10,0,10,152
05/06/2002,IFP,AZ,AWP,WE,Federal Contract Tower,5,0,1,0,6,0,7,68,0,75,5,7,69,0,81,0,0,0,81
05/07/2002,IFP,AZ,AWP,WE,Federal Contract Tower,0,0,4,2,6,0,5,35,0,40,0,5,39,2,46,8,0,8,54
05/08/2002,IFP,AZ,AWP,WE,Federal Contract Tower,1,1,0,0,2,0,7,47,0,54,1,8,47,0,56,0,0,0,56
05/09/2002,IFP,AZ,AWP,WE,Federal Contract Tower,4,0,2,0,6,2,5,48,2,57,6,5,50,2,63,28,0,28,91
05/10/2002,IFP,AZ,AWP,WE,Federal Contract Tower,4,0,1,0,5,1,5,39,0,45,5,5,40,0,50,2,0,2,52
05/11/2002,IFP,AZ,AWP,WE,Federal Contract Tower,1,0,3,0,4,0,1,74,0,75,1,1,77,0,79,2,0,2,81
05/12/2002,IFP,AZ,AWP,WE,Federal Contract Tower,6,0,2,0,8,1,0,107,0,108,7,0,109,0,116,4,0,4,120
05/13/2002,IFP,AZ,AWP,WE,Federal Contract Tower,6,0,0,0,6,0,6,62,0,68,6,6,62,0,74,18,0,18,92
05/14/2002,IFP,AZ,AWP,WE,Federal Contract Tower,0,0,3,0,3,0,5,64,0,69,0,5,67,0,72,6,0,6,78
05/15/2002,IFP,AZ,AWP,WE,Federal Contract Tower,4,0,1,0,5,1,7,45,1,54,5,7,46,1,59,4,0,4,63
05/16/2002,IFP,AZ,AWP,WE,Federal Contract Tower,8,0,3,0,11,1,5,66,0,72,9,5,69,0,83,0,0,0,83
05/17/2002,IFP,AZ,AWP,WE,Federal Contract Tower,5,0,3,0,8,0,6,95,0,101,5,6,98,0,109,4,0,4,113
05/18/2002,IFP,AZ,AWP,WE,Federal Contract Tower,5,0,1,0,6,0,2,96,0,98,5,2,97,0,104,4,0,4,108
05/19/2002,IFP,AZ,AWP,WE,Federal Contract Tower,7,0,2,0,9,1,4,100,0,105,8,4,102,0,114,2,0,2,116
05/20/2002,IFP,AZ,AWP,WE,Federal Contract Tower,5,0,1,0,6,0,6,31,0,37,5,6,32,0,43,6,0,6,49
05/21/2002,IFP,AZ,AWP,WE,Federal Contract Tower,0,0,1,0,1,0,5,30,0,35,0,5,31,0,36,0,0,0,36
05/22/2002,IFP,AZ,AWP,WE,Federal Contract Tower,5,0,3,0,8,0,5,38,0,43,5,5,41,0,51,0,0,0,51
05/23/2002,IFP,AZ,AWP,WE,Federal Contract Tower,5,0,2,0,7,2,6,52,0,60,7,6,54,0,67,2,0,2,69
05/24/2002,IFP,AZ,AWP,WE,Federal Contract Tower,5,0,1,0,6,0,6,90,0,96,5,6,91,0,102,32,0,32,134
05/25/2002,IFP,AZ,AWP,WE,Federal Contract Tower,5,0,1,0,6,0,2,97,0,99,5,2,98,0,105,0,0,0,105
05/26/2002,IFP,AZ,AWP,WE,Federal Contract Tower,9,0,1,0,10,0,3,103,0,106,9,3,104,0,116,8,0,8,124
05/27/2002,IFP,AZ,AWP,WE,Federal Contract Tower,5,0,4,0,9,1,4,82,1,88,6,4,86,1,97,4,0,4,101
05/28/2002,IFP,AZ,AWP,WE,Federal Contract Tower,0,0,2,0,2,0,6,45,0,51,0,6,47,0,53,2,0,2,55
05/29/2002,IFP,AZ,AWP,WE,Federal Contract Tower,4,0,0,0,4,0,5,35,2,42,4,5,35,2,46,0,0,0,46
05/30/2002,IFP,AZ,AWP,WE,Federal Contract Tower,8,2,4,2,16,1,4,85,0,90,9,6,89,2,106,38,2,40,146
05/31/2002,IFP,AZ,AWP,WE,Federal Contract Tower,4,0,9,0,13,0,4,77,0,81,4,4,86,0,94,4,0,4,98
06/01/2002,IFP,AZ,AWP,WE,Federal Contract Tower,3,1,1,0,5,1,1,77,0,79,4,2,78,0,84,0,0,0,84
06/02/2002,IFP,AZ,AWP,WE,Federal Contract Tower,7,0,9,0,16,1,0,62,0,63,8,0,71,0,79,4,0,4,83
06/03/2002,IFP,AZ,AWP,WE,Federal Contract Tower,4,0,4,0,8,1,7,30,2,40,5,7,34,2,48,6,0,6,54
06/04/2002,IFP,AZ,AWP,WE,Federal Contract Tower,0,0,1,0,1,0,5,36,0,41,0,5,37,0,42,0,0,0,42
06/05/2002,IFP,AZ,AWP,WE,Federal Contract Tower,4,0,1,0,5,0,5,44,0,49,4,5,45,0,54,6,0,6,60
06/06/2002,IFP,AZ,AWP,WE,Federal Contract Tower,8,0,1,0,9,1,6,48,1,56,9,6,49,1,65,2,0,2,67
06/07/2002,IFP,AZ,AWP,WE,Federal Contract Tower,5,0,3,0,8,0,5,73,1,79,5,5,76,1,87,18,0,18,105
06/08/2002,IFP,AZ,AWP,WE,Federal Contract Tower,4,1,0,0,5,0,2,40,2,44,4,3,40,2,49,18,0,18,67
06/09/2002,IFP,AZ,AWP,WE,Federal Contract Tower,7,0,0,0,7,1,3,63,0,67,8,3,63,0,74,10,0,10,84
06/10/2002,IFP,AZ,AWP,WE,Federal Contract Tower,5,0,0,0,5,0,5,33,0,38,5,5,33,0,43,10,0,10,53
06/11/2002,IFP,AZ,AWP,WE,Federal Contract Tower,1,0,2,0,3,0,6,43,0,49,1,6,45,0,52,10,0,10,62
06/12/2002,IFP,AZ,AWP,WE,Federal Contract Tower,6,0,1,2,9,0,5,38,0,43,6,5,39,2,52,0,6,6,58
06/13/2002,IFP,AZ,AWP,WE,Federal Contract Tower,7,0,2,0,9,0,5,43,0,48,7,5,45,0,57,2,0,2,59
06/14/2002,IFP,AZ,AWP,WE,Federal Contract Tower,3,0,1,0,4,2,4,33,1,40,5,4,34,1,44,0,0,0,44
06/15/2002,IFP,AZ,AWP,WE,Federal Contract Tower,5,0,0,0,5,1,0,47,1,49,6,0,47,1,54,2,2,4,58
06/16/2002,IFP,AZ,AWP,WE,Federal Contract Tower,10,0,1,0,11,0,0,72,0,72,10,0,73,0,83,0,0,0,83
06/17/2002,IFP,AZ,AWP,WE,Federal Contract Tower,4,0,1,0,5,0,4,60,0,64,4,4,61,0,69,0,0,0,69
06/18/2002,IFP,AZ,AWP,WE,Federal Contract Tower,0,0,1,0,1,0,5,35,0,40,0,5,36,0,41,4,0,4,45
06/19/2002,IFP,AZ,AWP,WE,Federal Contract Tower,4,0,6,0,10,0,5,40,1,46,4,5,46,1,56,2,0,2,58
06/20/2002,IFP,AZ,AWP,WE,Federal Contract Tower,8,0,1,0,9,0,5,47,1,53,8,5,48,1,62,0,0,0,62
06/21/2002,IFP,AZ,AWP,WE,Federal Contract Tower,4,0,6,0,10,0,4,43,0,47,4,4,49,0,57,6,0,6,63
06/22/2002,IFP,AZ,AWP,WE,Federal Contract Tower,4,0,3,0,7,0,0,71,2,73,4,0,74,2,80,4,0,4,84
06/23/2002,IFP,AZ,AWP,WE,Federal Contract Tower,8,0,0,0,8,0,1,63,0,64,8,1,63,0,72,0,0,0,72
06/24/2002,IFP,AZ,AWP,WE,Federal Contract Tower,5,0,0,0,5,0,5,33,0,38,5,5,33,0,43,0,0,0,43
06/25/2002,IFP,AZ,AWP,WE,Federal Contract Tower,0,0,0,2,2,0,6,52,0,58,0,6,52,2,60,10,2,12,72
06/26/2002,IFP,AZ,AWP,WE,Federal Contract Tower,4,2,3,0,9,0,5,52,2,59,4,7,55,2,68,14,0,14,82
06/27/2002,IFP,AZ,AWP,WE,Federal Contract Tower,7,0,1,0,8,1,5,47,0,53,8,5,48,0,61,20,0,20,81
06/28/2002,IFP,AZ,AWP,WE,Federal Contract Tower,5,2,1,0,8,0,3,44,0,47,5,5,45,0,55,2,0,2,57
06/29/2002,IFP,AZ,AWP,WE,Federal Contract Tower,4,1,3,0,8,0,2,67,0,69,4,3,70,0,77,2,0,2,79
06/30/2002,IFP,AZ,AWP,WE,Federal Contract Tower,7,0,2,0,9,0,2,76,0,78,7,2,78,0,87,12,0,12,99
07/01/2002,IFP,AZ,AWP,WE,Federal Contract Tower,6,1,3,0,10,1,9,36,0,46,7,10,39,0,56,12,0,12,68
07/02/2002,IFP,AZ,AWP,WE,Federal Contract Tower,1,0,3,0,4,0,5,33,0,38,1,5,36,0,42,14,0,14,56
07/03/2002,IFP,AZ,AWP,WE,Federal Contract Tower,5,0,0,0,5,0,5,39,0,44,5,5,39,0,49,4,0,4,53
07/04/2002,IFP,AZ,AWP,WE,Federal Contract Tower,9,0,0,0,9,0,0,41,0,41,9,0,41,0,50,2,0,2,52
07/05/2002,IFP,AZ,AWP,WE,Federal Contract Tower,6,2,1,0,9,0,4,65,0,69,6,6,66,0,78,14,0,14,92
07/06/2002,IFP,AZ,AWP,WE,Federal Contract Tower,4,0,1,0,5,1,2,55,0,58,5,2,56,0,63,0,0,0,63
07/07/2002,IFP,AZ,AWP,WE,Federal Contract Tower,9,0,3,0,12,0,0,80,0,80,9,0,83,0,92,2,0,2,94
07/08/2002,IFP,AZ,AWP,WE,Federal Contract Tower,7,0,1,0,8,0,7,39,0,46,7,7,40,0,54,32,0,32,86
07/09/2002,IFP,AZ,AWP,WE,Federal Contract Tower,1,0,0,1,2,0,5,47,1,53,1,5,47,2,55,22,0,22,77
07/10/2002,IFP,AZ,AWP,WE,Federal Contract Tower,4,0,0,0,4,0,5,32,0,37,4,5,32,0,41,26,0,26,67
07/11/2002,IFP,AZ,AWP,WE,Federal Contract Tower,5,1,3,0,9,1,4,47,0,52,6,5,50,0,61,22,0,22,83
07/12/2002,IFP,AZ,AWP,WE,Federal Contract Tower,7,0,0,0,7,0,4,38,0,42,7,4,38,0,49,4,0,4,53
07/13/2002,IFP,AZ,AWP,WE,Federal Contract Tower,5,0,1,0,6,0,2,52,0,54,5,2,53,0,60,12,0,12,72
07/14/2002,IFP,AZ,AWP,WE,Federal Contract Tower,5,0,1,0,6,1,1,27,0,29,6,1,28,0,35,0,0,0,35
07/15/2002,IFP,AZ,AWP,WE,Federal Contract Tower,5,0,0,0,5,0,8,27,0,35,5,8,27,0,40,0,0,0,40
07/16/2002,IFP,AZ,AWP,WE,Federal Contract Tower,0,0,2,0,2,0,5,35,0,40,0,5,37,0,42,10,0,10,52
07/17/2002,IFP,AZ,AWP,WE,Federal Contract Tower,5,2,0,0,7,1,5,44,2,52,6,7,44,2,59,6,0,6,65
07/18/2002,IFP,AZ,AWP,WE,Federal Contract Tower,6,0,5,0,11,1,6,37,0,44,7,6,42,0,55,0,0,0,55
07/19/2002,IFP,AZ,AWP,WE,Federal Contract Tower,6,0,0,0,6,0,4,32,0,36,6,4,32,0,42,2,0,2,44
07/20/2002,IFP,AZ,AWP,WE,Federal Contract Tower,4,0,3,0,7,1,0,50,0,51,5,0,53,0,58,8,0,8,66
07/21/2002,IFP,AZ,AWP,WE,Federal Contract Tower,7,0,0,0,7,0,2,52,0,54,7,2,52,0,61,0,0,0,61
07/22/2002,IFP,AZ,AWP,WE,Federal Contract Tower,5,0,0,1,6,0,5,35,0,40,5,5,35,1,46,0,8,8,54
07/23/2002,IFP,AZ,AWP,WE,Federal Contract Tower,3,0,0,0,3,0,8,31,2,41,3,8,31,2,44,2,16,18,62
07/24/2002,IFP,AZ,AWP,WE,Federal Contract Tower,6,0,2,0,8,0,5,36,0,41,6,5,38,0,49,18,0,18,67
07/25/2002,IFP,AZ,AWP,WE,Federal Contract Tower,7,1,2,0,10,0,6,34,0,40,7,7,36,0,50,8,0,8,58
07/26/2002,IFP,AZ,AWP,WE,Federal Contract Tower,5,0,1,0,6,1,4,45,2,52,6,4,46,2,58,30,0,30,88
07/27/2002,IFP,AZ,AWP,WE,Federal Contract Tower,5,0,0,0,5,0,2,52,0,54,5,2,52,0,59,8,0,8,67
07/28/2002,IFP,AZ,AWP,WE,Federal Contract Tower,7,0,0,0,7,0,2,58,0,60,7,2,58,0,67,4,0,4,71
07/29/2002,IFP,AZ,AWP,WE,Federal Contract Tower,6,0,2,0,8,1,6,54,0,61,7,6,56,0,69,20,0,20,89
07/30/2002,IFP,AZ,AWP,WE,Federal Contract Tower,1,0,0,0,1,0,5,53,0,58,1,5,53,0,59,44,0,44,103
07/31/2002,IFP,AZ,AWP,WE,Federal Contract Tower,4,0,2,0,6,2,5,22,0,29,6,5,24,0,35,24,0,24,59
08/01/2002,IFP,AZ,AWP,WE,Federal Contract Tower,7,0,4,0,11,0,5,42,2,49,7,5,46,2,60,10,0,10,70
08/02/2002,IFP,AZ,AWP,WE,Federal Contract Tower,5,0,1,0,6,0,3,36,0,39,5,3,37,0,45,6,0,6,51
08/03/2002,IFP,AZ,AWP,WE,Federal Contract Tower,5,0,0,0,5,0,0,53,0,53,5,0,53,0,58,6,0,6,64
08/04/2002,IFP,AZ,AWP,WE,Federal Contract Tower,6,0,1,0,7,1,1,55,0,57,7,1,56,0,64,0,0,0,64
08/05/2002,IFP,AZ,AWP,WE,Federal Contract Tower,4,0,3,0,7,1,5,46,1,53,5,5,49,1,60,10,0,10,70
08/06/2002,IFP,AZ,AWP,WE,Federal Contract Tower,1,0,2,0,3,0,4,34,0,38,1,4,36,0,41,12,0,12,53
08/07/2002,IFP,AZ,AWP,WE,Federal Contract Tower,4,0,1,0,5,1,5,31,2,39,5,5,32,2,44,9,0,9,53
08/08/2002,IFP,AZ,AWP,WE,Federal Contract Tower,7,2,0,2,11,0,5,35,2,42,7,7,35,4,53,6,26,32,85
08/09/2002,IFP,AZ,AWP,WE,Federal Contract Tower,4,0,0,1,5,0,4,62,1,67,4,4,62,2,72,18,4,22,94
08/10/2002,IFP,AZ,AWP,WE,Federal Contract Tower,5,0,0,0,5,0,2,57,0,59,5,2,57,0,64,12,0,12,76
08/11/2002,IFP,AZ,AWP,WE,Federal Contract Tower,7,0,2,0,9,0,0,49,0,49,7,0,51,0,58,0,0,0,58
08/12/2002,IFP,AZ,AWP,WE,Federal Contract Tower,4,0,2,0,6,0,7,29,0,36,4,7,31,0,42,4,0,4,46
08/13/2002,IFP,AZ,AWP,WE,Federal Contract Tower,1,0,0,0,1,0,7,48,0,55,1,7,48,0,56,18,0,18,74
08/14/2002,IFP,AZ,AWP,WE,Federal Contract Tower,4,0,4,0,8,0,6,33,0,39,4,6,37,0,47,12,0,12,59
08/15/2002,IFP,AZ,AWP,WE,Federal Contract Tower,7,0,1,0,8,0,5,35,0,40,7,5,36,0,48,0,0,0,48
08/16/2002,IFP,AZ,AWP,WE,Federal Contract Tower,5,0,4,0,9,0,4,45,0,49,5,4,49,0,58,0,0,0,58
08/17/2002,IFP,AZ,AWP,WE,Federal Contract Tower,5,0,1,0,6,0,2,43,10,55,5,2,44,10,61,0,6,6,67
08/18/2002,IFP,AZ,AWP,WE,Federal Contract Tower,7,0,0,0,7,0,1,58,2,61,7,1,58,2,68,8,0,8,76
08/19/2002,IFP,AZ,AWP,WE,Federal Contract Tower,4,0,3,0,7,1,6,26,0,33,5,6,29,0,40,0,0,0,40
08/20/2002,IFP,AZ,AWP,WE,Federal Contract Tower,1,0,4,0,5,0,5,24,0,29,1,5,28,0,34,12,0,12,46
08/21/2002,IFP,AZ,AWP,WE,Federal Contract Tower,4,0,0,0,4,1,5,23,0,29,5,5,23,0,33,0,0,0,33
08/22/2002,IFP,AZ,AWP,WE,Federal Contract Tower,6,0,4,0,10,1,5,28,2,36,7,5,32,2,46,2,10,12,58
08/23/2002,IFP,AZ,AWP,WE,Federal Contract Tower,5,0,1,0,6,0,3,50,0,53,5,3,51,0,59,0,0,0,59
08/24/2002,IFP,AZ,AWP,WE,Federal Contract Tower,5,0,4,0,9,0,0,56,0,56,5,0,60,0,65,0,0,0,65
08/25/2002,IFP,AZ,AWP,WE,Federal Contract Tower,7,0,0,0,7,0,0,72,0,72,7,0,72,0,79,12,0,12,91
08/26/2002,IFP,AZ,AWP,WE,Federal Contract Tower,4,0,4,0,8,0,6,30,0,36,4,6,34,0,44,0,0,0,44
08/27/2002,IFP,AZ,AWP,WE,Federal Contract Tower,1,0,1,0,2,0,8,36,0,44,1,8,37,0,46,4,0,4,50
08/28/2002,IFP,AZ,AWP,WE,Federal Contract Tower,4,0,1,0,5,0,6,25,0,31,4,6,26,0,36,2,0,2,38
08/29/2002,IFP,AZ,AWP,WE,Federal Contract Tower,7,0,5,0,12,0,6,58,0,64,7,6,63,0,76,2,0,2,78
08/30/2002,IFP,AZ,AWP,WE,Federal Contract Tower,4,0,3,0,7,0,5,70,0,75,4,5,73,0,82,2,0,2,84
08/31/2002,IFP,AZ,AWP,WE,Federal Contract Tower,4,0,0,0,4,0,0,72,0,72,4,0,72,0,76,0,0,0,76
09/01/2002,IFP,AZ,AWP,WE,Federal Contract Tower,7,0,0,0,7,0,2,59,0,61,7,2,59,0,68,0,0,0,68
09/02/2002,IFP,AZ,AWP,WE,Federal Contract Tower,3,0,1,0,4,1,0,67,0,68,4,0,68,0,72,8,0,8,80
09/03/2002,IFP,AZ,AWP,WE,Federal Contract Tower,1,0,3,0,4,0,6,27,0,33,1,6,30,0,37,10,0,10,47
09/04/2002,IFP,AZ,AWP,WE,Federal Contract Tower,4,0,0,0,4,0,5,53,0,58,4,5,53,0,62,30,0,30,92
09/05/2002,IFP,AZ,AWP,WE,Federal Contract Tower,7,0,4,0,11,0,4,25,0,29,7,4,29,0,40,0,0,0,40
09/06/2002,IFP,AZ,AWP,WE,Federal Contract Tower,6,0,2,0,8,0,6,27,0,33,6,6,29,0,41,8,0,8,49
09/07/2002,IFP,AZ,AWP,WE,Federal Contract Tower,5,0,5,0,10,0,0,27,0,27,5,0,32,0,37,10,0,10,47
09/08/2002,IFP,AZ,AWP,WE,Federal Contract Tower,7,0,4,0,11,0,0,66,0,66,7,0,70,0,77,0,0,0,77
09/09/2002,IFP,AZ,AWP,WE,Federal Contract Tower,5,0,0,0,5,0,5,30,0,35,5,5,30,0,40,2,0,2,42
09/10/2002,IFP,AZ,AWP,WE,Federal Contract Tower,0,0,2,0,2,0,6,37,7,50,0,6,39,7,52,10,0,10,62
09/11/2002,IFP,AZ,AWP,WE,Federal Contract Tower,5,0,2,0,7,0,6,46,0,52,5,6,48,0,59,18,0,18,77
09/12/2002,IFP,AZ,AWP,WE,Federal Contract Tower,7,0,0,0,7,0,5,25,0,30,7,5,25,0,37,0,0,0,37
09/13/2002,IFP,AZ,AWP,WE,Federal Contract Tower,5,0,3,0,8,1,5,65,2,73,6,5,68,2,81,12,0,12,93
09/14/2002,IFP,AZ,AWP,WE,Federal Contract Tower,5,0,3,0,8,0,0,48,0,48,5,0,51,0,56,38,0,38,94
09/15/2002,IFP,AZ,AWP,WE,Federal Contract Tower,7,0,1,0,8,0,1,68,4,73,7,1,69,4,81,28,0,28,109
09/16/2002,IFP,AZ,AWP,WE,Federal Contract Tower,6,0,2,2,10,0,6,33,0,39,6,6,35,2,49,6,26,32,81
09/17/2002,IFP,AZ,AWP,WE,Federal Contract Tower,3,0,2,0,5,0,4,28,0,32,3,4,30,0,37,6,0,6,43
09/18/2002,IFP,AZ,AWP,WE,Federal Contract Tower,4,0,5,0,9,0,6,28,4,38,4,6,33,4,47,0,0,0,47
09/19/2002,IFP,AZ,AWP,WE,Federal Contract Tower,8,0,0,0,8,0,6,42,0,48,8,6,42,0,56,6,0,6,62
09/20/2002,IFP,AZ,AWP,WE,Federal Contract Tower,7,0,1,0,8,1,5,50,0,56,8,5,51,0,64,0,0,0,64
09/21/2002,IFP,AZ,AWP,WE,Federal Contract Tower,5,0,1,0,6,0,0,89,2,91,5,0,90,2,97,78,0,78,175
09/22/2002,IFP,AZ,AWP,WE,Federal Contract Tower,8,0,2,0,10,1,0,53,0,54,9,0,55,0,64,52,0,52,116
09/23/2002,IFP,AZ,AWP,WE,Federal Contract Tower,9,1,4,0,14,1,6,36,0,43,10,7,40,0,57,4,0,4,61
09/24/2002,IFP,AZ,AWP,WE,Federal Contract Tower,1,0,2,0,3,0,8,45,0,53,1,8,47,0,56,12,0,12,68
09/25/2002,IFP,AZ,AWP,WE,Federal Contract Tower,4,0,4,0,8,0,6,44,0,50,4,6,48,0,58,0,0,0,58
09/26/2002,IFP,AZ,AWP,WE,Federal Contract Tower,9,0,6,0,15,0,5,50,0,55,9,5,56,0,70,22,0,22,92
09/27/2002,IFP,AZ,AWP,WE,Federal Contract Tower,7,0,2,0,9,1,5,57,0,63,8,5,59,0,72,22,0,22,94
09/28/2002,IFP,AZ,AWP,WE,Federal Contract Tower,5,0,3,0,8,0,2,64,0,66,5,2,67,0,74,52,0,52,126
09/29/2002,IFP,AZ,AWP,WE,Federal Contract Tower,10,0,4,0,14,0,1,81,0,82,10,1,85,0,96,38,0,38,134
09/30/2002,IFP,AZ,AWP,WE,Federal Contract Tower,6,0,3,0,9,2,7,30,0,39,8,7,33,0,48,0,0,0,48
10/01/2002,IFP,AZ,AWP,WE,Federal Contract Tower,0,0,4,1,5,0,8,26,1,35,0,8,30,2,40,16,6,22,62
10/02/2002,IFP,AZ,AWP,WE,Federal Contract Tower,4,0,4,0,8,1,6,16,4,27,5,6,20,4,35,0,0,0,35
10/03/2002,IFP,AZ,AWP,WE,Federal Contract Tower,10,4,2,0,16,0,9,49,2,60,10,13,51,2,76,0,0,0,76
10/04/2002,IFP,AZ,AWP,WE,Federal Contract Tower,7,1,2,0,10,1,4,65,0,70,8,5,67,0,80,0,0,0,80
10/05/2002,IFP,AZ,AWP,WE,Federal Contract Tower,5,0,5,0,10,0,1,125,0,126,5,1,130,0,136,8,0,8,144
10/06/2002,IFP,AZ,AWP,WE,Federal Contract Tower,10,0,2,0,12,0,1,90,0,91,10,1,92,0,103,0,0,0,103
10/07/2002,IFP,AZ,AWP,WE,Federal Contract Tower,6,0,1,0,7,0,4,38,0,42,6,4,39,0,49,0,0,0,49
10/08/2002,IFP,AZ,AWP,WE,Federal Contract Tower,5,0,1,1,7,0,9,47,1,57,5,9,48,2,64,0,8,8,72
10/09/2002,IFP,AZ,AWP,WE,Federal Contract Tower,4,0,4,2,10,0,5,50,2,57,4,5,54,4,67,0,10,10,77
10/10/2002,IFP,AZ,AWP,WE,Federal Contract Tower,11,0,1,0,12,0,5,55,1,61,11,5,56,1,73,6,0,6,79
10/11/2002,IFP,AZ,AWP,WE,Federal Contract Tower,6,0,0,1,7,0,4,73,0,77,6,4,73,1,84,6,0,6,90
10/12/2002,IFP,AZ,AWP,WE,Federal Contract Tower,4,0,2,0,6,2,0,86,0,88,6,0,88,0,94,54,0,54,148
10/13/2002,IFP,AZ,AWP,WE,Federal Contract Tower,13,0,7,0,20,0,4,84,0,88,13,4,91,0,108,0,0,0,108
10/14/2002,IFP,AZ,AWP,WE,Federal Contract Tower,6,1,6,0,13,0,5,69,0,74,6,6,75,0,87,14,0,14,101
10/15/2002,IFP,AZ,AWP,WE,Federal Contract Tower,1,0,1,0,2,0,5,46,0,51,1,5,47,0,53,12,0,12,65
10/16/2002,IFP,AZ,AWP,WE,Federal Contract Tower,4,0,5,0,9,0,6,48,1,55,4,6,53,1,64,6,0,6,70
10/17/2002,IFP,AZ,AWP,WE,Federal Contract Tower,13,0,2,0,15,0,6,23,0,29,13,6,25,0,44,0,2,2,46
10/18/2002,IFP,AZ,AWP,WE,Federal Contract Tower,4,0,3,0,7,1,4,53,1,59,5,4,56,1,66,4,0,4,70
10/19/2002,IFP,AZ,AWP,WE,Federal Contract Tower,6,0,3,0,9,0,0,81,0,81,6,0,84,0,90,28,0,28,118
10/20/2002,IFP,AZ,AWP,WE,Federal Contract Tower,9,0,5,0,14,0,0,97,0,97,9,0,102,0,111,35,0,35,146
10/21/2002,IFP,AZ,AWP,WE,Federal Contract Tower,6,0,2,0,8,0,5,53,0,58,6,5,55,0,66,14,0,14,80
10/22/2002,IFP,AZ,AWP,WE,Federal Contract Tower,3,0,1,0,4,0,7,55,0,62,3,7,56,0,66,14,0,14,80
10/23/2002,IFP,AZ,AWP,WE,Federal Contract Tower,5,0,4,0,9,1,5,54,0,60,6,5,58,0,69,2,0,2,71
10/24/2002,IFP,AZ,AWP,WE,Federal Contract Tower,11,2,3,0,16,0,6,80,0,86,11,8,83,0,102,16,0,16,118
10/25/2002,IFP,AZ,AWP,WE,Federal Contract Tower,5,0,2,0,7,0,4,64,0,68,5,4,66,0,75,4,0,4,79
10/26/2002,IFP,AZ,AWP,WE,Federal Contract Tower,5,0,2,0,7,0,0,14,0,14,5,0,16,0,21,30,0,30,51
10/27/2002,IFP,AZ,AWP,WE,Federal Contract Tower,11,0,7,0,18,0,0,42,0,42,11,0,49,0,60,47,0,47,107
10/28/2002,IFP,AZ,AWP,WE,Federal Contract Tower,4,0,2,0,6,0,8,38,0,46,4,8,40,0,52,6,0,6,58
10/29/2002,IFP,AZ,AWP,WE,Federal Contract Tower,1,0,0,0,1,0,8,57,0,65,1,8,57,0,66,8,0,8,74
10/30/2002,IFP,AZ,AWP,WE,Federal Contract Tower,6,0,3,0,9,0,6,55,0,61,6,6,58,0,70,10,0,10,80
10/31/2002,IFP,AZ,AWP,WE,Federal Contract Tower,9,0,4,0,13,1,6,54,0,61,10,6,58,0,74,0,0,0,74
11/01/2002,IFP,AZ,AWP,WE,Federal Contract Tower,6,0,3,0,9,0,6,104,0,110,6,6,107,0,119,4,0,4,123
11/02/2002,IFP,AZ,AWP,WE,Federal Contract Tower,4,0,3,0,7,1,0,146,1,148,5,0,149,1,155,40,0,40,195
11/03/2002,IFP,AZ,AWP,WE,Federal Contract Tower,9,0,5,0,14,0,2,112,0,114,9,2,117,0,128,8,0,8,136
11/04/2002,IFP,AZ,AWP,WE,Federal Contract Tower,3,1,1,0,5,2,6,34,0,42,5,7,35,0,47,2,0,2,49
11/05/2002,IFP,AZ,AWP,WE,Federal Contract Tower,0,0,1,0,1,0,6,36,0,42,0,6,37,0,43,14,0,14,57
11/06/2002,IFP,AZ,AWP,WE,Federal Contract Tower,5,0,2,0,7,0,6,35,0,41,5,6,37,0,48,0,0,0,48
11/07/2002,IFP,AZ,AWP,WE,Federal Contract Tower,0,0,0,0,0,7,4,34,0,45,7,4,34,0,45,8,0,8,53
11/08/2002,IFP,AZ,AWP,WE,Federal Contract Tower,5,3,2,0,10,1,2,26,0,29,6,5,28,0,39,2,0,2,41
11/09/2002,IFP,AZ,AWP,WE,Federal Contract Tower,5,0,3,0,8,0,0,34,0,34,5,0,37,0,42,52,0,52,94
11/10/2002,IFP,AZ,AWP,WE,Federal Contract Tower,10,0,0,0,10,0,2,80,0,82,10,2,80,0,92,36,0,36,128
11/11/2002,IFP,AZ,AWP,WE,Federal Contract Tower,6,0,2,0,8,0,4,46,0,50,6,4,48,0,58,2,0,2,60
11/12/2002,IFP,AZ,AWP,WE,Federal Contract Tower,0,0,0,0,0,0,9,48,0,57,0,9,48,0,57,8,0,8,65
11/13/2002,IFP,AZ,AWP,WE,Federal Contract Tower,5,0,1,0,6,0,6,63,0,69,5,6,64,0,75,18,0,18,93
11/14/2002,IFP,AZ,AWP,WE,Federal Contract Tower,8,0,1,0,9,0,6,58,0,64,8,6,59,0,73,10,0,10,83
11/15/2002,IFP,AZ,AWP,WE,Federal Contract Tower,5,0,0,0,5,0,7,62,2,71,5,7,62,2,76,0,0,0,76
11/16/2002,IFP,AZ,AWP,WE,Federal Contract Tower,4,0,6,0,10,1,0,100,1,102,5,0,106,1,112,60,2,62,174
11/17/2002,IFP,AZ,AWP,WE,Federal Contract Tower,7,0,1,0,8,0,0,111,0,111,7,0,112,0,119,22,0,22,141
11/18/2002,IFP,AZ,AWP,WE,Federal Contract Tower,5,0,1,0,6,0,6,42,0,48,5,6,43,0,54,12,0,12,66
11/19/2002,IFP,AZ,AWP,WE,Federal Contract Tower,0,0,6,0,6,0,6,40,0,46,0,6,46,0,52,8,0,8,60
11/20/2002,IFP,AZ,AWP,WE,Federal Contract Tower,5,0,4,0,9,0,6,22,0,28,5,6,26,0,37,0,0,0,37
11/21/2002,IFP,AZ,AWP,WE,Federal Contract Tower,8,0,4,0,12,0,8,35,0,43,8,8,39,0,55,10,0,10,65
11/22/2002,IFP,AZ,AWP,WE,Federal Contract Tower,5,1,1,0,7,0,4,85,2,91,5,5,86,2,98,12,0,12,110
11/23/2002,IFP,AZ,AWP,WE,Federal Contract Tower,5,0,6,0,11,0,4,93,0,97,5,4,99,0,108,70,0,70,178
11/24/2002,IFP,AZ,AWP,WE,Federal Contract Tower,7,0,6,0,13,1,2,88,1,92,8,2,94,1,105,34,0,34,139
11/25/2002,IFP,AZ,AWP,WE,Federal Contract Tower,4,0,1,0,5,0,6,24,1,31,4,6,25,1,36,4,0,4,40
11/26/2002,IFP,AZ,AWP,WE,Federal Contract Tower,3,0,1,0,4,0,7,22,0,29,3,7,23,0,33,0,0,0,33
11/27/2002,IFP,AZ,AWP,WE,Federal Contract Tower,5,0,4,0,9,0,6,34,0,40,5,6,38,0,49,4,0,4,53
11/28/2002,IFP,AZ,AWP,WE,Federal Contract Tower,7,0,1,0,8,0,0,35,0,35,7,0,36,0,43,0,0,0,43
11/29/2002,IFP,AZ,AWP,WE,Federal Contract Tower,3,0,1,0,4,0,3,39,0,42,3,3,40,0,46,0,0,0,46
11/30/2002,IFP,AZ,AWP,WE,Federal Contract Tower,5,0,3,0,8,0,0,19,0,19,5,0,22,0,27,0,0,0,27
12/01/2002,IFP,AZ,AWP,WE,Federal Contract Tower,8,0,6,0,14,0,2,74,0,76,8,2,80,0,90,4,0,4,94
12/02/2002,IFP,AZ,AWP,WE,Federal Contract Tower,5,0,2,2,9,0,8,48,0,56,5,8,50,2,65,0,4,4,69
12/03/2002,IFP,AZ,AWP,WE,Federal Contract Tower,1,0,1,0,2,0,6,34,0,40,1,6,35,0,42,0,0,0,42
12/04/2002,IFP,AZ,AWP,WE,Federal Contract Tower,4,1,0,0,5,0,6,41,0,47,4,7,41,0,52,6,0,6,58
12/05/2002,IFP,AZ,AWP,WE,Federal Contract Tower,7,4,3,0,14,1,7,47,1,56,8,11,50,1,70,8,0,8,78
12/06/2002,IFP,AZ,AWP,WE,Federal Contract Tower,5,1,0,0,6,0,4,68,0,72,5,5,68,0,78,0,0,0,78
12/07/2002,IFP,AZ,AWP,WE,Federal Contract Tower,5,0,0,0,5,1,1,93,1,96,6,1,93,1,101,60,0,60,161
12/08/2002,IFP,AZ,AWP,WE,Federal Contract Tower,8,0,0,0,8,0,0,81,1,82,8,0,81,1,90,18,0,18,108
12/09/2002,IFP,AZ,AWP,WE,Federal Contract Tower,6,0,2,1,9,0,6,55,0,61,6,6,57,1,70,16,0,16,86
12/10/2002,IFP,AZ,AWP,WE,Federal Contract Tower,2,0,6,0,8,0,7,38,0,45,2,7,44,0,53,22,0,22,75
12/11/2002,IFP,AZ,AWP,WE,Federal Contract Tower,4,0,0,2,6,0,6,33,0,39,4,6,33,2,45,10,0,10,55
12/12/2002,IFP,AZ,AWP,WE,Federal Contract Tower,8,0,3,0,11,0,7,48,0,55,8,7,51,0,66,22,0,22,88
12/13/2002,IFP,AZ,AWP,WE,Federal Contract Tower,5,1,2,0,8,0,4,64,0,68,5,5,66,0,76,28,0,28,104
12/14/2002,IFP,AZ,AWP,WE,Federal Contract Tower,4,0,6,0,10,1,2,63,0,66,5,2,69,0,76,38,0,38,114
12/15/2002,IFP,AZ,AWP,WE,Federal Contract Tower,7,0,8,0,15,0,0,40,0,40,7,0,48,0,55,4,0,4,59
12/16/2002,IFP,AZ,AWP,WE,Federal Contract Tower,2,2,2,2,8,0,10,25,0,35,2,12,27,2,43,2,0,2,45
12/17/2002,IFP,AZ,AWP,WE,Federal Contract Tower,0,1,3,0,4,0,9,16,0,25,0,10,19,0,29,14,0,14,43
12/18/2002,IFP,AZ,AWP,WE,Federal Contract Tower,0,0,1,0,1,1,12,36,0,49,1,12,37,0,50,16,0,16,66
12/19/2002,IFP,AZ,AWP,WE,Federal Contract Tower,4,0,0,1,5,0,12,57,3,72,4,12,57,4,77,30,4,34,111
12/20/2002,IFP,AZ,AWP,WE,Federal Contract Tower,0,6,4,0,10,0,3,33,0,36,0,9,37,0,46,0,0,0,46
12/21/2002,IFP,AZ,AWP,WE,Federal Contract Tower,0,0,1,0,1,0,3,18,0,21,0,3,19,0,22,6,0,6,28
12/22/2002,IFP,AZ,AWP,WE,Federal Contract Tower,4,0,1,0,5,0,0,27,0,27,4,0,28,0,32,0,0,0,32
12/23/2002,IFP,AZ,AWP,WE,Federal Contract Tower,0,0,5,0,5,0,8,52,0,60,0,8,57,0,65,0,0,0,65
12/24/2002,IFP,AZ,AWP,WE,Federal Contract Tower,0,0,1,0,1,1,8,35,0,44,1,8,36,0,45,0,0,0,45
12/25/2002,IFP,AZ,AWP,WE,Federal Contract Tower,0,0,0,0,0,0,0,35,0,35,0,0,35,0,35,0,0,0,35
12/26/2002,IFP,AZ,AWP,WE,Federal Contract Tower,4,2,4,0,10,0,6,67,0,73,4,8,71,0,83,0,0,0,83
12/27/2002,IFP,AZ,AWP,WE,Federal Contract Tower,2,1,4,0,7,0,4,67,0,71,2,5,71,0,78,12,0,12,90
12/28/2002,IFP,AZ,AWP,WE,Federal Contract Tower,1,0,1,0,2,0,1,85,0,86,1,1,86,0,88,88,0,88,176
12/29/2002,IFP,AZ,AWP,WE,Federal Contract Tower,6,0,1,0,7,0,0,67,0,67,6,0,68,0,74,34,0,34,108
12/30/2002,IFP,AZ,AWP,WE,Federal Contract Tower,0,0,1,0,1,0,6,59,0,65,0,6,60,0,66,4,0,4,70
12/31/2002,IFP,AZ,AWP,WE,Federal Contract Tower,0,0,2,0,2,0,6,68,0,74,0,6,70,0,76,0,0,0,76
01/01/2003,IFP,AZ,AWP,WE,Federal Contract Tower,2,0,3,0,5,0,0,81,0,81,2,0,84,0,86,2,0,2,88
01/02/2003,IFP,AZ,AWP,WE,Federal Contract Tower,3,0,3,0,6,1,6,72,0,79,4,6,75,0,85,0,0,0,85
01/03/2003,IFP,AZ,AWP,WE,Federal Contract Tower,0,0,4,0,4,1,5,63,4,73,1,5,67,4,77,2,0,2,79
01/04/2003,IFP,AZ,AWP,WE,Federal Contract Tower,0,1,1,0,2,0,1,117,0,118,0,2,118,0,120,44,0,44,164
01/05/2003,IFP,AZ,AWP,WE,Federal Contract Tower,4,0,1,0,5,0,0,94,0,94,4,0,95,0,99,34,0,34,133
01/06/2003,IFP,AZ,AWP,WE,Federal Contract Tower,2,1,0,0,3,0,7,10,0,17,2,8,10,0,20,2,0,2,22
01/07/2003,IFP,AZ,AWP,WE,Federal Contract Tower,0,0,0,0,0,0,7,36,0,43,0,7,36,0,43,0,0,0,43
01/08/2003,IFP,AZ,AWP,WE,Federal Contract Tower,0,0,1,0,1,0,6,43,0,49,0,6,44,0,50,20,0,20,70
01/09/2003,IFP,AZ,AWP,WE,Federal Contract Tower,6,1,4,0,11,0,7,48,0,55,6,8,52,0,66,0,0,0,66
01/10/2003,IFP,AZ,AWP,WE,Federal Contract Tower,6,1,3,0,10,0,6,45,0,51,6,7,48,0,61,2,0,2,63
01/11/2003,IFP,AZ,AWP,WE,Federal Contract Tower,2,0,2,0,4,0,2,118,0,120,2,2,120,0,124,20,0,20,144
01/12/2003,IFP,AZ,AWP,WE,Federal Contract Tower,5,0,1,0,6,0,0,81,0,81,5,0,82,0,87,30,0,30,117
01/13/2003,IFP,AZ,AWP,WE,Federal Contract Tower,7,0,1,0,8,0,7,56,5,68,7,7,57,5,76,24,17,41,117
01/14/2003,IFP,AZ,AWP,WE,Federal Contract Tower,2,0,0,0,2,0,6,62,0,68,2,6,62,0,70,2,0,2,72
01/15/2003,IFP,AZ,AWP,WE,Federal Contract Tower,2,0,1,0,3,0,6,31,0,37,2,6,32,0,40,8,0,8,48
01/16/2003,IFP,AZ,AWP,WE,Federal Contract Tower,8,0,0,0,8,0,6,60,0,66,8,6,60,0,74,0,0,0,74
01/17/2003,IFP,AZ,AWP,WE,Federal Contract Tower,7,0,6,0,13,0,5,85,0,90,7,5,91,0,103,7,0,7,110
01/18/2003,IFP,AZ,AWP,WE,Federal Contract Tower,3,0,3,0,6,1,2,139,0,142,4,2,142,0,148,76,0,76,224
01/19/2003,IFP,AZ,AWP,WE,Federal Contract Tower,5,0,2,0,7,0,0,169,0,169,5,0,171,0,176,64,0,64,240
01/20/2003,IFP,AZ,AWP,WE,Federal Contract Tower,9,0,0,0,9,0,4,64,0,68,9,4,64,0,77,10,0,10,87
01/21/2003,IFP,AZ,AWP,WE,Federal Contract Tower,2,0,1,0,3,0,5,44,1,50,2,5,45,1,53,2,0,2,55
01/22/2003,IFP,AZ,AWP,WE,Federal Contract Tower,3,0,2,0,5,0,6,46,1,53,3,6,48,1,58,0,0,0,58
01/23/2003,IFP,AZ,AWP,WE,Federal Contract Tower,7,0,2,0,9,0,8,67,0,75,7,8,69,0,84,2,0,2,86
01/24/2003,IFP,AZ,AWP,WE,Federal Contract Tower,7,0,2,0,9,0,5,70,0,75,7,5,72,0,84,20,0,20,104
01/25/2003,IFP,AZ,AWP,WE,Federal Contract Tower,3,0,1,0,4,0,2,66,0,68,3,2,67,0,72,46,0,46,118
01/26/2003,IFP,AZ,AWP,WE,Federal Contract Tower,6,0,3,0,9,0,0,68,0,68,6,0,71,0,77,30,0,30,107
01/27/2003,IFP,AZ,AWP,WE,Federal Contract Tower,8,0,5,2,15,0,6,70,0,76,8,6,75,2,91,4,0,4,95
01/28/2003,IFP,AZ,AWP,WE,Federal Contract Tower,2,0,3,0,5,0,5,67,0,72,2,5,70,0,77,4,0,4,81
01/29/2003,IFP,AZ,AWP,WE,Federal Contract Tower,3,0,2,0,5,0,6,63,3,72,3,6,65,3,77,0,0,0,77
01/30/2003,IFP,AZ,AWP,WE,Federal Contract Tower,7,0,1,0,8,0,6,54,0,60,7,6,55,0,68,4,0,4,72
01/31/2003,IFP,AZ,AWP,WE,Federal Contract Tower,2,1,3,0,6,0,4,67,0,71,2,5,70,0,77,0,0,0,77
02/01/2003,IFP,AZ,AWP,WE,Federal Contract Tower,1,0,6,0,7,1,0,89,0,90,2,0,95,0,97,6,0,6,103
02/02/2003,IFP,AZ,AWP,WE,Federal Contract Tower,6,0,4,0,10,1,0,63,0,64,7,0,67,0,74,0,0,0,74
02/03/2003,IFP,AZ,AWP,WE,Federal Contract Tower,7,0,0,0,7,0,6,40,0,46,7,6,40,0,53,4,0,4,57
02/04/2003,IFP,AZ,AWP,WE,Federal Contract Tower,0,0,0,0,0,0,6,66,0,72,0,6,66,0,72,8,0,8,80
02/05/2003,IFP,AZ,AWP,WE,Federal Contract Tower,3,0,0,0,3,0,6,47,0,53,3,6,47,0,56,4,0,4,60
02/06/2003,IFP,AZ,AWP,WE,Federal Contract Tower,8,0,0,0,8,0,6,35,2,43,8,6,35,2,51,0,0,0,51
02/07/2003,IFP,AZ,AWP,WE,Federal Contract Tower,7,1,1,0,9,0,5,59,0,64,7,6,60,0,73,0,0,0,73
02/08/2003,IFP,AZ,AWP,WE,Federal Contract Tower,3,0,3,0,6,0,3,66,0,69,3,3,69,0,75,6,0,6,81
02/09/2003,IFP,AZ,AWP,WE,Federal Contract Tower,6,0,6,0,12,0,0,113,0,113,6,0,119,0,125,0,0,0,125
02/10/2003,IFP,AZ,AWP,WE,Federal Contract Tower,9,0,2,0,11,0,8,52,1,61,9,8,54,1,72,10,0,10,82
02/11/2003,IFP,AZ,AWP,WE,Federal Contract Tower,1,0,2,0,3,0,5,27,0,32,1,5,29,0,35,2,0,2,37
02/12/2003,IFP,AZ,AWP,WE,Federal Contract Tower,2,1,3,0,6,0,4,36,0,40,2,5,39,0,46,8,0,8,54
02/13/2003,IFP,AZ,AWP,WE,Federal Contract Tower,3,0,2,0,5,0,2,3,0,5,3,2,5,0,10,0,0,0,10
02/14/2003,IFP,AZ,AWP,WE,Federal Contract Tower,5,1,5,0,11,1,4,33,2,40,6,5,38,2,51,22,0,22,73
02/15/2003,IFP,AZ,AWP,WE,Federal Contract Tower,3,0,1,0,4,0,0,76,1,77,3,0,77,1,81,76,0,76,157
02/16/2003,IFP,AZ,AWP,WE,Federal Contract Tower,5,0,4,0,9,0,0,54,0,54,5,0,58,0,63,40,0,40,103
02/17/2003,IFP,AZ,AWP,WE,Federal Contract Tower,9,0,0,0,9,0,4,55,0,59,9,4,55,0,68,2,0,2,70
02/18/2003,IFP,AZ,AWP,WE,Federal Contract Tower,0,0,2,0,2,0,6,37,0,43,0,6,39,0,45,14,0,14,59
02/19/2003,IFP,AZ,AWP,WE,Federal Contract Tower,3,0,4,0,7,0,6,51,0,57,3,6,55,0,64,8,0,8,72
02/20/2003,IFP,AZ,AWP,WE,Federal Contract Tower,9,0,2,0,11,0,4,41,0,45,9,4,43,0,56,0,0,0,56
02/21/2003,IFP,AZ,AWP,WE,Federal Contract Tower,8,0,5,0,13,0,7,58,4,69,8,7,63,4,82,10,0,10,92
02/22/2003,IFP,AZ,AWP,WE,Federal Contract Tower,4,0,2,0,6,0,0,109,0,109,4,0,111,0,115,82,0,82,197
02/23/2003,IFP,AZ,AWP,WE,Federal Contract Tower,6,0,3,0,9,0,0,92,0,92,6,0,95,0,101,46,0,46,147
02/24/2003,IFP,AZ,AWP,WE,Federal Contract Tower,9,0,2,0,11,0,6,38,0,44,9,6,40,0,55,12,0,12,67
02/25/2003,IFP,AZ,AWP,WE,Federal Contract Tower,1,4,6,0,11,0,0,6,0,6,1,4,12,0,17,0,0,0,17
02/26/2003,IFP,AZ,AWP,WE,Federal Contract Tower,1,0,1,0,2,0,6,29,1,36,1,6,30,1,38,8,0,8,46
02/27/2003,IFP,AZ,AWP,WE,Federal Contract Tower,8,0,3,0,11,0,6,21,3,30,8,6,24,3,41,0,0,0,41
02/28/2003,IFP,AZ,AWP,WE,Federal Contract Tower,7,0,8,0,15,0,7,60,1,68,7,7,68,1,83,54,0,54,137
03/01/2003,IFP,AZ,AWP,WE,Federal Contract Tower,3,2,3,0,8,0,0,52,0,52,3,2,55,0,60,38,0,38,98
03/02/2003,IFP,AZ,AWP,WE,Federal Contract Tower,7,0,3,0,10,0,0,80,0,80,7,0,83,0,90,4,0,4,94
03/03/2003,IFP,AZ,AWP,WE,Federal Contract Tower,8,0,1,1,10,0,6,46,0,52,8,6,47,1,62,0,0,0,62
03/04/2003,IFP,AZ,AWP,WE,Federal Contract Tower,0,2,3,0,5,0,4,54,0,58,0,6,57,0,63,10,0,10,73
03/05/2003,IFP,AZ,AWP,WE,Federal Contract Tower,3,0,2,0,5,0,6,53,0,59,3,6,55,0,64,12,0,12,76
03/06/2003,IFP,AZ,AWP,WE,Federal Contract Tower,8,0,2,1,11,0,8,73,3,84,8,8,75,4,95,0,0,0,95
03/07/2003,IFP,AZ,AWP,WE,Federal Contract Tower,7,1,3,0,11,0,5,75,0,80,7,6,78,0,91,2,0,2,93
03/08/2003,IFP,AZ,AWP,WE,Federal Contract Tower,2,0,1,0,3,1,2,111,0,114,3,2,112,0,117,16,0,16,133
03/09/2003,IFP,AZ,AWP,WE,Federal Contract Tower,7,0,3,0,10,0,0,100,0,100,7,0,103,0,110,2,0,2,112
03/10/2003,IFP,AZ,AWP,WE,Federal Contract Tower,8,0,0,0,8,0,6,53,0,59,8,6,53,0,67,6,0,6,73
03/11/2003,IFP,AZ,AWP,WE,Federal Contract Tower,1,0,3,0,4,0,6,50,0,56,1,6,53,0,60,0,0,0,60
03/12/2003,IFP,AZ,AWP,WE,Federal Contract Tower,2,1,0,0,3,0,6,55,0,61,2,7,55,0,64,0,0,0,64
03/13/2003,IFP,AZ,AWP,WE,Federal Contract Tower,7,0,1,0,8,0,6,57,2,65,7,6,58,2,73,0,0,0,73
03/14/2003,IFP,AZ,AWP,WE,Federal Contract Tower,6,0,4,0,10,0,6,73,4,83,6,6,77,4,93,12,0,12,105
03/15/2003,IFP,AZ,AWP,WE,Federal Contract Tower,3,0,6,0,9,0,2,33,0,35,3,2,39,0,44,2,0,2,46
03/16/2003,IFP,AZ,AWP,WE,Federal Contract Tower,6,3,8,0,17,0,0,12,0,12,6,3,20,0,29,6,0,6,35
03/17/2003,IFP,AZ,AWP,WE,Federal Contract Tower,7,0,3,0,10,0,6,18,0,24,7,6,21,0,34,6,0,6,40
03/18/2003,IFP,AZ,AWP,WE,Federal Contract Tower,0,0,2,0,2,1,6,36,0,43,1,6,38,0,45,8,0,8,53
03/19/2003,IFP,AZ,AWP,WE,Federal Contract Tower,3,0,3,0,6,0,6,33,2,41,3,6,36,2,47,12,0,12,59
03/20/2003,IFP,AZ,AWP,WE,Federal Contract Tower,7,0,1,0,8,0,6,63,0,69,7,6,64,0,77,4,0,4,81
03/21/2003,IFP,AZ,AWP,WE,Federal Contract Tower,7,0,1,0,8,0,5,51,0,56,7,5,52,0,64,0,0,0,64
03/22/2003,IFP,AZ,AWP,WE,Federal Contract Tower,3,0,1,0,4,0,0,98,0,98,3,0,99,0,102,66,0,66,168
03/23/2003,IFP,AZ,AWP,WE,Federal Contract Tower,5,0,1,0,6,1,0,101,0,102,6,0,102,0,108,38,0,38,146
03/24/2003,IFP,AZ,AWP,WE,Federal Contract Tower,8,0,3,0,11,0,6,58,0,64,8,6,61,0,75,16,0,16,91
03/25/2003,IFP,AZ,AWP,WE,Federal Contract Tower,1,0,0,0,1,0,5,37,0,42,1,5,37,0,43,0,0,0,43
03/26/2003,IFP,AZ,AWP,WE,Federal Contract Tower,2,0,2,0,4,1,6,50,0,57,3,6,52,0,61,4,0,4,65
03/27/2003,IFP,AZ,AWP,WE,Federal Contract Tower,8,0,5,0,13,0,6,39,0,45,8,6,44,0,58,2,0,2,60
03/28/2003,IFP,AZ,AWP,WE,Federal Contract Tower,8,0,2,0,10,1,5,56,0,62,9,5,58,0,72,4,0,4,76
03/29/2003,IFP,AZ,AWP,WE,Federal Contract Tower,3,0,5,0,8,0,3,77,0,80,3,3,82,0,88,42,0,42,130
03/30/2003,IFP,AZ,AWP,WE,Federal Contract Tower,6,0,5,0,11,0,1,96,0,97,6,1,101,0,108,38,0,38,146
03/31/2003,IFP,AZ,AWP,WE,Federal Contract Tower,8,0,4,0,12,2,7,43,0,52,10,7,47,0,64,10,0,10,74
04/01/2003,IFP,AZ,AWP,WE,Federal Contract Tower,1,0,0,0,1,0,4,41,0,45,1,4,41,0,46,0,0,0,46
04/02/2003,IFP,AZ,AWP,WE,Federal Contract Tower,3,0,2,0,5,0,6,20,0,26,3,6,22,0,31,2,0,2,33
04/03/2003,IFP,AZ,AWP,WE,Federal Contract Tower,7,0,4,1,12,0,9,55,1,65,7,9,59,2,77,4,0,4,81
04/04/2003,IFP,AZ,AWP,WE,Federal Contract Tower,7,0,4,0,11,0,5,75,0,80,7,5,79,0,91,32,0,32,123
04/05/2003,IFP,AZ,AWP,WE,Federal Contract Tower,3,0,7,0,10,0,0,71,0,71,3,0,78,0,81,28,0,28,109
04/06/2003,IFP,AZ,AWP,WE,Federal Contract Tower,7,0,4,0,11,0,0,84,0,84,7,0,88,0,95,8,0,8,103
04/07/2003,IFP,AZ,AWP,WE,Federal Contract Tower,10,0,0,0,10,0,5,57,0,62,10,5,57,0,72,0,0,0,72
04/08/2003,IFP,AZ,AWP,WE,Federal Contract Tower,0,0,1,0,1,0,6,38,0,44,0,6,39,0,45,0,0,0,45
04/09/2003,IFP,AZ,AWP,WE,Federal Contract Tower,3,0,1,0,4,0,1,45,0,46,3,1,46,0,50,2,0,2,52
04/10/2003,IFP,AZ,AWP,WE,Federal Contract Tower,9,0,3,0,12,0,8,58,0,66,9,8,61,0,78,0,0,0,78
04/11/2003,IFP,AZ,AWP,WE,Federal Contract Tower,8,2,2,0,12,0,3,70,0,73,8,5,72,0,85,8,0,8,93
04/12/2003,IFP,AZ,AWP,WE,Federal Contract Tower,4,0,1,0,5,0,0,58,0,58,4,0,59,0,63,60,0,60,123
04/13/2003,IFP,AZ,AWP,WE,Federal Contract Tower,7,0,1,1,9,0,0,47,1,48,7,0,48,2,57,48,4,52,109
04/14/2003,IFP,AZ,AWP,WE,Federal Contract Tower,6,0,3,0,9,3,5,25,0,33,9,5,28,0,42,0,0,0,42
04/15/2003,IFP,AZ,AWP,WE,Federal Contract Tower,0,0,3,0,3,0,5,32,0,37,0,5,35,0,40,3,0,3,43
04/16/2003,IFP,AZ,AWP,WE,Federal Contract Tower,3,1,2,0,6,0,6,64,2,72,3,7,66,2,78,6,0,6,84
04/17/2003,IFP,AZ,AWP,WE,Federal Contract Tower,10,0,1,0,11,0,6,44,0,50,10,6,45,0,61,0,0,0,61
04/18/2003,IFP,AZ,AWP,WE,Federal Contract Tower,8,1,7,0,16,0,4,63,0,67,8,5,70,0,83,0,0,0,83
04/19/2003,IFP,AZ,AWP,WE,Federal Contract Tower,3,0,0,2,5,0,2,79,0,81,3,2,79,2,86,56,4,60,146
04/20/2003,IFP,AZ,AWP,WE,Federal Contract Tower,7,0,1,0,8,0,0,61,0,61,7,0,62,0,69,54,0,54,123
04/21/2003,IFP,AZ,AWP,WE,Federal Contract Tower,9,0,2,0,11,0,5,47,0,52,9,5,49,0,63,0,0,0,63
04/22/2003,IFP,AZ,AWP,WE,Federal Contract Tower,1,0,2,0,3,0,5,36,0,41,1,5,38,0,44,14,0,14,58
04/23/2003,IFP,AZ,AWP,WE,Federal Contract Tower,3,0,3,0,6,0,5,69,2,76,3,5,72,2,82,12,0,12,94
04/24/2003,IFP,AZ,AWP,WE,Federal Contract Tower,5,0,2,0,7,0,4,73,0,77,5,4,75,0,84,22,0,22,106
04/25/2003,IFP,AZ,AWP,WE,Federal Contract Tower,0,0,2,0,2,0,7,80,1,88,0,7,82,1,90,64,0,64,154
04/26/2003,IFP,AZ,AWP,WE,Federal Contract Tower,0,0,4,0,4,0,4,185,0,189,0,4,189,0,193,81,0,81,274
04/27/2003,IFP,AZ,AWP,WE,Federal Contract Tower,5,0,4,0,9,0,0,110,0,110,5,0,114,0,119,88,0,88,207
04/28/2003,IFP,AZ,AWP,WE,Federal Contract Tower,0,0,0,0,0,0,5,43,0,48,0,5,43,0,48,0,0,0,48
04/29/2003,IFP,AZ,AWP,WE,Federal Contract Tower,1,0,2,0,3,1,5,31,0,37,2,5,33,0,40,0,0,0,40
04/30/2003,IFP,AZ,AWP,WE,Federal Contract Tower,0,0,3,2,5,0,5,37,0,42,0,5,40,2,47,12,6,18,65
05/01/2003,IFP,AZ,AWP,WE,Federal Contract Tower,6,0,4,0,10,1,5,61,0,67,7,5,65,0,77,0,0,0,77
05/02/2003,IFP,AZ,AWP,WE,Federal Contract Tower,1,0,6,0,7,1,5,59,0,65,2,5,65,0,72,2,0,2,74
05/03/2003,IFP,AZ,AWP,WE,Federal Contract Tower,1,0,1,0,2,0,2,62,0,64,1,2,63,0,66,52,0,52,118
05/04/2003,IFP,AZ,AWP,WE,Federal Contract Tower,5,0,1,0,6,0,0,69,0,69,5,0,70,0,75,26,0,26,101
05/05/2003,IFP,AZ,AWP,WE,Federal Contract Tower,1,0,3,0,4,1,5,42,0,48,2,5,45,0,52,8,0,8,60
05/06/2003,IFP,AZ,AWP,WE,Federal Contract Tower,0,0,0,0,0,0,5,39,0,44,0,5,39,0,44,12,0,12,56
05/07/2003,IFP,AZ,AWP,WE,Federal Contract Tower,1,2,3,0,6,0,6,26,3,35,1,8,29,3,41,4,0,4,45
05/08/2003,IFP,AZ,AWP,WE,Federal Contract Tower,3,0,2,0,5,1,6,42,2,51,4,6,44,2,56,0,0,0,56
05/09/2003,IFP,AZ,AWP,WE,Federal Contract Tower,2,0,2,0,4,0,4,52,1,57,2,4,54,1,61,8,0,8,69
05/10/2003,IFP,AZ,AWP,WE,Federal Contract Tower,1,0,0,0,1,0,0,83,0,83,1,0,83,0,84,44,0,44,128
05/11/2003,IFP,AZ,AWP,WE,Federal Contract Tower,5,0,3,0,8,0,0,97,0,97,5,0,100,0,105,45,0,45,150
05/12/2003,IFP,AZ,AWP,WE,Federal Contract Tower,2,0,0,0,2,0,5,49,0,54,2,5,49,0,56,2,0,2,58
05/13/2003,IFP,AZ,AWP,WE,Federal Contract Tower,0,0,3,0,3,0,6,51,0,57,0,6,54,0,60,0,0,0,60
05/14/2003,IFP,AZ,AWP,WE,Federal Contract Tower,1,0,6,1,8,0,6,47,0,53,1,6,53,1,61,2,0,2,63
05/15/2003,IFP,AZ,AWP,WE,Federal Contract Tower,5,1,2,0,8,0,5,79,0,84,5,6,81,0,92,20,0,20,112
05/16/2003,IFP,AZ,AWP,WE,Federal Contract Tower,3,0,1,0,4,0,5,109,0,114,3,5,110,0,118,6,0,6,124
05/17/2003,IFP,AZ,AWP,WE,Federal Contract Tower,2,0,1,0,3,0,0,81,0,81,2,0,82,0,84,75,0,75,159
05/18/2003,IFP,AZ,AWP,WE,Federal Contract Tower,5,0,2,0,7,0,0,85,0,85,5,0,87,0,92,40,0,40,132
05/19/2003,IFP,AZ,AWP,WE,Federal Contract Tower,2,1,1,0,4,0,7,58,0,65,2,8,59,0,69,0,0,0,69
05/20/2003,IFP,AZ,AWP,WE,Federal Contract Tower,1,0,0,0,1,0,6,65,0,71,1,6,65,0,72,0,0,0,72
05/21/2003,IFP,AZ,AWP,WE,Federal Contract Tower,0,0,4,0,4,0,6,47,2,55,0,6,51,2,59,2,0,2,61
05/22/2003,IFP,AZ,AWP,WE,Federal Contract Tower,5,1,8,0,14,0,6,72,0,78,5,7,80,0,92,4,0,4,96
05/23/2003,IFP,AZ,AWP,WE,Federal Contract Tower,1,0,2,0,3,0,5,74,1,80,1,5,76,1,83,8,0,8,91
05/24/2003,IFP,AZ,AWP,WE,Federal Contract Tower,1,0,2,0,3,0,0,64,0,64,1,0,66,0,67,53,0,53,120
05/25/2003,IFP,AZ,AWP,WE,Federal Contract Tower,5,0,2,0,7,0,0,93,0,93,5,0,95,0,100,104,0,104,204
05/26/2003,IFP,AZ,AWP,WE,Federal Contract Tower,2,0,1,0,3,0,0,94,0,94,2,0,95,0,97,44,0,44,141
05/27/2003,IFP,AZ,AWP,WE,Federal Contract Tower,1,1,1,0,3,0,5,55,0,60,1,6,56,0,63,0,0,0,63
05/28/2003,IFP,AZ,AWP,WE,Federal Contract Tower,0,0,3,0,3,1,6,46,0,53,1,6,49,0,56,4,0,4,60
05/29/2003,IFP,AZ,AWP,WE,Federal Contract Tower,5,0,5,0,10,0,5,48,0,53,5,5,53,0,63,0,0,0,63
05/30/2003,IFP,AZ,AWP,WE,Federal Contract Tower,2,0,0,0,2,0,5,74,0,79,2,5,74,0,81,0,0,0,81
05/31/2003,IFP,AZ,AWP,WE,Federal Contract Tower,1,0,0,0,1,0,2,66,0,68,1,2,66,0,69,30,0,30,99
06/01/2003,IFP,AZ,AWP,WE,Federal Contract Tower,2,0,5,0,7,2,0,83,0,85,4,0,88,0,92,6,0,6,98
06/02/2003,IFP,AZ,AWP,WE,Federal Contract Tower,0,1,2,0,3,2,4,43,0,49,2,5,45,0,52,0,0,0,52
06/03/2003,IFP,AZ,AWP,WE,Federal Contract Tower,0,0,3,1,4,0,5,43,1,49,0,5,46,2,53,10,0,10,63
06/04/2003,IFP,AZ,AWP,WE,Federal Contract Tower,0,0,2,1,3,0,5,44,1,50,0,5,46,2,53,10,0,10,63
06/05/2003,IFP,AZ,AWP,WE,Federal Contract Tower,5,0,1,0,6,0,5,65,2,72,5,5,66,2,78,18,0,18,96
06/06/2003,IFP,AZ,AWP,WE,Federal Contract Tower,4,0,1,0,5,0,6,45,0,51,4,6,46,0,56,12,0,12,68
06/07/2003,IFP,AZ,AWP,WE,Federal Contract Tower,1,0,3,0,4,0,2,60,0,62,1,2,63,0,66,35,0,35,101
06/08/2003,IFP,AZ,AWP,WE,Federal Contract Tower,5,0,3,0,8,1,0,81,0,82,6,0,84,0,90,39,0,39,129
06/09/2003,IFP,AZ,AWP,WE,Federal Contract Tower,3,0,1,0,4,0,5,34,0,39,3,5,35,0,43,4,0,4,47
06/10/2003,IFP,AZ,AWP,WE,Federal Contract Tower,0,0,0,0,0,0,5,59,0,64,0,5,59,0,64,8,0,8,72
06/11/2003,IFP,AZ,AWP,WE,Federal Contract Tower,1,1,0,0,2,0,4,51,0,55,1,5,51,0,57,40,0,40,97
06/12/2003,IFP,AZ,AWP,WE,Federal Contract Tower,4,0,2,0,6,1,5,57,0,63,5,5,59,0,69,20,0,20,89
06/13/2003,IFP,AZ,AWP,WE,Federal Contract Tower,2,0,3,0,5,0,6,56,0,62,2,6,59,0,67,12,0,12,79
06/14/2003,IFP,AZ,AWP,WE,Federal Contract Tower,0,0,0,0,0,0,0,58,0,58,0,0,58,0,58,54,0,54,112
06/15/2003,IFP,AZ,AWP,WE,Federal Contract Tower,5,0,3,0,8,0,0,71,0,71,5,0,74,0,79,0,0,0,79
06/16/2003,IFP,AZ,AWP,WE,Federal Contract Tower,3,0,0,0,3,0,5,32,0,37,3,5,32,0,40,6,0,6,46
06/17/2003,IFP,AZ,AWP,WE,Federal Contract Tower,0,0,0,0,0,0,6,51,0,57,0,6,51,0,57,10,0,10,67
06/18/2003,IFP,AZ,AWP,WE,Federal Contract Tower,0,0,4,0,4,0,6,47,0,53,0,6,51,0,57,40,0,40,97
06/19/2003,IFP,AZ,AWP,WE,Federal Contract Tower,4,0,0,0,4,0,6,83,0,89,4,6,83,0,93,36,0,36,129
06/20/2003,IFP,AZ,AWP,WE,Federal Contract Tower,2,0,4,0,6,0,4,60,0,64,2,4,64,0,70,38,0,38,108
06/21/2003,IFP,AZ,AWP,WE,Federal Contract Tower,0,0,2,0,2,1,2,64,0,67,1,2,66,0,69,69,0,69,138
06/22/2003,IFP,AZ,AWP,WE,Federal Contract Tower,5,0,7,0,12,0,0,62,0,62,5,0,69,0,74,27,0,27,101
06/23/2003,IFP,AZ,AWP,WE,Federal Contract Tower,2,0,4,0,6,0,5,55,0,60,2,5,59,0,66,6,0,6,72
06/24/2003,IFP,AZ,AWP,WE,Federal Contract Tower,0,0,2,0,2,0,5,31,0,36,0,5,33,0,38,14,0,14,52
06/25/2003,IFP,AZ,AWP,WE,Federal Contract Tower,1,0,2,0,3,0,5,60,0,65,1,5,62,0,68,4,0,4,72
06/26/2003,IFP,AZ,AWP,WE,Federal Contract Tower,5,0,0,0,5,0,5,62,2,69,5,5,62,2,74,62,0,62,136
06/27/2003,IFP,AZ,AWP,WE,Federal Contract Tower,3,0,1,0,4,1,6,67,0,74,4,6,68,0,78,46,0,46,124
06/28/2003,IFP,AZ,AWP,WE,Federal Contract Tower,1,0,0,0,1,0,0,49,0,49,1,0,49,0,50,72,0,72,122
06/29/2003,IFP,AZ,AWP,WE,Federal Contract Tower,5,0,4,0,9,0,0,63,0,63,5,0,67,0,72,30,0,30,102
06/30/2003,IFP,AZ,AWP,WE,Federal Contract Tower,2,0,3,0,5,0,5,56,0,61,2,5,59,0,66,0,0,0,66
07/01/2003,IFP,AZ,AWP,WE,Federal Contract Tower,1,0,4,0,5,1,4,28,2,35,2,4,32,2,40,0,0,0,40
07/02/2003,IFP,AZ,AWP,WE,Federal Contract Tower,0,0,0,0,0,0,5,41,0,46,0,5,41,0,46,2,0,2,48
07/03/2003,IFP,AZ,AWP,WE,Federal Contract Tower,1,0,2,1,4,3,5,63,1,72,4,5,65,2,76,6,0,6,82
07/04/2003,IFP,AZ,AWP,WE,Federal Contract Tower,3,0,1,0,4,0,0,99,0,99,3,0,100,0,103,59,0,59,162
07/05/2003,IFP,AZ,AWP,WE,Federal Contract Tower,0,0,2,0,2,1,0,61,0,62,1,0,63,0,64,96,0,96,160
07/06/2003,IFP,AZ,AWP,WE,Federal Contract Tower,5,0,4,0,9,0,0,69,0,69,5,0,73,0,78,32,0,32,110
07/07/2003,IFP,AZ,AWP,WE,Federal Contract Tower,3,0,0,0,3,0,4,44,0,48,3,4,44,0,51,0,0,0,51
07/08/2003,IFP,AZ,AWP,WE,Federal Contract Tower,0,0,1,0,1,0,5,39,4,48,0,5,40,4,49,4,0,4,53
07/09/2003,IFP,AZ,AWP,WE,Federal Contract Tower,2,0,1,0,3,0,5,41,0,46,2,5,42,0,49,4,0,4,53
07/10/2003,IFP,AZ,AWP,WE,Federal Contract Tower,5,0,2,0,7,0,5,49,0,54,5,5,51,0,61,44,0,44,105
07/11/2003,IFP,AZ,AWP,WE,Federal Contract Tower,4,0,1,0,5,0,4,64,0,68,4,4,65,0,73,8,0,8,81
07/12/2003,IFP,AZ,AWP,WE,Federal Contract Tower,1,0,1,0,2,0,0,75,0,75,1,0,76,0,77,45,0,45,122
07/13/2003,IFP,AZ,AWP,WE,Federal Contract Tower,5,0,2,0,7,0,0,55,0,55,5,0,57,0,62,0,0,0,62
07/14/2003,IFP,AZ,AWP,WE,Federal Contract Tower,3,0,0,0,3,0,5,37,0,42,3,5,37,0,45,0,0,0,45
07/15/2003,IFP,AZ,AWP,WE,Federal Contract Tower,1,0,1,0,2,0,5,27,0,32,1,5,28,0,34,0,0,0,34
07/16/2003,IFP,AZ,AWP,WE,Federal Contract Tower,0,0,0,0,0,0,5,28,0,33,0,5,28,0,33,14,0,14,47
07/17/2003,IFP,AZ,AWP,WE,Federal Contract Tower,4,1,3,0,8,1,5,44,0,50,5,6,47,0,58,8,0,8,66
07/18/2003,IFP,AZ,AWP,WE,Federal Contract Tower,4,0,2,3,9,0,6,43,1,50,4,6,45,4,59,10,0,10,69
07/19/2003,IFP,AZ,AWP,WE,Federal Contract Tower,1,0,0,0,1,1,0,42,0,43,2,0,42,0,44,58,0,58,102
07/20/2003,IFP,AZ,AWP,WE,Federal Contract Tower,4,0,1,0,5,1,0,47,0,48,5,0,48,0,53,30,0,30,83
07/21/2003,IFP,AZ,AWP,WE,Federal Contract Tower,4,0,3,0,7,0,5,36,0,41,4,5,39,0,48,0,0,0,48
07/22/2003,IFP,AZ,AWP,WE,Federal Contract Tower,1,0,0,0,1,0,5,41,0,46,1,5,41,0,47,4,0,4,51
07/23/2003,IFP,AZ,AWP,WE,Federal Contract Tower,1,1,6,0,8,1,8,46,0,55,2,9,52,0,63,6,0,6,69
07/24/2003,IFP,AZ,AWP,WE,Federal Contract Tower,5,0,2,0,7,0,5,56,0,61,5,5,58,0,68,10,0,10,78
07/25/2003,IFP,AZ,AWP,WE,Federal Contract Tower,2,0,4,0,6,1,4,54,0,59,3,4,58,0,65,8,0,8,73
07/26/2003,IFP,AZ,AWP,WE,Federal Contract Tower,2,0,0,0,2,0,0,50,0,50,2,0,50,0,52,50,0,50,102
07/27/2003,IFP,AZ,AWP,WE,Federal Contract Tower,5,0,4,0,9,0,0,52,0,52,5,0,56,0,61,31,0,31,92
07/28/2003,IFP,AZ,AWP,WE,Federal Contract Tower,4,0,3,0,7,0,5,39,2,46,4,5,42,2,53,0,0,0,53
07/29/2003,IFP,AZ,AWP,WE,Federal Contract Tower,2,0,1,0,3,0,5,30,0,35,2,5,31,0,38,8,0,8,46
07/30/2003,IFP,AZ,AWP,WE,Federal Contract Tower,1,0,0,0,1,0,5,27,2,34,1,5,27,2,35,4,0,4,39
07/31/2003,IFP,AZ,AWP,WE,Federal Contract Tower,4,0,1,0,5,1,5,52,0,58,5,5,53,0,63,37,0,37,100
08/01/2003,IFP,AZ,AWP,WE,Federal Contract Tower,4,1,2,0,7,0,4,39,0,43,4,5,41,0,50,0,0,0,50
08/02/2003,IFP,AZ,AWP,WE,Federal Contract Tower,1,0,1,0,2,0,0,38,0,38,1,0,39,0,40,0,0,0,40
08/03/2003,IFP,AZ,AWP,WE,Federal Contract Tower,5,0,5,0,10,0,0,56,2,58,5,0,61,2,68,0,0,0,68
08/04/2003,IFP,AZ,AWP,WE,Federal Contract Tower,2,0,0,0,2,0,5,38,0,43,2,5,38,0,45,4,0,4,49
08/05/2003,IFP,AZ,AWP,WE,Federal Contract Tower,2,1,2,0,5,0,4,52,0,56,2,5,54,0,61,8,0,8,69
08/06/2003,IFP,AZ,AWP,WE,Federal Contract Tower,0,0,2,0,2,0,6,51,0,57,0,6,53,0,59,38,0,38,97
08/07/2003,IFP,AZ,AWP,WE,Federal Contract Tower,5,1,0,0,6,0,5,59,2,66,5,6,59,2,72,8,0,8,80
08/08/2003,IFP,AZ,AWP,WE,Federal Contract Tower,2,0,3,0,5,0,4,52,0,56,2,4,55,0,61,2,0,2,63
08/09/2003,IFP,AZ,AWP,WE,Federal Contract Tower,1,0,2,0,3,0,3,70,0,73,1,3,72,0,76,20,0,20,96
08/10/2003,IFP,AZ,AWP,WE,Federal Contract Tower,5,0,6,0,11,0,0,50,0,50,5,0,56,0,61,26,0,26,87
08/11/2003,IFP,AZ,AWP,WE,Federal Contract Tower,3,0,1,0,4,0,5,37,1,43,3,5,38,1,47,0,0,0,47
08/12/2003,IFP,AZ,AWP,WE,Federal Contract Tower,2,0,2,0,4,0,5,20,0,25,2,5,22,0,29,0,0,0,29
08/13/2003,IFP,AZ,AWP,WE,Federal Contract Tower,0,0,1,0,1,0,5,46,0,51,0,5,47,0,52,4,0,4,56
08/14/2003,IFP,AZ,AWP,WE,Federal Contract Tower,5,0,0,0,5,0,5,40,0,45,5,5,40,0,50,10,0,10,60
08/15/2003,IFP,AZ,AWP,WE,Federal Contract Tower,3,0,1,0,4,0,4,59,0,63,3,4,60,0,67,0,0,0,67
08/16/2003,IFP,AZ,AWP,WE,Federal Contract Tower,1,0,2,0,3,0,0,39,0,39,1,0,41,0,42,10,0,10,52
08/17/2003,IFP,AZ,AWP,WE,Federal Contract Tower,5,0,4,0,9,0,0,59,0,59,5,0,63,0,68,0,0,0,68
08/18/2003,IFP,AZ,AWP,WE,Federal Contract Tower,2,0,3,0,5,0,5,25,0,30,2,5,28,0,35,0,0,0,35
08/19/2003,IFP,AZ,AWP,WE,Federal Contract Tower,0,0,0,0,0,0,4,29,0,33,0,4,29,0,33,0,0,0,33
08/20/2003,IFP,AZ,AWP,WE,Federal Contract Tower,1,0,0,0,1,0,6,23,0,29,1,6,23,0,30,6,0,6,36
08/21/2003,IFP,AZ,AWP,WE,Federal Contract Tower,5,0,4,0,9,0,4,66,0,70,5,4,70,0,79,10,0,10,89
08/22/2003,IFP,AZ,AWP,WE,Federal Contract Tower,2,0,1,0,3,0,4,68,2,74,2,4,69,2,77,10,0,10,87
08/23/2003,IFP,AZ,AWP,WE,Federal Contract Tower,1,1,0,0,2,0,1,54,0,55,1,2,54,0,57,76,0,76,133
08/24/2003,IFP,AZ,AWP,WE,Federal Contract Tower,5,0,0,0,5,0,0,44,0,44,5,0,44,0,49,55,0,55,104
08/25/2003,IFP,AZ,AWP,WE,Federal Contract Tower,2,0,2,0,4,0,5,36,2,43,2,5,38,2,47,4,0,4,51
08/26/2003,IFP,AZ,AWP,WE,Federal Contract Tower,1,0,5,0,6,0,5,24,0,29,1,5,29,0,35,6,0,6,41
08/27/2003,IFP,AZ,AWP,WE,Federal Contract Tower,0,0,4,0,4,0,6,27,0,33,0,6,31,0,37,12,0,12,49
08/28/2003,IFP,AZ,AWP,WE,Federal Contract Tower,4,0,1,0,5,0,5,60,0,65,4,5,61,0,70,26,0,26,96
08/29/2003,IFP,AZ,AWP,WE,Federal Contract Tower,2,0,3,0,5,0,4,78,0,82,2,4,81,0,87,6,0,6,93
08/30/2003,IFP,AZ,AWP,WE,Federal Contract Tower,1,0,3,0,4,0,2,64,2,68,1,2,67,2,72,99,0,99,171
08/31/2003,IFP,AZ,AWP,WE,Federal Contract Tower,4,0,0,0,4,0,0,62,0,62,4,0,62,0,66,68,0,68,134
09/01/2003,IFP,AZ,AWP,WE,Federal Contract Tower,2,0,3,0,5,0,0,97,0,97,2,0,100,0,102,26,0,26,128
09/02/2003,IFP,AZ,AWP,WE,Federal Contract Tower,1,0,1,0,2,0,5,18,0,23,1,5,19,0,25,0,0,0,25
09/03/2003,IFP,AZ,AWP,WE,Federal Contract Tower,1,0,3,0,4,0,6,34,0,40,1,6,37,0,44,2,0,2,46
09/04/2003,IFP,AZ,AWP,WE,Federal Contract Tower,5,1,0,0,6,0,7,43,0,50,5,8,43,0,56,0,0,0,56
09/05/2003,IFP,AZ,AWP,WE,Federal Contract Tower,4,0,3,0,7,0,5,44,2,51,4,5,47,2,58,6,0,6,64
09/06/2003,IFP,AZ,AWP,WE,Federal Contract Tower,1,0,3,0,4,0,4,51,1,56,1,4,54,1,60,49,0,49,109
09/07/2003,IFP,AZ,AWP,WE,Federal Contract Tower,5,0,1,0,6,0,0,65,0,65,5,0,66,0,71,15,0,15,86
09/08/2003,IFP,AZ,AWP,WE,Federal Contract Tower,3,0,1,0,4,0,5,43,0,48,3,5,44,0,52,0,0,0,52
09/09/2003,IFP,AZ,AWP,WE,Federal Contract Tower,1,0,2,0,3,0,4,29,0,33,1,4,31,0,36,0,0,0,36
09/10/2003,IFP,AZ,AWP,WE,Federal Contract Tower,0,0,3,0,3,0,6,37,0,43,0,6,40,0,46,4,0,4,50
09/11/2003,IFP,AZ,AWP,WE,Federal Contract Tower,3,0,0,0,3,0,7,48,2,57,3,7,48,2,60,0,0,0,60
09/12/2003,IFP,AZ,AWP,WE,Federal Contract Tower,3,0,1,0,4,1,4,58,0,63,4,4,59,0,67,20,0,20,87
09/13/2003,IFP,AZ,AWP,WE,Federal Contract Tower,1,0,4,0,5,0,0,54,0,54,1,0,58,0,59,30,0,30,89
09/14/2003,IFP,AZ,AWP,WE,Federal Contract Tower,3,0,4,0,7,0,0,88,0,88,3,0,92,0,95,0,0,0,95
09/15/2003,IFP,AZ,AWP,WE,Federal Contract Tower,4,0,2,0,6,0,5,47,0,52,4,5,49,0,58,0,0,0,58
09/16/2003,IFP,AZ,AWP,WE,Federal Contract Tower,0,0,3,0,3,0,5,34,0,39,0,5,37,0,42,0,0,0,42
09/17/2003,IFP,AZ,AWP,WE,Federal Contract Tower,1,0,0,0,1,0,5,57,0,62,1,5,57,0,63,6,0,6,69
09/18/2003,IFP,AZ,AWP,WE,Federal Contract Tower,5,0,0,2,7,0,8,56,0,64,5,8,56,2,71,0,0,0,71
09/19/2003,IFP,AZ,AWP,WE,Federal Contract Tower,4,0,0,0,4,0,5,49,2,56,4,5,49,2,60,10,0,10,70
09/20/2003,IFP,AZ,AWP,WE,Federal Contract Tower,1,0,6,0,7,0,2,87,0,89,1,2,93,0,96,0,0,0,96
09/21/2003,IFP,AZ,AWP,WE,Federal Contract Tower,5,0,3,0,8,0,0,74,0,74,5,0,77,0,82,0,0,0,82
09/22/2003,IFP,AZ,AWP,WE,Federal Contract Tower,4,0,0,0,4,0,5,56,0,61,4,5,56,0,65,0,0,0,65
09/23/2003,IFP,AZ,AWP,WE,Federal Contract Tower,1,0,2,0,3,0,5,46,0,51,1,5,48,0,54,2,0,2,56
09/24/2003,IFP,AZ,AWP,WE,Federal Contract Tower,2,0,5,1,8,0,5,48,1,54,2,5,53,2,62,24,0,24,86
09/25/2003,IFP,AZ,AWP,WE,Federal Contract Tower,5,0,4,0,9,0,4,52,0,56,5,4,56,0,65,8,0,8,73
09/26/2003,IFP,AZ,AWP,WE,Federal Contract Tower,3,0,1,0,4,1,4,56,0,61,4,4,57,0,65,2,0,2,67
09/27/2003,IFP,AZ,AWP,WE,Federal Contract Tower,1,0,1,0,2,0,0,81,0,81,1,0,82,0,83,41,0,41,124
09/28/2003,IFP,AZ,AWP,WE,Federal Contract Tower,5,0,1,0,6,0,0,103,0,103,5,0,104,0,109,29,0,29,138
09/29/2003,IFP,AZ,AWP,WE,Federal Contract Tower,4,0,1,1,6,0,5,57,1,63,4,5,58,2,69,8,0,8,77
09/30/2003,IFP,AZ,AWP,WE,Federal Contract Tower,0,0,4,0,4,0,6,45,0,51,0,6,49,0,55,4,0,4,59
10/01/2003,IFP,AZ,AWP,WE,Federal Contract Tower,1,1,1,0,3,0,4,36,0,40,1,5,37,0,43,6,0,6,49
10/02/2003,IFP,AZ,AWP,WE,Federal Contract Tower,2,1,4,0,7,4,4,36,0,44,6,5,40,0,51,12,0,12,63
10/03/2003,IFP,AZ,AWP,WE,Federal Contract Tower,3,1,4,0,8,1,4,44,0,49,4,5,48,0,57,14,0,14,71
10/04/2003,IFP,AZ,AWP,WE,Federal Contract Tower,0,1,2,0,3,1,1,70,0,72,1,2,72,0,75,59,0,59,134
10/05/2003,IFP,AZ,AWP,WE,Federal Contract Tower,4,0,5,0,9,2,0,79,0,81,6,0,84,0,90,16,0,16,106
10/06/2003,IFP,AZ,AWP,WE,Federal Contract Tower,3,0,2,1,6,1,5,43,1,50,4,5,45,2,56,0,0,0,56
10/07/2003,IFP,AZ,AWP,WE,Federal Contract Tower,0,0,0,0,0,0,5,34,0,39,0,5,34,0,39,4,0,4,43
10/08/2003,IFP,AZ,AWP,WE,Federal Contract Tower,1,0,3,0,4,0,6,39,2,47,1,6,42,2,51,0,0,0,51
10/09/2003,IFP,AZ,AWP,WE,Federal Contract Tower,2,0,3,0,5,3,5,53,0,61,5,5,56,0,66,10,0,10,76
10/10/2003,IFP,AZ,AWP,WE,Federal Contract Tower,5,0,6,0,11,0,3,60,2,65,5,3,66,2,76,8,8,16,92
10/11/2003,IFP,AZ,AWP,WE,Federal Contract Tower,1,0,0,0,1,0,0,88,0,88,1,0,88,0,89,30,0,30,119
10/12/2003,IFP,AZ,AWP,WE,Federal Contract Tower,4,0,5,0,9,2,0,95,0,97,6,0,100,0,106,10,0,10,116
10/13/2003,IFP,AZ,AWP,WE,Federal Contract Tower,4,0,5,0,9,1,5,43,0,49,5,5,48,0,58,10,0,10,68
10/14/2003,IFP,AZ,AWP,WE,Federal Contract Tower,1,0,0,0,1,0,5,35,0,40,1,5,35,0,41,6,0,6,47
10/15/2003,IFP,AZ,AWP,WE,Federal Contract Tower,1,0,6,0,7,0,5,62,2,69,1,5,68,2,76,0,0,0,76
10/16/2003,IFP,AZ,AWP,WE,Federal Contract Tower,4,0,3,0,7,2,6,60,2,70,6,6,63,2,77,4,0,4,81
10/17/2003,IFP,AZ,AWP,WE,Federal Contract Tower,4,0,3,0,7,1,4,57,0,62,5,4,60,0,69,0,0,0,69
10/18/2003,IFP,AZ,AWP,WE,Federal Contract Tower,1,0,1,0,2,0,0,87,0,87,1,0,88,0,89,47,0,47,136
10/19/2003,IFP,AZ,AWP,WE,Federal Contract Tower,5,0,4,0,9,2,0,92,0,94,7,0,96,0,103,0,0,0,103
10/20/2003,IFP,AZ,AWP,WE,Federal Contract Tower,4,0,2,0,6,0,5,35,0,40,4,5,37,0,46,12,0,12,58
10/21/2003,IFP,AZ,AWP,WE,Federal Contract Tower,0,0,1,0,1,0,5,45,0,50,0,5,46,0,51,6,0,6,57
10/22/2003,IFP,AZ,AWP,WE,Federal Contract Tower,1,0,1,0,2,0,7,52,0,59,1,7,53,0,61,4,0,4,65
10/23/2003,IFP,AZ,AWP,WE,Federal Contract Tower,6,0,4,0,10,0,6,72,0,78,6,6,76,0,88,6,0,6,94
10/24/2003,IFP,AZ,AWP,WE,Federal Contract Tower,4,0,3,0,7,3,5,96,0,104,7,5,99,0,111,12,0,12,123
10/25/2003,IFP,AZ,AWP,WE,Federal Contract Tower,2,0,0,0,2,0,0,83,2,85,2,0,83,2,87,6,0,6,93
10/26/2003,IFP,AZ,AWP,WE,Federal Contract Tower,4,0,2,0,6,1,0,93,2,96,5,0,95,2,102,0,0,0,102
10/27/2003,IFP,AZ,AWP,WE,Federal Contract Tower,3,0,2,0,5,0,6,46,0,52,3,6,48,0,57,0,0,0,57
10/28/2003,IFP,AZ,AWP,WE,Federal Contract Tower,1,0,1,0,2,0,5,41,0,46,1,5,42,0,48,16,0,16,64
10/29/2003,IFP,AZ,AWP,WE,Federal Contract Tower,0,0,1,0,1,0,6,24,0,30,0,6,25,0,31,6,0,6,37
10/30/2003,IFP,AZ,AWP,WE,Federal Contract Tower,4,0,3,0,7,1,6,23,0,30,5,6,26,0,37,0,0,0,37
10/31/2003,IFP,AZ,AWP,WE,Federal Contract Tower,1,0,3,0,4,0,5,38,4,47,1,5,41,4,51,16,0,16,67
11/01/2003,IFP,AZ,AWP,WE,Federal Contract Tower,0,1,1,0,2,1,1,59,0,61,1,2,60,0,63,8,0,8,71
11/02/2003,IFP,AZ,AWP,WE,Federal Contract Tower,4,0,2,0,6,1,0,53,3,57,5,0,55,3,63,9,0,9,72
11/03/2003,IFP,AZ,AWP,WE,Federal Contract Tower,1,1,2,0,4,0,5,29,2,36,1,6,31,2,40,10,0,10,50
11/04/2003,IFP,AZ,AWP,WE,Federal Contract Tower,1,1,2,0,4,0,6,31,4,41,1,7,33,4,45,2,0,2,47
11/05/2003,IFP,AZ,AWP,WE,Federal Contract Tower,1,1,1,0,3,0,6,58,0,64,1,7,59,0,67,14,0,14,81
11/06/2003,IFP,AZ,AWP,WE,Federal Contract Tower,3,1,3,0,7,1,4,44,2,51,4,5,47,2,58,6,0,6,64
11/07/2003,IFP,AZ,AWP,WE,Federal Contract Tower,1,1,1,0,3,0,4,59,4,67,1,5,60,4,70,0,0,0,70
11/08/2003,IFP,AZ,AWP,WE,Federal Contract Tower,0,0,0,0,0,1,0,124,0,125,1,0,124,0,125,0,0,0,125
11/09/2003,IFP,AZ,AWP,WE,Federal Contract Tower,3,0,3,0,6,2,0,72,0,74,5,0,75,0,80,32,0,32,112
11/10/2003,IFP,AZ,AWP,WE,Federal Contract Tower,1,1,1,0,3,2,5,41,4,52,3,6,42,4,55,0,0,0,55
11/11/2003,IFP,AZ,AWP,WE,Federal Contract Tower,1,1,1,0,3,0,3,31,2,36,1,4,32,2,39,4,0,4,43
11/12/2003,IFP,AZ,AWP,WE,Federal Contract Tower,0,1,3,0,4,0,5,16,0,21,0,6,19,0,25,0,0,0,25
11/13/2003,IFP,AZ,AWP,WE,Federal Contract Tower,3,1,2,0,6,0,5,33,0,38,3,6,35,0,44,4,0,4,48
11/14/2003,IFP,AZ,AWP,WE,Federal Contract Tower,2,0,1,0,3,0,5,64,0,69,2,5,65,0,72,20,0,20,92
11/15/2003,IFP,AZ,AWP,WE,Federal Contract Tower,1,0,1,0,2,0,0,66,0,66,1,0,67,0,68,13,0,13,81
11/16/2003,IFP,AZ,AWP,WE,Federal Contract Tower,5,0,5,1,11,0,0,49,1,50,5,0,54,2,61,10,0,10,71
11/17/2003,IFP,AZ,AWP,WE,Federal Contract Tower,2,0,1,0,3,0,6,46,0,52,2,6,47,0,55,16,0,16,71
11/18/2003,IFP,AZ,AWP,WE,Federal Contract Tower,1,0,2,1,4,0,6,75,1,82,1,6,77,2,86,42,0,42,128
11/19/2003,IFP,AZ,AWP,WE,Federal Contract Tower,0,0,2,0,2,0,6,80,0,86,0,6,82,0,88,12,0,12,100
11/20/2003,IFP,AZ,AWP,WE,Federal Contract Tower,3,0,4,0,7,0,6,59,0,65,3,6,63,0,72,26,0,26,98
11/21/2003,IFP,AZ,AWP,WE,Federal Contract Tower,4,0,5,0,9,1,5,85,0,91,5,5,90,0,100,12,0,12,112
11/22/2003,IFP,AZ,AWP,WE,Federal Contract Tower,1,0,2,0,3,0,2,24,0,26,1,2,26,0,29,0,0,0,29
11/23/2003,IFP,AZ,AWP,WE,Federal Contract Tower,4,0,4,0,8,0,0,60,0,60,4,0,64,0,68,0,0,0,68
11/24/2003,IFP,AZ,AWP,WE,Federal Contract Tower,3,0,4,0,7,2,5,38,0,45,5,5,42,0,52,2,0,2,54
11/25/2003,IFP,AZ,AWP,WE,Federal Contract Tower,1,0,2,0,3,0,9,37,0,46,1,9,39,0,49,0,0,0,49
11/26/2003,IFP,AZ,AWP,WE,Federal Contract Tower,1,0,2,0,3,0,6,57,0,63,1,6,59,0,66,4,0,4,70
11/27/2003,IFP,AZ,AWP,WE,Federal Contract Tower,0,0,2,0,2,3,0,31,0,34,3,0,33,0,36,0,0,0,36
11/28/2003,IFP,AZ,AWP,WE,Federal Contract Tower,5,0,6,0,11,0,5,72,0,77,5,5,78,0,88,4,0,4,92
11/29/2003,IFP,AZ,AWP,WE,Federal Contract Tower,0,0,1,0,1,1,0,119,0,120,1,0,120,0,121,0,0,0,121
11/30/2003,IFP,AZ,AWP,WE,Federal Contract Tower,4,0,4,0,8,0,1,85,0,86,4,1,89,0,94,4,0,4,98
12/01/2003,IFP,AZ,AWP,WE,Federal Contract Tower,3,2,3,0,8,2,4,57,0,63,5,6,60,0,71,2,0,2,73
12/02/2003,IFP,AZ,AWP,WE,Federal Contract Tower,0,1,3,0,4,1,5,45,0,51,1,6,48,0,55,10,0,10,65
12/03/2003,IFP,AZ,AWP,WE,Federal Contract Tower,0,0,1,0,1,0,6,36,0,42,0,6,37,0,43,4,0,4,47
12/04/2003,IFP,AZ,AWP,WE,Federal Contract Tower,3,2,4,0,9,2,5,36,0,43,5,7,40,0,52,34,0,34,86
12/05/2003,IFP,AZ,AWP,WE,Federal Contract Tower,3,2,3,0,8,3,3,58,2,66,6,5,61,2,74,4,0,4,78
12/06/2003,IFP,AZ,AWP,WE,Federal Contract Tower,1,0,4,0,5,0,2,67,0,69,1,2,71,0,74,27,0,27,101
12/07/2003,IFP,AZ,AWP,WE,Federal Contract Tower,3,0,2,0,5,1,0,60,0,61,4,0,62,0,66,26,0,26,92
12/08/2003,IFP,AZ,AWP,WE,Federal Contract Tower,5,2,6,0,13,1,3,29,0,33,6,5,35,0,46,2,0,2,48
12/09/2003,IFP,AZ,AWP,WE,Federal Contract Tower,0,0,3,0,3,0,6,43,0,49,0,6,46,0,52,4,0,4,56
12/10/2003,IFP,AZ,AWP,WE,Federal Contract Tower,2,2,2,0,6,0,5,60,0,65,2,7,62,0,71,8,0,8,79
12/11/2003,IFP,AZ,AWP,WE,Federal Contract Tower,3,2,2,0,7,1,3,47,2,53,4,5,49,2,60,8,0,8,68
12/12/2003,IFP,AZ,AWP,WE,Federal Contract Tower,3,2,3,0,8,2,3,53,3,61,5,5,56,3,69,6,0,6,75
12/13/2003,IFP,AZ,AWP,WE,Federal Contract Tower,1,0,2,0,3,1,0,89,2,92,2,0,91,2,95,50,4,54,149
12/14/2003,IFP,AZ,AWP,WE,Federal Contract Tower,2,0,4,0,6,1,0,42,0,43,3,0,46,0,49,0,0,0,49
12/15/2003,IFP,AZ,AWP,WE,Federal Contract Tower,4,1,3,0,8,0,7,42,0,49,4,8,45,0,57,0,0,0,57
12/16/2003,IFP,AZ,AWP,WE,Federal Contract Tower,0,0,0,0,0,0,10,40,0,50,0,10,40,0,50,0,0,0,50
12/17/2003,IFP,AZ,AWP,WE,Federal Contract Tower,0,0,0,0,0,0,7,34,0,41,0,7,34,0,41,0,0,0,41
12/18/2003,IFP,AZ,AWP,WE,Federal Contract Tower,2,0,2,0,4,0,8,56,0,64,2,8,58,0,68,6,0,6,74
12/19/2003,IFP,AZ,AWP,WE,Federal Contract Tower,4,1,3,0,8,0,6,68,0,74,4,7,71,0,82,0,0,0,82
12/20/2003,IFP,AZ,AWP,WE,Federal Contract Tower,0,0,0,0,0,0,0,65,0,65,0,0,65,0,65,46,0,46,111
12/21/2003,IFP,AZ,AWP,WE,Federal Contract Tower,2,0,1,0,3,0,0,66,0,66,2,0,67,0,69,6,0,6,75
12/22/2003,IFP,AZ,AWP,WE,Federal Contract Tower,2,1,2,0,5,0,4,45,0,49,2,5,47,0,54,4,0,4,58
12/23/2003,IFP,AZ,AWP,WE,Federal Contract Tower,0,0,0,0,0,0,8,39,0,47,0,8,39,0,47,4,0,4,51
12/24/2003,IFP,AZ,AWP,WE,Federal Contract Tower,0,0,0,0,0,0,9,31,0,40,0,9,31,0,40,4,0,4,44
12/25/2003,IFP,AZ,AWP,WE,Federal Contract Tower,2,1,2,0,5,0,1,5,0,6,2,2,7,0,11,0,0,0,11
12/26/2003,IFP,AZ,AWP,WE,Federal Contract Tower,4,1,2,0,7,0,4,34,0,38,4,5,36,0,45,0,0,0,45
12/27/2003,IFP,AZ,AWP,WE,Federal Contract Tower,0,0,0,0,0,0,0,69,0,69,0,0,69,0,69,50,0,50,119
12/28/2003,IFP,AZ,AWP,WE,Federal Contract Tower,2,0,1,0,3,0,0,106,0,106,2,0,107,0,109,57,0,57,166
12/29/2003,IFP,AZ,AWP,WE,Federal Contract Tower,4,1,3,0,8,0,5,44,0,49,4,6,47,0,57,18,0,18,75
12/30/2003,IFP,AZ,AWP,WE,Federal Contract Tower,0,0,0,0,0,0,8,29,0,37,0,8,29,0,37,32,0,32,69
12/31/2003,IFP,AZ,AWP,WE,Federal Contract Tower,0,0,0,0,0,0,4,78,0,82,0,4,78,0,82,12,0,12,94
01/01/2004,IFP,AZ,AWP,WE,Federal Contract Tower,2,0,3,0,5,2,0,79,0,81,4,0,82,0,86,8,0,8,94
01/02/2004,IFP,AZ,AWP,WE,Federal Contract Tower,3,3,3,0,9,1,1,52,0,54,4,4,55,0,63,0,0,0,63
01/03/2004,IFP,AZ,AWP,WE,Federal Contract Tower,0,1,0,0,1,0,0,54,0,54,0,1,54,0,55,67,0,67,122
01/04/2004,IFP,AZ,AWP,WE,Federal Contract Tower,1,0,1,0,2,1,0,66,0,67,2,0,67,0,69,7,0,7,76
01/05/2004,IFP,AZ,AWP,WE,Federal Contract Tower,1,1,2,0,4,3,5,26,1,35,4,6,28,1,39,14,0,14,53
01/06/2004,IFP,AZ,AWP,WE,Federal Contract Tower,0,0,0,0,0,0,6,60,0,66,0,6,60,0,66,28,0,28,94
01/07/2004,IFP,AZ,AWP,WE,Federal Contract Tower,0,0,2,0,2,0,6,50,0,56,0,6,52,0,58,14,0,14,72
01/08/2004,IFP,AZ,AWP,WE,Federal Contract Tower,4,2,3,0,9,1,4,50,2,57,5,6,53,2,66,0,0,0,66
01/09/2004,IFP,AZ,AWP,WE,Federal Contract Tower,4,2,4,0,10,1,3,92,2,98,5,5,96,2,108,6,0,6,114
01/10/2004,IFP,AZ,AWP,WE,Federal Contract Tower,1,0,3,0,4,0,2,94,0,96,1,2,97,0,100,32,0,32,132
01/11/2004,IFP,AZ,AWP,WE,Federal Contract Tower,2,0,4,0,6,4,0,63,0,67,6,0,67,0,73,30,0,30,103
01/12/2004,IFP,AZ,AWP,WE,Federal Contract Tower,3,0,3,0,6,3,6,54,0,63,6,6,57,0,69,0,0,0,69
01/13/2004,IFP,AZ,AWP,WE,Federal Contract Tower,1,0,0,0,1,0,6,40,1,47,1,6,40,1,48,10,0,10,58
01/14/2004,IFP,AZ,AWP,WE,Federal Contract Tower,2,0,2,0,4,0,10,50,0,60,2,10,52,0,64,4,0,4,68
01/15/2004,IFP,AZ,AWP,WE,Federal Contract Tower,3,2,3,0,8,0,3,94,0,97,3,5,97,0,105,8,0,8,113
01/16/2004,IFP,AZ,AWP,WE,Federal Contract Tower,5,2,5,0,12,3,2,94,0,99,8,4,99,0,111,28,0,28,139
01/17/2004,IFP,AZ,AWP,WE,Federal Contract Tower,1,0,3,0,4,0,2,229,0,231,1,2,232,0,235,46,0,46,281
01/18/2004,IFP,AZ,AWP,WE,Federal Contract Tower,5,0,5,0,10,0,0,171,0,171,5,0,176,0,181,35,0,35,216
01/19/2004,IFP,AZ,AWP,WE,Federal Contract Tower,6,2,5,0,13,1,2,43,0,46,7,4,48,0,59,0,0,0,59
01/20/2004,IFP,AZ,AWP,WE,Federal Contract Tower,1,0,1,0,2,0,7,39,0,46,1,7,40,0,48,2,0,2,50
01/21/2004,IFP,AZ,AWP,WE,Federal Contract Tower,0,0,0,0,0,0,6,14,2,22,0,6,14,2,22,0,2,2,24
01/22/2004,IFP,AZ,AWP,WE,Federal Contract Tower,3,0,3,0,6,1,6,25,0,32,4,6,28,0,38,2,0,2,40
01/23/2004,IFP,AZ,AWP,WE,Federal Contract Tower,5,1,3,0,9,2,4,61,0,67,7,5,64,0,76,28,0,28,104
01/24/2004,IFP,AZ,AWP,WE,Federal Contract Tower,1,0,0,0,1,0,0,64,0,64,1,0,64,0,65,48,0,48,113
01/25/2004,IFP,AZ,AWP,WE,Federal Contract Tower,4,0,3,0,7,1,0,63,0,64,5,0,66,0,71,26,0,26,97
01/26/2004,IFP,AZ,AWP,WE,Federal Contract Tower,8,1,6,0,15,0,4,54,0,58,8,5,60,0,73,10,0,10,83
01/27/2004,IFP,AZ,AWP,WE,Federal Contract Tower,0,0,1,0,1,0,6,56,0,62,0,6,57,0,63,0,0,0,63
01/28/2004,IFP,AZ,AWP,WE,Federal Contract Tower,1,0,3,0,4,0,11,31,0,42,1,11,34,0,46,29,0,29,75
01/29/2004,IFP,AZ,AWP,WE,Federal Contract Tower,3,0,2,0,5,0,7,57,0,64,3,7,59,0,69,14,0,14,83
01/30/2004,IFP,AZ,AWP,WE,Federal Contract Tower,7,2,7,0,16,0,5,77,0,82,7,7,84,0,98,10,0,10,108
01/31/2004,IFP,AZ,AWP,WE,Federal Contract Tower,1,0,3,0,4,0,3,49,0,52,1,3,52,0,56,20,0,20,76
02/01/2004,IFP,AZ,AWP,WE,Federal Contract Tower,2,0,3,0,5,0,0,98,0,98,2,0,101,0,103,40,0,40,143
02/02/2004,IFP,AZ,AWP,WE,Federal Contract Tower,4,0,4,1,9,2,5,50,1,58,6,5,54,2,67,0,0,0,67
02/03/2004,IFP,AZ,AWP,WE,Federal Contract Tower,1,0,1,0,2,4,6,31,0,41,5,6,32,0,43,4,0,4,47
02/04/2004,IFP,AZ,AWP,WE,Federal Contract Tower,1,0,0,0,1,0,5,48,0,53,1,5,48,0,54,0,0,0,54
02/05/2004,IFP,AZ,AWP,WE,Federal Contract Tower,2,0,0,0,2,0,7,68,2,77,2,7,68,2,79,28,0,28,107
02/06/2004,IFP,AZ,AWP,WE,Federal Contract Tower,6,3,7,1,17,1,2,97,1,101,7,5,104,2,118,8,0,8,126
02/07/2004,IFP,AZ,AWP,WE,Federal Contract Tower,1,0,3,0,4,0,2,117,0,119,1,2,120,0,123,38,0,38,161
02/08/2004,IFP,AZ,AWP,WE,Federal Contract Tower,5,0,4,0,9,1,0,98,0,99,6,0,102,0,108,26,0,26,134
02/09/2004,IFP,AZ,AWP,WE,Federal Contract Tower,5,0,4,0,9,2,6,63,0,71,7,6,67,0,80,0,0,0,80
02/10/2004,IFP,AZ,AWP,WE,Federal Contract Tower,0,0,2,0,2,0,6,40,0,46,0,6,42,0,48,4,0,4,52
02/11/2004,IFP,AZ,AWP,WE,Federal Contract Tower,2,0,4,0,6,0,8,44,2,54,2,8,48,2,60,6,0,6,66
02/12/2004,IFP,AZ,AWP,WE,Federal Contract Tower,5,3,6,0,14,2,5,42,4,53,7,8,48,4,67,4,18,22,89
02/13/2004,IFP,AZ,AWP,WE,Federal Contract Tower,5,0,5,0,10,1,4,72,0,77,6,4,77,0,87,2,0,2,89
02/14/2004,IFP,AZ,AWP,WE,Federal Contract Tower,1,0,0,0,1,0,0,104,0,104,1,0,104,0,105,94,0,94,199
02/15/2004,IFP,AZ,AWP,WE,Federal Contract Tower,5,0,6,0,11,1,0,106,0,107,6,0,112,0,118,60,0,60,178
02/16/2004,IFP,AZ,AWP,WE,Federal Contract Tower,5,0,5,0,10,3,3,70,0,76,8,3,75,0,86,4,0,4,90
02/17/2004,IFP,AZ,AWP,WE,Federal Contract Tower,1,0,1,0,2,0,6,53,0,59,1,6,54,0,61,22,0,22,83
02/18/2004,IFP,AZ,AWP,WE,Federal Contract Tower,0,0,0,0,0,0,0,40,0,40,0,0,40,0,40,0,0,0,40
02/19/2004,IFP,AZ,AWP,WE,Federal Contract Tower,3,3,5,0,11,2,6,65,11,84,5,9,70,11,95,12,4,16,111
02/20/2004,IFP,AZ,AWP,WE,Federal Contract Tower,5,0,4,0,9,2,2,56,3,63,7,2,60,3,72,0,0,0,72
02/21/2004,IFP,AZ,AWP,WE,Federal Contract Tower,1,0,3,0,4,0,0,34,1,35,1,0,37,1,39,38,0,38,77
02/22/2004,IFP,AZ,AWP,WE,Federal Contract Tower,4,0,4,0,8,0,0,16,0,16,4,0,20,0,24,26,0,26,50
02/23/2004,IFP,AZ,AWP,WE,Federal Contract Tower,5,3,7,0,15,2,3,12,0,17,7,6,19,0,32,0,0,0,32
02/24/2004,IFP,AZ,AWP,WE,Federal Contract Tower,0,0,2,0,2,0,5,36,2,43,0,5,38,2,45,6,8,14,59
02/25/2004,IFP,AZ,AWP,WE,Federal Contract Tower,1,0,2,0,3,0,8,44,2,54,1,8,46,2,57,2,8,10,67
02/26/2004,IFP,AZ,AWP,WE,Federal Contract Tower,4,3,6,0,13,4,4,9,0,17,8,7,15,0,30,0,0,0,30
02/27/2004,IFP,AZ,AWP,WE,Federal Contract Tower,5,2,5,0,12,3,7,36,1,47,8,9,41,1,59,10,0,10,69
02/28/2004,IFP,AZ,AWP,WE,Federal Contract Tower,0,2,5,0,7,0,0,81,7,88,0,2,86,7,95,64,0,64,159
02/29/2004,IFP,AZ,AWP,WE,Federal Contract Tower,4,0,4,0,8,2,0,67,0,69,6,0,71,0,77,58,0,58,135
03/01/2004,IFP,AZ,AWP,WE,Federal Contract Tower,7,1,6,0,14,1,5,18,2,26,8,6,24,2,40,12,4,16,56
03/02/2004,IFP,AZ,AWP,WE,Federal Contract Tower,1,1,5,0,7,0,9,16,0,25,1,10,21,0,32,33,0,33,65
03/03/2004,IFP,AZ,AWP,WE,Federal Contract Tower,1,1,3,0,5,0,7,46,0,53,1,8,49,0,58,0,0,0,58
03/04/2004,IFP,AZ,AWP,WE,Federal Contract Tower,3,1,5,0,9,1,7,55,2,65,4,8,60,2,74,17,0,17,91
03/05/2004,IFP,AZ,AWP,WE,Federal Contract Tower,4,1,6,0,11,1,6,86,0,93,5,7,92,0,104,36,0,36,140
03/06/2004,IFP,AZ,AWP,WE,Federal Contract Tower,1,1,2,0,4,0,1,127,0,128,1,2,129,0,132,98,0,98,230
03/07/2004,IFP,AZ,AWP,WE,Federal Contract Tower,3,0,5,0,8,3,0,85,0,88,6,0,90,0,96,20,0,20,116
03/08/2004,IFP,AZ,AWP,WE,Federal Contract Tower,4,1,5,0,10,3,5,59,0,67,7,6,64,0,77,0,0,0,77
03/09/2004,IFP,AZ,AWP,WE,Federal Contract Tower,0,0,5,1,6,0,6,51,3,60,0,6,56,4,66,28,14,42,108
03/10/2004,IFP,AZ,AWP,WE,Federal Contract Tower,1,0,2,1,4,0,8,57,2,67,1,8,59,3,71,4,0,4,75
03/11/2004,IFP,AZ,AWP,WE,Federal Contract Tower,2,0,3,0,5,3,8,44,0,55,5,8,47,0,60,0,0,0,60
03/12/2004,IFP,AZ,AWP,WE,Federal Contract Tower,5,0,4,0,9,2,8,87,0,97,7,8,91,0,106,38,0,38,144
03/13/2004,IFP,AZ,AWP,WE,Federal Contract Tower,1,0,0,0,1,0,2,100,0,102,1,2,100,0,103,80,0,80,183
03/14/2004,IFP,AZ,AWP,WE,Federal Contract Tower,4,0,1,0,5,2,0,94,0,96,6,0,95,0,101,56,0,56,157
03/15/2004,IFP,AZ,AWP,WE,Federal Contract Tower,6,0,3,0,9,1,5,49,0,55,7,5,52,0,64,0,0,0,64
03/16/2004,IFP,AZ,AWP,WE,Federal Contract Tower,1,0,0,0,1,0,8,48,0,56,1,8,48,0,57,0,0,0,57
03/17/2004,IFP,AZ,AWP,WE,Federal Contract Tower,0,0,0,0,0,0,10,49,0,59,0,10,49,0,59,22,0,22,81
03/18/2004,IFP,AZ,AWP,WE,Federal Contract Tower,5,0,2,1,8,0,8,76,3,87,5,8,78,4,95,4,0,4,99
03/19/2004,IFP,AZ,AWP,WE,Federal Contract Tower,6,0,4,1,11,0,10,85,1,96,6,10,89,2,107,8,2,10,117
03/20/2004,IFP,AZ,AWP,WE,Federal Contract Tower,1,0,0,0,1,0,4,148,0,152,1,4,148,0,153,66,0,66,219
03/21/2004,IFP,AZ,AWP,WE,Federal Contract Tower,3,0,2,0,5,2,0,118,8,128,5,0,120,8,133,32,0,32,165
03/22/2004,IFP,AZ,AWP,WE,Federal Contract Tower,6,0,5,0,11,1,8,42,1,52,7,8,47,1,63,0,0,0,63
03/23/2004,IFP,AZ,AWP,WE,Federal Contract Tower,0,0,4,0,4,0,8,71,0,79,0,8,75,0,83,8,0,8,91
03/24/2004,IFP,AZ,AWP,WE,Federal Contract Tower,1,0,1,0,2,0,8,45,0,53,1,8,46,0,55,10,0,10,65
03/25/2004,IFP,AZ,AWP,WE,Federal Contract Tower,3,0,1,0,4,1,8,68,1,78,4,8,69,1,82,40,0,40,122
03/26/2004,IFP,AZ,AWP,WE,Federal Contract Tower,7,0,5,0,12,0,10,67,1,78,7,10,72,1,90,8,0,8,98
03/27/2004,IFP,AZ,AWP,WE,Federal Contract Tower,1,0,0,0,1,0,1,89,0,90,1,1,89,0,91,41,0,41,132
03/28/2004,IFP,AZ,AWP,WE,Federal Contract Tower,4,0,2,0,6,1,0,62,0,63,5,0,64,0,69,2,0,2,71
03/29/2004,IFP,AZ,AWP,WE,Federal Contract Tower,6,0,4,0,10,0,8,47,2,57,6,8,51,2,67,0,0,0,67
03/30/2004,IFP,AZ,AWP,WE,Federal Contract Tower,1,0,0,0,1,0,8,65,0,73,1,8,65,0,74,8,0,8,82
03/31/2004,IFP,AZ,AWP,WE,Federal Contract Tower,1,0,2,0,3,0,9,44,0,53,1,9,46,0,56,2,0,2,58
04/01/2004,IFP,AZ,AWP,WE,Federal Contract Tower,6,1,5,0,12,0,11,52,0,63,6,12,57,0,75,10,0,10,85
04/02/2004,IFP,AZ,AWP,WE,Federal Contract Tower,6,7,8,0,21,1,0,12,0,13,7,7,20,0,34,0,0,0,34
04/03/2004,IFP,AZ,AWP,WE,Federal Contract Tower,1,0,0,0,1,0,0,29,0,29,1,0,29,0,30,56,0,56,86
04/04/2004,IFP,AZ,AWP,WE,Federal Contract Tower,4,0,5,0,9,1,0,54,2,57,5,0,59,2,66,44,0,44,110
04/05/2004,IFP,AZ,AWP,WE,Federal Contract Tower,5,1,6,0,12,4,9,29,2,44,9,10,35,2,56,0,0,0,56
04/06/2004,IFP,AZ,AWP,WE,Federal Contract Tower,1,1,3,0,5,0,7,25,3,35,1,8,28,3,40,0,0,0,40
04/07/2004,IFP,AZ,AWP,WE,Federal Contract Tower,0,1,0,0,1,0,7,49,0,56,0,8,49,0,57,0,0,0,57
04/08/2004,IFP,AZ,AWP,WE,Federal Contract Tower,3,1,3,0,7,0,8,56,0,64,3,9,59,0,71,34,0,34,105
04/09/2004,IFP,AZ,AWP,WE,Federal Contract Tower,5,1,4,0,10,4,6,38,0,48,9,7,42,0,58,6,0,6,64
04/10/2004,IFP,AZ,AWP,WE,Federal Contract Tower,1,0,0,0,1,0,0,44,0,44,1,0,44,0,45,0,0,0,45
04/11/2004,IFP,AZ,AWP,WE,Federal Contract Tower,3,0,2,0,5,3,0,48,0,51,6,0,50,0,56,2,0,2,58
04/12/2004,IFP,AZ,AWP,WE,Federal Contract Tower,5,0,4,0,9,4,8,38,0,50,9,8,42,0,59,6,0,6,65
04/13/2004,IFP,AZ,AWP,WE,Federal Contract Tower,2,0,0,0,2,0,9,46,0,55,2,9,46,0,57,2,0,2,59
04/14/2004,IFP,AZ,AWP,WE,Federal Contract Tower,0,0,1,0,1,0,8,58,0,66,0,8,59,0,67,0,0,0,67
04/15/2004,IFP,AZ,AWP,WE,Federal Contract Tower,5,0,4,0,9,2,6,59,0,67,7,6,63,0,76,12,0,12,88
04/16/2004,IFP,AZ,AWP,WE,Federal Contract Tower,7,0,6,0,13,3,7,75,20,105,10,7,81,20,118,0,0,0,118
04/17/2004,IFP,AZ,AWP,WE,Federal Contract Tower,1,0,1,0,2,0,2,58,0,60,1,2,59,0,62,68,0,68,130
04/18/2004,IFP,AZ,AWP,WE,Federal Contract Tower,6,0,4,0,10,0,0,90,0,90,6,0,94,0,100,92,0,92,192
04/19/2004,IFP,AZ,AWP,WE,Federal Contract Tower,5,0,4,0,9,2,12,40,0,54,7,12,44,0,63,8,0,8,71
04/20/2004,IFP,AZ,AWP,WE,Federal Contract Tower,0,0,1,0,1,0,8,55,0,63,0,8,56,0,64,0,0,0,64
04/21/2004,IFP,AZ,AWP,WE,Federal Contract Tower,1,0,1,0,2,0,11,41,0,52,1,11,42,0,54,4,0,4,58
04/22/2004,IFP,AZ,AWP,WE,Federal Contract Tower,1,0,1,0,2,0,9,45,0,54,1,9,46,0,56,10,0,10,66
04/23/2004,IFP,AZ,AWP,WE,Federal Contract Tower,4,0,6,0,10,0,7,104,8,119,4,7,110,8,129,62,0,62,191
04/24/2004,IFP,AZ,AWP,WE,Federal Contract Tower,0,0,2,0,2,0,2,210,4,216,0,2,212,4,218,92,0,92,310
04/25/2004,IFP,AZ,AWP,WE,Federal Contract Tower,2,0,2,0,4,0,3,146,0,149,2,3,148,0,153,16,0,16,169
04/26/2004,IFP,AZ,AWP,WE,Federal Contract Tower,5,0,4,0,9,0,9,45,1,55,5,9,49,1,64,4,0,4,68
04/27/2004,IFP,AZ,AWP,WE,Federal Contract Tower,0,0,0,0,0,0,8,53,0,61,0,8,53,0,61,6,0,6,67
04/28/2004,IFP,AZ,AWP,WE,Federal Contract Tower,0,0,1,0,1,0,15,60,0,75,0,15,61,0,76,8,2,10,86
04/29/2004,IFP,AZ,AWP,WE,Federal Contract Tower,4,0,2,0,6,1,11,78,1,91,5,11,80,1,97,50,0,50,147
04/30/2004,IFP,AZ,AWP,WE,Federal Contract Tower,4,0,2,0,6,1,6,78,1,86,5,6,80,1,92,48,0,48,140
05/01/2004,IFP,AZ,AWP,WE,Federal Contract Tower,0,0,0,0,0,1,0,100,1,102,1,0,100,1,102,68,0,68,170
05/02/2004,IFP,AZ,AWP,WE,Federal Contract Tower,2,0,4,0,6,3,0,76,1,80,5,0,80,1,86,0,0,0,86
05/03/2004,IFP,AZ,AWP,WE,Federal Contract Tower,1,1,2,0,4,3,5,29,0,37,4,6,31,0,41,20,0,20,61
05/04/2004,IFP,AZ,AWP,WE,Federal Contract Tower,0,1,0,0,1,0,8,41,0,49,0,9,41,0,50,12,0,12,62
05/05/2004,IFP,AZ,AWP,WE,Federal Contract Tower,1,1,2,0,4,0,7,65,2,74,1,8,67,2,78,14,2,16,94
05/06/2004,IFP,AZ,AWP,WE,Federal Contract Tower,2,1,2,0,5,1,7,45,1,54,3,8,47,1,59,0,0,0,59
05/07/2004,IFP,AZ,AWP,WE,Federal Contract Tower,3,1,2,0,6,2,9,76,1,88,5,10,78,1,94,10,0,10,104
05/08/2004,IFP,AZ,AWP,WE,Federal Contract Tower,1,1,1,0,3,0,2,55,0,57,1,3,56,0,60,62,0,62,122
05/09/2004,IFP,AZ,AWP,WE,Federal Contract Tower,3,0,2,0,5,1,0,94,0,95,4,0,96,0,100,48,0,48,148
05/10/2004,IFP,AZ,AWP,WE,Federal Contract Tower,2,1,1,0,4,2,8,32,0,42,4,9,33,0,46,6,0,6,52
05/11/2004,IFP,AZ,AWP,WE,Federal Contract Tower,1,0,1,0,2,0,10,40,0,50,1,10,41,0,52,2,0,2,54
05/12/2004,IFP,AZ,AWP,WE,Federal Contract Tower,0,0,2,0,2,0,10,44,0,54,0,10,46,0,56,0,0,0,56
05/13/2004,IFP,AZ,AWP,WE,Federal Contract Tower,3,0,3,0,6,0,11,71,0,82,3,11,74,0,88,23,0,23,111
05/14/2004,IFP,AZ,AWP,WE,Federal Contract Tower,2,0,1,0,3,1,16,127,0,144,3,16,128,0,147,20,0,20,167
05/15/2004,IFP,AZ,AWP,WE,Federal Contract Tower,1,0,1,0,2,0,4,80,0,84,1,4,81,0,86,58,0,58,144
05/16/2004,IFP,AZ,AWP,WE,Federal Contract Tower,3,0,3,0,6,1,0,141,0,142,4,0,144,0,148,38,0,38,186
05/17/2004,IFP,AZ,AWP,WE,Federal Contract Tower,4,0,3,0,7,0,10,54,0,64,4,10,57,0,71,4,0,4,75
05/18/2004,IFP,AZ,AWP,WE,Federal Contract Tower,1,0,0,0,1,0,8,51,0,59,1,8,51,0,60,12,0,12,72
05/19/2004,IFP,AZ,AWP,WE,Federal Contract Tower,2,0,1,0,3,0,11,32,0,43,2,11,33,0,46,8,0,8,54
05/20/2004,IFP,AZ,AWP,WE,Federal Contract Tower,2,0,1,0,3,1,14,72,0,87,3,14,73,0,90,30,0,30,120
05/21/2004,IFP,AZ,AWP,WE,Federal Contract Tower,4,0,3,0,7,0,7,50,0,57,4,7,53,0,64,2,0,2,66
05/22/2004,IFP,AZ,AWP,WE,Federal Contract Tower,1,0,1,0,2,0,6,53,0,59,1,6,54,0,61,54,0,54,115
05/23/2004,IFP,AZ,AWP,WE,Federal Contract Tower,5,0,3,0,8,0,14,48,0,62,5,14,51,0,70,41,0,41,111
05/24/2004,IFP,AZ,AWP,WE,Federal Contract Tower,4,0,3,0,7,0,8,42,1,51,4,8,45,1,58,2,2,4,62
05/25/2004,IFP,AZ,AWP,WE,Federal Contract Tower,1,0,0,0,1,0,8,45,0,53,1,8,45,0,54,8,2,10,64
05/26/2004,IFP,AZ,AWP,WE,Federal Contract Tower,0,0,1,0,1,0,14,64,0,78,0,14,65,0,79,20,0,20,99
05/27/2004,IFP,AZ,AWP,WE,Federal Contract Tower,6,0,5,0,11,0,16,37,2,55,6,16,42,2,66,6,0,6,72
05/28/2004,IFP,AZ,AWP,WE,Federal Contract Tower,3,0,2,0,5,0,7,50,0,57,3,7,52,0,62,6,0,6,68
05/29/2004,IFP,AZ,AWP,WE,Federal Contract Tower,1,0,1,0,2,0,5,97,0,102,1,5,98,0,104,46,0,46,150
05/30/2004,IFP,AZ,AWP,WE,Federal Contract Tower,4,0,3,0,7,1,7,108,0,116,5,7,111,0,123,62,0,62,185
05/31/2004,IFP,AZ,AWP,WE,Federal Contract Tower,4,0,2,0,6,0,2,85,0,87,4,2,87,0,93,46,0,46,139
06/01/2004,IFP,AZ,AWP,WE,Federal Contract Tower,1,0,0,0,1,0,14,52,0,66,1,14,52,0,67,2,0,2,69
06/02/2004,IFP,AZ,AWP,WE,Federal Contract Tower,0,0,0,0,0,2,14,58,0,74,2,14,58,0,74,6,0,6,80
06/03/2004,IFP,AZ,AWP,WE,Federal Contract Tower,0,0,2,0,2,3,13,52,0,68,3,13,54,0,70,2,0,2,72
06/04/2004,IFP,AZ,AWP,WE,Federal Contract Tower,0,6,4,0,10,4,8,52,0,64,4,14,56,0,74,18,0,18,92
06/05/2004,IFP,AZ,AWP,WE,Federal Contract Tower,1,0,0,0,1,0,2,73,0,75,1,2,73,0,76,32,0,32,108
06/06/2004,IFP,AZ,AWP,WE,Federal Contract Tower,2,0,3,0,5,3,3,76,0,82,5,3,79,0,87,38,0,38,125
06/07/2004,IFP,AZ,AWP,WE,Federal Contract Tower,2,0,2,0,4,1,8,39,0,48,3,8,41,0,52,0,0,0,52
06/08/2004,IFP,AZ,AWP,WE,Federal Contract Tower,1,0,0,0,1,0,12,31,0,43,1,12,31,0,44,0,0,0,44
06/09/2004,IFP,AZ,AWP,WE,Federal Contract Tower,0,0,2,0,2,0,10,23,0,33,0,10,25,0,35,6,0,6,41
06/10/2004,IFP,AZ,AWP,WE,Federal Contract Tower,3,0,3,0,6,0,10,40,0,50,3,10,43,0,56,0,0,0,56
06/11/2004,IFP,AZ,AWP,WE,Federal Contract Tower,2,0,4,0,6,0,10,38,0,48,2,10,42,0,54,2,0,2,56
06/12/2004,IFP,AZ,AWP,WE,Federal Contract Tower,1,0,2,0,3,0,1,68,2,71,1,1,70,2,74,68,0,68,142
06/13/2004,IFP,AZ,AWP,WE,Federal Contract Tower,3,0,2,0,5,2,0,76,0,78,5,0,78,0,83,62,0,62,145
06/14/2004,IFP,AZ,AWP,WE,Federal Contract Tower,2,0,4,0,6,0,7,34,2,43,2,7,38,2,49,6,0,6,55
06/15/2004,IFP,AZ,AWP,WE,Federal Contract Tower,0,0,1,0,1,0,7,55,1,63,0,7,56,1,64,6,0,6,70
06/16/2004,IFP,AZ,AWP,WE,Federal Contract Tower,0,0,1,0,1,0,10,34,1,45,0,10,35,1,46,8,2,10,56
06/17/2004,IFP,AZ,AWP,WE,Federal Contract Tower,0,6,5,0,11,5,9,52,0,66,5,15,57,0,77,6,0,6,83
06/18/2004,IFP,AZ,AWP,WE,Federal Contract Tower,0,5,4,0,9,2,11,61,1,75,2,16,65,1,84,16,0,16,100
06/19/2004,IFP,AZ,AWP,WE,Federal Contract Tower,1,0,1,0,2,0,5,53,0,58,1,5,54,0,60,34,0,34,94
06/20/2004,IFP,AZ,AWP,WE,Federal Contract Tower,4,0,3,0,7,1,2,75,0,78,5,2,78,0,85,64,0,64,149
06/21/2004,IFP,AZ,AWP,WE,Federal Contract Tower,2,0,0,0,2,0,9,50,0,59,2,9,50,0,61,0,0,0,61
06/22/2004,IFP,AZ,AWP,WE,Federal Contract Tower,0,0,0,0,0,0,8,55,0,63,0,8,55,0,63,12,0,12,75
06/23/2004,IFP,AZ,AWP,WE,Federal Contract Tower,1,0,2,0,3,0,11,36,2,49,1,11,38,2,52,2,0,2,54
06/24/2004,IFP,AZ,AWP,WE,Federal Contract Tower,4,0,3,0,7,1,9,46,0,56,5,9,49,0,63,8,0,8,71
06/25/2004,IFP,AZ,AWP,WE,Federal Contract Tower,4,0,4,0,8,0,8,64,0,72,4,8,68,0,80,12,0,12,92
06/26/2004,IFP,AZ,AWP,WE,Federal Contract Tower,1,0,2,0,3,0,0,50,0,50,1,0,52,0,53,62,0,62,115
06/27/2004,IFP,AZ,AWP,WE,Federal Contract Tower,4,0,3,0,7,1,2,70,2,75,5,2,73,2,82,52,0,52,134
06/28/2004,IFP,AZ,AWP,WE,Federal Contract Tower,3,0,3,0,6,0,9,32,1,42,3,9,35,1,48,4,0,4,52
06/29/2004,IFP,AZ,AWP,WE,Federal Contract Tower,0,0,0,0,0,0,7,35,2,44,0,7,35,2,44,6,0,6,50
06/30/2004,IFP,AZ,AWP,WE,Federal Contract Tower,1,0,1,0,2,0,8,51,2,61,1,8,52,2,63,14,10,24,87
07/01/2004,IFP,AZ,AWP,WE,Federal Contract Tower,3,1,1,0,5,2,8,62,0,72,5,9,63,0,77,18,0,18,95
07/02/2004,IFP,AZ,AWP,WE,Federal Contract Tower,2,1,2,0,5,2,9,36,0,47,4,10,38,0,52,2,0,2,54
07/03/2004,IFP,AZ,AWP,WE,Federal Contract Tower,1,0,0,0,1,0,0,53,0,53,1,0,53,0,54,68,0,68,122
07/04/2004,IFP,AZ,AWP,WE,Federal Contract Tower,2,0,3,0,5,3,0,62,0,65,5,0,65,0,70,104,0,104,174
07/05/2004,IFP,AZ,AWP,WE,Federal Contract Tower,2,1,3,0,6,2,1,61,0,64,4,2,64,0,70,54,0,54,124
07/06/2004,IFP,AZ,AWP,WE,Federal Contract Tower,2,1,0,0,3,0,9,40,2,51,2,10,40,2,54,20,0,20,74
07/07/2004,IFP,AZ,AWP,WE,Federal Contract Tower,0,1,0,0,1,0,10,39,0,49,0,11,39,0,50,10,0,10,60
07/08/2004,IFP,AZ,AWP,WE,Federal Contract Tower,5,1,4,0,10,0,13,62,2,77,5,14,66,2,87,42,4,46,133
07/09/2004,IFP,AZ,AWP,WE,Federal Contract Tower,4,1,4,0,9,0,8,70,2,80,4,9,74,2,89,6,0,6,95
07/10/2004,IFP,AZ,AWP,WE,Federal Contract Tower,2,1,0,0,3,0,1,84,0,85,2,2,84,0,88,70,0,70,158
07/11/2004,IFP,AZ,AWP,WE,Federal Contract Tower,2,0,1,0,3,1,0,61,0,62,3,0,62,0,65,30,0,30,95
07/12/2004,IFP,AZ,AWP,WE,Federal Contract Tower,3,0,2,0,5,1,10,42,0,53,4,10,44,0,58,2,0,2,60
07/13/2004,IFP,AZ,AWP,WE,Federal Contract Tower,2,0,1,0,3,0,9,43,0,52,2,9,44,0,55,16,0,16,71
07/14/2004,IFP,AZ,AWP,WE,Federal Contract Tower,1,0,0,0,1,0,12,53,0,65,1,12,53,0,66,20,0,20,86
07/15/2004,IFP,AZ,AWP,WE,Federal Contract Tower,4,0,2,0,6,0,12,48,0,60,4,12,50,0,66,14,0,14,80
07/16/2004,IFP,AZ,AWP,WE,Federal Contract Tower,6,0,3,0,9,1,9,63,2,75,7,9,66,2,84,0,6,6,90
07/17/2004,IFP,AZ,AWP,WE,Federal Contract Tower,3,0,1,0,4,1,0,40,2,43,4,0,41,2,47,62,0,62,109
07/18/2004,IFP,AZ,AWP,WE,Federal Contract Tower,5,0,2,0,7,0,0,62,0,62,5,0,64,0,69,60,0,60,129
07/19/2004,IFP,AZ,AWP,WE,Federal Contract Tower,7,0,3,0,10,1,8,41,0,50,8,8,44,0,60,2,0,2,62
07/20/2004,IFP,AZ,AWP,WE,Federal Contract Tower,1,0,0,0,1,0,8,37,2,47,1,8,37,2,48,6,0,6,54
07/21/2004,IFP,AZ,AWP,WE,Federal Contract Tower,2,0,0,0,2,0,8,28,2,38,2,8,28,2,40,18,0,18,58
07/22/2004,IFP,AZ,AWP,WE,Federal Contract Tower,6,0,2,0,8,0,17,40,1,58,6,17,42,1,66,10,0,10,76
07/23/2004,IFP,AZ,AWP,WE,Federal Contract Tower,5,0,2,0,7,1,7,33,0,41,6,7,35,0,48,2,0,2,50
07/24/2004,IFP,AZ,AWP,WE,Federal Contract Tower,1,0,0,0,1,0,3,56,0,59,1,3,56,0,60,16,0,16,76
07/25/2004,IFP,AZ,AWP,WE,Federal Contract Tower,6,0,2,0,8,2,2,47,0,51,8,2,49,0,59,0,0,0,59
07/26/2004,IFP,AZ,AWP,WE,Federal Contract Tower,7,0,3,0,10,0,16,25,0,41,7,16,28,0,51,0,0,0,51
07/27/2004,IFP,AZ,AWP,WE,Federal Contract Tower,3,0,3,0,6,0,15,47,0,62,3,15,50,0,68,6,0,6,74
07/28/2004,IFP,AZ,AWP,WE,Federal Contract Tower,0,0,0,0,0,0,14,39,3,56,0,14,39,3,56,0,0,0,56
07/29/2004,IFP,AZ,AWP,WE,Federal Contract Tower,6,0,3,0,9,0,12,72,0,84,6,12,75,0,93,6,0,6,99
07/30/2004,IFP,AZ,AWP,WE,Federal Contract Tower,6,0,3,0,9,0,12,43,0,55,6,12,46,0,64,8,0,8,72
07/31/2004,IFP,AZ,AWP,WE,Federal Contract Tower,2,0,1,0,3,0,3,56,0,59,2,3,57,0,62,48,0,48,110
08/01/2004,IFP,AZ,AWP,WE,Federal Contract Tower,6,1,2,0,9,0,7,80,0,87,6,8,82,0,96,54,0,54,150
08/02/2004,IFP,AZ,AWP,WE,Federal Contract Tower,3,1,3,0,7,4,10,36,0,50,7,11,39,0,57,10,0,10,67
08/03/2004,IFP,AZ,AWP,WE,Federal Contract Tower,2,1,2,0,5,0,11,38,0,49,2,12,40,0,54,4,0,4,58
08/04/2004,IFP,AZ,AWP,WE,Federal Contract Tower,1,1,0,0,2,0,16,34,0,50,1,17,34,0,52,14,0,14,66
08/05/2004,IFP,AZ,AWP,WE,Federal Contract Tower,6,1,4,0,11,1,10,37,1,49,7,11,41,1,60,6,0,6,66
08/06/2004,IFP,AZ,AWP,WE,Federal Contract Tower,5,1,3,0,9,1,10,39,0,50,6,11,42,0,59,0,0,0,59
08/07/2004,IFP,AZ,AWP,WE,Federal Contract Tower,0,1,0,0,1,1,6,56,0,63,1,7,56,0,64,58,0,58,122
08/08/2004,IFP,AZ,AWP,WE,Federal Contract Tower,7,1,2,0,10,1,2,59,0,62,8,3,61,0,72,38,0,38,110
08/09/2004,IFP,AZ,AWP,WE,Federal Contract Tower,5,0,0,0,5,0,13,24,0,37,5,13,24,0,42,4,0,4,46
08/10/2004,IFP,AZ,AWP,WE,Federal Contract Tower,0,0,0,0,0,0,10,28,0,38,0,10,28,0,38,8,0,8,46
08/11/2004,IFP,AZ,AWP,WE,Federal Contract Tower,2,0,0,0,2,0,8,31,0,39,2,8,31,0,41,6,0,6,47
08/12/2004,IFP,AZ,AWP,WE,Federal Contract Tower,6,0,3,0,9,0,9,40,0,49,6,9,43,0,58,20,0,20,78
08/13/2004,IFP,AZ,AWP,WE,Federal Contract Tower,5,0,2,0,7,0,19,46,0,65,5,19,48,0,72,24,0,24,96
08/14/2004,IFP,AZ,AWP,WE,Federal Contract Tower,2,0,1,0,3,0,2,47,0,49,2,2,48,0,52,84,0,84,136
08/15/2004,IFP,AZ,AWP,WE,Federal Contract Tower,5,0,2,0,7,2,1,46,0,49,7,1,48,0,56,40,0,40,96
08/16/2004,IFP,AZ,AWP,WE,Federal Contract Tower,4,0,1,0,5,0,6,28,0,34,4,6,29,0,39,8,0,8,47
08/17/2004,IFP,AZ,AWP,WE,Federal Contract Tower,1,0,0,0,1,0,10,29,0,39,1,10,29,0,40,0,0,0,40
08/18/2004,IFP,AZ,AWP,WE,Federal Contract Tower,0,0,0,0,0,0,8,50,0,58,0,8,50,0,58,22,0,22,80
08/19/2004,IFP,AZ,AWP,WE,Federal Contract Tower,5,0,2,0,7,2,8,46,0,56,7,8,48,0,63,10,0,10,73
08/20/2004,IFP,AZ,AWP,WE,Federal Contract Tower,5,0,2,0,7,0,15,48,0,63,5,15,50,0,70,8,0,8,78
08/21/2004,IFP,AZ,AWP,WE,Federal Contract Tower,1,0,0,0,1,0,17,44,0,61,1,17,44,0,62,48,0,48,110
08/22/2004,IFP,AZ,AWP,WE,Federal Contract Tower,7,0,3,0,10,0,9,66,0,75,7,9,69,0,85,36,0,36,121
08/23/2004,IFP,AZ,AWP,WE,Federal Contract Tower,5,0,1,0,6,0,8,29,0,37,5,8,30,0,43,6,0,6,49
08/24/2004,IFP,AZ,AWP,WE,Federal Contract Tower,1,0,0,0,1,0,10,27,0,37,1,10,27,0,38,2,0,2,40
08/25/2004,IFP,AZ,AWP,WE,Federal Contract Tower,1,0,0,0,1,0,10,35,0,45,1,10,35,0,46,2,0,2,48
08/26/2004,IFP,AZ,AWP,WE,Federal Contract Tower,2,8,2,0,12,5,8,43,0,56,7,16,45,0,68,12,0,12,80
08/27/2004,IFP,AZ,AWP,WE,Federal Contract Tower,6,0,2,0,8,0,14,50,0,64,6,14,52,0,72,14,0,14,86
08/28/2004,IFP,AZ,AWP,WE,Federal Contract Tower,1,0,0,0,1,1,2,68,2,73,2,2,68,2,74,81,0,81,155
08/29/2004,IFP,AZ,AWP,WE,Federal Contract Tower,7,0,2,0,9,1,2,66,0,69,8,2,68,0,78,50,0,50,128
08/30/2004,IFP,AZ,AWP,WE,Federal Contract Tower,4,0,2,0,6,0,21,31,2,54,4,21,33,2,60,8,10,18,78
08/31/2004,IFP,AZ,AWP,WE,Federal Contract Tower,1,0,0,0,1,0,10,41,0,51,1,10,41,0,52,8,0,8,60
09/01/2004,IFP,AZ,AWP,WE,Federal Contract Tower,0,1,0,0,1,0,9,43,0,52,0,10,43,0,53,4,0,4,57
09/02/2004,IFP,AZ,AWP,WE,Federal Contract Tower,5,1,4,0,10,2,14,43,0,59,7,15,47,0,69,6,0,6,75
09/03/2004,IFP,AZ,AWP,WE,Federal Contract Tower,3,1,4,0,8,4,16,43,0,63,7,17,47,0,71,10,0,10,81
09/04/2004,IFP,AZ,AWP,WE,Federal Contract Tower,1,1,3,0,5,0,5,49,0,54,1,6,52,0,59,60,0,60,119
09/05/2004,IFP,AZ,AWP,WE,Federal Contract Tower,3,1,4,0,8,4,1,59,0,64,7,2,63,0,72,102,0,102,174
09/06/2004,IFP,AZ,AWP,WE,Federal Contract Tower,6,1,3,0,10,1,5,77,0,83,7,6,80,0,93,38,0,38,131
09/07/2004,IFP,AZ,AWP,WE,Federal Contract Tower,1,1,0,0,2,0,7,25,0,32,1,8,25,0,34,32,0,32,66
09/08/2004,IFP,AZ,AWP,WE,Federal Contract Tower,0,1,0,0,1,1,7,28,0,36,1,8,28,0,37,32,0,32,69
09/09/2004,IFP,AZ,AWP,WE,Federal Contract Tower,4,1,3,0,8,4,14,24,0,42,8,15,27,0,50,8,0,8,58
09/10/2004,IFP,AZ,AWP,WE,Federal Contract Tower,6,1,3,0,10,1,9,50,0,60,7,10,53,0,70,6,0,6,76
09/11/2004,IFP,AZ,AWP,WE,Federal Contract Tower,1,1,0,0,2,0,0,46,0,46,1,1,46,0,48,48,0,48,96
09/12/2004,IFP,AZ,AWP,WE,Federal Contract Tower,5,0,3,0,8,3,1,59,0,63,8,1,62,0,71,54,0,54,125
09/13/2004,IFP,AZ,AWP,WE,Federal Contract Tower,5,0,2,0,7,2,7,40,0,49,7,7,42,0,56,14,0,14,70
09/14/2004,IFP,AZ,AWP,WE,Federal Contract Tower,2,0,1,0,3,0,8,29,0,37,2,8,30,0,40,2,0,2,42
09/15/2004,IFP,AZ,AWP,WE,Federal Contract Tower,1,0,3,0,4,0,15,38,0,53,1,15,41,0,57,6,0,6,63
09/16/2004,IFP,AZ,AWP,WE,Federal Contract Tower,7,0,4,0,11,0,8,60,0,68,7,8,64,0,79,4,0,4,83
09/17/2004,IFP,AZ,AWP,WE,Federal Contract Tower,7,0,3,0,10,0,8,57,0,65,7,8,60,0,75,24,0,24,99
09/18/2004,IFP,AZ,AWP,WE,Federal Contract Tower,0,0,0,0,0,0,0,45,4,49,0,0,45,4,49,54,0,54,103
09/19/2004,IFP,AZ,AWP,WE,Federal Contract Tower,5,0,2,0,7,1,1,59,0,61,6,1,61,0,68,24,0,24,92
09/20/2004,IFP,AZ,AWP,WE,Federal Contract Tower,7,0,5,0,12,0,9,47,0,56,7,9,52,0,68,8,0,8,76
09/21/2004,IFP,AZ,AWP,WE,Federal Contract Tower,1,0,0,0,1,0,13,36,0,49,1,13,36,0,50,6,0,6,56
09/22/2004,IFP,AZ,AWP,WE,Federal Contract Tower,1,0,0,0,1,0,21,48,0,69,1,21,48,0,70,0,0,0,70
09/23/2004,IFP,AZ,AWP,WE,Federal Contract Tower,7,0,4,0,11,0,11,69,0,80,7,11,73,0,91,8,0,8,99
09/24/2004,IFP,AZ,AWP,WE,Federal Contract Tower,7,0,4,0,11,1,19,77,4,101,8,19,81,4,112,26,0,26,138
09/25/2004,IFP,AZ,AWP,WE,Federal Contract Tower,5,0,3,0,8,85,0,0,0,85,90,0,3,0,93,60,0,60,153
09/26/2004,IFP,AZ,AWP,WE,Federal Contract Tower,6,0,3,0,9,80,1,4,0,85,86,1,7,0,94,0,0,0,94
09/27/2004,IFP,AZ,AWP,WE,Federal Contract Tower,7,0,3,0,10,1,13,49,0,63,8,13,52,0,73,4,0,4,77
09/28/2004,IFP,AZ,AWP,WE,Federal Contract Tower,0,0,0,0,0,0,9,44,0,53,0,9,44,0,53,8,0,8,61
09/29/2004,IFP,AZ,AWP,WE,Federal Contract Tower,1,0,2,0,3,0,14,25,0,39,1,14,27,0,42,0,0,0,42
09/30/2004,IFP,AZ,AWP,WE,Federal Contract Tower,7,0,3,0,10,1,12,39,0,52,8,12,42,0,62,24,0,24,86
10/01/2004,IFP,AZ,AWP,WE,Federal Contract Tower,8,2,3,0,13,0,17,77,7,101,8,19,80,7,114,6,7,13,127
10/02/2004,IFP,AZ,AWP,WE,Federal Contract Tower,1,1,2,1,5,0,7,72,0,79,1,8,74,1,84,60,0,60,144
10/03/2004,IFP,AZ,AWP,WE,Federal Contract Tower,6,0,0,0,6,0,0,94,5,99,6,0,94,5,105,50,0,50,155
10/04/2004,IFP,AZ,AWP,WE,Federal Contract Tower,5,0,3,0,8,1,8,54,0,63,6,8,57,0,71,4,0,4,75
10/05/2004,IFP,AZ,AWP,WE,Federal Contract Tower,1,0,4,0,5,0,11,55,0,66,1,11,59,0,71,8,0,8,79
10/06/2004,IFP,AZ,AWP,WE,Federal Contract Tower,1,2,2,0,5,0,9,58,0,67,1,11,60,0,72,6,0,6,78
10/07/2004,IFP,AZ,AWP,WE,Federal Contract Tower,10,0,0,0,10,0,9,52,2,63,10,9,52,2,73,8,2,10,83
10/08/2004,IFP,AZ,AWP,WE,Federal Contract Tower,5,0,0,0,5,0,14,59,0,73,5,14,59,0,78,14,0,14,92
10/09/2004,IFP,AZ,AWP,WE,Federal Contract Tower,1,2,6,0,9,0,10,91,0,101,1,12,97,0,110,70,0,70,180
10/10/2004,IFP,AZ,AWP,WE,Federal Contract Tower,7,2,13,0,22,3,6,79,0,88,10,8,92,0,110,32,0,32,142
10/11/2004,IFP,AZ,AWP,WE,Federal Contract Tower,4,4,16,0,24,2,9,59,0,70,6,13,75,0,94,10,0,10,104
10/12/2004,IFP,AZ,AWP,WE,Federal Contract Tower,1,3,11,0,15,1,14,64,0,79,2,17,75,0,94,24,0,24,118
10/13/2004,IFP,AZ,AWP,WE,Federal Contract Tower,1,3,13,0,17,0,9,40,2,51,1,12,53,2,68,4,0,4,72
10/14/2004,IFP,AZ,AWP,WE,Federal Contract Tower,10,8,11,0,29,0,18,56,0,74,10,26,67,0,103,10,0,10,113
10/15/2004,IFP,AZ,AWP,WE,Federal Contract Tower,5,3,7,0,15,0,10,42,0,52,5,13,49,0,67,12,0,12,79
10/16/2004,IFP,AZ,AWP,WE,Federal Contract Tower,2,0,4,0,6,0,0,64,2,66,2,0,68,2,72,88,0,88,160
10/17/2004,IFP,AZ,AWP,WE,Federal Contract Tower,8,0,3,0,11,0,5,48,0,53,8,5,51,0,64,36,0,36,100
10/18/2004,IFP,AZ,AWP,WE,Federal Contract Tower,5,1,7,0,13,0,9,29,0,38,5,10,36,0,51,4,0,4,55
10/19/2004,IFP,AZ,AWP,WE,Federal Contract Tower,0,0,1,0,1,0,10,26,0,36,0,10,27,0,37,2,0,2,39
10/20/2004,IFP,AZ,AWP,WE,Federal Contract Tower,2,5,5,0,12,0,2,7,0,9,2,7,12,0,21,0,0,0,21
10/21/2004,IFP,AZ,AWP,WE,Federal Contract Tower,8,3,2,0,13,1,3,8,0,12,9,6,10,0,25,0,0,0,25
10/22/2004,IFP,AZ,AWP,WE,Federal Contract Tower,2,1,3,0,6,0,15,61,0,76,2,16,64,0,82,10,0,10,92
10/23/2004,IFP,AZ,AWP,WE,Federal Contract Tower,3,1,4,0,8,0,3,68,0,71,3,4,72,0,79,60,0,60,139
10/24/2004,IFP,AZ,AWP,WE,Federal Contract Tower,9,0,5,2,16,0,0,99,0,99,9,0,104,2,115,28,0,28,143
10/25/2004,IFP,AZ,AWP,WE,Federal Contract Tower,4,1,6,0,11,0,9,29,0,38,4,10,35,0,49,20,0,20,69
10/26/2004,IFP,AZ,AWP,WE,Federal Contract Tower,3,0,0,0,3,0,16,31,0,47,3,16,31,0,50,30,14,44,94
10/27/2004,IFP,AZ,AWP,WE,Federal Contract Tower,2,10,4,0,16,0,2,4,0,6,2,12,8,0,22,0,0,0,22
10/28/2004,IFP,AZ,AWP,WE,Federal Contract Tower,6,2,2,0,10,0,8,27,0,35,6,10,29,0,45,6,0,6,51
10/29/2004,IFP,AZ,AWP,WE,Federal Contract Tower,4,3,5,0,12,0,13,82,0,95,4,16,87,0,107,16,0,16,123
10/30/2004,IFP,AZ,AWP,WE,Federal Contract Tower,3,0,2,0,5,0,1,97,3,101,3,1,99,3,106,50,0,50,156
10/31/2004,IFP,AZ,AWP,WE,Federal Contract Tower,6,0,2,0,8,0,0,73,0,73,6,0,75,0,81,14,0,14,95
11/01/2004,IFP,AZ,AWP,WE,Federal Contract Tower,5,0,0,0,5,0,13,9,0,22,5,13,9,0,27,14,0,14,41
11/02/2004,IFP,AZ,AWP,WE,Federal Contract Tower,1,0,1,0,2,0,16,33,0,49,1,16,34,0,51,4,0,4,55
11/03/2004,IFP,AZ,AWP,WE,Federal Contract Tower,3,0,2,2,7,0,13,50,0,63,3,13,52,2,70,4,4,8,78
11/04/2004,IFP,AZ,AWP,WE,Federal Contract Tower,5,0,2,0,7,0,12,48,0,60,5,12,50,0,67,22,0,22,89
11/05/2004,IFP,AZ,AWP,WE,Federal Contract Tower,6,2,4,0,12,0,14,71,0,85,6,16,75,0,97,16,0,16,113
11/06/2004,IFP,AZ,AWP,WE,Federal Contract Tower,1,0,1,0,2,0,3,87,0,90,1,3,88,0,92,74,0,74,166
11/07/2004,IFP,AZ,AWP,WE,Federal Contract Tower,5,0,7,0,12,0,0,45,0,45,5,0,52,0,57,16,0,16,73
11/08/2004,IFP,AZ,AWP,WE,Federal Contract Tower,5,2,5,0,12,0,7,15,0,22,5,9,20,0,34,0,0,0,34
11/09/2004,IFP,AZ,AWP,WE,Federal Contract Tower,1,1,7,0,9,0,8,49,4,61,1,9,56,4,70,10,4,14,84
11/10/2004,IFP,AZ,AWP,WE,Federal Contract Tower,0,0,3,0,3,0,8,38,0,46,0,8,41,0,49,22,0,22,71
11/11/2004,IFP,AZ,AWP,WE,Federal Contract Tower,5,0,2,0,7,0,8,38,2,48,5,8,40,2,55,8,0,8,63
11/12/2004,IFP,AZ,AWP,WE,Federal Contract Tower,5,1,8,0,14,0,19,68,0,87,5,20,76,0,101,28,0,28,129
11/13/2004,IFP,AZ,AWP,WE,Federal Contract Tower,1,0,0,0,1,0,1,46,0,47,1,1,46,0,48,70,0,70,118
11/14/2004,IFP,AZ,AWP,WE,Federal Contract Tower,5,0,1,0,6,0,5,74,0,79,5,5,75,0,85,44,0,44,129
11/15/2004,IFP,AZ,AWP,WE,Federal Contract Tower,4,0,2,0,6,1,10,29,2,42,5,10,31,2,48,4,0,4,52
11/16/2004,IFP,AZ,AWP,WE,Federal Contract Tower,0,3,2,0,5,3,16,47,0,66,3,19,49,0,71,64,0,64,135
11/17/2004,IFP,AZ,AWP,WE,Federal Contract Tower,2,0,4,0,6,0,13,51,2,66,2,13,55,2,72,6,0,6,78
11/18/2004,IFP,AZ,AWP,WE,Federal Contract Tower,7,0,1,0,8,0,18,25,0,43,7,18,26,0,51,8,0,8,59
11/19/2004,IFP,AZ,AWP,WE,Federal Contract Tower,3,3,8,0,14,0,11,83,0,94,3,14,91,0,108,34,0,34,142
11/20/2004,IFP,AZ,AWP,WE,Federal Contract Tower,1,3,0,0,4,0,6,88,2,96,1,9,88,2,100,64,0,64,164
11/21/2004,IFP,AZ,AWP,WE,Federal Contract Tower,5,0,9,0,14,0,0,10,0,10,5,0,19,0,24,0,0,0,24
11/22/2004,IFP,AZ,AWP,WE,Federal Contract Tower,5,2,1,0,8,0,6,22,0,28,5,8,23,0,36,0,0,0,36
11/23/2004,IFP,AZ,AWP,WE,Federal Contract Tower,1,0,4,2,7,0,11,37,0,48,1,11,41,2,55,18,10,28,83
11/24/2004,IFP,AZ,AWP,WE,Federal Contract Tower,4,0,2,0,6,0,13,70,0,83,4,13,72,0,89,6,0,6,95
11/25/2004,IFP,AZ,AWP,WE,Federal Contract Tower,6,0,1,0,7,0,0,28,0,28,6,0,29,0,35,2,0,2,37
11/26/2004,IFP,AZ,AWP,WE,Federal Contract Tower,4,0,3,0,7,0,27,81,0,108,4,27,84,0,115,0,0,0,115
11/27/2004,IFP,AZ,AWP,WE,Federal Contract Tower,3,0,3,0,6,0,4,42,2,48,3,4,45,2,54,52,0,52,106
11/28/2004,IFP,AZ,AWP,WE,Federal Contract Tower,9,0,1,0,10,0,2,30,0,32,9,2,31,0,42,0,0,0,42
11/29/2004,IFP,AZ,AWP,WE,Federal Contract Tower,3,1,2,0,6,0,11,19,0,30,3,12,21,0,36,4,0,4,40
11/30/2004,IFP,AZ,AWP,WE,Federal Contract Tower,1,3,2,0,6,1,11,48,2,62,2,14,50,2,68,10,0,10,78
12/01/2004,IFP,AZ,AWP,WE,Federal Contract Tower,2,0,3,0,5,0,14,26,0,40,2,14,29,0,45,0,0,0,45
12/02/2004,IFP,AZ,AWP,WE,Federal Contract Tower,7,0,4,0,11,0,15,27,0,42,7,15,31,0,53,8,0,8,61
12/03/2004,IFP,AZ,AWP,WE,Federal Contract Tower,4,0,2,0,6,1,13,31,0,45,5,13,33,0,51,8,0,8,59
12/04/2004,IFP,AZ,AWP,WE,Federal Contract Tower,4,0,3,0,7,0,2,66,0,68,4,2,69,0,75,30,0,30,105
12/05/2004,IFP,AZ,AWP,WE,Federal Contract Tower,3,0,0,0,3,1,2,10,0,13,4,2,10,0,16,10,0,10,26
12/06/2004,IFP,AZ,AWP,WE,Federal Contract Tower,4,0,2,0,6,1,10,24,2,37,5,10,26,2,43,18,0,18,61
12/07/2004,IFP,AZ,AWP,WE,Federal Contract Tower,1,2,2,0,5,1,10,13,0,24,2,12,15,0,29,2,0,2,31
12/08/2004,IFP,AZ,AWP,WE,Federal Contract Tower,0,1,4,0,5,0,10,22,2,34,0,11,26,2,39,6,0,6,45
12/09/2004,IFP,AZ,AWP,WE,Federal Contract Tower,5,2,2,0,9,0,13,58,0,71,5,15,60,0,80,26,0,26,106
12/10/2004,IFP,AZ,AWP,WE,Federal Contract Tower,4,0,2,0,6,1,10,59,0,70,5,10,61,0,76,24,0,24,100
12/11/2004,IFP,AZ,AWP,WE,Federal Contract Tower,2,0,2,0,4,0,16,84,0,100,2,16,86,0,104,46,0,46,150
12/12/2004,IFP,AZ,AWP,WE,Federal Contract Tower,6,0,3,0,9,0,2,96,0,98,6,2,99,0,107,32,0,32,139
12/13/2004,IFP,AZ,AWP,WE,Federal Contract Tower,7,0,0,0,7,0,14,44,0,58,7,14,44,0,65,4,0,4,69
12/14/2004,IFP,AZ,AWP,WE,Federal Contract Tower,6,0,1,0,7,1,18,27,0,46,7,18,28,0,53,0,0,0,53
12/15/2004,IFP,AZ,AWP,WE,Federal Contract Tower,2,0,4,0,6,0,20,31,0,51,2,20,35,0,57,0,0,0,57
12/16/2004,IFP,AZ,AWP,WE,Federal Contract Tower,4,0,1,0,5,0,12,24,2,38,4,12,25,2,43,8,4,12,55
12/17/2004,IFP,AZ,AWP,WE,Federal Contract Tower,3,0,5,0,8,0,13,52,0,65,3,13,57,0,73,16,0,16,89
12/18/2004,IFP,AZ,AWP,WE,Federal Contract Tower,0,0,2,0,2,0,6,53,2,61,0,6,55,2,63,6,0,6,69
12/19/2004,IFP,AZ,AWP,WE,Federal Contract Tower,1,0,2,0,3,0,2,82,0,84,1,2,84,0,87,50,0,50,137
12/20/2004,IFP,AZ,AWP,WE,Federal Contract Tower,2,0,1,1,4,0,8,52,1,61,2,8,53,2,65,18,0,18,83
12/21/2004,IFP,AZ,AWP,WE,Federal Contract Tower,0,0,2,0,2,0,12,48,0,60,0,12,50,0,62,8,0,8,70
12/22/2004,IFP,AZ,AWP,WE,Federal Contract Tower,0,0,3,0,3,0,11,29,0,40,0,11,32,0,43,0,0,0,43
12/23/2004,IFP,AZ,AWP,WE,Federal Contract Tower,1,0,3,0,4,0,19,32,0,51,1,19,35,0,55,10,0,10,65
12/24/2004,IFP,AZ,AWP,WE,Federal Contract Tower,1,0,1,0,2,0,21,37,0,58,1,21,38,0,60,0,0,0,60
12/25/2004,IFP,AZ,AWP,WE,Federal Contract Tower,0,0,3,0,3,0,4,18,0,22,0,4,21,0,25,0,0,0,25
12/26/2004,IFP,AZ,AWP,WE,Federal Contract Tower,2,0,5,0,7,0,0,55,2,57,2,0,60,2,64,0,0,0,64
12/27/2004,IFP,AZ,AWP,WE,Federal Contract Tower,0,2,2,0,4,0,9,15,0,24,0,11,17,0,28,0,0,0,28
12/28/2004,IFP,AZ,AWP,WE,Federal Contract Tower,0,5,0,0,5,0,4,3,0,7,0,9,3,0,12,0,0,0,12
12/29/2004,IFP,AZ,AWP,WE,Federal Contract Tower,0,1,2,0,3,0,12,15,0,27,0,13,17,0,30,12,0,12,42
12/30/2004,IFP,AZ,AWP,WE,Federal Contract Tower,1,0,1,0,2,0,11,35,0,46,1,11,36,0,48,4,0,4,52
12/31/2004,IFP,AZ,AWP,WE,Federal Contract Tower,0,3,4,0,7,0,11,26,0,37,0,14,30,0,44,14,0,14,58
01/01/2005,IFP,AZ,AWP,WE,Federal Contract Tower,0,0,2,0,2,0,5,46,0,51,0,5,48,0,53,46,0,46,99
01/02/2005,IFP,AZ,AWP,WE,Federal Contract Tower,0,1,2,0,3,0,5,48,0,53,0,6,50,0,56,26,0,26,82
01/03/2005,IFP,AZ,AWP,WE,Federal Contract Tower,1,3,6,0,10,0,5,1,0,6,1,8,7,0,16,0,0,0,16
01/04/2005,IFP,AZ,AWP,WE,Federal Contract Tower,0,2,2,0,4,0,3,2,0,5,0,5,4,0,9,0,0,0,9
01/05/2005,IFP,AZ,AWP,WE,Federal Contract Tower,3,0,2,2,7,0,14,44,0,58,3,14,46,2,65,12,0,12,77
01/06/2005,IFP,AZ,AWP,WE,Federal Contract Tower,2,0,4,0,6,0,13,38,0,51,2,13,42,0,57,40,0,40,97
01/07/2005,IFP,AZ,AWP,WE,Federal Contract Tower,2,1,2,0,5,0,9,17,2,28,2,10,19,2,33,8,0,8,41
01/08/2005,IFP,AZ,AWP,WE,Federal Contract Tower,4,0,0,0,4,0,1,6,0,7,4,1,6,0,11,20,0,20,31
01/09/2005,IFP,AZ,AWP,WE,Federal Contract Tower,2,0,3,0,5,0,0,9,0,9,2,0,12,0,14,14,0,14,28
01/10/2005,IFP,AZ,AWP,WE,Federal Contract Tower,3,1,1,0,5,1,11,12,0,24,4,12,13,0,29,0,0,0,29
01/11/2005,IFP,AZ,AWP,WE,Federal Contract Tower,2,0,1,0,3,0,10,4,0,14,2,10,5,0,17,0,0,0,17
01/12/2005,IFP,AZ,AWP,WE,Federal Contract Tower,2,0,2,0,4,0,9,36,0,45,2,9,38,0,49,0,0,0,49
01/13/2005,IFP,AZ,AWP,WE,Federal Contract Tower,5,0,2,0,7,0,13,73,3,89,5,13,75,3,96,8,0,8,104
01/14/2005,IFP,AZ,AWP,WE,Federal Contract Tower,4,2,5,0,11,0,9,98,0,107,4,11,103,0,118,40,0,40,158
01/15/2005,IFP,AZ,AWP,WE,Federal Contract Tower,3,2,6,0,11,1,5,149,0,155,4,7,155,0,166,78,0,78,244
01/16/2005,IFP,AZ,AWP,WE,Federal Contract Tower,5,0,3,0,8,0,2,130,0,132,5,2,133,0,140,0,0,0,140
01/17/2005,IFP,AZ,AWP,WE,Federal Contract Tower,3,2,4,0,9,0,2,54,0,56,3,4,58,0,65,4,0,4,69
01/18/2005,IFP,AZ,AWP,WE,Federal Contract Tower,1,0,2,0,3,0,10,45,4,59,1,10,47,4,62,2,0,2,64
01/19/2005,IFP,AZ,AWP,WE,Federal Contract Tower,3,0,3,0,6,0,8,37,0,45,3,8,40,0,51,12,0,12,63
01/20/2005,IFP,AZ,AWP,WE,Federal Contract Tower,5,0,4,0,9,0,18,47,0,65,5,18,51,0,74,16,0,16,90
01/21/2005,IFP,AZ,AWP,WE,Federal Contract Tower,5,2,0,0,7,0,10,59,0,69,5,12,59,0,76,10,0,10,86
01/22/2005,IFP,AZ,AWP,WE,Federal Contract Tower,5,0,3,0,8,0,6,75,0,81,5,6,78,0,89,54,0,54,143
01/23/2005,IFP,AZ,AWP,WE,Federal Contract Tower,6,0,2,0,8,0,0,71,0,71,6,0,73,0,79,28,0,28,107
01/24/2005,IFP,AZ,AWP,WE,Federal Contract Tower,6,1,4,1,12,1,9,52,0,62,7,10,56,1,74,22,14,36,110
01/25/2005,IFP,AZ,AWP,WE,Federal Contract Tower,1,0,4,0,5,0,10,37,2,49,1,10,41,2,54,2,0,2,56
01/26/2005,IFP,AZ,AWP,WE,Federal Contract Tower,2,3,2,0,7,0,1,16,0,17,2,4,18,0,24,2,0,2,26
01/27/2005,IFP,AZ,AWP,WE,Federal Contract Tower,9,1,2,0,12,1,9,35,0,45,10,10,37,0,57,14,0,14,71
01/28/2005,IFP,AZ,AWP,WE,Federal Contract Tower,6,0,2,0,8,0,11,51,0,62,6,11,53,0,70,14,0,14,84
01/29/2005,IFP,AZ,AWP,WE,Federal Contract Tower,6,0,0,0,6,0,7,21,0,28,6,7,21,0,34,38,0,38,72
01/30/2005,IFP,AZ,AWP,WE,Federal Contract Tower,7,1,8,0,16,0,3,57,0,60,7,4,65,0,76,22,0,22,98
01/31/2005,IFP,AZ,AWP,WE,Federal Contract Tower,6,0,1,0,7,0,10,33,0,43,6,10,34,0,50,6,0,6,56
02/01/2005,IFP,AZ,AWP,WE,Federal Contract Tower,0,0,4,0,4,0,13,38,0,51,0,13,42,0,55,4,0,4,59
02/02/2005,IFP,AZ,AWP,WE,Federal Contract Tower,5,0,1,0,6,0,10,40,2,52,5,10,41,2,58,0,0,0,58
02/03/2005,IFP,AZ,AWP,WE,Federal Contract Tower,8,0,0,0,8,0,19,50,0,69,8,19,50,0,77,0,0,0,77
02/04/2005,IFP,AZ,AWP,WE,Federal Contract Tower,4,0,4,0,8,0,21,47,2,70,4,21,51,2,78,14,0,14,92
02/05/2005,IFP,AZ,AWP,WE,Federal Contract Tower,4,0,3,0,7,1,2,77,2,82,5,2,80,2,89,26,0,26,115
02/06/2005,IFP,AZ,AWP,WE,Federal Contract Tower,5,0,1,0,6,0,1,55,0,56,5,1,56,0,62,38,0,38,100
02/07/2005,IFP,AZ,AWP,WE,Federal Contract Tower,5,2,3,0,10,0,11,39,0,50,5,13,42,0,60,10,0,10,70
02/08/2005,IFP,AZ,AWP,WE,Federal Contract Tower,2,1,2,0,5,0,11,48,0,59,2,12,50,0,64,8,0,8,72
02/09/2005,IFP,AZ,AWP,WE,Federal Contract Tower,4,0,1,0,5,0,11,44,4,59,4,11,45,4,64,14,0,14,78
02/10/2005,IFP,AZ,AWP,WE,Federal Contract Tower,6,0,2,2,10,0,15,40,0,55,6,15,42,2,65,0,2,2,67
02/11/2005,IFP,AZ,AWP,WE,Federal Contract Tower,4,7,2,0,13,0,0,0,0,0,4,7,2,0,13,0,0,0,13
02/12/2005,IFP,AZ,AWP,WE,Federal Contract Tower,4,0,5,0,9,0,1,20,0,21,4,1,25,0,30,76,0,76,106
02/13/2005,IFP,AZ,AWP,WE,Federal Contract Tower,7,0,3,0,10,0,1,55,0,56,7,1,58,0,66,6,0,6,72
02/14/2005,IFP,AZ,AWP,WE,Federal Contract Tower,5,1,0,0,6,0,11,26,0,37,5,12,26,0,43,6,0,6,49
02/15/2005,IFP,AZ,AWP,WE,Federal Contract Tower,1,1,1,0,3,0,10,17,0,27,1,11,18,0,30,2,0,2,32
02/16/2005,IFP,AZ,AWP,WE,Federal Contract Tower,3,5,0,0,8,0,8,26,0,34,3,13,26,0,42,4,0,4,46
02/17/2005,IFP,AZ,AWP,WE,Federal Contract Tower,6,3,3,0,12,0,15,32,2,49,6,18,35,2,61,0,6,6,67
02/18/2005,IFP,AZ,AWP,WE,Federal Contract Tower,5,7,8,0,20,0,7,6,0,13,5,14,14,0,33,10,0,10,43
02/19/2005,IFP,AZ,AWP,WE,Federal Contract Tower,4,0,1,0,5,0,4,10,0,14,4,4,11,0,19,10,0,10,29
02/20/2005,IFP,AZ,AWP,WE,Federal Contract Tower,6,0,2,0,8,0,3,25,0,28,6,3,27,0,36,56,0,56,92
02/21/2005,IFP,AZ,AWP,WE,Federal Contract Tower,6,2,4,0,12,1,6,7,0,14,7,8,11,0,26,0,0,0,26
02/22/2005,IFP,AZ,AWP,WE,Federal Contract Tower,0,5,2,0,7,0,6,18,1,25,0,11,20,1,32,2,0,2,34
02/23/2005,IFP,AZ,AWP,WE,Federal Contract Tower,4,4,0,0,8,0,7,9,0,16,4,11,9,0,24,0,0,0,24
02/24/2005,IFP,AZ,AWP,WE,Federal Contract Tower,7,3,3,0,13,0,9,40,0,49,7,12,43,0,62,6,0,6,68
02/25/2005,IFP,AZ,AWP,WE,Federal Contract Tower,4,1,4,0,9,0,14,70,0,84,4,15,74,0,93,0,0,0,93
02/26/2005,IFP,AZ,AWP,WE,Federal Contract Tower,4,0,0,0,4,0,18,71,2,91,4,18,71,2,95,64,0,64,159
02/27/2005,IFP,AZ,AWP,WE,Federal Contract Tower,7,0,7,0,14,0,3,118,0,121,7,3,125,0,135,52,0,52,187
02/28/2005,IFP,AZ,AWP,WE,Federal Contract Tower,7,0,0,0,7,0,13,42,2,57,7,13,42,2,64,0,0,0,64
03/01/2005,IFP,AZ,AWP,WE,Federal Contract Tower,1,0,2,0,3,0,12,41,1,54,1,12,43,1,57,2,0,2,59
03/02/2005,IFP,AZ,AWP,WE,Federal Contract Tower,3,0,0,0,3,0,12,26,0,38,3,12,26,0,41,2,0,2,43
03/03/2005,IFP,AZ,AWP,WE,Federal Contract Tower,6,0,0,2,8,1,10,52,2,65,7,10,52,4,73,2,12,14,87
03/04/2005,IFP,AZ,AWP,WE,Federal Contract Tower,7,1,6,0,14,0,10,41,0,51,7,11,47,0,65,10,0,10,75
03/05/2005,IFP,AZ,AWP,WE,Federal Contract Tower,3,0,3,0,6,0,4,21,0,25,3,4,24,0,31,2,0,2,33
03/06/2005,IFP,AZ,AWP,WE,Federal Contract Tower,3,2,2,0,7,1,3,53,0,57,4,5,55,0,64,6,0,6,70
03/07/2005,IFP,AZ,AWP,WE,Federal Contract Tower,7,0,1,1,9,0,14,46,1,61,7,14,47,2,70,20,0,20,90
03/08/2005,IFP,AZ,AWP,WE,Federal Contract Tower,0,0,1,0,1,0,11,31,0,42,0,11,32,0,43,8,0,8,51
03/09/2005,IFP,AZ,AWP,WE,Federal Contract Tower,3,3,6,0,12,0,8,44,0,52,3,11,50,0,64,2,0,2,66
03/10/2005,IFP,AZ,AWP,WE,Federal Contract Tower,7,0,4,0,11,1,15,68,2,86,8,15,72,2,97,6,0,6,103
03/11/2005,IFP,AZ,AWP,WE,Federal Contract Tower,7,0,4,0,11,0,11,52,2,65,7,11,56,2,76,2,0,2,78
03/12/2005,IFP,AZ,AWP,WE,Federal Contract Tower,4,0,0,0,4,0,7,113,0,120,4,7,113,0,124,120,0,120,244
03/13/2005,IFP,AZ,AWP,WE,Federal Contract Tower,6,0,3,0,9,0,3,93,0,96,6,3,96,0,105,38,0,38,143
03/14/2005,IFP,AZ,AWP,WE,Federal Contract Tower,7,0,0,0,7,0,13,13,0,26,7,13,13,0,33,4,0,4,37
03/15/2005,IFP,AZ,AWP,WE,Federal Contract Tower,0,0,1,0,1,0,14,34,0,48,0,14,35,0,49,8,0,8,57
03/16/2005,IFP,AZ,AWP,WE,Federal Contract Tower,3,0,3,1,7,0,10,46,0,56,3,10,49,1,63,6,0,6,69
03/17/2005,IFP,AZ,AWP,WE,Federal Contract Tower,7,1,2,3,13,0,12,88,1,101,7,13,90,4,114,24,10,34,148
03/18/2005,IFP,AZ,AWP,WE,Federal Contract Tower,8,2,2,0,12,0,21,25,5,51,8,23,27,5,63,0,0,0,63
03/19/2005,IFP,AZ,AWP,WE,Federal Contract Tower,2,0,1,0,3,1,6,29,2,38,3,6,30,2,41,70,0,70,111
03/20/2005,IFP,AZ,AWP,WE,Federal Contract Tower,7,0,1,0,8,0,2,48,2,52,7,2,49,2,60,40,0,40,100
03/21/2005,IFP,AZ,AWP,WE,Federal Contract Tower,7,0,2,0,9,1,14,39,0,54,8,14,41,0,63,4,0,4,67
03/22/2005,IFP,AZ,AWP,WE,Federal Contract Tower,1,0,2,0,3,0,11,42,0,53,1,11,44,0,56,4,0,4,60
03/23/2005,IFP,AZ,AWP,WE,Federal Contract Tower,2,0,1,0,3,0,9,14,2,25,2,9,15,2,28,0,10,10,38
03/24/2005,IFP,AZ,AWP,WE,Federal Contract Tower,7,0,1,0,8,0,10,11,0,21,7,10,12,0,29,6,0,6,35
03/25/2005,IFP,AZ,AWP,WE,Federal Contract Tower,8,0,1,0,9,0,13,43,0,56,8,13,44,0,65,0,0,0,65
03/26/2005,IFP,AZ,AWP,WE,Federal Contract Tower,2,0,5,0,7,1,1,70,0,72,3,1,75,0,79,58,0,58,137
03/27/2005,IFP,AZ,AWP,WE,Federal Contract Tower,7,0,2,0,9,0,6,70,0,76,7,6,72,0,85,74,0,74,159
03/28/2005,IFP,AZ,AWP,WE,Federal Contract Tower,7,0,2,0,9,0,15,26,2,43,7,15,28,2,52,4,4,8,60
03/29/2005,IFP,AZ,AWP,WE,Federal Contract Tower,0,0,2,0,2,0,13,44,0,57,0,13,46,0,59,2,0,2,61
03/30/2005,IFP,AZ,AWP,WE,Federal Contract Tower,3,0,4,0,7,0,16,25,0,41,3,16,29,0,48,0,0,0,48
03/31/2005,IFP,AZ,AWP,WE,Federal Contract Tower,6,0,4,2,12,0,14,42,0,56,6,14,46,2,68,18,6,24,92
04/01/2005,IFP,AZ,AWP,WE,Federal Contract Tower,8,0,2,0,10,0,11,50,0,61,8,11,52,0,71,8,0,8,79
04/02/2005,IFP,AZ,AWP,WE,Federal Contract Tower,3,0,0,0,3,0,6,78,2,86,3,6,78,2,89,54,0,54,143
04/03/2005,IFP,AZ,AWP,WE,Federal Contract Tower,8,0,8,0,16,0,6,77,0,83,8,6,85,0,99,28,0,28,127
04/04/2005,IFP,AZ,AWP,WE,Federal Contract Tower,9,0,1,0,10,2,9,21,0,32,11,9,22,0,42,4,0,4,46
04/05/2005,IFP,AZ,AWP,WE,Federal Contract Tower,0,0,0,0,0,0,10,36,0,46,0,10,36,0,46,0,0,0,46
04/06/2005,IFP,AZ,AWP,WE,Federal Contract Tower,3,0,1,2,6,0,11,47,0,58,3,11,48,2,64,12,14,26,90
04/07/2005,IFP,AZ,AWP,WE,Federal Contract Tower,7,0,1,0,8,0,17,47,0,64,7,17,48,0,72,8,0,8,80
04/08/2005,IFP,AZ,AWP,WE,Federal Contract Tower,7,0,2,0,9,0,13,34,0,47,7,13,36,0,56,0,0,0,56
04/09/2005,IFP,AZ,AWP,WE,Federal Contract Tower,3,0,1,0,4,0,14,39,0,53,3,14,40,0,57,38,0,38,95
04/10/2005,IFP,AZ,AWP,WE,Federal Contract Tower,6,0,5,0,11,0,5,69,0,74,6,5,74,0,85,0,0,0,85
04/11/2005,IFP,AZ,AWP,WE,Federal Contract Tower,8,0,2,0,10,0,12,30,0,42,8,12,32,0,52,4,0,4,56
04/12/2005,IFP,AZ,AWP,WE,Federal Contract Tower,2,0,3,1,6,0,14,41,0,55,2,14,44,1,61,0,0,0,61
04/13/2005,IFP,AZ,AWP,WE,Federal Contract Tower,2,0,0,0,2,0,11,34,0,45,2,11,34,0,47,0,0,0,47
04/14/2005,IFP,AZ,AWP,WE,Federal Contract Tower,8,0,3,0,11,0,12,23,2,37,8,12,26,2,48,4,0,4,52
04/15/2005,IFP,AZ,AWP,WE,Federal Contract Tower,8,0,3,0,11,0,12,49,0,61,8,12,52,0,72,20,0,20,92
04/16/2005,IFP,AZ,AWP,WE,Federal Contract Tower,3,0,2,0,5,0,2,78,0,80,3,2,80,0,85,46,0,46,131
04/17/2005,IFP,AZ,AWP,WE,Federal Contract Tower,8,0,2,0,10,0,6,75,0,81,8,6,77,0,91,44,0,44,135
04/18/2005,IFP,AZ,AWP,WE,Federal Contract Tower,5,0,4,0,9,1,23,42,0,66,6,23,46,0,75,8,0,8,83
04/19/2005,IFP,AZ,AWP,WE,Federal Contract Tower,0,0,6,0,6,0,8,27,0,35,0,8,33,0,41,0,0,0,41
04/20/2005,IFP,AZ,AWP,WE,Federal Contract Tower,3,2,6,0,11,0,11,49,0,60,3,13,55,0,71,14,0,14,85
04/21/2005,IFP,AZ,AWP,WE,Federal Contract Tower,2,2,3,0,7,0,16,71,0,87,2,18,74,0,94,22,0,22,116
04/22/2005,IFP,AZ,AWP,WE,Federal Contract Tower,0,2,2,0,4,0,27,82,0,109,0,29,84,0,113,60,0,60,173
04/23/2005,IFP,AZ,AWP,WE,Federal Contract Tower,0,0,0,0,0,0,10,82,0,92,0,10,82,0,92,86,0,86,178
04/24/2005,IFP,AZ,AWP,WE,Federal Contract Tower,1,2,7,0,10,1,2,60,0,63,2,4,67,0,73,34,0,34,107
04/25/2005,IFP,AZ,AWP,WE,Federal Contract Tower,0,0,3,0,3,1,10,34,0,45,1,10,37,0,48,20,0,20,68
04/26/2005,IFP,AZ,AWP,WE,Federal Contract Tower,0,2,3,2,7,0,14,61,0,75,0,16,64,2,82,12,4,16,98
04/27/2005,IFP,AZ,AWP,WE,Federal Contract Tower,0,0,2,0,2,0,11,32,0,43,0,11,34,0,45,0,0,0,45
04/28/2005,IFP,AZ,AWP,WE,Federal Contract Tower,4,1,5,0,10,0,14,22,0,36,4,15,27,0,46,12,0,12,58
04/29/2005,IFP,AZ,AWP,WE,Federal Contract Tower,2,0,0,0,2,1,11,64,0,76,3,11,64,0,78,4,0,4,82
04/30/2005,IFP,AZ,AWP,WE,Federal Contract Tower,2,0,6,0,8,0,0,91,0,91,2,0,97,0,99,48,0,48,147
05/01/2005,IFP,AZ,AWP,WE,Federal Contract Tower,5,0,2,0,7,0,3,68,0,71,5,3,70,0,78,24,0,24,102
05/02/2005,IFP,AZ,AWP,WE,Federal Contract Tower,2,0,0,2,4,0,13,41,0,54,2,13,41,2,58,0,4,4,62
05/03/2005,IFP,AZ,AWP,WE,Federal Contract Tower,0,2,2,0,4,0,9,41,2,52,0,11,43,2,56,24,8,32,88
05/04/2005,IFP,AZ,AWP,WE,Federal Contract Tower,1,1,3,0,5,0,10,63,0,73,1,11,66,0,78,20,0,20,98
05/05/2005,IFP,AZ,AWP,WE,Federal Contract Tower,5,1,2,0,8,0,12,10,0,22,5,13,12,0,30,16,0,16,46
05/06/2005,IFP,AZ,AWP,WE,Federal Contract Tower,2,1,3,0,6,0,14,30,0,44,2,15,33,0,50,2,0,2,52
05/07/2005,IFP,AZ,AWP,WE,Federal Contract Tower,1,0,4,0,5,0,0,55,0,55,1,0,59,0,60,44,0,44,104
05/08/2005,IFP,AZ,AWP,WE,Federal Contract Tower,4,0,0,0,4,0,5,44,2,51,4,5,44,2,55,22,0,22,77
05/09/2005,IFP,AZ,AWP,WE,Federal Contract Tower,1,0,2,0,3,1,15,19,0,35,2,15,21,0,38,0,0,0,38
05/10/2005,IFP,AZ,AWP,WE,Federal Contract Tower,0,0,2,0,2,0,12,39,2,53,0,12,41,2,55,0,0,0,55
05/11/2005,IFP,AZ,AWP,WE,Federal Contract Tower,1,1,4,0,6,0,15,49,0,64,1,16,53,0,70,0,0,0,70
05/12/2005,IFP,AZ,AWP,WE,Federal Contract Tower,4,0,2,0,6,1,21,34,0,56,5,21,36,0,62,4,0,4,66
05/13/2005,IFP,AZ,AWP,WE,Federal Contract Tower,1,4,1,2,8,1,10,80,0,91,2,14,81,2,99,6,6,12,111
05/14/2005,IFP,AZ,AWP,WE,Federal Contract Tower,1,0,3,0,4,0,2,65,0,67,1,2,68,0,71,32,0,32,103
05/15/2005,IFP,AZ,AWP,WE,Federal Contract Tower,4,0,5,0,9,1,8,86,0,95,5,8,91,0,104,30,0,30,134
05/16/2005,IFP,AZ,AWP,WE,Federal Contract Tower,2,0,1,0,3,0,14,33,0,47,2,14,34,0,50,0,0,0,50
05/17/2005,IFP,AZ,AWP,WE,Federal Contract Tower,0,0,2,0,2,0,10,46,0,56,0,10,48,0,58,8,0,8,66
05/18/2005,IFP,AZ,AWP,WE,Federal Contract Tower,1,0,5,0,6,0,17,53,0,70,1,17,58,0,76,24,0,24,100
05/19/2005,IFP,AZ,AWP,WE,Federal Contract Tower,5,2,3,0,10,0,12,44,0,56,5,14,47,0,66,8,0,8,74
05/20/2005,IFP,AZ,AWP,WE,Federal Contract Tower,2,0,2,0,4,0,16,68,0,84,2,16,70,0,88,0,0,0,88
05/21/2005,IFP,AZ,AWP,WE,Federal Contract Tower,0,0,1,0,1,0,7,68,0,75,0,7,69,0,76,44,0,44,120
05/22/2005,IFP,AZ,AWP,WE,Federal Contract Tower,5,2,5,0,12,0,6,89,0,95,5,8,94,0,107,30,0,30,137
05/23/2005,IFP,AZ,AWP,WE,Federal Contract Tower,2,0,2,0,4,0,14,19,0,33,2,14,21,0,37,0,0,0,37
05/24/2005,IFP,AZ,AWP,WE,Federal Contract Tower,1,1,3,0,5,0,13,25,0,38,1,14,28,0,43,8,0,8,51
05/25/2005,IFP,AZ,AWP,WE,Federal Contract Tower,1,2,3,0,6,0,12,35,0,47,1,14,38,0,53,4,0,4,57
05/26/2005,IFP,AZ,AWP,WE,Federal Contract Tower,5,3,3,0,11,0,12,38,0,50,5,15,41,0,61,0,0,0,61
05/27/2005,IFP,AZ,AWP,WE,Federal Contract Tower,2,1,1,0,4,0,9,56,0,65,2,10,57,0,69,0,0,0,69
05/28/2005,IFP,AZ,AWP,WE,Federal Contract Tower,0,0,2,0,2,0,3,54,0,57,0,3,56,0,59,72,0,72,131
05/29/2005,IFP,AZ,AWP,WE,Federal Contract Tower,4,0,0,0,4,0,2,38,0,40,4,2,38,0,44,72,0,72,116
05/30/2005,IFP,AZ,AWP,WE,Federal Contract Tower,3,0,2,0,5,1,6,70,2,79,4,6,72,2,84,28,0,28,112
05/31/2005,IFP,AZ,AWP,WE,Federal Contract Tower,0,0,11,0,11,0,15,28,0,43,0,15,39,0,54,4,0,4,58
06/01/2005,IFP,AZ,AWP,WE,Federal Contract Tower,1,0,0,0,1,0,11,39,0,50,1,11,39,0,51,10,0,10,61
06/02/2005,IFP,AZ,AWP,WE,Federal Contract Tower,5,0,3,0,8,0,14,26,0,40,5,14,29,0,48,4,0,4,52
06/03/2005,IFP,AZ,AWP,WE,Federal Contract Tower,2,1,5,0,8,0,9,35,0,44,2,10,40,0,52,10,0,10,62
06/04/2005,IFP,AZ,AWP,WE,Federal Contract Tower,1,1,0,0,2,0,3,54,0,57,1,4,54,0,59,30,0,30,89
06/05/2005,IFP,AZ,AWP,WE,Federal Contract Tower,5,0,0,0,5,0,5,60,0,65,5,5,60,0,70,30,0,30,100
06/06/2005,IFP,AZ,AWP,WE,Federal Contract Tower,0,1,4,0,5,0,7,38,0,45,0,8,42,0,50,66,0,66,116
06/07/2005,IFP,AZ,AWP,WE,Federal Contract Tower,1,1,3,0,5,0,11,39,0,50,1,12,42,0,55,0,0,0,55
06/08/2005,IFP,AZ,AWP,WE,Federal Contract Tower,1,0,3,0,4,0,11,52,0,63,1,11,55,0,67,22,0,22,89
06/09/2005,IFP,AZ,AWP,WE,Federal Contract Tower,4,0,10,0,14,1,11,27,0,39,5,11,37,0,53,0,0,0,53
06/10/2005,IFP,AZ,AWP,WE,Federal Contract Tower,0,0,1,0,1,0,8,30,0,38,0,8,31,0,39,12,0,12,51
06/11/2005,IFP,AZ,AWP,WE,Federal Contract Tower,0,0,1,0,1,0,4,42,0,46,0,4,43,0,47,52,0,52,99
06/12/2005,IFP,AZ,AWP,WE,Federal Contract Tower,3,0,2,0,5,2,3,69,0,74,5,3,71,0,79,56,0,56,135
06/13/2005,IFP,AZ,AWP,WE,Federal Contract Tower,1,0,0,0,1,0,12,36,0,48,1,12,36,0,49,16,0,16,65
06/14/2005,IFP,AZ,AWP,WE,Federal Contract Tower,0,2,6,0,8,0,9,47,2,58,0,11,53,2,66,14,4,18,84
06/15/2005,IFP,AZ,AWP,WE,Federal Contract Tower,0,0,3,0,3,0,16,59,0,75,0,16,62,0,78,12,0,12,90
06/16/2005,IFP,AZ,AWP,WE,Federal Contract Tower,5,2,2,0,9,0,10,41,0,51,5,12,43,0,60,2,0,2,62
06/17/2005,IFP,AZ,AWP,WE,Federal Contract Tower,1,0,4,0,5,0,11,65,0,76,1,11,69,0,81,6,0,6,87
06/18/2005,IFP,AZ,AWP,WE,Federal Contract Tower,0,0,4,0,4,0,0,41,0,41,0,0,45,0,45,44,0,44,89
06/19/2005,IFP,AZ,AWP,WE,Federal Contract Tower,4,1,2,0,7,1,6,58,0,65,5,7,60,0,72,34,0,34,106
06/20/2005,IFP,AZ,AWP,WE,Federal Contract Tower,0,0,0,0,0,0,10,28,0,38,0,10,28,0,38,0,0,0,38
06/21/2005,IFP,AZ,AWP,WE,Federal Contract Tower,1,0,3,0,4,0,9,23,2,34,1,9,26,2,38,8,6,14,52
06/22/2005,IFP,AZ,AWP,WE,Federal Contract Tower,0,0,3,0,3,0,17,38,0,55,0,17,41,0,58,0,0,0,58
06/23/2005,IFP,AZ,AWP,WE,Federal Contract Tower,4,0,2,3,9,1,15,52,3,71,5,15,54,6,80,2,22,24,104
06/24/2005,IFP,AZ,AWP,WE,Federal Contract Tower,0,3,1,0,4,1,16,38,0,55,1,19,39,0,59,4,0,4,63
06/25/2005,IFP,AZ,AWP,WE,Federal Contract Tower,1,0,1,0,2,0,5,65,0,70,1,5,66,0,72,30,0,30,102
06/26/2005,IFP,AZ,AWP,WE,Federal Contract Tower,5,0,1,0,6,0,9,50,2,61,5,9,51,2,67,16,0,16,83
06/27/2005,IFP,AZ,AWP,WE,Federal Contract Tower,0,1,2,0,3,0,11,34,0,45,0,12,36,0,48,10,0,10,58
06/28/2005,IFP,AZ,AWP,WE,Federal Contract Tower,1,1,1,0,3,0,18,36,2,56,1,19,37,2,59,2,0,2,61
06/29/2005,IFP,AZ,AWP,WE,Federal Contract Tower,1,1,4,0,6,0,14,29,0,43,1,15,33,0,49,8,0,8,57
06/30/2005,IFP,AZ,AWP,WE,Federal Contract Tower,5,0,3,0,8,0,11,33,0,44,5,11,36,0,52,2,0,2,54
07/01/2005,IFP,AZ,AWP,WE,Federal Contract Tower,2,1,3,0,6,0,11,35,0,46,2,12,38,0,52,0,0,0,52
07/02/2005,IFP,AZ,AWP,WE,Federal Contract Tower,1,1,1,0,3,0,6,49,0,55,1,7,50,0,58,20,0,20,78
07/03/2005,IFP,AZ,AWP,WE,Federal Contract Tower,5,0,2,0,7,0,8,110,0,118,5,8,112,0,125,6,0,6,131
07/04/2005,IFP,AZ,AWP,WE,Federal Contract Tower,2,0,1,0,3,0,2,73,0,75,2,2,74,0,78,82,0,82,160
07/05/2005,IFP,AZ,AWP,WE,Federal Contract Tower,0,0,5,0,5,0,10,30,0,40,0,10,35,0,45,6,0,6,51
07/06/2005,IFP,AZ,AWP,WE,Federal Contract Tower,2,0,4,0,6,0,7,35,0,42,2,7,39,0,48,4,0,4,52
07/07/2005,IFP,AZ,AWP,WE,Federal Contract Tower,2,3,6,0,11,2,10,32,2,46,4,13,38,2,57,12,0,12,69
07/08/2005,IFP,AZ,AWP,WE,Federal Contract Tower,1,0,4,0,5,0,15,37,0,52,1,15,41,0,57,2,0,2,59
07/09/2005,IFP,AZ,AWP,WE,Federal Contract Tower,1,1,1,0,3,2,7,59,0,68,3,8,60,0,71,0,0,0,71
07/10/2005,IFP,AZ,AWP,WE,Federal Contract Tower,5,0,8,0,13,0,13,55,0,68,5,13,63,0,81,8,0,8,89
07/11/2005,IFP,AZ,AWP,WE,Federal Contract Tower,3,1,2,0,6,0,11,20,0,31,3,12,22,0,37,6,0,6,43
07/12/2005,IFP,AZ,AWP,WE,Federal Contract Tower,1,0,4,0,5,1,7,39,0,47,2,7,43,0,52,12,0,12,64
07/13/2005,IFP,AZ,AWP,WE,Federal Contract Tower,1,0,2,0,3,0,8,39,0,47,1,8,41,0,50,0,0,0,50
07/14/2005,IFP,AZ,AWP,WE,Federal Contract Tower,5,0,1,0,6,0,8,19,0,27,5,8,20,0,33,2,0,2,35
07/15/2005,IFP,AZ,AWP,WE,Federal Contract Tower,1,1,1,0,3,1,8,30,0,39,2,9,31,0,42,0,0,0,42
07/16/2005,IFP,AZ,AWP,WE,Federal Contract Tower,1,0,4,0,5,1,1,35,0,37,2,1,39,0,42,6,0,6,48
07/17/2005,IFP,AZ,AWP,WE,Federal Contract Tower,5,0,2,0,7,0,8,59,0,67,5,8,61,0,74,6,0,6,80
07/18/2005,IFP,AZ,AWP,WE,Federal Contract Tower,2,0,4,0,6,0,12,29,0,41,2,12,33,0,47,20,0,20,67
07/19/2005,IFP,AZ,AWP,WE,Federal Contract Tower,0,0,0,1,1,0,10,24,1,35,0,10,24,2,36,2,0,2,38
07/20/2005,IFP,AZ,AWP,WE,Federal Contract Tower,2,2,2,1,7,0,11,29,1,41,2,13,31,2,48,0,0,0,48
07/21/2005,IFP,AZ,AWP,WE,Federal Contract Tower,5,1,2,0,8,0,12,23,0,35,5,13,25,0,43,4,0,4,47
07/22/2005,IFP,AZ,AWP,WE,Federal Contract Tower,2,1,0,0,3,0,12,13,0,25,2,13,13,0,28,0,0,0,28
07/23/2005,IFP,AZ,AWP,WE,Federal Contract Tower,1,0,5,0,6,0,0,87,0,87,1,0,92,0,93,0,0,0,93
07/24/2005,IFP,AZ,AWP,WE,Federal Contract Tower,4,0,2,0,6,0,9,24,0,33,4,9,26,0,39,42,0,42,81
07/25/2005,IFP,AZ,AWP,WE,Federal Contract Tower,2,0,3,0,5,0,16,13,0,29,2,16,16,0,34,2,0,2,36
07/26/2005,IFP,AZ,AWP,WE,Federal Contract Tower,0,0,2,0,2,0,12,22,0,34,0,12,24,0,36,0,2,2,38
07/27/2005,IFP,AZ,AWP,WE,Federal Contract Tower,3,2,1,0,6,0,8,30,2,40,3,10,31,2,46,16,0,16,62
07/28/2005,IFP,AZ,AWP,WE,Federal Contract Tower,4,0,5,0,9,0,13,42,0,55,4,13,47,0,64,2,0,2,66
07/29/2005,IFP,AZ,AWP,WE,Federal Contract Tower,2,1,2,0,5,0,13,39,2,54,2,14,41,2,59,0,0,0,59
07/30/2005,IFP,AZ,AWP,WE,Federal Contract Tower,2,0,0,0,2,0,15,69,0,84,2,15,69,0,86,2,0,2,88
07/31/2005,IFP,AZ,AWP,WE,Federal Contract Tower,3,0,0,0,3,2,2,50,0,54,5,2,50,0,57,16,0,16,73
08/01/2005,IFP,AZ,AWP,WE,Federal Contract Tower,2,1,2,0,5,0,14,33,0,47,2,15,35,0,52,0,0,0,52
08/02/2005,IFP,AZ,AWP,WE,Federal Contract Tower,2,1,8,0,11,1,8,23,2,34,3,9,31,2,45,18,0,18,63
08/03/2005,IFP,AZ,AWP,WE,Federal Contract Tower,0,2,3,0,5,0,9,17,0,26,0,11,20,0,31,4,0,4,35
08/04/2005,IFP,AZ,AWP,WE,Federal Contract Tower,5,1,5,1,12,0,18,38,8,64,5,19,43,9,76,6,4,10,86
08/05/2005,IFP,AZ,AWP,WE,Federal Contract Tower,0,1,2,0,3,0,17,23,0,40,0,18,25,0,43,0,0,0,43
08/06/2005,IFP,AZ,AWP,WE,Federal Contract Tower,2,0,0,0,2,0,9,96,0,105,2,9,96,0,107,0,0,0,107
08/07/2005,IFP,AZ,AWP,WE,Federal Contract Tower,5,0,0,0,5,0,0,65,0,65,5,0,65,0,70,2,0,2,72
08/08/2005,IFP,AZ,AWP,WE,Federal Contract Tower,0,1,0,0,1,0,12,16,2,30,0,13,16,2,31,16,2,18,49
08/09/2005,IFP,AZ,AWP,WE,Federal Contract Tower,0,2,0,0,2,0,14,10,0,24,0,16,10,0,26,0,0,0,26
08/10/2005,IFP,AZ,AWP,WE,Federal Contract Tower,2,0,6,0,8,0,11,15,2,28,2,11,21,2,36,0,0,0,36
08/11/2005,IFP,AZ,AWP,WE,Federal Contract Tower,5,0,0,0,5,0,15,14,0,29,5,15,14,0,34,8,0,8,42
08/12/2005,IFP,AZ,AWP,WE,Federal Contract Tower,0,0,2,0,2,0,10,23,0,33,0,10,25,0,35,22,0,22,57
08/13/2005,IFP,AZ,AWP,WE,Federal Contract Tower,2,0,0,0,2,0,7,51,0,58,2,7,51,0,60,12,0,12,72
08/14/2005,IFP,AZ,AWP,WE,Federal Contract Tower,4,0,1,0,5,1,1,49,0,51,5,1,50,0,56,42,0,42,98
08/15/2005,IFP,AZ,AWP,WE,Federal Contract Tower,0,0,3,2,5,1,11,28,0,40,1,11,31,2,45,28,0,28,73
08/16/2005,IFP,AZ,AWP,WE,Federal Contract Tower,1,0,3,0,4,0,15,36,0,51,1,15,39,0,55,18,0,18,73
08/17/2005,IFP,AZ,AWP,WE,Federal Contract Tower,0,0,2,0,2,0,17,39,0,56,0,17,41,0,58,16,0,16,74
08/18/2005,IFP,AZ,AWP,WE,Federal Contract Tower,5,0,3,0,8,0,15,34,0,49,5,15,37,0,57,12,0,12,69
08/19/2005,IFP,AZ,AWP,WE,Federal Contract Tower,2,0,0,0,2,0,17,48,4,69,2,17,48,4,71,12,4,16,87
08/20/2005,IFP,AZ,AWP,WE,Federal Contract Tower,1,0,0,0,1,0,7,37,1,45,1,7,37,1,46,36,0,36,82
08/21/2005,IFP,AZ,AWP,WE,Federal Contract Tower,5,0,3,0,8,0,7,41,0,48,5,7,44,0,56,28,0,28,84
08/22/2005,IFP,AZ,AWP,WE,Federal Contract Tower,0,0,1,0,1,0,6,31,0,37,0,6,32,0,38,22,0,22,60
08/23/2005,IFP,AZ,AWP,WE,Federal Contract Tower,1,0,3,0,4,0,14,29,0,43,1,14,32,0,47,8,0,8,55
08/24/2005,IFP,AZ,AWP,WE,Federal Contract Tower,0,0,6,0,6,0,20,24,0,44,0,20,30,0,50,16,0,16,66
08/25/2005,IFP,AZ,AWP,WE,Federal Contract Tower,5,0,2,1,8,0,15,39,9,63,5,15,41,10,71,16,0,16,87
08/26/2005,IFP,AZ,AWP,WE,Federal Contract Tower,2,0,2,0,4,0,13,19,0,32,2,13,21,0,36,0,0,0,36
08/27/2005,IFP,AZ,AWP,WE,Federal Contract Tower,1,0,3,0,4,0,18,40,0,58,1,18,43,0,62,40,0,40,102
08/28/2005,IFP,AZ,AWP,WE,Federal Contract Tower,4,0,0,0,4,0,10,53,0,63,4,10,53,0,67,46,0,46,113
08/29/2005,IFP,AZ,AWP,WE,Federal Contract Tower,1,0,6,0,7,0,12,30,0,42,1,12,36,0,49,2,0,2,51
08/30/2005,IFP,AZ,AWP,WE,Federal Contract Tower,0,0,3,0,3,0,18,19,0,37,0,18,22,0,40,10,0,10,50
08/31/2005,IFP,AZ,AWP,WE,Federal Contract Tower,1,1,2,1,5,0,9,27,0,36,1,10,29,1,41,12,0,12,53
09/01/2005,IFP,AZ,AWP,WE,Federal Contract Tower,5,1,7,0,13,0,15,45,1,61,5,16,52,1,74,22,0,22,96
09/02/2005,IFP,AZ,AWP,WE,Federal Contract Tower,2,0,0,0,2,0,11,55,0,66,2,11,55,0,68,4,0,4,72
09/03/2005,IFP,AZ,AWP,WE,Federal Contract Tower,1,0,1,0,2,0,6,59,0,65,1,6,60,0,67,60,0,60,127
09/04/2005,IFP,AZ,AWP,WE,Federal Contract Tower,5,0,0,0,5,0,13,47,0,60,5,13,47,0,65,85,0,85,150
09/05/2005,IFP,AZ,AWP,WE,Federal Contract Tower,2,0,1,0,3,0,7,60,0,67,2,7,61,0,70,26,0,26,96
09/06/2005,IFP,AZ,AWP,WE,Federal Contract Tower,1,2,0,0,3,0,8,11,0,19,1,10,11,0,22,0,0,0,22
09/07/2005,IFP,AZ,AWP,WE,Federal Contract Tower,1,2,8,0,11,0,9,47,0,56,1,11,55,0,67,0,0,0,67
09/08/2005,IFP,AZ,AWP,WE,Federal Contract Tower,5,0,2,1,8,0,11,42,3,56,5,11,44,4,64,18,6,24,88
09/09/2005,IFP,AZ,AWP,WE,Federal Contract Tower,2,0,5,0,7,0,17,43,0,60,2,17,48,0,67,18,0,18,85
09/10/2005,IFP,AZ,AWP,WE,Federal Contract Tower,1,0,2,0,3,0,3,88,0,91,1,3,90,0,94,20,0,20,114
09/11/2005,IFP,AZ,AWP,WE,Federal Contract Tower,4,0,5,0,9,0,5,37,0,42,4,5,42,0,51,0,0,0,51
09/12/2005,IFP,AZ,AWP,WE,Federal Contract Tower,2,0,2,0,4,0,12,24,1,37,2,12,26,1,41,0,0,0,41
09/13/2005,IFP,AZ,AWP,WE,Federal Contract Tower,0,1,0,0,1,0,13,20,1,34,0,14,20,1,35,2,0,2,37
09/14/2005,IFP,AZ,AWP,WE,Federal Contract Tower,1,0,4,0,5,0,9,33,0,42,1,9,37,0,47,0,0,0,47
09/15/2005,IFP,AZ,AWP,WE,Federal Contract Tower,5,0,4,0,9,0,14,29,1,44,5,14,33,1,53,2,0,2,55
09/16/2005,IFP,AZ,AWP,WE,Federal Contract Tower,2,0,2,2,6,0,16,45,0,61,2,16,47,2,67,4,14,18,85
09/17/2005,IFP,AZ,AWP,WE,Federal Contract Tower,0,0,2,0,2,0,7,63,0,70,0,7,65,0,72,46,0,46,118
09/18/2005,IFP,AZ,AWP,WE,Federal Contract Tower,5,3,2,0,10,0,4,98,0,102,5,7,100,0,112,2,0,2,114
09/19/2005,IFP,AZ,AWP,WE,Federal Contract Tower,2,0,4,0,6,0,13,33,0,46,2,13,37,0,52,6,0,6,58
09/20/2005,IFP,AZ,AWP,WE,Federal Contract Tower,1,0,5,0,6,0,11,26,1,38,1,11,31,1,44,8,0,8,52
09/21/2005,IFP,AZ,AWP,WE,Federal Contract Tower,0,0,0,0,0,0,11,28,1,40,0,11,28,1,40,2,0,2,42
09/22/2005,IFP,AZ,AWP,WE,Federal Contract Tower,5,0,4,0,9,0,9,49,0,58,5,9,53,0,67,2,0,2,69
09/23/2005,IFP,AZ,AWP,WE,Federal Contract Tower,2,0,10,0,12,0,12,44,0,56,2,12,54,0,68,2,0,2,70
09/24/2005,IFP,AZ,AWP,WE,Federal Contract Tower,1,0,0,0,1,0,11,51,1,63,1,11,51,1,64,26,0,26,90
09/25/2005,IFP,AZ,AWP,WE,Federal Contract Tower,5,0,2,0,7,0,11,75,1,87,5,11,77,1,94,8,0,8,102
09/26/2005,IFP,AZ,AWP,WE,Federal Contract Tower,2,0,2,0,4,0,11,44,0,55,2,11,46,0,59,2,0,2,61
09/27/2005,IFP,AZ,AWP,WE,Federal Contract Tower,0,1,2,0,3,0,8,28,0,36,0,9,30,0,39,12,0,12,51
09/28/2005,IFP,AZ,AWP,WE,Federal Contract Tower,0,0,0,0,0,0,10,37,0,47,0,10,37,0,47,0,0,0,47
09/29/2005,IFP,AZ,AWP,WE,Federal Contract Tower,6,1,3,0,10,0,14,30,0,44,6,15,33,0,54,0,0,0,54
09/30/2005,IFP,AZ,AWP,WE,Federal Contract Tower,2,1,3,0,6,0,18,55,1,74,2,19,58,1,80,14,0,14,94
10/01/2005,IFP,AZ,AWP,WE,Federal Contract Tower,1,0,0,0,1,0,3,62,0,65,1,3,62,0,66,34,0,34,100
10/02/2005,IFP,AZ,AWP,WE,Federal Contract Tower,5,0,1,0,6,0,4,74,0,78,5,4,75,0,84,2,0,2,86
10/03/2005,IFP,AZ,AWP,WE,Federal Contract Tower,1,0,0,0,1,0,15,37,0,52,1,15,37,0,53,2,0,2,55
10/04/2005,IFP,AZ,AWP,WE,Federal Contract Tower,1,0,1,0,2,0,11,14,0,25,1,11,15,0,27,0,0,0,27
10/05/2005,IFP,AZ,AWP,WE,Federal Contract Tower,1,0,3,0,4,0,18,18,0,36,1,18,21,0,40,6,0,6,46
10/06/2005,IFP,AZ,AWP,WE,Federal Contract Tower,4,0,0,4,8,0,12,32,0,44,4,12,32,4,52,6,0,6,58
10/07/2005,IFP,AZ,AWP,WE,Federal Contract Tower,2,0,0,1,3,0,18,66,1,85,2,18,66,2,88,16,0,16,104
10/08/2005,IFP,AZ,AWP,WE,Federal Contract Tower,2,0,0,0,2,0,6,43,0,49,2,6,43,0,51,0,0,0,51
10/09/2005,IFP,AZ,AWP,WE,Federal Contract Tower,3,1,2,0,6,0,10,47,0,57,3,11,49,0,63,0,0,0,63
10/10/2005,IFP,AZ,AWP,WE,Federal Contract Tower,4,1,0,0,5,0,6,55,0,61,4,7,55,0,66,2,0,2,68
10/11/2005,IFP,AZ,AWP,WE,Federal Contract Tower,0,0,2,0,2,0,8,31,2,41,0,8,33,2,43,0,0,0,43
10/12/2005,IFP,AZ,AWP,WE,Federal Contract Tower,1,0,8,0,9,0,11,46,0,57,1,11,54,0,66,18,0,18,84
10/13/2005,IFP,AZ,AWP,WE,Federal Contract Tower,3,0,4,0,7,0,13,35,4,52,3,13,39,4,59,4,0,4,63
10/14/2005,IFP,AZ,AWP,WE,Federal Contract Tower,4,0,0,0,4,0,13,70,1,84,4,13,70,1,88,0,0,0,88
10/15/2005,IFP,AZ,AWP,WE,Federal Contract Tower,1,0,5,0,6,0,5,76,1,82,1,5,81,1,88,26,0,26,114
10/16/2005,IFP,AZ,AWP,WE,Federal Contract Tower,5,0,1,0,6,0,5,68,0,73,5,5,69,0,79,6,0,6,85
10/17/2005,IFP,AZ,AWP,WE,Federal Contract Tower,4,2,9,0,15,0,10,5,0,15,4,12,14,0,30,2,0,2,32
10/18/2005,IFP,AZ,AWP,WE,Federal Contract Tower,1,5,2,0,8,0,4,8,0,12,1,9,10,0,20,0,0,0,20
10/19/2005,IFP,AZ,AWP,WE,Federal Contract Tower,1,0,3,0,4,0,11,26,0,37,1,11,29,0,41,12,0,12,53
10/20/2005,IFP,AZ,AWP,WE,Federal Contract Tower,5,0,5,0,10,0,10,55,0,65,5,10,60,0,75,8,0,8,83
10/21/2005,IFP,AZ,AWP,WE,Federal Contract Tower,3,0,3,0,6,0,13,56,0,69,3,13,59,0,75,18,0,18,93
10/22/2005,IFP,AZ,AWP,WE,Federal Contract Tower,1,0,3,0,4,0,8,105,0,113,1,8,108,0,117,20,0,20,137
10/23/2005,IFP,AZ,AWP,WE,Federal Contract Tower,4,0,2,0,6,0,4,93,0,97,4,4,95,0,103,2,0,2,105
10/24/2005,IFP,AZ,AWP,WE,Federal Contract Tower,4,0,1,0,5,0,13,31,0,44,4,13,32,0,49,12,0,12,61
10/25/2005,IFP,AZ,AWP,WE,Federal Contract Tower,0,0,4,0,4,0,11,36,0,47,0,11,40,0,51,2,0,2,53
10/26/2005,IFP,AZ,AWP,WE,Federal Contract Tower,1,0,1,0,2,0,8,25,3,36,1,8,26,3,38,6,0,6,44
10/27/2005,IFP,AZ,AWP,WE,Federal Contract Tower,4,0,4,0,8,0,8,25,2,35,4,8,29,2,43,0,0,0,43
10/28/2005,IFP,AZ,AWP,WE,Federal Contract Tower,3,0,3,0,6,0,17,58,2,77,3,17,61,2,83,32,0,32,115
10/29/2005,IFP,AZ,AWP,WE,Federal Contract Tower,1,0,1,0,2,0,10,80,0,90,1,10,81,0,92,20,0,20,112
10/30/2005,IFP,AZ,AWP,WE,Federal Contract Tower,6,0,1,0,7,0,5,100,0,105,6,5,101,0,112,0,0,0,112
10/31/2005,IFP,AZ,AWP,WE,Federal Contract Tower,3,0,0,0,3,0,11,31,0,42,3,11,31,0,45,12,0,12,57
11/01/2005,IFP,AZ,AWP,WE,Federal Contract Tower,1,0,5,0,6,0,10,43,0,53,1,10,48,0,59,8,0,8,67
11/02/2005,IFP,AZ,AWP,WE,Federal Contract Tower,0,0,2,0,2,0,12,44,0,56,0,12,46,0,58,10,0,10,68
11/03/2005,IFP,AZ,AWP,WE,Federal Contract Tower,5,0,5,0,10,0,10,37,0,47,5,10,42,0,57,4,0,4,61
11/04/2005,IFP,AZ,AWP,WE,Federal Contract Tower,3,0,5,0,8,0,20,39,1,60,3,20,44,1,68,6,0,6,74
11/05/2005,IFP,AZ,AWP,WE,Federal Contract Tower,1,0,4,0,5,0,1,89,1,91,1,1,93,1,96,16,0,16,112
11/06/2005,IFP,AZ,AWP,WE,Federal Contract Tower,6,0,3,0,9,0,7,107,0,114,6,7,110,0,123,12,0,12,135
11/07/2005,IFP,AZ,AWP,WE,Federal Contract Tower,3,0,4,0,7,0,16,27,0,43,3,16,31,0,50,0,0,0,50
11/08/2005,IFP,AZ,AWP,WE,Federal Contract Tower,1,0,6,1,8,0,11,44,0,55,1,11,50,1,63,34,2,36,99
11/09/2005,IFP,AZ,AWP,WE,Federal Contract Tower,1,0,3,0,4,0,10,37,3,50,1,10,40,3,54,10,2,12,66
11/10/2005,IFP,AZ,AWP,WE,Federal Contract Tower,5,0,2,0,7,0,11,38,0,49,5,11,40,0,56,0,0,0,56
11/11/2005,IFP,AZ,AWP,WE,Federal Contract Tower,3,1,7,0,11,0,19,69,0,88,3,20,76,0,99,8,0,8,107
11/12/2005,IFP,AZ,AWP,WE,Federal Contract Tower,1,0,5,0,6,0,3,96,0,99,1,3,101,0,105,28,0,28,133
11/13/2005,IFP,AZ,AWP,WE,Federal Contract Tower,5,0,2,0,7,0,10,75,0,85,5,10,77,0,92,36,0,36,128
11/14/2005,IFP,AZ,AWP,WE,Federal Contract Tower,3,2,3,0,8,0,11,34,2,47,3,13,37,2,55,8,0,8,63
11/15/2005,IFP,AZ,AWP,WE,Federal Contract Tower,1,0,3,0,4,0,10,10,0,20,1,10,13,0,24,2,0,2,26
11/16/2005,IFP,AZ,AWP,WE,Federal Contract Tower,0,0,3,0,3,0,18,38,2,58,0,18,41,2,61,4,2,6,67
11/17/2005,IFP,AZ,AWP,WE,Federal Contract Tower,4,0,2,0,6,0,17,27,0,44,4,17,29,0,50,0,0,0,50
11/18/2005,IFP,AZ,AWP,WE,Federal Contract Tower,4,1,3,0,8,0,14,46,4,64,4,15,49,4,72,20,0,20,92
11/19/2005,IFP,AZ,AWP,WE,Federal Contract Tower,1,0,4,1,6,0,4,71,1,76,1,4,75,2,82,0,0,0,82
11/20/2005,IFP,AZ,AWP,WE,Federal Contract Tower,4,0,2,0,6,0,9,76,0,85,4,9,78,0,91,28,0,28,119
11/21/2005,IFP,AZ,AWP,WE,Federal Contract Tower,4,2,3,0,9,0,11,41,0,52,4,13,44,0,61,2,0,2,63
11/22/2005,IFP,AZ,AWP,WE,Federal Contract Tower,1,0,1,0,2,0,13,46,2,61,1,13,47,2,63,4,6,10,73
11/23/2005,IFP,AZ,AWP,WE,Federal Contract Tower,3,1,2,0,6,0,9,42,0,51,3,10,44,0,57,2,0,2,59
11/24/2005,IFP,AZ,AWP,WE,Federal Contract Tower,3,0,3,0,6,0,2,39,0,41,3,2,42,0,47,2,0,2,49
11/25/2005,IFP,AZ,AWP,WE,Federal Contract Tower,3,2,5,0,10,0,16,66,0,82,3,18,71,0,92,2,0,2,94
11/26/2005,IFP,AZ,AWP,WE,Federal Contract Tower,1,0,1,0,2,0,5,35,0,40,1,5,36,0,42,2,0,2,44
11/27/2005,IFP,AZ,AWP,WE,Federal Contract Tower,5,0,0,0,5,0,5,51,0,56,5,5,51,0,61,0,0,0,61
11/28/2005,IFP,AZ,AWP,WE,Federal Contract Tower,4,0,2,0,6,0,15,20,0,35,4,15,22,0,41,0,0,0,41
11/29/2005,IFP,AZ,AWP,WE,Federal Contract Tower,1,0,3,1,5,0,10,26,0,36,1,10,29,1,41,2,0,2,43
11/30/2005,IFP,AZ,AWP,WE,Federal Contract Tower,0,0,4,0,4,0,16,36,0,52,0,16,40,0,56,0,0,0,56
12/01/2005,IFP,AZ,AWP,WE,Federal Contract Tower,4,0,2,0,6,0,12,35,0,47,4,12,37,0,53,0,0,0,53
12/02/2005,IFP,AZ,AWP,WE,Federal Contract Tower,3,1,5,0,9,0,13,36,0,49,3,14,41,0,58,24,0,24,82
12/03/2005,IFP,AZ,AWP,WE,Federal Contract Tower,1,1,3,0,5,0,6,30,0,36,1,7,33,0,41,38,0,38,79
12/04/2005,IFP,AZ,AWP,WE,Federal Contract Tower,4,1,1,0,6,1,1,41,0,43,5,2,42,0,49,6,0,6,55
12/05/2005,IFP,AZ,AWP,WE,Federal Contract Tower,3,0,5,0,8,0,9,41,0,50,3,9,46,0,58,4,0,4,62
12/06/2005,IFP,AZ,AWP,WE,Federal Contract Tower,1,3,3,0,7,0,10,27,0,37,1,13,30,0,44,2,0,2,46
12/07/2005,IFP,AZ,AWP,WE,Federal Contract Tower,0,2,4,0,6,0,4,62,0,66,0,6,66,0,72,16,0,16,88
12/08/2005,IFP,AZ,AWP,WE,Federal Contract Tower,5,3,2,2,12,0,9,48,5,62,5,12,50,7,74,6,0,6,80
12/09/2005,IFP,AZ,AWP,WE,Federal Contract Tower,4,0,1,1,6,0,18,48,1,67,4,18,49,2,73,4,0,4,77
12/10/2005,IFP,AZ,AWP,WE,Federal Contract Tower,2,0,4,0,6,0,0,86,0,86,2,0,90,0,92,10,0,10,102
12/11/2005,IFP,AZ,AWP,WE,Federal Contract Tower,5,0,2,0,7,0,8,85,0,93,5,8,87,0,100,6,0,6,106
12/12/2005,IFP,AZ,AWP,WE,Federal Contract Tower,4,0,2,0,6,0,9,38,0,47,4,9,40,0,53,4,0,4,57
12/13/2005,IFP,AZ,AWP,WE,Federal Contract Tower,0,0,6,0,6,0,10,55,0,65,0,10,61,0,71,10,0,10,81
12/14/2005,IFP,AZ,AWP,WE,Federal Contract Tower,3,0,2,0,5,0,12,64,0,76,3,12,66,0,81,14,0,14,95
12/15/2005,IFP,AZ,AWP,WE,Federal Contract Tower,2,0,1,0,3,0,10,39,0,49,2,10,40,0,52,8,0,8,60
12/16/2005,IFP,AZ,AWP,WE,Federal Contract Tower,2,1,0,0,3,0,26,61,0,87,2,27,61,0,90,36,0,36,126
12/17/2005,IFP,AZ,AWP,WE,Federal Contract Tower,0,0,1,0,1,0,6,49,0,55,0,6,50,0,56,28,0,28,84
12/18/2005,IFP,AZ,AWP,WE,Federal Contract Tower,2,0,1,0,3,0,7,54,0,61,2,7,55,0,64,32,0,32,96
12/19/2005,IFP,AZ,AWP,WE,Federal Contract Tower,2,0,2,0,4,0,9,39,2,50,2,9,41,2,54,16,12,28,82
12/20/2005,IFP,AZ,AWP,WE,Federal Contract Tower,0,0,3,0,3,0,9,42,0,51,0,9,45,0,54,4,0,4,58
12/21/2005,IFP,AZ,AWP,WE,Federal Contract Tower,0,2,3,0,5,0,11,39,0,50,0,13,42,0,55,0,0,0,55
12/22/2005,IFP,AZ,AWP,WE,Federal Contract Tower,2,1,0,0,3,0,11,27,0,38,2,12,27,0,41,8,0,8,49
12/23/2005,IFP,AZ,AWP,WE,Federal Contract Tower,0,2,3,0,5,0,15,43,0,58,0,17,46,0,63,4,0,4,67
12/24/2005,IFP,AZ,AWP,WE,Federal Contract Tower,0,0,2,0,2,0,11,30,0,41,0,11,32,0,43,0,0,0,43
12/25/2005,IFP,AZ,AWP,WE,Federal Contract Tower,2,0,2,0,4,0,6,26,0,32,2,6,28,0,36,0,0,0,36
12/26/2005,IFP,AZ,AWP,WE,Federal Contract Tower,2,0,2,0,4,0,7,49,0,56,2,7,51,0,60,4,0,4,64
12/27/2005,IFP,AZ,AWP,WE,Federal Contract Tower,0,0,1,0,1,0,8,50,2,60,0,8,51,2,61,4,0,4,65
12/28/2005,IFP,AZ,AWP,WE,Federal Contract Tower,0,0,5,0,5,0,9,39,0,48,0,9,44,0,53,12,0,12,65
12/29/2005,IFP,AZ,AWP,WE,Federal Contract Tower,4,0,1,0,5,0,10,49,2,61,4,10,50,2,66,22,2,24,90
12/30/2005,IFP,AZ,AWP,WE,Federal Contract Tower,3,2,4,0,9,0,13,80,0,93,3,15,84,0,102,22,0,22,124
12/31/2005,IFP,AZ,AWP,WE,Federal Contract Tower,1,0,2,0,3,0,3,35,0,38,1,3,37,0,41,28,0,28,69
01/01/2006,IFP,AZ,AWP,WE,Federal Contract Tower,4,0,5,0,9,0,4,75,0,79,4,4,80,0,88,36,0,36,124
01/02/2006,IFP,AZ,AWP,WE,Federal Contract Tower,5,0,0,0,5,0,8,20,0,28,5,8,20,0,33,18,0,18,51
01/03/2006,IFP,AZ,AWP,WE,Federal Contract Tower,0,0,1,0,1,0,9,31,0,40,0,9,32,0,41,4,0,4,45
01/04/2006,IFP,AZ,AWP,WE,Federal Contract Tower,0,0,5,0,5,0,9,37,0,46,0,9,42,0,51,6,0,6,57
01/05/2006,IFP,AZ,AWP,WE,Federal Contract Tower,7,0,1,0,8,0,13,38,0,51,7,13,39,0,59,2,0,2,61
01/06/2006,IFP,AZ,AWP,WE,Federal Contract Tower,6,0,1,0,7,0,16,54,0,70,6,16,55,0,77,6,0,6,83
01/07/2006,IFP,AZ,AWP,WE,Federal Contract Tower,2,0,0,0,2,0,6,72,0,78,2,6,72,0,80,28,0,28,108
01/08/2006,IFP,AZ,AWP,WE,Federal Contract Tower,5,0,2,0,7,0,6,75,1,82,5,6,77,1,89,26,0,26,115
01/09/2006,IFP,AZ,AWP,WE,Federal Contract Tower,5,0,2,0,7,0,9,28,0,37,5,9,30,0,44,4,4,8,52
01/10/2006,IFP,AZ,AWP,WE,Federal Contract Tower,2,2,0,0,4,0,10,40,0,50,2,12,40,0,54,8,0,8,62
01/11/2006,IFP,AZ,AWP,WE,Federal Contract Tower,0,0,6,0,6,0,7,40,0,47,0,7,46,0,53,2,0,2,55
01/12/2006,IFP,AZ,AWP,WE,Federal Contract Tower,7,3,6,0,16,0,10,76,0,86,7,13,82,0,102,4,0,4,106
01/13/2006,IFP,AZ,AWP,WE,Federal Contract Tower,5,0,7,0,12,0,15,93,3,111,5,15,100,3,123,8,0,8,131
01/14/2006,IFP,AZ,AWP,WE,Federal Contract Tower,1,1,5,0,7,0,1,81,2,84,1,2,86,2,91,20,0,20,111
01/15/2006,IFP,AZ,AWP,WE,Federal Contract Tower,7,0,7,0,14,0,7,125,0,132,7,7,132,0,146,6,0,6,152
01/16/2006,IFP,AZ,AWP,WE,Federal Contract Tower,5,0,2,0,7,0,10,30,0,40,5,10,32,0,47,2,0,2,49
01/17/2006,IFP,AZ,AWP,WE,Federal Contract Tower,1,0,3,0,4,0,7,56,0,63,1,7,59,0,67,4,0,4,71
01/18/2006,IFP,AZ,AWP,WE,Federal Contract Tower,2,2,3,2,9,0,11,26,1,38,2,13,29,3,47,2,8,10,57
01/19/2006,IFP,AZ,AWP,WE,Federal Contract Tower,6,0,8,2,16,0,7,28,1,36,6,7,36,3,52,0,10,10,62
01/20/2006,IFP,AZ,AWP,WE,Federal Contract Tower,7,0,6,1,14,0,6,46,1,53,7,6,52,2,67,12,6,18,85
01/21/2006,IFP,AZ,AWP,WE,Federal Contract Tower,1,0,1,0,2,0,2,79,0,81,1,2,80,0,83,10,0,10,93
01/22/2006,IFP,AZ,AWP,WE,Federal Contract Tower,7,0,0,0,7,0,0,66,0,66,7,0,66,0,73,6,0,6,79
01/23/2006,IFP,AZ,AWP,WE,Federal Contract Tower,5,0,4,0,9,0,7,22,0,29,5,7,26,0,38,0,0,0,38
01/24/2006,IFP,AZ,AWP,WE,Federal Contract Tower,1,0,1,0,2,0,8,21,2,31,1,8,22,2,33,2,16,18,51
01/25/2006,IFP,AZ,AWP,WE,Federal Contract Tower,2,0,0,0,2,0,13,40,0,53,2,13,40,0,55,58,0,58,113
01/26/2006,IFP,AZ,AWP,WE,Federal Contract Tower,7,0,3,0,10,0,14,1,56,71,7,14,4,56,81,12,0,12,93
01/27/2006,IFP,AZ,AWP,WE,Federal Contract Tower,6,0,3,0,9,0,15,55,0,70,6,15,58,0,79,30,0,30,109
01/28/2006,IFP,AZ,AWP,WE,Federal Contract Tower,1,0,2,0,3,0,4,105,0,109,1,4,107,0,112,24,0,24,136
01/29/2006,IFP,AZ,AWP,WE,Federal Contract Tower,6,0,0,0,6,0,6,101,0,107,6,6,101,0,113,6,0,6,119
01/30/2006,IFP,AZ,AWP,WE,Federal Contract Tower,6,0,2,0,8,0,11,43,0,54,6,11,45,0,62,6,0,6,68
01/31/2006,IFP,AZ,AWP,WE,Federal Contract Tower,0,0,2,0,2,0,14,35,0,49,0,14,37,0,51,6,0,6,57
02/01/2006,IFP,AZ,AWP,WE,Federal Contract Tower,1,0,5,0,6,0,12,30,2,44,1,12,35,2,50,14,0,14,64
02/02/2006,IFP,AZ,AWP,WE,Federal Contract Tower,6,0,5,0,11,0,14,39,0,53,6,14,44,0,64,2,0,2,66
02/03/2006,IFP,AZ,AWP,WE,Federal Contract Tower,7,1,4,0,12,2,16,43,2,63,9,17,47,2,75,14,2,16,91
02/04/2006,IFP,AZ,AWP,WE,Federal Contract Tower,1,0,0,1,2,0,0,46,0,46,1,0,46,1,48,38,0,38,86
02/05/2006,IFP,AZ,AWP,WE,Federal Contract Tower,4,2,0,1,7,0,12,52,0,64,4,14,52,1,71,0,0,0,71
02/06/2006,IFP,AZ,AWP,WE,Federal Contract Tower,7,4,0,0,11,0,12,36,0,48,7,16,36,0,59,4,0,4,63
02/07/2006,IFP,AZ,AWP,WE,Federal Contract Tower,1,0,0,0,1,0,14,34,2,50,1,14,34,2,51,0,0,0,51
02/08/2006,IFP,AZ,AWP,WE,Federal Contract Tower,1,0,2,2,5,0,6,38,0,44,1,6,40,2,49,28,0,28,77
02/09/2006,IFP,AZ,AWP,WE,Federal Contract Tower,7,0,5,0,12,0,12,47,2,61,7,12,52,2,73,18,0,18,91
02/10/2006,IFP,AZ,AWP,WE,Federal Contract Tower,6,1,8,0,15,0,19,98,2,119,6,20,106,2,134,6,0,6,140
02/11/2006,IFP,AZ,AWP,WE,Federal Contract Tower,1,0,0,0,1,0,4,55,0,59,1,4,55,0,60,10,0,10,70
02/12/2006,IFP,AZ,AWP,WE,Federal Contract Tower,7,0,0,0,7,0,6,92,1,99,7,6,92,1,106,22,0,22,128
02/13/2006,IFP,AZ,AWP,WE,Federal Contract Tower,5,1,1,0,7,0,9,40,2,51,5,10,41,2,58,4,0,4,62
02/14/2006,IFP,AZ,AWP,WE,Federal Contract Tower,1,0,1,0,2,0,11,32,2,45,1,11,33,2,47,0,0,0,47
02/15/2006,IFP,AZ,AWP,WE,Federal Contract Tower,0,0,10,0,10,0,18,18,0,36,0,18,28,0,46,14,0,14,60
02/16/2006,IFP,AZ,AWP,WE,Federal Contract Tower,8,2,4,0,14,0,10,35,0,45,8,12,39,0,59,14,0,14,73
02/17/2006,IFP,AZ,AWP,WE,Federal Contract Tower,5,0,1,0,6,1,13,63,0,77,6,13,64,0,83,46,0,46,129
02/18/2006,IFP,AZ,AWP,WE,Federal Contract Tower,1,0,5,1,7,0,8,42,0,50,1,8,47,1,57,86,0,86,143
02/19/2006,IFP,AZ,AWP,WE,Federal Contract Tower,7,0,1,0,8,0,7,31,0,38,7,7,32,0,46,64,0,64,110
02/20/2006,IFP,AZ,AWP,WE,Federal Contract Tower,6,0,3,0,9,0,10,62,0,72,6,10,65,0,81,8,0,8,89
02/21/2006,IFP,AZ,AWP,WE,Federal Contract Tower,0,0,3,0,3,1,7,47,0,55,1,7,50,0,58,0,0,0,58
02/22/2006,IFP,AZ,AWP,WE,Federal Contract Tower,1,1,3,0,5,0,7,42,2,51,1,8,45,2,56,0,0,0,56
02/23/2006,IFP,AZ,AWP,WE,Federal Contract Tower,8,1,3,0,12,0,20,79,0,99,8,21,82,0,111,4,0,4,115
02/24/2006,IFP,AZ,AWP,WE,Federal Contract Tower,6,0,5,0,11,0,15,62,1,78,6,15,67,1,89,8,0,8,97
02/25/2006,IFP,AZ,AWP,WE,Federal Contract Tower,0,0,2,1,3,0,6,116,1,123,0,6,118,2,126,58,0,58,184
02/26/2006,IFP,AZ,AWP,WE,Federal Contract Tower,9,0,0,1,10,0,10,104,0,114,9,10,104,1,124,24,0,24,148
02/27/2006,IFP,AZ,AWP,WE,Federal Contract Tower,5,0,0,0,5,0,11,29,0,40,5,11,29,0,45,4,0,4,49
02/28/2006,IFP,AZ,AWP,WE,Federal Contract Tower,1,0,4,0,5,0,5,10,2,17,1,5,14,2,22,0,6,6,28
03/01/2006,IFP,AZ,AWP,WE,Federal Contract Tower,2,3,2,0,7,0,14,27,0,41,2,17,29,0,48,0,0,0,48
03/02/2006,IFP,AZ,AWP,WE,Federal Contract Tower,9,2,4,0,15,0,17,45,1,63,9,19,49,1,78,4,0,4,82
03/03/2006,IFP,AZ,AWP,WE,Federal Contract Tower,6,0,2,0,8,0,16,40,5,61,6,16,42,5,69,2,0,2,71
03/04/2006,IFP,AZ,AWP,WE,Federal Contract Tower,1,0,6,0,7,0,3,97,0,100,1,3,103,0,107,30,0,30,137
03/05/2006,IFP,AZ,AWP,WE,Federal Contract Tower,9,1,5,0,15,0,0,113,0,113,9,1,118,0,128,8,0,8,136
03/06/2006,IFP,AZ,AWP,WE,Federal Contract Tower,5,2,5,0,12,0,10,26,0,36,5,12,31,0,48,10,0,10,58
03/07/2006,IFP,AZ,AWP,WE,Federal Contract Tower,0,1,2,0,3,0,8,30,0,38,0,9,32,0,41,12,0,12,53
03/08/2006,IFP,AZ,AWP,WE,Federal Contract Tower,1,0,2,0,3,0,9,38,2,49,1,9,40,2,52,10,0,10,62
03/09/2006,IFP,AZ,AWP,WE,Federal Contract Tower,9,0,4,0,13,0,19,48,8,75,9,19,52,8,88,72,0,72,160
03/10/2006,IFP,AZ,AWP,WE,Federal Contract Tower,5,0,7,0,12,0,20,11,0,31,5,20,18,0,43,0,0,0,43
03/11/2006,IFP,AZ,AWP,WE,Federal Contract Tower,1,0,0,0,1,0,5,9,0,14,1,5,9,0,15,8,0,8,23
03/12/2006,IFP,AZ,AWP,WE,Federal Contract Tower,8,0,2,0,10,0,7,24,0,31,8,7,26,0,41,30,0,30,71
03/13/2006,IFP,AZ,AWP,WE,Federal Contract Tower,5,0,2,0,7,1,11,43,0,55,6,11,45,0,62,10,0,10,72
03/14/2006,IFP,AZ,AWP,WE,Federal Contract Tower,0,0,2,0,2,0,13,42,0,55,0,13,44,0,57,0,0,0,57
03/15/2006,IFP,AZ,AWP,WE,Federal Contract Tower,1,2,4,0,7,0,8,42,0,50,1,10,46,0,57,4,0,4,61
03/16/2006,IFP,AZ,AWP,WE,Federal Contract Tower,7,1,3,0,11,1,14,50,0,65,8,15,53,0,76,0,0,0,76
03/17/2006,IFP,AZ,AWP,WE,Federal Contract Tower,5,0,3,0,8,0,12,29,0,41,5,12,32,0,49,4,0,4,53
03/18/2006,IFP,AZ,AWP,WE,Federal Contract Tower,1,0,3,0,4,0,2,22,0,24,1,2,25,0,28,52,0,52,80
03/19/2006,IFP,AZ,AWP,WE,Federal Contract Tower,8,0,3,0,11,0,7,31,2,40,8,7,34,2,51,34,0,34,85
03/20/2006,IFP,AZ,AWP,WE,Federal Contract Tower,5,0,0,0,5,0,14,30,1,45,5,14,30,1,50,2,0,2,52
03/21/2006,IFP,AZ,AWP,WE,Federal Contract Tower,2,3,2,0,7,0,5,14,0,19,2,8,16,0,26,30,0,30,56
03/22/2006,IFP,AZ,AWP,WE,Federal Contract Tower,2,0,0,0,2,0,9,40,0,49,2,9,40,0,51,0,0,0,51
03/23/2006,IFP,AZ,AWP,WE,Federal Contract Tower,7,0,2,0,9,0,13,58,0,71,7,13,60,0,80,32,0,32,112
03/24/2006,IFP,AZ,AWP,WE,Federal Contract Tower,6,0,4,0,10,0,14,68,0,82,6,14,72,0,92,46,0,46,138
03/25/2006,IFP,AZ,AWP,WE,Federal Contract Tower,1,4,0,0,5,0,2,52,0,54,1,6,52,0,59,74,0,74,133
03/26/2006,IFP,AZ,AWP,WE,Federal Contract Tower,7,0,2,0,9,0,9,56,0,65,7,9,58,0,74,32,0,32,106
03/27/2006,IFP,AZ,AWP,WE,Federal Contract Tower,5,1,4,0,10,0,12,29,0,41,5,13,33,0,51,6,0,6,57
03/28/2006,IFP,AZ,AWP,WE,Federal Contract Tower,1,1,5,0,7,0,8,14,0,22,1,9,19,0,29,8,0,8,37
03/29/2006,IFP,AZ,AWP,WE,Federal Contract Tower,1,0,11,0,12,0,18,32,0,50,1,18,43,0,62,20,0,20,82
03/30/2006,IFP,AZ,AWP,WE,Federal Contract Tower,8,0,1,0,9,0,10,62,0,72,8,10,63,0,81,24,0,24,105
03/31/2006,IFP,AZ,AWP,WE,Federal Contract Tower,6,2,0,2,10,0,12,38,2,52,6,14,38,4,62,6,8,14,76
04/01/2006,IFP,AZ,AWP,WE,Federal Contract Tower,1,0,1,0,2,0,5,40,0,45,1,5,41,0,47,38,0,38,85
04/02/2006,IFP,AZ,AWP,WE,Federal Contract Tower,9,0,2,0,11,0,11,65,0,76,9,11,67,0,87,42,0,42,129
04/03/2006,IFP,AZ,AWP,WE,Federal Contract Tower,7,1,0,0,8,0,6,23,1,30,7,7,23,1,38,0,0,0,38
04/04/2006,IFP,AZ,AWP,WE,Federal Contract Tower,0,2,0,0,2,0,9,24,0,33,0,11,24,0,35,0,0,0,35
04/05/2006,IFP,AZ,AWP,WE,Federal Contract Tower,1,2,1,0,4,0,2,19,1,22,1,4,20,1,26,12,0,12,38
04/06/2006,IFP,AZ,AWP,WE,Federal Contract Tower,7,1,5,0,13,0,9,50,0,59,7,10,55,0,72,6,0,6,78
04/07/2006,IFP,AZ,AWP,WE,Federal Contract Tower,6,2,4,0,12,0,12,43,2,57,6,14,47,2,69,4,0,4,73
04/08/2006,IFP,AZ,AWP,WE,Federal Contract Tower,1,0,1,0,2,0,12,59,0,71,1,12,60,0,73,58,0,58,131
04/09/2006,IFP,AZ,AWP,WE,Federal Contract Tower,8,0,5,0,13,1,9,87,0,97,9,9,92,0,110,28,0,28,138
04/10/2006,IFP,AZ,AWP,WE,Federal Contract Tower,6,0,0,0,6,1,9,39,0,49,7,9,39,0,55,4,0,4,59
04/11/2006,IFP,AZ,AWP,WE,Federal Contract Tower,1,0,2,0,3,0,12,34,0,46,1,12,36,0,49,2,0,2,51
04/12/2006,IFP,AZ,AWP,WE,Federal Contract Tower,2,0,1,0,3,0,13,44,0,57,2,13,45,0,60,32,0,32,92
04/13/2006,IFP,AZ,AWP,WE,Federal Contract Tower,5,0,4,0,9,1,12,52,0,65,6,12,56,0,74,36,0,36,110
04/14/2006,IFP,AZ,AWP,WE,Federal Contract Tower,7,1,4,0,12,1,16,26,2,45,8,17,30,2,57,20,0,20,77
04/15/2006,IFP,AZ,AWP,WE,Federal Contract Tower,1,0,2,0,3,0,2,51,0,53,1,2,53,0,56,4,0,4,60
04/16/2006,IFP,AZ,AWP,WE,Federal Contract Tower,6,0,6,0,12,0,11,41,0,52,6,11,47,0,64,0,0,0,64
04/17/2006,IFP,AZ,AWP,WE,Federal Contract Tower,5,0,3,0,8,0,7,21,0,28,5,7,24,0,36,2,0,2,38
04/18/2006,IFP,AZ,AWP,WE,Federal Contract Tower,1,1,3,0,5,0,15,44,2,61,1,16,47,2,66,4,0,4,70
04/19/2006,IFP,AZ,AWP,WE,Federal Contract Tower,1,0,6,0,7,0,6,48,0,54,1,6,54,0,61,4,0,4,65
04/20/2006,IFP,AZ,AWP,WE,Federal Contract Tower,7,2,4,0,13,0,6,47,0,53,7,8,51,0,66,4,0,4,70
04/21/2006,IFP,AZ,AWP,WE,Federal Contract Tower,2,0,2,0,4,0,7,63,0,70,2,7,65,0,74,26,0,26,100
04/22/2006,IFP,AZ,AWP,WE,Federal Contract Tower,1,0,2,0,3,0,1,52,0,53,1,1,54,0,56,50,0,50,106
04/23/2006,IFP,AZ,AWP,WE,Federal Contract Tower,6,0,2,0,8,0,6,50,0,56,6,6,52,0,64,56,0,56,120
04/24/2006,IFP,AZ,AWP,WE,Federal Contract Tower,2,0,0,0,2,0,5,24,0,29,2,5,24,0,31,2,0,2,33
04/25/2006,IFP,AZ,AWP,WE,Federal Contract Tower,0,0,4,2,6,0,13,50,0,63,0,13,54,2,69,12,6,18,87
04/26/2006,IFP,AZ,AWP,WE,Federal Contract Tower,1,0,2,0,3,0,8,63,2,73,1,8,65,2,76,6,0,6,82
04/27/2006,IFP,AZ,AWP,WE,Federal Contract Tower,3,2,9,0,14,0,14,53,0,67,3,16,62,0,81,28,0,28,109
04/28/2006,IFP,AZ,AWP,WE,Federal Contract Tower,0,0,4,2,6,0,17,83,0,100,0,17,87,2,106,70,8,78,184
04/29/2006,IFP,AZ,AWP,WE,Federal Contract Tower,0,0,6,0,6,0,2,131,0,133,0,2,137,0,139,78,0,78,217
04/30/2006,IFP,AZ,AWP,WE,Federal Contract Tower,3,2,5,0,10,0,12,95,0,107,3,14,100,0,117,30,0,30,147
05/01/2006,IFP,AZ,AWP,WE,Federal Contract Tower,4,1,5,0,10,0,10,37,0,47,4,11,42,0,57,6,0,6,63
05/02/2006,IFP,AZ,AWP,WE,Federal Contract Tower,0,0,4,0,4,0,46,4,0,50,0,46,8,0,54,16,0,16,70
05/03/2006,IFP,AZ,AWP,WE,Federal Contract Tower,0,0,1,1,2,0,8,40,6,54,0,8,41,7,56,6,40,46,102
05/04/2006,IFP,AZ,AWP,WE,Federal Contract Tower,5,0,1,2,8,0,24,54,0,78,5,24,55,2,86,10,22,32,118
05/05/2006,IFP,AZ,AWP,WE,Federal Contract Tower,3,0,5,2,10,0,7,53,1,61,3,7,58,3,71,0,0,0,71
05/06/2006,IFP,AZ,AWP,WE,Federal Contract Tower,0,0,2,0,2,0,7,57,0,64,0,7,59,0,66,42,0,42,108
05/07/2006,IFP,AZ,AWP,WE,Federal Contract Tower,4,0,3,0,7,1,7,103,0,111,5,7,106,0,118,24,0,24,142
05/08/2006,IFP,AZ,AWP,WE,Federal Contract Tower,3,0,2,0,5,1,22,31,0,54,4,22,33,0,59,8,0,8,67
05/09/2006,IFP,AZ,AWP,WE,Federal Contract Tower,1,0,0,0,1,0,12,44,0,56,1,12,44,0,57,0,0,0,57
05/10/2006,IFP,AZ,AWP,WE,Federal Contract Tower,0,0,5,0,5,0,8,39,0,47,0,8,44,0,52,6,0,6,58
05/11/2006,IFP,AZ,AWP,WE,Federal Contract Tower,5,0,2,0,7,0,10,34,0,44,5,10,36,0,51,0,0,0,51
05/12/2006,IFP,AZ,AWP,WE,Federal Contract Tower,4,0,5,0,9,0,13,40,0,53,4,13,45,0,62,14,0,14,76
05/13/2006,IFP,AZ,AWP,WE,Federal Contract Tower,1,1,0,0,2,0,7,34,0,41,1,8,34,0,43,58,0,58,101
05/14/2006,IFP,AZ,AWP,WE,Federal Contract Tower,7,0,0,0,7,0,10,54,0,64,7,10,54,0,71,46,0,46,117
05/15/2006,IFP,AZ,AWP,WE,Federal Contract Tower,3,0,1,0,4,0,5,47,0,52,3,5,48,0,56,2,0,2,58
05/16/2006,IFP,AZ,AWP,WE,Federal Contract Tower,1,4,0,0,5,0,9,36,0,45,1,13,36,0,50,2,0,2,52
05/17/2006,IFP,AZ,AWP,WE,Federal Contract Tower,1,0,6,0,7,0,7,30,0,37,1,7,36,0,44,8,0,8,52
05/18/2006,IFP,AZ,AWP,WE,Federal Contract Tower,7,0,7,0,14,0,8,35,0,43,7,8,42,0,57,12,0,12,69
05/19/2006,IFP,AZ,AWP,WE,Federal Contract Tower,3,0,2,0,5,0,9,85,0,94,3,9,87,0,99,12,0,12,111
05/20/2006,IFP,AZ,AWP,WE,Federal Contract Tower,1,0,0,0,1,0,0,45,0,45,1,0,45,0,46,38,0,38,84
05/21/2006,IFP,AZ,AWP,WE,Federal Contract Tower,7,2,5,0,14,0,1,85,0,86,7,3,90,0,100,54,0,54,154
05/22/2006,IFP,AZ,AWP,WE,Federal Contract Tower,4,0,3,0,7,0,0,21,0,21,4,0,24,0,28,0,0,0,28
05/23/2006,IFP,AZ,AWP,WE,Federal Contract Tower,0,4,3,2,9,0,9,62,0,71,0,13,65,2,80,14,10,24,104
05/24/2006,IFP,AZ,AWP,WE,Federal Contract Tower,1,0,3,0,4,0,8,38,0,46,1,8,41,0,50,2,0,2,52
05/25/2006,IFP,AZ,AWP,WE,Federal Contract Tower,5,2,0,0,7,0,14,32,0,46,5,16,32,0,53,0,0,0,53
05/26/2006,IFP,AZ,AWP,WE,Federal Contract Tower,2,3,3,0,8,0,15,53,0,68,2,18,56,0,76,6,0,6,82
05/27/2006,IFP,AZ,AWP,WE,Federal Contract Tower,1,2,0,0,3,0,8,19,0,27,1,10,19,0,30,20,0,20,50
05/28/2006,IFP,AZ,AWP,WE,Federal Contract Tower,5,0,0,0,5,0,7,45,0,52,5,7,45,0,57,106,0,106,163
05/29/2006,IFP,AZ,AWP,WE,Federal Contract Tower,2,0,5,0,7,0,2,78,0,80,2,2,83,0,87,54,0,54,141
05/30/2006,IFP,AZ,AWP,WE,Federal Contract Tower,1,0,0,0,1,0,9,37,0,46,1,9,37,0,47,18,0,18,65
05/31/2006,IFP,AZ,AWP,WE,Federal Contract Tower,1,4,3,0,8,0,5,40,0,45,1,9,43,0,53,22,0,22,75
06/01/2006,IFP,AZ,AWP,WE,Federal Contract Tower,4,0,4,1,9,0,14,42,1,57,4,14,46,2,66,34,0,34,100
06/02/2006,IFP,AZ,AWP,WE,Federal Contract Tower,2,0,4,0,6,0,13,52,0,65,2,13,56,0,71,38,0,38,109
06/03/2006,IFP,AZ,AWP,WE,Federal Contract Tower,1,0,0,0,1,0,5,35,0,40,1,5,35,0,41,22,0,22,63
06/04/2006,IFP,AZ,AWP,WE,Federal Contract Tower,5,1,0,0,6,0,6,43,0,49,5,7,43,0,55,12,0,12,67
06/05/2006,IFP,AZ,AWP,WE,Federal Contract Tower,1,0,3,0,4,0,14,35,0,49,1,14,38,0,53,24,0,24,77
06/06/2006,IFP,AZ,AWP,WE,Federal Contract Tower,1,2,0,0,3,0,6,37,0,43,1,8,37,0,46,18,0,18,64
06/07/2006,IFP,AZ,AWP,WE,Federal Contract Tower,2,2,4,0,8,0,11,34,0,45,2,13,38,0,53,6,0,6,59
06/08/2006,IFP,AZ,AWP,WE,Federal Contract Tower,4,1,0,0,5,1,7,29,2,39,5,8,29,2,44,26,0,26,70
06/09/2006,IFP,AZ,AWP,WE,Federal Contract Tower,1,0,2,0,3,0,11,37,0,48,1,11,39,0,51,0,0,0,51
06/10/2006,IFP,AZ,AWP,WE,Federal Contract Tower,0,0,0,0,0,0,1,35,0,36,0,1,35,0,36,37,0,37,73
06/11/2006,IFP,AZ,AWP,WE,Federal Contract Tower,3,0,1,0,4,0,0,50,2,52,3,0,51,2,56,30,0,30,86
06/12/2006,IFP,AZ,AWP,WE,Federal Contract Tower,1,0,3,0,4,0,8,42,0,50,1,8,45,0,54,0,0,0,54
06/13/2006,IFP,AZ,AWP,WE,Federal Contract Tower,0,1,2,0,3,0,9,34,0,43,0,10,36,0,46,22,0,22,68
06/14/2006,IFP,AZ,AWP,WE,Federal Contract Tower,0,3,4,0,7,0,5,37,0,42,0,8,41,0,49,2,0,2,51
06/15/2006,IFP,AZ,AWP,WE,Federal Contract Tower,4,0,0,0,4,0,6,25,0,31,4,6,25,0,35,2,0,2,37
06/16/2006,IFP,AZ,AWP,WE,Federal Contract Tower,1,1,3,0,5,0,4,35,1,40,1,5,38,1,45,2,0,2,47
06/17/2006,IFP,AZ,AWP,WE,Federal Contract Tower,2,0,1,0,3,0,3,47,0,50,2,3,48,0,53,50,0,50,103
06/18/2006,IFP,AZ,AWP,WE,Federal Contract Tower,5,0,0,0,5,0,0,66,0,66,5,0,66,0,71,42,0,42,113
06/19/2006,IFP,AZ,AWP,WE,Federal Contract Tower,1,0,0,1,2,0,4,34,1,39,1,4,34,2,41,2,0,2,43
06/20/2006,IFP,AZ,AWP,WE,Federal Contract Tower,1,0,0,0,1,0,7,40,0,47,1,7,40,0,48,10,0,10,58
06/21/2006,IFP,AZ,AWP,WE,Federal Contract Tower,0,0,2,0,2,0,7,43,0,50,0,7,45,0,52,58,0,58,110
06/22/2006,IFP,AZ,AWP,WE,Federal Contract Tower,5,0,3,0,8,0,12,26,0,38,5,12,29,0,46,10,0,10,56
06/23/2006,IFP,AZ,AWP,WE,Federal Contract Tower,1,2,1,0,4,0,9,50,0,59,1,11,51,0,63,0,0,0,63
06/24/2006,IFP,AZ,AWP,WE,Federal Contract Tower,1,0,1,0,2,0,6,32,0,38,1,6,33,0,40,8,0,8,48
06/25/2006,IFP,AZ,AWP,WE,Federal Contract Tower,4,0,1,0,5,0,2,46,0,48,4,2,47,0,53,86,0,86,139
06/26/2006,IFP,AZ,AWP,WE,Federal Contract Tower,1,3,1,0,5,0,12,21,0,33,1,15,22,0,38,16,0,16,54
06/27/2006,IFP,AZ,AWP,WE,Federal Contract Tower,1,1,6,0,8,0,11,26,0,37,1,12,32,0,45,40,0,40,85
06/28/2006,IFP,AZ,AWP,WE,Federal Contract Tower,1,0,2,0,3,0,8,19,0,27,1,8,21,0,30,0,0,0,30
06/29/2006,IFP,AZ,AWP,WE,Federal Contract Tower,5,0,2,0,7,0,17,35,0,52,5,17,37,0,59,4,0,4,63
06/30/2006,IFP,AZ,AWP,WE,Federal Contract Tower,0,2,4,0,6,0,7,55,1,63,0,9,59,1,69,2,0,2,71
07/01/2006,IFP,AZ,AWP,WE,Federal Contract Tower,1,0,0,0,1,0,0,34,0,34,1,0,34,0,35,30,0,30,65
07/02/2006,IFP,AZ,AWP,WE,Federal Contract Tower,5,0,0,0,5,0,6,38,0,44,5,6,38,0,49,62,0,62,111
07/03/2006,IFP,AZ,AWP,WE,Federal Contract Tower,2,0,0,0,2,0,9,27,0,36,2,9,27,0,38,50,0,50,88
07/04/2006,IFP,AZ,AWP,WE,Federal Contract Tower,0,0,3,0,3,1,4,25,0,30,1,4,28,0,33,34,0,34,67
07/05/2006,IFP,AZ,AWP,WE,Federal Contract Tower,1,0,1,0,2,0,8,22,4,34,1,8,23,4,36,0,6,6,42
07/06/2006,IFP,AZ,AWP,WE,Federal Contract Tower,3,0,2,0,5,0,8,33,1,42,3,8,35,1,47,0,0,0,47
07/07/2006,IFP,AZ,AWP,WE,Federal Contract Tower,1,0,3,1,5,1,9,48,1,59,2,9,51,2,64,32,0,32,96
07/08/2006,IFP,AZ,AWP,WE,Federal Contract Tower,1,0,0,0,1,0,4,36,12,52,1,4,36,12,53,40,6,46,99
07/09/2006,IFP,AZ,AWP,WE,Federal Contract Tower,5,0,1,0,6,0,7,46,0,53,5,7,47,0,59,8,0,8,67
07/10/2006,IFP,AZ,AWP,WE,Federal Contract Tower,2,2,0,0,4,0,9,20,0,29,2,11,20,0,33,0,0,0,33
07/11/2006,IFP,AZ,AWP,WE,Federal Contract Tower,1,0,2,0,3,0,5,28,0,33,1,5,30,0,36,0,0,0,36
07/12/2006,IFP,AZ,AWP,WE,Federal Contract Tower,1,0,1,0,2,0,12,40,0,52,1,12,41,0,54,18,0,18,72
07/13/2006,IFP,AZ,AWP,WE,Federal Contract Tower,5,0,5,0,10,0,19,31,0,50,5,19,36,0,60,12,0,12,72
07/14/2006,IFP,AZ,AWP,WE,Federal Contract Tower,2,0,1,0,3,0,8,29,0,37,2,8,30,0,40,10,0,10,50
07/15/2006,IFP,AZ,AWP,WE,Federal Contract Tower,1,0,0,0,1,0,6,21,0,27,1,6,21,0,28,0,0,0,28
07/16/2006,IFP,AZ,AWP,WE,Federal Contract Tower,6,0,1,0,7,0,7,38,0,45,6,7,39,0,52,0,0,0,52
07/17/2006,IFP,AZ,AWP,WE,Federal Contract Tower,2,0,4,0,6,0,9,33,0,42,2,9,37,0,48,2,0,2,50
07/18/2006,IFP,AZ,AWP,WE,Federal Contract Tower,2,0,2,0,4,0,13,25,0,38,2,13,27,0,42,0,0,0,42
07/19/2006,IFP,AZ,AWP,WE,Federal Contract Tower,1,0,1,0,2,0,11,21,0,32,1,11,22,0,34,4,0,4,38
07/20/2006,IFP,AZ,AWP,WE,Federal Contract Tower,3,0,2,0,5,0,13,29,0,42,3,13,31,0,47,14,0,14,61
07/21/2006,IFP,AZ,AWP,WE,Federal Contract Tower,1,0,0,0,1,0,17,41,2,60,1,17,41,2,61,12,0,12,73
07/22/2006,IFP,AZ,AWP,WE,Federal Contract Tower,2,0,1,0,3,0,1,24,0,25,2,1,25,0,28,54,0,54,82
07/23/2006,IFP,AZ,AWP,WE,Federal Contract Tower,4,0,0,0,4,0,4,28,0,32,4,4,28,0,36,34,0,34,70
07/24/2006,IFP,AZ,AWP,WE,Federal Contract Tower,1,0,2,0,3,0,21,22,0,43,1,21,24,0,46,16,0,16,62
07/25/2006,IFP,AZ,AWP,WE,Federal Contract Tower,1,0,4,0,5,0,8,26,0,34,1,8,30,0,39,22,0,22,61
07/26/2006,IFP,AZ,AWP,WE,Federal Contract Tower,3,0,0,0,3,0,11,26,0,37,3,11,26,0,40,6,0,6,46
07/27/2006,IFP,AZ,AWP,WE,Federal Contract Tower,4,1,1,0,6,1,13,19,4,37,5,14,20,4,43,4,0,4,47
07/28/2006,IFP,AZ,AWP,WE,Federal Contract Tower,1,0,2,0,3,0,10,36,0,46,1,10,38,0,49,0,0,0,49
07/29/2006,IFP,AZ,AWP,WE,Federal Contract Tower,1,1,2,0,4,0,7,16,0,23,1,8,18,0,27,34,0,34,61
07/30/2006,IFP,AZ,AWP,WE,Federal Contract Tower,5,2,1,0,8,0,6,50,0,56,5,8,51,0,64,34,0,34,98
07/31/2006,IFP,AZ,AWP,WE,Federal Contract Tower,1,0,2,0,3,0,9,29,0,38,1,9,31,0,41,8,0,8,49
08/01/2006,IFP,AZ,AWP,WE,Federal Contract Tower,1,0,7,0,8,0,7,29,0,36,1,7,36,0,44,0,0,0,44
08/02/2006,IFP,AZ,AWP,WE,Federal Contract Tower,1,0,5,0,6,0,7,21,4,32,1,7,26,4,38,2,4,6,44
08/03/2006,IFP,AZ,AWP,WE,Federal Contract Tower,4,4,0,0,8,1,11,29,0,41,5,15,29,0,49,0,0,0,49
08/04/2006,IFP,AZ,AWP,WE,Federal Contract Tower,0,0,0,0,0,0,7,34,0,41,0,7,34,0,41,4,0,4,45
08/05/2006,IFP,AZ,AWP,WE,Federal Contract Tower,1,0,0,0,1,0,2,45,0,47,1,2,45,0,48,54,0,54,102
08/06/2006,IFP,AZ,AWP,WE,Federal Contract Tower,5,0,0,0,5,0,7,70,0,77,5,7,70,0,82,34,0,34,116
08/07/2006,IFP,AZ,AWP,WE,Federal Contract Tower,0,0,2,0,2,0,13,19,0,32,0,13,21,0,34,0,0,0,34
08/08/2006,IFP,AZ,AWP,WE,Federal Contract Tower,0,0,1,0,1,0,6,33,2,41,0,6,34,2,42,4,0,4,46
08/09/2006,IFP,AZ,AWP,WE,Federal Contract Tower,1,0,1,0,2,0,8,33,6,47,1,8,34,6,49,2,2,4,53
08/10/2006,IFP,AZ,AWP,WE,Federal Contract Tower,5,0,4,0,9,0,14,17,2,33,5,14,21,2,42,18,0,18,60
08/11/2006,IFP,AZ,AWP,WE,Federal Contract Tower,0,0,2,0,2,0,9,32,2,43,0,9,34,2,45,0,0,0,45
08/12/2006,IFP,AZ,AWP,WE,Federal Contract Tower,1,0,1,0,2,0,12,43,0,55,1,12,44,0,57,38,0,38,95
08/13/2006,IFP,AZ,AWP,WE,Federal Contract Tower,5,0,3,0,8,0,6,54,0,60,5,6,57,0,68,34,0,34,102
08/14/2006,IFP,AZ,AWP,WE,Federal Contract Tower,0,0,3,0,3,0,10,42,0,52,0,10,45,0,55,32,0,32,87
08/15/2006,IFP,AZ,AWP,WE,Federal Contract Tower,0,2,2,0,4,0,6,19,0,25,0,8,21,0,29,2,0,2,31
08/16/2006,IFP,AZ,AWP,WE,Federal Contract Tower,1,0,1,0,2,0,11,50,0,61,1,11,51,0,63,18,0,18,81
08/17/2006,IFP,AZ,AWP,WE,Federal Contract Tower,5,0,2,0,7,0,10,56,0,66,5,10,58,0,73,14,0,14,87
08/18/2006,IFP,AZ,AWP,WE,Federal Contract Tower,0,0,1,0,1,0,8,37,1,46,0,8,38,1,47,4,0,4,51
08/19/2006,IFP,AZ,AWP,WE,Federal Contract Tower,0,0,1,0,1,0,0,47,1,48,0,0,48,1,49,52,0,52,101
08/20/2006,IFP,AZ,AWP,WE,Federal Contract Tower,5,0,1,0,6,0,0,51,2,53,5,0,52,2,59,24,0,24,83
08/21/2006,IFP,AZ,AWP,WE,Federal Contract Tower,1,0,1,0,2,0,4,29,0,33,1,4,30,0,35,2,0,2,37
08/22/2006,IFP,AZ,AWP,WE,Federal Contract Tower,0,0,2,0,2,0,8,38,0,46,0,8,40,0,48,20,0,20,68
08/23/2006,IFP,AZ,AWP,WE,Federal Contract Tower,0,0,1,0,1,0,12,30,0,42,0,12,31,0,43,12,2,14,57
08/24/2006,IFP,AZ,AWP,WE,Federal Contract Tower,5,2,3,0,10,0,6,37,1,44,5,8,40,1,54,40,0,40,94
08/25/2006,IFP,AZ,AWP,WE,Federal Contract Tower,1,1,0,0,2,0,13,58,3,74,1,14,58,3,76,36,0,36,112
08/26/2006,IFP,AZ,AWP,WE,Federal Contract Tower,0,0,0,0,0,0,6,44,0,50,0,6,44,0,50,64,0,64,114
08/27/2006,IFP,AZ,AWP,WE,Federal Contract Tower,5,0,2,0,7,0,5,66,0,71,5,5,68,0,78,78,0,78,156
08/28/2006,IFP,AZ,AWP,WE,Federal Contract Tower,0,0,0,0,0,0,7,31,0,38,0,7,31,0,38,12,0,12,50
08/29/2006,IFP,AZ,AWP,WE,Federal Contract Tower,1,1,0,0,2,0,8,36,0,44,1,9,36,0,46,2,0,2,48
08/30/2006,IFP,AZ,AWP,WE,Federal Contract Tower,2,0,6,0,8,0,9,28,2,39,2,9,34,2,47,0,8,8,55
08/31/2006,IFP,AZ,AWP,WE,Federal Contract Tower,4,1,3,0,8,0,9,37,5,51,4,10,40,5,59,4,36,40,99
09/01/2006,IFP,AZ,AWP,WE,Federal Contract Tower,1,1,3,0,5,1,9,39,0,49,2,10,42,0,54,8,0,8,62
09/02/2006,IFP,AZ,AWP,WE,Federal Contract Tower,1,0,2,0,3,1,10,34,0,45,2,10,36,0,48,50,0,50,98
09/03/2006,IFP,AZ,AWP,WE,Federal Contract Tower,5,0,2,0,7,0,5,50,2,57,5,5,52,2,64,86,0,86,150
09/04/2006,IFP,AZ,AWP,WE,Federal Contract Tower,2,0,4,0,6,0,6,64,0,70,2,6,68,0,76,50,0,50,126
09/05/2006,IFP,AZ,AWP,WE,Federal Contract Tower,1,1,6,0,8,0,7,37,0,44,1,8,43,0,52,18,0,18,70
09/06/2006,IFP,AZ,AWP,WE,Federal Contract Tower,1,1,3,2,7,0,5,39,0,44,1,6,42,2,51,0,2,2,53
09/07/2006,IFP,AZ,AWP,WE,Federal Contract Tower,3,3,6,0,12,1,17,34,6,58,4,20,40,6,70,12,0,12,82
09/08/2006,IFP,AZ,AWP,WE,Federal Contract Tower,2,2,1,2,7,0,6,41,0,47,2,8,42,2,54,0,12,12,66
09/09/2006,IFP,AZ,AWP,WE,Federal Contract Tower,1,0,0,0,1,0,6,44,0,50,1,6,44,0,51,0,0,0,51
09/10/2006,IFP,AZ,AWP,WE,Federal Contract Tower,5,0,1,0,6,0,3,53,1,57,5,3,54,1,63,8,0,8,71
09/11/2006,IFP,AZ,AWP,WE,Federal Contract Tower,2,0,0,0,2,0,12,24,2,38,2,12,24,2,40,0,0,0,40
09/12/2006,IFP,AZ,AWP,WE,Federal Contract Tower,1,0,3,0,4,0,11,33,0,44,1,11,36,0,48,2,0,2,50
09/13/2006,IFP,AZ,AWP,WE,Federal Contract Tower,1,0,4,0,5,0,10,33,0,43,1,10,37,0,48,0,0,0,48
09/14/2006,IFP,AZ,AWP,WE,Federal Contract Tower,4,0,0,0,4,0,5,28,0,33,4,5,28,0,37,0,0,0,37
09/15/2006,IFP,AZ,AWP,WE,Federal Contract Tower,2,0,3,0,5,0,12,41,0,53,2,12,44,0,58,0,0,0,58
09/16/2006,IFP,AZ,AWP,WE,Federal Contract Tower,0,0,1,0,1,0,5,35,0,40,0,5,36,0,41,40,0,40,81
09/17/2006,IFP,AZ,AWP,WE,Federal Contract Tower,5,0,0,0,5,0,9,42,0,51,5,9,42,0,56,16,0,16,72
09/18/2006,IFP,AZ,AWP,WE,Federal Contract Tower,2,0,4,0,6,0,7,30,2,39,2,7,34,2,45,0,0,0,45
09/19/2006,IFP,AZ,AWP,WE,Federal Contract Tower,1,0,8,0,9,0,12,21,0,33,1,12,29,0,42,2,0,2,44
09/20/2006,IFP,AZ,AWP,WE,Federal Contract Tower,0,0,3,0,3,0,13,25,0,38,0,13,28,0,41,0,0,0,41
09/21/2006,IFP,AZ,AWP,WE,Federal Contract Tower,5,0,1,0,6,0,6,26,0,32,5,6,27,0,38,0,0,0,38
09/22/2006,IFP,AZ,AWP,WE,Federal Contract Tower,1,2,5,0,8,0,7,30,0,37,1,9,35,0,45,0,0,0,45
09/23/2006,IFP,AZ,AWP,WE,Federal Contract Tower,1,0,6,0,7,0,8,44,0,52,1,8,50,0,59,0,0,0,59
09/24/2006,IFP,AZ,AWP,WE,Federal Contract Tower,5,2,1,0,8,0,4,54,2,60,5,6,55,2,68,0,0,0,68
09/25/2006,IFP,AZ,AWP,WE,Federal Contract Tower,1,0,5,0,6,0,12,27,2,41,1,12,32,2,47,0,8,8,55
09/26/2006,IFP,AZ,AWP,WE,Federal Contract Tower,0,3,4,0,7,0,10,32,0,42,0,13,36,0,49,0,0,0,49
09/27/2006,IFP,AZ,AWP,WE,Federal Contract Tower,0,1,3,1,5,0,8,42,1,51,0,9,45,2,56,12,0,12,68
09/28/2006,IFP,AZ,AWP,WE,Federal Contract Tower,5,0,2,0,7,0,11,43,0,54,5,11,45,0,61,0,0,0,61
09/29/2006,IFP,AZ,AWP,WE,Federal Contract Tower,0,0,1,0,1,0,16,53,2,71,0,16,54,2,72,8,0,8,80
09/30/2006,IFP,AZ,AWP,WE,Federal Contract Tower,1,0,0,0,1,0,0,60,0,60,1,0,60,0,61,26,0,26,87
10/01/2006,IFP,AZ,AWP,WE,Federal Contract Tower,5,0,3,0,8,0,2,69,0,71,5,2,72,0,79,18,0,18,97
10/02/2006,IFP,AZ,AWP,WE,Federal Contract Tower,4,0,1,0,5,0,8,33,0,41,4,8,34,0,46,0,0,0,46
10/03/2006,IFP,AZ,AWP,WE,Federal Contract Tower,1,0,2,3,6,0,14,28,3,45,1,14,30,6,51,2,0,2,53
10/04/2006,IFP,AZ,AWP,WE,Federal Contract Tower,3,0,2,0,5,0,16,22,0,38,3,16,24,0,43,0,0,0,43
10/05/2006,IFP,AZ,AWP,WE,Federal Contract Tower,7,3,1,2,13,0,7,27,2,36,7,10,28,4,49,0,22,22,71
10/06/2006,IFP,AZ,AWP,WE,Federal Contract Tower,4,0,1,0,5,0,14,39,0,53,4,14,40,0,58,0,0,0,58
10/07/2006,IFP,AZ,AWP,WE,Federal Contract Tower,3,0,6,0,9,0,8,80,3,91,3,8,86,3,100,18,6,24,124
10/08/2006,IFP,AZ,AWP,WE,Federal Contract Tower,7,0,0,0,7,0,12,59,0,71,7,12,59,0,78,40,0,40,118
10/09/2006,IFP,AZ,AWP,WE,Federal Contract Tower,4,0,1,0,5,0,9,45,0,54,4,9,46,0,59,18,0,18,77
10/10/2006,IFP,AZ,AWP,WE,Federal Contract Tower,0,0,4,0,4,0,12,43,0,55,0,12,47,0,59,6,0,6,65
10/11/2006,IFP,AZ,AWP,WE,Federal Contract Tower,3,0,5,0,8,0,5,41,2,48,3,5,46,2,56,6,0,6,62
10/12/2006,IFP,AZ,AWP,WE,Federal Contract Tower,3,2,5,0,10,0,6,47,0,53,3,8,52,0,63,6,0,6,69
10/13/2006,IFP,AZ,AWP,WE,Federal Contract Tower,4,0,0,0,4,0,8,38,0,46,4,8,38,0,50,20,0,20,70
10/14/2006,IFP,AZ,AWP,WE,Federal Contract Tower,3,0,1,0,4,0,2,7,0,9,3,2,8,0,13,40,0,40,53
10/15/2006,IFP,AZ,AWP,WE,Federal Contract Tower,6,0,1,0,7,0,5,41,0,46,6,5,42,0,53,16,0,16,69
10/16/2006,IFP,AZ,AWP,WE,Federal Contract Tower,4,0,0,0,4,0,11,22,0,33,4,11,22,0,37,2,0,2,39
10/17/2006,IFP,AZ,AWP,WE,Federal Contract Tower,1,0,3,0,4,0,8,32,2,42,1,8,35,2,46,4,0,4,50
10/18/2006,IFP,AZ,AWP,WE,Federal Contract Tower,3,0,6,0,9,0,10,36,0,46,3,10,42,0,55,8,0,8,63
10/19/2006,IFP,AZ,AWP,WE,Federal Contract Tower,6,0,0,0,6,0,18,42,0,60,6,18,42,0,66,2,0,2,68
10/20/2006,IFP,AZ,AWP,WE,Federal Contract Tower,4,1,5,0,10,0,5,66,0,71,4,6,71,0,81,2,0,2,83
10/21/2006,IFP,AZ,AWP,WE,Federal Contract Tower,4,1,0,0,5,0,3,35,0,38,4,4,35,0,43,0,0,0,43
10/22/2006,IFP,AZ,AWP,WE,Federal Contract Tower,6,0,4,0,10,0,7,65,0,72,6,7,69,0,82,6,0,6,88
10/23/2006,IFP,AZ,AWP,WE,Federal Contract Tower,4,1,1,0,6,0,9,46,0,55,4,10,47,0,61,4,0,4,65
10/24/2006,IFP,AZ,AWP,WE,Federal Contract Tower,1,0,1,0,2,0,12,23,1,36,1,12,24,1,38,6,0,6,44
10/25/2006,IFP,AZ,AWP,WE,Federal Contract Tower,2,0,3,0,5,0,10,39,3,52,2,10,42,3,57,2,0,2,59
10/26/2006,IFP,AZ,AWP,WE,Federal Contract Tower,6,1,0,0,7,1,13,41,0,55,7,14,41,0,62,0,0,0,62
10/27/2006,IFP,AZ,AWP,WE,Federal Contract Tower,4,1,3,0,8,0,31,50,0,81,4,32,53,0,89,8,0,8,97
10/28/2006,IFP,AZ,AWP,WE,Federal Contract Tower,3,0,2,0,5,0,5,54,0,59,3,5,56,0,64,30,0,30,94
10/29/2006,IFP,AZ,AWP,WE,Federal Contract Tower,5,0,2,0,7,0,3,71,0,74,5,3,73,0,81,40,0,40,121
10/30/2006,IFP,AZ,AWP,WE,Federal Contract Tower,3,0,2,0,5,0,9,42,0,51,3,9,44,0,56,0,0,0,56
10/31/2006,IFP,AZ,AWP,WE,Federal Contract Tower,1,0,0,0,1,0,11,36,0,47,1,11,36,0,48,0,0,0,48
11/01/2006,IFP,AZ,AWP,WE,Federal Contract Tower,2,0,0,0,2,0,12,30,2,44,2,12,30,2,46,10,0,10,56
11/02/2006,IFP,AZ,AWP,WE,Federal Contract Tower,7,0,2,0,9,0,11,34,0,45,7,11,36,0,54,0,0,0,54
11/03/2006,IFP,AZ,AWP,WE,Federal Contract Tower,3,0,0,0,3,0,8,46,0,54,3,8,46,0,57,0,0,0,57
11/04/2006,IFP,AZ,AWP,WE,Federal Contract Tower,3,0,0,0,3,0,7,45,0,52,3,7,45,0,55,30,0,30,85
11/05/2006,IFP,AZ,AWP,WE,Federal Contract Tower,5,0,0,0,5,0,5,56,0,61,5,5,56,0,66,10,0,10,76
11/06/2006,IFP,AZ,AWP,WE,Federal Contract Tower,3,0,1,0,4,0,6,39,0,45,3,6,40,0,49,34,0,34,83
11/07/2006,IFP,AZ,AWP,WE,Federal Contract Tower,0,1,0,0,1,0,10,41,0,51,0,11,41,0,52,22,0,22,74
11/08/2006,IFP,AZ,AWP,WE,Federal Contract Tower,3,0,0,0,3,33,5,3,0,41,36,5,3,0,44,48,0,48,92
11/09/2006,IFP,AZ,AWP,WE,Federal Contract Tower,7,0,4,0,11,0,7,35,0,42,7,7,39,0,53,54,0,54,107
11/10/2006,IFP,AZ,AWP,WE,Federal Contract Tower,3,0,0,0,3,0,11,56,0,67,3,11,56,0,70,8,0,8,78
11/11/2006,IFP,AZ,AWP,WE,Federal Contract Tower,3,0,0,0,3,0,9,60,0,69,3,9,60,0,72,32,0,32,104
11/12/2006,IFP,AZ,AWP,WE,Federal Contract Tower,6,0,0,0,6,0,19,49,0,68,6,19,49,0,74,26,0,26,100
11/13/2006,IFP,AZ,AWP,WE,Federal Contract Tower,3,0,1,0,4,0,10,41,0,51,3,10,42,0,55,16,0,16,71
11/14/2006,IFP,AZ,AWP,WE,Federal Contract Tower,1,0,5,0,6,0,9,34,0,43,1,9,39,0,49,2,0,2,51
11/15/2006,IFP,AZ,AWP,WE,Federal Contract Tower,3,1,6,0,10,0,7,31,0,38,3,8,37,0,48,0,0,0,48
11/16/2006,IFP,AZ,AWP,WE,Federal Contract Tower,7,0,3,0,10,0,11,42,0,53,7,11,45,0,63,56,0,56,119
11/17/2006,IFP,AZ,AWP,WE,Federal Contract Tower,3,0,5,0,8,0,5,64,0,69,3,5,69,0,77,44,0,44,121
11/18/2006,IFP,AZ,AWP,WE,Federal Contract Tower,2,0,2,0,4,1,14,70,0,85,3,14,72,0,89,4,0,4,93
11/19/2006,IFP,AZ,AWP,WE,Federal Contract Tower,7,0,1,0,8,0,1,59,2,62,7,1,60,2,70,0,0,0,70
11/20/2006,IFP,AZ,AWP,WE,Federal Contract Tower,3,0,4,0,7,0,19,44,2,65,3,19,48,2,72,30,0,30,102
11/21/2006,IFP,AZ,AWP,WE,Federal Contract Tower,1,0,8,0,9,0,10,30,2,42,1,10,38,2,51,12,0,12,63
11/22/2006,IFP,AZ,AWP,WE,Federal Contract Tower,5,0,3,0,8,0,17,54,0,71,5,17,57,0,79,0,0,0,79
11/23/2006,IFP,AZ,AWP,WE,Federal Contract Tower,5,0,2,0,7,0,4,26,0,30,5,4,28,0,37,0,0,0,37
11/24/2006,IFP,AZ,AWP,WE,Federal Contract Tower,3,3,5,0,11,0,5,50,0,55,3,8,55,0,66,28,0,28,94
11/25/2006,IFP,AZ,AWP,WE,Federal Contract Tower,3,0,0,0,3,0,2,42,0,44,3,2,42,0,47,30,0,30,77
11/26/2006,IFP,AZ,AWP,WE,Federal Contract Tower,7,0,0,0,7,0,1,48,0,49,7,1,48,0,56,44,0,44,100
11/27/2006,IFP,AZ,AWP,WE,Federal Contract Tower,3,0,1,0,4,0,13,19,2,34,3,13,20,2,38,8,0,8,46
11/28/2006,IFP,AZ,AWP,WE,Federal Contract Tower,1,2,0,0,3,0,8,36,1,45,1,10,36,1,48,0,0,0,48
11/29/2006,IFP,AZ,AWP,WE,Federal Contract Tower,2,5,2,0,9,0,5,12,0,17,2,10,14,0,26,8,0,8,34
11/30/2006,IFP,AZ,AWP,WE,Federal Contract Tower,4,2,2,0,8,0,5,40,0,45,4,7,42,0,53,10,0,10,63
12/01/2006,IFP,AZ,AWP,WE,Federal Contract Tower,5,4,1,0,10,0,7,55,0,62,5,11,56,0,72,16,0,16,88
12/02/2006,IFP,AZ,AWP,WE,Federal Contract Tower,3,0,1,0,4,0,2,15,0,17,3,2,16,0,21,10,0,10,31
12/03/2006,IFP,AZ,AWP,WE,Federal Contract Tower,7,0,1,0,8,0,3,34,0,37,7,3,35,0,45,0,0,0,45
12/04/2006,IFP,AZ,AWP,WE,Federal Contract Tower,3,0,0,0,3,0,6,16,1,23,3,6,16,1,26,0,0,0,26
12/05/2006,IFP,AZ,AWP,WE,Federal Contract Tower,0,0,1,0,1,0,14,34,0,48,0,14,35,0,49,10,0,10,59
12/06/2006,IFP,AZ,AWP,WE,Federal Contract Tower,4,0,4,0,8,0,8,34,0,42,4,8,38,0,50,10,0,10,60
12/07/2006,IFP,AZ,AWP,WE,Federal Contract Tower,5,5,1,0,11,0,13,37,0,50,5,18,38,0,61,4,0,4,65
12/08/2006,IFP,AZ,AWP,WE,Federal Contract Tower,3,1,1,0,5,0,9,47,0,56,3,10,48,0,61,6,0,6,67
12/09/2006,IFP,AZ,AWP,WE,Federal Contract Tower,4,0,1,0,5,0,4,35,0,39,4,4,36,0,44,6,0,6,50
12/10/2006,IFP,AZ,AWP,WE,Federal Contract Tower,7,0,1,0,8,0,5,44,2,51,7,5,45,2,59,4,0,4,63
12/11/2006,IFP,AZ,AWP,WE,Federal Contract Tower,4,0,3,0,7,0,8,40,3,51,4,8,43,3,58,10,0,10,68
12/12/2006,IFP,AZ,AWP,WE,Federal Contract Tower,2,0,2,2,6,0,17,33,0,50,2,17,35,2,56,0,0,0,56
12/13/2006,IFP,AZ,AWP,WE,Federal Contract Tower,3,1,1,1,6,0,13,29,1,43,3,14,30,2,49,0,0,0,49
12/14/2006,IFP,AZ,AWP,WE,Federal Contract Tower,6,3,0,1,10,0,16,21,3,40,6,19,21,4,50,0,0,0,50
12/15/2006,IFP,AZ,AWP,WE,Federal Contract Tower,3,3,0,0,6,0,7,32,0,39,3,10,32,0,45,4,0,4,49
12/16/2006,IFP,AZ,AWP,WE,Federal Contract Tower,4,0,1,0,5,0,0,21,0,21,4,0,22,0,26,10,0,10,36
12/17/2006,IFP,AZ,AWP,WE,Federal Contract Tower,2,0,4,0,6,0,4,21,0,25,2,4,25,0,31,12,0,12,43
12/18/2006,IFP,AZ,AWP,WE,Federal Contract Tower,2,1,1,0,4,0,6,17,2,25,2,7,18,2,29,0,0,0,29
12/19/2006,IFP,AZ,AWP,WE,Federal Contract Tower,0,0,6,0,6,0,11,30,2,43,0,11,36,2,49,2,10,12,61
12/20/2006,IFP,AZ,AWP,WE,Federal Contract Tower,2,0,1,0,3,0,9,33,0,42,2,9,34,0,45,8,0,8,53
12/21/2006,IFP,AZ,AWP,WE,Federal Contract Tower,4,2,2,0,8,0,13,43,2,58,4,15,45,2,66,22,2,24,90
12/22/2006,IFP,AZ,AWP,WE,Federal Contract Tower,3,0,1,0,4,0,14,27,0,41,3,14,28,0,45,0,0,0,45
12/23/2006,IFP,AZ,AWP,WE,Federal Contract Tower,0,0,2,0,2,0,4,13,0,17,0,4,15,0,19,0,0,0,19
12/24/2006,IFP,AZ,AWP,WE,Federal Contract Tower,4,0,0,0,4,0,0,40,0,40,4,0,40,0,44,26,0,26,70
12/25/2006,IFP,AZ,AWP,WE,Federal Contract Tower,2,0,0,0,2,0,1,31,0,32,2,1,31,0,34,18,0,18,52
12/26/2006,IFP,AZ,AWP,WE,Federal Contract Tower,2,0,3,0,5,0,9,50,0,59,2,9,53,0,64,0,0,0,64
12/27/2006,IFP,AZ,AWP,WE,Federal Contract Tower,1,0,3,0,4,0,9,24,0,33,1,9,27,0,37,2,0,2,39
12/28/2006,IFP,AZ,AWP,WE,Federal Contract Tower,2,0,2,0,4,0,6,12,0,18,2,6,14,0,22,0,0,0,22
12/29/2006,IFP,AZ,AWP,WE,Federal Contract Tower,7,0,2,0,9,0,6,44,0,50,7,6,46,0,59,6,0,6,65
12/30/2006,IFP,AZ,AWP,WE,Federal Contract Tower,1,1,2,0,4,0,8,56,0,64,1,9,58,0,68,38,0,38,106
12/31/2006,IFP,AZ,AWP,WE,Federal Contract Tower,4,0,0,0,4,0,7,45,0,52,4,7,45,0,56,34,0,34,90
01/01/2007,IFP,AZ,AWP,WE,Federal Contract Tower,7,0,2,0,9,0,2,105,0,107,7,2,107,0,116,8,0,8,124
01/02/2007,IFP,AZ,AWP,WE,Federal Contract Tower,1,1,0,0,2,0,11,23,0,34,1,12,23,0,36,0,0,0,36
01/03/2007,IFP,AZ,AWP,WE,Federal Contract Tower,0,0,3,0,3,0,9,20,0,29,0,9,23,0,32,4,0,4,36
01/04/2007,IFP,AZ,AWP,WE,Federal Contract Tower,6,0,2,1,9,0,8,44,3,55,6,8,46,4,64,24,0,24,88
01/05/2007,IFP,AZ,AWP,WE,Federal Contract Tower,8,0,4,0,12,0,6,2,0,8,8,6,6,0,20,0,0,0,20
01/06/2007,IFP,AZ,AWP,WE,Federal Contract Tower,1,0,2,0,3,0,10,36,0,46,1,10,38,0,49,40,0,40,89
01/07/2007,IFP,AZ,AWP,WE,Federal Contract Tower,7,0,3,0,10,0,0,38,0,38,7,0,41,0,48,4,0,4,52
01/08/2007,IFP,AZ,AWP,WE,Federal Contract Tower,8,0,0,2,10,0,9,20,0,29,8,9,20,2,39,0,0,0,39
01/09/2007,IFP,AZ,AWP,WE,Federal Contract Tower,1,0,1,0,2,0,7,40,2,49,1,7,41,2,51,2,0,2,53
01/10/2007,IFP,AZ,AWP,WE,Federal Contract Tower,0,0,2,0,2,0,9,27,0,36,0,9,29,0,38,0,0,0,38
01/11/2007,IFP,AZ,AWP,WE,Federal Contract Tower,8,0,2,0,10,0,10,18,2,30,8,10,20,2,40,2,0,2,42
01/12/2007,IFP,AZ,AWP,WE,Federal Contract Tower,8,0,3,0,11,0,12,17,0,29,8,12,20,0,40,2,0,2,42
01/13/2007,IFP,AZ,AWP,WE,Federal Contract Tower,1,0,2,0,3,0,14,21,0,35,1,14,23,0,38,8,0,8,46
01/14/2007,IFP,AZ,AWP,WE,Federal Contract Tower,9,0,0,0,9,0,0,49,0,49,9,0,49,0,58,20,0,20,78
01/15/2007,IFP,AZ,AWP,WE,Federal Contract Tower,9,0,0,0,9,0,11,31,0,42,9,11,31,0,51,12,0,12,63
01/16/2007,IFP,AZ,AWP,WE,Federal Contract Tower,0,0,0,0,0,0,12,16,2,30,0,12,16,2,30,0,4,4,34
01/17/2007,IFP,AZ,AWP,WE,Federal Contract Tower,2,0,1,0,3,0,15,39,0,54,2,15,40,0,57,18,0,18,75
01/18/2007,IFP,AZ,AWP,WE,Federal Contract Tower,6,0,2,0,8,0,8,43,0,51,6,8,45,0,59,18,0,18,77
01/19/2007,IFP,AZ,AWP,WE,Federal Contract Tower,7,0,7,0,14,0,8,43,2,53,7,8,50,2,67,0,8,8,75
01/20/2007,IFP,AZ,AWP,WE,Federal Contract Tower,1,0,4,0,5,0,2,124,0,126,1,2,128,0,131,2,0,2,133
01/21/2007,IFP,AZ,AWP,WE,Federal Contract Tower,5,2,1,0,8,0,8,101,0,109,5,10,102,0,117,2,0,2,119
01/22/2007,IFP,AZ,AWP,WE,Federal Contract Tower,10,1,5,0,16,0,7,38,0,45,10,8,43,0,61,0,0,0,61
01/23/2007,IFP,AZ,AWP,WE,Federal Contract Tower,2,0,5,0,7,0,10,36,0,46,2,10,41,0,53,0,0,0,53
01/24/2007,IFP,AZ,AWP,WE,Federal Contract Tower,1,1,2,0,4,0,8,35,0,43,1,9,37,0,47,4,0,4,51
01/25/2007,IFP,AZ,AWP,WE,Federal Contract Tower,6,0,10,0,16,0,14,40,0,54,6,14,50,0,70,10,0,10,80
01/26/2007,IFP,AZ,AWP,WE,Federal Contract Tower,7,0,4,0,11,1,8,64,0,73,8,8,68,0,84,20,0,20,104
01/27/2007,IFP,AZ,AWP,WE,Federal Contract Tower,3,0,1,0,4,0,4,61,0,65,3,4,62,0,69,22,0,22,91
01/28/2007,IFP,AZ,AWP,WE,Federal Contract Tower,6,0,2,0,8,0,0,58,0,58,6,0,60,0,66,28,0,28,94
01/29/2007,IFP,AZ,AWP,WE,Federal Contract Tower,7,0,1,0,8,0,6,41,2,49,7,6,42,2,57,16,0,16,73
01/30/2007,IFP,AZ,AWP,WE,Federal Contract Tower,2,0,2,0,4,0,9,19,0,28,2,9,21,0,32,0,0,0,32
01/31/2007,IFP,AZ,AWP,WE,Federal Contract Tower,1,0,1,0,2,0,17,21,3,41,1,17,22,3,43,0,0,0,43
02/01/2007,IFP,AZ,AWP,WE,Federal Contract Tower,5,0,1,0,6,0,12,24,0,36,5,12,25,0,42,2,0,2,44
02/02/2007,IFP,AZ,AWP,WE,Federal Contract Tower,8,0,1,0,9,0,14,52,1,67,8,14,53,1,76,0,0,0,76
02/03/2007,IFP,AZ,AWP,WE,Federal Contract Tower,2,0,3,0,5,0,11,44,0,55,2,11,47,0,60,32,0,32,92
02/04/2007,IFP,AZ,AWP,WE,Federal Contract Tower,4,0,4,0,8,0,10,59,0,69,4,10,63,0,77,48,0,48,125
02/05/2007,IFP,AZ,AWP,WE,Federal Contract Tower,8,0,4,0,12,1,7,37,0,45,9,7,41,0,57,0,0,0,57
02/06/2007,IFP,AZ,AWP,WE,Federal Contract Tower,1,2,2,0,5,0,8,45,0,53,1,10,47,0,58,12,0,12,70
02/07/2007,IFP,AZ,AWP,WE,Federal Contract Tower,2,0,2,0,4,0,9,46,0,55,2,9,48,0,59,0,0,0,59
02/08/2007,IFP,AZ,AWP,WE,Federal Contract Tower,5,0,0,0,5,0,14,36,0,50,5,14,36,0,55,0,0,0,55
02/09/2007,IFP,AZ,AWP,WE,Federal Contract Tower,7,1,3,0,11,1,5,65,0,71,8,6,68,0,82,0,0,0,82
02/10/2007,IFP,AZ,AWP,WE,Federal Contract Tower,1,0,3,0,4,0,9,67,0,76,1,9,70,0,80,32,0,32,112
02/11/2007,IFP,AZ,AWP,WE,Federal Contract Tower,6,0,3,0,9,0,8,53,0,61,6,8,56,0,70,34,0,34,104
02/12/2007,IFP,AZ,AWP,WE,Federal Contract Tower,9,2,2,0,13,0,13,36,0,49,9,15,38,0,62,0,0,0,62
02/13/2007,IFP,AZ,AWP,WE,Federal Contract Tower,0,1,2,0,3,0,11,19,0,30,0,12,21,0,33,4,0,4,37
02/14/2007,IFP,AZ,AWP,WE,Federal Contract Tower,1,1,3,0,5,0,5,34,0,39,1,6,37,0,44,28,0,28,72
02/15/2007,IFP,AZ,AWP,WE,Federal Contract Tower,6,0,2,0,8,0,8,44,0,52,6,8,46,0,60,10,0,10,70
02/16/2007,IFP,AZ,AWP,WE,Federal Contract Tower,8,0,7,0,15,0,12,48,0,60,8,12,55,0,75,0,0,0,75
02/17/2007,IFP,AZ,AWP,WE,Federal Contract Tower,2,0,1,0,3,0,0,61,0,61,2,0,62,0,64,42,0,42,106
02/18/2007,IFP,AZ,AWP,WE,Federal Contract Tower,6,0,1,0,7,0,3,61,0,64,6,3,62,0,71,68,0,68,139
02/19/2007,IFP,AZ,AWP,WE,Federal Contract Tower,8,0,5,0,13,0,8,16,0,24,8,8,21,0,37,2,0,2,39
02/20/2007,IFP,AZ,AWP,WE,Federal Contract Tower,1,0,0,0,1,0,15,42,0,57,1,15,42,0,58,68,0,68,126
02/21/2007,IFP,AZ,AWP,WE,Federal Contract Tower,1,0,2,0,3,0,15,55,0,70,1,15,57,0,73,28,0,28,101
02/22/2007,IFP,AZ,AWP,WE,Federal Contract Tower,6,0,6,0,12,0,8,31,0,39,6,8,37,0,51,8,0,8,59
02/23/2007,IFP,AZ,AWP,WE,Federal Contract Tower,8,0,1,0,9,0,17,23,0,40,8,17,24,0,49,6,0,6,55
02/24/2007,IFP,AZ,AWP,WE,Federal Contract Tower,1,0,4,0,5,0,8,56,0,64,1,8,60,0,69,8,0,8,77
02/25/2007,IFP,AZ,AWP,WE,Federal Contract Tower,6,0,4,0,10,0,0,53,0,53,6,0,57,0,63,4,0,4,67
02/26/2007,IFP,AZ,AWP,WE,Federal Contract Tower,8,1,2,0,11,0,7,34,0,41,8,8,36,0,52,12,0,12,64
02/27/2007,IFP,AZ,AWP,WE,Federal Contract Tower,0,0,1,0,1,0,7,17,4,28,0,7,18,4,29,0,0,0,29
02/28/2007,IFP,AZ,AWP,WE,Federal Contract Tower,2,0,2,0,4,0,11,16,2,29,2,11,18,2,33,2,0,2,35
03/01/2007,IFP,AZ,AWP,WE,Federal Contract Tower,6,4,2,0,12,0,14,52,0,66,6,18,54,0,78,6,0,6,84
03/02/2007,IFP,AZ,AWP,WE,Federal Contract Tower,8,0,2,0,10,0,10,50,0,60,8,10,52,0,70,4,0,4,74
03/03/2007,IFP,AZ,AWP,WE,Federal Contract Tower,2,0,0,0,2,0,0,34,0,34,2,0,34,0,36,0,0,0,36
03/04/2007,IFP,AZ,AWP,WE,Federal Contract Tower,6,0,2,0,8,0,0,48,0,48,6,0,50,0,56,30,0,30,86
03/05/2007,IFP,AZ,AWP,WE,Federal Contract Tower,6,0,3,0,9,1,10,34,0,45,7,10,37,0,54,0,0,0,54
03/06/2007,IFP,AZ,AWP,WE,Federal Contract Tower,0,0,1,0,1,1,8,51,1,61,1,8,52,1,62,4,0,4,66
03/07/2007,IFP,AZ,AWP,WE,Federal Contract Tower,2,1,3,0,6,0,6,36,0,42,2,7,39,0,48,8,0,8,56
03/08/2007,IFP,AZ,AWP,WE,Federal Contract Tower,7,3,5,0,15,0,9,43,2,54,7,12,48,2,69,28,0,28,97
03/09/2007,IFP,AZ,AWP,WE,Federal Contract Tower,7,1,1,0,9,0,5,45,1,51,7,6,46,1,60,4,0,4,64
03/10/2007,IFP,AZ,AWP,WE,Federal Contract Tower,1,0,4,0,5,0,10,57,1,68,1,10,61,1,73,42,0,42,115
03/11/2007,IFP,AZ,AWP,WE,Federal Contract Tower,6,2,2,0,10,1,2,54,0,57,7,4,56,0,67,2,0,2,69
03/12/2007,IFP,AZ,AWP,WE,Federal Contract Tower,9,0,2,0,11,0,10,24,3,37,9,10,26,3,48,12,0,12,60
03/13/2007,IFP,AZ,AWP,WE,Federal Contract Tower,0,0,0,0,0,0,10,31,0,41,0,10,31,0,41,10,0,10,51
03/14/2007,IFP,AZ,AWP,WE,Federal Contract Tower,2,0,2,0,4,0,6,32,0,38,2,6,34,0,42,0,0,0,42
03/15/2007,IFP,AZ,AWP,WE,Federal Contract Tower,7,2,4,0,13,0,12,50,0,62,7,14,54,0,75,4,0,4,79
03/16/2007,IFP,AZ,AWP,WE,Federal Contract Tower,8,0,7,0,15,0,14,60,0,74,8,14,67,0,89,8,0,8,97
03/17/2007,IFP,AZ,AWP,WE,Federal Contract Tower,1,0,2,0,3,0,10,52,0,62,1,10,54,0,65,62,0,62,127
03/18/2007,IFP,AZ,AWP,WE,Federal Contract Tower,6,0,0,0,6,0,15,63,0,78,6,15,63,0,84,52,0,52,136
03/19/2007,IFP,AZ,AWP,WE,Federal Contract Tower,7,1,1,1,10,0,16,28,1,45,7,17,29,2,55,4,0,4,59
03/20/2007,IFP,AZ,AWP,WE,Federal Contract Tower,1,1,4,0,6,0,13,31,0,44,1,14,35,0,50,0,0,0,50
03/21/2007,IFP,AZ,AWP,WE,Federal Contract Tower,1,1,2,0,4,0,8,52,2,62,1,9,54,2,66,10,0,10,76
03/22/2007,IFP,AZ,AWP,WE,Federal Contract Tower,5,0,2,0,7,0,8,30,2,40,5,8,32,2,47,0,0,0,47
03/23/2007,IFP,AZ,AWP,WE,Federal Contract Tower,7,0,8,0,15,2,18,64,0,84,9,18,72,0,99,28,0,28,127
03/24/2007,IFP,AZ,AWP,WE,Federal Contract Tower,1,0,5,0,6,0,5,45,0,50,1,5,50,0,56,24,0,24,80
03/25/2007,IFP,AZ,AWP,WE,Federal Contract Tower,6,0,4,0,10,0,10,63,0,73,6,10,67,0,83,4,0,4,87
03/26/2007,IFP,AZ,AWP,WE,Federal Contract Tower,8,0,3,0,11,0,13,47,0,60,8,13,50,0,71,6,0,6,77
03/27/2007,IFP,AZ,AWP,WE,Federal Contract Tower,1,4,2,0,7,0,6,14,0,20,1,10,16,0,27,0,0,0,27
03/28/2007,IFP,AZ,AWP,WE,Federal Contract Tower,1,0,2,0,3,0,9,44,0,53,1,9,46,0,56,36,0,36,92
03/29/2007,IFP,AZ,AWP,WE,Federal Contract Tower,4,0,3,0,7,0,7,37,0,44,4,7,40,0,51,10,0,10,61
03/30/2007,IFP,AZ,AWP,WE,Federal Contract Tower,7,0,0,0,7,1,5,65,0,71,8,5,65,0,78,0,0,0,78
03/31/2007,IFP,AZ,AWP,WE,Federal Contract Tower,2,0,2,0,4,0,10,92,0,102,2,10,94,0,106,76,0,76,182
04/01/2007,IFP,AZ,AWP,WE,Federal Contract Tower,7,2,5,0,14,0,1,81,0,82,7,3,86,0,96,6,0,6,102
04/02/2007,IFP,AZ,AWP,WE,Federal Contract Tower,9,0,4,0,13,0,9,52,2,63,9,9,56,2,76,16,0,16,92
04/03/2007,IFP,AZ,AWP,WE,Federal Contract Tower,1,0,0,0,1,0,2,7,0,9,1,2,7,0,10,0,0,0,10
04/04/2007,IFP,AZ,AWP,WE,Federal Contract Tower,2,2,4,0,8,0,6,34,0,40,2,8,38,0,48,6,0,6,54
04/05/2007,IFP,AZ,AWP,WE,Federal Contract Tower,5,2,1,0,8,0,9,41,2,52,5,11,42,2,60,8,0,8,68
04/06/2007,IFP,AZ,AWP,WE,Federal Contract Tower,8,1,1,0,10,0,13,59,0,72,8,14,60,0,82,8,0,8,90
04/07/2007,IFP,AZ,AWP,WE,Federal Contract Tower,1,0,0,0,1,0,1,44,0,45,1,1,44,0,46,74,0,74,120
04/08/2007,IFP,AZ,AWP,WE,Federal Contract Tower,7,0,0,0,7,0,3,28,1,32,7,3,28,1,39,72,0,72,111
04/09/2007,IFP,AZ,AWP,WE,Federal Contract Tower,9,0,3,0,12,0,11,54,0,65,9,11,57,0,77,16,1,17,94
04/10/2007,IFP,AZ,AWP,WE,Federal Contract Tower,1,0,1,0,2,0,8,43,0,51,1,8,44,0,53,0,0,0,53
04/11/2007,IFP,AZ,AWP,WE,Federal Contract Tower,0,0,5,0,5,0,7,34,0,41,0,7,39,0,46,0,0,0,46
04/12/2007,IFP,AZ,AWP,WE,Federal Contract Tower,3,1,4,0,8,2,11,14,0,27,5,12,18,0,35,26,0,26,61
04/13/2007,IFP,AZ,AWP,WE,Federal Contract Tower,9,0,3,0,12,0,7,57,2,66,9,7,60,2,78,0,0,0,78
04/14/2007,IFP,AZ,AWP,WE,Federal Contract Tower,2,0,1,0,3,0,4,51,2,57,2,4,52,2,60,86,0,86,146
04/15/2007,IFP,AZ,AWP,WE,Federal Contract Tower,7,2,3,0,12,0,9,48,0,57,7,11,51,0,69,70,0,70,139
04/16/2007,IFP,AZ,AWP,WE,Federal Contract Tower,8,0,1,0,9,2,9,43,4,58,10,9,44,4,67,0,0,0,67
04/17/2007,IFP,AZ,AWP,WE,Federal Contract Tower,1,0,2,0,3,0,10,34,0,44,1,10,36,0,47,40,0,40,87
04/18/2007,IFP,AZ,AWP,WE,Federal Contract Tower,2,0,5,0,7,0,11,34,0,45,2,11,39,0,52,8,0,8,60
04/19/2007,IFP,AZ,AWP,WE,Federal Contract Tower,9,0,2,0,11,0,8,45,0,53,9,8,47,0,64,36,0,36,100
04/20/2007,IFP,AZ,AWP,WE,Federal Contract Tower,9,0,3,0,12,0,8,29,0,37,9,8,32,0,49,6,0,6,55
04/21/2007,IFP,AZ,AWP,WE,Federal Contract Tower,1,0,3,0,4,1,3,40,0,44,2,3,43,0,48,90,0,90,138
04/22/2007,IFP,AZ,AWP,WE,Federal Contract Tower,10,0,2,0,12,0,2,24,4,30,10,2,26,4,42,50,0,50,92
04/23/2007,IFP,AZ,AWP,WE,Federal Contract Tower,8,0,4,0,12,0,8,19,2,29,8,8,23,2,41,0,0,0,41
04/24/2007,IFP,AZ,AWP,WE,Federal Contract Tower,0,0,3,0,3,0,9,49,0,58,0,9,52,0,61,12,0,12,73
04/25/2007,IFP,AZ,AWP,WE,Federal Contract Tower,6,2,4,0,12,0,6,50,2,58,6,8,54,2,70,8,0,8,78
04/26/2007,IFP,AZ,AWP,WE,Federal Contract Tower,5,0,4,2,11,0,11,61,2,74,5,11,65,4,85,20,0,20,105
04/27/2007,IFP,AZ,AWP,WE,Federal Contract Tower,0,0,5,0,5,0,21,101,0,122,0,21,106,0,127,68,0,68,195
04/28/2007,IFP,AZ,AWP,WE,Federal Contract Tower,0,0,2,0,2,0,6,126,0,132,0,6,128,0,134,106,0,106,240
04/29/2007,IFP,AZ,AWP,WE,Federal Contract Tower,2,0,3,0,5,1,10,66,0,77,3,10,69,0,82,36,0,36,118
04/30/2007,IFP,AZ,AWP,WE,Federal Contract Tower,0,0,1,0,1,0,12,33,0,45,0,12,34,0,46,22,0,22,68
05/01/2007,IFP,AZ,AWP,WE,Federal Contract Tower,2,1,0,0,3,0,11,30,2,43,2,12,30,2,46,10,0,10,56
05/02/2007,IFP,AZ,AWP,WE,Federal Contract Tower,2,1,6,0,9,0,8,35,0,43,2,9,41,0,52,8,0,8,60
05/03/2007,IFP,AZ,AWP,WE,Federal Contract Tower,7,2,0,0,9,0,5,25,2,32,7,7,25,2,41,8,4,12,53
05/04/2007,IFP,AZ,AWP,WE,Federal Contract Tower,4,0,5,0,9,0,9,25,0,34,4,9,30,0,43,4,0,4,47
05/05/2007,IFP,AZ,AWP,WE,Federal Contract Tower,3,2,5,0,10,0,7,21,0,28,3,9,26,0,38,38,0,38,76
05/06/2007,IFP,AZ,AWP,WE,Federal Contract Tower,6,0,5,0,11,1,0,37,0,38,7,0,42,0,49,28,0,28,77
05/07/2007,IFP,AZ,AWP,WE,Federal Contract Tower,5,0,1,0,6,0,14,31,2,47,5,14,32,2,53,0,0,0,53
05/08/2007,IFP,AZ,AWP,WE,Federal Contract Tower,0,0,3,0,3,0,5,34,2,41,0,5,37,2,44,6,0,6,50
05/09/2007,IFP,AZ,AWP,WE,Federal Contract Tower,2,0,2,0,4,0,8,24,1,33,2,8,26,1,37,2,0,2,39
05/10/2007,IFP,AZ,AWP,WE,Federal Contract Tower,7,0,6,0,13,0,7,36,2,45,7,7,42,2,58,6,0,6,64
05/11/2007,IFP,AZ,AWP,WE,Federal Contract Tower,6,1,5,0,12,0,13,40,0,53,6,14,45,0,65,0,0,0,65
05/12/2007,IFP,AZ,AWP,WE,Federal Contract Tower,1,0,1,0,2,0,0,55,0,55,1,0,56,0,57,52,0,52,109
05/13/2007,IFP,AZ,AWP,WE,Federal Contract Tower,9,0,0,0,9,0,3,59,0,62,9,3,59,0,71,38,0,38,109
05/14/2007,IFP,AZ,AWP,WE,Federal Contract Tower,3,0,1,0,4,0,13,49,2,64,3,13,50,2,68,7,0,7,75
05/15/2007,IFP,AZ,AWP,WE,Federal Contract Tower,1,0,1,0,2,1,8,20,0,29,2,8,21,0,31,18,0,18,49
05/16/2007,IFP,AZ,AWP,WE,Federal Contract Tower,1,0,4,0,5,0,8,45,0,53,1,8,49,0,58,50,0,50,108
05/17/2007,IFP,AZ,AWP,WE,Federal Contract Tower,7,0,1,0,8,0,4,41,1,46,7,4,42,1,54,58,0,58,112
05/18/2007,IFP,AZ,AWP,WE,Federal Contract Tower,3,2,4,0,9,0,8,44,0,52,3,10,48,0,61,40,0,40,101
05/19/2007,IFP,AZ,AWP,WE,Federal Contract Tower,2,0,2,0,4,0,6,46,11,63,2,6,48,11,67,48,0,48,115
05/20/2007,IFP,AZ,AWP,WE,Federal Contract Tower,7,0,0,1,8,0,0,35,4,39,7,0,35,5,47,20,0,20,67
05/21/2007,IFP,AZ,AWP,WE,Federal Contract Tower,3,0,5,1,9,0,8,23,3,34,3,8,28,4,43,6,6,12,55
05/22/2007,IFP,AZ,AWP,WE,Federal Contract Tower,1,0,5,0,6,0,14,49,2,65,1,14,54,2,71,0,0,0,71
05/23/2007,IFP,AZ,AWP,WE,Federal Contract Tower,1,3,2,0,6,0,8,34,0,42,1,11,36,0,48,0,0,0,48
05/24/2007,IFP,AZ,AWP,WE,Federal Contract Tower,2,0,5,2,9,0,9,43,0,52,2,9,48,2,61,6,0,6,67
05/25/2007,IFP,AZ,AWP,WE,Federal Contract Tower,0,0,2,0,2,0,8,58,0,66,0,8,60,0,68,26,0,26,94
05/26/2007,IFP,AZ,AWP,WE,Federal Contract Tower,2,0,1,0,3,0,5,59,0,64,2,5,60,0,67,8,0,8,75
05/27/2007,IFP,AZ,AWP,WE,Federal Contract Tower,5,0,2,0,7,1,10,39,1,51,6,10,41,1,58,10,0,10,68
05/28/2007,IFP,AZ,AWP,WE,Federal Contract Tower,1,1,4,0,6,1,9,57,0,67,2,10,61,0,73,6,0,6,79
05/29/2007,IFP,AZ,AWP,WE,Federal Contract Tower,1,0,0,0,1,0,8,24,0,32,1,8,24,0,33,0,0,0,33
05/30/2007,IFP,AZ,AWP,WE,Federal Contract Tower,2,1,7,0,10,0,5,30,0,35,2,6,37,0,45,56,0,56,101
05/31/2007,IFP,AZ,AWP,WE,Federal Contract Tower,4,0,4,0,8,0,6,34,0,40,4,6,38,0,48,28,0,28,76
06/01/2007,IFP,AZ,AWP,WE,Federal Contract Tower,1,0,4,0,5,0,15,34,0,49,1,15,38,0,54,14,0,14,68
06/02/2007,IFP,AZ,AWP,WE,Federal Contract Tower,0,0,1,0,1,0,5,57,0,62,0,5,58,0,63,38,0,38,101
06/03/2007,IFP,AZ,AWP,WE,Federal Contract Tower,4,1,1,0,6,0,4,45,0,49,4,5,46,0,55,34,0,34,89
06/04/2007,IFP,AZ,AWP,WE,Federal Contract Tower,2,0,3,0,5,0,9,36,2,47,2,9,39,2,52,4,0,4,56
06/05/2007,IFP,AZ,AWP,WE,Federal Contract Tower,2,0,0,0,2,0,15,20,0,35,2,15,20,0,37,4,0,4,41
06/06/2007,IFP,AZ,AWP,WE,Federal Contract Tower,0,0,4,0,4,0,27,24,0,51,0,27,28,0,55,0,0,0,55
06/07/2007,IFP,AZ,AWP,WE,Federal Contract Tower,4,0,2,0,6,0,7,30,0,37,4,7,32,0,43,14,0,14,57
06/08/2007,IFP,AZ,AWP,WE,Federal Contract Tower,1,1,4,0,6,0,8,54,0,62,1,9,58,0,68,6,0,6,74
06/09/2007,IFP,AZ,AWP,WE,Federal Contract Tower,4,0,2,0,6,0,0,37,0,37,4,0,39,0,43,44,0,44,87
06/10/2007,IFP,AZ,AWP,WE,Federal Contract Tower,5,0,2,0,7,0,2,47,10,59,5,2,49,10,66,30,0,30,96
06/11/2007,IFP,AZ,AWP,WE,Federal Contract Tower,1,0,0,0,1,0,14,41,0,55,1,14,41,0,56,48,0,48,104
06/12/2007,IFP,AZ,AWP,WE,Federal Contract Tower,0,0,0,0,0,0,11,25,0,36,0,11,25,0,36,0,0,0,36
06/13/2007,IFP,AZ,AWP,WE,Federal Contract Tower,2,0,1,0,3,0,10,28,0,38,2,10,29,0,41,44,0,44,85
06/14/2007,IFP,AZ,AWP,WE,Federal Contract Tower,4,3,4,0,11,1,16,38,0,55,5,19,42,0,66,12,0,12,78
06/15/2007,IFP,AZ,AWP,WE,Federal Contract Tower,0,1,2,0,3,0,8,31,2,41,0,9,33,2,44,0,0,0,44
06/16/2007,IFP,AZ,AWP,WE,Federal Contract Tower,2,2,0,0,4,0,3,32,0,35,2,5,32,0,39,0,0,0,39
06/17/2007,IFP,AZ,AWP,WE,Federal Contract Tower,5,0,2,0,7,0,7,21,1,29,5,7,23,1,36,0,0,0,36
06/18/2007,IFP,AZ,AWP,WE,Federal Contract Tower,1,0,0,0,1,0,10,29,0,39,1,10,29,0,40,0,0,0,40
06/19/2007,IFP,AZ,AWP,WE,Federal Contract Tower,0,1,3,0,4,0,10,20,0,30,0,11,23,0,34,0,0,0,34
06/20/2007,IFP,AZ,AWP,WE,Federal Contract Tower,1,0,1,0,2,0,7,30,0,37,1,7,31,0,39,0,0,0,39
06/21/2007,IFP,AZ,AWP,WE,Federal Contract Tower,3,0,2,0,5,0,9,29,0,38,3,9,31,0,43,16,0,16,59
06/22/2007,IFP,AZ,AWP,WE,Federal Contract Tower,1,0,5,0,6,0,10,29,2,41,1,10,34,2,47,0,0,0,47
06/23/2007,IFP,AZ,AWP,WE,Federal Contract Tower,2,0,1,0,3,0,6,35,0,41,2,6,36,0,44,2,0,2,46
06/24/2007,IFP,AZ,AWP,WE,Federal Contract Tower,3,0,0,0,3,0,5,42,0,47,3,5,42,0,50,22,0,22,72
06/25/2007,IFP,AZ,AWP,WE,Federal Contract Tower,0,0,0,0,0,0,5,35,2,42,0,5,35,2,42,6,0,6,48
06/26/2007,IFP,AZ,AWP,WE,Federal Contract Tower,0,0,0,0,0,0,8,28,0,36,0,8,28,0,36,17,0,17,53
06/27/2007,IFP,AZ,AWP,WE,Federal Contract Tower,3,0,3,0,6,0,9,35,0,44,3,9,38,0,50,40,0,40,90
06/28/2007,IFP,AZ,AWP,WE,Federal Contract Tower,4,0,1,0,5,1,9,31,0,41,5,9,32,0,46,2,0,2,48
06/29/2007,IFP,AZ,AWP,WE,Federal Contract Tower,2,0,1,0,3,0,10,44,0,54,2,10,45,0,57,18,0,18,75
06/30/2007,IFP,AZ,AWP,WE,Federal Contract Tower,1,0,0,0,1,0,0,28,0,28,1,0,28,0,29,8,0,8,37
07/01/2007,IFP,AZ,AWP,WE,Federal Contract Tower,5,0,1,0,6,0,6,39,0,45,5,6,40,0,51,0,0,0,51
07/02/2007,IFP,AZ,AWP,WE,Federal Contract Tower,3,0,0,0,3,0,9,28,0,37,3,9,28,0,40,0,0,0,40
07/03/2007,IFP,AZ,AWP,WE,Federal Contract Tower,2,0,1,2,5,0,9,41,2,52,2,9,42,4,57,14,2,16,73
07/04/2007,IFP,AZ,AWP,WE,Federal Contract Tower,0,0,0,0,0,0,9,26,0,35,0,9,26,0,35,0,0,0,35
07/05/2007,IFP,AZ,AWP,WE,Federal Contract Tower,4,2,2,0,8,0,9,34,0,43,4,11,36,0,51,16,0,16,67
07/06/2007,IFP,AZ,AWP,WE,Federal Contract Tower,2,2,2,0,6,0,10,36,0,46,2,12,38,0,52,16,0,16,68
07/07/2007,IFP,AZ,AWP,WE,Federal Contract Tower,3,0,1,0,4,0,1,21,0,22,3,1,22,0,26,2,0,2,28
07/08/2007,IFP,AZ,AWP,WE,Federal Contract Tower,3,0,1,0,4,0,5,23,0,28,3,5,24,0,32,0,0,0,32
07/09/2007,IFP,AZ,AWP,WE,Federal Contract Tower,2,0,0,0,2,0,12,17,0,29,2,12,17,0,31,0,0,0,31
07/10/2007,IFP,AZ,AWP,WE,Federal Contract Tower,2,3,3,0,8,0,7,17,0,24,2,10,20,0,32,20,0,20,52
07/11/2007,IFP,AZ,AWP,WE,Federal Contract Tower,1,1,2,0,4,0,14,27,0,41,1,15,29,0,45,0,0,0,45
07/12/2007,IFP,AZ,AWP,WE,Federal Contract Tower,5,1,1,0,7,0,7,19,0,26,5,8,20,0,33,14,0,14,47
07/13/2007,IFP,AZ,AWP,WE,Federal Contract Tower,2,0,2,0,4,0,10,45,0,55,2,10,47,0,59,12,0,12,71
07/14/2007,IFP,AZ,AWP,WE,Federal Contract Tower,2,0,1,0,3,0,2,35,2,39,2,2,36,2,42,4,0,4,46
07/15/2007,IFP,AZ,AWP,WE,Federal Contract Tower,5,0,2,0,7,0,4,42,0,46,5,4,44,0,53,16,0,16,69
07/16/2007,IFP,AZ,AWP,WE,Federal Contract Tower,3,0,0,1,4,0,10,23,0,33,3,10,23,1,37,10,0,10,47
07/17/2007,IFP,AZ,AWP,WE,Federal Contract Tower,0,0,0,1,1,0,16,21,1,38,0,16,21,2,39,16,0,16,55
07/18/2007,IFP,AZ,AWP,WE,Federal Contract Tower,1,0,1,0,2,0,7,20,1,28,1,7,21,1,30,4,0,4,34
07/19/2007,IFP,AZ,AWP,WE,Federal Contract Tower,4,1,3,0,8,0,11,21,0,32,4,12,24,0,40,26,0,26,66
07/20/2007,IFP,AZ,AWP,WE,Federal Contract Tower,2,1,3,0,6,0,9,31,0,40,2,10,34,0,46,4,0,4,50
07/21/2007,IFP,AZ,AWP,WE,Federal Contract Tower,2,1,3,0,6,0,9,31,0,40,2,10,34,0,46,4,0,4,50
07/22/2007,IFP,AZ,AWP,WE,Federal Contract Tower,4,0,0,0,4,0,4,20,0,24,4,4,20,0,28,0,0,0,28
07/23/2007,IFP,AZ,AWP,WE,Federal Contract Tower,0,0,0,0,0,0,10,9,0,19,0,10,9,0,19,8,0,8,27
07/24/2007,IFP,AZ,AWP,WE,Federal Contract Tower,4,0,8,0,12,0,6,19,0,25,4,6,27,0,37,30,0,30,67
07/25/2007,IFP,AZ,AWP,WE,Federal Contract Tower,3,1,2,0,6,0,6,14,0,20,3,7,16,0,26,2,0,2,28
07/26/2007,IFP,AZ,AWP,WE,Federal Contract Tower,3,1,4,0,8,0,10,32,0,42,3,11,36,0,50,30,0,30,80
07/27/2007,IFP,AZ,AWP,WE,Federal Contract Tower,0,0,2,0,2,0,11,28,2,41,0,11,30,2,43,16,0,16,59
07/28/2007,IFP,AZ,AWP,WE,Federal Contract Tower,2,0,1,0,3,0,6,32,0,38,2,6,33,0,41,12,0,12,53
07/29/2007,IFP,AZ,AWP,WE,Federal Contract Tower,5,0,2,0,7,0,0,27,0,27,5,0,29,0,34,0,0,0,34
07/30/2007,IFP,AZ,AWP,WE,Federal Contract Tower,3,0,1,0,4,0,9,20,0,29,3,9,21,0,33,6,0,6,39
07/31/2007,IFP,AZ,AWP,WE,Federal Contract Tower,1,1,1,0,3,0,12,31,0,43,1,13,32,0,46,18,0,18,64
08/01/2007,IFP,AZ,AWP,WE,Federal Contract Tower,0,0,1,0,1,0,8,25,0,33,0,8,26,0,34,16,0,16,50
08/02/2007,IFP,AZ,AWP,WE,Federal Contract Tower,5,1,0,0,6,0,11,38,0,49,5,12,38,0,55,38,0,38,93
08/03/2007,IFP,AZ,AWP,WE,Federal Contract Tower,1,1,3,0,5,0,19,28,0,47,1,20,31,0,52,10,0,10,62
08/04/2007,IFP,AZ,AWP,WE,Federal Contract Tower,1,0,3,0,4,0,4,36,2,42,1,4,39,2,46,6,0,6,52
08/05/2007,IFP,AZ,AWP,WE,Federal Contract Tower,4,0,3,0,7,0,9,32,0,41,4,9,35,0,48,16,0,16,64
08/06/2007,IFP,AZ,AWP,WE,Federal Contract Tower,1,0,6,0,7,0,15,8,0,23,1,15,14,0,30,8,0,8,38
08/07/2007,IFP,AZ,AWP,WE,Federal Contract Tower,1,2,0,0,3,0,10,22,0,32,1,12,22,0,35,22,0,22,57
08/08/2007,IFP,AZ,AWP,WE,Federal Contract Tower,1,1,1,0,3,0,7,25,0,32,1,8,26,0,35,10,0,10,45
08/09/2007,IFP,AZ,AWP,WE,Federal Contract Tower,4,1,5,0,10,0,8,33,0,41,4,9,38,0,51,6,0,6,57
08/10/2007,IFP,AZ,AWP,WE,Federal Contract Tower,0,0,2,0,2,1,6,45,5,57,1,6,47,5,59,18,0,18,77
08/11/2007,IFP,AZ,AWP,WE,Federal Contract Tower,2,0,0,0,2,0,6,24,0,30,2,6,24,0,32,12,0,12,44
08/12/2007,IFP,AZ,AWP,WE,Federal Contract Tower,6,0,1,0,7,0,19,44,0,63,6,19,45,0,70,10,0,10,80
08/13/2007,IFP,AZ,AWP,WE,Federal Contract Tower,3,1,2,0,6,0,6,18,0,24,3,7,20,0,30,14,0,14,44
08/14/2007,IFP,AZ,AWP,WE,Federal Contract Tower,2,1,1,0,4,0,12,19,0,31,2,13,20,0,35,2,0,2,37
08/15/2007,IFP,AZ,AWP,WE,Federal Contract Tower,2,0,1,0,3,0,10,41,0,51,2,10,42,0,54,2,0,2,56
08/16/2007,IFP,AZ,AWP,WE,Federal Contract Tower,4,0,1,0,5,0,12,23,0,35,4,12,24,0,40,0,0,0,40
08/17/2007,IFP,AZ,AWP,WE,Federal Contract Tower,4,0,3,0,7,0,17,27,0,44,4,17,30,0,51,0,0,0,51
08/18/2007,IFP,AZ,AWP,WE,Federal Contract Tower,3,0,0,0,3,0,1,36,0,37,3,1,36,0,40,6,0,6,46
08/19/2007,IFP,AZ,AWP,WE,Federal Contract Tower,3,0,1,0,4,0,5,46,0,51,3,5,47,0,55,0,0,0,55
08/20/2007,IFP,AZ,AWP,WE,Federal Contract Tower,4,0,5,0,9,0,6,19,0,25,4,6,24,0,34,0,0,0,34
08/21/2007,IFP,AZ,AWP,WE,Federal Contract Tower,0,0,4,0,4,0,12,25,0,37,0,12,29,0,41,0,0,0,41
08/22/2007,IFP,AZ,AWP,WE,Federal Contract Tower,3,0,1,0,4,0,10,34,0,44,3,10,35,0,48,4,0,4,52
08/23/2007,IFP,AZ,AWP,WE,Federal Contract Tower,4,0,0,0,4,0,12,23,0,35,4,12,23,0,39,0,0,0,39
08/24/2007,IFP,AZ,AWP,WE,Federal Contract Tower,4,0,2,0,6,0,15,29,1,45,4,15,31,1,51,0,0,0,51
08/25/2007,IFP,AZ,AWP,WE,Federal Contract Tower,0,0,0,0,0,0,9,25,1,35,0,9,25,1,35,0,2,2,37
08/26/2007,IFP,AZ,AWP,WE,Federal Contract Tower,4,0,9,0,13,0,13,35,0,48,4,13,44,0,61,34,0,34,95
08/27/2007,IFP,AZ,AWP,WE,Federal Contract Tower,5,0,0,0,5,0,11,22,0,33,5,11,22,0,38,0,0,0,38
08/28/2007,IFP,AZ,AWP,WE,Federal Contract Tower,2,0,0,0,2,0,13,18,2,33,2,13,18,2,35,0,0,0,35
08/29/2007,IFP,AZ,AWP,WE,Federal Contract Tower,0,0,0,0,0,0,7,19,0,26,0,7,19,0,26,0,0,0,26
08/30/2007,IFP,AZ,AWP,WE,Federal Contract Tower,4,0,2,0,6,0,17,24,0,41,4,17,26,0,47,4,0,4,51
08/31/2007,IFP,AZ,AWP,WE,Federal Contract Tower,4,1,2,0,7,0,8,29,0,37,4,9,31,0,44,0,0,0,44
09/01/2007,IFP,AZ,AWP,WE,Federal Contract Tower,2,0,3,0,5,0,8,40,0,48,2,8,43,0,53,10,0,10,63
09/02/2007,IFP,AZ,AWP,WE,Federal Contract Tower,5,0,2,0,7,0,3,24,0,27,5,3,26,0,34,0,0,0,34
09/03/2007,IFP,AZ,AWP,WE,Federal Contract Tower,2,3,1,0,6,0,4,33,2,39,2,7,34,2,45,2,0,2,47
09/04/2007,IFP,AZ,AWP,WE,Federal Contract Tower,1,1,1,0,3,0,5,26,0,31,1,6,27,0,34,0,0,0,34
09/05/2007,IFP,AZ,AWP,WE,Federal Contract Tower,2,1,2,0,5,0,9,20,0,29,2,10,22,0,34,18,0,18,52
09/06/2007,IFP,AZ,AWP,WE,Federal Contract Tower,6,1,1,0,8,0,8,17,0,25,6,9,18,0,33,6,0,6,39
09/07/2007,IFP,AZ,AWP,WE,Federal Contract Tower,4,1,1,0,6,0,9,17,2,28,4,10,18,2,34,16,2,18,52
09/08/2007,IFP,AZ,AWP,WE,Federal Contract Tower,1,0,0,0,1,0,1,17,0,18,1,1,17,0,19,2,0,2,21
09/09/2007,IFP,AZ,AWP,WE,Federal Contract Tower,5,0,0,0,5,0,0,28,0,28,5,0,28,0,33,4,0,4,37
09/10/2007,IFP,AZ,AWP,WE,Federal Contract Tower,5,1,0,0,6,0,6,22,0,28,5,7,22,0,34,0,0,0,34
09/11/2007,IFP,AZ,AWP,WE,Federal Contract Tower,1,1,0,0,2,0,8,34,0,42,1,9,34,0,44,8,0,8,52
09/12/2007,IFP,AZ,AWP,WE,Federal Contract Tower,4,1,5,0,10,0,24,29,0,53,4,25,34,0,63,10,0,10,73
09/13/2007,IFP,AZ,AWP,WE,Federal Contract Tower,7,1,3,0,11,0,9,34,0,43,7,10,37,0,54,16,0,16,70
09/14/2007,IFP,AZ,AWP,WE,Federal Contract Tower,6,0,0,0,6,0,10,26,4,40,6,10,26,4,46,4,0,4,50
09/15/2007,IFP,AZ,AWP,WE,Federal Contract Tower,6,0,0,0,6,0,2,34,0,36,6,2,34,0,42,10,0,10,52
09/16/2007,IFP,AZ,AWP,WE,Federal Contract Tower,7,2,0,0,9,0,1,37,0,38,7,3,37,0,47,0,0,0,47
09/17/2007,IFP,AZ,AWP,WE,Federal Contract Tower,6,1,2,0,9,0,14,25,0,39,6,15,27,0,48,18,0,18,66
09/18/2007,IFP,AZ,AWP,WE,Federal Contract Tower,1,1,2,0,4,0,9,27,0,36,1,10,29,0,40,0,0,0,40
09/19/2007,IFP,AZ,AWP,WE,Federal Contract Tower,6,4,4,0,14,0,10,22,2,34,6,14,26,2,48,0,0,0,48
09/20/2007,IFP,AZ,AWP,WE,Federal Contract Tower,6,3,1,0,10,0,7,21,0,28,6,10,22,0,38,4,0,4,42
09/21/2007,IFP,AZ,AWP,WE,Federal Contract Tower,5,2,4,0,11,0,4,7,0,11,5,6,11,0,22,0,0,0,22
09/22/2007,IFP,AZ,AWP,WE,Federal Contract Tower,4,1,2,0,7,0,2,10,0,12,4,3,12,0,19,2,0,2,21
09/23/2007,IFP,AZ,AWP,WE,Federal Contract Tower,7,0,5,0,12,0,12,38,2,52,7,12,43,2,64,0,0,0,64
09/24/2007,IFP,AZ,AWP,WE,Federal Contract Tower,7,2,3,4,16,0,8,30,0,38,7,10,33,4,54,2,0,2,56
09/25/2007,IFP,AZ,AWP,WE,Federal Contract Tower,1,3,0,0,4,0,4,46,0,50,1,7,46,0,54,0,0,0,54
09/26/2007,IFP,AZ,AWP,WE,Federal Contract Tower,4,2,1,0,7,0,8,42,0,50,4,10,43,0,57,0,0,0,57
09/27/2007,IFP,AZ,AWP,WE,Federal Contract Tower,6,1,4,0,11,0,13,35,0,48,6,14,39,0,59,4,0,4,63
09/28/2007,IFP,AZ,AWP,WE,Federal Contract Tower,6,1,1,0,8,0,18,36,0,54,6,19,37,0,62,0,0,0,62
09/29/2007,IFP,AZ,AWP,WE,Federal Contract Tower,6,0,3,0,9,0,2,43,0,45,6,2,46,0,54,0,0,0,54
09/30/2007,IFP,AZ,AWP,WE,Federal Contract Tower,7,0,2,0,9,0,0,29,0,29,7,0,31,0,38,0,0,0,38
10/01/2007,IFP,AZ,AWP,WE,Federal Contract Tower,8,0,3,0,11,0,14,19,0,33,8,14,22,0,44,4,0,4,48
10/02/2007,IFP,AZ,AWP,WE,Federal Contract Tower,0,4,1,1,6,0,17,46,0,63,0,21,47,1,69,40,2,42,111
10/03/2007,IFP,AZ,AWP,WE,Federal Contract Tower,6,2,1,0,9,0,43,13,0,56,6,45,14,0,65,28,0,28,93
10/04/2007,IFP,AZ,AWP,WE,Federal Contract Tower,9,1,2,0,12,0,14,36,0,50,9,15,38,0,62,40,0,40,102
10/05/2007,IFP,AZ,AWP,WE,Federal Contract Tower,8,0,0,0,8,0,21,41,0,62,8,21,41,0,70,58,8,66,136
10/06/2007,IFP,AZ,AWP,WE,Federal Contract Tower,5,1,1,0,7,0,5,68,0,73,5,6,69,0,80,32,0,32,112
10/07/2007,IFP,AZ,AWP,WE,Federal Contract Tower,9,0,0,0,9,0,3,51,0,54,9,3,51,0,63,10,0,10,73
10/08/2007,IFP,AZ,AWP,WE,Federal Contract Tower,9,0,5,0,14,0,13,35,0,48,9,13,40,0,62,18,0,18,80
10/09/2007,IFP,AZ,AWP,WE,Federal Contract Tower,1,3,3,0,7,0,23,25,0,48,1,26,28,0,55,10,0,10,65
10/10/2007,IFP,AZ,AWP,WE,Federal Contract Tower,4,1,0,0,5,0,12,44,0,56,4,13,44,0,61,60,0,60,121
10/11/2007,IFP,AZ,AWP,WE,Federal Contract Tower,7,3,3,0,13,0,7,53,0,60,7,10,56,0,73,8,0,8,81
10/12/2007,IFP,AZ,AWP,WE,Federal Contract Tower,7,0,0,0,7,0,7,39,0,46,7,7,39,0,53,2,0,2,55
10/13/2007,IFP,AZ,AWP,WE,Federal Contract Tower,8,0,2,0,10,0,10,35,0,45,8,10,37,0,55,16,0,16,71
10/14/2007,IFP,AZ,AWP,WE,Federal Contract Tower,6,0,2,0,8,0,1,49,0,50,6,1,51,0,58,8,0,8,66
10/15/2007,IFP,AZ,AWP,WE,Federal Contract Tower,7,0,4,0,11,0,12,20,0,32,7,12,24,0,43,28,0,28,71
10/16/2007,IFP,AZ,AWP,WE,Federal Contract Tower,0,1,1,0,2,0,11,26,0,37,0,12,27,0,39,6,0,6,45
10/17/2007,IFP,AZ,AWP,WE,Federal Contract Tower,6,1,3,0,10,0,14,31,0,45,6,15,34,0,55,38,0,38,93
10/18/2007,IFP,AZ,AWP,WE,Federal Contract Tower,7,1,5,2,15,0,8,34,2,44,7,9,39,4,59,2,0,2,61
10/19/2007,IFP,AZ,AWP,WE,Federal Contract Tower,7,1,1,1,10,0,5,48,1,54,7,6,49,2,64,14,0,14,78
10/20/2007,IFP,AZ,AWP,WE,Federal Contract Tower,5,0,2,1,8,0,2,26,2,30,5,2,28,3,38,4,0,4,42
10/21/2007,IFP,AZ,AWP,WE,Federal Contract Tower,7,0,0,1,8,0,0,12,1,13,7,0,12,2,21,0,0,0,21
10/22/2007,IFP,AZ,AWP,WE,Federal Contract Tower,7,1,0,0,8,1,8,32,2,43,8,9,32,2,51,2,0,2,53
10/23/2007,IFP,AZ,AWP,WE,Federal Contract Tower,1,1,0,1,3,0,8,20,2,30,1,9,20,3,33,8,10,18,51
10/24/2007,IFP,AZ,AWP,WE,Federal Contract Tower,6,0,1,1,8,0,13,34,5,52,6,13,35,6,60,40,26,66,126
10/25/2007,IFP,AZ,AWP,WE,Federal Contract Tower,6,2,3,0,11,0,10,42,0,52,6,12,45,0,63,4,0,4,67
10/26/2007,IFP,AZ,AWP,WE,Federal Contract Tower,7,1,5,0,13,0,11,59,0,70,7,12,64,0,83,30,0,30,113
10/27/2007,IFP,AZ,AWP,WE,Federal Contract Tower,6,0,2,0,8,0,1,44,0,45,6,1,46,0,53,30,0,30,83
10/28/2007,IFP,AZ,AWP,WE,Federal Contract Tower,7,0,3,0,10,0,3,59,0,62,7,3,62,0,72,24,0,24,96
10/29/2007,IFP,AZ,AWP,WE,Federal Contract Tower,6,1,0,0,7,1,6,40,0,47,7,7,40,0,54,4,0,4,58
10/30/2007,IFP,AZ,AWP,WE,Federal Contract Tower,1,2,0,0,3,0,11,35,0,46,1,13,35,0,49,6,0,6,55
10/31/2007,IFP,AZ,AWP,WE,Federal Contract Tower,7,0,6,0,13,0,15,32,0,47,7,15,38,0,60,6,0,6,66
11/01/2007,IFP,AZ,AWP,WE,Federal Contract Tower,6,3,0,0,9,0,7,29,0,36,6,10,29,0,45,20,0,20,65
11/02/2007,IFP,AZ,AWP,WE,Federal Contract Tower,8,1,4,0,13,0,8,25,0,33,8,9,29,0,46,0,0,0,46
11/03/2007,IFP,AZ,AWP,WE,Federal Contract Tower,5,1,0,0,6,0,5,28,0,33,5,6,28,0,39,2,0,2,41
11/04/2007,IFP,AZ,AWP,WE,Federal Contract Tower,6,0,3,0,9,0,0,48,0,48,6,0,51,0,57,16,0,16,73
11/05/2007,IFP,AZ,AWP,WE,Federal Contract Tower,8,1,1,0,10,0,6,30,0,36,8,7,31,0,46,2,0,2,48
11/06/2007,IFP,AZ,AWP,WE,Federal Contract Tower,0,0,2,0,2,0,3,27,0,30,0,3,29,0,32,4,0,4,36
11/07/2007,IFP,AZ,AWP,WE,Federal Contract Tower,5,1,3,0,9,0,11,39,2,52,5,12,42,2,61,14,0,14,75
11/08/2007,IFP,AZ,AWP,WE,Federal Contract Tower,6,4,4,0,14,0,13,48,0,61,6,17,52,0,75,50,0,50,125
11/09/2007,IFP,AZ,AWP,WE,Federal Contract Tower,8,0,0,0,8,0,18,36,0,54,8,18,36,0,62,40,0,40,102
11/10/2007,IFP,AZ,AWP,WE,Federal Contract Tower,6,0,4,0,10,0,2,44,0,46,6,2,48,0,56,28,0,28,84
11/11/2007,IFP,AZ,AWP,WE,Federal Contract Tower,5,0,0,0,5,0,6,35,0,41,5,6,35,0,46,0,0,0,46
11/12/2007,IFP,AZ,AWP,WE,Federal Contract Tower,7,2,0,0,9,0,7,29,0,36,7,9,29,0,45,0,0,0,45
11/13/2007,IFP,AZ,AWP,WE,Federal Contract Tower,0,0,5,0,5,0,9,30,0,39,0,9,35,0,44,4,0,4,48
11/14/2007,IFP,AZ,AWP,WE,Federal Contract Tower,6,0,5,0,11,0,6,44,0,50,6,6,49,0,61,10,0,10,71
11/15/2007,IFP,AZ,AWP,WE,Federal Contract Tower,6,1,1,0,8,0,7,40,0,47,6,8,41,0,55,20,0,20,75
11/16/2007,IFP,AZ,AWP,WE,Federal Contract Tower,7,0,2,2,11,0,13,69,2,84,7,13,71,4,95,16,28,44,139
11/17/2007,IFP,AZ,AWP,WE,Federal Contract Tower,5,0,3,0,8,0,0,50,2,52,5,0,53,2,60,2,0,2,62
11/18/2007,IFP,AZ,AWP,WE,Federal Contract Tower,6,0,1,0,7,0,4,47,0,51,6,4,48,0,58,6,0,6,64
11/19/2007,IFP,AZ,AWP,WE,Federal Contract Tower,8,0,2,0,10,0,14,31,0,45,8,14,33,0,55,40,0,40,95
11/20/2007,IFP,AZ,AWP,WE,Federal Contract Tower,1,1,2,0,4,0,10,42,0,52,1,11,44,0,56,30,0,30,86
11/21/2007,IFP,AZ,AWP,WE,Federal Contract Tower,5,2,4,0,11,0,23,17,0,40,5,25,21,0,51,0,0,0,51
11/22/2007,IFP,AZ,AWP,WE,Federal Contract Tower,4,0,2,0,6,0,7,21,0,28,4,7,23,0,34,4,0,4,38
11/23/2007,IFP,AZ,AWP,WE,Federal Contract Tower,7,0,0,0,7,0,13,27,0,40,7,13,27,0,47,0,0,0,47
11/24/2007,IFP,AZ,AWP,WE,Federal Contract Tower,6,6,2,0,14,0,13,26,2,41,6,19,28,2,55,0,0,0,55
11/25/2007,IFP,AZ,AWP,WE,Federal Contract Tower,7,0,1,0,8,0,13,54,0,67,7,13,55,0,75,6,0,6,81
11/26/2007,IFP,AZ,AWP,WE,Federal Contract Tower,7,0,0,0,7,0,5,32,0,37,7,5,32,0,44,4,0,4,48
11/27/2007,IFP,AZ,AWP,WE,Federal Contract Tower,1,0,5,0,6,0,20,33,1,54,1,20,38,1,60,2,0,2,62
11/28/2007,IFP,AZ,AWP,WE,Federal Contract Tower,5,0,3,0,8,0,13,14,2,29,5,13,17,2,37,0,6,6,43
11/29/2007,IFP,AZ,AWP,WE,Federal Contract Tower,6,0,2,0,8,0,16,38,0,54,6,16,40,0,62,2,0,2,64
11/30/2007,IFP,AZ,AWP,WE,Federal Contract Tower,7,3,2,0,12,0,11,16,0,27,7,14,18,0,39,0,0,0,39
12/01/2007,IFP,AZ,AWP,WE,Federal Contract Tower,6,0,1,0,7,0,1,15,0,16,6,1,16,0,23,0,0,0,23
12/02/2007,IFP,AZ,AWP,WE,Federal Contract Tower,5,0,2,0,7,0,12,46,0,58,5,12,48,0,65,6,0,6,71
12/03/2007,IFP,AZ,AWP,WE,Federal Contract Tower,7,1,2,0,10,0,13,35,2,50,7,14,37,2,60,8,0,8,68
12/04/2007,IFP,AZ,AWP,WE,Federal Contract Tower,1,0,1,1,3,0,15,35,1,51,1,15,36,2,54,0,0,0,54
12/05/2007,IFP,AZ,AWP,WE,Federal Contract Tower,5,0,2,0,7,0,8,37,0,45,5,8,39,0,52,0,0,0,52
12/06/2007,IFP,AZ,AWP,WE,Federal Contract Tower,7,0,1,0,8,0,13,33,0,46,7,13,34,0,54,8,0,8,62
12/07/2007,IFP,AZ,AWP,WE,Federal Contract Tower,7,8,2,0,17,0,4,4,0,8,7,12,6,0,25,0,0,0,25
12/08/2007,IFP,AZ,AWP,WE,Federal Contract Tower,7,0,2,0,9,0,6,18,1,25,7,6,20,1,34,0,0,0,34
12/09/2007,IFP,AZ,AWP,WE,Federal Contract Tower,0,0,1,0,1,0,2,19,0,21,0,2,20,0,22,2,0,2,24
12/10/2007,IFP,AZ,AWP,WE,Federal Contract Tower,0,1,1,0,2,0,19,15,7,41,0,20,16,7,43,0,0,0,43
12/11/2007,IFP,AZ,AWP,WE,Federal Contract Tower,0,2,1,0,3,0,10,22,0,32,0,12,23,0,35,0,0,0,35
12/12/2007,IFP,AZ,AWP,WE,Federal Contract Tower,0,0,1,0,1,0,13,37,2,52,0,13,38,2,53,4,0,4,57
12/13/2007,IFP,AZ,AWP,WE,Federal Contract Tower,0,0,0,0,0,0,8,24,2,34,0,8,24,2,34,6,0,6,40
12/14/2007,IFP,AZ,AWP,WE,Federal Contract Tower,0,1,2,0,3,0,11,38,0,49,0,12,40,0,52,6,0,6,58
12/15/2007,IFP,AZ,AWP,WE,Federal Contract Tower,0,1,1,0,2,0,3,40,0,43,0,4,41,0,45,6,0,6,51
12/16/2007,IFP,AZ,AWP,WE,Federal Contract Tower,0,0,2,0,2,0,10,29,0,39,0,10,31,0,41,6,0,6,47
12/17/2007,IFP,AZ,AWP,WE,Federal Contract Tower,0,0,0,0,0,0,13,26,0,39,0,13,26,0,39,0,0,0,39
12/18/2007,IFP,AZ,AWP,WE,Federal Contract Tower,0,1,2,0,3,0,12,30,0,42,0,13,32,0,45,4,0,4,49
12/19/2007,IFP,AZ,AWP,WE,Federal Contract Tower,0,2,3,0,5,0,7,24,0,31,0,9,27,0,36,0,0,0,36
12/20/2007,IFP,AZ,AWP,WE,Federal Contract Tower,0,2,2,0,4,0,10,20,0,30,0,12,22,0,34,0,0,0,34
12/21/2007,IFP,AZ,AWP,WE,Federal Contract Tower,0,1,2,0,3,0,21,13,0,34,0,22,15,0,37,0,0,0,37
12/22/2007,IFP,AZ,AWP,WE,Federal Contract Tower,0,0,2,0,2,0,6,39,0,45,0,6,41,0,47,0,0,0,47
12/23/2007,IFP,AZ,AWP,WE,Federal Contract Tower,0,0,0,0,0,0,2,29,0,31,0,2,29,0,31,0,0,0,31
12/24/2007,IFP,AZ,AWP,WE,Federal Contract Tower,0,0,4,0,4,0,6,26,0,32,0,6,30,0,36,4,0,4,40
12/25/2007,IFP,AZ,AWP,WE,Federal Contract Tower,0,0,0,0,0,0,16,0,0,16,0,16,0,0,16,0,0,0,16
12/26/2007,IFP,AZ,AWP,WE,Federal Contract Tower,3,0,3,0,6,0,12,30,0,42,3,12,33,0,48,2,0,2,50
12/27/2007,IFP,AZ,AWP,WE,Federal Contract Tower,5,0,3,2,10,0,13,18,0,31,5,13,21,2,41,0,0,0,41
12/28/2007,IFP,AZ,AWP,WE,Federal Contract Tower,8,2,3,0,13,0,15,52,0,67,8,17,55,0,80,2,0,2,82
12/29/2007,IFP,AZ,AWP,WE,Federal Contract Tower,5,0,4,0,9,0,4,28,0,32,5,4,32,0,41,2,0,2,43
12/30/2007,IFP,AZ,AWP,WE,Federal Contract Tower,6,0,1,0,7,0,5,40,0,45,6,5,41,0,52,8,0,8,60
12/31/2007,IFP,AZ,AWP,WE,Federal Contract Tower,2,0,0,0,2,0,11,20,0,31,2,11,20,0,33,0,0,0,33
01/01/2008,IFP,AZ,AWP,WE,Federal Contract Tower,9,0,0,0,9,0,0,30,0,30,9,0,30,0,39,0,0,0,39
01/02/2008,IFP,AZ,AWP,WE,Federal Contract Tower,5,1,4,0,10,0,11,21,0,32,5,12,25,0,42,0,0,0,42
01/03/2008,IFP,AZ,AWP,WE,Federal Contract Tower,6,1,2,0,9,0,9,21,0,30,6,10,23,0,39,2,0,2,41
01/04/2008,IFP,AZ,AWP,WE,Federal Contract Tower,10,0,3,0,13,0,7,16,0,23,10,7,19,0,36,0,0,0,36
01/05/2008,IFP,AZ,AWP,WE,Federal Contract Tower,2,0,2,0,4,0,3,2,0,5,2,3,4,0,9,0,0,0,9
01/06/2008,IFP,AZ,AWP,WE,Federal Contract Tower,5,0,2,0,7,0,0,3,0,3,5,0,5,0,10,0,0,0,10
01/07/2008,IFP,AZ,AWP,WE,Federal Contract Tower,10,2,2,0,14,0,11,15,0,26,10,13,17,0,40,0,0,0,40
01/08/2008,IFP,AZ,AWP,WE,Federal Contract Tower,0,1,1,2,4,0,11,19,0,30,0,12,20,2,34,0,4,4,38
01/09/2008,IFP,AZ,AWP,WE,Federal Contract Tower,4,0,5,0,9,0,20,44,0,64,4,20,49,0,73,44,0,44,117
01/10/2008,IFP,AZ,AWP,WE,Federal Contract Tower,7,1,3,0,11,0,11,39,1,51,7,12,42,1,62,18,0,18,80
01/11/2008,IFP,AZ,AWP,WE,Federal Contract Tower,9,0,2,0,11,0,22,44,2,68,9,22,46,2,79,12,0,12,91
01/12/2008,IFP,AZ,AWP,WE,Federal Contract Tower,5,0,4,0,9,0,10,63,1,74,5,10,67,1,83,8,0,8,91
01/13/2008,IFP,AZ,AWP,WE,Federal Contract Tower,9,0,5,0,14,0,3,55,0,58,9,3,60,0,72,6,0,6,78
01/14/2008,IFP,AZ,AWP,WE,Federal Contract Tower,10,1,2,0,13,0,17,32,2,51,10,18,34,2,64,12,4,16,80
01/15/2008,IFP,AZ,AWP,WE,Federal Contract Tower,1,2,4,0,7,0,8,32,0,40,1,10,36,0,47,6,0,6,53
01/16/2008,IFP,AZ,AWP,WE,Federal Contract Tower,3,2,1,0,6,0,8,16,0,24,3,10,17,0,30,0,0,0,30
01/17/2008,IFP,AZ,AWP,WE,Federal Contract Tower,6,0,1,0,7,0,12,28,0,40,6,12,29,0,47,6,0,6,53
01/18/2008,IFP,AZ,AWP,WE,Federal Contract Tower,10,0,3,0,13,0,13,34,4,51,10,13,37,4,64,10,20,30,94
01/19/2008,IFP,AZ,AWP,WE,Federal Contract Tower,4,0,2,0,6,0,8,56,0,64,4,8,58,0,70,10,0,10,80
01/20/2008,IFP,AZ,AWP,WE,Federal Contract Tower,6,0,4,0,10,0,14,52,0,66,6,14,56,0,76,8,0,8,84
01/21/2008,IFP,AZ,AWP,WE,Federal Contract Tower,10,0,0,0,10,0,4,27,0,31,10,4,27,0,41,2,0,2,43
01/22/2008,IFP,AZ,AWP,WE,Federal Contract Tower,1,0,4,0,5,0,10,30,0,40,1,10,34,0,45,2,0,2,47
01/23/2008,IFP,AZ,AWP,WE,Federal Contract Tower,3,1,0,0,4,0,8,22,2,32,3,9,22,2,36,2,2,4,40
01/24/2008,IFP,AZ,AWP,WE,Federal Contract Tower,7,3,7,0,17,0,11,20,0,31,7,14,27,0,48,0,0,0,48
01/25/2008,IFP,AZ,AWP,WE,Federal Contract Tower,10,2,2,0,14,0,6,36,0,42,10,8,38,0,56,0,0,0,56
01/26/2008,IFP,AZ,AWP,WE,Federal Contract Tower,1,1,51,0,53,0,0,0,0,0,1,1,51,0,53,18,0,18,71
01/27/2008,IFP,AZ,AWP,WE,Federal Contract Tower,4,0,5,0,9,0,0,30,0,30,4,0,35,0,39,0,0,0,39
01/28/2008,IFP,AZ,AWP,WE,Federal Contract Tower,12,2,3,0,17,0,13,20,0,33,12,15,23,0,50,4,0,4,54
01/29/2008,IFP,AZ,AWP,WE,Federal Contract Tower,1,2,1,1,5,0,6,22,2,30,1,8,23,3,35,8,0,8,43
01/30/2008,IFP,AZ,AWP,WE,Federal Contract Tower,3,0,3,4,10,0,3,34,1,38,3,3,37,5,48,0,0,0,48
01/31/2008,IFP,AZ,AWP,WE,Federal Contract Tower,5,4,4,3,16,0,7,53,3,63,5,11,57,6,79,8,0,8,87
02/01/2008,IFP,AZ,AWP,WE,Federal Contract Tower,9,3,0,0,12,0,8,34,0,42,9,11,34,0,54,10,0,10,64
02/02/2008,IFP,AZ,AWP,WE,Federal Contract Tower,2,0,0,0,2,0,4,0,60,64,2,4,0,60,66,12,0,12,78
02/03/2008,IFP,AZ,AWP,WE,Federal Contract Tower,2,0,0,0,2,0,4,3,0,7,2,4,3,0,9,0,0,0,9
02/04/2008,IFP,AZ,AWP,WE,Federal Contract Tower,9,1,2,0,12,0,8,34,0,42,9,9,36,0,54,6,0,6,60
02/05/2008,IFP,AZ,AWP,WE,Federal Contract Tower,1,1,1,0,3,0,10,36,0,46,1,11,37,0,49,0,0,0,49
02/06/2008,IFP,AZ,AWP,WE,Federal Contract Tower,2,0,3,0,5,0,19,32,0,51,2,19,35,0,56,10,0,10,66
02/07/2008,IFP,AZ,AWP,WE,Federal Contract Tower,6,0,0,0,6,0,11,56,0,67,6,11,56,0,73,30,0,30,103
02/08/2008,IFP,AZ,AWP,WE,Federal Contract Tower,9,0,3,0,12,0,20,56,0,76,9,20,59,0,88,12,0,12,100
02/09/2008,IFP,AZ,AWP,WE,Federal Contract Tower,1,0,1,0,2,0,0,47,0,47,1,0,48,0,49,0,0,0,49
02/10/2008,IFP,AZ,AWP,WE,Federal Contract Tower,5,0,2,0,7,0,1,85,0,86,5,1,87,0,93,0,0,0,93
02/11/2008,IFP,AZ,AWP,WE,Federal Contract Tower,9,1,2,1,13,0,10,36,0,46,9,11,38,1,59,0,0,0,59
02/12/2008,IFP,AZ,AWP,WE,Federal Contract Tower,1,0,3,0,4,0,16,32,0,48,1,16,35,0,52,0,0,0,52
02/13/2008,IFP,AZ,AWP,WE,Federal Contract Tower,1,0,3,1,5,0,11,31,1,43,1,11,34,2,48,0,0,0,48
02/14/2008,IFP,AZ,AWP,WE,Federal Contract Tower,6,1,4,0,11,0,16,11,0,27,6,17,15,0,38,0,0,0,38
02/15/2008,IFP,AZ,AWP,WE,Federal Contract Tower,9,0,3,0,12,0,14,20,0,34,9,14,23,0,46,2,0,2,48
02/16/2008,IFP,AZ,AWP,WE,Federal Contract Tower,3,0,4,0,7,0,8,47,0,55,3,8,51,0,62,0,0,0,62
02/17/2008,IFP,AZ,AWP,WE,Federal Contract Tower,4,0,4,0,8,0,8,46,0,54,4,8,50,0,62,0,0,0,62
02/18/2008,IFP,AZ,AWP,WE,Federal Contract Tower,9,1,4,0,14,0,14,34,0,48,9,15,38,0,62,74,0,74,136
02/19/2008,IFP,AZ,AWP,WE,Federal Contract Tower,1,3,1,0,5,0,20,33,0,53,1,23,34,0,58,12,0,12,70
02/20/2008,IFP,AZ,AWP,WE,Federal Contract Tower,2,9,1,0,12,0,7,22,0,29,2,16,23,0,41,8,0,8,49
02/21/2008,IFP,AZ,AWP,WE,Federal Contract Tower,6,0,3,2,11,0,14,38,1,53,6,14,41,3,64,58,0,58,122
02/22/2008,IFP,AZ,AWP,WE,Federal Contract Tower,9,2,7,0,18,0,14,5,0,19,9,16,12,0,37,0,0,0,37
02/23/2008,IFP,AZ,AWP,WE,Federal Contract Tower,3,1,4,0,8,0,3,40,0,43,3,4,44,0,51,4,0,4,55
02/24/2008,IFP,AZ,AWP,WE,Federal Contract Tower,3,0,0,0,3,1,10,11,0,22,4,10,11,0,25,0,0,0,25
02/25/2008,IFP,AZ,AWP,WE,Federal Contract Tower,10,1,7,0,18,0,11,28,0,39,10,12,35,0,57,24,0,24,81
02/26/2008,IFP,AZ,AWP,WE,Federal Contract Tower,0,0,5,0,5,0,17,40,0,57,0,17,45,0,62,30,0,30,92
02/27/2008,IFP,AZ,AWP,WE,Federal Contract Tower,3,0,3,0,6,0,11,56,2,69,3,11,59,2,75,0,0,0,75
02/28/2008,IFP,AZ,AWP,WE,Federal Contract Tower,6,1,3,1,11,0,18,44,0,62,6,19,47,1,73,12,0,12,85
02/29/2008,IFP,AZ,AWP,WE,Federal Contract Tower,9,0,4,1,14,0,9,45,1,55,9,9,49,2,69,56,0,56,125
03/01/2008,IFP,AZ,AWP,WE,Federal Contract Tower,1,0,1,0,2,0,4,39,0,43,1,4,40,0,45,10,0,10,55
03/02/2008,IFP,AZ,AWP,WE,Federal Contract Tower,6,0,0,0,6,0,0,11,0,11,6,0,11,0,17,0,0,0,17
03/03/2008,IFP,AZ,AWP,WE,Federal Contract Tower,9,0,0,0,9,0,21,20,1,42,9,21,20,1,51,0,0,0,51
03/04/2008,IFP,AZ,AWP,WE,Federal Contract Tower,1,0,1,2,4,0,6,43,0,49,1,6,44,2,53,6,14,20,73
03/05/2008,IFP,AZ,AWP,WE,Federal Contract Tower,4,3,4,1,12,0,14,45,0,59,4,17,49,1,71,6,0,6,77
03/06/2008,IFP,AZ,AWP,WE,Federal Contract Tower,7,0,0,2,9,0,13,33,0,46,7,13,33,2,55,4,0,4,59
03/07/2008,IFP,AZ,AWP,WE,Federal Contract Tower,7,1,2,0,10,0,14,47,0,61,7,15,49,0,71,12,0,12,83
03/08/2008,IFP,AZ,AWP,WE,Federal Contract Tower,1,2,1,0,4,0,11,47,1,59,1,13,48,1,63,22,0,22,85
03/09/2008,IFP,AZ,AWP,WE,Federal Contract Tower,6,0,1,0,7,0,3,32,2,37,6,3,33,2,44,0,0,0,44
03/10/2008,IFP,AZ,AWP,WE,Federal Contract Tower,9,1,2,2,14,0,0,23,0,23,9,1,25,2,37,18,4,22,59
03/11/2008,IFP,AZ,AWP,WE,Federal Contract Tower,1,0,1,0,2,0,15,39,2,56,1,15,40,2,58,12,0,12,70
03/12/2008,IFP,AZ,AWP,WE,Federal Contract Tower,1,0,6,1,8,0,10,39,0,49,1,10,45,1,57,0,0,0,57
03/13/2008,IFP,AZ,AWP,WE,Federal Contract Tower,9,4,1,0,14,0,10,31,0,41,9,14,32,0,55,6,0,6,61
03/14/2008,IFP,AZ,AWP,WE,Federal Contract Tower,8,0,1,0,9,0,9,31,1,41,8,9,32,1,50,24,0,24,74
03/15/2008,IFP,AZ,AWP,WE,Federal Contract Tower,2,0,5,0,7,0,6,24,0,30,2,6,29,0,37,8,0,8,45
03/16/2008,IFP,AZ,AWP,WE,Federal Contract Tower,5,0,5,2,12,0,0,9,0,9,5,0,14,2,21,14,4,18,39
03/17/2008,IFP,AZ,AWP,WE,Federal Contract Tower,8,0,5,0,13,0,13,34,6,53,8,13,39,6,66,2,0,2,68
03/18/2008,IFP,AZ,AWP,WE,Federal Contract Tower,0,0,3,2,5,0,13,26,0,39,0,13,29,2,44,2,0,2,46
03/19/2008,IFP,AZ,AWP,WE,Federal Contract Tower,3,0,8,0,11,0,18,27,1,46,3,18,35,1,57,18,0,18,75
03/20/2008,IFP,AZ,AWP,WE,Federal Contract Tower,10,0,3,0,13,0,17,46,0,63,10,17,49,0,76,18,0,18,94
03/21/2008,IFP,AZ,AWP,WE,Federal Contract Tower,8,0,3,2,13,0,11,57,0,68,8,11,60,2,81,8,0,8,89
03/22/2008,IFP,AZ,AWP,WE,Federal Contract Tower,1,0,4,4,9,0,5,33,1,39,1,5,37,5,48,0,0,0,48
03/23/2008,IFP,AZ,AWP,WE,Federal Contract Tower,8,0,0,1,9,0,0,48,1,49,8,0,48,2,58,16,0,16,74
03/24/2008,IFP,AZ,AWP,WE,Federal Contract Tower,10,0,0,0,10,1,9,39,4,53,11,9,39,4,63,16,0,16,79
03/25/2008,IFP,AZ,AWP,WE,Federal Contract Tower,0,0,0,0,0,0,16,46,4,66,0,16,46,4,66,6,4,10,76
03/26/2008,IFP,AZ,AWP,WE,Federal Contract Tower,1,0,3,0,4,0,19,37,1,57,1,19,40,1,61,0,0,0,61
03/27/2008,IFP,AZ,AWP,WE,Federal Contract Tower,6,0,5,0,11,2,14,36,2,54,8,14,41,2,65,4,0,4,69
03/28/2008,IFP,AZ,AWP,WE,Federal Contract Tower,9,1,4,0,14,0,13,29,7,49,9,14,33,7,63,6,0,6,69
03/29/2008,IFP,AZ,AWP,WE,Federal Contract Tower,1,0,1,0,2,0,0,23,0,23,1,0,24,0,25,0,0,0,25
03/30/2008,IFP,AZ,AWP,WE,Federal Contract Tower,7,0,4,0,11,0,3,26,0,29,7,3,30,0,40,0,0,0,40
03/31/2008,IFP,AZ,AWP,WE,Federal Contract Tower,9,1,2,0,12,0,15,25,0,40,9,16,27,0,52,0,0,0,52
04/01/2008,IFP,AZ,AWP,WE,Federal Contract Tower,2,0,0,0,2,0,8,31,0,39,2,8,31,0,41,0,0,0,41
04/02/2008,IFP,AZ,AWP,WE,Federal Contract Tower,3,0,5,0,8,0,8,25,0,33,3,8,30,0,41,0,0,0,41
04/03/2008,IFP,AZ,AWP,WE,Federal Contract Tower,5,1,4,0,10,0,16,25,2,43,5,17,29,2,53,0,0,0,53
04/04/2008,IFP,AZ,AWP,WE,Federal Contract Tower,10,0,2,1,13,0,14,43,1,58,10,14,45,2,71,26,12,38,109
04/05/2008,IFP,AZ,AWP,WE,Federal Contract Tower,1,0,3,1,5,0,8,30,0,38,1,8,33,1,43,0,0,0,43
04/06/2008,IFP,AZ,AWP,WE,Federal Contract Tower,5,0,2,1,8,0,7,47,0,54,5,7,49,1,62,0,0,0,62
04/07/2008,IFP,AZ,AWP,WE,Federal Contract Tower,10,0,2,0,12,0,13,27,0,40,10,13,29,0,52,0,0,0,52
04/08/2008,IFP,AZ,AWP,WE,Federal Contract Tower,0,0,4,0,4,0,6,32,0,38,0,6,36,0,42,2,0,2,44
04/09/2008,IFP,AZ,AWP,WE,Federal Contract Tower,3,0,3,0,6,0,8,23,4,35,3,8,26,4,41,0,0,0,41
04/10/2008,IFP,AZ,AWP,WE,Federal Contract Tower,6,0,0,1,7,0,19,26,2,47,6,19,26,3,54,4,0,4,58
04/11/2008,IFP,AZ,AWP,WE,Federal Contract Tower,9,0,1,0,10,0,13,35,1,49,9,13,36,1,59,2,0,2,61
04/12/2008,IFP,AZ,AWP,WE,Federal Contract Tower,3,0,1,1,5,0,2,36,2,40,3,2,37,3,45,12,0,12,57
04/13/2008,IFP,AZ,AWP,WE,Federal Contract Tower,5,0,2,0,7,1,2,55,5,63,6,2,57,5,70,0,0,0,70
04/14/2008,IFP,AZ,AWP,WE,Federal Contract Tower,10,0,1,1,12,0,15,41,0,56,10,15,42,1,68,12,0,12,80
04/15/2008,IFP,AZ,AWP,WE,Federal Contract Tower,0,2,0,0,2,1,10,29,4,44,1,12,29,4,46,6,6,12,58
04/16/2008,IFP,AZ,AWP,WE,Federal Contract Tower,1,0,2,0,3,0,13,12,0,25,1,13,14,0,28,6,0,6,34
04/17/2008,IFP,AZ,AWP,WE,Federal Contract Tower,7,0,0,0,7,0,12,36,0,48,7,12,36,0,55,6,0,6,61
04/18/2008,IFP,AZ,AWP,WE,Federal Contract Tower,9,0,3,0,12,0,11,37,0,48,9,11,40,0,60,16,0,16,76
04/19/2008,IFP,AZ,AWP,WE,Federal Contract Tower,2,0,1,0,3,0,0,29,3,32,2,0,30,3,35,0,0,0,35
04/20/2008,IFP,AZ,AWP,WE,Federal Contract Tower,8,0,3,0,11,0,5,54,0,59,8,5,57,0,70,8,0,8,78
04/21/2008,IFP,AZ,AWP,WE,Federal Contract Tower,9,0,1,0,10,0,11,28,1,40,9,11,29,1,50,0,0,0,50
04/22/2008,IFP,AZ,AWP,WE,Federal Contract Tower,1,0,5,0,6,0,20,25,0,45,1,20,30,0,51,0,0,0,51
04/23/2008,IFP,AZ,AWP,WE,Federal Contract Tower,3,0,1,0,4,0,14,24,6,44,3,14,25,6,48,6,26,32,80
04/24/2008,IFP,AZ,AWP,WE,Federal Contract Tower,4,3,0,0,7,0,13,40,0,53,4,16,40,0,60,0,0,0,60
04/25/2008,IFP,AZ,AWP,WE,Federal Contract Tower,0,0,4,0,4,0,17,66,0,83,0,17,70,0,87,0,0,0,87
04/26/2008,IFP,AZ,AWP,WE,Federal Contract Tower,0,2,2,0,4,0,18,56,0,74,0,20,58,0,78,0,0,0,78
04/27/2008,IFP,AZ,AWP,WE,Federal Contract Tower,3,4,2,0,9,0,2,67,6,75,3,6,69,6,84,0,0,0,84
04/28/2008,IFP,AZ,AWP,WE,Federal Contract Tower,2,2,1,0,5,0,11,28,0,39,2,13,29,0,44,20,0,20,64
04/29/2008,IFP,AZ,AWP,WE,Federal Contract Tower,2,0,2,0,4,0,5,28,1,34,2,5,30,1,38,0,0,0,38
04/30/2008,IFP,AZ,AWP,WE,Federal Contract Tower,0,0,0,0,0,0,11,13,2,26,0,11,13,2,26,20,0,20,46
05/01/2008,IFP,AZ,AWP,WE,Federal Contract Tower,3,4,3,0,10,0,10,27,0,37,3,14,30,0,47,6,0,6,53
05/02/2008,IFP,AZ,AWP,WE,Federal Contract Tower,4,2,1,0,7,0,5,53,0,58,4,7,54,0,65,0,0,0,65
05/03/2008,IFP,AZ,AWP,WE,Federal Contract Tower,5,1,2,0,8,0,11,47,1,59,5,12,49,1,67,8,0,8,75
05/04/2008,IFP,AZ,AWP,WE,Federal Contract Tower,3,0,2,0,5,0,5,54,0,59,3,5,56,0,64,0,0,0,64
05/05/2008,IFP,AZ,AWP,WE,Federal Contract Tower,5,0,2,0,7,0,19,39,0,58,5,19,41,0,65,24,0,24,89
05/06/2008,IFP,AZ,AWP,WE,Federal Contract Tower,0,0,1,1,2,0,13,25,0,38,0,13,26,1,40,0,0,0,40
05/07/2008,IFP,AZ,AWP,WE,Federal Contract Tower,3,0,3,0,6,0,13,34,0,47,3,13,37,0,53,2,0,2,55
05/08/2008,IFP,AZ,AWP,WE,Federal Contract Tower,3,0,3,0,6,0,16,30,2,48,3,16,33,2,54,18,0,18,72
05/09/2008,IFP,AZ,AWP,WE,Federal Contract Tower,3,1,2,0,6,0,15,52,2,69,3,16,54,2,75,0,0,0,75
05/10/2008,IFP,AZ,AWP,WE,Federal Contract Tower,2,0,1,0,3,0,7,69,0,76,2,7,70,0,79,22,0,22,101
05/11/2008,IFP,AZ,AWP,WE,Federal Contract Tower,3,0,2,0,5,0,4,47,0,51,3,4,49,0,56,0,0,0,56
05/12/2008,IFP,AZ,AWP,WE,Federal Contract Tower,7,0,0,0,7,0,8,26,0,34,7,8,26,0,41,4,0,4,45
05/13/2008,IFP,AZ,AWP,WE,Federal Contract Tower,0,2,1,0,3,0,6,23,0,29,0,8,24,0,32,0,0,0,32
05/14/2008,IFP,AZ,AWP,WE,Federal Contract Tower,1,3,1,0,5,0,15,24,0,39,1,18,25,0,44,0,0,0,44
05/15/2008,IFP,AZ,AWP,WE,Federal Contract Tower,3,0,4,0,7,0,9,24,2,35,3,9,28,2,42,0,0,0,42
05/16/2008,IFP,AZ,AWP,WE,Federal Contract Tower,4,0,0,0,4,0,8,34,2,44,4,8,34,2,48,0,0,0,48
05/17/2008,IFP,AZ,AWP,WE,Federal Contract Tower,2,0,1,0,3,0,7,39,2,48,2,7,40,2,51,8,0,8,59
05/18/2008,IFP,AZ,AWP,WE,Federal Contract Tower,3,2,3,0,8,0,3,29,5,37,3,5,32,5,45,0,0,0,45
05/19/2008,IFP,AZ,AWP,WE,Federal Contract Tower,3,3,2,0,8,0,9,25,6,40,3,12,27,6,48,0,10,10,58
05/20/2008,IFP,AZ,AWP,WE,Federal Contract Tower,2,0,4,0,6,0,8,18,0,26,2,8,22,0,32,8,0,8,40
05/21/2008,IFP,AZ,AWP,WE,Federal Contract Tower,4,0,1,1,6,0,9,9,1,19,4,9,10,2,25,0,6,6,31
05/22/2008,IFP,AZ,AWP,WE,Federal Contract Tower,9,2,1,0,12,0,8,10,6,24,9,10,11,6,36,2,0,2,38
05/23/2008,IFP,AZ,AWP,WE,Federal Contract Tower,3,3,4,0,10,0,7,8,0,15,3,10,12,0,25,0,0,0,25
05/24/2008,IFP,AZ,AWP,WE,Federal Contract Tower,3,0,5,0,8,0,10,13,0,23,3,10,18,0,31,0,0,0,31
05/25/2008,IFP,AZ,AWP,WE,Federal Contract Tower,10,0,6,0,16,1,53,0,0,54,11,53,6,0,70,18,0,18,88
05/26/2008,IFP,AZ,AWP,WE,Federal Contract Tower,4,0,2,0,6,1,8,35,0,44,5,8,37,0,50,0,0,0,50
05/27/2008,IFP,AZ,AWP,WE,Federal Contract Tower,1,1,3,0,5,0,9,29,0,38,1,10,32,0,43,22,0,22,65
05/28/2008,IFP,AZ,AWP,WE,Federal Contract Tower,5,0,3,0,8,2,15,51,3,71,7,15,54,3,79,64,0,64,143
05/29/2008,IFP,AZ,AWP,WE,Federal Contract Tower,8,0,0,0,8,0,14,28,0,42,8,14,28,0,50,28,0,28,78
05/30/2008,IFP,AZ,AWP,WE,Federal Contract Tower,4,3,4,0,11,1,17,50,4,72,5,20,54,4,83,74,0,74,157
05/31/2008,IFP,AZ,AWP,WE,Federal Contract Tower,4,0,5,0,9,1,2,34,0,37,5,2,39,0,46,2,0,2,48
06/01/2008,IFP,AZ,AWP,WE,Federal Contract Tower,7,2,0,0,9,1,3,25,8,37,8,5,25,8,46,0,0,0,46
06/02/2008,IFP,AZ,AWP,WE,Federal Contract Tower,1,0,0,0,1,0,11,31,0,42,1,11,31,0,43,18,0,18,61
06/03/2008,IFP,AZ,AWP,WE,Federal Contract Tower,1,0,1,0,2,0,13,34,0,47,1,13,35,0,49,36,0,36,85
06/04/2008,IFP,AZ,AWP,WE,Federal Contract Tower,7,1,2,0,10,0,7,19,3,29,7,8,21,3,39,0,2,2,41
06/05/2008,IFP,AZ,AWP,WE,Federal Contract Tower,8,0,5,0,13,0,8,30,4,42,8,8,35,4,55,0,0,0,55
06/06/2008,IFP,AZ,AWP,WE,Federal Contract Tower,1,1,2,0,4,1,6,30,1,38,2,7,32,1,42,10,0,10,52
06/07/2008,IFP,AZ,AWP,WE,Federal Contract Tower,2,0,3,0,5,0,9,35,5,49,2,9,38,5,54,4,0,4,58
06/08/2008,IFP,AZ,AWP,WE,Federal Contract Tower,15,0,1,0,16,0,2,38,2,42,15,2,39,2,58,2,0,2,60
06/09/2008,IFP,AZ,AWP,WE,Federal Contract Tower,2,0,4,0,6,0,11,31,1,43,2,11,35,1,49,44,0,44,93
06/10/2008,IFP,AZ,AWP,WE,Federal Contract Tower,1,0,1,0,2,1,12,23,0,36,2,12,24,0,38,4,0,4,42
06/11/2008,IFP,AZ,AWP,WE,Federal Contract Tower,5,3,1,0,9,1,13,16,0,30,6,16,17,0,39,2,0,2,41
06/12/2008,IFP,AZ,AWP,WE,Federal Contract Tower,11,4,0,2,17,0,18,43,0,61,11,22,43,2,78,0,0,0,78
06/13/2008,IFP,AZ,AWP,WE,Federal Contract Tower,4,0,1,0,5,1,18,34,0,53,5,18,35,0,58,4,0,4,62
06/14/2008,IFP,AZ,AWP,WE,Federal Contract Tower,6,0,0,0,6,0,0,34,0,34,6,0,34,0,40,2,0,2,42
06/15/2008,IFP,AZ,AWP,WE,Federal Contract Tower,14,0,0,0,14,1,10,57,0,68,15,10,57,0,82,2,0,2,84
06/16/2008,IFP,AZ,AWP,WE,Federal Contract Tower,0,1,1,0,2,0,11,15,0,26,0,12,16,0,28,14,0,14,42
06/17/2008,IFP,AZ,AWP,WE,Federal Contract Tower,1,0,5,0,6,0,7,35,0,42,1,7,40,0,48,6,0,6,54
06/18/2008,IFP,AZ,AWP,WE,Federal Contract Tower,9,0,1,1,11,1,10,29,0,40,10,10,30,1,51,24,2,26,77
06/19/2008,IFP,AZ,AWP,WE,Federal Contract Tower,10,1,0,2,13,0,13,18,0,31,10,14,18,2,44,0,0,0,44
06/20/2008,IFP,AZ,AWP,WE,Federal Contract Tower,3,0,2,0,5,2,12,27,0,41,5,12,29,0,46,4,0,4,50
06/21/2008,IFP,AZ,AWP,WE,Federal Contract Tower,3,0,0,0,3,0,6,30,0,36,3,6,30,0,39,12,0,12,51
06/22/2008,IFP,AZ,AWP,WE,Federal Contract Tower,14,2,0,0,16,1,8,28,2,39,15,10,28,2,55,4,0,4,59
06/23/2008,IFP,AZ,AWP,WE,Federal Contract Tower,3,0,0,0,3,0,9,14,0,23,3,9,14,0,26,0,0,0,26
06/24/2008,IFP,AZ,AWP,WE,Federal Contract Tower,1,1,5,0,7,1,13,24,0,38,2,14,29,0,45,0,0,0,45
06/25/2008,IFP,AZ,AWP,WE,Federal Contract Tower,5,0,3,0,8,0,20,43,0,63,5,20,46,0,71,78,0,78,149
06/26/2008,IFP,AZ,AWP,WE,Federal Contract Tower,11,0,0,0,11,0,13,20,2,35,11,13,20,2,46,18,0,18,64
06/27/2008,IFP,AZ,AWP,WE,Federal Contract Tower,5,4,3,0,12,0,14,30,0,44,5,18,33,0,56,22,0,22,78
06/28/2008,IFP,AZ,AWP,WE,Federal Contract Tower,5,1,1,0,7,0,7,32,0,39,5,8,33,0,46,0,0,0,46
06/29/2008,IFP,AZ,AWP,WE,Federal Contract Tower,15,0,3,0,18,0,4,28,0,32,15,4,31,0,50,0,0,0,50
06/30/2008,IFP,AZ,AWP,WE,Federal Contract Tower,1,0,5,0,6,0,19,26,0,45,1,19,31,0,51,6,0,6,57
07/01/2008,IFP,AZ,AWP,WE,Federal Contract Tower,2,2,3,0,7,0,15,46,0,61,2,17,49,0,68,4,0,4,72
07/02/2008,IFP,AZ,AWP,WE,Federal Contract Tower,4,2,4,0,10,0,9,32,0,41,4,11,36,0,51,2,0,2,53
07/03/2008,IFP,AZ,AWP,WE,Federal Contract Tower,12,0,1,0,13,13,11,31,0,55,25,11,32,0,68,2,0,2,70
07/04/2008,IFP,AZ,AWP,WE,Federal Contract Tower,2,0,0,0,2,0,7,24,0,31,2,7,24,0,33,0,0,0,33
07/05/2008,IFP,AZ,AWP,WE,Federal Contract Tower,3,0,0,0,3,3,4,20,0,27,6,4,20,0,30,0,0,0,30
07/06/2008,IFP,AZ,AWP,WE,Federal Contract Tower,11,0,4,0,15,1,3,26,1,31,12,3,30,1,46,0,0,0,46
07/07/2008,IFP,AZ,AWP,WE,Federal Contract Tower,5,2,3,0,10,0,9,35,4,48,5,11,38,4,58,0,0,0,58
07/08/2008,IFP,AZ,AWP,WE,Federal Contract Tower,1,1,0,0,2,0,9,24,4,37,1,10,24,4,39,0,0,0,39
07/09/2008,IFP,AZ,AWP,WE,Federal Contract Tower,4,0,0,0,4,0,10,36,0,46,4,10,36,0,50,0,0,0,50
07/10/2008,IFP,AZ,AWP,WE,Federal Contract Tower,1,0,0,0,1,1,10,18,0,29,2,10,18,0,30,2,0,2,32
07/11/2008,IFP,AZ,AWP,WE,Federal Contract Tower,3,3,0,0,6,0,8,33,0,41,3,11,33,0,47,2,0,2,49
07/12/2008,IFP,AZ,AWP,WE,Federal Contract Tower,4,0,0,0,4,0,4,26,0,30,4,4,26,0,34,8,0,8,42
07/13/2008,IFP,AZ,AWP,WE,Federal Contract Tower,8,0,0,0,8,2,1,39,0,42,10,1,39,0,50,0,0,0,50
07/14/2008,IFP,AZ,AWP,WE,Federal Contract Tower,2,1,0,0,3,0,11,20,0,31,2,12,20,0,34,10,0,10,44
07/15/2008,IFP,AZ,AWP,WE,Federal Contract Tower,0,0,1,0,1,0,12,45,0,57,0,12,46,0,58,10,0,10,68
07/16/2008,IFP,AZ,AWP,WE,Federal Contract Tower,5,0,0,0,5,0,16,36,0,52,5,16,36,0,57,36,0,36,93
07/17/2008,IFP,AZ,AWP,WE,Federal Contract Tower,8,0,0,0,8,1,16,21,0,38,9,16,21,0,46,8,0,8,54
07/18/2008,IFP,AZ,AWP,WE,Federal Contract Tower,2,2,2,1,7,0,12,34,1,47,2,14,36,2,54,30,2,32,86
07/19/2008,IFP,AZ,AWP,WE,Federal Contract Tower,3,0,3,0,6,0,7,23,0,30,3,7,26,0,36,0,0,0,36
07/20/2008,IFP,AZ,AWP,WE,Federal Contract Tower,10,0,0,0,10,0,3,15,0,18,10,3,15,0,28,10,0,10,38
07/21/2008,IFP,AZ,AWP,WE,Federal Contract Tower,3,0,0,0,3,0,11,20,2,33,3,11,20,2,36,12,0,12,48
07/22/2008,IFP,AZ,AWP,WE,Federal Contract Tower,3,0,0,0,3,0,13,32,0,45,3,13,32,0,48,26,0,26,74
07/23/2008,IFP,AZ,AWP,WE,Federal Contract Tower,3,1,2,0,6,0,13,29,4,46,3,14,31,4,52,44,0,44,96
07/24/2008,IFP,AZ,AWP,WE,Federal Contract Tower,10,0,2,0,12,0,14,18,0,32,10,14,20,0,44,6,0,6,50
07/25/2008,IFP,AZ,AWP,WE,Federal Contract Tower,1,0,4,0,5,0,10,27,0,37,1,10,31,0,42,2,0,2,44
07/26/2008,IFP,AZ,AWP,WE,Federal Contract Tower,4,2,0,0,6,0,0,19,0,19,4,2,19,0,25,2,0,2,27
07/27/2008,IFP,AZ,AWP,WE,Federal Contract Tower,10,0,0,0,10,0,5,47,6,58,10,5,47,6,68,4,0,4,72
07/28/2008,IFP,AZ,AWP,WE,Federal Contract Tower,2,0,1,1,4,0,9,13,0,22,2,9,14,1,26,2,0,2,28
07/29/2008,IFP,AZ,AWP,WE,Federal Contract Tower,0,0,3,0,3,0,23,34,0,57,0,23,37,0,60,20,0,20,80
07/30/2008,IFP,AZ,AWP,WE,Federal Contract Tower,6,0,2,0,8,1,30,22,1,54,7,30,24,1,62,16,0,16,78
07/31/2008,IFP,AZ,AWP,WE,Federal Contract Tower,8,3,0,0,11,2,11,31,0,44,10,14,31,0,55,4,0,4,59
08/01/2008,IFP,AZ,AWP,WE,Federal Contract Tower,2,1,0,2,5,0,15,37,0,52,2,16,37,2,57,2,0,2,59
08/02/2008,IFP,AZ,AWP,WE,Federal Contract Tower,4,0,6,0,10,0,7,25,0,32,4,7,31,0,42,6,0,6,48
08/03/2008,IFP,AZ,AWP,WE,Federal Contract Tower,10,2,0,0,12,2,9,41,0,52,12,11,41,0,64,0,0,0,64
08/04/2008,IFP,AZ,AWP,WE,Federal Contract Tower,0,0,2,0,2,0,9,29,0,38,0,9,31,0,40,0,0,0,40
08/05/2008,IFP,AZ,AWP,WE,Federal Contract Tower,1,0,2,0,3,0,16,39,0,55,1,16,41,0,58,74,0,74,132
08/06/2008,IFP,AZ,AWP,WE,Federal Contract Tower,4,0,1,1,6,0,12,15,1,28,4,12,16,2,34,2,8,10,44
08/07/2008,IFP,AZ,AWP,WE,Federal Contract Tower,9,0,0,0,9,0,8,17,0,25,9,8,17,0,34,0,0,0,34
08/08/2008,IFP,AZ,AWP,WE,Federal Contract Tower,2,0,3,0,5,0,12,29,0,41,2,12,32,0,46,0,0,0,46
08/09/2008,IFP,AZ,AWP,WE,Federal Contract Tower,6,0,0,0,6,0,1,34,0,35,6,1,34,0,41,6,0,6,47
08/10/2008,IFP,AZ,AWP,WE,Federal Contract Tower,9,0,3,0,12,0,7,50,0,57,9,7,53,0,69,4,0,4,73
08/11/2008,IFP,AZ,AWP,WE,Federal Contract Tower,2,2,5,0,9,0,6,22,0,28,2,8,27,0,37,6,0,6,43
08/12/2008,IFP,AZ,AWP,WE,Federal Contract Tower,2,2,3,1,8,0,14,37,0,51,2,16,40,1,59,16,0,16,75
08/13/2008,IFP,AZ,AWP,WE,Federal Contract Tower,6,0,6,0,12,0,10,27,0,37,6,10,33,0,49,2,0,2,51
08/14/2008,IFP,AZ,AWP,WE,Federal Contract Tower,8,0,1,0,9,1,19,24,2,46,9,19,25,2,55,0,0,0,55
08/15/2008,IFP,AZ,AWP,WE,Federal Contract Tower,3,0,4,0,7,0,11,29,0,40,3,11,33,0,47,0,0,0,47
08/16/2008,IFP,AZ,AWP,WE,Federal Contract Tower,3,0,0,0,3,0,4,35,1,40,3,4,35,1,43,4,0,4,47
08/17/2008,IFP,AZ,AWP,WE,Federal Contract Tower,6,0,0,0,6,0,0,43,0,43,6,0,43,0,49,0,0,0,49
08/18/2008,IFP,AZ,AWP,WE,Federal Contract Tower,4,0,2,0,6,0,8,21,0,29,4,8,23,0,35,0,0,0,35
08/19/2008,IFP,AZ,AWP,WE,Federal Contract Tower,1,0,1,0,2,0,6,25,0,31,1,6,26,0,33,0,0,0,33
08/20/2008,IFP,AZ,AWP,WE,Federal Contract Tower,4,0,1,0,5,0,38,29,0,67,4,38,30,0,72,2,0,2,74
08/21/2008,IFP,AZ,AWP,WE,Federal Contract Tower,7,0,3,0,10,0,13,27,0,40,7,13,30,0,50,0,0,0,50
08/22/2008,IFP,AZ,AWP,WE,Federal Contract Tower,2,2,0,0,4,0,14,21,1,36,2,16,21,1,40,0,0,0,40
08/23/2008,IFP,AZ,AWP,WE,Federal Contract Tower,6,0,0,0,6,1,0,42,0,43,7,0,42,0,49,0,0,0,49
08/24/2008,IFP,AZ,AWP,WE,Federal Contract Tower,4,0,1,0,5,0,7,41,0,48,4,7,42,0,53,0,0,0,53
08/25/2008,IFP,AZ,AWP,WE,Federal Contract Tower,3,0,1,0,4,0,9,18,3,30,3,9,19,3,34,8,0,8,42
08/26/2008,IFP,AZ,AWP,WE,Federal Contract Tower,2,0,1,1,4,0,12,21,0,33,2,12,22,1,37,6,0,6,43
08/27/2008,IFP,AZ,AWP,WE,Federal Contract Tower,7,0,1,0,8,0,6,14,0,20,7,6,15,0,28,0,0,0,28
08/28/2008,IFP,AZ,AWP,WE,Federal Contract Tower,2,0,3,0,5,1,5,38,0,44,3,5,41,0,49,12,0,12,61
08/29/2008,IFP,AZ,AWP,WE,Federal Contract Tower,3,0,3,0,6,0,8,41,0,49,3,8,44,0,55,4,0,4,59
08/30/2008,IFP,AZ,AWP,WE,Federal Contract Tower,3,0,1,0,4,0,0,14,0,14,3,0,15,0,18,4,0,4,22
08/31/2008,IFP,AZ,AWP,WE,Federal Contract Tower,4,0,0,0,4,0,7,15,0,22,4,7,15,0,26,4,0,4,30
09/01/2008,IFP,AZ,AWP,WE,Federal Contract Tower,3,0,0,0,3,0,2,31,0,33,3,2,31,0,36,4,0,4,40
09/02/2008,IFP,AZ,AWP,WE,Federal Contract Tower,0,0,1,0,1,0,8,18,2,28,0,8,19,2,29,14,0,14,43
09/03/2008,IFP,AZ,AWP,WE,Federal Contract Tower,5,0,0,0,5,0,8,36,0,44,5,8,36,0,49,6,0,6,55
09/04/2008,IFP,AZ,AWP,WE,Federal Contract Tower,4,0,0,0,4,0,12,23,2,37,4,12,23,2,41,0,0,0,41
09/05/2008,IFP,AZ,AWP,WE,Federal Contract Tower,4,0,1,0,5,1,10,20,2,33,5,10,21,2,38,6,0,6,44
09/06/2008,IFP,AZ,AWP,WE,Federal Contract Tower,4,0,3,0,7,0,5,40,0,45,4,5,43,0,52,10,0,10,62
09/07/2008,IFP,AZ,AWP,WE,Federal Contract Tower,5,0,1,0,6,0,0,40,0,40,5,0,41,0,46,0,0,0,46
09/08/2008,IFP,AZ,AWP,WE,Federal Contract Tower,6,0,0,0,6,0,14,15,1,30,6,14,15,1,36,2,4,6,42
09/09/2008,IFP,AZ,AWP,WE,Federal Contract Tower,0,0,1,0,1,0,11,14,0,25,0,11,15,0,26,0,0,0,26
09/10/2008,IFP,AZ,AWP,WE,Federal Contract Tower,3,1,2,0,6,0,14,26,0,40,3,15,28,0,46,48,0,48,94
09/11/2008,IFP,AZ,AWP,WE,Federal Contract Tower,4,0,0,0,4,0,18,34,0,52,4,18,34,0,56,48,0,48,104
09/12/2008,IFP,AZ,AWP,WE,Federal Contract Tower,6,0,3,0,9,0,12,43,0,55,6,12,46,0,64,38,0,38,102
09/13/2008,IFP,AZ,AWP,WE,Federal Contract Tower,7,1,0,0,8,0,11,39,0,50,7,12,39,0,58,36,0,36,94
09/14/2008,IFP,AZ,AWP,WE,Federal Contract Tower,5,0,1,0,6,0,0,54,0,54,5,0,55,0,60,4,0,4,64
09/15/2008,IFP,AZ,AWP,WE,Federal Contract Tower,11,0,2,0,13,0,21,49,0,70,11,21,51,0,83,6,0,6,89
09/16/2008,IFP,AZ,AWP,WE,Federal Contract Tower,0,0,1,0,1,0,20,26,0,46,0,20,27,0,47,14,0,14,61
09/17/2008,IFP,AZ,AWP,WE,Federal Contract Tower,5,2,3,0,10,0,10,39,0,49,5,12,42,0,59,16,0,16,75
09/18/2008,IFP,AZ,AWP,WE,Federal Contract Tower,2,0,1,0,3,0,9,37,0,46,2,9,38,0,49,22,0,22,71
09/19/2008,IFP,AZ,AWP,WE,Federal Contract Tower,5,2,1,1,9,0,10,35,1,46,5,12,36,2,55,0,0,0,55
09/20/2008,IFP,AZ,AWP,WE,Federal Contract Tower,6,0,0,0,6,0,8,52,0,60,6,8,52,0,66,2,0,2,68
09/21/2008,IFP,AZ,AWP,WE,Federal Contract Tower,4,2,0,0,6,0,5,56,2,63,4,7,56,2,69,8,0,8,77
09/22/2008,IFP,AZ,AWP,WE,Federal Contract Tower,4,0,2,0,6,0,25,42,0,67,4,25,44,0,73,20,0,20,93
09/23/2008,IFP,AZ,AWP,WE,Federal Contract Tower,1,0,4,0,5,0,11,31,1,43,1,11,35,1,48,24,0,24,72
09/24/2008,IFP,AZ,AWP,WE,Federal Contract Tower,4,0,1,0,5,0,12,29,0,41,4,12,30,0,46,8,0,8,54
09/25/2008,IFP,AZ,AWP,WE,Federal Contract Tower,3,2,2,0,7,0,8,24,0,32,3,10,26,0,39,4,0,4,43
09/26/2008,IFP,AZ,AWP,WE,Federal Contract Tower,5,0,0,0,5,0,14,36,0,50,5,14,36,0,55,0,0,0,55
09/27/2008,IFP,AZ,AWP,WE,Federal Contract Tower,9,0,0,0,9,0,4,51,0,55,9,4,51,0,64,2,0,2,66
09/28/2008,IFP,AZ,AWP,WE,Federal Contract Tower,2,2,2,0,6,1,3,49,0,53,3,5,51,0,59,10,0,10,69
09/29/2008,IFP,AZ,AWP,WE,Federal Contract Tower,4,0,0,0,4,0,7,40,0,47,4,7,40,0,51,12,0,12,63
09/30/2008,IFP,AZ,AWP,WE,Federal Contract Tower,1,0,1,0,2,0,13,35,0,48,1,13,36,0,50,0,0,0,50
10/01/2008,IFP,AZ,AWP,WE,Federal Contract Tower,7,0,2,0,9,0,15,32,0,47,7,15,34,0,56,4,0,4,60
10/02/2008,IFP,AZ,AWP,WE,Federal Contract Tower,6,0,0,0,6,0,15,56,2,73,6,15,56,2,79,10,0,10,89
10/03/2008,IFP,AZ,AWP,WE,Federal Contract Tower,5,0,0,0,5,0,7,43,0,50,5,7,43,0,55,4,0,4,59
10/04/2008,IFP,AZ,AWP,WE,Federal Contract Tower,3,0,0,0,3,0,4,13,2,19,3,4,13,2,22,0,0,0,22
10/05/2008,IFP,AZ,AWP,WE,Federal Contract Tower,7,3,1,0,11,0,0,41,0,41,7,3,42,0,52,0,0,0,52
10/06/2008,IFP,AZ,AWP,WE,Federal Contract Tower,5,0,0,0,5,0,22,44,1,67,5,22,44,1,72,24,0,24,96
10/07/2008,IFP,AZ,AWP,WE,Federal Contract Tower,1,1,3,0,5,0,22,28,2,52,1,23,31,2,57,2,0,2,59
10/08/2008,IFP,AZ,AWP,WE,Federal Contract Tower,2,0,1,0,3,0,9,26,0,35,2,9,27,0,38,18,0,18,56
10/09/2008,IFP,AZ,AWP,WE,Federal Contract Tower,6,0,1,0,7,0,11,37,0,48,6,11,38,0,55,2,0,2,57
10/10/2008,IFP,AZ,AWP,WE,Federal Contract Tower,5,1,0,0,6,0,19,28,0,47,5,20,28,0,53,4,0,4,57
10/11/2008,IFP,AZ,AWP,WE,Federal Contract Tower,5,0,0,0,5,0,2,15,0,17,5,2,15,0,22,0,0,0,22
10/12/2008,IFP,AZ,AWP,WE,Federal Contract Tower,7,0,0,0,7,0,7,39,0,46,7,7,39,0,53,2,0,2,55
10/13/2008,IFP,AZ,AWP,WE,Federal Contract Tower,4,0,2,0,6,0,11,24,0,35,4,11,26,0,41,0,0,0,41
10/14/2008,IFP,AZ,AWP,WE,Federal Contract Tower,1,0,0,0,1,0,12,17,0,29,1,12,17,0,30,18,0,18,48
10/15/2008,IFP,AZ,AWP,WE,Federal Contract Tower,6,0,0,0,6,0,15,49,0,64,6,15,49,0,70,4,0,4,74
10/16/2008,IFP,AZ,AWP,WE,Federal Contract Tower,5,0,0,0,5,0,12,32,0,44,5,12,32,0,49,4,0,4,53
10/17/2008,IFP,AZ,AWP,WE,Federal Contract Tower,5,0,0,0,5,0,16,41,0,57,5,16,41,0,62,6,0,6,68
10/18/2008,IFP,AZ,AWP,WE,Federal Contract Tower,3,0,3,0,6,0,3,50,0,53,3,3,53,0,59,0,0,0,59
10/19/2008,IFP,AZ,AWP,WE,Federal Contract Tower,7,0,2,0,9,0,9,58,0,67,7,9,60,0,76,6,0,6,82
10/20/2008,IFP,AZ,AWP,WE,Federal Contract Tower,6,0,1,0,7,0,0,31,0,31,6,0,32,0,38,0,0,0,38
10/21/2008,IFP,AZ,AWP,WE,Federal Contract Tower,2,0,0,2,4,0,18,32,0,50,2,18,32,2,54,0,8,8,62
10/22/2008,IFP,AZ,AWP,WE,Federal Contract Tower,2,0,0,0,2,0,10,12,0,22,2,10,12,0,24,0,0,0,24
10/23/2008,IFP,AZ,AWP,WE,Federal Contract Tower,6,0,0,0,6,0,16,36,0,52,6,16,36,0,58,4,0,4,62
10/24/2008,IFP,AZ,AWP,WE,Federal Contract Tower,4,0,0,0,4,0,9,42,1,52,4,9,42,1,56,6,0,6,62
10/25/2008,IFP,AZ,AWP,WE,Federal Contract Tower,7,0,1,0,8,0,5,54,1,60,7,5,55,1,68,0,0,0,68
10/26/2008,IFP,AZ,AWP,WE,Federal Contract Tower,6,0,2,0,8,0,10,65,0,75,6,10,67,0,83,0,0,0,83
10/27/2008,IFP,AZ,AWP,WE,Federal Contract Tower,4,0,3,0,7,0,8,41,0,49,4,8,44,0,56,20,0,20,76
10/28/2008,IFP,AZ,AWP,WE,Federal Contract Tower,0,0,3,0,3,0,22,36,0,58,0,22,39,0,61,8,0,8,69
10/29/2008,IFP,AZ,AWP,WE,Federal Contract Tower,5,1,3,1,10,0,12,36,1,49,5,13,39,2,59,4,26,30,89
10/30/2008,IFP,AZ,AWP,WE,Federal Contract Tower,8,2,2,0,12,0,8,18,0,26,8,10,20,0,38,0,0,0,38
10/31/2008,IFP,AZ,AWP,WE,Federal Contract Tower,0,3,3,0,6,0,7,26,0,33,0,10,29,0,39,0,0,0,39
11/01/2008,IFP,AZ,AWP,WE,Federal Contract Tower,5,2,0,0,7,1,4,46,0,51,6,6,46,0,58,0,0,0,58
11/02/2008,IFP,AZ,AWP,WE,Federal Contract Tower,7,0,0,0,7,0,5,43,0,48,7,5,43,0,55,10,0,10,65
11/03/2008,IFP,AZ,AWP,WE,Federal Contract Tower,4,0,5,0,9,0,13,30,0,43,4,13,35,0,52,6,0,6,58
11/04/2008,IFP,AZ,AWP,WE,Federal Contract Tower,0,0,2,0,2,0,14,34,0,48,0,14,36,0,50,12,0,12,62
11/05/2008,IFP,AZ,AWP,WE,Federal Contract Tower,5,1,4,0,10,0,21,29,1,51,5,22,33,1,61,44,0,44,105
11/06/2008,IFP,AZ,AWP,WE,Federal Contract Tower,5,0,4,0,9,0,15,25,0,40,5,15,29,0,49,16,0,16,65
11/07/2008,IFP,AZ,AWP,WE,Federal Contract Tower,4,2,1,0,7,0,15,19,2,36,4,17,20,2,43,24,0,24,67
11/08/2008,IFP,AZ,AWP,WE,Federal Contract Tower,3,0,2,1,6,0,9,40,1,50,3,9,42,2,56,4,0,4,60
11/09/2008,IFP,AZ,AWP,WE,Federal Contract Tower,5,0,0,0,5,0,7,17,0,24,5,7,17,0,29,2,0,2,31
11/10/2008,IFP,AZ,AWP,WE,Federal Contract Tower,4,0,0,0,4,1,13,40,0,54,5,13,40,0,58,0,0,0,58
11/11/2008,IFP,AZ,AWP,WE,Federal Contract Tower,3,0,1,0,4,0,7,37,4,48,3,7,38,4,52,6,0,6,58
11/12/2008,IFP,AZ,AWP,WE,Federal Contract Tower,2,2,2,0,6,1,19,24,2,46,3,21,26,2,52,0,0,0,52
11/13/2008,IFP,AZ,AWP,WE,Federal Contract Tower,6,2,0,0,8,0,7,17,0,24,6,9,17,0,32,8,0,8,40
11/14/2008,IFP,AZ,AWP,WE,Federal Contract Tower,3,0,0,0,3,0,10,20,0,30,3,10,20,0,33,8,0,8,41
11/15/2008,IFP,AZ,AWP,WE,Federal Contract Tower,5,0,1,0,6,0,2,22,0,24,5,2,23,0,30,18,0,18,48
11/16/2008,IFP,AZ,AWP,WE,Federal Contract Tower,6,1,2,0,9,1,16,48,0,65,7,17,50,0,74,2,0,2,76
11/17/2008,IFP,AZ,AWP,WE,Federal Contract Tower,2,2,2,0,6,0,8,24,0,32,2,10,26,0,38,0,0,0,38
11/18/2008,IFP,AZ,AWP,WE,Federal Contract Tower,1,0,1,0,2,0,17,35,0,52,1,17,36,0,54,32,0,32,86
11/19/2008,IFP,AZ,AWP,WE,Federal Contract Tower,5,0,2,1,8,0,10,45,1,56,5,10,47,2,64,10,0,10,74
11/20/2008,IFP,AZ,AWP,WE,Federal Contract Tower,7,1,1,0,9,0,11,46,5,62,7,12,47,5,71,24,0,24,95
11/21/2008,IFP,AZ,AWP,WE,Federal Contract Tower,4,0,0,0,4,0,10,23,2,35,4,10,23,2,39,30,0,30,69
11/22/2008,IFP,AZ,AWP,WE,Federal Contract Tower,4,0,0,0,4,0,5,47,5,57,4,5,47,5,61,16,0,16,77
11/23/2008,IFP,AZ,AWP,WE,Federal Contract Tower,6,2,0,0,8,0,1,49,4,54,6,3,49,4,62,4,0,4,66
11/24/2008,IFP,AZ,AWP,WE,Federal Contract Tower,5,0,1,0,6,0,13,32,0,45,5,13,33,0,51,40,0,40,91
11/25/2008,IFP,AZ,AWP,WE,Federal Contract Tower,0,2,1,0,3,0,13,31,0,44,0,15,32,0,47,6,0,6,53
11/26/2008,IFP,AZ,AWP,WE,Federal Contract Tower,5,8,4,0,17,0,2,1,0,3,5,10,5,0,20,0,0,0,20
11/27/2008,IFP,AZ,AWP,WE,Federal Contract Tower,4,1,1,0,6,0,0,7,0,7,4,1,8,0,13,0,0,0,13
11/28/2008,IFP,AZ,AWP,WE,Federal Contract Tower,5,1,2,0,8,0,11,26,0,37,5,12,28,0,45,12,0,12,57
11/29/2008,IFP,AZ,AWP,WE,Federal Contract Tower,5,0,0,0,5,0,6,21,0,27,5,6,21,0,32,0,0,0,32
11/30/2008,IFP,AZ,AWP,WE,Federal Contract Tower,2,2,0,0,4,0,1,55,0,56,2,3,55,0,60,0,0,0,60
12/01/2008,IFP,AZ,AWP,WE,Federal Contract Tower,6,0,3,0,9,0,14,39,0,53,6,14,42,0,62,10,0,10,72
12/02/2008,IFP,AZ,AWP,WE,Federal Contract Tower,2,1,1,0,4,0,11,30,2,43,2,12,31,2,47,6,0,6,53
12/03/2008,IFP,AZ,AWP,WE,Federal Contract Tower,5,1,2,0,8,0,12,23,0,35,5,13,25,0,43,6,0,6,49
12/04/2008,IFP,AZ,AWP,WE,Federal Contract Tower,4,3,2,2,11,1,10,32,0,43,5,13,34,2,54,2,6,8,62
12/05/2008,IFP,AZ,AWP,WE,Federal Contract Tower,5,0,4,0,9,0,26,52,0,78,5,26,56,0,87,14,0,14,101
12/06/2008,IFP,AZ,AWP,WE,Federal Contract Tower,5,0,0,1,6,0,2,53,1,56,5,2,53,2,62,2,0,2,64
12/07/2008,IFP,AZ,AWP,WE,Federal Contract Tower,3,2,4,1,10,0,1,37,0,38,3,3,41,1,48,4,0,4,52
12/08/2008,IFP,AZ,AWP,WE,Federal Contract Tower,4,0,1,0,5,0,10,33,0,43,4,10,34,0,48,12,0,12,60
12/09/2008,IFP,AZ,AWP,WE,Federal Contract Tower,2,0,1,0,3,0,12,25,0,37,2,12,26,0,40,2,0,2,42
12/10/2008,IFP,AZ,AWP,WE,Federal Contract Tower,4,3,2,0,9,1,12,39,0,52,5,15,41,0,61,84,0,84,145
12/11/2008,IFP,AZ,AWP,WE,Federal Contract Tower,6,4,4,0,14,0,21,37,4,62,6,25,41,4,76,54,4,58,134
12/12/2008,IFP,AZ,AWP,WE,Federal Contract Tower,5,0,1,0,6,0,27,46,2,75,5,27,47,2,81,72,0,72,153
12/13/2008,IFP,AZ,AWP,WE,Federal Contract Tower,6,0,2,0,8,0,6,21,0,27,6,6,23,0,35,6,0,6,41
12/14/2008,IFP,AZ,AWP,WE,Federal Contract Tower,7,2,1,0,10,1,16,14,0,31,8,18,15,0,41,0,0,0,41
12/15/2008,IFP,AZ,AWP,WE,Federal Contract Tower,6,4,0,0,10,0,10,3,2,15,6,14,3,2,25,14,0,14,39
12/16/2008,IFP,AZ,AWP,WE,Federal Contract Tower,0,4,2,0,6,0,13,18,2,33,0,17,20,2,39,52,0,52,91
12/17/2008,IFP,AZ,AWP,WE,Federal Contract Tower,1,4,0,0,5,0,1,0,0,1,1,5,0,0,6,0,0,0,6
12/18/2008,IFP,AZ,AWP,WE,Federal Contract Tower,0,1,3,0,4,0,8,14,2,24,0,9,17,2,28,18,0,18,46
12/19/2008,IFP,AZ,AWP,WE,Federal Contract Tower,0,0,1,0,1,0,26,48,2,76,0,26,49,2,77,38,0,38,115
12/20/2008,IFP,AZ,AWP,WE,Federal Contract Tower,0,0,3,0,3,0,0,30,0,30,0,0,33,0,33,0,0,0,33
12/21/2008,IFP,AZ,AWP,WE,Federal Contract Tower,0,0,5,0,5,0,0,34,0,34,0,0,39,0,39,16,0,16,55
12/22/2008,IFP,AZ,AWP,WE,Federal Contract Tower,0,2,3,0,5,0,17,9,0,26,0,19,12,0,31,24,0,24,55
12/23/2008,IFP,AZ,AWP,WE,Federal Contract Tower,0,0,2,0,2,0,16,17,0,33,0,16,19,0,35,2,0,2,37
12/24/2008,IFP,AZ,AWP,WE,Federal Contract Tower,0,1,0,0,1,0,27,2,0,29,0,28,2,0,30,0,0,0,30
12/25/2008,IFP,AZ,AWP,WE,Federal Contract Tower,0,0,0,0,0,0,0,0,0,0,0,0,0,0,0,0,0,0,0
12/26/2008,IFP,AZ,AWP,WE,Federal Contract Tower,5,0,2,0,7,0,10,15,0,25,5,10,17,0,32,0,0,0,32
12/27/2008,IFP,AZ,AWP,WE,Federal Contract Tower,3,0,3,0,6,0,1,29,0,30,3,1,32,0,36,0,0,0,36
12/28/2008,IFP,AZ,AWP,WE,Federal Contract Tower,4,0,1,0,5,0,5,33,0,38,4,5,34,0,43,2,0,2,45
12/29/2008,IFP,AZ,AWP,WE,Federal Contract Tower,9,0,3,2,14,0,7,22,0,29,9,7,25,2,43,0,0,0,43
12/30/2008,IFP,AZ,AWP,WE,Federal Contract Tower,5,0,0,0,5,0,15,49,2,66,5,15,49,2,71,14,0,14,85
12/31/2008,IFP,AZ,AWP,WE,Federal Contract Tower,0,1,1,0,2,0,19,34,0,53,0,20,35,0,55,4,0,4,59
01/01/2009,IFP,AZ,AWP,WE,Federal Contract Tower,4,3,4,0,11,1,10,57,0,68,5,13,61,0,79,0,0,0,79
01/02/2009,IFP,AZ,AWP,WE,Federal Contract Tower,5,4,5,0,14,0,12,33,0,45,5,16,38,0,59,0,0,0,59
01/03/2009,IFP,AZ,AWP,WE,Federal Contract Tower,1,0,2,0,3,0,8,12,0,20,1,8,14,0,23,0,0,0,23
01/04/2009,IFP,AZ,AWP,WE,Federal Contract Tower,4,1,0,0,5,0,4,19,0,23,4,5,19,0,28,6,0,6,34
01/05/2009,IFP,AZ,AWP,WE,Federal Contract Tower,5,2,0,0,7,0,17,28,2,47,5,19,28,2,54,20,0,20,74
01/06/2009,IFP,AZ,AWP,WE,Federal Contract Tower,1,0,0,0,1,0,11,838,0,849,1,11,838,0,850,4,0,4,854
01/07/2009,IFP,AZ,AWP,WE,Federal Contract Tower,0,0,0,0,0,0,13,17,0,30,0,13,17,0,30,6,0,6,36
01/08/2009,IFP,AZ,AWP,WE,Federal Contract Tower,7,2,1,0,10,0,20,22,0,42,7,22,23,0,52,2,0,2,54
01/09/2009,IFP,AZ,AWP,WE,Federal Contract Tower,6,2,0,0,8,0,12,22,0,34,6,14,22,0,42,6,0,6,48
01/10/2009,IFP,AZ,AWP,WE,Federal Contract Tower,3,0,0,0,3,0,2,34,0,36,3,2,34,0,39,8,0,8,47
01/11/2009,IFP,AZ,AWP,WE,Federal Contract Tower,9,1,2,0,12,0,2,37,0,39,9,3,39,0,51,6,0,6,57
01/12/2009,IFP,AZ,AWP,WE,Federal Contract Tower,6,2,0,0,8,0,13,19,0,32,6,15,19,0,40,1,0,1,41
01/13/2009,IFP,AZ,AWP,WE,Federal Contract Tower,5,0,4,0,9,0,11,29,0,40,5,11,33,0,49,2,0,2,51
01/14/2009,IFP,AZ,AWP,WE,Federal Contract Tower,0,0,4,0,4,0,11,30,0,41,0,11,34,0,45,0,0,0,45
01/15/2009,IFP,AZ,AWP,WE,Federal Contract Tower,8,2,4,0,14,0,9,40,2,51,8,11,44,2,65,12,0,12,77
01/16/2009,IFP,AZ,AWP,WE,Federal Contract Tower,6,3,0,1,10,0,12,32,0,44,6,15,32,1,54,24,0,24,78
01/17/2009,IFP,AZ,AWP,WE,Federal Contract Tower,5,0,1,1,7,0,2,43,1,46,5,2,44,2,53,10,6,16,69
01/18/2009,IFP,AZ,AWP,WE,Federal Contract Tower,7,2,0,0,9,0,5,28,1,34,7,7,28,1,43,0,0,0,43
01/19/2009,IFP,AZ,AWP,WE,Federal Contract Tower,7,0,2,0,9,0,8,31,0,39,7,8,33,0,48,8,0,8,56
01/20/2009,IFP,AZ,AWP,WE,Federal Contract Tower,4,2,0,0,6,0,11,47,0,58,4,13,47,0,64,18,0,18,82
01/21/2009,IFP,AZ,AWP,WE,Federal Contract Tower,3,0,3,0,6,0,13,41,0,54,3,13,44,0,60,56,0,56,116
01/22/2009,IFP,AZ,AWP,WE,Federal Contract Tower,8,0,4,0,12,0,6,11,6,23,8,6,15,6,35,0,0,0,35
01/23/2009,IFP,AZ,AWP,WE,Federal Contract Tower,8,0,3,0,11,0,10,20,0,30,8,10,23,0,41,2,0,2,43
01/24/2009,IFP,AZ,AWP,WE,Federal Contract Tower,5,2,1,0,8,0,12,39,0,51,5,14,40,0,59,0,0,0,59
01/25/2009,IFP,AZ,AWP,WE,Federal Contract Tower,9,1,4,0,14,0,2,57,0,59,9,3,61,0,73,4,0,4,77
01/26/2009,IFP,AZ,AWP,WE,Federal Contract Tower,7,1,2,0,10,0,17,32,0,49,7,18,34,0,59,0,0,0,59
01/27/2009,IFP,AZ,AWP,WE,Federal Contract Tower,3,0,0,0,3,0,12,34,0,46,3,12,34,0,49,2,0,2,51
01/28/2009,IFP,AZ,AWP,WE,Federal Contract Tower,3,2,0,0,5,0,10,18,0,28,3,12,18,0,33,2,0,2,35
01/29/2009,IFP,AZ,AWP,WE,Federal Contract Tower,6,0,6,0,12,0,10,10,0,20,6,10,16,0,32,2,0,2,34
01/30/2009,IFP,AZ,AWP,WE,Federal Contract Tower,6,0,1,0,7,0,7,28,2,37,6,7,29,2,44,6,0,6,50
01/31/2009,IFP,AZ,AWP,WE,Federal Contract Tower,5,0,0,0,5,0,0,48,0,48,5,0,48,0,53,22,0,22,75
02/01/2009,IFP,AZ,AWP,WE,Federal Contract Tower,5,0,2,0,7,0,12,34,0,46,5,12,36,0,53,4,0,4,57
02/02/2009,IFP,AZ,AWP,WE,Federal Contract Tower,8,0,0,0,8,0,17,36,0,53,8,17,36,0,61,8,0,8,69
02/03/2009,IFP,AZ,AWP,WE,Federal Contract Tower,2,0,3,0,5,0,7,41,2,50,2,7,44,2,55,6,0,6,61
02/04/2009,IFP,AZ,AWP,WE,Federal Contract Tower,3,0,2,0,5,0,8,64,0,72,3,8,66,0,77,2,0,2,79
02/05/2009,IFP,AZ,AWP,WE,Federal Contract Tower,4,0,2,0,6,0,11,31,0,42,4,11,33,0,48,12,0,12,60
02/06/2009,IFP,AZ,AWP,WE,Federal Contract Tower,7,0,3,0,10,0,17,50,2,69,7,17,53,2,79,30,0,30,109
02/07/2009,IFP,AZ,AWP,WE,Federal Contract Tower,4,0,3,0,7,0,0,7,0,7,4,0,10,0,14,6,0,6,20
02/08/2009,IFP,AZ,AWP,WE,Federal Contract Tower,7,1,3,0,11,0,0,22,0,22,7,1,25,0,33,0,0,0,33
02/09/2009,IFP,AZ,AWP,WE,Federal Contract Tower,5,3,4,0,12,0,3,13,1,17,5,6,17,1,29,8,0,8,37
02/10/2009,IFP,AZ,AWP,WE,Federal Contract Tower,4,0,2,0,6,0,11,21,1,33,4,11,23,1,39,16,0,16,55
02/11/2009,IFP,AZ,AWP,WE,Federal Contract Tower,0,0,0,0,0,0,14,32,0,46,0,14,32,0,46,14,0,14,60
02/12/2009,IFP,AZ,AWP,WE,Federal Contract Tower,9,0,0,0,9,0,8,30,0,38,9,8,30,0,47,10,0,10,57
02/13/2009,IFP,AZ,AWP,WE,Federal Contract Tower,6,0,1,1,8,0,9,36,1,46,6,9,37,2,54,0,0,0,54
02/14/2009,IFP,AZ,AWP,WE,Federal Contract Tower,3,0,0,0,3,0,0,33,0,33,3,0,33,0,36,14,0,14,50
02/15/2009,IFP,AZ,AWP,WE,Federal Contract Tower,7,0,1,0,8,0,9,37,0,46,7,9,38,0,54,8,0,8,62
02/16/2009,IFP,AZ,AWP,WE,Federal Contract Tower,7,2,0,0,9,0,11,19,0,30,7,13,19,0,39,6,0,6,45
02/17/2009,IFP,AZ,AWP,WE,Federal Contract Tower,3,0,0,0,3,0,11,15,2,28,3,11,15,2,31,19,0,19,50
02/18/2009,IFP,AZ,AWP,WE,Federal Contract Tower,1,0,0,0,1,0,11,36,0,47,1,11,36,0,48,26,0,26,74
02/19/2009,IFP,AZ,AWP,WE,Federal Contract Tower,9,0,1,0,10,0,9,38,0,47,9,9,39,0,57,2,0,2,59
02/20/2009,IFP,AZ,AWP,WE,Federal Contract Tower,5,0,3,0,8,1,16,40,0,57,6,16,43,0,65,6,0,6,71
02/21/2009,IFP,AZ,AWP,WE,Federal Contract Tower,4,0,5,0,9,0,4,57,2,63,4,4,62,2,72,10,0,10,82
02/22/2009,IFP,AZ,AWP,WE,Federal Contract Tower,7,0,1,0,8,0,8,40,0,48,7,8,41,0,56,4,0,4,60
02/23/2009,IFP,AZ,AWP,WE,Federal Contract Tower,7,0,1,0,8,0,7,30,0,37,7,7,31,0,45,0,0,0,45
02/24/2009,IFP,AZ,AWP,WE,Federal Contract Tower,3,0,1,0,4,0,18,41,0,59,3,18,42,0,63,4,0,4,67
02/25/2009,IFP,AZ,AWP,WE,Federal Contract Tower,2,0,1,0,3,0,10,36,0,46,2,10,37,0,49,2,0,2,51
02/26/2009,IFP,AZ,AWP,WE,Federal Contract Tower,6,0,2,0,8,0,13,23,0,36,6,13,25,0,44,4,0,4,48
02/27/2009,IFP,AZ,AWP,WE,Federal Contract Tower,4,0,0,0,4,1,11,36,0,48,5,11,36,0,52,0,0,0,52
02/28/2009,IFP,AZ,AWP,WE,Federal Contract Tower,4,0,2,0,6,0,8,32,0,40,4,8,34,0,46,4,0,4,50
03/01/2009,IFP,AZ,AWP,WE,Federal Contract Tower,6,0,2,0,8,0,7,61,0,68,6,7,63,0,76,4,0,4,80
03/02/2009,IFP,AZ,AWP,WE,Federal Contract Tower,8,1,4,0,13,0,15,39,0,54,8,16,43,0,67,0,0,0,67
03/03/2009,IFP,AZ,AWP,WE,Federal Contract Tower,3,0,2,0,5,0,16,32,0,48,3,16,34,0,53,6,0,6,59
03/04/2009,IFP,AZ,AWP,WE,Federal Contract Tower,0,0,0,0,0,0,18,19,0,37,0,18,19,0,37,0,0,0,37
03/05/2009,IFP,AZ,AWP,WE,Federal Contract Tower,8,0,2,2,12,0,14,33,2,49,8,14,35,4,61,0,0,0,61
03/06/2009,IFP,AZ,AWP,WE,Federal Contract Tower,5,0,2,0,7,0,8,22,2,32,5,8,24,2,39,6,0,6,45
03/07/2009,IFP,AZ,AWP,WE,Federal Contract Tower,3,0,1,0,4,0,3,46,0,49,3,3,47,0,53,0,0,0,53
03/08/2009,IFP,AZ,AWP,WE,Federal Contract Tower,9,0,4,0,13,0,2,66,0,68,9,2,70,0,81,18,0,18,99
03/09/2009,IFP,AZ,AWP,WE,Federal Contract Tower,6,0,3,0,9,1,6,17,0,24,7,6,20,0,33,10,0,10,43
03/10/2009,IFP,AZ,AWP,WE,Federal Contract Tower,3,0,0,0,3,1,15,22,0,38,4,15,22,0,41,0,0,0,41
03/11/2009,IFP,AZ,AWP,WE,Federal Contract Tower,1,0,3,0,4,0,10,30,0,40,1,10,33,0,44,0,0,0,44
03/12/2009,IFP,AZ,AWP,WE,Federal Contract Tower,11,0,1,0,12,0,19,30,0,49,11,19,31,0,61,0,0,0,61
03/13/2009,IFP,AZ,AWP,WE,Federal Contract Tower,6,0,2,0,8,0,7,40,1,48,6,7,42,1,56,0,0,0,56
03/14/2009,IFP,AZ,AWP,WE,Federal Contract Tower,4,0,2,0,6,0,4,31,0,35,4,4,33,0,41,34,0,34,75
03/15/2009,IFP,AZ,AWP,WE,Federal Contract Tower,8,0,0,0,8,2,2,39,2,45,10,2,39,2,53,8,0,8,61
03/16/2009,IFP,AZ,AWP,WE,Federal Contract Tower,8,0,0,0,8,0,15,26,0,41,8,15,26,0,49,14,0,14,63
03/17/2009,IFP,AZ,AWP,WE,Federal Contract Tower,1,0,2,0,3,0,14,34,2,50,1,14,36,2,53,4,0,4,57
03/18/2009,IFP,AZ,AWP,WE,Federal Contract Tower,4,0,2,0,6,0,10,35,0,45,4,10,37,0,51,10,0,10,61
03/19/2009,IFP,AZ,AWP,WE,Federal Contract Tower,10,0,0,0,10,0,22,23,0,45,10,22,23,0,55,0,0,0,55
03/20/2009,IFP,AZ,AWP,WE,Federal Contract Tower,7,0,4,0,11,0,11,18,0,29,7,11,22,0,40,2,0,2,42
03/21/2009,IFP,AZ,AWP,WE,Federal Contract Tower,4,0,1,0,5,0,1,42,0,43,4,1,43,0,48,2,0,2,50
03/22/2009,IFP,AZ,AWP,WE,Federal Contract Tower,8,0,0,0,8,0,0,12,4,16,8,0,12,4,24,6,0,6,30
03/23/2009,IFP,AZ,AWP,WE,Federal Contract Tower,6,2,0,0,8,0,14,28,0,42,6,16,28,0,50,8,0,8,58
03/24/2009,IFP,AZ,AWP,WE,Federal Contract Tower,4,3,2,0,9,0,12,17,0,29,4,15,19,0,38,0,0,0,38
03/25/2009,IFP,AZ,AWP,WE,Federal Contract Tower,1,0,6,0,7,0,17,35,0,52,1,17,41,0,59,6,0,6,65
03/26/2009,IFP,AZ,AWP,WE,Federal Contract Tower,10,0,1,0,11,0,10,11,0,21,10,10,12,0,32,0,0,0,32
03/27/2009,IFP,AZ,AWP,WE,Federal Contract Tower,4,0,5,2,11,0,13,35,0,48,4,13,40,2,59,0,0,0,59
03/28/2009,IFP,AZ,AWP,WE,Federal Contract Tower,4,0,1,0,5,0,5,58,0,63,4,5,59,0,68,2,0,2,70
03/29/2009,IFP,AZ,AWP,WE,Federal Contract Tower,8,0,1,0,9,0,2,38,0,40,8,2,39,0,49,8,0,8,57
03/30/2009,IFP,AZ,AWP,WE,Federal Contract Tower,9,0,3,0,12,0,19,23,0,42,9,19,26,0,54,22,0,22,76
03/31/2009,IFP,AZ,AWP,WE,Federal Contract Tower,3,1,2,0,6,0,12,30,0,42,3,13,32,0,48,24,0,24,72
04/01/2009,IFP,AZ,AWP,WE,Federal Contract Tower,0,0,0,0,0,0,10,27,0,37,0,10,27,0,37,8,0,8,45
04/02/2009,IFP,AZ,AWP,WE,Federal Contract Tower,9,0,1,0,10,0,11,29,0,40,9,11,30,0,50,14,0,14,64
04/03/2009,IFP,AZ,AWP,WE,Federal Contract Tower,6,2,3,1,12,1,13,25,2,41,7,15,28,3,53,6,6,12,65
04/04/2009,IFP,AZ,AWP,WE,Federal Contract Tower,4,0,1,0,5,0,0,59,0,59,4,0,60,0,64,30,0,30,94
04/05/2009,IFP,AZ,AWP,WE,Federal Contract Tower,7,0,5,0,12,0,0,69,0,69,7,0,74,0,81,72,0,72,153
04/06/2009,IFP,AZ,AWP,WE,Federal Contract Tower,8,0,1,1,10,0,9,20,0,29,8,9,21,1,39,0,0,0,39
04/07/2009,IFP,AZ,AWP,WE,Federal Contract Tower,3,0,1,0,4,0,7,30,0,37,3,7,31,0,41,0,0,0,41
04/08/2009,IFP,AZ,AWP,WE,Federal Contract Tower,3,0,2,0,5,0,15,14,0,29,3,15,16,0,34,0,0,0,34
04/09/2009,IFP,AZ,AWP,WE,Federal Contract Tower,8,0,4,0,12,0,14,26,0,40,8,14,30,0,52,16,0,16,68
04/10/2009,IFP,AZ,AWP,WE,Federal Contract Tower,5,0,3,0,8,0,12,17,2,31,5,12,20,2,39,0,0,0,39
04/11/2009,IFP,AZ,AWP,WE,Federal Contract Tower,5,0,3,0,8,0,8,10,0,18,5,8,13,0,26,2,0,2,28
04/12/2009,IFP,AZ,AWP,WE,Federal Contract Tower,8,0,0,0,8,0,3,36,2,41,8,3,36,2,49,0,2,2,51
04/13/2009,IFP,AZ,AWP,WE,Federal Contract Tower,5,0,0,0,5,0,10,32,0,42,5,10,32,0,47,22,0,22,69
04/14/2009,IFP,AZ,AWP,WE,Federal Contract Tower,0,0,1,0,1,0,25,8,0,33,0,25,9,0,34,10,0,10,44
04/15/2009,IFP,AZ,AWP,WE,Federal Contract Tower,5,1,2,0,8,0,14,12,0,26,5,15,14,0,34,12,0,12,46
04/16/2009,IFP,AZ,AWP,WE,Federal Contract Tower,5,0,7,0,12,0,16,48,0,64,5,16,55,0,76,24,0,24,100
04/17/2009,IFP,AZ,AWP,WE,Federal Contract Tower,6,0,4,1,11,0,5,67,2,74,6,5,71,3,85,12,16,28,113
04/18/2009,IFP,AZ,AWP,WE,Federal Contract Tower,7,0,1,0,8,0,0,140,0,140,7,0,141,0,148,50,0,50,198
04/19/2009,IFP,AZ,AWP,WE,Federal Contract Tower,5,0,8,0,13,1,0,89,0,90,6,0,97,0,103,8,0,8,111
04/20/2009,IFP,AZ,AWP,WE,Federal Contract Tower,2,0,4,0,6,0,9,49,0,58,2,9,53,0,64,6,0,6,70
04/21/2009,IFP,AZ,AWP,WE,Federal Contract Tower,4,0,4,0,8,0,10,38,0,48,4,10,42,0,56,9,0,9,65
04/22/2009,IFP,AZ,AWP,WE,Federal Contract Tower,4,0,1,0,5,0,11,29,0,40,4,11,30,0,45,23,0,23,68
04/23/2009,IFP,AZ,AWP,WE,Federal Contract Tower,4,0,3,0,7,0,8,55,0,63,4,8,58,0,70,46,0,46,116
04/24/2009,IFP,AZ,AWP,WE,Federal Contract Tower,3,0,3,0,6,0,13,48,7,68,3,13,51,7,74,14,0,14,88
04/25/2009,IFP,AZ,AWP,WE,Federal Contract Tower,2,0,1,0,3,0,19,55,0,74,2,19,56,0,77,4,0,4,81
04/26/2009,IFP,AZ,AWP,WE,Federal Contract Tower,4,0,3,0,7,0,7,77,2,86,4,7,80,2,93,20,0,20,113
04/27/2009,IFP,AZ,AWP,WE,Federal Contract Tower,3,0,2,0,5,0,14,22,0,36,3,14,24,0,41,28,0,28,69
04/28/2009,IFP,AZ,AWP,WE,Federal Contract Tower,1,0,1,0,2,0,11,20,0,31,1,11,21,0,33,22,0,22,55
04/29/2009,IFP,AZ,AWP,WE,Federal Contract Tower,2,0,1,0,3,0,17,26,0,43,2,17,27,0,46,10,0,10,56
04/30/2009,IFP,AZ,AWP,WE,Federal Contract Tower,8,8,2,0,18,1,7,22,0,30,9,15,24,0,48,2,0,2,50
05/01/2009,IFP,AZ,AWP,WE,Federal Contract Tower,4,1,0,0,5,0,9,39,0,48,4,10,39,0,53,14,0,14,67
05/02/2009,IFP,AZ,AWP,WE,Federal Contract Tower,5,1,1,0,7,0,4,26,0,30,5,5,27,0,37,6,0,6,43
05/03/2009,IFP,AZ,AWP,WE,Federal Contract Tower,7,0,1,0,8,0,4,50,2,56,7,4,51,2,64,4,0,4,68
05/04/2009,IFP,AZ,AWP,WE,Federal Contract Tower,2,0,1,0,3,0,6,35,0,41,2,6,36,0,44,0,0,0,44
05/05/2009,IFP,AZ,AWP,WE,Federal Contract Tower,1,0,1,0,2,0,14,35,0,49,1,14,36,0,51,16,0,16,67
05/06/2009,IFP,AZ,AWP,WE,Federal Contract Tower,3,0,0,0,3,0,11,37,0,48,3,11,37,0,51,8,0,8,59
05/07/2009,IFP,AZ,AWP,WE,Federal Contract Tower,5,0,0,0,5,0,4,32,0,36,5,4,32,0,41,10,0,10,51
05/08/2009,IFP,AZ,AWP,WE,Federal Contract Tower,2,0,0,0,2,0,16,26,0,42,2,16,26,0,44,12,0,12,56
05/09/2009,IFP,AZ,AWP,WE,Federal Contract Tower,5,0,0,0,5,0,9,33,0,42,5,9,33,0,47,0,0,0,47
05/10/2009,IFP,AZ,AWP,WE,Federal Contract Tower,4,0,2,0,6,0,2,34,0,36,4,2,36,0,42,10,0,10,52
05/11/2009,IFP,AZ,AWP,WE,Federal Contract Tower,4,0,3,0,7,0,6,29,0,35,4,6,32,0,42,14,0,14,56
05/12/2009,IFP,AZ,AWP,WE,Federal Contract Tower,2,0,0,0,2,0,11,23,0,34,2,11,23,0,36,16,0,16,52
05/13/2009,IFP,AZ,AWP,WE,Federal Contract Tower,4,0,6,2,12,1,19,34,0,54,5,19,40,2,66,16,0,16,82
05/14/2009,IFP,AZ,AWP,WE,Federal Contract Tower,5,0,6,0,11,0,11,29,2,42,5,11,35,2,53,8,0,8,61
05/15/2009,IFP,AZ,AWP,WE,Federal Contract Tower,3,0,2,1,6,0,10,49,0,59,3,10,51,1,65,27,0,27,92
05/16/2009,IFP,AZ,AWP,WE,Federal Contract Tower,5,0,0,0,5,1,0,22,0,23,6,0,22,0,28,12,0,12,40
05/17/2009,IFP,AZ,AWP,WE,Federal Contract Tower,5,4,1,1,11,0,6,47,0,53,5,10,48,1,64,8,0,8,72
05/18/2009,IFP,AZ,AWP,WE,Federal Contract Tower,2,2,0,0,4,0,16,30,0,46,2,18,30,0,50,4,0,4,54
05/19/2009,IFP,AZ,AWP,WE,Federal Contract Tower,1,4,2,0,7,1,17,22,0,40,2,21,24,0,47,0,0,0,47
05/20/2009,IFP,AZ,AWP,WE,Federal Contract Tower,5,2,3,0,10,0,16,21,0,37,5,18,24,0,47,0,0,0,47
05/21/2009,IFP,AZ,AWP,WE,Federal Contract Tower,5,1,4,0,10,0,16,27,0,43,5,17,31,0,53,21,0,21,74
05/22/2009,IFP,AZ,AWP,WE,Federal Contract Tower,8,1,5,0,14,0,9,43,0,52,8,10,48,0,66,10,0,10,76
05/23/2009,IFP,AZ,AWP,WE,Federal Contract Tower,7,0,1,0,8,1,9,47,0,57,8,9,48,0,65,30,0,30,95
05/24/2009,IFP,AZ,AWP,WE,Federal Contract Tower,5,0,2,0,7,0,15,42,0,57,5,15,44,0,64,4,0,4,68
05/25/2009,IFP,AZ,AWP,WE,Federal Contract Tower,3,0,3,0,6,0,3,47,0,50,3,3,50,0,56,14,0,14,70
05/26/2009,IFP,AZ,AWP,WE,Federal Contract Tower,2,0,1,0,3,0,9,28,0,37,2,9,29,0,40,78,0,78,118
05/27/2009,IFP,AZ,AWP,WE,Federal Contract Tower,3,0,0,0,3,2,13,25,0,40,5,13,25,0,43,4,0,4,47
05/28/2009,IFP,AZ,AWP,WE,Federal Contract Tower,5,0,2,0,7,0,9,38,1,48,5,9,40,1,55,34,0,34,89
05/29/2009,IFP,AZ,AWP,WE,Federal Contract Tower,4,0,0,0,4,0,9,33,2,44,4,9,33,2,48,8,0,8,56
05/30/2009,IFP,AZ,AWP,WE,Federal Contract Tower,9,0,1,0,10,0,5,22,0,27,9,5,23,0,37,12,0,12,49
05/31/2009,IFP,AZ,AWP,WE,Federal Contract Tower,5,0,2,0,7,0,2,25,2,29,5,2,27,2,36,4,0,4,40
06/01/2009,IFP,AZ,AWP,WE,Federal Contract Tower,2,0,1,2,5,0,6,20,0,26,2,6,21,2,31,0,0,0,31
06/02/2009,IFP,AZ,AWP,WE,Federal Contract Tower,2,0,0,1,3,0,6,26,1,33,2,6,26,2,36,12,0,12,48
06/03/2009,IFP,AZ,AWP,WE,Federal Contract Tower,6,2,1,0,9,0,13,20,0,33,6,15,21,0,42,0,0,0,42
06/04/2009,IFP,AZ,AWP,WE,Federal Contract Tower,4,0,3,0,7,0,5,36,0,41,4,5,39,0,48,0,0,0,48
06/05/2009,IFP,AZ,AWP,WE,Federal Contract Tower,2,0,2,0,4,0,0,0,0,0,2,0,2,0,4,8,0,8,12
06/06/2009,IFP,AZ,AWP,WE,Federal Contract Tower,5,0,1,0,6,0,4,21,0,25,5,4,22,0,31,28,0,28,59
06/07/2009,IFP,AZ,AWP,WE,Federal Contract Tower,4,0,0,0,4,0,2,45,2,49,4,2,45,2,53,8,0,8,61
06/08/2009,IFP,AZ,AWP,WE,Federal Contract Tower,5,0,0,0,5,0,6,29,4,39,5,6,29,4,44,16,0,16,60
06/09/2009,IFP,AZ,AWP,WE,Federal Contract Tower,4,0,0,0,4,0,11,24,0,35,4,11,24,0,39,0,0,0,39
06/10/2009,IFP,AZ,AWP,WE,Federal Contract Tower,4,0,3,0,7,0,10,13,0,23,4,10,16,0,30,0,0,0,30
06/11/2009,IFP,AZ,AWP,WE,Federal Contract Tower,6,0,0,0,6,0,6,32,0,38,6,6,32,0,44,10,0,10,54
06/12/2009,IFP,AZ,AWP,WE,Federal Contract Tower,3,0,2,0,5,0,5,31,0,36,3,5,33,0,41,0,0,0,41
06/13/2009,IFP,AZ,AWP,WE,Federal Contract Tower,6,1,2,0,9,0,0,12,0,12,6,1,14,0,21,0,0,0,21
06/14/2009,IFP,AZ,AWP,WE,Federal Contract Tower,7,2,0,0,9,0,2,30,0,32,7,4,30,0,41,0,0,0,41
06/15/2009,IFP,AZ,AWP,WE,Federal Contract Tower,4,0,1,0,5,0,9,31,0,40,4,9,32,0,45,0,0,0,45
06/16/2009,IFP,AZ,AWP,WE,Federal Contract Tower,2,0,0,0,2,0,14,23,0,37,2,14,23,0,39,0,0,0,39
06/17/2009,IFP,AZ,AWP,WE,Federal Contract Tower,6,0,0,0,6,0,12,27,0,39,6,12,27,0,45,0,0,0,45
06/18/2009,IFP,AZ,AWP,WE,Federal Contract Tower,5,0,1,2,8,0,13,29,0,42,5,13,30,2,50,14,0,14,64
06/19/2009,IFP,AZ,AWP,WE,Federal Contract Tower,2,0,7,2,11,0,7,33,0,40,2,7,40,2,51,2,14,16,67
06/20/2009,IFP,AZ,AWP,WE,Federal Contract Tower,6,0,1,0,7,1,7,19,0,27,7,7,20,0,34,0,0,0,34
06/21/2009,IFP,AZ,AWP,WE,Federal Contract Tower,5,0,3,1,9,0,2,24,2,28,5,2,27,3,37,4,0,4,41
06/22/2009,IFP,AZ,AWP,WE,Federal Contract Tower,2,0,2,0,4,0,9,17,0,26,2,9,19,0,30,24,0,24,54
06/23/2009,IFP,AZ,AWP,WE,Federal Contract Tower,2,0,5,0,7,0,20,14,2,36,2,20,19,2,43,12,0,12,55
06/24/2009,IFP,AZ,AWP,WE,Federal Contract Tower,2,0,1,0,3,1,9,18,3,31,3,9,19,3,34,13,0,13,47
06/25/2009,IFP,AZ,AWP,WE,Federal Contract Tower,5,0,0,3,8,0,10,33,4,47,5,10,33,7,55,6,0,6,61
06/26/2009,IFP,AZ,AWP,WE,Federal Contract Tower,2,0,4,0,6,0,6,27,2,35,2,6,31,2,41,32,0,32,73
06/27/2009,IFP,AZ,AWP,WE,Federal Contract Tower,4,0,0,0,4,0,6,25,0,31,4,6,25,0,35,3,0,3,38
06/28/2009,IFP,AZ,AWP,WE,Federal Contract Tower,3,0,1,0,4,0,1,32,0,33,3,1,33,0,37,10,0,10,47
06/29/2009,IFP,AZ,AWP,WE,Federal Contract Tower,3,0,2,0,5,0,7,13,0,20,3,7,15,0,25,20,0,20,45
06/30/2009,IFP,AZ,AWP,WE,Federal Contract Tower,2,0,2,0,4,0,15,18,0,33,2,15,20,0,37,6,0,6,43
07/01/2009,IFP,AZ,AWP,WE,Federal Contract Tower,3,0,1,0,4,0,13,19,0,32,3,13,20,0,36,25,0,25,61
07/02/2009,IFP,AZ,AWP,WE,Federal Contract Tower,7,0,2,0,9,0,13,20,0,33,7,13,22,0,42,2,0,2,44
07/03/2009,IFP,AZ,AWP,WE,Federal Contract Tower,4,0,1,0,5,0,5,33,0,38,4,5,34,0,43,0,0,0,43
07/04/2009,IFP,AZ,AWP,WE,Federal Contract Tower,4,0,0,0,4,0,7,21,0,28,4,7,21,0,32,2,0,2,34
07/05/2009,IFP,AZ,AWP,WE,Federal Contract Tower,5,0,1,0,6,0,4,34,8,46,5,4,35,8,52,4,0,4,56
07/06/2009,IFP,AZ,AWP,WE,Federal Contract Tower,3,0,4,0,7,0,18,27,0,45,3,18,31,0,52,28,0,28,80
07/07/2009,IFP,AZ,AWP,WE,Federal Contract Tower,2,0,1,0,3,0,8,16,0,24,2,8,17,0,27,24,0,24,51
07/08/2009,IFP,AZ,AWP,WE,Federal Contract Tower,4,0,3,0,7,0,9,21,0,30,4,9,24,0,37,8,0,8,45
07/09/2009,IFP,AZ,AWP,WE,Federal Contract Tower,3,2,0,0,5,0,8,23,0,31,3,10,23,0,36,0,0,0,36
07/10/2009,IFP,AZ,AWP,WE,Federal Contract Tower,2,0,1,0,3,0,15,28,0,43,2,15,29,0,46,14,0,14,60
07/11/2009,IFP,AZ,AWP,WE,Federal Contract Tower,7,0,0,0,7,0,2,39,3,44,7,2,39,3,51,0,0,0,51
07/12/2009,IFP,AZ,AWP,WE,Federal Contract Tower,3,0,1,0,4,0,7,27,1,35,3,7,28,1,39,20,0,20,59
07/13/2009,IFP,AZ,AWP,WE,Federal Contract Tower,2,0,1,0,3,0,8,15,2,25,2,8,16,2,28,0,0,0,28
07/14/2009,IFP,AZ,AWP,WE,Federal Contract Tower,2,0,2,0,4,0,7,21,0,28,2,7,23,0,32,4,0,4,36
07/15/2009,IFP,AZ,AWP,WE,Federal Contract Tower,6,1,1,0,8,0,19,16,0,35,6,20,17,0,43,10,0,10,53
07/16/2009,IFP,AZ,AWP,WE,Federal Contract Tower,3,0,2,0,5,0,25,18,0,43,3,25,20,0,48,14,0,14,62
07/17/2009,IFP,AZ,AWP,WE,Federal Contract Tower,2,0,0,0,2,0,9,16,2,27,2,9,16,2,29,12,0,12,41
07/18/2009,IFP,AZ,AWP,WE,Federal Contract Tower,8,0,0,0,8,0,2,16,0,18,8,2,16,0,26,4,0,4,30
07/19/2009,IFP,AZ,AWP,WE,Federal Contract Tower,4,0,1,0,5,0,5,25,0,30,4,5,26,0,35,16,0,16,51
07/20/2009,IFP,AZ,AWP,WE,Federal Contract Tower,3,0,0,0,3,0,5,10,2,17,3,5,10,2,20,4,0,4,24
07/21/2009,IFP,AZ,AWP,WE,Federal Contract Tower,2,0,1,0,3,0,10,13,0,23,2,10,14,0,26,6,0,6,32
07/22/2009,IFP,AZ,AWP,WE,Federal Contract Tower,4,0,1,0,5,0,12,18,0,30,4,12,19,0,35,4,0,4,39
07/23/2009,IFP,AZ,AWP,WE,Federal Contract Tower,5,2,2,0,9,0,10,13,2,25,5,12,15,2,34,16,0,16,50
07/24/2009,IFP,AZ,AWP,WE,Federal Contract Tower,2,0,0,1,3,0,9,13,4,26,2,9,13,5,29,10,20,30,59
07/25/2009,IFP,AZ,AWP,WE,Federal Contract Tower,5,0,1,0,6,0,11,37,0,48,5,11,38,0,54,20,0,20,74
07/26/2009,IFP,AZ,AWP,WE,Federal Contract Tower,4,0,1,0,5,0,0,29,0,29,4,0,30,0,34,10,0,10,44
07/27/2009,IFP,AZ,AWP,WE,Federal Contract Tower,2,0,0,0,2,0,8,6,3,17,2,8,6,3,19,0,0,0,19
07/28/2009,IFP,AZ,AWP,WE,Federal Contract Tower,3,0,1,0,4,0,15,11,3,29,3,15,12,3,33,0,0,0,33
07/29/2009,IFP,AZ,AWP,WE,Federal Contract Tower,6,0,0,0,6,0,8,16,0,24,6,8,16,0,30,1,0,1,31
07/30/2009,IFP,AZ,AWP,WE,Federal Contract Tower,5,0,0,0,5,0,10,15,1,26,5,10,15,1,31,0,0,0,31
07/31/2009,IFP,AZ,AWP,WE,Federal Contract Tower,1,1,1,0,3,0,12,21,0,33,1,13,22,0,36,0,0,0,36
08/01/2009,IFP,AZ,AWP,WE,Federal Contract Tower,7,0,1,0,8,0,12,32,0,44,7,12,33,0,52,0,0,0,52
08/02/2009,IFP,AZ,AWP,WE,Federal Contract Tower,6,0,2,0,8,0,4,43,0,47,6,4,45,0,55,0,0,0,55
08/03/2009,IFP,AZ,AWP,WE,Federal Contract Tower,1,0,2,2,5,0,11,33,0,44,1,11,35,2,49,12,0,12,61
08/04/2009,IFP,AZ,AWP,WE,Federal Contract Tower,5,0,7,0,12,0,18,28,0,46,5,18,35,0,58,11,0,11,69
08/05/2009,IFP,AZ,AWP,WE,Federal Contract Tower,2,0,2,0,4,0,11,16,0,27,2,11,18,0,31,10,0,10,41
08/06/2009,IFP,AZ,AWP,WE,Federal Contract Tower,5,0,0,0,5,0,14,19,0,33,5,14,19,0,38,0,0,0,38
08/07/2009,IFP,AZ,AWP,WE,Federal Contract Tower,3,0,4,0,7,0,13,30,0,43,3,13,34,0,50,0,0,0,50
08/08/2009,IFP,AZ,AWP,WE,Federal Contract Tower,6,0,1,0,7,0,0,18,0,18,6,0,19,0,25,0,0,0,25
08/09/2009,IFP,AZ,AWP,WE,Federal Contract Tower,3,0,0,0,3,0,0,35,0,35,3,0,35,0,38,14,0,14,52
08/10/2009,IFP,AZ,AWP,WE,Federal Contract Tower,3,0,1,0,4,0,7,5,0,12,3,7,6,0,16,0,0,0,16
08/11/2009,IFP,AZ,AWP,WE,Federal Contract Tower,2,0,3,0,5,0,6,6,0,12,2,6,9,0,17,6,0,6,23
08/12/2009,IFP,AZ,AWP,WE,Federal Contract Tower,5,0,2,0,7,0,12,25,0,37,5,12,27,0,44,32,0,32,76
08/13/2009,IFP,AZ,AWP,WE,Federal Contract Tower,5,0,2,0,7,0,14,22,0,36,5,14,24,0,43,14,0,14,57
08/14/2009,IFP,AZ,AWP,WE,Federal Contract Tower,2,0,0,0,2,0,9,12,0,21,2,9,12,0,23,0,0,0,23
08/15/2009,IFP,AZ,AWP,WE,Federal Contract Tower,5,0,0,0,5,0,6,37,0,43,5,6,37,0,48,4,0,4,52
08/16/2009,IFP,AZ,AWP,WE,Federal Contract Tower,6,0,1,0,7,0,5,31,0,36,6,5,32,0,43,0,0,0,43
08/17/2009,IFP,AZ,AWP,WE,Federal Contract Tower,3,1,0,0,4,0,9,19,0,28,3,10,19,0,32,4,0,4,36
08/18/2009,IFP,AZ,AWP,WE,Federal Contract Tower,3,0,4,0,7,0,16,25,0,41,3,16,29,0,48,6,0,6,54
08/19/2009,IFP,AZ,AWP,WE,Federal Contract Tower,4,0,1,0,5,0,19,20,0,39,4,19,21,0,44,6,0,6,50
08/20/2009,IFP,AZ,AWP,WE,Federal Contract Tower,5,0,1,0,6,0,12,27,0,39,5,12,28,0,45,0,0,0,45
08/21/2009,IFP,AZ,AWP,WE,Federal Contract Tower,3,0,2,0,5,0,8,26,8,42,3,8,28,8,47,12,10,22,69
08/22/2009,IFP,AZ,AWP,WE,Federal Contract Tower,6,0,1,0,7,0,5,7,0,12,6,5,8,0,19,0,0,0,19
08/23/2009,IFP,AZ,AWP,WE,Federal Contract Tower,5,0,2,0,7,0,2,14,2,18,5,2,16,2,25,12,0,12,37
08/24/2009,IFP,AZ,AWP,WE,Federal Contract Tower,2,2,1,0,5,0,8,12,9,29,2,10,13,9,34,0,14,14,48
08/25/2009,IFP,AZ,AWP,WE,Federal Contract Tower,2,0,3,0,5,0,13,15,0,28,2,13,18,0,33,4,0,4,37
08/26/2009,IFP,AZ,AWP,WE,Federal Contract Tower,4,0,0,0,4,0,11,27,0,38,4,11,27,0,42,6,0,6,48
08/27/2009,IFP,AZ,AWP,WE,Federal Contract Tower,5,0,0,0,5,0,9,25,0,34,5,9,25,0,39,4,0,4,43
08/28/2009,IFP,AZ,AWP,WE,Federal Contract Tower,2,0,0,0,2,0,4,17,0,21,2,4,17,0,23,0,0,0,23
08/29/2009,IFP,AZ,AWP,WE,Federal Contract Tower,6,0,3,0,9,0,8,25,0,33,6,8,28,0,42,0,0,0,42
08/30/2009,IFP,AZ,AWP,WE,Federal Contract Tower,5,0,2,0,7,0,0,20,0,20,5,0,22,0,27,0,0,0,27
08/31/2009,IFP,AZ,AWP,WE,Federal Contract Tower,3,0,2,0,5,0,6,14,2,22,3,6,16,2,27,6,0,6,33
09/01/2009,IFP,AZ,AWP,WE,Federal Contract Tower,2,0,1,0,3,0,15,23,0,38,2,15,24,0,41,9,0,9,50
09/02/2009,IFP,AZ,AWP,WE,Federal Contract Tower,3,0,0,0,3,0,11,12,0,23,3,11,12,0,26,0,0,0,26
09/03/2009,IFP,AZ,AWP,WE,Federal Contract Tower,5,0,2,0,7,0,7,16,0,23,5,7,18,0,30,2,0,2,32
09/04/2009,IFP,AZ,AWP,WE,Federal Contract Tower,3,0,2,0,5,0,6,24,0,30,3,6,26,0,35,0,0,0,35
09/05/2009,IFP,AZ,AWP,WE,Federal Contract Tower,6,0,0,0,6,0,6,24,0,30,6,6,24,0,36,8,0,8,44
09/06/2009,IFP,AZ,AWP,WE,Federal Contract Tower,3,0,1,0,4,0,1,21,0,22,3,1,22,0,26,0,0,0,26
09/07/2009,IFP,AZ,AWP,WE,Federal Contract Tower,3,0,1,0,4,0,0,36,0,36,3,0,37,0,40,0,0,0,40
09/08/2009,IFP,AZ,AWP,WE,Federal Contract Tower,2,0,4,0,6,0,12,21,0,33,2,12,25,0,39,4,0,4,43
09/09/2009,IFP,AZ,AWP,WE,Federal Contract Tower,4,2,3,0,9,0,9,27,0,36,4,11,30,0,45,4,0,4,49
09/10/2009,IFP,AZ,AWP,WE,Federal Contract Tower,5,1,2,0,8,0,13,31,0,44,5,14,33,0,52,8,0,8,60
09/11/2009,IFP,AZ,AWP,WE,Federal Contract Tower,2,0,0,0,2,0,12,31,6,49,2,12,31,6,51,6,0,6,57
09/12/2009,IFP,AZ,AWP,WE,Federal Contract Tower,6,0,0,0,6,0,6,22,4,32,6,6,22,4,38,0,0,0,38
09/13/2009,IFP,AZ,AWP,WE,Federal Contract Tower,5,0,1,0,6,0,4,32,6,42,5,4,33,6,48,2,0,2,50
09/14/2009,IFP,AZ,AWP,WE,Federal Contract Tower,3,0,0,0,3,0,7,18,8,33,3,7,18,8,36,0,6,6,42
09/15/2009,IFP,AZ,AWP,WE,Federal Contract Tower,4,0,0,0,4,0,15,20,2,37,4,15,20,2,41,0,0,0,41
09/16/2009,IFP,AZ,AWP,WE,Federal Contract Tower,4,0,1,0,5,0,7,13,0,20,4,7,14,0,25,0,0,0,25
09/17/2009,IFP,AZ,AWP,WE,Federal Contract Tower,5,0,5,0,10,0,9,22,0,31,5,9,27,0,41,34,0,34,75
09/18/2009,IFP,AZ,AWP,WE,Federal Contract Tower,3,2,3,0,8,0,8,49,0,57,3,10,52,0,65,26,0,26,91
09/19/2009,IFP,AZ,AWP,WE,Federal Contract Tower,7,1,5,0,13,1,5,28,0,34,8,6,33,0,47,4,0,4,51
09/20/2009,IFP,AZ,AWP,WE,Federal Contract Tower,4,0,3,0,7,0,8,38,0,46,4,8,41,0,53,0,0,0,53
09/21/2009,IFP,AZ,AWP,WE,Federal Contract Tower,2,0,0,0,2,0,8,27,0,35,2,8,27,0,37,2,0,2,39
09/22/2009,IFP,AZ,AWP,WE,Federal Contract Tower,2,0,3,0,5,0,21,25,0,46,2,21,28,0,51,38,0,38,89
09/23/2009,IFP,AZ,AWP,WE,Federal Contract Tower,6,0,2,0,8,0,9,27,2,38,6,9,29,2,46,6,0,6,52
09/24/2009,IFP,AZ,AWP,WE,Federal Contract Tower,5,0,2,0,7,0,12,30,0,42,5,12,32,0,49,12,0,12,61
09/25/2009,IFP,AZ,AWP,WE,Federal Contract Tower,2,1,1,0,4,0,11,18,0,29,2,12,19,0,33,16,0,16,49
09/26/2009,IFP,AZ,AWP,WE,Federal Contract Tower,6,0,1,0,7,0,10,34,0,44,6,10,35,0,51,10,0,10,61
09/27/2009,IFP,AZ,AWP,WE,Federal Contract Tower,5,0,4,0,9,0,6,36,0,42,5,6,40,0,51,0,0,0,51
09/28/2009,IFP,AZ,AWP,WE,Federal Contract Tower,2,0,2,0,4,0,9,27,2,38,2,9,29,2,42,4,0,4,46
09/29/2009,IFP,AZ,AWP,WE,Federal Contract Tower,1,1,2,0,4,0,7,10,0,17,1,8,12,0,21,0,0,0,21
09/30/2009,IFP,AZ,AWP,WE,Federal Contract Tower,5,1,0,0,6,0,5,26,0,31,5,6,26,0,37,0,0,0,37
10/01/2009,IFP,AZ,AWP,WE,Federal Contract Tower,5,0,2,0,7,0,12,18,2,32,5,12,20,2,39,0,0,0,39
10/02/2009,IFP,AZ,AWP,WE,Federal Contract Tower,2,1,0,0,3,1,9,27,2,39,3,10,27,2,42,6,0,6,48
10/03/2009,IFP,AZ,AWP,WE,Federal Contract Tower,5,0,2,1,8,0,12,23,1,36,5,12,25,2,44,6,0,6,50
10/04/2009,IFP,AZ,AWP,WE,Federal Contract Tower,6,0,2,0,8,0,8,30,0,38,6,8,32,0,46,9,0,9,55
10/05/2009,IFP,AZ,AWP,WE,Federal Contract Tower,3,1,1,0,5,0,11,31,4,46,3,12,32,4,51,16,0,16,67
10/06/2009,IFP,AZ,AWP,WE,Federal Contract Tower,0,0,0,0,0,0,10,21,0,31,0,10,21,0,31,2,0,2,33
10/07/2009,IFP,AZ,AWP,WE,Federal Contract Tower,7,2,2,0,11,0,5,27,2,34,7,7,29,2,45,0,0,0,45
10/08/2009,IFP,AZ,AWP,WE,Federal Contract Tower,5,1,0,0,6,0,8,25,0,33,5,9,25,0,39,0,0,0,39
10/09/2009,IFP,AZ,AWP,WE,Federal Contract Tower,3,0,4,0,7,0,14,24,0,38,3,14,28,0,45,42,0,42,87
10/10/2009,IFP,AZ,AWP,WE,Federal Contract Tower,5,0,2,0,7,0,3,27,0,30,5,3,29,0,37,18,0,18,55
10/11/2009,IFP,AZ,AWP,WE,Federal Contract Tower,3,0,4,0,7,0,0,43,0,43,3,0,47,0,50,12,0,12,62
10/12/2009,IFP,AZ,AWP,WE,Federal Contract Tower,3,0,3,0,6,0,14,22,0,36,3,14,25,0,42,34,0,34,76
10/13/2009,IFP,AZ,AWP,WE,Federal Contract Tower,1,0,3,0,4,0,11,16,0,27,1,11,19,0,31,8,0,8,39
10/14/2009,IFP,AZ,AWP,WE,Federal Contract Tower,4,1,2,0,7,0,17,15,2,34,4,18,17,2,41,4,0,4,45
10/15/2009,IFP,AZ,AWP,WE,Federal Contract Tower,3,0,0,0,3,0,12,31,0,43,3,12,31,0,46,28,0,28,74
10/16/2009,IFP,AZ,AWP,WE,Federal Contract Tower,3,0,0,0,3,0,5,15,0,20,3,5,15,0,23,0,0,0,23
10/17/2009,IFP,AZ,AWP,WE,Federal Contract Tower,5,0,2,0,7,1,5,17,0,23,6,5,19,0,30,4,0,4,34
10/18/2009,IFP,AZ,AWP,WE,Federal Contract Tower,5,0,0,0,5,0,2,39,0,41,5,2,39,0,46,18,0,18,64
10/19/2009,IFP,AZ,AWP,WE,Federal Contract Tower,2,0,0,0,2,0,7,12,4,23,2,7,12,4,25,0,0,0,25
10/20/2009,IFP,AZ,AWP,WE,Federal Contract Tower,2,0,2,0,4,0,10,9,0,19,2,10,11,0,23,0,0,0,23
10/21/2009,IFP,AZ,AWP,WE,Federal Contract Tower,4,1,1,0,6,0,10,18,0,28,4,11,19,0,34,8,0,8,42
10/22/2009,IFP,AZ,AWP,WE,Federal Contract Tower,5,0,0,0,5,0,17,34,0,51,5,17,34,0,56,2,0,2,58
10/23/2009,IFP,AZ,AWP,WE,Federal Contract Tower,3,2,2,1,8,0,6,28,3,37,3,8,30,4,45,8,8,16,61
10/24/2009,IFP,AZ,AWP,WE,Federal Contract Tower,6,1,2,0,9,0,5,30,0,35,6,6,32,0,44,2,0,2,46
10/25/2009,IFP,AZ,AWP,WE,Federal Contract Tower,6,1,0,0,7,0,3,47,0,50,6,4,47,0,57,0,0,0,57
10/26/2009,IFP,AZ,AWP,WE,Federal Contract Tower,3,0,5,0,8,0,10,15,0,25,3,10,20,0,33,0,0,0,33
10/27/2009,IFP,AZ,AWP,WE,Federal Contract Tower,0,0,0,0,0,0,11,14,0,25,0,11,14,0,25,14,0,14,39
10/28/2009,IFP,AZ,AWP,WE,Federal Contract Tower,7,0,0,0,7,0,9,6,0,15,7,9,6,0,22,0,0,0,22
10/29/2009,IFP,AZ,AWP,WE,Federal Contract Tower,5,0,0,0,5,0,11,23,0,34,5,11,23,0,39,4,0,4,43
10/30/2009,IFP,AZ,AWP,WE,Federal Contract Tower,3,0,4,0,7,0,12,31,0,43,3,12,35,0,50,0,0,0,50
10/31/2009,IFP,AZ,AWP,WE,Federal Contract Tower,6,0,0,0,6,0,7,39,0,46,6,7,39,0,52,6,0,6,58
11/01/2009,IFP,AZ,AWP,WE,Federal Contract Tower,5,0,2,0,7,0,3,29,2,34,5,3,31,2,41,0,0,0,41
11/02/2009,IFP,AZ,AWP,WE,Federal Contract Tower,3,1,3,0,7,0,10,23,3,36,3,11,26,3,43,34,0,34,77
11/03/2009,IFP,AZ,AWP,WE,Federal Contract Tower,1,1,0,0,2,0,10,47,4,61,1,11,47,4,63,6,0,6,69
11/04/2009,IFP,AZ,AWP,WE,Federal Contract Tower,5,0,1,1,7,0,14,28,2,44,5,14,29,3,51,60,0,60,111
11/05/2009,IFP,AZ,AWP,WE,Federal Contract Tower,4,1,5,1,11,1,13,27,1,42,5,14,32,2,53,4,6,10,63
11/06/2009,IFP,AZ,AWP,WE,Federal Contract Tower,2,1,1,1,5,0,11,24,11,46,2,12,25,12,51,32,0,32,83
11/07/2009,IFP,AZ,AWP,WE,Federal Contract Tower,5,0,1,0,6,0,4,33,4,41,5,4,34,4,47,0,0,0,47
11/08/2009,IFP,AZ,AWP,WE,Federal Contract Tower,5,0,2,0,7,0,1,33,2,36,5,1,35,2,43,14,0,14,57
11/09/2009,IFP,AZ,AWP,WE,Federal Contract Tower,5,3,3,0,11,0,13,20,1,34,5,16,23,1,45,48,0,48,93
11/10/2009,IFP,AZ,AWP,WE,Federal Contract Tower,0,0,2,0,2,0,19,37,2,58,0,19,39,2,60,6,0,6,66
11/11/2009,IFP,AZ,AWP,WE,Federal Contract Tower,4,5,0,0,9,1,7,36,0,44,5,12,36,0,53,58,0,58,111
11/12/2009,IFP,AZ,AWP,WE,Federal Contract Tower,5,0,4,0,9,0,9,21,0,30,5,9,25,0,39,0,0,0,39
11/13/2009,IFP,AZ,AWP,WE,Federal Contract Tower,4,3,2,0,9,0,6,35,0,41,4,9,37,0,50,16,0,16,66
11/14/2009,IFP,AZ,AWP,WE,Federal Contract Tower,8,0,0,0,8,0,0,33,1,34,8,0,33,1,42,12,0,12,54
11/15/2009,IFP,AZ,AWP,WE,Federal Contract Tower,5,0,1,0,6,0,3,20,0,23,5,3,21,0,29,0,0,0,29
11/16/2009,IFP,AZ,AWP,WE,Federal Contract Tower,4,1,1,0,6,0,4,19,0,23,4,5,20,0,29,0,0,0,29
11/17/2009,IFP,AZ,AWP,WE,Federal Contract Tower,2,0,4,0,6,0,9,27,0,36,2,9,31,0,42,0,0,0,42
11/18/2009,IFP,AZ,AWP,WE,Federal Contract Tower,5,0,0,0,5,0,12,33,0,45,5,12,33,0,50,0,0,0,50
11/19/2009,IFP,AZ,AWP,WE,Federal Contract Tower,5,0,1,0,6,0,11,42,0,53,5,11,43,0,59,8,0,8,67
11/20/2009,IFP,AZ,AWP,WE,Federal Contract Tower,5,0,1,0,6,1,18,33,5,57,6,18,34,5,63,10,0,10,73
11/21/2009,IFP,AZ,AWP,WE,Federal Contract Tower,6,0,0,0,6,0,4,24,0,28,6,4,24,0,34,12,0,12,46
11/22/2009,IFP,AZ,AWP,WE,Federal Contract Tower,4,0,0,0,4,0,4,45,0,49,4,4,45,0,53,18,0,18,71
11/23/2009,IFP,AZ,AWP,WE,Federal Contract Tower,3,1,3,1,8,0,14,31,2,47,3,15,34,3,55,20,0,20,75
11/24/2009,IFP,AZ,AWP,WE,Federal Contract Tower,2,0,1,0,3,0,14,18,0,32,2,14,19,0,35,0,0,0,35
11/25/2009,IFP,AZ,AWP,WE,Federal Contract Tower,7,0,2,2,11,0,21,15,0,36,7,21,17,2,47,0,0,0,47
11/26/2009,IFP,AZ,AWP,WE,Federal Contract Tower,3,0,0,0,3,0,3,22,0,25,3,3,22,0,28,0,0,0,28
11/27/2009,IFP,AZ,AWP,WE,Federal Contract Tower,50,0,1,0,51,0,14,35,1,50,50,14,36,1,101,2,0,2,103
11/28/2009,IFP,AZ,AWP,WE,Federal Contract Tower,6,0,2,0,8,0,4,23,0,27,6,4,25,0,35,12,0,12,47
11/29/2009,IFP,AZ,AWP,WE,Federal Contract Tower,5,0,0,0,5,0,1,27,0,28,5,1,27,0,33,0,0,0,33
11/30/2009,IFP,AZ,AWP,WE,Federal Contract Tower,4,1,5,0,10,0,14,16,2,32,4,15,21,2,42,33,0,33,75
12/01/2009,IFP,AZ,AWP,WE,Federal Contract Tower,3,0,2,0,5,0,10,32,0,42,3,10,34,0,47,8,0,8,55
12/02/2009,IFP,AZ,AWP,WE,Federal Contract Tower,5,1,1,0,7,0,14,12,0,26,5,15,13,0,33,26,0,26,59
12/03/2009,IFP,AZ,AWP,WE,Federal Contract Tower,3,0,1,0,4,0,17,19,0,36,3,17,20,0,40,0,0,0,40
12/04/2009,IFP,AZ,AWP,WE,Federal Contract Tower,1,0,1,0,2,0,11,19,0,30,1,11,20,0,32,2,0,2,34
12/05/2009,IFP,AZ,AWP,WE,Federal Contract Tower,2,2,0,0,4,1,0,44,0,45,3,2,44,0,49,2,0,2,51
12/06/2009,IFP,AZ,AWP,WE,Federal Contract Tower,3,0,1,0,4,0,6,21,0,27,3,6,22,0,31,14,0,14,45
12/07/2009,IFP,AZ,AWP,WE,Federal Contract Tower,1,4,2,0,7,0,1,9,0,10,1,5,11,0,17,30,0,30,47
12/08/2009,IFP,AZ,AWP,WE,Federal Contract Tower,3,0,1,2,6,0,8,17,0,25,3,8,18,2,31,2,0,2,33
12/09/2009,IFP,AZ,AWP,WE,Federal Contract Tower,2,0,0,0,2,0,11,28,0,39,2,11,28,0,41,42,0,42,83
12/10/2009,IFP,AZ,AWP,WE,Federal Contract Tower,3,0,4,0,7,0,23,11,0,34,3,23,15,0,41,32,0,32,73
12/11/2009,IFP,AZ,AWP,WE,Federal Contract Tower,2,1,0,0,3,0,8,30,0,38,2,9,30,0,41,38,0,38,79
12/12/2009,IFP,AZ,AWP,WE,Federal Contract Tower,5,0,0,0,5,0,7,15,0,22,5,7,15,0,27,10,0,10,37
12/13/2009,IFP,AZ,AWP,WE,Federal Contract Tower,4,1,1,0,6,0,0,15,0,15,4,1,16,0,21,0,0,0,21
12/14/2009,IFP,AZ,AWP,WE,Federal Contract Tower,2,1,2,0,5,0,11,26,2,39,2,12,28,2,44,20,0,20,64
12/15/2009,IFP,AZ,AWP,WE,Federal Contract Tower,3,0,1,0,4,0,12,30,0,42,3,12,31,0,46,2,0,2,48
12/16/2009,IFP,AZ,AWP,WE,Federal Contract Tower,0,1,0,0,1,0,11,28,0,39,0,12,28,0,40,4,0,4,44
12/17/2009,IFP,AZ,AWP,WE,Federal Contract Tower,1,0,1,0,2,0,12,25,2,39,1,12,26,2,41,10,0,10,51
12/18/2009,IFP,AZ,AWP,WE,Federal Contract Tower,0,1,3,0,4,0,9,28,1,38,0,10,31,1,42,6,0,6,48
12/19/2009,IFP,AZ,AWP,WE,Federal Contract Tower,0,0,0,0,0,1,5,41,1,48,1,5,41,1,48,6,0,6,54
12/20/2009,IFP,AZ,AWP,WE,Federal Contract Tower,0,0,1,0,1,0,13,29,0,42,0,13,30,0,43,0,0,0,43
12/21/2009,IFP,AZ,AWP,WE,Federal Contract Tower,0,1,1,0,2,0,12,53,0,65,0,13,54,0,67,3,0,3,70
12/22/2009,IFP,AZ,AWP,WE,Federal Contract Tower,0,2,1,0,3,0,12,11,0,23,0,14,12,0,26,2,0,2,28
12/23/2009,IFP,AZ,AWP,WE,Federal Contract Tower,0,0,0,0,0,0,13,11,0,24,0,13,11,0,24,0,0,0,24
12/24/2009,IFP,AZ,AWP,WE,Federal Contract Tower,0,0,0,0,0,0,10,11,0,21,0,10,11,0,21,0,0,0,21
12/25/2009,IFP,AZ,AWP,WE,Federal Contract Tower,0,0,0,0,0,0,4,6,0,10,0,4,6,0,10,0,0,0,10
12/26/2009,IFP,AZ,AWP,WE,Federal Contract Tower,4,0,3,0,7,0,10,22,0,32,4,10,25,0,39,0,0,0,39
12/27/2009,IFP,AZ,AWP,WE,Federal Contract Tower,2,0,1,0,3,0,12,16,0,28,2,12,17,0,31,0,0,0,31
12/28/2009,IFP,AZ,AWP,WE,Federal Contract Tower,8,0,1,0,9,0,9,25,0,34,8,9,26,0,43,0,0,0,43
12/29/2009,IFP,AZ,AWP,WE,Federal Contract Tower,3,0,1,0,4,0,8,27,0,35,3,8,28,0,39,2,0,2,41
12/30/2009,IFP,AZ,AWP,WE,Federal Contract Tower,6,6,3,0,15,0,8,25,0,33,6,14,28,0,48,0,0,0,48
12/31/2009,IFP,AZ,AWP,WE,Federal Contract Tower,3,0,1,0,4,0,7,37,0,44,3,7,38,0,48,0,0,0,48
01/01/2010,IFP,AZ,AWP,WE,Federal Contract Tower,6,0,1,0,7,0,1,66,0,67,6,1,67,0,74,0,0,0,74
01/02/2010,IFP,AZ,AWP,WE,Federal Contract Tower,5,3,2,0,10,1,2,35,0,38,6,5,37,0,48,2,0,2,50
01/03/2010,IFP,AZ,AWP,WE,Federal Contract Tower,6,2,2,0,10,0,5,28,0,33,6,7,30,0,43,0,0,0,43
01/04/2010,IFP,AZ,AWP,WE,Federal Contract Tower,3,0,6,0,9,0,9,13,1,23,3,9,19,1,32,62,0,62,94
01/05/2010,IFP,AZ,AWP,WE,Federal Contract Tower,0,0,3,0,3,0,8,38,0,46,0,8,41,0,49,16,0,16,65
01/06/2010,IFP,AZ,AWP,WE,Federal Contract Tower,2,0,2,0,4,0,8,33,0,41,2,8,35,0,45,34,0,34,79
01/07/2010,IFP,AZ,AWP,WE,Federal Contract Tower,5,0,2,0,7,0,10,23,0,33,5,10,25,0,40,0,0,0,40
01/08/2010,IFP,AZ,AWP,WE,Federal Contract Tower,4,0,2,0,6,0,10,24,0,34,4,10,26,0,40,12,0,12,52
01/09/2010,IFP,AZ,AWP,WE,Federal Contract Tower,1,0,1,0,2,0,0,31,0,31,1,0,32,0,33,0,0,0,33
01/10/2010,IFP,AZ,AWP,WE,Federal Contract Tower,5,0,4,0,9,0,0,45,0,45,5,0,49,0,54,0,0,0,54
01/11/2010,IFP,AZ,AWP,WE,Federal Contract Tower,5,1,2,0,8,0,7,24,0,31,5,8,26,0,39,42,0,42,81
01/12/2010,IFP,AZ,AWP,WE,Federal Contract Tower,0,0,3,0,3,0,11,44,0,55,0,11,47,0,58,46,0,46,104
01/13/2010,IFP,AZ,AWP,WE,Federal Contract Tower,1,0,2,0,3,0,12,27,0,39,1,12,29,0,42,4,0,4,46
01/14/2010,IFP,AZ,AWP,WE,Federal Contract Tower,5,1,1,0,7,0,12,22,0,34,5,13,23,0,41,4,0,4,45
01/15/2010,IFP,AZ,AWP,WE,Federal Contract Tower,3,0,0,0,3,0,9,26,0,35,3,9,26,0,38,0,0,0,38
01/16/2010,IFP,AZ,AWP,WE,Federal Contract Tower,1,0,1,0,2,0,2,67,0,69,1,2,68,0,71,12,0,12,83
01/17/2010,IFP,AZ,AWP,WE,Federal Contract Tower,6,0,2,0,8,0,6,58,0,64,6,6,60,0,72,6,0,6,78
01/18/2010,IFP,AZ,AWP,WE,Federal Contract Tower,8,0,1,0,9,0,4,8,0,12,8,4,9,0,21,0,0,0,21
01/19/2010,IFP,AZ,AWP,WE,Federal Contract Tower,4,3,3,0,10,0,3,10,0,13,4,6,13,0,23,0,0,0,23
01/20/2010,IFP,AZ,AWP,WE,Federal Contract Tower,3,0,3,0,6,0,12,23,0,35,3,12,26,0,41,0,0,0,41
01/21/2010,IFP,AZ,AWP,WE,Federal Contract Tower,5,5,3,0,13,0,3,5,0,8,5,8,8,0,21,16,0,16,37
01/22/2010,IFP,AZ,AWP,WE,Federal Contract Tower,10,3,2,0,15,0,8,6,0,14,10,11,8,0,29,6,0,6,35
01/23/2010,IFP,AZ,AWP,WE,Federal Contract Tower,5,0,1,2,8,0,3,29,0,32,5,3,30,2,40,16,0,16,56
01/24/2010,IFP,AZ,AWP,WE,Federal Contract Tower,7,0,1,0,8,1,7,46,0,54,8,7,47,0,62,6,0,6,68
01/25/2010,IFP,AZ,AWP,WE,Federal Contract Tower,7,1,2,0,10,1,11,24,0,36,8,12,26,0,46,0,0,0,46
01/26/2010,IFP,AZ,AWP,WE,Federal Contract Tower,0,0,1,0,1,0,10,23,0,33,0,10,24,0,34,0,0,0,34
01/27/2010,IFP,AZ,AWP,WE,Federal Contract Tower,5,1,3,0,9,0,9,14,0,23,5,10,17,0,32,4,0,4,36
01/28/2010,IFP,AZ,AWP,WE,Federal Contract Tower,8,2,1,0,11,0,8,15,3,26,8,10,16,3,37,0,0,0,37
01/29/2010,IFP,AZ,AWP,WE,Federal Contract Tower,9,0,2,0,11,0,11,14,6,31,9,11,16,6,42,0,0,0,42
01/30/2010,IFP,AZ,AWP,WE,Federal Contract Tower,5,0,0,0,5,0,9,29,2,40,5,9,29,2,45,24,0,24,69
01/31/2010,IFP,AZ,AWP,WE,Federal Contract Tower,5,0,3,0,8,0,4,51,2,57,5,4,54,2,65,2,0,2,67
02/01/2010,IFP,AZ,AWP,WE,Federal Contract Tower,7,3,2,0,12,0,8,30,0,38,7,11,32,0,50,18,0,18,68
02/02/2010,IFP,AZ,AWP,WE,Federal Contract Tower,2,0,0,0,2,0,9,41,0,50,2,9,41,0,52,36,0,36,88
02/03/2010,IFP,AZ,AWP,WE,Federal Contract Tower,4,0,1,1,6,0,13,25,2,40,4,13,26,3,46,20,0,20,66
02/04/2010,IFP,AZ,AWP,WE,Federal Contract Tower,4,0,4,1,9,0,12,47,3,62,4,12,51,4,71,14,0,14,85
02/05/2010,IFP,AZ,AWP,WE,Federal Contract Tower,7,0,2,0,9,0,16,30,0,46,7,16,32,0,55,12,0,12,67
02/06/2010,IFP,AZ,AWP,WE,Federal Contract Tower,4,2,3,0,9,0,1,7,3,11,4,3,10,3,20,0,0,0,20
02/07/2010,IFP,AZ,AWP,WE,Federal Contract Tower,4,0,2,0,6,0,2,22,0,24,4,2,24,0,30,0,0,0,30
02/08/2010,IFP,AZ,AWP,WE,Federal Contract Tower,5,1,1,0,7,0,9,33,1,43,5,10,34,1,50,2,0,2,52
02/09/2010,IFP,AZ,AWP,WE,Federal Contract Tower,6,1,0,0,7,0,4,24,0,28,6,5,24,0,35,6,0,6,41
02/10/2010,IFP,AZ,AWP,WE,Federal Contract Tower,5,3,3,0,11,0,9,19,0,28,5,12,22,0,39,10,0,10,49
02/11/2010,IFP,AZ,AWP,WE,Federal Contract Tower,5,1,4,0,10,0,6,29,0,35,5,7,33,0,45,0,0,0,45
02/12/2010,IFP,AZ,AWP,WE,Federal Contract Tower,5,0,2,0,7,0,15,40,2,57,5,15,42,2,64,8,0,8,72
02/13/2010,IFP,AZ,AWP,WE,Federal Contract Tower,7,0,1,0,8,1,4,73,0,78,8,4,74,0,86,8,0,8,94
02/14/2010,IFP,AZ,AWP,WE,Federal Contract Tower,7,0,0,0,7,1,6,48,0,55,8,6,48,0,62,0,0,0,62
02/15/2010,IFP,AZ,AWP,WE,Federal Contract Tower,5,1,2,0,8,0,15,43,0,58,5,16,45,0,66,16,0,16,82
02/16/2010,IFP,AZ,AWP,WE,Federal Contract Tower,4,1,0,2,7,0,7,20,0,27,4,8,20,2,34,6,0,6,40
02/17/2010,IFP,AZ,AWP,WE,Federal Contract Tower,4,1,3,0,8,1,7,53,0,61,5,8,56,0,69,72,0,72,141
02/18/2010,IFP,AZ,AWP,WE,Federal Contract Tower,7,1,2,0,10,0,7,30,0,37,7,8,32,0,47,12,0,12,59
02/19/2010,IFP,AZ,AWP,WE,Federal Contract Tower,6,1,7,0,14,0,7,38,0,45,6,8,45,0,59,16,0,16,75
02/20/2010,IFP,AZ,AWP,WE,Federal Contract Tower,4,0,1,0,5,0,4,19,0,23,4,4,20,0,28,2,0,2,30
02/21/2010,IFP,AZ,AWP,WE,Federal Contract Tower,8,0,2,0,10,1,9,39,0,49,9,9,41,0,59,2,0,2,61
02/22/2010,IFP,AZ,AWP,WE,Federal Contract Tower,5,1,0,0,6,0,9,12,2,23,5,10,12,2,29,12,0,12,41
02/23/2010,IFP,AZ,AWP,WE,Federal Contract Tower,2,1,3,0,6,0,11,31,2,44,2,12,34,2,50,14,0,14,64
02/24/2010,IFP,AZ,AWP,WE,Federal Contract Tower,4,1,1,0,6,0,4,30,0,34,4,5,31,0,40,12,0,12,52
02/25/2010,IFP,AZ,AWP,WE,Federal Contract Tower,3,3,2,0,8,0,15,25,0,40,3,18,27,0,48,8,0,8,56
02/26/2010,IFP,AZ,AWP,WE,Federal Contract Tower,5,2,4,1,12,0,8,37,6,51,5,10,41,7,63,6,6,12,75
02/27/2010,IFP,AZ,AWP,WE,Federal Contract Tower,4,0,1,0,5,0,5,12,4,21,4,5,13,4,26,19,0,19,45
02/28/2010,IFP,AZ,AWP,WE,Federal Contract Tower,5,0,3,0,8,1,1,19,3,24,6,1,22,3,32,2,18,20,52
03/01/2010,IFP,AZ,AWP,WE,Federal Contract Tower,7,0,2,0,9,1,13,28,6,48,8,13,30,6,57,24,0,24,81
03/02/2010,IFP,AZ,AWP,WE,Federal Contract Tower,1,1,3,0,5,0,8,37,0,45,1,9,40,0,50,20,0,20,70
03/03/2010,IFP,AZ,AWP,WE,Federal Contract Tower,4,1,1,0,6,0,9,26,2,37,4,10,27,2,43,4,0,4,47
03/04/2010,IFP,AZ,AWP,WE,Federal Contract Tower,6,3,2,0,11,1,16,33,0,50,7,19,35,0,61,8,0,8,69
03/05/2010,IFP,AZ,AWP,WE,Federal Contract Tower,5,1,0,0,6,0,12,35,2,49,5,13,35,2,55,0,0,0,55
03/06/2010,IFP,AZ,AWP,WE,Federal Contract Tower,3,0,1,0,4,0,0,29,2,31,3,0,30,2,35,0,0,0,35
03/07/2010,IFP,AZ,AWP,WE,Federal Contract Tower,9,0,3,0,12,2,4,1,0,7,11,4,4,0,19,0,0,0,19
03/08/2010,IFP,AZ,AWP,WE,Federal Contract Tower,7,2,1,0,10,1,6,20,0,27,8,8,21,0,37,80,0,80,117
03/09/2010,IFP,AZ,AWP,WE,Federal Contract Tower,3,1,0,0,4,0,10,25,0,35,3,11,25,0,39,18,0,18,57
03/10/2010,IFP,AZ,AWP,WE,Federal Contract Tower,7,1,0,0,8,0,6,39,0,45,7,7,39,0,53,24,0,24,77
03/11/2010,IFP,AZ,AWP,WE,Federal Contract Tower,8,0,1,0,9,0,7,23,0,30,8,7,24,0,39,14,0,14,53
03/12/2010,IFP,AZ,AWP,WE,Federal Contract Tower,6,1,1,0,8,0,5,31,3,39,6,6,32,3,47,20,0,20,67
03/13/2010,IFP,AZ,AWP,WE,Federal Contract Tower,4,0,3,0,7,0,6,56,0,62,4,6,59,0,69,10,0,10,79
03/14/2010,IFP,AZ,AWP,WE,Federal Contract Tower,7,0,3,0,10,0,0,71,0,71,7,0,74,0,81,6,0,6,87
03/15/2010,IFP,AZ,AWP,WE,Federal Contract Tower,5,0,1,0,6,0,11,29,0,40,5,11,30,0,46,8,0,8,54
03/16/2010,IFP,AZ,AWP,WE,Federal Contract Tower,2,1,1,0,4,0,13,39,6,58,2,14,40,6,62,0,0,0,62
03/17/2010,IFP,AZ,AWP,WE,Federal Contract Tower,2,2,2,0,6,1,18,38,2,59,3,20,40,2,65,18,0,18,83
03/18/2010,IFP,AZ,AWP,WE,Federal Contract Tower,9,0,5,0,14,0,0,0,0,0,9,0,5,0,14,28,0,28,42
03/19/2010,IFP,AZ,AWP,WE,Federal Contract Tower,10,0,3,0,13,0,5,20,2,27,10,5,23,2,40,0,0,0,40
03/20/2010,IFP,AZ,AWP,WE,Federal Contract Tower,5,0,3,0,8,0,9,39,0,48,5,9,42,0,56,8,0,8,64
03/21/2010,IFP,AZ,AWP,WE,Federal Contract Tower,6,0,5,0,11,2,5,52,0,59,8,5,57,0,70,6,0,6,76
03/22/2010,IFP,AZ,AWP,WE,Federal Contract Tower,6,0,3,0,9,0,12,27,0,39,6,12,30,0,48,18,0,18,66
03/23/2010,IFP,AZ,AWP,WE,Federal Contract Tower,0,1,4,0,5,0,12,13,2,27,0,13,17,2,32,0,0,0,32
03/24/2010,IFP,AZ,AWP,WE,Federal Contract Tower,6,1,3,0,10,0,7,29,0,36,6,8,32,0,46,4,0,4,50
03/25/2010,IFP,AZ,AWP,WE,Federal Contract Tower,8,2,0,0,10,0,21,27,0,48,8,23,27,0,58,4,0,4,62
03/26/2010,IFP,AZ,AWP,WE,Federal Contract Tower,6,1,1,0,8,1,21,38,0,60,7,22,39,0,68,30,0,30,98
03/27/2010,IFP,AZ,AWP,WE,Federal Contract Tower,6,0,0,0,6,0,4,36,0,40,6,4,36,0,46,0,0,0,46
03/28/2010,IFP,AZ,AWP,WE,Federal Contract Tower,8,0,0,0,8,0,4,54,0,58,8,4,54,0,66,2,0,2,68
03/29/2010,IFP,AZ,AWP,WE,Federal Contract Tower,5,1,0,0,6,1,11,29,0,41,6,12,29,0,47,4,0,4,51
03/30/2010,IFP,AZ,AWP,WE,Federal Contract Tower,1,2,3,0,6,0,6,21,2,29,1,8,24,2,35,6,0,6,41
03/31/2010,IFP,AZ,AWP,WE,Federal Contract Tower,5,0,0,0,5,0,0,0,0,0,5,0,0,0,5,4,0,4,9
04/01/2010,IFP,AZ,AWP,WE,Federal Contract Tower,6,0,1,0,7,0,11,15,1,27,6,11,16,1,34,0,0,0,34
04/02/2010,IFP,AZ,AWP,WE,Federal Contract Tower,6,2,3,1,12,1,13,25,2,41,7,15,28,3,53,6,0,6,59
04/03/2010,IFP,AZ,AWP,WE,Federal Contract Tower,3,0,0,0,3,0,1,32,0,33,3,1,32,0,36,0,0,0,36
04/04/2010,IFP,AZ,AWP,WE,Federal Contract Tower,3,0,1,0,4,0,0,34,0,34,3,0,35,0,38,0,0,0,38
04/05/2010,IFP,AZ,AWP,WE,Federal Contract Tower,9,0,1,0,10,0,12,16,0,28,9,12,17,0,38,54,0,54,92
04/06/2010,IFP,AZ,AWP,WE,Federal Contract Tower,1,1,1,0,3,0,11,21,0,32,1,12,22,0,35,16,0,16,51
04/07/2010,IFP,AZ,AWP,WE,Federal Contract Tower,3,0,2,0,5,0,18,26,0,44,3,18,28,0,49,50,0,50,99
04/08/2010,IFP,AZ,AWP,WE,Federal Contract Tower,4,1,3,0,8,0,15,26,0,41,4,16,29,0,49,22,0,22,71
04/09/2010,IFP,AZ,AWP,WE,Federal Contract Tower,5,0,1,0,6,0,13,51,2,66,5,13,52,2,72,50,0,50,122
04/10/2010,IFP,AZ,AWP,WE,Federal Contract Tower,4,0,6,0,10,0,0,30,4,34,4,0,36,4,44,14,0,14,58
04/11/2010,IFP,AZ,AWP,WE,Federal Contract Tower,9,0,3,0,12,0,0,29,0,29,9,0,32,0,41,6,0,6,47
04/12/2010,IFP,AZ,AWP,WE,Federal Contract Tower,5,0,1,0,6,0,6,25,2,33,5,6,26,2,39,16,0,16,55
04/13/2010,IFP,AZ,AWP,WE,Federal Contract Tower,1,0,1,0,2,0,13,33,2,48,1,13,34,2,50,14,0,14,64
04/14/2010,IFP,AZ,AWP,WE,Federal Contract Tower,4,1,0,0,5,0,16,34,0,50,4,17,34,0,55,10,0,10,65
04/15/2010,IFP,AZ,AWP,WE,Federal Contract Tower,8,1,1,0,10,1,12,26,0,39,9,13,27,0,49,0,0,0,49
04/16/2010,IFP,AZ,AWP,WE,Federal Contract Tower,6,0,0,0,6,0,9,35,0,44,6,9,35,0,50,22,0,22,72
04/17/2010,IFP,AZ,AWP,WE,Federal Contract Tower,3,0,2,0,5,0,1,51,0,52,3,1,53,0,57,42,0,42,99
04/18/2010,IFP,AZ,AWP,WE,Federal Contract Tower,7,0,0,0,7,0,3,37,0,40,7,3,37,0,47,0,0,0,47
04/19/2010,IFP,AZ,AWP,WE,Federal Contract Tower,6,0,5,0,11,1,10,28,0,39,7,10,33,0,50,56,0,56,106
04/20/2010,IFP,AZ,AWP,WE,Federal Contract Tower,0,1,6,0,7,0,14,18,0,32,0,15,24,0,39,6,0,6,45
04/21/2010,IFP,AZ,AWP,WE,Federal Contract Tower,6,1,1,0,8,0,6,12,0,18,6,7,13,0,26,24,0,24,50
04/22/2010,IFP,AZ,AWP,WE,Federal Contract Tower,5,0,5,2,12,1,9,28,0,38,6,9,33,2,50,36,0,36,86
04/23/2010,IFP,AZ,AWP,WE,Federal Contract Tower,4,1,2,0,7,0,19,71,0,90,4,20,73,0,97,10,0,10,107
04/24/2010,IFP,AZ,AWP,WE,Federal Contract Tower,2,2,4,0,8,0,22,76,0,98,2,24,80,0,106,22,0,22,128
04/25/2010,IFP,AZ,AWP,WE,Federal Contract Tower,5,0,7,0,12,0,10,61,1,72,5,10,68,1,84,7,0,7,91
04/26/2010,IFP,AZ,AWP,WE,Federal Contract Tower,8,0,4,0,12,0,13,24,0,37,8,13,28,0,49,2,0,2,51
04/27/2010,IFP,AZ,AWP,WE,Federal Contract Tower,1,1,3,0,5,0,11,24,0,35,1,12,27,0,40,24,0,24,64
04/28/2010,IFP,AZ,AWP,WE,Federal Contract Tower,5,1,1,0,7,0,12,12,0,24,5,13,13,0,31,4,0,4,35
04/29/2010,IFP,AZ,AWP,WE,Federal Contract Tower,5,0,1,0,6,1,12,18,0,31,6,12,19,0,37,4,0,4,41
04/30/2010,IFP,AZ,AWP,WE,Federal Contract Tower,6,1,3,0,10,1,14,34,4,53,7,15,37,4,63,8,0,8,71
05/01/2010,IFP,AZ,AWP,WE,Federal Contract Tower,2,1,1,0,4,0,11,49,0,60,2,12,50,0,64,8,0,8,72
05/02/2010,IFP,AZ,AWP,WE,Federal Contract Tower,9,1,3,0,13,0,4,22,0,26,9,5,25,0,39,0,0,0,39
05/03/2010,IFP,AZ,AWP,WE,Federal Contract Tower,6,1,3,0,10,0,8,39,0,47,6,9,42,0,57,40,0,40,97
05/04/2010,IFP,AZ,AWP,WE,Federal Contract Tower,1,1,2,0,4,0,7,39,6,52,1,8,41,6,56,46,0,46,102
05/05/2010,IFP,AZ,AWP,WE,Federal Contract Tower,2,0,1,0,3,0,7,40,2,49,2,7,41,2,52,26,0,26,78
05/06/2010,IFP,AZ,AWP,WE,Federal Contract Tower,5,1,6,0,12,0,8,24,0,32,5,9,30,0,44,12,0,12,56
05/07/2010,IFP,AZ,AWP,WE,Federal Contract Tower,5,0,3,0,8,0,8,26,0,34,5,8,29,0,42,6,0,6,48
05/08/2010,IFP,AZ,AWP,WE,Federal Contract Tower,2,0,1,0,3,0,0,23,1,24,2,0,24,1,27,6,0,6,33
05/09/2010,IFP,AZ,AWP,WE,Federal Contract Tower,5,0,1,0,6,0,5,37,0,42,5,5,38,0,48,8,0,8,56
05/10/2010,IFP,AZ,AWP,WE,Federal Contract Tower,5,0,0,0,5,0,13,34,0,47,5,13,34,0,52,14,0,14,66
05/11/2010,IFP,AZ,AWP,WE,Federal Contract Tower,2,0,1,0,3,0,8,13,0,21,2,8,14,0,24,2,0,2,26
05/12/2010,IFP,AZ,AWP,WE,Federal Contract Tower,1,1,2,0,4,0,9,17,0,26,1,10,19,0,30,0,0,0,30
05/13/2010,IFP,AZ,AWP,WE,Federal Contract Tower,4,2,1,0,7,0,8,21,0,29,4,10,22,0,36,14,0,14,50
05/14/2010,IFP,AZ,AWP,WE,Federal Contract Tower,4,1,1,0,6,0,5,44,4,53,4,6,45,4,59,2,2,4,63
05/15/2010,IFP,AZ,AWP,WE,Federal Contract Tower,2,1,2,0,5,0,4,44,0,48,2,5,46,0,53,8,0,8,61
05/16/2010,IFP,AZ,AWP,WE,Federal Contract Tower,4,0,6,0,10,1,4,50,0,55,5,4,56,0,65,10,0,10,75
05/17/2010,IFP,AZ,AWP,WE,Federal Contract Tower,5,0,2,2,9,0,7,34,2,43,5,7,36,4,52,26,0,26,78
05/18/2010,IFP,AZ,AWP,WE,Federal Contract Tower,2,0,0,0,2,0,8,42,0,50,2,8,42,0,52,16,0,16,68
05/19/2010,IFP,AZ,AWP,WE,Federal Contract Tower,1,2,2,0,5,0,6,36,4,46,1,8,38,4,51,22,0,22,73
05/20/2010,IFP,AZ,AWP,WE,Federal Contract Tower,6,0,2,0,8,0,10,40,0,50,6,10,42,0,58,22,0,22,80
05/21/2010,IFP,AZ,AWP,WE,Federal Contract Tower,4,0,1,0,5,0,5,28,6,39,4,5,29,6,44,14,0,14,58
05/22/2010,IFP,AZ,AWP,WE,Federal Contract Tower,5,0,2,0,7,0,5,26,0,31,5,5,28,0,38,12,0,12,50
05/23/2010,IFP,AZ,AWP,WE,Federal Contract Tower,3,0,1,0,4,1,8,24,0,33,4,8,25,0,37,6,0,6,43
05/24/2010,IFP,AZ,AWP,WE,Federal Contract Tower,7,2,2,3,14,0,8,40,1,49,7,10,42,4,63,14,12,26,89
05/25/2010,IFP,AZ,AWP,WE,Federal Contract Tower,1,0,0,0,1,0,9,50,2,61,1,9,50,2,62,56,0,56,118
05/26/2010,IFP,AZ,AWP,WE,Federal Contract Tower,2,0,5,0,7,0,9,17,4,30,2,9,22,4,37,0,0,0,37
05/27/2010,IFP,AZ,AWP,WE,Federal Contract Tower,7,1,4,0,12,0,10,20,0,30,7,11,24,0,42,2,0,2,44
05/28/2010,IFP,AZ,AWP,WE,Federal Contract Tower,5,0,4,3,12,0,6,25,1,32,5,6,29,4,44,28,0,28,72
05/29/2010,IFP,AZ,AWP,WE,Federal Contract Tower,1,0,2,0,3,0,8,32,0,40,1,8,34,0,43,0,0,0,43
05/30/2010,IFP,AZ,AWP,WE,Federal Contract Tower,5,0,3,0,8,0,3,42,0,45,5,3,45,0,53,14,0,14,67
05/31/2010,IFP,AZ,AWP,WE,Federal Contract Tower,6,0,4,0,10,0,5,39,0,44,6,5,43,0,54,0,0,0,54
06/01/2010,IFP,AZ,AWP,WE,Federal Contract Tower,1,1,4,2,8,0,20,33,0,53,1,21,37,2,61,28,0,28,89
06/02/2010,IFP,AZ,AWP,WE,Federal Contract Tower,3,0,2,0,5,0,8,36,1,45,3,8,38,1,50,20,0,20,70
06/03/2010,IFP,AZ,AWP,WE,Federal Contract Tower,5,0,1,0,6,0,4,25,0,29,5,4,26,0,35,14,0,14,49
06/04/2010,IFP,AZ,AWP,WE,Federal Contract Tower,5,0,1,0,6,0,10,19,0,29,5,10,20,0,35,12,0,12,47
06/05/2010,IFP,AZ,AWP,WE,Federal Contract Tower,3,0,1,0,4,0,0,32,2,34,3,0,33,2,38,0,0,0,38
06/06/2010,IFP,AZ,AWP,WE,Federal Contract Tower,5,2,0,0,7,0,6,44,0,50,5,8,44,0,57,20,0,20,77
06/07/2010,IFP,AZ,AWP,WE,Federal Contract Tower,3,0,1,0,4,1,6,41,0,48,4,6,42,0,52,58,0,58,110
06/08/2010,IFP,AZ,AWP,WE,Federal Contract Tower,3,0,4,0,7,0,7,32,0,39,3,7,36,0,46,22,0,22,68
06/09/2010,IFP,AZ,AWP,WE,Federal Contract Tower,4,1,2,0,7,0,11,24,0,35,4,12,26,0,42,12,0,12,54
06/10/2010,IFP,AZ,AWP,WE,Federal Contract Tower,4,0,0,0,4,0,7,26,0,33,4,7,26,0,37,24,0,24,61
06/11/2010,IFP,AZ,AWP,WE,Federal Contract Tower,5,0,2,0,7,0,4,44,0,48,5,4,46,0,55,18,0,18,73
06/12/2010,IFP,AZ,AWP,WE,Federal Contract Tower,6,0,0,0,6,0,0,14,2,16,6,0,14,2,22,26,0,26,48
06/13/2010,IFP,AZ,AWP,WE,Federal Contract Tower,4,0,5,0,9,0,0,47,0,47,4,0,52,0,56,102,0,102,158
06/14/2010,IFP,AZ,AWP,WE,Federal Contract Tower,2,0,0,0,2,0,10,26,0,36,2,10,26,0,38,2,0,2,40
06/15/2010,IFP,AZ,AWP,WE,Federal Contract Tower,3,0,1,0,4,0,13,29,0,42,3,13,30,0,46,2,0,2,48
06/16/2010,IFP,AZ,AWP,WE,Federal Contract Tower,3,0,1,0,4,0,7,23,0,30,3,7,24,0,34,0,0,0,34
06/17/2010,IFP,AZ,AWP,WE,Federal Contract Tower,4,0,4,0,8,1,6,43,2,52,5,6,47,2,60,8,4,12,72
06/18/2010,IFP,AZ,AWP,WE,Federal Contract Tower,2,0,2,0,4,0,15,46,2,63,2,15,48,2,67,14,0,14,81
06/19/2010,IFP,AZ,AWP,WE,Federal Contract Tower,4,1,4,0,9,0,6,41,1,48,4,7,45,1,57,24,0,24,81
06/20/2010,IFP,AZ,AWP,WE,Federal Contract Tower,5,2,0,0,7,0,0,38,0,38,5,2,38,0,45,2,0,2,47
06/21/2010,IFP,AZ,AWP,WE,Federal Contract Tower,4,1,3,0,8,0,6,35,0,41,4,7,38,0,49,48,0,48,97
06/22/2010,IFP,AZ,AWP,WE,Federal Contract Tower,1,2,1,0,4,0,18,29,8,55,1,20,30,8,59,4,0,4,63
06/23/2010,IFP,AZ,AWP,WE,Federal Contract Tower,4,0,2,0,6,0,10,28,2,40,4,10,30,2,46,0,0,0,46
06/24/2010,IFP,AZ,AWP,WE,Federal Contract Tower,5,0,1,0,6,0,8,23,0,31,5,8,24,0,37,6,0,6,43
06/25/2010,IFP,AZ,AWP,WE,Federal Contract Tower,3,0,4,0,7,0,7,29,0,36,3,7,33,0,43,10,0,10,53
06/26/2010,IFP,AZ,AWP,WE,Federal Contract Tower,3,0,4,0,7,0,9,38,0,47,3,9,42,0,54,6,0,6,60
06/27/2010,IFP,AZ,AWP,WE,Federal Contract Tower,4,0,3,0,7,0,3,41,0,44,4,3,44,0,51,26,0,26,77
06/28/2010,IFP,AZ,AWP,WE,Federal Contract Tower,4,0,1,0,5,0,5,28,0,33,4,5,29,0,38,2,0,2,40
06/29/2010,IFP,AZ,AWP,WE,Federal Contract Tower,1,0,1,0,2,0,7,24,0,31,1,7,25,0,33,10,0,10,43
06/30/2010,IFP,AZ,AWP,WE,Federal Contract Tower,3,0,1,0,4,0,15,21,0,36,3,15,22,0,40,2,0,2,42
07/01/2010,IFP,AZ,AWP,WE,Federal Contract Tower,6,0,0,0,6,0,9,28,5,42,6,9,28,5,48,0,0,0,48
07/02/2010,IFP,AZ,AWP,WE,Federal Contract Tower,4,0,2,0,6,0,12,34,2,48,4,12,36,2,54,12,0,12,66
07/03/2010,IFP,AZ,AWP,WE,Federal Contract Tower,3,0,0,0,3,0,10,35,0,45,3,10,35,0,48,2,0,2,50
07/04/2010,IFP,AZ,AWP,WE,Federal Contract Tower,2,0,2,0,4,0,0,17,0,17,2,0,19,0,21,8,0,8,29
07/05/2010,IFP,AZ,AWP,WE,Federal Contract Tower,6,0,1,0,7,0,4,46,0,50,6,4,47,0,57,0,0,0,57
07/06/2010,IFP,AZ,AWP,WE,Federal Contract Tower,2,0,3,0,5,0,7,17,2,26,2,7,20,2,31,10,0,10,41
07/07/2010,IFP,AZ,AWP,WE,Federal Contract Tower,3,0,4,0,7,0,6,14,0,20,3,6,18,0,27,8,0,8,35
07/08/2010,IFP,AZ,AWP,WE,Federal Contract Tower,2,1,2,0,5,0,2,17,0,19,2,3,19,0,24,4,0,4,28
07/09/2010,IFP,AZ,AWP,WE,Federal Contract Tower,6,1,4,0,11,0,4,28,0,32,6,5,32,0,43,4,0,4,47
07/10/2010,IFP,AZ,AWP,WE,Federal Contract Tower,3,0,0,0,3,0,0,23,0,23,3,0,23,0,26,2,0,2,28
07/11/2010,IFP,AZ,AWP,WE,Federal Contract Tower,4,2,2,0,8,0,6,22,0,28,4,8,24,0,36,6,0,6,42
07/12/2010,IFP,AZ,AWP,WE,Federal Contract Tower,3,0,1,0,4,0,3,19,0,22,3,3,20,0,26,14,0,14,40
07/13/2010,IFP,AZ,AWP,WE,Federal Contract Tower,2,0,2,0,4,0,8,17,0,25,2,8,19,0,29,12,0,12,41
07/14/2010,IFP,AZ,AWP,WE,Federal Contract Tower,5,0,2,0,7,0,3,11,0,14,5,3,13,0,21,0,0,0,21
07/15/2010,IFP,AZ,AWP,WE,Federal Contract Tower,2,0,0,0,2,0,6,21,4,31,2,6,21,4,33,2,0,2,35
07/16/2010,IFP,AZ,AWP,WE,Federal Contract Tower,5,0,1,0,6,0,4,19,2,25,5,4,20,2,31,4,0,4,35
07/17/2010,IFP,AZ,AWP,WE,Federal Contract Tower,3,0,0,0,3,0,4,19,0,23,3,4,19,0,26,0,0,0,26
07/18/2010,IFP,AZ,AWP,WE,Federal Contract Tower,6,0,3,0,9,0,6,13,1,20,6,6,16,1,29,0,0,0,29
07/19/2010,IFP,AZ,AWP,WE,Federal Contract Tower,8,0,3,0,11,0,3,38,0,41,8,3,41,0,52,34,0,34,86
07/20/2010,IFP,AZ,AWP,WE,Federal Contract Tower,2,1,2,0,5,0,7,31,0,38,2,8,33,0,43,38,0,38,81
07/21/2010,IFP,AZ,AWP,WE,Federal Contract Tower,4,1,2,0,7,0,6,24,0,30,4,7,26,0,37,62,0,62,99
07/22/2010,IFP,AZ,AWP,WE,Federal Contract Tower,7,1,2,1,11,0,4,31,4,39,7,5,33,5,50,30,0,30,80
07/23/2010,IFP,AZ,AWP,WE,Federal Contract Tower,5,2,1,0,8,1,10,37,0,48,6,12,38,0,56,56,0,56,112
07/24/2010,IFP,AZ,AWP,WE,Federal Contract Tower,3,1,3,0,7,0,2,22,0,24,3,3,25,0,31,14,0,14,45
07/25/2010,IFP,AZ,AWP,WE,Federal Contract Tower,4,0,0,0,4,0,2,21,0,23,4,2,21,0,27,8,0,8,35
07/26/2010,IFP,AZ,AWP,WE,Federal Contract Tower,7,1,0,0,8,0,4,23,2,29,7,5,23,2,37,2,0,2,39
07/27/2010,IFP,AZ,AWP,WE,Federal Contract Tower,1,0,0,0,1,0,6,12,2,20,1,6,12,2,21,4,0,4,25
07/28/2010,IFP,AZ,AWP,WE,Federal Contract Tower,4,0,2,0,6,0,10,15,3,28,4,10,17,3,34,10,0,10,44
07/29/2010,IFP,AZ,AWP,WE,Federal Contract Tower,5,2,3,0,10,0,21,26,0,47,5,23,29,0,57,8,0,8,65
07/30/2010,IFP,AZ,AWP,WE,Federal Contract Tower,8,2,0,0,10,0,3,27,0,30,8,5,27,0,40,34,0,34,74
07/31/2010,IFP,AZ,AWP,WE,Federal Contract Tower,4,0,3,0,7,0,0,18,2,20,4,0,21,2,27,2,0,2,29
08/01/2010,IFP,AZ,AWP,WE,Federal Contract Tower,5,0,0,0,5,0,0,35,1,36,5,0,35,1,41,10,0,10,51
08/02/2010,IFP,AZ,AWP,WE,Federal Contract Tower,9,0,3,0,12,0,3,14,1,18,9,3,17,1,30,10,0,10,40
08/03/2010,IFP,AZ,AWP,WE,Federal Contract Tower,2,0,0,0,2,0,10,20,0,30,2,10,20,0,32,4,0,4,36
08/04/2010,IFP,AZ,AWP,WE,Federal Contract Tower,4,0,5,0,9,0,6,21,0,27,4,6,26,0,36,16,0,16,52
08/05/2010,IFP,AZ,AWP,WE,Federal Contract Tower,4,0,3,0,7,0,8,37,0,45,4,8,40,0,52,8,0,8,60
08/06/2010,IFP,AZ,AWP,WE,Federal Contract Tower,8,0,2,0,10,0,10,47,0,57,8,10,49,0,67,24,0,24,91
08/07/2010,IFP,AZ,AWP,WE,Federal Contract Tower,3,0,0,0,3,1,6,32,0,39,4,6,32,0,42,16,0,16,58
08/08/2010,IFP,AZ,AWP,WE,Federal Contract Tower,8,0,1,0,9,0,3,45,0,48,8,3,46,0,57,30,0,30,87
08/09/2010,IFP,AZ,AWP,WE,Federal Contract Tower,6,0,2,0,8,0,5,27,0,32,6,5,29,0,40,12,0,12,52
08/10/2010,IFP,AZ,AWP,WE,Federal Contract Tower,1,0,0,0,1,0,7,32,0,39,1,7,32,0,40,6,0,6,46
08/11/2010,IFP,AZ,AWP,WE,Federal Contract Tower,4,0,1,0,5,0,7,25,0,32,4,7,26,0,37,24,0,24,61
08/12/2010,IFP,AZ,AWP,WE,Federal Contract Tower,5,2,1,0,8,0,3,25,0,28,5,5,26,0,36,12,0,12,48
08/13/2010,IFP,AZ,AWP,WE,Federal Contract Tower,8,2,4,0,14,0,11,37,2,50,8,13,41,2,64,28,0,28,92
08/14/2010,IFP,AZ,AWP,WE,Federal Contract Tower,3,2,2,0,7,0,11,31,0,42,3,13,33,0,49,0,0,0,49
08/15/2010,IFP,AZ,AWP,WE,Federal Contract Tower,4,0,0,0,4,0,0,24,0,24,4,0,24,0,28,0,0,0,28
08/16/2010,IFP,AZ,AWP,WE,Federal Contract Tower,12,3,0,0,15,0,6,23,0,29,12,9,23,0,44,0,0,0,44
08/17/2010,IFP,AZ,AWP,WE,Federal Contract Tower,0,0,2,0,2,0,16,23,0,39,0,16,25,0,41,6,0,6,47
08/18/2010,IFP,AZ,AWP,WE,Federal Contract Tower,3,0,1,0,4,0,13,11,2,26,3,13,12,2,30,20,0,20,50
08/19/2010,IFP,AZ,AWP,WE,Federal Contract Tower,6,0,1,0,7,0,7,29,0,36,6,7,30,0,43,32,0,32,75
08/20/2010,IFP,AZ,AWP,WE,Federal Contract Tower,9,0,1,0,10,1,4,28,2,35,10,4,29,2,45,34,0,34,79
08/21/2010,IFP,AZ,AWP,WE,Federal Contract Tower,2,2,0,0,4,0,0,29,0,29,2,2,29,0,33,38,0,38,71
08/22/2010,IFP,AZ,AWP,WE,Federal Contract Tower,4,0,0,0,4,0,3,18,0,21,4,3,18,0,25,0,0,0,25
08/23/2010,IFP,AZ,AWP,WE,Federal Contract Tower,8,0,3,0,11,0,9,12,0,21,8,9,15,0,32,6,0,6,38
08/24/2010,IFP,AZ,AWP,WE,Federal Contract Tower,1,3,0,0,4,0,12,9,0,21,1,15,9,0,25,19,0,19,44
08/25/2010,IFP,AZ,AWP,WE,Federal Contract Tower,2,0,4,0,6,0,7,24,0,31,2,7,28,0,37,14,0,14,51
08/26/2010,IFP,AZ,AWP,WE,Federal Contract Tower,1,0,0,0,1,0,7,14,1,22,1,7,14,1,23,6,0,6,29
08/27/2010,IFP,AZ,AWP,WE,Federal Contract Tower,7,0,1,0,8,1,7,29,0,37,8,7,30,0,45,28,0,28,73
08/28/2010,IFP,AZ,AWP,WE,Federal Contract Tower,6,0,2,0,8,0,0,11,0,11,6,0,13,0,19,4,0,4,23
08/29/2010,IFP,AZ,AWP,WE,Federal Contract Tower,3,0,1,0,4,0,0,30,0,30,3,0,31,0,34,23,0,23,57
08/30/2010,IFP,AZ,AWP,WE,Federal Contract Tower,5,0,1,0,6,1,3,27,0,31,6,3,28,0,37,20,0,20,57
08/31/2010,IFP,AZ,AWP,WE,Federal Contract Tower,2,0,1,0,3,0,7,35,0,42,2,7,36,0,45,18,0,18,63
09/01/2010,IFP,AZ,AWP,WE,Federal Contract Tower,3,2,0,0,5,0,4,35,1,40,3,6,35,1,45,20,0,20,65
09/02/2010,IFP,AZ,AWP,WE,Federal Contract Tower,5,0,3,0,8,0,6,31,2,39,5,6,34,2,47,8,0,8,55
09/03/2010,IFP,AZ,AWP,WE,Federal Contract Tower,7,0,4,0,11,0,2,49,0,51,7,2,53,0,62,20,0,20,82
09/04/2010,IFP,AZ,AWP,WE,Federal Contract Tower,3,0,0,0,3,0,11,38,1,50,3,11,38,1,53,8,6,14,67
09/05/2010,IFP,AZ,AWP,WE,Federal Contract Tower,5,0,1,0,6,0,0,25,1,26,5,0,26,1,32,0,0,0,32
09/06/2010,IFP,AZ,AWP,WE,Federal Contract Tower,5,3,2,0,10,0,0,44,0,44,5,3,46,0,54,8,0,8,62
09/07/2010,IFP,AZ,AWP,WE,Federal Contract Tower,1,2,3,0,6,0,4,23,0,27,1,6,26,0,33,34,0,34,67
09/08/2010,IFP,AZ,AWP,WE,Federal Contract Tower,3,1,1,0,5,0,7,13,0,20,3,8,14,0,25,20,0,20,45
09/09/2010,IFP,AZ,AWP,WE,Federal Contract Tower,7,0,1,0,8,0,3,16,0,19,7,3,17,0,27,6,0,6,33
09/10/2010,IFP,AZ,AWP,WE,Federal Contract Tower,4,0,0,0,4,0,3,50,0,53,4,3,50,0,57,16,0,16,73
09/11/2010,IFP,AZ,AWP,WE,Federal Contract Tower,3,0,0,0,3,0,11,38,0,49,3,11,38,0,52,28,0,28,80
09/12/2010,IFP,AZ,AWP,WE,Federal Contract Tower,8,1,4,0,13,3,0,38,0,41,11,1,42,0,54,0,0,0,54
09/13/2010,IFP,AZ,AWP,WE,Federal Contract Tower,4,0,0,0,4,0,5,21,0,26,4,5,21,0,30,0,0,0,30
09/14/2010,IFP,AZ,AWP,WE,Federal Contract Tower,2,0,2,0,4,0,4,26,0,30,2,4,28,0,34,20,0,20,54
09/15/2010,IFP,AZ,AWP,WE,Federal Contract Tower,5,0,0,0,5,0,8,18,0,26,5,8,18,0,31,14,0,14,45
09/16/2010,IFP,AZ,AWP,WE,Federal Contract Tower,7,0,1,0,8,0,6,29,0,35,7,6,30,0,43,24,0,24,67
09/17/2010,IFP,AZ,AWP,WE,Federal Contract Tower,4,0,0,0,4,0,12,37,4,53,4,12,37,4,57,42,0,42,99
09/18/2010,IFP,AZ,AWP,WE,Federal Contract Tower,5,1,2,0,8,0,3,41,0,44,5,4,43,0,52,14,0,14,66
09/19/2010,IFP,AZ,AWP,WE,Federal Contract Tower,6,0,0,0,6,0,0,40,8,48,6,0,40,8,54,22,0,22,76
09/20/2010,IFP,AZ,AWP,WE,Federal Contract Tower,4,0,0,0,4,0,5,24,4,33,4,5,24,4,37,6,0,6,43
09/21/2010,IFP,AZ,AWP,WE,Federal Contract Tower,3,0,2,0,5,0,3,25,0,28,3,3,27,0,33,22,0,22,55
09/22/2010,IFP,AZ,AWP,WE,Federal Contract Tower,3,0,0,0,3,0,15,10,1,26,3,15,10,1,29,4,0,4,33
09/23/2010,IFP,AZ,AWP,WE,Federal Contract Tower,8,0,1,0,9,0,6,33,0,39,8,6,34,0,48,26,0,26,74
09/24/2010,IFP,AZ,AWP,WE,Federal Contract Tower,5,0,0,0,5,0,10,35,0,45,5,10,35,0,50,0,0,0,50
09/25/2010,IFP,AZ,AWP,WE,Federal Contract Tower,3,0,0,0,3,0,4,30,0,34,3,4,30,0,37,8,0,8,45
09/26/2010,IFP,AZ,AWP,WE,Federal Contract Tower,6,0,0,0,6,0,6,48,0,54,6,6,48,0,60,14,0,14,74
09/27/2010,IFP,AZ,AWP,WE,Federal Contract Tower,4,0,0,0,4,0,11,22,0,33,4,11,22,0,37,58,0,58,95
09/28/2010,IFP,AZ,AWP,WE,Federal Contract Tower,2,0,0,0,2,1,3,32,2,38,3,3,32,2,40,12,0,12,52
09/29/2010,IFP,AZ,AWP,WE,Federal Contract Tower,4,0,0,0,4,0,5,53,0,58,4,5,53,0,62,2,0,2,64
09/30/2010,IFP,AZ,AWP,WE,Federal Contract Tower,7,2,1,0,10,0,3,42,0,45,7,5,43,0,55,8,0,8,63
10/01/2010,IFP,AZ,AWP,WE,Federal Contract Tower,2,0,0,0,2,0,3,30,0,33,2,3,30,0,35,0,0,0,35
10/02/2010,IFP,AZ,AWP,WE,Federal Contract Tower,4,1,0,0,5,0,5,19,0,24,4,6,19,0,29,0,0,0,29
10/03/2010,IFP,AZ,AWP,WE,Federal Contract Tower,9,0,0,0,9,0,0,4,0,4,9,0,4,0,13,0,0,0,13
10/04/2010,IFP,AZ,AWP,WE,Federal Contract Tower,4,2,0,3,9,0,3,24,1,28,4,5,24,4,37,16,0,16,53
10/05/2010,IFP,AZ,AWP,WE,Federal Contract Tower,0,0,0,0,0,0,5,18,0,23,0,5,18,0,23,2,0,2,25
10/06/2010,IFP,AZ,AWP,WE,Federal Contract Tower,4,0,1,0,5,0,3,25,0,28,4,3,26,0,33,18,0,18,51
10/07/2010,IFP,AZ,AWP,WE,Federal Contract Tower,5,0,1,0,6,0,8,47,0,55,5,8,48,0,61,30,0,30,91
10/08/2010,IFP,AZ,AWP,WE,Federal Contract Tower,2,0,0,0,2,0,3,39,0,42,2,3,39,0,44,32,0,32,76
10/09/2010,IFP,AZ,AWP,WE,Federal Contract Tower,3,0,1,0,4,0,4,30,0,34,3,4,31,0,38,12,0,12,50
10/10/2010,IFP,AZ,AWP,WE,Federal Contract Tower,6,0,1,0,7,0,0,35,0,35,6,0,36,0,42,6,0,6,48
10/11/2010,IFP,AZ,AWP,WE,Federal Contract Tower,5,0,3,0,8,0,4,28,0,32,5,4,31,0,40,18,0,18,58
10/12/2010,IFP,AZ,AWP,WE,Federal Contract Tower,1,0,1,0,2,0,11,31,2,44,1,11,32,2,46,0,0,0,46
10/13/2010,IFP,AZ,AWP,WE,Federal Contract Tower,3,0,1,0,4,0,6,7,0,13,3,6,8,0,17,0,0,0,17
10/14/2010,IFP,AZ,AWP,WE,Federal Contract Tower,6,0,1,0,7,0,3,22,0,25,6,3,23,0,32,4,0,4,36
10/15/2010,IFP,AZ,AWP,WE,Federal Contract Tower,4,0,1,0,5,0,7,40,0,47,4,7,41,0,52,10,0,10,62
10/16/2010,IFP,AZ,AWP,WE,Federal Contract Tower,4,1,3,0,8,0,5,37,0,42,4,6,40,0,50,18,0,18,68
10/17/2010,IFP,AZ,AWP,WE,Federal Contract Tower,5,0,3,0,8,0,10,50,0,60,5,10,53,0,68,26,0,26,94
10/18/2010,IFP,AZ,AWP,WE,Federal Contract Tower,4,0,1,0,5,0,2,19,0,21,4,2,20,0,26,18,0,18,44
10/19/2010,IFP,AZ,AWP,WE,Federal Contract Tower,1,0,2,0,3,0,5,15,0,20,1,5,17,0,23,0,0,0,23
10/20/2010,IFP,AZ,AWP,WE,Federal Contract Tower,3,1,3,2,9,0,2,7,0,9,3,3,10,2,18,0,6,6,24
10/21/2010,IFP,AZ,AWP,WE,Federal Contract Tower,8,0,0,0,8,0,10,33,0,43,8,10,33,0,51,32,0,32,83
10/22/2010,IFP,AZ,AWP,WE,Federal Contract Tower,4,1,3,0,8,0,3,26,0,29,4,4,29,0,37,20,0,20,57
10/23/2010,IFP,AZ,AWP,WE,Federal Contract Tower,3,1,2,0,6,0,0,50,2,52,3,1,52,2,58,24,0,24,82
10/24/2010,IFP,AZ,AWP,WE,Federal Contract Tower,7,0,2,0,9,0,0,45,0,45,7,0,47,0,54,20,0,20,74
10/25/2010,IFP,AZ,AWP,WE,Federal Contract Tower,4,0,1,0,5,0,7,45,0,52,4,7,46,0,57,32,0,32,89
10/26/2010,IFP,AZ,AWP,WE,Federal Contract Tower,1,2,4,0,7,0,3,35,0,38,1,5,39,0,45,24,0,24,69
10/27/2010,IFP,AZ,AWP,WE,Federal Contract Tower,4,2,0,2,8,0,3,7,2,12,4,5,7,4,20,0,0,0,20
10/28/2010,IFP,AZ,AWP,WE,Federal Contract Tower,8,0,2,0,10,0,9,38,0,47,8,9,40,0,57,40,0,40,97
10/29/2010,IFP,AZ,AWP,WE,Federal Contract Tower,3,0,0,0,3,2,3,50,2,57,5,3,50,2,60,20,0,20,80
10/30/2010,IFP,AZ,AWP,WE,Federal Contract Tower,3,0,0,0,3,0,7,17,0,24,3,7,17,0,27,16,0,16,43
10/31/2010,IFP,AZ,AWP,WE,Federal Contract Tower,7,0,1,0,8,0,1,45,0,46,7,1,46,0,54,16,0,16,70
11/01/2010,IFP,AZ,AWP,WE,Federal Contract Tower,5,0,0,0,5,0,9,21,0,30,5,9,21,0,35,6,0,6,41
11/02/2010,IFP,AZ,AWP,WE,Federal Contract Tower,3,0,2,0,5,0,5,22,0,27,3,5,24,0,32,12,0,12,44
11/03/2010,IFP,AZ,AWP,WE,Federal Contract Tower,3,0,1,0,4,0,9,26,1,36,3,9,27,1,40,0,0,0,40
11/04/2010,IFP,AZ,AWP,WE,Federal Contract Tower,7,0,0,0,7,0,4,42,0,46,7,4,42,0,53,16,0,16,69
11/05/2010,IFP,AZ,AWP,WE,Federal Contract Tower,4,0,1,0,5,0,13,39,4,56,4,13,40,4,61,38,0,38,99
11/06/2010,IFP,AZ,AWP,WE,Federal Contract Tower,5,0,2,0,7,0,0,34,0,34,5,0,36,0,41,42,0,42,83
11/07/2010,IFP,AZ,AWP,WE,Federal Contract Tower,7,0,2,0,9,0,2,62,0,64,7,2,64,0,73,46,0,46,119
11/08/2010,IFP,AZ,AWP,WE,Federal Contract Tower,4,0,2,0,6,0,9,28,0,37,4,9,30,0,43,6,0,6,49
11/09/2010,IFP,AZ,AWP,WE,Federal Contract Tower,3,0,0,0,3,0,3,34,0,37,3,3,34,0,40,18,0,18,58
11/10/2010,IFP,AZ,AWP,WE,Federal Contract Tower,3,0,2,0,5,0,5,41,0,46,3,5,43,0,51,12,0,12,63
11/11/2010,IFP,AZ,AWP,WE,Federal Contract Tower,8,0,1,0,9,0,2,22,0,24,8,2,23,0,33,6,0,6,39
11/12/2010,IFP,AZ,AWP,WE,Federal Contract Tower,4,0,2,0,6,0,7,27,0,34,4,7,29,0,40,30,0,30,70
11/13/2010,IFP,AZ,AWP,WE,Federal Contract Tower,4,0,1,0,5,0,0,23,0,23,4,0,24,0,28,4,0,4,32
11/14/2010,IFP,AZ,AWP,WE,Federal Contract Tower,8,0,1,0,9,0,5,51,0,56,8,5,52,0,65,36,0,36,101
11/15/2010,IFP,AZ,AWP,WE,Federal Contract Tower,4,0,2,0,6,0,7,43,0,50,4,7,45,0,56,70,0,70,126
11/16/2010,IFP,AZ,AWP,WE,Federal Contract Tower,3,0,1,0,4,0,6,46,0,52,3,6,47,0,56,20,0,20,76
11/17/2010,IFP,AZ,AWP,WE,Federal Contract Tower,3,0,5,0,8,1,13,31,0,45,4,13,36,0,53,26,0,26,79
11/18/2010,IFP,AZ,AWP,WE,Federal Contract Tower,7,0,2,0,9,1,11,39,0,51,8,11,41,0,60,38,0,38,98
11/19/2010,IFP,AZ,AWP,WE,Federal Contract Tower,4,0,3,0,7,0,7,25,0,32,4,7,28,0,39,28,0,28,67
11/20/2010,IFP,AZ,AWP,WE,Federal Contract Tower,4,0,0,0,4,0,0,21,0,21,4,0,21,0,25,8,0,8,33
11/21/2010,IFP,AZ,AWP,WE,Federal Contract Tower,5,0,2,0,7,0,1,11,0,12,5,1,13,0,19,4,0,4,23
11/22/2010,IFP,AZ,AWP,WE,Federal Contract Tower,4,0,1,0,5,0,4,34,0,38,4,4,35,0,43,18,0,18,61
11/23/2010,IFP,AZ,AWP,WE,Federal Contract Tower,4,0,1,0,5,0,2,21,0,23,4,2,22,0,28,28,0,28,56
11/24/2010,IFP,AZ,AWP,WE,Federal Contract Tower,4,0,0,0,4,0,5,17,0,22,4,5,17,0,26,0,0,0,26
11/25/2010,IFP,AZ,AWP,WE,Federal Contract Tower,9,0,0,0,9,0,2,8,0,10,9,2,8,0,19,0,0,0,19
11/26/2010,IFP,AZ,AWP,WE,Federal Contract Tower,5,0,2,0,7,0,3,23,0,26,5,3,25,0,33,2,0,2,35
11/27/2010,IFP,AZ,AWP,WE,Federal Contract Tower,5,0,0,0,5,0,3,33,0,36,5,3,33,0,41,4,0,4,45
11/28/2010,IFP,AZ,AWP,WE,Federal Contract Tower,7,0,0,0,7,0,0,20,0,20,7,0,20,0,27,4,0,4,31
11/29/2010,IFP,AZ,AWP,WE,Federal Contract Tower,5,0,2,0,7,0,3,17,0,20,5,3,19,0,27,10,0,10,37
11/30/2010,IFP,AZ,AWP,WE,Federal Contract Tower,3,0,1,0,4,1,2,26,0,29,4,2,27,0,33,0,0,0,33
12/01/2010,IFP,AZ,AWP,WE,Federal Contract Tower,1,2,0,0,3,0,5,19,0,24,1,7,19,0,27,12,0,12,39
12/02/2010,IFP,AZ,AWP,WE,Federal Contract Tower,9,0,1,0,10,0,2,30,0,32,9,2,31,0,42,24,0,24,66
12/03/2010,IFP,AZ,AWP,WE,Federal Contract Tower,5,0,1,3,9,0,9,34,1,44,5,9,35,4,53,4,0,4,57
12/04/2010,IFP,AZ,AWP,WE,Federal Contract Tower,3,0,1,0,4,1,7,53,0,61,4,7,54,0,65,16,0,16,81
12/05/2010,IFP,AZ,AWP,WE,Federal Contract Tower,5,0,0,0,5,0,3,50,1,54,5,3,50,1,59,14,0,14,73
12/06/2010,IFP,AZ,AWP,WE,Federal Contract Tower,1,0,0,0,1,0,2,37,0,39,1,2,37,0,40,20,0,20,60
12/07/2010,IFP,AZ,AWP,WE,Federal Contract Tower,1,1,3,0,5,0,1,24,0,25,1,2,27,0,30,20,0,20,50
12/08/2010,IFP,AZ,AWP,WE,Federal Contract Tower,1,0,3,0,4,0,2,20,0,22,1,2,23,0,26,52,0,52,78
12/09/2010,IFP,AZ,AWP,WE,Federal Contract Tower,3,0,2,0,5,0,1,40,2,43,3,1,42,2,48,32,0,32,80
12/10/2010,IFP,AZ,AWP,WE,Federal Contract Tower,2,0,3,0,5,0,9,34,5,48,2,9,37,5,53,16,2,18,71
12/11/2010,IFP,AZ,AWP,WE,Federal Contract Tower,1,0,3,0,4,0,6,37,0,43,1,6,40,0,47,0,0,0,47
12/12/2010,IFP,AZ,AWP,WE,Federal Contract Tower,3,0,4,0,7,0,0,42,0,42,3,0,46,0,49,2,0,2,51
12/13/2010,IFP,AZ,AWP,WE,Federal Contract Tower,1,0,1,0,2,0,4,34,1,39,1,4,35,1,41,10,0,10,51
12/14/2010,IFP,AZ,AWP,WE,Federal Contract Tower,4,1,0,0,5,0,11,19,0,30,4,12,19,0,35,46,0,46,81
12/15/2010,IFP,AZ,AWP,WE,Federal Contract Tower,0,3,3,0,6,0,16,18,0,34,0,19,21,0,40,12,0,12,52
12/16/2010,IFP,AZ,AWP,WE,Federal Contract Tower,0,3,4,2,9,0,5,17,0,22,0,8,21,2,31,0,0,0,31
12/17/2010,IFP,AZ,AWP,WE,Federal Contract Tower,0,2,4,0,6,0,6,9,1,16,0,8,13,1,22,10,0,10,32
12/18/2010,IFP,AZ,AWP,WE,Federal Contract Tower,0,0,4,0,4,0,6,20,0,26,0,6,24,0,30,22,0,22,52
12/19/2010,IFP,AZ,AWP,WE,Federal Contract Tower,0,0,2,0,2,0,4,32,0,36,0,4,34,0,38,12,0,12,50
12/20/2010,IFP,AZ,AWP,WE,Federal Contract Tower,0,3,3,2,8,0,0,13,0,13,0,3,16,2,21,6,0,6,27
12/21/2010,IFP,AZ,AWP,WE,Federal Contract Tower,1,1,4,0,6,0,0,9,0,9,1,1,13,0,15,30,0,30,45
12/22/2010,IFP,AZ,AWP,WE,Federal Contract Tower,0,3,4,0,7,0,0,3,0,3,0,3,7,0,10,0,0,0,10
12/23/2010,IFP,AZ,AWP,WE,Federal Contract Tower,2,1,2,0,5,0,0,6,0,6,2,1,8,0,11,2,0,2,13
12/24/2010,IFP,AZ,AWP,WE,Federal Contract Tower,1,0,0,0,1,0,4,15,0,19,1,4,15,0,20,13,0,13,33
12/25/2010,IFP,AZ,AWP,WE,Federal Contract Tower,4,0,0,0,4,0,3,10,0,13,4,3,10,0,17,4,0,4,21
12/26/2010,IFP,AZ,AWP,WE,Federal Contract Tower,5,0,0,0,5,0,4,16,0,20,5,4,16,0,25,0,0,0,25
12/27/2010,IFP,AZ,AWP,WE,Federal Contract Tower,5,0,1,0,6,0,2,16,0,18,5,2,17,0,24,0,0,0,24
12/28/2010,IFP,AZ,AWP,WE,Federal Contract Tower,0,0,2,0,2,0,5,29,2,36,0,5,31,2,38,8,0,8,46
12/29/2010,IFP,AZ,AWP,WE,Federal Contract Tower,5,2,5,0,12,0,10,12,0,22,5,12,17,0,34,10,0,10,44
12/30/2010,IFP,AZ,AWP,WE,Federal Contract Tower,7,0,0,0,7,0,2,21,0,23,7,2,21,0,30,18,0,18,48
12/31/2010,IFP,AZ,AWP,WE,Federal Contract Tower,4,0,5,0,9,1,1,22,0,24,5,1,27,0,33,4,0,4,37
01/01/2011,IFP,AZ,AWP,WE,Federal Contract Tower,5,0,0,0,5,0,0,26,0,26,5,0,26,0,31,0,0,0,31
01/02/2011,IFP,AZ,AWP,WE,Federal Contract Tower,4,0,1,0,5,0,0,14,0,14,4,0,15,0,19,0,0,0,19
01/03/2011,IFP,AZ,AWP,WE,Federal Contract Tower,9,0,1,0,10,0,2,15,0,17,9,2,16,0,27,8,0,8,35
01/04/2011,IFP,AZ,AWP,WE,Federal Contract Tower,0,1,0,0,1,0,2,23,4,29,0,3,23,4,30,18,0,18,48
01/05/2011,IFP,AZ,AWP,WE,Federal Contract Tower,5,0,1,0,6,0,4,32,2,38,5,4,33,2,44,8,0,8,52
01/06/2011,IFP,AZ,AWP,WE,Federal Contract Tower,5,0,2,0,7,0,2,19,0,21,5,2,21,0,28,20,0,20,48
01/07/2011,IFP,AZ,AWP,WE,Federal Contract Tower,4,1,1,0,6,0,2,39,0,41,4,3,40,0,47,22,0,22,69
01/08/2011,IFP,AZ,AWP,WE,Federal Contract Tower,4,0,1,0,5,0,2,75,3,80,4,2,76,3,85,54,0,54,139
01/09/2011,IFP,AZ,AWP,WE,Federal Contract Tower,5,0,3,0,8,0,7,37,0,44,5,7,40,0,52,12,0,12,64
01/10/2011,IFP,AZ,AWP,WE,Federal Contract Tower,4,0,4,0,8,1,12,21,3,37,5,12,25,3,45,90,0,90,135
01/11/2011,IFP,AZ,AWP,WE,Federal Contract Tower,1,3,2,1,7,0,4,37,2,43,1,7,39,3,50,18,6,24,74
01/12/2011,IFP,AZ,AWP,WE,Federal Contract Tower,6,3,5,1,15,0,1,28,5,34,6,4,33,6,49,36,34,70,119
01/13/2011,IFP,AZ,AWP,WE,Federal Contract Tower,6,1,2,0,9,0,1,34,8,43,6,2,36,8,52,16,38,54,106
01/14/2011,IFP,AZ,AWP,WE,Federal Contract Tower,4,0,3,0,7,0,9,41,13,63,4,9,44,13,70,26,41,67,137
01/15/2011,IFP,AZ,AWP,WE,Federal Contract Tower,5,0,1,0,6,0,2,54,10,66,5,2,55,10,72,18,16,34,106
01/16/2011,IFP,AZ,AWP,WE,Federal Contract Tower,5,0,1,1,7,0,7,89,0,96,5,7,90,1,103,48,0,48,151
01/17/2011,IFP,AZ,AWP,WE,Federal Contract Tower,3,2,2,1,8,0,80,0,0,80,3,82,2,1,88,42,0,42,130
01/18/2011,IFP,AZ,AWP,WE,Federal Contract Tower,2,1,0,0,3,0,10,56,6,72,2,11,56,6,75,34,0,34,109
01/19/2011,IFP,AZ,AWP,WE,Federal Contract Tower,4,0,1,0,5,0,1,34,0,35,4,1,35,0,40,60,0,60,100
01/20/2011,IFP,AZ,AWP,WE,Federal Contract Tower,7,1,2,0,10,0,0,17,2,19,7,1,19,2,29,12,0,12,41
01/21/2011,IFP,AZ,AWP,WE,Federal Contract Tower,4,1,1,2,8,0,1,38,1,40,4,2,39,3,48,16,0,16,64
01/22/2011,IFP,AZ,AWP,WE,Federal Contract Tower,6,0,1,0,7,0,5,32,0,37,6,5,33,0,44,12,0,12,56
01/23/2011,IFP,AZ,AWP,WE,Federal Contract Tower,5,2,0,0,7,0,4,28,0,32,5,6,28,0,39,18,0,18,57
01/24/2011,IFP,AZ,AWP,WE,Federal Contract Tower,4,3,0,0,7,0,2,31,0,33,4,5,31,0,40,0,0,0,40
01/25/2011,IFP,AZ,AWP,WE,Federal Contract Tower,4,1,0,0,5,0,0,16,0,16,4,1,16,0,21,8,0,8,29
01/26/2011,IFP,AZ,AWP,WE,Federal Contract Tower,4,0,0,0,4,0,10,9,1,20,4,10,9,1,24,28,0,28,52
01/27/2011,IFP,AZ,AWP,WE,Federal Contract Tower,5,1,0,0,6,0,0,19,0,19,5,1,19,0,25,32,0,32,57
01/28/2011,IFP,AZ,AWP,WE,Federal Contract Tower,5,0,1,0,6,0,4,47,1,52,5,4,48,1,58,50,0,50,108
01/29/2011,IFP,AZ,AWP,WE,Federal Contract Tower,6,0,0,0,6,0,4,47,0,51,6,4,47,0,57,41,0,41,98
01/30/2011,IFP,AZ,AWP,WE,Federal Contract Tower,7,0,0,0,7,0,2,30,0,32,7,2,30,0,39,32,0,32,71
01/31/2011,IFP,AZ,AWP,WE,Federal Contract Tower,2,1,2,0,5,0,4,25,0,29,2,5,27,0,34,22,0,22,56
02/01/2011,IFP,AZ,AWP,WE,Federal Contract Tower,5,0,0,0,5,0,3,14,1,18,5,3,14,1,23,0,0,0,23
02/02/2011,IFP,AZ,AWP,WE,Federal Contract Tower,7,1,1,0,9,0,0,6,0,6,7,1,7,0,15,2,0,2,17
02/03/2011,IFP,AZ,AWP,WE,Federal Contract Tower,7,1,3,0,11,0,5,28,1,34,7,6,31,1,45,46,0,46,91
02/04/2011,IFP,AZ,AWP,WE,Federal Contract Tower,3,1,2,0,6,0,7,44,0,51,3,8,46,0,57,24,0,24,81
02/05/2011,IFP,AZ,AWP,WE,Federal Contract Tower,9,0,0,0,9,0,1,42,0,43,9,1,42,0,52,54,0,54,106
02/06/2011,IFP,AZ,AWP,WE,Federal Contract Tower,2,0,0,0,2,0,2,45,0,47,2,2,45,0,49,22,0,22,71
02/07/2011,IFP,AZ,AWP,WE,Federal Contract Tower,5,0,0,0,5,0,7,72,0,79,5,7,72,0,84,18,0,18,102
02/08/2011,IFP,AZ,AWP,WE,Federal Contract Tower,6,1,1,0,8,0,3,17,0,20,6,4,18,0,28,6,0,6,34
02/09/2011,IFP,AZ,AWP,WE,Federal Contract Tower,5,1,1,0,7,0,9,29,0,38,5,10,30,0,45,18,0,18,63
02/10/2011,IFP,AZ,AWP,WE,Federal Contract Tower,5,0,4,0,9,0,2,14,0,16,5,2,18,0,25,10,0,10,35
02/11/2011,IFP,AZ,AWP,WE,Federal Contract Tower,5,0,2,0,7,0,5,18,2,25,5,5,20,2,32,8,0,8,40
02/12/2011,IFP,AZ,AWP,WE,Federal Contract Tower,7,0,4,0,11,0,3,28,0,31,7,3,32,0,42,14,0,14,56
02/13/2011,IFP,AZ,AWP,WE,Federal Contract Tower,6,0,6,1,13,0,0,49,0,49,6,0,55,1,62,38,0,38,100
02/14/2011,IFP,AZ,AWP,WE,Federal Contract Tower,3,2,0,1,6,0,8,36,0,44,3,10,36,1,50,18,0,18,68
02/15/2011,IFP,AZ,AWP,WE,Federal Contract Tower,5,0,1,0,6,0,3,19,0,22,5,3,20,0,28,8,0,8,36
02/16/2011,IFP,AZ,AWP,WE,Federal Contract Tower,5,2,3,0,10,0,1,10,9,20,5,3,13,9,30,4,0,4,34
02/17/2011,IFP,AZ,AWP,WE,Federal Contract Tower,7,0,2,1,10,0,1,16,1,18,7,1,18,2,28,20,0,20,48
02/18/2011,IFP,AZ,AWP,WE,Federal Contract Tower,3,0,5,3,11,0,9,37,0,46,3,9,42,3,57,62,10,72,129
02/19/2011,IFP,AZ,AWP,WE,Federal Contract Tower,6,0,1,0,7,0,0,10,0,10,6,0,11,0,17,8,0,8,25
02/20/2011,IFP,AZ,AWP,WE,Federal Contract Tower,4,0,8,0,12,0,7,14,0,21,4,7,22,0,33,14,0,14,47
02/21/2011,IFP,AZ,AWP,WE,Federal Contract Tower,5,0,4,0,9,0,2,65,0,67,5,2,69,0,76,48,0,48,124
02/22/2011,IFP,AZ,AWP,WE,Federal Contract Tower,2,0,3,0,5,0,6,45,4,55,2,6,48,4,60,38,18,56,116
02/23/2011,IFP,AZ,AWP,WE,Federal Contract Tower,6,1,1,1,9,0,5,43,0,48,6,6,44,1,57,30,0,30,87
02/24/2011,IFP,AZ,AWP,WE,Federal Contract Tower,4,1,4,0,9,0,2,17,0,19,4,3,21,0,28,8,0,8,36
02/25/2011,IFP,AZ,AWP,WE,Federal Contract Tower,3,0,1,0,4,0,6,15,0,21,3,6,16,0,25,18,2,20,45
02/26/2011,IFP,AZ,AWP,WE,Federal Contract Tower,6,2,2,0,10,0,3,2,0,5,6,5,4,0,15,0,0,0,15
02/27/2011,IFP,AZ,AWP,WE,Federal Contract Tower,5,0,1,0,6,1,1,30,0,32,6,1,31,0,38,2,0,2,40
02/28/2011,IFP,AZ,AWP,WE,Federal Contract Tower,3,0,2,0,5,0,3,23,0,26,3,3,25,0,31,0,0,0,31
03/01/2011,IFP,AZ,AWP,WE,Federal Contract Tower,5,0,1,2,8,0,2,30,4,36,5,2,31,6,44,20,6,26,70
03/02/2011,IFP,AZ,AWP,WE,Federal Contract Tower,3,0,1,0,4,0,2,27,2,31,3,2,28,2,35,38,0,38,73
03/03/2011,IFP,AZ,AWP,WE,Federal Contract Tower,5,1,4,0,10,0,3,46,8,57,5,4,50,8,67,24,0,24,91
03/04/2011,IFP,AZ,AWP,WE,Federal Contract Tower,2,1,1,0,4,0,13,28,0,41,2,14,29,0,45,16,0,16,61
03/05/2011,IFP,AZ,AWP,WE,Federal Contract Tower,6,0,1,0,7,1,3,45,0,49,7,3,46,0,56,18,0,18,74
03/06/2011,IFP,AZ,AWP,WE,Federal Contract Tower,4,0,0,0,4,0,2,28,0,30,4,2,28,0,34,40,0,40,74
03/07/2011,IFP,AZ,AWP,WE,Federal Contract Tower,3,0,0,0,3,0,8,10,0,18,3,8,10,0,21,28,0,28,49
03/08/2011,IFP,AZ,AWP,WE,Federal Contract Tower,4,2,2,0,8,0,8,44,0,52,4,10,46,0,60,78,0,78,138
03/09/2011,IFP,AZ,AWP,WE,Federal Contract Tower,3,0,1,0,4,0,0,35,0,35,3,0,36,0,39,12,0,12,51
03/10/2011,IFP,AZ,AWP,WE,Federal Contract Tower,4,0,6,0,10,0,8,37,0,45,4,8,43,0,55,78,0,78,133
03/11/2011,IFP,AZ,AWP,WE,Federal Contract Tower,5,0,3,0,8,0,3,50,2,55,5,3,53,2,63,16,0,16,79
03/12/2011,IFP,AZ,AWP,WE,Federal Contract Tower,5,0,2,2,9,0,3,60,0,63,5,3,62,2,72,26,0,26,98
03/13/2011,IFP,AZ,AWP,WE,Federal Contract Tower,6,0,0,0,6,0,0,0,0,0,6,0,0,0,6,24,0,24,30
03/14/2011,IFP,AZ,AWP,WE,Federal Contract Tower,5,1,0,0,6,0,4,22,0,26,5,5,22,0,32,0,0,0,32
03/15/2011,IFP,AZ,AWP,WE,Federal Contract Tower,5,3,1,0,9,0,0,37,0,37,5,3,38,0,46,6,0,6,52
03/16/2011,IFP,AZ,AWP,WE,Federal Contract Tower,4,3,1,0,8,0,2,29,0,31,4,5,30,0,39,46,0,46,85
03/17/2011,IFP,AZ,AWP,WE,Federal Contract Tower,7,1,5,0,13,0,10,42,0,52,7,11,47,0,65,24,0,24,89
03/18/2011,IFP,AZ,AWP,WE,Federal Contract Tower,5,0,2,0,7,1,13,44,0,58,6,13,46,0,65,38,0,38,103
03/19/2011,IFP,AZ,AWP,WE,Federal Contract Tower,8,0,0,0,8,0,3,31,0,34,8,3,31,0,42,26,0,26,68
03/20/2011,IFP,AZ,AWP,WE,Federal Contract Tower,3,0,1,0,4,0,6,22,0,28,3,6,23,0,32,16,0,16,48
03/21/2011,IFP,AZ,AWP,WE,Federal Contract Tower,4,1,2,0,7,0,4,19,0,23,4,5,21,0,30,28,0,28,58
03/22/2011,IFP,AZ,AWP,WE,Federal Contract Tower,1,2,4,0,7,0,8,31,0,39,1,10,35,0,46,22,0,22,68
03/23/2011,IFP,AZ,AWP,WE,Federal Contract Tower,5,0,4,0,9,0,1,16,0,17,5,1,20,0,26,12,0,12,38
03/24/2011,IFP,AZ,AWP,WE,Federal Contract Tower,4,1,2,0,7,0,0,25,0,25,4,1,27,0,32,20,0,20,52
03/25/2011,IFP,AZ,AWP,WE,Federal Contract Tower,5,0,1,0,6,1,1,25,2,29,6,1,26,2,35,26,0,26,61
03/26/2011,IFP,AZ,AWP,WE,Federal Contract Tower,8,2,5,0,15,0,0,41,0,41,8,2,46,0,56,58,0,58,114
03/27/2011,IFP,AZ,AWP,WE,Federal Contract Tower,7,1,4,0,12,0,4,47,0,51,7,5,51,0,63,10,0,10,73
03/28/2011,IFP,AZ,AWP,WE,Federal Contract Tower,3,0,1,0,4,0,3,36,0,39,3,3,37,0,43,2,0,2,45
03/29/2011,IFP,AZ,AWP,WE,Federal Contract Tower,6,0,1,0,7,0,6,28,0,34,6,6,29,0,41,6,0,6,47
03/30/2011,IFP,AZ,AWP,WE,Federal Contract Tower,5,1,3,0,9,1,3,26,2,32,6,4,29,2,41,0,0,0,41
03/31/2011,IFP,AZ,AWP,WE,Federal Contract Tower,5,0,1,0,6,0,1,37,2,40,5,1,38,2,46,14,0,14,60
04/01/2011,IFP,AZ,AWP,WE,Federal Contract Tower,4,0,4,0,8,0,11,47,0,58,4,11,51,0,66,32,0,32,98
04/02/2011,IFP,AZ,AWP,WE,Federal Contract Tower,6,0,3,0,9,1,4,35,0,40,7,4,38,0,49,12,0,12,61
04/03/2011,IFP,AZ,AWP,WE,Federal Contract Tower,4,0,2,0,6,0,0,29,0,29,4,0,31,0,35,16,0,16,51
04/04/2011,IFP,AZ,AWP,WE,Federal Contract Tower,7,0,0,0,7,0,4,25,1,30,7,4,25,1,37,64,0,64,101
04/05/2011,IFP,AZ,AWP,WE,Federal Contract Tower,0,1,0,0,1,0,1,31,0,32,0,2,31,0,33,22,0,22,55
04/06/2011,IFP,AZ,AWP,WE,Federal Contract Tower,5,0,1,0,6,0,1,22,4,27,5,1,23,4,33,31,0,31,64
04/07/2011,IFP,AZ,AWP,WE,Federal Contract Tower,5,0,1,2,8,0,4,47,3,54,5,4,48,5,62,52,10,62,124
04/08/2011,IFP,AZ,AWP,WE,Federal Contract Tower,6,0,4,0,10,0,7,41,1,49,6,7,45,1,59,86,0,86,145
04/09/2011,IFP,AZ,AWP,WE,Federal Contract Tower,4,1,2,0,7,0,2,55,1,58,4,3,57,1,65,46,0,46,111
04/10/2011,IFP,AZ,AWP,WE,Federal Contract Tower,6,0,3,0,9,0,3,103,1,107,6,3,106,1,116,110,0,110,226
04/11/2011,IFP,AZ,AWP,WE,Federal Contract Tower,6,0,2,2,10,0,7,50,0,57,6,7,52,2,67,78,0,78,145
04/12/2011,IFP,AZ,AWP,WE,Federal Contract Tower,2,0,2,1,5,0,4,40,1,45,2,4,42,2,50,30,0,30,80
04/13/2011,IFP,AZ,AWP,WE,Federal Contract Tower,4,1,0,0,5,0,5,24,0,29,4,6,24,0,34,30,0,30,64
04/14/2011,IFP,AZ,AWP,WE,Federal Contract Tower,6,1,5,1,13,0,4,39,1,44,6,5,44,2,57,18,0,18,75
04/15/2011,IFP,AZ,AWP,WE,Federal Contract Tower,6,0,0,0,6,0,6,26,0,32,6,6,26,0,38,0,0,0,38
04/16/2011,IFP,AZ,AWP,WE,Federal Contract Tower,1,0,0,0,1,0,3,31,0,34,1,3,31,0,35,16,0,16,51
04/17/2011,IFP,AZ,AWP,WE,Federal Contract Tower,6,0,2,0,8,0,0,38,0,38,6,0,40,0,46,26,0,26,72
04/18/2011,IFP,AZ,AWP,WE,Federal Contract Tower,6,0,1,0,7,1,2,17,0,20,7,2,18,0,27,10,0,10,37
04/19/2011,IFP,AZ,AWP,WE,Federal Contract Tower,1,1,2,0,4,0,4,20,0,24,1,5,22,0,28,30,0,30,58
04/20/2011,IFP,AZ,AWP,WE,Federal Contract Tower,2,3,0,2,7,0,0,38,0,38,2,3,38,2,45,36,0,36,81
04/21/2011,IFP,AZ,AWP,WE,Federal Contract Tower,5,0,3,0,8,0,12,35,0,47,5,12,38,0,55,18,0,18,73
04/22/2011,IFP,AZ,AWP,WE,Federal Contract Tower,5,1,2,0,8,0,5,47,0,52,5,6,49,0,60,10,0,10,70
04/23/2011,IFP,AZ,AWP,WE,Federal Contract Tower,3,0,2,0,5,0,0,52,0,52,3,0,54,0,57,62,0,62,119
04/24/2011,IFP,AZ,AWP,WE,Federal Contract Tower,6,0,2,0,8,0,0,27,0,27,6,0,29,0,35,12,0,12,47
04/25/2011,IFP,AZ,AWP,WE,Federal Contract Tower,6,1,1,0,8,0,3,33,0,36,6,4,34,0,44,20,0,20,64
04/26/2011,IFP,AZ,AWP,WE,Federal Contract Tower,2,1,2,0,5,0,1,22,0,23,2,2,24,0,28,4,0,4,32
04/27/2011,IFP,AZ,AWP,WE,Federal Contract Tower,3,0,0,0,3,0,14,23,0,37,3,14,23,0,40,16,0,16,56
04/28/2011,IFP,AZ,AWP,WE,Federal Contract Tower,2,2,5,0,9,0,1,75,0,76,2,3,80,0,85,40,0,40,125
04/29/2011,IFP,AZ,AWP,WE,Federal Contract Tower,5,0,2,0,7,0,7,45,6,58,5,7,47,6,65,60,0,60,125
04/30/2011,IFP,AZ,AWP,WE,Federal Contract Tower,2,0,1,0,3,0,6,27,0,33,2,6,28,0,36,12,0,12,48
05/01/2011,IFP,AZ,AWP,WE,Federal Contract Tower,3,0,4,0,7,1,0,30,0,31,4,0,34,0,38,4,0,4,42
05/02/2011,IFP,AZ,AWP,WE,Federal Contract Tower,5,0,2,0,7,0,12,26,0,38,5,12,28,0,45,8,0,8,53
05/03/2011,IFP,AZ,AWP,WE,Federal Contract Tower,2,1,0,0,3,0,3,19,4,26,2,4,19,4,29,22,0,22,51
05/04/2011,IFP,AZ,AWP,WE,Federal Contract Tower,2,0,1,0,3,0,1,32,0,33,2,1,33,0,36,42,0,42,78
05/05/2011,IFP,AZ,AWP,WE,Federal Contract Tower,5,0,0,0,5,0,5,36,0,41,5,5,36,0,46,22,0,22,68
05/06/2011,IFP,AZ,AWP,WE,Federal Contract Tower,5,0,1,0,6,0,5,49,0,54,5,5,50,0,60,58,0,58,118
05/07/2011,IFP,AZ,AWP,WE,Federal Contract Tower,2,0,0,0,2,0,2,57,0,59,2,2,57,0,61,54,0,54,115
05/08/2011,IFP,AZ,AWP,WE,Federal Contract Tower,4,0,0,0,4,0,0,36,0,36,4,0,36,0,40,36,0,36,76
05/09/2011,IFP,AZ,AWP,WE,Federal Contract Tower,4,1,0,0,5,0,2,19,0,21,4,3,19,0,26,4,0,4,30
05/10/2011,IFP,AZ,AWP,WE,Federal Contract Tower,0,0,0,0,0,0,2,34,0,36,0,2,34,0,36,12,0,12,48
05/11/2011,IFP,AZ,AWP,WE,Federal Contract Tower,2,3,2,0,7,0,6,32,0,38,2,9,34,0,45,18,0,18,63
05/12/2011,IFP,AZ,AWP,WE,Federal Contract Tower,4,0,3,0,7,0,1,31,0,32,4,1,34,0,39,2,0,2,41
05/13/2011,IFP,AZ,AWP,WE,Federal Contract Tower,6,0,4,0,10,0,2,28,0,30,6,2,32,0,40,0,0,0,40
05/14/2011,IFP,AZ,AWP,WE,Federal Contract Tower,0,1,1,0,2,0,0,21,0,21,0,1,22,0,23,0,0,0,23
05/15/2011,IFP,AZ,AWP,WE,Federal Contract Tower,5,0,1,0,6,0,0,19,0,19,5,0,20,0,25,12,0,12,37
05/16/2011,IFP,AZ,AWP,WE,Federal Contract Tower,5,1,0,0,6,0,2,12,0,14,5,3,12,0,20,18,0,18,38
05/17/2011,IFP,AZ,AWP,WE,Federal Contract Tower,3,0,0,0,3,0,2,10,0,12,3,2,10,0,15,10,0,10,25
05/18/2011,IFP,AZ,AWP,WE,Federal Contract Tower,1,2,0,0,3,0,15,13,0,28,1,17,13,0,31,22,0,22,53
05/19/2011,IFP,AZ,AWP,WE,Federal Contract Tower,6,3,5,2,16,1,2,38,0,41,7,5,43,2,57,30,0,30,87
05/20/2011,IFP,AZ,AWP,WE,Federal Contract Tower,5,0,0,0,5,0,1,40,3,44,5,1,40,3,49,76,2,78,127
05/21/2011,IFP,AZ,AWP,WE,Federal Contract Tower,2,0,2,0,4,0,0,41,0,41,2,0,43,0,45,72,0,72,117
05/22/2011,IFP,AZ,AWP,WE,Federal Contract Tower,6,0,6,0,12,0,2,18,0,20,6,2,24,0,32,38,0,38,70
05/23/2011,IFP,AZ,AWP,WE,Federal Contract Tower,4,0,0,0,4,0,3,28,0,31,4,3,28,0,35,6,0,6,41
05/24/2011,IFP,AZ,AWP,WE,Federal Contract Tower,1,0,0,0,1,0,2,22,0,24,1,2,22,0,25,14,0,14,39
05/25/2011,IFP,AZ,AWP,WE,Federal Contract Tower,3,3,2,1,9,0,2,45,0,47,3,5,47,1,56,64,0,64,120
05/26/2011,IFP,AZ,AWP,WE,Federal Contract Tower,6,0,1,2,9,0,11,45,3,59,6,11,46,5,68,52,0,52,120
05/27/2011,IFP,AZ,AWP,WE,Federal Contract Tower,4,0,1,1,6,0,8,53,2,63,4,8,54,3,69,30,0,30,99
05/28/2011,IFP,AZ,AWP,WE,Federal Contract Tower,2,0,1,1,4,0,2,24,0,26,2,2,25,1,30,10,0,10,40
05/29/2011,IFP,AZ,AWP,WE,Federal Contract Tower,7,0,1,0,8,0,4,12,0,16,7,4,13,0,24,2,0,2,26
05/30/2011,IFP,AZ,AWP,WE,Federal Contract Tower,4,0,1,1,6,0,7,37,3,47,4,7,38,4,53,14,0,14,67
05/31/2011,IFP,AZ,AWP,WE,Federal Contract Tower,1,0,2,1,4,0,4,23,2,29,1,4,25,3,33,0,0,0,33
06/01/2011,IFP,AZ,AWP,WE,Federal Contract Tower,2,0,3,2,7,0,5,16,2,23,2,5,19,4,30,12,0,12,42
06/02/2011,IFP,AZ,AWP,WE,Federal Contract Tower,7,0,3,2,12,0,0,37,1,38,7,0,40,3,50,28,0,28,78
06/03/2011,IFP,AZ,AWP,WE,Federal Contract Tower,5,0,0,3,8,0,8,44,4,56,5,8,44,7,64,20,0,20,84
06/04/2011,IFP,AZ,AWP,WE,Federal Contract Tower,2,0,1,1,4,0,7,28,1,36,2,7,29,2,40,20,0,20,60
06/05/2011,IFP,AZ,AWP,WE,Federal Contract Tower,2,0,0,0,2,0,0,17,0,17,2,0,17,0,19,8,0,8,27
06/06/2011,IFP,AZ,AWP,WE,Federal Contract Tower,7,0,1,2,10,0,11,22,5,38,7,11,23,7,48,32,0,32,80
06/07/2011,IFP,AZ,AWP,WE,Federal Contract Tower,1,0,2,1,4,0,1,28,2,31,1,1,30,3,35,44,2,46,81
06/08/2011,IFP,AZ,AWP,WE,Federal Contract Tower,2,0,0,3,5,0,14,29,1,44,2,14,29,4,49,28,0,28,77
06/09/2011,IFP,AZ,AWP,WE,Federal Contract Tower,6,0,1,0,7,0,8,23,2,33,6,8,24,2,40,40,0,40,80
06/10/2011,IFP,AZ,AWP,WE,Federal Contract Tower,5,0,1,0,6,0,5,34,4,43,5,5,35,4,49,8,0,8,57
06/11/2011,IFP,AZ,AWP,WE,Federal Contract Tower,1,0,0,0,1,0,2,42,2,46,1,2,42,2,47,22,0,22,69
06/12/2011,IFP,AZ,AWP,WE,Federal Contract Tower,6,0,0,0,6,0,3,18,1,22,6,3,18,1,28,8,0,8,36
06/13/2011,IFP,AZ,AWP,WE,Federal Contract Tower,6,0,1,2,9,0,6,11,0,17,6,6,12,2,26,12,0,12,38
06/14/2011,IFP,AZ,AWP,WE,Federal Contract Tower,1,0,1,0,2,0,11,34,1,46,1,11,35,1,48,108,0,108,156
06/15/2011,IFP,AZ,AWP,WE,Federal Contract Tower,0,0,0,1,1,0,6,23,2,31,0,6,23,3,32,98,0,98,130
06/16/2011,IFP,AZ,AWP,WE,Federal Contract Tower,6,0,3,2,11,0,1,24,2,27,6,1,27,4,38,8,0,8,46
06/17/2011,IFP,AZ,AWP,WE,Federal Contract Tower,4,2,0,0,6,0,5,42,1,48,4,7,42,1,54,56,0,56,110
06/18/2011,IFP,AZ,AWP,WE,Federal Contract Tower,3,1,3,0,7,0,4,29,0,33,3,5,32,0,40,18,0,18,58
06/19/2011,IFP,AZ,AWP,WE,Federal Contract Tower,5,0,0,0,5,0,4,19,0,23,5,4,19,0,28,4,0,4,32
06/20/2011,IFP,AZ,AWP,WE,Federal Contract Tower,5,0,3,0,8,0,4,22,0,26,5,4,25,0,34,36,0,36,70
06/21/2011,IFP,AZ,AWP,WE,Federal Contract Tower,0,0,3,0,3,1,10,26,0,37,1,10,29,0,40,24,0,24,64
06/22/2011,IFP,AZ,AWP,WE,Federal Contract Tower,1,0,0,0,1,0,1,30,4,35,1,1,30,4,36,26,0,26,62
06/23/2011,IFP,AZ,AWP,WE,Federal Contract Tower,5,0,0,0,5,2,4,17,0,23,7,4,17,0,28,10,0,10,38
06/24/2011,IFP,AZ,AWP,WE,Federal Contract Tower,6,0,0,0,6,0,1,33,0,34,6,1,33,0,40,20,0,20,60
06/25/2011,IFP,AZ,AWP,WE,Federal Contract Tower,0,0,0,0,0,0,17,35,2,54,0,17,35,2,54,34,0,34,88
06/26/2011,IFP,AZ,AWP,WE,Federal Contract Tower,7,0,0,0,7,0,1,29,0,30,7,1,29,0,37,28,0,28,65
06/27/2011,IFP,AZ,AWP,WE,Federal Contract Tower,7,0,0,0,7,0,1,18,0,19,7,1,18,0,26,10,0,10,36
06/28/2011,IFP,AZ,AWP,WE,Federal Contract Tower,1,0,1,0,2,0,3,34,0,37,1,3,35,0,39,38,0,38,77
06/29/2011,IFP,AZ,AWP,WE,Federal Contract Tower,0,0,1,0,1,0,5,20,0,25,0,5,21,0,26,6,0,6,32
06/30/2011,IFP,AZ,AWP,WE,Federal Contract Tower,6,0,4,0,10,0,7,37,4,48,6,7,41,4,58,4,0,4,62
07/01/2011,IFP,AZ,AWP,WE,Federal Contract Tower,5,0,3,0,8,0,3,49,0,52,5,3,52,0,60,38,0,38,98
07/02/2011,IFP,AZ,AWP,WE,Federal Contract Tower,1,1,3,0,5,0,1,32,0,33,1,2,35,0,38,10,0,10,48
07/03/2011,IFP,AZ,AWP,WE,Federal Contract Tower,4,0,0,0,4,0,1,10,0,11,4,1,10,0,15,2,0,2,17
07/04/2011,IFP,AZ,AWP,WE,Federal Contract Tower,4,0,2,0,6,0,0,16,0,16,4,0,18,0,22,4,0,4,26
07/05/2011,IFP,AZ,AWP,WE,Federal Contract Tower,1,0,2,0,3,0,8,33,0,41,1,8,35,0,44,48,0,48,92
07/06/2011,IFP,AZ,AWP,WE,Federal Contract Tower,2,0,0,0,2,0,10,13,0,23,2,10,13,0,25,8,0,8,33
07/07/2011,IFP,AZ,AWP,WE,Federal Contract Tower,5,0,1,0,6,0,8,24,0,32,5,8,25,0,38,2,0,2,40
07/08/2011,IFP,AZ,AWP,WE,Federal Contract Tower,4,0,4,0,8,0,9,24,0,33,4,9,28,0,41,10,0,10,51
07/09/2011,IFP,AZ,AWP,WE,Federal Contract Tower,4,0,4,0,8,0,0,27,0,27,4,0,31,0,35,10,0,10,45
07/10/2011,IFP,AZ,AWP,WE,Federal Contract Tower,5,0,1,0,6,0,3,17,0,20,5,3,18,0,26,28,0,28,54
07/11/2011,IFP,AZ,AWP,WE,Federal Contract Tower,5,0,0,0,5,0,3,29,8,40,5,3,29,8,45,6,0,6,51
07/12/2011,IFP,AZ,AWP,WE,Federal Contract Tower,1,0,1,0,2,0,5,11,0,16,1,5,12,0,18,0,0,0,18
07/13/2011,IFP,AZ,AWP,WE,Federal Contract Tower,2,1,4,0,7,0,3,18,0,21,2,4,22,0,28,8,0,8,36
07/14/2011,IFP,AZ,AWP,WE,Federal Contract Tower,5,3,1,0,9,0,6,29,0,35,5,9,30,0,44,32,0,32,76
07/15/2011,IFP,AZ,AWP,WE,Federal Contract Tower,6,0,0,0,6,0,1,35,1,37,6,1,35,1,43,20,0,20,63
07/16/2011,IFP,AZ,AWP,WE,Federal Contract Tower,1,0,3,0,4,0,11,35,3,49,1,11,38,3,53,0,0,0,53
07/17/2011,IFP,AZ,AWP,WE,Federal Contract Tower,5,0,0,0,5,0,0,23,2,25,5,0,23,2,30,10,0,10,40
07/18/2011,IFP,AZ,AWP,WE,Federal Contract Tower,6,0,2,0,8,1,6,24,0,31,7,6,26,0,39,10,0,10,49
07/19/2011,IFP,AZ,AWP,WE,Federal Contract Tower,0,0,0,0,0,0,5,34,2,41,0,5,34,2,41,0,0,0,41
07/20/2011,IFP,AZ,AWP,WE,Federal Contract Tower,3,0,4,0,7,0,1,20,0,21,3,1,24,0,28,18,0,18,46
07/21/2011,IFP,AZ,AWP,WE,Federal Contract Tower,5,1,0,0,6,0,6,35,2,43,5,7,35,2,49,32,0,32,81
07/22/2011,IFP,AZ,AWP,WE,Federal Contract Tower,5,0,1,1,7,0,2,48,1,51,5,2,49,2,58,26,22,48,106
07/23/2011,IFP,AZ,AWP,WE,Federal Contract Tower,2,0,1,0,3,0,10,37,0,47,2,10,38,0,50,4,0,4,54
07/24/2011,IFP,AZ,AWP,WE,Federal Contract Tower,4,0,2,0,6,0,0,30,1,31,4,0,32,1,37,34,0,34,71
07/25/2011,IFP,AZ,AWP,WE,Federal Contract Tower,4,0,2,0,6,0,1,17,1,19,4,1,19,1,25,16,0,16,41
07/26/2011,IFP,AZ,AWP,WE,Federal Contract Tower,0,2,0,0,2,0,21,16,0,37,0,23,16,0,39,30,0,30,69
07/27/2011,IFP,AZ,AWP,WE,Federal Contract Tower,0,0,0,0,0,0,9,30,0,39,0,9,30,0,39,66,0,66,105
07/28/2011,IFP,AZ,AWP,WE,Federal Contract Tower,6,0,2,0,8,0,1,11,0,12,6,1,13,0,20,0,0,0,20
07/29/2011,IFP,AZ,AWP,WE,Federal Contract Tower,4,0,0,0,4,0,0,3,30,33,4,0,3,30,37,24,0,24,61
07/30/2011,IFP,AZ,AWP,WE,Federal Contract Tower,1,4,2,0,7,0,0,23,3,26,1,4,25,3,33,4,0,4,37
07/31/2011,IFP,AZ,AWP,WE,Federal Contract Tower,7,1,0,0,8,0,5,36,2,43,7,6,36,2,51,20,0,20,71
08/01/2011,IFP,AZ,AWP,WE,Federal Contract Tower,6,0,0,0,6,0,6,25,0,31,6,6,25,0,37,16,0,16,53
08/02/2011,IFP,AZ,AWP,WE,Federal Contract Tower,1,2,1,0,4,0,10,20,1,31,1,12,21,1,35,20,0,20,55
08/03/2011,IFP,AZ,AWP,WE,Federal Contract Tower,2,0,2,0,4,0,10,22,0,32,2,10,24,0,36,16,0,16,52
08/04/2011,IFP,AZ,AWP,WE,Federal Contract Tower,5,0,0,0,5,0,3,17,2,22,5,3,17,2,27,16,0,16,43
08/05/2011,IFP,AZ,AWP,WE,Federal Contract Tower,2,0,0,0,2,0,1,26,2,29,2,1,26,2,31,4,0,4,35
08/06/2011,IFP,AZ,AWP,WE,Federal Contract Tower,2,0,0,0,2,0,2,23,2,27,2,2,23,2,29,10,0,10,39
08/07/2011,IFP,AZ,AWP,WE,Federal Contract Tower,5,0,1,0,6,0,0,25,0,25,5,0,26,0,31,12,0,12,43
08/08/2011,IFP,AZ,AWP,WE,Federal Contract Tower,2,1,1,0,4,0,7,27,2,36,2,8,28,2,40,10,0,10,50
08/09/2011,IFP,AZ,AWP,WE,Federal Contract Tower,0,3,1,0,4,0,1,30,0,31,0,4,31,0,35,18,0,18,53
08/10/2011,IFP,AZ,AWP,WE,Federal Contract Tower,2,0,0,0,2,0,6,18,0,24,2,6,18,0,26,0,0,0,26
08/11/2011,IFP,AZ,AWP,WE,Federal Contract Tower,7,0,3,0,10,1,1,15,0,17,8,1,18,0,27,2,0,2,29
08/12/2011,IFP,AZ,AWP,WE,Federal Contract Tower,2,0,3,0,5,0,2,44,0,46,2,2,47,0,51,6,0,6,57
08/13/2011,IFP,AZ,AWP,WE,Federal Contract Tower,0,0,0,0,0,0,26,40,0,66,0,26,40,0,66,12,0,12,78
08/14/2011,IFP,AZ,AWP,WE,Federal Contract Tower,6,0,0,0,6,0,0,40,0,40,6,0,40,0,46,28,0,28,74
08/15/2011,IFP,AZ,AWP,WE,Federal Contract Tower,2,0,1,0,3,0,9,42,1,52,2,9,43,1,55,26,0,26,81
08/16/2011,IFP,AZ,AWP,WE,Federal Contract Tower,0,0,2,0,2,0,1,17,2,20,0,1,19,2,22,2,0,2,24
08/17/2011,IFP,AZ,AWP,WE,Federal Contract Tower,3,0,3,0,6,0,2,18,2,22,3,2,21,2,28,8,0,8,36
08/18/2011,IFP,AZ,AWP,WE,Federal Contract Tower,6,0,1,0,7,0,6,16,0,22,6,6,17,0,29,0,0,0,29
08/19/2011,IFP,AZ,AWP,WE,Federal Contract Tower,2,0,0,0,2,0,5,14,0,19,2,5,14,0,21,0,0,0,21
08/20/2011,IFP,AZ,AWP,WE,Federal Contract Tower,3,0,0,0,3,0,9,40,0,49,3,9,40,0,52,10,0,10,62
08/21/2011,IFP,AZ,AWP,WE,Federal Contract Tower,7,0,1,0,8,0,4,39,0,43,7,4,40,0,51,0,0,0,51
08/22/2011,IFP,AZ,AWP,WE,Federal Contract Tower,2,0,0,0,2,0,10,31,0,41,2,10,31,0,43,14,0,14,57
08/23/2011,IFP,AZ,AWP,WE,Federal Contract Tower,0,0,0,0,0,0,10,24,0,34,0,10,24,0,34,10,0,10,44
08/24/2011,IFP,AZ,AWP,WE,Federal Contract Tower,3,0,0,0,3,1,3,11,0,15,4,3,11,0,18,6,0,6,24
08/25/2011,IFP,AZ,AWP,WE,Federal Contract Tower,6,0,3,0,9,0,1,23,0,24,6,1,26,0,33,4,0,4,37
08/26/2011,IFP,AZ,AWP,WE,Federal Contract Tower,3,0,0,1,4,0,5,23,0,28,3,5,23,1,32,22,16,38,70
08/27/2011,IFP,AZ,AWP,WE,Federal Contract Tower,3,0,1,0,4,0,3,22,0,25,3,3,23,0,29,14,0,14,43
08/28/2011,IFP,AZ,AWP,WE,Federal Contract Tower,6,0,0,0,6,1,13,13,0,27,7,13,13,0,33,4,0,4,37
08/29/2011,IFP,AZ,AWP,WE,Federal Contract Tower,6,0,0,0,6,0,12,35,0,47,6,12,35,0,53,20,0,20,73
08/30/2011,IFP,AZ,AWP,WE,Federal Contract Tower,0,0,0,0,0,0,5,44,4,53,0,5,44,4,53,44,0,44,97
08/31/2011,IFP,AZ,AWP,WE,Federal Contract Tower,4,0,0,0,4,0,3,23,0,26,4,3,23,0,30,14,0,14,44
09/01/2011,IFP,AZ,AWP,WE,Federal Contract Tower,10,2,0,0,12,0,5,9,0,14,10,7,9,0,26,0,0,0,26
09/02/2011,IFP,AZ,AWP,WE,Federal Contract Tower,2,0,0,0,2,0,14,29,0,43,2,14,29,0,45,6,0,6,51
09/03/2011,IFP,AZ,AWP,WE,Federal Contract Tower,5,0,2,0,7,0,6,25,0,31,5,6,27,0,38,12,0,12,50
09/04/2011,IFP,AZ,AWP,WE,Federal Contract Tower,6,0,0,0,6,0,3,24,0,27,6,3,24,0,33,0,0,0,33
09/05/2011,IFP,AZ,AWP,WE,Federal Contract Tower,2,0,1,0,3,0,2,28,3,33,2,2,29,3,36,14,0,14,50
09/06/2011,IFP,AZ,AWP,WE,Federal Contract Tower,2,0,2,0,4,2,6,25,0,33,4,6,27,0,37,0,0,0,37
09/07/2011,IFP,AZ,AWP,WE,Federal Contract Tower,4,1,0,0,5,1,3,25,0,29,5,4,25,0,34,8,0,8,42
09/08/2011,IFP,AZ,AWP,WE,Federal Contract Tower,7,0,0,0,7,0,4,25,0,29,7,4,25,0,36,20,0,20,56
09/09/2011,IFP,AZ,AWP,WE,Federal Contract Tower,1,1,0,0,2,0,1,18,2,21,1,2,18,2,23,4,0,4,27
09/10/2011,IFP,AZ,AWP,WE,Federal Contract Tower,5,0,2,0,7,0,7,23,0,30,5,7,25,0,37,20,0,20,57
09/11/2011,IFP,AZ,AWP,WE,Federal Contract Tower,7,0,0,0,7,0,14,26,0,40,7,14,26,0,47,0,0,0,47
09/12/2011,IFP,AZ,AWP,WE,Federal Contract Tower,1,0,0,0,1,0,8,23,2,33,1,8,23,2,34,26,0,26,60
09/13/2011,IFP,AZ,AWP,WE,Federal Contract Tower,1,1,2,0,4,0,0,12,0,12,1,1,14,0,16,10,0,10,26
09/14/2011,IFP,AZ,AWP,WE,Federal Contract Tower,4,1,0,0,5,0,13,24,0,37,4,14,24,0,42,18,0,18,60
09/15/2011,IFP,AZ,AWP,WE,Federal Contract Tower,7,0,0,0,7,2,14,38,0,54,9,14,38,0,61,60,0,60,121
09/16/2011,IFP,AZ,AWP,WE,Federal Contract Tower,1,0,2,0,3,0,1,48,0,49,1,1,50,0,52,20,0,20,72
09/17/2011,IFP,AZ,AWP,WE,Federal Contract Tower,4,0,0,0,4,0,10,38,0,48,4,10,38,0,52,6,0,6,58
09/18/2011,IFP,AZ,AWP,WE,Federal Contract Tower,7,0,1,0,8,0,5,34,0,39,7,5,35,0,47,44,0,44,91
09/19/2011,IFP,AZ,AWP,WE,Federal Contract Tower,1,1,1,0,3,0,2,30,0,32,1,3,31,0,35,8,0,8,43
09/20/2011,IFP,AZ,AWP,WE,Federal Contract Tower,0,3,1,0,4,0,4,22,0,26,0,7,23,0,30,32,0,32,62
09/21/2011,IFP,AZ,AWP,WE,Federal Contract Tower,4,0,0,1,5,0,5,15,0,20,4,5,15,1,25,6,0,6,31
09/22/2011,IFP,AZ,AWP,WE,Federal Contract Tower,6,0,0,0,6,0,1,29,0,30,6,1,29,0,36,48,0,48,84
09/23/2011,IFP,AZ,AWP,WE,Federal Contract Tower,2,0,0,0,2,0,1,39,0,40,2,1,39,0,42,32,0,32,74
09/24/2011,IFP,AZ,AWP,WE,Federal Contract Tower,5,0,0,0,5,0,0,28,0,28,5,0,28,0,33,16,0,16,49
09/25/2011,IFP,AZ,AWP,WE,Federal Contract Tower,5,0,1,0,6,0,4,51,4,59,5,4,52,4,65,38,0,38,103
09/26/2011,IFP,AZ,AWP,WE,Federal Contract Tower,2,0,1,1,4,0,5,45,7,57,2,5,46,8,61,49,0,49,110
09/27/2011,IFP,AZ,AWP,WE,Federal Contract Tower,0,1,2,0,3,0,7,31,0,38,0,8,33,0,41,12,0,12,53
09/28/2011,IFP,AZ,AWP,WE,Federal Contract Tower,4,0,0,0,4,0,4,23,2,29,4,4,23,2,33,32,0,32,65
09/29/2011,IFP,AZ,AWP,WE,Federal Contract Tower,5,0,0,0,5,1,1,34,0,36,6,1,34,0,41,54,0,54,95
09/30/2011,IFP,AZ,AWP,WE,Federal Contract Tower,0,0,0,0,0,0,9,27,0,36,0,9,27,0,36,12,0,12,48
10/01/2011,IFP,AZ,AWP,WE,Federal Contract Tower,10,1,1,0,12,0,1,53,0,54,10,2,54,0,66,4,0,4,70
10/02/2011,IFP,AZ,AWP,WE,Federal Contract Tower,6,0,0,2,8,0,4,34,1,39,6,4,34,3,47,8,0,8,55
10/03/2011,IFP,AZ,AWP,WE,Federal Contract Tower,1,0,1,0,2,0,5,30,0,35,1,5,31,0,37,14,0,14,51
10/04/2011,IFP,AZ,AWP,WE,Federal Contract Tower,0,0,2,0,2,0,1,8,0,9,0,1,10,0,11,0,0,0,11
10/05/2011,IFP,AZ,AWP,WE,Federal Contract Tower,7,0,0,3,10,0,1,7,3,11,7,1,7,6,21,4,20,24,45
10/06/2011,IFP,AZ,AWP,WE,Federal Contract Tower,4,0,0,0,4,0,1,27,1,29,4,1,27,1,33,10,6,16,49
10/07/2011,IFP,AZ,AWP,WE,Federal Contract Tower,1,0,3,0,4,0,8,36,2,46,1,8,39,2,50,10,0,10,60
10/08/2011,IFP,AZ,AWP,WE,Federal Contract Tower,6,0,0,0,6,0,14,29,4,47,6,14,29,4,53,10,0,10,63
10/09/2011,IFP,AZ,AWP,WE,Federal Contract Tower,5,0,5,0,10,0,0,46,2,48,5,0,51,2,58,6,0,6,64
10/10/2011,IFP,AZ,AWP,WE,Federal Contract Tower,0,0,0,2,2,0,6,32,2,40,0,6,32,4,42,8,0,8,50
10/11/2011,IFP,AZ,AWP,WE,Federal Contract Tower,1,0,3,0,4,0,8,46,2,56,1,8,49,2,60,22,0,22,82
10/12/2011,IFP,AZ,AWP,WE,Federal Contract Tower,6,0,2,0,8,1,1,22,0,24,7,1,24,0,32,10,0,10,42
10/13/2011,IFP,AZ,AWP,WE,Federal Contract Tower,5,0,0,0,5,0,3,22,3,28,5,3,22,3,33,25,0,25,58
10/14/2011,IFP,AZ,AWP,WE,Federal Contract Tower,0,0,0,0,0,0,4,39,0,43,0,4,39,0,43,35,0,35,78
10/15/2011,IFP,AZ,AWP,WE,Federal Contract Tower,9,0,0,0,9,0,4,51,0,55,9,4,51,0,64,36,0,36,100
10/16/2011,IFP,AZ,AWP,WE,Federal Contract Tower,5,0,1,0,6,0,7,35,0,42,5,7,36,0,48,8,0,8,56
10/17/2011,IFP,AZ,AWP,WE,Federal Contract Tower,1,0,0,1,2,0,1,21,0,22,1,1,21,1,24,0,0,0,24
10/18/2011,IFP,AZ,AWP,WE,Federal Contract Tower,0,0,0,0,0,0,9,18,0,27,0,9,18,0,27,12,0,12,39
10/19/2011,IFP,AZ,AWP,WE,Federal Contract Tower,7,0,4,0,11,0,3,18,0,21,7,3,22,0,32,0,0,0,32
10/20/2011,IFP,AZ,AWP,WE,Federal Contract Tower,3,0,3,1,7,0,6,27,0,33,3,6,30,1,40,24,2,26,66
10/21/2011,IFP,AZ,AWP,WE,Federal Contract Tower,2,0,0,0,2,0,8,27,0,35,2,8,27,0,37,0,0,0,37
10/22/2011,IFP,AZ,AWP,WE,Federal Contract Tower,8,0,1,0,9,0,1,32,2,35,8,1,33,2,44,6,0,6,50
10/23/2011,IFP,AZ,AWP,WE,Federal Contract Tower,6,0,0,0,6,0,2,29,0,31,6,2,29,0,37,12,0,12,49
10/24/2011,IFP,AZ,AWP,WE,Federal Contract Tower,1,4,1,0,6,0,1,21,0,22,1,5,22,0,28,14,0,14,42
10/25/2011,IFP,AZ,AWP,WE,Federal Contract Tower,0,0,1,0,1,0,1,17,0,18,0,1,18,0,19,16,0,16,35
10/26/2011,IFP,AZ,AWP,WE,Federal Contract Tower,9,0,0,0,9,0,1,12,0,13,9,1,12,0,22,8,0,8,30
10/27/2011,IFP,AZ,AWP,WE,Federal Contract Tower,5,1,0,0,6,0,5,16,0,21,5,6,16,0,27,14,0,14,41
10/28/2011,IFP,AZ,AWP,WE,Federal Contract Tower,1,2,2,0,5,0,9,28,0,37,1,11,30,0,42,12,0,12,54
10/29/2011,IFP,AZ,AWP,WE,Federal Contract Tower,7,0,2,0,9,0,1,39,0,40,7,1,41,0,49,6,0,6,55
10/30/2011,IFP,AZ,AWP,WE,Federal Contract Tower,6,1,1,0,8,0,9,31,0,40,6,10,32,0,48,8,0,8,56
10/31/2011,IFP,AZ,AWP,WE,Federal Contract Tower,2,0,0,0,2,0,2,29,0,31,2,2,29,0,33,8,0,8,41
11/01/2011,IFP,AZ,AWP,WE,Federal Contract Tower,3,0,5,0,8,0,2,31,2,35,3,2,36,2,43,18,0,18,61
11/02/2011,IFP,AZ,AWP,WE,Federal Contract Tower,5,0,2,0,7,0,1,4,0,5,5,1,6,0,12,0,0,0,12
11/03/2011,IFP,AZ,AWP,WE,Federal Contract Tower,5,2,4,0,11,0,4,33,0,37,5,6,37,0,48,4,0,4,52
11/04/2011,IFP,AZ,AWP,WE,Federal Contract Tower,0,2,0,1,3,0,3,22,0,25,0,5,22,1,28,14,0,14,42
11/05/2011,IFP,AZ,AWP,WE,Federal Contract Tower,8,0,1,0,9,0,1,29,1,31,8,1,30,1,40,24,2,26,66
11/06/2011,IFP,AZ,AWP,WE,Federal Contract Tower,7,0,0,0,7,0,3,18,0,21,7,3,18,0,28,18,0,18,46
11/07/2011,IFP,AZ,AWP,WE,Federal Contract Tower,1,1,1,0,3,0,5,41,0,46,1,6,42,0,49,18,0,18,67
11/08/2011,IFP,AZ,AWP,WE,Federal Contract Tower,2,0,6,0,8,0,6,27,0,33,2,6,33,0,41,14,0,14,55
11/09/2011,IFP,AZ,AWP,WE,Federal Contract Tower,6,0,4,0,10,0,1,25,2,28,6,1,29,2,38,10,0,10,48
11/10/2011,IFP,AZ,AWP,WE,Federal Contract Tower,7,0,1,0,8,0,6,22,0,28,7,6,23,0,36,24,0,24,60
11/11/2011,IFP,AZ,AWP,WE,Federal Contract Tower,1,0,0,0,1,0,4,28,0,32,1,4,28,0,33,34,0,34,67
11/12/2011,IFP,AZ,AWP,WE,Federal Contract Tower,8,0,0,0,8,0,1,40,0,41,8,1,40,0,49,72,0,72,121
11/13/2011,IFP,AZ,AWP,WE,Federal Contract Tower,5,0,0,0,5,1,3,23,0,27,6,3,23,0,32,54,0,54,86
11/14/2011,IFP,AZ,AWP,WE,Federal Contract Tower,0,0,0,0,0,0,10,26,2,38,0,10,26,2,38,16,0,16,54
11/15/2011,IFP,AZ,AWP,WE,Federal Contract Tower,3,0,1,2,6,0,1,34,0,35,3,1,35,2,41,18,0,18,59
11/16/2011,IFP,AZ,AWP,WE,Federal Contract Tower,9,0,3,0,12,0,1,25,0,26,9,1,28,0,38,42,0,42,80
11/17/2011,IFP,AZ,AWP,WE,Federal Contract Tower,7,0,2,0,9,0,3,38,0,41,7,3,40,0,50,36,0,36,86
11/18/2011,IFP,AZ,AWP,WE,Federal Contract Tower,0,0,2,0,2,0,4,28,0,32,0,4,30,0,34,28,0,28,62
11/19/2011,IFP,AZ,AWP,WE,Federal Contract Tower,7,0,0,0,7,0,0,46,0,46,7,0,46,0,53,44,0,44,97
11/20/2011,IFP,AZ,AWP,WE,Federal Contract Tower,7,0,0,0,7,0,0,19,0,19,7,0,19,0,26,0,0,0,26
11/21/2011,IFP,AZ,AWP,WE,Federal Contract Tower,1,1,2,0,4,0,2,25,0,27,1,3,27,0,31,16,0,16,47
11/22/2011,IFP,AZ,AWP,WE,Federal Contract Tower,3,0,1,0,4,1,3,29,0,33,4,3,30,0,37,29,0,29,66
11/23/2011,IFP,AZ,AWP,WE,Federal Contract Tower,4,0,2,0,6,0,3,31,0,34,4,3,33,0,40,14,0,14,54
11/24/2011,IFP,AZ,AWP,WE,Federal Contract Tower,7,0,0,0,7,0,2,13,0,15,7,2,13,0,22,0,0,0,22
11/25/2011,IFP,AZ,AWP,WE,Federal Contract Tower,2,0,0,0,2,0,4,37,0,41,2,4,37,0,43,12,0,12,55
11/26/2011,IFP,AZ,AWP,WE,Federal Contract Tower,6,0,0,0,6,0,0,7,0,7,6,0,7,0,13,0,0,0,13
11/27/2011,IFP,AZ,AWP,WE,Federal Contract Tower,7,0,0,0,7,0,3,33,0,36,7,3,33,0,43,0,0,0,43
11/28/2011,IFP,AZ,AWP,WE,Federal Contract Tower,1,0,0,0,1,0,4,16,0,20,1,4,16,0,21,0,0,0,21
11/29/2011,IFP,AZ,AWP,WE,Federal Contract Tower,2,0,1,0,3,0,6,12,0,18,2,6,13,0,21,4,0,4,25
11/30/2011,IFP,AZ,AWP,WE,Federal Contract Tower,8,1,1,0,10,0,7,20,0,27,8,8,21,0,37,10,0,10,47
12/01/2011,IFP,AZ,AWP,WE,Federal Contract Tower,7,6,0,0,13,0,10,6,0,16,7,16,6,0,29,4,0,4,33
12/02/2011,IFP,AZ,AWP,WE,Federal Contract Tower,2,1,3,0,6,0,0,24,0,24,2,1,27,0,30,24,0,24,54
12/03/2011,IFP,AZ,AWP,WE,Federal Contract Tower,9,0,0,0,9,1,3,25,0,29,10,3,25,0,38,6,0,6,44
12/04/2011,IFP,AZ,AWP,WE,Federal Contract Tower,7,0,0,0,7,0,7,33,0,40,7,7,33,0,47,62,0,62,109
12/05/2011,IFP,AZ,AWP,WE,Federal Contract Tower,2,2,0,0,4,0,4,8,0,12,2,6,8,0,16,22,0,22,38
12/06/2011,IFP,AZ,AWP,WE,Federal Contract Tower,1,0,0,0,1,0,3,21,0,24,1,3,21,0,25,46,0,46,71
12/07/2011,IFP,AZ,AWP,WE,Federal Contract Tower,5,2,0,0,7,0,10,30,2,42,5,12,30,2,49,30,0,30,79
12/08/2011,IFP,AZ,AWP,WE,Federal Contract Tower,7,0,5,0,12,0,4,25,0,29,7,4,30,0,41,14,0,14,55
12/09/2011,IFP,AZ,AWP,WE,Federal Contract Tower,2,0,0,0,2,0,5,40,0,45,2,5,40,0,47,22,0,22,69
12/10/2011,IFP,AZ,AWP,WE,Federal Contract Tower,8,2,1,0,11,0,11,38,0,49,8,13,39,0,60,20,0,20,80
12/11/2011,IFP,AZ,AWP,WE,Federal Contract Tower,5,0,1,0,6,0,2,51,0,53,5,2,52,0,59,52,0,52,111
12/12/2011,IFP,AZ,AWP,WE,Federal Contract Tower,1,1,1,1,4,0,17,10,2,29,1,18,11,3,33,44,0,44,77
12/13/2011,IFP,AZ,AWP,WE,Federal Contract Tower,0,1,2,0,3,0,1,6,0,7,0,2,8,0,10,4,0,4,14
12/14/2011,IFP,AZ,AWP,WE,Federal Contract Tower,6,1,2,0,9,0,4,26,4,34,6,5,28,4,43,33,0,33,76
12/15/2011,IFP,AZ,AWP,WE,Federal Contract Tower,2,0,3,0,5,0,5,24,2,31,2,5,27,2,36,26,0,26,62
12/16/2011,IFP,AZ,AWP,WE,Federal Contract Tower,0,0,2,0,2,0,1,19,4,24,0,1,21,4,26,34,0,34,60
12/17/2011,IFP,AZ,AWP,WE,Federal Contract Tower,1,0,0,0,1,0,8,47,0,55,1,8,47,0,56,22,0,22,78
12/18/2011,IFP,AZ,AWP,WE,Federal Contract Tower,2,0,0,0,2,0,13,9,10,32,2,13,9,10,34,10,0,10,44
12/19/2011,IFP,AZ,AWP,WE,Federal Contract Tower,0,1,1,0,2,1,15,21,0,37,1,16,22,0,39,6,0,6,45
12/20/2011,IFP,AZ,AWP,WE,Federal Contract Tower,0,0,0,0,0,0,0,4,0,4,0,0,4,0,4,0,0,0,4
12/21/2011,IFP,AZ,AWP,WE,Federal Contract Tower,0,0,4,0,4,0,1,20,2,23,0,1,24,2,27,28,0,28,55
12/22/2011,IFP,AZ,AWP,WE,Federal Contract Tower,0,0,0,0,0,0,3,26,0,29,0,3,26,0,29,24,0,24,53
12/23/2011,IFP,AZ,AWP,WE,Federal Contract Tower,0,0,1,0,1,0,13,22,0,35,0,13,23,0,36,0,0,0,36
12/24/2011,IFP,AZ,AWP,WE,Federal Contract Tower,0,0,1,0,1,0,7,18,0,25,0,7,19,0,26,12,0,12,38
12/25/2011,IFP,AZ,AWP,WE,Federal Contract Tower,0,0,0,0,0,0,1,8,0,9,0,1,8,0,9,0,0,0,9
12/26/2011,IFP,AZ,AWP,WE,Federal Contract Tower,6,0,1,0,7,0,9,57,0,66,6,9,58,0,73,92,0,92,165
12/27/2011,IFP,AZ,AWP,WE,Federal Contract Tower,2,2,2,0,6,0,1,37,0,38,2,3,39,0,44,64,0,64,108
12/28/2011,IFP,AZ,AWP,WE,Federal Contract Tower,2,0,2,0,4,0,1,18,0,19,2,1,20,0,23,42,0,42,65
12/29/2011,IFP,AZ,AWP,WE,Federal Contract Tower,6,0,0,3,9,0,16,37,0,53,6,16,37,3,62,56,0,56,118
12/30/2011,IFP,AZ,AWP,WE,Federal Contract Tower,5,1,1,0,7,0,6,47,0,53,5,7,48,0,60,52,0,52,112
12/31/2011,IFP,AZ,AWP,WE,Federal Contract Tower,4,0,0,0,4,0,3,42,0,45,4,3,42,0,49,38,0,38,87
01/01/2012,IFP,AZ,AWP,WE,Federal Contract Tower,3,0,0,0,3,0,8,23,0,31,3,8,23,0,34,0,0,0,34
01/02/2012,IFP,AZ,AWP,WE,Federal Contract Tower,3,0,0,0,3,0,0,43,0,43,3,0,43,0,46,20,0,20,66
01/03/2012,IFP,AZ,AWP,WE,Federal Contract Tower,3,0,1,0,4,0,4,30,0,34,3,4,31,0,38,26,0,26,64
01/04/2012,IFP,AZ,AWP,WE,Federal Contract Tower,3,0,0,0,3,0,8,34,0,42,3,8,34,0,45,26,0,26,71
01/05/2012,IFP,AZ,AWP,WE,Federal Contract Tower,3,0,0,0,3,0,5,36,0,41,3,5,36,0,44,36,0,36,80
01/06/2012,IFP,AZ,AWP,WE,Federal Contract Tower,3,0,3,0,6,0,17,41,0,58,3,17,44,0,64,34,0,34,98
01/07/2012,IFP,AZ,AWP,WE,Federal Contract Tower,4,0,1,0,5,0,8,42,0,50,4,8,43,0,55,26,0,26,81
01/08/2012,IFP,AZ,AWP,WE,Federal Contract Tower,3,2,2,0,7,0,4,8,0,12,3,6,10,0,19,4,0,4,23
01/09/2012,IFP,AZ,AWP,WE,Federal Contract Tower,5,0,0,0,5,0,1,20,0,21,5,1,20,0,26,14,0,14,40
01/10/2012,IFP,AZ,AWP,WE,Federal Contract Tower,3,0,1,0,4,0,4,47,0,51,3,4,48,0,55,14,0,14,69
01/11/2012,IFP,AZ,AWP,WE,Federal Contract Tower,3,0,2,1,6,0,3,26,1,30,3,3,28,2,36,0,0,0,36
01/12/2012,IFP,AZ,AWP,WE,Federal Contract Tower,4,0,0,0,4,0,6,22,0,28,4,6,22,0,32,10,0,10,42
01/13/2012,IFP,AZ,AWP,WE,Federal Contract Tower,3,0,2,0,5,0,9,47,0,56,3,9,49,0,61,10,0,10,71
01/14/2012,IFP,AZ,AWP,WE,Federal Contract Tower,6,0,4,0,10,0,0,82,0,82,6,0,86,0,92,38,0,38,130
01/15/2012,IFP,AZ,AWP,WE,Federal Contract Tower,4,0,7,1,12,0,6,48,1,55,4,6,55,2,67,12,0,12,79
01/16/2012,IFP,AZ,AWP,WE,Federal Contract Tower,3,0,3,0,6,0,11,68,0,79,3,11,71,0,85,44,0,44,129
01/17/2012,IFP,AZ,AWP,WE,Federal Contract Tower,3,2,2,0,7,0,10,42,0,52,3,12,44,0,59,38,0,38,97
01/18/2012,IFP,AZ,AWP,WE,Federal Contract Tower,4,0,2,0,6,0,7,43,0,50,4,7,45,0,56,24,0,24,80
01/19/2012,IFP,AZ,AWP,WE,Federal Contract Tower,5,0,4,2,11,0,18,38,0,56,5,18,42,2,67,18,0,18,85
01/20/2012,IFP,AZ,AWP,WE,Federal Contract Tower,3,0,1,0,4,0,1,19,0,20,3,1,20,0,24,12,0,12,36
01/21/2012,IFP,AZ,AWP,WE,Federal Contract Tower,7,0,3,0,10,0,11,13,0,24,7,11,16,0,34,40,0,40,74
01/22/2012,IFP,AZ,AWP,WE,Federal Contract Tower,4,0,1,0,5,0,1,26,0,27,4,1,27,0,32,30,0,30,62
01/23/2012,IFP,AZ,AWP,WE,Federal Contract Tower,4,0,4,0,8,0,15,10,0,25,4,15,14,0,33,16,0,16,49
01/24/2012,IFP,AZ,AWP,WE,Federal Contract Tower,3,0,2,0,5,0,1,13,2,16,3,1,15,2,21,8,0,8,29
01/25/2012,IFP,AZ,AWP,WE,Federal Contract Tower,4,0,2,0,6,0,6,15,0,21,4,6,17,0,27,0,0,0,27
01/26/2012,IFP,AZ,AWP,WE,Federal Contract Tower,6,0,3,0,9,0,5,35,0,40,6,5,38,0,49,0,0,0,49
01/27/2012,IFP,AZ,AWP,WE,Federal Contract Tower,5,0,0,0,5,0,1,25,7,33,5,1,25,7,38,22,0,22,60
01/28/2012,IFP,AZ,AWP,WE,Federal Contract Tower,6,0,0,0,6,0,0,53,0,53,6,0,53,0,59,14,0,14,73
01/29/2012,IFP,AZ,AWP,WE,Federal Contract Tower,5,0,0,0,5,0,4,43,0,47,5,4,43,0,52,22,0,22,74
01/30/2012,IFP,AZ,AWP,WE,Federal Contract Tower,4,2,0,0,6,0,5,27,0,32,4,7,27,0,38,40,0,40,78
01/31/2012,IFP,AZ,AWP,WE,Federal Contract Tower,3,0,2,0,5,0,5,48,0,53,3,5,50,0,58,42,0,42,100
02/01/2012,IFP,AZ,AWP,WE,Federal Contract Tower,2,0,0,0,2,0,9,29,0,38,2,9,29,0,40,32,0,32,72
02/02/2012,IFP,AZ,AWP,WE,Federal Contract Tower,3,0,1,0,4,0,8,23,0,31,3,8,24,0,35,2,0,2,37
02/03/2012,IFP,AZ,AWP,WE,Federal Contract Tower,3,0,0,1,4,0,8,29,1,38,3,8,29,2,42,14,2,16,58
02/04/2012,IFP,AZ,AWP,WE,Federal Contract Tower,5,0,1,0,6,0,8,47,0,55,5,8,48,0,61,18,0,18,79
02/05/2012,IFP,AZ,AWP,WE,Federal Contract Tower,2,0,2,0,4,0,1,25,2,28,2,1,27,2,32,10,0,10,42
02/06/2012,IFP,AZ,AWP,WE,Federal Contract Tower,4,0,1,0,5,0,2,25,0,27,4,2,26,0,32,18,0,18,50
02/07/2012,IFP,AZ,AWP,WE,Federal Contract Tower,3,0,2,0,5,0,1,34,0,35,3,1,36,0,40,16,0,16,56
02/08/2012,IFP,AZ,AWP,WE,Federal Contract Tower,6,0,0,0,6,0,7,36,2,45,6,7,36,2,51,20,0,20,71
02/09/2012,IFP,AZ,AWP,WE,Federal Contract Tower,4,0,0,0,4,0,8,30,0,38,4,8,30,0,42,10,0,10,52
02/10/2012,IFP,AZ,AWP,WE,Federal Contract Tower,3,0,2,2,7,0,12,49,0,61,3,12,51,2,68,26,0,26,94
02/11/2012,IFP,AZ,AWP,WE,Federal Contract Tower,9,0,3,0,12,0,6,45,0,51,9,6,48,0,63,18,0,18,81
02/12/2012,IFP,AZ,AWP,WE,Federal Contract Tower,5,0,1,0,6,0,1,27,0,28,5,1,28,0,34,16,0,16,50
02/13/2012,IFP,AZ,AWP,WE,Federal Contract Tower,4,0,3,0,7,0,9,19,0,28,4,9,22,0,35,16,0,16,51
02/14/2012,IFP,AZ,AWP,WE,Federal Contract Tower,1,2,4,0,7,0,0,28,0,28,1,2,32,0,35,51,0,51,86
02/15/2012,IFP,AZ,AWP,WE,Federal Contract Tower,6,0,0,0,6,0,7,12,0,19,6,7,12,0,25,28,0,28,53
02/16/2012,IFP,AZ,AWP,WE,Federal Contract Tower,4,0,1,0,5,0,6,25,0,31,4,6,26,0,36,20,0,20,56
02/17/2012,IFP,AZ,AWP,WE,Federal Contract Tower,5,0,0,0,5,0,6,65,0,71,5,6,65,0,76,38,0,38,114
02/18/2012,IFP,AZ,AWP,WE,Federal Contract Tower,6,0,1,0,7,0,5,78,0,83,6,5,79,0,90,40,0,40,130
02/19/2012,IFP,AZ,AWP,WE,Federal Contract Tower,5,0,5,0,10,0,2,42,0,44,5,2,47,0,54,6,0,6,60
02/20/2012,IFP,AZ,AWP,WE,Federal Contract Tower,4,0,1,0,5,0,12,31,0,43,4,12,32,0,48,18,0,18,66
02/21/2012,IFP,AZ,AWP,WE,Federal Contract Tower,3,0,1,0,4,0,10,32,0,42,3,10,33,0,46,20,0,20,66
02/22/2012,IFP,AZ,AWP,WE,Federal Contract Tower,3,1,1,2,7,0,2,46,0,48,3,3,47,2,55,40,0,40,95
02/23/2012,IFP,AZ,AWP,WE,Federal Contract Tower,5,1,2,1,9,0,13,35,1,49,5,14,37,2,58,38,0,38,96
02/24/2012,IFP,AZ,AWP,WE,Federal Contract Tower,4,0,0,2,6,0,7,42,0,49,4,7,42,2,55,36,0,36,91
02/25/2012,IFP,AZ,AWP,WE,Federal Contract Tower,7,0,1,0,8,0,0,31,0,31,7,0,32,0,39,0,0,0,39
02/26/2012,IFP,AZ,AWP,WE,Federal Contract Tower,5,0,1,0,6,0,7,24,5,36,5,7,25,5,42,18,0,18,60
02/27/2012,IFP,AZ,AWP,WE,Federal Contract Tower,3,0,0,0,3,0,3,28,0,31,3,3,28,0,34,6,0,6,40
02/28/2012,IFP,AZ,AWP,WE,Federal Contract Tower,3,2,2,0,7,0,10,28,2,40,3,12,30,2,47,2,0,2,49
02/29/2012,IFP,AZ,AWP,WE,Federal Contract Tower,5,0,3,0,8,0,5,32,2,39,5,5,35,2,47,18,0,18,65
03/01/2012,IFP,AZ,AWP,WE,Federal Contract Tower,4,0,0,0,4,0,21,34,0,55,4,21,34,0,59,16,0,16,75
03/02/2012,IFP,AZ,AWP,WE,Federal Contract Tower,5,2,1,0,8,0,14,23,2,39,5,16,24,2,47,22,0,22,69
03/03/2012,IFP,AZ,AWP,WE,Federal Contract Tower,9,1,3,0,13,0,2,32,0,34,9,3,35,0,47,46,0,46,93
03/04/2012,IFP,AZ,AWP,WE,Federal Contract Tower,4,3,0,0,7,0,0,24,0,24,4,3,24,0,31,30,0,30,61
03/05/2012,IFP,AZ,AWP,WE,Federal Contract Tower,3,0,0,0,3,2,6,28,2,38,5,6,28,2,41,40,0,40,81
03/06/2012,IFP,AZ,AWP,WE,Federal Contract Tower,0,0,0,0,0,0,8,4,0,12,0,8,4,0,12,10,0,10,22
03/07/2012,IFP,AZ,AWP,WE,Federal Contract Tower,7,0,0,0,7,0,3,15,0,18,7,3,15,0,25,12,0,12,37
03/08/2012,IFP,AZ,AWP,WE,Federal Contract Tower,5,0,0,0,5,0,4,10,6,20,5,4,10,6,25,4,0,4,29
03/09/2012,IFP,AZ,AWP,WE,Federal Contract Tower,5,0,0,0,5,0,1,29,2,32,5,1,29,2,37,4,0,4,41
03/10/2012,IFP,AZ,AWP,WE,Federal Contract Tower,3,0,0,0,3,0,6,69,0,75,3,6,69,0,78,12,0,12,90
03/11/2012,IFP,AZ,AWP,WE,Federal Contract Tower,4,0,0,0,4,0,2,47,0,49,4,2,47,0,53,6,0,6,59
03/12/2012,IFP,AZ,AWP,WE,Federal Contract Tower,6,2,3,0,11,0,6,27,1,34,6,8,30,1,45,20,0,20,65
03/13/2012,IFP,AZ,AWP,WE,Federal Contract Tower,3,0,0,1,4,0,6,20,8,34,3,6,20,9,38,8,6,14,52
03/14/2012,IFP,AZ,AWP,WE,Federal Contract Tower,3,1,2,0,6,0,4,30,0,34,3,5,32,0,40,16,0,16,56
03/15/2012,IFP,AZ,AWP,WE,Federal Contract Tower,4,2,1,0,7,0,5,28,4,37,4,7,29,4,44,24,0,24,68
03/16/2012,IFP,AZ,AWP,WE,Federal Contract Tower,4,0,3,0,7,1,7,23,0,31,5,7,26,0,38,26,0,26,64
03/17/2012,IFP,AZ,AWP,WE,Federal Contract Tower,7,0,3,0,10,0,17,9,0,26,7,17,12,0,36,20,0,20,56
03/18/2012,IFP,AZ,AWP,WE,Federal Contract Tower,4,0,0,0,4,0,8,5,2,15,4,8,5,2,19,0,0,0,19
03/19/2012,IFP,AZ,AWP,WE,Federal Contract Tower,6,1,1,1,9,0,7,18,1,26,6,8,19,2,35,8,0,8,43
03/20/2012,IFP,AZ,AWP,WE,Federal Contract Tower,1,0,2,0,3,0,13,24,0,37,1,13,26,0,40,10,0,10,50
03/21/2012,IFP,AZ,AWP,WE,Federal Contract Tower,5,0,0,0,5,2,4,28,0,34,7,4,28,0,39,36,0,36,75
03/22/2012,IFP,AZ,AWP,WE,Federal Contract Tower,6,0,0,0,6,0,4,30,0,34,6,4,30,0,40,8,0,8,48
03/23/2012,IFP,AZ,AWP,WE,Federal Contract Tower,4,0,0,0,4,1,10,23,0,34,5,10,23,0,38,4,0,4,42
03/24/2012,IFP,AZ,AWP,WE,Federal Contract Tower,8,0,2,0,10,0,0,31,0,31,8,0,33,0,41,30,0,30,71
03/25/2012,IFP,AZ,AWP,WE,Federal Contract Tower,7,0,1,1,9,0,11,17,0,28,7,11,18,1,37,4,0,4,41
03/26/2012,IFP,AZ,AWP,WE,Federal Contract Tower,5,0,0,0,5,0,3,11,0,14,5,3,11,0,19,0,0,0,19
03/27/2012,IFP,AZ,AWP,WE,Federal Contract Tower,3,0,0,0,3,0,11,19,0,30,3,11,19,0,33,29,0,29,62
03/28/2012,IFP,AZ,AWP,WE,Federal Contract Tower,6,1,1,2,10,0,9,28,1,38,6,10,29,3,48,20,6,26,74
03/29/2012,IFP,AZ,AWP,WE,Federal Contract Tower,5,0,1,0,6,0,8,26,0,34,5,8,27,0,40,32,0,32,72
03/30/2012,IFP,AZ,AWP,WE,Federal Contract Tower,3,0,4,2,9,0,4,28,0,32,3,4,32,2,41,0,0,0,41
03/31/2012,IFP,AZ,AWP,WE,Federal Contract Tower,5,0,1,0,6,0,0,18,0,18,5,0,19,0,24,4,0,4,28
04/01/2012,IFP,AZ,AWP,WE,Federal Contract Tower,6,0,2,0,8,0,4,23,0,27,6,4,25,0,35,16,0,16,51
04/02/2012,IFP,AZ,AWP,WE,Federal Contract Tower,8,0,2,0,10,0,2,14,2,18,8,2,16,2,28,0,0,0,28
04/03/2012,IFP,AZ,AWP,WE,Federal Contract Tower,1,0,1,0,2,0,3,15,0,18,1,3,16,0,20,2,0,2,22
04/04/2012,IFP,AZ,AWP,WE,Federal Contract Tower,3,2,0,0,5,1,2,26,1,30,4,4,26,1,35,28,0,28,63
04/05/2012,IFP,AZ,AWP,WE,Federal Contract Tower,5,1,0,0,6,0,4,26,0,30,5,5,26,0,36,30,0,30,66
04/06/2012,IFP,AZ,AWP,WE,Federal Contract Tower,7,0,2,0,9,0,11,35,1,47,7,11,37,1,56,20,0,20,76
04/07/2012,IFP,AZ,AWP,WE,Federal Contract Tower,7,0,1,0,8,0,0,46,1,47,7,0,47,1,55,20,0,20,75
04/08/2012,IFP,AZ,AWP,WE,Federal Contract Tower,4,0,0,0,4,0,8,46,0,54,4,8,46,0,58,14,0,14,72
04/09/2012,IFP,AZ,AWP,WE,Federal Contract Tower,8,0,0,0,8,0,4,32,1,37,8,4,32,1,45,14,0,14,59
04/10/2012,IFP,AZ,AWP,WE,Federal Contract Tower,1,0,2,1,4,0,3,37,2,42,1,3,39,3,46,14,30,44,90
04/11/2012,IFP,AZ,AWP,WE,Federal Contract Tower,8,0,2,0,10,0,1,27,0,28,8,1,29,0,38,10,0,10,48
04/12/2012,IFP,AZ,AWP,WE,Federal Contract Tower,6,1,2,0,9,0,8,20,2,30,6,9,22,2,39,0,0,0,39
04/13/2012,IFP,AZ,AWP,WE,Federal Contract Tower,6,0,2,0,8,2,1,7,1,11,8,1,9,1,19,4,0,4,23
04/14/2012,IFP,AZ,AWP,WE,Federal Contract Tower,6,0,3,0,9,0,0,6,1,7,6,0,9,1,16,0,0,0,16
04/15/2012,IFP,AZ,AWP,WE,Federal Contract Tower,7,0,3,1,11,0,2,30,0,32,7,2,33,1,43,10,0,10,53
04/16/2012,IFP,AZ,AWP,WE,Federal Contract Tower,5,0,0,0,5,0,7,35,2,44,5,7,35,2,49,14,0,14,63
04/17/2012,IFP,AZ,AWP,WE,Federal Contract Tower,2,0,2,0,4,1,1,35,0,37,3,1,37,0,41,28,0,28,69
04/18/2012,IFP,AZ,AWP,WE,Federal Contract Tower,4,0,0,0,4,0,1,31,0,32,4,1,31,0,36,24,0,24,60
04/19/2012,IFP,AZ,AWP,WE,Federal Contract Tower,6,0,0,0,6,1,2,25,0,28,7,2,25,0,34,16,0,16,50
04/20/2012,IFP,AZ,AWP,WE,Federal Contract Tower,4,0,2,0,6,0,1,27,0,28,4,1,29,0,34,10,0,10,44
04/21/2012,IFP,AZ,AWP,WE,Federal Contract Tower,5,0,3,0,8,0,2,43,0,45,5,2,46,0,53,6,0,6,59
04/22/2012,IFP,AZ,AWP,WE,Federal Contract Tower,5,0,0,0,5,0,1,37,0,38,5,1,37,0,43,4,0,4,47
04/23/2012,IFP,AZ,AWP,WE,Federal Contract Tower,6,0,1,2,9,0,5,30,0,35,6,5,31,2,44,46,0,46,90
04/24/2012,IFP,AZ,AWP,WE,Federal Contract Tower,1,0,0,0,1,0,4,26,2,32,1,4,26,2,33,32,0,32,65
04/25/2012,IFP,AZ,AWP,WE,Federal Contract Tower,60,0,2,0,62,0,4,20,0,24,60,4,22,0,86,4,0,4,90
04/26/2012,IFP,AZ,AWP,WE,Federal Contract Tower,5,0,6,0,11,0,6,19,0,25,5,6,25,0,36,8,0,8,44
04/27/2012,IFP,AZ,AWP,WE,Federal Contract Tower,4,0,4,0,8,0,5,49,0,54,4,5,53,0,62,20,0,20,82
04/28/2012,IFP,AZ,AWP,WE,Federal Contract Tower,3,0,2,0,5,0,3,47,0,50,3,3,49,0,55,6,0,6,61
04/29/2012,IFP,AZ,AWP,WE,Federal Contract Tower,5,0,1,0,6,0,13,42,0,55,5,13,43,0,61,0,0,0,61
04/30/2012,IFP,AZ,AWP,WE,Federal Contract Tower,4,0,3,0,7,0,4,31,0,35,4,4,34,0,42,0,0,0,42
05/01/2012,IFP,AZ,AWP,WE,Federal Contract Tower,1,0,0,0,1,0,5,27,0,32,1,5,27,0,33,8,0,8,41
05/02/2012,IFP,AZ,AWP,WE,Federal Contract Tower,4,0,1,0,5,0,1,24,0,25,4,1,25,0,30,12,0,12,42
05/03/2012,IFP,AZ,AWP,WE,Federal Contract Tower,3,2,1,0,6,1,2,30,0,33,4,4,31,0,39,0,0,0,39
05/04/2012,IFP,AZ,AWP,WE,Federal Contract Tower,3,3,2,0,8,0,5,19,0,24,3,8,21,0,32,6,0,6,38
05/05/2012,IFP,AZ,AWP,WE,Federal Contract Tower,5,1,2,0,8,0,2,27,0,29,5,3,29,0,37,8,0,8,45
05/06/2012,IFP,AZ,AWP,WE,Federal Contract Tower,3,0,1,0,4,0,1,42,4,47,3,1,43,4,51,8,0,8,59
05/07/2012,IFP,AZ,AWP,WE,Federal Contract Tower,3,0,0,0,3,0,1,28,0,29,3,1,28,0,32,6,0,6,38
05/08/2012,IFP,AZ,AWP,WE,Federal Contract Tower,2,0,0,2,4,0,1,20,4,25,2,1,20,6,29,24,0,24,53
05/09/2012,IFP,AZ,AWP,WE,Federal Contract Tower,4,0,0,0,4,0,1,31,1,33,4,1,31,1,37,16,0,16,53
05/10/2012,IFP,AZ,AWP,WE,Federal Contract Tower,4,0,0,0,4,0,7,24,0,31,4,7,24,0,35,0,0,0,35
05/11/2012,IFP,AZ,AWP,WE,Federal Contract Tower,4,0,2,0,6,0,7,37,0,44,4,7,39,0,50,14,0,14,64
05/12/2012,IFP,AZ,AWP,WE,Federal Contract Tower,6,0,1,0,7,1,8,63,2,74,7,8,64,2,81,0,2,2,83
05/13/2012,IFP,AZ,AWP,WE,Federal Contract Tower,5,0,5,0,10,0,0,30,0,30,5,0,35,0,40,10,0,10,50
05/14/2012,IFP,AZ,AWP,WE,Federal Contract Tower,3,0,0,0,3,0,4,28,0,32,3,4,28,0,35,0,0,0,35
05/15/2012,IFP,AZ,AWP,WE,Federal Contract Tower,2,0,2,0,4,0,5,25,0,30,2,5,27,0,34,2,0,2,36
05/16/2012,IFP,AZ,AWP,WE,Federal Contract Tower,3,0,1,0,4,0,6,34,0,40,3,6,35,0,44,24,0,24,68
05/17/2012,IFP,AZ,AWP,WE,Federal Contract Tower,4,0,2,0,6,1,6,30,2,39,5,6,32,2,45,20,0,20,65
05/18/2012,IFP,AZ,AWP,WE,Federal Contract Tower,2,0,0,0,2,1,5,16,0,22,3,5,16,0,24,0,0,0,24
05/19/2012,IFP,AZ,AWP,WE,Federal Contract Tower,5,0,4,0,9,0,5,45,0,50,5,5,49,0,59,22,0,22,81
05/20/2012,IFP,AZ,AWP,WE,Federal Contract Tower,4,1,0,0,5,0,7,32,0,39,4,8,32,0,44,2,0,2,46
05/21/2012,IFP,AZ,AWP,WE,Federal Contract Tower,3,0,1,0,4,0,2,25,2,29,3,2,26,2,33,14,0,14,47
05/22/2012,IFP,AZ,AWP,WE,Federal Contract Tower,0,0,3,0,3,0,6,25,0,31,0,6,28,0,34,12,0,12,46
05/23/2012,IFP,AZ,AWP,WE,Federal Contract Tower,2,2,0,0,4,0,10,25,0,35,2,12,25,0,39,12,0,12,51
05/24/2012,IFP,AZ,AWP,WE,Federal Contract Tower,2,0,2,0,4,0,3,35,0,38,2,3,37,0,42,18,0,18,60
05/25/2012,IFP,AZ,AWP,WE,Federal Contract Tower,4,1,0,2,7,0,8,17,0,25,4,9,17,2,32,8,0,8,40
05/26/2012,IFP,AZ,AWP,WE,Federal Contract Tower,3,0,1,0,4,0,2,14,0,16,3,2,15,0,20,6,0,6,26
05/27/2012,IFP,AZ,AWP,WE,Federal Contract Tower,5,0,1,0,6,0,3,34,0,37,5,3,35,0,43,32,0,32,75
05/28/2012,IFP,AZ,AWP,WE,Federal Contract Tower,2,0,1,0,3,0,2,56,0,58,2,2,57,0,61,21,0,21,82
05/29/2012,IFP,AZ,AWP,WE,Federal Contract Tower,0,0,5,0,5,0,15,37,0,52,0,15,42,0,57,60,0,60,117
05/30/2012,IFP,AZ,AWP,WE,Federal Contract Tower,3,0,2,0,5,0,2,36,0,38,3,2,38,0,43,24,0,24,67
05/31/2012,IFP,AZ,AWP,WE,Federal Contract Tower,5,0,0,0,5,1,11,27,0,39,6,11,27,0,44,26,0,26,70
06/01/2012,IFP,AZ,AWP,WE,Federal Contract Tower,3,0,1,0,4,0,8,21,1,30,3,8,22,1,34,12,0,12,46
06/02/2012,IFP,AZ,AWP,WE,Federal Contract Tower,6,0,2,0,8,0,3,17,7,27,6,3,19,7,35,4,0,4,39
06/03/2012,IFP,AZ,AWP,WE,Federal Contract Tower,5,0,0,0,5,0,13,37,0,50,5,13,37,0,55,12,0,12,67
06/04/2012,IFP,AZ,AWP,WE,Federal Contract Tower,4,0,1,2,7,0,13,24,2,39,4,13,25,4,46,30,0,30,76
06/05/2012,IFP,AZ,AWP,WE,Federal Contract Tower,1,2,0,0,3,0,19,42,2,63,1,21,42,2,66,30,0,30,96
06/06/2012,IFP,AZ,AWP,WE,Federal Contract Tower,4,0,0,0,4,0,3,23,0,26,4,3,23,0,30,16,12,28,58
06/07/2012,IFP,AZ,AWP,WE,Federal Contract Tower,5,0,2,0,7,0,5,34,4,43,5,5,36,4,50,0,0,0,50
06/08/2012,IFP,AZ,AWP,WE,Federal Contract Tower,3,0,2,0,5,0,1,28,0,29,3,1,30,0,34,0,0,0,34
06/09/2012,IFP,AZ,AWP,WE,Federal Contract Tower,4,0,0,0,4,0,12,18,2,32,4,12,18,2,36,0,0,0,36
06/10/2012,IFP,AZ,AWP,WE,Federal Contract Tower,5,0,1,0,6,0,6,34,0,40,5,6,35,0,46,2,0,2,48
06/11/2012,IFP,AZ,AWP,WE,Federal Contract Tower,2,2,0,1,5,0,3,43,3,49,2,5,43,4,54,12,0,12,66
06/12/2012,IFP,AZ,AWP,WE,Federal Contract Tower,1,0,1,0,2,1,11,35,0,47,2,11,36,0,49,40,0,40,89
06/13/2012,IFP,AZ,AWP,WE,Federal Contract Tower,4,0,6,0,10,0,1,26,0,27,4,1,32,0,37,18,0,18,55
06/14/2012,IFP,AZ,AWP,WE,Federal Contract Tower,5,0,0,0,5,0,15,59,0,74,5,15,59,0,79,46,0,46,125
06/15/2012,IFP,AZ,AWP,WE,Federal Contract Tower,3,0,0,0,3,0,11,33,4,48,3,11,33,4,51,4,0,4,55
06/16/2012,IFP,AZ,AWP,WE,Federal Contract Tower,4,0,2,0,6,0,0,21,0,21,4,0,23,0,27,10,0,10,37
06/17/2012,IFP,AZ,AWP,WE,Federal Contract Tower,4,0,1,0,5,0,11,39,0,50,4,11,40,0,55,30,0,30,85
06/18/2012,IFP,AZ,AWP,WE,Federal Contract Tower,2,0,1,0,3,0,8,42,0,50,2,8,43,0,53,4,0,4,57
06/19/2012,IFP,AZ,AWP,WE,Federal Contract Tower,1,0,1,0,2,0,5,30,0,35,1,5,31,0,37,0,0,0,37
06/20/2012,IFP,AZ,AWP,WE,Federal Contract Tower,4,0,0,0,4,0,2,39,0,41,4,2,39,0,45,2,0,2,47
06/21/2012,IFP,AZ,AWP,WE,Federal Contract Tower,4,0,0,0,4,0,10,36,0,46,4,10,36,0,50,36,0,36,86
06/22/2012,IFP,AZ,AWP,WE,Federal Contract Tower,3,0,1,0,4,0,7,35,0,42,3,7,36,0,46,14,0,14,60
06/23/2012,IFP,AZ,AWP,WE,Federal Contract Tower,4,0,1,0,5,0,0,30,4,34,4,0,31,4,39,2,0,2,41
06/24/2012,IFP,AZ,AWP,WE,Federal Contract Tower,5,0,0,0,5,0,13,25,0,38,5,13,25,0,43,0,0,0,43
06/25/2012,IFP,AZ,AWP,WE,Federal Contract Tower,4,1,0,0,5,0,2,25,0,27,4,3,25,0,32,10,0,10,42
06/26/2012,IFP,AZ,AWP,WE,Federal Contract Tower,3,0,0,0,3,0,15,21,0,36,3,15,21,0,39,16,0,16,55
06/27/2012,IFP,AZ,AWP,WE,Federal Contract Tower,3,2,3,0,8,0,12,14,0,26,3,14,17,0,34,0,0,0,34
06/28/2012,IFP,AZ,AWP,WE,Federal Contract Tower,4,0,2,0,6,0,5,20,0,25,4,5,22,0,31,2,0,2,33
06/29/2012,IFP,AZ,AWP,WE,Federal Contract Tower,4,0,0,0,4,0,3,22,0,25,4,3,22,0,29,16,0,16,45
06/30/2012,IFP,AZ,AWP,WE,Federal Contract Tower,5,0,0,0,5,0,1,35,0,36,5,1,35,0,41,6,0,6,47
07/01/2012,IFP,AZ,AWP,WE,Federal Contract Tower,5,0,0,0,5,0,2,30,0,32,5,2,30,0,37,4,0,4,41
07/02/2012,IFP,AZ,AWP,WE,Federal Contract Tower,4,0,4,0,8,0,2,24,0,26,4,2,28,0,34,16,0,16,50
07/03/2012,IFP,AZ,AWP,WE,Federal Contract Tower,2,0,1,0,3,0,2,34,0,36,2,2,35,0,39,24,0,24,63
07/04/2012,IFP,AZ,AWP,WE,Federal Contract Tower,3,0,1,0,4,0,0,25,0,25,3,0,26,0,29,0,0,0,29
07/05/2012,IFP,AZ,AWP,WE,Federal Contract Tower,4,0,0,0,4,0,1,36,0,37,4,1,36,0,41,10,0,10,51
07/06/2012,IFP,AZ,AWP,WE,Federal Contract Tower,4,1,0,0,5,0,4,29,0,33,4,5,29,0,38,0,0,0,38
07/07/2012,IFP,AZ,AWP,WE,Federal Contract Tower,6,0,2,0,8,1,12,48,4,65,7,12,50,4,73,6,0,6,79
07/08/2012,IFP,AZ,AWP,WE,Federal Contract Tower,4,0,0,0,4,0,6,41,0,47,4,6,41,0,51,6,0,6,57
07/09/2012,IFP,AZ,AWP,WE,Federal Contract Tower,4,0,0,0,4,0,8,16,0,24,4,8,16,0,28,16,0,16,44
07/10/2012,IFP,AZ,AWP,WE,Federal Contract Tower,1,0,1,0,2,0,2,19,0,21,1,2,20,0,23,14,0,14,37
07/11/2012,IFP,AZ,AWP,WE,Federal Contract Tower,4,2,1,0,7,0,7,18,0,25,4,9,19,0,32,12,0,12,44
07/12/2012,IFP,AZ,AWP,WE,Federal Contract Tower,5,0,0,0,5,0,1,20,0,21,5,1,20,0,26,4,0,4,30
07/13/2012,IFP,AZ,AWP,WE,Federal Contract Tower,4,1,1,0,6,0,0,10,0,10,4,1,11,0,16,2,0,2,18
07/14/2012,IFP,AZ,AWP,WE,Federal Contract Tower,5,0,0,0,5,0,2,15,0,17,5,2,15,0,22,34,0,34,56
07/15/2012,IFP,AZ,AWP,WE,Federal Contract Tower,4,0,0,0,4,0,7,25,0,32,4,7,25,0,36,4,0,4,40
07/16/2012,IFP,AZ,AWP,WE,Federal Contract Tower,4,0,0,0,4,0,5,32,0,37,4,5,32,0,41,10,0,10,51
07/17/2012,IFP,AZ,AWP,WE,Federal Contract Tower,1,0,0,0,1,0,6,25,0,31,1,6,25,0,32,4,0,4,36
07/18/2012,IFP,AZ,AWP,WE,Federal Contract Tower,2,0,4,0,6,0,11,21,0,32,2,11,25,0,38,30,0,30,68
07/19/2012,IFP,AZ,AWP,WE,Federal Contract Tower,4,1,1,0,6,0,1,33,0,34,4,2,34,0,40,26,0,26,66
07/20/2012,IFP,AZ,AWP,WE,Federal Contract Tower,4,0,0,0,4,0,1,14,2,17,4,1,14,2,21,10,0,10,31
07/21/2012,IFP,AZ,AWP,WE,Federal Contract Tower,3,0,0,0,3,0,4,37,0,41,3,4,37,0,44,18,0,18,62
07/22/2012,IFP,AZ,AWP,WE,Federal Contract Tower,5,0,0,0,5,0,6,48,0,54,5,6,48,0,59,26,0,26,85
07/23/2012,IFP,AZ,AWP,WE,Federal Contract Tower,6,0,1,0,7,0,14,32,0,46,6,14,33,0,53,2,0,2,55
07/24/2012,IFP,AZ,AWP,WE,Federal Contract Tower,0,0,2,0,2,0,6,25,0,31,0,6,27,0,33,2,0,2,35
07/25/2012,IFP,AZ,AWP,WE,Federal Contract Tower,3,0,1,0,4,0,7,27,2,36,3,7,28,2,40,12,0,12,52
07/26/2012,IFP,AZ,AWP,WE,Federal Contract Tower,4,0,1,0,5,0,3,26,0,29,4,3,27,0,34,12,0,12,46
07/27/2012,IFP,AZ,AWP,WE,Federal Contract Tower,3,1,0,0,4,0,4,31,0,35,3,5,31,0,39,8,0,8,47
07/28/2012,IFP,AZ,AWP,WE,Federal Contract Tower,4,0,1,0,5,0,2,35,5,42,4,2,36,5,47,24,0,24,71
07/29/2012,IFP,AZ,AWP,WE,Federal Contract Tower,5,0,2,0,7,0,2,36,1,39,5,2,38,1,46,0,0,0,46
07/30/2012,IFP,AZ,AWP,WE,Federal Contract Tower,2,1,0,0,3,0,3,21,2,26,2,4,21,2,29,4,0,4,33
07/31/2012,IFP,AZ,AWP,WE,Federal Contract Tower,2,1,2,0,5,0,1,24,0,25,2,2,26,0,30,12,0,12,42
08/01/2012,IFP,AZ,AWP,WE,Federal Contract Tower,4,1,4,0,9,0,3,27,0,30,4,4,31,0,39,0,0,0,39
08/02/2012,IFP,AZ,AWP,WE,Federal Contract Tower,5,0,0,0,5,0,3,32,0,35,5,3,32,0,40,0,0,0,40
08/03/2012,IFP,AZ,AWP,WE,Federal Contract Tower,3,0,0,0,3,0,3,27,0,30,3,3,27,0,33,6,0,6,39
08/04/2012,IFP,AZ,AWP,WE,Federal Contract Tower,8,0,0,0,8,0,2,39,0,41,8,2,39,0,49,12,0,12,61
08/05/2012,IFP,AZ,AWP,WE,Federal Contract Tower,5,0,0,0,5,0,8,35,0,43,5,8,35,0,48,0,0,0,48
08/06/2012,IFP,AZ,AWP,WE,Federal Contract Tower,3,0,0,0,3,0,8,36,0,44,3,8,36,0,47,8,0,8,55
08/07/2012,IFP,AZ,AWP,WE,Federal Contract Tower,2,0,2,0,4,0,1,33,2,36,2,1,35,2,40,0,0,0,40
08/08/2012,IFP,AZ,AWP,WE,Federal Contract Tower,3,0,1,0,4,0,4,50,0,54,3,4,51,0,58,8,0,8,66
08/09/2012,IFP,AZ,AWP,WE,Federal Contract Tower,4,2,1,0,7,0,5,31,0,36,4,7,32,0,43,22,0,22,65
08/10/2012,IFP,AZ,AWP,WE,Federal Contract Tower,3,2,3,0,8,0,10,29,0,39,3,12,32,0,47,6,0,6,53
08/11/2012,IFP,AZ,AWP,WE,Federal Contract Tower,4,0,0,0,4,0,12,34,0,46,4,12,34,0,50,24,0,24,74
08/12/2012,IFP,AZ,AWP,WE,Federal Contract Tower,5,0,0,0,5,0,4,31,0,35,5,4,31,0,40,24,0,24,64
08/13/2012,IFP,AZ,AWP,WE,Federal Contract Tower,3,0,3,0,6,0,1,19,0,20,3,1,22,0,26,10,0,10,36
08/14/2012,IFP,AZ,AWP,WE,Federal Contract Tower,1,0,0,0,1,0,6,25,1,32,1,6,25,1,33,4,0,4,37
08/15/2012,IFP,AZ,AWP,WE,Federal Contract Tower,2,1,16,2,21,0,9,28,0,37,2,10,44,2,58,14,0,14,72
08/16/2012,IFP,AZ,AWP,WE,Federal Contract Tower,5,1,3,0,9,0,4,43,0,47,5,5,46,0,56,20,0,20,76
08/17/2012,IFP,AZ,AWP,WE,Federal Contract Tower,4,0,0,0,4,0,7,48,1,56,4,7,48,1,60,4,0,4,64
08/18/2012,IFP,AZ,AWP,WE,Federal Contract Tower,4,14,0,0,18,0,2,36,2,40,4,16,36,2,58,8,0,8,66
08/19/2012,IFP,AZ,AWP,WE,Federal Contract Tower,5,0,0,0,5,0,27,3,0,30,5,27,3,0,35,22,0,22,57
08/20/2012,IFP,AZ,AWP,WE,Federal Contract Tower,4,0,0,0,4,0,1,14,2,17,4,1,14,2,21,0,0,0,21
08/21/2012,IFP,AZ,AWP,WE,Federal Contract Tower,1,0,13,0,14,0,7,23,2,32,1,7,36,2,46,0,0,0,46
08/22/2012,IFP,AZ,AWP,WE,Federal Contract Tower,3,1,2,0,6,0,4,14,0,18,3,5,16,0,24,0,0,0,24
08/23/2012,IFP,AZ,AWP,WE,Federal Contract Tower,7,1,0,0,8,0,5,22,2,29,7,6,22,2,37,6,0,6,43
08/24/2012,IFP,AZ,AWP,WE,Federal Contract Tower,4,0,1,0,5,0,1,13,0,14,4,1,14,0,19,6,0,6,25
08/25/2012,IFP,AZ,AWP,WE,Federal Contract Tower,5,0,1,0,6,0,0,28,0,28,5,0,29,0,34,0,0,0,34
08/26/2012,IFP,AZ,AWP,WE,Federal Contract Tower,4,0,0,0,4,0,0,23,0,23,4,0,23,0,27,4,0,4,31
08/27/2012,IFP,AZ,AWP,WE,Federal Contract Tower,4,0,0,0,4,0,10,29,0,39,4,10,29,0,43,12,0,12,55
08/28/2012,IFP,AZ,AWP,WE,Federal Contract Tower,2,0,2,0,4,0,3,45,2,50,2,3,47,2,54,10,0,10,64
08/29/2012,IFP,AZ,AWP,WE,Federal Contract Tower,3,0,0,2,5,0,2,24,0,26,3,2,24,2,31,0,0,0,31
08/30/2012,IFP,AZ,AWP,WE,Federal Contract Tower,6,2,0,0,8,0,7,22,2,31,6,9,22,2,39,6,0,6,45
08/31/2012,IFP,AZ,AWP,WE,Federal Contract Tower,2,0,1,0,3,0,3,28,0,31,2,3,29,0,34,18,0,18,52
09/01/2012,IFP,AZ,AWP,WE,Federal Contract Tower,5,0,0,0,5,0,11,36,0,47,5,11,36,0,52,34,0,34,86
09/02/2012,IFP,AZ,AWP,WE,Federal Contract Tower,6,0,0,2,8,0,3,37,0,40,6,3,37,2,48,26,0,26,74
09/03/2012,IFP,AZ,AWP,WE,Federal Contract Tower,4,0,1,0,5,1,0,17,1,19,5,0,18,1,24,4,0,4,28
09/04/2012,IFP,AZ,AWP,WE,Federal Contract Tower,1,0,0,3,4,0,1,24,0,25,1,1,24,3,29,18,0,18,47
09/05/2012,IFP,AZ,AWP,WE,Federal Contract Tower,4,0,4,0,8,0,12,40,0,52,4,12,44,0,60,4,0,4,64
09/06/2012,IFP,AZ,AWP,WE,Federal Contract Tower,5,1,0,0,6,0,0,48,0,48,5,1,48,0,54,28,0,28,82
09/07/2012,IFP,AZ,AWP,WE,Federal Contract Tower,1,0,1,0,2,0,1,59,2,62,1,1,60,2,64,34,0,34,98
09/08/2012,IFP,AZ,AWP,WE,Federal Contract Tower,4,0,2,0,6,0,5,33,0,38,4,5,35,0,44,30,0,30,74
09/09/2012,IFP,AZ,AWP,WE,Federal Contract Tower,6,0,1,0,7,0,2,32,0,34,6,2,33,0,41,6,0,6,47
09/10/2012,IFP,AZ,AWP,WE,Federal Contract Tower,3,0,2,0,5,2,6,37,0,45,5,6,39,0,50,18,0,18,68
09/11/2012,IFP,AZ,AWP,WE,Federal Contract Tower,2,5,6,0,13,0,2,47,0,49,2,7,53,0,62,40,0,40,102
09/12/2012,IFP,AZ,AWP,WE,Federal Contract Tower,3,6,0,0,9,0,0,42,0,42,3,6,42,0,51,36,0,36,87
09/13/2012,IFP,AZ,AWP,WE,Federal Contract Tower,6,0,4,0,10,0,2,26,0,28,6,2,30,0,38,4,0,4,42
09/14/2012,IFP,AZ,AWP,WE,Federal Contract Tower,3,1,3,0,7,1,3,18,0,22,4,4,21,0,29,0,0,0,29
09/15/2012,IFP,AZ,AWP,WE,Federal Contract Tower,4,0,3,0,7,0,6,34,0,40,4,6,37,0,47,34,0,34,81
09/16/2012,IFP,AZ,AWP,WE,Federal Contract Tower,6,0,0,0,6,1,0,33,0,34,7,0,33,0,40,14,0,14,54
09/17/2012,IFP,AZ,AWP,WE,Federal Contract Tower,3,2,0,0,5,0,11,45,0,56,3,13,45,0,61,0,0,0,61
09/18/2012,IFP,AZ,AWP,WE,Federal Contract Tower,1,0,1,0,2,0,1,35,14,50,1,1,36,14,52,6,0,6,58
09/19/2012,IFP,AZ,AWP,WE,Federal Contract Tower,3,0,0,0,3,0,4,40,5,49,3,4,40,5,52,20,0,20,72
09/20/2012,IFP,AZ,AWP,WE,Federal Contract Tower,7,0,0,0,7,0,2,59,0,61,7,2,59,0,68,42,0,42,110
09/21/2012,IFP,AZ,AWP,WE,Federal Contract Tower,3,0,1,0,4,0,3,42,3,48,3,3,43,3,52,18,0,18,70
09/22/2012,IFP,AZ,AWP,WE,Federal Contract Tower,3,0,2,0,5,0,1,34,0,35,3,1,36,0,40,22,0,22,62
09/23/2012,IFP,AZ,AWP,WE,Federal Contract Tower,5,0,2,0,7,0,10,42,2,54,5,10,44,2,61,4,0,4,65
09/24/2012,IFP,AZ,AWP,WE,Federal Contract Tower,2,2,0,2,6,0,13,25,1,39,2,15,25,3,45,18,8,26,71
09/25/2012,IFP,AZ,AWP,WE,Federal Contract Tower,2,0,0,0,2,0,15,23,0,38,2,15,23,0,40,8,0,8,48
09/26/2012,IFP,AZ,AWP,WE,Federal Contract Tower,3,2,2,0,7,0,2,27,2,31,3,4,29,2,38,12,0,12,50
09/27/2012,IFP,AZ,AWP,WE,Federal Contract Tower,4,0,2,0,6,0,7,44,0,51,4,7,46,0,57,16,0,16,73
09/28/2012,IFP,AZ,AWP,WE,Federal Contract Tower,4,0,2,0,6,0,8,27,2,37,4,8,29,2,43,10,0,10,53
09/29/2012,IFP,AZ,AWP,WE,Federal Contract Tower,5,0,3,0,8,0,0,43,0,43,5,0,46,0,51,12,0,12,63
09/30/2012,IFP,AZ,AWP,WE,Federal Contract Tower,4,1,2,0,7,0,1,33,0,34,4,2,35,0,41,10,0,10,51
10/01/2012,IFP,AZ,AWP,WE,Federal Contract Tower,3,1,0,0,4,0,5,13,0,18,3,6,13,0,22,6,0,6,28
10/02/2012,IFP,AZ,AWP,WE,Federal Contract Tower,1,2,0,0,3,0,1,20,0,21,1,3,20,0,24,10,0,10,34
10/03/2012,IFP,AZ,AWP,WE,Federal Contract Tower,5,0,3,0,8,0,16,28,0,44,5,16,31,0,52,66,0,66,118
10/04/2012,IFP,AZ,AWP,WE,Federal Contract Tower,5,0,1,2,8,0,13,40,6,59,5,13,41,8,67,34,0,34,101
10/05/2012,IFP,AZ,AWP,WE,Federal Contract Tower,2,0,0,0,2,0,0,42,2,44,2,0,42,2,46,52,0,52,98
10/06/2012,IFP,AZ,AWP,WE,Federal Contract Tower,5,0,0,0,5,0,1,45,0,46,5,1,45,0,51,20,0,20,71
10/07/2012,IFP,AZ,AWP,WE,Federal Contract Tower,3,0,2,0,5,0,8,69,0,77,3,8,71,0,82,30,0,30,112
10/08/2012,IFP,AZ,AWP,WE,Federal Contract Tower,3,0,1,0,4,0,0,43,0,43,3,0,44,0,47,16,0,16,63
10/09/2012,IFP,AZ,AWP,WE,Federal Contract Tower,4,0,5,0,9,0,3,32,0,35,4,3,37,0,44,14,0,14,58
10/10/2012,IFP,AZ,AWP,WE,Federal Contract Tower,2,0,0,0,2,0,4,46,0,50,2,4,46,0,52,26,0,26,78
10/11/2012,IFP,AZ,AWP,WE,Federal Contract Tower,3,1,1,0,5,1,2,6,0,9,4,3,7,0,14,2,0,2,16
10/12/2012,IFP,AZ,AWP,WE,Federal Contract Tower,4,0,0,0,4,0,7,25,0,32,4,7,25,0,36,2,0,2,38
10/13/2012,IFP,AZ,AWP,WE,Federal Contract Tower,7,0,2,0,9,0,9,39,0,48,7,9,41,0,57,4,0,4,61
10/14/2012,IFP,AZ,AWP,WE,Federal Contract Tower,5,0,3,0,8,0,0,30,4,34,5,0,33,4,42,18,0,18,60
10/15/2012,IFP,AZ,AWP,WE,Federal Contract Tower,3,0,0,2,5,0,4,23,1,28,3,4,23,3,33,4,2,6,39
10/16/2012,IFP,AZ,AWP,WE,Federal Contract Tower,4,0,0,0,4,0,2,19,0,21,4,2,19,0,25,10,0,10,35
10/17/2012,IFP,AZ,AWP,WE,Federal Contract Tower,3,0,2,0,5,0,2,32,0,34,3,2,34,0,39,2,0,2,41
10/18/2012,IFP,AZ,AWP,WE,Federal Contract Tower,4,0,1,0,5,0,2,43,0,45,4,2,44,0,50,38,0,38,88
10/19/2012,IFP,AZ,AWP,WE,Federal Contract Tower,2,0,0,0,2,0,1,58,0,59,2,1,58,0,61,12,0,12,73
10/20/2012,IFP,AZ,AWP,WE,Federal Contract Tower,6,0,0,3,9,0,3,26,1,30,6,3,26,4,39,10,0,10,49
10/21/2012,IFP,AZ,AWP,WE,Federal Contract Tower,3,0,1,0,4,0,4,39,0,43,3,4,40,0,47,6,0,6,53
10/22/2012,IFP,AZ,AWP,WE,Federal Contract Tower,6,1,3,0,10,0,8,37,2,47,6,9,40,2,57,20,0,20,77
10/23/2012,IFP,AZ,AWP,WE,Federal Contract Tower,4,1,0,0,5,0,4,20,2,26,4,5,20,2,31,10,0,10,41
10/24/2012,IFP,AZ,AWP,WE,Federal Contract Tower,2,1,1,0,4,0,24,42,0,66,2,25,43,0,70,52,0,52,122
10/25/2012,IFP,AZ,AWP,WE,Federal Contract Tower,5,3,1,0,9,0,12,24,0,36,5,15,25,0,45,10,0,10,55
10/26/2012,IFP,AZ,AWP,WE,Federal Contract Tower,3,2,0,0,5,0,2,32,2,36,3,4,32,2,41,2,0,2,43
10/27/2012,IFP,AZ,AWP,WE,Federal Contract Tower,7,0,1,0,8,0,7,29,1,37,7,7,30,1,45,0,0,0,45
10/28/2012,IFP,AZ,AWP,WE,Federal Contract Tower,5,0,4,0,9,0,2,44,8,54,5,2,48,8,63,4,0,4,67
10/29/2012,IFP,AZ,AWP,WE,Federal Contract Tower,3,1,0,0,4,0,0,43,0,43,3,1,43,0,47,2,0,2,49
10/30/2012,IFP,AZ,AWP,WE,Federal Contract Tower,0,4,0,0,4,0,6,52,2,60,0,10,52,2,64,18,0,18,82
10/31/2012,IFP,AZ,AWP,WE,Federal Contract Tower,5,0,3,0,8,0,3,48,0,51,5,3,51,0,59,20,0,20,79
11/01/2012,IFP,AZ,AWP,WE,Federal Contract Tower,5,1,2,0,8,0,7,53,1,61,5,8,55,1,69,134,0,134,203
11/02/2012,IFP,AZ,AWP,WE,Federal Contract Tower,3,1,1,0,5,0,1,39,12,52,3,2,40,12,57,4,0,4,61
11/03/2012,IFP,AZ,AWP,WE,Federal Contract Tower,4,0,0,0,4,0,3,52,0,55,4,3,52,0,59,18,0,18,77
11/04/2012,IFP,AZ,AWP,WE,Federal Contract Tower,2,0,0,0,2,0,2,32,0,34,2,2,32,0,36,6,0,6,42
11/05/2012,IFP,AZ,AWP,WE,Federal Contract Tower,1,1,0,0,2,0,6,19,0,25,1,7,19,0,27,18,0,18,45
11/06/2012,IFP,AZ,AWP,WE,Federal Contract Tower,3,1,1,1,6,0,0,20,2,22,3,1,21,3,28,8,4,12,40
11/07/2012,IFP,AZ,AWP,WE,Federal Contract Tower,2,1,4,2,9,1,6,30,0,37,3,7,34,2,46,10,0,10,56
11/08/2012,IFP,AZ,AWP,WE,Federal Contract Tower,2,1,1,1,5,0,0,30,4,34,2,1,31,5,39,44,0,44,83
11/09/2012,IFP,AZ,AWP,WE,Federal Contract Tower,1,1,0,0,2,0,12,22,2,36,1,13,22,2,38,12,0,12,50
11/10/2012,IFP,AZ,AWP,WE,Federal Contract Tower,4,0,1,0,5,0,2,26,0,28,4,2,27,0,33,6,0,6,39
11/11/2012,IFP,AZ,AWP,WE,Federal Contract Tower,3,0,1,0,4,0,2,29,6,37,3,2,30,6,41,0,0,0,41
11/12/2012,IFP,AZ,AWP,WE,Federal Contract Tower,2,0,3,0,5,0,2,25,0,27,2,2,28,0,32,16,0,16,48
11/13/2012,IFP,AZ,AWP,WE,Federal Contract Tower,1,0,2,0,3,0,4,39,0,43,1,4,41,0,46,16,0,16,62
11/14/2012,IFP,AZ,AWP,WE,Federal Contract Tower,5,1,5,0,11,0,5,35,0,40,5,6,40,0,51,2,0,2,53
11/15/2012,IFP,AZ,AWP,WE,Federal Contract Tower,5,1,0,0,6,0,0,39,0,39,5,1,39,0,45,16,0,16,61
11/16/2012,IFP,AZ,AWP,WE,Federal Contract Tower,2,1,1,0,4,0,0,33,4,37,2,1,34,4,41,0,2,2,43
11/17/2012,IFP,AZ,AWP,WE,Federal Contract Tower,3,0,0,0,3,0,6,47,1,54,3,6,47,1,57,2,0,2,59
11/18/2012,IFP,AZ,AWP,WE,Federal Contract Tower,3,0,0,0,3,0,1,31,1,33,3,1,31,1,36,0,0,0,36
11/19/2012,IFP,AZ,AWP,WE,Federal Contract Tower,2,3,0,0,5,1,1,29,6,37,3,4,29,6,42,0,0,0,42
11/20/2012,IFP,AZ,AWP,WE,Federal Contract Tower,2,1,1,0,4,0,1,46,0,47,2,2,47,0,51,34,0,34,85
11/21/2012,IFP,AZ,AWP,WE,Federal Contract Tower,3,0,4,1,8,0,3,29,1,33,3,3,33,2,41,0,0,0,41
11/22/2012,IFP,AZ,AWP,WE,Federal Contract Tower,5,0,0,0,5,0,17,17,0,34,5,17,17,0,39,0,0,0,39
11/23/2012,IFP,AZ,AWP,WE,Federal Contract Tower,1,1,0,0,2,0,7,34,1,42,1,8,34,1,44,0,0,0,44
11/24/2012,IFP,AZ,AWP,WE,Federal Contract Tower,4,0,0,0,4,0,3,38,0,41,4,3,38,0,45,2,0,2,47
11/25/2012,IFP,AZ,AWP,WE,Federal Contract Tower,2,0,0,0,2,1,1,54,0,56,3,1,54,0,58,0,0,0,58
11/26/2012,IFP,AZ,AWP,WE,Federal Contract Tower,1,1,1,0,3,0,15,28,0,43,1,16,29,0,46,14,0,14,60
11/27/2012,IFP,AZ,AWP,WE,Federal Contract Tower,1,1,2,2,6,0,7,30,0,37,1,8,32,2,43,12,0,12,55
11/28/2012,IFP,AZ,AWP,WE,Federal Contract Tower,4,2,2,1,9,0,8,51,2,61,4,10,53,3,70,8,0,8,78
11/29/2012,IFP,AZ,AWP,WE,Federal Contract Tower,6,1,0,0,7,0,2,22,0,24,6,3,22,0,31,16,0,16,47
11/30/2012,IFP,AZ,AWP,WE,Federal Contract Tower,2,1,3,0,6,0,1,31,2,34,2,2,34,2,40,12,0,12,52
12/01/2012,IFP,AZ,AWP,WE,Federal Contract Tower,4,0,0,0,4,0,0,29,0,29,4,0,29,0,33,0,0,0,33
12/02/2012,IFP,AZ,AWP,WE,Federal Contract Tower,3,0,5,0,8,0,8,41,2,51,3,8,46,2,59,10,0,10,69
12/03/2012,IFP,AZ,AWP,WE,Federal Contract Tower,3,1,1,0,5,0,1,25,2,28,3,2,26,2,33,4,0,4,37
12/04/2012,IFP,AZ,AWP,WE,Federal Contract Tower,0,3,2,0,5,1,0,46,2,49,1,3,48,2,54,0,0,0,54
12/05/2012,IFP,AZ,AWP,WE,Federal Contract Tower,2,3,1,0,6,0,1,41,2,44,2,4,42,2,50,0,0,0,50
12/06/2012,IFP,AZ,AWP,WE,Federal Contract Tower,2,2,0,0,4,0,2,34,0,36,2,4,34,0,40,0,0,0,40
12/07/2012,IFP,AZ,AWP,WE,Federal Contract Tower,2,0,1,0,3,0,1,22,0,23,2,1,23,0,26,0,0,0,26
12/08/2012,IFP,AZ,AWP,WE,Federal Contract Tower,3,0,1,0,4,0,4,25,0,29,3,4,26,0,33,0,0,0,33
12/09/2012,IFP,AZ,AWP,WE,Federal Contract Tower,6,0,1,0,7,0,3,15,0,18,6,3,16,0,25,0,0,0,25
12/10/2012,IFP,AZ,AWP,WE,Federal Contract Tower,2,1,0,0,3,0,3,16,0,19,2,4,16,0,22,0,0,0,22
12/11/2012,IFP,AZ,AWP,WE,Federal Contract Tower,1,0,0,0,1,0,5,27,2,34,1,5,27,2,35,6,12,18,53
12/12/2012,IFP,AZ,AWP,WE,Federal Contract Tower,2,2,1,0,5,0,6,28,0,34,2,8,29,0,39,4,0,4,43
12/13/2012,IFP,AZ,AWP,WE,Federal Contract Tower,4,3,0,0,7,0,8,23,0,31,4,11,23,0,38,16,0,16,54
12/14/2012,IFP,AZ,AWP,WE,Federal Contract Tower,2,1,4,0,7,0,5,11,0,16,2,6,15,0,23,12,0,12,35
12/15/2012,IFP,AZ,AWP,WE,Federal Contract Tower,1,0,0,0,1,0,3,22,0,25,1,3,22,0,26,16,0,16,42
12/16/2012,IFP,AZ,AWP,WE,Federal Contract Tower,2,0,4,0,6,0,1,40,2,43,2,1,44,2,49,2,0,2,51
12/17/2012,IFP,AZ,AWP,WE,Federal Contract Tower,2,1,6,0,9,0,5,32,0,37,2,6,38,0,46,16,0,16,62
12/18/2012,IFP,AZ,AWP,WE,Federal Contract Tower,1,3,3,0,7,0,0,31,1,32,1,3,34,1,39,24,0,24,63
12/19/2012,IFP,AZ,AWP,WE,Federal Contract Tower,0,0,2,0,2,0,10,29,1,40,0,10,31,1,42,2,0,2,44
12/20/2012,IFP,AZ,AWP,WE,Federal Contract Tower,0,0,3,2,5,0,15,23,0,38,0,15,26,2,43,12,0,12,55
12/21/2012,IFP,AZ,AWP,WE,Federal Contract Tower,0,1,2,0,3,0,6,32,0,38,0,7,34,0,41,6,0,6,47
12/22/2012,IFP,AZ,AWP,WE,Federal Contract Tower,0,0,2,0,2,0,10,20,0,30,0,10,22,0,32,0,0,0,32
12/23/2012,IFP,AZ,AWP,WE,Federal Contract Tower,0,0,1,0,1,0,4,26,0,30,0,4,27,0,31,0,0,0,31
12/24/2012,IFP,AZ,AWP,WE,Federal Contract Tower,0,1,0,0,1,0,8,25,0,33,0,9,25,0,34,10,0,10,44
12/25/2012,IFP,AZ,AWP,WE,Federal Contract Tower,0,2,0,0,2,0,2,4,0,6,0,4,4,0,8,0,0,0,8
12/26/2012,IFP,AZ,AWP,WE,Federal Contract Tower,0,0,2,0,2,0,3,30,0,33,0,3,32,0,35,30,0,30,65
12/27/2012,IFP,AZ,AWP,WE,Federal Contract Tower,3,0,5,0,8,1,9,36,0,46,4,9,41,0,54,24,0,24,78
12/28/2012,IFP,AZ,AWP,WE,Federal Contract Tower,4,1,1,0,6,0,6,45,0,51,4,7,46,0,57,20,0,20,77
12/29/2012,IFP,AZ,AWP,WE,Federal Contract Tower,2,0,0,0,2,0,2,54,0,56,2,2,54,0,58,10,0,10,68
12/30/2012,IFP,AZ,AWP,WE,Federal Contract Tower,6,2,3,0,11,0,3,14,0,17,6,5,17,0,28,12,0,12,40
12/31/2012,IFP,AZ,AWP,WE,Federal Contract Tower,6,0,0,0,6,0,6,21,0,27,6,6,21,0,33,8,0,8,41
01/01/2013,IFP,AZ,AWP,WE,Federal Contract Tower,0,0,3,0,3,0,0,28,0,28,0,0,31,0,31,4,0,4,35
01/02/2013,IFP,AZ,AWP,WE,Federal Contract Tower,3,0,0,0,3,0,1,18,0,19,3,1,18,0,22,0,0,0,22
01/03/2013,IFP,AZ,AWP,WE,Federal Contract Tower,4,1,0,0,5,0,1,22,0,23,4,2,22,0,28,6,0,6,34
01/04/2013,IFP,AZ,AWP,WE,Federal Contract Tower,2,0,0,0,2,0,11,23,0,34,2,11,23,0,36,32,0,32,68
01/05/2013,IFP,AZ,AWP,WE,Federal Contract Tower,1,0,0,0,1,0,2,43,0,45,1,2,43,0,46,58,0,58,104
01/06/2013,IFP,AZ,AWP,WE,Federal Contract Tower,4,0,2,0,6,0,0,34,0,34,4,0,36,0,40,10,0,10,50
01/07/2013,IFP,AZ,AWP,WE,Federal Contract Tower,6,1,0,0,7,0,11,18,1,30,6,12,18,1,37,26,0,26,63
01/08/2013,IFP,AZ,AWP,WE,Federal Contract Tower,1,0,2,1,4,0,6,20,2,28,1,6,22,3,32,10,2,12,44
01/09/2013,IFP,AZ,AWP,WE,Federal Contract Tower,3,0,2,0,5,0,6,26,0,32,3,6,28,0,37,24,0,24,61
01/10/2013,IFP,AZ,AWP,WE,Federal Contract Tower,5,2,0,0,7,0,5,27,3,35,5,7,27,3,42,12,6,18,60
01/11/2013,IFP,AZ,AWP,WE,Federal Contract Tower,5,3,0,0,8,0,3,28,2,33,5,6,28,2,41,12,4,16,57
01/12/2013,IFP,AZ,AWP,WE,Federal Contract Tower,1,0,0,0,1,0,10,45,0,55,1,10,45,0,56,22,0,22,78
01/13/2013,IFP,AZ,AWP,WE,Federal Contract Tower,7,0,1,1,9,0,1,33,5,39,7,1,34,6,48,2,4,6,54
01/14/2013,IFP,AZ,AWP,WE,Federal Contract Tower,4,1,0,0,5,0,6,27,0,33,4,7,27,0,38,8,0,8,46
01/15/2013,IFP,AZ,AWP,WE,Federal Contract Tower,1,1,2,0,4,0,6,34,0,40,1,7,36,0,44,24,0,24,68
01/16/2013,IFP,AZ,AWP,WE,Federal Contract Tower,4,1,1,0,6,0,18,35,0,53,4,19,36,0,59,16,0,16,75
01/17/2013,IFP,AZ,AWP,WE,Federal Contract Tower,7,0,0,0,7,0,0,30,2,32,7,0,30,2,39,4,0,4,43
01/18/2013,IFP,AZ,AWP,WE,Federal Contract Tower,4,0,1,0,5,0,3,23,0,26,4,3,24,0,31,12,0,12,43
01/19/2013,IFP,AZ,AWP,WE,Federal Contract Tower,1,0,2,5,8,0,7,42,1,50,1,7,44,6,58,8,0,8,66
01/20/2013,IFP,AZ,AWP,WE,Federal Contract Tower,4,0,1,0,5,0,4,38,0,42,4,4,39,0,47,6,0,6,53
01/21/2013,IFP,AZ,AWP,WE,Federal Contract Tower,4,2,0,0,6,0,15,40,0,55,4,17,40,0,61,0,0,0,61
01/22/2013,IFP,AZ,AWP,WE,Federal Contract Tower,3,0,2,0,5,0,10,20,2,32,3,10,22,2,37,12,0,12,49
01/23/2013,IFP,AZ,AWP,WE,Federal Contract Tower,4,1,0,0,5,0,7,18,2,27,4,8,18,2,32,10,16,26,58
01/24/2013,IFP,AZ,AWP,WE,Federal Contract Tower,3,0,2,0,5,0,4,24,0,28,3,4,26,0,33,16,0,16,49
01/25/2013,IFP,AZ,AWP,WE,Federal Contract Tower,5,1,2,1,9,0,18,11,1,30,5,19,13,2,39,24,0,24,63
01/26/2013,IFP,AZ,AWP,WE,Federal Contract Tower,5,2,3,0,10,0,6,18,0,24,5,8,21,0,34,4,0,4,38
01/27/2013,IFP,AZ,AWP,WE,Federal Contract Tower,3,0,2,0,5,0,1,23,0,24,3,1,25,0,29,4,0,4,33
01/28/2013,IFP,AZ,AWP,WE,Federal Contract Tower,3,2,0,2,7,0,6,29,2,37,3,8,29,4,44,18,0,18,62
01/29/2013,IFP,AZ,AWP,WE,Federal Contract Tower,4,0,0,0,4,0,3,42,0,45,4,3,42,0,49,20,0,20,69
01/30/2013,IFP,AZ,AWP,WE,Federal Contract Tower,3,0,1,0,4,0,8,30,0,38,3,8,31,0,42,58,0,58,100
01/31/2013,IFP,AZ,AWP,WE,Federal Contract Tower,3,0,1,0,4,0,1,39,2,42,3,1,40,2,46,36,8,44,90
02/01/2013,IFP,AZ,AWP,WE,Federal Contract Tower,6,0,2,4,12,0,4,30,0,34,6,4,32,4,46,2,0,2,48
02/02/2013,IFP,AZ,AWP,WE,Federal Contract Tower,3,1,1,0,5,0,8,33,4,45,3,9,34,4,50,36,0,36,86
02/03/2013,IFP,AZ,AWP,WE,Federal Contract Tower,6,0,0,1,7,0,9,27,1,37,6,9,27,2,44,12,0,12,56
02/04/2013,IFP,AZ,AWP,WE,Federal Contract Tower,8,0,1,0,9,0,1,31,0,32,8,1,32,0,41,32,0,32,73
02/05/2013,IFP,AZ,AWP,WE,Federal Contract Tower,2,7,0,0,9,0,1,43,0,44,2,8,43,0,53,30,0,30,83
02/06/2013,IFP,AZ,AWP,WE,Federal Contract Tower,3,0,1,0,4,0,7,34,0,41,3,7,35,0,45,22,0,22,67
02/07/2013,IFP,AZ,AWP,WE,Federal Contract Tower,4,0,2,0,6,0,8,37,0,45,4,8,39,0,51,30,0,30,81
02/08/2013,IFP,AZ,AWP,WE,Federal Contract Tower,7,0,1,0,8,0,12,19,0,31,7,12,20,0,39,46,0,46,85
02/09/2013,IFP,AZ,AWP,WE,Federal Contract Tower,2,0,2,0,4,0,6,25,0,31,2,6,27,0,35,28,0,28,63
02/10/2013,IFP,AZ,AWP,WE,Federal Contract Tower,5,0,0,0,5,0,0,29,0,29,5,0,29,0,34,66,0,66,100
02/11/2013,IFP,AZ,AWP,WE,Federal Contract Tower,8,1,5,0,14,0,3,17,0,20,8,4,22,0,34,0,0,0,34
02/12/2013,IFP,AZ,AWP,WE,Federal Contract Tower,2,0,1,0,3,0,1,23,0,24,2,1,24,0,27,40,0,40,67
02/13/2013,IFP,AZ,AWP,WE,Federal Contract Tower,4,0,1,0,5,0,3,11,2,16,4,3,12,2,21,26,4,30,51
02/14/2013,IFP,AZ,AWP,WE,Federal Contract Tower,8,0,2,0,10,0,3,18,0,21,8,3,20,0,31,10,0,10,41
02/15/2013,IFP,AZ,AWP,WE,Federal Contract Tower,5,0,3,0,8,0,5,22,2,29,5,5,25,2,37,13,0,13,50
02/16/2013,IFP,AZ,AWP,WE,Federal Contract Tower,3,0,0,0,3,0,5,31,0,36,3,5,31,0,39,52,0,52,91
02/17/2013,IFP,AZ,AWP,WE,Federal Contract Tower,7,0,0,0,7,0,1,56,0,57,7,1,56,0,64,66,0,66,130
02/18/2013,IFP,AZ,AWP,WE,Federal Contract Tower,5,0,2,0,7,0,9,34,0,43,5,9,36,0,50,28,0,28,78
02/19/2013,IFP,AZ,AWP,WE,Federal Contract Tower,4,0,2,0,6,0,2,12,0,14,4,2,14,0,20,0,0,0,20
02/20/2013,IFP,AZ,AWP,WE,Federal Contract Tower,6,1,3,0,10,0,0,7,0,7,6,1,10,0,17,0,0,0,17
02/21/2013,IFP,AZ,AWP,WE,Federal Contract Tower,4,0,0,0,4,0,3,32,0,35,4,3,32,0,39,4,0,4,43
02/22/2013,IFP,AZ,AWP,WE,Federal Contract Tower,4,0,2,0,6,0,4,56,8,68,4,4,58,8,74,42,0,42,116
02/23/2013,IFP,AZ,AWP,WE,Federal Contract Tower,3,2,1,0,6,0,9,70,0,79,3,11,71,0,85,28,0,28,113
02/24/2013,IFP,AZ,AWP,WE,Federal Contract Tower,4,0,0,0,4,0,9,25,0,34,4,9,25,0,38,12,0,12,50
02/25/2013,IFP,AZ,AWP,WE,Federal Contract Tower,8,0,3,2,13,0,1,39,1,41,8,1,42,3,54,4,0,4,58
02/26/2013,IFP,AZ,AWP,WE,Federal Contract Tower,4,3,1,1,9,0,15,30,2,47,4,18,31,3,56,2,8,10,66
02/27/2013,IFP,AZ,AWP,WE,Federal Contract Tower,4,1,0,2,7,0,1,25,0,26,4,2,25,2,33,32,14,46,79
02/28/2013,IFP,AZ,AWP,WE,Federal Contract Tower,3,0,0,0,3,0,6,24,2,32,3,6,24,2,35,8,0,8,43
03/01/2013,IFP,AZ,AWP,WE,Federal Contract Tower,5,0,0,0,5,0,4,39,0,43,5,4,39,0,48,6,0,6,54
03/02/2013,IFP,AZ,AWP,WE,Federal Contract Tower,2,0,1,0,3,0,10,47,0,57,2,10,48,0,60,4,0,4,64
03/03/2013,IFP,AZ,AWP,WE,Federal Contract Tower,5,0,1,0,6,0,3,25,9,37,5,3,26,9,43,8,0,8,51
03/04/2013,IFP,AZ,AWP,WE,Federal Contract Tower,5,0,0,0,5,0,5,24,0,29,5,5,24,0,34,26,0,26,60
03/05/2013,IFP,AZ,AWP,WE,Federal Contract Tower,2,1,0,0,3,0,2,38,4,44,2,3,38,4,47,20,0,20,67
03/06/2013,IFP,AZ,AWP,WE,Federal Contract Tower,3,1,1,0,5,0,7,26,0,33,3,8,27,0,38,2,0,2,40
03/07/2013,IFP,AZ,AWP,WE,Federal Contract Tower,3,1,1,0,5,0,2,32,5,39,3,3,33,5,44,20,0,20,64
03/08/2013,IFP,AZ,AWP,WE,Federal Contract Tower,3,3,1,0,7,0,2,17,0,19,3,5,18,0,26,14,0,14,40
03/09/2013,IFP,AZ,AWP,WE,Federal Contract Tower,2,0,2,0,4,0,6,30,0,36,2,6,32,0,40,58,0,58,98
03/10/2013,IFP,AZ,AWP,WE,Federal Contract Tower,6,2,0,0,8,0,12,35,2,49,6,14,35,2,57,16,0,16,73
03/11/2013,IFP,AZ,AWP,WE,Federal Contract Tower,7,0,3,0,10,0,9,32,0,41,7,9,35,0,51,30,0,30,81
03/12/2013,IFP,AZ,AWP,WE,Federal Contract Tower,1,0,0,0,1,0,1,35,2,38,1,1,35,2,39,18,0,18,57
03/13/2013,IFP,AZ,AWP,WE,Federal Contract Tower,4,0,0,0,4,0,9,38,0,47,4,9,38,0,51,14,0,14,65
03/14/2013,IFP,AZ,AWP,WE,Federal Contract Tower,8,0,0,0,8,0,5,30,0,35,8,5,30,0,43,25,0,25,68
03/15/2013,IFP,AZ,AWP,WE,Federal Contract Tower,8,0,0,0,8,0,6,62,0,68,8,6,62,0,76,12,0,12,88
03/16/2013,IFP,AZ,AWP,WE,Federal Contract Tower,4,1,3,0,8,0,11,254,0,265,4,12,257,0,273,6,0,6,279
03/17/2013,IFP,AZ,AWP,WE,Federal Contract Tower,8,0,0,0,8,0,10,60,0,70,8,10,60,0,78,36,0,36,114
03/18/2013,IFP,AZ,AWP,WE,Federal Contract Tower,6,0,0,0,6,0,4,29,0,33,6,4,29,0,39,28,0,28,67
03/19/2013,IFP,AZ,AWP,WE,Federal Contract Tower,2,2,0,0,4,0,12,16,0,28,2,14,16,0,32,0,0,0,32
03/20/2013,IFP,AZ,AWP,WE,Federal Contract Tower,5,0,3,0,8,0,9,18,0,27,5,9,21,0,35,0,0,0,35
03/21/2013,IFP,AZ,AWP,WE,Federal Contract Tower,9,0,1,1,11,1,7,33,3,44,10,7,34,4,55,30,4,34,89
03/22/2013,IFP,AZ,AWP,WE,Federal Contract Tower,5,2,0,0,7,0,5,24,0,29,5,7,24,0,36,14,0,14,50
03/23/2013,IFP,AZ,AWP,WE,Federal Contract Tower,5,0,0,0,5,0,14,39,0,53,5,14,39,0,58,14,0,14,72
03/24/2013,IFP,AZ,AWP,WE,Federal Contract Tower,8,0,0,0,8,0,6,35,3,44,8,6,35,3,52,44,0,44,96
03/25/2013,IFP,AZ,AWP,WE,Federal Contract Tower,4,1,1,0,6,0,4,46,2,52,4,5,47,2,58,12,0,12,70
03/26/2013,IFP,AZ,AWP,WE,Federal Contract Tower,5,0,0,2,7,0,1,26,2,29,5,1,26,4,36,18,0,18,54
03/27/2013,IFP,AZ,AWP,WE,Federal Contract Tower,6,0,2,0,8,0,7,41,0,48,6,7,43,0,56,18,0,18,74
03/28/2013,IFP,AZ,AWP,WE,Federal Contract Tower,5,0,1,0,6,0,4,40,0,44,5,4,41,0,50,34,0,34,84
03/29/2013,IFP,AZ,AWP,WE,Federal Contract Tower,6,0,1,0,7,0,5,36,0,41,6,5,37,0,48,48,0,48,96
03/30/2013,IFP,AZ,AWP,WE,Federal Contract Tower,4,0,1,0,5,0,3,30,0,33,4,3,31,0,38,14,0,14,52
03/31/2013,IFP,AZ,AWP,WE,Federal Contract Tower,8,0,0,0,8,0,7,19,9,35,8,7,19,9,43,0,0,0,43
04/01/2013,IFP,AZ,AWP,WE,Federal Contract Tower,7,0,0,0,7,0,12,21,0,33,7,12,21,0,40,4,0,4,44
04/02/2013,IFP,AZ,AWP,WE,Federal Contract Tower,1,0,1,0,2,0,6,25,0,31,1,6,26,0,33,6,0,6,39
04/03/2013,IFP,AZ,AWP,WE,Federal Contract Tower,4,0,3,0,7,0,1,44,1,46,4,1,47,1,53,8,0,8,61
04/04/2013,IFP,AZ,AWP,WE,Federal Contract Tower,7,0,5,0,12,0,3,24,0,27,7,3,29,0,39,26,0,26,65
04/05/2013,IFP,AZ,AWP,WE,Federal Contract Tower,3,0,2,0,5,0,2,37,3,42,3,2,39,3,47,52,0,52,99
04/06/2013,IFP,AZ,AWP,WE,Federal Contract Tower,2,0,1,0,3,0,6,75,0,81,2,6,76,0,84,36,0,36,120
04/07/2013,IFP,AZ,AWP,WE,Federal Contract Tower,4,0,2,0,6,0,13,57,2,72,4,13,59,2,78,34,0,34,112
04/08/2013,IFP,AZ,AWP,WE,Federal Contract Tower,4,1,0,0,5,0,7,14,0,21,4,8,14,0,26,28,0,28,54
04/09/2013,IFP,AZ,AWP,WE,Federal Contract Tower,3,0,3,0,6,0,7,13,0,20,3,7,16,0,26,8,0,8,34
04/10/2013,IFP,AZ,AWP,WE,Federal Contract Tower,3,2,1,0,6,0,7,16,2,25,3,9,17,2,31,0,0,0,31
04/11/2013,IFP,AZ,AWP,WE,Federal Contract Tower,8,2,0,0,10,1,1,29,0,31,9,3,29,0,41,12,0,12,53
04/12/2013,IFP,AZ,AWP,WE,Federal Contract Tower,9,1,2,0,12,0,5,68,0,73,9,6,70,0,85,48,0,48,133
04/13/2013,IFP,AZ,AWP,WE,Federal Contract Tower,3,0,2,0,5,0,11,62,0,73,3,11,64,0,78,6,0,6,84
04/14/2013,IFP,AZ,AWP,WE,Federal Contract Tower,7,0,2,0,9,1,0,94,0,95,8,0,96,0,104,26,0,26,130
04/15/2013,IFP,AZ,AWP,WE,Federal Contract Tower,8,0,1,0,9,0,11,20,0,31,8,11,21,0,40,30,0,30,70
04/16/2013,IFP,AZ,AWP,WE,Federal Contract Tower,2,0,4,0,6,0,8,11,0,19,2,8,15,0,25,34,0,34,59
04/17/2013,IFP,AZ,AWP,WE,Federal Contract Tower,5,1,3,0,9,0,1,26,0,27,5,2,29,0,36,8,0,8,44
04/18/2013,IFP,AZ,AWP,WE,Federal Contract Tower,6,0,2,0,8,0,2,28,0,30,6,2,30,0,38,12,0,12,50
04/19/2013,IFP,AZ,AWP,WE,Federal Contract Tower,6,0,0,0,6,0,9,48,3,60,6,9,48,3,66,32,0,32,98
04/20/2013,IFP,AZ,AWP,WE,Federal Contract Tower,5,0,0,0,5,0,11,13,0,24,5,11,13,0,29,0,0,0,29
04/21/2013,IFP,AZ,AWP,WE,Federal Contract Tower,7,0,2,0,9,0,2,62,4,68,7,2,64,4,77,12,0,12,89
04/22/2013,IFP,AZ,AWP,WE,Federal Contract Tower,7,0,1,0,8,0,8,29,2,39,7,8,30,2,47,6,0,6,53
04/23/2013,IFP,AZ,AWP,WE,Federal Contract Tower,3,0,0,0,3,0,1,6,0,7,3,1,6,0,10,2,0,2,12
04/24/2013,IFP,AZ,AWP,WE,Federal Contract Tower,4,0,2,0,6,0,11,27,2,40,4,11,29,2,46,0,0,0,46
04/25/2013,IFP,AZ,AWP,WE,Federal Contract Tower,4,0,4,0,8,0,3,31,0,34,4,3,35,0,42,0,0,0,42
04/26/2013,IFP,AZ,AWP,WE,Federal Contract Tower,7,0,2,0,9,0,11,36,0,47,7,11,38,0,56,20,0,20,76
04/27/2013,IFP,AZ,AWP,WE,Federal Contract Tower,2,0,4,0,6,0,7,56,0,63,2,7,60,0,69,32,0,32,101
04/28/2013,IFP,AZ,AWP,WE,Federal Contract Tower,3,0,4,0,7,0,5,52,0,57,3,5,56,0,64,16,0,16,80
04/29/2013,IFP,AZ,AWP,WE,Federal Contract Tower,8,1,0,0,9,0,11,38,2,51,8,12,38,2,60,14,0,14,74
04/30/2013,IFP,AZ,AWP,WE,Federal Contract Tower,1,0,2,0,3,0,1,33,12,46,1,1,35,12,49,10,0,10,59
05/01/2013,IFP,AZ,AWP,WE,Federal Contract Tower,5,0,0,0,5,0,3,4,0,7,5,3,4,0,12,0,0,0,12
05/02/2013,IFP,AZ,AWP,WE,Federal Contract Tower,6,0,2,0,8,0,19,24,0,43,6,19,26,0,51,44,0,44,95
05/03/2013,IFP,AZ,AWP,WE,Federal Contract Tower,5,0,1,0,6,0,10,31,0,41,5,10,32,0,47,9,0,9,56
05/04/2013,IFP,AZ,AWP,WE,Federal Contract Tower,3,0,3,0,6,0,5,31,0,36,3,5,34,0,42,30,0,30,72
05/05/2013,IFP,AZ,AWP,WE,Federal Contract Tower,5,0,3,0,8,0,12,19,0,31,5,12,22,0,39,36,0,36,75
05/06/2013,IFP,AZ,AWP,WE,Federal Contract Tower,4,0,2,0,6,0,20,13,0,33,4,20,15,0,39,0,0,0,39
05/07/2013,IFP,AZ,AWP,WE,Federal Contract Tower,1,0,0,0,1,0,9,16,2,27,1,9,16,2,28,44,0,44,72
05/08/2013,IFP,AZ,AWP,WE,Federal Contract Tower,5,0,1,0,6,0,2,28,0,30,5,2,29,0,36,12,0,12,48
05/09/2013,IFP,AZ,AWP,WE,Federal Contract Tower,4,1,3,0,8,0,10,10,1,21,4,11,13,1,29,4,2,6,35
05/10/2013,IFP,AZ,AWP,WE,Federal Contract Tower,6,0,0,0,6,0,2,30,2,34,6,2,30,2,40,0,0,0,40
05/11/2013,IFP,AZ,AWP,WE,Federal Contract Tower,4,0,1,0,5,0,1,43,0,44,4,1,44,0,49,30,0,30,79
05/12/2013,IFP,AZ,AWP,WE,Federal Contract Tower,6,0,0,0,6,0,3,27,0,30,6,3,27,0,36,12,0,12,48
05/13/2013,IFP,AZ,AWP,WE,Federal Contract Tower,3,0,0,0,3,0,4,22,0,26,3,4,22,0,29,44,0,44,73
05/14/2013,IFP,AZ,AWP,WE,Federal Contract Tower,3,0,3,0,6,0,4,12,0,16,3,4,15,0,22,0,0,0,22
05/15/2013,IFP,AZ,AWP,WE,Federal Contract Tower,4,0,0,0,4,0,3,14,0,17,4,3,14,0,21,20,0,20,41
05/16/2013,IFP,AZ,AWP,WE,Federal Contract Tower,7,0,2,0,9,0,0,24,0,24,7,0,26,0,33,8,0,8,41
05/17/2013,IFP,AZ,AWP,WE,Federal Contract Tower,4,0,5,2,11,0,2,27,2,31,4,2,32,4,42,28,10,38,80
05/18/2013,IFP,AZ,AWP,WE,Federal Contract Tower,4,1,1,0,6,0,7,39,0,46,4,8,40,0,52,34,0,34,86
05/19/2013,IFP,AZ,AWP,WE,Federal Contract Tower,7,0,0,0,7,0,0,31,0,31,7,0,31,0,38,18,0,18,56
05/20/2013,IFP,AZ,AWP,WE,Federal Contract Tower,8,0,0,0,8,0,2,16,0,18,8,2,16,0,26,0,0,0,26
05/21/2013,IFP,AZ,AWP,WE,Federal Contract Tower,1,3,1,0,5,0,2,13,0,15,1,5,14,0,20,10,0,10,30
05/22/2013,IFP,AZ,AWP,WE,Federal Contract Tower,5,3,2,0,10,0,1,15,0,16,5,4,17,0,26,4,0,4,30
05/23/2013,IFP,AZ,AWP,WE,Federal Contract Tower,6,0,1,0,7,0,6,26,0,32,6,6,27,0,39,10,0,10,49
05/24/2013,IFP,AZ,AWP,WE,Federal Contract Tower,5,0,0,0,5,0,13,34,0,47,5,13,34,0,52,2,0,2,54
05/25/2013,IFP,AZ,AWP,WE,Federal Contract Tower,5,0,1,0,6,0,9,41,0,50,5,9,42,0,56,12,0,12,68
05/26/2013,IFP,AZ,AWP,WE,Federal Contract Tower,5,0,1,0,6,0,4,37,0,41,5,4,38,0,47,30,0,30,77
05/27/2013,IFP,AZ,AWP,WE,Federal Contract Tower,3,0,3,0,6,0,0,57,0,57,3,0,60,0,63,16,0,16,79
05/28/2013,IFP,AZ,AWP,WE,Federal Contract Tower,3,0,2,0,5,0,3,24,0,27,3,3,26,0,32,14,0,14,46
05/29/2013,IFP,AZ,AWP,WE,Federal Contract Tower,5,0,5,0,10,0,2,24,0,26,5,2,29,0,36,4,0,4,40
05/30/2013,IFP,AZ,AWP,WE,Federal Contract Tower,5,0,0,0,5,0,1,11,0,12,5,1,11,0,17,0,0,0,17
05/31/2013,IFP,AZ,AWP,WE,Federal Contract Tower,4,0,1,0,5,0,7,18,0,25,4,7,19,0,30,6,0,6,36
06/01/2013,IFP,AZ,AWP,WE,Federal Contract Tower,5,1,3,0,9,0,11,25,0,36,5,12,28,0,45,8,0,8,53
06/02/2013,IFP,AZ,AWP,WE,Federal Contract Tower,8,0,0,0,8,0,0,25,0,25,8,0,25,0,33,12,0,12,45
06/03/2013,IFP,AZ,AWP,WE,Federal Contract Tower,6,0,2,0,8,0,8,21,0,29,6,8,23,0,37,6,0,6,43
06/04/2013,IFP,AZ,AWP,WE,Federal Contract Tower,1,0,2,0,3,0,6,17,2,25,1,6,19,2,28,0,0,0,28
06/05/2013,IFP,AZ,AWP,WE,Federal Contract Tower,4,0,1,0,5,0,2,22,0,24,4,2,23,0,29,6,0,6,35
06/06/2013,IFP,AZ,AWP,WE,Federal Contract Tower,6,0,0,0,6,0,4,19,2,25,6,4,19,2,31,0,0,0,31
06/07/2013,IFP,AZ,AWP,WE,Federal Contract Tower,4,1,3,0,8,0,5,25,0,30,4,6,28,0,38,0,0,0,38
06/08/2013,IFP,AZ,AWP,WE,Federal Contract Tower,3,1,0,0,4,0,0,1,27,28,3,1,1,27,32,44,0,44,76
06/09/2013,IFP,AZ,AWP,WE,Federal Contract Tower,7,0,2,0,9,0,2,33,0,35,7,2,35,0,44,6,0,6,50
06/10/2013,IFP,AZ,AWP,WE,Federal Contract Tower,2,0,1,0,3,0,7,14,0,21,2,7,15,0,24,46,0,46,70
06/11/2013,IFP,AZ,AWP,WE,Federal Contract Tower,2,0,0,0,2,0,10,18,0,28,2,10,18,0,30,62,0,62,92
06/12/2013,IFP,AZ,AWP,WE,Federal Contract Tower,3,2,0,0,5,0,4,36,0,40,3,6,36,0,45,38,0,38,83
06/13/2013,IFP,AZ,AWP,WE,Federal Contract Tower,7,1,3,0,11,0,8,31,0,39,7,9,34,0,50,42,0,42,92
06/14/2013,IFP,AZ,AWP,WE,Federal Contract Tower,6,2,1,2,11,0,0,0,0,0,6,2,1,2,11,16,0,16,27
06/15/2013,IFP,AZ,AWP,WE,Federal Contract Tower,5,1,4,0,10,0,6,29,2,37,5,7,33,2,47,28,0,28,75
06/16/2013,IFP,AZ,AWP,WE,Federal Contract Tower,8,0,3,0,11,0,7,36,2,45,8,7,39,2,56,36,0,36,92
06/17/2013,IFP,AZ,AWP,WE,Federal Contract Tower,5,0,2,1,8,0,0,27,2,29,5,0,29,3,37,14,4,18,55
06/18/2013,IFP,AZ,AWP,WE,Federal Contract Tower,2,0,1,0,3,0,1,22,0,23,2,1,23,0,26,40,0,40,66
06/19/2013,IFP,AZ,AWP,WE,Federal Contract Tower,5,0,2,0,7,0,3,15,0,18,5,3,17,0,25,15,0,15,40
06/20/2013,IFP,AZ,AWP,WE,Federal Contract Tower,6,0,1,0,7,0,5,32,0,37,6,5,33,0,44,18,0,18,62
06/21/2013,IFP,AZ,AWP,WE,Federal Contract Tower,3,0,0,0,3,0,1,19,0,20,3,1,19,0,23,30,0,30,53
06/22/2013,IFP,AZ,AWP,WE,Federal Contract Tower,6,0,0,0,6,0,1,15,0,16,6,1,15,0,22,0,0,0,22
06/23/2013,IFP,AZ,AWP,WE,Federal Contract Tower,7,0,6,0,13,0,6,25,0,31,7,6,31,0,44,4,0,4,48
06/24/2013,IFP,AZ,AWP,WE,Federal Contract Tower,4,0,0,0,4,0,4,18,2,24,4,4,18,2,28,2,0,2,30
06/25/2013,IFP,AZ,AWP,WE,Federal Contract Tower,2,0,0,0,2,0,4,20,0,24,2,4,20,0,26,4,0,4,30
06/26/2013,IFP,AZ,AWP,WE,Federal Contract Tower,7,0,1,0,8,0,3,21,0,24,7,3,22,0,32,0,0,0,32
06/27/2013,IFP,AZ,AWP,WE,Federal Contract Tower,4,0,4,0,8,0,7,17,0,24,4,7,21,0,32,0,0,0,32
06/28/2013,IFP,AZ,AWP,WE,Federal Contract Tower,5,0,0,0,5,0,0,0,0,0,5,0,0,0,5,0,0,0,5
06/29/2013,IFP,AZ,AWP,WE,Federal Contract Tower,6,0,0,0,6,0,9,18,0,27,6,9,18,0,33,0,0,0,33
06/30/2013,IFP,AZ,AWP,WE,Federal Contract Tower,3,0,0,0,3,0,8,5,0,13,3,8,5,0,16,0,0,0,16
07/01/2013,IFP,AZ,AWP,WE,Federal Contract Tower,2,0,0,0,2,0,3,7,1,11,2,3,7,1,13,0,0,0,13
07/02/2013,IFP,AZ,AWP,WE,Federal Contract Tower,3,0,1,0,4,0,1,12,0,13,3,1,13,0,17,0,0,0,17
07/03/2013,IFP,AZ,AWP,WE,Federal Contract Tower,8,0,1,0,9,0,2,17,0,19,8,2,18,0,28,0,0,0,28
07/04/2013,IFP,AZ,AWP,WE,Federal Contract Tower,3,0,0,0,3,0,3,26,0,29,3,3,26,0,32,4,0,4,36
07/05/2013,IFP,AZ,AWP,WE,Federal Contract Tower,4,2,0,0,6,0,5,21,0,26,4,7,21,0,32,0,0,0,32
07/06/2013,IFP,AZ,AWP,WE,Federal Contract Tower,5,0,1,0,6,0,3,15,0,18,5,3,16,0,24,4,0,4,28
07/07/2013,IFP,AZ,AWP,WE,Federal Contract Tower,4,0,1,0,5,0,6,17,0,23,4,6,18,0,28,0,0,0,28
07/08/2013,IFP,AZ,AWP,WE,Federal Contract Tower,6,0,0,0,6,0,2,24,0,26,6,2,24,0,32,0,0,0,32
07/09/2013,IFP,AZ,AWP,WE,Federal Contract Tower,1,0,1,0,2,0,11,14,0,25,1,11,15,0,27,26,0,26,53
07/10/2013,IFP,AZ,AWP,WE,Federal Contract Tower,4,0,1,0,5,0,4,15,0,19,4,4,16,0,24,14,0,14,38
07/11/2013,IFP,AZ,AWP,WE,Federal Contract Tower,7,3,1,0,11,0,5,4,0,9,7,8,5,0,20,8,0,8,28
07/12/2013,IFP,AZ,AWP,WE,Federal Contract Tower,7,0,5,0,12,0,6,15,0,21,7,6,20,0,33,10,0,10,43
07/13/2013,IFP,AZ,AWP,WE,Federal Contract Tower,3,0,2,0,5,0,2,19,0,21,3,2,21,0,26,6,0,6,32
07/14/2013,IFP,AZ,AWP,WE,Federal Contract Tower,6,1,0,0,7,0,2,13,0,15,6,3,13,0,22,12,0,12,34
07/15/2013,IFP,AZ,AWP,WE,Federal Contract Tower,8,0,2,0,10,0,10,16,0,26,8,10,18,0,36,16,0,16,52
07/16/2013,IFP,AZ,AWP,WE,Federal Contract Tower,2,0,3,2,7,0,1,19,0,20,2,1,22,2,27,26,0,26,53
07/17/2013,IFP,AZ,AWP,WE,Federal Contract Tower,4,1,0,2,7,0,8,15,6,29,4,9,15,8,36,0,36,36,72
07/18/2013,IFP,AZ,AWP,WE,Federal Contract Tower,9,0,2,0,11,0,7,20,0,27,9,7,22,0,38,0,0,0,38
07/19/2013,IFP,AZ,AWP,WE,Federal Contract Tower,4,1,0,0,5,0,5,16,0,21,4,6,16,0,26,0,0,0,26
07/20/2013,IFP,AZ,AWP,WE,Federal Contract Tower,4,0,0,0,4,0,0,0,0,0,4,0,0,0,4,0,0,0,4
07/21/2013,IFP,AZ,AWP,WE,Federal Contract Tower,6,0,0,0,6,0,1,18,0,19,6,1,18,0,25,0,0,0,25
07/22/2013,IFP,AZ,AWP,WE,Federal Contract Tower,6,0,0,0,6,0,0,16,0,16,6,0,16,0,22,0,0,0,22
07/23/2013,IFP,AZ,AWP,WE,Federal Contract Tower,2,0,2,1,5,1,2,39,0,42,3,2,41,1,47,14,0,14,61
07/24/2013,IFP,AZ,AWP,WE,Federal Contract Tower,6,1,0,1,8,1,6,30,4,41,7,7,30,5,49,14,0,14,63
07/25/2013,IFP,AZ,AWP,WE,Federal Contract Tower,7,0,0,2,9,0,4,22,0,26,7,4,22,2,35,6,0,6,41
07/26/2013,IFP,AZ,AWP,WE,Federal Contract Tower,4,0,0,0,4,0,0,0,0,0,4,0,0,0,4,6,0,6,10
07/27/2013,IFP,AZ,AWP,WE,Federal Contract Tower,3,0,1,0,4,0,21,21,0,42,3,21,22,0,46,10,0,10,56
07/28/2013,IFP,AZ,AWP,WE,Federal Contract Tower,8,0,1,0,9,0,0,16,0,16,8,0,17,0,25,12,0,12,37
07/29/2013,IFP,AZ,AWP,WE,Federal Contract Tower,3,0,1,0,4,0,1,14,0,15,3,1,15,0,19,0,0,0,19
07/30/2013,IFP,AZ,AWP,WE,Federal Contract Tower,2,0,1,0,3,0,1,29,0,30,2,1,30,0,33,0,0,0,33
07/31/2013,IFP,AZ,AWP,WE,Federal Contract Tower,3,2,3,0,8,0,3,53,2,58,3,5,56,2,66,6,0,6,72
08/01/2013,IFP,AZ,AWP,WE,Federal Contract Tower,7,2,2,0,11,0,3,27,0,30,7,5,29,0,41,0,0,0,41
08/02/2013,IFP,AZ,AWP,WE,Federal Contract Tower,2,1,0,0,3,0,1,38,0,39,2,2,38,0,42,0,0,0,42
08/03/2013,IFP,AZ,AWP,WE,Federal Contract Tower,6,0,0,2,8,0,1,19,0,20,6,1,19,2,28,0,0,0,28
08/04/2013,IFP,AZ,AWP,WE,Federal Contract Tower,8,0,0,0,8,0,6,30,0,36,8,6,30,0,44,4,0,4,48
08/05/2013,IFP,AZ,AWP,WE,Federal Contract Tower,4,0,1,0,5,5,14,0,0,19,9,14,1,0,24,0,0,0,24
08/06/2013,IFP,AZ,AWP,WE,Federal Contract Tower,0,1,0,0,1,0,4,29,2,35,0,5,29,2,36,4,0,4,40
08/07/2013,IFP,AZ,AWP,WE,Federal Contract Tower,6,0,0,0,6,0,12,24,0,36,6,12,24,0,42,0,0,0,42
08/08/2013,IFP,AZ,AWP,WE,Federal Contract Tower,7,0,0,0,7,0,4,24,0,28,7,4,24,0,35,0,0,0,35
08/09/2013,IFP,AZ,AWP,WE,Federal Contract Tower,6,0,0,0,6,0,9,23,0,32,6,9,23,0,38,2,0,2,40
08/10/2013,IFP,AZ,AWP,WE,Federal Contract Tower,2,0,1,0,3,0,6,31,1,38,2,6,32,1,41,2,0,2,43
08/11/2013,IFP,AZ,AWP,WE,Federal Contract Tower,9,0,0,0,9,0,4,32,0,36,9,4,32,0,45,4,0,4,49
08/12/2013,IFP,AZ,AWP,WE,Federal Contract Tower,5,0,1,0,6,0,7,30,0,37,5,7,31,0,43,72,0,72,115
08/13/2013,IFP,AZ,AWP,WE,Federal Contract Tower,2,0,1,0,3,0,10,12,2,24,2,10,13,2,27,40,0,40,67
08/14/2013,IFP,AZ,AWP,WE,Federal Contract Tower,4,0,0,0,4,0,10,18,2,30,4,10,18,2,34,8,0,8,42
08/15/2013,IFP,AZ,AWP,WE,Federal Contract Tower,8,0,3,0,11,0,2,12,0,14,8,2,15,0,25,6,0,6,31
08/16/2013,IFP,AZ,AWP,WE,Federal Contract Tower,3,0,3,2,8,0,1,26,0,27,3,1,29,2,35,4,0,4,39
08/17/2013,IFP,AZ,AWP,WE,Federal Contract Tower,3,0,2,0,5,0,2,25,2,29,3,2,27,2,34,4,0,4,38
08/18/2013,IFP,AZ,AWP,WE,Federal Contract Tower,6,0,1,0,7,0,0,36,0,36,6,0,37,0,43,32,0,32,75
08/19/2013,IFP,AZ,AWP,WE,Federal Contract Tower,4,0,0,0,4,0,1,23,0,24,4,1,23,0,28,16,0,16,44
08/20/2013,IFP,AZ,AWP,WE,Federal Contract Tower,1,0,3,0,4,0,3,18,2,23,1,3,21,2,27,4,0,4,31
08/21/2013,IFP,AZ,AWP,WE,Federal Contract Tower,4,0,2,0,6,0,10,17,0,27,4,10,19,0,33,10,0,10,43
08/22/2013,IFP,AZ,AWP,WE,Federal Contract Tower,6,0,0,0,6,0,8,12,0,20,6,8,12,0,26,24,0,24,50
08/23/2013,IFP,AZ,AWP,WE,Federal Contract Tower,4,0,0,0,4,0,0,14,0,14,4,0,14,0,18,20,0,20,38
08/24/2013,IFP,AZ,AWP,WE,Federal Contract Tower,3,0,0,0,3,0,6,4,0,10,3,6,4,0,13,10,0,10,23
08/25/2013,IFP,AZ,AWP,WE,Federal Contract Tower,8,0,0,0,8,0,0,7,0,7,8,0,7,0,15,0,0,0,15
08/26/2013,IFP,AZ,AWP,WE,Federal Contract Tower,3,0,1,0,4,0,2,12,0,14,3,2,13,0,18,0,0,0,18
08/27/2013,IFP,AZ,AWP,WE,Federal Contract Tower,2,0,0,0,2,0,0,16,0,16,2,0,16,0,18,0,0,0,18
08/28/2013,IFP,AZ,AWP,WE,Federal Contract Tower,3,1,0,0,4,0,4,23,0,27,3,5,23,0,31,40,0,40,71
08/29/2013,IFP,AZ,AWP,WE,Federal Contract Tower,9,0,7,0,16,0,6,20,0,26,9,6,27,0,42,8,0,8,50
08/30/2013,IFP,AZ,AWP,WE,Federal Contract Tower,4,2,0,0,6,0,2,21,0,23,4,4,21,0,29,42,0,42,71
08/31/2013,IFP,AZ,AWP,WE,Federal Contract Tower,4,0,0,0,4,0,0,27,0,27,4,0,27,0,31,6,0,6,37
09/01/2013,IFP,AZ,AWP,WE,Federal Contract Tower,6,0,2,0,8,0,0,16,0,16,6,0,18,0,24,0,0,0,24
09/02/2013,IFP,AZ,AWP,WE,Federal Contract Tower,6,0,2,0,8,0,2,28,0,30,6,2,30,0,38,20,0,20,58
09/03/2013,IFP,AZ,AWP,WE,Federal Contract Tower,1,0,2,0,3,0,10,17,0,27,1,10,19,0,30,0,0,0,30
09/04/2013,IFP,AZ,AWP,WE,Federal Contract Tower,4,0,0,0,4,0,2,22,0,24,4,2,22,0,28,14,0,14,42
09/05/2013,IFP,AZ,AWP,WE,Federal Contract Tower,7,0,0,0,7,0,2,23,0,25,7,2,23,0,32,0,0,0,32
09/06/2013,IFP,AZ,AWP,WE,Federal Contract Tower,6,1,2,0,9,0,9,10,3,22,6,10,12,3,31,0,0,0,31
09/07/2013,IFP,AZ,AWP,WE,Federal Contract Tower,3,0,1,0,4,0,8,28,0,36,3,8,29,0,40,0,0,0,40
09/08/2013,IFP,AZ,AWP,WE,Federal Contract Tower,8,0,1,0,9,0,3,10,2,15,8,3,11,2,24,0,0,0,24
09/09/2013,IFP,AZ,AWP,WE,Federal Contract Tower,4,0,0,0,4,1,5,13,0,19,5,5,13,0,23,0,0,0,23
09/10/2013,IFP,AZ,AWP,WE,Federal Contract Tower,2,2,3,0,7,0,8,18,1,27,2,10,21,1,34,0,0,0,34
09/11/2013,IFP,AZ,AWP,WE,Federal Contract Tower,4,0,1,0,5,0,4,18,0,22,4,4,19,0,27,18,0,18,45
09/12/2013,IFP,AZ,AWP,WE,Federal Contract Tower,9,0,3,0,12,0,4,22,0,26,9,4,25,0,38,0,0,0,38
09/13/2013,IFP,AZ,AWP,WE,Federal Contract Tower,6,1,0,0,7,0,7,21,2,30,6,8,21,2,37,0,0,0,37
09/14/2013,IFP,AZ,AWP,WE,Federal Contract Tower,2,0,1,0,3,0,5,26,0,31,2,5,27,0,34,26,0,26,60
09/15/2013,IFP,AZ,AWP,WE,Federal Contract Tower,7,0,3,0,10,0,9,35,0,44,7,9,38,0,54,14,0,14,68
09/16/2013,IFP,AZ,AWP,WE,Federal Contract Tower,6,0,0,0,6,0,4,17,0,21,6,4,17,0,27,38,0,38,65
09/17/2013,IFP,AZ,AWP,WE,Federal Contract Tower,2,1,0,0,3,0,5,19,0,24,2,6,19,0,27,4,0,4,31
09/18/2013,IFP,AZ,AWP,WE,Federal Contract Tower,3,1,0,0,4,0,15,19,0,34,3,16,19,0,38,0,0,0,38
09/19/2013,IFP,AZ,AWP,WE,Federal Contract Tower,5,0,1,0,6,0,7,16,2,25,5,7,17,2,31,8,0,8,39
09/20/2013,IFP,AZ,AWP,WE,Federal Contract Tower,5,0,1,2,8,0,3,38,2,43,5,3,39,4,51,20,0,20,71
09/21/2013,IFP,AZ,AWP,WE,Federal Contract Tower,3,2,0,0,5,0,6,33,0,39,3,8,33,0,44,0,0,0,44
09/22/2013,IFP,AZ,AWP,WE,Federal Contract Tower,4,0,0,3,7,0,4,22,0,26,4,4,22,3,33,0,0,0,33
09/23/2013,IFP,AZ,AWP,WE,Federal Contract Tower,6,0,3,0,9,0,0,20,0,20,6,0,23,0,29,16,0,16,45
09/24/2013,IFP,AZ,AWP,WE,Federal Contract Tower,2,2,0,0,4,0,4,27,0,31,2,6,27,0,35,6,0,6,41
09/25/2013,IFP,AZ,AWP,WE,Federal Contract Tower,4,0,2,0,6,0,6,12,0,18,4,6,14,0,24,8,0,8,32
09/26/2013,IFP,AZ,AWP,WE,Federal Contract Tower,7,0,1,0,8,0,4,13,0,17,7,4,14,0,25,0,0,0,25
09/27/2013,IFP,AZ,AWP,WE,Federal Contract Tower,4,0,0,0,4,0,8,11,2,21,4,8,11,2,25,6,0,6,31
09/28/2013,IFP,AZ,AWP,WE,Federal Contract Tower,4,0,2,0,6,0,2,36,0,38,4,2,38,0,44,6,0,6,50
09/29/2013,IFP,AZ,AWP,WE,Federal Contract Tower,5,0,0,0,5,0,1,34,0,35,5,1,34,0,40,0,0,0,40
09/30/2013,IFP,AZ,AWP,WE,Federal Contract Tower,3,0,0,0,3,0,10,24,0,34,3,10,24,0,37,12,0,12,49
10/01/2013,IFP,AZ,AWP,WE,Federal Contract Tower,1,0,2,0,3,0,6,23,0,29,1,6,25,0,32,0,0,0,32
10/02/2013,IFP,AZ,AWP,WE,Federal Contract Tower,4,1,1,0,6,0,10,22,0,32,4,11,23,0,38,0,0,0,38
10/03/2013,IFP,AZ,AWP,WE,Federal Contract Tower,6,0,1,0,7,0,0,21,0,21,6,0,22,0,28,6,0,6,34
10/04/2013,IFP,AZ,AWP,WE,Federal Contract Tower,5,0,1,0,6,0,8,11,0,19,5,8,12,0,25,0,0,0,25
10/05/2013,IFP,AZ,AWP,WE,Federal Contract Tower,3,0,1,0,4,0,2,13,0,15,3,2,14,0,19,0,0,0,19
10/06/2013,IFP,AZ,AWP,WE,Federal Contract Tower,7,0,0,0,7,0,0,25,0,25,7,0,25,0,32,0,0,0,32
10/07/2013,IFP,AZ,AWP,WE,Federal Contract Tower,6,0,0,0,6,0,3,27,0,30,6,3,27,0,36,86,0,86,122
10/08/2013,IFP,AZ,AWP,WE,Federal Contract Tower,2,1,0,2,5,0,2,28,0,30,2,3,28,2,35,14,0,14,49
10/09/2013,IFP,AZ,AWP,WE,Federal Contract Tower,3,0,1,0,4,0,1,13,0,14,3,1,14,0,18,0,0,0,18
10/10/2013,IFP,AZ,AWP,WE,Federal Contract Tower,8,0,1,0,9,0,1,20,0,21,8,1,21,0,30,44,0,44,74
10/11/2013,IFP,AZ,AWP,WE,Federal Contract Tower,3,3,0,0,6,1,3,25,0,29,4,6,25,0,35,4,0,4,39
10/12/2013,IFP,AZ,AWP,WE,Federal Contract Tower,4,0,0,0,4,0,6,37,0,43,4,6,37,0,47,0,0,0,47
10/13/2013,IFP,AZ,AWP,WE,Federal Contract Tower,6,0,2,0,8,0,0,21,0,21,6,0,23,0,29,0,0,0,29
10/14/2013,IFP,AZ,AWP,WE,Federal Contract Tower,8,0,1,0,9,0,2,15,0,17,8,2,16,0,26,0,0,0,26
10/15/2013,IFP,AZ,AWP,WE,Federal Contract Tower,1,0,0,0,1,0,8,11,0,19,1,8,11,0,20,2,0,2,22
10/16/2013,IFP,AZ,AWP,WE,Federal Contract Tower,3,0,0,0,3,0,3,7,0,10,3,3,7,0,13,0,0,0,13
10/17/2013,IFP,AZ,AWP,WE,Federal Contract Tower,6,0,1,0,7,3,9,20,0,32,9,9,21,0,39,2,0,2,41
10/18/2013,IFP,AZ,AWP,WE,Federal Contract Tower,7,0,1,0,8,0,1,33,0,34,7,1,34,0,42,14,0,14,56
10/19/2013,IFP,AZ,AWP,WE,Federal Contract Tower,5,0,2,0,7,0,4,28,1,33,5,4,30,1,40,20,0,20,60
10/20/2013,IFP,AZ,AWP,WE,Federal Contract Tower,9,0,3,0,12,1,4,30,0,35,10,4,33,0,47,10,0,10,57
10/21/2013,IFP,AZ,AWP,WE,Federal Contract Tower,7,0,0,0,7,0,2,26,0,28,7,2,26,0,35,0,0,0,35
10/22/2013,IFP,AZ,AWP,WE,Federal Contract Tower,3,0,0,0,3,0,4,15,0,19,3,4,15,0,22,16,0,16,38
10/23/2013,IFP,AZ,AWP,WE,Federal Contract Tower,5,0,4,0,9,0,7,28,0,35,5,7,32,0,44,4,0,4,48
10/24/2013,IFP,AZ,AWP,WE,Federal Contract Tower,7,2,3,0,12,0,10,29,0,39,7,12,32,0,51,2,0,2,53
10/25/2013,IFP,AZ,AWP,WE,Federal Contract Tower,4,0,3,0,7,0,2,13,0,15,4,2,16,0,22,0,0,0,22
10/26/2013,IFP,AZ,AWP,WE,Federal Contract Tower,5,0,2,0,7,0,9,46,0,55,5,9,48,0,62,36,0,36,98
10/27/2013,IFP,AZ,AWP,WE,Federal Contract Tower,5,0,0,0,5,0,2,27,0,29,5,2,27,0,34,66,0,66,100
10/28/2013,IFP,AZ,AWP,WE,Federal Contract Tower,5,0,0,0,5,0,0,0,0,0,5,0,0,0,5,0,0,0,5
10/29/2013,IFP,AZ,AWP,WE,Federal Contract Tower,1,0,0,0,1,0,1,9,0,10,1,1,9,0,11,0,0,0,11
10/30/2013,IFP,AZ,AWP,WE,Federal Contract Tower,5,0,1,0,6,0,1,24,0,25,5,1,25,0,31,0,0,0,31
10/31/2013,IFP,AZ,AWP,WE,Federal Contract Tower,6,0,0,0,6,0,5,15,0,20,6,5,15,0,26,0,0,0,26
11/01/2013,IFP,AZ,AWP,WE,Federal Contract Tower,5,0,1,0,6,0,7,15,0,22,5,7,16,0,28,12,0,12,40
11/02/2013,IFP,AZ,AWP,WE,Federal Contract Tower,5,0,2,0,7,0,0,21,4,25,5,0,23,4,32,0,0,0,32
11/03/2013,IFP,AZ,AWP,WE,Federal Contract Tower,4,0,3,0,7,0,1,28,2,31,4,1,31,2,38,18,0,18,56
11/04/2013,IFP,AZ,AWP,WE,Federal Contract Tower,3,1,1,0,5,0,5,15,0,20,3,6,16,0,25,4,0,4,29
11/05/2013,IFP,AZ,AWP,WE,Federal Contract Tower,1,0,4,0,5,0,9,19,0,28,1,9,23,0,33,0,0,0,33
11/06/2013,IFP,AZ,AWP,WE,Federal Contract Tower,3,0,0,0,3,0,7,26,2,35,3,7,26,2,38,10,0,10,48
11/07/2013,IFP,AZ,AWP,WE,Federal Contract Tower,7,0,1,0,8,0,0,25,0,25,7,0,26,0,33,0,0,0,33
11/08/2013,IFP,AZ,AWP,WE,Federal Contract Tower,3,0,0,1,4,0,2,35,1,38,3,2,35,2,42,20,0,20,62
11/09/2013,IFP,AZ,AWP,WE,Federal Contract Tower,5,0,0,0,5,0,2,22,2,26,5,2,22,2,31,0,0,0,31
11/10/2013,IFP,AZ,AWP,WE,Federal Contract Tower,6,0,2,0,8,0,0,42,2,44,6,0,44,2,52,0,0,0,52
11/11/2013,IFP,AZ,AWP,WE,Federal Contract Tower,5,0,1,0,6,0,2,24,0,26,5,2,25,0,32,0,0,0,32
11/12/2013,IFP,AZ,AWP,WE,Federal Contract Tower,1,0,0,0,1,0,3,14,0,17,1,3,14,0,18,2,0,2,20
11/13/2013,IFP,AZ,AWP,WE,Federal Contract Tower,6,0,1,0,7,0,12,14,0,26,6,12,15,0,33,0,0,0,33
11/14/2013,IFP,AZ,AWP,WE,Federal Contract Tower,6,0,2,0,8,0,9,21,0,30,6,9,23,0,38,0,0,0,38
11/15/2013,IFP,AZ,AWP,WE,Federal Contract Tower,5,1,2,0,8,0,2,26,0,28,5,3,28,0,36,6,0,6,42
11/16/2013,IFP,AZ,AWP,WE,Federal Contract Tower,4,0,2,0,6,0,0,21,0,21,4,0,23,0,27,2,0,2,29
11/17/2013,IFP,AZ,AWP,WE,Federal Contract Tower,6,2,2,0,10,0,6,42,0,48,6,8,44,0,58,8,0,8,66
11/18/2013,IFP,AZ,AWP,WE,Federal Contract Tower,4,0,0,0,4,0,1,15,2,18,4,1,15,2,22,2,0,2,24
11/19/2013,IFP,AZ,AWP,WE,Federal Contract Tower,3,0,3,0,6,0,1,16,0,17,3,1,19,0,23,4,0,4,27
11/20/2013,IFP,AZ,AWP,WE,Federal Contract Tower,4,1,1,0,6,0,8,19,0,27,4,9,20,0,33,0,0,0,33
11/21/2013,IFP,AZ,AWP,WE,Federal Contract Tower,6,0,8,0,14,0,6,13,0,19,6,6,21,0,33,2,0,2,35
11/22/2013,IFP,AZ,AWP,WE,Federal Contract Tower,4,0,2,0,6,0,0,0,0,0,4,0,2,0,6,0,0,0,6
11/23/2013,IFP,AZ,AWP,WE,Federal Contract Tower,6,0,1,0,7,0,0,2,0,2,6,0,3,0,9,6,0,6,15
11/24/2013,IFP,AZ,AWP,WE,Federal Contract Tower,6,0,4,0,10,0,2,27,2,31,6,2,31,2,41,0,0,0,41
11/25/2013,IFP,AZ,AWP,WE,Federal Contract Tower,5,0,1,1,7,0,16,15,1,32,5,16,16,2,39,0,0,0,39
11/26/2013,IFP,AZ,AWP,WE,Federal Contract Tower,2,0,0,0,2,0,10,29,0,39,2,10,29,0,41,6,0,6,47
11/27/2013,IFP,AZ,AWP,WE,Federal Contract Tower,3,0,2,0,5,0,5,32,0,37,3,5,34,0,42,2,0,2,44
11/28/2013,IFP,AZ,AWP,WE,Federal Contract Tower,7,0,0,0,7,0,0,20,0,20,7,0,20,0,27,0,0,0,27
11/29/2013,IFP,AZ,AWP,WE,Federal Contract Tower,5,0,0,0,5,0,5,25,0,30,5,5,25,0,35,0,0,0,35
11/30/2013,IFP,AZ,AWP,WE,Federal Contract Tower,3,0,1,0,4,0,0,23,0,23,3,0,24,0,27,16,0,16,43
12/01/2013,IFP,AZ,AWP,WE,Federal Contract Tower,7,0,1,0,8,0,5,17,0,22,7,5,18,0,30,0,0,0,30
12/02/2013,IFP,AZ,AWP,WE,Federal Contract Tower,2,0,0,0,2,0,7,19,0,26,2,7,19,0,28,0,0,0,28
12/03/2013,IFP,AZ,AWP,WE,Federal Contract Tower,3,0,2,0,5,0,0,7,0,7,3,0,9,0,12,4,0,4,16
12/04/2013,IFP,AZ,AWP,WE,Federal Contract Tower,3,0,1,2,6,0,3,14,0,17,3,3,15,2,23,0,0,0,23
12/05/2013,IFP,AZ,AWP,WE,Federal Contract Tower,8,0,2,0,10,0,9,16,0,25,8,9,18,0,35,6,0,6,41
12/06/2013,IFP,AZ,AWP,WE,Federal Contract Tower,5,0,1,0,6,0,4,12,0,16,5,4,13,0,22,0,0,0,22
12/07/2013,IFP,AZ,AWP,WE,Federal Contract Tower,3,0,4,0,7,0,6,8,4,18,3,6,12,4,25,0,0,0,25
12/08/2013,IFP,AZ,AWP,WE,Federal Contract Tower,4,0,0,1,5,0,4,15,1,20,4,4,15,2,25,6,10,16,41
12/09/2013,IFP,AZ,AWP,WE,Federal Contract Tower,5,0,1,0,6,0,0,5,0,5,5,0,6,0,11,0,0,0,11
12/10/2013,IFP,AZ,AWP,WE,Federal Contract Tower,1,0,0,0,1,0,8,12,0,20,1,8,12,0,21,0,0,0,21
12/11/2013,IFP,AZ,AWP,WE,Federal Contract Tower,3,0,0,0,3,0,6,9,0,15,3,6,9,0,18,0,0,0,18
12/12/2013,IFP,AZ,AWP,WE,Federal Contract Tower,5,0,0,0,5,0,0,5,0,5,5,0,5,0,10,0,0,0,10
12/13/2013,IFP,AZ,AWP,WE,Federal Contract Tower,7,0,0,0,7,0,1,27,0,28,7,1,27,0,35,2,0,2,37
12/14/2013,IFP,AZ,AWP,WE,Federal Contract Tower,4,0,2,0,6,0,3,11,0,14,4,3,13,0,20,0,1,1,21
12/15/2013,IFP,AZ,AWP,WE,Federal Contract Tower,2,2,0,0,4,0,0,24,0,24,2,2,24,0,28,4,0,4,32
12/16/2013,IFP,AZ,AWP,WE,Federal Contract Tower,4,0,2,0,6,0,0,15,0,15,4,0,17,0,21,0,0,0,21
12/17/2013,IFP,AZ,AWP,WE,Federal Contract Tower,1,2,2,0,5,0,0,19,6,25,1,2,21,6,30,0,0,0,30
12/18/2013,IFP,AZ,AWP,WE,Federal Contract Tower,1,0,0,0,1,0,7,14,0,21,1,7,14,0,22,0,0,0,22
12/19/2013,IFP,AZ,AWP,WE,Federal Contract Tower,2,1,0,0,3,0,1,22,0,23,2,2,22,0,26,6,0,6,32
12/20/2013,IFP,AZ,AWP,WE,Federal Contract Tower,2,0,1,0,3,0,3,16,0,19,2,3,17,0,22,0,0,0,22
12/21/2013,IFP,AZ,AWP,WE,Federal Contract Tower,2,0,3,0,5,0,1,22,0,23,2,1,25,0,28,6,0,6,34
12/22/2013,IFP,AZ,AWP,WE,Federal Contract Tower,2,0,2,0,4,0,2,23,0,25,2,2,25,0,29,0,0,0,29
12/23/2013,IFP,AZ,AWP,WE,Federal Contract Tower,1,0,0,0,1,0,5,11,0,16,1,5,11,0,17,4,0,4,21
12/24/2013,IFP,AZ,AWP,WE,Federal Contract Tower,0,0,1,0,1,0,10,7,0,17,0,10,8,0,18,0,0,0,18
12/25/2013,IFP,AZ,AWP,WE,Federal Contract Tower,2,0,0,0,2,0,3,4,0,7,2,3,4,0,9,0,0,0,9
12/26/2013,IFP,AZ,AWP,WE,Federal Contract Tower,7,0,0,0,7,0,1,6,0,7,7,1,6,0,14,0,0,0,14
12/27/2013,IFP,AZ,AWP,WE,Federal Contract Tower,4,1,1,0,6,0,13,15,0,28,4,14,16,0,34,0,0,0,34
12/28/2013,IFP,AZ,AWP,WE,Federal Contract Tower,3,0,0,0,3,0,4,22,0,26,3,4,22,0,29,2,0,2,31
12/29/2013,IFP,AZ,AWP,WE,Federal Contract Tower,6,0,0,0,6,0,2,9,0,11,6,2,9,0,17,0,0,0,17
12/30/2013,IFP,AZ,AWP,WE,Federal Contract Tower,4,0,3,0,7,0,6,16,0,22,4,6,19,0,29,10,0,10,39
12/31/2013,IFP,AZ,AWP,WE,Federal Contract Tower,1,0,1,0,2,0,3,14,0,17,1,3,15,0,19,0,0,0,19
01/01/2014,IFP,AZ,AWP,WE,Federal Contract Tower,0,0,1,0,1,0,1,19,0,20,0,1,20,0,21,0,0,0,21
01/02/2014,IFP,AZ,AWP,WE,Federal Contract Tower,9,0,0,0,9,0,5,16,0,21,9,5,16,0,30,0,0,0,30
01/03/2014,IFP,AZ,AWP,WE,Federal Contract Tower,7,0,1,0,8,0,14,28,0,42,7,14,29,0,50,0,0,0,50
01/04/2014,IFP,AZ,AWP,WE,Federal Contract Tower,2,0,2,0,4,0,5,29,0,34,2,5,31,0,38,0,0,0,38
01/05/2014,IFP,AZ,AWP,WE,Federal Contract Tower,6,0,1,0,7,0,1,17,0,18,6,1,18,0,25,0,0,0,25
01/06/2014,IFP,AZ,AWP,WE,Federal Contract Tower,5,0,2,0,7,0,4,3,0,7,5,4,5,0,14,0,0,0,14
01/07/2014,IFP,AZ,AWP,WE,Federal Contract Tower,2,0,0,0,2,0,1,19,0,20,2,1,19,0,22,4,0,4,26
01/08/2014,IFP,AZ,AWP,WE,Federal Contract Tower,1,0,0,1,2,0,0,20,1,21,1,0,20,2,23,2,0,2,25
01/09/2014,IFP,AZ,AWP,WE,Federal Contract Tower,4,0,2,0,6,0,0,24,0,24,4,0,26,0,30,6,0,6,36
01/10/2014,IFP,AZ,AWP,WE,Federal Contract Tower,6,0,0,0,6,0,2,25,0,27,6,2,25,0,33,6,0,6,39
01/11/2014,IFP,AZ,AWP,WE,Federal Contract Tower,3,0,0,2,5,0,0,40,0,40,3,0,40,2,45,4,6,10,55
01/12/2014,IFP,AZ,AWP,WE,Federal Contract Tower,5,0,0,0,5,0,2,19,0,21,5,2,19,0,26,10,0,10,36
01/13/2014,IFP,AZ,AWP,WE,Federal Contract Tower,5,0,0,0,5,0,4,9,0,13,5,4,9,0,18,0,0,0,18
01/14/2014,IFP,AZ,AWP,WE,Federal Contract Tower,2,0,0,0,2,0,6,16,2,24,2,6,16,2,26,0,4,4,30
01/15/2014,IFP,AZ,AWP,WE,Federal Contract Tower,3,0,1,2,6,0,0,9,0,9,3,0,10,2,15,0,2,2,17
01/16/2014,IFP,AZ,AWP,WE,Federal Contract Tower,6,0,1,0,7,0,0,16,0,16,6,0,17,0,23,0,0,0,23
01/17/2014,IFP,AZ,AWP,WE,Federal Contract Tower,4,0,3,0,7,0,7,21,0,28,4,7,24,0,35,12,0,12,47
01/18/2014,IFP,AZ,AWP,WE,Federal Contract Tower,3,0,1,0,4,0,1,41,0,42,3,1,42,0,46,0,0,0,46
01/19/2014,IFP,AZ,AWP,WE,Federal Contract Tower,8,0,1,0,9,0,0,31,0,31,8,0,32,0,40,0,0,0,40
01/20/2014,IFP,AZ,AWP,WE,Federal Contract Tower,4,0,0,0,4,0,4,35,0,39,4,4,35,0,43,3,0,3,46
01/21/2014,IFP,AZ,AWP,WE,Federal Contract Tower,2,0,2,0,4,0,0,8,0,8,2,0,10,0,12,0,0,0,12
01/22/2014,IFP,AZ,AWP,WE,Federal Contract Tower,2,0,0,0,2,0,5,21,0,26,2,5,21,0,28,12,0,12,40
01/23/2014,IFP,AZ,AWP,WE,Federal Contract Tower,5,0,1,0,6,0,4,21,2,27,5,4,22,2,33,14,0,14,47
01/24/2014,IFP,AZ,AWP,WE,Federal Contract Tower,3,0,4,1,8,0,13,16,2,31,3,13,20,3,39,0,0,0,39
01/25/2014,IFP,AZ,AWP,WE,Federal Contract Tower,5,0,0,0,5,0,6,61,0,67,5,6,61,0,72,0,0,0,72
01/26/2014,IFP,AZ,AWP,WE,Federal Contract Tower,4,0,0,0,4,0,5,23,0,28,4,5,23,0,32,4,0,4,36
01/27/2014,IFP,AZ,AWP,WE,Federal Contract Tower,7,0,1,0,8,0,5,14,0,19,7,5,15,0,27,2,0,2,29
01/28/2014,IFP,AZ,AWP,WE,Federal Contract Tower,3,0,2,0,5,0,2,16,0,18,3,2,18,0,23,0,0,0,23
01/29/2014,IFP,AZ,AWP,WE,Federal Contract Tower,2,0,0,0,2,0,0,21,0,21,2,0,21,0,23,6,0,6,29
01/30/2014,IFP,AZ,AWP,WE,Federal Contract Tower,5,0,1,0,6,0,17,15,0,32,5,17,16,0,38,0,0,0,38
01/31/2014,IFP,AZ,AWP,WE,Federal Contract Tower,5,2,1,0,8,0,4,15,0,19,5,6,16,0,27,6,0,6,33
02/01/2014,IFP,AZ,AWP,WE,Federal Contract Tower,5,0,1,0,6,0,0,11,0,11,5,0,12,0,17,6,0,6,23
02/02/2014,IFP,AZ,AWP,WE,Federal Contract Tower,4,0,0,0,4,0,2,35,0,37,4,2,35,0,41,2,0,2,43
02/03/2014,IFP,AZ,AWP,WE,Federal Contract Tower,5,0,1,0,6,0,6,27,0,33,5,6,28,0,39,2,0,2,41
02/04/2014,IFP,AZ,AWP,WE,Federal Contract Tower,3,0,0,0,3,0,9,23,0,32,3,9,23,0,35,8,0,8,43
02/05/2014,IFP,AZ,AWP,WE,Federal Contract Tower,1,1,3,0,5,0,8,24,0,32,1,9,27,0,37,10,0,10,47
02/06/2014,IFP,AZ,AWP,WE,Federal Contract Tower,7,0,0,0,7,0,7,20,0,27,7,7,20,0,34,0,0,0,34
02/07/2014,IFP,AZ,AWP,WE,Federal Contract Tower,6,0,0,0,6,0,3,33,0,36,6,3,33,0,42,6,0,6,48
02/08/2014,IFP,AZ,AWP,WE,Federal Contract Tower,6,1,3,0,10,0,5,27,0,32,6,6,30,0,42,2,0,2,44
02/09/2014,IFP,AZ,AWP,WE,Federal Contract Tower,4,0,1,0,5,0,6,26,0,32,4,6,27,0,37,0,0,0,37
02/10/2014,IFP,AZ,AWP,WE,Federal Contract Tower,4,0,1,0,5,0,7,9,2,18,4,7,10,2,23,0,0,0,23
02/11/2014,IFP,AZ,AWP,WE,Federal Contract Tower,2,2,5,0,9,0,5,23,0,28,2,7,28,0,37,0,0,0,37
02/12/2014,IFP,AZ,AWP,WE,Federal Contract Tower,3,0,0,0,3,0,4,29,0,33,3,4,29,0,36,0,0,0,36
02/13/2014,IFP,AZ,AWP,WE,Federal Contract Tower,6,0,1,0,7,0,0,33,0,33,6,0,34,0,40,8,0,8,48
02/14/2014,IFP,AZ,AWP,WE,Federal Contract Tower,8,0,1,0,9,0,12,25,0,37,8,12,26,0,46,8,0,8,54
02/15/2014,IFP,AZ,AWP,WE,Federal Contract Tower,2,0,1,0,3,0,11,35,0,46,2,11,36,0,49,4,0,4,53
02/16/2014,IFP,AZ,AWP,WE,Federal Contract Tower,5,0,0,0,5,0,4,39,0,43,5,4,39,0,48,14,0,14,62
02/17/2014,IFP,AZ,AWP,WE,Federal Contract Tower,8,0,0,0,8,0,8,36,0,44,8,8,36,0,52,0,0,0,52
02/18/2014,IFP,AZ,AWP,WE,Federal Contract Tower,3,0,0,0,3,0,6,6,0,12,3,6,6,0,15,0,0,0,15
02/19/2014,IFP,AZ,AWP,WE,Federal Contract Tower,5,0,2,0,7,0,6,15,0,21,5,6,17,0,28,4,0,4,32
02/20/2014,IFP,AZ,AWP,WE,Federal Contract Tower,6,0,1,0,7,0,0,25,0,25,6,0,26,0,32,4,0,4,36
02/21/2014,IFP,AZ,AWP,WE,Federal Contract Tower,6,1,1,0,8,0,3,48,0,51,6,4,49,0,59,42,0,42,101
02/22/2014,IFP,AZ,AWP,WE,Federal Contract Tower,5,0,1,0,6,0,2,44,0,46,5,2,45,0,52,10,0,10,62
02/23/2014,IFP,AZ,AWP,WE,Federal Contract Tower,5,0,1,0,6,0,0,40,2,42,5,0,41,2,48,18,0,18,66
02/24/2014,IFP,AZ,AWP,WE,Federal Contract Tower,7,0,3,1,11,0,2,32,1,35,7,2,35,2,46,2,0,2,48
02/25/2014,IFP,AZ,AWP,WE,Federal Contract Tower,2,0,3,0,5,0,3,18,0,21,2,3,21,0,26,10,0,10,36
02/26/2014,IFP,AZ,AWP,WE,Federal Contract Tower,2,0,3,0,5,0,3,17,0,20,2,3,20,0,25,6,0,6,31
02/27/2014,IFP,AZ,AWP,WE,Federal Contract Tower,6,0,3,0,9,0,0,7,0,7,6,0,10,0,16,6,0,6,22
02/28/2014,IFP,AZ,AWP,WE,Federal Contract Tower,6,0,2,0,8,0,4,8,0,12,6,4,10,0,20,0,0,0,20
03/01/2014,IFP,AZ,AWP,WE,Federal Contract Tower,4,0,2,0,6,0,9,6,0,15,4,9,8,0,21,8,0,8,29
03/02/2014,IFP,AZ,AWP,WE,Federal Contract Tower,6,0,0,0,6,0,7,15,1,23,6,7,15,1,29,0,0,0,29
03/03/2014,IFP,AZ,AWP,WE,Federal Contract Tower,4,0,0,0,4,0,10,22,2,34,4,10,22,2,38,36,0,36,74
03/04/2014,IFP,AZ,AWP,WE,Federal Contract Tower,3,0,0,0,3,0,17,14,0,31,3,17,14,0,34,0,0,0,34
03/05/2014,IFP,AZ,AWP,WE,Federal Contract Tower,2,0,0,0,2,0,3,21,0,24,2,3,21,0,26,0,0,0,26
03/06/2014,IFP,AZ,AWP,WE,Federal Contract Tower,6,0,1,0,7,0,7,34,0,41,6,7,35,0,48,0,0,0,48
03/07/2014,IFP,AZ,AWP,WE,Federal Contract Tower,5,0,1,4,10,0,9,15,0,24,5,9,16,4,34,0,2,2,36
03/08/2014,IFP,AZ,AWP,WE,Federal Contract Tower,5,0,2,0,7,0,0,35,0,35,5,0,37,0,42,38,0,38,80
03/09/2014,IFP,AZ,AWP,WE,Federal Contract Tower,7,0,2,0,9,0,0,31,0,31,7,0,33,0,40,14,0,14,54
03/10/2014,IFP,AZ,AWP,WE,Federal Contract Tower,6,0,3,0,9,0,0,20,0,20,6,0,23,0,29,0,0,0,29
03/11/2014,IFP,AZ,AWP,WE,Federal Contract Tower,2,0,0,0,2,0,10,13,2,25,2,10,13,2,27,0,0,0,27
03/12/2014,IFP,AZ,AWP,WE,Federal Contract Tower,5,0,1,0,6,0,0,11,0,11,5,0,12,0,17,0,0,0,17
03/13/2014,IFP,AZ,AWP,WE,Federal Contract Tower,7,0,0,0,7,0,5,13,2,20,7,5,13,2,27,0,0,0,27
03/14/2014,IFP,AZ,AWP,WE,Federal Contract Tower,8,0,1,0,9,1,1,24,0,26,9,1,25,0,35,2,0,2,37
03/15/2014,IFP,AZ,AWP,WE,Federal Contract Tower,4,0,0,0,4,0,11,147,0,158,4,11,147,0,162,0,0,0,162
03/16/2014,IFP,AZ,AWP,WE,Federal Contract Tower,6,0,2,0,8,0,2,40,0,42,6,2,42,0,50,0,0,0,50
03/17/2014,IFP,AZ,AWP,WE,Federal Contract Tower,6,0,0,2,8,0,5,23,2,30,6,5,23,4,38,12,0,12,50
03/18/2014,IFP,AZ,AWP,WE,Federal Contract Tower,2,0,0,0,2,0,2,11,0,13,2,2,11,0,15,2,0,2,17
03/19/2014,IFP,AZ,AWP,WE,Federal Contract Tower,4,0,0,0,4,0,16,21,3,40,4,16,21,3,44,8,0,8,52
03/20/2014,IFP,AZ,AWP,WE,Federal Contract Tower,9,0,0,0,9,0,11,28,2,41,9,11,28,2,50,0,0,0,50
03/21/2014,IFP,AZ,AWP,WE,Federal Contract Tower,6,0,2,1,9,0,5,36,9,50,6,5,38,10,59,10,0,10,69
03/22/2014,IFP,AZ,AWP,WE,Federal Contract Tower,4,0,1,0,5,0,3,34,3,40,4,3,35,3,45,0,0,0,45
03/23/2014,IFP,AZ,AWP,WE,Federal Contract Tower,6,0,3,0,9,0,4,50,2,56,6,4,53,2,65,4,2,6,71
03/24/2014,IFP,AZ,AWP,WE,Federal Contract Tower,7,0,0,0,7,0,0,32,1,33,7,0,32,1,40,10,0,10,50
03/25/2014,IFP,AZ,AWP,WE,Federal Contract Tower,1,1,0,0,2,0,7,16,0,23,1,8,16,0,25,2,0,2,27
03/26/2014,IFP,AZ,AWP,WE,Federal Contract Tower,4,2,0,0,6,0,3,5,0,8,4,5,5,0,14,0,0,0,14
03/27/2014,IFP,AZ,AWP,WE,Federal Contract Tower,8,1,5,0,14,0,0,30,0,30,8,1,35,0,44,40,0,40,84
03/28/2014,IFP,AZ,AWP,WE,Federal Contract Tower,6,0,1,2,9,0,2,42,0,44,6,2,43,2,53,2,0,2,55
03/29/2014,IFP,AZ,AWP,WE,Federal Contract Tower,4,0,0,0,4,0,8,31,2,41,4,8,31,2,45,0,0,0,45
03/30/2014,IFP,AZ,AWP,WE,Federal Contract Tower,10,0,0,1,11,0,4,11,2,17,10,4,11,3,28,0,0,0,28
03/31/2014,IFP,AZ,AWP,WE,Federal Contract Tower,7,0,0,2,9,0,3,18,12,33,7,3,18,14,42,0,0,0,42
04/01/2014,IFP,AZ,AWP,WE,Federal Contract Tower,3,0,1,2,6,0,0,11,3,14,3,0,12,5,20,0,0,0,20
04/02/2014,IFP,AZ,AWP,WE,Federal Contract Tower,4,0,3,0,7,0,3,11,4,18,4,3,14,4,25,0,0,0,25
04/03/2014,IFP,AZ,AWP,WE,Federal Contract Tower,10,0,1,0,11,0,1,24,0,25,10,1,25,0,36,8,0,8,44
04/04/2014,IFP,AZ,AWP,WE,Federal Contract Tower,7,0,2,0,9,0,4,33,1,38,7,4,35,1,47,6,0,6,53
04/05/2014,IFP,AZ,AWP,WE,Federal Contract Tower,4,0,1,0,5,0,5,51,2,58,4,5,52,2,63,30,0,30,93
04/06/2014,IFP,AZ,AWP,WE,Federal Contract Tower,8,2,3,0,13,0,0,33,0,33,8,2,36,0,46,4,0,4,50
04/07/2014,IFP,AZ,AWP,WE,Federal Contract Tower,5,0,1,0,6,0,13,24,1,38,5,13,25,1,44,12,0,12,56
04/08/2014,IFP,AZ,AWP,WE,Federal Contract Tower,2,0,0,1,3,0,0,20,2,22,2,0,20,3,25,6,0,6,31
04/09/2014,IFP,AZ,AWP,WE,Federal Contract Tower,5,0,2,0,7,0,11,21,1,33,5,11,23,1,40,8,0,8,48
04/10/2014,IFP,AZ,AWP,WE,Federal Contract Tower,7,0,1,0,8,0,11,22,2,35,7,11,23,2,43,30,0,30,73
04/11/2014,IFP,AZ,AWP,WE,Federal Contract Tower,9,0,0,0,9,0,14,18,1,33,9,14,18,1,42,0,0,0,42
04/12/2014,IFP,AZ,AWP,WE,Federal Contract Tower,3,1,0,0,4,0,1,19,0,20,3,2,19,0,24,0,0,0,24
04/13/2014,IFP,AZ,AWP,WE,Federal Contract Tower,8,0,1,0,9,0,6,30,5,41,8,6,31,5,50,7,0,7,57
04/14/2014,IFP,AZ,AWP,WE,Federal Contract Tower,7,0,1,0,8,0,5,11,0,16,7,5,12,0,24,2,0,2,26
04/15/2014,IFP,AZ,AWP,WE,Federal Contract Tower,3,0,1,0,4,0,1,19,0,20,3,1,20,0,24,10,0,10,34
04/16/2014,IFP,AZ,AWP,WE,Federal Contract Tower,3,0,2,0,5,0,3,36,0,39,3,3,38,0,44,22,0,22,66
04/17/2014,IFP,AZ,AWP,WE,Federal Contract Tower,7,0,3,2,12,0,7,21,0,28,7,7,24,2,40,2,12,14,54
04/18/2014,IFP,AZ,AWP,WE,Federal Contract Tower,7,0,5,0,12,0,4,23,0,27,7,4,28,0,39,0,0,0,39
04/19/2014,IFP,AZ,AWP,WE,Federal Contract Tower,3,0,1,0,4,0,4,32,0,36,3,4,33,0,40,30,0,30,70
04/20/2014,IFP,AZ,AWP,WE,Federal Contract Tower,5,0,1,0,6,0,0,26,0,26,5,0,27,0,32,10,0,10,42
04/21/2014,IFP,AZ,AWP,WE,Federal Contract Tower,10,0,0,0,10,0,11,13,0,24,10,11,13,0,34,18,0,18,52
04/22/2014,IFP,AZ,AWP,WE,Federal Contract Tower,1,0,0,0,1,0,6,6,0,12,1,6,6,0,13,4,0,4,17
04/23/2014,IFP,AZ,AWP,WE,Federal Contract Tower,4,0,2,1,7,0,1,18,1,20,4,1,20,2,27,8,0,8,35
04/24/2014,IFP,AZ,AWP,WE,Federal Contract Tower,6,1,0,0,7,0,3,45,0,48,6,4,45,0,55,8,0,8,63
04/25/2014,IFP,AZ,AWP,WE,Federal Contract Tower,8,1,3,0,12,0,12,39,0,51,8,13,42,0,63,10,0,10,73
04/26/2014,IFP,AZ,AWP,WE,Federal Contract Tower,2,1,0,0,3,0,10,15,0,25,2,11,15,0,28,68,0,68,96
04/27/2014,IFP,AZ,AWP,WE,Federal Contract Tower,4,0,0,0,4,0,0,44,0,44,4,0,44,0,48,90,0,90,138
04/28/2014,IFP,AZ,AWP,WE,Federal Contract Tower,10,0,2,0,12,1,0,25,0,26,11,0,27,0,38,4,0,4,42
04/29/2014,IFP,AZ,AWP,WE,Federal Contract Tower,0,0,0,0,0,0,0,4,4,8,0,0,4,4,8,0,2,2,10
04/30/2014,IFP,AZ,AWP,WE,Federal Contract Tower,4,0,0,0,4,0,2,13,0,15,4,2,13,0,19,0,0,0,19
05/01/2014,IFP,AZ,AWP,WE,Federal Contract Tower,2,0,1,0,3,0,9,12,2,23,2,9,13,2,26,0,0,0,26
05/02/2014,IFP,AZ,AWP,WE,Federal Contract Tower,6,0,2,0,8,0,2,37,2,41,6,2,39,2,49,20,0,20,69
05/03/2014,IFP,AZ,AWP,WE,Federal Contract Tower,8,0,0,0,8,0,4,25,0,29,8,4,25,0,37,4,0,4,41
05/04/2014,IFP,AZ,AWP,WE,Federal Contract Tower,4,2,2,0,8,0,0,20,3,23,4,2,22,3,31,0,2,2,33
05/05/2014,IFP,AZ,AWP,WE,Federal Contract Tower,4,0,0,1,5,0,9,20,2,31,4,9,20,3,36,0,0,0,36
05/06/2014,IFP,AZ,AWP,WE,Federal Contract Tower,3,1,0,0,4,0,8,8,1,17,3,9,8,1,21,0,0,0,21
05/07/2014,IFP,AZ,AWP,WE,Federal Contract Tower,6,0,0,0,6,0,4,44,0,48,6,4,44,0,54,22,0,22,76
05/08/2014,IFP,AZ,AWP,WE,Federal Contract Tower,2,0,4,0,6,0,10,26,0,36,2,10,30,0,42,16,0,16,58
05/09/2014,IFP,AZ,AWP,WE,Federal Contract Tower,7,0,2,0,9,0,2,21,4,27,7,2,23,4,36,0,0,0,36
05/10/2014,IFP,AZ,AWP,WE,Federal Contract Tower,6,0,0,0,6,0,1,19,1,21,6,1,19,1,27,0,0,0,27
05/11/2014,IFP,AZ,AWP,WE,Federal Contract Tower,5,0,0,2,7,0,2,6,1,9,5,2,6,3,16,0,14,14,30
05/12/2014,IFP,AZ,AWP,WE,Federal Contract Tower,6,0,2,0,8,0,0,17,4,21,6,0,19,4,29,34,0,34,63
05/13/2014,IFP,AZ,AWP,WE,Federal Contract Tower,5,0,0,0,5,0,12,13,0,25,5,12,13,0,30,0,0,0,30
05/14/2014,IFP,AZ,AWP,WE,Federal Contract Tower,5,0,1,0,6,0,5,16,0,21,5,5,17,0,27,0,0,0,27
05/15/2014,IFP,AZ,AWP,WE,Federal Contract Tower,6,0,2,0,8,0,8,16,0,24,6,8,18,0,32,18,0,18,50
05/16/2014,IFP,AZ,AWP,WE,Federal Contract Tower,5,0,0,0,5,0,0,31,0,31,5,0,31,0,36,0,0,0,36
05/17/2014,IFP,AZ,AWP,WE,Federal Contract Tower,8,0,2,0,10,0,3,14,0,17,8,3,16,0,27,0,0,0,27
05/18/2014,IFP,AZ,AWP,WE,Federal Contract Tower,5,0,2,0,7,0,4,28,0,32,5,4,30,0,39,38,0,38,77
05/19/2014,IFP,AZ,AWP,WE,Federal Contract Tower,8,0,0,0,8,0,2,8,0,10,8,2,8,0,18,0,0,0,18
05/20/2014,IFP,AZ,AWP,WE,Federal Contract Tower,2,2,0,0,4,0,0,19,3,22,2,2,19,3,26,0,8,8,34
05/21/2014,IFP,AZ,AWP,WE,Federal Contract Tower,8,4,1,0,13,0,2,17,0,19,8,6,18,0,32,26,0,26,58
05/22/2014,IFP,AZ,AWP,WE,Federal Contract Tower,5,0,4,0,9,0,4,19,0,23,5,4,23,0,32,4,0,4,36
05/23/2014,IFP,AZ,AWP,WE,Federal Contract Tower,6,0,1,0,7,0,12,27,2,41,6,12,28,2,48,6,0,6,54
05/24/2014,IFP,AZ,AWP,WE,Federal Contract Tower,5,0,1,0,6,0,4,23,0,27,5,4,24,0,33,0,0,0,33
05/25/2014,IFP,AZ,AWP,WE,Federal Contract Tower,5,0,1,0,6,0,4,37,0,41,5,4,38,0,47,16,0,16,63
05/26/2014,IFP,AZ,AWP,WE,Federal Contract Tower,5,2,1,0,8,0,5,34,0,39,5,7,35,0,47,0,0,0,47
05/27/2014,IFP,AZ,AWP,WE,Federal Contract Tower,2,0,3,0,5,0,1,14,0,15,2,1,17,0,20,16,0,16,36
05/28/2014,IFP,AZ,AWP,WE,Federal Contract Tower,8,2,0,0,10,0,4,13,0,17,8,6,13,0,27,0,0,0,27
05/29/2014,IFP,AZ,AWP,WE,Federal Contract Tower,3,0,0,0,3,0,4,22,0,26,3,4,22,0,29,0,0,0,29
05/30/2014,IFP,AZ,AWP,WE,Federal Contract Tower,8,0,2,2,12,0,0,24,3,27,8,0,26,5,39,0,10,10,49
05/31/2014,IFP,AZ,AWP,WE,Federal Contract Tower,8,0,0,0,8,0,0,0,29,29,8,0,0,29,37,16,0,16,53
06/01/2014,IFP,AZ,AWP,WE,Federal Contract Tower,2,0,2,0,4,0,5,40,0,45,2,5,42,0,49,2,0,2,51
06/02/2014,IFP,AZ,AWP,WE,Federal Contract Tower,7,0,1,0,8,0,0,15,0,15,7,0,16,0,23,0,0,0,23
06/03/2014,IFP,AZ,AWP,WE,Federal Contract Tower,3,0,3,0,6,0,14,16,0,30,3,14,19,0,36,14,0,14,50
06/04/2014,IFP,AZ,AWP,WE,Federal Contract Tower,6,1,3,0,10,0,11,15,0,26,6,12,18,0,36,2,0,2,38
06/05/2014,IFP,AZ,AWP,WE,Federal Contract Tower,2,0,0,1,3,0,14,25,1,40,2,14,25,2,43,0,0,0,43
06/06/2014,IFP,AZ,AWP,WE,Federal Contract Tower,7,2,1,0,10,0,7,24,0,31,7,9,25,0,41,0,0,0,41
06/07/2014,IFP,AZ,AWP,WE,Federal Contract Tower,6,0,0,1,7,0,4,23,0,27,6,4,23,1,34,18,0,18,52
06/08/2014,IFP,AZ,AWP,WE,Federal Contract Tower,2,4,1,0,7,0,0,31,0,31,2,4,32,0,38,10,0,10,48
06/09/2014,IFP,AZ,AWP,WE,Federal Contract Tower,8,0,0,1,9,0,1,15,2,18,8,1,15,3,27,0,0,0,27
06/10/2014,IFP,AZ,AWP,WE,Federal Contract Tower,5,0,0,0,5,0,5,6,3,14,5,5,6,3,19,0,0,0,19
06/11/2014,IFP,AZ,AWP,WE,Federal Contract Tower,5,0,0,0,5,0,6,16,0,22,5,6,16,0,27,0,0,0,27
06/12/2014,IFP,AZ,AWP,WE,Federal Contract Tower,3,0,0,0,3,0,4,15,0,19,3,4,15,0,22,3,0,3,25
06/13/2014,IFP,AZ,AWP,WE,Federal Contract Tower,7,0,0,0,7,0,5,15,0,20,7,5,15,0,27,0,0,0,27
06/14/2014,IFP,AZ,AWP,WE,Federal Contract Tower,5,0,1,0,6,0,4,21,1,26,5,4,22,1,32,0,0,0,32
06/15/2014,IFP,AZ,AWP,WE,Federal Contract Tower,3,1,0,0,4,0,11,28,1,40,3,12,28,1,44,20,0,20,64
06/16/2014,IFP,AZ,AWP,WE,Federal Contract Tower,5,0,0,0,5,0,1,4,0,5,5,1,4,0,10,0,0,0,10
06/17/2014,IFP,AZ,AWP,WE,Federal Contract Tower,4,0,2,0,6,0,18,9,2,29,4,18,11,2,35,0,0,0,35
06/18/2014,IFP,AZ,AWP,WE,Federal Contract Tower,5,0,0,0,5,0,9,14,0,23,5,9,14,0,28,28,0,28,56
06/19/2014,IFP,AZ,AWP,WE,Federal Contract Tower,3,0,0,0,3,0,9,19,0,28,3,9,19,0,31,0,0,0,31
06/20/2014,IFP,AZ,AWP,WE,Federal Contract Tower,6,2,1,0,9,0,2,24,1,27,6,4,25,1,36,0,0,0,36
06/21/2014,IFP,AZ,AWP,WE,Federal Contract Tower,7,0,0,0,7,0,1,7,0,8,7,1,7,0,15,0,0,0,15
06/22/2014,IFP,AZ,AWP,WE,Federal Contract Tower,3,0,1,0,4,0,0,22,0,22,3,0,23,0,26,0,0,0,26
06/23/2014,IFP,AZ,AWP,WE,Federal Contract Tower,5,0,0,0,5,0,0,9,0,9,5,0,9,0,14,0,0,0,14
06/24/2014,IFP,AZ,AWP,WE,Federal Contract Tower,5,0,0,0,5,0,1,16,1,18,5,1,16,1,23,14,0,14,37
06/25/2014,IFP,AZ,AWP,WE,Federal Contract Tower,6,3,1,0,10,0,2,19,0,21,6,5,20,0,31,6,0,6,37
06/26/2014,IFP,AZ,AWP,WE,Federal Contract Tower,5,2,3,0,10,0,1,10,0,11,5,3,13,0,21,0,0,0,21
06/27/2014,IFP,AZ,AWP,WE,Federal Contract Tower,7,0,0,0,7,0,0,16,0,16,7,0,16,0,23,2,0,2,25
06/28/2014,IFP,AZ,AWP,WE,Federal Contract Tower,6,0,0,0,6,0,6,30,0,36,6,6,30,0,42,10,0,10,52
06/29/2014,IFP,AZ,AWP,WE,Federal Contract Tower,2,0,0,0,2,0,1,18,0,19,2,1,18,0,21,2,0,2,23
06/30/2014,IFP,AZ,AWP,WE,Federal Contract Tower,6,0,0,0,6,0,0,13,0,13,6,0,13,0,19,0,0,0,19
07/01/2014,IFP,AZ,AWP,WE,Federal Contract Tower,5,2,0,0,7,0,4,9,0,13,5,6,9,0,20,0,0,0,20
07/02/2014,IFP,AZ,AWP,WE,Federal Contract Tower,6,0,1,0,7,0,5,10,2,17,6,5,11,2,24,0,0,0,24
07/03/2014,IFP,AZ,AWP,WE,Federal Contract Tower,2,0,5,0,7,0,16,27,0,43,2,16,32,0,50,0,0,0,50
07/04/2014,IFP,AZ,AWP,WE,Federal Contract Tower,8,0,1,0,9,0,3,11,0,14,8,3,12,0,23,0,0,0,23
07/05/2014,IFP,AZ,AWP,WE,Federal Contract Tower,4,2,0,0,6,0,3,7,0,10,4,5,7,0,16,0,0,0,16
07/06/2014,IFP,AZ,AWP,WE,Federal Contract Tower,5,0,1,0,6,0,9,30,0,39,5,9,31,0,45,0,0,0,45
07/07/2014,IFP,AZ,AWP,WE,Federal Contract Tower,7,0,1,0,8,0,3,9,0,12,7,3,10,0,20,0,0,0,20
07/08/2014,IFP,AZ,AWP,WE,Federal Contract Tower,3,0,1,0,4,0,3,16,2,21,3,3,17,2,25,0,0,0,25
07/09/2014,IFP,AZ,AWP,WE,Federal Contract Tower,5,0,1,0,6,0,1,17,2,20,5,1,18,2,26,2,0,2,28
07/10/2014,IFP,AZ,AWP,WE,Federal Contract Tower,6,0,0,0,6,0,5,13,0,18,6,5,13,0,24,0,0,0,24
07/11/2014,IFP,AZ,AWP,WE,Federal Contract Tower,7,0,1,0,8,0,10,14,0,24,7,10,15,0,32,0,0,0,32
07/12/2014,IFP,AZ,AWP,WE,Federal Contract Tower,6,0,2,0,8,0,1,13,0,14,6,1,15,0,22,0,0,0,22
07/13/2014,IFP,AZ,AWP,WE,Federal Contract Tower,5,0,0,2,7,0,1,21,0,22,5,1,21,2,29,10,0,10,39
07/14/2014,IFP,AZ,AWP,WE,Federal Contract Tower,8,0,1,0,9,0,2,20,0,22,8,2,21,0,31,0,0,0,31
07/15/2014,IFP,AZ,AWP,WE,Federal Contract Tower,2,0,1,0,3,0,2,21,0,23,2,2,22,0,26,0,0,0,26
07/16/2014,IFP,AZ,AWP,WE,Federal Contract Tower,7,0,0,0,7,0,7,17,0,24,7,7,17,0,31,0,0,0,31
07/17/2014,IFP,AZ,AWP,WE,Federal Contract Tower,3,0,0,0,3,0,0,4,0,4,3,0,4,0,7,0,0,0,7
07/18/2014,IFP,AZ,AWP,WE,Federal Contract Tower,8,0,1,0,9,0,5,16,0,21,8,5,17,0,30,16,0,16,46
07/19/2014,IFP,AZ,AWP,WE,Federal Contract Tower,5,0,0,0,5,0,4,15,0,19,5,4,15,0,24,0,0,0,24
07/20/2014,IFP,AZ,AWP,WE,Federal Contract Tower,5,0,0,0,5,0,9,18,0,27,5,9,18,0,32,0,0,0,32
07/21/2014,IFP,AZ,AWP,WE,Federal Contract Tower,5,0,0,2,7,0,0,14,1,15,5,0,14,3,22,0,18,18,40
07/22/2014,IFP,AZ,AWP,WE,Federal Contract Tower,4,1,0,0,5,0,0,13,0,13,4,1,13,0,18,0,0,0,18
07/23/2014,IFP,AZ,AWP,WE,Federal Contract Tower,6,0,1,0,7,0,4,21,0,25,6,4,22,0,32,2,0,2,34
07/24/2014,IFP,AZ,AWP,WE,Federal Contract Tower,5,0,0,0,5,0,4,11,0,15,5,4,11,0,20,0,0,0,20
07/25/2014,IFP,AZ,AWP,WE,Federal Contract Tower,7,0,0,0,7,0,4,11,0,15,7,4,11,0,22,4,0,4,26
07/26/2014,IFP,AZ,AWP,WE,Federal Contract Tower,6,0,0,0,6,0,6,19,0,25,6,6,19,0,31,4,0,4,35
07/27/2014,IFP,AZ,AWP,WE,Federal Contract Tower,4,0,0,0,4,0,0,9,0,9,4,0,9,0,13,0,0,0,13
07/28/2014,IFP,AZ,AWP,WE,Federal Contract Tower,5,0,0,0,5,0,0,16,0,16,5,0,16,0,21,12,0,12,33
07/29/2014,IFP,AZ,AWP,WE,Federal Contract Tower,1,2,1,0,4,0,0,13,0,13,1,2,14,0,17,0,0,0,17
07/30/2014,IFP,AZ,AWP,WE,Federal Contract Tower,7,0,0,0,7,0,6,22,0,28,7,6,22,0,35,0,0,0,35
07/31/2014,IFP,AZ,AWP,WE,Federal Contract Tower,4,0,1,0,5,0,2,27,0,29,4,2,28,0,34,10,0,10,44
08/01/2014,IFP,AZ,AWP,WE,Federal Contract Tower,6,0,3,0,9,0,0,14,0,14,6,0,17,0,23,4,0,4,27
08/02/2014,IFP,AZ,AWP,WE,Federal Contract Tower,4,0,0,0,4,0,6,6,0,12,4,6,6,0,16,0,0,0,16
08/03/2014,IFP,AZ,AWP,WE,Federal Contract Tower,4,2,1,0,7,0,1,14,0,15,4,3,15,0,22,0,0,0,22
08/04/2014,IFP,AZ,AWP,WE,Federal Contract Tower,7,0,4,0,11,0,1,14,0,15,7,1,18,0,26,0,0,0,26
08/05/2014,IFP,AZ,AWP,WE,Federal Contract Tower,3,0,0,0,3,0,3,28,0,31,3,3,28,0,34,6,0,6,40
08/06/2014,IFP,AZ,AWP,WE,Federal Contract Tower,3,0,0,0,3,0,13,30,0,43,3,13,30,0,46,32,0,32,78
08/07/2014,IFP,AZ,AWP,WE,Federal Contract Tower,6,3,0,0,9,0,4,15,0,19,6,7,15,0,28,6,0,6,34
08/08/2014,IFP,AZ,AWP,WE,Federal Contract Tower,7,1,0,0,8,0,1,23,0,24,7,2,23,0,32,8,0,8,40
08/09/2014,IFP,AZ,AWP,WE,Federal Contract Tower,3,0,0,0,3,0,9,20,2,31,3,9,20,2,34,0,0,0,34
08/10/2014,IFP,AZ,AWP,WE,Federal Contract Tower,5,0,2,0,7,0,12,32,2,46,5,12,34,2,53,6,0,6,59
08/11/2014,IFP,AZ,AWP,WE,Federal Contract Tower,8,0,1,2,11,0,6,11,1,18,8,6,12,3,29,0,0,0,29
08/12/2014,IFP,AZ,AWP,WE,Federal Contract Tower,3,0,2,2,7,0,4,5,0,9,3,4,7,2,16,6,0,6,22
08/13/2014,IFP,AZ,AWP,WE,Federal Contract Tower,4,0,1,0,5,0,1,13,0,14,4,1,14,0,19,0,0,0,19
08/14/2014,IFP,AZ,AWP,WE,Federal Contract Tower,3,2,0,0,5,0,2,13,0,15,3,4,13,0,20,0,0,0,20
08/15/2014,IFP,AZ,AWP,WE,Federal Contract Tower,6,0,1,0,7,0,0,19,0,19,6,0,20,0,26,0,0,0,26
08/16/2014,IFP,AZ,AWP,WE,Federal Contract Tower,3,0,0,0,3,0,19,53,0,72,3,19,53,0,75,6,0,6,81
08/17/2014,IFP,AZ,AWP,WE,Federal Contract Tower,4,0,1,0,5,0,7,20,0,27,4,7,21,0,32,0,0,0,32
08/18/2014,IFP,AZ,AWP,WE,Federal Contract Tower,6,0,0,0,6,0,16,6,0,22,6,16,6,0,28,2,0,2,30
08/19/2014,IFP,AZ,AWP,WE,Federal Contract Tower,3,0,0,0,3,0,0,5,0,5,3,0,5,0,8,0,0,0,8
08/20/2014,IFP,AZ,AWP,WE,Federal Contract Tower,5,0,1,0,6,0,0,7,0,7,5,0,8,0,13,0,0,0,13
08/21/2014,IFP,AZ,AWP,WE,Federal Contract Tower,4,1,1,0,6,0,2,5,0,7,4,3,6,0,13,0,0,0,13
08/22/2014,IFP,AZ,AWP,WE,Federal Contract Tower,6,0,0,0,6,0,8,19,0,27,6,8,19,0,33,0,0,0,33
08/23/2014,IFP,AZ,AWP,WE,Federal Contract Tower,3,2,2,0,7,0,2,19,0,21,3,4,21,0,28,0,0,0,28
08/24/2014,IFP,AZ,AWP,WE,Federal Contract Tower,4,0,0,0,4,0,2,30,0,32,4,2,30,0,36,4,0,4,40
08/25/2014,IFP,AZ,AWP,WE,Federal Contract Tower,4,0,0,2,6,0,0,12,0,12,4,0,12,2,18,0,0,0,18
08/26/2014,IFP,AZ,AWP,WE,Federal Contract Tower,1,0,1,0,2,0,7,4,0,11,1,7,5,0,13,0,0,0,13
08/27/2014,IFP,AZ,AWP,WE,Federal Contract Tower,5,0,0,0,5,0,21,12,0,33,5,21,12,0,38,8,0,8,46
08/28/2014,IFP,AZ,AWP,WE,Federal Contract Tower,4,0,0,0,4,0,4,9,0,13,4,4,9,0,17,0,0,0,17
08/29/2014,IFP,AZ,AWP,WE,Federal Contract Tower,7,0,2,0,9,0,4,24,0,28,7,4,26,0,37,0,0,0,37
08/30/2014,IFP,AZ,AWP,WE,Federal Contract Tower,2,0,0,0,2,0,4,34,0,38,2,4,34,0,40,4,0,4,44
08/31/2014,IFP,AZ,AWP,WE,Federal Contract Tower,5,0,0,0,5,0,6,18,0,24,5,6,18,0,29,0,0,0,29
09/01/2014,IFP,AZ,AWP,WE,Federal Contract Tower,6,0,1,0,7,0,5,21,0,26,6,5,22,0,33,4,0,4,37
09/02/2014,IFP,AZ,AWP,WE,Federal Contract Tower,2,0,4,0,6,0,11,16,0,27,2,11,20,0,33,0,0,0,33
09/03/2014,IFP,AZ,AWP,WE,Federal Contract Tower,5,2,2,0,9,0,9,25,0,34,5,11,27,0,43,0,0,0,43
09/04/2014,IFP,AZ,AWP,WE,Federal Contract Tower,5,0,1,0,6,0,5,22,0,27,5,5,23,0,33,2,0,2,35
09/05/2014,IFP,AZ,AWP,WE,Federal Contract Tower,5,0,0,0,5,0,8,17,0,25,5,8,17,0,30,4,0,4,34
09/06/2014,IFP,AZ,AWP,WE,Federal Contract Tower,3,0,5,0,8,0,0,13,0,13,3,0,18,0,21,4,0,4,25
09/07/2014,IFP,AZ,AWP,WE,Federal Contract Tower,3,0,0,0,3,0,2,12,0,14,3,2,12,0,17,0,0,0,17
09/08/2014,IFP,AZ,AWP,WE,Federal Contract Tower,4,0,2,2,8,0,3,5,0,8,4,3,7,2,16,0,0,0,16
09/09/2014,IFP,AZ,AWP,WE,Federal Contract Tower,2,0,0,0,2,0,7,8,0,15,2,7,8,0,17,0,0,0,17
09/10/2014,IFP,AZ,AWP,WE,Federal Contract Tower,4,0,0,2,6,0,4,27,0,31,4,4,27,2,37,0,0,0,37
09/11/2014,IFP,AZ,AWP,WE,Federal Contract Tower,5,0,0,0,5,0,7,13,0,20,5,7,13,0,25,0,0,0,25
09/12/2014,IFP,AZ,AWP,WE,Federal Contract Tower,4,0,3,0,7,0,4,24,3,31,4,4,27,3,38,8,0,8,46
09/13/2014,IFP,AZ,AWP,WE,Federal Contract Tower,3,0,1,0,4,0,7,11,0,18,3,7,12,0,22,16,0,16,38
09/14/2014,IFP,AZ,AWP,WE,Federal Contract Tower,6,0,1,0,7,1,4,24,0,29,7,4,25,0,36,0,0,0,36
09/15/2014,IFP,AZ,AWP,WE,Federal Contract Tower,3,0,0,0,3,0,10,14,2,26,3,10,14,2,29,0,0,0,29
09/16/2014,IFP,AZ,AWP,WE,Federal Contract Tower,2,0,0,0,2,0,16,22,0,38,2,16,22,0,40,16,0,16,56
09/17/2014,IFP,AZ,AWP,WE,Federal Contract Tower,3,0,0,0,3,0,8,16,0,24,3,8,16,0,27,0,0,0,27
09/18/2014,IFP,AZ,AWP,WE,Federal Contract Tower,7,0,0,0,7,0,9,19,0,28,7,9,19,0,35,0,0,0,35
09/19/2014,IFP,AZ,AWP,WE,Federal Contract Tower,2,0,0,0,2,0,7,19,4,30,2,7,19,4,32,2,0,2,34
09/20/2014,IFP,AZ,AWP,WE,Federal Contract Tower,5,0,1,0,6,0,4,28,0,32,5,4,29,0,38,20,0,20,58
09/21/2014,IFP,AZ,AWP,WE,Federal Contract Tower,5,0,1,0,6,0,5,23,2,30,5,5,24,2,36,0,0,0,36
09/22/2014,IFP,AZ,AWP,WE,Federal Contract Tower,6,0,0,0,6,0,4,10,2,16,6,4,10,2,22,0,2,2,24
09/23/2014,IFP,AZ,AWP,WE,Federal Contract Tower,1,0,2,0,3,0,3,29,0,32,1,3,31,0,35,0,0,0,35
09/24/2014,IFP,AZ,AWP,WE,Federal Contract Tower,5,0,1,0,6,0,4,21,0,25,5,4,22,0,31,0,0,0,31
09/25/2014,IFP,AZ,AWP,WE,Federal Contract Tower,4,0,0,0,4,0,14,20,2,36,4,14,20,2,40,0,0,0,40
09/26/2014,IFP,AZ,AWP,WE,Federal Contract Tower,7,1,0,0,8,0,5,22,0,27,7,6,22,0,35,14,0,14,49
09/27/2014,IFP,AZ,AWP,WE,Federal Contract Tower,4,0,0,1,5,0,2,13,1,16,4,2,13,2,21,0,0,0,21
09/28/2014,IFP,AZ,AWP,WE,Federal Contract Tower,6,0,0,0,6,0,2,24,1,27,6,2,24,1,33,0,0,0,33
09/29/2014,IFP,AZ,AWP,WE,Federal Contract Tower,4,2,0,0,6,0,9,18,7,34,4,11,18,7,40,0,0,0,40
09/30/2014,IFP,AZ,AWP,WE,Federal Contract Tower,5,0,0,0,5,0,8,25,4,37,5,8,25,4,42,4,0,4,46
10/01/2014,IFP,AZ,AWP,WE,Federal Contract Tower,4,0,1,1,6,0,11,13,0,24,4,11,14,1,30,2,0,2,32
10/02/2014,IFP,AZ,AWP,WE,Federal Contract Tower,6,0,1,0,7,0,5,19,0,24,6,5,20,0,31,0,0,0,31
10/03/2014,IFP,AZ,AWP,WE,Federal Contract Tower,7,0,2,0,9,0,11,16,0,27,7,11,18,0,36,0,0,0,36
10/04/2014,IFP,AZ,AWP,WE,Federal Contract Tower,3,0,2,0,5,0,0,18,2,20,3,0,20,2,25,0,12,12,37
10/05/2014,IFP,AZ,AWP,WE,Federal Contract Tower,3,0,0,0,3,0,2,30,0,32,3,2,30,0,35,2,0,2,37
10/06/2014,IFP,AZ,AWP,WE,Federal Contract Tower,7,0,0,0,7,0,9,13,0,22,7,9,13,0,29,0,0,0,29
10/07/2014,IFP,AZ,AWP,WE,Federal Contract Tower,2,0,1,0,3,0,2,8,0,10,2,2,9,0,13,0,0,0,13
10/08/2014,IFP,AZ,AWP,WE,Federal Contract Tower,6,0,0,0,6,0,0,8,0,8,6,0,8,0,14,0,0,0,14
10/09/2014,IFP,AZ,AWP,WE,Federal Contract Tower,3,0,2,0,5,0,8,33,0,41,3,8,35,0,46,16,0,16,62
10/10/2014,IFP,AZ,AWP,WE,Federal Contract Tower,4,0,1,0,5,0,5,22,2,29,4,5,23,2,34,4,16,20,54
10/11/2014,IFP,AZ,AWP,WE,Federal Contract Tower,3,0,0,0,3,0,12,23,0,35,3,12,23,0,38,6,0,6,44
10/12/2014,IFP,AZ,AWP,WE,Federal Contract Tower,4,0,0,0,4,0,5,24,0,29,4,5,24,0,33,0,0,0,33
10/13/2014,IFP,AZ,AWP,WE,Federal Contract Tower,5,0,2,0,7,0,4,13,0,17,5,4,15,0,24,8,0,8,32
10/14/2014,IFP,AZ,AWP,WE,Federal Contract Tower,3,0,1,0,4,1,2,14,0,17,4,2,15,0,21,4,0,4,25
10/15/2014,IFP,AZ,AWP,WE,Federal Contract Tower,4,1,0,0,5,0,6,14,0,20,4,7,14,0,25,0,0,0,25
10/16/2014,IFP,AZ,AWP,WE,Federal Contract Tower,4,0,2,0,6,0,7,21,0,28,4,7,23,0,34,4,0,4,38
10/17/2014,IFP,AZ,AWP,WE,Federal Contract Tower,5,0,1,2,8,0,3,38,0,41,5,3,39,2,49,19,10,29,78
10/18/2014,IFP,AZ,AWP,WE,Federal Contract Tower,2,1,0,0,3,0,1,46,0,47,2,2,46,0,50,0,0,0,50
10/19/2014,IFP,AZ,AWP,WE,Federal Contract Tower,5,1,1,0,7,0,7,30,0,37,5,8,31,0,44,6,0,6,50
10/20/2014,IFP,AZ,AWP,WE,Federal Contract Tower,5,0,0,3,8,0,1,34,0,35,5,1,34,3,43,0,0,0,43
10/21/2014,IFP,AZ,AWP,WE,Federal Contract Tower,2,0,0,0,2,0,0,6,22,28,2,0,6,22,30,0,0,0,30
10/22/2014,IFP,AZ,AWP,WE,Federal Contract Tower,4,0,0,1,5,0,4,16,0,20,4,4,16,1,25,0,0,0,25
10/23/2014,IFP,AZ,AWP,WE,Federal Contract Tower,4,0,1,0,5,0,3,20,2,25,4,3,21,2,30,0,0,0,30
10/24/2014,IFP,AZ,AWP,WE,Federal Contract Tower,7,1,6,0,14,0,1,28,0,29,7,2,34,0,43,0,0,0,43
10/25/2014,IFP,AZ,AWP,WE,Federal Contract Tower,2,0,1,0,3,0,6,25,0,31,2,6,26,0,34,8,0,8,42
10/26/2014,IFP,AZ,AWP,WE,Federal Contract Tower,7,0,3,0,10,0,1,38,0,39,7,1,41,0,49,6,0,6,55
10/27/2014,IFP,AZ,AWP,WE,Federal Contract Tower,5,0,2,0,7,0,8,19,5,32,5,8,21,5,39,0,0,0,39
10/28/2014,IFP,AZ,AWP,WE,Federal Contract Tower,4,2,1,1,8,0,8,26,2,36,4,10,27,3,44,2,0,2,46
10/29/2014,IFP,AZ,AWP,WE,Federal Contract Tower,3,0,0,0,3,0,12,30,0,42,3,12,30,0,45,0,0,0,45
10/30/2014,IFP,AZ,AWP,WE,Federal Contract Tower,7,0,1,0,8,0,6,32,0,38,7,6,33,0,46,0,0,0,46
10/31/2014,IFP,AZ,AWP,WE,Federal Contract Tower,5,0,2,1,8,0,9,15,1,25,5,9,17,2,33,2,0,2,35
11/01/2014,IFP,AZ,AWP,WE,Federal Contract Tower,4,0,3,0,7,0,4,11,0,15,4,4,14,0,22,0,0,0,22
11/02/2014,IFP,AZ,AWP,WE,Federal Contract Tower,6,0,0,0,6,0,0,16,3,19,6,0,16,3,25,0,0,0,25
11/03/2014,IFP,AZ,AWP,WE,Federal Contract Tower,5,0,1,0,6,0,1,17,0,18,5,1,18,0,24,0,0,0,24
11/04/2014,IFP,AZ,AWP,WE,Federal Contract Tower,1,0,0,0,1,0,2,16,0,18,1,2,16,0,19,0,0,0,19
11/05/2014,IFP,AZ,AWP,WE,Federal Contract Tower,2,0,2,0,4,0,6,32,0,38,2,6,34,0,42,4,0,4,46
11/06/2014,IFP,AZ,AWP,WE,Federal Contract Tower,6,0,0,0,6,0,0,0,0,0,6,0,0,0,6,0,0,0,6
11/07/2014,IFP,AZ,AWP,WE,Federal Contract Tower,6,0,5,0,11,0,7,50,2,59,6,7,55,2,70,4,0,4,74
11/08/2014,IFP,AZ,AWP,WE,Federal Contract Tower,0,1,1,0,2,0,6,20,0,26,0,7,21,0,28,0,0,0,28
11/09/2014,IFP,AZ,AWP,WE,Federal Contract Tower,6,0,0,0,6,0,3,35,0,38,6,3,35,0,44,8,0,8,52
11/10/2014,IFP,AZ,AWP,WE,Federal Contract Tower,3,0,3,0,6,0,4,16,0,20,3,4,19,0,26,0,0,0,26
11/11/2014,IFP,AZ,AWP,WE,Federal Contract Tower,2,0,0,0,2,0,11,30,0,41,2,11,30,0,43,0,0,0,43
11/12/2014,IFP,AZ,AWP,WE,Federal Contract Tower,1,0,1,2,4,0,0,20,0,20,1,0,21,2,24,2,0,2,26
11/13/2014,IFP,AZ,AWP,WE,Federal Contract Tower,7,0,0,0,7,0,16,15,7,38,7,16,15,7,45,2,0,2,47
11/14/2014,IFP,AZ,AWP,WE,Federal Contract Tower,6,0,0,2,8,0,2,13,0,15,6,2,13,2,23,0,0,0,23
11/15/2014,IFP,AZ,AWP,WE,Federal Contract Tower,1,0,0,1,2,0,0,26,1,27,1,0,26,2,29,0,0,0,29
11/16/2014,IFP,AZ,AWP,WE,Federal Contract Tower,5,0,0,0,5,0,0,2,0,2,5,0,2,0,7,0,0,0,7
11/17/2014,IFP,AZ,AWP,WE,Federal Contract Tower,5,0,1,0,6,0,13,15,0,28,5,13,16,0,34,0,0,0,34
11/18/2014,IFP,AZ,AWP,WE,Federal Contract Tower,2,0,0,0,2,0,16,6,0,22,2,16,6,0,24,14,0,14,38
11/19/2014,IFP,AZ,AWP,WE,Federal Contract Tower,2,0,3,0,5,0,8,15,0,23,2,8,18,0,28,0,0,0,28
11/20/2014,IFP,AZ,AWP,WE,Federal Contract Tower,6,0,0,0,6,0,6,25,4,35,6,6,25,4,41,0,0,0,41
11/21/2014,IFP,AZ,AWP,WE,Federal Contract Tower,9,0,2,0,11,0,4,19,0,23,9,4,21,0,34,0,0,0,34
11/22/2014,IFP,AZ,AWP,WE,Federal Contract Tower,1,0,0,0,1,0,5,22,0,27,1,5,22,0,28,16,0,16,44
11/23/2014,IFP,AZ,AWP,WE,Federal Contract Tower,4,0,0,0,4,0,6,9,0,15,4,6,9,0,19,0,0,0,19
11/24/2014,IFP,AZ,AWP,WE,Federal Contract Tower,5,0,0,0,5,0,0,8,14,22,5,0,8,14,27,4,5,9,36
11/25/2014,IFP,AZ,AWP,WE,Federal Contract Tower,3,0,0,1,4,0,0,12,0,12,3,0,12,1,16,0,40,40,56
11/26/2014,IFP,AZ,AWP,WE,Federal Contract Tower,2,0,0,0,2,0,7,28,0,35,2,7,28,0,37,0,0,0,37
11/27/2014,IFP,AZ,AWP,WE,Federal Contract Tower,7,0,1,0,8,0,2,8,0,10,7,2,9,0,18,0,0,0,18
11/28/2014,IFP,AZ,AWP,WE,Federal Contract Tower,7,0,3,0,10,0,8,31,0,39,7,8,34,0,49,0,0,0,49
11/29/2014,IFP,AZ,AWP,WE,Federal Contract Tower,1,2,2,0,5,0,4,26,0,30,1,6,28,0,35,0,0,0,35
11/30/2014,IFP,AZ,AWP,WE,Federal Contract Tower,2,2,2,0,6,0,1,22,0,23,2,3,24,0,29,0,0,0,29
12/01/2014,IFP,AZ,AWP,WE,Federal Contract Tower,5,0,0,2,7,0,0,11,0,11,5,0,11,2,18,0,38,38,56
12/02/2014,IFP,AZ,AWP,WE,Federal Contract Tower,2,0,2,0,4,0,1,8,1,10,2,1,10,1,14,2,0,2,16
12/03/2014,IFP,AZ,AWP,WE,Federal Contract Tower,3,0,3,0,6,0,1,3,0,4,3,1,6,0,10,0,0,0,10
12/04/2014,IFP,AZ,AWP,WE,Federal Contract Tower,2,0,4,0,6,0,0,6,0,6,2,0,10,0,12,0,0,0,12
12/05/2014,IFP,AZ,AWP,WE,Federal Contract Tower,7,0,2,0,9,0,0,14,0,14,7,0,16,0,23,6,0,6,29
12/06/2014,IFP,AZ,AWP,WE,Federal Contract Tower,0,0,2,1,3,0,0,24,0,24,0,0,26,1,27,4,0,4,31
12/07/2014,IFP,AZ,AWP,WE,Federal Contract Tower,5,0,0,0,5,0,0,18,0,18,5,0,18,0,23,2,0,2,25
12/08/2014,IFP,AZ,AWP,WE,Federal Contract Tower,4,0,0,0,4,0,1,7,0,8,4,1,7,0,12,2,0,2,14
12/09/2014,IFP,AZ,AWP,WE,Federal Contract Tower,3,0,0,0,3,0,11,20,2,33,3,11,20,2,36,0,0,0,36
12/10/2014,IFP,AZ,AWP,WE,Federal Contract Tower,2,0,2,0,4,0,2,25,0,27,2,2,27,0,31,0,0,0,31
12/11/2014,IFP,AZ,AWP,WE,Federal Contract Tower,5,0,0,0,5,0,12,12,0,24,5,12,12,0,29,2,0,2,31
12/12/2014,IFP,AZ,AWP,WE,Federal Contract Tower,8,0,1,0,9,1,2,9,0,12,9,2,10,0,21,2,0,2,23
12/13/2014,IFP,AZ,AWP,WE,Federal Contract Tower,1,0,4,0,5,0,0,15,0,15,1,0,19,0,20,2,0,2,22
12/14/2014,IFP,AZ,AWP,WE,Federal Contract Tower,6,0,3,2,11,0,6,26,0,32,6,6,29,2,43,20,2,22,65
12/15/2014,IFP,AZ,AWP,WE,Federal Contract Tower,6,0,2,0,8,0,11,8,0,19,6,11,10,0,27,0,0,0,27
12/16/2014,IFP,AZ,AWP,WE,Federal Contract Tower,2,2,1,2,7,0,5,17,0,22,2,7,18,2,29,14,0,14,43
12/17/2014,IFP,AZ,AWP,WE,Federal Contract Tower,1,1,4,0,6,0,4,3,0,7,1,5,7,0,13,0,0,0,13
12/18/2014,IFP,AZ,AWP,WE,Federal Contract Tower,3,0,2,2,7,0,10,17,0,27,3,10,19,2,34,2,0,2,36
12/19/2014,IFP,AZ,AWP,WE,Federal Contract Tower,5,0,2,0,7,1,7,14,0,22,6,7,16,0,29,7,0,7,36
12/20/2014,IFP,AZ,AWP,WE,Federal Contract Tower,1,1,0,0,2,0,4,25,0,29,1,5,25,0,31,2,0,2,33
12/21/2014,IFP,AZ,AWP,WE,Federal Contract Tower,3,1,1,0,5,0,12,13,2,27,3,13,14,2,32,0,0,0,32
12/22/2014,IFP,AZ,AWP,WE,Federal Contract Tower,2,0,0,0,2,0,2,14,0,16,2,2,14,0,18,0,0,0,18
12/23/2014,IFP,AZ,AWP,WE,Federal Contract Tower,0,0,3,0,3,0,13,5,0,18,0,13,8,0,21,0,0,0,21
12/24/2014,IFP,AZ,AWP,WE,Federal Contract Tower,0,0,1,0,1,0,3,17,0,20,0,3,18,0,21,0,0,0,21
12/25/2014,IFP,AZ,AWP,WE,Federal Contract Tower,2,0,0,0,2,0,2,6,0,8,2,2,6,0,10,0,0,0,10
12/26/2014,IFP,AZ,AWP,WE,Federal Contract Tower,5,4,2,0,11,0,6,12,0,18,5,10,14,0,29,0,0,0,29
12/27/2014,IFP,AZ,AWP,WE,Federal Contract Tower,5,0,0,0,5,0,0,9,0,9,5,0,9,0,14,0,0,0,14
12/28/2014,IFP,AZ,AWP,WE,Federal Contract Tower,4,0,0,0,4,0,4,16,0,20,4,4,16,0,24,10,0,10,34
12/29/2014,IFP,AZ,AWP,WE,Federal Contract Tower,3,0,0,1,4,0,2,7,0,9,3,2,7,1,13,2,0,2,15
12/30/2014,IFP,AZ,AWP,WE,Federal Contract Tower,4,0,0,1,5,0,10,11,0,21,4,10,11,1,26,0,0,0,26
12/31/2014,IFP,AZ,AWP,WE,Federal Contract Tower,0,0,2,0,2,0,0,0,0,0,0,0,2,0,2,0,0,0,2
01/01/2015,IFP,AZ,AWP,WE,Federal Contract Tower,8,0,1,0,9,0,11,11,0,22,8,11,12,0,31,0,0,0,31
01/02/2015,IFP,AZ,AWP,WE,Federal Contract Tower,5,2,0,0,7,0,5,15,0,20,5,7,15,0,27,0,0,0,27
01/03/2015,IFP,AZ,AWP,WE,Federal Contract Tower,4,0,0,0,4,2,6,34,0,42,6,6,34,0,46,12,0,12,58
01/04/2015,IFP,AZ,AWP,WE,Federal Contract Tower,4,0,3,0,7,0,5,27,0,32,4,5,30,0,39,0,0,0,39
01/05/2015,IFP,AZ,AWP,WE,Federal Contract Tower,3,0,0,0,3,0,0,14,1,15,3,0,14,1,18,0,0,0,18
01/06/2015,IFP,AZ,AWP,WE,Federal Contract Tower,2,0,1,0,3,0,2,11,2,15,2,2,12,2,18,0,10,10,28
01/07/2015,IFP,AZ,AWP,WE,Federal Contract Tower,5,0,0,4,9,0,0,19,26,45,5,0,19,30,54,6,18,24,78
01/08/2015,IFP,AZ,AWP,WE,Federal Contract Tower,7,0,0,0,7,0,18,34,71,123,7,18,34,71,130,0,98,98,228
01/09/2015,IFP,AZ,AWP,WE,Federal Contract Tower,3,1,0,2,6,0,2,7,106,115,3,3,7,108,121,0,130,130,251
01/10/2015,IFP,AZ,AWP,WE,Federal Contract Tower,2,0,1,0,3,0,5,22,86,113,2,5,23,86,116,6,326,332,448
01/11/2015,IFP,AZ,AWP,WE,Federal Contract Tower,7,0,1,2,10,0,0,8,0,8,7,0,9,2,18,0,0,0,18
01/12/2015,IFP,AZ,AWP,WE,Federal Contract Tower,7,3,0,0,10,0,0,6,49,55,7,3,6,49,65,0,330,330,395
01/13/2015,IFP,AZ,AWP,WE,Federal Contract Tower,1,0,1,0,2,0,4,18,110,132,1,4,19,110,134,26,202,228,362
01/14/2015,IFP,AZ,AWP,WE,Federal Contract Tower,4,0,2,3,9,0,2,14,84,100,4,2,16,87,109,4,210,214,323
01/15/2015,IFP,AZ,AWP,WE,Federal Contract Tower,6,2,0,0,8,0,3,22,90,115,6,5,22,90,123,8,270,278,401
01/16/2015,IFP,AZ,AWP,WE,Federal Contract Tower,6,0,0,1,7,0,4,25,107,136,6,4,25,108,143,0,358,358,501
01/17/2015,IFP,AZ,AWP,WE,Federal Contract Tower,2,0,0,4,6,0,8,23,69,100,2,8,23,73,106,2,300,302,408
01/18/2015,IFP,AZ,AWP,WE,Federal Contract Tower,6,0,1,1,8,0,9,26,0,35,6,9,27,1,43,16,0,16,59
01/19/2015,IFP,AZ,AWP,WE,Federal Contract Tower,6,0,2,4,12,0,0,25,76,101,6,0,27,80,113,2,262,264,377
01/20/2015,IFP,AZ,AWP,WE,Federal Contract Tower,2,0,0,0,2,0,1,7,102,110,2,1,7,102,112,0,190,190,302
01/21/2015,IFP,AZ,AWP,WE,Federal Contract Tower,1,0,1,1,3,0,0,7,72,79,1,0,8,73,82,0,154,154,236
01/22/2015,IFP,AZ,AWP,WE,Federal Contract Tower,6,2,0,0,8,0,5,2,84,91,6,7,2,84,99,0,178,178,277
01/23/2015,IFP,AZ,AWP,WE,Federal Contract Tower,6,0,0,4,10,0,7,17,88,112,6,7,17,92,122,0,368,368,490
01/24/2015,IFP,AZ,AWP,WE,Federal Contract Tower,5,0,1,2,8,0,0,16,8,24,5,0,17,10,32,0,6,6,38
01/25/2015,IFP,AZ,AWP,WE,Federal Contract Tower,3,0,3,4,10,0,15,22,0,37,3,15,25,4,47,2,0,2,49
01/26/2015,IFP,AZ,AWP,WE,Federal Contract Tower,5,0,2,2,9,0,18,4,103,125,5,18,6,105,134,0,364,364,498
01/27/2015,IFP,AZ,AWP,WE,Federal Contract Tower,7,4,0,3,14,0,2,3,62,67,7,6,3,65,81,0,292,292,373
01/28/2015,IFP,AZ,AWP,WE,Federal Contract Tower,5,0,1,1,7,0,0,12,96,108,5,0,13,97,115,4,374,378,493
01/29/2015,IFP,AZ,AWP,WE,Federal Contract Tower,3,0,4,2,9,0,3,16,71,90,3,3,20,73,99,0,232,232,331
01/30/2015,IFP,AZ,AWP,WE,Federal Contract Tower,5,0,9,0,14,0,0,5,1,6,5,0,14,1,20,0,0,0,20
01/31/2015,IFP,AZ,AWP,WE,Federal Contract Tower,4,0,1,5,10,0,1,6,13,20,4,1,7,18,30,22,0,22,52
02/01/2015,IFP,AZ,AWP,WE,Federal Contract Tower,5,0,1,0,6,0,9,6,0,15,5,9,7,0,21,2,0,2,23
02/02/2015,IFP,AZ,AWP,WE,Federal Contract Tower,6,0,0,0,6,0,1,14,55,70,6,1,14,55,76,132,0,132,208
02/03/2015,IFP,AZ,AWP,WE,Federal Contract Tower,2,0,0,1,3,0,1,18,106,125,2,1,18,107,128,12,334,346,474
02/04/2015,IFP,AZ,AWP,WE,Federal Contract Tower,4,0,0,1,5,0,6,22,112,140,4,6,22,113,145,0,300,300,445
02/05/2015,IFP,AZ,AWP,WE,Federal Contract Tower,4,0,2,0,6,0,4,19,101,124,4,4,21,101,130,6,360,366,496
02/06/2015,IFP,AZ,AWP,WE,Federal Contract Tower,7,0,0,3,10,0,6,15,80,101,7,6,15,83,111,2,238,240,351
02/07/2015,IFP,AZ,AWP,WE,Federal Contract Tower,3,0,2,1,6,0,0,18,120,138,3,0,20,121,144,2,330,332,476
02/08/2015,IFP,AZ,AWP,WE,Federal Contract Tower,4,0,3,3,10,0,4,23,4,31,4,4,26,7,41,8,4,12,53
02/09/2015,IFP,AZ,AWP,WE,Federal Contract Tower,5,0,1,0,6,0,0,13,97,110,5,0,14,97,116,0,256,256,372
02/10/2015,IFP,AZ,AWP,WE,Federal Contract Tower,1,0,0,0,1,0,3,19,96,118,1,3,19,96,119,2,192,194,313
02/11/2015,IFP,AZ,AWP,WE,Federal Contract Tower,6,0,6,2,14,0,3,16,81,100,6,3,22,83,114,0,82,82,196
02/12/2015,IFP,AZ,AWP,WE,Federal Contract Tower,6,0,0,1,7,1,13,11,81,106,7,13,11,82,113,0,222,222,335
02/13/2015,IFP,AZ,AWP,WE,Federal Contract Tower,5,0,1,6,12,0,13,22,94,129,5,13,23,100,141,2,130,132,273
02/14/2015,IFP,AZ,AWP,WE,Federal Contract Tower,4,0,5,2,11,1,3,24,107,135,5,3,29,109,146,4,192,196,342
02/15/2015,IFP,AZ,AWP,WE,Federal Contract Tower,5,0,2,1,8,0,2,39,1,42,5,2,41,2,50,0,0,0,50
02/16/2015,IFP,AZ,AWP,WE,Federal Contract Tower,6,0,3,5,14,0,5,10,103,118,6,5,13,108,132,0,194,194,326
02/17/2015,IFP,AZ,AWP,WE,Federal Contract Tower,2,0,0,2,4,0,6,23,77,106,2,6,23,79,110,0,74,74,184
02/18/2015,IFP,AZ,AWP,WE,Federal Contract Tower,4,0,1,0,5,0,1,12,109,122,4,1,13,109,127,0,168,168,295
02/19/2015,IFP,AZ,AWP,WE,Federal Contract Tower,8,0,1,0,9,0,3,16,101,120,8,3,17,101,129,0,188,188,317
02/20/2015,IFP,AZ,AWP,WE,Federal Contract Tower,6,0,2,0,8,0,2,21,99,122,6,2,23,99,130,10,192,202,332
02/21/2015,IFP,AZ,AWP,WE,Federal Contract Tower,4,1,3,1,9,0,3,24,98,125,4,4,27,99,134,12,206,218,352
02/22/2015,IFP,AZ,AWP,WE,Federal Contract Tower,6,0,1,6,13,0,0,18,0,18,6,0,19,6,31,0,0,0,31
02/23/2015,IFP,AZ,AWP,WE,Federal Contract Tower,4,1,2,0,7,0,3,1,69,73,4,4,3,69,80,434,0,434,514
02/24/2015,IFP,AZ,AWP,WE,Federal Contract Tower,4,0,0,0,4,0,3,7,88,98,4,3,7,88,102,0,228,228,330
02/25/2015,IFP,AZ,AWP,WE,Federal Contract Tower,6,0,0,0,6,0,16,12,105,133,6,16,12,105,139,2,286,288,427
02/26/2015,IFP,AZ,AWP,WE,Federal Contract Tower,7,0,0,0,7,0,4,8,87,99,7,4,8,87,106,0,292,292,398
02/27/2015,IFP,AZ,AWP,WE,Federal Contract Tower,5,0,1,3,9,0,2,17,90,109,5,2,18,93,118,0,164,164,282
02/28/2015,IFP,AZ,AWP,WE,Federal Contract Tower,4,0,2,3,9,0,0,6,90,96,4,0,8,93,105,4,204,208,313
03/01/2015,IFP,AZ,AWP,WE,Federal Contract Tower,5,1,0,4,10,0,3,3,0,6,5,4,3,4,16,2,0,2,18
03/02/2015,IFP,AZ,AWP,WE,Federal Contract Tower,3,0,3,3,9,0,0,1,7,8,3,0,4,10,17,0,60,60,77
03/03/2015,IFP,AZ,AWP,WE,Federal Contract Tower,4,0,0,0,4,0,4,11,86,101,4,4,11,86,105,2,204,206,311
03/04/2015,IFP,AZ,AWP,WE,Federal Contract Tower,9,0,0,0,9,0,0,12,79,91,9,0,12,79,100,0,176,176,276
03/05/2015,IFP,AZ,AWP,WE,Federal Contract Tower,4,0,3,0,7,0,8,17,96,121,4,8,20,96,128,0,254,254,382
03/06/2015,IFP,AZ,AWP,WE,Federal Contract Tower,6,0,0,1,7,0,2,17,99,118,6,2,17,100,125,0,222,222,347
03/07/2015,IFP,AZ,AWP,WE,Federal Contract Tower,4,0,0,4,8,0,4,11,98,113,4,4,11,102,121,0,266,266,387
03/08/2015,IFP,AZ,AWP,WE,Federal Contract Tower,7,0,0,2,9,0,2,22,0,24,7,2,22,2,33,0,0,0,33
03/09/2015,IFP,AZ,AWP,WE,Federal Contract Tower,7,0,0,4,11,0,0,12,4,16,7,0,12,8,27,0,8,8,35
03/10/2015,IFP,AZ,AWP,WE,Federal Contract Tower,2,0,3,6,11,0,1,18,106,125,2,1,21,112,136,0,246,246,382
03/11/2015,IFP,AZ,AWP,WE,Federal Contract Tower,6,0,1,4,11,0,9,29,92,130,6,9,30,96,141,0,304,304,445
03/12/2015,IFP,AZ,AWP,WE,Federal Contract Tower,6,0,0,4,10,0,6,17,110,133,6,6,17,114,143,0,390,390,533
03/13/2015,IFP,AZ,AWP,WE,Federal Contract Tower,11,0,1,5,17,0,5,22,96,123,11,5,23,101,140,0,339,339,479
03/14/2015,IFP,AZ,AWP,WE,Federal Contract Tower,6,0,1,3,10,0,1,24,98,123,6,1,25,101,133,0,182,182,315
03/15/2015,IFP,AZ,AWP,WE,Federal Contract Tower,7,0,0,5,12,0,8,23,0,31,7,8,23,5,43,2,0,2,45
03/16/2015,IFP,AZ,AWP,WE,Federal Contract Tower,6,0,2,2,10,0,3,14,88,105,6,3,16,90,115,2,284,286,401
03/17/2015,IFP,AZ,AWP,WE,Federal Contract Tower,2,0,0,0,2,0,0,0,0,0,2,0,0,0,2,0,310,310,312
03/18/2015,IFP,AZ,AWP,WE,Federal Contract Tower,6,0,0,0,6,0,4,11,74,89,6,4,11,74,95,0,296,296,391
03/19/2015,IFP,AZ,AWP,WE,Federal Contract Tower,7,0,1,0,8,0,9,18,87,114,7,9,19,87,122,2,300,302,424
03/20/2015,IFP,AZ,AWP,WE,Federal Contract Tower,7,1,1,1,10,0,4,30,105,139,7,5,31,106,149,4,252,256,405
03/21/2015,IFP,AZ,AWP,WE,Federal Contract Tower,6,0,0,0,6,0,10,24,99,133,6,10,24,99,139,2,256,258,397
03/22/2015,IFP,AZ,AWP,WE,Federal Contract Tower,7,0,0,6,13,0,2,29,4,35,7,2,29,10,48,0,0,0,48
03/23/2015,IFP,AZ,AWP,WE,Federal Contract Tower,8,0,0,6,14,0,4,14,101,119,8,4,14,107,133,0,210,210,343
03/24/2015,IFP,AZ,AWP,WE,Federal Contract Tower,5,0,1,1,7,0,0,16,101,117,5,0,17,102,124,0,236,236,360
03/25/2015,IFP,AZ,AWP,WE,Federal Contract Tower,6,0,0,0,6,0,2,15,32,49,6,2,15,32,55,0,76,76,131
03/26/2015,IFP,AZ,AWP,WE,Federal Contract Tower,6,0,1,0,7,0,6,14,80,100,6,6,15,80,107,0,214,214,321
03/27/2015,IFP,AZ,AWP,WE,Federal Contract Tower,8,0,1,0,9,0,8,25,88,121,8,8,26,88,130,0,170,170,300
03/28/2015,IFP,AZ,AWP,WE,Federal Contract Tower,6,0,1,2,9,0,0,25,82,107,6,0,26,84,116,0,224,224,340
03/29/2015,IFP,AZ,AWP,WE,Federal Contract Tower,6,0,3,0,9,0,0,32,1,33,6,0,35,1,42,0,0,0,42
03/30/2015,IFP,AZ,AWP,WE,Federal Contract Tower,5,0,0,7,12,0,10,23,42,75,5,10,23,49,87,0,96,96,183
03/31/2015,IFP,AZ,AWP,WE,Federal Contract Tower,2,0,3,2,7,0,4,7,37,48,2,4,10,39,55,0,180,180,235
04/01/2015,IFP,AZ,AWP,WE,Federal Contract Tower,7,0,1,1,9,0,5,23,43,71,7,5,24,44,80,0,110,110,190
04/02/2015,IFP,AZ,AWP,WE,Federal Contract Tower,6,0,0,4,10,0,0,14,5,19,6,0,14,9,29,0,0,0,29
04/03/2015,IFP,AZ,AWP,WE,Federal Contract Tower,6,0,0,0,6,0,4,17,0,21,6,4,17,0,27,0,0,0,27
04/04/2015,IFP,AZ,AWP,WE,Federal Contract Tower,3,0,0,0,3,0,3,29,0,32,3,3,29,0,35,0,0,0,35
04/05/2015,IFP,AZ,AWP,WE,Federal Contract Tower,7,0,1,0,8,0,3,13,0,16,7,3,14,0,24,0,0,0,24
04/06/2015,IFP,AZ,AWP,WE,Federal Contract Tower,8,0,1,0,9,0,3,8,1,12,8,3,9,1,21,0,0,0,21
04/07/2015,IFP,AZ,AWP,WE,Federal Contract Tower,1,0,2,0,3,0,10,7,0,17,1,10,9,0,20,4,0,4,24
04/08/2015,IFP,AZ,AWP,WE,Federal Contract Tower,3,2,2,0,7,0,4,15,0,19,3,6,17,0,26,0,0,0,26
04/09/2015,IFP,AZ,AWP,WE,Federal Contract Tower,8,0,0,0,8,0,15,11,0,26,8,15,11,0,34,0,0,0,34
04/10/2015,IFP,AZ,AWP,WE,Federal Contract Tower,7,0,4,2,13,0,13,33,0,46,7,13,37,2,59,2,0,2,61
04/11/2015,IFP,AZ,AWP,WE,Federal Contract Tower,3,0,1,0,4,0,11,17,0,28,3,11,18,0,32,0,0,0,32
04/12/2015,IFP,AZ,AWP,WE,Federal Contract Tower,8,0,0,0,8,0,7,37,0,44,8,7,37,0,52,2,0,2,54
04/13/2015,IFP,AZ,AWP,WE,Federal Contract Tower,8,0,1,2,11,0,5,29,4,38,8,5,30,6,49,10,8,18,67
04/14/2015,IFP,AZ,AWP,WE,Federal Contract Tower,3,0,1,1,5,0,6,5,0,11,3,6,6,1,16,0,0,0,16
04/15/2015,IFP,AZ,AWP,WE,Federal Contract Tower,4,2,0,0,6,0,7,5,1,13,4,9,5,1,19,0,0,0,19
04/16/2015,IFP,AZ,AWP,WE,Federal Contract Tower,8,0,0,0,8,0,4,12,0,16,8,4,12,0,24,0,0,0,24
04/17/2015,IFP,AZ,AWP,WE,Federal Contract Tower,6,0,4,0,10,0,3,27,2,32,6,3,31,2,42,0,0,0,42
04/18/2015,IFP,AZ,AWP,WE,Federal Contract Tower,5,0,0,0,5,0,9,95,0,104,5,9,95,0,109,0,0,0,109
04/19/2015,IFP,AZ,AWP,WE,Federal Contract Tower,8,0,2,0,10,0,10,24,3,37,8,10,26,3,47,0,0,0,47
04/20/2015,IFP,AZ,AWP,WE,Federal Contract Tower,8,0,0,0,8,0,2,16,2,20,8,2,16,2,28,10,0,10,38
04/21/2015,IFP,AZ,AWP,WE,Federal Contract Tower,0,0,0,0,0,0,1,5,0,6,0,1,5,0,6,0,0,0,6
04/22/2015,IFP,AZ,AWP,WE,Federal Contract Tower,5,0,1,0,6,0,2,13,0,15,5,2,14,0,21,0,0,0,21
04/23/2015,IFP,AZ,AWP,WE,Federal Contract Tower,8,0,2,0,10,0,0,26,0,26,8,0,28,0,36,52,0,52,88
04/24/2015,IFP,AZ,AWP,WE,Federal Contract Tower,4,0,3,0,7,0,8,16,2,26,4,8,19,2,33,52,0,52,85
04/25/2015,IFP,AZ,AWP,WE,Federal Contract Tower,2,0,5,0,7,0,5,13,3,21,2,5,18,3,28,46,6,52,80
04/26/2015,IFP,AZ,AWP,WE,Federal Contract Tower,3,0,0,0,3,0,0,20,0,20,3,0,20,0,23,40,0,40,63
04/27/2015,IFP,AZ,AWP,WE,Federal Contract Tower,8,1,1,0,10,0,2,16,1,19,8,3,17,1,29,0,0,0,29
04/28/2015,IFP,AZ,AWP,WE,Federal Contract Tower,0,2,3,0,5,0,7,19,0,26,0,9,22,0,31,6,0,6,37
04/29/2015,IFP,AZ,AWP,WE,Federal Contract Tower,3,0,3,2,8,0,1,18,0,19,3,1,21,2,27,0,0,0,27
04/30/2015,IFP,AZ,AWP,WE,Federal Contract Tower,5,1,1,0,7,0,17,15,0,32,5,18,16,0,39,0,0,0,39
05/01/2015,IFP,AZ,AWP,WE,Federal Contract Tower,6,0,3,3,12,0,9,16,0,25,6,9,19,3,37,0,0,0,37
05/02/2015,IFP,AZ,AWP,WE,Federal Contract Tower,5,0,1,0,6,0,3,25,0,28,5,3,26,0,34,0,0,0,34
05/03/2015,IFP,AZ,AWP,WE,Federal Contract Tower,5,0,0,0,5,0,5,28,0,33,5,5,28,0,38,0,0,0,38
05/04/2015,IFP,AZ,AWP,WE,Federal Contract Tower,8,0,1,0,9,0,2,11,0,13,8,2,12,0,22,2,0,2,24
05/05/2015,IFP,AZ,AWP,WE,Federal Contract Tower,1,0,2,0,3,0,3,14,5,22,1,3,16,5,25,10,4,14,39
05/06/2015,IFP,AZ,AWP,WE,Federal Contract Tower,5,0,1,0,6,0,7,15,0,22,5,7,16,0,28,0,0,0,28
05/07/2015,IFP,AZ,AWP,WE,Federal Contract Tower,4,0,1,0,5,0,0,8,0,8,4,0,9,0,13,0,0,0,13
05/08/2015,IFP,AZ,AWP,WE,Federal Contract Tower,6,0,1,0,7,10,15,5,0,30,16,15,6,0,37,4,0,4,41
05/09/2015,IFP,AZ,AWP,WE,Federal Contract Tower,3,0,0,0,3,0,1,9,0,10,3,1,9,0,13,0,0,0,13
05/10/2015,IFP,AZ,AWP,WE,Federal Contract Tower,6,0,0,0,6,0,2,20,0,22,6,2,20,0,28,0,0,0,28
05/11/2015,IFP,AZ,AWP,WE,Federal Contract Tower,6,0,1,2,9,0,6,22,0,28,6,6,23,2,37,0,18,18,55
05/12/2015,IFP,AZ,AWP,WE,Federal Contract Tower,3,0,0,0,3,1,5,12,0,18,4,5,12,0,21,4,0,4,25
05/13/2015,IFP,AZ,AWP,WE,Federal Contract Tower,4,0,1,1,6,0,2,5,0,7,4,2,6,1,13,0,6,6,19
05/14/2015,IFP,AZ,AWP,WE,Federal Contract Tower,5,0,3,0,8,0,5,5,4,14,5,5,8,4,22,0,0,0,22
05/15/2015,IFP,AZ,AWP,WE,Federal Contract Tower,4,0,1,0,5,0,6,15,0,21,4,6,16,0,26,4,0,4,30
05/16/2015,IFP,AZ,AWP,WE,Federal Contract Tower,3,0,3,1,7,0,4,26,2,32,3,4,29,3,39,12,0,12,51
05/17/2015,IFP,AZ,AWP,WE,Federal Contract Tower,4,1,1,0,6,0,5,33,0,38,4,6,34,0,44,0,0,0,44
05/18/2015,IFP,AZ,AWP,WE,Federal Contract Tower,4,0,0,2,6,0,6,23,3,32,4,6,23,5,38,2,0,2,40
05/19/2015,IFP,AZ,AWP,WE,Federal Contract Tower,3,0,0,0,3,0,7,14,4,25,3,7,14,4,28,0,0,0,28
05/20/2015,IFP,AZ,AWP,WE,Federal Contract Tower,4,1,1,0,6,1,3,14,4,22,5,4,15,4,28,4,0,4,32
05/21/2015,IFP,AZ,AWP,WE,Federal Contract Tower,4,0,2,0,6,0,7,15,0,22,4,7,17,0,28,4,0,4,32
05/22/2015,IFP,AZ,AWP,WE,Federal Contract Tower,6,0,4,0,10,0,10,22,0,32,6,10,26,0,42,0,0,0,42
05/23/2015,IFP,AZ,AWP,WE,Federal Contract Tower,3,2,0,0,5,0,2,52,0,54,3,4,52,0,59,0,0,0,59
05/24/2015,IFP,AZ,AWP,WE,Federal Contract Tower,4,0,0,0,4,0,12,22,4,38,4,12,22,4,42,0,0,0,42
05/25/2015,IFP,AZ,AWP,WE,Federal Contract Tower,5,0,1,0,6,0,2,20,0,22,5,2,21,0,28,0,0,0,28
05/26/2015,IFP,AZ,AWP,WE,Federal Contract Tower,4,0,0,0,4,0,7,10,4,21,4,7,10,4,25,0,0,0,25
05/27/2015,IFP,AZ,AWP,WE,Federal Contract Tower,3,0,1,3,7,0,4,16,0,20,3,4,17,3,27,6,22,28,55
05/28/2015,IFP,AZ,AWP,WE,Federal Contract Tower,5,0,0,0,5,0,3,18,0,21,5,3,18,0,26,4,0,4,30
05/29/2015,IFP,AZ,AWP,WE,Federal Contract Tower,6,0,2,0,8,0,3,27,0,30,6,3,29,0,38,0,0,0,38
05/30/2015,IFP,AZ,AWP,WE,Federal Contract Tower,5,0,0,0,5,0,4,19,0,23,5,4,19,0,28,10,0,10,38
05/31/2015,IFP,AZ,AWP,WE,Federal Contract Tower,3,0,0,0,3,0,4,32,0,36,3,4,32,0,39,0,0,0,39
06/01/2015,IFP,AZ,AWP,WE,Federal Contract Tower,6,1,2,0,9,0,4,26,0,30,6,5,28,0,39,4,0,4,43
06/02/2015,IFP,AZ,AWP,WE,Federal Contract Tower,4,0,1,0,5,0,9,10,4,23,4,9,11,4,28,2,2,4,32
06/03/2015,IFP,AZ,AWP,WE,Federal Contract Tower,5,0,2,0,7,0,0,6,0,6,5,0,8,0,13,4,0,4,17
06/04/2015,IFP,AZ,AWP,WE,Federal Contract Tower,3,0,5,0,8,0,20,13,3,36,3,20,18,3,44,4,0,4,48
06/05/2015,IFP,AZ,AWP,WE,Federal Contract Tower,6,1,6,0,13,0,13,12,0,25,6,14,18,0,38,8,0,8,46
06/06/2015,IFP,AZ,AWP,WE,Federal Contract Tower,3,0,0,0,3,0,3,11,0,14,3,3,11,0,17,4,0,4,21
06/07/2015,IFP,AZ,AWP,WE,Federal Contract Tower,4,0,0,0,4,0,4,5,0,9,4,4,5,0,13,0,0,0,13
06/08/2015,IFP,AZ,AWP,WE,Federal Contract Tower,7,0,0,0,7,0,2,21,1,24,7,2,21,1,31,0,0,0,31
06/09/2015,IFP,AZ,AWP,WE,Federal Contract Tower,3,0,2,0,5,0,3,4,0,7,3,3,6,0,12,0,0,0,12
06/10/2015,IFP,AZ,AWP,WE,Federal Contract Tower,4,0,2,0,6,0,2,23,0,25,4,2,25,0,31,0,0,0,31
06/11/2015,IFP,AZ,AWP,WE,Federal Contract Tower,4,0,0,1,5,0,11,9,4,24,4,11,9,5,29,14,0,14,43
06/12/2015,IFP,AZ,AWP,WE,Federal Contract Tower,5,0,4,0,9,0,0,1,24,25,5,0,5,24,34,0,0,0,34
06/13/2015,IFP,AZ,AWP,WE,Federal Contract Tower,5,0,0,0,5,0,3,12,0,15,5,3,12,0,20,0,0,0,20
06/14/2015,IFP,AZ,AWP,WE,Federal Contract Tower,6,0,1,0,7,0,9,12,0,21,6,9,13,0,28,0,0,0,28
06/15/2015,IFP,AZ,AWP,WE,Federal Contract Tower,7,0,2,0,9,0,4,15,0,19,7,4,17,0,28,2,0,2,30
06/16/2015,IFP,AZ,AWP,WE,Federal Contract Tower,1,0,1,1,3,0,2,14,0,16,1,2,15,1,19,0,4,4,23
06/17/2015,IFP,AZ,AWP,WE,Federal Contract Tower,3,1,1,0,5,0,1,10,0,11,3,2,11,0,16,0,0,0,16
06/18/2015,IFP,AZ,AWP,WE,Federal Contract Tower,5,0,0,0,5,0,0,15,0,15,5,0,15,0,20,0,0,0,20
06/19/2015,IFP,AZ,AWP,WE,Federal Contract Tower,5,2,2,2,11,1,0,16,0,17,6,2,18,2,28,16,30,46,74
06/20/2015,IFP,AZ,AWP,WE,Federal Contract Tower,3,0,0,0,3,0,2,11,1,14,3,2,11,1,17,0,0,0,17
06/21/2015,IFP,AZ,AWP,WE,Federal Contract Tower,6,0,0,1,7,0,5,9,1,15,6,5,9,2,22,0,0,0,22
06/22/2015,IFP,AZ,AWP,WE,Federal Contract Tower,5,0,0,0,5,0,13,11,1,25,5,13,11,1,30,4,0,4,34
06/23/2015,IFP,AZ,AWP,WE,Federal Contract Tower,3,0,0,0,3,0,4,12,0,16,3,4,12,0,19,0,0,0,19
06/24/2015,IFP,AZ,AWP,WE,Federal Contract Tower,4,0,1,0,5,0,7,6,0,13,4,7,7,0,18,0,0,0,18
06/25/2015,IFP,AZ,AWP,WE,Federal Contract Tower,5,0,1,0,6,0,1,18,0,19,5,1,19,0,25,16,0,16,41
06/26/2015,IFP,AZ,AWP,WE,Federal Contract Tower,5,0,1,0,6,0,5,14,0,19,5,5,15,0,25,0,0,0,25
06/27/2015,IFP,AZ,AWP,WE,Federal Contract Tower,6,0,0,0,6,0,5,17,0,22,6,5,17,0,28,0,0,0,28
06/28/2015,IFP,AZ,AWP,WE,Federal Contract Tower,6,0,4,0,10,0,4,18,1,23,6,4,22,1,33,0,16,16,49
06/29/2015,IFP,AZ,AWP,WE,Federal Contract Tower,6,0,0,0,6,0,2,13,0,15,6,2,13,0,21,0,0,0,21
06/30/2015,IFP,AZ,AWP,WE,Federal Contract Tower,1,0,0,0,1,0,6,16,0,22,1,6,16,0,23,0,0,0,23
07/01/2015,IFP,AZ,AWP,WE,Federal Contract Tower,4,0,1,0,5,0,4,8,2,14,4,4,9,2,19,0,0,0,19
07/02/2015,IFP,AZ,AWP,WE,Federal Contract Tower,4,0,1,0,5,0,0,21,0,21,4,0,22,0,26,2,0,2,28
07/03/2015,IFP,AZ,AWP,WE,Federal Contract Tower,5,0,3,0,8,0,8,16,0,24,5,8,19,0,32,0,0,0,32
07/04/2015,IFP,AZ,AWP,WE,Federal Contract Tower,1,0,1,0,2,0,2,13,0,15,1,2,14,0,17,0,0,0,17
07/05/2015,IFP,AZ,AWP,WE,Federal Contract Tower,6,0,1,0,7,0,4,21,0,25,6,4,22,0,32,0,0,0,32
07/06/2015,IFP,AZ,AWP,WE,Federal Contract Tower,4,1,0,0,5,0,16,13,0,29,4,17,13,0,34,10,0,10,44
07/07/2015,IFP,AZ,AWP,WE,Federal Contract Tower,3,2,0,0,5,0,0,0,0,0,3,2,0,0,5,4,18,22,27
07/08/2015,IFP,AZ,AWP,WE,Federal Contract Tower,3,0,0,0,3,0,0,3,0,3,3,0,3,0,6,0,0,0,6
07/09/2015,IFP,AZ,AWP,WE,Federal Contract Tower,4,0,1,0,5,0,4,13,0,17,4,4,14,0,22,2,0,2,24
07/10/2015,IFP,AZ,AWP,WE,Federal Contract Tower,5,0,2,0,7,0,15,20,2,37,5,15,22,2,44,0,0,0,44
07/11/2015,IFP,AZ,AWP,WE,Federal Contract Tower,2,0,0,0,2,0,7,13,8,28,2,7,13,8,30,0,0,0,30
07/12/2015,IFP,AZ,AWP,WE,Federal Contract Tower,3,2,1,0,6,0,1,13,3,17,3,3,14,3,23,0,0,0,23
07/13/2015,IFP,AZ,AWP,WE,Federal Contract Tower,5,0,0,2,7,0,0,19,0,19,5,0,19,2,26,0,0,0,26
07/14/2015,IFP,AZ,AWP,WE,Federal Contract Tower,3,0,0,0,3,0,11,11,2,24,3,11,11,2,27,0,0,0,27
07/15/2015,IFP,AZ,AWP,WE,Federal Contract Tower,3,0,2,1,6,0,5,19,2,26,3,5,21,3,32,2,0,2,34
07/16/2015,IFP,AZ,AWP,WE,Federal Contract Tower,4,0,2,2,8,0,0,19,0,19,4,0,21,2,27,2,0,2,29
07/17/2015,IFP,AZ,AWP,WE,Federal Contract Tower,4,0,3,0,7,0,1,16,1,18,4,1,19,1,25,0,0,0,25
07/18/2015,IFP,AZ,AWP,WE,Federal Contract Tower,2,1,2,0,5,0,3,14,2,19,2,4,16,2,24,0,0,0,24
07/19/2015,IFP,AZ,AWP,WE,Federal Contract Tower,5,0,1,0,6,0,2,12,1,15,5,2,13,1,21,0,0,0,21
07/20/2015,IFP,AZ,AWP,WE,Federal Contract Tower,7,0,0,0,7,0,2,15,3,20,7,2,15,3,27,0,8,8,35
07/21/2015,IFP,AZ,AWP,WE,Federal Contract Tower,3,0,2,0,5,0,0,17,0,17,3,0,19,0,22,0,0,0,22
07/22/2015,IFP,AZ,AWP,WE,Federal Contract Tower,5,0,1,0,6,0,4,12,0,16,5,4,13,0,22,12,0,12,34
07/23/2015,IFP,AZ,AWP,WE,Federal Contract Tower,5,0,2,0,7,0,1,21,0,22,5,1,23,0,29,0,0,0,29
07/24/2015,IFP,AZ,AWP,WE,Federal Contract Tower,6,0,1,0,7,0,0,14,0,14,6,0,15,0,21,0,0,0,21
07/25/2015,IFP,AZ,AWP,WE,Federal Contract Tower,4,0,0,0,4,0,2,17,5,24,4,2,17,5,28,0,0,0,28
07/26/2015,IFP,AZ,AWP,WE,Federal Contract Tower,5,0,0,0,5,0,4,22,1,27,5,4,22,1,32,8,0,8,40
07/27/2015,IFP,AZ,AWP,WE,Federal Contract Tower,7,0,0,0,7,0,0,16,0,16,7,0,16,0,23,0,0,0,23
07/28/2015,IFP,AZ,AWP,WE,Federal Contract Tower,1,0,0,0,1,0,2,15,0,17,1,2,15,0,18,0,0,0,18
07/29/2015,IFP,AZ,AWP,WE,Federal Contract Tower,3,0,2,0,5,0,0,7,0,7,3,0,9,0,12,0,0,0,12
07/30/2015,IFP,AZ,AWP,WE,Federal Contract Tower,5,0,2,0,7,0,4,10,0,14,5,4,12,0,21,0,0,0,21
07/31/2015,IFP,AZ,AWP,WE,Federal Contract Tower,7,0,2,0,9,0,0,11,0,11,7,0,13,0,20,0,0,0,20
08/01/2015,IFP,AZ,AWP,WE,Federal Contract Tower,4,0,0,0,4,0,0,15,0,15,4,0,15,0,19,0,0,0,19
08/02/2015,IFP,AZ,AWP,WE,Federal Contract Tower,4,2,1,0,7,0,7,21,0,28,4,9,22,0,35,0,0,0,35
08/03/2015,IFP,AZ,AWP,WE,Federal Contract Tower,5,2,2,0,9,0,5,12,0,17,5,7,14,0,26,2,0,2,28
08/04/2015,IFP,AZ,AWP,WE,Federal Contract Tower,2,0,2,0,4,1,4,15,0,20,3,4,17,0,24,0,0,0,24
08/05/2015,IFP,AZ,AWP,WE,Federal Contract Tower,1,1,0,0,2,0,4,15,0,19,1,5,15,0,21,0,0,0,21
08/06/2015,IFP,AZ,AWP,WE,Federal Contract Tower,3,1,3,0,7,0,5,19,0,24,3,6,22,0,31,0,0,0,31
08/07/2015,IFP,AZ,AWP,WE,Federal Contract Tower,5,0,1,0,6,0,4,16,0,20,5,4,17,0,26,0,0,0,26
08/08/2015,IFP,AZ,AWP,WE,Federal Contract Tower,1,0,0,0,1,0,16,10,0,26,1,16,10,0,27,0,0,0,27
08/09/2015,IFP,AZ,AWP,WE,Federal Contract Tower,4,1,1,0,6,0,4,27,0,31,4,5,28,0,37,0,0,0,37
08/10/2015,IFP,AZ,AWP,WE,Federal Contract Tower,5,3,1,0,9,0,12,11,0,23,5,15,12,0,32,0,0,0,32
08/11/2015,IFP,AZ,AWP,WE,Federal Contract Tower,1,0,3,0,4,0,0,9,2,11,1,0,12,2,15,0,0,0,15
08/12/2015,IFP,AZ,AWP,WE,Federal Contract Tower,1,0,0,0,1,0,2,8,0,10,1,2,8,0,11,0,0,0,11
08/13/2015,IFP,AZ,AWP,WE,Federal Contract Tower,5,2,2,0,9,0,10,19,0,29,5,12,21,0,38,0,0,0,38
08/14/2015,IFP,AZ,AWP,WE,Federal Contract Tower,8,5,1,0,14,0,8,14,0,22,8,13,15,0,36,0,0,0,36
08/15/2015,IFP,AZ,AWP,WE,Federal Contract Tower,1,1,2,0,4,0,7,13,0,20,1,8,15,0,24,2,0,2,26
08/16/2015,IFP,AZ,AWP,WE,Federal Contract Tower,3,2,2,1,8,0,7,11,0,18,3,9,13,1,26,2,0,2,28
08/17/2015,IFP,AZ,AWP,WE,Federal Contract Tower,6,4,0,0,10,0,5,13,0,18,6,9,13,0,28,0,0,0,28
08/18/2015,IFP,AZ,AWP,WE,Federal Contract Tower,1,1,0,0,2,0,6,16,0,22,1,7,16,0,24,8,0,8,32
08/19/2015,IFP,AZ,AWP,WE,Federal Contract Tower,0,1,1,0,2,0,8,17,0,25,0,9,18,0,27,32,0,32,59
08/20/2015,IFP,AZ,AWP,WE,Federal Contract Tower,3,2,5,0,10,0,0,12,0,12,3,2,17,0,22,2,0,2,24
08/21/2015,IFP,AZ,AWP,WE,Federal Contract Tower,7,7,0,0,14,0,8,22,0,30,7,15,22,0,44,0,0,0,44
08/22/2015,IFP,AZ,AWP,WE,Federal Contract Tower,1,0,1,0,2,0,6,37,0,43,1,6,38,0,45,18,0,18,63
08/23/2015,IFP,AZ,AWP,WE,Federal Contract Tower,3,2,0,0,5,0,5,25,0,30,3,7,25,0,35,0,0,0,35
08/24/2015,IFP,AZ,AWP,WE,Federal Contract Tower,5,1,1,0,7,0,3,7,0,10,5,4,8,0,17,0,0,0,17
08/25/2015,IFP,AZ,AWP,WE,Federal Contract Tower,1,1,6,1,9,0,3,9,0,12,1,4,15,1,21,0,0,0,21
08/26/2015,IFP,AZ,AWP,WE,Federal Contract Tower,1,0,2,0,3,0,0,15,1,16,1,0,17,1,19,4,0,4,23
08/27/2015,IFP,AZ,AWP,WE,Federal Contract Tower,3,2,0,1,6,0,0,8,0,8,3,2,8,1,14,0,0,0,14
08/28/2015,IFP,AZ,AWP,WE,Federal Contract Tower,6,3,2,1,12,0,6,18,0,24,6,9,20,1,36,0,0,0,36
08/29/2015,IFP,AZ,AWP,WE,Federal Contract Tower,1,0,0,0,1,0,2,18,0,20,1,2,18,0,21,0,0,0,21
08/30/2015,IFP,AZ,AWP,WE,Federal Contract Tower,2,1,1,0,4,0,8,12,0,20,2,9,13,0,24,0,0,0,24
08/31/2015,IFP,AZ,AWP,WE,Federal Contract Tower,5,3,0,0,8,0,2,15,0,17,5,5,15,0,25,0,0,0,25
09/01/2015,IFP,AZ,AWP,WE,Federal Contract Tower,1,0,0,0,1,0,0,7,0,7,1,0,7,0,8,0,0,0,8
09/02/2015,IFP,AZ,AWP,WE,Federal Contract Tower,2,0,2,0,4,0,2,15,0,17,2,2,17,0,21,2,0,2,23
09/03/2015,IFP,AZ,AWP,WE,Federal Contract Tower,4,2,0,0,6,0,6,22,0,28,4,8,22,0,34,0,0,0,34
09/04/2015,IFP,AZ,AWP,WE,Federal Contract Tower,3,4,3,0,10,0,4,15,0,19,3,8,18,0,29,0,0,0,29
09/05/2015,IFP,AZ,AWP,WE,Federal Contract Tower,2,0,2,0,4,0,1,16,0,17,2,1,18,0,21,0,0,0,21
09/06/2015,IFP,AZ,AWP,WE,Federal Contract Tower,2,4,1,0,7,0,7,17,0,24,2,11,18,0,31,0,0,0,31
09/07/2015,IFP,AZ,AWP,WE,Federal Contract Tower,6,3,1,0,10,0,2,24,0,26,6,5,25,0,36,0,0,0,36
09/08/2015,IFP,AZ,AWP,WE,Federal Contract Tower,1,0,0,0,1,0,4,9,0,13,1,4,9,0,14,0,0,0,14
09/09/2015,IFP,AZ,AWP,WE,Federal Contract Tower,2,0,1,0,3,0,0,13,2,15,2,0,14,2,18,2,0,2,20
09/10/2015,IFP,AZ,AWP,WE,Federal Contract Tower,2,4,0,0,6,0,9,15,0,24,2,13,15,0,30,0,0,0,30
09/11/2015,IFP,AZ,AWP,WE,Federal Contract Tower,3,3,1,1,8,0,9,30,3,42,3,12,31,4,50,24,0,24,74
09/12/2015,IFP,AZ,AWP,WE,Federal Contract Tower,0,0,2,1,3,0,0,12,0,12,0,0,14,1,15,0,0,0,15
09/13/2015,IFP,AZ,AWP,WE,Federal Contract Tower,2,2,3,0,7,0,2,17,0,19,2,4,20,0,26,0,0,0,26
09/14/2015,IFP,AZ,AWP,WE,Federal Contract Tower,3,3,0,0,6,0,8,17,0,25,3,11,17,0,31,4,0,4,35
09/15/2015,IFP,AZ,AWP,WE,Federal Contract Tower,1,0,2,0,3,0,6,5,0,11,1,6,7,0,14,0,0,0,14
09/16/2015,IFP,AZ,AWP,WE,Federal Contract Tower,1,0,2,0,3,0,6,17,0,23,1,6,19,0,26,4,0,4,30
09/17/2015,IFP,AZ,AWP,WE,Federal Contract Tower,3,3,0,0,6,0,0,11,0,11,3,3,11,0,17,4,0,4,21
09/18/2015,IFP,AZ,AWP,WE,Federal Contract Tower,4,5,3,0,12,0,5,20,2,27,4,10,23,2,39,0,0,0,39
09/19/2015,IFP,AZ,AWP,WE,Federal Contract Tower,1,0,0,0,1,0,6,17,0,23,1,6,17,0,24,0,0,0,24
09/20/2015,IFP,AZ,AWP,WE,Federal Contract Tower,3,3,1,2,9,0,5,20,3,28,3,8,21,5,37,2,0,2,39
09/21/2015,IFP,AZ,AWP,WE,Federal Contract Tower,4,4,0,0,8,0,1,8,0,9,4,5,8,0,17,22,0,22,39
09/22/2015,IFP,AZ,AWP,WE,Federal Contract Tower,1,0,0,0,1,0,2,15,0,17,1,2,15,0,18,0,0,0,18
09/23/2015,IFP,AZ,AWP,WE,Federal Contract Tower,1,0,2,0,3,0,6,26,0,32,1,6,28,0,35,0,0,0,35
09/24/2015,IFP,AZ,AWP,WE,Federal Contract Tower,3,0,2,0,5,0,6,18,0,24,3,6,20,0,29,0,0,0,29
09/25/2015,IFP,AZ,AWP,WE,Federal Contract Tower,4,1,3,0,8,0,2,19,2,23,4,3,22,2,31,0,0,0,31
09/26/2015,IFP,AZ,AWP,WE,Federal Contract Tower,2,0,1,0,3,0,1,15,0,16,2,1,16,0,19,0,0,0,19
09/27/2015,IFP,AZ,AWP,WE,Federal Contract Tower,2,2,0,0,4,0,3,15,0,18,2,5,15,0,22,8,0,8,30
09/28/2015,IFP,AZ,AWP,WE,Federal Contract Tower,3,3,0,1,7,0,2,22,3,27,3,5,22,4,34,0,0,0,34
09/29/2015,IFP,AZ,AWP,WE,Federal Contract Tower,2,0,0,0,2,0,0,0,0,0,2,0,0,0,2,0,0,0,2
09/30/2015,IFP,AZ,AWP,WE,Federal Contract Tower,2,0,6,0,8,0,7,19,2,28,2,7,25,2,36,0,2,2,38
10/01/2015,IFP,AZ,AWP,WE,Federal Contract Tower,5,2,0,0,7,0,11,19,0,30,5,13,19,0,37,2,0,2,39
10/02/2015,IFP,AZ,AWP,WE,Federal Contract Tower,5,3,1,0,9,0,13,13,0,26,5,16,14,0,35,0,0,0,35
10/03/2015,IFP,AZ,AWP,WE,Federal Contract Tower,3,2,3,0,8,0,0,20,0,20,3,2,23,0,28,4,0,4,32
10/04/2015,IFP,AZ,AWP,WE,Federal Contract Tower,5,0,2,0,7,0,6,15,0,21,5,6,17,0,28,0,0,0,28
10/05/2015,IFP,AZ,AWP,WE,Federal Contract Tower,5,3,1,0,9,0,0,4,0,4,5,3,5,0,13,2,0,2,15
10/06/2015,IFP,AZ,AWP,WE,Federal Contract Tower,1,3,1,2,7,0,1,4,0,5,1,4,5,2,12,0,0,0,12
10/07/2015,IFP,AZ,AWP,WE,Federal Contract Tower,4,1,2,1,8,0,0,15,7,22,4,1,17,8,30,0,0,0,30
10/08/2015,IFP,AZ,AWP,WE,Federal Contract Tower,4,2,0,2,8,0,14,10,0,24,4,16,10,2,32,0,0,0,32
10/09/2015,IFP,AZ,AWP,WE,Federal Contract Tower,4,7,1,0,12,1,7,11,0,19,5,14,12,0,31,0,0,0,31
10/10/2015,IFP,AZ,AWP,WE,Federal Contract Tower,2,2,2,0,6,0,8,25,0,33,2,10,27,0,39,2,0,2,41
10/11/2015,IFP,AZ,AWP,WE,Federal Contract Tower,4,3,1,0,8,0,8,27,0,35,4,11,28,0,43,0,0,0,43
10/12/2015,IFP,AZ,AWP,WE,Federal Contract Tower,5,2,0,0,7,0,6,19,0,25,5,8,19,0,32,0,0,0,32
10/13/2015,IFP,AZ,AWP,WE,Federal Contract Tower,1,2,0,0,3,0,19,17,0,36,1,21,17,0,39,0,0,0,39
10/14/2015,IFP,AZ,AWP,WE,Federal Contract Tower,3,0,2,0,5,0,1,13,0,14,3,1,15,0,19,0,0,0,19
10/15/2015,IFP,AZ,AWP,WE,Federal Contract Tower,5,2,2,0,9,0,2,18,0,20,5,4,20,0,29,2,0,2,31
10/16/2015,IFP,AZ,AWP,WE,Federal Contract Tower,5,2,1,0,8,0,0,9,0,9,5,2,10,0,17,6,0,6,23
10/17/2015,IFP,AZ,AWP,WE,Federal Contract Tower,2,2,2,0,6,0,4,21,0,25,2,6,23,0,31,22,0,22,53
10/18/2015,IFP,AZ,AWP,WE,Federal Contract Tower,1,2,2,0,5,0,0,15,0,15,1,2,17,0,20,4,0,4,24
10/19/2015,IFP,AZ,AWP,WE,Federal Contract Tower,7,1,1,0,9,0,2,12,0,14,7,3,13,0,23,0,0,0,23
10/20/2015,IFP,AZ,AWP,WE,Federal Contract Tower,1,1,4,0,6,0,3,6,2,11,1,4,10,2,17,0,0,0,17
10/21/2015,IFP,AZ,AWP,WE,Federal Contract Tower,4,0,2,0,6,0,3,11,0,14,4,3,13,0,20,2,0,2,22
10/22/2015,IFP,AZ,AWP,WE,Federal Contract Tower,6,2,1,0,9,0,1,12,0,13,6,3,13,0,22,0,0,0,22
10/23/2015,IFP,AZ,AWP,WE,Federal Contract Tower,4,2,1,0,7,0,6,26,0,32,4,8,27,0,39,4,0,4,43
10/24/2015,IFP,AZ,AWP,WE,Federal Contract Tower,1,2,0,0,3,0,0,17,0,17,1,2,17,0,20,0,0,0,20
10/25/2015,IFP,AZ,AWP,WE,Federal Contract Tower,5,1,1,0,7,0,10,23,0,33,5,11,24,0,40,0,0,0,40
10/26/2015,IFP,AZ,AWP,WE,Federal Contract Tower,4,2,2,0,8,0,8,17,0,25,4,10,19,0,33,0,0,0,33
10/27/2015,IFP,AZ,AWP,WE,Federal Contract Tower,2,2,0,4,8,0,14,12,3,29,2,16,12,7,37,0,0,0,37
10/28/2015,IFP,AZ,AWP,WE,Federal Contract Tower,4,0,1,0,5,0,2,14,0,16,4,2,15,0,21,0,0,0,21
10/29/2015,IFP,AZ,AWP,WE,Federal Contract Tower,5,2,3,0,10,0,6,10,0,16,5,8,13,0,26,0,0,0,26
10/30/2015,IFP,AZ,AWP,WE,Federal Contract Tower,3,5,3,0,11,0,5,10,0,15,3,10,13,0,26,0,0,0,26
10/31/2015,IFP,AZ,AWP,WE,Federal Contract Tower,2,2,0,0,4,0,0,11,0,11,2,2,11,0,15,0,0,0,15
11/01/2015,IFP,AZ,AWP,WE,Federal Contract Tower,6,4,3,0,13,0,5,22,8,35,6,9,25,8,48,16,0,16,64
11/02/2015,IFP,AZ,AWP,WE,Federal Contract Tower,3,3,0,0,6,0,5,14,0,19,3,8,14,0,25,0,0,0,25
11/03/2015,IFP,AZ,AWP,WE,Federal Contract Tower,1,2,3,0,6,0,6,5,0,11,1,8,8,0,17,0,0,0,17
11/04/2015,IFP,AZ,AWP,WE,Federal Contract Tower,2,0,2,0,4,0,0,14,1,15,2,0,16,1,19,0,0,0,19
11/05/2015,IFP,AZ,AWP,WE,Federal Contract Tower,5,2,3,0,10,0,10,21,4,35,5,12,24,4,45,0,0,0,45
11/06/2015,IFP,AZ,AWP,WE,Federal Contract Tower,4,4,3,2,13,0,11,15,0,26,4,15,18,2,39,4,0,4,43
11/07/2015,IFP,AZ,AWP,WE,Federal Contract Tower,1,2,0,2,5,0,0,13,1,14,1,2,13,3,19,0,0,0,19
11/08/2015,IFP,AZ,AWP,WE,Federal Contract Tower,4,2,2,0,8,0,5,31,4,40,4,7,33,4,48,2,0,2,50
11/09/2015,IFP,AZ,AWP,WE,Federal Contract Tower,3,4,3,0,10,0,1,19,4,24,3,5,22,4,34,0,0,0,34
11/10/2015,IFP,AZ,AWP,WE,Federal Contract Tower,1,5,2,5,13,0,8,13,1,22,1,13,15,6,35,0,0,0,35
11/11/2015,IFP,AZ,AWP,WE,Federal Contract Tower,2,0,0,0,2,0,0,26,2,28,2,0,26,2,30,0,0,0,30
11/12/2015,IFP,AZ,AWP,WE,Federal Contract Tower,3,2,0,0,5,0,3,10,0,13,3,5,10,0,18,2,0,2,20
11/13/2015,IFP,AZ,AWP,WE,Federal Contract Tower,3,2,2,1,8,0,4,12,3,19,3,6,14,4,27,0,0,0,27
11/14/2015,IFP,AZ,AWP,WE,Federal Contract Tower,1,2,1,0,4,0,4,12,0,16,1,6,13,0,20,0,0,0,20
11/15/2015,IFP,AZ,AWP,WE,Federal Contract Tower,3,3,3,0,9,0,5,19,1,25,3,8,22,1,34,0,0,0,34
11/16/2015,IFP,AZ,AWP,WE,Federal Contract Tower,2,0,6,0,8,0,4,10,0,14,2,4,16,0,22,0,0,0,22
11/17/2015,IFP,AZ,AWP,WE,Federal Contract Tower,2,1,1,0,4,0,2,11,4,17,2,3,12,4,21,0,0,0,21
11/18/2015,IFP,AZ,AWP,WE,Federal Contract Tower,1,0,1,0,2,0,1,15,8,24,1,1,16,8,26,4,64,68,94
11/19/2015,IFP,AZ,AWP,WE,Federal Contract Tower,4,3,7,0,14,0,14,13,6,33,4,17,20,6,47,0,0,0,47
11/20/2015,IFP,AZ,AWP,WE,Federal Contract Tower,5,3,2,2,12,0,1,14,3,18,5,4,16,5,30,0,18,18,48
11/21/2015,IFP,AZ,AWP,WE,Federal Contract Tower,2,2,1,0,5,0,6,19,1,26,2,8,20,1,31,0,2,2,33
11/22/2015,IFP,AZ,AWP,WE,Federal Contract Tower,4,1,2,0,7,0,3,18,0,21,4,4,20,0,28,2,0,2,30
11/23/2015,IFP,AZ,AWP,WE,Federal Contract Tower,3,2,5,0,10,0,9,30,0,39,3,11,35,0,49,10,0,10,59
11/24/2015,IFP,AZ,AWP,WE,Federal Contract Tower,1,4,2,0,7,0,0,16,0,16,1,4,18,0,23,0,0,0,23
11/25/2015,IFP,AZ,AWP,WE,Federal Contract Tower,2,0,4,0,6,0,2,16,0,18,2,2,20,0,24,2,0,2,26
11/26/2015,IFP,AZ,AWP,WE,Federal Contract Tower,4,1,0,0,5,0,0,17,0,17,4,1,17,0,22,0,0,0,22
11/27/2015,IFP,AZ,AWP,WE,Federal Contract Tower,4,3,4,0,11,0,3,22,0,25,4,6,26,0,36,0,0,0,36
11/28/2015,IFP,AZ,AWP,WE,Federal Contract Tower,2,0,2,0,4,0,0,10,0,10,2,0,12,0,14,0,0,0,14
11/29/2015,IFP,AZ,AWP,WE,Federal Contract Tower,3,1,1,0,5,0,22,0,0,22,3,23,1,0,27,6,0,6,33
11/30/2015,IFP,AZ,AWP,WE,Federal Contract Tower,3,5,0,0,8,0,10,13,0,23,3,15,13,0,31,0,0,0,31
12/01/2015,IFP,AZ,AWP,WE,Federal Contract Tower,1,2,0,0,3,0,2,8,0,10,1,4,8,0,13,0,0,0,13
12/02/2015,IFP,AZ,AWP,WE,Federal Contract Tower,3,0,2,0,5,0,4,13,0,17,3,4,15,0,22,0,0,0,22
12/03/2015,IFP,AZ,AWP,WE,Federal Contract Tower,4,1,1,0,6,0,6,13,0,19,4,7,14,0,25,0,0,0,25
12/04/2015,IFP,AZ,AWP,WE,Federal Contract Tower,3,3,5,0,11,0,0,17,6,23,3,3,22,6,34,2,0,2,36
12/05/2015,IFP,AZ,AWP,WE,Federal Contract Tower,1,2,0,0,3,0,12,17,3,32,1,14,17,3,35,2,0,2,37
12/06/2015,IFP,AZ,AWP,WE,Federal Contract Tower,4,2,1,0,7,0,6,11,0,17,4,8,12,0,24,0,0,0,24
12/07/2015,IFP,AZ,AWP,WE,Federal Contract Tower,5,4,0,2,11,0,5,8,2,15,5,9,8,4,26,0,0,0,26
12/08/2015,IFP,AZ,AWP,WE,Federal Contract Tower,2,0,4,2,8,0,0,19,1,20,2,0,23,3,28,0,0,0,28
12/09/2015,IFP,AZ,AWP,WE,Federal Contract Tower,1,2,0,4,7,0,10,9,2,21,1,12,9,6,28,14,0,14,42
12/10/2015,IFP,AZ,AWP,WE,Federal Contract Tower,4,2,0,1,7,0,16,9,5,30,4,18,9,6,37,0,12,12,49
12/11/2015,IFP,AZ,AWP,WE,Federal Contract Tower,6,3,3,1,13,0,6,14,2,22,6,9,17,3,35,4,4,8,43
12/12/2015,IFP,AZ,AWP,WE,Federal Contract Tower,1,2,3,1,7,0,6,22,0,28,1,8,25,1,35,0,0,0,35
12/13/2015,IFP,AZ,AWP,WE,Federal Contract Tower,1,0,0,0,1,0,1,28,1,30,1,1,28,1,31,4,0,4,35
12/14/2015,IFP,AZ,AWP,WE,Federal Contract Tower,1,1,3,0,5,0,7,11,0,18,1,8,14,0,23,0,0,0,23
12/15/2015,IFP,AZ,AWP,WE,Federal Contract Tower,1,0,2,0,3,0,7,14,2,23,1,7,16,2,26,0,0,0,26
12/16/2015,IFP,AZ,AWP,WE,Federal Contract Tower,1,0,3,0,4,0,4,16,2,22,1,4,19,2,26,0,18,18,44
12/17/2015,IFP,AZ,AWP,WE,Federal Contract Tower,0,0,0,0,0,0,2,10,0,12,0,2,10,0,12,0,0,0,12
12/18/2015,IFP,AZ,AWP,WE,Federal Contract Tower,1,0,1,0,2,0,0,13,0,13,1,0,14,0,15,2,0,2,17
12/19/2015,IFP,AZ,AWP,WE,Federal Contract Tower,1,3,0,0,4,0,4,8,0,12,1,7,8,0,16,0,0,0,16
12/20/2015,IFP,AZ,AWP,WE,Federal Contract Tower,0,1,0,0,1,0,2,12,0,14,0,3,12,0,15,6,0,6,21
12/21/2015,IFP,AZ,AWP,WE,Federal Contract Tower,0,2,0,0,2,0,3,15,2,20,0,5,15,2,22,2,0,2,24
12/22/2015,IFP,AZ,AWP,WE,Federal Contract Tower,0,2,1,1,4,0,8,0,1,9,0,10,1,2,13,2,0,2,15
12/23/2015,IFP,AZ,AWP,WE,Federal Contract Tower,2,0,4,0,6,0,3,10,0,13,2,3,14,0,19,2,0,2,21
12/24/2015,IFP,AZ,AWP,WE,Federal Contract Tower,0,0,1,0,1,0,13,8,0,21,0,13,9,0,22,0,0,0,22
12/25/2015,IFP,AZ,AWP,WE,Federal Contract Tower,0,0,0,0,0,0,8,5,0,13,0,8,5,0,13,0,0,0,13
12/26/2015,IFP,AZ,AWP,WE,Federal Contract Tower,1,7,2,0,10,0,4,6,0,10,1,11,8,0,20,0,0,0,20
12/27/2015,IFP,AZ,AWP,WE,Federal Contract Tower,5,2,0,0,7,0,0,6,0,6,5,2,6,0,13,0,0,0,13
12/28/2015,IFP,AZ,AWP,WE,Federal Contract Tower,5,3,0,0,8,0,0,10,0,10,5,3,10,0,18,0,0,0,18
12/29/2015,IFP,AZ,AWP,WE,Federal Contract Tower,1,2,1,0,4,0,10,10,0,20,1,12,11,0,24,2,0,2,26
12/30/2015,IFP,AZ,AWP,WE,Federal Contract Tower,4,2,3,0,9,0,7,19,2,28,4,9,22,2,37,0,0,0,37
12/31/2015,IFP,AZ,AWP,WE,Federal Contract Tower,3,2,2,0,7,0,9,11,0,20,3,11,13,0,27,0,0,0,27
01/01/2016,IFP,AZ,AWP,WE,Federal Contract Tower,3,2,2,0,7,0,13,8,0,21,3,15,10,0,28,2,0,2,30
01/02/2016,IFP,AZ,AWP,WE,Federal Contract Tower,4,0,2,0,6,0,0,20,0,20,4,0,22,0,26,0,0,0,26
01/03/2016,IFP,AZ,AWP,WE,Federal Contract Tower,4,2,0,0,6,0,0,16,0,16,4,2,16,0,22,4,0,4,26
01/04/2016,IFP,AZ,AWP,WE,Federal Contract Tower,3,2,1,2,8,0,2,3,0,5,3,4,4,2,13,0,0,0,13
01/05/2016,IFP,AZ,AWP,WE,Federal Contract Tower,1,2,0,3,6,0,0,0,0,0,1,2,0,3,6,0,0,0,6
01/06/2016,IFP,AZ,AWP,WE,Federal Contract Tower,2,3,2,1,8,0,5,3,3,11,2,8,5,4,19,0,8,8,27
01/07/2016,IFP,AZ,AWP,WE,Federal Contract Tower,3,3,3,2,11,0,2,4,0,6,3,5,7,2,17,0,2,2,19
01/08/2016,IFP,AZ,AWP,WE,Federal Contract Tower,5,4,2,6,17,0,3,10,11,24,5,7,12,17,41,8,0,8,49
01/09/2016,IFP,AZ,AWP,WE,Federal Contract Tower,1,2,1,0,4,1,16,42,51,110,2,18,43,51,114,46,8,54,168
01/10/2016,IFP,AZ,AWP,WE,Federal Contract Tower,3,2,1,0,6,0,3,15,0,18,3,5,16,0,24,0,0,0,24
01/11/2016,IFP,AZ,AWP,WE,Federal Contract Tower,4,2,1,0,7,0,5,14,99,118,4,7,15,99,125,12,178,190,315
01/12/2016,IFP,AZ,AWP,WE,Federal Contract Tower,1,1,1,0,3,0,5,11,112,128,1,6,12,112,131,2,300,302,433
01/13/2016,IFP,AZ,AWP,WE,Federal Contract Tower,3,1,1,0,5,0,2,10,105,117,3,3,11,105,122,20,208,228,350
01/14/2016,IFP,AZ,AWP,WE,Federal Contract Tower,5,5,0,0,10,0,2,17,96,115,5,7,17,96,125,0,274,274,399
01/15/2016,IFP,AZ,AWP,WE,Federal Contract Tower,3,4,4,5,16,0,5,20,79,104,3,9,24,84,120,8,262,270,390
01/16/2016,IFP,AZ,AWP,WE,Federal Contract Tower,1,0,4,2,7,0,9,18,108,135,1,9,22,110,142,18,336,354,496
01/17/2016,IFP,AZ,AWP,WE,Federal Contract Tower,5,2,2,0,9,0,2,18,0,20,5,4,20,0,29,26,0,26,55
01/18/2016,IFP,AZ,AWP,WE,Federal Contract Tower,3,3,1,5,12,0,0,12,94,106,3,3,13,99,118,22,358,380,498
01/19/2016,IFP,AZ,AWP,WE,Federal Contract Tower,1,2,4,2,9,0,7,27,93,127,1,9,31,95,136,0,358,358,494
01/20/2016,IFP,AZ,AWP,WE,Federal Contract Tower,2,0,4,0,6,0,3,11,110,124,2,3,15,110,130,8,292,300,430
01/21/2016,IFP,AZ,AWP,WE,Federal Contract Tower,4,2,1,0,7,0,2,17,95,114,4,4,18,95,121,0,394,394,515
01/22/2016,IFP,AZ,AWP,WE,Federal Contract Tower,4,3,7,5,19,0,2,16,102,120,4,5,23,107,139,0,292,292,431
01/23/2016,IFP,AZ,AWP,WE,Federal Contract Tower,1,1,3,5,10,0,2,14,106,122,1,3,17,111,132,2,292,294,426
01/24/2016,IFP,AZ,AWP,WE,Federal Contract Tower,3,2,0,2,7,0,3,17,0,20,3,5,17,2,27,0,0,0,27
01/25/2016,IFP,AZ,AWP,WE,Federal Contract Tower,3,3,0,3,9,0,2,4,85,91,3,5,4,88,100,0,280,280,380
01/26/2016,IFP,AZ,AWP,WE,Federal Contract Tower,4,2,0,3,9,0,6,10,43,59,4,8,10,46,68,0,114,114,182
01/27/2016,IFP,AZ,AWP,WE,Federal Contract Tower,5,0,0,0,5,0,4,12,96,112,5,4,12,96,117,2,268,270,387
01/28/2016,IFP,AZ,AWP,WE,Federal Contract Tower,4,1,4,0,9,0,4,23,92,119,4,5,27,92,128,0,336,336,464
01/29/2016,IFP,AZ,AWP,WE,Federal Contract Tower,3,3,0,0,6,0,7,30,80,117,3,10,30,80,123,18,254,272,395
01/30/2016,IFP,AZ,AWP,WE,Federal Contract Tower,1,1,2,4,8,0,1,10,92,103,1,2,12,96,111,0,306,306,417
01/31/2016,IFP,AZ,AWP,WE,Federal Contract Tower,3,4,2,3,12,0,8,4,1,13,3,12,6,4,25,0,0,0,25
02/01/2016,IFP,AZ,AWP,WE,Federal Contract Tower,3,3,0,0,6,0,1,1,41,43,3,4,1,41,49,0,130,130,179
02/02/2016,IFP,AZ,AWP,WE,Federal Contract Tower,1,2,1,3,7,0,11,5,104,120,1,13,6,107,127,0,218,218,345
02/03/2016,IFP,AZ,AWP,WE,Federal Contract Tower,3,0,2,2,7,0,8,3,84,95,3,8,5,86,102,4,342,346,448
02/04/2016,IFP,AZ,AWP,WE,Federal Contract Tower,3,0,8,2,13,0,4,14,73,91,3,4,22,75,104,0,258,258,362
02/05/2016,IFP,AZ,AWP,WE,Federal Contract Tower,4,2,0,1,7,0,9,22,50,81,4,11,22,51,88,0,132,132,220
02/06/2016,IFP,AZ,AWP,WE,Federal Contract Tower,3,4,1,0,8,0,2,9,77,88,3,6,10,77,96,0,180,180,276
02/07/2016,IFP,AZ,AWP,WE,Federal Contract Tower,4,2,1,0,7,0,1,5,0,6,4,3,6,0,13,0,0,0,13
02/08/2016,IFP,AZ,AWP,WE,Federal Contract Tower,6,3,0,0,9,0,9,8,2,19,6,12,8,2,28,0,0,0,28
02/09/2016,IFP,AZ,AWP,WE,Federal Contract Tower,1,2,0,0,3,0,1,21,48,70,1,3,21,48,73,4,56,60,133
02/10/2016,IFP,AZ,AWP,WE,Federal Contract Tower,3,4,0,0,7,0,8,8,94,110,3,12,8,94,117,2,146,148,265
02/11/2016,IFP,AZ,AWP,WE,Federal Contract Tower,3,2,1,1,7,0,1,16,84,101,3,3,17,85,108,0,240,240,348
02/12/2016,IFP,AZ,AWP,WE,Federal Contract Tower,4,3,3,3,13,0,2,16,102,120,4,5,19,105,133,0,160,160,293
02/13/2016,IFP,AZ,AWP,WE,Federal Contract Tower,3,2,2,0,7,0,7,21,96,124,3,9,23,96,131,0,214,214,345
02/14/2016,IFP,AZ,AWP,WE,Federal Contract Tower,4,2,2,0,8,0,2,21,4,27,4,4,23,4,35,0,0,0,35
02/15/2016,IFP,AZ,AWP,WE,Federal Contract Tower,3,5,0,0,8,0,4,8,69,81,3,9,8,69,89,2,110,112,201
02/16/2016,IFP,AZ,AWP,WE,Federal Contract Tower,4,3,1,0,8,0,2,11,90,103,4,5,12,90,111,0,280,280,391
02/17/2016,IFP,AZ,AWP,WE,Federal Contract Tower,2,2,0,0,4,0,4,14,96,114,2,6,14,96,118,0,244,244,362
02/18/2016,IFP,AZ,AWP,WE,Federal Contract Tower,4,1,2,2,9,0,8,11,56,75,4,9,13,58,84,0,260,260,344
02/19/2016,IFP,AZ,AWP,WE,Federal Contract Tower,3,5,5,1,14,0,7,23,105,135,3,12,28,106,149,2,216,218,367
02/20/2016,IFP,AZ,AWP,WE,Federal Contract Tower,3,2,0,6,11,0,9,28,101,138,3,11,28,107,149,0,244,244,393
02/21/2016,IFP,AZ,AWP,WE,Federal Contract Tower,5,3,2,3,13,0,6,27,3,36,5,9,29,6,49,2,0,2,51
02/22/2016,IFP,AZ,AWP,WE,Federal Contract Tower,3,3,0,4,10,0,11,8,81,100,3,14,8,85,110,0,261,261,371
02/23/2016,IFP,AZ,AWP,WE,Federal Contract Tower,1,2,1,1,5,0,4,19,81,104,1,6,20,82,109,0,98,98,207
02/24/2016,IFP,AZ,AWP,WE,Federal Contract Tower,3,0,0,0,3,0,9,21,97,127,3,9,21,97,130,26,333,359,489
02/25/2016,IFP,AZ,AWP,WE,Federal Contract Tower,5,2,0,1,8,0,12,10,88,110,5,14,10,89,118,328,0,328,446
02/26/2016,IFP,AZ,AWP,WE,Federal Contract Tower,4,3,2,8,17,0,2,24,108,134,4,5,26,116,151,0,338,338,489
02/27/2016,IFP,AZ,AWP,WE,Federal Contract Tower,3,3,2,2,10,0,3,23,101,127,3,6,25,103,137,0,306,306,443
02/28/2016,IFP,AZ,AWP,WE,Federal Contract Tower,3,2,2,6,13,0,8,15,0,23,3,10,17,6,36,0,0,0,36
02/29/2016,IFP,AZ,AWP,WE,Federal Contract Tower,3,3,2,2,10,0,3,9,84,96,3,6,11,86,106,0,226,226,332
03/01/2016,IFP,AZ,AWP,WE,Federal Contract Tower,1,2,2,0,5,0,9,15,89,113,1,11,17,89,118,2,192,194,312
03/03/2016,IFP,AZ,AWP,WE,Federal Contract Tower,5,2,2,2,11,0,3,19,80,102,5,5,21,82,113,10,270,280,393
03/04/2016,IFP,AZ,AWP,WE,Federal Contract Tower,4,3,3,0,10,0,7,11,94,112,4,10,14,94,122,4,172,176,298
03/05/2016,IFP,AZ,AWP,WE,Federal Contract Tower,1,2,2,0,5,0,9,13,91,113,1,11,15,91,118,0,270,270,388
03/06/2016,IFP,AZ,AWP,WE,Federal Contract Tower,4,2,0,3,9,0,7,2,3,12,4,9,2,6,21,0,0,0,21
03/07/2016,IFP,AZ,AWP,WE,Federal Contract Tower,4,1,1,5,11,0,2,9,58,69,4,3,10,63,80,0,152,152,232
03/08/2016,IFP,AZ,AWP,WE,Federal Contract Tower,1,3,0,0,4,0,2,10,70,82,1,5,10,70,86,2,254,256,342
03/09/2016,IFP,AZ,AWP,WE,Federal Contract Tower,2,0,0,0,2,0,0,13,49,62,2,0,13,49,64,0,68,68,132
03/10/2016,IFP,AZ,AWP,WE,Federal Contract Tower,6,2,0,3,11,0,1,27,6,34,6,3,27,9,45,30,4,34,79
03/11/2016,IFP,AZ,AWP,WE,Federal Contract Tower,6,3,2,1,12,0,6,12,4,22,6,9,14,5,34,0,0,0,34
03/12/2016,IFP,AZ,AWP,WE,Federal Contract Tower,2,2,1,0,5,0,8,23,0,31,2,10,24,0,36,4,0,4,40
03/13/2016,IFP,AZ,AWP,WE,Federal Contract Tower,5,1,1,0,7,0,11,12,2,25,5,12,13,2,32,0,0,0,32
03/14/2016,IFP,AZ,AWP,WE,Federal Contract Tower,4,1,0,0,5,0,5,7,0,12,4,6,7,0,17,0,0,0,17
03/15/2016,IFP,AZ,AWP,WE,Federal Contract Tower,1,3,3,0,7,0,2,18,5,25,1,5,21,5,32,26,0,26,58
03/16/2016,IFP,AZ,AWP,WE,Federal Contract Tower,3,2,1,0,6,0,10,11,6,27,3,12,12,6,33,24,0,24,57
03/17/2016,IFP,AZ,AWP,WE,Federal Contract Tower,5,3,2,0,10,0,3,41,0,44,5,6,43,0,54,18,0,18,72
03/18/2016,IFP,AZ,AWP,WE,Federal Contract Tower,5,3,3,0,11,0,18,25,0,43,5,21,28,0,54,8,0,8,62
03/19/2016,IFP,AZ,AWP,WE,Federal Contract Tower,3,3,4,0,10,0,8,17,0,25,3,11,21,0,35,0,0,0,35
03/20/2016,IFP,AZ,AWP,WE,Federal Contract Tower,5,2,3,0,10,0,3,37,0,40,5,5,40,0,50,4,0,4,54
03/21/2016,IFP,AZ,AWP,WE,Federal Contract Tower,3,4,3,0,10,0,13,14,6,33,3,17,17,6,43,12,0,12,55
03/22/2016,IFP,AZ,AWP,WE,Federal Contract Tower,2,1,0,0,3,0,1,10,0,11,2,2,10,0,14,0,0,0,14
03/23/2016,IFP,AZ,AWP,WE,Federal Contract Tower,3,1,3,0,7,0,2,16,0,18,3,3,19,0,25,0,0,0,25
03/24/2016,IFP,AZ,AWP,WE,Federal Contract Tower,3,4,0,2,9,0,6,17,0,23,3,10,17,2,32,40,0,40,72
03/25/2016,IFP,AZ,AWP,WE,Federal Contract Tower,3,2,0,0,5,0,9,20,0,29,3,11,20,0,34,0,0,0,34
03/26/2016,IFP,AZ,AWP,WE,Federal Contract Tower,1,2,2,0,5,0,4,14,0,18,1,6,16,0,23,4,0,4,27
03/27/2016,IFP,AZ,AWP,WE,Federal Contract Tower,4,2,1,0,7,0,7,35,0,42,4,9,36,0,49,6,0,6,55
03/28/2016,IFP,AZ,AWP,WE,Federal Contract Tower,3,5,0,0,8,0,0,7,0,7,3,5,7,0,15,18,0,18,33
03/29/2016,IFP,AZ,AWP,WE,Federal Contract Tower,1,2,5,0,8,0,2,9,0,11,1,4,14,0,19,6,0,6,25
03/30/2016,IFP,AZ,AWP,WE,Federal Contract Tower,3,2,1,0,6,0,9,12,0,21,3,11,13,0,27,0,0,0,27
03/31/2016,IFP,AZ,AWP,WE,Federal Contract Tower,3,2,7,0,12,0,8,19,2,29,3,10,26,2,41,4,0,4,45
04/01/2016,IFP,AZ,AWP,WE,Federal Contract Tower,5,3,3,0,11,0,4,25,0,29,5,7,28,0,40,2,0,2,42
04/02/2016,IFP,AZ,AWP,WE,Federal Contract Tower,5,2,3,0,10,1,12,18,1,32,6,14,21,1,42,0,0,0,42
04/03/2016,IFP,AZ,AWP,WE,Federal Contract Tower,4,2,2,0,8,0,3,29,3,35,4,5,31,3,43,0,0,0,43
04/04/2016,IFP,AZ,AWP,WE,Federal Contract Tower,4,1,0,0,5,0,2,12,0,14,4,3,12,0,19,0,0,0,19
04/05/2016,IFP,AZ,AWP,WE,Federal Contract Tower,1,3,0,0,4,0,6,10,0,16,1,9,10,0,20,12,0,12,32
04/06/2016,IFP,AZ,AWP,WE,Federal Contract Tower,9,0,0,0,9,0,1,16,0,17,9,1,16,0,26,0,0,0,26
04/07/2016,IFP,AZ,AWP,WE,Federal Contract Tower,4,2,0,1,7,0,7,9,2,18,4,9,9,3,25,0,2,2,27
04/08/2016,IFP,AZ,AWP,WE,Federal Contract Tower,4,3,2,0,9,0,10,7,0,17,4,13,9,0,26,4,0,4,30
04/09/2016,IFP,AZ,AWP,WE,Federal Contract Tower,8,2,1,0,11,0,3,5,0,8,8,5,6,0,19,0,0,0,19
04/10/2016,IFP,AZ,AWP,WE,Federal Contract Tower,6,3,1,0,10,0,0,2,0,2,6,3,3,0,12,0,0,0,12
04/11/2016,IFP,AZ,AWP,WE,Federal Contract Tower,5,2,4,1,12,0,3,8,2,13,5,5,12,3,25,0,0,0,25
04/12/2016,IFP,AZ,AWP,WE,Federal Contract Tower,1,2,0,1,4,0,9,17,3,29,1,11,17,4,33,0,2,2,35
04/13/2016,IFP,AZ,AWP,WE,Federal Contract Tower,6,0,2,0,8,0,2,13,0,15,6,2,15,0,23,0,0,0,23
04/14/2016,IFP,AZ,AWP,WE,Federal Contract Tower,5,2,1,1,9,0,0,15,5,20,5,2,16,6,29,0,2,2,31
04/15/2016,IFP,AZ,AWP,WE,Federal Contract Tower,4,3,0,0,7,0,0,2,0,2,4,3,2,0,9,0,0,0,9
04/16/2016,IFP,AZ,AWP,WE,Federal Contract Tower,4,1,0,0,5,0,6,15,2,23,4,7,15,2,28,4,0,4,32
04/17/2016,IFP,AZ,AWP,WE,Federal Contract Tower,6,3,3,0,12,0,2,27,0,29,6,5,30,0,41,0,0,0,41
04/18/2016,IFP,AZ,AWP,WE,Federal Contract Tower,4,4,4,0,12,0,3,10,0,13,4,7,14,0,25,0,0,0,25
04/19/2016,IFP,AZ,AWP,WE,Federal Contract Tower,2,2,3,0,7,0,4,23,0,27,2,6,26,0,34,6,0,6,40
04/20/2016,IFP,AZ,AWP,WE,Federal Contract Tower,5,0,2,0,7,0,3,23,0,26,5,3,25,0,33,10,0,10,43
04/21/2016,IFP,AZ,AWP,WE,Federal Contract Tower,5,4,2,0,11,0,2,19,0,21,5,6,21,0,32,2,0,2,34
04/22/2016,IFP,AZ,AWP,WE,Federal Contract Tower,5,3,3,2,13,0,6,17,0,23,5,9,20,2,36,0,0,0,36
04/23/2016,IFP,AZ,AWP,WE,Federal Contract Tower,4,2,0,0,6,0,3,20,0,23,4,5,20,0,29,0,0,0,29
04/24/2016,IFP,AZ,AWP,WE,Federal Contract Tower,4,2,1,0,7,0,12,25,1,38,4,14,26,1,45,0,0,0,45
04/25/2016,IFP,AZ,AWP,WE,Federal Contract Tower,4,4,1,0,9,0,2,6,0,8,4,6,7,0,17,6,0,6,23
04/26/2016,IFP,AZ,AWP,WE,Federal Contract Tower,1,2,0,0,3,0,1,20,0,21,1,3,20,0,24,6,0,6,30
04/27/2016,IFP,AZ,AWP,WE,Federal Contract Tower,3,0,0,0,3,0,10,10,0,20,3,10,10,0,23,0,0,0,23
04/28/2016,IFP,AZ,AWP,WE,Federal Contract Tower,5,2,1,0,8,0,3,10,0,13,5,5,11,0,21,46,0,46,67
04/29/2016,IFP,AZ,AWP,WE,Federal Contract Tower,3,0,4,0,7,0,10,41,2,53,3,10,45,2,60,58,2,60,120
04/30/2016,IFP,AZ,AWP,WE,Federal Contract Tower,4,1,2,0,7,0,0,5,0,5,4,1,7,0,12,0,0,0,12
05/01/2016,IFP,AZ,AWP,WE,Federal Contract Tower,4,2,2,0,8,0,4,19,0,23,4,6,21,0,31,0,0,0,31
05/02/2016,IFP,AZ,AWP,WE,Federal Contract Tower,4,3,1,0,8,0,0,10,0,10,4,3,11,0,18,0,0,0,18
05/03/2016,IFP,AZ,AWP,WE,Federal Contract Tower,1,2,0,0,3,0,7,6,0,13,1,9,6,0,16,0,0,0,16
05/04/2016,IFP,AZ,AWP,WE,Federal Contract Tower,3,0,1,0,4,0,2,13,0,15,3,2,14,0,19,0,0,0,19
05/05/2016,IFP,AZ,AWP,WE,Federal Contract Tower,3,6,5,0,14,0,1,14,2,17,3,7,19,2,31,0,0,0,31
05/06/2016,IFP,AZ,AWP,WE,Federal Contract Tower,4,3,2,0,9,0,6,27,0,33,4,9,29,0,42,0,0,0,42
05/07/2016,IFP,AZ,AWP,WE,Federal Contract Tower,2,2,1,2,7,0,0,18,0,18,2,2,19,2,25,56,0,56,81
05/08/2016,IFP,AZ,AWP,WE,Federal Contract Tower,3,4,3,0,10,0,1,51,2,54,3,5,54,2,64,0,0,0,64
05/09/2016,IFP,AZ,AWP,WE,Federal Contract Tower,4,3,0,1,8,0,9,23,0,32,4,12,23,1,40,0,0,0,40
05/10/2016,IFP,AZ,AWP,WE,Federal Contract Tower,1,2,2,2,7,0,0,34,5,39,1,2,36,7,46,2,2,4,50
05/11/2016,IFP,AZ,AWP,WE,Federal Contract Tower,2,2,0,0,4,0,6,6,2,14,2,8,6,2,18,0,0,0,18
05/12/2016,IFP,AZ,AWP,WE,Federal Contract Tower,3,2,1,0,6,0,0,16,0,16,3,2,17,0,22,4,0,4,26
05/13/2016,IFP,AZ,AWP,WE,Federal Contract Tower,4,1,0,0,5,0,3,28,0,31,4,4,28,0,36,58,0,58,94
05/14/2016,IFP,AZ,AWP,WE,Federal Contract Tower,1,0,0,0,1,0,5,18,2,25,1,5,18,2,26,16,20,36,62
05/15/2016,IFP,AZ,AWP,WE,Federal Contract Tower,3,0,8,0,11,0,6,13,0,19,3,6,21,0,30,0,0,0,30
05/16/2016,IFP,AZ,AWP,WE,Federal Contract Tower,4,1,1,0,6,0,7,7,0,14,4,8,8,0,20,0,0,0,20
05/17/2016,IFP,AZ,AWP,WE,Federal Contract Tower,1,2,3,0,6,0,5,7,0,12,1,7,10,0,18,0,0,0,18
05/18/2016,IFP,AZ,AWP,WE,Federal Contract Tower,3,0,0,0,3,0,10,8,0,18,3,10,8,0,21,0,0,0,21
05/19/2016,IFP,AZ,AWP,WE,Federal Contract Tower,4,1,3,0,8,0,0,19,0,19,4,1,22,0,27,2,0,2,29
05/20/2016,IFP,AZ,AWP,WE,Federal Contract Tower,5,3,1,0,9,0,2,5,0,7,5,5,6,0,16,0,0,0,16
05/21/2016,IFP,AZ,AWP,WE,Federal Contract Tower,3,4,3,0,10,0,0,26,0,26,3,4,29,0,36,0,0,0,36
05/22/2016,IFP,AZ,AWP,WE,Federal Contract Tower,3,2,3,0,8,0,5,19,1,25,3,7,22,1,33,0,0,0,33
05/23/2016,IFP,AZ,AWP,WE,Federal Contract Tower,3,5,5,0,13,0,2,16,1,19,3,7,21,1,32,0,0,0,32
05/24/2016,IFP,AZ,AWP,WE,Federal Contract Tower,1,3,1,0,5,0,0,15,0,15,1,3,16,0,20,20,0,20,40
05/25/2016,IFP,AZ,AWP,WE,Federal Contract Tower,3,3,5,0,11,0,8,18,0,26,3,11,23,0,37,4,0,4,41
05/26/2016,IFP,AZ,AWP,WE,Federal Contract Tower,3,5,0,0,8,0,2,22,0,24,3,7,22,0,32,0,0,0,32
05/27/2016,IFP,AZ,AWP,WE,Federal Contract Tower,3,3,2,0,8,0,12,19,0,31,3,15,21,0,39,10,0,10,49
05/28/2016,IFP,AZ,AWP,WE,Federal Contract Tower,3,5,2,0,10,0,0,10,0,10,3,5,12,0,20,0,0,0,20
05/29/2016,IFP,AZ,AWP,WE,Federal Contract Tower,3,2,2,0,7,0,2,10,0,12,3,4,12,0,19,0,0,0,19
05/30/2016,IFP,AZ,AWP,WE,Federal Contract Tower,5,3,2,0,10,0,13,24,0,37,5,16,26,0,47,2,0,2,49
05/31/2016,IFP,AZ,AWP,WE,Federal Contract Tower,1,2,0,0,3,0,0,15,0,15,1,2,15,0,18,0,0,0,18
06/01/2016,IFP,AZ,AWP,WE,Federal Contract Tower,4,0,1,0,5,0,0,17,0,17,4,0,18,0,22,4,0,4,26
06/02/2016,IFP,AZ,AWP,WE,Federal Contract Tower,3,1,2,0,6,0,3,13,0,16,3,4,15,0,22,0,0,0,22
06/03/2016,IFP,AZ,AWP,WE,Federal Contract Tower,5,3,1,0,9,0,12,17,0,29,5,15,18,0,38,0,0,0,38
06/04/2016,IFP,AZ,AWP,WE,Federal Contract Tower,3,2,2,2,9,0,3,7,0,10,3,5,9,2,19,4,0,4,23
06/05/2016,IFP,AZ,AWP,WE,Federal Contract Tower,4,1,0,0,5,0,3,17,1,21,4,4,17,1,26,0,0,0,26
06/06/2016,IFP,AZ,AWP,WE,Federal Contract Tower,3,2,1,0,6,0,1,13,2,16,3,3,14,2,22,0,0,0,22
06/07/2016,IFP,AZ,AWP,WE,Federal Contract Tower,1,2,1,0,4,0,3,12,0,15,1,5,13,0,19,0,0,0,19
06/08/2016,IFP,AZ,AWP,WE,Federal Contract Tower,3,0,1,1,5,0,1,9,4,14,3,1,10,5,19,0,0,0,19
06/09/2016,IFP,AZ,AWP,WE,Federal Contract Tower,5,2,2,0,9,0,6,3,2,11,5,8,5,2,20,0,0,0,20
06/10/2016,IFP,AZ,AWP,WE,Federal Contract Tower,4,2,1,1,8,0,5,12,1,18,4,7,13,2,26,2,0,2,28
06/11/2016,IFP,AZ,AWP,WE,Federal Contract Tower,3,2,0,0,5,0,3,5,0,8,3,5,5,0,13,0,0,0,13
06/12/2016,IFP,AZ,AWP,WE,Federal Contract Tower,2,2,2,0,6,0,6,16,0,22,2,8,18,0,28,0,0,0,28
06/13/2016,IFP,AZ,AWP,WE,Federal Contract Tower,3,4,0,1,8,0,3,6,2,11,3,7,6,3,19,0,0,0,19
06/14/2016,IFP,AZ,AWP,WE,Federal Contract Tower,1,1,4,0,6,0,3,14,2,19,1,4,18,2,25,0,0,0,25
06/15/2016,IFP,AZ,AWP,WE,Federal Contract Tower,3,0,0,0,3,0,9,3,0,12,3,9,3,0,15,0,0,0,15
06/16/2016,IFP,AZ,AWP,WE,Federal Contract Tower,4,1,0,0,5,0,1,22,4,27,4,2,22,4,32,2,0,2,34
06/17/2016,IFP,AZ,AWP,WE,Federal Contract Tower,4,5,1,0,10,0,1,15,2,18,4,6,16,2,28,0,0,0,28
06/18/2016,IFP,AZ,AWP,WE,Federal Contract Tower,3,2,0,0,5,0,5,7,0,12,3,7,7,0,17,0,0,0,17
06/19/2016,IFP,AZ,AWP,WE,Federal Contract Tower,3,3,1,0,7,0,3,16,4,23,3,6,17,4,30,0,0,0,30
06/20/2016,IFP,AZ,AWP,WE,Federal Contract Tower,3,2,0,0,5,0,2,1,0,3,3,4,1,0,8,0,0,0,8
06/21/2016,IFP,AZ,AWP,WE,Federal Contract Tower,1,3,0,0,4,0,3,2,0,5,1,6,2,0,9,0,0,0,9
06/22/2016,IFP,AZ,AWP,WE,Federal Contract Tower,3,0,1,0,4,0,5,10,2,17,3,5,11,2,21,0,0,0,21
06/23/2016,IFP,AZ,AWP,WE,Federal Contract Tower,3,1,2,0,6,0,1,12,0,13,3,2,14,0,19,0,0,0,19
06/24/2016,IFP,AZ,AWP,WE,Federal Contract Tower,3,2,0,0,5,0,3,10,0,13,3,5,10,0,18,0,0,0,18
06/25/2016,IFP,AZ,AWP,WE,Federal Contract Tower,2,2,2,0,6,0,14,13,0,27,2,16,15,0,33,0,0,0,33
06/26/2016,IFP,AZ,AWP,WE,Federal Contract Tower,3,0,3,0,6,0,2,5,1,8,3,2,8,1,14,0,0,0,14
06/27/2016,IFP,AZ,AWP,WE,Federal Contract Tower,2,2,1,0,5,0,12,6,0,18,2,14,7,0,23,0,0,0,23
06/28/2016,IFP,AZ,AWP,WE,Federal Contract Tower,1,2,0,0,3,0,0,7,3,10,1,2,7,3,13,2,0,2,15
06/29/2016,IFP,AZ,AWP,WE,Federal Contract Tower,3,0,3,1,7,0,8,5,1,14,3,8,8,2,21,0,0,0,21
06/30/2016,IFP,AZ,AWP,WE,Federal Contract Tower,5,2,3,0,10,0,2,5,0,7,5,4,8,0,17,0,0,0,17
07/01/2016,IFP,AZ,AWP,WE,Federal Contract Tower,3,0,2,0,5,0,7,6,0,13,3,7,8,0,18,6,0,6,24
07/02/2016,IFP,AZ,AWP,WE,Federal Contract Tower,3,2,2,0,7,1,8,14,0,23,4,10,16,0,30,0,0,0,30
07/03/2016,IFP,AZ,AWP,WE,Federal Contract Tower,6,3,0,0,9,0,1,9,0,10,6,4,9,0,19,2,0,2,21
07/04/2016,IFP,AZ,AWP,WE,Federal Contract Tower,2,1,1,0,4,0,1,11,0,12,2,2,12,0,16,0,0,0,16
07/05/2016,IFP,AZ,AWP,WE,Federal Contract Tower,1,3,0,0,4,0,4,9,0,13,1,7,9,0,17,0,0,0,17
07/06/2016,IFP,AZ,AWP,WE,Federal Contract Tower,1,4,2,0,7,0,8,7,0,15,1,12,9,0,22,0,0,0,22
07/07/2016,IFP,AZ,AWP,WE,Federal Contract Tower,5,2,0,0,7,0,2,5,2,9,5,4,5,2,16,0,0,0,16
07/08/2016,IFP,AZ,AWP,WE,Federal Contract Tower,2,1,1,0,4,0,2,12,0,14,2,3,13,0,18,0,0,0,18
07/09/2016,IFP,AZ,AWP,WE,Federal Contract Tower,2,0,0,0,2,0,0,8,0,8,2,0,8,0,10,0,0,0,10
07/10/2016,IFP,AZ,AWP,WE,Federal Contract Tower,4,2,2,0,8,0,4,4,0,8,4,6,6,0,16,0,0,0,16
07/11/2016,IFP,AZ,AWP,WE,Federal Contract Tower,4,1,0,0,5,0,1,15,0,16,4,2,15,0,21,0,0,0,21
07/12/2016,IFP,AZ,AWP,WE,Federal Contract Tower,1,1,0,0,2,0,6,9,0,15,1,7,9,0,17,0,0,0,17
07/13/2016,IFP,AZ,AWP,WE,Federal Contract Tower,1,0,2,0,3,0,3,2,0,5,1,3,4,0,8,0,0,0,8
07/14/2016,IFP,AZ,AWP,WE,Federal Contract Tower,5,2,0,0,7,0,6,6,1,13,5,8,6,1,20,0,0,0,20
07/15/2016,IFP,AZ,AWP,WE,Federal Contract Tower,3,1,0,0,4,0,7,6,0,13,3,8,6,0,17,0,0,0,17
07/16/2016,IFP,AZ,AWP,WE,Federal Contract Tower,1,1,0,0,2,0,8,5,0,13,1,9,5,0,15,0,0,0,15
07/17/2016,IFP,AZ,AWP,WE,Federal Contract Tower,5,1,2,0,8,0,3,18,0,21,5,4,20,0,29,0,0,0,29
07/18/2016,IFP,AZ,AWP,WE,Federal Contract Tower,4,1,0,0,5,0,8,3,0,11,4,9,3,0,16,0,0,0,16
07/19/2016,IFP,AZ,AWP,WE,Federal Contract Tower,1,2,0,0,3,0,0,6,0,6,1,2,6,0,9,0,0,0,9
07/20/2016,IFP,AZ,AWP,WE,Federal Contract Tower,1,0,0,0,1,0,5,7,0,12,1,5,7,0,13,0,0,0,13
07/21/2016,IFP,AZ,AWP,WE,Federal Contract Tower,6,4,0,0,10,0,1,4,0,5,6,5,4,0,15,0,0,0,15
07/22/2016,IFP,AZ,AWP,WE,Federal Contract Tower,3,3,0,0,6,0,12,7,3,22,3,15,7,3,28,0,0,0,28
07/23/2016,IFP,AZ,AWP,WE,Federal Contract Tower,1,0,0,0,1,0,2,9,2,13,1,2,9,2,14,0,0,0,14
07/24/2016,IFP,AZ,AWP,WE,Federal Contract Tower,5,4,1,0,10,0,0,15,0,15,5,4,16,0,25,0,0,0,25
07/25/2016,IFP,AZ,AWP,WE,Federal Contract Tower,3,2,0,0,5,0,5,6,0,11,3,7,6,0,16,0,0,0,16
07/26/2016,IFP,AZ,AWP,WE,Federal Contract Tower,1,2,0,0,3,0,4,6,2,12,1,6,6,2,15,0,0,0,15
07/27/2016,IFP,AZ,AWP,WE,Federal Contract Tower,1,0,2,0,3,0,8,19,0,27,1,8,21,0,30,2,0,2,32
07/28/2016,IFP,AZ,AWP,WE,Federal Contract Tower,4,3,0,0,7,0,5,11,0,16,4,8,11,0,23,0,0,0,23
07/29/2016,IFP,AZ,AWP,WE,Federal Contract Tower,3,3,0,0,6,0,9,6,0,15,3,12,6,0,21,6,0,6,27
07/30/2016,IFP,AZ,AWP,WE,Federal Contract Tower,1,2,1,0,4,0,0,0,0,0,1,2,1,0,4,0,0,0,4
07/31/2016,IFP,AZ,AWP,WE,Federal Contract Tower,5,2,0,0,7,0,0,12,0,12,5,2,12,0,19,0,0,0,19
08/01/2016,IFP,AZ,AWP,WE,Federal Contract Tower,3,3,3,0,9,0,10,7,0,17,3,13,10,0,26,0,0,0,26
08/02/2016,IFP,AZ,AWP,WE,Federal Contract Tower,1,2,0,0,3,0,1,4,0,5,1,3,4,0,8,0,0,0,8
08/03/2016,IFP,AZ,AWP,WE,Federal Contract Tower,1,0,1,0,2,0,0,10,0,10,1,0,11,0,12,0,0,0,12
08/04/2016,IFP,AZ,AWP,WE,Federal Contract Tower,4,5,0,0,9,0,0,7,2,9,4,5,7,2,18,0,0,0,18
08/05/2016,IFP,AZ,AWP,WE,Federal Contract Tower,3,3,0,0,6,0,2,9,0,11,3,5,9,0,17,2,0,2,19
08/06/2016,IFP,AZ,AWP,WE,Federal Contract Tower,1,2,3,0,6,0,11,6,0,17,1,13,9,0,23,0,0,0,23
08/07/2016,IFP,AZ,AWP,WE,Federal Contract Tower,3,2,1,0,6,0,3,14,0,17,3,5,15,0,23,0,0,0,23
08/08/2016,IFP,AZ,AWP,WE,Federal Contract Tower,3,3,0,0,6,0,0,10,0,10,3,3,10,0,16,0,0,0,16
08/09/2016,IFP,AZ,AWP,WE,Federal Contract Tower,1,4,0,0,5,0,2,12,0,14,1,6,12,0,19,0,0,0,19
08/10/2016,IFP,AZ,AWP,WE,Federal Contract Tower,1,0,0,5,6,0,0,6,1,7,1,0,6,6,13,0,0,0,13
08/11/2016,IFP,AZ,AWP,WE,Federal Contract Tower,3,0,2,0,5,0,4,26,6,36,3,4,28,6,41,2,2,4,45
08/12/2016,IFP,AZ,AWP,WE,Federal Contract Tower,3,4,2,0,9,0,1,15,11,27,3,5,17,11,36,0,0,0,36
08/13/2016,IFP,AZ,AWP,WE,Federal Contract Tower,1,2,1,0,4,0,0,14,0,14,1,2,15,0,18,0,0,0,18
08/14/2016,IFP,AZ,AWP,WE,Federal Contract Tower,4,2,2,0,8,0,7,27,7,41,4,9,29,7,49,4,0,4,53
08/15/2016,IFP,AZ,AWP,WE,Federal Contract Tower,3,3,0,0,6,0,0,6,8,14,3,3,6,8,20,0,0,0,20
08/16/2016,IFP,AZ,AWP,WE,Federal Contract Tower,2,3,0,2,7,0,5,5,11,21,2,8,5,13,28,0,6,6,34
08/17/2016,IFP,AZ,AWP,WE,Federal Contract Tower,2,0,1,0,3,0,1,6,14,21,2,1,7,14,24,4,0,4,28
08/18/2016,IFP,AZ,AWP,WE,Federal Contract Tower,3,2,0,0,5,0,2,17,7,26,3,4,17,7,31,0,0,0,31
08/19/2016,IFP,AZ,AWP,WE,Federal Contract Tower,3,4,1,0,8,0,7,10,2,19,3,11,11,2,27,8,0,8,35
08/20/2016,IFP,AZ,AWP,WE,Federal Contract Tower,2,2,1,0,5,0,5,25,0,30,2,7,26,0,35,8,0,8,43
08/21/2016,IFP,AZ,AWP,WE,Federal Contract Tower,3,2,0,1,6,0,0,3,0,3,3,2,3,1,9,0,0,0,9
08/22/2016,IFP,AZ,AWP,WE,Federal Contract Tower,3,2,3,5,13,0,4,10,1,15,3,6,13,6,28,0,0,0,28
08/23/2016,IFP,AZ,AWP,WE,Federal Contract Tower,2,2,2,0,6,0,1,9,3,13,2,3,11,3,19,0,0,0,19
08/24/2016,IFP,AZ,AWP,WE,Federal Contract Tower,1,0,5,0,6,0,0,8,2,10,1,0,13,2,16,0,0,0,16
08/25/2016,IFP,AZ,AWP,WE,Federal Contract Tower,3,2,0,0,5,0,0,11,2,13,3,2,11,2,18,0,0,0,18
08/26/2016,IFP,AZ,AWP,WE,Federal Contract Tower,2,2,1,0,5,0,1,4,10,15,2,3,5,10,20,0,0,0,20
08/27/2016,IFP,AZ,AWP,WE,Federal Contract Tower,1,2,1,0,4,0,14,6,1,21,1,16,7,1,25,0,0,0,25
08/28/2016,IFP,AZ,AWP,WE,Federal Contract Tower,2,1,1,0,4,0,11,24,2,37,2,12,25,2,41,0,0,0,41
08/29/2016,IFP,AZ,AWP,WE,Federal Contract Tower,2,0,3,0,5,0,3,9,0,12,2,3,12,0,17,0,0,0,17
08/30/2016,IFP,AZ,AWP,WE,Federal Contract Tower,1,3,0,0,4,0,2,13,2,17,1,5,13,2,21,0,0,0,21
08/31/2016,IFP,AZ,AWP,WE,Federal Contract Tower,2,0,1,0,3,0,10,7,0,17,2,10,8,0,20,0,0,0,20
09/01/2016,IFP,AZ,AWP,WE,Federal Contract Tower,3,2,0,0,5,0,0,20,0,20,3,2,20,0,25,0,0,0,25
09/02/2016,IFP,AZ,AWP,WE,Federal Contract Tower,4,2,2,0,8,0,5,18,2,25,4,7,20,2,33,2,0,2,35
09/03/2016,IFP,AZ,AWP,WE,Federal Contract Tower,1,2,2,0,5,0,4,16,0,20,1,6,18,0,25,0,0,0,25
09/04/2016,IFP,AZ,AWP,WE,Federal Contract Tower,4,2,0,0,6,0,4,5,0,9,4,6,5,0,15,0,0,0,15
09/05/2016,IFP,AZ,AWP,WE,Federal Contract Tower,5,4,0,0,9,0,8,13,0,21,5,12,13,0,30,0,0,0,30
09/06/2016,IFP,AZ,AWP,WE,Federal Contract Tower,0,2,0,0,2,0,0,10,0,10,0,2,10,0,12,0,0,0,12
09/07/2016,IFP,AZ,AWP,WE,Federal Contract Tower,1,0,2,0,3,0,0,9,0,9,1,0,11,0,12,4,0,4,16
09/08/2016,IFP,AZ,AWP,WE,Federal Contract Tower,3,2,1,1,7,0,1,11,5,17,3,3,12,6,24,0,0,0,24
09/09/2016,IFP,AZ,AWP,WE,Federal Contract Tower,6,2,3,0,11,0,6,15,0,21,6,8,18,0,32,0,0,0,32
09/10/2016,IFP,AZ,AWP,WE,Federal Contract Tower,1,2,0,0,3,0,9,21,0,30,1,11,21,0,33,0,0,0,33
09/11/2016,IFP,AZ,AWP,WE,Federal Contract Tower,3,2,1,0,6,0,5,10,0,15,3,7,11,0,21,0,0,0,21
09/12/2016,IFP,AZ,AWP,WE,Federal Contract Tower,4,2,0,0,6,0,3,4,0,7,4,5,4,0,13,8,0,8,21
09/13/2016,IFP,AZ,AWP,WE,Federal Contract Tower,2,2,0,0,4,0,3,6,0,9,2,5,6,0,13,0,0,0,13
09/14/2016,IFP,AZ,AWP,WE,Federal Contract Tower,1,0,1,2,4,0,3,15,0,18,1,3,16,2,22,4,0,4,26
09/15/2016,IFP,AZ,AWP,WE,Federal Contract Tower,3,2,0,0,5,0,13,18,1,32,3,15,18,1,37,0,0,0,37
09/16/2016,IFP,AZ,AWP,WE,Federal Contract Tower,4,4,2,0,10,0,6,23,0,29,4,10,25,0,39,4,0,4,43
09/17/2016,IFP,AZ,AWP,WE,Federal Contract Tower,2,2,2,0,6,0,7,15,0,22,2,9,17,0,28,0,0,0,28
09/18/2016,IFP,AZ,AWP,WE,Federal Contract Tower,3,2,1,0,6,0,1,32,0,33,3,3,33,0,39,0,0,0,39
09/19/2016,IFP,AZ,AWP,WE,Federal Contract Tower,3,3,1,0,7,0,0,11,0,11,3,3,12,0,18,6,0,6,24
09/20/2016,IFP,AZ,AWP,WE,Federal Contract Tower,0,2,3,0,5,0,8,3,0,11,0,10,6,0,16,10,0,10,26
09/21/2016,IFP,AZ,AWP,WE,Federal Contract Tower,2,0,0,0,2,0,0,8,0,8,2,0,8,0,10,10,0,10,20
09/22/2016,IFP,AZ,AWP,WE,Federal Contract Tower,3,3,5,0,11,0,5,12,0,17,3,8,17,0,28,0,0,0,28
09/23/2016,IFP,AZ,AWP,WE,Federal Contract Tower,4,4,4,0,12,0,1,11,4,16,4,5,15,4,28,0,0,0,28
09/24/2016,IFP,AZ,AWP,WE,Federal Contract Tower,1,2,3,0,6,0,3,18,0,21,1,5,21,0,27,0,0,0,27
09/25/2016,IFP,AZ,AWP,WE,Federal Contract Tower,3,2,2,0,7,0,5,14,0,19,3,7,16,0,26,0,0,0,26
09/26/2016,IFP,AZ,AWP,WE,Federal Contract Tower,5,4,2,0,11,0,9,10,0,19,5,13,12,0,30,0,0,0,30
09/27/2016,IFP,AZ,AWP,WE,Federal Contract Tower,1,2,0,0,3,0,6,12,0,18,1,8,12,0,21,0,0,0,21
09/28/2016,IFP,AZ,AWP,WE,Federal Contract Tower,1,0,2,1,4,0,3,14,0,17,1,3,16,1,21,6,0,6,27
09/29/2016,IFP,AZ,AWP,WE,Federal Contract Tower,4,2,0,1,7,0,8,14,0,22,4,10,14,1,29,6,0,6,35
09/30/2016,IFP,AZ,AWP,WE,Federal Contract Tower,5,4,2,0,11,0,5,14,0,19,5,9,16,0,30,0,0,0,30
10/01/2016,IFP,AZ,AWP,WE,Federal Contract Tower,4,2,1,0,7,0,6,17,0,23,4,8,18,0,30,0,0,0,30
10/02/2016,IFP,AZ,AWP,WE,Federal Contract Tower,2,2,2,0,6,0,0,20,0,20,2,2,22,0,26,0,0,0,26
10/03/2016,IFP,AZ,AWP,WE,Federal Contract Tower,4,5,1,0,10,0,0,14,0,14,4,5,15,0,24,0,0,0,24
10/04/2016,IFP,AZ,AWP,WE,Federal Contract Tower,1,2,0,0,3,0,0,17,2,19,1,2,17,2,22,6,0,6,28
10/05/2016,IFP,AZ,AWP,WE,Federal Contract Tower,2,0,1,2,5,0,0,8,0,8,2,0,9,2,13,0,0,0,13
10/06/2016,IFP,AZ,AWP,WE,Federal Contract Tower,3,2,0,0,5,0,3,14,0,17,3,5,14,0,22,6,0,6,28
10/07/2016,IFP,AZ,AWP,WE,Federal Contract Tower,5,2,0,0,7,0,4,19,0,23,5,6,19,0,30,0,0,0,30
10/08/2016,IFP,AZ,AWP,WE,Federal Contract Tower,1,2,1,0,4,0,10,28,0,38,1,12,29,0,42,0,0,0,42
10/09/2016,IFP,AZ,AWP,WE,Federal Contract Tower,4,2,0,0,6,0,1,18,0,19,4,3,18,0,25,8,0,8,33
10/10/2016,IFP,AZ,AWP,WE,Federal Contract Tower,4,2,0,0,6,0,1,19,2,22,4,3,19,2,28,0,0,0,28
10/11/2016,IFP,AZ,AWP,WE,Federal Contract Tower,2,3,0,0,5,0,5,6,0,11,2,8,6,0,16,14,0,14,30
10/12/2016,IFP,AZ,AWP,WE,Federal Contract Tower,2,0,0,0,2,0,5,10,0,15,2,5,10,0,17,0,0,0,17
10/13/2016,IFP,AZ,AWP,WE,Federal Contract Tower,4,2,2,0,8,0,3,10,0,13,4,5,12,0,21,2,0,2,23
10/14/2016,IFP,AZ,AWP,WE,Federal Contract Tower,3,2,2,0,7,0,10,23,0,33,3,12,25,0,40,0,0,0,40
10/15/2016,IFP,AZ,AWP,WE,Federal Contract Tower,2,2,0,0,4,0,5,19,0,24,2,7,19,0,28,0,0,0,28
10/16/2016,IFP,AZ,AWP,WE,Federal Contract Tower,2,2,0,0,4,0,7,17,0,24,2,9,17,0,28,0,0,0,28
10/17/2016,IFP,AZ,AWP,WE,Federal Contract Tower,5,4,1,1,11,0,2,8,3,13,5,6,9,4,24,14,8,22,46
10/18/2016,IFP,AZ,AWP,WE,Federal Contract Tower,1,2,3,2,8,0,7,27,0,34,1,9,30,2,42,0,0,0,42
10/19/2016,IFP,AZ,AWP,WE,Federal Contract Tower,1,0,1,0,2,0,9,11,0,20,1,9,12,0,22,0,0,0,22
10/20/2016,IFP,AZ,AWP,WE,Federal Contract Tower,3,2,0,0,5,0,2,10,0,12,3,4,10,0,17,0,0,0,17
10/21/2016,IFP,AZ,AWP,WE,Federal Contract Tower,6,2,2,0,10,0,6,22,0,28,6,8,24,0,38,0,0,0,38
10/22/2016,IFP,AZ,AWP,WE,Federal Contract Tower,1,2,3,0,6,0,7,26,0,33,1,9,29,0,39,0,0,0,39
10/23/2016,IFP,AZ,AWP,WE,Federal Contract Tower,4,2,3,0,9,0,0,16,0,16,4,2,19,0,25,0,0,0,25
10/24/2016,IFP,AZ,AWP,WE,Federal Contract Tower,5,2,3,0,10,0,2,11,0,13,5,4,14,0,23,0,0,0,23
10/25/2016,IFP,AZ,AWP,WE,Federal Contract Tower,1,1,6,0,8,0,2,22,0,24,1,3,28,0,32,0,0,0,32
10/26/2016,IFP,AZ,AWP,WE,Federal Contract Tower,1,1,0,0,2,0,0,10,2,12,1,1,10,2,14,0,0,0,14
10/27/2016,IFP,AZ,AWP,WE,Federal Contract Tower,4,2,1,1,8,0,1,15,0,16,4,3,16,1,24,0,0,0,24
10/28/2016,IFP,AZ,AWP,WE,Federal Contract Tower,6,2,1,0,9,0,5,9,0,14,6,7,10,0,23,0,0,0,23
10/29/2016,IFP,AZ,AWP,WE,Federal Contract Tower,1,2,4,0,7,0,5,24,2,31,1,7,28,2,38,2,0,2,40
10/30/2016,IFP,AZ,AWP,WE,Federal Contract Tower,3,2,0,0,5,0,0,16,0,16,3,2,16,0,21,0,0,0,21
10/31/2016,IFP,AZ,AWP,WE,Federal Contract Tower,5,4,0,0,9,0,1,9,0,10,5,5,9,0,19,6,6,12,31
11/01/2016,IFP,AZ,AWP,WE,Federal Contract Tower,1,4,0,2,7,0,0,27,0,27,1,4,27,2,34,10,0,10,44
11/02/2016,IFP,AZ,AWP,WE,Federal Contract Tower,2,0,0,0,2,0,8,9,0,17,2,8,9,0,19,0,0,0,19
11/03/2016,IFP,AZ,AWP,WE,Federal Contract Tower,3,2,4,0,9,0,6,18,0,24,3,8,22,0,33,8,0,8,41
11/04/2016,IFP,AZ,AWP,WE,Federal Contract Tower,5,3,1,0,9,0,9,23,0,32,5,12,24,0,41,12,0,12,53
11/05/2016,IFP,AZ,AWP,WE,Federal Contract Tower,2,2,4,0,8,0,5,21,0,26,2,7,25,0,34,2,0,2,36
11/06/2016,IFP,AZ,AWP,WE,Federal Contract Tower,3,3,0,0,6,0,5,23,0,28,3,8,23,0,34,6,0,6,40
11/07/2016,IFP,AZ,AWP,WE,Federal Contract Tower,4,3,1,0,8,0,0,18,0,18,4,3,19,0,26,10,0,10,36
11/08/2016,IFP,AZ,AWP,WE,Federal Contract Tower,2,2,0,0,4,0,6,18,0,24,2,8,18,0,28,2,0,2,30
11/09/2016,IFP,AZ,AWP,WE,Federal Contract Tower,5,0,3,0,8,0,1,23,0,24,5,1,26,0,32,0,0,0,32
11/10/2016,IFP,AZ,AWP,WE,Federal Contract Tower,4,2,0,0,6,0,8,19,0,27,4,10,19,0,33,4,0,4,37
11/11/2016,IFP,AZ,AWP,WE,Federal Contract Tower,4,2,4,0,10,0,2,23,0,25,4,4,27,0,35,0,0,0,35
11/12/2016,IFP,AZ,AWP,WE,Federal Contract Tower,2,2,2,0,6,0,6,23,0,29,2,8,25,0,35,0,0,0,35
11/13/2016,IFP,AZ,AWP,WE,Federal Contract Tower,2,2,2,0,6,0,0,15,0,15,2,2,17,0,21,6,0,6,27
11/14/2016,IFP,AZ,AWP,WE,Federal Contract Tower,4,2,0,0,6,0,4,20,0,24,4,6,20,0,30,4,0,4,34
11/15/2016,IFP,AZ,AWP,WE,Federal Contract Tower,2,3,2,3,10,0,0,10,0,10,2,3,12,3,20,0,0,0,20
11/16/2016,IFP,AZ,AWP,WE,Federal Contract Tower,3,0,2,0,5,0,7,23,2,32,3,7,25,2,37,0,0,0,37
11/17/2016,IFP,AZ,AWP,WE,Federal Contract Tower,4,2,3,0,9,0,1,20,0,21,4,3,23,0,30,6,0,6,36
11/18/2016,IFP,AZ,AWP,WE,Federal Contract Tower,4,2,0,0,6,0,10,13,0,23,4,12,13,0,29,0,0,0,29
11/19/2016,IFP,AZ,AWP,WE,Federal Contract Tower,3,2,0,0,5,0,5,22,2,29,3,7,22,2,34,2,0,2,36
11/20/2016,IFP,AZ,AWP,WE,Federal Contract Tower,2,1,3,0,6,0,8,18,0,26,2,9,21,0,32,0,0,0,32
11/21/2016,IFP,AZ,AWP,WE,Federal Contract Tower,2,2,1,0,5,0,6,21,0,27,2,8,22,0,32,0,0,0,32
11/22/2016,IFP,AZ,AWP,WE,Federal Contract Tower,2,4,0,0,6,0,3,17,0,20,2,7,17,0,26,0,0,0,26
11/23/2016,IFP,AZ,AWP,WE,Federal Contract Tower,3,1,2,0,6,0,3,17,0,20,3,4,19,0,26,0,0,0,26
11/24/2016,IFP,AZ,AWP,WE,Federal Contract Tower,3,0,1,0,4,0,4,7,0,11,3,4,8,0,15,0,0,0,15
11/25/2016,IFP,AZ,AWP,WE,Federal Contract Tower,3,4,0,0,7,0,3,14,0,17,3,7,14,0,24,0,0,0,24
11/26/2016,IFP,AZ,AWP,WE,Federal Contract Tower,2,2,0,1,5,0,10,12,1,23,2,12,12,2,28,6,0,6,34
11/27/2016,IFP,AZ,AWP,WE,Federal Contract Tower,1,2,1,0,4,0,1,2,0,3,1,3,3,0,7,0,0,0,7
11/28/2016,IFP,AZ,AWP,WE,Federal Contract Tower,2,2,1,0,5,0,0,5,4,9,2,2,6,4,14,0,0,0,14
11/29/2016,IFP,AZ,AWP,WE,Federal Contract Tower,2,3,2,1,8,0,2,7,4,13,2,5,9,5,21,0,0,0,21
11/30/2016,IFP,AZ,AWP,WE,Federal Contract Tower,3,1,3,2,9,0,8,9,3,20,3,9,12,5,29,2,6,8,37
12/01/2016,IFP,AZ,AWP,WE,Federal Contract Tower,3,3,2,2,10,0,12,13,7,32,3,15,15,9,42,8,0,8,50
12/02/2016,IFP,AZ,AWP,WE,Federal Contract Tower,4,2,1,2,9,0,5,3,3,11,4,7,4,5,20,0,0,0,20
12/03/2016,IFP,AZ,AWP,WE,Federal Contract Tower,4,2,1,2,9,0,6,5,0,11,4,8,6,2,20,0,0,0,20
12/04/2016,IFP,AZ,AWP,WE,Federal Contract Tower,4,2,0,0,6,0,1,7,0,8,4,3,7,0,14,0,0,0,14
12/05/2016,IFP,AZ,AWP,WE,Federal Contract Tower,5,1,0,0,6,0,6,20,0,26,5,7,20,0,32,0,0,0,32
12/06/2016,IFP,AZ,AWP,WE,Federal Contract Tower,0,0,0,0,0,0,4,1,2,7,0,4,1,2,7,0,0,0,7
12/07/2016,IFP,AZ,AWP,WE,Federal Contract Tower,0,0,0,0,0,0,5,0,2,7,0,5,0,2,7,0,0,0,7
12/08/2016,IFP,AZ,AWP,WE,Federal Contract Tower,0,0,0,0,0,0,8,0,0,8,0,8,0,0,8,0,0,0,8
12/09/2016,IFP,AZ,AWP,WE,Federal Contract Tower,0,0,0,0,0,0,2,5,0,7,0,2,5,0,7,0,0,0,7
12/10/2016,IFP,AZ,AWP,WE,Federal Contract Tower,0,0,0,0,0,0,6,11,0,17,0,6,11,0,17,0,0,0,17
12/11/2016,IFP,AZ,AWP,WE,Federal Contract Tower,0,0,0,0,0,0,1,2,0,3,0,1,2,0,3,0,0,0,3
12/12/2016,IFP,AZ,AWP,WE,Federal Contract Tower,0,0,0,0,0,0,6,4,0,10,0,6,4,0,10,0,0,0,10
12/13/2016,IFP,AZ,AWP,WE,Federal Contract Tower,0,0,0,0,0,0,7,1,0,8,0,7,1,0,8,0,0,0,8
12/14/2016,IFP,AZ,AWP,WE,Federal Contract Tower,0,0,0,0,0,0,7,2,0,9,0,7,2,0,9,0,0,0,9
12/15/2016,IFP,AZ,AWP,WE,Federal Contract Tower,0,0,0,0,0,0,3,2,2,7,0,3,2,2,7,0,0,0,7
12/16/2016,IFP,AZ,AWP,WE,Federal Contract Tower,0,0,0,0,0,0,2,1,0,3,0,2,1,0,3,0,0,0,3
12/17/2016,IFP,AZ,AWP,WE,Federal Contract Tower,0,0,0,0,0,0,6,1,0,7,0,6,1,0,7,0,0,0,7
12/18/2016,IFP,AZ,AWP,WE,Federal Contract Tower,0,0,0,0,0,0,6,0,0,6,0,6,0,0,6,0,0,0,6
12/19/2016,IFP,AZ,AWP,WE,Federal Contract Tower,0,0,0,0,0,0,0,2,2,4,0,0,2,2,4,0,0,0,4
12/20/2016,IFP,AZ,AWP,WE,Federal Contract Tower,0,0,0,0,0,0,6,2,0,8,0,6,2,0,8,0,0,0,8
12/21/2016,IFP,AZ,AWP,WE,Federal Contract Tower,0,0,0,0,0,0,7,13,0,20,0,7,13,0,20,0,0,0,20
12/22/2016,IFP,AZ,AWP,WE,Federal Contract Tower,0,8,7,0,15,0,0,7,0,7,0,8,14,0,22,0,0,0,22
12/23/2016,IFP,AZ,AWP,WE,Federal Contract Tower,0,3,2,0,5,0,1,0,0,1,0,4,2,0,6,0,0,0,6
12/24/2016,IFP,AZ,AWP,WE,Federal Contract Tower,0,1,1,0,2,0,2,2,0,4,0,3,3,0,6,0,0,0,6
12/25/2016,IFP,AZ,AWP,WE,Federal Contract Tower,0,0,2,0,2,0,12,3,0,15,0,12,5,0,17,2,0,2,19
12/26/2016,IFP,AZ,AWP,WE,Federal Contract Tower,6,4,1,0,11,0,0,15,0,15,6,4,16,0,26,0,0,0,26
12/27/2016,IFP,AZ,AWP,WE,Federal Contract Tower,1,0,1,0,2,0,5,10,0,15,1,5,11,0,17,0,0,0,17
12/28/2016,IFP,AZ,AWP,WE,Federal Contract Tower,1,0,3,0,4,0,5,7,0,12,1,5,10,0,16,0,0,0,16
12/29/2016,IFP,AZ,AWP,WE,Federal Contract Tower,1,2,3,0,6,0,2,8,0,10,1,4,11,0,16,8,0,8,24
12/30/2016,IFP,AZ,AWP,WE,Federal Contract Tower,4,3,2,0,9,0,2,7,0,9,4,5,9,0,18,0,0,0,18
12/31/2016,IFP,AZ,AWP,WE,Federal Contract Tower,1,1,0,0,2,0,0,11,0,11,1,1,11,0,13,22,0,22,35
01/01/2017,IFP,AZ,AWP,WE,Federal Contract Tower,3,3,3,0,9,0,9,14,0,23,3,12,17,0,32,8,0,8,40
01/02/2017,IFP,AZ,AWP,WE,Federal Contract Tower,4,2,2,0,8,0,1,6,0,7,4,3,8,0,15,0,0,0,15
01/03/2017,IFP,AZ,AWP,WE,Federal Contract Tower,1,0,1,0,2,0,7,7,0,14,1,7,8,0,16,0,0,0,16
01/04/2017,IFP,AZ,AWP,WE,Federal Contract Tower,5,0,1,0,6,0,0,12,0,12,5,0,13,0,18,0,0,0,18
01/05/2017,IFP,AZ,AWP,WE,Federal Contract Tower,3,0,0,0,3,0,10,10,0,20,3,10,10,0,23,0,0,0,23
01/06/2017,IFP,AZ,AWP,WE,Federal Contract Tower,3,0,2,0,5,0,1,6,2,9,3,1,8,2,14,0,0,0,14
01/07/2017,IFP,AZ,AWP,WE,Federal Contract Tower,0,0,0,0,0,0,0,8,0,8,0,0,8,0,8,0,0,0,8
01/08/2017,IFP,AZ,AWP,WE,Federal Contract Tower,2,0,5,0,7,0,0,13,2,15,2,0,18,2,22,0,0,0,22
01/09/2017,IFP,AZ,AWP,WE,Federal Contract Tower,4,1,1,0,6,0,10,3,0,13,4,11,4,0,19,0,0,0,19
01/10/2017,IFP,AZ,AWP,WE,Federal Contract Tower,1,0,4,0,5,0,4,13,0,17,1,4,17,0,22,0,0,0,22
01/11/2017,IFP,AZ,AWP,WE,Federal Contract Tower,5,0,2,0,7,0,5,3,0,8,5,5,5,0,15,0,0,0,15
01/12/2017,IFP,AZ,AWP,WE,Federal Contract Tower,3,0,0,0,3,0,2,9,0,11,3,2,9,0,14,0,0,0,14
01/13/2017,IFP,AZ,AWP,WE,Federal Contract Tower,4,0,0,0,4,0,0,6,0,6,4,0,6,0,10,0,0,0,10
01/14/2017,IFP,AZ,AWP,WE,Federal Contract Tower,7,22,1,0,30,0,3,7,0,10,7,25,8,0,40,50,0,50,90
01/15/2017,IFP,AZ,AWP,WE,Federal Contract Tower,4,0,0,0,4,0,7,12,0,19,4,7,12,0,23,0,0,0,23
01/16/2017,IFP,AZ,AWP,WE,Federal Contract Tower,5,0,2,0,7,0,2,13,0,15,5,2,15,0,22,1,0,1,23
01/17/2017,IFP,AZ,AWP,WE,Federal Contract Tower,3,0,1,0,4,0,3,6,0,9,3,3,7,0,13,0,0,0,13
01/18/2017,IFP,AZ,AWP,WE,Federal Contract Tower,6,1,0,0,7,0,1,10,0,11,6,2,10,0,18,0,0,0,18
01/19/2017,IFP,AZ,AWP,WE,Federal Contract Tower,6,0,3,1,10,0,0,2,1,3,6,0,5,2,13,0,0,0,13
01/20/2017,IFP,AZ,AWP,WE,Federal Contract Tower,5,1,0,1,7,0,0,3,1,4,5,1,3,2,11,4,0,4,15
01/21/2017,IFP,AZ,AWP,WE,Federal Contract Tower,5,0,2,0,7,0,7,14,0,21,5,7,16,0,28,22,0,22,50
01/22/2017,IFP,AZ,AWP,WE,Federal Contract Tower,5,0,3,0,8,0,0,7,0,7,5,0,10,0,15,0,0,0,15
01/23/2017,IFP,AZ,AWP,WE,Federal Contract Tower,6,0,1,0,7,0,2,1,0,3,6,2,2,0,10,0,0,0,10
01/24/2017,IFP,AZ,AWP,WE,Federal Contract Tower,4,0,1,0,5,0,7,5,0,12,4,7,6,0,17,0,0,0,17
01/25/2017,IFP,AZ,AWP,WE,Federal Contract Tower,5,0,1,0,6,0,1,27,2,30,5,1,28,2,36,2,0,2,38
01/26/2017,IFP,AZ,AWP,WE,Federal Contract Tower,3,0,1,0,4,0,3,21,0,24,3,3,22,0,28,8,0,8,36
01/27/2017,IFP,AZ,AWP,WE,Federal Contract Tower,4,0,0,0,4,0,0,6,0,6,4,0,6,0,10,0,0,0,10
01/28/2017,IFP,AZ,AWP,WE,Federal Contract Tower,8,0,0,0,8,0,0,5,0,5,8,0,5,0,13,0,0,0,13
01/29/2017,IFP,AZ,AWP,WE,Federal Contract Tower,3,0,0,0,3,0,0,6,0,6,3,0,6,0,9,0,0,0,9
01/30/2017,IFP,AZ,AWP,WE,Federal Contract Tower,7,0,10,2,19,0,0,4,0,4,7,0,14,2,23,0,0,0,23
01/31/2017,IFP,AZ,AWP,WE,Federal Contract Tower,2,1,0,1,4,0,4,9,1,14,2,5,9,2,18,0,0,0,18
02/01/2017,IFP,AZ,AWP,WE,Federal Contract Tower,5,0,1,0,6,0,4,26,0,30,5,4,27,0,36,14,0,14,50
02/02/2017,IFP,AZ,AWP,WE,Federal Contract Tower,4,2,2,0,8,0,5,26,0,31,4,7,28,0,39,4,0,4,43
02/03/2017,IFP,AZ,AWP,WE,Federal Contract Tower,5,0,2,0,7,0,7,17,0,24,5,7,19,0,31,0,0,0,31
02/04/2017,IFP,AZ,AWP,WE,Federal Contract Tower,7,0,0,0,7,0,2,40,0,42,7,2,40,0,49,0,0,0,49
02/05/2017,IFP,AZ,AWP,WE,Federal Contract Tower,3,5,0,0,8,0,4,11,0,15,3,9,11,0,23,0,0,0,23
02/06/2017,IFP,AZ,AWP,WE,Federal Contract Tower,5,0,0,0,5,0,0,13,0,13,5,0,13,0,18,13,0,13,31
02/07/2017,IFP,AZ,AWP,WE,Federal Contract Tower,2,1,0,1,4,0,2,16,2,20,2,3,16,3,24,0,4,4,28
02/08/2017,IFP,AZ,AWP,WE,Federal Contract Tower,7,0,1,0,8,0,4,15,0,19,7,4,16,0,27,4,0,4,31
02/09/2017,IFP,AZ,AWP,WE,Federal Contract Tower,5,0,0,0,5,0,4,16,1,21,5,4,16,1,26,0,0,0,26
02/10/2017,IFP,AZ,AWP,WE,Federal Contract Tower,5,0,0,0,5,0,0,12,1,13,5,0,12,1,18,0,0,0,18
02/11/2017,IFP,AZ,AWP,WE,Federal Contract Tower,7,0,2,0,9,0,3,3,0,6,7,3,5,0,15,0,0,0,15
02/12/2017,IFP,AZ,AWP,WE,Federal Contract Tower,4,0,1,0,5,0,0,12,0,12,4,0,13,0,17,0,0,0,17
02/13/2017,IFP,AZ,AWP,WE,Federal Contract Tower,4,0,0,0,4,0,4,11,0,15,4,4,11,0,19,0,0,0,19
02/14/2017,IFP,AZ,AWP,WE,Federal Contract Tower,3,0,0,0,3,0,1,14,0,15,3,1,14,0,18,0,0,0,18
02/15/2017,IFP,AZ,AWP,WE,Federal Contract Tower,7,0,3,0,10,0,9,11,0,20,7,9,14,0,30,10,0,10,40
02/16/2017,IFP,AZ,AWP,WE,Federal Contract Tower,7,2,2,0,11,0,2,18,0,20,7,4,20,0,31,14,0,14,45
02/17/2017,IFP,AZ,AWP,WE,Federal Contract Tower,9,0,0,1,10,0,2,5,0,7,9,2,5,1,17,2,0,2,19
02/18/2017,IFP,AZ,AWP,WE,Federal Contract Tower,8,0,2,1,11,0,0,3,0,3,8,0,5,1,14,0,0,0,14
02/19/2017,IFP,AZ,AWP,WE,Federal Contract Tower,7,0,0,0,7,0,0,11,1,12,7,0,11,1,19,0,0,0,19
02/20/2017,IFP,AZ,AWP,WE,Federal Contract Tower,9,0,0,0,9,0,0,18,0,18,9,0,18,0,27,6,0,6,33
02/21/2017,IFP,AZ,AWP,WE,Federal Contract Tower,6,1,0,0,7,0,3,11,0,14,6,4,11,0,21,2,0,2,23
02/22/2017,IFP,AZ,AWP,WE,Federal Contract Tower,9,0,3,0,12,0,4,20,0,24,9,4,23,0,36,0,0,0,36
02/23/2017,IFP,AZ,AWP,WE,Federal Contract Tower,6,1,1,0,8,0,6,17,2,25,6,7,18,2,33,4,0,4,37
02/24/2017,IFP,AZ,AWP,WE,Federal Contract Tower,7,0,2,0,9,0,4,23,0,27,7,4,25,0,36,8,0,8,44
02/25/2017,IFP,AZ,AWP,WE,Federal Contract Tower,10,0,0,1,11,0,2,27,0,29,10,2,27,1,40,10,0,10,50
02/26/2017,IFP,AZ,AWP,WE,Federal Contract Tower,7,0,1,0,8,0,4,13,0,17,7,4,14,0,25,0,0,0,25
02/27/2017,IFP,AZ,AWP,WE,Federal Contract Tower,10,3,2,0,15,0,3,1,0,4,10,6,3,0,19,0,0,0,19
02/28/2017,IFP,AZ,AWP,WE,Federal Contract Tower,7,1,3,0,11,0,5,14,0,19,7,6,17,0,30,0,0,0,30
03/01/2017,IFP,AZ,AWP,WE,Federal Contract Tower,8,0,0,1,9,0,9,6,1,16,8,9,6,2,25,0,0,0,25
03/02/2017,IFP,AZ,AWP,WE,Federal Contract Tower,6,0,0,1,7,0,7,7,1,15,6,7,7,2,22,0,0,0,22
03/03/2017,IFP,AZ,AWP,WE,Federal Contract Tower,6,1,1,1,9,0,0,9,1,10,6,1,10,2,19,0,0,0,19
03/04/2017,IFP,AZ,AWP,WE,Federal Contract Tower,5,0,6,0,11,0,3,29,0,32,5,3,35,0,43,0,0,0,43
03/05/2017,IFP,AZ,AWP,WE,Federal Contract Tower,6,0,2,0,8,0,2,12,4,18,6,2,14,4,26,0,0,0,26
03/06/2017,IFP,AZ,AWP,WE,Federal Contract Tower,8,0,0,0,8,0,9,12,0,21,8,9,12,0,29,0,0,0,29
03/07/2017,IFP,AZ,AWP,WE,Federal Contract Tower,5,0,0,0,5,0,3,6,2,11,5,3,6,2,16,0,0,0,16
03/08/2017,IFP,AZ,AWP,WE,Federal Contract Tower,4,0,4,0,8,0,2,14,0,16,4,2,18,0,24,0,0,0,24
03/09/2017,IFP,AZ,AWP,WE,Federal Contract Tower,7,2,1,0,10,0,9,12,0,21,7,11,13,0,31,0,0,0,31
03/10/2017,IFP,AZ,AWP,WE,Federal Contract Tower,8,0,2,1,11,0,9,17,0,26,8,9,19,1,37,2,0,2,39
03/11/2017,IFP,AZ,AWP,WE,Federal Contract Tower,5,0,0,1,6,0,8,10,0,18,5,8,10,1,24,0,0,0,24
03/12/2017,IFP,AZ,AWP,WE,Federal Contract Tower,7,0,0,0,7,0,2,18,0,20,7,2,18,0,27,0,0,0,27
03/13/2017,IFP,AZ,AWP,WE,Federal Contract Tower,8,0,0,0,8,0,5,15,0,20,8,5,15,0,28,4,0,4,32
03/14/2017,IFP,AZ,AWP,WE,Federal Contract Tower,6,0,0,0,6,0,3,12,0,15,6,3,12,0,21,0,0,0,21
03/15/2017,IFP,AZ,AWP,WE,Federal Contract Tower,5,0,1,0,6,0,0,30,0,30,5,0,31,0,36,0,0,0,36
03/16/2017,IFP,AZ,AWP,WE,Federal Contract Tower,7,0,3,0,10,0,0,14,0,14,7,0,17,0,24,8,0,8,32
03/17/2017,IFP,AZ,AWP,WE,Federal Contract Tower,7,0,1,2,10,0,7,13,0,20,7,7,14,2,30,0,0,0,30
03/18/2017,IFP,AZ,AWP,WE,Federal Contract Tower,8,0,0,0,8,0,11,22,0,33,8,11,22,0,41,6,0,6,47
03/19/2017,IFP,AZ,AWP,WE,Federal Contract Tower,7,0,0,0,7,0,6,23,2,31,7,6,23,2,38,8,4,12,50
03/20/2017,IFP,AZ,AWP,WE,Federal Contract Tower,8,1,2,0,11,0,3,13,0,16,8,4,15,0,27,0,0,0,27
03/21/2017,IFP,AZ,AWP,WE,Federal Contract Tower,5,1,0,0,6,0,2,8,0,10,5,3,8,0,16,0,0,0,16
03/22/2017,IFP,AZ,AWP,WE,Federal Contract Tower,5,1,1,0,7,0,7,12,0,19,5,8,13,0,26,0,0,0,26
03/23/2017,IFP,AZ,AWP,WE,Federal Contract Tower,6,0,0,0,6,0,2,9,0,11,6,2,9,0,17,0,0,0,17
03/24/2017,IFP,AZ,AWP,WE,Federal Contract Tower,7,2,1,0,10,0,3,13,0,16,7,5,14,0,26,0,0,0,26
03/25/2017,IFP,AZ,AWP,WE,Federal Contract Tower,7,0,1,0,8,0,2,86,0,88,7,2,87,0,96,0,0,0,96
03/26/2017,IFP,AZ,AWP,WE,Federal Contract Tower,7,0,2,0,9,0,2,26,0,28,7,2,28,0,37,0,0,0,37
03/27/2017,IFP,AZ,AWP,WE,Federal Contract Tower,7,3,4,0,14,0,6,13,0,19,7,9,17,0,33,0,0,0,33
03/28/2017,IFP,AZ,AWP,WE,Federal Contract Tower,5,0,2,0,7,0,18,3,0,21,5,18,5,0,28,2,0,2,30
03/29/2017,IFP,AZ,AWP,WE,Federal Contract Tower,5,0,0,0,5,0,7,11,0,18,5,7,11,0,23,0,0,0,23
03/30/2017,IFP,AZ,AWP,WE,Federal Contract Tower,5,1,1,0,7,0,0,8,2,10,5,1,9,2,17,0,0,0,17
03/31/2017,IFP,AZ,AWP,WE,Federal Contract Tower,8,1,6,0,15,0,7,10,1,18,8,8,16,1,33,10,0,10,43
04/01/2017,IFP,AZ,AWP,WE,Federal Contract Tower,7,0,3,0,10,0,5,7,2,14,7,5,10,2,24,0,0,0,24
04/02/2017,IFP,AZ,AWP,WE,Federal Contract Tower,9,0,1,0,10,0,2,17,1,20,9,2,18,1,30,0,0,0,30
04/03/2017,IFP,AZ,AWP,WE,Federal Contract Tower,14,0,3,0,17,0,0,8,1,9,14,0,11,1,26,0,0,0,26
04/04/2017,IFP,AZ,AWP,WE,Federal Contract Tower,5,0,1,0,6,0,14,14,2,30,5,14,15,2,36,8,0,8,44
04/05/2017,IFP,AZ,AWP,WE,Federal Contract Tower,5,0,2,0,7,0,8,18,2,28,5,8,20,2,35,0,0,0,35
04/06/2017,IFP,AZ,AWP,WE,Federal Contract Tower,9,0,3,0,12,0,4,24,0,28,9,4,27,0,40,0,0,0,40
04/07/2017,IFP,AZ,AWP,WE,Federal Contract Tower,9,0,3,0,12,0,10,9,0,19,9,10,12,0,31,0,0,0,31
04/08/2017,IFP,AZ,AWP,WE,Federal Contract Tower,7,0,2,0,9,0,3,3,0,6,7,3,5,0,15,0,0,0,15
04/09/2017,IFP,AZ,AWP,WE,Federal Contract Tower,6,0,1,0,7,0,0,8,0,8,6,0,9,0,15,0,0,0,15
04/10/2017,IFP,AZ,AWP,WE,Federal Contract Tower,10,0,0,0,10,0,5,30,0,35,10,5,30,0,45,0,0,0,45
04/11/2017,IFP,AZ,AWP,WE,Federal Contract Tower,5,0,2,0,7,0,3,17,2,22,5,3,19,2,29,6,0,6,35
04/12/2017,IFP,AZ,AWP,WE,Federal Contract Tower,7,2,1,1,11,0,0,13,1,14,7,2,14,2,25,0,0,0,25
04/13/2017,IFP,AZ,AWP,WE,Federal Contract Tower,6,2,3,0,11,0,0,7,0,7,6,2,10,0,18,10,0,10,28
04/14/2017,IFP,AZ,AWP,WE,Federal Contract Tower,8,1,2,0,11,0,10,29,1,40,8,11,31,1,51,0,0,0,51
04/15/2017,IFP,AZ,AWP,WE,Federal Contract Tower,6,1,2,0,9,0,2,38,0,40,6,3,40,0,49,0,0,0,49
04/16/2017,IFP,AZ,AWP,WE,Federal Contract Tower,7,0,0,0,7,0,5,18,0,23,7,5,18,0,30,0,0,0,30
04/17/2017,IFP,AZ,AWP,WE,Federal Contract Tower,7,2,2,0,11,0,10,8,0,18,7,12,10,0,29,0,0,0,29
04/18/2017,IFP,AZ,AWP,WE,Federal Contract Tower,5,0,0,0,5,0,8,4,0,12,5,8,4,0,17,0,0,0,17
04/19/2017,IFP,AZ,AWP,WE,Federal Contract Tower,5,0,0,0,5,0,4,17,0,21,5,4,17,0,26,2,0,2,28
04/20/2017,IFP,AZ,AWP,WE,Federal Contract Tower,6,1,0,0,7,0,4,18,0,22,6,5,18,0,29,0,0,0,29
04/21/2017,IFP,AZ,AWP,WE,Federal Contract Tower,7,0,0,0,7,0,6,10,0,16,7,6,10,0,23,0,0,0,23
04/22/2017,IFP,AZ,AWP,WE,Federal Contract Tower,7,0,1,0,8,0,6,35,0,41,7,6,36,0,49,4,0,4,53
04/23/2017,IFP,AZ,AWP,WE,Federal Contract Tower,8,0,0,0,8,0,5,21,0,26,8,5,21,0,34,0,0,0,34
04/24/2017,IFP,AZ,AWP,WE,Federal Contract Tower,9,1,0,0,10,0,3,19,0,22,9,4,19,0,32,0,0,0,32
04/25/2017,IFP,AZ,AWP,WE,Federal Contract Tower,6,0,0,0,6,0,4,14,0,18,6,4,14,0,24,0,0,0,24
04/26/2017,IFP,AZ,AWP,WE,Federal Contract Tower,5,0,2,2,9,0,13,18,2,33,5,13,20,4,42,0,0,0,42
04/27/2017,IFP,AZ,AWP,WE,Federal Contract Tower,7,0,2,0,9,0,0,17,0,17,7,0,19,0,26,0,0,0,26
04/28/2017,IFP,AZ,AWP,WE,Federal Contract Tower,7,0,5,1,13,1,12,7,1,21,8,12,12,2,34,0,0,0,34
04/29/2017,IFP,AZ,AWP,WE,Federal Contract Tower,5,0,2,0,7,0,10,25,0,35,5,10,27,0,42,0,0,0,42
04/30/2017,IFP,AZ,AWP,WE,Federal Contract Tower,6,7,0,1,14,0,0,42,0,42,6,7,42,1,56,0,0,0,56
05/01/2017,IFP,AZ,AWP,WE,Federal Contract Tower,9,1,0,0,10,0,6,12,0,18,9,7,12,0,28,0,0,0,28
05/02/2017,IFP,AZ,AWP,WE,Federal Contract Tower,5,0,0,2,7,0,9,9,0,18,5,9,9,2,25,0,0,0,25
05/03/2017,IFP,AZ,AWP,WE,Federal Contract Tower,5,0,4,0,9,0,4,14,0,18,5,4,18,0,27,4,0,4,31
05/04/2017,IFP,AZ,AWP,WE,Federal Contract Tower,9,1,4,0,14,0,14,9,0,23,9,15,13,0,37,0,0,0,37
05/05/2017,IFP,AZ,AWP,WE,Federal Contract Tower,8,0,1,0,9,0,9,13,0,22,8,9,14,0,31,0,0,0,31
05/06/2017,IFP,AZ,AWP,WE,Federal Contract Tower,4,2,1,0,7,0,0,13,2,15,4,2,14,2,22,0,0,0,22
05/07/2017,IFP,AZ,AWP,WE,Federal Contract Tower,14,2,0,0,16,0,0,4,0,4,14,2,4,0,20,12,0,12,32
05/08/2017,IFP,AZ,AWP,WE,Federal Contract Tower,7,0,0,0,7,0,6,19,0,25,7,6,19,0,32,0,0,0,32
05/09/2017,IFP,AZ,AWP,WE,Federal Contract Tower,5,0,3,0,8,0,3,5,0,8,5,3,8,0,16,0,0,0,16
05/10/2017,IFP,AZ,AWP,WE,Federal Contract Tower,5,0,5,0,10,0,6,7,0,13,5,6,12,0,23,0,0,0,23
05/11/2017,IFP,AZ,AWP,WE,Federal Contract Tower,6,2,3,0,11,1,2,22,0,25,7,4,25,0,36,6,0,6,42
05/12/2017,IFP,AZ,AWP,WE,Federal Contract Tower,8,0,6,0,14,0,5,31,0,36,8,5,37,0,50,12,0,12,62
05/13/2017,IFP,AZ,AWP,WE,Federal Contract Tower,6,1,3,0,10,0,4,65,0,69,6,5,68,0,79,0,0,0,79
05/14/2017,IFP,AZ,AWP,WE,Federal Contract Tower,7,0,4,0,11,0,0,48,0,48,7,0,52,0,59,20,0,20,79
05/15/2017,IFP,AZ,AWP,WE,Federal Contract Tower,7,0,2,0,9,0,7,10,0,17,7,7,12,0,26,0,0,0,26
05/16/2017,IFP,AZ,AWP,WE,Federal Contract Tower,5,0,1,0,6,0,2,10,0,12,5,2,11,0,18,0,0,0,18
05/17/2017,IFP,AZ,AWP,WE,Federal Contract Tower,4,0,4,0,8,0,2,9,0,11,4,2,13,0,19,0,0,0,19
05/18/2017,IFP,AZ,AWP,WE,Federal Contract Tower,7,0,0,0,7,0,1,10,0,11,7,1,10,0,18,0,0,0,18
05/19/2017,IFP,AZ,AWP,WE,Federal Contract Tower,7,0,1,0,8,0,0,15,0,15,7,0,16,0,23,0,0,0,23
05/20/2017,IFP,AZ,AWP,WE,Federal Contract Tower,7,1,0,2,10,0,4,22,0,26,7,5,22,2,36,0,0,0,36
05/21/2017,IFP,AZ,AWP,WE,Federal Contract Tower,7,0,3,0,10,0,2,31,0,33,7,2,34,0,43,0,0,0,43
05/22/2017,IFP,AZ,AWP,WE,Federal Contract Tower,7,1,0,0,8,0,23,8,0,31,7,24,8,0,39,0,0,0,39
05/23/2017,IFP,AZ,AWP,WE,Federal Contract Tower,5,0,0,0,5,0,4,15,0,19,5,4,15,0,24,0,0,0,24
05/24/2017,IFP,AZ,AWP,WE,Federal Contract Tower,5,2,3,0,10,0,9,12,0,21,5,11,15,0,31,0,0,0,31
05/25/2017,IFP,AZ,AWP,WE,Federal Contract Tower,7,0,2,0,9,0,6,7,0,13,7,6,9,0,22,0,0,0,22
05/26/2017,IFP,AZ,AWP,WE,Federal Contract Tower,8,0,1,0,9,0,4,19,0,23,8,4,20,0,32,0,0,0,32
05/27/2017,IFP,AZ,AWP,WE,Federal Contract Tower,6,0,0,0,6,0,6,15,0,21,6,6,15,0,27,0,0,0,27
05/28/2017,IFP,AZ,AWP,WE,Federal Contract Tower,7,1,0,0,8,0,4,18,0,22,7,5,18,0,30,0,0,0,30
05/29/2017,IFP,AZ,AWP,WE,Federal Contract Tower,7,0,1,1,9,0,3,18,0,21,7,3,19,1,30,4,0,4,34
05/30/2017,IFP,AZ,AWP,WE,Federal Contract Tower,5,0,0,1,6,0,1,11,0,12,5,1,11,1,18,0,0,0,18
05/31/2017,IFP,AZ,AWP,WE,Federal Contract Tower,4,0,1,0,5,0,9,8,0,17,4,9,9,0,22,0,0,0,22
06/01/2017,IFP,AZ,AWP,WE,Federal Contract Tower,8,0,1,0,9,0,1,21,0,22,8,1,22,0,31,0,0,0,31
06/02/2017,IFP,AZ,AWP,WE,Federal Contract Tower,7,2,1,0,10,0,4,10,0,14,7,6,11,0,24,0,0,0,24
06/03/2017,IFP,AZ,AWP,WE,Federal Contract Tower,7,0,0,0,7,0,4,8,0,12,7,4,8,0,19,0,0,0,19
06/04/2017,IFP,AZ,AWP,WE,Federal Contract Tower,7,0,0,0,7,0,4,8,0,12,7,4,8,0,19,0,0,0,19
06/05/2017,IFP,AZ,AWP,WE,Federal Contract Tower,7,2,1,0,10,0,3,13,0,16,7,5,14,0,26,0,0,0,26
06/06/2017,IFP,AZ,AWP,WE,Federal Contract Tower,6,0,0,0,6,0,8,10,0,18,6,8,10,0,24,0,0,0,24
06/07/2017,IFP,AZ,AWP,WE,Federal Contract Tower,4,0,0,0,4,0,0,12,0,12,4,0,12,0,16,0,0,0,16
06/08/2017,IFP,AZ,AWP,WE,Federal Contract Tower,6,0,2,0,8,0,1,13,0,14,6,1,15,0,22,0,0,0,22
06/09/2017,IFP,AZ,AWP,WE,Federal Contract Tower,7,0,0,0,7,0,2,16,0,18,7,2,16,0,25,10,0,10,35
06/10/2017,IFP,AZ,AWP,WE,Federal Contract Tower,6,0,0,0,6,0,6,23,0,29,6,6,23,0,35,0,0,0,35
06/11/2017,IFP,AZ,AWP,WE,Federal Contract Tower,5,0,0,0,5,0,4,3,0,7,5,4,3,0,12,0,0,0,12
06/12/2017,IFP,AZ,AWP,WE,Federal Contract Tower,8,0,0,0,8,0,5,3,0,8,8,5,3,0,16,0,0,0,16
06/13/2017,IFP,AZ,AWP,WE,Federal Contract Tower,3,0,0,0,3,1,6,18,0,25,4,6,18,0,28,6,0,6,34
06/14/2017,IFP,AZ,AWP,WE,Federal Contract Tower,6,0,4,0,10,0,2,5,0,7,6,2,9,0,17,0,0,0,17
06/15/2017,IFP,AZ,AWP,WE,Federal Contract Tower,8,0,0,0,8,0,9,14,5,28,8,9,14,5,36,14,0,14,50
06/16/2017,IFP,AZ,AWP,WE,Federal Contract Tower,6,0,0,0,6,0,4,9,24,37,6,4,9,24,43,0,0,0,43
06/17/2017,IFP,AZ,AWP,WE,Federal Contract Tower,6,0,2,0,8,0,1,19,5,25,6,1,21,5,33,0,0,0,33
06/18/2017,IFP,AZ,AWP,WE,Federal Contract Tower,9,0,2,0,11,0,3,26,2,31,9,3,28,2,42,0,0,0,42
06/19/2017,IFP,AZ,AWP,WE,Federal Contract Tower,5,0,0,1,6,0,7,10,1,18,5,7,10,2,24,0,0,0,24
06/20/2017,IFP,AZ,AWP,WE,Federal Contract Tower,5,2,0,0,7,0,1,2,0,3,5,3,2,0,10,0,0,0,10
06/21/2017,IFP,AZ,AWP,WE,Federal Contract Tower,4,4,1,0,9,0,0,9,0,9,4,4,10,0,18,4,0,4,22
06/22/2017,IFP,AZ,AWP,WE,Federal Contract Tower,7,2,0,0,9,0,2,6,0,8,7,4,6,0,17,0,0,0,17
06/23/2017,IFP,AZ,AWP,WE,Federal Contract Tower,7,0,2,0,9,0,1,8,2,11,7,1,10,2,20,0,0,0,20
06/24/2017,IFP,AZ,AWP,WE,Federal Contract Tower,6,0,0,0,6,0,0,7,0,7,6,0,7,0,13,0,0,0,13
06/25/2017,IFP,AZ,AWP,WE,Federal Contract Tower,7,0,2,0,9,0,2,14,2,18,7,2,16,2,27,0,0,0,27
06/26/2017,IFP,AZ,AWP,WE,Federal Contract Tower,7,0,0,0,7,0,4,6,0,10,7,4,6,0,17,0,0,0,17
06/27/2017,IFP,AZ,AWP,WE,Federal Contract Tower,4,0,0,0,4,0,3,9,0,12,4,3,9,0,16,0,0,0,16
06/28/2017,IFP,AZ,AWP,WE,Federal Contract Tower,5,0,3,0,8,0,7,15,0,22,5,7,18,0,30,0,0,0,30
06/29/2017,IFP,AZ,AWP,WE,Federal Contract Tower,7,0,0,0,7,0,10,10,0,20,7,10,10,0,27,0,0,0,27
06/30/2017,IFP,AZ,AWP,WE,Federal Contract Tower,7,0,1,0,8,0,26,17,0,43,7,26,18,0,51,0,0,0,51
07/01/2017,IFP,AZ,AWP,WE,Federal Contract Tower,6,0,0,0,6,0,3,13,0,16,6,3,13,0,22,0,0,0,22
07/02/2017,IFP,AZ,AWP,WE,Federal Contract Tower,8,0,1,0,9,0,12,16,0,28,8,12,17,0,37,0,0,0,37
07/03/2017,IFP,AZ,AWP,WE,Federal Contract Tower,8,0,2,0,10,0,18,7,1,26,8,18,9,1,36,0,0,0,36
07/04/2017,IFP,AZ,AWP,WE,Federal Contract Tower,2,0,0,0,2,0,2,9,0,11,2,2,9,0,13,0,0,0,13
07/05/2017,IFP,AZ,AWP,WE,Federal Contract Tower,4,0,0,0,4,0,6,14,0,20,4,6,14,0,24,0,0,0,24
07/06/2017,IFP,AZ,AWP,WE,Federal Contract Tower,7,0,0,0,7,0,2,6,0,8,7,2,6,0,15,0,0,0,15
07/07/2017,IFP,AZ,AWP,WE,Federal Contract Tower,6,0,0,0,6,0,2,6,0,8,6,2,6,0,14,0,0,0,14
07/08/2017,IFP,AZ,AWP,WE,Federal Contract Tower,5,0,1,0,6,0,9,4,0,13,5,9,5,0,19,0,0,0,19
07/09/2017,IFP,AZ,AWP,WE,Federal Contract Tower,8,0,5,0,13,0,4,3,0,7,8,4,8,0,20,0,0,0,20
07/10/2017,IFP,AZ,AWP,WE,Federal Contract Tower,5,0,0,0,5,0,0,11,2,13,5,0,11,2,18,8,0,8,26
07/11/2017,IFP,AZ,AWP,WE,Federal Contract Tower,5,0,0,0,5,0,13,5,0,18,5,13,5,0,23,0,0,0,23
07/12/2017,IFP,AZ,AWP,WE,Federal Contract Tower,3,2,5,0,10,0,6,9,0,15,3,8,14,0,25,0,0,0,25
07/13/2017,IFP,AZ,AWP,WE,Federal Contract Tower,10,3,1,0,14,0,3,10,0,13,10,6,11,0,27,0,0,0,27
07/14/2017,IFP,AZ,AWP,WE,Federal Contract Tower,10,0,0,0,10,0,2,4,4,10,10,2,4,4,20,0,0,0,20
07/15/2017,IFP,AZ,AWP,WE,Federal Contract Tower,6,0,3,0,9,0,4,12,0,16,6,4,15,0,25,0,0,0,25
07/16/2017,IFP,AZ,AWP,WE,Federal Contract Tower,9,0,0,0,9,0,4,13,2,19,9,4,13,2,28,0,0,0,28
07/17/2017,IFP,AZ,AWP,WE,Federal Contract Tower,12,0,0,0,12,0,3,11,0,14,12,3,11,0,26,0,0,0,26
07/18/2017,IFP,AZ,AWP,WE,Federal Contract Tower,6,0,0,0,6,0,4,8,0,12,6,4,8,0,18,2,0,2,20
07/19/2017,IFP,AZ,AWP,WE,Federal Contract Tower,3,0,2,0,5,0,1,1,0,2,3,1,3,0,7,0,0,0,7
07/20/2017,IFP,AZ,AWP,WE,Federal Contract Tower,6,0,0,0,6,0,0,11,0,11,6,0,11,0,17,0,0,0,17
07/21/2017,IFP,AZ,AWP,WE,Federal Contract Tower,6,0,0,0,6,0,5,8,0,13,6,5,8,0,19,0,0,0,19
07/22/2017,IFP,AZ,AWP,WE,Federal Contract Tower,5,1,1,0,7,0,10,4,0,14,5,11,5,0,21,0,0,0,21
07/23/2017,IFP,AZ,AWP,WE,Federal Contract Tower,8,0,0,0,8,0,0,7,5,12,8,0,7,5,20,0,0,0,20
07/24/2017,IFP,AZ,AWP,WE,Federal Contract Tower,8,0,6,0,14,0,2,9,0,11,8,2,15,0,25,0,0,0,25
07/25/2017,IFP,AZ,AWP,WE,Federal Contract Tower,4,1,0,0,5,0,1,4,0,5,4,2,4,0,10,0,0,0,10
07/26/2017,IFP,AZ,AWP,WE,Federal Contract Tower,4,0,1,0,5,0,3,8,0,11,4,3,9,0,16,0,0,0,16
07/27/2017,IFP,AZ,AWP,WE,Federal Contract Tower,9,0,2,0,11,0,2,13,2,17,9,2,15,2,28,0,0,0,28
07/28/2017,IFP,AZ,AWP,WE,Federal Contract Tower,8,2,2,0,12,0,15,11,0,26,8,17,13,0,38,0,0,0,38
07/29/2017,IFP,AZ,AWP,WE,Federal Contract Tower,4,0,0,0,4,0,7,17,0,24,4,7,17,0,28,0,0,0,28
07/30/2017,IFP,AZ,AWP,WE,Federal Contract Tower,8,0,2,2,12,0,5,11,0,16,8,5,13,2,28,0,0,0,28
07/31/2017,IFP,AZ,AWP,WE,Federal Contract Tower,6,2,0,0,8,0,7,7,0,14,6,9,7,0,22,0,0,0,22
08/01/2017,IFP,AZ,AWP,WE,Federal Contract Tower,5,2,1,0,8,0,3,5,1,9,5,5,6,1,17,0,0,0,17
08/02/2017,IFP,AZ,AWP,WE,Federal Contract Tower,4,0,2,0,6,0,9,14,0,23,4,9,16,0,29,12,0,12,41
08/03/2017,IFP,AZ,AWP,WE,Federal Contract Tower,11,0,1,0,12,0,6,12,0,18,11,6,13,0,30,0,0,0,30
08/04/2017,IFP,AZ,AWP,WE,Federal Contract Tower,6,1,0,0,7,0,1,14,0,15,6,2,14,0,22,0,0,0,22
08/05/2017,IFP,AZ,AWP,WE,Federal Contract Tower,5,1,2,0,8,0,0,0,0,0,5,1,2,0,8,0,0,0,8
08/06/2017,IFP,AZ,AWP,WE,Federal Contract Tower,8,1,1,0,10,0,11,9,0,20,8,12,10,0,30,0,0,0,30
08/07/2017,IFP,AZ,AWP,WE,Federal Contract Tower,7,0,4,0,11,0,0,10,0,10,7,0,14,0,21,0,0,0,21
08/08/2017,IFP,AZ,AWP,WE,Federal Contract Tower,4,0,4,0,8,0,5,3,0,8,4,5,7,0,16,0,0,0,16
08/09/2017,IFP,AZ,AWP,WE,Federal Contract Tower,3,0,0,0,3,0,0,10,0,10,3,0,10,0,13,0,0,0,13
08/10/2017,IFP,AZ,AWP,WE,Federal Contract Tower,7,0,1,0,8,0,3,8,2,13,7,3,9,2,21,4,0,4,25
08/11/2017,IFP,AZ,AWP,WE,Federal Contract Tower,7,0,1,0,8,0,4,12,0,16,7,4,13,0,24,0,0,0,24
08/12/2017,IFP,AZ,AWP,WE,Federal Contract Tower,5,3,1,0,9,0,8,3,0,11,5,11,4,0,20,0,0,0,20
08/13/2017,IFP,AZ,AWP,WE,Federal Contract Tower,9,0,0,0,9,0,3,4,0,7,9,3,4,0,16,4,0,4,20
08/14/2017,IFP,AZ,AWP,WE,Federal Contract Tower,7,0,3,0,10,0,8,6,0,14,7,8,9,0,24,0,0,0,24
08/15/2017,IFP,AZ,AWP,WE,Federal Contract Tower,7,0,1,0,8,0,4,6,0,10,7,4,7,0,18,0,0,0,18
08/16/2017,IFP,AZ,AWP,WE,Federal Contract Tower,4,0,2,0,6,0,2,1,0,3,4,2,3,0,9,0,0,0,9
08/17/2017,IFP,AZ,AWP,WE,Federal Contract Tower,8,0,0,0,8,0,8,25,0,33,8,8,25,0,41,2,0,2,43
08/18/2017,IFP,AZ,AWP,WE,Federal Contract Tower,7,0,0,0,7,0,5,12,0,17,7,5,12,0,24,0,0,0,24
08/19/2017,IFP,AZ,AWP,WE,Federal Contract Tower,6,0,2,0,8,0,5,28,0,33,6,5,30,0,41,6,0,6,47
08/20/2017,IFP,AZ,AWP,WE,Federal Contract Tower,7,1,3,0,11,0,1,7,0,8,7,2,10,0,19,0,0,0,19
08/21/2017,IFP,AZ,AWP,WE,Federal Contract Tower,7,1,0,0,8,0,0,5,0,5,7,1,5,0,13,2,0,2,15
08/22/2017,IFP,AZ,AWP,WE,Federal Contract Tower,5,0,2,0,7,0,7,15,2,24,5,7,17,2,31,0,0,0,31
08/23/2017,IFP,AZ,AWP,WE,Federal Contract Tower,4,0,2,0,6,0,0,6,0,6,4,0,8,0,12,0,0,0,12
08/24/2017,IFP,AZ,AWP,WE,Federal Contract Tower,9,2,0,0,11,0,0,4,0,4,9,2,4,0,15,0,0,0,15
08/25/2017,IFP,AZ,AWP,WE,Federal Contract Tower,7,0,0,0,7,0,6,10,4,20,7,6,10,4,27,0,0,0,27
08/26/2017,IFP,AZ,AWP,WE,Federal Contract Tower,5,0,0,0,5,0,6,7,0,13,5,6,7,0,18,0,0,0,18
08/27/2017,IFP,AZ,AWP,WE,Federal Contract Tower,10,0,1,0,11,0,4,10,0,14,10,4,11,0,25,6,0,6,31
08/28/2017,IFP,AZ,AWP,WE,Federal Contract Tower,6,2,1,0,9,0,5,9,0,14,6,7,10,0,23,0,0,0,23
08/29/2017,IFP,AZ,AWP,WE,Federal Contract Tower,6,0,0,0,6,0,1,9,7,17,6,1,9,7,23,0,8,8,31
08/30/2017,IFP,AZ,AWP,WE,Federal Contract Tower,3,1,1,0,5,0,6,7,0,13,3,7,8,0,18,0,0,0,18
08/31/2017,IFP,AZ,AWP,WE,Federal Contract Tower,8,3,3,0,14,0,1,9,0,10,8,4,12,0,24,0,0,0,24
09/01/2017,IFP,AZ,AWP,WE,Federal Contract Tower,7,4,2,0,13,0,9,17,0,26,7,13,19,0,39,0,0,0,39
09/02/2017,IFP,AZ,AWP,WE,Federal Contract Tower,6,0,0,0,6,0,6,8,0,14,6,6,8,0,20,0,0,0,20
09/03/2017,IFP,AZ,AWP,WE,Federal Contract Tower,8,0,2,0,10,0,0,8,0,8,8,0,10,0,18,0,0,0,18
09/04/2017,IFP,AZ,AWP,WE,Federal Contract Tower,8,0,2,0,10,0,12,10,0,22,8,12,12,0,32,12,0,12,44
09/05/2017,IFP,AZ,AWP,WE,Federal Contract Tower,7,0,1,0,8,0,16,18,0,34,7,16,19,0,42,0,0,0,42
09/06/2017,IFP,AZ,AWP,WE,Federal Contract Tower,4,0,0,0,4,0,3,9,0,12,4,3,9,0,16,0,0,0,16
09/07/2017,IFP,AZ,AWP,WE,Federal Contract Tower,7,0,1,0,8,0,7,11,4,22,7,7,12,4,30,0,0,0,30
09/08/2017,IFP,AZ,AWP,WE,Federal Contract Tower,7,0,0,0,7,0,2,13,0,15,7,2,13,0,22,0,0,0,22
09/09/2017,IFP,AZ,AWP,WE,Federal Contract Tower,4,0,0,0,4,0,8,12,0,20,4,8,12,0,24,0,0,0,24
09/10/2017,IFP,AZ,AWP,WE,Federal Contract Tower,9,0,1,0,10,0,0,6,0,6,9,0,7,0,16,0,0,0,16
09/11/2017,IFP,AZ,AWP,WE,Federal Contract Tower,7,0,0,0,7,0,8,8,0,16,7,8,8,0,23,0,0,0,23
09/12/2017,IFP,AZ,AWP,WE,Federal Contract Tower,6,0,0,0,6,0,8,6,0,14,6,8,6,0,20,0,0,0,20
09/13/2017,IFP,AZ,AWP,WE,Federal Contract Tower,3,2,0,0,5,0,2,10,0,12,3,4,10,0,17,0,0,0,17
09/14/2017,IFP,AZ,AWP,WE,Federal Contract Tower,9,0,1,0,10,0,12,10,0,22,9,12,11,0,32,2,0,2,34
09/15/2017,IFP,AZ,AWP,WE,Federal Contract Tower,8,0,0,0,8,0,0,7,2,9,8,0,7,2,17,0,0,0,17
09/16/2017,IFP,AZ,AWP,WE,Federal Contract Tower,6,0,2,0,8,0,6,14,0,20,6,6,16,0,28,4,0,4,32
09/17/2017,IFP,AZ,AWP,WE,Federal Contract Tower,9,0,3,0,12,0,2,24,0,26,9,2,27,0,38,0,0,0,38
09/18/2017,IFP,AZ,AWP,WE,Federal Contract Tower,6,0,0,0,6,0,0,8,0,8,6,0,8,0,14,0,0,0,14
09/19/2017,IFP,AZ,AWP,WE,Federal Contract Tower,5,0,0,0,5,0,0,0,0,0,5,0,0,0,5,0,0,0,5
09/20/2017,IFP,AZ,AWP,WE,Federal Contract Tower,3,0,0,0,3,0,8,12,2,22,3,8,12,2,25,4,0,4,29
09/21/2017,IFP,AZ,AWP,WE,Federal Contract Tower,8,0,3,0,11,0,1,10,0,11,8,1,13,0,22,0,0,0,22
09/22/2017,IFP,AZ,AWP,WE,Federal Contract Tower,5,0,1,0,6,0,8,8,0,16,5,8,9,0,22,0,0,0,22
09/23/2017,IFP,AZ,AWP,WE,Federal Contract Tower,4,0,0,0,4,0,7,12,0,19,4,7,12,0,23,4,0,4,27
09/24/2017,IFP,AZ,AWP,WE,Federal Contract Tower,9,0,0,0,9,0,10,13,0,23,9,10,13,0,32,6,0,6,38
09/25/2017,IFP,AZ,AWP,WE,Federal Contract Tower,8,0,3,0,11,0,0,10,0,10,8,0,13,0,21,0,0,0,21
09/26/2017,IFP,AZ,AWP,WE,Federal Contract Tower,7,0,1,0,8,0,0,6,0,6,7,0,7,0,14,0,0,0,14
09/27/2017,IFP,AZ,AWP,WE,Federal Contract Tower,4,0,2,0,6,0,0,11,0,11,4,0,13,0,17,0,0,0,17
09/28/2017,IFP,AZ,AWP,WE,Federal Contract Tower,7,0,0,0,7,0,4,11,0,15,7,4,11,0,22,0,0,0,22
09/29/2017,IFP,AZ,AWP,WE,Federal Contract Tower,7,2,2,0,11,0,11,20,0,31,7,13,22,0,42,2,0,2,44
09/30/2017,IFP,AZ,AWP,WE,Federal Contract Tower,6,0,0,0,6,0,6,24,0,30,6,6,24,0,36,8,0,8,44
10/01/2017,IFP,AZ,AWP,WE,Federal Contract Tower,8,0,0,0,8,0,1,14,0,15,8,1,14,0,23,0,0,0,23
10/02/2017,IFP,AZ,AWP,WE,Federal Contract Tower,9,0,0,0,9,0,6,14,0,20,9,6,14,0,29,2,0,2,31
10/03/2017,IFP,AZ,AWP,WE,Federal Contract Tower,5,2,4,0,11,1,8,7,0,16,6,10,11,0,27,0,0,0,27
10/04/2017,IFP,AZ,AWP,WE,Federal Contract Tower,3,0,1,0,4,0,0,6,0,6,3,0,7,0,10,0,0,0,10
10/05/2017,IFP,AZ,AWP,WE,Federal Contract Tower,8,0,0,1,9,0,2,16,1,19,8,2,16,2,28,0,0,0,28
10/06/2017,IFP,AZ,AWP,WE,Federal Contract Tower,8,0,1,0,9,0,7,16,2,25,8,7,17,2,34,6,0,6,40
10/07/2017,IFP,AZ,AWP,WE,Federal Contract Tower,7,0,0,0,7,0,15,9,0,24,7,15,9,0,31,8,0,8,39
10/08/2017,IFP,AZ,AWP,WE,Federal Contract Tower,8,0,2,0,10,0,2,21,0,23,8,2,23,0,33,8,0,8,41
10/09/2017,IFP,AZ,AWP,WE,Federal Contract Tower,8,0,0,0,8,0,4,8,0,12,8,4,8,0,20,0,0,0,20
10/10/2017,IFP,AZ,AWP,WE,Federal Contract Tower,7,1,3,2,13,0,0,19,0,19,7,1,22,2,32,2,0,2,34
10/11/2017,IFP,AZ,AWP,WE,Federal Contract Tower,3,3,2,0,8,0,15,16,0,31,3,18,18,0,39,0,0,0,39
10/12/2017,IFP,AZ,AWP,WE,Federal Contract Tower,10,0,0,0,10,0,3,18,2,23,10,3,18,2,33,0,0,0,33
10/13/2017,IFP,AZ,AWP,WE,Federal Contract Tower,6,0,0,0,6,0,3,15,2,20,6,3,15,2,26,0,0,0,26
10/14/2017,IFP,AZ,AWP,WE,Federal Contract Tower,7,0,2,3,12,0,4,13,3,20,7,4,15,6,32,6,0,6,38
10/15/2017,IFP,AZ,AWP,WE,Federal Contract Tower,8,0,5,0,13,0,0,11,0,11,8,0,16,0,24,4,0,4,28
10/16/2017,IFP,AZ,AWP,WE,Federal Contract Tower,8,0,0,2,10,0,11,15,0,26,8,11,15,2,36,0,0,0,36
10/17/2017,IFP,AZ,AWP,WE,Federal Contract Tower,6,0,1,1,8,1,6,14,1,22,7,6,15,2,30,10,0,10,40
10/18/2017,IFP,AZ,AWP,WE,Federal Contract Tower,5,0,0,0,5,0,5,12,0,17,5,5,12,0,22,0,0,0,22
10/19/2017,IFP,AZ,AWP,WE,Federal Contract Tower,8,0,1,0,9,0,11,16,0,27,8,11,17,0,36,4,0,4,40
10/20/2017,IFP,AZ,AWP,WE,Federal Contract Tower,9,0,0,0,9,0,4,27,0,31,9,4,27,0,40,0,0,0,40
10/21/2017,IFP,AZ,AWP,WE,Federal Contract Tower,7,0,2,0,9,0,8,10,0,18,7,8,12,0,27,0,0,0,27
10/22/2017,IFP,AZ,AWP,WE,Federal Contract Tower,9,0,1,0,10,0,0,15,0,15,9,0,16,0,25,0,0,0,25
10/23/2017,IFP,AZ,AWP,WE,Federal Contract Tower,8,0,0,0,8,0,2,0,0,2,8,2,0,0,10,0,0,0,10
10/24/2017,IFP,AZ,AWP,WE,Federal Contract Tower,6,0,0,0,6,0,6,5,0,11,6,6,5,0,17,0,0,0,17
10/25/2017,IFP,AZ,AWP,WE,Federal Contract Tower,4,0,0,0,4,0,24,10,0,34,4,24,10,0,38,0,0,0,38
10/26/2017,IFP,AZ,AWP,WE,Federal Contract Tower,7,0,1,0,8,0,7,28,0,35,7,7,29,0,43,0,0,0,43
10/27/2017,IFP,AZ,AWP,WE,Federal Contract Tower,9,0,3,1,13,0,3,15,3,21,9,3,18,4,34,6,0,6,40
10/28/2017,IFP,AZ,AWP,WE,Federal Contract Tower,6,0,1,0,7,0,4,13,0,17,6,4,14,0,24,0,0,0,24
10/29/2017,IFP,AZ,AWP,WE,Federal Contract Tower,6,2,2,0,10,1,0,31,0,32,7,2,33,0,42,2,0,2,44
10/30/2017,IFP,AZ,AWP,WE,Federal Contract Tower,10,0,0,0,10,0,5,15,0,20,10,5,15,0,30,4,0,4,34
10/31/2017,IFP,AZ,AWP,WE,Federal Contract Tower,5,0,2,0,7,0,5,9,0,14,5,5,11,0,21,0,0,0,21
11/01/2017,IFP,AZ,AWP,WE,Federal Contract Tower,3,0,1,1,5,0,2,21,1,24,3,2,22,2,29,0,0,0,29
11/02/2017,IFP,AZ,AWP,WE,Federal Contract Tower,8,2,1,0,11,0,4,14,0,18,8,6,15,0,29,0,0,0,29
11/03/2017,IFP,AZ,AWP,WE,Federal Contract Tower,9,0,1,0,10,0,8,6,0,14,9,8,7,0,24,0,0,0,24
11/04/2017,IFP,AZ,AWP,WE,Federal Contract Tower,5,0,0,1,6,0,4,11,1,16,5,4,11,2,22,0,0,0,22
11/05/2017,IFP,AZ,AWP,WE,Federal Contract Tower,7,0,0,0,7,0,7,14,0,21,7,7,14,0,28,0,0,0,28
11/06/2017,IFP,AZ,AWP,WE,Federal Contract Tower,7,0,5,0,12,0,4,10,0,14,7,4,15,0,26,0,0,0,26
11/07/2017,IFP,AZ,AWP,WE,Federal Contract Tower,5,0,3,0,8,0,8,4,0,12,5,8,7,0,20,0,0,0,20
11/08/2017,IFP,AZ,AWP,WE,Federal Contract Tower,4,0,1,0,5,0,1,13,0,14,4,1,14,0,19,0,0,0,19
11/09/2017,IFP,AZ,AWP,WE,Federal Contract Tower,7,0,2,0,9,0,10,24,0,34,7,10,26,0,43,0,0,0,43
11/10/2017,IFP,AZ,AWP,WE,Federal Contract Tower,6,0,0,0,6,0,11,18,2,31,6,11,18,2,37,0,0,0,37
11/11/2017,IFP,AZ,AWP,WE,Federal Contract Tower,6,1,0,0,7,0,6,27,1,34,6,7,27,1,41,0,0,0,41
11/12/2017,IFP,AZ,AWP,WE,Federal Contract Tower,8,0,0,0,8,0,4,22,0,26,8,4,22,0,34,0,0,0,34
11/13/2017,IFP,AZ,AWP,WE,Federal Contract Tower,9,0,2,0,11,0,4,15,0,19,9,4,17,0,30,10,0,10,40
11/14/2017,IFP,AZ,AWP,WE,Federal Contract Tower,5,0,1,0,6,0,0,23,0,23,5,0,24,0,29,0,0,0,29
11/15/2017,IFP,AZ,AWP,WE,Federal Contract Tower,5,0,1,0,6,0,0,22,2,24,5,0,23,2,30,0,0,0,30
11/16/2017,IFP,AZ,AWP,WE,Federal Contract Tower,8,0,1,0,9,0,7,18,0,25,8,7,19,0,34,0,0,0,34
11/17/2017,IFP,AZ,AWP,WE,Federal Contract Tower,7,0,0,0,7,0,4,8,0,12,7,4,8,0,19,0,0,0,19
11/18/2017,IFP,AZ,AWP,WE,Federal Contract Tower,6,1,1,0,8,0,2,10,0,12,6,3,11,0,20,0,0,0,20
11/19/2017,IFP,AZ,AWP,WE,Federal Contract Tower,8,0,0,0,8,0,4,17,0,21,8,4,17,0,29,0,0,0,29
11/20/2017,IFP,AZ,AWP,WE,Federal Contract Tower,8,0,2,0,10,0,6,18,6,30,8,6,20,6,40,0,0,0,40
11/21/2017,IFP,AZ,AWP,WE,Federal Contract Tower,3,0,2,0,5,0,4,9,4,17,3,4,11,4,22,8,0,8,30
11/22/2017,IFP,AZ,AWP,WE,Federal Contract Tower,6,0,0,0,6,0,2,9,0,11,6,2,9,0,17,0,0,0,17
11/23/2017,IFP,AZ,AWP,WE,Federal Contract Tower,9,0,0,0,9,0,0,6,0,6,9,0,6,0,15,0,0,0,15
11/24/2017,IFP,AZ,AWP,WE,Federal Contract Tower,8,3,0,0,11,0,3,21,0,24,8,6,21,0,35,20,0,20,55
11/25/2017,IFP,AZ,AWP,WE,Federal Contract Tower,5,0,1,0,6,0,11,20,0,31,5,11,21,0,37,0,0,0,37
11/26/2017,IFP,AZ,AWP,WE,Federal Contract Tower,8,0,4,0,12,0,5,16,0,21,8,5,20,0,33,0,0,0,33
11/27/2017,IFP,AZ,AWP,WE,Federal Contract Tower,9,0,2,0,11,0,10,12,0,22,9,10,14,0,33,0,0,0,33
11/28/2017,IFP,AZ,AWP,WE,Federal Contract Tower,5,0,1,0,6,0,0,4,0,4,5,0,5,0,10,0,0,0,10
11/29/2017,IFP,AZ,AWP,WE,Federal Contract Tower,3,0,3,0,6,0,2,20,0,22,3,2,23,0,28,2,0,2,30
11/30/2017,IFP,AZ,AWP,WE,Federal Contract Tower,6,0,0,1,7,0,7,8,1,16,6,7,8,2,23,16,8,24,47
12/01/2017,IFP,AZ,AWP,WE,Federal Contract Tower,7,0,0,0,7,0,7,19,0,26,7,7,19,0,33,4,0,4,37
12/02/2017,IFP,AZ,AWP,WE,Federal Contract Tower,5,0,2,0,7,0,4,17,0,21,5,4,19,0,28,2,0,2,30
12/03/2017,IFP,AZ,AWP,WE,Federal Contract Tower,7,0,2,0,9,0,0,7,2,9,7,0,9,2,18,0,0,0,18
12/04/2017,IFP,AZ,AWP,WE,Federal Contract Tower,7,0,0,0,7,0,4,10,0,14,7,4,10,0,21,0,0,0,21
12/05/2017,IFP,AZ,AWP,WE,Federal Contract Tower,6,0,0,0,6,0,0,14,0,14,6,0,14,0,20,4,0,4,24
12/06/2017,IFP,AZ,AWP,WE,Federal Contract Tower,3,0,0,0,3,0,9,6,3,18,3,9,6,3,21,0,0,0,21
12/07/2017,IFP,AZ,AWP,WE,Federal Contract Tower,6,2,4,0,12,0,0,8,0,8,6,2,12,0,20,0,0,0,20
12/08/2017,IFP,AZ,AWP,WE,Federal Contract Tower,7,0,0,0,7,0,4,19,0,23,7,4,19,0,30,0,0,0,30
12/09/2017,IFP,AZ,AWP,WE,Federal Contract Tower,6,0,1,0,7,1,0,32,0,33,7,0,33,0,40,0,0,0,40
12/10/2017,IFP,AZ,AWP,WE,Federal Contract Tower,7,0,4,0,11,1,4,35,0,40,8,4,39,0,51,0,0,0,51
12/11/2017,IFP,AZ,AWP,WE,Federal Contract Tower,6,0,1,0,7,0,4,8,0,12,6,4,9,0,19,0,0,0,19
12/12/2017,IFP,AZ,AWP,WE,Federal Contract Tower,4,0,0,0,4,0,4,23,0,27,4,4,23,0,31,8,0,8,39
12/13/2017,IFP,AZ,AWP,WE,Federal Contract Tower,6,0,0,0,6,0,6,7,2,15,6,6,7,2,21,0,0,0,21
12/14/2017,IFP,AZ,AWP,WE,Federal Contract Tower,7,0,4,0,11,1,2,13,0,16,8,2,17,0,27,0,0,0,27
12/15/2017,IFP,AZ,AWP,WE,Federal Contract Tower,3,0,1,0,4,0,0,10,0,10,3,0,11,0,14,0,0,0,14
12/16/2017,IFP,AZ,AWP,WE,Federal Contract Tower,2,0,0,0,2,0,7,9,0,16,2,7,9,0,18,2,0,2,20
12/17/2017,IFP,AZ,AWP,WE,Federal Contract Tower,3,0,0,1,4,0,3,8,3,14,3,3,8,4,18,0,0,0,18
12/18/2017,IFP,AZ,AWP,WE,Federal Contract Tower,2,0,0,0,2,0,0,6,0,6,2,0,6,0,8,0,0,0,8
12/19/2017,IFP,AZ,AWP,WE,Federal Contract Tower,2,0,2,0,4,0,6,17,2,25,2,6,19,2,29,8,0,8,37
12/20/2017,IFP,AZ,AWP,WE,Federal Contract Tower,20,0,0,0,20,0,1,8,0,9,20,1,8,0,29,0,0,0,29
12/21/2017,IFP,AZ,AWP,WE,Federal Contract Tower,2,0,0,0,2,0,8,13,0,21,2,8,13,0,23,0,0,0,23
12/22/2017,IFP,AZ,AWP,WE,Federal Contract Tower,2,0,1,0,3,0,3,15,0,18,2,3,16,0,21,0,0,0,21
12/23/2017,IFP,AZ,AWP,WE,Federal Contract Tower,2,0,1,0,3,0,6,28,0,34,2,6,29,0,37,2,0,2,39
12/24/2017,IFP,AZ,AWP,WE,Federal Contract Tower,2,0,0,0,2,0,3,7,0,10,2,3,7,0,12,0,0,0,12
12/25/2017,IFP,AZ,AWP,WE,Federal Contract Tower,1,0,0,0,1,0,5,4,0,9,1,5,4,0,10,0,0,0,10
12/26/2017,IFP,AZ,AWP,WE,Federal Contract Tower,4,0,2,0,6,0,3,7,0,10,4,3,9,0,16,4,0,4,20
12/27/2017,IFP,AZ,AWP,WE,Federal Contract Tower,2,0,0,0,2,0,6,20,0,26,2,6,20,0,28,0,0,0,28
12/28/2017,IFP,AZ,AWP,WE,Federal Contract Tower,5,2,0,0,7,0,10,6,0,16,5,12,6,0,23,0,0,0,23
12/29/2017,IFP,AZ,AWP,WE,Federal Contract Tower,2,0,0,0,2,0,3,14,0,17,2,3,14,0,19,0,0,0,19
12/30/2017,IFP,AZ,AWP,WE,Federal Contract Tower,5,0,2,0,7,0,8,21,0,29,5,8,23,0,36,0,0,0,36
12/31/2017,IFP,AZ,AWP,WE,Federal Contract Tower,6,0,0,0,6,0,9,19,0,28,6,9,19,0,34,0,0,0,34
01/01/2018,IFP,AZ,AWP,WE,Federal Contract Tower,9,1,1,0,11,0,6,26,0,32,9,7,27,0,43,0,0,0,43
01/02/2018,IFP,AZ,AWP,WE,Federal Contract Tower,6,0,0,0,6,0,0,16,0,16,6,0,16,0,22,0,0,0,22
01/03/2018,IFP,AZ,AWP,WE,Federal Contract Tower,3,1,0,0,4,0,1,11,0,12,3,2,11,0,16,0,0,0,16
01/04/2018,IFP,AZ,AWP,WE,Federal Contract Tower,6,0,2,2,10,0,0,11,0,11,6,0,13,2,21,4,0,4,25
01/05/2018,IFP,AZ,AWP,WE,Federal Contract Tower,5,0,0,0,5,0,11,12,2,25,5,11,12,2,30,0,0,0,30
01/06/2018,IFP,AZ,AWP,WE,Federal Contract Tower,3,0,2,0,5,0,1,12,0,13,3,1,14,0,18,2,0,2,20
01/07/2018,IFP,AZ,AWP,WE,Federal Contract Tower,6,0,2,0,8,0,3,11,0,14,6,3,13,0,22,0,0,0,22
01/08/2018,IFP,AZ,AWP,WE,Federal Contract Tower,5,2,0,0,7,0,0,9,0,9,5,2,9,0,16,0,0,0,16
01/09/2018,IFP,AZ,AWP,WE,Federal Contract Tower,3,3,3,0,9,0,0,6,0,6,3,3,9,0,15,0,0,0,15
01/10/2018,IFP,AZ,AWP,WE,Federal Contract Tower,5,0,4,0,9,0,2,19,0,21,5,2,23,0,30,0,0,0,30
01/11/2018,IFP,AZ,AWP,WE,Federal Contract Tower,5,0,0,1,6,0,9,14,0,23,5,9,14,1,29,0,0,0,29
01/12/2018,IFP,AZ,AWP,WE,Federal Contract Tower,6,2,4,0,12,0,0,19,0,19,6,2,23,0,31,2,0,2,33
01/13/2018,IFP,AZ,AWP,WE,Federal Contract Tower,5,0,2,0,7,0,9,17,0,26,5,9,19,0,33,8,0,8,41
01/14/2018,IFP,AZ,AWP,WE,Federal Contract Tower,7,0,0,0,7,0,6,11,0,17,7,6,11,0,24,0,0,0,24
01/15/2018,IFP,AZ,AWP,WE,Federal Contract Tower,8,0,0,0,8,0,3,16,0,19,8,3,16,0,27,0,0,0,27
01/16/2018,IFP,AZ,AWP,WE,Federal Contract Tower,5,0,5,0,10,0,3,25,0,28,5,3,30,0,38,8,0,8,46
01/17/2018,IFP,AZ,AWP,WE,Federal Contract Tower,7,0,4,0,11,0,4,21,0,25,7,4,25,0,36,14,0,14,50
01/18/2018,IFP,AZ,AWP,WE,Federal Contract Tower,6,0,3,0,9,0,4,24,0,28,6,4,27,0,37,2,0,2,39
01/19/2018,IFP,AZ,AWP,WE,Federal Contract Tower,7,0,3,0,10,0,3,38,0,41,7,3,41,0,51,8,0,8,59
01/20/2018,IFP,AZ,AWP,WE,Federal Contract Tower,5,0,1,0,6,0,0,11,2,13,5,0,12,2,19,0,8,8,27
01/21/2018,IFP,AZ,AWP,WE,Federal Contract Tower,6,1,1,0,8,0,5,18,2,25,6,6,19,2,33,6,0,6,39
01/22/2018,IFP,AZ,AWP,WE,Federal Contract Tower,7,0,1,2,10,0,3,8,0,11,7,3,9,2,21,0,0,0,21
01/23/2018,IFP,AZ,AWP,WE,Federal Contract Tower,6,0,1,0,7,0,5,9,1,15,6,5,10,1,22,0,0,0,22
01/24/2018,IFP,AZ,AWP,WE,Federal Contract Tower,4,0,3,0,7,0,8,23,4,35,4,8,26,4,42,0,0,0,42
01/25/2018,IFP,AZ,AWP,WE,Federal Contract Tower,6,0,0,0,6,0,5,8,2,15,6,5,8,2,21,0,2,2,23
01/26/2018,IFP,AZ,AWP,WE,Federal Contract Tower,7,0,1,1,9,0,5,14,0,19,7,5,15,1,28,2,0,2,30
01/27/2018,IFP,AZ,AWP,WE,Federal Contract Tower,7,2,0,0,9,0,7,10,0,17,7,9,10,0,26,0,0,0,26
01/28/2018,IFP,AZ,AWP,WE,Federal Contract Tower,7,0,0,0,7,0,0,3,0,3,7,0,3,0,10,8,0,8,18
01/29/2018,IFP,AZ,AWP,WE,Federal Contract Tower,8,3,0,0,11,0,4,8,0,12,8,7,8,0,23,0,0,0,23
01/30/2018,IFP,AZ,AWP,WE,Federal Contract Tower,6,2,2,1,11,1,0,22,0,23,7,2,24,1,34,16,0,16,50
01/31/2018,IFP,AZ,AWP,WE,Federal Contract Tower,5,0,2,0,7,0,8,26,0,34,5,8,28,0,41,10,0,10,51
02/01/2018,IFP,AZ,AWP,WE,Federal Contract Tower,7,0,2,0,9,0,6,27,1,34,7,6,29,1,43,2,0,2,45
02/02/2018,IFP,AZ,AWP,WE,Federal Contract Tower,7,0,1,0,8,0,11,22,0,33,7,11,23,0,41,0,0,0,41
02/03/2018,IFP,AZ,AWP,WE,Federal Contract Tower,5,0,3,0,8,0,2,24,0,26,5,2,27,0,34,22,0,22,56
02/04/2018,IFP,AZ,AWP,WE,Federal Contract Tower,6,1,1,0,8,0,2,14,0,16,6,3,15,0,24,4,0,4,28
02/05/2018,IFP,AZ,AWP,WE,Federal Contract Tower,6,0,0,0,6,0,5,18,0,23,6,5,18,0,29,6,0,6,35
02/06/2018,IFP,AZ,AWP,WE,Federal Contract Tower,4,0,0,0,4,0,7,26,0,33,4,7,26,0,37,14,0,14,51
02/07/2018,IFP,AZ,AWP,WE,Federal Contract Tower,7,0,0,0,7,0,0,20,0,20,7,0,20,0,27,0,0,0,27
02/08/2018,IFP,AZ,AWP,WE,Federal Contract Tower,7,0,0,0,7,0,8,14,0,22,7,8,14,0,29,0,0,0,29
02/09/2018,IFP,AZ,AWP,WE,Federal Contract Tower,8,0,2,0,10,0,6,17,1,24,8,6,19,1,34,8,0,8,42
02/10/2018,IFP,AZ,AWP,WE,Federal Contract Tower,8,1,0,0,9,0,0,22,2,24,8,1,22,2,33,2,0,2,35
02/11/2018,IFP,AZ,AWP,WE,Federal Contract Tower,7,0,2,0,9,0,3,5,1,9,7,3,7,1,18,0,0,0,18
02/12/2018,IFP,AZ,AWP,WE,Federal Contract Tower,9,0,2,0,11,0,1,7,0,8,9,1,9,0,19,4,0,4,23
02/13/2018,IFP,AZ,AWP,WE,Federal Contract Tower,5,0,5,1,11,0,2,8,2,12,5,2,13,3,23,0,0,0,23
02/14/2018,IFP,AZ,AWP,WE,Federal Contract Tower,4,0,0,0,4,0,6,9,0,15,4,6,9,0,19,0,0,0,19
02/15/2018,IFP,AZ,AWP,WE,Federal Contract Tower,5,0,3,0,8,0,6,11,0,17,5,6,14,0,25,0,0,0,25
02/16/2018,IFP,AZ,AWP,WE,Federal Contract Tower,4,0,0,0,4,0,2,14,0,16,4,2,14,0,20,4,0,4,24
02/17/2018,IFP,AZ,AWP,WE,Federal Contract Tower,3,0,2,0,5,0,8,47,0,55,3,8,49,0,60,8,0,8,68
02/18/2018,IFP,AZ,AWP,WE,Federal Contract Tower,8,2,2,0,12,0,6,13,0,19,8,8,15,0,31,0,0,0,31
02/19/2018,IFP,AZ,AWP,WE,Federal Contract Tower,6,0,0,0,6,0,2,6,0,8,6,2,6,0,14,0,0,0,14
02/20/2018,IFP,AZ,AWP,WE,Federal Contract Tower,4,0,1,0,5,0,1,26,0,27,4,1,27,0,32,0,0,0,32
02/21/2018,IFP,AZ,AWP,WE,Federal Contract Tower,3,0,2,0,5,0,16,13,0,29,3,16,15,0,34,10,0,10,44
02/22/2018,IFP,AZ,AWP,WE,Federal Contract Tower,5,0,0,0,5,0,1,24,0,25,5,1,24,0,30,6,0,6,36
02/23/2018,IFP,AZ,AWP,WE,Federal Contract Tower,7,0,0,0,7,0,0,26,1,27,7,0,26,1,34,4,0,4,38
02/24/2018,IFP,AZ,AWP,WE,Federal Contract Tower,3,0,2,0,5,0,7,35,0,42,3,7,37,0,47,6,0,6,53
02/25/2018,IFP,AZ,AWP,WE,Federal Contract Tower,6,0,1,0,7,0,2,10,0,12,6,2,11,0,19,0,0,0,19
02/26/2018,IFP,AZ,AWP,WE,Federal Contract Tower,5,0,0,2,7,0,5,7,0,12,5,5,7,2,19,2,0,2,21
02/27/2018,IFP,AZ,AWP,WE,Federal Contract Tower,5,0,1,0,6,0,7,7,4,18,5,7,8,4,24,0,0,0,24
02/28/2018,IFP,AZ,AWP,WE,Federal Contract Tower,3,0,3,0,6,0,7,28,6,41,3,7,31,6,47,0,26,26,73
03/01/2018,IFP,AZ,AWP,WE,Federal Contract Tower,5,0,0,1,6,1,5,23,0,29,6,5,23,1,35,0,0,0,35
03/02/2018,IFP,AZ,AWP,WE,Federal Contract Tower,6,0,0,0,6,0,7,18,0,25,6,7,18,0,31,0,0,0,31
03/03/2018,IFP,AZ,AWP,WE,Federal Contract Tower,4,0,0,0,4,0,7,18,0,25,4,7,18,0,29,2,0,2,31
03/04/2018,IFP,AZ,AWP,WE,Federal Contract Tower,4,0,2,0,6,0,2,28,0,30,4,2,30,0,36,0,0,0,36
03/05/2018,IFP,AZ,AWP,WE,Federal Contract Tower,6,0,1,2,9,0,0,20,0,20,6,0,21,2,29,0,0,0,29
03/06/2018,IFP,AZ,AWP,WE,Federal Contract Tower,6,0,2,1,9,0,1,25,3,29,6,1,27,4,38,0,0,0,38
03/07/2018,IFP,AZ,AWP,WE,Federal Contract Tower,2,2,2,0,6,0,0,8,1,9,2,2,10,1,15,0,0,0,15
03/08/2018,IFP,AZ,AWP,WE,Federal Contract Tower,6,0,4,0,10,0,0,20,0,20,6,0,24,0,30,6,0,6,36
03/09/2018,IFP,AZ,AWP,WE,Federal Contract Tower,6,0,1,0,7,0,3,9,0,12,6,3,10,0,19,0,0,0,19
03/10/2018,IFP,AZ,AWP,WE,Federal Contract Tower,4,1,2,0,7,0,7,7,0,14,4,8,9,0,21,0,0,0,21
03/11/2018,IFP,AZ,AWP,WE,Federal Contract Tower,7,0,4,0,11,0,6,9,0,15,7,6,13,0,26,0,0,0,26
03/12/2018,IFP,AZ,AWP,WE,Federal Contract Tower,6,0,0,0,6,0,3,30,0,33,6,3,30,0,39,0,0,0,39
03/13/2018,IFP,AZ,AWP,WE,Federal Contract Tower,4,1,2,0,7,0,2,36,0,38,4,3,38,0,45,42,0,42,87
03/14/2018,IFP,AZ,AWP,WE,Federal Contract Tower,3,0,2,1,6,0,5,21,1,27,3,5,23,2,33,18,0,18,51
03/15/2018,IFP,AZ,AWP,WE,Federal Contract Tower,5,1,1,0,7,0,7,23,0,30,5,8,24,0,37,16,0,16,53
03/16/2018,IFP,AZ,AWP,WE,Federal Contract Tower,6,0,5,0,11,0,6,18,0,24,6,6,23,0,35,0,0,0,35
03/17/2018,IFP,AZ,AWP,WE,Federal Contract Tower,2,0,4,0,6,0,6,11,0,17,2,6,15,0,23,0,0,0,23
03/18/2018,IFP,AZ,AWP,WE,Federal Contract Tower,6,0,2,0,8,0,6,19,0,25,6,6,21,0,33,8,0,8,41
03/19/2018,IFP,AZ,AWP,WE,Federal Contract Tower,7,0,3,0,10,0,0,11,4,15,7,0,14,4,25,0,10,10,35
03/20/2018,IFP,AZ,AWP,WE,Federal Contract Tower,4,0,1,0,5,0,4,21,2,27,4,4,22,2,32,0,0,0,32
03/21/2018,IFP,AZ,AWP,WE,Federal Contract Tower,4,0,0,0,4,0,5,10,0,15,4,5,10,0,19,8,0,8,27
03/22/2018,IFP,AZ,AWP,WE,Federal Contract Tower,6,0,1,0,7,0,3,2,0,5,6,3,3,0,12,0,0,0,12
03/23/2018,IFP,AZ,AWP,WE,Federal Contract Tower,5,0,3,0,8,0,0,25,0,25,5,0,28,0,33,0,0,0,33
03/24/2018,IFP,AZ,AWP,WE,Federal Contract Tower,3,1,4,0,8,0,1,21,0,22,3,2,25,0,30,0,0,0,30
03/25/2018,IFP,AZ,AWP,WE,Federal Contract Tower,6,0,2,0,8,0,1,10,0,11,6,1,12,0,19,0,0,0,19
03/26/2018,IFP,AZ,AWP,WE,Federal Contract Tower,4,0,3,0,7,0,0,11,0,11,4,0,14,0,18,0,0,0,18
03/27/2018,IFP,AZ,AWP,WE,Federal Contract Tower,5,0,2,1,8,0,12,14,1,27,5,12,16,2,35,2,0,2,37
03/28/2018,IFP,AZ,AWP,WE,Federal Contract Tower,2,0,0,0,2,0,12,23,0,35,2,12,23,0,37,0,0,0,37
03/29/2018,IFP,AZ,AWP,WE,Federal Contract Tower,5,0,2,1,8,0,4,31,1,36,5,4,33,2,44,0,0,0,44
03/30/2018,IFP,AZ,AWP,WE,Federal Contract Tower,6,0,3,0,9,0,2,30,0,32,6,2,33,0,41,0,0,0,41
03/31/2018,IFP,AZ,AWP,WE,Federal Contract Tower,4,0,1,0,5,0,0,35,0,35,4,0,36,0,40,0,0,0,40
04/01/2018,IFP,AZ,AWP,WE,Federal Contract Tower,7,0,1,0,8,0,1,16,0,17,7,1,17,0,25,6,0,6,31
04/02/2018,IFP,AZ,AWP,WE,Federal Contract Tower,5,0,1,0,6,0,7,18,0,25,5,7,19,0,31,0,0,0,31
04/03/2018,IFP,AZ,AWP,WE,Federal Contract Tower,3,0,0,1,4,0,0,20,1,21,3,0,20,2,25,0,0,0,25
04/04/2018,IFP,AZ,AWP,WE,Federal Contract Tower,2,0,1,0,3,0,6,9,2,17,2,6,10,2,20,8,0,8,28
04/05/2018,IFP,AZ,AWP,WE,Federal Contract Tower,6,0,0,0,6,0,6,21,0,27,6,6,21,0,33,0,0,0,33
04/06/2018,IFP,AZ,AWP,WE,Federal Contract Tower,5,0,2,0,7,0,0,29,2,31,5,0,31,2,38,0,0,0,38
04/07/2018,IFP,AZ,AWP,WE,Federal Contract Tower,4,0,1,1,6,0,9,55,2,66,4,9,56,3,72,0,0,0,72
04/08/2018,IFP,AZ,AWP,WE,Federal Contract Tower,5,0,5,1,11,0,8,30,0,38,5,8,35,1,49,6,0,6,55
04/09/2018,IFP,AZ,AWP,WE,Federal Contract Tower,5,1,2,0,8,0,1,17,0,18,5,2,19,0,26,14,0,14,40
04/10/2018,IFP,AZ,AWP,WE,Federal Contract Tower,3,0,0,0,3,0,2,7,3,12,3,2,7,3,15,2,0,2,17
04/11/2018,IFP,AZ,AWP,WE,Federal Contract Tower,5,0,0,1,6,0,4,29,3,36,5,4,29,4,42,4,10,14,56
04/12/2018,IFP,AZ,AWP,WE,Federal Contract Tower,4,0,3,0,7,0,5,16,2,23,4,5,19,2,30,0,0,0,30
04/13/2018,IFP,AZ,AWP,WE,Federal Contract Tower,8,0,0,0,8,0,6,24,0,30,8,6,24,0,38,2,0,2,40
04/14/2018,IFP,AZ,AWP,WE,Federal Contract Tower,8,0,1,0,9,0,2,37,0,39,8,2,38,0,48,16,0,16,64
04/15/2018,IFP,AZ,AWP,WE,Federal Contract Tower,8,2,2,0,12,0,0,24,0,24,8,2,26,0,36,0,0,0,36
04/16/2018,IFP,AZ,AWP,WE,Federal Contract Tower,7,0,0,0,7,0,1,10,0,11,7,1,10,0,18,0,0,0,18
04/17/2018,IFP,AZ,AWP,WE,Federal Contract Tower,2,0,1,0,3,0,0,8,0,8,2,0,9,0,11,0,0,0,11
04/18/2018,IFP,AZ,AWP,WE,Federal Contract Tower,1,0,2,0,3,0,6,21,2,29,1,6,23,2,32,0,0,0,32
04/19/2018,IFP,AZ,AWP,WE,Federal Contract Tower,6,0,2,0,8,0,1,13,2,16,6,1,15,2,24,0,0,0,24
04/20/2018,IFP,AZ,AWP,WE,Federal Contract Tower,7,0,2,0,9,0,4,12,0,16,7,4,14,0,25,16,0,16,41
04/21/2018,IFP,AZ,AWP,WE,Federal Contract Tower,3,0,1,0,4,0,4,90,0,94,3,4,91,0,98,10,0,10,108
04/22/2018,IFP,AZ,AWP,WE,Federal Contract Tower,4,0,2,0,6,0,3,24,0,27,4,3,26,0,33,2,0,2,35
04/23/2018,IFP,AZ,AWP,WE,Federal Contract Tower,6,0,3,0,9,0,11,22,0,33,6,11,25,0,42,0,0,0,42
04/24/2018,IFP,AZ,AWP,WE,Federal Contract Tower,3,0,1,0,4,0,9,19,1,29,3,9,20,1,33,0,0,0,33
04/25/2018,IFP,AZ,AWP,WE,Federal Contract Tower,2,0,1,0,3,0,3,14,4,21,2,3,15,4,24,34,0,34,58
04/26/2018,IFP,AZ,AWP,WE,Federal Contract Tower,6,0,3,0,9,0,3,51,0,54,6,3,54,0,63,84,0,84,147
04/27/2018,IFP,AZ,AWP,WE,Federal Contract Tower,5,0,2,0,7,0,5,21,2,28,5,5,23,2,35,42,4,46,81
04/28/2018,IFP,AZ,AWP,WE,Federal Contract Tower,5,0,0,1,6,0,1,12,0,13,5,1,12,1,19,34,0,34,53
04/29/2018,IFP,AZ,AWP,WE,Federal Contract Tower,4,0,0,0,4,0,12,16,0,28,4,12,16,0,32,0,0,0,32
04/30/2018,IFP,AZ,AWP,WE,Federal Contract Tower,5,0,0,0,5,0,8,15,0,23,5,8,15,0,28,0,0,0,28
05/01/2018,IFP,AZ,AWP,WE,Federal Contract Tower,3,0,0,0,3,0,2,17,2,21,3,2,17,2,24,34,0,34,58
05/02/2018,IFP,AZ,AWP,WE,Federal Contract Tower,3,0,1,0,4,0,0,14,0,14,3,0,15,0,18,6,0,6,24
05/03/2018,IFP,AZ,AWP,WE,Federal Contract Tower,6,0,2,0,8,0,3,23,0,26,6,3,25,0,34,12,0,12,46
05/04/2018,IFP,AZ,AWP,WE,Federal Contract Tower,7,0,2,0,9,0,6,21,0,27,7,6,23,0,36,0,0,0,36
05/05/2018,IFP,AZ,AWP,WE,Federal Contract Tower,2,0,1,0,3,0,10,24,0,34,2,10,25,0,37,0,0,0,37
05/06/2018,IFP,AZ,AWP,WE,Federal Contract Tower,5,0,1,0,6,0,1,13,0,14,5,1,14,0,20,4,0,4,24
05/07/2018,IFP,AZ,AWP,WE,Federal Contract Tower,5,0,0,0,5,0,2,9,0,11,5,2,9,0,16,0,0,0,16
05/08/2018,IFP,AZ,AWP,WE,Federal Contract Tower,1,0,3,0,4,0,0,20,0,20,1,0,23,0,24,14,0,14,38
05/09/2018,IFP,AZ,AWP,WE,Federal Contract Tower,2,1,2,0,5,0,5,9,0,14,2,6,11,0,19,0,0,0,19
05/10/2018,IFP,AZ,AWP,WE,Federal Contract Tower,6,0,3,1,10,0,2,16,1,19,6,2,19,2,29,0,0,0,29
05/11/2018,IFP,AZ,AWP,WE,Federal Contract Tower,5,0,0,0,5,0,1,8,0,9,5,1,8,0,14,0,0,0,14
05/12/2018,IFP,AZ,AWP,WE,Federal Contract Tower,4,0,2,0,6,0,2,17,0,19,4,2,19,0,25,6,0,6,31
05/13/2018,IFP,AZ,AWP,WE,Federal Contract Tower,6,0,0,0,6,0,4,19,0,23,6,4,19,0,29,0,0,0,29
05/14/2018,IFP,AZ,AWP,WE,Federal Contract Tower,6,0,0,0,6,0,0,18,0,18,6,0,18,0,24,0,0,0,24
05/15/2018,IFP,AZ,AWP,WE,Federal Contract Tower,2,0,0,0,2,0,3,18,0,21,2,3,18,0,23,0,0,0,23
05/16/2018,IFP,AZ,AWP,WE,Federal Contract Tower,2,0,4,0,6,0,2,15,3,20,2,2,19,3,26,0,4,4,30
05/17/2018,IFP,AZ,AWP,WE,Federal Contract Tower,4,0,4,0,8,0,11,38,0,49,4,11,42,0,57,2,0,2,59
05/18/2018,IFP,AZ,AWP,WE,Federal Contract Tower,5,0,2,0,7,0,0,18,0,18,5,0,20,0,25,0,0,0,25
05/19/2018,IFP,AZ,AWP,WE,Federal Contract Tower,3,0,3,0,6,0,1,6,0,7,3,1,9,0,13,0,0,0,13
05/20/2018,IFP,AZ,AWP,WE,Federal Contract Tower,5,0,3,0,8,0,0,19,0,19,5,0,22,0,27,0,0,0,27
05/21/2018,IFP,AZ,AWP,WE,Federal Contract Tower,4,0,1,1,6,0,11,14,0,25,4,11,15,1,31,0,0,0,31
05/22/2018,IFP,AZ,AWP,WE,Federal Contract Tower,2,0,1,1,4,1,3,16,3,23,3,3,17,4,27,0,0,0,27
05/23/2018,IFP,AZ,AWP,WE,Federal Contract Tower,2,0,2,1,5,0,0,19,0,19,2,0,21,1,24,2,0,2,26
05/24/2018,IFP,AZ,AWP,WE,Federal Contract Tower,8,2,5,0,15,0,8,26,0,34,8,10,31,0,49,0,0,0,49
05/25/2018,IFP,AZ,AWP,WE,Federal Contract Tower,5,0,1,0,6,0,8,18,5,31,5,8,19,5,37,0,0,0,37
05/26/2018,IFP,AZ,AWP,WE,Federal Contract Tower,5,0,2,0,7,0,11,16,0,27,5,11,18,0,34,0,0,0,34
05/27/2018,IFP,AZ,AWP,WE,Federal Contract Tower,7,1,1,0,9,0,0,23,0,23,7,1,24,0,32,0,0,0,32
05/28/2018,IFP,AZ,AWP,WE,Federal Contract Tower,5,1,1,0,7,0,1,22,1,24,5,2,23,1,31,14,0,14,45
05/29/2018,IFP,AZ,AWP,WE,Federal Contract Tower,3,0,4,0,7,0,9,23,3,35,3,9,27,3,42,12,6,18,60
05/30/2018,IFP,AZ,AWP,WE,Federal Contract Tower,3,0,1,0,4,0,9,8,3,20,3,9,9,3,24,4,10,14,38
05/31/2018,IFP,AZ,AWP,WE,Federal Contract Tower,7,0,2,0,9,0,8,11,4,23,7,8,13,4,32,14,2,16,48
06/01/2018,IFP,AZ,AWP,WE,Federal Contract Tower,6,0,0,0,6,0,4,13,1,18,6,4,13,1,24,0,0,0,24
06/02/2018,IFP,AZ,AWP,WE,Federal Contract Tower,4,0,1,0,5,0,6,16,0,22,4,6,17,0,27,0,0,0,27
06/03/2018,IFP,AZ,AWP,WE,Federal Contract Tower,5,0,0,2,7,0,4,18,1,23,5,4,18,3,30,8,0,8,38
06/04/2018,IFP,AZ,AWP,WE,Federal Contract Tower,4,0,0,1,5,0,5,17,2,24,4,5,17,3,29,0,0,0,29
06/05/2018,IFP,AZ,AWP,WE,Federal Contract Tower,5,0,3,0,8,0,3,14,9,26,5,3,17,9,34,0,0,0,34
06/06/2018,IFP,AZ,AWP,WE,Federal Contract Tower,3,0,1,0,4,0,4,9,0,13,3,4,10,0,17,0,0,0,17
06/07/2018,IFP,AZ,AWP,WE,Federal Contract Tower,6,0,1,0,7,0,9,8,2,19,6,9,9,2,26,0,0,0,26
06/08/2018,IFP,AZ,AWP,WE,Federal Contract Tower,5,0,0,0,5,0,5,10,0,15,5,5,10,0,20,0,0,0,20
06/09/2018,IFP,AZ,AWP,WE,Federal Contract Tower,6,0,1,0,7,0,8,8,0,16,6,8,9,0,23,4,0,4,27
06/10/2018,IFP,AZ,AWP,WE,Federal Contract Tower,4,0,1,0,5,0,1,10,0,11,4,1,11,0,16,0,0,0,16
06/11/2018,IFP,AZ,AWP,WE,Federal Contract Tower,5,0,0,0,5,0,9,16,0,25,5,9,16,0,30,0,0,0,30
06/12/2018,IFP,AZ,AWP,WE,Federal Contract Tower,4,0,0,0,4,0,6,5,2,13,4,6,5,2,17,0,0,0,17
06/13/2018,IFP,AZ,AWP,WE,Federal Contract Tower,2,0,0,0,2,0,0,9,0,9,2,0,9,0,11,0,0,0,11
06/14/2018,IFP,AZ,AWP,WE,Federal Contract Tower,5,0,0,0,5,0,0,9,2,11,5,0,9,2,16,0,0,0,16
06/15/2018,IFP,AZ,AWP,WE,Federal Contract Tower,5,0,0,0,5,0,0,8,0,8,5,0,8,0,13,0,0,0,13
06/16/2018,IFP,AZ,AWP,WE,Federal Contract Tower,4,0,2,0,6,0,4,0,0,4,4,4,2,0,10,0,0,0,10
06/17/2018,IFP,AZ,AWP,WE,Federal Contract Tower,4,0,1,0,5,0,8,7,2,17,4,8,8,2,22,0,0,0,22
06/18/2018,IFP,AZ,AWP,WE,Federal Contract Tower,4,0,2,0,6,0,3,6,0,9,4,3,8,0,15,0,0,0,15
06/19/2018,IFP,AZ,AWP,WE,Federal Contract Tower,1,0,0,0,1,0,6,4,0,10,1,6,4,0,11,0,0,0,11
06/20/2018,IFP,AZ,AWP,WE,Federal Contract Tower,3,0,5,0,8,0,3,6,2,11,3,3,11,2,19,0,0,0,19
06/21/2018,IFP,AZ,AWP,WE,Federal Contract Tower,5,0,2,0,7,0,0,9,0,9,5,0,11,0,16,0,0,0,16
06/22/2018,IFP,AZ,AWP,WE,Federal Contract Tower,4,0,0,0,4,0,9,12,0,21,4,9,12,0,25,0,0,0,25
06/23/2018,IFP,AZ,AWP,WE,Federal Contract Tower,3,0,0,0,3,0,0,6,3,9,3,0,6,3,12,0,0,0,12
06/24/2018,IFP,AZ,AWP,WE,Federal Contract Tower,4,0,1,0,5,0,1,21,0,22,4,1,22,0,27,0,0,0,27
06/25/2018,IFP,AZ,AWP,WE,Federal Contract Tower,2,0,1,0,3,0,9,15,1,25,2,9,16,1,28,0,0,0,28
06/26/2018,IFP,AZ,AWP,WE,Federal Contract Tower,2,0,2,0,4,0,2,11,1,14,2,2,13,1,18,8,0,8,26
06/27/2018,IFP,AZ,AWP,WE,Federal Contract Tower,3,0,0,0,3,0,6,7,0,13,3,6,7,0,16,0,0,0,16
06/28/2018,IFP,AZ,AWP,WE,Federal Contract Tower,5,0,6,0,11,0,2,6,0,8,5,2,12,0,19,2,0,2,21
06/29/2018,IFP,AZ,AWP,WE,Federal Contract Tower,4,3,0,0,7,0,4,8,1,13,4,7,8,1,20,2,2,4,24
06/30/2018,IFP,AZ,AWP,WE,Federal Contract Tower,4,0,1,0,5,0,7,10,0,17,4,7,11,0,22,0,0,0,22
07/01/2018,IFP,AZ,AWP,WE,Federal Contract Tower,5,0,0,0,5,1,0,17,2,20,6,0,17,2,25,0,0,0,25
07/02/2018,IFP,AZ,AWP,WE,Federal Contract Tower,7,0,2,0,9,0,0,12,0,12,7,0,14,0,21,0,0,0,21
07/03/2018,IFP,AZ,AWP,WE,Federal Contract Tower,4,2,2,0,8,0,0,6,2,8,4,2,8,2,16,0,0,0,16
07/04/2018,IFP,AZ,AWP,WE,Federal Contract Tower,2,0,0,0,2,0,9,18,0,27,2,9,18,0,29,0,0,0,29
07/05/2018,IFP,AZ,AWP,WE,Federal Contract Tower,7,0,0,0,7,0,3,9,2,14,7,3,9,2,21,0,0,0,21
07/06/2018,IFP,AZ,AWP,WE,Federal Contract Tower,4,0,1,0,5,0,4,13,0,17,4,4,14,0,22,0,0,0,22
07/07/2018,IFP,AZ,AWP,WE,Federal Contract Tower,3,0,1,3,7,0,0,10,1,11,3,0,11,4,18,0,0,0,18
07/08/2018,IFP,AZ,AWP,WE,Federal Contract Tower,5,0,0,1,6,0,0,9,1,10,5,0,9,2,16,0,0,0,16
07/09/2018,IFP,AZ,AWP,WE,Federal Contract Tower,4,2,1,0,7,0,1,14,0,15,4,3,15,0,22,0,0,0,22
07/10/2018,IFP,AZ,AWP,WE,Federal Contract Tower,2,0,1,0,3,0,1,4,0,5,2,1,5,0,8,0,0,0,8
07/11/2018,IFP,AZ,AWP,WE,Federal Contract Tower,2,0,4,0,6,0,0,6,0,6,2,0,10,0,12,4,0,4,16
07/12/2018,IFP,AZ,AWP,WE,Federal Contract Tower,5,2,0,0,7,0,4,2,0,6,5,6,2,0,13,4,0,4,17
07/13/2018,IFP,AZ,AWP,WE,Federal Contract Tower,6,3,1,0,10,0,1,10,0,11,6,4,11,0,21,0,0,0,21
07/14/2018,IFP,AZ,AWP,WE,Federal Contract Tower,1,0,4,0,5,0,9,7,0,16,1,9,11,0,21,0,0,0,21
07/15/2018,IFP,AZ,AWP,WE,Federal Contract Tower,6,2,0,0,8,0,0,5,0,5,6,2,5,0,13,0,0,0,13
07/16/2018,IFP,AZ,AWP,WE,Federal Contract Tower,3,0,2,0,5,0,4,13,0,17,3,4,15,0,22,0,0,0,22
07/17/2018,IFP,AZ,AWP,WE,Federal Contract Tower,2,0,0,0,2,0,2,15,0,17,2,2,15,0,19,0,0,0,19
07/18/2018,IFP,AZ,AWP,WE,Federal Contract Tower,1,0,5,0,6,0,5,17,2,24,1,5,22,2,30,0,4,4,34
07/19/2018,IFP,AZ,AWP,WE,Federal Contract Tower,8,0,2,0,10,0,4,6,0,10,8,4,8,0,20,0,0,0,20
07/20/2018,IFP,AZ,AWP,WE,Federal Contract Tower,3,0,3,0,6,0,2,7,0,9,3,2,10,0,15,2,0,2,17
07/21/2018,IFP,AZ,AWP,WE,Federal Contract Tower,4,0,0,0,4,0,1,5,0,6,4,1,5,0,10,0,0,0,10
07/22/2018,IFP,AZ,AWP,WE,Federal Contract Tower,7,0,0,0,7,0,4,17,0,21,7,4,17,0,28,2,0,2,30
07/23/2018,IFP,AZ,AWP,WE,Federal Contract Tower,4,0,0,0,4,0,13,7,6,26,4,13,7,6,30,0,0,0,30
07/24/2018,IFP,AZ,AWP,WE,Federal Contract Tower,3,0,2,0,5,0,2,20,14,36,3,2,22,14,41,0,0,0,41
07/25/2018,IFP,AZ,AWP,WE,Federal Contract Tower,1,0,0,0,1,0,10,3,4,17,1,10,3,4,18,2,0,2,20
07/26/2018,IFP,AZ,AWP,WE,Federal Contract Tower,7,0,2,0,9,0,11,7,0,18,7,11,9,0,27,2,0,2,29
07/27/2018,IFP,AZ,AWP,WE,Federal Contract Tower,5,0,2,0,7,0,13,19,2,34,5,13,21,2,41,10,0,10,51
07/28/2018,IFP,AZ,AWP,WE,Federal Contract Tower,2,0,0,0,2,0,0,7,0,7,2,0,7,0,9,0,0,0,9
07/29/2018,IFP,AZ,AWP,WE,Federal Contract Tower,6,0,1,0,7,0,3,15,0,18,6,3,16,0,25,6,0,6,31
07/30/2018,IFP,AZ,AWP,WE,Federal Contract Tower,3,0,0,0,3,0,4,6,2,12,3,4,6,2,15,0,0,0,15
07/31/2018,IFP,AZ,AWP,WE,Federal Contract Tower,3,0,2,0,5,0,6,14,3,23,3,6,16,3,28,0,0,0,28
08/01/2018,IFP,AZ,AWP,WE,Federal Contract Tower,2,1,1,0,4,0,0,35,0,35,2,1,36,0,39,6,0,6,45
08/02/2018,IFP,AZ,AWP,WE,Federal Contract Tower,6,0,5,0,11,0,4,4,1,9,6,4,9,1,20,0,0,0,20
08/03/2018,IFP,AZ,AWP,WE,Federal Contract Tower,5,0,1,0,6,0,6,9,6,21,5,6,10,6,27,0,0,0,27
08/04/2018,IFP,AZ,AWP,WE,Federal Contract Tower,3,0,3,0,6,0,8,5,0,13,3,8,8,0,19,0,0,0,19
08/05/2018,IFP,AZ,AWP,WE,Federal Contract Tower,6,0,2,0,8,0,10,0,0,10,6,10,2,0,18,0,0,0,18
08/06/2018,IFP,AZ,AWP,WE,Federal Contract Tower,3,0,2,1,6,1,2,13,2,18,4,2,15,3,24,8,6,14,38
08/07/2018,IFP,AZ,AWP,WE,Federal Contract Tower,1,0,0,0,1,0,2,9,0,11,1,2,9,0,12,0,0,0,12
08/08/2018,IFP,AZ,AWP,WE,Federal Contract Tower,2,0,0,0,2,0,2,15,0,17,2,2,15,0,19,0,0,0,19
08/09/2018,IFP,AZ,AWP,WE,Federal Contract Tower,3,0,0,0,3,0,2,9,2,13,3,2,9,2,16,2,0,2,18
08/10/2018,IFP,AZ,AWP,WE,Federal Contract Tower,5,2,2,0,9,0,4,16,0,20,5,6,18,0,29,0,0,0,29
08/11/2018,IFP,AZ,AWP,WE,Federal Contract Tower,1,0,0,0,1,0,11,3,0,14,1,11,3,0,15,0,0,0,15
08/12/2018,IFP,AZ,AWP,WE,Federal Contract Tower,3,2,0,0,5,0,7,13,0,20,3,9,13,0,25,6,0,6,31
08/13/2018,IFP,AZ,AWP,WE,Federal Contract Tower,5,0,0,0,5,0,2,12,2,16,5,2,12,2,21,4,16,20,41
08/14/2018,IFP,AZ,AWP,WE,Federal Contract Tower,3,0,0,0,3,0,13,7,3,23,3,13,7,3,26,0,12,12,38
08/15/2018,IFP,AZ,AWP,WE,Federal Contract Tower,1,0,1,0,2,0,4,6,7,17,1,4,7,7,19,0,16,16,35
08/16/2018,IFP,AZ,AWP,WE,Federal Contract Tower,5,0,2,0,7,0,0,10,1,11,5,0,12,1,18,52,0,52,70
08/17/2018,IFP,AZ,AWP,WE,Federal Contract Tower,5,0,2,0,7,0,4,15,0,19,5,4,17,0,26,76,0,76,102
08/18/2018,IFP,AZ,AWP,WE,Federal Contract Tower,3,0,2,0,5,0,6,43,0,49,3,6,45,0,54,4,0,4,58
08/19/2018,IFP,AZ,AWP,WE,Federal Contract Tower,4,1,5,0,10,0,6,22,0,28,4,7,27,0,38,4,0,4,42
08/20/2018,IFP,AZ,AWP,WE,Federal Contract Tower,6,0,3,0,9,0,2,9,0,11,6,2,12,0,20,8,0,8,28
08/21/2018,IFP,AZ,AWP,WE,Federal Contract Tower,3,0,1,0,4,0,1,8,2,11,3,1,9,2,15,8,0,8,23
08/22/2018,IFP,AZ,AWP,WE,Federal Contract Tower,2,0,0,0,2,0,4,11,4,19,2,4,11,4,21,0,0,0,21
08/23/2018,IFP,AZ,AWP,WE,Federal Contract Tower,5,0,1,0,6,0,1,13,18,32,5,1,14,18,38,0,0,0,38
08/24/2018,IFP,AZ,AWP,WE,Federal Contract Tower,6,0,2,0,8,0,4,16,2,22,6,4,18,2,30,0,0,0,30
08/25/2018,IFP,AZ,AWP,WE,Federal Contract Tower,2,2,1,0,5,0,6,5,0,11,2,8,6,0,16,0,0,0,16
08/26/2018,IFP,AZ,AWP,WE,Federal Contract Tower,5,0,1,0,6,0,3,15,8,26,5,3,16,8,32,0,0,0,32
08/27/2018,IFP,AZ,AWP,WE,Federal Contract Tower,6,0,2,0,8,0,8,9,1,18,6,8,11,1,26,0,0,0,26
08/28/2018,IFP,AZ,AWP,WE,Federal Contract Tower,4,0,0,0,4,0,4,7,0,11,4,4,7,0,15,0,0,0,15
08/29/2018,IFP,AZ,AWP,WE,Federal Contract Tower,2,1,2,0,5,0,2,11,0,13,2,3,13,0,18,0,0,0,18
08/30/2018,IFP,AZ,AWP,WE,Federal Contract Tower,5,0,2,0,7,0,5,11,3,19,5,5,13,3,26,2,0,2,28
08/31/2018,IFP,AZ,AWP,WE,Federal Contract Tower,4,0,0,0,4,0,1,13,0,14,4,1,13,0,18,0,0,0,18
09/01/2018,IFP,AZ,AWP,WE,Federal Contract Tower,4,0,0,0,4,0,11,14,0,25,4,11,14,0,29,0,0,0,29
09/02/2018,IFP,AZ,AWP,WE,Federal Contract Tower,7,0,0,0,7,0,3,8,0,11,7,3,8,0,18,0,0,0,18
09/03/2018,IFP,AZ,AWP,WE,Federal Contract Tower,4,0,0,0,4,0,2,18,0,20,4,2,18,0,24,6,0,6,30
09/04/2018,IFP,AZ,AWP,WE,Federal Contract Tower,2,0,0,0,2,0,7,11,0,18,2,7,11,0,20,2,0,2,22
09/05/2018,IFP,AZ,AWP,WE,Federal Contract Tower,2,0,1,0,3,0,1,15,2,18,2,1,16,2,21,0,0,0,21
09/06/2018,IFP,AZ,AWP,WE,Federal Contract Tower,7,0,0,0,7,0,3,14,0,17,7,3,14,0,24,0,0,0,24
09/07/2018,IFP,AZ,AWP,WE,Federal Contract Tower,3,0,0,0,3,0,1,20,0,21,3,1,20,0,24,8,0,8,32
09/08/2018,IFP,AZ,AWP,WE,Federal Contract Tower,2,0,0,0,2,0,2,13,0,15,2,2,13,0,17,0,0,0,17
09/09/2018,IFP,AZ,AWP,WE,Federal Contract Tower,6,0,0,0,6,0,0,16,2,18,6,0,16,2,24,10,0,10,34
09/10/2018,IFP,AZ,AWP,WE,Federal Contract Tower,5,0,0,0,5,0,3,16,3,22,5,3,16,3,27,0,0,0,27
09/11/2018,IFP,AZ,AWP,WE,Federal Contract Tower,3,0,0,0,3,0,2,13,3,18,3,2,13,3,21,8,0,8,29
09/12/2018,IFP,AZ,AWP,WE,Federal Contract Tower,2,0,0,0,2,0,5,15,2,22,2,5,15,2,24,0,0,0,24
09/13/2018,IFP,AZ,AWP,WE,Federal Contract Tower,7,1,2,0,10,0,3,21,4,28,7,4,23,4,38,0,10,10,48
09/14/2018,IFP,AZ,AWP,WE,Federal Contract Tower,5,0,1,0,6,0,5,15,14,34,5,5,16,14,40,0,0,0,40
09/15/2018,IFP,AZ,AWP,WE,Federal Contract Tower,4,0,0,0,4,0,5,11,2,18,4,5,11,2,22,0,0,0,22
09/16/2018,IFP,AZ,AWP,WE,Federal Contract Tower,6,0,0,0,6,0,13,11,0,24,6,13,11,0,30,0,0,0,30
09/17/2018,IFP,AZ,AWP,WE,Federal Contract Tower,4,0,0,0,4,0,7,8,1,16,4,7,8,1,20,0,0,0,20
09/18/2018,IFP,AZ,AWP,WE,Federal Contract Tower,2,0,0,0,2,0,8,13,14,35,2,8,13,14,37,0,0,0,37
09/19/2018,IFP,AZ,AWP,WE,Federal Contract Tower,2,0,0,0,2,0,2,16,0,18,2,2,16,0,20,0,0,0,20
09/20/2018,IFP,AZ,AWP,WE,Federal Contract Tower,6,0,2,0,8,0,5,10,0,15,6,5,12,0,23,0,0,0,23
09/21/2018,IFP,AZ,AWP,WE,Federal Contract Tower,5,0,1,0,6,0,0,12,0,12,5,0,13,0,18,0,0,0,18
09/22/2018,IFP,AZ,AWP,WE,Federal Contract Tower,3,0,3,0,6,0,7,15,4,26,3,7,18,4,32,14,0,14,46
09/23/2018,IFP,AZ,AWP,WE,Federal Contract Tower,6,0,2,0,8,0,17,8,0,25,6,17,10,0,33,0,0,0,33
09/24/2018,IFP,AZ,AWP,WE,Federal Contract Tower,8,0,2,0,10,0,8,15,15,38,8,8,17,15,48,0,0,0,48
09/25/2018,IFP,AZ,AWP,WE,Federal Contract Tower,3,0,1,0,4,0,10,16,4,30,3,10,17,4,34,0,0,0,34
09/26/2018,IFP,AZ,AWP,WE,Federal Contract Tower,1,0,0,0,1,0,0,14,0,14,1,0,14,0,15,0,0,0,15
09/27/2018,IFP,AZ,AWP,WE,Federal Contract Tower,7,0,0,0,7,0,2,11,0,13,7,2,11,0,20,0,0,0,20
09/28/2018,IFP,AZ,AWP,WE,Federal Contract Tower,5,0,4,0,9,0,5,18,0,23,5,5,22,0,32,12,0,12,44
09/29/2018,IFP,AZ,AWP,WE,Federal Contract Tower,4,0,1,0,5,0,0,10,0,10,4,0,11,0,15,4,0,4,19
09/30/2018,IFP,AZ,AWP,WE,Federal Contract Tower,6,0,1,0,7,0,0,16,0,16,6,0,17,0,23,0,0,0,23
10/01/2018,IFP,AZ,AWP,WE,Federal Contract Tower,7,0,2,0,9,0,5,6,2,13,7,5,8,2,22,2,0,2,24
10/02/2018,IFP,AZ,AWP,WE,Federal Contract Tower,5,4,0,0,9,0,1,3,0,4,5,5,3,0,13,0,0,0,13
10/03/2018,IFP,AZ,AWP,WE,Federal Contract Tower,3,0,0,0,3,0,1,8,1,10,3,1,8,1,13,0,0,0,13
10/04/2018,IFP,AZ,AWP,WE,Federal Contract Tower,6,0,3,0,9,0,5,13,0,18,6,5,16,0,27,0,0,0,27
10/05/2018,IFP,AZ,AWP,WE,Federal Contract Tower,7,0,3,0,10,0,1,21,0,22,7,1,24,0,32,10,0,10,42
10/06/2018,IFP,AZ,AWP,WE,Federal Contract Tower,5,0,1,0,6,0,3,19,0,22,5,3,20,0,28,8,0,8,36
10/07/2018,IFP,AZ,AWP,WE,Federal Contract Tower,6,0,0,0,6,0,0,18,0,18,6,0,18,0,24,0,0,0,24
10/08/2018,IFP,AZ,AWP,WE,Federal Contract Tower,6,0,0,0,6,0,10,22,2,34,6,10,22,2,40,6,2,8,48
10/09/2018,IFP,AZ,AWP,WE,Federal Contract Tower,3,0,2,0,5,0,1,11,0,12,3,1,13,0,17,0,0,0,17
10/10/2018,IFP,AZ,AWP,WE,Federal Contract Tower,2,3,4,2,11,0,0,17,2,19,2,3,21,4,30,0,0,0,30
10/11/2018,IFP,AZ,AWP,WE,Federal Contract Tower,6,1,8,0,15,0,22,15,0,37,6,23,23,0,52,4,0,4,56
10/12/2018,IFP,AZ,AWP,WE,Federal Contract Tower,5,2,4,0,11,0,5,34,2,41,5,7,38,2,52,0,0,0,52
10/13/2018,IFP,AZ,AWP,WE,Federal Contract Tower,3,2,0,0,5,0,5,17,0,22,3,7,17,0,27,58,0,58,85
10/14/2018,IFP,AZ,AWP,WE,Federal Contract Tower,5,2,8,0,15,1,2,18,2,23,6,4,26,2,38,60,0,60,98
10/15/2018,IFP,AZ,AWP,WE,Federal Contract Tower,5,0,3,0,8,0,1,5,7,13,5,1,8,7,21,0,0,0,21
10/16/2018,IFP,AZ,AWP,WE,Federal Contract Tower,3,2,0,0,5,0,11,1,0,12,3,13,1,0,17,0,0,0,17
10/17/2018,IFP,AZ,AWP,WE,Federal Contract Tower,5,0,1,0,6,0,2,14,0,16,5,2,15,0,22,0,0,0,22
10/18/2018,IFP,AZ,AWP,WE,Federal Contract Tower,6,2,2,0,10,0,3,14,0,17,6,5,16,0,27,0,0,0,27
10/19/2018,IFP,AZ,AWP,WE,Federal Contract Tower,6,0,2,0,8,0,2,12,0,14,6,2,14,0,22,0,0,0,22
10/20/2018,IFP,AZ,AWP,WE,Federal Contract Tower,5,1,0,0,6,0,0,13,2,15,5,1,13,2,21,0,0,0,21
10/21/2018,IFP,AZ,AWP,WE,Federal Contract Tower,7,0,4,0,11,0,7,24,0,31,7,7,28,0,42,0,0,0,42
10/22/2018,IFP,AZ,AWP,WE,Federal Contract Tower,7,2,1,0,10,0,0,16,0,16,7,2,17,0,26,0,0,0,26
10/23/2018,IFP,AZ,AWP,WE,Federal Contract Tower,2,0,1,0,3,0,6,16,3,25,2,6,17,3,28,2,0,2,30
10/24/2018,IFP,AZ,AWP,WE,Federal Contract Tower,4,1,1,2,8,0,9,20,4,33,4,10,21,6,41,0,0,0,41
10/25/2018,IFP,AZ,AWP,WE,Federal Contract Tower,6,0,0,1,7,0,5,24,8,37,6,5,24,9,44,2,0,2,46
10/26/2018,IFP,AZ,AWP,WE,Federal Contract Tower,6,0,0,1,7,0,3,13,2,18,6,3,13,3,25,0,0,0,25
10/27/2018,IFP,AZ,AWP,WE,Federal Contract Tower,2,0,1,0,3,0,4,16,2,22,2,4,17,2,25,0,0,0,25
10/28/2018,IFP,AZ,AWP,WE,Federal Contract Tower,6,0,0,0,6,1,1,14,0,16,7,1,14,0,22,0,0,0,22
10/29/2018,IFP,AZ,AWP,WE,Federal Contract Tower,5,0,0,0,5,0,4,11,2,17,5,4,11,2,22,0,0,0,22
10/30/2018,IFP,AZ,AWP,WE,Federal Contract Tower,1,0,1,1,3,0,11,14,5,30,1,11,15,6,33,2,0,2,35
10/31/2018,IFP,AZ,AWP,WE,Federal Contract Tower,3,0,1,0,4,0,5,15,2,22,3,5,16,2,26,10,0,10,36
11/01/2018,IFP,AZ,AWP,WE,Federal Contract Tower,6,0,0,0,6,0,2,23,4,29,6,2,23,4,35,0,6,6,41
11/02/2018,IFP,AZ,AWP,WE,Federal Contract Tower,4,0,1,2,7,0,9,21,1,31,4,9,22,3,38,20,0,20,58
11/03/2018,IFP,AZ,AWP,WE,Federal Contract Tower,3,0,1,0,4,0,0,25,0,25,3,0,26,0,29,4,0,4,33
11/04/2018,IFP,AZ,AWP,WE,Federal Contract Tower,5,0,0,0,5,0,28,0,0,28,5,28,0,0,33,14,0,14,47
11/05/2018,IFP,AZ,AWP,WE,Federal Contract Tower,4,1,2,0,7,0,5,21,0,26,4,6,23,0,33,12,0,12,45
11/06/2018,IFP,AZ,AWP,WE,Federal Contract Tower,3,2,0,0,5,0,3,18,0,21,3,5,18,0,26,0,0,0,26
11/07/2018,IFP,AZ,AWP,WE,Federal Contract Tower,2,0,0,0,2,0,6,29,1,36,2,6,29,1,38,4,0,4,42
11/08/2018,IFP,AZ,AWP,WE,Federal Contract Tower,4,0,1,0,5,0,0,5,0,5,4,0,6,0,10,0,0,0,10
11/09/2018,IFP,AZ,AWP,WE,Federal Contract Tower,5,2,0,1,8,0,4,10,0,14,5,6,10,1,22,0,0,0,22
11/10/2018,IFP,AZ,AWP,WE,Federal Contract Tower,5,0,0,0,5,0,0,23,0,23,5,0,23,0,28,0,0,0,28
11/11/2018,IFP,AZ,AWP,WE,Federal Contract Tower,5,0,1,0,6,0,3,12,2,17,5,3,13,2,23,0,0,0,23
11/12/2018,IFP,AZ,AWP,WE,Federal Contract Tower,5,0,0,0,5,0,0,16,4,20,5,0,16,4,25,0,0,0,25
11/13/2018,IFP,AZ,AWP,WE,Federal Contract Tower,3,0,0,0,3,0,4,11,0,15,3,4,11,0,18,0,0,0,18
11/14/2018,IFP,AZ,AWP,WE,Federal Contract Tower,2,0,1,0,3,0,2,16,0,18,2,2,17,0,21,0,0,0,21
11/15/2018,IFP,AZ,AWP,WE,Federal Contract Tower,5,0,0,2,7,0,4,23,4,31,5,4,23,6,38,8,0,8,46
11/16/2018,IFP,AZ,AWP,WE,Federal Contract Tower,5,0,3,0,8,0,6,23,0,29,5,6,26,0,37,16,0,16,53
11/17/2018,IFP,AZ,AWP,WE,Federal Contract Tower,3,0,3,0,6,0,0,14,0,14,3,0,17,0,20,0,0,0,20
11/18/2018,IFP,AZ,AWP,WE,Federal Contract Tower,4,0,1,0,5,0,4,24,0,28,4,4,25,0,33,0,0,0,33
11/19/2018,IFP,AZ,AWP,WE,Federal Contract Tower,6,0,2,0,8,0,2,8,0,10,6,2,10,0,18,0,0,0,18
11/20/2018,IFP,AZ,AWP,WE,Federal Contract Tower,2,2,0,0,4,0,2,14,2,18,2,4,14,2,22,0,0,0,22
11/21/2018,IFP,AZ,AWP,WE,Federal Contract Tower,3,0,0,1,4,0,5,15,0,20,3,5,15,1,24,0,0,0,24
11/22/2018,IFP,AZ,AWP,WE,Federal Contract Tower,5,0,0,0,5,0,2,10,2,14,5,2,10,2,19,0,6,6,25
11/23/2018,IFP,AZ,AWP,WE,Federal Contract Tower,5,0,3,1,9,0,7,21,0,28,5,7,24,1,37,10,0,10,47
11/24/2018,IFP,AZ,AWP,WE,Federal Contract Tower,4,1,0,0,5,0,1,14,0,15,4,2,14,0,20,0,0,0,20
11/25/2018,IFP,AZ,AWP,WE,Federal Contract Tower,5,0,0,0,5,0,2,22,0,24,5,2,22,0,29,0,0,0,29
11/26/2018,IFP,AZ,AWP,WE,Federal Contract Tower,4,0,3,0,7,0,6,19,0,25,4,6,22,0,32,0,0,0,32
11/27/2018,IFP,AZ,AWP,WE,Federal Contract Tower,1,0,2,0,3,0,2,13,0,15,1,2,15,0,18,4,0,4,22
11/28/2018,IFP,AZ,AWP,WE,Federal Contract Tower,3,0,1,1,5,0,2,21,1,24,3,2,22,2,29,0,4,4,33
11/29/2018,IFP,AZ,AWP,WE,Federal Contract Tower,7,0,1,0,8,0,0,7,0,7,7,0,8,0,15,0,0,0,15
11/30/2018,IFP,AZ,AWP,WE,Federal Contract Tower,7,0,0,0,7,0,14,13,0,27,7,14,13,0,34,0,0,0,34
12/01/2018,IFP,AZ,AWP,WE,Federal Contract Tower,2,0,2,0,4,0,8,16,0,24,2,8,18,0,28,0,0,0,28
12/02/2018,IFP,AZ,AWP,WE,Federal Contract Tower,5,0,0,0,5,0,24,7,0,31,5,24,7,0,36,2,0,2,38
12/03/2018,IFP,AZ,AWP,WE,Federal Contract Tower,6,0,0,0,6,0,10,9,0,19,6,10,9,0,25,2,0,2,27
12/04/2018,IFP,AZ,AWP,WE,Federal Contract Tower,3,0,0,0,3,0,0,5,16,21,3,0,5,16,24,0,2,2,26
12/05/2018,IFP,AZ,AWP,WE,Federal Contract Tower,1,0,2,0,3,0,0,14,3,17,1,0,16,3,20,0,0,0,20
12/06/2018,IFP,AZ,AWP,WE,Federal Contract Tower,4,0,4,0,8,0,1,2,3,6,4,1,6,3,14,0,0,0,14
12/07/2018,IFP,AZ,AWP,WE,Federal Contract Tower,5,0,2,0,7,0,2,8,0,10,5,2,10,0,17,0,0,0,17
12/08/2018,IFP,AZ,AWP,WE,Federal Contract Tower,2,0,4,0,6,0,3,17,0,20,2,3,21,0,26,14,0,14,40
12/09/2018,IFP,AZ,AWP,WE,Federal Contract Tower,5,1,2,0,8,0,6,38,1,45,5,7,40,1,53,10,0,10,63
12/10/2018,IFP,AZ,AWP,WE,Federal Contract Tower,3,0,0,3,6,0,0,15,5,20,3,0,15,8,26,0,8,8,34
12/11/2018,IFP,AZ,AWP,WE,Federal Contract Tower,3,0,1,0,4,0,2,12,3,17,3,2,13,3,21,0,4,4,25
12/12/2018,IFP,AZ,AWP,WE,Federal Contract Tower,3,0,0,0,3,0,8,7,5,20,3,8,7,5,23,0,0,0,23
12/13/2018,IFP,AZ,AWP,WE,Federal Contract Tower,5,0,2,0,7,0,11,12,2,25,5,11,14,2,32,10,0,10,42
12/14/2018,IFP,AZ,AWP,WE,Federal Contract Tower,3,1,2,0,6,0,10,13,2,25,3,11,15,2,31,0,0,0,31
12/15/2018,IFP,AZ,AWP,WE,Federal Contract Tower,2,0,4,1,7,2,5,25,1,33,4,5,29,2,40,10,10,20,60
12/16/2018,IFP,AZ,AWP,WE,Federal Contract Tower,1,0,3,0,4,0,0,19,0,19,1,0,22,0,23,0,0,0,23
12/17/2018,IFP,AZ,AWP,WE,Federal Contract Tower,2,0,2,0,4,0,8,8,0,16,2,8,10,0,20,0,0,0,20
12/18/2018,IFP,AZ,AWP,WE,Federal Contract Tower,2,0,0,2,4,0,4,8,0,12,2,4,8,2,16,0,2,2,18
12/19/2018,IFP,AZ,AWP,WE,Federal Contract Tower,0,0,2,0,2,0,11,18,0,29,0,11,20,0,31,12,0,12,43
12/20/2018,IFP,AZ,AWP,WE,Federal Contract Tower,0,0,2,0,2,0,0,19,0,19,0,0,21,0,21,12,0,12,33
12/21/2018,IFP,AZ,AWP,WE,Federal Contract Tower,0,0,1,0,1,0,4,13,0,17,0,4,14,0,18,0,0,0,18
12/22/2018,IFP,AZ,AWP,WE,Federal Contract Tower,0,0,0,0,0,0,5,9,0,14,0,5,9,0,14,0,0,0,14
12/23/2018,IFP,AZ,AWP,WE,Federal Contract Tower,0,0,2,0,2,0,2,13,0,15,0,2,15,0,17,0,0,0,17
12/24/2018,IFP,AZ,AWP,WE,Federal Contract Tower,0,0,0,0,0,0,2,5,0,7,0,2,5,0,7,0,0,0,7
12/25/2018,IFP,AZ,AWP,WE,Federal Contract Tower,0,0,0,0,0,0,0,0,0,0,0,0,0,0,0,0,0,0,0
12/26/2018,IFP,AZ,AWP,WE,Federal Contract Tower,2,2,1,0,5,0,14,2,0,16,2,16,3,0,21,0,0,0,21
12/27/2018,IFP,AZ,AWP,WE,Federal Contract Tower,0,0,1,0,1,0,10,18,0,28,0,10,19,0,29,0,0,0,29
12/28/2018,IFP,AZ,AWP,WE,Federal Contract Tower,5,0,0,0,5,0,6,4,0,10,5,6,4,0,15,0,0,0,15
12/29/2018,IFP,AZ,AWP,WE,Federal Contract Tower,3,0,0,0,3,0,6,6,0,12,3,6,6,0,15,0,0,0,15
12/30/2018,IFP,AZ,AWP,WE,Federal Contract Tower,7,0,2,0,9,0,10,22,0,32,7,10,24,0,41,0,0,0,41
12/31/2018,IFP,AZ,AWP,WE,Federal Contract Tower,5,0,0,0,5,0,4,9,0,13,5,4,9,0,18,0,0,0,18
01/01/2019,IFP,AZ,AWP,WE,Federal Contract Tower,2,0,0,0,2,0,0,7,0,7,2,0,7,0,9,0,0,0,9
01/02/2019,IFP,AZ,AWP,WE,Federal Contract Tower,4,1,0,0,5,0,7,8,0,15,4,8,8,0,20,0,0,0,20
01/03/2019,IFP,AZ,AWP,WE,Federal Contract Tower,4,0,0,0,4,0,11,16,0,27,4,11,16,0,31,0,0,0,31
01/04/2019,IFP,AZ,AWP,WE,Federal Contract Tower,4,0,2,0,6,0,5,15,6,26,4,5,17,6,32,10,0,10,42
01/05/2019,IFP,AZ,AWP,WE,Federal Contract Tower,2,1,2,0,5,0,8,14,3,25,2,9,16,3,30,0,0,0,30
01/06/2019,IFP,AZ,AWP,WE,Federal Contract Tower,4,0,0,0,4,0,9,2,0,11,4,9,2,0,15,0,0,0,15
01/07/2019,IFP,AZ,AWP,WE,Federal Contract Tower,3,0,0,0,3,0,7,5,3,15,3,7,5,3,18,0,0,0,18
01/08/2019,IFP,AZ,AWP,WE,Federal Contract Tower,1,1,1,0,3,0,5,7,2,14,1,6,8,2,17,0,0,0,17
01/09/2019,IFP,AZ,AWP,WE,Federal Contract Tower,3,0,1,0,4,0,5,15,0,20,3,5,16,0,24,0,0,0,24
01/10/2019,IFP,AZ,AWP,WE,Federal Contract Tower,3,0,0,0,3,0,5,12,0,17,3,5,12,0,20,0,0,0,20
01/11/2019,IFP,AZ,AWP,WE,Federal Contract Tower,3,1,0,0,4,0,0,16,2,18,3,1,16,2,22,0,0,0,22
01/12/2019,IFP,AZ,AWP,WE,Federal Contract Tower,3,0,0,0,3,0,7,12,0,19,3,7,12,0,22,0,0,0,22
01/13/2019,IFP,AZ,AWP,WE,Federal Contract Tower,3,1,2,0,6,0,0,13,0,13,3,1,15,0,19,4,0,4,23
01/14/2019,IFP,AZ,AWP,WE,Federal Contract Tower,5,0,1,3,9,1,7,4,1,13,6,7,5,4,22,0,18,18,40
01/15/2019,IFP,AZ,AWP,WE,Federal Contract Tower,3,2,0,4,9,0,0,0,1,1,3,2,0,5,10,0,2,2,12
01/16/2019,IFP,AZ,AWP,WE,Federal Contract Tower,4,0,0,0,4,0,0,6,1,7,4,0,6,1,11,0,0,0,11
01/17/2019,IFP,AZ,AWP,WE,Federal Contract Tower,7,0,1,0,8,0,2,3,0,5,7,2,4,0,13,0,0,0,13
01/18/2019,IFP,AZ,AWP,WE,Federal Contract Tower,5,0,1,0,6,0,10,10,0,20,5,10,11,0,26,0,0,0,26
01/19/2019,IFP,AZ,AWP,WE,Federal Contract Tower,4,0,3,0,7,0,6,24,2,32,4,6,27,2,39,0,0,0,39
01/20/2019,IFP,AZ,AWP,WE,Federal Contract Tower,6,1,0,0,7,0,6,18,0,24,6,7,18,0,31,0,0,0,31
01/21/2019,IFP,AZ,AWP,WE,Federal Contract Tower,5,0,0,0,5,0,0,23,0,23,5,0,23,0,28,0,0,0,28
01/22/2019,IFP,AZ,AWP,WE,Federal Contract Tower,4,2,1,0,7,0,12,6,2,20,4,14,7,2,27,0,0,0,27
01/23/2019,IFP,AZ,AWP,WE,Federal Contract Tower,1,0,3,0,4,0,4,14,0,18,1,4,17,0,22,0,0,0,22
01/24/2019,IFP,AZ,AWP,WE,Federal Contract Tower,6,0,0,0,6,0,4,17,0,21,6,4,17,0,27,0,0,0,27
01/25/2019,IFP,AZ,AWP,WE,Federal Contract Tower,4,0,4,0,8,0,7,14,0,21,4,7,18,0,29,0,0,0,29
01/26/2019,IFP,AZ,AWP,WE,Federal Contract Tower,3,2,4,0,9,0,3,10,2,15,3,5,14,2,24,0,0,0,24
01/27/2019,IFP,AZ,AWP,WE,Federal Contract Tower,5,0,1,0,6,0,1,18,0,19,5,1,19,0,25,0,0,0,25
01/28/2019,IFP,AZ,AWP,WE,Federal Contract Tower,4,0,0,0,4,1,6,11,0,18,5,6,11,0,22,0,0,0,22
01/29/2019,IFP,AZ,AWP,WE,Federal Contract Tower,3,0,3,0,6,0,9,24,0,33,3,9,27,0,39,4,0,4,43
01/30/2019,IFP,AZ,AWP,WE,Federal Contract Tower,3,1,0,0,4,0,12,33,0,45,3,13,33,0,49,6,0,6,55
01/31/2019,IFP,AZ,AWP,WE,Federal Contract Tower,5,0,1,3,9,0,10,26,8,44,5,10,27,11,53,6,0,6,59
02/01/2019,IFP,AZ,AWP,WE,Federal Contract Tower,6,1,3,0,10,0,1,9,0,10,6,2,12,0,20,0,0,0,20
02/02/2019,IFP,AZ,AWP,WE,Federal Contract Tower,3,3,2,0,8,0,0,6,0,6,3,3,8,0,14,0,0,0,14
02/03/2019,IFP,AZ,AWP,WE,Federal Contract Tower,8,0,1,0,9,0,6,11,0,17,8,6,12,0,26,4,0,4,30
02/04/2019,IFP,AZ,AWP,WE,Federal Contract Tower,6,0,1,0,7,0,2,2,0,4,6,2,3,0,11,0,0,0,11
02/05/2019,IFP,AZ,AWP,WE,Federal Contract Tower,6,0,4,0,10,0,1,6,0,7,6,1,10,0,17,0,0,0,17
02/06/2019,IFP,AZ,AWP,WE,Federal Contract Tower,3,0,2,0,5,0,2,22,2,26,3,2,24,2,31,0,0,0,31
02/07/2019,IFP,AZ,AWP,WE,Federal Contract Tower,5,0,1,0,6,0,13,14,0,27,5,13,15,0,33,0,0,0,33
02/08/2019,IFP,AZ,AWP,WE,Federal Contract Tower,5,0,1,0,6,0,7,21,2,30,5,7,22,2,36,6,0,6,42
02/09/2019,IFP,AZ,AWP,WE,Federal Contract Tower,3,0,0,0,3,0,7,12,2,21,3,7,12,2,24,20,0,20,44
02/10/2019,IFP,AZ,AWP,WE,Federal Contract Tower,5,0,0,0,5,0,0,10,0,10,5,0,10,0,15,0,0,0,15
02/11/2019,IFP,AZ,AWP,WE,Federal Contract Tower,4,1,0,0,5,0,4,6,0,10,4,5,6,0,15,0,0,0,15
02/12/2019,IFP,AZ,AWP,WE,Federal Contract Tower,3,2,2,0,7,0,4,15,0,19,3,6,17,0,26,4,0,4,30
02/13/2019,IFP,AZ,AWP,WE,Federal Contract Tower,4,0,2,2,8,0,1,20,0,21,4,1,22,2,29,6,0,6,35
02/14/2019,IFP,AZ,AWP,WE,Federal Contract Tower,5,0,2,0,7,0,0,0,0,0,5,0,2,0,7,0,0,0,7
02/15/2019,IFP,AZ,AWP,WE,Federal Contract Tower,7,2,1,0,10,0,3,14,0,17,7,5,15,0,27,0,0,0,27
02/16/2019,IFP,AZ,AWP,WE,Federal Contract Tower,6,0,0,0,6,0,0,17,0,17,6,0,17,0,23,0,0,0,23
02/17/2019,IFP,AZ,AWP,WE,Federal Contract Tower,6,3,0,0,9,0,7,2,0,9,6,10,2,0,18,0,0,0,18
02/18/2019,IFP,AZ,AWP,WE,Federal Contract Tower,3,0,0,0,3,0,5,9,2,16,3,5,9,2,19,0,2,2,21
02/19/2019,IFP,AZ,AWP,WE,Federal Contract Tower,3,0,0,0,3,0,3,10,0,13,3,3,10,0,16,0,0,0,16
02/20/2019,IFP,AZ,AWP,WE,Federal Contract Tower,1,0,0,0,1,0,4,6,0,10,1,4,6,0,11,0,0,0,11
02/21/2019,IFP,AZ,AWP,WE,Federal Contract Tower,8,2,3,0,13,0,8,0,0,8,8,10,3,0,21,0,0,0,21
02/22/2019,IFP,AZ,AWP,WE,Federal Contract Tower,5,2,0,1,8,0,3,14,3,20,5,5,14,4,28,2,0,2,30
02/23/2019,IFP,AZ,AWP,WE,Federal Contract Tower,3,0,3,0,6,0,4,46,0,50,3,4,49,0,56,6,0,6,62
02/24/2019,IFP,AZ,AWP,WE,Federal Contract Tower,5,0,4,0,9,0,5,25,0,30,5,5,29,0,39,0,0,0,39
02/25/2019,IFP,AZ,AWP,WE,Federal Contract Tower,5,0,0,0,5,0,0,22,1,23,5,0,22,1,28,10,0,10,38
02/26/2019,IFP,AZ,AWP,WE,Federal Contract Tower,3,0,2,0,5,0,2,9,0,11,3,2,11,0,16,0,0,0,16
02/27/2019,IFP,AZ,AWP,WE,Federal Contract Tower,3,0,0,1,4,0,5,20,0,25,3,5,20,1,29,2,0,2,31
02/28/2019,IFP,AZ,AWP,WE,Federal Contract Tower,5,0,0,2,7,0,3,17,0,20,5,3,17,2,27,0,0,0,27
03/01/2019,IFP,AZ,AWP,WE,Federal Contract Tower,5,0,1,0,6,0,1,17,2,20,5,1,18,2,26,0,0,0,26
03/02/2019,IFP,AZ,AWP,WE,Federal Contract Tower,3,0,1,0,4,0,7,3,0,10,3,7,4,0,14,0,0,0,14
03/03/2019,IFP,AZ,AWP,WE,Federal Contract Tower,5,0,0,0,5,0,9,17,0,26,5,9,17,0,31,0,0,0,31
03/04/2019,IFP,AZ,AWP,WE,Federal Contract Tower,5,0,0,0,5,0,0,20,0,20,5,0,20,0,25,2,0,2,27
03/05/2019,IFP,AZ,AWP,WE,Federal Contract Tower,3,0,0,0,3,0,10,16,2,28,3,10,16,2,31,0,2,2,33
03/06/2019,IFP,AZ,AWP,WE,Federal Contract Tower,3,0,0,0,3,0,1,7,0,8,3,1,7,0,11,0,0,0,11
03/07/2019,IFP,AZ,AWP,WE,Federal Contract Tower,6,0,0,0,6,0,0,5,2,7,6,0,5,2,13,0,10,10,23
03/08/2019,IFP,AZ,AWP,WE,Federal Contract Tower,7,0,2,0,9,0,1,9,0,10,7,1,11,0,19,0,0,0,19
03/09/2019,IFP,AZ,AWP,WE,Federal Contract Tower,3,1,3,0,7,0,3,27,0,30,3,4,30,0,37,8,0,8,45
03/10/2019,IFP,AZ,AWP,WE,Federal Contract Tower,7,0,1,0,8,0,3,15,0,18,7,3,16,0,26,0,0,0,26
03/11/2019,IFP,AZ,AWP,WE,Federal Contract Tower,5,0,1,0,6,1,0,11,0,12,6,0,12,0,18,0,0,0,18
03/12/2019,IFP,AZ,AWP,WE,Federal Contract Tower,4,0,0,0,4,0,0,6,4,10,4,0,6,4,14,0,4,4,18
03/13/2019,IFP,AZ,AWP,WE,Federal Contract Tower,5,0,0,0,5,0,4,11,0,15,5,4,11,0,20,4,0,4,24
03/14/2019,IFP,AZ,AWP,WE,Federal Contract Tower,6,0,2,0,8,0,6,14,0,20,6,6,16,0,28,18,0,18,46
03/15/2019,IFP,AZ,AWP,WE,Federal Contract Tower,7,0,0,0,7,0,0,7,0,7,7,0,7,0,14,0,0,0,14
03/16/2019,IFP,AZ,AWP,WE,Federal Contract Tower,3,0,2,0,5,0,6,22,0,28,3,6,24,0,33,2,0,2,35
03/17/2019,IFP,AZ,AWP,WE,Federal Contract Tower,5,1,0,0,6,0,1,16,2,19,5,2,16,2,25,0,0,0,25
03/18/2019,IFP,AZ,AWP,WE,Federal Contract Tower,5,0,1,0,6,0,5,29,0,34,5,5,30,0,40,14,0,14,54
03/19/2019,IFP,AZ,AWP,WE,Federal Contract Tower,2,0,4,0,6,1,8,23,2,34,3,8,27,2,40,12,0,12,52
03/20/2019,IFP,AZ,AWP,WE,Federal Contract Tower,4,0,3,0,7,0,2,17,0,19,4,2,20,0,26,0,0,0,26
03/21/2019,IFP,AZ,AWP,WE,Federal Contract Tower,6,0,5,0,11,0,1,17,2,20,6,1,22,2,31,2,0,2,33
03/22/2019,IFP,AZ,AWP,WE,Federal Contract Tower,5,1,1,0,7,0,1,23,0,24,5,2,24,0,31,8,0,8,39
03/23/2019,IFP,AZ,AWP,WE,Federal Contract Tower,3,0,3,0,6,0,3,24,2,29,3,3,27,2,35,20,0,20,55
03/24/2019,IFP,AZ,AWP,WE,Federal Contract Tower,5,0,0,0,5,0,0,30,0,30,5,0,30,0,35,0,0,0,35
03/25/2019,IFP,AZ,AWP,WE,Federal Contract Tower,4,2,0,0,6,0,0,23,0,23,4,2,23,0,29,2,0,2,31
03/26/2019,IFP,AZ,AWP,WE,Federal Contract Tower,1,1,0,0,2,1,3,17,0,21,2,4,17,0,23,0,0,0,23
03/27/2019,IFP,AZ,AWP,WE,Federal Contract Tower,3,0,0,0,3,0,5,7,0,12,3,5,7,0,15,0,0,0,15
03/28/2019,IFP,AZ,AWP,WE,Federal Contract Tower,6,0,0,0,6,0,10,14,0,24,6,10,14,0,30,0,0,0,30
03/29/2019,IFP,AZ,AWP,WE,Federal Contract Tower,4,0,1,0,5,0,0,13,8,21,4,0,14,8,26,6,0,6,32
03/30/2019,IFP,AZ,AWP,WE,Federal Contract Tower,1,0,4,0,5,0,12,6,0,18,1,12,10,0,23,0,0,0,23
03/31/2019,IFP,AZ,AWP,WE,Federal Contract Tower,4,0,3,0,7,0,5,12,0,17,4,5,15,0,24,0,0,0,24
04/01/2019,IFP,AZ,AWP,WE,Federal Contract Tower,6,0,0,0,6,0,6,12,0,18,6,6,12,0,24,0,0,0,24
04/02/2019,IFP,AZ,AWP,WE,Federal Contract Tower,1,0,0,0,1,0,5,24,0,29,1,5,24,0,30,0,0,0,30
04/03/2019,IFP,AZ,AWP,WE,Federal Contract Tower,4,0,3,0,7,0,4,21,0,25,4,4,24,0,32,0,0,0,32
04/04/2019,IFP,AZ,AWP,WE,Federal Contract Tower,6,0,1,0,7,0,6,22,0,28,6,6,23,0,35,26,0,26,61
04/05/2019,IFP,AZ,AWP,WE,Federal Contract Tower,7,0,6,0,13,0,2,24,2,28,7,2,30,2,41,8,0,8,49
04/06/2019,IFP,AZ,AWP,WE,Federal Contract Tower,2,0,1,0,3,0,9,44,0,53,2,9,45,0,56,0,0,0,56
04/07/2019,IFP,AZ,AWP,WE,Federal Contract Tower,6,0,3,0,9,0,7,43,0,50,6,7,46,0,59,0,0,0,59
04/08/2019,IFP,AZ,AWP,WE,Federal Contract Tower,6,0,2,0,8,0,7,28,0,35,6,7,30,0,43,0,0,0,43
04/09/2019,IFP,AZ,AWP,WE,Federal Contract Tower,5,0,2,0,7,0,7,17,2,26,5,7,19,2,33,6,0,6,39
04/10/2019,IFP,AZ,AWP,WE,Federal Contract Tower,3,0,0,0,3,0,11,15,0,26,3,11,15,0,29,0,0,0,29
04/11/2019,IFP,AZ,AWP,WE,Federal Contract Tower,5,0,0,0,5,1,7,17,2,27,6,7,17,2,32,0,0,0,32
04/12/2019,IFP,AZ,AWP,WE,Federal Contract Tower,4,0,0,0,4,0,0,6,0,6,4,0,6,0,10,14,0,14,24
04/13/2019,IFP,AZ,AWP,WE,Federal Contract Tower,2,0,0,0,2,0,7,9,6,22,2,7,9,6,24,0,0,0,24
04/14/2019,IFP,AZ,AWP,WE,Federal Contract Tower,7,0,1,0,8,0,5,17,0,22,7,5,18,0,30,0,0,0,30
04/15/2019,IFP,AZ,AWP,WE,Federal Contract Tower,5,0,0,0,5,0,6,13,0,19,5,6,13,0,24,0,0,0,24
04/16/2019,IFP,AZ,AWP,WE,Federal Contract Tower,2,0,0,2,4,0,6,6,0,12,2,6,6,2,16,0,4,4,20
04/17/2019,IFP,AZ,AWP,WE,Federal Contract Tower,3,0,1,0,4,0,8,7,0,15,3,8,8,0,19,0,0,0,19
04/18/2019,IFP,AZ,AWP,WE,Federal Contract Tower,6,0,0,1,7,0,2,14,1,17,6,2,14,2,24,0,0,0,24
04/19/2019,IFP,AZ,AWP,WE,Federal Contract Tower,5,2,2,0,9,0,14,19,0,33,5,16,21,0,42,0,0,0,42
04/20/2019,IFP,AZ,AWP,WE,Federal Contract Tower,6,0,1,0,7,0,0,18,0,18,6,0,19,0,25,0,0,0,25
04/21/2019,IFP,AZ,AWP,WE,Federal Contract Tower,5,1,0,0,6,0,1,7,0,8,5,2,7,0,14,0,0,0,14
04/22/2019,IFP,AZ,AWP,WE,Federal Contract Tower,7,0,1,0,8,0,0,15,1,16,7,0,16,1,24,0,0,0,24
04/23/2019,IFP,AZ,AWP,WE,Federal Contract Tower,3,0,2,0,5,0,17,10,1,28,3,17,12,1,33,0,0,0,33
04/24/2019,IFP,AZ,AWP,WE,Federal Contract Tower,3,0,0,0,3,0,4,17,0,21,3,4,17,0,24,0,0,0,24
04/25/2019,IFP,AZ,AWP,WE,Federal Contract Tower,6,0,2,0,8,0,8,24,2,34,6,8,26,2,42,42,0,42,84
04/26/2019,IFP,AZ,AWP,WE,Federal Contract Tower,5,0,2,0,7,1,3,21,0,25,6,3,23,0,32,34,0,34,66
04/27/2019,IFP,AZ,AWP,WE,Federal Contract Tower,7,0,1,0,8,0,7,14,2,23,7,7,15,2,31,28,0,28,59
04/28/2019,IFP,AZ,AWP,WE,Federal Contract Tower,5,0,0,0,5,0,5,23,4,32,5,5,23,4,37,38,0,38,75
04/29/2019,IFP,AZ,AWP,WE,Federal Contract Tower,5,0,0,0,5,0,3,5,0,8,5,3,5,0,13,0,0,0,13
04/30/2019,IFP,AZ,AWP,WE,Federal Contract Tower,4,0,1,0,5,0,6,12,0,18,4,6,13,0,23,0,0,0,23
05/01/2019,IFP,AZ,AWP,WE,Federal Contract Tower,5,1,1,0,7,0,6,18,2,26,5,7,19,2,33,4,0,4,37
05/02/2019,IFP,AZ,AWP,WE,Federal Contract Tower,7,0,0,0,7,0,5,13,2,20,7,5,13,2,27,2,0,2,29
05/03/2019,IFP,AZ,AWP,WE,Federal Contract Tower,4,0,0,0,4,0,2,11,0,13,4,2,11,0,17,4,0,4,21
05/04/2019,IFP,AZ,AWP,WE,Federal Contract Tower,5,0,0,0,5,1,9,19,0,29,6,9,19,0,34,6,0,6,40
05/05/2019,IFP,AZ,AWP,WE,Federal Contract Tower,4,0,1,0,5,0,0,8,0,8,4,0,9,0,13,4,0,4,17
05/06/2019,IFP,AZ,AWP,WE,Federal Contract Tower,5,0,1,0,6,0,4,6,0,10,5,4,7,0,16,0,0,0,16
05/07/2019,IFP,AZ,AWP,WE,Federal Contract Tower,1,0,3,2,6,0,3,6,0,9,1,3,9,2,15,0,0,0,15
05/08/2019,IFP,AZ,AWP,WE,Federal Contract Tower,3,0,0,0,3,0,5,5,0,10,3,5,5,0,13,0,0,0,13
05/09/2019,IFP,AZ,AWP,WE,Federal Contract Tower,5,0,1,0,6,0,6,10,0,16,5,6,11,0,22,0,0,0,22
05/10/2019,IFP,AZ,AWP,WE,Federal Contract Tower,5,0,0,1,6,0,6,12,5,23,5,6,12,6,29,12,0,12,41
05/11/2019,IFP,AZ,AWP,WE,Federal Contract Tower,3,0,1,0,4,0,1,18,0,19,3,1,19,0,23,2,0,2,25
05/12/2019,IFP,AZ,AWP,WE,Federal Contract Tower,4,0,2,0,6,0,0,6,0,6,4,0,8,0,12,0,0,0,12
05/13/2019,IFP,AZ,AWP,WE,Federal Contract Tower,6,0,0,0,6,0,3,10,0,13,6,3,10,0,19,0,0,0,19
05/14/2019,IFP,AZ,AWP,WE,Federal Contract Tower,3,0,2,0,5,0,8,9,0,17,3,8,11,0,22,0,0,0,22
05/15/2019,IFP,AZ,AWP,WE,Federal Contract Tower,3,0,2,4,9,0,5,15,0,20,3,5,17,4,29,0,0,0,29
05/16/2019,IFP,AZ,AWP,WE,Federal Contract Tower,5,0,0,0,5,0,5,9,0,14,5,5,9,0,19,0,0,0,19
05/17/2019,IFP,AZ,AWP,WE,Federal Contract Tower,5,0,3,0,8,0,10,24,0,34,5,10,27,0,42,10,0,10,52
05/18/2019,IFP,AZ,AWP,WE,Federal Contract Tower,5,0,0,0,5,0,2,15,0,17,5,2,15,0,22,0,0,0,22
05/19/2019,IFP,AZ,AWP,WE,Federal Contract Tower,5,0,2,0,7,0,2,8,0,10,5,2,10,0,17,0,0,0,17
05/20/2019,IFP,AZ,AWP,WE,Federal Contract Tower,5,0,4,0,9,0,2,9,0,11,5,2,13,0,20,0,0,0,20
05/21/2019,IFP,AZ,AWP,WE,Federal Contract Tower,2,0,4,0,6,0,11,10,0,21,2,11,14,0,27,0,0,0,27
05/22/2019,IFP,AZ,AWP,WE,Federal Contract Tower,3,0,2,0,5,0,6,2,4,12,3,6,4,4,17,10,0,10,27
05/23/2019,IFP,AZ,AWP,WE,Federal Contract Tower,5,0,4,0,9,0,2,10,0,12,5,2,14,0,21,6,0,6,27
05/24/2019,IFP,AZ,AWP,WE,Federal Contract Tower,5,1,5,0,11,0,1,18,0,19,5,2,23,0,30,0,0,0,30
05/25/2019,IFP,AZ,AWP,WE,Federal Contract Tower,3,0,0,0,3,0,6,24,0,30,3,6,24,0,33,0,0,0,33
05/26/2019,IFP,AZ,AWP,WE,Federal Contract Tower,5,0,0,0,5,0,5,6,0,11,5,5,6,0,16,0,0,0,16
05/27/2019,IFP,AZ,AWP,WE,Federal Contract Tower,5,0,2,0,7,0,1,14,0,15,5,1,16,0,22,0,0,0,22
05/28/2019,IFP,AZ,AWP,WE,Federal Contract Tower,2,0,1,0,3,0,5,17,3,25,2,5,18,3,28,0,0,0,28
05/29/2019,IFP,AZ,AWP,WE,Federal Contract Tower,3,0,0,0,3,0,1,22,1,24,3,1,22,1,27,4,0,4,31
05/30/2019,IFP,AZ,AWP,WE,Federal Contract Tower,5,0,0,0,5,0,1,11,3,15,5,1,11,3,20,12,0,12,32
05/31/2019,IFP,AZ,AWP,WE,Federal Contract Tower,5,0,0,0,5,0,2,19,4,25,5,2,19,4,30,6,0,6,36
06/01/2019,IFP,AZ,AWP,WE,Federal Contract Tower,5,0,2,0,7,0,1,21,0,22,5,1,23,0,29,6,0,6,35
06/02/2019,IFP,AZ,AWP,WE,Federal Contract Tower,5,0,0,0,5,0,4,14,0,18,5,4,14,0,23,0,0,0,23
06/03/2019,IFP,AZ,AWP,WE,Federal Contract Tower,7,0,0,0,7,0,9,16,0,25,7,9,16,0,32,20,0,20,52
06/04/2019,IFP,AZ,AWP,WE,Federal Contract Tower,1,0,0,0,1,0,6,26,0,32,1,6,26,0,33,22,0,22,55
06/05/2019,IFP,AZ,AWP,WE,Federal Contract Tower,3,0,0,0,3,0,5,13,0,18,3,5,13,0,21,12,0,12,33
06/06/2019,IFP,AZ,AWP,WE,Federal Contract Tower,4,0,1,1,6,0,2,11,2,15,4,2,12,3,21,0,0,0,21
06/07/2019,IFP,AZ,AWP,WE,Federal Contract Tower,5,0,2,0,7,0,8,10,0,18,5,8,12,0,25,0,0,0,25
06/08/2019,IFP,AZ,AWP,WE,Federal Contract Tower,4,0,1,0,5,0,3,20,0,23,4,3,21,0,28,0,0,0,28
06/09/2019,IFP,AZ,AWP,WE,Federal Contract Tower,5,0,0,0,5,0,0,11,5,16,5,0,11,5,21,0,0,0,21
06/10/2019,IFP,AZ,AWP,WE,Federal Contract Tower,5,0,2,0,7,0,6,9,0,15,5,6,11,0,22,0,0,0,22
06/11/2019,IFP,AZ,AWP,WE,Federal Contract Tower,1,0,0,0,1,0,8,16,2,26,1,8,16,2,27,0,0,0,27
06/12/2019,IFP,AZ,AWP,WE,Federal Contract Tower,4,0,0,0,4,0,6,18,0,24,4,6,18,0,28,0,0,0,28
06/13/2019,IFP,AZ,AWP,WE,Federal Contract Tower,6,0,0,0,6,0,7,7,0,14,6,7,7,0,20,0,0,0,20
06/14/2019,IFP,AZ,AWP,WE,Federal Contract Tower,1,1,4,0,6,0,0,1,10,11,1,1,5,10,17,0,0,0,17
06/15/2019,IFP,AZ,AWP,WE,Federal Contract Tower,4,0,1,0,5,0,4,15,2,21,4,4,16,2,26,10,4,14,40
06/16/2019,IFP,AZ,AWP,WE,Federal Contract Tower,5,0,1,0,6,0,7,9,0,16,5,7,10,0,22,0,0,0,22
06/17/2019,IFP,AZ,AWP,WE,Federal Contract Tower,1,2,2,0,5,0,3,6,0,9,1,5,8,0,14,8,0,8,22
06/18/2019,IFP,AZ,AWP,WE,Federal Contract Tower,3,0,2,2,7,0,3,7,2,12,3,3,9,4,19,0,10,10,29
06/19/2019,IFP,AZ,AWP,WE,Federal Contract Tower,2,2,2,0,6,0,5,12,0,17,2,7,14,0,23,0,0,0,23
06/20/2019,IFP,AZ,AWP,WE,Federal Contract Tower,5,0,0,0,5,0,4,11,0,15,5,4,11,0,20,0,0,0,20
06/21/2019,IFP,AZ,AWP,WE,Federal Contract Tower,4,0,0,0,4,0,2,14,1,17,4,2,14,1,21,0,0,0,21
06/22/2019,IFP,AZ,AWP,WE,Federal Contract Tower,3,0,0,0,3,0,0,8,0,8,3,0,8,0,11,0,0,0,11
06/23/2019,IFP,AZ,AWP,WE,Federal Contract Tower,5,0,1,0,6,0,0,25,6,31,5,0,26,6,37,8,0,8,45
06/24/2019,IFP,AZ,AWP,WE,Federal Contract Tower,5,0,1,0,6,0,21,14,0,35,5,21,15,0,41,0,4,4,45
06/25/2019,IFP,AZ,AWP,WE,Federal Contract Tower,3,0,1,0,4,0,2,9,0,11,3,2,10,0,15,6,0,6,21
06/26/2019,IFP,AZ,AWP,WE,Federal Contract Tower,2,0,0,0,2,0,8,8,2,18,2,8,8,2,20,0,0,0,20
06/27/2019,IFP,AZ,AWP,WE,Federal Contract Tower,5,0,2,0,7,0,0,13,0,13,5,0,15,0,20,10,0,10,30
06/28/2019,IFP,AZ,AWP,WE,Federal Contract Tower,6,0,2,0,8,0,8,19,2,29,6,8,21,2,37,8,0,8,45
06/29/2019,IFP,AZ,AWP,WE,Federal Contract Tower,4,0,0,0,4,0,4,10,2,16,4,4,10,2,20,0,0,0,20
06/30/2019,IFP,AZ,AWP,WE,Federal Contract Tower,5,0,0,2,7,0,7,5,0,12,5,7,5,2,19,0,2,2,21
07/01/2019,IFP,AZ,AWP,WE,Federal Contract Tower,4,0,0,0,4,0,12,14,2,28,4,12,14,2,32,0,0,0,32
07/02/2019,IFP,AZ,AWP,WE,Federal Contract Tower,3,0,2,0,5,0,1,9,0,10,3,1,11,0,15,0,0,0,15
07/03/2019,IFP,AZ,AWP,WE,Federal Contract Tower,3,0,1,0,4,0,1,9,0,10,3,1,10,0,14,0,0,0,14
07/04/2019,IFP,AZ,AWP,WE,Federal Contract Tower,4,0,0,0,4,0,10,10,0,20,4,10,10,0,24,20,0,20,44
07/05/2019,IFP,AZ,AWP,WE,Federal Contract Tower,5,0,0,0,5,0,8,18,0,26,5,8,18,0,31,20,0,20,51
07/06/2019,IFP,AZ,AWP,WE,Federal Contract Tower,2,0,0,0,2,0,3,11,0,14,2,3,11,0,16,4,0,4,20
07/07/2019,IFP,AZ,AWP,WE,Federal Contract Tower,3,0,0,0,3,0,0,15,0,15,3,0,15,0,18,2,0,2,20
07/08/2019,IFP,AZ,AWP,WE,Federal Contract Tower,5,0,0,0,5,0,2,12,0,14,5,2,12,0,19,0,0,0,19
07/09/2019,IFP,AZ,AWP,WE,Federal Contract Tower,1,0,0,0,1,0,6,8,0,14,1,6,8,0,15,0,0,0,15
07/10/2019,IFP,AZ,AWP,WE,Federal Contract Tower,1,0,0,0,1,0,10,9,0,19,1,10,9,0,20,0,0,0,20
07/11/2019,IFP,AZ,AWP,WE,Federal Contract Tower,6,0,0,0,6,0,3,10,0,13,6,3,10,0,19,0,0,0,19
07/12/2019,IFP,AZ,AWP,WE,Federal Contract Tower,5,0,0,1,6,0,14,16,2,32,5,14,16,3,38,2,0,2,40
07/13/2019,IFP,AZ,AWP,WE,Federal Contract Tower,1,2,4,0,7,0,4,11,0,15,1,6,15,0,22,14,0,14,36
07/14/2019,IFP,AZ,AWP,WE,Federal Contract Tower,7,0,0,0,7,0,18,7,0,25,7,18,7,0,32,10,0,10,42
07/15/2019,IFP,AZ,AWP,WE,Federal Contract Tower,6,0,0,0,6,0,1,21,0,22,6,1,21,0,28,0,0,0,28
07/16/2019,IFP,AZ,AWP,WE,Federal Contract Tower,1,0,1,2,4,0,4,15,4,23,1,4,16,6,27,6,0,6,33
07/17/2019,IFP,AZ,AWP,WE,Federal Contract Tower,3,2,1,0,6,0,14,8,6,28,3,16,9,6,34,0,0,0,34
07/18/2019,IFP,AZ,AWP,WE,Federal Contract Tower,7,0,0,0,7,0,2,8,5,15,7,2,8,5,22,4,0,4,26
07/19/2019,IFP,AZ,AWP,WE,Federal Contract Tower,7,0,1,0,8,0,0,15,0,15,7,0,16,0,23,0,0,0,23
07/20/2019,IFP,AZ,AWP,WE,Federal Contract Tower,4,0,2,0,6,0,1,16,0,17,4,1,18,0,23,8,0,8,31
07/21/2019,IFP,AZ,AWP,WE,Federal Contract Tower,6,0,0,0,6,0,5,16,0,21,6,5,16,0,27,6,0,6,33
07/22/2019,IFP,AZ,AWP,WE,Federal Contract Tower,6,0,0,0,6,0,12,15,0,27,6,12,15,0,33,6,0,6,39
07/23/2019,IFP,AZ,AWP,WE,Federal Contract Tower,3,0,0,0,3,0,6,6,2,14,3,6,6,2,17,0,6,6,23
07/24/2019,IFP,AZ,AWP,WE,Federal Contract Tower,1,0,0,0,1,0,6,7,0,13,1,6,7,0,14,6,0,6,20
07/25/2019,IFP,AZ,AWP,WE,Federal Contract Tower,6,2,2,1,11,1,0,2,1,4,7,2,4,2,15,0,0,0,15
07/26/2019,IFP,AZ,AWP,WE,Federal Contract Tower,4,1,2,0,7,1,12,26,0,39,5,13,28,0,46,6,0,6,52
07/27/2019,IFP,AZ,AWP,WE,Federal Contract Tower,2,0,0,0,2,0,11,8,0,19,2,11,8,0,21,0,0,0,21
07/28/2019,IFP,AZ,AWP,WE,Federal Contract Tower,4,0,0,0,4,0,3,8,0,11,4,3,8,0,15,0,0,0,15
07/29/2019,IFP,AZ,AWP,WE,Federal Contract Tower,4,0,1,0,5,0,7,12,0,19,4,7,13,0,24,12,0,12,36
07/30/2019,IFP,AZ,AWP,WE,Federal Contract Tower,3,0,0,0,3,0,11,7,0,18,3,11,7,0,21,0,0,0,21
07/31/2019,IFP,AZ,AWP,WE,Federal Contract Tower,1,0,1,0,2,0,5,10,0,15,1,5,11,0,17,6,0,6,23
08/01/2019,IFP,AZ,AWP,WE,Federal Contract Tower,7,0,0,1,8,0,1,12,1,14,7,1,12,2,22,16,0,16,38
08/02/2019,IFP,AZ,AWP,WE,Federal Contract Tower,5,0,0,0,5,0,0,14,0,14,5,0,14,0,19,0,0,0,19
08/03/2019,IFP,AZ,AWP,WE,Federal Contract Tower,3,0,0,0,3,0,3,4,0,7,3,3,4,0,10,0,0,0,10
08/04/2019,IFP,AZ,AWP,WE,Federal Contract Tower,6,0,0,0,6,0,0,12,0,12,6,0,12,0,18,0,0,0,18
08/05/2019,IFP,AZ,AWP,WE,Federal Contract Tower,4,0,0,0,4,0,2,12,0,14,4,2,12,0,18,0,0,0,18
08/06/2019,IFP,AZ,AWP,WE,Federal Contract Tower,3,0,0,2,5,0,8,8,0,16,3,8,8,2,21,2,12,14,35
08/07/2019,IFP,AZ,AWP,WE,Federal Contract Tower,1,0,2,0,3,0,5,10,0,15,1,5,12,0,18,0,0,0,18
08/08/2019,IFP,AZ,AWP,WE,Federal Contract Tower,5,2,0,0,7,0,6,10,0,16,5,8,10,0,23,0,0,0,23
08/09/2019,IFP,AZ,AWP,WE,Federal Contract Tower,6,0,0,0,6,0,0,14,0,14,6,0,14,0,20,0,0,0,20
08/10/2019,IFP,AZ,AWP,WE,Federal Contract Tower,2,0,1,0,3,0,2,12,0,14,2,2,13,0,17,0,0,0,17
08/11/2019,IFP,AZ,AWP,WE,Federal Contract Tower,5,2,1,0,8,0,3,14,0,17,5,5,15,0,25,0,0,0,25
08/12/2019,IFP,AZ,AWP,WE,Federal Contract Tower,5,0,1,0,6,0,1,21,0,22,5,1,22,0,28,6,0,6,34
08/13/2019,IFP,AZ,AWP,WE,Federal Contract Tower,2,0,1,0,3,0,4,15,0,19,2,4,16,0,22,0,0,0,22
08/14/2019,IFP,AZ,AWP,WE,Federal Contract Tower,2,0,1,0,3,0,1,18,0,19,2,1,19,0,22,0,0,0,22
08/15/2019,IFP,AZ,AWP,WE,Federal Contract Tower,5,0,2,0,7,0,4,18,0,22,5,4,20,0,29,8,0,8,37
08/16/2019,IFP,AZ,AWP,WE,Federal Contract Tower,3,2,1,0,6,1,9,9,0,19,4,11,10,0,25,0,0,0,25
08/17/2019,IFP,AZ,AWP,WE,Federal Contract Tower,2,0,2,0,4,0,12,16,0,28,2,12,18,0,32,0,0,0,32
08/18/2019,IFP,AZ,AWP,WE,Federal Contract Tower,6,0,3,0,9,0,4,9,0,13,6,4,12,0,22,0,0,0,22
08/19/2019,IFP,AZ,AWP,WE,Federal Contract Tower,6,0,0,0,6,0,5,22,0,27,6,5,22,0,33,0,0,0,33
08/20/2019,IFP,AZ,AWP,WE,Federal Contract Tower,3,0,0,2,5,0,10,14,0,24,3,10,14,2,29,0,0,0,29
08/21/2019,IFP,AZ,AWP,WE,Federal Contract Tower,1,0,0,1,2,0,5,18,0,23,1,5,18,1,25,0,0,0,25
08/22/2019,IFP,AZ,AWP,WE,Federal Contract Tower,7,0,2,0,9,0,3,11,0,14,7,3,13,0,23,0,0,0,23
08/23/2019,IFP,AZ,AWP,WE,Federal Contract Tower,5,0,2,0,7,0,1,10,0,11,5,1,12,0,18,0,0,0,18
08/24/2019,IFP,AZ,AWP,WE,Federal Contract Tower,3,0,1,0,4,0,11,7,0,18,3,11,8,0,22,2,0,2,24
08/25/2019,IFP,AZ,AWP,WE,Federal Contract Tower,4,0,2,0,6,0,6,10,0,16,4,6,12,0,22,0,0,0,22
08/26/2019,IFP,AZ,AWP,WE,Federal Contract Tower,5,0,1,1,7,0,7,11,4,22,5,7,12,5,29,0,0,0,29
08/27/2019,IFP,AZ,AWP,WE,Federal Contract Tower,4,0,0,0,4,0,14,8,2,24,4,14,8,2,28,0,0,0,28
08/28/2019,IFP,AZ,AWP,WE,Federal Contract Tower,2,0,2,0,4,0,10,10,0,20,2,10,12,0,24,6,0,6,30
08/29/2019,IFP,AZ,AWP,WE,Federal Contract Tower,4,0,2,0,6,0,12,6,0,18,4,12,8,0,24,0,0,0,24
08/30/2019,IFP,AZ,AWP,WE,Federal Contract Tower,7,0,3,0,10,0,8,8,0,16,7,8,11,0,26,0,0,0,26
08/31/2019,IFP,AZ,AWP,WE,Federal Contract Tower,3,0,0,0,3,0,3,11,0,14,3,3,11,0,17,0,0,0,17
09/01/2019,IFP,AZ,AWP,WE,Federal Contract Tower,7,0,0,0,7,0,5,13,0,18,7,5,13,0,25,0,0,0,25
09/02/2019,IFP,AZ,AWP,WE,Federal Contract Tower,5,0,0,0,5,0,5,11,0,16,5,5,11,0,21,4,0,4,25
09/03/2019,IFP,AZ,AWP,WE,Federal Contract Tower,2,0,0,1,3,0,8,17,1,26,2,8,17,2,29,0,0,0,29
09/04/2019,IFP,AZ,AWP,WE,Federal Contract Tower,2,0,1,0,3,0,10,15,0,25,2,10,16,0,28,0,0,0,28
09/05/2019,IFP,AZ,AWP,WE,Federal Contract Tower,7,0,0,0,7,0,6,13,0,19,7,6,13,0,26,0,0,0,26
09/06/2019,IFP,AZ,AWP,WE,Federal Contract Tower,5,0,0,0,5,0,9,5,0,14,5,9,5,0,19,0,0,0,19
09/07/2019,IFP,AZ,AWP,WE,Federal Contract Tower,3,0,0,0,3,0,1,11,0,12,3,1,11,0,15,0,0,0,15
09/08/2019,IFP,AZ,AWP,WE,Federal Contract Tower,6,2,3,0,11,0,2,7,0,9,6,4,10,0,20,2,0,2,22
09/09/2019,IFP,AZ,AWP,WE,Federal Contract Tower,5,0,0,0,5,0,2,10,2,14,5,2,10,2,19,0,22,22,41
09/10/2019,IFP,AZ,AWP,WE,Federal Contract Tower,3,0,3,0,6,0,12,7,0,19,3,12,10,0,25,6,0,6,31
09/11/2019,IFP,AZ,AWP,WE,Federal Contract Tower,1,0,0,0,1,0,5,17,0,22,1,5,17,0,23,0,0,0,23
09/12/2019,IFP,AZ,AWP,WE,Federal Contract Tower,5,2,0,2,9,0,7,12,1,20,5,9,12,3,29,0,0,0,29
09/13/2019,IFP,AZ,AWP,WE,Federal Contract Tower,5,0,0,0,5,0,8,8,1,17,5,8,8,1,22,2,0,2,24
09/14/2019,IFP,AZ,AWP,WE,Federal Contract Tower,4,2,0,1,7,0,3,14,3,20,4,5,14,4,27,6,0,6,33
09/15/2019,IFP,AZ,AWP,WE,Federal Contract Tower,6,0,0,0,6,1,0,21,0,22,7,0,21,0,28,0,0,0,28
09/16/2019,IFP,AZ,AWP,WE,Federal Contract Tower,3,0,0,0,3,0,6,10,0,16,3,6,10,0,19,0,0,0,19
09/17/2019,IFP,AZ,AWP,WE,Federal Contract Tower,3,0,3,0,6,0,2,28,2,32,3,2,31,2,38,12,2,14,52
09/18/2019,IFP,AZ,AWP,WE,Federal Contract Tower,2,0,6,0,8,0,3,25,4,32,2,3,31,4,40,20,0,20,60
09/19/2019,IFP,AZ,AWP,WE,Federal Contract Tower,7,0,0,0,7,0,3,24,4,31,7,3,24,4,38,0,0,0,38
09/20/2019,IFP,AZ,AWP,WE,Federal Contract Tower,5,0,0,0,5,0,4,32,0,36,5,4,32,0,41,0,0,0,41
09/21/2019,IFP,AZ,AWP,WE,Federal Contract Tower,2,2,0,0,4,0,1,18,0,19,2,3,18,0,23,0,0,0,23
09/22/2019,IFP,AZ,AWP,WE,Federal Contract Tower,5,0,0,0,5,0,0,27,0,27,5,0,27,0,32,0,0,0,32
09/23/2019,IFP,AZ,AWP,WE,Federal Contract Tower,4,0,2,0,6,0,1,10,1,12,4,1,12,1,18,0,0,0,18
09/24/2019,IFP,AZ,AWP,WE,Federal Contract Tower,3,0,0,0,3,0,12,14,1,27,3,12,14,1,30,2,0,2,32
09/25/2019,IFP,AZ,AWP,WE,Federal Contract Tower,2,0,0,0,2,0,0,9,0,9,2,0,9,0,11,2,0,2,13
09/26/2019,IFP,AZ,AWP,WE,Federal Contract Tower,6,0,0,0,6,0,3,12,0,15,6,3,12,0,21,0,0,0,21
09/27/2019,IFP,AZ,AWP,WE,Federal Contract Tower,5,0,3,0,8,0,5,22,0,27,5,5,25,0,35,0,0,0,35
09/28/2019,IFP,AZ,AWP,WE,Federal Contract Tower,2,0,0,0,2,1,4,14,0,19,3,4,14,0,21,0,0,0,21
09/29/2019,IFP,AZ,AWP,WE,Federal Contract Tower,8,0,0,0,8,0,0,14,0,14,8,0,14,0,22,12,0,12,34
09/30/2019,IFP,AZ,AWP,WE,Federal Contract Tower,6,0,0,0,6,0,0,19,0,19,6,0,19,0,25,4,0,4,29
10/01/2019,IFP,AZ,AWP,WE,Federal Contract Tower,2,0,0,0,2,0,4,12,2,18,2,4,12,2,20,0,0,0,20
10/02/2019,IFP,AZ,AWP,WE,Federal Contract Tower,1,0,4,0,5,0,9,13,0,22,1,9,17,0,27,6,0,6,33
10/03/2019,IFP,AZ,AWP,WE,Federal Contract Tower,7,0,1,0,8,0,6,12,0,18,7,6,13,0,26,0,0,0,26
10/04/2019,IFP,AZ,AWP,WE,Federal Contract Tower,7,1,1,0,9,0,0,15,0,15,7,1,16,0,24,0,0,0,24
10/05/2019,IFP,AZ,AWP,WE,Federal Contract Tower,1,0,1,0,2,0,3,27,0,30,1,3,28,0,32,4,0,4,36
10/06/2019,IFP,AZ,AWP,WE,Federal Contract Tower,6,0,4,0,10,0,1,19,0,20,6,1,23,0,30,0,0,0,30
10/07/2019,IFP,AZ,AWP,WE,Federal Contract Tower,5,0,1,0,6,0,8,12,0,20,5,8,13,0,26,2,0,2,28
10/08/2019,IFP,AZ,AWP,WE,Federal Contract Tower,4,0,0,0,4,0,3,11,0,14,4,3,11,0,18,4,0,4,22
10/09/2019,IFP,AZ,AWP,WE,Federal Contract Tower,1,0,2,0,3,0,7,15,0,22,1,7,17,0,25,0,0,0,25
10/10/2019,IFP,AZ,AWP,WE,Federal Contract Tower,5,0,1,0,6,0,6,3,0,9,5,6,4,0,15,0,0,0,15
10/11/2019,IFP,AZ,AWP,WE,Federal Contract Tower,5,2,3,0,10,0,1,15,5,21,5,3,18,5,31,0,0,0,31
10/12/2019,IFP,AZ,AWP,WE,Federal Contract Tower,3,0,1,0,4,0,15,71,0,86,3,15,72,0,90,4,0,4,94
10/13/2019,IFP,AZ,AWP,WE,Federal Contract Tower,5,2,5,0,12,0,2,57,0,59,5,4,62,0,71,0,0,0,71
10/14/2019,IFP,AZ,AWP,WE,Federal Contract Tower,4,0,4,0,8,1,8,27,6,42,5,8,31,6,50,0,0,0,50
10/15/2019,IFP,AZ,AWP,WE,Federal Contract Tower,3,2,1,0,6,0,3,17,0,20,3,5,18,0,26,0,0,0,26
10/16/2019,IFP,AZ,AWP,WE,Federal Contract Tower,3,0,1,0,4,0,0,13,2,15,3,0,14,2,19,0,0,0,19
10/17/2019,IFP,AZ,AWP,WE,Federal Contract Tower,5,0,2,4,11,0,10,28,0,38,5,10,30,4,49,6,0,6,55
10/18/2019,IFP,AZ,AWP,WE,Federal Contract Tower,6,3,0,0,9,0,14,39,2,55,6,17,39,2,64,8,0,8,72
10/19/2019,IFP,AZ,AWP,WE,Federal Contract Tower,5,0,1,1,7,0,7,16,0,23,5,7,17,1,30,0,0,0,30
10/20/2019,IFP,AZ,AWP,WE,Federal Contract Tower,8,0,0,0,8,0,8,12,0,20,8,8,12,0,28,0,0,0,28
10/21/2019,IFP,AZ,AWP,WE,Federal Contract Tower,5,0,0,0,5,0,2,13,0,15,5,2,13,0,20,0,0,0,20
10/22/2019,IFP,AZ,AWP,WE,Federal Contract Tower,4,0,0,0,4,0,3,7,2,12,4,3,7,2,16,8,0,8,24
10/23/2019,IFP,AZ,AWP,WE,Federal Contract Tower,4,0,0,0,4,0,3,16,0,19,4,3,16,0,23,0,0,0,23
10/24/2019,IFP,AZ,AWP,WE,Federal Contract Tower,7,0,1,0,8,0,2,8,0,10,7,2,9,0,18,0,0,0,18
10/25/2019,IFP,AZ,AWP,WE,Federal Contract Tower,4,0,3,0,7,0,2,13,0,15,4,2,16,0,22,0,0,0,22
10/26/2019,IFP,AZ,AWP,WE,Federal Contract Tower,5,2,0,0,7,0,3,21,2,26,5,5,21,2,33,2,0,2,35
10/27/2019,IFP,AZ,AWP,WE,Federal Contract Tower,6,0,0,0,6,0,9,25,0,34,6,9,25,0,40,8,0,8,48
10/28/2019,IFP,AZ,AWP,WE,Federal Contract Tower,5,0,1,0,6,0,2,21,0,23,5,2,22,0,29,6,0,6,35
10/29/2019,IFP,AZ,AWP,WE,Federal Contract Tower,3,0,1,0,4,0,1,29,0,30,3,1,30,0,34,6,0,6,40
10/30/2019,IFP,AZ,AWP,WE,Federal Contract Tower,2,0,2,0,4,0,1,5,0,6,2,1,7,0,10,0,0,0,10
10/31/2019,IFP,AZ,AWP,WE,Federal Contract Tower,6,2,1,0,9,0,4,9,0,13,6,6,10,0,22,0,0,0,22
11/01/2019,IFP,AZ,AWP,WE,Federal Contract Tower,7,0,2,0,9,0,33,13,0,46,7,33,15,0,55,2,0,2,57
11/02/2019,IFP,AZ,AWP,WE,Federal Contract Tower,4,0,3,0,7,1,0,17,3,21,5,0,20,3,28,0,0,0,28
11/03/2019,IFP,AZ,AWP,WE,Federal Contract Tower,5,2,0,0,7,0,3,22,1,26,5,5,22,1,33,0,0,0,33
11/04/2019,IFP,AZ,AWP,WE,Federal Contract Tower,7,1,0,0,8,0,11,21,0,32,7,12,21,0,40,2,0,2,42
11/05/2019,IFP,AZ,AWP,WE,Federal Contract Tower,4,0,0,0,4,0,2,17,0,19,4,2,17,0,23,0,0,0,23
11/06/2019,IFP,AZ,AWP,WE,Federal Contract Tower,3,0,0,0,3,0,1,11,0,12,3,1,11,0,15,0,0,0,15
11/07/2019,IFP,AZ,AWP,WE,Federal Contract Tower,5,0,2,0,7,0,2,16,0,18,5,2,18,0,25,4,0,4,29
11/08/2019,IFP,AZ,AWP,WE,Federal Contract Tower,7,0,3,0,10,0,0,18,0,18,7,0,21,0,28,0,0,0,28
11/09/2019,IFP,AZ,AWP,WE,Federal Contract Tower,3,0,1,0,4,0,15,13,0,28,3,15,14,0,32,2,0,2,34
11/10/2019,IFP,AZ,AWP,WE,Federal Contract Tower,5,0,1,0,6,0,12,30,0,42,5,12,31,0,48,6,0,6,54
11/11/2019,IFP,AZ,AWP,WE,Federal Contract Tower,4,0,2,0,6,1,3,17,0,21,5,3,19,0,27,0,0,0,27
11/12/2019,IFP,AZ,AWP,WE,Federal Contract Tower,4,0,0,0,4,0,5,11,0,16,4,5,11,0,20,4,0,4,24
11/13/2019,IFP,AZ,AWP,WE,Federal Contract Tower,3,0,0,0,3,0,3,13,5,21,3,3,13,5,24,0,0,0,24
11/14/2019,IFP,AZ,AWP,WE,Federal Contract Tower,4,0,4,0,8,0,2,11,0,13,4,2,15,0,21,8,0,8,29
11/15/2019,IFP,AZ,AWP,WE,Federal Contract Tower,4,0,0,0,4,0,0,16,2,18,4,0,16,2,22,4,0,4,26
11/16/2019,IFP,AZ,AWP,WE,Federal Contract Tower,2,1,1,0,4,0,8,73,0,81,2,9,74,0,85,10,0,10,95
11/17/2019,IFP,AZ,AWP,WE,Federal Contract Tower,5,0,0,0,5,0,3,15,0,18,5,3,15,0,23,0,0,0,23
11/18/2019,IFP,AZ,AWP,WE,Federal Contract Tower,4,0,0,0,4,1,5,20,4,30,5,5,20,4,34,4,6,10,44
11/19/2019,IFP,AZ,AWP,WE,Federal Contract Tower,3,0,2,0,5,0,5,13,4,22,3,5,15,4,27,0,0,0,27
11/20/2019,IFP,AZ,AWP,WE,Federal Contract Tower,5,0,4,0,9,0,0,1,0,1,5,0,5,0,10,0,0,0,10
11/21/2019,IFP,AZ,AWP,WE,Federal Contract Tower,5,1,1,1,8,0,2,2,1,5,5,3,3,2,13,4,12,16,29
11/22/2019,IFP,AZ,AWP,WE,Federal Contract Tower,4,0,0,0,4,0,6,19,0,25,4,6,19,0,29,0,0,0,29
11/23/2019,IFP,AZ,AWP,WE,Federal Contract Tower,5,0,2,0,7,0,0,20,0,20,5,0,22,0,27,4,0,4,31
11/24/2019,IFP,AZ,AWP,WE,Federal Contract Tower,5,0,0,0,5,0,9,14,0,23,5,9,14,0,28,4,0,4,32
11/25/2019,IFP,AZ,AWP,WE,Federal Contract Tower,4,0,1,2,7,0,8,19,0,27,4,8,20,2,34,0,0,0,34
11/26/2019,IFP,AZ,AWP,WE,Federal Contract Tower,3,0,3,0,6,0,8,12,0,20,3,8,15,0,26,2,0,2,28
11/27/2019,IFP,AZ,AWP,WE,Federal Contract Tower,1,2,1,0,4,0,0,4,0,4,1,2,5,0,8,0,0,0,8
11/28/2019,IFP,AZ,AWP,WE,Federal Contract Tower,7,0,0,0,7,1,0,0,0,1,8,0,0,0,8,0,0,0,8
11/29/2019,IFP,AZ,AWP,WE,Federal Contract Tower,5,0,0,0,5,0,0,7,0,7,5,0,7,0,12,0,0,0,12
11/30/2019,IFP,AZ,AWP,WE,Federal Contract Tower,1,0,0,0,1,0,7,16,0,23,1,7,16,0,24,0,0,0,24
12/01/2019,IFP,AZ,AWP,WE,Federal Contract Tower,3,0,2,0,5,1,6,10,0,17,4,6,12,0,22,0,0,0,22
12/02/2019,IFP,AZ,AWP,WE,Federal Contract Tower,3,0,2,0,5,1,0,17,0,18,4,0,19,0,23,6,0,6,29
12/03/2019,IFP,AZ,AWP,WE,Federal Contract Tower,2,0,1,0,3,0,6,11,0,17,2,6,12,0,20,0,0,0,20
12/04/2019,IFP,AZ,AWP,WE,Federal Contract Tower,4,0,3,2,9,0,2,2,0,4,4,2,5,2,13,4,0,4,17
12/05/2019,IFP,AZ,AWP,WE,Federal Contract Tower,5,1,2,0,8,0,10,7,0,17,5,11,9,0,25,0,0,0,25
12/06/2019,IFP,AZ,AWP,WE,Federal Contract Tower,4,0,0,0,4,0,1,25,1,27,4,1,25,1,31,8,0,8,39
12/07/2019,IFP,AZ,AWP,WE,Federal Contract Tower,3,0,1,0,4,0,0,27,2,29,3,0,28,2,33,4,0,4,37
12/08/2019,IFP,AZ,AWP,WE,Federal Contract Tower,5,2,1,0,8,0,0,11,2,13,5,2,12,2,21,0,0,0,21
12/09/2019,IFP,AZ,AWP,WE,Federal Contract Tower,4,0,6,0,10,1,7,15,0,23,5,7,21,0,33,0,0,0,33
12/10/2019,IFP,AZ,AWP,WE,Federal Contract Tower,4,2,2,0,8,0,3,16,0,19,4,5,18,0,27,0,0,0,27
12/11/2019,IFP,AZ,AWP,WE,Federal Contract Tower,3,2,0,0,5,0,21,25,2,48,3,23,25,2,53,4,0,4,57
12/12/2019,IFP,AZ,AWP,WE,Federal Contract Tower,5,0,1,0,6,0,7,12,0,19,5,7,13,0,25,0,0,0,25
12/13/2019,IFP,AZ,AWP,WE,Federal Contract Tower,6,0,0,0,6,0,9,25,1,35,6,9,25,1,41,6,0,6,47
12/14/2019,IFP,AZ,AWP,WE,Federal Contract Tower,3,0,2,2,7,0,3,41,1,45,3,3,43,3,52,6,2,8,60
12/15/2019,IFP,AZ,AWP,WE,Federal Contract Tower,3,0,0,0,3,0,2,36,0,38,3,2,36,0,41,0,0,0,41
12/16/2019,IFP,AZ,AWP,WE,Federal Contract Tower,0,0,1,1,2,1,6,22,2,31,1,6,23,3,33,12,0,12,45
12/17/2019,IFP,AZ,AWP,WE,Federal Contract Tower,0,0,2,0,2,0,10,18,0,28,0,10,20,0,30,0,0,0,30
12/18/2019,IFP,AZ,AWP,WE,Federal Contract Tower,0,0,0,0,0,0,9,11,2,22,0,9,11,2,22,4,0,4,26
12/19/2019,IFP,AZ,AWP,WE,Federal Contract Tower,0,0,2,0,2,0,5,13,0,18,0,5,15,0,20,0,0,0,20
12/20/2019,IFP,AZ,AWP,WE,Federal Contract Tower,0,0,4,1,5,0,2,13,2,17,0,2,17,3,22,8,6,14,36
12/21/2019,IFP,AZ,AWP,WE,Federal Contract Tower,0,1,0,0,1,0,10,23,0,33,0,11,23,0,34,8,0,8,42
12/22/2019,IFP,AZ,AWP,WE,Federal Contract Tower,0,1,0,0,1,0,2,9,0,11,0,3,9,0,12,12,0,12,24
12/23/2019,IFP,AZ,AWP,WE,Federal Contract Tower,0,2,4,0,6,0,4,7,0,11,0,6,11,0,17,0,0,0,17
12/24/2019,IFP,AZ,AWP,WE,Federal Contract Tower,0,0,1,0,1,0,1,4,0,5,0,1,5,0,6,0,0,0,6
12/25/2019,IFP,AZ,AWP,WE,Federal Contract Tower,0,0,0,0,0,0,0,0,0,0,0,0,0,0,0,0,0,0,0
12/26/2019,IFP,AZ,AWP,WE,Federal Contract Tower,3,0,4,0,7,0,10,3,0,13,3,10,7,0,20,2,0,2,22
12/27/2019,IFP,AZ,AWP,WE,Federal Contract Tower,2,0,1,0,3,0,0,6,0,6,2,0,7,0,9,0,0,0,9
12/28/2019,IFP,AZ,AWP,WE,Federal Contract Tower,3,0,0,1,4,0,10,12,1,23,3,10,12,2,27,0,0,0,27
12/29/2019,IFP,AZ,AWP,WE,Federal Contract Tower,2,0,1,0,3,0,0,33,2,35,2,0,34,2,38,4,0,4,42
12/30/2019,IFP,AZ,AWP,WE,Federal Contract Tower,3,0,3,1,7,0,8,16,0,24,3,8,19,1,31,4,0,4,35
12/31/2019,IFP,AZ,AWP,WE,Federal Contract Tower,2,0,0,0,2,0,2,10,0,12,2,2,10,0,14,0,0,0,14
01/01/2020,IFP,AZ,AWP,WE,Federal Contract Tower,4,0,0,0,4,0,5,13,0,18,4,5,13,0,22,0,0,0,22
01/02/2020,IFP,AZ,AWP,WE,Federal Contract Tower,4,0,0,0,4,0,0,23,0,23,4,0,23,0,27,2,0,2,29
01/03/2020,IFP,AZ,AWP,WE,Federal Contract Tower,3,0,4,0,7,0,3,10,2,15,3,3,14,2,22,0,0,0,22
01/04/2020,IFP,AZ,AWP,WE,Federal Contract Tower,4,0,2,0,6,0,4,32,0,36,4,4,34,0,42,0,0,0,42
01/05/2020,IFP,AZ,AWP,WE,Federal Contract Tower,3,0,0,0,3,0,2,24,0,26,3,2,24,0,29,0,0,0,29
01/06/2020,IFP,AZ,AWP,WE,Federal Contract Tower,3,0,1,0,4,0,3,7,0,10,3,3,8,0,14,0,0,0,14
01/07/2020,IFP,AZ,AWP,WE,Federal Contract Tower,1,0,2,0,3,0,15,13,0,28,1,15,15,0,31,0,0,0,31
01/08/2020,IFP,AZ,AWP,WE,Federal Contract Tower,3,0,2,1,6,0,9,22,1,32,3,9,24,2,38,0,0,0,38
01/09/2020,IFP,AZ,AWP,WE,Federal Contract Tower,7,0,2,0,9,0,10,15,1,26,7,10,17,1,35,10,0,10,45
01/10/2020,IFP,AZ,AWP,WE,Federal Contract Tower,6,0,0,0,6,0,15,16,4,35,6,15,16,4,41,0,4,4,45
01/11/2020,IFP,AZ,AWP,WE,Federal Contract Tower,3,0,6,0,9,0,3,19,0,22,3,3,25,0,31,0,0,0,31
01/12/2020,IFP,AZ,AWP,WE,Federal Contract Tower,6,0,0,0,6,0,0,8,35,43,6,0,8,35,49,10,0,10,59
01/13/2020,IFP,AZ,AWP,WE,Federal Contract Tower,5,0,0,0,5,0,3,19,0,22,5,3,19,0,27,0,0,0,27
01/14/2020,IFP,AZ,AWP,WE,Federal Contract Tower,1,0,0,0,1,0,11,22,1,34,1,11,22,1,35,0,0,0,35
01/15/2020,IFP,AZ,AWP,WE,Federal Contract Tower,3,0,0,0,3,0,3,14,1,18,3,3,14,1,21,0,0,0,21
01/16/2020,IFP,AZ,AWP,WE,Federal Contract Tower,6,0,0,0,6,0,5,14,0,19,6,5,14,0,25,8,0,8,33
01/17/2020,IFP,AZ,AWP,WE,Federal Contract Tower,4,0,1,3,8,0,11,19,7,37,4,11,20,10,45,4,8,12,57
01/18/2020,IFP,AZ,AWP,WE,Federal Contract Tower,1,0,2,0,3,0,7,16,0,23,1,7,18,0,26,0,0,0,26
01/19/2020,IFP,AZ,AWP,WE,Federal Contract Tower,5,0,1,0,6,0,2,3,0,5,5,2,4,0,11,0,0,0,11
01/20/2020,IFP,AZ,AWP,WE,Federal Contract Tower,4,0,2,0,6,0,2,22,0,24,4,2,24,0,30,6,0,6,36
01/21/2020,IFP,AZ,AWP,WE,Federal Contract Tower,4,0,1,0,5,0,5,20,4,29,4,5,21,4,34,0,14,14,48
01/22/2020,IFP,AZ,AWP,WE,Federal Contract Tower,4,0,3,0,7,0,6,21,0,27,4,6,24,0,34,4,0,4,38
01/23/2020,IFP,AZ,AWP,WE,Federal Contract Tower,4,0,0,0,4,0,16,16,0,32,4,16,16,0,36,0,0,0,36
01/24/2020,IFP,AZ,AWP,WE,Federal Contract Tower,5,0,3,1,9,0,8,22,3,33,5,8,25,4,42,8,0,8,50
01/25/2020,IFP,AZ,AWP,WE,Federal Contract Tower,4,0,0,0,4,0,0,10,29,39,4,0,10,29,43,0,0,0,43
01/26/2020,IFP,AZ,AWP,WE,Federal Contract Tower,3,0,0,4,7,0,2,37,0,39,3,2,37,4,46,0,0,0,46
01/27/2020,IFP,AZ,AWP,WE,Federal Contract Tower,5,0,0,0,5,0,4,29,0,33,5,4,29,0,38,6,0,6,44
01/28/2020,IFP,AZ,AWP,WE,Federal Contract Tower,3,0,0,0,3,0,8,13,1,22,3,8,13,1,25,0,0,0,25
01/29/2020,IFP,AZ,AWP,WE,Federal Contract Tower,4,0,0,0,4,0,2,6,0,8,4,2,6,0,12,0,0,0,12
01/30/2020,IFP,AZ,AWP,WE,Federal Contract Tower,3,0,1,0,4,0,3,12,0,15,3,3,13,0,19,0,0,0,19
01/31/2020,IFP,AZ,AWP,WE,Federal Contract Tower,5,0,0,0,5,0,12,14,3,29,5,12,14,3,34,4,0,4,38
02/01/2020,IFP,AZ,AWP,WE,Federal Contract Tower,4,0,3,0,7,0,11,26,0,37,4,11,29,0,44,0,0,0,44
02/02/2020,IFP,AZ,AWP,WE,Federal Contract Tower,5,0,2,0,7,0,8,22,9,39,5,8,24,9,46,0,0,0,46
02/03/2020,IFP,AZ,AWP,WE,Federal Contract Tower,6,0,0,0,6,0,7,12,0,19,6,7,12,0,25,2,0,2,27
02/04/2020,IFP,AZ,AWP,WE,Federal Contract Tower,1,0,1,0,2,0,6,2,4,12,1,6,3,4,14,0,0,0,14
02/05/2020,IFP,AZ,AWP,WE,Federal Contract Tower,4,0,1,0,5,0,14,13,0,27,4,14,14,0,32,0,0,0,32
02/06/2020,IFP,AZ,AWP,WE,Federal Contract Tower,4,0,0,0,4,0,6,23,0,29,4,6,23,0,33,4,0,4,37
02/07/2020,IFP,AZ,AWP,WE,Federal Contract Tower,6,0,1,0,7,0,3,19,0,22,6,3,20,0,29,2,0,2,31
02/08/2020,IFP,AZ,AWP,WE,Federal Contract Tower,4,0,0,2,6,0,3,17,0,20,4,3,17,2,26,0,0,0,26
02/09/2020,IFP,AZ,AWP,WE,Federal Contract Tower,4,0,1,0,5,0,5,5,0,10,4,5,6,0,15,0,0,0,15
02/10/2020,IFP,AZ,AWP,WE,Federal Contract Tower,4,0,1,0,5,0,5,5,0,10,4,5,6,0,15,0,0,0,15
02/11/2020,IFP,AZ,AWP,WE,Federal Contract Tower,2,0,0,0,2,0,4,6,0,10,2,4,6,0,12,0,0,0,12
02/12/2020,IFP,AZ,AWP,WE,Federal Contract Tower,4,0,0,1,5,0,11,23,0,34,4,11,23,1,39,0,0,0,39
02/13/2020,IFP,AZ,AWP,WE,Federal Contract Tower,5,0,1,0,6,0,6,24,3,33,5,6,25,3,39,0,0,0,39
02/14/2020,IFP,AZ,AWP,WE,Federal Contract Tower,5,0,1,0,6,0,0,15,5,20,5,0,16,5,26,0,0,0,26
02/15/2020,IFP,AZ,AWP,WE,Federal Contract Tower,3,0,4,0,7,0,7,32,2,41,3,7,36,2,48,6,0,6,54
02/16/2020,IFP,AZ,AWP,WE,Federal Contract Tower,6,0,2,1,9,0,5,19,0,24,6,5,21,1,33,0,0,0,33
02/17/2020,IFP,AZ,AWP,WE,Federal Contract Tower,4,0,1,0,5,1,5,17,0,23,5,5,18,0,28,0,0,0,28
02/18/2020,IFP,AZ,AWP,WE,Federal Contract Tower,2,0,0,0,2,0,5,8,0,13,2,5,8,0,15,4,0,4,19
02/19/2020,IFP,AZ,AWP,WE,Federal Contract Tower,3,0,3,0,6,0,6,19,2,27,3,6,22,2,33,0,0,0,33
02/20/2020,IFP,AZ,AWP,WE,Federal Contract Tower,5,2,4,0,11,0,2,15,0,17,5,4,19,0,28,0,0,0,28
02/21/2020,IFP,AZ,AWP,WE,Federal Contract Tower,5,4,10,2,21,0,10,33,2,45,5,14,43,4,66,6,0,6,72
02/22/2020,IFP,AZ,AWP,WE,Federal Contract Tower,6,0,4,2,12,0,2,46,0,48,6,2,50,2,60,0,0,0,60
02/23/2020,IFP,AZ,AWP,WE,Federal Contract Tower,5,2,1,1,9,0,5,91,1,97,5,7,92,2,106,0,0,0,106
02/24/2020,IFP,AZ,AWP,WE,Federal Contract Tower,3,0,0,0,3,0,7,22,0,29,3,7,22,0,32,10,0,10,42
02/25/2020,IFP,AZ,AWP,WE,Federal Contract Tower,3,0,0,1,4,1,14,12,0,27,4,14,12,1,31,0,0,0,31
02/26/2020,IFP,AZ,AWP,WE,Federal Contract Tower,5,0,1,0,6,0,5,30,0,35,5,5,31,0,41,20,0,20,61
02/27/2020,IFP,AZ,AWP,WE,Federal Contract Tower,5,0,2,0,7,0,17,21,0,38,5,17,23,0,45,0,0,0,45
02/28/2020,IFP,AZ,AWP,WE,Federal Contract Tower,4,0,4,0,8,0,2,12,0,14,4,2,16,0,22,0,0,0,22
02/29/2020,IFP,AZ,AWP,WE,Federal Contract Tower,4,1,2,0,7,0,6,47,0,53,4,7,49,0,60,16,0,16,76
03/01/2020,IFP,AZ,AWP,WE,Federal Contract Tower,5,0,2,0,7,0,10,12,0,22,5,10,14,0,29,0,0,0,29
03/02/2020,IFP,AZ,AWP,WE,Federal Contract Tower,5,0,3,1,9,0,7,7,1,15,5,7,10,2,24,0,6,6,30
03/03/2020,IFP,AZ,AWP,WE,Federal Contract Tower,2,0,0,0,2,0,0,13,0,13,2,0,13,0,15,0,0,0,15
03/04/2020,IFP,AZ,AWP,WE,Federal Contract Tower,5,0,1,0,6,0,2,16,0,18,5,2,17,0,24,0,0,0,24
03/05/2020,IFP,AZ,AWP,WE,Federal Contract Tower,4,0,1,1,6,0,0,26,2,28,4,0,27,3,34,0,0,0,34
03/06/2020,IFP,AZ,AWP,WE,Federal Contract Tower,3,0,4,0,7,0,14,23,0,37,3,14,27,0,44,0,0,0,44
03/07/2020,IFP,AZ,AWP,WE,Federal Contract Tower,5,0,2,0,7,0,4,16,0,20,5,4,18,0,27,0,0,0,27
03/08/2020,IFP,AZ,AWP,WE,Federal Contract Tower,6,0,2,0,8,0,4,23,0,27,6,4,25,0,35,0,0,0,35
03/09/2020,IFP,AZ,AWP,WE,Federal Contract Tower,5,0,7,0,12,0,4,19,0,23,5,4,26,0,35,0,0,0,35
03/10/2020,IFP,AZ,AWP,WE,Federal Contract Tower,1,2,2,0,5,0,2,8,0,10,1,4,10,0,15,0,0,0,15
03/11/2020,IFP,AZ,AWP,WE,Federal Contract Tower,5,0,2,0,7,0,2,7,0,9,5,2,9,0,16,0,0,0,16
03/12/2020,IFP,AZ,AWP,WE,Federal Contract Tower,6,2,0,0,8,0,0,10,0,10,6,2,10,0,18,0,0,0,18
03/13/2020,IFP,AZ,AWP,WE,Federal Contract Tower,5,0,3,0,8,0,7,11,0,18,5,7,14,0,26,0,0,0,26
03/14/2020,IFP,AZ,AWP,WE,Federal Contract Tower,3,1,4,0,8,0,11,0,0,11,3,12,4,0,19,4,0,4,23
03/15/2020,IFP,AZ,AWP,WE,Federal Contract Tower,7,0,2,0,9,0,0,19,0,19,7,0,21,0,28,12,0,12,40
03/16/2020,IFP,AZ,AWP,WE,Federal Contract Tower,4,0,0,0,4,0,3,9,0,12,4,3,9,0,16,0,0,0,16
03/17/2020,IFP,AZ,AWP,WE,Federal Contract Tower,4,0,3,2,9,0,5,13,0,18,4,5,16,2,27,0,2,2,29
03/18/2020,IFP,AZ,AWP,WE,Federal Contract Tower,8,0,2,0,10,0,4,1,0,5,8,4,3,0,15,0,0,0,15
03/19/2020,IFP,AZ,AWP,WE,Federal Contract Tower,3,0,0,0,3,0,4,7,0,11,3,4,7,0,14,0,0,0,14
03/20/2020,IFP,AZ,AWP,WE,Federal Contract Tower,5,0,0,0,5,1,0,6,0,7,6,0,6,0,12,0,0,0,12
03/21/2020,IFP,AZ,AWP,WE,Federal Contract Tower,0,0,4,0,4,0,0,11,0,11,0,0,15,0,15,0,0,0,15
03/22/2020,IFP,AZ,AWP,WE,Federal Contract Tower,0,0,0,0,0,0,9,9,0,18,0,9,9,0,18,0,0,0,18
03/23/2020,IFP,AZ,AWP,WE,Federal Contract Tower,1,0,0,0,1,0,1,8,2,11,1,1,8,2,12,0,0,0,12
03/24/2020,IFP,AZ,AWP,WE,Federal Contract Tower,0,0,1,1,2,0,3,10,0,13,0,3,11,1,15,0,0,0,15
03/25/2020,IFP,AZ,AWP,WE,Federal Contract Tower,0,0,1,0,1,0,0,10,0,10,0,0,11,0,11,0,0,0,11
03/26/2020,IFP,AZ,AWP,WE,Federal Contract Tower,1,0,0,0,1,0,5,13,0,18,1,5,13,0,19,0,0,0,19
03/27/2020,IFP,AZ,AWP,WE,Federal Contract Tower,0,0,0,0,0,0,11,11,0,22,0,11,11,0,22,2,0,2,24
03/28/2020,IFP,AZ,AWP,WE,Federal Contract Tower,0,0,2,0,2,0,6,9,0,15,0,6,11,0,17,4,0,4,21
03/29/2020,IFP,AZ,AWP,WE,Federal Contract Tower,0,0,0,0,0,0,2,17,0,19,0,2,17,0,19,0,0,0,19
03/30/2020,IFP,AZ,AWP,WE,Federal Contract Tower,0,0,0,0,0,0,4,21,0,25,0,4,21,0,25,10,0,10,35
03/31/2020,IFP,AZ,AWP,WE,Federal Contract Tower,0,0,1,0,1,0,3,14,0,17,0,3,15,0,18,0,0,0,18
04/01/2020,IFP,AZ,AWP,WE,Federal Contract Tower,0,0,0,0,0,0,0,9,0,9,0,0,9,0,9,8,0,8,17
04/02/2020,IFP,AZ,AWP,WE,Federal Contract Tower,0,0,2,0,2,0,9,17,0,26,0,9,19,0,28,4,0,4,32
04/03/2020,IFP,AZ,AWP,WE,Federal Contract Tower,0,0,0,0,0,0,4,13,0,17,0,4,13,0,17,2,0,2,19
04/04/2020,IFP,AZ,AWP,WE,Federal Contract Tower,0,0,4,0,4,0,1,5,0,6,0,1,9,0,10,0,0,0,10
04/05/2020,IFP,AZ,AWP,WE,Federal Contract Tower,0,0,0,0,0,0,0,8,0,8,0,0,8,0,8,0,0,0,8
04/06/2020,IFP,AZ,AWP,WE,Federal Contract Tower,0,0,2,0,2,0,1,8,0,9,0,1,10,0,11,0,0,0,11
04/07/2020,IFP,AZ,AWP,WE,Federal Contract Tower,0,0,0,0,0,0,6,6,0,12,0,6,6,0,12,0,0,0,12
04/08/2020,IFP,AZ,AWP,WE,Federal Contract Tower,0,0,0,0,0,0,3,6,0,9,0,3,6,0,9,84,0,84,93
04/09/2020,IFP,AZ,AWP,WE,Federal Contract Tower,0,0,0,2,2,0,2,6,0,8,0,2,6,2,10,10,0,10,20
04/10/2020,IFP,AZ,AWP,WE,Federal Contract Tower,0,0,3,0,3,0,10,12,5,27,0,10,15,5,30,20,12,32,62
04/11/2020,IFP,AZ,AWP,WE,Federal Contract Tower,0,0,0,0,0,0,0,21,0,21,0,0,21,0,21,0,0,0,21
04/12/2020,IFP,AZ,AWP,WE,Federal Contract Tower,0,0,0,0,0,0,0,12,0,12,0,0,12,0,12,0,0,0,12
04/13/2020,IFP,AZ,AWP,WE,Federal Contract Tower,0,0,1,1,2,0,14,7,1,22,0,14,8,2,24,2,4,6,30
04/14/2020,IFP,AZ,AWP,WE,Federal Contract Tower,0,0,0,0,0,0,0,9,0,9,0,0,9,0,9,0,0,0,9
04/15/2020,IFP,AZ,AWP,WE,Federal Contract Tower,4,0,0,0,4,0,5,12,0,17,4,5,12,0,21,20,0,20,41
04/16/2020,IFP,AZ,AWP,WE,Federal Contract Tower,0,0,0,0,0,0,0,13,0,13,0,0,13,0,13,16,0,16,29
04/17/2020,IFP,AZ,AWP,WE,Federal Contract Tower,0,0,0,1,1,0,1,6,1,8,0,1,6,2,9,0,8,8,17
04/18/2020,IFP,AZ,AWP,WE,Federal Contract Tower,0,0,0,0,0,0,3,5,0,8,0,3,5,0,8,0,0,0,8
04/19/2020,IFP,AZ,AWP,WE,Federal Contract Tower,0,0,0,0,0,0,0,12,2,14,0,0,12,2,14,0,0,0,14
04/20/2020,IFP,AZ,AWP,WE,Federal Contract Tower,0,0,1,0,1,0,2,26,2,30,0,2,27,2,31,24,0,24,55
04/21/2020,IFP,AZ,AWP,WE,Federal Contract Tower,0,0,0,0,0,0,3,13,0,16,0,3,13,0,16,0,0,0,16
04/22/2020,IFP,AZ,AWP,WE,Federal Contract Tower,0,0,0,0,0,0,5,10,2,17,0,5,10,2,17,0,0,0,17
04/23/2020,IFP,AZ,AWP,WE,Federal Contract Tower,0,0,0,0,0,0,0,18,0,18,0,0,18,0,18,0,0,0,18
04/24/2020,IFP,AZ,AWP,WE,Federal Contract Tower,0,0,0,4,4,0,6,5,0,11,0,6,5,4,15,14,24,38,53
04/25/2020,IFP,AZ,AWP,WE,Federal Contract Tower,0,0,2,1,3,0,4,16,1,21,0,4,18,2,24,0,4,4,28
04/26/2020,IFP,AZ,AWP,WE,Federal Contract Tower,0,0,0,0,0,0,3,1,0,4,0,3,1,0,4,0,0,0,4
04/27/2020,IFP,AZ,AWP,WE,Federal Contract Tower,0,0,0,0,0,0,15,17,0,32,0,15,17,0,32,0,0,0,32
04/28/2020,IFP,AZ,AWP,WE,Federal Contract Tower,0,0,3,4,7,0,15,28,0,43,0,15,31,4,50,0,4,4,54
04/29/2020,IFP,AZ,AWP,WE,Federal Contract Tower,0,0,0,0,0,0,0,10,2,12,0,0,10,2,12,4,0,4,16
04/30/2020,IFP,AZ,AWP,WE,Federal Contract Tower,0,1,1,2,4,0,3,11,0,14,0,4,12,2,18,4,0,4,22
05/01/2020,IFP,AZ,AWP,WE,Federal Contract Tower,0,3,0,3,6,0,4,9,1,14,0,7,9,4,20,0,4,4,24
05/02/2020,IFP,AZ,AWP,WE,Federal Contract Tower,0,0,2,0,2,0,1,11,0,12,0,1,13,0,14,0,0,0,14
05/03/2020,IFP,AZ,AWP,WE,Federal Contract Tower,0,0,0,0,0,0,0,2,0,2,0,0,2,0,2,0,0,0,2
05/04/2020,IFP,AZ,AWP,WE,Federal Contract Tower,0,0,2,0,2,0,2,5,0,7,0,2,7,0,9,0,0,0,9
05/05/2020,IFP,AZ,AWP,WE,Federal Contract Tower,0,0,0,0,0,0,3,13,0,16,0,3,13,0,16,8,0,8,24
05/06/2020,IFP,AZ,AWP,WE,Federal Contract Tower,0,0,1,0,1,0,6,9,2,17,0,6,10,2,18,0,0,0,18
05/07/2020,IFP,AZ,AWP,WE,Federal Contract Tower,0,0,0,0,0,0,13,8,4,25,0,13,8,4,25,4,0,4,29
05/08/2020,IFP,AZ,AWP,WE,Federal Contract Tower,0,2,0,0,2,0,3,10,1,14,0,5,10,1,16,4,0,4,20
05/09/2020,IFP,AZ,AWP,WE,Federal Contract Tower,0,0,0,0,0,0,3,13,2,18,0,3,13,2,18,10,0,10,28
05/10/2020,IFP,AZ,AWP,WE,Federal Contract Tower,0,0,0,0,0,0,2,5,0,7,0,2,5,0,7,0,0,0,7
05/11/2020,IFP,AZ,AWP,WE,Federal Contract Tower,0,0,0,0,0,0,1,9,2,12,0,1,9,2,12,0,4,4,16
05/12/2020,IFP,AZ,AWP,WE,Federal Contract Tower,0,0,0,0,0,0,3,7,0,10,0,3,7,0,10,0,0,0,10
05/13/2020,IFP,AZ,AWP,WE,Federal Contract Tower,0,0,0,1,1,0,3,7,3,13,0,3,7,4,14,0,4,4,18
05/14/2020,IFP,AZ,AWP,WE,Federal Contract Tower,0,0,2,4,6,0,0,10,2,12,0,0,12,6,18,0,8,8,26
05/15/2020,IFP,AZ,AWP,WE,Federal Contract Tower,0,0,2,0,2,0,5,18,0,23,0,5,20,0,25,0,0,0,25
05/16/2020,IFP,AZ,AWP,WE,Federal Contract Tower,0,0,2,0,2,0,0,19,0,19,0,0,21,0,21,36,0,36,57
05/17/2020,IFP,AZ,AWP,WE,Federal Contract Tower,0,0,0,0,0,0,6,12,0,18,0,6,12,0,18,0,0,0,18
05/18/2020,IFP,AZ,AWP,WE,Federal Contract Tower,0,0,0,1,1,0,15,1,1,17,0,15,1,2,18,0,14,14,32
05/19/2020,IFP,AZ,AWP,WE,Federal Contract Tower,0,0,0,0,0,0,3,4,0,7,0,3,4,0,7,0,0,0,7
05/20/2020,IFP,AZ,AWP,WE,Federal Contract Tower,0,0,2,0,2,0,11,15,0,26,0,11,17,0,28,2,0,2,30
05/21/2020,IFP,AZ,AWP,WE,Federal Contract Tower,0,0,2,0,2,0,2,8,0,10,0,2,10,0,12,6,0,6,18
05/22/2020,IFP,AZ,AWP,WE,Federal Contract Tower,0,0,0,0,0,0,3,7,0,10,0,3,7,0,10,0,0,0,10
05/23/2020,IFP,AZ,AWP,WE,Federal Contract Tower,0,0,1,0,1,0,9,17,0,26,0,9,18,0,27,8,0,8,35
05/24/2020,IFP,AZ,AWP,WE,Federal Contract Tower,0,0,3,0,3,0,6,6,0,12,0,6,9,0,15,0,0,0,15
05/25/2020,IFP,AZ,AWP,WE,Federal Contract Tower,0,0,2,0,2,0,0,11,0,11,0,0,13,0,13,0,0,0,13
05/26/2020,IFP,AZ,AWP,WE,Federal Contract Tower,0,0,3,0,3,0,5,9,0,14,0,5,12,0,17,0,0,0,17
05/27/2020,IFP,AZ,AWP,WE,Federal Contract Tower,0,0,2,0,2,0,3,14,0,17,0,3,16,0,19,12,0,12,31
05/28/2020,IFP,AZ,AWP,WE,Federal Contract Tower,0,0,0,0,0,0,1,21,0,22,0,1,21,0,22,6,0,6,28
05/29/2020,IFP,AZ,AWP,WE,Federal Contract Tower,0,0,0,0,0,0,8,8,2,18,0,8,8,2,18,0,0,0,18
05/30/2020,IFP,AZ,AWP,WE,Federal Contract Tower,0,0,0,0,0,0,12,11,0,23,0,12,11,0,23,12,0,12,35
05/31/2020,IFP,AZ,AWP,WE,Federal Contract Tower,0,0,0,0,0,0,5,10,0,15,0,5,10,0,15,0,0,0,15
06/01/2020,IFP,AZ,AWP,WE,Federal Contract Tower,0,0,1,0,1,0,2,14,0,16,0,2,15,0,17,0,0,0,17
06/02/2020,IFP,AZ,AWP,WE,Federal Contract Tower,0,0,0,0,0,0,0,11,2,13,0,0,11,2,13,4,0,4,17
06/03/2020,IFP,AZ,AWP,WE,Federal Contract Tower,1,0,1,0,2,0,5,11,0,16,1,5,12,0,18,0,0,0,18
06/04/2020,IFP,AZ,AWP,WE,Federal Contract Tower,1,0,3,0,4,0,10,25,2,37,1,10,28,2,41,2,0,2,43
06/05/2020,IFP,AZ,AWP,WE,Federal Contract Tower,3,0,0,0,3,0,4,13,0,17,3,4,13,0,20,4,0,4,24
06/06/2020,IFP,AZ,AWP,WE,Federal Contract Tower,3,0,0,0,3,0,5,8,0,13,3,5,8,0,16,0,0,0,16
06/07/2020,IFP,AZ,AWP,WE,Federal Contract Tower,3,0,0,0,3,0,2,3,0,5,3,2,3,0,8,0,0,0,8
06/08/2020,IFP,AZ,AWP,WE,Federal Contract Tower,4,0,1,0,5,0,2,9,0,11,4,2,10,0,16,0,0,0,16
06/09/2020,IFP,AZ,AWP,WE,Federal Contract Tower,1,0,1,0,2,0,4,4,0,8,1,4,5,0,10,0,0,0,10
06/10/2020,IFP,AZ,AWP,WE,Federal Contract Tower,3,0,1,0,4,0,10,9,2,21,3,10,10,2,25,0,0,0,25
06/11/2020,IFP,AZ,AWP,WE,Federal Contract Tower,3,0,0,0,3,0,5,23,2,30,3,5,23,2,33,28,0,28,61
06/12/2020,IFP,AZ,AWP,WE,Federal Contract Tower,2,0,0,1,3,0,6,15,2,23,2,6,15,3,26,0,12,12,38
06/13/2020,IFP,AZ,AWP,WE,Federal Contract Tower,1,1,1,0,3,0,5,17,0,22,1,6,18,0,25,0,0,0,25
06/14/2020,IFP,AZ,AWP,WE,Federal Contract Tower,4,0,0,0,4,0,2,16,0,18,4,2,16,0,22,0,0,0,22
06/15/2020,IFP,AZ,AWP,WE,Federal Contract Tower,2,0,0,0,2,0,3,9,0,12,2,3,9,0,14,0,0,0,14
06/16/2020,IFP,AZ,AWP,WE,Federal Contract Tower,2,2,1,0,5,0,3,11,1,15,2,5,12,1,20,0,0,0,20
06/17/2020,IFP,AZ,AWP,WE,Federal Contract Tower,3,0,0,0,3,0,5,14,1,20,3,5,14,1,23,4,0,4,27
06/18/2020,IFP,AZ,AWP,WE,Federal Contract Tower,4,0,0,0,4,0,1,11,0,12,4,1,11,0,16,0,0,0,16
06/19/2020,IFP,AZ,AWP,WE,Federal Contract Tower,4,0,0,0,4,0,1,26,0,27,4,1,26,0,31,0,0,0,31
06/20/2020,IFP,AZ,AWP,WE,Federal Contract Tower,3,0,2,0,5,0,3,24,0,27,3,3,26,0,32,34,0,34,66
06/21/2020,IFP,AZ,AWP,WE,Federal Contract Tower,5,0,0,0,5,0,1,16,0,17,5,1,16,0,22,0,0,0,22
06/22/2020,IFP,AZ,AWP,WE,Federal Contract Tower,2,0,0,0,2,0,6,5,0,11,2,6,5,0,13,10,0,10,23
06/23/2020,IFP,AZ,AWP,WE,Federal Contract Tower,4,0,1,2,7,0,1,16,2,19,4,1,17,4,26,2,12,14,40
06/24/2020,IFP,AZ,AWP,WE,Federal Contract Tower,1,0,0,1,2,0,2,7,2,11,1,2,7,3,13,0,14,14,27
06/25/2020,IFP,AZ,AWP,WE,Federal Contract Tower,5,0,1,0,6,0,9,6,2,17,5,9,7,2,23,0,8,8,31
06/26/2020,IFP,AZ,AWP,WE,Federal Contract Tower,2,0,0,1,3,0,7,14,3,24,2,7,14,4,27,6,8,14,41
06/27/2020,IFP,AZ,AWP,WE,Federal Contract Tower,4,0,2,0,6,0,0,4,2,6,4,0,6,2,12,0,4,4,16
06/28/2020,IFP,AZ,AWP,WE,Federal Contract Tower,2,0,2,0,4,0,5,5,0,10,2,5,7,0,14,0,0,0,14
06/29/2020,IFP,AZ,AWP,WE,Federal Contract Tower,3,0,0,0,3,0,4,17,0,21,3,4,17,0,24,0,0,0,24
06/30/2020,IFP,AZ,AWP,WE,Federal Contract Tower,1,0,1,0,2,0,5,24,2,31,1,5,25,2,33,24,0,24,57
07/01/2020,IFP,AZ,AWP,WE,Federal Contract Tower,2,0,2,0,4,0,3,4,0,7,2,3,6,0,11,0,0,0,11
07/02/2020,IFP,AZ,AWP,WE,Federal Contract Tower,3,0,3,0,6,0,5,13,0,18,3,5,16,0,24,12,0,12,36
07/03/2020,IFP,AZ,AWP,WE,Federal Contract Tower,4,0,0,0,4,0,6,15,0,21,4,6,15,0,25,0,0,0,25
07/04/2020,IFP,AZ,AWP,WE,Federal Contract Tower,1,0,0,0,1,0,9,11,0,20,1,9,11,0,21,6,0,6,27
07/05/2020,IFP,AZ,AWP,WE,Federal Contract Tower,3,0,0,0,3,0,11,8,0,19,3,11,8,0,22,0,0,0,22
07/06/2020,IFP,AZ,AWP,WE,Federal Contract Tower,3,0,1,0,4,0,4,11,0,15,3,4,12,0,19,0,0,0,19
07/07/2020,IFP,AZ,AWP,WE,Federal Contract Tower,2,0,1,0,3,0,7,11,0,18,2,7,12,0,21,0,0,0,21
07/08/2020,IFP,AZ,AWP,WE,Federal Contract Tower,1,2,2,0,5,0,4,16,0,20,1,6,18,0,25,16,0,16,41
07/09/2020,IFP,AZ,AWP,WE,Federal Contract Tower,3,0,0,0,3,0,4,7,0,11,3,4,7,0,14,0,0,0,14
07/10/2020,IFP,AZ,AWP,WE,Federal Contract Tower,3,0,0,2,5,0,2,13,2,17,3,2,13,4,22,2,8,10,32
07/11/2020,IFP,AZ,AWP,WE,Federal Contract Tower,1,0,0,0,1,0,7,13,2,22,1,7,13,2,23,6,4,10,33
07/12/2020,IFP,AZ,AWP,WE,Federal Contract Tower,1,1,0,0,2,0,9,10,0,19,1,10,10,0,21,0,0,0,21
07/13/2020,IFP,AZ,AWP,WE,Federal Contract Tower,5,1,0,0,6,0,1,8,0,9,5,2,8,0,15,0,0,0,15
07/14/2020,IFP,AZ,AWP,WE,Federal Contract Tower,3,0,0,0,3,0,2,2,0,4,3,2,2,0,7,0,0,0,7
07/15/2020,IFP,AZ,AWP,WE,Federal Contract Tower,2,1,1,0,4,0,5,11,0,16,2,6,12,0,20,14,0,14,34
07/16/2020,IFP,AZ,AWP,WE,Federal Contract Tower,2,2,2,0,6,0,3,12,0,15,2,5,14,0,21,0,0,0,21
07/17/2020,IFP,AZ,AWP,WE,Federal Contract Tower,3,1,1,1,6,0,6,9,10,25,3,7,10,11,31,2,12,14,45
07/18/2020,IFP,AZ,AWP,WE,Federal Contract Tower,1,0,0,0,1,0,6,14,0,20,1,6,14,0,21,0,0,0,21
07/19/2020,IFP,AZ,AWP,WE,Federal Contract Tower,3,0,0,0,3,0,5,12,4,21,3,5,12,4,24,8,0,8,32
07/20/2020,IFP,AZ,AWP,WE,Federal Contract Tower,1,0,0,0,1,0,7,8,0,15,1,7,8,0,16,0,0,0,16
07/21/2020,IFP,AZ,AWP,WE,Federal Contract Tower,2,0,0,1,3,0,8,7,0,15,2,8,7,1,18,0,0,0,18
07/22/2020,IFP,AZ,AWP,WE,Federal Contract Tower,4,0,0,0,4,0,5,10,0,15,4,5,10,0,19,2,0,2,21
07/23/2020,IFP,AZ,AWP,WE,Federal Contract Tower,2,0,0,0,2,0,8,7,0,15,2,8,7,0,17,0,0,0,17
07/24/2020,IFP,AZ,AWP,WE,Federal Contract Tower,1,0,0,0,1,0,7,11,0,18,1,7,11,0,19,0,0,0,19
07/25/2020,IFP,AZ,AWP,WE,Federal Contract Tower,3,0,4,0,7,0,10,2,0,12,3,10,6,0,19,0,0,0,19
07/26/2020,IFP,AZ,AWP,WE,Federal Contract Tower,4,0,0,0,4,0,2,19,0,21,4,2,19,0,25,8,0,8,33
07/27/2020,IFP,AZ,AWP,WE,Federal Contract Tower,2,0,0,0,2,0,10,8,0,18,2,10,8,0,20,10,0,10,30
07/28/2020,IFP,AZ,AWP,WE,Federal Contract Tower,4,0,2,0,6,0,5,9,0,14,4,5,11,0,20,0,0,0,20
07/29/2020,IFP,AZ,AWP,WE,Federal Contract Tower,1,0,0,0,1,0,3,12,0,15,1,3,12,0,16,4,0,4,20
07/30/2020,IFP,AZ,AWP,WE,Federal Contract Tower,3,0,2,0,5,0,1,8,0,9,3,1,10,0,14,0,0,0,14
07/31/2020,IFP,AZ,AWP,WE,Federal Contract Tower,4,0,1,2,7,0,0,10,0,10,4,0,11,2,17,2,0,2,19
08/01/2020,IFP,AZ,AWP,WE,Federal Contract Tower,1,0,2,0,3,0,2,18,0,20,1,2,20,0,23,0,0,0,23
08/02/2020,IFP,AZ,AWP,WE,Federal Contract Tower,3,0,0,0,3,0,8,17,0,25,3,8,17,0,28,0,0,0,28
08/03/2020,IFP,AZ,AWP,WE,Federal Contract Tower,1,0,0,0,1,0,0,10,0,10,1,0,10,0,11,0,0,0,11
08/04/2020,IFP,AZ,AWP,WE,Federal Contract Tower,4,0,2,0,6,0,3,3,3,9,4,3,5,3,15,0,0,0,15
08/05/2020,IFP,AZ,AWP,WE,Federal Contract Tower,3,0,0,0,3,0,6,8,5,19,3,6,8,5,22,0,0,0,22
08/06/2020,IFP,AZ,AWP,WE,Federal Contract Tower,3,0,2,0,5,0,4,12,2,18,3,4,14,2,23,0,0,0,23
08/07/2020,IFP,AZ,AWP,WE,Federal Contract Tower,3,0,1,0,4,0,4,4,1,9,3,4,5,1,13,0,0,0,13
08/08/2020,IFP,AZ,AWP,WE,Federal Contract Tower,3,0,3,0,6,0,0,4,0,4,3,0,7,0,10,0,0,0,10
08/09/2020,IFP,AZ,AWP,WE,Federal Contract Tower,3,0,2,0,5,0,5,20,0,25,3,5,22,0,30,0,0,0,30
08/10/2020,IFP,AZ,AWP,WE,Federal Contract Tower,3,0,1,0,4,0,7,13,0,20,3,7,14,0,24,8,0,8,32
08/11/2020,IFP,AZ,AWP,WE,Federal Contract Tower,4,0,0,1,5,0,0,6,1,7,4,0,6,2,12,0,6,6,18
08/12/2020,IFP,AZ,AWP,WE,Federal Contract Tower,2,0,0,0,2,0,4,7,0,11,2,4,7,0,13,0,0,0,13
08/13/2020,IFP,AZ,AWP,WE,Federal Contract Tower,3,0,2,0,5,0,10,14,0,24,3,10,16,0,29,0,0,0,29
08/14/2020,IFP,AZ,AWP,WE,Federal Contract Tower,4,0,0,0,4,0,0,10,0,10,4,0,10,0,14,2,0,2,16
08/15/2020,IFP,AZ,AWP,WE,Federal Contract Tower,4,0,0,0,4,0,4,14,0,18,4,4,14,0,22,8,0,8,30
08/16/2020,IFP,AZ,AWP,WE,Federal Contract Tower,5,0,0,0,5,0,6,8,0,14,5,6,8,0,19,6,0,6,25
08/17/2020,IFP,AZ,AWP,WE,Federal Contract Tower,3,1,2,0,6,0,0,22,0,22,3,1,24,0,28,12,0,12,40
08/18/2020,IFP,AZ,AWP,WE,Federal Contract Tower,1,0,0,0,1,0,13,4,0,17,1,13,4,0,18,0,0,0,18
08/19/2020,IFP,AZ,AWP,WE,Federal Contract Tower,4,0,0,0,4,0,6,6,0,12,4,6,6,0,16,2,0,2,18
08/20/2020,IFP,AZ,AWP,WE,Federal Contract Tower,3,0,0,0,3,0,2,12,0,14,3,2,12,0,17,0,0,0,17
08/21/2020,IFP,AZ,AWP,WE,Federal Contract Tower,3,0,2,2,7,0,5,5,2,12,3,5,7,4,19,2,0,2,21
08/22/2020,IFP,AZ,AWP,WE,Federal Contract Tower,1,0,0,0,1,0,7,8,0,15,1,7,8,0,16,4,0,4,20
08/23/2020,IFP,AZ,AWP,WE,Federal Contract Tower,5,0,0,0,5,0,2,4,0,6,5,2,4,0,11,0,0,0,11
08/24/2020,IFP,AZ,AWP,WE,Federal Contract Tower,3,0,2,0,5,0,2,8,0,10,3,2,10,0,15,0,0,0,15
08/25/2020,IFP,AZ,AWP,WE,Federal Contract Tower,0,0,0,0,0,0,9,3,0,12,0,9,3,0,12,0,0,0,12
08/26/2020,IFP,AZ,AWP,WE,Federal Contract Tower,2,2,0,0,4,0,3,7,0,10,2,5,7,0,14,0,0,0,14
08/27/2020,IFP,AZ,AWP,WE,Federal Contract Tower,4,0,0,0,4,0,4,8,0,12,4,4,8,0,16,0,0,0,16
08/28/2020,IFP,AZ,AWP,WE,Federal Contract Tower,3,2,0,0,5,0,5,12,0,17,3,7,12,0,22,10,0,10,32
08/29/2020,IFP,AZ,AWP,WE,Federal Contract Tower,1,1,0,0,2,0,5,7,0,12,1,6,7,0,14,0,0,0,14
08/30/2020,IFP,AZ,AWP,WE,Federal Contract Tower,2,1,0,0,3,0,5,15,0,20,2,6,15,0,23,0,0,0,23
08/31/2020,IFP,AZ,AWP,WE,Federal Contract Tower,3,0,3,0,6,0,3,13,0,16,3,3,16,0,22,0,0,0,22
09/01/2020,IFP,AZ,AWP,WE,Federal Contract Tower,3,0,2,1,6,0,4,27,2,33,3,4,29,3,39,0,0,0,39
09/02/2020,IFP,AZ,AWP,WE,Federal Contract Tower,1,0,0,0,1,0,3,9,0,12,1,3,9,0,13,0,0,0,13
09/03/2020,IFP,AZ,AWP,WE,Federal Contract Tower,4,0,2,2,8,0,0,14,0,14,4,0,16,2,22,0,0,0,22
09/04/2020,IFP,AZ,AWP,WE,Federal Contract Tower,2,0,0,0,2,1,1,9,2,13,3,1,9,2,15,0,0,0,15
09/05/2020,IFP,AZ,AWP,WE,Federal Contract Tower,5,0,0,0,5,0,7,30,6,43,5,7,30,6,48,2,0,2,50
09/06/2020,IFP,AZ,AWP,WE,Federal Contract Tower,3,0,0,0,3,0,5,6,2,13,3,5,6,2,16,0,0,0,16
09/07/2020,IFP,AZ,AWP,WE,Federal Contract Tower,4,0,0,2,6,0,0,5,0,5,4,0,5,2,11,0,0,0,11
09/08/2020,IFP,AZ,AWP,WE,Federal Contract Tower,2,0,2,1,5,0,0,3,0,3,2,0,5,1,8,0,0,0,8
09/09/2020,IFP,AZ,AWP,WE,Federal Contract Tower,3,0,0,0,3,0,6,7,0,13,3,6,7,0,16,0,0,0,16
09/10/2020,IFP,AZ,AWP,WE,Federal Contract Tower,3,0,3,0,6,0,1,11,0,12,3,1,14,0,18,0,0,0,18
09/11/2020,IFP,AZ,AWP,WE,Federal Contract Tower,4,0,1,5,10,0,4,8,1,13,4,4,9,6,23,8,12,20,43
09/12/2020,IFP,AZ,AWP,WE,Federal Contract Tower,2,0,1,0,3,0,0,38,6,44,2,0,39,6,47,12,0,12,59
09/13/2020,IFP,AZ,AWP,WE,Federal Contract Tower,3,7,1,0,11,0,4,16,1,21,3,11,17,1,32,8,10,18,50
09/14/2020,IFP,AZ,AWP,WE,Federal Contract Tower,2,0,1,2,5,0,18,10,0,28,2,18,11,2,33,0,0,0,33
09/15/2020,IFP,AZ,AWP,WE,Federal Contract Tower,1,0,0,0,1,0,11,15,0,26,1,11,15,0,27,0,0,0,27
09/16/2020,IFP,AZ,AWP,WE,Federal Contract Tower,1,0,0,0,1,0,5,14,0,19,1,5,14,0,20,2,0,2,22
09/17/2020,IFP,AZ,AWP,WE,Federal Contract Tower,3,0,0,1,4,0,6,7,1,14,3,6,7,2,18,0,6,6,24
09/18/2020,IFP,AZ,AWP,WE,Federal Contract Tower,3,0,1,0,4,0,2,10,0,12,3,2,11,0,16,0,0,0,16
09/19/2020,IFP,AZ,AWP,WE,Federal Contract Tower,3,0,2,0,5,0,5,30,0,35,3,5,32,0,40,30,0,30,70
09/20/2020,IFP,AZ,AWP,WE,Federal Contract Tower,2,0,0,0,2,0,0,18,0,18,2,0,18,0,20,2,0,2,22
09/21/2020,IFP,AZ,AWP,WE,Federal Contract Tower,3,0,0,0,3,0,3,15,0,18,3,3,15,0,21,0,0,0,21
09/22/2020,IFP,AZ,AWP,WE,Federal Contract Tower,1,0,3,0,4,0,4,10,0,14,1,4,13,0,18,8,0,8,26
09/23/2020,IFP,AZ,AWP,WE,Federal Contract Tower,2,0,2,2,6,0,6,9,0,15,2,6,11,2,21,0,0,0,21
09/24/2020,IFP,AZ,AWP,WE,Federal Contract Tower,2,0,2,1,5,0,0,10,1,11,2,0,12,2,16,0,6,6,22
09/25/2020,IFP,AZ,AWP,WE,Federal Contract Tower,3,0,0,1,4,0,2,16,0,18,3,2,16,1,22,0,0,0,22
09/26/2020,IFP,AZ,AWP,WE,Federal Contract Tower,2,0,0,0,2,0,0,18,0,18,2,0,18,0,20,0,0,0,20
09/27/2020,IFP,AZ,AWP,WE,Federal Contract Tower,1,0,1,0,2,0,5,20,0,25,1,5,21,0,27,6,0,6,33
09/28/2020,IFP,AZ,AWP,WE,Federal Contract Tower,2,0,0,2,4,0,8,7,4,19,2,8,7,6,23,0,0,0,23
09/29/2020,IFP,AZ,AWP,WE,Federal Contract Tower,3,0,0,0,3,0,2,14,0,16,3,2,14,0,19,4,0,4,23
09/30/2020,IFP,AZ,AWP,WE,Federal Contract Tower,2,0,0,2,4,0,5,13,1,19,2,5,13,3,23,2,0,2,25
10/01/2020,IFP,AZ,AWP,WE,Federal Contract Tower,1,0,1,0,2,0,2,13,1,16,1,2,14,1,18,8,0,8,26
10/02/2020,IFP,AZ,AWP,WE,Federal Contract Tower,5,0,2,0,7,0,2,12,0,14,5,2,14,0,21,6,0,6,27
10/03/2020,IFP,AZ,AWP,WE,Federal Contract Tower,4,0,2,0,6,0,1,20,0,21,4,1,22,0,27,10,0,10,37
10/04/2020,IFP,AZ,AWP,WE,Federal Contract Tower,5,0,0,0,5,0,3,21,0,24,5,3,21,0,29,0,0,0,29
10/05/2020,IFP,AZ,AWP,WE,Federal Contract Tower,4,0,0,2,6,0,0,20,0,20,4,0,20,2,26,0,0,0,26
10/06/2020,IFP,AZ,AWP,WE,Federal Contract Tower,1,0,1,0,2,0,7,13,0,20,1,7,14,0,22,0,0,0,22
10/07/2020,IFP,AZ,AWP,WE,Federal Contract Tower,5,0,0,0,5,0,6,20,1,27,5,6,20,1,32,4,0,4,36
10/08/2020,IFP,AZ,AWP,WE,Federal Contract Tower,4,0,1,0,5,0,7,8,1,16,4,7,9,1,21,0,0,0,21
10/09/2020,IFP,AZ,AWP,WE,Federal Contract Tower,3,0,2,0,5,0,7,20,0,27,3,7,22,0,32,8,0,8,40
10/10/2020,IFP,AZ,AWP,WE,Federal Contract Tower,3,0,1,0,4,0,0,9,0,9,3,0,10,0,13,2,0,2,15
10/11/2020,IFP,AZ,AWP,WE,Federal Contract Tower,3,0,0,0,3,0,0,11,0,11,3,0,11,0,14,0,0,0,14
10/12/2020,IFP,AZ,AWP,WE,Federal Contract Tower,3,0,0,0,3,0,0,12,2,14,3,0,12,2,17,4,0,4,21
10/13/2020,IFP,AZ,AWP,WE,Federal Contract Tower,3,0,2,0,5,0,2,15,0,17,3,2,17,0,22,8,0,8,30
10/14/2020,IFP,AZ,AWP,WE,Federal Contract Tower,3,0,1,0,4,0,7,21,2,30,3,7,22,2,34,0,0,0,34
10/15/2020,IFP,AZ,AWP,WE,Federal Contract Tower,4,0,0,0,4,0,1,6,2,9,4,1,6,2,13,6,0,6,19
10/16/2020,IFP,AZ,AWP,WE,Federal Contract Tower,5,0,1,1,7,0,0,5,1,6,5,0,6,2,13,0,0,0,13
10/17/2020,IFP,AZ,AWP,WE,Federal Contract Tower,5,1,2,0,8,0,2,21,2,25,5,3,23,2,33,4,12,16,49
10/18/2020,IFP,AZ,AWP,WE,Federal Contract Tower,3,1,6,0,10,0,8,33,0,41,3,9,39,0,51,18,0,18,69
10/19/2020,IFP,AZ,AWP,WE,Federal Contract Tower,4,0,0,0,4,0,0,12,0,12,4,0,12,0,16,0,0,0,16
10/20/2020,IFP,AZ,AWP,WE,Federal Contract Tower,2,0,1,0,3,0,9,13,0,22,2,9,14,0,25,4,0,4,29
10/21/2020,IFP,AZ,AWP,WE,Federal Contract Tower,5,0,0,0,5,0,8,16,0,24,5,8,16,0,29,16,0,16,45
10/22/2020,IFP,AZ,AWP,WE,Federal Contract Tower,6,0,3,2,11,0,8,23,0,31,6,8,26,2,42,0,0,0,42
10/23/2020,IFP,AZ,AWP,WE,Federal Contract Tower,4,0,3,2,9,0,2,15,0,17,4,2,18,2,26,0,0,0,26
10/24/2020,IFP,AZ,AWP,WE,Federal Contract Tower,4,0,2,1,7,0,2,35,1,38,4,2,37,2,45,16,12,28,73
10/25/2020,IFP,AZ,AWP,WE,Federal Contract Tower,5,0,5,0,10,0,12,8,0,20,5,12,13,0,30,2,0,2,32
10/26/2020,IFP,AZ,AWP,WE,Federal Contract Tower,7,1,0,0,8,0,1,1,5,7,7,2,1,5,15,0,2,2,17
10/27/2020,IFP,AZ,AWP,WE,Federal Contract Tower,2,0,2,2,6,0,1,5,0,6,2,1,7,2,12,0,0,0,12
10/28/2020,IFP,AZ,AWP,WE,Federal Contract Tower,6,1,2,4,13,0,4,60,2,66,6,5,62,6,79,0,0,0,79
10/29/2020,IFP,AZ,AWP,WE,Federal Contract Tower,6,0,4,0,10,0,3,35,0,38,6,3,39,0,48,2,0,2,50
10/30/2020,IFP,AZ,AWP,WE,Federal Contract Tower,5,0,2,0,7,0,1,30,0,31,5,1,32,0,38,2,0,2,40
10/31/2020,IFP,AZ,AWP,WE,Federal Contract Tower,4,0,1,0,5,0,7,17,0,24,4,7,18,0,29,0,0,0,29
11/01/2020,IFP,AZ,AWP,WE,Federal Contract Tower,5,0,3,0,8,0,4,14,0,18,5,4,17,0,26,4,0,4,30
11/02/2020,IFP,AZ,AWP,WE,Federal Contract Tower,5,0,3,0,8,0,11,16,0,27,5,11,19,0,35,6,0,6,41
11/03/2020,IFP,AZ,AWP,WE,Federal Contract Tower,3,0,0,0,3,0,14,7,0,21,3,14,7,0,24,0,0,0,24
11/04/2020,IFP,AZ,AWP,WE,Federal Contract Tower,4,0,3,0,7,0,4,11,0,15,4,4,14,0,22,0,0,0,22
11/05/2020,IFP,AZ,AWP,WE,Federal Contract Tower,4,0,1,0,5,0,2,5,0,7,4,2,6,0,12,0,0,0,12
11/06/2020,IFP,AZ,AWP,WE,Federal Contract Tower,6,0,0,0,6,0,4,9,0,13,6,4,9,0,19,2,0,2,21
11/07/2020,IFP,AZ,AWP,WE,Federal Contract Tower,3,0,1,0,4,0,0,7,0,7,3,0,8,0,11,0,0,0,11
11/08/2020,IFP,AZ,AWP,WE,Federal Contract Tower,4,0,1,0,5,0,6,2,0,8,4,6,3,0,13,0,0,0,13
11/09/2020,IFP,AZ,AWP,WE,Federal Contract Tower,5,0,2,0,7,0,9,15,0,24,5,9,17,0,31,0,0,0,31
11/10/2020,IFP,AZ,AWP,WE,Federal Contract Tower,2,0,3,0,5,0,6,23,0,29,2,6,26,0,34,2,0,2,36
11/11/2020,IFP,AZ,AWP,WE,Federal Contract Tower,3,0,0,0,3,0,2,17,0,19,3,2,17,0,22,0,0,0,22
11/12/2020,IFP,AZ,AWP,WE,Federal Contract Tower,4,0,0,0,4,0,2,18,0,20,4,2,18,0,24,14,0,14,38
11/13/2020,IFP,AZ,AWP,WE,Federal Contract Tower,5,0,0,0,5,0,7,18,0,25,5,7,18,0,30,0,0,0,30
11/14/2020,IFP,AZ,AWP,WE,Federal Contract Tower,5,0,2,0,7,0,1,14,0,15,5,1,16,0,22,0,0,0,22
11/15/2020,IFP,AZ,AWP,WE,Federal Contract Tower,3,0,0,0,3,0,4,6,0,10,3,4,6,0,13,0,0,0,13
11/16/2020,IFP,AZ,AWP,WE,Federal Contract Tower,4,2,1,0,7,0,6,8,0,14,4,8,9,0,21,0,0,0,21
11/17/2020,IFP,AZ,AWP,WE,Federal Contract Tower,2,0,0,1,3,0,8,9,3,20,2,8,9,4,23,0,4,4,27
11/18/2020,IFP,AZ,AWP,WE,Federal Contract Tower,4,0,3,1,8,0,8,7,1,16,4,8,10,2,24,0,0,0,24
11/19/2020,IFP,AZ,AWP,WE,Federal Contract Tower,4,0,0,0,4,0,7,5,1,13,4,7,5,1,17,4,2,6,23
11/20/2020,IFP,AZ,AWP,WE,Federal Contract Tower,5,0,2,0,7,0,0,9,0,9,5,0,11,0,16,0,0,0,16
11/21/2020,IFP,AZ,AWP,WE,Federal Contract Tower,7,2,0,0,9,0,6,8,0,14,7,8,8,0,23,0,0,0,23
11/22/2020,IFP,AZ,AWP,WE,Federal Contract Tower,3,0,1,0,4,0,4,16,0,20,3,4,17,0,24,0,0,0,24
11/23/2020,IFP,AZ,AWP,WE,Federal Contract Tower,5,0,0,0,5,0,10,11,0,21,5,10,11,0,26,6,0,6,32
11/24/2020,IFP,AZ,AWP,WE,Federal Contract Tower,2,0,0,0,2,0,2,7,0,9,2,2,7,0,11,0,0,0,11
11/25/2020,IFP,AZ,AWP,WE,Federal Contract Tower,4,0,0,0,4,0,6,23,0,29,4,6,23,0,33,0,0,0,33
11/26/2020,IFP,AZ,AWP,WE,Federal Contract Tower,6,0,0,0,6,0,11,10,0,21,6,11,10,0,27,0,0,0,27
11/27/2020,IFP,AZ,AWP,WE,Federal Contract Tower,3,0,2,0,5,0,0,13,0,13,3,0,15,0,18,0,0,0,18
11/28/2020,IFP,AZ,AWP,WE,Federal Contract Tower,5,0,4,0,9,0,2,25,0,27,5,2,29,0,36,8,0,8,44
11/29/2020,IFP,AZ,AWP,WE,Federal Contract Tower,4,0,2,0,6,0,2,26,0,28,4,2,28,0,34,0,0,0,34
11/30/2020,IFP,AZ,AWP,WE,Federal Contract Tower,5,0,2,0,7,0,0,10,0,10,5,0,12,0,17,0,0,0,17
12/01/2020,IFP,AZ,AWP,WE,Federal Contract Tower,1,1,1,1,4,0,13,4,2,19,1,14,5,3,23,4,0,4,27
12/02/2020,IFP,AZ,AWP,WE,Federal Contract Tower,5,0,2,0,7,0,8,11,2,21,5,8,13,2,28,2,0,2,30
12/03/2020,IFP,AZ,AWP,WE,Federal Contract Tower,5,0,0,2,7,0,0,7,0,7,5,0,7,2,14,0,0,0,14
12/04/2020,IFP,AZ,AWP,WE,Federal Contract Tower,5,0,1,2,8,0,8,19,0,27,5,8,20,2,35,2,0,2,37
12/05/2020,IFP,AZ,AWP,WE,Federal Contract Tower,2,0,4,1,7,0,0,16,1,17,2,0,20,2,24,0,0,0,24
12/06/2020,IFP,AZ,AWP,WE,Federal Contract Tower,6,0,2,0,8,0,1,24,0,25,6,1,26,0,33,0,0,0,33
12/07/2020,IFP,AZ,AWP,WE,Federal Contract Tower,4,0,5,0,9,0,0,8,0,8,4,0,13,0,17,0,0,0,17
12/08/2020,IFP,AZ,AWP,WE,Federal Contract Tower,2,0,2,0,4,0,4,4,0,8,2,4,6,0,12,0,0,0,12
12/09/2020,IFP,AZ,AWP,WE,Federal Contract Tower,3,0,4,2,9,0,0,21,0,21,3,0,25,2,30,6,0,6,36
12/10/2020,IFP,AZ,AWP,WE,Federal Contract Tower,6,0,2,0,8,0,2,4,0,6,6,2,6,0,14,6,0,6,20
12/11/2020,IFP,AZ,AWP,WE,Federal Contract Tower,5,0,2,0,7,0,4,15,2,21,5,4,17,2,28,0,6,6,34
12/12/2020,IFP,AZ,AWP,WE,Federal Contract Tower,5,0,0,0,5,0,2,18,0,20,5,2,18,0,25,2,0,2,27
12/13/2020,IFP,AZ,AWP,WE,Federal Contract Tower,3,0,0,0,3,0,1,16,0,17,3,1,16,0,20,0,0,0,20
12/14/2020,IFP,AZ,AWP,WE,Federal Contract Tower,5,0,0,0,5,0,4,23,2,29,5,4,23,2,34,0,8,8,42
12/15/2020,IFP,AZ,AWP,WE,Federal Contract Tower,3,0,2,2,7,0,0,18,0,18,3,0,20,2,25,0,0,0,25
12/16/2020,IFP,AZ,AWP,WE,Federal Contract Tower,3,0,1,0,4,2,9,7,0,18,5,9,8,0,22,0,0,0,22
12/17/2020,IFP,AZ,AWP,WE,Federal Contract Tower,1,0,2,1,4,0,1,19,3,23,1,1,21,4,27,4,0,4,31
12/18/2020,IFP,AZ,AWP,WE,Federal Contract Tower,0,2,0,0,2,0,2,10,0,12,0,4,10,0,14,0,0,0,14
12/19/2020,IFP,AZ,AWP,WE,Federal Contract Tower,0,2,0,0,2,0,2,9,0,11,0,4,9,0,13,0,0,0,13
12/20/2020,IFP,AZ,AWP,WE,Federal Contract Tower,0,0,2,0,2,0,0,19,0,19,0,0,21,0,21,0,0,0,21
12/21/2020,IFP,AZ,AWP,WE,Federal Contract Tower,0,0,0,1,1,0,2,13,1,16,0,2,13,2,17,10,16,26,43
12/22/2020,IFP,AZ,AWP,WE,Federal Contract Tower,0,0,3,0,3,0,6,18,0,24,0,6,21,0,27,4,0,4,31
12/23/2020,IFP,AZ,AWP,WE,Federal Contract Tower,0,0,2,0,2,0,0,2,0,2,0,0,4,0,4,0,0,0,4
12/24/2020,IFP,AZ,AWP,WE,Federal Contract Tower,0,0,0,0,0,0,6,1,0,7,0,6,1,0,7,2,0,2,9
12/25/2020,IFP,AZ,AWP,WE,Federal Contract Tower,0,0,0,0,0,0,2,4,0,6,0,2,4,0,6,0,0,0,6
12/26/2020,IFP,AZ,AWP,WE,Federal Contract Tower,1,0,0,0,1,0,2,10,0,12,1,2,10,0,13,8,0,8,21
12/27/2020,IFP,AZ,AWP,WE,Federal Contract Tower,0,0,3,0,3,0,2,12,0,14,0,2,15,0,17,4,0,4,21
12/28/2020,IFP,AZ,AWP,WE,Federal Contract Tower,1,0,0,0,1,0,0,4,0,4,1,0,4,0,5,0,0,0,5
12/29/2020,IFP,AZ,AWP,WE,Federal Contract Tower,1,0,1,0,2,0,0,20,0,20,1,0,21,0,22,4,0,4,26
12/30/2020,IFP,AZ,AWP,WE,Federal Contract Tower,3,1,0,0,4,0,2,14,0,16,3,3,14,0,20,2,0,2,22
12/31/2020,IFP,AZ,AWP,WE,Federal Contract Tower,4,0,1,0,5,0,7,16,0,23,4,7,17,0,28,18,0,18,46
01/01/2021,IFP,AZ,AWP,WE,Federal Contract Tower,1,1,0,0,2,0,0,5,0,5,1,1,5,0,7,0,0,0,7
01/02/2021,IFP,AZ,AWP,WE,Federal Contract Tower,4,0,0,0,4,0,4,19,0,23,4,4,19,0,27,8,0,8,35
01/03/2021,IFP,AZ,AWP,WE,Federal Contract Tower,3,0,1,0,4,0,6,33,0,39,3,6,34,0,43,34,0,34,77
01/04/2021,IFP,AZ,AWP,WE,Federal Contract Tower,1,0,0,0,1,0,0,24,0,24,1,0,24,0,25,0,0,0,25
01/05/2021,IFP,AZ,AWP,WE,Federal Contract Tower,1,0,1,0,2,0,4,12,2,18,1,4,13,2,20,2,0,2,22
01/06/2021,IFP,AZ,AWP,WE,Federal Contract Tower,3,0,0,0,3,0,3,5,4,12,3,3,5,4,15,0,6,6,21
01/07/2021,IFP,AZ,AWP,WE,Federal Contract Tower,1,0,0,0,1,0,2,11,0,13,1,2,11,0,14,0,0,0,14
01/08/2021,IFP,AZ,AWP,WE,Federal Contract Tower,2,0,3,0,5,0,4,8,0,12,2,4,11,0,17,0,0,0,17
01/09/2021,IFP,AZ,AWP,WE,Federal Contract Tower,3,0,1,0,4,0,6,6,0,12,3,6,7,0,16,0,0,0,16
01/10/2021,IFP,AZ,AWP,WE,Federal Contract Tower,3,0,2,0,5,0,0,5,11,16,3,0,7,11,21,0,0,0,21
01/11/2021,IFP,AZ,AWP,WE,Federal Contract Tower,1,1,0,0,2,2,10,21,2,35,3,11,21,2,37,6,2,8,45
01/12/2021,IFP,AZ,AWP,WE,Federal Contract Tower,1,1,6,0,8,0,1,10,0,11,1,2,16,0,19,4,0,4,23
01/13/2021,IFP,AZ,AWP,WE,Federal Contract Tower,3,0,1,0,4,0,6,9,0,15,3,6,10,0,19,6,0,6,25
01/14/2021,IFP,AZ,AWP,WE,Federal Contract Tower,2,2,5,0,9,0,10,9,4,23,2,12,14,4,32,0,0,0,32
01/15/2021,IFP,AZ,AWP,WE,Federal Contract Tower,2,0,1,1,4,0,5,12,1,18,2,5,13,2,22,6,8,14,36
01/16/2021,IFP,AZ,AWP,WE,Federal Contract Tower,1,0,0,0,1,0,8,12,3,23,1,8,12,3,24,0,10,10,34
01/17/2021,IFP,AZ,AWP,WE,Federal Contract Tower,3,1,2,0,6,0,0,14,0,14,3,1,16,0,20,0,0,0,20
01/18/2021,IFP,AZ,AWP,WE,Federal Contract Tower,5,0,0,0,5,0,11,21,0,32,5,11,21,0,37,0,0,0,37
01/19/2021,IFP,AZ,AWP,WE,Federal Contract Tower,3,0,1,0,4,0,6,2,0,8,3,6,3,0,12,0,0,0,12
01/20/2021,IFP,AZ,AWP,WE,Federal Contract Tower,2,0,1,0,3,0,8,13,2,23,2,8,14,2,26,0,0,0,26
01/21/2021,IFP,AZ,AWP,WE,Federal Contract Tower,2,0,2,2,6,0,9,23,2,34,2,9,25,4,40,0,0,0,40
01/22/2021,IFP,AZ,AWP,WE,Federal Contract Tower,1,1,1,2,5,0,5,3,0,8,1,6,4,2,13,0,0,0,13
01/23/2021,IFP,AZ,AWP,WE,Federal Contract Tower,2,0,2,0,4,0,4,20,2,26,2,4,22,2,30,10,0,10,40
01/24/2021,IFP,AZ,AWP,WE,Federal Contract Tower,2,0,0,0,2,0,0,9,0,9,2,0,9,0,11,8,0,8,19
01/25/2021,IFP,AZ,AWP,WE,Federal Contract Tower,1,0,0,0,1,0,0,2,0,2,1,0,2,0,3,0,0,0,3
01/26/2021,IFP,AZ,AWP,WE,Federal Contract Tower,3,0,5,0,8,0,3,3,0,6,3,3,8,0,14,6,0,6,20
01/27/2021,IFP,AZ,AWP,WE,Federal Contract Tower,2,3,2,0,7,0,1,11,0,12,2,4,13,0,19,2,0,2,21
01/28/2021,IFP,AZ,AWP,WE,Federal Contract Tower,3,0,2,3,8,0,0,23,1,24,3,0,25,4,32,6,0,6,38
01/29/2021,IFP,AZ,AWP,WE,Federal Contract Tower,1,0,3,0,4,0,3,1,0,4,1,3,4,0,8,0,0,0,8
01/30/2021,IFP,AZ,AWP,WE,Federal Contract Tower,2,0,0,0,2,0,0,20,0,20,2,0,20,0,22,0,0,0,22
01/31/2021,IFP,AZ,AWP,WE,Federal Contract Tower,3,0,0,0,3,0,6,16,0,22,3,6,16,0,25,4,0,4,29
02/01/2021,IFP,AZ,AWP,WE,Federal Contract Tower,4,0,1,0,5,0,2,16,0,18,4,2,17,0,23,0,0,0,23
02/02/2021,IFP,AZ,AWP,WE,Federal Contract Tower,1,0,2,1,4,0,15,18,1,34,1,15,20,2,38,0,2,2,40
02/03/2021,IFP,AZ,AWP,WE,Federal Contract Tower,3,0,2,2,7,0,7,12,2,21,3,7,14,4,28,8,0,8,36
02/04/2021,IFP,AZ,AWP,WE,Federal Contract Tower,2,0,1,0,3,0,12,9,0,21,2,12,10,0,24,0,0,0,24
02/05/2021,IFP,AZ,AWP,WE,Federal Contract Tower,4,0,2,0,6,0,5,18,2,25,4,5,20,2,31,10,0,10,41
02/06/2021,IFP,AZ,AWP,WE,Federal Contract Tower,1,0,0,0,1,0,4,24,0,28,1,4,24,0,29,0,0,0,29
02/07/2021,IFP,AZ,AWP,WE,Federal Contract Tower,1,0,2,0,3,2,4,21,0,27,3,4,23,0,30,0,0,0,30
02/08/2021,IFP,AZ,AWP,WE,Federal Contract Tower,2,0,0,0,2,2,6,12,0,20,4,6,12,0,22,0,0,0,22
02/09/2021,IFP,AZ,AWP,WE,Federal Contract Tower,3,0,4,0,7,0,14,6,2,22,3,14,10,2,29,0,0,0,29
02/10/2021,IFP,AZ,AWP,WE,Federal Contract Tower,1,0,3,0,4,0,16,9,0,25,1,16,12,0,29,0,0,0,29
02/11/2021,IFP,AZ,AWP,WE,Federal Contract Tower,2,0,1,0,3,0,4,21,0,25,2,4,22,0,28,0,0,0,28
02/12/2021,IFP,AZ,AWP,WE,Federal Contract Tower,1,0,4,0,5,0,8,15,0,23,1,8,19,0,28,2,0,2,30
02/13/2021,IFP,AZ,AWP,WE,Federal Contract Tower,4,0,0,0,4,0,7,6,0,13,4,7,6,0,17,0,0,0,17
02/14/2021,IFP,AZ,AWP,WE,Federal Contract Tower,2,1,2,2,7,0,4,10,0,14,2,5,12,2,21,2,6,8,29
02/15/2021,IFP,AZ,AWP,WE,Federal Contract Tower,2,2,1,0,5,0,6,20,0,26,2,8,21,0,31,0,0,0,31
02/16/2021,IFP,AZ,AWP,WE,Federal Contract Tower,1,0,0,0,1,0,7,11,0,18,1,7,11,0,19,0,0,0,19
02/17/2021,IFP,AZ,AWP,WE,Federal Contract Tower,2,0,4,0,6,0,12,17,2,31,2,12,21,2,37,0,0,0,37
02/18/2021,IFP,AZ,AWP,WE,Federal Contract Tower,0,0,0,0,0,0,0,22,0,22,0,0,22,0,22,0,0,0,22
02/19/2021,IFP,AZ,AWP,WE,Federal Contract Tower,1,0,0,0,1,0,0,38,0,38,1,0,38,0,39,0,0,0,39
02/20/2021,IFP,AZ,AWP,WE,Federal Contract Tower,2,3,2,0,7,0,6,13,0,19,2,9,15,0,26,0,0,0,26
02/21/2021,IFP,AZ,AWP,WE,Federal Contract Tower,1,5,1,0,7,0,0,11,0,11,1,5,12,0,18,0,0,0,18
02/22/2021,IFP,AZ,AWP,WE,Federal Contract Tower,0,1,2,0,3,0,4,10,0,14,0,5,12,0,17,0,0,0,17
02/23/2021,IFP,AZ,AWP,WE,Federal Contract Tower,1,0,0,1,2,0,8,21,3,32,1,8,21,4,34,18,0,18,52
02/24/2021,IFP,AZ,AWP,WE,Federal Contract Tower,1,0,0,2,3,0,1,16,0,17,1,1,16,2,20,6,0,6,26
02/25/2021,IFP,AZ,AWP,WE,Federal Contract Tower,2,1,2,0,5,0,5,4,0,9,2,6,6,0,14,0,0,0,14
02/26/2021,IFP,AZ,AWP,WE,Federal Contract Tower,2,0,2,0,4,0,5,24,0,29,2,5,26,0,33,14,0,14,47
02/27/2021,IFP,AZ,AWP,WE,Federal Contract Tower,3,0,0,0,3,0,9,14,0,23,3,9,14,0,26,0,0,0,26
02/28/2021,IFP,AZ,AWP,WE,Federal Contract Tower,2,0,1,0,3,0,1,3,0,4,2,1,4,0,7,0,0,0,7
03/01/2021,IFP,AZ,AWP,WE,Federal Contract Tower,2,0,0,1,3,0,16,17,0,33,2,16,17,1,36,0,4,4,40
03/02/2021,IFP,AZ,AWP,WE,Federal Contract Tower,2,0,0,0,2,0,5,10,2,17,2,5,10,2,19,0,0,0,19
03/03/2021,IFP,AZ,AWP,WE,Federal Contract Tower,3,2,0,0,5,0,11,2,0,13,3,13,2,0,18,0,0,0,18
03/04/2021,IFP,AZ,AWP,WE,Federal Contract Tower,2,0,1,0,3,0,13,17,0,30,2,13,18,0,33,14,0,14,47
03/05/2021,IFP,AZ,AWP,WE,Federal Contract Tower,1,0,1,2,4,0,7,14,2,23,1,7,15,4,27,0,0,0,27
03/06/2021,IFP,AZ,AWP,WE,Federal Contract Tower,1,0,2,0,3,0,8,21,0,29,1,8,23,0,32,0,0,0,32
03/07/2021,IFP,AZ,AWP,WE,Federal Contract Tower,3,0,1,0,4,0,7,28,0,35,3,7,29,0,39,6,0,6,45
03/08/2021,IFP,AZ,AWP,WE,Federal Contract Tower,1,0,0,0,1,0,10,7,0,17,1,10,7,0,18,0,0,0,18
03/09/2021,IFP,AZ,AWP,WE,Federal Contract Tower,3,0,2,0,5,0,1,2,0,3,3,1,4,0,8,0,0,0,8
03/10/2021,IFP,AZ,AWP,WE,Federal Contract Tower,3,0,0,0,3,0,7,7,0,14,3,7,7,0,17,6,0,6,23
03/11/2021,IFP,AZ,AWP,WE,Federal Contract Tower,3,0,1,0,4,0,4,8,0,12,3,4,9,0,16,0,0,0,16
03/12/2021,IFP,AZ,AWP,WE,Federal Contract Tower,1,3,1,0,5,0,4,7,0,11,1,7,8,0,16,0,0,0,16
03/13/2021,IFP,AZ,AWP,WE,Federal Contract Tower,2,0,8,0,10,0,6,19,0,25,2,6,27,0,35,24,0,24,59
03/14/2021,IFP,AZ,AWP,WE,Federal Contract Tower,1,0,1,0,2,0,2,14,0,16,1,2,15,0,18,14,0,14,32
03/15/2021,IFP,AZ,AWP,WE,Federal Contract Tower,3,0,0,0,3,0,4,3,0,7,3,4,3,0,10,0,0,0,10
03/16/2021,IFP,AZ,AWP,WE,Federal Contract Tower,2,0,1,0,3,0,10,13,1,24,2,10,14,1,27,0,0,0,27
03/17/2021,IFP,AZ,AWP,WE,Federal Contract Tower,2,1,0,2,5,0,6,28,4,38,2,7,28,6,43,10,0,10,53
03/18/2021,IFP,AZ,AWP,WE,Federal Contract Tower,1,0,2,1,4,0,8,23,0,31,1,8,25,1,35,6,0,6,41
03/19/2021,IFP,AZ,AWP,WE,Federal Contract Tower,2,0,6,0,8,0,5,20,3,28,2,5,26,3,36,16,2,18,54
03/20/2021,IFP,AZ,AWP,WE,Federal Contract Tower,1,0,1,0,2,0,2,16,0,18,1,2,17,0,20,12,0,12,32
03/21/2021,IFP,AZ,AWP,WE,Federal Contract Tower,1,0,2,0,3,0,3,13,0,16,1,3,15,0,19,2,0,2,21
03/22/2021,IFP,AZ,AWP,WE,Federal Contract Tower,3,0,2,0,5,0,4,16,6,26,3,4,18,6,31,2,2,4,35
03/23/2021,IFP,AZ,AWP,WE,Federal Contract Tower,1,0,4,3,8,0,7,10,0,17,1,7,14,3,25,0,0,0,25
03/24/2021,IFP,AZ,AWP,WE,Federal Contract Tower,2,0,2,2,6,0,2,7,2,11,2,2,9,4,17,0,0,0,17
03/25/2021,IFP,AZ,AWP,WE,Federal Contract Tower,3,0,1,2,6,0,0,8,0,8,3,0,9,2,14,0,0,0,14
03/26/2021,IFP,AZ,AWP,WE,Federal Contract Tower,1,0,2,1,4,0,4,12,2,18,1,4,14,3,22,0,6,6,28
03/27/2021,IFP,AZ,AWP,WE,Federal Contract Tower,2,0,0,1,3,0,11,17,3,31,2,11,17,4,34,4,0,4,38
03/28/2021,IFP,AZ,AWP,WE,Federal Contract Tower,3,0,6,0,9,0,5,20,0,25,3,5,26,0,34,6,0,6,40
03/29/2021,IFP,AZ,AWP,WE,Federal Contract Tower,2,0,0,0,2,0,5,8,0,13,2,5,8,0,15,0,0,0,15
03/30/2021,IFP,AZ,AWP,WE,Federal Contract Tower,2,0,2,0,4,0,0,7,0,7,2,0,9,0,11,0,0,0,11
03/31/2021,IFP,AZ,AWP,WE,Federal Contract Tower,3,1,2,0,6,0,7,2,0,9,3,8,4,0,15,4,0,4,19
04/01/2021,IFP,AZ,AWP,WE,Federal Contract Tower,2,0,1,0,3,0,2,15,0,17,2,2,16,0,20,0,0,0,20
04/02/2021,IFP,AZ,AWP,WE,Federal Contract Tower,2,0,5,0,7,0,5,16,0,21,2,5,21,0,28,4,0,4,32
04/03/2021,IFP,AZ,AWP,WE,Federal Contract Tower,1,0,1,2,4,0,0,14,0,14,1,0,15,2,18,8,0,8,26
04/04/2021,IFP,AZ,AWP,WE,Federal Contract Tower,1,0,3,0,4,0,6,18,0,24,1,6,21,0,28,12,0,12,40
04/05/2021,IFP,AZ,AWP,WE,Federal Contract Tower,1,0,1,0,2,0,0,10,0,10,1,0,11,0,12,0,0,0,12
04/06/2021,IFP,AZ,AWP,WE,Federal Contract Tower,2,0,0,0,2,0,4,12,0,16,2,4,12,0,18,4,0,4,22
04/07/2021,IFP,AZ,AWP,WE,Federal Contract Tower,2,0,1,2,5,0,9,10,0,19,2,9,11,2,24,4,0,4,28
04/08/2021,IFP,AZ,AWP,WE,Federal Contract Tower,2,0,1,1,4,0,0,21,1,22,2,0,22,2,26,0,6,6,32
04/09/2021,IFP,AZ,AWP,WE,Federal Contract Tower,3,0,0,0,3,0,13,14,1,28,3,13,14,1,31,18,0,18,49
04/10/2021,IFP,AZ,AWP,WE,Federal Contract Tower,2,0,4,0,6,0,2,17,3,22,2,2,21,3,28,12,0,12,40
04/11/2021,IFP,AZ,AWP,WE,Federal Contract Tower,1,0,1,0,2,0,4,22,2,28,1,4,23,2,30,4,0,4,34
04/12/2021,IFP,AZ,AWP,WE,Federal Contract Tower,6,2,1,0,9,0,3,24,0,27,6,5,25,0,36,26,0,26,62
04/13/2021,IFP,AZ,AWP,WE,Federal Contract Tower,2,0,0,0,2,0,4,3,0,7,2,4,3,0,9,0,0,0,9
04/14/2021,IFP,AZ,AWP,WE,Federal Contract Tower,1,0,3,0,4,0,8,7,2,17,1,8,10,2,21,2,0,2,23
04/15/2021,IFP,AZ,AWP,WE,Federal Contract Tower,1,0,7,0,8,0,15,11,2,28,1,15,18,2,36,2,0,2,38
04/16/2021,IFP,AZ,AWP,WE,Federal Contract Tower,3,0,0,0,3,0,4,12,0,16,3,4,12,0,19,0,0,0,19
04/17/2021,IFP,AZ,AWP,WE,Federal Contract Tower,1,0,0,0,1,0,5,15,0,20,1,5,15,0,21,0,0,0,21
04/18/2021,IFP,AZ,AWP,WE,Federal Contract Tower,1,0,3,0,4,0,1,11,0,12,1,1,14,0,16,0,0,0,16
04/19/2021,IFP,AZ,AWP,WE,Federal Contract Tower,3,0,1,0,4,0,7,10,0,17,3,7,11,0,21,4,0,4,25
04/20/2021,IFP,AZ,AWP,WE,Federal Contract Tower,2,0,2,0,4,0,9,21,1,31,2,9,23,1,35,0,0,0,35
04/21/2021,IFP,AZ,AWP,WE,Federal Contract Tower,2,0,0,2,4,0,4,10,2,16,2,4,10,4,20,6,2,8,28
04/22/2021,IFP,AZ,AWP,WE,Federal Contract Tower,1,0,1,0,2,0,9,22,0,31,1,9,23,0,33,12,0,12,45
04/23/2021,IFP,AZ,AWP,WE,Federal Contract Tower,2,2,2,1,7,0,1,9,1,11,2,3,11,2,18,6,12,18,36
04/24/2021,IFP,AZ,AWP,WE,Federal Contract Tower,1,2,2,0,5,0,3,1,0,4,1,5,3,0,9,0,0,0,9
04/25/2021,IFP,AZ,AWP,WE,Federal Contract Tower,1,0,2,0,3,0,5,11,0,16,1,5,13,0,19,2,0,2,21
04/26/2021,IFP,AZ,AWP,WE,Federal Contract Tower,2,0,0,0,2,0,15,3,3,21,2,15,3,3,23,0,12,12,35
04/27/2021,IFP,AZ,AWP,WE,Federal Contract Tower,2,0,0,0,2,0,7,11,0,18,2,7,11,0,20,0,0,0,20
04/28/2021,IFP,AZ,AWP,WE,Federal Contract Tower,5,0,2,0,7,0,12,15,0,27,5,12,17,0,34,0,0,0,34
04/29/2021,IFP,AZ,AWP,WE,Federal Contract Tower,1,0,0,0,1,0,7,18,0,25,1,7,18,0,26,4,0,4,30
04/30/2021,IFP,AZ,AWP,WE,Federal Contract Tower,3,0,1,0,4,0,12,17,2,31,3,12,18,2,35,0,0,0,35
05/01/2021,IFP,AZ,AWP,WE,Federal Contract Tower,1,0,2,0,3,0,2,17,0,19,1,2,19,0,22,2,0,2,24
05/02/2021,IFP,AZ,AWP,WE,Federal Contract Tower,2,0,1,0,3,0,2,24,0,26,2,2,25,0,29,16,0,16,45
05/03/2021,IFP,AZ,AWP,WE,Federal Contract Tower,1,1,1,0,3,0,16,21,0,37,1,17,22,0,40,0,0,0,40
05/04/2021,IFP,AZ,AWP,WE,Federal Contract Tower,3,0,0,1,4,0,0,18,1,19,3,0,18,2,23,0,0,0,23
05/05/2021,IFP,AZ,AWP,WE,Federal Contract Tower,2,0,2,0,4,0,0,19,0,19,2,0,21,0,23,8,0,8,31
05/06/2021,IFP,AZ,AWP,WE,Federal Contract Tower,3,0,1,0,4,0,5,16,4,25,3,5,17,4,29,0,10,10,39
05/07/2021,IFP,AZ,AWP,WE,Federal Contract Tower,1,0,0,0,1,0,6,15,2,23,1,6,15,2,24,0,0,0,24
05/08/2021,IFP,AZ,AWP,WE,Federal Contract Tower,3,1,0,0,4,0,3,15,0,18,3,4,15,0,22,4,0,4,26
05/09/2021,IFP,AZ,AWP,WE,Federal Contract Tower,1,0,0,0,1,0,5,12,0,17,1,5,12,0,18,2,0,2,20
05/10/2021,IFP,AZ,AWP,WE,Federal Contract Tower,2,0,2,0,4,0,0,16,0,16,2,0,18,0,20,0,0,0,20
05/11/2021,IFP,AZ,AWP,WE,Federal Contract Tower,2,0,1,0,3,0,1,7,4,12,2,1,8,4,15,0,14,14,29
05/12/2021,IFP,AZ,AWP,WE,Federal Contract Tower,0,0,0,0,0,0,2,15,0,17,0,2,15,0,17,4,0,4,21
05/13/2021,IFP,AZ,AWP,WE,Federal Contract Tower,2,0,0,0,2,0,5,18,0,23,2,5,18,0,25,0,0,0,25
05/14/2021,IFP,AZ,AWP,WE,Federal Contract Tower,3,0,2,2,7,0,5,21,0,26,3,5,23,2,33,0,0,0,33
05/15/2021,IFP,AZ,AWP,WE,Federal Contract Tower,3,0,1,0,4,0,3,18,0,21,3,3,19,0,25,0,0,0,25
05/16/2021,IFP,AZ,AWP,WE,Federal Contract Tower,1,1,3,0,5,0,0,14,0,14,1,1,17,0,19,0,0,0,19
05/17/2021,IFP,AZ,AWP,WE,Federal Contract Tower,2,0,0,0,2,0,15,17,0,32,2,15,17,0,34,0,0,0,34
05/18/2021,IFP,AZ,AWP,WE,Federal Contract Tower,3,2,2,0,7,0,7,22,1,30,3,9,24,1,37,0,0,0,37
05/19/2021,IFP,AZ,AWP,WE,Federal Contract Tower,1,0,0,0,1,0,3,24,0,27,1,3,24,0,28,10,0,10,38
05/20/2021,IFP,AZ,AWP,WE,Federal Contract Tower,1,0,2,2,5,0,10,14,2,26,1,10,16,4,31,0,0,0,31
05/21/2021,IFP,AZ,AWP,WE,Federal Contract Tower,1,1,4,1,7,0,2,13,2,17,1,3,17,3,24,10,0,10,34
05/22/2021,IFP,AZ,AWP,WE,Federal Contract Tower,2,1,3,0,6,0,9,15,0,24,2,10,18,0,30,0,0,0,30
05/23/2021,IFP,AZ,AWP,WE,Federal Contract Tower,0,0,5,0,5,0,4,14,0,18,0,4,19,0,23,0,0,0,23
05/24/2021,IFP,AZ,AWP,WE,Federal Contract Tower,1,0,2,0,3,0,2,9,2,13,1,2,11,2,16,6,0,6,22
05/25/2021,IFP,AZ,AWP,WE,Federal Contract Tower,1,0,3,0,4,0,4,21,2,27,1,4,24,2,31,4,0,4,35
05/26/2021,IFP,AZ,AWP,WE,Federal Contract Tower,3,2,1,0,6,0,3,14,9,26,3,5,15,9,32,0,2,2,34
05/27/2021,IFP,AZ,AWP,WE,Federal Contract Tower,1,0,1,0,2,0,5,14,0,19,1,5,15,0,21,14,0,14,35
05/28/2021,IFP,AZ,AWP,WE,Federal Contract Tower,2,1,0,0,3,0,1,15,0,16,2,2,15,0,19,0,0,0,19
05/29/2021,IFP,AZ,AWP,WE,Federal Contract Tower,1,0,0,0,1,0,7,7,0,14,1,7,7,0,15,2,0,2,17
05/30/2021,IFP,AZ,AWP,WE,Federal Contract Tower,2,0,0,0,2,0,3,15,0,18,2,3,15,0,20,0,0,0,20
05/31/2021,IFP,AZ,AWP,WE,Federal Contract Tower,2,0,5,0,7,0,15,20,0,35,2,15,25,0,42,0,0,0,42
06/01/2021,IFP,AZ,AWP,WE,Federal Contract Tower,1,0,2,1,4,0,10,14,1,25,1,10,16,2,29,0,0,0,29
06/02/2021,IFP,AZ,AWP,WE,Federal Contract Tower,3,0,0,1,4,0,10,6,3,19,3,10,6,4,23,0,0,0,23
06/03/2021,IFP,AZ,AWP,WE,Federal Contract Tower,3,0,0,0,3,0,0,10,0,10,3,0,10,0,13,0,0,0,13
06/04/2021,IFP,AZ,AWP,WE,Federal Contract Tower,2,0,2,2,6,0,5,15,0,20,2,5,17,2,26,2,0,2,28
06/05/2021,IFP,AZ,AWP,WE,Federal Contract Tower,0,0,0,0,0,0,10,17,0,27,0,10,17,0,27,8,0,8,35
06/06/2021,IFP,AZ,AWP,WE,Federal Contract Tower,3,2,0,0,5,0,3,10,0,13,3,5,10,0,18,0,0,0,18
06/07/2021,IFP,AZ,AWP,WE,Federal Contract Tower,2,0,2,0,4,0,17,9,0,26,2,17,11,0,30,0,0,0,30
06/08/2021,IFP,AZ,AWP,WE,Federal Contract Tower,2,1,0,2,5,0,1,5,2,8,2,2,5,4,13,0,6,6,19
06/09/2021,IFP,AZ,AWP,WE,Federal Contract Tower,1,0,0,0,1,0,9,6,0,15,1,9,6,0,16,2,0,2,18
06/10/2021,IFP,AZ,AWP,WE,Federal Contract Tower,4,0,1,0,5,0,15,19,2,36,4,15,20,2,41,18,0,18,59
06/11/2021,IFP,AZ,AWP,WE,Federal Contract Tower,1,0,0,5,6,0,2,22,0,24,1,2,22,5,30,0,0,0,30
06/12/2021,IFP,AZ,AWP,WE,Federal Contract Tower,2,0,2,0,4,0,3,16,3,22,2,3,18,3,26,0,0,0,26
06/13/2021,IFP,AZ,AWP,WE,Federal Contract Tower,2,0,1,0,3,0,5,23,0,28,2,5,24,0,31,12,0,12,43
06/14/2021,IFP,AZ,AWP,WE,Federal Contract Tower,1,0,0,1,2,0,2,17,2,21,1,2,17,3,23,4,8,12,35
06/15/2021,IFP,AZ,AWP,WE,Federal Contract Tower,1,1,2,0,4,0,0,14,2,16,1,1,16,2,20,0,0,0,20
06/16/2021,IFP,AZ,AWP,WE,Federal Contract Tower,2,0,0,0,2,0,4,3,0,7,2,4,3,0,9,0,0,0,9
06/17/2021,IFP,AZ,AWP,WE,Federal Contract Tower,1,0,2,0,3,0,2,8,1,11,1,2,10,1,14,6,0,6,20
06/18/2021,IFP,AZ,AWP,WE,Federal Contract Tower,2,0,0,0,2,0,0,13,3,16,2,0,13,3,18,0,0,0,18
06/19/2021,IFP,AZ,AWP,WE,Federal Contract Tower,3,0,4,0,7,0,6,9,0,15,3,6,13,0,22,12,0,12,34
06/20/2021,IFP,AZ,AWP,WE,Federal Contract Tower,0,0,0,0,0,0,4,6,0,10,0,4,6,0,10,0,0,0,10
06/21/2021,IFP,AZ,AWP,WE,Federal Contract Tower,3,0,0,0,3,0,2,6,0,8,3,2,6,0,11,14,0,14,25
06/22/2021,IFP,AZ,AWP,WE,Federal Contract Tower,2,0,0,0,2,0,5,10,0,15,2,5,10,0,17,0,0,0,17
06/23/2021,IFP,AZ,AWP,WE,Federal Contract Tower,1,0,0,0,1,0,5,9,0,14,1,5,9,0,15,10,0,10,25
06/24/2021,IFP,AZ,AWP,WE,Federal Contract Tower,2,0,1,0,3,0,6,1,2,9,2,6,2,2,12,0,0,0,12
06/25/2021,IFP,AZ,AWP,WE,Federal Contract Tower,3,0,1,0,4,0,4,28,0,32,3,4,29,0,36,32,0,32,68
06/26/2021,IFP,AZ,AWP,WE,Federal Contract Tower,2,0,0,0,2,0,5,8,0,13,2,5,8,0,15,0,0,0,15
06/27/2021,IFP,AZ,AWP,WE,Federal Contract Tower,1,0,2,0,3,0,12,11,0,23,1,12,13,0,26,0,0,0,26
06/28/2021,IFP,AZ,AWP,WE,Federal Contract Tower,3,0,3,0,6,0,6,8,0,14,3,6,11,0,20,0,0,0,20
06/29/2021,IFP,AZ,AWP,WE,Federal Contract Tower,2,0,0,0,2,0,6,11,0,17,2,6,11,0,19,2,0,2,21
06/30/2021,IFP,AZ,AWP,WE,Federal Contract Tower,3,0,5,0,8,0,2,2,0,4,3,2,7,0,12,0,0,0,12
07/01/2021,IFP,AZ,AWP,WE,Federal Contract Tower,2,0,1,0,3,0,18,9,0,27,2,18,10,0,30,0,0,0,30
07/02/2021,IFP,AZ,AWP,WE,Federal Contract Tower,2,0,0,0,2,0,9,18,0,27,2,9,18,0,29,6,0,6,35
07/03/2021,IFP,AZ,AWP,WE,Federal Contract Tower,3,0,0,0,3,0,10,12,0,22,3,10,12,0,25,8,0,8,33
07/04/2021,IFP,AZ,AWP,WE,Federal Contract Tower,2,0,0,0,2,0,5,1,0,6,2,5,1,0,8,0,0,0,8
07/05/2021,IFP,AZ,AWP,WE,Federal Contract Tower,1,0,0,0,1,0,3,14,0,17,1,3,14,0,18,2,0,2,20
07/06/2021,IFP,AZ,AWP,WE,Federal Contract Tower,2,0,0,0,2,0,10,4,0,14,2,10,4,0,16,0,0,0,16
07/07/2021,IFP,AZ,AWP,WE,Federal Contract Tower,2,0,0,0,2,0,7,4,2,13,2,7,4,2,15,0,2,2,17
07/08/2021,IFP,AZ,AWP,WE,Federal Contract Tower,2,2,1,0,5,0,12,4,0,16,2,14,5,0,21,0,0,0,21
07/09/2021,IFP,AZ,AWP,WE,Federal Contract Tower,2,1,0,1,4,0,11,6,0,17,2,12,6,1,21,0,0,0,21
07/10/2021,IFP,AZ,AWP,WE,Federal Contract Tower,2,0,0,0,2,0,22,4,0,26,2,22,4,0,28,0,0,0,28
07/11/2021,IFP,AZ,AWP,WE,Federal Contract Tower,2,1,0,1,4,0,1,10,0,11,2,2,10,1,15,2,0,2,17
07/12/2021,IFP,AZ,AWP,WE,Federal Contract Tower,2,2,1,0,5,0,5,3,0,8,2,7,4,0,13,0,0,0,13
07/13/2021,IFP,AZ,AWP,WE,Federal Contract Tower,2,0,0,0,2,0,11,10,0,21,2,11,10,0,23,0,0,0,23
07/14/2021,IFP,AZ,AWP,WE,Federal Contract Tower,2,2,1,0,5,0,3,5,0,8,2,5,6,0,13,0,0,0,13
07/15/2021,IFP,AZ,AWP,WE,Federal Contract Tower,2,0,0,0,2,0,15,8,0,23,2,15,8,0,25,0,0,0,25
07/16/2021,IFP,AZ,AWP,WE,Federal Contract Tower,2,0,1,0,3,0,8,20,0,28,2,8,21,0,31,6,0,6,37
07/17/2021,IFP,AZ,AWP,WE,Federal Contract Tower,0,0,0,0,0,0,8,2,0,10,0,8,2,0,10,0,0,0,10
07/18/2021,IFP,AZ,AWP,WE,Federal Contract Tower,2,1,1,0,4,0,2,8,0,10,2,3,9,0,14,0,0,0,14
07/19/2021,IFP,AZ,AWP,WE,Federal Contract Tower,3,0,3,0,6,0,1,4,0,5,3,1,7,0,11,0,0,0,11
07/20/2021,IFP,AZ,AWP,WE,Federal Contract Tower,2,2,2,2,8,0,11,11,0,22,2,13,13,2,30,0,0,0,30
07/21/2021,IFP,AZ,AWP,WE,Federal Contract Tower,2,2,2,0,6,0,5,9,0,14,2,7,11,0,20,0,0,0,20
07/22/2021,IFP,AZ,AWP,WE,Federal Contract Tower,4,0,0,0,4,0,4,7,0,11,4,4,7,0,15,2,0,2,17
07/23/2021,IFP,AZ,AWP,WE,Federal Contract Tower,1,0,1,0,2,0,6,14,0,20,1,6,15,0,22,0,0,0,22
07/24/2021,IFP,AZ,AWP,WE,Federal Contract Tower,2,0,1,0,3,0,5,4,0,9,2,5,5,0,12,0,0,0,12
07/25/2021,IFP,AZ,AWP,WE,Federal Contract Tower,1,2,0,0,3,0,4,13,0,17,1,6,13,0,20,0,0,0,20
07/26/2021,IFP,AZ,AWP,WE,Federal Contract Tower,2,0,0,0,2,0,3,3,0,6,2,3,3,0,8,0,0,0,8
07/27/2021,IFP,AZ,AWP,WE,Federal Contract Tower,1,0,2,0,3,0,7,12,0,19,1,7,14,0,22,4,0,4,26
07/28/2021,IFP,AZ,AWP,WE,Federal Contract Tower,3,0,0,0,3,0,3,15,0,18,3,3,15,0,21,0,0,0,21
07/29/2021,IFP,AZ,AWP,WE,Federal Contract Tower,1,0,0,0,1,0,6,15,0,21,1,6,15,0,22,0,0,0,22
07/30/2021,IFP,AZ,AWP,WE,Federal Contract Tower,4,0,4,0,8,0,3,14,0,17,4,3,18,0,25,0,0,0,25
07/31/2021,IFP,AZ,AWP,WE,Federal Contract Tower,2,0,0,0,2,0,20,1,0,21,2,20,1,0,23,0,0,0,23
08/01/2021,IFP,AZ,AWP,WE,Federal Contract Tower,3,2,0,0,5,0,6,10,0,16,3,8,10,0,21,0,0,0,21
08/02/2021,IFP,AZ,AWP,WE,Federal Contract Tower,1,0,1,0,2,0,2,16,0,18,1,2,17,0,20,0,0,0,20
08/03/2021,IFP,AZ,AWP,WE,Federal Contract Tower,3,0,0,0,3,0,6,9,0,15,3,6,9,0,18,2,0,2,20
08/04/2021,IFP,AZ,AWP,WE,Federal Contract Tower,1,0,3,4,8,0,2,17,0,19,1,2,20,4,27,0,0,0,27
08/05/2021,IFP,AZ,AWP,WE,Federal Contract Tower,3,0,0,0,3,0,7,8,0,15,3,7,8,0,18,0,0,0,18
08/06/2021,IFP,AZ,AWP,WE,Federal Contract Tower,2,0,2,0,4,0,6,18,2,26,2,6,20,2,30,10,4,14,44
08/07/2021,IFP,AZ,AWP,WE,Federal Contract Tower,1,0,1,0,2,0,1,11,6,18,1,1,12,6,20,0,0,0,20
08/08/2021,IFP,AZ,AWP,WE,Federal Contract Tower,1,0,0,0,1,0,7,12,0,19,1,7,12,0,20,0,0,0,20
08/09/2021,IFP,AZ,AWP,WE,Federal Contract Tower,2,0,2,0,4,0,4,7,0,11,2,4,9,0,15,0,0,0,15
08/10/2021,IFP,AZ,AWP,WE,Federal Contract Tower,0,0,2,0,2,0,15,5,0,20,0,15,7,0,22,0,0,0,22
08/11/2021,IFP,AZ,AWP,WE,Federal Contract Tower,2,0,3,0,5,0,6,9,0,15,2,6,12,0,20,0,0,0,20
08/12/2021,IFP,AZ,AWP,WE,Federal Contract Tower,3,0,0,0,3,0,6,9,0,15,3,6,9,0,18,2,0,2,20
08/13/2021,IFP,AZ,AWP,WE,Federal Contract Tower,1,1,2,0,4,0,15,16,0,31,1,16,18,0,35,0,0,0,35
08/14/2021,IFP,AZ,AWP,WE,Federal Contract Tower,2,0,1,0,3,0,14,6,0,20,2,14,7,0,23,0,0,0,23
08/15/2021,IFP,AZ,AWP,WE,Federal Contract Tower,1,0,0,0,1,0,1,10,0,11,1,1,10,0,12,0,0,0,12
08/16/2021,IFP,AZ,AWP,WE,Federal Contract Tower,0,0,1,1,2,0,6,5,1,12,0,6,6,2,14,0,6,6,20
08/17/2021,IFP,AZ,AWP,WE,Federal Contract Tower,2,0,3,0,5,0,6,2,0,8,2,6,5,0,13,0,0,0,13
08/18/2021,IFP,AZ,AWP,WE,Federal Contract Tower,2,0,0,0,2,0,10,19,0,29,2,10,19,0,31,0,0,0,31
08/19/2021,IFP,AZ,AWP,WE,Federal Contract Tower,1,0,1,0,2,0,10,14,2,26,1,10,15,2,28,0,0,0,28
08/20/2021,IFP,AZ,AWP,WE,Federal Contract Tower,0,0,0,0,0,0,5,22,0,27,0,5,22,0,27,0,0,0,27
08/21/2021,IFP,AZ,AWP,WE,Federal Contract Tower,3,0,2,0,5,0,12,3,0,15,3,12,5,0,20,0,0,0,20
08/22/2021,IFP,AZ,AWP,WE,Federal Contract Tower,1,0,0,0,1,0,2,10,0,12,1,2,10,0,13,6,0,6,19
08/23/2021,IFP,AZ,AWP,WE,Federal Contract Tower,4,0,2,0,6,0,12,25,0,37,4,12,27,0,43,0,0,0,43
08/24/2021,IFP,AZ,AWP,WE,Federal Contract Tower,2,0,2,0,4,0,6,5,0,11,2,6,7,0,15,2,0,2,17
08/25/2021,IFP,AZ,AWP,WE,Federal Contract Tower,4,2,0,0,6,0,3,11,2,16,4,5,11,2,22,2,0,2,24
08/26/2021,IFP,AZ,AWP,WE,Federal Contract Tower,2,0,4,0,6,0,7,18,0,25,2,7,22,0,31,2,0,2,33
08/27/2021,IFP,AZ,AWP,WE,Federal Contract Tower,4,1,0,1,6,0,5,8,2,15,4,6,8,3,21,6,0,6,27
08/28/2021,IFP,AZ,AWP,WE,Federal Contract Tower,1,0,1,0,2,0,0,7,1,8,1,0,8,1,10,12,2,14,24
08/29/2021,IFP,AZ,AWP,WE,Federal Contract Tower,3,0,1,1,5,0,10,9,0,19,3,10,10,1,24,10,0,10,34
08/30/2021,IFP,AZ,AWP,WE,Federal Contract Tower,2,0,5,2,9,0,4,8,0,12,2,4,13,2,21,0,6,6,27
08/31/2021,IFP,AZ,AWP,WE,Federal Contract Tower,3,0,1,0,4,0,1,7,0,8,3,1,8,0,12,6,0,6,18
09/01/2021,IFP,AZ,AWP,WE,Federal Contract Tower,0,0,0,0,0,0,6,7,0,13,0,6,7,0,13,0,0,0,13
09/02/2021,IFP,AZ,AWP,WE,Federal Contract Tower,3,5,1,0,9,0,12,15,0,27,3,17,16,0,36,6,0,6,42
09/03/2021,IFP,AZ,AWP,WE,Federal Contract Tower,1,0,0,0,1,0,17,18,2,37,1,17,18,2,38,0,0,0,38
09/04/2021,IFP,AZ,AWP,WE,Federal Contract Tower,4,0,1,0,5,0,17,24,0,41,4,17,25,0,46,8,0,8,54
09/05/2021,IFP,AZ,AWP,WE,Federal Contract Tower,3,0,3,0,6,0,5,13,0,18,3,5,16,0,24,6,0,6,30
09/06/2021,IFP,AZ,AWP,WE,Federal Contract Tower,0,0,1,0,1,0,10,17,0,27,0,10,18,0,28,10,0,10,38
09/07/2021,IFP,AZ,AWP,WE,Federal Contract Tower,0,0,1,0,1,0,4,11,0,15,0,4,12,0,16,0,0,0,16
09/08/2021,IFP,AZ,AWP,WE,Federal Contract Tower,2,0,0,0,2,0,1,7,2,10,2,1,7,2,12,28,0,28,40
09/09/2021,IFP,AZ,AWP,WE,Federal Contract Tower,3,0,2,0,5,0,6,6,0,12,3,6,8,0,17,0,0,0,17
09/10/2021,IFP,AZ,AWP,WE,Federal Contract Tower,2,2,1,1,6,0,6,27,1,34,2,8,28,2,40,0,24,24,64
09/11/2021,IFP,AZ,AWP,WE,Federal Contract Tower,1,2,0,0,3,0,11,42,0,53,1,13,42,0,56,0,0,0,56
09/12/2021,IFP,AZ,AWP,WE,Federal Contract Tower,1,1,0,0,2,0,4,15,0,19,1,5,15,0,21,8,0,8,29
09/13/2021,IFP,AZ,AWP,WE,Federal Contract Tower,1,0,0,0,1,0,5,6,2,13,1,5,6,2,14,0,16,16,30
09/14/2021,IFP,AZ,AWP,WE,Federal Contract Tower,3,0,1,0,4,0,8,19,0,27,3,8,20,0,31,2,0,2,33
09/15/2021,IFP,AZ,AWP,WE,Federal Contract Tower,2,0,0,0,2,0,1,7,0,8,2,1,7,0,10,0,0,0,10
09/16/2021,IFP,AZ,AWP,WE,Federal Contract Tower,3,2,1,0,6,0,4,12,2,18,3,6,13,2,24,0,0,0,24
09/17/2021,IFP,AZ,AWP,WE,Federal Contract Tower,4,1,0,0,5,0,12,19,0,31,4,13,19,0,36,10,0,10,46
09/18/2021,IFP,AZ,AWP,WE,Federal Contract Tower,0,0,3,0,3,0,2,28,0,30,0,2,31,0,33,0,0,0,33
09/19/2021,IFP,AZ,AWP,WE,Federal Contract Tower,0,0,0,0,0,0,3,14,0,17,0,3,14,0,17,0,0,0,17
09/20/2021,IFP,AZ,AWP,WE,Federal Contract Tower,2,0,2,0,4,0,4,16,0,20,2,4,18,0,24,0,0,0,24
09/21/2021,IFP,AZ,AWP,WE,Federal Contract Tower,2,0,0,0,2,0,6,10,0,16,2,6,10,0,18,0,0,0,18
09/22/2021,IFP,AZ,AWP,WE,Federal Contract Tower,2,0,0,0,2,0,11,20,2,33,2,11,20,2,35,8,0,8,43
09/23/2021,IFP,AZ,AWP,WE,Federal Contract Tower,2,2,0,0,4,0,5,18,0,23,2,7,18,0,27,0,0,0,27
09/24/2021,IFP,AZ,AWP,WE,Federal Contract Tower,4,0,4,0,8,0,9,20,0,29,4,9,24,0,37,0,0,0,37
09/25/2021,IFP,AZ,AWP,WE,Federal Contract Tower,3,0,1,0,4,0,5,34,0,39,3,5,35,0,43,0,0,0,43
09/26/2021,IFP,AZ,AWP,WE,Federal Contract Tower,3,3,9,0,15,0,11,43,4,58,3,14,52,4,73,2,12,14,87
09/27/2021,IFP,AZ,AWP,WE,Federal Contract Tower,2,0,2,0,4,0,3,17,0,20,2,3,19,0,24,6,0,6,30
09/28/2021,IFP,AZ,AWP,WE,Federal Contract Tower,3,0,1,1,5,0,6,12,1,19,3,6,13,2,24,0,0,0,24
09/29/2021,IFP,AZ,AWP,WE,Federal Contract Tower,1,0,0,0,1,0,7,13,0,20,1,7,13,0,21,0,0,0,21
09/30/2021,IFP,AZ,AWP,WE,Federal Contract Tower,1,0,0,0,1,0,5,12,0,17,1,5,12,0,18,8,0,8,26
10/01/2021,IFP,AZ,AWP,WE,Federal Contract Tower,2,0,1,0,3,0,10,15,0,25,2,10,16,0,28,0,0,0,28
10/02/2021,IFP,AZ,AWP,WE,Federal Contract Tower,3,1,1,0,5,0,1,16,0,17,3,2,17,0,22,10,0,10,32
10/03/2021,IFP,AZ,AWP,WE,Federal Contract Tower,2,0,2,0,4,0,0,16,0,16,2,0,18,0,20,0,0,0,20
10/04/2021,IFP,AZ,AWP,WE,Federal Contract Tower,2,1,0,2,5,0,4,15,8,27,2,5,15,10,32,0,20,20,52
10/05/2021,IFP,AZ,AWP,WE,Federal Contract Tower,1,0,2,0,3,0,7,8,0,15,1,7,10,0,18,0,0,0,18
10/06/2021,IFP,AZ,AWP,WE,Federal Contract Tower,2,0,4,0,6,0,11,35,0,46,2,11,39,0,52,7,0,7,59
10/07/2021,IFP,AZ,AWP,WE,Federal Contract Tower,2,0,7,1,10,0,0,19,1,20,2,0,26,2,30,4,0,4,34
10/08/2021,IFP,AZ,AWP,WE,Federal Contract Tower,2,0,3,0,5,0,1,10,0,11,2,1,13,0,16,0,0,0,16
10/09/2021,IFP,AZ,AWP,WE,Federal Contract Tower,0,0,2,2,4,0,7,29,0,36,0,7,31,2,40,0,0,0,40
10/10/2021,IFP,AZ,AWP,WE,Federal Contract Tower,3,0,2,1,6,0,5,27,2,34,3,5,29,3,40,6,2,8,48
10/11/2021,IFP,AZ,AWP,WE,Federal Contract Tower,4,1,0,0,5,0,7,8,1,16,4,8,8,1,21,2,0,2,23
10/12/2021,IFP,AZ,AWP,WE,Federal Contract Tower,3,0,1,1,5,0,6,19,3,28,3,6,20,4,33,0,2,2,35
10/13/2021,IFP,AZ,AWP,WE,Federal Contract Tower,1,0,2,2,5,0,3,17,0,20,1,3,19,2,25,12,0,12,37
10/14/2021,IFP,AZ,AWP,WE,Federal Contract Tower,2,0,1,0,3,0,13,14,0,27,2,13,15,0,30,16,0,16,46
10/15/2021,IFP,AZ,AWP,WE,Federal Contract Tower,5,2,6,0,13,0,2,18,0,20,5,4,24,0,33,0,0,0,33
10/16/2021,IFP,AZ,AWP,WE,Federal Contract Tower,2,0,7,0,9,0,10,21,1,32,2,10,28,1,41,0,0,0,41
10/17/2021,IFP,AZ,AWP,WE,Federal Contract Tower,3,1,9,0,13,0,12,30,2,44,3,13,39,2,57,8,0,8,65
10/18/2021,IFP,AZ,AWP,WE,Federal Contract Tower,2,1,0,0,3,0,5,10,1,16,2,6,10,1,19,0,0,0,19
10/19/2021,IFP,AZ,AWP,WE,Federal Contract Tower,2,0,0,0,2,0,6,10,0,16,2,6,10,0,18,0,0,0,18
10/20/2021,IFP,AZ,AWP,WE,Federal Contract Tower,2,0,1,0,3,0,1,26,0,27,2,1,27,0,30,30,0,30,60
10/21/2021,IFP,AZ,AWP,WE,Federal Contract Tower,4,0,4,2,10,0,15,19,4,38,4,15,23,6,48,14,0,14,62
10/22/2021,IFP,AZ,AWP,WE,Federal Contract Tower,3,0,1,0,4,0,15,30,0,45,3,15,31,0,49,14,0,14,63
10/23/2021,IFP,AZ,AWP,WE,Federal Contract Tower,2,0,1,0,3,0,4,28,0,32,2,4,29,0,35,10,0,10,45
10/24/2021,IFP,AZ,AWP,WE,Federal Contract Tower,6,0,0,0,6,0,7,21,0,28,6,7,21,0,34,2,0,2,36
10/25/2021,IFP,AZ,AWP,WE,Federal Contract Tower,5,0,2,0,7,0,11,7,2,20,5,11,9,2,27,0,0,0,27
10/26/2021,IFP,AZ,AWP,WE,Federal Contract Tower,3,0,3,0,6,0,11,17,0,28,3,11,20,0,34,0,0,0,34
10/27/2021,IFP,AZ,AWP,WE,Federal Contract Tower,0,0,3,0,3,0,1,25,0,26,0,1,28,0,29,0,0,0,29
10/28/2021,IFP,AZ,AWP,WE,Federal Contract Tower,5,3,0,0,8,0,3,13,0,16,5,6,13,0,24,0,0,0,24
10/29/2021,IFP,AZ,AWP,WE,Federal Contract Tower,4,0,2,0,6,0,6,16,2,24,4,6,18,2,30,0,0,0,30
10/30/2021,IFP,AZ,AWP,WE,Federal Contract Tower,0,0,2,0,2,0,5,20,0,25,0,5,22,0,27,0,0,0,27
10/31/2021,IFP,AZ,AWP,WE,Federal Contract Tower,3,0,0,0,3,0,11,39,0,50,3,11,39,0,53,12,0,12,65
11/01/2021,IFP,AZ,AWP,WE,Federal Contract Tower,5,0,3,0,8,0,18,10,0,28,5,18,13,0,36,6,0,6,42
11/02/2021,IFP,AZ,AWP,WE,Federal Contract Tower,2,0,1,0,3,0,11,39,0,50,2,11,40,0,53,0,0,0,53
11/03/2021,IFP,AZ,AWP,WE,Federal Contract Tower,0,0,2,0,2,0,8,13,0,21,0,8,15,0,23,0,0,0,23
11/04/2021,IFP,AZ,AWP,WE,Federal Contract Tower,5,0,1,1,7,0,11,19,1,31,5,11,20,2,38,10,18,28,66
11/05/2021,IFP,AZ,AWP,WE,Federal Contract Tower,7,0,2,0,9,0,1,36,2,39,7,1,38,2,48,4,0,4,52
11/06/2021,IFP,AZ,AWP,WE,Federal Contract Tower,3,2,4,0,9,0,10,27,0,37,3,12,31,0,46,0,0,0,46
11/07/2021,IFP,AZ,AWP,WE,Federal Contract Tower,1,1,0,0,2,0,1,21,0,22,1,2,21,0,24,0,0,0,24
11/08/2021,IFP,AZ,AWP,WE,Federal Contract Tower,6,0,3,0,9,0,8,18,0,26,6,8,21,0,35,0,0,0,35
11/09/2021,IFP,AZ,AWP,WE,Federal Contract Tower,2,0,1,0,3,0,5,11,2,18,2,5,12,2,21,2,0,2,23
11/10/2021,IFP,AZ,AWP,WE,Federal Contract Tower,1,0,1,0,2,0,2,10,0,12,1,2,11,0,14,0,0,0,14
11/11/2021,IFP,AZ,AWP,WE,Federal Contract Tower,2,0,1,1,4,0,8,12,0,20,2,8,13,1,24,0,0,0,24
11/12/2021,IFP,AZ,AWP,WE,Federal Contract Tower,5,3,1,0,9,0,7,10,0,17,5,10,11,0,26,0,0,0,26
11/13/2021,IFP,AZ,AWP,WE,Federal Contract Tower,2,0,0,1,3,0,6,17,0,23,2,6,17,1,26,0,0,0,26
11/14/2021,IFP,AZ,AWP,WE,Federal Contract Tower,5,0,2,0,7,0,8,18,0,26,5,8,20,0,33,2,0,2,35
11/15/2021,IFP,AZ,AWP,WE,Federal Contract Tower,4,0,0,1,5,0,11,26,0,37,4,11,26,1,42,0,0,0,42
11/16/2021,IFP,AZ,AWP,WE,Federal Contract Tower,1,0,0,0,1,0,2,13,0,15,1,2,13,0,16,0,0,0,16
11/17/2021,IFP,AZ,AWP,WE,Federal Contract Tower,2,0,2,0,4,0,7,15,0,22,2,7,17,0,26,0,0,0,26
11/18/2021,IFP,AZ,AWP,WE,Federal Contract Tower,2,0,3,0,5,0,4,8,1,13,2,4,11,1,18,0,0,0,18
11/19/2021,IFP,AZ,AWP,WE,Federal Contract Tower,4,0,3,0,7,0,7,23,2,32,4,7,26,2,39,14,0,14,53
11/20/2021,IFP,AZ,AWP,WE,Federal Contract Tower,3,0,1,0,4,0,12,74,2,88,3,12,75,2,92,2,2,4,96
11/21/2021,IFP,AZ,AWP,WE,Federal Contract Tower,4,0,1,1,6,0,2,8,0,10,4,2,9,1,16,0,0,0,16
11/22/2021,IFP,AZ,AWP,WE,Federal Contract Tower,4,0,0,3,7,0,5,15,1,21,4,5,15,4,28,0,4,4,32
11/23/2021,IFP,AZ,AWP,WE,Federal Contract Tower,2,0,0,0,2,0,8,8,2,18,2,8,8,2,20,0,6,6,26
11/24/2021,IFP,AZ,AWP,WE,Federal Contract Tower,0,0,2,0,2,0,0,9,0,9,0,0,11,0,11,0,0,0,11
11/25/2021,IFP,AZ,AWP,WE,Federal Contract Tower,5,1,1,0,7,0,5,0,0,5,5,6,1,0,12,6,0,6,18
11/26/2021,IFP,AZ,AWP,WE,Federal Contract Tower,2,0,0,0,2,0,11,9,0,20,2,11,9,0,22,0,0,0,22
11/27/2021,IFP,AZ,AWP,WE,Federal Contract Tower,2,1,2,0,5,0,11,15,0,26,2,12,17,0,31,2,0,2,33
11/28/2021,IFP,AZ,AWP,WE,Federal Contract Tower,5,0,2,0,7,0,7,15,0,22,5,7,17,0,29,0,0,0,29
11/29/2021,IFP,AZ,AWP,WE,Federal Contract Tower,4,2,3,1,10,0,9,15,3,27,4,11,18,4,37,0,0,0,37
11/30/2021,IFP,AZ,AWP,WE,Federal Contract Tower,2,0,1,0,3,0,5,0,2,7,2,5,1,2,10,0,4,4,14
12/01/2021,IFP,AZ,AWP,WE,Federal Contract Tower,1,0,2,0,3,0,7,12,0,19,1,7,14,0,22,0,0,0,22
12/02/2021,IFP,AZ,AWP,WE,Federal Contract Tower,5,0,6,0,11,0,7,19,2,28,5,7,25,2,39,18,0,18,57
12/03/2021,IFP,AZ,AWP,WE,Federal Contract Tower,4,0,1,1,6,0,2,26,1,29,4,2,27,2,35,8,20,28,63
12/04/2021,IFP,AZ,AWP,WE,Federal Contract Tower,0,0,1,1,2,0,9,15,2,26,0,9,16,3,28,0,0,0,28
12/05/2021,IFP,AZ,AWP,WE,Federal Contract Tower,4,0,2,0,6,0,2,32,0,34,4,2,34,0,40,8,0,8,48
12/06/2021,IFP,AZ,AWP,WE,Federal Contract Tower,6,0,1,0,7,0,6,5,0,11,6,6,6,0,18,0,0,0,18
12/07/2021,IFP,AZ,AWP,WE,Federal Contract Tower,2,0,3,1,6,0,5,12,0,17,2,5,15,1,23,2,0,2,25
12/08/2021,IFP,AZ,AWP,WE,Federal Contract Tower,1,0,4,0,5,0,9,12,0,21,1,9,16,0,26,8,0,8,34
12/09/2021,IFP,AZ,AWP,WE,Federal Contract Tower,4,0,0,0,4,0,0,2,0,2,4,0,2,0,6,0,0,0,6
12/10/2021,IFP,AZ,AWP,WE,Federal Contract Tower,5,1,4,1,11,0,24,19,0,43,5,25,23,1,54,0,0,0,54
12/11/2021,IFP,AZ,AWP,WE,Federal Contract Tower,2,0,1,0,3,0,14,46,0,60,2,14,47,0,63,0,0,0,63
12/12/2021,IFP,AZ,AWP,WE,Federal Contract Tower,3,0,9,0,12,0,2,38,0,40,3,2,47,0,52,2,0,2,54
12/13/2021,IFP,AZ,AWP,WE,Federal Contract Tower,3,0,1,0,4,0,15,18,0,33,3,15,19,0,37,14,0,14,51
12/14/2021,IFP,AZ,AWP,WE,Federal Contract Tower,1,2,3,1,7,0,0,2,0,2,1,2,5,1,9,0,0,0,9
12/15/2021,IFP,AZ,AWP,WE,Federal Contract Tower,0,0,4,2,6,0,15,19,2,36,0,15,23,4,42,0,6,6,48
12/16/2021,IFP,AZ,AWP,WE,Federal Contract Tower,2,0,1,1,4,0,0,6,1,7,2,0,7,2,11,20,0,20,31
12/17/2021,IFP,AZ,AWP,WE,Federal Contract Tower,2,2,1,0,5,0,4,6,0,10,2,6,7,0,15,0,0,0,15
12/18/2021,IFP,AZ,AWP,WE,Federal Contract Tower,0,1,2,0,3,0,6,14,0,20,0,7,16,0,23,0,0,0,23
12/19/2021,IFP,AZ,AWP,WE,Federal Contract Tower,3,0,1,0,4,0,6,19,0,25,3,6,20,0,29,16,0,16,45
12/20/2021,IFP,AZ,AWP,WE,Federal Contract Tower,1,0,3,0,4,0,3,19,0,22,1,3,22,0,26,2,0,2,28
12/21/2021,IFP,AZ,AWP,WE,Federal Contract Tower,1,0,1,2,4,0,8,10,3,21,1,8,11,5,25,4,0,4,29
12/22/2021,IFP,AZ,AWP,WE,Federal Contract Tower,0,0,2,0,2,0,9,17,2,28,0,9,19,2,30,14,0,14,44
12/23/2021,IFP,AZ,AWP,WE,Federal Contract Tower,0,0,0,0,0,0,12,5,0,17,0,12,5,0,17,4,0,4,21
12/24/2021,IFP,AZ,AWP,WE,Federal Contract Tower,0,0,1,0,1,0,1,0,0,1,0,1,1,0,2,0,0,0,2
12/25/2021,IFP,AZ,AWP,WE,Federal Contract Tower,0,0,0,0,0,0,2,2,0,4,0,2,2,0,4,0,0,0,4
12/26/2021,IFP,AZ,AWP,WE,Federal Contract Tower,1,0,1,0,2,0,10,5,0,15,1,10,6,0,17,0,0,0,17
12/27/2021,IFP,AZ,AWP,WE,Federal Contract Tower,0,0,2,0,2,0,1,11,0,12,0,1,13,0,14,0,0,0,14
12/28/2021,IFP,AZ,AWP,WE,Federal Contract Tower,1,0,1,1,3,0,5,6,1,12,1,5,7,2,15,8,0,8,23
12/29/2021,IFP,AZ,AWP,WE,Federal Contract Tower,1,0,2,0,3,0,12,8,4,24,1,12,10,4,27,4,8,12,39
12/30/2021,IFP,AZ,AWP,WE,Federal Contract Tower,3,0,0,0,3,0,4,1,0,5,3,4,1,0,8,0,0,0,8
12/31/2021,IFP,AZ,AWP,WE,Federal Contract Tower,2,0,1,0,3,0,4,9,0,13,2,4,10,0,16,0,0,0,16
01/01/2022,IFP,AZ,AWP,WE,Federal Contract Tower,1,0,0,0,1,0,9,4,0,13,1,9,4,0,14,0,0,0,14
01/02/2022,IFP,AZ,AWP,WE,Federal Contract Tower,4,0,4,0,8,0,2,22,0,24,4,2,26,0,32,0,0,0,32
01/03/2022,IFP,AZ,AWP,WE,Federal Contract Tower,3,0,3,0,6,0,4,20,0,24,3,4,23,0,30,12,0,12,42
01/04/2022,IFP,AZ,AWP,WE,Federal Contract Tower,1,0,2,0,3,0,6,3,0,9,1,6,5,0,12,6,0,6,18
01/05/2022,IFP,AZ,AWP,WE,Federal Contract Tower,1,1,1,7,10,0,0,16,5,21,1,1,17,12,31,4,0,4,35
01/06/2022,IFP,AZ,AWP,WE,Federal Contract Tower,3,0,0,0,3,0,1,16,1,18,3,1,16,1,21,0,0,0,21
01/07/2022,IFP,AZ,AWP,WE,Federal Contract Tower,3,0,3,0,6,1,7,10,0,18,4,7,13,0,24,0,0,0,24
01/08/2022,IFP,AZ,AWP,WE,Federal Contract Tower,0,0,4,0,4,0,4,8,2,14,0,4,12,2,18,0,0,0,18
01/09/2022,IFP,AZ,AWP,WE,Federal Contract Tower,4,0,0,0,4,0,6,10,0,16,4,6,10,0,20,0,0,0,20
01/10/2022,IFP,AZ,AWP,WE,Federal Contract Tower,1,0,4,0,5,0,5,6,0,11,1,5,10,0,16,0,0,0,16
01/11/2022,IFP,AZ,AWP,WE,Federal Contract Tower,0,0,0,0,0,0,1,20,0,21,0,1,20,0,21,6,0,6,27
01/12/2022,IFP,AZ,AWP,WE,Federal Contract Tower,1,0,1,0,2,0,4,15,0,19,1,4,16,0,21,0,0,0,21
01/13/2022,IFP,AZ,AWP,WE,Federal Contract Tower,4,0,3,2,9,0,13,18,0,31,4,13,21,2,40,16,0,16,56
01/14/2022,IFP,AZ,AWP,WE,Federal Contract Tower,4,1,2,2,9,0,0,13,18,31,4,1,15,20,40,16,0,16,56
01/15/2022,IFP,AZ,AWP,WE,Federal Contract Tower,3,2,0,0,5,0,5,16,0,21,3,7,16,0,26,6,0,6,32
01/16/2022,IFP,AZ,AWP,WE,Federal Contract Tower,4,0,0,0,4,0,2,17,0,19,4,2,17,0,23,0,0,0,23
01/17/2022,IFP,AZ,AWP,WE,Federal Contract Tower,3,0,1,0,4,0,0,19,4,23,3,0,20,4,27,10,6,16,43
01/18/2022,IFP,AZ,AWP,WE,Federal Contract Tower,3,3,0,0,6,0,8,9,0,17,3,11,9,0,23,0,0,0,23
01/19/2022,IFP,AZ,AWP,WE,Federal Contract Tower,3,0,1,0,4,0,0,17,0,17,3,0,18,0,21,0,0,0,21
01/20/2022,IFP,AZ,AWP,WE,Federal Contract Tower,3,0,1,2,6,0,8,12,0,20,3,8,13,2,26,6,16,22,48
01/21/2022,IFP,AZ,AWP,WE,Federal Contract Tower,5,1,2,0,8,0,1,13,5,19,5,2,15,5,27,0,14,14,41
01/22/2022,IFP,AZ,AWP,WE,Federal Contract Tower,3,0,1,0,4,0,1,10,0,11,3,1,11,0,15,0,0,0,15
01/23/2022,IFP,AZ,AWP,WE,Federal Contract Tower,3,1,0,0,4,0,1,5,0,6,3,2,5,0,10,0,0,0,10
01/24/2022,IFP,AZ,AWP,WE,Federal Contract Tower,6,0,0,1,7,0,0,33,1,34,6,0,33,2,41,0,0,0,41
01/25/2022,IFP,AZ,AWP,WE,Federal Contract Tower,2,1,2,0,5,0,5,18,2,25,2,6,20,2,30,10,0,10,40
01/26/2022,IFP,AZ,AWP,WE,Federal Contract Tower,3,0,4,0,7,0,5,20,0,25,3,5,24,0,32,10,0,10,42
01/27/2022,IFP,AZ,AWP,WE,Federal Contract Tower,4,1,2,0,7,0,2,15,2,19,4,3,17,2,26,6,0,6,32
01/28/2022,IFP,AZ,AWP,WE,Federal Contract Tower,5,2,0,0,7,0,9,10,0,19,5,11,10,0,26,6,0,6,32
01/29/2022,IFP,AZ,AWP,WE,Federal Contract Tower,3,0,0,0,3,0,13,16,0,29,3,13,16,0,32,4,0,4,36
01/30/2022,IFP,AZ,AWP,WE,Federal Contract Tower,4,0,5,0,9,0,8,13,0,21,4,8,18,0,30,6,0,6,36
01/31/2022,IFP,AZ,AWP,WE,Federal Contract Tower,5,0,1,1,7,0,5,17,1,23,5,5,18,2,30,0,0,0,30
02/01/2022,IFP,AZ,AWP,WE,Federal Contract Tower,2,0,0,0,2,0,7,20,0,27,2,7,20,0,29,26,0,26,55
02/02/2022,IFP,AZ,AWP,WE,Federal Contract Tower,1,0,0,1,2,0,1,3,1,5,1,1,3,2,7,0,0,0,7
02/03/2022,IFP,AZ,AWP,WE,Federal Contract Tower,2,0,0,1,3,0,8,8,1,17,2,8,8,2,20,0,0,0,20
02/04/2022,IFP,AZ,AWP,WE,Federal Contract Tower,3,0,1,0,4,0,4,18,0,22,3,4,19,0,26,8,0,8,34
02/05/2022,IFP,AZ,AWP,WE,Federal Contract Tower,2,0,2,0,4,0,4,21,0,25,2,4,23,0,29,0,0,0,29
02/06/2022,IFP,AZ,AWP,WE,Federal Contract Tower,4,0,0,0,4,0,7,15,2,24,4,7,15,2,28,0,0,0,28
02/07/2022,IFP,AZ,AWP,WE,Federal Contract Tower,3,3,2,0,8,0,7,17,0,24,3,10,19,0,32,2,0,2,34
02/08/2022,IFP,AZ,AWP,WE,Federal Contract Tower,3,0,3,0,6,0,6,22,2,30,3,6,25,2,36,0,0,0,36
02/09/2022,IFP,AZ,AWP,WE,Federal Contract Tower,1,0,2,0,3,0,3,10,0,13,1,3,12,0,16,0,0,0,16
02/10/2022,IFP,AZ,AWP,WE,Federal Contract Tower,4,0,1,0,5,0,7,12,0,19,4,7,13,0,24,0,0,0,24
02/11/2022,IFP,AZ,AWP,WE,Federal Contract Tower,4,0,3,0,7,0,10,7,0,17,4,10,10,0,24,0,0,0,24
02/12/2022,IFP,AZ,AWP,WE,Federal Contract Tower,1,1,2,0,4,0,10,7,0,17,1,11,9,0,21,0,0,0,21
02/13/2022,IFP,AZ,AWP,WE,Federal Contract Tower,6,0,0,0,6,0,2,19,0,21,6,2,19,0,27,0,0,0,27
02/14/2022,IFP,AZ,AWP,WE,Federal Contract Tower,3,0,3,0,6,0,5,17,0,22,3,5,20,0,28,4,0,4,32
02/15/2022,IFP,AZ,AWP,WE,Federal Contract Tower,1,0,2,0,3,0,8,6,0,14,1,8,8,0,17,2,0,2,19
02/16/2022,IFP,AZ,AWP,WE,Federal Contract Tower,2,0,4,2,8,0,2,13,2,17,2,2,17,4,25,20,0,20,45
02/17/2022,IFP,AZ,AWP,WE,Federal Contract Tower,3,0,2,0,5,0,1,11,0,12,3,1,13,0,17,0,0,0,17
02/18/2022,IFP,AZ,AWP,WE,Federal Contract Tower,4,1,3,0,8,0,0,21,2,23,4,1,24,2,31,0,8,8,39
02/19/2022,IFP,AZ,AWP,WE,Federal Contract Tower,2,3,3,0,8,0,2,45,0,47,2,5,48,0,55,0,0,0,55
02/20/2022,IFP,AZ,AWP,WE,Federal Contract Tower,4,0,1,0,5,0,6,35,1,42,4,6,36,1,47,6,0,6,53
02/21/2022,IFP,AZ,AWP,WE,Federal Contract Tower,4,2,1,0,7,0,0,4,0,4,4,2,5,0,11,0,0,0,11
02/22/2022,IFP,AZ,AWP,WE,Federal Contract Tower,1,0,3,0,4,0,1,4,0,5,1,1,7,0,9,0,0,0,9
02/23/2022,IFP,AZ,AWP,WE,Federal Contract Tower,2,0,0,0,2,0,3,6,0,9,2,3,6,0,11,6,0,6,17
02/24/2022,IFP,AZ,AWP,WE,Federal Contract Tower,5,2,3,1,11,0,7,16,2,25,5,9,19,3,36,4,4,8,44
02/25/2022,IFP,AZ,AWP,WE,Federal Contract Tower,2,0,0,2,4,0,9,16,0,25,2,9,16,2,29,0,8,8,37
02/26/2022,IFP,AZ,AWP,WE,Federal Contract Tower,2,0,1,0,3,0,0,20,0,20,2,0,21,0,23,0,0,0,23
02/27/2022,IFP,AZ,AWP,WE,Federal Contract Tower,2,0,1,0,3,1,7,21,4,33,3,7,22,4,36,0,0,0,36
02/28/2022,IFP,AZ,AWP,WE,Federal Contract Tower,6,0,1,0,7,0,5,6,0,11,6,5,7,0,18,0,0,0,18
03/01/2022,IFP,AZ,AWP,WE,Federal Contract Tower,4,0,0,0,4,0,0,3,1,4,4,0,3,1,8,0,0,0,8
03/02/2022,IFP,AZ,AWP,WE,Federal Contract Tower,3,0,0,3,6,0,7,14,4,25,3,7,14,7,31,0,18,18,49
03/03/2022,IFP,AZ,AWP,WE,Federal Contract Tower,3,1,3,0,7,0,5,14,0,19,3,6,17,0,26,0,0,0,26
03/04/2022,IFP,AZ,AWP,WE,Federal Contract Tower,5,0,2,0,7,0,10,9,0,19,5,10,11,0,26,0,0,0,26
03/05/2022,IFP,AZ,AWP,WE,Federal Contract Tower,1,0,1,0,2,0,6,8,0,14,1,6,9,0,16,8,0,8,24
03/06/2022,IFP,AZ,AWP,WE,Federal Contract Tower,6,0,1,0,7,0,3,23,2,28,6,3,24,2,35,10,0,10,45
03/07/2022,IFP,AZ,AWP,WE,Federal Contract Tower,2,1,3,0,6,0,4,11,0,15,2,5,14,0,21,0,0,0,21
03/08/2022,IFP,AZ,AWP,WE,Federal Contract Tower,1,0,2,0,3,0,2,11,0,13,1,2,13,0,16,6,0,6,22
03/09/2022,IFP,AZ,AWP,WE,Federal Contract Tower,1,1,6,0,8,0,1,29,0,30,1,2,35,0,38,24,0,24,62
03/10/2022,IFP,AZ,AWP,WE,Federal Contract Tower,3,2,0,0,5,0,3,8,0,11,3,5,8,0,16,0,0,0,16
03/11/2022,IFP,AZ,AWP,WE,Federal Contract Tower,3,0,0,0,3,0,6,9,0,15,3,6,9,0,18,0,0,0,18
03/12/2022,IFP,AZ,AWP,WE,Federal Contract Tower,1,0,0,0,1,0,2,32,0,34,1,2,32,0,35,18,0,18,53
03/13/2022,IFP,AZ,AWP,WE,Federal Contract Tower,5,0,4,0,9,0,3,35,0,38,5,3,39,0,47,10,0,10,57
03/14/2022,IFP,AZ,AWP,WE,Federal Contract Tower,4,1,1,0,6,0,6,30,0,36,4,7,31,0,42,8,0,8,50
03/15/2022,IFP,AZ,AWP,WE,Federal Contract Tower,1,0,2,0,3,0,12,23,0,35,1,12,25,0,38,0,0,0,38
03/16/2022,IFP,AZ,AWP,WE,Federal Contract Tower,1,0,1,2,4,0,4,17,0,21,1,4,18,2,25,0,0,0,25
03/17/2022,IFP,AZ,AWP,WE,Federal Contract Tower,5,0,1,0,6,0,17,13,0,30,5,17,14,0,36,4,0,4,40
03/18/2022,IFP,AZ,AWP,WE,Federal Contract Tower,3,0,4,0,7,0,7,26,0,33,3,7,30,0,40,24,0,24,64
03/19/2022,IFP,AZ,AWP,WE,Federal Contract Tower,1,0,0,2,3,0,9,44,0,53,1,9,44,2,56,0,4,4,60
03/20/2022,IFP,AZ,AWP,WE,Federal Contract Tower,2,2,2,0,6,0,5,24,0,29,2,7,26,0,35,0,0,0,35
03/21/2022,IFP,AZ,AWP,WE,Federal Contract Tower,4,0,1,2,7,0,4,4,0,8,4,4,5,2,15,16,0,16,31
03/22/2022,IFP,AZ,AWP,WE,Federal Contract Tower,1,0,0,0,1,0,6,7,0,13,1,6,7,0,14,0,0,0,14
03/23/2022,IFP,AZ,AWP,WE,Federal Contract Tower,0,0,1,0,1,0,7,28,0,35,0,7,29,0,36,16,0,16,52
03/24/2022,IFP,AZ,AWP,WE,Federal Contract Tower,2,0,4,1,7,1,7,33,0,41,3,7,37,1,48,0,0,0,48
03/25/2022,IFP,AZ,AWP,WE,Federal Contract Tower,3,0,0,0,3,0,8,26,4,38,3,8,26,4,41,20,0,20,61
03/26/2022,IFP,AZ,AWP,WE,Federal Contract Tower,0,0,4,0,4,0,4,46,2,52,0,4,50,2,56,12,0,12,68
03/27/2022,IFP,AZ,AWP,WE,Federal Contract Tower,3,0,1,1,5,0,2,25,0,27,3,2,26,1,32,0,0,0,32
03/28/2022,IFP,AZ,AWP,WE,Federal Contract Tower,3,0,2,2,7,0,2,14,0,16,3,2,16,2,23,4,0,4,27
03/29/2022,IFP,AZ,AWP,WE,Federal Contract Tower,0,2,0,0,2,0,8,18,0,26,0,10,18,0,28,0,0,0,28
03/30/2022,IFP,AZ,AWP,WE,Federal Contract Tower,1,2,1,0,4,0,4,23,2,29,1,6,24,2,33,0,0,0,33
03/31/2022,IFP,AZ,AWP,WE,Federal Contract Tower,3,2,3,0,8,0,11,23,0,34,3,13,26,0,42,20,0,20,62
04/01/2022,IFP,AZ,AWP,WE,Federal Contract Tower,3,0,3,2,8,0,5,30,6,41,3,5,33,8,49,4,4,8,57
04/02/2022,IFP,AZ,AWP,WE,Federal Contract Tower,0,0,3,1,4,0,0,73,1,74,0,0,76,2,78,46,0,46,124
04/03/2022,IFP,AZ,AWP,WE,Federal Contract Tower,3,2,0,0,5,0,3,29,0,32,3,5,29,0,37,0,0,0,37
04/04/2022,IFP,AZ,AWP,WE,Federal Contract Tower,2,0,3,0,5,1,4,30,0,35,3,4,33,0,40,18,0,18,58
04/05/2022,IFP,AZ,AWP,WE,Federal Contract Tower,0,1,1,1,3,0,9,17,1,27,0,10,18,2,30,2,0,2,32
04/06/2022,IFP,AZ,AWP,WE,Federal Contract Tower,1,1,4,0,6,0,1,3,0,4,1,2,7,0,10,0,0,0,10
04/07/2022,IFP,AZ,AWP,WE,Federal Contract Tower,2,0,1,0,3,0,8,23,0,31,2,8,24,0,34,4,0,4,38
04/08/2022,IFP,AZ,AWP,WE,Federal Contract Tower,1,0,3,0,4,0,5,0,0,5,1,5,3,0,9,0,0,0,9
04/09/2022,IFP,AZ,AWP,WE,Federal Contract Tower,2,0,2,0,4,0,1,22,0,23,2,1,24,0,27,6,0,6,33
04/10/2022,IFP,AZ,AWP,WE,Federal Contract Tower,3,1,2,1,7,0,6,14,1,21,3,7,16,2,28,0,0,0,28
04/11/2022,IFP,AZ,AWP,WE,Federal Contract Tower,2,0,1,0,3,0,2,6,2,10,2,2,7,2,13,0,0,0,13
04/12/2022,IFP,AZ,AWP,WE,Federal Contract Tower,2,0,1,0,3,0,9,8,0,17,2,9,9,0,20,0,0,0,20
04/13/2022,IFP,AZ,AWP,WE,Federal Contract Tower,1,0,2,1,4,0,2,25,0,27,1,2,27,1,31,12,0,12,43
04/14/2022,IFP,AZ,AWP,WE,Federal Contract Tower,2,0,3,2,7,0,0,31,0,31,2,0,34,2,38,4,0,4,42
04/15/2022,IFP,AZ,AWP,WE,Federal Contract Tower,3,0,1,2,6,0,0,25,1,26,3,0,26,3,32,22,6,28,60
04/16/2022,IFP,AZ,AWP,WE,Federal Contract Tower,1,0,1,2,4,0,6,13,0,19,1,6,14,2,23,0,0,0,23
04/17/2022,IFP,AZ,AWP,WE,Federal Contract Tower,1,0,6,1,8,0,0,5,25,30,1,0,11,26,38,0,0,0,38
04/18/2022,IFP,AZ,AWP,WE,Federal Contract Tower,3,0,1,1,5,0,5,18,3,26,3,5,19,4,31,10,0,10,41
04/19/2022,IFP,AZ,AWP,WE,Federal Contract Tower,3,0,1,1,5,0,1,14,3,18,3,1,15,4,23,2,0,2,25
04/20/2022,IFP,AZ,AWP,WE,Federal Contract Tower,0,0,3,0,3,0,10,23,0,33,0,10,26,0,36,0,0,0,36
04/21/2022,IFP,AZ,AWP,WE,Federal Contract Tower,3,1,2,1,7,0,2,17,4,23,3,3,19,5,30,2,8,10,40
04/22/2022,IFP,AZ,AWP,WE,Federal Contract Tower,3,0,0,0,3,0,6,7,3,16,3,6,7,3,19,10,0,10,29
04/23/2022,IFP,AZ,AWP,WE,Federal Contract Tower,0,0,2,1,3,0,7,12,1,20,0,7,14,2,23,0,0,0,23
04/24/2022,IFP,AZ,AWP,WE,Federal Contract Tower,3,0,2,0,5,0,12,9,2,23,3,12,11,2,28,4,16,20,48
04/25/2022,IFP,AZ,AWP,WE,Federal Contract Tower,3,0,0,1,4,0,2,16,1,19,3,2,16,2,23,6,0,6,29
04/26/2022,IFP,AZ,AWP,WE,Federal Contract Tower,1,0,2,2,5,0,4,25,2,31,1,4,27,4,36,4,0,4,40
04/27/2022,IFP,AZ,AWP,WE,Federal Contract Tower,1,1,0,2,4,0,0,16,4,20,1,1,16,6,24,4,4,8,32
04/28/2022,IFP,AZ,AWP,WE,Federal Contract Tower,4,0,4,0,8,0,2,3,0,5,4,2,7,0,13,0,0,0,13
04/29/2022,IFP,AZ,AWP,WE,Federal Contract Tower,3,0,0,8,11,0,7,23,0,30,3,7,23,8,41,0,0,0,41
04/30/2022,IFP,AZ,AWP,WE,Federal Contract Tower,1,0,1,0,2,0,7,26,0,33,1,7,27,0,35,2,0,2,37
05/01/2022,IFP,AZ,AWP,WE,Federal Contract Tower,2,0,2,0,4,0,4,16,0,20,2,4,18,0,24,0,0,0,24
05/02/2022,IFP,AZ,AWP,WE,Federal Contract Tower,4,0,2,0,6,0,8,16,0,24,4,8,18,0,30,0,2,2,32
05/03/2022,IFP,AZ,AWP,WE,Federal Contract Tower,2,0,1,0,3,0,7,10,2,19,2,7,11,2,22,0,0,0,22
05/04/2022,IFP,AZ,AWP,WE,Federal Contract Tower,1,0,4,0,5,0,13,18,0,31,1,13,22,0,36,18,0,18,54
05/05/2022,IFP,AZ,AWP,WE,Federal Contract Tower,0,0,1,0,1,0,17,20,0,37,0,17,21,0,38,0,0,0,38
05/06/2022,IFP,AZ,AWP,WE,Federal Contract Tower,1,0,3,1,5,0,7,19,1,27,1,7,22,2,32,0,0,0,32
05/07/2022,IFP,AZ,AWP,WE,Federal Contract Tower,1,0,5,2,8,0,13,15,0,28,1,13,20,2,36,0,0,0,36
05/08/2022,IFP,AZ,AWP,WE,Federal Contract Tower,1,2,1,0,4,0,0,3,0,3,1,2,4,0,7,0,0,0,7
05/09/2022,IFP,AZ,AWP,WE,Federal Contract Tower,0,0,3,0,3,0,3,25,1,29,0,3,28,1,32,4,0,4,36
05/10/2022,IFP,AZ,AWP,WE,Federal Contract Tower,0,0,2,0,2,0,1,27,0,28,0,1,29,0,30,6,0,6,36
05/11/2022,IFP,AZ,AWP,WE,Federal Contract Tower,1,0,3,0,4,0,10,5,3,18,1,10,8,3,22,0,0,0,22
05/12/2022,IFP,AZ,AWP,WE,Federal Contract Tower,1,0,2,1,4,0,1,20,1,22,1,1,22,2,26,2,0,2,28
05/13/2022,IFP,AZ,AWP,WE,Federal Contract Tower,0,0,3,4,7,0,2,27,3,32,0,2,30,7,39,10,8,18,57
05/14/2022,IFP,AZ,AWP,WE,Federal Contract Tower,1,0,0,0,1,0,6,22,2,30,1,6,22,2,31,0,0,0,31
05/15/2022,IFP,AZ,AWP,WE,Federal Contract Tower,0,1,3,0,4,0,0,13,3,16,0,1,16,3,20,0,0,0,20
05/16/2022,IFP,AZ,AWP,WE,Federal Contract Tower,0,0,0,0,0,0,6,11,0,17,0,6,11,0,17,2,0,2,19
05/17/2022,IFP,AZ,AWP,WE,Federal Contract Tower,1,0,0,4,5,0,6,13,0,19,1,6,13,4,24,0,0,0,24
05/18/2022,IFP,AZ,AWP,WE,Federal Contract Tower,1,0,4,1,6,0,0,24,1,25,1,0,28,2,31,10,6,16,47
05/19/2022,IFP,AZ,AWP,WE,Federal Contract Tower,0,1,2,0,3,0,3,28,5,36,0,4,30,5,39,10,0,10,49
05/20/2022,IFP,AZ,AWP,WE,Federal Contract Tower,0,0,2,0,2,0,2,15,0,17,0,2,17,0,19,0,0,0,19
05/21/2022,IFP,AZ,AWP,WE,Federal Contract Tower,2,0,4,0,6,0,5,31,0,36,2,5,35,0,42,10,0,10,52
05/22/2022,IFP,AZ,AWP,WE,Federal Contract Tower,2,0,0,0,2,0,0,14,0,14,2,0,14,0,16,0,0,0,16
05/23/2022,IFP,AZ,AWP,WE,Federal Contract Tower,1,0,5,0,6,0,1,19,0,20,1,1,24,0,26,4,0,4,30
05/24/2022,IFP,AZ,AWP,WE,Federal Contract Tower,2,0,0,0,2,0,7,15,0,22,2,7,15,0,24,0,0,0,24
05/25/2022,IFP,AZ,AWP,WE,Federal Contract Tower,2,2,6,0,10,0,4,20,3,27,2,6,26,3,37,0,0,0,37
05/26/2022,IFP,AZ,AWP,WE,Federal Contract Tower,1,0,2,0,3,0,7,18,0,25,1,7,20,0,28,0,0,0,28
05/27/2022,IFP,AZ,AWP,WE,Federal Contract Tower,0,0,0,0,0,0,0,15,0,15,0,0,15,0,15,0,0,0,15
05/28/2022,IFP,AZ,AWP,WE,Federal Contract Tower,1,0,1,0,2,0,0,8,0,8,1,0,9,0,10,0,0,0,10
05/29/2022,IFP,AZ,AWP,WE,Federal Contract Tower,2,0,0,0,2,0,7,5,0,12,2,7,5,0,14,0,0,0,14
05/30/2022,IFP,AZ,AWP,WE,Federal Contract Tower,1,0,1,0,2,0,17,28,0,45,1,17,29,0,47,0,0,0,47
05/31/2022,IFP,AZ,AWP,WE,Federal Contract Tower,1,0,3,0,4,0,3,19,2,24,1,3,22,2,28,8,0,8,36
06/01/2022,IFP,AZ,AWP,WE,Federal Contract Tower,1,0,3,0,4,0,2,11,2,15,1,2,14,2,19,0,0,0,19
06/02/2022,IFP,AZ,AWP,WE,Federal Contract Tower,1,0,0,0,1,0,2,15,8,25,1,2,15,8,26,6,8,14,40
06/03/2022,IFP,AZ,AWP,WE,Federal Contract Tower,1,1,3,0,5,0,10,15,0,25,1,11,18,0,30,0,0,0,30
06/04/2022,IFP,AZ,AWP,WE,Federal Contract Tower,1,0,0,0,1,0,13,24,0,37,1,13,24,0,38,16,0,16,54
06/05/2022,IFP,AZ,AWP,WE,Federal Contract Tower,1,0,0,0,1,0,6,31,0,37,1,6,31,0,38,0,0,0,38
06/06/2022,IFP,AZ,AWP,WE,Federal Contract Tower,1,0,1,0,2,0,15,28,0,43,1,15,29,0,45,0,0,0,45
06/07/2022,IFP,AZ,AWP,WE,Federal Contract Tower,1,0,2,0,3,0,0,14,3,17,1,0,16,3,20,6,0,6,26
06/08/2022,IFP,AZ,AWP,WE,Federal Contract Tower,0,0,6,0,6,0,7,9,0,16,0,7,15,0,22,0,0,0,22
06/09/2022,IFP,AZ,AWP,WE,Federal Contract Tower,1,0,3,0,4,0,3,12,0,15,1,3,15,0,19,0,0,0,19
06/10/2022,IFP,AZ,AWP,WE,Federal Contract Tower,1,0,3,0,4,0,0,14,0,14,1,0,17,0,18,6,0,6,24
06/11/2022,IFP,AZ,AWP,WE,Federal Contract Tower,1,0,2,0,3,0,8,20,0,28,1,8,22,0,31,0,0,0,31
06/12/2022,IFP,AZ,AWP,WE,Federal Contract Tower,0,1,0,0,1,0,0,10,0,10,0,1,10,0,11,0,0,0,11
06/13/2022,IFP,AZ,AWP,WE,Federal Contract Tower,1,0,2,0,3,0,4,12,0,16,1,4,14,0,19,2,0,2,21
06/14/2022,IFP,AZ,AWP,WE,Federal Contract Tower,1,0,2,0,3,0,9,16,4,29,1,9,18,4,32,14,0,14,46
06/15/2022,IFP,AZ,AWP,WE,Federal Contract Tower,0,0,1,0,1,0,4,7,0,11,0,4,8,0,12,0,0,0,12
06/16/2022,IFP,AZ,AWP,WE,Federal Contract Tower,0,0,4,0,4,0,6,22,4,32,0,6,26,4,36,0,0,0,36
06/17/2022,IFP,AZ,AWP,WE,Federal Contract Tower,1,0,0,0,1,0,11,6,0,17,1,11,6,0,18,8,0,8,26
06/18/2022,IFP,AZ,AWP,WE,Federal Contract Tower,1,0,3,0,4,0,12,4,0,16,1,12,7,0,20,14,0,14,34
06/19/2022,IFP,AZ,AWP,WE,Federal Contract Tower,0,0,1,0,1,0,6,9,0,15,0,6,10,0,16,0,0,0,16
06/20/2022,IFP,AZ,AWP,WE,Federal Contract Tower,1,2,2,0,5,0,5,15,0,20,1,7,17,0,25,0,0,0,25
06/21/2022,IFP,AZ,AWP,WE,Federal Contract Tower,2,0,2,0,4,0,3,15,0,18,2,3,17,0,22,0,0,0,22
06/22/2022,IFP,AZ,AWP,WE,Federal Contract Tower,1,0,2,0,3,0,1,17,2,20,1,1,19,2,23,0,0,0,23
06/23/2022,IFP,AZ,AWP,WE,Federal Contract Tower,0,1,3,2,6,0,4,12,0,16,0,5,15,2,22,0,0,0,22
06/24/2022,IFP,AZ,AWP,WE,Federal Contract Tower,1,0,3,0,4,0,11,15,1,27,1,11,18,1,31,0,0,0,31
06/25/2022,IFP,AZ,AWP,WE,Federal Contract Tower,1,0,1,0,2,0,5,16,1,22,1,5,17,1,24,4,0,4,28
06/26/2022,IFP,AZ,AWP,WE,Federal Contract Tower,2,2,2,0,6,0,3,6,0,9,2,5,8,0,15,0,0,0,15
06/27/2022,IFP,AZ,AWP,WE,Federal Contract Tower,0,0,1,0,1,0,2,3,0,5,0,2,4,0,6,0,0,0,6
06/28/2022,IFP,AZ,AWP,WE,Federal Contract Tower,2,0,0,0,2,0,5,9,0,14,2,5,9,0,16,0,0,0,16
06/29/2022,IFP,AZ,AWP,WE,Federal Contract Tower,1,0,3,1,5,0,0,17,0,17,1,0,20,1,22,0,0,0,22
06/30/2022,IFP,AZ,AWP,WE,Federal Contract Tower,2,2,3,0,7,0,0,21,0,21,2,2,24,0,28,12,0,12,40
07/01/2022,IFP,AZ,AWP,WE,Federal Contract Tower,1,0,1,0,2,0,3,11,0,14,1,3,12,0,16,0,0,0,16
07/02/2022,IFP,AZ,AWP,WE,Federal Contract Tower,1,0,2,0,3,0,6,12,1,19,1,6,14,1,22,0,0,0,22
07/03/2022,IFP,AZ,AWP,WE,Federal Contract Tower,1,0,0,0,1,0,9,6,1,16,1,9,6,1,17,0,0,0,17
07/04/2022,IFP,AZ,AWP,WE,Federal Contract Tower,1,0,1,0,2,0,18,12,0,30,1,18,13,0,32,4,0,4,36
07/05/2022,IFP,AZ,AWP,WE,Federal Contract Tower,1,1,2,0,4,0,7,10,0,17,1,8,12,0,21,6,0,6,27
07/06/2022,IFP,AZ,AWP,WE,Federal Contract Tower,2,3,4,0,9,0,3,8,0,11,2,6,12,0,20,0,0,0,20
07/07/2022,IFP,AZ,AWP,WE,Federal Contract Tower,1,0,0,0,1,0,3,19,0,22,1,3,19,0,23,4,0,4,27
07/08/2022,IFP,AZ,AWP,WE,Federal Contract Tower,1,0,2,0,3,0,0,21,0,21,1,0,23,0,24,6,0,6,30
07/09/2022,IFP,AZ,AWP,WE,Federal Contract Tower,1,0,0,0,1,0,0,12,0,12,1,0,12,0,13,0,0,0,13
07/10/2022,IFP,AZ,AWP,WE,Federal Contract Tower,1,0,0,0,1,0,0,13,2,15,1,0,13,2,16,10,0,10,26
07/11/2022,IFP,AZ,AWP,WE,Federal Contract Tower,1,0,2,0,3,0,0,14,0,14,1,0,16,0,17,0,0,0,17
07/12/2022,IFP,AZ,AWP,WE,Federal Contract Tower,1,0,1,1,3,0,10,7,1,18,1,10,8,2,21,0,0,0,21
07/13/2022,IFP,AZ,AWP,WE,Federal Contract Tower,1,1,0,0,2,0,4,13,0,17,1,5,13,0,19,0,0,0,19
07/14/2022,IFP,AZ,AWP,WE,Federal Contract Tower,2,0,1,0,3,0,2,8,0,10,2,2,9,0,13,0,0,0,13
07/15/2022,IFP,AZ,AWP,WE,Federal Contract Tower,2,0,1,0,3,0,9,4,0,13,2,9,5,0,16,0,0,0,16
07/16/2022,IFP,AZ,AWP,WE,Federal Contract Tower,2,0,1,0,3,0,7,13,0,20,2,7,14,0,23,0,0,0,23
07/17/2022,IFP,AZ,AWP,WE,Federal Contract Tower,1,0,2,1,4,0,10,2,1,13,1,10,4,2,17,0,0,0,17
07/18/2022,IFP,AZ,AWP,WE,Federal Contract Tower,0,0,1,1,2,0,13,2,1,16,0,13,3,2,18,0,4,4,22
07/19/2022,IFP,AZ,AWP,WE,Federal Contract Tower,0,0,1,0,1,0,1,13,0,14,0,1,14,0,15,0,0,0,15
07/20/2022,IFP,AZ,AWP,WE,Federal Contract Tower,2,0,7,0,9,0,0,19,0,19,2,0,26,0,28,0,0,0,28
07/21/2022,IFP,AZ,AWP,WE,Federal Contract Tower,2,0,7,0,9,0,6,17,0,23,2,6,24,0,32,10,0,10,42
07/22/2022,IFP,AZ,AWP,WE,Federal Contract Tower,0,0,0,1,1,0,1,18,2,21,0,1,18,3,22,0,0,0,22
07/23/2022,IFP,AZ,AWP,WE,Federal Contract Tower,1,0,1,1,3,0,2,11,0,13,1,2,12,1,16,0,0,0,16
07/24/2022,IFP,AZ,AWP,WE,Federal Contract Tower,0,0,1,2,3,0,2,13,2,17,0,2,14,4,20,4,0,4,24
07/25/2022,IFP,AZ,AWP,WE,Federal Contract Tower,2,0,2,1,5,0,0,22,2,24,2,0,24,3,29,10,0,10,39
07/26/2022,IFP,AZ,AWP,WE,Federal Contract Tower,1,0,1,2,4,0,5,10,0,15,1,5,11,2,19,2,0,2,21
07/27/2022,IFP,AZ,AWP,WE,Federal Contract Tower,0,1,4,0,5,0,3,12,0,15,0,4,16,0,20,4,0,4,24
07/28/2022,IFP,AZ,AWP,WE,Federal Contract Tower,1,0,1,0,2,0,4,7,0,11,1,4,8,0,13,18,0,18,31
07/29/2022,IFP,AZ,AWP,WE,Federal Contract Tower,2,0,4,0,6,0,12,11,0,23,2,12,15,0,29,14,0,14,43
07/30/2022,IFP,AZ,AWP,WE,Federal Contract Tower,1,1,3,0,5,0,9,4,0,13,1,10,7,0,18,0,0,0,18
07/31/2022,IFP,AZ,AWP,WE,Federal Contract Tower,1,0,0,0,1,0,6,15,1,22,1,6,15,1,23,14,0,14,37
08/01/2022,IFP,AZ,AWP,WE,Federal Contract Tower,1,2,2,0,5,0,1,11,1,13,1,3,13,1,18,2,0,2,20
08/02/2022,IFP,AZ,AWP,WE,Federal Contract Tower,2,0,2,0,4,0,3,18,2,23,2,3,20,2,27,2,0,2,29
08/03/2022,IFP,AZ,AWP,WE,Federal Contract Tower,2,2,2,0,6,0,0,26,0,26,2,2,28,0,32,10,0,10,42
08/04/2022,IFP,AZ,AWP,WE,Federal Contract Tower,1,0,1,0,2,0,3,9,0,12,1,3,10,0,14,4,0,4,18
08/05/2022,IFP,AZ,AWP,WE,Federal Contract Tower,0,0,2,0,2,0,10,16,0,26,0,10,18,0,28,0,0,0,28
08/06/2022,IFP,AZ,AWP,WE,Federal Contract Tower,1,0,1,0,2,0,1,11,0,12,1,1,12,0,14,0,0,0,14
08/07/2022,IFP,AZ,AWP,WE,Federal Contract Tower,2,0,0,0,2,0,8,12,0,20,2,8,12,0,22,12,0,12,34
08/08/2022,IFP,AZ,AWP,WE,Federal Contract Tower,1,2,6,0,9,0,9,10,0,19,1,11,16,0,28,16,0,16,44
08/09/2022,IFP,AZ,AWP,WE,Federal Contract Tower,1,0,1,0,2,0,3,11,0,14,1,3,12,0,16,0,0,0,16
08/10/2022,IFP,AZ,AWP,WE,Federal Contract Tower,0,0,1,0,1,0,2,3,4,9,0,2,4,4,10,0,0,0,10
08/11/2022,IFP,AZ,AWP,WE,Federal Contract Tower,1,0,3,0,4,0,9,14,0,23,1,9,17,0,27,12,0,12,39
08/12/2022,IFP,AZ,AWP,WE,Federal Contract Tower,1,0,1,0,2,0,7,16,0,23,1,7,17,0,25,12,0,12,37
08/13/2022,IFP,AZ,AWP,WE,Federal Contract Tower,0,0,2,0,2,0,4,10,0,14,0,4,12,0,16,2,0,2,18
08/14/2022,IFP,AZ,AWP,WE,Federal Contract Tower,2,0,1,0,3,0,0,3,0,3,2,0,4,0,6,0,0,0,6
08/15/2022,IFP,AZ,AWP,WE,Federal Contract Tower,1,0,0,0,1,0,0,18,0,18,1,0,18,0,19,22,0,22,41
08/16/2022,IFP,AZ,AWP,WE,Federal Contract Tower,1,0,1,0,2,0,9,22,0,31,1,9,23,0,33,6,0,6,39
08/17/2022,IFP,AZ,AWP,WE,Federal Contract Tower,3,0,4,0,7,0,3,6,0,9,3,3,10,0,16,0,0,0,16
08/18/2022,IFP,AZ,AWP,WE,Federal Contract Tower,1,0,1,0,2,0,1,14,0,15,1,1,15,0,17,0,0,0,17
08/19/2022,IFP,AZ,AWP,WE,Federal Contract Tower,0,0,2,0,2,0,6,18,4,28,0,6,20,4,30,4,14,18,48
08/20/2022,IFP,AZ,AWP,WE,Federal Contract Tower,0,0,0,0,0,0,0,14,2,16,0,0,14,2,16,20,0,20,36
08/21/2022,IFP,AZ,AWP,WE,Federal Contract Tower,4,0,2,0,6,0,0,10,0,10,4,0,12,0,16,0,0,0,16
08/22/2022,IFP,AZ,AWP,WE,Federal Contract Tower,2,0,0,0,2,0,0,18,0,18,2,0,18,0,20,38,0,38,58
08/23/2022,IFP,AZ,AWP,WE,Federal Contract Tower,1,0,1,0,2,0,2,13,0,15,1,2,14,0,17,18,0,18,35
08/24/2022,IFP,AZ,AWP,WE,Federal Contract Tower,1,0,2,1,4,0,10,4,1,15,1,10,6,2,19,2,0,2,21
08/25/2022,IFP,AZ,AWP,WE,Federal Contract Tower,0,0,0,2,2,0,1,8,2,11,0,1,8,4,13,8,10,18,31
08/26/2022,IFP,AZ,AWP,WE,Federal Contract Tower,1,0,0,0,1,0,0,9,0,9,1,0,9,0,10,0,0,0,10
08/27/2022,IFP,AZ,AWP,WE,Federal Contract Tower,1,0,1,0,2,0,5,36,5,46,1,5,37,5,48,18,0,18,66
08/28/2022,IFP,AZ,AWP,WE,Federal Contract Tower,1,0,0,0,1,0,6,19,5,30,1,6,19,5,31,10,0,10,41
08/29/2022,IFP,AZ,AWP,WE,Federal Contract Tower,1,0,0,0,1,0,8,2,2,12,1,8,2,2,13,0,0,0,13
08/30/2022,IFP,AZ,AWP,WE,Federal Contract Tower,1,0,5,0,6,0,4,10,0,14,1,4,15,0,20,6,0,6,26
08/31/2022,IFP,AZ,AWP,WE,Federal Contract Tower,1,0,2,0,3,0,10,12,0,22,1,10,14,0,25,14,0,14,39
09/01/2022,IFP,AZ,AWP,WE,Federal Contract Tower,1,0,1,0,2,0,2,10,0,12,1,2,11,0,14,0,0,0,14
09/02/2022,IFP,AZ,AWP,WE,Federal Contract Tower,1,0,0,0,1,0,11,10,0,21,1,11,10,0,22,0,0,0,22
09/03/2022,IFP,AZ,AWP,WE,Federal Contract Tower,1,0,1,0,2,0,4,4,0,8,1,4,5,0,10,18,0,18,28
09/04/2022,IFP,AZ,AWP,WE,Federal Contract Tower,1,0,0,0,1,0,7,11,0,18,1,7,11,0,19,0,0,0,19
09/05/2022,IFP,AZ,AWP,WE,Federal Contract Tower,1,0,2,0,3,0,7,15,0,22,1,7,17,0,25,0,0,0,25
09/06/2022,IFP,AZ,AWP,WE,Federal Contract Tower,2,0,0,0,2,0,8,16,0,24,2,8,16,0,26,20,0,20,46
09/07/2022,IFP,AZ,AWP,WE,Federal Contract Tower,1,0,1,0,2,0,10,11,0,21,1,10,12,0,23,0,0,0,23
09/08/2022,IFP,AZ,AWP,WE,Federal Contract Tower,1,0,1,0,2,0,8,22,0,30,1,8,23,0,32,0,0,0,32
09/09/2022,IFP,AZ,AWP,WE,Federal Contract Tower,1,0,5,0,6,0,7,12,0,19,1,7,17,0,25,0,0,0,25
09/10/2022,IFP,AZ,AWP,WE,Federal Contract Tower,1,2,0,0,3,0,8,5,0,13,1,10,5,0,16,0,0,0,16
09/11/2022,IFP,AZ,AWP,WE,Federal Contract Tower,1,0,2,0,3,0,0,11,0,11,1,0,13,0,14,0,0,0,14
09/12/2022,IFP,AZ,AWP,WE,Federal Contract Tower,1,0,3,0,4,0,8,4,0,12,1,8,7,0,16,0,0,0,16
09/13/2022,IFP,AZ,AWP,WE,Federal Contract Tower,0,0,4,2,6,0,17,13,0,30,0,17,17,2,36,4,0,4,40
09/14/2022,IFP,AZ,AWP,WE,Federal Contract Tower,3,1,2,0,6,0,4,21,0,25,3,5,23,0,31,2,0,2,33
09/15/2022,IFP,AZ,AWP,WE,Federal Contract Tower,2,0,8,0,10,0,3,13,0,16,2,3,21,0,26,6,0,6,32
09/16/2022,IFP,AZ,AWP,WE,Federal Contract Tower,1,0,0,0,1,0,13,20,0,33,1,13,20,0,34,0,0,0,34
09/17/2022,IFP,AZ,AWP,WE,Federal Contract Tower,0,0,0,0,0,0,13,24,0,37,0,13,24,0,37,12,0,12,49
09/18/2022,IFP,AZ,AWP,WE,Federal Contract Tower,2,0,3,0,5,0,8,18,0,26,2,8,21,0,31,4,0,4,35
09/19/2022,IFP,AZ,AWP,WE,Federal Contract Tower,2,2,1,0,5,0,6,11,0,17,2,8,12,0,22,0,0,0,22
09/20/2022,IFP,AZ,AWP,WE,Federal Contract Tower,0,0,2,0,2,0,3,12,0,15,0,3,14,0,17,0,0,0,17
09/21/2022,IFP,AZ,AWP,WE,Federal Contract Tower,1,0,0,0,1,0,8,8,3,19,1,8,8,3,20,0,0,0,20
09/22/2022,IFP,AZ,AWP,WE,Federal Contract Tower,2,2,1,0,5,0,3,17,2,22,2,5,18,2,27,0,0,0,27
09/23/2022,IFP,AZ,AWP,WE,Federal Contract Tower,2,0,1,0,3,0,10,26,0,36,2,10,27,0,39,2,0,2,41
09/24/2022,IFP,AZ,AWP,WE,Federal Contract Tower,1,0,1,0,2,0,5,20,0,25,1,5,21,0,27,4,0,4,31
09/25/2022,IFP,AZ,AWP,WE,Federal Contract Tower,1,0,0,0,1,0,8,26,0,34,1,8,26,0,35,0,0,0,35
09/26/2022,IFP,AZ,AWP,WE,Federal Contract Tower,1,1,1,1,4,0,12,15,2,29,1,13,16,3,33,0,4,4,37
09/27/2022,IFP,AZ,AWP,WE,Federal Contract Tower,3,0,1,0,4,0,4,13,0,17,3,4,14,0,21,4,0,4,25
09/28/2022,IFP,AZ,AWP,WE,Federal Contract Tower,1,0,2,0,3,0,0,21,0,21,1,0,23,0,24,14,0,14,38
09/29/2022,IFP,AZ,AWP,WE,Federal Contract Tower,2,1,2,0,5,0,4,23,2,29,2,5,25,2,34,12,0,12,46
09/30/2022,IFP,AZ,AWP,WE,Federal Contract Tower,3,1,0,0,4,0,5,25,0,30,3,6,25,0,34,0,0,0,34
10/01/2022,IFP,AZ,AWP,WE,Federal Contract Tower,2,0,2,0,4,0,6,20,0,26,2,6,22,0,30,0,0,0,30
10/02/2022,IFP,AZ,AWP,WE,Federal Contract Tower,1,1,0,0,2,0,5,10,1,16,1,6,10,1,18,0,0,0,18
10/03/2022,IFP,AZ,AWP,WE,Federal Contract Tower,2,0,0,0,2,0,2,9,3,14,2,2,9,3,16,0,0,0,16
10/04/2022,IFP,AZ,AWP,WE,Federal Contract Tower,2,0,1,0,3,0,0,11,0,11,2,0,12,0,14,2,0,2,16
10/05/2022,IFP,AZ,AWP,WE,Federal Contract Tower,1,1,4,0,6,0,10,16,0,26,1,11,20,0,32,30,0,30,62
10/06/2022,IFP,AZ,AWP,WE,Federal Contract Tower,1,0,4,0,5,0,5,18,0,23,1,5,22,0,28,14,0,14,42
10/07/2022,IFP,AZ,AWP,WE,Federal Contract Tower,2,0,4,0,6,0,7,19,0,26,2,7,23,0,32,0,0,0,32
10/08/2022,IFP,AZ,AWP,WE,Federal Contract Tower,2,2,5,0,9,0,12,37,0,49,2,14,42,0,58,10,0,10,68
10/09/2022,IFP,AZ,AWP,WE,Federal Contract Tower,1,2,2,0,5,0,11,34,0,45,1,13,36,0,50,10,0,10,60
10/10/2022,IFP,AZ,AWP,WE,Federal Contract Tower,1,0,4,0,5,0,8,11,0,19,1,8,15,0,24,8,0,8,32
10/11/2022,IFP,AZ,AWP,WE,Federal Contract Tower,2,0,0,0,2,0,4,22,0,26,2,4,22,0,28,12,0,12,40
10/12/2022,IFP,AZ,AWP,WE,Federal Contract Tower,1,0,3,1,5,0,4,10,1,15,1,4,13,2,20,14,0,14,34
10/13/2022,IFP,AZ,AWP,WE,Federal Contract Tower,1,0,0,0,1,0,5,13,2,20,1,5,13,2,21,0,0,0,21
10/14/2022,IFP,AZ,AWP,WE,Federal Contract Tower,1,0,0,2,3,0,5,24,5,34,1,5,24,7,37,0,4,4,41
10/15/2022,IFP,AZ,AWP,WE,Federal Contract Tower,3,0,0,1,4,0,0,4,0,4,3,0,4,1,8,0,0,0,8
10/16/2022,IFP,AZ,AWP,WE,Federal Contract Tower,1,0,0,1,2,0,5,11,0,16,1,5,11,1,18,8,0,8,26
10/17/2022,IFP,AZ,AWP,WE,Federal Contract Tower,2,0,3,0,5,0,9,10,0,19,2,9,13,0,24,0,0,0,24
10/18/2022,IFP,AZ,AWP,WE,Federal Contract Tower,1,0,2,0,3,0,0,12,3,15,1,0,14,3,18,2,0,2,20
10/19/2022,IFP,AZ,AWP,WE,Federal Contract Tower,2,0,11,0,13,0,15,20,0,35,2,15,31,0,48,8,0,8,56
10/20/2022,IFP,AZ,AWP,WE,Federal Contract Tower,2,0,1,0,3,0,5,22,0,27,2,5,23,0,30,12,0,12,42
10/21/2022,IFP,AZ,AWP,WE,Federal Contract Tower,2,0,1,1,4,0,12,30,0,42,2,12,31,1,46,4,0,4,50
10/22/2022,IFP,AZ,AWP,WE,Federal Contract Tower,3,0,6,0,9,0,5,19,0,24,3,5,25,0,33,26,0,26,59
10/23/2022,IFP,AZ,AWP,WE,Federal Contract Tower,4,2,7,0,13,0,0,23,2,25,4,2,30,2,38,18,0,18,56
10/24/2022,IFP,AZ,AWP,WE,Federal Contract Tower,2,0,0,1,3,0,2,13,0,15,2,2,13,1,18,4,0,4,22
10/25/2022,IFP,AZ,AWP,WE,Federal Contract Tower,1,0,2,0,3,0,3,26,2,31,1,3,28,2,34,14,0,14,48
10/26/2022,IFP,AZ,AWP,WE,Federal Contract Tower,1,0,0,0,1,0,2,24,0,26,1,2,24,0,27,0,0,0,27
10/27/2022,IFP,AZ,AWP,WE,Federal Contract Tower,3,0,2,1,6,0,17,8,0,25,3,17,10,1,31,0,0,0,31
10/28/2022,IFP,AZ,AWP,WE,Federal Contract Tower,2,0,8,0,10,0,7,18,0,25,2,7,26,0,35,10,0,10,45
10/29/2022,IFP,AZ,AWP,WE,Federal Contract Tower,1,1,1,0,3,0,1,17,0,18,1,2,18,0,21,0,0,0,21
10/30/2022,IFP,AZ,AWP,WE,Federal Contract Tower,1,1,3,0,5,0,4,8,0,12,1,5,11,0,17,0,0,0,17
10/31/2022,IFP,AZ,AWP,WE,Federal Contract Tower,2,0,2,0,4,0,0,9,0,9,2,0,11,0,13,0,0,0,13
11/01/2022,IFP,AZ,AWP,WE,Federal Contract Tower,2,4,0,3,9,0,5,9,2,16,2,9,9,5,25,0,8,8,33
11/02/2022,IFP,AZ,AWP,WE,Federal Contract Tower,1,1,2,0,4,0,2,7,0,9,1,3,9,0,13,0,0,0,13
11/03/2022,IFP,AZ,AWP,WE,Federal Contract Tower,1,0,3,0,4,0,13,4,0,17,1,13,7,0,21,0,0,0,21
11/04/2022,IFP,AZ,AWP,WE,Federal Contract Tower,4,1,3,1,9,0,12,12,0,24,4,13,15,1,33,0,0,0,33
11/05/2022,IFP,AZ,AWP,WE,Federal Contract Tower,2,0,4,0,6,0,0,25,0,25,2,0,29,0,31,14,0,14,45
11/06/2022,IFP,AZ,AWP,WE,Federal Contract Tower,3,1,1,0,5,0,10,16,4,30,3,11,17,4,35,2,2,4,39
11/07/2022,IFP,AZ,AWP,WE,Federal Contract Tower,3,0,1,0,4,0,5,5,2,12,3,5,6,2,16,0,0,0,16
11/08/2022,IFP,AZ,AWP,WE,Federal Contract Tower,3,0,1,1,5,0,7,3,3,13,3,7,4,4,18,0,0,0,18
11/09/2022,IFP,AZ,AWP,WE,Federal Contract Tower,1,0,1,0,2,0,9,13,0,22,1,9,14,0,24,6,0,6,30
11/10/2022,IFP,AZ,AWP,WE,Federal Contract Tower,5,0,1,0,6,0,8,29,0,37,5,8,30,0,43,16,0,16,59
11/11/2022,IFP,AZ,AWP,WE,Federal Contract Tower,0,2,1,1,4,0,11,23,0,34,0,13,24,1,38,0,0,0,38
11/12/2022,IFP,AZ,AWP,WE,Federal Contract Tower,6,0,2,0,8,0,0,29,2,31,6,0,31,2,39,10,0,10,49
11/13/2022,IFP,AZ,AWP,WE,Federal Contract Tower,4,0,2,0,6,0,6,9,0,15,4,6,11,0,21,0,0,0,21
11/14/2022,IFP,AZ,AWP,WE,Federal Contract Tower,3,0,3,0,6,0,4,11,1,16,3,4,14,1,22,0,0,0,22
11/15/2022,IFP,AZ,AWP,WE,Federal Contract Tower,1,0,0,0,1,0,8,11,4,23,1,8,11,4,24,10,0,10,34
11/16/2022,IFP,AZ,AWP,WE,Federal Contract Tower,5,0,0,0,5,0,6,7,0,13,5,6,7,0,18,0,0,0,18
11/17/2022,IFP,AZ,AWP,WE,Federal Contract Tower,3,0,0,2,5,0,2,3,0,5,3,2,3,2,10,0,0,0,10
11/18/2022,IFP,AZ,AWP,WE,Federal Contract Tower,3,0,2,0,5,0,7,24,0,31,3,7,26,0,36,8,0,8,44
11/19/2022,IFP,AZ,AWP,WE,Federal Contract Tower,1,0,3,0,4,0,2,8,2,12,1,2,11,2,16,0,0,0,16
11/20/2022,IFP,AZ,AWP,WE,Federal Contract Tower,5,0,2,0,7,0,15,13,0,28,5,15,15,0,35,0,0,0,35
11/21/2022,IFP,AZ,AWP,WE,Federal Contract Tower,3,1,0,0,4,0,3,16,2,21,3,4,16,2,25,2,0,2,27
11/22/2022,IFP,AZ,AWP,WE,Federal Contract Tower,1,1,4,0,6,0,8,8,0,16,1,9,12,0,22,4,0,4,26
11/23/2022,IFP,AZ,AWP,WE,Federal Contract Tower,1,0,0,0,1,0,8,18,0,26,1,8,18,0,27,0,0,0,27
11/24/2022,IFP,AZ,AWP,WE,Federal Contract Tower,2,0,0,0,2,0,6,1,0,7,2,6,1,0,9,0,0,0,9
11/25/2022,IFP,AZ,AWP,WE,Federal Contract Tower,3,0,0,0,3,0,4,13,0,17,3,4,13,0,20,0,0,0,20
11/26/2022,IFP,AZ,AWP,WE,Federal Contract Tower,1,0,1,0,2,0,6,38,0,44,1,6,39,0,46,10,0,10,56
11/27/2022,IFP,AZ,AWP,WE,Federal Contract Tower,3,0,0,0,3,0,9,19,0,28,3,9,19,0,31,2,0,2,33
11/28/2022,IFP,AZ,AWP,WE,Federal Contract Tower,4,0,5,0,9,0,9,16,2,27,4,9,21,2,36,0,0,0,36
11/29/2022,IFP,AZ,AWP,WE,Federal Contract Tower,2,0,5,1,8,0,10,25,1,36,2,10,30,2,44,8,0,8,52
11/30/2022,IFP,AZ,AWP,WE,Federal Contract Tower,1,2,1,0,4,0,12,20,1,33,1,14,21,1,37,2,0,2,39
12/01/2022,IFP,AZ,AWP,WE,Federal Contract Tower,3,0,2,0,5,0,10,25,0,35,3,10,27,0,40,0,0,0,40
12/02/2022,IFP,AZ,AWP,WE,Federal Contract Tower,3,0,0,0,3,0,7,30,0,37,3,7,30,0,40,8,0,8,48
12/03/2022,IFP,AZ,AWP,WE,Federal Contract Tower,1,0,0,0,1,0,8,59,0,67,1,8,59,0,68,6,0,6,74
12/04/2022,IFP,AZ,AWP,WE,Federal Contract Tower,3,0,3,0,6,0,14,12,0,26,3,14,15,0,32,8,0,8,40
12/05/2022,IFP,AZ,AWP,WE,Federal Contract Tower,3,1,3,0,7,0,16,24,0,40,3,17,27,0,47,0,0,0,47
12/06/2022,IFP,AZ,AWP,WE,Federal Contract Tower,1,0,0,0,1,0,8,17,1,26,1,8,17,1,27,8,0,8,35
12/07/2022,IFP,AZ,AWP,WE,Federal Contract Tower,2,0,1,0,3,0,3,28,1,32,2,3,29,1,35,12,0,12,47
12/08/2022,IFP,AZ,AWP,WE,Federal Contract Tower,3,0,1,0,4,0,5,12,4,21,3,5,13,4,25,0,0,0,25
12/09/2022,IFP,AZ,AWP,WE,Federal Contract Tower,3,0,0,2,5,0,8,27,0,35,3,8,27,2,40,6,0,6,46
12/10/2022,IFP,AZ,AWP,WE,Federal Contract Tower,1,0,6,0,7,0,10,38,0,48,1,10,44,0,55,14,0,14,69
12/11/2022,IFP,AZ,AWP,WE,Federal Contract Tower,2,0,3,0,5,0,4,10,1,15,2,4,13,1,20,0,0,0,20
12/12/2022,IFP,AZ,AWP,WE,Federal Contract Tower,2,0,0,0,2,0,6,14,3,23,2,6,14,3,25,0,6,6,31
12/13/2022,IFP,AZ,AWP,WE,Federal Contract Tower,0,0,1,1,2,0,12,20,1,33,0,12,21,2,35,12,0,12,47
12/14/2022,IFP,AZ,AWP,WE,Federal Contract Tower,2,0,0,0,2,0,5,22,1,28,2,5,22,1,30,4,0,4,34
12/15/2022,IFP,AZ,AWP,WE,Federal Contract Tower,1,0,2,0,3,0,7,22,1,30,1,7,24,1,33,6,0,6,39
12/16/2022,IFP,AZ,AWP,WE,Federal Contract Tower,3,1,1,0,5,0,3,18,0,21,3,4,19,0,26,24,0,24,50
12/17/2022,IFP,AZ,AWP,WE,Federal Contract Tower,0,0,2,0,2,0,5,19,0,24,0,5,21,0,26,10,0,10,36
12/18/2022,IFP,AZ,AWP,WE,Federal Contract Tower,0,0,0,0,0,0,6,16,0,22,0,6,16,0,22,4,0,4,26
12/19/2022,IFP,AZ,AWP,WE,Federal Contract Tower,2,0,2,0,4,0,7,16,0,23,2,7,18,0,27,4,0,4,31
12/20/2022,IFP,AZ,AWP,WE,Federal Contract Tower,0,0,3,0,3,0,7,16,0,23,0,7,19,0,26,2,0,2,28
12/21/2022,IFP,AZ,AWP,WE,Federal Contract Tower,0,0,2,1,3,0,8,22,1,31,0,8,24,2,34,6,6,12,46
12/22/2022,IFP,AZ,AWP,WE,Federal Contract Tower,0,0,3,0,3,0,14,18,0,32,0,14,21,0,35,4,0,4,39
12/23/2022,IFP,AZ,AWP,WE,Federal Contract Tower,0,0,3,0,3,0,8,8,0,16,0,8,11,0,19,0,0,0,19
12/24/2022,IFP,AZ,AWP,WE,Federal Contract Tower,0,0,0,0,0,0,3,13,0,16,0,3,13,0,16,4,0,4,20
12/25/2022,IFP,AZ,AWP,WE,Federal Contract Tower,0,0,0,0,0,0,6,0,0,6,0,6,0,0,6,0,0,0,6
12/26/2022,IFP,AZ,AWP,WE,Federal Contract Tower,0,0,1,0,1,0,1,8,0,9,0,1,9,0,10,0,0,0,10
12/27/2022,IFP,AZ,AWP,WE,Federal Contract Tower,0,1,0,0,1,0,5,7,0,12,0,6,7,0,13,0,0,0,13
12/28/2022,IFP,AZ,AWP,WE,Federal Contract Tower,0,0,3,0,3,0,15,26,0,41,0,15,29,0,44,4,0,4,48
12/29/2022,IFP,AZ,AWP,WE,Federal Contract Tower,2,0,2,0,4,0,0,3,0,3,2,0,5,0,7,0,0,0,7
12/30/2022,IFP,AZ,AWP,WE,Federal Contract Tower,1,1,3,0,5,0,6,6,0,12,1,7,9,0,17,0,0,0,17
12/31/2022,IFP,AZ,AWP,WE,Federal Contract Tower,2,1,2,0,5,0,9,2,0,11,2,10,4,0,16,0,0,0,16
01/01/2023,IFP,AZ,AWP,WE,Federal Contract Tower,0,0,0,0,0,0,0,0,0,0,0,0,0,0,0,0,0,0,0
01/02/2023,IFP,AZ,AWP,WE,Federal Contract Tower,2,0,2,0,4,0,0,16,0,16,2,0,18,0,20,0,0,0,20
01/03/2023,IFP,AZ,AWP,WE,Federal Contract Tower,2,0,1,0,3,0,10,11,2,23,2,10,12,2,26,2,0,2,28
01/04/2023,IFP,AZ,AWP,WE,Federal Contract Tower,1,0,7,0,8,0,11,27,0,38,1,11,34,0,46,18,0,18,64
01/05/2023,IFP,AZ,AWP,WE,Federal Contract Tower,0,1,0,0,1,0,11,17,0,28,0,12,17,0,29,6,0,6,35
01/06/2023,IFP,AZ,AWP,WE,Federal Contract Tower,1,0,1,0,2,0,6,28,3,37,1,6,29,3,39,18,4,22,61
01/07/2023,IFP,AZ,AWP,WE,Federal Contract Tower,0,0,2,0,2,0,4,16,0,20,0,4,18,0,22,6,0,6,28
01/08/2023,IFP,AZ,AWP,WE,Federal Contract Tower,0,0,1,0,1,0,7,14,0,21,0,7,15,0,22,0,0,0,22
01/09/2023,IFP,AZ,AWP,WE,Federal Contract Tower,1,1,1,0,3,0,15,17,3,35,1,16,18,3,38,0,12,12,50
01/10/2023,IFP,AZ,AWP,WE,Federal Contract Tower,1,0,4,0,5,0,6,6,0,12,1,6,10,0,17,0,0,0,17
01/11/2023,IFP,AZ,AWP,WE,Federal Contract Tower,2,0,5,0,7,0,7,30,0,37,2,7,35,0,44,18,0,18,62
01/12/2023,IFP,AZ,AWP,WE,Federal Contract Tower,3,0,6,0,9,0,4,8,0,12,3,4,14,0,21,8,0,8,29
01/13/2023,IFP,AZ,AWP,WE,Federal Contract Tower,1,2,2,2,7,0,1,29,0,30,1,3,31,2,37,6,0,6,43
01/14/2023,IFP,AZ,AWP,WE,Federal Contract Tower,1,1,2,0,4,0,0,11,0,11,1,1,13,0,15,0,0,0,15
01/15/2023,IFP,AZ,AWP,WE,Federal Contract Tower,3,0,1,0,4,0,2,4,0,6,3,2,5,0,10,6,0,6,16
01/16/2023,IFP,AZ,AWP,WE,Federal Contract Tower,2,0,5,0,7,0,2,0,0,2,2,2,5,0,9,0,0,0,9
01/17/2023,IFP,AZ,AWP,WE,Federal Contract Tower,0,3,2,0,5,0,7,25,0,32,0,10,27,0,37,18,0,18,55
01/18/2023,IFP,AZ,AWP,WE,Federal Contract Tower,1,1,0,0,2,0,3,32,0,35,1,4,32,0,37,0,0,0,37
01/19/2023,IFP,AZ,AWP,WE,Federal Contract Tower,4,0,2,0,6,0,4,21,0,25,4,4,23,0,31,2,0,2,33
01/20/2023,IFP,AZ,AWP,WE,Federal Contract Tower,3,0,2,0,5,0,2,18,1,21,3,2,20,1,26,0,0,0,26
01/21/2023,IFP,AZ,AWP,WE,Federal Contract Tower,1,0,1,0,2,0,6,20,1,27,1,6,21,1,29,10,0,10,39
01/22/2023,IFP,AZ,AWP,WE,Federal Contract Tower,1,0,0,0,1,0,9,24,0,33,1,9,24,0,34,0,6,6,40
01/23/2023,IFP,AZ,AWP,WE,Federal Contract Tower,4,0,2,0,6,0,5,3,0,8,4,5,5,0,14,4,0,4,18
01/24/2023,IFP,AZ,AWP,WE,Federal Contract Tower,1,0,1,0,2,0,9,9,0,18,1,9,10,0,20,6,0,6,26
01/25/2023,IFP,AZ,AWP,WE,Federal Contract Tower,1,0,0,2,3,0,0,13,0,13,1,0,13,2,16,30,0,30,46
01/26/2023,IFP,AZ,AWP,WE,Federal Contract Tower,3,0,3,4,10,0,6,8,0,14,3,6,11,4,24,18,0,18,42
01/27/2023,IFP,AZ,AWP,WE,Federal Contract Tower,3,0,4,1,8,0,14,29,3,46,3,14,33,4,54,6,8,14,68
01/28/2023,IFP,AZ,AWP,WE,Federal Contract Tower,1,0,4,0,5,0,5,30,5,40,1,5,34,5,45,16,0,16,61
01/29/2023,IFP,AZ,AWP,WE,Federal Contract Tower,3,2,0,2,7,0,7,16,1,24,3,9,16,3,31,4,0,4,35
01/30/2023,IFP,AZ,AWP,WE,Federal Contract Tower,3,0,4,2,9,0,13,8,0,21,3,13,12,2,30,0,0,0,30
01/31/2023,IFP,AZ,AWP,WE,Federal Contract Tower,1,0,2,0,3,0,3,12,0,15,1,3,14,0,18,0,0,0,18
02/01/2023,IFP,AZ,AWP,WE,Federal Contract Tower,1,0,2,0,3,0,13,16,2,31,1,13,18,2,34,28,0,28,62
02/02/2023,IFP,AZ,AWP,WE,Federal Contract Tower,3,0,3,0,6,0,3,15,0,18,3,3,18,0,24,0,0,0,24
02/03/2023,IFP,AZ,AWP,WE,Federal Contract Tower,3,0,1,1,5,0,1,26,0,27,3,1,27,1,32,10,0,10,42
02/04/2023,IFP,AZ,AWP,WE,Federal Contract Tower,1,0,2,0,3,0,0,24,8,32,1,0,26,8,35,10,30,40,75
02/05/2023,IFP,AZ,AWP,WE,Federal Contract Tower,3,0,0,0,3,0,8,17,3,28,3,8,17,3,31,16,0,16,47
02/06/2023,IFP,AZ,AWP,WE,Federal Contract Tower,4,0,1,1,6,0,4,9,4,17,4,4,10,5,23,0,6,6,29
02/07/2023,IFP,AZ,AWP,WE,Federal Contract Tower,2,0,0,1,3,0,3,16,2,21,2,3,16,3,24,2,0,2,26
02/08/2023,IFP,AZ,AWP,WE,Federal Contract Tower,2,0,2,0,4,0,3,28,1,32,2,3,30,1,36,8,0,8,44
02/09/2023,IFP,AZ,AWP,WE,Federal Contract Tower,3,1,2,1,7,0,1,10,2,13,3,2,12,3,20,0,0,0,20
02/10/2023,IFP,AZ,AWP,WE,Federal Contract Tower,5,0,0,0,5,0,6,8,0,14,5,6,8,0,19,0,0,0,19
02/11/2023,IFP,AZ,AWP,WE,Federal Contract Tower,3,0,3,0,6,0,7,11,9,27,3,7,14,9,33,2,14,16,49
02/12/2023,IFP,AZ,AWP,WE,Federal Contract Tower,3,2,0,0,5,1,4,10,2,17,4,6,10,2,22,8,0,8,30
02/13/2023,IFP,AZ,AWP,WE,Federal Contract Tower,3,0,2,0,5,0,0,9,2,11,3,0,11,2,16,6,2,8,24
02/14/2023,IFP,AZ,AWP,WE,Federal Contract Tower,2,1,0,0,3,0,4,1,2,7,2,5,1,2,10,0,0,0,10
02/15/2023,IFP,AZ,AWP,WE,Federal Contract Tower,1,0,0,0,1,0,6,11,2,19,1,6,11,2,20,6,0,6,26
02/16/2023,IFP,AZ,AWP,WE,Federal Contract Tower,2,0,0,0,2,0,6,12,1,19,2,6,12,1,21,0,0,0,21
02/17/2023,IFP,AZ,AWP,WE,Federal Contract Tower,4,0,0,0,4,0,13,11,1,25,4,13,11,1,29,0,0,0,29
02/18/2023,IFP,AZ,AWP,WE,Federal Contract Tower,3,0,2,0,5,0,6,14,0,20,3,6,16,0,25,6,0,6,31
02/19/2023,IFP,AZ,AWP,WE,Federal Contract Tower,3,0,2,0,5,0,1,25,4,30,3,1,27,4,35,0,0,0,35
02/20/2023,IFP,AZ,AWP,WE,Federal Contract Tower,1,0,1,0,2,0,6,21,2,29,1,6,22,2,31,26,0,26,57
02/21/2023,IFP,AZ,AWP,WE,Federal Contract Tower,1,0,0,0,1,0,3,19,0,22,1,3,19,0,23,12,0,12,35
02/22/2023,IFP,AZ,AWP,WE,Federal Contract Tower,4,0,2,0,6,0,3,2,0,5,4,3,4,0,11,2,0,2,13
02/23/2023,IFP,AZ,AWP,WE,Federal Contract Tower,2,2,0,0,4,0,2,2,0,4,2,4,2,0,8,0,0,0,8
02/24/2023,IFP,AZ,AWP,WE,Federal Contract Tower,5,0,0,0,5,0,10,17,0,27,5,10,17,0,32,12,0,12,44
02/25/2023,IFP,AZ,AWP,WE,Federal Contract Tower,1,0,0,0,1,0,7,6,0,13,1,7,6,0,14,6,0,6,20
02/26/2023,IFP,AZ,AWP,WE,Federal Contract Tower,3,3,1,0,7,0,4,23,0,27,3,7,24,0,34,22,0,22,56
02/27/2023,IFP,AZ,AWP,WE,Federal Contract Tower,2,0,3,0,5,0,5,20,0,25,2,5,23,0,30,8,0,8,38
02/28/2023,IFP,AZ,AWP,WE,Federal Contract Tower,1,0,1,1,3,0,5,20,5,30,1,5,21,6,33,12,0,12,45
03/01/2023,IFP,AZ,AWP,WE,Federal Contract Tower,1,2,2,0,5,0,1,0,0,1,1,3,2,0,6,0,0,0,6
03/02/2023,IFP,AZ,AWP,WE,Federal Contract Tower,4,0,0,0,4,0,1,15,0,16,4,1,15,0,20,0,0,0,20
03/03/2023,IFP,AZ,AWP,WE,Federal Contract Tower,3,0,1,0,4,0,3,32,0,35,3,3,33,0,39,4,0,4,43
03/04/2023,IFP,AZ,AWP,WE,Federal Contract Tower,1,0,0,0,1,0,7,15,4,26,1,7,15,4,27,4,0,4,31
03/05/2023,IFP,AZ,AWP,WE,Federal Contract Tower,4,0,0,0,4,0,2,6,0,8,4,2,6,0,12,0,0,0,12
03/06/2023,IFP,AZ,AWP,WE,Federal Contract Tower,3,1,1,0,5,0,2,16,0,18,3,3,17,0,23,18,0,18,41
03/07/2023,IFP,AZ,AWP,WE,Federal Contract Tower,1,0,0,0,1,0,4,17,0,21,1,4,17,0,22,16,0,16,38
03/08/2023,IFP,AZ,AWP,WE,Federal Contract Tower,1,0,1,1,3,0,2,6,1,9,1,2,7,2,12,0,0,0,12
03/09/2023,IFP,AZ,AWP,WE,Federal Contract Tower,4,0,1,0,5,0,3,29,0,32,4,3,30,0,37,4,0,4,41
03/10/2023,IFP,AZ,AWP,WE,Federal Contract Tower,3,0,1,1,5,0,6,5,0,11,3,6,6,1,16,0,0,0,16
03/11/2023,IFP,AZ,AWP,WE,Federal Contract Tower,0,0,6,0,6,0,0,12,0,12,0,0,18,0,18,28,0,28,46
03/12/2023,IFP,AZ,AWP,WE,Federal Contract Tower,2,0,5,0,7,0,7,26,0,33,2,7,31,0,40,2,0,2,42
03/13/2023,IFP,AZ,AWP,WE,Federal Contract Tower,4,0,4,1,9,0,8,23,0,31,4,8,27,1,40,22,0,22,62
03/14/2023,IFP,AZ,AWP,WE,Federal Contract Tower,2,2,2,1,7,0,6,20,2,28,2,8,22,3,35,8,0,8,43
03/15/2023,IFP,AZ,AWP,WE,Federal Contract Tower,2,1,8,0,11,0,0,0,0,0,2,1,8,0,11,0,0,0,11
03/16/2023,IFP,AZ,AWP,WE,Federal Contract Tower,3,0,4,0,7,1,5,12,2,20,4,5,16,2,27,0,0,0,27
03/17/2023,IFP,AZ,AWP,WE,Federal Contract Tower,5,3,0,0,8,0,6,31,1,38,5,9,31,1,46,4,0,4,50
03/18/2023,IFP,AZ,AWP,WE,Federal Contract Tower,1,1,1,0,3,0,2,11,1,14,1,3,12,1,17,4,0,4,21
03/19/2023,IFP,AZ,AWP,WE,Federal Contract Tower,4,0,3,0,7,0,5,24,0,29,4,5,27,0,36,6,0,6,42
03/20/2023,IFP,AZ,AWP,WE,Federal Contract Tower,4,0,0,1,5,0,7,15,1,23,4,7,15,2,28,0,0,0,28
03/21/2023,IFP,AZ,AWP,WE,Federal Contract Tower,3,0,3,1,7,0,3,7,1,11,3,3,10,2,18,8,20,28,46
03/22/2023,IFP,AZ,AWP,WE,Federal Contract Tower,2,1,0,0,3,0,3,10,1,14,2,4,10,1,17,6,0,6,23
03/23/2023,IFP,AZ,AWP,WE,Federal Contract Tower,3,0,5,0,8,0,1,28,1,30,3,1,33,1,38,14,0,14,52
03/24/2023,IFP,AZ,AWP,WE,Federal Contract Tower,3,2,5,0,10,0,15,32,3,50,3,17,37,3,60,14,38,52,112
03/25/2023,IFP,AZ,AWP,WE,Federal Contract Tower,1,0,1,0,2,0,5,13,0,18,1,5,14,0,20,0,0,0,20
03/26/2023,IFP,AZ,AWP,WE,Federal Contract Tower,3,1,0,0,4,0,9,36,0,45,3,10,36,0,49,2,0,2,51
03/27/2023,IFP,AZ,AWP,WE,Federal Contract Tower,3,2,1,0,6,0,8,10,0,18,3,10,11,0,24,0,0,0,24
03/28/2023,IFP,AZ,AWP,WE,Federal Contract Tower,1,0,0,0,1,0,13,13,1,27,1,13,13,1,28,0,6,6,34
03/29/2023,IFP,AZ,AWP,WE,Federal Contract Tower,1,0,1,0,2,0,1,3,0,4,1,1,4,0,6,0,0,0,6
03/30/2023,IFP,AZ,AWP,WE,Federal Contract Tower,3,2,3,1,9,0,5,17,1,23,3,7,20,2,32,6,2,8,40
03/31/2023,IFP,AZ,AWP,WE,Federal Contract Tower,2,1,3,1,7,0,6,37,5,48,2,7,40,6,55,4,0,4,59
04/01/2023,IFP,AZ,AWP,WE,Federal Contract Tower,0,2,0,0,2,0,4,54,0,58,0,6,54,0,60,0,0,0,60
04/02/2023,IFP,AZ,AWP,WE,Federal Contract Tower,4,0,5,1,10,0,10,32,2,44,4,10,37,3,54,10,0,10,64
04/03/2023,IFP,AZ,AWP,WE,Federal Contract Tower,4,0,0,1,5,0,2,2,1,5,4,2,2,2,10,0,0,0,10
04/04/2023,IFP,AZ,AWP,WE,Federal Contract Tower,2,0,0,0,2,0,15,21,0,36,2,15,21,0,38,0,0,0,38
04/05/2023,IFP,AZ,AWP,WE,Federal Contract Tower,0,0,2,0,2,0,9,19,0,28,0,9,21,0,30,12,0,12,42
04/06/2023,IFP,AZ,AWP,WE,Federal Contract Tower,3,1,2,0,6,0,5,16,0,21,3,6,18,0,27,0,0,0,27
04/07/2023,IFP,AZ,AWP,WE,Federal Contract Tower,4,1,0,0,5,0,8,9,4,21,4,9,9,4,26,6,4,10,36
04/08/2023,IFP,AZ,AWP,WE,Federal Contract Tower,1,1,0,0,2,0,6,17,0,23,1,7,17,0,25,8,0,8,33
04/09/2023,IFP,AZ,AWP,WE,Federal Contract Tower,2,0,2,0,4,0,6,18,0,24,2,6,20,0,28,8,0,8,36
04/10/2023,IFP,AZ,AWP,WE,Federal Contract Tower,3,0,1,0,4,0,5,28,1,34,3,5,29,1,38,6,0,6,44
04/11/2023,IFP,AZ,AWP,WE,Federal Contract Tower,2,0,0,0,2,0,1,30,4,35,2,1,30,4,37,16,0,16,53
04/12/2023,IFP,AZ,AWP,WE,Federal Contract Tower,1,0,0,0,1,0,9,22,2,33,1,9,22,2,34,8,0,8,42
04/13/2023,IFP,AZ,AWP,WE,Federal Contract Tower,4,0,0,0,4,0,1,23,3,27,4,1,23,3,31,0,10,10,41
04/14/2023,IFP,AZ,AWP,WE,Federal Contract Tower,3,0,2,0,5,0,6,23,0,29,3,6,25,0,34,24,0,24,58
04/15/2023,IFP,AZ,AWP,WE,Federal Contract Tower,1,0,4,0,5,0,16,60,0,76,1,16,64,0,81,26,0,26,107
04/16/2023,IFP,AZ,AWP,WE,Federal Contract Tower,3,0,3,0,6,0,8,23,0,31,3,8,26,0,37,0,0,0,37
04/17/2023,IFP,AZ,AWP,WE,Federal Contract Tower,3,0,0,0,3,0,8,9,0,17,3,8,9,0,20,2,0,2,22
04/18/2023,IFP,AZ,AWP,WE,Federal Contract Tower,2,0,2,0,4,0,2,4,4,10,2,2,6,4,14,0,0,0,14
04/19/2023,IFP,AZ,AWP,WE,Federal Contract Tower,2,0,0,0,2,0,8,5,0,13,2,8,5,0,15,0,0,0,15
04/20/2023,IFP,AZ,AWP,WE,Federal Contract Tower,3,0,1,0,4,0,3,7,0,10,3,3,8,0,14,0,0,0,14
04/21/2023,IFP,AZ,AWP,WE,Federal Contract Tower,2,0,1,0,3,0,2,20,0,22,2,2,21,0,25,8,0,8,33
04/22/2023,IFP,AZ,AWP,WE,Federal Contract Tower,3,0,2,0,5,0,2,18,0,20,3,2,20,0,25,0,0,0,25
04/23/2023,IFP,AZ,AWP,WE,Federal Contract Tower,4,0,1,0,5,0,7,35,0,42,4,7,36,0,47,0,0,0,47
04/24/2023,IFP,AZ,AWP,WE,Federal Contract Tower,3,0,0,0,3,0,0,9,0,9,3,0,9,0,12,6,0,6,18
04/25/2023,IFP,AZ,AWP,WE,Federal Contract Tower,1,0,1,1,3,0,1,14,1,16,1,1,15,2,19,0,0,0,19
04/26/2023,IFP,AZ,AWP,WE,Federal Contract Tower,2,0,1,0,3,0,0,18,0,18,2,0,19,0,21,0,0,0,21
04/27/2023,IFP,AZ,AWP,WE,Federal Contract Tower,4,0,0,2,6,0,8,23,2,33,4,8,23,4,39,2,0,2,41
04/28/2023,IFP,AZ,AWP,WE,Federal Contract Tower,3,1,2,0,6,0,13,27,4,44,3,14,29,4,50,0,0,0,50
04/29/2023,IFP,AZ,AWP,WE,Federal Contract Tower,1,0,2,0,3,0,4,24,0,28,1,4,26,0,31,6,0,6,37
04/30/2023,IFP,AZ,AWP,WE,Federal Contract Tower,6,0,1,0,7,0,7,22,0,29,6,7,23,0,36,2,0,2,38
05/01/2023,IFP,AZ,AWP,WE,Federal Contract Tower,3,0,1,0,4,0,8,2,2,12,3,8,3,2,16,0,0,0,16
05/02/2023,IFP,AZ,AWP,WE,Federal Contract Tower,1,2,1,1,5,0,6,7,3,16,1,8,8,4,21,0,4,4,25
05/03/2023,IFP,AZ,AWP,WE,Federal Contract Tower,1,0,1,0,2,0,4,11,0,15,1,4,12,0,17,12,0,12,29
05/04/2023,IFP,AZ,AWP,WE,Federal Contract Tower,4,2,3,1,10,0,6,16,2,24,4,8,19,3,34,4,0,4,38
05/05/2023,IFP,AZ,AWP,WE,Federal Contract Tower,2,0,5,1,8,0,0,23,1,24,2,0,28,2,32,14,16,30,62
05/06/2023,IFP,AZ,AWP,WE,Federal Contract Tower,1,0,2,0,3,0,6,17,0,23,1,6,19,0,26,12,0,12,38
05/07/2023,IFP,AZ,AWP,WE,Federal Contract Tower,2,0,3,0,5,0,3,21,4,28,2,3,24,4,33,0,0,0,33
05/08/2023,IFP,AZ,AWP,WE,Federal Contract Tower,1,0,2,0,3,0,7,20,0,27,1,7,22,0,30,0,0,0,30
05/09/2023,IFP,AZ,AWP,WE,Federal Contract Tower,1,0,2,2,5,0,0,16,0,16,1,0,18,2,21,0,0,0,21
05/10/2023,IFP,AZ,AWP,WE,Federal Contract Tower,1,0,2,0,3,0,4,17,0,21,1,4,19,0,24,0,0,0,24
05/11/2023,IFP,AZ,AWP,WE,Federal Contract Tower,1,0,4,0,5,0,11,25,1,37,1,11,29,1,42,12,0,12,54
05/12/2023,IFP,AZ,AWP,WE,Federal Contract Tower,1,0,3,1,5,0,1,39,2,42,1,1,42,3,47,12,12,24,71
05/13/2023,IFP,AZ,AWP,WE,Federal Contract Tower,2,0,1,0,3,0,0,20,0,20,2,0,21,0,23,4,0,4,27
05/14/2023,IFP,AZ,AWP,WE,Federal Contract Tower,1,2,0,0,3,0,6,25,2,33,1,8,25,2,36,6,0,6,42
05/15/2023,IFP,AZ,AWP,WE,Federal Contract Tower,2,0,1,0,3,0,2,29,0,31,2,2,30,0,34,22,0,22,56
05/16/2023,IFP,AZ,AWP,WE,Federal Contract Tower,3,0,1,0,4,0,8,17,0,25,3,8,18,0,29,6,0,6,35
05/17/2023,IFP,AZ,AWP,WE,Federal Contract Tower,2,2,2,0,6,0,0,23,0,23,2,2,25,0,29,4,0,4,33
05/18/2023,IFP,AZ,AWP,WE,Federal Contract Tower,1,0,1,1,3,0,4,32,1,37,1,4,33,2,40,16,0,16,56
05/19/2023,IFP,AZ,AWP,WE,Federal Contract Tower,2,0,3,0,5,0,2,17,0,19,2,2,20,0,24,10,0,10,34
05/20/2023,IFP,AZ,AWP,WE,Federal Contract Tower,2,1,2,0,5,0,11,16,0,27,2,12,18,0,32,14,0,14,46
05/21/2023,IFP,AZ,AWP,WE,Federal Contract Tower,1,1,0,0,2,0,6,15,0,21,1,7,15,0,23,6,0,6,29
05/22/2023,IFP,AZ,AWP,WE,Federal Contract Tower,1,0,0,0,1,0,6,10,0,16,1,6,10,0,17,0,0,0,17
05/23/2023,IFP,AZ,AWP,WE,Federal Contract Tower,2,2,4,0,8,0,3,12,0,15,2,5,16,0,23,0,0,0,23
05/24/2023,IFP,AZ,AWP,WE,Federal Contract Tower,4,1,1,0,6,0,4,31,0,35,4,5,32,0,41,2,0,2,43
05/25/2023,IFP,AZ,AWP,WE,Federal Contract Tower,2,0,1,0,3,0,14,18,0,32,2,14,19,0,35,2,0,2,37
05/26/2023,IFP,AZ,AWP,WE,Federal Contract Tower,1,0,0,0,1,0,10,30,0,40,1,10,30,0,41,0,0,0,41
05/27/2023,IFP,AZ,AWP,WE,Federal Contract Tower,3,0,4,0,7,0,7,46,0,53,3,7,50,0,60,4,0,4,64
05/28/2023,IFP,AZ,AWP,WE,Federal Contract Tower,1,0,2,0,3,0,6,11,0,17,1,6,13,0,20,2,0,2,22
05/29/2023,IFP,AZ,AWP,WE,Federal Contract Tower,2,0,1,0,3,0,0,15,0,15,2,0,16,0,18,0,0,0,18
05/30/2023,IFP,AZ,AWP,WE,Federal Contract Tower,1,4,2,0,7,0,6,20,0,26,1,10,22,0,33,14,0,14,47
05/31/2023,IFP,AZ,AWP,WE,Federal Contract Tower,3,0,0,0,3,0,7,31,0,38,3,7,31,0,41,16,0,16,57
06/01/2023,IFP,AZ,AWP,WE,Federal Contract Tower,1,0,1,2,4,0,2,7,0,9,1,2,8,2,13,0,0,0,13
06/02/2023,IFP,AZ,AWP,WE,Federal Contract Tower,2,0,5,2,9,0,5,25,0,30,2,5,30,2,39,10,0,10,49
06/03/2023,IFP,AZ,AWP,WE,Federal Contract Tower,1,0,0,0,1,0,2,22,0,24,1,2,22,0,25,10,0,10,35
06/04/2023,IFP,AZ,AWP,WE,Federal Contract Tower,2,0,0,0,2,0,2,26,0,28,2,2,26,0,30,12,0,12,42
06/05/2023,IFP,AZ,AWP,WE,Federal Contract Tower,1,0,1,0,2,0,5,20,0,25,1,5,21,0,27,4,0,4,31
06/06/2023,IFP,AZ,AWP,WE,Federal Contract Tower,1,2,2,0,5,0,1,9,0,10,1,3,11,0,15,4,0,4,19
06/07/2023,IFP,AZ,AWP,WE,Federal Contract Tower,1,0,3,4,8,0,1,20,0,21,1,1,23,4,29,6,0,6,35
06/08/2023,IFP,AZ,AWP,WE,Federal Contract Tower,2,0,0,1,3,0,5,13,2,20,2,5,13,3,23,20,0,20,43
06/09/2023,IFP,AZ,AWP,WE,Federal Contract Tower,2,2,1,2,7,0,6,26,0,32,2,8,27,2,39,12,0,12,51
06/10/2023,IFP,AZ,AWP,WE,Federal Contract Tower,1,0,1,5,7,0,6,24,1,31,1,6,25,6,38,0,2,2,40
06/11/2023,IFP,AZ,AWP,WE,Federal Contract Tower,1,0,0,0,1,0,1,21,2,24,1,1,21,2,25,18,0,18,43
06/12/2023,IFP,AZ,AWP,WE,Federal Contract Tower,3,0,1,0,4,0,7,24,0,31,3,7,25,0,35,8,0,8,43
06/13/2023,IFP,AZ,AWP,WE,Federal Contract Tower,1,0,1,0,2,0,5,25,0,30,1,5,26,0,32,18,0,18,50
06/14/2023,IFP,AZ,AWP,WE,Federal Contract Tower,1,0,2,0,3,0,2,23,0,25,1,2,25,0,28,0,0,0,28
06/15/2023,IFP,AZ,AWP,WE,Federal Contract Tower,1,1,3,0,5,0,5,9,0,14,1,6,12,0,19,0,0,0,19
06/16/2023,IFP,AZ,AWP,WE,Federal Contract Tower,2,0,1,0,3,0,5,7,0,12,2,5,8,0,15,0,0,0,15
06/17/2023,IFP,AZ,AWP,WE,Federal Contract Tower,1,1,1,0,3,0,11,11,0,22,1,12,12,0,25,6,0,6,31
06/19/2023,IFP,AZ,AWP,WE,Federal Contract Tower,1,0,2,0,3,0,14,6,0,20,1,14,8,0,23,0,0,0,23
06/20/2023,IFP,AZ,AWP,WE,Federal Contract Tower,3,1,0,0,4,0,1,19,0,20,3,2,19,0,24,2,0,2,26
06/21/2023,IFP,AZ,AWP,WE,Federal Contract Tower,1,0,2,0,3,0,12,15,0,27,1,12,17,0,30,2,0,2,32
06/22/2023,IFP,AZ,AWP,WE,Federal Contract Tower,1,0,1,0,2,0,2,13,0,15,1,2,14,0,17,18,0,18,35
06/23/2023,IFP,AZ,AWP,WE,Federal Contract Tower,2,0,1,6,9,0,9,21,5,35,2,9,22,11,44,16,0,16,60
06/24/2023,IFP,AZ,AWP,WE,Federal Contract Tower,4,0,1,0,5,0,0,13,0,13,4,0,14,0,18,6,0,6,24
06/25/2023,IFP,AZ,AWP,WE,Federal Contract Tower,1,0,3,0,4,0,3,16,0,19,1,3,19,0,23,4,0,4,27
06/26/2023,IFP,AZ,AWP,WE,Federal Contract Tower,1,0,1,0,2,0,7,7,6,20,1,7,8,6,22,0,0,0,22
06/27/2023,IFP,AZ,AWP,WE,Federal Contract Tower,2,0,2,0,4,0,0,18,0,18,2,0,20,0,22,12,0,12,34
06/28/2023,IFP,AZ,AWP,WE,Federal Contract Tower,2,0,1,0,3,0,6,9,0,15,2,6,10,0,18,0,0,0,18
06/29/2023,IFP,AZ,AWP,WE,Federal Contract Tower,1,1,2,0,4,0,0,31,0,31,1,1,33,0,35,10,0,10,45
06/30/2023,IFP,AZ,AWP,WE,Federal Contract Tower,3,0,3,0,6,0,7,11,0,18,3,7,14,0,24,0,0,0,24
07/01/2023,IFP,AZ,AWP,WE,Federal Contract Tower,1,0,0,0,1,0,9,12,0,21,1,9,12,0,22,0,0,0,22
07/02/2023,IFP,AZ,AWP,WE,Federal Contract Tower,1,0,2,0,3,0,8,14,0,22,1,8,16,0,25,2,0,2,27
07/03/2023,IFP,AZ,AWP,WE,Federal Contract Tower,3,0,0,0,3,0,2,4,0,6,3,2,4,0,9,0,0,0,9
07/04/2023,IFP,AZ,AWP,WE,Federal Contract Tower,1,0,0,0,1,0,2,4,0,6,1,2,4,0,7,0,0,0,7
07/05/2023,IFP,AZ,AWP,WE,Federal Contract Tower,2,0,3,0,5,0,4,9,0,13,2,4,12,0,18,0,0,0,18
07/06/2023,IFP,AZ,AWP,WE,Federal Contract Tower,1,0,2,0,3,0,9,13,2,24,1,9,15,2,27,4,0,4,31
07/07/2023,IFP,AZ,AWP,WE,Federal Contract Tower,2,0,1,0,3,0,9,14,0,23,2,9,15,0,26,10,0,10,36
07/08/2023,IFP,AZ,AWP,WE,Federal Contract Tower,1,0,3,0,4,0,1,12,0,13,1,1,15,0,17,4,0,4,21
07/09/2023,IFP,AZ,AWP,WE,Federal Contract Tower,1,0,0,0,1,0,8,6,0,14,1,8,6,0,15,4,0,4,19
07/10/2023,IFP,AZ,AWP,WE,Federal Contract Tower,1,0,0,0,1,0,0,14,0,14,1,0,14,0,15,0,0,0,15
07/11/2023,IFP,AZ,AWP,WE,Federal Contract Tower,2,0,2,0,4,0,2,18,0,20,2,2,20,0,24,10,0,10,34
07/12/2023,IFP,AZ,AWP,WE,Federal Contract Tower,1,0,2,0,3,0,4,4,0,8,1,4,6,0,11,0,0,0,11
07/13/2023,IFP,AZ,AWP,WE,Federal Contract Tower,3,0,1,0,4,0,0,12,0,12,3,0,13,0,16,0,0,0,16
07/14/2023,IFP,AZ,AWP,WE,Federal Contract Tower,1,0,2,0,3,0,2,17,0,19,1,2,19,0,22,10,0,10,32
07/15/2023,IFP,AZ,AWP,WE,Federal Contract Tower,0,0,0,0,0,0,4,6,0,10,0,4,6,0,10,0,0,0,10
07/16/2023,IFP,AZ,AWP,WE,Federal Contract Tower,2,0,2,0,4,0,10,6,0,16,2,10,8,0,20,0,0,0,20
07/17/2023,IFP,AZ,AWP,WE,Federal Contract Tower,2,0,2,0,4,0,4,8,0,12,2,4,10,0,16,6,0,6,22
07/18/2023,IFP,AZ,AWP,WE,Federal Contract Tower,0,0,2,0,2,0,11,12,0,23,0,11,14,0,25,2,0,2,27
07/19/2023,IFP,AZ,AWP,WE,Federal Contract Tower,2,0,0,0,2,0,2,8,0,10,2,2,8,0,12,0,0,0,12
07/20/2023,IFP,AZ,AWP,WE,Federal Contract Tower,1,0,1,0,2,0,0,9,0,9,1,0,10,0,11,0,0,0,11
07/21/2023,IFP,AZ,AWP,WE,Federal Contract Tower,2,0,4,0,6,0,4,11,0,15,2,4,15,0,21,0,0,0,21
07/22/2023,IFP,AZ,AWP,WE,Federal Contract Tower,1,0,0,0,1,0,0,7,0,7,1,0,7,0,8,0,0,0,8
07/23/2023,IFP,AZ,AWP,WE,Federal Contract Tower,1,0,1,0,2,0,1,17,0,18,1,1,18,0,20,0,0,0,20
07/24/2023,IFP,AZ,AWP,WE,Federal Contract Tower,1,0,1,0,2,0,3,7,0,10,1,3,8,0,12,0,0,0,12
07/25/2023,IFP,AZ,AWP,WE,Federal Contract Tower,3,0,1,0,4,0,6,8,0,14,3,6,9,0,18,0,0,0,18
07/26/2023,IFP,AZ,AWP,WE,Federal Contract Tower,1,0,0,0,1,0,6,10,2,18,1,6,10,2,19,2,0,2,21
07/27/2023,IFP,AZ,AWP,WE,Federal Contract Tower,1,0,1,0,2,0,1,13,0,14,1,1,14,0,16,0,0,0,16
07/28/2023,IFP,AZ,AWP,WE,Federal Contract Tower,3,0,1,0,4,0,6,12,0,18,3,6,13,0,22,8,0,8,30
07/29/2023,IFP,AZ,AWP,WE,Federal Contract Tower,2,0,1,0,3,0,4,8,0,12,2,4,9,0,15,0,0,0,15
07/30/2023,IFP,AZ,AWP,WE,Federal Contract Tower,1,0,3,0,4,0,2,6,0,8,1,2,9,0,12,0,0,0,12
07/31/2023,IFP,AZ,AWP,WE,Federal Contract Tower,1,0,0,0,1,0,3,11,0,14,1,3,11,0,15,16,0,16,31
08/01/2023,IFP,AZ,AWP,WE,Federal Contract Tower,1,0,0,0,1,0,8,10,0,18,1,8,10,0,19,6,0,6,25
08/02/2023,IFP,AZ,AWP,WE,Federal Contract Tower,1,1,3,0,5,0,0,16,0,16,1,1,19,0,21,0,0,0,21
08/03/2023,IFP,AZ,AWP,WE,Federal Contract Tower,1,0,2,0,3,0,8,4,0,12,1,8,6,0,15,0,0,0,15
08/04/2023,IFP,AZ,AWP,WE,Federal Contract Tower,2,0,2,0,4,0,0,21,3,24,2,0,23,3,28,2,16,18,46
08/05/2023,IFP,AZ,AWP,WE,Federal Contract Tower,3,0,0,0,3,0,3,8,4,15,3,3,8,4,18,8,0,8,26
08/06/2023,IFP,AZ,AWP,WE,Federal Contract Tower,1,0,2,0,3,0,6,10,0,16,1,6,12,0,19,0,0,0,19
08/07/2023,IFP,AZ,AWP,WE,Federal Contract Tower,1,0,2,0,3,0,0,8,0,8,1,0,10,0,11,0,0,0,11
08/08/2023,IFP,AZ,AWP,WE,Federal Contract Tower,1,0,1,0,2,0,0,10,0,10,1,0,11,0,12,0,0,0,12
08/09/2023,IFP,AZ,AWP,WE,Federal Contract Tower,2,0,1,0,3,0,2,9,0,11,2,2,10,0,14,12,0,12,26
08/10/2023,IFP,AZ,AWP,WE,Federal Contract Tower,1,2,0,0,3,0,5,16,0,21,1,7,16,0,24,8,0,8,32
08/11/2023,IFP,AZ,AWP,WE,Federal Contract Tower,1,0,4,0,5,0,0,24,0,24,1,0,28,0,29,4,0,4,33
08/12/2023,IFP,AZ,AWP,WE,Federal Contract Tower,2,0,0,0,2,0,4,13,2,19,2,4,13,2,21,16,0,16,37
08/13/2023,IFP,AZ,AWP,WE,Federal Contract Tower,2,2,1,0,5,0,2,11,0,13,2,4,12,0,18,0,0,0,18
08/14/2023,IFP,AZ,AWP,WE,Federal Contract Tower,1,0,1,0,2,0,4,22,0,26,1,4,23,0,28,12,0,12,40
08/15/2023,IFP,AZ,AWP,WE,Federal Contract Tower,1,0,1,0,2,0,2,13,0,15,1,2,14,0,17,10,0,10,27
08/16/2023,IFP,AZ,AWP,WE,Federal Contract Tower,2,0,1,0,3,0,2,12,0,14,2,2,13,0,17,0,0,0,17
08/17/2023,IFP,AZ,AWP,WE,Federal Contract Tower,1,0,1,0,2,0,8,15,0,23,1,8,16,0,25,6,0,6,31
08/18/2023,IFP,AZ,AWP,WE,Federal Contract Tower,1,0,0,0,1,0,5,5,0,10,1,5,5,0,11,2,0,2,13
08/19/2023,IFP,AZ,AWP,WE,Federal Contract Tower,0,0,0,0,0,0,0,2,0,2,0,0,2,0,2,0,0,0,2
08/20/2023,IFP,AZ,AWP,WE,Federal Contract Tower,1,0,0,0,1,0,0,0,0,0,1,0,0,0,1,0,0,0,1
08/21/2023,IFP,AZ,AWP,WE,Federal Contract Tower,0,0,2,0,2,0,3,3,0,6,0,3,5,0,8,0,0,0,8
08/22/2023,IFP,AZ,AWP,WE,Federal Contract Tower,1,0,3,0,4,0,2,26,0,28,1,2,29,0,32,6,0,6,38
08/23/2023,IFP,AZ,AWP,WE,Federal Contract Tower,2,0,1,1,4,0,10,23,0,33,2,10,24,1,37,12,0,12,49
08/24/2023,IFP,AZ,AWP,WE,Federal Contract Tower,1,1,1,0,3,0,0,15,0,15,1,1,16,0,18,12,0,12,30
08/25/2023,IFP,AZ,AWP,WE,Federal Contract Tower,2,2,3,0,7,0,5,21,0,26,2,7,24,0,33,8,0,8,41
08/26/2023,IFP,AZ,AWP,WE,Federal Contract Tower,2,0,3,0,5,0,0,25,0,25,2,0,28,0,30,24,0,24,54
08/27/2023,IFP,AZ,AWP,WE,Federal Contract Tower,1,0,0,0,1,0,5,12,4,21,1,5,12,4,22,10,0,10,32
08/28/2023,IFP,AZ,AWP,WE,Federal Contract Tower,1,0,3,0,4,0,3,15,2,20,1,3,18,2,24,12,18,30,54
08/29/2023,IFP,AZ,AWP,WE,Federal Contract Tower,2,0,3,0,5,0,6,10,0,16,2,6,13,0,21,14,0,14,35
08/30/2023,IFP,AZ,AWP,WE,Federal Contract Tower,1,1,3,0,5,0,2,10,2,14,1,3,13,2,19,0,0,0,19
08/31/2023,IFP,AZ,AWP,WE,Federal Contract Tower,1,0,2,0,3,0,2,10,0,12,1,2,12,0,15,0,0,0,15
