01/01/2000,ILG,DE,AEA,EN,Towers with Display (VFR),0,1,21,0,22,0,0,0,0,0,0,1,21,0,22,12,0,12,34
01/02/2000,ILG,DE,AEA,EN,Towers with Display (VFR),0,21,59,1,81,0,0,91,0,91,0,21,150,1,172,154,2,156,328
01/03/2000,ILG,DE,AEA,EN,Towers with Display (VFR),0,23,54,5,82,0,11,53,3,67,0,34,107,8,149,206,2,208,357
01/04/2000,ILG,DE,AEA,EN,Towers with Display (VFR),0,26,61,6,93,0,2,2,0,4,0,28,63,6,97,24,0,24,121
01/05/2000,ILG,DE,AEA,EN,Towers with Display (VFR),0,21,51,5,77,0,7,64,9,80,0,28,115,14,157,70,6,76,233
01/06/2000,ILG,DE,AEA,EN,Towers with Display (VFR),0,32,81,8,121,0,0,117,4,121,0,32,198,12,242,196,4,200,442
01/07/2000,ILG,DE,AEA,EN,Towers with Display (VFR),0,22,52,5,79,0,7,79,2,88,0,29,131,7,167,122,2,124,291
01/08/2000,ILG,DE,AEA,EN,Towers with Display (VFR),0,9,59,6,74,0,0,191,0,191,0,9,250,6,265,198,16,214,479
01/09/2000,ILG,DE,AEA,EN,Towers with Display (VFR),0,24,78,8,110,0,0,74,6,80,0,24,152,14,190,230,8,238,428
01/10/2000,ILG,DE,AEA,EN,Towers with Display (VFR),0,21,35,1,57,0,12,0,0,12,0,33,35,1,69,16,0,16,85
01/11/2000,ILG,DE,AEA,EN,Towers with Display (VFR),0,21,48,6,75,0,17,53,3,73,0,38,101,9,148,52,18,70,218
01/12/2000,ILG,DE,AEA,EN,Towers with Display (VFR),0,28,106,12,146,3,0,88,20,111,3,28,194,32,257,158,26,184,441
01/13/2000,ILG,DE,AEA,EN,Towers with Display (VFR),0,35,78,9,122,0,6,6,14,26,0,41,84,23,148,66,4,70,218
01/14/2000,ILG,DE,AEA,EN,Towers with Display (VFR),0,31,73,8,112,0,0,46,1,47,0,31,119,9,159,90,10,100,259
01/15/2000,ILG,DE,AEA,EN,Towers with Display (VFR),0,10,54,3,67,0,0,120,0,120,0,10,174,3,187,310,14,324,511
01/16/2000,ILG,DE,AEA,EN,Towers with Display (VFR),0,21,47,3,71,0,0,80,0,80,0,21,127,3,151,290,8,298,449
01/17/2000,ILG,DE,AEA,EN,Towers with Display (VFR),0,21,46,0,67,2,3,37,0,42,2,24,83,0,109,10,0,10,119
01/18/2000,ILG,DE,AEA,EN,Towers with Display (VFR),0,30,69,8,107,1,2,70,12,85,1,32,139,20,192,170,42,212,404
01/19/2000,ILG,DE,AEA,EN,Towers with Display (VFR),0,26,82,9,117,0,0,108,0,108,0,26,190,9,225,216,20,236,461
01/20/2000,ILG,DE,AEA,EN,Towers with Display (VFR),0,20,41,0,61,0,8,0,0,8,0,28,41,0,69,0,0,0,69
01/21/2000,ILG,DE,AEA,EN,Towers with Display (VFR),0,19,43,2,64,0,4,5,0,9,0,23,48,2,73,24,4,28,101
01/22/2000,ILG,DE,AEA,EN,Towers with Display (VFR),0,18,42,2,62,0,5,23,0,28,0,23,65,2,90,138,2,140,230
01/23/2000,ILG,DE,AEA,EN,Towers with Display (VFR),0,24,35,6,65,0,5,0,0,5,0,29,35,6,70,64,22,86,156
01/24/2000,ILG,DE,AEA,EN,Towers with Display (VFR),0,25,65,1,91,0,0,34,0,34,0,25,99,1,125,118,8,126,251
01/25/2000,ILG,DE,AEA,EN,Towers with Display (VFR),0,1,6,0,7,0,0,1,0,1,0,1,7,0,8,0,0,0,8
01/26/2000,ILG,DE,AEA,EN,Towers with Display (VFR),0,29,65,1,95,5,6,24,0,35,5,35,89,1,130,64,0,64,194
01/27/2000,ILG,DE,AEA,EN,Towers with Display (VFR),0,23,52,5,80,0,7,19,2,28,0,30,71,7,108,28,18,46,154
01/28/2000,ILG,DE,AEA,EN,Towers with Display (VFR),0,21,50,5,76,0,6,28,10,44,0,27,78,15,120,56,8,64,184
01/29/2000,ILG,DE,AEA,EN,Towers with Display (VFR),0,14,40,0,54,0,0,102,0,102,0,14,142,0,156,192,0,192,348
01/30/2000,ILG,DE,AEA,EN,Towers with Display (VFR),0,6,15,0,21,0,8,11,0,19,0,14,26,0,40,60,0,60,100
01/31/2000,ILG,DE,AEA,EN,Towers with Display (VFR),0,22,52,3,77,0,7,20,0,27,0,29,72,3,104,66,2,68,172
02/01/2000,ILG,DE,AEA,EN,Towers with Display (VFR),1,20,88,13,122,0,19,4,10,33,1,39,92,23,155,154,74,228,383
02/02/2000,ILG,DE,AEA,EN,Towers with Display (VFR),0,20,73,14,107,0,13,0,6,19,0,33,73,20,126,146,52,198,324
02/03/2000,ILG,DE,AEA,EN,Towers with Display (VFR),0,18,81,9,108,0,14,21,0,35,0,32,102,9,143,98,12,110,253
02/04/2000,ILG,DE,AEA,EN,Towers with Display (VFR),0,18,59,14,91,0,5,0,1,6,0,23,59,15,97,14,41,55,152
02/05/2000,ILG,DE,AEA,EN,Towers with Display (VFR),0,11,44,1,56,0,8,91,0,99,0,19,135,1,155,263,0,263,418
02/06/2000,ILG,DE,AEA,EN,Towers with Display (VFR),0,15,66,11,92,0,11,101,3,115,0,26,167,14,207,266,54,320,527
02/07/2000,ILG,DE,AEA,EN,Towers with Display (VFR),0,18,78,0,96,1,14,51,0,66,1,32,129,0,162,182,16,198,360
02/08/2000,ILG,DE,AEA,EN,Towers with Display (VFR),0,19,81,13,113,0,16,56,10,82,0,35,137,23,195,144,54,198,393
02/09/2000,ILG,DE,AEA,EN,Towers with Display (VFR),0,23,97,16,136,0,25,94,12,131,0,48,191,28,267,122,18,140,407
02/10/2000,ILG,DE,AEA,EN,Towers with Display (VFR),0,22,97,15,134,1,4,73,0,78,1,26,170,15,212,228,52,280,492
02/11/2000,ILG,DE,AEA,EN,Towers with Display (VFR),0,23,98,5,126,0,10,36,0,46,0,33,134,5,172,102,0,102,274
02/12/2000,ILG,DE,AEA,EN,Towers with Display (VFR),0,12,55,9,76,0,0,83,6,89,0,12,138,15,165,268,36,304,469
02/13/2000,ILG,DE,AEA,EN,Towers with Display (VFR),0,2,56,8,66,0,0,45,0,45,0,2,101,8,111,150,18,168,279
02/14/2000,ILG,DE,AEA,EN,Towers with Display (VFR),0,6,47,2,55,0,0,34,0,34,0,6,81,2,89,60,6,66,155
02/15/2000,ILG,DE,AEA,EN,Towers with Display (VFR),0,6,84,14,104,0,0,103,1,104,0,6,187,15,208,212,24,236,444
02/16/2000,ILG,DE,AEA,EN,Towers with Display (VFR),0,11,69,11,91,0,0,86,8,94,0,11,155,19,185,124,70,194,379
02/17/2000,ILG,DE,AEA,EN,Towers with Display (VFR),0,12,95,12,119,0,0,141,0,141,0,12,236,12,260,196,6,202,462
02/18/2000,ILG,DE,AEA,EN,Towers with Display (VFR),0,4,31,1,36,0,0,9,0,9,0,4,40,1,45,0,0,0,45
02/19/2000,ILG,DE,AEA,EN,Towers with Display (VFR),0,0,26,3,29,0,0,11,6,17,0,0,37,9,46,38,6,44,90
02/20/2000,ILG,DE,AEA,EN,Towers with Display (VFR),0,3,42,1,46,0,0,98,0,98,0,3,140,1,144,220,4,224,368
02/21/2000,ILG,DE,AEA,EN,Towers with Display (VFR),0,10,55,1,66,0,0,138,0,138,0,10,193,1,204,168,0,168,372
02/22/2000,ILG,DE,AEA,EN,Towers with Display (VFR),0,9,65,9,83,0,0,141,7,148,0,9,206,16,231,184,10,194,425
02/23/2000,ILG,DE,AEA,EN,Towers with Display (VFR),0,18,79,9,106,0,5,148,0,153,0,23,227,9,259,192,0,192,451
02/24/2000,ILG,DE,AEA,EN,Towers with Display (VFR),0,8,65,6,79,0,0,159,0,159,0,8,224,6,238,134,4,138,376
02/25/2000,ILG,DE,AEA,EN,Towers with Display (VFR),0,17,84,6,107,1,0,110,0,111,1,17,194,6,218,166,18,184,402
02/26/2000,ILG,DE,AEA,EN,Towers with Display (VFR),0,3,52,0,55,0,0,0,0,0,0,3,52,0,55,88,0,88,143
02/27/2000,ILG,DE,AEA,EN,Towers with Display (VFR),0,4,36,2,42,0,0,12,0,12,0,4,48,2,54,40,0,40,94
02/28/2000,ILG,DE,AEA,EN,Towers with Display (VFR),0,8,67,3,78,0,0,39,0,39,0,8,106,3,117,98,0,98,215
02/29/2000,ILG,DE,AEA,EN,Towers with Display (VFR),0,13,82,12,107,0,0,112,6,118,0,13,194,18,225,346,16,362,587
03/01/2000,ILG,DE,AEA,EN,Towers with Display (VFR),0,9,86,7,102,0,11,62,7,80,0,20,148,14,182,208,10,218,400
03/02/2000,ILG,DE,AEA,EN,Towers with Display (VFR),0,9,78,2,89,0,0,60,0,60,0,9,138,2,149,40,8,48,197
03/03/2000,ILG,DE,AEA,EN,Towers with Display (VFR),0,5,56,4,65,0,0,84,1,85,0,5,140,5,150,186,2,188,338
03/04/2000,ILG,DE,AEA,EN,Towers with Display (VFR),0,2,53,4,59,0,0,188,0,188,0,2,241,4,247,330,0,330,577
03/05/2000,ILG,DE,AEA,EN,Towers with Display (VFR),0,1,43,3,47,0,0,135,0,135,0,1,178,3,182,174,14,188,370
03/06/2000,ILG,DE,AEA,EN,Towers with Display (VFR),0,6,72,2,80,0,0,100,0,100,0,6,172,2,180,216,12,228,408
03/07/2000,ILG,DE,AEA,EN,Towers with Display (VFR),0,10,82,8,100,2,1,149,3,155,2,11,231,11,255,278,16,294,549
03/08/2000,ILG,DE,AEA,EN,Towers with Display (VFR),0,8,66,6,80,0,0,133,12,145,0,8,199,18,225,362,0,362,587
03/09/2000,ILG,DE,AEA,EN,Towers with Display (VFR),0,9,66,6,81,0,0,83,3,86,0,9,149,9,167,242,14,256,423
03/10/2000,ILG,DE,AEA,EN,Towers with Display (VFR),0,10,83,8,101,0,4,108,1,113,0,14,191,9,214,190,2,192,406
03/11/2000,ILG,DE,AEA,EN,Towers with Display (VFR),0,4,28,2,34,0,0,0,0,0,0,4,28,2,34,18,0,18,52
03/12/2000,ILG,DE,AEA,EN,Towers with Display (VFR),0,4,36,1,41,0,2,57,0,59,0,6,93,1,100,138,0,138,238
03/13/2000,ILG,DE,AEA,EN,Towers with Display (VFR),0,6,78,6,90,0,0,111,0,111,0,6,189,6,201,312,30,342,543
03/14/2000,ILG,DE,AEA,EN,Towers with Display (VFR),0,8,66,6,80,0,3,139,9,151,0,11,205,15,231,156,6,162,393
03/15/2000,ILG,DE,AEA,EN,Towers with Display (VFR),0,9,72,7,88,0,2,88,20,110,0,11,160,27,198,134,24,158,356
03/16/2000,ILG,DE,AEA,EN,Towers with Display (VFR),0,9,85,5,99,2,0,43,0,45,2,9,128,5,144,220,2,222,366
03/17/2000,ILG,DE,AEA,EN,Towers with Display (VFR),0,6,49,5,60,0,4,34,7,45,0,10,83,12,105,32,0,32,137
03/18/2000,ILG,DE,AEA,EN,Towers with Display (VFR),0,3,39,4,46,0,0,183,5,188,0,3,222,9,234,138,6,144,378
03/19/2000,ILG,DE,AEA,EN,Towers with Display (VFR),0,8,66,6,80,0,8,136,2,146,0,16,202,8,226,406,24,430,656
03/20/2000,ILG,DE,AEA,EN,Towers with Display (VFR),0,9,80,3,92,0,4,83,0,87,0,13,163,3,179,168,0,168,347
03/21/2000,ILG,DE,AEA,EN,Towers with Display (VFR),0,8,52,0,60,0,10,0,0,10,0,18,52,0,70,10,0,10,80
03/22/2000,ILG,DE,AEA,EN,Towers with Display (VFR),0,11,88,4,103,0,4,20,0,24,0,15,108,4,127,114,0,114,241
03/23/2000,ILG,DE,AEA,EN,Towers with Display (VFR),0,7,119,10,136,0,0,92,6,98,0,7,211,16,234,262,26,288,522
03/24/2000,ILG,DE,AEA,EN,Towers with Display (VFR),0,9,85,7,101,0,0,150,2,152,0,9,235,9,253,342,2,344,597
03/25/2000,ILG,DE,AEA,EN,Towers with Display (VFR),0,0,49,0,49,0,0,152,0,152,0,0,201,0,201,382,2,384,585
03/26/2000,ILG,DE,AEA,EN,Towers with Display (VFR),0,6,57,3,66,0,0,105,0,105,0,6,162,3,171,88,0,88,259
03/27/2000,ILG,DE,AEA,EN,Towers with Display (VFR),0,6,46,3,55,1,7,92,0,100,1,13,138,3,155,254,18,272,427
03/28/2000,ILG,DE,AEA,EN,Towers with Display (VFR),0,10,78,6,94,0,1,10,10,21,0,11,88,16,115,172,0,172,287
03/29/2000,ILG,DE,AEA,EN,Towers with Display (VFR),0,14,118,10,142,0,6,18,12,36,0,20,136,22,178,146,40,186,364
03/30/2000,ILG,DE,AEA,EN,Towers with Display (VFR),0,10,86,7,103,0,0,96,5,101,0,10,182,12,204,240,16,256,460
03/31/2000,ILG,DE,AEA,EN,Towers with Display (VFR),0,9,68,5,82,0,0,150,1,151,0,9,218,6,233,310,70,380,613
04/01/2000,ILG,DE,AEA,EN,Towers with Display (VFR),0,4,65,4,73,0,1,181,5,187,0,5,246,9,260,410,14,424,684
04/02/2000,ILG,DE,AEA,EN,Towers with Display (VFR),0,4,71,5,80,0,4,60,10,74,0,8,131,15,154,154,26,180,334
04/03/2000,ILG,DE,AEA,EN,Towers with Display (VFR),0,7,102,0,109,0,1,0,0,1,0,8,102,0,110,174,8,182,292
04/04/2000,ILG,DE,AEA,EN,Towers with Display (VFR),0,7,100,6,113,0,0,7,0,7,0,7,107,6,120,122,4,126,246
04/05/2000,ILG,DE,AEA,EN,Towers with Display (VFR),0,9,106,8,123,0,4,25,7,36,0,13,131,15,159,162,4,166,325
04/06/2000,ILG,DE,AEA,EN,Towers with Display (VFR),0,6,72,6,84,0,0,68,12,80,0,6,140,18,164,186,14,200,364
04/07/2000,ILG,DE,AEA,EN,Towers with Display (VFR),0,7,92,6,105,0,0,172,0,172,0,7,264,6,277,258,20,278,555
04/08/2000,ILG,DE,AEA,EN,Towers with Display (VFR),0,2,45,0,47,0,0,32,0,32,0,2,77,0,79,34,2,36,115
04/09/2000,ILG,DE,AEA,EN,Towers with Display (VFR),0,3,33,3,39,0,3,0,2,5,0,6,33,5,44,16,0,16,60
04/10/2000,ILG,DE,AEA,EN,Towers with Display (VFR),0,4,57,5,66,0,13,54,2,69,0,17,111,7,135,100,6,106,241
04/11/2000,ILG,DE,AEA,EN,Towers with Display (VFR),0,6,81,7,94,0,2,35,7,44,0,8,116,14,138,168,26,194,332
04/12/2000,ILG,DE,AEA,EN,Towers with Display (VFR),0,7,79,6,92,0,5,51,18,74,0,12,130,24,166,76,16,92,258
04/13/2000,ILG,DE,AEA,EN,Towers with Display (VFR),0,6,76,6,88,0,5,120,7,132,0,11,196,13,220,294,30,324,544
04/14/2000,ILG,DE,AEA,EN,Towers with Display (VFR),0,8,109,9,126,2,0,125,3,130,2,8,234,12,256,232,6,238,494
04/15/2000,ILG,DE,AEA,EN,Towers with Display (VFR),0,1,30,2,33,0,0,0,0,0,0,1,30,2,33,10,0,10,43
04/16/2000,ILG,DE,AEA,EN,Towers with Display (VFR),0,4,58,1,63,0,0,55,0,55,0,4,113,1,118,166,0,166,284
04/17/2000,ILG,DE,AEA,EN,Towers with Display (VFR),0,4,49,3,56,0,0,0,0,0,0,4,49,3,56,16,0,16,72
04/18/2000,ILG,DE,AEA,EN,Towers with Display (VFR),0,4,78,1,83,0,0,21,0,21,0,4,99,1,104,24,0,24,128
04/19/2000,ILG,DE,AEA,EN,Towers with Display (VFR),0,4,119,8,131,0,0,56,12,68,0,4,175,20,199,136,26,162,361
04/20/2000,ILG,DE,AEA,EN,Towers with Display (VFR),0,7,87,6,100,0,1,105,12,118,0,8,192,18,218,166,8,174,392
04/21/2000,ILG,DE,AEA,EN,Towers with Display (VFR),0,2,39,2,43,0,0,0,2,2,0,2,39,4,45,0,0,0,45
04/22/2000,ILG,DE,AEA,EN,Towers with Display (VFR),0,3,59,0,62,0,0,0,0,0,0,3,59,0,62,80,2,82,144
04/23/2000,ILG,DE,AEA,EN,Towers with Display (VFR),0,2,30,0,32,0,3,20,0,23,0,5,50,0,55,78,0,78,133
04/24/2000,ILG,DE,AEA,EN,Towers with Display (VFR),0,5,64,2,71,0,3,143,0,146,0,8,207,2,217,306,0,306,523
04/25/2000,ILG,DE,AEA,EN,Towers with Display (VFR),0,7,85,6,98,0,1,0,12,13,0,8,85,18,111,94,16,110,221
04/26/2000,ILG,DE,AEA,EN,Towers with Display (VFR),0,7,81,5,93,0,1,78,16,95,0,8,159,21,188,256,60,316,504
04/27/2000,ILG,DE,AEA,EN,Towers with Display (VFR),0,10,93,9,112,0,6,0,3,9,0,16,93,12,121,44,20,64,185
04/28/2000,ILG,DE,AEA,EN,Towers with Display (VFR),0,8,98,2,108,0,0,95,0,95,0,8,193,2,203,264,0,264,467
04/29/2000,ILG,DE,AEA,EN,Towers with Display (VFR),0,1,61,3,65,0,0,153,0,153,0,1,214,3,218,238,0,238,456
04/30/2000,ILG,DE,AEA,EN,Towers with Display (VFR),0,4,66,1,71,0,0,110,0,110,0,4,176,1,181,182,6,188,369
05/01/2000,ILG,DE,AEA,EN,Towers with Display (VFR),1,6,71,2,80,1,2,100,0,103,2,8,171,2,183,190,6,196,379
05/02/2000,ILG,DE,AEA,EN,Towers with Display (VFR),1,12,126,12,151,1,11,8,0,20,2,23,134,12,171,168,26,194,365
05/03/2000,ILG,DE,AEA,EN,Towers with Display (VFR),0,8,100,11,119,0,0,115,17,132,0,8,215,28,251,258,36,294,545
05/04/2000,ILG,DE,AEA,EN,Towers with Display (VFR),0,8,81,8,97,0,5,120,0,125,0,13,201,8,222,186,0,186,408
05/05/2000,ILG,DE,AEA,EN,Towers with Display (VFR),0,7,84,8,99,0,0,176,0,176,0,7,260,8,275,306,0,306,581
05/06/2000,ILG,DE,AEA,EN,Towers with Display (VFR),0,1,42,5,48,0,0,144,1,145,0,1,186,6,193,240,6,246,439
05/07/2000,ILG,DE,AEA,EN,Towers with Display (VFR),0,6,67,8,81,0,0,105,2,107,0,6,172,10,188,186,84,270,458
05/08/2000,ILG,DE,AEA,EN,Towers with Display (VFR),0,5,79,5,89,0,0,56,0,56,0,5,135,5,145,204,0,204,349
05/09/2000,ILG,DE,AEA,EN,Towers with Display (VFR),0,7,80,9,96,0,0,74,4,78,0,7,154,13,174,134,4,138,312
05/10/2000,ILG,DE,AEA,EN,Towers with Display (VFR),0,7,74,9,90,0,7,56,0,63,0,14,130,9,153,208,0,208,361
05/11/2000,ILG,DE,AEA,EN,Towers with Display (VFR),0,6,81,5,92,0,0,143,0,143,0,6,224,5,235,196,6,202,437
05/12/2000,ILG,DE,AEA,EN,Towers with Display (VFR),0,7,102,7,116,0,0,130,0,130,0,7,232,7,246,282,0,282,528
05/13/2000,ILG,DE,AEA,EN,Towers with Display (VFR),0,1,52,6,59,0,0,99,0,99,0,1,151,6,158,216,12,228,386
05/14/2000,ILG,DE,AEA,EN,Towers with Display (VFR),0,1,33,3,37,0,0,125,0,125,0,1,158,3,162,154,2,156,318
05/15/2000,ILG,DE,AEA,EN,Towers with Display (VFR),0,8,77,3,88,2,1,93,0,96,2,9,170,3,184,164,4,168,352
05/16/2000,ILG,DE,AEA,EN,Towers with Display (VFR),0,7,72,6,85,0,4,112,0,116,0,11,184,6,201,174,30,204,405
05/17/2000,ILG,DE,AEA,EN,Towers with Display (VFR),0,6,58,6,70,0,3,108,1,112,0,9,166,7,182,244,22,266,448
05/18/2000,ILG,DE,AEA,EN,Towers with Display (VFR),0,7,75,8,90,0,5,31,0,36,0,12,106,8,126,148,14,162,288
05/19/2000,ILG,DE,AEA,EN,Towers with Display (VFR),0,6,53,3,62,0,9,0,0,9,0,15,53,3,71,28,18,46,117
05/20/2000,ILG,DE,AEA,EN,Towers with Display (VFR),0,3,53,3,59,0,0,0,0,0,0,3,53,3,59,22,0,22,81
05/21/2000,ILG,DE,AEA,EN,Towers with Display (VFR),0,7,60,7,74,0,3,0,0,3,0,10,60,7,77,26,76,102,179
05/22/2000,ILG,DE,AEA,EN,Towers with Display (VFR),0,7,57,2,66,0,14,0,0,14,0,21,57,2,80,10,10,20,100
05/23/2000,ILG,DE,AEA,EN,Towers with Display (VFR),0,7,77,7,91,0,0,7,0,7,0,7,84,7,98,32,12,44,142
05/24/2000,ILG,DE,AEA,EN,Towers with Display (VFR),0,8,101,12,121,0,0,54,17,71,0,8,155,29,192,166,60,226,418
05/25/2000,ILG,DE,AEA,EN,Towers with Display (VFR),0,10,114,13,137,0,2,89,2,93,0,12,203,15,230,238,30,268,498
05/26/2000,ILG,DE,AEA,EN,Towers with Display (VFR),0,3,79,8,90,0,0,151,0,151,0,3,230,8,241,350,2,352,593
05/27/2000,ILG,DE,AEA,EN,Towers with Display (VFR),0,0,58,0,58,0,0,55,0,55,0,0,113,0,113,236,0,236,349
05/28/2000,ILG,DE,AEA,EN,Towers with Display (VFR),0,1,29,0,30,0,0,64,0,64,0,1,93,0,94,218,0,218,312
05/29/2000,ILG,DE,AEA,EN,Towers with Display (VFR),0,3,52,0,55,0,0,51,0,51,0,3,103,0,106,118,0,118,224
05/30/2000,ILG,DE,AEA,EN,Towers with Display (VFR),0,7,83,10,100,1,1,83,2,87,1,8,166,12,187,246,40,286,473
05/31/2000,ILG,DE,AEA,EN,Towers with Display (VFR),0,6,110,12,128,0,0,133,6,139,0,6,243,18,267,224,0,224,491
06/01/2000,ILG,DE,AEA,EN,Towers with Display (VFR),0,8,121,17,146,0,0,117,2,119,0,8,238,19,265,234,40,274,539
06/02/2000,ILG,DE,AEA,EN,Towers with Display (VFR),0,10,113,15,138,0,1,55,0,56,0,11,168,15,194,288,16,304,498
06/03/2000,ILG,DE,AEA,EN,Towers with Display (VFR),0,3,42,6,51,0,0,104,1,105,0,3,146,7,156,262,16,278,434
06/04/2000,ILG,DE,AEA,EN,Towers with Display (VFR),0,5,72,9,86,0,0,196,0,196,0,5,268,9,282,282,0,282,564
06/05/2000,ILG,DE,AEA,EN,Towers with Display (VFR),0,10,106,11,127,0,0,71,0,71,0,10,177,11,198,204,80,284,482
06/06/2000,ILG,DE,AEA,EN,Towers with Display (VFR),0,4,153,21,178,0,0,6,0,6,0,4,159,21,184,22,16,38,222
06/07/2000,ILG,DE,AEA,EN,Towers with Display (VFR),0,10,98,14,122,0,4,91,8,103,0,14,189,22,225,208,12,220,445
06/08/2000,ILG,DE,AEA,EN,Towers with Display (VFR),0,9,123,17,149,0,0,114,4,118,0,9,237,21,267,174,36,210,477
06/09/2000,ILG,DE,AEA,EN,Towers with Display (VFR),0,9,86,9,104,0,2,170,0,172,0,11,256,9,276,342,2,344,620
06/10/2000,ILG,DE,AEA,EN,Towers with Display (VFR),0,0,36,0,36,0,0,121,0,121,0,0,157,0,157,214,0,214,371
06/11/2000,ILG,DE,AEA,EN,Towers with Display (VFR),0,6,55,4,65,0,0,101,0,101,0,6,156,4,166,112,0,112,278
06/12/2000,ILG,DE,AEA,EN,Towers with Display (VFR),0,8,76,4,88,0,1,47,0,48,0,9,123,4,136,224,8,232,368
06/13/2000,ILG,DE,AEA,EN,Towers with Display (VFR),0,4,72,8,84,0,0,5,0,5,0,4,77,8,89,8,0,8,97
06/14/2000,ILG,DE,AEA,EN,Towers with Display (VFR),0,8,75,12,95,0,0,0,1,1,0,8,75,13,96,6,6,12,108
06/15/2000,ILG,DE,AEA,EN,Towers with Display (VFR),0,10,99,14,123,0,3,0,5,8,0,13,99,19,131,48,72,120,251
06/16/2000,ILG,DE,AEA,EN,Towers with Display (VFR),0,6,107,12,125,4,0,126,0,130,4,6,233,12,255,332,10,342,597
06/17/2000,ILG,DE,AEA,EN,Towers with Display (VFR),0,2,39,5,46,4,0,100,1,105,4,2,139,6,151,308,22,330,481
06/18/2000,ILG,DE,AEA,EN,Towers with Display (VFR),0,5,54,6,65,0,0,28,2,30,0,5,82,8,95,136,12,148,243
06/19/2000,ILG,DE,AEA,EN,Towers with Display (VFR),0,9,101,13,123,0,4,89,0,93,0,13,190,13,216,434,28,462,678
06/20/2000,ILG,DE,AEA,EN,Towers with Display (VFR),0,10,112,15,137,0,3,157,4,164,0,13,269,19,301,448,24,472,773
06/21/2000,ILG,DE,AEA,EN,Towers with Display (VFR),0,7,97,13,117,0,0,100,3,103,0,7,197,16,220,142,10,152,372
06/22/2000,ILG,DE,AEA,EN,Towers with Display (VFR),0,9,95,13,117,0,12,73,2,87,0,21,168,15,204,224,8,232,436
06/23/2000,ILG,DE,AEA,EN,Towers with Display (VFR),0,7,81,10,98,0,5,186,0,191,0,12,267,10,289,408,24,432,721
06/24/2000,ILG,DE,AEA,EN,Towers with Display (VFR),0,3,34,4,41,2,0,153,0,155,2,3,187,4,196,308,16,324,520
06/25/2000,ILG,DE,AEA,EN,Towers with Display (VFR),0,6,69,9,84,0,6,148,2,156,0,12,217,11,240,332,10,342,582
06/26/2000,ILG,DE,AEA,EN,Towers with Display (VFR),0,5,64,4,73,0,6,68,0,74,0,11,132,4,147,214,48,262,409
06/27/2000,ILG,DE,AEA,EN,Towers with Display (VFR),0,7,77,11,95,0,12,62,6,80,0,19,139,17,175,220,16,236,411
06/28/2000,ILG,DE,AEA,EN,Towers with Display (VFR),0,6,111,15,132,0,0,57,2,59,0,6,168,17,191,272,18,290,481
06/29/2000,ILG,DE,AEA,EN,Towers with Display (VFR),0,8,90,13,111,0,4,42,7,53,0,12,132,20,164,232,46,278,442
06/30/2000,ILG,DE,AEA,EN,Towers with Display (VFR),0,5,67,4,76,0,0,192,0,192,0,5,259,4,268,428,46,474,742
07/01/2000,ILG,DE,AEA,EN,Towers with Display (VFR),0,4,57,0,61,0,0,191,0,191,0,4,248,0,252,344,0,344,596
07/02/2000,ILG,DE,AEA,EN,Towers with Display (VFR),0,2,31,1,34,0,0,127,0,127,0,2,158,1,161,182,0,182,343
07/03/2000,ILG,DE,AEA,EN,Towers with Display (VFR),0,3,32,0,35,0,2,92,0,94,0,5,124,0,129,250,0,250,379
07/04/2000,ILG,DE,AEA,EN,Towers with Display (VFR),0,3,37,0,40,0,0,81,0,81,0,3,118,0,121,148,0,148,269
07/05/2000,ILG,DE,AEA,EN,Towers with Display (VFR),0,14,120,10,144,0,4,147,2,153,0,18,267,12,297,210,16,226,523
07/06/2000,ILG,DE,AEA,EN,Towers with Display (VFR),0,10,89,8,107,0,8,187,0,195,0,18,276,8,302,244,2,246,548
07/07/2000,ILG,DE,AEA,EN,Towers with Display (VFR),0,10,92,5,107,0,2,161,0,163,0,12,253,5,270,226,8,234,504
07/08/2000,ILG,DE,AEA,EN,Towers with Display (VFR),0,2,39,2,43,0,0,138,0,138,0,2,177,2,181,256,0,256,437
07/09/2000,ILG,DE,AEA,EN,Towers with Display (VFR),0,4,60,1,65,0,0,141,0,141,0,4,201,1,206,198,8,206,412
07/10/2000,ILG,DE,AEA,EN,Towers with Display (VFR),0,9,69,3,81,0,5,77,0,82,0,14,146,3,163,228,0,228,391
07/11/2000,ILG,DE,AEA,EN,Towers with Display (VFR),0,15,119,11,145,0,8,157,5,170,0,23,276,16,315,304,24,328,643
07/12/2000,ILG,DE,AEA,EN,Towers with Display (VFR),0,10,87,9,106,6,9,158,3,176,6,19,245,12,282,280,14,294,576
07/13/2000,ILG,DE,AEA,EN,Towers with Display (VFR),0,12,95,9,116,0,8,121,21,150,0,20,216,30,266,206,58,264,530
07/14/2000,ILG,DE,AEA,EN,Towers with Display (VFR),0,8,64,6,78,0,10,52,0,62,0,18,116,6,140,96,0,96,236
07/15/2000,ILG,DE,AEA,EN,Towers with Display (VFR),0,5,60,0,65,0,0,4,0,4,0,5,64,0,69,56,0,56,125
07/16/2000,ILG,DE,AEA,EN,Towers with Display (VFR),0,3,63,2,68,0,0,19,0,19,0,3,82,2,87,8,0,8,95
07/17/2000,ILG,DE,AEA,EN,Towers with Display (VFR),0,9,128,0,137,0,0,30,0,30,0,9,158,0,167,166,8,174,341
07/18/2000,ILG,DE,AEA,EN,Towers with Display (VFR),0,9,90,9,108,0,0,107,2,109,0,9,197,11,217,232,24,256,473
07/19/2000,ILG,DE,AEA,EN,Towers with Display (VFR),0,8,77,8,93,0,0,43,1,44,0,8,120,9,137,88,36,124,261
07/20/2000,ILG,DE,AEA,EN,Towers with Display (VFR),0,10,91,9,110,2,0,202,9,213,2,10,293,18,323,344,16,360,683
07/21/2000,ILG,DE,AEA,EN,Towers with Display (VFR),0,5,67,6,78,0,0,173,0,173,0,5,240,6,251,410,6,416,667
07/22/2000,ILG,DE,AEA,EN,Towers with Display (VFR),0,0,41,3,44,0,0,184,0,184,0,0,225,3,228,280,20,300,528
07/23/2000,ILG,DE,AEA,EN,Towers with Display (VFR),0,6,54,3,63,0,0,179,0,179,0,6,233,3,242,310,2,312,554
07/24/2000,ILG,DE,AEA,EN,Towers with Display (VFR),0,9,77,1,87,0,3,68,0,71,0,12,145,1,158,278,0,278,436
07/25/2000,ILG,DE,AEA,EN,Towers with Display (VFR),0,9,86,7,102,0,0,97,16,113,0,9,183,23,215,132,36,168,383
07/26/2000,ILG,DE,AEA,EN,Towers with Display (VFR),0,10,83,4,97,0,0,1,0,1,0,10,84,4,98,2,0,2,100
07/27/2000,ILG,DE,AEA,EN,Towers with Display (VFR),0,11,88,8,107,0,2,6,12,20,0,13,94,20,127,44,4,48,175
07/28/2000,ILG,DE,AEA,EN,Towers with Display (VFR),0,8,82,7,97,0,0,151,2,153,0,8,233,9,250,262,8,270,520
07/29/2000,ILG,DE,AEA,EN,Towers with Display (VFR),0,4,35,1,40,0,0,100,0,100,0,4,135,1,140,248,2,250,390
07/30/2000,ILG,DE,AEA,EN,Towers with Display (VFR),0,6,53,4,63,0,0,109,0,109,0,6,162,4,172,238,0,238,410
07/31/2000,ILG,DE,AEA,EN,Towers with Display (VFR),0,7,69,6,82,0,0,96,3,99,0,7,165,9,181,348,6,354,535
08/01/2000,ILG,DE,AEA,EN,Towers with Display (VFR),0,8,59,5,72,0,10,78,0,88,0,18,137,5,160,232,0,232,392
08/02/2000,ILG,DE,AEA,EN,Towers with Display (VFR),0,11,77,9,97,0,12,140,5,157,0,23,217,14,254,292,6,298,552
08/03/2000,ILG,DE,AEA,EN,Towers with Display (VFR),1,12,81,9,103,4,3,74,4,85,5,15,155,13,188,122,12,134,322
08/04/2000,ILG,DE,AEA,EN,Towers with Display (VFR),0,7,52,6,65,0,4,91,6,101,0,11,143,12,166,92,4,96,262
08/05/2000,ILG,DE,AEA,EN,Towers with Display (VFR),0,6,82,7,95,0,0,187,0,187,0,6,269,7,282,298,0,298,580
08/06/2000,ILG,DE,AEA,EN,Towers with Display (VFR),0,2,36,4,42,0,0,75,2,77,0,2,111,6,119,84,0,84,203
08/07/2000,ILG,DE,AEA,EN,Towers with Display (VFR),0,8,60,0,68,0,0,52,0,52,0,8,112,0,120,194,0,194,314
08/08/2000,ILG,DE,AEA,EN,Towers with Display (VFR),0,11,99,12,122,0,0,98,5,103,0,11,197,17,225,294,36,330,555
08/09/2000,ILG,DE,AEA,EN,Towers with Display (VFR),1,13,82,8,104,1,5,71,0,77,2,18,153,8,181,168,20,188,369
08/10/2000,ILG,DE,AEA,EN,Towers with Display (VFR),1,22,137,17,177,0,19,75,6,100,1,41,212,23,277,318,82,400,677
08/11/2000,ILG,DE,AEA,EN,Towers with Display (VFR),0,13,82,5,100,0,3,159,0,162,0,16,241,5,262,310,4,314,576
08/12/2000,ILG,DE,AEA,EN,Towers with Display (VFR),0,0,27,0,27,0,0,80,0,80,0,0,107,0,107,144,0,144,251
08/13/2000,ILG,DE,AEA,EN,Towers with Display (VFR),0,2,73,0,75,0,0,26,0,26,0,2,99,0,101,226,0,226,327
08/14/2000,ILG,DE,AEA,EN,Towers with Display (VFR),0,11,69,1,81,0,1,24,0,25,0,12,93,1,106,84,0,84,190
08/15/2000,ILG,DE,AEA,EN,Towers with Display (VFR),0,12,98,8,118,0,0,95,0,95,0,12,193,8,213,294,76,370,583
08/16/2000,ILG,DE,AEA,EN,Towers with Display (VFR),0,13,83,11,107,0,12,52,8,72,0,25,135,19,179,204,10,214,393
08/17/2000,ILG,DE,AEA,EN,Towers with Display (VFR),0,14,105,7,126,4,0,104,0,108,4,14,209,7,234,230,12,242,476
08/18/2000,ILG,DE,AEA,EN,Towers with Display (VFR),0,12,78,2,92,0,0,11,0,11,0,12,89,2,103,14,0,14,117
08/19/2000,ILG,DE,AEA,EN,Towers with Display (VFR),0,8,74,10,92,0,0,140,0,140,0,8,214,10,232,272,6,278,510
08/20/2000,ILG,DE,AEA,EN,Towers with Display (VFR),0,4,58,5,67,0,0,198,0,198,0,4,256,5,265,342,0,342,607
08/21/2000,ILG,DE,AEA,EN,Towers with Display (VFR),0,11,65,1,77,0,0,150,0,150,0,11,215,1,227,194,0,194,421
08/22/2000,ILG,DE,AEA,EN,Towers with Display (VFR),0,12,77,9,98,0,6,136,3,145,0,18,213,12,243,202,22,224,467
08/23/2000,ILG,DE,AEA,EN,Towers with Display (VFR),0,7,76,9,92,0,0,76,1,77,0,7,152,10,169,142,10,152,321
08/24/2000,ILG,DE,AEA,EN,Towers with Display (VFR),0,12,85,10,107,0,0,61,12,73,0,12,146,22,180,298,10,308,488
08/25/2000,ILG,DE,AEA,EN,Towers with Display (VFR),0,11,69,8,88,0,4,127,8,139,0,15,196,16,227,210,4,214,441
08/26/2000,ILG,DE,AEA,EN,Towers with Display (VFR),0,3,26,1,30,0,0,179,0,179,0,3,205,1,209,232,0,232,441
08/27/2000,ILG,DE,AEA,EN,Towers with Display (VFR),0,3,37,0,40,0,0,61,0,61,0,3,98,0,101,134,0,134,235
08/28/2000,ILG,DE,AEA,EN,Towers with Display (VFR),0,10,63,5,78,0,7,21,0,28,0,17,84,5,106,70,42,112,218
08/29/2000,ILG,DE,AEA,EN,Towers with Display (VFR),0,9,59,7,75,0,3,18,0,21,0,12,77,7,96,94,4,98,194
08/30/2000,ILG,DE,AEA,EN,Towers with Display (VFR),0,9,79,9,97,0,0,27,14,41,0,9,106,23,138,52,24,76,214
08/31/2000,ILG,DE,AEA,EN,Towers with Display (VFR),0,13,90,10,113,1,0,28,0,29,1,13,118,10,142,222,12,234,376
09/01/2000,ILG,DE,AEA,EN,Towers with Display (VFR),0,7,63,0,70,0,3,71,0,74,0,10,134,0,144,150,0,150,294
09/02/2000,ILG,DE,AEA,EN,Towers with Display (VFR),0,1,37,2,40,0,0,28,0,28,0,1,65,2,68,90,0,90,158
09/03/2000,ILG,DE,AEA,EN,Towers with Display (VFR),0,4,40,0,44,0,1,44,0,45,0,5,84,0,89,170,0,170,259
09/04/2000,ILG,DE,AEA,EN,Towers with Display (VFR),0,7,59,1,67,0,0,31,0,31,0,7,90,1,98,122,0,122,220
09/05/2000,ILG,DE,AEA,EN,Towers with Display (VFR),0,11,90,7,108,0,3,86,0,89,0,14,176,7,197,236,10,246,443
09/06/2000,ILG,DE,AEA,EN,Towers with Display (VFR),1,8,75,6,90,0,0,134,13,147,1,8,209,19,237,182,16,198,435
09/07/2000,ILG,DE,AEA,EN,Towers with Display (VFR),0,17,122,10,149,0,8,145,5,158,0,25,267,15,307,192,22,214,521
09/08/2000,ILG,DE,AEA,EN,Towers with Display (VFR),1,11,81,7,100,5,14,152,4,175,6,25,233,11,275,210,6,216,491
09/09/2000,ILG,DE,AEA,EN,Towers with Display (VFR),0,3,43,4,50,0,0,172,5,177,0,3,215,9,227,362,0,362,589
09/10/2000,ILG,DE,AEA,EN,Towers with Display (VFR),0,5,75,5,85,0,0,99,0,99,0,5,174,5,184,158,8,166,350
09/11/2000,ILG,DE,AEA,EN,Towers with Display (VFR),0,8,72,7,87,0,0,82,0,82,0,8,154,7,169,282,12,294,463
09/12/2000,ILG,DE,AEA,EN,Towers with Display (VFR),0,12,82,7,101,1,2,70,0,73,1,14,152,7,174,188,4,192,366
09/13/2000,ILG,DE,AEA,EN,Towers with Display (VFR),0,13,95,9,117,0,2,111,9,122,0,15,206,18,239,226,10,236,475
09/14/2000,ILG,DE,AEA,EN,Towers with Display (VFR),0,12,82,7,101,0,7,137,1,145,0,19,219,8,246,244,6,250,496
09/15/2000,ILG,DE,AEA,EN,Towers with Display (VFR),0,12,88,5,105,0,4,35,0,39,0,16,123,5,144,220,30,250,394
09/16/2000,ILG,DE,AEA,EN,Towers with Display (VFR),0,5,49,5,59,0,0,164,3,167,0,5,213,8,226,324,4,328,554
09/17/2000,ILG,DE,AEA,EN,Towers with Display (VFR),0,2,48,5,55,0,0,160,13,173,0,2,208,18,228,156,148,304,532
09/18/2000,ILG,DE,AEA,EN,Towers with Display (VFR),0,8,72,3,83,0,0,113,0,113,0,8,185,3,196,210,0,210,406
09/19/2000,ILG,DE,AEA,EN,Towers with Display (VFR),0,13,69,8,90,0,5,0,4,9,0,18,69,12,99,4,8,12,111
09/20/2000,ILG,DE,AEA,EN,Towers with Display (VFR),0,11,95,7,113,0,0,93,2,95,0,11,188,9,208,208,8,216,424
09/21/2000,ILG,DE,AEA,EN,Towers with Display (VFR),0,11,82,7,100,0,2,80,3,85,0,13,162,10,185,174,2,176,361
09/22/2000,ILG,DE,AEA,EN,Towers with Display (VFR),0,16,118,7,141,0,1,141,0,142,0,17,259,7,283,346,16,362,645
09/23/2000,ILG,DE,AEA,EN,Towers with Display (VFR),0,5,49,0,54,0,0,6,0,6,0,5,55,0,60,0,0,0,60
09/24/2000,ILG,DE,AEA,EN,Towers with Display (VFR),0,10,96,0,106,0,0,21,0,21,0,10,117,0,127,118,0,118,245
09/25/2000,ILG,DE,AEA,EN,Towers with Display (VFR),0,12,90,7,109,0,5,5,13,23,0,17,95,20,132,70,4,74,206
09/26/2000,ILG,DE,AEA,EN,Towers with Display (VFR),0,13,86,7,106,0,4,0,10,14,0,17,86,17,120,2,20,22,142
09/27/2000,ILG,DE,AEA,EN,Towers with Display (VFR),0,16,121,4,141,1,3,100,0,104,1,19,221,4,245,328,8,336,581
09/28/2000,ILG,DE,AEA,EN,Towers with Display (VFR),0,15,122,2,139,0,0,102,0,102,0,15,224,2,241,296,0,296,537
09/29/2000,ILG,DE,AEA,EN,Towers with Display (VFR),0,10,84,7,101,0,0,136,3,139,0,10,220,10,240,258,16,274,514
09/30/2000,ILG,DE,AEA,EN,Towers with Display (VFR),0,5,38,1,44,0,0,169,0,169,0,5,207,1,213,272,0,272,485
10/01/2000,ILG,DE,AEA,EN,Towers with Display (VFR),0,7,76,2,85,0,2,87,0,89,0,9,163,2,174,134,2,136,310
10/02/2000,ILG,DE,AEA,EN,Towers with Display (VFR),0,5,57,2,64,0,4,81,0,85,0,9,138,2,149,178,2,180,329
10/03/2000,ILG,DE,AEA,EN,Towers with Display (VFR),0,5,77,7,89,0,0,98,4,102,0,5,175,11,191,226,18,244,435
10/04/2000,ILG,DE,AEA,EN,Towers with Display (VFR),0,6,75,7,88,0,0,81,2,83,0,6,156,9,171,242,6,248,419
10/05/2000,ILG,DE,AEA,EN,Towers with Display (VFR),0,11,115,6,132,0,2,13,0,15,0,13,128,6,147,144,10,154,301
10/06/2000,ILG,DE,AEA,EN,Towers with Display (VFR),0,11,116,6,133,0,3,18,0,21,0,14,134,6,154,72,0,72,226
10/07/2000,ILG,DE,AEA,EN,Towers with Display (VFR),0,3,43,4,50,0,0,110,3,113,0,3,153,7,163,178,0,178,341
10/08/2000,ILG,DE,AEA,EN,Towers with Display (VFR),0,2,64,0,66,0,0,128,0,128,0,2,192,0,194,166,0,166,360
10/09/2000,ILG,DE,AEA,EN,Towers with Display (VFR),0,7,68,0,75,1,3,90,0,94,1,10,158,0,169,156,0,156,325
10/10/2000,ILG,DE,AEA,EN,Towers with Display (VFR),0,8,75,7,90,0,0,58,10,68,0,8,133,17,158,134,0,134,292
10/11/2000,ILG,DE,AEA,EN,Towers with Display (VFR),0,7,68,7,82,0,3,90,6,99,0,10,158,13,181,146,10,156,337
10/12/2000,ILG,DE,AEA,EN,Towers with Display (VFR),0,7,75,5,87,0,0,133,0,133,0,7,208,5,220,266,8,274,494
10/13/2000,ILG,DE,AEA,EN,Towers with Display (VFR),0,5,53,4,62,0,4,163,6,173,0,9,216,10,235,232,8,240,475
10/14/2000,ILG,DE,AEA,EN,Towers with Display (VFR),0,1,69,6,76,1,0,125,13,139,1,1,194,19,215,168,36,204,419
10/15/2000,ILG,DE,AEA,EN,Towers with Display (VFR),0,7,69,6,82,0,1,179,2,182,0,8,248,8,264,230,10,240,504
10/16/2000,ILG,DE,AEA,EN,Towers with Display (VFR),0,9,94,6,109,0,0,36,0,36,0,9,130,6,145,176,2,178,323
10/17/2000,ILG,DE,AEA,EN,Towers with Display (VFR),0,6,91,9,106,0,0,14,5,19,0,6,105,14,125,78,6,84,209
10/18/2000,ILG,DE,AEA,EN,Towers with Display (VFR),0,7,85,2,94,0,1,8,0,9,0,8,93,2,103,10,0,10,113
10/19/2000,ILG,DE,AEA,EN,Towers with Display (VFR),0,7,81,8,96,0,9,82,7,98,0,16,163,15,194,132,12,144,338
10/20/2000,ILG,DE,AEA,EN,Towers with Display (VFR),0,7,81,8,96,0,4,165,0,169,0,11,246,8,265,226,14,240,505
10/21/2000,ILG,DE,AEA,EN,Towers with Display (VFR),0,1,61,6,68,0,0,190,26,216,0,1,251,32,284,456,92,548,832
10/22/2000,ILG,DE,AEA,EN,Towers with Display (VFR),0,4,51,5,60,0,1,159,7,167,0,5,210,12,227,160,36,196,423
10/23/2000,ILG,DE,AEA,EN,Towers with Display (VFR),0,7,77,7,91,0,1,97,1,99,0,8,174,8,190,258,6,264,454
10/24/2000,ILG,DE,AEA,EN,Towers with Display (VFR),0,7,77,7,91,0,4,99,12,115,0,11,176,19,206,122,6,128,334
10/25/2000,ILG,DE,AEA,EN,Towers with Display (VFR),0,6,100,9,115,0,0,70,3,73,0,6,170,12,188,272,28,300,488
10/26/2000,ILG,DE,AEA,EN,Towers with Display (VFR),0,7,74,7,88,0,2,29,1,32,0,9,103,8,120,114,74,188,308
10/27/2000,ILG,DE,AEA,EN,Towers with Display (VFR),0,2,101,9,112,0,0,134,1,135,0,2,235,10,247,150,8,158,405
10/28/2000,ILG,DE,AEA,EN,Towers with Display (VFR),0,1,32,3,36,0,0,64,0,64,0,1,96,3,100,32,0,32,132
10/29/2000,ILG,DE,AEA,EN,Towers with Display (VFR),0,4,48,0,52,0,5,92,0,97,0,9,140,0,149,74,2,76,225
10/30/2000,ILG,DE,AEA,EN,Towers with Display (VFR),0,8,94,4,106,0,2,31,0,33,0,10,125,4,139,148,6,154,293
10/31/2000,ILG,DE,AEA,EN,Towers with Display (VFR),0,6,69,7,82,0,9,68,1,78,0,15,137,8,160,122,10,132,292
11/01/2000,ILG,DE,AEA,EN,Towers with Display (VFR),0,9,91,7,107,0,3,102,0,105,0,12,193,7,212,192,38,230,442
11/02/2000,ILG,DE,AEA,EN,Towers with Display (VFR),0,7,74,9,90,0,2,81,8,91,0,9,155,17,181,228,26,254,435
11/03/2000,ILG,DE,AEA,EN,Towers with Display (VFR),0,7,74,7,88,0,4,143,0,147,0,11,217,7,235,226,2,228,463
11/04/2000,ILG,DE,AEA,EN,Towers with Display (VFR),0,0,69,8,77,0,0,99,4,103,0,0,168,12,180,206,46,252,432
11/05/2000,ILG,DE,AEA,EN,Towers with Display (VFR),0,5,55,6,66,0,2,71,1,74,0,7,126,7,140,126,6,132,272
11/06/2000,ILG,DE,AEA,EN,Towers with Display (VFR),1,6,60,5,72,0,0,66,0,66,1,6,126,5,138,166,0,166,304
11/07/2000,ILG,DE,AEA,EN,Towers with Display (VFR),0,4,64,7,75,0,0,68,8,76,0,4,132,15,151,124,46,170,321
11/08/2000,ILG,DE,AEA,EN,Towers with Display (VFR),0,8,75,9,92,0,1,73,0,74,0,9,148,9,166,108,8,116,282
11/09/2000,ILG,DE,AEA,EN,Towers with Display (VFR),0,7,97,7,111,0,0,6,0,6,0,7,103,7,117,114,34,148,265
11/10/2000,ILG,DE,AEA,EN,Towers with Display (VFR),0,3,58,0,61,0,0,52,0,52,0,3,110,0,113,50,0,50,163
11/11/2000,ILG,DE,AEA,EN,Towers with Display (VFR),0,0,13,0,13,0,0,15,0,15,0,0,28,0,28,6,0,6,34
11/12/2000,ILG,DE,AEA,EN,Towers with Display (VFR),0,2,51,0,53,0,0,141,0,141,0,2,192,0,194,158,0,158,352
11/13/2000,ILG,DE,AEA,EN,Towers with Display (VFR),0,7,68,3,78,0,1,66,0,67,0,8,134,3,145,200,0,200,345
11/14/2000,ILG,DE,AEA,EN,Towers with Display (VFR),0,10,87,10,107,2,2,0,6,10,2,12,87,16,117,46,2,48,165
11/15/2000,ILG,DE,AEA,EN,Towers with Display (VFR),0,8,70,8,86,0,2,65,6,73,0,10,135,14,159,172,8,180,339
11/16/2000,ILG,DE,AEA,EN,Towers with Display (VFR),0,10,98,11,119,3,3,81,5,92,3,13,179,16,211,162,4,166,377
11/17/2000,ILG,DE,AEA,EN,Towers with Display (VFR),0,8,73,7,88,1,7,74,3,85,1,15,147,10,173,122,8,130,303
11/18/2000,ILG,DE,AEA,EN,Towers with Display (VFR),0,2,44,5,51,0,0,131,2,133,0,2,175,7,184,148,6,154,338
11/19/2000,ILG,DE,AEA,EN,Towers with Display (VFR),0,7,79,9,95,1,4,73,4,82,1,11,152,13,177,174,4,178,355
11/20/2000,ILG,DE,AEA,EN,Towers with Display (VFR),0,6,71,2,79,0,0,54,0,54,0,6,125,2,133,82,6,88,221
11/21/2000,ILG,DE,AEA,EN,Towers with Display (VFR),0,6,65,6,77,0,7,48,0,55,0,13,113,6,132,110,14,124,256
11/22/2000,ILG,DE,AEA,EN,Towers with Display (VFR),0,5,70,8,83,0,0,80,0,80,0,5,150,8,163,64,10,74,237
11/23/2000,ILG,DE,AEA,EN,Towers with Display (VFR),0,1,14,0,15,0,3,25,0,28,0,4,39,0,43,16,0,16,59
11/24/2000,ILG,DE,AEA,EN,Towers with Display (VFR),0,3,35,0,38,2,2,112,0,116,2,5,147,0,154,204,0,204,358
11/25/2000,ILG,DE,AEA,EN,Towers with Display (VFR),0,3,31,0,34,0,0,85,0,85,0,3,116,0,119,108,0,108,227
11/26/2000,ILG,DE,AEA,EN,Towers with Display (VFR),0,7,68,2,77,0,6,0,0,6,0,13,68,2,83,30,0,30,113
11/27/2000,ILG,DE,AEA,EN,Towers with Display (VFR),0,4,95,4,103,0,0,73,0,73,0,4,168,4,176,306,6,312,488
11/28/2000,ILG,DE,AEA,EN,Towers with Display (VFR),0,8,129,15,152,0,0,27,4,31,0,8,156,19,183,296,78,374,557
11/29/2000,ILG,DE,AEA,EN,Towers with Display (VFR),0,6,79,9,94,0,0,63,4,67,0,6,142,13,161,244,36,280,441
11/30/2000,ILG,DE,AEA,EN,Towers with Display (VFR),0,6,67,8,81,0,2,5,6,13,0,8,72,14,94,90,6,96,190
12/01/2000,ILG,DE,AEA,EN,Towers with Display (VFR),0,9,67,8,84,0,0,137,3,140,0,9,204,11,224,256,2,258,482
12/02/2000,ILG,DE,AEA,EN,Towers with Display (VFR),0,5,30,3,38,0,1,143,19,163,0,6,173,22,201,224,8,232,433
12/03/2000,ILG,DE,AEA,EN,Towers with Display (VFR),0,4,58,7,69,0,0,107,1,108,0,4,165,8,177,276,10,286,463
12/04/2000,ILG,DE,AEA,EN,Towers with Display (VFR),1,12,75,2,90,1,0,72,0,73,2,12,147,2,163,248,8,256,419
12/05/2000,ILG,DE,AEA,EN,Towers with Display (VFR),0,16,95,12,123,0,1,52,8,61,0,17,147,20,184,192,22,214,398
12/06/2000,ILG,DE,AEA,EN,Towers with Display (VFR),0,14,81,10,105,0,1,46,10,57,0,15,127,20,162,122,18,140,302
12/07/2000,ILG,DE,AEA,EN,Towers with Display (VFR),0,9,75,6,90,0,0,88,0,88,0,9,163,6,178,108,0,108,286
12/08/2000,ILG,DE,AEA,EN,Towers with Display (VFR),0,8,71,10,89,0,0,106,5,111,0,8,177,15,200,194,6,200,400
12/09/2000,ILG,DE,AEA,EN,Towers with Display (VFR),0,4,60,8,72,0,0,154,21,175,0,4,214,29,247,278,12,290,537
12/10/2000,ILG,DE,AEA,EN,Towers with Display (VFR),0,6,52,4,62,0,0,99,0,99,0,6,151,4,161,240,0,240,401
12/11/2000,ILG,DE,AEA,EN,Towers with Display (VFR),0,11,69,4,84,0,1,2,0,3,0,12,71,4,87,22,0,22,109
12/12/2000,ILG,DE,AEA,EN,Towers with Display (VFR),0,11,57,3,71,0,7,23,0,30,0,18,80,3,101,8,0,8,109
12/13/2000,ILG,DE,AEA,EN,Towers with Display (VFR),0,19,108,15,142,4,2,98,8,112,4,21,206,23,254,302,50,352,606
12/14/2000,ILG,DE,AEA,EN,Towers with Display (VFR),0,15,78,12,105,0,15,0,0,15,0,30,78,12,120,72,14,86,206
12/15/2000,ILG,DE,AEA,EN,Towers with Display (VFR),0,15,89,13,117,0,0,123,2,125,0,15,212,15,242,382,44,426,668
12/16/2000,ILG,DE,AEA,EN,Towers with Display (VFR),0,4,22,0,26,0,1,3,0,4,0,5,25,0,30,0,0,0,30
12/17/2000,ILG,DE,AEA,EN,Towers with Display (VFR),0,4,22,2,28,0,0,6,0,6,0,4,28,2,34,0,2,2,36
12/18/2000,ILG,DE,AEA,EN,Towers with Display (VFR),0,11,57,3,71,0,7,106,0,113,0,18,163,3,184,94,0,94,278
12/19/2000,ILG,DE,AEA,EN,Towers with Display (VFR),0,12,65,9,86,0,3,42,13,58,0,15,107,22,144,132,8,140,284
12/20/2000,ILG,DE,AEA,EN,Towers with Display (VFR),0,14,72,11,97,0,2,0,2,4,0,16,72,13,101,68,12,80,181
12/21/2000,ILG,DE,AEA,EN,Towers with Display (VFR),0,11,63,7,81,0,3,85,0,88,0,14,148,7,169,228,22,250,419
12/22/2000,ILG,DE,AEA,EN,Towers with Display (VFR),0,7,35,1,43,0,6,11,0,17,0,13,46,1,60,2,0,2,62
12/23/2000,ILG,DE,AEA,EN,Towers with Display (VFR),0,4,40,1,45,0,0,59,0,59,0,4,99,1,104,128,10,138,242
12/24/2000,ILG,DE,AEA,EN,Towers with Display (VFR),0,1,9,0,10,0,4,52,0,56,0,5,61,0,66,50,0,50,116
12/25/2000,ILG,DE,AEA,EN,Towers with Display (VFR),0,1,6,0,7,0,0,4,0,4,0,1,10,0,11,6,0,6,17
12/26/2000,ILG,DE,AEA,EN,Towers with Display (VFR),0,11,58,8,77,0,7,73,0,80,0,18,131,8,157,190,18,208,365
12/27/2000,ILG,DE,AEA,EN,Towers with Display (VFR),0,13,71,8,92,0,2,65,0,67,0,15,136,8,159,210,8,218,377
12/28/2000,ILG,DE,AEA,EN,Towers with Display (VFR),0,6,47,5,58,0,0,31,0,31,0,6,78,5,89,36,12,48,137
12/29/2000,ILG,DE,AEA,EN,Towers with Display (VFR),0,4,38,2,44,0,0,112,0,112,0,4,150,2,156,254,2,256,412
12/30/2000,ILG,DE,AEA,EN,Towers with Display (VFR),0,0,7,0,7,0,0,0,0,0,0,0,7,0,7,0,0,0,7
12/31/2000,ILG,DE,AEA,EN,Towers with Display (VFR),0,3,20,0,23,2,6,38,0,46,2,9,58,0,69,14,0,14,83
01/01/2001,ILG,DE,AEA,EN,Towers with Display (VFR),0,4,33,0,37,0,9,57,0,66,0,13,90,0,103,62,0,62,165
01/02/2001,ILG,DE,AEA,EN,Towers with Display (VFR),0,10,78,6,94,0,5,29,0,34,0,15,107,6,128,232,42,274,402
01/03/2001,ILG,DE,AEA,EN,Towers with Display (VFR),0,11,84,12,107,0,9,41,9,59,0,20,125,21,166,114,49,163,329
01/04/2001,ILG,DE,AEA,EN,Towers with Display (VFR),0,11,77,10,98,0,5,63,0,68,0,16,140,10,166,154,42,196,362
01/05/2001,ILG,DE,AEA,EN,Towers with Display (VFR),0,6,39,4,49,0,0,15,0,15,0,6,54,4,64,22,0,22,86
01/06/2001,ILG,DE,AEA,EN,Towers with Display (VFR),0,5,51,2,58,0,0,74,0,74,0,5,125,2,132,110,0,110,242
01/07/2001,ILG,DE,AEA,EN,Towers with Display (VFR),0,5,39,2,46,0,0,137,0,137,0,5,176,2,183,268,0,268,451
01/08/2001,ILG,DE,AEA,EN,Towers with Display (VFR),0,5,35,3,43,0,1,7,0,8,0,6,42,3,51,38,2,40,91
01/09/2001,ILG,DE,AEA,EN,Towers with Display (VFR),0,6,65,10,81,0,0,40,5,45,0,6,105,15,126,82,22,104,230
01/10/2001,ILG,DE,AEA,EN,Towers with Display (VFR),0,8,63,9,80,0,0,50,0,50,0,8,113,9,130,88,20,108,238
01/11/2001,ILG,DE,AEA,EN,Towers with Display (VFR),0,7,65,10,82,0,0,82,1,83,0,7,147,11,165,152,8,160,325
01/12/2001,ILG,DE,AEA,EN,Towers with Display (VFR),0,3,59,9,71,0,0,101,9,110,0,3,160,18,181,210,84,294,475
01/13/2001,ILG,DE,AEA,EN,Towers with Display (VFR),0,0,60,8,68,0,0,156,6,162,0,0,216,14,230,300,16,316,546
01/14/2001,ILG,DE,AEA,EN,Towers with Display (VFR),0,5,67,10,82,0,0,102,2,104,0,5,169,12,186,424,36,460,646
01/15/2001,ILG,DE,AEA,EN,Towers with Display (VFR),0,7,50,0,57,0,4,2,0,6,0,11,52,0,63,2,0,2,65
01/16/2001,ILG,DE,AEA,EN,Towers with Display (VFR),0,7,54,6,67,0,0,39,9,48,0,7,93,15,115,116,38,154,269
01/17/2001,ILG,DE,AEA,EN,Towers with Display (VFR),0,8,58,7,73,0,0,77,2,79,0,8,135,9,152,128,28,156,308
01/18/2001,ILG,DE,AEA,EN,Towers with Display (VFR),0,9,61,7,77,0,0,8,1,9,0,9,69,8,86,36,0,36,122
01/19/2001,ILG,DE,AEA,EN,Towers with Display (VFR),0,8,58,1,67,3,2,1,0,6,3,10,59,1,73,0,0,0,73
01/20/2001,ILG,DE,AEA,EN,Towers with Display (VFR),0,2,14,1,17,0,1,0,0,1,0,3,14,1,18,2,0,2,20
01/21/2001,ILG,DE,AEA,EN,Towers with Display (VFR),0,3,26,4,33,0,2,2,2,6,0,5,28,6,39,8,0,8,47
01/22/2001,ILG,DE,AEA,EN,Towers with Display (VFR),0,8,65,10,83,1,3,56,3,63,1,11,121,13,146,106,28,134,280
01/23/2001,ILG,DE,AEA,EN,Towers with Display (VFR),0,7,55,6,68,0,0,89,0,89,0,7,144,6,157,68,2,70,227
01/24/2001,ILG,DE,AEA,EN,Towers with Display (VFR),0,6,52,8,66,0,6,53,4,63,0,12,105,12,129,144,24,168,297
01/25/2001,ILG,DE,AEA,EN,Towers with Display (VFR),0,8,62,9,79,0,5,48,5,58,0,13,110,14,137,58,16,74,211
01/26/2001,ILG,DE,AEA,EN,Towers with Display (VFR),0,8,80,7,95,0,0,145,0,145,0,8,225,7,240,242,16,258,498
01/27/2001,ILG,DE,AEA,EN,Towers with Display (VFR),0,3,23,0,26,0,0,48,0,48,0,3,71,0,74,36,0,36,110
01/28/2001,ILG,DE,AEA,EN,Towers with Display (VFR),0,5,45,0,50,0,0,127,0,127,0,5,172,0,177,238,0,238,415
01/29/2001,ILG,DE,AEA,EN,Towers with Display (VFR),0,9,74,6,89,0,2,76,0,78,0,11,150,6,167,168,2,170,337
01/30/2001,ILG,DE,AEA,EN,Towers with Display (VFR),0,12,92,3,107,0,1,34,0,35,0,13,126,3,142,14,0,14,156
01/31/2001,ILG,DE,AEA,EN,Towers with Display (VFR),0,14,110,16,140,0,0,47,9,56,0,14,157,25,196,200,96,296,492
02/01/2001,ILG,DE,AEA,EN,Towers with Display (VFR),0,8,78,10,96,0,2,95,4,101,0,10,173,14,197,342,20,362,559
02/02/2001,ILG,DE,AEA,EN,Towers with Display (VFR),0,12,115,9,136,1,0,74,0,75,1,12,189,9,211,374,44,418,629
02/03/2001,ILG,DE,AEA,EN,Towers with Display (VFR),0,0,38,2,40,0,0,121,0,121,0,0,159,2,161,190,0,190,351
02/04/2001,ILG,DE,AEA,EN,Towers with Display (VFR),0,5,44,4,53,0,3,135,0,138,0,8,179,4,191,218,12,230,421
02/05/2001,ILG,DE,AEA,EN,Towers with Display (VFR),0,8,68,1,77,0,2,0,0,2,0,10,68,1,79,10,0,10,89
02/06/2001,ILG,DE,AEA,EN,Towers with Display (VFR),0,12,107,11,130,0,0,45,0,45,0,12,152,11,175,252,50,302,477
02/07/2001,ILG,DE,AEA,EN,Towers with Display (VFR),0,9,91,9,109,0,0,83,0,83,0,9,174,9,192,300,38,338,530
02/08/2001,ILG,DE,AEA,EN,Towers with Display (VFR),0,8,99,13,120,0,0,63,0,63,0,8,162,13,183,292,52,344,527
02/09/2001,ILG,DE,AEA,EN,Towers with Display (VFR),0,6,74,8,88,0,0,71,0,71,0,6,145,8,159,110,24,134,293
02/10/2001,ILG,DE,AEA,EN,Towers with Display (VFR),0,3,20,2,25,0,2,5,0,7,0,5,25,2,32,8,32,40,72
02/11/2001,ILG,DE,AEA,EN,Towers with Display (VFR),0,7,65,9,81,0,1,79,3,83,0,8,144,12,164,178,4,182,346
02/12/2001,ILG,DE,AEA,EN,Towers with Display (VFR),0,8,70,5,83,0,4,51,0,55,0,12,121,5,138,178,18,196,334
02/13/2001,ILG,DE,AEA,EN,Towers with Display (VFR),0,11,114,13,138,1,0,41,0,42,1,11,155,13,180,340,28,368,548
02/14/2001,ILG,DE,AEA,EN,Towers with Display (VFR),0,8,66,5,79,0,0,0,0,0,0,8,66,5,79,0,26,26,105
02/15/2001,ILG,DE,AEA,EN,Towers with Display (VFR),0,8,71,4,83,0,10,24,0,34,0,18,95,4,117,138,6,144,261
02/16/2001,ILG,DE,AEA,EN,Towers with Display (VFR),0,9,83,0,92,0,2,25,0,27,0,11,108,0,119,76,0,76,195
02/17/2001,ILG,DE,AEA,EN,Towers with Display (VFR),0,2,19,0,21,0,0,17,0,17,0,2,36,0,38,20,0,20,58
02/18/2001,ILG,DE,AEA,EN,Towers with Display (VFR),0,3,73,2,78,0,0,108,0,108,0,3,181,2,186,180,0,180,366
02/19/2001,ILG,DE,AEA,EN,Towers with Display (VFR),0,11,113,0,124,0,0,81,0,81,0,11,194,0,205,368,0,368,573
02/20/2001,ILG,DE,AEA,EN,Towers with Display (VFR),0,10,102,14,126,0,0,61,3,64,0,10,163,17,190,308,14,322,512
02/21/2001,ILG,DE,AEA,EN,Towers with Display (VFR),0,6,64,9,79,0,5,30,2,37,0,11,94,11,116,70,2,72,188
02/22/2001,ILG,DE,AEA,EN,Towers with Display (VFR),0,6,60,2,68,0,2,25,0,27,0,8,85,2,95,82,0,82,177
02/23/2001,ILG,DE,AEA,EN,Towers with Display (VFR),0,5,51,5,61,0,3,50,0,53,0,8,101,5,114,72,0,72,186
02/24/2001,ILG,DE,AEA,EN,Towers with Display (VFR),0,4,60,3,67,0,0,125,0,125,0,4,185,3,192,226,14,240,432
02/25/2001,ILG,DE,AEA,EN,Towers with Display (VFR),0,3,34,5,42,0,6,55,4,65,0,9,89,9,107,230,10,240,347
02/26/2001,ILG,DE,AEA,EN,Towers with Display (VFR),0,4,35,1,40,0,0,0,0,0,0,4,35,1,40,2,0,2,42
02/27/2001,ILG,DE,AEA,EN,Towers with Display (VFR),0,9,94,7,110,0,4,117,0,121,0,13,211,7,231,228,18,246,477
02/28/2001,ILG,DE,AEA,EN,Towers with Display (VFR),0,6,63,9,78,0,4,80,1,85,0,10,143,10,163,186,0,186,349
03/01/2001,ILG,DE,AEA,EN,Towers with Display (VFR),0,8,68,5,81,0,7,119,0,126,0,15,187,5,207,148,0,148,355
03/02/2001,ILG,DE,AEA,EN,Towers with Display (VFR),0,7,61,4,72,0,3,124,0,127,0,10,185,4,199,248,0,248,447
03/03/2001,ILG,DE,AEA,EN,Towers with Display (VFR),1,2,61,1,65,1,0,154,0,155,2,2,215,1,220,362,0,362,582
03/04/2001,ILG,DE,AEA,EN,Towers with Display (VFR),0,5,26,1,32,0,4,0,0,4,0,9,26,1,36,14,4,18,54
03/05/2001,ILG,DE,AEA,EN,Towers with Display (VFR),0,1,8,2,11,0,4,0,0,4,0,5,8,2,15,0,0,0,15
03/06/2001,ILG,DE,AEA,EN,Towers with Display (VFR),0,2,19,1,22,0,8,0,0,8,0,10,19,1,30,6,0,6,36
03/07/2001,ILG,DE,AEA,EN,Towers with Display (VFR),1,6,48,6,61,1,4,73,1,79,2,10,121,7,140,162,2,164,304
03/08/2001,ILG,DE,AEA,EN,Towers with Display (VFR),0,9,118,11,138,0,0,119,0,119,0,9,237,11,257,430,20,450,707
03/09/2001,ILG,DE,AEA,EN,Towers with Display (VFR),0,7,55,5,67,0,0,58,0,58,0,7,113,5,125,132,2,134,259
03/10/2001,ILG,DE,AEA,EN,Towers with Display (VFR),0,0,24,0,24,0,0,87,0,87,0,0,111,0,111,110,16,126,237
03/11/2001,ILG,DE,AEA,EN,Towers with Display (VFR),0,8,62,6,76,0,6,112,0,118,0,14,174,6,194,180,12,192,386
03/12/2001,ILG,DE,AEA,EN,Towers with Display (VFR),0,8,61,9,78,0,2,118,2,122,0,10,179,11,200,440,2,442,642
03/13/2001,ILG,DE,AEA,EN,Towers with Display (VFR),0,10,76,3,89,0,4,13,0,17,0,14,89,3,106,48,0,48,154
03/14/2001,ILG,DE,AEA,EN,Towers with Display (VFR),0,11,96,13,120,0,0,48,0,48,0,11,144,13,168,360,34,394,562
03/15/2001,ILG,DE,AEA,EN,Towers with Display (VFR),0,10,103,6,119,0,0,53,0,53,0,10,156,6,172,320,30,350,522
03/16/2001,ILG,DE,AEA,EN,Towers with Display (VFR),0,6,92,6,104,2,0,20,0,22,2,6,112,6,126,218,28,246,372
03/17/2001,ILG,DE,AEA,EN,Towers with Display (VFR),0,3,57,0,60,0,0,0,0,0,0,3,57,0,60,62,0,62,122
03/18/2001,ILG,DE,AEA,EN,Towers with Display (VFR),0,6,43,1,50,0,5,25,0,30,0,11,68,1,80,78,4,82,162
03/19/2001,ILG,DE,AEA,EN,Towers with Display (VFR),0,13,101,8,122,2,1,90,0,93,2,14,191,8,215,358,12,370,585
03/20/2001,ILG,DE,AEA,EN,Towers with Display (VFR),0,8,97,12,117,0,0,84,17,101,0,8,181,29,218,372,56,428,646
03/21/2001,ILG,DE,AEA,EN,Towers with Display (VFR),0,5,40,2,47,0,4,5,0,9,0,9,45,2,56,0,0,0,56
03/22/2001,ILG,DE,AEA,EN,Towers with Display (VFR),0,8,59,9,76,0,0,0,6,6,0,8,59,15,82,18,14,32,114
03/23/2001,ILG,DE,AEA,EN,Towers with Display (VFR),0,6,49,6,61,0,0,42,12,54,0,6,91,18,115,78,40,118,233
03/24/2001,ILG,DE,AEA,EN,Towers with Display (VFR),0,3,42,4,49,0,0,60,11,71,0,3,102,15,120,150,32,182,302
03/25/2001,ILG,DE,AEA,EN,Towers with Display (VFR),0,7,62,9,78,0,4,153,20,177,0,11,215,29,255,276,60,336,591
03/26/2001,ILG,DE,AEA,EN,Towers with Display (VFR),0,9,77,7,93,0,5,18,0,23,0,14,95,7,116,142,8,150,266
03/27/2001,ILG,DE,AEA,EN,Towers with Display (VFR),0,9,76,11,96,0,1,60,9,70,0,10,136,20,166,212,64,276,442
03/28/2001,ILG,DE,AEA,EN,Towers with Display (VFR),0,11,88,12,111,0,3,108,3,114,0,14,196,15,225,250,84,334,559
03/29/2001,ILG,DE,AEA,EN,Towers with Display (VFR),0,6,97,7,110,0,0,5,0,5,0,6,102,7,115,182,46,228,343
03/30/2001,ILG,DE,AEA,EN,Towers with Display (VFR),0,9,75,5,89,0,10,0,0,10,0,19,75,5,99,36,4,40,139
03/31/2001,ILG,DE,AEA,EN,Towers with Display (VFR),0,5,47,0,52,0,1,50,0,51,0,6,97,0,103,266,0,266,369
04/01/2001,ILG,DE,AEA,EN,Towers with Display (VFR),0,12,58,1,71,0,0,71,0,71,0,12,129,1,142,166,8,174,316
04/02/2001,ILG,DE,AEA,EN,Towers with Display (VFR),0,7,73,7,87,0,0,9,0,9,0,7,82,7,96,70,16,86,182
04/03/2001,ILG,DE,AEA,EN,Towers with Display (VFR),0,7,60,21,88,0,1,115,2,118,0,8,175,23,206,198,70,268,474
04/04/2001,ILG,DE,AEA,EN,Towers with Display (VFR),0,6,80,12,98,0,3,110,4,117,0,9,190,16,215,186,22,208,423
04/05/2001,ILG,DE,AEA,EN,Towers with Display (VFR),0,7,80,11,98,0,3,130,5,138,0,10,210,16,236,200,16,216,452
04/06/2001,ILG,DE,AEA,EN,Towers with Display (VFR),0,5,62,6,73,0,0,30,0,30,0,5,92,6,103,102,16,118,221
04/07/2001,ILG,DE,AEA,EN,Towers with Display (VFR),0,3,82,6,91,0,0,0,13,13,0,3,82,19,104,74,16,90,194
04/08/2001,ILG,DE,AEA,EN,Towers with Display (VFR),0,10,48,7,65,0,0,3,0,3,0,10,51,7,68,34,4,38,106
04/09/2001,ILG,DE,AEA,EN,Towers with Display (VFR),0,11,71,2,84,0,1,46,2,49,0,12,117,4,133,168,8,176,309
04/10/2001,ILG,DE,AEA,EN,Towers with Display (VFR),4,7,57,5,73,0,2,41,10,53,4,9,98,15,126,180,8,188,314
04/11/2001,ILG,DE,AEA,EN,Towers with Display (VFR),0,9,74,4,87,0,0,1,1,2,0,9,75,5,89,60,0,60,149
04/12/2001,ILG,DE,AEA,EN,Towers with Display (VFR),0,11,96,8,115,0,0,19,1,20,0,11,115,9,135,30,0,30,165
04/13/2001,ILG,DE,AEA,EN,Towers with Display (VFR),0,5,73,0,78,0,2,69,0,71,0,7,142,0,149,130,0,130,279
04/14/2001,ILG,DE,AEA,EN,Towers with Display (VFR),0,2,46,0,48,0,0,203,0,203,0,2,249,0,251,326,0,326,577
04/15/2001,ILG,DE,AEA,EN,Towers with Display (VFR),0,7,45,0,52,0,2,74,0,76,0,9,119,0,128,142,0,142,270
04/16/2001,ILG,DE,AEA,EN,Towers with Display (VFR),0,7,69,0,76,0,0,13,0,13,0,7,82,0,89,94,0,94,183
04/17/2001,ILG,DE,AEA,EN,Towers with Display (VFR),0,13,63,14,90,0,1,27,4,32,0,14,90,18,122,146,48,194,316
04/18/2001,ILG,DE,AEA,EN,Towers with Display (VFR),0,12,41,7,60,0,8,37,10,55,0,20,78,17,115,28,2,30,145
04/19/2001,ILG,DE,AEA,EN,Towers with Display (VFR),0,9,78,10,97,0,2,105,0,107,0,11,183,10,204,146,54,200,404
04/20/2001,ILG,DE,AEA,EN,Towers with Display (VFR),0,6,75,11,92,0,3,90,0,93,0,9,165,11,185,142,24,166,351
04/21/2001,ILG,DE,AEA,EN,Towers with Display (VFR),0,3,79,4,86,0,0,129,5,134,0,3,208,9,220,152,8,160,380
04/22/2001,ILG,DE,AEA,EN,Towers with Display (VFR),0,8,23,4,35,0,3,127,6,136,0,11,150,10,171,162,2,164,335
04/23/2001,ILG,DE,AEA,EN,Towers with Display (VFR),0,12,58,5,75,0,1,106,0,107,0,13,164,5,182,250,20,270,452
04/24/2001,ILG,DE,AEA,EN,Towers with Display (VFR),0,7,64,14,85,0,1,33,0,34,0,8,97,14,119,84,10,94,213
04/25/2001,ILG,DE,AEA,EN,Towers with Display (VFR),0,8,78,18,104,0,2,99,0,101,0,10,177,18,205,256,42,298,503
04/26/2001,ILG,DE,AEA,EN,Towers with Display (VFR),0,12,103,3,118,0,5,139,7,151,0,17,242,10,269,152,10,162,431
04/27/2001,ILG,DE,AEA,EN,Towers with Display (VFR),0,8,49,5,62,0,0,114,5,119,0,8,163,10,181,320,0,320,501
04/28/2001,ILG,DE,AEA,EN,Towers with Display (VFR),0,0,44,1,45,0,0,72,1,73,0,0,116,2,118,150,0,150,268
04/29/2001,ILG,DE,AEA,EN,Towers with Display (VFR),0,7,37,5,49,0,4,174,5,183,0,11,211,10,232,286,2,288,520
04/30/2001,ILG,DE,AEA,EN,Towers with Display (VFR),0,16,48,0,64,0,0,132,0,132,0,16,180,0,196,228,0,228,424
05/01/2001,ILG,DE,AEA,EN,Towers with Display (VFR),0,13,87,17,117,0,3,117,0,120,0,16,204,17,237,218,48,266,503
05/02/2001,ILG,DE,AEA,EN,Towers with Display (VFR),0,14,42,15,71,0,2,94,0,96,0,16,136,15,167,174,56,230,397
05/03/2001,ILG,DE,AEA,EN,Towers with Display (VFR),0,8,114,13,135,0,2,86,3,91,0,10,200,16,226,152,38,190,416
05/04/2001,ILG,DE,AEA,EN,Towers with Display (VFR),0,5,53,15,73,0,4,96,0,100,0,9,149,15,173,164,22,186,359
05/05/2001,ILG,DE,AEA,EN,Towers with Display (VFR),0,2,45,17,64,0,1,73,0,74,0,3,118,17,138,248,20,268,406
05/06/2001,ILG,DE,AEA,EN,Towers with Display (VFR),0,3,35,3,41,0,2,148,3,153,0,5,183,6,194,272,6,278,472
05/07/2001,ILG,DE,AEA,EN,Towers with Display (VFR),0,8,67,10,85,0,5,120,0,125,0,13,187,10,210,176,12,188,398
05/08/2001,ILG,DE,AEA,EN,Towers with Display (VFR),1,9,81,14,105,0,3,67,11,81,1,12,148,25,186,166,4,170,356
05/09/2001,ILG,DE,AEA,EN,Towers with Display (VFR),0,17,77,18,112,0,3,93,0,96,0,20,170,18,208,368,26,394,602
05/10/2001,ILG,DE,AEA,EN,Towers with Display (VFR),0,15,85,11,111,0,2,77,1,80,0,17,162,12,191,194,6,200,391
05/11/2001,ILG,DE,AEA,EN,Towers with Display (VFR),0,14,70,11,95,0,2,159,7,168,0,16,229,18,263,214,6,220,483
05/12/2001,ILG,DE,AEA,EN,Towers with Display (VFR),0,1,53,0,54,0,0,101,0,101,0,1,154,0,155,272,4,276,431
05/13/2001,ILG,DE,AEA,EN,Towers with Display (VFR),0,7,69,1,77,0,2,74,1,77,0,9,143,2,154,178,0,178,332
05/14/2001,ILG,DE,AEA,EN,Towers with Display (VFR),0,7,60,5,72,0,2,103,0,105,0,9,163,5,177,232,20,252,429
05/15/2001,ILG,DE,AEA,EN,Towers with Display (VFR),0,10,62,18,90,0,2,103,0,105,0,12,165,18,195,224,62,286,481
05/16/2001,ILG,DE,AEA,EN,Towers with Display (VFR),0,6,84,21,111,0,1,99,0,100,0,7,183,21,211,224,98,322,533
05/17/2001,ILG,DE,AEA,EN,Towers with Display (VFR),0,12,97,20,129,0,3,69,2,74,0,15,166,22,203,114,40,154,357
05/18/2001,ILG,DE,AEA,EN,Towers with Display (VFR),0,9,79,4,92,0,0,0,1,1,0,9,79,5,93,20,4,24,117
05/19/2001,ILG,DE,AEA,EN,Towers with Display (VFR),0,2,66,3,71,0,0,8,0,8,0,2,74,3,79,74,14,88,167
05/20/2001,ILG,DE,AEA,EN,Towers with Display (VFR),0,8,74,8,90,0,1,0,0,1,0,9,74,8,91,54,12,66,157
05/21/2001,ILG,DE,AEA,EN,Towers with Display (VFR),1,16,51,10,78,0,0,0,0,0,1,16,51,10,78,12,4,16,94
05/22/2001,ILG,DE,AEA,EN,Towers with Display (VFR),0,10,51,7,68,0,0,12,2,14,0,10,63,9,82,48,0,48,130
05/23/2001,ILG,DE,AEA,EN,Towers with Display (VFR),0,10,83,9,102,0,0,119,24,143,0,10,202,33,245,239,28,267,512
05/24/2001,ILG,DE,AEA,EN,Towers with Display (VFR),0,18,124,7,149,0,1,85,0,86,0,19,209,7,235,168,10,178,413
05/25/2001,ILG,DE,AEA,EN,Towers with Display (VFR),0,2,106,2,110,0,1,46,0,47,0,3,152,2,157,146,2,148,305
05/26/2001,ILG,DE,AEA,EN,Towers with Display (VFR),0,6,19,0,25,0,0,2,0,2,0,6,21,0,27,6,0,6,33
05/27/2001,ILG,DE,AEA,EN,Towers with Display (VFR),0,7,42,2,51,0,0,15,0,15,0,7,57,2,66,108,0,108,174
05/28/2001,ILG,DE,AEA,EN,Towers with Display (VFR),0,3,57,1,61,0,1,70,4,75,0,4,127,5,136,244,2,246,382
05/29/2001,ILG,DE,AEA,EN,Towers with Display (VFR),0,9,53,2,64,0,1,91,10,102,0,10,144,12,166,134,6,140,306
05/30/2001,ILG,DE,AEA,EN,Towers with Display (VFR),0,16,56,14,86,0,6,88,12,106,0,22,144,26,192,118,14,132,324
05/31/2001,ILG,DE,AEA,EN,Towers with Display (VFR),0,9,116,15,140,0,6,147,0,153,0,15,263,15,293,244,116,360,653
06/01/2001,ILG,DE,AEA,EN,Towers with Display (VFR),1,6,80,5,92,1,0,64,0,65,2,6,144,5,157,266,34,300,457
06/02/2001,ILG,DE,AEA,EN,Towers with Display (VFR),1,2,69,2,74,0,1,53,9,63,1,3,122,11,137,176,28,204,341
06/03/2001,ILG,DE,AEA,EN,Towers with Display (VFR),0,7,60,7,74,0,6,130,3,139,0,13,190,10,213,298,10,308,521
06/04/2001,ILG,DE,AEA,EN,Towers with Display (VFR),0,13,67,1,81,0,1,124,2,127,0,14,191,3,208,306,0,306,514
06/05/2001,ILG,DE,AEA,EN,Towers with Display (VFR),0,6,82,12,100,1,0,88,4,93,1,6,170,16,193,370,54,424,617
06/06/2001,ILG,DE,AEA,EN,Towers with Display (VFR),0,15,78,8,101,0,0,76,5,81,0,15,154,13,182,270,56,326,508
06/07/2001,ILG,DE,AEA,EN,Towers with Display (VFR),0,14,98,9,121,0,2,54,0,56,0,16,152,9,177,222,90,312,489
06/08/2001,ILG,DE,AEA,EN,Towers with Display (VFR),0,8,79,3,90,0,1,163,1,165,0,9,242,4,255,288,4,292,547
06/09/2001,ILG,DE,AEA,EN,Towers with Display (VFR),0,2,55,1,58,0,0,149,4,153,0,2,204,5,211,236,0,236,447
06/10/2001,ILG,DE,AEA,EN,Towers with Display (VFR),0,5,41,5,51,0,3,130,1,134,0,8,171,6,185,216,0,216,401
06/11/2001,ILG,DE,AEA,EN,Towers with Display (VFR),0,8,64,2,74,0,2,106,1,109,0,10,170,3,183,158,0,158,341
06/12/2001,ILG,DE,AEA,EN,Towers with Display (VFR),1,12,77,3,93,0,3,67,6,76,1,15,144,9,169,142,12,154,323
06/13/2001,ILG,DE,AEA,EN,Towers with Display (VFR),0,10,61,6,77,0,2,107,3,112,0,12,168,9,189,158,14,172,361
06/14/2001,ILG,DE,AEA,EN,Towers with Display (VFR),0,11,78,6,95,2,1,21,0,24,2,12,99,6,119,68,14,82,201
06/15/2001,ILG,DE,AEA,EN,Towers with Display (VFR),0,16,84,7,107,0,0,27,2,29,0,16,111,9,136,148,0,148,284
06/16/2001,ILG,DE,AEA,EN,Towers with Display (VFR),0,5,42,1,48,0,0,0,0,0,0,5,42,1,48,6,0,6,54
06/17/2001,ILG,DE,AEA,EN,Towers with Display (VFR),0,6,50,1,57,0,2,109,0,111,0,8,159,1,168,128,0,128,296
06/18/2001,ILG,DE,AEA,EN,Towers with Display (VFR),0,10,66,0,76,0,5,179,2,186,0,15,245,2,262,226,2,228,490
06/19/2001,ILG,DE,AEA,EN,Towers with Display (VFR),0,12,58,14,84,0,9,126,0,135,0,21,184,14,219,256,58,314,533
06/20/2001,ILG,DE,AEA,EN,Towers with Display (VFR),0,15,68,7,90,0,4,81,6,91,0,19,149,13,181,194,40,234,415
06/21/2001,ILG,DE,AEA,EN,Towers with Display (VFR),0,11,90,14,115,0,3,27,0,30,0,14,117,14,145,80,36,116,261
06/22/2001,ILG,DE,AEA,EN,Towers with Display (VFR),0,1,47,4,52,0,2,40,1,43,0,3,87,5,95,156,2,158,253
06/23/2001,ILG,DE,AEA,EN,Towers with Display (VFR),0,0,32,4,36,0,1,24,0,25,0,1,56,4,61,120,2,122,183
06/24/2001,ILG,DE,AEA,EN,Towers with Display (VFR),0,8,52,3,63,0,4,158,0,162,0,12,210,3,225,190,0,190,415
06/25/2001,ILG,DE,AEA,EN,Towers with Display (VFR),0,11,51,7,69,0,2,140,1,143,0,13,191,8,212,186,22,208,420
06/26/2001,ILG,DE,AEA,EN,Towers with Display (VFR),0,3,67,9,79,0,4,117,0,121,0,7,184,9,200,342,54,396,596
06/27/2001,ILG,DE,AEA,EN,Towers with Display (VFR),1,7,73,18,99,0,3,92,0,95,1,10,165,18,194,140,34,174,368
06/28/2001,ILG,DE,AEA,EN,Towers with Display (VFR),0,9,96,11,116,0,2,74,0,76,0,11,170,11,192,130,22,152,344
06/29/2001,ILG,DE,AEA,EN,Towers with Display (VFR),0,10,63,1,74,0,5,89,0,94,0,15,152,1,168,158,0,158,326
06/30/2001,ILG,DE,AEA,EN,Towers with Display (VFR),0,3,69,3,75,0,1,115,0,116,0,4,184,3,191,142,0,142,333
07/01/2001,ILG,DE,AEA,EN,Towers with Display (VFR),0,6,38,1,45,0,1,61,0,62,0,7,99,1,107,160,0,160,267
07/02/2001,ILG,DE,AEA,EN,Towers with Display (VFR),1,7,40,2,50,1,8,100,0,109,2,15,140,2,159,172,0,172,331
07/03/2001,ILG,DE,AEA,EN,Towers with Display (VFR),0,11,56,3,70,0,1,90,7,98,0,12,146,10,168,172,0,172,340
07/04/2001,ILG,DE,AEA,EN,Towers with Display (VFR),0,4,26,0,30,0,0,17,0,17,0,4,43,0,47,44,0,44,91
07/05/2001,ILG,DE,AEA,EN,Towers with Display (VFR),6,8,51,0,65,0,7,79,1,87,6,15,130,1,152,140,0,140,292
07/06/2001,ILG,DE,AEA,EN,Towers with Display (VFR),0,9,53,1,63,0,2,160,2,164,0,11,213,3,227,146,0,146,373
07/07/2001,ILG,DE,AEA,EN,Towers with Display (VFR),2,0,33,0,35,0,0,153,0,153,2,0,186,0,188,152,0,152,340
07/08/2001,ILG,DE,AEA,EN,Towers with Display (VFR),0,4,54,2,60,0,1,25,0,26,0,5,79,2,86,84,0,84,170
07/09/2001,ILG,DE,AEA,EN,Towers with Display (VFR),0,8,51,0,59,0,1,97,0,98,0,9,148,0,157,210,0,210,367
07/10/2001,ILG,DE,AEA,EN,Towers with Display (VFR),0,17,66,13,96,0,2,59,0,61,0,19,125,13,157,104,8,112,269
07/11/2001,ILG,DE,AEA,EN,Towers with Display (VFR),0,24,63,5,92,0,1,105,20,126,0,25,168,25,218,220,6,226,444
07/12/2001,ILG,DE,AEA,EN,Towers with Display (VFR),2,15,82,15,114,0,7,153,0,160,2,22,235,15,274,232,94,326,600
07/13/2001,ILG,DE,AEA,EN,Towers with Display (VFR),0,5,54,6,65,0,2,150,9,161,0,7,204,15,226,196,16,212,438
07/14/2001,ILG,DE,AEA,EN,Towers with Display (VFR),0,3,40,2,45,0,0,146,9,155,0,3,186,11,200,284,4,288,488
07/15/2001,ILG,DE,AEA,EN,Towers with Display (VFR),0,4,51,3,58,0,5,128,6,139,0,9,179,9,197,204,14,218,415
07/16/2001,ILG,DE,AEA,EN,Towers with Display (VFR),0,6,39,12,57,0,2,133,0,135,0,8,172,12,192,178,24,202,394
07/17/2001,ILG,DE,AEA,EN,Towers with Display (VFR),0,9,53,11,73,0,3,91,4,98,0,12,144,15,171,300,42,342,513
07/18/2001,ILG,DE,AEA,EN,Towers with Display (VFR),0,11,52,17,80,0,0,0,2,2,0,11,52,19,82,44,6,50,132
07/19/2001,ILG,DE,AEA,EN,Towers with Display (VFR),0,12,93,19,124,0,5,82,0,87,0,17,175,19,211,148,26,174,385
07/20/2001,ILG,DE,AEA,EN,Towers with Display (VFR),0,4,61,2,67,0,4,128,9,141,0,8,189,11,208,228,8,236,444
07/21/2001,ILG,DE,AEA,EN,Towers with Display (VFR),0,6,31,0,37,0,2,168,6,176,0,8,199,6,213,210,2,212,425
07/22/2001,ILG,DE,AEA,EN,Towers with Display (VFR),0,5,42,1,48,0,4,132,6,142,0,9,174,7,190,186,0,186,376
07/23/2001,ILG,DE,AEA,EN,Towers with Display (VFR),0,5,57,6,68,0,1,79,3,83,0,6,136,9,151,202,0,202,353
07/24/2001,ILG,DE,AEA,EN,Towers with Display (VFR),0,16,54,12,82,0,2,75,1,78,0,18,129,13,160,194,20,214,374
07/25/2001,ILG,DE,AEA,EN,Towers with Display (VFR),0,14,96,5,115,0,1,93,4,98,0,15,189,9,213,184,16,200,413
07/26/2001,ILG,DE,AEA,EN,Towers with Display (VFR),0,11,72,10,93,0,0,7,0,7,0,11,79,10,100,116,18,134,234
07/27/2001,ILG,DE,AEA,EN,Towers with Display (VFR),0,8,88,6,102,0,0,150,2,152,0,8,238,8,254,166,0,166,420
07/28/2001,ILG,DE,AEA,EN,Towers with Display (VFR),0,0,64,2,66,0,0,151,0,151,0,0,215,2,217,236,0,236,453
07/29/2001,ILG,DE,AEA,EN,Towers with Display (VFR),0,7,52,2,61,0,0,26,0,26,0,7,78,2,87,110,4,114,201
07/30/2001,ILG,DE,AEA,EN,Towers with Display (VFR),0,7,46,2,55,0,2,127,1,130,0,9,173,3,185,228,0,228,413
07/31/2001,ILG,DE,AEA,EN,Towers with Display (VFR),0,7,77,3,87,0,1,134,3,138,0,8,211,6,225,248,8,256,481
08/01/2001,ILG,DE,AEA,EN,Towers with Display (VFR),0,9,68,10,87,0,6,122,0,128,0,15,190,10,215,206,18,224,439
08/02/2001,ILG,DE,AEA,EN,Towers with Display (VFR),0,15,51,10,76,0,5,116,0,121,0,20,167,10,197,210,36,246,443
08/03/2001,ILG,DE,AEA,EN,Towers with Display (VFR),0,4,51,6,61,0,2,107,3,112,0,6,158,9,173,218,12,230,403
08/04/2001,ILG,DE,AEA,EN,Towers with Display (VFR),0,2,49,0,51,0,1,65,0,66,0,3,114,0,117,222,0,222,339
08/05/2001,ILG,DE,AEA,EN,Towers with Display (VFR),0,4,60,2,66,0,0,59,0,59,0,4,119,2,125,124,0,124,249
08/06/2001,ILG,DE,AEA,EN,Towers with Display (VFR),0,8,70,5,83,0,0,25,4,29,0,8,95,9,112,124,0,124,236
08/07/2001,ILG,DE,AEA,EN,Towers with Display (VFR),0,5,64,25,94,0,3,68,0,71,0,8,132,25,165,276,50,326,491
08/08/2001,ILG,DE,AEA,EN,Towers with Display (VFR),0,6,78,7,91,0,1,86,7,94,0,7,164,14,185,234,18,252,437
08/09/2001,ILG,DE,AEA,EN,Towers with Display (VFR),1,6,65,24,96,0,4,68,0,72,1,10,133,24,168,198,122,320,488
08/10/2001,ILG,DE,AEA,EN,Towers with Display (VFR),0,1,58,2,61,0,1,34,8,43,0,2,92,10,104,104,10,114,218
08/11/2001,ILG,DE,AEA,EN,Towers with Display (VFR),0,0,29,4,33,0,0,3,2,5,0,0,32,6,38,2,0,2,40
08/12/2001,ILG,DE,AEA,EN,Towers with Display (VFR),0,7,34,9,50,0,0,10,0,10,0,7,44,9,60,26,34,60,120
08/13/2001,ILG,DE,AEA,EN,Towers with Display (VFR),0,10,63,2,75,0,0,11,0,11,0,10,74,2,86,70,8,78,164
08/14/2001,ILG,DE,AEA,EN,Towers with Display (VFR),0,12,98,1,111,0,2,113,26,141,0,14,211,27,252,264,18,282,534
08/15/2001,ILG,DE,AEA,EN,Towers with Display (VFR),0,11,59,11,81,0,8,180,9,197,0,19,239,20,278,192,12,204,482
08/16/2001,ILG,DE,AEA,EN,Towers with Display (VFR),0,12,70,5,87,0,5,109,6,120,0,17,179,11,207,100,2,102,309
08/17/2001,ILG,DE,AEA,EN,Towers with Display (VFR),2,5,56,5,68,0,1,76,4,81,2,6,132,9,149,226,0,226,375
08/18/2001,ILG,DE,AEA,EN,Towers with Display (VFR),0,0,45,1,46,0,0,146,10,156,0,0,191,11,202,190,6,196,398
08/19/2001,ILG,DE,AEA,EN,Towers with Display (VFR),0,8,64,9,81,0,1,85,8,94,0,9,149,17,175,170,16,186,361
08/20/2001,ILG,DE,AEA,EN,Towers with Display (VFR),0,14,67,1,82,0,3,62,1,66,0,17,129,2,148,188,0,188,336
08/21/2001,ILG,DE,AEA,EN,Towers with Display (VFR),1,11,68,6,86,0,3,175,2,180,1,14,243,8,266,166,22,188,454
08/22/2001,ILG,DE,AEA,EN,Towers with Display (VFR),0,13,64,1,78,0,8,168,12,188,0,21,232,13,266,136,46,182,448
08/23/2001,ILG,DE,AEA,EN,Towers with Display (VFR),1,12,65,7,85,0,3,50,1,54,1,15,115,8,139,160,14,174,313
08/24/2001,ILG,DE,AEA,EN,Towers with Display (VFR),4,14,66,1,85,0,3,156,7,166,4,17,222,8,251,146,2,148,399
08/25/2001,ILG,DE,AEA,EN,Towers with Display (VFR),0,1,29,1,31,0,3,163,2,168,0,4,192,3,199,122,0,122,321
08/26/2001,ILG,DE,AEA,EN,Towers with Display (VFR),0,6,40,2,48,0,2,130,0,132,0,8,170,2,180,204,0,204,384
08/27/2001,ILG,DE,AEA,EN,Towers with Display (VFR),0,15,52,3,70,0,0,34,4,38,0,15,86,7,108,88,0,88,196
08/28/2001,ILG,DE,AEA,EN,Towers with Display (VFR),0,23,73,20,116,0,3,66,13,82,0,26,139,33,198,174,66,240,438
08/29/2001,ILG,DE,AEA,EN,Towers with Display (VFR),2,10,72,27,111,0,3,130,5,138,2,13,202,32,249,202,58,260,509
08/30/2001,ILG,DE,AEA,EN,Towers with Display (VFR),2,12,68,3,85,0,0,47,2,49,2,12,115,5,134,118,0,118,252
08/31/2001,ILG,DE,AEA,EN,Towers with Display (VFR),0,12,56,0,68,0,5,75,0,80,0,17,131,0,148,92,4,96,244
09/01/2001,ILG,DE,AEA,EN,Towers with Display (VFR),0,5,37,0,42,0,1,116,1,118,0,6,153,1,160,174,0,174,334
09/02/2001,ILG,DE,AEA,EN,Towers with Display (VFR),0,1,44,0,45,0,3,123,0,126,0,4,167,0,171,244,0,244,415
09/03/2001,ILG,DE,AEA,EN,Towers with Display (VFR),0,8,42,0,50,0,9,123,0,132,0,17,165,0,182,236,0,236,418
09/04/2001,ILG,DE,AEA,EN,Towers with Display (VFR),0,13,46,5,64,0,2,51,1,54,0,15,97,6,118,164,0,164,282
09/05/2001,ILG,DE,AEA,EN,Towers with Display (VFR),0,17,53,8,78,0,0,116,1,117,0,17,169,9,195,262,2,264,459
09/06/2001,ILG,DE,AEA,EN,Towers with Display (VFR),0,7,49,10,66,0,0,151,1,152,0,7,200,11,218,292,34,326,544
09/07/2001,ILG,DE,AEA,EN,Towers with Display (VFR),0,5,40,8,53,0,7,113,0,120,0,12,153,8,173,256,16,272,445
09/08/2001,ILG,DE,AEA,EN,Towers with Display (VFR),0,1,37,0,38,0,0,136,4,140,0,1,173,4,178,192,0,192,370
09/09/2001,ILG,DE,AEA,EN,Towers with Display (VFR),0,3,52,4,59,0,3,116,11,130,0,6,168,15,189,160,0,160,349
09/10/2001,ILG,DE,AEA,EN,Towers with Display (VFR),4,26,65,2,97,0,0,19,3,22,4,26,84,5,119,92,0,92,211
09/11/2001,ILG,DE,AEA,EN,Towers with Display (VFR),0,0,14,0,14,0,0,20,0,20,0,0,34,0,34,44,0,44,78
09/12/2001,ILG,DE,AEA,EN,Towers with Display (VFR),0,0,0,0,0,0,0,5,0,5,0,0,5,0,5,10,0,10,15
09/13/2001,ILG,DE,AEA,EN,Towers with Display (VFR),0,6,0,6,12,0,4,0,0,4,0,10,0,6,16,8,0,8,24
09/14/2001,ILG,DE,AEA,EN,Towers with Display (VFR),0,16,10,2,28,0,0,0,0,0,0,16,10,2,28,4,0,4,32
09/15/2001,ILG,DE,AEA,EN,Towers with Display (VFR),0,2,46,10,58,0,0,0,0,0,0,2,46,10,58,38,2,40,98
09/16/2001,ILG,DE,AEA,EN,Towers with Display (VFR),0,6,40,14,60,0,0,0,0,0,0,6,40,14,60,52,6,58,118
09/17/2001,ILG,DE,AEA,EN,Towers with Display (VFR),0,15,55,0,70,0,0,0,0,0,0,15,55,0,70,48,0,48,118
09/18/2001,ILG,DE,AEA,EN,Towers with Display (VFR),0,14,54,10,78,0,0,0,0,0,0,14,54,10,78,20,2,22,100
09/19/2001,ILG,DE,AEA,EN,Towers with Display (VFR),0,19,72,14,105,0,0,0,0,0,0,19,72,14,105,34,6,40,145
09/20/2001,ILG,DE,AEA,EN,Towers with Display (VFR),2,23,83,14,122,0,0,5,0,5,2,23,88,14,127,4,2,6,133
09/21/2001,ILG,DE,AEA,EN,Towers with Display (VFR),0,10,100,6,116,0,1,36,4,41,0,11,136,10,157,24,8,32,189
09/22/2001,ILG,DE,AEA,EN,Towers with Display (VFR),4,9,84,0,97,0,10,40,0,50,4,19,124,0,147,44,0,44,191
09/23/2001,ILG,DE,AEA,EN,Towers with Display (VFR),8,14,95,2,119,0,2,144,0,146,8,16,239,2,265,124,0,124,389
09/24/2001,ILG,DE,AEA,EN,Towers with Display (VFR),0,16,70,2,88,0,1,0,0,1,0,17,70,2,89,20,6,26,115
09/25/2001,ILG,DE,AEA,EN,Towers with Display (VFR),2,15,74,11,102,0,1,12,0,13,2,16,86,11,115,106,2,108,223
09/26/2001,ILG,DE,AEA,EN,Towers with Display (VFR),1,18,104,12,135,0,8,55,1,64,1,26,159,13,199,56,14,70,269
09/27/2001,ILG,DE,AEA,EN,Towers with Display (VFR),0,18,93,19,130,0,5,63,0,68,0,23,156,19,198,168,18,186,384
09/28/2001,ILG,DE,AEA,EN,Towers with Display (VFR),0,13,76,8,97,0,2,90,2,94,0,15,166,10,191,116,2,118,309
09/29/2001,ILG,DE,AEA,EN,Towers with Display (VFR),0,8,37,0,45,0,14,109,0,123,0,22,146,0,168,188,0,188,356
09/30/2001,ILG,DE,AEA,EN,Towers with Display (VFR),0,11,56,3,70,0,1,35,0,36,0,12,91,3,106,174,0,174,280
10/01/2001,ILG,DE,AEA,EN,Towers with Display (VFR),0,9,56,2,67,0,2,38,0,40,0,11,94,2,107,138,6,144,251
10/02/2001,ILG,DE,AEA,EN,Towers with Display (VFR),0,6,67,11,84,0,3,82,0,85,0,9,149,11,169,102,22,124,293
10/03/2001,ILG,DE,AEA,EN,Towers with Display (VFR),0,20,85,7,112,0,2,97,5,104,0,22,182,12,216,116,14,130,346
10/04/2001,ILG,DE,AEA,EN,Towers with Display (VFR),2,15,88,16,121,0,1,119,9,129,2,16,207,25,250,118,32,150,400
10/05/2001,ILG,DE,AEA,EN,Towers with Display (VFR),0,9,58,15,82,0,0,101,3,104,0,9,159,18,186,122,28,150,336
10/06/2001,ILG,DE,AEA,EN,Towers with Display (VFR),0,0,29,0,29,0,2,15,0,17,0,2,44,0,46,12,2,14,60
10/07/2001,ILG,DE,AEA,EN,Towers with Display (VFR),0,10,41,4,55,0,0,75,0,75,0,10,116,4,130,112,12,124,254
10/08/2001,ILG,DE,AEA,EN,Towers with Display (VFR),0,14,72,3,89,0,0,87,1,88,0,14,159,4,177,176,0,176,353
10/09/2001,ILG,DE,AEA,EN,Towers with Display (VFR),0,20,90,10,120,0,2,129,6,137,0,22,219,16,257,252,24,276,533
10/10/2001,ILG,DE,AEA,EN,Towers with Display (VFR),0,16,70,17,103,0,1,115,0,116,0,17,185,17,219,208,46,254,473
10/11/2001,ILG,DE,AEA,EN,Towers with Display (VFR),0,14,58,5,77,0,5,85,0,90,0,19,143,5,167,148,20,168,335
10/12/2001,ILG,DE,AEA,EN,Towers with Display (VFR),0,9,75,5,89,0,5,88,4,97,0,14,163,9,186,182,2,184,370
10/13/2001,ILG,DE,AEA,EN,Towers with Display (VFR),0,1,45,4,50,0,0,153,2,155,0,1,198,6,205,218,0,218,423
10/14/2001,ILG,DE,AEA,EN,Towers with Display (VFR),0,10,53,6,69,0,1,25,0,26,0,11,78,6,95,44,18,62,157
10/15/2001,ILG,DE,AEA,EN,Towers with Display (VFR),2,5,72,4,83,0,1,89,0,90,2,6,161,4,173,154,0,154,327
10/16/2001,ILG,DE,AEA,EN,Towers with Display (VFR),0,19,81,24,124,0,0,36,0,36,0,19,117,24,160,98,74,172,332
10/17/2001,ILG,DE,AEA,EN,Towers with Display (VFR),0,13,67,3,83,0,16,5,12,33,0,29,72,15,116,22,6,28,144
10/18/2001,ILG,DE,AEA,EN,Towers with Display (VFR),0,17,78,4,99,0,1,85,2,88,0,18,163,6,187,114,8,122,309
10/19/2001,ILG,DE,AEA,EN,Towers with Display (VFR),0,16,76,14,106,0,1,105,2,108,0,17,181,16,214,190,6,196,410
10/20/2001,ILG,DE,AEA,EN,Towers with Display (VFR),0,6,50,5,61,0,3,132,2,137,0,9,182,7,198,136,8,144,342
10/21/2001,ILG,DE,AEA,EN,Towers with Display (VFR),0,7,57,2,66,0,2,120,8,130,0,9,177,10,196,182,10,192,388
10/22/2001,ILG,DE,AEA,EN,Towers with Display (VFR),0,13,73,11,97,0,0,61,0,61,0,13,134,11,158,236,26,262,420
10/23/2001,ILG,DE,AEA,EN,Towers with Display (VFR),0,15,84,10,109,0,1,14,11,26,0,16,98,21,135,26,12,38,173
10/24/2001,ILG,DE,AEA,EN,Towers with Display (VFR),0,18,92,9,119,0,6,96,17,119,0,24,188,26,238,226,24,250,488
10/25/2001,ILG,DE,AEA,EN,Towers with Display (VFR),0,25,63,1,89,0,2,41,4,47,0,27,104,5,136,60,0,60,196
10/26/2001,ILG,DE,AEA,EN,Towers with Display (VFR),0,12,85,7,104,0,2,17,1,20,0,14,102,8,124,58,30,88,212
10/27/2001,ILG,DE,AEA,EN,Towers with Display (VFR),0,8,39,1,48,0,6,69,0,75,0,14,108,1,123,56,2,58,181
10/28/2001,ILG,DE,AEA,EN,Towers with Display (VFR),0,12,76,1,89,0,2,57,0,59,0,14,133,1,148,182,0,182,330
10/29/2001,ILG,DE,AEA,EN,Towers with Display (VFR),0,17,85,1,103,0,6,65,4,75,0,23,150,5,178,290,0,290,468
10/30/2001,ILG,DE,AEA,EN,Towers with Display (VFR),0,11,76,6,93,0,2,69,16,87,0,13,145,22,180,142,10,152,332
10/31/2001,ILG,DE,AEA,EN,Towers with Display (VFR),0,17,47,5,69,0,0,64,5,69,0,17,111,10,138,134,10,144,282
11/01/2001,ILG,DE,AEA,EN,Towers with Display (VFR),0,14,85,19,118,0,2,36,7,45,0,16,121,26,163,116,6,122,285
11/02/2001,ILG,DE,AEA,EN,Towers with Display (VFR),0,3,50,6,59,0,0,67,8,75,0,3,117,14,134,124,22,146,280
11/03/2001,ILG,DE,AEA,EN,Towers with Display (VFR),0,5,31,13,49,0,6,86,4,96,0,11,117,17,145,216,4,220,365
11/04/2001,ILG,DE,AEA,EN,Towers with Display (VFR),0,8,36,13,57,0,1,113,10,124,0,9,149,23,181,300,38,338,519
11/05/2001,ILG,DE,AEA,EN,Towers with Display (VFR),0,10,35,5,50,0,4,23,6,33,0,14,58,11,83,70,22,92,175
11/06/2001,ILG,DE,AEA,EN,Towers with Display (VFR),0,20,66,10,96,0,3,39,0,42,0,23,105,10,138,58,6,64,202
11/07/2001,ILG,DE,AEA,EN,Towers with Display (VFR),0,14,70,15,99,0,0,80,2,82,0,14,150,17,181,186,42,228,409
11/08/2001,ILG,DE,AEA,EN,Towers with Display (VFR),0,19,91,32,142,0,1,78,0,79,0,20,169,32,221,182,40,222,443
11/09/2001,ILG,DE,AEA,EN,Towers with Display (VFR),0,9,63,4,76,0,3,34,0,37,0,12,97,4,113,110,10,120,233
11/10/2001,ILG,DE,AEA,EN,Towers with Display (VFR),0,4,30,0,34,0,4,112,1,117,0,8,142,1,151,214,0,214,365
11/11/2001,ILG,DE,AEA,EN,Towers with Display (VFR),0,8,45,3,56,0,0,53,0,53,0,8,98,3,109,92,0,92,201
11/12/2001,ILG,DE,AEA,EN,Towers with Display (VFR),0,19,45,0,64,0,0,73,0,73,0,19,118,0,137,460,0,460,597
11/13/2001,ILG,DE,AEA,EN,Towers with Display (VFR),0,8,69,9,86,0,1,100,5,106,0,9,169,14,192,168,96,264,456
11/14/2001,ILG,DE,AEA,EN,Towers with Display (VFR),0,11,66,6,83,0,4,91,14,109,0,15,157,20,192,196,14,210,402
11/15/2001,ILG,DE,AEA,EN,Towers with Display (VFR),0,6,82,20,108,0,3,115,0,118,0,9,197,20,226,200,28,228,454
11/16/2001,ILG,DE,AEA,EN,Towers with Display (VFR),0,11,76,16,103,0,6,130,0,136,0,17,206,16,239,142,16,158,397
11/17/2001,ILG,DE,AEA,EN,Towers with Display (VFR),0,9,62,10,81,0,6,117,8,131,0,15,179,18,212,284,8,292,504
11/18/2001,ILG,DE,AEA,EN,Towers with Display (VFR),1,9,53,10,73,0,0,128,5,133,1,9,181,15,206,216,44,260,466
11/19/2001,ILG,DE,AEA,EN,Towers with Display (VFR),6,26,40,22,94,0,0,57,0,57,6,26,97,22,151,178,90,268,419
11/20/2001,ILG,DE,AEA,EN,Towers with Display (VFR),1,18,77,14,110,0,0,49,3,52,1,18,126,17,162,48,18,66,228
11/21/2001,ILG,DE,AEA,EN,Towers with Display (VFR),0,7,110,12,129,0,0,149,1,150,0,7,259,13,279,252,34,286,565
11/22/2001,ILG,DE,AEA,EN,Towers with Display (VFR),2,5,13,0,20,0,0,37,0,37,2,5,50,0,57,22,0,22,79
11/23/2001,ILG,DE,AEA,EN,Towers with Display (VFR),0,6,63,3,72,0,0,90,0,90,0,6,153,3,162,246,2,248,410
11/24/2001,ILG,DE,AEA,EN,Towers with Display (VFR),0,1,60,0,61,0,0,27,0,27,0,1,87,0,88,104,0,104,192
11/25/2001,ILG,DE,AEA,EN,Towers with Display (VFR),0,8,74,0,82,0,1,47,0,48,0,9,121,0,130,62,2,64,194
11/26/2001,ILG,DE,AEA,EN,Towers with Display (VFR),0,11,81,11,103,0,2,85,4,91,0,13,166,15,194,294,8,302,496
11/27/2001,ILG,DE,AEA,EN,Towers with Display (VFR),0,14,56,25,95,0,0,57,0,57,0,14,113,25,152,200,48,248,400
11/28/2001,ILG,DE,AEA,EN,Towers with Display (VFR),0,11,51,14,76,0,0,23,0,23,0,11,74,14,99,116,16,132,231
11/29/2001,ILG,DE,AEA,EN,Towers with Display (VFR),0,7,48,4,59,0,0,0,0,0,0,7,48,4,59,0,10,10,69
11/30/2001,ILG,DE,AEA,EN,Towers with Display (VFR),0,9,74,6,89,0,0,36,9,45,0,9,110,15,134,246,14,260,394
12/01/2001,ILG,DE,AEA,EN,Towers with Display (VFR),0,9,54,9,72,0,0,205,22,227,0,9,259,31,299,248,48,296,595
12/02/2001,ILG,DE,AEA,EN,Towers with Display (VFR),0,10,55,4,69,0,0,105,0,105,0,10,160,4,174,228,0,228,402
12/03/2001,ILG,DE,AEA,EN,Towers with Display (VFR),0,9,67,30,106,0,2,93,0,95,0,11,160,30,201,226,66,292,493
12/04/2001,ILG,DE,AEA,EN,Towers with Display (VFR),0,11,76,25,112,0,0,85,0,85,0,11,161,25,197,244,82,326,523
12/05/2001,ILG,DE,AEA,EN,Towers with Display (VFR),0,9,103,23,135,3,2,67,0,72,3,11,170,23,207,332,10,342,549
12/06/2001,ILG,DE,AEA,EN,Towers with Display (VFR),0,14,70,11,95,0,3,73,0,76,0,17,143,11,171,126,18,144,315
12/07/2001,ILG,DE,AEA,EN,Towers with Display (VFR),2,12,75,9,98,0,0,88,10,98,2,12,163,19,196,220,38,258,454
12/08/2001,ILG,DE,AEA,EN,Towers with Display (VFR),0,0,67,4,71,0,0,25,6,31,0,0,92,10,102,234,22,256,358
12/09/2001,ILG,DE,AEA,EN,Towers with Display (VFR),0,7,56,3,66,0,0,55,3,58,0,7,111,6,124,208,0,208,332
12/10/2001,ILG,DE,AEA,EN,Towers with Display (VFR),0,12,76,1,89,0,0,88,0,88,0,12,164,1,177,322,0,322,499
12/11/2001,ILG,DE,AEA,EN,Towers with Display (VFR),0,9,82,21,112,0,5,56,0,61,0,14,138,21,173,196,46,242,415
12/12/2001,ILG,DE,AEA,EN,Towers with Display (VFR),0,19,96,23,138,0,0,39,4,43,0,19,135,27,181,348,42,390,571
12/13/2001,ILG,DE,AEA,EN,Towers with Display (VFR),2,9,68,1,80,0,0,0,0,0,2,9,68,1,80,4,0,4,84
12/14/2001,ILG,DE,AEA,EN,Towers with Display (VFR),0,5,40,3,48,0,0,0,0,0,0,5,40,3,48,6,0,6,54
12/15/2001,ILG,DE,AEA,EN,Towers with Display (VFR),0,6,40,1,47,0,12,46,0,58,0,18,86,1,105,76,0,76,181
12/16/2001,ILG,DE,AEA,EN,Towers with Display (VFR),0,12,41,2,55,0,2,124,0,126,0,14,165,2,181,236,0,236,417
12/17/2001,ILG,DE,AEA,EN,Towers with Display (VFR),0,5,108,11,124,0,0,27,6,33,0,5,135,17,157,172,0,172,329
12/18/2001,ILG,DE,AEA,EN,Towers with Display (VFR),0,6,72,4,82,0,0,8,7,15,0,6,80,11,97,20,16,36,133
12/19/2001,ILG,DE,AEA,EN,Towers with Display (VFR),0,11,86,27,124,0,9,105,0,114,0,20,191,27,238,272,58,330,568
12/20/2001,ILG,DE,AEA,EN,Towers with Display (VFR),0,12,43,12,67,0,0,19,0,19,0,12,62,12,86,64,16,80,166
12/21/2001,ILG,DE,AEA,EN,Towers with Display (VFR),0,5,69,2,76,0,4,37,3,44,0,9,106,5,120,64,2,66,186
12/22/2001,ILG,DE,AEA,EN,Towers with Display (VFR),0,5,50,0,55,0,1,124,0,125,0,6,174,0,180,268,0,268,448
12/23/2001,ILG,DE,AEA,EN,Towers with Display (VFR),0,2,47,0,49,0,1,99,0,100,0,3,146,0,149,160,0,160,309
12/24/2001,ILG,DE,AEA,EN,Towers with Display (VFR),0,9,28,0,37,0,0,41,0,41,0,9,69,0,78,58,2,60,138
12/25/2001,ILG,DE,AEA,EN,Towers with Display (VFR),0,0,1,0,1,0,1,7,0,8,0,1,8,0,9,24,0,24,33
12/26/2001,ILG,DE,AEA,EN,Towers with Display (VFR),0,8,70,0,78,0,1,89,0,90,0,9,159,0,168,130,0,130,298
12/27/2001,ILG,DE,AEA,EN,Towers with Display (VFR),0,6,55,3,64,0,4,54,0,58,0,10,109,3,122,84,38,122,244
12/28/2001,ILG,DE,AEA,EN,Towers with Display (VFR),0,2,56,3,61,0,0,60,2,62,0,2,116,5,123,160,6,166,289
12/29/2001,ILG,DE,AEA,EN,Towers with Display (VFR),0,2,44,2,48,0,9,110,0,119,0,11,154,2,167,154,0,154,321
12/30/2001,ILG,DE,AEA,EN,Towers with Display (VFR),1,4,25,0,30,0,2,61,0,63,1,6,86,0,93,142,0,142,235
12/31/2001,ILG,DE,AEA,EN,Towers with Display (VFR),0,5,37,0,42,0,0,61,1,62,0,5,98,1,104,126,0,126,230
01/01/2002,ILG,DE,AEA,EN,Towers with Display (VFR),0,11,62,0,73,0,0,75,0,75,0,11,137,0,148,132,0,132,280
01/02/2002,ILG,DE,AEA,EN,Towers with Display (VFR),2,20,29,14,65,0,6,72,0,78,2,26,101,14,143,96,40,136,279
01/03/2002,ILG,DE,AEA,EN,Towers with Display (VFR),0,6,34,12,52,0,1,78,0,79,0,7,112,12,131,78,30,108,239
01/04/2002,ILG,DE,AEA,EN,Towers with Display (VFR),0,8,42,14,64,0,9,85,0,94,0,17,127,14,158,90,48,138,296
01/05/2002,ILG,DE,AEA,EN,Towers with Display (VFR),0,8,42,4,54,0,8,141,8,157,0,16,183,12,211,242,64,306,517
01/06/2002,ILG,DE,AEA,EN,Towers with Display (VFR),0,11,41,3,55,0,0,47,0,47,0,11,88,3,102,184,12,196,298
01/07/2002,ILG,DE,AEA,EN,Towers with Display (VFR),0,11,24,1,36,0,0,0,0,0,0,11,24,1,36,6,0,6,42
01/08/2002,ILG,DE,AEA,EN,Towers with Display (VFR),0,6,55,21,82,0,0,56,0,56,0,6,111,21,138,252,200,452,590
01/09/2002,ILG,DE,AEA,EN,Towers with Display (VFR),0,9,43,4,56,0,8,43,10,61,0,17,86,14,117,140,4,144,261
01/10/2002,ILG,DE,AEA,EN,Towers with Display (VFR),0,5,76,20,101,0,2,67,0,69,0,7,143,20,170,146,48,194,364
01/11/2002,ILG,DE,AEA,EN,Towers with Display (VFR),0,10,65,19,94,0,0,36,0,36,0,10,101,19,130,104,22,126,256
01/12/2002,ILG,DE,AEA,EN,Towers with Display (VFR),0,6,56,12,74,0,6,143,24,173,0,12,199,36,247,280,36,316,563
01/13/2002,ILG,DE,AEA,EN,Towers with Display (VFR),0,7,15,8,30,0,1,23,0,24,0,8,38,8,54,28,24,52,106
01/14/2002,ILG,DE,AEA,EN,Towers with Display (VFR),0,15,51,0,66,0,2,59,0,61,0,17,110,0,127,184,0,184,311
01/15/2002,ILG,DE,AEA,EN,Towers with Display (VFR),0,15,69,7,91,0,1,43,16,60,0,16,112,23,151,210,12,222,373
01/16/2002,ILG,DE,AEA,EN,Towers with Display (VFR),0,18,80,15,113,0,0,71,0,71,0,18,151,15,184,344,122,466,650
01/17/2002,ILG,DE,AEA,EN,Towers with Display (VFR),0,6,86,4,96,0,2,37,22,61,0,8,123,26,157,214,0,214,371
01/18/2002,ILG,DE,AEA,EN,Towers with Display (VFR),0,7,74,1,82,0,0,45,0,45,0,7,119,1,127,232,14,246,373
01/19/2002,ILG,DE,AEA,EN,Towers with Display (VFR),0,3,16,0,19,0,0,2,0,2,0,3,18,0,21,42,0,42,63
01/20/2002,ILG,DE,AEA,EN,Towers with Display (VFR),0,5,58,2,65,0,0,56,0,56,0,5,114,2,121,80,0,80,201
01/21/2002,ILG,DE,AEA,EN,Towers with Display (VFR),0,11,52,1,64,0,0,16,0,16,0,11,68,1,80,164,0,164,244
01/22/2002,ILG,DE,AEA,EN,Towers with Display (VFR),0,14,83,23,120,0,0,61,0,61,0,14,144,23,181,286,56,342,523
01/23/2002,ILG,DE,AEA,EN,Towers with Display (VFR),0,15,74,16,105,0,0,1,0,1,0,15,75,16,106,78,38,116,222
01/24/2002,ILG,DE,AEA,EN,Towers with Display (VFR),0,19,62,8,89,0,0,1,0,1,0,19,63,8,90,14,0,14,104
01/25/2002,ILG,DE,AEA,EN,Towers with Display (VFR),0,13,79,11,103,0,4,61,0,65,0,17,140,11,168,278,16,294,462
01/26/2002,ILG,DE,AEA,EN,Towers with Display (VFR),1,4,59,0,64,0,6,146,0,152,1,10,205,0,216,278,0,278,494
01/27/2002,ILG,DE,AEA,EN,Towers with Display (VFR),0,10,49,3,62,0,6,176,0,182,0,16,225,3,244,288,0,288,532
01/28/2002,ILG,DE,AEA,EN,Towers with Display (VFR),0,8,43,1,52,0,1,86,5,92,0,9,129,6,144,254,6,260,404
01/29/2002,ILG,DE,AEA,EN,Towers with Display (VFR),0,8,66,20,94,0,0,123,0,123,0,8,189,20,217,226,90,316,533
01/30/2002,ILG,DE,AEA,EN,Towers with Display (VFR),0,6,66,14,86,0,0,52,0,52,0,6,118,14,138,156,28,184,322
01/31/2002,ILG,DE,AEA,EN,Towers with Display (VFR),0,10,69,0,79,0,0,0,0,0,0,10,69,0,79,0,0,0,79
02/01/2002,ILG,DE,AEA,EN,Towers with Display (VFR),0,14,44,2,60,0,0,6,0,6,0,14,50,2,66,20,0,20,86
02/02/2002,ILG,DE,AEA,EN,Towers with Display (VFR),0,6,76,0,82,0,0,96,0,96,0,6,172,0,178,252,0,252,430
02/03/2002,ILG,DE,AEA,EN,Towers with Display (VFR),0,6,33,7,46,0,0,110,0,110,0,6,143,7,156,134,16,150,306
02/04/2002,ILG,DE,AEA,EN,Towers with Display (VFR),0,16,90,0,106,0,0,24,1,25,0,16,114,1,131,128,0,128,259
02/05/2002,ILG,DE,AEA,EN,Towers with Display (VFR),0,14,84,34,132,0,0,71,6,77,0,14,155,40,209,144,96,240,449
02/06/2002,ILG,DE,AEA,EN,Towers with Display (VFR),0,16,85,18,119,0,4,69,3,76,0,20,154,21,195,172,56,228,423
02/07/2002,ILG,DE,AEA,EN,Towers with Display (VFR),0,11,58,26,95,0,0,0,0,0,0,11,58,26,95,96,90,186,281
02/08/2002,ILG,DE,AEA,EN,Towers with Display (VFR),1,8,72,19,100,0,0,119,0,119,1,8,191,19,219,326,154,480,699
02/09/2002,ILG,DE,AEA,EN,Towers with Display (VFR),0,5,81,8,94,0,6,148,0,154,0,11,229,8,248,382,12,394,642
02/10/2002,ILG,DE,AEA,EN,Towers with Display (VFR),1,7,47,18,73,0,0,23,11,34,1,7,70,29,107,150,46,196,303
02/11/2002,ILG,DE,AEA,EN,Towers with Display (VFR),0,10,35,2,47,0,2,14,1,17,0,12,49,3,64,72,0,72,136
02/12/2002,ILG,DE,AEA,EN,Towers with Display (VFR),0,14,79,17,110,0,7,56,0,63,0,21,135,17,173,110,34,144,317
02/13/2002,ILG,DE,AEA,EN,Towers with Display (VFR),2,10,82,20,114,0,0,19,0,19,2,10,101,20,133,204,22,226,359
02/14/2002,ILG,DE,AEA,EN,Towers with Display (VFR),2,16,68,6,92,0,0,82,4,86,2,16,150,10,178,172,12,184,362
02/15/2002,ILG,DE,AEA,EN,Towers with Display (VFR),0,5,76,2,83,0,0,83,0,83,0,5,159,2,166,304,0,304,470
02/16/2002,ILG,DE,AEA,EN,Towers with Display (VFR),0,1,51,0,52,0,0,122,0,122,0,1,173,0,174,406,14,420,594
02/17/2002,ILG,DE,AEA,EN,Towers with Display (VFR),0,6,41,1,48,0,0,33,1,34,0,6,74,2,82,126,2,128,210
02/18/2002,ILG,DE,AEA,EN,Towers with Display (VFR),0,7,40,0,47,0,5,66,0,71,0,12,106,0,118,56,0,56,174
02/19/2002,ILG,DE,AEA,EN,Towers with Display (VFR),2,11,82,12,107,0,2,53,1,56,2,13,135,13,163,294,36,330,493
02/20/2002,ILG,DE,AEA,EN,Towers with Display (VFR),0,16,84,14,114,0,0,31,5,36,0,16,115,19,150,278,94,372,522
02/21/2002,ILG,DE,AEA,EN,Towers with Display (VFR),0,10,82,9,101,0,0,59,0,59,0,10,141,9,160,162,50,212,372
02/22/2002,ILG,DE,AEA,EN,Towers with Display (VFR),0,9,64,3,76,0,2,98,4,104,0,11,162,7,180,162,8,170,350
02/23/2002,ILG,DE,AEA,EN,Towers with Display (VFR),0,1,71,2,74,0,0,127,0,127,0,1,198,2,201,216,2,218,419
02/24/2002,ILG,DE,AEA,EN,Towers with Display (VFR),0,8,75,2,85,0,2,127,0,129,0,10,202,2,214,266,0,266,480
02/25/2002,ILG,DE,AEA,EN,Towers with Display (VFR),0,11,54,0,65,0,1,75,2,78,0,12,129,2,143,186,0,186,329
02/26/2002,ILG,DE,AEA,EN,Towers with Display (VFR),0,10,76,5,91,0,1,57,4,62,0,11,133,9,153,58,10,68,221
02/27/2002,ILG,DE,AEA,EN,Towers with Display (VFR),0,15,49,8,72,0,0,15,4,19,0,15,64,12,91,98,24,122,213
02/28/2002,ILG,DE,AEA,EN,Towers with Display (VFR),0,12,78,14,104,0,0,36,0,36,0,12,114,14,140,158,44,202,342
03/01/2002,ILG,DE,AEA,EN,Towers with Display (VFR),0,4,81,8,93,0,1,126,13,140,0,5,207,21,233,178,30,208,441
03/02/2002,ILG,DE,AEA,EN,Towers with Display (VFR),0,2,29,1,32,0,1,83,1,85,0,3,112,2,117,128,0,128,245
03/03/2002,ILG,DE,AEA,EN,Towers with Display (VFR),0,7,53,12,72,0,5,3,4,12,0,12,56,16,84,52,14,66,150
03/04/2002,ILG,DE,AEA,EN,Towers with Display (VFR),2,4,37,6,49,0,1,53,0,54,2,5,90,6,103,34,2,36,139
03/05/2002,ILG,DE,AEA,EN,Towers with Display (VFR),0,7,42,32,81,0,2,72,7,81,0,9,114,39,162,154,50,204,366
03/06/2002,ILG,DE,AEA,EN,Towers with Display (VFR),0,17,56,9,82,0,4,46,7,57,0,21,102,16,139,168,48,216,355
03/07/2002,ILG,DE,AEA,EN,Towers with Display (VFR),0,22,75,21,118,0,0,122,0,122,0,22,197,21,240,264,74,338,578
03/08/2002,ILG,DE,AEA,EN,Towers with Display (VFR),0,5,62,7,74,0,0,140,0,140,0,5,202,7,214,312,40,352,566
03/09/2002,ILG,DE,AEA,EN,Towers with Display (VFR),0,6,52,4,62,0,2,77,5,84,0,8,129,9,146,214,2,216,362
03/10/2002,ILG,DE,AEA,EN,Towers with Display (VFR),0,7,28,0,35,0,0,15,0,15,0,7,43,0,50,24,0,24,74
03/11/2002,ILG,DE,AEA,EN,Towers with Display (VFR),0,17,42,2,61,0,13,84,4,101,0,30,126,6,162,146,0,146,308
03/12/2002,ILG,DE,AEA,EN,Towers with Display (VFR),0,10,69,14,93,0,2,34,10,46,0,12,103,24,139,304,16,320,459
03/13/2002,ILG,DE,AEA,EN,Towers with Display (VFR),0,12,73,0,85,0,0,0,0,0,0,12,73,0,85,2,0,2,87
03/14/2002,ILG,DE,AEA,EN,Towers with Display (VFR),0,15,67,13,95,0,2,121,0,123,0,17,188,13,218,280,8,288,506
03/15/2002,ILG,DE,AEA,EN,Towers with Display (VFR),0,15,88,4,107,0,0,72,0,72,0,15,160,4,179,250,22,272,451
03/16/2002,ILG,DE,AEA,EN,Towers with Display (VFR),0,4,34,0,38,0,4,66,0,70,0,8,100,0,108,202,2,204,312
03/17/2002,ILG,DE,AEA,EN,Towers with Display (VFR),0,7,64,0,71,0,0,10,0,10,0,7,74,0,81,212,0,212,293
03/18/2002,ILG,DE,AEA,EN,Towers with Display (VFR),0,4,41,2,47,0,0,0,0,0,0,4,41,2,47,8,0,8,55
03/19/2002,ILG,DE,AEA,EN,Towers with Display (VFR),0,5,59,15,79,0,0,83,0,83,0,5,142,15,162,154,46,200,362
03/20/2002,ILG,DE,AEA,EN,Towers with Display (VFR),0,7,49,8,64,0,0,0,0,0,0,7,49,8,64,18,6,24,88
03/21/2002,ILG,DE,AEA,EN,Towers with Display (VFR),0,8,92,14,114,0,0,56,0,56,0,8,148,14,170,220,64,284,454
03/22/2002,ILG,DE,AEA,EN,Towers with Display (VFR),0,9,74,8,91,0,0,63,1,64,0,9,137,9,155,142,12,154,309
03/23/2002,ILG,DE,AEA,EN,Towers with Display (VFR),0,7,55,4,66,0,1,55,0,56,0,8,110,4,122,164,14,178,300
03/24/2002,ILG,DE,AEA,EN,Towers with Display (VFR),0,7,68,5,80,0,0,139,0,139,0,7,207,5,219,328,0,328,547
03/25/2002,ILG,DE,AEA,EN,Towers with Display (VFR),0,10,56,23,89,0,0,38,0,38,0,10,94,23,127,38,12,50,177
03/26/2002,ILG,DE,AEA,EN,Towers with Display (VFR),0,11,64,2,77,0,0,0,0,0,0,11,64,2,77,2,0,2,79
03/27/2002,ILG,DE,AEA,EN,Towers with Display (VFR),0,12,139,19,170,0,0,20,0,20,0,12,159,19,190,252,58,310,500
03/28/2002,ILG,DE,AEA,EN,Towers with Display (VFR),0,17,104,9,130,0,0,156,10,166,0,17,260,19,296,322,30,352,648
03/29/2002,ILG,DE,AEA,EN,Towers with Display (VFR),0,7,70,1,78,0,2,117,0,119,0,9,187,1,197,286,0,286,483
03/30/2002,ILG,DE,AEA,EN,Towers with Display (VFR),0,7,49,0,56,0,11,98,0,109,0,18,147,0,165,170,0,170,335
03/31/2002,ILG,DE,AEA,EN,Towers with Display (VFR),0,9,53,0,62,0,0,7,0,7,0,9,60,0,69,16,0,16,85
04/01/2002,ILG,DE,AEA,EN,Towers with Display (VFR),0,8,56,7,71,0,3,37,3,43,0,11,93,10,114,42,6,48,162
04/02/2002,ILG,DE,AEA,EN,Towers with Display (VFR),0,9,63,13,85,0,0,78,0,78,0,9,141,13,163,232,68,300,463
04/03/2002,ILG,DE,AEA,EN,Towers with Display (VFR),0,20,60,3,83,0,0,15,13,28,0,20,75,16,111,106,6,112,223
04/04/2002,ILG,DE,AEA,EN,Towers with Display (VFR),0,22,95,4,121,0,1,64,6,71,0,23,159,10,192,202,10,212,404
04/05/2002,ILG,DE,AEA,EN,Towers with Display (VFR),0,13,79,4,96,0,0,96,1,97,0,13,175,5,193,240,14,254,447
04/06/2002,ILG,DE,AEA,EN,Towers with Display (VFR),0,6,36,0,42,0,0,87,3,90,0,6,123,3,132,210,4,214,346
04/07/2002,ILG,DE,AEA,EN,Towers with Display (VFR),0,4,45,4,53,0,8,123,0,131,0,12,168,4,184,194,0,194,378
04/08/2002,ILG,DE,AEA,EN,Towers with Display (VFR),0,12,51,3,66,0,6,57,0,63,0,18,108,3,129,238,6,244,373
04/09/2002,ILG,DE,AEA,EN,Towers with Display (VFR),0,10,49,6,65,0,0,19,14,33,0,10,68,20,98,74,44,118,216
04/10/2002,ILG,DE,AEA,EN,Towers with Display (VFR),0,6,83,1,90,0,4,59,7,70,0,10,142,8,160,160,4,164,324
04/11/2002,ILG,DE,AEA,EN,Towers with Display (VFR),0,17,54,15,86,0,3,103,0,106,0,20,157,15,192,212,44,256,448
04/12/2002,ILG,DE,AEA,EN,Towers with Display (VFR),0,8,69,2,79,0,0,0,0,0,0,8,69,2,79,2,0,2,81
04/13/2002,ILG,DE,AEA,EN,Towers with Display (VFR),0,3,26,5,34,0,2,64,0,66,0,5,90,5,100,160,4,164,264
04/14/2002,ILG,DE,AEA,EN,Towers with Display (VFR),0,8,70,4,82,0,2,85,0,87,0,10,155,4,169,224,12,236,405
04/15/2002,ILG,DE,AEA,EN,Towers with Display (VFR),0,15,39,1,55,0,0,65,1,66,0,15,104,2,121,190,0,190,311
04/16/2002,ILG,DE,AEA,EN,Towers with Display (VFR),0,19,101,30,150,0,3,72,0,75,0,22,173,30,225,424,42,466,691
04/17/2002,ILG,DE,AEA,EN,Towers with Display (VFR),0,23,75,7,105,0,0,70,3,73,0,23,145,10,178,410,64,474,652
04/18/2002,ILG,DE,AEA,EN,Towers with Display (VFR),0,16,70,7,93,0,0,78,0,78,0,16,148,7,171,178,46,224,395
04/19/2002,ILG,DE,AEA,EN,Towers with Display (VFR),0,14,70,11,95,0,5,98,4,107,0,19,168,15,202,132,6,138,340
04/20/2002,ILG,DE,AEA,EN,Towers with Display (VFR),0,4,43,2,49,0,0,61,46,107,0,4,104,48,156,292,78,370,526
04/21/2002,ILG,DE,AEA,EN,Towers with Display (VFR),0,7,73,10,90,0,0,45,11,56,0,7,118,21,146,186,26,212,358
04/22/2002,ILG,DE,AEA,EN,Towers with Display (VFR),0,7,50,0,57,0,0,10,0,10,0,7,60,0,67,18,0,18,85
04/23/2002,ILG,DE,AEA,EN,Towers with Display (VFR),0,17,45,5,67,0,4,48,8,60,0,21,93,13,127,126,4,130,257
04/24/2002,ILG,DE,AEA,EN,Towers with Display (VFR),0,15,71,13,99,0,0,177,2,179,0,15,248,15,278,208,44,252,530
04/25/2002,ILG,DE,AEA,EN,Towers with Display (VFR),0,22,85,5,112,0,0,0,1,1,0,22,85,6,113,28,0,28,141
04/26/2002,ILG,DE,AEA,EN,Towers with Display (VFR),0,12,100,1,113,0,2,132,0,134,0,14,232,1,247,272,12,284,531
04/27/2002,ILG,DE,AEA,EN,Towers with Display (VFR),0,3,69,2,74,0,0,143,0,143,0,3,212,2,217,340,0,340,557
04/28/2002,ILG,DE,AEA,EN,Towers with Display (VFR),0,5,39,0,44,0,0,0,0,0,0,5,39,0,44,18,0,18,62
04/29/2002,ILG,DE,AEA,EN,Towers with Display (VFR),0,20,56,3,79,0,0,34,1,35,0,20,90,4,114,76,16,92,206
04/30/2002,ILG,DE,AEA,EN,Towers with Display (VFR),2,12,64,24,102,0,0,64,0,64,2,12,128,24,166,216,64,280,446
05/01/2002,ILG,DE,AEA,EN,Towers with Display (VFR),0,25,74,19,118,0,0,133,0,133,0,25,207,19,251,344,82,426,677
05/02/2002,ILG,DE,AEA,EN,Towers with Display (VFR),0,14,72,2,88,0,1,7,2,10,0,15,79,4,98,168,0,168,266
05/03/2002,ILG,DE,AEA,EN,Towers with Display (VFR),0,19,86,15,120,0,0,58,0,58,0,19,144,15,178,102,78,180,358
05/04/2002,ILG,DE,AEA,EN,Towers with Display (VFR),0,0,68,10,78,0,6,131,10,147,0,6,199,20,225,222,28,250,475
05/05/2002,ILG,DE,AEA,EN,Towers with Display (VFR),0,3,55,2,60,0,14,121,1,136,0,17,176,3,196,170,0,170,366
05/06/2002,ILG,DE,AEA,EN,Towers with Display (VFR),1,15,56,12,84,0,0,79,2,81,1,15,135,14,165,140,12,152,317
05/07/2002,ILG,DE,AEA,EN,Towers with Display (VFR),0,7,75,14,96,0,2,77,0,79,0,9,152,14,175,228,8,236,411
05/08/2002,ILG,DE,AEA,EN,Towers with Display (VFR),0,11,70,16,97,0,2,91,0,93,0,13,161,16,190,268,32,300,490
05/09/2002,ILG,DE,AEA,EN,Towers with Display (VFR),0,24,77,5,106,0,0,0,0,0,0,24,77,5,106,28,10,38,144
05/10/2002,ILG,DE,AEA,EN,Towers with Display (VFR),1,10,87,2,100,0,0,104,2,106,1,10,191,4,206,302,36,338,544
05/11/2002,ILG,DE,AEA,EN,Towers with Display (VFR),0,8,58,3,69,0,1,160,0,161,0,9,218,3,230,278,0,278,508
05/12/2002,ILG,DE,AEA,EN,Towers with Display (VFR),2,12,40,0,54,0,0,34,0,34,2,12,74,0,88,120,0,120,208
05/13/2002,ILG,DE,AEA,EN,Towers with Display (VFR),0,16,58,3,77,0,0,6,0,6,0,16,64,3,83,32,0,32,115
05/14/2002,ILG,DE,AEA,EN,Towers with Display (VFR),0,15,72,11,98,0,0,22,0,22,0,15,94,11,120,96,24,120,240
05/15/2002,ILG,DE,AEA,EN,Towers with Display (VFR),0,28,59,8,95,0,0,59,5,64,0,28,118,13,159,116,18,134,293
05/16/2002,ILG,DE,AEA,EN,Towers with Display (VFR),0,17,84,15,116,0,0,112,2,114,0,17,196,17,230,236,66,302,532
05/17/2002,ILG,DE,AEA,EN,Towers with Display (VFR),0,12,83,5,100,0,0,77,13,90,0,12,160,18,190,242,10,252,442
05/18/2002,ILG,DE,AEA,EN,Towers with Display (VFR),0,2,26,2,30,0,2,10,7,19,0,4,36,9,49,0,32,32,81
05/19/2002,ILG,DE,AEA,EN,Towers with Display (VFR),0,11,59,1,71,0,0,132,9,141,0,11,191,10,212,162,0,162,374
05/20/2002,ILG,DE,AEA,EN,Towers with Display (VFR),0,10,76,2,88,0,2,84,0,86,0,12,160,2,174,148,4,152,326
05/21/2002,ILG,DE,AEA,EN,Towers with Display (VFR),1,7,54,2,64,0,7,112,3,122,1,14,166,5,186,118,8,126,312
05/22/2002,ILG,DE,AEA,EN,Towers with Display (VFR),2,19,77,12,110,0,4,105,4,113,2,23,182,16,223,262,16,278,501
05/23/2002,ILG,DE,AEA,EN,Towers with Display (VFR),0,19,104,7,130,0,0,132,3,135,0,19,236,10,265,288,22,310,575
05/24/2002,ILG,DE,AEA,EN,Towers with Display (VFR),0,5,98,1,104,0,3,124,1,128,0,8,222,2,232,306,0,306,538
05/25/2002,ILG,DE,AEA,EN,Towers with Display (VFR),0,3,54,1,58,0,0,103,6,109,0,3,157,7,167,220,0,220,387
05/26/2002,ILG,DE,AEA,EN,Towers with Display (VFR),2,3,48,0,53,0,2,0,0,2,2,5,48,0,55,92,0,92,147
05/27/2002,ILG,DE,AEA,EN,Towers with Display (VFR),0,11,86,0,97,0,2,17,0,19,0,13,103,0,116,102,2,104,220
05/28/2002,ILG,DE,AEA,EN,Towers with Display (VFR),0,13,65,13,91,0,3,59,5,67,0,16,124,18,158,270,24,294,452
05/29/2002,ILG,DE,AEA,EN,Towers with Display (VFR),0,13,98,16,127,0,0,60,0,60,0,13,158,16,187,314,56,370,557
05/30/2002,ILG,DE,AEA,EN,Towers with Display (VFR),0,11,128,8,147,0,0,138,0,138,0,11,266,8,285,156,18,174,459
05/31/2002,ILG,DE,AEA,EN,Towers with Display (VFR),0,7,81,0,88,0,0,76,1,77,0,7,157,1,165,156,6,162,327
06/01/2002,ILG,DE,AEA,EN,Towers with Display (VFR),0,7,67,4,78,0,6,140,4,150,0,13,207,8,228,302,2,304,532
06/02/2002,ILG,DE,AEA,EN,Towers with Display (VFR),0,14,69,5,88,0,7,135,0,142,0,21,204,5,230,164,0,164,394
06/03/2002,ILG,DE,AEA,EN,Towers with Display (VFR),0,20,76,8,104,0,0,105,0,105,0,20,181,8,209,252,22,274,483
06/04/2002,ILG,DE,AEA,EN,Towers with Display (VFR),0,20,99,8,127,0,8,75,9,92,0,28,174,17,219,264,4,268,487
06/05/2002,ILG,DE,AEA,EN,Towers with Display (VFR),0,18,58,10,86,0,0,71,4,75,0,18,129,14,161,276,0,276,437
06/06/2002,ILG,DE,AEA,EN,Towers with Display (VFR),1,19,60,4,84,0,0,34,6,40,1,19,94,10,124,194,20,214,338
06/07/2002,ILG,DE,AEA,EN,Towers with Display (VFR),0,15,109,9,133,0,1,59,1,61,0,16,168,10,194,160,14,174,368
06/08/2002,ILG,DE,AEA,EN,Towers with Display (VFR),0,7,52,4,63,0,9,200,13,222,0,16,252,17,285,266,20,286,571
06/09/2002,ILG,DE,AEA,EN,Towers with Display (VFR),2,8,47,3,60,0,0,135,5,140,2,8,182,8,200,138,26,164,364
06/10/2002,ILG,DE,AEA,EN,Towers with Display (VFR),0,17,64,1,82,0,0,53,2,55,0,17,117,3,137,256,0,256,393
06/11/2002,ILG,DE,AEA,EN,Towers with Display (VFR),0,14,102,12,128,0,0,95,0,95,0,14,197,12,223,248,16,264,487
06/12/2002,ILG,DE,AEA,EN,Towers with Display (VFR),0,16,87,15,118,0,0,85,8,93,0,16,172,23,211,148,26,174,385
06/13/2002,ILG,DE,AEA,EN,Towers with Display (VFR),0,21,113,0,134,0,0,0,0,0,0,21,113,0,134,34,10,44,178
06/14/2002,ILG,DE,AEA,EN,Towers with Display (VFR),2,33,112,11,158,0,0,0,0,0,2,33,112,11,158,58,48,106,264
06/15/2002,ILG,DE,AEA,EN,Towers with Display (VFR),0,7,132,0,139,0,11,1,0,12,0,18,133,0,151,172,0,172,323
06/16/2002,ILG,DE,AEA,EN,Towers with Display (VFR),0,5,46,2,53,0,0,96,2,98,0,5,142,4,151,136,0,136,287
06/17/2002,ILG,DE,AEA,EN,Towers with Display (VFR),0,13,54,2,69,0,6,101,13,120,0,19,155,15,189,240,12,252,441
06/18/2002,ILG,DE,AEA,EN,Towers with Display (VFR),0,23,81,30,134,0,4,114,0,118,0,27,195,30,252,238,74,312,564
06/19/2002,ILG,DE,AEA,EN,Towers with Display (VFR),0,28,107,26,161,0,0,82,0,82,0,28,189,26,243,294,70,364,607
06/20/2002,ILG,DE,AEA,EN,Towers with Display (VFR),0,12,97,28,137,0,2,143,6,151,0,14,240,34,288,294,16,310,598
06/21/2002,ILG,DE,AEA,EN,Towers with Display (VFR),0,10,116,9,135,0,0,109,0,109,0,10,225,9,244,476,10,486,730
06/22/2002,ILG,DE,AEA,EN,Towers with Display (VFR),0,4,93,3,100,0,0,92,0,92,0,4,185,3,192,436,2,438,630
06/23/2002,ILG,DE,AEA,EN,Towers with Display (VFR),0,2,40,0,42,0,1,122,2,125,0,3,162,2,167,126,0,126,293
06/24/2002,ILG,DE,AEA,EN,Towers with Display (VFR),0,9,50,0,59,0,0,59,0,59,0,9,109,0,118,208,0,208,326
06/25/2002,ILG,DE,AEA,EN,Towers with Display (VFR),0,12,110,19,141,0,0,38,0,38,0,12,148,19,179,206,86,292,471
06/26/2002,ILG,DE,AEA,EN,Towers with Display (VFR),0,12,110,19,141,0,4,60,0,64,0,16,170,19,205,258,60,318,523
06/27/2002,ILG,DE,AEA,EN,Towers with Display (VFR),0,12,97,8,117,0,1,43,4,48,0,13,140,12,165,168,4,172,337
06/28/2002,ILG,DE,AEA,EN,Towers with Display (VFR),0,22,88,2,112,0,1,82,1,84,0,23,170,3,196,298,4,302,498
06/29/2002,ILG,DE,AEA,EN,Towers with Display (VFR),0,5,57,0,62,0,5,229,8,242,0,10,286,8,304,248,8,256,560
06/30/2002,ILG,DE,AEA,EN,Towers with Display (VFR),1,8,30,3,42,0,0,125,0,125,1,8,155,3,167,220,0,220,387
07/01/2002,ILG,DE,AEA,EN,Towers with Display (VFR),0,6,44,11,61,0,1,95,0,96,0,7,139,11,157,164,18,182,339
07/02/2002,ILG,DE,AEA,EN,Towers with Display (VFR),0,16,69,17,102,0,8,111,0,119,0,24,180,17,221,312,38,350,571
07/03/2002,ILG,DE,AEA,EN,Towers with Display (VFR),0,10,77,5,92,0,8,94,0,102,0,18,171,5,194,166,24,190,384
07/04/2002,ILG,DE,AEA,EN,Towers with Display (VFR),0,4,24,2,30,0,0,26,0,26,0,4,50,2,56,144,2,146,202
07/05/2002,ILG,DE,AEA,EN,Towers with Display (VFR),0,6,67,0,73,0,0,85,1,86,0,6,152,1,159,146,0,146,305
07/06/2002,ILG,DE,AEA,EN,Towers with Display (VFR),0,1,65,0,66,0,0,87,8,95,0,1,152,8,161,190,0,190,351
07/07/2002,ILG,DE,AEA,EN,Towers with Display (VFR),0,10,103,0,113,0,0,16,1,17,0,10,119,1,130,84,0,84,214
07/08/2002,ILG,DE,AEA,EN,Towers with Display (VFR),0,12,102,4,118,0,2,7,4,13,0,14,109,8,131,32,0,32,163
07/09/2002,ILG,DE,AEA,EN,Towers with Display (VFR),0,9,71,9,89,0,0,40,0,40,0,9,111,9,129,320,46,366,495
07/10/2002,ILG,DE,AEA,EN,Towers with Display (VFR),0,15,79,3,97,0,0,80,7,87,0,15,159,10,184,346,34,380,564
07/11/2002,ILG,DE,AEA,EN,Towers with Display (VFR),0,20,102,3,125,0,0,162,15,177,0,20,264,18,302,328,0,328,630
07/12/2002,ILG,DE,AEA,EN,Towers with Display (VFR),0,17,83,22,122,0,0,162,0,162,0,17,245,22,284,354,50,404,688
07/13/2002,ILG,DE,AEA,EN,Towers with Display (VFR),0,4,60,3,67,0,0,166,18,184,0,4,226,21,251,310,54,364,615
07/14/2002,ILG,DE,AEA,EN,Towers with Display (VFR),0,10,100,10,120,0,0,9,3,12,0,10,109,13,132,154,12,166,298
07/15/2002,ILG,DE,AEA,EN,Towers with Display (VFR),0,6,81,6,93,0,0,69,0,69,0,6,150,6,162,306,14,320,482
07/16/2002,ILG,DE,AEA,EN,Towers with Display (VFR),0,12,139,15,166,0,0,38,6,44,0,12,177,21,210,368,14,382,592
07/17/2002,ILG,DE,AEA,EN,Towers with Display (VFR),0,12,93,7,112,0,2,72,2,76,0,14,165,9,188,186,24,210,398
07/18/2002,ILG,DE,AEA,EN,Towers with Display (VFR),0,24,115,10,149,0,4,42,0,46,0,28,157,10,195,190,12,202,397
07/19/2002,ILG,DE,AEA,EN,Towers with Display (VFR),0,15,110,2,127,0,4,8,2,14,0,19,118,4,141,86,8,94,235
07/20/2002,ILG,DE,AEA,EN,Towers with Display (VFR),0,9,73,24,106,0,4,84,0,88,0,13,157,24,194,294,86,380,574
07/21/2002,ILG,DE,AEA,EN,Towers with Display (VFR),0,14,60,2,76,0,4,84,1,89,0,18,144,3,165,168,0,168,333
07/22/2002,ILG,DE,AEA,EN,Towers with Display (VFR),0,9,59,0,68,0,2,45,1,48,0,11,104,1,116,134,0,134,250
07/23/2002,ILG,DE,AEA,EN,Towers with Display (VFR),0,10,55,4,69,0,1,32,0,33,0,11,87,4,102,94,26,120,222
07/24/2002,ILG,DE,AEA,EN,Towers with Display (VFR),0,23,92,11,126,0,0,32,0,32,0,23,124,11,158,142,18,160,318
07/25/2002,ILG,DE,AEA,EN,Towers with Display (VFR),0,17,109,12,138,0,0,91,0,91,0,17,200,12,229,280,28,308,537
07/26/2002,ILG,DE,AEA,EN,Towers with Display (VFR),0,18,106,6,130,0,0,92,0,92,0,18,198,6,222,344,16,360,582
07/27/2002,ILG,DE,AEA,EN,Towers with Display (VFR),0,3,90,1,94,0,4,0,1,5,0,7,90,2,99,136,6,142,241
07/28/2002,ILG,DE,AEA,EN,Towers with Display (VFR),0,4,50,3,57,0,0,64,0,64,0,4,114,3,121,194,8,202,323
07/29/2002,ILG,DE,AEA,EN,Towers with Display (VFR),0,7,54,6,67,0,4,89,2,95,0,11,143,8,162,132,10,142,304
07/30/2002,ILG,DE,AEA,EN,Towers with Display (VFR),0,20,88,8,116,0,0,90,0,90,0,20,178,8,206,230,26,256,462
07/31/2002,ILG,DE,AEA,EN,Towers with Display (VFR),0,32,120,33,185,0,3,115,0,118,0,35,235,33,303,416,120,536,839
08/01/2002,ILG,DE,AEA,EN,Towers with Display (VFR),0,23,72,4,99,0,0,83,3,86,0,23,155,7,185,200,0,200,385
08/02/2002,ILG,DE,AEA,EN,Towers with Display (VFR),0,12,111,14,137,0,4,84,0,88,0,16,195,14,225,230,54,284,509
08/03/2002,ILG,DE,AEA,EN,Towers with Display (VFR),0,10,68,6,84,0,0,71,0,71,0,10,139,6,155,228,12,240,395
08/04/2002,ILG,DE,AEA,EN,Towers with Display (VFR),0,11,48,2,61,0,3,112,0,115,0,14,160,2,176,102,4,106,282
08/05/2002,ILG,DE,AEA,EN,Towers with Display (VFR),0,6,59,0,65,0,3,30,0,33,0,9,89,0,98,174,4,178,276
08/06/2002,ILG,DE,AEA,EN,Towers with Display (VFR),0,8,69,11,88,0,0,88,0,88,0,8,157,11,176,90,58,148,324
08/07/2002,ILG,DE,AEA,EN,Towers with Display (VFR),0,14,57,3,74,0,7,135,11,153,0,21,192,14,227,160,18,178,405
08/08/2002,ILG,DE,AEA,EN,Towers with Display (VFR),0,9,72,6,87,0,1,132,0,133,0,10,204,6,220,168,12,180,400
08/09/2002,ILG,DE,AEA,EN,Towers with Display (VFR),0,18,41,2,61,0,6,145,0,151,0,24,186,2,212,172,24,196,408
08/10/2002,ILG,DE,AEA,EN,Towers with Display (VFR),0,3,56,2,61,0,4,135,3,142,0,7,191,5,203,130,0,130,333
08/11/2002,ILG,DE,AEA,EN,Towers with Display (VFR),0,9,43,6,58,0,10,135,0,145,0,19,178,6,203,132,12,144,347
08/12/2002,ILG,DE,AEA,EN,Towers with Display (VFR),0,10,58,5,73,0,8,67,0,75,0,18,125,5,148,306,16,322,470
08/13/2002,ILG,DE,AEA,EN,Towers with Display (VFR),0,9,61,13,83,0,8,50,4,62,0,17,111,17,145,134,6,140,285
08/14/2002,ILG,DE,AEA,EN,Towers with Display (VFR),0,18,53,19,90,0,1,87,0,88,0,19,140,19,178,194,64,258,436
08/15/2002,ILG,DE,AEA,EN,Towers with Display (VFR),0,17,42,17,76,0,10,61,0,71,0,27,103,17,147,216,52,268,415
08/16/2002,ILG,DE,AEA,EN,Towers with Display (VFR),0,6,86,3,95,0,0,94,4,98,0,6,180,7,193,174,6,180,373
08/17/2002,ILG,DE,AEA,EN,Towers with Display (VFR),0,3,35,2,40,0,2,106,0,108,0,5,141,2,148,164,2,166,314
08/18/2002,ILG,DE,AEA,EN,Towers with Display (VFR),0,6,37,5,48,0,6,95,0,101,0,12,132,5,149,162,0,162,311
08/19/2002,ILG,DE,AEA,EN,Towers with Display (VFR),0,15,78,6,99,0,0,77,0,77,0,15,155,6,176,122,20,142,318
08/20/2002,ILG,DE,AEA,EN,Towers with Display (VFR),0,8,60,16,84,0,0,71,0,71,0,8,131,16,155,116,30,146,301
08/21/2002,ILG,DE,AEA,EN,Towers with Display (VFR),0,10,74,12,96,0,0,112,0,112,0,10,186,12,208,198,16,214,422
08/22/2002,ILG,DE,AEA,EN,Towers with Display (VFR),0,23,77,7,107,0,3,73,0,76,0,26,150,7,183,180,30,210,393
08/23/2002,ILG,DE,AEA,EN,Towers with Display (VFR),0,15,59,8,82,0,2,57,6,65,0,17,116,14,147,208,14,222,369
08/24/2002,ILG,DE,AEA,EN,Towers with Display (VFR),0,6,38,3,47,0,0,1,0,1,0,6,39,3,48,38,2,40,88
08/25/2002,ILG,DE,AEA,EN,Towers with Display (VFR),0,7,45,0,52,0,4,130,0,134,0,11,175,0,186,156,0,156,342
08/26/2002,ILG,DE,AEA,EN,Towers with Display (VFR),0,9,52,2,63,0,1,92,4,97,0,10,144,6,160,202,12,214,374
08/27/2002,ILG,DE,AEA,EN,Towers with Display (VFR),0,25,57,30,112,0,2,61,0,63,0,27,118,30,175,178,66,244,419
08/28/2002,ILG,DE,AEA,EN,Towers with Display (VFR),2,28,80,11,121,0,4,0,0,4,2,32,80,11,125,58,20,78,203
08/29/2002,ILG,DE,AEA,EN,Towers with Display (VFR),2,18,90,8,118,0,0,0,0,0,2,18,90,8,118,104,6,110,228
08/30/2002,ILG,DE,AEA,EN,Towers with Display (VFR),1,15,101,0,117,0,0,93,0,93,1,15,194,0,210,290,0,290,500
08/31/2002,ILG,DE,AEA,EN,Towers with Display (VFR),1,1,60,0,62,0,6,112,0,118,1,7,172,0,180,234,0,234,414
09/01/2002,ILG,DE,AEA,EN,Towers with Display (VFR),0,5,32,0,37,0,0,0,0,0,0,5,32,0,37,6,0,6,43
09/02/2002,ILG,DE,AEA,EN,Towers with Display (VFR),0,12,39,11,62,0,1,64,0,65,0,13,103,11,127,96,30,126,253
09/03/2002,ILG,DE,AEA,EN,Towers with Display (VFR),0,15,92,26,133,0,1,120,1,122,0,16,212,27,255,252,82,334,589
09/04/2002,ILG,DE,AEA,EN,Towers with Display (VFR),0,6,60,7,73,0,0,83,9,92,0,6,143,16,165,152,26,178,343
09/05/2002,ILG,DE,AEA,EN,Towers with Display (VFR),0,11,82,7,100,0,1,157,4,162,0,12,239,11,262,272,20,292,554
09/06/2002,ILG,DE,AEA,EN,Towers with Display (VFR),0,8,88,11,107,0,0,127,0,127,0,8,215,11,234,262,72,334,568
09/07/2002,ILG,DE,AEA,EN,Towers with Display (VFR),0,2,42,9,53,0,14,143,5,162,0,16,185,14,215,182,6,188,403
09/08/2002,ILG,DE,AEA,EN,Towers with Display (VFR),0,4,63,8,75,0,4,106,12,122,0,8,169,20,197,194,14,208,405
09/09/2002,ILG,DE,AEA,EN,Towers with Display (VFR),0,12,39,11,62,0,1,64,0,65,0,13,103,11,127,96,30,126,253
09/10/2002,ILG,DE,AEA,EN,Towers with Display (VFR),0,14,79,1,94,0,2,112,7,121,0,16,191,8,215,220,26,246,461
09/11/2002,ILG,DE,AEA,EN,Towers with Display (VFR),0,11,78,19,108,0,0,27,13,40,0,11,105,32,148,232,90,322,470
09/12/2002,ILG,DE,AEA,EN,Towers with Display (VFR),0,18,103,19,140,0,0,131,7,138,0,18,234,26,278,364,14,378,656
09/13/2002,ILG,DE,AEA,EN,Towers with Display (VFR),0,15,87,2,104,0,0,146,5,151,0,15,233,7,255,320,4,324,579
09/14/2002,ILG,DE,AEA,EN,Towers with Display (VFR),0,2,40,8,50,0,8,183,7,198,0,10,223,15,248,312,10,322,570
09/15/2002,ILG,DE,AEA,EN,Towers with Display (VFR),0,4,45,1,50,0,0,0,1,1,0,4,45,2,51,24,0,24,75
09/16/2002,ILG,DE,AEA,EN,Towers with Display (VFR),0,11,72,7,90,0,6,3,0,9,0,17,75,7,99,118,4,122,221
09/17/2002,ILG,DE,AEA,EN,Towers with Display (VFR),0,13,33,6,52,0,0,95,10,105,0,13,128,16,157,280,32,312,469
09/18/2002,ILG,DE,AEA,EN,Towers with Display (VFR),0,15,88,13,116,0,0,149,3,152,0,15,237,16,268,238,34,272,540
09/19/2002,ILG,DE,AEA,EN,Towers with Display (VFR),0,20,112,17,149,0,0,91,0,91,0,20,203,17,240,196,26,222,462
09/20/2002,ILG,DE,AEA,EN,Towers with Display (VFR),2,9,109,10,130,0,0,138,0,138,2,9,247,10,268,308,10,318,586
09/21/2002,ILG,DE,AEA,EN,Towers with Display (VFR),1,9,70,3,83,0,3,134,0,137,1,12,204,3,220,222,0,222,442
09/22/2002,ILG,DE,AEA,EN,Towers with Display (VFR),0,4,92,2,98,0,1,128,3,132,0,5,220,5,230,150,0,150,380
09/23/2002,ILG,DE,AEA,EN,Towers with Display (VFR),0,11,112,8,131,0,6,21,2,29,0,17,133,10,160,150,16,166,326
09/24/2002,ILG,DE,AEA,EN,Towers with Display (VFR),0,14,97,17,128,0,2,130,0,132,0,16,227,17,260,304,54,358,618
09/25/2002,ILG,DE,AEA,EN,Towers with Display (VFR),0,19,72,14,105,0,4,111,0,115,0,23,183,14,220,274,30,304,524
09/26/2002,ILG,DE,AEA,EN,Towers with Display (VFR),0,27,108,10,145,0,0,31,0,31,0,27,139,10,176,108,24,132,308
09/27/2002,ILG,DE,AEA,EN,Towers with Display (VFR),0,18,90,2,110,0,0,9,0,9,0,18,99,2,119,34,0,34,153
09/28/2002,ILG,DE,AEA,EN,Towers with Display (VFR),0,0,50,4,54,0,0,152,0,152,0,0,202,4,206,220,6,226,432
09/29/2002,ILG,DE,AEA,EN,Towers with Display (VFR),0,7,55,0,62,0,2,178,1,181,0,9,233,1,243,186,0,186,429
09/30/2002,ILG,DE,AEA,EN,Towers with Display (VFR),0,6,51,0,57,0,7,107,0,114,0,13,158,0,171,124,0,124,295
10/01/2002,ILG,DE,AEA,EN,Towers with Display (VFR),0,2,97,1,100,0,1,96,1,98,0,3,193,2,198,144,6,150,348
10/02/2002,ILG,DE,AEA,EN,Towers with Display (VFR),0,25,119,22,166,0,3,81,0,84,0,28,200,22,250,216,66,282,532
10/03/2002,ILG,DE,AEA,EN,Towers with Display (VFR),0,25,95,14,134,0,0,97,0,97,0,25,192,14,231,228,34,262,493
10/04/2002,ILG,DE,AEA,EN,Towers with Display (VFR),1,16,91,10,118,0,0,6,0,6,1,16,97,10,124,28,6,34,158
10/05/2002,ILG,DE,AEA,EN,Towers with Display (VFR),1,3,37,1,42,0,1,89,5,95,1,4,126,6,137,108,6,114,251
10/06/2002,ILG,DE,AEA,EN,Towers with Display (VFR),0,11,54,2,67,0,1,118,8,127,0,12,172,10,194,166,12,178,372
10/07/2002,ILG,DE,AEA,EN,Towers with Display (VFR),0,7,54,2,63,0,5,24,0,29,0,12,78,2,92,126,16,142,234
10/08/2002,ILG,DE,AEA,EN,Towers with Display (VFR),0,11,69,20,100,0,0,124,6,130,0,11,193,26,230,162,50,212,442
10/09/2002,ILG,DE,AEA,EN,Towers with Display (VFR),1,6,62,5,74,0,4,65,9,78,1,10,127,14,152,116,28,144,296
10/10/2002,ILG,DE,AEA,EN,Towers with Display (VFR),0,11,88,3,102,0,0,0,0,0,0,11,88,3,102,28,0,28,130
10/11/2002,ILG,DE,AEA,EN,Towers with Display (VFR),1,26,103,2,132,0,0,0,0,0,1,26,103,2,132,12,8,20,152
10/12/2002,ILG,DE,AEA,EN,Towers with Display (VFR),2,9,63,2,76,0,2,0,0,2,2,11,63,2,78,64,4,68,146
10/13/2002,ILG,DE,AEA,EN,Towers with Display (VFR),0,16,74,0,90,0,4,16,0,20,0,20,90,0,110,82,6,88,198
10/14/2002,ILG,DE,AEA,EN,Towers with Display (VFR),0,16,63,0,79,0,0,79,0,79,0,16,142,0,158,170,0,170,328
10/15/2002,ILG,DE,AEA,EN,Towers with Display (VFR),0,12,79,9,100,0,8,73,1,82,0,20,152,10,182,130,44,174,356
10/16/2002,ILG,DE,AEA,EN,Towers with Display (VFR),0,28,55,12,95,0,2,0,0,2,0,30,55,12,97,42,28,70,167
10/17/2002,ILG,DE,AEA,EN,Towers with Display (VFR),0,8,86,5,99,0,2,64,4,70,0,10,150,9,169,180,8,188,357
10/18/2002,ILG,DE,AEA,EN,Towers with Display (VFR),0,8,103,8,119,0,0,136,13,149,0,8,239,21,268,252,10,262,530
10/19/2002,ILG,DE,AEA,EN,Towers with Display (VFR),0,4,40,4,48,0,0,57,0,57,0,4,97,4,105,120,0,120,225
10/20/2002,ILG,DE,AEA,EN,Towers with Display (VFR),0,5,51,2,58,0,0,82,10,92,0,5,133,12,150,114,2,116,266
10/21/2002,ILG,DE,AEA,EN,Towers with Display (VFR),0,6,44,4,54,0,0,77,0,77,0,6,121,4,131,138,4,142,273
10/22/2002,ILG,DE,AEA,EN,Towers with Display (VFR),0,14,73,3,90,0,0,127,33,160,0,14,200,36,250,184,22,206,456
10/23/2002,ILG,DE,AEA,EN,Towers with Display (VFR),0,16,93,6,115,0,1,85,5,91,0,17,178,11,206,392,52,444,650
10/24/2002,ILG,DE,AEA,EN,Towers with Display (VFR),0,18,100,2,120,0,2,22,2,26,0,20,122,4,146,220,2,222,368
10/25/2002,ILG,DE,AEA,EN,Towers with Display (VFR),0,14,155,6,175,0,0,25,0,25,0,14,180,6,200,146,14,160,360
10/26/2002,ILG,DE,AEA,EN,Towers with Display (VFR),0,4,108,10,122,0,0,0,0,0,0,4,108,10,122,136,26,162,284
10/27/2002,ILG,DE,AEA,EN,Towers with Display (VFR),0,11,60,1,72,0,0,134,4,138,0,11,194,5,210,214,22,236,446
10/28/2002,ILG,DE,AEA,EN,Towers with Display (VFR),0,13,59,4,76,0,0,61,0,61,0,13,120,4,137,170,12,182,319
10/29/2002,ILG,DE,AEA,EN,Towers with Display (VFR),0,10,60,15,85,0,2,15,0,17,0,12,75,15,102,124,58,182,284
10/30/2002,ILG,DE,AEA,EN,Towers with Display (VFR),1,19,53,6,79,0,0,0,0,0,1,19,53,6,79,0,6,6,85
10/31/2002,ILG,DE,AEA,EN,Towers with Display (VFR),0,11,86,7,104,0,0,114,0,114,0,11,200,7,218,180,52,232,450
11/01/2002,ILG,DE,AEA,EN,Towers with Display (VFR),1,20,78,0,99,0,0,69,0,69,1,20,147,0,168,258,28,286,454
11/02/2002,ILG,DE,AEA,EN,Towers with Display (VFR),1,9,62,13,85,0,8,67,0,75,1,17,129,13,160,244,58,302,462
11/03/2002,ILG,DE,AEA,EN,Towers with Display (VFR),0,11,54,8,73,0,2,124,0,126,0,13,178,8,199,196,8,204,403
11/04/2002,ILG,DE,AEA,EN,Towers with Display (VFR),0,9,45,4,58,0,0,42,0,42,0,9,87,4,100,92,4,96,196
11/05/2002,ILG,DE,AEA,EN,Towers with Display (VFR),0,27,71,17,115,0,4,65,0,69,0,31,136,17,184,262,46,308,492
11/06/2002,ILG,DE,AEA,EN,Towers with Display (VFR),0,13,56,14,83,0,0,11,0,11,0,13,67,14,94,12,12,24,118
11/07/2002,ILG,DE,AEA,EN,Towers with Display (VFR),0,26,108,11,145,0,0,58,1,59,0,26,166,12,204,200,30,230,434
11/08/2002,ILG,DE,AEA,EN,Towers with Display (VFR),2,16,70,4,92,0,0,122,0,122,2,16,192,4,214,186,46,232,446
11/09/2002,ILG,DE,AEA,EN,Towers with Display (VFR),2,1,50,6,59,0,2,141,0,143,2,3,191,6,202,358,30,388,590
11/10/2002,ILG,DE,AEA,EN,Towers with Display (VFR),0,5,44,2,51,0,4,63,0,67,0,9,107,2,118,136,2,138,256
11/11/2002,ILG,DE,AEA,EN,Towers with Display (VFR),0,9,58,4,71,0,0,0,0,0,0,9,58,4,71,14,2,16,87
11/12/2002,ILG,DE,AEA,EN,Towers with Display (VFR),0,12,83,7,102,0,0,7,0,7,0,12,90,7,109,38,0,38,147
11/13/2002,ILG,DE,AEA,EN,Towers with Display (VFR),0,10,62,14,86,0,0,81,1,82,0,10,143,15,168,184,26,210,378
11/14/2002,ILG,DE,AEA,EN,Towers with Display (VFR),0,13,62,19,94,0,0,109,0,109,0,13,171,19,203,208,64,272,475
11/15/2002,ILG,DE,AEA,EN,Towers with Display (VFR),0,10,81,8,99,0,0,115,5,120,0,10,196,13,219,282,16,298,517
11/16/2002,ILG,DE,AEA,EN,Towers with Display (VFR),0,0,22,4,26,0,0,1,0,1,0,0,23,4,27,18,30,48,75
11/17/2002,ILG,DE,AEA,EN,Towers with Display (VFR),1,6,40,8,55,0,0,3,11,14,1,6,43,19,69,0,26,26,95
11/18/2002,ILG,DE,AEA,EN,Towers with Display (VFR),2,17,42,4,65,0,12,19,1,32,2,29,61,5,97,88,4,92,189
11/19/2002,ILG,DE,AEA,EN,Towers with Display (VFR),0,17,81,30,128,0,3,85,0,88,0,20,166,30,216,260,34,294,510
11/20/2002,ILG,DE,AEA,EN,Towers with Display (VFR),0,13,60,20,93,0,0,112,0,112,0,13,172,20,205,288,50,338,543
11/21/2002,ILG,DE,AEA,EN,Towers with Display (VFR),0,24,88,13,125,0,1,0,0,1,0,25,88,13,126,218,54,272,398
11/22/2002,ILG,DE,AEA,EN,Towers with Display (VFR),1,12,54,4,71,0,0,6,0,6,1,12,60,4,77,62,0,62,139
11/23/2002,ILG,DE,AEA,EN,Towers with Display (VFR),0,4,53,6,63,0,0,18,0,18,0,4,71,6,81,120,32,152,233
11/24/2002,ILG,DE,AEA,EN,Towers with Display (VFR),0,4,62,1,67,0,2,121,0,123,0,6,183,1,190,304,0,304,494
11/25/2002,ILG,DE,AEA,EN,Towers with Display (VFR),0,22,53,10,85,0,0,105,0,105,0,22,158,10,190,154,40,194,384
11/26/2002,ILG,DE,AEA,EN,Towers with Display (VFR),0,10,70,30,110,0,0,103,0,103,0,10,173,30,213,280,64,344,557
11/27/2002,ILG,DE,AEA,EN,Towers with Display (VFR),0,15,48,5,68,0,0,49,0,49,0,15,97,5,117,118,8,126,243
11/28/2002,ILG,DE,AEA,EN,Towers with Display (VFR),0,4,9,0,13,0,0,28,0,28,0,4,37,0,41,80,0,80,121
11/29/2002,ILG,DE,AEA,EN,Towers with Display (VFR),0,5,40,0,45,0,0,58,0,58,0,5,98,0,103,132,0,132,235
11/30/2002,ILG,DE,AEA,EN,Towers with Display (VFR),0,6,36,0,42,0,0,81,0,81,0,6,117,0,123,246,0,246,369
12/01/2002,ILG,DE,AEA,EN,Towers with Display (VFR),0,13,53,0,66,0,8,28,0,36,0,21,81,0,102,38,0,38,140
12/02/2002,ILG,DE,AEA,EN,Towers with Display (VFR),0,12,74,1,87,0,4,54,6,64,0,16,128,7,151,88,14,102,253
12/03/2002,ILG,DE,AEA,EN,Towers with Display (VFR),3,19,57,16,95,0,0,52,0,52,3,19,109,16,147,70,8,78,225
12/04/2002,ILG,DE,AEA,EN,Towers with Display (VFR),0,17,103,33,153,0,0,89,0,89,0,17,192,33,242,272,98,370,612
12/05/2002,ILG,DE,AEA,EN,Towers with Display (VFR),0,5,13,0,18,0,0,0,0,0,0,5,13,0,18,0,0,0,18
12/06/2002,ILG,DE,AEA,EN,Towers with Display (VFR),0,9,35,4,48,0,0,82,0,82,0,9,117,4,130,44,18,62,192
12/07/2002,ILG,DE,AEA,EN,Towers with Display (VFR),0,0,56,15,71,0,3,87,1,91,0,3,143,16,162,402,40,442,604
12/08/2002,ILG,DE,AEA,EN,Towers with Display (VFR),0,7,34,5,46,0,0,81,0,81,0,7,115,5,127,200,12,212,339
12/09/2002,ILG,DE,AEA,EN,Towers with Display (VFR),0,13,72,5,90,0,0,65,0,65,0,13,137,5,155,132,10,142,297
12/10/2002,ILG,DE,AEA,EN,Towers with Display (VFR),0,29,121,7,157,0,0,37,5,42,0,29,158,12,199,306,6,312,511
12/11/2002,ILG,DE,AEA,EN,Towers with Display (VFR),0,18,61,6,85,0,0,0,0,0,0,18,61,6,85,0,26,26,111
12/12/2002,ILG,DE,AEA,EN,Towers with Display (VFR),0,18,225,47,290,0,0,40,3,43,0,18,265,50,333,444,50,494,827
12/13/2002,ILG,DE,AEA,EN,Towers with Display (VFR),0,12,104,5,121,0,0,46,0,46,0,12,150,5,167,222,8,230,397
12/14/2002,ILG,DE,AEA,EN,Towers with Display (VFR),0,0,31,6,37,0,0,0,2,2,0,0,31,8,39,18,12,30,69
12/15/2002,ILG,DE,AEA,EN,Towers with Display (VFR),0,5,37,2,44,0,0,79,0,79,0,5,116,2,123,82,0,82,205
12/16/2002,ILG,DE,AEA,EN,Towers with Display (VFR),0,7,58,5,70,0,0,20,0,20,0,7,78,5,90,46,12,58,148
12/17/2002,ILG,DE,AEA,EN,Towers with Display (VFR),0,15,86,17,118,0,0,119,13,132,0,15,205,30,250,188,40,228,478
12/18/2002,ILG,DE,AEA,EN,Towers with Display (VFR),0,19,138,40,197,0,0,97,0,97,0,19,235,40,294,310,52,362,656
12/19/2002,ILG,DE,AEA,EN,Towers with Display (VFR),0,19,95,35,149,0,0,117,0,117,0,19,212,35,266,162,74,236,502
12/20/2002,ILG,DE,AEA,EN,Towers with Display (VFR),0,14,69,2,85,0,0,6,0,6,0,14,75,2,91,28,64,92,183
12/21/2002,ILG,DE,AEA,EN,Towers with Display (VFR),2,4,63,0,69,0,0,70,0,70,2,4,133,0,139,210,0,210,349
12/22/2002,ILG,DE,AEA,EN,Towers with Display (VFR),0,4,38,0,42,0,4,84,0,88,0,8,122,0,130,110,0,110,240
12/23/2002,ILG,DE,AEA,EN,Towers with Display (VFR),0,9,63,0,72,0,4,80,0,84,0,13,143,0,156,162,2,164,320
12/24/2002,ILG,DE,AEA,EN,Towers with Display (VFR),0,4,26,0,30,0,0,60,0,60,0,4,86,0,90,66,2,68,158
12/25/2002,ILG,DE,AEA,EN,Towers with Display (VFR),0,0,4,0,4,0,0,0,0,0,0,0,4,0,4,0,0,0,4
12/26/2002,ILG,DE,AEA,EN,Towers with Display (VFR),0,7,54,0,61,0,0,11,2,13,0,7,65,2,74,18,2,20,94
12/27/2002,ILG,DE,AEA,EN,Towers with Display (VFR),0,10,63,0,73,0,4,55,0,59,0,14,118,0,132,192,4,196,328
12/28/2002,ILG,DE,AEA,EN,Towers with Display (VFR),0,2,39,0,41,0,8,97,1,106,0,10,136,1,147,166,2,168,315
12/29/2002,ILG,DE,AEA,EN,Towers with Display (VFR),0,3,43,0,46,0,0,132,0,132,0,3,175,0,178,206,0,206,384
12/30/2002,ILG,DE,AEA,EN,Towers with Display (VFR),0,10,43,1,54,0,2,69,10,81,0,12,112,11,135,60,14,74,209
12/31/2002,ILG,DE,AEA,EN,Towers with Display (VFR),0,2,42,0,44,0,2,31,0,33,0,4,73,0,77,118,0,118,195
01/01/2003,ILG,DE,AEA,EN,Towers with Display (VFR),0,4,30,0,34,0,1,0,0,1,0,5,30,0,35,0,0,0,35
01/02/2003,ILG,DE,AEA,EN,Towers with Display (VFR),0,5,81,9,95,0,2,20,0,22,0,7,101,9,117,162,28,190,307
01/03/2003,ILG,DE,AEA,EN,Towers with Display (VFR),1,9,33,1,44,0,1,0,0,1,1,10,33,1,45,0,0,0,45
01/04/2003,ILG,DE,AEA,EN,Towers with Display (VFR),1,3,48,0,52,0,9,60,0,69,1,12,108,0,121,120,2,122,243
01/05/2003,ILG,DE,AEA,EN,Towers with Display (VFR),0,4,47,1,52,0,1,36,0,37,0,5,83,1,89,86,2,88,177
01/06/2003,ILG,DE,AEA,EN,Towers with Display (VFR),0,9,54,0,63,0,4,0,0,4,0,13,54,0,67,66,0,66,133
01/07/2003,ILG,DE,AEA,EN,Towers with Display (VFR),0,6,50,20,76,0,1,57,16,74,0,7,107,36,150,164,34,198,348
01/08/2003,ILG,DE,AEA,EN,Towers with Display (VFR),0,11,66,31,108,0,0,26,0,26,0,11,92,31,134,124,44,168,302
01/09/2003,ILG,DE,AEA,EN,Towers with Display (VFR),0,11,71,11,93,0,2,53,0,55,0,13,124,11,148,242,42,284,432
01/10/2003,ILG,DE,AEA,EN,Towers with Display (VFR),0,6,72,4,82,0,9,33,5,47,0,15,105,9,129,216,66,282,411
01/11/2003,ILG,DE,AEA,EN,Towers with Display (VFR),0,1,66,12,79,0,2,43,0,45,0,3,109,12,124,296,30,326,450
01/12/2003,ILG,DE,AEA,EN,Towers with Display (VFR),0,7,45,3,55,0,4,65,12,81,0,11,110,15,136,160,30,190,326
01/13/2003,ILG,DE,AEA,EN,Towers with Display (VFR),0,10,60,9,79,0,0,55,0,55,0,10,115,9,134,162,16,178,312
01/14/2003,ILG,DE,AEA,EN,Towers with Display (VFR),0,10,67,31,108,0,0,68,5,73,0,10,135,36,181,174,112,286,467
01/15/2003,ILG,DE,AEA,EN,Towers with Display (VFR),0,6,59,11,76,0,3,29,1,33,0,9,88,12,109,96,22,118,227
01/16/2003,ILG,DE,AEA,EN,Towers with Display (VFR),0,8,54,10,72,0,6,71,0,77,0,14,125,10,149,194,32,226,375
01/17/2003,ILG,DE,AEA,EN,Towers with Display (VFR),0,6,61,3,70,0,0,41,7,48,0,6,102,10,118,98,28,126,244
01/18/2003,ILG,DE,AEA,EN,Towers with Display (VFR),0,0,65,0,65,0,0,71,0,71,0,0,136,0,136,374,0,374,510
01/19/2003,ILG,DE,AEA,EN,Towers with Display (VFR),0,3,34,2,39,0,2,26,1,29,0,5,60,3,68,92,0,92,160
01/20/2003,ILG,DE,AEA,EN,Towers with Display (VFR),0,19,54,0,73,0,3,37,0,40,0,22,91,0,113,48,0,48,161
01/21/2003,ILG,DE,AEA,EN,Towers with Display (VFR),0,12,83,11,106,0,5,25,0,30,0,17,108,11,136,202,54,256,392
01/22/2003,ILG,DE,AEA,EN,Towers with Display (VFR),0,5,89,8,102,0,0,47,0,47,0,5,136,8,149,142,24,166,315
01/23/2003,ILG,DE,AEA,EN,Towers with Display (VFR),0,18,64,26,108,0,0,31,0,31,0,18,95,26,139,102,112,214,353
01/24/2003,ILG,DE,AEA,EN,Towers with Display (VFR),0,10,59,22,91,0,0,23,0,23,0,10,82,22,114,148,64,212,326
01/25/2003,ILG,DE,AEA,EN,Towers with Display (VFR),0,3,37,1,41,0,0,116,0,116,0,3,153,1,157,232,4,236,393
01/26/2003,ILG,DE,AEA,EN,Towers with Display (VFR),0,5,15,3,23,0,0,78,0,78,0,5,93,3,101,142,0,142,243
01/27/2003,ILG,DE,AEA,EN,Towers with Display (VFR),0,6,40,5,51,0,0,17,0,17,0,6,57,5,68,36,14,50,118
01/28/2003,ILG,DE,AEA,EN,Towers with Display (VFR),0,9,51,18,78,0,1,57,0,58,0,10,108,18,136,208,152,360,496
01/29/2003,ILG,DE,AEA,EN,Towers with Display (VFR),0,5,53,0,58,0,0,0,0,0,0,5,53,0,58,10,0,10,68
01/30/2003,ILG,DE,AEA,EN,Towers with Display (VFR),0,14,55,0,69,0,3,41,4,48,0,17,96,4,117,178,0,178,295
01/31/2003,ILG,DE,AEA,EN,Towers with Display (VFR),0,4,41,3,48,0,0,0,0,0,0,4,41,3,48,24,16,40,88
02/01/2003,ILG,DE,AEA,EN,Towers with Display (VFR),0,1,13,0,14,0,0,0,0,0,0,1,13,0,14,2,0,2,16
02/02/2003,ILG,DE,AEA,EN,Towers with Display (VFR),0,6,39,2,47,0,4,48,0,52,0,10,87,2,99,58,0,58,157
02/03/2003,ILG,DE,AEA,EN,Towers with Display (VFR),0,12,45,0,57,0,2,65,0,67,0,14,110,0,124,120,0,120,244
02/04/2003,ILG,DE,AEA,EN,Towers with Display (VFR),0,13,39,2,54,0,0,11,5,16,0,13,50,7,70,26,24,50,120
02/05/2003,ILG,DE,AEA,EN,Towers with Display (VFR),0,11,106,8,125,0,1,1,10,12,0,12,107,18,137,252,36,288,425
02/06/2003,ILG,DE,AEA,EN,Towers with Display (VFR),0,15,77,9,101,0,0,86,0,86,0,15,163,9,187,308,26,334,521
02/07/2003,ILG,DE,AEA,EN,Towers with Display (VFR),0,5,16,1,22,0,6,19,0,25,0,11,35,1,47,38,0,38,85
02/08/2003,ILG,DE,AEA,EN,Towers with Display (VFR),0,0,41,5,46,0,12,78,3,93,0,12,119,8,139,126,6,132,271
02/09/2003,ILG,DE,AEA,EN,Towers with Display (VFR),0,10,46,10,66,0,4,94,8,106,0,14,140,18,172,152,10,162,334
02/10/2003,ILG,DE,AEA,EN,Towers with Display (VFR),0,4,55,0,59,0,3,2,0,5,0,7,57,0,64,42,0,42,106
02/11/2003,ILG,DE,AEA,EN,Towers with Display (VFR),0,7,79,16,102,0,0,9,0,9,0,7,88,16,111,138,80,218,329
02/12/2003,ILG,DE,AEA,EN,Towers with Display (VFR),0,13,73,2,88,0,0,3,6,9,0,13,76,8,97,72,26,98,195
02/13/2003,ILG,DE,AEA,EN,Towers with Display (VFR),0,11,61,23,95,0,1,52,8,61,0,12,113,31,156,88,68,156,312
02/14/2003,ILG,DE,AEA,EN,Towers with Display (VFR),0,7,37,5,49,0,0,45,0,45,0,7,82,5,94,314,38,352,446
02/15/2003,ILG,DE,AEA,EN,Towers with Display (VFR),0,0,36,1,37,0,0,0,0,0,0,0,36,1,37,42,16,58,95
02/16/2003,ILG,DE,AEA,EN,Towers with Display (VFR),0,0,3,0,3,0,0,0,0,0,0,0,3,0,3,0,0,0,3
02/17/2003,ILG,DE,AEA,EN,Towers with Display (VFR),0,0,0,0,0,0,0,0,0,0,0,0,0,0,0,0,0,0,0
02/18/2003,ILG,DE,AEA,EN,Towers with Display (VFR),0,3,59,0,62,0,2,21,0,23,0,5,80,0,85,52,0,52,137
02/19/2003,ILG,DE,AEA,EN,Towers with Display (VFR),0,16,83,0,99,0,0,45,0,45,0,16,128,0,144,196,0,196,340
02/20/2003,ILG,DE,AEA,EN,Towers with Display (VFR),0,16,45,22,83,0,0,30,0,30,0,16,75,22,113,212,96,308,421
02/21/2003,ILG,DE,AEA,EN,Towers with Display (VFR),0,10,65,10,85,0,0,34,0,34,0,10,99,10,119,122,16,138,257
02/22/2003,ILG,DE,AEA,EN,Towers with Display (VFR),0,0,14,0,14,0,0,0,0,0,0,0,14,0,14,0,0,0,14
02/23/2003,ILG,DE,AEA,EN,Towers with Display (VFR),0,10,25,4,39,0,5,11,0,16,0,15,36,4,55,16,4,20,75
02/24/2003,ILG,DE,AEA,EN,Towers with Display (VFR),0,12,63,15,90,0,0,22,0,22,0,12,85,15,112,160,20,180,292
02/25/2003,ILG,DE,AEA,EN,Towers with Display (VFR),0,5,60,13,78,0,0,46,0,46,0,5,106,13,124,108,28,136,260
02/26/2003,ILG,DE,AEA,EN,Towers with Display (VFR),0,14,69,19,102,0,0,4,0,4,0,14,73,19,106,78,16,94,200
02/27/2003,ILG,DE,AEA,EN,Towers with Display (VFR),0,10,57,0,67,0,13,8,3,24,0,23,65,3,91,66,2,68,159
02/28/2003,ILG,DE,AEA,EN,Towers with Display (VFR),0,15,54,2,71,0,0,0,2,2,0,15,54,4,73,56,2,58,131
03/01/2003,ILG,DE,AEA,EN,Towers with Display (VFR),0,4,28,0,32,0,4,0,3,7,0,8,28,3,39,42,0,42,81
03/02/2003,ILG,DE,AEA,EN,Towers with Display (VFR),0,9,63,1,73,0,6,0,0,6,0,15,63,1,79,44,0,44,123
03/03/2003,ILG,DE,AEA,EN,Towers with Display (VFR),0,3,56,1,60,0,2,40,1,43,0,5,96,2,103,34,2,36,139
03/04/2003,ILG,DE,AEA,EN,Towers with Display (VFR),0,9,73,11,93,0,0,62,4,66,0,9,135,15,159,226,40,266,425
03/05/2003,ILG,DE,AEA,EN,Towers with Display (VFR),0,20,53,2,75,0,0,9,0,9,0,20,62,2,84,32,18,50,134
03/06/2003,ILG,DE,AEA,EN,Towers with Display (VFR),0,12,56,8,76,0,0,14,0,14,0,12,70,8,90,178,70,248,338
03/07/2003,ILG,DE,AEA,EN,Towers with Display (VFR),0,17,59,8,84,0,0,41,8,49,0,17,100,16,133,365,20,385,518
03/08/2003,ILG,DE,AEA,EN,Towers with Display (VFR),0,4,65,5,74,0,4,158,6,168,0,8,223,11,242,490,2,492,734
03/09/2003,ILG,DE,AEA,EN,Towers with Display (VFR),0,7,37,5,49,0,0,76,1,77,0,7,113,6,126,80,0,80,206
03/10/2003,ILG,DE,AEA,EN,Towers with Display (VFR),0,6,41,9,56,0,12,43,0,55,0,18,84,9,111,78,4,82,193
03/11/2003,ILG,DE,AEA,EN,Towers with Display (VFR),0,13,52,10,75,0,0,54,4,58,0,13,106,14,133,104,8,112,245
03/12/2003,ILG,DE,AEA,EN,Towers with Display (VFR),0,10,57,9,76,0,0,67,0,67,0,10,124,9,143,200,8,208,351
03/13/2003,ILG,DE,AEA,EN,Towers with Display (VFR),0,6,61,0,67,0,0,31,3,34,0,6,92,3,101,158,0,158,259
03/14/2003,ILG,DE,AEA,EN,Towers with Display (VFR),0,4,71,0,75,0,0,133,5,138,0,4,204,5,213,346,8,354,567
03/15/2003,ILG,DE,AEA,EN,Towers with Display (VFR),0,4,52,17,73,0,0,169,0,169,0,4,221,17,242,262,24,286,528
03/16/2003,ILG,DE,AEA,EN,Towers with Display (VFR),0,3,41,2,46,0,0,128,0,128,0,3,169,2,174,160,0,160,334
03/17/2003,ILG,DE,AEA,EN,Towers with Display (VFR),0,7,61,3,71,0,2,47,0,49,0,9,108,3,120,116,0,116,236
03/18/2003,ILG,DE,AEA,EN,Towers with Display (VFR),0,6,80,6,92,0,0,65,0,65,0,6,145,6,157,250,58,308,465
03/19/2003,ILG,DE,AEA,EN,Towers with Display (VFR),0,3,88,2,93,0,0,26,4,30,0,3,114,6,123,80,2,82,205
03/20/2003,ILG,DE,AEA,EN,Towers with Display (VFR),4,13,61,2,80,0,0,0,0,0,4,13,61,2,80,32,22,54,134
03/21/2003,ILG,DE,AEA,EN,Towers with Display (VFR),0,11,57,0,68,0,0,1,0,1,0,11,58,0,69,2,0,2,71
03/22/2003,ILG,DE,AEA,EN,Towers with Display (VFR),0,7,42,0,49,0,1,117,0,118,0,8,159,0,167,410,0,410,577
03/23/2003,ILG,DE,AEA,EN,Towers with Display (VFR),1,5,62,1,69,0,2,130,1,133,1,7,192,2,202,366,10,376,578
03/24/2003,ILG,DE,AEA,EN,Towers with Display (VFR),0,11,96,3,110,0,0,82,6,88,0,11,178,9,198,416,2,418,616
03/25/2003,ILG,DE,AEA,EN,Towers with Display (VFR),0,6,107,7,120,0,5,58,0,63,0,11,165,7,183,274,58,332,515
03/26/2003,ILG,DE,AEA,EN,Towers with Display (VFR),0,16,75,18,109,0,0,70,0,70,0,16,145,18,179,184,66,250,429
03/27/2003,ILG,DE,AEA,EN,Towers with Display (VFR),0,15,130,3,148,0,0,84,3,87,0,15,214,6,235,288,12,300,535
03/28/2003,ILG,DE,AEA,EN,Towers with Display (VFR),0,14,99,1,114,0,2,23,3,28,0,16,122,4,142,248,0,248,390
03/29/2003,ILG,DE,AEA,EN,Towers with Display (VFR),0,5,69,1,75,0,0,0,1,1,0,5,69,2,76,156,16,172,248
03/30/2003,ILG,DE,AEA,EN,Towers with Display (VFR),0,10,37,1,48,0,2,0,0,2,0,12,37,1,50,10,0,10,60
03/31/2003,ILG,DE,AEA,EN,Towers with Display (VFR),0,12,51,7,70,0,6,24,0,30,0,18,75,7,100,48,20,68,168
04/01/2003,ILG,DE,AEA,EN,Towers with Display (VFR),1,15,51,7,74,0,0,49,7,56,1,15,100,14,130,140,18,158,288
04/02/2003,ILG,DE,AEA,EN,Towers with Display (VFR),1,9,56,5,71,0,2,87,8,97,1,11,143,13,168,286,30,316,484
04/03/2003,ILG,DE,AEA,EN,Towers with Display (VFR),0,14,102,2,118,0,0,0,0,0,0,14,102,2,118,216,16,232,350
04/04/2003,ILG,DE,AEA,EN,Towers with Display (VFR),0,13,78,13,104,0,0,0,0,0,0,13,78,13,104,160,6,166,270
04/05/2003,ILG,DE,AEA,EN,Towers with Display (VFR),0,4,32,0,36,0,0,0,0,0,0,4,32,0,36,24,0,24,60
04/06/2003,ILG,DE,AEA,EN,Towers with Display (VFR),0,6,44,4,54,0,2,90,0,92,0,8,134,4,146,112,4,116,262
04/07/2003,ILG,DE,AEA,EN,Towers with Display (VFR),0,3,37,0,40,0,2,0,0,2,0,5,37,0,42,4,0,4,46
04/08/2003,ILG,DE,AEA,EN,Towers with Display (VFR),0,5,56,8,69,0,0,0,2,2,0,5,56,10,71,54,40,94,165
04/09/2003,ILG,DE,AEA,EN,Towers with Display (VFR),0,11,58,6,75,0,0,0,1,1,0,11,58,7,76,46,12,58,134
04/10/2003,ILG,DE,AEA,EN,Towers with Display (VFR),4,7,57,7,75,0,0,39,0,39,4,7,96,7,114,178,10,188,302
04/11/2003,ILG,DE,AEA,EN,Towers with Display (VFR),0,16,72,7,95,0,0,0,0,0,0,16,72,7,95,8,12,20,115
04/12/2003,ILG,DE,AEA,EN,Towers with Display (VFR),0,2,60,5,67,0,0,84,25,109,0,2,144,30,176,168,68,236,412
04/13/2003,ILG,DE,AEA,EN,Towers with Display (VFR),0,6,64,0,70,0,0,144,13,157,0,6,208,13,227,136,20,156,383
04/14/2003,ILG,DE,AEA,EN,Towers with Display (VFR),0,5,73,0,78,0,0,105,0,105,0,5,178,0,183,278,14,292,475
04/15/2003,ILG,DE,AEA,EN,Towers with Display (VFR),2,10,84,0,96,0,0,106,8,114,2,10,190,8,210,384,58,442,652
04/16/2003,ILG,DE,AEA,EN,Towers with Display (VFR),0,5,116,2,123,0,0,58,13,71,0,5,174,15,194,404,0,404,598
04/17/2003,ILG,DE,AEA,EN,Towers with Display (VFR),0,5,76,10,91,0,0,34,0,34,0,5,110,10,125,128,8,136,261
04/18/2003,ILG,DE,AEA,EN,Towers with Display (VFR),0,4,28,3,35,0,0,7,0,7,0,4,35,3,42,42,0,42,84
04/19/2003,ILG,DE,AEA,EN,Towers with Display (VFR),0,4,60,0,64,0,0,41,0,41,0,4,101,0,105,100,0,100,205
04/20/2003,ILG,DE,AEA,EN,Towers with Display (VFR),0,10,45,0,55,0,4,69,0,73,0,14,114,0,128,58,0,58,186
04/21/2003,ILG,DE,AEA,EN,Towers with Display (VFR),0,24,64,4,92,0,0,33,0,33,0,24,97,4,125,92,0,92,217
04/22/2003,ILG,DE,AEA,EN,Towers with Display (VFR),0,19,61,6,86,0,1,42,1,44,0,20,103,7,130,92,6,98,228
04/23/2003,ILG,DE,AEA,EN,Towers with Display (VFR),0,31,93,8,132,0,2,67,13,82,0,33,160,21,214,110,36,146,360
04/24/2003,ILG,DE,AEA,EN,Towers with Display (VFR),2,19,96,0,117,0,0,77,2,79,2,19,173,2,196,214,50,264,460
04/25/2003,ILG,DE,AEA,EN,Towers with Display (VFR),0,9,89,1,99,0,0,86,0,86,0,9,175,1,185,224,0,224,409
04/26/2003,ILG,DE,AEA,EN,Towers with Display (VFR),0,1,34,1,36,0,0,0,0,0,0,1,34,1,36,4,0,4,40
04/27/2003,ILG,DE,AEA,EN,Towers with Display (VFR),0,9,53,1,63,0,1,141,0,142,0,10,194,1,205,132,22,154,359
04/28/2003,ILG,DE,AEA,EN,Towers with Display (VFR),2,10,88,1,101,0,2,111,4,117,2,12,199,5,218,208,50,258,476
04/29/2003,ILG,DE,AEA,EN,Towers with Display (VFR),1,23,109,4,137,0,0,91,0,91,1,23,200,4,228,226,20,246,474
04/30/2003,ILG,DE,AEA,EN,Towers with Display (VFR),0,26,62,9,97,0,0,118,4,122,0,26,180,13,219,220,10,230,449
05/01/2003,ILG,DE,AEA,EN,Towers with Display (VFR),0,16,100,1,117,0,0,11,0,11,0,16,111,1,128,346,0,346,474
05/02/2003,ILG,DE,AEA,EN,Towers with Display (VFR),0,9,77,3,89,0,0,41,9,50,0,9,118,12,139,292,24,316,455
05/03/2003,ILG,DE,AEA,EN,Towers with Display (VFR),0,11,39,0,50,0,8,89,0,97,0,19,128,0,147,180,0,180,327
05/04/2003,ILG,DE,AEA,EN,Towers with Display (VFR),0,10,55,2,67,0,0,127,0,127,0,10,182,2,194,304,0,304,498
05/05/2003,ILG,DE,AEA,EN,Towers with Display (VFR),0,13,56,0,69,0,0,60,0,60,0,13,116,0,129,158,0,158,287
05/06/2003,ILG,DE,AEA,EN,Towers with Display (VFR),0,19,108,7,134,0,0,13,2,15,0,19,121,9,149,92,32,124,273
05/07/2003,ILG,DE,AEA,EN,Towers with Display (VFR),0,18,107,6,131,0,1,62,11,74,0,19,169,17,205,190,0,190,395
05/08/2003,ILG,DE,AEA,EN,Towers with Display (VFR),0,15,79,4,98,0,0,39,0,39,0,15,118,4,137,154,16,170,307
05/09/2003,ILG,DE,AEA,EN,Towers with Display (VFR),0,20,98,3,121,0,0,0,0,0,0,20,98,3,121,32,4,36,157
05/10/2003,ILG,DE,AEA,EN,Towers with Display (VFR),0,1,17,0,18,0,0,1,0,1,0,1,18,0,19,0,0,0,19
05/11/2003,ILG,DE,AEA,EN,Towers with Display (VFR),0,9,58,3,70,0,0,0,0,0,0,9,58,3,70,104,0,104,174
05/12/2003,ILG,DE,AEA,EN,Towers with Display (VFR),0,12,82,2,96,0,0,55,1,56,0,12,137,3,152,110,0,110,262
05/13/2003,ILG,DE,AEA,EN,Towers with Display (VFR),0,21,68,5,94,0,0,39,1,40,0,21,107,6,134,88,12,100,234
05/14/2003,ILG,DE,AEA,EN,Towers with Display (VFR),0,15,124,21,160,0,0,129,0,129,0,15,253,21,289,354,84,438,727
05/15/2003,ILG,DE,AEA,EN,Towers with Display (VFR),0,17,102,6,125,0,0,100,0,100,0,17,202,6,225,390,16,406,631
05/16/2003,ILG,DE,AEA,EN,Towers with Display (VFR),0,13,90,2,105,0,0,0,0,0,0,13,90,2,105,72,0,72,177
05/17/2003,ILG,DE,AEA,EN,Towers with Display (VFR),0,5,56,4,65,0,4,83,2,89,0,9,139,6,154,100,22,122,276
05/18/2003,ILG,DE,AEA,EN,Towers with Display (VFR),0,6,65,1,72,0,4,99,7,110,0,10,164,8,182,150,2,152,334
05/19/2003,ILG,DE,AEA,EN,Towers with Display (VFR),0,1,68,1,70,0,5,139,6,150,0,6,207,7,220,178,0,178,398
05/20/2003,ILG,DE,AEA,EN,Towers with Display (VFR),0,14,102,17,133,0,0,110,12,122,0,14,212,29,255,438,12,450,705
05/21/2003,ILG,DE,AEA,EN,Towers with Display (VFR),0,12,89,17,118,0,3,0,0,3,0,15,89,17,121,116,34,150,271
05/22/2003,ILG,DE,AEA,EN,Towers with Display (VFR),0,5,122,4,131,0,0,0,0,0,0,5,122,4,131,148,22,170,301
05/23/2003,ILG,DE,AEA,EN,Towers with Display (VFR),0,7,147,4,158,0,0,0,0,0,0,7,147,4,158,144,40,184,342
05/24/2003,ILG,DE,AEA,EN,Towers with Display (VFR),0,0,73,12,85,0,0,2,0,2,0,0,75,12,87,118,28,146,233
05/25/2003,ILG,DE,AEA,EN,Towers with Display (VFR),0,3,45,2,50,0,0,0,0,0,0,3,45,2,50,14,10,24,74
05/26/2003,ILG,DE,AEA,EN,Towers with Display (VFR),0,9,59,0,68,0,0,2,0,2,0,9,61,0,70,56,0,56,126
05/27/2003,ILG,DE,AEA,EN,Towers with Display (VFR),0,8,94,11,113,0,2,77,0,79,0,10,171,11,192,334,14,348,540
05/28/2003,ILG,DE,AEA,EN,Towers with Display (VFR),0,7,98,10,115,0,0,41,2,43,0,7,139,12,158,90,52,142,300
05/29/2003,ILG,DE,AEA,EN,Towers with Display (VFR),0,9,139,5,153,0,0,74,3,77,0,9,213,8,230,318,28,346,576
05/30/2003,ILG,DE,AEA,EN,Towers with Display (VFR),0,3,104,5,112,0,8,112,0,120,0,11,216,5,232,372,10,382,614
05/31/2003,ILG,DE,AEA,EN,Towers with Display (VFR),0,3,31,1,35,0,2,55,5,62,0,5,86,6,97,44,4,48,145
06/01/2003,ILG,DE,AEA,EN,Towers with Display (VFR),0,11,64,3,78,0,22,57,1,80,0,33,121,4,158,90,2,92,250
06/02/2003,ILG,DE,AEA,EN,Towers with Display (VFR),0,15,108,2,125,0,2,96,2,100,0,17,204,4,225,110,0,110,335
06/03/2003,ILG,DE,AEA,EN,Towers with Display (VFR),0,6,95,10,111,0,0,23,0,23,0,6,118,10,134,208,66,274,408
06/04/2003,ILG,DE,AEA,EN,Towers with Display (VFR),0,14,93,5,112,0,0,0,0,0,0,14,93,5,112,0,2,2,114
06/05/2003,ILG,DE,AEA,EN,Towers with Display (VFR),0,12,110,6,128,0,0,75,0,75,0,12,185,6,203,210,40,250,453
06/06/2003,ILG,DE,AEA,EN,Towers with Display (VFR),0,7,81,15,103,0,0,142,0,142,0,7,223,15,245,354,14,368,613
06/07/2003,ILG,DE,AEA,EN,Towers with Display (VFR),0,13,44,9,66,0,0,0,0,0,0,13,44,9,66,72,40,112,178
06/08/2003,ILG,DE,AEA,EN,Towers with Display (VFR),0,9,71,1,81,0,0,17,2,19,0,9,88,3,100,120,0,120,220
06/09/2003,ILG,DE,AEA,EN,Towers with Display (VFR),0,6,90,4,100,0,0,32,0,32,0,6,122,4,132,164,28,192,324
06/10/2003,ILG,DE,AEA,EN,Towers with Display (VFR),0,12,182,3,197,0,0,149,20,169,0,12,331,23,366,484,14,498,864
06/11/2003,ILG,DE,AEA,EN,Towers with Display (VFR),0,16,158,10,184,0,0,75,17,92,0,16,233,27,276,260,20,280,556
06/12/2003,ILG,DE,AEA,EN,Towers with Display (VFR),0,16,114,4,134,0,2,47,2,51,0,18,161,6,185,230,2,232,417
06/13/2003,ILG,DE,AEA,EN,Towers with Display (VFR),1,7,118,9,135,0,0,31,0,31,1,7,149,9,166,232,24,256,422
06/14/2003,ILG,DE,AEA,EN,Towers with Display (VFR),3,5,112,2,122,0,0,18,0,18,3,5,130,2,140,218,12,230,370
06/15/2003,ILG,DE,AEA,EN,Towers with Display (VFR),0,1,60,1,62,0,4,150,1,155,0,5,210,2,217,158,0,158,375
06/16/2003,ILG,DE,AEA,EN,Towers with Display (VFR),0,6,74,0,80,0,12,54,1,67,0,18,128,1,147,104,2,106,253
06/17/2003,ILG,DE,AEA,EN,Towers with Display (VFR),0,14,129,29,172,0,11,68,0,79,0,25,197,29,251,162,60,222,473
06/18/2003,ILG,DE,AEA,EN,Towers with Display (VFR),0,11,91,16,118,0,0,16,0,16,0,11,107,16,134,138,46,184,318
06/19/2003,ILG,DE,AEA,EN,Towers with Display (VFR),1,11,83,9,104,0,0,30,0,30,1,11,113,9,134,120,40,160,294
06/20/2003,ILG,DE,AEA,EN,Towers with Display (VFR),0,11,118,4,133,0,0,0,0,0,0,11,118,4,133,172,0,172,305
06/21/2003,ILG,DE,AEA,EN,Towers with Display (VFR),0,4,56,3,63,0,4,0,0,4,0,8,56,3,67,16,2,18,85
06/22/2003,ILG,DE,AEA,EN,Towers with Display (VFR),0,3,58,1,62,0,2,69,0,71,0,5,127,1,133,150,4,154,287
06/23/2003,ILG,DE,AEA,EN,Towers with Display (VFR),0,6,75,0,81,0,2,105,0,107,0,8,180,0,188,164,6,170,358
06/24/2003,ILG,DE,AEA,EN,Towers with Display (VFR),0,4,80,12,96,0,0,163,0,163,0,4,243,12,259,258,32,290,549
06/25/2003,ILG,DE,AEA,EN,Towers with Display (VFR),0,10,132,6,148,0,0,123,14,137,0,10,255,20,285,312,16,328,613
06/26/2003,ILG,DE,AEA,EN,Towers with Display (VFR),0,17,135,5,157,0,0,107,0,107,0,17,242,5,264,302,4,306,570
06/27/2003,ILG,DE,AEA,EN,Towers with Display (VFR),0,9,90,2,101,0,0,80,0,80,0,9,170,2,181,222,0,222,403
06/28/2003,ILG,DE,AEA,EN,Towers with Display (VFR),0,5,33,1,39,0,0,227,0,227,0,5,260,1,266,192,0,192,458
06/29/2003,ILG,DE,AEA,EN,Towers with Display (VFR),0,9,63,1,73,0,3,97,0,100,0,12,160,1,173,262,0,262,435
06/30/2003,ILG,DE,AEA,EN,Towers with Display (VFR),0,3,75,0,78,0,0,50,5,55,0,3,125,5,133,154,8,162,295
07/01/2003,ILG,DE,AEA,EN,Towers with Display (VFR),0,15,109,22,146,0,7,125,15,147,0,22,234,37,293,186,24,210,503
07/02/2003,ILG,DE,AEA,EN,Towers with Display (VFR),0,14,75,19,108,0,1,64,2,67,0,15,139,21,175,226,24,250,425
07/03/2003,ILG,DE,AEA,EN,Towers with Display (VFR),0,14,131,8,153,0,0,0,0,0,0,14,131,8,153,192,26,218,371
07/04/2003,ILG,DE,AEA,EN,Towers with Display (VFR),0,4,52,0,56,0,0,71,0,71,0,4,123,0,127,432,0,432,559
07/05/2003,ILG,DE,AEA,EN,Towers with Display (VFR),0,4,71,3,78,0,13,39,0,52,0,17,110,3,130,216,16,232,362
07/06/2003,ILG,DE,AEA,EN,Towers with Display (VFR),2,2,38,0,42,0,8,71,0,79,2,10,109,0,121,226,0,226,347
07/07/2003,ILG,DE,AEA,EN,Towers with Display (VFR),0,6,50,0,56,0,8,93,6,107,0,14,143,6,163,162,0,162,325
07/08/2003,ILG,DE,AEA,EN,Towers with Display (VFR),0,7,76,3,86,0,6,120,4,130,0,13,196,7,216,234,2,236,452
07/09/2003,ILG,DE,AEA,EN,Towers with Display (VFR),0,7,54,8,69,0,0,68,0,68,0,7,122,8,137,198,52,250,387
07/10/2003,ILG,DE,AEA,EN,Towers with Display (VFR),0,9,110,11,130,0,0,0,0,0,0,9,110,11,130,148,36,184,314
07/11/2003,ILG,DE,AEA,EN,Towers with Display (VFR),0,12,69,5,86,0,4,40,0,44,0,16,109,5,130,190,16,206,336
07/12/2003,ILG,DE,AEA,EN,Towers with Display (VFR),0,9,73,2,84,0,2,107,0,109,0,11,180,2,193,166,0,166,359
07/13/2003,ILG,DE,AEA,EN,Towers with Display (VFR),0,16,68,5,89,0,17,195,2,214,0,33,263,7,303,144,4,148,451
07/14/2003,ILG,DE,AEA,EN,Towers with Display (VFR),0,14,66,6,86,0,2,53,0,55,0,16,119,6,141,78,12,90,231
07/15/2003,ILG,DE,AEA,EN,Towers with Display (VFR),0,14,116,7,137,0,0,92,13,105,0,14,208,20,242,176,26,202,444
07/16/2003,ILG,DE,AEA,EN,Towers with Display (VFR),0,15,118,3,136,0,0,55,16,71,0,15,173,19,207,272,46,318,525
07/17/2003,ILG,DE,AEA,EN,Towers with Display (VFR),0,10,99,15,124,0,0,163,0,163,0,10,262,15,287,346,10,356,643
07/18/2003,ILG,DE,AEA,EN,Towers with Display (VFR),0,9,87,3,99,0,0,94,0,94,0,9,181,3,193,266,12,278,471
07/19/2003,ILG,DE,AEA,EN,Towers with Display (VFR),0,1,76,9,86,0,0,117,0,117,0,1,193,9,203,188,16,204,407
07/20/2003,ILG,DE,AEA,EN,Towers with Display (VFR),0,6,80,0,86,0,0,142,0,142,0,6,222,0,228,154,0,154,382
07/21/2003,ILG,DE,AEA,EN,Towers with Display (VFR),0,3,49,0,52,0,0,19,0,19,0,3,68,0,71,34,0,34,105
07/22/2003,ILG,DE,AEA,EN,Towers with Display (VFR),0,1,72,4,77,0,0,12,0,12,0,1,84,4,89,182,44,226,315
07/23/2003,ILG,DE,AEA,EN,Towers with Display (VFR),0,11,86,15,112,0,0,66,7,73,0,11,152,22,185,108,30,138,323
07/24/2003,ILG,DE,AEA,EN,Towers with Display (VFR),0,19,116,21,156,0,0,125,11,136,0,19,241,32,292,264,30,294,586
07/25/2003,ILG,DE,AEA,EN,Towers with Display (VFR),0,10,116,4,130,0,4,127,4,135,0,14,243,8,265,294,16,310,575
07/26/2003,ILG,DE,AEA,EN,Towers with Display (VFR),0,5,47,1,53,0,5,117,0,122,0,10,164,1,175,216,2,218,393
07/27/2003,ILG,DE,AEA,EN,Towers with Display (VFR),0,2,54,3,59,0,1,94,0,95,0,3,148,3,154,152,2,154,308
07/28/2003,ILG,DE,AEA,EN,Towers with Display (VFR),0,5,75,4,84,0,3,50,0,53,0,8,125,4,137,146,40,186,323
07/29/2003,ILG,DE,AEA,EN,Towers with Display (VFR),0,7,96,10,113,0,4,78,0,82,0,11,174,10,195,250,38,288,483
07/30/2003,ILG,DE,AEA,EN,Towers with Display (VFR),0,9,122,17,148,0,0,94,0,94,0,9,216,17,242,256,56,312,554
07/31/2003,ILG,DE,AEA,EN,Towers with Display (VFR),0,9,78,5,92,0,1,42,2,45,0,10,120,7,137,160,112,272,409
08/01/2003,ILG,DE,AEA,EN,Towers with Display (VFR),0,22,114,5,141,0,0,42,4,46,0,22,156,9,187,176,64,240,427
08/02/2003,ILG,DE,AEA,EN,Towers with Display (VFR),0,3,52,0,55,0,2,39,8,49,0,5,91,8,104,150,68,218,322
08/03/2003,ILG,DE,AEA,EN,Towers with Display (VFR),0,6,44,0,50,0,8,45,0,53,0,14,89,0,103,78,0,78,181
08/04/2003,ILG,DE,AEA,EN,Towers with Display (VFR),0,10,60,1,71,0,8,26,0,34,0,18,86,1,105,82,0,82,187
08/05/2003,ILG,DE,AEA,EN,Towers with Display (VFR),0,4,68,0,72,0,0,24,3,27,0,4,92,3,99,64,0,64,163
08/06/2003,ILG,DE,AEA,EN,Towers with Display (VFR),0,14,106,12,132,0,0,74,0,74,0,14,180,12,206,190,76,266,472
08/07/2003,ILG,DE,AEA,EN,Towers with Display (VFR),0,11,97,11,119,0,0,19,0,19,0,11,116,11,138,146,24,170,308
08/08/2003,ILG,DE,AEA,EN,Towers with Display (VFR),0,1,93,10,104,0,0,72,0,72,0,1,165,10,176,348,48,396,572
08/09/2003,ILG,DE,AEA,EN,Towers with Display (VFR),0,6,58,6,70,0,0,0,0,0,0,6,58,6,70,54,0,54,124
08/10/2003,ILG,DE,AEA,EN,Towers with Display (VFR),0,6,57,3,66,0,13,31,0,44,0,19,88,3,110,82,0,82,192
08/11/2003,ILG,DE,AEA,EN,Towers with Display (VFR),0,9,87,3,99,0,0,0,1,1,0,9,87,4,100,24,10,34,134
08/12/2003,ILG,DE,AEA,EN,Towers with Display (VFR),0,15,73,16,104,0,0,25,0,25,0,15,98,16,129,112,70,182,311
08/13/2003,ILG,DE,AEA,EN,Towers with Display (VFR),0,8,109,28,145,0,0,29,0,29,0,8,138,28,174,206,38,244,418
08/14/2003,ILG,DE,AEA,EN,Towers with Display (VFR),0,8,136,14,158,0,0,83,0,83,0,8,219,14,241,170,60,230,471
08/15/2003,ILG,DE,AEA,EN,Towers with Display (VFR),0,11,88,3,102,0,2,113,5,120,0,13,201,8,222,208,26,234,456
08/16/2003,ILG,DE,AEA,EN,Towers with Display (VFR),0,0,44,3,47,0,0,35,3,38,0,0,79,6,85,56,0,56,141
08/17/2003,ILG,DE,AEA,EN,Towers with Display (VFR),0,5,72,0,77,0,0,95,2,97,0,5,167,2,174,234,28,262,436
08/18/2003,ILG,DE,AEA,EN,Towers with Display (VFR),4,8,67,2,81,0,2,77,0,79,4,10,144,2,160,80,2,82,242
08/19/2003,ILG,DE,AEA,EN,Towers with Display (VFR),0,13,105,13,131,0,4,73,14,91,0,17,178,27,222,194,16,210,432
08/20/2003,ILG,DE,AEA,EN,Towers with Display (VFR),2,17,90,17,126,0,0,79,0,79,2,17,169,17,205,174,48,222,427
08/21/2003,ILG,DE,AEA,EN,Towers with Display (VFR),0,21,90,13,124,0,0,105,0,105,0,21,195,13,229,406,42,448,677
08/22/2003,ILG,DE,AEA,EN,Towers with Display (VFR),0,9,106,7,122,0,0,20,2,22,0,9,126,9,144,194,12,206,350
08/23/2003,ILG,DE,AEA,EN,Towers with Display (VFR),0,0,29,1,30,0,2,159,0,161,0,2,188,1,191,80,0,80,271
08/24/2003,ILG,DE,AEA,EN,Towers with Display (VFR),0,3,78,1,82,0,2,122,0,124,0,5,200,1,206,140,2,142,348
08/25/2003,ILG,DE,AEA,EN,Towers with Display (VFR),0,10,80,2,92,0,6,65,2,73,0,16,145,4,165,62,2,64,229
08/26/2003,ILG,DE,AEA,EN,Towers with Display (VFR),0,21,98,1,120,0,0,40,5,45,0,21,138,6,165,154,38,192,357
08/27/2003,ILG,DE,AEA,EN,Towers with Display (VFR),0,8,62,3,73,0,0,79,0,79,0,8,141,3,152,138,2,140,292
08/28/2003,ILG,DE,AEA,EN,Towers with Display (VFR),0,19,73,14,106,0,12,80,1,93,0,31,153,15,199,186,14,200,399
08/29/2003,ILG,DE,AEA,EN,Towers with Display (VFR),0,6,67,0,73,0,0,10,0,10,0,6,77,0,83,76,0,76,159
08/30/2003,ILG,DE,AEA,EN,Towers with Display (VFR),0,4,44,0,48,0,13,61,0,74,0,17,105,0,122,164,0,164,286
08/31/2003,ILG,DE,AEA,EN,Towers with Display (VFR),0,2,39,2,43,0,14,95,0,109,0,16,134,2,152,102,2,104,256
09/01/2003,ILG,DE,AEA,EN,Towers with Display (VFR),0,5,36,4,45,0,0,16,0,16,0,5,52,4,61,26,0,26,87
09/02/2003,ILG,DE,AEA,EN,Towers with Display (VFR),0,6,73,8,87,0,0,21,0,21,0,6,94,8,108,66,42,108,216
09/03/2003,ILG,DE,AEA,EN,Towers with Display (VFR),0,9,82,4,95,0,0,30,7,37,0,9,112,11,132,56,76,132,264
09/04/2003,ILG,DE,AEA,EN,Towers with Display (VFR),0,4,79,4,87,0,0,30,0,30,0,4,109,4,117,84,12,96,213
09/05/2003,ILG,DE,AEA,EN,Towers with Display (VFR),1,6,124,4,135,0,2,137,11,150,1,8,261,15,285,216,16,232,517
09/06/2003,ILG,DE,AEA,EN,Towers with Display (VFR),1,2,73,0,76,0,0,153,0,153,1,2,226,0,229,276,0,276,505
09/07/2003,ILG,DE,AEA,EN,Towers with Display (VFR),0,4,64,1,69,0,10,138,1,149,0,14,202,2,218,114,0,114,332
09/08/2003,ILG,DE,AEA,EN,Towers with Display (VFR),0,6,82,4,92,0,8,62,0,70,0,14,144,4,162,166,6,172,334
09/09/2003,ILG,DE,AEA,EN,Towers with Display (VFR),0,16,86,23,125,0,4,89,0,93,0,20,175,23,218,140,44,184,402
09/10/2003,ILG,DE,AEA,EN,Towers with Display (VFR),0,14,94,22,130,0,0,73,0,73,0,14,167,22,203,144,44,188,391
09/11/2003,ILG,DE,AEA,EN,Towers with Display (VFR),0,3,89,9,101,0,0,154,13,167,0,3,243,22,268,198,8,206,474
09/12/2003,ILG,DE,AEA,EN,Towers with Display (VFR),2,5,99,19,125,0,0,59,4,63,2,5,158,23,188,182,76,258,446
09/13/2003,ILG,DE,AEA,EN,Towers with Display (VFR),0,4,39,0,43,0,0,0,2,2,0,4,39,2,45,24,8,32,77
09/14/2003,ILG,DE,AEA,EN,Towers with Display (VFR),0,8,72,13,93,0,1,52,0,53,0,9,124,13,146,126,10,136,282
09/15/2003,ILG,DE,AEA,EN,Towers with Display (VFR),0,19,66,4,89,0,0,0,0,0,0,19,66,4,89,42,4,46,135
09/16/2003,ILG,DE,AEA,EN,Towers with Display (VFR),0,23,96,0,119,0,0,119,3,122,0,23,215,3,241,268,8,276,517
09/17/2003,ILG,DE,AEA,EN,Towers with Display (VFR),0,13,124,10,147,0,0,105,6,111,0,13,229,16,258,296,20,316,574
09/18/2003,ILG,DE,AEA,EN,Towers with Display (VFR),0,0,14,0,14,0,0,3,2,5,0,0,17,2,19,0,0,0,19
09/19/2003,ILG,DE,AEA,EN,Towers with Display (VFR),0,1,21,0,22,0,4,13,2,19,0,5,34,2,41,32,4,36,77
09/20/2003,ILG,DE,AEA,EN,Towers with Display (VFR),0,2,41,0,43,0,0,124,5,129,0,2,165,5,172,146,6,152,324
09/21/2003,ILG,DE,AEA,EN,Towers with Display (VFR),0,3,71,0,74,0,12,121,7,140,0,15,192,7,214,184,12,196,410
09/22/2003,ILG,DE,AEA,EN,Towers with Display (VFR),0,9,61,3,73,0,2,58,1,61,0,11,119,4,134,100,0,100,234
09/23/2003,ILG,DE,AEA,EN,Towers with Display (VFR),0,11,64,1,76,0,6,45,4,55,0,17,109,5,131,124,30,154,285
09/24/2003,ILG,DE,AEA,EN,Towers with Display (VFR),1,22,113,5,141,0,0,111,0,111,1,22,224,5,252,342,10,352,604
09/25/2003,ILG,DE,AEA,EN,Towers with Display (VFR),0,13,139,5,157,0,0,134,2,136,0,13,273,7,293,262,6,268,561
09/26/2003,ILG,DE,AEA,EN,Towers with Display (VFR),1,11,99,6,117,0,0,97,0,97,1,11,196,6,214,214,4,218,432
09/27/2003,ILG,DE,AEA,EN,Towers with Display (VFR),1,9,43,0,53,0,13,0,2,15,1,22,43,2,68,30,0,30,98
09/28/2003,ILG,DE,AEA,EN,Towers with Display (VFR),0,2,88,1,91,0,4,34,0,38,0,6,122,1,129,126,2,128,257
09/29/2003,ILG,DE,AEA,EN,Towers with Display (VFR),0,9,67,2,78,0,0,95,0,95,0,9,162,2,173,118,2,120,293
09/30/2003,ILG,DE,AEA,EN,Towers with Display (VFR),0,14,119,2,135,0,0,99,0,99,0,14,218,2,234,222,12,234,468
10/01/2003,ILG,DE,AEA,EN,Towers with Display (VFR),0,14,111,4,129,0,0,85,13,98,0,14,196,17,227,216,54,270,497
10/02/2003,ILG,DE,AEA,EN,Towers with Display (VFR),0,3,104,8,115,0,0,49,0,49,0,3,153,8,164,158,34,192,356
10/03/2003,ILG,DE,AEA,EN,Towers with Display (VFR),0,8,65,2,75,0,2,92,0,94,0,10,157,2,169,110,0,110,279
10/04/2003,ILG,DE,AEA,EN,Towers with Display (VFR),0,6,53,6,65,0,6,47,0,53,0,12,100,6,118,106,14,120,238
10/05/2003,ILG,DE,AEA,EN,Towers with Display (VFR),0,5,67,12,84,0,4,94,0,98,0,9,161,12,182,124,30,154,336
10/06/2003,ILG,DE,AEA,EN,Towers with Display (VFR),0,7,77,2,86,0,5,64,1,70,0,12,141,3,156,146,0,146,302
10/07/2003,ILG,DE,AEA,EN,Towers with Display (VFR),0,12,63,6,81,0,1,79,9,89,0,13,142,15,170,132,28,160,330
10/08/2003,ILG,DE,AEA,EN,Towers with Display (VFR),0,13,116,7,136,0,0,45,13,58,0,13,161,20,194,234,48,282,476
10/09/2003,ILG,DE,AEA,EN,Towers with Display (VFR),0,16,91,3,110,0,0,54,2,56,0,16,145,5,166,148,4,152,318
10/10/2003,ILG,DE,AEA,EN,Towers with Display (VFR),0,12,78,5,95,0,1,28,0,29,0,13,106,5,124,42,10,52,176
10/11/2003,ILG,DE,AEA,EN,Towers with Display (VFR),0,7,46,0,53,0,6,75,3,84,0,13,121,3,137,62,0,62,199
10/12/2003,ILG,DE,AEA,EN,Towers with Display (VFR),0,5,50,0,55,0,6,64,1,71,0,11,114,1,126,78,0,78,204
10/13/2003,ILG,DE,AEA,EN,Towers with Display (VFR),0,16,81,4,101,0,8,114,0,122,0,24,195,4,223,88,0,88,311
10/14/2003,ILG,DE,AEA,EN,Towers with Display (VFR),0,17,49,11,77,0,0,44,9,53,0,17,93,20,130,88,48,136,266
10/15/2003,ILG,DE,AEA,EN,Towers with Display (VFR),0,6,67,0,73,0,0,53,0,53,0,6,120,0,126,84,2,86,212
10/16/2003,ILG,DE,AEA,EN,Towers with Display (VFR),0,11,99,2,112,0,0,68,3,71,0,11,167,5,183,196,0,196,379
10/17/2003,ILG,DE,AEA,EN,Towers with Display (VFR),0,8,63,3,74,0,4,63,1,68,0,12,126,4,142,102,18,120,262
10/18/2003,ILG,DE,AEA,EN,Towers with Display (VFR),0,1,59,7,67,0,6,108,0,114,0,7,167,7,181,244,22,266,447
10/19/2003,ILG,DE,AEA,EN,Towers with Display (VFR),0,4,61,4,69,0,10,127,2,139,0,14,188,6,208,138,2,140,348
10/20/2003,ILG,DE,AEA,EN,Towers with Display (VFR),0,15,53,6,74,0,14,66,0,80,0,29,119,6,154,126,8,134,288
10/21/2003,ILG,DE,AEA,EN,Towers with Display (VFR),0,9,65,15,89,0,6,39,6,51,0,15,104,21,140,194,26,220,360
10/22/2003,ILG,DE,AEA,EN,Towers with Display (VFR),0,13,43,5,61,0,0,14,0,14,0,13,57,5,75,42,28,70,145
10/23/2003,ILG,DE,AEA,EN,Towers with Display (VFR),0,19,90,7,116,0,0,81,11,92,0,19,171,18,208,164,0,164,372
10/24/2003,ILG,DE,AEA,EN,Towers with Display (VFR),0,7,104,11,122,0,0,92,0,92,0,7,196,11,214,200,44,244,458
10/25/2003,ILG,DE,AEA,EN,Towers with Display (VFR),0,11,62,1,74,0,0,154,6,160,0,11,216,7,234,150,32,182,416
10/26/2003,ILG,DE,AEA,EN,Towers with Display (VFR),0,9,55,2,66,0,0,16,0,16,0,9,71,2,82,28,8,36,118
10/27/2003,ILG,DE,AEA,EN,Towers with Display (VFR),0,18,50,0,68,0,0,4,0,4,0,18,54,0,72,12,0,12,84
10/28/2003,ILG,DE,AEA,EN,Towers with Display (VFR),0,21,105,23,149,0,3,70,1,74,0,24,175,24,223,134,44,178,401
10/29/2003,ILG,DE,AEA,EN,Towers with Display (VFR),0,26,99,13,138,0,0,31,0,31,0,26,130,13,169,122,66,188,357
10/30/2003,ILG,DE,AEA,EN,Towers with Display (VFR),3,23,98,14,138,0,0,156,5,161,3,23,254,19,299,336,36,372,671
10/31/2003,ILG,DE,AEA,EN,Towers with Display (VFR),3,31,71,12,117,0,0,107,2,109,3,31,178,14,226,138,18,156,382
11/01/2003,ILG,DE,AEA,EN,Towers with Display (VFR),1,5,54,8,68,0,2,165,12,179,1,7,219,20,247,180,30,210,457
11/02/2003,ILG,DE,AEA,EN,Towers with Display (VFR),2,7,70,0,79,0,4,113,13,130,2,11,183,13,209,138,16,154,363
11/03/2003,ILG,DE,AEA,EN,Towers with Display (VFR),0,5,88,1,94,0,4,53,0,57,0,9,141,1,151,108,0,108,259
11/04/2003,ILG,DE,AEA,EN,Towers with Display (VFR),0,12,73,12,97,0,0,49,0,49,0,12,122,12,146,100,90,190,336
11/05/2003,ILG,DE,AEA,EN,Towers with Display (VFR),0,27,89,3,119,0,0,0,0,0,0,27,89,3,119,56,4,60,179
11/06/2003,ILG,DE,AEA,EN,Towers with Display (VFR),0,9,70,8,87,0,0,0,0,0,0,9,70,8,87,40,4,44,131
11/07/2003,ILG,DE,AEA,EN,Towers with Display (VFR),2,14,76,7,99,0,5,82,0,87,2,19,158,7,186,180,8,188,374
11/08/2003,ILG,DE,AEA,EN,Towers with Display (VFR),4,10,48,0,62,0,8,94,0,102,4,18,142,0,164,86,0,86,250
11/09/2003,ILG,DE,AEA,EN,Towers with Display (VFR),0,5,56,0,61,0,2,114,0,116,0,7,170,0,177,112,2,114,291
11/10/2003,ILG,DE,AEA,EN,Towers with Display (VFR),1,14,49,2,66,0,0,80,1,81,1,14,129,3,147,144,0,144,291
11/11/2003,ILG,DE,AEA,EN,Towers with Display (VFR),0,17,66,0,83,0,0,27,0,27,0,17,93,0,110,208,0,208,318
11/12/2003,ILG,DE,AEA,EN,Towers with Display (VFR),2,21,74,9,106,0,0,0,0,0,2,21,74,9,106,10,10,20,126
11/13/2003,ILG,DE,AEA,EN,Towers with Display (VFR),0,8,50,2,60,0,0,17,0,17,0,8,67,2,77,68,0,68,145
11/14/2003,ILG,DE,AEA,EN,Towers with Display (VFR),0,9,42,2,53,0,8,49,4,61,0,17,91,6,114,52,0,52,166
11/15/2003,ILG,DE,AEA,EN,Towers with Display (VFR),0,2,51,13,66,0,0,113,0,113,0,2,164,13,179,150,36,186,365
11/16/2003,ILG,DE,AEA,EN,Towers with Display (VFR),0,4,86,2,92,0,0,116,2,118,0,4,202,4,210,296,0,296,506
11/17/2003,ILG,DE,AEA,EN,Towers with Display (VFR),0,6,34,4,44,0,4,41,8,53,0,10,75,12,97,154,4,158,255
11/18/2003,ILG,DE,AEA,EN,Towers with Display (VFR),1,16,64,7,88,0,4,14,0,18,1,20,78,7,106,108,90,198,304
11/19/2003,ILG,DE,AEA,EN,Towers with Display (VFR),0,19,83,2,104,0,0,0,6,6,0,19,83,8,110,18,60,78,188
11/20/2003,ILG,DE,AEA,EN,Towers with Display (VFR),0,17,85,14,116,0,0,67,0,67,0,17,152,14,183,190,40,230,413
11/21/2003,ILG,DE,AEA,EN,Towers with Display (VFR),0,17,115,10,142,0,0,120,0,120,0,17,235,10,262,454,26,480,742
11/22/2003,ILG,DE,AEA,EN,Towers with Display (VFR),0,10,113,5,128,0,3,151,0,154,0,13,264,5,282,370,14,384,666
11/23/2003,ILG,DE,AEA,EN,Towers with Display (VFR),0,4,31,0,35,0,2,81,0,83,0,6,112,0,118,120,0,120,238
11/24/2003,ILG,DE,AEA,EN,Towers with Display (VFR),2,7,58,8,75,0,0,13,7,20,2,7,71,15,95,52,8,60,155
11/25/2003,ILG,DE,AEA,EN,Towers with Display (VFR),4,6,64,16,90,0,0,135,15,150,4,6,199,31,240,186,64,250,490
11/26/2003,ILG,DE,AEA,EN,Towers with Display (VFR),2,9,113,20,144,0,0,109,1,110,2,9,222,21,254,248,44,292,546
11/27/2003,ILG,DE,AEA,EN,Towers with Display (VFR),0,3,26,0,29,0,2,27,0,29,0,5,53,0,58,156,4,160,218
11/28/2003,ILG,DE,AEA,EN,Towers with Display (VFR),1,7,99,8,115,0,0,0,0,0,1,7,99,8,115,94,24,118,233
11/29/2003,ILG,DE,AEA,EN,Towers with Display (VFR),2,6,25,0,33,0,0,17,0,17,2,6,42,0,50,14,0,14,64
11/30/2003,ILG,DE,AEA,EN,Towers with Display (VFR),0,10,113,3,126,0,0,112,0,112,0,10,225,3,238,378,18,396,634
12/01/2003,ILG,DE,AEA,EN,Towers with Display (VFR),1,16,46,2,65,0,0,49,4,53,1,16,95,6,118,184,28,212,330
12/02/2003,ILG,DE,AEA,EN,Towers with Display (VFR),3,18,80,23,124,0,0,51,2,53,3,18,131,25,177,172,30,202,379
12/03/2003,ILG,DE,AEA,EN,Towers with Display (VFR),2,13,98,12,125,0,0,79,6,85,2,13,177,18,210,322,38,360,570
12/04/2003,ILG,DE,AEA,EN,Towers with Display (VFR),1,29,95,8,133,0,2,62,0,64,1,31,157,8,197,158,12,170,367
12/05/2003,ILG,DE,AEA,EN,Towers with Display (VFR),2,5,43,0,50,0,0,0,0,0,2,5,43,0,50,0,0,0,50
12/06/2003,ILG,DE,AEA,EN,Towers with Display (VFR),0,1,8,0,9,0,8,0,0,8,0,9,8,0,17,4,4,8,25
12/07/2003,ILG,DE,AEA,EN,Towers with Display (VFR),2,7,23,2,34,0,0,12,0,12,2,7,35,2,46,18,2,20,66
12/08/2003,ILG,DE,AEA,EN,Towers with Display (VFR),0,16,89,1,106,0,0,37,0,37,0,16,126,1,143,190,10,200,343
12/09/2003,ILG,DE,AEA,EN,Towers with Display (VFR),2,6,79,17,104,0,8,59,8,75,2,14,138,25,179,158,36,194,373
12/10/2003,ILG,DE,AEA,EN,Towers with Display (VFR),2,18,99,7,126,0,0,27,5,32,2,18,126,12,158,122,14,136,294
12/11/2003,ILG,DE,AEA,EN,Towers with Display (VFR),0,20,90,0,110,0,0,10,8,18,0,20,100,8,128,256,4,260,388
12/12/2003,ILG,DE,AEA,EN,Towers with Display (VFR),2,12,86,6,106,0,4,69,0,73,2,16,155,6,179,294,14,308,487
12/13/2003,ILG,DE,AEA,EN,Towers with Display (VFR),9,4,53,1,67,0,0,302,0,302,9,4,355,1,369,112,6,118,487
12/14/2003,ILG,DE,AEA,EN,Towers with Display (VFR),1,4,22,0,27,0,0,0,0,0,1,4,22,0,27,0,0,0,27
12/15/2003,ILG,DE,AEA,EN,Towers with Display (VFR),0,24,61,2,87,0,0,18,0,18,0,24,79,2,105,42,0,42,147
12/16/2003,ILG,DE,AEA,EN,Towers with Display (VFR),2,9,96,9,116,0,6,68,0,74,2,15,164,9,190,242,98,340,530
12/17/2003,ILG,DE,AEA,EN,Towers with Display (VFR),2,15,58,4,79,0,0,33,2,35,2,15,91,6,114,130,42,172,286
12/18/2003,ILG,DE,AEA,EN,Towers with Display (VFR),1,11,105,6,123,0,0,43,8,51,1,11,148,14,174,240,16,256,430
12/19/2003,ILG,DE,AEA,EN,Towers with Display (VFR),6,21,128,21,176,0,2,74,0,76,6,23,202,21,252,250,50,300,552
12/20/2003,ILG,DE,AEA,EN,Towers with Display (VFR),14,14,66,0,94,0,2,67,2,71,14,16,133,2,165,208,8,216,381
12/21/2003,ILG,DE,AEA,EN,Towers with Display (VFR),1,4,65,0,70,0,0,82,0,82,1,4,147,0,152,178,4,182,334
12/22/2003,ILG,DE,AEA,EN,Towers with Display (VFR),3,9,58,5,75,0,6,67,8,81,3,15,125,13,156,86,16,102,258
12/23/2003,ILG,DE,AEA,EN,Towers with Display (VFR),1,6,52,12,71,0,0,73,0,73,1,6,125,12,144,110,48,158,302
12/24/2003,ILG,DE,AEA,EN,Towers with Display (VFR),0,1,22,0,23,0,0,16,0,16,0,1,38,0,39,14,0,14,53
12/25/2003,ILG,DE,AEA,EN,Towers with Display (VFR),0,11,20,0,31,0,0,4,1,5,0,11,24,1,36,58,6,64,100
12/26/2003,ILG,DE,AEA,EN,Towers with Display (VFR),0,4,71,0,75,0,4,50,2,56,0,8,121,2,131,224,10,234,365
12/27/2003,ILG,DE,AEA,EN,Towers with Display (VFR),0,12,88,0,100,0,6,99,2,107,0,18,187,2,207,220,2,222,429
12/28/2003,ILG,DE,AEA,EN,Towers with Display (VFR),0,5,45,0,50,0,2,71,0,73,0,7,116,0,123,98,0,98,221
12/29/2003,ILG,DE,AEA,EN,Towers with Display (VFR),0,3,27,4,34,0,2,81,3,86,0,5,108,7,120,176,2,178,298
12/30/2003,ILG,DE,AEA,EN,Towers with Display (VFR),0,10,41,21,72,0,0,23,0,23,0,10,64,21,95,58,74,132,227
12/31/2003,ILG,DE,AEA,EN,Towers with Display (VFR),0,6,55,6,67,0,0,70,7,77,0,6,125,13,144,216,30,246,390
01/01/2004,ILG,DE,AEA,EN,Towers with Display (VFR),0,9,27,0,36,0,0,63,1,64,0,9,90,1,100,172,14,186,286
01/02/2004,ILG,DE,AEA,EN,Towers with Display (VFR),0,5,76,0,81,0,0,26,3,29,0,5,102,3,110,198,42,240,350
01/03/2004,ILG,DE,AEA,EN,Towers with Display (VFR),0,6,68,2,76,0,0,103,3,106,0,6,171,5,182,82,4,86,268
01/04/2004,ILG,DE,AEA,EN,Towers with Display (VFR),0,8,45,0,53,0,0,13,0,13,0,8,58,0,66,34,0,34,100
01/05/2004,ILG,DE,AEA,EN,Towers with Display (VFR),0,11,36,4,51,0,0,0,0,0,0,11,36,4,51,18,4,22,73
01/06/2004,ILG,DE,AEA,EN,Towers with Display (VFR),0,3,41,5,49,0,0,45,20,65,0,3,86,25,114,116,62,178,292
01/07/2004,ILG,DE,AEA,EN,Towers with Display (VFR),0,5,71,13,89,0,1,29,0,30,0,6,100,13,119,140,38,178,297
01/08/2004,ILG,DE,AEA,EN,Towers with Display (VFR),0,7,43,12,62,0,2,40,0,42,0,9,83,12,104,164,56,220,324
01/09/2004,ILG,DE,AEA,EN,Towers with Display (VFR),2,7,75,14,98,0,6,44,0,50,2,13,119,14,148,176,86,262,410
01/10/2004,ILG,DE,AEA,EN,Towers with Display (VFR),0,2,25,14,41,0,2,67,4,73,0,4,92,18,114,52,16,68,182
01/11/2004,ILG,DE,AEA,EN,Towers with Display (VFR),0,1,38,5,44,0,0,80,2,82,0,1,118,7,126,88,8,96,222
01/12/2004,ILG,DE,AEA,EN,Towers with Display (VFR),0,11,39,1,51,0,0,60,1,61,0,11,99,2,112,170,0,170,282
01/13/2004,ILG,DE,AEA,EN,Towers with Display (VFR),0,12,91,14,117,0,0,22,7,29,0,12,113,21,146,320,64,384,530
01/14/2004,ILG,DE,AEA,EN,Towers with Display (VFR),0,11,35,2,48,0,0,51,7,58,0,11,86,9,106,186,26,212,318
01/15/2004,ILG,DE,AEA,EN,Towers with Display (VFR),0,14,64,15,93,0,1,20,0,21,0,15,84,15,114,180,58,238,352
01/16/2004,ILG,DE,AEA,EN,Towers with Display (VFR),0,6,80,4,90,0,4,47,0,51,0,10,127,4,141,194,22,216,357
01/17/2004,ILG,DE,AEA,EN,Towers with Display (VFR),0,6,55,3,64,0,0,73,0,73,0,6,128,3,137,192,18,210,347
01/18/2004,ILG,DE,AEA,EN,Towers with Display (VFR),0,3,23,1,27,0,2,2,2,6,0,5,25,3,33,0,0,0,33
01/19/2004,ILG,DE,AEA,EN,Towers with Display (VFR),0,10,58,0,68,0,2,22,0,24,0,12,80,0,92,38,0,38,130
01/20/2004,ILG,DE,AEA,EN,Towers with Display (VFR),0,14,55,3,72,0,0,44,0,44,0,14,99,3,116,110,32,142,258
01/21/2004,ILG,DE,AEA,EN,Towers with Display (VFR),0,12,65,9,86,0,0,147,0,147,0,12,212,9,233,232,58,290,523
01/22/2004,ILG,DE,AEA,EN,Towers with Display (VFR),0,9,84,14,107,0,0,134,0,134,0,9,218,14,241,304,46,350,591
01/23/2004,ILG,DE,AEA,EN,Towers with Display (VFR),0,11,61,10,82,0,2,26,5,33,0,13,87,15,115,110,34,144,259
01/24/2004,ILG,DE,AEA,EN,Towers with Display (VFR),0,5,33,2,40,0,9,28,1,38,0,14,61,3,78,30,0,30,108
01/25/2004,ILG,DE,AEA,EN,Towers with Display (VFR),0,5,66,1,72,0,1,27,1,29,0,6,93,2,101,110,2,112,213
01/26/2004,ILG,DE,AEA,EN,Towers with Display (VFR),0,4,19,0,23,0,0,0,0,0,0,4,19,0,23,2,0,2,25
01/27/2004,ILG,DE,AEA,EN,Towers with Display (VFR),0,5,19,0,24,0,0,0,0,0,0,5,19,0,24,0,0,0,24
01/28/2004,ILG,DE,AEA,EN,Towers with Display (VFR),0,4,38,2,44,0,1,7,3,11,0,5,45,5,55,28,8,36,91
01/29/2004,ILG,DE,AEA,EN,Towers with Display (VFR),0,0,74,4,78,0,1,7,3,11,0,1,81,7,89,126,28,154,243
01/30/2004,ILG,DE,AEA,EN,Towers with Display (VFR),2,2,140,12,156,0,0,22,1,23,2,2,162,13,179,220,34,254,433
01/31/2004,ILG,DE,AEA,EN,Towers with Display (VFR),0,3,54,3,60,0,0,6,1,7,0,3,60,4,67,158,0,158,225
02/01/2004,ILG,DE,AEA,EN,Towers with Display (VFR),0,3,33,2,38,0,2,68,0,70,0,5,101,2,108,142,2,144,252
02/02/2004,ILG,DE,AEA,EN,Towers with Display (VFR),0,7,37,3,47,0,2,35,0,37,0,9,72,3,84,64,2,66,150
02/03/2004,ILG,DE,AEA,EN,Towers with Display (VFR),0,11,37,9,57,0,0,2,0,2,0,11,39,9,59,6,14,20,79
02/04/2004,ILG,DE,AEA,EN,Towers with Display (VFR),0,17,45,13,75,0,4,72,0,76,0,21,117,13,151,118,24,142,293
02/05/2004,ILG,DE,AEA,EN,Towers with Display (VFR),0,15,91,43,149,0,0,54,0,54,0,15,145,43,203,120,88,208,411
02/06/2004,ILG,DE,AEA,EN,Towers with Display (VFR),0,0,42,8,50,0,0,0,0,0,0,0,42,8,50,20,28,48,98
02/07/2004,ILG,DE,AEA,EN,Towers with Display (VFR),0,3,25,0,28,0,0,39,12,51,0,3,64,12,79,160,50,210,289
02/08/2004,ILG,DE,AEA,EN,Towers with Display (VFR),0,10,57,12,79,0,0,49,3,52,0,10,106,15,131,150,28,178,309
02/09/2004,ILG,DE,AEA,EN,Towers with Display (VFR),0,12,69,19,100,0,0,57,0,57,0,12,126,19,157,154,52,206,363
02/10/2004,ILG,DE,AEA,EN,Towers with Display (VFR),0,22,81,16,119,0,1,90,0,91,0,23,171,16,210,186,44,230,440
02/11/2004,ILG,DE,AEA,EN,Towers with Display (VFR),0,16,72,2,90,0,0,60,6,66,0,16,132,8,156,146,6,152,308
02/12/2004,ILG,DE,AEA,EN,Towers with Display (VFR),0,8,70,5,83,0,0,31,4,35,0,8,101,9,118,140,22,162,280
02/13/2004,ILG,DE,AEA,EN,Towers with Display (VFR),0,10,100,0,110,0,0,81,0,81,0,10,181,0,191,256,0,256,447
02/14/2004,ILG,DE,AEA,EN,Towers with Display (VFR),0,4,78,5,87,0,6,66,6,78,0,10,144,11,165,258,24,282,447
02/15/2004,ILG,DE,AEA,EN,Towers with Display (VFR),0,10,78,1,89,0,2,18,1,21,0,12,96,2,110,240,20,260,370
02/16/2004,ILG,DE,AEA,EN,Towers with Display (VFR),0,12,57,2,71,0,4,52,0,56,0,16,109,2,127,164,2,166,293
02/17/2004,ILG,DE,AEA,EN,Towers with Display (VFR),0,31,111,7,149,0,5,31,11,47,0,36,142,18,196,112,52,164,360
02/18/2004,ILG,DE,AEA,EN,Towers with Display (VFR),0,12,62,17,91,0,0,40,11,51,0,12,102,28,142,156,62,218,360
02/19/2004,ILG,DE,AEA,EN,Towers with Display (VFR),0,14,63,10,87,0,2,87,4,93,0,16,150,14,180,250,22,272,452
02/20/2004,ILG,DE,AEA,EN,Towers with Display (VFR),0,6,115,14,135,0,0,36,4,40,0,6,151,18,175,336,52,388,563
02/21/2004,ILG,DE,AEA,EN,Towers with Display (VFR),0,3,50,0,53,0,0,45,2,47,0,3,95,2,100,138,16,154,254
02/22/2004,ILG,DE,AEA,EN,Towers with Display (VFR),0,5,67,3,75,0,0,78,0,78,0,5,145,3,153,194,0,194,347
02/23/2004,ILG,DE,AEA,EN,Towers with Display (VFR),0,8,67,7,82,0,1,56,6,63,0,9,123,13,145,312,38,350,495
02/24/2004,ILG,DE,AEA,EN,Towers with Display (VFR),2,6,56,15,79,0,2,19,9,30,2,8,75,24,109,64,40,104,213
02/25/2004,ILG,DE,AEA,EN,Towers with Display (VFR),0,14,63,13,90,0,1,53,0,54,0,15,116,13,144,194,34,228,372
02/26/2004,ILG,DE,AEA,EN,Towers with Display (VFR),0,11,77,6,94,0,0,88,5,93,0,11,165,11,187,216,42,258,445
02/27/2004,ILG,DE,AEA,EN,Towers with Display (VFR),4,2,146,25,177,0,8,96,0,104,4,10,242,25,281,422,46,468,749
02/28/2004,ILG,DE,AEA,EN,Towers with Display (VFR),13,7,61,6,87,0,1,123,0,124,13,8,184,6,211,260,22,282,493
02/29/2004,ILG,DE,AEA,EN,Towers with Display (VFR),0,5,72,3,80,0,4,121,0,125,0,9,193,3,205,258,0,258,463
03/01/2004,ILG,DE,AEA,EN,Towers with Display (VFR),0,11,58,2,71,0,4,40,0,44,0,15,98,2,115,160,4,164,279
03/02/2004,ILG,DE,AEA,EN,Towers with Display (VFR),0,7,56,11,74,0,0,30,0,30,0,7,86,11,104,112,58,170,274
03/03/2004,ILG,DE,AEA,EN,Towers with Display (VFR),0,12,47,11,70,0,0,89,6,95,0,12,136,17,165,136,8,144,309
03/04/2004,ILG,DE,AEA,EN,Towers with Display (VFR),0,10,73,13,96,0,0,17,0,17,0,10,90,13,113,222,82,304,417
03/05/2004,ILG,DE,AEA,EN,Towers with Display (VFR),1,4,69,18,92,0,4,0,0,4,1,8,69,18,96,36,12,48,144
03/06/2004,ILG,DE,AEA,EN,Towers with Display (VFR),0,4,71,3,78,0,0,19,7,26,0,4,90,10,104,122,4,126,230
03/07/2004,ILG,DE,AEA,EN,Towers with Display (VFR),1,10,63,8,82,0,4,106,6,116,1,14,169,14,198,146,10,156,354
03/08/2004,ILG,DE,AEA,EN,Towers with Display (VFR),0,16,58,4,78,0,2,2,0,4,0,18,60,4,82,38,32,70,152
03/09/2004,ILG,DE,AEA,EN,Towers with Display (VFR),4,6,63,14,87,0,0,29,0,29,4,6,92,14,116,136,58,194,310
03/10/2004,ILG,DE,AEA,EN,Towers with Display (VFR),4,7,66,11,88,0,0,48,4,52,4,7,114,15,140,94,80,174,314
03/11/2004,ILG,DE,AEA,EN,Towers with Display (VFR),4,8,47,9,68,0,0,100,13,113,4,8,147,22,181,230,54,284,465
03/12/2004,ILG,DE,AEA,EN,Towers with Display (VFR),1,14,80,1,96,0,0,39,5,44,1,14,119,6,140,116,8,124,264
03/13/2004,ILG,DE,AEA,EN,Towers with Display (VFR),0,4,42,1,47,0,2,32,0,34,0,6,74,1,81,198,6,204,285
03/14/2004,ILG,DE,AEA,EN,Towers with Display (VFR),0,3,61,2,66,0,2,70,0,72,0,5,131,2,138,84,0,84,222
03/15/2004,ILG,DE,AEA,EN,Towers with Display (VFR),0,11,48,7,66,0,3,45,0,48,0,14,93,7,114,70,10,80,194
03/16/2004,ILG,DE,AEA,EN,Towers with Display (VFR),0,19,51,3,73,0,0,0,0,0,0,19,51,3,73,34,0,34,107
03/17/2004,ILG,DE,AEA,EN,Towers with Display (VFR),0,7,50,13,70,0,1,10,0,11,0,8,60,13,81,24,50,74,155
03/18/2004,ILG,DE,AEA,EN,Towers with Display (VFR),2,3,100,9,114,0,0,68,0,68,2,3,168,9,182,210,24,234,416
03/19/2004,ILG,DE,AEA,EN,Towers with Display (VFR),0,7,117,7,131,0,0,40,0,40,0,7,157,7,171,182,48,230,401
03/20/2004,ILG,DE,AEA,EN,Towers with Display (VFR),0,2,29,8,39,0,8,100,4,112,0,10,129,12,151,192,36,228,379
03/21/2004,ILG,DE,AEA,EN,Towers with Display (VFR),0,11,35,3,49,0,4,28,0,32,0,15,63,3,81,14,10,24,105
03/22/2004,ILG,DE,AEA,EN,Towers with Display (VFR),0,16,49,7,72,0,4,98,0,102,0,20,147,7,174,88,50,138,312
03/23/2004,ILG,DE,AEA,EN,Towers with Display (VFR),0,14,103,12,129,0,2,89,0,91,0,16,192,12,220,296,80,376,596
03/24/2004,ILG,DE,AEA,EN,Towers with Display (VFR),1,13,66,14,94,0,6,79,11,96,1,19,145,25,190,196,38,234,424
03/25/2004,ILG,DE,AEA,EN,Towers with Display (VFR),2,10,85,16,113,0,0,43,0,43,2,10,128,16,156,78,80,158,314
03/26/2004,ILG,DE,AEA,EN,Towers with Display (VFR),1,5,78,10,94,0,1,112,1,114,1,6,190,11,208,328,26,354,562
03/27/2004,ILG,DE,AEA,EN,Towers with Display (VFR),1,6,64,3,74,0,0,102,1,103,1,6,166,4,177,212,2,214,391
03/28/2004,ILG,DE,AEA,EN,Towers with Display (VFR),0,8,35,0,43,0,0,71,0,71,0,8,106,0,114,136,4,140,254
03/29/2004,ILG,DE,AEA,EN,Towers with Display (VFR),0,2,68,5,75,0,4,32,0,36,0,6,100,5,111,96,4,100,211
03/30/2004,ILG,DE,AEA,EN,Towers with Display (VFR),0,6,64,9,79,0,0,0,0,0,0,6,64,9,79,34,0,34,113
03/31/2004,ILG,DE,AEA,EN,Towers with Display (VFR),0,17,84,23,124,0,0,95,0,95,0,17,179,23,219,134,42,176,395
04/01/2004,ILG,DE,AEA,EN,Towers with Display (VFR),0,14,94,3,111,0,0,72,2,74,0,14,166,5,185,208,2,210,395
04/02/2004,ILG,DE,AEA,EN,Towers with Display (VFR),0,1,56,8,65,0,0,0,0,0,0,1,56,8,65,60,10,70,135
04/03/2004,ILG,DE,AEA,EN,Towers with Display (VFR),2,4,71,6,83,0,4,5,0,9,2,8,76,6,92,96,16,112,204
04/04/2004,ILG,DE,AEA,EN,Towers with Display (VFR),0,9,28,3,40,0,2,0,0,2,0,11,28,3,42,8,2,10,52
04/05/2004,ILG,DE,AEA,EN,Towers with Display (VFR),2,5,39,5,51,0,0,14,2,16,2,5,53,7,67,24,4,28,95
04/06/2004,ILG,DE,AEA,EN,Towers with Display (VFR),5,8,74,15,102,0,3,69,19,91,5,11,143,34,193,134,70,204,397
04/07/2004,ILG,DE,AEA,EN,Towers with Display (VFR),3,23,98,8,132,0,0,80,2,82,3,23,178,10,214,54,14,68,282
04/08/2004,ILG,DE,AEA,EN,Towers with Display (VFR),4,21,106,13,144,0,0,85,0,85,4,21,191,13,229,350,52,402,631
04/09/2004,ILG,DE,AEA,EN,Towers with Display (VFR),0,2,81,0,83,0,0,25,0,25,0,2,106,0,108,192,2,194,302
04/10/2004,ILG,DE,AEA,EN,Towers with Display (VFR),0,2,30,0,32,0,8,113,0,121,0,10,143,0,153,246,2,248,401
04/11/2004,ILG,DE,AEA,EN,Towers with Display (VFR),0,5,39,1,45,0,0,2,0,2,0,5,41,1,47,12,0,12,59
04/12/2004,ILG,DE,AEA,EN,Towers with Display (VFR),0,9,37,4,50,0,0,4,0,4,0,9,41,4,54,0,2,2,56
04/13/2004,ILG,DE,AEA,EN,Towers with Display (VFR),0,11,41,0,52,0,0,0,0,0,0,11,41,0,52,0,0,0,52
04/14/2004,ILG,DE,AEA,EN,Towers with Display (VFR),0,7,60,6,73,0,0,9,0,9,0,7,69,6,82,32,0,32,114
04/15/2004,ILG,DE,AEA,EN,Towers with Display (VFR),5,12,110,15,142,0,0,44,10,54,5,12,154,25,196,258,8,266,462
04/16/2004,ILG,DE,AEA,EN,Towers with Display (VFR),0,8,69,12,89,0,8,87,0,95,0,16,156,12,184,328,16,344,528
04/17/2004,ILG,DE,AEA,EN,Towers with Display (VFR),0,3,60,11,74,0,6,110,0,116,0,9,170,11,190,130,24,154,344
04/18/2004,ILG,DE,AEA,EN,Towers with Display (VFR),4,6,43,8,61,0,0,98,4,102,4,6,141,12,163,140,12,152,315
04/19/2004,ILG,DE,AEA,EN,Towers with Display (VFR),0,4,62,2,68,0,9,58,0,67,0,13,120,2,135,196,0,196,331
04/20/2004,ILG,DE,AEA,EN,Towers with Display (VFR),0,10,70,8,88,0,0,91,0,91,0,10,161,8,179,84,20,104,283
04/21/2004,ILG,DE,AEA,EN,Towers with Display (VFR),0,12,67,6,85,0,0,47,0,47,0,12,114,6,132,194,80,274,406
04/22/2004,ILG,DE,AEA,EN,Towers with Display (VFR),0,10,79,5,94,0,0,87,12,99,0,10,166,17,193,288,12,300,493
04/23/2004,ILG,DE,AEA,EN,Towers with Display (VFR),0,9,78,4,91,0,0,83,0,83,0,9,161,4,174,326,2,328,502
04/24/2004,ILG,DE,AEA,EN,Towers with Display (VFR),0,0,30,2,32,0,1,76,7,84,0,1,106,9,116,218,6,224,340
04/25/2004,ILG,DE,AEA,EN,Towers with Display (VFR),0,14,41,2,57,0,12,69,0,81,0,26,110,2,138,220,2,222,360
04/26/2004,ILG,DE,AEA,EN,Towers with Display (VFR),0,6,76,4,86,0,0,2,2,4,0,6,78,6,90,102,32,134,224
04/27/2004,ILG,DE,AEA,EN,Towers with Display (VFR),0,12,70,5,87,0,0,50,13,63,0,12,120,18,150,70,104,174,324
04/28/2004,ILG,DE,AEA,EN,Towers with Display (VFR),3,17,60,2,82,0,0,74,10,84,3,17,134,12,166,92,4,96,262
04/29/2004,ILG,DE,AEA,EN,Towers with Display (VFR),2,7,66,6,81,0,0,100,10,110,2,7,166,16,191,336,16,352,543
04/30/2004,ILG,DE,AEA,EN,Towers with Display (VFR),0,10,76,10,96,0,6,68,4,78,0,16,144,14,174,184,8,192,366
05/01/2004,ILG,DE,AEA,EN,Towers with Display (VFR),0,2,45,3,50,0,0,100,5,105,0,2,145,8,155,184,26,210,365
05/02/2004,ILG,DE,AEA,EN,Towers with Display (VFR),0,8,57,6,71,0,0,13,0,13,0,8,70,6,84,28,8,36,120
05/03/2004,ILG,DE,AEA,EN,Towers with Display (VFR),2,7,69,4,82,0,0,8,1,9,2,7,77,5,91,46,0,46,137
05/04/2004,ILG,DE,AEA,EN,Towers with Display (VFR),0,18,82,8,108,0,0,76,25,101,0,18,158,33,209,134,24,158,367
05/05/2004,ILG,DE,AEA,EN,Towers with Display (VFR),0,15,86,9,110,0,0,40,8,48,0,15,126,17,158,106,24,130,288
05/06/2004,ILG,DE,AEA,EN,Towers with Display (VFR),0,18,83,15,116,0,0,87,7,94,0,18,170,22,210,216,58,274,484
05/07/2004,ILG,DE,AEA,EN,Towers with Display (VFR),2,16,93,16,127,0,0,56,0,56,2,16,149,16,183,208,130,338,521
05/08/2004,ILG,DE,AEA,EN,Towers with Display (VFR),0,5,61,4,70,0,0,150,0,150,0,5,211,4,220,180,20,200,420
05/09/2004,ILG,DE,AEA,EN,Towers with Display (VFR),0,3,33,1,37,0,2,68,0,70,0,5,101,1,107,64,0,64,171
05/10/2004,ILG,DE,AEA,EN,Towers with Display (VFR),0,8,82,3,93,0,4,25,0,29,0,12,107,3,122,134,4,138,260
05/11/2004,ILG,DE,AEA,EN,Towers with Display (VFR),2,14,60,6,82,0,0,55,10,65,2,14,115,16,147,176,24,200,347
05/12/2004,ILG,DE,AEA,EN,Towers with Display (VFR),9,11,53,5,78,0,0,55,4,59,9,11,108,9,137,118,2,120,257
05/13/2004,ILG,DE,AEA,EN,Towers with Display (VFR),7,13,62,8,90,0,1,105,0,106,7,14,167,8,196,270,72,342,538
05/14/2004,ILG,DE,AEA,EN,Towers with Display (VFR),2,11,137,15,165,0,0,0,0,0,2,11,137,15,165,260,60,320,485
05/15/2004,ILG,DE,AEA,EN,Towers with Display (VFR),0,0,32,0,32,0,0,189,6,195,0,0,221,6,227,270,26,296,523
05/16/2004,ILG,DE,AEA,EN,Towers with Display (VFR),0,11,41,3,55,0,0,65,3,68,0,11,106,6,123,266,8,274,397
05/17/2004,ILG,DE,AEA,EN,Towers with Display (VFR),0,10,50,4,64,0,0,55,1,56,0,10,105,5,120,114,10,124,244
05/18/2004,ILG,DE,AEA,EN,Towers with Display (VFR),2,7,56,7,72,0,11,28,9,48,2,18,84,16,120,96,48,144,264
05/19/2004,ILG,DE,AEA,EN,Towers with Display (VFR),0,13,57,2,72,0,0,24,0,24,0,13,81,2,96,36,20,56,152
05/20/2004,ILG,DE,AEA,EN,Towers with Display (VFR),0,16,69,8,93,0,0,56,0,56,0,16,125,8,149,282,64,346,495
05/21/2004,ILG,DE,AEA,EN,Towers with Display (VFR),1,7,70,0,78,0,0,95,2,97,1,7,165,2,175,284,10,294,469
05/22/2004,ILG,DE,AEA,EN,Towers with Display (VFR),2,0,61,10,73,0,2,89,0,91,2,2,150,10,164,224,50,274,438
05/23/2004,ILG,DE,AEA,EN,Towers with Display (VFR),0,8,41,2,51,0,12,106,1,119,0,20,147,3,170,162,0,162,332
05/24/2004,ILG,DE,AEA,EN,Towers with Display (VFR),2,10,45,0,57,0,8,51,1,60,2,18,96,1,117,124,8,132,249
05/25/2004,ILG,DE,AEA,EN,Towers with Display (VFR),0,13,57,2,72,0,0,72,18,90,0,13,129,20,162,142,12,154,316
05/26/2004,ILG,DE,AEA,EN,Towers with Display (VFR),2,12,67,2,83,0,2,22,4,28,2,14,89,6,111,84,26,110,221
05/27/2004,ILG,DE,AEA,EN,Towers with Display (VFR),0,13,98,9,120,0,0,83,4,87,0,13,181,13,207,256,74,330,537
05/28/2004,ILG,DE,AEA,EN,Towers with Display (VFR),0,6,111,12,129,0,0,72,0,72,0,6,183,12,201,324,88,412,613
05/29/2004,ILG,DE,AEA,EN,Towers with Display (VFR),0,1,35,2,38,0,4,90,3,97,0,5,125,5,135,296,8,304,439
05/30/2004,ILG,DE,AEA,EN,Towers with Display (VFR),0,4,59,0,63,0,0,74,0,74,0,4,133,0,137,296,0,296,433
05/31/2004,ILG,DE,AEA,EN,Towers with Display (VFR),0,7,74,0,81,0,0,0,0,0,0,7,74,0,81,102,0,102,183
06/01/2004,ILG,DE,AEA,EN,Towers with Display (VFR),0,3,91,2,96,0,0,10,1,11,0,3,101,3,107,208,8,216,323
06/02/2004,ILG,DE,AEA,EN,Towers with Display (VFR),0,8,72,1,81,0,4,104,11,119,0,12,176,12,200,118,38,156,356
06/03/2004,ILG,DE,AEA,EN,Towers with Display (VFR),0,10,91,4,105,0,0,134,0,134,0,10,225,4,239,340,56,396,635
06/04/2004,ILG,DE,AEA,EN,Towers with Display (VFR),0,7,77,2,86,0,0,148,3,151,0,7,225,5,237,242,4,246,483
06/05/2004,ILG,DE,AEA,EN,Towers with Display (VFR),0,0,46,4,50,0,0,4,0,4,0,0,50,4,54,2,4,6,60
06/06/2004,ILG,DE,AEA,EN,Towers with Display (VFR),0,11,98,3,112,0,4,45,0,49,0,15,143,3,161,84,10,94,255
06/07/2004,ILG,DE,AEA,EN,Towers with Display (VFR),0,15,86,0,101,0,0,70,0,70,0,15,156,0,171,132,12,144,315
06/08/2004,ILG,DE,AEA,EN,Towers with Display (VFR),0,10,57,7,74,0,0,73,3,76,0,10,130,10,150,156,4,160,310
06/09/2004,ILG,DE,AEA,EN,Towers with Display (VFR),0,15,59,8,82,0,4,44,0,48,0,19,103,8,130,190,10,200,330
06/10/2004,ILG,DE,AEA,EN,Towers with Display (VFR),0,16,92,2,110,0,2,17,0,19,0,18,109,2,129,120,0,120,249
06/11/2004,ILG,DE,AEA,EN,Towers with Display (VFR),0,8,70,0,78,0,0,0,0,0,0,8,70,0,78,42,0,42,120
06/12/2004,ILG,DE,AEA,EN,Towers with Display (VFR),0,0,30,5,35,0,0,148,0,148,0,0,178,5,183,184,2,186,369
06/13/2004,ILG,DE,AEA,EN,Towers with Display (VFR),0,5,41,3,49,0,0,101,2,103,0,5,142,5,152,236,0,236,388
06/14/2004,ILG,DE,AEA,EN,Towers with Display (VFR),0,10,85,12,107,0,0,9,0,9,0,10,94,12,116,226,54,280,396
06/15/2004,ILG,DE,AEA,EN,Towers with Display (VFR),0,12,70,6,88,0,1,35,2,38,0,13,105,8,126,132,2,134,260
06/16/2004,ILG,DE,AEA,EN,Towers with Display (VFR),0,11,81,2,94,0,0,49,2,51,0,11,130,4,145,200,14,214,359
06/17/2004,ILG,DE,AEA,EN,Towers with Display (VFR),0,4,70,7,81,0,0,23,2,25,0,4,93,9,106,64,0,64,170
06/18/2004,ILG,DE,AEA,EN,Towers with Display (VFR),0,9,58,7,74,0,0,65,1,66,0,9,123,8,140,166,0,166,306
06/19/2004,ILG,DE,AEA,EN,Towers with Display (VFR),0,4,82,5,91,0,2,122,4,128,0,6,204,9,219,210,16,226,445
06/20/2004,ILG,DE,AEA,EN,Towers with Display (VFR),0,4,44,5,53,0,7,120,0,127,0,11,164,5,180,278,0,278,458
06/21/2004,ILG,DE,AEA,EN,Towers with Display (VFR),0,11,54,3,68,0,6,101,0,107,0,17,155,3,175,232,0,232,407
06/22/2004,ILG,DE,AEA,EN,Towers with Display (VFR),0,13,59,2,74,0,0,40,2,42,0,13,99,4,116,142,2,144,260
06/23/2004,ILG,DE,AEA,EN,Towers with Display (VFR),0,16,92,8,116,0,0,54,4,58,0,16,146,12,174,62,0,62,236
06/24/2004,ILG,DE,AEA,EN,Towers with Display (VFR),0,11,79,3,93,0,0,153,13,166,0,11,232,16,259,208,16,224,483
06/25/2004,ILG,DE,AEA,EN,Towers with Display (VFR),0,24,60,3,87,0,2,37,3,42,0,26,97,6,129,146,16,162,291
06/26/2004,ILG,DE,AEA,EN,Towers with Display (VFR),0,10,54,1,65,0,0,30,2,32,0,10,84,3,97,94,0,94,191
06/27/2004,ILG,DE,AEA,EN,Towers with Display (VFR),0,8,38,0,46,0,5,199,2,206,0,13,237,2,252,158,10,168,420
06/28/2004,ILG,DE,AEA,EN,Towers with Display (VFR),0,6,76,3,85,0,4,41,2,47,0,10,117,5,132,172,8,180,312
06/29/2004,ILG,DE,AEA,EN,Towers with Display (VFR),0,4,61,7,72,0,4,69,7,80,0,8,130,14,152,106,36,142,294
06/30/2004,ILG,DE,AEA,EN,Towers with Display (VFR),0,11,44,2,57,0,0,126,12,138,0,11,170,14,195,266,10,276,471
07/01/2004,ILG,DE,AEA,EN,Towers with Display (VFR),0,7,48,0,55,0,0,78,2,80,0,7,126,2,135,166,0,166,301
07/02/2004,ILG,DE,AEA,EN,Towers with Display (VFR),0,4,57,0,61,0,2,77,0,79,0,6,134,0,140,214,0,214,354
07/03/2004,ILG,DE,AEA,EN,Towers with Display (VFR),0,7,54,3,64,0,0,127,0,127,0,7,181,3,191,342,6,348,539
07/04/2004,ILG,DE,AEA,EN,Towers with Display (VFR),0,3,21,0,24,0,0,43,0,43,0,3,64,0,67,52,0,52,119
07/05/2004,ILG,DE,AEA,EN,Towers with Display (VFR),0,7,34,0,41,0,9,55,0,64,0,16,89,0,105,142,0,142,247
07/06/2004,ILG,DE,AEA,EN,Towers with Display (VFR),0,9,59,2,70,0,0,110,2,112,0,9,169,4,182,240,0,240,422
07/07/2004,ILG,DE,AEA,EN,Towers with Display (VFR),0,12,47,1,60,0,0,60,6,66,0,12,107,7,126,116,18,134,260
07/08/2004,ILG,DE,AEA,EN,Towers with Display (VFR),0,14,66,22,102,0,6,67,0,73,0,20,133,22,175,286,26,312,487
07/09/2004,ILG,DE,AEA,EN,Towers with Display (VFR),0,3,91,18,112,0,0,78,5,83,0,3,169,23,195,382,38,420,615
07/10/2004,ILG,DE,AEA,EN,Towers with Display (VFR),0,2,21,1,24,0,0,115,3,118,0,2,136,4,142,344,2,346,488
07/11/2004,ILG,DE,AEA,EN,Towers with Display (VFR),0,6,46,3,55,0,0,86,0,86,0,6,132,3,141,258,8,266,407
07/12/2004,ILG,DE,AEA,EN,Towers with Display (VFR),0,17,48,4,69,0,0,27,0,27,0,17,75,4,96,88,0,88,184
07/13/2004,ILG,DE,AEA,EN,Towers with Display (VFR),0,13,80,16,109,0,0,65,10,75,0,13,145,26,184,184,28,212,396
07/14/2004,ILG,DE,AEA,EN,Towers with Display (VFR),0,8,62,6,76,0,0,40,0,40,0,8,102,6,116,170,0,170,286
07/15/2004,ILG,DE,AEA,EN,Towers with Display (VFR),0,13,73,8,94,0,0,71,2,73,0,13,144,10,167,118,14,132,299
07/16/2004,ILG,DE,AEA,EN,Towers with Display (VFR),0,5,57,4,66,0,4,90,4,98,0,9,147,8,164,232,0,232,396
07/17/2004,ILG,DE,AEA,EN,Towers with Display (VFR),0,10,42,9,61,0,0,103,0,103,0,10,145,9,164,252,20,272,436
07/18/2004,ILG,DE,AEA,EN,Towers with Display (VFR),0,16,59,2,77,0,5,53,0,58,0,21,112,2,135,104,0,104,239
07/19/2004,ILG,DE,AEA,EN,Towers with Display (VFR),0,13,64,1,78,0,2,50,0,52,0,15,114,1,130,130,0,130,260
07/20/2004,ILG,DE,AEA,EN,Towers with Display (VFR),0,7,43,3,53,0,0,84,1,85,0,7,127,4,138,262,0,262,400
07/21/2004,ILG,DE,AEA,EN,Towers with Display (VFR),0,13,67,8,88,0,0,94,6,100,0,13,161,14,188,132,0,132,320
07/22/2004,ILG,DE,AEA,EN,Towers with Display (VFR),0,2,77,8,87,0,0,23,2,25,0,2,100,10,112,212,6,218,330
07/23/2004,ILG,DE,AEA,EN,Towers with Display (VFR),0,9,81,3,93,0,0,42,10,52,0,9,123,13,145,114,10,124,269
07/24/2004,ILG,DE,AEA,EN,Towers with Display (VFR),0,7,34,3,44,0,0,54,0,54,0,7,88,3,98,142,0,142,240
07/25/2004,ILG,DE,AEA,EN,Towers with Display (VFR),0,0,49,0,49,0,0,11,0,11,0,0,60,0,60,234,0,234,294
07/26/2004,ILG,DE,AEA,EN,Towers with Display (VFR),0,6,57,6,69,0,2,58,5,65,0,8,115,11,134,160,22,182,316
07/27/2004,ILG,DE,AEA,EN,Towers with Display (VFR),0,12,69,0,81,0,0,71,2,73,0,12,140,2,154,116,0,116,270
07/28/2004,ILG,DE,AEA,EN,Towers with Display (VFR),0,7,89,5,101,0,0,23,0,23,0,7,112,5,124,62,0,62,186
07/29/2004,ILG,DE,AEA,EN,Towers with Display (VFR),0,9,74,8,91,0,0,119,5,124,0,9,193,13,215,98,26,124,339
07/30/2004,ILG,DE,AEA,EN,Towers with Display (VFR),0,3,56,5,64,0,0,72,2,74,0,3,128,7,138,200,4,204,342
07/31/2004,ILG,DE,AEA,EN,Towers with Display (VFR),0,7,49,0,56,0,0,53,0,53,0,7,102,0,109,162,4,166,275
08/01/2004,ILG,DE,AEA,EN,Towers with Display (VFR),0,9,62,7,78,0,0,49,1,50,0,9,111,8,128,84,4,88,216
08/02/2004,ILG,DE,AEA,EN,Towers with Display (VFR),0,6,69,2,77,0,0,62,0,62,0,6,131,2,139,270,4,274,413
08/03/2004,ILG,DE,AEA,EN,Towers with Display (VFR),0,5,73,8,86,0,2,67,6,75,0,7,140,14,161,318,54,372,533
08/04/2004,ILG,DE,AEA,EN,Towers with Display (VFR),0,6,83,2,91,0,0,80,3,83,0,6,163,5,174,168,2,170,344
08/05/2004,ILG,DE,AEA,EN,Towers with Display (VFR),0,0,86,2,88,0,0,41,9,50,0,0,127,11,138,264,18,282,420
08/06/2004,ILG,DE,AEA,EN,Towers with Display (VFR),0,7,70,1,78,0,0,124,4,128,0,7,194,5,206,334,30,364,570
08/07/2004,ILG,DE,AEA,EN,Towers with Display (VFR),0,5,14,9,28,0,10,113,0,123,0,15,127,9,151,166,10,176,327
08/08/2004,ILG,DE,AEA,EN,Towers with Display (VFR),0,5,30,3,38,0,3,110,0,113,0,8,140,3,151,190,8,198,349
08/09/2004,ILG,DE,AEA,EN,Towers with Display (VFR),2,6,32,5,45,0,2,66,1,69,2,8,98,6,114,182,2,184,298
08/10/2004,ILG,DE,AEA,EN,Towers with Display (VFR),0,2,53,4,59,0,0,42,0,42,0,2,95,4,101,142,4,146,247
08/11/2004,ILG,DE,AEA,EN,Towers with Display (VFR),0,9,41,11,61,0,0,84,0,84,0,9,125,11,145,204,20,224,369
08/12/2004,ILG,DE,AEA,EN,Towers with Display (VFR),0,9,64,5,78,0,0,45,0,45,0,9,109,5,123,82,0,82,205
08/13/2004,ILG,DE,AEA,EN,Towers with Display (VFR),0,6,40,0,46,0,0,96,0,96,0,6,136,0,142,232,2,234,376
08/14/2004,ILG,DE,AEA,EN,Towers with Display (VFR),0,7,22,4,33,0,0,50,0,50,0,7,72,4,83,104,0,104,187
08/15/2004,ILG,DE,AEA,EN,Towers with Display (VFR),0,10,44,0,54,0,0,50,0,50,0,10,94,0,104,68,0,68,172
08/16/2004,ILG,DE,AEA,EN,Towers with Display (VFR),0,5,49,1,55,0,4,56,0,60,0,9,105,1,115,164,2,166,281
08/17/2004,ILG,DE,AEA,EN,Towers with Display (VFR),0,22,82,3,107,0,5,47,0,52,0,27,129,3,159,154,10,164,323
08/18/2004,ILG,DE,AEA,EN,Towers with Display (VFR),0,11,83,0,94,0,2,64,4,70,0,13,147,4,164,118,14,132,296
08/19/2004,ILG,DE,AEA,EN,Towers with Display (VFR),0,10,59,5,74,0,6,35,0,41,0,16,94,5,115,110,24,134,249
08/20/2004,ILG,DE,AEA,EN,Towers with Display (VFR),0,10,57,2,69,0,0,101,0,101,0,10,158,2,170,272,0,272,442
08/21/2004,ILG,DE,AEA,EN,Towers with Display (VFR),0,4,30,0,34,0,0,78,12,90,0,4,108,12,124,206,16,222,346
08/22/2004,ILG,DE,AEA,EN,Towers with Display (VFR),0,8,45,4,57,0,0,135,1,136,0,8,180,5,193,164,2,166,359
08/23/2004,ILG,DE,AEA,EN,Towers with Display (VFR),0,8,60,0,68,0,4,105,0,109,0,12,165,0,177,190,4,194,371
08/24/2004,ILG,DE,AEA,EN,Towers with Display (VFR),0,7,50,2,59,0,6,55,0,61,0,13,105,2,120,84,22,106,226
08/25/2004,ILG,DE,AEA,EN,Towers with Display (VFR),0,13,66,1,80,0,3,48,6,57,0,16,114,7,137,126,20,146,283
08/26/2004,ILG,DE,AEA,EN,Towers with Display (VFR),0,14,89,3,106,0,4,122,8,134,0,18,211,11,240,198,14,212,452
08/27/2004,ILG,DE,AEA,EN,Towers with Display (VFR),0,8,80,0,88,0,0,73,0,73,0,8,153,0,161,234,0,234,395
08/28/2004,ILG,DE,AEA,EN,Towers with Display (VFR),0,4,32,4,40,0,0,103,0,103,0,4,135,4,143,240,10,250,393
08/29/2004,ILG,DE,AEA,EN,Towers with Display (VFR),0,7,62,8,77,0,0,79,0,79,0,7,141,8,156,168,0,168,324
08/30/2004,ILG,DE,AEA,EN,Towers with Display (VFR),0,8,65,4,77,0,0,42,0,42,0,8,107,4,119,102,0,102,221
08/31/2004,ILG,DE,AEA,EN,Towers with Display (VFR),0,5,100,6,111,0,0,28,0,28,0,5,128,6,139,210,18,228,367
09/01/2004,ILG,DE,AEA,EN,Towers with Display (VFR),0,9,75,3,87,0,4,78,4,86,0,13,153,7,173,264,2,266,439
09/02/2004,ILG,DE,AEA,EN,Towers with Display (VFR),0,9,53,7,69,0,0,117,1,118,0,9,170,8,187,204,14,218,405
09/03/2004,ILG,DE,AEA,EN,Towers with Display (VFR),0,23,89,9,121,0,0,144,0,144,0,23,233,9,265,344,24,368,633
09/04/2004,ILG,DE,AEA,EN,Towers with Display (VFR),0,2,42,0,44,0,0,92,0,92,0,2,134,0,136,200,20,220,356
09/05/2004,ILG,DE,AEA,EN,Towers with Display (VFR),0,5,28,0,33,0,7,52,0,59,0,12,80,0,92,120,0,120,212
09/06/2004,ILG,DE,AEA,EN,Towers with Display (VFR),0,4,39,2,45,0,0,62,0,62,0,4,101,2,107,82,0,82,189
09/07/2004,ILG,DE,AEA,EN,Towers with Display (VFR),0,10,70,4,84,0,0,33,4,37,0,10,103,8,121,166,36,202,323
09/08/2004,ILG,DE,AEA,EN,Towers with Display (VFR),0,12,48,3,63,0,1,44,0,45,0,13,92,3,108,140,10,150,258
09/09/2004,ILG,DE,AEA,EN,Towers with Display (VFR),0,6,52,2,60,0,0,62,0,62,0,6,114,2,122,56,8,64,186
09/10/2004,ILG,DE,AEA,EN,Towers with Display (VFR),0,6,79,5,90,0,0,99,4,103,0,6,178,9,193,256,6,262,455
09/11/2004,ILG,DE,AEA,EN,Towers with Display (VFR),0,3,22,3,28,0,17,88,4,109,0,20,110,7,137,170,12,182,319
09/12/2004,ILG,DE,AEA,EN,Towers with Display (VFR),0,1,39,6,46,0,0,115,2,117,0,1,154,8,163,204,0,204,367
09/13/2004,ILG,DE,AEA,EN,Towers with Display (VFR),0,6,64,0,70,0,4,62,0,66,0,10,126,0,136,128,0,128,264
09/14/2004,ILG,DE,AEA,EN,Towers with Display (VFR),0,8,84,1,93,0,0,59,8,67,0,8,143,9,160,160,22,182,342
09/15/2004,ILG,DE,AEA,EN,Towers with Display (VFR),0,9,79,6,94,0,0,27,0,27,0,9,106,6,121,114,4,118,239
09/16/2004,ILG,DE,AEA,EN,Towers with Display (VFR),0,15,87,0,102,0,0,55,4,59,0,15,142,4,161,220,0,220,381
09/17/2004,ILG,DE,AEA,EN,Towers with Display (VFR),0,11,85,7,103,0,0,60,0,60,0,11,145,7,163,196,14,210,373
09/18/2004,ILG,DE,AEA,EN,Towers with Display (VFR),0,0,77,1,78,0,0,18,0,18,0,0,95,1,96,130,8,138,234
09/19/2004,ILG,DE,AEA,EN,Towers with Display (VFR),0,12,36,2,50,0,0,68,1,69,0,12,104,3,119,262,0,262,381
09/20/2004,ILG,DE,AEA,EN,Towers with Display (VFR),0,2,70,2,74,0,2,72,2,76,0,4,142,4,150,190,4,194,344
09/21/2004,ILG,DE,AEA,EN,Towers with Display (VFR),0,5,38,6,49,0,2,96,0,98,0,7,134,6,147,166,20,186,333
09/22/2004,ILG,DE,AEA,EN,Towers with Display (VFR),0,14,81,4,99,0,0,76,4,80,0,14,157,8,179,234,32,266,445
09/23/2004,ILG,DE,AEA,EN,Towers with Display (VFR),0,2,77,8,87,0,0,112,5,117,0,2,189,13,204,236,60,296,500
09/24/2004,ILG,DE,AEA,EN,Towers with Display (VFR),1,10,68,2,81,0,0,52,2,54,1,10,120,4,135,272,30,302,437
09/25/2004,ILG,DE,AEA,EN,Towers with Display (VFR),1,5,40,1,47,0,6,86,0,92,1,11,126,1,139,152,0,152,291
09/26/2004,ILG,DE,AEA,EN,Towers with Display (VFR),0,6,72,2,80,0,2,142,0,144,0,8,214,2,224,166,0,166,390
09/27/2004,ILG,DE,AEA,EN,Towers with Display (VFR),0,9,73,0,82,0,2,65,4,71,0,11,138,4,153,122,8,130,283
09/28/2004,ILG,DE,AEA,EN,Towers with Display (VFR),0,7,45,7,59,0,0,0,0,0,0,7,45,7,59,4,4,8,67
09/29/2004,ILG,DE,AEA,EN,Towers with Display (VFR),0,7,52,0,59,0,2,49,4,55,0,9,101,4,114,284,20,304,418
09/30/2004,ILG,DE,AEA,EN,Towers with Display (VFR),0,5,73,0,78,0,0,48,2,50,0,5,121,2,128,194,16,210,338
10/01/2004,ILG,DE,AEA,EN,Towers with Display (VFR),1,7,66,1,75,0,0,129,2,131,1,7,195,3,206,292,0,292,498
10/02/2004,ILG,DE,AEA,EN,Towers with Display (VFR),1,5,40,0,46,0,2,15,0,17,1,7,55,0,63,86,0,86,149
10/03/2004,ILG,DE,AEA,EN,Towers with Display (VFR),0,4,69,2,75,0,6,130,0,136,0,10,199,2,211,208,2,210,421
10/04/2004,ILG,DE,AEA,EN,Towers with Display (VFR),0,8,54,0,62,0,2,76,0,78,0,10,130,0,140,166,0,166,306
10/05/2004,ILG,DE,AEA,EN,Towers with Display (VFR),0,10,77,4,91,0,0,54,2,56,0,10,131,6,147,278,2,280,427
10/06/2004,ILG,DE,AEA,EN,Towers with Display (VFR),2,13,66,2,83,0,2,65,2,69,2,15,131,4,152,128,2,130,282
10/07/2004,ILG,DE,AEA,EN,Towers with Display (VFR),0,6,78,4,88,0,0,54,1,55,0,6,132,5,143,260,0,260,403
10/08/2004,ILG,DE,AEA,EN,Towers with Display (VFR),1,14,70,5,90,1,0,84,0,85,2,14,154,5,175,306,4,310,485
10/09/2004,ILG,DE,AEA,EN,Towers with Display (VFR),0,10,87,0,97,0,2,0,0,2,0,12,87,0,99,96,0,96,195
10/10/2004,ILG,DE,AEA,EN,Towers with Display (VFR),0,10,56,0,66,0,0,90,0,90,0,10,146,0,156,188,0,188,344
10/11/2004,ILG,DE,AEA,EN,Towers with Display (VFR),0,12,70,0,82,0,0,50,0,50,0,12,120,0,132,148,0,148,280
10/12/2004,ILG,DE,AEA,EN,Towers with Display (VFR),0,9,74,6,89,0,0,74,0,74,0,9,148,6,163,250,6,256,419
10/13/2004,ILG,DE,AEA,EN,Towers with Display (VFR),2,15,74,1,92,0,1,65,0,66,2,16,139,1,158,54,2,56,214
10/14/2004,ILG,DE,AEA,EN,Towers with Display (VFR),0,25,74,12,111,0,0,14,0,14,0,25,88,12,125,32,0,32,157
10/15/2004,ILG,DE,AEA,EN,Towers with Display (VFR),0,17,82,0,99,0,0,0,0,0,0,17,82,0,99,36,2,38,137
10/16/2004,ILG,DE,AEA,EN,Towers with Display (VFR),0,3,50,0,53,0,0,69,0,69,0,3,119,0,122,242,0,242,364
10/17/2004,ILG,DE,AEA,EN,Towers with Display (VFR),0,7,44,0,51,0,0,50,1,51,0,7,94,1,102,104,2,106,208
10/18/2004,ILG,DE,AEA,EN,Towers with Display (VFR),0,8,66,1,75,0,0,78,5,83,0,8,144,6,158,134,2,136,294
10/19/2004,ILG,DE,AEA,EN,Towers with Display (VFR),0,14,37,0,51,0,0,0,0,0,0,14,37,0,51,2,0,2,53
10/20/2004,ILG,DE,AEA,EN,Towers with Display (VFR),1,11,64,1,77,0,0,0,0,0,1,11,64,1,77,10,20,30,107
10/21/2004,ILG,DE,AEA,EN,Towers with Display (VFR),2,13,61,9,85,0,0,49,0,49,2,13,110,9,134,50,24,74,208
10/22/2004,ILG,DE,AEA,EN,Towers with Display (VFR),0,24,115,1,140,0,0,129,2,131,0,24,244,3,271,266,16,282,553
10/23/2004,ILG,DE,AEA,EN,Towers with Display (VFR),0,5,33,0,38,0,1,106,0,107,0,6,139,0,145,322,2,324,469
10/24/2004,ILG,DE,AEA,EN,Towers with Display (VFR),3,6,71,0,80,0,0,45,0,45,3,6,116,0,125,128,0,128,253
10/25/2004,ILG,DE,AEA,EN,Towers with Display (VFR),1,8,70,0,79,0,0,61,0,61,1,8,131,0,140,242,0,242,382
10/26/2004,ILG,DE,AEA,EN,Towers with Display (VFR),0,1,60,3,64,0,1,75,0,76,0,2,135,3,140,212,0,212,352
10/27/2004,ILG,DE,AEA,EN,Towers with Display (VFR),0,20,110,4,134,0,0,51,0,51,0,20,161,4,185,176,66,242,427
10/28/2004,ILG,DE,AEA,EN,Towers with Display (VFR),0,12,79,6,97,0,0,93,0,93,0,12,172,6,190,286,60,346,536
10/29/2004,ILG,DE,AEA,EN,Towers with Display (VFR),1,12,72,3,88,0,2,44,0,46,1,14,116,3,134,150,16,166,300
10/30/2004,ILG,DE,AEA,EN,Towers with Display (VFR),1,7,18,1,27,0,0,0,0,0,1,7,18,1,27,18,0,18,45
10/31/2004,ILG,DE,AEA,EN,Towers with Display (VFR),0,9,46,0,55,0,2,56,0,58,0,11,102,0,113,126,0,126,239
11/01/2004,ILG,DE,AEA,EN,Towers with Radar,0,9,65,1,75,0,0,41,2,43,0,9,106,3,118,94,2,96,214
11/02/2004,ILG,DE,AEA,EN,Towers with Radar,0,9,52,11,72,0,0,65,1,66,0,9,117,12,138,138,32,170,308
11/03/2004,ILG,DE,AEA,EN,Towers with Radar,0,4,60,3,67,0,0,35,3,38,0,4,95,6,105,216,12,228,333
11/04/2004,ILG,DE,AEA,EN,Towers with Radar,0,5,73,0,78,0,0,0,2,2,0,5,73,2,80,24,0,24,104
11/05/2004,ILG,DE,AEA,EN,Towers with Radar,0,1,43,0,44,0,0,43,0,43,0,1,86,0,87,88,0,88,175
11/06/2004,ILG,DE,AEA,EN,Towers with Radar,0,8,32,13,53,0,6,54,0,60,0,14,86,13,113,210,22,232,345
11/07/2004,ILG,DE,AEA,EN,Towers with Radar,0,13,81,2,96,0,0,88,3,91,0,13,169,5,187,134,2,136,323
11/08/2004,ILG,DE,AEA,EN,Towers with Radar,0,6,45,0,51,0,6,52,4,62,0,12,97,4,113,62,8,70,183
11/09/2004,ILG,DE,AEA,EN,Towers with Radar,0,8,65,5,78,0,1,78,0,79,0,9,143,5,157,182,14,196,353
11/10/2004,ILG,DE,AEA,EN,Towers with Radar,0,3,70,2,75,0,0,73,0,73,0,3,143,2,148,132,50,182,330
11/11/2004,ILG,DE,AEA,EN,Towers with Radar,0,12,79,3,94,0,10,63,0,73,0,22,142,3,167,268,12,280,447
11/12/2004,ILG,DE,AEA,EN,Towers with Radar,0,4,52,2,58,0,0,6,0,6,0,4,58,2,64,10,0,10,74
11/13/2004,ILG,DE,AEA,EN,Towers with Radar,0,13,71,9,93,0,3,19,0,22,0,16,90,9,115,68,10,78,193
11/14/2004,ILG,DE,AEA,EN,Towers with Radar,0,4,57,2,63,0,0,109,0,109,0,4,166,2,172,134,6,140,312
11/15/2004,ILG,DE,AEA,EN,Towers with Radar,0,9,70,6,85,0,6,70,0,76,0,15,140,6,161,192,4,196,357
11/16/2004,ILG,DE,AEA,EN,Towers with Radar,0,10,66,4,80,0,2,92,0,94,0,12,158,4,174,226,2,228,402
11/17/2004,ILG,DE,AEA,EN,Towers with Radar,0,7,56,9,72,0,0,71,4,75,0,7,127,13,147,122,40,162,309
11/18/2004,ILG,DE,AEA,EN,Towers with Radar,0,9,61,1,71,0,0,58,0,58,0,9,119,1,129,210,0,210,339
11/19/2004,ILG,DE,AEA,EN,Towers with Radar,0,4,73,11,88,0,0,57,2,59,0,4,130,13,147,298,32,330,477
11/20/2004,ILG,DE,AEA,EN,Towers with Radar,0,8,36,1,45,0,0,3,4,7,0,8,39,5,52,34,2,36,88
11/21/2004,ILG,DE,AEA,EN,Towers with Radar,0,10,49,0,59,0,0,14,0,14,0,10,63,0,73,50,0,50,123
11/22/2004,ILG,DE,AEA,EN,Towers with Radar,0,10,54,3,67,0,3,29,4,36,0,13,83,7,103,126,0,126,229
11/23/2004,ILG,DE,AEA,EN,Towers with Radar,3,18,70,8,99,0,0,11,0,11,3,18,81,8,110,30,14,44,154
11/24/2004,ILG,DE,AEA,EN,Towers with Radar,0,16,46,1,63,0,0,0,0,0,0,16,46,1,63,0,2,2,65
11/25/2004,ILG,DE,AEA,EN,Towers with Radar,0,5,12,0,17,0,0,12,0,12,0,5,24,0,29,2,0,2,31
11/26/2004,ILG,DE,AEA,EN,Towers with Radar,0,6,34,1,41,0,0,156,0,156,0,6,190,1,197,174,0,174,371
11/27/2004,ILG,DE,AEA,EN,Towers with Radar,0,3,33,0,36,0,0,109,0,109,0,3,142,0,145,404,24,428,573
11/28/2004,ILG,DE,AEA,EN,Towers with Radar,0,9,52,1,62,0,0,40,0,40,0,9,92,1,102,112,0,112,214
11/29/2004,ILG,DE,AEA,EN,Towers with Radar,0,8,75,3,86,0,13,28,1,42,0,21,103,4,128,230,8,238,366
11/30/2004,ILG,DE,AEA,EN,Towers with Radar,0,7,83,10,100,0,0,62,2,64,0,7,145,12,164,190,26,216,380
12/01/2004,ILG,DE,AEA,EN,Towers with Radar,0,8,47,1,56,0,0,5,0,5,0,8,52,1,61,18,0,18,79
12/02/2004,ILG,DE,AEA,EN,Towers with Radar,0,6,87,3,96,0,2,32,0,34,0,8,119,3,130,200,10,210,340
12/03/2004,ILG,DE,AEA,EN,Towers with Radar,0,11,63,1,75,0,0,75,0,75,0,11,138,1,150,268,0,268,418
12/04/2004,ILG,DE,AEA,EN,Towers with Radar,0,1,31,2,34,0,3,47,9,59,0,4,78,11,93,138,4,142,235
12/05/2004,ILG,DE,AEA,EN,Towers with Radar,0,10,30,1,41,0,0,128,1,129,0,10,158,2,170,168,0,168,338
12/06/2004,ILG,DE,AEA,EN,Towers with Radar,0,6,73,0,79,0,0,1,1,2,0,6,74,1,81,98,0,98,179
12/07/2004,ILG,DE,AEA,EN,Towers with Radar,0,11,29,0,40,0,0,0,0,0,0,11,29,0,40,0,0,0,40
12/08/2004,ILG,DE,AEA,EN,Towers with Radar,0,10,65,22,97,0,0,73,0,73,0,10,138,22,170,134,70,204,374
12/09/2004,ILG,DE,AEA,EN,Towers with Radar,0,8,58,7,73,0,0,35,0,35,0,8,93,7,108,106,4,110,218
12/10/2004,ILG,DE,AEA,EN,Towers with Radar,0,10,67,0,77,0,0,0,0,0,0,10,67,0,77,0,0,0,77
12/11/2004,ILG,DE,AEA,EN,Towers with Radar,0,8,36,1,45,0,0,16,0,16,0,8,52,1,61,18,0,18,79
12/12/2004,ILG,DE,AEA,EN,Towers with Radar,0,11,50,0,61,0,0,87,0,87,0,11,137,0,148,132,0,132,280
12/13/2004,ILG,DE,AEA,EN,Towers with Radar,0,13,71,9,93,0,3,19,0,22,0,16,90,9,115,68,10,78,193
12/14/2004,ILG,DE,AEA,EN,Towers with Radar,0,10,64,5,79,0,4,51,2,57,0,14,115,7,136,86,6,92,228
12/15/2004,ILG,DE,AEA,EN,Towers with Radar,0,18,62,13,93,0,4,62,1,67,0,22,124,14,160,92,42,134,294
12/16/2004,ILG,DE,AEA,EN,Towers with Radar,0,11,86,0,97,0,0,62,5,67,0,11,148,5,164,214,30,244,408
12/17/2004,ILG,DE,AEA,EN,Towers with Radar,0,7,47,2,56,0,1,80,0,81,0,8,127,2,137,144,10,154,291
12/18/2004,ILG,DE,AEA,EN,Towers with Radar,0,15,39,0,54,0,0,119,1,120,0,15,158,1,174,156,0,156,330
12/19/2004,ILG,DE,AEA,EN,Towers with Radar,0,7,21,1,29,0,0,0,0,0,0,7,21,1,29,2,0,2,31
12/20/2004,ILG,DE,AEA,EN,Towers with Radar,0,10,30,2,42,0,0,11,0,11,0,10,41,2,53,28,0,28,81
12/21/2004,ILG,DE,AEA,EN,Towers with Radar,0,7,58,9,74,0,2,63,0,65,0,9,121,9,139,180,120,300,439
12/22/2004,ILG,DE,AEA,EN,Towers with Radar,0,8,89,16,113,0,0,96,0,96,0,8,185,16,209,398,22,420,629
12/23/2004,ILG,DE,AEA,EN,Towers with Radar,0,7,61,7,75,0,0,13,0,13,0,7,74,7,88,38,46,84,172
12/24/2004,ILG,DE,AEA,EN,Towers with Radar,0,5,15,3,23,0,0,53,0,53,0,5,68,3,76,174,2,176,252
12/25/2004,ILG,DE,AEA,EN,Towers with Radar,0,5,4,0,9,0,4,11,0,15,0,9,15,0,24,12,0,12,36
12/26/2004,ILG,DE,AEA,EN,Towers with Radar,0,7,40,0,47,0,0,30,0,30,0,7,70,0,77,250,16,266,343
12/27/2004,ILG,DE,AEA,EN,Towers with Radar,0,13,26,1,40,0,0,56,0,56,0,13,82,1,96,194,32,226,322
12/28/2004,ILG,DE,AEA,EN,Towers with Radar,0,16,47,14,77,0,0,125,35,160,0,16,172,49,237,270,24,294,531
12/29/2004,ILG,DE,AEA,EN,Towers with Radar,0,7,48,8,63,0,0,90,1,91,0,7,138,9,154,172,28,200,354
12/30/2004,ILG,DE,AEA,EN,Towers with Radar,0,9,79,11,99,0,0,45,0,45,0,9,124,11,144,268,20,288,432
12/31/2004,ILG,DE,AEA,EN,Towers with Radar,0,4,35,0,39,0,0,46,0,46,0,4,81,0,85,170,2,172,257
01/01/2005,ILG,DE,AEA,EN,Towers with Radar,0,6,37,0,43,0,0,99,0,99,0,6,136,0,142,232,0,232,374
01/02/2005,ILG,DE,AEA,EN,Towers with Radar,0,8,39,0,47,0,0,57,0,57,0,8,96,0,104,122,4,126,230
01/03/2005,ILG,DE,AEA,EN,Towers with Radar,0,14,71,0,85,0,0,76,0,76,0,14,147,0,161,182,0,182,343
01/04/2005,ILG,DE,AEA,EN,Towers with Radar,0,12,53,12,77,0,0,17,0,17,0,12,70,12,94,188,44,232,326
01/05/2005,ILG,DE,AEA,EN,Towers with Radar,0,14,45,0,59,0,0,0,0,0,0,14,45,0,59,8,0,8,67
01/06/2005,ILG,DE,AEA,EN,Towers with Radar,0,8,66,4,78,0,0,0,0,0,0,8,66,4,78,0,26,26,104
01/07/2005,ILG,DE,AEA,EN,Towers with Radar,0,10,67,8,85,0,1,81,0,82,0,11,148,8,167,280,20,300,467
01/08/2005,ILG,DE,AEA,EN,Towers with Radar,0,5,10,7,22,0,0,0,2,2,0,5,10,9,24,6,0,6,30
01/09/2005,ILG,DE,AEA,EN,Towers with Radar,0,13,59,2,74,0,0,73,0,73,0,13,132,2,147,264,2,266,413
01/10/2005,ILG,DE,AEA,EN,Towers with Radar,0,12,69,13,94,0,0,57,1,58,0,12,126,14,152,126,26,152,304
01/11/2005,ILG,DE,AEA,EN,Towers with Radar,0,7,78,13,98,0,0,31,1,32,0,7,109,14,130,216,70,286,416
01/12/2005,ILG,DE,AEA,EN,Towers with Radar,0,2,36,0,38,0,0,0,0,0,0,2,36,0,38,2,0,2,40
01/13/2005,ILG,DE,AEA,EN,Towers with Radar,0,7,80,2,89,0,0,39,3,42,0,7,119,5,131,166,46,212,343
01/14/2005,ILG,DE,AEA,EN,Towers with Radar,0,10,47,1,58,0,0,36,1,37,0,10,83,2,95,164,28,192,287
01/15/2005,ILG,DE,AEA,EN,Towers with Radar,0,10,47,9,66,0,0,100,0,100,0,10,147,9,166,368,56,424,590
01/16/2005,ILG,DE,AEA,EN,Towers with Radar,0,2,41,0,43,0,0,43,0,43,0,2,84,0,86,114,0,114,200
01/17/2005,ILG,DE,AEA,EN,Towers with Radar,0,19,58,0,77,0,0,36,0,36,0,19,94,0,113,184,0,184,297
01/18/2005,ILG,DE,AEA,EN,Towers with Radar,0,6,65,10,81,0,0,52,0,52,0,6,117,10,133,180,50,230,363
01/19/2005,ILG,DE,AEA,EN,Towers with Radar,0,12,63,3,78,0,0,10,0,10,0,12,73,3,88,44,0,44,132
01/20/2005,ILG,DE,AEA,EN,Towers with Radar,0,16,61,12,89,0,0,67,2,69,0,16,128,14,158,318,30,348,506
01/21/2005,ILG,DE,AEA,EN,Towers with Radar,0,8,82,10,100,0,0,42,0,42,0,8,124,10,142,262,18,280,422
01/22/2005,ILG,DE,AEA,EN,Towers with Radar,0,0,12,1,13,0,0,9,0,9,0,0,21,1,22,42,0,42,64
01/23/2005,ILG,DE,AEA,EN,Towers with Radar,0,3,13,2,18,0,0,0,0,0,0,3,13,2,18,0,0,0,18
01/24/2005,ILG,DE,AEA,EN,Towers with Radar,0,5,42,1,48,0,0,39,0,39,0,5,81,1,87,96,4,100,187
01/25/2005,ILG,DE,AEA,EN,Towers with Radar,0,4,69,7,80,0,0,54,0,54,0,4,123,7,134,196,58,254,388
01/26/2005,ILG,DE,AEA,EN,Towers with Radar,0,12,59,4,75,0,0,79,0,79,0,12,138,4,154,150,14,164,318
01/27/2005,ILG,DE,AEA,EN,Towers with Radar,0,13,81,1,95,0,0,71,1,72,0,13,152,2,167,182,1,183,350
01/28/2005,ILG,DE,AEA,EN,Towers with Radar,0,8,54,2,64,0,0,132,0,132,0,8,186,2,196,245,28,273,469
01/29/2005,ILG,DE,AEA,EN,Towers with Radar,0,4,38,0,42,0,0,107,0,107,0,4,145,0,149,150,0,150,299
01/30/2005,ILG,DE,AEA,EN,Towers with Radar,0,0,23,4,27,0,0,9,0,9,0,0,32,4,36,18,0,18,54
01/31/2005,ILG,DE,AEA,EN,Towers with Radar,0,3,57,0,60,0,0,48,0,48,0,3,105,0,108,166,2,168,276
02/01/2005,ILG,DE,AEA,EN,Towers with Radar,0,11,82,10,103,0,0,43,0,43,0,11,125,10,146,180,72,252,398
02/02/2005,ILG,DE,AEA,EN,Towers with Radar,0,8,42,2,52,0,0,57,4,61,0,8,99,6,113,192,26,218,331
02/03/2005,ILG,DE,AEA,EN,Towers with Radar,0,10,85,3,98,0,0,78,4,82,0,10,163,7,180,320,72,392,572
02/04/2005,ILG,DE,AEA,EN,Towers with Radar,0,15,68,5,88,0,0,78,0,78,0,15,146,5,166,262,10,272,438
02/05/2005,ILG,DE,AEA,EN,Towers with Radar,0,10,50,7,67,0,0,96,2,98,0,10,146,9,165,270,28,298,463
02/06/2005,ILG,DE,AEA,EN,Towers with Radar,0,7,47,4,58,0,0,149,1,150,0,7,196,5,208,334,4,338,546
02/07/2005,ILG,DE,AEA,EN,Towers with Radar,0,5,71,0,76,0,0,108,2,110,0,5,179,2,186,320,0,320,506
02/08/2005,ILG,DE,AEA,EN,Towers with Radar,0,11,65,20,96,0,0,105,20,125,0,11,170,40,221,96,82,178,399
02/09/2005,ILG,DE,AEA,EN,Towers with Radar,0,14,70,0,84,0,0,60,2,62,0,14,130,2,146,344,22,366,512
02/10/2005,ILG,DE,AEA,EN,Towers with Radar,0,16,59,8,83,0,1,36,0,37,0,17,95,8,120,196,20,216,336
02/11/2005,ILG,DE,AEA,EN,Towers with Radar,0,10,50,11,71,0,0,54,0,54,0,10,104,11,125,208,2,210,335
02/12/2005,ILG,DE,AEA,EN,Towers with Radar,0,6,27,3,36,0,0,69,0,69,0,6,96,3,105,248,16,264,369
02/13/2005,ILG,DE,AEA,EN,Towers with Radar,0,9,66,0,75,0,0,80,0,80,0,9,146,0,155,286,0,286,441
02/14/2005,ILG,DE,AEA,EN,Towers with Radar,0,17,92,3,112,0,0,0,0,0,0,17,92,3,112,6,2,8,120
02/15/2005,ILG,DE,AEA,EN,Towers with Radar,0,13,110,20,143,0,0,55,1,56,0,13,165,21,199,286,64,350,549
02/16/2005,ILG,DE,AEA,EN,Towers with Radar,0,10,96,38,144,0,0,60,0,60,0,10,156,38,204,210,116,326,530
02/17/2005,ILG,DE,AEA,EN,Towers with Radar,0,7,77,7,91,0,0,43,0,43,0,7,120,7,134,384,26,410,544
02/18/2005,ILG,DE,AEA,EN,Towers with Radar,0,14,66,12,92,0,0,56,0,56,0,14,122,12,148,108,40,148,296
02/19/2005,ILG,DE,AEA,EN,Towers with Radar,0,1,95,0,96,0,0,149,0,149,0,1,244,0,245,426,2,428,673
02/20/2005,ILG,DE,AEA,EN,Towers with Radar,0,4,58,0,62,0,0,132,1,133,0,4,190,1,195,214,4,218,413
02/21/2005,ILG,DE,AEA,EN,Towers with Radar,0,11,59,2,72,0,0,0,0,0,0,11,59,2,72,0,0,0,72
02/22/2005,ILG,DE,AEA,EN,Towers with Radar,0,10,77,2,89,0,0,44,5,49,0,10,121,7,138,196,2,198,336
02/23/2005,ILG,DE,AEA,EN,Towers with Radar,0,10,79,4,93,0,0,62,8,70,0,10,141,12,163,252,22,274,437
02/24/2005,ILG,DE,AEA,EN,Towers with Radar,0,27,53,0,80,0,0,18,1,19,0,27,71,1,99,18,8,26,125
02/25/2005,ILG,DE,AEA,EN,Towers with Radar,0,16,60,2,78,0,0,64,0,64,0,16,124,2,142,256,52,308,450
02/26/2005,ILG,DE,AEA,EN,Towers with Radar,0,12,51,0,63,0,0,74,1,75,0,12,125,1,138,390,10,400,538
02/27/2005,ILG,DE,AEA,EN,Towers with Radar,0,13,60,11,84,0,0,120,0,120,0,13,180,11,204,226,62,288,492
02/28/2005,ILG,DE,AEA,EN,Towers with Radar,0,5,40,0,45,0,0,0,0,0,0,5,40,0,45,36,0,36,81
03/01/2005,ILG,DE,AEA,EN,Towers with Radar,0,8,41,40,89,0,0,69,0,69,0,8,110,40,158,154,130,284,442
03/02/2005,ILG,DE,AEA,EN,Towers with Radar,0,15,63,4,82,0,0,23,2,25,0,15,86,6,107,180,16,196,303
03/03/2005,ILG,DE,AEA,EN,Towers with Radar,0,10,64,6,80,0,0,98,8,106,0,10,162,14,186,148,66,214,400
03/04/2005,ILG,DE,AEA,EN,Towers with Radar,0,11,54,4,69,0,0,83,2,85,0,11,137,6,154,252,50,302,456
03/05/2005,ILG,DE,AEA,EN,Towers with Radar,0,6,43,3,52,0,0,78,5,83,0,6,121,8,135,240,10,250,385
03/06/2005,ILG,DE,AEA,EN,Towers with Radar,0,12,45,6,63,0,0,101,0,101,0,12,146,6,164,228,8,236,400
03/07/2005,ILG,DE,AEA,EN,Towers with Radar,0,13,64,0,77,0,0,100,0,100,0,13,164,0,177,166,8,174,351
03/08/2005,ILG,DE,AEA,EN,Towers with Radar,0,7,64,4,75,0,1,11,0,12,0,8,75,4,87,36,0,36,123
03/09/2005,ILG,DE,AEA,EN,Towers with Radar,0,18,69,5,92,0,0,115,0,115,0,18,184,5,207,192,18,210,417
03/10/2005,ILG,DE,AEA,EN,Towers with Radar,0,6,87,7,100,0,0,123,0,123,0,6,210,7,223,476,48,524,747
03/11/2005,ILG,DE,AEA,EN,Towers with Radar,1,11,83,6,101,0,0,140,0,140,1,11,223,6,241,212,80,292,533
03/12/2005,ILG,DE,AEA,EN,Towers with Radar,0,9,23,1,33,0,0,63,2,65,0,9,86,3,98,364,14,378,476
03/13/2005,ILG,DE,AEA,EN,Towers with Radar,0,12,60,0,72,0,0,113,1,114,0,12,173,1,186,296,0,296,482
03/14/2005,ILG,DE,AEA,EN,Towers with Radar,0,13,51,0,64,0,0,31,2,33,0,13,82,2,97,130,28,158,255
03/15/2005,ILG,DE,AEA,EN,Towers with Radar,0,10,57,0,67,0,0,33,0,33,0,10,90,0,100,164,30,194,294
03/16/2005,ILG,DE,AEA,EN,Towers with Radar,0,18,125,13,156,0,0,61,0,61,0,18,186,13,217,240,38,278,495
03/17/2005,ILG,DE,AEA,EN,Towers with Radar,0,14,67,10,91,0,0,147,0,147,0,14,214,10,238,430,44,474,712
03/18/2005,ILG,DE,AEA,EN,Towers with Radar,0,15,78,6,99,0,0,98,0,98,0,15,176,6,197,270,64,334,531
03/19/2005,ILG,DE,AEA,EN,Towers with Radar,0,2,46,3,51,0,0,71,0,71,0,2,117,3,122,274,8,282,404
03/20/2005,ILG,DE,AEA,EN,Towers with Radar,0,10,54,4,68,0,0,0,4,4,0,10,54,8,72,8,0,8,80
03/21/2005,ILG,DE,AEA,EN,Towers with Radar,0,10,64,10,84,0,0,124,0,124,0,10,188,10,208,232,20,252,460
03/22/2005,ILG,DE,AEA,EN,Towers with Radar,0,16,111,8,135,0,0,73,0,73,0,16,184,8,208,298,62,360,568
03/23/2005,ILG,DE,AEA,EN,Towers with Radar,0,5,47,7,59,0,0,0,0,0,0,5,47,7,59,2,0,2,61
03/24/2005,ILG,DE,AEA,EN,Towers with Radar,0,4,96,3,103,0,0,64,3,67,0,4,160,6,170,160,54,214,384
03/25/2005,ILG,DE,AEA,EN,Towers with Radar,0,13,89,1,103,0,0,40,0,40,0,13,129,1,143,244,0,244,387
03/26/2005,ILG,DE,AEA,EN,Towers with Radar,0,5,30,3,38,0,0,91,0,91,0,5,121,3,129,396,24,420,549
03/27/2005,ILG,DE,AEA,EN,Towers with Radar,0,9,24,0,33,0,0,47,0,47,0,9,71,0,80,78,0,78,158
03/28/2005,ILG,DE,AEA,EN,Towers with Radar,0,9,60,0,69,0,0,0,0,0,0,9,60,0,69,4,0,4,73
03/29/2005,ILG,DE,AEA,EN,Towers with Radar,0,9,54,1,64,0,0,48,24,72,0,9,102,25,136,150,14,164,300
03/30/2005,ILG,DE,AEA,EN,Towers with Radar,0,9,95,2,106,0,0,151,7,158,0,9,246,9,264,306,16,322,586
03/31/2005,ILG,DE,AEA,EN,Towers with Radar,0,13,92,10,115,0,0,91,0,91,0,13,183,10,206,360,48,408,614
04/01/2005,ILG,DE,AEA,EN,Towers with Radar,0,12,65,7,84,0,0,92,0,92,0,12,157,7,176,310,2,312,488
04/02/2005,ILG,DE,AEA,EN,Towers with Radar,0,5,24,1,30,0,0,2,4,6,0,5,26,5,36,6,0,6,42
04/03/2005,ILG,DE,AEA,EN,Towers with Radar,0,12,37,4,53,0,0,12,5,17,0,12,49,9,70,60,0,60,130
04/04/2005,ILG,DE,AEA,EN,Towers with Radar,0,17,103,3,123,0,0,197,3,200,0,17,300,6,323,324,16,340,663
04/05/2005,ILG,DE,AEA,EN,Towers with Radar,0,10,72,16,98,0,1,132,4,137,0,11,204,20,235,332,28,360,595
04/06/2005,ILG,DE,AEA,EN,Towers with Radar,0,7,41,15,63,0,0,104,2,106,0,7,145,17,169,274,26,300,469
04/07/2005,ILG,DE,AEA,EN,Towers with Radar,2,4,96,8,110,0,0,47,0,47,2,4,143,8,157,364,48,412,569
04/08/2005,ILG,DE,AEA,EN,Towers with Radar,0,11,85,6,102,0,0,33,0,33,0,11,118,6,135,154,8,162,297
04/09/2005,ILG,DE,AEA,EN,Towers with Radar,0,0,40,0,40,0,2,104,1,107,0,2,144,1,147,356,2,358,505
04/10/2005,ILG,DE,AEA,EN,Towers with Radar,0,5,47,1,53,0,0,219,0,219,0,5,266,1,272,396,10,406,678
04/11/2005,ILG,DE,AEA,EN,Towers with Radar,0,8,66,4,78,0,0,66,0,66,0,8,132,4,144,328,0,328,472
04/12/2005,ILG,DE,AEA,EN,Towers with Radar,0,9,94,4,107,0,0,108,7,115,0,9,202,11,222,322,54,376,598
04/13/2005,ILG,DE,AEA,EN,Towers with Radar,0,12,76,1,89,0,0,109,9,118,0,12,185,10,207,272,46,318,525
04/14/2005,ILG,DE,AEA,EN,Towers with Radar,0,17,105,2,124,0,0,117,4,121,0,17,222,6,245,500,28,528,773
04/15/2005,ILG,DE,AEA,EN,Towers with Radar,0,13,79,3,95,0,0,74,7,81,0,13,153,10,176,250,54,304,480
04/16/2005,ILG,DE,AEA,EN,Towers with Radar,0,8,51,1,60,0,0,105,2,107,0,8,156,3,167,210,8,218,385
04/17/2005,ILG,DE,AEA,EN,Towers with Radar,0,9,76,0,85,0,0,149,2,151,0,9,225,2,236,316,0,316,552
04/18/2005,ILG,DE,AEA,EN,Towers with Radar,0,16,65,3,84,0,0,114,0,114,0,16,179,3,198,182,104,286,484
04/19/2005,ILG,DE,AEA,EN,Towers with Radar,0,8,125,8,141,0,0,108,0,108,0,8,233,8,249,334,56,390,639
04/20/2005,ILG,DE,AEA,EN,Towers with Radar,0,8,81,4,93,0,0,145,0,145,0,8,226,4,238,236,12,248,486
04/21/2005,ILG,DE,AEA,EN,Towers with Radar,0,25,98,7,130,0,0,118,3,121,0,25,216,10,251,276,196,472,723
04/22/2005,ILG,DE,AEA,EN,Towers with Radar,0,20,75,0,95,0,0,20,0,20,0,20,95,0,115,76,0,76,191
04/23/2005,ILG,DE,AEA,EN,Towers with Radar,0,3,26,0,29,0,2,9,0,11,0,5,35,0,40,32,0,32,72
04/24/2005,ILG,DE,AEA,EN,Towers with Radar,0,10,27,0,37,0,0,61,0,61,0,10,88,0,98,160,0,160,258
04/25/2005,ILG,DE,AEA,EN,Towers with Radar,0,10,60,2,72,0,1,39,0,40,0,11,99,2,112,72,2,74,186
04/26/2005,ILG,DE,AEA,EN,Towers with Radar,0,15,63,4,82,0,0,71,6,77,0,15,134,10,159,144,100,244,403
04/27/2005,ILG,DE,AEA,EN,Towers with Radar,0,12,87,1,100,0,0,53,0,53,0,12,140,1,153,126,4,130,283
04/28/2005,ILG,DE,AEA,EN,Towers with Radar,0,12,108,0,120,0,0,94,8,102,0,12,202,8,222,398,58,456,678
04/29/2005,ILG,DE,AEA,EN,Towers with Radar,0,4,87,4,95,0,0,46,1,47,0,4,133,5,142,186,44,230,372
04/30/2005,ILG,DE,AEA,EN,Towers with Radar,0,5,12,0,17,0,0,0,0,0,0,5,12,0,17,0,0,0,17
05/01/2005,ILG,DE,AEA,EN,Towers with Radar,0,7,72,0,79,0,0,57,1,58,0,7,129,1,137,196,0,196,333
05/02/2005,ILG,DE,AEA,EN,Towers with Radar,0,5,66,6,77,0,0,65,0,65,0,5,131,6,142,162,0,162,304
05/03/2005,ILG,DE,AEA,EN,Towers with Radar,0,6,69,11,86,0,0,110,0,110,0,6,179,11,196,166,6,172,368
05/04/2005,ILG,DE,AEA,EN,Towers with Radar,0,17,103,3,123,0,0,197,3,200,0,17,300,6,323,324,16,340,663
05/05/2005,ILG,DE,AEA,EN,Towers with Radar,0,18,81,8,107,0,0,82,0,82,0,18,163,8,189,262,28,290,479
05/06/2005,ILG,DE,AEA,EN,Towers with Radar,0,7,57,5,69,0,0,57,0,57,0,7,114,5,126,218,12,230,356
05/07/2005,ILG,DE,AEA,EN,Towers with Radar,0,4,41,1,46,0,0,101,1,102,0,4,142,2,148,340,2,342,490
05/08/2005,ILG,DE,AEA,EN,Towers with Radar,0,8,46,0,54,0,0,83,0,83,0,8,129,0,137,164,0,164,301
05/09/2005,ILG,DE,AEA,EN,Towers with Radar,0,25,68,2,95,0,0,87,0,87,0,25,155,2,182,232,0,232,414
05/10/2005,ILG,DE,AEA,EN,Towers with Radar,0,13,75,3,91,0,0,98,5,103,0,13,173,8,194,142,18,160,354
05/11/2005,ILG,DE,AEA,EN,Towers with Radar,0,15,113,3,131,0,0,52,0,52,0,15,165,3,183,254,24,278,461
05/12/2005,ILG,DE,AEA,EN,Towers with Radar,0,24,107,8,139,0,0,121,2,123,0,24,228,10,262,418,78,496,758
05/13/2005,ILG,DE,AEA,EN,Towers with Radar,0,0,76,2,78,0,0,118,1,119,0,0,194,3,197,242,2,244,441
05/14/2005,ILG,DE,AEA,EN,Towers with Radar,0,2,41,0,43,0,0,67,10,77,0,2,108,10,120,248,6,254,374
05/15/2005,ILG,DE,AEA,EN,Towers with Radar,0,4,80,3,87,0,0,42,6,48,0,4,122,9,135,98,6,104,239
05/16/2005,ILG,DE,AEA,EN,Towers with Radar,0,3,58,5,66,0,0,73,0,73,0,3,131,5,139,224,24,248,387
05/17/2005,ILG,DE,AEA,EN,Towers with Radar,0,5,51,16,72,0,0,131,0,131,0,5,182,16,203,250,70,320,523
05/18/2005,ILG,DE,AEA,EN,Towers with Radar,0,15,76,12,103,0,0,140,0,140,0,15,216,12,243,240,36,276,519
05/19/2005,ILG,DE,AEA,EN,Towers with Radar,3,11,98,2,114,0,0,82,5,87,3,11,180,7,201,206,36,242,443
05/20/2005,ILG,DE,AEA,EN,Towers with Radar,0,13,77,5,95,0,0,51,0,51,0,13,128,5,146,80,0,80,226
05/21/2005,ILG,DE,AEA,EN,Towers with Radar,0,4,68,2,74,0,0,102,4,106,0,4,170,6,180,340,10,350,530
05/22/2005,ILG,DE,AEA,EN,Towers with Radar,4,14,80,1,99,0,0,106,0,106,4,14,186,1,205,206,0,206,411
05/23/2005,ILG,DE,AEA,EN,Towers with Radar,0,17,60,1,78,0,0,63,1,64,0,17,123,2,142,120,0,120,262
05/24/2005,ILG,DE,AEA,EN,Towers with Radar,0,8,89,11,108,0,0,76,1,77,0,8,165,12,185,104,18,122,307
05/25/2005,ILG,DE,AEA,EN,Towers with Radar,0,16,68,3,87,0,0,0,0,0,0,16,68,3,87,48,20,68,155
05/26/2005,ILG,DE,AEA,EN,Towers with Radar,0,12,89,9,110,0,0,67,0,67,0,12,156,9,177,378,48,426,603
05/27/2005,ILG,DE,AEA,EN,Towers with Radar,0,11,79,2,92,0,0,114,0,114,0,11,193,2,206,352,20,372,578
05/28/2005,ILG,DE,AEA,EN,Towers with Radar,0,1,26,0,27,0,0,111,0,111,0,1,137,0,138,274,0,274,412
05/29/2005,ILG,DE,AEA,EN,Towers with Radar,0,7,45,0,52,0,2,153,0,155,0,9,198,0,207,286,0,286,493
05/30/2005,ILG,DE,AEA,EN,Towers with Radar,0,4,31,0,35,0,0,102,0,102,0,4,133,0,137,160,0,160,297
05/31/2005,ILG,DE,AEA,EN,Towers with Radar,0,1,58,19,78,0,0,89,5,94,0,1,147,24,172,272,40,312,484
06/01/2005,ILG,DE,AEA,EN,Towers with Radar,0,13,114,18,145,0,0,56,0,56,0,13,170,18,201,228,56,284,485
06/02/2005,ILG,DE,AEA,EN,Towers with Radar,0,5,118,4,127,0,0,97,8,105,0,5,215,12,232,168,34,202,434
06/03/2005,ILG,DE,AEA,EN,Towers with Radar,0,8,68,4,80,0,0,0,0,0,0,8,68,4,80,12,0,12,92
06/04/2005,ILG,DE,AEA,EN,Towers with Radar,0,12,43,0,55,0,0,62,0,62,0,12,105,0,117,88,0,88,205
06/05/2005,ILG,DE,AEA,EN,Towers with Radar,0,8,66,4,78,0,0,182,0,182,0,8,248,4,260,212,4,216,476
06/06/2005,ILG,DE,AEA,EN,Towers with Radar,0,5,63,1,69,0,0,40,0,40,0,5,103,1,109,72,0,72,181
06/07/2005,ILG,DE,AEA,EN,Towers with Radar,0,17,90,21,128,0,0,73,6,79,0,17,163,27,207,216,44,260,467
06/08/2005,ILG,DE,AEA,EN,Towers with Radar,0,10,113,5,128,0,0,143,4,147,0,10,256,9,275,292,40,332,607
06/09/2005,ILG,DE,AEA,EN,Towers with Radar,0,15,77,15,107,0,0,71,16,87,0,15,148,31,194,236,12,248,442
06/10/2005,ILG,DE,AEA,EN,Towers with Radar,0,9,85,2,96,0,0,35,0,35,0,9,120,2,131,132,0,132,263
06/11/2005,ILG,DE,AEA,EN,Towers with Radar,0,4,35,0,39,0,0,97,2,99,0,4,132,2,138,174,0,174,312
06/12/2005,ILG,DE,AEA,EN,Towers with Radar,0,2,55,3,60,0,0,114,0,114,0,2,169,3,174,264,44,308,482
06/13/2005,ILG,DE,AEA,EN,Towers with Radar,0,11,84,0,95,0,0,86,0,86,0,11,170,0,181,184,0,184,365
06/14/2005,ILG,DE,AEA,EN,Towers with Radar,0,14,72,2,88,0,0,23,2,25,0,14,95,4,113,210,0,210,323
06/15/2005,ILG,DE,AEA,EN,Towers with Radar,0,10,93,2,105,0,0,121,4,125,0,10,214,6,230,260,10,270,500
06/16/2005,ILG,DE,AEA,EN,Towers with Radar,0,20,71,3,94,0,0,39,2,41,0,20,110,5,135,118,20,138,273
06/17/2005,ILG,DE,AEA,EN,Towers with Radar,1,8,60,2,71,0,0,98,0,98,1,8,158,2,169,174,4,178,347
06/18/2005,ILG,DE,AEA,EN,Towers with Radar,0,5,54,3,62,0,0,116,0,116,0,5,170,3,178,178,0,178,356
06/19/2005,ILG,DE,AEA,EN,Towers with Radar,1,6,63,5,75,0,0,72,0,72,1,6,135,5,147,170,6,176,323
06/20/2005,ILG,DE,AEA,EN,Towers with Radar,0,37,41,0,78,0,0,101,0,101,0,37,142,0,179,172,8,180,359
06/21/2005,ILG,DE,AEA,EN,Towers with Radar,0,13,84,10,107,0,0,131,0,131,0,13,215,10,238,286,8,294,532
06/22/2005,ILG,DE,AEA,EN,Towers with Radar,0,13,74,5,92,0,0,51,1,52,0,13,125,6,144,186,8,194,338
06/23/2005,ILG,DE,AEA,EN,Towers with Radar,0,11,70,2,83,0,0,152,10,162,0,11,222,12,245,194,108,302,547
06/24/2005,ILG,DE,AEA,EN,Towers with Radar,0,10,77,2,89,0,0,154,0,154,0,10,231,2,243,192,6,198,441
06/25/2005,ILG,DE,AEA,EN,Towers with Radar,0,3,22,0,25,0,0,107,3,110,0,3,129,3,135,312,4,316,451
06/26/2005,ILG,DE,AEA,EN,Towers with Radar,0,4,67,3,74,0,0,133,0,133,0,4,200,3,207,342,10,352,559
06/27/2005,ILG,DE,AEA,EN,Towers with Radar,0,17,75,4,96,0,0,20,0,20,0,17,95,4,116,24,2,26,142
06/28/2005,ILG,DE,AEA,EN,Towers with Radar,0,13,76,7,96,0,0,99,0,99,0,13,175,7,195,98,52,150,345
06/29/2005,ILG,DE,AEA,EN,Towers with Radar,0,11,89,24,124,0,0,48,1,49,0,11,137,25,173,304,112,416,589
06/30/2005,ILG,DE,AEA,EN,Towers with Radar,5,33,77,11,126,0,0,31,0,31,5,33,108,11,157,116,4,120,277
07/01/2005,ILG,DE,AEA,EN,Towers with Radar,1,19,60,1,81,0,0,92,2,94,1,19,152,3,175,202,2,204,379
07/02/2005,ILG,DE,AEA,EN,Towers with Radar,0,2,43,0,45,0,0,135,5,140,0,2,178,5,185,270,30,300,485
07/03/2005,ILG,DE,AEA,EN,Towers with Radar,0,1,20,0,21,0,0,90,0,90,0,1,110,0,111,140,0,140,251
07/04/2005,ILG,DE,AEA,EN,Towers with Radar,0,7,26,0,33,0,0,73,0,73,0,7,99,0,106,156,0,156,262
07/05/2005,ILG,DE,AEA,EN,Towers with Radar,0,4,58,6,68,0,0,12,0,12,0,4,70,6,80,24,6,30,110
07/06/2005,ILG,DE,AEA,EN,Towers with Radar,0,10,82,32,124,0,0,47,0,47,0,10,129,32,171,202,104,306,477
07/07/2005,ILG,DE,AEA,EN,Towers with Radar,0,12,86,3,101,0,0,0,0,0,0,12,86,3,101,80,20,100,201
07/08/2005,ILG,DE,AEA,EN,Towers with Radar,3,4,53,2,62,0,0,19,0,19,3,4,72,2,81,32,0,32,113
07/09/2005,ILG,DE,AEA,EN,Towers with Radar,0,4,45,1,50,0,0,107,0,107,0,4,152,1,157,182,0,182,339
07/10/2005,ILG,DE,AEA,EN,Towers with Radar,0,11,51,4,66,0,0,137,0,137,0,11,188,4,203,194,0,194,397
07/11/2005,ILG,DE,AEA,EN,Towers with Radar,0,8,62,1,71,0,0,107,0,107,0,8,169,1,178,252,2,254,432
07/12/2005,ILG,DE,AEA,EN,Towers with Radar,0,8,75,5,88,0,0,110,5,115,0,8,185,10,203,302,26,328,531
07/13/2005,ILG,DE,AEA,EN,Towers with Radar,0,21,56,3,80,0,0,0,0,0,0,21,56,3,80,24,0,24,104
07/14/2005,ILG,DE,AEA,EN,Towers with Radar,0,6,75,1,82,0,0,58,3,61,0,6,133,4,143,168,0,168,311
07/15/2005,ILG,DE,AEA,EN,Towers with Radar,0,18,62,5,85,0,0,127,0,127,0,18,189,5,212,170,0,170,382
07/16/2005,ILG,DE,AEA,EN,Towers with Radar,0,9,31,2,42,0,0,17,0,17,0,9,48,2,59,0,0,0,59
07/17/2005,ILG,DE,AEA,EN,Towers with Radar,0,13,56,3,72,0,0,28,1,29,0,13,84,4,101,106,16,122,223
07/18/2005,ILG,DE,AEA,EN,Towers with Radar,0,12,90,3,105,0,0,96,0,96,0,12,186,3,201,224,0,224,425
07/19/2005,ILG,DE,AEA,EN,Towers with Radar,0,18,77,15,110,0,0,14,29,43,0,18,91,44,153,82,36,118,271
07/20/2005,ILG,DE,AEA,EN,Towers with Radar,0,17,67,5,89,0,1,95,5,101,0,18,162,10,190,168,0,168,358
07/21/2005,ILG,DE,AEA,EN,Towers with Radar,0,7,59,10,76,0,0,91,0,91,0,7,150,10,167,114,10,124,291
07/22/2005,ILG,DE,AEA,EN,Towers with Radar,0,14,76,0,90,0,0,85,3,88,0,14,161,3,178,354,4,358,536
07/23/2005,ILG,DE,AEA,EN,Towers with Radar,0,7,41,2,50,0,0,95,1,96,0,7,136,3,146,196,0,196,342
07/24/2005,ILG,DE,AEA,EN,Towers with Radar,0,9,40,3,52,0,0,101,0,101,0,9,141,3,153,204,0,204,357
07/25/2005,ILG,DE,AEA,EN,Towers with Radar,0,14,70,8,92,0,0,49,5,54,0,14,119,13,146,116,2,118,264
07/26/2005,ILG,DE,AEA,EN,Towers with Radar,0,6,75,9,90,0,0,79,2,81,0,6,154,11,171,236,36,272,443
07/27/2005,ILG,DE,AEA,EN,Towers with Radar,0,6,66,5,77,0,0,41,0,41,0,6,107,5,118,168,16,184,302
07/28/2005,ILG,DE,AEA,EN,Towers with Radar,0,9,75,9,93,0,0,67,4,71,0,9,142,13,164,166,42,208,372
07/29/2005,ILG,DE,AEA,EN,Towers with Radar,0,8,48,4,60,0,0,84,0,84,0,8,132,4,144,236,6,242,386
07/30/2005,ILG,DE,AEA,EN,Towers with Radar,0,5,74,0,79,0,0,60,0,60,0,5,134,0,139,286,0,286,425
07/31/2005,ILG,DE,AEA,EN,Towers with Radar,0,7,53,0,60,0,0,45,0,45,0,7,98,0,105,192,0,192,297
08/01/2005,ILG,DE,AEA,EN,Towers with Radar,0,8,54,3,65,0,0,56,0,56,0,8,110,3,121,94,2,96,217
08/02/2005,ILG,DE,AEA,EN,Towers with Radar,0,7,59,5,71,0,0,108,12,120,0,7,167,17,191,322,66,388,579
08/03/2005,ILG,DE,AEA,EN,Towers with Radar,1,14,71,2,88,0,0,106,9,115,1,14,177,11,203,218,18,236,439
08/04/2005,ILG,DE,AEA,EN,Towers with Radar,0,23,64,3,90,0,0,65,8,73,0,23,129,11,163,248,68,316,479
08/05/2005,ILG,DE,AEA,EN,Towers with Radar,2,15,79,0,96,0,0,101,9,110,2,15,180,9,206,318,30,348,554
08/06/2005,ILG,DE,AEA,EN,Towers with Radar,0,10,77,16,103,0,0,109,0,109,0,10,186,16,212,372,44,416,628
08/07/2005,ILG,DE,AEA,EN,Towers with Radar,0,11,50,0,61,0,0,41,2,43,0,11,91,2,104,30,0,30,134
08/08/2005,ILG,DE,AEA,EN,Towers with Radar,0,11,61,4,76,0,0,26,0,26,0,11,87,4,102,120,14,134,236
08/09/2005,ILG,DE,AEA,EN,Towers with Radar,0,7,53,4,64,0,0,25,0,25,0,7,78,4,89,130,4,134,223
08/10/2005,ILG,DE,AEA,EN,Towers with Radar,0,4,64,5,73,0,0,72,10,82,0,4,136,15,155,158,38,196,351
08/11/2005,ILG,DE,AEA,EN,Towers with Radar,0,11,58,1,70,0,0,96,1,97,0,11,154,2,167,278,0,278,445
08/12/2005,ILG,DE,AEA,EN,Towers with Radar,1,8,53,1,63,0,0,63,0,63,1,8,116,1,126,208,14,222,348
08/13/2005,ILG,DE,AEA,EN,Towers with Radar,0,6,45,1,52,0,0,74,9,83,0,6,119,10,135,206,14,220,355
08/14/2005,ILG,DE,AEA,EN,Towers with Radar,0,11,32,0,43,0,0,56,0,56,0,11,88,0,99,144,0,144,243
08/15/2005,ILG,DE,AEA,EN,Towers with Radar,0,15,71,5,91,0,0,51,0,51,0,15,122,5,142,168,18,186,328
08/16/2005,ILG,DE,AEA,EN,Towers with Radar,0,14,73,9,96,0,0,24,0,24,0,14,97,9,120,142,18,160,280
08/17/2005,ILG,DE,AEA,EN,Towers with Radar,0,12,45,7,64,0,0,82,0,82,0,12,127,7,146,190,22,212,358
08/18/2005,ILG,DE,AEA,EN,Towers with Radar,0,11,57,3,71,0,0,71,7,78,0,11,128,10,149,234,44,278,427
08/19/2005,ILG,DE,AEA,EN,Towers with Radar,0,8,75,0,83,0,0,62,2,64,0,8,137,2,147,166,6,172,319
08/20/2005,ILG,DE,AEA,EN,Towers with Radar,0,7,30,6,43,0,0,59,0,59,0,7,89,6,102,200,22,222,324
08/21/2005,ILG,DE,AEA,EN,Towers with Radar,0,9,30,6,45,0,0,62,0,62,0,9,92,6,107,102,10,112,219
08/22/2005,ILG,DE,AEA,EN,Towers with Radar,0,4,56,0,60,0,0,98,0,98,0,4,154,0,158,104,2,106,264
08/23/2005,ILG,DE,AEA,EN,Towers with Radar,0,13,44,8,65,0,0,110,0,110,0,13,154,8,175,152,42,194,369
08/24/2005,ILG,DE,AEA,EN,Towers with Radar,0,20,53,3,76,0,0,117,0,117,0,20,170,3,193,336,14,350,543
08/25/2005,ILG,DE,AEA,EN,Towers with Radar,0,9,59,0,68,0,0,121,0,121,0,9,180,0,189,286,2,288,477
08/26/2005,ILG,DE,AEA,EN,Towers with Radar,0,9,83,2,94,0,0,97,8,105,0,9,180,10,199,288,40,328,527
08/27/2005,ILG,DE,AEA,EN,Towers with Radar,0,2,33,2,37,0,0,111,2,113,0,2,144,4,150,266,10,276,426
08/28/2005,ILG,DE,AEA,EN,Towers with Radar,0,5,30,0,35,0,0,20,0,20,0,5,50,0,55,20,0,20,75
08/29/2005,ILG,DE,AEA,EN,Towers with Radar,0,9,76,0,85,0,0,51,0,51,0,9,127,0,136,124,0,124,260
08/30/2005,ILG,DE,AEA,EN,Towers with Radar,0,15,88,8,111,0,0,85,0,85,0,15,173,8,196,250,16,266,462
08/31/2005,ILG,DE,AEA,EN,Towers with Radar,0,15,73,5,93,0,0,27,2,29,0,15,100,7,122,70,4,74,196
09/01/2005,ILG,DE,AEA,EN,Towers with Radar,1,12,70,5,88,0,0,99,2,101,1,12,169,7,189,380,10,390,579
09/02/2005,ILG,DE,AEA,EN,Towers with Radar,4,11,55,3,73,0,0,126,2,128,4,11,181,5,201,482,6,488,689
09/03/2005,ILG,DE,AEA,EN,Towers with Radar,0,8,50,0,58,0,0,152,3,155,0,8,202,3,213,322,16,338,551
09/04/2005,ILG,DE,AEA,EN,Towers with Radar,0,8,22,6,36,0,0,134,0,134,0,8,156,6,170,232,0,232,402
09/05/2005,ILG,DE,AEA,EN,Towers with Radar,0,9,60,0,69,0,0,84,0,84,0,9,144,0,153,126,0,126,279
09/06/2005,ILG,DE,AEA,EN,Towers with Radar,0,12,54,3,69,0,0,98,6,104,0,12,152,9,173,248,16,264,437
09/07/2005,ILG,DE,AEA,EN,Towers with Radar,0,13,72,7,92,0,0,85,0,85,0,13,157,7,177,208,42,250,427
09/08/2005,ILG,DE,AEA,EN,Towers with Radar,0,20,65,11,96,0,0,85,3,88,0,20,150,14,184,394,40,434,618
09/09/2005,ILG,DE,AEA,EN,Towers with Radar,0,3,49,4,56,0,0,83,4,87,0,3,132,8,143,258,12,270,413
09/10/2005,ILG,DE,AEA,EN,Towers with Radar,0,12,70,9,91,0,0,91,0,91,0,12,161,9,182,322,16,338,520
09/11/2005,ILG,DE,AEA,EN,Towers with Radar,0,6,38,11,55,0,0,102,0,102,0,6,140,11,157,224,30,254,411
09/12/2005,ILG,DE,AEA,EN,Towers with Radar,0,20,44,3,67,0,0,61,0,61,0,20,105,3,128,124,2,126,254
09/13/2005,ILG,DE,AEA,EN,Towers with Radar,0,15,71,9,95,0,0,60,0,60,0,15,131,9,155,268,40,308,463
09/14/2005,ILG,DE,AEA,EN,Towers with Radar,0,15,78,2,95,0,0,0,0,0,0,15,78,2,95,54,0,54,149
09/15/2005,ILG,DE,AEA,EN,Towers with Radar,2,19,82,2,105,0,0,50,0,50,2,19,132,2,155,264,0,264,419
09/16/2005,ILG,DE,AEA,EN,Towers with Radar,2,6,71,0,79,0,0,81,2,83,2,6,152,2,162,312,36,348,510
09/17/2005,ILG,DE,AEA,EN,Towers with Radar,0,9,39,4,52,0,0,54,0,54,0,9,93,4,106,64,16,80,186
09/18/2005,ILG,DE,AEA,EN,Towers with Radar,0,6,39,2,47,0,1,88,0,89,0,7,127,2,136,90,0,90,226
09/19/2005,ILG,DE,AEA,EN,Towers with Radar,3,7,44,6,60,0,0,92,1,93,3,7,136,7,153,166,2,168,321
09/20/2005,ILG,DE,AEA,EN,Towers with Radar,0,4,75,14,93,0,0,56,0,56,0,4,131,14,149,90,30,120,269
09/21/2005,ILG,DE,AEA,EN,Towers with Radar,0,29,73,7,109,0,0,117,0,117,0,29,190,7,226,204,32,236,462
09/22/2005,ILG,DE,AEA,EN,Towers with Radar,0,22,96,1,119,0,1,125,1,127,0,23,221,2,246,310,2,312,558
09/23/2005,ILG,DE,AEA,EN,Towers with Radar,2,13,75,1,91,0,0,79,0,79,2,13,154,1,170,206,22,228,398
09/24/2005,ILG,DE,AEA,EN,Towers with Radar,0,6,47,0,53,0,0,185,0,185,0,6,232,0,238,234,0,234,472
09/25/2005,ILG,DE,AEA,EN,Towers with Radar,0,6,51,1,58,0,0,118,2,120,0,6,169,3,178,64,10,74,252
09/26/2005,ILG,DE,AEA,EN,Towers with Radar,0,20,51,0,71,0,0,24,0,24,0,20,75,0,95,72,0,72,167
09/27/2005,ILG,DE,AEA,EN,Towers with Radar,0,24,89,6,119,0,0,65,9,74,0,24,154,15,193,266,6,272,465
09/28/2005,ILG,DE,AEA,EN,Towers with Radar,0,16,61,7,84,0,0,83,0,83,0,16,144,7,167,234,36,270,437
09/29/2005,ILG,DE,AEA,EN,Towers with Radar,0,11,90,8,109,0,0,77,2,79,0,11,167,10,188,246,28,274,462
09/30/2005,ILG,DE,AEA,EN,Towers with Radar,0,9,87,5,101,0,0,94,2,96,0,9,181,7,197,282,28,310,507
10/01/2005,ILG,DE,AEA,EN,Towers with Radar,0,4,35,1,40,0,0,120,4,124,0,4,155,5,164,262,6,268,432
10/02/2005,ILG,DE,AEA,EN,Towers with Radar,0,9,64,0,73,0,0,128,12,140,0,9,192,12,213,184,0,184,397
10/03/2005,ILG,DE,AEA,EN,Towers with Radar,0,8,41,3,52,0,0,81,2,83,0,8,122,5,135,134,0,134,269
10/04/2005,ILG,DE,AEA,EN,Towers with Radar,0,8,71,6,85,0,0,3,0,3,0,8,74,6,88,32,4,36,124
10/05/2005,ILG,DE,AEA,EN,Towers with Radar,0,18,76,8,102,0,0,36,1,37,0,18,112,9,139,74,36,110,249
10/06/2005,ILG,DE,AEA,EN,Towers with Radar,0,8,85,14,107,0,0,21,1,22,0,8,106,15,129,120,134,254,383
10/07/2005,ILG,DE,AEA,EN,Towers with Radar,2,3,69,3,77,0,0,0,0,0,2,3,69,3,77,108,6,114,191
10/08/2005,ILG,DE,AEA,EN,Towers with Radar,4,6,34,8,52,0,0,0,0,0,4,6,34,8,52,14,44,58,110
10/09/2005,ILG,DE,AEA,EN,Towers with Radar,0,5,42,5,52,0,0,13,0,13,0,5,55,5,65,76,2,78,143
10/10/2005,ILG,DE,AEA,EN,Towers with Radar,0,11,57,7,75,0,0,10,0,10,0,11,67,7,85,76,8,84,169
10/11/2005,ILG,DE,AEA,EN,Towers with Radar,0,8,48,6,62,0,0,0,0,0,0,8,48,6,62,98,0,98,160
10/12/2005,ILG,DE,AEA,EN,Towers with Radar,0,17,75,8,100,0,0,1,21,22,0,17,76,29,122,74,62,136,258
10/13/2005,ILG,DE,AEA,EN,Towers with Radar,0,2,79,13,94,0,0,43,0,43,0,2,122,13,137,162,24,186,323
10/14/2005,ILG,DE,AEA,EN,Towers with Radar,0,10,64,7,81,0,0,60,0,60,0,10,124,7,141,160,48,208,349
10/15/2005,ILG,DE,AEA,EN,Towers with Radar,0,14,36,0,50,0,0,100,2,102,0,14,136,2,152,274,28,302,454
10/16/2005,ILG,DE,AEA,EN,Towers with Radar,0,7,18,8,33,0,0,37,0,37,0,7,55,8,70,132,18,150,220
10/17/2005,ILG,DE,AEA,EN,Towers with Radar,0,9,61,3,73,0,0,75,3,78,0,9,136,6,151,122,0,122,273
10/18/2005,ILG,DE,AEA,EN,Towers with Radar,0,13,61,9,83,0,0,76,0,76,0,13,137,9,159,106,36,142,301
10/19/2005,ILG,DE,AEA,EN,Towers with Radar,0,15,89,16,120,0,0,106,0,106,0,15,195,16,226,218,14,232,458
10/20/2005,ILG,DE,AEA,EN,Towers with Radar,0,15,67,10,92,0,0,72,7,79,0,15,139,17,171,178,34,212,383
10/21/2005,ILG,DE,AEA,EN,Towers with Radar,0,8,52,5,65,0,0,13,0,13,0,8,65,5,78,24,8,32,110
10/22/2005,ILG,DE,AEA,EN,Towers with Radar,0,16,46,1,63,0,0,31,1,32,0,16,77,2,95,98,8,106,201
10/23/2005,ILG,DE,AEA,EN,Towers with Radar,0,8,33,6,47,0,0,87,1,88,0,8,120,7,135,196,2,198,333
10/24/2005,ILG,DE,AEA,EN,Towers with Radar,0,10,58,0,68,0,0,43,0,43,0,10,101,0,111,54,2,56,167
10/25/2005,ILG,DE,AEA,EN,Towers with Radar,2,8,48,4,62,0,0,0,0,0,2,8,48,4,62,48,24,72,134
10/26/2005,ILG,DE,AEA,EN,Towers with Radar,0,14,65,11,90,0,7,74,0,81,0,21,139,11,171,196,34,230,401
10/27/2005,ILG,DE,AEA,EN,Towers with Radar,0,12,105,8,125,0,0,74,0,74,0,12,179,8,199,250,34,284,483
10/28/2005,ILG,DE,AEA,EN,Towers with Radar,2,18,55,3,78,0,0,81,1,82,2,18,136,4,160,282,8,290,450
10/29/2005,ILG,DE,AEA,EN,Towers with Radar,2,3,25,8,38,0,0,118,0,118,2,3,143,8,156,370,26,396,552
10/30/2005,ILG,DE,AEA,EN,Towers with Radar,0,6,45,0,51,0,0,82,1,83,0,6,127,1,134,178,0,178,312
10/31/2005,ILG,DE,AEA,EN,Towers with Radar,0,23,49,3,75,0,0,101,0,101,0,23,150,3,176,58,0,58,234
11/01/2005,ILG,DE,AEA,EN,Towers with Radar,2,19,49,9,79,0,0,121,7,128,2,19,170,16,207,202,28,230,437
11/02/2005,ILG,DE,AEA,EN,Towers with Radar,0,33,75,13,121,0,0,89,0,89,0,33,164,13,210,284,34,318,528
11/03/2005,ILG,DE,AEA,EN,Towers with Radar,0,12,71,3,86,0,0,77,5,82,0,12,148,8,168,176,66,242,410
11/04/2005,ILG,DE,AEA,EN,Towers with Radar,0,10,83,11,104,0,0,74,6,80,0,10,157,17,184,234,28,262,446
11/05/2005,ILG,DE,AEA,EN,Towers with Radar,0,8,46,6,60,0,0,100,5,105,0,8,146,11,165,326,28,354,519
11/06/2005,ILG,DE,AEA,EN,Towers with Radar,0,12,52,7,71,0,0,68,7,75,0,12,120,14,146,54,8,62,208
11/07/2005,ILG,DE,AEA,EN,Towers with Radar,0,28,54,10,92,0,0,71,0,71,0,28,125,10,163,156,4,160,323
11/08/2005,ILG,DE,AEA,EN,Towers with Radar,0,7,65,12,84,0,0,109,0,109,0,7,174,12,193,258,10,268,461
11/09/2005,ILG,DE,AEA,EN,Towers with Radar,0,20,120,10,150,0,0,24,0,24,0,20,144,10,174,210,50,260,434
11/10/2005,ILG,DE,AEA,EN,Towers with Radar,0,16,51,13,80,0,0,72,0,72,0,16,123,13,152,150,58,208,360
11/11/2005,ILG,DE,AEA,EN,Towers with Radar,0,7,56,1,64,0,2,108,0,110,0,9,164,1,174,168,2,170,344
11/12/2005,ILG,DE,AEA,EN,Towers with Radar,0,6,30,4,40,0,0,92,0,92,0,6,122,4,132,156,20,176,308
11/13/2005,ILG,DE,AEA,EN,Towers with Radar,0,4,30,0,34,0,0,95,0,95,0,4,125,0,129,106,2,108,237
11/14/2005,ILG,DE,AEA,EN,Towers with Radar,0,13,44,6,63,0,0,85,4,89,0,13,129,10,152,96,8,104,256
11/15/2005,ILG,DE,AEA,EN,Towers with Radar,0,9,74,4,87,0,0,104,0,104,0,9,178,4,191,148,2,150,341
11/16/2005,ILG,DE,AEA,EN,Towers with Radar,0,20,60,6,86,0,0,28,0,28,0,20,88,6,114,148,46,194,308
11/17/2005,ILG,DE,AEA,EN,Towers with Radar,0,14,50,15,79,0,0,33,0,33,0,14,83,15,112,214,76,290,402
11/18/2005,ILG,DE,AEA,EN,Towers with Radar,3,18,80,8,109,0,0,121,10,131,3,18,201,18,240,260,58,318,558
11/19/2005,ILG,DE,AEA,EN,Towers with Radar,0,11,63,0,74,0,0,112,16,128,0,11,175,16,202,278,32,310,512
11/20/2005,ILG,DE,AEA,EN,Towers with Radar,0,10,29,4,43,0,0,121,1,122,0,10,150,5,165,226,16,242,407
11/21/2005,ILG,DE,AEA,EN,Towers with Radar,1,13,70,5,89,0,0,22,0,22,1,13,92,5,111,80,0,80,191
11/22/2005,ILG,DE,AEA,EN,Towers with Radar,1,18,68,24,111,0,0,7,68,75,1,18,75,92,186,100,88,188,374
11/23/2005,ILG,DE,AEA,EN,Towers with Radar,0,12,79,2,93,0,0,39,27,66,0,12,118,29,159,148,60,208,367
11/24/2005,ILG,DE,AEA,EN,Towers with Radar,0,1,27,0,28,0,0,3,0,3,0,1,30,0,31,48,0,48,79
11/25/2005,ILG,DE,AEA,EN,Towers with Radar,0,5,51,0,56,0,0,80,0,80,0,5,131,0,136,108,0,108,244
11/26/2005,ILG,DE,AEA,EN,Towers with Radar,0,6,50,1,57,0,0,105,0,105,0,6,155,1,162,254,2,256,418
11/27/2005,ILG,DE,AEA,EN,Towers with Radar,0,15,50,0,65,0,0,110,4,114,0,15,160,4,179,124,0,124,303
11/28/2005,ILG,DE,AEA,EN,Towers with Radar,4,18,79,7,108,0,3,76,4,83,4,21,155,11,191,164,42,206,397
11/29/2005,ILG,DE,AEA,EN,Towers with Radar,0,9,46,2,57,0,0,20,4,24,0,9,66,6,81,18,0,18,99
11/30/2005,ILG,DE,AEA,EN,Towers with Radar,0,9,74,18,101,0,0,98,0,98,0,9,172,18,199,202,48,250,449
12/01/2005,ILG,DE,AEA,EN,Towers with Radar,3,8,75,5,91,0,0,81,12,93,3,8,156,17,184,260,64,324,508
12/02/2005,ILG,DE,AEA,EN,Towers with Radar,2,5,55,10,72,0,0,105,6,111,2,5,160,16,183,268,54,322,505
12/03/2005,ILG,DE,AEA,EN,Towers with Radar,0,8,41,24,73,0,0,81,1,82,0,8,122,25,155,216,56,272,427
12/04/2005,ILG,DE,AEA,EN,Towers with Radar,0,12,34,5,51,0,8,28,0,36,0,20,62,5,87,84,6,90,177
12/05/2005,ILG,DE,AEA,EN,Towers with Radar,0,7,43,0,50,0,0,16,1,17,0,7,59,1,67,42,2,44,111
12/06/2005,ILG,DE,AEA,EN,Towers with Radar,0,9,58,8,75,0,0,53,0,53,0,9,111,8,128,198,62,260,388
12/07/2005,ILG,DE,AEA,EN,Towers with Radar,0,4,55,15,74,0,0,50,8,58,0,4,105,23,132,218,66,284,416
12/08/2005,ILG,DE,AEA,EN,Towers with Radar,1,9,96,8,114,0,0,98,12,110,1,9,194,20,224,244,72,316,540
12/09/2005,ILG,DE,AEA,EN,Towers with Radar,0,6,59,3,68,0,0,41,3,44,0,6,100,6,112,80,42,122,234
12/10/2005,ILG,DE,AEA,EN,Towers with Radar,2,2,29,5,38,0,0,90,7,97,2,2,119,12,135,298,28,326,461
12/11/2005,ILG,DE,AEA,EN,Towers with Radar,0,9,21,2,32,0,0,70,0,70,0,9,91,2,102,118,0,118,220
12/12/2005,ILG,DE,AEA,EN,Towers with Radar,0,11,49,5,65,0,0,37,0,37,0,11,86,5,102,68,4,72,174
12/13/2005,ILG,DE,AEA,EN,Towers with Radar,0,10,74,9,93,0,0,36,0,36,0,10,110,9,129,126,18,144,273
12/14/2005,ILG,DE,AEA,EN,Towers with Radar,0,11,85,9,105,0,0,61,0,61,0,11,146,9,166,118,48,166,332
12/15/2005,ILG,DE,AEA,EN,Towers with Radar,0,5,95,0,100,0,0,5,0,5,0,5,100,0,105,158,0,158,263
12/16/2005,ILG,DE,AEA,EN,Towers with Radar,0,14,63,6,83,0,0,71,7,78,0,14,134,13,161,222,40,262,423
12/17/2005,ILG,DE,AEA,EN,Towers with Radar,0,7,69,0,76,0,0,80,1,81,0,7,149,1,157,248,0,248,405
12/18/2005,ILG,DE,AEA,EN,Towers with Radar,0,10,31,0,41,0,0,90,8,98,0,10,121,8,139,78,6,84,223
12/19/2005,ILG,DE,AEA,EN,Towers with Radar,0,4,59,2,65,0,0,66,0,66,0,4,125,2,131,56,0,56,187
12/20/2005,ILG,DE,AEA,EN,Towers with Radar,0,13,71,29,113,0,2,60,0,62,0,15,131,29,175,256,82,338,513
12/21/2005,ILG,DE,AEA,EN,Towers with Radar,0,9,71,9,89,0,0,94,0,94,0,9,165,9,183,214,26,240,423
12/22/2005,ILG,DE,AEA,EN,Towers with Radar,0,9,75,18,102,0,0,97,7,104,0,9,172,25,206,256,86,342,548
12/23/2005,ILG,DE,AEA,EN,Towers with Radar,0,3,63,8,74,0,0,153,0,153,0,3,216,8,227,242,30,272,499
12/24/2005,ILG,DE,AEA,EN,Towers with Radar,0,0,43,0,43,0,0,26,0,26,0,0,69,0,69,136,0,136,205
12/25/2005,ILG,DE,AEA,EN,Towers with Radar,0,2,14,0,16,0,2,14,0,16,0,4,28,0,32,54,0,54,86
12/26/2005,ILG,DE,AEA,EN,Towers with Radar,0,24,76,1,101,0,0,106,0,106,0,24,182,1,207,186,6,192,399
12/27/2005,ILG,DE,AEA,EN,Towers with Radar,0,7,61,3,71,0,0,110,4,114,0,7,171,7,185,190,0,190,375
12/28/2005,ILG,DE,AEA,EN,Towers with Radar,0,12,49,7,68,0,0,62,1,63,0,12,111,8,131,192,0,192,323
12/29/2005,ILG,DE,AEA,EN,Towers with Radar,0,9,82,3,94,0,0,0,0,0,0,9,82,3,94,152,12,164,258
12/30/2005,ILG,DE,AEA,EN,Towers with Radar,0,5,63,6,74,0,0,115,3,118,0,5,178,9,192,304,42,346,538
12/31/2005,ILG,DE,AEA,EN,Towers with Radar,0,4,54,0,58,0,0,111,1,112,0,4,165,1,170,334,22,356,526
01/01/2006,ILG,DE,AEA,EN,Towers with Radar,0,9,30,0,39,0,0,60,0,60,0,9,90,0,99,102,0,102,201
01/02/2006,ILG,DE,AEA,EN,Towers with Radar,0,11,46,0,57,0,0,9,0,9,0,11,55,0,66,18,0,18,84
01/03/2006,ILG,DE,AEA,EN,Towers with Radar,0,9,40,4,53,0,0,0,15,15,0,9,40,19,68,22,18,40,108
01/04/2006,ILG,DE,AEA,EN,Towers with Radar,0,15,60,20,95,0,0,52,19,71,0,15,112,39,166,200,52,252,418
01/05/2006,ILG,DE,AEA,EN,Towers with Radar,0,16,75,15,106,0,0,19,45,64,0,16,94,60,170,218,46,264,434
01/06/2006,ILG,DE,AEA,EN,Towers with Radar,0,10,74,4,88,0,0,111,0,111,0,10,185,4,199,246,36,282,481
01/07/2006,ILG,DE,AEA,EN,Towers with Radar,0,6,35,6,47,0,0,93,0,93,0,6,128,6,140,236,18,254,394
01/08/2006,ILG,DE,AEA,EN,Towers with Radar,0,13,38,12,63,0,0,69,10,79,0,13,107,22,142,156,20,176,318
01/09/2006,ILG,DE,AEA,EN,Towers with Radar,0,11,63,13,87,0,0,29,0,29,0,11,92,13,116,102,34,136,252
01/10/2006,ILG,DE,AEA,EN,Towers with Radar,0,11,47,10,68,0,0,75,1,76,0,11,122,11,144,180,64,244,388
01/11/2006,ILG,DE,AEA,EN,Towers with Radar,0,12,50,6,68,0,0,0,0,0,0,12,50,6,68,6,26,32,100
01/12/2006,ILG,DE,AEA,EN,Towers with Radar,0,13,73,12,98,0,0,83,0,83,0,13,156,12,181,258,104,362,543
01/13/2006,ILG,DE,AEA,EN,Towers with Radar,0,12,53,2,67,0,0,0,0,0,0,12,53,2,67,132,40,172,239
01/14/2006,ILG,DE,AEA,EN,Towers with Radar,0,8,81,2,91,0,0,0,0,0,0,8,81,2,91,238,20,258,349
01/15/2006,ILG,DE,AEA,EN,Towers with Radar,0,0,33,0,33,0,1,9,0,10,0,1,42,0,43,16,0,16,59
01/16/2006,ILG,DE,AEA,EN,Towers with Radar,0,17,52,0,69,0,0,115,0,115,0,17,167,0,184,154,2,156,340
01/17/2006,ILG,DE,AEA,EN,Towers with Radar,0,9,101,15,125,0,0,0,0,0,0,9,101,15,125,230,96,326,451
01/18/2006,ILG,DE,AEA,EN,Towers with Radar,0,3,38,2,43,0,0,12,5,17,0,3,50,7,60,176,30,206,266
01/19/2006,ILG,DE,AEA,EN,Towers with Radar,0,12,92,8,112,0,0,78,2,80,0,12,170,10,192,222,34,256,448
01/20/2006,ILG,DE,AEA,EN,Towers with Radar,0,13,54,16,83,0,0,88,0,88,0,13,142,16,171,268,30,298,469
01/21/2006,ILG,DE,AEA,EN,Towers with Radar,0,5,22,0,27,0,0,48,4,52,0,5,70,4,79,60,20,80,159
01/22/2006,ILG,DE,AEA,EN,Towers with Radar,0,11,23,3,37,0,0,116,10,126,0,11,139,13,163,162,8,170,333
01/23/2006,ILG,DE,AEA,EN,Towers with Radar,0,9,40,2,51,0,0,2,0,2,0,9,42,2,53,12,0,12,65
01/24/2006,ILG,DE,AEA,EN,Towers with Radar,0,13,74,3,90,0,0,78,12,90,0,13,152,15,180,176,0,176,356
01/25/2006,ILG,DE,AEA,EN,Towers with Radar,0,6,52,5,63,0,0,41,6,47,0,6,93,11,110,152,54,206,316
01/26/2006,ILG,DE,AEA,EN,Towers with Radar,0,14,54,16,84,0,0,61,0,61,0,14,115,16,145,212,16,228,373
01/27/2006,ILG,DE,AEA,EN,Towers with Radar,0,9,77,9,95,0,0,78,13,91,0,9,155,22,186,242,78,320,506
01/28/2006,ILG,DE,AEA,EN,Towers with Radar,0,4,33,0,37,0,0,102,5,107,0,4,135,5,144,258,12,270,414
01/29/2006,ILG,DE,AEA,EN,Towers with Radar,0,5,26,7,38,0,0,27,0,27,0,5,53,7,65,88,22,110,175
01/30/2006,ILG,DE,AEA,EN,Towers with Radar,0,14,45,0,59,0,0,47,2,49,0,14,92,2,108,32,0,32,140
01/31/2006,ILG,DE,AEA,EN,Towers with Radar,0,7,71,7,85,0,0,26,0,26,0,7,97,7,111,104,54,158,269
02/01/2006,ILG,DE,AEA,EN,Towers with Radar,0,13,58,17,88,0,0,115,2,117,0,13,173,19,205,108,68,176,381
02/02/2006,ILG,DE,AEA,EN,Towers with Radar,0,13,53,5,71,0,0,61,3,64,0,13,114,8,135,148,32,180,315
02/03/2006,ILG,DE,AEA,EN,Towers with Radar,0,14,67,18,99,0,0,58,0,58,0,14,125,18,157,290,84,374,531
02/04/2006,ILG,DE,AEA,EN,Towers with Radar,0,10,65,12,87,0,0,114,0,114,0,10,179,12,201,228,56,284,485
02/05/2006,ILG,DE,AEA,EN,Towers with Radar,0,10,54,23,87,0,0,33,4,37,0,10,87,27,124,160,42,202,326
02/06/2006,ILG,DE,AEA,EN,Towers with Radar,0,12,54,14,80,0,0,55,4,59,0,12,109,18,139,154,52,206,345
02/07/2006,ILG,DE,AEA,EN,Towers with Radar,0,19,42,16,77,0,0,36,0,36,0,19,78,16,113,172,54,226,339
02/08/2006,ILG,DE,AEA,EN,Towers with Radar,0,15,58,16,89,0,0,45,2,47,0,15,103,18,136,96,50,146,282
02/09/2006,ILG,DE,AEA,EN,Towers with Radar,0,8,96,10,114,0,0,113,0,113,0,8,209,10,227,208,68,276,503
02/10/2006,ILG,DE,AEA,EN,Towers with Radar,1,19,72,0,92,0,0,74,9,83,1,19,146,9,175,210,50,260,435
02/11/2006,ILG,DE,AEA,EN,Towers with Radar,0,6,53,6,65,0,0,69,0,69,0,6,122,6,134,224,40,264,398
02/12/2006,ILG,DE,AEA,EN,Towers with Radar,0,5,13,3,21,0,0,1,0,1,0,5,14,3,22,2,0,2,24
02/13/2006,ILG,DE,AEA,EN,Towers with Radar,0,21,81,0,102,0,0,114,6,120,0,21,195,6,222,236,10,246,468
02/14/2006,ILG,DE,AEA,EN,Towers with Radar,0,13,53,7,73,0,0,72,0,72,0,13,125,7,145,174,44,218,363
02/15/2006,ILG,DE,AEA,EN,Towers with Radar,0,12,81,11,104,0,0,71,0,71,0,12,152,11,175,204,70,274,449
02/16/2006,ILG,DE,AEA,EN,Towers with Radar,0,28,72,10,110,0,1,92,0,93,0,29,164,10,203,142,62,204,407
02/17/2006,ILG,DE,AEA,EN,Towers with Radar,0,11,79,12,102,0,0,49,0,49,0,11,128,12,151,260,30,290,441
02/18/2006,ILG,DE,AEA,EN,Towers with Radar,0,7,65,13,85,0,0,28,0,28,0,7,93,13,113,166,34,200,313
02/19/2006,ILG,DE,AEA,EN,Towers with Radar,0,8,61,3,72,0,0,0,0,0,0,8,61,3,72,222,16,238,310
02/20/2006,ILG,DE,AEA,EN,Towers with Radar,0,11,58,2,71,0,4,77,1,82,0,15,135,3,153,190,2,192,345
02/21/2006,ILG,DE,AEA,EN,Towers with Radar,0,6,74,20,100,0,0,39,27,66,0,6,113,47,166,158,60,218,384
02/22/2006,ILG,DE,AEA,EN,Towers with Radar,0,6,47,0,53,0,0,43,0,43,0,6,90,0,96,80,0,80,176
02/23/2006,ILG,DE,AEA,EN,Towers with Radar,0,11,43,2,56,0,0,41,15,56,0,11,84,17,112,128,42,170,282
02/24/2006,ILG,DE,AEA,EN,Towers with Radar,0,14,77,2,93,0,0,83,9,92,0,14,160,11,185,206,44,250,435
02/25/2006,ILG,DE,AEA,EN,Towers with Radar,0,7,67,0,74,0,4,43,6,53,0,11,110,6,127,312,42,354,481
02/26/2006,ILG,DE,AEA,EN,Towers with Radar,0,2,49,1,52,0,0,6,0,6,0,2,55,1,58,132,0,132,190
02/27/2006,ILG,DE,AEA,EN,Towers with Radar,0,10,92,2,104,0,0,17,0,17,0,10,109,2,121,120,44,164,285
02/28/2006,ILG,DE,AEA,EN,Towers with Radar,0,12,81,8,101,0,0,80,0,80,0,12,161,8,181,220,96,316,497
03/01/2006,ILG,DE,AEA,EN,Towers with Radar,0,11,67,16,94,0,0,84,0,84,0,11,151,16,178,200,82,282,460
03/02/2006,ILG,DE,AEA,EN,Towers with Radar,0,8,29,3,40,0,0,6,2,8,0,8,35,5,48,2,4,6,54
03/03/2006,ILG,DE,AEA,EN,Towers with Radar,0,13,59,14,86,0,0,84,0,84,0,13,143,14,170,218,52,270,440
03/04/2006,ILG,DE,AEA,EN,Towers with Radar,0,10,27,2,39,0,0,100,4,104,0,10,127,6,143,188,46,234,377
03/05/2006,ILG,DE,AEA,EN,Towers with Radar,0,8,32,4,44,0,0,63,7,70,0,8,95,11,114,204,114,318,432
03/06/2006,ILG,DE,AEA,EN,Towers with Radar,0,12,46,7,65,0,2,67,0,69,0,14,113,7,134,203,16,219,353
03/07/2006,ILG,DE,AEA,EN,Towers with Radar,0,8,91,8,107,1,6,37,33,77,1,14,128,41,184,162,99,261,445
03/08/2006,ILG,DE,AEA,EN,Towers with Radar,0,8,91,8,107,0,1,54,1,56,0,9,145,9,163,300,26,326,489
03/09/2006,ILG,DE,AEA,EN,Towers with Radar,0,0,84,23,107,0,0,68,0,68,0,0,152,23,175,204,60,264,439
03/10/2006,ILG,DE,AEA,EN,Towers with Radar,1,16,39,8,64,0,4,41,0,45,1,20,80,8,109,170,28,198,307
03/11/2006,ILG,DE,AEA,EN,Towers with Radar,0,10,51,1,62,0,0,149,3,152,0,10,200,4,214,270,0,270,484
03/12/2006,ILG,DE,AEA,EN,Towers with Radar,0,3,31,4,38,0,0,44,0,44,0,3,75,4,82,102,0,102,184
03/13/2006,ILG,DE,AEA,EN,Towers with Radar,0,10,42,0,52,0,1,134,5,140,0,11,176,5,192,160,22,182,374
03/14/2006,ILG,DE,AEA,EN,Towers with Radar,2,17,70,10,99,0,0,61,0,61,2,17,131,10,160,100,62,162,322
03/15/2006,ILG,DE,AEA,EN,Towers with Radar,0,11,52,5,68,0,0,29,24,53,0,11,81,29,121,126,40,166,287
03/16/2006,ILG,DE,AEA,EN,Towers with Radar,0,12,105,18,135,0,0,67,0,67,0,12,172,18,202,240,62,302,504
03/17/2006,ILG,DE,AEA,EN,Towers with Radar,0,12,55,9,76,0,0,49,0,49,0,12,104,9,125,160,30,190,315
03/18/2006,ILG,DE,AEA,EN,Towers with Radar,0,8,46,6,60,0,0,57,31,88,0,8,103,37,148,174,0,174,322
03/19/2006,ILG,DE,AEA,EN,Towers with Radar,0,6,82,4,92,0,0,49,2,51,0,6,131,6,143,198,0,198,341
03/20/2006,ILG,DE,AEA,EN,Towers with Radar,0,14,75,2,91,0,7,40,1,48,0,21,115,3,139,104,0,104,243
03/21/2006,ILG,DE,AEA,EN,Towers with Radar,0,16,74,22,112,0,10,24,0,34,0,26,98,22,146,148,158,306,452
03/22/2006,ILG,DE,AEA,EN,Towers with Radar,0,8,54,8,70,0,15,24,4,43,0,23,78,12,113,160,18,178,291
03/23/2006,ILG,DE,AEA,EN,Towers with Radar,0,23,75,5,103,0,0,68,0,68,0,23,143,5,171,194,38,232,403
03/24/2006,ILG,DE,AEA,EN,Towers with Radar,0,10,108,17,135,0,2,99,21,122,0,12,207,38,257,256,72,328,585
03/25/2006,ILG,DE,AEA,EN,Towers with Radar,0,6,28,0,34,0,0,59,10,69,0,6,87,10,103,230,74,304,407
03/26/2006,ILG,DE,AEA,EN,Towers with Radar,0,7,48,2,57,0,0,124,5,129,0,7,172,7,186,260,30,290,476
03/27/2006,ILG,DE,AEA,EN,Towers with Radar,0,14,74,0,88,0,2,112,4,118,0,16,186,4,206,212,18,230,436
03/28/2006,ILG,DE,AEA,EN,Towers with Radar,0,9,42,43,94,0,0,64,1,65,0,9,106,44,159,156,124,280,439
03/29/2006,ILG,DE,AEA,EN,Towers with Radar,2,17,72,6,97,0,0,75,13,88,2,17,147,19,185,266,122,388,573
03/30/2006,ILG,DE,AEA,EN,Towers with Radar,2,15,64,22,103,0,4,74,6,84,2,19,138,28,187,180,54,234,421
03/31/2006,ILG,DE,AEA,EN,Towers with Radar,0,17,82,9,108,0,0,133,0,133,0,17,215,9,241,270,86,356,597
04/01/2006,ILG,DE,AEA,EN,Towers with Radar,2,7,39,8,56,0,4,38,14,56,2,11,77,22,112,102,132,234,346
04/02/2006,ILG,DE,AEA,EN,Towers with Radar,0,9,52,6,67,0,0,137,8,145,0,9,189,14,212,134,38,172,384
04/03/2006,ILG,DE,AEA,EN,Towers with Radar,1,11,56,0,68,0,0,35,0,35,1,11,91,0,103,148,2,150,253
04/04/2006,ILG,DE,AEA,EN,Towers with Radar,0,16,33,9,58,0,0,66,0,66,0,16,99,9,124,152,104,256,380
04/05/2006,ILG,DE,AEA,EN,Towers with Radar,0,4,48,14,66,0,0,42,8,50,0,4,90,22,116,192,46,238,354
04/06/2006,ILG,DE,AEA,EN,Towers with Radar,0,15,63,12,90,0,0,74,17,91,0,15,137,29,181,224,26,250,431
04/07/2006,ILG,DE,AEA,EN,Towers with Radar,0,14,63,4,81,0,0,102,16,118,0,14,165,20,199,260,68,328,527
04/08/2006,ILG,DE,AEA,EN,Towers with Radar,0,11,30,0,41,0,0,89,8,97,0,11,119,8,138,214,8,222,360
04/09/2006,ILG,DE,AEA,EN,Towers with Radar,0,12,54,5,71,0,0,110,0,110,0,12,164,5,181,200,36,236,417
04/10/2006,ILG,DE,AEA,EN,Towers with Radar,0,11,33,0,44,0,0,84,8,92,0,11,117,8,136,206,60,266,402
04/11/2006,ILG,DE,AEA,EN,Towers with Radar,0,15,52,4,71,0,0,94,17,111,0,15,146,21,182,200,26,226,408
04/12/2006,ILG,DE,AEA,EN,Towers with Radar,0,13,54,12,79,0,0,56,5,61,0,13,110,17,140,226,42,268,408
04/13/2006,ILG,DE,AEA,EN,Towers with Radar,0,21,74,10,105,0,0,80,1,81,0,21,154,11,186,234,16,250,436
04/14/2006,ILG,DE,AEA,EN,Towers with Radar,0,11,55,3,69,0,4,15,3,22,0,15,70,6,91,290,78,368,459
04/15/2006,ILG,DE,AEA,EN,Towers with Radar,0,7,23,12,42,0,0,125,0,125,0,7,148,12,167,246,28,274,441
04/16/2006,ILG,DE,AEA,EN,Towers with Radar,0,12,44,8,64,0,0,79,0,79,0,12,123,8,143,174,90,264,407
04/17/2006,ILG,DE,AEA,EN,Towers with Radar,0,21,68,11,100,0,0,70,0,70,0,21,138,11,170,226,28,254,424
04/18/2006,ILG,DE,AEA,EN,Towers with Radar,0,13,78,13,104,0,0,84,12,96,0,13,162,25,200,192,50,242,442
04/19/2006,ILG,DE,AEA,EN,Towers with Radar,0,14,72,4,90,0,0,70,16,86,0,14,142,20,176,216,50,266,442
04/20/2006,ILG,DE,AEA,EN,Towers with Radar,0,12,79,15,106,0,0,64,2,66,0,12,143,17,172,166,100,266,438
04/21/2006,ILG,DE,AEA,EN,Towers with Radar,0,22,67,17,106,0,0,66,12,78,0,22,133,29,184,246,2,248,432
04/22/2006,ILG,DE,AEA,EN,Towers with Radar,0,6,31,0,37,0,0,0,0,0,0,6,31,0,37,14,0,14,51
04/23/2006,ILG,DE,AEA,EN,Towers with Radar,0,17,44,2,63,0,0,75,0,75,0,17,119,2,138,160,0,160,298
04/24/2006,ILG,DE,AEA,EN,Towers with Radar,0,10,45,2,57,0,0,170,0,170,0,10,215,2,227,176,42,218,445
04/25/2006,ILG,DE,AEA,EN,Towers with Radar,0,15,69,16,100,0,0,98,10,108,0,15,167,26,208,266,34,300,508
04/26/2006,ILG,DE,AEA,EN,Towers with Radar,0,17,73,10,100,0,0,62,1,63,0,17,135,11,163,296,54,350,513
04/27/2006,ILG,DE,AEA,EN,Towers with Radar,0,7,50,13,70,0,5,71,18,94,0,12,121,31,164,188,170,358,522
04/28/2006,ILG,DE,AEA,EN,Towers with Radar,0,11,64,7,82,0,0,107,15,122,0,11,171,22,204,236,72,308,512
04/29/2006,ILG,DE,AEA,EN,Towers with Radar,0,6,39,0,45,0,3,121,4,128,0,9,160,4,173,246,38,284,457
04/30/2006,ILG,DE,AEA,EN,Towers with Radar,0,14,85,1,100,0,0,125,0,125,0,14,210,1,225,218,66,284,509
05/01/2006,ILG,DE,AEA,EN,Towers with Radar,0,9,57,6,72,0,0,77,10,87,0,9,134,16,159,234,66,300,459
05/02/2006,ILG,DE,AEA,EN,Towers with Radar,0,8,60,4,72,0,1,133,0,134,0,9,193,4,206,168,90,258,464
05/03/2006,ILG,DE,AEA,EN,Towers with Radar,0,12,40,12,64,0,0,94,12,106,0,12,134,24,170,182,78,260,430
05/04/2006,ILG,DE,AEA,EN,Towers with Radar,0,23,82,20,125,0,0,33,13,46,0,23,115,33,171,230,96,326,497
05/05/2006,ILG,DE,AEA,EN,Towers with Radar,0,13,62,5,80,0,3,104,0,107,0,16,166,5,187,280,16,296,483
05/06/2006,ILG,DE,AEA,EN,Towers with Radar,0,6,41,28,75,0,0,88,0,88,0,6,129,28,163,234,74,308,471
05/07/2006,ILG,DE,AEA,EN,Towers with Radar,0,6,38,0,44,0,0,128,8,136,0,6,166,8,180,212,18,230,410
05/08/2006,ILG,DE,AEA,EN,Towers with Radar,0,18,52,0,70,0,0,57,0,57,0,18,109,0,127,214,0,214,341
05/09/2006,ILG,DE,AEA,EN,Towers with Radar,0,16,95,15,126,0,0,61,0,61,0,16,156,15,187,178,98,276,463
05/10/2006,ILG,DE,AEA,EN,Towers with Radar,0,21,83,18,122,0,0,53,18,71,0,21,136,36,193,204,34,238,431
05/11/2006,ILG,DE,AEA,EN,Towers with Radar,1,10,80,7,98,0,8,35,0,43,1,18,115,7,141,150,12,162,303
05/12/2006,ILG,DE,AEA,EN,Towers with Radar,0,12,56,0,68,0,4,94,1,99,0,16,150,1,167,224,0,224,391
05/13/2006,ILG,DE,AEA,EN,Towers with Radar,0,8,63,0,71,0,4,131,0,135,0,12,194,0,206,232,36,268,474
05/14/2006,ILG,DE,AEA,EN,Towers with Radar,0,7,71,0,78,0,0,34,0,34,0,7,105,0,112,213,46,259,371
05/15/2006,ILG,DE,AEA,EN,Towers with Radar,0,11,98,2,111,0,0,11,0,11,0,11,109,2,122,162,0,162,284
05/16/2006,ILG,DE,AEA,EN,Towers with Radar,0,13,58,12,83,0,0,65,18,83,0,13,123,30,166,126,100,226,392
05/17/2006,ILG,DE,AEA,EN,Towers with Radar,0,11,95,4,110,0,0,36,12,48,0,11,131,16,158,260,18,278,436
05/18/2006,ILG,DE,AEA,EN,Towers with Radar,0,26,120,10,156,0,6,26,5,37,0,32,146,15,193,186,34,220,413
05/19/2006,ILG,DE,AEA,EN,Towers with Radar,0,16,81,16,113,0,0,64,0,64,0,16,145,16,177,304,36,340,517
05/20/2006,ILG,DE,AEA,EN,Towers with Radar,0,9,53,0,62,0,6,96,0,102,0,15,149,0,164,306,0,306,470
05/21/2006,ILG,DE,AEA,EN,Towers with Radar,0,18,64,2,84,0,0,79,0,79,0,18,143,2,163,224,0,224,387
05/22/2006,ILG,DE,AEA,EN,Towers with Radar,0,16,88,1,105,0,0,71,0,71,0,16,159,1,176,238,0,238,414
05/23/2006,ILG,DE,AEA,EN,Towers with Radar,0,11,72,16,99,0,0,51,0,51,0,11,123,16,150,254,46,300,450
05/24/2006,ILG,DE,AEA,EN,Towers with Radar,0,18,96,1,115,0,0,52,13,65,0,18,148,14,180,250,36,286,466
05/25/2006,ILG,DE,AEA,EN,Towers with Radar,0,12,117,11,140,0,0,40,11,51,0,12,157,22,191,230,32,262,453
05/26/2006,ILG,DE,AEA,EN,Towers with Radar,0,19,89,8,116,0,6,47,0,53,0,25,136,8,169,246,44,290,459
05/27/2006,ILG,DE,AEA,EN,Towers with Radar,0,14,71,2,87,0,0,110,0,110,0,14,181,2,197,238,12,250,447
05/28/2006,ILG,DE,AEA,EN,Towers with Radar,0,5,55,0,60,0,0,70,0,70,0,5,125,0,130,206,0,206,336
05/29/2006,ILG,DE,AEA,EN,Towers with Radar,0,7,37,3,47,0,2,100,0,102,0,9,137,3,149,230,0,230,379
05/30/2006,ILG,DE,AEA,EN,Towers with Radar,0,15,49,11,75,0,0,93,0,93,0,15,142,11,168,156,38,194,362
05/31/2006,ILG,DE,AEA,EN,Towers with Radar,0,15,59,5,79,0,0,76,7,83,0,15,135,12,162,114,30,144,306
06/01/2006,ILG,DE,AEA,EN,Towers with Radar,0,16,126,3,145,0,0,22,10,32,0,16,148,13,177,226,14,240,417
06/02/2006,ILG,DE,AEA,EN,Towers with Radar,0,0,139,0,139,0,0,1,0,1,0,0,140,0,140,318,0,318,458
06/03/2006,ILG,DE,AEA,EN,Towers with Radar,0,6,103,5,114,0,0,7,0,7,0,6,110,5,121,196,74,270,391
06/04/2006,ILG,DE,AEA,EN,Towers with Radar,0,16,50,1,67,0,0,136,0,136,0,16,186,1,203,186,0,186,389
06/05/2006,ILG,DE,AEA,EN,Towers with Radar,0,11,77,1,89,0,0,44,0,44,0,11,121,1,133,282,6,288,421
06/06/2006,ILG,DE,AEA,EN,Towers with Radar,0,11,104,17,132,0,0,56,0,56,0,11,160,17,188,252,48,300,488
06/07/2006,ILG,DE,AEA,EN,Towers with Radar,0,3,94,7,104,0,0,34,0,34,0,3,128,7,138,212,58,270,408
06/08/2006,ILG,DE,AEA,EN,Towers with Radar,0,11,76,5,92,0,0,86,3,89,0,11,162,8,181,174,18,192,373
06/09/2006,ILG,DE,AEA,EN,Towers with Radar,0,5,72,1,78,0,0,65,0,65,0,5,137,1,143,256,16,272,415
06/10/2006,ILG,DE,AEA,EN,Towers with Radar,0,11,50,21,82,0,0,148,0,148,0,11,198,21,230,170,28,198,428
06/11/2006,ILG,DE,AEA,EN,Towers with Radar,0,4,56,14,74,0,6,69,17,92,0,10,125,31,166,176,36,212,378
06/12/2006,ILG,DE,AEA,EN,Towers with Radar,0,17,78,19,114,0,0,58,0,58,0,17,136,19,172,192,42,234,406
06/13/2006,ILG,DE,AEA,EN,Towers with Radar,0,12,87,12,111,0,0,86,0,86,0,12,173,12,197,202,16,218,415
06/14/2006,ILG,DE,AEA,EN,Towers with Radar,0,13,73,7,93,0,0,65,5,70,0,13,138,12,163,160,80,240,403
06/15/2006,ILG,DE,AEA,EN,Towers with Radar,2,17,84,15,118,0,0,42,0,42,2,17,126,15,160,144,90,234,394
06/16/2006,ILG,DE,AEA,EN,Towers with Radar,0,11,54,19,84,0,0,130,1,131,0,11,184,20,215,226,18,244,459
06/17/2006,ILG,DE,AEA,EN,Towers with Radar,0,5,77,0,82,0,3,106,2,111,0,8,183,2,193,280,2,282,475
06/18/2006,ILG,DE,AEA,EN,Towers with Radar,0,9,67,2,78,0,0,78,0,78,0,9,145,2,156,222,0,222,378
06/19/2006,ILG,DE,AEA,EN,Towers with Radar,0,13,91,2,106,0,0,43,0,43,0,13,134,2,149,176,2,178,327
06/20/2006,ILG,DE,AEA,EN,Towers with Radar,0,14,70,11,95,0,0,56,0,56,0,14,126,11,151,220,54,274,425
06/21/2006,ILG,DE,AEA,EN,Towers with Radar,0,8,63,6,77,0,1,126,0,127,0,9,189,6,204,224,40,264,468
06/22/2006,ILG,DE,AEA,EN,Towers with Radar,0,24,54,6,84,0,0,103,16,119,0,24,157,22,203,270,0,270,473
06/23/2006,ILG,DE,AEA,EN,Towers with Radar,0,17,94,6,117,0,0,27,0,27,0,17,121,6,144,216,46,262,406
06/24/2006,ILG,DE,AEA,EN,Towers with Radar,0,18,33,2,53,0,0,123,6,129,0,18,156,8,182,162,26,188,370
06/25/2006,ILG,DE,AEA,EN,Towers with Radar,0,11,43,0,54,0,0,38,4,42,0,11,81,4,96,104,24,128,224
06/26/2006,ILG,DE,AEA,EN,Towers with Radar,0,8,97,2,107,0,0,28,0,28,0,8,125,2,135,104,2,106,241
06/27/2006,ILG,DE,AEA,EN,Towers with Radar,0,7,60,2,69,0,0,48,0,48,0,7,108,2,117,100,2,102,219
06/28/2006,ILG,DE,AEA,EN,Towers with Radar,2,12,81,18,113,0,0,36,5,41,2,12,117,23,154,216,52,268,422
06/29/2006,ILG,DE,AEA,EN,Towers with Radar,4,15,84,6,109,0,0,38,3,41,4,15,122,9,150,242,34,276,426
06/30/2006,ILG,DE,AEA,EN,Towers with Radar,4,18,95,11,128,0,0,51,0,51,4,18,146,11,179,240,24,264,443
07/01/2006,ILG,DE,AEA,EN,Towers with Radar,4,12,66,0,82,0,0,80,4,84,4,12,146,4,166,252,10,262,428
07/02/2006,ILG,DE,AEA,EN,Towers with Radar,4,14,74,0,92,0,0,86,4,90,4,14,160,4,182,270,22,292,474
07/03/2006,ILG,DE,AEA,EN,Towers with Radar,4,16,75,0,95,0,0,42,7,49,4,16,117,7,144,294,38,332,476
07/04/2006,ILG,DE,AEA,EN,Towers with Radar,4,8,42,0,54,0,0,34,5,39,4,8,76,5,93,170,16,186,279
07/05/2006,ILG,DE,AEA,EN,Towers with Radar,4,5,61,6,76,0,0,43,0,43,4,5,104,6,119,208,38,246,365
07/06/2006,ILG,DE,AEA,EN,Towers with Radar,4,14,82,8,108,0,2,41,0,43,4,16,123,8,151,220,32,252,403
07/07/2006,ILG,DE,AEA,EN,Towers with Radar,4,15,87,5,111,0,0,44,0,44,4,15,131,5,155,282,12,294,449
07/08/2006,ILG,DE,AEA,EN,Towers with Radar,4,11,42,0,57,0,0,86,3,89,4,11,128,3,146,240,38,278,424
07/09/2006,ILG,DE,AEA,EN,Towers with Radar,4,10,81,0,95,0,0,43,0,43,4,10,124,0,138,226,38,264,402
07/10/2006,ILG,DE,AEA,EN,Towers with Radar,5,15,48,10,78,0,0,60,0,60,5,15,108,10,138,202,72,274,412
07/11/2006,ILG,DE,AEA,EN,Towers with Radar,4,19,67,5,95,0,0,43,28,71,4,19,110,33,166,220,28,248,414
07/12/2006,ILG,DE,AEA,EN,Towers with Radar,4,15,76,17,112,0,0,65,0,65,4,15,141,17,177,194,68,262,439
07/13/2006,ILG,DE,AEA,EN,Towers with Radar,4,17,115,11,147,0,0,29,0,29,4,17,144,11,176,196,34,230,406
07/14/2006,ILG,DE,AEA,EN,Towers with Radar,3,17,71,10,101,0,0,56,1,57,3,17,127,11,158,222,16,238,396
07/15/2006,ILG,DE,AEA,EN,Towers with Radar,4,4,50,0,58,0,0,0,0,0,4,4,50,0,58,70,0,70,128
07/16/2006,ILG,DE,AEA,EN,Towers with Radar,4,14,35,12,65,0,0,44,2,46,4,14,79,14,111,196,58,254,365
07/17/2006,ILG,DE,AEA,EN,Towers with Radar,4,10,61,0,75,0,0,46,4,50,4,10,107,4,125,244,22,266,391
07/18/2006,ILG,DE,AEA,EN,Towers with Radar,4,13,62,12,91,0,0,47,0,47,4,13,109,12,138,170,44,214,352
07/19/2006,ILG,DE,AEA,EN,Towers with Radar,4,15,65,7,91,0,0,61,0,61,4,15,126,7,152,168,60,228,380
07/20/2006,ILG,DE,AEA,EN,Towers with Radar,4,8,49,12,73,0,5,50,0,55,4,13,99,12,128,178,54,232,360
07/21/2006,ILG,DE,AEA,EN,Towers with Radar,4,19,61,11,95,0,0,29,0,29,4,19,90,11,124,208,46,254,378
07/22/2006,ILG,DE,AEA,EN,Towers with Radar,4,10,36,1,51,0,0,12,0,12,4,10,48,1,63,60,4,64,127
07/23/2006,ILG,DE,AEA,EN,Towers with Radar,4,5,73,10,92,0,3,44,5,52,4,8,117,15,144,218,52,270,414
07/24/2006,ILG,DE,AEA,EN,Towers with Radar,4,16,74,8,102,0,0,82,0,82,4,16,156,8,184,182,30,212,396
07/25/2006,ILG,DE,AEA,EN,Towers with Radar,4,8,64,14,90,0,0,91,3,94,4,8,155,17,184,156,38,194,378
07/26/2006,ILG,DE,AEA,EN,Towers with Radar,4,19,78,8,109,0,0,38,0,38,4,19,116,8,147,192,46,238,385
07/27/2006,ILG,DE,AEA,EN,Towers with Radar,4,21,92,8,125,0,0,32,7,39,4,21,124,15,164,150,0,150,314
07/28/2006,ILG,DE,AEA,EN,Towers with Radar,4,17,58,5,84,0,0,43,0,43,4,17,101,5,127,100,14,114,241
07/29/2006,ILG,DE,AEA,EN,Towers with Radar,4,15,54,0,73,0,0,43,0,43,4,15,97,0,116,220,0,220,336
07/30/2006,ILG,DE,AEA,EN,Towers with Radar,4,11,47,7,69,0,0,49,0,49,4,11,96,7,118,190,26,216,334
07/31/2006,ILG,DE,AEA,EN,Towers with Radar,4,14,76,0,94,0,0,38,5,43,4,14,114,5,137,246,44,290,427
08/01/2006,ILG,DE,AEA,EN,Towers with Radar,4,16,58,8,86,0,0,54,0,54,4,16,112,8,140,224,52,276,416
08/02/2006,ILG,DE,AEA,EN,Towers with Radar,4,18,59,20,101,0,0,49,0,49,4,18,108,20,150,194,62,256,406
08/03/2006,ILG,DE,AEA,EN,Towers with Radar,4,13,54,9,80,0,0,87,0,87,4,13,141,9,167,238,30,268,435
08/04/2006,ILG,DE,AEA,EN,Towers with Radar,4,23,54,5,86,0,4,83,0,87,4,27,137,5,173,224,28,252,425
08/05/2006,ILG,DE,AEA,EN,Towers with Radar,4,19,81,12,116,0,1,105,0,106,4,20,186,12,222,164,18,182,404
08/06/2006,ILG,DE,AEA,EN,Towers with Radar,4,16,56,7,83,0,1,78,15,94,4,17,134,22,177,166,68,234,411
08/07/2006,ILG,DE,AEA,EN,Towers with Radar,3,8,86,2,99,0,0,60,9,69,3,8,146,11,168,174,60,234,402
08/08/2006,ILG,DE,AEA,EN,Towers with Radar,3,13,79,12,107,0,1,46,6,53,3,14,125,18,160,182,52,234,394
08/09/2006,ILG,DE,AEA,EN,Towers with Radar,4,17,60,11,92,0,0,82,14,96,4,17,142,25,188,208,36,244,432
08/10/2006,ILG,DE,AEA,EN,Towers with Radar,4,16,71,13,104,0,2,87,0,89,4,18,158,13,193,236,14,250,443
08/11/2006,ILG,DE,AEA,EN,Towers with Radar,4,22,81,5,112,0,0,66,0,66,4,22,147,5,178,274,12,286,464
08/12/2006,ILG,DE,AEA,EN,Towers with Radar,4,16,45,8,73,0,0,64,0,64,4,16,109,8,137,256,24,280,417
08/13/2006,ILG,DE,AEA,EN,Towers with Radar,6,12,52,1,71,0,1,107,0,108,6,13,159,1,179,230,0,230,409
08/14/2006,ILG,DE,AEA,EN,Towers with Radar,4,11,64,0,79,0,1,79,15,95,4,12,143,15,174,178,32,210,384
08/15/2006,ILG,DE,AEA,EN,Towers with Radar,2,4,79,7,92,0,0,68,0,68,2,4,147,7,160,196,96,292,452
08/16/2006,ILG,DE,AEA,EN,Towers with Radar,4,24,64,10,102,0,2,67,11,80,4,26,131,21,182,186,42,228,410
08/17/2006,ILG,DE,AEA,EN,Towers with Radar,2,21,69,1,93,0,0,73,9,82,2,21,142,10,175,176,38,214,389
08/18/2006,ILG,DE,AEA,EN,Towers with Radar,4,22,72,7,105,0,0,85,0,85,4,22,157,7,190,186,38,224,414
08/19/2006,ILG,DE,AEA,EN,Towers with Radar,4,15,75,6,100,0,0,54,10,64,4,15,129,16,164,228,14,242,406
08/20/2006,ILG,DE,AEA,EN,Towers with Radar,4,13,68,3,88,0,0,58,0,58,4,13,126,3,146,240,16,256,402
08/21/2006,ILG,DE,AEA,EN,Towers with Radar,4,16,53,9,82,0,0,90,0,90,4,16,143,9,172,230,24,254,426
08/22/2006,ILG,DE,AEA,EN,Towers with Radar,4,13,50,12,79,0,0,73,7,80,4,13,123,19,159,204,46,250,409
08/23/2006,ILG,DE,AEA,EN,Towers with Radar,4,16,47,21,88,0,0,79,0,79,4,16,126,21,167,194,42,236,403
08/24/2006,ILG,DE,AEA,EN,Towers with Radar,4,18,78,18,118,0,2,63,0,65,4,20,141,18,183,192,38,230,413
08/25/2006,ILG,DE,AEA,EN,Towers with Radar,4,8,82,3,97,0,5,61,6,72,4,13,143,9,169,204,42,246,415
08/26/2006,ILG,DE,AEA,EN,Towers with Radar,3,1,60,3,67,0,0,59,0,59,3,1,119,3,126,256,6,262,388
08/27/2006,ILG,DE,AEA,EN,Towers with Radar,4,5,48,0,57,0,0,61,0,61,4,5,109,0,118,150,0,150,268
08/28/2006,ILG,DE,AEA,EN,Towers with Radar,4,13,72,1,90,0,0,81,5,86,4,13,153,6,176,170,6,176,352
08/29/2006,ILG,DE,AEA,EN,Towers with Radar,3,11,82,2,98,0,0,66,7,73,3,11,148,9,171,126,20,146,317
08/30/2006,ILG,DE,AEA,EN,Towers with Radar,4,15,103,12,134,0,0,55,4,59,4,15,158,16,193,109,40,149,342
08/31/2006,ILG,DE,AEA,EN,Towers with Radar,4,17,93,16,130,0,0,63,4,67,4,17,156,20,197,121,42,163,360
09/01/2006,ILG,DE,AEA,EN,Towers with Radar,1,6,43,1,51,0,0,31,5,36,1,6,74,6,87,34,18,52,139
09/02/2006,ILG,DE,AEA,EN,Towers with Radar,3,10,23,0,36,0,0,41,0,41,3,10,64,0,77,66,0,66,143
09/03/2006,ILG,DE,AEA,EN,Towers with Radar,3,4,49,0,56,0,6,59,0,65,3,10,108,0,121,170,0,170,291
09/04/2006,ILG,DE,AEA,EN,Towers with Radar,5,11,53,0,69,0,0,69,1,70,5,11,122,1,139,166,4,170,309
09/05/2006,ILG,DE,AEA,EN,Towers with Radar,4,12,66,1,83,0,0,34,11,45,4,12,100,12,128,76,32,108,236
09/06/2006,ILG,DE,AEA,EN,Towers with Radar,3,9,77,5,94,0,0,53,15,68,3,9,130,20,162,186,36,222,384
09/07/2006,ILG,DE,AEA,EN,Towers with Radar,4,16,90,11,121,0,4,93,14,111,4,20,183,25,232,210,54,264,496
09/08/2006,ILG,DE,AEA,EN,Towers with Radar,4,18,66,2,90,0,0,90,23,113,4,18,156,25,203,208,62,270,473
09/09/2006,ILG,DE,AEA,EN,Towers with Radar,0,12,42,9,63,0,0,85,28,113,0,12,127,37,176,148,114,262,438
09/10/2006,ILG,DE,AEA,EN,Towers with Radar,4,18,62,19,103,0,0,83,5,88,4,18,145,24,191,182,46,228,419
09/11/2006,ILG,DE,AEA,EN,Towers with Radar,4,19,58,1,82,0,0,93,0,93,4,19,151,1,175,232,8,240,415
09/12/2006,ILG,DE,AEA,EN,Towers with Radar,5,17,69,4,95,0,1,106,14,121,5,18,175,18,216,214,30,244,460
09/13/2006,ILG,DE,AEA,EN,Towers with Radar,2,20,59,14,95,0,0,46,7,53,2,20,105,21,148,112,24,136,284
09/14/2006,ILG,DE,AEA,EN,Towers with Radar,3,17,80,0,100,0,0,51,0,51,3,17,131,0,151,90,0,90,241
09/15/2006,ILG,DE,AEA,EN,Towers with Radar,4,34,71,16,125,0,0,77,4,81,4,34,148,20,206,240,4,244,450
09/16/2006,ILG,DE,AEA,EN,Towers with Radar,3,19,48,11,81,0,0,74,4,78,3,19,122,15,159,220,28,248,407
09/17/2006,ILG,DE,AEA,EN,Towers with Radar,4,28,65,10,107,0,0,67,6,73,4,28,132,16,180,230,26,256,436
09/18/2006,ILG,DE,AEA,EN,Towers with Radar,4,15,87,0,106,0,0,66,9,75,4,15,153,9,181,222,24,246,427
09/19/2006,ILG,DE,AEA,EN,Towers with Radar,4,16,105,15,140,0,0,43,8,51,4,16,148,23,191,158,66,224,415
09/20/2006,ILG,DE,AEA,EN,Towers with Radar,4,17,75,6,102,0,0,79,12,91,4,17,154,18,193,180,30,210,403
09/21/2006,ILG,DE,AEA,EN,Towers with Radar,4,8,75,8,95,0,0,63,6,69,4,8,138,14,164,196,50,246,410
09/22/2006,ILG,DE,AEA,EN,Towers with Radar,4,11,65,2,82,0,0,94,2,96,4,11,159,4,178,288,6,294,472
09/23/2006,ILG,DE,AEA,EN,Towers with Radar,3,14,42,0,59,0,0,96,8,104,3,14,138,8,163,172,42,214,377
09/24/2006,ILG,DE,AEA,EN,Towers with Radar,3,11,69,2,85,0,0,88,5,93,3,11,157,7,178,220,16,236,414
09/25/2006,ILG,DE,AEA,EN,Towers with Radar,3,12,64,0,79,0,0,92,14,106,3,12,156,14,185,212,28,240,425
09/26/2006,ILG,DE,AEA,EN,Towers with Radar,4,13,60,1,78,0,1,90,11,102,4,14,150,12,180,222,16,238,418
09/27/2006,ILG,DE,AEA,EN,Towers with Radar,3,12,70,9,94,0,0,89,2,91,3,12,159,11,185,202,64,266,451
09/28/2006,ILG,DE,AEA,EN,Towers with Radar,2,7,78,8,95,0,0,72,2,74,2,7,150,10,169,216,28,244,413
09/29/2006,ILG,DE,AEA,EN,Towers with Radar,4,37,69,16,126,0,0,87,2,89,4,37,156,18,215,238,22,260,475
09/30/2006,ILG,DE,AEA,EN,Towers with Radar,4,23,53,12,92,0,0,99,8,107,4,23,152,20,199,224,16,240,439
10/01/2006,ILG,DE,AEA,EN,Towers with Radar,2,19,54,1,76,0,4,86,7,97,2,23,140,8,173,220,18,238,411
10/02/2006,ILG,DE,AEA,EN,Towers with Radar,4,14,81,1,100,0,0,78,0,78,4,14,159,1,178,236,4,240,418
10/03/2006,ILG,DE,AEA,EN,Towers with Radar,5,16,71,16,108,0,2,85,1,88,5,18,156,17,196,184,68,252,448
10/04/2006,ILG,DE,AEA,EN,Towers with Radar,4,22,57,0,83,0,0,92,4,96,4,22,149,4,179,218,0,218,397
10/05/2006,ILG,DE,AEA,EN,Towers with Radar,4,14,69,14,101,0,0,86,2,88,4,14,155,16,189,186,34,220,409
10/06/2006,ILG,DE,AEA,EN,Towers with Radar,4,23,89,8,124,0,3,56,0,59,4,26,145,8,183,236,20,256,439
10/07/2006,ILG,DE,AEA,EN,Towers with Radar,3,11,54,1,69,0,1,80,9,90,3,12,134,10,159,206,20,226,385
10/08/2006,ILG,DE,AEA,EN,Towers with Radar,4,5,55,1,65,0,0,103,0,103,4,5,158,1,168,238,0,238,406
10/09/2006,ILG,DE,AEA,EN,Towers with Radar,4,11,62,1,78,0,0,83,0,83,4,11,145,1,161,240,0,240,401
10/10/2006,ILG,DE,AEA,EN,Towers with Radar,4,14,87,5,110,0,2,92,1,95,4,16,179,6,205,246,16,262,467
10/11/2006,ILG,DE,AEA,EN,Towers with Radar,4,30,87,7,128,0,0,77,0,77,4,30,164,7,205,144,4,148,353
10/12/2006,ILG,DE,AEA,EN,Towers with Radar,3,21,73,17,114,0,1,51,0,52,3,22,124,17,166,154,74,228,394
10/13/2006,ILG,DE,AEA,EN,Towers with Radar,4,9,56,4,73,0,0,119,10,129,4,9,175,14,202,164,80,244,446
10/14/2006,ILG,DE,AEA,EN,Towers with Radar,5,1,29,26,61,0,0,65,7,72,5,1,94,33,133,212,60,272,405
10/15/2006,ILG,DE,AEA,EN,Towers with Radar,3,11,64,9,87,0,0,108,5,113,3,11,172,14,200,182,10,192,392
10/16/2006,ILG,DE,AEA,EN,Towers with Radar,3,16,50,13,82,0,0,115,0,115,3,16,165,13,197,226,20,246,443
10/17/2006,ILG,DE,AEA,EN,Towers with Radar,5,13,65,10,93,0,1,9,0,10,5,14,74,10,103,42,28,70,173
10/18/2006,ILG,DE,AEA,EN,Towers with Radar,3,23,77,15,118,0,0,40,0,40,3,23,117,15,158,186,72,258,416
10/19/2006,ILG,DE,AEA,EN,Towers with Radar,4,16,86,17,123,0,1,30,13,44,4,17,116,30,167,114,80,194,361
10/20/2006,ILG,DE,AEA,EN,Towers with Radar,4,22,88,9,123,0,4,33,0,37,4,26,121,9,160,176,48,224,384
10/21/2006,ILG,DE,AEA,EN,Towers with Radar,1,14,63,0,78,0,4,79,4,87,1,18,142,4,165,246,20,266,431
10/22/2006,ILG,DE,AEA,EN,Towers with Radar,3,15,63,8,89,0,2,91,0,93,3,17,154,8,182,200,38,238,420
10/23/2006,ILG,DE,AEA,EN,Towers with Radar,4,28,87,3,122,0,0,51,0,51,4,28,138,3,173,230,18,248,421
10/24/2006,ILG,DE,AEA,EN,Towers with Radar,2,29,73,19,123,0,1,44,0,45,2,30,117,19,168,176,60,236,404
10/25/2006,ILG,DE,AEA,EN,Towers with Radar,3,14,74,25,116,0,0,30,0,30,3,14,104,25,146,170,50,220,366
10/26/2006,ILG,DE,AEA,EN,Towers with Radar,8,15,58,7,88,0,0,98,5,103,8,15,156,12,191,160,40,200,391
10/27/2006,ILG,DE,AEA,EN,Towers with Radar,4,27,67,15,113,0,0,37,0,37,4,27,104,15,150,164,62,226,376
10/28/2006,ILG,DE,AEA,EN,Towers with Radar,4,13,45,0,62,0,0,15,0,15,4,13,60,0,77,130,0,130,207
10/29/2006,ILG,DE,AEA,EN,Towers with Radar,7,5,45,2,59,0,0,0,0,0,7,5,45,2,59,130,12,142,201
10/30/2006,ILG,DE,AEA,EN,Towers with Radar,4,23,59,2,88,0,0,79,2,81,4,23,138,4,169,208,0,208,377
10/31/2006,ILG,DE,AEA,EN,Towers with Radar,6,13,60,10,89,0,0,93,2,95,6,13,153,12,184,164,46,210,394
11/01/2006,ILG,DE,AEA,EN,Towers with Radar,4,15,46,16,81,0,2,58,6,66,4,17,104,22,147,214,58,272,419
11/02/2006,ILG,DE,AEA,EN,Towers with Radar,4,14,45,22,85,0,0,60,8,68,4,14,105,30,153,200,56,256,409
11/03/2006,ILG,DE,AEA,EN,Towers with Radar,4,24,62,10,100,0,0,84,0,84,4,24,146,10,184,178,52,230,414
11/04/2006,ILG,DE,AEA,EN,Towers with Radar,4,12,64,3,83,0,0,78,15,93,4,12,142,18,176,208,28,236,412
11/05/2006,ILG,DE,AEA,EN,Towers with Radar,4,16,45,3,68,0,0,106,5,111,4,16,151,8,179,216,32,248,427
11/06/2006,ILG,DE,AEA,EN,Towers with Radar,4,20,53,0,77,0,0,71,0,71,4,20,124,0,148,250,0,250,398
11/07/2006,ILG,DE,AEA,EN,Towers with Radar,4,8,47,21,80,0,0,36,0,36,4,8,83,21,116,132,76,208,324
11/08/2006,ILG,DE,AEA,EN,Towers with Radar,4,5,59,3,71,0,0,0,2,2,4,5,59,5,73,0,8,8,81
11/09/2006,ILG,DE,AEA,EN,Towers with Radar,4,23,57,16,100,0,0,59,2,61,4,23,116,18,161,156,64,220,381
11/10/2006,ILG,DE,AEA,EN,Towers with Radar,4,22,73,0,99,0,0,62,0,62,4,22,135,0,161,226,2,228,389
11/11/2006,ILG,DE,AEA,EN,Towers with Radar,4,10,52,0,66,0,0,96,2,98,4,10,148,2,164,190,18,208,372
11/12/2006,ILG,DE,AEA,EN,Towers with Radar,4,3,41,1,49,0,0,0,0,0,4,3,41,1,49,14,2,16,65
11/13/2006,ILG,DE,AEA,EN,Towers with Radar,4,19,46,5,74,0,0,0,0,0,4,19,46,5,74,4,14,18,92
11/14/2006,ILG,DE,AEA,EN,Towers with Radar,4,26,80,15,125,0,0,2,0,2,4,26,82,15,127,86,38,124,251
11/15/2006,ILG,DE,AEA,EN,Towers with Radar,4,21,75,10,110,0,1,40,11,52,4,22,115,21,162,166,46,212,374
11/16/2006,ILG,DE,AEA,EN,Towers with Radar,4,15,51,5,75,0,0,8,4,12,4,15,59,9,87,66,52,118,205
11/17/2006,ILG,DE,AEA,EN,Towers with Radar,4,29,76,9,118,0,1,104,4,109,4,30,180,13,227,190,14,204,431
11/18/2006,ILG,DE,AEA,EN,Towers with Radar,4,10,59,2,75,0,0,46,0,46,4,10,105,2,121,242,30,272,393
11/19/2006,ILG,DE,AEA,EN,Towers with Radar,4,6,50,2,62,0,0,70,0,70,4,6,120,2,132,244,8,252,384
11/20/2006,ILG,DE,AEA,EN,Towers with Radar,4,15,56,20,95,0,0,51,0,51,4,15,107,20,146,184,50,234,380
11/21/2006,ILG,DE,AEA,EN,Towers with Radar,6,20,46,27,99,0,0,54,0,54,6,20,100,27,153,188,90,278,431
11/22/2006,ILG,DE,AEA,EN,Towers with Radar,4,15,38,2,59,0,0,95,3,98,4,15,133,5,157,138,0,138,295
11/23/2006,ILG,DE,AEA,EN,Towers with Radar,3,3,54,0,60,0,0,60,0,60,3,3,114,0,120,150,0,150,270
11/24/2006,ILG,DE,AEA,EN,Towers with Radar,4,18,57,0,79,0,1,82,6,89,4,19,139,6,168,230,6,236,404
11/25/2006,ILG,DE,AEA,EN,Towers with Radar,1,11,62,0,74,0,0,99,2,101,1,11,161,2,175,222,4,226,401
11/26/2006,ILG,DE,AEA,EN,Towers with Radar,2,11,60,0,73,0,0,90,0,90,2,11,150,0,163,230,0,230,393
11/27/2006,ILG,DE,AEA,EN,Towers with Radar,4,13,72,2,91,0,0,59,0,59,4,13,131,2,150,210,2,212,362
11/28/2006,ILG,DE,AEA,EN,Towers with Radar,4,12,65,3,84,0,0,76,15,91,4,12,141,18,175,204,28,232,407
11/29/2006,ILG,DE,AEA,EN,Towers with Radar,4,15,53,1,73,0,0,101,7,108,4,15,154,8,181,224,28,252,433
11/30/2006,ILG,DE,AEA,EN,Towers with Radar,4,19,55,0,78,0,0,73,0,73,4,19,128,0,151,244,0,244,395
12/01/2006,ILG,DE,AEA,EN,Towers with Radar,6,27,66,5,104,0,1,59,10,70,6,28,125,15,174,132,20,152,326
12/02/2006,ILG,DE,AEA,EN,Towers with Radar,7,10,32,8,57,0,1,85,11,97,7,11,117,19,154,187,12,199,353
12/03/2006,ILG,DE,AEA,EN,Towers with Radar,3,9,30,8,50,0,0,113,2,115,3,9,143,10,165,194,14,208,373
12/04/2006,ILG,DE,AEA,EN,Towers with Radar,2,10,59,5,76,0,0,39,2,41,2,10,98,7,117,114,18,132,249
12/05/2006,ILG,DE,AEA,EN,Towers with Radar,4,9,57,11,81,0,4,60,9,73,4,13,117,20,154,182,26,208,362
12/06/2006,ILG,DE,AEA,EN,Towers with Radar,4,12,66,16,98,0,0,49,8,57,4,12,115,24,155,126,38,164,319
12/07/2006,ILG,DE,AEA,EN,Towers with Radar,6,14,40,13,73,0,0,79,27,106,6,14,119,40,179,118,50,168,347
12/08/2006,ILG,DE,AEA,EN,Towers with Radar,4,25,56,3,88,0,0,47,15,62,4,25,103,18,150,98,32,130,280
12/09/2006,ILG,DE,AEA,EN,Towers with Radar,5,5,27,4,41,0,6,80,5,91,5,11,107,9,132,144,16,160,292
12/10/2006,ILG,DE,AEA,EN,Towers with Radar,3,13,45,3,64,0,0,65,0,65,3,13,110,3,129,174,10,184,313
12/11/2006,ILG,DE,AEA,EN,Towers with Radar,4,21,54,9,88,0,0,84,0,84,4,21,138,9,172,144,16,160,332
12/12/2006,ILG,DE,AEA,EN,Towers with Radar,4,17,82,9,112,0,0,42,13,55,4,17,124,22,167,164,22,186,353
12/13/2006,ILG,DE,AEA,EN,Towers with Radar,4,13,56,23,96,0,0,0,0,0,4,13,56,23,96,36,70,106,202
12/14/2006,ILG,DE,AEA,EN,Towers with Radar,4,12,55,4,75,0,0,0,0,0,4,12,55,4,75,29,0,29,104
12/15/2006,ILG,DE,AEA,EN,Towers with Radar,4,39,91,5,139,0,0,57,0,57,4,39,148,5,196,66,36,102,298
12/16/2006,ILG,DE,AEA,EN,Towers with Radar,4,9,62,3,78,0,0,62,0,62,4,9,124,3,140,172,0,172,312
12/17/2006,ILG,DE,AEA,EN,Towers with Radar,3,7,43,1,54,0,0,94,0,94,3,7,137,1,148,172,0,172,320
12/18/2006,ILG,DE,AEA,EN,Towers with Radar,4,14,59,7,84,0,0,57,0,57,4,14,116,7,141,157,20,177,318
12/19/2006,ILG,DE,AEA,EN,Towers with Radar,4,20,56,26,106,0,0,65,4,69,4,20,121,30,175,72,62,134,309
12/20/2006,ILG,DE,AEA,EN,Towers with Radar,5,18,47,14,84,0,0,72,0,72,5,18,119,14,156,102,34,136,292
12/21/2006,ILG,DE,AEA,EN,Towers with Radar,4,16,61,9,90,0,0,42,8,50,4,16,103,17,140,144,26,170,310
12/22/2006,ILG,DE,AEA,EN,Towers with Radar,4,31,52,2,89,0,0,29,0,29,4,31,81,2,118,154,24,178,296
12/23/2006,ILG,DE,AEA,EN,Towers with Radar,6,19,57,0,82,0,0,38,12,50,6,19,95,12,132,116,30,146,278
12/24/2006,ILG,DE,AEA,EN,Towers with Radar,4,8,47,0,59,0,0,50,0,50,4,8,97,0,109,166,0,166,275
12/25/2006,ILG,DE,AEA,EN,Towers with Radar,2,9,15,0,26,0,6,3,0,9,2,15,18,0,35,64,4,68,103
12/26/2006,ILG,DE,AEA,EN,Towers with Radar,4,16,44,0,64,0,0,0,8,8,4,16,44,8,72,94,46,140,212
12/27/2006,ILG,DE,AEA,EN,Towers with Radar,4,21,51,6,82,0,0,31,9,40,4,21,82,15,122,104,72,176,298
12/28/2006,ILG,DE,AEA,EN,Towers with Radar,4,14,59,10,87,0,0,62,0,62,4,14,121,10,149,118,40,158,307
12/29/2006,ILG,DE,AEA,EN,Towers with Radar,4,16,34,4,58,0,0,85,0,85,4,16,119,4,143,178,24,202,345
12/30/2006,ILG,DE,AEA,EN,Towers with Radar,4,11,53,0,68,0,0,67,0,67,4,11,120,0,135,204,0,204,339
12/31/2006,ILG,DE,AEA,EN,Towers with Radar,4,5,32,0,41,0,0,68,0,68,4,5,100,0,109,164,0,164,273
01/01/2007,ILG,DE,AEA,EN,Towers with Radar,2,14,25,0,41,2,0,0,0,2,4,14,25,0,43,0,0,0,43
01/02/2007,ILG,DE,AEA,EN,Towers with Radar,4,20,54,0,78,0,4,43,0,47,4,24,97,0,125,60,0,60,185
01/03/2007,ILG,DE,AEA,EN,Towers with Radar,4,13,60,2,79,0,0,39,12,51,4,13,99,14,130,85,88,173,303
01/04/2007,ILG,DE,AEA,EN,Towers with Radar,3,5,46,5,59,0,11,67,19,97,3,16,113,24,156,132,38,170,326
01/05/2007,ILG,DE,AEA,EN,Towers with Radar,2,25,65,8,100,0,0,62,0,62,2,25,127,8,162,122,10,132,294
01/06/2007,ILG,DE,AEA,EN,Towers with Radar,2,5,50,1,58,0,1,35,0,36,2,6,85,1,94,184,6,190,284
01/07/2007,ILG,DE,AEA,EN,Towers with Radar,3,9,55,2,69,0,0,93,0,93,3,9,148,2,162,130,0,130,292
01/08/2007,ILG,DE,AEA,EN,Towers with Radar,4,20,42,1,67,0,0,22,0,22,4,20,64,1,89,79,0,79,168
01/09/2007,ILG,DE,AEA,EN,Towers with Radar,4,11,47,6,68,0,0,68,11,79,4,11,115,17,147,116,54,170,317
01/10/2007,ILG,DE,AEA,EN,Towers with Radar,3,12,45,17,77,0,0,38,4,42,3,12,83,21,119,102,64,166,285
01/11/2007,ILG,DE,AEA,EN,Towers with Radar,4,19,58,11,92,0,0,63,2,65,4,19,121,13,157,136,46,182,339
01/12/2007,ILG,DE,AEA,EN,Towers with Radar,4,14,65,0,83,0,0,40,0,40,4,14,105,0,123,124,0,124,247
01/13/2007,ILG,DE,AEA,EN,Towers with Radar,3,9,47,10,69,0,0,73,0,73,3,9,120,10,142,210,26,236,378
01/14/2007,ILG,DE,AEA,EN,Towers with Radar,2,1,41,0,44,0,4,0,0,4,2,5,41,0,48,20,0,20,68
01/15/2007,ILG,DE,AEA,EN,Towers with Radar,3,11,74,0,88,0,0,14,0,14,3,11,88,0,102,48,0,48,150
01/16/2007,ILG,DE,AEA,EN,Towers with Radar,5,6,22,19,52,0,0,33,22,55,5,6,55,41,107,78,112,190,297
01/17/2007,ILG,DE,AEA,EN,Towers with Radar,2,17,54,16,89,0,0,46,1,47,2,17,100,17,136,144,32,176,312
01/18/2007,ILG,DE,AEA,EN,Towers with Radar,4,11,69,15,99,0,0,31,5,36,4,11,100,20,135,94,24,118,253
01/19/2007,ILG,DE,AEA,EN,Towers with Radar,4,12,53,5,74,0,0,39,13,52,4,12,92,18,126,74,26,100,226
01/20/2007,ILG,DE,AEA,EN,Towers with Radar,0,11,47,0,58,0,0,30,8,38,0,11,77,8,96,78,0,78,174
01/21/2007,ILG,DE,AEA,EN,Towers with Radar,2,5,47,3,57,0,0,84,10,94,2,5,131,13,151,146,18,164,315
01/22/2007,ILG,DE,AEA,EN,Towers with Radar,5,6,64,2,77,0,0,0,0,0,5,6,64,2,77,188,12,200,277
01/23/2007,ILG,DE,AEA,EN,Towers with Radar,6,6,70,11,93,0,0,78,0,78,6,6,148,11,171,224,60,284,455
01/24/2007,ILG,DE,AEA,EN,Towers with Radar,5,10,46,9,70,0,0,25,8,33,5,10,71,17,103,130,44,174,277
01/25/2007,ILG,DE,AEA,EN,Towers with Radar,4,11,47,4,66,0,0,13,22,35,4,11,60,26,101,108,56,164,265
01/26/2007,ILG,DE,AEA,EN,Towers with Radar,4,6,75,3,88,0,0,13,0,13,4,6,88,3,101,146,18,164,265
01/27/2007,ILG,DE,AEA,EN,Towers with Radar,1,8,52,2,63,0,2,115,0,117,1,10,167,2,180,114,0,114,294
01/28/2007,ILG,DE,AEA,EN,Towers with Radar,3,8,61,3,75,0,0,0,0,0,3,8,61,3,75,176,0,176,251
01/29/2007,ILG,DE,AEA,EN,Towers with Radar,4,14,39,9,66,0,0,41,0,41,4,14,80,9,107,96,52,148,255
01/30/2007,ILG,DE,AEA,EN,Towers with Radar,2,18,65,13,98,0,0,58,0,58,2,18,123,13,156,166,32,198,354
01/31/2007,ILG,DE,AEA,EN,Towers with Radar,4,18,39,7,68,1,0,57,6,64,5,18,96,13,132,98,34,132,264
02/01/2007,ILG,DE,AEA,EN,Towers with Radar,3,4,62,15,84,0,0,19,0,19,3,4,81,15,103,106,76,182,285
02/02/2007,ILG,DE,AEA,EN,Towers with Radar,4,10,71,1,86,0,1,42,0,43,4,11,113,1,129,104,0,104,233
02/03/2007,ILG,DE,AEA,EN,Towers with Radar,2,22,72,0,96,0,0,90,0,90,2,22,162,0,186,172,2,174,360
02/04/2007,ILG,DE,AEA,EN,Towers with Radar,3,5,47,0,55,0,0,53,1,54,3,5,100,1,109,180,2,182,291
02/05/2007,ILG,DE,AEA,EN,Towers with Radar,3,15,45,4,67,0,0,0,4,4,3,15,45,8,71,16,0,16,87
02/06/2007,ILG,DE,AEA,EN,Towers with Radar,2,11,80,3,96,0,0,64,10,74,2,11,144,13,170,144,32,176,346
02/07/2007,ILG,DE,AEA,EN,Towers with Radar,4,22,66,8,100,0,0,34,0,34,4,22,100,8,134,106,16,122,256
02/08/2007,ILG,DE,AEA,EN,Towers with Radar,4,10,63,5,82,0,0,46,2,48,4,10,109,7,130,98,2,100,230
02/09/2007,ILG,DE,AEA,EN,Towers with Radar,4,10,46,4,64,0,0,55,7,62,4,10,101,11,126,144,8,152,278
02/10/2007,ILG,DE,AEA,EN,Towers with Radar,2,15,28,2,47,0,0,71,23,94,2,15,99,25,141,94,24,118,259
02/11/2007,ILG,DE,AEA,EN,Towers with Radar,2,9,45,3,59,0,0,101,12,113,2,9,146,15,172,187,16,203,375
02/12/2007,ILG,DE,AEA,EN,Towers with Radar,4,13,65,2,84,0,0,47,0,47,4,13,112,2,131,116,0,116,247
02/13/2007,ILG,DE,AEA,EN,Towers with Radar,2,8,21,2,33,0,0,0,0,0,2,8,21,2,33,2,0,2,35
02/14/2007,ILG,DE,AEA,EN,Towers with Radar,0,4,25,0,29,0,0,0,0,0,0,4,25,0,29,0,0,0,29
02/15/2007,ILG,DE,AEA,EN,Towers with Radar,4,22,48,2,76,0,0,9,0,9,4,22,57,2,85,34,0,34,119
02/16/2007,ILG,DE,AEA,EN,Towers with Radar,4,29,54,3,90,0,4,29,0,33,4,33,83,3,123,24,0,24,147
02/17/2007,ILG,DE,AEA,EN,Towers with Radar,4,12,49,7,72,0,0,48,0,48,4,12,97,7,120,168,68,236,356
02/18/2007,ILG,DE,AEA,EN,Towers with Radar,3,14,41,0,58,0,1,34,0,35,3,15,75,0,93,36,0,36,129
02/19/2007,ILG,DE,AEA,EN,Towers with Radar,3,20,49,0,72,0,0,66,0,66,3,20,115,0,138,106,0,106,244
02/20/2007,ILG,DE,AEA,EN,Towers with Radar,1,11,51,11,74,0,0,41,0,41,1,11,92,11,115,184,40,224,339
02/21/2007,ILG,DE,AEA,EN,Towers with Radar,4,15,70,11,100,0,0,71,10,81,4,15,141,21,181,188,48,236,417
02/22/2007,ILG,DE,AEA,EN,Towers with Radar,2,14,71,12,99,0,0,50,0,50,2,14,121,12,149,150,44,194,343
02/23/2007,ILG,DE,AEA,EN,Towers with Radar,3,14,57,3,77,0,0,74,3,77,3,14,131,6,154,84,10,94,248
02/24/2007,ILG,DE,AEA,EN,Towers with Radar,2,13,46,2,63,0,0,56,1,57,2,13,102,3,120,154,0,154,274
02/25/2007,ILG,DE,AEA,EN,Towers with Radar,3,3,33,1,40,0,0,34,0,34,3,3,67,1,74,60,0,60,134
02/26/2007,ILG,DE,AEA,EN,Towers with Radar,4,13,57,0,74,0,0,10,0,10,4,13,67,0,84,64,0,64,148
02/27/2007,ILG,DE,AEA,EN,Towers with Radar,0,8,72,18,98,0,0,60,0,60,0,8,132,18,158,88,108,196,354
02/28/2007,ILG,DE,AEA,EN,Towers with Radar,5,15,60,4,84,0,0,66,3,69,5,15,126,7,153,156,14,170,323
03/01/2007,ILG,DE,AEA,EN,Towers with Radar,4,24,73,11,112,0,0,66,4,70,4,24,139,15,182,139,46,185,367
03/02/2007,ILG,DE,AEA,EN,Towers with Radar,3,16,47,8,74,0,0,31,0,31,3,16,78,8,105,56,22,78,183
03/03/2007,ILG,DE,AEA,EN,Towers with Radar,4,7,43,9,63,0,0,124,6,130,4,7,167,15,193,190,38,228,421
03/04/2007,ILG,DE,AEA,EN,Towers with Radar,4,13,39,7,63,0,2,55,9,66,4,15,94,16,129,82,44,126,255
03/05/2007,ILG,DE,AEA,EN,Towers with Radar,4,15,47,1,67,0,0,45,0,45,4,15,92,1,112,52,0,52,164
03/06/2007,ILG,DE,AEA,EN,Towers with Radar,3,12,68,2,85,0,0,33,14,47,3,12,101,16,132,86,54,140,272
03/07/2007,ILG,DE,AEA,EN,Towers with Radar,1,1,32,0,34,0,0,0,0,0,1,1,32,0,34,8,0,8,42
03/08/2007,ILG,DE,AEA,EN,Towers with Radar,4,12,61,0,77,0,0,54,5,59,4,12,115,5,136,154,2,156,292
03/09/2007,ILG,DE,AEA,EN,Towers with Radar,5,10,55,11,81,0,0,81,10,91,5,10,136,21,172,170,8,178,350
03/10/2007,ILG,DE,AEA,EN,Towers with Radar,3,8,49,0,60,0,0,65,0,65,3,8,114,0,125,128,0,128,253
03/11/2007,ILG,DE,AEA,EN,Towers with Radar,2,7,42,4,55,0,0,92,0,92,2,7,134,4,147,170,0,170,317
03/12/2007,ILG,DE,AEA,EN,Towers with Radar,4,15,57,5,81,0,0,77,0,77,4,15,134,5,158,162,4,166,324
03/13/2007,ILG,DE,AEA,EN,Towers with Radar,4,8,59,26,97,0,0,58,0,58,4,8,117,26,155,164,54,218,373
03/14/2007,ILG,DE,AEA,EN,Towers with Radar,4,9,54,6,73,0,0,53,8,61,4,9,107,14,134,140,33,173,307
03/15/2007,ILG,DE,AEA,EN,Towers with Radar,4,23,77,14,118,0,0,42,0,42,4,23,119,14,160,108,82,190,350
03/16/2007,ILG,DE,AEA,EN,Towers with Radar,1,11,62,0,74,0,0,7,0,7,1,11,69,0,81,0,0,0,81
03/17/2007,ILG,DE,AEA,EN,Towers with Radar,3,20,64,1,88,0,1,33,0,34,3,21,97,1,122,88,0,88,210
03/18/2007,ILG,DE,AEA,EN,Towers with Radar,3,7,71,2,83,0,1,69,0,70,3,8,140,2,153,137,2,139,292
03/19/2007,ILG,DE,AEA,EN,Towers with Radar,4,7,51,2,64,0,0,83,4,87,4,7,134,6,151,78,4,82,233
03/20/2007,ILG,DE,AEA,EN,Towers with Radar,4,8,82,34,128,0,0,42,0,42,4,8,124,34,170,122,92,214,384
03/21/2007,ILG,DE,AEA,EN,Towers with Radar,4,15,57,24,100,0,0,39,0,39,4,15,96,24,139,158,90,248,387
03/22/2007,ILG,DE,AEA,EN,Towers with Radar,4,12,75,14,105,0,6,53,0,59,4,18,128,14,164,166,106,272,436
03/23/2007,ILG,DE,AEA,EN,Towers with Radar,5,15,75,5,100,0,4,31,0,35,5,19,106,5,135,150,0,150,285
03/24/2007,ILG,DE,AEA,EN,Towers with Radar,3,8,47,0,58,0,0,92,0,92,3,8,139,0,150,126,0,126,276
03/25/2007,ILG,DE,AEA,EN,Towers with Radar,3,11,82,1,97,0,2,99,0,101,3,13,181,1,198,236,0,236,434
03/26/2007,ILG,DE,AEA,EN,Towers with Radar,4,15,70,0,89,0,0,44,0,44,4,15,114,0,133,150,0,150,283
03/27/2007,ILG,DE,AEA,EN,Towers with Radar,4,14,70,21,109,0,0,75,0,75,4,14,145,21,184,232,82,314,498
03/28/2007,ILG,DE,AEA,EN,Towers with Radar,5,8,53,14,80,0,0,43,1,44,5,8,96,15,124,124,74,198,322
03/29/2007,ILG,DE,AEA,EN,Towers with Radar,5,11,64,26,106,0,0,72,1,73,5,11,136,27,179,158,104,262,441
03/30/2007,ILG,DE,AEA,EN,Towers with Radar,4,13,64,1,82,0,8,98,4,110,4,21,162,5,192,314,14,328,520
03/31/2007,ILG,DE,AEA,EN,Towers with Radar,3,22,75,21,121,0,0,75,0,75,3,22,150,21,196,188,96,284,480
04/01/2007,ILG,DE,AEA,EN,Towers with Radar,2,6,35,1,44,0,3,99,2,104,2,9,134,3,148,192,6,198,346
04/02/2007,ILG,DE,AEA,EN,Towers with Radar,4,21,79,3,107,0,0,98,4,102,4,21,177,7,209,102,18,120,329
04/03/2007,ILG,DE,AEA,EN,Towers with Radar,3,14,80,5,102,0,0,64,16,80,3,14,144,21,182,166,28,194,376
04/04/2007,ILG,DE,AEA,EN,Towers with Radar,1,12,67,6,86,0,0,36,0,36,1,12,103,6,122,46,0,46,168
04/05/2007,ILG,DE,AEA,EN,Towers with Radar,4,18,69,23,114,0,0,27,0,27,4,18,96,23,141,160,86,246,387
04/06/2007,ILG,DE,AEA,EN,Towers with Radar,4,15,71,5,95,0,0,26,0,26,4,15,97,5,121,228,18,246,367
04/07/2007,ILG,DE,AEA,EN,Towers with Radar,1,10,42,1,54,0,0,20,0,20,1,10,62,1,74,252,0,252,326
04/08/2007,ILG,DE,AEA,EN,Towers with Radar,1,10,58,1,70,0,0,19,0,19,1,10,77,1,89,300,0,300,389
04/09/2007,ILG,DE,AEA,EN,Towers with Radar,4,20,64,1,89,0,0,105,0,105,4,20,169,1,194,164,10,174,368
04/10/2007,ILG,DE,AEA,EN,Towers with Radar,4,23,75,4,106,0,0,77,16,93,4,23,152,20,199,118,12,130,329
04/11/2007,ILG,DE,AEA,EN,Towers with Radar,3,21,43,14,81,0,0,77,24,101,3,21,120,38,182,158,70,228,410
04/12/2007,ILG,DE,AEA,EN,Towers with Radar,2,27,76,4,109,0,0,20,0,20,2,27,96,4,129,136,36,172,301
04/13/2007,ILG,DE,AEA,EN,Towers with Radar,4,8,25,1,38,0,12,84,21,117,4,20,109,22,155,200,110,310,465
04/14/2007,ILG,DE,AEA,EN,Towers with Radar,3,8,25,1,37,0,7,122,9,138,3,15,147,10,175,216,22,238,413
04/15/2007,ILG,DE,AEA,EN,Towers with Radar,4,8,25,1,38,0,0,0,0,0,4,8,25,1,38,0,0,0,38
04/16/2007,ILG,DE,AEA,EN,Towers with Radar,4,9,50,2,65,0,0,0,0,0,4,9,50,2,65,14,0,14,79
04/17/2007,ILG,DE,AEA,EN,Towers with Radar,5,20,88,12,125,0,0,8,0,8,5,20,96,12,133,123,78,201,334
04/18/2007,ILG,DE,AEA,EN,Towers with Radar,3,36,64,8,111,0,0,58,0,58,3,36,122,8,169,238,70,308,477
04/19/2007,ILG,DE,AEA,EN,Towers with Radar,3,25,91,15,134,0,0,33,0,33,3,25,124,15,167,162,92,254,421
04/20/2007,ILG,DE,AEA,EN,Towers with Radar,3,8,85,8,104,0,1,81,0,82,3,9,166,8,186,216,44,260,446
04/21/2007,ILG,DE,AEA,EN,Towers with Radar,3,11,44,6,64,0,0,103,1,104,3,11,147,7,168,238,10,248,416
04/22/2007,ILG,DE,AEA,EN,Towers with Radar,3,5,38,0,46,0,4,57,0,61,3,9,95,0,107,246,0,246,353
04/23/2007,ILG,DE,AEA,EN,Towers with Radar,3,21,63,5,92,0,0,46,0,46,3,21,109,5,138,228,14,242,380
04/24/2007,ILG,DE,AEA,EN,Towers with Radar,4,24,58,23,109,0,0,82,5,87,4,24,140,28,196,172,54,226,422
04/25/2007,ILG,DE,AEA,EN,Towers with Radar,4,8,72,5,89,0,0,59,7,66,4,8,131,12,155,228,32,260,415
04/26/2007,ILG,DE,AEA,EN,Towers with Radar,7,27,77,14,125,0,0,43,0,43,7,27,120,14,168,190,96,286,454
04/27/2007,ILG,DE,AEA,EN,Towers with Radar,4,33,97,6,140,0,0,0,0,0,4,33,97,6,140,18,46,64,204
04/28/2007,ILG,DE,AEA,EN,Towers with Radar,3,12,59,3,77,0,0,122,5,127,3,12,181,8,204,256,0,256,460
04/29/2007,ILG,DE,AEA,EN,Towers with Radar,3,18,82,0,103,0,0,100,0,100,3,18,182,0,203,242,0,242,445
04/30/2007,ILG,DE,AEA,EN,Towers with Radar,4,24,105,0,133,0,0,79,8,87,4,24,184,8,220,230,22,252,472
05/01/2007,ILG,DE,AEA,EN,Towers with Radar,4,18,78,5,105,0,1,97,17,115,4,19,175,22,220,196,72,268,488
05/02/2007,ILG,DE,AEA,EN,Towers with Radar,4,18,69,11,102,0,0,58,0,58,4,18,127,11,160,220,72,292,452
05/03/2007,ILG,DE,AEA,EN,Towers with Radar,4,23,76,10,113,0,0,68,0,68,4,23,144,10,181,194,58,252,433
05/04/2007,ILG,DE,AEA,EN,Towers with Radar,5,10,77,3,95,0,0,114,8,122,5,10,191,11,217,242,22,264,481
05/05/2007,ILG,DE,AEA,EN,Towers with Radar,3,8,60,6,77,2,0,101,0,103,5,8,161,6,180,212,22,234,414
05/06/2007,ILG,DE,AEA,EN,Towers with Radar,3,14,53,4,74,0,1,45,4,50,3,15,98,8,124,98,8,106,230
05/07/2007,ILG,DE,AEA,EN,Towers with Radar,3,23,78,3,107,0,1,94,4,99,3,24,172,7,206,214,4,218,424
05/08/2007,ILG,DE,AEA,EN,Towers with Radar,3,18,73,2,96,0,1,91,11,103,3,19,164,13,199,188,54,242,441
05/09/2007,ILG,DE,AEA,EN,Towers with Radar,4,29,70,4,107,0,0,28,0,28,4,29,98,4,135,206,16,222,357
05/10/2007,ILG,DE,AEA,EN,Towers with Radar,4,37,81,11,133,4,0,35,0,39,8,37,116,11,172,178,76,254,426
05/11/2007,ILG,DE,AEA,EN,Towers with Radar,2,26,93,9,130,0,1,67,0,68,2,27,160,9,198,202,56,258,456
05/12/2007,ILG,DE,AEA,EN,Towers with Radar,2,11,84,2,99,0,0,103,1,104,2,11,187,3,203,212,14,226,429
05/13/2007,ILG,DE,AEA,EN,Towers with Radar,2,6,75,0,83,0,0,71,4,75,2,6,146,4,158,169,14,183,341
05/14/2007,ILG,DE,AEA,EN,Towers with Radar,4,17,60,4,85,0,0,77,11,88,4,17,137,15,173,222,32,254,427
05/15/2007,ILG,DE,AEA,EN,Towers with Radar,4,14,85,10,113,0,1,78,0,79,4,15,163,10,192,182,72,254,446
05/16/2007,ILG,DE,AEA,EN,Towers with Radar,2,23,75,3,103,0,0,49,0,49,2,23,124,3,152,188,82,270,422
05/17/2007,ILG,DE,AEA,EN,Towers with Radar,4,13,80,5,102,0,6,60,5,71,4,19,140,10,173,230,48,278,451
05/18/2007,ILG,DE,AEA,EN,Towers with Radar,3,16,83,5,107,0,0,56,7,63,3,16,139,12,170,176,38,214,384
05/19/2007,ILG,DE,AEA,EN,Towers with Radar,3,6,79,5,93,0,1,92,0,93,3,7,171,5,186,220,0,220,406
05/20/2007,ILG,DE,AEA,EN,Towers with Radar,2,7,62,0,71,0,0,72,5,77,2,7,134,5,148,168,18,186,334
05/21/2007,ILG,DE,AEA,EN,Towers with Radar,3,11,91,0,105,0,0,96,8,104,3,11,187,8,209,206,26,232,441
05/22/2007,ILG,DE,AEA,EN,Towers with Radar,4,20,101,14,139,0,1,57,0,58,4,21,158,14,197,220,70,290,487
05/23/2007,ILG,DE,AEA,EN,Towers with Radar,5,16,78,19,118,0,1,62,0,63,5,17,140,19,181,178,98,276,457
05/24/2007,ILG,DE,AEA,EN,Towers with Radar,4,5,89,10,108,0,0,54,0,54,4,5,143,10,162,226,60,286,448
05/25/2007,ILG,DE,AEA,EN,Towers with Radar,4,20,108,13,145,0,0,75,0,75,4,20,183,13,220,218,54,272,492
05/26/2007,ILG,DE,AEA,EN,Towers with Radar,3,9,74,1,87,0,0,92,0,92,3,9,166,1,179,226,8,234,413
05/27/2007,ILG,DE,AEA,EN,Towers with Radar,2,2,52,0,56,0,0,47,0,47,2,2,99,0,103,88,0,88,191
05/28/2007,ILG,DE,AEA,EN,Towers with Radar,4,9,54,0,67,0,0,84,0,84,4,9,138,0,151,168,0,168,319
05/29/2007,ILG,DE,AEA,EN,Towers with Radar,4,18,71,15,108,0,0,66,6,72,4,18,137,21,180,198,69,267,447
05/30/2007,ILG,DE,AEA,EN,Towers with Radar,3,22,55,22,102,0,1,88,0,89,3,23,143,22,191,158,114,272,463
05/31/2007,ILG,DE,AEA,EN,Towers with Radar,4,28,105,8,145,0,0,66,6,72,4,28,171,14,217,204,30,234,451
06/01/2007,ILG,DE,AEA,EN,Towers with Radar,3,14,69,1,87,0,1,71,0,72,3,15,140,1,159,200,0,200,359
06/02/2007,ILG,DE,AEA,EN,Towers with Radar,2,2,50,6,60,0,0,74,4,78,2,2,124,10,138,135,6,141,279
06/03/2007,ILG,DE,AEA,EN,Towers with Radar,3,5,64,1,73,0,0,49,3,52,3,5,113,4,125,106,0,106,231
06/04/2007,ILG,DE,AEA,EN,Towers with Radar,3,18,95,0,116,0,0,52,0,52,3,18,147,0,168,119,0,119,287
06/05/2007,ILG,DE,AEA,EN,Towers with Radar,4,15,85,33,137,0,1,47,2,50,4,16,132,35,187,178,66,244,431
06/06/2007,ILG,DE,AEA,EN,Towers with Radar,4,21,92,19,136,0,0,50,0,50,4,21,142,19,186,184,88,272,458
06/07/2007,ILG,DE,AEA,EN,Towers with Radar,4,19,76,19,118,0,0,75,0,75,4,19,151,19,193,210,72,282,475
06/08/2007,ILG,DE,AEA,EN,Towers with Radar,2,22,68,23,115,0,0,46,12,58,2,22,114,35,173,182,100,282,455
06/09/2007,ILG,DE,AEA,EN,Towers with Radar,3,20,47,3,73,0,0,58,6,64,3,20,105,9,137,146,24,170,307
06/10/2007,ILG,DE,AEA,EN,Towers with Radar,3,17,46,13,79,0,0,95,6,101,3,17,141,19,180,178,24,202,382
06/11/2007,ILG,DE,AEA,EN,Towers with Radar,2,15,80,2,99,0,0,41,5,46,2,15,121,7,145,136,18,154,299
06/12/2007,ILG,DE,AEA,EN,Towers with Radar,0,9,68,8,85,0,0,64,0,64,0,9,132,8,149,142,54,196,345
06/13/2007,ILG,DE,AEA,EN,Towers with Radar,2,17,90,14,123,0,0,46,4,50,2,17,136,18,173,98,90,188,361
06/14/2007,ILG,DE,AEA,EN,Towers with Radar,4,15,57,4,80,0,0,66,27,93,4,15,123,31,173,214,54,268,441
06/15/2007,ILG,DE,AEA,EN,Towers with Radar,2,10,55,1,68,0,4,94,11,109,2,14,149,12,177,178,54,232,409
06/16/2007,ILG,DE,AEA,EN,Towers with Radar,4,6,54,2,66,0,0,93,0,93,4,6,147,2,159,244,18,262,421
06/17/2007,ILG,DE,AEA,EN,Towers with Radar,4,10,55,1,70,0,0,67,2,69,4,10,122,3,139,234,14,248,387
06/18/2007,ILG,DE,AEA,EN,Towers with Radar,3,18,53,0,74,0,0,57,2,59,3,18,110,2,133,130,12,142,275
06/19/2007,ILG,DE,AEA,EN,Towers with Radar,3,26,78,16,123,0,1,56,1,58,3,27,134,17,181,184,86,270,451
06/20/2007,ILG,DE,AEA,EN,Towers with Radar,1,12,81,23,117,0,0,35,0,35,1,12,116,23,152,160,96,256,408
06/21/2007,ILG,DE,AEA,EN,Towers with Radar,1,18,86,15,120,0,0,82,1,83,1,18,168,16,203,276,6,282,485
06/22/2007,ILG,DE,AEA,EN,Towers with Radar,4,17,49,16,86,0,0,72,0,72,4,17,121,16,158,222,58,280,438
06/23/2007,ILG,DE,AEA,EN,Towers with Radar,4,7,67,0,78,0,0,71,4,75,4,7,138,4,153,264,12,276,429
06/24/2007,ILG,DE,AEA,EN,Towers with Radar,4,10,55,2,71,0,0,50,0,50,4,10,105,2,121,282,10,292,413
06/25/2007,ILG,DE,AEA,EN,Towers with Radar,5,11,74,0,90,0,0,34,16,50,5,11,108,16,140,170,78,248,388
06/26/2007,ILG,DE,AEA,EN,Towers with Radar,4,9,68,27,108,0,0,52,23,75,4,9,120,50,183,142,96,238,421
06/27/2007,ILG,DE,AEA,EN,Towers with Radar,4,19,43,19,85,0,0,43,0,43,4,19,86,19,128,160,96,256,384
06/28/2007,ILG,DE,AEA,EN,Towers with Radar,4,12,68,14,98,0,0,40,0,40,4,12,108,14,138,184,66,250,388
06/29/2007,ILG,DE,AEA,EN,Towers with Radar,4,17,72,1,94,0,0,67,5,72,4,17,139,6,166,212,62,274,440
06/30/2007,ILG,DE,AEA,EN,Towers with Radar,4,18,72,0,94,0,0,50,2,52,4,18,122,2,146,262,26,288,434
07/01/2007,ILG,DE,AEA,EN,Towers with Radar,4,18,67,1,90,0,0,101,0,101,4,18,168,1,191,236,0,236,427
07/02/2007,ILG,DE,AEA,EN,Towers with Radar,2,19,56,0,77,0,1,83,0,84,2,20,139,0,161,254,0,254,415
07/03/2007,ILG,DE,AEA,EN,Towers with Radar,4,17,41,10,72,0,1,39,4,44,4,18,80,14,116,242,30,272,388
07/04/2007,ILG,DE,AEA,EN,Towers with Radar,4,4,10,2,20,0,0,30,1,31,4,4,40,3,51,212,0,212,263
07/05/2007,ILG,DE,AEA,EN,Towers with Radar,2,9,47,9,67,0,0,46,1,47,2,9,93,10,114,210,98,308,422
07/06/2007,ILG,DE,AEA,EN,Towers with Radar,4,18,49,13,84,0,0,40,0,40,4,18,89,13,124,212,46,258,382
07/07/2007,ILG,DE,AEA,EN,Towers with Radar,4,6,45,2,57,0,0,70,3,73,4,6,115,5,130,244,4,248,378
07/08/2007,ILG,DE,AEA,EN,Towers with Radar,4,8,78,2,92,0,0,19,0,19,4,8,97,2,111,242,0,242,353
07/09/2007,ILG,DE,AEA,EN,Towers with Radar,4,18,65,5,92,0,0,26,0,26,4,18,91,5,118,188,40,228,346
07/10/2007,ILG,DE,AEA,EN,Towers with Radar,4,24,55,14,97,0,0,16,0,16,4,24,71,14,113,168,54,222,335
07/11/2007,ILG,DE,AEA,EN,Towers with Radar,2,14,46,7,69,0,0,7,16,23,2,14,53,23,92,94,98,192,284
07/12/2007,ILG,DE,AEA,EN,Towers with Radar,2,25,83,0,110,0,0,67,14,81,2,25,150,14,191,212,44,256,447
07/13/2007,ILG,DE,AEA,EN,Towers with Radar,4,30,79,5,118,0,2,95,5,102,4,32,174,10,220,216,30,246,466
07/14/2007,ILG,DE,AEA,EN,Towers with Radar,3,20,52,2,77,0,0,86,8,94,3,20,138,10,171,180,30,210,381
07/15/2007,ILG,DE,AEA,EN,Towers with Radar,3,11,75,0,89,0,3,53,10,66,3,14,128,10,155,172,72,244,399
07/16/2007,ILG,DE,AEA,EN,Towers with Radar,4,26,67,3,100,0,1,83,0,84,4,27,150,3,184,160,28,188,372
07/17/2007,ILG,DE,AEA,EN,Towers with Radar,4,13,69,23,109,0,0,54,0,54,4,13,123,23,163,208,70,278,441
07/18/2007,ILG,DE,AEA,EN,Towers with Radar,2,15,80,10,107,0,0,0,13,13,2,15,80,23,120,152,70,222,342
07/19/2007,ILG,DE,AEA,EN,Towers with Radar,2,10,69,7,88,0,0,48,21,69,2,10,117,28,157,96,44,140,297
07/20/2007,ILG,DE,AEA,EN,Towers with Radar,4,8,64,4,80,0,0,54,16,70,4,8,118,20,150,232,30,262,412
07/21/2007,ILG,DE,AEA,EN,Towers with Radar,3,12,50,0,65,0,0,77,5,82,3,12,127,5,147,234,20,254,401
07/22/2007,ILG,DE,AEA,EN,Towers with Radar,3,8,55,0,66,0,0,110,8,118,3,8,165,8,184,196,28,224,408
07/23/2007,ILG,DE,AEA,EN,Towers with Radar,3,14,65,2,84,0,0,66,10,76,3,14,131,12,160,168,32,200,360
07/24/2007,ILG,DE,AEA,EN,Towers with Radar,3,17,71,18,109,0,0,56,0,56,3,17,127,18,165,184,44,228,393
07/25/2007,ILG,DE,AEA,EN,Towers with Radar,4,21,89,1,115,0,0,58,10,68,4,21,147,11,183,192,34,226,409
07/26/2007,ILG,DE,AEA,EN,Towers with Radar,4,19,66,0,89,0,0,80,9,89,4,19,146,9,178,166,42,208,386
07/27/2007,ILG,DE,AEA,EN,Towers with Radar,2,25,71,0,98,0,0,62,8,70,2,25,133,8,168,190,36,226,394
07/28/2007,ILG,DE,AEA,EN,Towers with Radar,2,24,61,2,89,0,0,78,9,87,2,24,139,11,176,184,32,216,392
07/29/2007,ILG,DE,AEA,EN,Towers with Radar,3,22,65,6,96,0,0,79,7,86,3,22,144,13,182,192,24,216,398
07/30/2007,ILG,DE,AEA,EN,Towers with Radar,3,13,69,2,87,0,0,70,8,78,3,13,139,10,165,160,34,194,359
07/31/2007,ILG,DE,AEA,EN,Towers with Radar,3,23,93,14,133,0,0,55,2,57,3,23,148,16,190,144,58,202,392
08/01/2007,ILG,DE,AEA,EN,Towers with Radar,3,25,70,19,117,0,0,72,5,77,3,25,142,24,194,205,66,271,465
08/02/2007,ILG,DE,AEA,EN,Towers with Radar,0,15,75,11,101,0,0,97,16,113,0,15,172,27,214,226,53,279,493
08/03/2007,ILG,DE,AEA,EN,Towers with Radar,3,15,62,17,97,0,2,78,0,80,3,17,140,17,177,224,78,302,479
08/04/2007,ILG,DE,AEA,EN,Towers with Radar,1,10,79,1,91,0,0,45,13,58,1,10,124,14,149,222,21,243,392
08/05/2007,ILG,DE,AEA,EN,Towers with Radar,1,18,83,3,105,0,0,75,7,82,1,18,158,10,187,234,12,246,433
08/06/2007,ILG,DE,AEA,EN,Towers with Radar,3,6,53,2,64,0,4,72,14,90,3,10,125,16,154,198,14,212,366
08/07/2007,ILG,DE,AEA,EN,Towers with Radar,3,10,62,3,78,0,0,82,8,90,3,10,144,11,168,218,20,238,406
08/08/2007,ILG,DE,AEA,EN,Towers with Radar,4,18,68,21,111,0,0,58,0,58,4,18,126,21,169,174,112,286,455
08/09/2007,ILG,DE,AEA,EN,Towers with Radar,2,19,67,20,108,0,0,58,0,58,2,19,125,20,166,183,126,309,475
08/10/2007,ILG,DE,AEA,EN,Towers with Radar,3,17,98,8,126,0,0,50,0,50,3,17,148,8,176,206,34,240,416
08/11/2007,ILG,DE,AEA,EN,Towers with Radar,2,7,54,0,63,0,2,105,18,125,2,9,159,18,188,208,22,230,418
08/12/2007,ILG,DE,AEA,EN,Towers with Radar,4,11,57,0,72,0,0,64,0,64,4,11,121,0,136,195,0,195,331
08/13/2007,ILG,DE,AEA,EN,Towers with Radar,3,24,80,4,111,0,0,75,6,81,3,24,155,10,192,238,24,262,454
08/14/2007,ILG,DE,AEA,EN,Towers with Radar,3,9,87,1,100,0,0,52,16,68,3,9,139,17,168,181,64,245,413
08/15/2007,ILG,DE,AEA,EN,Towers with Radar,4,12,67,4,87,0,0,56,15,71,4,12,123,19,158,193,58,251,409
08/16/2007,ILG,DE,AEA,EN,Towers with Radar,3,25,75,6,109,0,5,53,10,68,3,30,128,16,177,204,44,248,425
08/17/2007,ILG,DE,AEA,EN,Towers with Radar,4,21,103,3,131,0,3,45,11,59,4,24,148,14,190,222,66,288,478
08/18/2007,ILG,DE,AEA,EN,Towers with Radar,5,17,82,13,117,0,0,88,0,88,5,17,170,13,205,210,32,242,447
08/19/2007,ILG,DE,AEA,EN,Towers with Radar,4,12,66,1,83,0,0,66,0,66,4,12,132,1,149,150,0,150,299
08/20/2007,ILG,DE,AEA,EN,Towers with Radar,4,14,37,0,55,0,0,0,0,0,4,14,37,0,55,132,0,132,187
08/21/2007,ILG,DE,AEA,EN,Towers with Radar,1,25,40,4,70,0,0,0,0,0,1,25,40,4,70,26,24,50,120
08/22/2007,ILG,DE,AEA,EN,Towers with Radar,2,19,68,13,102,0,0,0,0,0,2,19,68,13,102,60,94,154,256
08/23/2007,ILG,DE,AEA,EN,Towers with Radar,4,23,113,35,175,0,0,0,0,0,4,23,113,35,175,172,96,268,443
08/24/2007,ILG,DE,AEA,EN,Towers with Radar,3,19,111,18,151,0,0,44,1,45,3,19,155,19,196,147,56,203,399
08/25/2007,ILG,DE,AEA,EN,Towers with Radar,2,7,70,1,80,0,0,50,0,50,2,7,120,1,130,182,0,182,312
08/26/2007,ILG,DE,AEA,EN,Towers with Radar,3,11,71,1,86,0,0,63,0,63,3,11,134,1,149,244,0,244,393
08/27/2007,ILG,DE,AEA,EN,Towers with Radar,3,9,62,0,74,0,2,61,8,71,3,11,123,8,145,182,30,212,357
08/28/2007,ILG,DE,AEA,EN,Towers with Radar,2,10,72,7,91,0,0,85,14,99,2,10,157,21,190,229,51,280,470
08/29/2007,ILG,DE,AEA,EN,Towers with Radar,3,16,70,0,89,0,0,76,3,79,3,16,146,3,168,204,10,214,382
08/30/2007,ILG,DE,AEA,EN,Towers with Radar,2,23,61,0,86,0,0,85,5,90,2,23,146,5,176,171,18,189,365
08/31/2007,ILG,DE,AEA,EN,Towers with Radar,3,17,81,7,108,0,0,77,0,77,3,17,158,7,185,166,26,192,377
09/01/2007,ILG,DE,AEA,EN,Towers with Radar,3,4,52,1,60,0,20,71,2,93,3,24,123,3,153,246,8,254,407
09/02/2007,ILG,DE,AEA,EN,Towers with Radar,2,8,56,1,67,0,0,91,0,91,2,8,147,1,158,184,0,184,342
09/03/2007,ILG,DE,AEA,EN,Towers with Radar,3,3,48,0,54,0,1,103,3,107,3,4,151,3,161,210,26,236,397
09/04/2007,ILG,DE,AEA,EN,Towers with Radar,3,5,58,4,70,0,0,56,13,69,3,5,114,17,139,176,96,272,411
09/05/2007,ILG,DE,AEA,EN,Towers with Radar,2,19,92,34,147,0,0,43,0,43,2,19,135,34,190,176,122,298,488
09/06/2007,ILG,DE,AEA,EN,Towers with Radar,1,10,81,6,98,0,0,66,25,91,1,10,147,31,189,124,74,198,387
09/07/2007,ILG,DE,AEA,EN,Towers with Radar,0,23,79,20,122,0,5,51,0,56,0,28,130,20,178,226,90,316,494
09/08/2007,ILG,DE,AEA,EN,Towers with Radar,0,21,55,1,77,0,2,124,24,150,0,23,179,25,227,250,20,270,497
09/09/2007,ILG,DE,AEA,EN,Towers with Radar,0,19,72,20,111,0,0,91,0,91,0,19,163,20,202,210,70,280,482
09/10/2007,ILG,DE,AEA,EN,Towers with Radar,0,13,66,1,80,0,0,47,11,58,0,13,113,12,138,152,24,176,314
09/11/2007,ILG,DE,AEA,EN,Towers with Radar,0,21,68,15,104,0,0,28,0,28,0,21,96,15,132,100,78,178,310
09/12/2007,ILG,DE,AEA,EN,Towers with Radar,0,9,67,13,89,0,0,72,13,85,0,9,139,26,174,220,64,284,458
09/13/2007,ILG,DE,AEA,EN,Towers with Radar,0,15,76,2,93,0,0,66,14,80,0,15,142,16,173,229,32,261,434
09/14/2007,ILG,DE,AEA,EN,Towers with Radar,0,18,66,5,89,0,0,68,23,91,0,18,134,28,180,222,40,262,442
09/15/2007,ILG,DE,AEA,EN,Towers with Radar,0,11,56,7,74,0,4,56,23,83,0,15,112,30,157,150,40,190,347
09/16/2007,ILG,DE,AEA,EN,Towers with Radar,0,9,63,2,74,0,5,97,7,109,0,14,160,9,183,184,22,206,389
09/17/2007,ILG,DE,AEA,EN,Towers with Radar,0,18,72,2,92,0,1,54,0,55,0,19,126,2,147,133,0,133,280
09/18/2007,ILG,DE,AEA,EN,Towers with Radar,0,19,68,13,100,1,0,45,11,57,1,19,113,24,157,212,72,284,441
09/19/2007,ILG,DE,AEA,EN,Towers with Radar,0,7,68,4,79,0,0,93,13,106,0,7,161,17,185,217,32,249,434
09/20/2007,ILG,DE,AEA,EN,Towers with Radar,0,22,81,4,107,0,1,102,19,122,0,23,183,23,229,178,80,258,487
09/21/2007,ILG,DE,AEA,EN,Towers with Radar,0,15,76,2,93,0,0,70,4,74,0,15,146,6,167,208,10,218,385
09/22/2007,ILG,DE,AEA,EN,Towers with Radar,0,7,65,0,72,0,0,5,2,7,0,7,70,2,79,185,4,189,268
09/23/2007,ILG,DE,AEA,EN,Towers with Radar,0,14,47,1,62,0,0,115,6,121,0,14,162,7,183,205,4,209,392
09/24/2007,ILG,DE,AEA,EN,Towers with Radar,0,8,59,1,68,0,0,73,4,77,0,8,132,5,145,244,16,260,405
09/25/2007,ILG,DE,AEA,EN,Towers with Radar,0,23,54,15,92,0,0,66,4,70,0,23,120,19,162,268,38,306,468
09/26/2007,ILG,DE,AEA,EN,Towers with Radar,0,23,73,29,125,0,0,38,0,38,0,23,111,29,163,168,158,326,489
09/27/2007,ILG,DE,AEA,EN,Towers with Radar,0,13,80,0,93,0,0,65,11,76,0,13,145,11,169,171,24,195,364
09/28/2007,ILG,DE,AEA,EN,Towers with Radar,0,21,63,0,84,0,0,65,10,75,0,21,128,10,159,233,14,247,406
09/29/2007,ILG,DE,AEA,EN,Towers with Radar,0,24,52,0,76,0,0,95,8,103,0,24,147,8,179,236,22,258,437
09/30/2007,ILG,DE,AEA,EN,Towers with Radar,0,21,68,1,90,0,0,101,6,107,0,21,169,7,197,208,14,222,419
10/01/2007,ILG,DE,AEA,EN,Towers with Radar,0,19,75,2,96,0,0,87,3,90,0,19,162,5,186,125,0,125,311
10/02/2007,ILG,DE,AEA,EN,Towers with Radar,0,17,71,8,96,0,2,59,18,79,0,19,130,26,175,112,90,202,377
10/03/2007,ILG,DE,AEA,EN,Towers with Radar,1,7,57,19,84,0,0,37,6,43,1,7,94,25,127,64,70,134,261
10/04/2007,ILG,DE,AEA,EN,Towers with Radar,0,9,83,8,100,0,0,28,0,28,0,9,111,8,128,97,15,112,240
10/05/2007,ILG,DE,AEA,EN,Towers with Radar,0,15,76,0,91,0,0,13,0,13,0,15,89,0,104,46,0,46,150
10/06/2007,ILG,DE,AEA,EN,Towers with Radar,0,20,98,0,118,0,0,38,3,41,0,20,136,3,159,132,2,134,293
10/07/2007,ILG,DE,AEA,EN,Towers with Radar,1,13,70,2,86,0,0,71,3,74,1,13,141,5,160,118,6,124,284
10/08/2007,ILG,DE,AEA,EN,Towers with Radar,0,19,58,0,77,0,0,82,0,82,0,19,140,0,159,136,0,136,295
10/09/2007,ILG,DE,AEA,EN,Towers with Radar,0,17,68,0,85,0,0,54,3,57,0,17,122,3,142,110,10,120,262
10/10/2007,ILG,DE,AEA,EN,Towers with Radar,0,20,75,17,112,0,0,50,0,50,0,20,125,17,162,110,104,214,376
10/11/2007,ILG,DE,AEA,EN,Towers with Radar,0,17,89,12,118,0,0,55,0,55,0,17,144,12,173,102,15,117,290
10/12/2007,ILG,DE,AEA,EN,Towers with Radar,0,18,70,1,89,0,5,86,8,99,0,23,156,9,188,105,1,106,294
10/13/2007,ILG,DE,AEA,EN,Towers with Radar,0,18,38,6,62,0,0,129,13,142,0,18,167,19,204,146,12,158,362
10/14/2007,ILG,DE,AEA,EN,Towers with Radar,0,8,73,3,84,0,0,97,9,106,0,8,170,12,190,136,15,151,341
10/15/2007,ILG,DE,AEA,EN,Towers with Radar,0,13,53,2,68,0,2,81,4,87,0,15,134,6,155,119,19,138,293
10/16/2007,ILG,DE,AEA,EN,Towers with Radar,0,12,84,14,110,0,2,48,8,58,0,14,132,22,168,141,69,210,378
10/17/2007,ILG,DE,AEA,EN,Towers with Radar,0,21,73,19,113,0,2,44,0,46,0,23,117,19,159,117,76,193,352
10/18/2007,ILG,DE,AEA,EN,Towers with Radar,0,15,80,24,119,0,0,52,1,53,0,15,132,25,172,119,75,194,366
10/19/2007,ILG,DE,AEA,EN,Towers with Radar,0,13,56,4,73,0,0,0,18,18,0,13,56,22,91,69,35,104,195
10/20/2007,ILG,DE,AEA,EN,Towers with Radar,0,10,65,0,75,0,1,68,0,69,0,11,133,0,144,156,0,156,300
10/21/2007,ILG,DE,AEA,EN,Towers with Radar,2,6,67,5,80,0,1,74,0,75,2,7,141,5,155,140,0,140,295
10/22/2007,ILG,DE,AEA,EN,Towers with Radar,0,8,72,20,100,0,0,32,0,32,0,8,104,20,132,109,71,180,312
10/23/2007,ILG,DE,AEA,EN,Towers with Radar,0,9,49,1,59,0,4,60,0,64,0,13,109,1,123,121,53,174,297
10/24/2007,ILG,DE,AEA,EN,Towers with Radar,0,10,73,0,83,0,0,0,0,0,0,10,73,0,83,24,0,24,107
10/25/2007,ILG,DE,AEA,EN,Towers with Radar,0,13,75,12,100,0,0,0,0,0,0,13,75,12,100,31,79,110,210
10/26/2007,ILG,DE,AEA,EN,Towers with Radar,0,10,57,0,67,0,0,0,0,0,0,10,57,0,67,0,0,0,67
10/27/2007,ILG,DE,AEA,EN,Towers with Radar,0,7,77,0,84,0,0,72,0,72,0,7,149,0,156,104,0,104,260
10/28/2007,ILG,DE,AEA,EN,Towers with Radar,0,7,78,0,85,0,1,66,0,67,0,8,144,0,152,112,0,112,264
10/29/2007,ILG,DE,AEA,EN,Towers with Radar,0,20,66,0,86,0,0,80,5,85,0,20,146,5,171,95,21,116,287
10/30/2007,ILG,DE,AEA,EN,Towers with Radar,0,13,75,6,94,0,0,68,24,92,0,13,143,30,186,104,60,164,350
10/31/2007,ILG,DE,AEA,EN,Towers with Radar,0,21,77,5,103,0,0,42,4,46,0,21,119,9,149,138,6,144,293
11/01/2007,ILG,DE,AEA,EN,Towers with Radar,0,23,78,3,104,0,0,54,19,73,0,23,132,22,177,113,49,162,339
11/02/2007,ILG,DE,AEA,EN,Towers with Radar,0,13,82,16,111,0,4,69,22,95,0,17,151,38,206,149,73,222,428
11/03/2007,ILG,DE,AEA,EN,Towers with Radar,0,15,57,23,95,0,3,59,14,76,0,18,116,37,171,89,63,152,323
11/04/2007,ILG,DE,AEA,EN,Towers with Radar,0,8,59,1,68,0,4,113,18,135,0,12,172,19,203,98,22,120,323
11/05/2007,ILG,DE,AEA,EN,Towers with Radar,0,16,68,5,89,0,5,88,0,93,0,21,156,5,182,124,0,124,306
11/06/2007,ILG,DE,AEA,EN,Towers with Radar,0,26,86,18,130,0,0,60,0,60,0,26,146,18,190,114,112,226,416
11/07/2007,ILG,DE,AEA,EN,Towers with Radar,0,19,74,27,120,0,0,42,0,42,0,19,116,27,162,99,118,217,379
11/08/2007,ILG,DE,AEA,EN,Towers with Radar,0,13,77,18,108,0,0,56,0,56,0,13,133,18,164,146,86,232,396
11/09/2007,ILG,DE,AEA,EN,Towers with Radar,0,15,90,0,105,0,4,36,8,48,0,19,126,8,153,128,48,176,329
11/10/2007,ILG,DE,AEA,EN,Towers with Radar,0,12,79,0,91,0,0,0,3,3,0,12,79,3,94,159,31,190,284
11/11/2007,ILG,DE,AEA,EN,Towers with Radar,0,10,58,0,68,0,12,73,4,89,0,22,131,4,157,143,0,143,300
11/12/2007,ILG,DE,AEA,EN,Towers with Radar,0,5,92,2,99,0,0,50,0,50,0,5,142,2,149,101,0,101,250
11/13/2007,ILG,DE,AEA,EN,Towers with Radar,0,30,61,8,99,0,1,51,8,60,0,31,112,16,159,113,44,157,316
11/14/2007,ILG,DE,AEA,EN,Towers with Radar,0,25,109,2,136,0,0,2,0,2,0,25,111,2,138,51,9,60,198
11/15/2007,ILG,DE,AEA,EN,Towers with Radar,0,12,80,0,92,0,0,12,0,12,0,12,92,0,104,46,0,46,150
11/16/2007,ILG,DE,AEA,EN,Towers with Radar,0,22,70,19,111,0,0,45,2,47,0,22,115,21,158,155,57,212,370
11/17/2007,ILG,DE,AEA,EN,Towers with Radar,0,33,93,0,126,0,0,135,0,135,0,33,228,0,261,125,0,125,386
11/18/2007,ILG,DE,AEA,EN,Towers with Radar,0,14,63,2,79,0,0,41,1,42,0,14,104,3,121,88,0,88,209
11/19/2007,ILG,DE,AEA,EN,Towers with Radar,4,24,72,11,111,0,0,27,5,32,4,24,99,16,143,64,18,82,225
11/20/2007,ILG,DE,AEA,EN,Towers with Radar,0,19,61,27,107,0,0,0,17,17,0,19,61,44,124,34,71,105,229
11/21/2007,ILG,DE,AEA,EN,Towers with Radar,0,23,85,6,114,0,0,77,0,77,0,23,162,6,191,160,16,176,367
11/22/2007,ILG,DE,AEA,EN,Towers with Radar,0,5,40,0,45,0,0,55,0,55,0,5,95,0,100,66,0,66,166
11/23/2007,ILG,DE,AEA,EN,Towers with Radar,0,9,53,0,62,0,0,65,0,65,0,9,118,0,127,204,0,204,331
11/24/2007,ILG,DE,AEA,EN,Towers with Radar,0,28,68,0,96,0,0,139,0,139,0,28,207,0,235,152,0,152,387
11/25/2007,ILG,DE,AEA,EN,Towers with Radar,0,14,66,0,80,0,3,144,2,149,0,17,210,2,229,160,0,160,389
11/26/2007,ILG,DE,AEA,EN,Towers with Radar,0,7,44,0,51,0,0,0,0,0,0,7,44,0,51,18,0,18,69
11/27/2007,ILG,DE,AEA,EN,Towers with Radar,0,17,84,20,121,0,1,88,0,89,0,18,172,20,210,96,98,194,404
11/28/2007,ILG,DE,AEA,EN,Towers with Radar,0,11,55,28,94,0,0,64,0,64,0,11,119,28,158,132,92,224,382
11/29/2007,ILG,DE,AEA,EN,Towers with Radar,0,27,95,17,139,0,0,68,0,68,0,27,163,17,207,146,56,202,409
11/30/2007,ILG,DE,AEA,EN,Towers with Radar,2,13,86,2,103,0,0,112,5,117,2,13,198,7,220,164,2,166,386
12/01/2007,ILG,DE,AEA,EN,Towers with Radar,2,7,63,8,80,0,0,81,3,84,2,7,144,11,164,121,43,164,328
12/02/2007,ILG,DE,AEA,EN,Towers with Radar,0,17,66,6,89,0,0,72,15,87,0,17,138,21,176,103,49,152,328
12/03/2007,ILG,DE,AEA,EN,Towers with Radar,2,10,38,0,50,0,0,0,2,2,2,10,38,2,52,8,0,8,60
12/04/2007,ILG,DE,AEA,EN,Towers with Radar,0,20,53,0,73,0,0,23,9,32,0,20,76,9,105,64,34,98,203
12/05/2007,ILG,DE,AEA,EN,Towers with Radar,0,8,28,0,36,0,0,3,0,3,0,8,31,0,39,32,26,58,97
12/06/2007,ILG,DE,AEA,EN,Towers with Radar,2,10,74,3,89,0,0,44,10,54,2,10,118,13,143,87,83,170,313
12/07/2007,ILG,DE,AEA,EN,Towers with Radar,0,15,72,1,88,0,0,35,0,35,0,15,107,1,123,76,14,90,213
12/08/2007,ILG,DE,AEA,EN,Towers with Radar,0,14,72,4,90,0,0,55,0,55,0,14,127,4,145,100,0,100,245
12/09/2007,ILG,DE,AEA,EN,Towers with Radar,0,3,44,2,49,0,0,47,3,50,0,3,91,5,99,86,0,86,185
12/10/2007,ILG,DE,AEA,EN,Towers with Radar,0,13,59,5,77,0,0,33,3,36,0,13,92,8,113,64,2,66,179
12/11/2007,ILG,DE,AEA,EN,Towers with Radar,0,15,70,5,90,0,0,49,2,51,0,15,119,7,141,42,0,42,183
12/12/2007,ILG,DE,AEA,EN,Towers with Radar,0,17,75,17,109,0,0,41,0,41,0,17,116,17,150,104,78,182,332
12/13/2007,ILG,DE,AEA,EN,Towers with Radar,0,16,57,0,73,0,0,11,0,11,0,16,68,0,84,18,0,18,102
12/14/2007,ILG,DE,AEA,EN,Towers with Radar,2,21,87,4,114,0,0,45,4,49,2,21,132,8,163,84,0,84,247
12/15/2007,ILG,DE,AEA,EN,Towers with Radar,7,16,62,0,85,0,2,77,0,79,7,18,139,0,164,102,0,102,266
12/16/2007,ILG,DE,AEA,EN,Towers with Radar,0,7,20,0,27,0,0,0,0,0,0,7,20,0,27,0,0,0,27
12/17/2007,ILG,DE,AEA,EN,Towers with Radar,0,14,64,1,79,0,0,36,5,41,0,14,100,6,120,64,24,88,208
12/18/2007,ILG,DE,AEA,EN,Towers with Radar,0,15,69,20,104,0,2,70,12,84,0,17,139,32,188,122,74,196,384
12/19/2007,ILG,DE,AEA,EN,Towers with Radar,1,23,66,15,105,4,4,38,19,65,5,27,104,34,170,84,51,135,305
12/20/2007,ILG,DE,AEA,EN,Towers with Radar,1,26,86,22,135,0,0,47,0,47,1,26,133,22,182,86,64,150,332
12/21/2007,ILG,DE,AEA,EN,Towers with Radar,0,17,88,7,112,0,0,6,0,6,0,17,94,7,118,98,64,162,280
12/22/2007,ILG,DE,AEA,EN,Towers with Radar,0,16,53,0,69,0,0,0,0,0,0,16,53,0,69,24,0,24,93
12/23/2007,ILG,DE,AEA,EN,Towers with Radar,0,3,17,0,20,0,0,0,0,0,0,3,17,0,20,34,0,34,54
12/24/2007,ILG,DE,AEA,EN,Towers with Radar,0,9,49,0,58,0,1,67,0,68,0,10,116,0,126,68,0,68,194
12/25/2007,ILG,DE,AEA,EN,Towers with Radar,0,8,8,0,16,0,0,35,0,35,0,8,43,0,51,0,0,0,51
12/26/2007,ILG,DE,AEA,EN,Towers with Radar,0,19,43,4,66,0,0,0,0,0,0,19,43,4,66,1,17,18,84
12/27/2007,ILG,DE,AEA,EN,Towers with Radar,0,27,60,15,102,0,0,16,0,16,0,27,76,15,118,138,86,224,342
12/28/2007,ILG,DE,AEA,EN,Towers with Radar,0,15,60,7,82,0,0,60,1,61,0,15,120,8,143,102,24,126,269
12/29/2007,ILG,DE,AEA,EN,Towers with Radar,1,28,48,0,77,0,6,50,0,56,1,34,98,0,133,112,0,112,245
12/30/2007,ILG,DE,AEA,EN,Towers with Radar,0,8,44,0,52,0,0,0,0,0,0,8,44,0,52,26,0,26,78
12/31/2007,ILG,DE,AEA,EN,Towers with Radar,0,10,43,0,53,0,0,16,0,16,0,10,59,0,69,150,0,150,219
01/01/2008,ILG,DE,AEA,EN,Towers with Radar,0,14,29,0,43,0,1,24,0,25,0,15,53,0,68,184,0,184,252
01/02/2008,ILG,DE,AEA,EN,Towers with Radar,0,16,41,8,65,0,0,40,24,64,0,16,81,32,129,134,90,224,353
01/03/2008,ILG,DE,AEA,EN,Towers with Radar,0,19,49,12,80,0,1,32,20,53,0,20,81,32,133,80,122,202,335
01/04/2008,ILG,DE,AEA,EN,Towers with Radar,0,16,38,5,59,0,4,82,21,107,0,20,120,26,166,114,92,206,372
01/05/2008,ILG,DE,AEA,EN,Towers with Radar,0,10,62,8,80,0,1,104,1,106,0,11,166,9,186,140,8,148,334
01/06/2008,ILG,DE,AEA,EN,Towers with Radar,0,15,49,0,64,0,0,98,8,106,0,15,147,8,170,118,34,152,322
01/07/2008,ILG,DE,AEA,EN,Towers with Radar,0,8,55,1,64,0,6,74,13,93,0,14,129,14,157,102,20,122,279
01/08/2008,ILG,DE,AEA,EN,Towers with Radar,0,16,86,6,108,0,0,73,21,94,0,16,159,27,202,112,82,194,396
01/09/2008,ILG,DE,AEA,EN,Towers with Radar,0,11,63,17,91,0,0,71,6,77,0,11,134,23,168,68,46,114,282
01/10/2008,ILG,DE,AEA,EN,Towers with Radar,0,23,84,37,144,0,0,77,12,89,0,23,161,49,233,100,68,168,401
01/11/2008,ILG,DE,AEA,EN,Towers with Radar,0,5,37,2,44,0,0,9,14,23,0,5,46,16,67,0,72,72,139
01/12/2008,ILG,DE,AEA,EN,Towers with Radar,0,10,50,0,60,0,0,130,4,134,0,10,180,4,194,170,0,170,364
01/13/2008,ILG,DE,AEA,EN,Towers with Radar,0,5,31,5,41,0,0,71,18,89,0,5,102,23,130,112,128,240,370
01/14/2008,ILG,DE,AEA,EN,Towers with Radar,0,20,85,0,105,0,0,46,0,46,0,20,131,0,151,68,0,68,219
01/15/2008,ILG,DE,AEA,EN,Towers with Radar,0,15,85,22,122,0,25,35,19,79,0,40,120,41,201,88,72,160,361
01/16/2008,ILG,DE,AEA,EN,Towers with Radar,0,18,86,24,128,0,0,85,19,104,0,18,171,43,232,68,110,178,410
01/17/2008,ILG,DE,AEA,EN,Towers with Radar,0,12,35,3,50,0,0,31,2,33,0,12,66,5,83,40,10,50,133
01/18/2008,ILG,DE,AEA,EN,Towers with Radar,0,20,57,4,81,0,0,75,9,84,0,20,132,13,165,122,68,190,355
01/19/2008,ILG,DE,AEA,EN,Towers with Radar,0,15,71,12,98,0,0,69,4,73,0,15,140,16,171,106,44,150,321
01/20/2008,ILG,DE,AEA,EN,Towers with Radar,0,4,45,0,49,0,0,76,4,80,0,4,121,4,129,110,18,128,257
01/21/2008,ILG,DE,AEA,EN,Towers with Radar,0,20,45,0,65,0,0,63,0,63,0,20,108,0,128,98,0,98,226
01/22/2008,ILG,DE,AEA,EN,Towers with Radar,0,17,56,20,93,0,0,48,9,57,0,17,104,29,150,66,76,142,292
01/23/2008,ILG,DE,AEA,EN,Towers with Radar,0,28,56,14,98,0,0,69,12,81,0,28,125,26,179,72,146,218,397
01/24/2008,ILG,DE,AEA,EN,Towers with Radar,0,24,54,32,110,0,0,59,8,67,0,24,113,40,177,142,72,214,391
01/25/2008,ILG,DE,AEA,EN,Towers with Radar,0,16,76,2,94,0,0,100,3,103,0,16,176,5,197,139,12,151,348
01/26/2008,ILG,DE,AEA,EN,Towers with Radar,0,5,57,0,62,0,2,123,1,126,0,7,180,1,188,136,0,136,324
01/27/2008,ILG,DE,AEA,EN,Towers with Radar,0,5,58,0,63,0,0,85,0,85,0,5,143,0,148,98,0,98,246
01/28/2008,ILG,DE,AEA,EN,Towers with Radar,0,11,60,0,71,0,0,68,0,68,0,11,128,0,139,96,0,96,235
01/29/2008,ILG,DE,AEA,EN,Towers with Radar,0,12,52,5,69,0,0,68,17,85,0,12,120,22,154,46,32,78,232
01/30/2008,ILG,DE,AEA,EN,Towers with Radar,0,33,73,16,122,0,0,75,11,86,0,33,148,27,208,77,75,152,360
01/31/2008,ILG,DE,AEA,EN,Towers with Radar,0,32,67,0,99,0,0,86,7,93,0,32,153,7,192,94,32,126,318
02/01/2008,ILG,DE,AEA,EN,Towers with Radar,0,14,64,6,84,0,0,96,23,119,0,14,160,29,203,110,36,146,349
02/02/2008,ILG,DE,AEA,EN,Towers with Radar,0,14,40,0,54,0,0,98,4,102,0,14,138,4,156,119,20,139,295
02/03/2008,ILG,DE,AEA,EN,Towers with Radar,2,4,38,0,44,0,0,95,1,96,2,4,133,1,140,102,0,102,242
02/04/2008,ILG,DE,AEA,EN,Towers with Radar,0,17,50,1,68,0,0,35,4,39,0,17,85,5,107,50,14,64,171
02/05/2008,ILG,DE,AEA,EN,Towers with Radar,0,20,46,8,74,0,0,32,9,41,0,20,78,17,115,48,28,76,191
02/06/2008,ILG,DE,AEA,EN,Towers with Radar,0,24,38,20,82,0,0,84,13,97,0,24,122,33,179,84,61,145,324
02/07/2008,ILG,DE,AEA,EN,Towers with Radar,0,25,65,27,117,0,0,62,8,70,0,25,127,35,187,89,85,174,361
02/08/2008,ILG,DE,AEA,EN,Towers with Radar,0,27,59,6,92,0,0,117,24,141,0,27,176,30,233,118,34,152,385
02/09/2008,ILG,DE,AEA,EN,Towers with Radar,0,17,57,3,77,0,0,108,13,121,0,17,165,16,198,122,22,144,342
02/10/2008,ILG,DE,AEA,EN,Towers with Radar,0,6,23,11,40,0,0,29,13,42,0,6,52,24,82,24,58,82,164
02/11/2008,ILG,DE,AEA,EN,Towers with Radar,0,12,45,0,57,0,0,51,3,54,0,12,96,3,111,52,4,56,167
02/12/2008,ILG,DE,AEA,EN,Towers with Radar,0,16,35,3,54,0,0,32,8,40,0,16,67,11,94,52,0,52,146
02/13/2008,ILG,DE,AEA,EN,Towers with Radar,0,4,43,3,50,0,0,23,0,23,0,4,66,3,73,6,0,6,79
02/14/2008,ILG,DE,AEA,EN,Towers with Radar,2,32,2,10,46,0,0,85,14,99,2,32,87,24,145,102,58,160,305
02/15/2008,ILG,DE,AEA,EN,Towers with Radar,0,17,48,13,78,0,0,75,15,90,0,17,123,28,168,114,90,204,372
02/16/2008,ILG,DE,AEA,EN,Towers with Radar,0,6,32,0,38,0,0,124,6,130,0,6,156,6,168,136,24,160,328
02/17/2008,ILG,DE,AEA,EN,Towers with Radar,0,7,33,5,45,0,0,69,4,73,0,7,102,9,118,90,12,102,220
02/18/2008,ILG,DE,AEA,EN,Towers with Radar,0,8,46,0,54,0,0,55,0,55,0,8,101,0,109,48,0,48,157
02/19/2008,ILG,DE,AEA,EN,Towers with Radar,1,22,58,0,81,0,0,49,23,72,1,22,107,23,153,53,56,109,262
02/20/2008,ILG,DE,AEA,EN,Towers with Radar,0,31,70,0,101,0,0,76,0,76,0,31,146,0,177,64,0,64,241
02/21/2008,ILG,DE,AEA,EN,Towers with Radar,0,29,69,8,106,0,0,56,14,70,0,29,125,22,176,92,36,128,304
02/22/2008,ILG,DE,AEA,EN,Towers with Radar,0,2,28,0,30,0,0,0,0,0,0,2,28,0,30,0,0,0,30
02/23/2008,ILG,DE,AEA,EN,Towers with Radar,0,18,36,0,54,0,1,39,0,40,0,19,75,0,94,38,0,38,132
02/24/2008,ILG,DE,AEA,EN,Towers with Radar,0,3,33,0,36,0,0,101,1,102,0,3,134,1,138,152,4,156,294
02/25/2008,ILG,DE,AEA,EN,Towers with Radar,4,15,66,0,85,0,0,84,4,88,4,15,150,4,173,92,12,104,277
02/26/2008,ILG,DE,AEA,EN,Towers with Radar,1,15,53,1,70,0,0,12,3,15,1,15,65,4,85,0,14,14,99
02/27/2008,ILG,DE,AEA,EN,Towers with Radar,2,14,36,3,55,0,0,53,20,73,2,14,89,23,128,68,50,118,246
02/28/2008,ILG,DE,AEA,EN,Towers with Radar,1,21,63,3,88,0,0,73,3,76,1,21,136,6,164,110,38,148,312
02/29/2008,ILG,DE,AEA,EN,Towers with Radar,0,13,60,0,73,0,0,92,2,94,0,13,152,2,167,122,8,130,297
03/01/2008,ILG,DE,AEA,EN,Towers with Radar,0,7,57,0,64,0,0,81,3,84,0,7,138,3,148,86,16,102,250
03/02/2008,ILG,DE,AEA,EN,Towers with Radar,0,14,62,0,76,0,0,74,5,79,0,14,136,5,155,68,36,104,259
03/03/2008,ILG,DE,AEA,EN,Towers with Radar,0,23,65,56,144,0,0,99,11,110,0,23,164,67,254,98,86,184,438
03/04/2008,ILG,DE,AEA,EN,Towers with Radar,0,18,44,4,66,0,0,47,9,56,0,18,91,13,122,68,18,86,208
03/05/2008,ILG,DE,AEA,EN,Towers with Radar,1,28,60,8,97,0,0,64,10,74,1,28,124,18,171,70,76,146,317
03/06/2008,ILG,DE,AEA,EN,Towers with Radar,1,16,55,6,78,0,0,74,11,85,1,16,129,17,163,126,58,184,347
03/07/2008,ILG,DE,AEA,EN,Towers with Radar,3,17,54,6,80,0,0,39,6,45,3,17,93,12,125,88,22,110,235
03/08/2008,ILG,DE,AEA,EN,Towers with Radar,0,5,42,0,47,0,0,0,0,0,0,5,42,0,47,0,0,0,47
03/09/2008,ILG,DE,AEA,EN,Towers with Radar,3,5,37,2,47,0,0,57,0,57,3,5,94,2,104,62,0,62,166
03/10/2008,ILG,DE,AEA,EN,Towers with Radar,2,16,43,0,61,0,0,77,0,77,2,16,120,0,138,104,0,104,242
03/11/2008,ILG,DE,AEA,EN,Towers with Radar,2,20,41,14,77,0,0,54,16,70,2,20,95,30,147,56,107,163,310
03/12/2008,ILG,DE,AEA,EN,Towers with Radar,2,19,53,6,80,0,1,72,7,80,2,20,125,13,160,74,16,90,250
03/13/2008,ILG,DE,AEA,EN,Towers with Radar,3,25,51,16,95,0,0,87,20,107,3,25,138,36,202,120,122,242,444
03/14/2008,ILG,DE,AEA,EN,Towers with Radar,6,23,75,9,113,0,0,80,16,96,6,23,155,25,209,140,56,196,405
03/15/2008,ILG,DE,AEA,EN,Towers with Radar,5,20,37,0,62,0,0,126,0,126,5,20,163,0,188,194,0,194,382
03/16/2008,ILG,DE,AEA,EN,Towers with Radar,6,13,36,0,55,0,0,63,0,63,6,13,99,0,118,66,0,66,184
03/17/2008,ILG,DE,AEA,EN,Towers with Radar,9,18,38,1,66,0,0,90,11,101,9,18,128,12,167,142,0,142,309
03/18/2008,ILG,DE,AEA,EN,Towers with Radar,6,24,53,15,98,0,1,70,15,86,6,25,123,30,184,80,108,188,372
03/19/2008,ILG,DE,AEA,EN,Towers with Radar,8,19,56,3,86,0,0,0,0,0,8,19,56,3,86,0,0,0,86
03/20/2008,ILG,DE,AEA,EN,Towers with Radar,8,42,61,13,124,0,0,27,7,34,8,42,88,20,158,42,35,77,235
03/21/2008,ILG,DE,AEA,EN,Towers with Radar,4,15,28,0,47,0,0,50,4,54,4,15,78,4,101,114,34,148,249
03/22/2008,ILG,DE,AEA,EN,Towers with Radar,7,23,30,0,60,0,1,72,0,73,7,24,102,0,133,168,0,168,301
03/23/2008,ILG,DE,AEA,EN,Towers with Radar,4,5,20,0,29,0,0,76,1,77,4,5,96,1,106,142,0,142,248
03/24/2008,ILG,DE,AEA,EN,Towers with Radar,4,16,46,0,66,0,0,79,0,79,4,16,125,0,145,128,0,128,273
03/25/2008,ILG,DE,AEA,EN,Towers with Radar,6,15,50,17,88,0,1,84,18,103,6,16,134,35,191,104,87,191,382
03/26/2008,ILG,DE,AEA,EN,Towers with Radar,5,14,55,5,79,0,0,63,15,78,5,14,118,20,157,98,81,179,336
03/27/2008,ILG,DE,AEA,EN,Towers with Radar,3,11,67,2,83,0,1,21,14,36,3,12,88,16,119,52,77,129,248
03/28/2008,ILG,DE,AEA,EN,Towers with Radar,5,21,35,1,62,0,0,61,7,68,5,21,96,8,130,112,36,148,278
03/29/2008,ILG,DE,AEA,EN,Towers with Radar,6,12,41,0,59,0,0,83,6,89,6,12,124,6,148,131,22,153,301
03/30/2008,ILG,DE,AEA,EN,Towers with Radar,8,16,42,0,66,0,0,111,2,113,8,16,153,2,179,118,14,132,311
03/31/2008,ILG,DE,AEA,EN,Towers with Radar,11,30,64,3,108,0,0,16,4,20,11,30,80,7,128,22,33,55,183
04/01/2008,ILG,DE,AEA,EN,Towers with Radar,6,18,41,22,87,0,0,53,14,67,6,18,94,36,154,84,92,176,330
04/02/2008,ILG,DE,AEA,EN,Towers with Radar,6,21,45,9,81,0,0,72,10,82,6,21,117,19,163,120,38,158,321
04/03/2008,ILG,DE,AEA,EN,Towers with Radar,6,16,50,4,76,0,0,57,1,58,6,16,107,5,134,150,10,160,294
04/04/2008,ILG,DE,AEA,EN,Towers with Radar,6,16,30,6,58,0,0,92,14,106,6,16,122,20,164,112,80,192,356
04/05/2008,ILG,DE,AEA,EN,Towers with Radar,0,8,33,7,48,0,0,68,36,104,0,8,101,43,152,120,53,173,325
04/06/2008,ILG,DE,AEA,EN,Towers with Radar,0,8,48,11,67,0,0,62,8,70,0,8,110,19,137,72,40,112,249
04/07/2008,ILG,DE,AEA,EN,Towers with Radar,0,14,48,1,63,0,0,25,0,25,0,14,73,1,88,30,0,30,118
04/08/2008,ILG,DE,AEA,EN,Towers with Radar,0,21,60,9,90,0,0,47,11,58,0,21,107,20,148,116,72,188,336
04/09/2008,ILG,DE,AEA,EN,Towers with Radar,0,17,79,6,102,0,0,52,22,74,0,17,131,28,176,69,54,123,299
04/10/2008,ILG,DE,AEA,EN,Towers with Radar,0,19,78,21,118,0,0,97,21,118,0,19,175,42,236,120,70,190,426
04/11/2008,ILG,DE,AEA,EN,Towers with Radar,0,15,61,35,111,0,0,53,13,66,0,15,114,48,177,134,40,174,351
04/12/2008,ILG,DE,AEA,EN,Towers with Radar,0,13,39,0,52,0,0,67,1,68,0,13,106,1,120,166,10,176,296
04/13/2008,ILG,DE,AEA,EN,Towers with Radar,0,14,36,2,52,0,0,66,4,70,0,14,102,6,122,126,18,144,266
04/14/2008,ILG,DE,AEA,EN,Towers with Radar,0,16,59,4,79,0,0,84,3,87,0,16,143,7,166,124,18,142,308
04/15/2008,ILG,DE,AEA,EN,Towers with Radar,0,15,71,2,88,0,0,81,10,91,0,15,152,12,179,136,42,178,357
04/16/2008,ILG,DE,AEA,EN,Towers with Radar,0,16,57,10,83,0,0,93,21,114,0,16,150,31,197,128,94,222,419
04/17/2008,ILG,DE,AEA,EN,Towers with Radar,1,16,77,6,100,0,0,113,16,129,1,16,190,22,229,158,54,212,441
04/18/2008,ILG,DE,AEA,EN,Towers with Radar,0,9,37,6,52,0,1,103,11,115,0,10,140,17,167,172,40,212,379
04/19/2008,ILG,DE,AEA,EN,Towers with Radar,0,9,38,0,47,0,0,119,3,122,0,9,157,3,169,136,18,154,323
04/20/2008,ILG,DE,AEA,EN,Towers with Radar,0,5,33,3,41,0,0,54,1,55,0,5,87,4,96,56,1,57,153
04/21/2008,ILG,DE,AEA,EN,Towers with Radar,0,7,45,0,52,0,0,68,0,68,0,7,113,0,120,84,0,84,204
04/22/2008,ILG,DE,AEA,EN,Towers with Radar,0,17,53,15,85,0,0,83,17,100,0,17,136,32,185,136,116,252,437
04/23/2008,ILG,DE,AEA,EN,Towers with Radar,0,19,56,4,79,0,0,65,11,76,0,19,121,15,155,140,48,188,343
04/24/2008,ILG,DE,AEA,EN,Towers with Radar,0,22,71,12,105,0,0,109,5,114,0,22,180,17,219,144,52,196,415
04/25/2008,ILG,DE,AEA,EN,Towers with Radar,0,10,74,5,89,0,0,81,3,84,0,10,155,8,173,116,14,130,303
04/26/2008,ILG,DE,AEA,EN,Towers with Radar,0,7,39,0,46,0,2,72,0,74,0,9,111,0,120,156,0,156,276
04/27/2008,ILG,DE,AEA,EN,Towers with Radar,0,18,64,1,83,0,0,59,0,59,0,18,123,1,142,100,0,100,242
04/28/2008,ILG,DE,AEA,EN,Towers with Radar,0,12,53,0,65,0,0,21,0,21,0,12,74,0,86,20,0,20,106
04/29/2008,ILG,DE,AEA,EN,Towers with Radar,0,12,55,14,81,0,0,60,24,84,0,12,115,38,165,116,62,178,343
04/30/2008,ILG,DE,AEA,EN,Towers with Radar,0,11,55,7,73,0,0,89,17,106,0,11,144,24,179,126,72,198,377
05/01/2008,ILG,DE,AEA,EN,Towers with Radar,0,24,68,10,102,0,0,63,2,65,0,24,131,12,167,124,36,160,327
05/02/2008,ILG,DE,AEA,EN,Towers with Radar,0,18,70,3,91,0,0,85,7,92,0,18,155,10,183,132,33,165,348
05/03/2008,ILG,DE,AEA,EN,Towers with Radar,0,8,43,53,104,0,0,52,11,63,0,8,95,64,167,53,2,55,222
05/04/2008,ILG,DE,AEA,EN,Towers with Radar,0,18,45,0,63,0,0,122,6,128,0,18,167,6,191,142,10,152,343
05/05/2008,ILG,DE,AEA,EN,Towers with Radar,0,11,56,0,67,0,2,60,3,65,0,13,116,3,132,82,2,84,216
05/06/2008,ILG,DE,AEA,EN,Towers with Radar,0,17,47,16,80,0,0,81,15,96,0,17,128,31,176,100,116,216,392
05/07/2008,ILG,DE,AEA,EN,Towers with Radar,0,21,58,9,88,0,1,107,14,122,0,22,165,23,210,130,46,176,386
05/08/2008,ILG,DE,AEA,EN,Towers with Radar,0,21,70,7,98,0,0,51,8,59,0,21,121,15,157,58,52,110,267
05/09/2008,ILG,DE,AEA,EN,Towers with Radar,0,11,55,3,69,0,0,2,0,2,0,11,57,3,71,0,0,0,71
05/10/2008,ILG,DE,AEA,EN,Towers with Radar,0,6,40,0,46,0,0,78,0,78,0,6,118,0,124,116,0,116,240
05/11/2008,ILG,DE,AEA,EN,Towers with Radar,0,18,29,3,50,0,0,38,0,38,0,18,67,3,88,51,3,54,142
05/12/2008,ILG,DE,AEA,EN,Towers with Radar,0,16,20,0,36,0,0,1,0,1,0,16,21,0,37,0,0,0,37
05/13/2008,ILG,DE,AEA,EN,Towers with Radar,0,29,56,4,89,0,0,65,19,84,0,29,121,23,173,86,16,102,275
05/14/2008,ILG,DE,AEA,EN,Towers with Radar,0,12,55,12,79,0,0,85,22,107,0,12,140,34,186,102,54,156,342
05/15/2008,ILG,DE,AEA,EN,Towers with Radar,0,15,81,19,115,0,0,72,6,78,0,15,153,25,193,106,17,123,316
05/16/2008,ILG,DE,AEA,EN,Towers with Radar,0,10,38,3,51,0,0,0,0,0,0,10,38,3,51,0,0,0,51
05/17/2008,ILG,DE,AEA,EN,Towers with Radar,0,8,23,0,31,0,0,57,0,57,0,8,80,0,88,112,0,112,200
05/18/2008,ILG,DE,AEA,EN,Towers with Radar,0,10,34,1,45,0,0,22,6,28,0,10,56,7,73,26,0,26,99
05/19/2008,ILG,DE,AEA,EN,Towers with Radar,0,16,36,4,56,0,0,34,2,36,0,16,70,6,92,37,6,43,135
05/20/2008,ILG,DE,AEA,EN,Towers with Radar,0,18,64,6,88,0,0,0,0,0,0,18,64,6,88,8,0,8,96
05/21/2008,ILG,DE,AEA,EN,Towers with Radar,0,10,46,29,85,0,0,1,14,15,0,10,47,43,100,56,46,102,202
05/22/2008,ILG,DE,AEA,EN,Towers with Radar,0,3,55,11,69,0,0,27,8,35,0,3,82,19,104,84,36,120,224
05/23/2008,ILG,DE,AEA,EN,Towers with Radar,0,10,52,11,73,0,0,86,6,92,0,10,138,17,165,122,10,132,297
05/24/2008,ILG,DE,AEA,EN,Towers with Radar,0,10,27,0,37,0,0,106,0,106,0,10,133,0,143,138,0,138,281
05/25/2008,ILG,DE,AEA,EN,Towers with Radar,0,3,33,0,36,0,6,99,5,110,0,9,132,5,146,68,0,68,214
05/26/2008,ILG,DE,AEA,EN,Towers with Radar,0,8,28,1,37,0,0,60,0,60,0,8,88,1,97,44,0,44,141
05/27/2008,ILG,DE,AEA,EN,Towers with Radar,0,18,32,9,59,0,0,17,6,23,0,18,49,15,82,16,0,16,98
05/28/2008,ILG,DE,AEA,EN,Towers with Radar,0,11,63,4,78,0,0,80,11,91,0,11,143,15,169,86,6,92,261
05/29/2008,ILG,DE,AEA,EN,Towers with Radar,0,16,82,3,101,0,0,101,22,123,0,16,183,25,224,158,28,186,410
05/30/2008,ILG,DE,AEA,EN,Towers with Radar,0,14,34,5,53,0,0,57,4,61,0,14,91,9,114,70,18,88,202
05/31/2008,ILG,DE,AEA,EN,Towers with Radar,0,11,15,2,28,0,0,22,0,22,0,11,37,2,50,30,0,30,80
06/01/2008,ILG,DE,AEA,EN,Towers with Radar,0,10,52,1,63,0,0,105,4,109,0,10,157,5,172,58,0,58,230
06/02/2008,ILG,DE,AEA,EN,Towers with Radar,0,9,62,2,73,0,0,65,0,65,0,9,127,2,138,57,2,59,197
06/03/2008,ILG,DE,AEA,EN,Towers with Radar,0,12,63,8,83,0,0,66,14,80,0,12,129,22,163,74,10,84,247
06/04/2008,ILG,DE,AEA,EN,Towers with Radar,0,11,30,2,43,0,0,8,2,10,0,11,38,4,53,6,0,6,59
06/05/2008,ILG,DE,AEA,EN,Towers with Radar,1,12,61,14,88,0,0,32,3,35,1,12,93,17,123,74,14,88,211
06/06/2008,ILG,DE,AEA,EN,Towers with Radar,3,14,36,2,55,0,0,33,6,39,3,14,69,8,94,32,36,68,162
06/07/2008,ILG,DE,AEA,EN,Towers with Radar,0,7,26,8,41,0,0,21,9,30,0,7,47,17,71,6,3,9,80
06/08/2008,ILG,DE,AEA,EN,Towers with Radar,0,7,33,5,45,0,0,54,6,60,0,7,87,11,105,54,46,100,205
06/09/2008,ILG,DE,AEA,EN,Towers with Radar,0,9,32,3,44,0,0,62,3,65,0,9,94,6,109,32,12,44,153
06/10/2008,ILG,DE,AEA,EN,Towers with Radar,0,7,51,2,60,0,0,40,17,57,0,7,91,19,117,80,4,84,201
06/11/2008,ILG,DE,AEA,EN,Towers with Radar,0,9,40,15,64,0,0,91,15,106,0,9,131,30,170,38,24,62,232
06/12/2008,ILG,DE,AEA,EN,Towers with Radar,0,9,57,4,70,0,3,76,9,88,0,12,133,13,158,70,18,88,246
06/13/2008,ILG,DE,AEA,EN,Towers with Radar,0,13,56,6,75,0,0,75,2,77,0,13,131,8,152,100,4,104,256
06/14/2008,ILG,DE,AEA,EN,Towers with Radar,0,3,48,0,51,0,3,55,5,63,0,6,103,5,114,72,5,77,191
06/15/2008,ILG,DE,AEA,EN,Towers with Radar,0,15,37,2,54,0,0,70,0,70,0,15,107,2,124,64,0,64,188
06/16/2008,ILG,DE,AEA,EN,Towers with Radar,0,6,50,2,58,1,0,37,11,49,1,6,87,13,107,22,8,30,137
06/17/2008,ILG,DE,AEA,EN,Towers with Radar,0,11,44,23,78,0,0,49,27,76,0,11,93,50,154,42,103,145,299
06/18/2008,ILG,DE,AEA,EN,Towers with Radar,0,16,35,30,81,0,1,45,10,56,0,17,80,40,137,8,107,115,252
06/19/2008,ILG,DE,AEA,EN,Towers with Radar,0,12,53,13,78,0,0,113,41,154,0,12,166,54,232,112,90,202,434
06/20/2008,ILG,DE,AEA,EN,Towers with Radar,0,12,38,6,56,0,3,54,10,67,0,15,92,16,123,84,0,84,207
06/21/2008,ILG,DE,AEA,EN,Towers with Radar,0,5,22,0,27,0,0,78,2,80,0,5,100,2,107,60,0,60,167
06/22/2008,ILG,DE,AEA,EN,Towers with Radar,0,6,33,0,39,0,0,43,0,43,0,6,76,0,82,43,0,43,125
06/23/2008,ILG,DE,AEA,EN,Towers with Radar,0,12,23,4,39,0,0,34,8,42,0,12,57,12,81,91,35,126,207
06/24/2008,ILG,DE,AEA,EN,Towers with Radar,0,7,44,5,56,0,4,50,4,58,0,11,94,9,114,90,76,166,280
06/25/2008,ILG,DE,AEA,EN,Towers with Radar,2,19,62,16,99,0,0,43,12,55,2,19,105,28,154,163,58,221,375
06/26/2008,ILG,DE,AEA,EN,Towers with Radar,0,17,47,8,72,0,0,46,11,57,0,17,93,19,129,54,78,132,261
06/27/2008,ILG,DE,AEA,EN,Towers with Radar,0,7,41,9,57,0,0,32,4,36,0,7,73,13,93,68,37,105,198
06/28/2008,ILG,DE,AEA,EN,Towers with Radar,0,12,28,1,41,0,0,47,0,47,0,12,75,1,88,98,0,98,186
06/29/2008,ILG,DE,AEA,EN,Towers with Radar,0,18,35,6,59,0,0,59,0,59,0,18,94,6,118,108,0,108,226
06/30/2008,ILG,DE,AEA,EN,Towers with Radar,1,12,38,0,51,0,0,26,1,27,1,12,64,1,78,100,6,106,184
07/01/2008,ILG,DE,AEA,EN,Towers with Radar,0,12,36,9,57,0,2,35,14,51,0,14,71,23,108,78,62,140,248
07/02/2008,ILG,DE,AEA,EN,Towers with Radar,0,10,35,15,60,1,0,63,6,70,1,10,98,21,130,64,116,180,310
07/03/2008,ILG,DE,AEA,EN,Towers with Radar,0,19,45,2,66,0,0,74,3,77,0,19,119,5,143,148,12,160,303
07/04/2008,ILG,DE,AEA,EN,Towers with Radar,0,6,21,0,27,0,0,14,0,14,0,6,35,0,41,70,0,70,111
07/05/2008,ILG,DE,AEA,EN,Towers with Radar,0,8,19,0,27,0,0,19,0,19,0,8,38,0,46,12,0,12,58
07/06/2008,ILG,DE,AEA,EN,Towers with Radar,0,18,45,0,63,0,1,30,0,31,0,19,75,0,94,42,0,42,136
07/07/2008,ILG,DE,AEA,EN,Towers with Radar,0,14,68,2,84,0,0,43,1,44,0,14,111,3,128,34,0,34,162
07/08/2008,ILG,DE,AEA,EN,Towers with Radar,0,20,39,16,75,0,0,55,21,76,0,20,94,37,151,115,110,225,376
07/09/2008,ILG,DE,AEA,EN,Towers with Radar,0,12,31,3,46,0,0,34,1,35,0,12,65,4,81,24,0,24,105
07/10/2008,ILG,DE,AEA,EN,Towers with Radar,0,22,85,11,118,0,0,86,14,100,0,22,171,25,218,157,10,167,385
07/11/2008,ILG,DE,AEA,EN,Towers with Radar,0,20,48,5,73,0,0,97,4,101,0,20,145,9,174,142,22,164,338
07/12/2008,ILG,DE,AEA,EN,Towers with Radar,0,14,42,7,63,0,2,98,19,119,0,16,140,26,182,92,22,114,296
07/13/2008,ILG,DE,AEA,EN,Towers with Radar,0,14,34,6,54,0,0,64,4,68,0,14,98,10,122,132,0,132,254
07/14/2008,ILG,DE,AEA,EN,Towers with Radar,0,8,34,1,43,0,2,51,0,53,0,10,85,1,96,104,0,104,200
07/15/2008,ILG,DE,AEA,EN,Towers with Radar,0,8,40,1,49,0,0,71,11,82,0,8,111,12,131,34,32,66,197
07/16/2008,ILG,DE,AEA,EN,Towers with Radar,0,12,46,11,69,0,0,47,4,51,0,12,93,15,120,121,16,137,257
07/17/2008,ILG,DE,AEA,EN,Towers with Radar,0,16,56,6,78,0,0,69,5,74,0,16,125,11,152,116,60,176,328
07/18/2008,ILG,DE,AEA,EN,Towers with Radar,0,10,32,5,47,0,0,51,2,53,0,10,83,7,100,119,8,127,227
07/19/2008,ILG,DE,AEA,EN,Towers with Radar,0,14,31,0,45,0,0,98,3,101,0,14,129,3,146,164,0,164,310
07/20/2008,ILG,DE,AEA,EN,Towers with Radar,0,14,39,1,54,0,0,58,4,62,0,14,97,5,116,110,24,134,250
07/21/2008,ILG,DE,AEA,EN,Towers with Radar,0,8,40,1,49,0,0,44,1,45,0,8,84,2,94,116,0,116,210
07/22/2008,ILG,DE,AEA,EN,Towers with Radar,0,11,61,18,90,0,0,44,12,56,0,11,105,30,146,101,108,209,355
07/23/2008,ILG,DE,AEA,EN,Towers with Radar,0,7,34,7,48,0,0,23,2,25,0,7,57,9,73,12,21,33,106
07/24/2008,ILG,DE,AEA,EN,Towers with Radar,0,13,67,15,95,0,2,51,14,67,0,15,118,29,162,59,73,132,294
07/25/2008,ILG,DE,AEA,EN,Towers with Radar,1,11,47,6,65,0,0,80,7,87,1,11,127,13,152,100,22,122,274
07/26/2008,ILG,DE,AEA,EN,Towers with Radar,0,6,39,0,45,0,0,59,0,59,0,6,98,0,104,113,0,113,217
07/27/2008,ILG,DE,AEA,EN,Towers with Radar,0,7,34,1,42,0,0,58,0,58,0,7,92,1,100,99,0,99,199
07/28/2008,ILG,DE,AEA,EN,Towers with Radar,1,7,47,0,55,0,0,56,2,58,1,7,103,2,113,55,0,55,168
07/29/2008,ILG,DE,AEA,EN,Towers with Radar,0,14,43,0,57,0,0,51,2,53,0,14,94,2,110,118,30,148,258
07/30/2008,ILG,DE,AEA,EN,Towers with Radar,0,13,48,0,61,0,0,31,3,34,0,13,79,3,95,138,0,138,233
07/31/2008,ILG,DE,AEA,EN,Towers with Radar,0,10,54,12,76,0,0,45,12,57,0,10,99,24,133,130,90,220,353
08/01/2008,ILG,DE,AEA,EN,Towers with Radar,0,7,20,4,31,0,0,56,7,63,0,7,76,11,94,80,14,94,188
08/02/2008,ILG,DE,AEA,EN,Towers with Radar,0,17,52,1,70,0,0,88,6,94,0,17,140,7,164,52,0,52,216
08/03/2008,ILG,DE,AEA,EN,Towers with Radar,0,6,23,2,31,0,0,86,8,94,0,6,109,10,125,104,0,104,229
08/04/2008,ILG,DE,AEA,EN,Towers with Radar,0,13,39,0,52,0,0,92,5,97,0,13,131,5,149,44,24,68,217
08/05/2008,ILG,DE,AEA,EN,Towers with Radar,1,10,37,4,52,0,0,68,11,79,1,10,105,15,131,130,64,194,325
08/06/2008,ILG,DE,AEA,EN,Towers with Radar,0,11,48,25,84,0,1,61,9,71,0,12,109,34,155,142,96,238,393
08/07/2008,ILG,DE,AEA,EN,Towers with Radar,0,21,45,5,71,0,0,62,13,75,0,21,107,18,146,174,45,219,365
08/08/2008,ILG,DE,AEA,EN,Towers with Radar,0,11,52,4,67,0,0,81,7,88,0,11,133,11,155,100,8,108,263
08/09/2008,ILG,DE,AEA,EN,Towers with Radar,0,9,29,1,39,0,0,93,0,93,0,9,122,1,132,94,0,94,226
08/10/2008,ILG,DE,AEA,EN,Towers with Radar,0,6,33,4,43,0,0,22,0,22,0,6,55,4,65,44,0,44,109
08/11/2008,ILG,DE,AEA,EN,Towers with Radar,0,7,39,1,47,0,0,27,1,28,0,7,66,2,75,95,0,95,170
08/12/2008,ILG,DE,AEA,EN,Towers with Radar,0,17,57,3,77,0,0,65,16,81,0,17,122,19,158,118,18,136,294
08/13/2008,ILG,DE,AEA,EN,Towers with Radar,0,16,40,8,64,0,0,71,8,79,0,16,111,16,143,118,98,216,359
08/14/2008,ILG,DE,AEA,EN,Towers with Radar,0,8,48,2,58,0,2,80,11,93,0,10,128,13,151,132,0,132,283
08/15/2008,ILG,DE,AEA,EN,Towers with Radar,0,15,41,6,62,0,1,59,5,65,0,16,100,11,127,80,16,96,223
08/16/2008,ILG,DE,AEA,EN,Towers with Radar,0,7,32,0,39,0,2,114,5,121,0,9,146,5,160,154,0,154,314
08/17/2008,ILG,DE,AEA,EN,Towers with Radar,0,11,45,6,62,0,0,79,0,79,0,11,124,6,141,112,8,120,261
08/18/2008,ILG,DE,AEA,EN,Towers with Radar,0,7,32,10,49,0,0,46,12,58,0,7,78,22,107,101,10,111,218
08/19/2008,ILG,DE,AEA,EN,Towers with Radar,0,12,46,16,74,0,0,30,38,68,0,12,76,54,142,72,60,132,274
08/20/2008,ILG,DE,AEA,EN,Towers with Radar,0,9,51,6,66,0,0,95,9,104,0,9,146,15,170,70,42,112,282
08/21/2008,ILG,DE,AEA,EN,Towers with Radar,0,9,45,4,58,0,0,81,5,86,0,9,126,9,144,64,10,74,218
08/22/2008,ILG,DE,AEA,EN,Towers with Radar,4,7,31,7,49,0,0,50,3,53,4,7,81,10,102,80,0,80,182
08/23/2008,ILG,DE,AEA,EN,Towers with Radar,0,4,26,3,33,0,0,127,0,127,0,4,153,3,160,132,0,132,292
08/24/2008,ILG,DE,AEA,EN,Towers with Radar,0,9,40,2,51,0,0,78,0,78,0,9,118,2,129,82,0,82,211
08/25/2008,ILG,DE,AEA,EN,Towers with Radar,0,16,41,6,63,0,0,39,1,40,0,16,80,7,103,70,20,90,193
08/26/2008,ILG,DE,AEA,EN,Towers with Radar,0,3,61,10,74,0,0,91,20,111,0,3,152,30,185,104,60,164,349
08/27/2008,ILG,DE,AEA,EN,Towers with Radar,0,11,51,13,75,0,0,75,18,93,0,11,126,31,168,136,8,144,312
08/28/2008,ILG,DE,AEA,EN,Towers with Radar,0,16,45,9,70,0,2,45,12,59,0,18,90,21,129,38,24,62,191
08/29/2008,ILG,DE,AEA,EN,Towers with Radar,1,12,54,2,69,0,0,34,2,36,1,12,88,4,105,164,58,222,327
08/30/2008,ILG,DE,AEA,EN,Towers with Radar,0,10,31,0,41,0,0,19,0,19,0,10,50,0,60,10,0,10,70
08/31/2008,ILG,DE,AEA,EN,Towers with Radar,0,5,23,0,28,0,0,93,0,93,0,5,116,0,121,40,0,40,161
09/01/2008,ILG,DE,AEA,EN,Towers with Radar,1,10,27,0,38,0,0,82,0,82,1,10,109,0,120,40,0,40,160
09/02/2008,ILG,DE,AEA,EN,Towers with Radar,0,14,37,1,52,0,0,69,0,69,0,14,106,1,121,34,0,34,155
09/03/2008,ILG,DE,AEA,EN,Towers with Radar,1,11,32,8,52,0,0,69,3,72,1,11,101,11,124,44,46,90,214
09/04/2008,ILG,DE,AEA,EN,Towers with Radar,0,20,53,4,77,0,0,74,0,74,0,20,127,4,151,82,26,108,259
09/05/2008,ILG,DE,AEA,EN,Towers with Radar,0,13,38,1,52,0,0,60,0,60,0,13,98,1,112,36,90,126,238
09/06/2008,ILG,DE,AEA,EN,Towers with Radar,0,1,6,0,7,0,0,0,0,0,0,1,6,0,7,0,0,0,7
09/07/2008,ILG,DE,AEA,EN,Towers with Radar,0,7,21,2,30,0,0,53,3,56,0,7,74,5,86,30,2,32,118
09/08/2008,ILG,DE,AEA,EN,Towers with Radar,0,10,35,5,50,0,0,46,7,53,0,10,81,12,103,42,12,54,157
09/09/2008,ILG,DE,AEA,EN,Towers with Radar,0,14,44,21,79,0,0,36,12,48,0,14,80,33,127,82,68,150,277
09/10/2008,ILG,DE,AEA,EN,Towers with Radar,0,12,36,0,48,0,0,71,5,76,0,12,107,5,124,52,8,60,184
09/11/2008,ILG,DE,AEA,EN,Towers with Radar,0,10,65,3,78,0,0,56,8,64,0,10,121,11,142,90,26,116,258
09/12/2008,ILG,DE,AEA,EN,Towers with Radar,1,15,49,8,73,0,0,19,5,24,1,15,68,13,97,52,0,52,149
09/13/2008,ILG,DE,AEA,EN,Towers with Radar,0,8,45,5,58,0,0,62,0,62,0,8,107,5,120,86,0,86,206
09/14/2008,ILG,DE,AEA,EN,Towers with Radar,1,14,41,0,56,0,0,65,4,69,1,14,106,4,125,54,24,78,203
09/15/2008,ILG,DE,AEA,EN,Towers with Radar,1,19,34,3,57,0,1,31,2,34,1,20,65,5,91,64,0,64,155
09/16/2008,ILG,DE,AEA,EN,Towers with Radar,0,15,61,12,88,0,0,83,6,89,0,15,144,18,177,96,56,152,329
09/17/2008,ILG,DE,AEA,EN,Towers with Radar,0,9,47,9,65,0,0,40,15,55,0,9,87,24,120,56,40,96,216
09/18/2008,ILG,DE,AEA,EN,Towers with Radar,0,18,71,13,102,0,0,62,8,70,0,18,133,21,172,130,16,146,318
09/19/2008,ILG,DE,AEA,EN,Towers with Radar,3,18,53,5,79,0,0,54,5,59,3,18,107,10,138,106,0,106,244
09/20/2008,ILG,DE,AEA,EN,Towers with Radar,3,7,35,3,48,0,0,82,3,85,3,7,117,6,133,108,0,108,241
09/21/2008,ILG,DE,AEA,EN,Towers with Radar,0,10,43,2,55,0,0,120,4,124,0,10,163,6,179,116,10,126,305
09/22/2008,ILG,DE,AEA,EN,Towers with Radar,0,12,43,1,56,0,0,37,0,37,0,12,80,1,93,60,0,60,153
09/23/2008,ILG,DE,AEA,EN,Towers with Radar,0,9,55,10,74,0,0,43,15,58,0,9,98,25,132,22,38,60,192
09/24/2008,ILG,DE,AEA,EN,Towers with Radar,0,13,63,4,80,0,0,38,8,46,0,13,101,12,126,140,30,170,296
09/25/2008,ILG,DE,AEA,EN,Towers with Radar,0,16,65,7,88,0,0,14,1,15,0,16,79,8,103,0,0,0,103
09/26/2008,ILG,DE,AEA,EN,Towers with Radar,0,12,46,0,58,0,0,0,0,0,0,12,46,0,58,0,0,0,58
09/27/2008,ILG,DE,AEA,EN,Towers with Radar,1,4,33,0,38,0,0,4,0,4,1,4,37,0,42,4,0,4,46
09/28/2008,ILG,DE,AEA,EN,Towers with Radar,0,15,32,0,47,0,0,9,0,9,0,15,41,0,56,28,0,28,84
09/29/2008,ILG,DE,AEA,EN,Towers with Radar,0,14,52,5,71,0,0,36,0,36,0,14,88,5,107,71,0,71,178
09/30/2008,ILG,DE,AEA,EN,Towers with Radar,0,13,47,5,65,0,0,63,15,78,0,13,110,20,143,118,7,125,268
10/01/2008,ILG,DE,AEA,EN,Towers with Radar,0,9,39,8,56,0,0,47,2,49,0,9,86,10,105,56,10,66,171
10/02/2008,ILG,DE,AEA,EN,Towers with Radar,0,6,46,7,59,0,0,46,6,52,0,6,92,13,111,22,10,32,143
10/03/2008,ILG,DE,AEA,EN,Towers with Radar,0,9,59,0,68,0,0,50,10,60,0,9,109,10,128,48,50,98,226
10/04/2008,ILG,DE,AEA,EN,Towers with Radar,0,6,37,5,48,0,0,76,7,83,0,6,113,12,131,66,14,80,211
10/05/2008,ILG,DE,AEA,EN,Towers with Radar,0,10,30,2,42,0,0,94,14,108,0,10,124,16,150,90,48,138,288
10/06/2008,ILG,DE,AEA,EN,Towers with Radar,0,17,36,0,53,1,0,49,0,50,1,17,85,0,103,104,2,106,209
10/07/2008,ILG,DE,AEA,EN,Towers with Radar,0,13,71,5,89,0,0,83,6,89,0,13,154,11,178,68,24,92,270
10/08/2008,ILG,DE,AEA,EN,Towers with Radar,0,12,53,7,72,0,1,94,6,101,0,13,147,13,173,170,34,204,377
10/09/2008,ILG,DE,AEA,EN,Towers with Radar,0,18,41,3,62,0,0,35,8,43,0,18,76,11,105,80,14,94,199
10/10/2008,ILG,DE,AEA,EN,Towers with Radar,2,9,41,0,52,0,2,86,2,90,2,11,127,2,142,52,0,52,194
10/11/2008,ILG,DE,AEA,EN,Towers with Radar,0,8,41,0,49,0,1,89,0,90,0,9,130,0,139,70,0,70,209
10/12/2008,ILG,DE,AEA,EN,Towers with Radar,0,12,46,2,60,0,0,104,0,104,0,12,150,2,164,114,0,114,278
10/13/2008,ILG,DE,AEA,EN,Towers with Radar,1,7,48,0,56,0,0,79,0,79,1,7,127,0,135,82,0,82,217
10/14/2008,ILG,DE,AEA,EN,Towers with Radar,0,8,38,10,56,0,0,63,4,67,0,8,101,14,123,99,14,113,236
10/15/2008,ILG,DE,AEA,EN,Towers with Radar,0,10,49,5,64,0,0,55,12,67,0,10,104,17,131,74,36,110,241
10/16/2008,ILG,DE,AEA,EN,Towers with Radar,0,8,65,10,83,0,0,42,4,46,0,8,107,14,129,94,28,122,251
10/17/2008,ILG,DE,AEA,EN,Towers with Radar,0,10,48,6,64,0,0,67,2,69,0,10,115,8,133,84,0,84,217
10/18/2008,ILG,DE,AEA,EN,Towers with Radar,0,6,27,0,33,0,0,44,0,44,0,6,71,0,77,48,0,48,125
10/19/2008,ILG,DE,AEA,EN,Towers with Radar,0,6,26,3,35,0,0,53,3,56,0,6,79,6,91,70,20,90,181
10/20/2008,ILG,DE,AEA,EN,Towers with Radar,0,6,34,5,45,0,0,52,0,52,0,6,86,5,97,66,0,66,163
10/21/2008,ILG,DE,AEA,EN,Towers with Radar,0,9,44,1,54,0,0,32,10,42,0,9,76,11,96,80,30,110,206
10/22/2008,ILG,DE,AEA,EN,Towers with Radar,0,11,27,4,42,0,0,45,8,53,0,11,72,12,95,64,10,74,169
10/23/2008,ILG,DE,AEA,EN,Towers with Radar,0,9,36,7,52,0,0,47,11,58,0,9,83,18,110,88,46,134,244
10/24/2008,ILG,DE,AEA,EN,Towers with Radar,0,11,36,6,53,0,0,62,10,72,0,11,98,16,125,38,0,38,163
10/25/2008,ILG,DE,AEA,EN,Towers with Radar,0,9,11,0,20,0,0,9,0,9,0,9,20,0,29,8,0,8,37
10/26/2008,ILG,DE,AEA,EN,Towers with Radar,0,11,41,4,56,0,0,119,0,119,0,11,160,4,175,132,0,132,307
10/27/2008,ILG,DE,AEA,EN,Towers with Radar,0,4,28,7,39,0,0,36,0,36,0,4,64,7,75,6,16,22,97
10/28/2008,ILG,DE,AEA,EN,Towers with Radar,0,14,47,0,61,0,0,4,0,4,0,14,51,0,65,0,0,0,65
10/29/2008,ILG,DE,AEA,EN,Towers with Radar,0,7,48,10,65,0,0,11,9,20,0,7,59,19,85,0,14,14,99
10/30/2008,ILG,DE,AEA,EN,Towers with Radar,0,5,49,2,56,0,0,36,1,37,0,5,85,3,93,82,0,82,175
10/31/2008,ILG,DE,AEA,EN,Towers with Radar,0,7,31,0,38,0,0,77,0,77,0,7,108,0,115,80,6,86,201
11/01/2008,ILG,DE,AEA,EN,Towers with Radar,0,5,24,0,29,0,0,101,15,116,0,5,125,15,145,112,38,150,295
11/02/2008,ILG,DE,AEA,EN,Towers with Radar,0,7,26,2,35,0,0,49,7,56,0,7,75,9,91,88,40,128,219
11/03/2008,ILG,DE,AEA,EN,Towers with Radar,0,19,28,10,57,0,0,32,3,35,0,19,60,13,92,38,18,56,148
11/04/2008,ILG,DE,AEA,EN,Towers with Radar,1,10,38,2,51,0,0,64,12,76,1,10,102,14,127,48,2,50,177
11/05/2008,ILG,DE,AEA,EN,Towers with Radar,0,15,49,4,68,0,0,34,0,34,0,15,83,4,102,20,0,20,122
11/06/2008,ILG,DE,AEA,EN,Towers with Radar,0,14,41,3,58,0,0,8,0,8,0,14,49,3,66,10,4,14,80
11/07/2008,ILG,DE,AEA,EN,Towers with Radar,0,19,44,17,80,0,2,26,0,28,0,21,70,17,108,22,40,62,170
11/08/2008,ILG,DE,AEA,EN,Towers with Radar,0,6,16,5,27,0,0,6,0,6,0,6,22,5,33,6,0,6,39
11/09/2008,ILG,DE,AEA,EN,Towers with Radar,0,10,37,0,47,0,0,73,8,81,0,10,110,8,128,58,0,58,186
11/10/2008,ILG,DE,AEA,EN,Towers with Radar,0,9,34,5,48,0,0,49,5,54,0,9,83,10,102,24,0,24,126
11/11/2008,ILG,DE,AEA,EN,Towers with Radar,0,15,69,0,84,0,0,64,18,82,0,15,133,18,166,80,0,80,246
11/12/2008,ILG,DE,AEA,EN,Towers with Radar,0,6,57,8,71,0,0,41,15,56,0,6,98,23,127,80,6,86,213
11/13/2008,ILG,DE,AEA,EN,Towers with Radar,4,14,47,4,69,0,0,2,1,3,4,14,49,5,72,15,0,15,87
11/14/2008,ILG,DE,AEA,EN,Towers with Radar,0,5,25,2,32,0,0,0,0,0,0,5,25,2,32,0,0,0,32
11/15/2008,ILG,DE,AEA,EN,Towers with Radar,0,7,7,0,14,0,0,6,0,6,0,7,13,0,20,2,0,2,22
11/16/2008,ILG,DE,AEA,EN,Towers with Radar,0,11,20,2,33,0,0,22,0,22,0,11,42,2,55,16,0,16,71
11/17/2008,ILG,DE,AEA,EN,Towers with Radar,0,8,40,0,48,0,0,28,8,36,0,8,68,8,84,36,0,36,120
11/18/2008,ILG,DE,AEA,EN,Towers with Radar,4,6,33,3,46,0,0,16,17,33,4,6,49,20,79,10,8,18,97
11/19/2008,ILG,DE,AEA,EN,Towers with Radar,0,11,49,9,69,0,0,27,7,34,0,11,76,16,103,46,18,64,167
11/20/2008,ILG,DE,AEA,EN,Towers with Radar,0,14,53,2,69,0,0,27,3,30,0,14,80,5,99,44,8,52,151
11/21/2008,ILG,DE,AEA,EN,Towers with Radar,2,15,41,3,61,0,0,11,0,11,2,15,52,3,72,7,15,22,94
11/22/2008,ILG,DE,AEA,EN,Towers with Radar,2,7,20,0,29,0,0,46,0,46,2,7,66,0,75,26,0,26,101
11/23/2008,ILG,DE,AEA,EN,Towers with Radar,0,4,37,0,41,0,0,77,0,77,0,4,114,0,118,90,0,90,208
11/24/2008,ILG,DE,AEA,EN,Towers with Radar,1,7,43,9,60,0,0,41,9,50,1,7,84,18,110,74,4,78,188
11/25/2008,ILG,DE,AEA,EN,Towers with Radar,0,16,29,10,55,0,0,22,10,32,0,16,51,20,87,26,16,42,129
11/26/2008,ILG,DE,AEA,EN,Towers with Radar,0,10,46,11,67,0,0,26,22,48,0,10,72,33,115,38,0,38,153
11/27/2008,ILG,DE,AEA,EN,Towers with Radar,2,6,13,0,21,0,0,17,0,17,2,6,30,0,38,36,0,36,74
11/28/2008,ILG,DE,AEA,EN,Towers with Radar,0,2,26,0,28,0,0,38,0,38,0,2,64,0,66,14,0,14,80
11/29/2008,ILG,DE,AEA,EN,Towers with Radar,4,6,34,1,45,0,0,99,0,99,4,6,133,1,144,126,0,126,270
11/30/2008,ILG,DE,AEA,EN,Towers with Radar,0,22,37,0,59,0,0,0,0,0,0,22,37,0,59,0,0,0,59
12/01/2008,ILG,DE,AEA,EN,Towers with Radar,1,20,33,7,61,0,0,7,4,11,1,20,40,11,72,0,24,24,96
12/02/2008,ILG,DE,AEA,EN,Towers with Radar,0,8,41,12,61,0,0,56,14,70,0,8,97,26,131,54,16,70,201
12/03/2008,ILG,DE,AEA,EN,Towers with Radar,1,6,40,4,51,0,0,52,12,64,1,6,92,16,115,40,30,70,185
12/04/2008,ILG,DE,AEA,EN,Towers with Radar,1,11,38,18,68,0,1,41,9,51,1,12,79,27,119,26,14,40,159
12/05/2008,ILG,DE,AEA,EN,Towers with Radar,1,10,28,7,46,0,0,48,11,59,1,10,76,18,105,24,16,40,145
12/06/2008,ILG,DE,AEA,EN,Towers with Radar,0,13,54,12,79,0,0,13,1,14,0,13,67,13,93,0,0,0,93
12/07/2008,ILG,DE,AEA,EN,Towers with Radar,2,12,7,2,23,0,0,8,0,8,2,12,15,2,31,0,0,0,31
12/08/2008,ILG,DE,AEA,EN,Towers with Radar,3,13,64,19,99,0,0,49,6,55,3,13,113,25,154,0,16,16,170
12/09/2008,ILG,DE,AEA,EN,Towers with Radar,5,6,54,7,72,0,0,13,20,33,5,6,67,27,105,10,0,10,115
12/10/2008,ILG,DE,AEA,EN,Towers with Radar,2,22,56,7,87,0,0,13,0,13,2,22,69,7,100,0,9,9,109
12/11/2008,ILG,DE,AEA,EN,Towers with Radar,1,7,44,5,57,0,0,0,0,0,1,7,44,5,57,0,0,0,57
12/12/2008,ILG,DE,AEA,EN,Towers with Radar,0,8,30,3,41,0,2,16,16,34,0,10,46,19,75,0,22,22,97
12/13/2008,ILG,DE,AEA,EN,Towers with Radar,0,2,32,6,40,0,0,64,0,64,0,2,96,6,104,30,40,70,174
12/14/2008,ILG,DE,AEA,EN,Towers with Radar,0,6,31,3,40,0,0,46,4,50,0,6,77,7,90,146,20,166,256
12/15/2008,ILG,DE,AEA,EN,Towers with Radar,0,8,30,0,38,0,0,46,0,46,0,8,76,0,84,34,0,34,118
12/16/2008,ILG,DE,AEA,EN,Towers with Radar,2,13,30,2,47,0,0,13,8,21,2,13,43,10,68,20,24,44,112
12/17/2008,ILG,DE,AEA,EN,Towers with Radar,2,28,57,9,96,0,0,6,9,15,2,28,63,18,111,20,22,42,153
12/18/2008,ILG,DE,AEA,EN,Towers with Radar,2,41,44,4,91,0,0,73,11,84,2,41,117,15,175,97,12,109,284
12/19/2008,ILG,DE,AEA,EN,Towers with Radar,0,19,23,2,44,0,0,4,0,4,0,19,27,2,48,14,0,14,62
12/20/2008,ILG,DE,AEA,EN,Towers with Radar,0,4,25,0,29,0,0,13,2,15,0,4,38,2,44,72,0,72,116
12/21/2008,ILG,DE,AEA,EN,Towers with Radar,0,4,9,0,13,0,0,3,0,3,0,4,12,0,16,6,0,6,22
12/22/2008,ILG,DE,AEA,EN,Towers with Radar,0,12,15,0,27,0,0,14,0,14,0,12,29,0,41,30,0,30,71
12/23/2008,ILG,DE,AEA,EN,Towers with Radar,0,7,45,7,59,0,0,73,16,89,0,7,118,23,148,56,28,84,232
12/24/2008,ILG,DE,AEA,EN,Towers with Radar,0,3,12,0,15,0,0,5,0,5,0,3,17,0,20,0,0,0,20
12/25/2008,ILG,DE,AEA,EN,Towers with Radar,0,8,7,0,15,0,0,5,0,5,0,8,12,0,20,0,0,0,20
12/26/2008,ILG,DE,AEA,EN,Towers with Radar,0,12,30,0,42,0,0,47,0,47,0,12,77,0,89,30,0,30,119
12/27/2008,ILG,DE,AEA,EN,Towers with Radar,0,8,44,0,52,0,0,1,0,1,0,8,45,0,53,0,0,0,53
12/28/2008,ILG,DE,AEA,EN,Towers with Radar,0,11,13,0,24,0,0,7,0,7,0,11,20,0,31,0,0,0,31
12/29/2008,ILG,DE,AEA,EN,Towers with Radar,0,5,34,0,39,0,0,66,2,68,0,5,100,2,107,26,0,26,133
12/30/2008,ILG,DE,AEA,EN,Towers with Radar,0,15,22,8,45,0,0,20,11,31,0,15,42,19,76,14,21,35,111
12/31/2008,ILG,DE,AEA,EN,Towers with Radar,0,4,13,0,17,0,0,11,0,11,0,4,24,0,28,9,0,9,37
01/01/2009,ILG,DE,AEA,EN,Towers with Radar,0,5,29,0,34,0,4,33,0,37,0,9,62,0,71,14,0,14,85
01/02/2009,ILG,DE,AEA,EN,Towers with Radar,0,7,22,0,29,0,0,26,0,26,0,7,48,0,55,8,0,8,63
01/03/2009,ILG,DE,AEA,EN,Towers with Radar,0,10,31,0,41,0,0,56,0,56,0,10,87,0,97,116,0,116,213
01/04/2009,ILG,DE,AEA,EN,Towers with Radar,0,10,25,0,35,0,0,74,0,74,0,10,99,0,109,154,0,154,263
01/05/2009,ILG,DE,AEA,EN,Towers with Radar,0,16,32,2,50,0,0,31,2,33,0,16,63,4,83,9,11,20,103
01/06/2009,ILG,DE,AEA,EN,Towers with Radar,0,7,13,0,20,0,0,14,1,15,0,7,27,1,35,18,0,18,53
01/07/2009,ILG,DE,AEA,EN,Towers with Radar,0,4,27,2,33,0,0,0,0,0,0,4,27,2,33,0,0,0,33
01/08/2009,ILG,DE,AEA,EN,Towers with Radar,0,6,26,3,35,0,0,21,11,32,0,6,47,14,67,12,0,12,79
01/09/2009,ILG,DE,AEA,EN,Towers with Radar,0,14,31,11,56,0,0,48,13,61,0,14,79,24,117,42,56,98,215
01/10/2009,ILG,DE,AEA,EN,Towers with Radar,0,0,14,0,14,0,0,9,0,9,0,0,23,0,23,20,0,20,43
01/11/2009,ILG,DE,AEA,EN,Towers with Radar,0,9,22,7,38,0,0,32,12,44,0,9,54,19,82,16,33,49,131
01/12/2009,ILG,DE,AEA,EN,Towers with Radar,0,6,35,6,47,0,0,37,0,37,0,6,72,6,84,64,0,64,148
01/13/2009,ILG,DE,AEA,EN,Towers with Radar,0,10,53,5,68,0,0,42,16,58,0,10,95,21,126,58,2,60,186
01/14/2009,ILG,DE,AEA,EN,Towers with Radar,0,10,30,9,49,0,3,47,7,57,0,13,77,16,106,22,22,44,150
01/15/2009,ILG,DE,AEA,EN,Towers with Radar,0,11,40,7,58,0,0,12,16,28,0,11,52,23,86,14,20,34,120
01/16/2009,ILG,DE,AEA,EN,Towers with Radar,0,10,37,7,54,0,0,31,2,33,0,10,68,9,87,6,10,16,103
01/17/2009,ILG,DE,AEA,EN,Towers with Radar,0,3,17,0,20,0,0,41,2,43,0,3,58,2,63,0,0,0,63
01/18/2009,ILG,DE,AEA,EN,Towers with Radar,0,2,14,0,16,0,0,17,0,17,0,2,31,0,33,36,0,36,69
01/19/2009,ILG,DE,AEA,EN,Towers with Radar,0,5,32,2,39,0,0,0,4,4,0,5,32,6,43,0,0,0,43
01/20/2009,ILG,DE,AEA,EN,Towers with Radar,0,8,26,3,37,0,0,31,11,42,0,8,57,14,79,16,8,24,103
01/21/2009,ILG,DE,AEA,EN,Towers with Radar,0,9,23,8,40,0,0,27,12,39,0,9,50,20,79,16,2,18,97
01/22/2009,ILG,DE,AEA,EN,Towers with Radar,2,6,38,15,61,0,0,47,13,60,2,6,85,28,121,14,34,48,169
01/23/2009,ILG,DE,AEA,EN,Towers with Radar,0,6,22,3,31,0,0,63,8,71,0,6,85,11,102,84,14,98,200
01/24/2009,ILG,DE,AEA,EN,Towers with Radar,0,1,19,3,23,0,0,31,1,32,0,1,50,4,55,26,0,26,81
01/25/2009,ILG,DE,AEA,EN,Towers with Radar,0,5,15,4,24,0,2,69,0,71,0,7,84,4,95,66,0,66,161
01/26/2009,ILG,DE,AEA,EN,Towers with Radar,0,4,22,1,27,0,0,31,0,31,0,4,53,1,58,22,2,24,82
01/27/2009,ILG,DE,AEA,EN,Towers with Radar,0,2,28,4,34,0,0,6,0,6,0,2,34,4,40,6,0,6,46
01/28/2009,ILG,DE,AEA,EN,Towers with Radar,0,5,12,0,17,0,0,1,0,1,0,5,13,0,18,0,0,0,18
01/29/2009,ILG,DE,AEA,EN,Towers with Radar,0,4,30,8,42,0,0,34,8,42,0,4,64,16,84,24,42,66,150
01/30/2009,ILG,DE,AEA,EN,Towers with Radar,0,5,26,12,43,0,0,22,1,23,0,5,48,13,66,32,2,34,100
01/31/2009,ILG,DE,AEA,EN,Towers with Radar,0,8,11,0,19,0,0,34,0,34,0,8,45,0,53,6,0,6,59
02/01/2009,ILG,DE,AEA,EN,Towers with Radar,0,11,18,1,30,0,0,60,0,60,0,11,78,1,90,74,0,74,164
02/02/2009,ILG,DE,AEA,EN,Towers with Radar,0,8,23,7,38,0,0,43,8,51,0,8,66,15,89,46,10,56,145
02/03/2009,ILG,DE,AEA,EN,Towers with Radar,0,6,16,0,22,0,0,1,2,3,0,6,17,2,25,0,22,22,47
02/04/2009,ILG,DE,AEA,EN,Towers with Radar,0,6,21,4,31,0,0,17,33,50,0,6,38,37,81,11,34,45,126
02/05/2009,ILG,DE,AEA,EN,Towers with Radar,0,4,25,6,35,0,0,19,14,33,0,4,44,20,68,16,30,46,114
02/06/2009,ILG,DE,AEA,EN,Towers with Radar,0,8,27,13,48,0,0,38,8,46,0,8,65,21,94,26,8,34,128
02/07/2009,ILG,DE,AEA,EN,Towers with Radar,0,1,20,3,24,0,0,93,6,99,0,1,113,9,123,98,38,136,259
02/08/2009,ILG,DE,AEA,EN,Towers with Radar,0,3,25,0,28,0,0,42,2,44,0,3,67,2,72,48,2,50,122
02/09/2009,ILG,DE,AEA,EN,Towers with Radar,0,4,48,2,54,0,0,43,0,43,0,4,91,2,97,30,0,30,127
02/10/2009,ILG,DE,AEA,EN,Towers with Radar,0,11,47,7,65,0,0,52,23,75,0,11,99,30,140,32,30,62,202
02/11/2009,ILG,DE,AEA,EN,Towers with Radar,0,11,46,10,67,0,1,32,23,56,0,12,78,33,123,12,2,14,137
02/12/2009,ILG,DE,AEA,EN,Towers with Radar,0,3,23,0,26,0,0,2,0,2,0,3,25,0,28,0,0,0,28
02/13/2009,ILG,DE,AEA,EN,Towers with Radar,0,13,33,5,51,0,0,25,22,47,0,13,58,27,98,30,0,30,128
02/14/2009,ILG,DE,AEA,EN,Towers with Radar,0,2,14,0,16,0,0,58,13,71,0,2,72,13,87,176,0,176,263
02/15/2009,ILG,DE,AEA,EN,Towers with Radar,0,11,30,6,47,0,0,73,0,73,0,11,103,6,120,100,0,100,220
02/16/2009,ILG,DE,AEA,EN,Towers with Radar,0,12,36,0,48,0,0,37,0,37,0,12,73,0,85,38,0,38,123
02/17/2009,ILG,DE,AEA,EN,Towers with Radar,0,20,50,7,77,0,0,53,14,67,0,20,103,21,144,78,18,96,240
02/18/2009,ILG,DE,AEA,EN,Towers with Radar,0,9,25,1,35,0,0,1,0,1,0,9,26,1,36,0,0,0,36
02/19/2009,ILG,DE,AEA,EN,Towers with Radar,0,8,26,0,34,0,0,15,6,21,0,8,41,6,55,10,20,30,85
02/20/2009,ILG,DE,AEA,EN,Towers with Radar,0,2,18,4,24,0,0,10,7,17,0,2,28,11,41,10,0,10,51
02/21/2009,ILG,DE,AEA,EN,Towers with Radar,0,8,25,0,33,0,0,84,2,86,0,8,109,2,119,126,0,126,245
02/22/2009,ILG,DE,AEA,EN,Towers with Radar,0,6,8,4,18,0,0,4,0,4,0,6,12,4,22,0,0,0,22
02/23/2009,ILG,DE,AEA,EN,Towers with Radar,0,12,37,2,51,0,0,9,0,9,0,12,46,2,60,0,0,0,60
02/24/2009,ILG,DE,AEA,EN,Towers with Radar,0,10,27,8,45,0,0,26,15,41,0,10,53,23,86,38,22,60,146
02/25/2009,ILG,DE,AEA,EN,Towers with Radar,0,13,26,3,42,0,2,59,9,70,0,15,85,12,112,62,10,72,184
02/26/2009,ILG,DE,AEA,EN,Towers with Radar,0,5,46,7,58,0,0,39,15,54,0,5,85,22,112,40,46,86,198
02/27/2009,ILG,DE,AEA,EN,Towers with Radar,0,4,29,11,44,0,3,23,0,26,0,7,52,11,70,40,6,46,116
02/28/2009,ILG,DE,AEA,EN,Towers with Radar,0,10,23,7,40,0,2,54,4,60,0,12,77,11,100,62,42,104,204
03/01/2009,ILG,DE,AEA,EN,Towers with Radar,0,6,22,2,30,0,0,8,0,8,0,6,30,2,38,48,0,48,86
03/02/2009,ILG,DE,AEA,EN,Towers with Radar,0,4,25,0,29,0,4,0,0,4,0,8,25,0,33,0,0,0,33
03/03/2009,ILG,DE,AEA,EN,Towers with Radar,0,9,21,0,30,0,1,15,6,22,0,10,36,6,52,12,0,12,64
03/04/2009,ILG,DE,AEA,EN,Towers with Radar,0,9,20,5,34,0,0,38,8,46,0,9,58,13,80,36,10,46,126
03/05/2009,ILG,DE,AEA,EN,Towers with Radar,0,10,40,0,50,0,0,40,9,49,0,10,80,9,99,106,16,122,221
03/06/2009,ILG,DE,AEA,EN,Towers with Radar,0,5,22,3,30,0,0,31,9,40,0,5,53,12,70,32,0,32,102
03/07/2009,ILG,DE,AEA,EN,Towers with Radar,0,4,17,0,21,0,0,82,5,87,0,4,99,5,108,66,0,66,174
03/08/2009,ILG,DE,AEA,EN,Towers with Radar,0,9,26,5,40,0,0,66,11,77,0,9,92,16,117,68,34,102,219
03/09/2009,ILG,DE,AEA,EN,Towers with Radar,0,15,19,3,37,0,0,17,2,19,0,15,36,5,56,44,18,62,118
03/10/2009,ILG,DE,AEA,EN,Towers with Radar,0,10,32,12,54,0,3,25,16,44,0,13,57,28,98,51,6,57,155
03/11/2009,ILG,DE,AEA,EN,Towers with Radar,0,8,31,3,42,0,0,5,6,11,0,8,36,9,53,18,4,22,75
03/12/2009,ILG,DE,AEA,EN,Towers with Radar,0,9,49,5,63,0,1,73,15,89,0,10,122,20,152,94,18,112,264
03/13/2009,ILG,DE,AEA,EN,Towers with Radar,0,14,46,5,65,0,0,45,5,50,0,14,91,10,115,60,10,70,185
03/14/2009,ILG,DE,AEA,EN,Towers with Radar,0,5,26,0,31,0,0,78,7,85,0,5,104,7,116,52,20,72,188
03/15/2009,ILG,DE,AEA,EN,Towers with Radar,0,9,36,2,47,0,2,4,2,8,0,11,40,4,55,0,0,0,55
03/16/2009,ILG,DE,AEA,EN,Towers with Radar,0,17,42,27,86,0,0,40,9,49,0,17,82,36,135,68,120,188,323
03/17/2009,ILG,DE,AEA,EN,Towers with Radar,0,9,44,2,55,0,1,51,14,66,0,10,95,16,121,32,0,32,153
03/18/2009,ILG,DE,AEA,EN,Towers with Radar,0,6,30,2,38,0,0,46,5,51,0,6,76,7,89,42,38,80,169
03/19/2009,ILG,DE,AEA,EN,Towers with Radar,0,16,31,13,60,0,0,17,15,32,0,16,48,28,92,18,28,46,138
03/20/2009,ILG,DE,AEA,EN,Towers with Radar,0,11,29,10,50,0,0,39,5,44,0,11,68,15,94,36,53,89,183
03/21/2009,ILG,DE,AEA,EN,Towers with Radar,0,16,39,0,55,0,0,82,0,82,0,16,121,0,137,90,0,90,227
03/22/2009,ILG,DE,AEA,EN,Towers with Radar,0,7,40,0,47,0,0,76,2,78,0,7,116,2,125,66,16,82,207
03/23/2009,ILG,DE,AEA,EN,Towers with Radar,0,11,28,3,42,0,0,36,0,36,0,11,64,3,78,44,8,52,130
03/24/2009,ILG,DE,AEA,EN,Towers with Radar,0,7,37,3,47,0,0,47,10,57,0,7,84,13,104,68,17,85,189
03/25/2009,ILG,DE,AEA,EN,Towers with Radar,0,5,17,4,26,0,0,57,6,63,0,5,74,10,89,99,28,127,216
03/26/2009,ILG,DE,AEA,EN,Towers with Radar,0,7,39,3,49,0,0,0,0,0,0,7,39,3,49,0,0,0,49
03/27/2009,ILG,DE,AEA,EN,Towers with Radar,0,1,24,8,33,0,0,71,0,71,0,1,95,8,104,88,22,110,214
03/28/2009,ILG,DE,AEA,EN,Towers with Radar,0,12,43,5,60,0,0,16,0,16,0,12,59,5,76,0,0,0,76
03/29/2009,ILG,DE,AEA,EN,Towers with Radar,0,17,35,2,54,0,0,15,0,15,0,17,50,2,69,32,0,32,101
03/30/2009,ILG,DE,AEA,EN,Towers with Radar,0,7,23,4,34,0,0,5,5,10,0,7,28,9,44,2,2,4,48
03/31/2009,ILG,DE,AEA,EN,Towers with Radar,0,5,49,15,69,0,0,98,15,113,0,5,147,30,182,150,0,150,332
04/01/2009,ILG,DE,AEA,EN,Towers with Radar,0,9,27,3,39,0,0,7,0,7,0,9,34,3,46,0,10,10,56
04/02/2009,ILG,DE,AEA,EN,Towers with Radar,0,6,29,2,37,0,0,30,5,35,0,6,59,7,72,39,8,47,119
04/03/2009,ILG,DE,AEA,EN,Towers with Radar,0,16,28,0,44,0,0,2,0,2,0,16,30,0,46,6,0,6,52
04/04/2009,ILG,DE,AEA,EN,Towers with Radar,0,4,7,8,19,0,0,7,9,16,0,4,14,17,35,0,30,30,65
04/05/2009,ILG,DE,AEA,EN,Towers with Radar,0,9,34,9,52,0,0,78,2,80,0,9,112,11,132,84,0,84,216
04/06/2009,ILG,DE,AEA,EN,Towers with Radar,0,10,19,0,29,0,0,5,0,5,0,10,24,0,34,0,0,0,34
04/07/2009,ILG,DE,AEA,EN,Towers with Radar,0,2,26,9,37,0,2,20,11,33,0,4,46,20,70,6,12,18,88
04/08/2009,ILG,DE,AEA,EN,Towers with Radar,0,2,29,2,33,0,0,14,15,29,0,2,43,17,62,12,22,34,96
04/09/2009,ILG,DE,AEA,EN,Towers with Radar,0,3,45,4,52,0,0,80,3,83,0,3,125,7,135,140,14,154,289
04/10/2009,ILG,DE,AEA,EN,Towers with Radar,0,5,21,0,26,0,0,38,0,38,0,5,59,0,64,62,0,62,126
04/11/2009,ILG,DE,AEA,EN,Towers with Radar,0,5,20,1,26,0,0,18,0,18,0,5,38,1,44,30,0,30,74
04/12/2009,ILG,DE,AEA,EN,Towers with Radar,0,8,21,0,29,0,0,26,0,26,0,8,47,0,55,8,0,8,63
04/13/2009,ILG,DE,AEA,EN,Towers with Radar,0,11,34,7,52,0,0,63,0,63,0,11,97,7,115,108,16,124,239
04/14/2009,ILG,DE,AEA,EN,Towers with Radar,0,8,16,8,32,0,0,1,0,1,0,8,17,8,33,0,0,0,33
04/15/2009,ILG,DE,AEA,EN,Towers with Radar,0,6,25,0,31,0,0,0,3,3,0,6,25,3,34,0,0,0,34
04/16/2009,ILG,DE,AEA,EN,Towers with Radar,0,5,43,13,61,0,0,66,0,66,0,5,109,13,127,124,30,154,281
04/17/2009,ILG,DE,AEA,EN,Towers with Radar,0,8,33,6,47,0,0,68,11,79,0,8,101,17,126,6,12,18,144
04/18/2009,ILG,DE,AEA,EN,Towers with Radar,0,3,25,5,33,0,0,117,7,124,0,3,142,12,157,80,0,80,237
04/19/2009,ILG,DE,AEA,EN,Towers with Radar,0,3,32,13,48,0,0,54,8,62,0,3,86,21,110,110,12,122,232
04/20/2009,ILG,DE,AEA,EN,Towers with Radar,0,11,24,2,37,0,0,0,0,0,0,11,24,2,37,0,0,0,37
04/21/2009,ILG,DE,AEA,EN,Towers with Radar,0,6,32,9,47,0,0,29,12,41,0,6,61,21,88,77,40,117,205
04/22/2009,ILG,DE,AEA,EN,Towers with Radar,0,2,33,0,35,0,0,22,4,26,0,2,55,4,61,10,0,10,71
04/23/2009,ILG,DE,AEA,EN,Towers with Radar,0,8,40,9,57,0,3,26,14,43,0,11,66,23,100,22,6,28,128
04/24/2009,ILG,DE,AEA,EN,Towers with Radar,0,4,36,6,46,0,0,62,7,69,0,4,98,13,115,34,4,38,153
04/25/2009,ILG,DE,AEA,EN,Towers with Radar,0,1,23,2,26,0,0,45,0,45,0,1,68,2,71,44,0,44,115
04/26/2009,ILG,DE,AEA,EN,Towers with Radar,0,0,19,0,19,0,0,80,0,80,0,0,99,0,99,69,0,69,168
04/27/2009,ILG,DE,AEA,EN,Towers with Radar,0,6,34,21,61,0,0,44,7,51,0,6,78,28,112,22,34,56,168
04/28/2009,ILG,DE,AEA,EN,Towers with Radar,1,6,41,21,69,0,0,34,17,51,1,6,75,38,120,106,86,192,312
04/29/2009,ILG,DE,AEA,EN,Towers with Radar,0,13,31,19,63,0,0,24,10,34,0,13,55,29,97,18,52,70,167
04/30/2009,ILG,DE,AEA,EN,Towers with Radar,0,13,34,5,52,0,0,45,17,62,0,13,79,22,114,32,12,44,158
05/01/2009,ILG,DE,AEA,EN,Towers with Radar,0,14,27,2,43,0,0,1,0,1,0,14,28,2,44,0,0,0,44
05/02/2009,ILG,DE,AEA,EN,Towers with Radar,0,8,22,2,32,0,0,15,5,20,0,8,37,7,52,0,0,0,52
05/03/2009,ILG,DE,AEA,EN,Towers with Radar,1,6,21,0,28,0,0,0,0,0,1,6,21,0,28,0,0,0,28
05/04/2009,ILG,DE,AEA,EN,Towers with Radar,0,14,48,0,62,0,0,0,0,0,0,14,48,0,62,0,0,0,62
05/05/2009,ILG,DE,AEA,EN,Towers with Radar,0,9,31,9,49,0,0,1,3,4,0,9,32,12,53,0,12,12,65
05/06/2009,ILG,DE,AEA,EN,Towers with Radar,0,5,40,9,54,0,0,12,9,21,0,5,52,18,75,0,24,24,99
05/07/2009,ILG,DE,AEA,EN,Towers with Radar,0,10,31,6,47,0,0,6,3,9,0,10,37,9,56,18,11,29,85
05/08/2009,ILG,DE,AEA,EN,Towers with Radar,0,6,46,0,52,0,0,91,5,96,0,6,137,5,148,40,0,40,188
05/09/2009,ILG,DE,AEA,EN,Towers with Radar,0,9,31,0,40,0,0,66,0,66,0,9,97,0,106,56,6,62,168
05/10/2009,ILG,DE,AEA,EN,Towers with Radar,0,15,14,3,32,0,0,41,1,42,0,15,55,4,74,10,0,10,84
05/11/2009,ILG,DE,AEA,EN,Towers with Radar,1,6,30,10,47,0,0,46,15,61,1,6,76,25,108,20,38,58,166
05/12/2009,ILG,DE,AEA,EN,Towers with Radar,0,6,27,3,36,0,0,61,6,67,0,6,88,9,103,72,18,90,193
05/13/2009,ILG,DE,AEA,EN,Towers with Radar,0,22,40,5,67,0,0,48,13,61,0,22,88,18,128,48,68,116,244
05/14/2009,ILG,DE,AEA,EN,Towers with Radar,0,13,40,6,59,0,0,7,0,7,0,13,47,6,66,50,0,50,116
05/15/2009,ILG,DE,AEA,EN,Towers with Radar,0,3,46,6,55,0,0,46,0,46,0,3,92,6,101,88,2,90,191
05/16/2009,ILG,DE,AEA,EN,Towers with Radar,0,5,14,1,20,0,0,4,0,4,0,5,18,1,24,4,0,4,28
05/17/2009,ILG,DE,AEA,EN,Towers with Radar,0,6,19,2,27,0,0,11,0,11,0,6,30,2,38,32,0,32,70
05/18/2009,ILG,DE,AEA,EN,Towers with Radar,0,7,41,3,51,0,0,24,0,24,0,7,65,3,75,32,0,32,107
05/19/2009,ILG,DE,AEA,EN,Towers with Radar,0,14,34,17,65,0,0,63,10,73,0,14,97,27,138,80,44,124,262
05/20/2009,ILG,DE,AEA,EN,Towers with Radar,1,7,36,3,47,0,0,84,8,92,1,7,120,11,139,96,58,154,293
05/21/2009,ILG,DE,AEA,EN,Towers with Radar,0,8,38,13,59,0,1,56,6,63,0,9,94,19,122,66,40,106,228
05/22/2009,ILG,DE,AEA,EN,Towers with Radar,0,14,25,6,45,0,0,102,7,109,0,14,127,13,154,103,0,103,257
05/23/2009,ILG,DE,AEA,EN,Towers with Radar,0,8,16,0,24,0,0,72,0,72,0,8,88,0,96,84,2,86,182
05/24/2009,ILG,DE,AEA,EN,Towers with Radar,0,21,17,1,39,0,0,41,0,41,0,21,58,1,80,62,0,62,142
05/25/2009,ILG,DE,AEA,EN,Towers with Radar,0,6,37,0,43,0,0,52,0,52,0,6,89,0,95,36,0,36,131
05/26/2009,ILG,DE,AEA,EN,Towers with Radar,1,8,32,6,47,0,0,16,5,21,1,8,48,11,68,14,12,26,94
05/27/2009,ILG,DE,AEA,EN,Towers with Radar,0,17,32,12,61,0,0,14,7,21,0,17,46,19,82,26,8,34,116
05/28/2009,ILG,DE,AEA,EN,Towers with Radar,0,9,40,5,54,0,0,19,12,31,0,9,59,17,85,8,14,22,107
05/29/2009,ILG,DE,AEA,EN,Towers with Radar,0,9,39,2,50,0,0,6,7,13,0,9,45,9,63,0,0,0,63
05/30/2009,ILG,DE,AEA,EN,Towers with Radar,0,8,26,0,34,0,0,128,8,136,0,8,154,8,170,152,66,218,388
05/31/2009,ILG,DE,AEA,EN,Towers with Radar,0,3,19,2,24,0,0,72,0,72,0,3,91,2,96,114,0,114,210
06/01/2009,ILG,DE,AEA,EN,Towers with Radar,0,14,64,3,81,0,0,85,0,85,0,14,149,3,166,131,0,131,297
06/02/2009,ILG,DE,AEA,EN,Towers with Radar,0,8,31,2,41,0,0,26,15,41,0,8,57,17,82,66,12,78,160
06/03/2009,ILG,DE,AEA,EN,Towers with Radar,0,1,30,2,33,0,0,17,0,17,0,1,47,2,50,36,0,36,86
06/04/2009,ILG,DE,AEA,EN,Towers with Radar,1,8,49,5,63,0,0,9,10,19,1,8,58,15,82,12,32,44,126
06/05/2009,ILG,DE,AEA,EN,Towers with Radar,0,20,22,6,48,0,0,0,0,0,0,20,22,6,48,0,0,0,48
06/06/2009,ILG,DE,AEA,EN,Towers with Radar,0,1,22,9,32,0,0,68,13,81,0,1,90,22,113,118,0,118,231
06/07/2009,ILG,DE,AEA,EN,Towers with Radar,0,7,21,5,33,0,2,94,2,98,0,9,115,7,131,180,10,190,321
06/08/2009,ILG,DE,AEA,EN,Towers with Radar,0,6,25,7,38,0,0,20,4,24,0,6,45,11,62,28,16,44,106
06/09/2009,ILG,DE,AEA,EN,Towers with Radar,0,6,20,4,30,0,0,16,1,17,0,6,36,5,47,0,0,0,47
06/10/2009,ILG,DE,AEA,EN,Towers with Radar,0,15,61,6,82,0,0,69,10,79,0,15,130,16,161,128,51,179,340
06/11/2009,ILG,DE,AEA,EN,Towers with Radar,0,9,30,7,46,0,0,1,0,1,0,9,31,7,47,0,0,0,47
06/12/2009,ILG,DE,AEA,EN,Towers with Radar,0,4,40,9,53,0,0,23,3,26,0,4,63,12,79,50,0,50,129
06/13/2009,ILG,DE,AEA,EN,Towers with Radar,0,2,20,1,23,0,0,40,0,40,0,2,60,1,63,72,0,72,135
06/14/2009,ILG,DE,AEA,EN,Towers with Radar,0,9,43,13,65,0,0,90,11,101,0,9,133,24,166,130,30,160,326
06/15/2009,ILG,DE,AEA,EN,Towers with Radar,0,13,39,8,60,0,0,38,5,43,0,13,77,13,103,70,58,128,231
06/16/2009,ILG,DE,AEA,EN,Towers with Radar,0,2,28,24,54,0,0,43,9,52,0,2,71,33,106,74,42,116,222
06/17/2009,ILG,DE,AEA,EN,Towers with Radar,0,7,64,12,83,0,0,52,12,64,0,7,116,24,147,65,46,111,258
06/18/2009,ILG,DE,AEA,EN,Towers with Radar,0,17,38,1,56,0,0,0,0,0,0,17,38,1,56,0,0,0,56
06/19/2009,ILG,DE,AEA,EN,Towers with Radar,0,8,36,11,55,0,0,73,7,80,0,8,109,18,135,78,0,78,213
06/20/2009,ILG,DE,AEA,EN,Towers with Radar,0,9,7,1,17,0,0,5,0,5,0,9,12,1,22,0,0,0,22
06/21/2009,ILG,DE,AEA,EN,Towers with Radar,0,0,29,2,31,0,0,38,0,38,0,0,67,2,69,16,0,16,85
06/22/2009,ILG,DE,AEA,EN,Towers with Radar,0,11,43,14,68,0,1,59,6,66,0,12,102,20,134,56,38,94,228
06/23/2009,ILG,DE,AEA,EN,Towers with Radar,0,6,51,2,59,0,3,82,8,93,0,9,133,10,152,62,10,72,224
06/24/2009,ILG,DE,AEA,EN,Towers with Radar,0,7,39,6,52,0,0,63,10,73,0,7,102,16,125,30,26,56,181
06/25/2009,ILG,DE,AEA,EN,Towers with Radar,0,8,41,9,58,0,0,37,10,47,0,8,78,19,105,62,12,74,179
06/26/2009,ILG,DE,AEA,EN,Towers with Radar,0,7,29,3,39,0,0,52,3,55,0,7,81,6,94,50,12,62,156
06/27/2009,ILG,DE,AEA,EN,Towers with Radar,0,6,28,1,35,0,0,64,0,64,0,6,92,1,99,58,0,58,157
06/28/2009,ILG,DE,AEA,EN,Towers with Radar,0,12,25,0,37,0,0,80,0,80,0,12,105,0,117,84,10,94,211
06/29/2009,ILG,DE,AEA,EN,Towers with Radar,0,5,36,5,46,0,2,51,4,57,0,7,87,9,103,72,34,106,209
06/30/2009,ILG,DE,AEA,EN,Towers with Radar,0,6,48,1,55,0,0,36,12,48,0,6,84,13,103,52,22,74,177
07/01/2009,ILG,DE,AEA,EN,Towers with Radar,0,10,29,12,51,0,0,38,11,49,0,10,67,23,100,30,66,96,196
07/02/2009,ILG,DE,AEA,EN,Towers with Radar,0,6,22,3,31,0,0,25,5,30,0,6,47,8,61,24,20,44,105
07/03/2009,ILG,DE,AEA,EN,Towers with Radar,0,5,30,3,38,0,0,39,0,39,0,5,69,3,77,68,0,68,145
07/04/2009,ILG,DE,AEA,EN,Towers with Radar,0,1,19,0,20,0,0,40,0,40,0,1,59,0,60,20,0,20,80
07/05/2009,ILG,DE,AEA,EN,Towers with Radar,0,6,36,0,42,0,0,65,3,68,0,6,101,3,110,76,30,106,216
07/06/2009,ILG,DE,AEA,EN,Towers with Radar,0,11,56,2,69,0,0,51,2,53,0,11,107,4,122,108,6,114,236
07/07/2009,ILG,DE,AEA,EN,Towers with Radar,0,4,26,10,40,0,0,38,1,39,0,4,64,11,79,72,30,102,181
07/08/2009,ILG,DE,AEA,EN,Towers with Radar,0,9,38,7,54,0,0,67,9,76,0,9,105,16,130,78,20,98,228
07/09/2009,ILG,DE,AEA,EN,Towers with Radar,0,7,28,7,42,0,0,50,11,61,0,7,78,18,103,84,8,92,195
07/10/2009,ILG,DE,AEA,EN,Towers with Radar,0,4,40,2,46,0,10,59,2,71,0,14,99,4,117,128,0,128,245
07/11/2009,ILG,DE,AEA,EN,Towers with Radar,0,3,32,3,38,0,0,116,3,119,0,3,148,6,157,78,22,100,257
07/12/2009,ILG,DE,AEA,EN,Towers with Radar,0,9,31,5,45,0,0,98,7,105,0,9,129,12,150,86,14,100,250
07/13/2009,ILG,DE,AEA,EN,Towers with Radar,0,11,31,3,45,0,0,62,0,62,0,11,93,3,107,52,0,52,159
07/14/2009,ILG,DE,AEA,EN,Towers with Radar,0,11,49,4,64,0,0,60,7,67,0,11,109,11,131,36,30,66,197
07/15/2009,ILG,DE,AEA,EN,Towers with Radar,0,12,48,3,63,0,0,62,11,73,0,12,110,14,136,36,11,47,183
07/16/2009,ILG,DE,AEA,EN,Towers with Radar,0,16,37,10,63,0,0,26,3,29,0,16,63,13,92,40,12,52,144
07/17/2009,ILG,DE,AEA,EN,Towers with Radar,0,13,40,2,55,0,0,41,0,41,0,13,81,2,96,26,0,26,122
07/18/2009,ILG,DE,AEA,EN,Towers with Radar,0,8,33,0,41,0,0,85,0,85,0,8,118,0,126,66,0,66,192
07/19/2009,ILG,DE,AEA,EN,Towers with Radar,0,17,41,3,61,0,1,100,0,101,0,18,141,3,162,72,0,72,234
07/20/2009,ILG,DE,AEA,EN,Towers with Radar,0,4,56,0,60,0,0,66,0,66,0,4,122,0,126,120,0,120,246
07/21/2009,ILG,DE,AEA,EN,Towers with Radar,0,12,41,7,60,0,0,39,5,44,0,12,80,12,104,62,50,112,216
07/22/2009,ILG,DE,AEA,EN,Towers with Radar,0,9,56,6,71,0,0,58,13,71,0,9,114,19,142,70,8,78,220
07/23/2009,ILG,DE,AEA,EN,Towers with Radar,0,8,52,3,63,0,0,0,0,0,0,8,52,3,63,0,10,10,73
07/24/2009,ILG,DE,AEA,EN,Towers with Radar,0,11,37,3,51,0,0,22,0,22,0,11,59,3,73,62,0,62,135
07/25/2009,ILG,DE,AEA,EN,Towers with Radar,0,3,16,2,21,0,0,87,0,87,0,3,103,2,108,160,0,160,268
07/26/2009,ILG,DE,AEA,EN,Towers with Radar,0,5,16,5,26,2,2,60,0,64,2,7,76,5,90,128,0,128,218
07/27/2009,ILG,DE,AEA,EN,Towers with Radar,0,9,60,2,71,0,0,62,2,64,0,9,122,4,135,88,24,112,247
07/28/2009,ILG,DE,AEA,EN,Towers with Radar,0,6,57,3,66,0,0,54,19,73,0,6,111,22,139,100,82,182,321
07/29/2009,ILG,DE,AEA,EN,Towers with Radar,0,9,36,7,52,0,0,20,4,24,0,9,56,11,76,0,36,36,112
07/30/2009,ILG,DE,AEA,EN,Towers with Radar,0,4,70,10,84,0,0,58,24,82,0,4,128,34,166,86,76,162,328
07/31/2009,ILG,DE,AEA,EN,Towers with Radar,1,11,46,7,65,0,1,12,0,13,1,12,58,7,78,30,10,40,118
08/01/2009,ILG,DE,AEA,EN,Towers with Radar,0,3,31,3,37,0,0,69,7,76,0,3,100,10,113,42,42,84,197
08/02/2009,ILG,DE,AEA,EN,Towers with Radar,0,5,26,2,33,0,0,28,0,28,0,5,54,2,61,66,0,66,127
08/03/2009,ILG,DE,AEA,EN,Towers with Radar,0,9,42,8,59,0,0,80,4,84,0,9,122,12,143,120,20,140,283
08/04/2009,ILG,DE,AEA,EN,Towers with Radar,0,7,46,9,62,0,1,53,6,60,0,8,99,15,122,104,26,130,252
08/05/2009,ILG,DE,AEA,EN,Towers with Radar,0,1,47,16,64,0,0,33,12,45,0,1,80,28,109,75,56,131,240
08/06/2009,ILG,DE,AEA,EN,Towers with Radar,0,7,46,7,60,0,0,35,8,43,0,7,81,15,103,104,14,118,221
08/07/2009,ILG,DE,AEA,EN,Towers with Radar,2,13,41,4,60,0,1,59,1,61,2,14,100,5,121,64,0,64,185
08/08/2009,ILG,DE,AEA,EN,Towers with Radar,0,1,29,0,30,0,0,74,0,74,0,1,103,0,104,94,0,94,198
08/09/2009,ILG,DE,AEA,EN,Towers with Radar,0,4,32,2,38,0,0,27,0,27,0,4,59,2,65,64,0,64,129
08/10/2009,ILG,DE,AEA,EN,Towers with Radar,0,9,43,1,53,0,5,40,3,48,0,14,83,4,101,28,0,28,129
08/11/2009,ILG,DE,AEA,EN,Towers with Radar,0,5,31,1,37,0,0,23,2,25,0,5,54,3,62,46,0,46,108
08/12/2009,ILG,DE,AEA,EN,Towers with Radar,0,21,34,2,57,0,0,27,1,28,0,21,61,3,85,14,2,16,101
08/13/2009,ILG,DE,AEA,EN,Towers with Radar,0,11,39,8,58,0,0,9,4,13,0,11,48,12,71,20,44,64,135
08/14/2009,ILG,DE,AEA,EN,Towers with Radar,0,12,46,8,66,0,0,58,4,62,0,12,104,12,128,112,20,132,260
08/15/2009,ILG,DE,AEA,EN,Towers with Radar,0,8,28,1,37,0,0,91,4,95,0,8,119,5,132,184,12,196,328
08/16/2009,ILG,DE,AEA,EN,Towers with Radar,0,6,33,2,41,0,0,74,2,76,0,6,107,4,117,100,6,106,223
08/17/2009,ILG,DE,AEA,EN,Towers with Radar,0,5,53,7,65,0,1,102,3,106,0,6,155,10,171,128,14,142,313
08/18/2009,ILG,DE,AEA,EN,Towers with Radar,0,13,49,3,65,0,0,60,4,64,0,13,109,7,129,59,0,59,188
08/19/2009,ILG,DE,AEA,EN,Towers with Radar,0,4,30,16,50,0,0,77,2,79,0,4,107,18,129,52,10,62,191
08/20/2009,ILG,DE,AEA,EN,Towers with Radar,0,9,64,9,82,0,0,20,19,39,0,9,84,28,121,115,34,149,270
08/21/2009,ILG,DE,AEA,EN,Towers with Radar,0,10,37,8,55,0,0,38,6,44,0,10,75,14,99,55,0,55,154
08/22/2009,ILG,DE,AEA,EN,Towers with Radar,0,2,17,1,20,0,0,6,1,7,0,2,23,2,27,0,0,0,27
08/23/2009,ILG,DE,AEA,EN,Towers with Radar,0,2,34,1,37,0,0,68,0,68,0,2,102,1,105,88,0,88,193
08/24/2009,ILG,DE,AEA,EN,Towers with Radar,0,9,52,0,61,0,0,41,1,42,0,9,93,1,103,86,0,86,189
08/25/2009,ILG,DE,AEA,EN,Towers with Radar,0,4,38,5,47,0,0,100,0,100,0,4,138,5,147,90,0,90,237
08/26/2009,ILG,DE,AEA,EN,Towers with Radar,0,12,44,17,73,0,0,64,10,74,0,12,108,27,147,97,44,141,288
08/27/2009,ILG,DE,AEA,EN,Towers with Radar,0,13,49,5,67,0,0,62,0,62,0,13,111,5,129,106,0,106,235
08/28/2009,ILG,DE,AEA,EN,Towers with Radar,0,7,30,2,39,0,0,4,0,4,0,7,34,2,43,1,0,1,44
08/29/2009,ILG,DE,AEA,EN,Towers with Radar,0,4,18,2,24,0,0,10,0,10,0,4,28,2,34,6,0,6,40
08/30/2009,ILG,DE,AEA,EN,Towers with Radar,0,4,43,1,48,0,0,76,0,76,0,4,119,1,124,110,0,110,234
08/31/2009,ILG,DE,AEA,EN,Towers with Radar,0,7,40,4,51,0,0,48,4,52,0,7,88,8,103,68,6,74,177
09/01/2009,ILG,DE,AEA,EN,Towers with Radar,0,10,41,5,56,0,0,70,7,77,0,10,111,12,133,58,24,82,215
09/02/2009,ILG,DE,AEA,EN,Towers with Radar,0,11,41,5,57,0,1,78,10,89,0,12,119,15,146,62,18,80,226
09/03/2009,ILG,DE,AEA,EN,Towers with Radar,0,13,48,1,62,0,1,77,5,83,0,14,125,6,145,78,10,88,233
09/04/2009,ILG,DE,AEA,EN,Towers with Radar,0,6,38,2,46,0,0,61,0,61,0,6,99,2,107,0,0,0,107
09/05/2009,ILG,DE,AEA,EN,Towers with Radar,0,4,19,0,23,0,1,68,0,69,0,5,87,0,92,18,0,18,110
09/06/2009,ILG,DE,AEA,EN,Towers with Radar,0,8,28,0,36,0,1,32,0,33,0,9,60,0,69,48,0,48,117
09/07/2009,ILG,DE,AEA,EN,Towers with Radar,0,8,31,3,42,0,0,24,0,24,0,8,55,3,66,42,0,42,108
09/08/2009,ILG,DE,AEA,EN,Towers with Radar,0,6,35,5,46,0,0,27,2,29,0,6,62,7,75,20,34,54,129
09/09/2009,ILG,DE,AEA,EN,Towers with Radar,0,2,40,9,51,0,32,6,0,38,0,34,46,9,89,18,66,84,173
09/10/2009,ILG,DE,AEA,EN,Towers with Radar,0,11,48,8,67,0,0,16,6,22,0,11,64,14,89,28,28,56,145
09/11/2009,ILG,DE,AEA,EN,Towers with Radar,0,9,40,2,51,0,0,0,0,0,0,9,40,2,51,0,0,0,51
09/12/2009,ILG,DE,AEA,EN,Towers with Radar,0,14,31,8,53,0,0,3,4,7,0,14,34,12,60,20,0,20,80
09/13/2009,ILG,DE,AEA,EN,Towers with Radar,0,11,54,1,66,0,1,91,4,96,0,12,145,5,162,86,20,106,268
09/14/2009,ILG,DE,AEA,EN,Towers with Radar,0,9,53,5,67,0,0,74,11,85,0,9,127,16,152,78,32,110,262
09/15/2009,ILG,DE,AEA,EN,Towers with Radar,0,7,51,6,64,0,0,36,0,36,0,7,87,6,100,112,12,124,224
09/16/2009,ILG,DE,AEA,EN,Towers with Radar,0,7,45,7,59,0,0,35,2,37,0,7,80,9,96,64,0,64,160
09/17/2009,ILG,DE,AEA,EN,Towers with Radar,0,14,33,8,55,0,2,20,8,30,0,16,53,16,85,74,22,96,181
09/18/2009,ILG,DE,AEA,EN,Towers with Radar,2,4,48,2,56,0,0,31,3,34,2,4,79,5,90,26,0,26,116
09/19/2009,ILG,DE,AEA,EN,Towers with Radar,0,4,34,1,39,0,0,86,4,90,0,4,120,5,129,170,0,170,299
09/20/2009,ILG,DE,AEA,EN,Towers with Radar,0,16,41,1,58,0,0,121,2,123,0,16,162,3,181,158,4,162,343
09/21/2009,ILG,DE,AEA,EN,Towers with Radar,0,12,39,0,51,0,0,69,0,69,0,12,108,0,120,112,6,118,238
09/22/2009,ILG,DE,AEA,EN,Towers with Radar,0,11,73,9,93,0,5,82,6,93,0,16,155,15,186,98,18,116,302
09/23/2009,ILG,DE,AEA,EN,Towers with Radar,0,8,53,2,63,0,0,34,8,42,0,8,87,10,105,128,20,148,253
09/24/2009,ILG,DE,AEA,EN,Towers with Radar,0,6,51,1,58,0,0,43,6,49,0,6,94,7,107,84,18,102,209
09/25/2009,ILG,DE,AEA,EN,Towers with Radar,0,3,50,0,53,0,0,60,7,67,0,3,110,7,120,80,0,80,200
09/26/2009,ILG,DE,AEA,EN,Towers with Radar,0,6,27,4,37,0,0,95,6,101,0,6,122,10,138,80,50,130,268
09/27/2009,ILG,DE,AEA,EN,Towers with Radar,0,19,51,11,81,0,0,31,9,40,0,19,82,20,121,50,36,86,207
09/28/2009,ILG,DE,AEA,EN,Towers with Radar,0,7,34,0,41,0,0,24,2,26,0,7,58,2,67,0,8,8,75
09/29/2009,ILG,DE,AEA,EN,Towers with Radar,0,8,42,6,56,0,0,35,6,41,0,8,77,12,97,106,12,118,215
09/30/2009,ILG,DE,AEA,EN,Towers with Radar,0,10,50,9,69,0,0,34,6,40,0,10,84,15,109,123,0,123,232
10/01/2009,ILG,DE,AEA,EN,Towers with Radar,0,8,54,3,65,0,0,55,3,58,0,8,109,6,123,72,0,72,195
10/02/2009,ILG,DE,AEA,EN,Towers with Radar,2,9,32,2,45,0,0,27,0,27,2,9,59,2,72,20,0,20,92
10/03/2009,ILG,DE,AEA,EN,Towers with Radar,0,8,37,2,47,0,0,27,6,33,0,8,64,8,80,30,10,40,120
10/04/2009,ILG,DE,AEA,EN,Towers with Radar,0,5,51,1,57,0,0,87,3,90,0,5,138,4,147,122,46,168,315
10/05/2009,ILG,DE,AEA,EN,Towers with Radar,0,8,29,5,42,0,1,46,1,48,0,9,75,6,90,111,10,121,211
10/06/2009,ILG,DE,AEA,EN,Towers with Radar,0,15,28,4,47,0,0,73,3,76,0,15,101,7,123,124,26,150,273
10/07/2009,ILG,DE,AEA,EN,Towers with Radar,0,3,38,0,41,0,0,11,1,12,0,3,49,1,53,12,8,20,73
10/08/2009,ILG,DE,AEA,EN,Towers with Radar,0,8,43,9,60,0,0,79,7,86,0,8,122,16,146,178,0,178,324
10/09/2009,ILG,DE,AEA,EN,Towers with Radar,0,2,36,2,40,0,2,32,2,36,0,4,68,4,76,54,3,57,133
10/10/2009,ILG,DE,AEA,EN,Towers with Radar,0,2,18,1,21,0,2,14,0,16,0,4,32,1,37,28,0,28,65
10/11/2009,ILG,DE,AEA,EN,Towers with Radar,0,11,38,6,55,0,0,66,0,66,0,11,104,6,121,130,0,130,251
10/12/2009,ILG,DE,AEA,EN,Towers with Radar,0,19,47,1,67,0,0,53,0,53,0,19,100,1,120,114,0,114,234
10/13/2009,ILG,DE,AEA,EN,Towers with Radar,0,13,47,5,65,0,1,37,3,41,0,14,84,8,106,43,2,45,151
10/14/2009,ILG,DE,AEA,EN,Towers with Radar,0,12,48,8,68,0,0,52,12,64,0,12,100,20,132,88,18,106,238
10/15/2009,ILG,DE,AEA,EN,Towers with Radar,0,7,33,0,40,0,0,0,0,0,0,7,33,0,40,0,0,0,40
10/16/2009,ILG,DE,AEA,EN,Towers with Radar,0,8,44,4,56,0,0,2,0,2,0,8,46,4,58,0,0,0,58
10/17/2009,ILG,DE,AEA,EN,Towers with Radar,0,11,10,0,21,0,0,0,0,0,0,11,10,0,21,0,0,0,21
10/18/2009,ILG,DE,AEA,EN,Towers with Radar,0,8,24,2,34,0,0,25,0,25,0,8,49,2,59,80,0,80,139
10/19/2009,ILG,DE,AEA,EN,Towers with Radar,0,13,76,0,89,0,0,88,0,88,0,13,164,0,177,118,0,118,295
10/20/2009,ILG,DE,AEA,EN,Towers with Radar,0,4,45,5,54,0,0,71,8,79,0,4,116,13,133,142,30,172,305
10/21/2009,ILG,DE,AEA,EN,Towers with Radar,0,12,60,0,72,0,0,85,5,90,0,12,145,5,162,201,0,201,363
10/22/2009,ILG,DE,AEA,EN,Towers with Radar,0,11,50,3,64,0,1,57,7,65,0,12,107,10,129,139,29,168,297
10/23/2009,ILG,DE,AEA,EN,Towers with Radar,1,12,29,14,56,0,0,27,4,31,1,12,56,18,87,60,0,60,147
10/24/2009,ILG,DE,AEA,EN,Towers with Radar,0,6,13,0,19,0,0,3,0,3,0,6,16,0,22,0,0,0,22
10/25/2009,ILG,DE,AEA,EN,Towers with Radar,0,9,55,1,65,0,0,107,0,107,0,9,162,1,172,140,0,140,312
10/26/2009,ILG,DE,AEA,EN,Towers with Radar,0,7,47,7,61,0,0,70,2,72,0,7,117,9,133,106,52,158,291
10/27/2009,ILG,DE,AEA,EN,Towers with Radar,0,14,40,6,60,0,0,0,0,0,0,14,40,6,60,0,0,0,60
10/28/2009,ILG,DE,AEA,EN,Towers with Radar,0,14,34,4,52,0,0,5,5,10,0,14,39,9,62,0,32,32,94
10/29/2009,ILG,DE,AEA,EN,Towers with Radar,0,15,35,3,53,0,2,22,1,25,0,17,57,4,78,88,0,88,166
10/30/2009,ILG,DE,AEA,EN,Towers with Radar,0,8,29,5,42,0,4,9,2,15,0,12,38,7,57,78,0,78,135
10/31/2009,ILG,DE,AEA,EN,Towers with Radar,0,7,26,0,33,0,0,0,0,0,0,7,26,0,33,0,0,0,33
11/01/2009,ILG,DE,AEA,EN,Towers with Radar,0,8,28,1,37,0,0,23,0,23,0,8,51,1,60,54,0,54,114
11/02/2009,ILG,DE,AEA,EN,Towers with Radar,0,7,71,2,80,0,2,32,1,35,0,9,103,3,115,36,2,38,153
11/03/2009,ILG,DE,AEA,EN,Towers with Radar,0,12,43,1,56,0,0,63,7,70,0,12,106,8,126,125,60,185,311
11/04/2009,ILG,DE,AEA,EN,Towers with Radar,0,5,61,7,73,0,58,18,2,78,0,63,79,9,151,127,4,131,282
11/05/2009,ILG,DE,AEA,EN,Towers with Radar,0,12,43,1,56,0,0,63,7,70,0,12,106,8,126,125,60,185,311
11/06/2009,ILG,DE,AEA,EN,Towers with Radar,0,6,27,4,37,0,0,22,1,23,0,6,49,5,60,10,0,10,70
11/07/2009,ILG,DE,AEA,EN,Towers with Radar,0,3,31,3,37,0,2,68,4,74,0,5,99,7,111,34,0,34,145
11/08/2009,ILG,DE,AEA,EN,Towers with Radar,0,8,35,9,52,0,0,74,1,75,0,8,109,10,127,152,14,166,293
11/09/2009,ILG,DE,AEA,EN,Towers with Radar,0,11,51,29,91,0,0,66,6,72,0,11,117,35,163,146,14,160,323
11/10/2009,ILG,DE,AEA,EN,Towers with Radar,0,10,58,4,72,0,1,32,8,41,0,11,90,12,113,100,30,130,243
11/11/2009,ILG,DE,AEA,EN,Towers with Radar,0,9,21,0,30,0,0,8,3,11,0,9,29,3,41,16,14,30,71
11/12/2009,ILG,DE,AEA,EN,Towers with Radar,0,4,40,8,52,0,0,3,1,4,0,4,43,9,56,6,6,12,68
11/13/2009,ILG,DE,AEA,EN,Towers with Radar,0,13,38,3,54,0,0,0,0,0,0,13,38,3,54,0,0,0,54
11/14/2009,ILG,DE,AEA,EN,Towers with Radar,0,3,21,1,25,0,0,0,0,0,0,3,21,1,25,0,0,0,25
11/15/2009,ILG,DE,AEA,EN,Towers with Radar,0,13,37,0,50,0,0,91,0,91,0,13,128,0,141,160,0,160,301
11/16/2009,ILG,DE,AEA,EN,Towers with Radar,0,20,64,1,85,0,0,77,1,78,0,20,141,2,163,99,12,111,274
11/17/2009,ILG,DE,AEA,EN,Towers with Radar,0,8,73,10,91,0,0,100,3,103,0,8,173,13,194,106,78,184,378
11/18/2009,ILG,DE,AEA,EN,Towers with Radar,1,17,54,19,91,1,1,45,14,61,2,18,99,33,152,147,62,209,361
11/19/2009,ILG,DE,AEA,EN,Towers with Radar,0,11,46,4,61,0,0,0,0,0,0,11,46,4,61,0,0,0,61
11/20/2009,ILG,DE,AEA,EN,Towers with Radar,0,7,41,5,53,0,0,68,2,70,0,7,109,7,123,50,0,50,173
11/21/2009,ILG,DE,AEA,EN,Towers with Radar,0,8,29,6,43,0,3,66,0,69,0,11,95,6,112,106,0,106,218
11/22/2009,ILG,DE,AEA,EN,Towers with Radar,0,5,46,0,51,0,1,132,2,135,0,6,178,2,186,108,0,108,294
11/23/2009,ILG,DE,AEA,EN,Towers with Radar,0,10,36,4,50,0,0,7,0,7,0,10,43,4,57,6,0,6,63
11/24/2009,ILG,DE,AEA,EN,Towers with Radar,0,12,55,0,67,0,0,0,0,0,0,12,55,0,67,0,0,0,67
11/25/2009,ILG,DE,AEA,EN,Towers with Radar,0,10,40,0,50,0,0,0,0,0,0,10,40,0,50,0,0,0,50
11/26/2009,ILG,DE,AEA,EN,Towers with Radar,0,2,8,0,10,0,0,1,0,1,0,2,9,0,11,4,0,4,15
11/27/2009,ILG,DE,AEA,EN,Towers with Radar,0,8,15,0,23,0,0,4,0,4,0,8,19,0,27,0,0,0,27
11/28/2009,ILG,DE,AEA,EN,Towers with Radar,0,8,30,2,40,0,0,19,16,35,0,8,49,18,75,24,0,24,99
11/29/2009,ILG,DE,AEA,EN,Towers with Radar,0,11,60,2,73,0,0,117,8,125,0,11,177,10,198,110,0,110,308
11/30/2009,ILG,DE,AEA,EN,Towers with Radar,0,12,43,1,56,0,0,8,0,8,0,12,51,1,64,0,0,0,64
12/01/2009,ILG,DE,AEA,EN,Towers with Radar,0,12,67,7,86,0,3,92,1,96,0,15,159,8,182,136,40,176,358
12/02/2009,ILG,DE,AEA,EN,Towers with Radar,1,6,50,0,57,0,5,20,3,28,1,11,70,3,85,48,8,56,141
12/03/2009,ILG,DE,AEA,EN,Towers with Radar,0,11,63,2,76,0,0,44,0,44,0,11,107,2,120,76,24,100,220
12/04/2009,ILG,DE,AEA,EN,Towers with Radar,0,13,37,2,52,0,0,60,1,61,0,13,97,3,113,80,0,80,193
12/05/2009,ILG,DE,AEA,EN,Towers with Radar,0,2,4,4,10,0,0,1,0,1,0,2,5,4,11,0,0,0,11
12/06/2009,ILG,DE,AEA,EN,Towers with Radar,0,6,51,6,63,0,0,82,0,82,0,6,133,6,145,98,0,98,243
12/07/2009,ILG,DE,AEA,EN,Towers with Radar,0,21,57,0,78,0,8,57,4,69,0,29,114,4,147,130,24,154,301
12/08/2009,ILG,DE,AEA,EN,Towers with Radar,0,26,67,5,98,0,0,72,16,88,0,26,139,21,186,102,76,178,364
12/09/2009,ILG,DE,AEA,EN,Towers with Radar,0,10,36,0,46,0,0,17,1,18,0,10,53,1,64,49,14,63,127
12/10/2009,ILG,DE,AEA,EN,Towers with Radar,0,15,53,8,76,0,1,21,9,31,0,16,74,17,107,54,46,100,207
12/11/2009,ILG,DE,AEA,EN,Towers with Radar,0,9,31,8,48,0,1,31,6,38,0,10,62,14,86,13,23,36,122
12/12/2009,ILG,DE,AEA,EN,Towers with Radar,0,6,29,0,35,0,1,87,0,88,0,7,116,0,123,153,0,153,276
12/13/2009,ILG,DE,AEA,EN,Towers with Radar,0,5,14,0,19,0,0,0,0,0,0,5,14,0,19,0,0,0,19
12/14/2009,ILG,DE,AEA,EN,Towers with Radar,0,11,41,1,53,0,1,69,0,70,0,12,110,1,123,140,0,140,263
12/15/2009,ILG,DE,AEA,EN,Towers with Radar,0,22,59,7,88,0,0,17,1,18,0,22,76,8,106,62,18,80,186
12/16/2009,ILG,DE,AEA,EN,Towers with Radar,0,8,79,5,92,0,1,38,2,41,0,9,117,7,133,57,17,74,207
12/17/2009,ILG,DE,AEA,EN,Towers with Radar,0,13,48,6,67,0,26,17,4,47,0,39,65,10,114,74,0,74,188
12/18/2009,ILG,DE,AEA,EN,Towers with Radar,0,14,60,0,74,0,0,79,0,79,0,14,139,0,153,85,0,85,238
12/19/2009,ILG,DE,AEA,EN,Towers with Radar,0,0,8,0,8,0,0,0,0,0,0,0,8,0,8,0,0,0,8
12/20/2009,ILG,DE,AEA,EN,Towers with Radar,0,11,28,0,39,0,0,0,0,0,0,11,28,0,39,0,0,0,39
12/21/2009,ILG,DE,AEA,EN,Towers with Radar,0,17,52,2,71,0,0,22,0,22,0,17,74,2,93,78,0,78,171
12/22/2009,ILG,DE,AEA,EN,Towers with Radar,0,17,63,1,81,0,0,41,6,47,0,17,104,7,128,50,6,56,184
12/23/2009,ILG,DE,AEA,EN,Towers with Radar,0,13,57,7,77,0,0,67,5,72,0,13,124,12,149,92,8,100,249
12/24/2009,ILG,DE,AEA,EN,Towers with Radar,0,3,36,2,41,0,0,75,0,75,0,3,111,2,116,108,0,108,224
12/25/2009,ILG,DE,AEA,EN,Towers with Radar,0,11,5,0,16,0,0,0,0,0,0,11,5,0,16,0,0,0,16
12/26/2009,ILG,DE,AEA,EN,Towers with Radar,0,16,35,0,51,0,0,0,0,0,0,16,35,0,51,0,0,0,51
12/27/2009,ILG,DE,AEA,EN,Towers with Radar,0,15,35,3,53,0,0,105,0,105,0,15,140,3,158,130,0,130,288
12/28/2009,ILG,DE,AEA,EN,Towers with Radar,0,12,34,1,47,0,0,42,3,45,0,12,76,4,92,110,16,126,218
12/29/2009,ILG,DE,AEA,EN,Towers with Radar,0,22,63,0,85,0,0,4,1,5,0,22,67,1,90,2,0,2,92
12/30/2009,ILG,DE,AEA,EN,Towers with Radar,0,1,33,0,34,0,0,73,4,77,0,1,106,4,111,65,17,82,193
12/31/2009,ILG,DE,AEA,EN,Towers with Radar,0,4,12,0,16,0,0,0,0,0,0,4,12,0,16,0,0,0,16
01/01/2010,ILG,DE,AEA,EN,Towers with Radar,0,5,19,0,24,0,0,12,0,12,0,5,31,0,36,6,0,6,42
01/02/2010,ILG,DE,AEA,EN,Towers with Radar,0,6,28,1,35,0,3,2,0,5,0,9,30,1,40,0,0,0,40
01/03/2010,ILG,DE,AEA,EN,Towers with Radar,0,13,51,5,69,0,0,22,0,22,0,13,73,5,91,10,0,10,101
01/04/2010,ILG,DE,AEA,EN,Towers with Radar,0,7,24,0,31,0,2,31,0,33,0,9,55,0,64,20,0,20,84
01/05/2010,ILG,DE,AEA,EN,Towers with Radar,0,11,37,8,56,0,0,22,5,27,0,11,59,13,83,0,32,32,115
01/06/2010,ILG,DE,AEA,EN,Towers with Radar,0,5,21,29,55,0,0,14,2,16,0,5,35,31,71,59,62,121,192
01/07/2010,ILG,DE,AEA,EN,Towers with Radar,0,6,28,0,34,0,31,0,10,41,0,37,28,10,75,40,26,66,141
01/08/2010,ILG,DE,AEA,EN,Towers with Radar,4,7,22,3,36,0,0,6,0,6,4,7,28,3,42,0,0,0,42
01/09/2010,ILG,DE,AEA,EN,Towers with Radar,1,4,20,4,29,0,0,42,1,43,1,4,62,5,72,62,0,62,134
01/10/2010,ILG,DE,AEA,EN,Towers with Radar,2,16,26,14,58,0,0,53,4,57,2,16,79,18,115,102,36,138,253
01/11/2010,ILG,DE,AEA,EN,Towers with Radar,0,13,45,1,59,0,0,37,3,40,0,13,82,4,99,14,0,14,113
01/12/2010,ILG,DE,AEA,EN,Towers with Radar,0,13,38,1,52,0,0,38,0,38,0,13,76,1,90,12,18,30,120
01/13/2010,ILG,DE,AEA,EN,Towers with Radar,1,14,34,6,55,0,0,39,5,44,1,14,73,11,99,42,52,94,193
01/14/2010,ILG,DE,AEA,EN,Towers with Radar,0,8,24,7,39,0,0,65,4,69,0,8,89,11,108,126,102,228,336
01/15/2010,ILG,DE,AEA,EN,Towers with Radar,0,24,38,2,64,0,0,75,6,81,0,24,113,8,145,91,0,91,236
01/16/2010,ILG,DE,AEA,EN,Towers with Radar,0,3,14,0,17,0,0,92,3,95,0,3,106,3,112,98,0,98,210
01/17/2010,ILG,DE,AEA,EN,Towers with Radar,0,1,15,0,16,0,0,1,0,1,0,1,16,0,17,2,0,2,19
01/18/2010,ILG,DE,AEA,EN,Towers with Radar,0,7,43,0,50,0,0,37,0,37,0,7,80,0,87,34,0,34,121
01/19/2010,ILG,DE,AEA,EN,Towers with Radar,0,9,49,6,64,0,4,45,5,54,0,13,94,11,118,34,30,64,182
01/20/2010,ILG,DE,AEA,EN,Towers with Radar,0,8,25,6,39,0,0,44,8,52,0,8,69,14,91,56,32,88,179
01/21/2010,ILG,DE,AEA,EN,Towers with Radar,0,5,73,10,88,0,0,50,5,55,0,5,123,15,143,89,46,135,278
01/22/2010,ILG,DE,AEA,EN,Towers with Radar,0,7,21,4,32,1,1,26,1,29,1,8,47,5,61,24,10,34,95
01/23/2010,ILG,DE,AEA,EN,Towers with Radar,0,17,41,2,60,0,0,115,8,123,0,17,156,10,183,168,40,208,391
01/24/2010,ILG,DE,AEA,EN,Towers with Radar,0,9,59,14,82,0,0,50,0,50,0,9,109,14,132,98,0,98,230
01/25/2010,ILG,DE,AEA,EN,Towers with Radar,0,4,26,2,32,0,0,8,0,8,0,4,34,2,40,0,0,0,40
01/26/2010,ILG,DE,AEA,EN,Towers with Radar,0,10,61,14,85,0,0,60,3,63,0,10,121,17,148,110,62,172,320
01/27/2010,ILG,DE,AEA,EN,Towers with Radar,0,11,90,2,103,0,0,75,0,75,0,11,165,2,178,148,22,170,348
01/28/2010,ILG,DE,AEA,EN,Towers with Radar,0,16,43,7,66,0,0,19,2,21,0,16,62,9,87,18,10,28,115
01/29/2010,ILG,DE,AEA,EN,Towers with Radar,0,14,26,5,45,0,0,18,0,18,0,14,44,5,63,16,0,16,79
01/30/2010,ILG,DE,AEA,EN,Towers with Radar,0,7,27,2,36,0,0,9,0,9,0,7,36,2,45,0,0,0,45
01/31/2010,ILG,DE,AEA,EN,Towers with Radar,0,9,33,0,42,0,0,31,0,31,0,9,64,0,73,184,0,184,257
02/01/2010,ILG,DE,AEA,EN,Towers with Radar,0,2,30,5,37,0,0,35,0,35,0,2,65,5,72,48,0,48,120
02/02/2010,ILG,DE,AEA,EN,Towers with Radar,0,12,34,3,49,0,1,31,3,35,0,13,65,6,84,92,17,109,193
02/03/2010,ILG,DE,AEA,EN,Towers with Radar,0,4,18,8,30,0,1,7,2,10,0,5,25,10,40,24,96,120,160
02/04/2010,ILG,DE,AEA,EN,Towers with Radar,0,7,23,2,32,0,0,53,8,61,0,7,76,10,93,104,10,114,207
02/05/2010,ILG,DE,AEA,EN,Towers with Radar,1,10,22,2,35,0,0,16,3,19,1,10,38,5,54,18,0,18,72
02/06/2010,ILG,DE,AEA,EN,Towers with Radar,0,0,0,0,0,0,0,0,0,0,0,0,0,0,0,0,0,0,0
02/07/2010,ILG,DE,AEA,EN,Towers with Radar,0,8,13,0,21,0,0,14,0,14,0,8,27,0,35,26,0,26,61
02/08/2010,ILG,DE,AEA,EN,Towers with Radar,0,9,21,1,31,0,0,19,0,19,0,9,40,1,50,26,0,26,76
02/09/2010,ILG,DE,AEA,EN,Towers with Radar,0,15,32,1,48,0,0,5,1,6,0,15,37,2,54,12,10,22,76
02/10/2010,ILG,DE,AEA,EN,Towers with Radar,0,0,0,0,0,0,0,0,0,0,0,0,0,0,0,0,0,0,0
02/11/2010,ILG,DE,AEA,EN,Towers with Radar,0,32,62,0,94,0,0,18,0,18,0,32,80,0,112,0,0,0,112
02/12/2010,ILG,DE,AEA,EN,Towers with Radar,0,8,31,3,42,0,0,9,1,10,0,8,40,4,52,12,0,12,64
02/13/2010,ILG,DE,AEA,EN,Towers with Radar,0,7,11,2,20,0,0,9,0,9,0,7,20,2,29,4,0,4,33
02/14/2010,ILG,DE,AEA,EN,Towers with Radar,0,4,17,0,21,0,1,25,1,27,0,5,42,1,48,36,20,56,104
02/15/2010,ILG,DE,AEA,EN,Towers with Radar,0,15,29,0,44,0,1,23,0,24,0,16,52,0,68,30,0,30,98
02/16/2010,ILG,DE,AEA,EN,Towers with Radar,0,10,43,0,53,0,2,6,1,9,0,12,49,1,62,18,18,36,98
02/17/2010,ILG,DE,AEA,EN,Towers with Radar,0,9,38,7,54,0,1,24,4,29,0,10,62,11,83,62,26,88,171
02/18/2010,ILG,DE,AEA,EN,Towers with Radar,0,11,59,10,80,0,0,37,12,49,0,11,96,22,129,36,66,102,231
02/19/2010,ILG,DE,AEA,EN,Towers with Radar,0,5,17,3,25,0,0,16,5,21,0,5,33,8,46,2,7,9,55
02/20/2010,ILG,DE,AEA,EN,Towers with Radar,0,17,25,0,42,0,0,49,1,50,0,17,74,1,92,70,0,70,162
02/21/2010,ILG,DE,AEA,EN,Towers with Radar,0,13,27,7,47,0,0,81,3,84,0,13,108,10,131,210,6,216,347
02/22/2010,ILG,DE,AEA,EN,Towers with Radar,0,11,28,3,42,0,0,13,0,13,0,11,41,3,55,28,0,28,83
02/23/2010,ILG,DE,AEA,EN,Towers with Radar,0,19,34,0,53,0,0,0,0,0,0,19,34,0,53,0,0,0,53
02/24/2010,ILG,DE,AEA,EN,Towers with Radar,0,13,59,3,75,0,0,16,6,22,0,13,75,9,97,70,30,100,197
02/25/2010,ILG,DE,AEA,EN,Towers with Radar,0,2,28,1,31,0,0,0,0,0,0,2,28,1,31,0,0,0,31
02/26/2010,ILG,DE,AEA,EN,Towers with Radar,0,4,5,3,12,0,1,2,0,3,0,5,7,3,15,0,0,0,15
02/27/2010,ILG,DE,AEA,EN,Towers with Radar,1,2,24,3,30,0,1,58,0,59,1,3,82,3,89,70,0,70,159
02/28/2010,ILG,DE,AEA,EN,Towers with Radar,2,18,38,5,63,0,0,38,6,44,2,18,76,11,107,110,0,110,217
03/01/2010,ILG,DE,AEA,EN,Towers with Radar,0,11,39,8,58,0,0,26,6,32,0,11,65,14,90,30,0,30,120
03/02/2010,ILG,DE,AEA,EN,Towers with Radar,0,16,38,11,65,0,0,53,5,58,0,16,91,16,123,106,58,164,287
03/03/2010,ILG,DE,AEA,EN,Towers with Radar,0,23,33,10,66,0,0,15,3,18,0,23,48,13,84,0,24,24,108
03/04/2010,ILG,DE,AEA,EN,Towers with Radar,0,12,36,2,50,0,0,28,4,32,0,12,64,6,82,39,8,47,129
03/05/2010,ILG,DE,AEA,EN,Towers with Radar,0,6,41,5,52,0,0,54,2,56,0,6,95,7,108,92,18,110,218
03/06/2010,ILG,DE,AEA,EN,Towers with Radar,0,5,27,1,33,0,0,118,0,118,0,5,145,1,151,110,1,111,262
03/07/2010,ILG,DE,AEA,EN,Towers with Radar,0,9,45,5,59,0,1,89,11,101,0,10,134,16,160,144,46,190,350
03/08/2010,ILG,DE,AEA,EN,Towers with Radar,0,11,37,2,50,0,0,60,2,62,0,11,97,4,112,54,0,54,166
03/09/2010,ILG,DE,AEA,EN,Towers with Radar,0,2,40,12,54,0,3,88,5,96,0,5,128,17,150,119,26,145,295
03/10/2010,ILG,DE,AEA,EN,Towers with Radar,0,11,26,2,39,0,0,49,5,54,0,11,75,7,93,84,72,156,249
03/11/2010,ILG,DE,AEA,EN,Towers with Radar,0,7,41,10,58,0,0,39,3,42,0,7,80,13,100,66,24,90,190
03/12/2010,ILG,DE,AEA,EN,Towers with Radar,0,6,36,2,44,0,0,1,0,1,0,6,37,2,45,0,0,0,45
03/13/2010,ILG,DE,AEA,EN,Towers with Radar,0,6,12,0,18,0,0,0,0,0,0,6,12,0,18,0,0,0,18
03/14/2010,ILG,DE,AEA,EN,Towers with Radar,0,13,21,0,34,0,0,1,0,1,0,13,22,0,35,0,0,0,35
03/15/2010,ILG,DE,AEA,EN,Towers with Radar,0,8,46,2,56,0,0,17,0,17,0,8,63,2,73,20,0,20,93
03/16/2010,ILG,DE,AEA,EN,Towers with Radar,0,17,53,2,72,0,10,54,12,76,0,27,107,14,148,112,27,139,287
03/17/2010,ILG,DE,AEA,EN,Towers with Radar,0,17,41,10,68,0,0,82,7,89,0,17,123,17,157,102,53,155,312
03/18/2010,ILG,DE,AEA,EN,Towers with Radar,0,9,34,4,47,2,0,73,3,78,2,9,107,7,125,89,16,105,230
03/19/2010,ILG,DE,AEA,EN,Towers with Radar,0,9,36,5,50,0,0,71,1,72,0,9,107,6,122,35,0,35,157
03/20/2010,ILG,DE,AEA,EN,Towers with Radar,2,14,16,2,34,0,2,118,1,121,2,16,134,3,155,86,0,86,241
03/21/2010,ILG,DE,AEA,EN,Towers with Radar,0,9,13,3,25,0,0,64,0,64,0,9,77,3,89,98,0,98,187
03/22/2010,ILG,DE,AEA,EN,Towers with Radar,0,5,27,19,51,0,0,0,0,0,0,5,27,19,51,0,0,0,51
03/23/2010,ILG,DE,AEA,EN,Towers with Radar,0,14,46,5,65,0,0,26,14,40,0,14,72,19,105,32,26,58,163
03/24/2010,ILG,DE,AEA,EN,Towers with Radar,0,4,35,21,60,0,0,32,9,41,0,4,67,30,101,28,38,66,167
03/25/2010,ILG,DE,AEA,EN,Towers with Radar,0,10,39,27,76,0,0,47,6,53,0,10,86,33,129,100,72,172,301
03/26/2010,ILG,DE,AEA,EN,Towers with Radar,0,11,35,4,50,0,0,6,0,6,0,11,41,4,56,2,0,2,58
03/27/2010,ILG,DE,AEA,EN,Towers with Radar,0,9,32,0,41,0,0,97,0,97,0,9,129,0,138,87,0,87,225
03/28/2010,ILG,DE,AEA,EN,Towers with Radar,0,8,24,0,32,0,0,37,0,37,0,8,61,0,69,46,0,46,115
03/29/2010,ILG,DE,AEA,EN,Towers with Radar,0,9,18,0,27,0,0,0,3,3,0,9,18,3,30,0,0,0,30
03/30/2010,ILG,DE,AEA,EN,Towers with Radar,0,6,28,3,37,0,0,0,0,0,0,6,28,3,37,0,0,0,37
03/31/2010,ILG,DE,AEA,EN,Towers with Radar,0,19,52,7,78,0,0,24,3,27,0,19,76,10,105,42,18,60,165
04/01/2010,ILG,DE,AEA,EN,Towers with Radar,0,2,41,5,48,0,0,54,4,58,0,2,95,9,106,74,20,94,200
04/02/2010,ILG,DE,AEA,EN,Towers with Radar,0,9,43,0,52,0,0,78,1,79,0,9,121,1,131,64,0,64,195
04/03/2010,ILG,DE,AEA,EN,Towers with Radar,0,6,28,4,38,0,0,25,0,25,0,6,53,4,63,10,0,10,73
04/04/2010,ILG,DE,AEA,EN,Towers with Radar,0,8,33,0,41,0,0,84,0,84,0,8,117,0,125,26,0,26,151
04/05/2010,ILG,DE,AEA,EN,Towers with Radar,0,6,46,4,56,0,0,63,1,64,0,6,109,5,120,101,12,113,233
04/06/2010,ILG,DE,AEA,EN,Towers with Radar,0,7,37,5,49,0,2,36,3,41,0,9,73,8,90,68,32,100,190
04/07/2010,ILG,DE,AEA,EN,Towers with Radar,0,6,42,5,53,0,0,41,1,42,0,6,83,6,95,28,28,56,151
04/08/2010,ILG,DE,AEA,EN,Towers with Radar,0,7,23,5,35,0,3,20,3,26,0,10,43,8,61,9,4,13,74
04/09/2010,ILG,DE,AEA,EN,Towers with Radar,0,18,45,3,66,0,0,28,0,28,0,18,73,3,94,16,0,16,110
04/10/2010,ILG,DE,AEA,EN,Towers with Radar,0,5,33,0,38,0,0,56,1,57,0,5,89,1,95,26,8,34,129
04/11/2010,ILG,DE,AEA,EN,Towers with Radar,0,3,31,3,37,0,0,73,0,73,0,3,104,3,110,54,0,54,164
04/12/2010,ILG,DE,AEA,EN,Towers with Radar,0,9,37,6,52,0,0,56,2,58,0,9,93,8,110,86,8,94,204
04/13/2010,ILG,DE,AEA,EN,Towers with Radar,0,8,52,6,66,0,0,16,5,21,0,8,68,11,87,20,4,24,111
04/14/2010,ILG,DE,AEA,EN,Towers with Radar,0,7,36,10,53,0,0,56,0,56,0,7,92,10,109,78,20,98,207
04/15/2010,ILG,DE,AEA,EN,Towers with Radar,0,9,42,1,52,0,0,48,0,48,0,9,90,1,100,32,0,32,132
04/16/2010,ILG,DE,AEA,EN,Towers with Radar,1,30,43,3,77,0,0,48,2,50,1,30,91,5,127,46,2,48,175
04/17/2010,ILG,DE,AEA,EN,Towers with Radar,0,12,19,4,35,0,0,40,3,43,0,12,59,7,78,26,0,26,104
04/18/2010,ILG,DE,AEA,EN,Towers with Radar,0,8,36,8,52,0,0,63,2,65,0,8,99,10,117,122,0,122,239
04/19/2010,ILG,DE,AEA,EN,Towers with Radar,0,10,28,2,40,0,0,34,0,34,0,10,62,2,74,64,0,64,138
04/20/2010,ILG,DE,AEA,EN,Towers with Radar,0,7,40,4,51,0,1,97,7,105,0,8,137,11,156,93,16,109,265
04/21/2010,ILG,DE,AEA,EN,Towers with Radar,0,9,40,8,57,0,0,30,5,35,0,9,70,13,92,56,22,78,170
04/22/2010,ILG,DE,AEA,EN,Towers with Radar,0,13,54,9,76,0,0,43,11,54,0,13,97,20,130,88,42,130,260
04/23/2010,ILG,DE,AEA,EN,Towers with Radar,0,13,45,2,60,0,0,77,5,82,0,13,122,7,142,44,0,44,186
04/24/2010,ILG,DE,AEA,EN,Towers with Radar,0,7,30,7,44,0,0,171,4,175,0,7,201,11,219,120,26,146,365
04/25/2010,ILG,DE,AEA,EN,Towers with Radar,0,14,26,0,40,0,0,0,0,0,0,14,26,0,40,0,0,0,40
04/26/2010,ILG,DE,AEA,EN,Towers with Radar,0,12,39,5,56,0,0,0,0,0,0,12,39,5,56,0,0,0,56
04/27/2010,ILG,DE,AEA,EN,Towers with Radar,0,24,35,6,65,0,0,22,6,28,0,24,57,12,93,8,16,24,117
04/28/2010,ILG,DE,AEA,EN,Towers with Radar,0,10,61,9,80,0,0,35,8,43,0,10,96,17,123,64,60,124,247
04/29/2010,ILG,DE,AEA,EN,Towers with Radar,0,19,46,2,67,0,0,60,6,66,0,19,106,8,133,161,44,205,338
04/30/2010,ILG,DE,AEA,EN,Towers with Radar,0,14,49,12,75,0,3,110,16,129,0,17,159,28,204,179,0,179,383
05/01/2010,ILG,DE,AEA,EN,Towers with Radar,0,7,25,1,33,0,0,144,0,144,0,7,169,1,177,56,0,56,233
05/02/2010,ILG,DE,AEA,EN,Towers with Radar,0,9,35,1,45,0,1,67,0,68,0,10,102,1,113,68,0,68,181
05/03/2010,ILG,DE,AEA,EN,Towers with Radar,0,22,51,1,74,0,1,47,5,53,0,23,98,6,127,78,22,100,227
05/04/2010,ILG,DE,AEA,EN,Towers with Radar,0,16,72,12,100,0,0,77,10,87,0,16,149,22,187,86,32,118,305
05/05/2010,ILG,DE,AEA,EN,Towers with Radar,0,15,54,2,71,0,1,73,6,80,0,16,127,8,151,64,38,102,253
05/06/2010,ILG,DE,AEA,EN,Towers with Radar,0,11,69,6,86,0,0,50,7,57,0,11,119,13,143,108,11,119,262
05/07/2010,ILG,DE,AEA,EN,Towers with Radar,0,15,43,4,62,0,0,91,5,96,0,15,134,9,158,114,0,114,272
05/08/2010,ILG,DE,AEA,EN,Towers with Radar,0,2,17,3,22,0,0,5,0,5,0,2,22,3,27,16,0,16,43
05/09/2010,ILG,DE,AEA,EN,Towers with Radar,0,14,26,0,40,0,0,19,0,19,0,14,45,0,59,0,0,0,59
05/10/2010,ILG,DE,AEA,EN,Towers with Radar,0,12,37,5,54,0,0,30,9,39,0,12,67,14,93,18,0,18,111
05/11/2010,ILG,DE,AEA,EN,Towers with Radar,1,5,54,2,62,0,1,45,11,57,1,6,99,13,119,46,40,86,205
05/12/2010,ILG,DE,AEA,EN,Towers with Radar,0,17,38,5,60,0,0,0,7,7,0,17,38,12,67,6,14,20,87
05/13/2010,ILG,DE,AEA,EN,Towers with Radar,0,29,63,6,98,0,0,71,6,77,0,29,134,12,175,94,36,130,305
05/14/2010,ILG,DE,AEA,EN,Towers with Radar,0,4,47,2,53,0,0,6,2,8,0,4,53,4,61,6,82,88,149
05/15/2010,ILG,DE,AEA,EN,Towers with Radar,0,3,22,5,30,0,0,74,2,76,0,3,96,7,106,48,10,58,164
05/16/2010,ILG,DE,AEA,EN,Towers with Radar,0,5,49,3,57,0,0,108,3,111,0,5,157,6,168,86,0,86,254
05/17/2010,ILG,DE,AEA,EN,Towers with Radar,0,8,50,1,59,0,1,27,2,30,0,9,77,3,89,120,0,120,209
05/18/2010,ILG,DE,AEA,EN,Towers with Radar,0,8,43,2,53,0,0,0,0,0,0,8,43,2,53,0,0,0,53
05/19/2010,ILG,DE,AEA,EN,Towers with Radar,0,7,54,1,62,0,2,14,1,17,0,9,68,2,79,32,6,38,117
05/20/2010,ILG,DE,AEA,EN,Towers with Radar,1,4,51,12,68,0,0,73,5,78,1,4,124,17,146,97,10,107,253
05/21/2010,ILG,DE,AEA,EN,Towers with Radar,0,12,45,4,61,0,0,75,7,82,0,12,120,11,143,18,20,38,181
05/22/2010,ILG,DE,AEA,EN,Towers with Radar,1,4,32,0,37,0,0,56,0,56,1,4,88,0,93,38,0,38,131
05/23/2010,ILG,DE,AEA,EN,Towers with Radar,0,4,36,0,40,0,0,2,0,2,0,4,38,0,42,6,0,6,48
05/24/2010,ILG,DE,AEA,EN,Towers with Radar,0,14,63,2,79,0,0,8,5,13,0,14,71,7,92,94,12,106,198
05/25/2010,ILG,DE,AEA,EN,Towers with Radar,0,8,45,8,61,0,1,54,8,63,0,9,99,16,124,142,20,162,286
05/26/2010,ILG,DE,AEA,EN,Towers with Radar,0,14,43,2,59,0,0,84,10,94,0,14,127,12,153,218,94,312,465
05/27/2010,ILG,DE,AEA,EN,Towers with Radar,0,20,61,3,84,0,0,52,6,58,0,20,113,9,142,118,0,118,260
05/28/2010,ILG,DE,AEA,EN,Towers with Radar,0,6,42,0,48,0,0,47,1,48,0,6,89,1,96,79,0,79,175
05/29/2010,ILG,DE,AEA,EN,Towers with Radar,0,5,27,4,36,0,0,53,0,53,0,5,80,4,89,96,0,96,185
05/30/2010,ILG,DE,AEA,EN,Towers with Radar,0,8,19,0,27,0,0,54,0,54,0,8,73,0,81,112,0,112,193
05/31/2010,ILG,DE,AEA,EN,Towers with Radar,0,6,24,0,30,0,0,51,0,51,0,6,75,0,81,40,0,40,121
06/01/2010,ILG,DE,AEA,EN,Towers with Radar,0,7,44,7,58,0,0,30,7,37,0,7,74,14,95,62,29,91,186
06/02/2010,ILG,DE,AEA,EN,Towers with Radar,0,5,64,15,84,0,0,60,5,65,0,5,124,20,149,68,38,106,255
06/03/2010,ILG,DE,AEA,EN,Towers with Radar,0,5,42,7,54,0,0,50,10,60,0,5,92,17,114,164,54,218,332
06/04/2010,ILG,DE,AEA,EN,Towers with Radar,0,13,42,16,71,0,6,68,6,80,0,19,110,22,151,77,10,87,238
06/05/2010,ILG,DE,AEA,EN,Towers with Radar,0,5,40,0,45,0,0,54,4,58,0,5,94,4,103,70,18,88,191
06/06/2010,ILG,DE,AEA,EN,Towers with Radar,0,6,23,0,29,0,0,34,4,38,0,6,57,4,67,54,0,54,121
06/07/2010,ILG,DE,AEA,EN,Towers with Radar,0,10,40,6,56,0,0,78,1,79,0,10,118,7,135,130,10,140,275
06/08/2010,ILG,DE,AEA,EN,Towers with Radar,0,10,60,4,74,0,3,61,6,70,0,13,121,10,144,52,0,52,196
06/09/2010,ILG,DE,AEA,EN,Towers with Radar,0,13,47,3,63,0,0,36,4,40,0,13,83,7,103,94,46,140,243
06/10/2010,ILG,DE,AEA,EN,Towers with Radar,0,10,54,5,69,0,0,47,14,61,0,10,101,19,130,93,111,204,334
06/11/2010,ILG,DE,AEA,EN,Towers with Radar,0,10,36,5,51,0,0,70,0,70,0,10,106,5,121,112,4,116,237
06/12/2010,ILG,DE,AEA,EN,Towers with Radar,0,10,31,4,45,0,0,68,0,68,0,10,99,4,113,72,0,72,185
06/13/2010,ILG,DE,AEA,EN,Towers with Radar,0,12,37,3,52,0,0,28,0,28,0,12,65,3,80,50,0,50,130
06/14/2010,ILG,DE,AEA,EN,Towers with Radar,0,12,57,2,71,0,0,27,5,32,0,12,84,7,103,68,0,68,171
06/15/2010,ILG,DE,AEA,EN,Towers with Radar,0,1,33,11,45,0,0,65,9,74,0,1,98,20,119,147,28,175,294
06/16/2010,ILG,DE,AEA,EN,Towers with Radar,0,9,39,1,49,0,0,194,8,202,0,9,233,9,251,0,78,78,329
06/17/2010,ILG,DE,AEA,EN,Towers with Radar,0,10,56,8,74,0,0,51,3,54,0,10,107,11,128,108,22,130,258
06/18/2010,ILG,DE,AEA,EN,Towers with Radar,0,7,36,7,50,0,1,53,2,56,0,8,89,9,106,74,6,80,186
06/19/2010,ILG,DE,AEA,EN,Towers with Radar,0,5,22,2,29,0,0,56,0,56,0,5,78,2,85,58,0,58,143
06/20/2010,ILG,DE,AEA,EN,Towers with Radar,0,12,22,7,41,0,0,59,0,59,0,12,81,7,100,51,0,51,151
06/21/2010,ILG,DE,AEA,EN,Towers with Radar,1,6,45,9,61,0,0,75,5,80,1,6,120,14,141,152,29,181,322
06/22/2010,ILG,DE,AEA,EN,Towers with Radar,0,19,48,0,67,0,0,79,3,82,0,19,127,3,149,114,20,134,283
06/23/2010,ILG,DE,AEA,EN,Towers with Radar,0,25,55,10,90,0,0,63,5,68,0,25,118,15,158,58,36,94,252
06/24/2010,ILG,DE,AEA,EN,Towers with Radar,0,17,54,12,83,0,0,45,2,47,0,17,99,14,130,89,0,89,219
06/25/2010,ILG,DE,AEA,EN,Towers with Radar,0,12,38,4,54,0,0,49,1,50,0,12,87,5,104,67,10,77,181
06/26/2010,ILG,DE,AEA,EN,Towers with Radar,0,12,43,0,55,0,3,90,0,93,0,15,133,0,148,66,0,66,214
06/27/2010,ILG,DE,AEA,EN,Towers with Radar,0,20,43,3,66,0,0,64,2,66,0,20,107,5,132,58,14,72,204
06/28/2010,ILG,DE,AEA,EN,Towers with Radar,0,11,29,3,43,0,0,39,0,39,0,11,68,3,82,58,0,58,140
06/29/2010,ILG,DE,AEA,EN,Towers with Radar,0,12,49,8,69,0,0,72,15,87,0,12,121,23,156,238,54,292,448
06/30/2010,ILG,DE,AEA,EN,Towers with Radar,0,8,34,4,46,0,0,103,2,105,0,8,137,6,151,98,84,182,333
07/01/2010,ILG,DE,AEA,EN,Towers with Radar,0,9,44,8,61,0,0,60,4,64,0,9,104,12,125,170,0,170,295
07/02/2010,ILG,DE,AEA,EN,Towers with Radar,0,11,40,1,52,0,0,79,6,85,0,11,119,7,137,38,4,42,179
07/03/2010,ILG,DE,AEA,EN,Towers with Radar,0,1,23,0,24,0,0,62,0,62,0,1,85,0,86,78,0,78,164
07/04/2010,ILG,DE,AEA,EN,Towers with Radar,0,5,16,0,21,0,0,71,0,71,0,5,87,0,92,34,0,34,126
07/05/2010,ILG,DE,AEA,EN,Towers with Radar,0,11,30,0,41,0,1,59,0,60,0,12,89,0,101,68,0,68,169
07/06/2010,ILG,DE,AEA,EN,Towers with Radar,0,3,39,8,50,0,0,66,11,77,0,3,105,19,127,120,24,144,271
07/07/2010,ILG,DE,AEA,EN,Towers with Radar,0,5,33,10,48,0,0,45,8,53,0,5,78,18,101,86,24,110,211
07/08/2010,ILG,DE,AEA,EN,Towers with Radar,0,6,39,2,47,0,0,21,1,22,0,6,60,3,69,31,0,31,100
07/09/2010,ILG,DE,AEA,EN,Towers with Radar,0,10,33,3,46,0,0,44,2,46,0,10,77,5,92,134,0,134,226
07/10/2010,ILG,DE,AEA,EN,Towers with Radar,0,9,23,2,34,0,0,3,0,3,0,9,26,2,37,0,0,0,37
07/11/2010,ILG,DE,AEA,EN,Towers with Radar,2,18,52,9,81,0,0,98,2,100,2,18,150,11,181,136,0,136,317
07/12/2010,ILG,DE,AEA,EN,Towers with Radar,0,21,38,5,64,0,0,78,0,78,0,21,116,5,142,110,0,110,252
07/13/2010,ILG,DE,AEA,EN,Towers with Radar,0,9,47,2,58,0,0,7,6,13,0,9,54,8,71,10,0,10,81
07/14/2010,ILG,DE,AEA,EN,Towers with Radar,0,14,42,10,66,0,0,9,4,13,0,14,51,14,79,4,20,24,103
07/15/2010,ILG,DE,AEA,EN,Towers with Radar,0,10,53,12,75,0,0,67,3,70,0,10,120,15,145,97,15,112,257
07/16/2010,ILG,DE,AEA,EN,Towers with Radar,0,5,40,4,49,0,0,55,3,58,0,5,95,7,107,50,0,50,157
07/17/2010,ILG,DE,AEA,EN,Towers with Radar,0,4,24,2,30,0,0,121,0,121,0,4,145,2,151,108,0,108,259
07/18/2010,ILG,DE,AEA,EN,Towers with Radar,0,22,37,3,62,0,0,94,0,94,0,22,131,3,156,94,0,94,250
07/19/2010,ILG,DE,AEA,EN,Towers with Radar,0,17,44,1,62,0,0,40,0,40,0,17,84,1,102,12,0,12,114
07/20/2010,ILG,DE,AEA,EN,Towers with Radar,0,6,54,3,63,0,7,59,6,72,0,13,113,9,135,136,10,146,281
07/21/2010,ILG,DE,AEA,EN,Towers with Radar,1,17,47,2,67,0,1,52,6,59,1,18,99,8,126,100,34,134,260
07/22/2010,ILG,DE,AEA,EN,Towers with Radar,0,18,49,1,68,0,0,85,14,99,0,18,134,15,167,168,26,194,361
07/23/2010,ILG,DE,AEA,EN,Towers with Radar,0,12,58,4,74,0,0,87,8,95,0,12,145,12,169,58,0,58,227
07/24/2010,ILG,DE,AEA,EN,Towers with Radar,0,9,26,2,37,0,0,72,0,72,0,9,98,2,109,0,26,26,135
07/25/2010,ILG,DE,AEA,EN,Towers with Radar,0,6,29,2,37,0,0,58,0,58,0,6,87,2,95,138,0,138,233
07/26/2010,ILG,DE,AEA,EN,Towers with Radar,0,6,52,0,58,0,4,71,0,75,0,10,123,0,133,84,0,84,217
07/27/2010,ILG,DE,AEA,EN,Towers with Radar,0,6,32,7,45,0,3,114,3,120,0,9,146,10,165,122,8,130,295
07/28/2010,ILG,DE,AEA,EN,Towers with Radar,0,14,43,6,63,0,0,62,8,70,0,14,105,14,133,56,60,116,249
07/29/2010,ILG,DE,AEA,EN,Towers with Radar,0,11,42,8,61,0,0,35,4,39,0,11,77,12,100,50,12,62,162
07/30/2010,ILG,DE,AEA,EN,Towers with Radar,0,18,47,4,69,0,0,64,5,69,0,18,111,9,138,44,18,62,200
07/31/2010,ILG,DE,AEA,EN,Towers with Radar,0,4,23,1,28,0,0,84,1,85,0,4,107,2,113,58,0,58,171
08/01/2010,ILG,DE,AEA,EN,Towers with Radar,0,14,36,3,53,0,0,47,0,47,0,14,83,3,100,91,0,91,191
08/02/2010,ILG,DE,AEA,EN,Towers with Radar,0,10,54,0,64,0,0,36,0,36,0,10,90,0,100,106,7,113,213
08/03/2010,ILG,DE,AEA,EN,Towers with Radar,0,10,56,5,71,0,0,73,5,78,0,10,129,10,149,78,14,92,241
08/04/2010,ILG,DE,AEA,EN,Towers with Radar,1,15,40,4,60,0,0,35,8,43,1,15,75,12,103,76,7,83,186
08/05/2010,ILG,DE,AEA,EN,Towers with Radar,0,4,24,4,32,0,0,50,9,59,0,4,74,13,91,142,68,210,301
08/06/2010,ILG,DE,AEA,EN,Towers with Radar,0,3,33,0,36,0,0,60,0,60,0,3,93,0,96,88,0,88,184
08/07/2010,ILG,DE,AEA,EN,Towers with Radar,0,3,31,4,38,0,0,88,7,95,0,3,119,11,133,92,20,112,245
08/08/2010,ILG,DE,AEA,EN,Towers with Radar,0,1,37,8,46,0,0,59,8,67,0,1,96,16,113,114,12,126,239
08/09/2010,ILG,DE,AEA,EN,Towers with Radar,0,3,41,0,44,0,0,44,1,45,0,3,85,1,89,130,0,130,219
08/10/2010,ILG,DE,AEA,EN,Towers with Radar,0,5,37,6,48,0,0,45,16,61,0,5,82,22,109,125,52,177,286
08/11/2010,ILG,DE,AEA,EN,Towers with Radar,0,10,32,10,52,0,0,51,6,57,0,10,83,16,109,12,50,62,171
08/12/2010,ILG,DE,AEA,EN,Towers with Radar,0,15,53,7,75,0,0,2,4,6,0,15,55,11,81,16,54,70,151
08/13/2010,ILG,DE,AEA,EN,Towers with Radar,0,11,28,3,42,0,0,34,0,34,0,11,62,3,76,8,0,8,84
08/14/2010,ILG,DE,AEA,EN,Towers with Radar,0,10,29,0,39,0,0,95,0,95,0,10,124,0,134,58,0,58,192
08/15/2010,ILG,DE,AEA,EN,Towers with Radar,0,7,31,4,42,0,0,26,0,26,0,7,57,4,68,54,0,54,122
08/16/2010,ILG,DE,AEA,EN,Towers with Radar,2,10,43,1,56,0,0,46,0,46,2,10,89,1,102,59,0,59,161
08/17/2010,ILG,DE,AEA,EN,Towers with Radar,0,8,46,8,62,0,0,67,4,71,0,8,113,12,133,121,30,151,284
08/18/2010,ILG,DE,AEA,EN,Towers with Radar,0,8,31,9,48,0,0,10,0,10,0,8,41,9,58,34,10,44,102
08/19/2010,ILG,DE,AEA,EN,Towers with Radar,0,10,38,6,54,0,0,67,10,77,0,10,105,16,131,75,36,111,242
08/20/2010,ILG,DE,AEA,EN,Towers with Radar,0,6,46,2,54,0,0,94,2,96,0,6,140,4,150,16,6,22,172
08/21/2010,ILG,DE,AEA,EN,Towers with Radar,0,7,20,1,28,0,0,96,0,96,0,7,116,1,124,36,0,36,160
08/22/2010,ILG,DE,AEA,EN,Towers with Radar,0,9,35,0,44,0,0,28,0,28,0,9,63,0,72,10,0,10,82
08/23/2010,ILG,DE,AEA,EN,Towers with Radar,0,8,42,5,55,0,0,22,0,22,0,8,64,5,77,14,0,14,91
08/24/2010,ILG,DE,AEA,EN,Towers with Radar,0,27,45,5,77,0,0,59,3,62,0,27,104,8,139,44,26,70,209
08/25/2010,ILG,DE,AEA,EN,Towers with Radar,0,21,49,2,72,0,70,10,0,80,0,91,59,2,152,90,78,168,320
08/26/2010,ILG,DE,AEA,EN,Towers with Radar,0,13,45,9,67,0,1,82,1,84,0,14,127,10,151,133,40,173,324
08/27/2010,ILG,DE,AEA,EN,Towers with Radar,0,13,40,3,56,0,0,98,2,100,0,13,138,5,156,75,20,95,251
08/28/2010,ILG,DE,AEA,EN,Towers with Radar,0,6,19,0,25,0,0,96,0,96,0,6,115,0,121,58,0,58,179
08/29/2010,ILG,DE,AEA,EN,Towers with Radar,0,11,30,4,45,0,0,90,5,95,0,11,120,9,140,124,10,134,274
08/30/2010,ILG,DE,AEA,EN,Towers with Radar,0,13,44,2,59,0,0,77,3,80,0,13,121,5,139,100,14,114,253
08/31/2010,ILG,DE,AEA,EN,Towers with Radar,0,15,45,8,68,0,0,45,2,47,0,15,90,10,115,108,40,148,263
09/01/2010,ILG,DE,AEA,EN,Towers with Radar,0,5,48,16,69,0,0,55,0,55,0,5,103,16,124,150,11,161,285
09/02/2010,ILG,DE,AEA,EN,Towers with Radar,0,10,48,5,63,0,0,51,2,53,0,10,99,7,116,100,0,100,216
09/03/2010,ILG,DE,AEA,EN,Towers with Radar,0,12,22,0,34,0,0,38,0,38,0,12,60,0,72,26,0,26,98
09/04/2010,ILG,DE,AEA,EN,Towers with Radar,0,5,15,0,20,0,0,25,0,25,0,5,40,0,45,16,0,16,61
09/05/2010,ILG,DE,AEA,EN,Towers with Radar,0,4,25,0,29,0,0,62,0,62,0,4,87,0,91,52,0,52,143
09/06/2010,ILG,DE,AEA,EN,Towers with Radar,0,6,30,3,39,0,0,66,0,66,0,6,96,3,105,40,0,40,145
09/07/2010,ILG,DE,AEA,EN,Towers with Radar,0,7,44,10,61,0,1,71,0,72,0,8,115,10,133,97,49,146,279
09/08/2010,ILG,DE,AEA,EN,Towers with Radar,0,7,43,6,56,0,0,54,6,60,0,7,97,12,116,44,40,84,200
09/09/2010,ILG,DE,AEA,EN,Towers with Radar,0,6,32,7,45,0,0,38,10,48,0,6,70,17,93,52,48,100,193
09/10/2010,ILG,DE,AEA,EN,Towers with Radar,2,19,26,5,52,0,0,53,5,58,2,19,79,10,110,18,48,66,176
09/11/2010,ILG,DE,AEA,EN,Towers with Radar,1,8,19,4,32,0,0,95,5,100,1,8,114,9,132,96,6,102,234
09/12/2010,ILG,DE,AEA,EN,Towers with Radar,0,13,42,1,56,0,0,2,1,3,0,13,44,2,59,10,0,10,69
09/13/2010,ILG,DE,AEA,EN,Towers with Radar,0,13,36,4,53,0,0,27,2,29,0,13,63,6,82,10,26,36,118
09/14/2010,ILG,DE,AEA,EN,Towers with Radar,0,15,50,17,82,0,0,39,6,45,0,15,89,23,127,100,32,132,259
09/15/2010,ILG,DE,AEA,EN,Towers with Radar,0,18,55,4,77,0,0,47,5,52,0,18,102,9,129,190,50,240,369
09/16/2010,ILG,DE,AEA,EN,Towers with Radar,0,16,49,6,71,0,0,36,5,41,0,16,85,11,112,50,16,66,178
09/17/2010,ILG,DE,AEA,EN,Towers with Radar,0,14,35,0,49,0,0,60,0,60,0,14,95,0,109,77,8,85,194
09/18/2010,ILG,DE,AEA,EN,Towers with Radar,0,3,18,1,22,0,0,69,0,69,0,3,87,1,91,64,10,74,165
09/19/2010,ILG,DE,AEA,EN,Towers with Radar,0,4,25,2,31,0,2,56,7,65,0,6,81,9,96,86,0,86,182
09/20/2010,ILG,DE,AEA,EN,Towers with Radar,0,16,51,7,74,0,0,46,4,50,0,16,97,11,124,16,4,20,144
09/21/2010,ILG,DE,AEA,EN,Towers with Radar,0,28,61,5,94,0,0,165,8,173,0,28,226,13,267,160,36,196,463
09/22/2010,ILG,DE,AEA,EN,Towers with Radar,0,21,39,10,70,0,0,95,1,96,0,21,134,11,166,128,28,156,322
09/23/2010,ILG,DE,AEA,EN,Towers with Radar,0,9,45,13,67,0,0,56,10,66,0,9,101,23,133,34,64,98,231
09/24/2010,ILG,DE,AEA,EN,Towers with Radar,0,20,43,5,68,0,1,35,0,36,0,21,78,5,104,38,0,38,142
09/25/2010,ILG,DE,AEA,EN,Towers with Radar,0,6,32,0,38,0,0,97,1,98,0,6,129,1,136,144,0,144,280
09/26/2010,ILG,DE,AEA,EN,Towers with Radar,0,7,45,0,52,0,0,52,4,56,0,7,97,4,108,46,0,46,154
09/27/2010,ILG,DE,AEA,EN,Towers with Radar,0,14,35,2,51,0,0,0,0,0,0,14,35,2,51,0,0,0,51
09/28/2010,ILG,DE,AEA,EN,Towers with Radar,0,13,53,9,75,0,0,12,0,12,0,13,65,9,87,10,50,60,147
09/29/2010,ILG,DE,AEA,EN,Towers with Radar,0,14,48,4,66,0,0,38,2,40,0,14,86,6,106,44,8,52,158
09/30/2010,ILG,DE,AEA,EN,Towers with Radar,0,15,24,1,40,0,0,0,0,0,0,15,24,1,40,0,0,0,40
10/01/2010,ILG,DE,AEA,EN,Towers with Radar,0,9,39,2,50,0,0,3,0,3,0,9,42,2,53,0,0,0,53
10/02/2010,ILG,DE,AEA,EN,Towers with Radar,0,9,23,0,32,0,0,74,16,90,0,9,97,16,122,98,0,98,220
10/03/2010,ILG,DE,AEA,EN,Towers with Radar,0,9,37,6,52,0,0,23,2,25,0,9,60,8,77,0,10,10,87
10/04/2010,ILG,DE,AEA,EN,Towers with Radar,0,1,26,1,28,0,0,6,0,6,0,1,32,1,34,0,0,0,34
10/05/2010,ILG,DE,AEA,EN,Towers with Radar,0,20,48,10,78,0,0,32,3,35,0,20,80,13,113,0,0,0,113
10/06/2010,ILG,DE,AEA,EN,Towers with Radar,0,11,47,4,62,0,1,52,6,59,0,12,99,10,121,36,38,74,195
10/07/2010,ILG,DE,AEA,EN,Towers with Radar,0,15,37,6,58,0,0,42,0,42,0,15,79,6,100,113,0,113,213
10/08/2010,ILG,DE,AEA,EN,Towers with Radar,0,8,29,1,38,0,17,24,0,41,0,25,53,1,79,18,0,18,97
10/09/2010,ILG,DE,AEA,EN,Towers with Radar,1,6,18,0,25,0,0,168,0,168,1,6,186,0,193,57,0,57,250
10/10/2010,ILG,DE,AEA,EN,Towers with Radar,0,3,45,2,50,0,0,58,0,58,0,3,103,2,108,82,0,82,190
10/11/2010,ILG,DE,AEA,EN,Towers with Radar,1,11,32,0,44,0,13,22,1,36,1,24,54,1,80,20,0,20,100
10/12/2010,ILG,DE,AEA,EN,Towers with Radar,0,15,49,10,74,0,0,54,8,62,0,15,103,18,136,112,30,142,278
10/13/2010,ILG,DE,AEA,EN,Towers with Radar,0,8,44,9,61,0,8,71,10,89,0,16,115,19,150,222,13,235,385
10/14/2010,ILG,DE,AEA,EN,Towers with Radar,0,17,56,1,74,0,0,17,0,17,0,17,73,1,91,4,20,24,115
10/15/2010,ILG,DE,AEA,EN,Towers with Radar,0,12,34,3,49,0,0,16,11,27,0,12,50,14,76,26,6,32,108
10/16/2010,ILG,DE,AEA,EN,Towers with Radar,0,6,21,0,27,0,0,34,1,35,0,6,55,1,62,16,0,16,78
10/17/2010,ILG,DE,AEA,EN,Towers with Radar,0,10,44,2,56,0,0,83,0,83,0,10,127,2,139,84,0,84,223
10/18/2010,ILG,DE,AEA,EN,Towers with Radar,1,7,27,2,37,0,0,41,0,41,1,7,68,2,78,30,0,30,108
10/19/2010,ILG,DE,AEA,EN,Towers with Radar,0,5,51,9,65,0,0,19,7,26,0,5,70,16,91,48,0,48,139
10/20/2010,ILG,DE,AEA,EN,Towers with Radar,0,10,44,5,59,0,0,43,10,53,0,10,87,15,112,70,46,116,228
10/21/2010,ILG,DE,AEA,EN,Towers with Radar,0,8,41,7,56,0,0,23,7,30,0,8,64,14,86,56,30,86,172
10/22/2010,ILG,DE,AEA,EN,Towers with Radar,0,18,30,5,53,0,0,26,1,27,0,18,56,6,80,46,60,106,186
10/23/2010,ILG,DE,AEA,EN,Towers with Radar,0,9,32,6,47,0,0,70,0,70,0,9,102,6,117,66,0,66,183
10/24/2010,ILG,DE,AEA,EN,Towers with Radar,0,11,37,5,53,0,0,60,0,60,0,11,97,5,113,74,0,74,187
10/25/2010,ILG,DE,AEA,EN,Towers with Radar,1,10,68,8,87,0,0,31,4,35,1,10,99,12,122,42,0,42,164
10/26/2010,ILG,DE,AEA,EN,Towers with Radar,0,11,60,10,81,0,0,18,14,32,0,11,78,24,113,78,22,100,213
10/27/2010,ILG,DE,AEA,EN,Towers with Radar,0,6,33,0,39,0,0,34,0,34,0,6,67,0,73,0,0,0,73
10/28/2010,ILG,DE,AEA,EN,Towers with Radar,0,19,41,4,64,0,0,46,13,59,0,19,87,17,123,84,142,226,349
10/29/2010,ILG,DE,AEA,EN,Towers with Radar,0,7,37,6,50,0,1,25,6,32,0,8,62,12,82,22,36,58,140
10/30/2010,ILG,DE,AEA,EN,Towers with Radar,0,7,36,0,43,0,0,134,0,134,0,7,170,0,177,26,0,26,203
10/31/2010,ILG,DE,AEA,EN,Towers with Radar,0,10,27,0,37,0,0,48,0,48,0,10,75,0,85,104,0,104,189
11/01/2010,ILG,DE,AEA,EN,Towers with Radar,0,10,68,4,82,0,0,54,0,54,0,10,122,4,136,52,4,56,192
11/02/2010,ILG,DE,AEA,EN,Towers with Radar,0,13,38,6,57,0,0,77,11,88,0,13,115,17,145,126,62,188,333
11/03/2010,ILG,DE,AEA,EN,Towers with Radar,1,17,41,3,62,0,0,82,13,95,1,17,123,16,157,76,32,108,265
11/04/2010,ILG,DE,AEA,EN,Towers with Radar,0,8,30,2,40,0,0,0,0,0,0,8,30,2,40,0,0,0,40
11/05/2010,ILG,DE,AEA,EN,Towers with Radar,0,20,50,5,75,0,3,67,10,80,0,23,117,15,155,100,28,128,283
11/06/2010,ILG,DE,AEA,EN,Towers with Radar,0,13,28,5,46,0,0,91,2,93,0,13,119,7,139,88,0,88,227
11/07/2010,ILG,DE,AEA,EN,Towers with Radar,0,7,34,8,49,0,3,50,12,65,0,10,84,20,114,34,2,36,150
11/08/2010,ILG,DE,AEA,EN,Towers with Radar,0,10,43,2,55,0,0,18,11,29,0,10,61,13,84,12,28,40,124
11/09/2010,ILG,DE,AEA,EN,Towers with Radar,0,18,37,2,57,0,0,37,23,60,0,18,74,25,117,114,12,126,243
11/10/2010,ILG,DE,AEA,EN,Towers with Radar,0,6,48,4,58,0,0,47,4,51,0,6,95,8,109,80,10,90,199
11/11/2010,ILG,DE,AEA,EN,Towers with Radar,0,4,46,1,51,0,0,59,0,59,0,4,105,1,110,108,0,108,218
11/12/2010,ILG,DE,AEA,EN,Towers with Radar,0,9,51,2,62,0,0,76,0,76,0,9,127,2,138,38,0,38,176
11/13/2010,ILG,DE,AEA,EN,Towers with Radar,0,5,25,0,30,0,0,123,0,123,0,5,148,0,153,100,0,100,253
11/14/2010,ILG,DE,AEA,EN,Towers with Radar,0,9,39,2,50,0,0,150,0,150,0,9,189,2,200,100,0,100,300
11/15/2010,ILG,DE,AEA,EN,Towers with Radar,0,7,34,4,45,0,0,12,5,17,0,7,46,9,62,46,0,46,108
11/16/2010,ILG,DE,AEA,EN,Towers with Radar,0,5,56,0,61,0,0,6,0,6,0,5,62,0,67,0,0,0,67
11/17/2010,ILG,DE,AEA,EN,Towers with Radar,2,17,47,4,70,0,0,24,14,38,2,17,71,18,108,24,68,92,200
11/18/2010,ILG,DE,AEA,EN,Towers with Radar,0,6,49,5,60,0,0,39,6,45,0,6,88,11,105,46,77,123,228
11/19/2010,ILG,DE,AEA,EN,Towers with Radar,0,10,38,9,57,0,1,70,11,82,0,11,108,20,139,84,22,106,245
11/20/2010,ILG,DE,AEA,EN,Towers with Radar,0,6,30,0,36,0,0,61,0,61,0,6,91,0,97,105,0,105,202
11/21/2010,ILG,DE,AEA,EN,Towers with Radar,0,11,39,0,50,0,0,108,0,108,0,11,147,0,158,162,1,163,321
11/22/2010,ILG,DE,AEA,EN,Towers with Radar,0,12,44,3,59,0,0,39,4,43,0,12,83,7,102,50,0,50,152
11/23/2010,ILG,DE,AEA,EN,Towers with Radar,3,12,54,5,74,0,0,61,15,76,3,12,115,20,150,72,78,150,300
11/24/2010,ILG,DE,AEA,EN,Towers with Radar,0,10,33,3,46,0,0,58,6,64,0,10,91,9,110,104,10,114,224
11/25/2010,ILG,DE,AEA,EN,Towers with Radar,0,2,5,0,7,0,0,1,0,1,0,2,6,0,8,0,0,0,8
11/26/2010,ILG,DE,AEA,EN,Towers with Radar,0,13,17,0,30,0,0,12,0,12,0,13,29,0,42,16,0,16,58
11/27/2010,ILG,DE,AEA,EN,Towers with Radar,0,9,14,0,23,0,0,28,0,28,0,9,42,0,51,18,0,18,69
11/28/2010,ILG,DE,AEA,EN,Towers with Radar,0,14,51,0,65,0,0,119,0,119,0,14,170,0,184,110,0,110,294
11/29/2010,ILG,DE,AEA,EN,Towers with Radar,0,13,50,0,63,0,0,44,3,47,0,13,94,3,110,18,20,38,148
11/30/2010,ILG,DE,AEA,EN,Towers with Radar,0,12,39,5,56,0,0,14,15,29,0,12,53,20,85,26,21,47,132
12/01/2010,ILG,DE,AEA,EN,Towers with Radar,0,4,27,3,34,0,0,4,4,8,0,4,31,7,42,0,36,36,78
12/02/2010,ILG,DE,AEA,EN,Towers with Radar,0,9,53,2,64,0,0,53,11,64,0,9,106,13,128,156,100,256,384
12/03/2010,ILG,DE,AEA,EN,Towers with Radar,0,4,50,17,71,0,0,67,7,74,0,4,117,24,145,114,45,159,304
12/04/2010,ILG,DE,AEA,EN,Towers with Radar,0,4,22,6,32,0,0,44,6,50,0,4,66,12,82,92,16,108,190
12/05/2010,ILG,DE,AEA,EN,Towers with Radar,0,11,22,3,36,0,0,16,10,26,0,11,38,13,62,22,0,22,84
12/06/2010,ILG,DE,AEA,EN,Towers with Radar,0,16,41,1,58,0,0,23,19,42,0,16,64,20,100,7,0,7,107
12/07/2010,ILG,DE,AEA,EN,Towers with Radar,0,4,22,4,30,0,0,7,13,20,0,4,29,17,50,0,50,50,100
12/08/2010,ILG,DE,AEA,EN,Towers with Radar,0,7,41,6,54,0,0,30,15,45,0,7,71,21,99,22,54,76,175
12/09/2010,ILG,DE,AEA,EN,Towers with Radar,1,20,43,4,68,0,0,28,13,41,1,20,71,17,109,68,106,174,283
12/10/2010,ILG,DE,AEA,EN,Towers with Radar,0,13,54,3,70,0,0,33,3,36,0,13,87,6,106,40,8,48,154
12/11/2010,ILG,DE,AEA,EN,Towers with Radar,1,4,35,0,40,0,0,81,0,81,1,4,116,0,121,190,0,190,311
12/12/2010,ILG,DE,AEA,EN,Towers with Radar,0,3,23,0,26,0,0,1,0,1,0,3,24,0,27,1,0,1,28
12/13/2010,ILG,DE,AEA,EN,Towers with Radar,0,6,39,0,45,0,0,12,0,12,0,6,51,0,57,9,0,9,66
12/14/2010,ILG,DE,AEA,EN,Towers with Radar,0,17,43,9,69,0,0,39,25,64,0,17,82,34,133,12,40,52,185
12/15/2010,ILG,DE,AEA,EN,Towers with Radar,0,7,50,7,64,0,0,17,17,34,0,7,67,24,98,15,94,109,207
12/16/2010,ILG,DE,AEA,EN,Towers with Radar,0,5,39,1,45,0,0,18,5,23,0,5,57,6,68,44,34,78,146
12/17/2010,ILG,DE,AEA,EN,Towers with Radar,0,15,55,3,73,0,0,36,0,36,0,15,91,3,109,58,0,58,167
12/18/2010,ILG,DE,AEA,EN,Towers with Radar,1,10,37,0,48,0,0,42,0,42,1,10,79,0,90,84,0,84,174
12/19/2010,ILG,DE,AEA,EN,Towers with Radar,0,7,21,1,29,0,2,31,0,33,0,9,52,1,62,28,0,28,90
12/20/2010,ILG,DE,AEA,EN,Towers with Radar,0,8,21,2,31,0,0,35,5,40,0,8,56,7,71,58,4,62,133
12/21/2010,ILG,DE,AEA,EN,Towers with Radar,0,15,47,12,74,0,0,57,23,80,0,15,104,35,154,100,119,219,373
12/22/2010,ILG,DE,AEA,EN,Towers with Radar,0,5,33,8,46,0,1,61,3,65,0,6,94,11,111,112,10,122,233
12/23/2010,ILG,DE,AEA,EN,Towers with Radar,0,7,30,2,39,0,0,23,0,23,0,7,53,2,62,0,12,12,74
12/24/2010,ILG,DE,AEA,EN,Towers with Radar,0,1,5,0,6,0,0,22,0,22,0,1,27,0,28,56,0,56,84
12/25/2010,ILG,DE,AEA,EN,Towers with Radar,0,2,6,0,8,0,0,9,0,9,0,2,15,0,17,0,0,0,17
12/26/2010,ILG,DE,AEA,EN,Towers with Radar,0,6,15,0,21,0,0,2,0,2,0,6,17,0,23,24,0,24,47
12/27/2010,ILG,DE,AEA,EN,Towers with Radar,0,18,42,2,62,0,0,4,0,4,0,18,46,2,66,0,0,0,66
12/28/2010,ILG,DE,AEA,EN,Towers with Radar,0,6,26,1,33,0,0,6,2,8,0,6,32,3,41,12,20,32,73
12/29/2010,ILG,DE,AEA,EN,Towers with Radar,0,2,37,2,41,0,0,58,2,60,0,2,95,4,101,102,6,108,209
12/30/2010,ILG,DE,AEA,EN,Towers with Radar,0,1,12,1,14,0,0,43,0,43,0,1,55,1,57,66,0,66,123
12/31/2010,ILG,DE,AEA,EN,Towers with Radar,0,4,32,0,36,0,0,71,0,71,0,4,103,0,107,90,16,106,213
01/01/2011,ILG,DE,AEA,EN,Towers with Radar,0,8,27,0,35,0,3,32,0,35,0,11,59,0,70,30,0,30,100
01/02/2011,ILG,DE,AEA,EN,Towers with Radar,0,16,50,0,66,0,1,16,0,17,0,17,66,0,83,10,0,10,93
01/03/2011,ILG,DE,AEA,EN,Towers with Radar,2,18,34,2,56,0,3,28,0,31,2,21,62,2,87,124,0,124,211
01/04/2011,ILG,DE,AEA,EN,Towers with Radar,3,5,28,11,47,0,0,49,19,68,3,5,77,30,115,122,0,122,237
01/05/2011,ILG,DE,AEA,EN,Towers with Radar,0,4,34,3,41,0,1,53,7,61,0,5,87,10,102,68,52,120,222
01/06/2011,ILG,DE,AEA,EN,Towers with Radar,2,12,47,7,68,0,1,43,4,48,2,13,90,11,116,54,66,120,236
01/07/2011,ILG,DE,AEA,EN,Towers with Radar,1,12,29,3,45,0,0,15,0,15,1,12,44,3,60,0,0,0,60
01/08/2011,ILG,DE,AEA,EN,Towers with Radar,2,10,16,0,28,0,0,0,0,0,2,10,16,0,28,0,0,0,28
01/09/2011,ILG,DE,AEA,EN,Towers with Radar,0,9,20,4,33,0,0,0,0,0,0,9,20,4,33,6,3,9,42
01/10/2011,ILG,DE,AEA,EN,Towers with Radar,0,10,42,0,52,0,2,29,0,31,0,12,71,0,83,58,0,58,141
01/11/2011,ILG,DE,AEA,EN,Towers with Radar,0,12,39,7,58,0,0,36,1,37,0,12,75,8,95,70,8,78,173
01/12/2011,ILG,DE,AEA,EN,Towers with Radar,0,10,29,1,40,0,0,9,2,11,0,10,38,3,51,6,16,22,73
01/13/2011,ILG,DE,AEA,EN,Towers with Radar,0,16,39,5,60,0,0,16,2,18,0,16,55,7,78,22,12,34,112
01/14/2011,ILG,DE,AEA,EN,Towers with Radar,0,12,31,7,50,0,0,50,4,54,0,12,81,11,104,40,0,40,144
01/15/2011,ILG,DE,AEA,EN,Towers with Radar,1,5,20,0,26,0,0,51,1,52,1,5,71,1,78,72,0,72,150
01/16/2011,ILG,DE,AEA,EN,Towers with Radar,0,10,21,0,31,0,0,53,0,53,0,10,74,0,84,120,0,120,204
01/17/2011,ILG,DE,AEA,EN,Towers with Radar,0,5,35,2,42,0,0,38,0,38,0,5,73,2,80,110,0,110,190
01/18/2011,ILG,DE,AEA,EN,Towers with Radar,0,6,25,0,31,0,0,0,0,0,0,6,25,0,31,0,0,0,31
01/19/2011,ILG,DE,AEA,EN,Towers with Radar,0,8,38,10,56,0,0,16,4,20,0,8,54,14,76,24,68,92,168
01/20/2011,ILG,DE,AEA,EN,Towers with Radar,0,5,52,12,69,0,0,36,3,39,0,5,88,15,108,26,44,70,178
01/21/2011,ILG,DE,AEA,EN,Towers with Radar,0,2,19,1,22,0,0,7,2,9,0,2,26,3,31,0,12,12,43
01/22/2011,ILG,DE,AEA,EN,Towers with Radar,0,6,16,0,22,0,0,40,0,40,0,6,56,0,62,76,0,76,138
01/23/2011,ILG,DE,AEA,EN,Towers with Radar,0,5,25,3,33,0,0,29,1,30,0,5,54,4,63,66,0,66,129
01/24/2011,ILG,DE,AEA,EN,Towers with Radar,0,3,38,0,41,0,0,27,0,27,0,3,65,0,68,46,0,46,114
01/25/2011,ILG,DE,AEA,EN,Towers with Radar,0,9,45,9,63,0,1,48,5,54,0,10,93,14,117,77,44,121,238
01/26/2011,ILG,DE,AEA,EN,Towers with Radar,0,1,17,0,18,0,0,0,0,0,0,1,17,0,18,0,0,0,18
01/27/2011,ILG,DE,AEA,EN,Towers with Radar,0,13,43,0,56,0,0,4,0,4,0,13,47,0,60,6,0,6,66
01/28/2011,ILG,DE,AEA,EN,Towers with Radar,0,6,27,14,47,0,0,12,1,13,0,6,39,15,60,28,4,32,92
01/29/2011,ILG,DE,AEA,EN,Towers with Radar,0,7,12,0,19,0,0,24,0,24,0,7,36,0,43,72,0,72,115
01/30/2011,ILG,DE,AEA,EN,Towers with Radar,0,10,20,0,30,0,0,44,0,44,0,10,64,0,74,74,0,74,148
01/31/2011,ILG,DE,AEA,EN,Towers with Radar,0,9,25,1,35,0,0,44,0,44,0,9,69,1,79,60,0,60,139
02/01/2011,ILG,DE,AEA,EN,Towers with Radar,0,3,9,0,12,0,0,0,0,0,0,3,9,0,12,0,0,0,12
02/02/2011,ILG,DE,AEA,EN,Towers with Radar,0,6,16,6,28,0,0,1,3,4,0,6,17,9,32,10,28,38,70
02/03/2011,ILG,DE,AEA,EN,Towers with Radar,0,5,48,5,58,0,0,17,3,20,0,5,65,8,78,52,34,86,164
02/04/2011,ILG,DE,AEA,EN,Towers with Radar,0,9,36,5,50,0,0,55,1,56,0,9,91,6,106,108,2,110,216
02/05/2011,ILG,DE,AEA,EN,Towers with Radar,0,3,13,0,16,0,0,1,0,1,0,3,14,0,17,0,0,0,17
02/06/2011,ILG,DE,AEA,EN,Towers with Radar,0,6,21,2,29,0,0,90,5,95,0,6,111,7,124,96,16,112,236
02/07/2011,ILG,DE,AEA,EN,Towers with Radar,0,6,26,0,32,0,0,28,2,30,0,6,54,2,62,44,6,50,112
02/08/2011,ILG,DE,AEA,EN,Towers with Radar,0,5,34,4,43,0,0,1,3,4,0,5,35,7,47,7,8,15,62
02/09/2011,ILG,DE,AEA,EN,Towers with Radar,0,3,43,10,56,0,0,43,4,47,0,3,86,14,103,48,28,76,179
02/10/2011,ILG,DE,AEA,EN,Towers with Radar,0,4,37,9,50,0,0,20,3,23,0,4,57,12,73,14,36,50,123
02/11/2011,ILG,DE,AEA,EN,Towers with Radar,1,5,37,7,50,0,0,84,1,85,1,5,121,8,135,138,12,150,285
02/12/2011,ILG,DE,AEA,EN,Towers with Radar,0,12,22,0,34,0,0,84,0,84,0,12,106,0,118,70,0,70,188
02/13/2011,ILG,DE,AEA,EN,Towers with Radar,0,9,22,5,36,0,0,47,0,47,0,9,69,5,83,123,0,123,206
02/14/2011,ILG,DE,AEA,EN,Towers with Radar,0,22,38,11,71,0,0,14,10,24,0,22,52,21,95,0,22,22,117
02/15/2011,ILG,DE,AEA,EN,Towers with Radar,0,9,47,5,61,0,0,42,11,53,0,9,89,16,114,66,32,98,212
02/16/2011,ILG,DE,AEA,EN,Towers with Radar,0,8,40,16,64,0,0,63,5,68,0,8,103,21,132,102,70,172,304
02/17/2011,ILG,DE,AEA,EN,Towers with Radar,0,6,43,2,51,0,0,69,3,72,0,6,112,5,123,138,30,168,291
02/18/2011,ILG,DE,AEA,EN,Towers with Radar,1,19,45,0,65,0,1,70,0,71,1,20,115,0,136,38,0,38,174
02/19/2011,ILG,DE,AEA,EN,Towers with Radar,0,7,14,0,21,0,0,0,0,0,0,7,14,0,21,0,0,0,21
02/20/2011,ILG,DE,AEA,EN,Towers with Radar,0,9,20,0,29,0,0,92,0,92,0,9,112,0,121,160,0,160,281
02/21/2011,ILG,DE,AEA,EN,Towers with Radar,0,12,54,0,66,0,0,34,1,35,0,12,88,1,101,69,0,69,170
02/22/2011,ILG,DE,AEA,EN,Towers with Radar,0,10,32,13,55,0,0,9,3,12,0,10,41,16,67,0,6,6,73
02/23/2011,ILG,DE,AEA,EN,Towers with Radar,0,10,40,6,56,0,0,64,2,66,0,10,104,8,122,108,4,112,234
02/24/2011,ILG,DE,AEA,EN,Towers with Radar,0,10,45,6,61,0,0,33,7,40,0,10,78,13,101,38,20,58,159
02/25/2011,ILG,DE,AEA,EN,Towers with Radar,0,4,26,0,30,0,0,3,2,5,0,4,29,2,35,0,0,0,35
02/26/2011,ILG,DE,AEA,EN,Towers with Radar,0,8,46,0,54,0,0,120,0,120,0,8,166,0,174,194,0,194,368
02/27/2011,ILG,DE,AEA,EN,Towers with Radar,0,5,29,1,35,0,0,86,0,86,0,5,115,1,121,54,0,54,175
02/28/2011,ILG,DE,AEA,EN,Towers with Radar,0,10,26,7,43,0,0,6,0,6,0,10,32,7,49,2,0,2,51
03/01/2011,ILG,DE,AEA,EN,Towers with Radar,1,15,55,2,73,0,0,61,2,63,1,15,116,4,136,88,2,90,226
03/02/2011,ILG,DE,AEA,EN,Towers with Radar,0,5,44,5,54,0,0,21,8,29,0,5,65,13,83,20,42,62,145
03/03/2011,ILG,DE,AEA,EN,Towers with Radar,0,2,49,12,63,0,0,39,11,50,0,2,88,23,113,78,53,131,244
03/04/2011,ILG,DE,AEA,EN,Towers with Radar,0,4,21,3,28,0,0,29,1,30,0,4,50,4,58,34,8,42,100
03/05/2011,ILG,DE,AEA,EN,Towers with Radar,0,2,19,0,21,0,0,46,0,46,0,2,65,0,67,36,0,36,103
03/06/2011,ILG,DE,AEA,EN,Towers with Radar,0,2,13,2,17,0,0,0,0,0,0,2,13,2,17,0,0,0,17
03/07/2011,ILG,DE,AEA,EN,Towers with Radar,0,7,35,0,42,0,0,28,1,29,0,7,63,1,71,22,0,22,93
03/08/2011,ILG,DE,AEA,EN,Towers with Radar,0,16,45,10,71,0,0,103,0,103,0,16,148,10,174,86,22,108,282
03/09/2011,ILG,DE,AEA,EN,Towers with Radar,0,11,39,6,56,0,0,30,12,42,0,11,69,18,98,84,46,130,228
03/10/2011,ILG,DE,AEA,EN,Towers with Radar,0,7,23,4,34,0,0,0,0,0,0,7,23,4,34,0,0,0,34
03/11/2011,ILG,DE,AEA,EN,Towers with Radar,0,8,21,2,31,0,1,34,0,35,0,9,55,2,66,46,0,46,112
03/12/2011,ILG,DE,AEA,EN,Towers with Radar,0,8,48,0,56,1,0,121,0,122,1,8,169,0,178,138,10,148,326
03/13/2011,ILG,DE,AEA,EN,Towers with Radar,0,4,19,4,27,0,0,45,0,45,0,4,64,4,72,126,22,148,220
03/14/2011,ILG,DE,AEA,EN,Towers with Radar,0,5,31,4,40,0,0,30,2,32,0,5,61,6,72,70,0,70,142
03/15/2011,ILG,DE,AEA,EN,Towers with Radar,0,11,61,5,77,0,0,72,3,75,0,11,133,8,152,80,20,100,252
03/16/2011,ILG,DE,AEA,EN,Towers with Radar,0,2,29,14,45,0,0,14,0,14,0,2,43,14,59,46,26,72,131
03/17/2011,ILG,DE,AEA,EN,Towers with Radar,0,6,41,6,53,0,0,78,7,85,0,6,119,13,138,148,6,154,292
03/18/2011,ILG,DE,AEA,EN,Towers with Radar,0,14,52,3,69,0,0,77,0,77,0,14,129,3,146,86,2,88,234
03/19/2011,ILG,DE,AEA,EN,Towers with Radar,0,3,32,0,35,0,0,53,0,53,0,3,85,0,88,100,0,100,188
03/20/2011,ILG,DE,AEA,EN,Towers with Radar,0,4,28,1,33,0,0,84,0,84,0,4,112,1,117,138,0,138,255
03/21/2011,ILG,DE,AEA,EN,Towers with Radar,2,19,17,2,40,0,0,7,0,7,2,19,24,2,47,8,0,8,55
03/22/2011,ILG,DE,AEA,EN,Towers with Radar,0,7,52,0,59,0,0,51,4,55,0,7,103,4,114,114,12,126,240
03/23/2011,ILG,DE,AEA,EN,Towers with Radar,0,9,41,0,50,0,0,5,0,5,0,9,46,0,55,50,0,50,105
03/24/2011,ILG,DE,AEA,EN,Towers with Radar,0,4,44,2,50,0,0,18,0,18,0,4,62,2,68,16,0,16,84
03/25/2011,ILG,DE,AEA,EN,Towers with Radar,0,6,28,1,35,0,0,47,0,47,0,6,75,1,82,56,0,56,138
03/26/2011,ILG,DE,AEA,EN,Towers with Radar,0,7,43,0,50,0,0,58,0,58,0,7,101,0,108,106,0,106,214
03/27/2011,ILG,DE,AEA,EN,Towers with Radar,0,8,45,0,53,0,0,35,0,35,0,8,80,0,88,119,0,119,207
03/28/2011,ILG,DE,AEA,EN,Towers with Radar,0,4,41,5,50,0,0,51,2,53,0,4,92,7,103,98,24,122,225
03/29/2011,ILG,DE,AEA,EN,Towers with Radar,0,10,48,7,65,0,1,52,4,57,0,11,100,11,122,164,16,180,302
03/30/2011,ILG,DE,AEA,EN,Towers with Radar,0,13,27,20,60,0,0,28,6,34,0,13,55,26,94,42,62,104,198
03/31/2011,ILG,DE,AEA,EN,Towers with Radar,0,8,42,0,50,0,0,2,0,2,0,8,44,0,52,0,0,0,52
04/01/2011,ILG,DE,AEA,EN,Towers with Radar,0,10,24,2,36,0,0,10,0,10,0,10,34,2,46,0,0,0,46
04/02/2011,ILG,DE,AEA,EN,Towers with Radar,0,11,23,0,34,0,0,38,0,38,0,11,61,0,72,126,0,126,198
04/03/2011,ILG,DE,AEA,EN,Towers with Radar,0,7,31,0,38,0,0,77,3,80,0,7,108,3,118,76,0,76,194
04/04/2011,ILG,DE,AEA,EN,Towers with Radar,0,9,27,2,38,0,0,13,0,13,0,9,40,2,51,14,0,14,65
04/05/2011,ILG,DE,AEA,EN,Towers with Radar,0,9,31,1,41,0,0,5,4,9,0,9,36,5,50,12,30,42,92
04/06/2011,ILG,DE,AEA,EN,Towers with Radar,0,20,64,24,108,0,0,36,1,37,0,20,100,25,145,44,60,104,249
04/07/2011,ILG,DE,AEA,EN,Towers with Radar,0,7,48,0,55,0,0,30,1,31,0,7,78,1,86,53,6,59,145
04/08/2011,ILG,DE,AEA,EN,Towers with Radar,2,2,39,13,56,0,0,4,0,4,2,2,43,13,60,0,2,2,62
04/09/2011,ILG,DE,AEA,EN,Towers with Radar,0,4,25,2,31,0,0,49,0,49,0,4,74,2,80,159,0,159,239
04/10/2011,ILG,DE,AEA,EN,Towers with Radar,0,12,33,0,45,0,0,68,0,68,0,12,101,0,113,244,0,244,357
04/11/2011,ILG,DE,AEA,EN,Towers with Radar,0,7,29,4,40,0,0,29,0,29,0,7,58,4,69,43,0,43,112
04/12/2011,ILG,DE,AEA,EN,Towers with Radar,0,13,30,0,43,0,0,4,0,4,0,13,34,0,47,1,0,1,48
04/13/2011,ILG,DE,AEA,EN,Towers with Radar,0,8,31,31,70,0,0,0,0,0,0,8,31,31,70,0,0,0,70
04/14/2011,ILG,DE,AEA,EN,Towers with Radar,0,12,35,4,51,0,0,73,4,77,0,12,108,8,128,124,16,140,268
04/15/2011,ILG,DE,AEA,EN,Towers with Radar,0,10,44,0,54,0,0,88,4,92,0,10,132,4,146,188,14,202,348
04/16/2011,ILG,DE,AEA,EN,Towers with Radar,0,2,17,0,19,0,0,2,0,2,0,2,19,0,21,16,0,16,37
04/17/2011,ILG,DE,AEA,EN,Towers with Radar,0,14,15,2,31,0,1,28,0,29,0,15,43,2,60,24,0,24,84
04/18/2011,ILG,DE,AEA,EN,Towers with Radar,0,9,24,0,33,0,0,65,2,67,0,9,89,2,100,162,14,176,276
04/19/2011,ILG,DE,AEA,EN,Towers with Radar,1,16,40,5,62,0,0,45,0,45,1,16,85,5,107,78,0,78,185
04/20/2011,ILG,DE,AEA,EN,Towers with Radar,0,6,23,7,36,0,0,21,4,25,0,6,44,11,61,76,10,86,147
04/21/2011,ILG,DE,AEA,EN,Towers with Radar,0,14,73,0,87,0,0,29,0,29,0,14,102,0,116,43,0,43,159
04/22/2011,ILG,DE,AEA,EN,Towers with Radar,0,3,17,8,28,0,0,53,0,53,0,3,70,8,81,88,0,88,169
04/23/2011,ILG,DE,AEA,EN,Towers with Radar,0,9,13,0,22,0,0,6,0,6,0,9,19,0,28,10,0,10,38
04/24/2011,ILG,DE,AEA,EN,Towers with Radar,0,4,20,0,24,0,0,40,0,40,0,4,60,0,64,14,0,14,78
04/25/2011,ILG,DE,AEA,EN,Towers with Radar,0,11,26,0,37,0,0,34,0,34,0,11,60,0,71,102,0,102,173
04/26/2011,ILG,DE,AEA,EN,Towers with Radar,0,13,29,6,48,0,0,39,1,40,0,13,68,7,88,95,20,115,203
04/27/2011,ILG,DE,AEA,EN,Towers with Radar,0,14,45,3,62,0,0,12,1,13,0,14,57,4,75,28,0,28,103
04/28/2011,ILG,DE,AEA,EN,Towers with Radar,0,10,32,4,46,0,0,9,1,10,0,10,41,5,56,0,26,26,82
04/29/2011,ILG,DE,AEA,EN,Towers with Radar,0,10,51,3,64,0,1,53,0,54,0,11,104,3,118,34,4,38,156
04/30/2011,ILG,DE,AEA,EN,Towers with Radar,0,10,41,0,51,0,0,104,0,104,0,10,145,0,155,164,0,164,319
05/01/2011,ILG,DE,AEA,EN,Towers with Radar,0,14,51,0,65,0,0,101,0,101,0,14,152,0,166,30,0,30,196
05/02/2011,ILG,DE,AEA,EN,Towers with Radar,0,8,33,0,41,0,0,37,0,37,0,8,70,0,78,14,0,14,92
05/03/2011,ILG,DE,AEA,EN,Towers with Radar,0,13,43,3,59,0,0,49,4,53,0,13,92,7,112,70,32,102,214
05/04/2011,ILG,DE,AEA,EN,Towers with Radar,0,10,40,6,56,0,0,16,0,16,0,10,56,6,72,28,10,38,110
05/05/2011,ILG,DE,AEA,EN,Towers with Radar,0,14,64,3,81,0,0,15,1,16,0,14,79,4,97,52,0,52,149
05/06/2011,ILG,DE,AEA,EN,Towers with Radar,0,9,47,7,63,0,0,49,0,49,0,9,96,7,112,24,0,24,136
05/07/2011,ILG,DE,AEA,EN,Towers with Radar,0,16,30,0,46,0,0,77,0,77,0,16,107,0,123,96,0,96,219
05/08/2011,ILG,DE,AEA,EN,Towers with Radar,0,6,20,0,26,0,0,54,0,54,0,6,74,0,80,12,0,12,92
05/09/2011,ILG,DE,AEA,EN,Towers with Radar,0,7,49,3,59,0,0,59,2,61,0,7,108,5,120,68,0,68,188
05/10/2011,ILG,DE,AEA,EN,Towers with Radar,0,13,44,12,69,0,0,80,5,85,0,13,124,17,154,182,14,196,350
05/11/2011,ILG,DE,AEA,EN,Towers with Radar,0,24,44,4,72,0,2,79,0,81,0,26,123,4,153,102,8,110,263
05/12/2011,ILG,DE,AEA,EN,Towers with Radar,0,29,55,23,107,0,0,63,0,63,0,29,118,23,170,58,51,109,279
05/13/2011,ILG,DE,AEA,EN,Towers with Radar,1,27,36,8,72,0,0,40,0,40,1,27,76,8,112,40,0,40,152
05/14/2011,ILG,DE,AEA,EN,Towers with Radar,0,7,28,0,35,0,0,4,0,4,0,7,32,0,39,0,0,0,39
05/15/2011,ILG,DE,AEA,EN,Towers with Radar,0,8,25,0,33,0,0,4,0,4,0,8,29,0,37,0,0,0,37
05/16/2011,ILG,DE,AEA,EN,Towers with Radar,0,11,22,0,33,0,0,6,0,6,0,11,28,0,39,10,0,10,49
05/17/2011,ILG,DE,AEA,EN,Towers with Radar,0,21,56,0,77,0,0,0,2,2,0,21,56,2,79,0,0,0,79
05/18/2011,ILG,DE,AEA,EN,Towers with Radar,0,1,32,1,34,0,0,1,2,3,0,1,33,3,37,0,10,10,47
05/19/2011,ILG,DE,AEA,EN,Towers with Radar,0,5,45,4,54,0,0,8,0,8,0,5,53,4,62,6,6,12,74
05/20/2011,ILG,DE,AEA,EN,Towers with Radar,0,13,32,6,51,0,0,29,4,33,0,13,61,10,84,44,20,64,148
05/21/2011,ILG,DE,AEA,EN,Towers with Radar,0,5,39,4,48,0,0,99,2,101,0,5,138,6,149,170,0,170,319
05/22/2011,ILG,DE,AEA,EN,Towers with Radar,0,9,31,3,43,0,0,22,0,22,0,9,53,3,65,26,0,26,91
05/23/2011,ILG,DE,AEA,EN,Towers with Radar,0,10,31,21,62,0,0,17,2,19,0,10,48,23,81,6,26,32,113
05/24/2011,ILG,DE,AEA,EN,Towers with Radar,0,13,56,2,71,0,0,30,4,34,0,13,86,6,105,58,0,58,163
05/25/2011,ILG,DE,AEA,EN,Towers with Radar,0,12,47,5,64,0,0,81,9,90,0,12,128,14,154,106,30,136,290
05/26/2011,ILG,DE,AEA,EN,Towers with Radar,0,12,45,3,60,0,0,29,2,31,0,12,74,5,91,58,0,58,149
05/27/2011,ILG,DE,AEA,EN,Towers with Radar,0,16,50,1,67,0,1,53,1,55,0,17,103,2,122,53,0,53,175
05/28/2011,ILG,DE,AEA,EN,Towers with Radar,0,10,20,0,30,0,0,46,0,46,0,10,66,0,76,46,0,46,122
05/29/2011,ILG,DE,AEA,EN,Towers with Radar,0,10,15,0,25,0,0,59,0,59,0,10,74,0,84,34,0,34,118
05/30/2011,ILG,DE,AEA,EN,Towers with Radar,0,11,18,2,31,0,0,57,0,57,0,11,75,2,88,72,0,72,160
05/31/2011,ILG,DE,AEA,EN,Towers with Radar,0,8,45,6,59,0,0,38,9,47,0,8,83,15,106,64,2,66,172
06/01/2011,ILG,DE,AEA,EN,Towers with Radar,0,19,36,0,55,0,0,71,6,77,0,19,107,6,132,0,0,0,132
06/02/2011,ILG,DE,AEA,EN,Towers with Radar,0,15,38,1,54,0,0,41,2,43,0,15,79,3,97,22,0,22,119
06/03/2011,ILG,DE,AEA,EN,Towers with Radar,0,8,34,4,46,0,0,51,8,59,0,8,85,12,105,18,12,30,135
06/04/2011,ILG,DE,AEA,EN,Towers with Radar,0,7,16,0,23,0,0,118,1,119,0,7,134,1,142,154,0,154,296
06/05/2011,ILG,DE,AEA,EN,Towers with Radar,0,9,26,0,35,0,0,43,0,43,0,9,69,0,78,174,0,174,252
06/06/2011,ILG,DE,AEA,EN,Towers with Radar,0,17,54,4,75,0,0,84,0,84,0,17,138,4,159,110,0,110,269
06/07/2011,ILG,DE,AEA,EN,Towers with Radar,0,10,30,2,42,0,1,69,3,73,0,11,99,5,115,112,8,120,235
06/08/2011,ILG,DE,AEA,EN,Towers with Radar,0,10,39,11,60,0,0,53,1,54,0,10,92,12,114,32,0,32,146
06/09/2011,ILG,DE,AEA,EN,Towers with Radar,0,13,58,5,76,0,0,27,1,28,0,13,85,6,104,38,4,42,146
06/10/2011,ILG,DE,AEA,EN,Towers with Radar,0,10,34,4,48,0,0,41,2,43,0,10,75,6,91,10,0,10,101
06/11/2011,ILG,DE,AEA,EN,Towers with Radar,0,2,10,1,13,0,0,7,0,7,0,2,17,1,20,10,0,10,30
06/12/2011,ILG,DE,AEA,EN,Towers with Radar,0,11,34,0,45,0,0,35,0,35,0,11,69,0,80,14,16,30,110
06/13/2011,ILG,DE,AEA,EN,Towers with Radar,0,15,53,1,69,0,0,68,0,68,0,15,121,1,137,112,0,112,249
06/14/2011,ILG,DE,AEA,EN,Towers with Radar,0,22,55,1,78,0,0,70,7,77,0,22,125,8,155,146,6,152,307
06/15/2011,ILG,DE,AEA,EN,Towers with Radar,0,12,39,0,51,0,0,68,4,72,0,12,107,4,123,86,4,90,213
06/16/2011,ILG,DE,AEA,EN,Towers with Radar,0,3,53,2,58,0,0,48,1,49,0,3,101,3,107,54,1,55,162
06/17/2011,ILG,DE,AEA,EN,Towers with Radar,0,5,34,0,39,0,0,41,2,43,0,5,75,2,82,73,0,73,155
06/18/2011,ILG,DE,AEA,EN,Towers with Radar,0,3,44,2,49,0,0,95,0,95,0,3,139,2,144,108,0,108,252
06/19/2011,ILG,DE,AEA,EN,Towers with Radar,0,6,13,2,21,0,1,83,0,84,0,7,96,2,105,58,0,58,163
06/20/2011,ILG,DE,AEA,EN,Towers with Radar,0,10,40,2,52,0,0,40,1,41,0,10,80,3,93,66,10,76,169
06/21/2011,ILG,DE,AEA,EN,Towers with Radar,0,5,47,3,55,0,0,59,2,61,0,5,106,5,116,120,10,130,246
06/22/2011,ILG,DE,AEA,EN,Towers with Radar,0,9,36,2,47,0,0,26,3,29,0,9,62,5,76,34,0,34,110
06/23/2011,ILG,DE,AEA,EN,Towers with Radar,0,15,51,7,73,0,0,36,9,45,0,15,87,16,118,14,48,62,180
06/24/2011,ILG,DE,AEA,EN,Towers with Radar,0,3,36,2,41,0,0,38,0,38,0,3,74,2,79,12,28,40,119
06/25/2011,ILG,DE,AEA,EN,Towers with Radar,0,3,21,3,27,0,0,34,0,34,0,3,55,3,61,50,8,58,119
06/26/2011,ILG,DE,AEA,EN,Towers with Radar,0,9,36,0,45,0,0,72,0,72,0,9,108,0,117,92,0,92,209
06/27/2011,ILG,DE,AEA,EN,Towers with Radar,0,13,32,2,47,0,0,42,0,42,0,13,74,2,89,95,0,95,184
06/28/2011,ILG,DE,AEA,EN,Towers with Radar,0,7,32,3,42,0,0,16,0,16,0,7,48,3,58,22,0,22,80
06/29/2011,ILG,DE,AEA,EN,Towers with Radar,0,14,64,10,88,0,0,44,0,44,0,14,108,10,132,58,8,66,198
06/30/2011,ILG,DE,AEA,EN,Towers with Radar,0,16,70,0,86,0,0,52,2,54,0,16,122,2,140,53,0,53,193
07/01/2011,ILG,DE,AEA,EN,Towers with Radar,0,10,42,0,52,0,0,88,2,90,0,10,130,2,142,86,10,96,238
07/02/2011,ILG,DE,AEA,EN,Towers with Radar,0,3,25,0,28,0,0,89,0,89,0,3,114,0,117,52,0,52,169
07/03/2011,ILG,DE,AEA,EN,Towers with Radar,0,6,16,2,24,0,0,25,0,25,0,6,41,2,49,38,0,38,87
07/04/2011,ILG,DE,AEA,EN,Towers with Radar,0,5,14,0,19,0,0,36,0,36,0,5,50,0,55,88,0,88,143
07/05/2011,ILG,DE,AEA,EN,Towers with Radar,0,11,23,2,36,0,0,38,2,40,0,11,61,4,76,42,0,42,118
07/06/2011,ILG,DE,AEA,EN,Towers with Radar,0,8,30,1,39,0,0,21,4,25,0,8,51,5,64,36,0,36,100
07/07/2011,ILG,DE,AEA,EN,Towers with Radar,0,9,40,0,49,0,0,30,3,33,0,9,70,3,82,42,0,42,124
07/08/2011,ILG,DE,AEA,EN,Towers with Radar,0,6,24,2,32,0,0,5,1,6,0,6,29,3,38,6,0,6,44
07/09/2011,ILG,DE,AEA,EN,Towers with Radar,0,10,23,0,33,0,0,73,3,76,0,10,96,3,109,164,0,164,273
07/10/2011,ILG,DE,AEA,EN,Towers with Radar,0,14,38,2,54,0,0,110,10,120,0,14,148,12,174,126,0,126,300
07/11/2011,ILG,DE,AEA,EN,Towers with Radar,0,4,28,0,32,0,0,46,3,49,0,4,74,3,81,124,0,124,205
07/12/2011,ILG,DE,AEA,EN,Towers with Radar,0,6,31,8,45,0,0,34,7,41,0,6,65,15,86,36,22,58,144
07/13/2011,ILG,DE,AEA,EN,Towers with Radar,0,6,37,9,52,0,0,49,3,52,0,6,86,12,104,68,12,80,184
07/14/2011,ILG,DE,AEA,EN,Towers with Radar,0,7,42,5,54,0,0,55,7,62,0,7,97,12,116,34,36,70,186
07/15/2011,ILG,DE,AEA,EN,Towers with Radar,0,7,36,3,46,0,0,60,2,62,0,7,96,5,108,49,0,49,157
07/16/2011,ILG,DE,AEA,EN,Towers with Radar,0,9,35,1,45,0,0,68,1,69,0,9,103,2,114,75,0,75,189
07/17/2011,ILG,DE,AEA,EN,Towers with Radar,0,15,19,0,34,0,0,62,3,65,0,15,81,3,99,16,0,16,115
07/18/2011,ILG,DE,AEA,EN,Towers with Radar,0,9,38,2,49,0,0,49,0,49,0,9,87,2,98,60,0,60,158
07/19/2011,ILG,DE,AEA,EN,Towers with Radar,0,10,29,0,39,0,0,32,5,37,0,10,61,5,76,64,32,96,172
07/20/2011,ILG,DE,AEA,EN,Towers with Radar,0,4,41,6,51,0,0,32,4,36,0,4,73,10,87,38,14,52,139
07/21/2011,ILG,DE,AEA,EN,Towers with Radar,0,4,33,5,42,0,0,41,1,42,0,4,74,6,84,10,44,54,138
07/22/2011,ILG,DE,AEA,EN,Towers with Radar,0,3,26,1,30,0,0,13,1,14,0,3,39,2,44,2,0,2,46
07/23/2011,ILG,DE,AEA,EN,Towers with Radar,0,4,24,0,28,0,3,22,0,25,0,7,46,0,53,22,0,22,75
07/24/2011,ILG,DE,AEA,EN,Towers with Radar,0,7,30,1,38,0,0,36,0,36,0,7,66,1,74,82,34,116,190
07/25/2011,ILG,DE,AEA,EN,Towers with Radar,0,7,31,0,38,0,0,30,2,32,0,7,61,2,70,116,10,126,196
07/26/2011,ILG,DE,AEA,EN,Towers with Radar,0,9,42,6,57,0,0,40,8,48,0,9,82,14,105,2,35,37,142
07/27/2011,ILG,DE,AEA,EN,Towers with Radar,0,7,31,3,41,0,0,60,1,61,0,7,91,4,102,98,2,100,202
07/28/2011,ILG,DE,AEA,EN,Towers with Radar,0,22,17,1,40,0,0,69,0,69,0,22,86,1,109,118,0,118,227
07/29/2011,ILG,DE,AEA,EN,Towers with Radar,0,11,36,1,48,0,0,39,4,43,0,11,75,5,91,92,15,107,198
07/30/2011,ILG,DE,AEA,EN,Towers with Radar,0,5,39,0,44,0,0,30,0,30,0,5,69,0,74,35,0,35,109
07/31/2011,ILG,DE,AEA,EN,Towers with Radar,0,6,25,0,31,0,0,52,0,52,0,6,77,0,83,82,0,82,165
08/01/2011,ILG,DE,AEA,EN,Towers with Radar,0,24,40,6,70,0,0,36,2,38,0,24,76,8,108,38,28,66,174
08/02/2011,ILG,DE,AEA,EN,Towers with Radar,0,14,44,14,72,0,0,56,3,59,0,14,100,17,131,171,30,201,332
08/03/2011,ILG,DE,AEA,EN,Towers with Radar,0,8,42,1,51,0,0,17,1,18,0,8,59,2,69,10,38,48,117
08/04/2011,ILG,DE,AEA,EN,Towers with Radar,0,8,41,3,52,0,0,21,0,21,0,8,62,3,73,6,26,32,105
08/05/2011,ILG,DE,AEA,EN,Towers with Radar,3,8,45,1,57,0,2,53,2,57,3,10,98,3,114,50,0,50,164
08/06/2011,ILG,DE,AEA,EN,Towers with Radar,0,4,20,3,27,0,0,39,6,45,0,4,59,9,72,50,0,50,122
08/07/2011,ILG,DE,AEA,EN,Towers with Radar,0,9,41,8,58,0,0,17,6,23,0,9,58,14,81,0,22,22,103
08/08/2011,ILG,DE,AEA,EN,Towers with Radar,0,5,37,0,42,0,0,33,0,33,0,5,70,0,75,32,0,32,107
08/09/2011,ILG,DE,AEA,EN,Towers with Radar,0,8,32,4,44,0,0,32,1,33,0,8,64,5,77,52,0,52,129
08/10/2011,ILG,DE,AEA,EN,Towers with Radar,0,7,41,9,57,0,0,53,7,60,0,7,94,16,117,34,8,42,159
08/11/2011,ILG,DE,AEA,EN,Towers with Radar,0,5,52,10,67,0,0,83,5,88,0,5,135,15,155,152,18,170,325
08/12/2011,ILG,DE,AEA,EN,Towers with Radar,0,4,51,3,58,0,0,84,1,85,0,4,135,4,143,90,0,90,233
08/13/2011,ILG,DE,AEA,EN,Towers with Radar,0,5,17,0,22,0,0,66,2,68,0,5,83,2,90,42,0,42,132
08/14/2011,ILG,DE,AEA,EN,Towers with Radar,0,4,16,0,20,0,0,2,0,2,0,4,18,0,22,0,0,0,22
08/15/2011,ILG,DE,AEA,EN,Towers with Radar,0,18,28,2,48,0,0,8,0,8,0,18,36,2,56,17,0,17,73
08/16/2011,ILG,DE,AEA,EN,Towers with Radar,0,11,38,8,57,0,0,60,6,66,0,11,98,14,123,64,70,134,257
08/17/2011,ILG,DE,AEA,EN,Towers with Radar,0,17,27,3,47,0,7,99,9,115,0,24,126,12,162,92,26,118,280
08/18/2011,ILG,DE,AEA,EN,Towers with Radar,0,10,54,0,64,0,0,52,2,54,0,10,106,2,118,28,1,29,147
08/19/2011,ILG,DE,AEA,EN,Towers with Radar,0,22,42,5,69,0,0,23,4,27,0,22,65,9,96,12,6,18,114
08/20/2011,ILG,DE,AEA,EN,Towers with Radar,0,10,32,1,43,0,0,85,1,86,0,10,117,2,129,80,2,82,211
08/21/2011,ILG,DE,AEA,EN,Towers with Radar,0,9,42,0,51,0,0,26,0,26,0,9,68,0,77,18,0,18,95
08/22/2011,ILG,DE,AEA,EN,Towers with Radar,0,8,35,0,43,0,12,39,0,51,0,20,74,0,94,62,2,64,158
08/23/2011,ILG,DE,AEA,EN,Towers with Radar,0,21,38,5,64,0,0,69,3,72,0,21,107,8,136,90,44,134,270
08/24/2011,ILG,DE,AEA,EN,Towers with Radar,0,13,29,10,52,0,0,70,3,73,0,13,99,13,125,32,60,92,217
08/25/2011,ILG,DE,AEA,EN,Towers with Radar,0,16,36,0,52,0,0,10,0,10,0,16,46,0,62,22,0,22,84
08/26/2011,ILG,DE,AEA,EN,Towers with Radar,0,14,36,4,54,0,0,51,4,55,0,14,87,8,109,74,0,74,183
08/27/2011,ILG,DE,AEA,EN,Towers with Radar,0,5,16,1,22,0,0,0,0,0,0,5,16,1,22,0,0,0,22
08/28/2011,ILG,DE,AEA,EN,Towers with Radar,0,2,5,0,7,0,0,9,2,11,0,2,14,2,18,4,0,4,22
08/29/2011,ILG,DE,AEA,EN,Towers with Radar,0,8,49,11,68,0,6,46,1,53,0,14,95,12,121,74,0,74,195
08/30/2011,ILG,DE,AEA,EN,Towers with Radar,0,11,34,6,51,0,0,63,4,67,0,11,97,10,118,72,0,72,190
08/31/2011,ILG,DE,AEA,EN,Towers with Radar,0,16,34,8,58,0,0,90,5,95,0,16,124,13,153,62,50,112,265
09/01/2011,ILG,DE,AEA,EN,Towers with Radar,0,8,34,2,44,0,0,41,2,43,0,8,75,4,87,97,36,133,220
09/02/2011,ILG,DE,AEA,EN,Towers with Radar,0,10,38,0,48,0,0,44,0,44,0,10,82,0,92,4,0,4,96
09/03/2011,ILG,DE,AEA,EN,Towers with Radar,0,7,10,0,17,0,0,73,0,73,0,7,83,0,90,38,0,38,128
09/04/2011,ILG,DE,AEA,EN,Towers with Radar,0,2,23,0,25,0,0,53,0,53,0,2,76,0,78,48,0,48,126
09/05/2011,ILG,DE,AEA,EN,Towers with Radar,0,8,32,1,41,0,0,30,0,30,0,8,62,1,71,36,0,36,107
09/06/2011,ILG,DE,AEA,EN,Towers with Radar,0,8,16,0,24,0,0,0,0,0,0,8,16,0,24,0,0,0,24
09/07/2011,ILG,DE,AEA,EN,Towers with Radar,0,5,30,0,35,0,0,5,0,5,0,5,35,0,40,10,0,10,50
09/08/2011,ILG,DE,AEA,EN,Towers with Radar,0,5,21,0,26,0,0,0,1,1,0,5,21,1,27,0,0,0,27
09/09/2011,ILG,DE,AEA,EN,Towers with Radar,0,5,42,14,61,0,0,46,1,47,0,5,88,15,108,28,0,28,136
09/10/2011,ILG,DE,AEA,EN,Towers with Radar,0,3,24,2,29,0,0,51,2,53,0,3,75,4,82,96,54,150,232
09/11/2011,ILG,DE,AEA,EN,Towers with Radar,0,5,23,0,28,0,0,30,0,30,0,5,53,0,58,16,0,16,74
09/12/2011,ILG,DE,AEA,EN,Towers with Radar,0,4,41,2,47,0,0,55,4,59,0,4,96,6,106,22,26,48,154
09/13/2011,ILG,DE,AEA,EN,Towers with Radar,0,3,40,14,57,0,0,41,4,45,0,3,81,18,102,23,42,65,167
09/14/2011,ILG,DE,AEA,EN,Towers with Radar,0,7,43,2,52,0,1,32,6,39,0,8,75,8,91,32,10,42,133
09/15/2011,ILG,DE,AEA,EN,Towers with Radar,0,11,47,3,61,0,0,24,7,31,0,11,71,10,92,26,52,78,170
09/16/2011,ILG,DE,AEA,EN,Towers with Radar,0,10,32,3,45,0,0,59,4,63,0,10,91,7,108,58,4,62,170
09/17/2011,ILG,DE,AEA,EN,Towers with Radar,0,1,10,6,17,0,0,76,3,79,0,1,86,9,96,66,0,66,162
09/18/2011,ILG,DE,AEA,EN,Towers with Radar,0,15,40,6,61,0,1,57,10,68,0,16,97,16,129,44,42,86,215
09/19/2011,ILG,DE,AEA,EN,Towers with Radar,0,9,36,2,47,0,0,47,3,50,0,9,83,5,97,142,0,142,239
09/20/2011,ILG,DE,AEA,EN,Towers with Radar,0,17,46,7,70,0,0,22,1,23,0,17,68,8,93,10,0,10,103
09/21/2011,ILG,DE,AEA,EN,Towers with Radar,0,8,43,8,59,0,0,18,6,24,0,8,61,14,83,24,10,34,117
09/22/2011,ILG,DE,AEA,EN,Towers with Radar,0,9,40,5,54,0,1,24,6,31,0,10,64,11,85,26,28,54,139
09/23/2011,ILG,DE,AEA,EN,Towers with Radar,0,4,26,6,36,0,0,0,1,1,0,4,26,7,37,0,0,0,37
09/24/2011,ILG,DE,AEA,EN,Towers with Radar,0,1,20,0,21,0,0,17,1,18,0,1,37,1,39,67,1,68,107
09/25/2011,ILG,DE,AEA,EN,Towers with Radar,0,10,36,0,46,0,0,33,0,33,0,10,69,0,79,38,0,38,117
09/26/2011,ILG,DE,AEA,EN,Towers with Radar,0,10,59,0,69,0,0,15,0,15,0,10,74,0,84,24,0,24,108
09/27/2011,ILG,DE,AEA,EN,Towers with Radar,0,10,46,5,61,0,0,2,2,4,0,10,48,7,65,0,12,12,77
09/28/2011,ILG,DE,AEA,EN,Towers with Radar,0,6,38,10,54,0,0,8,3,11,0,6,46,13,65,0,64,64,129
09/29/2011,ILG,DE,AEA,EN,Towers with Radar,0,10,54,5,69,0,0,22,7,29,0,10,76,12,98,60,0,60,158
09/30/2011,ILG,DE,AEA,EN,Towers with Radar,2,17,25,2,46,0,0,66,0,66,2,17,91,2,112,44,0,44,156
10/01/2011,ILG,DE,AEA,EN,Towers with Radar,2,10,25,0,37,0,0,53,0,53,2,10,78,0,90,114,0,114,204
10/02/2011,ILG,DE,AEA,EN,Towers with Radar,0,8,29,0,37,0,0,21,1,22,0,8,50,1,59,46,6,52,111
10/03/2011,ILG,DE,AEA,EN,Towers with Radar,0,3,26,1,30,0,0,13,0,13,0,3,39,1,43,32,0,32,75
10/04/2011,ILG,DE,AEA,EN,Towers with Radar,0,5,41,3,49,0,0,26,8,34,0,5,67,11,83,26,40,66,149
10/05/2011,ILG,DE,AEA,EN,Towers with Radar,0,9,21,9,39,0,1,33,3,37,0,10,54,12,76,36,22,58,134
10/06/2011,ILG,DE,AEA,EN,Towers with Radar,0,8,31,20,59,0,2,83,1,86,0,10,114,21,145,110,90,200,345
10/07/2011,ILG,DE,AEA,EN,Towers with Radar,0,12,48,1,61,0,0,75,1,76,0,12,123,2,137,48,0,48,185
10/08/2011,ILG,DE,AEA,EN,Towers with Radar,0,5,16,0,21,0,0,83,1,84,0,5,99,1,105,94,0,94,199
10/09/2011,ILG,DE,AEA,EN,Towers with Radar,0,7,28,0,35,0,2,80,0,82,0,9,108,0,117,118,0,118,235
10/10/2011,ILG,DE,AEA,EN,Towers with Radar,0,19,38,0,57,0,0,59,0,59,0,19,97,0,116,90,0,90,206
10/11/2011,ILG,DE,AEA,EN,Towers with Radar,0,9,29,12,50,0,0,35,6,41,0,9,64,18,91,48,76,124,215
10/12/2011,ILG,DE,AEA,EN,Towers with Radar,0,11,34,6,51,0,0,3,7,10,0,11,37,13,61,0,26,26,87
10/13/2011,ILG,DE,AEA,EN,Towers with Radar,0,11,53,4,68,0,0,0,0,0,0,11,53,4,68,0,0,0,68
10/14/2011,ILG,DE,AEA,EN,Towers with Radar,0,6,41,12,59,0,0,8,2,10,0,6,49,14,69,8,6,14,83
10/15/2011,ILG,DE,AEA,EN,Towers with Radar,0,9,21,3,33,0,0,16,6,22,0,9,37,9,55,4,2,6,61
10/16/2011,ILG,DE,AEA,EN,Towers with Radar,0,14,29,0,43,0,0,65,0,65,0,14,94,0,108,80,0,80,188
10/17/2011,ILG,DE,AEA,EN,Towers with Radar,0,12,29,0,41,0,0,48,0,48,0,12,77,0,89,42,0,42,131
10/18/2011,ILG,DE,AEA,EN,Towers with Radar,0,12,40,5,57,0,0,79,3,82,0,12,119,8,139,62,24,86,225
10/19/2011,ILG,DE,AEA,EN,Towers with Radar,0,15,31,0,46,0,0,0,0,0,0,15,31,0,46,0,0,0,46
10/20/2011,ILG,DE,AEA,EN,Towers with Radar,1,17,62,2,82,0,0,19,2,21,1,17,81,4,103,4,8,12,115
10/21/2011,ILG,DE,AEA,EN,Towers with Radar,0,18,31,4,53,0,0,58,3,61,0,18,89,7,114,20,0,20,134
10/22/2011,ILG,DE,AEA,EN,Towers with Radar,0,10,17,0,27,0,0,107,0,107,0,10,124,0,134,106,0,106,240
10/23/2011,ILG,DE,AEA,EN,Towers with Radar,0,17,37,1,55,0,1,66,0,67,0,18,103,1,122,64,0,64,186
10/24/2011,ILG,DE,AEA,EN,Towers with Radar,0,5,41,4,50,0,0,44,2,46,0,5,85,6,96,30,10,40,136
10/25/2011,ILG,DE,AEA,EN,Towers with Radar,0,5,37,4,46,0,0,61,14,75,0,5,98,18,121,18,30,48,169
10/26/2011,ILG,DE,AEA,EN,Towers with Radar,0,16,42,11,69,0,0,43,8,51,0,16,85,19,120,110,50,160,280
10/27/2011,ILG,DE,AEA,EN,Towers with Radar,0,13,37,6,56,0,0,5,3,8,0,13,42,9,64,0,20,20,84
10/28/2011,ILG,DE,AEA,EN,Towers with Radar,0,12,32,8,52,0,4,27,3,34,0,16,59,11,86,48,10,58,144
10/29/2011,ILG,DE,AEA,EN,Towers with Radar,0,5,9,0,14,0,0,0,0,0,0,5,9,0,14,0,0,0,14
10/30/2011,ILG,DE,AEA,EN,Towers with Radar,0,20,34,0,54,0,0,83,0,83,0,20,117,0,137,56,0,56,193
10/31/2011,ILG,DE,AEA,EN,Towers with Radar,0,3,16,7,26,0,1,28,2,31,0,4,44,9,57,30,6,36,93
11/01/2011,ILG,DE,AEA,EN,Towers with Radar,0,13,41,7,61,0,0,46,8,54,0,13,87,15,115,130,70,200,315
11/02/2011,ILG,DE,AEA,EN,Towers with Radar,0,18,25,1,44,0,0,71,5,76,0,18,96,6,120,72,52,124,244
11/03/2011,ILG,DE,AEA,EN,Towers with Radar,0,13,43,1,57,0,0,57,1,58,0,13,100,2,115,36,0,36,151
11/04/2011,ILG,DE,AEA,EN,Towers with Radar,0,12,37,2,51,0,0,29,10,39,0,12,66,12,90,40,0,40,130
11/05/2011,ILG,DE,AEA,EN,Towers with Radar,0,2,21,0,23,0,0,82,2,84,0,2,103,2,107,116,0,116,223
11/06/2011,ILG,DE,AEA,EN,Towers with Radar,0,9,40,0,49,0,0,104,4,108,0,9,144,4,157,113,0,113,270
11/07/2011,ILG,DE,AEA,EN,Towers with Radar,0,7,25,3,35,0,0,30,3,33,0,7,55,6,68,32,24,56,124
11/08/2011,ILG,DE,AEA,EN,Towers with Radar,1,15,32,22,70,0,0,29,4,33,1,15,61,26,103,74,74,148,251
11/09/2011,ILG,DE,AEA,EN,Towers with Radar,0,6,31,14,51,0,0,66,4,70,0,6,97,18,121,72,28,100,221
11/10/2011,ILG,DE,AEA,EN,Towers with Radar,0,21,33,6,60,0,0,1,0,1,0,21,34,6,61,10,48,58,119
11/11/2011,ILG,DE,AEA,EN,Towers with Radar,0,14,23,0,37,0,0,20,3,23,0,14,43,3,60,37,5,42,102
11/12/2011,ILG,DE,AEA,EN,Towers with Radar,0,15,19,1,35,0,0,57,0,57,0,15,76,1,92,72,0,72,164
11/13/2011,ILG,DE,AEA,EN,Towers with Radar,0,10,22,1,33,0,0,59,0,59,0,10,81,1,92,66,0,66,158
11/14/2011,ILG,DE,AEA,EN,Towers with Radar,0,10,34,0,44,0,0,59,2,61,0,10,93,2,105,22,0,22,127
11/15/2011,ILG,DE,AEA,EN,Towers with Radar,0,7,44,9,60,0,0,32,14,46,0,7,76,23,106,48,60,108,214
11/16/2011,ILG,DE,AEA,EN,Towers with Radar,0,9,19,0,28,0,0,0,0,0,0,9,19,0,28,0,0,0,28
11/17/2011,ILG,DE,AEA,EN,Towers with Radar,0,14,44,8,66,0,0,11,2,13,0,14,55,10,79,6,28,34,113
11/18/2011,ILG,DE,AEA,EN,Towers with Radar,0,8,46,5,59,0,0,62,2,64,0,8,108,7,123,42,26,68,191
11/19/2011,ILG,DE,AEA,EN,Towers with Radar,0,12,21,2,35,0,0,67,0,67,0,12,88,2,102,48,0,48,150
11/20/2011,ILG,DE,AEA,EN,Towers with Radar,0,12,25,4,41,0,1,69,0,70,0,13,94,4,111,142,0,142,253
11/21/2011,ILG,DE,AEA,EN,Towers with Radar,0,14,32,4,50,0,0,17,6,23,0,14,49,10,73,40,42,82,155
11/22/2011,ILG,DE,AEA,EN,Towers with Radar,0,16,55,3,74,0,0,0,0,0,0,16,55,3,74,0,0,0,74
11/23/2011,ILG,DE,AEA,EN,Towers with Radar,0,10,24,3,37,0,0,5,0,5,0,10,29,3,42,0,0,0,42
11/24/2011,ILG,DE,AEA,EN,Towers with Radar,2,6,5,0,13,0,0,31,0,31,2,6,36,0,44,22,0,22,66
11/25/2011,ILG,DE,AEA,EN,Towers with Radar,0,6,15,0,21,0,2,71,0,73,0,8,86,0,94,82,0,82,176
11/26/2011,ILG,DE,AEA,EN,Towers with Radar,3,8,16,0,27,0,1,72,0,73,3,9,88,0,100,140,7,147,247
11/27/2011,ILG,DE,AEA,EN,Towers with Radar,0,6,33,0,39,0,0,64,0,64,0,6,97,0,103,110,0,110,213
11/28/2011,ILG,DE,AEA,EN,Towers with Radar,0,15,32,1,48,0,0,59,8,67,0,15,91,9,115,74,32,106,221
11/29/2011,ILG,DE,AEA,EN,Towers with Radar,0,8,30,2,40,0,0,2,0,2,0,8,32,2,42,2,0,2,44
11/30/2011,ILG,DE,AEA,EN,Towers with Radar,0,10,37,2,49,0,0,22,23,45,0,10,59,25,94,36,6,42,136
12/01/2011,ILG,DE,AEA,EN,Towers with Radar,2,8,41,10,61,0,0,46,5,51,2,8,87,15,112,54,52,106,218
12/02/2011,ILG,DE,AEA,EN,Towers with Radar,0,13,39,5,57,0,0,46,12,58,0,13,85,17,115,38,24,62,177
12/03/2011,ILG,DE,AEA,EN,Towers with Radar,2,0,26,3,31,0,0,96,8,104,2,0,122,11,135,46,6,52,187
12/04/2011,ILG,DE,AEA,EN,Towers with Radar,0,7,23,3,33,0,1,79,5,85,0,8,102,8,118,96,18,114,232
12/05/2011,ILG,DE,AEA,EN,Towers with Radar,0,10,29,0,39,0,0,11,5,16,0,10,40,5,55,56,16,72,127
12/06/2011,ILG,DE,AEA,EN,Towers with Radar,0,16,41,0,57,0,0,4,0,4,0,16,45,0,61,24,0,24,85
12/07/2011,ILG,DE,AEA,EN,Towers with Radar,0,9,25,0,34,0,0,0,0,0,0,9,25,0,34,0,0,0,34
12/08/2011,ILG,DE,AEA,EN,Towers with Radar,0,7,44,13,64,0,0,33,15,48,0,7,77,28,112,80,70,150,262
12/09/2011,ILG,DE,AEA,EN,Towers with Radar,0,10,38,19,67,0,16,44,1,61,0,26,82,20,128,100,70,170,298
12/10/2011,ILG,DE,AEA,EN,Towers with Radar,0,1,23,0,24,0,0,46,0,46,0,1,69,0,70,130,0,130,200
12/11/2011,ILG,DE,AEA,EN,Towers with Radar,0,6,25,0,31,0,2,104,0,106,0,8,129,0,137,132,0,132,269
12/12/2011,ILG,DE,AEA,EN,Towers with Radar,0,5,44,0,49,0,0,32,0,32,0,5,76,0,81,18,0,18,99
12/13/2011,ILG,DE,AEA,EN,Towers with Radar,0,7,40,16,63,0,1,57,9,67,0,8,97,25,130,24,28,52,182
12/14/2011,ILG,DE,AEA,EN,Towers with Radar,0,10,42,5,57,0,0,38,5,43,0,10,80,10,100,48,6,54,154
12/15/2011,ILG,DE,AEA,EN,Towers with Radar,0,11,32,3,46,0,0,35,7,42,0,11,67,10,88,16,30,46,134
12/16/2011,ILG,DE,AEA,EN,Towers with Radar,0,8,45,11,64,0,0,16,2,18,0,8,61,13,82,12,28,40,122
12/17/2011,ILG,DE,AEA,EN,Towers with Radar,0,7,21,2,30,0,2,58,0,60,0,9,79,2,90,120,0,120,210
12/18/2011,ILG,DE,AEA,EN,Towers with Radar,0,5,21,0,26,0,0,50,0,50,0,5,71,0,76,30,0,30,106
12/19/2011,ILG,DE,AEA,EN,Towers with Radar,0,14,22,8,44,0,1,53,5,59,0,15,75,13,103,46,2,48,151
12/20/2011,ILG,DE,AEA,EN,Towers with Radar,0,3,30,8,41,0,1,32,10,43,0,4,62,18,84,56,14,70,154
12/21/2011,ILG,DE,AEA,EN,Towers with Radar,0,7,22,12,41,0,0,5,3,8,0,7,27,15,49,24,10,34,83
12/22/2011,ILG,DE,AEA,EN,Towers with Radar,0,5,47,5,57,0,0,71,1,72,0,5,118,6,129,170,0,170,299
12/23/2011,ILG,DE,AEA,EN,Towers with Radar,0,9,30,0,39,0,0,15,1,16,0,9,45,1,55,4,0,4,59
12/24/2011,ILG,DE,AEA,EN,Towers with Radar,0,2,8,0,10,0,2,29,8,39,0,4,37,8,49,16,0,16,65
12/25/2011,ILG,DE,AEA,EN,Towers with Radar,0,3,3,0,6,0,0,20,0,20,0,3,23,0,26,18,0,18,44
12/26/2011,ILG,DE,AEA,EN,Towers with Radar,0,13,41,1,55,0,0,43,0,43,0,13,84,1,98,70,0,70,168
12/27/2011,ILG,DE,AEA,EN,Towers with Radar,0,15,23,6,44,0,0,12,3,15,0,15,35,9,59,14,0,14,73
12/28/2011,ILG,DE,AEA,EN,Towers with Radar,0,9,11,0,20,0,0,13,1,14,0,9,24,1,34,34,16,50,84
12/29/2011,ILG,DE,AEA,EN,Towers with Radar,0,12,21,3,36,0,0,74,2,76,0,12,95,5,112,78,0,78,190
12/30/2011,ILG,DE,AEA,EN,Towers with Radar,0,5,15,4,24,0,0,55,0,55,0,5,70,4,79,58,0,58,137
12/31/2011,ILG,DE,AEA,EN,Towers with Radar,0,3,13,0,16,0,0,58,3,61,0,3,71,3,77,54,0,54,131
01/01/2012,ILG,DE,AEA,EN,Towers with Radar,0,4,17,0,21,0,0,27,0,27,0,4,44,0,48,24,0,24,72
01/02/2012,ILG,DE,AEA,EN,Towers with Radar,0,19,30,2,51,0,1,30,0,31,0,20,60,2,82,42,0,42,124
01/03/2012,ILG,DE,AEA,EN,Towers with Radar,0,4,19,0,23,0,2,6,3,11,0,6,25,3,34,0,14,14,48
01/04/2012,ILG,DE,AEA,EN,Towers with Radar,0,7,15,3,25,0,0,18,3,21,0,7,33,6,46,44,44,88,134
01/05/2012,ILG,DE,AEA,EN,Towers with Radar,0,13,22,12,47,0,4,22,8,34,0,17,44,20,81,20,48,68,149
01/06/2012,ILG,DE,AEA,EN,Towers with Radar,0,5,22,11,38,0,2,42,2,46,0,7,64,13,84,24,32,56,140
01/07/2012,ILG,DE,AEA,EN,Towers with Radar,0,2,20,1,23,0,0,84,1,85,0,2,104,2,108,70,0,70,178
01/08/2012,ILG,DE,AEA,EN,Towers with Radar,1,5,15,3,24,0,1,83,16,100,1,6,98,19,124,126,38,164,288
01/09/2012,ILG,DE,AEA,EN,Towers with Radar,0,3,19,1,23,0,1,25,0,26,0,4,44,1,49,62,0,62,111
01/10/2012,ILG,DE,AEA,EN,Towers with Radar,0,2,38,18,58,0,0,44,1,45,0,2,82,19,103,48,54,102,205
01/11/2012,ILG,DE,AEA,EN,Towers with Radar,0,3,39,3,45,0,0,32,2,34,0,3,71,5,79,92,6,98,177
01/12/2012,ILG,DE,AEA,EN,Towers with Radar,0,9,28,4,41,0,0,13,3,16,0,9,41,7,57,12,4,16,73
01/13/2012,ILG,DE,AEA,EN,Towers with Radar,0,12,23,0,35,0,0,11,2,13,0,12,34,2,48,0,10,10,58
01/14/2012,ILG,DE,AEA,EN,Towers with Radar,0,7,13,2,22,0,0,14,0,14,0,7,27,2,36,42,0,42,78
01/15/2012,ILG,DE,AEA,EN,Towers with Radar,0,5,15,1,21,0,0,25,0,25,0,5,40,1,46,30,0,30,76
01/16/2012,ILG,DE,AEA,EN,Towers with Radar,0,8,20,1,29,0,0,37,0,37,0,8,57,1,66,58,0,58,124
01/17/2012,ILG,DE,AEA,EN,Towers with Radar,0,12,21,9,42,0,0,9,9,18,0,12,30,18,60,20,18,38,98
01/18/2012,ILG,DE,AEA,EN,Towers with Radar,0,7,28,14,49,0,0,19,6,25,0,7,47,20,74,14,28,42,116
01/19/2012,ILG,DE,AEA,EN,Towers with Radar,0,11,42,12,65,0,0,33,7,40,0,11,75,19,105,90,28,118,223
01/20/2012,ILG,DE,AEA,EN,Towers with Radar,0,10,30,3,43,0,0,37,0,37,0,10,67,3,80,44,0,44,124
01/21/2012,ILG,DE,AEA,EN,Towers with Radar,0,3,6,1,10,0,0,0,0,0,0,3,6,1,10,0,0,0,10
01/22/2012,ILG,DE,AEA,EN,Towers with Radar,0,5,14,0,19,0,0,5,0,5,0,5,19,0,24,0,0,0,24
01/23/2012,ILG,DE,AEA,EN,Towers with Radar,0,6,24,5,35,0,0,0,0,0,0,6,24,5,35,0,0,0,35
01/24/2012,ILG,DE,AEA,EN,Towers with Radar,0,9,54,2,65,0,2,45,18,65,0,11,99,20,130,56,128,184,314
01/25/2012,ILG,DE,AEA,EN,Towers with Radar,0,2,34,7,43,0,0,66,9,75,0,2,100,16,118,124,46,170,288
01/26/2012,ILG,DE,AEA,EN,Towers with Radar,0,10,28,10,48,0,0,6,3,9,0,10,34,13,57,12,36,48,105
01/27/2012,ILG,DE,AEA,EN,Towers with Radar,0,5,22,0,27,0,0,4,0,4,0,5,26,0,31,0,0,0,31
01/28/2012,ILG,DE,AEA,EN,Towers with Radar,0,0,25,8,33,0,0,94,0,94,0,0,119,8,127,108,8,116,243
01/29/2012,ILG,DE,AEA,EN,Towers with Radar,0,3,17,1,21,0,0,68,0,68,0,3,85,1,89,86,0,86,175
01/30/2012,ILG,DE,AEA,EN,Towers with Radar,0,12,19,5,36,0,0,37,4,41,0,12,56,9,77,40,0,40,117
01/31/2012,ILG,DE,AEA,EN,Towers with Radar,0,10,34,11,55,0,0,58,6,64,0,10,92,17,119,74,58,132,251
02/01/2012,ILG,DE,AEA,EN,Towers with Radar,0,2,38,6,46,0,0,38,9,47,0,2,76,15,93,70,36,106,199
02/02/2012,ILG,DE,AEA,EN,Towers with Radar,0,6,37,0,43,0,0,19,0,19,0,6,56,0,62,32,22,54,116
02/03/2012,ILG,DE,AEA,EN,Towers with Radar,0,7,31,8,46,0,0,32,10,42,0,7,63,18,88,32,12,44,132
02/04/2012,ILG,DE,AEA,EN,Towers with Radar,0,7,20,8,35,0,0,80,14,94,0,7,100,22,129,32,40,72,201
02/05/2012,ILG,DE,AEA,EN,Towers with Radar,0,7,16,4,27,0,0,60,7,67,0,7,76,11,94,74,10,84,178
02/06/2012,ILG,DE,AEA,EN,Towers with Radar,0,6,40,1,47,0,0,32,1,33,0,6,72,2,80,16,0,16,96
02/07/2012,ILG,DE,AEA,EN,Towers with Radar,0,11,22,3,36,0,2,34,2,38,0,13,56,5,74,52,20,72,146
02/08/2012,ILG,DE,AEA,EN,Towers with Radar,0,10,28,2,40,0,1,7,1,9,0,11,35,3,49,1,0,1,50
02/09/2012,ILG,DE,AEA,EN,Towers with Radar,0,7,50,6,63,0,0,45,10,55,0,7,95,16,118,64,30,94,212
02/10/2012,ILG,DE,AEA,EN,Towers with Radar,0,9,21,3,33,0,0,14,1,15,0,9,35,4,48,20,0,20,68
02/11/2012,ILG,DE,AEA,EN,Towers with Radar,0,1,6,5,12,0,0,1,0,1,0,1,7,5,13,28,0,28,41
02/12/2012,ILG,DE,AEA,EN,Towers with Radar,0,19,22,0,41,0,0,2,0,2,0,19,24,0,43,0,0,0,43
02/13/2012,ILG,DE,AEA,EN,Towers with Radar,1,4,13,6,24,0,1,38,1,40,1,5,51,7,64,56,20,76,140
02/14/2012,ILG,DE,AEA,EN,Towers with Radar,0,10,27,5,42,0,0,24,6,30,0,10,51,11,72,8,38,46,118
02/15/2012,ILG,DE,AEA,EN,Towers with Radar,0,15,49,8,72,0,0,21,3,24,0,15,70,11,96,2,46,48,144
02/16/2012,ILG,DE,AEA,EN,Towers with Radar,0,17,45,2,64,0,2,7,0,9,0,19,52,2,73,38,0,38,111
02/17/2012,ILG,DE,AEA,EN,Towers with Radar,0,12,25,3,40,0,0,40,0,40,0,12,65,3,80,28,6,34,114
02/18/2012,ILG,DE,AEA,EN,Towers with Radar,0,2,15,2,19,0,1,121,4,126,0,3,136,6,145,130,0,130,275
02/19/2012,ILG,DE,AEA,EN,Towers with Radar,0,3,23,0,26,0,0,37,0,37,0,3,60,0,63,76,0,76,139
02/20/2012,ILG,DE,AEA,EN,Towers with Radar,0,11,38,3,52,0,2,35,0,37,0,13,73,3,89,46,0,46,135
02/21/2012,ILG,DE,AEA,EN,Towers with Radar,0,11,38,19,68,0,0,48,14,62,0,11,86,33,130,44,22,66,196
02/22/2012,ILG,DE,AEA,EN,Towers with Radar,0,7,31,7,45,0,2,36,12,50,0,9,67,19,95,46,24,70,165
02/23/2012,ILG,DE,AEA,EN,Towers with Radar,0,10,23,6,39,0,0,22,9,31,0,10,45,15,70,0,74,74,144
02/24/2012,ILG,DE,AEA,EN,Towers with Radar,0,20,21,6,47,0,0,0,0,0,0,20,21,6,47,0,3,3,50
02/25/2012,ILG,DE,AEA,EN,Towers with Radar,0,9,9,0,18,0,0,4,0,4,0,9,13,0,22,0,0,0,22
02/26/2012,ILG,DE,AEA,EN,Towers with Radar,0,17,33,0,50,0,0,100,0,100,0,17,133,0,150,53,0,53,203
02/27/2012,ILG,DE,AEA,EN,Towers with Radar,0,5,27,3,35,0,0,41,1,42,0,5,68,4,77,46,20,66,143
02/28/2012,ILG,DE,AEA,EN,Towers with Radar,0,5,30,1,36,0,0,30,9,39,0,5,60,10,75,80,52,132,207
02/29/2012,ILG,DE,AEA,EN,Towers with Radar,0,9,28,0,37,0,0,2,1,3,0,9,30,1,40,0,4,4,44
03/01/2012,ILG,DE,AEA,EN,Towers with Radar,0,9,38,5,52,0,0,23,10,33,0,9,61,15,85,44,6,50,135
03/02/2012,ILG,DE,AEA,EN,Towers with Radar,0,5,36,11,52,0,0,19,0,19,0,5,55,11,71,18,16,34,105
03/03/2012,ILG,DE,AEA,EN,Towers with Radar,0,3,17,7,27,0,0,20,5,25,0,3,37,12,52,46,0,46,98
03/04/2012,ILG,DE,AEA,EN,Towers with Radar,0,12,33,8,53,0,0,71,7,78,0,12,104,15,131,138,1,139,270
03/05/2012,ILG,DE,AEA,EN,Towers with Radar,0,6,24,12,42,0,0,39,5,44,0,6,63,17,86,36,14,50,136
03/06/2012,ILG,DE,AEA,EN,Towers with Radar,0,4,20,4,28,0,0,45,13,58,0,4,65,17,86,54,56,110,196
03/07/2012,ILG,DE,AEA,EN,Towers with Radar,0,5,31,3,39,0,0,45,3,48,0,5,76,6,87,38,0,38,125
03/08/2012,ILG,DE,AEA,EN,Towers with Radar,0,12,31,4,47,0,0,12,10,22,0,12,43,14,69,0,18,18,87
03/09/2012,ILG,DE,AEA,EN,Towers with Radar,0,20,35,5,60,0,0,26,4,30,0,20,61,9,90,6,4,10,100
03/10/2012,ILG,DE,AEA,EN,Towers with Radar,0,2,16,0,18,0,0,70,1,71,0,2,86,1,89,56,0,56,145
03/11/2012,ILG,DE,AEA,EN,Towers with Radar,0,5,26,2,33,0,0,70,0,70,0,5,96,2,103,102,0,102,205
03/12/2012,ILG,DE,AEA,EN,Towers with Radar,0,8,28,0,36,0,0,46,1,47,0,8,74,1,83,62,0,62,145
03/13/2012,ILG,DE,AEA,EN,Towers with Radar,0,12,37,6,55,0,0,18,6,24,0,12,55,12,79,18,28,46,125
03/14/2012,ILG,DE,AEA,EN,Towers with Radar,0,9,24,10,43,0,1,96,11,108,0,10,120,21,151,102,44,146,297
03/15/2012,ILG,DE,AEA,EN,Towers with Radar,1,14,41,18,74,0,0,33,9,42,1,14,74,27,116,64,46,110,226
03/16/2012,ILG,DE,AEA,EN,Towers with Radar,1,5,19,4,29,0,0,11,0,11,1,5,30,4,40,6,0,6,46
03/17/2012,ILG,DE,AEA,EN,Towers with Radar,0,11,31,2,44,0,0,55,0,55,0,11,86,2,99,16,0,16,115
03/18/2012,ILG,DE,AEA,EN,Towers with Radar,0,8,34,1,43,0,0,23,2,25,0,8,57,3,68,28,0,28,96
03/19/2012,ILG,DE,AEA,EN,Towers with Radar,0,20,36,6,62,0,0,44,0,44,0,20,80,6,106,36,0,36,142
03/20/2012,ILG,DE,AEA,EN,Towers with Radar,0,8,25,2,35,0,0,35,7,42,0,8,60,9,77,42,28,70,147
03/21/2012,ILG,DE,AEA,EN,Towers with Radar,2,11,30,7,50,0,14,21,5,40,2,25,51,12,90,60,28,88,178
03/22/2012,ILG,DE,AEA,EN,Towers with Radar,0,10,45,8,63,0,2,14,4,20,0,12,59,12,83,20,14,34,117
03/23/2012,ILG,DE,AEA,EN,Towers with Radar,0,14,26,3,43,0,0,66,1,67,0,14,92,4,110,72,10,82,192
03/24/2012,ILG,DE,AEA,EN,Towers with Radar,0,6,29,2,37,0,0,7,0,7,0,6,36,2,44,16,0,16,60
03/25/2012,ILG,DE,AEA,EN,Towers with Radar,0,13,20,3,36,0,0,0,0,0,0,13,20,3,36,0,0,0,36
03/26/2012,ILG,DE,AEA,EN,Towers with Radar,0,18,22,3,43,0,0,11,0,11,0,18,33,3,54,0,8,8,62
03/27/2012,ILG,DE,AEA,EN,Towers with Radar,0,9,36,7,52,0,0,61,15,76,0,9,97,22,128,48,60,108,236
03/28/2012,ILG,DE,AEA,EN,Towers with Radar,0,9,39,8,56,0,1,20,2,23,0,10,59,10,79,2,42,44,123
03/29/2012,ILG,DE,AEA,EN,Towers with Radar,0,15,54,14,83,0,0,24,0,24,0,15,78,14,107,18,2,20,127
03/30/2012,ILG,DE,AEA,EN,Towers with Radar,0,9,30,0,39,0,2,90,0,92,0,11,120,0,131,60,4,64,195
03/31/2012,ILG,DE,AEA,EN,Towers with Radar,0,6,41,6,53,0,0,0,0,0,0,6,41,6,53,0,0,0,53
04/01/2012,ILG,DE,AEA,EN,Towers with Radar,0,13,32,0,45,0,0,75,4,79,0,13,107,4,124,96,0,96,220
04/02/2012,ILG,DE,AEA,EN,Towers with Radar,0,11,37,9,57,0,0,32,1,33,0,11,69,10,90,36,0,36,126
04/03/2012,ILG,DE,AEA,EN,Towers with Radar,0,5,29,12,46,0,0,69,15,84,0,5,98,27,130,130,10,140,270
04/04/2012,ILG,DE,AEA,EN,Towers with Radar,0,8,41,12,61,0,0,55,11,66,0,8,96,23,127,60,42,102,229
04/05/2012,ILG,DE,AEA,EN,Towers with Radar,2,24,50,13,89,0,0,57,4,61,2,24,107,17,150,102,36,138,288
04/06/2012,ILG,DE,AEA,EN,Towers with Radar,0,16,22,6,44,0,0,72,0,72,0,16,94,6,116,28,0,28,144
04/07/2012,ILG,DE,AEA,EN,Towers with Radar,0,7,17,1,25,0,0,89,0,89,0,7,106,1,114,36,0,36,150
04/08/2012,ILG,DE,AEA,EN,Towers with Radar,0,11,25,0,36,0,0,49,0,49,0,11,74,0,85,22,0,22,107
04/09/2012,ILG,DE,AEA,EN,Towers with Radar,0,12,37,1,50,0,0,6,6,12,0,12,43,7,62,0,6,6,68
04/10/2012,ILG,DE,AEA,EN,Towers with Radar,0,19,28,10,57,0,0,34,12,46,0,19,62,22,103,4,86,90,193
04/11/2012,ILG,DE,AEA,EN,Towers with Radar,1,17,64,11,93,0,0,45,7,52,1,17,109,18,145,24,64,88,233
04/12/2012,ILG,DE,AEA,EN,Towers with Radar,0,12,51,11,74,0,2,28,5,35,0,14,79,16,109,6,2,8,117
04/13/2012,ILG,DE,AEA,EN,Towers with Radar,0,14,34,5,53,0,2,65,3,70,0,16,99,8,123,88,0,88,211
04/14/2012,ILG,DE,AEA,EN,Towers with Radar,0,7,3,3,13,0,0,130,3,133,0,7,133,6,146,88,0,88,234
04/15/2012,ILG,DE,AEA,EN,Towers with Radar,0,10,36,4,50,0,0,91,1,92,0,10,127,5,142,154,6,160,302
04/16/2012,ILG,DE,AEA,EN,Towers with Radar,0,20,50,6,76,0,0,56,4,60,0,20,106,10,136,154,28,182,318
04/17/2012,ILG,DE,AEA,EN,Towers with Radar,0,13,43,13,69,0,0,48,7,55,0,13,91,20,124,74,68,142,266
04/18/2012,ILG,DE,AEA,EN,Towers with Radar,0,8,19,3,30,0,2,36,10,48,0,10,55,13,78,59,0,59,137
04/19/2012,ILG,DE,AEA,EN,Towers with Radar,0,15,45,1,61,0,0,53,2,55,0,15,98,3,116,86,0,86,202
04/20/2012,ILG,DE,AEA,EN,Towers with Radar,0,12,40,10,62,0,0,67,4,71,0,12,107,14,133,38,0,38,171
04/21/2012,ILG,DE,AEA,EN,Towers with Radar,0,8,20,3,31,0,0,86,4,90,0,8,106,7,121,56,0,56,177
04/22/2012,ILG,DE,AEA,EN,Towers with Radar,0,5,27,3,35,0,0,0,0,0,0,5,27,3,35,0,0,0,35
04/23/2012,ILG,DE,AEA,EN,Towers with Radar,0,7,34,6,47,0,0,2,2,4,0,7,36,8,51,0,0,0,51
04/24/2012,ILG,DE,AEA,EN,Towers with Radar,0,12,40,1,53,0,0,13,4,17,0,12,53,5,70,0,20,20,90
04/25/2012,ILG,DE,AEA,EN,Towers with Radar,0,9,38,13,60,0,0,51,7,58,0,9,89,20,118,10,6,16,134
04/26/2012,ILG,DE,AEA,EN,Towers with Radar,0,6,40,11,57,0,0,10,11,21,0,6,50,22,78,32,2,34,112
04/27/2012,ILG,DE,AEA,EN,Towers with Radar,0,11,35,2,48,0,0,25,4,29,0,11,60,6,77,4,0,4,81
04/28/2012,ILG,DE,AEA,EN,Towers with Radar,0,6,13,2,21,0,0,48,0,48,0,6,61,2,69,54,0,54,123
04/29/2012,ILG,DE,AEA,EN,Towers with Radar,0,9,29,4,42,0,0,73,0,73,0,9,102,4,115,110,0,110,225
04/30/2012,ILG,DE,AEA,EN,Towers with Radar,0,14,51,0,65,0,1,48,2,51,0,15,99,2,116,84,0,84,200
05/01/2012,ILG,DE,AEA,EN,Towers with Radar,0,13,36,6,55,0,0,20,4,24,0,13,56,10,79,18,14,32,111
05/02/2012,ILG,DE,AEA,EN,Towers with Radar,0,4,36,4,44,0,0,0,0,0,0,4,36,4,44,12,0,12,56
05/03/2012,ILG,DE,AEA,EN,Towers with Radar,0,16,49,3,68,0,0,8,1,9,0,16,57,4,77,36,20,56,133
05/04/2012,ILG,DE,AEA,EN,Towers with Radar,0,10,28,5,43,0,0,15,2,17,0,10,43,7,60,54,0,54,114
05/05/2012,ILG,DE,AEA,EN,Towers with Radar,0,4,13,10,27,0,0,21,3,24,0,4,34,13,51,38,0,38,89
05/06/2012,ILG,DE,AEA,EN,Towers with Radar,0,20,64,13,97,0,0,52,25,77,0,20,116,38,174,102,10,112,286
05/07/2012,ILG,DE,AEA,EN,Towers with Radar,0,7,63,14,84,0,0,49,2,51,0,7,112,16,135,46,4,50,185
05/08/2012,ILG,DE,AEA,EN,Towers with Radar,0,16,31,5,52,0,0,35,5,40,0,16,66,10,92,24,8,32,124
05/09/2012,ILG,DE,AEA,EN,Towers with Radar,0,16,55,12,83,0,0,30,21,51,0,16,85,33,134,16,118,134,268
05/10/2012,ILG,DE,AEA,EN,Towers with Radar,0,18,28,4,50,0,0,46,9,55,0,18,74,13,105,26,20,46,151
05/11/2012,ILG,DE,AEA,EN,Towers with Radar,0,18,28,4,50,0,2,72,2,76,0,20,100,6,126,25,30,55,181
05/12/2012,ILG,DE,AEA,EN,Towers with Radar,0,7,25,4,36,0,0,107,0,107,0,7,132,4,143,52,0,52,195
05/13/2012,ILG,DE,AEA,EN,Towers with Radar,0,9,13,1,23,0,1,53,0,54,0,10,66,1,77,54,0,54,131
05/14/2012,ILG,DE,AEA,EN,Towers with Radar,0,11,30,1,42,0,0,12,0,12,0,11,42,1,54,20,0,20,74
05/15/2012,ILG,DE,AEA,EN,Towers with Radar,0,6,35,19,60,0,0,5,8,13,0,6,40,27,73,10,60,70,143
05/16/2012,ILG,DE,AEA,EN,Towers with Radar,0,7,27,3,37,0,1,40,6,47,0,8,67,9,84,66,36,102,186
05/17/2012,ILG,DE,AEA,EN,Towers with Radar,0,19,38,5,62,0,0,51,25,76,0,19,89,30,138,120,28,148,286
05/18/2012,ILG,DE,AEA,EN,Towers with Radar,0,10,29,4,43,0,0,56,5,61,0,10,85,9,104,54,0,54,158
05/19/2012,ILG,DE,AEA,EN,Towers with Radar,0,1,27,0,28,0,0,90,0,90,0,1,117,0,118,38,0,38,156
05/20/2012,ILG,DE,AEA,EN,Towers with Radar,0,9,30,2,41,0,1,38,0,39,0,10,68,2,80,26,0,26,106
05/21/2012,ILG,DE,AEA,EN,Towers with Radar,0,9,37,2,48,0,0,0,0,0,0,9,37,2,48,8,6,14,62
05/22/2012,ILG,DE,AEA,EN,Towers with Radar,0,7,39,12,58,0,0,14,5,19,0,7,53,17,77,28,10,38,115
05/23/2012,ILG,DE,AEA,EN,Towers with Radar,0,10,50,5,65,0,1,36,8,45,0,11,86,13,110,64,6,70,180
05/24/2012,ILG,DE,AEA,EN,Towers with Radar,0,11,42,20,73,0,0,29,1,30,0,11,71,21,103,60,20,80,183
05/25/2012,ILG,DE,AEA,EN,Towers with Radar,0,14,32,2,48,0,0,22,0,22,0,14,54,2,70,18,0,18,88
05/26/2012,ILG,DE,AEA,EN,Towers with Radar,0,7,12,3,22,0,0,42,1,43,0,7,54,4,65,82,0,82,147
05/27/2012,ILG,DE,AEA,EN,Towers with Radar,0,4,7,0,11,0,0,55,0,55,0,4,62,0,66,84,0,84,150
05/28/2012,ILG,DE,AEA,EN,Towers with Radar,0,9,24,4,37,0,0,50,0,50,0,9,74,4,87,48,0,48,135
05/29/2012,ILG,DE,AEA,EN,Towers with Radar,0,14,30,9,53,0,0,34,7,41,0,14,64,16,94,22,10,32,126
05/30/2012,ILG,DE,AEA,EN,Towers with Radar,0,5,28,11,44,0,0,40,15,55,0,5,68,26,99,66,22,88,187
05/31/2012,ILG,DE,AEA,EN,Towers with Radar,0,10,54,13,77,0,4,74,15,93,0,14,128,28,170,24,32,56,226
06/01/2012,ILG,DE,AEA,EN,Towers with Radar,0,10,32,15,57,0,0,26,11,37,0,10,58,26,94,34,30,64,158
06/02/2012,ILG,DE,AEA,EN,Towers with Radar,0,7,27,4,38,0,0,54,5,59,0,7,81,9,97,118,12,130,227
06/03/2012,ILG,DE,AEA,EN,Towers with Radar,0,10,31,6,47,0,1,80,8,89,0,11,111,14,136,106,4,110,246
06/04/2012,ILG,DE,AEA,EN,Towers with Radar,0,15,37,6,58,0,0,15,2,17,0,15,52,8,75,68,2,70,145
06/05/2012,ILG,DE,AEA,EN,Towers with Radar,0,16,51,3,70,0,0,50,10,60,0,16,101,13,130,72,50,122,252
06/06/2012,ILG,DE,AEA,EN,Towers with Radar,0,7,45,11,63,0,2,54,13,69,0,9,99,24,132,120,16,136,268
06/07/2012,ILG,DE,AEA,EN,Towers with Radar,0,10,45,10,65,0,2,32,9,43,0,12,77,19,108,48,42,90,198
06/08/2012,ILG,DE,AEA,EN,Towers with Radar,0,8,35,2,45,0,0,49,6,55,0,8,84,8,100,52,0,52,152
06/09/2012,ILG,DE,AEA,EN,Towers with Radar,0,5,10,3,18,0,1,65,0,66,0,6,75,3,84,46,0,46,130
06/10/2012,ILG,DE,AEA,EN,Towers with Radar,0,8,26,1,35,0,0,72,0,72,0,8,98,1,107,142,0,142,249
06/11/2012,ILG,DE,AEA,EN,Towers with Radar,0,12,34,3,49,0,1,46,1,48,0,13,80,4,97,70,0,70,167
06/12/2012,ILG,DE,AEA,EN,Towers with Radar,0,12,38,3,53,0,0,0,1,1,0,12,38,4,54,0,0,0,54
06/13/2012,ILG,DE,AEA,EN,Towers with Radar,0,12,27,4,43,0,2,36,8,46,0,14,63,12,89,20,58,78,167
06/14/2012,ILG,DE,AEA,EN,Towers with Radar,0,15,41,13,69,0,0,54,4,58,0,15,95,17,127,53,17,70,197
06/15/2012,ILG,DE,AEA,EN,Towers with Radar,0,8,33,14,55,0,0,62,7,69,0,8,95,21,124,36,4,40,164
06/16/2012,ILG,DE,AEA,EN,Towers with Radar,0,7,19,0,26,0,0,98,1,99,0,7,117,1,125,40,0,40,165
06/17/2012,ILG,DE,AEA,EN,Towers with Radar,0,15,24,2,41,0,0,54,0,54,0,15,78,2,95,90,0,90,185
06/18/2012,ILG,DE,AEA,EN,Towers with Radar,0,4,48,6,58,0,1,34,0,35,0,5,82,6,93,60,0,60,153
06/19/2012,ILG,DE,AEA,EN,Towers with Radar,0,5,57,9,71,0,0,57,4,61,0,5,114,13,132,80,84,164,296
06/20/2012,ILG,DE,AEA,EN,Towers with Radar,0,9,55,5,69,0,0,48,13,61,0,9,103,18,130,118,68,186,316
06/21/2012,ILG,DE,AEA,EN,Towers with Radar,0,20,63,16,99,0,1,29,4,34,0,21,92,20,133,28,13,41,174
06/22/2012,ILG,DE,AEA,EN,Towers with Radar,0,4,22,11,37,0,0,25,3,28,0,4,47,14,65,22,4,26,91
06/23/2012,ILG,DE,AEA,EN,Towers with Radar,0,4,18,0,22,0,0,74,0,74,0,4,92,0,96,44,0,44,140
06/24/2012,ILG,DE,AEA,EN,Towers with Radar,0,13,21,0,34,0,0,67,1,68,0,13,88,1,102,116,0,116,218
06/25/2012,ILG,DE,AEA,EN,Towers with Radar,0,10,25,2,37,0,0,35,0,35,0,10,60,2,72,40,0,40,112
06/26/2012,ILG,DE,AEA,EN,Towers with Radar,0,13,30,3,46,0,0,34,9,43,0,13,64,12,89,38,32,70,159
06/27/2012,ILG,DE,AEA,EN,Towers with Radar,0,12,47,7,66,0,0,37,6,43,0,12,84,13,109,54,10,64,173
06/28/2012,ILG,DE,AEA,EN,Towers with Radar,0,6,53,3,62,0,0,77,13,90,0,6,130,16,152,69,6,75,227
06/29/2012,ILG,DE,AEA,EN,Towers with Radar,0,14,28,5,47,0,0,58,4,62,0,14,86,9,109,34,10,44,153
06/30/2012,ILG,DE,AEA,EN,Towers with Radar,0,7,20,2,29,0,0,59,0,59,0,7,79,2,88,86,0,86,174
07/01/2012,ILG,DE,AEA,EN,Towers with Radar,0,10,41,1,52,0,0,58,0,58,0,10,99,1,110,26,0,26,136
07/02/2012,ILG,DE,AEA,EN,Towers with Radar,0,10,27,7,44,0,1,52,0,53,0,11,79,7,97,50,0,50,147
07/03/2012,ILG,DE,AEA,EN,Towers with Radar,0,11,18,18,47,0,0,87,5,92,0,11,105,23,139,66,82,148,287
07/04/2012,ILG,DE,AEA,EN,Towers with Radar,0,2,4,1,7,0,1,19,0,20,0,3,23,1,27,40,0,40,67
07/05/2012,ILG,DE,AEA,EN,Towers with Radar,0,5,13,1,19,0,0,28,2,30,0,5,41,3,49,18,4,22,71
07/06/2012,ILG,DE,AEA,EN,Towers with Radar,0,12,31,1,44,0,0,37,2,39,0,12,68,3,83,4,0,4,87
07/07/2012,ILG,DE,AEA,EN,Towers with Radar,0,6,6,0,12,0,1,50,0,51,0,7,56,0,63,69,0,69,132
07/08/2012,ILG,DE,AEA,EN,Towers with Radar,0,7,20,3,30,0,0,63,0,63,0,7,83,3,93,71,0,71,164
07/09/2012,ILG,DE,AEA,EN,Towers with Radar,0,8,27,4,39,0,0,37,1,38,0,8,64,5,77,28,0,28,105
07/10/2012,ILG,DE,AEA,EN,Towers with Radar,0,7,33,5,45,0,0,38,9,47,0,7,71,14,92,32,34,66,158
07/11/2012,ILG,DE,AEA,EN,Towers with Radar,0,10,33,7,50,0,0,59,6,65,0,10,92,13,115,38,10,48,163
07/12/2012,ILG,DE,AEA,EN,Towers with Radar,0,14,32,5,51,0,0,38,16,54,0,14,70,21,105,20,4,24,129
07/13/2012,ILG,DE,AEA,EN,Towers with Radar,0,10,21,2,33,0,0,67,3,70,0,10,88,5,103,68,0,68,171
07/14/2012,ILG,DE,AEA,EN,Towers with Radar,0,6,17,8,31,0,0,32,10,42,0,6,49,18,73,38,12,50,123
07/15/2012,ILG,DE,AEA,EN,Towers with Radar,0,9,21,9,39,0,0,31,5,36,0,9,52,14,75,22,14,36,111
07/16/2012,ILG,DE,AEA,EN,Towers with Radar,0,15,16,7,38,0,0,29,0,29,0,15,45,7,67,30,8,38,105
07/17/2012,ILG,DE,AEA,EN,Towers with Radar,0,3,26,6,35,0,0,36,15,51,0,3,62,21,86,60,94,154,240
07/18/2012,ILG,DE,AEA,EN,Towers with Radar,0,5,20,2,27,0,0,116,4,120,0,5,136,6,147,24,6,30,177
07/19/2012,ILG,DE,AEA,EN,Towers with Radar,0,14,65,6,85,0,0,12,4,16,0,14,77,10,101,42,28,70,171
07/20/2012,ILG,DE,AEA,EN,Towers with Radar,0,9,36,6,51,0,1,0,0,1,0,10,36,6,52,14,0,14,66
07/21/2012,ILG,DE,AEA,EN,Towers with Radar,0,15,15,0,30,0,1,66,0,67,0,16,81,0,97,56,0,56,153
07/22/2012,ILG,DE,AEA,EN,Towers with Radar,0,8,27,4,39,0,1,85,0,86,0,9,112,4,125,194,0,194,319
07/23/2012,ILG,DE,AEA,EN,Towers with Radar,0,10,26,5,41,0,0,32,0,32,0,10,58,5,73,36,0,36,109
07/24/2012,ILG,DE,AEA,EN,Towers with Radar,0,8,38,4,50,0,0,26,8,34,0,8,64,12,84,22,16,38,122
07/25/2012,ILG,DE,AEA,EN,Towers with Radar,0,11,39,10,60,0,0,84,7,91,0,11,123,17,151,58,24,82,233
07/26/2012,ILG,DE,AEA,EN,Towers with Radar,0,14,26,3,43,0,0,34,7,41,0,14,60,10,84,30,40,70,154
07/27/2012,ILG,DE,AEA,EN,Towers with Radar,0,5,35,8,48,0,0,48,3,51,0,5,83,11,99,44,8,52,151
07/28/2012,ILG,DE,AEA,EN,Towers with Radar,0,8,22,3,33,0,2,51,0,53,0,10,73,3,86,52,0,52,138
07/29/2012,ILG,DE,AEA,EN,Towers with Radar,0,7,32,4,43,0,0,28,0,28,0,7,60,4,71,36,0,36,107
07/30/2012,ILG,DE,AEA,EN,Towers with Radar,0,11,30,1,42,0,0,26,1,27,0,11,56,2,69,82,0,82,151
07/31/2012,ILG,DE,AEA,EN,Towers with Radar,0,12,36,5,53,0,1,38,9,48,0,13,74,14,101,48,8,56,157
08/01/2012,ILG,DE,AEA,EN,Towers with Radar,0,15,26,3,44,0,0,21,6,27,0,15,47,9,71,28,20,48,119
08/02/2012,ILG,DE,AEA,EN,Towers with Radar,0,23,29,11,63,0,0,54,7,61,0,23,83,18,124,72,28,100,224
08/03/2012,ILG,DE,AEA,EN,Towers with Radar,0,12,24,4,40,0,4,45,2,51,0,16,69,6,91,26,56,82,173
08/04/2012,ILG,DE,AEA,EN,Towers with Radar,0,6,30,10,46,0,0,43,10,53,0,6,73,20,99,84,10,94,193
08/05/2012,ILG,DE,AEA,EN,Towers with Radar,0,11,26,3,40,0,0,39,9,48,0,11,65,12,88,58,10,68,156
08/06/2012,ILG,DE,AEA,EN,Towers with Radar,0,14,36,2,52,0,0,25,0,25,0,14,61,2,77,6,0,6,83
08/07/2012,ILG,DE,AEA,EN,Towers with Radar,0,8,32,14,54,0,0,43,9,52,0,8,75,23,106,118,10,128,234
08/08/2012,ILG,DE,AEA,EN,Towers with Radar,0,9,32,10,51,0,0,29,8,37,0,9,61,18,88,57,22,79,167
08/09/2012,ILG,DE,AEA,EN,Towers with Radar,0,9,45,8,62,0,1,46,10,57,0,10,91,18,119,32,6,38,157
08/10/2012,ILG,DE,AEA,EN,Towers with Radar,0,9,30,2,41,0,0,12,0,12,0,9,42,2,53,18,0,18,71
08/11/2012,ILG,DE,AEA,EN,Towers with Radar,0,6,27,4,37,0,1,53,1,55,0,7,80,5,92,54,0,54,146
08/12/2012,ILG,DE,AEA,EN,Towers with Radar,0,9,38,4,51,0,0,87,0,87,0,9,125,4,138,102,0,102,240
08/13/2012,ILG,DE,AEA,EN,Towers with Radar,0,2,37,10,49,0,2,60,3,65,0,4,97,13,114,42,0,42,156
08/14/2012,ILG,DE,AEA,EN,Towers with Radar,0,10,47,13,70,0,0,21,11,32,0,10,68,24,102,0,26,26,128
08/15/2012,ILG,DE,AEA,EN,Towers with Radar,0,7,33,10,50,0,0,27,6,33,0,7,60,16,83,18,32,50,133
08/16/2012,ILG,DE,AEA,EN,Towers with Radar,0,28,49,1,78,0,3,69,14,86,0,31,118,15,164,48,20,68,232
08/17/2012,ILG,DE,AEA,EN,Towers with Radar,0,17,29,5,51,0,0,22,4,26,0,17,51,9,77,16,22,38,115
08/18/2012,ILG,DE,AEA,EN,Towers with Radar,0,10,17,0,27,0,0,58,0,58,0,10,75,0,85,52,0,52,137
08/19/2012,ILG,DE,AEA,EN,Towers with Radar,0,6,25,4,35,0,0,80,0,80,0,6,105,4,115,20,0,20,135
08/20/2012,ILG,DE,AEA,EN,Towers with Radar,0,6,29,8,43,0,0,28,0,28,0,6,57,8,71,38,0,38,109
08/21/2012,ILG,DE,AEA,EN,Towers with Radar,0,2,26,8,36,0,0,53,4,57,0,2,79,12,93,66,12,78,171
08/22/2012,ILG,DE,AEA,EN,Towers with Radar,0,5,28,6,39,0,0,44,11,55,0,5,72,17,94,54,36,90,184
08/23/2012,ILG,DE,AEA,EN,Towers with Radar,0,5,49,5,59,0,2,44,7,53,0,7,93,12,112,12,32,44,156
08/24/2012,ILG,DE,AEA,EN,Towers with Radar,0,3,18,2,23,0,3,59,3,65,0,6,77,5,88,76,2,78,166
08/25/2012,ILG,DE,AEA,EN,Towers with Radar,0,1,22,0,23,0,0,59,0,59,0,1,81,0,82,70,0,70,152
08/26/2012,ILG,DE,AEA,EN,Towers with Radar,0,3,24,3,30,0,0,31,0,31,0,3,55,3,61,38,0,38,99
08/27/2012,ILG,DE,AEA,EN,Towers with Radar,0,15,43,3,61,0,1,27,8,36,0,16,70,11,97,1,16,17,114
08/28/2012,ILG,DE,AEA,EN,Towers with Radar,0,14,29,10,53,0,2,57,12,71,0,16,86,22,124,32,34,66,190
08/29/2012,ILG,DE,AEA,EN,Towers with Radar,0,9,47,10,66,0,2,80,7,89,0,11,127,17,155,34,30,64,219
08/30/2012,ILG,DE,AEA,EN,Towers with Radar,1,4,35,13,53,0,4,54,1,59,1,8,89,14,112,56,0,56,168
08/31/2012,ILG,DE,AEA,EN,Towers with Radar,0,8,27,3,38,0,4,52,1,57,0,12,79,4,95,44,0,44,139
09/01/2012,ILG,DE,AEA,EN,Towers with Radar,0,2,21,0,23,0,3,81,0,84,0,5,102,0,107,36,0,36,143
09/02/2012,ILG,DE,AEA,EN,Towers with Radar,0,4,19,3,26,0,0,13,0,13,0,4,32,3,39,0,0,0,39
09/03/2012,ILG,DE,AEA,EN,Towers with Radar,0,13,19,4,36,0,0,2,0,2,0,13,21,4,38,0,0,0,38
09/04/2012,ILG,DE,AEA,EN,Towers with Radar,0,13,28,11,52,0,0,4,15,19,0,13,32,26,71,0,50,50,121
09/05/2012,ILG,DE,AEA,EN,Towers with Radar,0,4,22,4,30,0,2,22,6,30,0,6,44,10,60,24,48,72,132
09/06/2012,ILG,DE,AEA,EN,Towers with Radar,0,4,38,11,53,0,0,33,9,42,0,4,71,20,95,64,38,102,197
09/07/2012,ILG,DE,AEA,EN,Towers with Radar,0,14,29,5,48,0,4,49,7,60,0,18,78,12,108,54,18,72,180
09/08/2012,ILG,DE,AEA,EN,Towers with Radar,0,6,13,0,19,0,0,18,0,18,0,6,31,0,37,16,0,16,53
09/09/2012,ILG,DE,AEA,EN,Towers with Radar,0,17,29,0,46,0,0,97,0,97,0,17,126,0,143,36,0,36,179
09/10/2012,ILG,DE,AEA,EN,Towers with Radar,0,5,40,8,53,0,1,32,5,38,0,6,72,13,91,36,8,44,135
09/11/2012,ILG,DE,AEA,EN,Towers with Radar,0,12,52,14,78,0,1,65,16,82,0,13,117,30,160,56,18,74,234
09/12/2012,ILG,DE,AEA,EN,Towers with Radar,0,16,24,7,47,0,1,63,12,76,0,17,87,19,123,50,0,50,173
09/13/2012,ILG,DE,AEA,EN,Towers with Radar,0,6,42,5,53,0,2,62,11,75,0,8,104,16,128,30,22,52,180
09/14/2012,ILG,DE,AEA,EN,Towers with Radar,1,16,28,9,54,0,0,38,3,41,1,16,66,12,95,40,0,40,135
09/15/2012,ILG,DE,AEA,EN,Towers with Radar,1,6,18,4,29,0,4,71,9,84,1,10,89,13,113,73,6,79,192
09/16/2012,ILG,DE,AEA,EN,Towers with Radar,0,13,17,10,40,0,4,90,6,100,0,17,107,16,140,42,24,66,206
09/17/2012,ILG,DE,AEA,EN,Towers with Radar,0,16,46,8,70,0,5,52,2,59,0,21,98,10,129,30,0,30,159
09/18/2012,ILG,DE,AEA,EN,Towers with Radar,0,6,15,4,25,0,0,0,0,0,0,6,15,4,25,0,0,0,25
09/19/2012,ILG,DE,AEA,EN,Towers with Radar,0,16,30,9,55,0,0,23,4,27,0,16,53,13,82,28,26,54,136
09/20/2012,ILG,DE,AEA,EN,Towers with Radar,0,6,24,4,34,0,0,27,2,29,0,6,51,6,63,18,0,18,81
09/21/2012,ILG,DE,AEA,EN,Towers with Radar,1,15,44,7,67,0,0,72,2,74,1,15,116,9,141,78,30,108,249
09/22/2012,ILG,DE,AEA,EN,Towers with Radar,0,4,16,0,20,0,0,57,1,58,0,4,73,1,78,24,0,24,102
09/23/2012,ILG,DE,AEA,EN,Towers with Radar,0,8,25,0,33,0,0,53,0,53,0,8,78,0,86,49,2,51,137
09/24/2012,ILG,DE,AEA,EN,Towers with Radar,0,10,33,3,46,0,0,62,5,67,0,10,95,8,113,25,20,45,158
09/25/2012,ILG,DE,AEA,EN,Towers with Radar,0,7,53,2,62,0,3,59,5,67,0,10,112,7,129,38,28,66,195
09/26/2012,ILG,DE,AEA,EN,Towers with Radar,0,14,36,9,59,0,0,39,1,40,0,14,75,10,99,32,10,42,141
09/27/2012,ILG,DE,AEA,EN,Towers with Radar,0,16,46,8,70,0,1,30,0,31,0,17,76,8,101,14,6,20,121
09/28/2012,ILG,DE,AEA,EN,Towers with Radar,2,11,38,0,51,0,0,11,0,11,2,11,49,0,62,64,0,64,126
09/29/2012,ILG,DE,AEA,EN,Towers with Radar,2,8,30,4,44,0,0,52,0,52,2,8,82,4,96,23,0,23,119
09/30/2012,ILG,DE,AEA,EN,Towers with Radar,0,12,31,1,44,0,1,83,3,87,0,13,114,4,131,68,0,68,199
10/01/2012,ILG,DE,AEA,EN,Towers with Radar,1,9,31,5,46,0,0,61,0,61,1,9,92,5,107,56,0,56,163
10/02/2012,ILG,DE,AEA,EN,Towers with Radar,0,11,46,8,65,0,0,11,0,11,0,11,57,8,76,16,0,16,92
10/03/2012,ILG,DE,AEA,EN,Towers with Radar,0,17,37,5,59,0,0,15,0,15,0,17,52,5,74,4,0,4,78
10/04/2012,ILG,DE,AEA,EN,Towers with Radar,0,21,35,7,63,0,0,9,1,10,0,21,44,8,73,44,10,54,127
10/05/2012,ILG,DE,AEA,EN,Towers with Radar,1,13,37,1,52,0,0,80,2,82,1,13,117,3,134,74,6,80,214
10/06/2012,ILG,DE,AEA,EN,Towers with Radar,1,8,21,0,30,0,0,75,0,75,1,8,96,0,105,70,0,70,175
10/07/2012,ILG,DE,AEA,EN,Towers with Radar,0,19,24,1,44,0,0,7,0,7,0,19,31,1,51,28,0,28,79
10/08/2012,ILG,DE,AEA,EN,Towers with Radar,0,11,20,2,33,0,0,32,1,33,0,11,52,3,66,16,0,16,82
10/09/2012,ILG,DE,AEA,EN,Towers with Radar,0,7,27,4,38,0,0,7,2,9,0,7,34,6,47,42,16,58,105
10/10/2012,ILG,DE,AEA,EN,Towers with Radar,0,8,25,5,38,0,0,21,4,25,0,8,46,9,63,36,42,78,141
10/11/2012,ILG,DE,AEA,EN,Towers with Radar,0,3,37,6,46,0,0,61,3,64,0,3,98,9,110,54,22,76,186
10/12/2012,ILG,DE,AEA,EN,Towers with Radar,0,4,24,9,37,0,0,50,0,50,0,4,74,9,87,62,6,68,155
10/13/2012,ILG,DE,AEA,EN,Towers with Radar,0,9,22,7,38,0,0,73,15,88,0,9,95,22,126,40,0,40,166
10/14/2012,ILG,DE,AEA,EN,Towers with Radar,0,5,21,1,27,0,0,42,7,49,0,5,63,8,76,19,9,28,104
10/15/2012,ILG,DE,AEA,EN,Towers with Radar,0,4,25,5,34,0,0,15,0,15,0,4,40,5,49,0,0,0,49
10/16/2012,ILG,DE,AEA,EN,Towers with Radar,0,7,40,7,54,0,0,75,3,78,0,7,115,10,132,42,10,52,184
10/17/2012,ILG,DE,AEA,EN,Towers with Radar,0,14,44,5,63,0,2,53,12,67,0,16,97,17,130,102,18,120,250
10/18/2012,ILG,DE,AEA,EN,Towers with Radar,0,13,59,10,82,0,0,27,1,28,0,13,86,11,110,66,2,68,178
10/19/2012,ILG,DE,AEA,EN,Towers with Radar,0,10,46,8,64,0,0,12,0,12,0,10,58,8,76,20,0,20,96
10/20/2012,ILG,DE,AEA,EN,Towers with Radar,0,6,19,11,36,0,0,66,1,67,0,6,85,12,103,16,0,16,119
10/21/2012,ILG,DE,AEA,EN,Towers with Radar,0,8,44,0,52,0,0,43,0,43,0,8,87,0,95,28,0,28,123
10/22/2012,ILG,DE,AEA,EN,Towers with Radar,0,2,34,9,45,0,0,27,1,28,0,2,61,10,73,18,0,18,91
10/23/2012,ILG,DE,AEA,EN,Towers with Radar,0,10,39,13,62,0,1,43,11,55,0,11,82,24,117,36,24,60,177
10/24/2012,ILG,DE,AEA,EN,Towers with Radar,0,20,77,19,116,0,0,173,34,207,0,20,250,53,323,216,78,294,617
10/25/2012,ILG,DE,AEA,EN,Towers with Radar,0,24,73,10,107,0,0,118,24,142,0,24,191,34,249,138,40,178,427
10/26/2012,ILG,DE,AEA,EN,Towers with Radar,0,17,54,7,78,0,0,118,21,139,0,17,172,28,217,118,16,134,351
10/27/2012,ILG,DE,AEA,EN,Towers with Radar,0,15,33,5,53,0,0,48,0,48,0,15,81,5,101,62,0,62,163
10/28/2012,ILG,DE,AEA,EN,Towers with Radar,0,9,25,6,40,0,0,2,0,2,0,9,27,6,42,0,0,0,42
10/29/2012,ILG,DE,AEA,EN,Towers with Radar,0,0,1,0,1,0,0,0,0,0,0,0,1,0,1,0,0,0,1
10/30/2012,ILG,DE,AEA,EN,Towers with Radar,0,1,8,8,17,0,0,4,7,11,0,1,12,15,28,0,0,0,28
10/31/2012,ILG,DE,AEA,EN,Towers with Radar,0,3,27,7,37,0,0,20,8,28,0,3,47,15,65,30,16,46,111
11/01/2012,ILG,DE,AEA,EN,Towers with Radar,0,7,48,7,62,0,1,23,9,33,0,8,71,16,95,14,0,14,109
11/02/2012,ILG,DE,AEA,EN,Towers with Radar,0,6,37,8,51,0,0,44,12,56,0,6,81,20,107,44,0,44,151
11/03/2012,ILG,DE,AEA,EN,Towers with Radar,0,7,25,13,45,0,0,36,9,45,0,7,61,22,90,14,0,14,104
11/04/2012,ILG,DE,AEA,EN,Towers with Radar,0,1,32,4,37,0,0,77,20,97,0,1,109,24,134,36,26,62,196
11/05/2012,ILG,DE,AEA,EN,Towers with Radar,0,16,42,3,61,0,2,39,6,47,0,18,81,9,108,18,4,22,130
11/06/2012,ILG,DE,AEA,EN,Towers with Radar,0,21,38,13,72,0,0,44,18,62,0,21,82,31,134,30,38,68,202
11/07/2012,ILG,DE,AEA,EN,Towers with Radar,0,8,19,5,32,0,0,1,3,4,0,8,20,8,36,0,12,12,48
11/08/2012,ILG,DE,AEA,EN,Towers with Radar,0,13,44,8,65,0,0,16,5,21,0,13,60,13,86,12,36,48,134
11/09/2012,ILG,DE,AEA,EN,Towers with Radar,0,7,27,2,36,0,2,74,1,77,0,9,101,3,113,26,0,26,139
11/10/2012,ILG,DE,AEA,EN,Towers with Radar,0,10,22,2,34,0,1,94,0,95,0,11,116,2,129,160,0,160,289
11/11/2012,ILG,DE,AEA,EN,Towers with Radar,0,12,31,1,44,0,0,77,4,81,0,12,108,5,125,72,0,72,197
11/12/2012,ILG,DE,AEA,EN,Towers with Radar,0,9,19,1,29,0,0,45,0,45,0,9,64,1,74,46,0,46,120
11/13/2012,ILG,DE,AEA,EN,Towers with Radar,0,12,19,11,42,0,5,5,12,22,0,17,24,23,64,0,62,62,126
11/14/2012,ILG,DE,AEA,EN,Towers with Radar,0,10,47,4,61,0,0,42,7,49,0,10,89,11,110,32,18,50,160
11/15/2012,ILG,DE,AEA,EN,Towers with Radar,0,14,41,7,62,0,0,42,10,52,0,14,83,17,114,72,36,108,222
11/16/2012,ILG,DE,AEA,EN,Towers with Radar,0,11,29,2,42,0,0,37,4,41,0,11,66,6,83,14,0,14,97
11/17/2012,ILG,DE,AEA,EN,Towers with Radar,0,7,20,0,27,0,0,85,0,85,0,7,105,0,112,70,0,70,182
11/18/2012,ILG,DE,AEA,EN,Towers with Radar,0,5,22,2,29,0,0,62,0,62,0,5,84,2,91,104,0,104,195
11/19/2012,ILG,DE,AEA,EN,Towers with Radar,0,10,30,4,44,0,0,18,11,29,0,10,48,15,73,58,2,60,133
11/20/2012,ILG,DE,AEA,EN,Towers with Radar,0,8,42,5,55,0,0,28,13,41,0,8,70,18,96,20,40,60,156
11/21/2012,ILG,DE,AEA,EN,Towers with Radar,1,5,22,5,33,0,0,52,3,55,1,5,74,8,88,66,12,78,166
11/22/2012,ILG,DE,AEA,EN,Towers with Radar,0,3,3,0,6,0,0,20,0,20,0,3,23,0,26,8,0,8,34
11/23/2012,ILG,DE,AEA,EN,Towers with Radar,0,4,12,0,16,0,0,42,0,42,0,4,54,0,58,26,0,26,84
11/24/2012,ILG,DE,AEA,EN,Towers with Radar,0,4,14,0,18,0,0,7,0,7,0,4,21,0,25,38,0,38,63
11/25/2012,ILG,DE,AEA,EN,Towers with Radar,0,8,27,1,36,0,0,59,0,59,0,8,86,1,95,28,0,28,123
11/26/2012,ILG,DE,AEA,EN,Towers with Radar,0,2,14,3,19,0,0,26,1,27,0,2,40,4,46,38,0,38,84
11/27/2012,ILG,DE,AEA,EN,Towers with Radar,0,13,29,2,44,0,0,0,0,0,0,13,29,2,44,0,0,0,44
11/28/2012,ILG,DE,AEA,EN,Towers with Radar,0,13,29,12,54,0,1,26,7,34,0,14,55,19,88,12,16,28,116
11/29/2012,ILG,DE,AEA,EN,Towers with Radar,2,10,36,9,57,0,0,35,8,43,2,10,71,17,100,46,2,48,148
11/30/2012,ILG,DE,AEA,EN,Towers with Radar,0,6,23,3,32,0,0,24,9,33,0,6,47,12,65,22,6,28,93
12/01/2012,ILG,DE,AEA,EN,Towers with Radar,0,5,11,2,18,0,0,45,5,50,0,5,56,7,68,40,0,40,108
12/02/2012,ILG,DE,AEA,EN,Towers with Radar,0,12,17,4,33,0,0,16,0,16,0,12,33,4,49,6,0,6,55
12/03/2012,ILG,DE,AEA,EN,Towers with Radar,0,13,33,7,53,0,2,42,6,50,0,15,75,13,103,32,8,40,143
12/04/2012,ILG,DE,AEA,EN,Towers with Radar,2,15,36,3,56,0,0,53,14,67,2,15,89,17,123,38,0,38,161
12/05/2012,ILG,DE,AEA,EN,Towers with Radar,0,12,46,2,60,0,0,36,12,48,0,12,82,14,108,50,20,70,178
12/06/2012,ILG,DE,AEA,EN,Towers with Radar,0,7,36,4,47,0,0,47,6,53,0,7,83,10,100,26,16,42,142
12/07/2012,ILG,DE,AEA,EN,Towers with Radar,0,9,26,2,37,0,0,11,0,11,0,9,37,2,48,0,10,10,58
12/08/2012,ILG,DE,AEA,EN,Towers with Radar,0,0,7,2,9,0,0,0,0,0,0,0,7,2,9,0,0,0,9
12/09/2012,ILG,DE,AEA,EN,Towers with Radar,0,8,26,2,36,0,0,0,0,0,0,8,26,2,36,0,0,0,36
12/10/2012,ILG,DE,AEA,EN,Towers with Radar,0,6,24,2,32,0,0,0,0,0,0,6,24,2,32,0,0,0,32
12/11/2012,ILG,DE,AEA,EN,Towers with Radar,0,11,28,13,52,0,0,20,6,26,0,11,48,19,78,12,48,60,138
12/12/2012,ILG,DE,AEA,EN,Towers with Radar,0,7,41,4,52,0,0,42,8,50,0,7,83,12,102,16,10,26,128
12/13/2012,ILG,DE,AEA,EN,Towers with Radar,0,10,43,6,59,0,0,46,17,63,0,10,89,23,122,6,10,16,138
12/14/2012,ILG,DE,AEA,EN,Towers with Radar,0,5,29,4,38,0,0,54,1,55,0,5,83,5,93,66,0,66,159
12/15/2012,ILG,DE,AEA,EN,Towers with Radar,0,1,28,0,29,0,0,91,0,91,0,1,119,0,120,126,0,126,246
12/16/2012,ILG,DE,AEA,EN,Towers with Radar,0,7,12,0,19,0,0,7,0,7,0,7,19,0,26,0,0,0,26
12/17/2012,ILG,DE,AEA,EN,Towers with Radar,0,13,28,3,44,0,0,0,0,0,0,13,28,3,44,0,0,0,44
12/18/2012,ILG,DE,AEA,EN,Towers with Radar,0,8,27,19,54,0,0,6,14,20,0,8,33,33,74,0,38,38,112
12/19/2012,ILG,DE,AEA,EN,Towers with Radar,0,16,42,12,70,0,1,25,13,39,0,17,67,25,109,45,68,113,222
12/20/2012,ILG,DE,AEA,EN,Towers with Radar,0,8,39,6,53,0,0,35,12,47,0,8,74,18,100,68,20,88,188
12/21/2012,ILG,DE,AEA,EN,Towers with Radar,0,7,33,4,44,0,0,6,6,12,0,7,39,10,56,0,0,0,56
12/22/2012,ILG,DE,AEA,EN,Towers with Radar,0,3,18,0,21,0,0,8,0,8,0,3,26,0,29,4,0,4,33
12/23/2012,ILG,DE,AEA,EN,Towers with Radar,0,11,16,0,27,0,0,71,0,71,0,11,87,0,98,58,0,58,156
12/24/2012,ILG,DE,AEA,EN,Towers with Radar,0,5,8,0,13,0,0,17,0,17,0,5,25,0,30,14,0,14,44
12/25/2012,ILG,DE,AEA,EN,Towers with Radar,0,6,3,0,9,0,0,5,0,5,0,6,8,0,14,0,0,0,14
12/26/2012,ILG,DE,AEA,EN,Towers with Radar,0,11,26,0,37,0,0,2,0,2,0,11,28,0,39,0,0,0,39
12/27/2012,ILG,DE,AEA,EN,Towers with Radar,0,13,38,6,57,0,0,2,1,3,0,13,40,7,60,4,0,4,64
12/28/2012,ILG,DE,AEA,EN,Towers with Radar,0,8,23,3,34,0,0,44,1,45,0,8,67,4,79,62,18,80,159
12/29/2012,ILG,DE,AEA,EN,Towers with Radar,0,5,3,0,8,0,0,6,0,6,0,5,9,0,14,0,0,0,14
12/30/2012,ILG,DE,AEA,EN,Towers with Radar,0,10,26,0,36,0,0,3,0,3,0,10,29,0,39,0,0,0,39
12/31/2012,ILG,DE,AEA,EN,Towers with Radar,0,3,16,0,19,0,0,31,0,31,0,3,47,0,50,62,0,62,112
01/01/2013,ILG,DE,AEA,EN,Towers with Radar,0,10,16,0,26,0,0,10,0,10,0,10,26,0,36,0,0,0,36
01/02/2013,ILG,DE,AEA,EN,Towers with Radar,1,8,20,1,30,0,0,19,1,20,1,8,39,2,50,32,4,36,86
01/03/2013,ILG,DE,AEA,EN,Towers with Radar,0,9,17,3,29,0,1,43,1,45,0,10,60,4,74,14,12,26,100
01/04/2013,ILG,DE,AEA,EN,Towers with Radar,0,7,28,8,43,0,0,21,0,21,0,7,49,8,64,44,4,48,112
01/05/2013,ILG,DE,AEA,EN,Towers with Radar,0,12,18,0,30,0,0,65,1,66,0,12,83,1,96,60,0,60,156
01/06/2013,ILG,DE,AEA,EN,Towers with Radar,0,13,21,0,34,0,1,64,0,65,0,14,85,0,99,76,0,76,175
01/07/2013,ILG,DE,AEA,EN,Towers with Radar,0,10,15,0,25,0,0,16,4,20,0,10,31,4,45,50,2,52,97
01/08/2013,ILG,DE,AEA,EN,Towers with Radar,0,6,27,3,36,0,0,36,11,47,0,6,63,14,83,48,10,58,141
01/09/2013,ILG,DE,AEA,EN,Towers with Radar,0,11,24,11,46,0,0,36,6,42,0,11,60,17,88,82,26,108,196
01/10/2013,ILG,DE,AEA,EN,Towers with Radar,0,11,29,0,40,0,0,40,13,53,0,11,69,13,93,79,80,159,252
01/11/2013,ILG,DE,AEA,EN,Towers with Radar,0,7,17,7,31,0,0,14,1,15,0,7,31,8,46,20,0,20,66
01/12/2013,ILG,DE,AEA,EN,Towers with Radar,0,4,9,2,15,0,0,29,0,29,0,4,38,2,44,60,0,60,104
01/13/2013,ILG,DE,AEA,EN,Towers with Radar,0,4,13,2,19,0,0,0,0,0,0,4,13,2,19,0,0,0,19
01/14/2013,ILG,DE,AEA,EN,Towers with Radar,0,10,43,20,73,0,0,8,3,11,0,10,51,23,84,26,32,58,142
01/15/2013,ILG,DE,AEA,EN,Towers with Radar,0,13,38,5,56,0,0,9,3,12,0,13,47,8,68,48,0,48,116
01/16/2013,ILG,DE,AEA,EN,Towers with Radar,0,10,11,3,24,0,0,0,0,0,0,10,11,3,24,0,2,2,26
01/17/2013,ILG,DE,AEA,EN,Towers with Radar,0,17,34,7,58,0,0,26,0,26,0,17,60,7,84,12,14,26,110
01/18/2013,ILG,DE,AEA,EN,Towers with Radar,0,16,28,0,44,0,0,36,0,36,0,16,64,0,80,62,0,62,142
01/19/2013,ILG,DE,AEA,EN,Towers with Radar,0,2,15,0,17,0,0,73,0,73,0,2,88,0,90,150,0,150,240
01/20/2013,ILG,DE,AEA,EN,Towers with Radar,0,2,15,0,17,0,0,46,0,46,0,2,61,0,63,58,0,58,121
01/21/2013,ILG,DE,AEA,EN,Towers with Radar,0,7,24,0,31,0,0,28,0,28,0,7,52,0,59,122,0,122,181
01/22/2013,ILG,DE,AEA,EN,Towers with Radar,0,9,23,8,40,0,0,6,15,21,0,9,29,23,61,0,30,30,91
01/23/2013,ILG,DE,AEA,EN,Towers with Radar,0,7,21,11,39,0,0,24,9,33,0,7,45,20,72,30,32,62,134
01/24/2013,ILG,DE,AEA,EN,Towers with Radar,0,15,26,3,44,0,2,10,9,21,0,17,36,12,65,18,40,58,123
01/25/2013,ILG,DE,AEA,EN,Towers with Radar,0,8,20,3,31,0,0,20,6,26,0,8,40,9,57,62,0,62,119
01/26/2013,ILG,DE,AEA,EN,Towers with Radar,0,7,16,2,25,0,1,24,0,25,0,8,40,2,50,18,0,18,68
01/27/2013,ILG,DE,AEA,EN,Towers with Radar,0,7,19,0,26,0,0,75,0,75,0,7,94,0,101,40,0,40,141
01/28/2013,ILG,DE,AEA,EN,Towers with Radar,0,5,29,0,34,0,0,0,0,0,0,5,29,0,34,0,0,0,34
01/29/2013,ILG,DE,AEA,EN,Towers with Radar,0,10,24,18,52,0,0,16,10,26,0,10,40,28,78,22,14,36,114
01/30/2013,ILG,DE,AEA,EN,Towers with Radar,0,4,25,0,29,0,0,8,0,8,0,4,33,0,37,0,0,0,37
01/31/2013,ILG,DE,AEA,EN,Towers with Radar,0,18,34,1,53,0,0,6,12,18,0,18,40,13,71,0,8,8,79
02/01/2013,ILG,DE,AEA,EN,Towers with Radar,0,15,25,1,41,0,0,7,10,17,0,15,32,11,58,0,10,10,68
02/02/2013,ILG,DE,AEA,EN,Towers with Radar,0,5,11,5,21,0,1,87,30,118,0,6,98,35,139,150,66,216,355
02/03/2013,ILG,DE,AEA,EN,Towers with Radar,0,0,8,4,12,0,0,17,3,20,0,0,25,7,32,16,0,16,48
02/04/2013,ILG,DE,AEA,EN,Towers with Radar,0,2,24,0,26,0,0,17,0,17,0,2,41,0,43,10,0,10,53
02/05/2013,ILG,DE,AEA,EN,Towers with Radar,0,6,19,5,30,0,0,12,10,22,0,6,31,15,52,82,46,128,180
02/06/2013,ILG,DE,AEA,EN,Towers with Radar,0,24,49,5,78,0,4,22,10,36,0,28,71,15,114,16,70,86,200
02/07/2013,ILG,DE,AEA,EN,Towers with Radar,0,11,41,5,57,0,0,25,16,41,0,11,66,21,98,62,80,142,240
02/08/2013,ILG,DE,AEA,EN,Towers with Radar,0,8,14,3,25,0,0,0,0,0,0,8,14,3,25,0,0,0,25
02/09/2013,ILG,DE,AEA,EN,Towers with Radar,0,5,8,1,14,0,0,4,0,4,0,5,12,1,18,2,0,2,20
02/10/2013,ILG,DE,AEA,EN,Towers with Radar,0,10,22,3,35,0,0,84,7,91,0,10,106,10,126,64,0,64,190
02/11/2013,ILG,DE,AEA,EN,Towers with Radar,0,8,22,4,34,0,0,0,0,0,0,8,22,4,34,0,0,0,34
02/12/2013,ILG,DE,AEA,EN,Towers with Radar,0,5,28,6,39,0,0,28,17,45,0,5,56,23,84,26,78,104,188
02/13/2013,ILG,DE,AEA,EN,Towers with Radar,0,23,33,9,65,0,0,18,7,25,0,23,51,16,90,26,22,48,138
02/14/2013,ILG,DE,AEA,EN,Towers with Radar,0,19,36,5,60,0,0,30,8,38,0,19,66,13,98,54,20,74,172
02/15/2013,ILG,DE,AEA,EN,Towers with Radar,0,6,29,3,38,0,0,47,0,47,0,6,76,3,85,74,0,74,159
02/16/2013,ILG,DE,AEA,EN,Towers with Radar,0,5,19,1,25,0,0,42,0,42,0,5,61,1,67,32,0,32,99
02/17/2013,ILG,DE,AEA,EN,Towers with Radar,0,4,7,0,11,0,0,2,0,2,0,4,9,0,13,0,0,0,13
02/18/2013,ILG,DE,AEA,EN,Towers with Radar,0,11,40,2,53,0,0,54,0,54,0,11,94,2,107,52,0,52,159
02/19/2013,ILG,DE,AEA,EN,Towers with Radar,0,13,35,13,61,0,0,5,13,18,0,13,40,26,79,0,104,104,183
02/20/2013,ILG,DE,AEA,EN,Towers with Radar,0,14,30,6,50,0,0,11,10,21,0,14,41,16,71,0,50,50,121
02/21/2013,ILG,DE,AEA,EN,Towers with Radar,0,11,42,1,54,0,0,15,14,29,0,11,57,15,83,0,52,52,135
02/22/2013,ILG,DE,AEA,EN,Towers with Radar,0,5,18,5,28,0,0,37,12,49,0,5,55,17,77,56,18,74,151
02/23/2013,ILG,DE,AEA,EN,Towers with Radar,0,5,19,0,24,0,0,0,0,0,0,5,19,0,24,0,0,0,24
02/24/2013,ILG,DE,AEA,EN,Towers with Radar,0,16,16,1,33,0,0,36,0,36,0,16,52,1,69,38,0,38,107
02/25/2013,ILG,DE,AEA,EN,Towers with Radar,0,8,26,0,34,0,0,42,8,50,0,8,68,8,84,64,54,118,202
02/26/2013,ILG,DE,AEA,EN,Towers with Radar,0,10,22,3,35,0,5,6,2,13,0,15,28,5,48,30,0,30,78
02/27/2013,ILG,DE,AEA,EN,Towers with Radar,0,15,28,8,51,0,4,21,9,34,0,19,49,17,85,20,10,30,115
02/28/2013,ILG,DE,AEA,EN,Towers with Radar,0,11,32,3,46,0,5,28,13,46,0,16,60,16,92,36,16,52,144
03/01/2013,ILG,DE,AEA,EN,Towers with Radar,0,5,19,1,25,0,0,31,8,39,0,5,50,9,64,76,32,108,172
03/02/2013,ILG,DE,AEA,EN,Towers with Radar,0,7,8,2,17,0,0,65,11,76,0,7,73,13,93,78,52,130,223
03/03/2013,ILG,DE,AEA,EN,Towers with Radar,1,6,18,2,27,0,0,25,26,51,1,6,43,28,78,10,6,16,94
03/04/2013,ILG,DE,AEA,EN,Towers with Radar,0,11,29,0,40,0,0,16,0,16,0,11,45,0,56,10,0,10,66
03/05/2013,ILG,DE,AEA,EN,Towers with Radar,0,7,25,0,32,0,0,75,18,93,0,7,100,18,125,154,34,188,313
03/06/2013,ILG,DE,AEA,EN,Towers with Radar,0,12,17,1,30,0,0,2,0,2,0,12,19,1,32,0,0,0,32
03/07/2013,ILG,DE,AEA,EN,Towers with Radar,0,6,26,0,32,0,0,13,12,25,0,6,39,12,57,0,0,0,57
03/08/2013,ILG,DE,AEA,EN,Towers with Radar,0,7,18,0,25,0,0,5,3,8,0,7,23,3,33,0,74,74,107
03/09/2013,ILG,DE,AEA,EN,Towers with Radar,0,8,12,0,20,0,2,86,1,89,0,10,98,1,109,82,0,82,191
03/10/2013,ILG,DE,AEA,EN,Towers with Radar,0,4,22,0,26,0,0,14,0,14,0,4,36,0,40,0,0,0,40
03/11/2013,ILG,DE,AEA,EN,Towers with Radar,0,13,41,5,59,0,0,11,4,15,0,13,52,9,74,36,6,42,116
03/12/2013,ILG,DE,AEA,EN,Towers with Radar,0,7,21,2,30,0,0,0,7,7,0,7,21,9,37,16,20,36,73
03/13/2013,ILG,DE,AEA,EN,Towers with Radar,0,12,38,8,58,0,4,43,7,54,0,16,81,15,112,108,30,138,250
03/14/2013,ILG,DE,AEA,EN,Towers with Radar,0,14,23,1,38,0,2,17,16,35,0,16,40,17,73,8,32,40,113
03/15/2013,ILG,DE,AEA,EN,Towers with Radar,0,9,23,2,34,0,0,30,2,32,0,9,53,4,66,32,2,34,100
03/16/2013,ILG,DE,AEA,EN,Towers with Radar,0,10,11,0,21,0,0,12,0,12,0,10,23,0,33,24,0,24,57
03/17/2013,ILG,DE,AEA,EN,Towers with Radar,0,8,18,0,26,0,1,51,0,52,0,9,69,0,78,60,0,60,138
03/18/2013,ILG,DE,AEA,EN,Towers with Radar,0,6,29,0,35,0,2,6,0,8,0,8,35,0,43,20,0,20,63
03/19/2013,ILG,DE,AEA,EN,Towers with Radar,0,12,20,4,36,0,0,6,9,15,0,12,26,13,51,0,60,60,111
03/20/2013,ILG,DE,AEA,EN,Towers with Radar,0,11,18,3,32,0,3,39,7,49,0,14,57,10,81,58,0,58,139
03/21/2013,ILG,DE,AEA,EN,Towers with Radar,0,10,22,2,34,0,0,17,15,32,0,10,39,17,66,14,6,20,86
03/22/2013,ILG,DE,AEA,EN,Towers with Radar,2,12,22,0,36,0,0,30,7,37,2,12,52,7,73,4,14,18,91
03/23/2013,ILG,DE,AEA,EN,Towers with Radar,0,5,33,1,39,0,1,61,0,62,0,6,94,1,101,36,0,36,137
03/24/2013,ILG,DE,AEA,EN,Towers with Radar,0,5,26,0,31,0,0,64,0,64,0,5,90,0,95,80,0,80,175
03/25/2013,ILG,DE,AEA,EN,Towers with Radar,0,10,16,0,26,0,0,0,0,0,0,10,16,0,26,0,0,0,26
03/26/2013,ILG,DE,AEA,EN,Towers with Radar,1,12,35,10,58,0,1,33,8,42,1,13,68,18,100,46,28,74,174
03/27/2013,ILG,DE,AEA,EN,Towers with Radar,0,13,32,11,56,0,3,17,9,29,0,16,49,20,85,8,4,12,97
03/28/2013,ILG,DE,AEA,EN,Towers with Radar,0,18,42,0,60,0,0,34,9,43,0,18,76,9,103,100,0,100,203
03/29/2013,ILG,DE,AEA,EN,Towers with Radar,0,11,27,0,38,0,0,55,0,55,0,11,82,0,93,26,0,26,119
03/30/2013,ILG,DE,AEA,EN,Towers with Radar,0,8,19,4,31,0,0,79,0,79,0,8,98,4,110,102,0,102,212
03/31/2013,ILG,DE,AEA,EN,Towers with Radar,0,11,25,0,36,0,0,0,0,0,0,11,25,0,36,0,0,0,36
04/01/2013,ILG,DE,AEA,EN,Towers with Radar,0,9,26,2,37,0,0,1,0,1,0,9,27,2,38,0,0,0,38
04/02/2013,ILG,DE,AEA,EN,Towers with Radar,0,8,20,8,36,0,0,30,15,45,0,8,50,23,81,10,22,32,113
04/03/2013,ILG,DE,AEA,EN,Towers with Radar,0,7,30,8,45,0,0,23,20,43,0,7,53,28,88,20,4,24,112
04/04/2013,ILG,DE,AEA,EN,Towers with Radar,0,6,32,1,39,0,1,59,13,73,0,7,91,14,112,90,54,144,256
04/05/2013,ILG,DE,AEA,EN,Towers with Radar,0,11,19,9,39,0,0,29,2,31,0,11,48,11,70,42,0,42,112
04/06/2013,ILG,DE,AEA,EN,Towers with Radar,0,10,22,4,36,0,2,86,5,93,0,12,108,9,129,50,36,86,215
04/07/2013,ILG,DE,AEA,EN,Towers with Radar,0,14,15,2,31,0,0,53,25,78,0,14,68,27,109,90,24,114,223
04/08/2013,ILG,DE,AEA,EN,Towers with Radar,0,4,29,0,33,0,0,39,3,42,0,4,68,3,75,22,0,22,97
04/09/2013,ILG,DE,AEA,EN,Towers with Radar,0,7,27,23,57,0,0,41,12,53,0,7,68,35,110,48,42,90,200
04/10/2013,ILG,DE,AEA,EN,Towers with Radar,0,12,33,9,54,0,0,32,13,45,0,12,65,22,99,86,46,132,231
04/11/2013,ILG,DE,AEA,EN,Towers with Radar,0,12,38,8,58,0,0,36,16,52,0,12,74,24,110,54,24,78,188
04/12/2013,ILG,DE,AEA,EN,Towers with Radar,0,10,32,0,42,0,0,0,0,0,0,10,32,0,42,0,0,0,42
04/13/2013,ILG,DE,AEA,EN,Towers with Radar,0,11,26,0,37,0,1,57,3,61,0,12,83,3,98,68,0,68,166
04/14/2013,ILG,DE,AEA,EN,Towers with Radar,0,5,18,0,23,0,0,57,0,57,0,5,75,0,80,28,0,28,108
04/15/2013,ILG,DE,AEA,EN,Towers with Radar,0,9,36,4,49,0,0,31,2,33,0,9,67,6,82,40,0,40,122
04/16/2013,ILG,DE,AEA,EN,Towers with Radar,0,13,31,14,58,0,0,35,28,63,0,13,66,42,121,92,32,124,245
04/17/2013,ILG,DE,AEA,EN,Towers with Radar,0,10,19,7,36,0,0,62,10,72,0,10,81,17,108,126,22,148,256
04/18/2013,ILG,DE,AEA,EN,Towers with Radar,0,13,27,10,50,0,0,20,3,23,0,13,47,13,73,40,16,56,129
04/19/2013,ILG,DE,AEA,EN,Towers with Radar,0,12,29,4,45,0,0,9,3,12,0,12,38,7,57,16,14,30,87
04/20/2013,ILG,DE,AEA,EN,Towers with Radar,0,9,13,2,24,0,0,2,0,2,0,9,15,2,26,0,0,0,26
04/21/2013,ILG,DE,AEA,EN,Towers with Radar,0,17,25,0,42,0,0,91,0,91,0,17,116,0,133,150,0,150,283
04/22/2013,ILG,DE,AEA,EN,Towers with Radar,0,10,39,6,55,0,0,43,2,45,0,10,82,8,100,50,18,68,168
04/23/2013,ILG,DE,AEA,EN,Towers with Radar,0,5,44,15,64,0,0,32,14,46,0,5,76,29,110,60,14,74,184
04/24/2013,ILG,DE,AEA,EN,Towers with Radar,0,6,38,7,51,0,3,27,18,48,0,9,65,25,99,60,10,70,169
04/25/2013,ILG,DE,AEA,EN,Towers with Radar,0,11,40,3,54,0,0,44,13,57,0,11,84,16,111,64,28,92,203
04/26/2013,ILG,DE,AEA,EN,Towers with Radar,0,10,24,2,36,0,0,63,7,70,0,10,87,9,106,84,6,90,196
04/27/2013,ILG,DE,AEA,EN,Towers with Radar,0,6,10,0,16,0,0,133,0,133,0,6,143,0,149,122,0,122,271
04/28/2013,ILG,DE,AEA,EN,Towers with Radar,0,14,27,1,42,0,0,73,0,73,0,14,100,1,115,76,0,76,191
04/29/2013,ILG,DE,AEA,EN,Towers with Radar,0,6,34,3,43,0,0,2,0,2,0,6,36,3,45,0,0,0,45
04/30/2013,ILG,DE,AEA,EN,Towers with Radar,0,13,31,4,48,0,0,33,8,41,0,13,64,12,89,84,4,88,177
05/01/2013,ILG,DE,AEA,EN,Towers with Radar,0,10,26,5,41,0,0,51,11,62,0,10,77,16,103,52,0,52,155
05/02/2013,ILG,DE,AEA,EN,Towers with Radar,0,16,34,7,57,0,0,61,15,76,0,16,95,22,133,62,20,82,215
05/03/2013,ILG,DE,AEA,EN,Towers with Radar,0,15,25,2,42,0,0,27,12,39,0,15,52,14,81,58,8,66,147
05/04/2013,ILG,DE,AEA,EN,Towers with Radar,0,8,10,2,20,0,0,69,4,73,0,8,79,6,93,50,6,56,149
05/05/2013,ILG,DE,AEA,EN,Towers with Radar,0,17,20,1,38,0,2,65,5,72,0,19,85,6,110,32,4,36,146
05/06/2013,ILG,DE,AEA,EN,Towers with Radar,0,10,47,4,61,0,0,13,1,14,0,10,60,5,75,40,0,40,115
05/07/2013,ILG,DE,AEA,EN,Towers with Radar,0,9,22,2,33,0,0,4,11,15,0,9,26,13,48,10,32,42,90
05/08/2013,ILG,DE,AEA,EN,Towers with Radar,0,13,27,5,45,0,0,5,4,9,0,13,32,9,54,16,0,16,70
05/09/2013,ILG,DE,AEA,EN,Towers with Radar,0,17,27,3,47,0,1,13,16,30,0,18,40,19,77,30,36,66,143
05/10/2013,ILG,DE,AEA,EN,Towers with Radar,0,13,40,6,59,0,1,73,4,78,0,14,113,10,137,66,0,66,203
05/11/2013,ILG,DE,AEA,EN,Towers with Radar,0,14,12,1,27,0,0,9,0,9,0,14,21,1,36,16,0,16,52
05/12/2013,ILG,DE,AEA,EN,Towers with Radar,0,8,16,0,24,0,0,26,0,26,0,8,42,0,50,20,0,20,70
05/13/2013,ILG,DE,AEA,EN,Towers with Radar,0,14,17,0,31,0,0,29,1,30,0,14,46,1,61,32,0,32,93
05/14/2013,ILG,DE,AEA,EN,Towers with Radar,0,7,41,6,54,0,1,57,9,67,0,8,98,15,121,52,0,52,173
05/15/2013,ILG,DE,AEA,EN,Towers with Radar,0,11,60,0,71,0,0,42,11,53,0,11,102,11,124,94,0,94,218
05/16/2013,ILG,DE,AEA,EN,Towers with Radar,0,21,18,6,45,0,9,33,24,66,0,30,51,30,111,8,26,34,145
05/17/2013,ILG,DE,AEA,EN,Towers with Radar,0,10,22,6,38,0,1,48,2,51,0,11,70,8,89,30,0,30,119
05/18/2013,ILG,DE,AEA,EN,Towers with Radar,0,4,11,0,15,0,4,58,0,62,0,8,69,0,77,28,0,28,105
05/19/2013,ILG,DE,AEA,EN,Towers with Radar,0,6,32,0,38,0,0,0,0,0,0,6,32,0,38,0,0,0,38
05/20/2013,ILG,DE,AEA,EN,Towers with Radar,0,8,34,2,44,0,0,10,9,19,0,8,44,11,63,44,10,54,117
05/21/2013,ILG,DE,AEA,EN,Towers with Radar,0,13,29,4,46,0,0,25,13,38,0,13,54,17,84,58,0,58,142
05/22/2013,ILG,DE,AEA,EN,Towers with Radar,0,13,34,9,56,0,0,5,0,5,0,13,39,9,61,0,0,0,61
05/23/2013,ILG,DE,AEA,EN,Towers with Radar,0,5,35,7,47,0,0,12,3,15,0,5,47,10,62,0,0,0,62
05/24/2013,ILG,DE,AEA,EN,Towers with Radar,0,17,35,2,54,0,0,2,0,2,0,17,37,2,56,0,0,0,56
05/25/2013,ILG,DE,AEA,EN,Towers with Radar,0,6,17,0,23,0,0,1,0,1,0,6,18,0,24,8,0,8,32
05/26/2013,ILG,DE,AEA,EN,Towers with Radar,0,8,21,2,31,0,0,54,1,55,0,8,75,3,86,42,0,42,128
05/27/2013,ILG,DE,AEA,EN,Towers with Radar,0,9,21,0,30,0,0,74,0,74,0,9,95,0,104,100,0,100,204
05/28/2013,ILG,DE,AEA,EN,Towers with Radar,0,14,28,0,42,0,1,11,14,26,0,15,39,14,68,0,43,43,111
05/29/2013,ILG,DE,AEA,EN,Towers with Radar,0,16,39,11,66,0,0,50,13,63,0,16,89,24,129,26,0,26,155
05/30/2013,ILG,DE,AEA,EN,Towers with Radar,0,11,52,3,66,0,1,60,20,81,0,12,112,23,147,86,10,96,243
05/31/2013,ILG,DE,AEA,EN,Towers with Radar,0,9,24,0,33,0,1,51,4,56,0,10,75,4,89,44,0,44,133
06/01/2013,ILG,DE,AEA,EN,Towers with Radar,0,5,19,5,29,0,0,72,18,90,0,5,91,23,119,72,20,92,211
06/02/2013,ILG,DE,AEA,EN,Towers with Radar,0,9,35,5,49,0,0,47,3,50,0,9,82,8,99,66,0,66,165
06/03/2013,ILG,DE,AEA,EN,Towers with Radar,0,10,32,4,46,0,0,13,3,16,0,10,45,7,62,0,14,14,76
06/04/2013,ILG,DE,AEA,EN,Towers with Radar,0,12,30,3,45,0,0,81,8,89,0,12,111,11,134,38,44,82,216
06/05/2013,ILG,DE,AEA,EN,Towers with Radar,0,12,40,9,61,0,0,61,13,74,0,12,101,22,135,124,44,168,303
06/06/2013,ILG,DE,AEA,EN,Towers with Radar,0,11,33,4,48,0,3,32,26,61,0,14,65,30,109,44,42,86,195
06/07/2013,ILG,DE,AEA,EN,Towers with Radar,0,6,20,2,28,0,0,0,0,0,0,6,20,2,28,0,0,0,28
06/08/2013,ILG,DE,AEA,EN,Towers with Radar,0,4,13,0,17,0,0,3,0,3,0,4,16,0,20,4,0,4,24
06/09/2013,ILG,DE,AEA,EN,Towers with Radar,0,4,27,0,31,0,0,86,0,86,0,4,113,0,117,152,0,152,269
06/10/2013,ILG,DE,AEA,EN,Towers with Radar,0,7,36,0,43,0,0,1,0,1,0,7,37,0,44,0,0,0,44
06/11/2013,ILG,DE,AEA,EN,Towers with Radar,0,4,25,1,30,0,0,18,12,30,0,4,43,13,60,20,10,30,90
06/12/2013,ILG,DE,AEA,EN,Towers with Radar,0,8,29,14,51,0,2,42,16,60,0,10,71,30,111,70,62,132,243
06/13/2013,ILG,DE,AEA,EN,Towers with Radar,0,7,17,0,24,0,0,6,7,13,0,7,23,7,37,2,12,14,51
06/14/2013,ILG,DE,AEA,EN,Towers with Radar,0,7,27,2,36,0,0,27,5,32,0,7,54,7,68,46,34,80,148
06/15/2013,ILG,DE,AEA,EN,Towers with Radar,0,8,11,0,19,0,0,88,0,88,0,8,99,0,107,106,0,106,213
06/16/2013,ILG,DE,AEA,EN,Towers with Radar,0,6,22,2,30,0,0,52,0,52,0,6,74,2,82,40,0,40,122
06/17/2013,ILG,DE,AEA,EN,Towers with Radar,0,6,42,8,56,0,0,20,2,22,0,6,62,10,78,58,32,90,168
06/18/2013,ILG,DE,AEA,EN,Towers with Radar,0,14,28,3,45,0,0,14,2,16,0,14,42,5,61,0,0,0,61
06/19/2013,ILG,DE,AEA,EN,Towers with Radar,0,16,50,17,83,0,1,48,15,64,0,17,98,32,147,174,20,194,341
06/20/2013,ILG,DE,AEA,EN,Towers with Radar,0,11,47,7,65,0,0,68,22,90,0,11,115,29,155,64,16,80,235
06/21/2013,ILG,DE,AEA,EN,Towers with Radar,0,10,33,4,47,0,3,90,3,96,0,13,123,7,143,100,26,126,269
06/22/2013,ILG,DE,AEA,EN,Towers with Radar,0,1,12,1,14,0,0,94,0,94,0,1,106,1,108,26,0,26,134
06/23/2013,ILG,DE,AEA,EN,Towers with Radar,0,11,32,0,43,0,0,54,0,54,0,11,86,0,97,16,0,16,113
06/24/2013,ILG,DE,AEA,EN,Towers with Radar,0,4,28,0,32,0,0,28,0,28,0,4,56,0,60,64,0,64,124
06/25/2013,ILG,DE,AEA,EN,Towers with Radar,0,8,20,9,37,0,0,49,10,59,0,8,69,19,96,34,8,42,138
06/26/2013,ILG,DE,AEA,EN,Towers with Radar,2,11,28,0,41,0,2,42,9,53,2,13,70,9,94,96,30,126,220
06/27/2013,ILG,DE,AEA,EN,Towers with Radar,0,10,32,0,42,0,0,17,7,24,0,10,49,7,66,0,12,12,78
06/28/2013,ILG,DE,AEA,EN,Towers with Radar,0,9,23,3,35,0,2,21,9,32,0,11,44,12,67,50,0,50,117
06/29/2013,ILG,DE,AEA,EN,Towers with Radar,0,6,23,1,30,0,0,43,8,51,0,6,66,9,81,62,18,80,161
06/30/2013,ILG,DE,AEA,EN,Towers with Radar,1,7,15,1,24,0,0,7,3,10,1,7,22,4,34,0,0,0,34
07/01/2013,ILG,DE,AEA,EN,Towers with Radar,4,3,20,14,41,0,0,4,1,5,4,3,24,15,46,22,10,32,78
07/02/2013,ILG,DE,AEA,EN,Towers with Radar,4,11,25,7,47,0,0,7,16,23,4,11,32,23,70,22,32,54,124
07/03/2013,ILG,DE,AEA,EN,Towers with Radar,4,7,35,12,58,0,1,16,8,25,4,8,51,20,83,60,10,70,153
07/04/2013,ILG,DE,AEA,EN,Towers with Radar,4,4,34,0,42,0,0,30,8,38,4,4,64,8,80,58,0,58,138
07/05/2013,ILG,DE,AEA,EN,Towers with Radar,4,3,14,0,21,0,0,49,0,49,4,3,63,0,70,40,0,40,110
07/06/2013,ILG,DE,AEA,EN,Towers with Radar,4,3,8,1,16,0,0,67,0,67,4,3,75,1,83,58,0,58,141
07/07/2013,ILG,DE,AEA,EN,Towers with Radar,4,10,35,4,53,0,0,62,0,62,4,10,97,4,115,30,0,30,145
07/08/2013,ILG,DE,AEA,EN,Towers with Radar,4,8,29,4,45,0,0,27,21,48,4,8,56,25,93,66,14,80,173
07/09/2013,ILG,DE,AEA,EN,Towers with Radar,4,5,45,8,62,0,0,42,13,55,4,5,87,21,117,110,26,136,253
07/10/2013,ILG,DE,AEA,EN,Towers with Radar,3,9,29,11,52,0,5,25,8,38,3,14,54,19,90,110,52,162,252
07/11/2013,ILG,DE,AEA,EN,Towers with Radar,4,11,32,3,50,0,0,25,14,39,4,11,57,17,89,64,38,102,191
07/12/2013,ILG,DE,AEA,EN,Towers with Radar,4,13,29,5,51,0,0,6,7,13,4,13,35,12,64,0,6,6,70
07/13/2013,ILG,DE,AEA,EN,Towers with Radar,4,2,25,2,33,0,0,16,10,26,4,2,41,12,59,20,0,20,79
07/14/2013,ILG,DE,AEA,EN,Towers with Radar,3,9,30,5,47,0,2,32,0,34,3,11,62,5,81,54,6,60,141
07/15/2013,ILG,DE,AEA,EN,Towers with Radar,5,16,42,4,67,0,0,59,6,65,5,16,101,10,132,64,36,100,232
07/16/2013,ILG,DE,AEA,EN,Towers with Radar,4,12,28,4,48,0,0,69,14,83,4,12,97,18,131,48,86,134,265
07/17/2013,ILG,DE,AEA,EN,Towers with Radar,4,2,26,3,35,0,0,51,13,64,4,2,77,16,99,94,22,116,215
07/18/2013,ILG,DE,AEA,EN,Towers with Radar,4,13,37,4,58,0,2,32,22,56,4,15,69,26,114,48,16,64,178
07/19/2013,ILG,DE,AEA,EN,Towers with Radar,4,14,26,2,46,0,0,46,5,51,4,14,72,7,97,22,0,22,119
07/20/2013,ILG,DE,AEA,EN,Towers with Radar,4,10,29,2,45,0,0,40,0,40,4,10,69,2,85,14,0,14,99
07/21/2013,ILG,DE,AEA,EN,Towers with Radar,4,13,42,1,60,0,0,65,0,65,4,13,107,1,125,100,0,100,225
07/22/2013,ILG,DE,AEA,EN,Towers with Radar,4,10,22,0,36,0,0,36,2,38,4,10,58,2,74,100,0,100,174
07/23/2013,ILG,DE,AEA,EN,Towers with Radar,4,11,21,4,40,0,0,17,10,27,4,11,38,14,67,37,26,63,130
07/24/2013,ILG,DE,AEA,EN,Towers with Radar,4,19,39,7,69,0,0,68,11,79,4,19,107,18,148,158,30,188,336
07/25/2013,ILG,DE,AEA,EN,Towers with Radar,4,11,30,5,50,0,2,35,1,38,4,13,65,6,88,60,20,80,168
07/26/2013,ILG,DE,AEA,EN,Towers with Radar,4,7,28,2,41,0,0,75,4,79,4,7,103,6,120,112,16,128,248
07/27/2013,ILG,DE,AEA,EN,Towers with Radar,4,5,24,0,33,0,7,64,0,71,4,12,88,0,104,44,0,44,148
07/28/2013,ILG,DE,AEA,EN,Towers with Radar,4,13,17,0,34,0,0,18,0,18,4,13,35,0,52,18,0,18,70
07/29/2013,ILG,DE,AEA,EN,Towers with Radar,4,4,46,7,61,0,0,46,5,51,4,4,92,12,112,48,26,74,186
07/30/2013,ILG,DE,AEA,EN,Towers with Radar,4,6,19,6,35,0,1,51,7,59,4,7,70,13,94,87,30,117,211
07/31/2013,ILG,DE,AEA,EN,Towers with Radar,5,13,42,1,61,0,0,72,11,83,5,13,114,12,144,140,42,182,326
08/01/2013,ILG,DE,AEA,EN,Towers with Radar,4,13,30,3,50,0,0,1,8,9,4,13,31,11,59,0,4,4,63
08/02/2013,ILG,DE,AEA,EN,Towers with Radar,4,15,34,3,56,0,0,42,2,44,4,15,76,5,100,62,0,62,162
08/03/2013,ILG,DE,AEA,EN,Towers with Radar,4,3,16,3,26,0,0,31,1,32,4,3,47,4,58,20,0,20,78
08/04/2013,ILG,DE,AEA,EN,Towers with Radar,4,9,25,5,43,0,0,41,12,53,4,9,66,17,96,38,38,76,172
08/05/2013,ILG,DE,AEA,EN,Towers with Radar,4,8,30,2,44,0,0,50,0,50,4,8,80,2,94,64,0,64,158
08/06/2013,ILG,DE,AEA,EN,Towers with Radar,5,26,47,14,92,0,0,20,9,29,5,26,67,23,121,56,62,118,239
08/07/2013,ILG,DE,AEA,EN,Towers with Radar,8,16,32,16,72,0,0,6,11,17,8,16,38,27,89,16,16,32,121
08/08/2013,ILG,DE,AEA,EN,Towers with Radar,4,12,52,19,87,0,0,17,4,21,4,12,69,23,108,50,18,68,176
08/09/2013,ILG,DE,AEA,EN,Towers with Radar,4,12,35,1,52,0,0,12,4,16,4,12,47,5,68,20,18,38,106
08/10/2013,ILG,DE,AEA,EN,Towers with Radar,4,10,41,0,55,0,1,75,0,76,4,11,116,0,131,104,0,104,235
08/11/2013,ILG,DE,AEA,EN,Towers with Radar,4,15,39,0,58,0,1,59,0,60,4,16,98,0,118,34,0,34,152
08/12/2013,ILG,DE,AEA,EN,Towers with Radar,4,2,39,14,59,0,0,30,18,48,4,2,69,32,107,6,36,42,149
08/13/2013,ILG,DE,AEA,EN,Towers with Radar,5,6,28,3,42,0,0,8,19,27,5,6,36,22,69,50,56,106,175
08/14/2013,ILG,DE,AEA,EN,Towers with Radar,4,9,37,5,55,0,0,38,12,50,4,9,75,17,105,64,22,86,191
08/15/2013,ILG,DE,AEA,EN,Towers with Radar,4,13,40,8,65,0,0,76,11,87,4,13,116,19,152,100,62,162,314
08/16/2013,ILG,DE,AEA,EN,Towers with Radar,4,4,36,7,51,0,3,51,6,60,4,7,87,13,111,52,56,108,219
08/17/2013,ILG,DE,AEA,EN,Towers with Radar,5,6,19,0,30,0,0,129,5,134,5,6,148,5,164,154,0,154,318
08/18/2013,ILG,DE,AEA,EN,Towers with Radar,4,15,21,1,41,0,0,38,0,38,4,15,59,1,79,8,0,8,87
08/19/2013,ILG,DE,AEA,EN,Towers with Radar,4,2,38,2,46,0,0,43,4,47,4,2,81,6,93,54,0,54,147
08/20/2013,ILG,DE,AEA,EN,Towers with Radar,4,3,39,6,52,0,0,61,11,72,4,3,100,17,124,146,20,166,290
08/21/2013,ILG,DE,AEA,EN,Towers with Radar,5,4,53,16,78,0,0,35,12,47,5,4,88,28,125,162,40,202,327
08/22/2013,ILG,DE,AEA,EN,Towers with Radar,4,9,25,8,46,0,0,19,9,28,4,9,44,17,74,48,102,150,224
08/23/2013,ILG,DE,AEA,EN,Towers with Radar,4,7,22,5,38,0,0,52,7,59,4,7,74,12,97,26,30,56,153
08/24/2013,ILG,DE,AEA,EN,Towers with Radar,4,4,12,0,20,0,1,113,0,114,4,5,125,0,134,80,0,80,214
08/25/2013,ILG,DE,AEA,EN,Towers with Radar,4,11,46,2,63,0,0,103,0,103,4,11,149,2,166,126,0,126,292
08/26/2013,ILG,DE,AEA,EN,Towers with Radar,4,9,29,2,44,0,0,50,5,55,4,9,79,7,99,42,16,58,157
08/27/2013,ILG,DE,AEA,EN,Towers with Radar,4,5,37,11,57,0,0,49,12,61,4,5,86,23,118,30,26,56,174
08/28/2013,ILG,DE,AEA,EN,Towers with Radar,5,11,45,4,65,0,0,11,2,13,5,11,56,6,78,51,8,59,137
08/29/2013,ILG,DE,AEA,EN,Towers with Radar,5,6,55,3,69,0,1,22,0,23,5,7,77,3,92,70,4,74,166
08/30/2013,ILG,DE,AEA,EN,Towers with Radar,4,3,30,0,37,0,0,44,0,44,4,3,74,0,81,6,0,6,87
08/31/2013,ILG,DE,AEA,EN,Towers with Radar,1,5,12,1,19,0,1,37,0,38,1,6,49,1,57,30,0,30,87
09/01/2013,ILG,DE,AEA,EN,Towers with Radar,6,3,17,0,26,0,0,42,0,42,6,3,59,0,68,50,0,50,118
09/02/2013,ILG,DE,AEA,EN,Towers with Radar,4,1,20,0,25,0,0,11,0,11,4,1,31,0,36,28,0,28,64
09/03/2013,ILG,DE,AEA,EN,Towers with Radar,4,6,25,8,43,0,0,47,8,55,4,6,72,16,98,24,42,66,164
09/04/2013,ILG,DE,AEA,EN,Towers with Radar,4,9,30,6,49,0,0,63,9,72,4,9,93,15,121,230,18,248,369
09/05/2013,ILG,DE,AEA,EN,Towers with Radar,4,11,48,2,65,0,0,69,7,76,4,11,117,9,141,96,48,144,285
09/06/2013,ILG,DE,AEA,EN,Towers with Radar,4,4,22,0,30,0,0,84,2,86,4,4,106,2,116,122,14,136,252
09/07/2013,ILG,DE,AEA,EN,Towers with Radar,6,9,18,0,33,0,0,76,6,82,6,9,94,6,115,87,0,87,202
09/08/2013,ILG,DE,AEA,EN,Towers with Radar,6,5,24,2,37,0,0,62,2,64,6,5,86,4,101,92,0,92,193
09/09/2013,ILG,DE,AEA,EN,Towers with Radar,4,3,22,8,37,0,0,77,13,90,4,3,99,21,127,64,0,64,191
09/10/2013,ILG,DE,AEA,EN,Towers with Radar,4,8,22,10,44,0,0,23,10,33,4,8,45,20,77,90,50,140,217
09/11/2013,ILG,DE,AEA,EN,Towers with Radar,5,15,43,5,68,0,0,71,4,75,5,15,114,9,143,130,16,146,289
09/12/2013,ILG,DE,AEA,EN,Towers with Radar,3,10,30,2,45,0,0,14,5,19,3,10,44,7,64,22,14,36,100
09/13/2013,ILG,DE,AEA,EN,Towers with Radar,4,7,29,0,40,0,0,41,4,45,4,7,70,4,85,102,0,102,187
09/14/2013,ILG,DE,AEA,EN,Towers with Radar,3,7,19,0,29,0,0,69,0,69,3,7,88,0,98,20,0,20,118
09/15/2013,ILG,DE,AEA,EN,Towers with Radar,7,9,28,1,45,0,0,63,3,66,7,9,91,4,111,68,0,68,179
09/16/2013,ILG,DE,AEA,EN,Towers with Radar,4,19,33,1,57,0,0,36,0,36,4,19,69,1,93,112,0,112,205
09/17/2013,ILG,DE,AEA,EN,Towers with Radar,4,14,44,15,77,0,0,67,4,71,4,14,111,19,148,132,16,148,296
09/18/2013,ILG,DE,AEA,EN,Towers with Radar,5,9,39,7,60,0,6,104,10,120,5,15,143,17,180,76,12,88,268
09/19/2013,ILG,DE,AEA,EN,Towers with Radar,4,3,44,8,59,0,1,58,5,64,4,4,102,13,123,50,26,76,199
09/20/2013,ILG,DE,AEA,EN,Towers with Radar,5,11,31,7,54,0,0,54,6,60,5,11,85,13,114,122,8,130,244
09/21/2013,ILG,DE,AEA,EN,Towers with Radar,4,3,13,4,24,0,0,37,8,45,4,3,50,12,69,40,12,52,121
09/22/2013,ILG,DE,AEA,EN,Towers with Radar,4,7,22,0,33,0,1,57,1,59,4,8,79,1,92,28,0,28,120
09/23/2013,ILG,DE,AEA,EN,Towers with Radar,4,9,39,6,58,0,0,42,1,43,4,9,81,7,101,32,6,38,139
09/24/2013,ILG,DE,AEA,EN,Towers with Radar,4,10,40,5,59,0,0,55,3,58,4,10,95,8,117,94,8,102,219
09/25/2013,ILG,DE,AEA,EN,Towers with Radar,4,10,42,4,60,0,2,68,7,77,4,12,110,11,137,18,40,58,195
09/26/2013,ILG,DE,AEA,EN,Towers with Radar,4,11,71,8,94,0,1,49,11,61,4,12,120,19,155,98,102,200,355
09/27/2013,ILG,DE,AEA,EN,Towers with Radar,4,11,32,0,47,0,0,49,2,51,4,11,81,2,98,75,0,75,173
09/28/2013,ILG,DE,AEA,EN,Towers with Radar,4,6,43,2,55,0,0,75,0,75,4,6,118,2,130,102,2,104,234
09/29/2013,ILG,DE,AEA,EN,Towers with Radar,4,7,37,0,48,0,3,67,2,72,4,10,104,2,120,188,0,188,308
09/30/2013,ILG,DE,AEA,EN,Towers with Radar,4,10,43,0,57,0,3,56,0,59,4,13,99,0,116,76,0,76,192
10/01/2013,ILG,DE,AEA,EN,Towers with Radar,4,5,32,4,45,0,0,62,1,63,4,5,94,5,108,86,6,92,200
10/02/2013,ILG,DE,AEA,EN,Towers with Radar,2,8,44,1,55,0,0,58,1,59,2,8,102,2,114,74,0,74,188
10/03/2013,ILG,DE,AEA,EN,Towers with Radar,4,14,36,11,65,0,0,35,2,37,4,14,71,13,102,92,6,98,200
10/04/2013,ILG,DE,AEA,EN,Towers with Radar,6,5,33,2,46,0,0,41,2,43,6,5,74,4,89,128,6,134,223
10/05/2013,ILG,DE,AEA,EN,Towers with Radar,7,10,26,0,43,0,0,94,0,94,7,10,120,0,137,83,0,83,220
10/06/2013,ILG,DE,AEA,EN,Towers with Radar,4,6,37,0,47,0,1,34,0,35,4,7,71,0,82,32,0,32,114
10/07/2013,ILG,DE,AEA,EN,Towers with Radar,2,15,29,1,47,0,1,2,4,7,2,16,31,5,54,10,0,10,64
10/08/2013,ILG,DE,AEA,EN,Towers with Radar,4,11,37,4,56,0,2,45,2,49,4,13,82,6,105,126,0,126,231
10/09/2013,ILG,DE,AEA,EN,Towers with Radar,3,17,37,0,57,0,1,26,4,31,3,18,63,4,88,74,18,92,180
10/10/2013,ILG,DE,AEA,EN,Towers with Radar,4,5,26,0,35,0,0,3,0,3,4,5,29,0,38,0,0,0,38
10/11/2013,ILG,DE,AEA,EN,Towers with Radar,2,9,27,0,38,0,0,1,0,1,2,9,28,0,39,0,0,0,39
10/12/2013,ILG,DE,AEA,EN,Towers with Radar,4,8,13,0,25,0,0,15,0,15,4,8,28,0,40,22,0,22,62
10/13/2013,ILG,DE,AEA,EN,Towers with Radar,4,9,26,0,39,0,0,27,0,27,4,9,53,0,66,76,0,76,142
10/14/2013,ILG,DE,AEA,EN,Towers with Radar,2,16,37,0,55,0,1,52,1,54,2,17,89,1,109,58,0,58,167
10/15/2013,ILG,DE,AEA,EN,Towers with Radar,6,21,43,7,77,0,1,71,9,81,6,22,114,16,158,82,22,104,262
10/16/2013,ILG,DE,AEA,EN,Towers with Radar,2,9,42,7,60,0,0,15,3,18,2,9,57,10,78,88,50,138,216
10/17/2013,ILG,DE,AEA,EN,Towers with Radar,4,8,24,2,38,0,0,11,2,13,4,8,35,4,51,68,10,78,129
10/18/2013,ILG,DE,AEA,EN,Towers with Radar,2,17,31,2,52,0,2,71,3,76,2,19,102,5,128,40,0,40,168
10/19/2013,ILG,DE,AEA,EN,Towers with Radar,4,4,21,0,29,0,0,57,0,57,4,4,78,0,86,130,0,130,216
10/20/2013,ILG,DE,AEA,EN,Towers with Radar,4,14,24,3,45,0,0,65,0,65,4,14,89,3,110,82,0,82,192
10/21/2013,ILG,DE,AEA,EN,Towers with Radar,2,10,34,0,46,0,4,70,6,80,2,14,104,6,126,24,0,24,150
10/22/2013,ILG,DE,AEA,EN,Towers with Radar,4,8,51,14,77,0,1,53,15,69,4,9,104,29,146,82,25,107,253
10/23/2013,ILG,DE,AEA,EN,Towers with Radar,2,12,33,9,56,0,1,39,25,65,2,13,72,34,121,94,100,194,315
10/24/2013,ILG,DE,AEA,EN,Towers with Radar,4,15,49,4,72,0,0,42,13,55,4,15,91,17,127,82,40,122,249
10/25/2013,ILG,DE,AEA,EN,Towers with Radar,2,13,39,11,65,0,0,51,5,56,2,13,90,16,121,72,40,112,233
10/26/2013,ILG,DE,AEA,EN,Towers with Radar,5,7,12,0,24,0,2,59,0,61,5,9,71,0,85,46,0,46,131
10/27/2013,ILG,DE,AEA,EN,Towers with Radar,4,9,38,0,51,0,0,63,0,63,4,9,101,0,114,50,0,50,164
10/28/2013,ILG,DE,AEA,EN,Towers with Radar,2,12,35,4,53,0,3,56,0,59,2,15,91,4,112,34,0,34,146
10/29/2013,ILG,DE,AEA,EN,Towers with Radar,4,14,58,9,85,0,4,55,14,73,4,18,113,23,158,36,36,72,230
10/30/2013,ILG,DE,AEA,EN,Towers with Radar,3,19,57,15,94,0,0,13,12,25,3,19,70,27,119,14,0,14,133
10/31/2013,ILG,DE,AEA,EN,Towers with Radar,5,12,28,7,52,0,0,12,0,12,5,12,40,7,64,12,0,12,76
11/01/2013,ILG,DE,AEA,EN,Towers with Radar,2,2,21,2,27,0,0,14,0,14,2,2,35,2,41,18,0,18,59
11/02/2013,ILG,DE,AEA,EN,Towers with Radar,5,10,28,10,53,0,2,71,2,75,5,12,99,12,128,56,4,60,188
11/03/2013,ILG,DE,AEA,EN,Towers with Radar,4,12,34,9,59,0,0,54,3,57,4,12,88,12,116,38,12,50,166
11/04/2013,ILG,DE,AEA,EN,Towers with Radar,2,13,21,6,42,0,1,33,12,46,2,14,54,18,88,42,22,64,152
11/05/2013,ILG,DE,AEA,EN,Towers with Radar,5,16,30,9,60,0,7,26,27,60,5,23,56,36,120,56,56,112,232
11/06/2013,ILG,DE,AEA,EN,Towers with Radar,3,17,43,6,69,0,0,47,29,76,3,17,90,35,145,82,108,190,335
11/07/2013,ILG,DE,AEA,EN,Towers with Radar,4,9,38,6,57,0,0,2,0,2,4,9,40,6,59,36,0,36,95
11/08/2013,ILG,DE,AEA,EN,Towers with Radar,2,18,34,2,56,0,2,26,2,30,2,20,60,4,86,104,0,104,190
11/09/2013,ILG,DE,AEA,EN,Towers with Radar,7,10,66,0,83,0,0,76,1,77,7,10,142,1,160,204,0,204,364
11/10/2013,ILG,DE,AEA,EN,Towers with Radar,8,17,46,5,76,0,0,31,0,31,8,17,77,5,107,88,0,88,195
11/11/2013,ILG,DE,AEA,EN,Towers with Radar,4,3,63,0,70,0,1,50,0,51,4,4,113,0,121,102,0,102,223
11/12/2013,ILG,DE,AEA,EN,Towers with Radar,4,10,25,10,49,0,0,19,16,35,4,10,44,26,84,60,66,126,210
11/13/2013,ILG,DE,AEA,EN,Towers with Radar,2,8,40,6,56,0,1,18,17,36,2,9,58,23,92,31,56,87,179
11/14/2013,ILG,DE,AEA,EN,Towers with Radar,4,12,50,4,70,0,1,16,6,23,4,13,66,10,93,60,10,70,163
11/15/2013,ILG,DE,AEA,EN,Towers with Radar,4,8,25,4,41,0,0,85,0,85,4,8,110,4,126,189,16,205,331
11/16/2013,ILG,DE,AEA,EN,Towers with Radar,4,4,15,1,24,0,0,45,0,45,4,4,60,1,69,122,0,122,191
11/17/2013,ILG,DE,AEA,EN,Towers with Radar,4,6,29,6,45,0,0,30,2,32,4,6,59,8,77,94,6,100,177
11/18/2013,ILG,DE,AEA,EN,Towers with Radar,4,5,23,11,43,0,1,16,6,23,4,6,39,17,66,54,0,54,120
11/19/2013,ILG,DE,AEA,EN,Towers with Radar,2,10,33,6,51,0,0,26,16,42,2,10,59,22,93,5,62,67,160
11/20/2013,ILG,DE,AEA,EN,Towers with Radar,5,10,42,7,64,0,4,63,8,75,5,14,105,15,139,88,36,124,263
11/21/2013,ILG,DE,AEA,EN,Towers with Radar,4,19,50,7,80,0,0,40,6,46,4,19,90,13,126,108,74,182,308
11/22/2013,ILG,DE,AEA,EN,Towers with Radar,4,7,34,4,49,0,0,31,1,32,4,7,65,5,81,48,42,90,171
11/23/2013,ILG,DE,AEA,EN,Towers with Radar,4,4,21,0,29,0,0,47,0,47,4,4,68,0,76,58,0,58,134
11/24/2013,ILG,DE,AEA,EN,Towers with Radar,8,4,12,0,24,0,0,4,0,4,8,4,16,0,28,60,0,60,88
11/25/2013,ILG,DE,AEA,EN,Towers with Radar,5,12,50,3,70,0,2,50,8,60,5,14,100,11,130,28,34,62,192
11/26/2013,ILG,DE,AEA,EN,Towers with Radar,8,24,27,2,61,0,1,2,6,9,8,25,29,8,70,0,26,26,96
11/27/2013,ILG,DE,AEA,EN,Towers with Radar,4,2,21,0,27,0,0,2,0,2,4,2,23,0,29,4,0,4,33
11/28/2013,ILG,DE,AEA,EN,Towers with Radar,4,9,11,0,24,0,0,10,0,10,4,9,21,0,34,28,0,28,62
11/29/2013,ILG,DE,AEA,EN,Towers with Radar,2,9,23,0,34,0,1,60,0,61,2,10,83,0,95,102,0,102,197
11/30/2013,ILG,DE,AEA,EN,Towers with Radar,4,6,30,0,40,0,0,56,1,57,4,6,86,1,97,96,0,96,193
12/01/2013,ILG,DE,AEA,EN,Towers with Radar,11,12,38,2,63,0,0,57,0,57,11,12,95,2,120,24,0,24,144
12/02/2013,ILG,DE,AEA,EN,Towers with Radar,3,13,33,0,49,0,0,39,8,47,3,13,72,8,96,94,28,122,218
12/03/2013,ILG,DE,AEA,EN,Towers with Radar,6,19,64,7,96,0,1,67,1,69,6,20,131,8,165,10,20,30,195
12/04/2013,ILG,DE,AEA,EN,Towers with Radar,4,10,53,8,75,0,0,46,3,49,4,10,99,11,124,138,28,166,290
12/05/2013,ILG,DE,AEA,EN,Towers with Radar,4,11,30,9,54,0,0,0,8,8,4,11,30,17,62,16,0,16,78
12/06/2013,ILG,DE,AEA,EN,Towers with Radar,4,3,22,2,31,0,0,1,0,1,4,3,23,2,32,36,0,36,68
12/07/2013,ILG,DE,AEA,EN,Towers with Radar,4,7,27,12,50,0,0,66,2,68,4,7,93,14,118,60,0,60,178
12/08/2013,ILG,DE,AEA,EN,Towers with Radar,4,4,21,0,29,0,0,13,0,13,4,4,34,0,42,42,0,42,84
12/09/2013,ILG,DE,AEA,EN,Towers with Radar,5,25,45,1,76,0,1,0,0,1,5,26,45,1,77,0,0,0,77
12/10/2013,ILG,DE,AEA,EN,Towers with Radar,4,11,20,0,35,0,2,1,0,3,4,13,21,0,38,2,0,2,40
12/11/2013,ILG,DE,AEA,EN,Towers with Radar,4,5,38,6,53,0,0,45,6,51,4,5,83,12,104,24,0,24,128
12/12/2013,ILG,DE,AEA,EN,Towers with Radar,4,11,42,1,58,0,0,26,9,35,4,11,68,10,93,56,0,56,149
12/13/2013,ILG,DE,AEA,EN,Towers with Radar,4,20,37,12,73,0,1,27,11,39,4,21,64,23,112,64,0,64,176
12/14/2013,ILG,DE,AEA,EN,Towers with Radar,4,7,8,0,19,0,0,10,1,11,4,7,18,1,30,24,0,24,54
12/15/2013,ILG,DE,AEA,EN,Towers with Radar,5,9,15,2,31,0,1,22,2,25,5,10,37,4,56,30,0,30,86
12/16/2013,ILG,DE,AEA,EN,Towers with Radar,4,19,39,2,64,0,5,31,9,45,4,24,70,11,109,48,66,114,223
12/17/2013,ILG,DE,AEA,EN,Towers with Radar,4,12,28,7,51,0,0,5,7,12,4,12,33,14,63,0,26,26,89
12/18/2013,ILG,DE,AEA,EN,Towers with Radar,6,11,31,1,49,0,1,41,10,52,6,12,72,11,101,32,64,96,197
12/19/2013,ILG,DE,AEA,EN,Towers with Radar,4,11,30,8,53,0,0,24,7,31,4,11,54,15,84,112,50,162,246
12/20/2013,ILG,DE,AEA,EN,Towers with Radar,4,8,37,5,54,0,0,64,5,69,4,8,101,10,123,170,46,216,339
12/21/2013,ILG,DE,AEA,EN,Towers with Radar,5,9,32,0,46,0,0,59,1,60,5,9,91,1,106,52,0,52,158
12/22/2013,ILG,DE,AEA,EN,Towers with Radar,4,6,24,0,34,0,0,7,0,7,4,6,31,0,41,18,0,18,59
12/23/2013,ILG,DE,AEA,EN,Towers with Radar,4,6,27,0,37,0,0,3,0,3,4,6,30,0,40,0,0,0,40
12/24/2013,ILG,DE,AEA,EN,Towers with Radar,2,16,15,0,33,0,2,30,0,32,2,18,45,0,65,78,0,78,143
12/25/2013,ILG,DE,AEA,EN,Towers with Radar,4,4,4,3,15,0,0,13,0,13,4,4,17,3,28,20,0,20,48
12/26/2013,ILG,DE,AEA,EN,Towers with Radar,5,17,51,0,73,0,0,31,0,31,5,17,82,0,104,40,0,40,144
12/27/2013,ILG,DE,AEA,EN,Towers with Radar,4,8,36,3,51,0,0,40,1,41,4,8,76,4,92,104,30,134,226
12/28/2013,ILG,DE,AEA,EN,Towers with Radar,4,5,22,0,31,0,0,71,0,71,4,5,93,0,102,112,0,112,214
12/29/2013,ILG,DE,AEA,EN,Towers with Radar,4,4,11,0,19,0,0,1,0,1,4,4,12,0,20,64,0,64,84
12/30/2013,ILG,DE,AEA,EN,Towers with Radar,3,2,21,6,32,0,2,16,5,23,3,4,37,11,55,64,18,82,137
12/31/2013,ILG,DE,AEA,EN,Towers with Radar,2,13,21,0,36,0,2,33,0,35,2,15,54,0,71,54,0,54,125
01/01/2014,ILG,DE,AEA,EN,Towers with Radar,4,4,22,0,30,0,0,29,0,29,4,4,51,0,59,22,0,22,81
01/02/2014,ILG,DE,AEA,EN,Towers with Radar,4,5,28,2,39,0,0,3,0,3,4,5,31,2,42,0,0,0,42
01/03/2014,ILG,DE,AEA,EN,Towers with Radar,4,4,6,1,15,0,0,5,0,5,4,4,11,1,20,8,0,8,28
01/04/2014,ILG,DE,AEA,EN,Towers with Radar,4,9,31,3,47,0,1,15,0,16,4,10,46,3,63,14,0,14,77
01/05/2014,ILG,DE,AEA,EN,Towers with Radar,3,8,21,2,34,0,0,0,0,0,3,8,21,2,34,0,0,0,34
01/06/2014,ILG,DE,AEA,EN,Towers with Radar,4,7,24,1,36,0,0,4,0,4,4,7,28,1,40,0,0,0,40
01/07/2014,ILG,DE,AEA,EN,Towers with Radar,2,8,22,1,33,0,3,8,0,11,2,11,30,1,44,30,0,30,74
01/08/2014,ILG,DE,AEA,EN,Towers with Radar,4,8,29,1,42,0,0,36,6,42,4,8,65,7,84,64,68,132,216
01/09/2014,ILG,DE,AEA,EN,Towers with Radar,4,5,21,4,34,0,0,39,3,42,4,5,60,7,76,42,44,86,162
01/10/2014,ILG,DE,AEA,EN,Towers with Radar,4,3,21,2,30,0,0,0,0,0,4,3,21,2,30,0,0,0,30
01/11/2014,ILG,DE,AEA,EN,Towers with Radar,1,0,9,0,10,0,0,0,0,0,1,0,9,0,10,0,0,0,10
01/12/2014,ILG,DE,AEA,EN,Towers with Radar,3,4,21,20,48,0,1,39,18,58,3,5,60,38,106,104,32,136,242
01/13/2014,ILG,DE,AEA,EN,Towers with Radar,5,16,37,2,60,0,0,59,2,61,5,16,96,4,121,36,0,36,157
01/14/2014,ILG,DE,AEA,EN,Towers with Radar,2,9,20,12,43,0,0,0,1,1,2,9,20,13,44,0,0,0,44
01/15/2014,ILG,DE,AEA,EN,Towers with Radar,8,6,23,5,42,0,0,0,0,0,8,6,23,5,42,18,0,18,60
01/16/2014,ILG,DE,AEA,EN,Towers with Radar,4,10,43,2,59,0,0,51,4,55,4,10,94,6,114,58,10,68,182
01/17/2014,ILG,DE,AEA,EN,Towers with Radar,5,18,35,3,61,0,0,58,0,58,5,18,93,3,119,76,0,76,195
01/18/2014,ILG,DE,AEA,EN,Towers with Radar,2,9,11,0,22,0,0,12,0,12,2,9,23,0,34,24,0,24,58
01/19/2014,ILG,DE,AEA,EN,Towers with Radar,4,5,31,3,43,0,0,76,0,76,4,5,107,3,119,132,0,132,251
01/20/2014,ILG,DE,AEA,EN,Towers with Radar,4,9,27,1,41,0,0,34,0,34,4,9,61,1,75,92,0,92,167
01/21/2014,ILG,DE,AEA,EN,Towers with Radar,4,4,9,0,17,0,0,5,0,5,4,4,14,0,22,0,16,16,38
01/22/2014,ILG,DE,AEA,EN,Towers with Radar,5,9,20,0,34,0,1,9,0,10,5,10,29,0,44,0,0,0,44
01/23/2014,ILG,DE,AEA,EN,Towers with Radar,5,10,28,1,44,0,0,24,10,34,5,10,52,11,78,0,28,28,106
01/24/2014,ILG,DE,AEA,EN,Towers with Radar,4,10,19,4,37,0,1,15,1,17,4,11,34,5,54,22,0,22,76
01/25/2014,ILG,DE,AEA,EN,Towers with Radar,2,12,11,0,25,0,0,1,0,1,2,12,12,0,26,0,0,0,26
01/26/2014,ILG,DE,AEA,EN,Towers with Radar,4,8,22,0,34,0,0,21,0,21,4,8,43,0,55,54,0,54,109
01/27/2014,ILG,DE,AEA,EN,Towers with Radar,3,16,25,5,49,0,3,13,7,23,3,19,38,12,72,30,6,36,108
01/28/2014,ILG,DE,AEA,EN,Towers with Radar,4,8,34,10,56,0,0,20,13,33,4,8,54,23,89,10,90,100,189
01/29/2014,ILG,DE,AEA,EN,Towers with Radar,7,11,30,9,57,0,0,15,18,33,7,11,45,27,90,6,94,100,190
01/30/2014,ILG,DE,AEA,EN,Towers with Radar,5,11,47,1,64,0,1,34,12,47,5,12,81,13,111,102,30,132,243
01/31/2014,ILG,DE,AEA,EN,Towers with Radar,4,12,17,3,36,0,0,29,0,29,4,12,46,3,65,56,0,56,121
02/01/2014,ILG,DE,AEA,EN,Towers with Radar,2,14,22,3,41,0,0,79,11,90,2,14,101,14,131,166,30,196,327
02/02/2014,ILG,DE,AEA,EN,Towers with Radar,4,7,19,2,32,0,0,52,7,59,4,7,71,9,91,52,32,84,175
02/03/2014,ILG,DE,AEA,EN,Towers with Radar,4,9,12,0,25,0,0,0,0,0,4,9,12,0,25,0,0,0,25
02/04/2014,ILG,DE,AEA,EN,Towers with Radar,2,12,23,1,38,0,2,23,4,29,2,14,46,5,67,46,24,70,137
02/05/2014,ILG,DE,AEA,EN,Towers with Radar,4,8,17,0,29,0,0,0,0,0,4,8,17,0,29,0,0,0,29
02/06/2014,ILG,DE,AEA,EN,Towers with Radar,4,11,47,5,67,0,0,13,8,21,4,11,60,13,88,0,20,20,108
02/07/2014,ILG,DE,AEA,EN,Towers with Radar,4,5,25,1,35,0,1,25,0,26,4,6,50,1,61,132,0,132,193
02/08/2014,ILG,DE,AEA,EN,Towers with Radar,2,7,30,5,44,0,0,9,3,12,2,7,39,8,56,10,0,10,66
02/09/2014,ILG,DE,AEA,EN,Towers with Radar,6,12,16,1,35,0,0,25,0,25,6,12,41,1,60,30,0,30,90
02/10/2014,ILG,DE,AEA,EN,Towers with Radar,4,8,30,10,52,0,4,16,4,24,4,12,46,14,76,32,0,32,108
02/11/2014,ILG,DE,AEA,EN,Towers with Radar,2,10,34,6,52,0,7,28,10,45,2,17,62,16,97,92,56,148,245
02/12/2014,ILG,DE,AEA,EN,Towers with Radar,4,11,55,10,80,0,2,24,10,36,4,13,79,20,116,74,44,118,234
02/13/2014,ILG,DE,AEA,EN,Towers with Radar,4,0,7,0,11,0,0,0,0,0,4,0,7,0,11,0,0,0,11
02/14/2014,ILG,DE,AEA,EN,Towers with Radar,4,7,28,0,39,0,0,6,0,6,4,7,34,0,45,0,0,0,45
02/15/2014,ILG,DE,AEA,EN,Towers with Radar,4,4,12,2,22,0,0,5,0,5,4,4,17,2,27,0,0,0,27
02/16/2014,ILG,DE,AEA,EN,Towers with Radar,4,9,17,6,36,0,0,26,0,26,4,9,43,6,62,90,0,90,152
02/17/2014,ILG,DE,AEA,EN,Towers with Radar,4,11,30,2,47,0,0,38,0,38,4,11,68,2,85,32,0,32,117
02/18/2014,ILG,DE,AEA,EN,Towers with Radar,2,10,31,5,48,0,3,17,2,22,2,13,48,7,70,36,40,76,146
02/19/2014,ILG,DE,AEA,EN,Towers with Radar,5,14,40,10,69,0,0,6,2,8,5,14,46,12,77,0,18,18,95
02/20/2014,ILG,DE,AEA,EN,Towers with Radar,3,11,38,7,59,0,0,34,9,43,3,11,72,16,102,30,40,70,172
02/21/2014,ILG,DE,AEA,EN,Towers with Radar,5,13,28,0,46,0,1,5,0,6,5,14,33,0,52,0,0,0,52
02/22/2014,ILG,DE,AEA,EN,Towers with Radar,4,7,27,6,44,0,0,63,2,65,4,7,90,8,109,145,0,145,254
02/23/2014,ILG,DE,AEA,EN,Towers with Radar,4,6,38,0,48,0,2,90,0,92,4,8,128,0,140,180,0,180,320
02/24/2014,ILG,DE,AEA,EN,Towers with Radar,4,15,33,8,60,0,2,30,15,47,4,17,63,23,107,10,34,44,151
02/25/2014,ILG,DE,AEA,EN,Towers with Radar,3,14,36,18,71,0,1,16,8,25,3,15,52,26,96,20,48,68,164
02/26/2014,ILG,DE,AEA,EN,Towers with Radar,6,13,22,10,51,0,1,10,2,13,6,14,32,12,64,6,40,46,110
02/27/2014,ILG,DE,AEA,EN,Towers with Radar,4,18,29,6,57,0,2,21,6,29,4,20,50,12,86,28,40,68,154
02/28/2014,ILG,DE,AEA,EN,Towers with Radar,5,13,32,5,55,0,0,43,3,46,5,13,75,8,101,74,0,74,175
03/01/2014,ILG,DE,AEA,EN,Towers with Radar,6,5,15,1,27,0,2,50,7,59,6,7,65,8,86,146,0,146,232
03/02/2014,ILG,DE,AEA,EN,Towers with Radar,4,9,24,6,43,0,0,29,22,51,4,9,53,28,94,68,76,144,238
03/03/2014,ILG,DE,AEA,EN,Towers with Radar,4,9,16,0,29,0,2,0,0,2,4,11,16,0,31,0,0,0,31
03/04/2014,ILG,DE,AEA,EN,Towers with Radar,2,29,32,6,69,0,1,20,7,28,2,30,52,13,97,54,16,70,167
03/05/2014,ILG,DE,AEA,EN,Towers with Radar,4,10,40,10,64,0,2,25,6,33,4,12,65,16,97,10,38,48,145
03/06/2014,ILG,DE,AEA,EN,Towers with Radar,4,11,33,0,48,0,2,43,5,50,4,13,76,5,98,88,0,88,186
03/07/2014,ILG,DE,AEA,EN,Towers with Radar,4,13,27,5,49,0,0,42,3,45,4,13,69,8,94,40,12,52,146
03/08/2014,ILG,DE,AEA,EN,Towers with Radar,4,5,42,0,51,0,5,59,1,65,4,10,101,1,116,98,0,98,214
03/09/2014,ILG,DE,AEA,EN,Towers with Radar,4,4,20,2,30,0,0,50,0,50,4,4,70,2,80,58,0,58,138
03/10/2014,ILG,DE,AEA,EN,Towers with Radar,4,16,20,7,47,0,2,38,5,45,4,18,58,12,92,38,30,68,160
03/11/2014,ILG,DE,AEA,EN,Towers with Radar,3,8,41,4,56,0,1,47,14,62,3,9,88,18,118,124,114,238,356
03/12/2014,ILG,DE,AEA,EN,Towers with Radar,4,14,26,0,44,0,0,23,5,28,4,14,49,5,72,63,26,89,161
03/13/2014,ILG,DE,AEA,EN,Towers with Radar,4,14,30,0,48,0,0,6,3,9,4,14,36,3,57,0,24,24,81
03/14/2014,ILG,DE,AEA,EN,Towers with Radar,4,9,40,3,56,0,3,43,4,50,4,12,83,7,106,12,6,18,124
03/15/2014,ILG,DE,AEA,EN,Towers with Radar,4,3,19,0,26,0,0,34,0,34,4,3,53,0,60,55,0,55,115
03/16/2014,ILG,DE,AEA,EN,Towers with Radar,4,8,33,1,46,0,0,42,0,42,4,8,75,1,88,156,0,156,244
03/17/2014,ILG,DE,AEA,EN,Towers with Radar,4,10,17,1,32,0,0,5,0,5,4,10,22,1,37,4,0,4,41
03/18/2014,ILG,DE,AEA,EN,Towers with Radar,2,11,26,5,44,0,1,30,5,36,2,12,56,10,80,70,30,100,180
03/19/2014,ILG,DE,AEA,EN,Towers with Radar,6,13,27,4,50,0,0,4,3,7,6,13,31,7,57,0,16,16,73
03/20/2014,ILG,DE,AEA,EN,Towers with Radar,1,12,32,3,48,0,0,29,4,33,1,12,61,7,81,16,30,46,127
03/21/2014,ILG,DE,AEA,EN,Towers with Radar,5,10,21,9,45,0,0,14,0,14,5,10,35,9,59,40,0,40,99
03/22/2014,ILG,DE,AEA,EN,Towers with Radar,4,3,14,2,23,0,0,54,0,54,4,3,68,2,77,132,0,132,209
03/23/2014,ILG,DE,AEA,EN,Towers with Radar,5,11,33,2,51,0,0,47,0,47,5,11,80,2,98,68,0,68,166
03/24/2014,ILG,DE,AEA,EN,Towers with Radar,4,10,29,6,49,0,0,42,4,46,4,10,71,10,95,54,14,68,163
03/25/2014,ILG,DE,AEA,EN,Towers with Radar,2,10,18,5,35,0,0,6,4,10,2,10,24,9,45,20,46,66,111
03/26/2014,ILG,DE,AEA,EN,Towers with Radar,4,7,25,10,46,0,2,16,10,28,4,9,41,20,74,20,113,133,207
03/27/2014,ILG,DE,AEA,EN,Towers with Radar,4,16,43,4,67,0,2,44,1,47,4,18,87,5,114,144,22,166,280
03/28/2014,ILG,DE,AEA,EN,Towers with Radar,4,28,26,0,58,0,0,5,1,6,4,28,31,1,64,0,0,0,64
03/29/2014,ILG,DE,AEA,EN,Towers with Radar,4,11,19,3,37,0,0,0,0,0,4,11,19,3,37,0,0,0,37
03/30/2014,ILG,DE,AEA,EN,Towers with Radar,4,7,26,2,39,0,0,0,0,0,4,7,26,2,39,0,0,0,39
03/31/2014,ILG,DE,AEA,EN,Towers with Radar,4,19,32,2,57,0,2,25,0,27,4,21,57,2,84,66,0,66,150
04/01/2014,ILG,DE,AEA,EN,Towers with Radar,2,14,32,1,49,0,4,80,4,88,2,18,112,5,137,116,16,132,269
04/02/2014,ILG,DE,AEA,EN,Towers with Radar,4,29,26,12,71,0,3,34,5,42,4,32,60,17,113,30,26,56,169
04/03/2014,ILG,DE,AEA,EN,Towers with Radar,4,14,44,3,65,0,0,44,0,44,4,14,88,3,109,96,78,174,283
04/04/2014,ILG,DE,AEA,EN,Towers with Radar,4,15,20,4,43,0,0,5,0,5,4,15,25,4,48,20,0,20,68
04/05/2014,ILG,DE,AEA,EN,Towers with Radar,4,6,13,2,25,0,2,10,3,15,4,8,23,5,40,34,12,46,86
04/06/2014,ILG,DE,AEA,EN,Towers with Radar,4,3,56,5,68,0,0,102,4,106,4,3,158,9,174,230,0,230,404
04/07/2014,ILG,DE,AEA,EN,Towers with Radar,4,10,26,3,43,0,0,20,6,26,4,10,46,9,69,68,22,90,159
04/08/2014,ILG,DE,AEA,EN,Towers with Radar,3,16,37,4,60,0,4,4,3,11,3,20,41,7,71,36,42,78,149
04/09/2014,ILG,DE,AEA,EN,Towers with Radar,4,12,38,4,58,0,1,46,10,57,4,13,84,14,115,112,60,172,287
04/10/2014,ILG,DE,AEA,EN,Towers with Radar,4,14,41,8,67,0,5,53,9,67,4,19,94,17,134,134,22,156,290
04/11/2014,ILG,DE,AEA,EN,Towers with Radar,4,19,24,3,50,0,1,38,8,47,4,20,62,11,97,72,10,82,179
04/12/2014,ILG,DE,AEA,EN,Towers with Radar,4,19,29,3,55,0,3,70,0,73,4,22,99,3,128,108,0,108,236
04/13/2014,ILG,DE,AEA,EN,Towers with Radar,4,12,34,0,50,0,0,59,0,59,4,12,93,0,109,96,0,96,205
04/14/2014,ILG,DE,AEA,EN,Towers with Radar,4,13,29,4,50,0,0,33,14,47,4,13,62,18,97,18,22,40,137
04/15/2014,ILG,DE,AEA,EN,Towers with Radar,3,9,17,3,32,0,0,0,1,1,3,9,17,4,33,0,0,0,33
04/16/2014,ILG,DE,AEA,EN,Towers with Radar,4,15,41,8,68,0,0,43,19,62,4,15,84,27,130,70,34,104,234
04/17/2014,ILG,DE,AEA,EN,Towers with Radar,5,7,54,5,71,0,3,63,22,88,5,10,117,27,159,322,30,352,511
04/18/2014,ILG,DE,AEA,EN,Towers with Radar,4,8,31,2,45,1,0,54,2,57,5,8,85,4,102,166,0,166,268
04/19/2014,ILG,DE,AEA,EN,Towers with Radar,4,5,23,3,35,0,0,58,2,60,4,5,81,5,95,76,0,76,171
04/20/2014,ILG,DE,AEA,EN,Towers with Radar,6,10,27,1,44,0,0,26,3,29,6,10,53,4,73,56,0,56,129
04/21/2014,ILG,DE,AEA,EN,Towers with Radar,4,11,35,4,54,0,2,74,14,90,4,13,109,18,144,116,44,160,304
04/22/2014,ILG,DE,AEA,EN,Towers with Radar,2,13,25,7,47,0,1,30,8,39,2,14,55,15,86,109,14,123,209
04/23/2014,ILG,DE,AEA,EN,Towers with Radar,4,11,31,13,59,0,0,25,12,37,4,11,56,25,96,68,16,84,180
04/24/2014,ILG,DE,AEA,EN,Towers with Radar,5,18,34,7,64,0,4,28,9,41,5,22,62,16,105,40,16,56,161
04/25/2014,ILG,DE,AEA,EN,Towers with Radar,4,8,27,4,43,0,1,23,0,24,4,9,50,4,67,10,0,10,77
04/26/2014,ILG,DE,AEA,EN,Towers with Radar,4,6,14,3,27,0,0,65,0,65,4,6,79,3,92,144,0,144,236
04/27/2014,ILG,DE,AEA,EN,Towers with Radar,4,14,36,2,56,0,0,64,0,64,4,14,100,2,120,92,0,92,212
04/28/2014,ILG,DE,AEA,EN,Towers with Radar,4,10,37,2,53,0,0,62,3,65,4,10,99,5,118,74,0,74,192
04/29/2014,ILG,DE,AEA,EN,Towers with Radar,6,2,29,2,39,0,0,5,1,6,6,2,34,3,45,0,6,6,51
04/30/2014,ILG,DE,AEA,EN,Towers with Radar,4,8,24,0,36,0,1,0,0,1,4,9,24,0,37,0,0,0,37
05/01/2014,ILG,DE,AEA,EN,Towers with Radar,7,11,61,6,85,0,0,25,2,27,7,11,86,8,112,22,10,32,144
05/02/2014,ILG,DE,AEA,EN,Towers with Radar,4,10,40,2,56,0,0,40,0,40,4,10,80,2,96,26,0,26,122
05/03/2014,ILG,DE,AEA,EN,Towers with Radar,5,1,22,1,29,0,0,42,2,44,5,1,64,3,73,58,0,58,131
05/04/2014,ILG,DE,AEA,EN,Towers with Radar,6,11,36,2,55,0,0,34,0,34,6,11,70,2,89,102,10,112,201
05/05/2014,ILG,DE,AEA,EN,Towers with Radar,4,16,26,2,48,0,0,30,6,36,4,16,56,8,84,66,10,76,160
05/06/2014,ILG,DE,AEA,EN,Towers with Radar,6,17,55,5,83,0,1,67,2,70,6,18,122,7,153,102,0,102,255
05/07/2014,ILG,DE,AEA,EN,Towers with Radar,4,30,29,6,69,0,2,27,4,33,4,32,56,10,102,20,6,26,128
05/08/2014,ILG,DE,AEA,EN,Towers with Radar,5,21,51,5,82,0,0,19,5,24,5,21,70,10,106,24,16,40,146
05/09/2014,ILG,DE,AEA,EN,Towers with Radar,5,15,73,2,95,0,0,19,0,19,5,15,92,2,114,44,0,44,158
05/10/2014,ILG,DE,AEA,EN,Towers with Radar,4,7,18,0,29,0,0,27,0,27,4,7,45,0,56,62,0,62,118
05/11/2014,ILG,DE,AEA,EN,Towers with Radar,5,17,26,2,50,0,0,78,2,80,5,17,104,4,130,69,12,81,211
05/12/2014,ILG,DE,AEA,EN,Towers with Radar,4,9,23,2,38,0,3,52,0,55,4,12,75,2,93,154,0,154,247
05/13/2014,ILG,DE,AEA,EN,Towers with Radar,5,10,34,6,55,0,2,42,11,55,5,12,76,17,110,75,50,125,235
05/14/2014,ILG,DE,AEA,EN,Towers with Radar,7,6,46,4,63,0,0,3,2,5,7,6,49,6,68,26,0,26,94
05/15/2014,ILG,DE,AEA,EN,Towers with Radar,6,21,80,13,120,0,0,41,17,58,6,21,121,30,178,16,84,100,278
05/16/2014,ILG,DE,AEA,EN,Towers with Radar,3,19,17,2,41,0,0,3,0,3,3,19,20,2,44,6,0,6,50
05/17/2014,ILG,DE,AEA,EN,Towers with Radar,5,9,35,5,54,0,9,67,0,76,5,18,102,5,130,46,0,46,176
05/18/2014,ILG,DE,AEA,EN,Towers with Radar,7,10,31,2,50,0,2,65,1,68,7,12,96,3,118,59,0,59,177
05/19/2014,ILG,DE,AEA,EN,Towers with Radar,4,6,39,0,49,0,0,74,2,76,4,6,113,2,125,100,0,100,225
05/20/2014,ILG,DE,AEA,EN,Towers with Radar,6,8,36,8,58,0,4,53,8,65,6,12,89,16,123,54,74,128,251
05/21/2014,ILG,DE,AEA,EN,Towers with Radar,3,15,25,12,55,0,8,15,6,29,3,23,40,18,84,14,56,70,154
05/22/2014,ILG,DE,AEA,EN,Towers with Radar,5,11,40,4,60,0,4,10,12,26,5,15,50,16,86,18,6,24,110
05/23/2014,ILG,DE,AEA,EN,Towers with Radar,3,9,53,1,66,0,0,41,3,44,3,9,94,4,110,16,10,26,136
05/24/2014,ILG,DE,AEA,EN,Towers with Radar,5,0,26,0,31,0,5,46,0,51,5,5,72,0,82,70,0,70,152
05/25/2014,ILG,DE,AEA,EN,Towers with Radar,6,5,16,1,28,0,0,65,0,65,6,5,81,1,93,10,0,10,103
05/26/2014,ILG,DE,AEA,EN,Towers with Radar,4,9,23,0,36,0,1,88,0,89,4,10,111,0,125,54,0,54,179
05/27/2014,ILG,DE,AEA,EN,Towers with Radar,5,5,40,10,60,0,1,49,15,65,5,6,89,25,125,49,70,119,244
05/28/2014,ILG,DE,AEA,EN,Towers with Radar,3,8,22,14,47,0,0,6,0,6,3,8,28,14,53,2,26,28,81
05/29/2014,ILG,DE,AEA,EN,Towers with Radar,6,3,44,13,66,0,2,8,2,12,6,5,52,15,78,80,6,86,164
05/30/2014,ILG,DE,AEA,EN,Towers with Radar,3,7,43,13,66,0,5,45,2,52,3,12,88,15,118,152,10,162,280
05/31/2014,ILG,DE,AEA,EN,Towers with Radar,5,6,19,3,33,0,2,66,0,68,5,8,85,3,101,56,0,56,157
06/01/2014,ILG,DE,AEA,EN,Towers with Radar,6,8,27,4,45,0,2,87,4,93,6,10,114,8,138,74,0,74,212
06/02/2014,ILG,DE,AEA,EN,Towers with Radar,4,12,48,2,66,0,0,73,2,75,4,12,121,4,141,88,0,88,229
06/03/2014,ILG,DE,AEA,EN,Towers with Radar,5,7,39,9,60,0,6,44,3,53,5,13,83,12,113,100,58,158,271
06/04/2014,ILG,DE,AEA,EN,Towers with Radar,5,13,31,7,56,0,2,46,3,51,5,15,77,10,107,64,50,114,221
06/05/2014,ILG,DE,AEA,EN,Towers with Radar,6,17,48,11,82,0,2,29,10,41,6,19,77,21,123,102,24,126,249
06/06/2014,ILG,DE,AEA,EN,Towers with Radar,4,14,28,3,49,0,0,25,0,25,4,14,53,3,74,60,0,60,134
06/07/2014,ILG,DE,AEA,EN,Towers with Radar,4,4,16,2,26,0,0,45,0,45,4,4,61,2,71,48,0,48,119
06/08/2014,ILG,DE,AEA,EN,Towers with Radar,5,9,21,0,35,0,0,55,0,55,5,9,76,0,90,16,0,16,106
06/09/2014,ILG,DE,AEA,EN,Towers with Radar,4,12,31,3,50,0,0,28,0,28,4,12,59,3,78,94,0,94,172
06/10/2014,ILG,DE,AEA,EN,Towers with Radar,6,14,38,6,64,0,2,21,2,25,6,16,59,8,89,10,10,20,109
06/11/2014,ILG,DE,AEA,EN,Towers with Radar,3,20,46,3,72,0,0,1,0,1,3,20,47,3,73,0,0,0,73
06/12/2014,ILG,DE,AEA,EN,Towers with Radar,6,8,39,4,57,0,0,0,0,0,6,8,39,4,57,0,0,0,57
06/13/2014,ILG,DE,AEA,EN,Towers with Radar,3,6,19,2,30,0,0,3,0,3,3,6,22,2,33,2,0,2,35
06/14/2014,ILG,DE,AEA,EN,Towers with Radar,4,9,20,4,37,0,5,65,4,74,4,14,85,8,111,117,0,117,228
06/15/2014,ILG,DE,AEA,EN,Towers with Radar,7,7,25,3,42,0,1,73,0,74,7,8,98,3,116,93,0,93,209
06/16/2014,ILG,DE,AEA,EN,Towers with Radar,3,11,43,8,65,0,0,66,8,74,3,11,109,16,139,36,30,66,205
06/17/2014,ILG,DE,AEA,EN,Towers with Radar,6,11,29,13,59,0,2,38,3,43,6,13,67,16,102,102,6,108,210
06/18/2014,ILG,DE,AEA,EN,Towers with Radar,3,10,36,11,60,0,1,42,5,48,3,11,78,16,108,78,44,122,230
06/19/2014,ILG,DE,AEA,EN,Towers with Radar,8,13,56,7,84,0,2,46,8,56,8,15,102,15,140,40,10,50,190
06/20/2014,ILG,DE,AEA,EN,Towers with Radar,3,2,32,5,42,0,0,78,4,82,3,2,110,9,124,64,2,66,190
06/21/2014,ILG,DE,AEA,EN,Towers with Radar,4,1,23,3,31,0,0,42,3,45,4,1,65,6,76,46,22,68,144
06/22/2014,ILG,DE,AEA,EN,Towers with Radar,9,10,43,4,66,0,0,64,2,66,9,10,107,6,132,30,40,70,202
06/23/2014,ILG,DE,AEA,EN,Towers with Radar,3,7,30,4,44,0,0,74,9,83,3,7,104,13,127,132,42,174,301
06/24/2014,ILG,DE,AEA,EN,Towers with Radar,7,12,49,8,76,0,2,97,5,104,7,14,146,13,180,56,52,108,288
06/25/2014,ILG,DE,AEA,EN,Towers with Radar,4,8,31,13,56,0,1,16,5,22,4,9,47,18,78,20,100,120,198
06/26/2014,ILG,DE,AEA,EN,Towers with Radar,6,12,58,25,101,0,0,56,4,60,6,12,114,29,161,152,12,164,325
06/27/2014,ILG,DE,AEA,EN,Towers with Radar,3,7,37,3,50,0,8,39,0,47,3,15,76,3,97,96,0,96,193
06/28/2014,ILG,DE,AEA,EN,Towers with Radar,7,4,19,0,30,0,1,112,0,113,7,5,131,0,143,80,0,80,223
06/29/2014,ILG,DE,AEA,EN,Towers with Radar,9,2,38,2,51,0,0,110,0,110,9,2,148,2,161,112,0,112,273
06/30/2014,ILG,DE,AEA,EN,Towers with Radar,3,2,37,4,46,0,1,53,1,55,3,3,90,5,101,58,0,58,159
07/01/2014,ILG,DE,AEA,EN,Towers with Radar,7,5,27,4,43,0,3,46,0,49,7,8,73,4,92,36,0,36,128
07/02/2014,ILG,DE,AEA,EN,Towers with Radar,3,5,28,9,45,0,0,61,2,63,3,5,89,11,108,58,4,62,170
07/03/2014,ILG,DE,AEA,EN,Towers with Radar,5,11,27,4,47,0,0,20,1,21,5,11,47,5,68,51,6,57,125
07/04/2014,ILG,DE,AEA,EN,Towers with Radar,3,3,11,0,17,0,2,6,2,10,3,5,17,2,27,0,0,0,27
07/05/2014,ILG,DE,AEA,EN,Towers with Radar,4,2,11,0,17,0,2,53,0,55,4,4,64,0,72,102,0,102,174
07/06/2014,ILG,DE,AEA,EN,Towers with Radar,10,10,26,0,46,0,0,44,0,44,10,10,70,0,90,75,0,75,165
07/07/2014,ILG,DE,AEA,EN,Towers with Radar,3,8,33,0,44,0,0,56,0,56,3,8,89,0,100,82,0,82,182
07/08/2014,ILG,DE,AEA,EN,Towers with Radar,6,9,45,2,62,0,0,42,3,45,6,9,87,5,107,80,0,80,187
07/09/2014,ILG,DE,AEA,EN,Towers with Radar,3,7,41,2,53,0,0,22,4,26,3,7,63,6,79,112,80,192,271
07/10/2014,ILG,DE,AEA,EN,Towers with Radar,8,10,40,7,65,0,0,60,2,62,8,10,100,9,127,132,22,154,281
07/11/2014,ILG,DE,AEA,EN,Towers with Radar,5,12,30,4,51,0,1,38,3,42,5,13,68,7,93,82,12,94,187
07/12/2014,ILG,DE,AEA,EN,Towers with Radar,5,5,24,1,35,0,3,90,5,98,5,8,114,6,133,62,12,74,207
07/13/2014,ILG,DE,AEA,EN,Towers with Radar,10,16,40,0,66,0,2,49,4,55,10,18,89,4,121,48,6,54,175
07/14/2014,ILG,DE,AEA,EN,Towers with Radar,3,16,31,3,53,0,0,19,1,20,3,16,50,4,73,35,14,49,122
07/15/2014,ILG,DE,AEA,EN,Towers with Radar,6,14,21,4,45,0,0,18,11,29,6,14,39,15,74,72,24,96,170
07/16/2014,ILG,DE,AEA,EN,Towers with Radar,3,13,47,10,73,0,0,47,4,51,3,13,94,14,124,74,0,74,198
07/17/2014,ILG,DE,AEA,EN,Towers with Radar,6,15,26,6,53,0,7,35,5,47,6,22,61,11,100,44,0,44,144
07/18/2014,ILG,DE,AEA,EN,Towers with Radar,3,4,30,11,48,0,3,40,2,45,3,7,70,13,93,6,12,18,111
07/19/2014,ILG,DE,AEA,EN,Towers with Radar,4,9,20,10,43,0,0,52,0,52,4,9,72,10,95,100,2,102,197
07/20/2014,ILG,DE,AEA,EN,Towers with Radar,9,9,32,0,50,0,0,67,0,67,9,9,99,0,117,96,0,96,213
07/21/2014,ILG,DE,AEA,EN,Towers with Radar,2,8,30,5,45,0,1,66,0,67,2,9,96,5,112,92,0,92,204
07/22/2014,ILG,DE,AEA,EN,Towers with Radar,6,20,28,8,62,0,1,47,15,63,6,21,75,23,125,78,72,150,275
07/23/2014,ILG,DE,AEA,EN,Towers with Radar,3,4,38,4,49,0,1,34,8,43,3,5,72,12,92,90,40,130,222
07/24/2014,ILG,DE,AEA,EN,Towers with Radar,6,10,61,4,81,0,0,52,4,56,6,10,113,8,137,118,0,118,255
07/25/2014,ILG,DE,AEA,EN,Towers with Radar,3,22,49,5,79,0,3,38,1,42,3,25,87,6,121,30,10,40,161
07/26/2014,ILG,DE,AEA,EN,Towers with Radar,4,10,13,0,27,0,0,55,0,55,4,10,68,0,82,24,0,24,106
07/27/2014,ILG,DE,AEA,EN,Towers with Radar,7,10,29,6,52,0,0,37,0,37,7,10,66,6,89,84,0,84,173
07/28/2014,ILG,DE,AEA,EN,Towers with Radar,3,14,30,3,50,0,0,15,1,16,3,14,45,4,66,42,8,50,116
07/29/2014,ILG,DE,AEA,EN,Towers with Radar,7,22,33,10,72,0,5,64,3,72,7,27,97,13,144,82,6,88,232
07/30/2014,ILG,DE,AEA,EN,Towers with Radar,3,8,42,6,59,0,7,61,11,79,3,15,103,17,138,116,40,156,294
07/31/2014,ILG,DE,AEA,EN,Towers with Radar,6,6,38,4,54,0,2,41,8,51,6,8,79,12,105,18,128,146,251
08/01/2014,ILG,DE,AEA,EN,Towers with Radar,3,4,31,5,43,0,2,17,0,19,3,6,48,5,62,38,0,38,100
08/02/2014,ILG,DE,AEA,EN,Towers with Radar,4,3,19,0,26,0,0,6,1,7,4,3,25,1,33,2,12,14,47
08/03/2014,ILG,DE,AEA,EN,Towers with Radar,5,7,56,8,76,0,0,10,0,10,5,7,66,8,86,30,0,30,116
08/04/2014,ILG,DE,AEA,EN,Towers with Radar,3,2,36,1,42,0,2,30,0,32,3,4,66,1,74,64,0,64,138
08/05/2014,ILG,DE,AEA,EN,Towers with Radar,7,9,28,4,48,0,0,47,11,58,7,9,75,15,106,126,32,158,264
08/06/2014,ILG,DE,AEA,EN,Towers with Radar,3,8,26,2,39,0,2,34,9,45,3,10,60,11,84,38,40,78,162
08/07/2014,ILG,DE,AEA,EN,Towers with Radar,7,6,48,18,79,0,2,48,6,56,7,8,96,24,135,58,40,98,233
08/08/2014,ILG,DE,AEA,EN,Towers with Radar,3,7,36,3,49,0,0,40,0,40,3,7,76,3,89,10,0,10,99
08/09/2014,ILG,DE,AEA,EN,Towers with Radar,5,12,21,0,38,0,3,43,0,46,5,15,64,0,84,116,0,116,200
08/10/2014,ILG,DE,AEA,EN,Towers with Radar,7,11,25,0,43,0,0,36,0,36,7,11,61,0,79,134,0,134,213
08/11/2014,ILG,DE,AEA,EN,Towers with Radar,5,7,41,5,58,0,3,45,6,54,5,10,86,11,112,20,22,42,154
08/12/2014,ILG,DE,AEA,EN,Towers with Radar,6,21,34,3,64,0,0,1,2,3,6,21,35,5,67,12,4,16,83
08/13/2014,ILG,DE,AEA,EN,Towers with Radar,3,4,34,8,49,0,0,39,14,53,3,4,73,22,102,47,122,169,271
08/14/2014,ILG,DE,AEA,EN,Towers with Radar,7,13,54,11,85,0,0,88,8,96,7,13,142,19,181,72,54,126,307
08/15/2014,ILG,DE,AEA,EN,Towers with Radar,6,12,30,8,56,0,0,51,7,58,6,12,81,15,114,64,30,94,208
08/16/2014,ILG,DE,AEA,EN,Towers with Radar,4,3,7,3,17,0,4,55,1,60,4,7,62,4,77,20,0,20,97
08/17/2014,ILG,DE,AEA,EN,Towers with Radar,10,5,28,4,47,0,2,45,0,47,10,7,73,4,94,70,0,70,164
08/18/2014,ILG,DE,AEA,EN,Towers with Radar,4,11,35,0,50,0,0,79,0,79,4,11,114,0,129,66,0,66,195
08/19/2014,ILG,DE,AEA,EN,Towers with Radar,5,5,40,1,51,0,2,45,6,53,5,7,85,7,104,58,10,68,172
08/20/2014,ILG,DE,AEA,EN,Towers with Radar,4,12,37,11,64,0,4,55,5,64,4,16,92,16,128,80,32,112,240
08/21/2014,ILG,DE,AEA,EN,Towers with Radar,5,5,37,4,51,0,0,29,4,33,5,5,66,8,84,60,40,100,184
08/22/2014,ILG,DE,AEA,EN,Towers with Radar,4,7,37,7,55,0,0,9,0,9,4,7,46,7,64,34,0,34,98
08/23/2014,ILG,DE,AEA,EN,Towers with Radar,4,10,36,0,50,0,0,28,0,28,4,10,64,0,78,126,0,126,204
08/24/2014,ILG,DE,AEA,EN,Towers with Radar,8,14,22,1,45,0,0,56,0,56,8,14,78,1,101,80,0,80,181
08/25/2014,ILG,DE,AEA,EN,Towers with Radar,4,11,32,1,48,0,1,67,6,74,4,12,99,7,122,91,0,91,213
08/26/2014,ILG,DE,AEA,EN,Towers with Radar,6,10,35,7,58,0,2,64,10,76,6,12,99,17,134,138,14,152,286
08/27/2014,ILG,DE,AEA,EN,Towers with Radar,5,4,27,4,40,0,6,49,9,64,5,10,76,13,104,26,16,42,146
08/28/2014,ILG,DE,AEA,EN,Towers with Radar,6,5,43,0,54,0,0,65,2,67,6,5,108,2,121,54,2,56,177
08/29/2014,ILG,DE,AEA,EN,Towers with Radar,5,8,43,2,58,0,0,49,0,49,5,8,92,2,107,82,6,88,195
08/30/2014,ILG,DE,AEA,EN,Towers with Radar,5,11,13,3,32,0,6,41,0,47,5,17,54,3,79,83,0,83,162
08/31/2014,ILG,DE,AEA,EN,Towers with Radar,11,8,18,12,49,0,0,24,0,24,11,8,42,12,73,129,0,129,202
09/01/2014,ILG,DE,AEA,EN,Towers with Radar,4,11,24,1,40,0,1,25,0,26,4,12,49,1,66,40,0,40,106
09/02/2014,ILG,DE,AEA,EN,Towers with Radar,6,9,17,4,36,0,0,29,2,31,6,9,46,6,67,16,16,32,99
09/03/2014,ILG,DE,AEA,EN,Towers with Radar,3,2,37,10,52,0,6,31,5,42,3,8,68,15,94,68,14,82,176
09/04/2014,ILG,DE,AEA,EN,Towers with Radar,6,12,47,3,68,0,5,50,9,64,6,17,97,12,132,112,16,128,260
09/05/2014,ILG,DE,AEA,EN,Towers with Radar,4,7,34,6,51,0,1,17,3,21,4,8,51,9,72,56,6,62,134
09/06/2014,ILG,DE,AEA,EN,Towers with Radar,3,5,14,0,22,0,2,24,0,26,3,7,38,0,48,91,0,91,139
09/07/2014,ILG,DE,AEA,EN,Towers with Radar,8,9,31,10,58,0,3,90,8,101,8,12,121,18,159,140,32,172,331
09/08/2014,ILG,DE,AEA,EN,Towers with Radar,3,11,24,0,38,0,4,33,2,39,3,15,57,2,77,0,0,0,77
09/09/2014,ILG,DE,AEA,EN,Towers with Radar,6,0,26,1,33,0,2,18,5,25,6,2,44,6,58,4,37,41,99
09/10/2014,ILG,DE,AEA,EN,Towers with Radar,5,8,24,8,45,0,2,40,14,56,5,10,64,22,101,62,28,90,191
09/11/2014,ILG,DE,AEA,EN,Towers with Radar,7,9,36,2,54,0,5,23,3,31,7,14,59,5,85,50,20,70,155
09/12/2014,ILG,DE,AEA,EN,Towers with Radar,4,11,23,2,40,0,0,31,2,33,4,11,54,4,73,78,0,78,151
09/13/2014,ILG,DE,AEA,EN,Towers with Radar,4,5,10,0,19,0,5,13,0,18,4,10,23,0,37,30,0,30,67
09/14/2014,ILG,DE,AEA,EN,Towers with Radar,9,11,36,0,56,0,0,105,0,105,9,11,141,0,161,64,0,64,225
09/15/2014,ILG,DE,AEA,EN,Towers with Radar,3,5,20,0,28,0,3,36,0,39,3,8,56,0,67,32,0,32,99
09/16/2014,ILG,DE,AEA,EN,Towers with Radar,6,10,19,2,37,0,5,27,6,38,6,15,46,8,75,70,12,82,157
09/17/2014,ILG,DE,AEA,EN,Towers with Radar,4,24,41,5,74,2,4,48,7,61,6,28,89,12,135,56,40,96,231
09/18/2014,ILG,DE,AEA,EN,Towers with Radar,8,13,49,12,82,0,0,89,6,95,8,13,138,18,177,58,70,128,305
09/19/2014,ILG,DE,AEA,EN,Towers with Radar,4,9,36,11,60,0,6,46,5,57,4,15,82,16,117,46,8,54,171
09/20/2014,ILG,DE,AEA,EN,Towers with Radar,4,3,24,4,35,0,0,32,0,32,4,3,56,4,67,106,0,106,173
09/21/2014,ILG,DE,AEA,EN,Towers with Radar,9,8,27,2,46,0,1,24,0,25,9,9,51,2,71,16,0,16,87
09/22/2014,ILG,DE,AEA,EN,Towers with Radar,4,11,43,2,60,0,10,42,3,55,4,21,85,5,115,22,0,22,137
09/23/2014,ILG,DE,AEA,EN,Towers with Radar,4,13,31,4,52,0,6,42,6,54,4,19,73,10,106,66,84,150,256
09/24/2014,ILG,DE,AEA,EN,Towers with Radar,4,6,44,6,60,0,9,28,6,43,4,15,72,12,103,44,36,80,183
09/25/2014,ILG,DE,AEA,EN,Towers with Radar,4,5,27,7,43,0,0,0,0,0,4,5,27,7,43,0,0,0,43
09/26/2014,ILG,DE,AEA,EN,Towers with Radar,5,10,45,8,68,0,0,21,1,22,5,10,66,9,90,22,0,22,112
09/27/2014,ILG,DE,AEA,EN,Towers with Radar,4,7,20,2,33,0,4,77,0,81,4,11,97,2,114,86,0,86,200
09/28/2014,ILG,DE,AEA,EN,Towers with Radar,8,10,48,4,70,0,0,71,2,73,8,10,119,6,143,46,0,46,189
09/29/2014,ILG,DE,AEA,EN,Towers with Radar,3,6,45,5,59,0,0,47,0,47,3,6,92,5,106,75,0,75,181
09/30/2014,ILG,DE,AEA,EN,Towers with Radar,4,3,29,5,41,0,0,34,1,35,4,3,63,6,76,42,20,62,138
10/01/2014,ILG,DE,AEA,EN,Towers with Radar,4,12,27,11,54,0,1,38,5,44,4,13,65,16,98,44,42,86,184
10/02/2014,ILG,DE,AEA,EN,Towers with Radar,5,5,47,22,79,0,3,42,2,47,5,8,89,24,126,78,30,108,234
10/03/2014,ILG,DE,AEA,EN,Towers with Radar,6,14,23,5,48,0,1,39,4,44,6,15,62,9,92,74,34,108,200
10/04/2014,ILG,DE,AEA,EN,Towers with Radar,4,4,13,0,21,0,1,11,0,12,4,5,24,0,33,49,0,49,82
10/05/2014,ILG,DE,AEA,EN,Towers with Radar,8,23,26,0,57,0,0,50,0,50,8,23,76,0,107,93,0,93,200
10/06/2014,ILG,DE,AEA,EN,Towers with Radar,4,12,35,0,51,0,1,72,6,79,4,13,107,6,130,90,16,106,236
10/07/2014,ILG,DE,AEA,EN,Towers with Radar,5,9,39,5,58,0,0,40,13,53,5,9,79,18,111,44,20,64,175
10/08/2014,ILG,DE,AEA,EN,Towers with Radar,5,17,32,10,64,0,1,23,12,36,5,18,55,22,100,14,90,104,204
10/09/2014,ILG,DE,AEA,EN,Towers with Radar,5,12,30,3,50,0,1,48,8,57,5,13,78,11,107,66,20,86,193
10/10/2014,ILG,DE,AEA,EN,Towers with Radar,4,6,61,0,71,0,1,31,0,32,4,7,92,0,103,63,0,63,166
10/11/2014,ILG,DE,AEA,EN,Towers with Radar,5,7,18,0,30,0,0,0,0,0,5,7,18,0,30,0,0,0,30
10/12/2014,ILG,DE,AEA,EN,Towers with Radar,7,6,36,0,49,0,0,93,0,93,7,6,129,0,142,80,0,80,222
10/13/2014,ILG,DE,AEA,EN,Towers with Radar,4,17,37,0,58,0,2,14,0,16,4,19,51,0,74,49,0,49,123
10/14/2014,ILG,DE,AEA,EN,Towers with Radar,5,9,34,4,52,0,2,31,8,41,5,11,65,12,93,10,54,64,157
10/15/2014,ILG,DE,AEA,EN,Towers with Radar,4,16,25,0,45,0,0,1,0,1,4,16,26,0,46,0,0,0,46
10/16/2014,ILG,DE,AEA,EN,Towers with Radar,5,9,46,11,71,0,0,12,11,23,5,9,58,22,94,36,20,56,150
10/17/2014,ILG,DE,AEA,EN,Towers with Radar,3,12,39,2,56,0,0,56,5,61,3,12,95,7,117,36,8,44,161
10/18/2014,ILG,DE,AEA,EN,Towers with Radar,4,2,4,0,10,0,2,53,3,58,4,4,57,3,68,78,0,78,146
10/19/2014,ILG,DE,AEA,EN,Towers with Radar,7,5,28,6,46,0,0,20,7,27,7,5,48,13,73,20,26,46,119
10/20/2014,ILG,DE,AEA,EN,Towers with Radar,6,8,52,2,68,0,0,49,4,53,6,8,101,6,121,10,0,10,131
10/21/2014,ILG,DE,AEA,EN,Towers with Radar,5,9,28,6,48,0,2,30,7,39,5,11,58,13,87,20,78,98,185
10/22/2014,ILG,DE,AEA,EN,Towers with Radar,4,9,28,4,45,0,0,1,1,2,4,9,29,5,47,0,44,44,91
10/23/2014,ILG,DE,AEA,EN,Towers with Radar,7,21,45,30,103,0,16,19,16,51,7,37,64,46,154,0,52,52,206
10/24/2014,ILG,DE,AEA,EN,Towers with Radar,4,8,43,5,60,0,2,25,4,31,4,10,68,9,91,87,0,87,178
10/25/2014,ILG,DE,AEA,EN,Towers with Radar,5,3,21,0,29,0,1,119,0,120,5,4,140,0,149,86,0,86,235
10/26/2014,ILG,DE,AEA,EN,Towers with Radar,2,4,29,0,35,0,2,41,0,43,2,6,70,0,78,61,0,61,139
10/27/2014,ILG,DE,AEA,EN,Towers with Radar,1,8,41,3,53,0,2,53,0,55,1,10,94,3,108,40,0,40,148
10/28/2014,ILG,DE,AEA,EN,Towers with Radar,2,15,23,9,49,0,4,58,8,70,2,19,81,17,119,54,44,98,217
10/29/2014,ILG,DE,AEA,EN,Towers with Radar,3,5,15,7,30,0,0,18,6,24,3,5,33,13,54,45,42,87,141
10/30/2014,ILG,DE,AEA,EN,Towers with Radar,2,14,54,14,84,0,0,45,1,46,2,14,99,15,130,44,16,60,190
10/31/2014,ILG,DE,AEA,EN,Towers with Radar,0,5,38,5,48,0,0,32,3,35,0,5,70,8,83,26,0,26,109
11/01/2014,ILG,DE,AEA,EN,Towers with Radar,0,7,16,4,27,0,0,2,0,2,0,7,18,4,29,0,0,0,29
11/02/2014,ILG,DE,AEA,EN,Towers with Radar,2,10,15,5,32,0,0,16,21,37,2,10,31,26,69,0,0,0,69
11/03/2014,ILG,DE,AEA,EN,Towers with Radar,0,7,29,6,42,0,2,20,4,26,0,9,49,10,68,74,0,74,142
11/04/2014,ILG,DE,AEA,EN,Towers with Radar,2,13,38,9,62,0,1,30,10,41,2,14,68,19,103,58,46,104,207
11/05/2014,ILG,DE,AEA,EN,Towers with Radar,2,13,36,9,60,0,1,51,11,63,2,14,87,20,123,36,20,56,179
11/06/2014,ILG,DE,AEA,EN,Towers with Radar,2,9,29,4,44,0,0,0,0,0,2,9,29,4,44,0,18,18,62
11/07/2014,ILG,DE,AEA,EN,Towers with Radar,0,11,20,3,34,0,0,0,1,1,0,11,20,4,35,0,0,0,35
11/08/2014,ILG,DE,AEA,EN,Towers with Radar,0,5,12,0,17,0,0,62,0,62,0,5,74,0,79,72,0,72,151
11/09/2014,ILG,DE,AEA,EN,Towers with Radar,2,13,24,0,39,0,3,75,0,78,2,16,99,0,117,82,0,82,199
11/10/2014,ILG,DE,AEA,EN,Towers with Radar,0,14,40,4,58,0,2,47,1,50,0,16,87,5,108,58,0,58,166
11/11/2014,ILG,DE,AEA,EN,Towers with Radar,2,11,50,2,65,0,0,17,0,17,2,11,67,2,82,90,0,90,172
11/12/2014,ILG,DE,AEA,EN,Towers with Radar,2,19,31,4,56,0,3,22,8,33,2,22,53,12,89,54,18,72,161
11/13/2014,ILG,DE,AEA,EN,Towers with Radar,2,17,49,11,79,0,5,22,5,32,2,22,71,16,111,6,10,16,127
11/14/2014,ILG,DE,AEA,EN,Towers with Radar,3,12,27,12,54,0,0,32,12,44,3,12,59,24,98,27,34,61,159
11/15/2014,ILG,DE,AEA,EN,Towers with Radar,3,10,25,2,40,0,0,56,0,56,3,10,81,2,96,54,0,54,150
11/16/2014,ILG,DE,AEA,EN,Towers with Radar,2,12,34,4,52,0,4,52,1,57,2,16,86,5,109,30,12,42,151
11/17/2014,ILG,DE,AEA,EN,Towers with Radar,0,2,29,2,33,0,0,0,0,0,0,2,29,2,33,0,0,0,33
11/18/2014,ILG,DE,AEA,EN,Towers with Radar,2,11,44,8,65,1,2,11,17,31,3,13,55,25,96,10,22,32,128
11/19/2014,ILG,DE,AEA,EN,Towers with Radar,0,8,24,11,43,0,2,29,11,42,0,10,53,22,85,38,24,62,147
11/20/2014,ILG,DE,AEA,EN,Towers with Radar,2,22,26,12,62,0,4,37,5,46,2,26,63,17,108,10,20,30,138
11/21/2014,ILG,DE,AEA,EN,Towers with Radar,0,14,37,6,57,0,1,5,0,6,0,15,42,6,63,28,6,34,97
11/22/2014,ILG,DE,AEA,EN,Towers with Radar,0,12,24,0,36,0,0,73,0,73,0,12,97,0,109,8,7,15,124
11/23/2014,ILG,DE,AEA,EN,Towers with Radar,3,10,22,0,35,0,5,55,0,60,3,15,77,0,95,59,0,59,154
11/24/2014,ILG,DE,AEA,EN,Towers with Radar,0,3,27,3,33,0,1,8,4,13,0,4,35,7,46,69,26,95,141
11/25/2014,ILG,DE,AEA,EN,Towers with Radar,4,16,53,9,82,0,3,62,10,75,4,19,115,19,157,62,38,100,257
11/26/2014,ILG,DE,AEA,EN,Towers with Radar,3,7,19,0,29,0,0,2,0,2,3,7,21,0,31,40,36,76,107
11/27/2014,ILG,DE,AEA,EN,Towers with Radar,3,6,3,0,12,0,0,13,0,13,3,6,16,0,25,0,0,0,25
11/28/2014,ILG,DE,AEA,EN,Towers with Radar,0,7,19,0,26,0,7,11,0,18,0,14,30,0,44,49,0,49,93
11/29/2014,ILG,DE,AEA,EN,Towers with Radar,0,5,24,0,29,0,2,50,0,52,0,7,74,0,81,86,0,86,167
11/30/2014,ILG,DE,AEA,EN,Towers with Radar,2,5,33,1,41,0,0,61,0,61,2,5,94,1,102,71,0,71,173
12/01/2014,ILG,DE,AEA,EN,Towers with Radar,0,9,26,7,42,0,0,36,1,37,0,9,62,8,79,6,0,6,85
12/02/2014,ILG,DE,AEA,EN,Towers with Radar,2,9,33,5,49,0,0,0,4,4,2,9,33,9,53,0,4,4,57
12/03/2014,ILG,DE,AEA,EN,Towers with Radar,4,17,31,4,56,0,0,0,0,0,4,17,31,4,56,0,12,12,68
12/04/2014,ILG,DE,AEA,EN,Towers with Radar,2,10,50,14,76,0,5,43,14,62,2,15,93,28,138,46,40,86,224
12/05/2014,ILG,DE,AEA,EN,Towers with Radar,0,10,15,15,40,0,0,2,1,3,0,10,17,16,43,0,0,0,43
12/06/2014,ILG,DE,AEA,EN,Towers with Radar,0,4,16,1,21,0,0,0,0,0,0,4,16,1,21,0,0,0,21
12/07/2014,ILG,DE,AEA,EN,Towers with Radar,2,8,23,6,39,0,0,22,6,28,2,8,45,12,67,12,8,20,87
12/08/2014,ILG,DE,AEA,EN,Towers with Radar,0,7,32,0,39,0,0,13,0,13,0,7,45,0,52,117,0,117,169
12/09/2014,ILG,DE,AEA,EN,Towers with Radar,3,1,18,7,29,0,0,0,0,0,3,1,18,7,29,0,0,0,29
12/10/2014,ILG,DE,AEA,EN,Towers with Radar,2,3,22,13,40,0,1,3,8,12,2,4,25,21,52,55,56,111,163
12/11/2014,ILG,DE,AEA,EN,Towers with Radar,6,25,56,10,97,0,0,0,5,5,6,25,56,15,102,0,0,0,102
12/12/2014,ILG,DE,AEA,EN,Towers with Radar,0,9,39,10,58,0,2,24,8,34,0,11,63,18,92,9,13,22,114
12/13/2014,ILG,DE,AEA,EN,Towers with Radar,5,11,21,4,41,0,2,31,1,34,5,13,52,5,75,17,0,17,92
12/14/2014,ILG,DE,AEA,EN,Towers with Radar,2,11,20,0,33,0,0,35,1,36,2,11,55,1,69,12,0,12,81
12/15/2014,ILG,DE,AEA,EN,Towers with Radar,0,10,36,6,52,0,7,19,5,31,0,17,55,11,83,81,12,93,176
12/16/2014,ILG,DE,AEA,EN,Towers with Radar,2,14,33,7,56,0,1,4,5,10,2,15,37,12,66,0,16,16,82
12/17/2014,ILG,DE,AEA,EN,Towers with Radar,2,9,48,5,64,0,0,31,22,53,2,9,79,27,117,32,108,140,257
12/18/2014,ILG,DE,AEA,EN,Towers with Radar,2,12,38,10,62,0,9,22,15,46,2,21,60,25,108,20,22,42,150
12/19/2014,ILG,DE,AEA,EN,Towers with Radar,0,13,32,3,48,0,3,8,0,11,0,16,40,3,59,12,0,12,71
12/20/2014,ILG,DE,AEA,EN,Towers with Radar,0,5,24,0,29,0,2,40,0,42,0,7,64,0,71,106,0,106,177
12/21/2014,ILG,DE,AEA,EN,Towers with Radar,2,13,30,0,45,0,1,67,0,68,2,14,97,0,113,84,0,84,197
12/22/2014,ILG,DE,AEA,EN,Towers with Radar,2,11,25,13,51,0,0,18,2,20,2,11,43,15,71,44,10,54,125
12/23/2014,ILG,DE,AEA,EN,Towers with Radar,2,17,45,0,64,0,0,0,0,0,2,17,45,0,64,0,0,0,64
12/24/2014,ILG,DE,AEA,EN,Towers with Radar,3,5,10,0,18,0,0,0,0,0,3,5,10,0,18,0,0,0,18
12/25/2014,ILG,DE,AEA,EN,Towers with Radar,5,7,7,4,23,0,0,1,0,1,5,7,8,4,24,0,0,0,24
12/26/2014,ILG,DE,AEA,EN,Towers with Radar,2,8,42,0,52,0,2,71,0,73,2,10,113,0,125,34,0,34,159
12/27/2014,ILG,DE,AEA,EN,Towers with Radar,1,19,21,1,42,0,0,72,0,72,1,19,93,1,114,28,0,28,142
12/28/2014,ILG,DE,AEA,EN,Towers with Radar,2,4,15,0,21,0,2,6,0,8,2,6,21,0,29,0,0,0,29
12/29/2014,ILG,DE,AEA,EN,Towers with Radar,2,0,21,4,27,0,0,29,2,31,2,0,50,6,58,22,24,46,104
12/30/2014,ILG,DE,AEA,EN,Towers with Radar,2,7,26,23,58,0,1,35,7,43,2,8,61,30,101,20,38,58,159
12/31/2014,ILG,DE,AEA,EN,Towers with Radar,2,5,19,0,26,0,1,21,4,26,2,6,40,4,52,54,0,54,106
01/01/2015,ILG,DE,AEA,EN,Towers with Radar,2,3,15,0,20,0,0,20,0,20,2,3,35,0,40,6,0,6,46
01/02/2015,ILG,DE,AEA,EN,Towers with Radar,2,4,14,0,20,0,0,14,0,14,2,4,28,0,34,40,0,40,74
01/03/2015,ILG,DE,AEA,EN,Towers with Radar,0,11,14,0,25,0,0,5,0,5,0,11,19,0,30,8,0,8,38
01/04/2015,ILG,DE,AEA,EN,Towers with Radar,2,5,37,1,45,0,0,1,0,1,2,5,38,1,46,0,0,0,46
01/05/2015,ILG,DE,AEA,EN,Towers with Radar,2,12,25,2,41,0,1,3,4,8,2,13,28,6,49,0,30,30,79
01/06/2015,ILG,DE,AEA,EN,Towers with Radar,2,6,15,0,23,0,0,0,9,9,2,6,15,9,32,0,0,0,32
01/07/2015,ILG,DE,AEA,EN,Towers with Radar,2,9,20,0,31,0,0,5,8,13,2,9,25,8,44,6,4,10,54
01/08/2015,ILG,DE,AEA,EN,Towers with Radar,3,10,20,19,52,0,4,15,4,23,3,14,35,23,75,0,42,42,117
01/09/2015,ILG,DE,AEA,EN,Towers with Radar,2,4,12,12,30,0,1,11,11,23,2,5,23,23,53,16,50,66,119
01/10/2015,ILG,DE,AEA,EN,Towers with Radar,0,4,20,6,30,0,0,15,0,15,0,4,35,6,45,46,0,46,91
01/11/2015,ILG,DE,AEA,EN,Towers with Radar,3,10,50,15,78,0,0,49,3,52,3,10,99,18,130,18,0,18,148
01/12/2015,ILG,DE,AEA,EN,Towers with Radar,2,3,27,0,32,0,1,0,0,1,2,4,27,0,33,0,0,0,33
01/13/2015,ILG,DE,AEA,EN,Towers with Radar,2,3,25,7,37,0,2,18,7,27,2,5,43,14,64,12,30,42,106
01/14/2015,ILG,DE,AEA,EN,Towers with Radar,2,8,17,7,34,0,1,10,19,30,2,9,27,26,64,6,94,100,164
01/15/2015,ILG,DE,AEA,EN,Towers with Radar,2,6,57,2,67,1,11,14,3,29,3,17,71,5,96,62,4,66,162
01/16/2015,ILG,DE,AEA,EN,Towers with Radar,2,21,36,0,59,0,2,12,0,14,2,23,48,0,73,54,0,54,127
01/17/2015,ILG,DE,AEA,EN,Towers with Radar,0,2,24,0,26,0,1,92,3,96,0,3,116,3,122,199,0,199,321
01/18/2015,ILG,DE,AEA,EN,Towers with Radar,2,6,12,0,20,0,0,0,0,0,2,6,12,0,20,0,0,0,20
01/19/2015,ILG,DE,AEA,EN,Towers with Radar,3,15,41,0,59,0,10,14,0,24,3,25,55,0,83,38,0,38,121
01/20/2015,ILG,DE,AEA,EN,Towers with Radar,2,10,32,8,52,0,4,31,11,46,2,14,63,19,98,80,60,140,238
01/21/2015,ILG,DE,AEA,EN,Towers with Radar,2,9,15,5,31,0,6,1,0,7,2,15,16,5,38,6,0,6,44
01/22/2015,ILG,DE,AEA,EN,Towers with Radar,2,14,26,5,47,0,5,3,3,11,2,19,29,8,58,0,40,40,98
01/23/2015,ILG,DE,AEA,EN,Towers with Radar,2,8,26,12,48,0,8,35,6,49,2,16,61,18,97,14,32,46,143
01/24/2015,ILG,DE,AEA,EN,Towers with Radar,0,2,13,2,17,0,1,0,0,1,0,3,13,2,18,0,0,0,18
01/25/2015,ILG,DE,AEA,EN,Towers with Radar,3,14,59,0,76,0,4,66,0,70,3,18,125,0,146,80,0,80,226
01/26/2015,ILG,DE,AEA,EN,Towers with Radar,3,8,20,0,31,0,0,0,0,0,3,8,20,0,31,0,0,0,31
01/27/2015,ILG,DE,AEA,EN,Towers with Radar,2,10,24,6,42,0,1,4,11,16,2,11,28,17,58,0,20,20,78
01/28/2015,ILG,DE,AEA,EN,Towers with Radar,3,5,27,12,47,0,7,24,30,61,3,12,51,42,108,22,82,104,212
01/29/2015,ILG,DE,AEA,EN,Towers with Radar,2,9,27,6,44,0,2,14,6,22,2,11,41,12,66,64,10,74,140
01/30/2015,ILG,DE,AEA,EN,Towers with Radar,2,6,23,5,36,0,3,4,6,13,2,9,27,11,49,60,36,96,145
01/31/2015,ILG,DE,AEA,EN,Towers with Radar,0,3,9,4,16,0,3,11,1,15,0,6,20,5,31,0,0,0,31
02/01/2015,ILG,DE,AEA,EN,Towers with Radar,0,8,16,0,24,0,0,27,0,27,0,8,43,0,51,22,0,22,73
02/02/2015,ILG,DE,AEA,EN,Towers with Radar,2,3,14,0,19,0,0,0,0,0,2,3,14,0,19,0,0,0,19
02/03/2015,ILG,DE,AEA,EN,Towers with Radar,0,5,36,5,46,0,6,23,10,39,0,11,59,15,85,8,36,44,129
02/04/2015,ILG,DE,AEA,EN,Towers with Radar,2,7,47,10,66,0,2,31,11,44,2,9,78,21,110,48,54,102,212
02/05/2015,ILG,DE,AEA,EN,Towers with Radar,2,5,30,9,46,0,3,8,6,17,2,8,38,15,63,0,30,30,93
02/06/2015,ILG,DE,AEA,EN,Towers with Radar,2,4,19,6,31,0,3,23,6,32,2,7,42,12,63,22,12,34,97
02/07/2015,ILG,DE,AEA,EN,Towers with Radar,0,3,10,0,13,0,1,45,12,58,0,4,55,12,71,70,0,70,141
02/08/2015,ILG,DE,AEA,EN,Towers with Radar,3,18,28,16,65,0,0,63,15,78,3,18,91,31,143,58,60,118,261
02/09/2015,ILG,DE,AEA,EN,Towers with Radar,3,15,22,4,44,0,1,0,0,1,3,16,22,4,45,0,0,0,45
02/10/2015,ILG,DE,AEA,EN,Towers with Radar,0,12,14,3,29,0,1,15,24,40,0,13,29,27,69,6,18,24,93
02/11/2015,ILG,DE,AEA,EN,Towers with Radar,2,11,28,6,47,0,3,43,21,67,2,14,71,27,114,80,138,218,332
02/12/2015,ILG,DE,AEA,EN,Towers with Radar,2,20,45,3,70,0,0,10,8,18,2,20,55,11,88,8,0,8,96
02/13/2015,ILG,DE,AEA,EN,Towers with Radar,2,10,19,0,31,0,3,10,2,15,2,13,29,2,46,22,0,22,68
02/14/2015,ILG,DE,AEA,EN,Towers with Radar,0,3,10,0,13,0,1,19,0,20,0,4,29,0,33,18,0,18,51
02/15/2015,ILG,DE,AEA,EN,Towers with Radar,0,4,7,0,11,0,0,0,0,0,0,4,7,0,11,0,0,0,11
02/16/2015,ILG,DE,AEA,EN,Towers with Radar,2,21,43,0,66,0,4,9,0,13,2,25,52,0,79,14,0,14,93
02/17/2015,ILG,DE,AEA,EN,Towers with Radar,0,9,14,11,34,0,5,4,13,22,0,14,18,24,56,6,20,26,82
02/18/2015,ILG,DE,AEA,EN,Towers with Radar,1,5,34,6,46,0,2,18,13,33,1,7,52,19,79,8,36,44,123
02/19/2015,ILG,DE,AEA,EN,Towers with Radar,2,14,36,6,58,0,9,10,10,29,2,23,46,16,87,0,10,10,97
02/20/2015,ILG,DE,AEA,EN,Towers with Radar,2,14,24,5,45,0,0,5,0,5,2,14,29,5,50,20,0,20,70
02/21/2015,ILG,DE,AEA,EN,Towers with Radar,0,0,7,0,7,0,3,0,0,3,0,3,7,0,10,0,0,0,10
02/22/2015,ILG,DE,AEA,EN,Towers with Radar,0,15,28,3,46,0,0,4,0,4,0,15,32,3,50,14,0,14,64
02/23/2015,ILG,DE,AEA,EN,Towers with Radar,3,9,54,7,73,0,11,11,1,23,3,20,65,8,96,0,0,0,96
02/24/2015,ILG,DE,AEA,EN,Towers with Radar,0,16,32,10,58,0,4,22,19,45,0,20,54,29,103,38,6,44,147
02/25/2015,ILG,DE,AEA,EN,Towers with Radar,2,15,39,10,66,0,6,9,14,29,2,21,48,24,95,10,26,36,131
02/26/2015,ILG,DE,AEA,EN,Towers with Radar,2,8,30,4,44,0,4,10,4,18,2,12,40,8,62,24,15,39,101
02/27/2015,ILG,DE,AEA,EN,Towers with Radar,2,12,20,2,36,0,4,9,2,15,2,16,29,4,51,42,0,42,93
02/28/2015,ILG,DE,AEA,EN,Towers with Radar,0,1,14,0,15,0,1,34,0,35,0,2,48,0,50,54,0,54,104
03/01/2015,ILG,DE,AEA,EN,Towers with Radar,1,7,18,0,26,0,0,0,0,0,1,7,18,0,26,0,0,0,26
03/02/2015,ILG,DE,AEA,EN,Towers with Radar,2,15,42,2,61,0,8,7,0,15,2,23,49,2,76,0,0,0,76
03/03/2015,ILG,DE,AEA,EN,Towers with Radar,2,3,19,7,31,0,1,7,11,19,2,4,26,18,50,0,36,36,86
03/04/2015,ILG,DE,AEA,EN,Towers with Radar,2,18,34,1,55,0,0,1,0,1,2,18,35,1,56,0,0,0,56
03/05/2015,ILG,DE,AEA,EN,Towers with Radar,0,1,4,0,5,0,0,0,0,0,0,1,4,0,5,0,0,0,5
03/06/2015,ILG,DE,AEA,EN,Towers with Radar,2,8,28,0,38,0,1,7,5,13,2,9,35,5,51,0,0,0,51
03/07/2015,ILG,DE,AEA,EN,Towers with Radar,0,1,15,0,16,0,4,26,13,43,0,5,41,13,59,20,76,96,155
03/08/2015,ILG,DE,AEA,EN,Towers with Radar,0,16,40,6,62,0,5,33,11,49,0,21,73,17,111,36,24,60,171
03/09/2015,ILG,DE,AEA,EN,Towers with Radar,2,5,48,8,63,0,6,48,3,57,2,11,96,11,120,46,20,66,186
03/10/2015,ILG,DE,AEA,EN,Towers with Radar,4,9,23,5,41,0,2,10,3,15,4,11,33,8,56,2,10,12,68
03/11/2015,ILG,DE,AEA,EN,Towers with Radar,2,11,35,11,59,0,1,37,11,49,2,12,72,22,108,64,54,118,226
03/12/2015,ILG,DE,AEA,EN,Towers with Radar,3,18,37,6,64,0,11,38,16,65,3,29,75,22,129,34,36,70,199
03/13/2015,ILG,DE,AEA,EN,Towers with Radar,2,17,28,3,50,0,9,32,2,43,2,26,60,5,93,46,24,70,163
03/14/2015,ILG,DE,AEA,EN,Towers with Radar,0,6,10,0,16,0,0,0,0,0,0,6,10,0,16,0,0,0,16
03/15/2015,ILG,DE,AEA,EN,Towers with Radar,2,14,36,0,52,0,1,12,0,13,2,15,48,0,65,8,0,8,73
03/16/2015,ILG,DE,AEA,EN,Towers with Radar,2,6,45,1,54,0,6,50,0,56,2,12,95,1,110,50,0,50,160
03/17/2015,ILG,DE,AEA,EN,Towers with Radar,2,7,26,10,45,0,2,13,13,28,2,9,39,23,73,16,30,46,119
03/18/2015,ILG,DE,AEA,EN,Towers with Radar,2,9,19,10,40,0,4,17,13,34,2,13,36,23,74,30,30,60,134
03/19/2015,ILG,DE,AEA,EN,Towers with Radar,1,16,49,10,76,0,9,45,11,65,1,25,94,21,141,68,23,91,232
03/20/2015,ILG,DE,AEA,EN,Towers with Radar,2,11,13,0,26,0,0,0,0,0,2,11,13,0,26,0,0,0,26
03/21/2015,ILG,DE,AEA,EN,Towers with Radar,0,3,18,0,21,0,1,45,0,46,0,4,63,0,67,52,6,58,125
03/22/2015,ILG,DE,AEA,EN,Towers with Radar,1,8,20,0,29,0,1,44,0,45,1,9,64,0,74,16,0,16,90
03/23/2015,ILG,DE,AEA,EN,Towers with Radar,4,13,27,10,54,0,0,12,1,13,4,13,39,11,67,0,28,28,95
03/24/2015,ILG,DE,AEA,EN,Towers with Radar,3,3,34,16,56,0,0,24,13,37,3,3,58,29,93,16,52,68,161
03/25/2015,ILG,DE,AEA,EN,Towers with Radar,2,6,26,9,43,0,1,12,12,25,2,7,38,21,68,0,36,36,104
03/26/2015,ILG,DE,AEA,EN,Towers with Radar,2,19,42,5,68,0,0,0,11,11,2,19,42,16,79,0,38,38,117
03/27/2015,ILG,DE,AEA,EN,Towers with Radar,2,9,25,3,39,0,0,9,0,9,2,9,34,3,48,0,0,0,48
03/28/2015,ILG,DE,AEA,EN,Towers with Radar,0,17,32,0,49,0,2,15,0,17,0,19,47,0,66,2,0,2,68
03/29/2015,ILG,DE,AEA,EN,Towers with Radar,2,18,49,2,71,0,2,83,1,86,2,20,132,3,157,16,0,16,173
03/30/2015,ILG,DE,AEA,EN,Towers with Radar,3,16,47,13,79,0,4,18,4,26,3,20,65,17,105,8,26,34,139
03/31/2015,ILG,DE,AEA,EN,Towers with Radar,2,13,37,17,69,0,1,13,20,34,2,14,50,37,103,18,68,86,189
04/01/2015,ILG,DE,AEA,EN,Towers with Radar,2,15,31,11,59,0,6,39,15,60,2,21,70,26,119,64,34,98,217
04/02/2015,ILG,DE,AEA,EN,Towers with Radar,2,9,32,5,48,0,3,25,5,33,2,12,57,10,81,34,20,54,135
04/03/2015,ILG,DE,AEA,EN,Towers with Radar,2,10,32,0,44,0,1,2,0,3,2,11,34,0,47,0,0,0,47
04/04/2015,ILG,DE,AEA,EN,Towers with Radar,0,9,12,0,21,0,1,8,0,9,0,10,20,0,30,0,0,0,30
04/05/2015,ILG,DE,AEA,EN,Towers with Radar,2,15,26,0,43,0,1,16,0,17,2,16,42,0,60,6,0,6,66
04/06/2015,ILG,DE,AEA,EN,Towers with Radar,2,6,27,9,44,0,2,51,9,62,2,8,78,18,106,34,26,60,166
04/07/2015,ILG,DE,AEA,EN,Towers with Radar,2,9,36,5,52,0,0,14,1,15,2,9,50,6,67,4,14,18,85
04/08/2015,ILG,DE,AEA,EN,Towers with Radar,2,5,21,2,30,0,0,0,0,0,2,5,21,2,30,0,0,0,30
04/09/2015,ILG,DE,AEA,EN,Towers with Radar,2,8,34,4,48,0,0,0,0,0,2,8,34,4,48,0,0,0,48
04/10/2015,ILG,DE,AEA,EN,Towers with Radar,2,12,37,2,53,0,0,0,0,0,2,12,37,2,53,0,0,0,53
04/11/2015,ILG,DE,AEA,EN,Towers with Radar,1,7,15,6,29,0,3,28,14,45,1,10,43,20,74,12,80,92,166
04/12/2015,ILG,DE,AEA,EN,Towers with Radar,2,9,26,2,39,0,4,104,20,128,2,13,130,22,167,84,12,96,263
04/13/2015,ILG,DE,AEA,EN,Towers with Radar,2,10,33,4,49,0,2,43,0,45,2,12,76,4,94,22,0,22,116
04/14/2015,ILG,DE,AEA,EN,Towers with Radar,3,11,34,7,55,0,1,5,16,22,3,12,39,23,77,24,50,74,151
04/15/2015,ILG,DE,AEA,EN,Towers with Radar,2,13,30,3,48,0,6,22,22,50,2,19,52,25,98,40,42,82,180
04/16/2015,ILG,DE,AEA,EN,Towers with Radar,0,6,28,10,44,0,3,28,24,55,0,9,56,34,99,28,34,62,161
04/17/2015,ILG,DE,AEA,EN,Towers with Radar,2,7,26,7,42,0,0,8,0,8,2,7,34,7,50,0,0,0,50
04/18/2015,ILG,DE,AEA,EN,Towers with Radar,0,5,13,0,18,0,3,62,0,65,0,8,75,0,83,16,0,16,99
04/19/2015,ILG,DE,AEA,EN,Towers with Radar,2,8,55,1,66,0,3,59,0,62,2,11,114,1,128,104,0,104,232
04/20/2015,ILG,DE,AEA,EN,Towers with Radar,2,4,38,1,45,0,4,3,4,11,2,8,41,5,56,0,8,8,64
04/21/2015,ILG,DE,AEA,EN,Towers with Radar,2,8,36,10,56,0,8,29,19,56,2,16,65,29,112,14,104,118,230
04/22/2015,ILG,DE,AEA,EN,Towers with Radar,2,14,33,5,54,0,6,17,13,36,2,20,50,18,90,8,12,20,110
04/23/2015,ILG,DE,AEA,EN,Towers with Radar,3,8,31,4,46,0,1,23,14,38,3,9,54,18,84,40,20,60,144
04/24/2015,ILG,DE,AEA,EN,Towers with Radar,2,10,36,3,51,0,4,10,11,25,2,14,46,14,76,0,22,22,98
04/25/2015,ILG,DE,AEA,EN,Towers with Radar,0,1,31,0,32,0,1,59,0,60,0,2,90,0,92,30,0,30,122
04/26/2015,ILG,DE,AEA,EN,Towers with Radar,2,12,23,0,37,0,0,40,0,40,2,12,63,0,77,56,0,56,133
04/27/2015,ILG,DE,AEA,EN,Towers with Radar,2,12,33,0,47,0,3,33,0,36,2,15,66,0,83,24,0,24,107
04/28/2015,ILG,DE,AEA,EN,Towers with Radar,2,10,38,5,55,0,1,28,9,38,2,11,66,14,93,52,28,80,173
04/29/2015,ILG,DE,AEA,EN,Towers with Radar,2,6,33,7,48,0,2,50,14,66,2,8,83,21,114,44,50,94,208
04/30/2015,ILG,DE,AEA,EN,Towers with Radar,0,14,39,6,59,0,2,37,22,61,0,16,76,28,120,8,16,24,144
05/01/2015,ILG,DE,AEA,EN,Towers with Radar,0,6,34,4,44,0,0,10,0,10,0,6,44,4,54,34,0,34,88
05/02/2015,ILG,DE,AEA,EN,Towers with Radar,1,9,16,0,26,0,2,73,15,90,1,11,89,15,116,116,0,116,232
05/03/2015,ILG,DE,AEA,EN,Towers with Radar,1,5,27,7,40,0,0,76,18,94,1,5,103,25,134,20,62,82,216
05/04/2015,ILG,DE,AEA,EN,Towers with Radar,0,12,49,2,63,0,7,23,6,36,0,19,72,8,99,20,14,34,133
05/05/2015,ILG,DE,AEA,EN,Towers with Radar,0,8,38,7,53,0,3,20,13,36,0,11,58,20,89,10,22,32,121
05/06/2015,ILG,DE,AEA,EN,Towers with Radar,0,18,41,5,64,0,2,9,21,32,0,20,50,26,96,20,58,78,174
05/07/2015,ILG,DE,AEA,EN,Towers with Radar,0,15,43,9,67,0,3,27,27,57,0,18,70,36,124,40,60,100,224
05/08/2015,ILG,DE,AEA,EN,Towers with Radar,0,4,29,5,38,0,0,17,8,25,0,4,46,13,63,12,0,12,75
05/09/2015,ILG,DE,AEA,EN,Towers with Radar,0,5,30,5,40,0,0,17,0,17,0,5,47,5,57,48,0,48,105
05/10/2015,ILG,DE,AEA,EN,Towers with Radar,0,4,21,0,25,0,2,14,0,16,0,6,35,0,41,0,0,0,41
05/11/2015,ILG,DE,AEA,EN,Towers with Radar,0,11,40,0,51,0,0,7,0,7,0,11,47,0,58,0,0,0,58
05/12/2015,ILG,DE,AEA,EN,Towers with Radar,0,13,38,6,57,0,0,24,9,33,0,13,62,15,90,14,28,42,132
05/13/2015,ILG,DE,AEA,EN,Towers with Radar,0,12,62,6,80,0,10,18,10,38,0,22,80,16,118,24,28,52,170
05/14/2015,ILG,DE,AEA,EN,Towers with Radar,0,17,40,4,61,0,4,53,15,72,0,21,93,19,133,8,24,32,165
05/15/2015,ILG,DE,AEA,EN,Towers with Radar,0,14,42,4,60,0,1,45,2,48,0,15,87,6,108,18,0,18,126
05/16/2015,ILG,DE,AEA,EN,Towers with Radar,0,5,26,2,33,0,4,36,3,43,0,9,62,5,76,10,0,10,86
05/17/2015,ILG,DE,AEA,EN,Towers with Radar,1,15,52,1,69,0,13,14,4,31,1,28,66,5,100,20,0,20,120
05/18/2015,ILG,DE,AEA,EN,Towers with Radar,1,7,47,8,63,0,10,7,11,28,1,17,54,19,91,16,0,16,107
05/19/2015,ILG,DE,AEA,EN,Towers with Radar,0,13,39,10,62,0,3,10,10,23,0,16,49,20,85,16,24,40,125
05/20/2015,ILG,DE,AEA,EN,Towers with Radar,0,16,33,8,57,0,1,31,10,42,0,17,64,18,99,20,14,34,133
05/21/2015,ILG,DE,AEA,EN,Towers with Radar,0,16,42,14,72,0,8,30,9,47,0,24,72,23,119,22,18,40,159
05/22/2015,ILG,DE,AEA,EN,Towers with Radar,0,14,25,0,39,0,3,9,2,14,0,17,34,2,53,0,0,0,53
05/23/2015,ILG,DE,AEA,EN,Towers with Radar,0,3,19,0,22,0,0,58,0,58,0,3,77,0,80,72,0,72,152
05/24/2015,ILG,DE,AEA,EN,Towers with Radar,0,4,22,0,26,0,0,47,0,47,0,4,69,0,73,32,0,32,105
05/25/2015,ILG,DE,AEA,EN,Towers with Radar,0,12,45,0,57,0,7,36,0,43,0,19,81,0,100,26,0,26,126
05/26/2015,ILG,DE,AEA,EN,Towers with Radar,0,5,41,6,52,0,4,48,13,65,0,9,89,19,117,6,24,30,147
05/27/2015,ILG,DE,AEA,EN,Towers with Radar,0,8,40,6,54,0,5,5,16,26,0,13,45,22,80,14,22,36,116
05/28/2015,ILG,DE,AEA,EN,Towers with Radar,8,12,75,7,102,0,0,26,11,37,8,12,101,18,139,10,24,34,173
05/29/2015,ILG,DE,AEA,EN,Towers with Radar,1,16,29,2,48,0,0,19,0,19,1,16,48,2,67,40,0,40,107
05/30/2015,ILG,DE,AEA,EN,Towers with Radar,4,6,18,0,28,0,1,30,0,31,4,7,48,0,59,0,0,0,59
05/31/2015,ILG,DE,AEA,EN,Towers with Radar,8,15,60,2,85,0,0,45,0,45,8,15,105,2,130,22,0,22,152
06/01/2015,ILG,DE,AEA,EN,Towers with Radar,0,15,32,5,52,0,1,4,0,5,0,16,36,5,57,14,0,14,71
06/02/2015,ILG,DE,AEA,EN,Towers with Radar,0,8,39,6,53,0,0,0,0,0,0,8,39,6,53,0,0,0,53
06/03/2015,ILG,DE,AEA,EN,Towers with Radar,0,13,53,2,68,0,2,21,5,28,0,15,74,7,96,40,0,40,136
06/04/2015,ILG,DE,AEA,EN,Towers with Radar,3,12,44,4,63,0,7,21,8,36,3,19,65,12,99,24,0,24,123
06/05/2015,ILG,DE,AEA,EN,Towers with Radar,0,11,31,2,44,0,1,17,0,18,0,12,48,2,62,12,0,12,74
06/06/2015,ILG,DE,AEA,EN,Towers with Radar,2,14,20,1,37,0,0,9,4,13,2,14,29,5,50,0,0,0,50
06/07/2015,ILG,DE,AEA,EN,Towers with Radar,0,10,32,2,44,0,3,66,15,84,0,13,98,17,128,66,32,98,226
06/08/2015,ILG,DE,AEA,EN,Towers with Radar,0,4,35,2,41,0,2,14,0,16,0,6,49,2,57,26,0,26,83
06/09/2015,ILG,DE,AEA,EN,Towers with Radar,0,7,41,9,57,0,4,20,2,26,0,11,61,11,83,4,0,4,87
06/10/2015,ILG,DE,AEA,EN,Towers with Radar,0,28,65,5,98,0,3,47,15,65,0,31,112,20,163,36,16,52,215
06/11/2015,ILG,DE,AEA,EN,Towers with Radar,0,10,48,11,69,0,3,43,8,54,0,13,91,19,123,36,16,52,175
06/12/2015,ILG,DE,AEA,EN,Towers with Radar,0,9,31,2,42,0,0,26,9,35,0,9,57,11,77,18,0,18,95
06/13/2015,ILG,DE,AEA,EN,Towers with Radar,0,5,14,0,19,0,4,27,0,31,0,9,41,0,50,28,0,28,78
06/14/2015,ILG,DE,AEA,EN,Towers with Radar,0,9,29,0,38,0,1,46,0,47,0,10,75,0,85,50,0,50,135
06/15/2015,ILG,DE,AEA,EN,Towers with Radar,0,12,40,14,66,0,2,28,2,32,0,14,68,16,98,18,22,40,138
06/16/2015,ILG,DE,AEA,EN,Towers with Radar,0,18,28,4,50,0,5,32,2,39,0,23,60,6,89,44,0,44,133
06/17/2015,ILG,DE,AEA,EN,Towers with Radar,0,7,49,6,62,0,5,31,6,42,0,12,80,12,104,4,20,24,128
06/18/2015,ILG,DE,AEA,EN,Towers with Radar,0,10,40,8,58,0,0,0,2,2,0,10,40,10,60,0,18,18,78
06/19/2015,ILG,DE,AEA,EN,Towers with Radar,0,11,26,7,44,0,3,50,6,59,0,14,76,13,103,0,24,24,127
06/20/2015,ILG,DE,AEA,EN,Towers with Radar,0,12,19,0,31,0,1,16,0,17,0,13,35,0,48,6,0,6,54
06/21/2015,ILG,DE,AEA,EN,Towers with Radar,0,7,29,0,36,0,5,28,0,33,0,12,57,0,69,38,0,38,107
06/22/2015,ILG,DE,AEA,EN,Towers with Radar,0,8,37,1,46,0,5,48,0,53,0,13,85,1,99,30,0,30,129
06/23/2015,ILG,DE,AEA,EN,Towers with Radar,0,5,39,4,48,0,0,7,5,12,0,5,46,9,60,0,66,66,126
06/24/2015,ILG,DE,AEA,EN,Towers with Radar,0,12,43,4,59,0,7,52,12,71,0,19,95,16,130,82,36,118,248
06/25/2015,ILG,DE,AEA,EN,Towers with Radar,0,12,30,9,51,0,2,22,8,32,0,14,52,17,83,46,36,82,165
06/26/2015,ILG,DE,AEA,EN,Towers with Radar,0,9,38,3,50,0,3,19,0,22,0,12,57,3,72,14,0,14,86
06/27/2015,ILG,DE,AEA,EN,Towers with Radar,0,7,22,0,29,0,0,1,0,1,0,7,23,0,30,0,0,0,30
06/28/2015,ILG,DE,AEA,EN,Towers with Radar,0,13,36,1,50,0,1,34,0,35,0,14,70,1,85,54,0,54,139
06/29/2015,ILG,DE,AEA,EN,Towers with Radar,0,8,38,2,48,0,8,45,0,53,0,16,83,2,101,50,0,50,151
06/30/2015,ILG,DE,AEA,EN,Towers with Radar,0,8,35,2,45,0,0,22,14,36,0,8,57,16,81,20,0,20,101
07/01/2015,ILG,DE,AEA,EN,Towers with Radar,0,11,40,3,54,0,3,31,12,46,0,14,71,15,100,12,10,22,122
07/02/2015,ILG,DE,AEA,EN,Towers with Radar,0,6,26,10,42,0,2,20,4,26,0,8,46,14,68,8,6,14,82
07/03/2015,ILG,DE,AEA,EN,Towers with Radar,0,1,11,0,12,0,2,16,0,18,0,3,27,0,30,18,0,18,48
07/04/2015,ILG,DE,AEA,EN,Towers with Radar,0,5,12,0,17,0,0,3,0,3,0,5,15,0,20,8,0,8,28
07/05/2015,ILG,DE,AEA,EN,Towers with Radar,0,9,44,0,53,0,2,54,0,56,0,11,98,0,109,38,0,38,147
07/06/2015,ILG,DE,AEA,EN,Towers with Radar,2,9,30,0,41,0,5,11,0,16,2,14,41,0,57,0,0,0,57
07/07/2015,ILG,DE,AEA,EN,Towers with Radar,0,16,23,14,53,0,4,31,23,58,0,20,54,37,111,16,16,32,143
07/08/2015,ILG,DE,AEA,EN,Towers with Radar,0,10,30,2,42,0,3,32,8,43,0,13,62,10,85,6,2,8,93
07/09/2015,ILG,DE,AEA,EN,Towers with Radar,1,20,35,5,61,0,3,13,5,21,1,23,48,10,82,2,32,34,116
07/10/2015,ILG,DE,AEA,EN,Towers with Radar,0,8,27,4,39,0,15,41,3,59,0,23,68,7,98,14,0,14,112
07/11/2015,ILG,DE,AEA,EN,Towers with Radar,0,10,29,1,40,0,1,47,3,51,0,11,76,4,91,56,2,58,149
07/12/2015,ILG,DE,AEA,EN,Towers with Radar,0,7,60,3,70,0,4,65,11,80,0,11,125,14,150,30,8,38,188
07/13/2015,ILG,DE,AEA,EN,Towers with Radar,0,12,29,6,47,0,11,21,3,35,0,23,50,9,82,30,20,50,132
07/14/2015,ILG,DE,AEA,EN,Towers with Radar,0,11,45,7,63,0,0,5,11,16,0,11,50,18,79,6,32,38,117
07/15/2015,ILG,DE,AEA,EN,Towers with Radar,0,7,33,8,48,0,0,26,10,36,0,7,59,18,84,6,20,26,110
07/16/2015,ILG,DE,AEA,EN,Towers with Radar,0,12,36,9,57,0,6,38,15,59,0,18,74,24,116,18,26,44,160
07/17/2015,ILG,DE,AEA,EN,Towers with Radar,0,6,33,2,41,0,3,61,1,65,0,9,94,3,106,44,0,44,150
07/18/2015,ILG,DE,AEA,EN,Towers with Radar,0,11,24,0,35,0,3,11,0,14,0,14,35,0,49,34,0,34,83
07/19/2015,ILG,DE,AEA,EN,Towers with Radar,0,6,22,0,28,0,3,47,0,50,0,9,69,0,78,48,0,48,126
07/20/2015,ILG,DE,AEA,EN,Towers with Radar,0,12,45,2,59,0,4,25,0,29,0,16,70,2,88,16,0,16,104
07/21/2015,ILG,DE,AEA,EN,Towers with Radar,0,6,32,5,43,0,6,30,10,46,0,12,62,15,89,10,38,48,137
07/22/2015,ILG,DE,AEA,EN,Towers with Radar,0,6,41,4,51,0,5,39,12,56,0,11,80,16,107,46,14,60,167
07/23/2015,ILG,DE,AEA,EN,Towers with Radar,0,7,36,12,55,0,12,49,16,77,0,19,85,28,132,50,8,58,190
07/24/2015,ILG,DE,AEA,EN,Towers with Radar,0,12,33,1,46,0,2,42,3,47,0,14,75,4,93,30,2,32,125
07/25/2015,ILG,DE,AEA,EN,Towers with Radar,0,8,18,0,26,0,0,50,0,50,0,8,68,0,76,22,0,22,98
07/26/2015,ILG,DE,AEA,EN,Towers with Radar,0,14,27,0,41,0,1,43,0,44,0,15,70,0,85,34,0,34,119
07/27/2015,ILG,DE,AEA,EN,Towers with Radar,1,7,40,8,56,0,6,23,1,30,1,13,63,9,86,20,0,20,106
07/28/2015,ILG,DE,AEA,EN,Towers with Radar,0,13,29,8,50,0,2,17,11,30,0,15,46,19,80,16,38,54,134
07/29/2015,ILG,DE,AEA,EN,Towers with Radar,0,10,36,7,53,0,4,38,7,49,0,14,74,14,102,36,42,78,180
07/30/2015,ILG,DE,AEA,EN,Towers with Radar,0,10,37,5,52,0,1,18,13,32,0,11,55,18,84,2,22,24,108
07/31/2015,ILG,DE,AEA,EN,Towers with Radar,0,10,37,4,51,0,0,16,2,18,0,10,53,6,69,8,0,8,77
08/01/2015,ILG,DE,AEA,EN,Towers with Radar,0,3,23,0,26,0,4,46,10,60,0,7,69,10,86,56,0,56,142
08/02/2015,ILG,DE,AEA,EN,Towers with Radar,0,13,32,9,54,0,3,58,14,75,0,16,90,23,129,34,24,58,187
08/03/2015,ILG,DE,AEA,EN,Towers with Radar,0,6,35,0,41,0,3,20,0,23,0,9,55,0,64,20,0,20,84
08/04/2015,ILG,DE,AEA,EN,Towers with Radar,0,8,24,0,32,0,5,20,11,36,0,13,44,11,68,40,8,48,116
08/05/2015,ILG,DE,AEA,EN,Towers with Radar,0,8,57,7,72,0,4,26,9,39,0,12,83,16,111,32,28,60,171
08/06/2015,ILG,DE,AEA,EN,Towers with Radar,0,17,44,4,65,0,4,28,13,45,0,21,72,17,110,10,21,31,141
08/07/2015,ILG,DE,AEA,EN,Towers with Radar,0,10,27,0,37,0,0,16,0,16,0,10,43,0,53,12,0,12,65
08/08/2015,ILG,DE,AEA,EN,Towers with Radar,1,6,23,1,31,0,2,44,0,46,1,8,67,1,77,32,0,32,109
08/09/2015,ILG,DE,AEA,EN,Towers with Radar,0,8,43,3,54,0,1,49,12,62,0,9,92,15,116,22,14,36,152
08/10/2015,ILG,DE,AEA,EN,Towers with Radar,0,9,43,14,66,0,5,30,13,48,0,14,73,27,114,34,46,80,194
08/11/2015,ILG,DE,AEA,EN,Towers with Radar,0,6,23,0,29,0,1,5,12,18,0,7,28,12,47,8,10,18,65
08/12/2015,ILG,DE,AEA,EN,Towers with Radar,0,11,50,4,65,0,10,48,11,69,0,21,98,15,134,68,20,88,222
08/13/2015,ILG,DE,AEA,EN,Towers with Radar,1,15,50,12,78,0,6,42,16,64,1,21,92,28,142,16,14,30,172
08/14/2015,ILG,DE,AEA,EN,Towers with Radar,0,7,42,1,50,0,1,21,4,26,0,8,63,5,76,10,8,18,94
08/15/2015,ILG,DE,AEA,EN,Towers with Radar,2,5,13,1,21,0,4,36,1,41,2,9,49,2,62,18,0,18,80
08/16/2015,ILG,DE,AEA,EN,Towers with Radar,0,25,36,2,63,0,4,43,2,49,0,29,79,4,112,10,0,10,122
08/17/2015,ILG,DE,AEA,EN,Towers with Radar,0,12,40,4,56,0,7,30,12,49,0,19,70,16,105,14,10,24,129
08/18/2015,ILG,DE,AEA,EN,Towers with Radar,0,9,38,15,62,0,3,18,16,37,0,12,56,31,99,42,36,78,177
08/19/2015,ILG,DE,AEA,EN,Towers with Radar,0,13,29,3,45,0,3,17,3,23,0,16,46,6,68,18,16,34,102
08/20/2015,ILG,DE,AEA,EN,Towers with Radar,0,15,39,6,60,0,4,0,2,6,0,19,39,8,66,0,16,16,82
08/21/2015,ILG,DE,AEA,EN,Towers with Radar,0,11,40,3,54,0,1,17,5,23,0,12,57,8,77,14,0,14,91
08/22/2015,ILG,DE,AEA,EN,Towers with Radar,0,7,17,4,28,0,2,35,5,42,0,9,52,9,70,24,24,48,118
08/23/2015,ILG,DE,AEA,EN,Towers with Radar,0,10,29,4,43,0,7,52,6,65,0,17,81,10,108,58,10,68,176
08/24/2015,ILG,DE,AEA,EN,Towers with Radar,0,15,42,3,60,0,9,40,4,53,0,24,82,7,113,54,30,84,197
08/25/2015,ILG,DE,AEA,EN,Towers with Radar,0,9,40,12,61,0,12,45,8,65,0,21,85,20,126,64,14,78,204
08/26/2015,ILG,DE,AEA,EN,Towers with Radar,0,6,45,6,57,0,5,43,8,56,0,11,88,14,113,16,0,16,129
08/27/2015,ILG,DE,AEA,EN,Towers with Radar,0,11,42,8,61,0,9,48,15,72,0,20,90,23,133,24,24,48,181
08/28/2015,ILG,DE,AEA,EN,Towers with Radar,0,7,39,0,46,0,7,24,0,31,0,14,63,0,77,30,0,30,107
08/29/2015,ILG,DE,AEA,EN,Towers with Radar,0,3,14,0,17,0,2,41,1,44,0,5,55,1,61,10,0,10,71
08/30/2015,ILG,DE,AEA,EN,Towers with Radar,0,17,52,3,72,0,0,60,1,61,0,17,112,4,133,60,0,60,193
08/31/2015,ILG,DE,AEA,EN,Towers with Radar,0,10,41,2,53,0,10,37,8,55,0,20,78,10,108,22,38,60,168
09/01/2015,ILG,DE,AEA,EN,Towers with Radar,0,7,39,10,56,0,2,27,7,36,0,9,66,17,92,12,38,50,142
09/02/2015,ILG,DE,AEA,EN,Towers with Radar,0,7,20,3,30,0,1,15,17,33,0,8,35,20,63,10,14,24,87
09/03/2015,ILG,DE,AEA,EN,Towers with Radar,0,11,36,8,55,0,4,43,5,52,0,15,79,13,107,24,6,30,137
09/04/2015,ILG,DE,AEA,EN,Towers with Radar,0,7,37,0,44,0,4,27,0,31,0,11,64,0,75,29,26,55,130
09/05/2015,ILG,DE,AEA,EN,Towers with Radar,0,8,14,0,22,0,0,16,0,16,0,8,30,0,38,10,0,10,48
09/06/2015,ILG,DE,AEA,EN,Towers with Radar,0,2,30,0,32,0,2,49,0,51,0,4,79,0,83,36,0,36,119
09/07/2015,ILG,DE,AEA,EN,Towers with Radar,0,6,20,0,26,0,1,22,0,23,0,7,42,0,49,2,0,2,51
09/08/2015,ILG,DE,AEA,EN,Towers with Radar,0,15,26,8,49,0,2,50,10,62,0,17,76,18,111,56,0,56,167
09/09/2015,ILG,DE,AEA,EN,Towers with Radar,0,6,30,1,37,0,2,38,21,61,0,8,68,22,98,46,34,80,178
09/10/2015,ILG,DE,AEA,EN,Towers with Radar,0,12,26,1,39,0,0,0,0,0,0,12,26,1,39,0,0,0,39
09/11/2015,ILG,DE,AEA,EN,Towers with Radar,1,10,48,7,66,0,3,35,9,47,1,13,83,16,113,54,0,54,167
09/12/2015,ILG,DE,AEA,EN,Towers with Radar,0,4,17,2,23,0,2,8,5,15,0,6,25,7,38,14,18,32,70
09/13/2015,ILG,DE,AEA,EN,Towers with Radar,0,10,28,7,45,0,2,32,10,44,0,12,60,17,89,52,30,82,171
09/14/2015,ILG,DE,AEA,EN,Towers with Radar,0,14,30,0,44,0,4,24,0,28,0,18,54,0,72,18,0,18,90
09/15/2015,ILG,DE,AEA,EN,Towers with Radar,0,11,25,2,38,0,1,40,15,56,0,12,65,17,94,20,8,28,122
09/16/2015,ILG,DE,AEA,EN,Towers with Radar,0,17,41,3,61,0,11,31,15,57,0,28,72,18,118,38,30,68,186
09/17/2015,ILG,DE,AEA,EN,Towers with Radar,0,7,33,4,44,0,7,39,15,61,0,14,72,19,105,58,40,98,203
09/18/2015,ILG,DE,AEA,EN,Towers with Radar,0,13,28,0,41,0,4,22,0,26,0,17,50,0,67,2,0,2,69
09/19/2015,ILG,DE,AEA,EN,Towers with Radar,0,1,25,0,26,0,4,21,0,25,0,5,46,0,51,16,0,16,67
09/20/2015,ILG,DE,AEA,EN,Towers with Radar,0,10,37,3,50,0,2,43,0,45,0,12,80,3,95,34,0,34,129
09/21/2015,ILG,DE,AEA,EN,Towers with Radar,0,7,38,1,46,0,3,20,5,28,0,10,58,6,74,10,22,32,106
09/22/2015,ILG,DE,AEA,EN,Towers with Radar,0,8,34,9,51,0,3,30,9,42,0,11,64,18,93,32,14,46,139
09/23/2015,ILG,DE,AEA,EN,Towers with Radar,0,6,29,15,50,0,8,24,19,51,0,14,53,34,101,28,24,52,153
09/24/2015,ILG,DE,AEA,EN,Towers with Radar,0,6,37,6,49,0,4,50,13,67,0,10,87,19,116,60,4,64,180
09/25/2015,ILG,DE,AEA,EN,Towers with Radar,2,14,41,1,58,0,4,11,4,19,2,18,52,5,77,24,0,24,101
09/26/2015,ILG,DE,AEA,EN,Towers with Radar,2,9,17,0,28,0,9,26,12,47,2,18,43,12,75,0,0,0,75
09/27/2015,ILG,DE,AEA,EN,Towers with Radar,1,15,49,6,71,0,4,17,14,35,1,19,66,20,106,0,0,0,106
09/28/2015,ILG,DE,AEA,EN,Towers with Radar,0,14,40,2,56,0,0,19,1,20,0,14,59,3,76,30,0,30,106
09/29/2015,ILG,DE,AEA,EN,Towers with Radar,0,11,36,1,48,0,0,7,0,7,0,11,43,1,55,12,0,12,67
09/30/2015,ILG,DE,AEA,EN,Towers with Radar,0,25,41,7,73,0,5,12,1,18,0,30,53,8,91,0,0,0,91
10/01/2015,ILG,DE,AEA,EN,Towers with Radar,4,8,57,2,71,0,3,1,1,5,4,11,58,3,76,0,4,4,80
10/02/2015,ILG,DE,AEA,EN,Towers with Radar,2,9,21,0,32,0,0,0,0,0,2,9,21,0,32,0,0,0,32
10/03/2015,ILG,DE,AEA,EN,Towers with Radar,2,4,15,0,21,0,0,0,0,0,2,4,15,0,21,0,0,0,21
10/04/2015,ILG,DE,AEA,EN,Towers with Radar,10,13,46,0,69,0,0,12,0,12,10,13,58,0,81,6,0,6,87
10/05/2015,ILG,DE,AEA,EN,Towers with Radar,0,14,38,7,59,0,8,28,4,40,0,22,66,11,99,84,12,96,195
10/06/2015,ILG,DE,AEA,EN,Towers with Radar,0,7,61,4,72,0,4,51,5,60,0,11,112,9,132,72,14,86,218
10/07/2015,ILG,DE,AEA,EN,Towers with Radar,0,11,35,5,51,0,9,37,5,51,0,20,72,10,102,78,30,108,210
10/08/2015,ILG,DE,AEA,EN,Towers with Radar,0,10,40,15,65,0,3,65,8,76,0,13,105,23,141,28,28,56,197
10/09/2015,ILG,DE,AEA,EN,Towers with Radar,0,18,40,0,58,0,0,11,4,15,0,18,51,4,73,0,0,0,73
10/10/2015,ILG,DE,AEA,EN,Towers with Radar,0,13,19,5,37,0,2,49,0,51,0,15,68,5,88,28,0,28,116
10/11/2015,ILG,DE,AEA,EN,Towers with Radar,0,11,38,0,49,0,1,62,0,63,0,12,100,0,112,64,0,64,176
10/12/2015,ILG,DE,AEA,EN,Towers with Radar,0,14,31,0,45,0,5,59,0,64,0,19,90,0,109,85,0,85,194
10/13/2015,ILG,DE,AEA,EN,Towers with Radar,0,16,25,2,43,0,0,27,7,34,0,16,52,9,77,64,70,134,211
10/14/2015,ILG,DE,AEA,EN,Towers with Radar,0,7,32,2,41,0,4,27,15,46,0,11,59,17,87,58,34,92,179
10/15/2015,ILG,DE,AEA,EN,Towers with Radar,1,16,51,1,69,0,3,27,4,34,1,19,78,5,103,66,15,81,184
10/16/2015,ILG,DE,AEA,EN,Towers with Radar,1,12,35,5,53,0,3,31,2,36,1,15,66,7,89,26,2,28,117
10/17/2015,ILG,DE,AEA,EN,Towers with Radar,2,11,26,10,49,0,22,53,13,88,2,33,79,23,137,30,127,157,294
10/18/2015,ILG,DE,AEA,EN,Towers with Radar,1,7,38,0,46,0,1,37,17,55,1,8,75,17,101,26,24,50,151
10/19/2015,ILG,DE,AEA,EN,Towers with Radar,0,9,27,1,37,0,2,53,0,55,0,11,80,1,92,66,0,66,158
10/20/2015,ILG,DE,AEA,EN,Towers with Radar,0,12,23,4,39,0,6,34,10,50,0,18,57,14,89,42,4,46,135
10/21/2015,ILG,DE,AEA,EN,Towers with Radar,0,12,30,5,47,0,4,38,12,54,0,16,68,17,101,18,18,36,137
10/22/2015,ILG,DE,AEA,EN,Towers with Radar,0,11,47,0,58,0,5,29,10,44,0,16,76,10,102,42,20,62,164
10/23/2015,ILG,DE,AEA,EN,Towers with Radar,0,7,44,0,51,0,2,21,6,29,0,9,65,6,80,0,0,0,80
10/24/2015,ILG,DE,AEA,EN,Towers with Radar,0,6,16,0,22,0,0,60,6,66,0,6,76,6,88,24,0,24,112
10/25/2015,ILG,DE,AEA,EN,Towers with Radar,0,14,38,0,52,0,1,26,0,27,0,15,64,0,79,0,0,0,79
10/26/2015,ILG,DE,AEA,EN,Towers with Radar,1,14,41,2,58,0,7,30,2,39,1,21,71,4,97,7,0,7,104
10/27/2015,ILG,DE,AEA,EN,Towers with Radar,0,19,29,5,53,0,2,42,12,56,0,21,71,17,109,34,14,48,157
10/28/2015,ILG,DE,AEA,EN,Towers with Radar,0,13,21,6,40,0,0,1,0,1,0,13,22,6,41,0,0,0,41
10/29/2015,ILG,DE,AEA,EN,Towers with Radar,0,19,54,0,73,0,2,18,5,25,0,21,72,5,98,38,0,38,136
10/30/2015,ILG,DE,AEA,EN,Towers with Radar,1,13,42,0,56,0,5,34,0,39,1,18,76,0,95,48,0,48,143
10/31/2015,ILG,DE,AEA,EN,Towers with Radar,1,6,13,0,20,0,2,70,0,72,1,8,83,0,92,38,0,38,130
11/01/2015,ILG,DE,AEA,EN,Towers with Radar,0,10,41,0,51,0,0,32,0,32,0,10,73,0,83,48,0,48,131
11/02/2015,ILG,DE,AEA,EN,Towers with Radar,0,5,18,5,28,0,6,24,1,31,0,11,42,6,59,16,0,16,75
11/03/2015,ILG,DE,AEA,EN,Towers with Radar,0,15,37,7,59,0,4,67,13,84,0,19,104,20,143,68,52,120,263
11/04/2015,ILG,DE,AEA,EN,Towers with Radar,0,19,25,3,47,0,5,48,12,65,0,24,73,15,112,64,8,72,184
11/05/2015,ILG,DE,AEA,EN,Towers with Radar,0,10,37,3,50,0,0,0,0,0,0,10,37,3,50,0,0,0,50
11/06/2015,ILG,DE,AEA,EN,Towers with Radar,0,17,29,7,53,0,0,2,4,6,0,17,31,11,59,0,0,0,59
11/07/2015,ILG,DE,AEA,EN,Towers with Radar,0,4,28,14,46,0,0,25,9,34,0,4,53,23,80,74,10,84,164
11/08/2015,ILG,DE,AEA,EN,Towers with Radar,0,10,31,2,43,0,3,83,20,106,0,13,114,22,149,60,24,84,233
11/09/2015,ILG,DE,AEA,EN,Towers with Radar,0,12,35,0,47,0,3,24,0,27,0,15,59,0,74,34,0,34,108
11/10/2015,ILG,DE,AEA,EN,Towers with Radar,0,7,26,0,33,0,0,0,0,0,0,7,26,0,33,0,0,0,33
11/11/2015,ILG,DE,AEA,EN,Towers with Radar,0,9,28,0,37,0,2,18,0,20,0,11,46,0,57,8,0,8,65
11/12/2015,ILG,DE,AEA,EN,Towers with Radar,0,16,38,4,58,0,17,13,2,32,0,33,51,6,90,6,14,20,110
11/13/2015,ILG,DE,AEA,EN,Towers with Radar,0,11,32,1,44,0,1,12,2,15,0,12,44,3,59,14,16,30,89
11/14/2015,ILG,DE,AEA,EN,Towers with Radar,0,8,13,2,23,0,0,18,0,18,0,8,31,2,41,24,0,24,65
11/15/2015,ILG,DE,AEA,EN,Towers with Radar,0,6,46,1,53,0,0,69,0,69,0,6,115,1,122,96,0,96,218
11/16/2015,ILG,DE,AEA,EN,Towers with Radar,1,7,35,6,49,0,3,45,3,51,1,10,80,9,100,78,22,100,200
11/17/2015,ILG,DE,AEA,EN,Towers with Radar,0,9,34,3,46,0,1,32,11,44,0,10,66,14,90,30,29,59,149
11/18/2015,ILG,DE,AEA,EN,Towers with Radar,0,12,34,2,48,0,5,18,13,36,0,17,52,15,84,30,28,58,142
11/19/2015,ILG,DE,AEA,EN,Towers with Radar,0,19,34,0,53,0,0,0,0,0,0,19,34,0,53,0,0,0,53
11/20/2015,ILG,DE,AEA,EN,Towers with Radar,2,13,31,0,46,0,2,9,0,11,2,15,40,0,57,16,0,16,73
11/21/2015,ILG,DE,AEA,EN,Towers with Radar,2,9,21,0,32,0,3,53,1,57,2,12,74,1,89,86,0,86,175
11/22/2015,ILG,DE,AEA,EN,Towers with Radar,0,6,30,0,36,0,2,29,0,31,0,8,59,0,67,20,0,20,87
11/23/2015,ILG,DE,AEA,EN,Towers with Radar,0,7,23,10,40,0,3,33,2,38,0,10,56,12,78,32,6,38,116
11/24/2015,ILG,DE,AEA,EN,Towers with Radar,0,14,42,6,62,0,6,38,11,55,0,20,80,17,117,60,50,110,227
11/25/2015,ILG,DE,AEA,EN,Towers with Radar,0,14,33,0,47,0,11,58,0,69,0,25,91,0,116,76,0,76,192
11/26/2015,ILG,DE,AEA,EN,Towers with Radar,0,3,10,0,13,0,0,15,0,15,0,3,25,0,28,6,0,6,34
11/27/2015,ILG,DE,AEA,EN,Towers with Radar,0,4,10,0,14,0,5,27,0,32,0,9,37,0,46,30,0,30,76
11/28/2015,ILG,DE,AEA,EN,Towers with Radar,0,10,22,0,32,0,4,44,0,48,0,14,66,0,80,38,0,38,118
11/29/2015,ILG,DE,AEA,EN,Towers with Radar,0,12,45,3,60,0,3,24,0,27,0,15,69,3,87,46,0,46,133
11/30/2015,ILG,DE,AEA,EN,Towers with Radar,0,10,34,0,44,0,2,14,0,16,0,12,48,0,60,28,0,28,88
12/01/2015,ILG,DE,AEA,EN,Towers with Radar,0,7,33,0,40,0,0,0,0,0,0,7,33,0,40,0,0,0,40
12/02/2015,ILG,DE,AEA,EN,Towers with Radar,0,7,33,2,42,0,0,0,0,0,0,7,33,2,42,0,0,0,42
12/03/2015,ILG,DE,AEA,EN,Towers with Radar,0,10,40,4,54,0,2,13,1,16,0,12,53,5,70,0,20,20,90
12/04/2015,ILG,DE,AEA,EN,Towers with Radar,0,9,27,0,36,0,2,46,0,48,0,11,73,0,84,60,0,60,144
12/05/2015,ILG,DE,AEA,EN,Towers with Radar,0,7,15,3,25,0,2,32,4,38,0,9,47,7,63,40,8,48,111
12/06/2015,ILG,DE,AEA,EN,Towers with Radar,0,6,25,0,31,0,0,65,1,66,0,6,90,1,97,94,0,94,191
12/07/2015,ILG,DE,AEA,EN,Towers with Radar,0,8,30,2,40,0,4,20,3,27,0,12,50,5,67,66,0,66,133
12/08/2015,ILG,DE,AEA,EN,Towers with Radar,0,6,36,11,53,0,0,40,5,45,0,6,76,16,98,24,16,40,138
12/09/2015,ILG,DE,AEA,EN,Towers with Radar,0,12,45,3,60,0,9,20,18,47,0,21,65,21,107,44,22,66,173
12/10/2015,ILG,DE,AEA,EN,Towers with Radar,0,7,44,4,55,0,2,30,5,37,0,9,74,9,92,38,6,44,136
12/11/2015,ILG,DE,AEA,EN,Towers with Radar,0,5,47,5,57,0,0,15,2,17,0,5,62,7,74,20,0,20,94
12/12/2015,ILG,DE,AEA,EN,Towers with Radar,0,7,19,0,26,0,0,25,0,25,0,7,44,0,51,88,0,88,139
12/13/2015,ILG,DE,AEA,EN,Towers with Radar,0,13,23,3,39,0,0,40,0,40,0,13,63,3,79,62,0,62,141
12/14/2015,ILG,DE,AEA,EN,Towers with Radar,0,8,40,2,50,0,1,7,8,16,0,9,47,10,66,6,14,20,86
12/15/2015,ILG,DE,AEA,EN,Towers with Radar,0,13,39,1,53,0,0,14,15,29,0,13,53,16,82,10,14,24,106
12/16/2015,ILG,DE,AEA,EN,Towers with Radar,0,17,48,9,74,0,4,41,8,53,0,21,89,17,127,112,36,148,275
12/17/2015,ILG,DE,AEA,EN,Towers with Radar,0,6,43,3,52,0,0,2,0,2,0,6,45,3,54,18,0,18,72
12/18/2015,ILG,DE,AEA,EN,Towers with Radar,0,8,25,2,35,0,1,11,0,12,0,9,36,2,47,22,0,22,69
12/19/2015,ILG,DE,AEA,EN,Towers with Radar,0,8,11,0,19,0,0,8,0,8,0,8,19,0,27,0,0,0,27
12/20/2015,ILG,DE,AEA,EN,Towers with Radar,0,2,20,0,22,0,3,75,0,78,0,5,95,0,100,98,0,98,198
12/21/2015,ILG,DE,AEA,EN,Towers with Radar,0,7,24,9,40,0,1,51,0,52,0,8,75,9,92,22,0,22,114
12/22/2015,ILG,DE,AEA,EN,Towers with Radar,0,5,37,0,42,0,0,0,0,0,0,5,37,0,42,0,10,10,52
12/23/2015,ILG,DE,AEA,EN,Towers with Radar,2,18,32,1,53,0,0,0,0,0,2,18,32,1,53,0,0,0,53
12/24/2015,ILG,DE,AEA,EN,Towers with Radar,0,5,5,0,10,0,0,1,0,1,0,5,6,0,11,0,0,0,11
12/25/2015,ILG,DE,AEA,EN,Towers with Radar,0,6,6,0,12,0,0,0,0,0,0,6,6,0,12,0,0,0,12
12/26/2015,ILG,DE,AEA,EN,Towers with Radar,0,10,34,1,45,0,0,10,0,10,0,10,44,1,55,6,0,6,61
12/27/2015,ILG,DE,AEA,EN,Towers with Radar,0,4,31,2,37,0,0,4,0,4,0,4,35,2,41,0,0,0,41
12/28/2015,ILG,DE,AEA,EN,Towers with Radar,0,3,11,1,15,0,2,14,0,16,0,5,25,1,31,21,0,21,52
12/29/2015,ILG,DE,AEA,EN,Towers with Radar,0,4,20,0,24,0,0,0,0,0,0,4,20,0,24,0,0,0,24
12/30/2015,ILG,DE,AEA,EN,Towers with Radar,0,4,26,1,31,0,0,1,0,1,0,4,27,1,32,0,0,0,32
12/31/2015,ILG,DE,AEA,EN,Towers with Radar,0,6,25,0,31,0,3,30,0,33,0,9,55,0,64,36,0,36,100
01/01/2016,ILG,DE,AEA,EN,Towers with Radar,0,8,12,0,20,0,2,1,0,3,0,10,13,0,23,0,0,0,23
01/02/2016,ILG,DE,AEA,EN,Towers with Radar,1,14,35,0,50,0,2,48,0,50,1,16,83,0,100,32,0,32,132
01/03/2016,ILG,DE,AEA,EN,Towers with Radar,0,19,48,0,67,0,5,52,0,57,0,24,100,0,124,40,0,40,164
01/04/2016,ILG,DE,AEA,EN,Towers with Radar,0,6,21,2,29,0,0,12,0,12,0,6,33,2,41,0,0,0,41
01/05/2016,ILG,DE,AEA,EN,Towers with Radar,0,10,23,1,34,0,4,14,8,26,0,14,37,9,60,14,10,24,84
01/06/2016,ILG,DE,AEA,EN,Towers with Radar,0,9,23,0,32,0,2,38,10,50,0,11,61,10,82,58,0,58,140
01/07/2016,ILG,DE,AEA,EN,Towers with Radar,0,6,23,2,31,0,0,3,0,3,0,6,26,2,34,0,0,0,34
01/08/2016,ILG,DE,AEA,EN,Towers with Radar,0,4,10,6,20,0,1,6,0,7,0,5,16,6,27,0,0,0,27
01/09/2016,ILG,DE,AEA,EN,Towers with Radar,0,6,17,0,23,0,0,21,0,21,0,6,38,0,44,10,0,10,54
01/10/2016,ILG,DE,AEA,EN,Towers with Radar,0,4,17,0,21,0,0,2,0,2,0,4,19,0,23,0,0,0,23
01/11/2016,ILG,DE,AEA,EN,Towers with Radar,0,10,26,0,36,0,5,28,1,34,0,15,54,1,70,28,6,34,104
01/12/2016,ILG,DE,AEA,EN,Towers with Radar,0,9,25,2,36,0,2,8,8,18,0,11,33,10,54,32,0,32,86
01/13/2016,ILG,DE,AEA,EN,Towers with Radar,0,6,39,1,46,0,0,15,6,21,0,6,54,7,67,26,12,38,105
01/14/2016,ILG,DE,AEA,EN,Towers with Radar,0,10,44,2,56,0,4,39,2,45,0,14,83,4,101,54,6,60,161
01/15/2016,ILG,DE,AEA,EN,Towers with Radar,0,6,31,0,37,0,1,37,0,38,0,7,68,0,75,64,0,64,139
01/16/2016,ILG,DE,AEA,EN,Towers with Radar,0,2,12,0,14,0,1,19,0,20,0,3,31,0,34,60,0,60,94
01/17/2016,ILG,DE,AEA,EN,Towers with Radar,0,4,14,0,18,0,0,10,0,10,0,4,24,0,28,14,0,14,42
01/18/2016,ILG,DE,AEA,EN,Towers with Radar,0,10,22,0,32,0,5,3,0,8,0,15,25,0,40,12,0,12,52
01/19/2016,ILG,DE,AEA,EN,Towers with Radar,0,4,26,0,30,0,0,17,7,24,0,4,43,7,54,0,16,16,70
01/20/2016,ILG,DE,AEA,EN,Towers with Radar,0,12,18,2,32,0,1,34,11,46,0,13,52,13,78,30,4,34,112
01/21/2016,ILG,DE,AEA,EN,Towers with Radar,0,12,28,13,53,0,4,28,8,40,0,16,56,21,93,20,20,40,133
01/22/2016,ILG,DE,AEA,EN,Towers with Radar,0,8,22,0,30,0,2,2,2,6,0,10,24,2,36,0,0,0,36
01/23/2016,ILG,DE,AEA,EN,Towers with Radar,0,0,0,0,0,0,0,0,0,0,0,0,0,0,0,0,0,0,0
01/24/2016,ILG,DE,AEA,EN,Towers with Radar,0,8,10,0,18,0,0,0,1,1,0,8,10,1,19,0,0,0,19
01/25/2016,ILG,DE,AEA,EN,Towers with Radar,0,16,26,1,43,0,5,15,2,22,0,21,41,3,65,2,0,2,67
01/26/2016,ILG,DE,AEA,EN,Towers with Radar,0,8,32,0,40,0,6,13,4,23,0,14,45,4,63,14,35,49,112
01/27/2016,ILG,DE,AEA,EN,Towers with Radar,0,6,31,10,47,0,10,21,8,39,0,16,52,18,86,10,20,30,116
01/28/2016,ILG,DE,AEA,EN,Towers with Radar,0,14,55,8,77,0,4,39,4,47,0,18,94,12,124,54,14,68,192
01/29/2016,ILG,DE,AEA,EN,Towers with Radar,2,3,41,2,48,0,0,5,0,5,2,3,46,2,53,2,0,2,55
01/30/2016,ILG,DE,AEA,EN,Towers with Radar,0,6,15,0,21,0,2,34,0,36,0,8,49,0,57,36,0,36,93
01/31/2016,ILG,DE,AEA,EN,Towers with Radar,0,3,15,0,18,0,2,41,0,43,0,5,56,0,61,16,0,16,77
02/01/2016,ILG,DE,AEA,EN,Towers with Radar,0,11,23,0,34,0,1,12,0,13,0,12,35,0,47,16,0,16,63
02/02/2016,ILG,DE,AEA,EN,Towers with Radar,0,10,29,4,43,0,4,39,7,50,0,14,68,11,93,58,8,66,159
02/03/2016,ILG,DE,AEA,EN,Towers with Radar,0,14,23,2,39,0,1,0,2,3,0,15,23,4,42,0,0,0,42
02/04/2016,ILG,DE,AEA,EN,Towers with Radar,0,5,32,4,41,0,7,6,5,18,0,12,38,9,59,36,8,44,103
02/05/2016,ILG,DE,AEA,EN,Towers with Radar,0,9,17,2,28,0,1,7,0,8,0,10,24,2,36,10,0,10,46
02/06/2016,ILG,DE,AEA,EN,Towers with Radar,0,3,25,5,33,0,0,38,17,55,0,3,63,22,88,22,28,50,138
02/07/2016,ILG,DE,AEA,EN,Towers with Radar,0,4,36,0,40,0,0,46,3,49,0,4,82,3,89,94,0,94,183
02/08/2016,ILG,DE,AEA,EN,Towers with Radar,0,12,40,3,55,0,1,27,4,32,0,13,67,7,87,58,6,64,151
02/09/2016,ILG,DE,AEA,EN,Towers with Radar,0,4,14,0,18,0,0,0,0,0,0,4,14,0,18,0,0,0,18
02/10/2016,ILG,DE,AEA,EN,Towers with Radar,0,13,33,3,49,0,3,14,10,27,0,16,47,13,76,10,9,19,95
02/11/2016,ILG,DE,AEA,EN,Towers with Radar,0,7,37,1,45,0,2,9,12,23,0,9,46,13,68,0,12,12,80
02/12/2016,ILG,DE,AEA,EN,Towers with Radar,0,15,33,0,48,0,3,45,1,49,0,18,78,1,97,36,0,36,133
02/13/2016,ILG,DE,AEA,EN,Towers with Radar,0,10,20,0,30,0,1,6,0,7,0,11,26,0,37,0,0,0,37
02/14/2016,ILG,DE,AEA,EN,Towers with Radar,0,4,10,0,14,0,0,16,0,16,0,4,26,0,30,28,0,28,58
02/15/2016,ILG,DE,AEA,EN,Towers with Radar,0,12,14,0,26,0,1,0,0,1,0,13,14,0,27,0,0,0,27
02/16/2016,ILG,DE,AEA,EN,Towers with Radar,0,15,38,0,53,0,1,4,8,13,0,16,42,8,66,18,18,36,102
02/17/2016,ILG,DE,AEA,EN,Towers with Radar,0,9,46,15,70,0,3,19,20,42,0,12,65,35,112,8,34,42,154
02/18/2016,ILG,DE,AEA,EN,Towers with Radar,0,7,39,4,50,0,3,19,5,27,0,10,58,9,77,4,22,26,103
02/19/2016,ILG,DE,AEA,EN,Towers with Radar,0,7,28,6,41,0,2,63,4,69,0,9,91,10,110,46,4,50,160
02/20/2016,ILG,DE,AEA,EN,Towers with Radar,0,9,19,0,28,0,8,42,0,50,0,17,61,0,78,44,0,44,122
02/21/2016,ILG,DE,AEA,EN,Towers with Radar,0,6,21,0,27,0,0,49,2,51,0,6,70,2,78,80,0,80,158
02/22/2016,ILG,DE,AEA,EN,Towers with Radar,0,8,21,3,32,0,4,51,3,58,0,12,72,6,90,2,0,2,92
02/23/2016,ILG,DE,AEA,EN,Towers with Radar,0,21,21,6,48,0,0,0,0,0,0,21,21,6,48,0,0,0,48
02/24/2016,ILG,DE,AEA,EN,Towers with Radar,0,12,26,0,38,0,0,0,0,0,0,12,26,0,38,0,0,0,38
02/25/2016,ILG,DE,AEA,EN,Towers with Radar,0,11,26,7,44,0,4,10,20,34,0,15,36,27,78,4,6,10,88
02/26/2016,ILG,DE,AEA,EN,Towers with Radar,0,7,32,9,48,0,1,3,1,5,0,8,35,10,53,0,0,0,53
02/27/2016,ILG,DE,AEA,EN,Towers with Radar,0,5,23,0,28,0,3,49,0,52,0,8,72,0,80,48,0,48,128
02/28/2016,ILG,DE,AEA,EN,Towers with Radar,0,4,22,0,26,0,4,55,0,59,0,8,77,0,85,32,0,32,117
02/29/2016,ILG,DE,AEA,EN,Towers with Radar,0,9,33,0,42,0,1,27,0,28,0,10,60,0,70,38,0,38,108
03/01/2016,ILG,DE,AEA,EN,Towers with Radar,0,16,22,5,43,0,4,41,9,54,0,20,63,14,97,71,18,89,186
03/02/2016,ILG,DE,AEA,EN,Towers with Radar,0,10,22,3,35,0,0,6,9,15,0,10,28,12,50,0,26,26,76
03/03/2016,ILG,DE,AEA,EN,Towers with Radar,0,9,33,10,52,0,1,45,7,53,0,10,78,17,105,102,46,148,253
03/04/2016,ILG,DE,AEA,EN,Towers with Radar,0,10,22,4,36,0,0,5,0,5,0,10,27,4,41,0,0,0,41
03/05/2016,ILG,DE,AEA,EN,Towers with Radar,0,13,19,7,39,0,2,44,10,56,0,15,63,17,95,52,20,72,167
03/06/2016,ILG,DE,AEA,EN,Towers with Radar,0,9,25,1,35,0,0,34,24,58,0,9,59,25,93,28,40,68,161
03/07/2016,ILG,DE,AEA,EN,Towers with Radar,0,7,37,8,52,0,6,20,1,27,0,13,57,9,79,30,13,43,122
03/08/2016,ILG,DE,AEA,EN,Towers with Radar,0,14,28,6,48,0,5,61,7,73,0,19,89,13,121,56,26,82,203
03/09/2016,ILG,DE,AEA,EN,Towers with Radar,0,13,33,2,48,0,1,54,20,75,0,14,87,22,123,40,16,56,179
03/10/2016,ILG,DE,AEA,EN,Towers with Radar,0,16,34,7,57,0,3,52,2,57,0,19,86,9,114,66,0,66,180
03/11/2016,ILG,DE,AEA,EN,Towers with Radar,0,8,23,4,35,0,11,23,6,40,0,19,46,10,75,16,16,32,107
03/12/2016,ILG,DE,AEA,EN,Towers with Radar,0,8,22,0,30,0,6,30,0,36,0,14,52,0,66,32,0,32,98
03/13/2016,ILG,DE,AEA,EN,Towers with Radar,0,11,28,2,41,0,0,16,1,17,0,11,44,3,58,20,0,20,78
03/14/2016,ILG,DE,AEA,EN,Towers with Radar,0,13,23,0,36,0,0,0,0,0,0,13,23,0,36,0,0,0,36
03/15/2016,ILG,DE,AEA,EN,Towers with Radar,0,12,22,5,39,0,2,2,14,18,0,14,24,19,57,12,32,44,101
03/16/2016,ILG,DE,AEA,EN,Towers with Radar,0,8,19,5,32,0,2,30,21,53,0,10,49,26,85,24,14,38,123
03/17/2016,ILG,DE,AEA,EN,Towers with Radar,0,18,45,2,65,0,0,21,2,23,0,18,66,4,88,8,20,28,116
03/18/2016,ILG,DE,AEA,EN,Towers with Radar,0,12,31,4,47,0,6,25,4,35,0,18,56,8,82,28,14,42,124
03/19/2016,ILG,DE,AEA,EN,Towers with Radar,0,7,23,0,30,0,2,25,0,27,0,9,48,0,57,22,0,22,79
03/20/2016,ILG,DE,AEA,EN,Towers with Radar,0,5,17,0,22,0,0,4,0,4,0,5,21,0,26,6,0,6,32
03/21/2016,ILG,DE,AEA,EN,Towers with Radar,0,9,30,2,41,0,3,16,3,22,0,12,46,5,63,10,0,10,73
03/22/2016,ILG,DE,AEA,EN,Towers with Radar,0,17,33,9,59,0,0,44,16,60,0,17,77,25,119,38,18,56,175
03/23/2016,ILG,DE,AEA,EN,Towers with Radar,0,8,25,5,38,0,5,48,21,74,0,13,73,26,112,78,24,102,214
03/24/2016,ILG,DE,AEA,EN,Towers with Radar,0,8,49,3,60,0,4,57,4,65,0,12,106,7,125,24,4,28,153
03/25/2016,ILG,DE,AEA,EN,Towers with Radar,0,7,18,0,25,0,2,8,0,10,0,9,26,0,35,0,0,0,35
03/26/2016,ILG,DE,AEA,EN,Towers with Radar,0,14,31,0,45,0,0,67,0,67,0,14,98,0,112,104,0,104,216
03/27/2016,ILG,DE,AEA,EN,Towers with Radar,0,11,18,0,29,0,1,7,0,8,0,12,25,0,37,8,0,8,45
03/28/2016,ILG,DE,AEA,EN,Towers with Radar,0,4,33,2,39,0,0,5,0,5,0,4,38,2,44,4,8,12,56
03/29/2016,ILG,DE,AEA,EN,Towers with Radar,0,5,20,8,33,0,8,9,14,31,0,13,29,22,64,28,14,42,106
03/30/2016,ILG,DE,AEA,EN,Towers with Radar,0,7,39,2,48,0,3,54,14,71,0,10,93,16,119,26,10,36,155
03/31/2016,ILG,DE,AEA,EN,Towers with Radar,0,13,27,7,47,0,5,12,6,23,0,18,39,13,70,2,14,16,86
04/01/2016,ILG,DE,AEA,EN,Towers with Radar,0,13,20,4,37,0,1,7,0,8,0,14,27,4,45,0,0,0,45
04/02/2016,ILG,DE,AEA,EN,Towers with Radar,0,9,24,0,33,0,0,28,0,28,0,9,52,0,61,48,0,48,109
04/03/2016,ILG,DE,AEA,EN,Towers with Radar,0,8,17,2,27,0,5,3,0,8,0,13,20,2,35,0,0,0,35
04/04/2016,ILG,DE,AEA,EN,Towers with Radar,0,10,24,2,36,0,4,14,7,25,0,14,38,9,61,14,10,24,85
04/05/2016,ILG,DE,AEA,EN,Towers with Radar,0,10,48,10,68,0,6,26,21,53,0,16,74,31,121,44,8,52,173
04/06/2016,ILG,DE,AEA,EN,Towers with Radar,0,9,37,4,50,0,7,29,4,40,0,16,66,8,90,58,20,78,168
04/07/2016,ILG,DE,AEA,EN,Towers with Radar,0,14,32,5,51,0,1,3,1,5,0,15,35,6,56,2,14,16,72
04/08/2016,ILG,DE,AEA,EN,Towers with Radar,0,9,39,6,54,0,2,38,8,48,0,11,77,14,102,2,0,2,104
04/09/2016,ILG,DE,AEA,EN,Towers with Radar,1,4,10,1,16,0,0,4,0,4,1,4,14,1,20,0,0,0,20
04/10/2016,ILG,DE,AEA,EN,Towers with Radar,0,14,31,0,45,0,1,59,8,68,0,15,90,8,113,74,0,74,187
04/11/2016,ILG,DE,AEA,EN,Towers with Radar,0,9,27,2,38,0,4,21,1,26,0,13,48,3,64,54,0,54,118
04/12/2016,ILG,DE,AEA,EN,Towers with Radar,0,10,24,7,41,0,0,25,15,40,0,10,49,22,81,44,24,68,149
04/13/2016,ILG,DE,AEA,EN,Towers with Radar,0,10,28,7,45,0,5,53,14,72,0,15,81,21,117,96,32,128,245
04/14/2016,ILG,DE,AEA,EN,Towers with Radar,0,15,43,4,62,0,12,74,12,98,0,27,117,16,160,76,8,84,244
04/15/2016,ILG,DE,AEA,EN,Towers with Radar,0,8,27,3,38,0,4,53,5,62,0,12,80,8,100,60,0,60,160
04/16/2016,ILG,DE,AEA,EN,Towers with Radar,0,8,16,1,25,0,0,48,0,48,0,8,64,1,73,110,0,110,183
04/17/2016,ILG,DE,AEA,EN,Towers with Radar,0,4,16,2,22,0,1,61,0,62,0,5,77,2,84,68,0,68,152
04/18/2016,ILG,DE,AEA,EN,Towers with Radar,0,8,31,5,44,0,2,42,7,51,0,10,73,12,95,42,18,60,155
04/19/2016,ILG,DE,AEA,EN,Towers with Radar,0,18,23,6,47,0,3,26,16,45,0,21,49,22,92,78,22,100,192
04/20/2016,ILG,DE,AEA,EN,Towers with Radar,0,13,35,7,55,0,13,44,26,83,0,26,79,33,138,122,16,138,276
04/21/2016,ILG,DE,AEA,EN,Towers with Radar,0,4,30,8,42,0,4,59,16,79,0,8,89,24,121,80,76,156,277
04/22/2016,ILG,DE,AEA,EN,Towers with Radar,0,7,25,7,39,0,0,5,0,5,0,7,30,7,44,30,0,30,74
04/23/2016,ILG,DE,AEA,EN,Towers with Radar,0,10,12,0,22,0,1,69,0,70,0,11,81,0,92,54,0,54,146
04/24/2016,ILG,DE,AEA,EN,Towers with Radar,0,7,19,0,26,0,6,76,0,82,0,13,95,0,108,86,0,86,194
04/25/2016,ILG,DE,AEA,EN,Towers with Radar,0,14,50,3,67,0,4,44,0,48,0,18,94,3,115,52,10,62,177
04/26/2016,ILG,DE,AEA,EN,Towers with Radar,0,15,33,6,54,0,2,8,13,23,0,17,41,19,77,24,26,50,127
04/27/2016,ILG,DE,AEA,EN,Towers with Radar,0,11,41,6,58,0,8,16,13,37,0,19,57,19,95,214,28,242,337
04/28/2016,ILG,DE,AEA,EN,Towers with Radar,0,18,35,24,77,0,2,14,7,23,0,20,49,31,100,52,18,70,170
04/29/2016,ILG,DE,AEA,EN,Towers with Radar,0,9,33,15,57,0,0,1,0,1,0,9,34,15,58,0,0,0,58
04/30/2016,ILG,DE,AEA,EN,Towers with Radar,0,6,30,0,36,0,2,37,0,39,0,8,67,0,75,90,0,90,165
05/01/2016,ILG,DE,AEA,EN,Towers with Radar,0,35,27,2,64,0,0,1,0,1,0,35,28,2,65,0,0,0,65
05/02/2016,ILG,DE,AEA,EN,Towers with Radar,0,23,30,0,53,0,2,1,0,3,0,25,31,0,56,0,0,0,56
05/03/2016,ILG,DE,AEA,EN,Towers with Radar,0,17,36,3,56,0,0,0,0,0,0,17,36,3,56,0,0,0,56
05/04/2016,ILG,DE,AEA,EN,Towers with Radar,0,27,43,6,76,0,0,0,0,0,0,27,43,6,76,0,0,0,76
05/05/2016,ILG,DE,AEA,EN,Towers with Radar,0,27,51,9,87,0,0,12,14,26,0,27,63,23,113,32,20,52,165
05/06/2016,ILG,DE,AEA,EN,Towers with Radar,0,10,29,4,43,0,0,0,0,0,0,10,29,4,43,0,0,0,43
05/07/2016,ILG,DE,AEA,EN,Towers with Radar,1,7,15,2,25,0,0,11,0,11,1,7,26,2,36,38,0,38,74
05/08/2016,ILG,DE,AEA,EN,Towers with Radar,0,9,27,1,37,0,0,34,1,35,0,9,61,2,72,10,0,10,82
05/09/2016,ILG,DE,AEA,EN,Towers with Radar,0,14,25,2,41,0,14,60,0,74,0,28,85,2,115,100,0,100,215
05/10/2016,ILG,DE,AEA,EN,Towers with Radar,0,18,28,17,63,0,2,16,20,38,0,20,44,37,101,54,18,72,173
05/11/2016,ILG,DE,AEA,EN,Towers with Radar,0,14,28,6,48,0,2,17,12,31,0,16,45,18,79,100,54,154,233
05/12/2016,ILG,DE,AEA,EN,Towers with Radar,6,16,70,7,99,0,13,41,16,70,6,29,111,23,169,50,34,84,253
05/13/2016,ILG,DE,AEA,EN,Towers with Radar,2,5,46,14,67,0,2,8,0,10,2,7,54,14,77,40,0,40,117
05/14/2016,ILG,DE,AEA,EN,Towers with Radar,3,9,26,4,42,0,3,49,5,57,3,12,75,9,99,108,12,120,219
05/15/2016,ILG,DE,AEA,EN,Towers with Radar,6,7,53,2,68,0,1,35,16,52,6,8,88,18,120,42,0,42,162
05/16/2016,ILG,DE,AEA,EN,Towers with Radar,0,15,35,5,55,0,6,55,7,68,0,21,90,12,123,46,22,68,191
05/17/2016,ILG,DE,AEA,EN,Towers with Radar,0,14,30,6,50,0,7,11,24,42,0,21,41,30,92,36,47,83,175
05/18/2016,ILG,DE,AEA,EN,Towers with Radar,0,5,43,6,54,0,6,32,24,62,0,11,75,30,116,68,20,88,204
05/19/2016,ILG,DE,AEA,EN,Towers with Radar,0,12,61,1,74,0,0,37,16,53,0,12,98,17,127,62,18,80,207
05/20/2016,ILG,DE,AEA,EN,Towers with Radar,0,11,33,3,47,0,3,28,0,31,0,14,61,3,78,4,0,4,82
05/21/2016,ILG,DE,AEA,EN,Towers with Radar,1,2,18,1,22,0,0,4,0,4,1,2,22,1,26,22,0,22,48
05/22/2016,ILG,DE,AEA,EN,Towers with Radar,0,9,30,3,42,0,0,9,0,9,0,9,39,3,51,54,0,54,105
05/23/2016,ILG,DE,AEA,EN,Towers with Radar,0,4,34,2,40,0,7,22,2,31,0,11,56,4,71,26,0,26,97
05/24/2016,ILG,DE,AEA,EN,Towers with Radar,0,19,39,7,65,0,2,21,18,41,0,21,60,25,106,34,30,64,170
05/25/2016,ILG,DE,AEA,EN,Towers with Radar,0,8,40,8,56,0,3,63,15,81,0,11,103,23,137,86,20,106,243
05/26/2016,ILG,DE,AEA,EN,Towers with Radar,0,16,67,7,90,0,6,61,21,88,0,22,128,28,178,176,6,182,360
05/27/2016,ILG,DE,AEA,EN,Towers with Radar,1,7,38,6,52,0,5,13,0,18,1,12,51,6,70,26,0,26,96
05/28/2016,ILG,DE,AEA,EN,Towers with Radar,0,7,14,0,21,0,4,57,0,61,0,11,71,0,82,48,0,48,130
05/29/2016,ILG,DE,AEA,EN,Towers with Radar,0,4,14,0,18,0,0,25,0,25,0,4,39,0,43,24,0,24,67
05/30/2016,ILG,DE,AEA,EN,Towers with Radar,1,6,28,0,35,0,1,6,0,7,1,7,34,0,42,20,0,20,62
05/31/2016,ILG,DE,AEA,EN,Towers with Radar,0,13,31,7,51,0,0,23,20,43,0,13,54,27,94,37,4,41,135
06/01/2016,ILG,DE,AEA,EN,Towers with Radar,0,6,25,4,35,0,6,55,18,79,0,12,80,22,114,72,30,102,216
06/02/2016,ILG,DE,AEA,EN,Towers with Radar,0,11,25,6,42,0,0,31,9,40,0,11,56,15,82,38,12,50,132
06/03/2016,ILG,DE,AEA,EN,Towers with Radar,0,13,19,4,36,0,1,6,0,7,0,14,25,4,43,16,0,16,59
06/04/2016,ILG,DE,AEA,EN,Towers with Radar,0,7,24,5,36,0,2,36,9,47,0,9,60,14,83,46,30,76,159
06/05/2016,ILG,DE,AEA,EN,Towers with Radar,0,8,19,3,30,0,0,3,0,3,0,8,22,3,33,18,0,18,51
06/06/2016,ILG,DE,AEA,EN,Towers with Radar,0,6,46,1,53,0,2,60,1,63,0,8,106,2,116,46,0,46,162
06/07/2016,ILG,DE,AEA,EN,Towers with Radar,0,8,30,5,43,0,3,41,9,53,0,11,71,14,96,100,6,106,202
06/08/2016,ILG,DE,AEA,EN,Towers with Radar,0,21,36,2,59,0,2,21,10,33,0,23,57,12,92,0,4,4,96
06/09/2016,ILG,DE,AEA,EN,Towers with Radar,0,17,36,5,58,0,5,50,7,62,0,22,86,12,120,48,0,48,168
06/10/2016,ILG,DE,AEA,EN,Towers with Radar,0,6,37,4,47,0,2,52,4,58,0,8,89,8,105,76,8,84,189
06/11/2016,ILG,DE,AEA,EN,Towers with Radar,0,11,14,2,27,0,0,37,0,37,0,11,51,2,64,80,0,80,144
06/12/2016,ILG,DE,AEA,EN,Towers with Radar,0,7,22,2,31,0,5,19,0,24,0,12,41,2,55,22,0,22,77
06/13/2016,ILG,DE,AEA,EN,Towers with Radar,0,8,21,3,32,0,5,53,3,61,0,13,74,6,93,40,0,40,133
06/14/2016,ILG,DE,AEA,EN,Towers with Radar,0,10,47,8,65,0,1,53,7,61,0,11,100,15,126,104,36,140,266
06/15/2016,ILG,DE,AEA,EN,Towers with Radar,0,6,28,5,39,0,5,45,1,51,0,11,73,6,90,48,0,48,138
06/16/2016,ILG,DE,AEA,EN,Towers with Radar,0,10,45,3,58,0,0,1,2,3,0,10,46,5,61,0,12,12,73
06/17/2016,ILG,DE,AEA,EN,Towers with Radar,0,15,26,1,42,0,3,28,2,33,0,18,54,3,75,6,0,6,81
06/18/2016,ILG,DE,AEA,EN,Towers with Radar,0,2,24,0,26,0,1,59,5,65,0,3,83,5,91,32,0,32,123
06/19/2016,ILG,DE,AEA,EN,Towers with Radar,0,9,18,0,27,0,3,33,2,38,0,12,51,2,65,42,0,42,107
06/20/2016,ILG,DE,AEA,EN,Towers with Radar,0,14,45,2,61,0,4,35,2,41,0,18,80,4,102,40,0,40,142
06/21/2016,ILG,DE,AEA,EN,Towers with Radar,0,11,29,3,43,0,4,18,6,28,0,15,47,9,71,50,26,76,147
06/22/2016,ILG,DE,AEA,EN,Towers with Radar,0,10,36,4,50,0,5,37,13,55,0,15,73,17,105,58,10,68,173
06/23/2016,ILG,DE,AEA,EN,Towers with Radar,0,12,45,5,62,0,3,15,1,19,0,15,60,6,81,16,2,18,99
06/24/2016,ILG,DE,AEA,EN,Towers with Radar,0,8,28,2,38,0,0,2,0,2,0,8,30,2,40,0,0,0,40
06/25/2016,ILG,DE,AEA,EN,Towers with Radar,0,12,19,0,31,0,3,50,5,58,0,15,69,5,89,48,0,48,137
06/26/2016,ILG,DE,AEA,EN,Towers with Radar,0,8,29,0,37,0,2,36,0,38,0,10,65,0,75,50,0,50,125
06/27/2016,ILG,DE,AEA,EN,Towers with Radar,0,8,33,0,41,0,8,39,12,59,0,16,72,12,100,94,8,102,202
06/28/2016,ILG,DE,AEA,EN,Towers with Radar,0,10,55,2,67,0,0,2,4,6,0,10,57,6,73,0,4,4,77
06/29/2016,ILG,DE,AEA,EN,Towers with Radar,0,12,33,5,50,0,14,40,17,71,0,26,73,22,121,60,16,76,197
06/30/2016,ILG,DE,AEA,EN,Towers with Radar,0,17,74,6,97,0,11,67,5,83,0,28,141,11,180,88,2,90,270
07/01/2016,ILG,DE,AEA,EN,Towers with Radar,0,11,29,0,40,0,0,7,0,7,0,11,36,0,47,0,0,0,47
07/02/2016,ILG,DE,AEA,EN,Towers with Radar,0,9,17,0,26,0,0,9,0,9,0,9,26,0,35,20,0,20,55
07/03/2016,ILG,DE,AEA,EN,Towers with Radar,1,1,13,0,15,0,2,20,0,22,1,3,33,0,37,12,0,12,49
07/04/2016,ILG,DE,AEA,EN,Towers with Radar,0,10,20,0,30,0,0,10,0,10,0,10,30,0,40,16,0,16,56
07/05/2016,ILG,DE,AEA,EN,Towers with Radar,0,8,30,4,42,0,1,23,5,29,0,9,53,9,71,38,22,60,131
07/06/2016,ILG,DE,AEA,EN,Towers with Radar,0,6,28,7,41,0,8,50,13,71,0,14,78,20,112,66,18,84,196
07/07/2016,ILG,DE,AEA,EN,Towers with Radar,0,11,27,5,43,0,6,32,4,42,0,17,59,9,85,56,12,68,153
07/08/2016,ILG,DE,AEA,EN,Towers with Radar,0,9,24,4,37,0,0,2,1,3,0,9,26,5,40,0,0,0,40
07/09/2016,ILG,DE,AEA,EN,Towers with Radar,0,6,13,17,36,0,0,2,5,7,0,6,15,22,43,0,4,4,47
07/10/2016,ILG,DE,AEA,EN,Towers with Radar,0,8,33,4,45,0,10,44,9,63,0,18,77,13,108,44,0,44,152
07/11/2016,ILG,DE,AEA,EN,Towers with Radar,0,14,41,7,62,0,2,53,11,66,0,16,94,18,128,26,10,36,164
07/12/2016,ILG,DE,AEA,EN,Towers with Radar,0,13,23,8,44,0,7,49,9,65,0,20,72,17,109,38,38,76,185
07/13/2016,ILG,DE,AEA,EN,Towers with Radar,0,14,42,4,60,0,5,14,7,26,0,19,56,11,86,32,6,38,124
07/14/2016,ILG,DE,AEA,EN,Towers with Radar,0,13,32,6,51,0,3,10,6,19,0,16,42,12,70,34,28,62,132
07/15/2016,ILG,DE,AEA,EN,Towers with Radar,0,9,20,3,32,0,2,17,1,20,0,11,37,4,52,0,0,0,52
07/16/2016,ILG,DE,AEA,EN,Towers with Radar,0,7,12,0,19,0,0,31,0,31,0,7,43,0,50,44,0,44,94
07/17/2016,ILG,DE,AEA,EN,Towers with Radar,0,7,22,0,29,0,1,55,0,56,0,8,77,0,85,26,0,26,111
07/18/2016,ILG,DE,AEA,EN,Towers with Radar,0,13,30,0,43,0,4,27,0,31,0,17,57,0,74,14,0,14,88
07/19/2016,ILG,DE,AEA,EN,Towers with Radar,0,11,28,7,46,0,4,36,17,57,0,15,64,24,103,24,38,62,165
07/20/2016,ILG,DE,AEA,EN,Towers with Radar,0,8,34,4,46,0,2,50,13,65,0,10,84,17,111,68,20,88,199
07/21/2016,ILG,DE,AEA,EN,Towers with Radar,1,7,39,8,55,0,0,31,7,38,1,7,70,15,93,50,8,58,151
07/22/2016,ILG,DE,AEA,EN,Towers with Radar,0,7,32,1,40,0,1,32,8,41,0,8,64,9,81,28,10,38,119
07/23/2016,ILG,DE,AEA,EN,Towers with Radar,0,8,19,0,27,0,0,46,13,59,0,8,65,13,86,54,0,54,140
07/24/2016,ILG,DE,AEA,EN,Towers with Radar,0,8,22,3,33,0,1,42,1,44,0,9,64,4,77,66,0,66,143
07/25/2016,ILG,DE,AEA,EN,Towers with Radar,0,8,42,2,52,0,0,10,1,11,0,8,52,3,63,0,0,0,63
07/26/2016,ILG,DE,AEA,EN,Towers with Radar,0,19,44,11,74,0,1,6,15,22,0,20,50,26,96,0,0,0,96
07/27/2016,ILG,DE,AEA,EN,Towers with Radar,0,20,64,3,87,0,1,11,17,29,0,21,75,20,116,0,0,0,116
07/28/2016,ILG,DE,AEA,EN,Towers with Radar,2,17,40,7,66,0,1,3,2,6,2,18,43,9,72,0,0,0,72
07/29/2016,ILG,DE,AEA,EN,Towers with Radar,1,18,32,4,55,0,0,19,0,19,1,18,51,4,74,8,0,8,82
07/30/2016,ILG,DE,AEA,EN,Towers with Radar,1,11,24,0,36,0,1,12,5,18,1,12,36,5,54,52,0,52,106
07/31/2016,ILG,DE,AEA,EN,Towers with Radar,0,10,31,1,42,0,4,25,0,29,0,14,56,1,71,68,0,68,139
08/01/2016,ILG,DE,AEA,EN,Towers with Radar,0,4,41,2,47,0,1,2,0,3,0,5,43,2,50,0,0,0,50
08/02/2016,ILG,DE,AEA,EN,Towers with Radar,0,4,33,8,45,0,0,26,12,38,0,4,59,20,83,45,36,81,164
08/03/2016,ILG,DE,AEA,EN,Towers with Radar,0,13,28,3,44,0,1,48,13,62,0,14,76,16,106,44,18,62,168
08/04/2016,ILG,DE,AEA,EN,Towers with Radar,0,10,20,4,34,0,2,39,3,44,0,12,59,7,78,56,4,60,138
08/05/2016,ILG,DE,AEA,EN,Towers with Radar,0,6,29,15,50,0,0,32,4,36,0,6,61,19,86,0,20,20,106
08/06/2016,ILG,DE,AEA,EN,Towers with Radar,0,10,19,0,29,0,1,7,6,14,0,11,26,6,43,48,16,64,107
08/07/2016,ILG,DE,AEA,EN,Towers with Radar,1,8,30,9,48,0,2,64,17,83,1,10,94,26,131,68,66,134,265
08/08/2016,ILG,DE,AEA,EN,Towers with Radar,0,8,32,1,41,0,2,22,0,24,0,10,54,1,65,70,0,70,135
08/09/2016,ILG,DE,AEA,EN,Towers with Radar,0,6,47,4,57,0,0,34,30,64,0,6,81,34,121,30,20,50,171
08/10/2016,ILG,DE,AEA,EN,Towers with Radar,0,6,42,6,54,0,1,24,16,41,0,7,66,22,95,0,18,18,113
08/11/2016,ILG,DE,AEA,EN,Towers with Radar,0,6,67,21,94,0,1,39,8,48,0,7,106,29,142,60,14,74,216
08/12/2016,ILG,DE,AEA,EN,Towers with Radar,0,4,33,2,39,0,2,6,0,8,0,6,39,2,47,10,0,10,57
08/13/2016,ILG,DE,AEA,EN,Towers with Radar,1,2,23,2,28,0,0,29,0,29,1,2,52,2,57,22,0,22,79
08/14/2016,ILG,DE,AEA,EN,Towers with Radar,0,6,15,0,21,0,0,45,0,45,0,6,60,0,66,62,0,62,128
08/15/2016,ILG,DE,AEA,EN,Towers with Radar,1,14,38,0,53,0,4,31,0,35,1,18,69,0,88,40,0,40,128
08/16/2016,ILG,DE,AEA,EN,Towers with Radar,0,7,37,13,57,0,0,31,11,42,0,7,68,24,99,34,0,34,133
08/17/2016,ILG,DE,AEA,EN,Towers with Radar,0,4,38,6,48,0,4,45,25,74,0,8,83,31,122,56,54,110,232
08/18/2016,ILG,DE,AEA,EN,Towers with Radar,0,29,43,5,77,0,6,50,10,66,0,35,93,15,143,44,0,44,187
08/19/2016,ILG,DE,AEA,EN,Towers with Radar,0,13,36,10,59,0,8,39,9,56,0,21,75,19,115,36,0,36,151
08/20/2016,ILG,DE,AEA,EN,Towers with Radar,0,9,10,0,19,0,0,64,6,70,0,9,74,6,89,12,2,14,103
08/21/2016,ILG,DE,AEA,EN,Towers with Radar,0,7,21,3,31,0,0,22,2,24,0,7,43,5,55,30,0,30,85
08/22/2016,ILG,DE,AEA,EN,Towers with Radar,0,13,32,1,46,0,1,32,2,35,0,14,64,3,81,68,14,82,163
08/23/2016,ILG,DE,AEA,EN,Towers with Radar,0,13,55,6,74,0,5,51,23,79,0,18,106,29,153,52,57,109,262
08/24/2016,ILG,DE,AEA,EN,Towers with Radar,0,16,39,9,64,0,1,50,13,64,0,17,89,22,128,46,12,58,186
08/25/2016,ILG,DE,AEA,EN,Towers with Radar,2,15,67,8,92,0,2,58,22,82,2,17,125,30,174,28,12,40,214
08/26/2016,ILG,DE,AEA,EN,Towers with Radar,0,8,34,0,42,0,8,45,2,55,0,16,79,2,97,80,0,80,177
08/27/2016,ILG,DE,AEA,EN,Towers with Radar,1,8,20,0,29,0,3,37,0,40,1,11,57,0,69,58,1,59,128
08/28/2016,ILG,DE,AEA,EN,Towers with Radar,0,8,19,0,27,0,0,62,0,62,0,8,81,0,89,84,0,84,173
08/29/2016,ILG,DE,AEA,EN,Towers with Radar,0,5,34,1,40,0,5,43,0,48,0,10,77,1,88,84,0,84,172
08/30/2016,ILG,DE,AEA,EN,Towers with Radar,0,6,24,3,33,0,1,57,24,82,0,7,81,27,115,54,64,118,233
08/31/2016,ILG,DE,AEA,EN,Towers with Radar,0,10,31,2,43,0,3,39,13,55,0,13,70,15,98,53,12,65,163
09/01/2016,ILG,DE,AEA,EN,Towers with Radar,0,7,22,6,35,0,8,13,0,21,0,15,35,6,56,26,8,34,90
09/02/2016,ILG,DE,AEA,EN,Towers with Radar,0,8,28,0,36,0,3,57,2,62,0,11,85,2,98,46,28,74,172
09/03/2016,ILG,DE,AEA,EN,Towers with Radar,0,2,13,0,15,0,3,9,0,12,0,5,22,0,27,8,0,8,35
09/04/2016,ILG,DE,AEA,EN,Towers with Radar,0,2,13,0,15,0,0,21,0,21,0,2,34,0,36,38,0,38,74
09/05/2016,ILG,DE,AEA,EN,Towers with Radar,1,11,18,1,31,0,2,31,0,33,1,13,49,1,64,52,0,52,116
09/06/2016,ILG,DE,AEA,EN,Towers with Radar,0,7,18,10,35,0,1,23,13,37,0,8,41,23,72,22,16,38,110
09/07/2016,ILG,DE,AEA,EN,Towers with Radar,0,8,28,4,40,0,7,21,16,44,0,15,49,20,84,28,8,36,120
09/08/2016,ILG,DE,AEA,EN,Towers with Radar,0,13,37,7,57,0,2,36,3,41,0,15,73,10,98,16,24,40,138
09/09/2016,ILG,DE,AEA,EN,Towers with Radar,0,15,21,1,37,0,3,43,1,47,0,18,64,2,84,22,0,22,106
09/10/2016,ILG,DE,AEA,EN,Towers with Radar,0,4,12,2,18,0,2,35,2,39,0,6,47,4,57,56,0,56,113
09/11/2016,ILG,DE,AEA,EN,Towers with Radar,0,6,22,0,28,0,0,27,0,27,0,6,49,0,55,50,0,50,105
09/12/2016,ILG,DE,AEA,EN,Towers with Radar,1,11,37,1,50,0,4,37,1,42,1,15,74,2,92,16,0,16,108
09/13/2016,ILG,DE,AEA,EN,Towers with Radar,0,13,34,11,58,0,0,28,15,43,0,13,62,26,101,22,0,22,123
09/14/2016,ILG,DE,AEA,EN,Towers with Radar,0,13,26,5,44,0,1,35,10,46,0,14,61,15,90,84,24,108,198
09/15/2016,ILG,DE,AEA,EN,Towers with Radar,0,18,42,8,68,0,8,46,11,65,0,26,88,19,133,24,2,26,159
09/16/2016,ILG,DE,AEA,EN,Towers with Radar,2,11,27,0,40,0,1,48,3,52,2,12,75,3,92,8,14,22,114
09/17/2016,ILG,DE,AEA,EN,Towers with Radar,0,2,26,0,28,0,9,48,0,57,0,11,74,0,85,6,0,6,91
09/18/2016,ILG,DE,AEA,EN,Towers with Radar,0,11,31,0,42,0,0,12,0,12,0,11,43,0,54,0,0,0,54
09/19/2016,ILG,DE,AEA,EN,Towers with Radar,0,8,33,3,44,0,0,1,0,1,0,8,34,3,45,0,0,0,45
09/20/2016,ILG,DE,AEA,EN,Towers with Radar,0,6,34,15,55,0,1,29,3,33,0,7,63,18,88,20,20,40,128
09/21/2016,ILG,DE,AEA,EN,Towers with Radar,0,13,42,9,64,0,2,38,3,43,0,15,80,12,107,40,12,52,159
09/22/2016,ILG,DE,AEA,EN,Towers with Radar,0,10,26,3,39,0,2,61,11,74,0,12,87,14,113,68,14,82,195
09/23/2016,ILG,DE,AEA,EN,Towers with Radar,2,18,31,2,53,0,4,25,0,29,2,22,56,2,82,30,0,30,112
09/24/2016,ILG,DE,AEA,EN,Towers with Radar,0,5,24,2,31,0,2,25,0,27,0,7,49,2,58,44,10,54,112
09/25/2016,ILG,DE,AEA,EN,Towers with Radar,0,18,31,1,50,0,2,45,0,47,0,20,76,1,97,30,0,30,127
09/26/2016,ILG,DE,AEA,EN,Towers with Radar,0,13,31,1,45,0,3,15,0,18,0,16,46,1,63,16,0,16,79
09/27/2016,ILG,DE,AEA,EN,Towers with Radar,0,8,61,6,75,0,0,53,1,54,0,8,114,7,129,24,22,46,175
09/28/2016,ILG,DE,AEA,EN,Towers with Radar,0,20,39,3,62,0,0,7,3,10,0,20,46,6,72,32,4,36,108
09/29/2016,ILG,DE,AEA,EN,Towers with Radar,0,19,53,1,73,0,0,0,0,0,0,19,53,1,73,0,0,0,73
09/30/2016,ILG,DE,AEA,EN,Towers with Radar,0,19,29,1,49,0,0,0,0,0,0,19,29,1,49,0,0,0,49
10/01/2016,ILG,DE,AEA,EN,Towers with Radar,0,10,38,2,50,0,0,0,0,0,0,10,38,2,50,0,0,0,50
10/02/2016,ILG,DE,AEA,EN,Towers with Radar,0,7,57,0,64,0,0,5,0,5,0,7,62,0,69,18,0,18,87
10/03/2016,ILG,DE,AEA,EN,Towers with Radar,0,8,23,3,34,0,3,23,1,27,0,11,46,4,61,28,2,30,91
10/04/2016,ILG,DE,AEA,EN,Towers with Radar,0,14,32,11,57,0,3,24,16,43,0,17,56,27,100,30,20,50,150
10/05/2016,ILG,DE,AEA,EN,Towers with Radar,0,12,39,9,60,0,4,39,11,54,0,16,78,20,114,88,15,103,217
10/06/2016,ILG,DE,AEA,EN,Towers with Radar,0,7,37,0,44,0,1,40,1,42,0,8,77,1,86,16,0,16,102
10/07/2016,ILG,DE,AEA,EN,Towers with Radar,2,20,60,5,87,0,6,28,0,34,2,26,88,5,121,14,0,14,135
10/08/2016,ILG,DE,AEA,EN,Towers with Radar,2,17,38,0,57,0,0,7,0,7,2,17,45,0,64,28,0,28,92
10/09/2016,ILG,DE,AEA,EN,Towers with Radar,0,14,48,6,68,0,0,7,0,7,0,14,55,6,75,2,0,2,77
10/10/2016,ILG,DE,AEA,EN,Towers with Radar,0,27,79,1,107,0,8,26,0,34,0,35,105,1,141,24,0,24,165
10/11/2016,ILG,DE,AEA,EN,Towers with Radar,0,15,62,14,91,0,1,66,11,78,0,16,128,25,169,36,26,62,231
10/12/2016,ILG,DE,AEA,EN,Towers with Radar,0,22,92,9,123,0,7,43,22,72,0,29,135,31,195,92,20,112,307
10/13/2016,ILG,DE,AEA,EN,Towers with Radar,0,30,79,18,127,0,0,26,19,45,0,30,105,37,172,44,28,72,244
10/14/2016,ILG,DE,AEA,EN,Towers with Radar,1,36,81,3,121,0,2,41,3,46,1,38,122,6,167,74,8,82,249
10/15/2016,ILG,DE,AEA,EN,Towers with Radar,0,17,38,0,55,0,4,79,1,84,0,21,117,1,139,100,0,100,239
10/16/2016,ILG,DE,AEA,EN,Towers with Radar,0,16,36,0,52,0,0,56,0,56,0,16,92,0,108,98,0,98,206
10/17/2016,ILG,DE,AEA,EN,Towers with Radar,1,18,41,7,67,0,4,44,1,49,1,22,85,8,116,36,0,36,152
10/18/2016,ILG,DE,AEA,EN,Towers with Radar,0,12,31,4,47,0,1,52,21,74,0,13,83,25,121,36,14,50,171
10/19/2016,ILG,DE,AEA,EN,Towers with Radar,2,22,37,8,69,0,0,41,20,61,2,22,78,28,130,70,6,76,206
10/20/2016,ILG,DE,AEA,EN,Towers with Radar,0,22,35,7,64,0,8,33,15,56,0,30,68,22,120,72,36,108,228
10/21/2016,ILG,DE,AEA,EN,Towers with Radar,0,19,30,3,52,0,1,26,3,30,0,20,56,6,82,12,0,12,94
10/22/2016,ILG,DE,AEA,EN,Towers with Radar,0,9,19,8,36,0,0,1,14,15,0,9,20,22,51,0,12,12,63
10/23/2016,ILG,DE,AEA,EN,Towers with Radar,0,15,29,0,44,0,2,28,2,32,0,17,57,2,76,14,0,14,90
10/24/2016,ILG,DE,AEA,EN,Towers with Radar,0,12,31,3,46,0,8,18,9,35,0,20,49,12,81,0,0,0,81
10/25/2016,ILG,DE,AEA,EN,Towers with Radar,0,15,29,7,51,0,2,36,19,57,0,17,65,26,108,16,0,16,124
10/26/2016,ILG,DE,AEA,EN,Towers with Radar,0,12,41,3,56,0,2,58,26,86,0,14,99,29,142,72,46,118,260
10/27/2016,ILG,DE,AEA,EN,Towers with Radar,0,11,48,9,68,0,0,5,6,11,0,11,53,15,79,0,8,8,87
10/28/2016,ILG,DE,AEA,EN,Towers with Radar,2,10,35,1,48,0,1,7,6,14,2,11,42,7,62,0,0,0,62
10/29/2016,ILG,DE,AEA,EN,Towers with Radar,0,1,30,0,31,0,4,115,2,121,0,5,145,2,152,46,0,46,198
10/30/2016,ILG,DE,AEA,EN,Towers with Radar,0,8,21,0,29,0,3,29,0,32,0,11,50,0,61,58,0,58,119
10/31/2016,ILG,DE,AEA,EN,Towers with Radar,0,11,18,7,36,0,3,33,1,37,0,14,51,8,73,52,0,52,125
11/01/2016,ILG,DE,AEA,EN,Towers with Radar,0,9,18,3,30,0,4,35,20,59,0,13,53,23,89,20,28,48,137
11/02/2016,ILG,DE,AEA,EN,Towers with Radar,0,6,21,5,32,0,7,39,15,61,0,13,60,20,93,60,58,118,211
11/03/2016,ILG,DE,AEA,EN,Towers with Radar,0,8,26,9,43,0,5,14,11,30,0,13,40,20,73,8,26,34,107
11/04/2016,ILG,DE,AEA,EN,Towers with Radar,0,15,48,1,64,0,3,35,23,61,0,18,83,24,125,0,26,26,151
11/05/2016,ILG,DE,AEA,EN,Towers with Radar,0,12,20,1,33,0,0,76,19,95,0,12,96,20,128,36,0,36,164
11/06/2016,ILG,DE,AEA,EN,Towers with Radar,0,22,25,2,49,0,10,37,2,49,0,32,62,4,98,6,10,16,114
11/07/2016,ILG,DE,AEA,EN,Towers with Radar,1,5,25,3,34,0,4,28,1,33,1,9,53,4,67,6,0,6,73
11/08/2016,ILG,DE,AEA,EN,Towers with Radar,0,11,26,8,45,0,0,39,35,74,0,11,65,43,119,82,68,150,269
11/09/2016,ILG,DE,AEA,EN,Towers with Radar,0,6,39,8,53,0,0,3,0,3,0,6,42,8,56,22,0,22,78
11/10/2016,ILG,DE,AEA,EN,Towers with Radar,0,13,30,1,44,0,4,44,6,54,0,17,74,7,98,62,36,98,196
11/11/2016,ILG,DE,AEA,EN,Towers with Radar,0,7,27,2,36,0,2,30,6,38,0,9,57,8,74,4,0,4,78
11/12/2016,ILG,DE,AEA,EN,Towers with Radar,0,6,16,0,22,0,3,58,0,61,0,9,74,0,83,60,0,60,143
11/13/2016,ILG,DE,AEA,EN,Towers with Radar,0,16,21,0,37,0,2,31,0,33,0,18,52,0,70,52,0,52,122
11/14/2016,ILG,DE,AEA,EN,Towers with Radar,0,8,36,7,51,0,22,48,0,70,0,30,84,7,121,40,0,40,161
11/15/2016,ILG,DE,AEA,EN,Towers with Radar,0,8,35,4,47,0,0,6,25,31,0,8,41,29,78,32,16,48,126
11/16/2016,ILG,DE,AEA,EN,Towers with Radar,0,8,31,9,48,0,8,38,22,68,0,16,69,31,116,36,26,62,178
11/17/2016,ILG,DE,AEA,EN,Towers with Radar,0,10,33,8,51,0,2,39,6,47,0,12,72,14,98,28,34,62,160
11/18/2016,ILG,DE,AEA,EN,Towers with Radar,0,11,27,4,42,0,9,50,7,66,0,20,77,11,108,100,18,118,226
11/19/2016,ILG,DE,AEA,EN,Towers with Radar,0,6,17,1,24,0,20,55,3,78,0,26,72,4,102,134,0,134,236
11/20/2016,ILG,DE,AEA,EN,Towers with Radar,0,7,12,1,20,0,0,5,0,5,0,7,17,1,25,0,0,0,25
11/21/2016,ILG,DE,AEA,EN,Towers with Radar,0,10,30,3,43,0,0,18,2,20,0,10,48,5,63,18,6,24,87
11/22/2016,ILG,DE,AEA,EN,Towers with Radar,0,9,20,7,36,0,1,25,19,45,0,10,45,26,81,14,34,48,129
11/23/2016,ILG,DE,AEA,EN,Towers with Radar,0,8,33,1,42,0,7,47,6,60,0,15,80,7,102,40,2,42,144
11/24/2016,ILG,DE,AEA,EN,Towers with Radar,0,0,4,0,4,0,2,7,0,9,0,2,11,0,13,0,0,0,13
11/25/2016,ILG,DE,AEA,EN,Towers with Radar,0,13,18,0,31,0,5,23,0,28,0,18,41,0,59,30,0,30,89
11/26/2016,ILG,DE,AEA,EN,Towers with Radar,0,9,13,2,24,0,1,22,0,23,0,10,35,2,47,12,0,12,59
11/27/2016,ILG,DE,AEA,EN,Towers with Radar,0,5,38,0,43,0,3,40,2,45,0,8,78,2,88,26,0,26,114
11/28/2016,ILG,DE,AEA,EN,Towers with Radar,0,13,51,5,69,0,2,35,5,42,0,15,86,10,111,72,4,76,187
11/29/2016,ILG,DE,AEA,EN,Towers with Radar,0,9,15,0,24,0,0,2,2,4,0,9,17,2,28,0,0,0,28
11/30/2016,ILG,DE,AEA,EN,Towers with Radar,0,15,28,0,43,0,0,0,0,0,0,15,28,0,43,0,0,0,43
12/01/2016,ILG,DE,AEA,EN,Towers with Radar,0,21,39,12,72,0,2,18,20,40,0,23,57,32,112,26,38,64,176
12/02/2016,ILG,DE,AEA,EN,Towers with Radar,0,9,14,3,26,0,2,33,2,37,0,11,47,5,63,34,0,34,97
12/03/2016,ILG,DE,AEA,EN,Towers with Radar,0,5,19,7,31,0,3,32,3,38,0,8,51,10,69,55,0,55,124
12/04/2016,ILG,DE,AEA,EN,Towers with Radar,0,11,27,1,39,0,2,46,0,48,0,13,73,1,87,74,0,74,161
12/05/2016,ILG,DE,AEA,EN,Towers with Radar,0,10,22,2,34,0,1,12,0,13,0,11,34,2,47,74,0,74,121
12/06/2016,ILG,DE,AEA,EN,Towers with Radar,0,7,29,8,44,0,1,11,3,15,0,8,40,11,59,10,0,10,69
12/07/2016,ILG,DE,AEA,EN,Towers with Radar,0,18,48,5,71,0,1,17,24,42,0,19,65,29,113,42,2,44,157
12/08/2016,ILG,DE,AEA,EN,Towers with Radar,0,13,40,5,58,0,4,26,3,33,0,17,66,8,91,56,0,56,147
12/09/2016,ILG,DE,AEA,EN,Towers with Radar,0,7,21,3,31,0,4,16,2,22,0,11,37,5,53,14,14,28,81
12/10/2016,ILG,DE,AEA,EN,Towers with Radar,0,4,25,4,33,0,0,24,0,24,0,4,49,4,57,30,0,30,87
12/11/2016,ILG,DE,AEA,EN,Towers with Radar,0,3,18,0,21,0,0,38,0,38,0,3,56,0,59,64,0,64,123
12/12/2016,ILG,DE,AEA,EN,Towers with Radar,0,9,25,3,37,0,0,2,7,9,0,9,27,10,46,0,16,16,62
12/13/2016,ILG,DE,AEA,EN,Towers with Radar,0,3,31,3,37,0,15,36,17,68,0,18,67,20,105,48,20,68,173
12/14/2016,ILG,DE,AEA,EN,Towers with Radar,0,11,37,17,65,0,7,43,23,73,0,18,80,40,138,50,32,82,220
12/15/2016,ILG,DE,AEA,EN,Towers with Radar,0,5,31,3,39,0,0,15,0,15,0,5,46,3,54,2,0,2,56
12/16/2016,ILG,DE,AEA,EN,Towers with Radar,0,17,33,3,53,0,1,35,1,37,0,18,68,4,90,24,0,24,114
12/17/2016,ILG,DE,AEA,EN,Towers with Radar,0,5,5,2,12,0,0,0,0,0,0,5,5,2,12,0,0,0,12
12/18/2016,ILG,DE,AEA,EN,Towers with Radar,0,11,14,1,26,0,0,4,2,6,0,11,18,3,32,0,0,0,32
12/19/2016,ILG,DE,AEA,EN,Towers with Radar,0,6,26,0,32,0,1,33,0,34,0,7,59,0,66,39,0,39,105
12/20/2016,ILG,DE,AEA,EN,Towers with Radar,0,9,21,5,35,0,4,36,24,64,0,13,57,29,99,38,8,46,145
12/21/2016,ILG,DE,AEA,EN,Towers with Radar,0,10,22,7,39,0,4,41,20,65,0,14,63,27,104,36,42,78,182
12/22/2016,ILG,DE,AEA,EN,Towers with Radar,0,15,31,7,53,0,2,36,3,41,0,17,67,10,94,42,16,58,152
12/23/2016,ILG,DE,AEA,EN,Towers with Radar,0,7,34,1,42,0,5,49,2,56,0,12,83,3,98,60,6,66,164
12/24/2016,ILG,DE,AEA,EN,Towers with Radar,0,6,4,0,10,0,0,3,0,3,0,6,7,0,13,0,0,0,13
12/25/2016,ILG,DE,AEA,EN,Towers with Radar,0,6,6,0,12,0,0,19,0,19,0,6,25,0,31,8,0,8,39
12/26/2016,ILG,DE,AEA,EN,Towers with Radar,0,22,28,0,50,0,0,12,0,12,0,22,40,0,62,20,0,20,82
12/27/2016,ILG,DE,AEA,EN,Towers with Radar,0,16,24,3,43,0,2,24,1,27,0,18,48,4,70,66,0,66,136
12/28/2016,ILG,DE,AEA,EN,Towers with Radar,0,3,22,4,29,0,4,38,0,42,0,7,60,4,71,30,0,30,101
12/29/2016,ILG,DE,AEA,EN,Towers with Radar,0,7,13,2,22,0,0,2,0,2,0,7,15,2,24,0,0,0,24
12/30/2016,ILG,DE,AEA,EN,Towers with Radar,0,6,19,0,25,0,2,14,0,16,0,8,33,0,41,0,0,0,41
12/31/2016,ILG,DE,AEA,EN,Towers with Radar,0,2,15,0,17,0,1,45,0,46,0,3,60,0,63,20,0,20,83
01/01/2017,ILG,DE,AEA,EN,Towers with Radar,0,6,17,0,23,0,0,34,0,34,0,6,51,0,57,26,0,26,83
01/02/2017,ILG,DE,AEA,EN,Towers with Radar,0,23,23,1,47,0,0,0,0,0,0,23,23,1,47,0,0,0,47
01/03/2017,ILG,DE,AEA,EN,Towers with Radar,0,6,23,0,29,0,0,0,0,0,0,6,23,0,29,0,0,0,29
01/04/2017,ILG,DE,AEA,EN,Towers with Radar,0,5,33,11,49,0,2,21,17,40,0,7,54,28,89,28,32,60,149
01/05/2017,ILG,DE,AEA,EN,Towers with Radar,0,3,16,6,25,0,2,20,0,22,0,5,36,6,47,12,0,12,59
01/06/2017,ILG,DE,AEA,EN,Towers with Radar,0,5,24,2,31,0,5,23,3,31,0,10,47,5,62,28,0,28,90
01/07/2017,ILG,DE,AEA,EN,Towers with Radar,0,8,8,1,17,0,0,1,0,1,0,8,9,1,18,2,0,2,20
01/08/2017,ILG,DE,AEA,EN,Towers with Radar,0,9,21,5,35,0,1,17,6,24,0,10,38,11,59,10,0,10,69
01/09/2017,ILG,DE,AEA,EN,Towers with Radar,0,9,20,1,30,0,1,16,1,18,0,10,36,2,48,52,0,52,100
01/10/2017,ILG,DE,AEA,EN,Towers with Radar,0,7,18,7,32,0,5,28,10,43,0,12,46,17,75,0,6,6,81
01/11/2017,ILG,DE,AEA,EN,Towers with Radar,0,5,26,7,38,0,7,50,16,73,0,12,76,23,111,80,21,101,212
01/12/2017,ILG,DE,AEA,EN,Towers with Radar,0,3,42,8,53,0,2,44,1,47,0,5,86,9,100,16,10,26,126
01/13/2017,ILG,DE,AEA,EN,Towers with Radar,0,11,42,1,54,0,4,33,9,46,0,15,75,10,100,4,3,7,107
01/14/2017,ILG,DE,AEA,EN,Towers with Radar,0,1,4,1,6,0,0,9,0,9,0,1,13,1,15,14,0,14,29
01/15/2017,ILG,DE,AEA,EN,Towers with Radar,0,3,24,0,27,0,3,34,0,37,0,6,58,0,64,56,0,56,120
01/16/2017,ILG,DE,AEA,EN,Towers with Radar,0,10,40,0,50,0,4,49,0,53,0,14,89,0,103,84,0,84,187
01/17/2017,ILG,DE,AEA,EN,Towers with Radar,0,7,25,6,38,0,0,0,0,0,0,7,25,6,38,0,0,0,38
01/18/2017,ILG,DE,AEA,EN,Towers with Radar,0,7,19,7,33,0,1,17,29,47,0,8,36,36,80,27,66,93,173
01/19/2017,ILG,DE,AEA,EN,Towers with Radar,0,8,25,4,37,0,4,36,7,47,0,12,61,11,84,60,22,82,166
01/20/2017,ILG,DE,AEA,EN,Towers with Radar,0,8,15,0,23,0,0,1,0,1,0,8,16,0,24,0,0,0,24
01/21/2017,ILG,DE,AEA,EN,Towers with Radar,0,10,11,2,23,0,0,0,0,0,0,10,11,2,23,0,0,0,23
01/22/2017,ILG,DE,AEA,EN,Towers with Radar,0,14,16,2,32,0,0,0,0,0,0,14,16,2,32,0,0,0,32
01/23/2017,ILG,DE,AEA,EN,Towers with Radar,1,3,16,0,20,0,0,0,0,0,1,3,16,0,20,0,0,0,20
01/24/2017,ILG,DE,AEA,EN,Towers with Radar,0,11,23,12,46,0,0,8,15,23,0,11,31,27,69,12,34,46,115
01/25/2017,ILG,DE,AEA,EN,Towers with Radar,0,15,29,13,57,0,16,61,15,92,0,31,90,28,149,48,46,94,243
01/26/2017,ILG,DE,AEA,EN,Towers with Radar,0,14,40,4,58,0,1,21,6,28,0,15,61,10,86,34,0,34,120
01/27/2017,ILG,DE,AEA,EN,Towers with Radar,0,9,27,0,36,0,3,6,3,12,0,12,33,3,48,4,0,4,52
01/28/2017,ILG,DE,AEA,EN,Towers with Radar,0,5,7,0,12,0,3,13,1,17,0,8,20,1,29,10,0,10,39
01/29/2017,ILG,DE,AEA,EN,Towers with Radar,0,8,21,0,29,0,0,40,0,40,0,8,61,0,69,70,0,70,139
01/30/2017,ILG,DE,AEA,EN,Towers with Radar,0,7,22,0,29,0,1,6,0,7,0,8,28,0,36,0,0,0,36
01/31/2017,ILG,DE,AEA,EN,Towers with Radar,0,5,32,7,44,0,6,33,19,58,0,11,65,26,102,30,0,30,132
02/01/2017,ILG,DE,AEA,EN,Towers with Radar,0,4,31,6,41,0,12,42,19,73,0,16,73,25,114,14,4,18,132
02/02/2017,ILG,DE,AEA,EN,Towers with Radar,0,12,36,4,52,0,18,30,1,49,0,30,66,5,101,0,0,0,101
02/03/2017,ILG,DE,AEA,EN,Towers with Radar,0,6,17,4,27,0,7,17,0,24,0,13,34,4,51,20,6,26,77
02/04/2017,ILG,DE,AEA,EN,Towers with Radar,0,6,12,3,21,0,2,47,1,50,0,8,59,4,71,26,0,26,97
02/05/2017,ILG,DE,AEA,EN,Towers with Radar,0,2,13,2,17,0,3,14,0,17,0,5,27,2,34,14,0,14,48
02/06/2017,ILG,DE,AEA,EN,Towers with Radar,0,12,38,2,52,0,3,35,7,45,0,15,73,9,97,30,0,30,127
02/07/2017,ILG,DE,AEA,EN,Towers with Radar,0,7,23,5,35,0,1,14,17,32,0,8,37,22,67,0,30,30,97
02/08/2017,ILG,DE,AEA,EN,Towers with Radar,0,9,35,15,59,0,1,45,16,62,0,10,80,31,121,22,60,82,203
02/09/2017,ILG,DE,AEA,EN,Towers with Radar,0,5,11,4,20,0,0,4,2,6,0,5,15,6,26,0,0,0,26
02/10/2017,ILG,DE,AEA,EN,Towers with Radar,0,10,9,4,23,0,2,16,19,37,0,12,25,23,60,20,6,26,86
02/11/2017,ILG,DE,AEA,EN,Towers with Radar,0,4,17,5,26,0,2,69,14,85,0,6,86,19,111,26,46,72,183
02/12/2017,ILG,DE,AEA,EN,Towers with Radar,0,11,18,0,29,0,0,1,0,1,0,11,19,0,30,0,0,0,30
02/13/2017,ILG,DE,AEA,EN,Towers with Radar,0,4,25,0,29,0,0,8,2,10,0,4,33,2,39,0,0,0,39
02/14/2017,ILG,DE,AEA,EN,Towers with Radar,0,6,26,6,38,0,4,19,3,26,0,10,45,9,64,24,6,30,94
02/15/2017,ILG,DE,AEA,EN,Towers with Radar,0,13,19,13,45,0,6,6,15,27,0,19,25,28,72,10,4,14,86
02/16/2017,ILG,DE,AEA,EN,Towers with Radar,0,8,29,12,49,0,1,9,12,22,0,9,38,24,71,0,18,18,89
02/17/2017,ILG,DE,AEA,EN,Towers with Radar,0,11,43,5,59,0,3,27,5,35,0,14,70,10,94,10,24,34,128
02/18/2017,ILG,DE,AEA,EN,Towers with Radar,0,7,25,0,32,0,1,59,1,61,0,8,84,1,93,72,0,72,165
02/19/2017,ILG,DE,AEA,EN,Towers with Radar,0,5,11,0,16,0,0,43,0,43,0,5,54,0,59,36,0,36,95
02/20/2017,ILG,DE,AEA,EN,Towers with Radar,0,11,33,0,44,0,6,30,0,36,0,17,63,0,80,22,0,22,102
02/21/2017,ILG,DE,AEA,EN,Towers with Radar,0,11,28,8,47,0,4,39,62,105,0,15,67,70,152,6,10,16,168
02/22/2017,ILG,DE,AEA,EN,Towers with Radar,0,12,31,7,50,0,3,22,21,46,0,15,53,28,96,60,32,92,188
02/23/2017,ILG,DE,AEA,EN,Towers with Radar,0,14,28,6,48,0,3,41,13,57,0,17,69,19,105,68,4,72,177
02/24/2017,ILG,DE,AEA,EN,Towers with Radar,0,9,20,2,31,0,5,39,4,48,0,14,59,6,79,22,28,50,129
02/25/2017,ILG,DE,AEA,EN,Towers with Radar,0,4,8,0,12,0,0,15,0,15,0,4,23,0,27,12,0,12,39
02/26/2017,ILG,DE,AEA,EN,Towers with Radar,0,5,16,0,21,0,0,22,1,23,0,5,38,1,44,10,0,10,54
02/27/2017,ILG,DE,AEA,EN,Towers with Radar,0,12,28,1,41,0,4,43,6,53,0,16,71,7,94,34,0,34,128
02/28/2017,ILG,DE,AEA,EN,Towers with Radar,0,5,21,4,30,0,2,47,11,60,0,7,68,15,90,34,24,58,148
03/01/2017,ILG,DE,AEA,EN,Towers with Radar,0,9,35,8,52,0,0,2,7,9,0,9,37,15,61,0,0,0,61
03/02/2017,ILG,DE,AEA,EN,Towers with Radar,0,7,26,5,38,0,0,20,20,40,0,7,46,25,78,0,26,26,104
03/03/2017,ILG,DE,AEA,EN,Towers with Radar,0,12,32,4,48,0,1,19,8,28,0,13,51,12,76,0,14,14,90
03/04/2017,ILG,DE,AEA,EN,Towers with Radar,0,3,24,4,31,0,0,27,13,40,0,3,51,17,71,10,0,10,81
03/05/2017,ILG,DE,AEA,EN,Towers with Radar,0,8,21,5,34,0,4,71,1,76,0,12,92,6,110,50,0,50,160
03/06/2017,ILG,DE,AEA,EN,Towers with Radar,0,5,33,6,44,0,3,46,6,55,0,8,79,12,99,82,6,88,187
03/07/2017,ILG,DE,AEA,EN,Towers with Radar,0,11,24,2,37,0,7,14,15,36,0,18,38,17,73,10,0,10,83
03/08/2017,ILG,DE,AEA,EN,Towers with Radar,0,8,19,7,34,0,3,10,15,28,0,11,29,22,62,8,8,16,78
03/09/2017,ILG,DE,AEA,EN,Towers with Radar,0,14,22,6,42,0,1,20,13,34,0,15,42,19,76,18,44,62,138
03/10/2017,ILG,DE,AEA,EN,Towers with Radar,0,11,17,0,28,0,1,3,0,4,0,12,20,0,32,0,0,0,32
03/11/2017,ILG,DE,AEA,EN,Towers with Radar,0,10,18,0,28,0,0,14,0,14,0,10,32,0,42,12,0,12,54
03/12/2017,ILG,DE,AEA,EN,Towers with Radar,0,8,34,4,46,0,3,58,0,61,0,11,92,4,107,68,0,68,175
03/13/2017,ILG,DE,AEA,EN,Towers with Radar,0,11,21,3,35,0,3,51,0,54,0,14,72,3,89,36,0,36,125
03/14/2017,ILG,DE,AEA,EN,Towers with Radar,0,0,1,0,1,0,0,0,0,0,0,0,1,0,1,0,0,0,1
03/15/2017,ILG,DE,AEA,EN,Towers with Radar,0,11,21,7,39,0,0,11,11,22,0,11,32,18,61,0,0,0,61
03/16/2017,ILG,DE,AEA,EN,Towers with Radar,0,10,25,9,44,0,7,12,15,34,0,17,37,24,78,0,10,10,88
03/17/2017,ILG,DE,AEA,EN,Towers with Radar,0,16,25,4,45,0,3,48,9,60,0,19,73,13,105,60,0,60,165
03/18/2017,ILG,DE,AEA,EN,Towers with Radar,0,6,18,0,24,0,0,0,0,0,0,6,18,0,24,0,0,0,24
03/19/2017,ILG,DE,AEA,EN,Towers with Radar,0,8,14,1,23,0,0,33,0,33,0,8,47,1,56,42,0,42,98
03/20/2017,ILG,DE,AEA,EN,Towers with Radar,0,7,23,2,32,0,2,47,11,60,0,9,70,13,92,72,0,72,164
03/21/2017,ILG,DE,AEA,EN,Towers with Radar,0,11,25,4,40,0,6,44,22,72,0,17,69,26,112,60,6,66,178
03/22/2017,ILG,DE,AEA,EN,Towers with Radar,0,3,26,7,36,0,3,18,17,38,0,6,44,24,74,0,10,10,84
03/23/2017,ILG,DE,AEA,EN,Towers with Radar,0,11,31,2,44,0,3,47,17,67,0,14,78,19,111,52,32,84,195
03/24/2017,ILG,DE,AEA,EN,Towers with Radar,0,17,11,3,31,0,1,30,3,34,0,18,41,6,65,25,0,25,90
03/25/2017,ILG,DE,AEA,EN,Towers with Radar,0,7,25,0,32,0,0,70,0,70,0,7,95,0,102,90,0,90,192
03/26/2017,ILG,DE,AEA,EN,Towers with Radar,0,8,40,0,48,0,0,1,0,1,0,8,41,0,49,20,0,20,69
03/27/2017,ILG,DE,AEA,EN,Towers with Radar,0,13,14,1,28,0,0,8,0,8,0,13,22,1,36,0,0,0,36
03/28/2017,ILG,DE,AEA,EN,Towers with Radar,0,5,22,1,28,0,0,0,0,0,0,5,22,1,28,0,0,0,28
03/29/2017,ILG,DE,AEA,EN,Towers with Radar,0,5,28,7,40,0,5,33,15,53,0,10,61,22,93,30,6,36,129
03/30/2017,ILG,DE,AEA,EN,Towers with Radar,0,11,30,5,46,0,1,56,17,74,0,12,86,22,120,38,12,50,170
03/31/2017,ILG,DE,AEA,EN,Towers with Radar,0,8,19,0,27,0,0,0,0,0,0,8,19,0,27,0,0,0,27
04/01/2017,ILG,DE,AEA,EN,Towers with Radar,0,2,22,0,24,0,1,29,1,31,0,3,51,1,55,22,0,22,77
04/02/2017,ILG,DE,AEA,EN,Towers with Radar,0,6,25,2,33,0,5,80,29,114,0,11,105,31,147,150,20,170,317
04/03/2017,ILG,DE,AEA,EN,Towers with Radar,0,10,26,3,39,0,0,29,8,37,0,10,55,11,76,70,10,80,156
04/04/2017,ILG,DE,AEA,EN,Towers with Radar,0,11,27,14,52,0,2,12,17,31,0,13,39,31,83,0,16,16,99
04/05/2017,ILG,DE,AEA,EN,Towers with Radar,0,6,37,11,54,0,7,54,25,86,0,13,91,36,140,38,16,54,194
04/06/2017,ILG,DE,AEA,EN,Towers with Radar,0,7,10,3,20,0,0,0,0,0,0,7,10,3,20,0,0,0,20
04/07/2017,ILG,DE,AEA,EN,Towers with Radar,0,13,25,1,39,0,2,8,1,11,0,15,33,2,50,0,8,8,58
04/08/2017,ILG,DE,AEA,EN,Towers with Radar,0,4,11,0,15,0,5,25,0,30,0,9,36,0,45,10,0,10,55
04/09/2017,ILG,DE,AEA,EN,Towers with Radar,0,15,20,1,36,0,3,60,0,63,0,18,80,1,99,126,0,126,225
04/10/2017,ILG,DE,AEA,EN,Towers with Radar,0,4,17,5,26,0,1,36,4,41,0,5,53,9,67,36,2,38,105
04/11/2017,ILG,DE,AEA,EN,Towers with Radar,0,13,23,5,41,0,5,38,12,55,0,18,61,17,96,97,18,115,211
04/12/2017,ILG,DE,AEA,EN,Towers with Radar,0,8,40,2,50,0,4,28,16,48,0,12,68,18,98,30,15,45,143
04/13/2017,ILG,DE,AEA,EN,Towers with Radar,0,9,31,0,40,0,5,42,18,65,0,14,73,18,105,44,10,54,159
04/14/2017,ILG,DE,AEA,EN,Towers with Radar,0,12,22,1,35,0,1,66,0,67,0,13,88,1,102,82,0,82,184
04/15/2017,ILG,DE,AEA,EN,Towers with Radar,0,8,13,0,21,0,0,39,0,39,0,8,52,0,60,53,0,53,113
04/16/2017,ILG,DE,AEA,EN,Towers with Radar,0,10,23,0,33,0,0,29,0,29,0,10,52,0,62,22,0,22,84
04/17/2017,ILG,DE,AEA,EN,Towers with Radar,0,10,40,1,51,0,0,23,6,29,0,10,63,7,80,32,4,36,116
04/18/2017,ILG,DE,AEA,EN,Towers with Radar,0,11,36,9,56,0,1,51,9,61,0,12,87,18,117,38,6,44,161
04/19/2017,ILG,DE,AEA,EN,Towers with Radar,0,11,23,5,39,0,6,29,11,46,0,17,52,16,85,9,4,13,98
04/20/2017,ILG,DE,AEA,EN,Towers with Radar,0,5,34,6,45,0,2,23,18,43,0,7,57,24,88,0,4,4,92
04/21/2017,ILG,DE,AEA,EN,Towers with Radar,0,17,30,2,49,0,0,11,1,12,0,17,41,3,61,12,0,12,73
04/22/2017,ILG,DE,AEA,EN,Towers with Radar,0,11,28,0,39,0,0,7,2,9,0,11,35,2,48,26,18,44,92
04/23/2017,ILG,DE,AEA,EN,Towers with Radar,0,7,16,0,23,0,2,43,0,45,0,9,59,0,68,69,0,69,137
04/24/2017,ILG,DE,AEA,EN,Towers with Radar,0,19,23,2,44,0,3,21,6,30,0,22,44,8,74,46,8,54,128
04/25/2017,ILG,DE,AEA,EN,Towers with Radar,0,12,31,2,45,0,0,0,0,0,0,12,31,2,45,0,0,0,45
04/26/2017,ILG,DE,AEA,EN,Towers with Radar,0,12,37,9,58,0,4,14,2,20,0,16,51,11,78,0,70,70,148
04/27/2017,ILG,DE,AEA,EN,Towers with Radar,0,10,32,5,47,0,6,23,12,41,0,16,55,17,88,38,15,53,141
04/28/2017,ILG,DE,AEA,EN,Towers with Radar,0,12,25,3,40,0,5,62,3,70,0,17,87,6,110,47,6,53,163
04/29/2017,ILG,DE,AEA,EN,Towers with Radar,0,7,10,0,17,0,0,86,0,86,0,7,96,0,103,8,0,8,111
04/30/2017,ILG,DE,AEA,EN,Towers with Radar,0,16,30,1,47,0,0,25,3,28,0,16,55,4,75,32,0,32,107
05/01/2017,ILG,DE,AEA,EN,Towers with Radar,0,8,21,2,31,0,6,7,7,20,0,14,28,9,51,0,12,12,63
05/02/2017,ILG,DE,AEA,EN,Towers with Radar,0,8,47,3,58,0,3,28,5,36,0,11,75,8,94,10,10,20,114
05/03/2017,ILG,DE,AEA,EN,Towers with Radar,0,11,30,1,42,0,1,17,3,21,0,12,47,4,63,12,8,20,83
05/04/2017,ILG,DE,AEA,EN,Towers with Radar,0,23,35,6,64,0,0,47,8,55,0,23,82,14,119,57,6,63,182
05/05/2017,ILG,DE,AEA,EN,Towers with Radar,0,12,31,0,43,0,0,0,0,0,0,12,31,0,43,0,0,0,43
05/06/2017,ILG,DE,AEA,EN,Towers with Radar,0,11,21,0,32,0,0,14,4,18,0,11,35,4,50,38,0,38,88
05/07/2017,ILG,DE,AEA,EN,Towers with Radar,0,12,22,4,38,0,0,14,11,25,0,12,36,15,63,60,8,68,131
05/08/2017,ILG,DE,AEA,EN,Towers with Radar,0,7,30,1,38,0,1,44,1,46,0,8,74,2,84,36,0,36,120
05/09/2017,ILG,DE,AEA,EN,Towers with Radar,0,11,44,4,59,0,0,66,2,68,0,11,110,6,127,57,0,57,184
05/10/2017,ILG,DE,AEA,EN,Towers with Radar,0,7,23,3,33,0,3,62,5,70,0,10,85,8,103,24,12,36,139
05/11/2017,ILG,DE,AEA,EN,Towers with Radar,0,6,32,0,38,0,4,25,6,35,0,10,57,6,73,80,0,80,153
05/12/2017,ILG,DE,AEA,EN,Towers with Radar,0,18,28,4,50,0,2,19,0,21,0,20,47,4,71,64,0,64,135
05/13/2017,ILG,DE,AEA,EN,Towers with Radar,0,13,7,1,21,0,0,1,0,1,0,13,8,1,22,0,0,0,22
05/14/2017,ILG,DE,AEA,EN,Towers with Radar,0,4,14,0,18,0,0,32,2,34,0,4,46,2,52,38,0,38,90
05/15/2017,ILG,DE,AEA,EN,Towers with Radar,0,18,43,3,64,0,2,37,3,42,0,20,80,6,106,10,3,13,119
05/16/2017,ILG,DE,AEA,EN,Towers with Radar,0,31,31,1,63,0,1,49,7,57,0,32,80,8,120,14,6,20,140
05/17/2017,ILG,DE,AEA,EN,Towers with Radar,0,8,27,3,38,0,1,40,2,43,0,9,67,5,81,26,0,26,107
05/18/2017,ILG,DE,AEA,EN,Towers with Radar,0,14,39,4,57,0,5,32,5,42,0,19,71,9,99,16,8,24,123
05/19/2017,ILG,DE,AEA,EN,Towers with Radar,0,11,24,2,37,0,1,31,0,32,0,12,55,2,69,6,0,6,75
05/20/2017,ILG,DE,AEA,EN,Towers with Radar,0,6,22,1,29,0,0,28,3,31,0,6,50,4,60,5,0,5,65
05/21/2017,ILG,DE,AEA,EN,Towers with Radar,0,14,24,0,38,0,1,37,1,39,0,15,61,1,77,40,0,40,117
05/22/2017,ILG,DE,AEA,EN,Towers with Radar,0,19,35,2,56,0,0,0,0,0,0,19,35,2,56,0,0,0,56
05/23/2017,ILG,DE,AEA,EN,Towers with Radar,0,15,17,7,39,0,0,18,13,31,0,15,35,20,70,6,32,38,108
05/24/2017,ILG,DE,AEA,EN,Towers with Radar,0,9,26,3,38,0,0,22,13,35,0,9,48,16,73,0,30,30,103
05/25/2017,ILG,DE,AEA,EN,Towers with Radar,0,18,31,4,53,0,0,4,0,4,0,18,35,4,57,0,0,0,57
05/26/2017,ILG,DE,AEA,EN,Towers with Radar,0,14,29,0,43,0,1,33,0,34,0,15,62,0,77,31,0,31,108
05/27/2017,ILG,DE,AEA,EN,Towers with Radar,0,7,39,0,46,0,3,57,1,61,0,10,96,1,107,24,11,35,142
05/28/2017,ILG,DE,AEA,EN,Towers with Radar,0,8,11,0,19,0,2,22,0,24,0,10,33,0,43,10,0,10,53
05/29/2017,ILG,DE,AEA,EN,Towers with Radar,0,7,22,0,29,0,0,1,0,1,0,7,23,0,30,0,0,0,30
05/30/2017,ILG,DE,AEA,EN,Towers with Radar,0,10,27,2,39,0,0,0,0,0,0,10,27,2,39,0,5,5,44
05/31/2017,ILG,DE,AEA,EN,Towers with Radar,0,14,39,1,54,0,1,24,14,39,0,15,63,15,93,31,34,65,158
06/01/2017,ILG,DE,AEA,EN,Towers with Radar,0,13,57,1,71,0,6,41,14,61,0,19,98,15,132,36,12,48,180
06/02/2017,ILG,DE,AEA,EN,Towers with Radar,0,10,42,5,57,0,2,25,14,41,0,12,67,19,98,13,8,21,119
06/03/2017,ILG,DE,AEA,EN,Towers with Radar,0,4,28,3,35,0,6,35,12,53,0,10,63,15,88,58,12,70,158
06/04/2017,ILG,DE,AEA,EN,Towers with Radar,0,11,42,2,55,0,5,37,11,53,0,16,79,13,108,20,0,20,128
06/05/2017,ILG,DE,AEA,EN,Towers with Radar,0,8,23,0,31,0,0,15,0,15,0,8,38,0,46,33,0,33,79
06/06/2017,ILG,DE,AEA,EN,Towers with Radar,0,12,26,17,55,0,2,6,8,16,0,14,32,25,71,12,0,12,83
06/07/2017,ILG,DE,AEA,EN,Towers with Radar,0,13,35,6,54,0,0,14,10,24,0,13,49,16,78,29,16,45,123
06/08/2017,ILG,DE,AEA,EN,Towers with Radar,0,18,20,3,41,0,1,44,18,63,0,19,64,21,104,45,9,54,158
06/09/2017,ILG,DE,AEA,EN,Towers with Radar,0,17,20,4,41,0,7,38,6,51,0,24,58,10,92,26,12,38,130
06/10/2017,ILG,DE,AEA,EN,Towers with Radar,0,5,21,0,26,0,2,52,2,56,0,7,73,2,82,35,0,35,117
06/11/2017,ILG,DE,AEA,EN,Towers with Radar,0,13,20,0,33,0,4,55,0,59,0,17,75,0,92,13,0,13,105
06/12/2017,ILG,DE,AEA,EN,Towers with Radar,0,21,35,10,66,0,3,45,3,51,0,24,80,13,117,27,0,27,144
06/13/2017,ILG,DE,AEA,EN,Towers with Radar,0,8,20,7,35,0,2,58,12,72,0,10,78,19,107,42,0,42,149
06/14/2017,ILG,DE,AEA,EN,Towers with Radar,0,7,30,8,45,0,1,23,27,51,0,8,53,35,96,10,6,16,112
06/15/2017,ILG,DE,AEA,EN,Towers with Radar,0,10,22,3,35,0,4,41,18,63,0,14,63,21,98,48,6,54,152
06/16/2017,ILG,DE,AEA,EN,Towers with Radar,0,4,30,3,37,0,2,8,1,11,0,6,38,4,48,20,14,34,82
06/17/2017,ILG,DE,AEA,EN,Towers with Radar,0,7,19,0,26,0,0,4,0,4,0,7,23,0,30,2,0,2,32
06/18/2017,ILG,DE,AEA,EN,Towers with Radar,0,7,20,0,27,0,0,15,0,15,0,7,35,0,42,18,0,18,60
06/19/2017,ILG,DE,AEA,EN,Towers with Radar,0,6,19,2,27,0,2,9,0,11,0,8,28,2,38,12,0,12,50
06/20/2017,ILG,DE,AEA,EN,Towers with Radar,0,15,36,6,57,0,3,66,10,79,0,18,102,16,136,68,8,76,212
06/21/2017,ILG,DE,AEA,EN,Towers with Radar,0,10,29,9,48,0,1,36,13,50,0,11,65,22,98,45,0,45,143
06/22/2017,ILG,DE,AEA,EN,Towers with Radar,0,17,31,2,50,0,0,50,6,56,0,17,81,8,106,30,5,35,141
06/23/2017,ILG,DE,AEA,EN,Towers with Radar,0,8,29,2,39,0,2,16,1,19,0,10,45,3,58,4,6,10,68
06/24/2017,ILG,DE,AEA,EN,Towers with Radar,0,8,10,0,18,0,1,33,0,34,0,9,43,0,52,16,0,16,68
06/25/2017,ILG,DE,AEA,EN,Towers with Radar,0,13,30,2,45,0,0,53,1,54,0,13,83,3,99,51,0,51,150
06/26/2017,ILG,DE,AEA,EN,Towers with Radar,0,12,27,1,40,0,2,26,5,33,0,14,53,6,73,12,11,23,96
06/27/2017,ILG,DE,AEA,EN,Towers with Radar,0,15,50,10,75,0,1,47,15,63,0,16,97,25,138,22,9,31,169
06/28/2017,ILG,DE,AEA,EN,Towers with Radar,0,9,39,6,54,0,1,50,20,71,0,10,89,26,125,50,30,80,205
06/29/2017,ILG,DE,AEA,EN,Towers with Radar,0,15,36,3,54,0,3,46,11,60,0,18,82,14,114,29,10,39,153
06/30/2017,ILG,DE,AEA,EN,Towers with Radar,0,24,22,6,52,0,3,48,1,52,0,27,70,7,104,6,6,12,116
07/01/2017,ILG,DE,AEA,EN,Towers with Radar,0,7,17,0,24,0,0,8,0,8,0,7,25,0,32,2,0,2,34
07/02/2017,ILG,DE,AEA,EN,Towers with Radar,0,3,22,0,25,0,6,38,0,44,0,9,60,0,69,50,0,50,119
07/03/2017,ILG,DE,AEA,EN,Towers with Radar,0,1,9,0,10,0,7,42,0,49,0,8,51,0,59,90,0,90,149
07/04/2017,ILG,DE,AEA,EN,Towers with Radar,0,4,19,0,23,0,2,31,0,33,0,6,50,0,56,12,0,12,68
07/05/2017,ILG,DE,AEA,EN,Towers with Radar,0,8,16,8,32,0,2,37,9,48,0,10,53,17,80,38,0,38,118
07/06/2017,ILG,DE,AEA,EN,Towers with Radar,0,7,24,2,33,0,1,1,3,5,0,8,25,5,38,0,16,16,54
07/07/2017,ILG,DE,AEA,EN,Towers with Radar,0,6,17,6,29,0,0,11,2,13,0,6,28,8,42,0,2,2,44
07/08/2017,ILG,DE,AEA,EN,Towers with Radar,0,4,12,2,18,0,2,37,2,41,0,6,49,4,59,36,0,36,95
07/09/2017,ILG,DE,AEA,EN,Towers with Radar,0,16,26,0,42,0,1,56,4,61,0,17,82,4,103,94,0,94,197
07/10/2017,ILG,DE,AEA,EN,Towers with Radar,0,6,21,4,31,0,1,25,5,31,0,7,46,9,62,32,15,47,109
07/11/2017,ILG,DE,AEA,EN,Towers with Radar,0,9,28,4,41,0,2,25,23,50,0,11,53,27,91,55,18,73,164
07/12/2017,ILG,DE,AEA,EN,Towers with Radar,0,7,16,1,24,0,1,31,26,58,0,8,47,27,82,37,12,49,131
07/13/2017,ILG,DE,AEA,EN,Towers with Radar,0,16,20,5,41,0,0,21,14,35,0,16,41,19,76,43,8,51,127
07/14/2017,ILG,DE,AEA,EN,Towers with Radar,0,13,33,1,47,0,0,2,3,5,0,13,35,4,52,2,0,2,54
07/15/2017,ILG,DE,AEA,EN,Towers with Radar,0,9,22,2,33,0,0,32,0,32,0,9,54,2,65,62,0,62,127
07/16/2017,ILG,DE,AEA,EN,Towers with Radar,0,15,19,3,37,0,1,59,2,62,0,16,78,5,99,56,12,68,167
07/17/2017,ILG,DE,AEA,EN,Towers with Radar,0,6,24,0,30,0,1,29,0,30,0,7,53,0,60,9,0,9,69
07/18/2017,ILG,DE,AEA,EN,Towers with Radar,0,4,21,9,34,0,0,33,10,43,0,4,54,19,77,76,2,78,155
07/19/2017,ILG,DE,AEA,EN,Towers with Radar,0,11,41,5,57,0,4,31,14,49,0,15,72,19,106,22,28,50,156
07/20/2017,ILG,DE,AEA,EN,Towers with Radar,0,11,22,2,35,0,0,6,1,7,0,11,28,3,42,0,0,0,42
07/21/2017,ILG,DE,AEA,EN,Towers with Radar,0,9,24,1,34,0,4,60,0,64,0,13,84,1,98,18,0,18,116
07/22/2017,ILG,DE,AEA,EN,Towers with Radar,0,7,17,2,26,0,3,35,0,38,0,10,52,2,64,26,0,26,90
07/23/2017,ILG,DE,AEA,EN,Towers with Radar,0,14,27,0,41,0,0,25,0,25,0,14,52,0,66,2,0,2,68
07/24/2017,ILG,DE,AEA,EN,Towers with Radar,0,15,28,1,44,0,4,37,1,42,0,19,65,2,86,61,8,69,155
07/25/2017,ILG,DE,AEA,EN,Towers with Radar,0,13,30,3,46,0,0,41,23,64,0,13,71,26,110,103,0,103,213
07/26/2017,ILG,DE,AEA,EN,Towers with Radar,0,12,29,9,50,0,1,32,17,50,0,13,61,26,100,68,7,75,175
07/27/2017,ILG,DE,AEA,EN,Towers with Radar,0,7,34,5,46,0,0,24,7,31,0,7,58,12,77,46,3,49,126
07/28/2017,ILG,DE,AEA,EN,Towers with Radar,0,5,45,2,52,0,0,9,0,9,0,5,54,2,61,10,0,10,71
07/29/2017,ILG,DE,AEA,EN,Towers with Radar,0,7,24,0,31,0,0,14,0,14,0,7,38,0,45,11,0,11,56
07/30/2017,ILG,DE,AEA,EN,Towers with Radar,0,4,31,0,35,0,1,81,0,82,0,5,112,0,117,67,0,67,184
07/31/2017,ILG,DE,AEA,EN,Towers with Radar,0,20,21,2,43,0,3,61,0,64,0,23,82,2,107,44,0,44,151
08/01/2017,ILG,DE,AEA,EN,Towers with Radar,0,17,17,9,43,0,0,45,16,61,0,17,62,25,104,45,15,60,164
08/02/2017,ILG,DE,AEA,EN,Towers with Radar,0,17,33,0,50,0,0,19,5,24,0,17,52,5,74,1,0,1,75
08/03/2017,ILG,DE,AEA,EN,Towers with Radar,0,6,36,1,43,0,3,28,13,44,0,9,64,14,87,30,0,30,117
08/04/2017,ILG,DE,AEA,EN,Towers with Radar,0,10,25,2,37,0,2,30,3,35,0,12,55,5,72,50,2,52,124
08/05/2017,ILG,DE,AEA,EN,Towers with Radar,0,5,24,0,29,0,0,28,1,29,0,5,52,1,58,20,0,20,78
08/06/2017,ILG,DE,AEA,EN,Towers with Radar,0,15,30,5,50,0,6,37,3,46,0,21,67,8,96,70,14,84,180
08/07/2017,ILG,DE,AEA,EN,Towers with Radar,0,5,20,1,26,0,0,1,2,3,0,5,21,3,29,0,0,0,29
08/08/2017,ILG,DE,AEA,EN,Towers with Radar,0,7,27,2,36,0,3,26,10,39,0,10,53,12,75,1,0,1,76
08/09/2017,ILG,DE,AEA,EN,Towers with Radar,0,4,18,6,28,0,1,61,21,83,0,5,79,27,111,34,34,68,179
08/10/2017,ILG,DE,AEA,EN,Towers with Radar,0,10,29,2,41,0,0,44,18,62,0,10,73,20,103,25,21,46,149
08/11/2017,ILG,DE,AEA,EN,Towers with Radar,0,20,20,4,44,0,2,50,1,53,0,22,70,5,97,6,0,6,103
08/12/2017,ILG,DE,AEA,EN,Towers with Radar,0,9,11,0,20,0,2,10,0,12,0,11,21,0,32,12,0,12,44
08/13/2017,ILG,DE,AEA,EN,Towers with Radar,0,17,34,0,51,0,2,72,0,74,0,19,106,0,125,80,0,80,205
08/14/2017,ILG,DE,AEA,EN,Towers with Radar,0,17,50,2,69,0,0,37,2,39,0,17,87,4,108,63,0,63,171
08/15/2017,ILG,DE,AEA,EN,Towers with Radar,0,6,29,8,43,0,0,1,0,1,0,6,30,8,44,0,0,0,44
08/16/2017,ILG,DE,AEA,EN,Towers with Radar,0,15,31,7,53,0,0,48,18,66,0,15,79,25,119,48,10,58,177
08/17/2017,ILG,DE,AEA,EN,Towers with Radar,0,10,18,6,34,0,1,35,14,50,0,11,53,20,84,28,0,28,112
08/18/2017,ILG,DE,AEA,EN,Towers with Radar,0,14,13,2,29,0,0,2,0,2,0,14,15,2,31,14,0,14,45
08/19/2017,ILG,DE,AEA,EN,Towers with Radar,0,5,13,4,22,0,3,69,17,89,0,8,82,21,111,42,0,42,153
08/20/2017,ILG,DE,AEA,EN,Towers with Radar,0,12,20,2,34,0,1,54,0,55,0,13,74,2,89,51,0,51,140
08/21/2017,ILG,DE,AEA,EN,Towers with Radar,0,21,36,4,61,0,5,48,11,64,0,26,84,15,125,47,17,64,189
08/22/2017,ILG,DE,AEA,EN,Towers with Radar,0,7,20,17,44,0,2,23,28,53,0,9,43,45,97,24,12,36,133
08/23/2017,ILG,DE,AEA,EN,Towers with Radar,0,12,28,13,53,0,0,36,25,61,0,12,64,38,114,12,29,41,155
08/24/2017,ILG,DE,AEA,EN,Towers with Radar,0,8,24,2,34,0,5,57,14,76,0,13,81,16,110,30,0,30,140
08/25/2017,ILG,DE,AEA,EN,Towers with Radar,0,10,26,5,41,0,2,33,18,53,0,12,59,23,94,4,6,10,104
08/26/2017,ILG,DE,AEA,EN,Towers with Radar,0,15,12,1,28,0,1,42,3,46,0,16,54,4,74,44,0,44,118
08/27/2017,ILG,DE,AEA,EN,Towers with Radar,0,10,16,0,26,0,1,52,6,59,0,11,68,6,85,12,0,12,97
08/28/2017,ILG,DE,AEA,EN,Towers with Radar,0,7,21,7,35,0,6,34,11,51,0,13,55,18,86,10,11,21,107
08/29/2017,ILG,DE,AEA,EN,Towers with Radar,0,13,25,6,44,0,0,4,2,6,0,13,29,8,50,14,0,14,64
08/30/2017,ILG,DE,AEA,EN,Towers with Radar,0,7,27,15,49,0,2,47,18,67,0,9,74,33,116,20,6,26,142
08/31/2017,ILG,DE,AEA,EN,Towers with Radar,0,10,49,5,64,0,0,39,6,45,0,10,88,11,109,29,0,29,138
09/01/2017,ILG,DE,AEA,EN,Towers with Radar,0,11,20,0,31,0,3,57,0,60,0,14,77,0,91,26,0,26,117
09/02/2017,ILG,DE,AEA,EN,Towers with Radar,0,8,19,2,29,0,0,17,0,17,0,8,36,2,46,36,0,36,82
09/03/2017,ILG,DE,AEA,EN,Towers with Radar,0,6,16,0,22,0,1,13,0,14,0,7,29,0,36,4,0,4,40
09/04/2017,ILG,DE,AEA,EN,Towers with Radar,0,9,23,1,33,0,5,90,0,95,0,14,113,1,128,14,0,14,142
09/05/2017,ILG,DE,AEA,EN,Towers with Radar,0,10,46,6,62,0,7,44,10,61,0,17,90,16,123,29,0,29,152
09/06/2017,ILG,DE,AEA,EN,Towers with Radar,0,18,36,6,60,0,0,5,0,5,0,18,41,6,65,0,0,0,65
09/07/2017,ILG,DE,AEA,EN,Towers with Radar,0,11,43,9,63,0,0,35,9,44,0,11,78,18,107,23,2,25,132
09/08/2017,ILG,DE,AEA,EN,Towers with Radar,2,21,32,6,61,0,3,48,9,60,2,24,80,15,121,38,4,42,163
09/09/2017,ILG,DE,AEA,EN,Towers with Radar,1,9,12,0,22,0,1,56,2,59,1,10,68,2,81,48,0,48,129
09/10/2017,ILG,DE,AEA,EN,Towers with Radar,0,7,15,0,22,0,1,40,4,45,0,8,55,4,67,29,0,29,96
09/11/2017,ILG,DE,AEA,EN,Towers with Radar,0,7,21,1,29,0,4,46,0,50,0,11,67,1,79,30,0,30,109
09/12/2017,ILG,DE,AEA,EN,Towers with Radar,0,6,22,6,34,0,2,36,25,63,0,8,58,31,97,19,18,37,134
09/13/2017,ILG,DE,AEA,EN,Towers with Radar,0,9,40,7,56,0,2,2,0,4,0,11,42,7,60,0,0,0,60
09/14/2017,ILG,DE,AEA,EN,Towers with Radar,0,13,47,7,67,0,1,29,10,40,0,14,76,17,107,30,0,30,137
09/15/2017,ILG,DE,AEA,EN,Towers with Radar,0,16,41,9,66,0,3,34,4,41,0,19,75,13,107,46,0,46,153
09/16/2017,ILG,DE,AEA,EN,Towers with Radar,0,11,12,5,28,0,2,50,7,59,0,13,62,12,87,31,4,35,122
09/17/2017,ILG,DE,AEA,EN,Towers with Radar,0,12,20,0,32,0,1,13,0,14,0,13,33,0,46,53,0,53,99
09/18/2017,ILG,DE,AEA,EN,Towers with Radar,0,7,27,6,40,0,1,17,5,23,0,8,44,11,63,18,5,23,86
09/19/2017,ILG,DE,AEA,EN,Towers with Radar,0,5,12,8,25,0,0,19,18,37,0,5,31,26,62,0,10,10,72
09/20/2017,ILG,DE,AEA,EN,Towers with Radar,0,7,18,6,31,0,0,30,15,45,0,7,48,21,76,16,17,33,109
09/21/2017,ILG,DE,AEA,EN,Towers with Radar,0,11,28,1,40,0,1,40,5,46,0,12,68,6,86,10,11,21,107
09/22/2017,ILG,DE,AEA,EN,Towers with Radar,0,8,22,3,33,0,3,40,0,43,0,11,62,3,76,12,0,12,88
09/23/2017,ILG,DE,AEA,EN,Towers with Radar,3,5,20,1,29,0,3,53,1,57,3,8,73,2,86,25,0,25,111
09/24/2017,ILG,DE,AEA,EN,Towers with Radar,0,8,29,0,37,0,3,56,0,59,0,11,85,0,96,21,0,21,117
09/25/2017,ILG,DE,AEA,EN,Towers with Radar,0,16,28,0,44,0,4,67,0,71,0,20,95,0,115,14,0,14,129
09/26/2017,ILG,DE,AEA,EN,Towers with Radar,0,12,21,5,38,0,1,37,0,38,0,13,58,5,76,18,0,18,94
09/27/2017,ILG,DE,AEA,EN,Towers with Radar,0,7,27,8,42,0,0,27,3,30,0,7,54,11,72,40,20,60,132
09/28/2017,ILG,DE,AEA,EN,Towers with Radar,0,8,43,7,58,0,0,32,3,35,0,8,75,10,93,13,0,13,106
09/29/2017,ILG,DE,AEA,EN,Towers with Radar,0,6,47,2,55,0,3,76,2,81,0,9,123,4,136,47,0,47,183
09/30/2017,ILG,DE,AEA,EN,Towers with Radar,0,7,22,0,29,0,0,39,0,39,0,7,61,0,68,4,0,4,72
10/01/2017,ILG,DE,AEA,EN,Towers with Radar,0,15,37,0,52,0,1,69,0,70,0,16,106,0,122,51,0,51,173
10/02/2017,ILG,DE,AEA,EN,Towers with Radar,0,14,22,7,43,0,2,61,1,64,0,16,83,8,107,30,17,47,154
10/03/2017,ILG,DE,AEA,EN,Towers with Radar,0,7,41,5,53,0,0,75,2,77,0,7,116,7,130,37,0,37,167
10/04/2017,ILG,DE,AEA,EN,Towers with Radar,0,12,45,8,65,0,0,38,6,44,0,12,83,14,109,76,4,80,189
10/05/2017,ILG,DE,AEA,EN,Towers with Radar,0,6,25,2,33,0,2,62,6,70,0,8,87,8,103,7,28,35,138
10/06/2017,ILG,DE,AEA,EN,Towers with Radar,0,21,34,3,58,0,0,58,1,59,0,21,92,4,117,24,0,24,141
10/07/2017,ILG,DE,AEA,EN,Towers with Radar,0,3,21,1,25,0,1,71,0,72,0,4,92,1,97,31,0,31,128
10/08/2017,ILG,DE,AEA,EN,Towers with Radar,0,9,26,0,35,0,1,9,0,10,0,10,35,0,45,2,0,2,47
10/09/2017,ILG,DE,AEA,EN,Towers with Radar,0,11,18,0,29,0,0,2,0,2,0,11,20,0,31,0,0,0,31
10/10/2017,ILG,DE,AEA,EN,Towers with Radar,0,12,39,18,69,0,0,45,14,59,0,12,84,32,128,53,4,57,185
10/11/2017,ILG,DE,AEA,EN,Towers with Radar,0,6,37,8,51,0,0,29,3,32,0,6,66,11,83,28,12,40,123
10/12/2017,ILG,DE,AEA,EN,Towers with Radar,0,8,44,9,61,0,0,19,8,27,0,8,63,17,88,0,10,10,98
10/13/2017,ILG,DE,AEA,EN,Towers with Radar,0,12,35,4,51,0,1,18,0,19,0,13,53,4,70,25,0,25,95
10/14/2017,ILG,DE,AEA,EN,Towers with Radar,0,9,30,0,39,0,0,5,0,5,0,9,35,0,44,0,0,0,44
10/15/2017,ILG,DE,AEA,EN,Towers with Radar,0,2,35,5,42,0,0,10,3,13,0,2,45,8,55,10,0,10,65
10/16/2017,ILG,DE,AEA,EN,Towers with Radar,0,11,21,7,39,0,1,33,9,43,0,12,54,16,82,8,7,15,97
10/17/2017,ILG,DE,AEA,EN,Towers with Radar,0,20,32,14,66,0,5,57,16,78,0,25,89,30,144,39,48,87,231
10/18/2017,ILG,DE,AEA,EN,Towers with Radar,0,16,32,6,54,0,2,79,8,89,0,18,111,14,143,25,29,54,197
10/19/2017,ILG,DE,AEA,EN,Towers with Radar,0,6,33,5,44,0,0,81,8,89,0,6,114,13,133,24,27,51,184
10/20/2017,ILG,DE,AEA,EN,Towers with Radar,0,11,37,3,51,0,2,67,19,88,0,13,104,22,139,60,47,107,246
10/21/2017,ILG,DE,AEA,EN,Towers with Radar,0,4,28,1,33,0,4,86,4,94,0,8,114,5,127,89,0,89,216
10/22/2017,ILG,DE,AEA,EN,Towers with Radar,0,14,31,5,50,0,2,57,12,71,0,16,88,17,121,42,6,48,169
10/23/2017,ILG,DE,AEA,EN,Towers with Radar,0,9,31,3,43,0,4,18,0,22,0,13,49,3,65,4,0,4,69
10/24/2017,ILG,DE,AEA,EN,Towers with Radar,0,3,21,3,27,0,1,12,9,22,0,4,33,12,49,0,0,0,49
10/25/2017,ILG,DE,AEA,EN,Towers with Radar,0,6,36,7,49,0,0,33,6,39,0,6,69,13,88,58,0,58,146
10/26/2017,ILG,DE,AEA,EN,Towers with Radar,0,16,33,10,59,0,2,45,8,55,0,18,78,18,114,5,2,7,121
10/27/2017,ILG,DE,AEA,EN,Towers with Radar,0,10,35,5,50,0,0,82,0,82,0,10,117,5,132,66,0,66,198
10/28/2017,ILG,DE,AEA,EN,Towers with Radar,1,9,26,3,39,0,1,114,0,115,1,10,140,3,154,16,0,16,170
10/29/2017,ILG,DE,AEA,EN,Towers with Radar,1,12,16,0,29,0,0,0,0,0,1,12,16,0,29,0,0,0,29
10/30/2017,ILG,DE,AEA,EN,Towers with Radar,2,19,18,3,42,0,2,14,1,17,2,21,32,4,59,2,1,3,62
10/31/2017,ILG,DE,AEA,EN,Towers with Radar,0,8,12,33,53,0,0,40,10,50,0,8,52,43,103,37,8,45,148
11/01/2017,ILG,DE,AEA,EN,Towers with Radar,0,10,32,8,50,0,0,35,14,49,0,10,67,22,99,64,12,76,175
11/02/2017,ILG,DE,AEA,EN,Towers with Radar,0,14,49,9,72,0,0,56,13,69,0,14,105,22,141,47,0,47,188
11/03/2017,ILG,DE,AEA,EN,Towers with Radar,2,14,28,7,51,0,2,44,1,47,2,16,72,8,98,50,34,84,182
11/04/2017,ILG,DE,AEA,EN,Towers with Radar,2,8,21,12,43,0,0,49,22,71,2,8,70,34,114,81,10,91,205
11/05/2017,ILG,DE,AEA,EN,Towers with Radar,0,8,30,5,43,0,0,7,0,7,0,8,37,5,50,19,4,23,73
11/06/2017,ILG,DE,AEA,EN,Towers with Radar,0,9,31,3,43,0,0,7,0,7,0,9,38,3,50,0,0,0,50
11/07/2017,ILG,DE,AEA,EN,Towers with Radar,0,7,32,3,42,0,2,18,0,20,0,9,50,3,62,30,0,30,92
11/08/2017,ILG,DE,AEA,EN,Towers with Radar,0,17,29,11,57,0,4,34,20,58,0,21,63,31,115,25,10,35,150
11/09/2017,ILG,DE,AEA,EN,Towers with Radar,0,12,31,3,46,0,0,37,11,48,0,12,68,14,94,94,0,94,188
11/10/2017,ILG,DE,AEA,EN,Towers with Radar,0,4,26,1,31,0,1,26,0,27,0,5,52,1,58,0,0,0,58
11/11/2017,ILG,DE,AEA,EN,Towers with Radar,2,5,15,0,22,0,2,39,0,41,2,7,54,0,63,6,0,6,69
11/12/2017,ILG,DE,AEA,EN,Towers with Radar,0,11,25,0,36,0,0,56,0,56,0,11,81,0,92,40,0,40,132
11/13/2017,ILG,DE,AEA,EN,Towers with Radar,0,8,35,4,47,0,0,7,0,7,0,8,42,4,54,6,0,6,60
11/14/2017,ILG,DE,AEA,EN,Towers with Radar,0,4,32,5,41,0,0,31,17,48,0,4,63,22,89,14,9,23,112
11/15/2017,ILG,DE,AEA,EN,Towers with Radar,0,12,33,5,50,0,5,42,6,53,0,17,75,11,103,62,9,71,174
11/16/2017,ILG,DE,AEA,EN,Towers with Radar,0,6,25,6,37,0,1,22,9,32,0,7,47,15,69,49,28,77,146
11/17/2017,ILG,DE,AEA,EN,Towers with Radar,0,14,43,3,60,0,2,61,5,68,0,16,104,8,128,26,0,26,154
11/18/2017,ILG,DE,AEA,EN,Towers with Radar,0,10,16,0,26,0,2,34,0,36,0,12,50,0,62,43,0,43,105
11/19/2017,ILG,DE,AEA,EN,Towers with Radar,0,10,20,0,30,0,0,6,2,8,0,10,26,2,38,2,0,2,40
11/20/2017,ILG,DE,AEA,EN,Towers with Radar,0,18,34,1,53,0,0,39,5,44,0,18,73,6,97,21,5,26,123
11/21/2017,ILG,DE,AEA,EN,Towers with Radar,0,16,43,13,72,0,1,44,19,64,0,17,87,32,136,36,0,36,172
11/22/2017,ILG,DE,AEA,EN,Towers with Radar,0,22,43,2,67,0,0,31,0,31,0,22,74,2,98,36,0,36,134
11/23/2017,ILG,DE,AEA,EN,Towers with Radar,0,9,5,0,14,0,0,18,0,18,0,9,23,0,32,4,0,4,36
11/24/2017,ILG,DE,AEA,EN,Towers with Radar,0,3,20,0,23,0,0,67,0,67,0,3,87,0,90,28,0,28,118
11/25/2017,ILG,DE,AEA,EN,Towers with Radar,0,11,15,0,26,0,0,44,0,44,0,11,59,0,70,55,0,55,125
11/26/2017,ILG,DE,AEA,EN,Towers with Radar,0,9,40,0,49,0,0,30,0,30,0,9,70,0,79,6,0,6,85
11/27/2017,ILG,DE,AEA,EN,Towers with Radar,0,9,37,4,50,0,1,54,5,60,0,10,91,9,110,42,0,42,152
11/28/2017,ILG,DE,AEA,EN,Towers with Radar,0,10,30,5,45,0,2,58,16,76,0,12,88,21,121,68,0,68,189
11/29/2017,ILG,DE,AEA,EN,Towers with Radar,0,9,29,4,42,0,0,43,13,56,0,9,72,17,98,40,6,46,144
11/30/2017,ILG,DE,AEA,EN,Towers with Radar,0,9,46,6,61,0,2,45,13,60,0,11,91,19,121,45,49,94,215
12/01/2017,ILG,DE,AEA,EN,Towers with Radar,0,4,36,4,44,0,0,43,4,47,0,4,79,8,91,26,0,26,117
12/02/2017,ILG,DE,AEA,EN,Towers with Radar,0,3,26,2,31,0,0,58,2,60,0,3,84,4,91,72,0,72,163
12/03/2017,ILG,DE,AEA,EN,Towers with Radar,0,10,16,1,27,0,0,36,3,39,0,10,52,4,66,55,10,65,131
12/04/2017,ILG,DE,AEA,EN,Towers with Radar,0,10,19,13,42,0,1,48,0,49,0,11,67,13,91,37,0,37,128
12/05/2017,ILG,DE,AEA,EN,Towers with Radar,0,9,27,1,37,0,0,5,0,5,0,9,32,1,42,0,1,1,43
12/06/2017,ILG,DE,AEA,EN,Towers with Radar,0,19,29,8,56,0,0,26,13,39,0,19,55,21,95,14,8,22,117
12/07/2017,ILG,DE,AEA,EN,Towers with Radar,0,10,39,5,54,0,2,32,14,48,0,12,71,19,102,20,34,54,156
12/08/2017,ILG,DE,AEA,EN,Towers with Radar,0,15,35,2,52,0,0,41,0,41,0,15,76,2,93,64,0,64,157
12/09/2017,ILG,DE,AEA,EN,Towers with Radar,0,3,5,0,8,0,0,0,0,0,0,3,5,0,8,0,0,0,8
12/10/2017,ILG,DE,AEA,EN,Towers with Radar,0,13,12,0,25,0,0,23,0,23,0,13,35,0,48,26,0,26,74
12/11/2017,ILG,DE,AEA,EN,Towers with Radar,0,14,27,6,47,0,1,46,0,47,0,15,73,6,94,26,0,26,120
12/12/2017,ILG,DE,AEA,EN,Towers with Radar,0,12,20,2,34,0,0,11,8,19,0,12,31,10,53,4,8,12,65
12/13/2017,ILG,DE,AEA,EN,Towers with Radar,0,10,26,5,41,0,0,8,7,15,0,10,34,12,56,0,8,8,64
12/14/2017,ILG,DE,AEA,EN,Towers with Radar,0,15,43,5,63,0,0,21,9,30,0,15,64,14,93,0,13,13,106
12/15/2017,ILG,DE,AEA,EN,Towers with Radar,0,10,31,0,41,0,0,15,0,15,0,10,46,0,56,6,0,6,62
12/16/2017,ILG,DE,AEA,EN,Towers with Radar,0,9,24,0,33,0,0,19,0,19,0,9,43,0,52,2,0,2,54
12/17/2017,ILG,DE,AEA,EN,Towers with Radar,0,7,18,0,25,0,0,38,0,38,0,7,56,0,63,60,0,60,123
12/18/2017,ILG,DE,AEA,EN,Towers with Radar,0,8,34,4,46,0,2,41,1,44,0,10,75,5,90,31,0,31,121
12/19/2017,ILG,DE,AEA,EN,Towers with Radar,0,2,31,2,35,0,0,59,16,75,0,2,90,18,110,53,20,73,183
12/20/2017,ILG,DE,AEA,EN,Towers with Radar,0,10,21,8,39,0,0,24,19,43,0,10,45,27,82,16,30,46,128
12/21/2017,ILG,DE,AEA,EN,Towers with Radar,0,9,26,2,37,0,2,53,18,73,0,11,79,20,110,63,16,79,189
12/22/2017,ILG,DE,AEA,EN,Towers with Radar,0,9,31,1,41,0,1,53,0,54,0,10,84,1,95,64,0,64,159
12/23/2017,ILG,DE,AEA,EN,Towers with Radar,0,7,16,0,23,0,0,2,0,2,0,7,18,0,25,0,0,0,25
12/24/2017,ILG,DE,AEA,EN,Towers with Radar,0,7,7,0,14,0,0,15,0,15,0,7,22,0,29,15,0,15,44
12/25/2017,ILG,DE,AEA,EN,Towers with Radar,0,4,3,0,7,0,1,4,0,5,0,5,7,0,12,0,0,0,12
12/26/2017,ILG,DE,AEA,EN,Towers with Radar,0,15,30,4,49,0,0,18,1,19,0,15,48,5,68,0,6,6,74
12/27/2017,ILG,DE,AEA,EN,Towers with Radar,0,17,24,8,49,0,5,18,4,27,0,22,42,12,76,12,6,18,94
12/28/2017,ILG,DE,AEA,EN,Towers with Radar,0,12,15,3,30,0,0,15,2,17,0,12,30,5,47,16,13,29,76
12/29/2017,ILG,DE,AEA,EN,Towers with Radar,0,3,24,0,27,0,6,33,0,39,0,9,57,0,66,12,0,12,78
12/30/2017,ILG,DE,AEA,EN,Towers with Radar,0,7,7,0,14,0,3,1,0,4,0,10,8,0,18,0,0,0,18
12/31/2017,ILG,DE,AEA,EN,Towers with Radar,0,3,4,0,7,0,0,6,0,6,0,3,10,0,13,12,0,12,25
01/01/2018,ILG,DE,AEA,EN,Towers with Radar,0,7,19,0,26,0,0,11,0,11,0,7,30,0,37,0,0,0,37
01/02/2018,ILG,DE,AEA,EN,Towers with Radar,0,17,24,9,50,0,1,18,5,24,0,18,42,14,74,32,4,36,110
01/03/2018,ILG,DE,AEA,EN,Towers with Radar,0,7,27,5,39,0,2,43,14,59,0,9,70,19,98,6,16,22,120
01/04/2018,ILG,DE,AEA,EN,Towers with Radar,0,4,4,0,8,0,0,0,0,0,0,4,4,0,8,0,0,0,8
01/05/2018,ILG,DE,AEA,EN,Towers with Radar,0,10,11,0,21,0,1,4,0,5,0,11,15,0,26,0,0,0,26
01/06/2018,ILG,DE,AEA,EN,Towers with Radar,0,12,7,2,21,0,1,6,0,7,0,13,13,2,28,0,0,0,28
01/07/2018,ILG,DE,AEA,EN,Towers with Radar,0,9,13,0,22,0,0,18,9,27,0,9,31,9,49,22,20,42,91
01/08/2018,ILG,DE,AEA,EN,Towers with Radar,0,8,17,0,25,0,1,8,0,9,0,9,25,0,34,0,0,0,34
01/09/2018,ILG,DE,AEA,EN,Towers with Radar,0,5,23,5,33,0,3,17,6,26,0,8,40,11,59,6,4,10,69
01/10/2018,ILG,DE,AEA,EN,Towers with Radar,0,6,23,2,31,0,0,26,13,39,0,6,49,15,70,6,6,12,82
01/11/2018,ILG,DE,AEA,EN,Towers with Radar,0,6,24,6,36,0,1,32,11,44,0,7,56,17,80,16,0,16,96
01/12/2018,ILG,DE,AEA,EN,Towers with Radar,0,13,24,0,37,0,0,0,0,0,0,13,24,0,37,0,0,0,37
01/13/2018,ILG,DE,AEA,EN,Towers with Radar,0,5,5,2,12,0,0,6,0,6,0,5,11,2,18,18,0,18,36
01/14/2018,ILG,DE,AEA,EN,Towers with Radar,0,7,14,2,23,0,0,22,0,22,0,7,36,2,45,73,0,73,118
01/15/2018,ILG,DE,AEA,EN,Towers with Radar,0,10,19,0,29,0,3,16,0,19,0,13,35,0,48,20,0,20,68
01/16/2018,ILG,DE,AEA,EN,Towers with Radar,0,8,27,10,45,0,0,12,11,23,0,8,39,21,68,21,36,57,125
01/17/2018,ILG,DE,AEA,EN,Towers with Radar,0,9,16,4,29,0,0,7,10,17,0,9,23,14,46,0,8,8,54
01/18/2018,ILG,DE,AEA,EN,Towers with Radar,0,14,23,6,43,0,2,11,18,31,0,16,34,24,74,13,28,41,115
01/19/2018,ILG,DE,AEA,EN,Towers with Radar,0,1,20,5,26,0,0,39,14,53,0,1,59,19,79,58,33,91,170
01/20/2018,ILG,DE,AEA,EN,Towers with Radar,0,4,20,3,27,0,1,62,0,63,0,5,82,3,90,66,0,66,156
01/21/2018,ILG,DE,AEA,EN,Towers with Radar,0,12,25,0,37,0,1,48,3,52,0,13,73,3,89,86,0,86,175
01/22/2018,ILG,DE,AEA,EN,Towers with Radar,0,6,23,0,29,0,4,32,0,36,0,10,55,0,65,18,0,18,83
01/23/2018,ILG,DE,AEA,EN,Towers with Radar,0,8,9,0,17,0,0,18,16,34,0,8,27,16,51,19,24,43,94
01/24/2018,ILG,DE,AEA,EN,Towers with Radar,0,19,26,2,47,0,2,29,15,46,0,21,55,17,93,15,5,20,113
01/25/2018,ILG,DE,AEA,EN,Towers with Radar,0,13,25,2,40,0,2,33,16,51,0,15,58,18,91,14,0,14,105
01/26/2018,ILG,DE,AEA,EN,Towers with Radar,0,8,15,1,24,0,0,47,2,49,0,8,62,3,73,33,0,33,106
01/27/2018,ILG,DE,AEA,EN,Towers with Radar,0,3,16,0,19,0,0,54,2,56,0,3,70,2,75,21,0,21,96
01/28/2018,ILG,DE,AEA,EN,Towers with Radar,0,7,28,0,35,0,1,2,0,3,0,8,30,0,38,0,0,0,38
01/29/2018,ILG,DE,AEA,EN,Towers with Radar,0,9,21,0,30,0,0,21,2,23,0,9,42,2,53,13,0,13,66
01/30/2018,ILG,DE,AEA,EN,Towers with Radar,0,6,16,2,24,0,0,0,0,0,0,6,16,2,24,10,16,26,50
01/31/2018,ILG,DE,AEA,EN,Towers with Radar,0,6,24,4,34,0,2,34,10,46,0,8,58,14,80,68,16,84,164
02/01/2018,ILG,DE,AEA,EN,Towers with Radar,0,10,31,7,48,0,0,23,11,34,0,10,54,18,82,28,36,64,146
02/02/2018,ILG,DE,AEA,EN,Towers with Radar,0,8,22,0,30,0,1,6,3,10,0,9,28,3,40,3,3,6,46
02/03/2018,ILG,DE,AEA,EN,Towers with Radar,0,6,16,0,22,0,0,29,0,29,0,6,45,0,51,20,0,20,71
02/04/2018,ILG,DE,AEA,EN,Towers with Radar,0,8,16,0,24,0,0,5,0,5,0,8,21,0,29,0,0,0,29
02/05/2018,ILG,DE,AEA,EN,Towers with Radar,0,17,47,4,68,0,2,17,13,32,0,19,64,17,100,0,7,7,107
02/06/2018,ILG,DE,AEA,EN,Towers with Radar,0,11,30,5,46,0,0,34,18,52,0,11,64,23,98,68,0,68,166
02/07/2018,ILG,DE,AEA,EN,Towers with Radar,0,8,27,0,35,0,0,0,0,0,0,8,27,0,35,0,0,0,35
02/08/2018,ILG,DE,AEA,EN,Towers with Radar,0,13,34,1,48,0,8,38,21,67,0,21,72,22,115,34,6,40,155
02/09/2018,ILG,DE,AEA,EN,Towers with Radar,0,7,20,2,29,0,0,43,0,43,0,7,63,2,72,54,0,54,126
02/10/2018,ILG,DE,AEA,EN,Towers with Radar,0,2,8,0,10,0,0,1,0,1,0,2,9,0,11,0,0,0,11
02/11/2018,ILG,DE,AEA,EN,Towers with Radar,0,10,20,0,30,0,1,3,0,4,0,11,23,0,34,0,0,0,34
02/12/2018,ILG,DE,AEA,EN,Towers with Radar,0,12,23,0,35,0,1,24,2,27,0,13,47,2,62,12,0,12,74
02/13/2018,ILG,DE,AEA,EN,Towers with Radar,0,8,22,4,34,0,2,51,17,70,0,10,73,21,104,31,10,41,145
02/14/2018,ILG,DE,AEA,EN,Towers with Radar,0,20,22,4,46,0,0,43,6,49,0,20,65,10,95,53,9,62,157
02/15/2018,ILG,DE,AEA,EN,Towers with Radar,0,14,35,2,51,0,4,30,17,51,0,18,65,19,102,10,16,26,128
02/16/2018,ILG,DE,AEA,EN,Towers with Radar,0,2,19,4,25,0,1,3,0,4,0,3,22,4,29,0,0,0,29
02/17/2018,ILG,DE,AEA,EN,Towers with Radar,2,3,9,7,21,0,1,68,0,69,2,4,77,7,90,49,0,49,139
02/18/2018,ILG,DE,AEA,EN,Towers with Radar,0,3,13,0,16,0,2,41,1,44,0,5,54,1,60,81,0,81,141
02/19/2018,ILG,DE,AEA,EN,Towers with Radar,0,16,38,0,54,0,0,11,0,11,0,16,49,0,65,0,0,0,65
02/20/2018,ILG,DE,AEA,EN,Towers with Radar,0,14,33,10,57,0,1,23,11,35,0,15,56,21,92,4,20,24,116
02/21/2018,ILG,DE,AEA,EN,Towers with Radar,0,16,27,6,49,0,0,32,9,41,0,16,59,15,90,21,36,57,147
02/22/2018,ILG,DE,AEA,EN,Towers with Radar,0,6,34,16,56,0,1,10,1,12,0,7,44,17,68,0,4,4,72
02/23/2018,ILG,DE,AEA,EN,Towers with Radar,0,9,25,3,37,0,0,0,0,0,0,9,25,3,37,0,0,0,37
02/24/2018,ILG,DE,AEA,EN,Towers with Radar,0,11,12,2,25,0,0,0,0,0,0,11,12,2,25,0,0,0,25
02/25/2018,ILG,DE,AEA,EN,Towers with Radar,0,10,21,0,31,0,0,1,0,1,0,10,22,0,32,0,0,0,32
02/26/2018,ILG,DE,AEA,EN,Towers with Radar,0,8,27,0,35,0,0,39,5,44,0,8,66,5,79,55,0,55,134
02/27/2018,ILG,DE,AEA,EN,Towers with Radar,0,5,26,5,36,0,0,75,12,87,0,5,101,17,123,54,14,68,191
02/28/2018,ILG,DE,AEA,EN,Towers with Radar,0,4,17,6,27,0,0,54,12,66,0,4,71,18,93,21,17,38,131
03/01/2018,ILG,DE,AEA,EN,Towers with Radar,0,7,31,8,46,0,0,14,2,16,0,7,45,10,62,6,5,11,73
03/02/2018,ILG,DE,AEA,EN,Towers with Radar,0,1,15,0,16,0,0,0,0,0,0,1,15,0,16,0,0,0,16
03/03/2018,ILG,DE,AEA,EN,Towers with Radar,0,12,19,0,31,0,0,8,4,12,0,12,27,4,43,0,0,0,43
03/04/2018,ILG,DE,AEA,EN,Towers with Radar,0,4,28,3,35,0,0,23,7,30,0,4,51,10,65,8,11,19,84
03/05/2018,ILG,DE,AEA,EN,Towers with Radar,0,11,28,3,42,0,1,30,5,36,0,12,58,8,78,18,16,34,112
03/06/2018,ILG,DE,AEA,EN,Towers with Radar,0,4,29,3,36,0,0,44,9,53,0,4,73,12,89,48,1,49,138
03/07/2018,ILG,DE,AEA,EN,Towers with Radar,0,5,8,0,13,0,1,0,0,1,0,6,8,0,14,0,0,0,14
03/08/2018,ILG,DE,AEA,EN,Towers with Radar,0,5,20,4,29,0,2,32,11,45,0,7,52,15,74,21,10,31,105
03/09/2018,ILG,DE,AEA,EN,Towers with Radar,0,7,30,2,39,0,1,21,13,35,0,8,51,15,74,10,24,34,108
03/10/2018,ILG,DE,AEA,EN,Towers with Radar,0,2,20,2,24,0,0,55,0,55,0,2,75,2,79,40,0,40,119
03/11/2018,ILG,DE,AEA,EN,Towers with Radar,0,8,29,0,37,0,1,70,0,71,0,9,99,0,108,82,0,82,190
03/12/2018,ILG,DE,AEA,EN,Towers with Radar,0,3,36,13,52,0,0,32,2,34,0,3,68,15,86,16,7,23,109
03/13/2018,ILG,DE,AEA,EN,Towers with Radar,0,5,11,5,21,0,0,15,11,26,0,5,26,16,47,2,25,27,74
03/14/2018,ILG,DE,AEA,EN,Towers with Radar,0,8,33,9,50,0,1,12,11,24,0,9,45,20,74,0,22,22,96
03/15/2018,ILG,DE,AEA,EN,Towers with Radar,0,3,34,7,44,0,3,19,15,37,0,6,53,22,81,8,16,24,105
03/16/2018,ILG,DE,AEA,EN,Towers with Radar,0,12,16,3,31,0,2,14,4,20,0,14,30,7,51,6,0,6,57
03/17/2018,ILG,DE,AEA,EN,Towers with Radar,0,8,28,0,36,0,0,41,4,45,0,8,69,4,81,62,0,62,143
03/18/2018,ILG,DE,AEA,EN,Towers with Radar,1,5,45,0,51,0,0,60,2,62,1,5,105,2,113,55,0,55,168
03/19/2018,ILG,DE,AEA,EN,Towers with Radar,2,12,36,7,57,0,4,54,3,61,2,16,90,10,118,32,6,38,156
03/20/2018,ILG,DE,AEA,EN,Towers with Radar,1,9,17,0,27,0,1,2,0,3,1,10,19,0,30,0,0,0,30
03/21/2018,ILG,DE,AEA,EN,Towers with Radar,0,4,4,0,8,0,0,0,0,0,0,4,4,0,8,0,0,0,8
03/22/2018,ILG,DE,AEA,EN,Towers with Radar,0,15,27,4,46,0,1,13,5,19,0,16,40,9,65,0,16,16,81
03/23/2018,ILG,DE,AEA,EN,Towers with Radar,0,47,43,5,95,0,2,24,5,31,0,49,67,10,126,42,0,42,168
03/24/2018,ILG,DE,AEA,EN,Towers with Radar,0,8,8,1,17,0,0,76,5,81,0,8,84,6,98,63,0,63,161
03/25/2018,ILG,DE,AEA,EN,Towers with Radar,0,14,23,3,40,0,0,22,1,23,0,14,45,4,63,32,0,32,95
03/26/2018,ILG,DE,AEA,EN,Towers with Radar,0,11,30,3,44,0,2,31,5,38,0,13,61,8,82,25,4,29,111
03/27/2018,ILG,DE,AEA,EN,Towers with Radar,0,11,17,5,33,0,0,26,18,44,0,11,43,23,77,37,4,41,118
03/28/2018,ILG,DE,AEA,EN,Towers with Radar,0,7,35,6,48,0,0,2,9,11,0,7,37,15,59,0,12,12,71
03/29/2018,ILG,DE,AEA,EN,Towers with Radar,0,9,28,4,41,0,0,21,2,23,0,9,49,6,64,63,24,87,151
03/30/2018,ILG,DE,AEA,EN,Towers with Radar,0,14,25,0,39,0,0,12,2,14,0,14,37,2,53,7,0,7,60
03/31/2018,ILG,DE,AEA,EN,Towers with Radar,0,7,16,0,23,0,0,68,0,68,0,7,84,0,91,59,0,59,150
04/01/2018,ILG,DE,AEA,EN,Towers with Radar,0,11,22,0,33,0,1,24,0,25,0,12,46,0,58,22,0,22,80
04/02/2018,ILG,DE,AEA,EN,Towers with Radar,0,11,30,2,43,0,0,9,2,11,0,11,39,4,54,4,0,4,58
04/03/2018,ILG,DE,AEA,EN,Towers with Radar,0,6,18,1,25,0,0,2,0,2,0,6,20,1,27,0,0,0,27
04/04/2018,ILG,DE,AEA,EN,Towers with Radar,0,15,31,1,47,0,0,3,3,6,0,15,34,4,53,0,3,3,56
04/05/2018,ILG,DE,AEA,EN,Towers with Radar,0,7,31,7,45,0,0,41,11,52,0,7,72,18,97,18,9,27,124
04/06/2018,ILG,DE,AEA,EN,Towers with Radar,0,4,27,2,33,0,0,22,6,28,0,4,49,8,61,26,2,28,89
04/07/2018,ILG,DE,AEA,EN,Towers with Radar,2,13,18,0,33,0,0,23,0,23,2,13,41,0,56,20,0,20,76
04/08/2018,ILG,DE,AEA,EN,Towers with Radar,0,4,25,0,29,0,0,28,0,28,0,4,53,0,57,25,0,25,82
04/09/2018,ILG,DE,AEA,EN,Towers with Radar,0,6,20,0,26,0,1,23,0,24,0,7,43,0,50,24,0,24,74
04/10/2018,ILG,DE,AEA,EN,Towers with Radar,0,8,30,9,47,0,0,24,15,39,0,8,54,24,86,16,46,62,148
04/11/2018,ILG,DE,AEA,EN,Towers with Radar,0,10,24,5,39,0,2,57,15,74,0,12,81,20,113,38,8,46,159
04/12/2018,ILG,DE,AEA,EN,Towers with Radar,0,9,43,9,61,0,0,41,13,54,0,9,84,22,115,6,0,6,121
04/13/2018,ILG,DE,AEA,EN,Towers with Radar,0,9,29,2,40,0,3,38,3,44,0,12,67,5,84,21,11,32,116
04/14/2018,ILG,DE,AEA,EN,Towers with Radar,0,8,16,3,27,0,0,84,3,87,0,8,100,6,114,43,0,43,157
04/15/2018,ILG,DE,AEA,EN,Towers with Radar,0,2,18,2,22,0,0,0,0,0,0,2,18,2,22,0,0,0,22
04/16/2018,ILG,DE,AEA,EN,Towers with Radar,0,9,19,9,37,0,0,3,0,3,0,9,22,9,40,6,15,21,61
04/17/2018,ILG,DE,AEA,EN,Towers with Radar,0,6,24,2,32,0,0,15,7,22,0,6,39,9,54,14,12,26,80
04/18/2018,ILG,DE,AEA,EN,Towers with Radar,0,8,33,0,41,0,2,66,8,76,0,10,99,8,117,45,0,45,162
04/19/2018,ILG,DE,AEA,EN,Towers with Radar,0,18,25,2,45,0,0,16,15,31,0,18,41,17,76,14,22,36,112
04/20/2018,ILG,DE,AEA,EN,Towers with Radar,0,6,24,3,33,0,0,41,3,44,0,6,65,6,77,38,0,38,115
04/21/2018,ILG,DE,AEA,EN,Towers with Radar,0,4,17,0,21,0,0,114,1,115,0,4,131,1,136,36,0,36,172
04/22/2018,ILG,DE,AEA,EN,Towers with Radar,0,6,25,0,31,0,2,47,2,51,0,8,72,2,82,63,0,63,145
04/23/2018,ILG,DE,AEA,EN,Towers with Radar,0,14,19,0,33,0,3,56,0,59,0,17,75,0,92,71,0,71,163
04/24/2018,ILG,DE,AEA,EN,Towers with Radar,0,6,20,5,31,0,0,29,4,33,0,6,49,9,64,26,15,41,105
04/25/2018,ILG,DE,AEA,EN,Towers with Radar,0,16,28,3,47,0,0,0,0,0,0,16,28,3,47,0,0,0,47
04/26/2018,ILG,DE,AEA,EN,Towers with Radar,0,8,39,3,50,0,0,49,10,59,0,8,88,13,109,3,10,13,122
04/27/2018,ILG,DE,AEA,EN,Towers with Radar,0,6,32,2,40,0,0,5,1,6,0,6,37,3,46,0,0,0,46
04/28/2018,ILG,DE,AEA,EN,Towers with Radar,0,7,21,0,28,0,0,48,2,50,0,7,69,2,78,64,0,64,142
04/29/2018,ILG,DE,AEA,EN,Towers with Radar,0,15,23,0,38,0,0,23,0,23,0,15,46,0,61,2,0,2,63
04/30/2018,ILG,DE,AEA,EN,Towers with Radar,0,13,22,2,37,0,3,26,1,30,0,16,48,3,67,13,18,31,98
05/01/2018,ILG,DE,AEA,EN,Towers with Radar,0,3,24,5,32,0,3,57,4,64,0,6,81,9,96,73,1,74,170
05/02/2018,ILG,DE,AEA,EN,Towers with Radar,0,7,32,4,43,0,0,39,18,57,0,7,71,22,100,53,4,57,157
05/03/2018,ILG,DE,AEA,EN,Towers with Radar,0,32,109,9,150,0,1,68,27,96,0,33,177,36,246,57,10,67,313
05/04/2018,ILG,DE,AEA,EN,Towers with Radar,0,5,30,2,37,0,0,54,6,60,0,5,84,8,97,32,4,36,133
05/05/2018,ILG,DE,AEA,EN,Towers with Radar,0,5,19,3,27,0,0,98,8,106,0,5,117,11,133,59,8,67,200
05/06/2018,ILG,DE,AEA,EN,Towers with Radar,0,15,39,8,62,0,0,12,6,18,0,15,51,14,80,0,16,16,96
05/07/2018,ILG,DE,AEA,EN,Towers with Radar,0,17,34,2,53,0,4,63,11,78,0,21,97,13,131,26,10,36,167
05/08/2018,ILG,DE,AEA,EN,Towers with Radar,0,9,21,2,32,0,2,56,13,71,0,11,77,15,103,45,9,54,157
05/09/2018,ILG,DE,AEA,EN,Towers with Radar,0,24,39,3,66,0,0,49,20,69,0,24,88,23,135,34,8,42,177
05/10/2018,ILG,DE,AEA,EN,Towers with Radar,0,29,34,3,66,0,2,12,4,18,0,31,46,7,84,0,0,0,84
05/11/2018,ILG,DE,AEA,EN,Towers with Radar,0,7,39,1,47,0,0,66,3,69,0,7,105,4,116,52,11,63,179
05/12/2018,ILG,DE,AEA,EN,Towers with Radar,0,5,20,0,25,0,0,16,2,18,0,5,36,2,43,21,0,21,64
05/13/2018,ILG,DE,AEA,EN,Towers with Radar,0,10,20,0,30,0,0,0,0,0,0,10,20,0,30,0,0,0,30
05/14/2018,ILG,DE,AEA,EN,Towers with Radar,0,12,33,3,48,0,0,14,1,15,0,12,47,4,63,28,0,28,91
05/15/2018,ILG,DE,AEA,EN,Towers with Radar,0,14,34,0,48,0,0,30,9,39,0,14,64,9,87,25,9,34,121
05/16/2018,ILG,DE,AEA,EN,Towers with Radar,0,4,43,0,47,0,0,0,0,0,0,4,43,0,47,0,0,0,47
05/17/2018,ILG,DE,AEA,EN,Towers with Radar,0,13,33,6,52,0,0,0,0,0,0,13,33,6,52,0,2,2,54
05/18/2018,ILG,DE,AEA,EN,Towers with Radar,0,15,24,1,40,0,0,6,0,6,0,15,30,1,46,0,0,0,46
05/19/2018,ILG,DE,AEA,EN,Towers with Radar,0,3,31,0,34,0,0,0,0,0,0,3,31,0,34,0,0,0,34
05/20/2018,ILG,DE,AEA,EN,Towers with Radar,0,8,31,0,39,0,1,14,0,15,0,9,45,0,54,18,0,18,72
05/21/2018,ILG,DE,AEA,EN,Towers with Radar,0,12,34,4,50,0,3,64,3,70,0,15,98,7,120,31,9,40,160
05/22/2018,ILG,DE,AEA,EN,Towers with Radar,0,14,23,7,44,0,0,12,4,16,0,14,35,11,60,51,16,67,127
05/23/2018,ILG,DE,AEA,EN,Towers with Radar,0,15,50,8,73,0,0,43,13,56,0,15,93,21,129,50,19,69,198
05/24/2018,ILG,DE,AEA,EN,Towers with Radar,0,7,57,2,66,0,0,93,4,97,0,7,150,6,163,171,0,171,334
05/25/2018,ILG,DE,AEA,EN,Towers with Radar,0,13,32,0,45,0,1,44,0,45,0,14,76,0,90,50,0,50,140
05/26/2018,ILG,DE,AEA,EN,Towers with Radar,0,1,18,0,19,0,0,37,0,37,0,1,55,0,56,56,0,56,112
05/27/2018,ILG,DE,AEA,EN,Towers with Radar,0,5,7,0,12,0,0,6,0,6,0,5,13,0,18,8,0,8,26
05/28/2018,ILG,DE,AEA,EN,Towers with Radar,0,10,25,0,35,0,1,5,0,6,0,11,30,0,41,20,0,20,61
05/29/2018,ILG,DE,AEA,EN,Towers with Radar,0,10,45,7,62,0,0,25,14,39,0,10,70,21,101,48,15,63,164
05/30/2018,ILG,DE,AEA,EN,Towers with Radar,0,15,42,4,61,0,0,12,13,25,0,15,54,17,86,6,19,25,111
05/31/2018,ILG,DE,AEA,EN,Towers with Radar,0,9,41,3,53,0,0,2,9,11,0,9,43,12,64,6,3,9,73
06/01/2018,ILG,DE,AEA,EN,Towers with Radar,0,5,38,10,53,0,0,20,4,24,0,5,58,14,77,53,0,53,130
06/02/2018,ILG,DE,AEA,EN,Towers with Radar,0,7,19,5,31,0,0,30,6,36,0,7,49,11,67,36,8,44,111
06/03/2018,ILG,DE,AEA,EN,Towers with Radar,0,2,19,2,23,0,0,6,11,17,0,2,25,13,40,2,22,24,64
06/04/2018,ILG,DE,AEA,EN,Towers with Radar,0,15,49,0,64,0,2,21,0,23,0,17,70,0,87,33,0,33,120
06/05/2018,ILG,DE,AEA,EN,Towers with Radar,0,5,28,5,38,0,0,44,11,55,0,5,72,16,93,36,11,47,140
06/06/2018,ILG,DE,AEA,EN,Towers with Radar,0,8,29,5,42,0,2,62,17,81,0,10,91,22,123,132,18,150,273
06/07/2018,ILG,DE,AEA,EN,Towers with Radar,0,9,40,5,54,0,0,72,7,79,0,9,112,12,133,97,4,101,234
06/08/2018,ILG,DE,AEA,EN,Towers with Radar,0,11,27,3,41,0,0,51,11,62,0,11,78,14,103,78,8,86,189
06/09/2018,ILG,DE,AEA,EN,Towers with Radar,0,5,19,0,24,0,0,36,0,36,0,5,55,0,60,44,0,44,104
06/10/2018,ILG,DE,AEA,EN,Towers with Radar,0,8,25,0,33,0,0,13,0,13,0,8,38,0,46,22,0,22,68
06/11/2018,ILG,DE,AEA,EN,Towers with Radar,0,10,20,6,36,0,0,21,8,29,0,10,41,14,65,23,9,32,97
06/12/2018,ILG,DE,AEA,EN,Towers with Radar,0,7,28,3,38,0,1,73,19,93,0,8,101,22,131,61,18,79,210
06/13/2018,ILG,DE,AEA,EN,Towers with Radar,0,7,45,8,60,0,1,21,17,39,0,8,66,25,99,6,10,16,115
06/14/2018,ILG,DE,AEA,EN,Towers with Radar,0,4,36,11,51,0,2,41,8,51,0,6,77,19,102,27,5,32,134
06/15/2018,ILG,DE,AEA,EN,Towers with Radar,0,9,32,3,44,0,0,58,3,61,0,9,90,6,105,28,2,30,135
06/16/2018,ILG,DE,AEA,EN,Towers with Radar,0,5,25,2,32,0,0,81,2,83,0,5,106,4,115,54,0,54,169
06/17/2018,ILG,DE,AEA,EN,Towers with Radar,0,16,29,0,45,0,1,61,2,64,0,17,90,2,109,57,0,57,166
06/18/2018,ILG,DE,AEA,EN,Towers with Radar,0,8,36,2,46,0,0,51,0,51,0,8,87,2,97,51,0,51,148
06/19/2018,ILG,DE,AEA,EN,Towers with Radar,0,9,21,6,36,0,0,48,10,58,0,9,69,16,94,48,13,61,155
06/20/2018,ILG,DE,AEA,EN,Towers with Radar,0,11,22,11,44,0,1,30,14,45,0,12,52,25,89,26,50,76,165
06/21/2018,ILG,DE,AEA,EN,Towers with Radar,0,5,34,5,44,0,0,45,11,56,0,5,79,16,100,46,0,46,146
06/22/2018,ILG,DE,AEA,EN,Towers with Radar,0,7,26,5,38,0,0,19,4,23,0,7,45,9,61,24,4,28,89
06/23/2018,ILG,DE,AEA,EN,Towers with Radar,0,7,21,0,28,0,0,0,0,0,0,7,21,0,28,0,0,0,28
06/24/2018,ILG,DE,AEA,EN,Towers with Radar,0,9,24,0,33,0,0,38,11,49,0,9,62,11,82,17,0,17,99
06/25/2018,ILG,DE,AEA,EN,Towers with Radar,0,5,44,2,51,0,0,46,0,46,0,5,90,2,97,6,0,6,103
06/26/2018,ILG,DE,AEA,EN,Towers with Radar,0,12,36,6,54,0,0,55,14,69,0,12,91,20,123,35,0,35,158
06/27/2018,ILG,DE,AEA,EN,Towers with Radar,0,11,32,4,47,0,0,20,7,27,0,11,52,11,74,20,0,20,94
06/28/2018,ILG,DE,AEA,EN,Towers with Radar,0,4,37,0,41,0,0,21,10,31,0,4,58,10,72,33,4,37,109
06/29/2018,ILG,DE,AEA,EN,Towers with Radar,0,4,31,1,36,0,5,47,1,53,0,9,78,2,89,36,0,36,125
06/30/2018,ILG,DE,AEA,EN,Towers with Radar,0,13,32,0,45,0,0,67,0,67,0,13,99,0,112,86,0,86,198
07/01/2018,ILG,DE,AEA,EN,Towers with Radar,0,14,17,0,31,0,2,29,0,31,0,16,46,0,62,23,0,23,85
07/02/2018,ILG,DE,AEA,EN,Towers with Radar,0,2,13,0,15,0,0,27,0,27,0,2,40,0,42,45,0,45,87
07/03/2018,ILG,DE,AEA,EN,Towers with Radar,0,3,28,0,31,0,0,34,0,34,0,3,62,0,65,51,0,51,116
07/04/2018,ILG,DE,AEA,EN,Towers with Radar,0,1,18,0,19,0,0,26,0,26,0,1,44,0,45,59,0,59,104
07/05/2018,ILG,DE,AEA,EN,Towers with Radar,0,6,21,2,29,0,0,24,10,34,0,6,45,12,63,36,2,38,101
07/06/2018,ILG,DE,AEA,EN,Towers with Radar,0,10,14,1,25,0,0,8,11,19,0,10,22,12,44,8,16,24,68
07/07/2018,ILG,DE,AEA,EN,Towers with Radar,0,2,22,0,24,0,0,63,7,70,0,2,85,7,94,70,0,70,164
07/08/2018,ILG,DE,AEA,EN,Towers with Radar,0,10,29,2,41,0,1,64,4,69,0,11,93,6,110,45,0,45,155
07/09/2018,ILG,DE,AEA,EN,Towers with Radar,0,20,32,4,56,0,2,47,8,57,0,22,79,12,113,87,6,93,206
07/10/2018,ILG,DE,AEA,EN,Towers with Radar,0,8,31,2,41,0,0,60,4,64,0,8,91,6,105,34,2,36,141
07/11/2018,ILG,DE,AEA,EN,Towers with Radar,0,10,38,5,53,0,0,64,9,73,0,10,102,14,126,92,8,100,226
07/12/2018,ILG,DE,AEA,EN,Towers with Radar,0,14,55,2,71,0,4,56,5,65,0,18,111,7,136,26,10,36,172
07/13/2018,ILG,DE,AEA,EN,Towers with Radar,0,11,22,2,35,0,0,36,8,44,0,11,58,10,79,94,8,102,181
07/14/2018,ILG,DE,AEA,EN,Towers with Radar,0,2,15,0,17,0,0,75,2,77,0,2,90,2,94,29,0,29,123
07/15/2018,ILG,DE,AEA,EN,Towers with Radar,0,13,18,1,32,0,0,22,3,25,0,13,40,4,57,48,0,48,105
07/16/2018,ILG,DE,AEA,EN,Towers with Radar,0,5,25,0,30,0,4,48,1,53,0,9,73,1,83,56,0,56,139
07/17/2018,ILG,DE,AEA,EN,Towers with Radar,0,8,33,2,43,0,0,28,4,32,0,8,61,6,75,64,0,64,139
07/18/2018,ILG,DE,AEA,EN,Towers with Radar,0,7,26,4,37,0,2,68,12,82,0,9,94,16,119,68,8,76,195
07/19/2018,ILG,DE,AEA,EN,Towers with Radar,0,7,40,5,52,0,1,61,10,72,0,8,101,15,124,65,16,81,205
07/20/2018,ILG,DE,AEA,EN,Towers with Radar,0,10,28,3,41,0,0,75,1,76,0,10,103,4,117,69,0,69,186
07/21/2018,ILG,DE,AEA,EN,Towers with Radar,0,8,18,1,27,0,0,2,1,3,0,8,20,2,30,6,0,6,36
07/22/2018,ILG,DE,AEA,EN,Towers with Radar,0,13,25,0,38,0,0,10,0,10,0,13,35,0,48,20,0,20,68
07/23/2018,ILG,DE,AEA,EN,Towers with Radar,0,9,41,1,51,0,0,10,0,10,0,9,51,1,61,0,0,0,61
07/24/2018,ILG,DE,AEA,EN,Towers with Radar,0,7,28,2,37,0,0,8,0,8,0,7,36,2,45,2,0,2,47
07/25/2018,ILG,DE,AEA,EN,Towers with Radar,0,22,53,6,81,0,0,5,0,5,0,22,58,6,86,8,0,8,94
07/26/2018,ILG,DE,AEA,EN,Towers with Radar,0,11,28,1,40,0,0,35,9,44,0,11,63,10,84,62,11,73,157
07/27/2018,ILG,DE,AEA,EN,Towers with Radar,0,14,35,1,50,0,0,26,0,26,0,14,61,1,76,34,0,34,110
07/28/2018,ILG,DE,AEA,EN,Towers with Radar,0,8,23,0,31,0,0,43,0,43,0,8,66,0,74,58,0,58,132
07/29/2018,ILG,DE,AEA,EN,Towers with Radar,0,8,26,0,34,0,0,45,0,45,0,8,71,0,79,17,0,17,96
07/30/2018,ILG,DE,AEA,EN,Towers with Radar,0,8,21,1,30,0,2,32,2,36,0,10,53,3,66,56,0,56,122
07/31/2018,ILG,DE,AEA,EN,Towers with Radar,0,22,35,17,74,0,3,26,18,47,0,25,61,35,121,48,6,54,175
08/01/2018,ILG,DE,AEA,EN,Towers with Radar,0,16,47,1,64,0,0,13,4,17,0,16,60,5,81,21,4,25,106
08/02/2018,ILG,DE,AEA,EN,Towers with Radar,0,22,64,32,118,0,1,25,1,27,0,23,89,33,145,16,2,18,163
08/03/2018,ILG,DE,AEA,EN,Towers with Radar,0,5,36,10,51,0,0,19,2,21,0,5,55,12,72,2,0,2,74
08/04/2018,ILG,DE,AEA,EN,Towers with Radar,0,2,33,2,37,0,0,23,1,24,0,2,56,3,61,14,8,22,83
08/05/2018,ILG,DE,AEA,EN,Towers with Radar,0,7,26,0,33,0,0,52,6,58,0,7,78,6,91,40,0,40,131
08/06/2018,ILG,DE,AEA,EN,Towers with Radar,0,9,35,4,48,0,5,23,3,31,0,14,58,7,79,19,10,29,108
08/07/2018,ILG,DE,AEA,EN,Towers with Radar,0,4,33,5,42,0,0,35,8,43,0,4,68,13,85,34,4,38,123
08/08/2018,ILG,DE,AEA,EN,Towers with Radar,0,9,60,5,74,0,0,38,13,51,0,9,98,18,125,46,11,57,182
08/09/2018,ILG,DE,AEA,EN,Towers with Radar,0,22,74,8,104,0,2,54,8,64,0,24,128,16,168,77,0,77,245
08/10/2018,ILG,DE,AEA,EN,Towers with Radar,0,16,32,5,53,0,0,51,0,51,0,16,83,5,104,84,0,84,188
08/11/2018,ILG,DE,AEA,EN,Towers with Radar,0,5,13,0,18,0,0,10,0,10,0,5,23,0,28,30,0,30,58
08/12/2018,ILG,DE,AEA,EN,Towers with Radar,0,11,55,0,66,0,2,21,0,23,0,13,76,0,89,2,0,2,91
08/13/2018,ILG,DE,AEA,EN,Towers with Radar,0,6,25,3,34,0,0,10,0,10,0,6,35,3,44,6,0,6,50
08/14/2018,ILG,DE,AEA,EN,Towers with Radar,0,10,36,5,51,0,0,27,8,35,0,10,63,13,86,47,6,53,139
08/15/2018,ILG,DE,AEA,EN,Towers with Radar,0,12,86,2,100,0,1,60,19,80,0,13,146,21,180,61,7,68,248
08/16/2018,ILG,DE,AEA,EN,Towers with Radar,0,12,33,1,46,0,0,35,10,45,0,12,68,11,91,105,6,111,202
08/17/2018,ILG,DE,AEA,EN,Towers with Radar,0,9,22,3,34,0,3,31,2,36,0,12,53,5,70,78,6,84,154
08/18/2018,ILG,DE,AEA,EN,Towers with Radar,0,2,15,0,17,0,0,21,0,21,0,2,36,0,38,17,0,17,55
08/19/2018,ILG,DE,AEA,EN,Towers with Radar,0,7,33,0,40,0,0,1,0,1,0,7,34,0,41,2,0,2,43
08/20/2018,ILG,DE,AEA,EN,Towers with Radar,0,7,47,0,54,0,0,45,0,45,0,7,92,0,99,6,0,6,105
08/21/2018,ILG,DE,AEA,EN,Towers with Radar,0,17,23,0,40,0,1,9,0,10,0,18,32,0,50,10,2,12,62
08/22/2018,ILG,DE,AEA,EN,Towers with Radar,0,20,68,6,94,0,2,32,11,45,0,22,100,17,139,17,0,17,156
08/23/2018,ILG,DE,AEA,EN,Towers with Radar,0,21,45,0,66,0,2,55,4,61,0,23,100,4,127,80,0,80,207
08/24/2018,ILG,DE,AEA,EN,Towers with Radar,0,12,29,2,43,0,3,70,13,86,0,15,99,15,129,49,0,49,178
08/25/2018,ILG,DE,AEA,EN,Towers with Radar,0,11,19,0,30,0,1,56,0,57,0,12,75,0,87,109,0,109,196
08/26/2018,ILG,DE,AEA,EN,Towers with Radar,0,3,30,0,33,0,3,37,0,40,0,6,67,0,73,74,0,74,147
08/27/2018,ILG,DE,AEA,EN,Towers with Radar,0,10,21,4,35,0,2,31,1,34,0,12,52,5,69,35,0,35,104
08/28/2018,ILG,DE,AEA,EN,Towers with Radar,0,8,26,10,44,0,3,34,15,52,0,11,60,25,96,35,16,51,147
08/29/2018,ILG,DE,AEA,EN,Towers with Radar,0,5,30,8,43,0,0,41,18,59,0,5,71,26,102,22,2,24,126
08/30/2018,ILG,DE,AEA,EN,Towers with Radar,0,5,35,2,42,0,0,56,6,62,0,5,91,8,104,41,0,41,145
08/31/2018,ILG,DE,AEA,EN,Towers with Radar,0,8,33,0,41,0,0,10,0,10,0,8,43,0,51,6,0,6,57
09/01/2018,ILG,DE,AEA,EN,Towers with Radar,0,4,18,0,22,0,0,13,0,13,0,4,31,0,35,2,0,2,37
09/02/2018,ILG,DE,AEA,EN,Towers with Radar,0,5,30,0,35,0,1,27,0,28,0,6,57,0,63,22,0,22,85
09/03/2018,ILG,DE,AEA,EN,Towers with Radar,0,7,25,0,32,0,0,40,2,42,0,7,65,2,74,12,0,12,86
09/04/2018,ILG,DE,AEA,EN,Towers with Radar,0,10,23,2,35,0,1,38,10,49,0,11,61,12,84,33,10,43,127
09/05/2018,ILG,DE,AEA,EN,Towers with Radar,0,11,22,1,34,0,1,50,9,60,0,12,72,10,94,39,4,43,137
09/06/2018,ILG,DE,AEA,EN,Towers with Radar,0,35,70,12,117,0,0,41,11,52,0,35,111,23,169,15,0,15,184
09/07/2018,ILG,DE,AEA,EN,Towers with Radar,0,13,28,1,42,0,1,21,0,22,0,14,49,1,64,32,0,32,96
09/08/2018,ILG,DE,AEA,EN,Towers with Radar,0,7,15,0,22,0,1,13,2,16,0,8,28,2,38,4,0,4,42
09/09/2018,ILG,DE,AEA,EN,Towers with Radar,0,6,19,2,27,0,0,1,0,1,0,6,20,2,28,0,0,0,28
09/10/2018,ILG,DE,AEA,EN,Towers with Radar,0,12,36,0,48,0,0,1,0,1,0,12,37,0,49,0,0,0,49
09/11/2018,ILG,DE,AEA,EN,Towers with Radar,0,31,69,10,110,0,0,0,0,0,0,31,69,10,110,0,7,7,117
09/12/2018,ILG,DE,AEA,EN,Towers with Radar,0,19,83,0,102,0,0,4,0,4,0,19,87,0,106,12,0,12,118
09/13/2018,ILG,DE,AEA,EN,Towers with Radar,0,28,56,8,92,0,1,3,0,4,0,29,59,8,96,23,0,23,119
09/14/2018,ILG,DE,AEA,EN,Towers with Radar,0,8,27,0,35,0,0,7,2,9,0,8,34,2,44,10,0,10,54
09/15/2018,ILG,DE,AEA,EN,Towers with Radar,0,1,18,0,19,0,0,30,0,30,0,1,48,0,49,65,2,67,116
09/16/2018,ILG,DE,AEA,EN,Towers with Radar,0,10,41,0,51,0,0,74,0,74,0,10,115,0,125,26,0,26,151
09/17/2018,ILG,DE,AEA,EN,Towers with Radar,0,4,38,0,42,0,0,7,0,7,0,4,45,0,49,40,0,40,89
09/18/2018,ILG,DE,AEA,EN,Towers with Radar,0,17,24,1,42,0,0,13,11,24,0,17,37,12,66,14,8,22,88
09/19/2018,ILG,DE,AEA,EN,Towers with Radar,1,16,29,2,48,0,0,69,14,83,1,16,98,16,131,80,18,98,229
09/20/2018,ILG,DE,AEA,EN,Towers with Radar,0,13,40,1,54,0,0,34,6,40,0,13,74,7,94,26,8,34,128
09/21/2018,ILG,DE,AEA,EN,Towers with Radar,2,9,22,5,38,0,0,35,6,41,2,9,57,11,79,26,0,26,105
09/22/2018,ILG,DE,AEA,EN,Towers with Radar,2,3,16,0,21,0,2,65,0,67,2,5,81,0,88,69,0,69,157
09/23/2018,ILG,DE,AEA,EN,Towers with Radar,1,10,28,0,39,0,0,0,0,0,1,10,28,0,39,0,0,0,39
09/24/2018,ILG,DE,AEA,EN,Towers with Radar,0,16,35,2,53,0,0,6,0,6,0,16,41,2,59,0,4,4,63
09/25/2018,ILG,DE,AEA,EN,Towers with Radar,0,15,34,4,53,0,0,3,5,8,0,15,37,9,61,0,0,0,61
09/26/2018,ILG,DE,AEA,EN,Towers with Radar,0,14,48,0,62,0,0,16,5,21,0,14,64,5,83,50,10,60,143
09/27/2018,ILG,DE,AEA,EN,Towers with Radar,0,14,99,4,117,0,1,55,3,59,0,15,154,7,176,44,0,44,220
09/28/2018,ILG,DE,AEA,EN,Towers with Radar,0,6,44,3,53,0,0,15,0,15,0,6,59,3,68,2,0,2,70
09/29/2018,ILG,DE,AEA,EN,Towers with Radar,2,10,28,0,40,0,0,47,0,47,2,10,75,0,87,13,0,13,100
09/30/2018,ILG,DE,AEA,EN,Towers with Radar,0,7,29,2,38,0,0,45,0,45,0,7,74,2,83,45,0,45,128
10/01/2018,ILG,DE,AEA,EN,Towers with Radar,0,7,35,1,43,0,0,45,2,47,0,7,80,3,90,51,0,51,141
10/02/2018,ILG,DE,AEA,EN,Towers with Radar,0,5,32,4,41,0,0,32,18,50,0,5,64,22,91,0,12,12,103
10/03/2018,ILG,DE,AEA,EN,Towers with Radar,0,6,34,3,43,0,2,65,15,82,0,8,99,18,125,76,9,85,210
10/04/2018,ILG,DE,AEA,EN,Towers with Radar,0,19,67,3,89,0,0,24,1,25,0,19,91,4,114,6,6,12,126
10/05/2018,ILG,DE,AEA,EN,Towers with Radar,0,7,32,1,40,0,0,32,0,32,0,7,64,1,72,33,0,33,105
10/06/2018,ILG,DE,AEA,EN,Towers with Radar,0,8,32,0,40,0,0,1,0,1,0,8,33,0,41,0,0,0,41
10/07/2018,ILG,DE,AEA,EN,Towers with Radar,0,8,56,0,64,0,0,19,0,19,0,8,75,0,83,31,0,31,114
10/08/2018,ILG,DE,AEA,EN,Towers with Radar,0,6,31,0,37,0,0,0,0,0,0,6,31,0,37,0,0,0,37
10/09/2018,ILG,DE,AEA,EN,Towers with Radar,0,3,36,0,39,0,0,21,10,31,0,3,57,10,70,32,12,44,114
10/10/2018,ILG,DE,AEA,EN,Towers with Radar,0,16,56,4,76,0,0,47,11,58,0,16,103,15,134,51,8,59,193
10/11/2018,ILG,DE,AEA,EN,Towers with Radar,0,17,26,3,46,0,0,3,0,3,0,17,29,3,49,0,0,0,49
10/12/2018,ILG,DE,AEA,EN,Towers with Radar,1,9,39,0,49,0,0,21,5,26,1,9,60,5,75,16,4,20,95
10/13/2018,ILG,DE,AEA,EN,Towers with Radar,1,8,18,2,29,0,1,36,15,52,1,9,54,17,81,2,19,21,102
10/14/2018,ILG,DE,AEA,EN,Towers with Radar,0,7,19,2,28,0,1,43,2,46,0,8,62,4,74,22,0,22,96
10/15/2018,ILG,DE,AEA,EN,Towers with Radar,0,7,33,0,40,0,0,5,2,7,0,7,38,2,47,17,0,17,64
10/16/2018,ILG,DE,AEA,EN,Towers with Radar,0,6,19,2,27,0,2,68,11,81,0,8,87,13,108,74,0,74,182
10/17/2018,ILG,DE,AEA,EN,Towers with Radar,1,5,34,5,45,0,0,35,6,41,1,5,69,11,86,36,3,39,125
10/18/2018,ILG,DE,AEA,EN,Towers with Radar,0,8,31,2,41,0,0,2,1,3,0,8,33,3,44,0,0,0,44
10/19/2018,ILG,DE,AEA,EN,Towers with Radar,1,4,47,0,52,0,0,71,0,71,1,4,118,0,123,42,0,42,165
10/20/2018,ILG,DE,AEA,EN,Towers with Radar,1,6,29,0,36,0,0,34,0,34,1,6,63,0,70,51,0,51,121
10/21/2018,ILG,DE,AEA,EN,Towers with Radar,0,8,14,0,22,0,0,19,0,19,0,8,33,0,41,3,0,3,44
10/22/2018,ILG,DE,AEA,EN,Towers with Radar,0,12,25,2,39,0,0,73,0,73,0,12,98,2,112,75,0,75,187
10/23/2018,ILG,DE,AEA,EN,Towers with Radar,0,17,29,2,48,0,0,82,12,94,0,17,111,14,142,73,3,76,218
10/24/2018,ILG,DE,AEA,EN,Towers with Radar,0,6,37,2,45,0,1,43,19,63,0,7,80,21,108,27,6,33,141
10/25/2018,ILG,DE,AEA,EN,Towers with Radar,0,19,38,3,60,0,2,66,9,77,0,21,104,12,137,42,10,52,189
10/26/2018,ILG,DE,AEA,EN,Towers with Radar,0,24,58,0,82,0,1,34,0,35,0,25,92,0,117,33,0,33,150
10/27/2018,ILG,DE,AEA,EN,Towers with Radar,0,9,14,0,23,0,0,0,0,0,0,9,14,0,23,0,0,0,23
10/28/2018,ILG,DE,AEA,EN,Towers with Radar,0,12,48,0,60,0,0,22,0,22,0,12,70,0,82,18,0,18,100
10/29/2018,ILG,DE,AEA,EN,Towers with Radar,0,14,27,0,41,0,0,34,2,36,0,14,61,2,77,8,0,8,85
10/30/2018,ILG,DE,AEA,EN,Towers with Radar,0,11,34,3,48,0,2,56,16,74,0,13,90,19,122,35,9,44,166
10/31/2018,ILG,DE,AEA,EN,Towers with Radar,0,24,55,0,79,0,3,70,5,78,0,27,125,5,157,37,4,41,198
11/01/2018,ILG,DE,AEA,EN,Towers with Radar,0,16,78,4,98,0,1,47,10,58,0,17,125,14,156,85,2,87,243
11/02/2018,ILG,DE,AEA,EN,Towers with Radar,0,17,15,2,34,0,1,16,3,20,0,18,31,5,54,2,3,5,59
11/03/2018,ILG,DE,AEA,EN,Towers with Radar,0,8,22,0,30,0,0,6,8,14,0,8,28,8,44,0,0,0,44
11/04/2018,ILG,DE,AEA,EN,Towers with Radar,0,10,39,12,61,0,0,73,16,89,0,10,112,28,150,40,39,79,229
11/05/2018,ILG,DE,AEA,EN,Towers with Radar,0,11,26,1,38,0,0,0,0,0,0,11,26,1,38,0,0,0,38
11/06/2018,ILG,DE,AEA,EN,Towers with Radar,0,14,26,2,42,0,0,3,0,3,0,14,29,2,45,0,0,0,45
11/07/2018,ILG,DE,AEA,EN,Towers with Radar,0,28,45,6,79,0,0,61,14,75,0,28,106,20,154,63,1,64,218
11/08/2018,ILG,DE,AEA,EN,Towers with Radar,0,31,68,4,103,0,0,82,5,87,0,31,150,9,190,56,0,56,246
11/09/2018,ILG,DE,AEA,EN,Towers with Radar,0,14,44,8,66,0,0,19,0,19,0,14,63,8,85,47,0,47,132
11/10/2018,ILG,DE,AEA,EN,Towers with Radar,0,9,15,0,24,0,1,13,2,16,0,10,28,2,40,0,2,2,42
11/11/2018,ILG,DE,AEA,EN,Towers with Radar,0,12,31,0,43,0,0,59,0,59,0,12,90,0,102,53,0,53,155
11/12/2018,ILG,DE,AEA,EN,Towers with Radar,0,4,23,0,27,0,0,71,0,71,0,4,94,0,98,78,4,82,180
11/13/2018,ILG,DE,AEA,EN,Towers with Radar,0,3,31,3,37,0,0,17,15,32,0,3,48,18,69,4,12,16,85
11/14/2018,ILG,DE,AEA,EN,Towers with Radar,0,26,56,7,89,0,2,49,8,59,0,28,105,15,148,82,0,82,230
11/15/2018,ILG,DE,AEA,EN,Towers with Radar,0,14,45,0,59,0,0,2,0,2,0,14,47,0,61,0,0,0,61
11/16/2018,ILG,DE,AEA,EN,Towers with Radar,0,9,31,2,42,0,0,25,6,31,0,9,56,8,73,20,4,24,97
11/17/2018,ILG,DE,AEA,EN,Towers with Radar,0,8,22,0,30,0,0,61,0,61,0,8,83,0,91,88,0,88,179
11/18/2018,ILG,DE,AEA,EN,Towers with Radar,0,11,27,0,38,0,0,68,0,68,0,11,95,0,106,18,0,18,124
11/19/2018,ILG,DE,AEA,EN,Towers with Radar,0,5,26,4,35,0,0,12,0,12,0,5,38,4,47,44,4,48,95
11/20/2018,ILG,DE,AEA,EN,Towers with Radar,0,18,33,4,55,0,1,21,14,36,0,19,54,18,91,50,0,50,141
11/21/2018,ILG,DE,AEA,EN,Towers with Radar,0,9,23,3,35,0,0,36,3,39,0,9,59,6,74,70,6,76,150
11/22/2018,ILG,DE,AEA,EN,Towers with Radar,0,1,10,0,11,0,0,10,0,10,0,1,20,0,21,0,0,0,21
11/23/2018,ILG,DE,AEA,EN,Towers with Radar,0,0,14,0,14,0,2,49,0,51,0,2,63,0,65,22,0,22,87
11/24/2018,ILG,DE,AEA,EN,Towers with Radar,0,11,14,0,25,0,0,2,0,2,0,11,16,0,27,0,0,0,27
11/25/2018,ILG,DE,AEA,EN,Towers with Radar,0,7,28,0,35,0,0,67,0,67,0,7,95,0,102,53,0,53,155
11/26/2018,ILG,DE,AEA,EN,Towers with Radar,0,10,31,8,49,0,0,0,0,0,0,10,31,8,49,0,0,0,49
11/27/2018,ILG,DE,AEA,EN,Towers with Radar,0,11,29,6,46,0,0,14,25,39,0,11,43,31,85,8,22,30,115
11/28/2018,ILG,DE,AEA,EN,Towers with Radar,0,12,15,4,31,0,1,12,14,27,0,13,27,18,58,0,2,2,60
11/29/2018,ILG,DE,AEA,EN,Towers with Radar,0,8,27,3,38,0,2,38,9,49,0,10,65,12,87,33,0,33,120
11/30/2018,ILG,DE,AEA,EN,Towers with Radar,0,9,27,5,41,0,1,39,0,40,0,10,66,5,81,74,2,76,157
12/01/2018,ILG,DE,AEA,EN,Towers with Radar,0,8,14,0,22,0,0,60,2,62,0,8,74,2,84,56,0,56,140
12/02/2018,ILG,DE,AEA,EN,Towers with Radar,0,14,18,0,32,0,0,0,0,0,0,14,18,0,32,0,0,0,32
12/03/2018,ILG,DE,AEA,EN,Towers with Radar,0,7,23,3,33,0,2,59,5,66,0,9,82,8,99,56,0,56,155
12/04/2018,ILG,DE,AEA,EN,Towers with Radar,0,21,25,7,53,0,0,50,17,67,0,21,75,24,120,41,5,46,166
12/05/2018,ILG,DE,AEA,EN,Towers with Radar,0,5,23,2,30,0,1,37,2,40,0,6,60,4,70,61,0,61,131
12/06/2018,ILG,DE,AEA,EN,Towers with Radar,0,11,35,6,52,0,2,46,10,58,0,13,81,16,110,30,7,37,147
12/07/2018,ILG,DE,AEA,EN,Towers with Radar,0,8,25,2,35,0,0,32,3,35,0,8,57,5,70,12,0,12,82
12/08/2018,ILG,DE,AEA,EN,Towers with Radar,0,7,19,0,26,0,0,33,0,33,0,7,52,0,59,18,0,18,77
12/09/2018,ILG,DE,AEA,EN,Towers with Radar,0,6,22,0,28,0,2,44,0,46,0,8,66,0,74,55,0,55,129
12/10/2018,ILG,DE,AEA,EN,Towers with Radar,0,12,27,4,43,0,0,36,2,38,0,12,63,6,81,50,2,52,133
12/11/2018,ILG,DE,AEA,EN,Towers with Radar,0,13,21,6,40,0,2,59,9,70,0,15,80,15,110,118,0,118,228
12/12/2018,ILG,DE,AEA,EN,Towers with Radar,0,32,81,9,122,0,0,61,16,77,0,32,142,25,199,80,24,104,303
12/13/2018,ILG,DE,AEA,EN,Towers with Radar,0,20,87,6,113,0,0,45,12,57,0,20,132,18,170,72,16,88,258
12/14/2018,ILG,DE,AEA,EN,Towers with Radar,0,11,46,0,57,0,0,6,0,6,0,11,52,0,63,16,0,16,79
12/15/2018,ILG,DE,AEA,EN,Towers with Radar,0,6,13,0,19,0,0,0,0,0,0,6,13,0,19,0,0,0,19
12/16/2018,ILG,DE,AEA,EN,Towers with Radar,0,7,21,0,28,0,0,2,0,2,0,7,23,0,30,0,0,0,30
12/17/2018,ILG,DE,AEA,EN,Towers with Radar,0,5,33,0,38,0,0,28,0,28,0,5,61,0,66,29,0,29,95
12/18/2018,ILG,DE,AEA,EN,Towers with Radar,0,5,26,6,37,0,0,32,14,46,0,5,58,20,83,89,8,97,180
12/19/2018,ILG,DE,AEA,EN,Towers with Radar,0,18,40,4,62,0,1,73,9,83,0,19,113,13,145,143,2,145,290
12/20/2018,ILG,DE,AEA,EN,Towers with Radar,0,14,30,15,59,0,0,5,2,7,0,14,35,17,66,44,24,68,134
12/21/2018,ILG,DE,AEA,EN,Towers with Radar,0,24,31,0,55,0,0,0,0,0,0,24,31,0,55,0,0,0,55
12/22/2018,ILG,DE,AEA,EN,Towers with Radar,0,14,29,0,43,0,0,12,0,12,0,14,41,0,55,4,0,4,59
12/23/2018,ILG,DE,AEA,EN,Towers with Radar,0,15,25,0,40,0,2,38,0,40,0,17,63,0,80,14,0,14,94
12/24/2018,ILG,DE,AEA,EN,Towers with Radar,0,1,9,0,10,0,0,16,0,16,0,1,25,0,26,0,0,0,26
12/25/2018,ILG,DE,AEA,EN,Towers with Radar,0,9,5,0,14,0,0,7,0,7,0,9,12,0,21,0,0,0,21
12/26/2018,ILG,DE,AEA,EN,Towers with Radar,0,14,39,0,53,0,0,43,0,43,0,14,82,0,96,35,0,35,131
12/27/2018,ILG,DE,AEA,EN,Towers with Radar,0,20,29,3,52,0,0,45,1,46,0,20,74,4,98,37,2,39,137
12/28/2018,ILG,DE,AEA,EN,Towers with Radar,0,10,15,0,25,0,0,0,0,0,0,10,15,0,25,0,0,0,25
12/29/2018,ILG,DE,AEA,EN,Towers with Radar,0,5,19,0,24,0,0,21,0,21,0,5,40,0,45,10,0,10,55
12/30/2018,ILG,DE,AEA,EN,Towers with Radar,0,5,13,0,18,0,0,52,0,52,0,5,65,0,70,57,0,57,127
12/31/2018,ILG,DE,AEA,EN,Towers with Radar,0,3,8,0,11,0,0,2,0,2,0,3,10,0,13,9,0,9,22
01/01/2019,ILG,DE,AEA,EN,Towers with Radar,0,3,9,0,12,0,1,5,0,6,0,4,14,0,18,2,0,2,20
01/02/2019,ILG,DE,AEA,EN,Towers with Radar,0,11,21,4,36,0,0,43,8,51,0,11,64,12,87,20,8,28,115
01/03/2019,ILG,DE,AEA,EN,Towers with Radar,0,14,22,4,40,0,2,23,11,36,0,16,45,15,76,76,12,88,164
01/04/2019,ILG,DE,AEA,EN,Towers with Radar,0,16,18,5,39,0,0,30,8,38,0,16,48,13,77,56,23,79,156
01/05/2019,ILG,DE,AEA,EN,Towers with Radar,0,8,10,1,19,0,0,0,0,0,0,8,10,1,19,0,0,0,19
01/06/2019,ILG,DE,AEA,EN,Towers with Radar,0,8,26,2,36,0,2,41,0,43,0,10,67,2,79,20,0,20,99
01/07/2019,ILG,DE,AEA,EN,Towers with Radar,0,5,35,0,40,0,0,27,5,32,0,5,62,5,72,117,0,117,189
01/08/2019,ILG,DE,AEA,EN,Towers with Radar,0,8,27,6,41,0,0,6,14,20,0,8,33,20,61,4,34,38,99
01/09/2019,ILG,DE,AEA,EN,Towers with Radar,0,3,10,3,16,0,0,20,26,46,0,3,30,29,62,4,33,37,99
01/10/2019,ILG,DE,AEA,EN,Towers with Radar,0,2,20,3,25,0,2,12,8,22,0,4,32,11,47,8,2,10,57
01/11/2019,ILG,DE,AEA,EN,Towers with Radar,0,8,16,3,27,4,0,40,0,44,4,8,56,3,71,42,0,42,113
01/12/2019,ILG,DE,AEA,EN,Towers with Radar,0,6,16,0,22,0,1,58,0,59,0,7,74,0,81,75,0,75,156
01/13/2019,ILG,DE,AEA,EN,Towers with Radar,0,8,22,0,30,0,0,2,0,2,0,8,24,0,32,0,0,0,32
01/14/2019,ILG,DE,AEA,EN,Towers with Radar,0,9,18,1,28,0,2,40,1,43,0,11,58,2,71,89,0,89,160
01/15/2019,ILG,DE,AEA,EN,Towers with Radar,0,5,17,5,27,0,1,49,1,51,0,6,66,6,78,65,12,77,155
01/16/2019,ILG,DE,AEA,EN,Towers with Radar,0,5,23,3,31,0,0,42,0,42,0,5,65,3,73,90,5,95,168
01/17/2019,ILG,DE,AEA,EN,Towers with Radar,0,11,30,2,43,0,0,39,5,44,0,11,69,7,87,72,6,78,165
01/18/2019,ILG,DE,AEA,EN,Towers with Radar,0,8,19,2,29,0,0,0,0,0,0,8,19,2,29,0,0,0,29
01/19/2019,ILG,DE,AEA,EN,Towers with Radar,0,8,15,0,23,0,1,16,0,17,0,9,31,0,40,60,0,60,100
01/20/2019,ILG,DE,AEA,EN,Towers with Radar,0,4,11,0,15,0,2,4,0,6,0,6,15,0,21,0,0,0,21
01/21/2019,ILG,DE,AEA,EN,Towers with Radar,0,10,22,0,32,0,0,10,0,10,0,10,32,0,42,16,0,16,58
01/22/2019,ILG,DE,AEA,EN,Towers with Radar,0,10,29,7,46,0,0,47,6,53,0,10,76,13,99,124,39,163,262
01/23/2019,ILG,DE,AEA,EN,Towers with Radar,0,9,21,3,33,0,0,22,12,34,0,9,43,15,67,97,14,111,178
01/24/2019,ILG,DE,AEA,EN,Towers with Radar,0,6,28,3,37,0,1,2,9,12,0,7,30,12,49,0,4,4,53
01/25/2019,ILG,DE,AEA,EN,Towers with Radar,0,7,23,0,30,1,0,38,2,41,1,7,61,2,71,47,0,47,118
01/26/2019,ILG,DE,AEA,EN,Towers with Radar,0,2,18,0,20,0,0,54,0,54,0,2,72,0,74,79,0,79,153
01/27/2019,ILG,DE,AEA,EN,Towers with Radar,0,8,15,0,23,0,0,43,0,43,0,8,58,0,66,92,0,92,158
01/28/2019,ILG,DE,AEA,EN,Towers with Radar,0,7,22,2,31,0,0,50,0,50,0,7,72,2,81,132,0,132,213
01/29/2019,ILG,DE,AEA,EN,Towers with Radar,0,7,15,0,22,0,0,7,2,9,0,7,22,2,31,56,0,56,87
01/30/2019,ILG,DE,AEA,EN,Towers with Radar,0,5,25,1,31,0,0,20,17,37,0,5,45,18,68,20,16,36,104
01/31/2019,ILG,DE,AEA,EN,Towers with Radar,0,9,18,5,32,0,0,31,15,46,0,9,49,20,78,12,0,12,90
02/01/2019,ILG,DE,AEA,EN,Towers with Radar,0,4,21,0,25,0,0,2,0,2,0,4,23,0,27,0,0,0,27
02/02/2019,ILG,DE,AEA,EN,Towers with Radar,0,7,11,0,18,0,0,43,0,43,0,7,54,0,61,39,0,39,100
02/03/2019,ILG,DE,AEA,EN,Towers with Radar,0,2,20,0,22,0,0,31,0,31,0,2,51,0,53,59,0,59,112
02/04/2019,ILG,DE,AEA,EN,Towers with Radar,0,9,33,4,46,0,0,42,4,46,0,9,75,8,92,94,9,103,195
02/05/2019,ILG,DE,AEA,EN,Towers with Radar,0,10,19,3,32,0,0,54,20,74,0,10,73,23,106,75,7,82,188
02/06/2019,ILG,DE,AEA,EN,Towers with Radar,0,5,29,4,38,0,0,35,5,40,0,5,64,9,78,110,4,114,192
02/07/2019,ILG,DE,AEA,EN,Towers with Radar,0,8,51,2,61,0,0,0,0,0,0,8,51,2,61,0,0,0,61
02/08/2019,ILG,DE,AEA,EN,Towers with Radar,0,15,28,3,46,0,1,12,3,16,0,16,40,6,62,46,2,48,110
02/09/2019,ILG,DE,AEA,EN,Towers with Radar,0,7,13,3,23,0,0,18,4,22,0,7,31,7,45,2,9,11,56
02/10/2019,ILG,DE,AEA,EN,Towers with Radar,0,11,27,2,40,0,2,66,5,73,0,13,93,7,113,128,10,138,251
02/11/2019,ILG,DE,AEA,EN,Towers with Radar,0,8,9,1,18,0,0,0,0,0,0,8,9,1,18,0,0,0,18
02/12/2019,ILG,DE,AEA,EN,Towers with Radar,0,4,8,2,14,0,0,0,0,0,0,4,8,2,14,0,0,0,14
02/13/2019,ILG,DE,AEA,EN,Towers with Radar,0,15,18,6,39,0,0,14,16,30,0,15,32,22,69,43,4,47,116
02/14/2019,ILG,DE,AEA,EN,Towers with Radar,0,9,36,5,50,0,1,47,0,48,0,10,83,5,98,152,12,164,262
02/15/2019,ILG,DE,AEA,EN,Towers with Radar,0,10,34,4,48,0,1,21,7,29,0,11,55,11,77,66,6,72,149
02/16/2019,ILG,DE,AEA,EN,Towers with Radar,0,2,18,2,22,0,2,36,2,40,0,4,54,4,62,95,0,95,157
02/17/2019,ILG,DE,AEA,EN,Towers with Radar,0,7,14,0,21,0,0,57,6,63,0,7,71,6,84,53,0,53,137
02/18/2019,ILG,DE,AEA,EN,Towers with Radar,0,14,23,0,37,0,0,0,0,0,0,14,23,0,37,0,0,0,37
02/19/2019,ILG,DE,AEA,EN,Towers with Radar,0,16,30,7,53,0,4,66,20,90,0,20,96,27,143,86,16,102,245
02/20/2019,ILG,DE,AEA,EN,Towers with Radar,0,2,9,0,11,0,1,2,0,3,0,3,11,0,14,0,0,0,14
02/21/2019,ILG,DE,AEA,EN,Towers with Radar,0,13,18,4,35,0,0,20,16,36,0,13,38,20,71,106,2,108,179
02/22/2019,ILG,DE,AEA,EN,Towers with Radar,0,7,20,2,29,0,1,50,10,61,0,8,70,12,90,80,1,81,171
02/23/2019,ILG,DE,AEA,EN,Towers with Radar,0,1,22,0,23,0,0,33,0,33,0,1,55,0,56,108,0,108,164
02/24/2019,ILG,DE,AEA,EN,Towers with Radar,0,11,20,0,31,0,1,0,0,1,0,12,20,0,32,0,0,0,32
02/25/2019,ILG,DE,AEA,EN,Towers with Radar,0,9,25,0,34,0,0,3,0,3,0,9,28,0,37,13,0,13,50
02/26/2019,ILG,DE,AEA,EN,Towers with Radar,0,11,42,4,57,0,2,43,16,61,0,13,85,20,118,71,4,75,193
02/27/2019,ILG,DE,AEA,EN,Towers with Radar,0,12,28,7,47,0,0,69,10,79,0,12,97,17,126,46,18,64,190
02/28/2019,ILG,DE,AEA,EN,Towers with Radar,0,9,34,4,47,0,2,58,3,63,0,11,92,7,110,124,0,124,234
03/01/2019,ILG,DE,AEA,EN,Towers with Radar,0,9,24,1,34,0,0,0,0,0,0,9,24,1,34,0,0,0,34
03/02/2019,ILG,DE,AEA,EN,Towers with Radar,0,4,15,2,21,0,0,0,0,0,0,4,15,2,21,0,0,0,21
03/03/2019,ILG,DE,AEA,EN,Towers with Radar,0,4,21,3,28,0,1,18,6,25,0,5,39,9,53,90,10,100,153
03/04/2019,ILG,DE,AEA,EN,Towers with Radar,0,10,32,3,45,0,0,42,5,47,0,10,74,8,92,48,6,54,146
03/05/2019,ILG,DE,AEA,EN,Towers with Radar,0,8,26,6,40,0,0,45,8,53,0,8,71,14,93,36,16,52,145
03/06/2019,ILG,DE,AEA,EN,Towers with Radar,0,9,18,1,28,0,2,26,21,49,0,11,44,22,77,25,17,42,119
03/07/2019,ILG,DE,AEA,EN,Towers with Radar,0,3,39,6,48,0,0,37,20,57,0,3,76,26,105,38,0,38,143
03/08/2019,ILG,DE,AEA,EN,Towers with Radar,0,14,27,4,45,0,0,42,3,45,0,14,69,7,90,63,15,78,168
03/09/2019,ILG,DE,AEA,EN,Towers with Radar,0,10,29,0,39,0,0,73,0,73,0,10,102,0,112,62,0,62,174
03/10/2019,ILG,DE,AEA,EN,Towers with Radar,0,8,19,1,28,0,0,0,0,0,0,8,19,1,28,8,0,8,36
03/11/2019,ILG,DE,AEA,EN,Towers with Radar,0,10,27,0,37,0,1,48,3,52,0,11,75,3,89,50,30,80,169
03/12/2019,ILG,DE,AEA,EN,Towers with Radar,0,4,28,5,37,0,0,60,26,86,0,4,88,31,123,102,13,115,238
03/13/2019,ILG,DE,AEA,EN,Towers with Radar,0,3,27,2,32,0,2,77,24,103,0,5,104,26,135,131,23,154,289
03/14/2019,ILG,DE,AEA,EN,Towers with Radar,0,12,38,5,55,0,0,78,13,91,0,12,116,18,146,148,18,166,312
03/15/2019,ILG,DE,AEA,EN,Towers with Radar,0,8,28,0,36,0,2,13,0,15,0,10,41,0,51,10,0,10,61
03/16/2019,ILG,DE,AEA,EN,Towers with Radar,0,13,18,0,31,0,0,22,0,22,0,13,40,0,53,10,0,10,63
03/17/2019,ILG,DE,AEA,EN,Towers with Radar,0,8,18,0,26,0,0,72,0,72,0,8,90,0,98,70,0,70,168
03/18/2019,ILG,DE,AEA,EN,Towers with Radar,0,9,31,1,41,0,0,31,1,32,0,9,62,2,73,50,17,67,140
03/19/2019,ILG,DE,AEA,EN,Towers with Radar,0,13,29,2,44,0,0,67,16,83,0,13,96,18,127,71,19,90,217
03/20/2019,ILG,DE,AEA,EN,Towers with Radar,0,9,24,9,42,0,2,65,30,97,0,11,89,39,139,78,10,88,227
03/21/2019,ILG,DE,AEA,EN,Towers with Radar,0,10,20,2,32,0,0,0,0,0,0,10,20,2,32,0,0,0,32
03/22/2019,ILG,DE,AEA,EN,Towers with Radar,0,8,26,1,35,0,0,15,1,16,0,8,41,2,51,26,0,26,77
03/23/2019,ILG,DE,AEA,EN,Towers with Radar,0,9,9,0,18,0,0,10,0,10,0,9,19,0,28,6,0,6,34
03/24/2019,ILG,DE,AEA,EN,Towers with Radar,0,7,34,0,41,0,0,84,0,84,0,7,118,0,125,106,0,106,231
03/25/2019,ILG,DE,AEA,EN,Towers with Radar,0,5,34,0,39,0,0,7,0,7,0,5,41,0,46,0,0,0,46
03/26/2019,ILG,DE,AEA,EN,Towers with Radar,0,7,31,4,42,0,1,56,23,80,0,8,87,27,122,53,14,67,189
03/27/2019,ILG,DE,AEA,EN,Towers with Radar,0,11,26,11,48,0,0,80,17,97,0,11,106,28,145,184,23,207,352
03/28/2019,ILG,DE,AEA,EN,Towers with Radar,0,6,13,5,24,0,0,89,12,101,0,6,102,17,125,165,10,175,300
03/29/2019,ILG,DE,AEA,EN,Towers with Radar,0,8,30,3,41,0,0,67,6,73,0,8,97,9,114,76,10,86,200
03/30/2019,ILG,DE,AEA,EN,Towers with Radar,0,9,21,2,32,0,0,44,0,44,0,9,65,2,76,51,0,51,127
03/31/2019,ILG,DE,AEA,EN,Towers with Radar,0,9,32,1,42,0,1,18,0,19,0,10,50,1,61,24,0,24,85
04/01/2019,ILG,DE,AEA,EN,Towers with Radar,0,6,26,1,33,0,0,38,1,39,0,6,64,2,72,27,0,27,99
04/02/2019,ILG,DE,AEA,EN,Towers with Radar,0,6,25,8,39,0,0,42,7,49,0,6,67,15,88,86,2,88,176
04/03/2019,ILG,DE,AEA,EN,Towers with Radar,0,7,25,6,38,0,0,37,19,56,0,7,62,25,94,73,15,88,182
04/04/2019,ILG,DE,AEA,EN,Towers with Radar,0,9,38,4,51,0,4,61,27,92,0,13,99,31,143,101,29,130,273
04/05/2019,ILG,DE,AEA,EN,Towers with Radar,0,10,25,2,37,0,0,13,5,18,0,10,38,7,55,91,0,91,146
04/06/2019,ILG,DE,AEA,EN,Towers with Radar,0,3,29,7,39,0,1,33,7,41,0,4,62,14,80,103,4,107,187
04/07/2019,ILG,DE,AEA,EN,Towers with Radar,0,6,30,3,39,0,0,59,6,65,0,6,89,9,104,63,6,69,173
04/08/2019,ILG,DE,AEA,EN,Towers with Radar,0,5,35,8,48,0,0,24,7,31,0,5,59,15,79,95,13,108,187
04/09/2019,ILG,DE,AEA,EN,Towers with Radar,0,5,32,10,47,0,0,32,19,51,0,5,64,29,98,111,36,147,245
04/10/2019,ILG,DE,AEA,EN,Towers with Radar,0,9,36,6,51,0,0,60,12,72,0,9,96,18,123,64,12,76,199
04/11/2019,ILG,DE,AEA,EN,Towers with Radar,0,5,34,7,46,0,3,71,9,83,0,8,105,16,129,128,10,138,267
04/12/2019,ILG,DE,AEA,EN,Towers with Radar,0,10,30,1,41,0,1,20,7,28,0,11,50,8,69,44,0,44,113
04/13/2019,ILG,DE,AEA,EN,Towers with Radar,0,3,24,0,27,0,0,22,13,35,0,3,46,13,62,46,0,46,108
04/14/2019,ILG,DE,AEA,EN,Towers with Radar,0,19,12,0,31,0,0,4,0,4,0,19,16,0,35,0,0,0,35
04/15/2019,ILG,DE,AEA,EN,Towers with Radar,0,6,11,3,20,0,0,8,11,19,0,6,19,14,39,10,13,23,62
04/16/2019,ILG,DE,AEA,EN,Towers with Radar,0,9,32,7,48,0,0,31,23,54,0,9,63,30,102,118,10,128,230
04/17/2019,ILG,DE,AEA,EN,Towers with Radar,0,8,26,6,40,0,1,43,16,60,0,9,69,22,100,58,14,72,172
04/18/2019,ILG,DE,AEA,EN,Towers with Radar,0,7,42,0,49,0,0,50,7,57,0,7,92,7,106,142,2,144,250
04/19/2019,ILG,DE,AEA,EN,Towers with Radar,0,11,15,0,26,0,0,15,2,17,0,11,30,2,43,38,0,38,81
04/20/2019,ILG,DE,AEA,EN,Towers with Radar,0,6,26,0,32,0,0,36,0,36,0,6,62,0,68,41,0,41,109
04/21/2019,ILG,DE,AEA,EN,Towers with Radar,0,3,16,0,19,0,1,31,0,32,0,4,47,0,51,44,0,44,95
04/22/2019,ILG,DE,AEA,EN,Towers with Radar,0,16,34,5,55,0,1,39,8,48,0,17,73,13,103,158,0,158,261
04/23/2019,ILG,DE,AEA,EN,Towers with Radar,0,8,22,6,36,0,0,73,14,87,0,8,95,20,123,117,19,136,259
04/24/2019,ILG,DE,AEA,EN,Towers with Radar,0,6,34,7,47,0,0,65,13,78,0,6,99,20,125,48,0,48,173
04/25/2019,ILG,DE,AEA,EN,Towers with Radar,0,13,33,6,52,0,0,83,12,95,0,13,116,18,147,92,3,95,242
04/26/2019,ILG,DE,AEA,EN,Towers with Radar,0,5,17,1,23,0,1,5,0,6,0,6,22,1,29,52,0,52,81
04/27/2019,ILG,DE,AEA,EN,Towers with Radar,0,4,11,1,16,0,1,14,0,15,0,5,25,1,31,0,0,0,31
04/28/2019,ILG,DE,AEA,EN,Towers with Radar,0,14,34,0,48,0,0,51,0,51,0,14,85,0,99,52,0,52,151
04/29/2019,ILG,DE,AEA,EN,Towers with Radar,0,9,33,3,45,0,0,50,1,51,0,9,83,4,96,71,0,71,167
04/30/2019,ILG,DE,AEA,EN,Towers with Radar,0,16,35,6,57,0,0,36,18,54,0,16,71,24,111,37,4,41,152
05/01/2019,ILG,DE,AEA,EN,Towers with Radar,0,9,48,8,65,0,0,9,10,19,0,9,57,18,84,52,6,58,142
05/02/2019,ILG,DE,AEA,EN,Towers with Radar,0,18,47,4,69,0,0,34,18,52,0,18,81,22,121,108,22,130,251
05/03/2019,ILG,DE,AEA,EN,Towers with Radar,0,6,40,3,49,0,0,11,0,11,0,6,51,3,60,39,0,39,99
05/04/2019,ILG,DE,AEA,EN,Towers with Radar,0,6,25,0,31,0,0,9,0,9,0,6,34,0,40,31,0,31,71
05/05/2019,ILG,DE,AEA,EN,Towers with Radar,0,7,16,0,23,0,0,0,0,0,0,7,16,0,23,0,0,0,23
05/06/2019,ILG,DE,AEA,EN,Towers with Radar,0,9,46,0,55,0,0,45,0,45,0,9,91,0,100,88,0,88,188
05/07/2019,ILG,DE,AEA,EN,Towers with Radar,0,13,37,9,59,0,0,31,18,49,0,13,68,27,108,40,6,46,154
05/08/2019,ILG,DE,AEA,EN,Towers with Radar,0,14,54,9,77,0,0,30,12,42,0,14,84,21,119,92,16,108,227
05/09/2019,ILG,DE,AEA,EN,Towers with Radar,0,28,47,6,81,0,0,25,10,35,0,28,72,16,116,22,18,40,156
05/10/2019,ILG,DE,AEA,EN,Towers with Radar,0,12,35,0,47,0,0,41,0,41,0,12,76,0,88,52,0,52,140
05/11/2019,ILG,DE,AEA,EN,Towers with Radar,0,5,16,1,22,0,0,56,0,56,0,5,72,1,78,103,0,103,181
05/12/2019,ILG,DE,AEA,EN,Towers with Radar,0,9,17,0,26,0,0,0,0,0,0,9,17,0,26,0,0,0,26
05/13/2019,ILG,DE,AEA,EN,Towers with Radar,0,11,30,1,42,0,0,0,0,0,0,11,30,1,42,0,0,0,42
05/14/2019,ILG,DE,AEA,EN,Towers with Radar,0,4,32,4,40,0,0,30,11,41,0,4,62,15,81,6,10,16,97
05/15/2019,ILG,DE,AEA,EN,Towers with Radar,0,15,47,7,69,0,0,75,25,100,0,15,122,32,169,137,32,169,338
05/16/2019,ILG,DE,AEA,EN,Towers with Radar,0,11,31,3,45,0,3,52,17,72,0,14,83,20,117,88,10,98,215
05/17/2019,ILG,DE,AEA,EN,Towers with Radar,0,14,34,3,51,0,0,8,0,8,0,14,42,3,59,20,0,20,79
05/18/2019,ILG,DE,AEA,EN,Towers with Radar,0,5,15,7,27,0,0,53,0,53,0,5,68,7,80,59,0,59,139
05/19/2019,ILG,DE,AEA,EN,Towers with Radar,0,18,32,1,51,0,0,38,0,38,0,18,70,1,89,9,0,9,98
05/20/2019,ILG,DE,AEA,EN,Towers with Radar,0,8,21,2,31,0,1,23,0,24,0,9,44,2,55,115,0,115,170
05/21/2019,ILG,DE,AEA,EN,Towers with Radar,0,10,31,9,50,0,2,35,12,49,0,12,66,21,99,26,13,39,138
05/22/2019,ILG,DE,AEA,EN,Towers with Radar,0,6,32,2,40,0,0,78,18,96,0,6,110,20,136,71,18,89,225
05/23/2019,ILG,DE,AEA,EN,Towers with Radar,0,10,26,3,39,0,2,25,1,28,0,12,51,4,67,64,0,64,131
05/24/2019,ILG,DE,AEA,EN,Towers with Radar,0,4,25,2,31,0,0,54,0,54,0,4,79,2,85,2,0,2,87
05/25/2019,ILG,DE,AEA,EN,Towers with Radar,0,4,24,1,29,0,1,59,0,60,0,5,83,1,89,64,0,64,153
05/26/2019,ILG,DE,AEA,EN,Towers with Radar,0,1,18,0,19,0,0,31,0,31,0,1,49,0,50,71,0,71,121
05/27/2019,ILG,DE,AEA,EN,Towers with Radar,0,6,24,0,30,0,0,57,3,60,0,6,81,3,90,70,0,70,160
05/28/2019,ILG,DE,AEA,EN,Towers with Radar,0,9,35,8,52,0,0,24,2,26,0,9,59,10,78,14,6,20,98
05/29/2019,ILG,DE,AEA,EN,Towers with Radar,0,7,47,1,55,0,0,40,3,43,0,7,87,4,98,35,0,35,133
05/30/2019,ILG,DE,AEA,EN,Towers with Radar,0,10,34,2,46,0,1,38,2,41,0,11,72,4,87,39,4,43,130
05/31/2019,ILG,DE,AEA,EN,Towers with Radar,0,5,25,1,31,0,0,79,3,82,0,5,104,4,113,21,0,21,134
06/01/2019,ILG,DE,AEA,EN,Towers with Radar,0,7,28,0,35,0,0,43,0,43,0,7,71,0,78,21,0,21,99
06/02/2019,ILG,DE,AEA,EN,Towers with Radar,0,8,18,1,27,0,0,36,0,36,0,8,54,1,63,41,0,41,104
06/03/2019,ILG,DE,AEA,EN,Towers with Radar,0,10,31,3,44,0,0,43,1,44,0,10,74,4,88,28,0,28,116
06/04/2019,ILG,DE,AEA,EN,Towers with Radar,0,6,39,4,49,0,0,92,15,107,0,6,131,19,156,88,4,92,248
06/05/2019,ILG,DE,AEA,EN,Towers with Radar,0,13,30,5,48,0,0,32,11,43,0,13,62,16,91,6,14,20,111
06/06/2019,ILG,DE,AEA,EN,Towers with Radar,0,10,37,5,52,0,0,46,19,65,0,10,83,24,117,83,50,133,250
06/07/2019,ILG,DE,AEA,EN,Towers with Radar,0,10,24,1,35,0,0,62,5,67,0,10,86,6,102,28,0,28,130
06/08/2019,ILG,DE,AEA,EN,Towers with Radar,0,2,18,0,20,0,3,57,2,62,0,5,75,2,82,32,0,32,114
06/09/2019,ILG,DE,AEA,EN,Towers with Radar,0,8,24,2,34,0,0,25,2,27,0,8,49,4,61,30,0,30,91
06/10/2019,ILG,DE,AEA,EN,Towers with Radar,0,10,33,5,48,0,0,0,0,0,0,10,33,5,48,0,0,0,48
06/11/2019,ILG,DE,AEA,EN,Towers with Radar,0,6,28,1,35,0,0,42,12,54,0,6,70,13,89,94,0,94,183
06/12/2019,ILG,DE,AEA,EN,Towers with Radar,0,11,39,2,52,0,0,57,18,75,0,11,96,20,127,62,8,70,197
06/13/2019,ILG,DE,AEA,EN,Towers with Radar,0,5,26,11,42,0,0,6,0,6,0,5,32,11,48,12,24,36,84
06/14/2019,ILG,DE,AEA,EN,Towers with Radar,0,13,32,2,47,0,0,39,6,45,0,13,71,8,92,38,0,38,130
06/15/2019,ILG,DE,AEA,EN,Towers with Radar,0,9,19,0,28,0,0,50,0,50,0,9,69,0,78,22,0,22,100
06/16/2019,ILG,DE,AEA,EN,Towers with Radar,0,14,25,1,40,0,0,17,0,17,0,14,42,1,57,14,0,14,71
06/17/2019,ILG,DE,AEA,EN,Towers with Radar,0,5,25,0,30,0,0,21,0,21,0,5,46,0,51,16,0,16,67
06/18/2019,ILG,DE,AEA,EN,Towers with Radar,0,9,33,0,42,0,1,13,2,16,0,10,46,2,58,31,0,31,89
06/19/2019,ILG,DE,AEA,EN,Towers with Radar,0,5,35,0,40,0,0,28,4,32,0,5,63,4,72,17,6,23,95
06/20/2019,ILG,DE,AEA,EN,Towers with Radar,0,12,34,2,48,0,0,10,10,20,0,12,44,12,68,5,0,5,73
06/21/2019,ILG,DE,AEA,EN,Towers with Radar,0,8,36,1,45,0,0,30,0,30,0,8,66,1,75,0,0,0,75
06/22/2019,ILG,DE,AEA,EN,Towers with Radar,0,6,28,0,34,0,0,55,0,55,0,6,83,0,89,48,0,48,137
06/23/2019,ILG,DE,AEA,EN,Towers with Radar,0,6,40,0,46,0,1,77,0,78,0,7,117,0,124,58,0,58,182
06/24/2019,ILG,DE,AEA,EN,Towers with Radar,0,16,24,1,41,0,0,56,1,57,0,16,80,2,98,23,0,23,121
06/25/2019,ILG,DE,AEA,EN,Towers with Radar,0,9,36,7,52,0,0,31,17,48,0,9,67,24,100,29,3,32,132
06/26/2019,ILG,DE,AEA,EN,Towers with Radar,0,2,42,3,47,0,4,68,13,85,0,6,110,16,132,34,8,42,174
06/27/2019,ILG,DE,AEA,EN,Towers with Radar,0,13,38,3,54,0,0,52,11,63,0,13,90,14,117,26,12,38,155
06/28/2019,ILG,DE,AEA,EN,Towers with Radar,0,11,27,3,41,0,0,47,0,47,0,11,74,3,88,12,0,12,100
06/29/2019,ILG,DE,AEA,EN,Towers with Radar,0,7,17,0,24,0,0,38,0,38,0,7,55,0,62,66,0,66,128
06/30/2019,ILG,DE,AEA,EN,Towers with Radar,0,4,14,0,18,0,0,42,0,42,0,4,56,0,60,63,0,63,123
07/01/2019,ILG,DE,AEA,EN,Towers with Radar,0,7,28,1,36,0,0,61,11,72,0,7,89,12,108,20,28,48,156
07/02/2019,ILG,DE,AEA,EN,Towers with Radar,0,5,34,6,45,0,0,41,7,48,0,5,75,13,93,8,17,25,118
07/03/2019,ILG,DE,AEA,EN,Towers with Radar,0,5,36,1,42,0,0,49,6,55,0,5,85,7,97,54,6,60,157
07/04/2019,ILG,DE,AEA,EN,Towers with Radar,0,2,16,0,18,0,0,27,0,27,0,2,43,0,45,32,0,32,77
07/05/2019,ILG,DE,AEA,EN,Towers with Radar,0,4,18,0,22,0,0,25,0,25,0,4,43,0,47,20,0,20,67
07/06/2019,ILG,DE,AEA,EN,Towers with Radar,0,10,17,0,27,0,0,7,0,7,0,10,24,0,34,0,0,0,34
07/07/2019,ILG,DE,AEA,EN,Towers with Radar,0,10,38,0,48,0,0,18,0,18,0,10,56,0,66,28,0,28,94
07/08/2019,ILG,DE,AEA,EN,Towers with Radar,0,8,41,3,52,0,0,21,1,22,0,8,62,4,74,29,0,29,103
07/09/2019,ILG,DE,AEA,EN,Towers with Radar,0,7,27,8,42,0,0,66,9,75,0,7,93,17,117,52,8,60,177
07/10/2019,ILG,DE,AEA,EN,Towers with Radar,0,8,28,4,40,0,0,45,16,61,0,8,73,20,101,84,7,91,192
07/11/2019,ILG,DE,AEA,EN,Towers with Radar,0,4,28,5,37,0,2,6,8,16,0,6,34,13,53,2,0,2,55
07/12/2019,ILG,DE,AEA,EN,Towers with Radar,0,11,31,7,49,0,0,60,0,60,0,11,91,7,109,36,0,36,145
07/13/2019,ILG,DE,AEA,EN,Towers with Radar,0,8,15,2,25,0,0,48,0,48,0,8,63,2,73,25,0,25,98
07/14/2019,ILG,DE,AEA,EN,Towers with Radar,0,7,23,2,32,0,3,37,0,40,0,10,60,2,72,120,0,120,192
07/15/2019,ILG,DE,AEA,EN,Towers with Radar,0,12,30,0,42,0,0,58,0,58,0,12,88,0,100,181,0,181,281
07/16/2019,ILG,DE,AEA,EN,Towers with Radar,0,5,20,0,25,0,3,49,7,59,0,8,69,7,84,22,5,27,111
07/17/2019,ILG,DE,AEA,EN,Towers with Radar,0,9,28,2,39,0,0,36,4,40,0,9,64,6,79,6,0,6,85
07/18/2019,ILG,DE,AEA,EN,Towers with Radar,0,12,26,0,38,0,0,13,6,19,0,12,39,6,57,13,0,13,70
07/19/2019,ILG,DE,AEA,EN,Towers with Radar,0,14,39,2,55,0,0,27,8,35,0,14,66,10,90,10,0,10,100
07/20/2019,ILG,DE,AEA,EN,Towers with Radar,1,17,23,2,43,0,2,23,0,25,1,19,46,2,68,33,0,33,101
07/21/2019,ILG,DE,AEA,EN,Towers with Radar,0,5,23,0,28,0,0,23,0,23,0,5,46,0,51,34,0,34,85
07/22/2019,ILG,DE,AEA,EN,Towers with Radar,0,12,24,1,37,0,0,20,0,20,0,12,44,1,57,12,0,12,69
07/23/2019,ILG,DE,AEA,EN,Towers with Radar,0,11,43,3,57,0,0,12,8,20,0,11,55,11,77,20,0,20,97
07/24/2019,ILG,DE,AEA,EN,Towers with Radar,0,11,23,6,40,0,3,64,7,74,0,14,87,13,114,12,8,20,134
07/25/2019,ILG,DE,AEA,EN,Towers with Radar,0,11,24,1,36,0,1,58,5,64,0,12,82,6,100,23,12,35,135
07/26/2019,ILG,DE,AEA,EN,Towers with Radar,0,7,23,1,31,0,1,54,3,58,0,8,77,4,89,10,0,10,99
07/27/2019,ILG,DE,AEA,EN,Towers with Radar,0,8,12,0,20,0,0,44,0,44,0,8,56,0,64,6,0,6,70
07/28/2019,ILG,DE,AEA,EN,Towers with Radar,0,6,21,2,29,0,1,41,0,42,0,7,62,2,71,30,0,30,101
07/29/2019,ILG,DE,AEA,EN,Towers with Radar,0,9,39,0,48,0,0,52,1,53,0,9,91,1,101,52,0,52,153
07/30/2019,ILG,DE,AEA,EN,Towers with Radar,0,7,29,4,40,0,0,71,10,81,0,7,100,14,121,14,3,17,138
07/31/2019,ILG,DE,AEA,EN,Towers with Radar,0,10,25,1,36,0,1,40,0,41,0,11,65,1,77,22,0,22,99
08/01/2019,ILG,DE,AEA,EN,Towers with Radar,0,8,33,0,41,0,3,30,2,35,0,11,63,2,76,46,2,48,124
08/02/2019,ILG,DE,AEA,EN,Towers with Radar,0,8,37,0,45,0,0,29,2,31,0,8,66,2,76,18,0,18,94
08/03/2019,ILG,DE,AEA,EN,Towers with Radar,0,14,18,0,32,0,1,53,0,54,0,15,71,0,86,90,0,90,176
08/04/2019,ILG,DE,AEA,EN,Towers with Radar,0,3,24,0,27,0,0,37,0,37,0,3,61,0,64,43,0,43,107
08/05/2019,ILG,DE,AEA,EN,Towers with Radar,0,17,29,0,46,0,0,64,4,68,0,17,93,4,114,50,0,50,164
08/06/2019,ILG,DE,AEA,EN,Towers with Radar,0,13,32,1,46,0,0,20,4,24,0,13,52,5,70,42,6,48,118
08/07/2019,ILG,DE,AEA,EN,Towers with Radar,0,15,32,0,47,0,1,27,0,28,0,16,59,0,75,30,0,30,105
08/08/2019,ILG,DE,AEA,EN,Towers with Radar,0,8,39,0,47,0,0,35,5,40,0,8,74,5,87,35,2,37,124
08/09/2019,ILG,DE,AEA,EN,Towers with Radar,0,5,36,0,41,0,0,54,0,54,0,5,90,0,95,62,0,62,157
08/10/2019,ILG,DE,AEA,EN,Towers with Radar,0,4,23,1,28,0,1,59,11,71,0,5,82,12,99,31,2,33,132
08/11/2019,ILG,DE,AEA,EN,Towers with Radar,0,6,30,2,38,0,1,52,8,61,0,7,82,10,99,89,0,89,188
08/12/2019,ILG,DE,AEA,EN,Towers with Radar,0,12,24,1,37,0,0,46,0,46,0,12,70,1,83,59,0,59,142
08/13/2019,ILG,DE,AEA,EN,Towers with Radar,0,12,31,5,48,0,0,22,2,24,0,12,53,7,72,27,6,33,105
08/14/2019,ILG,DE,AEA,EN,Towers with Radar,0,9,26,4,39,0,0,8,6,14,0,9,34,10,53,79,12,91,144
08/15/2019,ILG,DE,AEA,EN,Towers with Radar,0,7,31,2,40,0,0,30,3,33,0,7,61,5,73,14,0,14,87
08/16/2019,ILG,DE,AEA,EN,Towers with Radar,0,5,42,0,47,0,4,52,0,56,0,9,94,0,103,58,0,58,161
08/17/2019,ILG,DE,AEA,EN,Towers with Radar,0,12,16,1,29,0,0,33,11,44,0,12,49,12,73,54,10,64,137
08/18/2019,ILG,DE,AEA,EN,Towers with Radar,0,13,29,1,43,0,0,33,7,40,0,13,62,8,83,14,0,14,97
08/19/2019,ILG,DE,AEA,EN,Towers with Radar,0,12,40,5,57,0,0,36,1,37,0,12,76,6,94,22,12,34,128
08/20/2019,ILG,DE,AEA,EN,Towers with Radar,0,15,27,5,47,0,0,46,9,55,0,15,73,14,102,9,2,11,113
08/21/2019,ILG,DE,AEA,EN,Towers with Radar,0,15,27,1,43,0,0,44,16,60,0,15,71,17,103,39,54,93,196
08/22/2019,ILG,DE,AEA,EN,Towers with Radar,0,10,27,4,41,0,0,57,16,73,0,10,84,20,114,47,68,115,229
08/23/2019,ILG,DE,AEA,EN,Towers with Radar,0,3,37,0,40,0,1,19,0,20,0,4,56,0,60,13,0,13,73
08/24/2019,ILG,DE,AEA,EN,Towers with Radar,0,5,22,0,27,0,0,65,0,65,0,5,87,0,92,94,0,94,186
08/25/2019,ILG,DE,AEA,EN,Towers with Radar,0,8,22,0,30,0,0,5,0,5,0,8,27,0,35,0,0,0,35
08/26/2019,ILG,DE,AEA,EN,Towers with Radar,0,13,35,0,48,0,0,34,0,34,0,13,69,0,82,56,0,56,138
08/27/2019,ILG,DE,AEA,EN,Towers with Radar,0,14,24,2,40,0,0,74,22,96,0,14,98,24,136,57,29,86,222
08/28/2019,ILG,DE,AEA,EN,Towers with Radar,0,11,27,2,40,0,0,30,9,39,0,11,57,11,79,29,16,45,124
08/29/2019,ILG,DE,AEA,EN,Towers with Radar,0,9,38,3,50,0,0,65,20,85,0,9,103,23,135,49,24,73,208
08/30/2019,ILG,DE,AEA,EN,Towers with Radar,0,12,24,2,38,0,3,59,2,64,0,15,83,4,102,59,0,59,161
08/31/2019,ILG,DE,AEA,EN,Towers with Radar,0,3,16,0,19,0,0,45,0,45,0,3,61,0,64,12,0,12,76
09/01/2019,ILG,DE,AEA,EN,Towers with Radar,0,12,18,0,30,0,0,36,0,36,0,12,54,0,66,55,0,55,121
09/02/2019,ILG,DE,AEA,EN,Towers with Radar,0,9,20,0,29,0,0,9,0,9,0,9,29,0,38,0,0,0,38
09/03/2019,ILG,DE,AEA,EN,Towers with Radar,0,17,37,7,61,0,0,48,13,61,0,17,85,20,122,63,4,67,189
09/04/2019,ILG,DE,AEA,EN,Towers with Radar,0,7,23,1,31,0,0,32,15,47,0,7,55,16,78,10,50,60,138
09/05/2019,ILG,DE,AEA,EN,Towers with Radar,0,9,22,3,34,0,3,42,9,54,0,12,64,12,88,27,2,29,117
09/06/2019,ILG,DE,AEA,EN,Towers with Radar,0,8,20,4,32,0,0,7,3,10,0,8,27,7,42,4,0,4,46
09/07/2019,ILG,DE,AEA,EN,Towers with Radar,0,9,11,4,24,0,0,59,18,77,0,9,70,22,101,56,0,56,157
09/08/2019,ILG,DE,AEA,EN,Towers with Radar,0,11,10,3,24,0,0,42,13,55,0,11,52,16,79,48,28,76,155
09/09/2019,ILG,DE,AEA,EN,Towers with Radar,0,5,37,0,42,0,0,45,1,46,0,5,82,1,88,19,0,19,107
09/10/2019,ILG,DE,AEA,EN,Towers with Radar,0,10,31,1,42,0,2,54,9,65,0,12,85,10,107,52,8,60,167
09/11/2019,ILG,DE,AEA,EN,Towers with Radar,0,4,35,1,40,0,0,58,7,65,0,4,93,8,105,59,10,69,174
09/12/2019,ILG,DE,AEA,EN,Towers with Radar,0,17,40,1,58,0,1,44,12,57,0,18,84,13,115,23,43,66,181
09/13/2019,ILG,DE,AEA,EN,Towers with Radar,1,10,49,3,63,0,6,24,0,30,1,16,73,3,93,0,0,0,93
09/14/2019,ILG,DE,AEA,EN,Towers with Radar,1,5,20,0,26,0,0,19,0,19,1,5,39,0,45,18,0,18,63
09/15/2019,ILG,DE,AEA,EN,Towers with Radar,0,9,29,1,39,0,0,46,1,47,0,9,75,2,86,71,2,73,159
09/16/2019,ILG,DE,AEA,EN,Towers with Radar,0,11,29,5,45,0,0,38,1,39,0,11,67,6,84,48,21,69,153
09/17/2019,ILG,DE,AEA,EN,Towers with Radar,0,21,25,4,50,0,3,53,14,70,0,24,78,18,120,17,28,45,165
09/18/2019,ILG,DE,AEA,EN,Towers with Radar,0,16,35,2,53,0,2,44,18,64,0,18,79,20,117,4,17,21,138
09/19/2019,ILG,DE,AEA,EN,Towers with Radar,0,10,22,2,34,0,0,71,31,102,0,10,93,33,136,40,18,58,194
09/20/2019,ILG,DE,AEA,EN,Towers with Radar,0,13,19,7,39,0,2,62,0,64,0,15,81,7,103,71,0,71,174
09/21/2019,ILG,DE,AEA,EN,Towers with Radar,0,6,12,0,18,0,0,54,0,54,0,6,66,0,72,29,0,29,101
09/22/2019,ILG,DE,AEA,EN,Towers with Radar,0,8,22,0,30,0,2,45,0,47,0,10,67,0,77,22,0,22,99
09/23/2019,ILG,DE,AEA,EN,Towers with Radar,0,13,31,0,44,0,1,44,0,45,0,14,75,0,89,22,0,22,111
09/24/2019,ILG,DE,AEA,EN,Towers with Radar,0,10,19,2,31,0,2,60,5,67,0,12,79,7,98,56,9,65,163
09/25/2019,ILG,DE,AEA,EN,Towers with Radar,0,8,30,3,41,0,1,59,8,68,0,9,89,11,109,53,29,82,191
09/26/2019,ILG,DE,AEA,EN,Towers with Radar,0,16,30,2,48,0,0,44,2,46,0,16,74,4,94,13,0,13,107
09/27/2019,ILG,DE,AEA,EN,Towers with Radar,0,14,34,0,48,0,0,64,0,64,0,14,98,0,112,37,0,37,149
09/28/2019,ILG,DE,AEA,EN,Towers with Radar,0,9,11,0,20,0,1,27,0,28,0,10,38,0,48,26,0,26,74
09/29/2019,ILG,DE,AEA,EN,Towers with Radar,0,7,25,1,33,0,1,45,0,46,0,8,70,1,79,8,2,10,89
09/30/2019,ILG,DE,AEA,EN,Towers with Radar,0,9,39,1,49,0,1,40,1,42,0,10,79,2,91,66,6,72,163
10/01/2019,ILG,DE,AEA,EN,Towers with Radar,0,11,29,5,45,0,0,57,8,65,0,11,86,13,110,48,0,48,158
10/02/2019,ILG,DE,AEA,EN,Towers with Radar,0,6,30,6,42,0,0,51,16,67,0,6,81,22,109,55,6,61,170
10/03/2019,ILG,DE,AEA,EN,Towers with Radar,0,7,57,2,66,0,0,0,0,0,0,7,57,2,66,0,0,0,66
10/04/2019,ILG,DE,AEA,EN,Towers with Radar,0,17,20,1,38,0,3,47,3,53,0,20,67,4,91,0,0,0,91
10/05/2019,ILG,DE,AEA,EN,Towers with Radar,0,8,26,0,34,0,0,70,0,70,0,8,96,0,104,61,0,61,165
10/06/2019,ILG,DE,AEA,EN,Towers with Radar,0,10,48,0,58,0,0,28,0,28,0,10,76,0,86,29,0,29,115
10/07/2019,ILG,DE,AEA,EN,Towers with Radar,0,3,23,0,26,0,0,18,0,18,0,3,41,0,44,21,0,21,65
10/08/2019,ILG,DE,AEA,EN,Towers with Radar,0,6,25,6,37,0,0,42,10,52,0,6,67,16,89,13,12,25,114
10/09/2019,ILG,DE,AEA,EN,Towers with Radar,0,1,35,8,44,0,0,17,12,29,0,1,52,20,73,5,15,20,93
10/10/2019,ILG,DE,AEA,EN,Towers with Radar,0,9,28,5,42,0,0,40,11,51,0,9,68,16,93,55,25,80,173
10/11/2019,ILG,DE,AEA,EN,Towers with Radar,2,13,27,0,42,0,0,36,0,36,2,13,63,0,78,20,0,20,98
10/12/2019,ILG,DE,AEA,EN,Towers with Radar,2,5,18,0,25,0,0,49,0,49,2,5,67,0,74,84,0,84,158
10/13/2019,ILG,DE,AEA,EN,Towers with Radar,0,10,17,0,27,0,0,33,0,33,0,10,50,0,60,46,0,46,106
10/14/2019,ILG,DE,AEA,EN,Towers with Radar,0,23,29,0,52,0,1,51,0,52,0,24,80,0,104,57,0,57,161
10/15/2019,ILG,DE,AEA,EN,Towers with Radar,0,9,24,7,40,0,0,82,13,95,0,9,106,20,135,52,9,61,196
10/16/2019,ILG,DE,AEA,EN,Towers with Radar,0,12,16,2,30,0,0,11,0,11,0,12,27,2,41,0,0,0,41
10/17/2019,ILG,DE,AEA,EN,Towers with Radar,0,8,21,1,30,0,0,6,7,13,0,8,27,8,43,0,4,4,47
10/18/2019,ILG,DE,AEA,EN,Towers with Radar,0,11,28,2,41,0,0,53,0,53,0,11,81,2,94,95,0,95,189
10/19/2019,ILG,DE,AEA,EN,Towers with Radar,0,10,18,4,32,0,0,47,15,62,0,10,65,19,94,86,26,112,206
10/20/2019,ILG,DE,AEA,EN,Towers with Radar,0,13,23,0,36,0,0,2,6,8,0,13,25,6,44,5,0,5,49
10/21/2019,ILG,DE,AEA,EN,Towers with Radar,0,9,33,2,44,0,1,55,0,56,0,10,88,2,100,15,0,15,115
10/22/2019,ILG,DE,AEA,EN,Towers with Radar,0,11,23,4,38,0,0,0,0,0,0,11,23,4,38,0,0,0,38
10/23/2019,ILG,DE,AEA,EN,Towers with Radar,0,10,34,8,52,0,0,88,17,105,0,10,122,25,157,31,54,85,242
10/24/2019,ILG,DE,AEA,EN,Towers with Radar,0,9,30,5,44,0,0,46,19,65,0,9,76,24,109,112,4,116,225
10/25/2019,ILG,DE,AEA,EN,Towers with Radar,0,16,27,2,45,0,2,45,0,47,0,18,72,2,92,8,2,10,102
10/26/2019,ILG,DE,AEA,EN,Towers with Radar,0,5,16,0,21,0,1,59,0,60,0,6,75,0,81,136,0,136,217
10/27/2019,ILG,DE,AEA,EN,Towers with Radar,0,6,17,0,23,0,1,2,0,3,0,7,19,0,26,4,0,4,30
10/28/2019,ILG,DE,AEA,EN,Towers with Radar,0,9,44,2,55,0,0,55,2,57,0,9,99,4,112,43,0,43,155
10/29/2019,ILG,DE,AEA,EN,Towers with Radar,0,14,29,13,56,0,0,12,5,17,0,14,41,18,73,23,14,37,110
10/30/2019,ILG,DE,AEA,EN,Towers with Radar,0,15,33,11,59,0,0,2,3,5,0,15,35,14,64,2,2,4,68
10/31/2019,ILG,DE,AEA,EN,Towers with Radar,0,7,29,0,36,0,0,7,0,7,0,7,36,0,43,0,0,0,43
11/01/2019,ILG,DE,AEA,EN,Towers with Radar,0,8,15,2,25,0,0,43,17,60,0,8,58,19,85,20,6,26,111
11/02/2019,ILG,DE,AEA,EN,Towers with Radar,0,5,22,0,27,0,1,60,11,72,0,6,82,11,99,72,0,72,171
11/03/2019,ILG,DE,AEA,EN,Towers with Radar,0,11,25,1,37,0,0,46,13,59,0,11,71,14,96,79,0,79,175
11/04/2019,ILG,DE,AEA,EN,Towers with Radar,0,20,27,2,49,0,0,56,0,56,0,20,83,2,105,25,0,25,130
11/05/2019,ILG,DE,AEA,EN,Towers with Radar,0,12,37,2,51,0,0,56,18,74,0,12,93,20,125,88,23,111,236
11/06/2019,ILG,DE,AEA,EN,Towers with Radar,0,6,39,2,47,0,0,48,13,61,0,6,87,15,108,20,53,73,181
11/07/2019,ILG,DE,AEA,EN,Towers with Radar,0,11,26,8,45,0,0,17,6,23,0,11,43,14,68,41,30,71,139
11/08/2019,ILG,DE,AEA,EN,Towers with Radar,1,15,39,0,55,0,0,26,2,28,1,15,65,2,83,4,0,4,87
11/09/2019,ILG,DE,AEA,EN,Towers with Radar,1,12,26,0,39,0,0,47,0,47,1,12,73,0,86,16,0,16,102
11/10/2019,ILG,DE,AEA,EN,Towers with Radar,0,22,44,0,66,0,4,53,0,57,0,26,97,0,123,68,0,68,191
11/11/2019,ILG,DE,AEA,EN,Towers with Radar,0,18,31,0,49,0,1,48,0,49,0,19,79,0,98,69,0,69,167
11/12/2019,ILG,DE,AEA,EN,Towers with Radar,0,12,23,2,37,0,1,7,18,26,0,13,30,20,63,2,2,4,67
11/13/2019,ILG,DE,AEA,EN,Towers with Radar,0,11,29,9,49,0,1,47,14,62,0,12,76,23,111,48,29,77,188
11/14/2019,ILG,DE,AEA,EN,Towers with Radar,0,20,36,10,66,0,0,62,20,82,0,20,98,30,148,61,23,84,232
11/15/2019,ILG,DE,AEA,EN,Towers with Radar,0,8,30,5,43,0,2,58,2,62,0,10,88,7,105,28,22,50,155
11/16/2019,ILG,DE,AEA,EN,Towers with Radar,0,10,12,0,22,0,0,17,0,17,0,10,29,0,39,30,0,30,69
11/17/2019,ILG,DE,AEA,EN,Towers with Radar,0,7,12,0,19,0,0,13,0,13,0,7,25,0,32,10,0,10,42
11/18/2019,ILG,DE,AEA,EN,Towers with Radar,0,20,28,2,50,0,0,7,0,7,0,20,35,2,57,10,0,10,67
11/19/2019,ILG,DE,AEA,EN,Towers with Radar,0,12,39,6,57,0,0,56,11,67,0,12,95,17,124,49,8,57,181
11/20/2019,ILG,DE,AEA,EN,Towers with Radar,0,17,23,6,46,0,0,33,11,44,0,17,56,17,90,28,16,44,134
11/21/2019,ILG,DE,AEA,EN,Towers with Radar,0,11,37,4,52,0,4,80,15,99,0,15,117,19,151,61,22,83,234
11/22/2019,ILG,DE,AEA,EN,Towers with Radar,0,18,35,0,53,0,0,32,0,32,0,18,67,0,85,0,0,0,85
11/23/2019,ILG,DE,AEA,EN,Towers with Radar,0,8,30,0,38,0,0,37,0,37,0,8,67,0,75,12,0,12,87
11/24/2019,ILG,DE,AEA,EN,Towers with Radar,0,5,13,0,18,0,2,8,0,10,0,7,21,0,28,0,0,0,28
11/25/2019,ILG,DE,AEA,EN,Towers with Radar,0,11,30,1,42,0,0,48,2,50,0,11,78,3,92,61,6,67,159
11/26/2019,ILG,DE,AEA,EN,Towers with Radar,0,12,37,8,57,0,1,62,12,75,0,13,99,20,132,47,29,76,208
11/27/2019,ILG,DE,AEA,EN,Towers with Radar,0,10,29,0,39,0,2,19,4,25,0,12,48,4,64,3,5,8,72
11/28/2019,ILG,DE,AEA,EN,Towers with Radar,0,3,4,0,7,0,0,3,0,3,0,3,7,0,10,0,0,0,10
11/29/2019,ILG,DE,AEA,EN,Towers with Radar,0,5,27,0,32,0,1,38,0,39,0,6,65,0,71,64,0,64,135
11/30/2019,ILG,DE,AEA,EN,Towers with Radar,0,7,26,0,33,0,0,41,0,41,0,7,67,0,74,2,0,2,76
12/01/2019,ILG,DE,AEA,EN,Towers with Radar,0,20,18,0,38,0,0,0,0,0,0,20,18,0,38,0,0,0,38
12/02/2019,ILG,DE,AEA,EN,Towers with Radar,0,13,25,0,38,0,0,1,0,1,0,13,26,0,39,0,0,0,39
12/03/2019,ILG,DE,AEA,EN,Towers with Radar,0,9,26,4,39,0,0,26,24,50,0,9,52,28,89,24,9,33,122
12/04/2019,ILG,DE,AEA,EN,Towers with Radar,0,15,26,0,41,0,0,28,2,30,0,15,54,2,71,34,2,36,107
12/05/2019,ILG,DE,AEA,EN,Towers with Radar,0,4,25,7,36,0,0,29,16,45,0,4,54,23,81,4,10,14,95
12/06/2019,ILG,DE,AEA,EN,Towers with Radar,0,4,16,0,20,0,1,37,0,38,0,5,53,0,58,44,0,44,102
12/07/2019,ILG,DE,AEA,EN,Towers with Radar,0,11,17,2,30,0,0,50,4,54,0,11,67,6,84,71,6,77,161
12/08/2019,ILG,DE,AEA,EN,Towers with Radar,0,11,13,0,24,0,0,40,0,40,0,11,53,0,64,25,0,25,89
12/09/2019,ILG,DE,AEA,EN,Towers with Radar,0,8,24,0,32,0,0,0,0,0,0,8,24,0,32,0,0,0,32
12/10/2019,ILG,DE,AEA,EN,Towers with Radar,0,10,47,4,61,0,0,5,5,10,0,10,52,9,71,0,12,12,83
12/11/2019,ILG,DE,AEA,EN,Towers with Radar,0,9,34,3,46,0,1,19,7,27,0,10,53,10,73,64,22,86,159
12/12/2019,ILG,DE,AEA,EN,Towers with Radar,0,15,34,5,54,0,1,43,18,62,0,16,77,23,116,81,10,91,207
12/13/2019,ILG,DE,AEA,EN,Towers with Radar,0,13,22,0,35,0,0,4,2,6,0,13,26,2,41,0,0,0,41
12/14/2019,ILG,DE,AEA,EN,Towers with Radar,0,8,13,0,21,0,0,0,0,0,0,8,13,0,21,0,0,0,21
12/15/2019,ILG,DE,AEA,EN,Towers with Radar,0,14,17,0,31,0,0,37,0,37,0,14,54,0,68,35,0,35,103
12/16/2019,ILG,DE,AEA,EN,Towers with Radar,0,9,24,0,33,0,0,0,0,0,0,9,24,0,33,0,0,0,33
12/17/2019,ILG,DE,AEA,EN,Towers with Radar,0,15,26,4,45,0,0,0,0,0,0,15,26,4,45,0,2,2,47
12/18/2019,ILG,DE,AEA,EN,Towers with Radar,0,14,29,5,48,0,5,32,12,49,0,19,61,17,97,36,60,96,193
12/19/2019,ILG,DE,AEA,EN,Towers with Radar,0,7,43,2,52,0,1,34,13,48,0,8,77,15,100,21,0,21,121
12/20/2019,ILG,DE,AEA,EN,Towers with Radar,0,12,42,2,56,0,0,56,1,57,0,12,98,3,113,56,2,58,171
12/21/2019,ILG,DE,AEA,EN,Towers with Radar,0,14,28,0,42,0,1,40,0,41,0,15,68,0,83,35,0,35,118
12/22/2019,ILG,DE,AEA,EN,Towers with Radar,0,7,20,0,27,0,0,37,0,37,0,7,57,0,64,66,0,66,130
12/23/2019,ILG,DE,AEA,EN,Towers with Radar,0,8,22,3,33,0,0,36,7,43,0,8,58,10,76,14,4,18,94
12/24/2019,ILG,DE,AEA,EN,Towers with Radar,0,4,8,0,12,0,0,19,0,19,0,4,27,0,31,50,0,50,81
12/25/2019,ILG,DE,AEA,EN,Towers with Radar,0,2,4,0,6,0,0,4,0,4,0,2,8,0,10,0,0,0,10
12/26/2019,ILG,DE,AEA,EN,Towers with Radar,0,14,19,0,33,0,0,33,4,37,0,14,52,4,70,49,2,51,121
12/27/2019,ILG,DE,AEA,EN,Towers with Radar,0,16,27,1,44,0,0,14,2,16,0,16,41,3,60,33,4,37,97
12/28/2019,ILG,DE,AEA,EN,Towers with Radar,0,9,28,0,37,0,1,58,0,59,0,10,86,0,96,94,0,94,190
12/29/2019,ILG,DE,AEA,EN,Towers with Radar,0,7,10,0,17,0,6,1,0,7,0,13,11,0,24,0,0,0,24
12/30/2019,ILG,DE,AEA,EN,Towers with Radar,0,10,14,0,24,0,0,0,0,0,0,10,14,0,24,0,0,0,24
12/31/2019,ILG,DE,AEA,EN,Towers with Radar,0,7,13,0,20,0,0,14,0,14,0,7,27,0,34,70,0,70,104
01/01/2020,ILG,DE,AEA,EN,Towers with Radar,0,6,9,0,15,0,0,13,0,13,0,6,22,0,28,76,0,76,104
01/02/2020,ILG,DE,AEA,EN,Towers with Radar,0,12,40,4,56,0,2,56,9,67,0,14,96,13,123,18,0,18,141
01/03/2020,ILG,DE,AEA,EN,Towers with Radar,0,12,22,0,34,0,0,0,0,0,0,12,22,0,34,0,0,0,34
01/04/2020,ILG,DE,AEA,EN,Towers with Radar,0,17,23,0,40,0,0,0,0,0,0,17,23,0,40,0,0,0,40
01/05/2020,ILG,DE,AEA,EN,Towers with Radar,0,16,19,0,35,0,0,11,0,11,0,16,30,0,46,15,0,15,61
01/06/2020,ILG,DE,AEA,EN,Towers with Radar,0,9,24,1,34,0,0,45,1,46,0,9,69,2,80,14,6,20,100
01/07/2020,ILG,DE,AEA,EN,Towers with Radar,0,12,25,0,37,0,6,16,8,30,0,18,41,8,67,10,0,10,77
01/08/2020,ILG,DE,AEA,EN,Towers with Radar,0,11,16,4,31,0,0,7,12,19,0,11,23,16,50,3,5,8,58
01/09/2020,ILG,DE,AEA,EN,Towers with Radar,0,4,27,7,38,0,1,44,26,71,0,5,71,33,109,93,14,107,216
01/10/2020,ILG,DE,AEA,EN,Towers with Radar,0,5,21,0,26,0,0,13,4,17,0,5,34,4,43,41,6,47,90
01/11/2020,ILG,DE,AEA,EN,Towers with Radar,0,1,12,0,13,0,0,17,0,17,0,1,29,0,30,16,0,16,46
01/12/2020,ILG,DE,AEA,EN,Towers with Radar,0,2,11,1,14,0,0,19,1,20,0,2,30,2,34,0,0,0,34
01/13/2020,ILG,DE,AEA,EN,Towers with Radar,0,19,37,0,56,0,0,12,1,13,0,19,49,1,69,50,0,50,119
01/14/2020,ILG,DE,AEA,EN,Towers with Radar,0,8,28,8,44,0,0,0,0,0,0,8,28,8,44,0,0,0,44
01/15/2020,ILG,DE,AEA,EN,Towers with Radar,0,10,37,6,53,0,0,80,10,90,0,10,117,16,143,77,6,83,226
01/16/2020,ILG,DE,AEA,EN,Towers with Radar,0,14,30,4,48,0,14,9,14,37,0,28,39,18,85,2,11,13,98
01/17/2020,ILG,DE,AEA,EN,Towers with Radar,0,15,28,1,44,0,0,18,3,21,0,15,46,4,65,56,0,56,121
01/18/2020,ILG,DE,AEA,EN,Towers with Radar,0,5,3,0,8,0,0,4,0,4,0,5,7,0,12,32,0,32,44
01/19/2020,ILG,DE,AEA,EN,Towers with Radar,0,3,17,0,20,0,4,15,0,19,0,7,32,0,39,23,0,23,62
01/20/2020,ILG,DE,AEA,EN,Towers with Radar,0,11,33,0,44,0,2,30,0,32,0,13,63,0,76,38,0,38,114
01/21/2020,ILG,DE,AEA,EN,Towers with Radar,0,6,23,3,32,0,1,31,14,46,0,7,54,17,78,20,6,26,104
01/22/2020,ILG,DE,AEA,EN,Towers with Radar,0,10,35,16,61,0,2,40,19,61,0,12,75,35,122,35,25,60,182
01/23/2020,ILG,DE,AEA,EN,Towers with Radar,0,4,22,5,31,0,0,31,18,49,0,4,53,23,80,19,6,25,105
01/24/2020,ILG,DE,AEA,EN,Towers with Radar,0,8,24,2,34,0,0,43,11,54,0,8,67,13,88,28,6,34,122
01/25/2020,ILG,DE,AEA,EN,Towers with Radar,0,8,13,0,21,0,0,0,0,0,0,8,13,0,21,0,0,0,21
01/26/2020,ILG,DE,AEA,EN,Towers with Radar,0,13,14,1,28,0,1,43,0,44,0,14,57,1,72,35,0,35,107
01/27/2020,ILG,DE,AEA,EN,Towers with Radar,0,8,18,0,26,0,0,23,0,23,0,8,41,0,49,4,0,4,53
01/28/2020,ILG,DE,AEA,EN,Towers with Radar,0,23,15,0,38,0,8,21,18,47,0,31,36,18,85,22,4,26,111
01/29/2020,ILG,DE,AEA,EN,Towers with Radar,0,12,25,8,45,0,0,39,15,54,0,12,64,23,99,20,5,25,124
01/30/2020,ILG,DE,AEA,EN,Towers with Radar,0,16,23,7,46,0,3,28,7,38,0,19,51,14,84,21,26,47,131
01/31/2020,ILG,DE,AEA,EN,Towers with Radar,0,9,31,2,42,0,2,40,5,47,0,11,71,7,89,39,4,43,132
02/01/2020,ILG,DE,AEA,EN,Towers with Radar,0,2,7,0,9,0,0,0,0,0,0,2,7,0,9,10,0,10,19
02/02/2020,ILG,DE,AEA,EN,Towers with Radar,0,4,15,0,19,0,0,26,0,26,0,4,41,0,45,36,0,36,81
02/03/2020,ILG,DE,AEA,EN,Towers with Radar,0,9,31,6,46,0,1,44,3,48,0,10,75,9,94,10,2,12,106
02/04/2020,ILG,DE,AEA,EN,Towers with Radar,0,8,21,4,33,0,0,24,13,37,0,8,45,17,70,44,24,68,138
02/05/2020,ILG,DE,AEA,EN,Towers with Radar,0,9,16,5,30,0,1,8,21,30,0,10,24,26,60,7,54,61,121
02/06/2020,ILG,DE,AEA,EN,Towers with Radar,0,11,25,0,36,0,0,0,0,0,0,11,25,0,36,0,0,0,36
02/07/2020,ILG,DE,AEA,EN,Towers with Radar,0,6,23,0,29,0,0,4,0,4,0,6,27,0,33,0,0,0,33
02/08/2020,ILG,DE,AEA,EN,Towers with Radar,0,9,14,0,23,0,4,27,6,37,0,13,41,6,60,28,6,34,94
02/09/2020,ILG,DE,AEA,EN,Towers with Radar,0,7,19,1,27,0,0,48,1,49,0,7,67,2,76,34,0,34,110
02/10/2020,ILG,DE,AEA,EN,Towers with Radar,0,15,15,0,30,0,0,4,0,4,0,15,19,0,34,9,0,9,43
02/11/2020,ILG,DE,AEA,EN,Towers with Radar,0,17,32,8,57,0,0,6,15,21,0,17,38,23,78,0,10,10,88
02/12/2020,ILG,DE,AEA,EN,Towers with Radar,0,21,32,5,58,0,2,45,20,67,0,23,77,25,125,2,4,6,131
02/13/2020,ILG,DE,AEA,EN,Towers with Radar,0,11,24,7,42,0,0,6,4,10,0,11,30,11,52,3,4,7,59
02/14/2020,ILG,DE,AEA,EN,Towers with Radar,0,21,20,0,41,0,0,17,4,21,0,21,37,4,62,0,0,0,62
02/15/2020,ILG,DE,AEA,EN,Towers with Radar,0,8,18,0,26,0,0,51,0,51,0,8,69,0,77,24,0,24,101
02/16/2020,ILG,DE,AEA,EN,Towers with Radar,0,9,23,0,32,0,0,53,0,53,0,9,76,0,85,101,0,101,186
02/17/2020,ILG,DE,AEA,EN,Towers with Radar,0,10,21,0,31,0,1,39,0,40,0,11,60,0,71,34,0,34,105
02/18/2020,ILG,DE,AEA,EN,Towers with Radar,0,14,30,9,53,0,1,14,9,24,0,15,44,18,77,18,4,22,99
02/19/2020,ILG,DE,AEA,EN,Towers with Radar,0,5,23,8,36,0,2,30,15,47,0,7,53,23,83,10,35,45,128
02/20/2020,ILG,DE,AEA,EN,Towers with Radar,0,5,18,6,29,0,1,32,21,54,0,6,50,27,83,24,13,37,120
02/21/2020,ILG,DE,AEA,EN,Towers with Radar,0,7,28,3,38,0,0,33,7,40,0,7,61,10,78,16,0,16,94
02/22/2020,ILG,DE,AEA,EN,Towers with Radar,0,6,23,0,29,0,0,5,0,5,0,6,28,0,34,0,0,0,34
02/23/2020,ILG,DE,AEA,EN,Towers with Radar,0,9,19,0,28,0,0,54,0,54,0,9,73,0,82,98,0,98,180
02/24/2020,ILG,DE,AEA,EN,Towers with Radar,0,4,28,1,33,0,1,56,0,57,0,5,84,1,90,34,0,34,124
02/25/2020,ILG,DE,AEA,EN,Towers with Radar,0,13,26,5,44,0,0,0,0,0,0,13,26,5,44,0,0,0,44
02/26/2020,ILG,DE,AEA,EN,Towers with Radar,0,5,29,3,37,0,0,0,0,0,0,5,29,3,37,0,0,0,37
02/27/2020,ILG,DE,AEA,EN,Towers with Radar,0,8,12,6,26,0,0,2,8,10,0,8,14,14,36,0,2,2,38
02/28/2020,ILG,DE,AEA,EN,Towers with Radar,0,8,30,5,43,0,0,36,4,40,0,8,66,9,83,2,0,2,85
02/29/2020,ILG,DE,AEA,EN,Towers with Radar,0,6,7,1,14,0,0,14,3,17,0,6,21,4,31,0,9,9,40
03/01/2020,ILG,DE,AEA,EN,Towers with Radar,0,4,21,0,25,0,0,72,0,72,0,4,93,0,97,36,0,36,133
03/02/2020,ILG,DE,AEA,EN,Towers with Radar,0,9,24,3,36,0,0,27,3,30,0,9,51,6,66,28,16,44,110
03/03/2020,ILG,DE,AEA,EN,Towers with Radar,0,16,25,8,49,0,0,12,10,22,0,16,37,18,71,32,6,38,109
03/04/2020,ILG,DE,AEA,EN,Towers with Radar,0,10,23,7,40,0,6,48,20,74,0,16,71,27,114,22,18,40,154
03/05/2020,ILG,DE,AEA,EN,Towers with Radar,0,10,30,12,52,0,3,66,10,79,0,13,96,22,131,50,1,51,182
03/06/2020,ILG,DE,AEA,EN,Towers with Radar,0,9,16,0,25,0,0,5,6,11,0,9,21,6,36,8,0,8,44
03/07/2020,ILG,DE,AEA,EN,Towers with Radar,0,4,13,0,17,0,0,13,0,13,0,4,26,0,30,10,0,10,40
03/08/2020,ILG,DE,AEA,EN,Towers with Radar,0,4,19,1,24,0,2,50,4,56,0,6,69,5,80,80,11,91,171
03/09/2020,ILG,DE,AEA,EN,Towers with Radar,0,9,21,0,30,0,0,48,0,48,0,9,69,0,78,24,0,24,102
03/10/2020,ILG,DE,AEA,EN,Towers with Radar,0,7,17,3,27,0,4,17,16,37,0,11,34,19,64,4,9,13,77
03/11/2020,ILG,DE,AEA,EN,Towers with Radar,0,5,18,0,23,0,2,52,12,66,0,7,70,12,89,56,4,60,149
03/12/2020,ILG,DE,AEA,EN,Towers with Radar,0,3,22,7,32,0,0,38,4,42,0,3,60,11,74,20,0,20,94
03/13/2020,ILG,DE,AEA,EN,Towers with Radar,0,8,21,2,31,0,0,5,0,5,0,8,26,2,36,0,0,0,36
03/14/2020,ILG,DE,AEA,EN,Towers with Radar,0,13,16,0,29,0,8,45,0,53,0,21,61,0,82,34,0,34,116
03/15/2020,ILG,DE,AEA,EN,Towers with Radar,0,13,21,0,34,0,0,45,0,45,0,13,66,0,79,67,0,67,146
03/16/2020,ILG,DE,AEA,EN,Towers with Radar,0,14,19,0,33,0,0,22,1,23,0,14,41,1,56,20,0,20,76
03/17/2020,ILG,DE,AEA,EN,Towers with Radar,0,8,10,2,20,0,0,13,11,24,0,8,23,13,44,18,0,18,62
03/18/2020,ILG,DE,AEA,EN,Towers with Radar,0,5,35,3,43,0,1,71,9,81,0,6,106,12,124,60,32,92,216
03/19/2020,ILG,DE,AEA,EN,Towers with Radar,0,8,25,0,33,0,0,0,5,5,0,8,25,5,38,0,58,58,96
03/20/2020,ILG,DE,AEA,EN,Towers with Radar,0,12,4,1,17,0,2,15,3,20,0,14,19,4,37,0,8,8,45
03/21/2020,ILG,DE,AEA,EN,Towers with Radar,0,5,14,0,19,0,0,35,0,35,0,5,49,0,54,36,2,38,92
03/22/2020,ILG,DE,AEA,EN,Towers with Radar,0,9,13,0,22,0,1,44,0,45,0,10,57,0,67,24,0,24,91
03/23/2020,ILG,DE,AEA,EN,Towers with Radar,0,4,5,0,9,0,0,0,0,0,0,4,5,0,9,0,0,0,9
03/24/2020,ILG,DE,AEA,EN,Towers with Radar,0,4,12,8,24,0,0,40,2,42,0,4,52,10,66,102,6,108,174
03/25/2020,ILG,DE,AEA,EN,Towers with Radar,0,5,4,0,9,0,1,0,0,1,0,6,4,0,10,0,0,0,10
03/26/2020,ILG,DE,AEA,EN,Towers with Radar,0,6,18,0,24,0,1,49,10,60,0,7,67,10,84,68,38,106,190
03/27/2020,ILG,DE,AEA,EN,Towers with Radar,0,3,10,0,13,0,0,26,0,26,0,3,36,0,39,13,0,13,52
03/28/2020,ILG,DE,AEA,EN,Towers with Radar,0,2,12,0,14,0,0,0,0,0,0,2,12,0,14,0,0,0,14
03/29/2020,ILG,DE,AEA,EN,Towers with Radar,0,0,8,0,8,0,0,0,0,0,0,0,8,0,8,0,0,0,8
03/30/2020,ILG,DE,AEA,EN,Towers with Radar,0,4,10,0,14,0,0,12,0,12,0,4,22,0,26,18,0,18,44
03/31/2020,ILG,DE,AEA,EN,Towers with Radar,0,4,7,4,15,0,0,4,6,10,0,4,11,10,25,4,0,4,29
04/01/2020,ILG,DE,AEA,EN,Towers with Radar,0,0,5,5,10,0,0,23,9,32,0,0,28,14,42,22,4,26,68
04/02/2020,ILG,DE,AEA,EN,Towers with Radar,0,6,9,2,17,0,0,4,1,5,0,6,13,3,22,0,2,2,24
04/03/2020,ILG,DE,AEA,EN,Towers with Radar,0,3,9,3,15,0,1,3,6,10,0,4,12,9,25,2,3,5,30
04/04/2020,ILG,DE,AEA,EN,Towers with Radar,0,0,19,0,19,0,1,7,0,8,0,1,26,0,27,37,0,37,64
04/05/2020,ILG,DE,AEA,EN,Towers with Radar,0,3,15,0,18,0,0,52,0,52,0,3,67,0,70,10,0,10,80
04/06/2020,ILG,DE,AEA,EN,Towers with Radar,0,0,18,0,18,0,2,40,0,42,0,2,58,0,60,32,0,32,92
04/07/2020,ILG,DE,AEA,EN,Towers with Radar,0,2,12,2,16,0,2,20,8,30,0,4,32,10,46,5,0,5,51
04/08/2020,ILG,DE,AEA,EN,Towers with Radar,0,0,8,9,17,0,1,33,8,42,0,1,41,17,59,28,12,40,99
04/09/2020,ILG,DE,AEA,EN,Towers with Radar,0,0,5,1,6,0,0,5,0,5,0,0,10,1,11,2,0,2,13
04/10/2020,ILG,DE,AEA,EN,Towers with Radar,0,1,5,0,6,0,0,5,0,5,0,1,10,0,11,0,0,0,11
04/11/2020,ILG,DE,AEA,EN,Towers with Radar,0,2,10,2,14,0,0,35,0,35,0,2,45,2,49,7,0,7,56
04/12/2020,ILG,DE,AEA,EN,Towers with Radar,0,0,9,0,9,0,0,31,0,31,0,0,40,0,40,40,0,40,80
04/13/2020,ILG,DE,AEA,EN,Towers with Radar,0,2,2,2,6,0,0,0,0,0,0,2,2,2,6,4,0,4,10
04/14/2020,ILG,DE,AEA,EN,Towers with Radar,0,3,12,3,18,0,0,30,8,38,0,3,42,11,56,39,0,39,95
04/15/2020,ILG,DE,AEA,EN,Towers with Radar,0,2,5,2,9,0,0,9,13,22,0,2,14,15,31,12,10,22,53
04/16/2020,ILG,DE,AEA,EN,Towers with Radar,0,0,5,2,7,0,1,20,4,25,0,1,25,6,32,0,0,0,32
04/17/2020,ILG,DE,AEA,EN,Towers with Radar,0,1,5,2,8,0,1,26,1,28,0,2,31,3,36,12,0,12,48
04/18/2020,ILG,DE,AEA,EN,Towers with Radar,0,3,11,0,14,0,2,13,0,15,0,5,24,0,29,8,0,8,37
04/19/2020,ILG,DE,AEA,EN,Towers with Radar,0,1,14,0,15,0,0,60,0,60,0,1,74,0,75,10,0,10,85
04/20/2020,ILG,DE,AEA,EN,Towers with Radar,0,4,10,2,16,0,0,24,0,24,0,4,34,2,40,46,0,46,86
04/21/2020,ILG,DE,AEA,EN,Towers with Radar,0,1,7,3,11,0,1,9,8,18,0,2,16,11,29,0,14,14,43
04/22/2020,ILG,DE,AEA,EN,Towers with Radar,0,0,15,5,20,0,0,28,10,38,0,0,43,15,58,4,10,14,72
04/23/2020,ILG,DE,AEA,EN,Towers with Radar,0,2,5,8,15,0,4,28,6,38,0,6,33,14,53,36,4,40,93
04/24/2020,ILG,DE,AEA,EN,Towers with Radar,0,2,11,4,17,0,0,0,0,0,0,2,11,4,17,0,0,0,17
04/25/2020,ILG,DE,AEA,EN,Towers with Radar,0,2,21,0,23,0,2,63,0,65,0,4,84,0,88,51,0,51,139
04/26/2020,ILG,DE,AEA,EN,Towers with Radar,0,3,8,2,13,0,0,0,0,0,0,3,8,2,13,0,0,0,13
04/27/2020,ILG,DE,AEA,EN,Towers with Radar,0,0,6,7,13,0,0,7,0,7,0,0,13,7,20,8,0,8,28
04/28/2020,ILG,DE,AEA,EN,Towers with Radar,0,2,10,6,18,0,0,58,11,69,0,2,68,17,87,30,54,84,171
04/29/2020,ILG,DE,AEA,EN,Towers with Radar,0,2,13,7,22,0,0,15,10,25,0,2,28,17,47,0,28,28,75
04/30/2020,ILG,DE,AEA,EN,Towers with Radar,0,3,2,0,5,0,1,2,0,3,0,4,4,0,8,0,0,0,8
05/01/2020,ILG,DE,AEA,EN,Towers with Radar,0,1,4,0,5,0,0,13,0,13,0,1,17,0,18,14,0,14,32
05/02/2020,ILG,DE,AEA,EN,Towers with Radar,0,2,11,0,13,0,1,59,0,60,0,3,70,0,73,46,0,46,119
05/03/2020,ILG,DE,AEA,EN,Towers with Radar,0,0,12,0,12,0,0,20,0,20,0,0,32,0,32,12,0,12,44
05/04/2020,ILG,DE,AEA,EN,Towers with Radar,0,2,7,0,9,0,1,10,0,11,0,3,17,0,20,6,0,6,26
05/05/2020,ILG,DE,AEA,EN,Towers with Radar,0,3,18,3,24,0,0,50,11,61,0,3,68,14,85,49,24,73,158
05/06/2020,ILG,DE,AEA,EN,Towers with Radar,0,7,12,4,23,0,0,9,6,15,0,7,21,10,38,37,18,55,93
05/07/2020,ILG,DE,AEA,EN,Towers with Radar,0,5,22,4,31,0,3,40,26,69,0,8,62,30,100,60,20,80,180
05/08/2020,ILG,DE,AEA,EN,Towers with Radar,0,2,17,0,19,0,1,17,0,18,0,3,34,0,37,49,0,49,86
05/09/2020,ILG,DE,AEA,EN,Towers with Radar,0,3,3,0,6,0,0,5,0,5,0,3,8,0,11,4,0,4,15
05/10/2020,ILG,DE,AEA,EN,Towers with Radar,0,2,11,0,13,0,0,21,0,21,0,2,32,0,34,6,0,6,40
05/11/2020,ILG,DE,AEA,EN,Towers with Radar,0,4,11,3,18,0,0,13,2,15,0,4,24,5,33,0,0,0,33
05/12/2020,ILG,DE,AEA,EN,Towers with Radar,0,9,19,3,31,0,0,25,13,38,0,9,44,16,69,57,14,71,140
05/13/2020,ILG,DE,AEA,EN,Towers with Radar,0,8,23,3,34,0,0,94,17,111,0,8,117,20,145,62,11,73,218
05/14/2020,ILG,DE,AEA,EN,Towers with Radar,0,5,14,7,26,0,0,49,31,80,0,5,63,38,106,78,42,120,226
05/15/2020,ILG,DE,AEA,EN,Towers with Radar,0,2,9,0,11,0,0,32,0,32,0,2,41,0,43,12,0,12,55
05/16/2020,ILG,DE,AEA,EN,Towers with Radar,0,2,11,7,20,0,1,46,3,50,0,3,57,10,70,14,24,38,108
05/17/2020,ILG,DE,AEA,EN,Towers with Radar,0,1,16,0,17,0,1,25,0,26,0,2,41,0,43,6,0,6,49
05/18/2020,ILG,DE,AEA,EN,Towers with Radar,0,0,20,4,24,0,0,11,5,16,0,0,31,9,40,16,16,32,72
05/19/2020,ILG,DE,AEA,EN,Towers with Radar,0,3,15,12,30,0,0,19,17,36,0,3,34,29,66,2,11,13,79
05/20/2020,ILG,DE,AEA,EN,Towers with Radar,0,4,15,5,24,0,0,15,15,30,0,4,30,20,54,23,8,31,85
05/21/2020,ILG,DE,AEA,EN,Towers with Radar,0,6,32,11,49,0,0,57,18,75,0,6,89,29,124,100,17,117,241
05/22/2020,ILG,DE,AEA,EN,Towers with Radar,0,3,39,0,42,0,0,1,0,1,0,3,40,0,43,0,0,0,43
05/23/2020,ILG,DE,AEA,EN,Towers with Radar,0,7,7,0,14,0,0,10,0,10,0,7,17,0,24,33,0,33,57
05/24/2020,ILG,DE,AEA,EN,Towers with Radar,0,3,12,0,15,0,2,10,0,12,0,5,22,0,27,17,0,17,44
05/25/2020,ILG,DE,AEA,EN,Towers with Radar,0,5,22,0,27,0,0,16,2,18,0,5,38,2,45,3,0,3,48
05/26/2020,ILG,DE,AEA,EN,Towers with Radar,0,7,23,4,34,0,1,36,15,52,0,8,59,19,86,76,7,83,169
05/27/2020,ILG,DE,AEA,EN,Towers with Radar,0,7,7,7,21,0,3,25,15,43,0,10,32,22,64,5,16,21,85
05/28/2020,ILG,DE,AEA,EN,Towers with Radar,0,7,23,8,38,0,0,1,16,17,0,7,24,24,55,0,56,56,111
05/29/2020,ILG,DE,AEA,EN,Towers with Radar,0,5,32,1,38,0,0,6,0,6,0,5,38,1,44,30,0,30,74
05/30/2020,ILG,DE,AEA,EN,Towers with Radar,0,2,8,0,10,0,0,45,0,45,0,2,53,0,55,26,0,26,81
05/31/2020,ILG,DE,AEA,EN,Towers with Radar,0,4,20,0,24,0,0,50,0,50,0,4,70,0,74,22,0,22,96
06/01/2020,ILG,DE,AEA,EN,Towers with Radar,0,12,17,3,32,0,0,19,0,19,0,12,36,3,51,8,0,8,59
06/02/2020,ILG,DE,AEA,EN,Towers with Radar,0,4,26,12,42,0,0,24,14,38,0,4,50,26,80,4,34,38,118
06/03/2020,ILG,DE,AEA,EN,Towers with Radar,0,8,17,6,31,0,2,25,10,37,0,10,42,16,68,7,19,26,94
06/04/2020,ILG,DE,AEA,EN,Towers with Radar,0,3,18,6,27,0,0,38,11,49,0,3,56,17,76,37,12,49,125
06/05/2020,ILG,DE,AEA,EN,Towers with Radar,0,8,17,2,27,0,0,19,10,29,0,8,36,12,56,16,0,16,72
06/06/2020,ILG,DE,AEA,EN,Towers with Radar,0,9,20,3,32,0,0,18,18,36,0,9,38,21,68,24,10,34,102
06/07/2020,ILG,DE,AEA,EN,Towers with Radar,0,2,12,0,14,0,0,38,0,38,0,2,50,0,52,32,0,32,84
06/08/2020,ILG,DE,AEA,EN,Towers with Radar,0,9,21,4,34,0,1,16,1,18,0,10,37,5,52,30,6,36,88
06/09/2020,ILG,DE,AEA,EN,Towers with Radar,0,9,25,6,40,0,0,44,9,53,0,9,69,15,93,39,13,52,145
06/10/2020,ILG,DE,AEA,EN,Towers with Radar,0,6,20,6,32,0,0,31,15,46,0,6,51,21,78,9,58,67,145
06/11/2020,ILG,DE,AEA,EN,Towers with Radar,0,15,37,5,57,0,0,9,2,11,0,15,46,7,68,0,4,4,72
06/12/2020,ILG,DE,AEA,EN,Towers with Radar,0,11,27,2,40,0,0,36,3,39,0,11,63,5,79,11,3,14,93
06/13/2020,ILG,DE,AEA,EN,Towers with Radar,0,3,15,0,18,0,0,34,14,48,0,3,49,14,66,16,5,21,87
06/14/2020,ILG,DE,AEA,EN,Towers with Radar,0,7,15,0,22,0,0,32,0,32,0,7,47,0,54,20,0,20,74
06/15/2020,ILG,DE,AEA,EN,Towers with Radar,0,7,21,1,29,0,0,41,0,41,0,7,62,1,70,30,0,30,100
06/16/2020,ILG,DE,AEA,EN,Towers with Radar,0,8,13,6,27,0,2,25,27,54,0,10,38,33,81,22,34,56,137
06/17/2020,ILG,DE,AEA,EN,Towers with Radar,0,6,29,10,45,0,2,20,2,24,0,8,49,12,69,22,46,68,137
06/18/2020,ILG,DE,AEA,EN,Towers with Radar,0,8,26,6,40,0,0,20,2,22,0,8,46,8,62,30,14,44,106
06/19/2020,ILG,DE,AEA,EN,Towers with Radar,0,7,13,0,20,0,0,32,0,32,0,7,45,0,52,18,0,18,70
06/20/2020,ILG,DE,AEA,EN,Towers with Radar,0,1,22,0,23,0,0,16,0,16,0,1,38,0,39,32,0,32,71
06/21/2020,ILG,DE,AEA,EN,Towers with Radar,0,7,20,0,27,0,0,14,1,15,0,7,34,1,42,2,0,2,44
06/22/2020,ILG,DE,AEA,EN,Towers with Radar,0,7,25,2,34,0,0,16,0,16,0,7,41,2,50,9,0,9,59
06/23/2020,ILG,DE,AEA,EN,Towers with Radar,0,7,16,9,32,0,0,30,9,39,0,7,46,18,71,65,30,95,166
06/24/2020,ILG,DE,AEA,EN,Towers with Radar,0,4,10,6,20,0,0,23,10,33,0,4,33,16,53,42,14,56,109
06/25/2020,ILG,DE,AEA,EN,Towers with Radar,0,9,22,5,36,0,0,46,22,68,0,9,68,27,104,46,43,89,193
06/26/2020,ILG,DE,AEA,EN,Towers with Radar,0,2,16,0,18,0,0,45,6,51,0,2,61,6,69,39,9,48,117
06/27/2020,ILG,DE,AEA,EN,Towers with Radar,0,5,13,0,18,0,0,16,7,23,0,5,29,7,41,44,0,44,85
06/28/2020,ILG,DE,AEA,EN,Towers with Radar,0,1,17,0,18,0,0,34,0,34,0,1,51,0,52,16,0,16,68
06/29/2020,ILG,DE,AEA,EN,Towers with Radar,0,7,13,0,20,0,1,18,0,19,0,8,31,0,39,44,0,44,83
06/30/2020,ILG,DE,AEA,EN,Towers with Radar,0,14,32,9,55,0,1,52,20,73,0,15,84,29,128,52,25,77,205
07/01/2020,ILG,DE,AEA,EN,Towers with Radar,0,11,22,5,38,0,0,16,6,22,0,11,38,11,60,22,12,34,94
07/02/2020,ILG,DE,AEA,EN,Towers with Radar,0,14,16,2,32,0,0,48,11,59,0,14,64,13,91,43,4,47,138
07/03/2020,ILG,DE,AEA,EN,Towers with Radar,0,3,23,0,26,0,0,28,0,28,0,3,51,0,54,34,0,34,88
07/04/2020,ILG,DE,AEA,EN,Towers with Radar,0,1,7,0,8,0,0,12,0,12,0,1,19,0,20,31,0,31,51
07/05/2020,ILG,DE,AEA,EN,Towers with Radar,0,4,21,1,26,0,0,31,0,31,0,4,52,1,57,22,0,22,79
07/06/2020,ILG,DE,AEA,EN,Towers with Radar,0,7,25,0,32,0,0,16,4,20,0,7,41,4,52,12,6,18,70
07/07/2020,ILG,DE,AEA,EN,Towers with Radar,0,5,18,6,29,0,0,34,15,49,0,5,52,21,78,17,30,47,125
07/08/2020,ILG,DE,AEA,EN,Towers with Radar,0,11,28,6,45,0,0,26,17,43,0,11,54,23,88,31,37,68,156
07/09/2020,ILG,DE,AEA,EN,Towers with Radar,0,13,30,9,52,0,2,30,11,43,0,15,60,20,95,25,29,54,149
07/10/2020,ILG,DE,AEA,EN,Towers with Radar,0,10,7,0,17,0,0,0,0,0,0,10,7,0,17,0,0,0,17
07/11/2020,ILG,DE,AEA,EN,Towers with Radar,0,7,20,2,29,0,0,28,14,42,0,7,48,16,71,29,10,39,110
07/12/2020,ILG,DE,AEA,EN,Towers with Radar,0,5,20,2,27,0,0,32,18,50,0,5,52,20,77,12,10,22,99
07/13/2020,ILG,DE,AEA,EN,Towers with Radar,0,4,19,1,24,0,0,10,0,10,0,4,29,1,34,8,0,8,42
07/14/2020,ILG,DE,AEA,EN,Towers with Radar,0,13,24,0,37,0,0,47,16,63,0,13,71,16,100,52,13,65,165
07/15/2020,ILG,DE,AEA,EN,Towers with Radar,0,5,27,9,41,0,0,45,16,61,0,5,72,25,102,18,41,59,161
07/16/2020,ILG,DE,AEA,EN,Towers with Radar,0,10,13,5,28,0,0,28,16,44,0,10,41,21,72,72,20,92,164
07/17/2020,ILG,DE,AEA,EN,Towers with Radar,0,9,22,6,37,0,1,3,5,9,0,10,25,11,46,10,0,10,56
07/18/2020,ILG,DE,AEA,EN,Towers with Radar,0,3,15,0,18,0,0,42,2,44,0,3,57,2,62,49,0,49,111
07/19/2020,ILG,DE,AEA,EN,Towers with Radar,0,4,19,0,23,0,0,35,0,35,0,4,54,0,58,24,0,24,82
07/20/2020,ILG,DE,AEA,EN,Towers with Radar,0,4,23,3,30,0,0,26,1,27,0,4,49,4,57,8,0,8,65
07/21/2020,ILG,DE,AEA,EN,Towers with Radar,0,7,26,6,39,0,1,23,9,33,0,8,49,15,72,19,0,19,91
07/22/2020,ILG,DE,AEA,EN,Towers with Radar,0,2,21,2,25,0,0,23,2,25,0,2,44,4,50,44,0,44,94
07/23/2020,ILG,DE,AEA,EN,Towers with Radar,0,8,32,8,48,0,1,21,26,48,0,9,53,34,96,51,26,77,173
07/24/2020,ILG,DE,AEA,EN,Towers with Radar,0,3,20,0,23,0,0,7,1,8,0,3,27,1,31,4,0,4,35
07/25/2020,ILG,DE,AEA,EN,Towers with Radar,0,3,5,3,11,0,0,26,8,34,0,3,31,11,45,39,0,39,84
07/26/2020,ILG,DE,AEA,EN,Towers with Radar,0,4,9,0,13,0,5,20,6,31,0,9,29,6,44,30,2,32,76
07/27/2020,ILG,DE,AEA,EN,Towers with Radar,0,3,18,0,21,0,0,29,1,30,0,3,47,1,51,31,0,31,82
07/28/2020,ILG,DE,AEA,EN,Towers with Radar,0,7,21,9,37,0,0,34,19,53,0,7,55,28,90,43,18,61,151
07/29/2020,ILG,DE,AEA,EN,Towers with Radar,0,10,22,4,36,0,0,53,13,66,0,10,75,17,102,53,12,65,167
07/30/2020,ILG,DE,AEA,EN,Towers with Radar,0,11,23,8,42,0,1,31,18,50,0,12,54,26,92,19,34,53,145
07/31/2020,ILG,DE,AEA,EN,Towers with Radar,0,4,20,0,24,0,0,3,0,3,0,4,23,0,27,0,0,0,27
08/01/2020,ILG,DE,AEA,EN,Towers with Radar,0,1,23,0,24,0,0,52,2,54,0,1,75,2,78,42,0,42,120
08/02/2020,ILG,DE,AEA,EN,Towers with Radar,0,2,11,0,13,0,0,5,0,5,0,2,16,0,18,10,0,10,28
08/03/2020,ILG,DE,AEA,EN,Towers with Radar,0,3,25,5,33,0,0,20,0,20,0,3,45,5,53,42,0,42,95
08/04/2020,ILG,DE,AEA,EN,Towers with Radar,0,1,5,0,6,0,1,4,0,5,0,2,9,0,11,0,0,0,11
08/05/2020,ILG,DE,AEA,EN,Towers with Radar,0,2,32,7,41,0,0,44,7,51,0,2,76,14,92,41,0,41,133
08/06/2020,ILG,DE,AEA,EN,Towers with Radar,0,6,18,10,34,0,0,8,7,15,0,6,26,17,49,10,25,35,84
08/07/2020,ILG,DE,AEA,EN,Towers with Radar,0,5,17,3,25,0,0,10,0,10,0,5,27,3,35,22,0,22,57
08/08/2020,ILG,DE,AEA,EN,Towers with Radar,0,5,31,3,39,0,0,24,2,26,0,5,55,5,65,19,7,26,91
08/09/2020,ILG,DE,AEA,EN,Towers with Radar,0,7,28,0,35,0,0,24,2,26,0,7,52,2,61,46,4,50,111
08/10/2020,ILG,DE,AEA,EN,Towers with Radar,0,5,16,2,23,0,0,11,0,11,0,5,27,2,34,12,0,12,46
08/11/2020,ILG,DE,AEA,EN,Towers with Radar,0,14,31,8,53,0,4,34,23,61,0,18,65,31,114,13,32,45,159
08/12/2020,ILG,DE,AEA,EN,Towers with Radar,0,6,17,2,25,0,0,17,9,26,0,6,34,11,51,8,24,32,83
08/13/2020,ILG,DE,AEA,EN,Towers with Radar,0,8,13,9,30,0,0,8,18,26,0,8,21,27,56,8,44,52,108
08/14/2020,ILG,DE,AEA,EN,Towers with Radar,0,11,29,4,44,0,0,9,1,10,0,11,38,5,54,19,0,19,73
08/15/2020,ILG,DE,AEA,EN,Towers with Radar,0,7,23,0,30,0,0,29,3,32,0,7,52,3,62,40,0,40,102
08/16/2020,ILG,DE,AEA,EN,Towers with Radar,0,7,15,0,22,0,0,1,0,1,0,7,16,0,23,0,0,0,23
08/17/2020,ILG,DE,AEA,EN,Towers with Radar,0,6,25,0,31,0,0,33,0,33,0,6,58,0,64,52,0,52,116
08/18/2020,ILG,DE,AEA,EN,Towers with Radar,0,8,19,7,34,0,0,65,25,90,0,8,84,32,124,53,32,85,209
08/19/2020,ILG,DE,AEA,EN,Towers with Radar,0,8,26,5,39,0,3,17,18,38,0,11,43,23,77,36,24,60,137
08/20/2020,ILG,DE,AEA,EN,Towers with Radar,0,6,37,9,52,0,0,46,19,65,0,6,83,28,117,44,19,63,180
08/21/2020,ILG,DE,AEA,EN,Towers with Radar,0,10,39,3,52,0,3,37,5,45,0,13,76,8,97,8,0,8,105
08/22/2020,ILG,DE,AEA,EN,Towers with Radar,0,14,11,0,25,0,0,20,8,28,0,14,31,8,53,25,12,37,90
08/23/2020,ILG,DE,AEA,EN,Towers with Radar,0,5,30,0,35,0,0,4,0,4,0,5,34,0,39,4,0,4,43
08/24/2020,ILG,DE,AEA,EN,Towers with Radar,0,4,12,0,16,0,3,25,2,30,0,7,37,2,46,57,0,57,103
08/25/2020,ILG,DE,AEA,EN,Towers with Radar,0,9,22,8,39,0,0,24,7,31,0,9,46,15,70,49,6,55,125
08/26/2020,ILG,DE,AEA,EN,Towers with Radar,0,7,32,4,43,0,0,51,12,63,0,7,83,16,106,58,20,78,184
08/27/2020,ILG,DE,AEA,EN,Towers with Radar,0,6,23,2,31,0,2,38,4,44,0,8,61,6,75,14,0,14,89
08/28/2020,ILG,DE,AEA,EN,Towers with Radar,0,5,22,2,29,0,0,27,1,28,0,5,49,3,57,46,0,46,103
08/29/2020,ILG,DE,AEA,EN,Towers with Radar,0,3,8,0,11,0,0,0,0,0,0,3,8,0,11,0,0,0,11
08/30/2020,ILG,DE,AEA,EN,Towers with Radar,0,11,19,1,31,0,2,32,0,34,0,13,51,1,65,53,0,53,118
08/31/2020,ILG,DE,AEA,EN,Towers with Radar,0,13,21,0,34,0,2,22,0,24,0,15,43,0,58,81,0,81,139
09/01/2020,ILG,DE,AEA,EN,Towers with Radar,0,8,31,9,48,0,0,17,4,21,0,8,48,13,69,38,12,50,119
09/02/2020,ILG,DE,AEA,EN,Towers with Radar,0,14,22,8,44,0,0,10,7,17,0,14,32,15,61,17,35,52,113
09/03/2020,ILG,DE,AEA,EN,Towers with Radar,0,10,24,1,35,0,2,39,2,43,0,12,63,3,78,61,8,69,147
09/04/2020,ILG,DE,AEA,EN,Towers with Radar,0,3,27,0,30,0,0,55,0,55,0,3,82,0,85,42,0,42,127
09/05/2020,ILG,DE,AEA,EN,Towers with Radar,0,9,15,0,24,0,4,36,0,40,0,13,51,0,64,4,0,4,68
09/06/2020,ILG,DE,AEA,EN,Towers with Radar,0,5,11,0,16,0,1,39,1,41,0,6,50,1,57,14,0,14,71
09/07/2020,ILG,DE,AEA,EN,Towers with Radar,0,7,16,0,23,0,3,32,0,35,0,10,48,0,58,10,0,10,68
09/08/2020,ILG,DE,AEA,EN,Towers with Radar,0,9,37,4,50,0,0,36,10,46,0,9,73,14,96,29,18,47,143
09/09/2020,ILG,DE,AEA,EN,Towers with Radar,0,9,23,11,43,0,0,8,7,15,0,9,31,18,58,12,21,33,91
09/10/2020,ILG,DE,AEA,EN,Towers with Radar,1,4,16,5,26,0,0,0,0,0,1,4,16,5,26,0,0,0,26
09/11/2020,ILG,DE,AEA,EN,Towers with Radar,2,8,34,2,46,0,0,22,6,28,2,8,56,8,74,0,4,4,78
09/12/2020,ILG,DE,AEA,EN,Towers with Radar,0,7,16,2,25,0,0,35,19,54,0,7,51,21,79,25,25,50,129
09/13/2020,ILG,DE,AEA,EN,Towers with Radar,1,4,15,1,21,0,0,24,5,29,1,4,39,6,50,37,0,37,87
09/14/2020,ILG,DE,AEA,EN,Towers with Radar,0,8,22,0,30,0,0,24,2,26,0,8,46,2,56,27,0,27,83
09/15/2020,ILG,DE,AEA,EN,Towers with Radar,0,17,32,12,61,0,3,29,9,41,0,20,61,21,102,2,11,13,115
09/16/2020,ILG,DE,AEA,EN,Towers with Radar,0,9,28,4,41,0,1,40,12,53,0,10,68,16,94,100,4,104,198
09/17/2020,ILG,DE,AEA,EN,Towers with Radar,0,2,27,4,33,0,0,47,7,54,0,2,74,11,87,60,0,60,147
09/18/2020,ILG,DE,AEA,EN,Towers with Radar,0,9,23,3,35,0,1,21,3,25,0,10,44,6,60,2,2,4,64
09/19/2020,ILG,DE,AEA,EN,Towers with Radar,0,6,8,0,14,0,3,41,2,46,0,9,49,2,60,46,0,46,106
09/20/2020,ILG,DE,AEA,EN,Towers with Radar,0,8,17,0,25,0,2,34,0,36,0,10,51,0,61,6,0,6,67
09/21/2020,ILG,DE,AEA,EN,Towers with Radar,0,8,28,0,36,0,3,26,0,29,0,11,54,0,65,21,0,21,86
09/22/2020,ILG,DE,AEA,EN,Towers with Radar,1,8,30,4,43,0,1,52,16,69,1,9,82,20,112,33,6,39,151
09/23/2020,ILG,DE,AEA,EN,Towers with Radar,3,13,25,5,46,0,0,77,8,85,3,13,102,13,131,75,16,91,222
09/24/2020,ILG,DE,AEA,EN,Towers with Radar,0,20,27,6,53,0,3,43,6,52,0,23,70,12,105,83,4,87,192
09/25/2020,ILG,DE,AEA,EN,Towers with Radar,0,7,34,2,43,0,3,18,0,21,0,10,52,2,64,12,0,12,76
09/26/2020,ILG,DE,AEA,EN,Towers with Radar,0,7,24,0,31,0,0,0,0,0,0,7,24,0,31,0,0,0,31
09/27/2020,ILG,DE,AEA,EN,Towers with Radar,0,3,38,0,41,0,0,1,0,1,0,3,39,0,42,2,0,2,44
09/28/2020,ILG,DE,AEA,EN,Towers with Radar,1,7,39,0,47,0,3,15,0,18,1,10,54,0,65,0,0,0,65
09/29/2020,ILG,DE,AEA,EN,Towers with Radar,1,10,23,3,37,0,0,0,1,1,1,10,23,4,38,0,0,0,38
09/30/2020,ILG,DE,AEA,EN,Towers with Radar,1,14,20,1,36,0,0,41,5,46,1,14,61,6,82,25,83,108,190
10/01/2020,ILG,DE,AEA,EN,Towers with Radar,0,11,26,3,40,0,4,47,3,54,0,15,73,6,94,19,24,43,137
10/02/2020,ILG,DE,AEA,EN,Towers with Radar,2,5,26,0,33,0,1,17,0,18,2,6,43,0,51,4,0,4,55
10/03/2020,ILG,DE,AEA,EN,Towers with Radar,1,7,23,0,31,0,2,36,0,38,1,9,59,0,69,43,0,43,112
10/04/2020,ILG,DE,AEA,EN,Towers with Radar,1,10,15,0,26,0,2,43,0,45,1,12,58,0,71,21,0,21,92
10/05/2020,ILG,DE,AEA,EN,Towers with Radar,1,12,18,1,32,0,1,24,1,26,1,13,42,2,58,8,0,8,66
10/06/2020,ILG,DE,AEA,EN,Towers with Radar,2,16,24,3,45,0,3,51,12,66,2,19,75,15,111,50,58,108,219
10/07/2020,ILG,DE,AEA,EN,Towers with Radar,1,5,20,6,32,0,3,25,10,38,1,8,45,16,70,14,10,24,94
10/08/2020,ILG,DE,AEA,EN,Towers with Radar,1,10,39,5,55,0,0,27,24,51,1,10,66,29,106,66,29,95,201
10/09/2020,ILG,DE,AEA,EN,Towers with Radar,0,12,33,0,45,0,2,54,0,56,0,14,87,0,101,18,0,18,119
10/10/2020,ILG,DE,AEA,EN,Towers with Radar,0,7,21,0,28,0,0,64,0,64,0,7,85,0,92,24,0,24,116
10/11/2020,ILG,DE,AEA,EN,Towers with Radar,0,12,27,0,39,0,1,5,0,6,0,13,32,0,45,26,0,26,71
10/12/2020,ILG,DE,AEA,EN,Towers with Radar,0,9,21,0,30,0,0,0,0,0,0,9,21,0,30,0,0,0,30
10/13/2020,ILG,DE,AEA,EN,Towers with Radar,0,8,29,13,50,0,0,8,7,15,0,8,37,20,65,12,16,28,93
10/14/2020,ILG,DE,AEA,EN,Towers with Radar,0,10,25,5,40,0,0,64,5,69,0,10,89,10,109,54,19,73,182
10/15/2020,ILG,DE,AEA,EN,Towers with Radar,0,12,30,9,51,0,2,21,6,29,0,14,51,15,80,0,8,8,88
10/16/2020,ILG,DE,AEA,EN,Towers with Radar,0,17,30,3,50,0,0,1,0,1,0,17,31,3,51,0,0,0,51
10/17/2020,ILG,DE,AEA,EN,Towers with Radar,0,4,17,0,21,0,5,37,6,48,0,9,54,6,69,37,0,37,106
10/18/2020,ILG,DE,AEA,EN,Towers with Radar,0,15,28,2,45,0,7,40,4,51,0,22,68,6,96,28,4,32,128
10/19/2020,ILG,DE,AEA,EN,Towers with Radar,0,10,25,0,35,0,4,9,0,13,0,14,34,0,48,27,0,27,75
10/20/2020,ILG,DE,AEA,EN,Towers with Radar,0,16,25,10,51,0,1,11,11,23,0,17,36,21,74,30,26,56,130
10/21/2020,ILG,DE,AEA,EN,Towers with Radar,0,12,29,8,49,0,0,9,16,25,0,12,38,24,74,10,39,49,123
10/22/2020,ILG,DE,AEA,EN,Towers with Radar,0,12,24,5,41,0,0,20,16,36,0,12,44,21,77,32,10,42,119
10/23/2020,ILG,DE,AEA,EN,Towers with Radar,0,5,38,0,43,0,0,1,0,1,0,5,39,0,44,6,0,6,50
10/24/2020,ILG,DE,AEA,EN,Towers with Radar,1,8,25,0,34,0,1,16,0,17,1,9,41,0,51,44,0,44,95
10/25/2020,ILG,DE,AEA,EN,Towers with Radar,0,5,15,0,20,0,2,7,0,9,0,7,22,0,29,44,0,44,73
10/26/2020,ILG,DE,AEA,EN,Towers with Radar,0,11,20,2,33,0,0,0,0,0,0,11,20,2,33,0,0,0,33
10/27/2020,ILG,DE,AEA,EN,Towers with Radar,0,25,77,2,104,0,3,43,17,63,0,28,120,19,167,60,12,72,239
10/28/2020,ILG,DE,AEA,EN,Towers with Radar,0,10,30,12,52,0,0,14,9,23,0,10,44,21,75,16,6,22,97
10/29/2020,ILG,DE,AEA,EN,Towers with Radar,0,10,18,0,28,0,0,0,0,0,0,10,18,0,28,0,0,0,28
10/30/2020,ILG,DE,AEA,EN,Towers with Radar,0,9,20,0,29,0,0,12,0,12,0,9,32,0,41,6,0,6,47
10/31/2020,ILG,DE,AEA,EN,Towers with Radar,0,25,37,0,62,0,2,82,0,84,0,27,119,0,146,95,0,95,241
11/01/2020,ILG,DE,AEA,EN,Towers with Radar,0,5,23,0,28,0,0,2,0,2,0,5,25,0,30,20,0,20,50
11/02/2020,ILG,DE,AEA,EN,Towers with Radar,0,13,24,0,37,0,1,6,0,7,0,14,30,0,44,0,0,0,44
11/03/2020,ILG,DE,AEA,EN,Towers with Radar,0,13,21,1,35,0,0,18,11,29,0,13,39,12,64,14,10,24,88
11/04/2020,ILG,DE,AEA,EN,Towers with Radar,1,19,22,2,44,0,2,54,13,69,1,21,76,15,113,25,0,25,138
11/05/2020,ILG,DE,AEA,EN,Towers with Radar,0,8,31,5,44,0,2,27,0,29,0,10,58,5,73,23,0,23,96
11/06/2020,ILG,DE,AEA,EN,Towers with Radar,0,5,18,0,23,0,2,31,6,39,0,7,49,6,62,4,6,10,72
11/07/2020,ILG,DE,AEA,EN,Towers with Radar,0,13,24,2,39,0,2,54,6,62,0,15,78,8,101,29,0,29,130
11/08/2020,ILG,DE,AEA,EN,Towers with Radar,0,13,28,0,41,0,1,51,9,61,0,14,79,9,102,32,0,32,134
11/09/2020,ILG,DE,AEA,EN,Towers with Radar,0,7,21,14,42,0,0,44,2,46,0,7,65,16,88,12,16,28,116
11/10/2020,ILG,DE,AEA,EN,Towers with Radar,0,12,43,2,57,0,5,55,9,69,0,17,98,11,126,27,10,37,163
11/11/2020,ILG,DE,AEA,EN,Towers with Radar,0,3,25,1,29,0,0,0,1,1,0,3,25,2,30,0,0,0,30
11/12/2020,ILG,DE,AEA,EN,Towers with Radar,0,8,17,4,29,0,0,2,0,2,0,8,19,4,31,4,0,4,35
11/13/2020,ILG,DE,AEA,EN,Towers with Radar,0,5,25,1,31,0,0,10,0,10,0,5,35,1,41,16,0,16,57
11/14/2020,ILG,DE,AEA,EN,Towers with Radar,0,8,17,3,28,0,2,64,3,69,0,10,81,6,97,49,0,49,146
11/15/2020,ILG,DE,AEA,EN,Towers with Radar,0,3,15,0,18,0,1,12,2,15,0,4,27,2,33,16,0,16,49
11/16/2020,ILG,DE,AEA,EN,Towers with Radar,0,6,29,2,37,0,1,20,2,23,0,7,49,4,60,12,8,20,80
11/17/2020,ILG,DE,AEA,EN,Towers with Radar,0,6,10,0,16,0,0,15,4,19,0,6,25,4,35,8,0,8,43
11/18/2020,ILG,DE,AEA,EN,Towers with Radar,0,10,30,0,40,0,2,23,8,33,0,12,53,8,73,12,0,12,85
11/19/2020,ILG,DE,AEA,EN,Towers with Radar,0,9,22,0,31,0,6,31,1,38,0,15,53,1,69,48,0,48,117
11/20/2020,ILG,DE,AEA,EN,Towers with Radar,0,10,33,0,43,0,5,55,2,62,0,15,88,2,105,56,0,56,161
11/21/2020,ILG,DE,AEA,EN,Towers with Radar,0,9,24,0,33,0,7,56,1,64,0,16,80,1,97,70,0,70,167
11/22/2020,ILG,DE,AEA,EN,Towers with Radar,0,17,21,0,38,0,2,26,0,28,0,19,47,0,66,79,0,79,145
11/23/2020,ILG,DE,AEA,EN,Towers with Radar,0,11,27,8,46,0,0,16,13,29,0,11,43,21,75,18,10,28,103
11/24/2020,ILG,DE,AEA,EN,Towers with Radar,0,7,24,0,31,0,0,47,15,62,0,7,71,15,93,36,40,76,169
11/25/2020,ILG,DE,AEA,EN,Towers with Radar,0,6,32,0,38,0,1,34,0,35,0,7,66,0,73,39,0,39,112
11/26/2020,ILG,DE,AEA,EN,Towers with Radar,0,2,9,0,11,0,0,5,0,5,0,2,14,0,16,0,0,0,16
11/27/2020,ILG,DE,AEA,EN,Towers with Radar,0,7,23,0,30,0,3,56,1,60,0,10,79,1,90,16,0,16,106
11/28/2020,ILG,DE,AEA,EN,Towers with Radar,0,2,15,0,17,0,0,46,0,46,0,2,61,0,63,18,0,18,81
11/29/2020,ILG,DE,AEA,EN,Towers with Radar,0,6,35,0,41,0,2,66,0,68,0,8,101,0,109,18,0,18,127
11/30/2020,ILG,DE,AEA,EN,Towers with Radar,0,6,16,3,25,0,0,0,2,2,0,6,16,5,27,0,0,0,27
12/01/2020,ILG,DE,AEA,EN,Towers with Radar,0,6,16,3,25,0,0,15,10,25,0,6,31,13,50,16,52,68,118
12/02/2020,ILG,DE,AEA,EN,Towers with Radar,0,9,21,0,30,0,3,36,12,51,0,12,57,12,81,11,24,35,116
12/03/2020,ILG,DE,AEA,EN,Towers with Radar,0,5,26,2,33,0,1,43,2,46,0,6,69,4,79,29,15,44,123
12/04/2020,ILG,DE,AEA,EN,Towers with Radar,0,5,15,2,22,0,0,6,2,8,0,5,21,4,30,34,4,38,68
12/05/2020,ILG,DE,AEA,EN,Towers with Radar,0,5,3,0,8,0,0,6,0,6,0,5,9,0,14,9,0,9,23
12/06/2020,ILG,DE,AEA,EN,Towers with Radar,0,9,18,0,27,0,0,45,0,45,0,9,63,0,72,35,0,35,107
12/07/2020,ILG,DE,AEA,EN,Towers with Radar,0,3,24,3,30,0,0,57,13,70,0,3,81,16,100,52,22,74,174
12/08/2020,ILG,DE,AEA,EN,Towers with Radar,0,6,37,4,47,0,0,28,18,46,0,6,65,22,93,32,26,58,151
12/09/2020,ILG,DE,AEA,EN,Towers with Radar,0,5,18,5,28,0,0,32,11,43,0,5,50,16,71,46,18,64,135
12/10/2020,ILG,DE,AEA,EN,Towers with Radar,0,5,26,2,33,0,2,64,15,81,0,7,90,17,114,22,24,46,160
12/11/2020,ILG,DE,AEA,EN,Towers with Radar,0,10,30,1,41,0,4,54,8,66,0,14,84,9,107,78,11,89,196
12/12/2020,ILG,DE,AEA,EN,Towers with Radar,0,7,13,0,20,0,0,23,0,23,0,7,36,0,43,8,0,8,51
12/13/2020,ILG,DE,AEA,EN,Towers with Radar,1,4,16,0,21,0,3,63,2,68,1,7,79,2,89,34,0,34,123
12/14/2020,ILG,DE,AEA,EN,Towers with Radar,0,9,15,2,26,0,0,6,0,6,0,9,21,2,32,8,0,8,40
12/15/2020,ILG,DE,AEA,EN,Towers with Radar,3,12,36,4,55,0,6,46,9,61,3,18,82,13,116,40,0,40,156
12/16/2020,ILG,DE,AEA,EN,Towers with Radar,0,2,9,0,11,0,1,10,0,11,0,3,19,0,22,8,0,8,30
12/17/2020,ILG,DE,AEA,EN,Towers with Radar,0,2,15,0,17,0,1,11,0,12,0,3,26,0,29,14,0,14,43
12/18/2020,ILG,DE,AEA,EN,Towers with Radar,0,8,32,0,40,0,1,35,0,36,0,9,67,0,76,16,0,16,92
12/19/2020,ILG,DE,AEA,EN,Towers with Radar,0,9,21,0,30,0,0,44,0,44,0,9,65,0,74,46,0,46,120
12/20/2020,ILG,DE,AEA,EN,Towers with Radar,0,22,26,0,48,0,0,4,0,4,0,22,30,0,52,23,0,23,75
12/21/2020,ILG,DE,AEA,EN,Towers with Radar,0,15,12,0,27,0,0,0,0,0,0,15,12,0,27,0,0,0,27
12/22/2020,ILG,DE,AEA,EN,Towers with Radar,0,11,27,3,41,0,1,26,1,28,0,12,53,4,69,16,4,20,89
12/23/2020,ILG,DE,AEA,EN,Towers with Radar,0,10,31,0,41,0,1,88,0,89,0,11,119,0,130,27,0,27,157
12/24/2020,ILG,DE,AEA,EN,Towers with Radar,0,16,7,0,23,0,1,3,0,4,0,17,10,0,27,0,0,0,27
12/25/2020,ILG,DE,AEA,EN,Towers with Radar,0,5,8,0,13,0,0,4,0,4,0,5,12,0,17,0,0,0,17
12/26/2020,ILG,DE,AEA,EN,Towers with Radar,0,16,11,0,27,0,0,24,0,24,0,16,35,0,51,57,0,57,108
12/27/2020,ILG,DE,AEA,EN,Towers with Radar,0,15,29,0,44,0,3,65,0,68,0,18,94,0,112,23,0,23,135
12/28/2020,ILG,DE,AEA,EN,Towers with Radar,0,17,11,0,28,0,0,35,0,35,0,17,46,0,63,75,0,75,138
12/29/2020,ILG,DE,AEA,EN,Towers with Radar,0,12,22,2,36,0,0,38,0,38,0,12,60,2,74,8,0,8,82
12/30/2020,ILG,DE,AEA,EN,Towers with Radar,0,3,22,0,25,0,0,76,3,79,0,3,98,3,104,42,0,42,146
12/31/2020,ILG,DE,AEA,EN,Towers with Radar,0,7,12,0,19,0,0,16,0,16,0,7,28,0,35,6,0,6,41
01/01/2021,ILG,DE,AEA,EN,Towers with Radar,0,4,9,0,13,0,1,12,0,13,0,5,21,0,26,4,0,4,30
01/02/2021,ILG,DE,AEA,EN,Towers with Radar,0,9,27,0,36,0,0,43,0,43,0,9,70,0,79,10,0,10,89
01/03/2021,ILG,DE,AEA,EN,Towers with Radar,0,15,26,0,41,0,0,0,0,0,0,15,26,0,41,0,0,0,41
01/04/2021,ILG,DE,AEA,EN,Towers with Radar,0,16,18,0,34,0,1,8,0,9,0,17,26,0,43,18,0,18,61
01/05/2021,ILG,DE,AEA,EN,Towers with Radar,0,12,12,0,24,0,2,16,0,18,0,14,28,0,42,24,0,24,66
01/06/2021,ILG,DE,AEA,EN,Towers with Radar,0,4,14,4,22,0,0,18,0,18,0,4,32,4,40,20,0,20,60
01/07/2021,ILG,DE,AEA,EN,Towers with Radar,0,11,32,2,45,0,0,48,16,64,0,11,80,18,109,74,41,115,224
01/08/2021,ILG,DE,AEA,EN,Towers with Radar,0,7,18,0,25,0,0,45,4,49,0,7,63,4,74,83,0,83,157
01/09/2021,ILG,DE,AEA,EN,Towers with Radar,0,3,13,0,16,0,3,48,0,51,0,6,61,0,67,39,0,39,106
01/10/2021,ILG,DE,AEA,EN,Towers with Radar,0,12,43,0,55,0,1,79,0,80,0,13,122,0,135,76,0,76,211
01/11/2021,ILG,DE,AEA,EN,Towers with Radar,0,8,26,0,34,0,0,31,2,33,0,8,57,2,67,43,0,43,110
01/12/2021,ILG,DE,AEA,EN,Towers with Radar,0,7,15,4,26,0,0,46,12,58,0,7,61,16,84,82,19,101,185
01/13/2021,ILG,DE,AEA,EN,Towers with Radar,0,6,19,4,29,0,0,47,9,56,0,6,66,13,85,70,0,70,155
01/14/2021,ILG,DE,AEA,EN,Towers with Radar,0,5,36,2,43,0,0,50,13,63,0,5,86,15,106,78,40,118,224
01/15/2021,ILG,DE,AEA,EN,Towers with Radar,0,4,19,0,23,0,0,14,3,17,0,4,33,3,40,38,0,38,78
01/16/2021,ILG,DE,AEA,EN,Towers with Radar,0,5,13,0,18,0,0,35,0,35,0,5,48,0,53,68,0,68,121
01/17/2021,ILG,DE,AEA,EN,Towers with Radar,3,3,11,8,25,0,0,24,0,24,3,3,35,8,49,6,0,6,55
01/18/2021,ILG,DE,AEA,EN,Towers with Radar,1,8,26,0,35,0,2,31,0,33,1,10,57,0,68,31,0,31,99
01/19/2021,ILG,DE,AEA,EN,Towers with Radar,6,10,23,0,39,0,2,19,10,31,6,12,42,10,70,0,0,0,70
01/20/2021,ILG,DE,AEA,EN,Towers with Radar,2,10,9,5,26,0,2,18,8,28,2,12,27,13,54,13,6,19,73
01/21/2021,ILG,DE,AEA,EN,Towers with Radar,2,2,18,2,24,0,2,38,10,50,2,4,56,12,74,86,40,126,200
01/22/2021,ILG,DE,AEA,EN,Towers with Radar,0,7,26,1,34,0,1,40,1,42,0,8,66,2,76,9,0,9,85
01/23/2021,ILG,DE,AEA,EN,Towers with Radar,0,2,12,0,14,0,0,8,0,8,0,2,20,0,22,0,0,0,22
01/24/2021,ILG,DE,AEA,EN,Towers with Radar,0,13,19,4,36,0,0,59,0,59,0,13,78,4,95,37,0,37,132
01/25/2021,ILG,DE,AEA,EN,Towers with Radar,0,4,19,2,25,0,0,43,4,47,0,4,62,6,72,50,0,50,122
01/26/2021,ILG,DE,AEA,EN,Towers with Radar,0,7,8,0,15,0,0,0,0,0,0,7,8,0,15,0,0,0,15
01/27/2021,ILG,DE,AEA,EN,Towers with Radar,0,13,24,8,45,0,2,37,15,54,0,15,61,23,99,20,26,46,145
01/28/2021,ILG,DE,AEA,EN,Towers with Radar,0,4,20,3,27,0,1,17,16,34,0,5,37,19,61,0,4,4,65
01/29/2021,ILG,DE,AEA,EN,Towers with Radar,0,9,15,0,24,0,0,0,3,3,0,9,15,3,27,0,29,29,56
01/30/2021,ILG,DE,AEA,EN,Towers with Radar,0,5,16,0,21,0,1,83,0,84,0,6,99,0,105,55,6,61,166
01/31/2021,ILG,DE,AEA,EN,Towers with Radar,0,9,22,0,31,0,0,4,0,4,0,9,26,0,35,26,0,26,61
02/01/2021,ILG,DE,AEA,EN,Towers with Radar,0,4,2,0,6,0,0,0,0,0,0,4,2,0,6,0,0,0,6
02/02/2021,ILG,DE,AEA,EN,Towers with Radar,0,4,7,0,11,0,1,0,0,1,0,5,7,0,12,0,0,0,12
02/03/2021,ILG,DE,AEA,EN,Towers with Radar,0,13,13,2,28,0,2,11,16,29,0,15,24,18,57,6,10,16,73
02/04/2021,ILG,DE,AEA,EN,Towers with Radar,0,3,22,5,30,0,9,55,16,80,0,12,77,21,110,38,0,38,148
02/05/2021,ILG,DE,AEA,EN,Towers with Radar,0,2,13,3,18,0,1,21,2,24,0,3,34,5,42,29,0,29,71
02/06/2021,ILG,DE,AEA,EN,Towers with Radar,0,1,3,1,5,0,0,0,2,2,0,1,3,3,7,0,0,0,7
02/07/2021,ILG,DE,AEA,EN,Towers with Radar,0,1,0,0,1,0,0,0,0,0,0,1,0,0,1,0,0,0,1
02/08/2021,ILG,DE,AEA,EN,Towers with Radar,0,7,21,1,29,0,2,23,10,35,0,9,44,11,64,23,0,23,87
02/09/2021,ILG,DE,AEA,EN,Towers with Radar,0,10,13,5,28,0,2,15,2,19,0,12,28,7,47,0,39,39,86
02/10/2021,ILG,DE,AEA,EN,Towers with Radar,0,2,25,1,28,0,0,51,13,64,0,2,76,14,92,52,25,77,169
02/11/2021,ILG,DE,AEA,EN,Towers with Radar,2,15,25,2,44,0,0,4,3,7,2,15,29,5,51,41,26,67,118
02/12/2021,ILG,DE,AEA,EN,Towers with Radar,0,3,18,3,24,0,1,30,4,35,0,4,48,7,59,33,7,40,99
02/13/2021,ILG,DE,AEA,EN,Towers with Radar,0,1,8,0,9,0,1,10,0,11,0,2,18,0,20,4,0,4,24
02/14/2021,ILG,DE,AEA,EN,Towers with Radar,2,3,22,1,28,0,1,4,0,5,2,4,26,1,33,0,0,0,33
02/15/2021,ILG,DE,AEA,EN,Towers with Radar,0,8,17,0,25,0,2,2,0,4,0,10,19,0,29,0,0,0,29
02/16/2021,ILG,DE,AEA,EN,Towers with Radar,2,6,11,0,19,0,1,12,22,35,2,7,23,22,54,12,18,30,84
02/17/2021,ILG,DE,AEA,EN,Towers with Radar,0,13,31,3,47,0,3,74,12,89,0,16,105,15,136,122,30,152,288
02/18/2021,ILG,DE,AEA,EN,Towers with Radar,3,5,4,0,12,0,0,0,0,0,3,5,4,0,12,0,0,0,12
02/19/2021,ILG,DE,AEA,EN,Towers with Radar,0,10,14,0,24,0,0,0,0,0,0,10,14,0,24,0,0,0,24
02/20/2021,ILG,DE,AEA,EN,Towers with Radar,0,8,39,0,47,0,0,25,0,25,0,8,64,0,72,22,0,22,94
02/21/2021,ILG,DE,AEA,EN,Towers with Radar,4,16,53,0,73,0,0,57,0,57,4,16,110,0,130,73,0,73,203
02/22/2021,ILG,DE,AEA,EN,Towers with Radar,0,0,22,0,22,0,1,0,0,1,0,1,22,0,23,0,0,0,23
02/23/2021,ILG,DE,AEA,EN,Towers with Radar,2,7,18,0,27,0,0,20,12,32,2,7,38,12,59,85,0,85,144
02/24/2021,ILG,DE,AEA,EN,Towers with Radar,0,9,14,5,28,0,0,53,9,62,0,9,67,14,90,60,4,64,154
02/25/2021,ILG,DE,AEA,EN,Towers with Radar,2,8,31,4,45,0,0,55,23,78,2,8,86,27,123,18,14,32,155
02/26/2021,ILG,DE,AEA,EN,Towers with Radar,0,10,21,7,38,0,0,57,7,64,0,10,78,14,102,77,2,79,181
02/27/2021,ILG,DE,AEA,EN,Towers with Radar,0,3,10,3,16,0,2,2,1,5,0,5,12,4,21,0,0,0,21
02/28/2021,ILG,DE,AEA,EN,Towers with Radar,2,2,5,0,9,0,0,0,0,0,2,2,5,0,9,0,0,0,9
03/01/2021,ILG,DE,AEA,EN,Towers with Radar,0,8,12,5,25,0,0,3,6,9,0,8,15,11,34,0,8,8,42
03/02/2021,ILG,DE,AEA,EN,Towers with Radar,2,5,18,8,33,0,0,26,15,41,2,5,44,23,74,44,56,100,174
03/03/2021,ILG,DE,AEA,EN,Towers with Radar,0,7,16,1,24,0,0,93,14,107,0,7,109,15,131,86,10,96,227
03/04/2021,ILG,DE,AEA,EN,Towers with Radar,2,14,24,6,46,0,1,35,10,46,2,15,59,16,92,48,0,48,140
03/05/2021,ILG,DE,AEA,EN,Towers with Radar,0,6,19,2,27,0,1,16,15,32,0,7,35,17,59,2,6,8,67
03/06/2021,ILG,DE,AEA,EN,Towers with Radar,0,8,11,5,24,0,1,19,9,29,0,9,30,14,53,18,6,24,77
03/07/2021,ILG,DE,AEA,EN,Towers with Radar,2,4,25,2,33,0,0,67,13,80,2,4,92,15,113,50,2,52,165
03/08/2021,ILG,DE,AEA,EN,Towers with Radar,0,3,17,0,20,0,1,48,0,49,0,4,65,0,69,82,0,82,151
03/09/2021,ILG,DE,AEA,EN,Towers with Radar,2,5,17,3,27,0,2,56,13,71,2,7,73,16,98,45,2,47,145
03/10/2021,ILG,DE,AEA,EN,Towers with Radar,0,7,33,2,42,0,0,71,6,77,0,7,104,8,119,40,0,40,159
03/11/2021,ILG,DE,AEA,EN,Towers with Radar,2,10,22,4,38,0,4,66,30,100,2,14,88,34,138,47,20,67,205
03/12/2021,ILG,DE,AEA,EN,Towers with Radar,0,10,22,1,33,0,0,28,7,35,0,10,50,8,68,24,18,42,110
03/13/2021,ILG,DE,AEA,EN,Towers with Radar,0,3,3,0,6,0,0,2,5,7,0,3,5,5,13,0,0,0,13
03/14/2021,ILG,DE,AEA,EN,Towers with Radar,2,6,7,0,15,0,1,0,8,9,2,7,7,8,24,0,0,0,24
03/15/2021,ILG,DE,AEA,EN,Towers with Radar,0,9,15,1,25,0,1,51,11,63,0,10,66,12,88,22,0,22,110
03/16/2021,ILG,DE,AEA,EN,Towers with Radar,2,9,23,1,35,0,6,10,9,25,2,15,33,10,60,18,0,18,78
03/17/2021,ILG,DE,AEA,EN,Towers with Radar,0,14,19,16,49,0,0,1,1,2,0,14,20,17,51,0,0,0,51
03/18/2021,ILG,DE,AEA,EN,Towers with Radar,2,13,11,0,26,0,0,0,0,0,2,13,11,0,26,0,0,0,26
03/19/2021,ILG,DE,AEA,EN,Towers with Radar,0,10,20,1,31,0,0,20,5,25,0,10,40,6,56,0,6,6,62
03/20/2021,ILG,DE,AEA,EN,Towers with Radar,0,8,23,0,31,0,0,89,1,90,0,8,112,1,121,115,0,115,236
03/21/2021,ILG,DE,AEA,EN,Towers with Radar,2,17,23,0,42,0,0,79,0,79,2,17,102,0,121,89,0,89,210
03/22/2021,ILG,DE,AEA,EN,Towers with Radar,0,12,15,1,28,0,0,60,5,65,0,12,75,6,93,46,0,46,139
03/23/2021,ILG,DE,AEA,EN,Towers with Radar,0,9,23,6,38,0,1,41,13,55,0,10,64,19,93,74,3,77,170
03/24/2021,ILG,DE,AEA,EN,Towers with Radar,0,10,30,2,42,0,0,0,0,0,0,10,30,2,42,0,0,0,42
03/25/2021,ILG,DE,AEA,EN,Towers with Radar,2,4,23,23,52,0,1,2,1,4,2,5,25,24,56,0,0,0,56
03/26/2021,ILG,DE,AEA,EN,Towers with Radar,0,6,17,4,27,0,0,13,4,17,0,6,30,8,44,6,0,6,50
03/27/2021,ILG,DE,AEA,EN,Towers with Radar,0,2,2,1,5,0,0,1,0,1,0,2,3,1,6,0,0,0,6
03/28/2021,ILG,DE,AEA,EN,Towers with Radar,2,9,4,4,19,0,0,0,1,1,2,9,4,5,20,0,0,0,20
03/29/2021,ILG,DE,AEA,EN,Towers with Radar,0,13,28,1,42,0,2,24,21,47,0,15,52,22,89,8,13,21,110
03/30/2021,ILG,DE,AEA,EN,Towers with Radar,2,8,23,4,37,0,0,68,17,85,2,8,91,21,122,84,35,119,241
03/31/2021,ILG,DE,AEA,EN,Towers with Radar,0,24,57,0,81,0,0,7,0,7,0,24,64,0,88,2,0,2,90
04/01/2021,ILG,DE,AEA,EN,Towers with Radar,2,20,32,8,62,0,0,12,2,14,2,20,44,10,76,10,4,14,90
04/02/2021,ILG,DE,AEA,EN,Towers with Radar,0,8,26,0,34,0,0,23,0,23,0,8,49,0,57,26,0,26,83
04/03/2021,ILG,DE,AEA,EN,Towers with Radar,0,13,15,0,28,0,0,51,0,51,0,13,66,0,79,65,0,65,144
04/04/2021,ILG,DE,AEA,EN,Towers with Radar,2,19,25,0,46,0,0,41,0,41,2,19,66,0,87,30,0,30,117
04/05/2021,ILG,DE,AEA,EN,Towers with Radar,0,11,20,1,32,0,1,41,4,46,0,12,61,5,78,51,2,53,131
04/06/2021,ILG,DE,AEA,EN,Towers with Radar,2,15,24,3,44,0,2,57,18,77,2,17,81,21,121,52,13,65,186
04/07/2021,ILG,DE,AEA,EN,Towers with Radar,0,7,30,1,38,0,0,67,21,88,0,7,97,22,126,78,8,86,212
04/08/2021,ILG,DE,AEA,EN,Towers with Radar,2,6,15,3,26,0,0,64,3,67,2,6,79,6,93,71,21,92,185
04/09/2021,ILG,DE,AEA,EN,Towers with Radar,0,4,24,1,29,0,0,19,0,19,0,4,43,1,48,32,0,32,80
04/10/2021,ILG,DE,AEA,EN,Towers with Radar,2,11,28,9,50,0,0,17,0,17,2,11,45,9,67,30,0,30,97
04/11/2021,ILG,DE,AEA,EN,Towers with Radar,2,19,10,5,36,0,0,16,0,16,2,19,26,5,52,4,0,4,56
04/12/2021,ILG,DE,AEA,EN,Towers with Radar,0,11,37,4,52,0,0,4,2,6,0,11,41,6,58,0,0,0,58
04/13/2021,ILG,DE,AEA,EN,Towers with Radar,2,8,26,4,40,0,0,44,19,63,2,8,70,23,103,68,15,83,186
04/14/2021,ILG,DE,AEA,EN,Towers with Radar,0,8,31,4,43,0,3,37,3,43,0,11,68,7,86,54,8,62,148
04/15/2021,ILG,DE,AEA,EN,Towers with Radar,2,6,21,4,33,0,2,13,10,25,2,8,34,14,58,2,6,8,66
04/16/2021,ILG,DE,AEA,EN,Towers with Radar,2,9,22,2,35,0,2,32,9,43,2,11,54,11,78,9,6,15,93
04/17/2021,ILG,DE,AEA,EN,Towers with Radar,0,4,3,0,7,0,0,1,0,1,0,4,4,0,8,0,0,0,8
04/18/2021,ILG,DE,AEA,EN,Towers with Radar,2,5,7,2,16,0,2,3,3,8,2,7,10,5,24,0,0,0,24
04/19/2021,ILG,DE,AEA,EN,Towers with Radar,0,18,50,16,84,0,0,40,7,47,0,18,90,23,131,48,0,48,179
04/20/2021,ILG,DE,AEA,EN,Towers with Radar,3,13,34,7,57,0,0,56,11,67,3,13,90,18,124,34,8,42,166
04/21/2021,ILG,DE,AEA,EN,Towers with Radar,0,33,24,1,58,0,0,29,11,40,0,33,53,12,98,30,10,40,138
04/22/2021,ILG,DE,AEA,EN,Towers with Radar,4,33,31,15,83,0,1,14,24,39,4,34,45,39,122,18,34,52,174
04/23/2021,ILG,DE,AEA,EN,Towers with Radar,0,10,23,1,34,0,0,46,1,47,0,10,69,2,81,64,14,78,159
04/24/2021,ILG,DE,AEA,EN,Towers with Radar,0,2,3,1,6,0,0,14,5,19,0,2,17,6,25,2,0,2,27
04/25/2021,ILG,DE,AEA,EN,Towers with Radar,2,9,10,0,21,0,0,5,4,9,2,9,15,4,30,0,0,0,30
04/26/2021,ILG,DE,AEA,EN,Towers with Radar,0,4,24,5,33,0,0,45,6,51,0,4,69,11,84,54,0,54,138
04/27/2021,ILG,DE,AEA,EN,Towers with Radar,2,9,21,3,35,0,3,83,15,101,2,12,104,18,136,144,16,160,296
04/28/2021,ILG,DE,AEA,EN,Towers with Radar,0,10,29,7,46,0,4,65,13,82,0,14,94,20,128,78,20,98,226
04/29/2021,ILG,DE,AEA,EN,Towers with Radar,2,17,26,3,48,0,0,33,18,51,2,17,59,21,99,44,24,68,167
04/30/2021,ILG,DE,AEA,EN,Towers with Radar,2,13,11,1,27,0,2,13,6,21,2,15,24,7,48,2,0,2,50
05/01/2021,ILG,DE,AEA,EN,Towers with Radar,0,3,1,1,5,0,0,3,7,10,0,3,4,8,15,0,0,0,15
05/02/2021,ILG,DE,AEA,EN,Towers with Radar,4,4,22,2,32,0,2,1,11,14,4,6,23,13,46,2,2,4,50
05/03/2021,ILG,DE,AEA,EN,Towers with Radar,0,9,29,6,44,0,0,38,4,42,0,9,67,10,86,10,0,10,96
05/04/2021,ILG,DE,AEA,EN,Towers with Radar,2,3,29,5,39,0,4,40,5,49,2,7,69,10,88,74,2,76,164
05/05/2021,ILG,DE,AEA,EN,Towers with Radar,0,12,25,1,38,0,0,4,8,12,0,12,29,9,50,10,14,24,74
05/06/2021,ILG,DE,AEA,EN,Towers with Radar,4,15,47,2,68,0,5,69,19,93,4,20,116,21,161,53,24,77,238
05/07/2021,ILG,DE,AEA,EN,Towers with Radar,0,8,18,2,28,0,1,70,0,71,0,9,88,2,99,79,4,83,182
05/08/2021,ILG,DE,AEA,EN,Towers with Radar,2,5,13,0,20,0,0,17,0,17,2,5,30,0,37,26,0,26,63
05/09/2021,ILG,DE,AEA,EN,Towers with Radar,2,13,19,0,34,0,1,26,0,27,2,14,45,0,61,14,0,14,75
05/10/2021,ILG,DE,AEA,EN,Towers with Radar,0,14,31,5,50,0,0,34,2,36,0,14,65,7,86,139,4,143,229
05/11/2021,ILG,DE,AEA,EN,Towers with Radar,2,11,27,0,40,0,0,42,13,55,2,11,69,13,95,52,10,62,157
05/12/2021,ILG,DE,AEA,EN,Towers with Radar,0,3,38,7,48,0,2,38,5,45,0,5,76,12,93,64,4,68,161
05/13/2021,ILG,DE,AEA,EN,Towers with Radar,2,8,31,3,44,0,2,83,15,100,2,10,114,18,144,135,7,142,286
05/14/2021,ILG,DE,AEA,EN,Towers with Radar,0,12,26,2,40,0,3,61,2,66,0,15,87,4,106,59,0,59,165
05/15/2021,ILG,DE,AEA,EN,Towers with Radar,0,3,12,1,16,0,0,4,1,5,0,3,16,2,21,0,0,0,21
05/16/2021,ILG,DE,AEA,EN,Towers with Radar,2,2,7,0,11,0,0,0,0,0,2,2,7,0,11,0,0,0,11
05/17/2021,ILG,DE,AEA,EN,Towers with Radar,0,9,36,1,46,0,0,59,9,68,0,9,95,10,114,33,0,33,147
05/18/2021,ILG,DE,AEA,EN,Towers with Radar,2,13,32,8,55,0,0,74,18,92,2,13,106,26,147,48,21,69,216
05/19/2021,ILG,DE,AEA,EN,Towers with Radar,0,21,66,7,94,0,1,67,23,91,0,22,133,30,185,86,44,130,315
05/20/2021,ILG,DE,AEA,EN,Towers with Radar,2,10,20,5,37,0,2,66,10,78,2,12,86,15,115,112,33,145,260
05/21/2021,ILG,DE,AEA,EN,Towers with Radar,0,7,31,1,39,0,0,68,6,74,0,7,99,7,113,67,23,90,203
05/22/2021,ILG,DE,AEA,EN,Towers with Radar,0,6,11,0,17,0,2,58,0,60,0,8,69,0,77,41,0,41,118
05/23/2021,ILG,DE,AEA,EN,Towers with Radar,2,12,24,0,38,0,2,46,0,48,2,14,70,0,86,2,0,2,88
05/24/2021,ILG,DE,AEA,EN,Towers with Radar,0,10,17,1,28,0,1,19,1,21,0,11,36,2,49,54,13,67,116
05/25/2021,ILG,DE,AEA,EN,Towers with Radar,2,14,18,7,41,0,3,35,10,48,2,17,53,17,89,74,8,82,171
05/26/2021,ILG,DE,AEA,EN,Towers with Radar,0,5,30,0,35,0,1,45,4,50,0,6,75,4,85,103,4,107,192
05/27/2021,ILG,DE,AEA,EN,Towers with Radar,2,5,36,2,45,0,4,89,19,112,2,9,125,21,157,151,17,168,325
05/28/2021,ILG,DE,AEA,EN,Towers with Radar,0,4,18,2,24,0,0,27,0,27,0,4,45,2,51,52,0,52,103
05/29/2021,ILG,DE,AEA,EN,Towers with Radar,0,3,6,1,10,0,0,1,0,1,0,3,7,1,11,0,0,0,11
05/30/2021,ILG,DE,AEA,EN,Towers with Radar,0,0,2,0,2,0,0,0,0,0,0,0,2,0,2,0,0,0,2
05/31/2021,ILG,DE,AEA,EN,Towers with Radar,0,4,17,1,22,0,3,43,8,54,0,7,60,9,76,48,2,50,126
06/01/2021,ILG,DE,AEA,EN,Towers with Radar,2,10,31,1,44,0,1,53,14,68,2,11,84,15,112,104,22,126,238
06/02/2021,ILG,DE,AEA,EN,Towers with Radar,0,31,60,1,92,0,0,57,14,71,0,31,117,15,163,129,24,153,316
06/03/2021,ILG,DE,AEA,EN,Towers with Radar,2,9,27,6,44,0,0,15,4,19,2,9,42,10,63,31,8,39,102
06/04/2021,ILG,DE,AEA,EN,Towers with Radar,0,9,22,0,31,0,0,14,16,30,0,9,36,16,61,40,0,40,101
06/05/2021,ILG,DE,AEA,EN,Towers with Radar,0,9,21,0,30,0,1,62,19,82,0,10,83,19,112,36,4,40,152
06/06/2021,ILG,DE,AEA,EN,Towers with Radar,0,7,23,3,33,0,0,57,5,62,0,7,80,8,95,47,12,59,154
06/07/2021,ILG,DE,AEA,EN,Towers with Radar,0,12,25,0,37,0,0,57,15,72,0,12,82,15,109,35,0,35,144
06/08/2021,ILG,DE,AEA,EN,Towers with Radar,2,7,33,1,43,0,0,36,21,57,2,7,69,22,100,32,2,34,134
06/09/2021,ILG,DE,AEA,EN,Towers with Radar,0,0,21,5,26,0,0,27,4,31,0,0,48,9,57,89,8,97,154
06/10/2021,ILG,DE,AEA,EN,Towers with Radar,2,11,23,7,43,0,2,19,20,41,2,13,42,27,84,48,26,74,158
06/11/2021,ILG,DE,AEA,EN,Towers with Radar,0,8,40,2,50,0,0,2,0,2,0,8,42,2,52,0,0,0,52
06/12/2021,ILG,DE,AEA,EN,Towers with Radar,0,22,19,2,43,0,0,60,0,60,0,22,79,2,103,88,0,88,191
06/13/2021,ILG,DE,AEA,EN,Towers with Radar,2,14,22,0,38,0,0,55,0,55,2,14,77,0,93,20,0,20,113
06/14/2021,ILG,DE,AEA,EN,Towers with Radar,0,19,54,0,73,0,1,34,11,46,0,20,88,11,119,28,0,28,147
06/15/2021,ILG,DE,AEA,EN,Towers with Radar,2,10,33,4,49,0,2,49,29,80,2,12,82,33,129,31,33,64,193
06/16/2021,ILG,DE,AEA,EN,Towers with Radar,0,34,44,4,82,0,2,52,28,82,0,36,96,32,164,98,10,108,272
06/17/2021,ILG,DE,AEA,EN,Towers with Radar,2,20,41,2,65,0,0,94,30,124,2,20,135,32,189,86,14,100,289
06/18/2021,ILG,DE,AEA,EN,Towers with Radar,0,5,23,0,28,0,1,68,4,73,0,6,91,4,101,36,0,36,137
06/19/2021,ILG,DE,AEA,EN,Towers with Radar,0,3,0,0,3,0,0,0,0,0,0,3,0,0,3,0,0,0,3
06/20/2021,ILG,DE,AEA,EN,Towers with Radar,2,7,5,1,15,0,0,3,7,10,2,7,8,8,25,0,0,0,25
06/21/2021,ILG,DE,AEA,EN,Towers with Radar,0,6,31,7,44,0,0,28,3,31,0,6,59,10,75,78,0,78,153
06/22/2021,ILG,DE,AEA,EN,Towers with Radar,2,6,17,4,29,0,0,13,4,17,2,6,30,8,46,6,0,6,52
06/23/2021,ILG,DE,AEA,EN,Towers with Radar,0,19,52,0,71,0,0,85,10,95,0,19,137,10,166,111,0,111,277
06/24/2021,ILG,DE,AEA,EN,Towers with Radar,2,18,22,3,45,0,0,66,0,66,2,18,88,3,111,107,0,107,218
06/25/2021,ILG,DE,AEA,EN,Towers with Radar,0,14,31,0,45,0,0,59,0,59,0,14,90,0,104,88,0,88,192
06/26/2021,ILG,DE,AEA,EN,Towers with Radar,0,3,25,1,29,0,1,12,0,13,0,4,37,1,42,28,0,28,70
06/27/2021,ILG,DE,AEA,EN,Towers with Radar,2,12,22,0,36,0,0,33,0,33,2,12,55,0,69,25,0,25,94
06/28/2021,ILG,DE,AEA,EN,Towers with Radar,0,9,34,0,43,0,0,43,4,47,0,9,77,4,90,40,0,40,130
06/29/2021,ILG,DE,AEA,EN,Towers with Radar,2,7,26,0,35,0,0,55,12,67,2,7,81,12,102,75,0,75,177
06/30/2021,ILG,DE,AEA,EN,Towers with Radar,0,14,32,3,49,0,0,55,10,65,0,14,87,13,114,74,0,74,188
07/01/2021,ILG,DE,AEA,EN,Towers with Radar,2,17,31,4,54,0,1,27,0,28,2,18,58,4,82,36,7,43,125
07/02/2021,ILG,DE,AEA,EN,Towers with Radar,0,3,27,5,35,0,0,16,4,20,0,3,43,9,55,11,0,11,66
07/03/2021,ILG,DE,AEA,EN,Towers with Radar,0,0,29,8,37,0,0,15,0,15,0,0,44,8,52,2,0,2,54
07/04/2021,ILG,DE,AEA,EN,Towers with Radar,2,1,8,1,12,0,0,16,1,17,2,1,24,2,29,23,0,23,52
07/05/2021,ILG,DE,AEA,EN,Towers with Radar,0,16,29,1,46,0,2,76,2,80,0,18,105,3,126,40,0,40,166
07/06/2021,ILG,DE,AEA,EN,Towers with Radar,2,9,27,0,38,0,0,65,4,69,2,9,92,4,107,52,0,52,159
07/07/2021,ILG,DE,AEA,EN,Towers with Radar,0,7,17,3,27,0,0,33,7,40,0,7,50,10,67,29,9,38,105
07/08/2021,ILG,DE,AEA,EN,Towers with Radar,2,3,18,3,26,0,0,19,15,34,2,3,37,18,60,24,0,24,84
07/09/2021,ILG,DE,AEA,EN,Towers with Radar,0,10,18,3,31,0,0,18,1,19,0,10,36,4,50,10,16,26,76
07/10/2021,ILG,DE,AEA,EN,Towers with Radar,0,6,13,0,19,0,0,0,9,9,0,6,13,9,28,0,0,0,28
07/11/2021,ILG,DE,AEA,EN,Towers with Radar,2,10,10,1,23,0,2,4,6,12,2,12,14,7,35,0,0,0,35
07/12/2021,ILG,DE,AEA,EN,Towers with Radar,0,10,26,0,36,0,1,29,13,43,0,11,55,13,79,49,2,51,130
07/13/2021,ILG,DE,AEA,EN,Towers with Radar,2,19,28,3,52,0,1,22,6,29,2,20,50,9,81,43,0,43,124
07/14/2021,ILG,DE,AEA,EN,Towers with Radar,0,14,29,2,45,0,0,52,10,62,0,14,81,12,107,92,0,92,199
07/15/2021,ILG,DE,AEA,EN,Towers with Radar,2,7,24,2,35,0,0,95,4,99,2,7,119,6,134,92,4,96,230
07/16/2021,ILG,DE,AEA,EN,Towers with Radar,0,5,13,2,20,0,0,67,2,69,0,5,80,4,89,76,0,76,165
07/17/2021,ILG,DE,AEA,EN,Towers with Radar,0,12,11,0,23,0,2,38,0,40,0,14,49,0,63,64,0,64,127
07/18/2021,ILG,DE,AEA,EN,Towers with Radar,2,4,32,0,38,0,0,29,0,29,2,4,61,0,67,27,0,27,94
07/19/2021,ILG,DE,AEA,EN,Towers with Radar,0,11,22,4,37,0,0,48,4,52,0,11,70,8,89,69,4,73,162
07/20/2021,ILG,DE,AEA,EN,Towers with Radar,2,10,34,4,50,0,0,38,5,43,2,10,72,9,93,59,4,63,156
07/21/2021,ILG,DE,AEA,EN,Towers with Radar,0,10,54,8,72,0,3,25,2,30,0,13,79,10,102,19,0,19,121
07/22/2021,ILG,DE,AEA,EN,Towers with Radar,2,12,27,3,44,0,0,83,10,93,2,12,110,13,137,22,0,22,159
07/23/2021,ILG,DE,AEA,EN,Towers with Radar,0,11,28,2,41,0,0,61,12,73,0,11,89,14,114,42,0,42,156
07/24/2021,ILG,DE,AEA,EN,Towers with Radar,0,3,7,2,12,0,0,0,4,4,0,3,7,6,16,0,0,0,16
07/25/2021,ILG,DE,AEA,EN,Towers with Radar,3,2,10,3,18,0,0,2,11,13,3,2,12,14,31,0,0,0,31
07/26/2021,ILG,DE,AEA,EN,Towers with Radar,0,10,31,0,41,0,0,56,9,65,0,10,87,9,106,33,6,39,145
07/27/2021,ILG,DE,AEA,EN,Towers with Radar,2,13,23,4,42,0,0,41,4,45,2,13,64,8,87,82,2,84,171
07/28/2021,ILG,DE,AEA,EN,Towers with Radar,0,15,52,4,71,0,0,45,11,56,0,15,97,15,127,25,0,25,152
07/29/2021,ILG,DE,AEA,EN,Towers with Radar,0,9,36,2,47,0,0,11,0,11,0,9,47,2,58,0,0,0,58
07/30/2021,ILG,DE,AEA,EN,Towers with Radar,0,8,35,1,44,0,0,65,2,67,0,8,100,3,111,40,0,40,151
07/31/2021,ILG,DE,AEA,EN,Towers with Radar,0,9,25,0,34,0,1,85,0,86,0,10,110,0,120,41,0,41,161
08/01/2021,ILG,DE,AEA,EN,Towers with Radar,2,9,30,0,41,0,0,5,0,5,2,9,35,0,46,9,0,9,55
08/02/2021,ILG,DE,AEA,EN,Towers with Radar,0,7,36,0,43,0,0,44,6,50,0,7,80,6,93,50,6,56,149
08/03/2021,ILG,DE,AEA,EN,Towers with Radar,2,13,30,4,49,0,2,52,14,68,2,15,82,18,117,49,6,55,172
08/04/2021,ILG,DE,AEA,EN,Towers with Radar,0,9,24,5,38,0,0,34,8,42,0,9,58,13,80,69,0,69,149
08/05/2021,ILG,DE,AEA,EN,Towers with Radar,2,7,30,5,44,0,0,51,13,64,2,7,81,18,108,45,0,45,153
08/06/2021,ILG,DE,AEA,EN,Towers with Radar,0,4,21,0,25,0,0,28,11,39,0,4,49,11,64,10,0,10,74
08/07/2021,ILG,DE,AEA,EN,Towers with Radar,0,1,7,4,12,0,0,1,14,15,0,1,8,18,27,0,0,0,27
08/08/2021,ILG,DE,AEA,EN,Towers with Radar,2,1,5,0,8,0,0,1,6,7,2,1,6,6,15,0,0,0,15
08/09/2021,ILG,DE,AEA,EN,Towers with Radar,0,4,11,0,15,0,0,0,0,0,0,4,11,0,15,0,0,0,15
08/10/2021,ILG,DE,AEA,EN,Towers with Radar,2,2,12,4,20,0,0,18,13,31,2,2,30,17,51,10,2,12,63
08/11/2021,ILG,DE,AEA,EN,Towers with Radar,0,10,32,0,42,0,0,44,12,56,0,10,76,12,98,25,0,25,123
08/12/2021,ILG,DE,AEA,EN,Towers with Radar,0,3,21,5,29,0,0,18,4,22,0,3,39,9,51,18,0,18,69
08/13/2021,ILG,DE,AEA,EN,Towers with Radar,0,2,9,4,15,0,1,14,4,19,0,3,23,8,34,6,0,6,40
08/14/2021,ILG,DE,AEA,EN,Towers with Radar,0,10,10,0,20,0,0,32,0,32,0,10,42,0,52,24,0,24,76
08/15/2021,ILG,DE,AEA,EN,Towers with Radar,2,7,30,0,39,0,0,47,0,47,2,7,77,0,86,15,0,15,101
08/16/2021,ILG,DE,AEA,EN,Towers with Radar,0,15,26,2,43,0,0,16,4,20,0,15,42,6,63,18,4,22,85
08/17/2021,ILG,DE,AEA,EN,Towers with Radar,2,10,16,9,37,0,0,1,4,5,2,10,17,13,42,0,24,24,66
08/18/2021,ILG,DE,AEA,EN,Towers with Radar,0,4,18,3,25,0,1,3,0,4,0,5,21,3,29,0,5,5,34
08/19/2021,ILG,DE,AEA,EN,Towers with Radar,2,1,15,2,20,0,0,21,4,25,2,1,36,6,45,44,3,47,92
08/20/2021,ILG,DE,AEA,EN,Towers with Radar,0,4,5,0,9,0,0,9,0,9,0,4,14,0,18,6,0,6,24
08/21/2021,ILG,DE,AEA,EN,Towers with Radar,0,5,4,1,10,0,0,14,1,15,0,5,18,2,25,11,0,11,36
08/22/2021,ILG,DE,AEA,EN,Towers with Radar,0,2,5,7,14,0,0,5,1,6,0,2,10,8,20,16,0,16,36
08/23/2021,ILG,DE,AEA,EN,Towers with Radar,0,15,29,0,44,0,0,29,5,34,0,15,58,5,78,41,9,50,128
08/24/2021,ILG,DE,AEA,EN,Towers with Radar,2,8,17,4,31,0,0,51,9,60,2,8,68,13,91,26,12,38,129
08/25/2021,ILG,DE,AEA,EN,Towers with Radar,0,1,31,2,34,0,0,66,9,75,0,1,97,11,109,27,29,56,165
08/26/2021,ILG,DE,AEA,EN,Towers with Radar,2,7,32,2,43,0,2,43,0,45,2,9,75,2,88,27,0,27,115
08/27/2021,ILG,DE,AEA,EN,Towers with Radar,0,8,23,0,31,0,0,46,0,46,0,8,69,0,77,26,0,26,103
08/28/2021,ILG,DE,AEA,EN,Towers with Radar,0,3,20,0,23,0,0,3,0,3,0,3,23,0,26,12,0,12,38
08/29/2021,ILG,DE,AEA,EN,Towers with Radar,0,6,8,0,14,0,0,22,0,22,0,6,30,0,36,14,0,14,50
08/30/2021,ILG,DE,AEA,EN,Towers with Radar,0,6,18,3,27,0,1,20,2,23,0,7,38,5,50,16,0,16,66
08/31/2021,ILG,DE,AEA,EN,Towers with Radar,2,16,32,5,55,0,1,40,15,56,2,17,72,20,111,53,4,57,168
09/01/2021,ILG,DE,AEA,EN,Towers with Radar,2,8,24,0,34,0,0,5,0,5,2,8,29,0,39,13,0,13,52
09/02/2021,ILG,DE,AEA,EN,Towers with Radar,2,8,22,5,37,0,5,54,11,70,2,13,76,16,107,21,0,21,128
09/03/2021,ILG,DE,AEA,EN,Towers with Radar,0,8,32,1,41,0,0,46,7,53,0,8,78,8,94,22,2,24,118
09/04/2021,ILG,DE,AEA,EN,Towers with Radar,0,0,3,0,3,0,0,7,0,7,0,0,10,0,10,0,0,0,10
09/05/2021,ILG,DE,AEA,EN,Towers with Radar,2,4,5,0,11,0,0,3,0,3,2,4,8,0,14,0,0,0,14
09/06/2021,ILG,DE,AEA,EN,Towers with Radar,0,1,12,0,13,0,0,4,8,12,0,1,16,8,25,0,0,0,25
09/07/2021,ILG,DE,AEA,EN,Towers with Radar,2,8,34,3,47,0,0,59,19,78,2,8,93,22,125,56,11,67,192
09/08/2021,ILG,DE,AEA,EN,Towers with Radar,0,15,25,3,43,0,0,22,15,37,0,15,47,18,80,45,0,45,125
09/09/2021,ILG,DE,AEA,EN,Towers with Radar,0,8,32,0,40,0,0,25,4,29,0,8,57,4,69,16,0,16,85
09/10/2021,ILG,DE,AEA,EN,Towers with Radar,0,9,24,7,40,0,0,53,8,61,0,9,77,15,101,62,3,65,166
09/11/2021,ILG,DE,AEA,EN,Towers with Radar,0,9,11,5,25,0,0,62,12,74,0,9,73,17,99,48,0,48,147
09/12/2021,ILG,DE,AEA,EN,Towers with Radar,0,3,5,2,10,0,0,6,6,12,0,3,11,8,22,0,2,2,24
09/13/2021,ILG,DE,AEA,EN,Towers with Radar,0,8,25,2,35,0,0,35,26,61,0,8,60,28,96,37,6,43,139
09/14/2021,ILG,DE,AEA,EN,Towers with Radar,0,14,18,6,38,0,0,42,8,50,0,14,60,14,88,22,0,22,110
09/15/2021,ILG,DE,AEA,EN,Towers with Radar,0,16,53,6,75,0,4,38,7,49,0,20,91,13,124,37,24,61,185
09/16/2021,ILG,DE,AEA,EN,Towers with Radar,2,8,27,2,39,0,0,22,1,23,2,8,49,3,62,6,26,32,94
09/17/2021,ILG,DE,AEA,EN,Towers with Radar,0,10,25,0,35,0,0,12,0,12,0,10,37,0,47,0,0,0,47
09/18/2021,ILG,DE,AEA,EN,Towers with Radar,0,11,20,0,31,0,0,32,0,32,0,11,52,0,63,40,0,40,103
09/19/2021,ILG,DE,AEA,EN,Towers with Radar,2,15,39,0,56,0,0,75,0,75,2,15,114,0,131,76,0,76,207
09/20/2021,ILG,DE,AEA,EN,Towers with Radar,0,9,27,1,37,0,0,33,6,39,0,9,60,7,76,35,0,35,111
09/21/2021,ILG,DE,AEA,EN,Towers with Radar,0,8,18,1,27,0,2,41,9,52,0,10,59,10,79,60,2,62,141
09/22/2021,ILG,DE,AEA,EN,Towers with Radar,0,17,39,7,63,0,0,19,6,25,0,17,58,13,88,48,8,56,144
09/23/2021,ILG,DE,AEA,EN,Towers with Radar,2,6,13,0,21,0,0,5,0,5,2,6,18,0,26,4,0,4,30
09/24/2021,ILG,DE,AEA,EN,Towers with Radar,0,14,37,1,52,0,0,70,0,70,0,14,107,1,122,49,0,49,171
09/25/2021,ILG,DE,AEA,EN,Towers with Radar,0,10,17,0,27,0,1,63,1,65,0,11,80,1,92,40,0,40,132
09/26/2021,ILG,DE,AEA,EN,Towers with Radar,2,13,21,0,36,0,0,45,0,45,2,13,66,0,81,42,0,42,123
09/27/2021,ILG,DE,AEA,EN,Towers with Radar,0,10,37,0,47,0,0,77,0,77,0,10,114,0,124,59,0,59,183
09/28/2021,ILG,DE,AEA,EN,Towers with Radar,0,13,19,1,33,0,0,24,0,24,0,13,43,1,57,23,0,23,80
09/29/2021,ILG,DE,AEA,EN,Towers with Radar,0,39,61,0,100,0,0,48,7,55,0,39,109,7,155,26,4,30,185
09/30/2021,ILG,DE,AEA,EN,Towers with Radar,2,4,35,3,44,0,0,54,4,58,2,4,89,7,102,50,0,50,152
10/01/2021,ILG,DE,AEA,EN,Towers with Radar,0,8,33,2,43,0,0,53,7,60,0,8,86,9,103,36,0,36,139
10/02/2021,ILG,DE,AEA,EN,Towers with Radar,0,0,4,0,4,0,0,4,7,11,0,0,8,7,15,0,0,0,15
10/03/2021,ILG,DE,AEA,EN,Towers with Radar,2,1,4,2,9,0,0,3,3,6,2,1,7,5,15,0,0,0,15
10/04/2021,ILG,DE,AEA,EN,Towers with Radar,0,7,17,1,25,0,0,36,15,51,0,7,53,16,76,95,4,99,175
10/05/2021,ILG,DE,AEA,EN,Towers with Radar,0,14,35,0,49,0,0,0,0,0,0,14,35,0,49,0,0,0,49
10/06/2021,ILG,DE,AEA,EN,Towers with Radar,0,8,31,1,40,0,1,13,7,21,0,9,44,8,61,84,4,88,149
10/07/2021,ILG,DE,AEA,EN,Towers with Radar,2,8,50,5,65,0,1,41,20,62,2,9,91,25,127,75,10,85,212
10/08/2021,ILG,DE,AEA,EN,Towers with Radar,0,8,39,0,47,0,1,48,3,52,0,9,87,3,99,81,0,81,180
10/09/2021,ILG,DE,AEA,EN,Towers with Radar,0,10,4,0,14,0,0,1,0,1,0,10,5,0,15,0,0,0,15
10/10/2021,ILG,DE,AEA,EN,Towers with Radar,2,1,8,0,11,0,0,1,0,1,2,1,9,0,12,0,0,0,12
10/11/2021,ILG,DE,AEA,EN,Towers with Radar,0,3,6,0,9,0,2,2,7,11,0,5,8,7,20,0,0,0,20
10/12/2021,ILG,DE,AEA,EN,Towers with Radar,2,11,34,12,59,0,0,7,4,11,2,11,41,16,70,14,0,14,84
10/13/2021,ILG,DE,AEA,EN,Towers with Radar,0,21,109,6,136,0,0,18,7,25,0,21,127,13,161,21,7,28,189
10/14/2021,ILG,DE,AEA,EN,Towers with Radar,2,11,26,2,41,0,1,46,7,54,2,12,72,9,95,74,17,91,186
10/15/2021,ILG,DE,AEA,EN,Towers with Radar,0,12,31,0,43,0,0,57,10,67,0,12,88,10,110,74,0,74,184
10/16/2021,ILG,DE,AEA,EN,Towers with Radar,0,1,18,1,20,0,0,23,12,35,0,1,41,13,55,0,0,0,55
10/17/2021,ILG,DE,AEA,EN,Towers with Radar,2,7,26,0,35,0,0,33,7,40,2,7,59,7,75,8,6,14,89
10/18/2021,ILG,DE,AEA,EN,Towers with Radar,0,10,24,0,34,0,1,33,0,34,0,11,57,0,68,26,0,26,94
10/19/2021,ILG,DE,AEA,EN,Towers with Radar,2,12,13,6,33,0,0,40,17,57,2,12,53,23,90,24,25,49,139
10/20/2021,ILG,DE,AEA,EN,Towers with Radar,0,16,80,12,108,0,0,69,24,93,0,16,149,36,201,56,5,61,262
10/21/2021,ILG,DE,AEA,EN,Towers with Radar,2,12,33,2,49,0,1,59,9,69,2,13,92,11,118,45,14,59,177
10/22/2021,ILG,DE,AEA,EN,Towers with Radar,0,11,16,2,29,0,1,56,9,66,0,12,72,11,95,44,0,44,139
10/23/2021,ILG,DE,AEA,EN,Towers with Radar,0,0,3,0,3,0,0,3,0,3,0,0,6,0,6,0,0,0,6
10/24/2021,ILG,DE,AEA,EN,Towers with Radar,2,6,13,4,25,0,0,6,0,6,2,6,19,4,31,0,0,0,31
10/25/2021,ILG,DE,AEA,EN,Towers with Radar,0,7,22,4,33,0,0,40,7,47,0,7,62,11,80,23,2,25,105
10/26/2021,ILG,DE,AEA,EN,Towers with Radar,0,9,24,8,41,0,0,1,18,19,0,9,25,26,60,0,18,18,78
10/27/2021,ILG,DE,AEA,EN,Towers with Radar,0,28,50,8,86,0,0,32,16,48,0,28,82,24,134,16,19,35,169
10/28/2021,ILG,DE,AEA,EN,Towers with Radar,2,8,32,6,48,0,1,81,5,87,2,9,113,11,135,43,4,47,182
10/29/2021,ILG,DE,AEA,EN,Towers with Radar,1,8,25,1,35,0,0,5,0,5,1,8,30,1,40,9,0,9,49
10/30/2021,ILG,DE,AEA,EN,Towers with Radar,1,1,18,0,20,0,0,13,0,13,1,1,31,0,33,29,0,29,62
10/31/2021,ILG,DE,AEA,EN,Towers with Radar,2,11,27,0,40,0,0,24,0,24,2,11,51,0,64,4,0,4,68
11/01/2021,ILG,DE,AEA,EN,Towers with Radar,0,6,31,0,37,0,0,48,0,48,0,6,79,0,85,23,0,23,108
11/02/2021,ILG,DE,AEA,EN,Towers with Radar,0,12,24,2,38,0,0,24,13,37,0,12,48,15,75,26,55,81,156
11/03/2021,ILG,DE,AEA,EN,Towers with Radar,0,12,25,6,43,0,0,46,23,69,0,12,71,29,112,25,9,34,146
11/04/2021,ILG,DE,AEA,EN,Towers with Radar,2,8,32,0,42,0,0,66,7,73,2,8,98,7,115,38,0,38,153
11/05/2021,ILG,DE,AEA,EN,Towers with Radar,0,13,28,1,42,0,0,38,8,46,0,13,66,9,88,32,0,32,120
11/06/2021,ILG,DE,AEA,EN,Towers with Radar,0,9,19,3,31,0,0,50,17,67,0,9,69,20,98,34,0,34,132
11/07/2021,ILG,DE,AEA,EN,Towers with Radar,0,11,38,3,52,0,0,57,13,70,0,11,95,16,122,33,0,33,155
11/08/2021,ILG,DE,AEA,EN,Towers with Radar,2,14,40,8,64,0,0,37,7,44,2,14,77,15,108,43,2,45,153
11/09/2021,ILG,DE,AEA,EN,Towers with Radar,0,13,42,7,62,0,0,53,19,72,0,13,95,26,134,57,6,63,197
11/10/2021,ILG,DE,AEA,EN,Towers with Radar,0,13,59,0,72,0,2,38,18,58,0,15,97,18,130,36,12,48,178
11/11/2021,ILG,DE,AEA,EN,Towers with Radar,0,11,31,0,42,0,0,38,0,38,0,11,69,0,80,10,0,10,90
11/12/2021,ILG,DE,AEA,EN,Towers with Radar,2,13,30,0,45,0,0,14,0,14,2,13,44,0,59,0,0,0,59
11/13/2021,ILG,DE,AEA,EN,Towers with Radar,0,10,19,0,29,0,0,13,0,13,0,10,32,0,42,14,0,14,56
11/14/2021,ILG,DE,AEA,EN,Towers with Radar,0,16,35,0,51,0,0,30,0,30,0,16,65,0,81,43,0,43,124
11/15/2021,ILG,DE,AEA,EN,Towers with Radar,2,8,28,0,38,0,0,17,7,24,2,8,45,7,62,4,10,14,76
11/16/2021,ILG,DE,AEA,EN,Towers with Radar,0,14,32,6,52,0,1,57,16,74,0,15,89,22,126,46,22,68,194
11/17/2021,ILG,DE,AEA,EN,Towers with Radar,0,22,55,8,85,0,0,42,13,55,0,22,97,21,140,44,24,68,208
11/18/2021,ILG,DE,AEA,EN,Towers with Radar,0,3,16,7,26,0,1,40,6,47,0,4,56,13,73,36,0,36,109
11/19/2021,ILG,DE,AEA,EN,Towers with Radar,2,2,22,0,26,0,0,33,5,38,2,2,55,5,64,2,0,2,66
11/20/2021,ILG,DE,AEA,EN,Towers with Radar,0,5,6,0,11,0,0,2,0,2,0,5,8,0,13,0,0,0,13
11/21/2021,ILG,DE,AEA,EN,Towers with Radar,0,5,6,1,12,0,0,15,18,33,0,5,21,19,45,6,0,6,51
11/22/2021,ILG,DE,AEA,EN,Towers with Radar,2,18,22,5,47,0,0,41,14,55,2,18,63,19,102,63,1,64,166
11/23/2021,ILG,DE,AEA,EN,Towers with Radar,0,9,35,2,46,0,2,39,11,52,0,11,74,13,98,20,0,20,118
11/24/2021,ILG,DE,AEA,EN,Towers with Radar,0,8,35,0,43,0,0,65,4,69,0,8,100,4,112,52,0,52,164
11/25/2021,ILG,DE,AEA,EN,Towers with Radar,0,2,7,0,9,0,0,23,0,23,0,2,30,0,32,0,0,0,32
11/26/2021,ILG,DE,AEA,EN,Towers with Radar,2,8,13,0,23,0,0,9,0,9,2,8,22,0,32,0,0,0,32
11/27/2021,ILG,DE,AEA,EN,Towers with Radar,0,8,16,0,24,0,0,15,0,15,0,8,31,0,39,2,0,2,41
11/28/2021,ILG,DE,AEA,EN,Towers with Radar,0,17,35,0,52,0,2,63,0,65,0,19,98,0,117,28,0,28,145
11/29/2021,ILG,DE,AEA,EN,Towers with Radar,2,10,28,2,42,0,1,36,1,38,2,11,64,3,80,22,6,28,108
11/30/2021,ILG,DE,AEA,EN,Towers with Radar,0,3,42,1,46,0,2,30,18,50,0,5,72,19,96,24,14,38,134
12/01/2021,ILG,DE,AEA,EN,Towers with Radar,0,18,35,5,58,0,0,65,13,78,0,18,100,18,136,76,13,89,225
12/02/2021,ILG,DE,AEA,EN,Towers with Radar,0,3,17,9,29,0,0,30,2,32,0,3,47,11,61,33,6,39,100
12/03/2021,ILG,DE,AEA,EN,Towers with Radar,2,7,18,2,29,0,0,25,6,31,2,7,43,8,60,33,0,33,93
12/04/2021,ILG,DE,AEA,EN,Towers with Radar,0,5,14,3,22,0,4,48,3,55,0,9,62,6,77,33,0,33,110
12/05/2021,ILG,DE,AEA,EN,Towers with Radar,0,16,23,0,39,0,1,53,1,55,0,17,76,1,94,74,10,84,178
12/06/2021,ILG,DE,AEA,EN,Towers with Radar,2,7,12,5,26,0,0,10,15,25,2,7,22,20,51,13,13,26,77
12/07/2021,ILG,DE,AEA,EN,Towers with Radar,0,9,16,4,29,0,0,47,14,61,0,9,63,18,90,33,6,39,129
12/08/2021,ILG,DE,AEA,EN,Towers with Radar,0,31,39,3,73,0,0,25,12,37,0,31,64,15,110,30,14,44,154
12/09/2021,ILG,DE,AEA,EN,Towers with Radar,0,28,43,7,78,0,0,45,12,57,0,28,88,19,135,35,5,40,175
12/10/2021,ILG,DE,AEA,EN,Towers with Radar,2,4,27,1,34,0,3,36,3,42,2,7,63,4,76,39,4,43,119
12/11/2021,ILG,DE,AEA,EN,Towers with Radar,0,2,2,0,4,0,1,0,0,1,0,3,2,0,5,0,0,0,5
12/12/2021,ILG,DE,AEA,EN,Towers with Radar,0,2,7,1,10,0,0,5,9,14,0,2,12,10,24,0,0,0,24
12/13/2021,ILG,DE,AEA,EN,Towers with Radar,4,10,59,2,75,0,1,50,13,64,4,11,109,15,139,69,6,75,214
12/14/2021,ILG,DE,AEA,EN,Towers with Radar,0,2,34,3,39,0,4,43,16,63,0,6,77,19,102,14,4,18,120
12/15/2021,ILG,DE,AEA,EN,Towers with Radar,0,4,33,4,41,0,0,30,8,38,0,4,63,12,79,42,37,79,158
12/16/2021,ILG,DE,AEA,EN,Towers with Radar,0,10,31,3,44,0,0,59,11,70,0,10,90,14,114,87,22,109,223
12/17/2021,ILG,DE,AEA,EN,Towers with Radar,2,1,18,0,21,0,0,31,7,38,2,1,49,7,59,51,0,51,110
12/18/2021,ILG,DE,AEA,EN,Towers with Radar,0,2,14,0,16,0,0,0,0,0,0,2,14,0,16,0,0,0,16
12/19/2021,ILG,DE,AEA,EN,Towers with Radar,0,3,3,0,6,0,0,0,0,0,0,3,3,0,6,0,0,0,6
12/20/2021,ILG,DE,AEA,EN,Towers with Radar,2,17,25,3,47,0,2,42,23,67,2,19,67,26,114,12,22,34,148
12/21/2021,ILG,DE,AEA,EN,Towers with Radar,0,13,22,4,39,0,0,63,12,75,0,13,85,16,114,22,2,24,138
12/22/2021,ILG,DE,AEA,EN,Towers with Radar,0,14,24,4,42,0,0,20,3,23,0,14,44,7,65,14,2,16,81
12/23/2021,ILG,DE,AEA,EN,Towers with Radar,0,7,29,0,36,0,1,58,0,59,0,8,87,0,95,34,0,34,129
12/24/2021,ILG,DE,AEA,EN,Towers with Radar,2,4,8,0,14,0,0,35,0,35,2,4,43,0,49,4,0,4,53
12/25/2021,ILG,DE,AEA,EN,Towers with Radar,0,2,5,0,7,0,3,9,0,12,0,5,14,0,19,4,0,4,23
12/26/2021,ILG,DE,AEA,EN,Towers with Radar,0,5,20,0,25,0,0,13,3,16,0,5,33,3,41,20,6,26,67
12/27/2021,ILG,DE,AEA,EN,Towers with Radar,0,13,29,2,44,0,1,10,0,11,0,14,39,2,55,27,0,27,82
12/28/2021,ILG,DE,AEA,EN,Towers with Radar,0,5,31,1,37,0,0,43,1,44,0,5,74,2,81,29,0,29,110
12/29/2021,ILG,DE,AEA,EN,Towers with Radar,0,8,31,1,40,0,2,11,12,25,0,10,42,13,65,25,6,31,96
12/30/2021,ILG,DE,AEA,EN,Towers with Radar,0,1,13,3,17,0,0,0,0,0,0,1,13,3,17,0,0,0,17
12/31/2021,ILG,DE,AEA,EN,Towers with Radar,2,0,6,0,8,0,0,0,0,0,2,0,6,0,8,0,0,0,8
01/01/2022,ILG,DE,AEA,EN,Towers with Radar,0,3,2,0,5,0,0,0,0,0,0,3,2,0,5,0,0,0,5
01/02/2022,ILG,DE,AEA,EN,Towers with Radar,0,3,8,0,11,0,3,3,0,6,0,6,11,0,17,0,2,2,19
01/03/2022,ILG,DE,AEA,EN,Towers with Radar,2,1,10,2,15,0,1,0,3,4,2,2,10,5,19,0,0,0,19
01/04/2022,ILG,DE,AEA,EN,Towers with Radar,0,5,27,6,38,0,1,38,4,43,0,6,65,10,81,38,13,51,132
01/05/2022,ILG,DE,AEA,EN,Towers with Radar,0,13,33,11,57,0,2,10,17,29,0,15,43,28,86,0,12,12,98
01/06/2022,ILG,DE,AEA,EN,Towers with Radar,0,5,26,3,34,0,0,49,11,60,0,5,75,14,94,26,7,33,127
01/07/2022,ILG,DE,AEA,EN,Towers with Radar,2,5,10,0,17,0,4,6,6,16,2,9,16,6,33,18,0,18,51
01/08/2022,ILG,DE,AEA,EN,Towers with Radar,0,8,35,7,50,0,2,42,6,50,0,10,77,13,100,38,18,56,156
01/09/2022,ILG,DE,AEA,EN,Towers with Radar,0,3,15,0,18,0,0,6,0,6,0,3,21,0,24,40,0,40,64
01/10/2022,ILG,DE,AEA,EN,Towers with Radar,2,3,23,0,28,0,0,31,0,31,2,3,54,0,59,31,0,31,90
01/11/2022,ILG,DE,AEA,EN,Towers with Radar,0,7,18,5,30,0,0,31,14,45,0,7,49,19,75,8,1,9,84
01/12/2022,ILG,DE,AEA,EN,Towers with Radar,0,13,63,2,78,0,3,55,22,80,0,16,118,24,158,58,11,69,227
01/13/2022,ILG,DE,AEA,EN,Towers with Radar,0,5,24,4,33,0,0,55,3,58,0,5,79,7,91,58,0,58,149
01/14/2022,ILG,DE,AEA,EN,Towers with Radar,2,16,11,2,31,0,0,15,13,28,2,16,26,15,59,17,20,37,96
01/15/2022,ILG,DE,AEA,EN,Towers with Radar,0,1,8,0,9,0,0,5,1,6,0,1,13,1,15,0,0,0,15
01/16/2022,ILG,DE,AEA,EN,Towers with Radar,0,3,3,1,7,0,0,3,1,4,0,3,6,2,11,0,0,0,11
01/17/2022,ILG,DE,AEA,EN,Towers with Radar,2,3,2,2,9,0,0,1,0,1,2,3,3,2,10,0,0,0,10
01/18/2022,ILG,DE,AEA,EN,Towers with Radar,0,1,21,4,26,0,0,24,37,61,0,1,45,41,87,11,20,31,118
01/19/2022,ILG,DE,AEA,EN,Towers with Radar,0,4,26,6,36,0,0,53,14,67,0,4,79,20,103,109,0,109,212
01/20/2022,ILG,DE,AEA,EN,Towers with Radar,0,4,25,6,35,0,1,1,5,7,0,5,26,11,42,0,8,8,50
01/21/2022,ILG,DE,AEA,EN,Towers with Radar,2,4,23,0,29,0,0,49,9,58,2,4,72,9,87,88,7,95,182
01/22/2022,ILG,DE,AEA,EN,Towers with Radar,0,4,22,0,26,0,0,36,0,36,0,4,58,0,62,57,0,57,119
01/23/2022,ILG,DE,AEA,EN,Towers with Radar,0,3,23,0,26,0,1,46,1,48,0,4,69,1,74,86,0,86,160
01/24/2022,ILG,DE,AEA,EN,Towers with Radar,2,6,23,2,33,0,0,47,12,59,2,6,70,14,92,76,4,80,172
01/25/2022,ILG,DE,AEA,EN,Towers with Radar,0,10,29,6,45,0,0,51,17,68,0,10,80,23,113,6,6,12,125
01/26/2022,ILG,DE,AEA,EN,Towers with Radar,0,5,17,8,30,0,3,52,10,65,0,8,69,18,95,44,12,56,151
01/27/2022,ILG,DE,AEA,EN,Towers with Radar,0,4,41,4,49,0,0,55,3,58,0,4,96,7,107,76,0,76,183
01/28/2022,ILG,DE,AEA,EN,Towers with Radar,0,10,19,0,29,0,0,9,0,9,0,10,28,0,38,18,0,18,56
01/29/2022,ILG,DE,AEA,EN,Towers with Radar,0,0,1,0,1,0,1,0,0,1,0,1,1,0,2,0,0,0,2
01/30/2022,ILG,DE,AEA,EN,Towers with Radar,0,15,19,0,34,0,0,14,0,14,0,15,33,0,48,25,0,25,73
01/31/2022,ILG,DE,AEA,EN,Towers with Radar,2,5,31,0,38,0,0,25,0,25,2,5,56,0,63,43,0,43,106
02/01/2022,ILG,DE,AEA,EN,Towers with Radar,0,4,17,4,25,0,0,47,12,59,0,4,64,16,84,115,0,115,199
02/02/2022,ILG,DE,AEA,EN,Towers with Radar,0,7,27,4,38,0,0,6,0,6,0,7,33,4,44,0,0,0,44
02/03/2022,ILG,DE,AEA,EN,Towers with Radar,0,3,17,2,22,0,0,0,0,0,0,3,17,2,22,0,0,0,22
02/04/2022,ILG,DE,AEA,EN,Towers with Radar,2,1,19,11,33,0,0,0,0,0,2,1,19,11,33,0,0,0,33
02/05/2022,ILG,DE,AEA,EN,Towers with Radar,0,0,7,3,10,0,0,2,3,5,0,0,9,6,15,0,0,0,15
02/06/2022,ILG,DE,AEA,EN,Towers with Radar,0,3,16,0,19,0,0,11,13,24,0,3,27,13,43,8,5,13,56
02/07/2022,ILG,DE,AEA,EN,Towers with Radar,2,2,27,1,32,0,0,1,0,1,2,2,28,1,33,2,0,2,35
02/08/2022,ILG,DE,AEA,EN,Towers with Radar,0,8,30,7,45,0,0,47,10,57,0,8,77,17,102,32,8,40,142
02/09/2022,ILG,DE,AEA,EN,Towers with Radar,0,11,14,6,31,0,0,98,16,114,0,11,112,22,145,89,14,103,248
02/10/2022,ILG,DE,AEA,EN,Towers with Radar,0,12,25,5,42,0,0,45,5,50,0,12,70,10,92,104,8,112,204
02/11/2022,ILG,DE,AEA,EN,Towers with Radar,2,8,22,2,34,0,2,52,11,65,2,10,74,13,99,35,0,35,134
02/12/2022,ILG,DE,AEA,EN,Towers with Radar,0,7,24,1,32,0,1,60,3,64,0,8,84,4,96,44,0,44,140
02/13/2022,ILG,DE,AEA,EN,Towers with Radar,0,4,9,0,13,0,0,0,0,0,0,4,9,0,13,0,0,0,13
02/14/2022,ILG,DE,AEA,EN,Towers with Radar,2,1,29,1,33,0,0,25,3,28,2,1,54,4,61,49,2,51,112
02/15/2022,ILG,DE,AEA,EN,Towers with Radar,0,7,29,14,50,0,0,63,17,80,0,7,92,31,130,48,30,78,208
02/16/2022,ILG,DE,AEA,EN,Towers with Radar,0,12,31,6,49,0,0,58,15,73,0,12,89,21,122,81,22,103,225
02/17/2022,ILG,DE,AEA,EN,Towers with Radar,0,10,26,3,39,0,0,17,6,23,0,10,43,9,62,8,0,8,70
02/18/2022,ILG,DE,AEA,EN,Towers with Radar,2,8,24,0,34,0,0,6,0,6,2,8,30,0,40,0,0,0,40
02/19/2022,ILG,DE,AEA,EN,Towers with Radar,0,8,15,1,24,0,0,15,0,15,0,8,30,1,39,22,0,22,61
02/20/2022,ILG,DE,AEA,EN,Towers with Radar,0,11,33,3,47,0,0,71,0,71,0,11,104,3,118,20,0,20,138
02/21/2022,ILG,DE,AEA,EN,Towers with Radar,2,15,37,2,56,0,1,86,0,87,2,16,123,2,143,55,0,55,198
02/22/2022,ILG,DE,AEA,EN,Towers with Radar,0,5,20,5,30,0,0,7,12,19,0,5,27,17,49,16,4,20,69
02/23/2022,ILG,DE,AEA,EN,Towers with Radar,0,12,28,3,43,0,0,44,4,48,0,12,72,7,91,28,22,50,141
02/24/2022,ILG,DE,AEA,EN,Towers with Radar,0,22,24,2,48,0,0,28,7,35,0,22,52,9,83,27,0,27,110
02/25/2022,ILG,DE,AEA,EN,Towers with Radar,2,3,21,1,27,0,0,2,10,12,2,3,23,11,39,10,0,10,49
02/26/2022,ILG,DE,AEA,EN,Towers with Radar,0,4,5,1,10,0,1,3,0,4,0,5,8,1,14,0,2,2,16
02/27/2022,ILG,DE,AEA,EN,Towers with Radar,0,1,10,0,11,0,0,1,0,1,0,1,11,0,12,0,0,0,12
02/28/2022,ILG,DE,AEA,EN,Towers with Radar,2,4,29,6,41,0,0,49,34,83,2,4,78,40,124,51,3,54,178
03/01/2022,ILG,DE,AEA,EN,Towers with Radar,0,10,19,7,36,0,0,47,16,63,0,10,66,23,99,80,12,92,191
03/02/2022,ILG,DE,AEA,EN,Towers with Radar,2,9,39,3,53,0,2,85,20,107,2,11,124,23,160,97,21,118,278
03/03/2022,ILG,DE,AEA,EN,Towers with Radar,0,1,37,2,40,0,0,50,12,62,0,1,87,14,102,60,7,67,169
03/04/2022,ILG,DE,AEA,EN,Towers with Radar,2,4,23,2,31,0,0,63,19,82,2,4,86,21,113,79,0,79,192
03/05/2022,ILG,DE,AEA,EN,Towers with Radar,0,5,7,6,18,0,2,5,2,9,0,7,12,8,27,0,0,0,27
03/06/2022,ILG,DE,AEA,EN,Towers with Radar,0,4,7,1,12,0,0,3,8,11,0,4,10,9,23,0,0,0,23
03/07/2022,ILG,DE,AEA,EN,Towers with Radar,2,3,21,0,26,0,1,20,2,23,2,4,41,2,49,2,2,4,53
03/08/2022,ILG,DE,AEA,EN,Towers with Radar,0,8,23,7,38,0,0,36,13,49,0,8,59,20,87,44,13,57,144
03/09/2022,ILG,DE,AEA,EN,Towers with Radar,0,14,40,8,62,0,0,0,0,0,0,14,40,8,62,0,0,0,62
03/10/2022,ILG,DE,AEA,EN,Towers with Radar,0,13,28,4,45,0,0,62,7,69,0,13,90,11,114,37,2,39,153
03/11/2022,ILG,DE,AEA,EN,Towers with Radar,2,14,28,1,45,0,0,47,4,51,2,14,75,5,96,14,0,14,110
03/12/2022,ILG,DE,AEA,EN,Towers with Radar,0,4,10,1,15,0,0,0,0,0,0,4,10,1,15,0,0,0,15
03/13/2022,ILG,DE,AEA,EN,Towers with Radar,0,6,21,0,27,0,3,17,0,20,0,9,38,0,47,2,0,2,49
03/14/2022,ILG,DE,AEA,EN,Towers with Radar,0,11,26,2,39,0,0,52,12,64,0,11,78,14,103,39,2,41,144
03/15/2022,ILG,DE,AEA,EN,Towers with Radar,0,5,25,2,32,0,0,87,11,98,0,5,112,13,130,50,6,56,186
03/16/2022,ILG,DE,AEA,EN,Towers with Radar,0,2,21,4,27,0,2,68,20,90,0,4,89,24,117,28,6,34,151
03/17/2022,ILG,DE,AEA,EN,Towers with Radar,1,10,35,5,51,0,0,0,0,0,1,10,35,5,51,0,0,0,51
03/18/2022,ILG,DE,AEA,EN,Towers with Radar,2,5,28,0,35,0,1,43,4,48,2,6,71,4,83,36,8,44,127
03/19/2022,ILG,DE,AEA,EN,Towers with Radar,0,8,19,0,27,0,0,24,0,24,0,8,43,0,51,28,0,28,79
03/20/2022,ILG,DE,AEA,EN,Towers with Radar,0,10,28,0,38,0,0,18,0,18,0,10,46,0,56,41,0,41,97
03/21/2022,ILG,DE,AEA,EN,Towers with Radar,2,15,23,0,40,0,5,53,11,69,2,20,76,11,109,45,4,49,158
03/22/2022,ILG,DE,AEA,EN,Towers with Radar,0,6,20,7,33,0,2,93,24,119,0,8,113,31,152,55,16,71,223
03/23/2022,ILG,DE,AEA,EN,Towers with Radar,0,5,35,5,45,0,0,27,12,39,0,5,62,17,84,45,13,58,142
03/24/2022,ILG,DE,AEA,EN,Towers with Radar,0,9,32,3,44,0,0,0,0,0,0,9,32,3,44,0,0,0,44
03/25/2022,ILG,DE,AEA,EN,Towers with Radar,2,10,37,0,49,0,0,50,0,50,2,10,87,0,99,53,0,53,152
03/26/2022,ILG,DE,AEA,EN,Towers with Radar,0,6,24,0,30,0,0,28,0,28,0,6,52,0,58,39,0,39,97
03/27/2022,ILG,DE,AEA,EN,Towers with Radar,0,10,16,1,27,0,1,17,2,20,0,11,33,3,47,16,0,16,63
03/28/2022,ILG,DE,AEA,EN,Towers with Radar,2,9,19,5,35,0,0,14,6,20,2,9,33,11,55,10,4,14,69
03/29/2022,ILG,DE,AEA,EN,Towers with Radar,0,8,39,2,49,0,0,59,20,79,0,8,98,22,128,33,4,37,165
03/30/2022,ILG,DE,AEA,EN,Towers with Radar,0,5,18,2,25,0,1,54,13,68,0,6,72,15,93,13,12,25,118
03/31/2022,ILG,DE,AEA,EN,Towers with Radar,0,12,19,7,38,0,4,0,3,7,0,16,19,10,45,0,0,0,45
04/01/2022,ILG,DE,AEA,EN,Towers with Radar,2,6,20,2,30,0,0,18,16,34,2,6,38,18,64,16,0,16,80
04/02/2022,ILG,DE,AEA,EN,Towers with Radar,0,2,7,5,14,0,0,5,22,27,0,2,12,27,41,0,0,0,41
04/03/2022,ILG,DE,AEA,EN,Towers with Radar,0,2,9,3,14,0,1,6,7,14,0,3,15,10,28,0,0,0,28
04/04/2022,ILG,DE,AEA,EN,Towers with Radar,0,6,26,1,33,0,0,58,13,71,0,6,84,14,104,80,0,80,184
04/05/2022,ILG,DE,AEA,EN,Towers with Radar,0,6,59,6,71,0,0,41,14,55,0,6,100,20,126,62,3,65,191
04/06/2022,ILG,DE,AEA,EN,Towers with Radar,0,2,43,4,49,0,0,1,4,5,0,2,44,8,54,6,6,12,66
04/07/2022,ILG,DE,AEA,EN,Towers with Radar,0,7,25,0,32,0,0,0,0,0,0,7,25,0,32,0,0,0,32
04/08/2022,ILG,DE,AEA,EN,Towers with Radar,2,12,31,4,49,0,0,52,12,64,2,12,83,16,113,79,6,85,198
04/09/2022,ILG,DE,AEA,EN,Towers with Radar,0,1,10,0,11,0,0,16,5,21,0,1,26,5,32,34,0,34,66
04/10/2022,ILG,DE,AEA,EN,Towers with Radar,2,6,6,1,15,0,0,1,2,3,2,6,7,3,18,0,0,0,18
04/11/2022,ILG,DE,AEA,EN,Towers with Radar,2,5,22,4,33,0,0,50,28,78,2,5,72,32,111,34,40,74,185
04/12/2022,ILG,DE,AEA,EN,Towers with Radar,0,8,48,15,71,0,0,56,20,76,0,8,104,35,147,63,19,82,229
04/13/2022,ILG,DE,AEA,EN,Towers with Radar,2,5,48,3,58,0,0,67,16,83,2,5,115,19,141,38,22,60,201
04/14/2022,ILG,DE,AEA,EN,Towers with Radar,0,7,29,4,40,0,0,35,7,42,0,7,64,11,82,48,6,54,136
04/15/2022,ILG,DE,AEA,EN,Towers with Radar,2,6,30,3,41,0,0,80,2,82,2,6,110,5,123,85,2,87,210
04/16/2022,ILG,DE,AEA,EN,Towers with Radar,0,4,12,0,16,0,0,50,0,50,0,4,62,0,66,6,0,6,72
04/17/2022,ILG,DE,AEA,EN,Towers with Radar,2,8,28,0,38,0,0,26,0,26,2,8,54,0,64,9,0,9,73
04/18/2022,ILG,DE,AEA,EN,Towers with Radar,2,8,44,0,54,0,0,13,5,18,2,8,57,5,72,4,3,7,79
04/19/2022,ILG,DE,AEA,EN,Towers with Radar,0,14,25,2,41,0,0,2,18,20,0,14,27,20,61,28,26,54,115
04/20/2022,ILG,DE,AEA,EN,Towers with Radar,2,9,23,4,38,0,1,60,18,79,2,10,83,22,117,50,19,69,186
04/21/2022,ILG,DE,AEA,EN,Towers with Radar,0,8,35,2,45,0,1,73,12,86,0,9,108,14,131,77,20,97,228
04/22/2022,ILG,DE,AEA,EN,Towers with Radar,2,4,28,0,34,0,0,61,10,71,2,4,89,10,105,87,0,87,192
04/23/2022,ILG,DE,AEA,EN,Towers with Radar,0,2,4,0,6,0,0,5,7,12,0,2,9,7,18,0,0,0,18
04/24/2022,ILG,DE,AEA,EN,Towers with Radar,0,2,6,0,8,0,0,0,0,0,0,2,6,0,8,0,0,0,8
04/25/2022,ILG,DE,AEA,EN,Towers with Radar,2,6,16,11,35,0,0,17,9,26,2,6,33,20,61,29,10,39,100
04/26/2022,ILG,DE,AEA,EN,Towers with Radar,0,12,37,7,56,0,0,8,12,20,0,12,45,19,76,109,0,109,185
04/27/2022,ILG,DE,AEA,EN,Towers with Radar,0,8,30,4,42,0,0,13,18,31,0,8,43,22,73,0,19,19,92
04/28/2022,ILG,DE,AEA,EN,Towers with Radar,0,9,24,1,34,0,1,23,9,33,0,10,47,10,67,4,8,12,79
04/29/2022,ILG,DE,AEA,EN,Towers with Radar,2,20,23,4,49,0,0,35,0,35,2,20,58,4,84,17,0,17,101
04/30/2022,ILG,DE,AEA,EN,Towers with Radar,0,7,19,0,26,0,0,105,0,105,0,7,124,0,131,111,0,111,242
05/01/2022,ILG,DE,AEA,EN,Towers with Radar,0,10,24,0,34,0,0,27,0,27,0,10,51,0,61,30,0,30,91
05/02/2022,ILG,DE,AEA,EN,Towers with Radar,2,19,27,4,52,0,0,24,6,30,2,19,51,10,82,55,4,59,141
05/03/2022,ILG,DE,AEA,EN,Towers with Radar,0,14,23,4,41,0,0,36,8,44,0,14,59,12,85,24,27,51,136
05/04/2022,ILG,DE,AEA,EN,Towers with Radar,0,14,79,14,107,0,0,14,10,24,0,14,93,24,131,38,12,50,181
05/05/2022,ILG,DE,AEA,EN,Towers with Radar,0,15,36,3,54,0,0,73,20,93,0,15,109,23,147,92,4,96,243
05/06/2022,ILG,DE,AEA,EN,Towers with Radar,0,5,36,6,47,0,1,5,0,6,0,6,41,6,53,0,3,3,56
05/07/2022,ILG,DE,AEA,EN,Towers with Radar,0,0,3,1,4,0,0,0,0,0,0,0,3,1,4,0,0,0,4
05/08/2022,ILG,DE,AEA,EN,Towers with Radar,0,8,21,0,29,0,0,3,0,3,0,8,24,0,32,0,0,0,32
05/09/2022,ILG,DE,AEA,EN,Towers with Radar,2,11,21,10,44,0,1,34,18,53,2,12,55,28,97,11,2,13,110
05/10/2022,ILG,DE,AEA,EN,Towers with Radar,0,9,37,10,56,0,0,52,10,62,0,9,89,20,118,44,10,54,172
05/11/2022,ILG,DE,AEA,EN,Towers with Radar,0,12,35,3,50,0,0,50,14,64,0,12,85,17,114,61,2,63,177
05/12/2022,ILG,DE,AEA,EN,Towers with Radar,0,28,45,24,97,0,0,19,5,24,0,28,64,29,121,19,24,43,164
05/13/2022,ILG,DE,AEA,EN,Towers with Radar,2,6,15,4,27,0,0,1,0,1,2,6,16,4,28,0,0,0,28
05/14/2022,ILG,DE,AEA,EN,Towers with Radar,0,3,6,0,9,0,0,0,0,0,0,3,6,0,9,0,0,0,9
05/15/2022,ILG,DE,AEA,EN,Towers with Radar,0,10,34,16,60,0,0,23,12,35,0,10,57,28,95,6,0,6,101
05/16/2022,ILG,DE,AEA,EN,Towers with Radar,2,16,10,3,31,0,0,3,2,5,2,16,13,5,36,35,0,35,71
05/17/2022,ILG,DE,AEA,EN,Towers with Radar,0,12,25,3,40,0,4,46,16,66,0,16,71,19,106,62,14,76,182
05/18/2022,ILG,DE,AEA,EN,Towers with Radar,0,13,33,3,49,0,2,98,10,110,0,15,131,13,159,82,0,82,241
05/19/2022,ILG,DE,AEA,EN,Towers with Radar,0,18,40,3,61,0,4,35,8,47,0,22,75,11,108,50,26,76,184
05/20/2022,ILG,DE,AEA,EN,Towers with Radar,0,13,21,2,36,0,0,41,3,44,0,13,62,5,80,78,6,84,164
05/21/2022,ILG,DE,AEA,EN,Towers with Radar,0,8,27,0,35,0,4,47,0,51,0,12,74,0,86,29,0,29,115
05/22/2022,ILG,DE,AEA,EN,Towers with Radar,0,8,27,1,36,0,4,39,1,44,0,12,66,2,80,20,0,20,100
05/23/2022,ILG,DE,AEA,EN,Towers with Radar,2,5,26,4,37,0,3,61,4,68,2,8,87,8,105,31,0,31,136
05/24/2022,ILG,DE,AEA,EN,Towers with Radar,0,2,25,8,35,0,2,38,17,57,0,4,63,25,92,53,25,78,170
05/25/2022,ILG,DE,AEA,EN,Towers with Radar,0,5,33,3,41,0,2,88,12,102,0,7,121,15,143,83,6,89,232
05/26/2022,ILG,DE,AEA,EN,Towers with Radar,0,8,53,6,67,0,1,26,7,34,0,9,79,13,101,108,3,111,212
05/27/2022,ILG,DE,AEA,EN,Towers with Radar,0,5,7,4,16,0,0,1,0,1,0,5,8,4,17,0,0,0,17
05/28/2022,ILG,DE,AEA,EN,Towers with Radar,0,3,5,1,9,0,2,1,1,4,0,5,6,2,13,0,0,0,13
05/29/2022,ILG,DE,AEA,EN,Towers with Radar,0,1,8,2,11,0,0,27,1,28,0,1,35,3,39,8,3,11,50
05/30/2022,ILG,DE,AEA,EN,Towers with Radar,2,5,21,1,29,0,0,49,5,54,2,5,70,6,83,67,0,67,150
05/31/2022,ILG,DE,AEA,EN,Towers with Radar,0,4,28,6,38,0,1,44,26,71,0,5,72,32,109,85,24,109,218
06/01/2022,ILG,DE,AEA,EN,Towers with Radar,0,7,38,7,52,0,0,64,12,76,0,7,102,19,128,64,16,80,208
06/02/2022,ILG,DE,AEA,EN,Towers with Radar,0,18,44,0,62,0,1,15,4,20,0,19,59,4,82,81,13,94,176
06/03/2022,ILG,DE,AEA,EN,Towers with Radar,0,13,39,0,52,0,17,56,2,75,0,30,95,2,127,93,0,93,220
06/04/2022,ILG,DE,AEA,EN,Towers with Radar,0,9,13,2,24,0,1,65,13,79,0,10,78,15,103,87,16,103,206
06/05/2022,ILG,DE,AEA,EN,Towers with Radar,0,4,48,2,54,0,4,70,9,83,0,8,118,11,137,37,12,49,186
06/06/2022,ILG,DE,AEA,EN,Towers with Radar,2,7,38,2,49,0,2,71,8,81,2,9,109,10,130,72,0,72,202
06/07/2022,ILG,DE,AEA,EN,Towers with Radar,0,6,27,4,37,0,0,36,27,63,0,6,63,31,100,43,15,58,158
06/08/2022,ILG,DE,AEA,EN,Towers with Radar,0,5,26,1,32,0,1,38,26,65,0,6,64,27,97,47,15,62,159
06/09/2022,ILG,DE,AEA,EN,Towers with Radar,0,10,24,3,37,0,3,37,6,46,0,13,61,9,83,48,36,84,167
06/10/2022,ILG,DE,AEA,EN,Towers with Radar,0,22,44,6,72,0,0,77,32,109,0,22,121,38,181,68,2,70,251
06/11/2022,ILG,DE,AEA,EN,Towers with Radar,0,9,11,2,22,0,0,17,0,17,0,9,28,2,39,0,0,0,39
06/12/2022,ILG,DE,AEA,EN,Towers with Radar,0,20,14,2,36,0,0,2,0,2,0,20,16,2,38,0,0,0,38
06/13/2022,ILG,DE,AEA,EN,Towers with Radar,0,7,45,13,65,0,0,35,31,66,0,7,80,44,131,56,18,74,205
06/14/2022,ILG,DE,AEA,EN,Towers with Radar,0,15,29,3,47,0,2,21,12,35,0,17,50,15,82,58,0,58,140
06/15/2022,ILG,DE,AEA,EN,Towers with Radar,0,14,28,5,47,0,1,87,30,118,0,15,115,35,165,40,4,44,209
06/16/2022,ILG,DE,AEA,EN,Towers with Radar,0,9,21,1,31,0,0,22,0,22,0,9,43,1,53,44,0,44,97
06/17/2022,ILG,DE,AEA,EN,Towers with Radar,0,9,40,0,49,0,0,56,4,60,0,9,96,4,109,12,0,12,121
06/18/2022,ILG,DE,AEA,EN,Towers with Radar,0,5,22,4,31,0,0,12,2,14,0,5,34,6,45,0,0,0,45
06/19/2022,ILG,DE,AEA,EN,Towers with Radar,0,2,17,1,20,0,0,20,0,20,0,2,37,1,40,20,0,20,60
06/20/2022,ILG,DE,AEA,EN,Towers with Radar,0,1,26,2,29,0,0,77,0,77,0,1,103,2,106,56,0,56,162
06/21/2022,ILG,DE,AEA,EN,Towers with Radar,0,3,62,3,68,0,2,60,9,71,0,5,122,12,139,96,16,112,251
06/22/2022,ILG,DE,AEA,EN,Towers with Radar,0,3,17,8,28,0,0,27,1,28,0,3,44,9,56,51,2,53,109
06/23/2022,ILG,DE,AEA,EN,Towers with Radar,0,8,39,3,50,0,0,18,2,20,0,8,57,5,70,4,7,11,81
06/24/2022,ILG,DE,AEA,EN,Towers with Radar,0,10,46,2,58,0,0,54,0,54,0,10,100,2,112,33,0,33,145
06/25/2022,ILG,DE,AEA,EN,Towers with Radar,0,8,20,4,32,0,0,47,0,47,0,8,67,4,79,24,2,26,105
06/26/2022,ILG,DE,AEA,EN,Towers with Radar,0,24,40,0,64,0,0,45,0,45,0,24,85,0,109,45,0,45,154
06/27/2022,ILG,DE,AEA,EN,Towers with Radar,0,6,19,2,27,0,0,15,12,27,0,6,34,14,54,56,24,80,134
06/28/2022,ILG,DE,AEA,EN,Towers with Radar,0,15,47,7,69,0,0,88,23,111,0,15,135,30,180,84,10,94,274
06/29/2022,ILG,DE,AEA,EN,Towers with Radar,0,12,44,10,66,0,0,79,9,88,0,12,123,19,154,78,2,80,234
06/30/2022,ILG,DE,AEA,EN,Towers with Radar,0,10,30,2,42,0,2,68,10,80,0,12,98,12,122,66,28,94,216
07/01/2022,ILG,DE,AEA,EN,Towers with Radar,0,8,23,0,31,0,0,37,0,37,0,8,60,0,68,40,0,40,108
07/02/2022,ILG,DE,AEA,EN,Towers with Radar,0,5,25,0,30,0,0,14,0,14,0,5,39,0,44,9,0,9,53
07/03/2022,ILG,DE,AEA,EN,Towers with Radar,0,4,13,1,18,0,2,14,0,16,0,6,27,1,34,57,0,57,91
07/04/2022,ILG,DE,AEA,EN,Towers with Radar,0,4,22,0,26,0,0,63,0,63,0,4,85,0,89,34,0,34,123
07/05/2022,ILG,DE,AEA,EN,Towers with Radar,0,6,24,9,39,0,2,43,7,52,0,8,67,16,91,37,9,46,137
07/06/2022,ILG,DE,AEA,EN,Towers with Radar,0,7,23,11,41,0,0,45,22,67,0,7,68,33,108,23,23,46,154
07/07/2022,ILG,DE,AEA,EN,Towers with Radar,0,4,34,19,57,0,0,19,1,20,0,4,53,20,77,38,0,38,115
07/08/2022,ILG,DE,AEA,EN,Towers with Radar,0,5,27,4,36,0,1,33,0,34,0,6,60,4,70,63,0,63,133
07/09/2022,ILG,DE,AEA,EN,Towers with Radar,0,2,24,0,26,0,0,14,0,14,0,2,38,0,40,0,0,0,40
07/10/2022,ILG,DE,AEA,EN,Towers with Radar,0,24,59,4,87,0,2,57,1,60,0,26,116,5,147,46,0,46,193
07/11/2022,ILG,DE,AEA,EN,Towers with Radar,0,17,61,8,86,0,0,48,14,62,0,17,109,22,148,51,0,51,199
07/12/2022,ILG,DE,AEA,EN,Towers with Radar,0,4,30,1,35,0,0,35,14,49,0,4,65,15,84,59,18,77,161
07/13/2022,ILG,DE,AEA,EN,Towers with Radar,0,15,60,7,82,0,0,80,18,98,0,15,140,25,180,104,2,106,286
07/14/2022,ILG,DE,AEA,EN,Towers with Radar,0,8,29,3,40,0,0,44,6,50,0,8,73,9,90,53,2,55,145
07/15/2022,ILG,DE,AEA,EN,Towers with Radar,0,7,34,0,41,0,1,62,2,65,0,8,96,2,106,51,0,51,157
07/16/2022,ILG,DE,AEA,EN,Towers with Radar,0,8,15,7,30,0,0,21,0,21,0,8,36,7,51,16,0,16,67
07/17/2022,ILG,DE,AEA,EN,Towers with Radar,0,19,44,2,65,0,0,25,0,25,0,19,69,2,90,18,0,18,108
07/18/2022,ILG,DE,AEA,EN,Towers with Radar,0,5,27,5,37,0,0,26,6,32,0,5,53,11,69,25,0,25,94
07/19/2022,ILG,DE,AEA,EN,Towers with Radar,0,4,26,4,34,0,0,52,18,70,0,4,78,22,104,76,8,84,188
07/20/2022,ILG,DE,AEA,EN,Towers with Radar,0,2,45,7,54,0,2,65,27,94,0,4,110,34,148,57,26,83,231
07/21/2022,ILG,DE,AEA,EN,Towers with Radar,0,2,35,7,44,0,3,54,8,65,0,5,89,15,109,43,16,59,168
07/22/2022,ILG,DE,AEA,EN,Towers with Radar,0,4,32,0,36,0,0,41,8,49,0,4,73,8,85,12,0,12,97
07/23/2022,ILG,DE,AEA,EN,Towers with Radar,0,9,31,0,40,0,4,37,2,43,0,13,68,2,83,17,0,17,100
07/24/2022,ILG,DE,AEA,EN,Towers with Radar,0,12,24,2,38,0,0,23,0,23,0,12,47,2,61,8,0,8,69
07/25/2022,ILG,DE,AEA,EN,Towers with Radar,0,14,43,8,65,0,0,46,3,49,0,14,89,11,114,57,4,61,175
07/26/2022,ILG,DE,AEA,EN,Towers with Radar,0,3,37,9,49,0,0,56,15,71,0,3,93,24,120,127,20,147,267
07/27/2022,ILG,DE,AEA,EN,Towers with Radar,0,29,50,12,91,0,0,52,16,68,0,29,102,28,159,79,18,97,256
07/28/2022,ILG,DE,AEA,EN,Towers with Radar,0,13,27,5,45,0,2,45,11,58,0,15,72,16,103,51,8,59,162
07/29/2022,ILG,DE,AEA,EN,Towers with Radar,0,9,31,0,40,0,1,36,0,37,0,10,67,0,77,46,0,46,123
07/30/2022,ILG,DE,AEA,EN,Towers with Radar,0,3,7,1,11,0,3,45,9,57,0,6,52,10,68,16,0,16,84
07/31/2022,ILG,DE,AEA,EN,Towers with Radar,0,16,21,0,37,0,0,27,5,32,0,16,48,5,69,2,0,2,71
08/01/2022,ILG,DE,AEA,EN,Towers with Radar,0,6,33,6,45,0,1,15,10,26,0,7,48,16,71,4,19,23,94
08/02/2022,ILG,DE,AEA,EN,Towers with Radar,0,5,35,7,47,0,1,53,11,65,0,6,88,18,112,64,10,74,186
08/03/2022,ILG,DE,AEA,EN,Towers with Radar,0,10,43,18,71,0,0,70,13,83,0,10,113,31,154,46,9,55,209
08/04/2022,ILG,DE,AEA,EN,Towers with Radar,0,13,36,0,49,0,0,38,3,41,0,13,74,3,90,8,0,8,98
08/05/2022,ILG,DE,AEA,EN,Towers with Radar,0,2,25,0,27,0,0,23,1,24,0,2,48,1,51,73,2,75,126
08/06/2022,ILG,DE,AEA,EN,Towers with Radar,0,5,20,3,28,0,0,23,15,38,0,5,43,18,66,39,8,47,113
08/07/2022,ILG,DE,AEA,EN,Towers with Radar,0,8,57,4,69,0,0,20,16,36,0,8,77,20,105,2,17,19,124
08/08/2022,ILG,DE,AEA,EN,Towers with Radar,0,15,41,0,56,0,0,54,0,54,0,15,95,0,110,54,0,54,164
08/09/2022,ILG,DE,AEA,EN,Towers with Radar,0,5,15,0,20,0,7,45,4,56,0,12,60,4,76,47,0,47,123
08/10/2022,ILG,DE,AEA,EN,Towers with Radar,0,11,24,2,37,0,1,56,11,68,0,12,80,13,105,73,2,75,180
08/11/2022,ILG,DE,AEA,EN,Towers with Radar,0,9,29,7,45,0,0,51,0,51,0,9,80,7,96,58,0,58,154
08/12/2022,ILG,DE,AEA,EN,Towers with Radar,0,2,23,0,25,0,2,76,0,78,0,4,99,0,103,68,0,68,171
08/13/2022,ILG,DE,AEA,EN,Towers with Radar,0,6,18,0,24,0,0,59,0,59,0,6,77,0,83,60,0,60,143
08/14/2022,ILG,DE,AEA,EN,Towers with Radar,0,48,64,0,112,0,0,53,2,55,0,48,117,2,167,25,0,25,192
08/15/2022,ILG,DE,AEA,EN,Towers with Radar,0,38,67,10,115,0,0,39,32,71,0,38,106,42,186,45,12,57,243
08/16/2022,ILG,DE,AEA,EN,Towers with Radar,0,6,27,12,45,0,0,21,18,39,0,6,48,30,84,46,0,46,130
08/17/2022,ILG,DE,AEA,EN,Towers with Radar,0,2,10,4,16,0,0,1,10,11,0,2,11,14,27,0,0,0,27
08/18/2022,ILG,DE,AEA,EN,Towers with Radar,0,3,17,2,22,0,0,10,5,15,0,3,27,7,37,0,0,0,37
08/19/2022,ILG,DE,AEA,EN,Towers with Radar,0,13,9,0,22,0,0,11,4,15,0,13,20,4,37,0,0,0,37
08/20/2022,ILG,DE,AEA,EN,Towers with Radar,0,1,4,3,8,0,0,11,7,18,0,1,15,10,26,0,0,0,26
08/21/2022,ILG,DE,AEA,EN,Towers with Radar,0,68,56,2,126,0,3,49,0,52,0,71,105,2,178,20,0,20,198
08/22/2022,ILG,DE,AEA,EN,Towers with Radar,0,16,32,2,50,0,0,25,18,43,0,16,57,20,93,72,19,91,184
08/23/2022,ILG,DE,AEA,EN,Towers with Radar,0,13,25,30,68,0,2,33,17,52,0,15,58,47,120,57,23,80,200
08/24/2022,ILG,DE,AEA,EN,Towers with Radar,0,5,30,3,38,0,2,69,17,88,0,7,99,20,126,125,13,138,264
08/25/2022,ILG,DE,AEA,EN,Towers with Radar,0,6,29,1,36,0,6,63,9,78,0,12,92,10,114,60,12,72,186
08/26/2022,ILG,DE,AEA,EN,Towers with Radar,0,11,60,4,75,0,2,40,4,46,0,13,100,8,121,44,0,44,165
08/27/2022,ILG,DE,AEA,EN,Towers with Radar,0,2,1,0,3,0,0,4,8,12,0,2,5,8,15,0,0,0,15
08/28/2022,ILG,DE,AEA,EN,Towers with Radar,0,2,13,0,15,0,1,4,5,10,0,3,17,5,25,0,5,5,30
08/29/2022,ILG,DE,AEA,EN,Towers with Radar,0,4,21,2,27,0,0,37,5,42,0,4,58,7,69,21,13,34,103
08/30/2022,ILG,DE,AEA,EN,Towers with Radar,0,16,55,12,83,0,0,29,9,38,0,16,84,21,121,52,13,65,186
08/31/2022,ILG,DE,AEA,EN,Towers with Radar,0,15,56,3,74,0,0,74,18,92,0,15,130,21,166,70,14,84,250
09/01/2022,ILG,DE,AEA,EN,Towers with Radar,0,1,18,4,23,0,0,76,2,78,0,1,94,6,101,58,16,74,175
09/02/2022,ILG,DE,AEA,EN,Towers with Radar,0,4,20,0,24,0,6,67,0,73,0,10,87,0,97,109,0,109,206
09/03/2022,ILG,DE,AEA,EN,Towers with Radar,0,3,14,0,17,0,0,55,0,55,0,3,69,0,72,42,0,42,114
09/04/2022,ILG,DE,AEA,EN,Towers with Radar,0,6,26,0,32,0,1,36,1,38,0,7,62,1,70,14,0,14,84
09/05/2022,ILG,DE,AEA,EN,Towers with Radar,0,3,12,0,15,0,3,18,0,21,0,6,30,0,36,63,0,63,99
09/06/2022,ILG,DE,AEA,EN,Towers with Radar,0,12,17,6,35,0,0,1,0,1,0,12,18,6,36,0,2,2,38
09/07/2022,ILG,DE,AEA,EN,Towers with Radar,0,21,84,31,136,0,0,0,0,0,0,21,84,31,136,0,4,4,140
09/08/2022,ILG,DE,AEA,EN,Towers with Radar,0,12,26,0,38,0,10,74,16,100,0,22,100,16,138,90,18,108,246
09/09/2022,ILG,DE,AEA,EN,Towers with Radar,0,7,20,4,31,0,0,38,11,49,0,7,58,15,80,22,6,28,108
09/10/2022,ILG,DE,AEA,EN,Towers with Radar,0,0,11,4,15,0,5,8,10,23,0,5,19,14,38,0,0,0,38
09/11/2022,ILG,DE,AEA,EN,Towers with Radar,0,12,57,20,89,0,2,3,0,5,0,14,60,20,94,0,0,0,94
09/12/2022,ILG,DE,AEA,EN,Towers with Radar,0,3,17,0,20,0,0,11,0,11,0,3,28,0,31,8,0,8,39
09/13/2022,ILG,DE,AEA,EN,Towers with Radar,0,9,52,20,81,0,1,43,4,48,0,10,95,24,129,108,2,110,239
09/14/2022,ILG,DE,AEA,EN,Towers with Radar,0,10,38,2,50,0,2,81,8,91,0,12,119,10,141,95,6,101,242
09/15/2022,ILG,DE,AEA,EN,Towers with Radar,0,8,36,4,48,0,0,60,3,63,0,8,96,7,111,44,2,46,157
09/16/2022,ILG,DE,AEA,EN,Towers with Radar,2,9,37,0,48,0,2,60,1,63,2,11,97,1,111,101,0,101,212
09/17/2022,ILG,DE,AEA,EN,Towers with Radar,2,4,19,0,25,0,2,44,5,51,2,6,63,5,76,56,4,60,136
09/18/2022,ILG,DE,AEA,EN,Towers with Radar,0,15,46,1,62,0,3,44,9,56,0,18,90,10,118,6,28,34,152
09/19/2022,ILG,DE,AEA,EN,Towers with Radar,0,10,35,5,50,0,1,52,17,70,0,11,87,22,120,99,25,124,244
09/20/2022,ILG,DE,AEA,EN,Towers with Radar,0,11,23,6,40,0,2,44,26,72,0,13,67,32,112,68,8,76,188
09/21/2022,ILG,DE,AEA,EN,Towers with Radar,0,11,50,6,67,0,1,81,12,94,0,12,131,18,161,94,6,100,261
09/22/2022,ILG,DE,AEA,EN,Towers with Radar,0,7,31,11,49,0,0,22,1,23,0,7,53,12,72,37,8,45,117
09/23/2022,ILG,DE,AEA,EN,Towers with Radar,0,11,16,3,30,0,2,49,19,70,0,13,65,22,100,74,0,74,174
09/24/2022,ILG,DE,AEA,EN,Towers with Radar,0,1,7,1,9,0,2,13,10,25,0,3,20,11,34,0,0,0,34
09/25/2022,ILG,DE,AEA,EN,Towers with Radar,0,0,15,0,15,0,0,1,3,4,0,0,16,3,19,0,0,0,19
09/26/2022,ILG,DE,AEA,EN,Towers with Radar,0,14,45,3,62,0,6,43,14,63,0,20,88,17,125,33,4,37,162
09/27/2022,ILG,DE,AEA,EN,Towers with Radar,0,18,45,2,65,0,0,56,8,64,0,18,101,10,129,133,0,133,262
09/28/2022,ILG,DE,AEA,EN,Towers with Radar,0,18,24,0,42,0,0,71,1,72,0,18,95,1,114,130,0,130,244
09/29/2022,ILG,DE,AEA,EN,Towers with Radar,0,8,31,2,41,0,0,49,1,50,0,8,80,3,91,100,0,100,191
09/30/2022,ILG,DE,AEA,EN,Towers with Radar,0,11,22,0,33,0,1,40,0,41,0,12,62,0,74,56,0,56,130
10/01/2022,ILG,DE,AEA,EN,Towers with Radar,0,8,7,0,15,0,0,0,0,0,0,8,7,0,15,0,0,0,15
10/02/2022,ILG,DE,AEA,EN,Towers with Radar,0,18,30,0,48,0,0,0,0,0,0,18,30,0,48,0,0,0,48
10/03/2022,ILG,DE,AEA,EN,Towers with Radar,0,3,36,0,39,0,0,3,0,3,0,3,39,0,42,2,0,2,44
10/04/2022,ILG,DE,AEA,EN,Towers with Radar,0,14,52,0,66,0,0,0,0,0,0,14,52,0,66,0,0,0,66
10/05/2022,ILG,DE,AEA,EN,Towers with Radar,0,18,47,3,68,0,4,7,9,20,0,22,54,12,88,2,3,5,93
10/06/2022,ILG,DE,AEA,EN,Towers with Radar,0,12,39,3,54,0,1,81,18,100,0,13,120,21,154,137,0,137,291
10/07/2022,ILG,DE,AEA,EN,Towers with Radar,0,9,15,2,26,0,0,48,9,57,0,9,63,11,83,47,0,47,130
10/08/2022,ILG,DE,AEA,EN,Towers with Radar,0,2,3,3,8,0,8,8,1,17,0,10,11,4,25,0,0,0,25
10/09/2022,ILG,DE,AEA,EN,Towers with Radar,0,0,8,0,8,0,10,2,4,16,0,10,10,4,24,0,0,0,24
10/10/2022,ILG,DE,AEA,EN,Towers with Radar,0,16,30,2,48,0,5,37,10,52,0,21,67,12,100,56,0,56,156
10/11/2022,ILG,DE,AEA,EN,Towers with Radar,0,10,23,4,37,0,0,89,6,95,0,10,112,10,132,181,2,183,315
10/12/2022,ILG,DE,AEA,EN,Towers with Radar,0,11,36,3,50,0,0,55,8,63,0,11,91,11,113,101,4,105,218
10/13/2022,ILG,DE,AEA,EN,Towers with Radar,0,9,38,1,48,0,0,2,3,5,0,9,40,4,53,0,2,2,55
10/14/2022,ILG,DE,AEA,EN,Towers with Radar,0,8,19,2,29,0,7,65,15,87,0,15,84,17,116,99,0,99,215
10/15/2022,ILG,DE,AEA,EN,Towers with Radar,0,12,27,4,43,0,0,41,24,65,0,12,68,28,108,82,13,95,203
10/16/2022,ILG,DE,AEA,EN,Towers with Radar,0,0,28,1,29,0,0,4,11,15,0,0,32,12,44,0,0,0,44
10/17/2022,ILG,DE,AEA,EN,Towers with Radar,0,15,19,4,38,0,2,13,5,20,0,17,32,9,58,0,0,0,58
10/18/2022,ILG,DE,AEA,EN,Towers with Radar,0,6,27,3,36,0,0,56,14,70,0,6,83,17,106,77,10,87,193
10/19/2022,ILG,DE,AEA,EN,Towers with Radar,0,20,39,3,62,0,2,31,24,57,0,22,70,27,119,121,7,128,247
10/20/2022,ILG,DE,AEA,EN,Towers with Radar,1,8,49,0,58,0,0,40,6,46,1,8,89,6,104,54,11,65,169
10/21/2022,ILG,DE,AEA,EN,Towers with Radar,0,8,21,1,30,0,0,34,4,38,0,8,55,5,68,144,0,144,212
10/22/2022,ILG,DE,AEA,EN,Towers with Radar,0,4,32,0,36,0,2,58,0,60,0,6,90,0,96,91,0,91,187
10/23/2022,ILG,DE,AEA,EN,Towers with Radar,0,18,58,0,76,0,0,18,1,19,0,18,76,1,95,38,0,38,133
10/24/2022,ILG,DE,AEA,EN,Towers with Radar,0,14,72,0,86,0,0,0,0,0,0,14,72,0,86,0,0,0,86
10/25/2022,ILG,DE,AEA,EN,Towers with Radar,0,25,84,0,109,0,0,2,0,2,0,25,86,0,111,0,0,0,111
10/26/2022,ILG,DE,AEA,EN,Towers with Radar,0,16,40,17,73,0,0,8,9,17,0,16,48,26,90,24,4,28,118
10/27/2022,ILG,DE,AEA,EN,Towers with Radar,0,7,35,7,49,0,0,57,23,80,0,7,92,30,129,78,0,78,207
10/28/2022,ILG,DE,AEA,EN,Towers with Radar,0,4,9,2,15,0,0,3,7,10,0,4,12,9,25,0,0,0,25
10/29/2022,ILG,DE,AEA,EN,Towers with Radar,0,2,12,3,17,0,0,6,4,10,0,2,18,7,27,0,0,0,27
10/30/2022,ILG,DE,AEA,EN,Towers with Radar,0,3,6,0,9,0,0,1,0,1,0,3,7,0,10,0,0,0,10
10/31/2022,ILG,DE,AEA,EN,Towers with Radar,0,10,34,5,49,0,0,20,4,24,0,10,54,9,73,22,0,22,95
11/01/2022,ILG,DE,AEA,EN,Towers with Radar,2,7,21,2,32,0,0,22,8,30,2,7,43,10,62,22,4,26,88
11/02/2022,ILG,DE,AEA,EN,Towers with Radar,0,16,24,6,46,0,0,89,11,100,0,16,113,17,146,143,0,143,289
11/03/2022,ILG,DE,AEA,EN,Towers with Radar,0,18,26,4,48,0,4,66,6,76,0,22,92,10,124,62,2,64,188
11/04/2022,ILG,DE,AEA,EN,Towers with Radar,2,12,28,3,45,0,1,27,8,36,2,13,55,11,81,2,0,2,83
11/05/2022,ILG,DE,AEA,EN,Towers with Radar,0,4,9,2,15,0,4,18,26,48,0,8,27,28,63,17,8,25,88
11/06/2022,ILG,DE,AEA,EN,Towers with Radar,7,10,25,4,46,0,0,11,22,33,7,10,36,26,79,1,0,1,80
11/07/2022,ILG,DE,AEA,EN,Towers with Radar,0,11,24,0,35,0,0,42,1,43,0,11,66,1,78,97,0,97,175
11/08/2022,ILG,DE,AEA,EN,Towers with Radar,0,12,26,0,38,0,1,49,10,60,0,13,75,10,98,43,0,43,141
11/09/2022,ILG,DE,AEA,EN,Towers with Radar,0,12,33,1,46,0,0,62,13,75,0,12,95,14,121,141,0,141,262
11/10/2022,ILG,DE,AEA,EN,Towers with Radar,0,4,31,0,35,0,2,79,6,87,0,6,110,6,122,129,4,133,255
11/11/2022,ILG,DE,AEA,EN,Towers with Radar,0,14,23,0,37,0,0,1,0,1,0,14,24,0,38,0,0,0,38
11/12/2022,ILG,DE,AEA,EN,Towers with Radar,0,8,15,0,23,0,2,39,2,43,0,10,54,2,66,4,0,4,70
11/13/2022,ILG,DE,AEA,EN,Towers with Radar,0,9,38,0,47,0,0,17,0,17,0,9,55,0,64,8,0,8,72
11/14/2022,ILG,DE,AEA,EN,Towers with Radar,0,10,66,0,76,0,0,48,0,48,0,10,114,0,124,43,0,43,167
11/15/2022,ILG,DE,AEA,EN,Towers with Radar,0,14,38,6,58,0,0,34,9,43,0,14,72,15,101,16,4,20,121
11/16/2022,ILG,DE,AEA,EN,Towers with Radar,0,18,18,10,46,0,0,6,16,22,0,18,24,26,68,2,18,20,88
11/17/2022,ILG,DE,AEA,EN,Towers with Radar,0,9,37,4,50,0,2,29,10,41,0,11,66,14,91,8,0,8,99
11/18/2022,ILG,DE,AEA,EN,Towers with Radar,0,5,32,0,37,0,0,37,4,41,0,5,69,4,78,12,4,16,94
11/19/2022,ILG,DE,AEA,EN,Towers with Radar,0,13,20,0,33,0,3,36,0,39,0,16,56,0,72,72,0,72,144
11/20/2022,ILG,DE,AEA,EN,Towers with Radar,0,13,33,0,46,0,0,10,0,10,0,13,43,0,56,0,0,0,56
11/21/2022,ILG,DE,AEA,EN,Towers with Radar,0,16,43,2,61,0,0,53,9,62,0,16,96,11,123,93,0,93,216
11/22/2022,ILG,DE,AEA,EN,Towers with Radar,0,18,67,0,85,0,0,59,8,67,0,18,126,8,152,62,0,62,214
11/23/2022,ILG,DE,AEA,EN,Towers with Radar,0,22,57,0,79,0,1,82,1,84,0,23,139,1,163,40,0,40,203
11/24/2022,ILG,DE,AEA,EN,Towers with Radar,0,3,13,0,16,0,0,15,0,15,0,3,28,0,31,3,0,3,34
11/25/2022,ILG,DE,AEA,EN,Towers with Radar,0,3,8,0,11,0,1,20,0,21,0,4,28,0,32,28,0,28,60
11/26/2022,ILG,DE,AEA,EN,Towers with Radar,0,5,20,0,25,0,0,46,0,46,0,5,66,0,71,30,0,30,101
11/27/2022,ILG,DE,AEA,EN,Towers with Radar,0,13,64,3,80,0,0,6,0,6,0,13,70,3,86,0,0,0,86
11/28/2022,ILG,DE,AEA,EN,Towers with Radar,0,10,24,0,34,0,1,33,0,34,0,11,57,0,68,4,0,4,72
11/29/2022,ILG,DE,AEA,EN,Towers with Radar,0,16,27,3,46,0,0,82,14,96,0,16,109,17,142,75,4,79,221
11/30/2022,ILG,DE,AEA,EN,Towers with Radar,0,11,24,2,37,0,0,4,0,4,0,11,28,2,41,0,0,0,41
12/01/2022,ILG,DE,AEA,EN,Towers with Radar,0,6,33,2,41,0,1,43,17,61,0,7,76,19,102,18,6,24,126
12/02/2022,ILG,DE,AEA,EN,Towers with Radar,2,14,32,0,48,0,4,63,4,71,2,18,95,4,119,54,0,54,173
12/03/2022,ILG,DE,AEA,EN,Towers with Radar,0,8,6,0,14,0,0,14,0,14,0,8,20,0,28,30,0,30,58
12/04/2022,ILG,DE,AEA,EN,Towers with Radar,0,11,51,2,64,0,0,78,2,80,0,11,129,4,144,8,2,10,154
12/05/2022,ILG,DE,AEA,EN,Towers with Radar,0,8,24,1,33,0,1,60,0,61,0,9,84,1,94,18,0,18,112
12/06/2022,ILG,DE,AEA,EN,Towers with Radar,0,7,18,0,25,0,0,0,0,0,0,7,18,0,25,0,0,0,25
12/07/2022,ILG,DE,AEA,EN,Towers with Radar,0,15,16,0,31,0,0,0,0,0,0,15,16,0,31,0,0,0,31
12/08/2022,ILG,DE,AEA,EN,Towers with Radar,0,15,67,3,85,0,0,38,21,59,0,15,105,24,144,35,16,51,195
12/09/2022,ILG,DE,AEA,EN,Towers with Radar,0,9,43,0,52,0,1,86,4,91,0,10,129,4,143,40,0,40,183
12/10/2022,ILG,DE,AEA,EN,Towers with Radar,0,12,15,0,27,0,1,34,0,35,0,13,49,0,62,56,0,56,118
12/11/2022,ILG,DE,AEA,EN,Towers with Radar,0,4,23,0,27,0,0,3,0,3,0,4,26,0,30,0,0,0,30
12/12/2022,ILG,DE,AEA,EN,Towers with Radar,0,11,31,2,44,0,1,44,8,53,0,12,75,10,97,26,23,49,146
12/13/2022,ILG,DE,AEA,EN,Towers with Radar,0,7,59,12,78,0,1,73,24,98,0,8,132,36,176,65,17,82,258
12/14/2022,ILG,DE,AEA,EN,Towers with Radar,0,5,39,6,50,0,6,71,17,94,0,11,110,23,144,46,4,50,194
12/15/2022,ILG,DE,AEA,EN,Towers with Radar,0,6,20,1,27,0,0,0,0,0,0,6,20,1,27,0,0,0,27
12/16/2022,ILG,DE,AEA,EN,Towers with Radar,0,8,30,3,41,0,0,3,8,11,0,8,33,11,52,0,0,0,52
12/17/2022,ILG,DE,AEA,EN,Towers with Radar,0,2,7,1,10,0,0,2,4,6,0,2,9,5,16,0,0,0,16
12/18/2022,ILG,DE,AEA,EN,Towers with Radar,0,6,13,1,20,0,0,4,1,5,0,6,17,2,25,0,0,0,25
12/19/2022,ILG,DE,AEA,EN,Towers with Radar,0,5,27,2,34,0,1,35,22,58,0,6,62,24,92,13,7,20,112
12/20/2022,ILG,DE,AEA,EN,Towers with Radar,0,6,28,2,36,0,6,55,13,74,0,12,83,15,110,44,8,52,162
12/21/2022,ILG,DE,AEA,EN,Towers with Radar,0,13,64,3,80,0,0,58,28,86,0,13,122,31,166,41,4,45,211
12/22/2022,ILG,DE,AEA,EN,Towers with Radar,0,10,14,0,24,0,0,3,2,5,0,10,17,2,29,0,0,0,29
12/23/2022,ILG,DE,AEA,EN,Towers with Radar,0,4,8,1,13,0,1,0,0,1,0,5,8,1,14,0,0,0,14
12/24/2022,ILG,DE,AEA,EN,Towers with Radar,0,12,10,0,22,0,0,7,0,7,0,12,17,0,29,10,0,10,39
12/25/2022,ILG,DE,AEA,EN,Towers with Radar,0,4,6,0,10,0,0,0,0,0,0,4,6,0,10,0,0,0,10
12/26/2022,ILG,DE,AEA,EN,Towers with Radar,0,26,50,0,76,0,0,61,0,61,0,26,111,0,137,37,0,37,174
12/27/2022,ILG,DE,AEA,EN,Towers with Radar,0,26,70,3,99,0,0,30,5,35,0,26,100,8,134,39,0,39,173
12/28/2022,ILG,DE,AEA,EN,Towers with Radar,0,15,24,0,39,0,0,67,3,70,0,15,91,3,109,27,6,33,142
12/29/2022,ILG,DE,AEA,EN,Towers with Radar,0,8,18,0,26,0,0,68,4,72,0,8,86,4,98,40,8,48,146
12/30/2022,ILG,DE,AEA,EN,Towers with Radar,0,4,17,1,22,0,0,75,2,77,0,4,92,3,99,52,0,52,151
12/31/2022,ILG,DE,AEA,EN,Towers with Radar,0,7,2,0,9,0,0,0,0,0,0,7,2,0,9,0,0,0,9
01/01/2023,ILG,DE,AEA,EN,Towers with Radar,0,10,24,0,34,0,0,11,0,11,0,10,35,0,45,0,0,0,45
01/02/2023,ILG,DE,AEA,EN,Towers with Radar,0,11,34,0,45,0,0,61,0,61,0,11,95,0,106,66,0,66,172
01/03/2023,ILG,DE,AEA,EN,Towers with Radar,0,7,27,3,37,0,0,2,7,9,0,7,29,10,46,6,0,6,52
01/04/2023,ILG,DE,AEA,EN,Towers with Radar,0,6,17,2,25,0,0,16,2,18,0,6,33,4,43,48,0,48,91
01/05/2023,ILG,DE,AEA,EN,Towers with Radar,0,7,32,4,43,0,0,34,18,52,0,7,66,22,95,55,22,77,172
01/06/2023,ILG,DE,AEA,EN,Towers with Radar,0,13,32,4,49,0,0,26,11,37,0,13,58,15,86,16,0,16,102
01/07/2023,ILG,DE,AEA,EN,Towers with Radar,0,6,10,0,16,0,1,3,2,6,0,7,13,2,22,0,0,0,22
01/08/2023,ILG,DE,AEA,EN,Towers with Radar,0,4,25,2,31,0,1,24,14,39,0,5,49,16,70,43,0,43,113
01/09/2023,ILG,DE,AEA,EN,Towers with Radar,0,5,18,2,25,0,0,35,0,35,0,5,53,2,60,48,0,48,108
01/10/2023,ILG,DE,AEA,EN,Towers with Radar,0,7,28,6,41,0,0,67,10,77,0,7,95,16,118,22,12,34,152
01/11/2023,ILG,DE,AEA,EN,Towers with Radar,0,8,32,7,47,0,0,63,24,87,0,8,95,31,134,59,8,67,201
01/12/2023,ILG,DE,AEA,EN,Towers with Radar,0,13,24,4,41,0,1,9,11,21,0,14,33,15,62,20,20,40,102
01/13/2023,ILG,DE,AEA,EN,Towers with Radar,0,6,46,10,62,0,0,16,3,19,0,6,62,13,81,12,0,12,93
01/14/2023,ILG,DE,AEA,EN,Towers with Radar,0,2,14,0,16,0,0,1,2,3,0,2,15,2,19,0,0,0,19
01/15/2023,ILG,DE,AEA,EN,Towers with Radar,0,2,6,4,12,0,0,8,0,8,0,2,14,4,20,6,0,6,26
01/16/2023,ILG,DE,AEA,EN,Towers with Radar,0,3,22,1,26,0,0,22,12,34,0,3,44,13,60,36,0,36,96
01/17/2023,ILG,DE,AEA,EN,Towers with Radar,0,5,39,11,55,0,0,32,19,51,0,5,71,30,106,60,2,62,168
01/18/2023,ILG,DE,AEA,EN,Towers with Radar,0,7,25,7,39,0,1,39,20,60,0,8,64,27,99,25,16,41,140
01/19/2023,ILG,DE,AEA,EN,Towers with Radar,0,8,26,2,36,0,0,2,3,5,0,8,28,5,41,0,14,14,55
01/20/2023,ILG,DE,AEA,EN,Towers with Radar,0,7,41,0,48,0,2,43,0,45,0,9,84,0,93,61,0,61,154
01/21/2023,ILG,DE,AEA,EN,Towers with Radar,0,2,27,0,29,0,0,69,0,69,0,2,96,0,98,80,0,80,178
01/22/2023,ILG,DE,AEA,EN,Towers with Radar,0,11,34,0,45,0,1,27,0,28,0,12,61,0,73,6,0,6,79
01/23/2023,ILG,DE,AEA,EN,Towers with Radar,0,2,11,2,15,0,0,3,2,5,0,2,14,4,20,26,12,38,58
01/24/2023,ILG,DE,AEA,EN,Towers with Radar,0,17,53,4,74,0,0,57,9,66,0,17,110,13,140,106,10,116,256
01/25/2023,ILG,DE,AEA,EN,Towers with Radar,0,8,9,4,21,0,0,8,4,12,0,8,17,8,33,66,0,66,99
01/26/2023,ILG,DE,AEA,EN,Towers with Radar,0,13,25,4,42,0,0,23,14,37,0,13,48,18,79,30,19,49,128
01/27/2023,ILG,DE,AEA,EN,Towers with Radar,0,8,55,0,63,0,1,86,2,89,0,9,141,2,152,117,0,117,269
01/28/2023,ILG,DE,AEA,EN,Towers with Radar,0,12,30,0,42,0,0,57,8,65,0,12,87,8,107,34,0,34,141
01/29/2023,ILG,DE,AEA,EN,Towers with Radar,0,1,7,1,9,0,1,14,7,22,0,2,21,8,31,4,0,4,35
01/30/2023,ILG,DE,AEA,EN,Towers with Radar,1,1,32,2,36,0,0,30,12,42,1,1,62,14,78,28,4,32,110
01/31/2023,ILG,DE,AEA,EN,Towers with Radar,0,9,9,4,22,0,0,6,0,6,0,9,15,4,28,8,46,54,82
02/01/2023,ILG,DE,AEA,EN,Towers with Radar,2,10,18,3,33,0,0,42,12,54,2,10,60,15,87,40,7,47,134
02/02/2023,ILG,DE,AEA,EN,Towers with Radar,4,4,19,9,36,0,0,51,30,81,4,4,70,39,117,85,12,97,214
02/03/2023,ILG,DE,AEA,EN,Towers with Radar,7,23,27,6,63,0,0,9,8,17,7,23,36,14,80,21,2,23,103
02/04/2023,ILG,DE,AEA,EN,Towers with Radar,6,10,23,11,50,0,1,27,6,34,6,11,50,17,84,31,8,39,123
02/05/2023,ILG,DE,AEA,EN,Towers with Radar,4,3,20,1,28,0,0,16,12,28,4,3,36,13,56,12,0,12,68
02/06/2023,ILG,DE,AEA,EN,Towers with Radar,4,3,22,0,29,0,0,40,0,40,4,3,62,0,69,42,0,42,111
02/07/2023,ILG,DE,AEA,EN,Towers with Radar,1,6,37,3,47,0,0,61,15,76,1,6,98,18,123,88,14,102,225
02/08/2023,ILG,DE,AEA,EN,Towers with Radar,3,7,33,3,46,0,0,54,11,65,3,7,87,14,111,128,9,137,248
02/09/2023,ILG,DE,AEA,EN,Towers with Radar,5,9,33,5,52,0,0,31,11,42,5,9,64,16,94,23,5,28,122
02/10/2023,ILG,DE,AEA,EN,Towers with Radar,7,29,44,0,80,0,0,30,8,38,7,29,74,8,118,21,0,21,139
02/11/2023,ILG,DE,AEA,EN,Towers with Radar,8,20,49,0,77,0,1,58,4,63,8,21,107,4,140,90,0,90,230
02/12/2023,ILG,DE,AEA,EN,Towers with Radar,4,8,16,0,28,0,0,22,0,22,4,8,38,0,50,20,0,20,70
02/13/2023,ILG,DE,AEA,EN,Towers with Radar,6,12,27,2,47,0,0,31,3,34,6,12,58,5,81,59,16,75,156
02/14/2023,ILG,DE,AEA,EN,Towers with Radar,2,20,35,5,62,0,0,64,14,78,2,20,99,19,140,33,14,47,187
02/15/2023,ILG,DE,AEA,EN,Towers with Radar,2,13,12,3,30,0,1,47,11,59,2,14,59,14,89,20,7,27,116
02/16/2023,ILG,DE,AEA,EN,Towers with Radar,4,14,35,19,72,0,0,15,3,18,4,14,50,22,90,20,3,23,113
02/17/2023,ILG,DE,AEA,EN,Towers with Radar,7,13,39,0,59,0,0,3,0,3,7,13,42,0,62,0,0,0,62
02/18/2023,ILG,DE,AEA,EN,Towers with Radar,7,10,18,2,37,0,0,55,4,59,7,10,73,6,96,37,0,37,133
02/19/2023,ILG,DE,AEA,EN,Towers with Radar,4,7,16,0,27,0,0,24,0,24,4,7,40,0,51,8,0,8,59
02/20/2023,ILG,DE,AEA,EN,Towers with Radar,4,16,37,0,57,0,0,73,0,73,4,16,110,0,130,126,0,126,256
02/21/2023,ILG,DE,AEA,EN,Towers with Radar,0,13,27,2,42,0,0,16,6,22,0,13,43,8,64,26,2,28,92
02/22/2023,ILG,DE,AEA,EN,Towers with Radar,2,9,17,6,34,0,1,35,4,40,2,10,52,10,74,71,16,87,161
02/23/2023,ILG,DE,AEA,EN,Towers with Radar,4,10,30,1,45,0,2,42,8,52,4,12,72,9,97,44,12,56,153
02/24/2023,ILG,DE,AEA,EN,Towers with Radar,8,10,18,0,36,0,0,18,14,32,8,10,36,14,68,2,0,2,70
02/25/2023,ILG,DE,AEA,EN,Towers with Radar,7,10,10,0,27,0,1,2,8,11,7,11,12,8,38,0,0,0,38
02/26/2023,ILG,DE,AEA,EN,Towers with Radar,5,1,6,0,12,0,2,4,4,10,5,3,10,4,22,0,0,0,22
02/27/2023,ILG,DE,AEA,EN,Towers with Radar,7,11,23,4,45,0,2,29,11,42,7,13,52,15,87,66,4,70,157
02/28/2023,ILG,DE,AEA,EN,Towers with Radar,0,10,24,5,39,0,0,12,12,24,0,10,36,17,63,2,6,8,71
03/01/2023,ILG,DE,AEA,EN,Towers with Radar,4,18,41,1,64,0,8,61,21,90,4,26,102,22,154,53,1,54,208
03/02/2023,ILG,DE,AEA,EN,Towers with Radar,3,15,33,2,53,0,0,31,15,46,3,15,64,17,99,20,4,24,123
03/03/2023,ILG,DE,AEA,EN,Towers with Radar,7,15,19,4,45,0,0,25,2,27,7,15,44,6,72,53,0,53,125
03/04/2023,ILG,DE,AEA,EN,Towers with Radar,4,1,6,0,11,0,0,3,13,16,4,1,9,13,27,0,0,0,27
03/05/2023,ILG,DE,AEA,EN,Towers with Radar,5,9,15,6,35,0,2,19,20,41,5,11,34,26,76,24,2,26,102
03/06/2023,ILG,DE,AEA,EN,Towers with Radar,4,10,28,2,44,0,0,66,4,70,4,10,94,6,114,73,0,73,187
03/07/2023,ILG,DE,AEA,EN,Towers with Radar,0,16,23,1,40,0,0,18,8,26,0,16,41,9,66,4,11,15,81
03/08/2023,ILG,DE,AEA,EN,Towers with Radar,3,11,28,3,45,0,2,43,22,67,3,13,71,25,112,4,14,18,130
03/09/2023,ILG,DE,AEA,EN,Towers with Radar,4,10,36,5,55,0,2,45,16,63,4,12,81,21,118,25,4,29,147
03/10/2023,ILG,DE,AEA,EN,Towers with Radar,4,6,17,4,31,0,0,13,6,19,4,6,30,10,50,64,8,72,122
03/11/2023,ILG,DE,AEA,EN,Towers with Radar,8,2,4,0,14,0,0,1,0,1,8,2,5,0,15,0,0,0,15
03/12/2023,ILG,DE,AEA,EN,Towers with Radar,5,1,8,3,17,0,0,2,3,5,5,1,10,6,22,0,0,0,22
03/13/2023,ILG,DE,AEA,EN,Towers with Radar,4,13,21,4,42,0,0,2,1,3,4,13,23,5,45,0,10,10,55
03/14/2023,ILG,DE,AEA,EN,Towers with Radar,0,13,10,0,23,0,0,6,5,11,0,13,16,5,34,0,0,0,34
03/15/2023,ILG,DE,AEA,EN,Towers with Radar,4,10,7,5,26,0,1,4,9,14,4,11,11,14,40,8,2,10,50
03/16/2023,ILG,DE,AEA,EN,Towers with Radar,4,6,41,2,53,0,0,86,12,98,4,6,127,14,151,57,15,72,223
03/17/2023,ILG,DE,AEA,EN,Towers with Radar,8,17,36,4,65,0,1,61,15,77,8,18,97,19,142,100,0,100,242
03/18/2023,ILG,DE,AEA,EN,Towers with Radar,8,12,2,0,22,0,2,1,3,6,8,14,3,3,28,0,0,0,28
03/19/2023,ILG,DE,AEA,EN,Towers with Radar,4,4,9,0,17,0,1,7,8,16,4,5,16,8,33,0,0,0,33
03/20/2023,ILG,DE,AEA,EN,Towers with Radar,4,6,17,1,28,0,0,66,9,75,4,6,83,10,103,119,14,133,236
03/21/2023,ILG,DE,AEA,EN,Towers with Radar,0,6,35,2,43,0,0,86,14,100,0,6,121,16,143,114,16,130,273
03/22/2023,ILG,DE,AEA,EN,Towers with Radar,3,8,45,0,56,0,1,55,16,72,3,9,100,16,128,62,25,87,215
03/23/2023,ILG,DE,AEA,EN,Towers with Radar,4,5,15,2,26,0,0,11,16,27,4,5,26,18,53,0,2,2,55
03/24/2023,ILG,DE,AEA,EN,Towers with Radar,4,14,24,1,43,0,0,9,3,12,4,14,33,4,55,16,16,32,87
03/25/2023,ILG,DE,AEA,EN,Towers with Radar,4,1,7,0,12,0,0,0,0,0,4,1,7,0,12,0,0,0,12
03/26/2023,ILG,DE,AEA,EN,Towers with Radar,6,1,8,0,15,0,2,1,20,23,6,3,9,20,38,0,0,0,38
03/27/2023,ILG,DE,AEA,EN,Towers with Radar,4,8,26,2,40,0,1,44,0,45,4,9,70,2,85,72,0,72,157
03/28/2023,ILG,DE,AEA,EN,Towers with Radar,0,15,26,2,43,0,0,31,25,56,0,15,57,27,99,42,21,63,162
03/29/2023,ILG,DE,AEA,EN,Towers with Radar,6,14,18,5,43,0,5,45,27,77,6,19,63,32,120,73,13,86,206
03/30/2023,ILG,DE,AEA,EN,Towers with Radar,4,9,46,7,66,0,3,55,16,74,4,12,101,23,140,35,12,47,187
03/31/2023,ILG,DE,AEA,EN,Towers with Radar,8,7,30,0,45,0,1,29,22,52,8,8,59,22,97,72,0,72,169
04/01/2023,ILG,DE,AEA,EN,Towers with Radar,24,6,6,0,36,0,1,0,2,3,24,7,6,2,39,0,0,0,39
04/02/2023,ILG,DE,AEA,EN,Towers with Radar,4,2,9,4,19,0,0,2,22,24,4,2,11,26,43,0,0,0,43
04/03/2023,ILG,DE,AEA,EN,Towers with Radar,6,8,15,2,31,0,0,35,5,40,6,8,50,7,71,47,0,47,118
04/04/2023,ILG,DE,AEA,EN,Towers with Radar,1,8,28,7,44,0,2,64,20,86,1,10,92,27,130,71,29,100,230
04/05/2023,ILG,DE,AEA,EN,Towers with Radar,4,19,36,3,62,0,0,42,14,56,4,19,78,17,118,46,10,56,174
04/06/2023,ILG,DE,AEA,EN,Towers with Radar,4,13,30,1,48,0,0,38,12,50,4,13,68,13,98,77,0,77,175
04/07/2023,ILG,DE,AEA,EN,Towers with Radar,7,8,17,0,32,0,2,48,6,56,7,10,65,6,88,110,4,114,202
04/08/2023,ILG,DE,AEA,EN,Towers with Radar,8,14,26,0,48,0,2,63,0,65,8,16,89,0,113,57,0,57,170
04/09/2023,ILG,DE,AEA,EN,Towers with Radar,4,7,13,0,24,0,10,30,0,40,4,17,43,0,64,74,0,74,138
04/10/2023,ILG,DE,AEA,EN,Towers with Radar,4,15,33,4,56,0,0,55,0,55,4,15,88,4,111,84,0,84,195
04/11/2023,ILG,DE,AEA,EN,Towers with Radar,0,13,25,0,38,0,0,65,21,86,0,13,90,21,124,125,17,142,266
04/12/2023,ILG,DE,AEA,EN,Towers with Radar,3,9,20,1,33,0,0,60,18,78,3,9,80,19,111,57,9,66,177
04/13/2023,ILG,DE,AEA,EN,Towers with Radar,1,9,16,7,33,0,2,53,17,72,1,11,69,24,105,98,28,126,231
04/14/2023,ILG,DE,AEA,EN,Towers with Radar,8,12,34,2,56,0,0,59,9,68,8,12,93,11,124,64,0,64,188
04/15/2023,ILG,DE,AEA,EN,Towers with Radar,16,4,15,0,35,0,0,2,0,2,16,4,17,0,37,0,0,0,37
04/16/2023,ILG,DE,AEA,EN,Towers with Radar,8,6,21,2,37,0,0,24,0,24,8,6,45,2,61,6,0,6,67
04/17/2023,ILG,DE,AEA,EN,Towers with Radar,12,8,25,0,45,0,0,29,2,31,12,8,54,2,76,44,0,44,120
04/18/2023,ILG,DE,AEA,EN,Towers with Radar,0,9,23,1,33,0,2,42,19,63,0,11,65,20,96,36,16,52,148
04/19/2023,ILG,DE,AEA,EN,Towers with Radar,3,17,50,7,77,0,0,45,14,59,3,17,95,21,136,44,9,53,189
04/20/2023,ILG,DE,AEA,EN,Towers with Radar,4,14,35,5,58,0,1,88,9,98,4,15,123,14,156,65,0,65,221
04/21/2023,ILG,DE,AEA,EN,Towers with Radar,4,16,37,1,58,0,0,61,5,66,4,16,98,6,124,105,0,105,229
04/22/2023,ILG,DE,AEA,EN,Towers with Radar,7,10,33,0,50,0,0,27,0,27,7,10,60,0,77,21,0,21,98
04/23/2023,ILG,DE,AEA,EN,Towers with Radar,4,17,18,0,39,0,0,32,2,34,4,17,50,2,73,24,0,24,97
04/24/2023,ILG,DE,AEA,EN,Towers with Radar,4,10,25,0,39,0,0,51,0,51,4,10,76,0,90,65,0,65,155
04/25/2023,ILG,DE,AEA,EN,Towers with Radar,0,15,28,4,47,0,0,75,15,90,0,15,103,19,137,66,6,72,209
04/26/2023,ILG,DE,AEA,EN,Towers with Radar,2,8,23,2,35,0,0,25,9,34,2,8,48,11,69,2,20,22,91
04/27/2023,ILG,DE,AEA,EN,Towers with Radar,4,17,51,0,72,0,0,22,8,30,4,17,73,8,102,37,12,49,151
04/28/2023,ILG,DE,AEA,EN,Towers with Radar,7,31,43,2,83,0,1,0,0,1,7,32,43,2,84,0,0,0,84
04/29/2023,ILG,DE,AEA,EN,Towers with Radar,2,11,23,2,38,0,0,3,0,3,2,11,26,2,41,12,0,12,53
04/30/2023,ILG,DE,AEA,EN,Towers with Radar,4,8,19,1,32,0,0,0,0,0,4,8,19,1,32,0,0,0,32
05/01/2023,ILG,DE,AEA,EN,Towers with Radar,4,11,25,3,43,0,0,27,3,30,4,11,52,6,73,55,10,65,138
05/02/2023,ILG,DE,AEA,EN,Towers with Radar,0,10,14,3,27,0,0,44,5,49,0,10,58,8,76,92,12,104,180
05/03/2023,ILG,DE,AEA,EN,Towers with Radar,5,6,18,6,35,0,1,36,2,39,5,7,54,8,74,22,10,32,106
05/04/2023,ILG,DE,AEA,EN,Towers with Radar,5,16,36,3,60,0,2,82,2,86,5,18,118,5,146,73,0,73,219
05/05/2023,ILG,DE,AEA,EN,Towers with Radar,7,12,21,0,40,0,3,51,0,54,7,15,72,0,94,52,0,52,146
05/06/2023,ILG,DE,AEA,EN,Towers with Radar,8,4,30,3,45,0,3,65,10,78,8,7,95,13,123,16,15,31,154
05/07/2023,ILG,DE,AEA,EN,Towers with Radar,4,7,8,2,21,0,3,28,2,33,4,10,36,4,54,14,14,28,82
05/08/2023,ILG,DE,AEA,EN,Towers with Radar,5,8,35,2,50,0,0,54,1,55,5,8,89,3,105,35,0,35,140
05/09/2023,ILG,DE,AEA,EN,Towers with Radar,0,17,16,7,40,0,2,40,18,60,0,19,56,25,100,36,27,63,163
05/10/2023,ILG,DE,AEA,EN,Towers with Radar,5,8,31,6,50,0,0,78,12,90,5,8,109,18,140,82,22,104,244
05/11/2023,ILG,DE,AEA,EN,Towers with Radar,5,9,29,7,50,0,1,65,19,85,5,10,94,26,135,64,12,76,211
05/12/2023,ILG,DE,AEA,EN,Towers with Radar,4,7,19,0,30,0,0,61,6,67,4,7,80,6,97,20,0,20,117
05/13/2023,ILG,DE,AEA,EN,Towers with Radar,4,1,15,0,20,0,3,25,0,28,4,4,40,0,48,12,0,12,60
05/14/2023,ILG,DE,AEA,EN,Towers with Radar,4,9,7,0,20,0,0,22,0,22,4,9,29,0,42,0,0,0,42
05/15/2023,ILG,DE,AEA,EN,Towers with Radar,5,16,32,1,54,0,0,64,2,66,5,16,96,3,120,8,0,8,128
05/16/2023,ILG,DE,AEA,EN,Towers with Radar,0,15,15,2,32,0,5,74,15,94,0,20,89,17,126,37,2,39,165
05/17/2023,ILG,DE,AEA,EN,Towers with Radar,5,7,33,1,46,0,3,51,9,63,5,10,84,10,109,46,26,72,181
05/18/2023,ILG,DE,AEA,EN,Towers with Radar,5,11,25,0,41,0,3,61,27,91,5,14,86,27,132,65,2,67,199
05/19/2023,ILG,DE,AEA,EN,Towers with Radar,5,6,33,1,45,0,0,59,3,62,5,6,92,4,107,62,14,76,183
05/20/2023,ILG,DE,AEA,EN,Towers with Radar,4,2,12,0,18,0,0,3,0,3,4,2,15,0,21,0,0,0,21
05/21/2023,ILG,DE,AEA,EN,Towers with Radar,5,7,18,0,30,0,0,28,1,29,5,7,46,1,59,26,0,26,85
05/22/2023,ILG,DE,AEA,EN,Towers with Radar,4,8,22,1,35,0,0,63,6,69,4,8,85,7,104,154,5,159,263
05/23/2023,ILG,DE,AEA,EN,Towers with Radar,0,2,25,6,33,0,0,76,13,89,0,2,101,19,122,112,4,116,238
05/24/2023,ILG,DE,AEA,EN,Towers with Radar,4,5,17,3,29,0,5,77,17,99,4,10,94,20,128,116,10,126,254
05/25/2023,ILG,DE,AEA,EN,Towers with Radar,5,14,31,3,53,0,3,56,6,65,5,17,87,9,118,82,0,82,200
05/26/2023,ILG,DE,AEA,EN,Towers with Radar,4,9,21,1,35,0,2,69,0,71,4,11,90,1,106,6,0,6,112
05/27/2023,ILG,DE,AEA,EN,Towers with Radar,6,29,22,0,57,0,0,46,7,53,6,29,68,7,110,4,0,4,114
05/28/2023,ILG,DE,AEA,EN,Towers with Radar,4,8,19,2,33,0,0,6,1,7,4,8,25,3,40,0,0,0,40
05/29/2023,ILG,DE,AEA,EN,Towers with Radar,5,5,9,2,21,0,0,4,2,6,5,5,13,4,27,0,0,0,27
05/30/2023,ILG,DE,AEA,EN,Towers with Radar,0,10,23,9,42,0,0,31,21,52,0,10,54,30,94,84,0,84,178
05/31/2023,ILG,DE,AEA,EN,Towers with Radar,8,6,33,8,55,0,0,62,18,80,8,6,95,26,135,133,10,143,278
06/01/2023,ILG,DE,AEA,EN,Towers with Radar,5,9,31,2,47,0,1,45,18,64,5,10,76,20,111,74,36,110,221
06/02/2023,ILG,DE,AEA,EN,Towers with Radar,5,12,22,0,39,0,0,45,1,46,5,12,67,1,85,92,0,92,177
06/03/2023,ILG,DE,AEA,EN,Towers with Radar,7,21,29,0,57,0,0,27,12,39,7,21,56,12,96,26,0,26,122
06/04/2023,ILG,DE,AEA,EN,Towers with Radar,11,22,43,14,90,0,2,58,22,82,11,24,101,36,172,8,2,10,182
06/05/2023,ILG,DE,AEA,EN,Towers with Radar,9,10,31,0,50,0,0,51,2,53,9,10,82,2,103,84,0,84,187
06/06/2023,ILG,DE,AEA,EN,Towers with Radar,1,12,22,8,43,0,2,29,20,51,1,14,51,28,94,98,20,118,212
06/07/2023,ILG,DE,AEA,EN,Towers with Radar,6,20,38,6,70,0,0,6,0,6,6,20,44,6,76,0,0,0,76
06/08/2023,ILG,DE,AEA,EN,Towers with Radar,4,9,49,0,62,0,0,9,1,10,4,9,58,1,72,21,10,31,103
06/09/2023,ILG,DE,AEA,EN,Towers with Radar,7,37,36,2,82,0,1,61,9,71,7,38,97,11,153,40,0,40,193
06/10/2023,ILG,DE,AEA,EN,Towers with Radar,5,22,39,0,66,0,2,41,0,43,5,24,80,0,109,53,0,53,162
06/11/2023,ILG,DE,AEA,EN,Towers with Radar,8,26,32,0,66,0,2,29,0,31,8,28,61,0,97,40,0,40,137
06/12/2023,ILG,DE,AEA,EN,Towers with Radar,3,5,11,0,19,0,0,3,0,3,3,5,14,0,22,0,0,0,22
06/13/2023,ILG,DE,AEA,EN,Towers with Radar,0,12,17,1,30,0,0,66,19,85,0,12,83,20,115,38,6,44,159
06/14/2023,ILG,DE,AEA,EN,Towers with Radar,5,10,32,1,48,0,1,26,32,59,5,11,58,33,107,45,12,57,164
06/15/2023,ILG,DE,AEA,EN,Towers with Radar,4,22,25,2,53,0,2,51,23,76,4,24,76,25,129,78,11,89,218
06/16/2023,ILG,DE,AEA,EN,Towers with Radar,4,10,18,0,32,0,2,12,4,18,4,12,30,4,50,46,4,50,100
06/17/2023,ILG,DE,AEA,EN,Towers with Radar,4,7,20,0,31,0,3,13,0,16,4,10,33,0,47,18,0,18,65
06/18/2023,ILG,DE,AEA,EN,Towers with Radar,8,23,38,0,69,0,2,43,1,46,8,25,81,1,115,22,0,22,137
06/19/2023,ILG,DE,AEA,EN,Towers with Radar,4,10,25,0,39,0,2,60,0,62,4,12,85,0,101,106,0,106,207
06/20/2023,ILG,DE,AEA,EN,Towers with Radar,2,9,43,6,60,0,0,59,14,73,2,9,102,20,133,80,6,86,219
06/21/2023,ILG,DE,AEA,EN,Towers with Radar,5,9,27,6,47,0,0,9,0,9,5,9,36,6,56,0,34,34,90
06/22/2023,ILG,DE,AEA,EN,Towers with Radar,11,7,35,4,57,0,0,1,0,1,11,7,36,4,58,0,22,22,80
06/23/2023,ILG,DE,AEA,EN,Towers with Radar,21,19,46,0,86,0,0,0,0,0,21,19,46,0,86,0,0,0,86
06/24/2023,ILG,DE,AEA,EN,Towers with Radar,10,26,20,0,56,0,0,2,0,2,10,26,22,0,58,6,0,6,64
06/25/2023,ILG,DE,AEA,EN,Towers with Radar,24,34,37,0,95,0,0,29,0,29,24,34,66,0,124,16,0,16,140
06/26/2023,ILG,DE,AEA,EN,Towers with Radar,10,9,22,1,42,0,0,16,6,22,10,9,38,7,64,38,64,102,166
06/27/2023,ILG,DE,AEA,EN,Towers with Radar,3,11,29,6,49,0,0,19,8,27,3,11,48,14,76,51,0,51,127
06/28/2023,ILG,DE,AEA,EN,Towers with Radar,6,12,71,3,92,0,0,57,22,79,6,12,128,25,171,131,20,151,322
06/29/2023,ILG,DE,AEA,EN,Towers with Radar,9,17,82,2,110,0,0,1,0,1,9,17,83,2,111,0,0,0,111
06/30/2023,ILG,DE,AEA,EN,Towers with Radar,12,12,37,2,63,0,0,24,5,29,12,12,61,7,92,8,0,8,100
07/01/2023,ILG,DE,AEA,EN,Towers with Radar,13,15,31,2,61,0,0,23,0,23,13,15,54,2,84,18,0,18,102
07/02/2023,ILG,DE,AEA,EN,Towers with Radar,12,3,11,0,26,0,0,12,0,12,12,3,23,0,38,2,0,2,40
07/03/2023,ILG,DE,AEA,EN,Towers with Radar,12,4,23,0,39,0,0,34,0,34,12,4,57,0,73,48,0,48,121
07/04/2023,ILG,DE,AEA,EN,Towers with Radar,2,3,8,0,13,0,0,9,0,9,2,3,17,0,22,0,0,0,22
07/05/2023,ILG,DE,AEA,EN,Towers with Radar,6,14,12,5,37,0,1,68,16,85,6,15,80,21,122,57,2,59,181
07/06/2023,ILG,DE,AEA,EN,Towers with Radar,13,11,13,7,44,0,0,54,17,71,13,11,67,24,115,94,20,114,229
07/07/2023,ILG,DE,AEA,EN,Towers with Radar,10,7,29,6,52,0,0,35,3,38,10,7,64,9,90,65,10,75,165
07/08/2023,ILG,DE,AEA,EN,Towers with Radar,12,21,22,0,55,0,3,34,2,39,12,24,56,2,94,88,0,88,182
07/09/2023,ILG,DE,AEA,EN,Towers with Radar,24,15,36,2,77,0,0,3,0,3,24,15,39,2,80,0,0,0,80
07/10/2023,ILG,DE,AEA,EN,Towers with Radar,12,8,24,5,49,0,0,66,2,68,12,8,90,7,117,91,0,91,208
07/11/2023,ILG,DE,AEA,EN,Towers with Radar,2,5,31,3,41,0,2,86,22,110,2,7,117,25,151,102,14,116,267
07/12/2023,ILG,DE,AEA,EN,Towers with Radar,6,14,23,5,48,2,0,86,17,105,8,14,109,22,153,68,38,106,259
07/13/2023,ILG,DE,AEA,EN,Towers with Radar,12,5,23,2,42,0,1,64,21,86,12,6,87,23,128,86,4,90,218
07/14/2023,ILG,DE,AEA,EN,Towers with Radar,10,9,22,0,41,0,0,27,1,28,10,9,49,1,69,16,0,16,85
07/15/2023,ILG,DE,AEA,EN,Towers with Radar,4,9,13,0,26,0,0,41,0,41,4,9,54,0,67,36,0,36,103
07/16/2023,ILG,DE,AEA,EN,Towers with Radar,22,12,39,0,73,0,0,4,0,4,22,12,43,0,77,14,0,14,91
07/17/2023,ILG,DE,AEA,EN,Towers with Radar,10,8,29,1,48,0,0,44,3,47,10,8,73,4,95,31,12,43,138
07/18/2023,ILG,DE,AEA,EN,Towers with Radar,2,12,24,2,40,0,0,41,16,57,2,12,65,18,97,124,14,138,235
07/19/2023,ILG,DE,AEA,EN,Towers with Radar,4,18,49,7,78,0,3,12,18,33,4,21,61,25,111,20,24,44,155
07/20/2023,ILG,DE,AEA,EN,Towers with Radar,12,19,44,3,78,0,0,28,18,46,12,19,72,21,124,38,24,62,186
07/21/2023,ILG,DE,AEA,EN,Towers with Radar,10,11,26,3,50,0,0,51,5,56,10,11,77,8,106,64,2,66,172
07/22/2023,ILG,DE,AEA,EN,Towers with Radar,6,12,11,0,29,0,0,47,0,47,6,12,58,0,76,30,0,30,106
07/23/2023,ILG,DE,AEA,EN,Towers with Radar,12,11,22,0,45,0,3,58,0,61,12,14,80,0,106,43,0,43,149
07/24/2023,ILG,DE,AEA,EN,Towers with Radar,10,14,17,5,46,0,0,34,1,35,10,14,51,6,81,110,0,110,191
07/25/2023,ILG,DE,AEA,EN,Towers with Radar,2,11,17,6,36,0,0,20,11,31,2,11,37,17,67,71,34,105,172
07/26/2023,ILG,DE,AEA,EN,Towers with Radar,4,15,19,5,43,0,0,67,11,78,4,15,86,16,121,150,35,185,306
07/27/2023,ILG,DE,AEA,EN,Towers with Radar,12,10,22,1,45,0,0,38,14,52,12,10,60,15,97,115,10,125,222
07/28/2023,ILG,DE,AEA,EN,Towers with Radar,20,26,43,0,89,0,0,49,3,52,20,26,92,3,141,56,4,60,201
07/29/2023,ILG,DE,AEA,EN,Towers with Radar,10,16,32,0,58,0,0,36,0,36,10,16,68,0,94,39,0,39,133
07/30/2023,ILG,DE,AEA,EN,Towers with Radar,23,20,36,0,79,0,0,31,0,31,23,20,67,0,110,88,0,88,198
07/31/2023,ILG,DE,AEA,EN,Towers with Radar,10,16,31,2,59,0,0,54,6,60,10,16,85,8,119,158,8,166,285
08/01/2023,ILG,DE,AEA,EN,Towers with Radar,2,16,20,3,41,0,1,48,8,57,2,17,68,11,98,91,44,135,233
08/02/2023,ILG,DE,AEA,EN,Towers with Radar,3,5,29,4,41,0,1,67,17,85,3,6,96,21,126,112,10,122,248
08/03/2023,ILG,DE,AEA,EN,Towers with Radar,12,10,30,2,54,0,1,44,18,63,12,11,74,20,117,44,10,54,171
08/04/2023,ILG,DE,AEA,EN,Towers with Radar,14,6,25,6,51,0,0,7,2,9,14,6,32,8,60,0,0,0,60
08/05/2023,ILG,DE,AEA,EN,Towers with Radar,12,8,10,5,35,0,0,6,16,22,12,8,16,21,57,0,0,0,57
08/06/2023,ILG,DE,AEA,EN,Towers with Radar,12,4,1,4,21,0,0,5,4,9,12,4,6,8,30,0,0,0,30
08/07/2023,ILG,DE,AEA,EN,Towers with Radar,10,17,25,8,60,0,0,20,3,23,10,17,45,11,83,24,8,32,115
08/08/2023,ILG,DE,AEA,EN,Towers with Radar,2,11,31,1,45,0,1,39,6,46,2,12,70,7,91,52,4,56,147
08/09/2023,ILG,DE,AEA,EN,Towers with Radar,7,11,47,2,67,0,4,80,9,93,7,15,127,11,160,60,6,66,226
08/10/2023,ILG,DE,AEA,EN,Towers with Radar,12,11,25,0,48,0,1,19,4,24,12,12,44,4,72,30,0,30,102
08/11/2023,ILG,DE,AEA,EN,Towers with Radar,15,7,43,0,65,0,0,77,8,85,15,7,120,8,150,153,0,153,303
08/12/2023,ILG,DE,AEA,EN,Towers with Radar,12,30,12,0,54,0,0,50,0,50,12,30,62,0,104,42,0,42,146
08/13/2023,ILG,DE,AEA,EN,Towers with Radar,23,21,38,0,82,0,0,29,0,29,23,21,67,0,111,20,0,20,131
08/14/2023,ILG,DE,AEA,EN,Towers with Radar,10,8,24,4,46,0,2,45,6,53,10,10,69,10,99,40,16,56,155
08/15/2023,ILG,DE,AEA,EN,Towers with Radar,2,16,26,4,48,0,0,28,13,41,2,16,54,17,89,42,20,62,151
08/16/2023,ILG,DE,AEA,EN,Towers with Radar,4,11,56,6,77,0,0,64,10,74,4,11,120,16,151,140,0,140,291
08/17/2023,ILG,DE,AEA,EN,Towers with Radar,12,11,36,5,64,0,0,59,6,65,12,11,95,11,129,132,8,140,269
08/18/2023,ILG,DE,AEA,EN,Towers with Radar,20,37,42,1,100,0,3,41,7,51,20,40,83,8,151,32,0,32,183
08/19/2023,ILG,DE,AEA,EN,Towers with Radar,12,4,17,2,35,0,0,43,5,48,12,4,60,7,83,44,2,46,129
08/20/2023,ILG,DE,AEA,EN,Towers with Radar,22,12,31,4,69,0,2,25,3,30,22,14,56,7,99,6,2,8,107
08/21/2023,ILG,DE,AEA,EN,Towers with Radar,10,11,32,3,56,0,0,45,1,46,10,11,77,4,102,48,0,48,150
08/22/2023,ILG,DE,AEA,EN,Towers with Radar,2,6,22,1,31,0,0,61,9,70,2,6,83,10,101,36,6,42,143
08/23/2023,ILG,DE,AEA,EN,Towers with Radar,4,3,31,3,41,0,2,67,15,84,4,5,98,18,125,56,8,64,189
08/24/2023,ILG,DE,AEA,EN,Towers with Radar,12,14,27,5,58,0,0,31,8,39,12,14,58,13,97,48,20,68,165
08/25/2023,ILG,DE,AEA,EN,Towers with Radar,22,18,31,0,71,0,0,25,2,27,22,18,56,2,98,66,0,66,164
08/26/2023,ILG,DE,AEA,EN,Towers with Radar,12,18,20,0,50,0,1,35,0,36,12,19,55,0,86,47,0,47,133
08/27/2023,ILG,DE,AEA,EN,Towers with Radar,12,12,13,0,37,0,0,44,0,44,12,12,57,0,81,12,0,12,93
08/28/2023,ILG,DE,AEA,EN,Towers with Radar,10,6,35,4,55,0,0,28,6,34,10,6,63,10,89,68,4,72,161
08/29/2023,ILG,DE,AEA,EN,Towers with Radar,0,12,25,11,48,0,0,11,9,20,0,12,36,20,68,48,6,54,122
08/30/2023,ILG,DE,AEA,EN,Towers with Radar,3,13,31,6,53,0,1,25,14,40,3,14,56,20,93,28,10,38,131
08/31/2023,ILG,DE,AEA,EN,Towers with Radar,12,13,26,0,51,0,4,58,8,70,12,17,84,8,121,62,18,80,201
