01/01/2000,ILM,NC,ASO,EN,Towers with Radar,8,22,20,0,50,2,2,94,0,98,10,24,114,0,148,104,0,104,252
01/02/2000,ILM,NC,ASO,EN,Towers with Radar,12,46,55,0,113,0,0,166,0,166,12,46,221,0,279,92,0,92,371
01/03/2000,ILM,NC,ASO,EN,Towers with Radar,0,53,46,2,101,0,10,71,0,81,0,63,117,2,182,96,0,96,278
01/04/2000,ILM,NC,ASO,EN,Towers with Radar,12,59,51,8,130,0,0,24,21,45,12,59,75,29,175,64,10,74,249
01/05/2000,ILM,NC,ASO,EN,Towers with Radar,9,56,49,1,115,0,3,51,0,54,9,59,100,1,169,40,16,56,225
01/06/2000,ILM,NC,ASO,EN,Towers with Radar,5,16,19,3,43,0,0,16,1,17,5,16,35,4,60,36,0,36,96
01/07/2000,ILM,NC,ASO,EN,Towers with Radar,12,65,56,0,133,0,1,58,0,59,12,66,114,0,192,30,0,30,222
01/08/2000,ILM,NC,ASO,EN,Towers with Radar,13,34,29,0,76,0,5,115,0,120,13,39,144,0,196,168,0,168,364
01/09/2000,ILM,NC,ASO,EN,Towers with Radar,13,40,44,4,101,0,0,63,0,63,13,40,107,4,164,115,0,115,279
01/10/2000,ILM,NC,ASO,EN,Towers with Radar,12,38,34,2,86,0,17,6,0,23,12,55,40,2,109,44,2,46,155
01/11/2000,ILM,NC,ASO,EN,Towers with Radar,12,50,44,7,113,0,19,35,5,59,12,69,79,12,172,58,16,74,246
01/12/2000,ILM,NC,ASO,EN,Towers with Radar,13,55,49,8,125,0,12,84,9,105,13,67,133,17,230,106,32,138,368
01/13/2000,ILM,NC,ASO,EN,Towers with Radar,12,62,55,9,138,0,9,56,6,71,12,71,111,15,209,92,32,124,333
01/14/2000,ILM,NC,ASO,EN,Towers with Radar,14,57,50,3,124,0,13,67,0,80,14,70,117,3,204,55,0,55,259
01/15/2000,ILM,NC,ASO,EN,Towers with Radar,12,31,27,4,74,0,4,101,0,105,12,35,128,4,179,90,0,90,269
01/16/2000,ILM,NC,ASO,EN,Towers with Radar,2,2,2,0,6,1,2,4,0,7,3,4,6,0,13,0,0,0,13
01/17/2000,ILM,NC,ASO,EN,Towers with Radar,0,0,0,0,0,0,0,0,0,0,0,0,0,0,0,12,0,12,12
01/18/2000,ILM,NC,ASO,EN,Towers with Radar,0,0,1,0,1,0,0,0,0,0,0,0,1,0,1,0,0,0,1
01/19/2000,ILM,NC,ASO,EN,Towers with Radar,11,54,45,9,119,0,1,34,0,35,11,55,79,9,154,48,2,50,204
01/20/2000,ILM,NC,ASO,EN,Towers with Radar,12,50,41,8,111,0,10,0,9,19,12,60,41,17,130,18,10,28,158
01/21/2000,ILM,NC,ASO,EN,Towers with Radar,11,59,49,9,128,0,2,31,34,67,11,61,80,43,195,74,40,114,309
01/22/2000,ILM,NC,ASO,EN,Towers with Radar,12,34,32,6,84,0,0,80,1,81,12,34,112,7,165,213,12,225,390
01/23/2000,ILM,NC,ASO,EN,Towers with Radar,5,27,18,3,53,0,1,0,0,1,5,28,18,3,54,2,0,2,56
01/24/2000,ILM,NC,ASO,EN,Towers with Radar,12,49,30,0,91,0,1,0,0,1,12,50,30,0,92,6,0,6,98
01/25/2000,ILM,NC,ASO,EN,Towers with Radar,1,3,8,0,12,0,1,3,0,4,1,4,11,0,16,0,0,0,16
01/26/2000,ILM,NC,ASO,EN,Towers with Radar,10,36,32,5,83,0,12,19,29,60,10,48,51,34,143,48,26,74,217
01/27/2000,ILM,NC,ASO,EN,Towers with Radar,12,54,47,8,121,0,1,52,15,68,12,55,99,23,189,118,18,136,325
01/28/2000,ILM,NC,ASO,EN,Towers with Radar,12,35,31,0,78,0,11,32,0,43,12,46,63,0,121,72,0,72,193
01/29/2000,ILM,NC,ASO,EN,Towers with Radar,6,15,14,0,35,4,6,22,0,32,10,21,36,0,67,84,0,84,151
01/30/2000,ILM,NC,ASO,EN,Towers with Radar,5,9,10,0,24,0,1,0,0,1,5,10,10,0,25,0,0,0,25
01/31/2000,ILM,NC,ASO,EN,Towers with Radar,10,54,47,19,130,0,1,37,0,38,10,55,84,19,168,86,0,86,254
02/01/2000,ILM,NC,ASO,EN,Towers with Radar,13,53,56,10,132,2,6,64,8,80,15,59,120,18,212,83,12,95,307
02/02/2000,ILM,NC,ASO,EN,Towers with Radar,11,57,62,10,140,0,2,54,4,60,11,59,116,14,200,170,32,202,402
02/03/2000,ILM,NC,ASO,EN,Towers with Radar,0,52,63,11,126,0,0,56,24,80,0,52,119,35,206,86,20,106,312
02/04/2000,ILM,NC,ASO,EN,Towers with Radar,10,47,51,0,108,3,9,102,0,114,13,56,153,0,222,66,0,66,288
02/05/2000,ILM,NC,ASO,EN,Towers with Radar,9,37,43,8,97,0,0,95,1,96,9,37,138,9,193,76,10,86,279
02/06/2000,ILM,NC,ASO,EN,Towers with Radar,9,37,40,0,86,7,4,87,0,98,16,41,127,0,184,72,0,72,256
02/07/2000,ILM,NC,ASO,EN,Towers with Radar,12,43,57,0,112,7,0,35,0,42,19,43,92,0,154,74,0,74,228
02/08/2000,ILM,NC,ASO,EN,Towers with Radar,13,55,60,7,135,0,6,52,0,58,13,61,112,7,193,110,6,116,309
02/09/2000,ILM,NC,ASO,EN,Towers with Radar,13,63,67,11,154,0,3,35,10,48,13,66,102,21,202,146,40,186,388
02/10/2000,ILM,NC,ASO,EN,Towers with Radar,11,63,66,6,146,0,0,83,0,83,11,63,149,6,229,226,8,234,463
02/11/2000,ILM,NC,ASO,EN,Towers with Radar,11,60,71,12,154,0,0,78,12,90,11,60,149,24,244,68,20,88,332
02/12/2000,ILM,NC,ASO,EN,Towers with Radar,9,37,40,0,86,1,0,14,0,15,10,37,54,0,101,26,0,26,127
02/13/2000,ILM,NC,ASO,EN,Towers with Radar,13,43,58,4,118,0,0,28,0,28,13,43,86,4,146,20,0,20,166
02/14/2000,ILM,NC,ASO,EN,Towers with Radar,9,41,43,0,93,4,6,10,0,20,13,47,53,0,113,18,0,18,131
02/15/2000,ILM,NC,ASO,EN,Towers with Radar,14,56,60,11,141,4,0,74,13,91,18,56,134,24,232,98,22,120,352
02/16/2000,ILM,NC,ASO,EN,Towers with Radar,12,50,53,9,124,2,12,56,2,72,14,62,109,11,196,54,28,82,278
02/17/2000,ILM,NC,ASO,EN,Towers with Radar,13,62,71,6,152,0,0,63,0,63,13,62,134,6,215,132,6,138,353
02/18/2000,ILM,NC,ASO,EN,Towers with Radar,11,51,55,0,117,0,10,44,0,54,11,61,99,0,171,112,0,112,283
02/19/2000,ILM,NC,ASO,EN,Towers with Radar,10,38,40,4,92,1,0,58,0,59,11,38,98,4,151,56,0,56,207
02/20/2000,ILM,NC,ASO,EN,Towers with Radar,11,37,47,2,97,3,0,105,0,108,14,37,152,2,205,104,0,104,309
02/21/2000,ILM,NC,ASO,EN,Towers with Radar,11,52,56,8,127,0,0,116,0,116,11,52,172,8,243,88,6,94,337
02/22/2000,ILM,NC,ASO,EN,Towers with Radar,13,60,65,10,148,0,0,54,16,70,13,60,119,26,218,86,38,124,342
02/23/2000,ILM,NC,ASO,EN,Towers with Radar,16,63,70,11,160,0,0,71,20,91,16,63,141,31,251,66,48,114,365
02/24/2000,ILM,NC,ASO,EN,Towers with Radar,12,56,60,9,137,0,11,70,1,82,12,67,130,10,219,98,2,100,319
02/25/2000,ILM,NC,ASO,EN,Towers with Radar,12,60,64,10,146,0,1,95,3,99,12,61,159,13,245,146,10,156,401
02/26/2000,ILM,NC,ASO,EN,Towers with Radar,12,44,49,0,105,0,0,114,0,114,12,44,163,0,219,96,0,96,315
02/27/2000,ILM,NC,ASO,EN,Towers with Radar,11,45,53,7,116,0,0,51,0,51,11,45,104,7,167,92,6,98,265
02/28/2000,ILM,NC,ASO,EN,Towers with Radar,14,51,61,9,135,1,0,55,35,91,15,51,116,44,226,90,68,158,384
02/29/2000,ILM,NC,ASO,EN,Towers with Radar,13,55,58,9,135,0,3,73,4,80,13,58,131,13,215,66,10,76,291
03/01/2000,ILM,NC,ASO,EN,Towers with Radar,12,47,49,7,115,2,10,62,9,83,14,57,111,16,198,40,22,62,260
03/02/2000,ILM,NC,ASO,EN,Towers with Radar,14,60,62,8,144,2,2,62,6,72,16,62,124,14,216,92,10,102,318
03/03/2000,ILM,NC,ASO,EN,Towers with Radar,0,59,61,8,128,0,3,67,12,82,0,62,128,20,210,56,30,86,296
03/04/2000,ILM,NC,ASO,EN,Towers with Radar,10,38,41,0,89,0,0,11,0,11,10,38,52,0,100,81,0,81,181
03/05/2000,ILM,NC,ASO,EN,Towers with Radar,12,41,48,1,102,2,0,159,0,161,14,41,207,1,263,120,0,120,383
03/06/2000,ILM,NC,ASO,EN,Towers with Radar,11,53,55,4,123,0,6,83,0,89,11,59,138,4,212,92,4,96,308
03/07/2000,ILM,NC,ASO,EN,Towers with Radar,15,57,61,8,141,1,0,72,0,73,16,57,133,8,214,110,22,132,346
03/08/2000,ILM,NC,ASO,EN,Towers with Radar,13,50,52,2,117,2,8,62,0,72,15,58,114,2,189,64,0,64,253
03/09/2000,ILM,NC,ASO,EN,Towers with Radar,14,53,56,5,128,2,7,64,0,73,16,60,120,5,201,92,0,92,293
03/10/2000,ILM,NC,ASO,EN,Towers with Radar,14,56,59,8,137,0,7,61,1,69,14,63,120,9,206,50,42,92,298
03/11/2000,ILM,NC,ASO,EN,Towers with Radar,7,29,30,0,66,5,6,26,0,37,12,35,56,0,103,52,0,52,155
03/12/2000,ILM,NC,ASO,EN,Towers with Radar,11,39,45,6,101,0,0,49,0,49,11,39,94,6,150,30,0,30,180
03/13/2000,ILM,NC,ASO,EN,Towers with Radar,12,52,54,7,125,0,7,55,8,70,12,59,109,15,195,40,16,56,251
03/14/2000,ILM,NC,ASO,EN,Towers with Radar,16,56,60,3,135,0,1,89,0,90,16,57,149,3,225,38,4,42,267
03/15/2000,ILM,NC,ASO,EN,Towers with Radar,16,58,62,8,144,0,1,52,10,63,16,59,114,18,207,48,12,60,267
03/16/2000,ILM,NC,ASO,EN,Towers with Radar,15,52,57,6,130,0,10,38,8,56,15,62,95,14,186,44,4,48,234
03/17/2000,ILM,NC,ASO,EN,Towers with Radar,15,55,67,5,142,0,0,72,0,72,15,55,139,5,214,110,0,110,324
03/18/2000,ILM,NC,ASO,EN,Towers with Radar,12,35,46,1,94,5,0,81,0,86,17,35,127,1,180,46,0,46,226
03/19/2000,ILM,NC,ASO,EN,Towers with Radar,14,39,55,1,109,0,0,61,0,61,14,39,116,1,170,4,0,4,174
03/20/2000,ILM,NC,ASO,EN,Towers with Radar,12,48,52,0,112,0,3,13,0,16,12,51,65,0,128,32,0,32,160
03/21/2000,ILM,NC,ASO,EN,Towers with Radar,16,53,75,9,153,0,0,21,9,30,16,53,96,18,183,84,12,96,279
03/22/2000,ILM,NC,ASO,EN,Towers with Radar,16,62,72,3,153,0,0,10,0,10,16,62,82,3,163,5,0,5,168
03/23/2000,ILM,NC,ASO,EN,Towers with Radar,14,50,70,8,142,0,0,48,8,56,14,50,118,16,198,14,8,22,220
03/24/2000,ILM,NC,ASO,EN,Towers with Radar,15,57,67,8,147,0,0,116,15,131,15,57,183,23,278,86,38,124,402
03/25/2000,ILM,NC,ASO,EN,Towers with Radar,11,38,42,2,93,1,2,110,0,113,12,40,152,2,206,104,0,104,310
03/26/2000,ILM,NC,ASO,EN,Towers with Radar,12,41,45,0,98,0,2,107,0,109,12,43,152,0,207,50,0,50,257
03/27/2000,ILM,NC,ASO,EN,Towers with Radar,14,51,56,6,127,1,0,17,1,19,15,51,73,7,146,56,0,56,202
03/28/2000,ILM,NC,ASO,EN,Towers with Radar,13,47,52,1,113,1,13,17,0,31,14,60,69,1,144,62,0,62,206
03/29/2000,ILM,NC,ASO,EN,Towers with Radar,14,54,59,7,134,0,5,74,27,106,14,59,133,34,240,92,28,120,360
03/30/2000,ILM,NC,ASO,EN,Towers with Radar,15,53,55,5,128,0,6,31,0,37,15,59,86,5,165,58,0,58,223
03/31/2000,ILM,NC,ASO,EN,Towers with Radar,14,61,67,8,150,0,0,97,5,102,14,61,164,13,252,32,40,72,324
04/01/2000,ILM,NC,ASO,EN,Towers with Radar,10,36,43,7,96,3,8,111,3,125,13,44,154,10,221,52,2,54,275
04/02/2000,ILM,NC,ASO,EN,Towers with Radar,9,41,53,0,103,0,0,98,0,98,9,41,151,0,201,52,0,52,253
04/03/2000,ILM,NC,ASO,EN,Towers with Radar,11,50,62,10,133,0,0,3,41,44,11,50,65,51,177,4,62,66,243
04/04/2000,ILM,NC,ASO,EN,Towers with Radar,10,42,49,7,108,0,9,7,0,16,10,51,56,7,124,4,10,14,138
04/05/2000,ILM,NC,ASO,EN,Towers with Radar,12,43,48,5,108,1,10,60,0,71,13,53,108,5,179,57,18,75,254
04/06/2000,ILM,NC,ASO,EN,Towers with Radar,12,43,49,8,112,2,7,47,2,58,14,50,96,10,170,52,8,60,230
04/07/2000,ILM,NC,ASO,EN,Towers with Radar,15,53,61,2,131,3,0,108,0,111,18,53,169,2,242,22,0,22,264
04/08/2000,ILM,NC,ASO,EN,Towers with Radar,7,27,31,0,65,10,1,10,0,21,17,28,41,0,86,16,0,16,102
04/09/2000,ILM,NC,ASO,EN,Towers with Radar,10,32,43,2,87,2,0,73,0,75,12,32,116,2,162,0,0,0,162
04/10/2000,ILM,NC,ASO,EN,Towers with Radar,12,44,51,8,115,0,1,84,6,91,12,45,135,14,206,114,10,124,330
04/11/2000,ILM,NC,ASO,EN,Towers with Radar,14,50,58,10,132,2,0,76,1,79,16,50,134,11,211,76,0,76,287
04/12/2000,ILM,NC,ASO,EN,Towers with Radar,15,49,63,10,137,0,0,64,1,65,15,49,127,11,202,74,0,74,276
04/13/2000,ILM,NC,ASO,EN,Towers with Radar,16,62,66,9,153,0,0,0,0,0,16,62,66,9,153,30,4,34,187
04/14/2000,ILM,NC,ASO,EN,Towers with Radar,15,50,82,7,154,0,1,2,0,3,15,51,84,7,157,0,0,0,157
04/15/2000,ILM,NC,ASO,EN,Towers with Radar,10,34,40,0,84,4,0,22,0,26,14,34,62,0,110,32,0,32,142
04/16/2000,ILM,NC,ASO,EN,Towers with Radar,13,41,49,1,104,0,7,86,0,93,13,48,135,1,197,34,0,34,231
04/17/2000,ILM,NC,ASO,EN,Towers with Radar,11,43,52,6,112,0,10,73,0,83,11,53,125,6,195,102,0,102,297
04/18/2000,ILM,NC,ASO,EN,Towers with Radar,14,45,46,9,114,2,6,0,1,9,16,51,46,10,123,0,20,20,143
04/19/2000,ILM,NC,ASO,EN,Towers with Radar,14,52,68,11,145,0,0,34,10,44,14,52,102,21,189,30,18,48,237
04/20/2000,ILM,NC,ASO,EN,Towers with Radar,11,55,73,12,151,0,0,132,14,146,11,55,205,26,297,86,28,114,411
04/21/2000,ILM,NC,ASO,EN,Towers with Radar,11,53,66,11,141,0,0,29,18,47,11,53,95,29,188,0,30,30,218
04/22/2000,ILM,NC,ASO,EN,Towers with Radar,9,30,35,4,78,3,4,82,0,89,12,34,117,4,167,48,0,48,215
04/23/2000,ILM,NC,ASO,EN,Towers with Radar,12,39,46,2,99,0,2,98,0,100,12,41,144,2,199,82,0,82,281
04/24/2000,ILM,NC,ASO,EN,Towers with Radar,15,52,64,8,139,0,0,70,0,70,15,52,134,8,209,82,0,82,291
04/25/2000,ILM,NC,ASO,EN,Towers with Radar,12,53,54,2,121,0,2,3,1,6,12,55,57,3,127,0,0,0,127
04/26/2000,ILM,NC,ASO,EN,Towers with Radar,15,51,63,9,138,0,0,52,14,66,15,51,115,23,204,22,10,32,236
04/27/2000,ILM,NC,ASO,EN,Towers with Radar,16,53,66,10,145,0,0,74,12,86,16,53,140,22,231,46,38,84,315
04/28/2000,ILM,NC,ASO,EN,Towers with Radar,13,43,40,2,98,1,2,0,0,3,14,45,40,2,101,8,0,8,109
04/29/2000,ILM,NC,ASO,EN,Towers with Radar,10,30,38,2,80,6,0,77,0,83,16,30,115,2,163,76,0,76,239
04/30/2000,ILM,NC,ASO,EN,Towers with Radar,11,29,46,5,91,0,0,165,0,165,11,29,211,5,256,94,0,94,350
05/01/2000,ILM,NC,ASO,EN,Towers with Radar,13,43,50,5,111,2,2,81,0,85,15,45,131,5,196,0,0,0,196
05/02/2000,ILM,NC,ASO,EN,Towers with Radar,14,48,56,8,126,0,2,15,6,23,14,50,71,14,149,12,12,24,173
05/03/2000,ILM,NC,ASO,EN,Towers with Radar,0,49,59,8,116,0,0,84,12,96,0,49,143,20,212,88,28,116,328
05/04/2000,ILM,NC,ASO,EN,Towers with Radar,15,48,56,8,127,0,1,83,4,88,15,49,139,12,215,92,8,100,315
05/05/2000,ILM,NC,ASO,EN,Towers with Radar,14,47,55,8,124,0,2,54,4,60,14,49,109,12,184,48,4,52,236
05/06/2000,ILM,NC,ASO,EN,Towers with Radar,10,24,36,5,75,2,0,158,1,161,12,24,194,6,236,106,0,106,342
05/07/2000,ILM,NC,ASO,EN,Towers with Radar,12,32,47,4,95,0,0,147,0,147,12,32,194,4,242,74,4,78,320
05/08/2000,ILM,NC,ASO,EN,Towers with Radar,13,42,49,7,111,3,3,55,11,72,16,45,104,18,183,80,14,94,277
05/09/2000,ILM,NC,ASO,EN,Towers with Radar,15,48,56,8,127,0,0,68,13,81,15,48,124,21,208,22,6,28,236
05/10/2000,ILM,NC,ASO,EN,Towers with Radar,14,43,51,3,111,1,8,51,0,60,15,51,102,3,171,103,4,107,278
05/11/2000,ILM,NC,ASO,EN,Towers with Radar,14,48,57,5,124,0,1,84,0,85,14,49,141,5,209,127,0,127,336
05/12/2000,ILM,NC,ASO,EN,Towers with Radar,16,51,70,9,146,0,0,100,19,119,16,51,170,28,265,103,38,141,406
05/13/2000,ILM,NC,ASO,EN,Towers with Radar,11,31,37,2,81,1,0,68,0,69,12,31,105,2,150,26,0,26,176
05/14/2000,ILM,NC,ASO,EN,Towers with Radar,12,31,43,0,86,1,0,97,0,98,13,31,140,0,184,58,0,58,242
05/15/2000,ILM,NC,ASO,EN,Towers with Radar,12,41,49,6,108,0,7,68,7,82,12,48,117,13,190,86,6,92,282
05/16/2000,ILM,NC,ASO,EN,Towers with Radar,11,31,37,0,79,3,12,85,0,100,14,43,122,0,179,52,0,52,231
05/17/2000,ILM,NC,ASO,EN,Towers with Radar,16,46,57,6,125,0,0,77,0,77,16,46,134,6,202,108,18,126,328
05/18/2000,ILM,NC,ASO,EN,Towers with Radar,16,51,61,7,135,0,1,41,2,44,16,52,102,9,179,50,8,58,237
05/19/2000,ILM,NC,ASO,EN,Towers with Radar,14,46,55,2,117,0,9,70,0,79,14,55,125,2,196,30,0,30,226
05/20/2000,ILM,NC,ASO,EN,Towers with Radar,11,33,39,4,87,3,1,62,1,67,14,34,101,5,154,48,0,48,202
05/21/2000,ILM,NC,ASO,EN,Towers with Radar,14,31,50,2,97,1,0,60,0,61,15,31,110,2,158,32,0,32,190
05/22/2000,ILM,NC,ASO,EN,Towers with Radar,13,36,43,5,97,0,6,19,4,29,13,42,62,9,126,34,0,34,160
05/23/2000,ILM,NC,ASO,EN,Towers with Radar,13,57,68,8,146,0,0,97,3,100,13,57,165,11,246,82,20,102,348
05/24/2000,ILM,NC,ASO,EN,Towers with Radar,14,41,50,5,110,0,12,53,0,65,14,53,103,5,175,30,0,30,205
05/25/2000,ILM,NC,ASO,EN,Towers with Radar,11,50,60,1,122,0,15,46,0,61,11,65,106,1,183,38,0,38,221
05/26/2000,ILM,NC,ASO,EN,Towers with Radar,17,51,62,4,134,0,0,105,0,105,17,51,167,4,239,92,2,94,333
05/27/2000,ILM,NC,ASO,EN,Towers with Radar,10,28,34,1,73,2,5,52,0,59,12,33,86,1,132,46,0,46,178
05/28/2000,ILM,NC,ASO,EN,Towers with Radar,8,23,28,0,59,4,8,43,0,55,12,31,71,0,114,40,0,40,154
05/29/2000,ILM,NC,ASO,EN,Towers with Radar,14,31,49,0,94,2,0,50,0,52,16,31,99,0,146,56,0,56,202
05/30/2000,ILM,NC,ASO,EN,Towers with Radar,21,55,74,9,159,0,0,28,12,40,21,55,102,21,199,8,2,10,209
05/31/2000,ILM,NC,ASO,EN,Towers with Radar,15,56,72,7,150,0,0,34,0,34,15,56,106,7,184,20,0,20,204
06/01/2000,ILM,NC,ASO,EN,Towers with Radar,13,39,48,0,100,3,10,84,0,97,16,49,132,0,197,84,0,84,281
06/02/2000,ILM,NC,ASO,EN,Towers with Radar,14,48,57,2,121,1,6,96,0,103,15,54,153,2,224,46,0,46,270
06/03/2000,ILM,NC,ASO,EN,Towers with Radar,0,32,37,0,69,0,0,65,0,65,0,32,102,0,134,22,0,22,156
06/04/2000,ILM,NC,ASO,EN,Towers with Radar,11,32,40,0,83,1,0,37,0,38,12,32,77,0,121,14,0,14,135
06/05/2000,ILM,NC,ASO,EN,Towers with Radar,10,46,53,8,117,0,2,3,18,23,10,48,56,26,140,0,0,0,140
06/06/2000,ILM,NC,ASO,EN,Towers with Radar,14,44,51,8,117,1,11,33,12,57,15,55,84,20,174,10,28,38,212
06/07/2000,ILM,NC,ASO,EN,Towers with Radar,15,50,58,9,132,0,2,92,20,114,15,52,150,29,246,68,18,86,332
06/08/2000,ILM,NC,ASO,EN,Towers with Radar,14,48,56,9,127,0,8,91,0,99,14,56,147,9,226,40,4,44,270
06/09/2000,ILM,NC,ASO,EN,Towers with Radar,16,50,58,9,133,0,7,74,1,82,16,57,132,10,215,22,0,22,237
06/10/2000,ILM,NC,ASO,EN,Towers with Radar,10,28,36,2,76,8,0,106,0,114,18,28,142,2,190,62,2,64,254
06/11/2000,ILM,NC,ASO,EN,Towers with Radar,12,32,45,4,93,4,0,93,0,97,16,32,138,4,190,56,0,56,246
06/12/2000,ILM,NC,ASO,EN,Towers with Radar,14,43,50,8,115,2,3,48,10,63,16,46,98,18,178,34,8,42,220
06/13/2000,ILM,NC,ASO,EN,Towers with Radar,14,42,50,5,111,1,5,41,0,47,15,47,91,5,158,22,0,22,180
06/14/2000,ILM,NC,ASO,EN,Towers with Radar,16,48,59,9,132,0,0,17,43,60,16,48,76,52,192,32,56,88,280
06/15/2000,ILM,NC,ASO,EN,Towers with Radar,15,48,59,3,125,0,0,42,0,42,15,48,101,3,167,28,6,34,201
06/16/2000,ILM,NC,ASO,EN,Towers with Radar,12,49,59,8,128,0,2,67,5,74,12,51,126,13,202,28,4,32,234
06/17/2000,ILM,NC,ASO,EN,Towers with Radar,10,28,35,5,78,4,0,16,4,24,14,28,51,9,102,10,8,18,120
06/18/2000,ILM,NC,ASO,EN,Towers with Radar,10,28,45,6,89,0,0,39,9,48,10,28,84,15,137,12,8,20,157
06/19/2000,ILM,NC,ASO,EN,Towers with Radar,14,39,48,1,102,0,1,62,0,63,14,40,110,1,165,36,0,36,201
06/20/2000,ILM,NC,ASO,EN,Towers with Radar,14,45,55,7,121,0,2,36,0,38,14,47,91,7,159,44,6,50,209
06/21/2000,ILM,NC,ASO,EN,Towers with Radar,15,44,53,3,115,0,3,20,0,23,15,47,73,3,138,42,6,48,186
06/22/2000,ILM,NC,ASO,EN,Towers with Radar,17,50,61,6,134,0,2,53,0,55,17,52,114,6,189,34,6,40,229
06/23/2000,ILM,NC,ASO,EN,Towers with Radar,14,46,55,8,123,0,0,88,1,89,14,46,143,9,212,44,6,50,262
06/24/2000,ILM,NC,ASO,EN,Towers with Radar,13,31,44,0,88,1,0,84,0,85,14,31,128,0,173,50,0,50,223
06/25/2000,ILM,NC,ASO,EN,Towers with Radar,12,29,42,2,85,1,0,69,0,70,13,29,111,2,155,80,4,84,239
06/26/2000,ILM,NC,ASO,EN,Towers with Radar,10,42,51,7,110,0,9,50,16,75,10,51,101,23,185,36,24,60,245
06/27/2000,ILM,NC,ASO,EN,Towers with Radar,14,40,49,7,110,1,7,55,3,66,15,47,104,10,176,10,6,16,192
06/28/2000,ILM,NC,ASO,EN,Towers with Radar,13,39,47,4,103,0,6,45,0,51,13,45,92,4,154,42,0,42,196
06/29/2000,ILM,NC,ASO,EN,Towers with Radar,13,46,56,3,118,0,5,9,0,14,13,51,65,3,132,20,0,20,152
06/30/2000,ILM,NC,ASO,EN,Towers with Radar,14,48,70,8,140,0,0,109,0,109,14,48,179,8,249,56,0,56,305
07/01/2000,ILM,NC,ASO,EN,Towers with Radar,11,30,41,0,82,2,0,103,0,105,13,30,144,0,187,26,0,26,213
07/02/2000,ILM,NC,ASO,EN,Towers with Radar,9,25,38,0,72,3,0,105,0,108,12,25,143,0,180,60,0,60,240
07/03/2000,ILM,NC,ASO,EN,Towers with Radar,0,29,40,3,72,0,8,75,0,83,0,37,115,3,155,40,0,40,195
07/04/2000,ILM,NC,ASO,EN,Towers with Radar,8,25,35,0,68,4,2,71,0,77,12,27,106,0,145,80,0,80,225
07/05/2000,ILM,NC,ASO,EN,Towers with Radar,16,49,66,0,131,1,11,24,0,36,17,60,90,0,167,0,1,1,168
07/06/2000,ILM,NC,ASO,EN,Towers with Radar,15,47,63,0,125,0,2,28,0,30,15,49,91,0,155,48,0,48,203
07/07/2000,ILM,NC,ASO,EN,Towers with Radar,16,43,66,8,133,7,0,50,25,82,23,43,116,33,215,70,46,116,331
07/08/2000,ILM,NC,ASO,EN,Towers with Radar,9,26,36,0,71,4,9,114,0,127,13,35,150,0,198,54,0,54,252
07/09/2000,ILM,NC,ASO,EN,Towers with Radar,12,29,50,7,98,1,0,75,7,83,13,29,125,14,181,24,6,30,211
07/10/2000,ILM,NC,ASO,EN,Towers with Radar,12,44,58,8,122,0,7,58,7,72,12,51,116,15,194,28,12,40,234
07/11/2000,ILM,NC,ASO,EN,Towers with Radar,13,40,54,8,115,2,16,38,8,64,15,56,92,16,179,38,14,52,231
07/12/2000,ILM,NC,ASO,EN,Towers with Radar,11,48,64,8,131,0,2,19,8,29,11,50,83,16,160,16,8,24,184
07/13/2000,ILM,NC,ASO,EN,Towers with Radar,12,55,74,9,150,0,0,32,11,43,12,55,106,20,193,6,8,14,207
07/14/2000,ILM,NC,ASO,EN,Towers with Radar,17,50,73,9,149,0,0,31,27,58,17,50,104,36,207,20,18,38,245
07/15/2000,ILM,NC,ASO,EN,Towers with Radar,11,28,41,4,84,5,0,31,0,36,16,28,72,4,120,18,0,18,138
07/16/2000,ILM,NC,ASO,EN,Towers with Radar,11,24,39,0,74,5,0,74,0,79,16,24,113,0,153,4,0,4,157
07/17/2000,ILM,NC,ASO,EN,Towers with Radar,13,40,52,7,112,2,7,84,8,101,15,47,136,15,213,68,4,72,285
07/18/2000,ILM,NC,ASO,EN,Towers with Radar,15,48,66,8,137,0,0,99,24,123,15,48,165,32,260,82,20,102,362
07/19/2000,ILM,NC,ASO,EN,Towers with Radar,14,42,56,7,119,0,6,58,3,67,14,48,114,10,186,58,6,64,250
07/20/2000,ILM,NC,ASO,EN,Towers with Radar,14,45,64,0,123,0,0,50,0,50,14,45,114,0,173,58,0,58,231
07/21/2000,ILM,NC,ASO,EN,Towers with Radar,15,48,63,0,126,0,6,21,0,27,15,54,84,0,153,72,0,72,225
07/22/2000,ILM,NC,ASO,EN,Towers with Radar,11,29,42,4,86,0,0,48,0,48,11,29,90,4,134,32,8,40,174
07/23/2000,ILM,NC,ASO,EN,Towers with Radar,12,33,43,0,88,2,1,34,0,37,14,34,77,0,125,22,0,22,147
07/24/2000,ILM,NC,ASO,EN,Towers with Radar,12,39,52,2,105,0,7,2,0,9,12,46,54,2,114,34,0,34,148
07/25/2000,ILM,NC,ASO,EN,Towers with Radar,10,65,29,1,105,0,2,2,0,4,10,67,31,1,109,18,0,18,127
07/26/2000,ILM,NC,ASO,EN,Towers with Radar,14,47,51,0,112,0,4,5,0,9,14,51,56,0,121,0,0,0,121
07/27/2000,ILM,NC,ASO,EN,Towers with Radar,13,49,66,4,132,0,0,47,0,47,13,49,113,4,179,48,0,48,227
07/28/2000,ILM,NC,ASO,EN,Towers with Radar,15,50,68,7,140,0,0,45,16,61,15,50,113,23,201,30,20,50,251
07/29/2000,ILM,NC,ASO,EN,Towers with Radar,12,30,48,0,90,0,0,63,0,63,12,30,111,0,153,18,0,18,171
07/30/2000,ILM,NC,ASO,EN,Towers with Radar,11,31,41,0,83,0,1,34,0,35,11,32,75,0,118,40,0,40,158
07/31/2000,ILM,NC,ASO,EN,Towers with Radar,15,48,34,0,97,0,3,24,0,27,15,51,58,0,124,20,0,20,144
08/01/2000,ILM,NC,ASO,EN,Towers with Radar,14,48,59,8,129,0,0,72,13,85,14,48,131,21,214,34,16,50,264
08/02/2000,ILM,NC,ASO,EN,Towers with Radar,13,48,57,8,126,0,0,63,4,67,13,48,120,12,193,74,26,100,293
08/03/2000,ILM,NC,ASO,EN,Towers with Radar,0,45,52,7,104,0,9,7,4,20,0,54,59,11,124,16,0,16,140
08/04/2000,ILM,NC,ASO,EN,Towers with Radar,12,43,47,6,108,2,6,0,0,8,14,49,47,6,116,0,0,0,116
08/05/2000,ILM,NC,ASO,EN,Towers with Radar,11,35,48,0,94,0,0,65,0,65,11,35,113,0,159,40,0,40,199
08/06/2000,ILM,NC,ASO,EN,Towers with Radar,10,34,43,0,87,0,0,61,0,61,10,34,104,0,148,24,0,24,172
08/07/2000,ILM,NC,ASO,EN,Towers with Radar,11,43,49,7,110,0,6,31,4,41,11,49,80,11,151,10,16,26,177
08/08/2000,ILM,NC,ASO,EN,Towers with Radar,12,43,49,7,111,3,10,34,8,55,15,53,83,15,166,22,22,44,210
08/09/2000,ILM,NC,ASO,EN,Towers with Radar,10,46,54,7,117,0,0,33,10,43,10,46,87,17,160,30,20,50,210
08/10/2000,ILM,NC,ASO,EN,Towers with Radar,13,49,56,7,125,0,0,57,0,57,13,49,113,7,182,40,6,46,228
08/11/2000,ILM,NC,ASO,EN,Towers with Radar,13,49,56,0,118,2,6,22,0,30,15,55,78,0,148,46,0,46,194
08/12/2000,ILM,NC,ASO,EN,Towers with Radar,11,30,44,0,85,1,0,93,0,94,12,30,137,0,179,104,0,104,283
08/13/2000,ILM,NC,ASO,EN,Towers with Radar,9,29,39,0,77,3,0,109,0,112,12,29,148,0,189,90,0,90,279
08/14/2000,ILM,NC,ASO,EN,Towers with Radar,13,42,49,7,111,0,4,76,3,83,13,46,125,10,194,42,20,62,256
08/15/2000,ILM,NC,ASO,EN,Towers with Radar,11,47,55,6,119,0,7,83,10,100,11,54,138,16,219,36,22,58,277
08/16/2000,ILM,NC,ASO,EN,Towers with Radar,13,44,51,6,114,0,8,78,14,100,13,52,129,20,214,36,22,58,272
08/17/2000,ILM,NC,ASO,EN,Towers with Radar,12,51,60,7,130,0,1,26,16,43,12,52,86,23,173,30,12,42,215
08/18/2000,ILM,NC,ASO,EN,Towers with Radar,14,48,58,7,127,0,0,23,4,27,14,48,81,11,154,4,14,18,172
08/19/2000,ILM,NC,ASO,EN,Towers with Radar,10,32,37,1,80,6,2,29,0,37,16,34,66,1,117,10,0,10,127
08/20/2000,ILM,NC,ASO,EN,Towers with Radar,10,31,40,2,83,0,0,96,0,96,10,31,136,2,179,46,0,46,225
08/21/2000,ILM,NC,ASO,EN,Towers with Radar,12,41,47,0,100,3,12,58,0,73,15,53,105,0,173,32,0,32,205
08/22/2000,ILM,NC,ASO,EN,Towers with Radar,11,42,49,6,108,0,4,34,10,48,11,46,83,16,156,36,24,60,216
08/23/2000,ILM,NC,ASO,EN,Towers with Radar,12,44,56,7,119,0,0,72,9,81,12,44,128,16,200,50,20,70,270
08/24/2000,ILM,NC,ASO,EN,Towers with Radar,12,41,48,5,106,1,14,39,0,54,13,55,87,5,160,20,12,32,192
08/25/2000,ILM,NC,ASO,EN,Towers with Radar,11,45,54,6,116,0,6,11,0,17,11,51,65,6,133,52,28,80,213
08/26/2000,ILM,NC,ASO,EN,Towers with Radar,9,30,36,0,75,2,1,50,0,53,11,31,86,0,128,72,0,72,200
08/27/2000,ILM,NC,ASO,EN,Towers with Radar,12,34,47,3,96,0,0,17,0,17,12,34,64,3,113,18,0,18,131
08/28/2000,ILM,NC,ASO,EN,Towers with Radar,13,52,62,7,134,0,0,36,6,42,13,52,98,13,176,6,60,66,242
08/29/2000,ILM,NC,ASO,EN,Towers with Radar,12,40,48,6,106,1,7,0,7,15,13,47,48,13,121,14,0,14,135
08/30/2000,ILM,NC,ASO,EN,Towers with Radar,14,43,57,4,118,0,2,8,0,10,14,45,65,4,128,0,0,0,128
08/31/2000,ILM,NC,ASO,EN,Towers with Radar,12,54,64,7,137,0,0,31,0,31,12,54,95,7,168,26,18,44,212
09/01/2000,ILM,NC,ASO,EN,Towers with Radar,12,58,67,17,154,0,0,60,0,60,12,58,127,17,214,42,14,56,270
09/02/2000,ILM,NC,ASO,EN,Towers with Radar,8,27,32,0,67,3,7,22,0,32,11,34,54,0,99,12,0,12,111
09/03/2000,ILM,NC,ASO,EN,Towers with Radar,0,19,22,0,41,0,0,32,0,32,0,19,54,0,73,4,0,4,77
09/04/2000,ILM,NC,ASO,EN,Towers with Radar,11,31,42,2,86,1,0,39,0,40,12,31,81,2,126,10,0,10,136
09/05/2000,ILM,NC,ASO,EN,Towers with Radar,12,44,43,0,99,1,0,3,0,4,13,44,46,0,103,0,0,0,103
09/06/2000,ILM,NC,ASO,EN,Towers with Radar,11,37,40,0,88,1,8,0,0,9,12,45,40,0,97,0,0,0,97
09/07/2000,ILM,NC,ASO,EN,Towers with Radar,10,47,51,14,122,0,4,41,13,58,10,51,92,27,180,16,18,34,214
09/08/2000,ILM,NC,ASO,EN,Towers with Radar,12,46,54,14,126,0,0,78,1,79,12,46,132,15,205,98,16,114,319
09/09/2000,ILM,NC,ASO,EN,Towers with Radar,8,28,30,1,67,2,0,90,0,92,10,28,120,1,159,64,0,64,223
09/10/2000,ILM,NC,ASO,EN,Towers with Radar,10,29,37,10,86,0,0,128,0,128,10,29,165,10,214,42,0,42,256
09/11/2000,ILM,NC,ASO,EN,Towers with Radar,13,42,48,13,116,1,0,33,16,50,14,42,81,29,166,26,4,30,196
09/12/2000,ILM,NC,ASO,EN,Towers with Radar,11,40,44,12,107,0,11,54,4,69,11,51,98,16,176,48,28,76,252
09/13/2000,ILM,NC,ASO,EN,Towers with Radar,14,47,52,14,127,0,0,17,23,40,14,47,69,37,167,46,14,60,227
09/14/2000,ILM,NC,ASO,EN,Towers with Radar,12,40,44,12,108,0,9,52,2,63,12,49,96,14,171,62,8,70,241
09/15/2000,ILM,NC,ASO,EN,Towers with Radar,11,46,51,4,112,0,1,70,0,71,11,47,121,4,183,26,0,26,209
09/16/2000,ILM,NC,ASO,EN,Towers with Radar,7,21,24,7,59,7,11,113,2,133,14,32,137,9,192,48,6,54,246
09/17/2000,ILM,NC,ASO,EN,Towers with Radar,12,26,38,0,76,3,0,113,0,116,15,26,151,0,192,83,0,83,275
09/18/2000,ILM,NC,ASO,EN,Towers with Radar,10,29,30,0,69,2,11,0,0,13,12,40,30,0,82,0,0,0,82
09/19/2000,ILM,NC,ASO,EN,Towers with Radar,13,47,52,14,126,0,1,29,38,68,13,48,81,52,194,42,70,112,306
09/20/2000,ILM,NC,ASO,EN,Towers with Radar,14,48,53,14,129,0,9,50,25,84,14,57,103,39,213,42,32,74,287
09/21/2000,ILM,NC,ASO,EN,Towers with Radar,11,43,60,16,130,0,0,39,11,50,11,43,99,27,180,44,22,66,246
09/22/2000,ILM,NC,ASO,EN,Towers with Radar,14,42,47,8,111,0,1,0,0,1,14,43,47,8,112,2,14,16,128
09/23/2000,ILM,NC,ASO,EN,Towers with Radar,6,17,13,0,36,4,13,0,0,17,10,30,13,0,53,0,0,0,53
09/24/2000,ILM,NC,ASO,EN,Towers with Radar,11,29,36,5,81,4,0,70,0,74,15,29,106,5,155,52,0,52,207
09/25/2000,ILM,NC,ASO,EN,Towers with Radar,12,35,40,0,87,3,9,4,0,16,15,44,44,0,103,36,0,36,139
09/26/2000,ILM,NC,ASO,EN,Towers with Radar,14,42,48,6,110,1,9,17,0,27,15,51,65,6,137,72,4,76,213
09/27/2000,ILM,NC,ASO,EN,Towers with Radar,13,45,53,14,125,0,0,76,17,93,13,45,129,31,218,72,48,120,338
09/28/2000,ILM,NC,ASO,EN,Towers with Radar,11,53,60,16,140,0,3,114,22,139,11,56,174,38,279,94,46,140,419
09/29/2000,ILM,NC,ASO,EN,Towers with Radar,11,46,52,12,121,0,3,104,0,107,11,49,156,12,228,82,26,108,336
09/30/2000,ILM,NC,ASO,EN,Towers with Radar,9,25,29,0,63,3,1,52,0,56,12,26,81,0,119,68,0,68,187
10/01/2000,ILM,NC,ASO,EN,Towers with Radar,10,25,36,1,72,1,0,27,0,28,11,25,63,1,100,26,4,30,130
10/02/2000,ILM,NC,ASO,EN,Towers with Radar,11,43,46,6,106,0,4,64,0,68,11,47,110,6,174,52,28,80,254
10/03/2000,ILM,NC,ASO,EN,Towers with Radar,0,44,47,9,100,0,5,81,17,103,0,49,128,26,203,48,22,70,273
10/04/2000,ILM,NC,ASO,EN,Towers with Radar,14,49,53,10,126,2,4,63,5,74,16,53,116,15,200,54,6,60,260
10/05/2000,ILM,NC,ASO,EN,Towers with Radar,15,53,61,12,141,0,0,72,4,76,15,53,133,16,217,66,32,98,315
10/06/2000,ILM,NC,ASO,EN,Towers with Radar,14,45,50,1,110,0,1,51,0,52,14,46,101,1,162,46,0,46,208
10/07/2000,ILM,NC,ASO,EN,Towers with Radar,8,27,29,0,64,5,2,53,0,60,13,29,82,0,124,38,0,38,162
10/08/2000,ILM,NC,ASO,EN,Towers with Radar,10,34,37,0,81,2,1,46,0,49,12,35,83,0,130,36,0,36,166
10/09/2000,ILM,NC,ASO,EN,Towers with Radar,9,30,33,2,74,2,10,43,0,55,11,40,76,2,129,20,0,20,149
10/10/2000,ILM,NC,ASO,EN,Towers with Radar,13,46,50,0,109,0,5,102,0,107,13,51,152,0,216,62,0,62,278
10/11/2000,ILM,NC,ASO,EN,Towers with Radar,10,45,50,10,115,0,8,84,4,96,10,53,134,14,211,82,8,90,301
10/12/2000,ILM,NC,ASO,EN,Towers with Radar,14,45,50,8,117,0,0,108,0,108,14,45,158,8,225,58,0,58,283
10/13/2000,ILM,NC,ASO,EN,Towers with Radar,13,39,43,8,103,0,1,97,0,98,13,40,140,8,201,24,4,28,229
10/14/2000,ILM,NC,ASO,EN,Towers with Radar,10,26,33,0,69,1,0,112,0,113,11,26,145,0,182,30,0,30,212
10/15/2000,ILM,NC,ASO,EN,Towers with Radar,11,26,35,5,77,0,0,112,0,112,11,26,147,5,189,98,4,102,291
10/16/2000,ILM,NC,ASO,EN,Towers with Radar,12,34,40,7,93,0,12,69,2,83,12,46,109,9,176,28,4,32,208
10/17/2000,ILM,NC,ASO,EN,Towers with Radar,10,48,55,9,122,0,6,25,41,72,10,54,80,50,194,20,32,52,246
10/18/2000,ILM,NC,ASO,EN,Towers with Radar,12,46,52,9,119,0,8,32,9,49,12,54,84,18,168,44,38,82,250
10/19/2000,ILM,NC,ASO,EN,Towers with Radar,13,50,57,8,128,0,3,57,0,60,13,53,114,8,188,62,14,76,264
10/20/2000,ILM,NC,ASO,EN,Towers with Radar,13,43,50,8,114,0,9,83,1,93,13,52,133,9,207,78,4,82,289
10/21/2000,ILM,NC,ASO,EN,Towers with Radar,9,26,31,0,66,9,3,359,0,371,18,29,390,0,437,42,0,42,479
10/22/2000,ILM,NC,ASO,EN,Towers with Radar,11,30,35,3,79,3,0,210,0,213,14,30,245,3,292,110,2,112,404
10/23/2000,ILM,NC,ASO,EN,Towers with Radar,14,45,51,9,119,0,3,43,23,69,14,48,94,32,188,30,24,54,242
10/24/2000,ILM,NC,ASO,EN,Towers with Radar,14,41,47,8,110,1,7,49,14,71,15,48,96,22,181,70,26,96,277
10/25/2000,ILM,NC,ASO,EN,Towers with Radar,14,42,48,8,112,0,6,70,29,105,14,48,118,37,217,76,26,102,319
10/26/2000,ILM,NC,ASO,EN,Towers with Radar,14,53,61,11,139,0,0,41,16,57,14,53,102,27,196,66,46,112,308
10/27/2000,ILM,NC,ASO,EN,Towers with Radar,13,44,51,9,117,0,5,50,8,63,13,49,101,17,180,20,40,60,240
10/28/2000,ILM,NC,ASO,EN,Towers with Radar,10,24,34,5,73,3,0,97,0,100,13,24,131,5,173,92,6,98,271
10/29/2000,ILM,NC,ASO,EN,Towers with Radar,11,32,37,0,80,2,5,90,0,97,13,37,127,0,177,88,0,88,265
10/30/2000,ILM,NC,ASO,EN,Towers with Radar,12,40,46,0,98,0,9,78,0,87,12,49,124,0,185,52,0,52,237
10/31/2000,ILM,NC,ASO,EN,Towers with Radar,13,40,43,1,97,1,7,70,0,78,14,47,113,1,175,42,0,42,217
11/01/2000,ILM,NC,ASO,EN,Towers with Radar,10,42,51,12,115,2,8,79,0,89,12,50,130,12,204,46,16,62,266
11/02/2000,ILM,NC,ASO,EN,Towers with Radar,11,45,56,9,121,0,7,60,0,67,11,52,116,9,188,12,12,24,212
11/03/2000,ILM,NC,ASO,EN,Towers with Radar,0,46,58,12,116,0,0,66,0,66,0,46,124,12,182,54,36,90,272
11/04/2000,ILM,NC,ASO,EN,Towers with Radar,8,27,38,2,75,3,0,49,0,52,11,27,87,2,127,10,2,12,139
11/05/2000,ILM,NC,ASO,EN,Towers with Radar,9,32,44,0,85,2,0,80,0,82,11,32,124,0,167,20,0,20,187
11/06/2000,ILM,NC,ASO,EN,Towers with Radar,11,49,61,14,135,0,3,48,0,51,11,52,109,14,186,54,10,64,250
11/07/2000,ILM,NC,ASO,EN,Towers with Radar,11,45,65,15,136,0,0,9,43,52,11,45,74,58,188,28,12,40,228
11/08/2000,ILM,NC,ASO,EN,Towers with Radar,10,42,54,5,111,0,0,26,0,26,10,42,80,5,137,0,4,4,141
11/09/2000,ILM,NC,ASO,EN,Towers with Radar,11,42,58,13,124,0,0,3,12,15,11,42,61,25,139,28,26,54,193
11/10/2000,ILM,NC,ASO,EN,Towers with Radar,9,35,43,1,88,2,14,59,0,75,11,49,102,1,163,76,0,76,239
11/11/2000,ILM,NC,ASO,EN,Towers with Radar,7,27,34,2,70,5,1,89,0,95,12,28,123,2,165,58,0,58,223
11/12/2000,ILM,NC,ASO,EN,Towers with Radar,8,32,41,0,81,6,2,112,0,120,14,34,153,0,201,126,0,126,327
11/13/2000,ILM,NC,ASO,EN,Towers with Radar,9,35,44,10,98,1,9,63,0,73,10,44,107,10,171,80,6,86,257
11/14/2000,ILM,NC,ASO,EN,Towers with Radar,12,53,61,15,141,0,1,0,32,33,12,54,61,47,174,16,42,58,232
11/15/2000,ILM,NC,ASO,EN,Towers with Radar,10,43,54,13,120,0,9,83,23,115,10,52,137,36,235,80,28,108,343
11/16/2000,ILM,NC,ASO,EN,Towers with Radar,11,43,54,13,121,0,3,58,33,94,11,46,112,46,215,38,86,124,339
11/17/2000,ILM,NC,ASO,EN,Towers with Radar,10,52,73,4,139,0,0,24,0,24,10,52,97,4,163,10,0,10,173
11/18/2000,ILM,NC,ASO,EN,Towers with Radar,8,24,35,2,69,8,0,67,0,75,16,24,102,2,144,44,0,44,188
11/19/2000,ILM,NC,ASO,EN,Towers with Radar,11,28,28,0,67,0,1,1,0,2,11,29,29,0,69,0,0,0,69
11/20/2000,ILM,NC,ASO,EN,Towers with Radar,9,42,54,13,118,0,0,14,8,22,9,42,68,21,140,32,14,46,186
11/21/2000,ILM,NC,ASO,EN,Towers with Radar,11,44,55,6,116,0,11,61,0,72,11,55,116,6,188,8,2,10,198
11/22/2000,ILM,NC,ASO,EN,Towers with Radar,8,50,62,7,127,0,1,70,0,71,8,51,132,7,198,34,0,34,232
11/23/2000,ILM,NC,ASO,EN,Towers with Radar,5,19,24,0,48,6,5,33,0,44,11,24,57,0,92,10,0,10,102
11/24/2000,ILM,NC,ASO,EN,Towers with Radar,10,34,48,2,94,0,0,96,0,96,10,34,144,2,190,80,0,80,270
11/25/2000,ILM,NC,ASO,EN,Towers with Radar,10,33,36,0,79,0,1,1,0,2,10,34,37,0,81,0,0,0,81
11/26/2000,ILM,NC,ASO,EN,Towers with Radar,12,37,78,4,131,0,0,71,0,71,12,37,149,4,202,27,0,27,229
11/27/2000,ILM,NC,ASO,EN,Towers with Radar,11,52,62,6,131,0,2,68,0,70,11,54,130,6,201,2,0,2,203
11/28/2000,ILM,NC,ASO,EN,Towers with Radar,10,41,49,12,112,1,27,26,22,76,11,68,75,34,188,50,30,80,268
11/29/2000,ILM,NC,ASO,EN,Towers with Radar,11,46,56,13,126,0,9,55,12,76,11,55,111,25,202,80,48,128,330
11/30/2000,ILM,NC,ASO,EN,Towers with Radar,11,45,54,13,123,0,13,59,15,87,11,58,113,28,210,46,24,70,280
12/01/2000,ILM,NC,ASO,EN,Towers with Radar,10,41,61,10,122,1,0,68,17,86,11,41,129,27,208,52,24,76,284
12/02/2000,ILM,NC,ASO,EN,Towers with Radar,13,26,30,0,69,0,0,35,0,35,13,26,65,0,104,14,0,14,118
12/03/2000,ILM,NC,ASO,EN,Towers with Radar,0,27,13,0,40,0,0,0,0,0,0,27,13,0,40,0,0,0,40
12/04/2000,ILM,NC,ASO,EN,Towers with Radar,12,38,65,3,118,0,2,39,1,42,12,40,104,4,160,16,0,16,176
12/05/2000,ILM,NC,ASO,EN,Towers with Radar,11,43,51,11,116,0,4,58,2,64,11,47,109,13,180,30,24,54,234
12/06/2000,ILM,NC,ASO,EN,Towers with Radar,11,41,50,15,117,0,5,76,3,84,11,46,126,18,201,106,26,132,333
12/07/2000,ILM,NC,ASO,EN,Towers with Radar,12,42,50,15,119,0,6,70,7,83,12,48,120,22,202,58,12,70,272
12/08/2000,ILM,NC,ASO,EN,Towers with Radar,9,41,41,17,108,0,5,99,4,108,9,46,140,21,216,56,58,114,330
12/09/2000,ILM,NC,ASO,EN,Towers with Radar,11,26,37,0,74,1,0,109,0,110,12,26,146,0,184,68,0,68,252
12/10/2000,ILM,NC,ASO,EN,Towers with Radar,12,21,51,0,84,1,0,2,0,3,13,21,53,0,87,0,0,0,87
12/11/2000,ILM,NC,ASO,EN,Towers with Radar,16,37,71,15,139,0,0,5,2,7,16,37,76,17,146,4,12,16,162
12/12/2000,ILM,NC,ASO,EN,Towers with Radar,18,42,42,0,102,0,5,41,2,48,18,47,83,2,150,20,0,20,170
12/13/2000,ILM,NC,ASO,EN,Towers with Radar,11,42,53,6,112,0,4,38,0,42,11,46,91,6,154,78,2,80,234
12/14/2000,ILM,NC,ASO,EN,Towers with Radar,12,52,60,4,128,0,0,8,1,9,12,52,68,5,137,38,0,38,175
12/15/2000,ILM,NC,ASO,EN,Towers with Radar,13,43,75,37,168,0,0,34,2,36,13,43,109,39,204,42,8,50,254
12/16/2000,ILM,NC,ASO,EN,Towers with Radar,6,19,25,2,52,4,6,2,0,12,10,25,27,2,64,0,0,0,64
12/17/2000,ILM,NC,ASO,EN,Towers with Radar,10,24,6,0,40,0,0,0,0,0,10,24,6,0,40,0,0,0,40
12/18/2000,ILM,NC,ASO,EN,Towers with Radar,9,39,63,11,122,0,3,106,4,113,9,42,169,15,235,102,20,122,357
12/19/2000,ILM,NC,ASO,EN,Towers with Radar,10,44,40,6,100,0,4,31,1,36,10,48,71,7,136,48,0,48,184
12/20/2000,ILM,NC,ASO,EN,Towers with Radar,11,44,55,8,118,0,15,36,7,58,11,59,91,15,176,34,32,66,242
12/21/2000,ILM,NC,ASO,EN,Towers with Radar,10,51,59,9,129,0,2,39,3,44,10,53,98,12,173,46,32,78,251
12/22/2000,ILM,NC,ASO,EN,Towers with Radar,12,43,53,2,110,0,4,61,1,66,12,47,114,3,176,76,12,88,264
12/23/2000,ILM,NC,ASO,EN,Towers with Radar,11,37,49,0,97,0,0,82,0,82,11,37,131,0,179,60,0,60,239
12/24/2000,ILM,NC,ASO,EN,Towers with Radar,8,20,28,0,56,0,1,45,0,46,8,21,73,0,102,24,0,24,126
12/25/2000,ILM,NC,ASO,EN,Towers with Radar,9,22,11,0,42,0,0,17,0,17,9,22,28,0,59,0,0,0,59
12/26/2000,ILM,NC,ASO,EN,Towers with Radar,11,43,61,18,133,0,3,91,4,98,11,46,152,22,231,50,10,60,291
12/27/2000,ILM,NC,ASO,EN,Towers with Radar,11,48,61,11,131,0,1,26,1,28,11,49,87,12,159,96,6,102,261
12/28/2000,ILM,NC,ASO,EN,Towers with Radar,11,43,49,26,129,0,6,10,2,18,11,49,59,28,147,8,24,32,179
12/29/2000,ILM,NC,ASO,EN,Towers with Radar,12,43,58,5,118,0,2,33,0,35,12,45,91,5,153,26,10,36,189
12/30/2000,ILM,NC,ASO,EN,Towers with Radar,10,25,14,0,49,0,0,30,0,30,10,25,44,0,79,24,0,24,103
12/31/2000,ILM,NC,ASO,EN,Towers with Radar,8,22,32,0,62,1,0,87,0,88,9,22,119,0,150,56,0,56,206
01/01/2001,ILM,NC,ASO,EN,Towers with Radar,8,33,42,0,83,1,3,69,0,73,9,36,111,0,156,24,0,24,180
01/02/2001,ILM,NC,ASO,EN,Towers with Radar,12,49,62,9,132,0,13,64,5,82,12,62,126,14,214,44,8,52,266
01/03/2001,ILM,NC,ASO,EN,Towers with Radar,0,49,61,10,120,0,9,41,20,70,0,58,102,30,190,40,30,70,260
01/04/2001,ILM,NC,ASO,EN,Towers with Radar,9,55,69,11,144,0,4,28,24,56,9,59,97,35,200,38,0,38,238
01/05/2001,ILM,NC,ASO,EN,Towers with Radar,12,49,62,10,133,1,3,31,11,46,13,52,93,21,179,16,0,16,195
01/06/2001,ILM,NC,ASO,EN,Towers with Radar,9,32,44,0,85,2,0,135,0,137,11,32,179,0,222,98,0,98,320
01/07/2001,ILM,NC,ASO,EN,Towers with Radar,10,35,47,0,92,2,0,97,0,99,12,35,144,0,191,106,0,106,297
01/08/2001,ILM,NC,ASO,EN,Towers with Radar,9,39,47,9,104,0,8,0,3,11,9,47,47,12,115,28,6,34,149
01/09/2001,ILM,NC,ASO,EN,Towers with Radar,9,36,47,8,100,2,14,11,0,27,11,50,58,8,127,48,18,66,193
01/10/2001,ILM,NC,ASO,EN,Towers with Radar,12,45,57,10,124,0,2,44,12,58,12,47,101,22,182,52,12,64,246
01/11/2001,ILM,NC,ASO,EN,Towers with Radar,11,49,64,11,135,0,0,69,11,80,11,49,133,22,215,106,16,122,337
01/12/2001,ILM,NC,ASO,EN,Towers with Radar,13,49,66,5,133,0,0,19,0,19,13,49,85,5,152,72,4,76,228
01/13/2001,ILM,NC,ASO,EN,Towers with Radar,9,28,43,0,80,2,0,91,0,93,11,28,134,0,173,62,0,62,235
01/14/2001,ILM,NC,ASO,EN,Towers with Radar,11,29,52,8,100,0,0,22,0,22,11,29,74,8,122,10,6,16,138
01/15/2001,ILM,NC,ASO,EN,Towers with Radar,10,35,53,2,100,0,0,77,0,77,10,35,130,2,177,80,0,80,257
01/16/2001,ILM,NC,ASO,EN,Towers with Radar,9,37,46,7,99,3,23,57,1,84,12,60,103,8,183,92,0,92,275
01/17/2001,ILM,NC,ASO,EN,Towers with Radar,9,46,34,6,95,0,3,31,4,38,9,49,65,10,133,14,4,18,151
01/18/2001,ILM,NC,ASO,EN,Towers with Radar,9,39,63,10,121,0,0,33,3,36,9,39,96,13,157,104,22,126,283
01/19/2001,ILM,NC,ASO,EN,Towers with Radar,11,46,53,13,123,0,1,20,7,28,11,47,73,20,151,30,24,54,205
01/20/2001,ILM,NC,ASO,EN,Towers with Radar,12,31,47,14,104,0,0,6,0,6,12,31,53,14,110,26,48,74,184
01/21/2001,ILM,NC,ASO,EN,Towers with Radar,9,27,59,11,106,0,0,79,0,79,9,27,138,11,185,46,0,46,231
01/22/2001,ILM,NC,ASO,EN,Towers with Radar,10,39,62,1,112,0,2,60,0,62,10,41,122,1,174,30,0,30,204
01/23/2001,ILM,NC,ASO,EN,Towers with Radar,10,46,29,9,94,0,5,22,4,31,10,51,51,13,125,18,0,18,143
01/24/2001,ILM,NC,ASO,EN,Towers with Radar,7,45,65,20,137,0,2,95,15,112,7,47,160,35,249,58,48,106,355
01/25/2001,ILM,NC,ASO,EN,Towers with Radar,7,46,62,10,125,0,2,33,0,35,7,48,95,10,160,24,2,26,186
01/26/2001,ILM,NC,ASO,EN,Towers with Radar,10,41,58,6,115,0,2,80,0,82,10,43,138,6,197,34,0,34,231
01/27/2001,ILM,NC,ASO,EN,Towers with Radar,7,26,32,2,67,1,4,70,0,75,8,30,102,2,142,18,0,18,160
01/28/2001,ILM,NC,ASO,EN,Towers with Radar,11,33,46,0,90,0,0,121,0,121,11,33,167,0,211,14,0,14,225
01/29/2001,ILM,NC,ASO,EN,Towers with Radar,8,46,40,17,111,0,1,63,0,64,8,47,103,17,175,66,14,80,255
01/30/2001,ILM,NC,ASO,EN,Towers with Radar,8,48,31,23,110,0,2,11,11,24,8,50,42,34,134,4,16,20,154
01/31/2001,ILM,NC,ASO,EN,Towers with Radar,9,43,54,0,106,0,0,40,0,40,9,43,94,0,146,34,0,34,180
02/01/2001,ILM,NC,ASO,EN,Towers with Radar,9,46,53,3,111,1,1,55,0,57,10,47,108,3,168,26,10,36,204
02/02/2001,ILM,NC,ASO,EN,Towers with Radar,9,49,50,5,113,0,3,42,3,48,9,52,92,8,161,66,8,74,235
02/03/2001,ILM,NC,ASO,EN,Towers with Radar,0,29,54,1,84,0,0,111,1,112,0,29,165,2,196,62,0,62,258
02/04/2001,ILM,NC,ASO,EN,Towers with Radar,15,30,40,2,87,0,0,0,0,0,15,30,40,2,87,0,0,0,87
02/05/2001,ILM,NC,ASO,EN,Towers with Radar,6,44,37,37,124,0,6,18,18,42,6,50,55,55,166,16,38,54,220
02/06/2001,ILM,NC,ASO,EN,Towers with Radar,9,56,40,11,116,0,4,81,7,92,9,60,121,18,208,42,10,52,260
02/07/2001,ILM,NC,ASO,EN,Towers with Radar,9,55,43,10,117,0,5,91,6,102,9,60,134,16,219,124,32,156,375
02/08/2001,ILM,NC,ASO,EN,Towers with Radar,11,49,49,28,137,0,3,76,10,89,11,52,125,38,226,56,38,94,320
02/09/2001,ILM,NC,ASO,EN,Towers with Radar,11,50,65,31,157,0,2,75,0,77,11,52,140,31,234,80,20,100,334
02/10/2001,ILM,NC,ASO,EN,Towers with Radar,9,28,39,6,82,1,0,45,0,46,10,28,84,6,128,16,0,16,144
02/11/2001,ILM,NC,ASO,EN,Towers with Radar,0,31,40,2,73,0,0,90,0,90,0,31,130,2,163,44,2,46,209
02/12/2001,ILM,NC,ASO,EN,Towers with Radar,9,41,21,41,112,0,1,0,0,1,9,42,21,41,113,0,2,2,115
02/13/2001,ILM,NC,ASO,EN,Towers with Radar,8,44,47,5,104,0,3,3,0,6,8,47,50,5,110,0,0,0,110
02/14/2001,ILM,NC,ASO,EN,Towers with Radar,14,52,65,16,147,0,0,7,5,12,14,52,72,21,159,30,4,34,193
02/15/2001,ILM,NC,ASO,EN,Towers with Radar,12,46,99,17,174,0,4,36,4,44,12,50,135,21,218,50,36,86,304
02/16/2001,ILM,NC,ASO,EN,Towers with Radar,9,41,52,12,114,0,15,53,0,68,9,56,105,12,182,18,24,42,224
02/17/2001,ILM,NC,ASO,EN,Towers with Radar,15,30,45,0,90,0,1,5,0,6,15,31,50,0,96,0,0,0,96
02/18/2001,ILM,NC,ASO,EN,Towers with Radar,13,35,44,3,95,0,0,112,1,113,13,35,156,4,208,68,8,76,284
02/19/2001,ILM,NC,ASO,EN,Towers with Radar,11,44,67,1,123,0,1,96,1,98,11,45,163,2,221,66,0,66,287
02/20/2001,ILM,NC,ASO,EN,Towers with Radar,8,44,48,30,130,0,2,91,9,102,8,46,139,39,232,30,6,36,268
02/21/2001,ILM,NC,ASO,EN,Towers with Radar,9,48,55,3,115,0,3,38,0,41,9,51,93,3,156,90,2,92,248
02/22/2001,ILM,NC,ASO,EN,Towers with Radar,12,41,20,0,73,0,0,0,0,0,12,41,20,0,73,0,0,0,73
02/23/2001,ILM,NC,ASO,EN,Towers with Radar,11,42,67,24,144,0,5,55,3,63,11,47,122,27,207,42,10,52,259
02/24/2001,ILM,NC,ASO,EN,Towers with Radar,11,33,64,0,108,0,0,91,1,92,11,33,155,1,200,40,0,40,240
02/25/2001,ILM,NC,ASO,EN,Towers with Radar,7,27,36,2,72,3,0,36,0,39,10,27,72,2,111,24,0,24,135
02/26/2001,ILM,NC,ASO,EN,Towers with Radar,0,0,3,0,3,1,0,5,0,6,1,0,8,0,9,0,0,0,9
02/27/2001,ILM,NC,ASO,EN,Towers with Radar,11,45,55,14,125,0,1,70,3,74,11,46,125,17,199,78,2,80,279
02/28/2001,ILM,NC,ASO,EN,Towers with Radar,10,48,57,16,131,0,0,0,19,19,10,48,57,35,150,18,2,20,170
03/01/2001,ILM,NC,ASO,EN,Towers with Radar,11,53,67,16,147,0,0,54,28,82,11,53,121,44,229,32,8,40,269
03/02/2001,ILM,NC,ASO,EN,Towers with Radar,11,48,56,6,121,2,3,67,0,72,13,51,123,6,193,26,8,34,227
03/03/2001,ILM,NC,ASO,EN,Towers with Radar,0,27,43,0,70,0,0,14,0,14,0,27,57,0,84,0,0,0,84
03/04/2001,ILM,NC,ASO,EN,Towers with Radar,0,0,0,0,0,0,0,0,0,0,0,0,0,0,0,0,0,0,0
03/05/2001,ILM,NC,ASO,EN,Towers with Radar,0,0,0,0,0,0,0,0,0,0,0,0,0,0,0,2,8,10,10
03/06/2001,ILM,NC,ASO,EN,Towers with Radar,0,0,0,0,0,0,0,0,0,0,0,0,0,0,0,0,4,4,4
03/07/2001,ILM,NC,ASO,EN,Towers with Radar,0,0,0,0,0,0,0,0,0,0,0,0,0,0,0,48,24,72,72
03/08/2001,ILM,NC,ASO,EN,Towers with Radar,0,0,0,0,0,0,0,0,0,0,0,0,0,0,0,46,16,62,62
03/09/2001,ILM,NC,ASO,EN,Towers with Radar,0,0,0,0,0,0,0,0,0,0,0,0,0,0,0,0,14,14,14
03/10/2001,ILM,NC,ASO,EN,Towers with Radar,0,0,0,0,0,0,0,0,0,0,0,0,0,0,0,24,0,24,24
03/11/2001,ILM,NC,ASO,EN,Towers with Radar,0,0,0,0,0,0,0,0,0,0,0,0,0,0,0,32,2,34,34
03/12/2001,ILM,NC,ASO,EN,Towers with Radar,9,22,42,1,74,0,0,0,0,0,9,22,42,1,74,24,0,24,98
03/13/2001,ILM,NC,ASO,EN,Towers with Radar,0,0,0,0,0,0,0,0,0,0,0,0,0,0,0,12,24,36,36
03/14/2001,ILM,NC,ASO,EN,Towers with Radar,0,0,0,0,0,0,0,0,0,0,0,0,0,0,0,62,20,82,82
03/15/2001,ILM,NC,ASO,EN,Towers with Radar,10,39,43,2,94,1,16,0,0,17,11,55,43,2,111,0,0,0,111
03/16/2001,ILM,NC,ASO,EN,Towers with Radar,10,55,73,17,155,0,0,46,13,59,10,55,119,30,214,48,12,60,274
03/17/2001,ILM,NC,ASO,EN,Towers with Radar,10,32,46,11,99,2,0,104,0,106,12,32,150,11,205,88,6,94,299
03/18/2001,ILM,NC,ASO,EN,Towers with Radar,0,0,0,0,0,0,0,0,0,0,0,0,0,0,0,90,0,90,90
03/19/2001,ILM,NC,ASO,EN,Towers with Radar,11,49,58,13,131,0,0,21,6,27,11,49,79,19,158,0,14,14,172
03/20/2001,ILM,NC,ASO,EN,Towers with Radar,7,30,34,1,72,1,13,4,0,18,8,43,38,1,90,0,0,0,90
03/21/2001,ILM,NC,ASO,EN,Towers with Radar,11,44,43,0,98,1,6,0,0,7,12,50,43,0,105,40,0,40,145
03/22/2001,ILM,NC,ASO,EN,Towers with Radar,12,59,68,16,155,0,10,30,16,56,12,69,98,32,211,14,54,68,279
03/23/2001,ILM,NC,ASO,EN,Towers with Radar,10,57,66,15,148,0,6,96,10,112,10,63,162,25,260,36,8,44,304
03/24/2001,ILM,NC,ASO,EN,Towers with Radar,9,30,39,0,78,3,0,73,0,76,12,30,112,0,154,28,0,28,182
03/25/2001,ILM,NC,ASO,EN,Towers with Radar,11,42,57,6,116,0,0,39,0,39,11,42,96,6,155,20,0,20,175
03/26/2001,ILM,NC,ASO,EN,Towers with Radar,12,50,73,17,152,0,0,49,35,84,12,50,122,52,236,62,20,82,318
03/27/2001,ILM,NC,ASO,EN,Towers with Radar,9,50,57,13,129,0,2,72,11,85,9,52,129,24,214,52,30,82,296
03/28/2001,ILM,NC,ASO,EN,Towers with Radar,6,17,27,12,62,0,0,0,6,6,6,17,27,18,68,20,22,42,110
03/29/2001,ILM,NC,ASO,EN,Towers with Radar,11,52,59,4,126,0,2,65,0,67,11,54,124,4,193,48,4,52,245
03/30/2001,ILM,NC,ASO,EN,Towers with Radar,0,0,0,0,0,0,0,0,0,0,0,0,0,0,0,48,4,52,52
03/31/2001,ILM,NC,ASO,EN,Towers with Radar,10,32,45,3,90,2,0,75,0,77,12,32,120,3,167,36,0,36,203
04/01/2001,ILM,NC,ASO,EN,Towers with Radar,9,48,58,0,115,1,1,23,0,25,10,49,81,0,140,30,0,30,170
04/02/2001,ILM,NC,ASO,EN,Towers with Radar,11,40,52,58,161,2,3,64,4,73,13,43,116,62,234,64,62,126,360
04/03/2001,ILM,NC,ASO,EN,Towers with Radar,0,46,37,14,97,0,0,41,0,41,0,46,78,14,138,46,2,48,186
04/04/2001,ILM,NC,ASO,EN,Towers with Radar,9,42,85,28,164,2,2,43,0,47,11,44,128,28,211,18,24,42,253
04/05/2001,ILM,NC,ASO,EN,Towers with Radar,9,45,62,12,128,2,1,100,2,105,11,46,162,14,233,56,0,56,289
04/06/2001,ILM,NC,ASO,EN,Towers with Radar,10,43,71,24,148,0,0,80,16,96,10,43,151,40,244,20,22,42,286
04/07/2001,ILM,NC,ASO,EN,Towers with Radar,9,27,43,0,79,2,0,81,0,83,11,27,124,0,162,26,0,26,188
04/08/2001,ILM,NC,ASO,EN,Towers with Radar,9,35,47,0,91,2,0,84,0,86,11,35,131,0,177,66,2,68,245
04/09/2001,ILM,NC,ASO,EN,Towers with Radar,9,48,35,18,110,2,1,75,3,81,11,49,110,21,191,10,18,28,219
04/10/2001,ILM,NC,ASO,EN,Towers with Radar,10,42,46,33,131,2,2,66,20,90,12,44,112,53,221,64,56,120,341
04/11/2001,ILM,NC,ASO,EN,Towers with Radar,12,50,85,28,175,0,0,26,18,44,12,50,111,46,219,20,16,36,255
04/12/2001,ILM,NC,ASO,EN,Towers with Radar,9,50,63,25,147,1,2,44,5,52,10,52,107,30,199,24,18,42,241
04/13/2001,ILM,NC,ASO,EN,Towers with Radar,13,46,56,15,130,0,3,40,0,43,13,49,96,15,173,12,16,28,201
04/14/2001,ILM,NC,ASO,EN,Towers with Radar,10,32,48,0,90,0,1,112,0,113,10,33,160,0,203,46,0,46,249
04/15/2001,ILM,NC,ASO,EN,Towers with Radar,12,42,54,2,110,0,3,29,0,32,12,45,83,2,142,26,0,26,168
04/16/2001,ILM,NC,ASO,EN,Towers with Radar,10,42,58,20,130,0,1,138,1,140,10,43,196,21,270,34,16,50,320
04/17/2001,ILM,NC,ASO,EN,Towers with Radar,11,43,60,20,134,0,4,27,38,69,11,47,87,58,203,10,50,60,263
04/18/2001,ILM,NC,ASO,EN,Towers with Radar,11,47,65,22,145,0,3,45,33,81,11,50,110,55,226,12,48,60,286
04/19/2001,ILM,NC,ASO,EN,Towers with Radar,11,49,68,23,151,0,3,97,7,107,11,52,165,30,258,20,24,44,302
04/20/2001,ILM,NC,ASO,EN,Towers with Radar,10,39,58,20,127,0,0,78,4,82,10,39,136,24,209,16,2,18,227
04/21/2001,ILM,NC,ASO,EN,Towers with Radar,14,27,59,2,102,0,2,92,1,95,14,29,151,3,197,56,0,56,253
04/22/2001,ILM,NC,ASO,EN,Towers with Radar,11,35,71,2,119,0,2,117,0,119,11,37,188,2,238,22,0,22,260
04/23/2001,ILM,NC,ASO,EN,Towers with Radar,11,44,61,20,136,0,11,63,5,79,11,55,124,25,215,68,56,124,339
04/24/2001,ILM,NC,ASO,EN,Towers with Radar,16,50,67,50,183,0,5,21,13,39,16,55,88,63,222,20,68,88,310
04/25/2001,ILM,NC,ASO,EN,Towers with Radar,11,49,46,4,110,0,2,1,0,3,11,51,47,4,113,4,0,4,117
04/26/2001,ILM,NC,ASO,EN,Towers with Radar,11,47,64,8,130,0,3,78,0,81,11,50,142,8,211,48,6,54,265
04/27/2001,ILM,NC,ASO,EN,Towers with Radar,11,54,39,22,126,0,2,94,0,96,11,56,133,22,222,78,18,96,318
04/28/2001,ILM,NC,ASO,EN,Towers with Radar,10,31,50,1,92,0,2,138,0,140,10,33,188,1,232,144,0,144,376
04/29/2001,ILM,NC,ASO,EN,Towers with Radar,10,36,69,3,118,0,2,92,0,94,10,38,161,3,212,56,0,56,268
04/30/2001,ILM,NC,ASO,EN,Towers with Radar,12,48,39,13,112,0,3,63,1,67,12,51,102,14,179,56,42,98,277
05/01/2001,ILM,NC,ASO,EN,Towers with Radar,10,50,41,3,104,1,3,66,0,70,11,53,107,3,174,52,0,52,226
05/02/2001,ILM,NC,ASO,EN,Towers with Radar,12,50,51,3,116,0,3,97,0,100,12,53,148,3,216,50,0,50,266
05/03/2001,ILM,NC,ASO,EN,Towers with Radar,0,50,54,4,108,0,3,71,0,74,0,53,125,4,182,68,4,72,254
05/04/2001,ILM,NC,ASO,EN,Towers with Radar,13,52,45,1,111,0,1,109,0,110,13,53,154,1,221,84,0,84,305
05/05/2001,ILM,NC,ASO,EN,Towers with Radar,6,25,29,7,67,6,4,96,0,106,12,29,125,7,173,50,20,70,243
05/06/2001,ILM,NC,ASO,EN,Towers with Radar,11,36,55,3,105,2,0,52,0,54,13,36,107,3,159,8,0,8,167
05/07/2001,ILM,NC,ASO,EN,Towers with Radar,11,46,56,14,127,0,0,33,10,43,11,46,89,24,170,42,20,62,232
05/08/2001,ILM,NC,ASO,EN,Towers with Radar,11,50,57,15,133,0,0,52,32,84,11,50,109,47,217,110,46,156,373
05/09/2001,ILM,NC,ASO,EN,Towers with Radar,10,46,52,4,112,0,5,58,0,63,10,51,110,4,175,38,14,52,227
05/10/2001,ILM,NC,ASO,EN,Towers with Radar,12,49,56,9,126,0,3,68,0,71,12,52,124,9,197,105,0,105,302
05/11/2001,ILM,NC,ASO,EN,Towers with Radar,12,50,57,4,123,0,8,77,0,85,12,58,134,4,208,30,0,30,238
05/12/2001,ILM,NC,ASO,EN,Towers with Radar,8,30,35,0,73,4,17,85,0,106,12,47,120,0,179,36,0,36,215
05/13/2001,ILM,NC,ASO,EN,Towers with Radar,9,32,37,7,85,3,1,64,0,68,12,33,101,7,153,56,8,64,217
05/14/2001,ILM,NC,ASO,EN,Towers with Radar,13,45,55,6,119,0,0,66,0,66,13,45,121,6,185,8,6,14,199
05/15/2001,ILM,NC,ASO,EN,Towers with Radar,11,51,61,15,138,0,4,30,20,54,11,55,91,35,192,48,24,72,264
05/16/2001,ILM,NC,ASO,EN,Towers with Radar,11,49,57,15,132,0,6,32,15,53,11,55,89,30,185,47,28,75,260
05/17/2001,ILM,NC,ASO,EN,Towers with Radar,11,54,63,7,135,0,2,2,0,4,11,56,65,7,139,0,0,0,139
05/18/2001,ILM,NC,ASO,EN,Towers with Radar,10,56,66,17,149,0,0,29,46,75,10,56,95,63,224,68,54,122,346
05/19/2001,ILM,NC,ASO,EN,Towers with Radar,9,28,38,4,79,6,0,80,0,86,15,28,118,4,165,20,2,22,187
05/20/2001,ILM,NC,ASO,EN,Towers with Radar,11,33,51,8,103,5,0,62,0,67,16,33,113,8,170,46,12,58,228
05/21/2001,ILM,NC,ASO,EN,Towers with Radar,11,44,59,11,125,0,0,21,0,21,11,44,80,11,146,16,18,34,180
05/22/2001,ILM,NC,ASO,EN,Towers with Radar,9,39,47,12,107,0,12,37,17,66,9,51,84,29,173,38,30,68,241
05/23/2001,ILM,NC,ASO,EN,Towers with Radar,11,54,63,6,134,0,0,91,0,91,11,54,154,6,225,62,4,66,291
05/24/2001,ILM,NC,ASO,EN,Towers with Radar,10,50,59,14,133,0,2,81,8,91,10,52,140,22,224,72,42,114,338
05/25/2001,ILM,NC,ASO,EN,Towers with Radar,12,56,73,4,145,0,0,83,0,83,12,56,156,4,228,30,0,30,258
05/26/2001,ILM,NC,ASO,EN,Towers with Radar,7,25,31,4,67,3,8,32,0,43,10,33,63,4,110,36,0,36,146
05/27/2001,ILM,NC,ASO,EN,Towers with Radar,6,24,29,0,59,8,1,80,0,89,14,25,109,0,148,54,0,54,202
05/28/2001,ILM,NC,ASO,EN,Towers with Radar,10,40,47,0,97,0,2,13,0,15,10,42,60,0,112,24,0,24,136
05/29/2001,ILM,NC,ASO,EN,Towers with Radar,10,40,47,2,99,0,6,18,0,24,10,46,65,2,123,6,0,6,129
05/30/2001,ILM,NC,ASO,EN,Towers with Radar,12,51,60,15,138,0,0,76,53,129,12,51,136,68,267,24,108,132,399
05/31/2001,ILM,NC,ASO,EN,Towers with Radar,11,48,54,13,126,0,1,42,25,68,11,49,96,38,194,42,40,82,276
06/01/2001,ILM,NC,ASO,EN,Towers with Radar,9,36,39,18,102,1,0,19,0,20,10,36,58,18,122,59,4,63,185
06/02/2001,ILM,NC,ASO,EN,Towers with Radar,15,32,66,2,115,0,0,55,0,55,15,32,121,2,170,102,0,102,272
06/03/2001,ILM,NC,ASO,EN,Towers with Radar,11,36,53,1,101,0,0,99,2,101,11,36,152,3,202,64,0,64,266
06/04/2001,ILM,NC,ASO,EN,Towers with Radar,11,44,47,9,111,0,1,84,9,94,11,45,131,18,205,30,54,84,289
06/05/2001,ILM,NC,ASO,EN,Towers with Radar,12,48,51,15,126,0,2,50,3,55,12,50,101,18,181,44,16,60,241
06/06/2001,ILM,NC,ASO,EN,Towers with Radar,11,49,51,11,122,0,1,41,3,45,11,50,92,14,167,22,36,58,225
06/07/2001,ILM,NC,ASO,EN,Towers with Radar,11,47,48,21,127,0,0,34,6,40,11,47,82,27,167,0,10,10,177
06/08/2001,ILM,NC,ASO,EN,Towers with Radar,10,51,57,5,123,0,0,37,3,40,10,51,94,8,163,22,0,22,185
06/09/2001,ILM,NC,ASO,EN,Towers with Radar,14,27,36,1,78,0,0,28,0,28,14,27,64,1,106,66,0,66,172
06/10/2001,ILM,NC,ASO,EN,Towers with Radar,15,32,33,6,86,0,0,49,5,54,15,32,82,11,140,82,14,96,236
06/11/2001,ILM,NC,ASO,EN,Towers with Radar,15,53,47,10,125,0,6,45,1,52,15,59,92,11,177,52,18,70,247
06/12/2001,ILM,NC,ASO,EN,Towers with Radar,11,54,42,14,121,0,3,70,3,76,11,57,112,17,197,50,24,74,271
06/13/2001,ILM,NC,ASO,EN,Towers with Radar,12,42,23,0,77,0,1,5,0,6,12,43,28,0,83,0,0,0,83
06/14/2001,ILM,NC,ASO,EN,Towers with Radar,11,52,51,0,114,0,1,0,0,1,11,53,51,0,115,4,0,4,119
06/15/2001,ILM,NC,ASO,EN,Towers with Radar,11,43,39,19,112,0,3,16,3,22,11,46,55,22,134,24,32,56,190
06/16/2001,ILM,NC,ASO,EN,Towers with Radar,8,27,31,1,67,4,2,59,0,65,12,29,90,1,132,48,0,48,180
06/17/2001,ILM,NC,ASO,EN,Towers with Radar,9,29,52,2,92,0,0,77,0,77,9,29,129,2,169,100,0,100,269
06/18/2001,ILM,NC,ASO,EN,Towers with Radar,12,46,73,24,155,0,2,69,1,72,12,48,142,25,227,44,4,48,275
06/19/2001,ILM,NC,ASO,EN,Towers with Radar,11,54,44,34,143,0,2,64,8,74,11,56,108,42,217,68,28,96,313
06/20/2001,ILM,NC,ASO,EN,Towers with Radar,11,55,51,19,136,0,1,87,3,91,11,56,138,22,227,18,20,38,265
06/21/2001,ILM,NC,ASO,EN,Towers with Radar,18,46,57,19,140,0,1,55,6,62,18,47,112,25,202,60,24,84,286
06/22/2001,ILM,NC,ASO,EN,Towers with Radar,9,48,56,0,113,0,0,61,0,61,9,48,117,0,174,62,26,88,262
06/23/2001,ILM,NC,ASO,EN,Towers with Radar,15,32,41,0,88,0,0,61,0,61,15,32,102,0,149,80,0,80,229
06/24/2001,ILM,NC,ASO,EN,Towers with Radar,11,43,56,0,110,0,0,31,0,31,11,43,87,0,141,54,0,54,195
06/25/2001,ILM,NC,ASO,EN,Towers with Radar,9,46,47,5,107,0,0,29,4,33,9,46,76,9,140,44,0,44,184
06/26/2001,ILM,NC,ASO,EN,Towers with Radar,11,68,36,4,119,0,0,78,0,78,11,68,114,4,197,62,0,62,259
06/27/2001,ILM,NC,ASO,EN,Towers with Radar,11,56,66,0,133,0,2,35,6,43,11,58,101,6,176,26,0,26,202
06/28/2001,ILM,NC,ASO,EN,Towers with Radar,11,55,48,0,114,0,0,67,0,67,11,55,115,0,181,18,0,18,199
06/29/2001,ILM,NC,ASO,EN,Towers with Radar,11,0,69,0,80,0,0,64,0,64,11,0,133,0,144,28,0,28,172
06/30/2001,ILM,NC,ASO,EN,Towers with Radar,10,35,46,8,99,2,0,81,19,102,12,35,127,27,201,74,16,90,291
07/01/2001,ILM,NC,ASO,EN,Towers with Radar,10,27,39,0,76,0,0,96,0,96,10,27,135,0,172,59,0,59,231
07/02/2001,ILM,NC,ASO,EN,Towers with Radar,13,47,48,1,109,0,1,32,3,36,13,48,80,4,145,22,0,22,167
07/03/2001,ILM,NC,ASO,EN,Towers with Radar,10,56,55,1,122,0,0,37,3,40,10,56,92,4,162,78,2,80,242
07/04/2001,ILM,NC,ASO,EN,Towers with Radar,15,33,27,4,79,0,0,85,3,88,15,33,112,7,167,28,4,32,199
07/05/2001,ILM,NC,ASO,EN,Towers with Radar,10,47,62,4,123,0,1,42,0,43,10,48,104,4,166,54,0,54,220
07/06/2001,ILM,NC,ASO,EN,Towers with Radar,12,62,52,13,139,0,0,38,0,38,12,62,90,13,177,46,10,56,233
07/07/2001,ILM,NC,ASO,EN,Towers with Radar,12,33,52,0,97,0,0,106,0,106,12,33,158,0,203,82,0,82,285
07/08/2001,ILM,NC,ASO,EN,Towers with Radar,12,40,57,0,109,0,0,64,1,65,12,40,121,1,174,76,0,76,250
07/09/2001,ILM,NC,ASO,EN,Towers with Radar,12,43,66,17,138,0,3,57,9,69,12,46,123,26,207,90,36,126,333
07/10/2001,ILM,NC,ASO,EN,Towers with Radar,11,54,47,17,129,0,0,50,1,51,11,54,97,18,180,28,22,50,230
07/11/2001,ILM,NC,ASO,EN,Towers with Radar,9,50,69,4,132,0,2,29,1,32,9,52,98,5,164,0,4,4,168
07/12/2001,ILM,NC,ASO,EN,Towers with Radar,12,47,58,10,127,0,4,47,2,53,12,51,105,12,180,64,0,64,244
07/13/2001,ILM,NC,ASO,EN,Towers with Radar,9,52,67,0,128,0,1,54,0,55,9,53,121,0,183,52,0,52,235
07/14/2001,ILM,NC,ASO,EN,Towers with Radar,12,32,59,14,117,0,0,123,2,125,12,32,182,16,242,46,6,52,294
07/15/2001,ILM,NC,ASO,EN,Towers with Radar,9,29,45,7,90,0,0,116,5,121,9,29,161,12,211,86,32,118,329
07/16/2001,ILM,NC,ASO,EN,Towers with Radar,10,37,44,7,98,4,4,75,6,89,14,41,119,13,187,118,14,132,319
07/17/2001,ILM,NC,ASO,EN,Towers with Radar,13,61,37,11,122,0,2,61,6,69,13,63,98,17,191,28,8,36,227
07/18/2001,ILM,NC,ASO,EN,Towers with Radar,13,50,59,9,131,0,22,42,12,76,13,72,101,21,207,60,16,76,283
07/19/2001,ILM,NC,ASO,EN,Towers with Radar,12,56,42,11,121,0,2,23,6,31,12,58,65,17,152,26,8,34,186
07/20/2001,ILM,NC,ASO,EN,Towers with Radar,13,52,75,3,143,0,1,49,6,56,13,53,124,9,199,80,26,106,305
07/21/2001,ILM,NC,ASO,EN,Towers with Radar,17,32,38,2,89,0,0,105,0,105,17,32,143,2,194,124,2,126,320
07/22/2001,ILM,NC,ASO,EN,Towers with Radar,14,35,72,2,123,0,0,67,0,67,14,35,139,2,190,14,0,14,204
07/23/2001,ILM,NC,ASO,EN,Towers with Radar,14,51,41,5,111,0,0,9,0,9,14,51,50,5,120,22,0,22,142
07/24/2001,ILM,NC,ASO,EN,Towers with Radar,9,52,59,12,132,0,0,19,0,19,9,52,78,12,151,16,4,20,171
07/25/2001,ILM,NC,ASO,EN,Towers with Radar,11,50,66,48,175,0,1,41,9,51,11,51,107,57,226,50,52,102,328
07/26/2001,ILM,NC,ASO,EN,Towers with Radar,11,47,50,17,125,0,0,36,7,43,11,47,86,24,168,38,16,54,222
07/27/2001,ILM,NC,ASO,EN,Towers with Radar,11,67,67,3,148,0,0,12,3,15,11,67,79,6,163,0,2,2,165
07/28/2001,ILM,NC,ASO,EN,Towers with Radar,14,26,42,9,91,0,0,61,0,61,14,26,103,9,152,110,8,118,270
07/29/2001,ILM,NC,ASO,EN,Towers with Radar,10,29,54,8,101,0,0,60,3,63,10,29,114,11,164,48,6,54,218
07/30/2001,ILM,NC,ASO,EN,Towers with Radar,12,50,46,23,131,0,2,27,2,31,12,52,73,25,162,28,14,42,204
07/31/2001,ILM,NC,ASO,EN,Towers with Radar,10,41,47,7,105,5,14,78,1,98,15,55,125,8,203,54,12,66,269
08/01/2001,ILM,NC,ASO,EN,Towers with Radar,10,52,49,11,122,1,1,120,5,127,11,53,169,16,249,48,12,60,309
08/02/2001,ILM,NC,ASO,EN,Towers with Radar,10,51,59,39,159,0,1,71,2,74,10,52,130,41,233,62,82,144,377
08/03/2001,ILM,NC,ASO,EN,Towers with Radar,12,61,63,30,166,0,1,89,4,94,12,62,152,34,260,48,34,82,342
08/04/2001,ILM,NC,ASO,EN,Towers with Radar,10,31,70,0,111,0,0,61,0,61,10,31,131,0,172,32,0,32,204
08/05/2001,ILM,NC,ASO,EN,Towers with Radar,12,34,71,6,123,0,0,92,3,95,12,34,163,9,218,56,4,60,278
08/06/2001,ILM,NC,ASO,EN,Towers with Radar,11,47,39,19,116,0,3,40,3,46,11,50,79,22,162,10,32,42,204
08/07/2001,ILM,NC,ASO,EN,Towers with Radar,11,46,39,3,99,0,2,45,2,49,11,48,84,5,148,34,20,54,202
08/08/2001,ILM,NC,ASO,EN,Towers with Radar,11,55,46,15,127,0,1,65,10,76,11,56,111,25,203,50,27,77,280
08/09/2001,ILM,NC,ASO,EN,Towers with Radar,13,50,65,22,150,0,2,80,5,87,13,52,145,27,237,130,32,162,399
08/10/2001,ILM,NC,ASO,EN,Towers with Radar,10,58,45,5,118,0,2,77,2,81,10,60,122,7,199,56,10,66,265
08/11/2001,ILM,NC,ASO,EN,Towers with Radar,6,27,33,3,69,5,7,29,0,41,11,34,62,3,110,32,0,32,142
08/12/2001,ILM,NC,ASO,EN,Towers with Radar,13,37,46,0,96,0,0,53,2,55,13,37,99,2,151,64,0,64,215
08/13/2001,ILM,NC,ASO,EN,Towers with Radar,13,42,49,12,116,0,0,30,6,36,13,42,79,18,152,2,4,6,158
08/14/2001,ILM,NC,ASO,EN,Towers with Radar,11,50,52,0,113,0,1,31,0,32,11,51,83,0,145,42,0,42,187
08/15/2001,ILM,NC,ASO,EN,Towers with Radar,10,54,67,2,133,0,1,87,3,91,10,55,154,5,224,36,0,36,260
08/16/2001,ILM,NC,ASO,EN,Towers with Radar,12,52,63,16,143,0,4,84,25,113,12,56,147,41,256,76,32,108,364
08/17/2001,ILM,NC,ASO,EN,Towers with Radar,11,50,78,19,158,0,1,71,7,79,11,51,149,26,237,46,42,88,325
08/18/2001,ILM,NC,ASO,EN,Towers with Radar,10,31,44,0,85,0,0,36,0,36,10,31,80,0,121,12,0,12,133
08/19/2001,ILM,NC,ASO,EN,Towers with Radar,12,40,46,6,104,0,0,49,0,49,12,40,95,6,153,100,0,100,253
08/20/2001,ILM,NC,ASO,EN,Towers with Radar,12,47,46,21,126,0,3,34,0,37,12,50,80,21,163,10,4,14,177
08/21/2001,ILM,NC,ASO,EN,Towers with Radar,11,45,49,38,143,0,4,44,2,50,11,49,93,40,193,80,24,104,297
08/22/2001,ILM,NC,ASO,EN,Towers with Radar,11,47,54,14,126,0,2,72,13,87,11,49,126,27,213,32,12,44,257
08/23/2001,ILM,NC,ASO,EN,Towers with Radar,11,48,55,12,126,0,4,78,0,82,11,52,133,12,208,18,4,22,230
08/24/2001,ILM,NC,ASO,EN,Towers with Radar,11,49,47,11,118,0,2,26,3,31,11,51,73,14,149,30,12,42,191
08/25/2001,ILM,NC,ASO,EN,Towers with Radar,10,30,61,9,110,0,0,66,4,70,10,30,127,13,180,72,16,88,268
08/26/2001,ILM,NC,ASO,EN,Towers with Radar,12,33,40,16,101,0,0,121,0,121,12,33,161,16,222,68,34,102,324
08/27/2001,ILM,NC,ASO,EN,Towers with Radar,11,43,30,24,108,0,1,38,6,45,11,44,68,30,153,22,54,76,229
08/28/2001,ILM,NC,ASO,EN,Towers with Radar,11,46,56,22,135,0,1,47,0,48,11,47,103,22,183,24,28,52,235
08/29/2001,ILM,NC,ASO,EN,Towers with Radar,11,51,60,6,128,0,1,40,2,43,11,52,100,8,171,14,4,18,189
08/30/2001,ILM,NC,ASO,EN,Towers with Radar,11,47,91,21,170,0,0,26,2,28,11,47,117,23,198,24,8,32,230
08/31/2001,ILM,NC,ASO,EN,Towers with Radar,10,50,60,7,127,0,0,40,0,40,10,50,100,7,167,0,2,2,169
09/01/2001,ILM,NC,ASO,EN,Towers with Radar,11,25,38,12,86,1,1,29,0,31,12,26,67,12,117,48,6,54,171
09/02/2001,ILM,NC,ASO,EN,Towers with Radar,9,26,25,0,60,1,1,33,0,35,10,27,58,0,95,34,0,34,129
09/03/2001,ILM,NC,ASO,EN,Towers with Radar,11,37,83,0,131,1,1,51,0,53,12,38,134,0,184,74,0,74,258
09/04/2001,ILM,NC,ASO,EN,Towers with Radar,11,52,44,11,118,0,0,15,7,22,11,52,59,18,140,24,8,32,172
09/05/2001,ILM,NC,ASO,EN,Towers with Radar,11,52,69,0,132,0,0,19,0,19,11,52,88,0,151,28,0,28,179
09/06/2001,ILM,NC,ASO,EN,Towers with Radar,11,52,59,17,139,0,0,95,11,106,11,52,154,28,245,50,4,54,299
09/07/2001,ILM,NC,ASO,EN,Towers with Radar,12,48,59,13,132,0,2,114,3,119,12,50,173,16,251,66,2,68,319
09/08/2001,ILM,NC,ASO,EN,Towers with Radar,11,28,30,0,69,0,0,64,0,64,11,28,94,0,133,82,0,82,215
09/09/2001,ILM,NC,ASO,EN,Towers with Radar,8,31,42,2,83,3,0,35,0,38,11,31,77,2,121,26,0,26,147
09/10/2001,ILM,NC,ASO,EN,Towers with Radar,11,50,42,12,115,0,1,32,3,36,11,51,74,15,151,28,0,28,179
09/11/2001,ILM,NC,ASO,EN,Towers with Radar,2,10,12,1,25,5,2,0,0,7,7,12,12,1,32,0,0,0,32
09/12/2001,ILM,NC,ASO,EN,Towers with Radar,0,1,2,0,3,0,0,0,0,0,0,1,2,0,3,0,0,0,3
09/13/2001,ILM,NC,ASO,EN,Towers with Radar,0,10,11,3,24,0,0,2,1,3,0,10,13,4,27,0,0,0,27
09/14/2001,ILM,NC,ASO,EN,Towers with Radar,8,47,11,18,84,0,0,8,4,12,8,47,19,22,96,0,30,30,126
09/15/2001,ILM,NC,ASO,EN,Towers with Radar,7,22,27,0,56,0,1,0,0,1,7,23,27,0,57,0,0,0,57
09/16/2001,ILM,NC,ASO,EN,Towers with Radar,6,21,30,0,57,1,2,4,0,7,7,23,34,0,64,0,0,0,64
09/17/2001,ILM,NC,ASO,EN,Towers with Radar,13,33,67,5,118,0,1,5,1,7,13,34,72,6,125,0,0,0,125
09/18/2001,ILM,NC,ASO,EN,Towers with Radar,9,43,61,27,140,0,1,0,5,6,9,44,61,32,146,0,38,38,184
09/19/2001,ILM,NC,ASO,EN,Towers with Radar,8,37,62,8,115,0,1,7,5,13,8,38,69,13,128,0,4,4,132
09/20/2001,ILM,NC,ASO,EN,Towers with Radar,9,38,69,9,125,0,1,26,1,28,9,39,95,10,153,0,12,12,165
09/21/2001,ILM,NC,ASO,EN,Towers with Radar,11,39,62,4,116,0,1,17,3,21,11,40,79,7,137,0,0,0,137
09/22/2001,ILM,NC,ASO,EN,Towers with Radar,7,29,23,1,60,0,2,27,0,29,7,31,50,1,89,28,0,28,117
09/23/2001,ILM,NC,ASO,EN,Towers with Radar,7,19,44,2,72,0,0,54,0,54,7,19,98,2,126,8,0,8,134
09/24/2001,ILM,NC,ASO,EN,Towers with Radar,9,27,34,11,81,0,1,25,0,26,9,28,59,11,107,10,4,14,121
09/25/2001,ILM,NC,ASO,EN,Towers with Radar,10,40,45,11,106,0,1,38,5,44,10,41,83,16,150,100,6,106,256
09/26/2001,ILM,NC,ASO,EN,Towers with Radar,13,43,59,26,141,0,5,73,2,80,13,48,132,28,221,92,22,114,335
09/27/2001,ILM,NC,ASO,EN,Towers with Radar,9,44,57,16,126,0,0,65,2,67,9,44,122,18,193,86,2,88,281
09/28/2001,ILM,NC,ASO,EN,Towers with Radar,11,37,67,12,127,0,2,77,0,79,11,39,144,12,206,81,8,89,295
09/29/2001,ILM,NC,ASO,EN,Towers with Radar,7,31,41,0,79,0,1,70,0,71,7,32,111,0,150,68,0,68,218
09/30/2001,ILM,NC,ASO,EN,Towers with Radar,8,25,52,0,85,0,0,53,0,53,8,25,105,0,138,28,0,28,166
10/01/2001,ILM,NC,ASO,EN,Towers with Radar,12,38,41,0,91,0,2,52,2,56,12,40,93,2,147,84,0,84,231
10/02/2001,ILM,NC,ASO,EN,Towers with Radar,8,44,49,29,130,0,2,70,7,79,8,46,119,36,209,36,40,76,285
10/03/2001,ILM,NC,ASO,EN,Towers with Radar,10,39,54,0,103,0,2,63,1,66,10,41,117,1,169,88,0,88,257
10/04/2001,ILM,NC,ASO,EN,Towers with Radar,10,44,40,5,99,0,3,89,3,95,10,47,129,8,194,52,2,54,248
10/05/2001,ILM,NC,ASO,EN,Towers with Radar,11,42,60,15,128,1,0,60,1,62,12,42,120,16,190,46,42,88,278
10/06/2001,ILM,NC,ASO,EN,Towers with Radar,10,22,39,18,89,0,1,28,1,30,10,23,67,19,119,22,22,44,163
10/07/2001,ILM,NC,ASO,EN,Towers with Radar,8,22,43,12,85,2,0,61,3,66,10,22,104,15,151,56,24,80,231
10/08/2001,ILM,NC,ASO,EN,Towers with Radar,7,31,55,6,99,0,2,53,1,56,7,33,108,7,155,62,0,62,217
10/09/2001,ILM,NC,ASO,EN,Towers with Radar,8,39,43,25,115,0,4,68,10,82,8,43,111,35,197,30,20,50,247
10/10/2001,ILM,NC,ASO,EN,Towers with Radar,10,36,65,4,115,0,3,70,0,73,10,39,135,4,188,78,6,84,272
10/11/2001,ILM,NC,ASO,EN,Towers with Radar,8,43,59,16,126,0,0,63,6,69,8,43,122,22,195,38,16,54,249
10/12/2001,ILM,NC,ASO,EN,Towers with Radar,9,55,49,11,124,0,2,51,2,55,9,57,100,13,179,12,8,20,199
10/13/2001,ILM,NC,ASO,EN,Towers with Radar,8,21,20,5,54,0,4,107,0,111,8,25,127,5,165,66,2,68,233
10/14/2001,ILM,NC,ASO,EN,Towers with Radar,8,27,30,0,65,0,1,13,0,14,8,28,43,0,79,36,0,36,115
10/15/2001,ILM,NC,ASO,EN,Towers with Radar,9,34,54,15,112,0,2,73,2,77,9,36,127,17,189,58,6,64,253
10/16/2001,ILM,NC,ASO,EN,Towers with Radar,8,34,45,12,99,1,7,54,10,72,9,41,99,22,171,46,10,56,227
10/17/2001,ILM,NC,ASO,EN,Towers with Radar,8,51,60,32,151,0,10,58,6,74,8,61,118,38,225,52,60,112,337
10/18/2001,ILM,NC,ASO,EN,Towers with Radar,8,38,45,3,94,0,1,102,1,104,8,39,147,4,198,46,0,46,244
10/19/2001,ILM,NC,ASO,EN,Towers with Radar,9,42,54,21,126,0,1,59,0,60,9,43,113,21,186,20,24,44,230
10/20/2001,ILM,NC,ASO,EN,Towers with Radar,9,18,53,17,97,0,2,43,4,49,9,20,96,21,146,18,12,30,176
10/21/2001,ILM,NC,ASO,EN,Towers with Radar,8,23,41,0,72,2,0,80,0,82,10,23,121,0,154,32,0,32,186
10/22/2001,ILM,NC,ASO,EN,Towers with Radar,9,38,60,45,152,0,3,89,4,96,9,41,149,49,248,38,54,92,340
10/23/2001,ILM,NC,ASO,EN,Towers with Radar,8,41,46,15,110,0,3,59,0,62,8,44,105,15,172,44,48,92,264
10/24/2001,ILM,NC,ASO,EN,Towers with Radar,8,53,73,2,136,0,1,37,2,40,8,54,110,4,176,46,28,74,250
10/25/2001,ILM,NC,ASO,EN,Towers with Radar,7,37,47,32,123,0,2,52,5,59,7,39,99,37,182,36,52,88,270
10/26/2001,ILM,NC,ASO,EN,Towers with Radar,9,45,66,16,136,0,3,55,2,60,9,48,121,18,196,24,22,46,242
10/27/2001,ILM,NC,ASO,EN,Towers with Radar,7,20,46,11,84,0,0,61,4,65,7,20,107,15,149,46,24,70,219
10/28/2001,ILM,NC,ASO,EN,Towers with Radar,8,30,58,0,96,0,10,65,0,75,8,40,123,0,171,66,0,66,237
10/29/2001,ILM,NC,ASO,EN,Towers with Radar,8,38,42,1,89,0,3,55,2,60,8,41,97,3,149,6,0,6,155
10/30/2001,ILM,NC,ASO,EN,Towers with Radar,9,58,30,7,104,0,1,75,0,76,9,59,105,7,180,60,0,60,240
10/31/2001,ILM,NC,ASO,EN,Towers with Radar,8,39,50,13,110,0,5,60,0,65,8,44,110,13,175,38,10,48,223
11/01/2001,ILM,NC,ASO,EN,Towers with Radar,7,48,65,6,126,1,1,52,0,54,8,49,117,6,180,0,0,0,180
11/02/2001,ILM,NC,ASO,EN,Towers with Radar,8,37,91,20,156,1,4,53,8,66,9,41,144,28,222,10,50,60,282
11/03/2001,ILM,NC,ASO,EN,Towers with Radar,7,26,33,0,66,5,4,67,0,76,12,30,100,0,142,42,0,42,184
11/04/2001,ILM,NC,ASO,EN,Towers with Radar,10,27,67,0,104,1,0,48,0,49,11,27,115,0,153,54,0,54,207
11/05/2001,ILM,NC,ASO,EN,Towers with Radar,10,39,51,12,112,1,0,9,23,33,11,39,60,35,145,16,56,72,217
11/06/2001,ILM,NC,ASO,EN,Towers with Radar,12,47,40,1,100,1,1,59,0,61,13,48,99,1,161,46,0,46,207
11/07/2001,ILM,NC,ASO,EN,Towers with Radar,10,51,36,5,102,1,1,65,4,71,11,52,101,9,173,38,32,70,243
11/08/2001,ILM,NC,ASO,EN,Towers with Radar,12,46,56,22,136,1,0,88,3,92,13,46,144,25,228,90,18,108,336
11/09/2001,ILM,NC,ASO,EN,Towers with Radar,11,43,57,11,122,0,3,68,0,71,11,46,125,11,193,50,6,56,249
11/10/2001,ILM,NC,ASO,EN,Towers with Radar,10,21,41,0,72,0,1,73,0,74,10,22,114,0,146,64,0,64,210
11/11/2001,ILM,NC,ASO,EN,Towers with Radar,10,18,45,0,73,1,0,87,0,88,11,18,132,0,161,52,0,52,213
11/12/2001,ILM,NC,ASO,EN,Towers with Radar,11,29,40,0,80,0,2,56,0,58,11,31,96,0,138,16,0,16,154
11/13/2001,ILM,NC,ASO,EN,Towers with Radar,10,48,55,18,131,0,3,39,6,48,10,51,94,24,179,54,28,82,261
11/14/2001,ILM,NC,ASO,EN,Towers with Radar,13,44,44,7,108,0,3,64,1,68,13,47,108,8,176,32,6,38,214
11/15/2001,ILM,NC,ASO,EN,Towers with Radar,12,42,40,30,124,0,1,71,6,78,12,43,111,36,202,50,24,74,276
11/16/2001,ILM,NC,ASO,EN,Towers with Radar,12,42,55,13,122,0,0,65,23,88,12,42,120,36,210,22,28,50,260
11/17/2001,ILM,NC,ASO,EN,Towers with Radar,11,23,24,9,67,0,1,109,1,111,11,24,133,10,178,36,32,68,246
11/18/2001,ILM,NC,ASO,EN,Towers with Radar,11,37,44,4,96,0,1,65,0,66,11,38,109,4,162,29,2,31,193
11/19/2001,ILM,NC,ASO,EN,Towers with Radar,11,45,59,14,129,0,3,41,16,60,11,48,100,30,189,60,28,88,277
11/20/2001,ILM,NC,ASO,EN,Towers with Radar,10,50,67,15,142,0,0,25,17,42,10,50,92,32,184,2,40,42,226
11/21/2001,ILM,NC,ASO,EN,Towers with Radar,12,47,63,2,124,0,0,71,0,71,12,47,134,2,195,32,0,32,227
11/22/2001,ILM,NC,ASO,EN,Towers with Radar,6,19,26,0,51,5,5,45,0,55,11,24,71,0,106,16,0,16,122
11/23/2001,ILM,NC,ASO,EN,Towers with Radar,10,34,44,0,88,0,0,49,0,49,10,34,93,0,137,32,0,32,169
11/24/2001,ILM,NC,ASO,EN,Towers with Radar,8,27,32,0,67,4,8,0,0,12,12,35,32,0,79,0,0,0,79
11/25/2001,ILM,NC,ASO,EN,Towers with Radar,10,50,65,14,139,0,0,46,0,46,10,50,111,14,185,16,4,20,205
11/26/2001,ILM,NC,ASO,EN,Towers with Radar,12,43,64,14,133,0,0,41,5,46,12,43,105,19,179,46,0,46,225
11/27/2001,ILM,NC,ASO,EN,Towers with Radar,10,52,66,16,144,0,5,41,23,69,10,57,107,39,213,52,58,110,323
11/28/2001,ILM,NC,ASO,EN,Towers with Radar,11,46,57,13,127,0,15,59,12,86,11,61,116,25,213,56,68,124,337
11/29/2001,ILM,NC,ASO,EN,Towers with Radar,11,40,50,11,112,1,4,50,0,55,12,44,100,11,167,46,14,60,227
11/30/2001,ILM,NC,ASO,EN,Towers with Radar,11,41,51,12,115,0,6,38,4,48,11,47,89,16,163,16,10,26,189
12/01/2001,ILM,NC,ASO,EN,Towers with Radar,8,24,41,2,75,3,0,61,0,64,11,24,102,2,139,78,0,78,217
12/02/2001,ILM,NC,ASO,EN,Towers with Radar,10,33,55,0,98,0,0,85,0,85,10,33,140,0,183,102,0,102,285
12/03/2001,ILM,NC,ASO,EN,Towers with Radar,11,43,56,8,118,0,0,33,2,35,11,43,89,10,153,48,0,48,201
12/04/2001,ILM,NC,ASO,EN,Towers with Radar,11,42,53,1,107,0,12,38,0,50,11,54,91,1,157,44,0,44,201
12/05/2001,ILM,NC,ASO,EN,Towers with Radar,11,48,63,4,126,0,0,61,0,61,11,48,124,4,187,30,0,30,217
12/06/2001,ILM,NC,ASO,EN,Towers with Radar,12,46,59,8,125,0,8,51,0,59,12,54,110,8,184,80,20,100,284
12/07/2001,ILM,NC,ASO,EN,Towers with Radar,12,43,57,8,120,4,0,23,9,36,16,43,80,17,156,78,10,88,244
12/08/2001,ILM,NC,ASO,EN,Towers with Radar,7,23,32,5,67,5,0,79,0,84,12,23,111,5,151,76,0,76,227
12/09/2001,ILM,NC,ASO,EN,Towers with Radar,9,23,43,5,80,2,0,50,0,52,11,23,93,5,132,32,16,48,180
12/10/2001,ILM,NC,ASO,EN,Towers with Radar,12,40,53,8,113,0,3,1,3,7,12,43,54,11,120,16,56,72,192
12/11/2001,ILM,NC,ASO,EN,Towers with Radar,12,40,41,8,101,1,6,0,1,8,13,46,41,9,109,0,0,0,109
12/12/2001,ILM,NC,ASO,EN,Towers with Radar,11,37,59,8,115,0,0,3,12,15,11,37,62,20,130,0,0,0,130
12/13/2001,ILM,NC,ASO,EN,Towers with Radar,12,44,59,8,123,0,6,29,4,39,12,50,88,12,162,22,6,28,190
12/14/2001,ILM,NC,ASO,EN,Towers with Radar,11,44,71,10,136,0,0,38,12,50,11,44,109,22,186,46,10,56,242
12/15/2001,ILM,NC,ASO,EN,Towers with Radar,10,24,44,0,78,3,0,90,0,93,13,24,134,0,171,42,0,42,213
12/16/2001,ILM,NC,ASO,EN,Towers with Radar,8,24,33,0,65,3,1,113,0,117,11,25,146,0,182,40,0,40,222
12/17/2001,ILM,NC,ASO,EN,Towers with Radar,11,34,55,7,107,1,0,30,24,55,12,34,85,31,162,74,22,96,258
12/18/2001,ILM,NC,ASO,EN,Towers with Radar,11,38,51,6,106,0,21,15,11,47,11,59,66,17,153,14,8,22,175
12/19/2001,ILM,NC,ASO,EN,Towers with Radar,9,40,54,7,110,0,10,70,2,82,9,50,124,9,192,52,0,52,244
12/20/2001,ILM,NC,ASO,EN,Towers with Radar,12,44,59,7,122,0,7,72,2,81,12,51,131,9,203,38,4,42,245
12/21/2001,ILM,NC,ASO,EN,Towers with Radar,12,50,68,9,139,0,11,70,2,83,12,61,138,11,222,30,16,46,268
12/22/2001,ILM,NC,ASO,EN,Towers with Radar,11,37,50,0,98,0,6,100,0,106,11,43,150,0,204,62,0,62,266
12/23/2001,ILM,NC,ASO,EN,Towers with Radar,10,23,42,0,75,3,0,58,0,61,13,23,100,0,136,36,0,36,172
12/24/2001,ILM,NC,ASO,EN,Towers with Radar,7,21,28,0,56,4,13,36,0,53,11,34,64,0,109,26,0,26,135
12/25/2001,ILM,NC,ASO,EN,Towers with Radar,5,14,19,0,38,3,7,6,0,16,8,21,25,0,54,0,0,0,54
12/26/2001,ILM,NC,ASO,EN,Towers with Radar,12,62,83,10,167,0,24,67,6,97,12,86,150,16,264,36,4,40,304
12/27/2001,ILM,NC,ASO,EN,Towers with Radar,11,55,74,9,149,0,2,75,0,77,11,57,149,9,226,28,0,28,254
12/28/2001,ILM,NC,ASO,EN,Towers with Radar,13,45,58,2,118,0,0,36,0,36,13,45,94,2,154,10,0,10,164
12/29/2001,ILM,NC,ASO,EN,Towers with Radar,10,28,41,0,79,1,0,110,0,111,11,28,151,0,190,70,0,70,260
12/30/2001,ILM,NC,ASO,EN,Towers with Radar,9,31,42,1,83,0,0,82,0,82,9,31,124,1,165,48,2,50,215
12/31/2001,ILM,NC,ASO,EN,Towers with Radar,10,33,43,0,86,0,9,66,0,75,10,42,109,0,161,8,0,8,169
01/01/2002,ILM,NC,ASO,EN,Towers with Radar,11,39,60,0,110,1,1,85,0,87,12,40,145,0,197,32,0,32,229
01/02/2002,ILM,NC,ASO,EN,Towers with Radar,10,58,67,0,135,1,3,20,0,24,11,61,87,0,159,0,0,0,159
01/03/2002,ILM,NC,ASO,EN,Towers with Radar,10,25,19,7,61,0,1,0,1,2,10,26,19,8,63,0,0,0,63
01/04/2002,ILM,NC,ASO,EN,Towers with Radar,6,24,29,0,59,2,2,20,0,24,8,26,49,0,83,0,0,0,83
01/05/2002,ILM,NC,ASO,EN,Towers with Radar,10,44,48,5,107,0,2,81,1,84,10,46,129,6,191,38,0,38,229
01/06/2002,ILM,NC,ASO,EN,Towers with Radar,7,31,31,0,69,1,1,12,0,14,8,32,43,0,83,10,0,10,93
01/07/2002,ILM,NC,ASO,EN,Towers with Radar,12,35,41,34,122,0,1,33,2,36,12,36,74,36,158,20,22,42,200
01/08/2002,ILM,NC,ASO,EN,Towers with Radar,11,44,51,18,124,0,4,83,1,88,11,48,134,19,212,62,16,78,290
01/09/2002,ILM,NC,ASO,EN,Towers with Radar,11,43,54,15,123,0,4,48,7,59,11,47,102,22,182,30,38,68,250
01/10/2002,ILM,NC,ASO,EN,Towers with Radar,11,34,61,5,111,0,1,62,6,69,11,35,123,11,180,41,13,54,234
01/11/2002,ILM,NC,ASO,EN,Towers with Radar,11,34,33,13,91,0,5,44,2,51,11,39,77,15,142,30,2,32,174
01/12/2002,ILM,NC,ASO,EN,Towers with Radar,13,23,35,9,80,0,1,103,2,106,13,24,138,11,186,38,8,46,232
01/13/2002,ILM,NC,ASO,EN,Towers with Radar,5,30,27,12,74,0,1,54,1,56,5,31,81,13,130,34,6,40,170
01/14/2002,ILM,NC,ASO,EN,Towers with Radar,12,50,37,16,115,0,0,43,5,48,12,50,80,21,163,32,20,52,215
01/15/2002,ILM,NC,ASO,EN,Towers with Radar,10,42,34,27,113,0,2,79,7,88,10,44,113,34,201,36,34,70,271
01/16/2002,ILM,NC,ASO,EN,Towers with Radar,10,37,44,8,99,1,12,48,16,77,11,49,92,24,176,6,12,18,194
01/17/2002,ILM,NC,ASO,EN,Towers with Radar,11,47,55,12,125,0,2,61,4,67,11,49,116,16,192,42,18,60,252
01/18/2002,ILM,NC,ASO,EN,Towers with Radar,11,46,50,7,114,0,3,45,4,52,11,49,95,11,166,26,16,42,208
01/19/2002,ILM,NC,ASO,EN,Towers with Radar,10,37,40,0,87,0,3,30,0,33,10,40,70,0,120,14,0,14,134
01/20/2002,ILM,NC,ASO,EN,Towers with Radar,9,31,40,3,83,0,1,59,1,61,9,32,99,4,144,26,10,36,180
01/21/2002,ILM,NC,ASO,EN,Towers with Radar,11,52,66,0,129,0,4,19,0,23,11,56,85,0,152,16,0,16,168
01/22/2002,ILM,NC,ASO,EN,Towers with Radar,12,52,49,25,138,0,5,83,2,90,12,57,132,27,228,50,24,74,302
01/23/2002,ILM,NC,ASO,EN,Towers with Radar,10,38,61,21,130,0,0,14,6,20,10,38,75,27,150,0,28,28,178
01/24/2002,ILM,NC,ASO,EN,Towers with Radar,12,49,58,9,128,0,1,10,0,11,12,50,68,9,139,0,16,16,155
01/25/2002,ILM,NC,ASO,EN,Towers with Radar,11,45,59,2,117,0,0,46,0,46,11,45,105,2,163,34,0,34,197
01/26/2002,ILM,NC,ASO,EN,Towers with Radar,8,27,38,0,73,3,0,99,0,102,11,27,137,0,175,54,0,54,229
01/27/2002,ILM,NC,ASO,EN,Towers with Radar,11,32,55,0,98,0,0,113,0,113,11,32,168,0,211,35,1,36,247
01/28/2002,ILM,NC,ASO,EN,Towers with Radar,11,41,55,11,118,0,0,42,17,59,11,41,97,28,177,26,32,58,235
01/29/2002,ILM,NC,ASO,EN,Towers with Radar,11,42,51,10,114,0,2,76,2,80,11,44,127,12,194,38,2,40,234
01/30/2002,ILM,NC,ASO,EN,Towers with Radar,11,49,61,12,133,0,0,77,14,91,11,49,138,26,224,22,2,24,248
01/31/2002,ILM,NC,ASO,EN,Towers with Radar,10,45,59,0,114,0,0,38,0,38,10,45,97,0,152,20,6,26,178
02/01/2002,ILM,NC,ASO,EN,Towers with Radar,10,43,50,1,104,1,2,28,3,34,11,45,78,4,138,12,6,18,156
02/02/2002,ILM,NC,ASO,EN,Towers with Radar,10,26,32,0,68,0,0,69,0,69,10,26,101,0,137,8,0,8,145
02/03/2002,ILM,NC,ASO,EN,Towers with Radar,10,30,42,0,82,0,1,69,2,72,10,31,111,2,154,86,0,86,240
02/04/2002,ILM,NC,ASO,EN,Towers with Radar,11,46,51,11,119,0,2,22,0,24,11,48,73,11,143,14,4,18,161
02/05/2002,ILM,NC,ASO,EN,Towers with Radar,11,52,64,2,129,0,5,52,1,58,11,57,116,3,187,20,6,26,213
02/06/2002,ILM,NC,ASO,EN,Towers with Radar,10,44,43,6,103,0,4,48,2,54,10,48,91,8,157,50,24,74,231
02/07/2002,ILM,NC,ASO,EN,Towers with Radar,10,43,33,2,88,0,0,0,0,0,10,43,33,2,88,0,0,0,88
02/08/2002,ILM,NC,ASO,EN,Towers with Radar,12,41,69,12,134,0,6,139,0,145,12,47,208,12,279,32,4,36,315
02/09/2002,ILM,NC,ASO,EN,Towers with Radar,13,31,36,3,83,0,1,100,0,101,13,32,136,3,184,58,0,58,242
02/10/2002,ILM,NC,ASO,EN,Towers with Radar,10,42,61,10,123,0,0,25,0,25,10,42,86,10,148,56,8,64,212
02/11/2002,ILM,NC,ASO,EN,Towers with Radar,11,39,50,5,105,2,0,51,0,53,13,39,101,5,158,42,0,42,200
02/12/2002,ILM,NC,ASO,EN,Towers with Radar,12,38,48,4,102,0,4,101,1,106,12,42,149,5,208,62,2,64,272
02/13/2002,ILM,NC,ASO,EN,Towers with Radar,11,39,47,20,117,0,5,65,2,72,11,44,112,22,189,56,22,78,267
02/14/2002,ILM,NC,ASO,EN,Towers with Radar,11,45,67,11,134,0,6,59,2,67,11,51,126,13,201,52,16,68,269
02/15/2002,ILM,NC,ASO,EN,Towers with Radar,13,46,94,17,170,0,5,70,4,79,13,51,164,21,249,78,26,104,353
02/16/2002,ILM,NC,ASO,EN,Towers with Radar,10,35,45,7,97,1,7,101,5,114,11,42,146,12,211,38,2,40,251
02/17/2002,ILM,NC,ASO,EN,Towers with Radar,11,31,55,4,101,0,1,90,0,91,11,32,145,4,192,46,2,48,240
02/18/2002,ILM,NC,ASO,EN,Towers with Radar,11,42,71,0,124,0,1,70,0,71,11,43,141,0,195,20,0,20,215
02/19/2002,ILM,NC,ASO,EN,Towers with Radar,11,55,73,9,148,0,3,100,3,106,11,58,173,12,254,70,30,100,354
02/20/2002,ILM,NC,ASO,EN,Towers with Radar,11,52,53,11,127,0,2,32,0,34,11,54,85,11,161,28,0,28,189
02/21/2002,ILM,NC,ASO,EN,Towers with Radar,11,53,61,5,130,0,3,61,3,67,11,56,122,8,197,38,0,38,235
02/22/2002,ILM,NC,ASO,EN,Towers with Radar,11,39,77,57,184,0,3,105,5,113,11,42,182,62,297,106,44,150,447
02/23/2002,ILM,NC,ASO,EN,Towers with Radar,14,50,60,16,140,0,2,8,0,10,14,52,68,16,150,16,0,16,166
02/24/2002,ILM,NC,ASO,EN,Towers with Radar,10,40,57,0,107,0,0,103,0,103,10,40,160,0,210,58,0,58,268
02/25/2002,ILM,NC,ASO,EN,Towers with Radar,11,49,40,9,109,0,3,73,2,78,11,52,113,11,187,68,10,78,265
02/26/2002,ILM,NC,ASO,EN,Towers with Radar,11,38,47,1,97,0,5,46,0,51,11,43,93,1,148,20,0,20,168
02/27/2002,ILM,NC,ASO,EN,Towers with Radar,11,41,31,7,90,0,5,23,0,28,11,46,54,7,118,0,4,4,122
02/28/2002,ILM,NC,ASO,EN,Towers with Radar,11,43,56,11,121,0,2,83,2,87,11,45,139,13,208,72,10,82,290
03/01/2002,ILM,NC,ASO,EN,Towers with Radar,12,45,60,15,132,1,1,103,1,106,13,46,163,16,238,56,16,72,310
03/02/2002,ILM,NC,ASO,EN,Towers with Radar,8,30,34,5,77,0,1,12,1,14,8,31,46,6,91,24,0,24,115
03/03/2002,ILM,NC,ASO,EN,Towers with Radar,11,35,44,0,90,0,0,10,0,10,11,35,54,0,100,14,0,14,114
03/04/2002,ILM,NC,ASO,EN,Towers with Radar,10,53,43,31,137,0,1,47,3,51,10,54,90,34,188,62,30,92,280
03/05/2002,ILM,NC,ASO,EN,Towers with Radar,11,48,49,16,124,1,6,85,2,94,12,54,134,18,218,48,14,62,280
03/06/2002,ILM,NC,ASO,EN,Towers with Radar,11,41,46,32,130,0,2,82,13,97,11,43,128,45,227,24,34,58,285
03/07/2002,ILM,NC,ASO,EN,Towers with Radar,12,44,63,0,119,0,3,92,0,95,12,47,155,0,214,48,0,48,262
03/08/2002,ILM,NC,ASO,EN,Towers with Radar,12,45,48,0,105,0,2,66,0,68,12,47,114,0,173,58,0,58,231
03/09/2002,ILM,NC,ASO,EN,Towers with Radar,10,31,68,1,110,0,0,63,2,65,10,31,131,3,175,62,0,62,237
03/10/2002,ILM,NC,ASO,EN,Towers with Radar,12,27,51,0,90,0,0,101,0,101,12,27,152,0,191,58,0,58,249
03/11/2002,ILM,NC,ASO,EN,Towers with Radar,12,40,47,0,99,0,1,41,4,46,12,41,88,4,145,8,0,8,153
03/12/2002,ILM,NC,ASO,EN,Towers with Radar,13,43,56,0,112,0,0,16,0,16,13,43,72,0,128,24,0,24,152
03/13/2002,ILM,NC,ASO,EN,Towers with Radar,11,48,63,1,123,0,0,13,2,15,11,48,76,3,138,26,8,34,172
03/14/2002,ILM,NC,ASO,EN,Towers with Radar,11,42,53,9,115,0,2,70,11,83,11,44,123,20,198,32,42,74,272
03/15/2002,ILM,NC,ASO,EN,Towers with Radar,11,53,74,30,168,0,1,74,5,80,11,54,148,35,248,26,12,38,286
03/16/2002,ILM,NC,ASO,EN,Towers with Radar,8,29,40,0,77,3,10,112,0,125,11,39,152,0,202,66,0,66,268
03/17/2002,ILM,NC,ASO,EN,Towers with Radar,14,33,89,2,138,0,0,9,1,10,14,33,98,3,148,18,0,18,166
03/18/2002,ILM,NC,ASO,EN,Towers with Radar,10,64,83,4,161,0,1,18,2,21,10,65,101,6,182,42,8,50,232
03/19/2002,ILM,NC,ASO,EN,Towers with Radar,9,42,47,16,114,0,0,25,2,27,9,42,72,18,141,38,2,40,181
03/20/2002,ILM,NC,ASO,EN,Towers with Radar,11,54,55,19,139,0,0,26,6,32,11,54,81,25,171,12,12,24,195
03/21/2002,ILM,NC,ASO,EN,Towers with Radar,11,46,77,18,152,0,0,16,3,19,11,46,93,21,171,10,28,38,209
03/22/2002,ILM,NC,ASO,EN,Towers with Radar,10,53,77,3,143,0,1,85,11,97,10,54,162,14,240,56,18,74,314
03/23/2002,ILM,NC,ASO,EN,Towers with Radar,9,36,60,5,110,0,15,112,1,128,9,51,172,6,238,58,0,58,296
03/24/2002,ILM,NC,ASO,EN,Towers with Radar,9,34,69,12,124,0,0,72,1,73,9,34,141,13,197,48,8,56,253
03/25/2002,ILM,NC,ASO,EN,Towers with Radar,10,42,69,10,131,0,1,74,2,77,10,43,143,12,208,20,2,22,230
03/26/2002,ILM,NC,ASO,EN,Towers with Radar,9,44,59,13,125,0,1,31,2,34,9,45,90,15,159,24,16,40,199
03/27/2002,ILM,NC,ASO,EN,Towers with Radar,11,49,107,45,212,0,1,63,17,81,11,50,170,62,293,38,18,56,349
03/28/2002,ILM,NC,ASO,EN,Towers with Radar,12,43,105,17,177,0,1,118,2,121,12,44,223,19,298,56,8,64,362
03/29/2002,ILM,NC,ASO,EN,Towers with Radar,11,57,58,23,149,0,9,103,8,120,11,66,161,31,269,94,40,134,403
03/30/2002,ILM,NC,ASO,EN,Towers with Radar,10,43,74,0,127,0,2,32,0,34,10,45,106,0,161,78,0,78,239
03/31/2002,ILM,NC,ASO,EN,Towers with Radar,6,23,33,0,62,4,6,25,0,35,10,29,58,0,97,12,0,12,109
04/01/2002,ILM,NC,ASO,EN,Towers with Radar,11,34,110,9,164,0,4,71,1,76,11,38,181,10,240,40,18,58,298
04/02/2002,ILM,NC,ASO,EN,Towers with Radar,10,46,64,25,145,1,0,65,4,70,11,46,129,29,215,8,16,24,239
04/03/2002,ILM,NC,ASO,EN,Towers with Radar,10,43,62,4,119,1,0,56,0,57,11,43,118,4,176,42,2,44,220
04/04/2002,ILM,NC,ASO,EN,Towers with Radar,9,26,71,0,106,3,0,43,0,46,12,26,114,0,152,50,0,50,202
04/05/2002,ILM,NC,ASO,EN,Towers with Radar,11,49,90,11,161,1,2,112,2,117,12,51,202,13,278,72,4,76,354
04/06/2002,ILM,NC,ASO,EN,Towers with Radar,10,29,44,0,83,1,0,95,0,96,11,29,139,0,179,44,0,44,223
04/07/2002,ILM,NC,ASO,EN,Towers with Radar,8,35,109,0,152,1,1,112,0,114,9,36,221,0,266,136,0,136,402
04/08/2002,ILM,NC,ASO,EN,Towers with Radar,11,42,83,2,138,1,1,56,0,58,12,43,139,2,196,80,2,82,278
04/09/2002,ILM,NC,ASO,EN,Towers with Radar,11,45,53,27,136,1,1,50,3,55,12,46,103,30,191,34,34,68,259
04/10/2002,ILM,NC,ASO,EN,Towers with Radar,11,44,6,5,66,0,0,0,2,2,11,44,6,7,68,4,0,4,72
04/11/2002,ILM,NC,ASO,EN,Towers with Radar,11,50,91,12,164,0,0,42,14,56,11,50,133,26,220,54,26,80,300
04/12/2002,ILM,NC,ASO,EN,Towers with Radar,10,45,80,4,139,1,0,67,1,69,11,45,147,5,208,60,0,60,268
04/13/2002,ILM,NC,ASO,EN,Towers with Radar,10,32,61,1,104,0,0,56,1,57,10,32,117,2,161,103,0,103,264
04/14/2002,ILM,NC,ASO,EN,Towers with Radar,10,32,67,3,112,0,0,70,1,71,10,32,137,4,183,132,0,132,315
04/15/2002,ILM,NC,ASO,EN,Towers with Radar,10,38,67,8,123,1,8,46,6,61,11,46,113,14,184,142,0,142,326
04/16/2002,ILM,NC,ASO,EN,Towers with Radar,10,31,56,5,102,0,20,100,2,122,10,51,156,7,224,94,6,100,324
04/17/2002,ILM,NC,ASO,EN,Towers with Radar,11,43,55,21,130,0,3,96,4,103,11,46,151,25,233,86,12,98,331
04/18/2002,ILM,NC,ASO,EN,Towers with Radar,14,44,55,0,113,0,2,59,0,61,14,46,114,0,174,32,0,32,206
04/19/2002,ILM,NC,ASO,EN,Towers with Radar,11,47,61,15,134,0,1,83,7,91,11,48,144,22,225,104,10,114,339
04/20/2002,ILM,NC,ASO,EN,Towers with Radar,13,33,65,5,116,0,1,41,2,44,13,34,106,7,160,12,6,18,178
04/21/2002,ILM,NC,ASO,EN,Towers with Radar,11,41,78,0,130,0,0,68,2,70,11,41,146,2,200,102,0,102,302
04/22/2002,ILM,NC,ASO,EN,Towers with Radar,11,45,73,3,132,0,1,41,5,47,11,46,114,8,179,42,4,46,225
04/23/2002,ILM,NC,ASO,EN,Towers with Radar,11,42,69,27,149,0,2,88,15,105,11,44,157,42,254,98,34,132,386
04/24/2002,ILM,NC,ASO,EN,Towers with Radar,14,39,73,22,148,0,6,90,12,108,14,45,163,34,256,88,22,110,366
04/25/2002,ILM,NC,ASO,EN,Towers with Radar,12,47,68,0,127,0,1,21,2,24,12,48,89,2,151,18,0,18,169
04/26/2002,ILM,NC,ASO,EN,Towers with Radar,11,43,84,2,140,0,3,65,2,70,11,46,149,4,210,46,2,48,258
04/27/2002,ILM,NC,ASO,EN,Towers with Radar,11,34,71,5,121,0,0,30,2,32,11,34,101,7,153,38,18,56,209
04/28/2002,ILM,NC,ASO,EN,Towers with Radar,8,26,67,6,107,0,3,35,4,42,8,29,102,10,149,64,0,64,213
04/29/2002,ILM,NC,ASO,EN,Towers with Radar,12,35,54,15,116,0,2,38,7,47,12,37,92,22,163,0,12,12,175
04/30/2002,ILM,NC,ASO,EN,Towers with Radar,11,39,63,37,150,0,1,87,20,108,11,40,150,57,258,46,52,98,356
05/01/2002,ILM,NC,ASO,EN,Towers with Radar,11,39,61,4,115,0,1,55,2,58,11,40,116,6,173,116,8,124,297
05/02/2002,ILM,NC,ASO,EN,Towers with Radar,11,44,51,5,111,0,1,59,4,64,11,45,110,9,175,80,22,102,277
05/03/2002,ILM,NC,ASO,EN,Towers with Radar,13,47,44,24,128,0,1,43,5,49,13,48,87,29,177,58,22,80,257
05/04/2002,ILM,NC,ASO,EN,Towers with Radar,7,22,32,6,67,6,0,1,0,7,13,22,33,6,74,0,8,8,82
05/05/2002,ILM,NC,ASO,EN,Towers with Radar,13,39,48,2,102,0,0,56,0,56,13,39,104,2,158,66,0,66,224
05/06/2002,ILM,NC,ASO,EN,Towers with Radar,13,44,57,23,137,0,1,66,2,69,13,45,123,25,206,54,44,98,304
05/07/2002,ILM,NC,ASO,EN,Towers with Radar,11,42,56,48,157,0,3,64,6,73,11,45,120,54,230,62,68,130,360
05/08/2002,ILM,NC,ASO,EN,Towers with Radar,11,43,48,53,155,0,1,63,3,67,11,44,111,56,222,54,36,90,312
05/09/2002,ILM,NC,ASO,EN,Towers with Radar,10,40,53,13,116,0,1,65,9,75,10,41,118,22,191,92,14,106,297
05/10/2002,ILM,NC,ASO,EN,Towers with Radar,13,45,60,7,125,1,3,53,10,67,14,48,113,17,192,64,14,78,270
05/11/2002,ILM,NC,ASO,EN,Towers with Radar,11,39,33,2,85,1,0,33,2,36,12,39,66,4,121,22,4,26,147
05/12/2002,ILM,NC,ASO,EN,Towers with Radar,7,34,48,6,95,1,0,55,1,57,8,34,103,7,152,84,0,84,236
05/13/2002,ILM,NC,ASO,EN,Towers with Radar,11,34,48,4,97,0,2,18,1,21,11,36,66,5,118,20,0,20,138
05/14/2002,ILM,NC,ASO,EN,Towers with Radar,11,42,63,45,161,0,2,67,5,74,11,44,130,50,235,72,86,158,393
05/15/2002,ILM,NC,ASO,EN,Towers with Radar,11,43,54,28,136,0,2,107,0,109,11,45,161,28,245,96,32,128,373
05/16/2002,ILM,NC,ASO,EN,Towers with Radar,11,46,67,19,143,0,0,102,23,125,11,46,169,42,268,74,6,80,348
05/17/2002,ILM,NC,ASO,EN,Towers with Radar,11,37,61,19,128,0,1,44,0,45,11,38,105,19,173,60,28,88,261
05/18/2002,ILM,NC,ASO,EN,Towers with Radar,13,28,14,0,55,0,2,8,0,10,13,30,22,0,65,8,0,8,73
05/19/2002,ILM,NC,ASO,EN,Towers with Radar,12,36,59,2,109,0,1,79,0,80,12,37,138,2,189,76,0,76,265
05/20/2002,ILM,NC,ASO,EN,Towers with Radar,13,45,63,19,140,0,0,81,10,91,13,45,144,29,231,58,28,86,317
05/21/2002,ILM,NC,ASO,EN,Towers with Radar,11,45,53,33,142,0,2,64,6,72,11,47,117,39,214,94,52,146,360
05/22/2002,ILM,NC,ASO,EN,Towers with Radar,11,46,81,21,159,0,3,75,1,79,11,49,156,22,238,38,8,46,284
05/23/2002,ILM,NC,ASO,EN,Towers with Radar,12,42,59,11,124,0,3,133,2,138,12,45,192,13,262,86,20,106,368
05/24/2002,ILM,NC,ASO,EN,Towers with Radar,11,46,74,2,133,0,2,76,3,81,11,48,150,5,214,38,0,38,252
05/25/2002,ILM,NC,ASO,EN,Towers with Radar,11,24,38,0,73,2,1,111,0,114,13,25,149,0,187,86,0,86,273
05/26/2002,ILM,NC,ASO,EN,Towers with Radar,9,16,29,0,54,0,0,64,0,64,9,16,93,0,118,54,0,54,172
05/27/2002,ILM,NC,ASO,EN,Towers with Radar,11,40,75,2,128,0,0,110,1,111,11,40,185,3,239,52,0,52,291
05/28/2002,ILM,NC,ASO,EN,Towers with Radar,10,36,59,10,115,0,4,74,1,79,10,40,133,11,194,42,16,58,252
05/29/2002,ILM,NC,ASO,EN,Towers with Radar,11,58,43,0,112,0,2,22,0,24,11,60,65,0,136,24,0,24,160
05/30/2002,ILM,NC,ASO,EN,Towers with Radar,8,44,58,17,127,0,17,7,5,29,8,61,65,22,156,20,10,30,186
05/31/2002,ILM,NC,ASO,EN,Towers with Radar,10,39,51,9,109,2,7,84,0,93,12,46,135,9,202,50,20,70,272
06/01/2002,ILM,NC,ASO,EN,Towers with Radar,12,24,35,0,71,1,3,106,0,110,13,27,141,0,181,30,0,30,211
06/02/2002,ILM,NC,ASO,EN,Towers with Radar,10,24,43,0,77,0,4,76,0,80,10,28,119,0,157,104,0,104,261
06/03/2002,ILM,NC,ASO,EN,Towers with Radar,12,38,34,2,86,0,8,50,0,58,12,46,84,2,144,10,0,10,154
06/04/2002,ILM,NC,ASO,EN,Towers with Radar,11,41,48,15,115,0,4,65,0,69,11,45,113,15,184,52,8,60,244
06/05/2002,ILM,NC,ASO,EN,Towers with Radar,9,33,49,9,100,2,7,33,15,57,11,40,82,24,157,36,18,54,211
06/06/2002,ILM,NC,ASO,EN,Towers with Radar,11,42,65,12,130,1,2,22,17,42,12,44,87,29,172,16,14,30,202
06/07/2002,ILM,NC,ASO,EN,Towers with Radar,13,48,74,14,149,1,2,12,17,32,14,50,86,31,181,10,10,20,201
06/08/2002,ILM,NC,ASO,EN,Towers with Radar,10,27,55,10,102,0,0,49,12,61,10,27,104,22,163,0,0,0,163
06/09/2002,ILM,NC,ASO,EN,Towers with Radar,9,27,55,0,91,2,0,101,0,103,11,27,156,0,194,60,0,60,254
06/10/2002,ILM,NC,ASO,EN,Towers with Radar,10,36,54,0,100,1,7,70,0,78,11,43,124,0,178,71,0,71,249
06/11/2002,ILM,NC,ASO,EN,Towers with Radar,10,40,59,10,119,1,3,82,0,86,11,43,141,10,205,64,14,78,283
06/12/2002,ILM,NC,ASO,EN,Towers with Radar,11,42,63,12,128,0,5,67,12,84,11,47,130,24,212,48,46,94,306
06/13/2002,ILM,NC,ASO,EN,Towers with Radar,10,43,63,12,128,0,4,61,3,68,10,47,124,15,196,72,10,82,278
06/14/2002,ILM,NC,ASO,EN,Towers with Radar,11,38,70,13,132,0,0,28,39,67,11,38,98,52,199,48,52,100,299
06/15/2002,ILM,NC,ASO,EN,Towers with Radar,8,26,41,0,75,2,0,82,0,84,10,26,123,0,159,54,0,54,213
06/16/2002,ILM,NC,ASO,EN,Towers with Radar,7,20,31,0,58,1,3,111,0,115,8,23,142,0,173,58,0,58,231
06/17/2002,ILM,NC,ASO,EN,Towers with Radar,10,33,50,0,93,2,8,46,0,56,12,41,96,0,149,63,0,63,212
06/18/2002,ILM,NC,ASO,EN,Towers with Radar,12,43,66,11,132,0,3,40,0,43,12,46,106,11,175,40,8,48,223
06/19/2002,ILM,NC,ASO,EN,Towers with Radar,4,26,45,4,79,0,0,0,0,0,4,26,45,4,79,20,8,28,107
06/20/2002,ILM,NC,ASO,EN,Towers with Radar,12,48,73,14,147,0,1,14,7,22,12,49,87,21,169,16,16,32,201
06/21/2002,ILM,NC,ASO,EN,Towers with Radar,11,45,68,0,124,0,9,61,0,70,11,54,129,0,194,0,0,0,194
06/22/2002,ILM,NC,ASO,EN,Towers with Radar,9,26,43,0,78,3,0,45,0,48,12,26,88,0,126,22,0,22,148
06/23/2002,ILM,NC,ASO,EN,Towers with Radar,11,31,55,6,103,2,0,68,0,70,13,31,123,6,173,54,4,58,231
06/24/2002,ILM,NC,ASO,EN,Towers with Radar,9,33,51,8,101,0,11,54,0,65,9,44,105,8,166,28,8,36,202
06/25/2002,ILM,NC,ASO,EN,Towers with Radar,16,47,80,15,158,0,0,73,25,98,16,47,153,40,256,44,28,72,328
06/26/2002,ILM,NC,ASO,EN,Towers with Radar,10,49,75,9,143,0,1,65,0,66,10,50,140,9,209,76,22,98,307
06/27/2002,ILM,NC,ASO,EN,Towers with Radar,12,49,86,7,154,0,0,62,0,62,12,49,148,7,216,20,2,22,238
06/28/2002,ILM,NC,ASO,EN,Towers with Radar,12,42,63,12,129,0,18,45,1,64,12,60,108,13,193,32,16,48,241
06/29/2002,ILM,NC,ASO,EN,Towers with Radar,9,22,44,0,75,0,0,64,0,64,9,22,108,0,139,44,1,45,184
06/30/2002,ILM,NC,ASO,EN,Towers with Radar,9,29,48,0,86,2,0,80,0,82,11,29,128,0,168,74,0,74,242
07/01/2002,ILM,NC,ASO,EN,Towers with Radar,9,36,54,10,109,1,0,76,3,80,10,36,130,13,189,62,8,70,259
07/02/2002,ILM,NC,ASO,EN,Towers with Radar,12,44,69,8,133,0,0,66,0,66,12,44,135,8,199,38,9,47,246
07/03/2002,ILM,NC,ASO,EN,Towers with Radar,11,49,77,4,141,0,1,62,5,68,11,50,139,9,209,28,22,50,259
07/04/2002,ILM,NC,ASO,EN,Towers with Radar,11,18,23,0,52,0,0,0,0,0,11,18,23,0,52,40,0,40,92
07/05/2002,ILM,NC,ASO,EN,Towers with Radar,10,37,38,0,85,0,1,47,0,48,10,38,85,0,133,40,0,40,173
07/06/2002,ILM,NC,ASO,EN,Towers with Radar,10,21,45,0,76,0,0,24,0,24,10,21,69,0,100,60,0,60,160
07/07/2002,ILM,NC,ASO,EN,Towers with Radar,11,30,60,1,102,0,0,92,0,92,11,30,152,1,194,70,0,70,264
07/08/2002,ILM,NC,ASO,EN,Towers with Radar,12,42,53,18,125,0,2,84,2,88,12,44,137,20,213,78,30,108,321
07/09/2002,ILM,NC,ASO,EN,Towers with Radar,11,47,58,22,138,0,3,88,4,95,11,50,146,26,233,72,8,80,313
07/10/2002,ILM,NC,ASO,EN,Towers with Radar,11,45,44,11,111,0,0,77,6,83,11,45,121,17,194,72,24,96,290
07/11/2002,ILM,NC,ASO,EN,Towers with Radar,11,39,62,0,112,0,0,27,0,27,11,39,89,0,139,24,0,24,163
07/12/2002,ILM,NC,ASO,EN,Towers with Radar,11,50,78,1,140,0,1,59,1,61,11,51,137,2,201,52,0,52,253
07/13/2002,ILM,NC,ASO,EN,Towers with Radar,12,20,53,0,85,0,0,21,0,21,12,20,74,0,106,36,0,36,142
07/14/2002,ILM,NC,ASO,EN,Towers with Radar,10,25,50,0,85,0,0,28,0,28,10,25,78,0,113,32,0,32,145
07/15/2002,ILM,NC,ASO,EN,Towers with Radar,13,44,34,13,104,0,1,52,2,55,13,45,86,15,159,34,6,40,199
07/16/2002,ILM,NC,ASO,EN,Towers with Radar,12,41,56,8,117,0,6,63,21,90,12,47,119,29,207,72,10,82,289
07/17/2002,ILM,NC,ASO,EN,Towers with Radar,11,46,57,7,121,0,2,85,2,89,11,48,142,9,210,40,20,60,270
07/18/2002,ILM,NC,ASO,EN,Towers with Radar,11,47,65,14,137,0,1,70,6,77,11,48,135,20,214,82,16,98,312
07/19/2002,ILM,NC,ASO,EN,Towers with Radar,11,47,80,12,150,0,1,67,0,68,11,48,147,12,218,32,6,38,256
07/20/2002,ILM,NC,ASO,EN,Towers with Radar,12,24,43,12,91,0,0,74,3,77,12,24,117,15,168,48,14,62,230
07/21/2002,ILM,NC,ASO,EN,Towers with Radar,11,33,50,0,94,0,0,78,0,78,11,33,128,0,172,32,0,32,204
07/22/2002,ILM,NC,ASO,EN,Towers with Radar,14,41,54,16,125,0,0,55,0,55,14,41,109,16,180,44,2,46,226
07/23/2002,ILM,NC,ASO,EN,Towers with Radar,8,40,58,3,109,0,0,34,1,35,8,40,92,4,144,2,0,2,146
07/24/2002,ILM,NC,ASO,EN,Towers with Radar,11,53,43,2,109,0,0,19,2,21,11,53,62,4,130,6,6,12,142
07/25/2002,ILM,NC,ASO,EN,Towers with Radar,12,50,64,6,132,0,0,50,1,51,12,50,114,7,183,70,16,86,269
07/26/2002,ILM,NC,ASO,EN,Towers with Radar,11,55,76,42,184,0,0,41,8,49,11,55,117,50,233,56,18,74,307
07/27/2002,ILM,NC,ASO,EN,Towers with Radar,11,20,55,0,86,0,0,74,0,74,11,20,129,0,160,30,0,30,190
07/28/2002,ILM,NC,ASO,EN,Towers with Radar,12,37,45,0,94,0,0,89,0,89,12,37,134,0,183,34,0,34,217
07/29/2002,ILM,NC,ASO,EN,Towers with Radar,11,49,51,0,111,0,1,94,0,95,11,50,145,0,206,106,0,106,312
07/30/2002,ILM,NC,ASO,EN,Towers with Radar,11,43,47,15,116,0,0,77,2,79,11,43,124,17,195,78,10,88,283
07/31/2002,ILM,NC,ASO,EN,Towers with Radar,11,41,57,0,109,1,8,62,0,71,12,49,119,0,180,44,0,44,224
08/01/2002,ILM,NC,ASO,EN,Towers with Radar,11,41,79,15,146,0,0,99,2,101,11,41,178,17,247,75,9,84,331
08/02/2002,ILM,NC,ASO,EN,Towers with Radar,10,46,69,10,135,0,2,98,1,101,10,48,167,11,236,70,0,70,306
08/03/2002,ILM,NC,ASO,EN,Towers with Radar,11,25,38,0,74,0,0,114,0,114,11,25,152,0,188,54,0,54,242
08/04/2002,ILM,NC,ASO,EN,Towers with Radar,13,24,59,0,96,0,0,53,0,53,13,24,112,0,149,36,0,36,185
08/05/2002,ILM,NC,ASO,EN,Towers with Radar,11,40,58,5,114,0,1,61,11,73,11,41,119,16,187,80,10,90,277
08/06/2002,ILM,NC,ASO,EN,Towers with Radar,11,46,68,15,140,0,0,55,5,60,11,46,123,20,200,28,26,54,254
08/07/2002,ILM,NC,ASO,EN,Towers with Radar,11,50,58,1,120,0,1,74,1,76,11,51,132,2,196,40,0,40,236
08/08/2002,ILM,NC,ASO,EN,Towers with Radar,11,49,52,13,125,0,1,77,3,81,11,50,129,16,206,38,0,38,244
08/09/2002,ILM,NC,ASO,EN,Towers with Radar,14,50,72,11,147,0,0,98,1,99,14,50,170,12,246,58,0,58,304
08/10/2002,ILM,NC,ASO,EN,Towers with Radar,12,32,36,0,80,1,0,114,0,115,13,32,150,0,195,52,0,52,247
08/11/2002,ILM,NC,ASO,EN,Towers with Radar,11,36,38,0,85,0,0,80,0,80,11,36,118,0,165,16,0,16,181
08/12/2002,ILM,NC,ASO,EN,Towers with Radar,10,39,40,5,94,0,9,84,2,95,10,48,124,7,189,70,4,74,263
08/13/2002,ILM,NC,ASO,EN,Towers with Radar,11,52,60,35,158,0,3,57,4,64,11,55,117,39,222,34,46,80,302
08/14/2002,ILM,NC,ASO,EN,Towers with Radar,12,60,86,27,185,0,2,51,6,59,12,62,137,33,244,40,26,66,310
08/15/2002,ILM,NC,ASO,EN,Towers with Radar,11,47,74,6,138,0,0,47,6,53,11,47,121,12,191,84,6,90,281
08/16/2002,ILM,NC,ASO,EN,Towers with Radar,11,44,57,8,120,0,10,19,2,31,11,54,76,10,151,32,4,36,187
08/17/2002,ILM,NC,ASO,EN,Towers with Radar,11,29,45,0,85,0,0,42,0,42,11,29,87,0,127,14,0,14,141
08/18/2002,ILM,NC,ASO,EN,Towers with Radar,11,31,42,0,84,0,0,80,0,80,11,31,122,0,164,10,0,10,174
08/19/2002,ILM,NC,ASO,EN,Towers with Radar,12,42,47,1,102,0,0,69,2,71,12,42,116,3,173,102,0,102,275
08/20/2002,ILM,NC,ASO,EN,Towers with Radar,10,46,43,3,102,0,1,66,0,67,10,47,109,3,169,46,0,46,215
08/21/2002,ILM,NC,ASO,EN,Towers with Radar,11,43,46,27,127,0,0,60,2,62,11,43,106,29,189,6,36,42,231
08/22/2002,ILM,NC,ASO,EN,Towers with Radar,10,44,63,13,130,0,1,69,5,75,10,45,132,18,205,66,6,72,277
08/23/2002,ILM,NC,ASO,EN,Towers with Radar,11,41,72,7,131,0,3,58,2,63,11,44,130,9,194,2,22,24,218
08/24/2002,ILM,NC,ASO,EN,Towers with Radar,8,27,35,1,71,4,0,53,0,57,12,27,88,1,128,22,0,22,150
08/25/2002,ILM,NC,ASO,EN,Towers with Radar,12,30,44,0,86,0,1,56,2,59,12,31,100,2,145,56,0,56,201
08/26/2002,ILM,NC,ASO,EN,Towers with Radar,12,42,62,22,138,0,0,20,4,24,12,42,82,26,162,38,4,42,204
08/27/2002,ILM,NC,ASO,EN,Towers with Radar,12,50,36,4,102,0,4,23,1,28,12,54,59,5,130,54,4,58,188
08/28/2002,ILM,NC,ASO,EN,Towers with Radar,11,49,39,2,101,0,0,15,0,15,11,49,54,2,116,34,6,40,156
08/29/2002,ILM,NC,ASO,EN,Towers with Radar,11,58,72,10,151,0,0,9,1,10,11,58,81,11,161,48,12,60,221
08/30/2002,ILM,NC,ASO,EN,Towers with Radar,2,10,13,0,25,2,4,2,0,8,4,14,15,0,33,0,0,0,33
08/31/2002,ILM,NC,ASO,EN,Towers with Radar,13,26,44,0,83,0,0,19,0,19,13,26,63,0,102,22,0,22,124
09/01/2002,ILM,NC,ASO,EN,Towers with Radar,8,28,27,0,63,1,0,9,2,12,9,28,36,2,75,16,0,16,91
09/02/2002,ILM,NC,ASO,EN,Towers with Radar,11,23,71,0,105,0,0,6,0,6,11,23,77,0,111,14,0,14,125
09/03/2002,ILM,NC,ASO,EN,Towers with Radar,11,53,51,25,140,0,0,68,4,72,11,53,119,29,212,54,42,96,308
09/04/2002,ILM,NC,ASO,EN,Towers with Radar,11,53,64,10,138,0,0,63,2,65,11,53,127,12,203,48,12,60,263
09/05/2002,ILM,NC,ASO,EN,Towers with Radar,11,50,74,11,146,0,0,61,5,66,11,50,135,16,212,60,12,72,284
09/06/2002,ILM,NC,ASO,EN,Towers with Radar,11,50,45,11,117,0,2,87,2,91,11,52,132,13,208,72,10,82,290
09/07/2002,ILM,NC,ASO,EN,Towers with Radar,12,28,38,2,80,0,0,73,6,79,12,28,111,8,159,38,0,38,197
09/08/2002,ILM,NC,ASO,EN,Towers with Radar,12,31,70,14,127,0,0,79,5,84,12,31,149,19,211,60,4,64,275
09/09/2002,ILM,NC,ASO,EN,Towers with Radar,11,41,59,2,113,0,0,33,6,39,11,41,92,8,152,22,2,24,176
09/10/2002,ILM,NC,ASO,EN,Towers with Radar,11,37,26,6,80,0,2,17,0,19,11,39,43,6,99,0,0,0,99
09/11/2002,ILM,NC,ASO,EN,Towers with Radar,11,41,59,7,118,0,0,72,0,72,11,41,131,7,190,54,12,66,256
09/12/2002,ILM,NC,ASO,EN,Towers with Radar,11,38,64,5,118,0,2,80,0,82,11,40,144,5,200,6,0,6,206
09/13/2002,ILM,NC,ASO,EN,Towers with Radar,12,53,52,9,126,0,1,59,0,60,12,54,111,9,186,28,0,28,214
09/14/2002,ILM,NC,ASO,EN,Towers with Radar,9,25,10,0,44,0,0,16,0,16,9,25,26,0,60,8,0,8,68
09/15/2002,ILM,NC,ASO,EN,Towers with Radar,12,32,37,5,86,0,0,38,0,38,12,32,75,5,124,56,4,60,184
09/16/2002,ILM,NC,ASO,EN,Towers with Radar,8,35,46,7,96,3,4,15,0,22,11,39,61,7,118,16,2,18,136
09/17/2002,ILM,NC,ASO,EN,Towers with Radar,11,47,61,10,129,0,0,67,0,67,11,47,128,10,196,50,10,60,256
09/18/2002,ILM,NC,ASO,EN,Towers with Radar,11,59,44,4,118,0,0,25,0,25,11,59,69,4,143,34,0,34,177
09/19/2002,ILM,NC,ASO,EN,Towers with Radar,11,44,57,24,136,0,2,63,0,65,11,46,120,24,201,106,16,122,323
09/20/2002,ILM,NC,ASO,EN,Towers with Radar,11,44,67,9,131,0,2,87,1,90,11,46,154,10,221,34,0,34,255
09/21/2002,ILM,NC,ASO,EN,Towers with Radar,11,29,35,0,75,0,0,120,0,120,11,29,155,0,195,16,0,16,211
09/22/2002,ILM,NC,ASO,EN,Towers with Radar,8,28,73,4,113,0,0,100,0,100,8,28,173,4,213,58,8,66,279
09/23/2002,ILM,NC,ASO,EN,Towers with Radar,7,36,53,47,143,0,2,25,5,32,7,38,78,52,175,30,46,76,251
09/24/2002,ILM,NC,ASO,EN,Towers with Radar,6,53,48,9,116,0,0,32,4,36,6,53,80,13,152,14,14,28,180
09/25/2002,ILM,NC,ASO,EN,Towers with Radar,8,45,75,5,133,0,0,4,1,5,8,45,79,6,138,28,0,28,166
09/26/2002,ILM,NC,ASO,EN,Towers with Radar,7,51,61,0,119,0,6,23,0,29,7,57,84,0,148,68,0,68,216
09/27/2002,ILM,NC,ASO,EN,Towers with Radar,9,48,57,17,131,2,0,20,0,22,11,48,77,17,153,42,0,42,195
09/28/2002,ILM,NC,ASO,EN,Towers with Radar,9,28,39,0,76,0,0,68,0,68,9,28,107,0,144,36,0,36,180
09/29/2002,ILM,NC,ASO,EN,Towers with Radar,7,32,66,0,105,0,0,74,2,76,7,32,140,2,181,18,0,18,199
09/30/2002,ILM,NC,ASO,EN,Towers with Radar,11,46,49,15,121,0,0,50,2,52,11,46,99,17,173,42,8,50,223
10/01/2002,ILM,NC,ASO,EN,Towers with Radar,7,42,70,2,121,1,3,51,4,59,8,45,121,6,180,2,14,16,196
10/02/2002,ILM,NC,ASO,EN,Towers with Radar,9,43,58,21,131,0,1,80,5,86,9,44,138,26,217,42,32,74,291
10/03/2002,ILM,NC,ASO,EN,Towers with Radar,10,44,69,8,131,0,3,53,1,57,10,47,122,9,188,128,18,146,334
10/04/2002,ILM,NC,ASO,EN,Towers with Radar,13,48,58,3,122,0,2,52,0,54,13,50,110,3,176,12,0,12,188
10/05/2002,ILM,NC,ASO,EN,Towers with Radar,9,30,20,0,59,0,1,111,0,112,9,31,131,0,171,56,0,56,227
10/06/2002,ILM,NC,ASO,EN,Towers with Radar,9,33,54,0,96,0,1,56,0,57,9,34,110,0,153,14,0,14,167
10/07/2002,ILM,NC,ASO,EN,Towers with Radar,13,44,38,36,131,0,0,40,1,41,13,44,78,37,172,18,30,48,220
10/08/2002,ILM,NC,ASO,EN,Towers with Radar,13,47,46,19,125,0,1,22,0,23,13,48,68,19,148,46,22,68,216
10/09/2002,ILM,NC,ASO,EN,Towers with Radar,11,61,50,21,143,0,2,52,4,58,11,63,102,25,201,114,42,156,357
10/10/2002,ILM,NC,ASO,EN,Towers with Radar,10,53,99,10,172,0,1,32,0,33,10,54,131,10,205,20,4,24,229
10/11/2002,ILM,NC,ASO,EN,Towers with Radar,11,43,46,14,114,0,0,0,0,0,11,43,46,14,114,0,0,0,114
10/12/2002,ILM,NC,ASO,EN,Towers with Radar,11,33,41,1,86,0,1,67,0,68,11,34,108,1,154,52,0,52,206
10/13/2002,ILM,NC,ASO,EN,Towers with Radar,11,26,38,1,76,0,1,43,0,44,11,27,81,1,120,24,0,24,144
10/14/2002,ILM,NC,ASO,EN,Towers with Radar,10,41,57,1,109,0,2,17,0,19,10,43,74,1,128,12,0,12,140
10/15/2002,ILM,NC,ASO,EN,Towers with Radar,10,47,22,10,89,0,0,1,0,1,10,47,23,10,90,0,0,0,90
10/16/2002,ILM,NC,ASO,EN,Towers with Radar,10,45,57,10,122,0,0,38,38,76,10,45,95,48,198,20,22,42,240
10/17/2002,ILM,NC,ASO,EN,Towers with Radar,10,45,81,3,139,0,0,94,1,95,10,45,175,4,234,19,6,25,259
10/18/2002,ILM,NC,ASO,EN,Towers with Radar,10,42,76,6,134,0,1,122,0,123,10,43,198,6,257,40,4,44,301
10/19/2002,ILM,NC,ASO,EN,Towers with Radar,13,27,18,0,58,0,0,93,0,93,13,27,111,0,151,70,0,70,221
10/20/2002,ILM,NC,ASO,EN,Towers with Radar,9,33,55,0,97,0,0,52,0,52,9,33,107,0,149,10,0,10,159
10/21/2002,ILM,NC,ASO,EN,Towers with Radar,11,46,34,3,94,0,0,14,1,15,11,46,48,4,109,50,2,52,161
10/22/2002,ILM,NC,ASO,EN,Towers with Radar,10,45,54,25,134,0,0,8,1,9,10,45,62,26,143,4,0,4,147
10/23/2002,ILM,NC,ASO,EN,Towers with Radar,13,45,55,9,122,0,3,64,3,70,13,48,119,12,192,82,4,86,278
10/24/2002,ILM,NC,ASO,EN,Towers with Radar,10,46,69,3,128,0,3,9,0,12,10,49,78,3,140,12,0,12,152
10/25/2002,ILM,NC,ASO,EN,Towers with Radar,10,44,64,39,157,0,0,9,3,12,10,44,73,42,169,16,44,60,229
10/26/2002,ILM,NC,ASO,EN,Towers with Radar,8,30,38,7,83,3,1,35,2,41,11,31,73,9,124,28,30,58,182
10/27/2002,ILM,NC,ASO,EN,Towers with Radar,10,33,71,3,117,0,0,87,0,87,10,33,158,3,204,38,6,44,248
10/28/2002,ILM,NC,ASO,EN,Towers with Radar,9,40,31,3,83,0,2,10,0,12,9,42,41,3,95,24,0,24,119
10/29/2002,ILM,NC,ASO,EN,Towers with Radar,10,42,51,10,113,0,0,0,0,0,10,42,51,10,113,0,0,0,113
10/30/2002,ILM,NC,ASO,EN,Towers with Radar,10,50,63,0,123,0,0,0,0,0,10,50,63,0,123,8,0,8,131
10/31/2002,ILM,NC,ASO,EN,Towers with Radar,10,46,59,2,117,0,0,63,0,63,10,46,122,2,180,18,8,26,206
11/01/2002,ILM,NC,ASO,EN,Towers with Radar,11,40,75,0,126,1,2,63,0,66,12,42,138,0,192,4,0,4,196
11/02/2002,ILM,NC,ASO,EN,Towers with Radar,8,30,24,0,62,0,0,130,3,133,8,30,154,3,195,62,0,62,257
11/03/2002,ILM,NC,ASO,EN,Towers with Radar,9,27,70,4,110,0,0,87,9,96,9,27,157,13,206,36,8,44,250
11/04/2002,ILM,NC,ASO,EN,Towers with Radar,8,39,44,41,132,0,0,9,2,11,8,39,53,43,143,26,46,72,215
11/05/2002,ILM,NC,ASO,EN,Towers with Radar,8,41,59,10,118,0,0,21,2,23,8,41,80,12,141,30,10,40,181
11/06/2002,ILM,NC,ASO,EN,Towers with Radar,8,46,41,7,102,0,1,28,2,31,8,47,69,9,133,6,14,20,153
11/07/2002,ILM,NC,ASO,EN,Towers with Radar,7,47,79,13,146,0,0,53,44,97,7,47,132,57,243,40,78,118,361
11/08/2002,ILM,NC,ASO,EN,Towers with Radar,10,40,62,2,114,0,1,92,2,95,10,41,154,4,209,54,0,54,263
11/09/2002,ILM,NC,ASO,EN,Towers with Radar,8,26,39,0,73,0,0,107,2,109,8,26,146,2,182,40,0,40,222
11/10/2002,ILM,NC,ASO,EN,Towers with Radar,7,29,68,0,104,0,0,31,2,33,7,29,99,2,137,26,0,26,163
11/11/2002,ILM,NC,ASO,EN,Towers with Radar,7,31,33,0,71,0,3,17,0,20,7,34,50,0,91,12,0,12,103
11/12/2002,ILM,NC,ASO,EN,Towers with Radar,9,50,46,1,106,0,1,1,1,3,9,51,47,2,109,0,0,0,109
11/13/2002,ILM,NC,ASO,EN,Towers with Radar,8,53,49,34,144,0,1,22,12,35,8,54,71,46,179,26,56,82,261
11/14/2002,ILM,NC,ASO,EN,Towers with Radar,8,56,77,23,164,0,1,115,11,127,8,57,192,34,291,64,40,104,395
11/15/2002,ILM,NC,ASO,EN,Towers with Radar,8,47,67,11,133,0,4,78,0,82,8,51,145,11,215,64,6,70,285
11/16/2002,ILM,NC,ASO,EN,Towers with Radar,4,20,30,4,58,5,14,8,2,29,9,34,38,6,87,0,0,0,87
11/17/2002,ILM,NC,ASO,EN,Towers with Radar,9,36,3,0,48,0,1,46,0,47,9,37,49,0,95,0,0,0,95
11/18/2002,ILM,NC,ASO,EN,Towers with Radar,9,45,53,3,110,0,2,66,1,69,9,47,119,4,179,22,0,22,201
11/19/2002,ILM,NC,ASO,EN,Towers with Radar,9,42,54,11,116,0,1,61,3,65,9,43,115,14,181,62,18,80,261
11/20/2002,ILM,NC,ASO,EN,Towers with Radar,7,47,63,19,136,0,3,52,7,62,7,50,115,26,198,62,34,96,294
11/21/2002,ILM,NC,ASO,EN,Towers with Radar,8,47,80,19,154,0,3,43,7,53,8,50,123,26,207,92,24,116,323
11/22/2002,ILM,NC,ASO,EN,Towers with Radar,8,42,78,27,155,0,2,50,1,53,8,44,128,28,208,38,32,70,278
11/23/2002,ILM,NC,ASO,EN,Towers with Radar,4,17,31,2,54,1,0,43,0,44,5,17,74,2,98,10,0,10,108
11/24/2002,ILM,NC,ASO,EN,Towers with Radar,8,22,41,0,71,0,0,109,0,109,8,22,150,0,180,78,0,78,258
11/25/2002,ILM,NC,ASO,EN,Towers with Radar,7,47,36,5,95,1,1,62,4,68,8,48,98,9,163,66,28,94,257
11/26/2002,ILM,NC,ASO,EN,Towers with Radar,8,49,71,9,137,0,0,81,0,81,8,49,152,9,218,14,6,20,238
11/27/2002,ILM,NC,ASO,EN,Towers with Radar,8,48,88,12,156,0,2,52,1,55,8,50,140,13,211,54,10,64,275
11/28/2002,ILM,NC,ASO,EN,Towers with Radar,8,15,22,0,45,0,0,47,0,47,8,15,69,0,92,0,0,0,92
11/29/2002,ILM,NC,ASO,EN,Towers with Radar,6,49,26,0,81,0,0,88,0,88,6,49,114,0,169,8,0,8,177
11/30/2002,ILM,NC,ASO,EN,Towers with Radar,8,32,48,0,88,0,1,44,0,45,8,33,92,0,133,30,0,30,163
12/01/2002,ILM,NC,ASO,EN,Towers with Radar,8,42,123,0,173,0,0,92,0,92,8,42,215,0,265,12,0,12,277
12/02/2002,ILM,NC,ASO,EN,Towers with Radar,8,46,46,2,102,1,1,51,0,53,9,47,97,2,155,76,0,76,231
12/03/2002,ILM,NC,ASO,EN,Towers with Radar,10,43,29,15,97,1,0,58,1,60,11,43,87,16,157,37,19,56,213
12/04/2002,ILM,NC,ASO,EN,Towers with Radar,6,38,34,13,91,1,0,17,0,18,7,38,51,13,109,30,8,38,147
12/05/2002,ILM,NC,ASO,EN,Towers with Radar,3,32,17,0,52,2,1,0,0,3,5,33,17,0,55,0,0,0,55
12/06/2002,ILM,NC,ASO,EN,Towers with Radar,6,39,58,7,110,1,3,46,5,55,7,42,104,12,165,32,4,36,201
12/07/2002,ILM,NC,ASO,EN,Towers with Radar,7,25,34,2,68,1,0,86,0,87,8,25,120,2,155,26,0,26,181
12/08/2002,ILM,NC,ASO,EN,Towers with Radar,14,34,49,1,98,1,0,69,0,70,15,34,118,1,168,54,0,54,222
12/09/2002,ILM,NC,ASO,EN,Towers with Radar,10,46,51,13,120,1,0,49,0,50,11,46,100,13,170,26,6,32,202
12/10/2002,ILM,NC,ASO,EN,Towers with Radar,7,38,52,0,97,1,2,0,0,3,8,40,52,0,100,0,2,2,102
12/11/2002,ILM,NC,ASO,EN,Towers with Radar,8,40,51,1,100,0,1,0,0,1,8,41,51,1,101,4,0,4,105
12/12/2002,ILM,NC,ASO,EN,Towers with Radar,8,48,74,12,142,0,0,39,15,54,8,48,113,27,196,36,50,86,282
12/13/2002,ILM,NC,ASO,EN,Towers with Radar,6,46,38,1,91,0,1,0,0,1,6,47,38,1,92,2,0,2,94
12/14/2002,ILM,NC,ASO,EN,Towers with Radar,10,29,15,10,64,0,1,27,2,30,10,30,42,12,94,16,30,46,140
12/15/2002,ILM,NC,ASO,EN,Towers with Radar,7,25,47,1,80,0,1,99,0,100,7,26,146,1,180,78,0,78,258
12/16/2002,ILM,NC,ASO,EN,Towers with Radar,8,40,63,11,122,0,0,79,32,111,8,40,142,43,233,34,28,62,295
12/17/2002,ILM,NC,ASO,EN,Towers with Radar,9,40,45,13,107,0,3,81,3,87,9,43,126,16,194,42,8,50,244
12/18/2002,ILM,NC,ASO,EN,Towers with Radar,8,40,45,7,100,0,3,59,0,62,8,43,104,7,162,12,32,44,206
12/19/2002,ILM,NC,ASO,EN,Towers with Radar,7,49,74,2,132,0,2,21,0,23,7,51,95,2,155,18,0,18,173
12/20/2002,ILM,NC,ASO,EN,Towers with Radar,8,61,54,0,123,0,5,6,0,11,8,66,60,0,134,0,0,0,134
12/21/2002,ILM,NC,ASO,EN,Towers with Radar,8,37,59,9,113,0,0,146,0,146,8,37,205,9,259,76,0,76,335
12/22/2002,ILM,NC,ASO,EN,Towers with Radar,7,31,41,0,79,1,0,64,0,65,8,31,105,0,144,54,0,54,198
12/23/2002,ILM,NC,ASO,EN,Towers with Radar,9,42,54,5,110,0,2,87,0,89,9,44,141,5,199,54,0,54,253
12/24/2002,ILM,NC,ASO,EN,Towers with Radar,8,51,17,0,76,0,1,7,0,8,8,52,24,0,84,10,0,10,94
12/25/2002,ILM,NC,ASO,EN,Towers with Radar,8,24,6,0,38,0,1,1,0,2,8,25,7,0,40,0,0,0,40
12/26/2002,ILM,NC,ASO,EN,Towers with Radar,8,53,92,19,172,0,4,49,0,53,8,57,141,19,225,28,6,34,259
12/27/2002,ILM,NC,ASO,EN,Towers with Radar,8,61,75,23,167,0,4,81,3,88,8,65,156,26,255,22,8,30,285
12/28/2002,ILM,NC,ASO,EN,Towers with Radar,8,38,44,14,104,0,3,66,2,71,8,41,110,16,175,54,16,70,245
12/29/2002,ILM,NC,ASO,EN,Towers with Radar,8,31,42,0,81,4,7,64,0,75,12,38,106,0,156,32,4,36,192
12/30/2002,ILM,NC,ASO,EN,Towers with Radar,8,42,56,35,141,0,2,88,4,94,8,44,144,39,235,74,52,126,361
12/31/2002,ILM,NC,ASO,EN,Towers with Radar,8,43,51,9,111,0,1,27,5,33,8,44,78,14,144,46,12,58,202
01/01/2003,ILM,NC,ASO,EN,Towers with Radar,2,27,33,0,62,7,0,12,0,19,9,27,45,0,81,24,0,24,105
01/02/2003,ILM,NC,ASO,EN,Towers with Radar,7,56,104,12,179,0,0,48,2,50,7,56,152,14,229,6,8,14,243
01/03/2003,ILM,NC,ASO,EN,Towers with Radar,8,67,80,8,163,0,2,27,2,31,8,69,107,10,194,14,2,16,210
01/04/2003,ILM,NC,ASO,EN,Towers with Radar,9,51,82,1,143,0,0,84,2,86,9,51,166,3,229,60,0,60,289
01/05/2003,ILM,NC,ASO,EN,Towers with Radar,4,43,74,0,121,0,0,77,0,77,4,43,151,0,198,60,0,60,258
01/06/2003,ILM,NC,ASO,EN,Towers with Radar,4,41,30,20,95,0,1,56,8,65,4,42,86,28,160,20,28,48,208
01/07/2003,ILM,NC,ASO,EN,Towers with Radar,5,41,40,18,104,0,1,57,13,71,5,42,97,31,175,10,16,26,201
01/08/2003,ILM,NC,ASO,EN,Towers with Radar,4,51,64,45,164,0,2,58,8,68,4,53,122,53,232,82,26,108,340
01/09/2003,ILM,NC,ASO,EN,Towers with Radar,4,45,62,16,127,0,0,68,3,71,4,45,130,19,198,4,26,30,228
01/10/2003,ILM,NC,ASO,EN,Towers with Radar,6,48,41,4,99,0,2,42,1,45,6,50,83,5,144,12,0,12,156
01/11/2003,ILM,NC,ASO,EN,Towers with Radar,2,25,28,7,62,0,2,68,4,74,2,27,96,11,136,88,10,98,234
01/12/2003,ILM,NC,ASO,EN,Towers with Radar,10,34,43,0,87,0,0,59,2,61,10,34,102,2,148,102,0,102,250
01/13/2003,ILM,NC,ASO,EN,Towers with Radar,4,41,50,28,123,0,2,45,5,52,4,43,95,33,175,52,22,74,249
01/14/2003,ILM,NC,ASO,EN,Towers with Radar,4,45,52,38,139,0,1,73,7,81,4,46,125,45,220,53,18,71,291
01/15/2003,ILM,NC,ASO,EN,Towers with Radar,5,46,47,8,106,0,0,99,3,102,5,46,146,11,208,84,6,90,298
01/16/2003,ILM,NC,ASO,EN,Towers with Radar,4,45,56,15,120,0,0,55,2,57,4,45,111,17,177,38,8,46,223
01/17/2003,ILM,NC,ASO,EN,Towers with Radar,4,41,40,9,94,0,0,13,1,14,4,41,53,10,108,6,0,6,114
01/18/2003,ILM,NC,ASO,EN,Towers with Radar,3,32,17,15,67,0,0,112,1,113,3,32,129,16,180,80,24,104,284
01/19/2003,ILM,NC,ASO,EN,Towers with Radar,10,28,37,0,75,0,0,1,0,1,10,28,38,0,76,60,0,60,136
01/20/2003,ILM,NC,ASO,EN,Towers with Radar,6,50,64,0,120,0,4,56,0,60,6,54,120,0,180,10,0,10,190
01/21/2003,ILM,NC,ASO,EN,Towers with Radar,4,45,52,6,107,0,0,39,10,49,4,45,91,16,156,60,26,86,242
01/22/2003,ILM,NC,ASO,EN,Towers with Radar,5,42,43,26,116,0,1,48,9,58,5,43,91,35,174,106,26,132,306
01/23/2003,ILM,NC,ASO,EN,Towers with Radar,1,13,13,3,30,3,9,2,1,15,4,22,15,4,45,0,0,0,45
01/24/2003,ILM,NC,ASO,EN,Towers with Radar,4,37,41,9,91,2,13,3,0,18,6,50,44,9,109,4,0,4,113
01/25/2003,ILM,NC,ASO,EN,Towers with Radar,6,11,14,0,31,0,4,10,0,14,6,15,24,0,45,152,0,152,197
01/26/2003,ILM,NC,ASO,EN,Towers with Radar,2,18,26,1,47,4,0,62,0,66,6,18,88,1,113,70,0,70,183
01/27/2003,ILM,NC,ASO,EN,Towers with Radar,5,45,60,5,115,0,0,52,4,56,5,45,112,9,171,28,68,96,267
01/28/2003,ILM,NC,ASO,EN,Towers with Radar,4,39,38,55,136,0,6,67,8,81,4,45,105,63,217,40,34,74,291
01/29/2003,ILM,NC,ASO,EN,Towers with Radar,4,40,50,39,133,0,0,49,5,54,4,40,99,44,187,10,26,36,223
01/30/2003,ILM,NC,ASO,EN,Towers with Radar,4,56,41,0,101,0,0,2,0,2,4,56,43,0,103,0,0,0,103
01/31/2003,ILM,NC,ASO,EN,Towers with Radar,4,46,48,7,105,0,0,2,1,3,4,46,50,8,108,4,0,4,112
02/01/2003,ILM,NC,ASO,EN,Towers with Radar,3,25,30,0,58,0,0,40,0,40,3,25,70,0,98,38,0,38,136
02/02/2003,ILM,NC,ASO,EN,Towers with Radar,7,24,54,6,91,0,0,115,2,117,7,24,169,8,208,100,8,108,316
02/03/2003,ILM,NC,ASO,EN,Towers with Radar,6,34,28,9,77,0,1,84,6,91,6,35,112,15,168,44,50,94,262
02/04/2003,ILM,NC,ASO,EN,Towers with Radar,4,42,36,2,84,0,0,11,2,13,4,42,47,4,97,8,2,10,107
02/05/2003,ILM,NC,ASO,EN,Towers with Radar,4,49,41,1,95,0,2,71,2,75,4,51,112,3,170,62,0,62,232
02/06/2003,ILM,NC,ASO,EN,Towers with Radar,4,46,55,13,118,0,0,29,0,29,4,46,84,13,147,44,32,76,223
02/07/2003,ILM,NC,ASO,EN,Towers with Radar,11,43,48,0,102,0,0,7,0,7,11,43,55,0,109,8,0,8,117
02/08/2003,ILM,NC,ASO,EN,Towers with Radar,3,26,37,6,72,0,0,113,2,115,3,26,150,8,187,134,0,134,321
02/09/2003,ILM,NC,ASO,EN,Towers with Radar,5,28,66,1,100,0,0,84,2,86,5,28,150,3,186,40,0,40,226
02/10/2003,ILM,NC,ASO,EN,Towers with Radar,6,44,38,2,90,0,0,1,0,1,6,44,39,2,91,0,0,0,91
02/11/2003,ILM,NC,ASO,EN,Towers with Radar,6,47,57,12,122,1,0,53,18,72,7,47,110,30,194,52,52,104,298
02/12/2003,ILM,NC,ASO,EN,Towers with Radar,5,50,50,11,116,0,0,27,2,29,5,50,77,13,145,20,2,22,167
02/13/2003,ILM,NC,ASO,EN,Towers with Radar,5,56,59,15,135,0,0,81,2,83,5,56,140,17,218,56,6,62,280
02/14/2003,ILM,NC,ASO,EN,Towers with Radar,15,46,89,16,166,0,0,55,2,57,15,46,144,18,223,32,12,44,267
02/15/2003,ILM,NC,ASO,EN,Towers with Radar,7,43,48,0,98,0,0,27,0,27,7,43,75,0,125,16,0,16,141
02/16/2003,ILM,NC,ASO,EN,Towers with Radar,2,18,23,0,43,7,8,5,0,20,9,26,28,0,63,0,0,0,63
02/17/2003,ILM,NC,ASO,EN,Towers with Radar,7,25,31,2,65,0,0,0,0,0,7,25,31,2,65,0,0,0,65
02/18/2003,ILM,NC,ASO,EN,Towers with Radar,7,76,107,21,211,0,1,24,4,29,7,77,131,25,240,28,24,52,292
02/19/2003,ILM,NC,ASO,EN,Towers with Radar,5,52,112,31,200,0,1,63,1,65,5,53,175,32,265,54,2,56,321
02/20/2003,ILM,NC,ASO,EN,Towers with Radar,6,56,60,18,140,1,0,45,7,53,7,56,105,25,193,96,20,116,309
02/21/2003,ILM,NC,ASO,EN,Towers with Radar,7,47,87,18,159,0,0,16,2,18,7,47,103,20,177,12,0,12,189
02/22/2003,ILM,NC,ASO,EN,Towers with Radar,9,37,22,0,68,0,0,2,0,2,9,37,24,0,70,10,0,10,80
02/23/2003,ILM,NC,ASO,EN,Towers with Radar,5,44,43,0,92,0,0,23,1,24,5,44,66,1,116,0,0,0,116
02/24/2003,ILM,NC,ASO,EN,Towers with Radar,6,45,45,23,119,0,2,56,0,58,6,47,101,23,177,30,2,32,209
02/25/2003,ILM,NC,ASO,EN,Towers with Radar,6,55,47,36,144,0,0,64,5,69,6,55,111,41,213,70,22,92,305
02/26/2003,ILM,NC,ASO,EN,Towers with Radar,7,47,37,25,116,0,0,23,0,23,7,47,60,25,139,68,12,80,219
02/27/2003,ILM,NC,ASO,EN,Towers with Radar,6,45,40,4,95,0,0,0,0,0,6,45,40,4,95,0,0,0,95
02/28/2003,ILM,NC,ASO,EN,Towers with Radar,7,47,51,28,133,0,3,15,6,24,7,50,66,34,157,22,42,64,221
03/01/2003,ILM,NC,ASO,EN,Towers with Radar,4,32,54,13,103,1,0,20,0,21,5,32,74,13,124,62,24,86,210
03/02/2003,ILM,NC,ASO,EN,Towers with Radar,3,38,63,14,118,0,0,32,0,32,3,38,95,14,150,46,0,46,196
03/03/2003,ILM,NC,ASO,EN,Towers with Radar,6,47,44,8,105,0,0,75,3,78,6,47,119,11,183,40,10,50,233
03/04/2003,ILM,NC,ASO,EN,Towers with Radar,6,49,40,35,130,0,0,51,1,52,6,49,91,36,182,42,26,68,250
03/05/2003,ILM,NC,ASO,EN,Towers with Radar,6,50,60,83,199,0,0,16,5,21,6,50,76,88,220,0,56,56,276
03/06/2003,ILM,NC,ASO,EN,Towers with Radar,6,53,51,22,132,0,1,4,8,13,6,54,55,30,145,22,56,78,223
03/07/2003,ILM,NC,ASO,EN,Towers with Radar,8,55,71,3,137,0,2,2,0,4,8,57,73,3,141,0,0,0,141
03/08/2003,ILM,NC,ASO,EN,Towers with Radar,6,37,56,11,110,0,4,109,6,119,6,41,165,17,229,26,12,38,267
03/09/2003,ILM,NC,ASO,EN,Towers with Radar,6,37,53,32,128,0,0,87,1,88,6,37,140,33,216,78,20,98,314
03/10/2003,ILM,NC,ASO,EN,Towers with Radar,8,45,47,60,160,0,3,64,6,73,8,48,111,66,233,80,64,144,377
03/11/2003,ILM,NC,ASO,EN,Towers with Radar,7,46,55,17,125,0,1,21,10,32,7,47,76,27,157,48,14,62,219
03/12/2003,ILM,NC,ASO,EN,Towers with Radar,6,47,68,26,147,0,1,86,6,93,6,48,154,32,240,42,18,60,300
03/13/2003,ILM,NC,ASO,EN,Towers with Radar,7,48,56,12,123,0,0,25,0,25,7,48,81,12,148,20,20,40,188
03/14/2003,ILM,NC,ASO,EN,Towers with Radar,13,47,76,9,145,0,0,37,1,38,13,47,113,10,183,32,0,32,215
03/15/2003,ILM,NC,ASO,EN,Towers with Radar,12,39,28,2,81,0,0,6,0,6,12,39,34,2,87,0,0,0,87
03/16/2003,ILM,NC,ASO,EN,Towers with Radar,6,37,48,5,96,1,0,69,0,70,7,37,117,5,166,94,0,94,260
03/17/2003,ILM,NC,ASO,EN,Towers with Radar,8,46,65,0,119,0,0,14,0,14,8,46,79,0,133,38,0,38,171
03/18/2003,ILM,NC,ASO,EN,Towers with Radar,6,57,61,26,150,0,0,13,3,16,6,57,74,29,166,0,0,0,166
03/19/2003,ILM,NC,ASO,EN,Towers with Radar,8,46,61,1,116,0,0,1,1,2,8,46,62,2,118,0,0,0,118
03/20/2003,ILM,NC,ASO,EN,Towers with Radar,5,44,26,0,75,0,0,0,0,0,5,44,26,0,75,0,0,0,75
03/21/2003,ILM,NC,ASO,EN,Towers with Radar,6,59,57,0,122,0,1,29,0,30,6,60,86,0,152,28,0,28,180
03/22/2003,ILM,NC,ASO,EN,Towers with Radar,13,28,68,0,109,0,2,96,2,100,13,30,164,2,209,48,0,48,257
03/23/2003,ILM,NC,ASO,EN,Towers with Radar,11,36,59,0,106,0,0,94,1,95,11,36,153,1,201,46,0,46,247
03/24/2003,ILM,NC,ASO,EN,Towers with Radar,6,49,47,32,134,0,0,71,10,81,6,49,118,42,215,86,27,113,328
03/25/2003,ILM,NC,ASO,EN,Towers with Radar,7,49,82,45,183,0,0,61,3,64,7,49,143,48,247,62,22,84,331
03/26/2003,ILM,NC,ASO,EN,Towers with Radar,8,50,50,25,133,0,8,43,2,53,8,58,93,27,186,34,18,52,238
03/27/2003,ILM,NC,ASO,EN,Towers with Radar,6,55,51,7,119,0,0,31,1,32,6,55,82,8,151,44,6,50,201
03/28/2003,ILM,NC,ASO,EN,Towers with Radar,9,59,64,2,134,0,0,26,4,30,9,59,90,6,164,22,0,22,186
03/29/2003,ILM,NC,ASO,EN,Towers with Radar,8,35,66,2,111,0,0,48,0,48,8,35,114,2,159,66,0,66,225
03/30/2003,ILM,NC,ASO,EN,Towers with Radar,8,38,70,0,116,0,0,0,0,0,8,38,70,0,116,0,0,0,116
03/31/2003,ILM,NC,ASO,EN,Towers with Radar,8,55,68,20,151,0,2,47,12,61,8,57,115,32,212,82,22,104,316
04/01/2003,ILM,NC,ASO,EN,Towers with Radar,5,48,67,22,142,1,0,60,3,64,6,48,127,25,206,42,18,60,266
04/02/2003,ILM,NC,ASO,EN,Towers with Radar,6,45,45,11,107,0,0,84,0,84,6,45,129,11,191,72,10,82,273
04/03/2003,ILM,NC,ASO,EN,Towers with Radar,5,44,55,8,112,0,1,71,1,73,5,45,126,9,185,20,8,28,213
04/04/2003,ILM,NC,ASO,EN,Towers with Radar,6,45,62,34,147,0,3,67,1,71,6,48,129,35,218,46,18,64,282
04/05/2003,ILM,NC,ASO,EN,Towers with Radar,6,26,44,4,80,0,1,47,3,51,6,27,91,7,131,41,0,41,172
04/06/2003,ILM,NC,ASO,EN,Towers with Radar,7,33,62,1,103,0,1,46,2,49,7,34,108,3,152,56,0,56,208
04/07/2003,ILM,NC,ASO,EN,Towers with Radar,7,39,44,2,92,0,1,6,0,7,7,40,50,2,99,0,0,0,99
04/08/2003,ILM,NC,ASO,EN,Towers with Radar,5,44,43,7,99,0,0,1,0,1,5,44,44,7,100,0,0,0,100
04/09/2003,ILM,NC,ASO,EN,Towers with Radar,10,43,67,20,140,0,0,1,0,1,10,43,68,20,141,0,0,0,141
04/10/2003,ILM,NC,ASO,EN,Towers with Radar,8,42,51,11,112,0,0,8,3,11,8,42,59,14,123,3,10,13,136
04/11/2003,ILM,NC,ASO,EN,Towers with Radar,13,44,65,13,135,0,0,12,2,14,13,44,77,15,149,0,0,0,149
04/12/2003,ILM,NC,ASO,EN,Towers with Radar,8,25,30,1,64,0,0,1,1,2,8,25,31,2,66,0,0,0,66
04/13/2003,ILM,NC,ASO,EN,Towers with Radar,7,29,39,5,80,0,0,90,3,93,7,29,129,8,173,12,0,12,185
04/14/2003,ILM,NC,ASO,EN,Towers with Radar,8,44,46,7,105,0,0,87,0,87,8,44,133,7,192,82,0,82,274
04/15/2003,ILM,NC,ASO,EN,Towers with Radar,6,43,67,18,134,0,0,79,9,88,6,43,146,27,222,80,28,108,330
04/16/2003,ILM,NC,ASO,EN,Towers with Radar,7,42,60,10,119,2,3,71,30,106,9,45,131,40,225,54,56,110,335
04/17/2003,ILM,NC,ASO,EN,Towers with Radar,12,59,98,19,188,0,0,85,8,93,12,59,183,27,281,88,0,88,369
04/18/2003,ILM,NC,ASO,EN,Towers with Radar,10,48,76,9,143,0,1,33,0,34,10,49,109,9,177,66,56,122,299
04/19/2003,ILM,NC,ASO,EN,Towers with Radar,8,29,38,0,75,0,0,29,0,29,8,29,67,0,104,80,0,80,184
04/20/2003,ILM,NC,ASO,EN,Towers with Radar,5,44,84,0,133,0,0,64,0,64,5,44,148,0,197,84,0,84,281
04/21/2003,ILM,NC,ASO,EN,Towers with Radar,6,47,79,0,132,0,5,63,0,68,6,52,142,0,200,36,2,38,238
04/22/2003,ILM,NC,ASO,EN,Towers with Radar,12,51,59,16,138,0,0,54,3,57,12,51,113,19,195,42,32,74,269
04/23/2003,ILM,NC,ASO,EN,Towers with Radar,9,38,80,9,136,0,6,68,0,74,9,44,148,9,210,44,4,48,258
04/24/2003,ILM,NC,ASO,EN,Towers with Radar,9,45,71,4,129,2,2,73,0,77,11,47,144,4,206,84,3,87,293
04/25/2003,ILM,NC,ASO,EN,Towers with Radar,9,46,61,2,118,0,0,6,0,6,9,46,67,2,124,26,2,28,152
04/26/2003,ILM,NC,ASO,EN,Towers with Radar,6,34,38,0,78,0,0,32,0,32,6,34,70,0,110,20,0,20,130
04/27/2003,ILM,NC,ASO,EN,Towers with Radar,6,32,107,0,145,0,0,64,0,64,6,32,171,0,209,40,0,40,249
04/28/2003,ILM,NC,ASO,EN,Towers with Radar,6,42,55,5,108,0,0,58,2,60,6,42,113,7,168,16,6,22,190
04/29/2003,ILM,NC,ASO,EN,Towers with Radar,6,53,54,22,135,0,0,73,6,79,6,53,127,28,214,20,50,70,284
04/30/2003,ILM,NC,ASO,EN,Towers with Radar,4,27,46,7,84,0,0,18,19,37,4,27,64,26,121,24,28,52,173
05/01/2003,ILM,NC,ASO,EN,Towers with Radar,9,49,57,8,123,0,0,36,5,41,9,49,93,13,164,40,30,70,234
05/02/2003,ILM,NC,ASO,EN,Towers with Radar,11,47,61,26,145,0,0,40,1,41,11,47,101,27,186,74,10,84,270
05/03/2003,ILM,NC,ASO,EN,Towers with Radar,12,29,41,4,86,0,5,58,3,66,12,34,99,7,152,80,2,82,234
05/04/2003,ILM,NC,ASO,EN,Towers with Radar,10,33,61,0,104,0,0,42,0,42,10,33,103,0,146,144,0,144,290
05/05/2003,ILM,NC,ASO,EN,Towers with Radar,12,37,34,16,99,0,0,24,1,25,12,37,58,17,124,34,10,44,168
05/06/2003,ILM,NC,ASO,EN,Towers with Radar,17,49,49,1,116,0,0,3,0,3,17,49,52,1,119,0,0,0,119
05/07/2003,ILM,NC,ASO,EN,Towers with Radar,10,39,66,19,134,0,0,26,46,72,10,39,92,65,206,36,10,46,252
05/08/2003,ILM,NC,ASO,EN,Towers with Radar,6,56,56,28,146,0,1,55,3,59,6,57,111,31,205,66,10,76,281
05/09/2003,ILM,NC,ASO,EN,Towers with Radar,16,51,58,35,160,0,0,63,3,66,16,51,121,38,226,24,30,54,280
05/10/2003,ILM,NC,ASO,EN,Towers with Radar,11,22,22,3,58,0,0,83,0,83,11,22,105,3,141,40,0,40,181
05/11/2003,ILM,NC,ASO,EN,Towers with Radar,7,26,37,1,71,6,0,44,0,50,13,26,81,1,121,46,0,46,167
05/12/2003,ILM,NC,ASO,EN,Towers with Radar,18,29,52,8,107,0,0,49,13,62,18,29,101,21,169,34,16,50,219
05/13/2003,ILM,NC,ASO,EN,Towers with Radar,10,47,54,24,135,0,0,81,0,81,10,47,135,24,216,36,2,38,254
05/14/2003,ILM,NC,ASO,EN,Towers with Radar,10,47,62,37,156,0,3,98,1,102,10,50,160,38,258,84,40,124,382
05/15/2003,ILM,NC,ASO,EN,Towers with Radar,6,49,49,22,126,0,0,12,4,16,6,49,61,26,142,56,2,58,200
05/16/2003,ILM,NC,ASO,EN,Towers with Radar,6,34,45,9,94,0,16,53,0,69,6,50,98,9,163,128,0,128,291
05/17/2003,ILM,NC,ASO,EN,Towers with Radar,12,25,38,13,88,0,0,25,0,25,12,25,63,13,113,58,26,84,197
05/18/2003,ILM,NC,ASO,EN,Towers with Radar,11,27,68,2,108,0,0,0,0,0,11,27,68,2,108,30,0,30,138
05/19/2003,ILM,NC,ASO,EN,Towers with Radar,12,40,56,24,132,0,1,8,2,11,12,41,64,26,143,0,0,0,143
05/20/2003,ILM,NC,ASO,EN,Towers with Radar,10,47,39,10,106,0,0,94,0,94,10,47,133,10,200,44,0,44,244
05/21/2003,ILM,NC,ASO,EN,Towers with Radar,9,51,68,14,142,0,1,64,2,67,9,52,132,16,209,50,18,68,277
05/22/2003,ILM,NC,ASO,EN,Towers with Radar,13,52,58,2,125,0,0,19,0,19,13,52,77,2,144,82,0,82,226
05/23/2003,ILM,NC,ASO,EN,Towers with Radar,10,56,64,2,132,0,0,0,0,0,10,56,64,2,132,0,0,0,132
05/24/2003,ILM,NC,ASO,EN,Towers with Radar,11,23,61,5,100,0,0,32,0,32,11,23,93,5,132,16,0,16,148
05/25/2003,ILM,NC,ASO,EN,Towers with Radar,11,20,30,0,61,0,0,67,0,67,11,20,97,0,128,14,0,14,142
05/26/2003,ILM,NC,ASO,EN,Towers with Radar,11,33,78,3,125,0,0,56,1,57,11,33,134,4,182,84,0,84,266
05/27/2003,ILM,NC,ASO,EN,Towers with Radar,10,42,71,2,125,0,0,5,0,5,10,42,76,2,130,2,0,2,132
05/28/2003,ILM,NC,ASO,EN,Towers with Radar,7,50,75,8,140,0,0,73,4,77,7,50,148,12,217,30,12,42,259
05/29/2003,ILM,NC,ASO,EN,Towers with Radar,11,38,42,47,138,0,0,41,13,54,11,38,83,60,192,28,154,182,374
05/30/2003,ILM,NC,ASO,EN,Towers with Radar,13,37,50,30,130,0,2,103,9,114,13,39,153,39,244,122,144,266,510
05/31/2003,ILM,NC,ASO,EN,Towers with Radar,4,19,25,7,55,3,9,38,3,53,7,28,63,10,108,110,8,118,226
06/01/2003,ILM,NC,ASO,EN,Towers with Radar,12,28,42,1,83,0,0,71,1,72,12,28,113,2,155,86,0,86,241
06/02/2003,ILM,NC,ASO,EN,Towers with Radar,22,22,37,10,91,0,0,95,0,95,22,22,132,10,186,62,30,92,278
06/03/2003,ILM,NC,ASO,EN,Towers with Radar,21,36,44,8,109,0,1,57,0,58,21,37,101,8,167,44,12,56,223
06/04/2003,ILM,NC,ASO,EN,Towers with Radar,21,38,30,30,119,0,0,7,1,8,21,38,37,31,127,12,14,26,153
06/05/2003,ILM,NC,ASO,EN,Towers with Radar,19,36,77,1,133,0,0,77,0,77,19,36,154,1,210,36,0,36,246
06/06/2003,ILM,NC,ASO,EN,Towers with Radar,20,42,46,9,117,0,0,82,3,85,20,42,128,12,202,14,8,22,224
06/07/2003,ILM,NC,ASO,EN,Towers with Radar,8,27,21,1,57,0,0,9,0,9,8,27,30,1,66,8,0,8,74
06/08/2003,ILM,NC,ASO,EN,Towers with Radar,23,20,37,0,80,0,2,13,0,15,23,22,50,0,95,20,0,20,115
06/09/2003,ILM,NC,ASO,EN,Towers with Radar,15,36,51,8,110,0,0,45,0,45,15,36,96,8,155,34,4,38,193
06/10/2003,ILM,NC,ASO,EN,Towers with Radar,18,40,28,1,87,0,0,66,0,66,18,40,94,1,153,12,0,12,165
06/11/2003,ILM,NC,ASO,EN,Towers with Radar,19,29,63,8,119,0,0,46,19,65,19,29,109,27,184,80,58,138,322
06/12/2003,ILM,NC,ASO,EN,Towers with Radar,16,37,71,10,134,0,4,57,3,64,16,41,128,13,198,50,4,54,252
06/13/2003,ILM,NC,ASO,EN,Towers with Radar,18,32,74,1,125,0,0,35,3,38,18,32,109,4,163,34,24,58,221
06/14/2003,ILM,NC,ASO,EN,Towers with Radar,13,23,41,4,81,0,0,46,0,46,13,23,87,4,127,26,2,28,155
06/15/2003,ILM,NC,ASO,EN,Towers with Radar,18,14,55,5,92,0,0,38,0,38,18,14,93,5,130,26,0,26,156
06/16/2003,ILM,NC,ASO,EN,Towers with Radar,14,25,42,3,84,3,11,29,0,43,17,36,71,3,127,22,0,22,149
06/17/2003,ILM,NC,ASO,EN,Towers with Radar,18,32,49,3,102,1,4,0,0,5,19,36,49,3,107,0,0,0,107
06/18/2003,ILM,NC,ASO,EN,Towers with Radar,18,41,64,20,143,0,0,25,5,30,18,41,89,25,173,36,8,44,217
06/19/2003,ILM,NC,ASO,EN,Towers with Radar,18,39,65,7,129,0,0,36,4,40,18,39,101,11,169,66,10,76,245
06/20/2003,ILM,NC,ASO,EN,Towers with Radar,19,36,60,24,139,0,0,30,5,35,19,36,90,29,174,22,8,30,204
06/21/2003,ILM,NC,ASO,EN,Towers with Radar,19,25,29,0,73,0,2,77,1,80,19,27,106,1,153,112,0,112,265
06/22/2003,ILM,NC,ASO,EN,Towers with Radar,17,25,82,0,124,0,0,106,0,106,17,25,188,0,230,88,0,88,318
06/23/2003,ILM,NC,ASO,EN,Towers with Radar,15,40,63,14,132,0,6,78,1,85,15,46,141,15,217,117,12,129,346
06/24/2003,ILM,NC,ASO,EN,Towers with Radar,18,39,85,22,164,0,1,104,0,105,18,40,189,22,269,95,28,123,392
06/25/2003,ILM,NC,ASO,EN,Towers with Radar,21,29,66,5,121,0,1,70,1,72,21,30,136,6,193,28,8,36,229
06/26/2003,ILM,NC,ASO,EN,Towers with Radar,13,39,96,2,150,0,0,60,0,60,13,39,156,2,210,38,0,38,248
06/27/2003,ILM,NC,ASO,EN,Towers with Radar,18,39,60,2,119,0,2,56,0,58,18,41,116,2,177,82,0,82,259
06/28/2003,ILM,NC,ASO,EN,Towers with Radar,20,22,50,9,101,0,2,38,5,45,20,24,88,14,146,68,54,122,268
06/29/2003,ILM,NC,ASO,EN,Towers with Radar,20,17,66,4,107,0,1,55,0,56,20,18,121,4,163,52,0,52,215
06/30/2003,ILM,NC,ASO,EN,Towers with Radar,16,33,27,3,79,0,1,52,4,57,16,34,79,7,136,44,10,54,190
07/01/2003,ILM,NC,ASO,EN,Towers with Radar,18,41,93,2,154,1,0,38,1,40,19,41,131,3,194,9,16,25,219
07/02/2003,ILM,NC,ASO,EN,Towers with Radar,17,31,33,0,81,1,1,1,0,3,18,32,34,0,84,8,0,8,92
07/03/2003,ILM,NC,ASO,EN,Towers with Radar,22,34,81,8,145,1,0,66,0,67,23,34,147,8,212,140,0,140,352
07/04/2003,ILM,NC,ASO,EN,Towers with Radar,16,10,40,0,66,1,0,76,0,77,17,10,116,0,143,102,0,102,245
07/05/2003,ILM,NC,ASO,EN,Towers with Radar,16,14,39,0,69,1,0,86,0,87,17,14,125,0,156,78,0,78,234
07/06/2003,ILM,NC,ASO,EN,Towers with Radar,20,20,77,0,117,1,0,73,0,74,21,20,150,0,191,26,0,26,217
07/07/2003,ILM,NC,ASO,EN,Towers with Radar,17,32,56,2,107,0,3,38,0,41,17,35,94,2,148,30,0,30,178
07/08/2003,ILM,NC,ASO,EN,Towers with Radar,22,31,54,27,134,0,1,69,4,74,22,32,123,31,208,112,54,166,374
07/09/2003,ILM,NC,ASO,EN,Towers with Radar,24,38,66,21,149,0,4,60,2,66,24,42,126,23,215,42,22,64,279
07/10/2003,ILM,NC,ASO,EN,Towers with Radar,17,30,65,42,154,0,2,55,1,58,17,32,120,43,212,48,48,96,308
07/11/2003,ILM,NC,ASO,EN,Towers with Radar,28,32,48,11,119,0,1,73,0,74,28,33,121,11,193,50,6,56,249
07/12/2003,ILM,NC,ASO,EN,Towers with Radar,18,17,44,13,92,0,1,29,0,30,18,18,73,13,122,0,10,10,132
07/13/2003,ILM,NC,ASO,EN,Towers with Radar,27,12,52,0,91,0,1,44,0,45,27,13,96,0,136,18,0,18,154
07/14/2003,ILM,NC,ASO,EN,Towers with Radar,20,27,38,0,85,0,0,31,0,31,20,27,69,0,116,30,0,30,146
07/15/2003,ILM,NC,ASO,EN,Towers with Radar,24,36,53,35,148,0,6,82,7,95,24,42,135,42,243,100,22,122,365
07/16/2003,ILM,NC,ASO,EN,Towers with Radar,18,26,47,12,103,3,2,137,28,170,21,28,184,40,273,20,16,36,309
07/17/2003,ILM,NC,ASO,EN,Towers with Radar,20,35,66,32,153,0,0,27,0,27,20,35,93,32,180,12,12,24,204
07/18/2003,ILM,NC,ASO,EN,Towers with Radar,15,33,68,18,134,0,0,80,0,80,15,33,148,18,214,46,22,68,282
07/19/2003,ILM,NC,ASO,EN,Towers with Radar,19,14,28,5,66,0,0,35,0,35,19,14,63,5,101,18,4,22,123
07/20/2003,ILM,NC,ASO,EN,Towers with Radar,20,23,66,2,111,0,0,94,0,94,20,23,160,2,205,102,0,102,307
07/21/2003,ILM,NC,ASO,EN,Towers with Radar,20,31,65,17,133,0,0,46,1,47,20,31,111,18,180,44,20,64,244
07/22/2003,ILM,NC,ASO,EN,Towers with Radar,21,41,41,55,158,0,0,35,3,38,21,41,76,58,196,34,38,72,268
07/23/2003,ILM,NC,ASO,EN,Towers with Radar,20,37,59,9,125,0,1,13,0,14,20,38,72,9,139,10,10,20,159
07/24/2003,ILM,NC,ASO,EN,Towers with Radar,17,39,71,14,141,0,3,44,5,52,17,42,115,19,193,80,4,84,277
07/25/2003,ILM,NC,ASO,EN,Towers with Radar,17,41,55,10,123,0,0,49,1,50,17,41,104,11,173,64,6,70,243
07/26/2003,ILM,NC,ASO,EN,Towers with Radar,16,19,29,1,65,0,0,67,0,67,16,19,96,1,132,78,0,78,210
07/27/2003,ILM,NC,ASO,EN,Towers with Radar,8,10,22,0,40,0,0,35,0,35,8,10,57,0,75,38,0,38,113
07/28/2003,ILM,NC,ASO,EN,Towers with Radar,19,37,32,5,93,0,0,51,1,52,19,37,83,6,145,50,0,50,195
07/29/2003,ILM,NC,ASO,EN,Towers with Radar,23,38,67,10,138,0,1,69,0,70,23,39,136,10,208,68,4,72,280
07/30/2003,ILM,NC,ASO,EN,Towers with Radar,23,32,72,18,145,0,0,29,28,57,23,32,101,46,202,16,22,38,240
07/31/2003,ILM,NC,ASO,EN,Towers with Radar,16,32,59,11,118,0,0,70,0,70,16,32,129,11,188,48,0,48,236
08/01/2003,ILM,NC,ASO,EN,Towers with Radar,21,42,40,5,108,0,1,51,0,52,21,43,91,5,160,50,0,50,210
08/02/2003,ILM,NC,ASO,EN,Towers with Radar,17,19,70,2,108,0,1,47,0,48,17,20,117,2,156,54,0,54,210
08/03/2003,ILM,NC,ASO,EN,Towers with Radar,23,17,53,0,93,0,1,30,0,31,23,18,83,0,124,34,0,34,158
08/04/2003,ILM,NC,ASO,EN,Towers with Radar,22,34,61,19,136,0,1,38,10,49,22,35,99,29,185,64,26,90,275
08/05/2003,ILM,NC,ASO,EN,Towers with Radar,20,31,65,25,141,0,2,43,0,45,20,33,108,25,186,20,34,54,240
08/06/2003,ILM,NC,ASO,EN,Towers with Radar,16,42,49,0,107,0,1,20,0,21,16,43,69,0,128,24,0,24,152
08/07/2003,ILM,NC,ASO,EN,Towers with Radar,20,36,54,17,127,0,1,62,5,68,20,37,116,22,195,84,24,108,303
08/08/2003,ILM,NC,ASO,EN,Towers with Radar,18,38,50,1,107,0,1,24,1,26,18,39,74,2,133,8,0,8,141
08/09/2003,ILM,NC,ASO,EN,Towers with Radar,20,18,32,1,71,0,1,12,2,15,20,19,44,3,86,6,0,6,92
08/10/2003,ILM,NC,ASO,EN,Towers with Radar,22,14,37,1,74,0,1,34,0,35,22,15,71,1,109,20,0,20,129
08/11/2003,ILM,NC,ASO,EN,Towers with Radar,22,31,61,11,125,0,0,4,9,13,22,31,65,20,138,38,32,70,208
08/12/2003,ILM,NC,ASO,EN,Towers with Radar,22,34,50,19,125,0,0,45,1,46,22,34,95,20,171,48,0,48,219
08/13/2003,ILM,NC,ASO,EN,Towers with Radar,19,49,46,20,134,0,3,71,4,78,19,52,117,24,212,40,4,44,256
08/14/2003,ILM,NC,ASO,EN,Towers with Radar,16,41,49,8,114,3,8,95,1,107,19,49,144,9,221,56,4,60,281
08/15/2003,ILM,NC,ASO,EN,Towers with Radar,16,37,76,2,131,0,0,94,2,96,16,37,170,4,227,72,0,72,299
08/16/2003,ILM,NC,ASO,EN,Towers with Radar,13,19,30,5,67,7,1,71,6,85,20,20,101,11,152,30,8,38,190
08/17/2003,ILM,NC,ASO,EN,Towers with Radar,19,25,50,1,95,0,0,60,2,62,19,25,110,3,157,70,0,70,227
08/18/2003,ILM,NC,ASO,EN,Towers with Radar,23,27,46,6,102,0,0,18,6,24,23,27,64,12,126,46,40,86,212
08/19/2003,ILM,NC,ASO,EN,Towers with Radar,20,36,43,22,121,0,0,37,5,42,20,36,80,27,163,94,10,104,267
08/20/2003,ILM,NC,ASO,EN,Towers with Radar,23,39,68,9,139,0,0,50,5,55,23,39,118,14,194,108,40,148,342
08/21/2003,ILM,NC,ASO,EN,Towers with Radar,22,37,77,30,166,0,1,54,6,61,22,38,131,36,227,48,16,64,291
08/22/2003,ILM,NC,ASO,EN,Towers with Radar,19,32,60,8,119,0,0,52,6,58,19,32,112,14,177,20,14,34,211
08/23/2003,ILM,NC,ASO,EN,Towers with Radar,24,21,15,0,60,0,2,69,0,71,24,23,84,0,131,14,0,14,145
08/24/2003,ILM,NC,ASO,EN,Towers with Radar,19,21,52,4,96,0,0,80,0,80,19,21,132,4,176,66,2,68,244
08/25/2003,ILM,NC,ASO,EN,Towers with Radar,19,34,41,0,94,0,0,81,0,81,19,34,122,0,175,82,0,82,257
08/26/2003,ILM,NC,ASO,EN,Towers with Radar,25,32,49,29,135,0,0,59,6,65,25,32,108,35,200,36,26,62,262
08/27/2003,ILM,NC,ASO,EN,Towers with Radar,21,37,63,12,133,0,2,68,2,72,21,39,131,14,205,36,10,46,251
08/28/2003,ILM,NC,ASO,EN,Towers with Radar,20,38,55,10,123,0,0,54,2,56,20,38,109,12,179,28,0,28,207
08/29/2003,ILM,NC,ASO,EN,Towers with Radar,18,37,64,1,120,0,1,93,0,94,18,38,157,1,214,68,0,68,282
08/30/2003,ILM,NC,ASO,EN,Towers with Radar,23,13,41,0,77,0,0,77,0,77,23,13,118,0,154,74,0,74,228
08/31/2003,ILM,NC,ASO,EN,Towers with Radar,14,15,35,2,66,3,0,79,0,82,17,15,114,2,148,58,6,64,212
09/01/2003,ILM,NC,ASO,EN,Towers with Radar,19,16,47,0,82,1,0,56,0,57,20,16,103,0,139,56,0,56,195
09/02/2003,ILM,NC,ASO,EN,Towers with Radar,20,37,35,21,113,0,0,61,0,61,20,37,96,21,174,100,0,100,274
09/03/2003,ILM,NC,ASO,EN,Towers with Radar,19,30,44,9,102,0,0,46,1,47,19,30,90,10,149,38,0,38,187
09/04/2003,ILM,NC,ASO,EN,Towers with Radar,19,31,51,19,120,0,0,24,0,24,19,31,75,19,144,20,28,48,192
09/05/2003,ILM,NC,ASO,EN,Towers with Radar,17,44,48,21,130,1,0,45,5,51,18,44,93,26,181,56,6,62,243
09/06/2003,ILM,NC,ASO,EN,Towers with Radar,17,21,32,0,70,1,0,21,0,22,18,21,53,0,92,8,0,8,100
09/07/2003,ILM,NC,ASO,EN,Towers with Radar,24,19,49,0,92,1,0,4,0,5,25,19,53,0,97,32,0,32,129
09/08/2003,ILM,NC,ASO,EN,Towers with Radar,22,27,36,3,88,1,0,26,0,27,23,27,62,3,115,36,0,36,151
09/09/2003,ILM,NC,ASO,EN,Towers with Radar,21,28,45,13,107,1,0,45,1,47,22,28,90,14,154,32,24,56,210
09/10/2003,ILM,NC,ASO,EN,Towers with Radar,19,33,55,12,119,1,0,37,1,39,20,33,92,13,158,60,6,66,224
09/11/2003,ILM,NC,ASO,EN,Towers with Radar,18,35,59,13,125,0,0,32,27,59,18,35,91,40,184,36,28,64,248
09/12/2003,ILM,NC,ASO,EN,Towers with Radar,19,31,44,4,98,0,0,13,0,13,19,31,57,4,111,0,0,0,111
09/13/2003,ILM,NC,ASO,EN,Towers with Radar,17,17,53,4,91,0,0,31,0,31,17,17,84,4,122,0,0,0,122
09/14/2003,ILM,NC,ASO,EN,Towers with Radar,24,14,39,1,78,0,0,84,0,84,24,14,123,1,162,0,0,0,162
09/15/2003,ILM,NC,ASO,EN,Towers with Radar,22,27,44,15,108,0,0,48,1,49,22,27,92,16,157,44,16,60,217
09/16/2003,ILM,NC,ASO,EN,Towers with Radar,18,30,45,11,104,0,5,65,7,77,18,35,110,18,181,40,14,54,235
09/17/2003,ILM,NC,ASO,EN,Towers with Radar,23,31,40,2,96,0,0,17,0,17,23,31,57,2,113,0,0,0,113
09/18/2003,ILM,NC,ASO,EN,Towers with Radar,0,0,1,1,2,0,0,1,0,1,0,0,2,1,3,0,0,0,3
09/19/2003,ILM,NC,ASO,EN,Towers with Radar,19,30,35,13,97,0,0,59,3,62,19,30,94,16,159,4,14,18,177
09/20/2003,ILM,NC,ASO,EN,Towers with Radar,15,28,27,2,72,0,4,95,0,99,15,32,122,2,171,96,0,96,267
09/21/2003,ILM,NC,ASO,EN,Towers with Radar,15,19,31,0,65,0,0,81,0,81,15,19,112,0,146,20,0,20,166
09/22/2003,ILM,NC,ASO,EN,Towers with Radar,18,38,62,2,120,0,0,44,0,44,18,38,106,2,164,28,0,28,192
09/23/2003,ILM,NC,ASO,EN,Towers with Radar,18,39,48,23,128,0,0,29,4,33,18,39,77,27,161,26,26,52,213
09/24/2003,ILM,NC,ASO,EN,Towers with Radar,22,31,50,19,122,0,0,92,7,99,22,31,142,26,221,50,8,58,279
09/25/2003,ILM,NC,ASO,EN,Towers with Radar,22,37,30,21,110,0,2,72,1,75,22,39,102,22,185,16,16,32,217
09/26/2003,ILM,NC,ASO,EN,Towers with Radar,23,37,60,7,127,0,5,85,2,92,23,42,145,9,219,14,14,28,247
09/27/2003,ILM,NC,ASO,EN,Towers with Radar,15,17,20,8,60,0,0,43,7,50,15,17,63,15,110,60,0,60,170
09/28/2003,ILM,NC,ASO,EN,Towers with Radar,17,12,50,2,81,0,0,61,0,61,17,12,111,2,142,42,2,44,186
09/29/2003,ILM,NC,ASO,EN,Towers with Radar,19,27,41,9,96,5,7,87,8,107,24,34,128,17,203,110,10,120,323
09/30/2003,ILM,NC,ASO,EN,Towers with Radar,23,34,34,1,92,0,0,74,2,76,23,34,108,3,168,16,0,16,184
10/01/2003,ILM,NC,ASO,EN,Towers with Radar,19,35,64,11,129,0,5,68,20,93,19,40,132,31,222,28,34,62,284
10/02/2003,ILM,NC,ASO,EN,Towers with Radar,23,28,52,5,108,1,2,72,0,75,24,30,124,5,183,54,4,58,241
10/03/2003,ILM,NC,ASO,EN,Towers with Radar,22,32,59,0,113,0,3,107,0,110,22,35,166,0,223,20,0,20,243
10/04/2003,ILM,NC,ASO,EN,Towers with Radar,18,22,40,3,83,4,6,85,0,95,22,28,125,3,178,20,0,20,198
10/05/2003,ILM,NC,ASO,EN,Towers with Radar,18,17,40,7,82,2,0,76,5,83,20,17,116,12,165,64,24,88,253
10/06/2003,ILM,NC,ASO,EN,Towers with Radar,23,28,51,9,111,1,5,38,16,60,24,33,89,25,171,16,4,20,191
10/07/2003,ILM,NC,ASO,EN,Towers with Radar,25,30,59,10,124,0,0,32,5,37,25,30,91,15,161,48,8,56,217
10/08/2003,ILM,NC,ASO,EN,Towers with Radar,23,31,56,4,114,0,0,0,0,0,23,31,56,4,114,6,2,8,122
10/09/2003,ILM,NC,ASO,EN,Towers with Radar,22,32,63,10,127,0,0,26,0,26,22,32,89,10,153,4,0,4,157
10/10/2003,ILM,NC,ASO,EN,Towers with Radar,26,32,58,2,118,2,3,0,0,5,28,35,58,2,123,0,0,0,123
10/11/2003,ILM,NC,ASO,EN,Towers with Radar,19,21,42,0,82,6,0,9,0,15,25,21,51,0,97,54,0,54,151
10/12/2003,ILM,NC,ASO,EN,Towers with Radar,22,12,48,9,91,3,0,70,0,73,25,12,118,9,164,38,26,64,228
10/13/2003,ILM,NC,ASO,EN,Towers with Radar,20,22,46,4,92,8,0,86,0,94,28,22,132,4,186,66,16,82,268
10/14/2003,ILM,NC,ASO,EN,Towers with Radar,20,28,40,2,90,0,5,0,0,5,20,33,40,2,95,0,0,0,95
10/15/2003,ILM,NC,ASO,EN,Towers with Radar,24,31,58,10,123,0,4,54,10,68,24,35,112,20,191,14,9,23,214
10/16/2003,ILM,NC,ASO,EN,Towers with Radar,24,29,54,10,117,1,9,112,13,135,25,38,166,23,252,34,12,46,298
10/17/2003,ILM,NC,ASO,EN,Towers with Radar,22,31,58,6,117,0,1,88,0,89,22,32,146,6,206,50,14,64,270
10/18/2003,ILM,NC,ASO,EN,Towers with Radar,19,11,40,0,70,7,0,41,0,48,26,11,81,0,118,42,0,42,160
10/19/2003,ILM,NC,ASO,EN,Towers with Radar,21,14,47,6,88,5,0,139,0,144,26,14,186,6,232,34,0,34,266
10/20/2003,ILM,NC,ASO,EN,Towers with Radar,20,23,45,4,92,6,3,55,0,64,26,26,100,4,156,32,0,32,188
10/21/2003,ILM,NC,ASO,EN,Towers with Radar,22,30,60,9,121,0,0,48,27,75,22,30,108,36,196,20,32,52,248
10/22/2003,ILM,NC,ASO,EN,Towers with Radar,22,32,61,10,125,0,7,76,13,96,22,39,137,23,221,16,12,28,249
10/23/2003,ILM,NC,ASO,EN,Towers with Radar,24,28,55,3,110,0,9,71,0,80,24,37,126,3,190,54,2,56,246
10/24/2003,ILM,NC,ASO,EN,Towers with Radar,24,31,64,10,129,0,0,54,21,75,24,31,118,31,204,28,32,60,264
10/25/2003,ILM,NC,ASO,EN,Towers with Radar,22,15,49,1,87,3,0,8,0,11,25,15,57,1,98,0,0,0,98
10/26/2003,ILM,NC,ASO,EN,Towers with Radar,23,19,50,8,100,3,0,69,2,74,26,19,119,10,174,74,12,86,260
10/27/2003,ILM,NC,ASO,EN,Towers with Radar,7,7,12,2,28,2,1,0,0,3,9,8,12,2,31,0,0,0,31
10/28/2003,ILM,NC,ASO,EN,Towers with Radar,24,27,59,5,115,0,0,11,0,11,24,27,70,5,126,6,0,6,132
10/29/2003,ILM,NC,ASO,EN,Towers with Radar,20,30,58,6,114,0,14,48,0,62,20,44,106,6,176,44,0,44,220
10/30/2003,ILM,NC,ASO,EN,Towers with Radar,27,32,59,9,127,1,0,86,23,110,28,32,145,32,237,34,22,56,293
10/31/2003,ILM,NC,ASO,EN,Towers with Radar,25,30,54,7,116,3,8,102,0,113,28,38,156,7,229,12,0,12,241
11/01/2003,ILM,NC,ASO,EN,Towers with Radar,19,8,42,5,74,9,0,215,0,224,28,8,257,5,298,146,0,146,444
11/02/2003,ILM,NC,ASO,EN,Towers with Radar,22,11,49,0,82,9,0,91,0,100,31,11,140,0,182,44,0,44,226
11/03/2003,ILM,NC,ASO,EN,Towers with Radar,22,20,48,2,92,9,34,18,0,61,31,54,66,2,153,8,2,10,163
11/04/2003,ILM,NC,ASO,EN,Towers with Radar,27,28,66,12,133,0,8,38,0,46,27,36,104,12,179,32,10,42,221
11/05/2003,ILM,NC,ASO,EN,Towers with Radar,23,28,63,13,127,0,5,0,24,29,23,33,63,37,156,18,32,50,206
11/06/2003,ILM,NC,ASO,EN,Towers with Radar,23,29,70,11,133,0,13,24,0,37,23,42,94,11,170,42,52,94,264
11/07/2003,ILM,NC,ASO,EN,Towers with Radar,30,32,83,15,160,0,0,29,16,45,30,32,112,31,205,44,48,92,297
11/08/2003,ILM,NC,ASO,EN,Towers with Radar,18,17,40,2,77,5,3,46,0,54,23,20,86,2,131,42,0,42,173
11/09/2003,ILM,NC,ASO,EN,Towers with Radar,29,14,63,11,117,0,0,61,3,64,29,14,124,14,181,20,12,32,213
11/10/2003,ILM,NC,ASO,EN,Towers with Radar,24,22,53,10,109,6,2,50,4,62,30,24,103,14,171,48,4,52,223
11/11/2003,ILM,NC,ASO,EN,Towers with Radar,20,12,45,2,79,10,0,92,0,102,30,12,137,2,181,12,0,12,193
11/12/2003,ILM,NC,ASO,EN,Towers with Radar,27,27,64,12,130,0,0,71,15,86,27,27,135,27,216,18,40,58,274
11/13/2003,ILM,NC,ASO,EN,Towers with Radar,21,26,63,11,121,0,12,17,9,38,21,38,80,20,159,38,40,78,237
11/14/2003,ILM,NC,ASO,EN,Towers with Radar,19,31,76,13,139,0,1,87,8,96,19,32,163,21,235,32,10,42,277
11/15/2003,ILM,NC,ASO,EN,Towers with Radar,23,15,51,9,98,5,0,105,10,120,28,15,156,19,218,52,22,74,292
11/16/2003,ILM,NC,ASO,EN,Towers with Radar,22,13,50,4,89,10,0,102,0,112,32,13,152,4,201,62,0,62,263
11/17/2003,ILM,NC,ASO,EN,Towers with Radar,26,22,58,9,115,0,0,36,0,36,26,22,94,9,151,28,4,32,183
11/18/2003,ILM,NC,ASO,EN,Towers with Radar,26,26,66,11,129,0,3,13,3,19,26,29,79,14,148,30,12,42,190
11/19/2003,ILM,NC,ASO,EN,Towers with Radar,21,18,31,2,72,6,14,0,0,20,27,32,31,2,92,0,0,0,92
11/20/2003,ILM,NC,ASO,EN,Towers with Radar,27,25,62,10,124,0,7,61,0,68,27,32,123,10,192,40,4,44,236
11/21/2003,ILM,NC,ASO,EN,Towers with Radar,29,25,77,12,143,0,0,83,2,85,29,25,160,14,228,12,18,30,258
11/22/2003,ILM,NC,ASO,EN,Towers with Radar,21,16,46,7,90,0,0,113,2,115,21,16,159,9,205,52,2,54,259
11/23/2003,ILM,NC,ASO,EN,Towers with Radar,24,14,52,2,92,6,0,120,0,126,30,14,172,2,218,56,0,56,274
11/24/2003,ILM,NC,ASO,EN,Towers with Radar,29,26,71,11,137,0,0,28,41,69,29,26,99,52,206,52,118,170,376
11/25/2003,ILM,NC,ASO,EN,Towers with Radar,30,28,69,11,138,0,6,27,12,45,30,34,96,23,183,28,14,42,225
11/26/2003,ILM,NC,ASO,EN,Towers with Radar,23,33,84,7,147,0,1,69,0,70,23,34,153,7,217,18,6,24,241
11/27/2003,ILM,NC,ASO,EN,Towers with Radar,15,6,31,0,52,7,0,6,0,13,22,6,37,0,65,0,0,0,65
11/28/2003,ILM,NC,ASO,EN,Towers with Radar,18,15,38,0,71,4,9,17,0,30,22,24,55,0,101,2,0,2,103
11/29/2003,ILM,NC,ASO,EN,Towers with Radar,21,17,45,3,86,6,1,40,0,47,27,18,85,3,133,0,0,0,133
11/30/2003,ILM,NC,ASO,EN,Towers with Radar,28,31,78,0,137,0,1,113,0,114,28,32,191,0,251,20,0,20,271
12/01/2003,ILM,NC,ASO,EN,Towers with Radar,23,24,47,8,102,5,0,56,0,61,28,24,103,8,163,46,0,46,209
12/02/2003,ILM,NC,ASO,EN,Towers with Radar,28,28,58,8,122,0,0,59,0,59,28,28,117,8,181,4,4,8,189
12/03/2003,ILM,NC,ASO,EN,Towers with Radar,26,31,57,15,129,0,2,33,4,39,26,33,90,19,168,16,8,24,192
12/04/2003,ILM,NC,ASO,EN,Towers with Radar,21,23,42,1,87,3,0,1,0,4,24,23,43,1,91,0,0,0,91
12/05/2003,ILM,NC,ASO,EN,Towers with Radar,21,25,51,12,109,0,0,1,14,15,21,25,52,26,124,0,0,0,124
12/06/2003,ILM,NC,ASO,EN,Towers with Radar,15,15,30,2,62,12,0,27,0,39,27,15,57,2,101,22,18,40,141
12/07/2003,ILM,NC,ASO,EN,Towers with Radar,20,21,41,1,83,3,0,51,0,54,23,21,92,1,137,24,2,26,163
12/08/2003,ILM,NC,ASO,EN,Towers with Radar,25,26,51,4,106,3,0,45,0,48,28,26,96,4,154,54,24,78,232
12/09/2003,ILM,NC,ASO,EN,Towers with Radar,24,26,48,11,109,3,1,65,19,88,27,27,113,30,197,20,18,38,235
12/10/2003,ILM,NC,ASO,EN,Towers with Radar,23,29,54,12,118,0,7,4,2,13,23,36,58,14,131,6,10,16,147
12/11/2003,ILM,NC,ASO,EN,Towers with Radar,27,31,58,13,129,0,0,42,4,46,27,31,100,17,175,6,24,30,205
12/12/2003,ILM,NC,ASO,EN,Towers with Radar,26,29,66,15,136,0,0,81,25,106,26,29,147,40,242,14,18,32,274
12/13/2003,ILM,NC,ASO,EN,Towers with Radar,16,12,33,4,65,10,0,65,0,75,26,12,98,4,140,18,0,18,158
12/14/2003,ILM,NC,ASO,EN,Towers with Radar,15,14,31,2,62,10,0,12,0,22,25,14,43,2,84,0,0,0,84
12/15/2003,ILM,NC,ASO,EN,Towers with Radar,27,26,54,10,117,1,0,53,0,54,28,26,107,10,171,54,88,142,313
12/16/2003,ILM,NC,ASO,EN,Towers with Radar,26,35,68,15,144,0,0,100,15,115,26,35,168,30,259,72,14,86,345
12/17/2003,ILM,NC,ASO,EN,Towers with Radar,22,33,72,16,143,0,0,16,10,26,22,33,88,26,169,14,14,28,197
12/18/2003,ILM,NC,ASO,EN,Towers with Radar,25,31,61,4,121,0,0,67,0,67,25,31,128,4,188,24,2,26,214
12/19/2003,ILM,NC,ASO,EN,Towers with Radar,23,31,61,14,129,0,2,25,24,51,23,33,86,38,180,4,38,42,222
12/20/2003,ILM,NC,ASO,EN,Towers with Radar,21,19,43,4,87,7,0,77,0,84,28,19,120,4,171,22,0,22,193
12/21/2003,ILM,NC,ASO,EN,Towers with Radar,19,21,42,0,82,0,5,135,0,140,19,26,177,0,222,64,0,64,286
12/22/2003,ILM,NC,ASO,EN,Towers with Radar,27,27,54,12,120,3,5,66,16,90,30,32,120,28,210,102,16,118,328
12/23/2003,ILM,NC,ASO,EN,Towers with Radar,24,29,58,13,124,0,4,57,17,78,24,33,115,30,202,94,36,130,332
12/24/2003,ILM,NC,ASO,EN,Towers with Radar,19,19,38,3,79,9,19,34,0,62,28,38,72,3,141,2,0,2,143
12/25/2003,ILM,NC,ASO,EN,Towers with Radar,12,11,24,0,47,7,0,24,0,31,19,11,48,0,78,0,0,0,78
12/26/2003,ILM,NC,ASO,EN,Towers with Radar,25,32,64,1,122,0,14,87,0,101,25,46,151,1,223,16,0,16,239
12/27/2003,ILM,NC,ASO,EN,Towers with Radar,24,25,57,0,106,0,0,127,0,127,24,25,184,0,233,32,0,32,265
12/28/2003,ILM,NC,ASO,EN,Towers with Radar,25,16,51,11,103,3,0,84,7,94,28,16,135,18,197,36,8,44,241
12/29/2003,ILM,NC,ASO,EN,Towers with Radar,27,20,55,6,108,0,0,42,0,42,27,20,97,6,150,46,10,56,206
12/30/2003,ILM,NC,ASO,EN,Towers with Radar,27,36,71,15,149,0,9,8,33,50,27,45,79,48,199,22,50,72,271
12/31/2003,ILM,NC,ASO,EN,Towers with Radar,24,24,47,0,95,2,8,61,0,71,26,32,108,0,166,26,2,28,194
01/01/2004,ILM,NC,ASO,EN,Towers with Radar,20,13,41,2,76,1,0,84,0,85,21,13,125,2,161,18,0,18,179
01/02/2004,ILM,NC,ASO,EN,Towers with Radar,25,35,59,2,121,0,21,62,0,83,25,56,121,2,204,42,0,42,246
01/03/2004,ILM,NC,ASO,EN,Towers with Radar,21,40,67,1,129,0,4,110,0,114,21,44,177,1,243,42,0,42,285
01/04/2004,ILM,NC,ASO,EN,Towers with Radar,28,48,80,3,159,0,7,107,0,114,28,55,187,3,273,48,2,50,323
01/05/2004,ILM,NC,ASO,EN,Towers with Radar,24,37,61,14,136,0,3,0,3,6,24,40,61,17,142,34,40,74,216
01/06/2004,ILM,NC,ASO,EN,Towers with Radar,28,34,57,14,133,3,4,12,7,26,31,38,69,21,159,50,24,74,233
01/07/2004,ILM,NC,ASO,EN,Towers with Radar,26,31,51,12,120,0,3,40,11,54,26,34,91,23,174,38,34,72,246
01/08/2004,ILM,NC,ASO,EN,Towers with Radar,26,35,61,13,135,0,0,47,26,73,26,35,108,39,208,106,76,182,390
01/09/2004,ILM,NC,ASO,EN,Towers with Radar,18,22,37,4,81,9,16,2,0,27,27,38,39,4,108,6,0,6,114
01/10/2004,ILM,NC,ASO,EN,Towers with Radar,16,20,33,0,69,0,2,11,0,13,16,22,44,0,82,1,0,1,83
01/11/2004,ILM,NC,ASO,EN,Towers with Radar,20,23,41,0,84,9,0,87,0,96,29,23,128,0,180,112,6,118,298
01/12/2004,ILM,NC,ASO,EN,Towers with Radar,26,24,52,11,113,2,0,56,2,60,28,24,108,13,173,14,20,34,207
01/13/2004,ILM,NC,ASO,EN,Towers with Radar,28,28,57,13,126,0,0,61,18,79,28,28,118,31,205,42,0,42,247
01/14/2004,ILM,NC,ASO,EN,Towers with Radar,28,30,55,13,126,0,0,52,15,67,28,30,107,28,193,42,12,54,247
01/15/2004,ILM,NC,ASO,EN,Towers with Radar,26,38,64,14,142,0,3,37,18,58,26,41,101,32,200,14,12,26,226
01/16/2004,ILM,NC,ASO,EN,Towers with Radar,26,32,54,12,124,0,3,83,11,97,26,35,137,23,221,54,34,88,309
01/17/2004,ILM,NC,ASO,EN,Towers with Radar,21,19,40,2,82,6,0,97,0,103,27,19,137,2,185,72,0,72,257
01/18/2004,ILM,NC,ASO,EN,Towers with Radar,16,16,30,5,67,8,0,25,0,33,24,16,55,5,100,8,0,8,108
01/19/2004,ILM,NC,ASO,EN,Towers with Radar,24,26,46,1,97,5,9,38,0,52,29,35,84,1,149,30,0,30,179
01/20/2004,ILM,NC,ASO,EN,Towers with Radar,29,39,67,13,148,0,1,61,0,62,29,40,128,13,210,40,0,40,250
01/21/2004,ILM,NC,ASO,EN,Towers with Radar,25,33,77,17,152,0,0,49,34,83,25,33,126,51,235,32,84,116,351
01/22/2004,ILM,NC,ASO,EN,Towers with Radar,26,34,59,13,132,0,7,50,4,61,26,41,109,17,193,80,8,88,281
01/23/2004,ILM,NC,ASO,EN,Towers with Radar,29,31,58,13,131,0,0,47,12,59,29,31,105,25,190,6,34,40,230
01/24/2004,ILM,NC,ASO,EN,Towers with Radar,21,10,40,5,76,5,0,125,0,130,26,10,165,5,206,68,4,72,278
01/25/2004,ILM,NC,ASO,EN,Towers with Radar,11,11,22,2,46,5,0,12,0,17,16,11,34,2,63,12,0,12,75
01/26/2004,ILM,NC,ASO,EN,Towers with Radar,10,11,17,2,40,12,5,0,0,17,22,16,17,2,57,0,0,0,57
01/27/2004,ILM,NC,ASO,EN,Towers with Radar,13,14,26,0,53,11,7,2,0,20,24,21,28,0,73,0,0,0,73
01/28/2004,ILM,NC,ASO,EN,Towers with Radar,25,28,49,2,104,3,9,8,0,20,28,37,57,2,124,10,0,10,134
01/29/2004,ILM,NC,ASO,EN,Towers with Radar,30,36,70,15,151,0,0,55,32,87,30,36,125,47,238,36,28,64,302
01/30/2004,ILM,NC,ASO,EN,Towers with Radar,27,31,73,16,147,0,0,49,33,82,27,31,122,49,229,20,80,100,329
01/31/2004,ILM,NC,ASO,EN,Towers with Radar,17,16,34,7,74,7,0,100,3,110,24,16,134,10,184,90,14,104,288
02/01/2004,ILM,NC,ASO,EN,Towers with Radar,19,24,44,9,96,8,2,85,5,100,27,26,129,14,196,156,14,170,366
02/02/2004,ILM,NC,ASO,EN,Towers with Radar,22,29,61,12,124,0,0,19,33,52,22,29,80,45,176,12,64,76,252
02/03/2004,ILM,NC,ASO,EN,Towers with Radar,23,24,32,12,91,0,0,0,45,45,23,24,32,57,136,33,38,71,207
02/04/2004,ILM,NC,ASO,EN,Towers with Radar,27,33,62,12,134,0,0,38,6,44,27,33,100,18,178,28,2,30,208
02/05/2004,ILM,NC,ASO,EN,Towers with Radar,24,31,54,5,114,2,7,42,0,51,26,38,96,5,165,102,0,102,267
02/06/2004,ILM,NC,ASO,EN,Towers with Radar,23,30,52,8,113,3,7,15,0,25,26,37,67,8,138,8,4,12,150
02/07/2004,ILM,NC,ASO,EN,Towers with Radar,14,7,33,2,56,7,0,63,0,70,21,7,96,2,126,36,0,36,162
02/08/2004,ILM,NC,ASO,EN,Towers with Radar,22,26,50,3,101,0,0,99,0,99,22,26,149,3,200,58,0,58,258
02/09/2004,ILM,NC,ASO,EN,Towers with Radar,27,31,65,6,129,0,0,11,0,11,27,31,76,6,140,10,0,10,150
02/10/2004,ILM,NC,ASO,EN,Towers with Radar,27,32,55,11,125,0,0,0,12,12,27,32,55,23,137,30,8,38,175
02/11/2004,ILM,NC,ASO,EN,Towers with Radar,23,40,80,14,157,0,0,47,17,64,23,40,127,31,221,104,6,110,331
02/12/2004,ILM,NC,ASO,EN,Towers with Radar,25,33,57,2,117,0,14,2,0,16,25,47,59,2,133,0,0,0,133
02/13/2004,ILM,NC,ASO,EN,Towers with Radar,27,45,79,4,155,0,14,107,0,121,27,59,186,4,276,70,0,70,346
02/14/2004,ILM,NC,ASO,EN,Towers with Radar,21,30,52,2,105,0,0,18,0,18,21,30,70,2,123,0,0,0,123
02/15/2004,ILM,NC,ASO,EN,Towers with Radar,15,17,35,0,67,4,0,8,0,12,19,17,43,0,79,116,0,116,195
02/16/2004,ILM,NC,ASO,EN,Towers with Radar,23,30,53,4,110,6,6,59,0,71,29,36,112,4,181,0,0,0,181
02/17/2004,ILM,NC,ASO,EN,Towers with Radar,22,29,50,4,105,5,27,5,0,37,27,56,55,4,142,0,0,0,142
02/18/2004,ILM,NC,ASO,EN,Towers with Radar,23,30,53,9,115,0,7,12,16,35,23,37,65,25,150,4,14,18,168
02/19/2004,ILM,NC,ASO,EN,Towers with Radar,24,41,75,13,153,0,0,109,2,111,24,41,184,15,264,96,18,114,378
02/20/2004,ILM,NC,ASO,EN,Towers with Radar,26,39,70,12,147,0,3,47,3,53,26,42,117,15,200,20,22,42,242
02/21/2004,ILM,NC,ASO,EN,Towers with Radar,19,18,42,2,81,2,0,51,0,53,21,18,93,2,134,20,0,20,154
02/22/2004,ILM,NC,ASO,EN,Towers with Radar,25,26,56,4,111,2,0,121,0,123,27,26,177,4,234,132,0,132,366
02/23/2004,ILM,NC,ASO,EN,Towers with Radar,29,35,68,12,144,0,0,78,15,93,29,35,146,27,237,136,48,184,421
02/24/2004,ILM,NC,ASO,EN,Towers with Radar,24,31,47,6,108,0,4,0,0,4,24,35,47,6,112,0,0,0,112
02/25/2004,ILM,NC,ASO,EN,Towers with Radar,24,29,53,8,114,3,6,55,0,64,27,35,108,8,178,24,2,26,204
02/26/2004,ILM,NC,ASO,EN,Towers with Radar,16,19,35,4,74,2,11,13,0,26,18,30,48,4,100,0,0,0,100
02/27/2004,ILM,NC,ASO,EN,Towers with Radar,18,21,40,0,79,6,7,1,0,14,24,28,41,0,93,0,0,0,93
02/28/2004,ILM,NC,ASO,EN,Towers with Radar,23,21,55,11,110,0,0,139,3,142,23,21,194,14,252,68,8,76,328
02/29/2004,ILM,NC,ASO,EN,Towers with Radar,24,18,53,5,100,1,0,148,0,149,25,18,201,5,249,102,22,124,373
03/01/2004,ILM,NC,ASO,EN,Towers with Radar,21,31,58,14,124,0,9,53,0,62,21,40,111,14,186,54,14,68,254
03/02/2004,ILM,NC,ASO,EN,Towers with Radar,24,38,74,19,155,0,0,39,18,57,24,38,113,37,212,28,80,108,320
03/03/2004,ILM,NC,ASO,EN,Towers with Radar,26,34,69,17,146,0,0,66,35,101,26,34,135,52,247,80,52,132,379
03/04/2004,ILM,NC,ASO,EN,Towers with Radar,25,36,68,16,145,0,6,65,9,80,25,42,133,25,225,98,36,134,359
03/05/2004,ILM,NC,ASO,EN,Towers with Radar,20,29,63,14,126,0,0,70,3,73,20,29,133,17,199,36,14,50,249
03/06/2004,ILM,NC,ASO,EN,Towers with Radar,14,17,35,7,73,10,0,12,0,22,24,17,47,7,95,0,0,0,95
03/07/2004,ILM,NC,ASO,EN,Towers with Radar,24,17,60,13,114,2,0,110,0,112,26,17,170,13,226,118,12,130,356
03/08/2004,ILM,NC,ASO,EN,Towers with Radar,19,25,48,9,101,8,2,22,0,32,27,27,70,9,133,76,6,82,215
03/09/2004,ILM,NC,ASO,EN,Towers with Radar,22,29,55,14,120,2,7,39,11,59,24,36,94,25,179,92,40,132,311
03/10/2004,ILM,NC,ASO,EN,Towers with Radar,20,26,47,5,98,6,5,0,0,11,26,31,47,5,109,0,2,2,111
03/11/2004,ILM,NC,ASO,EN,Towers with Radar,25,33,63,6,127,3,4,51,0,58,28,37,114,6,185,38,0,38,223
03/12/2004,ILM,NC,ASO,EN,Towers with Radar,22,34,64,15,135,0,12,61,11,84,22,46,125,26,219,8,20,28,247
03/13/2004,ILM,NC,ASO,EN,Towers with Radar,19,26,50,12,107,0,0,74,1,75,19,26,124,13,182,42,6,48,230
03/14/2004,ILM,NC,ASO,EN,Towers with Radar,23,16,58,2,99,6,0,102,0,108,29,16,160,2,207,54,0,54,261
03/15/2004,ILM,NC,ASO,EN,Towers with Radar,23,29,57,14,123,4,6,25,4,39,27,35,82,18,162,28,26,54,216
03/16/2004,ILM,NC,ASO,EN,Towers with Radar,20,27,54,2,103,0,6,17,0,23,20,33,71,2,126,0,0,0,126
03/17/2004,ILM,NC,ASO,EN,Towers with Radar,22,41,80,18,161,0,6,31,30,67,22,47,111,48,228,82,52,134,362
03/18/2004,ILM,NC,ASO,EN,Towers with Radar,27,37,77,7,148,0,0,79,0,79,27,37,156,7,227,86,5,91,318
03/19/2004,ILM,NC,ASO,EN,Towers with Radar,25,39,77,18,159,0,4,61,7,72,25,43,138,25,231,36,66,102,333
03/20/2004,ILM,NC,ASO,EN,Towers with Radar,22,25,55,4,106,0,0,105,0,105,22,25,160,4,211,68,0,68,279
03/21/2004,ILM,NC,ASO,EN,Towers with Radar,24,22,59,0,105,5,0,58,0,63,29,22,117,0,168,50,0,50,218
03/22/2004,ILM,NC,ASO,EN,Towers with Radar,25,33,64,15,137,0,1,48,5,54,25,34,112,20,191,76,10,86,277
03/23/2004,ILM,NC,ASO,EN,Towers with Radar,25,31,61,15,132,6,2,65,10,83,31,33,126,25,215,16,68,84,299
03/24/2004,ILM,NC,ASO,EN,Towers with Radar,25,31,61,15,132,2,7,48,19,76,27,38,109,34,208,72,52,124,332
03/25/2004,ILM,NC,ASO,EN,Towers with Radar,27,33,66,15,141,0,6,72,2,80,27,39,138,17,221,94,4,98,319
03/26/2004,ILM,NC,ASO,EN,Towers with Radar,23,33,66,8,130,0,7,129,0,136,23,40,195,8,266,54,6,60,326
03/27/2004,ILM,NC,ASO,EN,Towers with Radar,24,30,59,0,113,1,7,126,0,134,25,37,185,0,247,82,0,82,329
03/28/2004,ILM,NC,ASO,EN,Towers with Radar,27,36,77,6,146,0,0,100,0,100,27,36,177,6,246,140,4,144,390
03/29/2004,ILM,NC,ASO,EN,Towers with Radar,27,34,64,9,134,0,3,41,0,44,27,37,105,9,178,24,0,24,202
03/30/2004,ILM,NC,ASO,EN,Towers with Radar,25,36,72,16,149,0,0,12,31,43,25,36,84,47,192,90,10,100,292
03/31/2004,ILM,NC,ASO,EN,Towers with Radar,29,37,69,16,151,1,1,27,0,29,30,38,96,16,180,112,32,144,324
04/01/2004,ILM,NC,ASO,EN,Towers with Radar,28,40,83,15,166,0,0,28,30,58,28,40,111,45,224,54,28,82,306
04/02/2004,ILM,NC,ASO,EN,Towers with Radar,24,32,65,9,130,3,2,60,0,65,27,34,125,9,195,18,0,18,213
04/03/2004,ILM,NC,ASO,EN,Towers with Radar,18,24,50,1,93,3,3,72,0,78,21,27,122,1,171,82,2,84,255
04/04/2004,ILM,NC,ASO,EN,Towers with Radar,18,19,49,0,86,8,0,76,0,84,26,19,125,0,170,14,0,14,184
04/05/2004,ILM,NC,ASO,EN,Towers with Radar,25,33,68,13,139,1,7,41,11,60,26,40,109,24,199,46,32,78,277
04/06/2004,ILM,NC,ASO,EN,Towers with Radar,28,36,75,14,153,2,0,111,0,113,30,36,186,14,266,164,8,172,438
04/07/2004,ILM,NC,ASO,EN,Towers with Radar,27,37,76,15,155,0,1,88,13,102,27,38,164,28,257,84,40,124,381
04/08/2004,ILM,NC,ASO,EN,Towers with Radar,26,33,77,14,150,0,0,55,4,59,26,33,132,18,209,112,0,112,321
04/09/2004,ILM,NC,ASO,EN,Towers with Radar,26,42,87,0,155,0,17,134,0,151,26,59,221,0,306,102,0,102,408
04/10/2004,ILM,NC,ASO,EN,Towers with Radar,21,20,60,3,104,0,0,73,0,73,21,20,133,3,177,72,0,72,249
04/11/2004,ILM,NC,ASO,EN,Towers with Radar,20,26,53,0,99,7,5,35,0,47,27,31,88,0,146,20,0,20,166
04/12/2004,ILM,NC,ASO,EN,Towers with Radar,21,33,68,6,128,0,12,30,0,42,21,45,98,6,170,20,0,20,190
04/13/2004,ILM,NC,ASO,EN,Towers with Radar,18,25,51,0,94,9,4,9,0,22,27,29,60,0,116,0,0,0,116
04/14/2004,ILM,NC,ASO,EN,Towers with Radar,22,38,79,15,154,0,0,23,0,23,22,38,102,15,177,84,22,106,283
04/15/2004,ILM,NC,ASO,EN,Towers with Radar,26,44,91,13,174,0,1,44,0,45,26,45,135,13,219,48,10,58,277
04/16/2004,ILM,NC,ASO,EN,Towers with Radar,26,39,83,14,162,0,0,159,35,194,26,39,242,49,356,74,26,100,456
04/17/2004,ILM,NC,ASO,EN,Towers with Radar,17,24,51,9,101,0,0,99,1,100,17,24,150,10,201,30,0,30,231
04/18/2004,ILM,NC,ASO,EN,Towers with Radar,22,33,76,0,131,0,0,145,0,145,22,33,221,0,276,116,0,116,392
04/19/2004,ILM,NC,ASO,EN,Towers with Radar,24,30,64,11,129,7,3,63,3,76,31,33,127,14,205,176,36,212,417
04/20/2004,ILM,NC,ASO,EN,Towers with Radar,27,34,73,12,146,0,1,24,37,62,27,35,97,49,208,94,18,112,320
04/21/2004,ILM,NC,ASO,EN,Towers with Radar,27,30,77,13,147,0,0,41,39,80,27,30,118,52,227,66,68,134,361
04/22/2004,ILM,NC,ASO,EN,Towers with Radar,26,34,75,13,148,0,0,48,18,66,26,34,123,31,214,82,32,114,328
04/23/2004,ILM,NC,ASO,EN,Towers with Radar,23,31,67,11,132,0,1,87,7,95,23,32,154,18,227,66,10,76,303
04/24/2004,ILM,NC,ASO,EN,Towers with Radar,19,21,49,0,89,1,0,80,0,81,20,21,129,0,170,92,0,92,262
04/25/2004,ILM,NC,ASO,EN,Towers with Radar,23,21,61,2,107,1,0,110,0,111,24,21,171,2,218,128,0,128,346
04/26/2004,ILM,NC,ASO,EN,Towers with Radar,21,25,55,5,106,4,3,6,0,13,25,28,61,5,119,18,16,34,153
04/27/2004,ILM,NC,ASO,EN,Towers with Radar,24,29,62,6,121,3,5,48,0,56,27,34,110,6,177,32,8,40,217
04/28/2004,ILM,NC,ASO,EN,Towers with Radar,22,27,58,6,113,1,8,103,0,112,23,35,161,6,225,102,0,102,327
04/29/2004,ILM,NC,ASO,EN,Towers with Radar,27,35,75,13,150,0,5,58,2,65,27,40,133,15,215,68,24,92,307
04/30/2004,ILM,NC,ASO,EN,Towers with Radar,19,23,49,0,91,6,10,30,0,46,25,33,79,0,137,0,0,0,137
05/01/2004,ILM,NC,ASO,EN,Towers with Radar,16,21,27,0,64,8,3,0,0,11,24,24,27,0,75,0,0,0,75
05/02/2004,ILM,NC,ASO,EN,Towers with Radar,19,25,46,0,90,3,6,15,0,24,22,31,61,0,114,0,0,0,114
05/03/2004,ILM,NC,ASO,EN,Towers with Radar,21,27,50,7,105,2,5,15,0,22,23,32,65,7,127,16,0,16,143
05/04/2004,ILM,NC,ASO,EN,Towers with Radar,26,34,63,4,127,1,2,86,0,89,27,36,149,4,216,104,0,104,320
05/05/2004,ILM,NC,ASO,EN,Towers with Radar,24,34,69,12,139,0,0,88,26,114,24,34,157,38,253,80,24,104,357
05/06/2004,ILM,NC,ASO,EN,Towers with Radar,26,40,75,13,154,0,1,67,9,77,26,41,142,22,231,80,30,110,341
05/07/2004,ILM,NC,ASO,EN,Towers with Radar,23,38,71,12,144,0,3,70,28,101,23,41,141,40,245,36,22,58,303
05/08/2004,ILM,NC,ASO,EN,Towers with Radar,12,21,39,4,76,0,7,99,0,106,12,28,138,4,182,48,8,56,238
05/09/2004,ILM,NC,ASO,EN,Towers with Radar,16,22,40,1,79,3,1,73,0,77,19,23,113,1,156,76,0,76,232
05/10/2004,ILM,NC,ASO,EN,Towers with Radar,22,28,52,6,108,3,3,79,0,85,25,31,131,6,193,32,0,32,225
05/11/2004,ILM,NC,ASO,EN,Towers with Radar,23,30,55,9,117,0,6,50,10,66,23,36,105,19,183,48,20,68,251
05/12/2004,ILM,NC,ASO,EN,Towers with Radar,21,31,61,8,121,0,0,27,0,27,21,31,88,8,148,72,0,72,220
05/13/2004,ILM,NC,ASO,EN,Towers with Radar,22,29,56,9,116,0,0,88,3,91,22,29,144,12,207,70,24,94,301
05/14/2004,ILM,NC,ASO,EN,Towers with Radar,28,37,71,6,142,0,0,97,0,97,28,37,168,6,239,82,0,82,321
05/15/2004,ILM,NC,ASO,EN,Towers with Radar,18,16,40,0,74,7,0,59,0,66,25,16,99,0,140,44,0,44,184
05/16/2004,ILM,NC,ASO,EN,Towers with Radar,17,16,40,2,75,8,0,91,0,99,25,16,131,2,174,108,2,110,284
05/17/2004,ILM,NC,ASO,EN,Towers with Radar,21,29,57,9,116,0,3,54,23,80,21,32,111,32,196,26,0,26,222
05/18/2004,ILM,NC,ASO,EN,Towers with Radar,23,28,56,9,116,1,4,60,12,77,24,32,116,21,193,74,14,88,281
05/19/2004,ILM,NC,ASO,EN,Towers with Radar,25,33,71,11,140,0,0,49,4,53,25,33,120,15,193,22,22,44,237
05/20/2004,ILM,NC,ASO,EN,Towers with Radar,26,34,69,10,139,0,0,49,7,56,26,34,118,17,195,16,22,38,233
05/21/2004,ILM,NC,ASO,EN,Towers with Radar,23,33,65,10,131,0,6,35,13,54,23,39,100,23,185,80,80,160,345
05/22/2004,ILM,NC,ASO,EN,Towers with Radar,17,20,39,0,76,0,6,66,0,72,17,26,105,0,148,38,0,38,186
05/23/2004,ILM,NC,ASO,EN,Towers with Radar,19,12,45,3,79,1,0,73,0,74,20,12,118,3,153,60,0,60,213
05/24/2004,ILM,NC,ASO,EN,Towers with Radar,23,33,65,10,131,0,2,47,21,70,23,35,112,31,201,44,34,78,279
05/25/2004,ILM,NC,ASO,EN,Towers with Radar,25,33,64,10,132,0,2,74,7,83,25,35,138,17,215,110,14,124,339
05/26/2004,ILM,NC,ASO,EN,Towers with Radar,22,26,52,5,105,1,10,44,0,55,23,36,96,5,160,60,6,66,226
05/27/2004,ILM,NC,ASO,EN,Towers with Radar,26,34,65,6,131,0,4,42,0,46,26,38,107,6,177,82,0,82,259
05/28/2004,ILM,NC,ASO,EN,Towers with Radar,21,37,72,0,130,0,4,69,0,73,21,41,141,0,203,22,0,22,225
05/29/2004,ILM,NC,ASO,EN,Towers with Radar,18,18,41,3,80,6,0,62,0,68,24,18,103,3,148,40,0,40,188
05/30/2004,ILM,NC,ASO,EN,Towers with Radar,14,5,32,5,56,14,0,1,3,18,28,5,33,8,74,16,0,16,90
05/31/2004,ILM,NC,ASO,EN,Towers with Radar,22,31,61,0,114,0,0,61,0,61,22,31,122,0,175,34,0,34,209
06/01/2004,ILM,NC,ASO,EN,Towers with Radar,19,35,67,13,134,5,0,66,8,79,24,35,133,21,213,66,22,88,301
06/02/2004,ILM,NC,ASO,EN,Towers with Radar,18,33,62,12,125,6,0,44,3,53,24,33,106,15,178,18,28,46,224
06/03/2004,ILM,NC,ASO,EN,Towers with Radar,18,39,64,12,133,8,3,37,6,54,26,42,101,18,187,30,18,48,235
06/04/2004,ILM,NC,ASO,EN,Towers with Radar,14,31,50,10,105,10,1,12,5,28,24,32,62,15,133,46,20,66,199
06/05/2004,ILM,NC,ASO,EN,Towers with Radar,12,18,44,9,83,7,0,38,15,60,19,18,82,24,143,14,0,14,157
06/06/2004,ILM,NC,ASO,EN,Towers with Radar,14,15,49,9,87,13,0,35,0,48,27,15,84,9,135,16,0,16,151
06/07/2004,ILM,NC,ASO,EN,Towers with Radar,13,30,47,9,99,11,4,20,15,50,24,34,67,24,149,50,10,60,209
06/08/2004,ILM,NC,ASO,EN,Towers with Radar,15,34,55,11,115,7,3,36,7,53,22,37,91,18,168,64,42,106,274
06/09/2004,ILM,NC,ASO,EN,Towers with Radar,16,36,58,11,121,5,4,27,7,43,21,40,85,18,164,16,0,16,180
06/10/2004,ILM,NC,ASO,EN,Towers with Radar,16,31,55,11,113,5,0,53,5,63,21,31,108,16,176,18,2,20,196
06/11/2004,ILM,NC,ASO,EN,Towers with Radar,8,40,64,11,123,0,5,68,0,73,8,45,132,11,196,20,0,20,216
06/12/2004,ILM,NC,ASO,EN,Towers with Radar,15,18,54,11,98,9,0,34,3,46,24,18,88,14,144,48,0,48,192
06/13/2004,ILM,NC,ASO,EN,Towers with Radar,17,16,61,12,106,10,0,70,2,82,27,16,131,14,188,76,2,78,266
06/14/2004,ILM,NC,ASO,EN,Towers with Radar,16,18,55,10,99,1,0,35,18,54,17,18,90,28,153,46,12,58,211
06/15/2004,ILM,NC,ASO,EN,Towers with Radar,14,39,68,12,133,0,0,75,7,82,14,39,143,19,215,84,14,98,313
06/16/2004,ILM,NC,ASO,EN,Towers with Radar,12,37,63,11,123,0,14,51,14,79,12,51,114,25,202,42,16,58,260
06/17/2004,ILM,NC,ASO,EN,Towers with Radar,14,40,68,12,134,0,6,8,23,37,14,46,76,35,171,26,4,30,201
06/18/2004,ILM,NC,ASO,EN,Towers with Radar,12,47,79,15,153,0,9,90,22,121,12,56,169,37,274,58,34,92,366
06/19/2004,ILM,NC,ASO,EN,Towers with Radar,8,31,52,9,100,0,3,78,0,81,8,34,130,9,181,66,4,70,251
06/20/2004,ILM,NC,ASO,EN,Towers with Radar,10,30,59,10,109,0,0,87,3,90,10,30,146,13,199,36,0,36,235
06/21/2004,ILM,NC,ASO,EN,Towers with Radar,15,30,50,3,98,3,3,68,0,74,18,33,118,3,172,24,2,26,198
06/22/2004,ILM,NC,ASO,EN,Towers with Radar,12,37,63,11,123,0,3,53,16,72,12,40,116,27,195,14,18,32,227
06/23/2004,ILM,NC,ASO,EN,Towers with Radar,16,32,54,3,105,1,11,74,0,86,17,43,128,3,191,50,0,50,241
06/24/2004,ILM,NC,ASO,EN,Towers with Radar,13,39,65,4,121,0,9,46,0,55,13,48,111,4,176,66,2,68,244
06/25/2004,ILM,NC,ASO,EN,Towers with Radar,16,37,62,6,121,0,6,81,0,87,16,43,143,6,208,24,2,26,234
06/26/2004,ILM,NC,ASO,EN,Towers with Radar,6,28,47,8,89,0,6,35,4,45,6,34,82,12,134,32,0,32,166
06/27/2004,ILM,NC,ASO,EN,Towers with Radar,12,30,55,0,97,0,0,68,0,68,12,30,123,0,165,68,0,68,233
06/28/2004,ILM,NC,ASO,EN,Towers with Radar,10,37,60,6,113,0,16,71,0,87,10,53,131,6,200,46,8,54,254
06/29/2004,ILM,NC,ASO,EN,Towers with Radar,11,40,65,7,123,0,11,77,0,88,11,51,142,7,211,54,6,60,271
06/30/2004,ILM,NC,ASO,EN,Towers with Radar,10,30,47,2,89,0,15,47,0,62,10,45,94,2,151,14,0,14,165
07/01/2004,ILM,NC,ASO,EN,Towers with Radar,9,46,81,10,146,0,0,37,6,43,9,46,118,16,189,62,0,62,251
07/02/2004,ILM,NC,ASO,EN,Towers with Radar,11,39,71,0,121,0,0,72,0,72,11,39,143,0,193,12,0,12,205
07/03/2004,ILM,NC,ASO,EN,Towers with Radar,7,28,44,1,80,0,2,38,0,40,7,30,82,1,120,8,0,8,128
07/04/2004,ILM,NC,ASO,EN,Towers with Radar,6,19,30,2,57,1,6,43,0,50,7,25,73,2,107,6,0,6,113
07/05/2004,ILM,NC,ASO,EN,Towers with Radar,10,31,57,1,99,3,0,70,0,73,13,31,127,1,172,46,0,46,218
07/06/2004,ILM,NC,ASO,EN,Towers with Radar,10,46,71,9,136,0,3,75,10,88,10,49,146,19,224,8,26,34,258
07/07/2004,ILM,NC,ASO,EN,Towers with Radar,11,48,74,9,142,0,7,68,4,79,11,55,142,13,221,44,6,50,271
07/08/2004,ILM,NC,ASO,EN,Towers with Radar,11,38,59,7,115,2,4,33,3,42,13,42,92,10,157,22,2,24,181
07/09/2004,ILM,NC,ASO,EN,Towers with Radar,13,46,71,7,137,2,6,54,0,62,15,52,125,7,199,16,4,20,219
07/10/2004,ILM,NC,ASO,EN,Towers with Radar,9,28,47,3,87,6,0,28,0,34,15,28,75,3,121,4,0,4,125
07/11/2004,ILM,NC,ASO,EN,Towers with Radar,10,31,62,4,107,0,0,53,0,53,10,31,115,4,160,64,0,64,224
07/12/2004,ILM,NC,ASO,EN,Towers with Radar,9,32,50,6,97,0,4,19,1,24,9,36,69,7,121,18,0,18,139
07/13/2004,ILM,NC,ASO,EN,Towers with Radar,12,44,68,8,132,2,2,36,11,51,14,46,104,19,183,22,30,52,235
07/14/2004,ILM,NC,ASO,EN,Towers with Radar,10,45,69,9,133,0,2,32,23,57,10,47,101,32,190,58,20,78,268
07/15/2004,ILM,NC,ASO,EN,Towers with Radar,8,48,74,10,140,0,8,61,13,82,8,56,135,23,222,46,18,64,286
07/16/2004,ILM,NC,ASO,EN,Towers with Radar,8,34,50,7,99,0,9,104,0,113,8,43,154,7,212,42,6,48,260
07/17/2004,ILM,NC,ASO,EN,Towers with Radar,7,25,37,1,70,3,6,27,0,36,10,31,64,1,106,0,0,0,106
07/18/2004,ILM,NC,ASO,EN,Towers with Radar,8,27,49,0,84,5,0,39,0,44,13,27,88,0,128,68,0,68,196
07/19/2004,ILM,NC,ASO,EN,Towers with Radar,11,45,67,9,132,3,2,52,2,59,14,47,119,11,191,16,2,18,209
07/20/2004,ILM,NC,ASO,EN,Towers with Radar,10,42,62,9,123,1,4,55,10,70,11,46,117,19,193,18,20,38,231
07/21/2004,ILM,NC,ASO,EN,Towers with Radar,8,47,69,10,134,0,1,65,24,90,8,48,134,34,224,60,16,76,300
07/22/2004,ILM,NC,ASO,EN,Towers with Radar,9,49,73,10,141,0,4,47,11,62,9,53,120,21,203,14,28,42,245
07/23/2004,ILM,NC,ASO,EN,Towers with Radar,7,52,77,2,138,0,2,29,0,31,7,54,106,2,169,26,0,26,195
07/24/2004,ILM,NC,ASO,EN,Towers with Radar,7,32,46,3,88,0,2,31,0,33,7,34,77,3,121,20,0,20,141
07/25/2004,ILM,NC,ASO,EN,Towers with Radar,8,23,53,2,86,0,0,27,0,27,8,23,80,2,113,26,0,26,139
07/26/2004,ILM,NC,ASO,EN,Towers with Radar,10,43,68,9,130,0,0,56,11,67,10,43,124,20,197,62,14,76,273
07/27/2004,ILM,NC,ASO,EN,Towers with Radar,11,44,70,10,135,0,0,44,10,54,11,44,114,20,189,76,0,76,265
07/28/2004,ILM,NC,ASO,EN,Towers with Radar,9,36,53,3,101,3,15,16,0,34,12,51,69,3,135,30,0,30,165
07/29/2004,ILM,NC,ASO,EN,Towers with Radar,11,42,64,0,117,8,0,36,0,44,19,42,100,0,161,4,0,4,165
07/30/2004,ILM,NC,ASO,EN,Towers with Radar,10,39,58,1,108,0,5,47,0,52,10,44,105,1,160,34,0,34,194
07/31/2004,ILM,NC,ASO,EN,Towers with Radar,7,30,46,3,86,1,7,24,0,32,8,37,70,3,118,6,0,6,124
08/01/2004,ILM,NC,ASO,EN,Towers with Radar,7,30,37,0,74,2,5,13,0,20,9,35,50,0,94,20,0,20,114
08/02/2004,ILM,NC,ASO,EN,Towers with Radar,7,33,40,5,85,0,9,0,2,11,7,42,40,7,96,8,12,20,116
08/03/2004,ILM,NC,ASO,EN,Towers with Radar,10,36,45,5,96,1,8,21,0,30,11,44,66,5,126,44,0,44,170
08/04/2004,ILM,NC,ASO,EN,Towers with Radar,11,40,49,6,106,0,4,72,0,76,11,44,121,6,182,38,2,40,222
08/05/2004,ILM,NC,ASO,EN,Towers with Radar,12,45,63,5,125,0,0,50,0,50,12,45,113,5,175,14,0,14,189
08/06/2004,ILM,NC,ASO,EN,Towers with Radar,12,48,70,5,135,0,0,71,0,71,12,48,141,5,206,30,0,30,236
08/07/2004,ILM,NC,ASO,EN,Towers with Radar,7,36,47,0,90,0,0,113,0,113,7,36,160,0,203,8,0,8,211
08/08/2004,ILM,NC,ASO,EN,Towers with Radar,7,44,58,1,110,0,0,106,0,106,7,44,164,1,216,66,0,66,282
08/09/2004,ILM,NC,ASO,EN,Towers with Radar,12,50,62,8,132,0,0,77,7,84,12,50,139,15,216,96,10,106,322
08/10/2004,ILM,NC,ASO,EN,Towers with Radar,6,48,60,2,116,0,16,85,0,101,6,64,145,2,217,60,0,60,277
08/11/2004,ILM,NC,ASO,EN,Towers with Radar,11,44,64,8,127,0,0,65,2,67,11,44,129,10,194,10,2,12,206
08/12/2004,ILM,NC,ASO,EN,Towers with Radar,8,33,41,5,87,3,7,9,1,20,11,40,50,6,107,0,0,0,107
08/13/2004,ILM,NC,ASO,EN,Towers with Radar,8,38,48,1,95,2,18,16,0,36,10,56,64,1,131,0,0,0,131
08/14/2004,ILM,NC,ASO,EN,Towers with Radar,1,4,9,1,15,1,0,5,0,6,2,4,14,1,21,0,0,0,21
08/15/2004,ILM,NC,ASO,EN,Towers with Radar,6,26,34,0,66,5,0,3,0,8,11,26,37,0,74,0,0,0,74
08/16/2004,ILM,NC,ASO,EN,Towers with Radar,10,51,62,9,132,0,12,44,29,85,10,63,106,38,217,44,30,74,291
08/17/2004,ILM,NC,ASO,EN,Towers with Radar,10,53,64,9,136,0,0,62,3,65,10,53,126,12,201,54,6,60,261
08/18/2004,ILM,NC,ASO,EN,Towers with Radar,12,54,69,9,144,0,0,66,0,66,12,54,135,9,210,30,0,30,240
08/19/2004,ILM,NC,ASO,EN,Towers with Radar,11,54,65,9,139,0,2,86,2,90,11,56,151,11,229,76,8,84,313
08/20/2004,ILM,NC,ASO,EN,Towers with Radar,9,53,65,8,135,0,0,76,0,76,9,53,141,8,211,48,12,60,271
08/21/2004,ILM,NC,ASO,EN,Towers with Radar,5,31,37,5,78,0,9,47,0,56,5,40,84,5,134,34,0,34,168
08/22/2004,ILM,NC,ASO,EN,Towers with Radar,10,34,57,5,106,4,0,48,0,52,14,34,105,5,158,72,0,72,230
08/23/2004,ILM,NC,ASO,EN,Towers with Radar,9,41,51,5,106,6,0,43,0,49,15,41,94,5,155,3,0,3,158
08/24/2004,ILM,NC,ASO,EN,Towers with Radar,11,53,63,9,136,2,5,49,2,58,13,58,112,11,194,18,0,18,212
08/25/2004,ILM,NC,ASO,EN,Towers with Radar,10,56,67,9,142,0,0,50,3,53,10,56,117,12,195,64,8,72,267
08/26/2004,ILM,NC,ASO,EN,Towers with Radar,6,55,79,10,150,0,0,32,34,66,6,55,111,44,216,20,18,38,254
08/27/2004,ILM,NC,ASO,EN,Towers with Radar,9,56,69,9,143,0,0,58,0,58,9,56,127,9,201,10,0,10,211
08/28/2004,ILM,NC,ASO,EN,Towers with Radar,8,30,44,3,85,8,0,34,0,42,16,30,78,3,127,26,0,26,153
08/29/2004,ILM,NC,ASO,EN,Towers with Radar,4,20,26,0,50,8,0,11,0,19,12,20,37,0,69,0,0,0,69
08/30/2004,ILM,NC,ASO,EN,Towers with Radar,10,46,56,7,119,0,6,1,17,24,10,52,57,24,143,32,0,32,175
08/31/2004,ILM,NC,ASO,EN,Towers with Radar,8,53,64,8,133,0,2,16,7,25,8,55,80,15,158,30,26,56,214
09/01/2004,ILM,NC,ASO,EN,Towers with Radar,6,45,48,0,99,0,8,4,0,12,6,53,52,0,111,0,0,0,111
09/02/2004,ILM,NC,ASO,EN,Towers with Radar,6,61,65,11,143,0,1,109,0,110,6,62,174,11,253,52,8,60,313
09/03/2004,ILM,NC,ASO,EN,Towers with Radar,8,58,61,10,137,0,7,23,7,37,8,65,84,17,174,2,6,8,182
09/04/2004,ILM,NC,ASO,EN,Towers with Radar,5,22,25,2,54,8,5,50,0,63,13,27,75,2,117,42,0,42,159
09/05/2004,ILM,NC,ASO,EN,Towers with Radar,5,21,24,0,50,2,4,28,0,34,7,25,52,0,84,36,0,36,120
09/06/2004,ILM,NC,ASO,EN,Towers with Radar,6,26,28,0,60,5,0,5,0,10,11,26,33,0,70,18,0,18,88
09/07/2004,ILM,NC,ASO,EN,Towers with Radar,8,37,27,4,76,4,4,0,0,8,12,41,27,4,84,0,0,0,84
09/08/2004,ILM,NC,ASO,EN,Towers with Radar,6,38,33,6,83,0,4,0,4,8,6,42,33,10,91,0,12,12,103
09/09/2004,ILM,NC,ASO,EN,Towers with Radar,7,61,65,11,144,0,1,35,15,51,7,62,100,26,195,14,20,34,229
09/10/2004,ILM,NC,ASO,EN,Towers with Radar,5,51,61,10,127,0,0,52,0,52,5,51,113,10,179,14,0,14,193
09/11/2004,ILM,NC,ASO,EN,Towers with Radar,6,33,35,0,74,0,3,47,0,50,6,36,82,0,124,18,0,18,142
09/12/2004,ILM,NC,ASO,EN,Towers with Radar,7,21,37,2,67,5,0,90,0,95,12,21,127,2,162,36,0,36,198
09/13/2004,ILM,NC,ASO,EN,Towers with Radar,8,41,47,9,105,5,0,49,6,60,13,41,96,15,165,56,4,60,225
09/14/2004,ILM,NC,ASO,EN,Towers with Radar,9,44,50,2,105,3,0,8,0,11,12,44,58,2,116,12,0,12,128
09/15/2004,ILM,NC,ASO,EN,Towers with Radar,6,47,59,10,122,0,0,10,13,23,6,47,69,23,145,8,32,40,185
09/16/2004,ILM,NC,ASO,EN,Towers with Radar,6,40,42,8,96,0,7,24,16,47,6,47,66,24,143,38,14,52,195
09/17/2004,ILM,NC,ASO,EN,Towers with Radar,5,33,34,6,78,0,14,4,0,18,5,47,38,6,96,26,0,26,122
09/18/2004,ILM,NC,ASO,EN,Towers with Radar,5,29,29,1,64,1,5,4,0,10,6,34,33,1,74,12,0,12,86
09/19/2004,ILM,NC,ASO,EN,Towers with Radar,3,31,35,7,76,0,0,36,0,36,3,31,71,7,112,6,1,7,119
09/20/2004,ILM,NC,ASO,EN,Towers with Radar,7,38,39,4,88,0,9,24,0,33,7,47,63,4,121,2,0,2,123
09/21/2004,ILM,NC,ASO,EN,Towers with Radar,9,45,61,11,126,0,0,60,40,100,9,45,121,51,226,64,42,106,332
09/22/2004,ILM,NC,ASO,EN,Towers with Radar,9,50,51,9,119,6,4,111,10,131,15,54,162,19,250,122,26,148,398
09/23/2004,ILM,NC,ASO,EN,Towers with Radar,9,49,51,9,118,1,1,82,3,87,10,50,133,12,205,50,10,60,265
09/24/2004,ILM,NC,ASO,EN,Towers with Radar,10,46,55,2,113,3,0,66,0,69,13,46,121,2,182,38,4,42,224
09/25/2004,ILM,NC,ASO,EN,Towers with Radar,5,30,35,3,73,0,0,72,0,72,5,30,107,3,145,20,0,20,165
09/26/2004,ILM,NC,ASO,EN,Towers with Radar,4,39,45,5,93,0,0,41,0,41,4,39,86,5,134,36,0,36,170
09/27/2004,ILM,NC,ASO,EN,Towers with Radar,5,27,20,0,52,1,10,0,0,11,6,37,20,0,63,10,0,10,73
09/28/2004,ILM,NC,ASO,EN,Towers with Radar,5,31,20,5,61,3,25,0,1,29,8,56,20,6,90,0,0,0,90
09/29/2004,ILM,NC,ASO,EN,Towers with Radar,8,54,56,9,127,0,0,109,3,112,8,54,165,12,239,0,4,4,243
09/30/2004,ILM,NC,ASO,EN,Towers with Radar,10,48,54,9,121,2,0,38,0,40,12,48,92,9,161,28,24,52,213
10/01/2004,ILM,NC,ASO,EN,Towers with Radar,10,49,70,9,138,0,0,12,3,15,10,49,82,12,153,14,4,18,171
10/02/2004,ILM,NC,ASO,EN,Towers with Radar,5,40,42,0,87,0,4,12,0,16,5,44,54,0,103,30,0,30,133
10/03/2004,ILM,NC,ASO,EN,Towers with Radar,3,37,48,0,88,0,0,77,0,77,3,37,125,0,165,30,0,30,195
10/04/2004,ILM,NC,ASO,EN,Towers with Radar,6,51,50,6,113,0,0,40,5,45,6,51,90,11,158,20,12,32,190
10/05/2004,ILM,NC,ASO,EN,Towers with Radar,8,50,48,13,119,0,0,69,1,70,8,50,117,14,189,28,8,36,225
10/06/2004,ILM,NC,ASO,EN,Towers with Radar,8,53,60,4,125,0,3,44,0,47,8,56,104,4,172,2,4,6,178
10/07/2004,ILM,NC,ASO,EN,Towers with Radar,12,52,82,7,153,0,4,86,4,94,12,56,168,11,247,70,22,92,339
10/08/2004,ILM,NC,ASO,EN,Towers with Radar,12,45,79,3,139,0,1,114,2,117,12,46,193,5,256,78,4,82,338
10/09/2004,ILM,NC,ASO,EN,Towers with Radar,6,31,33,0,70,0,2,89,0,91,6,33,122,0,161,12,0,12,173
10/10/2004,ILM,NC,ASO,EN,Towers with Radar,4,34,60,2,100,0,3,107,2,112,4,37,167,4,212,78,10,88,300
10/11/2004,ILM,NC,ASO,EN,Towers with Radar,6,41,69,12,128,0,2,55,0,57,6,43,124,12,185,24,2,26,211
10/12/2004,ILM,NC,ASO,EN,Towers with Radar,12,48,58,33,151,0,3,69,2,74,12,51,127,35,225,64,46,110,335
10/13/2004,ILM,NC,ASO,EN,Towers with Radar,13,45,48,19,125,0,1,4,1,6,13,46,52,20,131,10,4,14,145
10/14/2004,ILM,NC,ASO,EN,Towers with Radar,10,53,85,26,174,0,1,42,7,50,10,54,127,33,224,32,14,46,270
10/15/2004,ILM,NC,ASO,EN,Towers with Radar,13,54,44,6,117,0,1,24,0,25,13,55,68,6,142,2,2,4,146
10/16/2004,ILM,NC,ASO,EN,Towers with Radar,10,29,51,4,94,0,3,85,9,97,10,32,136,13,191,28,0,28,219
10/17/2004,ILM,NC,ASO,EN,Towers with Radar,11,29,51,11,102,0,0,77,0,77,11,29,128,11,179,22,10,32,211
10/18/2004,ILM,NC,ASO,EN,Towers with Radar,12,41,42,11,106,0,1,69,22,92,12,42,111,33,198,32,38,70,268
10/19/2004,ILM,NC,ASO,EN,Towers with Radar,12,42,66,21,141,0,3,35,3,41,12,45,101,24,182,62,18,80,262
10/20/2004,ILM,NC,ASO,EN,Towers with Radar,6,48,73,16,143,0,0,19,0,19,6,48,92,16,162,0,22,22,184
10/21/2004,ILM,NC,ASO,EN,Towers with Radar,6,59,75,27,167,0,4,13,0,17,6,63,88,27,184,20,8,28,212
10/22/2004,ILM,NC,ASO,EN,Towers with Radar,12,44,56,38,150,0,0,0,6,6,12,44,56,44,156,0,14,14,170
10/23/2004,ILM,NC,ASO,EN,Towers with Radar,12,28,49,0,89,0,1,66,1,68,12,29,115,1,157,30,0,30,187
10/24/2004,ILM,NC,ASO,EN,Towers with Radar,13,27,51,0,91,0,0,52,0,52,13,27,103,0,143,122,0,122,265
10/25/2004,ILM,NC,ASO,EN,Towers with Radar,10,44,80,3,137,0,2,18,1,21,10,46,98,4,158,38,0,38,196
10/26/2004,ILM,NC,ASO,EN,Towers with Radar,12,46,42,30,130,0,3,41,0,44,12,49,83,30,174,50,28,78,252
10/27/2004,ILM,NC,ASO,EN,Towers with Radar,6,51,68,18,143,0,3,56,3,62,6,54,124,21,205,54,16,70,275
10/28/2004,ILM,NC,ASO,EN,Towers with Radar,15,56,67,29,167,0,6,48,5,59,15,62,115,34,226,46,20,66,292
10/29/2004,ILM,NC,ASO,EN,Towers with Radar,6,50,64,8,128,0,1,7,3,11,6,51,71,11,139,2,0,2,141
10/30/2004,ILM,NC,ASO,EN,Towers with Radar,12,30,33,0,75,0,0,190,0,190,12,30,223,0,265,30,0,30,295
10/31/2004,ILM,NC,ASO,EN,Towers with Radar,11,36,45,0,92,0,0,71,2,73,11,36,116,2,165,32,0,32,197
11/01/2004,ILM,NC,ASO,EN,Combined TRACON& Tower with Radar,12,41,68,4,125,0,7,60,2,69,12,48,128,6,194,8,0,8,202
11/02/2004,ILM,NC,ASO,EN,Combined TRACON& Tower with Radar,11,44,62,17,134,0,2,32,7,41,11,46,94,24,175,30,6,36,211
11/03/2004,ILM,NC,ASO,EN,Combined TRACON& Tower with Radar,6,59,52,24,141,0,5,33,9,47,6,64,85,33,188,48,34,82,270
11/04/2004,ILM,NC,ASO,EN,Combined TRACON& Tower with Radar,6,50,43,7,106,0,2,7,3,12,6,52,50,10,118,23,1,24,142
11/05/2004,ILM,NC,ASO,EN,Combined TRACON& Tower with Radar,8,54,53,9,124,0,12,79,4,95,8,66,132,13,219,62,22,84,303
11/06/2004,ILM,NC,ASO,EN,Combined TRACON& Tower with Radar,11,28,16,0,55,0,0,98,0,98,11,28,114,0,153,28,0,28,181
11/07/2004,ILM,NC,ASO,EN,Combined TRACON& Tower with Radar,10,29,56,4,99,0,1,102,2,105,10,30,158,6,204,44,4,48,252
11/08/2004,ILM,NC,ASO,EN,Combined TRACON& Tower with Radar,13,31,31,4,79,0,4,51,0,55,13,35,82,4,134,16,4,20,154
11/09/2004,ILM,NC,ASO,EN,Combined TRACON& Tower with Radar,6,55,48,6,115,0,7,48,6,61,6,62,96,12,176,6,8,14,190
11/10/2004,ILM,NC,ASO,EN,Combined TRACON& Tower with Radar,14,45,61,25,145,0,1,71,6,78,14,46,132,31,223,70,26,96,319
11/11/2004,ILM,NC,ASO,EN,Combined TRACON& Tower with Radar,6,46,88,2,142,0,1,29,0,30,6,47,117,2,172,66,4,70,242
11/12/2004,ILM,NC,ASO,EN,Combined TRACON& Tower with Radar,14,45,49,4,112,0,4,7,0,11,14,49,56,4,123,6,4,10,133
11/13/2004,ILM,NC,ASO,EN,Combined TRACON& Tower with Radar,4,34,36,0,74,0,0,1,0,1,4,34,37,0,75,2,0,2,77
11/14/2004,ILM,NC,ASO,EN,Combined TRACON& Tower with Radar,11,23,60,0,94,0,3,79,2,84,11,26,139,2,178,86,0,86,264
11/15/2004,ILM,NC,ASO,EN,Combined TRACON& Tower with Radar,6,58,43,6,113,0,0,43,9,52,6,58,86,15,165,60,24,84,249
11/16/2004,ILM,NC,ASO,EN,Combined TRACON& Tower with Radar,11,51,55,6,123,0,1,35,0,36,11,52,90,6,159,8,6,14,173
11/17/2004,ILM,NC,ASO,EN,Combined TRACON& Tower with Radar,14,42,54,5,115,0,2,65,0,67,14,44,119,5,182,8,0,8,190
11/18/2004,ILM,NC,ASO,EN,Combined TRACON& Tower with Radar,14,40,66,9,129,0,5,0,0,5,14,45,66,9,134,2,6,8,142
11/19/2004,ILM,NC,ASO,EN,Combined TRACON& Tower with Radar,12,41,61,5,119,0,1,51,0,52,12,42,112,5,171,12,26,38,209
11/20/2004,ILM,NC,ASO,EN,Combined TRACON& Tower with Radar,7,32,40,3,82,0,2,43,0,45,7,34,83,3,127,26,0,26,153
11/21/2004,ILM,NC,ASO,EN,Combined TRACON& Tower with Radar,8,36,57,4,105,0,0,55,0,55,8,36,112,4,160,58,0,58,218
11/22/2004,ILM,NC,ASO,EN,Combined TRACON& Tower with Radar,6,47,57,14,124,0,2,10,2,14,6,49,67,16,138,6,4,10,148
11/23/2004,ILM,NC,ASO,EN,Combined TRACON& Tower with Radar,14,50,55,12,131,0,0,6,0,6,14,50,61,12,137,14,2,16,153
11/24/2004,ILM,NC,ASO,EN,Combined TRACON& Tower with Radar,14,59,78,8,159,0,0,10,2,12,14,59,88,10,171,2,4,6,177
11/25/2004,ILM,NC,ASO,EN,Combined TRACON& Tower with Radar,16,18,34,0,68,0,0,12,0,12,16,18,46,0,80,0,0,0,80
11/26/2004,ILM,NC,ASO,EN,Combined TRACON& Tower with Radar,12,43,40,11,106,0,5,88,1,94,12,48,128,12,200,34,0,34,234
11/27/2004,ILM,NC,ASO,EN,Combined TRACON& Tower with Radar,4,39,64,0,107,0,2,59,0,61,4,41,123,0,168,56,0,56,224
11/28/2004,ILM,NC,ASO,EN,Combined TRACON& Tower with Radar,6,55,107,10,178,0,1,47,2,50,6,56,154,12,228,26,2,28,256
11/29/2004,ILM,NC,ASO,EN,Combined TRACON& Tower with Radar,6,52,51,1,110,0,2,69,7,78,6,54,120,8,188,28,0,28,216
11/30/2004,ILM,NC,ASO,EN,Combined TRACON& Tower with Radar,6,59,59,14,138,0,3,53,2,58,6,62,112,16,196,44,10,54,250
12/01/2004,ILM,NC,ASO,EN,Combined TRACON& Tower with Radar,13,49,45,17,124,0,2,12,4,18,13,51,57,21,142,20,20,40,182
12/02/2004,ILM,NC,ASO,EN,Combined TRACON& Tower with Radar,15,47,44,8,114,0,1,64,2,67,15,48,108,10,181,10,18,28,209
12/03/2004,ILM,NC,ASO,EN,Combined TRACON& Tower with Radar,15,44,76,18,153,0,2,52,16,70,15,46,128,34,223,12,16,28,251
12/04/2004,ILM,NC,ASO,EN,Combined TRACON& Tower with Radar,6,29,29,2,66,0,0,67,1,68,6,29,96,3,134,30,0,30,164
12/05/2004,ILM,NC,ASO,EN,Combined TRACON& Tower with Radar,8,33,53,5,99,0,3,89,0,92,8,36,142,5,191,42,0,42,233
12/06/2004,ILM,NC,ASO,EN,Combined TRACON& Tower with Radar,6,49,44,0,99,0,1,17,0,18,6,50,61,0,117,10,0,10,127
12/07/2004,ILM,NC,ASO,EN,Combined TRACON& Tower with Radar,15,45,51,2,113,0,0,17,6,23,15,45,68,8,136,6,24,30,166
12/08/2004,ILM,NC,ASO,EN,Combined TRACON& Tower with Radar,17,42,63,4,126,0,6,63,4,73,17,48,126,8,199,54,0,54,253
12/09/2004,ILM,NC,ASO,EN,Combined TRACON& Tower with Radar,14,46,47,12,119,0,0,9,0,9,14,46,56,12,128,8,0,8,136
12/10/2004,ILM,NC,ASO,EN,Combined TRACON& Tower with Radar,12,40,47,1,100,0,3,8,0,11,12,43,55,1,111,0,0,0,111
12/11/2004,ILM,NC,ASO,EN,Combined TRACON& Tower with Radar,5,35,49,0,89,0,1,31,2,34,5,36,80,2,123,26,0,26,149
12/12/2004,ILM,NC,ASO,EN,Combined TRACON& Tower with Radar,10,24,50,0,84,0,2,75,2,79,10,26,125,2,163,38,0,38,201
12/13/2004,ILM,NC,ASO,EN,Combined TRACON& Tower with Radar,18,52,62,19,151,0,6,48,3,57,18,58,110,22,208,26,14,40,248
12/14/2004,ILM,NC,ASO,EN,Combined TRACON& Tower with Radar,13,52,64,8,137,0,2,51,0,53,13,54,115,8,190,44,0,44,234
12/15/2004,ILM,NC,ASO,EN,Combined TRACON& Tower with Radar,11,52,65,8,136,0,6,42,7,55,11,58,107,15,191,4,6,10,201
12/16/2004,ILM,NC,ASO,EN,Combined TRACON& Tower with Radar,8,52,103,9,172,0,6,0,0,6,8,58,103,9,178,50,6,56,234
12/17/2004,ILM,NC,ASO,EN,Combined TRACON& Tower with Radar,6,54,58,0,118,0,2,48,0,50,6,56,106,0,168,32,0,32,200
12/18/2004,ILM,NC,ASO,EN,Combined TRACON& Tower with Radar,5,47,43,22,117,0,423,100,4,527,5,470,143,26,644,112,14,126,770
12/19/2004,ILM,NC,ASO,EN,Combined TRACON& Tower with Radar,12,31,45,2,90,0,0,43,0,43,12,31,88,2,133,26,0,26,159
12/20/2004,ILM,NC,ASO,EN,Combined TRACON& Tower with Radar,6,56,37,4,103,0,1,13,0,14,6,57,50,4,117,10,0,10,127
12/21/2004,ILM,NC,ASO,EN,Combined TRACON& Tower with Radar,10,60,48,5,123,0,3,47,5,55,10,63,95,10,178,37,18,55,233
12/22/2004,ILM,NC,ASO,EN,Combined TRACON& Tower with Radar,12,65,86,19,182,0,2,32,2,36,12,67,118,21,218,8,26,34,252
12/23/2004,ILM,NC,ASO,EN,Combined TRACON& Tower with Radar,5,69,48,4,126,0,2,3,0,5,5,71,51,4,131,0,0,0,131
12/24/2004,ILM,NC,ASO,EN,Combined TRACON& Tower with Radar,7,52,49,0,108,0,0,6,0,6,7,52,55,0,114,0,0,0,114
12/25/2004,ILM,NC,ASO,EN,Combined TRACON& Tower with Radar,13,29,29,0,71,0,0,17,0,17,13,29,46,0,88,0,0,0,88
12/26/2004,ILM,NC,ASO,EN,Combined TRACON& Tower with Radar,9,32,62,0,103,0,0,1,0,1,9,32,63,0,104,0,0,0,104
12/27/2004,ILM,NC,ASO,EN,Combined TRACON& Tower with Radar,0,52,88,0,140,0,0,28,0,28,0,52,116,0,168,4,0,4,172
12/28/2004,ILM,NC,ASO,EN,Combined TRACON& Tower with Radar,13,66,63,6,148,0,2,54,14,70,13,68,117,20,218,16,12,28,246
12/29/2004,ILM,NC,ASO,EN,Combined TRACON& Tower with Radar,7,59,48,10,124,0,4,42,6,52,7,63,90,16,176,12,8,20,196
12/30/2004,ILM,NC,ASO,EN,Combined TRACON& Tower with Radar,6,66,74,0,146,0,0,65,0,65,6,66,139,0,211,44,0,44,255
12/31/2004,ILM,NC,ASO,EN,Combined TRACON& Tower with Radar,6,49,43,0,98,0,4,45,0,49,6,53,88,0,147,2,0,2,149
01/01/2005,ILM,NC,ASO,EN,Combined TRACON& Tower with Radar,17,49,77,0,143,0,0,45,0,45,17,49,122,0,188,28,0,28,216
01/02/2005,ILM,NC,ASO,EN,Combined TRACON& Tower with Radar,13,83,123,1,220,0,0,57,0,57,13,83,180,1,277,32,0,32,309
01/03/2005,ILM,NC,ASO,EN,Combined TRACON& Tower with Radar,13,83,86,15,197,0,2,37,2,41,13,85,123,17,238,0,0,0,238
01/04/2005,ILM,NC,ASO,EN,Combined TRACON& Tower with Radar,10,57,70,2,139,0,3,46,5,54,10,60,116,7,193,26,0,26,219
01/05/2005,ILM,NC,ASO,EN,Combined TRACON& Tower with Radar,6,51,55,45,157,0,3,54,12,69,6,54,109,57,226,20,32,52,278
01/06/2005,ILM,NC,ASO,EN,Combined TRACON& Tower with Radar,7,63,58,24,152,0,4,37,2,43,7,67,95,26,195,46,16,62,257
01/07/2005,ILM,NC,ASO,EN,Combined TRACON& Tower with Radar,12,47,51,2,112,0,4,56,0,60,12,51,107,2,172,8,0,8,180
01/08/2005,ILM,NC,ASO,EN,Combined TRACON& Tower with Radar,17,29,29,1,76,0,0,31,0,31,17,29,60,1,107,24,0,24,131
01/09/2005,ILM,NC,ASO,EN,Combined TRACON& Tower with Radar,18,30,49,3,100,0,0,41,2,43,18,30,90,5,143,54,0,54,197
01/10/2005,ILM,NC,ASO,EN,Combined TRACON& Tower with Radar,12,51,41,0,104,0,0,45,0,45,12,51,86,0,149,56,0,56,205
01/11/2005,ILM,NC,ASO,EN,Combined TRACON& Tower with Radar,10,56,58,7,131,0,0,39,1,40,10,56,97,8,171,6,0,6,177
01/12/2005,ILM,NC,ASO,EN,Combined TRACON& Tower with Radar,13,53,55,18,139,0,3,27,6,36,13,56,82,24,175,30,20,50,225
01/13/2005,ILM,NC,ASO,EN,Combined TRACON& Tower with Radar,7,67,50,5,129,0,2,17,7,26,7,69,67,12,155,14,6,20,175
01/14/2005,ILM,NC,ASO,EN,Combined TRACON& Tower with Radar,6,63,48,13,130,0,1,2,1,4,6,64,50,14,134,0,0,0,134
01/15/2005,ILM,NC,ASO,EN,Combined TRACON& Tower with Radar,6,32,48,3,89,0,1,26,3,30,6,33,74,6,119,20,0,20,139
01/16/2005,ILM,NC,ASO,EN,Combined TRACON& Tower with Radar,12,36,57,1,106,0,0,7,0,7,12,36,64,1,113,0,0,0,113
01/17/2005,ILM,NC,ASO,EN,Combined TRACON& Tower with Radar,24,39,67,7,137,0,3,32,0,35,24,42,99,7,172,4,0,4,176
01/18/2005,ILM,NC,ASO,EN,Combined TRACON& Tower with Radar,15,45,44,38,142,0,2,61,3,66,15,47,105,41,208,10,38,48,256
01/19/2005,ILM,NC,ASO,EN,Combined TRACON& Tower with Radar,14,55,61,16,146,0,1,49,2,52,14,56,110,18,198,76,34,110,308
01/20/2005,ILM,NC,ASO,EN,Combined TRACON& Tower with Radar,8,57,56,6,127,0,1,65,3,69,8,58,121,9,196,42,7,49,245
01/21/2005,ILM,NC,ASO,EN,Combined TRACON& Tower with Radar,8,50,51,6,115,0,0,17,2,19,8,50,68,8,134,34,20,54,188
01/22/2005,ILM,NC,ASO,EN,Combined TRACON& Tower with Radar,6,30,25,0,61,0,1,3,0,4,6,31,28,0,65,0,0,0,65
01/23/2005,ILM,NC,ASO,EN,Combined TRACON& Tower with Radar,8,30,36,0,74,0,1,3,0,4,8,31,39,0,78,0,0,0,78
01/24/2005,ILM,NC,ASO,EN,Combined TRACON& Tower with Radar,14,54,55,10,133,0,1,37,3,41,14,55,92,13,174,24,0,24,198
01/25/2005,ILM,NC,ASO,EN,Combined TRACON& Tower with Radar,15,41,68,1,125,0,2,78,2,82,15,43,146,3,207,67,34,101,308
01/26/2005,ILM,NC,ASO,EN,Combined TRACON& Tower with Radar,6,60,84,33,183,0,5,39,2,46,6,65,123,35,229,30,28,58,287
01/27/2005,ILM,NC,ASO,EN,Combined TRACON& Tower with Radar,13,51,59,14,137,0,1,36,0,37,13,52,95,14,174,500,2,502,676
01/28/2005,ILM,NC,ASO,EN,Combined TRACON& Tower with Radar,6,59,71,4,140,0,4,22,0,26,6,63,93,4,166,8,0,8,174
01/29/2005,ILM,NC,ASO,EN,Combined TRACON& Tower with Radar,4,17,27,0,48,0,2,47,0,49,4,19,74,0,97,58,0,58,155
01/30/2005,ILM,NC,ASO,EN,Combined TRACON& Tower with Radar,13,25,34,0,72,0,0,12,0,12,13,25,46,0,84,10,0,10,94
01/31/2005,ILM,NC,ASO,EN,Combined TRACON& Tower with Radar,15,47,67,5,134,0,0,46,0,46,15,47,113,5,180,22,2,24,204
02/01/2005,ILM,NC,ASO,EN,Combined TRACON& Tower with Radar,9,52,55,2,118,0,0,62,0,62,9,52,117,2,180,70,0,70,250
02/02/2005,ILM,NC,ASO,EN,Combined TRACON& Tower with Radar,8,50,45,19,122,0,2,42,4,48,8,52,87,23,170,24,26,50,220
02/03/2005,ILM,NC,ASO,EN,Combined TRACON& Tower with Radar,8,59,60,31,158,0,0,3,4,7,8,59,63,35,165,8,16,24,189
02/04/2005,ILM,NC,ASO,EN,Combined TRACON& Tower with Radar,6,56,55,20,137,0,0,19,0,19,6,56,74,20,156,14,0,14,170
02/05/2005,ILM,NC,ASO,EN,Combined TRACON& Tower with Radar,5,29,50,1,85,0,3,61,1,65,5,32,111,2,150,50,0,50,200
02/06/2005,ILM,NC,ASO,EN,Combined TRACON& Tower with Radar,10,34,42,2,88,0,3,103,0,106,10,37,145,2,194,52,0,52,246
02/07/2005,ILM,NC,ASO,EN,Combined TRACON& Tower with Radar,13,50,67,24,154,0,1,48,2,51,13,51,115,26,205,18,22,40,245
02/08/2005,ILM,NC,ASO,EN,Combined TRACON& Tower with Radar,19,54,46,23,142,0,1,79,5,85,19,55,125,28,227,12,38,50,277
02/09/2005,ILM,NC,ASO,EN,Combined TRACON& Tower with Radar,12,49,48,12,121,0,0,23,2,25,12,49,71,14,146,14,6,20,166
02/10/2005,ILM,NC,ASO,EN,Combined TRACON& Tower with Radar,11,48,66,2,127,0,2,30,0,32,11,50,96,2,159,18,0,18,177
02/11/2005,ILM,NC,ASO,EN,Combined TRACON& Tower with Radar,13,47,46,0,106,0,2,49,1,52,13,49,95,1,158,0,0,0,158
02/12/2005,ILM,NC,ASO,EN,Combined TRACON& Tower with Radar,5,42,41,2,90,0,1,75,0,76,5,43,116,2,166,16,0,16,182
02/13/2005,ILM,NC,ASO,EN,Combined TRACON& Tower with Radar,9,36,86,0,131,0,2,109,1,112,9,38,195,1,243,52,0,52,295
02/14/2005,ILM,NC,ASO,EN,Combined TRACON& Tower with Radar,17,41,44,33,135,0,2,20,0,22,17,43,64,33,157,18,46,64,221
02/15/2005,ILM,NC,ASO,EN,Combined TRACON& Tower with Radar,14,49,69,2,134,0,0,35,0,35,14,49,104,2,169,24,0,24,193
02/16/2005,ILM,NC,ASO,EN,Combined TRACON& Tower with Radar,10,64,61,5,140,0,0,18,2,20,10,64,79,7,160,32,0,32,192
02/17/2005,ILM,NC,ASO,EN,Combined TRACON& Tower with Radar,13,61,108,1,183,0,1,49,9,59,13,62,157,10,242,48,0,48,290
02/18/2005,ILM,NC,ASO,EN,Combined TRACON& Tower with Radar,11,68,75,4,158,0,6,43,4,53,11,74,118,8,211,12,4,16,227
02/19/2005,ILM,NC,ASO,EN,Combined TRACON& Tower with Radar,12,46,65,2,125,0,3,80,0,83,12,49,145,2,208,6,0,6,214
02/20/2005,ILM,NC,ASO,EN,Combined TRACON& Tower with Radar,15,26,59,6,106,0,0,79,3,82,15,26,138,9,188,58,4,62,250
02/21/2005,ILM,NC,ASO,EN,Combined TRACON& Tower with Radar,10,45,112,4,171,0,0,2,0,2,10,45,114,4,173,0,0,0,173
02/22/2005,ILM,NC,ASO,EN,Combined TRACON& Tower with Radar,15,73,103,3,194,0,0,47,1,48,15,73,150,4,242,8,1,9,251
02/23/2005,ILM,NC,ASO,EN,Combined TRACON& Tower with Radar,11,57,69,24,161,0,2,71,2,75,11,59,140,26,236,56,14,70,306
02/24/2005,ILM,NC,ASO,EN,Combined TRACON& Tower with Radar,10,57,47,3,117,0,0,0,0,0,10,57,47,3,117,0,0,0,117
02/25/2005,ILM,NC,ASO,EN,Combined TRACON& Tower with Radar,12,59,103,18,192,0,8,28,0,36,12,67,131,18,228,20,18,38,266
02/26/2005,ILM,NC,ASO,EN,Combined TRACON& Tower with Radar,8,40,93,2,143,0,1,96,2,99,8,41,189,4,242,38,4,42,284
02/27/2005,ILM,NC,ASO,EN,Combined TRACON& Tower with Radar,12,45,63,0,120,0,0,38,0,38,12,45,101,0,158,6,0,6,164
02/28/2005,ILM,NC,ASO,EN,Combined TRACON& Tower with Radar,10,47,25,2,84,0,0,0,2,2,10,47,25,4,86,0,18,18,104
03/01/2005,ILM,NC,ASO,EN,Combined TRACON& Tower with Radar,21,39,64,28,152,0,2,12,8,22,21,41,76,36,174,1,54,55,229
03/02/2005,ILM,NC,ASO,EN,Combined TRACON& Tower with Radar,11,53,55,30,149,0,7,22,2,31,11,60,77,32,180,26,14,40,220
03/03/2005,ILM,NC,ASO,EN,Combined TRACON& Tower with Radar,13,49,70,24,156,0,9,45,4,58,13,58,115,28,214,0,10,10,224
03/04/2005,ILM,NC,ASO,EN,Combined TRACON& Tower with Radar,12,58,71,14,155,0,3,79,0,82,12,61,150,14,237,30,2,32,269
03/05/2005,ILM,NC,ASO,EN,Combined TRACON& Tower with Radar,7,38,28,3,76,0,3,13,2,18,7,41,41,5,94,2,0,2,96
03/06/2005,ILM,NC,ASO,EN,Combined TRACON& Tower with Radar,9,46,71,2,128,0,0,79,2,81,9,46,150,4,209,48,0,48,257
03/07/2005,ILM,NC,ASO,EN,Combined TRACON& Tower with Radar,9,52,47,13,121,0,0,17,0,17,9,52,64,13,138,14,22,36,174
03/08/2005,ILM,NC,ASO,EN,Combined TRACON& Tower with Radar,10,51,34,0,95,0,2,2,0,4,10,53,36,0,99,8,0,8,107
03/09/2005,ILM,NC,ASO,EN,Combined TRACON& Tower with Radar,11,55,69,14,149,0,2,68,15,85,11,57,137,29,234,60,36,96,330
03/10/2005,ILM,NC,ASO,EN,Combined TRACON& Tower with Radar,9,64,72,3,148,0,11,41,6,58,9,75,113,9,206,28,0,28,234
03/11/2005,ILM,NC,ASO,EN,Combined TRACON& Tower with Radar,12,71,73,6,162,0,4,20,1,25,12,75,93,7,187,12,0,12,199
03/12/2005,ILM,NC,ASO,EN,Combined TRACON& Tower with Radar,14,46,30,0,90,0,1,14,0,15,14,47,44,0,105,0,0,0,105
03/13/2005,ILM,NC,ASO,EN,Combined TRACON& Tower with Radar,24,30,58,0,112,0,1,94,3,98,24,31,152,3,210,36,0,36,246
03/14/2005,ILM,NC,ASO,EN,Combined TRACON& Tower with Radar,15,52,70,14,151,0,1,4,0,5,15,53,74,14,156,26,4,30,186
03/15/2005,ILM,NC,ASO,EN,Combined TRACON& Tower with Radar,19,58,46,1,124,0,3,63,2,68,19,61,109,3,192,4,4,8,200
03/16/2005,ILM,NC,ASO,EN,Combined TRACON& Tower with Radar,10,56,39,7,112,0,0,5,0,5,10,56,44,7,117,0,0,0,117
03/17/2005,ILM,NC,ASO,EN,Combined TRACON& Tower with Radar,11,58,47,16,132,0,0,0,0,0,11,58,47,16,132,0,0,0,132
03/18/2005,ILM,NC,ASO,EN,Combined TRACON& Tower with Radar,9,66,81,12,168,0,2,33,5,40,9,68,114,17,208,20,26,46,254
03/19/2005,ILM,NC,ASO,EN,Combined TRACON& Tower with Radar,9,44,71,0,124,0,0,33,0,33,9,44,104,0,157,18,0,18,175
03/20/2005,ILM,NC,ASO,EN,Combined TRACON& Tower with Radar,23,35,75,0,133,0,0,98,0,98,23,35,173,0,231,50,2,52,283
03/21/2005,ILM,NC,ASO,EN,Combined TRACON& Tower with Radar,12,52,68,7,139,0,0,76,9,85,12,52,144,16,224,102,8,110,334
03/22/2005,ILM,NC,ASO,EN,Combined TRACON& Tower with Radar,15,58,38,2,113,0,1,18,0,19,15,59,56,2,132,14,0,14,146
03/23/2005,ILM,NC,ASO,EN,Combined TRACON& Tower with Radar,10,72,54,9,145,0,0,12,0,12,10,72,66,9,157,4,0,4,161
03/24/2005,ILM,NC,ASO,EN,Combined TRACON& Tower with Radar,10,70,90,19,189,0,3,82,10,95,10,73,172,29,284,20,38,58,342
03/25/2005,ILM,NC,ASO,EN,Combined TRACON& Tower with Radar,17,56,86,2,161,0,0,54,4,58,17,56,140,6,219,40,6,46,265
03/26/2005,ILM,NC,ASO,EN,Combined TRACON& Tower with Radar,13,43,68,0,124,0,2,59,0,61,13,45,127,0,185,46,0,46,231
03/27/2005,ILM,NC,ASO,EN,Combined TRACON& Tower with Radar,19,31,38,0,88,0,2,0,0,2,19,33,38,0,90,0,0,0,90
03/28/2005,ILM,NC,ASO,EN,Combined TRACON& Tower with Radar,15,77,52,0,144,0,0,8,0,8,15,77,60,0,152,0,0,0,152
03/29/2005,ILM,NC,ASO,EN,Combined TRACON& Tower with Radar,9,52,75,18,154,0,1,66,5,72,9,53,141,23,226,20,12,32,258
03/30/2005,ILM,NC,ASO,EN,Combined TRACON& Tower with Radar,12,63,87,6,168,0,6,70,0,76,12,69,157,6,244,22,4,26,270
03/31/2005,ILM,NC,ASO,EN,Combined TRACON& Tower with Radar,12,58,55,0,125,0,4,51,2,57,12,62,106,2,182,30,0,30,212
04/01/2005,ILM,NC,ASO,EN,Combined TRACON& Tower with Radar,14,62,77,4,157,0,1,15,0,16,14,63,92,4,173,16,4,20,193
04/02/2005,ILM,NC,ASO,EN,Combined TRACON& Tower with Radar,9,46,45,0,100,0,0,9,2,11,9,46,54,2,111,2,0,2,113
04/03/2005,ILM,NC,ASO,EN,Combined TRACON& Tower with Radar,27,39,88,3,157,0,1,33,3,37,27,40,121,6,194,0,0,0,194
04/04/2005,ILM,NC,ASO,EN,Combined TRACON& Tower with Radar,11,57,57,13,138,0,7,50,2,59,11,64,107,15,197,60,12,72,269
04/05/2005,ILM,NC,ASO,EN,Combined TRACON& Tower with Radar,13,51,54,4,122,0,5,73,4,82,13,56,127,8,204,80,0,80,284
04/06/2005,ILM,NC,ASO,EN,Combined TRACON& Tower with Radar,10,53,52,9,124,0,5,47,2,54,10,58,99,11,178,16,12,28,206
04/07/2005,ILM,NC,ASO,EN,Combined TRACON& Tower with Radar,10,52,40,11,113,0,3,8,1,12,10,55,48,12,125,0,0,0,125
04/08/2005,ILM,NC,ASO,EN,Combined TRACON& Tower with Radar,24,44,43,27,138,0,2,28,4,34,24,46,71,31,172,14,10,24,196
04/09/2005,ILM,NC,ASO,EN,Combined TRACON& Tower with Radar,11,35,35,0,81,0,0,13,0,13,11,35,48,0,94,0,0,0,94
04/10/2005,ILM,NC,ASO,EN,Combined TRACON& Tower with Radar,9,45,44,0,98,0,1,78,0,79,9,46,122,0,177,2,0,2,179
04/11/2005,ILM,NC,ASO,EN,Combined TRACON& Tower with Radar,22,37,83,2,144,0,2,80,2,84,22,39,163,4,228,102,22,124,352
04/12/2005,ILM,NC,ASO,EN,Combined TRACON& Tower with Radar,15,56,91,17,179,0,0,32,1,33,15,56,123,18,212,32,10,42,254
04/13/2005,ILM,NC,ASO,EN,Combined TRACON& Tower with Radar,12,54,39,7,112,0,0,0,0,0,12,54,39,7,112,0,0,0,112
04/14/2005,ILM,NC,ASO,EN,Combined TRACON& Tower with Radar,17,48,46,3,114,0,0,17,0,17,17,48,63,3,131,0,0,0,131
04/15/2005,ILM,NC,ASO,EN,Combined TRACON& Tower with Radar,12,41,46,18,117,0,1,0,4,5,12,42,46,22,122,0,18,18,140
04/16/2005,ILM,NC,ASO,EN,Combined TRACON& Tower with Radar,13,26,15,0,54,0,0,24,0,24,13,26,39,0,78,0,0,0,78
04/17/2005,ILM,NC,ASO,EN,Combined TRACON& Tower with Radar,13,34,33,5,85,0,1,64,6,71,13,35,97,11,156,0,0,0,156
04/18/2005,ILM,NC,ASO,EN,Combined TRACON& Tower with Radar,10,46,63,8,127,0,0,74,1,75,10,46,137,9,202,34,0,34,236
04/19/2005,ILM,NC,ASO,EN,Combined TRACON& Tower with Radar,12,53,53,4,122,0,6,76,3,85,12,59,129,7,207,30,8,38,245
04/20/2005,ILM,NC,ASO,EN,Combined TRACON& Tower with Radar,14,51,80,6,151,0,1,53,2,56,14,52,133,8,207,38,2,40,247
04/21/2005,ILM,NC,ASO,EN,Combined TRACON& Tower with Radar,13,53,67,9,142,0,1,64,2,67,13,54,131,11,209,18,0,18,227
04/22/2005,ILM,NC,ASO,EN,Combined TRACON& Tower with Radar,14,57,73,19,163,0,5,27,1,33,14,62,100,20,196,16,6,22,218
04/23/2005,ILM,NC,ASO,EN,Combined TRACON& Tower with Radar,4,51,68,0,123,0,0,17,0,17,4,51,85,0,140,18,0,18,158
04/24/2005,ILM,NC,ASO,EN,Combined TRACON& Tower with Radar,10,50,62,2,124,0,1,40,0,41,10,51,102,2,165,0,0,0,165
04/25/2005,ILM,NC,ASO,EN,Combined TRACON& Tower with Radar,12,51,62,7,132,0,8,49,1,58,12,59,111,8,190,14,2,16,206
04/26/2005,ILM,NC,ASO,EN,Combined TRACON& Tower with Radar,11,60,47,1,119,0,5,31,4,40,11,65,78,5,159,64,0,64,223
04/27/2005,ILM,NC,ASO,EN,Combined TRACON& Tower with Radar,13,52,50,4,119,0,1,26,2,29,13,53,76,6,148,0,0,0,148
04/28/2005,ILM,NC,ASO,EN,Combined TRACON& Tower with Radar,23,46,90,11,170,0,0,93,6,99,23,46,183,17,269,76,16,92,361
04/29/2005,ILM,NC,ASO,EN,Combined TRACON& Tower with Radar,14,50,53,4,121,0,0,48,1,49,14,50,101,5,170,16,0,16,186
04/30/2005,ILM,NC,ASO,EN,Combined TRACON& Tower with Radar,6,42,35,2,85,0,2,15,1,18,6,44,50,3,103,20,0,20,123
05/01/2005,ILM,NC,ASO,EN,Combined TRACON& Tower with Radar,10,43,71,0,124,0,1,57,0,58,10,44,128,0,182,56,0,56,238
05/02/2005,ILM,NC,ASO,EN,Combined TRACON& Tower with Radar,10,55,47,17,129,0,2,38,3,43,10,57,85,20,172,4,10,14,186
05/03/2005,ILM,NC,ASO,EN,Combined TRACON& Tower with Radar,10,57,48,11,126,0,2,46,3,51,10,59,94,14,177,50,10,60,237
05/04/2005,ILM,NC,ASO,EN,Combined TRACON& Tower with Radar,12,57,49,12,130,0,6,55,6,67,12,63,104,18,197,34,20,54,251
05/05/2005,ILM,NC,ASO,EN,Combined TRACON& Tower with Radar,19,55,52,2,128,0,0,9,0,9,19,55,61,2,137,0,0,0,137
05/06/2005,ILM,NC,ASO,EN,Combined TRACON& Tower with Radar,14,51,65,5,135,0,0,5,0,5,14,51,70,5,140,30,0,30,170
05/07/2005,ILM,NC,ASO,EN,Combined TRACON& Tower with Radar,8,34,40,0,82,0,0,51,0,51,8,34,91,0,133,78,0,78,211
05/08/2005,ILM,NC,ASO,EN,Combined TRACON& Tower with Radar,10,39,43,10,102,0,1,61,2,64,10,40,104,12,166,22,14,36,202
05/09/2005,ILM,NC,ASO,EN,Combined TRACON& Tower with Radar,13,50,40,15,118,0,4,61,5,70,13,54,101,20,188,67,24,91,279
05/10/2005,ILM,NC,ASO,EN,Combined TRACON& Tower with Radar,14,48,60,4,126,0,7,49,0,56,14,55,109,4,182,21,0,21,203
05/11/2005,ILM,NC,ASO,EN,Combined TRACON& Tower with Radar,10,56,58,28,152,0,10,42,5,57,10,66,100,33,209,8,18,26,235
05/12/2005,ILM,NC,ASO,EN,Combined TRACON& Tower with Radar,17,53,81,4,155,0,3,45,0,48,17,56,126,4,203,38,0,38,241
05/13/2005,ILM,NC,ASO,EN,Combined TRACON& Tower with Radar,13,64,67,5,149,0,0,11,1,12,13,64,78,6,161,28,14,42,203
05/14/2005,ILM,NC,ASO,EN,Combined TRACON& Tower with Radar,10,44,33,5,92,0,4,61,2,67,10,48,94,7,159,54,0,54,213
05/15/2005,ILM,NC,ASO,EN,Combined TRACON& Tower with Radar,11,50,84,0,145,0,0,42,2,44,11,50,126,2,189,8,0,8,197
05/16/2005,ILM,NC,ASO,EN,Combined TRACON& Tower with Radar,13,42,81,3,139,0,0,24,0,24,13,42,105,3,163,2,2,4,167
05/17/2005,ILM,NC,ASO,EN,Combined TRACON& Tower with Radar,17,52,66,24,159,0,4,24,0,28,17,56,90,24,187,36,4,40,227
05/18/2005,ILM,NC,ASO,EN,Combined TRACON& Tower with Radar,14,47,51,5,117,0,1,58,0,59,14,48,109,5,176,28,0,28,204
05/19/2005,ILM,NC,ASO,EN,Combined TRACON& Tower with Radar,21,50,66,14,151,0,1,34,0,35,21,51,100,14,186,54,10,64,250
05/20/2005,ILM,NC,ASO,EN,Combined TRACON& Tower with Radar,14,44,42,2,102,0,0,8,2,10,14,44,50,4,112,0,0,0,112
05/21/2005,ILM,NC,ASO,EN,Combined TRACON& Tower with Radar,12,32,43,1,88,0,0,51,8,59,12,32,94,9,147,42,2,44,191
05/22/2005,ILM,NC,ASO,EN,Combined TRACON& Tower with Radar,11,38,50,0,99,0,0,101,0,101,11,38,151,0,200,2,0,2,202
05/23/2005,ILM,NC,ASO,EN,Combined TRACON& Tower with Radar,13,53,39,10,115,0,2,40,0,42,13,55,79,10,157,0,0,0,157
05/24/2005,ILM,NC,ASO,EN,Combined TRACON& Tower with Radar,13,52,65,6,136,0,0,52,0,52,13,52,117,6,188,32,0,32,220
05/25/2005,ILM,NC,ASO,EN,Combined TRACON& Tower with Radar,16,46,56,10,128,0,1,58,1,60,16,47,114,11,188,38,2,40,228
05/26/2005,ILM,NC,ASO,EN,Combined TRACON& Tower with Radar,15,57,73,11,156,0,5,49,6,60,15,62,122,17,216,38,24,62,278
05/27/2005,ILM,NC,ASO,EN,Combined TRACON& Tower with Radar,18,51,71,2,142,0,4,61,8,73,18,55,132,10,215,0,10,10,225
05/28/2005,ILM,NC,ASO,EN,Combined TRACON& Tower with Radar,13,32,51,0,96,0,1,38,0,39,13,33,89,0,135,6,0,6,141
05/29/2005,ILM,NC,ASO,EN,Combined TRACON& Tower with Radar,12,30,38,0,80,0,4,59,0,63,12,34,97,0,143,30,0,30,173
05/30/2005,ILM,NC,ASO,EN,Combined TRACON& Tower with Radar,12,51,60,0,123,0,10,16,0,26,12,61,76,0,149,10,0,10,159
05/31/2005,ILM,NC,ASO,EN,Combined TRACON& Tower with Radar,14,54,72,9,149,0,2,22,0,24,14,56,94,9,173,26,0,26,199
06/01/2005,ILM,NC,ASO,EN,Combined TRACON& Tower with Radar,18,50,36,10,114,0,0,2,1,3,18,50,38,11,117,0,0,0,117
06/02/2005,ILM,NC,ASO,EN,Combined TRACON& Tower with Radar,19,62,59,22,162,0,0,11,1,12,19,62,70,23,174,0,14,14,188
06/03/2005,ILM,NC,ASO,EN,Combined TRACON& Tower with Radar,18,46,57,19,140,0,0,10,2,12,18,46,67,21,152,10,18,28,180
06/04/2005,ILM,NC,ASO,EN,Combined TRACON& Tower with Radar,10,36,66,0,112,0,0,39,0,39,10,36,105,0,151,8,0,8,159
06/05/2005,ILM,NC,ASO,EN,Combined TRACON& Tower with Radar,14,47,71,0,132,0,2,65,0,67,14,49,136,0,199,72,0,72,271
06/06/2005,ILM,NC,ASO,EN,Combined TRACON& Tower with Radar,15,51,43,19,128,0,5,36,5,46,15,56,79,24,174,30,20,50,224
06/07/2005,ILM,NC,ASO,EN,Combined TRACON& Tower with Radar,9,44,57,15,125,0,4,45,10,59,9,48,102,25,184,26,24,50,234
06/08/2005,ILM,NC,ASO,EN,Combined TRACON& Tower with Radar,16,51,36,8,111,0,11,23,3,37,16,62,59,11,148,16,6,22,170
06/09/2005,ILM,NC,ASO,EN,Combined TRACON& Tower with Radar,16,46,66,10,138,0,0,31,6,37,16,46,97,16,175,8,23,31,206
06/10/2005,ILM,NC,ASO,EN,Combined TRACON& Tower with Radar,16,54,89,0,159,0,2,58,0,60,16,56,147,0,219,2,0,2,221
06/11/2005,ILM,NC,ASO,EN,Combined TRACON& Tower with Radar,13,40,34,3,90,0,0,0,1,1,13,40,34,4,91,12,2,14,105
06/12/2005,ILM,NC,ASO,EN,Combined TRACON& Tower with Radar,13,43,52,5,113,0,4,51,5,60,13,47,103,10,173,32,6,38,211
06/13/2005,ILM,NC,ASO,EN,Combined TRACON& Tower with Radar,14,54,52,14,134,0,5,30,4,39,14,59,82,18,173,32,18,50,223
06/14/2005,ILM,NC,ASO,EN,Combined TRACON& Tower with Radar,17,53,60,10,140,0,5,53,4,62,17,58,113,14,202,32,6,38,240
06/15/2005,ILM,NC,ASO,EN,Combined TRACON& Tower with Radar,17,46,53,9,125,0,2,57,4,63,17,48,110,13,188,38,66,104,292
06/16/2005,ILM,NC,ASO,EN,Combined TRACON& Tower with Radar,22,49,67,7,145,0,2,69,5,76,22,51,136,12,221,36,10,46,267
06/17/2005,ILM,NC,ASO,EN,Combined TRACON& Tower with Radar,18,54,79,4,155,0,2,64,2,68,18,56,143,6,223,12,6,18,241
06/18/2005,ILM,NC,ASO,EN,Combined TRACON& Tower with Radar,19,32,34,0,85,0,0,80,2,82,19,32,114,2,167,28,0,28,195
06/19/2005,ILM,NC,ASO,EN,Combined TRACON& Tower with Radar,13,39,50,1,103,0,3,45,5,53,13,42,95,6,156,12,0,12,168
06/20/2005,ILM,NC,ASO,EN,Combined TRACON& Tower with Radar,11,51,57,16,135,0,8,37,14,59,11,59,94,30,194,0,6,6,200
06/21/2005,ILM,NC,ASO,EN,Combined TRACON& Tower with Radar,14,54,84,14,166,0,5,77,4,86,14,59,161,18,252,52,18,70,322
06/22/2005,ILM,NC,ASO,EN,Combined TRACON& Tower with Radar,13,51,87,10,161,0,3,65,8,76,13,54,152,18,237,28,10,38,275
06/23/2005,ILM,NC,ASO,EN,Combined TRACON& Tower with Radar,23,42,62,7,134,0,1,89,17,107,23,43,151,24,241,24,2,26,267
06/24/2005,ILM,NC,ASO,EN,Combined TRACON& Tower with Radar,15,53,73,3,144,0,1,44,2,47,15,54,117,5,191,14,0,14,205
06/25/2005,ILM,NC,ASO,EN,Combined TRACON& Tower with Radar,13,50,49,9,121,0,1,20,0,21,13,51,69,9,142,4,0,4,146
06/26/2005,ILM,NC,ASO,EN,Combined TRACON& Tower with Radar,11,48,69,3,131,0,2,45,0,47,11,50,114,3,178,24,0,24,202
06/27/2005,ILM,NC,ASO,EN,Combined TRACON& Tower with Radar,14,62,47,5,128,0,2,24,4,30,14,64,71,9,158,14,6,20,178
06/28/2005,ILM,NC,ASO,EN,Combined TRACON& Tower with Radar,15,59,69,1,144,0,0,16,0,16,15,59,85,1,160,8,0,8,168
06/29/2005,ILM,NC,ASO,EN,Combined TRACON& Tower with Radar,13,46,75,0,134,0,0,1,0,1,13,46,76,0,135,0,0,0,135
06/30/2005,ILM,NC,ASO,EN,Combined TRACON& Tower with Radar,12,49,89,4,154,0,10,39,2,51,12,59,128,6,205,42,0,42,247
07/01/2005,ILM,NC,ASO,EN,Combined TRACON& Tower with Radar,16,52,76,0,144,0,7,36,0,43,16,59,112,0,187,24,0,24,211
07/02/2005,ILM,NC,ASO,EN,Combined TRACON& Tower with Radar,10,48,39,2,99,0,4,35,0,39,10,52,74,2,138,6,0,6,144
07/03/2005,ILM,NC,ASO,EN,Combined TRACON& Tower with Radar,14,29,29,1,73,0,1,38,2,41,14,30,67,3,114,62,0,62,176
07/04/2005,ILM,NC,ASO,EN,Combined TRACON& Tower with Radar,15,33,43,1,92,0,0,40,2,42,15,33,83,3,134,2,0,2,136
07/05/2005,ILM,NC,ASO,EN,Combined TRACON& Tower with Radar,22,36,75,2,135,0,0,23,0,23,22,36,98,2,158,28,0,28,186
07/06/2005,ILM,NC,ASO,EN,Combined TRACON& Tower with Radar,15,51,85,15,166,0,2,71,7,80,15,53,156,22,246,44,20,64,310
07/07/2005,ILM,NC,ASO,EN,Combined TRACON& Tower with Radar,15,47,62,8,132,0,1,42,2,45,15,48,104,10,177,14,0,14,191
07/08/2005,ILM,NC,ASO,EN,Combined TRACON& Tower with Radar,14,54,53,3,124,0,3,34,2,39,14,57,87,5,163,26,0,26,189
07/09/2005,ILM,NC,ASO,EN,Combined TRACON& Tower with Radar,12,41,36,8,97,0,3,73,4,80,12,44,109,12,177,20,34,54,231
07/10/2005,ILM,NC,ASO,EN,Combined TRACON& Tower with Radar,19,35,45,2,101,0,0,52,1,53,19,35,97,3,154,74,0,74,228
07/11/2005,ILM,NC,ASO,EN,Combined TRACON& Tower with Radar,19,47,57,2,125,0,4,40,3,47,19,51,97,5,172,20,0,20,192
07/12/2005,ILM,NC,ASO,EN,Combined TRACON& Tower with Radar,16,39,52,5,112,0,3,57,1,61,16,42,109,6,173,58,0,58,231
07/13/2005,ILM,NC,ASO,EN,Combined TRACON& Tower with Radar,13,46,69,3,131,0,8,28,0,36,13,54,97,3,167,56,0,56,223
07/14/2005,ILM,NC,ASO,EN,Combined TRACON& Tower with Radar,14,48,72,5,139,0,1,23,0,24,14,49,95,5,163,52,0,52,215
07/15/2005,ILM,NC,ASO,EN,Combined TRACON& Tower with Radar,11,47,62,5,125,0,1,30,3,34,11,48,92,8,159,34,4,38,197
07/16/2005,ILM,NC,ASO,EN,Combined TRACON& Tower with Radar,20,28,62,0,110,0,0,64,0,64,20,28,126,0,174,22,0,22,196
07/17/2005,ILM,NC,ASO,EN,Combined TRACON& Tower with Radar,19,30,49,1,99,0,0,52,1,53,19,30,101,2,152,16,0,16,168
07/18/2005,ILM,NC,ASO,EN,Combined TRACON& Tower with Radar,16,42,51,5,114,0,2,45,3,50,16,44,96,8,164,26,2,28,192
07/19/2005,ILM,NC,ASO,EN,Combined TRACON& Tower with Radar,15,52,68,13,148,0,9,56,0,65,15,61,124,13,213,48,14,62,275
07/20/2005,ILM,NC,ASO,EN,Combined TRACON& Tower with Radar,15,51,70,29,165,0,3,49,1,53,15,54,119,30,218,24,0,24,242
07/21/2005,ILM,NC,ASO,EN,Combined TRACON& Tower with Radar,15,49,77,4,145,0,5,31,0,36,15,54,108,4,181,0,0,0,181
07/22/2005,ILM,NC,ASO,EN,Combined TRACON& Tower with Radar,14,50,67,13,144,0,5,44,2,51,14,55,111,15,195,16,28,44,239
07/23/2005,ILM,NC,ASO,EN,Combined TRACON& Tower with Radar,7,40,42,0,89,0,1,44,0,45,7,41,86,0,134,28,0,28,162
07/24/2005,ILM,NC,ASO,EN,Combined TRACON& Tower with Radar,18,31,54,0,103,0,0,86,2,88,18,31,140,2,191,42,0,42,233
07/25/2005,ILM,NC,ASO,EN,Combined TRACON& Tower with Radar,15,40,52,1,108,0,1,58,6,65,15,41,110,7,173,32,2,34,207
07/26/2005,ILM,NC,ASO,EN,Combined TRACON& Tower with Radar,20,40,52,8,120,0,3,45,0,48,20,43,97,8,168,4,2,6,174
07/27/2005,ILM,NC,ASO,EN,Combined TRACON& Tower with Radar,10,45,65,14,134,0,3,42,4,49,10,48,107,18,183,0,10,10,193
07/28/2005,ILM,NC,ASO,EN,Combined TRACON& Tower with Radar,13,46,81,2,142,0,9,39,0,48,13,55,120,2,190,16,4,20,210
07/29/2005,ILM,NC,ASO,EN,Combined TRACON& Tower with Radar,19,56,56,0,131,0,6,32,0,38,19,62,88,0,169,28,0,28,197
07/30/2005,ILM,NC,ASO,EN,Combined TRACON& Tower with Radar,9,39,32,6,86,0,4,14,2,20,9,43,46,8,106,0,0,0,106
07/31/2005,ILM,NC,ASO,EN,Combined TRACON& Tower with Radar,22,26,55,0,103,0,0,13,0,13,22,26,68,0,116,0,0,0,116
08/01/2005,ILM,NC,ASO,EN,Combined TRACON& Tower with Radar,18,49,49,6,122,0,3,25,1,29,18,52,74,7,151,40,0,40,191
08/02/2005,ILM,NC,ASO,EN,Combined TRACON& Tower with Radar,16,44,64,3,127,0,4,69,1,74,16,48,133,4,201,14,32,46,247
08/03/2005,ILM,NC,ASO,EN,Combined TRACON& Tower with Radar,16,47,59,8,130,0,6,64,2,72,16,53,123,10,202,44,2,46,248
08/04/2005,ILM,NC,ASO,EN,Combined TRACON& Tower with Radar,12,50,56,0,118,0,17,52,1,70,12,67,108,1,188,36,0,36,224
08/05/2005,ILM,NC,ASO,EN,Combined TRACON& Tower with Radar,17,52,60,4,133,0,6,19,4,29,17,58,79,8,162,2,0,2,164
08/06/2005,ILM,NC,ASO,EN,Combined TRACON& Tower with Radar,11,41,35,0,87,0,6,45,0,51,11,47,80,0,138,30,0,30,168
08/07/2005,ILM,NC,ASO,EN,Combined TRACON& Tower with Radar,21,34,60,0,115,0,0,36,1,37,21,34,96,1,152,8,0,8,160
08/08/2005,ILM,NC,ASO,EN,Combined TRACON& Tower with Radar,13,48,62,2,125,0,0,13,0,13,13,48,75,2,138,10,0,10,148
08/09/2005,ILM,NC,ASO,EN,Combined TRACON& Tower with Radar,16,54,36,0,106,0,4,22,0,26,16,58,58,0,132,0,0,0,132
08/10/2005,ILM,NC,ASO,EN,Combined TRACON& Tower with Radar,18,46,58,13,135,0,1,28,1,30,18,47,86,14,165,2,0,2,167
08/11/2005,ILM,NC,ASO,EN,Combined TRACON& Tower with Radar,15,69,69,4,157,0,14,43,10,67,15,83,112,14,224,70,6,76,300
08/12/2005,ILM,NC,ASO,EN,Combined TRACON& Tower with Radar,15,47,62,15,139,0,7,40,7,54,15,54,102,22,193,30,20,50,243
08/13/2005,ILM,NC,ASO,EN,Combined TRACON& Tower with Radar,11,43,39,2,95,0,4,50,0,54,11,47,89,2,149,6,0,6,155
08/14/2005,ILM,NC,ASO,EN,Combined TRACON& Tower with Radar,15,39,61,2,117,0,6,40,0,46,15,45,101,2,163,24,0,24,187
08/15/2005,ILM,NC,ASO,EN,Combined TRACON& Tower with Radar,17,57,63,3,140,0,1,40,0,41,17,58,103,3,181,38,0,38,219
08/16/2005,ILM,NC,ASO,EN,Combined TRACON& Tower with Radar,12,48,49,11,120,0,1,22,2,25,12,49,71,13,145,4,0,4,149
08/17/2005,ILM,NC,ASO,EN,Combined TRACON& Tower with Radar,15,55,63,11,144,0,3,13,4,20,15,58,76,15,164,12,6,18,182
08/18/2005,ILM,NC,ASO,EN,Combined TRACON& Tower with Radar,15,56,61,3,135,0,5,48,3,56,15,61,109,6,191,12,0,12,203
08/19/2005,ILM,NC,ASO,EN,Combined TRACON& Tower with Radar,14,65,60,4,143,0,6,36,3,45,14,71,96,7,188,16,0,16,204
08/20/2005,ILM,NC,ASO,EN,Combined TRACON& Tower with Radar,11,51,31,0,93,0,5,57,0,62,11,56,88,0,155,16,0,16,171
08/21/2005,ILM,NC,ASO,EN,Combined TRACON& Tower with Radar,16,37,82,1,136,0,0,58,0,58,16,37,140,1,194,44,0,44,238
08/22/2005,ILM,NC,ASO,EN,Combined TRACON& Tower with Radar,12,52,54,10,128,0,2,45,0,47,12,54,99,10,175,4,4,8,183
08/23/2005,ILM,NC,ASO,EN,Combined TRACON& Tower with Radar,14,47,59,0,120,1,0,7,0,8,15,47,66,0,128,0,0,0,128
08/24/2005,ILM,NC,ASO,EN,Combined TRACON& Tower with Radar,15,55,59,3,132,0,7,12,2,21,15,62,71,5,153,30,20,50,203
08/25/2005,ILM,NC,ASO,EN,Combined TRACON& Tower with Radar,15,52,78,14,159,0,8,76,3,87,15,60,154,17,246,36,14,50,296
08/26/2005,ILM,NC,ASO,EN,Combined TRACON& Tower with Radar,15,51,65,21,152,0,10,57,10,77,15,61,122,31,229,36,44,80,309
08/27/2005,ILM,NC,ASO,EN,Combined TRACON& Tower with Radar,12,51,30,0,93,0,6,24,0,30,12,57,54,0,123,2,0,2,125
08/28/2005,ILM,NC,ASO,EN,Combined TRACON& Tower with Radar,13,40,65,0,118,0,1,49,2,52,13,41,114,2,170,12,0,12,182
08/29/2005,ILM,NC,ASO,EN,Combined TRACON& Tower with Radar,13,41,43,17,114,0,0,38,5,43,13,41,81,22,157,24,22,46,203
08/30/2005,ILM,NC,ASO,EN,Combined TRACON& Tower with Radar,12,45,39,0,96,0,2,31,0,33,12,47,70,0,129,46,0,46,175
08/31/2005,ILM,NC,ASO,EN,Combined TRACON& Tower with Radar,15,50,51,13,129,0,4,28,3,35,15,54,79,16,164,22,8,30,194
09/01/2005,ILM,NC,ASO,EN,Combined TRACON& Tower with Radar,14,60,61,4,139,0,3,57,2,62,14,63,118,6,201,10,10,20,221
09/02/2005,ILM,NC,ASO,EN,Combined TRACON& Tower with Radar,14,52,85,5,156,0,10,38,0,48,14,62,123,5,204,32,2,34,238
09/03/2005,ILM,NC,ASO,EN,Combined TRACON& Tower with Radar,10,40,49,2,101,0,0,0,0,0,10,40,49,2,101,16,0,16,117
09/04/2005,ILM,NC,ASO,EN,Combined TRACON& Tower with Radar,11,28,27,1,67,0,4,37,0,41,11,32,64,1,108,12,0,12,120
09/05/2005,ILM,NC,ASO,EN,Combined TRACON& Tower with Radar,14,45,59,2,120,0,5,48,0,53,14,50,107,2,173,30,0,30,203
09/06/2005,ILM,NC,ASO,EN,Combined TRACON& Tower with Radar,13,48,54,0,115,0,9,55,0,64,13,57,109,0,179,24,0,24,203
09/07/2005,ILM,NC,ASO,EN,Combined TRACON& Tower with Radar,13,50,50,2,115,0,6,28,0,34,13,56,78,2,149,76,0,76,225
09/08/2005,ILM,NC,ASO,EN,Combined TRACON& Tower with Radar,14,46,59,3,122,0,3,24,3,30,14,49,83,6,152,14,2,16,168
09/09/2005,ILM,NC,ASO,EN,Combined TRACON& Tower with Radar,17,46,55,4,122,0,6,49,1,56,17,52,104,5,178,8,2,10,188
09/10/2005,ILM,NC,ASO,EN,Combined TRACON& Tower with Radar,10,45,31,0,86,0,4,25,0,29,10,49,56,0,115,8,0,8,123
09/11/2005,ILM,NC,ASO,EN,Combined TRACON& Tower with Radar,15,32,11,0,58,0,4,14,2,20,15,36,25,2,78,8,0,8,86
09/12/2005,ILM,NC,ASO,EN,Combined TRACON& Tower with Radar,14,48,22,0,84,0,8,3,0,11,14,56,25,0,95,0,0,0,95
09/13/2005,ILM,NC,ASO,EN,Combined TRACON& Tower with Radar,17,42,14,0,73,0,8,1,0,9,17,50,15,0,82,16,0,16,98
09/14/2005,ILM,NC,ASO,EN,Combined TRACON& Tower with Radar,0,0,0,0,0,0,0,0,0,0,0,0,0,0,0,0,0,0,0
09/15/2005,ILM,NC,ASO,EN,Combined TRACON& Tower with Radar,11,38,53,1,103,0,4,23,24,51,11,42,76,25,154,0,0,0,154
09/16/2005,ILM,NC,ASO,EN,Combined TRACON& Tower with Radar,15,41,74,5,135,0,9,63,14,86,15,50,137,19,221,14,0,14,235
09/17/2005,ILM,NC,ASO,EN,Combined TRACON& Tower with Radar,10,44,29,1,84,0,4,46,1,51,10,48,75,2,135,16,0,16,151
09/18/2005,ILM,NC,ASO,EN,Combined TRACON& Tower with Radar,14,37,60,0,111,0,5,51,0,56,14,42,111,0,167,50,2,52,219
09/19/2005,ILM,NC,ASO,EN,Combined TRACON& Tower with Radar,16,49,65,0,130,0,1,14,0,15,16,50,79,0,145,22,0,22,167
09/20/2005,ILM,NC,ASO,EN,Combined TRACON& Tower with Radar,12,48,50,21,131,0,4,32,4,40,12,52,82,25,171,48,18,66,237
09/21/2005,ILM,NC,ASO,EN,Combined TRACON& Tower with Radar,15,55,53,8,131,0,6,47,7,60,15,61,100,15,191,50,14,64,255
09/22/2005,ILM,NC,ASO,EN,Combined TRACON& Tower with Radar,16,53,65,16,150,0,4,34,3,41,16,57,99,19,191,32,12,44,235
09/23/2005,ILM,NC,ASO,EN,Combined TRACON& Tower with Radar,12,48,75,4,139,0,11,34,1,46,12,59,109,5,185,8,6,14,199
09/24/2005,ILM,NC,ASO,EN,Combined TRACON& Tower with Radar,11,43,40,3,97,0,5,90,1,96,11,48,130,4,193,68,0,68,261
09/25/2005,ILM,NC,ASO,EN,Combined TRACON& Tower with Radar,14,34,56,1,105,0,7,48,3,58,14,41,104,4,163,28,0,28,191
09/26/2005,ILM,NC,ASO,EN,Combined TRACON& Tower with Radar,12,31,27,6,76,0,0,23,8,31,12,31,50,14,107,26,28,54,161
09/27/2005,ILM,NC,ASO,EN,Combined TRACON& Tower with Radar,12,54,56,9,131,0,7,42,0,49,12,61,98,9,180,64,16,80,260
09/28/2005,ILM,NC,ASO,EN,Combined TRACON& Tower with Radar,14,55,83,10,162,0,3,59,3,65,14,58,142,13,227,120,4,124,351
09/29/2005,ILM,NC,ASO,EN,Combined TRACON& Tower with Radar,14,50,67,2,133,0,5,44,1,50,14,55,111,3,183,26,0,26,209
09/30/2005,ILM,NC,ASO,EN,Combined TRACON& Tower with Radar,15,58,87,2,162,0,4,47,1,52,15,62,134,3,214,42,4,46,260
10/01/2005,ILM,NC,ASO,EN,Combined TRACON& Tower with Radar,10,41,15,0,66,0,3,67,20,90,10,44,82,20,156,12,0,12,168
10/02/2005,ILM,NC,ASO,EN,Combined TRACON& Tower with Radar,15,38,42,0,95,0,7,75,0,82,15,45,117,0,177,58,0,58,235
10/03/2005,ILM,NC,ASO,EN,Combined TRACON& Tower with Radar,18,47,31,0,96,0,4,22,5,31,18,51,53,5,127,30,0,30,157
10/04/2005,ILM,NC,ASO,EN,Combined TRACON& Tower with Radar,12,44,63,10,129,0,6,20,3,29,12,50,83,13,158,40,10,50,208
10/05/2005,ILM,NC,ASO,EN,Combined TRACON& Tower with Radar,13,36,45,11,105,0,0,7,5,12,13,36,52,16,117,24,6,30,147
10/06/2005,ILM,NC,ASO,EN,Combined TRACON& Tower with Radar,16,53,35,3,107,0,0,0,0,0,16,53,35,3,107,0,16,16,123
10/07/2005,ILM,NC,ASO,EN,Combined TRACON& Tower with Radar,17,54,32,0,103,0,0,0,0,0,17,54,32,0,103,0,0,0,103
10/08/2005,ILM,NC,ASO,EN,Combined TRACON& Tower with Radar,10,38,30,0,78,0,1,15,1,17,10,39,45,1,95,6,0,6,101
10/09/2005,ILM,NC,ASO,EN,Combined TRACON& Tower with Radar,13,38,43,0,94,0,2,23,1,26,13,40,66,1,120,0,0,0,120
10/10/2005,ILM,NC,ASO,EN,Combined TRACON& Tower with Radar,18,46,39,0,103,0,0,0,0,0,18,46,39,0,103,0,0,0,103
10/11/2005,ILM,NC,ASO,EN,Combined TRACON& Tower with Radar,13,54,55,0,122,0,0,7,0,7,13,54,62,0,129,0,0,0,129
10/12/2005,ILM,NC,ASO,EN,Combined TRACON& Tower with Radar,14,41,58,5,118,0,3,11,6,20,14,44,69,11,138,10,0,10,148
10/13/2005,ILM,NC,ASO,EN,Combined TRACON& Tower with Radar,14,49,58,0,121,0,3,44,2,49,14,52,102,2,170,28,2,30,200
10/14/2005,ILM,NC,ASO,EN,Combined TRACON& Tower with Radar,14,53,81,6,154,0,7,12,1,20,14,60,93,7,174,14,0,14,188
10/15/2005,ILM,NC,ASO,EN,Combined TRACON& Tower with Radar,13,38,36,0,87,0,2,74,0,76,13,40,110,0,163,78,0,78,241
10/16/2005,ILM,NC,ASO,EN,Combined TRACON& Tower with Radar,15,25,53,0,93,0,1,58,0,59,15,26,111,0,152,50,0,50,202
10/17/2005,ILM,NC,ASO,EN,Combined TRACON& Tower with Radar,14,48,46,12,120,0,14,58,1,73,14,62,104,13,193,34,0,34,227
10/18/2005,ILM,NC,ASO,EN,Combined TRACON& Tower with Radar,13,47,52,0,112,0,0,49,1,50,13,47,101,1,162,4,0,4,166
10/19/2005,ILM,NC,ASO,EN,Combined TRACON& Tower with Radar,14,49,45,2,110,0,8,58,8,74,14,57,103,10,184,28,22,50,234
10/20/2005,ILM,NC,ASO,EN,Combined TRACON& Tower with Radar,11,46,52,6,115,0,17,55,3,75,11,63,107,9,190,12,24,36,226
10/21/2005,ILM,NC,ASO,EN,Combined TRACON& Tower with Radar,12,48,48,16,124,0,5,44,2,51,12,53,92,18,175,20,32,52,227
10/22/2005,ILM,NC,ASO,EN,Combined TRACON& Tower with Radar,11,43,29,2,85,0,6,29,0,35,11,49,58,2,120,12,8,20,140
10/23/2005,ILM,NC,ASO,EN,Combined TRACON& Tower with Radar,13,36,55,0,104,0,5,74,4,83,13,41,129,4,187,134,0,134,321
10/24/2005,ILM,NC,ASO,EN,Combined TRACON& Tower with Radar,14,46,29,0,89,0,1,0,0,1,14,47,29,0,90,0,0,0,90
10/25/2005,ILM,NC,ASO,EN,Combined TRACON& Tower with Radar,12,46,0,0,58,0,9,0,0,9,12,55,0,0,67,28,12,40,107
10/26/2005,ILM,NC,ASO,EN,Combined TRACON& Tower with Radar,14,67,39,6,126,0,11,52,3,66,14,78,91,9,192,16,2,18,210
10/27/2005,ILM,NC,ASO,EN,Combined TRACON& Tower with Radar,17,44,49,19,129,0,3,64,4,71,17,47,113,23,200,40,24,64,264
10/28/2005,ILM,NC,ASO,EN,Combined TRACON& Tower with Radar,12,55,63,9,139,0,7,18,5,30,12,62,81,14,169,6,4,10,179
10/29/2005,ILM,NC,ASO,EN,Combined TRACON& Tower with Radar,10,39,29,3,81,0,1,168,4,173,10,40,197,7,254,126,2,128,382
10/30/2005,ILM,NC,ASO,EN,Combined TRACON& Tower with Radar,12,30,44,1,87,0,3,202,0,205,12,33,246,1,292,93,0,93,385
10/31/2005,ILM,NC,ASO,EN,Combined TRACON& Tower with Radar,15,49,46,6,116,0,6,53,10,69,15,55,99,16,185,42,46,88,273
11/01/2005,ILM,NC,ASO,EN,Combined TRACON& Tower with Radar,13,58,53,28,152,0,0,42,9,51,13,58,95,37,203,42,40,82,285
11/02/2005,ILM,NC,ASO,EN,Combined TRACON& Tower with Radar,14,53,71,16,154,0,6,37,2,45,14,59,108,18,199,30,4,34,233
11/03/2005,ILM,NC,ASO,EN,Combined TRACON& Tower with Radar,13,45,49,18,125,0,6,48,7,61,13,51,97,25,186,24,14,38,224
11/04/2005,ILM,NC,ASO,EN,Combined TRACON& Tower with Radar,16,51,47,9,123,0,2,56,3,61,16,53,103,12,184,8,0,8,192
11/05/2005,ILM,NC,ASO,EN,Combined TRACON& Tower with Radar,11,35,35,4,85,0,5,77,0,82,11,40,112,4,167,2,4,6,173
11/06/2005,ILM,NC,ASO,EN,Combined TRACON& Tower with Radar,15,27,54,0,96,0,2,93,0,95,15,29,147,0,191,144,0,144,335
11/07/2005,ILM,NC,ASO,EN,Combined TRACON& Tower with Radar,14,40,42,11,107,0,9,42,6,57,14,49,84,17,164,30,38,68,232
11/08/2005,ILM,NC,ASO,EN,Combined TRACON& Tower with Radar,12,47,50,21,130,0,3,40,10,53,12,50,90,31,183,24,36,60,243
11/09/2005,ILM,NC,ASO,EN,Combined TRACON& Tower with Radar,14,56,40,13,123,0,6,40,14,60,14,62,80,27,183,22,25,47,230
11/10/2005,ILM,NC,ASO,EN,Combined TRACON& Tower with Radar,13,65,45,3,126,0,5,24,0,29,13,70,69,3,155,14,12,26,181
11/11/2005,ILM,NC,ASO,EN,Combined TRACON& Tower with Radar,14,42,58,0,114,0,8,71,2,81,14,50,129,2,195,36,0,36,231
11/12/2005,ILM,NC,ASO,EN,Combined TRACON& Tower with Radar,8,45,25,0,78,0,0,71,0,71,8,45,96,0,149,32,0,32,181
11/13/2005,ILM,NC,ASO,EN,Combined TRACON& Tower with Radar,12,44,67,2,125,0,8,78,1,87,12,52,145,3,212,28,10,38,250
11/14/2005,ILM,NC,ASO,EN,Combined TRACON& Tower with Radar,15,55,57,4,131,0,5,44,3,52,15,60,101,7,183,20,0,20,203
11/15/2005,ILM,NC,ASO,EN,Combined TRACON& Tower with Radar,12,58,48,10,128,0,2,27,5,34,12,60,75,15,162,20,14,34,196
11/16/2005,ILM,NC,ASO,EN,Combined TRACON& Tower with Radar,14,43,54,2,113,0,0,16,0,16,14,43,70,2,129,8,0,8,137
11/17/2005,ILM,NC,ASO,EN,Combined TRACON& Tower with Radar,13,44,69,16,142,0,5,32,5,42,13,49,101,21,184,30,14,44,228
11/18/2005,ILM,NC,ASO,EN,Combined TRACON& Tower with Radar,14,56,69,11,150,0,11,46,7,64,14,67,115,18,214,2,12,14,228
11/19/2005,ILM,NC,ASO,EN,Combined TRACON& Tower with Radar,14,41,36,1,92,0,6,84,4,94,14,47,120,5,186,64,2,66,252
11/20/2005,ILM,NC,ASO,EN,Combined TRACON& Tower with Radar,16,43,86,0,145,0,0,19,0,19,16,43,105,0,164,8,0,8,172
11/21/2005,ILM,NC,ASO,EN,Combined TRACON& Tower with Radar,10,56,43,0,109,0,0,10,0,10,10,56,53,0,119,8,0,8,127
11/22/2005,ILM,NC,ASO,EN,Combined TRACON& Tower with Radar,12,50,70,21,153,0,5,14,5,24,12,55,84,26,177,2,12,14,191
11/23/2005,ILM,NC,ASO,EN,Combined TRACON& Tower with Radar,13,66,81,6,166,0,3,45,10,58,13,69,126,16,224,8,2,10,234
11/24/2005,ILM,NC,ASO,EN,Combined TRACON& Tower with Radar,13,28,20,0,61,0,0,30,0,30,13,28,50,0,91,2,0,2,93
11/25/2005,ILM,NC,ASO,EN,Combined TRACON& Tower with Radar,12,47,42,0,101,0,3,63,0,66,12,50,105,0,167,48,0,48,215
11/26/2005,ILM,NC,ASO,EN,Combined TRACON& Tower with Radar,12,33,58,0,103,0,3,117,0,120,12,36,175,0,223,74,0,74,297
11/27/2005,ILM,NC,ASO,EN,Combined TRACON& Tower with Radar,12,48,109,0,169,0,3,29,0,32,12,51,138,0,201,38,0,38,239
11/28/2005,ILM,NC,ASO,EN,Combined TRACON& Tower with Radar,17,46,83,5,151,0,4,14,3,21,17,50,97,8,172,10,2,12,184
11/29/2005,ILM,NC,ASO,EN,Combined TRACON& Tower with Radar,13,57,65,0,135,0,9,7,1,17,13,66,72,1,152,2,0,2,154
11/30/2005,ILM,NC,ASO,EN,Combined TRACON& Tower with Radar,14,45,55,8,122,0,4,49,7,60,14,49,104,15,182,52,4,56,238
12/01/2005,ILM,NC,ASO,EN,Combined TRACON& Tower with Radar,18,46,57,6,127,0,3,20,1,24,18,49,77,7,151,32,0,32,183
12/02/2005,ILM,NC,ASO,EN,Combined TRACON& Tower with Radar,16,55,68,2,141,0,11,44,2,57,16,66,112,4,198,46,16,62,260
12/03/2005,ILM,NC,ASO,EN,Combined TRACON& Tower with Radar,12,30,38,0,80,0,2,82,0,84,12,32,120,0,164,128,0,128,292
12/04/2005,ILM,NC,ASO,EN,Combined TRACON& Tower with Radar,19,45,81,1,146,0,4,23,0,27,19,49,104,1,173,20,0,20,193
12/05/2005,ILM,NC,ASO,EN,Combined TRACON& Tower with Radar,10,56,35,8,109,0,2,4,8,14,10,58,39,16,123,6,28,34,157
12/06/2005,ILM,NC,ASO,EN,Combined TRACON& Tower with Radar,14,40,54,0,108,0,9,31,2,42,14,49,85,2,150,28,2,30,180
12/07/2005,ILM,NC,ASO,EN,Combined TRACON& Tower with Radar,15,49,65,2,131,0,8,69,2,79,15,57,134,4,210,54,6,60,270
12/08/2005,ILM,NC,ASO,EN,Combined TRACON& Tower with Radar,16,52,77,3,148,12,0,20,36,68,28,52,97,39,216,22,0,22,238
12/09/2005,ILM,NC,ASO,EN,Combined TRACON& Tower with Radar,17,46,34,0,97,0,4,19,0,23,17,50,53,0,120,24,0,24,144
12/10/2005,ILM,NC,ASO,EN,Combined TRACON& Tower with Radar,16,29,31,0,76,0,0,86,2,88,16,29,117,2,164,84,0,84,248
12/11/2005,ILM,NC,ASO,EN,Combined TRACON& Tower with Radar,12,33,54,0,99,0,2,62,0,64,12,35,116,0,163,84,0,84,247
12/12/2005,ILM,NC,ASO,EN,Combined TRACON& Tower with Radar,17,52,50,16,135,0,4,40,9,53,17,56,90,25,188,6,22,28,216
12/13/2005,ILM,NC,ASO,EN,Combined TRACON& Tower with Radar,15,48,44,14,121,0,4,48,5,57,15,52,92,19,178,40,10,50,228
12/14/2005,ILM,NC,ASO,EN,Combined TRACON& Tower with Radar,11,45,41,17,114,0,2,37,7,46,11,47,78,24,160,26,14,40,200
12/15/2005,ILM,NC,ASO,EN,Combined TRACON& Tower with Radar,19,35,28,0,82,0,0,0,0,0,19,35,28,0,82,0,0,0,82
12/16/2005,ILM,NC,ASO,EN,Combined TRACON& Tower with Radar,12,60,59,16,147,0,6,64,4,74,12,66,123,20,221,20,48,68,289
12/17/2005,ILM,NC,ASO,EN,Combined TRACON& Tower with Radar,12,52,51,2,117,0,6,41,1,48,12,58,92,3,165,22,0,22,187
12/18/2005,ILM,NC,ASO,EN,Combined TRACON& Tower with Radar,13,46,37,2,98,0,1,1,0,2,13,47,38,2,100,0,0,0,100
12/19/2005,ILM,NC,ASO,EN,Combined TRACON& Tower with Radar,13,45,40,15,113,0,3,44,3,50,13,48,84,18,163,12,12,24,187
12/20/2005,ILM,NC,ASO,EN,Combined TRACON& Tower with Radar,13,49,51,10,123,0,6,37,6,49,13,55,88,16,172,46,8,54,226
12/21/2005,ILM,NC,ASO,EN,Combined TRACON& Tower with Radar,15,54,63,8,140,0,8,56,0,64,15,62,119,8,204,84,4,88,292
12/22/2005,ILM,NC,ASO,EN,Combined TRACON& Tower with Radar,14,59,88,0,161,0,5,64,4,73,14,64,152,4,234,32,0,32,266
12/23/2005,ILM,NC,ASO,EN,Combined TRACON& Tower with Radar,14,59,69,0,142,0,5,50,0,55,14,64,119,0,197,50,0,50,247
12/24/2005,ILM,NC,ASO,EN,Combined TRACON& Tower with Radar,13,38,36,0,87,0,5,33,0,38,13,43,69,0,125,36,0,36,161
12/25/2005,ILM,NC,ASO,EN,Combined TRACON& Tower with Radar,13,38,22,0,73,0,1,0,0,1,13,39,22,0,74,0,0,0,74
12/26/2005,ILM,NC,ASO,EN,Combined TRACON& Tower with Radar,14,58,114,0,186,0,5,26,0,31,14,63,140,0,217,14,0,14,231
12/27/2005,ILM,NC,ASO,EN,Combined TRACON& Tower with Radar,12,64,83,0,159,0,3,52,3,58,12,67,135,3,217,14,0,14,231
12/28/2005,ILM,NC,ASO,EN,Combined TRACON& Tower with Radar,14,60,35,4,113,0,3,56,0,59,14,63,91,4,172,56,0,56,228
12/29/2005,ILM,NC,ASO,EN,Combined TRACON& Tower with Radar,13,61,49,18,141,0,0,24,3,27,13,61,73,21,168,18,8,26,194
12/30/2005,ILM,NC,ASO,EN,Combined TRACON& Tower with Radar,15,64,64,0,143,0,1,56,0,57,15,65,120,0,200,2,0,2,202
12/31/2005,ILM,NC,ASO,EN,Combined TRACON& Tower with Radar,14,43,66,1,124,0,2,26,0,28,14,45,92,1,152,6,0,6,158
01/01/2006,ILM,NC,ASO,EN,Combined TRACON& Tower with Radar,18,59,92,0,169,0,3,45,0,48,18,62,137,0,217,14,0,14,231
01/02/2006,ILM,NC,ASO,EN,Combined TRACON& Tower with Radar,13,70,89,0,172,0,0,0,0,0,13,70,89,0,172,0,0,0,172
01/03/2006,ILM,NC,ASO,EN,Combined TRACON& Tower with Radar,16,76,109,14,215,0,5,12,0,17,16,81,121,14,232,260,14,274,506
01/04/2006,ILM,NC,ASO,EN,Combined TRACON& Tower with Radar,14,63,78,4,159,0,2,62,1,65,14,65,140,5,224,86,0,86,310
01/05/2006,ILM,NC,ASO,EN,Combined TRACON& Tower with Radar,14,53,90,12,169,0,5,61,3,69,14,58,151,15,238,104,24,128,366
01/06/2006,ILM,NC,ASO,EN,Combined TRACON& Tower with Radar,16,47,74,18,155,0,2,21,2,25,16,49,95,20,180,14,14,28,208
01/07/2006,ILM,NC,ASO,EN,Combined TRACON& Tower with Radar,12,33,49,2,96,0,0,73,0,73,12,33,122,2,169,54,0,54,223
01/08/2006,ILM,NC,ASO,EN,Combined TRACON& Tower with Radar,17,35,61,2,115,0,0,78,0,78,17,35,139,2,193,58,0,58,251
01/09/2006,ILM,NC,ASO,EN,Combined TRACON& Tower with Radar,14,41,30,23,108,0,5,55,2,62,14,46,85,25,170,66,52,118,288
01/10/2006,ILM,NC,ASO,EN,Combined TRACON& Tower with Radar,14,43,45,6,108,0,3,28,0,31,14,46,73,6,139,38,30,68,207
01/11/2006,ILM,NC,ASO,EN,Combined TRACON& Tower with Radar,14,50,49,1,114,0,7,14,3,24,14,57,63,4,138,32,20,52,190
01/12/2006,ILM,NC,ASO,EN,Combined TRACON& Tower with Radar,12,54,72,0,138,0,7,31,1,39,12,61,103,1,177,46,2,48,225
01/13/2006,ILM,NC,ASO,EN,Combined TRACON& Tower with Radar,10,48,60,1,119,0,3,24,7,34,10,51,84,8,153,30,36,66,219
01/14/2006,ILM,NC,ASO,EN,Combined TRACON& Tower with Radar,11,40,23,1,75,0,7,3,0,10,11,47,26,1,85,0,0,0,85
01/15/2006,ILM,NC,ASO,EN,Combined TRACON& Tower with Radar,16,42,30,9,97,0,6,38,1,45,16,48,68,10,142,36,2,38,180
01/16/2006,ILM,NC,ASO,EN,Combined TRACON& Tower with Radar,14,50,62,0,126,0,8,60,0,68,14,58,122,0,194,36,0,36,230
01/17/2006,ILM,NC,ASO,EN,Combined TRACON& Tower with Radar,14,53,64,11,142,0,8,30,3,41,14,61,94,14,183,32,2,34,217
01/18/2006,ILM,NC,ASO,EN,Combined TRACON& Tower with Radar,13,46,60,9,128,0,2,7,7,16,13,48,67,16,144,28,6,34,178
01/19/2006,ILM,NC,ASO,EN,Combined TRACON& Tower with Radar,10,51,58,10,129,0,0,77,3,80,10,51,135,13,209,52,6,58,267
01/20/2006,ILM,NC,ASO,EN,Combined TRACON& Tower with Radar,13,56,86,12,167,0,12,74,2,88,13,68,160,14,255,36,10,46,301
01/21/2006,ILM,NC,ASO,EN,Combined TRACON& Tower with Radar,14,34,48,6,102,0,2,55,10,67,14,36,103,16,169,170,0,170,339
01/22/2006,ILM,NC,ASO,EN,Combined TRACON& Tower with Radar,18,37,51,0,106,0,2,17,0,19,18,39,68,0,125,46,0,46,171
01/23/2006,ILM,NC,ASO,EN,Combined TRACON& Tower with Radar,14,56,42,16,128,0,0,0,6,6,14,56,42,22,134,0,12,12,146
01/24/2006,ILM,NC,ASO,EN,Combined TRACON& Tower with Radar,14,44,53,43,154,0,0,2,0,2,14,44,55,43,156,0,32,32,188
01/25/2006,ILM,NC,ASO,EN,Combined TRACON& Tower with Radar,9,50,43,7,109,0,2,29,0,31,9,52,72,7,140,14,10,24,164
01/26/2006,ILM,NC,ASO,EN,Combined TRACON& Tower with Radar,11,53,47,16,127,0,11,58,6,75,11,64,105,22,202,24,67,91,293
01/27/2006,ILM,NC,ASO,EN,Combined TRACON& Tower with Radar,13,46,61,4,124,0,11,67,0,78,13,57,128,4,202,24,6,30,232
01/28/2006,ILM,NC,ASO,EN,Combined TRACON& Tower with Radar,16,31,62,0,109,0,2,91,0,93,16,33,153,0,202,70,0,70,272
01/29/2006,ILM,NC,ASO,EN,Combined TRACON& Tower with Radar,17,37,68,2,124,0,2,14,0,16,17,39,82,2,140,0,0,0,140
01/30/2006,ILM,NC,ASO,EN,Combined TRACON& Tower with Radar,12,52,33,2,99,0,3,5,2,10,12,55,38,4,109,8,2,10,119
01/31/2006,ILM,NC,ASO,EN,Combined TRACON& Tower with Radar,11,45,53,2,111,0,2,14,0,16,11,47,67,2,127,0,0,0,127
02/01/2006,ILM,NC,ASO,EN,Combined TRACON& Tower with Radar,15,45,47,16,123,0,7,78,1,86,15,52,125,17,209,106,2,108,317
02/02/2006,ILM,NC,ASO,EN,Combined TRACON& Tower with Radar,14,43,43,20,120,0,6,55,3,64,14,49,98,23,184,96,20,116,300
02/03/2006,ILM,NC,ASO,EN,Combined TRACON& Tower with Radar,15,52,77,3,147,0,7,36,2,45,15,59,113,5,192,36,10,46,238
02/04/2006,ILM,NC,ASO,EN,Combined TRACON& Tower with Radar,10,28,25,8,71,0,5,3,0,8,10,33,28,8,79,0,0,0,79
02/05/2006,ILM,NC,ASO,EN,Combined TRACON& Tower with Radar,18,35,40,2,95,0,3,24,0,27,18,38,64,2,122,6,2,8,130
02/06/2006,ILM,NC,ASO,EN,Combined TRACON& Tower with Radar,14,53,65,18,150,0,6,38,0,44,14,59,103,18,194,32,0,32,226
02/07/2006,ILM,NC,ASO,EN,Combined TRACON& Tower with Radar,14,40,54,16,124,0,2,33,3,38,14,42,87,19,162,46,6,52,214
02/08/2006,ILM,NC,ASO,EN,Combined TRACON& Tower with Radar,14,47,48,22,131,0,7,76,6,89,14,54,124,28,220,104,40,144,364
02/09/2006,ILM,NC,ASO,EN,Combined TRACON& Tower with Radar,15,54,56,8,133,0,5,37,3,45,15,59,93,11,178,60,2,62,240
02/10/2006,ILM,NC,ASO,EN,Combined TRACON& Tower with Radar,15,56,76,29,176,0,10,40,8,58,15,66,116,37,234,20,32,52,286
02/11/2006,ILM,NC,ASO,EN,Combined TRACON& Tower with Radar,14,24,24,0,62,0,0,0,0,0,14,24,24,0,62,0,0,0,62
02/12/2006,ILM,NC,ASO,EN,Combined TRACON& Tower with Radar,10,31,45,2,88,0,0,31,0,31,10,31,76,2,119,78,0,78,197
02/13/2006,ILM,NC,ASO,EN,Combined TRACON& Tower with Radar,14,73,50,28,165,0,8,33,8,49,14,81,83,36,214,36,22,58,272
02/14/2006,ILM,NC,ASO,EN,Combined TRACON& Tower with Radar,15,56,45,5,121,0,4,47,0,51,15,60,92,5,172,16,20,36,208
02/15/2006,ILM,NC,ASO,EN,Combined TRACON& Tower with Radar,12,47,63,19,141,0,4,54,9,67,12,51,117,28,208,40,18,58,266
02/16/2006,ILM,NC,ASO,EN,Combined TRACON& Tower with Radar,11,73,83,14,181,0,3,45,4,52,11,76,128,18,233,4,10,14,247
02/17/2006,ILM,NC,ASO,EN,Combined TRACON& Tower with Radar,14,59,86,13,172,0,7,61,8,76,14,66,147,21,248,22,24,46,294
02/18/2006,ILM,NC,ASO,EN,Combined TRACON& Tower with Radar,13,45,68,0,126,0,4,29,0,33,13,49,97,0,159,56,0,56,215
02/19/2006,ILM,NC,ASO,EN,Combined TRACON& Tower with Radar,16,32,47,1,96,0,4,73,2,79,16,36,120,3,175,100,0,100,275
02/20/2006,ILM,NC,ASO,EN,Combined TRACON& Tower with Radar,12,79,69,3,163,0,2,8,0,10,12,81,77,3,173,0,0,0,173
02/21/2006,ILM,NC,ASO,EN,Combined TRACON& Tower with Radar,14,63,107,8,192,0,1,19,2,22,14,64,126,10,214,60,2,62,276
02/22/2006,ILM,NC,ASO,EN,Combined TRACON& Tower with Radar,13,52,72,25,162,0,3,10,2,15,13,55,82,27,177,4,28,32,209
02/23/2006,ILM,NC,ASO,EN,Combined TRACON& Tower with Radar,14,49,77,4,144,0,2,17,0,19,14,51,94,4,163,6,0,6,169
02/24/2006,ILM,NC,ASO,EN,Combined TRACON& Tower with Radar,12,58,85,3,158,0,8,78,0,86,12,66,163,3,244,62,4,66,310
02/25/2006,ILM,NC,ASO,EN,Combined TRACON& Tower with Radar,9,51,58,4,122,0,4,41,2,47,9,55,99,6,169,24,0,24,193
02/26/2006,ILM,NC,ASO,EN,Combined TRACON& Tower with Radar,12,43,75,3,133,0,2,21,0,23,12,45,96,3,156,48,0,48,204
02/27/2006,ILM,NC,ASO,EN,Combined TRACON& Tower with Radar,14,50,45,3,112,0,9,40,2,51,14,59,85,5,163,33,0,33,196
02/28/2006,ILM,NC,ASO,EN,Combined TRACON& Tower with Radar,13,45,60,12,130,0,16,47,1,64,13,61,107,13,194,18,8,26,220
03/01/2006,ILM,NC,ASO,EN,Combined TRACON& Tower with Radar,14,47,56,30,147,0,12,43,15,70,14,59,99,45,217,34,36,70,287
03/02/2006,ILM,NC,ASO,EN,Combined TRACON& Tower with Radar,13,45,61,22,141,0,2,34,3,39,13,47,95,25,180,4,26,30,210
03/03/2006,ILM,NC,ASO,EN,Combined TRACON& Tower with Radar,16,51,78,3,148,0,8,63,0,71,16,59,141,3,219,66,6,72,291
03/04/2006,ILM,NC,ASO,EN,Combined TRACON& Tower with Radar,12,33,55,4,104,0,4,54,0,58,12,37,109,4,162,6,2,8,170
03/05/2006,ILM,NC,ASO,EN,Combined TRACON& Tower with Radar,17,43,71,2,133,0,3,118,0,121,17,46,189,2,254,94,0,94,348
03/06/2006,ILM,NC,ASO,EN,Combined TRACON& Tower with Radar,12,60,50,7,129,0,2,54,3,59,12,62,104,10,188,78,12,90,278
03/07/2006,ILM,NC,ASO,EN,Combined TRACON& Tower with Radar,13,51,69,5,138,0,3,33,2,38,13,54,102,7,176,2,0,2,178
03/08/2006,ILM,NC,ASO,EN,Combined TRACON& Tower with Radar,11,52,75,18,156,0,4,50,4,58,11,56,125,22,214,20,10,30,244
03/09/2006,ILM,NC,ASO,EN,Combined TRACON& Tower with Radar,15,57,56,2,130,0,12,49,0,61,15,69,105,2,191,62,0,62,253
03/10/2006,ILM,NC,ASO,EN,Combined TRACON& Tower with Radar,17,52,69,9,147,0,10,9,3,22,17,62,78,12,169,0,0,0,169
03/11/2006,ILM,NC,ASO,EN,Combined TRACON& Tower with Radar,7,38,57,0,102,0,5,91,4,100,7,43,148,4,202,82,0,82,284
03/12/2006,ILM,NC,ASO,EN,Combined TRACON& Tower with Radar,7,51,94,0,152,0,4,84,1,89,7,55,178,1,241,72,0,72,313
03/13/2006,ILM,NC,ASO,EN,Combined TRACON& Tower with Radar,14,40,44,16,114,0,8,18,8,34,14,48,62,24,148,34,38,72,220
03/14/2006,ILM,NC,ASO,EN,Combined TRACON& Tower with Radar,14,42,55,7,118,0,6,12,4,22,14,48,67,11,140,8,4,12,152
03/15/2006,ILM,NC,ASO,EN,Combined TRACON& Tower with Radar,14,49,69,24,156,0,7,24,2,33,14,56,93,26,189,10,6,16,205
03/16/2006,ILM,NC,ASO,EN,Combined TRACON& Tower with Radar,12,56,62,15,145,0,4,69,1,74,12,60,131,16,219,80,6,86,305
03/17/2006,ILM,NC,ASO,EN,Combined TRACON& Tower with Radar,15,57,67,3,142,0,0,62,1,63,15,57,129,4,205,16,0,16,221
03/18/2006,ILM,NC,ASO,EN,Combined TRACON& Tower with Radar,12,40,56,1,109,0,2,68,3,73,12,42,124,4,182,52,0,52,234
03/19/2006,ILM,NC,ASO,EN,Combined TRACON& Tower with Radar,12,48,79,0,139,0,4,117,3,124,12,52,196,3,263,52,0,52,315
03/20/2006,ILM,NC,ASO,EN,Combined TRACON& Tower with Radar,15,49,43,11,118,0,13,32,5,50,15,62,75,16,168,18,8,26,194
03/21/2006,ILM,NC,ASO,EN,Combined TRACON& Tower with Radar,16,53,31,8,108,0,0,0,0,0,16,53,31,8,108,0,0,0,108
03/22/2006,ILM,NC,ASO,EN,Combined TRACON& Tower with Radar,13,58,68,29,168,0,5,41,4,50,13,63,109,33,218,64,26,90,308
03/23/2006,ILM,NC,ASO,EN,Combined TRACON& Tower with Radar,15,46,72,2,135,0,6,56,0,62,15,52,128,2,197,26,0,26,223
03/24/2006,ILM,NC,ASO,EN,Combined TRACON& Tower with Radar,14,56,83,2,155,0,1,5,0,6,14,57,88,2,161,0,0,0,161
03/25/2006,ILM,NC,ASO,EN,Combined TRACON& Tower with Radar,12,57,63,3,135,0,0,58,3,61,12,57,121,6,196,15,13,28,224
03/26/2006,ILM,NC,ASO,EN,Combined TRACON& Tower with Radar,13,54,80,4,151,0,4,73,0,77,13,58,153,4,228,48,0,48,276
03/27/2006,ILM,NC,ASO,EN,Combined TRACON& Tower with Radar,15,51,69,12,147,0,15,69,4,88,15,66,138,16,235,84,6,90,325
03/28/2006,ILM,NC,ASO,EN,Combined TRACON& Tower with Radar,14,45,58,10,127,0,3,38,2,43,14,48,96,12,170,52,10,62,232
03/29/2006,ILM,NC,ASO,EN,Combined TRACON& Tower with Radar,14,52,50,11,127,0,8,60,3,71,14,60,110,14,198,38,50,88,286
03/30/2006,ILM,NC,ASO,EN,Combined TRACON& Tower with Radar,14,57,63,7,141,0,2,75,2,79,14,59,138,9,220,86,4,90,310
03/31/2006,ILM,NC,ASO,EN,Combined TRACON& Tower with Radar,13,49,68,11,141,0,12,56,2,70,13,61,124,13,211,44,12,56,267
04/01/2006,ILM,NC,ASO,EN,Combined TRACON& Tower with Radar,10,51,55,0,116,0,7,20,2,29,10,58,75,2,145,30,0,30,175
04/02/2006,ILM,NC,ASO,EN,Combined TRACON& Tower with Radar,7,49,84,0,140,0,5,91,2,98,7,54,175,2,238,88,0,88,326
04/03/2006,ILM,NC,ASO,EN,Combined TRACON& Tower with Radar,13,48,28,2,91,0,0,13,0,13,13,48,41,2,104,0,0,0,104
04/04/2006,ILM,NC,ASO,EN,Combined TRACON& Tower with Radar,14,56,54,3,127,0,3,57,0,60,14,59,111,3,187,40,2,42,229
04/05/2006,ILM,NC,ASO,EN,Combined TRACON& Tower with Radar,14,51,66,19,150,0,3,68,3,74,14,54,134,22,224,22,12,34,258
04/06/2006,ILM,NC,ASO,EN,Combined TRACON& Tower with Radar,15,50,66,4,135,0,6,105,3,114,15,56,171,7,249,86,0,86,335
04/07/2006,ILM,NC,ASO,EN,Combined TRACON& Tower with Radar,13,55,59,17,144,0,3,48,3,54,13,58,107,20,198,16,4,20,218
04/08/2006,ILM,NC,ASO,EN,Combined TRACON& Tower with Radar,14,45,44,1,104,0,13,19,0,32,14,58,63,1,136,32,0,32,168
04/09/2006,ILM,NC,ASO,EN,Combined TRACON& Tower with Radar,16,40,75,1,132,0,5,52,3,60,16,45,127,4,192,62,2,64,256
04/10/2006,ILM,NC,ASO,EN,Combined TRACON& Tower with Radar,13,53,61,6,133,0,4,53,1,58,13,57,114,7,191,34,2,36,227
04/11/2006,ILM,NC,ASO,EN,Combined TRACON& Tower with Radar,14,53,56,0,123,0,8,83,6,97,14,61,139,6,220,38,0,38,258
04/12/2006,ILM,NC,ASO,EN,Combined TRACON& Tower with Radar,14,53,91,4,162,0,10,74,7,91,14,63,165,11,253,38,8,46,299
04/13/2006,ILM,NC,ASO,EN,Combined TRACON& Tower with Radar,14,61,102,9,186,0,12,63,1,76,14,73,165,10,262,60,0,60,322
04/14/2006,ILM,NC,ASO,EN,Combined TRACON& Tower with Radar,13,50,81,5,149,0,7,68,2,77,13,57,149,7,226,48,20,68,294
04/15/2006,ILM,NC,ASO,EN,Combined TRACON& Tower with Radar,10,51,67,7,135,0,3,48,1,52,10,54,115,8,187,20,6,26,213
04/16/2006,ILM,NC,ASO,EN,Combined TRACON& Tower with Radar,14,53,78,0,145,0,3,66,2,71,14,56,144,2,216,66,0,66,282
04/17/2006,ILM,NC,ASO,EN,Combined TRACON& Tower with Radar,14,56,88,13,171,0,1,22,0,23,14,57,110,13,194,10,8,18,212
04/18/2006,ILM,NC,ASO,EN,Combined TRACON& Tower with Radar,13,62,50,2,127,0,12,0,18,30,13,74,50,20,157,34,0,34,191
04/19/2006,ILM,NC,ASO,EN,Combined TRACON& Tower with Radar,18,61,75,15,169,0,4,56,2,62,18,65,131,17,231,110,22,132,363
04/20/2006,ILM,NC,ASO,EN,Combined TRACON& Tower with Radar,13,64,78,1,156,0,2,62,2,66,13,66,140,3,222,52,0,52,274
04/21/2006,ILM,NC,ASO,EN,Combined TRACON& Tower with Radar,12,53,82,28,175,0,2,43,7,52,12,55,125,35,227,76,27,103,330
04/22/2006,ILM,NC,ASO,EN,Combined TRACON& Tower with Radar,7,38,46,0,91,0,0,11,0,11,7,38,57,0,102,6,0,6,108
04/23/2006,ILM,NC,ASO,EN,Combined TRACON& Tower with Radar,11,53,99,5,168,0,3,94,3,100,11,56,193,8,268,102,0,102,370
04/24/2006,ILM,NC,ASO,EN,Combined TRACON& Tower with Radar,13,45,35,5,98,0,0,73,13,86,13,45,108,18,184,58,4,62,246
04/25/2006,ILM,NC,ASO,EN,Combined TRACON& Tower with Radar,14,59,48,3,124,0,6,64,2,72,14,65,112,5,196,40,6,46,242
04/26/2006,ILM,NC,ASO,EN,Combined TRACON& Tower with Radar,15,43,47,9,114,0,5,8,0,13,15,48,55,9,127,0,2,2,129
04/27/2006,ILM,NC,ASO,EN,Combined TRACON& Tower with Radar,15,47,49,2,113,0,0,2,0,2,15,47,51,2,115,0,0,0,115
04/28/2006,ILM,NC,ASO,EN,Combined TRACON& Tower with Radar,15,47,57,5,124,0,8,88,1,97,15,55,145,6,221,78,2,80,301
04/29/2006,ILM,NC,ASO,EN,Combined TRACON& Tower with Radar,7,37,44,0,88,0,4,66,3,73,7,41,110,3,161,6,2,8,169
04/30/2006,ILM,NC,ASO,EN,Combined TRACON& Tower with Radar,14,32,63,1,110,0,3,56,2,61,14,35,119,3,171,28,4,32,203
05/01/2006,ILM,NC,ASO,EN,Combined TRACON& Tower with Radar,15,51,54,18,138,0,6,48,2,56,15,57,102,20,194,84,4,88,282
05/02/2006,ILM,NC,ASO,EN,Combined TRACON& Tower with Radar,12,50,46,0,108,0,3,47,0,50,12,53,93,0,158,24,0,24,182
05/03/2006,ILM,NC,ASO,EN,Combined TRACON& Tower with Radar,12,52,64,4,132,0,2,42,1,45,12,54,106,5,177,52,0,52,229
05/04/2006,ILM,NC,ASO,EN,Combined TRACON& Tower with Radar,14,53,71,2,140,0,7,93,3,103,14,60,164,5,243,86,0,86,329
05/05/2006,ILM,NC,ASO,EN,Combined TRACON& Tower with Radar,16,54,52,7,129,0,7,17,2,26,16,61,69,9,155,26,16,42,197
05/06/2006,ILM,NC,ASO,EN,Combined TRACON& Tower with Radar,9,35,27,4,75,0,4,133,0,137,9,39,160,4,212,24,0,24,236
05/07/2006,ILM,NC,ASO,EN,Combined TRACON& Tower with Radar,17,38,58,0,113,0,1,29,2,32,17,39,87,2,145,84,0,84,229
05/08/2006,ILM,NC,ASO,EN,Combined TRACON& Tower with Radar,15,43,58,14,130,0,2,14,2,18,15,45,72,16,148,42,6,48,196
05/09/2006,ILM,NC,ASO,EN,Combined TRACON& Tower with Radar,12,51,70,6,139,0,2,31,0,33,12,53,101,6,172,74,2,76,248
05/10/2006,ILM,NC,ASO,EN,Combined TRACON& Tower with Radar,12,46,62,0,120,0,10,40,0,50,12,56,102,0,170,38,0,38,208
05/11/2006,ILM,NC,ASO,EN,Combined TRACON& Tower with Radar,15,48,63,26,152,0,3,7,2,12,15,51,70,28,164,12,34,46,210
05/12/2006,ILM,NC,ASO,EN,Combined TRACON& Tower with Radar,15,56,82,18,171,0,7,79,6,92,15,63,161,24,263,24,36,60,323
05/13/2006,ILM,NC,ASO,EN,Combined TRACON& Tower with Radar,15,38,34,4,91,0,6,73,0,79,15,44,107,4,170,56,0,56,226
05/14/2006,ILM,NC,ASO,EN,Combined TRACON& Tower with Radar,15,44,54,4,117,0,1,20,1,22,15,45,74,5,139,12,0,12,151
05/15/2006,ILM,NC,ASO,EN,Combined TRACON& Tower with Radar,15,51,54,7,127,0,3,21,8,32,15,54,75,15,159,8,2,10,169
05/16/2006,ILM,NC,ASO,EN,Combined TRACON& Tower with Radar,12,54,101,29,196,0,12,77,0,89,12,66,178,29,285,94,48,142,427
05/17/2006,ILM,NC,ASO,EN,Combined TRACON& Tower with Radar,14,63,75,18,170,0,8,62,4,74,14,71,137,22,244,58,10,68,312
05/18/2006,ILM,NC,ASO,EN,Combined TRACON& Tower with Radar,13,47,72,16,148,0,7,56,4,67,13,54,128,20,215,82,34,116,331
05/19/2006,ILM,NC,ASO,EN,Combined TRACON& Tower with Radar,15,51,64,6,136,0,9,60,6,75,15,60,124,12,211,28,6,34,245
05/20/2006,ILM,NC,ASO,EN,Combined TRACON& Tower with Radar,13,33,37,8,91,0,6,20,4,30,13,39,57,12,121,8,0,8,129
05/21/2006,ILM,NC,ASO,EN,Combined TRACON& Tower with Radar,17,36,68,2,123,0,0,99,0,99,17,36,167,2,222,96,2,98,320
05/22/2006,ILM,NC,ASO,EN,Combined TRACON& Tower with Radar,14,48,58,14,134,0,3,36,0,39,14,51,94,14,173,64,12,76,249
05/23/2006,ILM,NC,ASO,EN,Combined TRACON& Tower with Radar,12,48,61,19,140,0,1,45,3,49,12,49,106,22,189,52,14,66,255
05/24/2006,ILM,NC,ASO,EN,Combined TRACON& Tower with Radar,12,47,61,12,132,0,2,86,2,90,12,49,147,14,222,94,14,108,330
05/25/2006,ILM,NC,ASO,EN,Combined TRACON& Tower with Radar,15,49,73,6,143,0,4,41,2,47,15,53,114,8,190,38,4,42,232
05/26/2006,ILM,NC,ASO,EN,Combined TRACON& Tower with Radar,22,55,78,4,159,0,3,63,0,66,22,58,141,4,225,24,0,24,249
05/27/2006,ILM,NC,ASO,EN,Combined TRACON& Tower with Radar,9,35,55,2,101,0,4,64,0,68,9,39,119,2,169,66,0,66,235
05/28/2006,ILM,NC,ASO,EN,Combined TRACON& Tower with Radar,16,34,35,2,87,0,9,84,1,94,16,43,119,3,181,60,0,60,241
05/29/2006,ILM,NC,ASO,EN,Combined TRACON& Tower with Radar,17,42,75,0,134,0,8,74,0,82,17,50,149,0,216,54,0,54,270
05/30/2006,ILM,NC,ASO,EN,Combined TRACON& Tower with Radar,15,46,66,16,143,0,6,44,4,54,15,52,110,20,197,34,24,58,255
05/31/2006,ILM,NC,ASO,EN,Combined TRACON& Tower with Radar,17,41,48,6,112,0,4,40,1,45,17,45,88,7,157,38,0,38,195
06/01/2006,ILM,NC,ASO,EN,Combined TRACON& Tower with Radar,15,43,80,9,147,0,0,65,6,71,15,43,145,15,218,72,54,126,344
06/02/2006,ILM,NC,ASO,EN,Combined TRACON& Tower with Radar,14,45,73,6,138,0,3,26,2,31,14,48,99,8,169,48,6,54,223
06/03/2006,ILM,NC,ASO,EN,Combined TRACON& Tower with Radar,14,35,28,0,77,0,2,4,0,6,14,37,32,0,83,0,0,0,83
06/04/2006,ILM,NC,ASO,EN,Combined TRACON& Tower with Radar,15,40,61,2,118,0,2,79,2,83,15,42,140,4,201,44,20,64,265
06/05/2006,ILM,NC,ASO,EN,Combined TRACON& Tower with Radar,17,57,38,7,119,0,3,19,3,25,17,60,57,10,144,60,22,82,226
06/06/2006,ILM,NC,ASO,EN,Combined TRACON& Tower with Radar,13,42,42,9,106,0,2,31,2,35,13,44,73,11,141,58,10,68,209
06/07/2006,ILM,NC,ASO,EN,Combined TRACON& Tower with Radar,12,45,84,2,143,0,7,92,0,99,12,52,176,2,242,50,6,56,298
06/08/2006,ILM,NC,ASO,EN,Combined TRACON& Tower with Radar,14,50,60,16,140,0,7,20,3,30,14,57,80,19,170,4,24,28,198
06/09/2006,ILM,NC,ASO,EN,Combined TRACON& Tower with Radar,15,50,71,15,151,0,7,76,2,85,15,57,147,17,236,18,16,34,270
06/10/2006,ILM,NC,ASO,EN,Combined TRACON& Tower with Radar,13,26,62,0,101,0,6,49,0,55,13,32,111,0,156,72,0,72,228
06/11/2006,ILM,NC,ASO,EN,Combined TRACON& Tower with Radar,13,33,48,10,104,0,2,59,0,61,13,35,107,10,165,22,0,22,187
06/12/2006,ILM,NC,ASO,EN,Combined TRACON& Tower with Radar,11,47,41,4,103,0,2,21,2,25,11,49,62,6,128,34,8,42,170
06/13/2006,ILM,NC,ASO,EN,Combined TRACON& Tower with Radar,13,46,49,0,108,0,0,0,0,0,13,46,49,0,108,0,0,0,108
06/14/2006,ILM,NC,ASO,EN,Combined TRACON& Tower with Radar,14,45,27,4,90,0,5,11,0,16,14,50,38,4,106,2,0,2,108
06/15/2006,ILM,NC,ASO,EN,Combined TRACON& Tower with Radar,15,54,83,17,169,0,13,71,1,85,15,67,154,18,254,48,16,64,318
06/16/2006,ILM,NC,ASO,EN,Combined TRACON& Tower with Radar,13,57,62,20,152,0,8,82,5,95,13,65,144,25,247,40,36,76,323
06/17/2006,ILM,NC,ASO,EN,Combined TRACON& Tower with Radar,17,28,46,0,91,0,13,102,2,117,17,41,148,2,208,106,0,106,314
06/18/2006,ILM,NC,ASO,EN,Combined TRACON& Tower with Radar,16,31,51,1,99,0,5,55,2,62,16,36,106,3,161,60,0,60,221
06/19/2006,ILM,NC,ASO,EN,Combined TRACON& Tower with Radar,14,40,68,3,125,0,3,59,2,64,14,43,127,5,189,56,0,56,245
06/20/2006,ILM,NC,ASO,EN,Combined TRACON& Tower with Radar,12,46,60,6,124,0,5,42,0,47,12,51,102,6,171,24,0,24,195
06/21/2006,ILM,NC,ASO,EN,Combined TRACON& Tower with Radar,13,40,59,11,123,0,3,48,0,51,13,43,107,11,174,30,4,34,208
06/22/2006,ILM,NC,ASO,EN,Combined TRACON& Tower with Radar,17,52,88,10,167,0,1,46,13,60,17,53,134,23,227,34,22,56,283
06/23/2006,ILM,NC,ASO,EN,Combined TRACON& Tower with Radar,15,46,59,7,127,0,2,72,10,84,15,48,131,17,211,66,4,70,281
06/24/2006,ILM,NC,ASO,EN,Combined TRACON& Tower with Radar,15,29,44,3,91,0,11,33,3,47,15,40,77,6,138,52,0,52,190
06/25/2006,ILM,NC,ASO,EN,Combined TRACON& Tower with Radar,18,29,49,0,96,0,4,3,0,7,18,33,52,0,103,10,0,10,113
06/26/2006,ILM,NC,ASO,EN,Combined TRACON& Tower with Radar,12,38,56,2,108,0,2,16,1,19,12,40,72,3,127,26,0,26,153
06/27/2006,ILM,NC,ASO,EN,Combined TRACON& Tower with Radar,9,45,39,0,93,0,5,9,1,15,9,50,48,1,108,16,0,16,124
06/28/2006,ILM,NC,ASO,EN,Combined TRACON& Tower with Radar,12,62,65,7,146,0,8,31,7,46,12,70,96,14,192,8,0,8,200
06/29/2006,ILM,NC,ASO,EN,Combined TRACON& Tower with Radar,14,57,71,4,146,0,3,45,0,48,14,60,116,4,194,18,2,20,214
06/30/2006,ILM,NC,ASO,EN,Combined TRACON& Tower with Radar,13,55,83,0,151,0,6,88,0,94,13,61,171,0,245,52,0,52,297
07/01/2006,ILM,NC,ASO,EN,Combined TRACON& Tower with Radar,15,41,38,0,94,0,10,42,4,56,15,51,80,4,150,20,0,20,170
07/02/2006,ILM,NC,ASO,EN,Combined TRACON& Tower with Radar,16,29,37,2,84,0,9,56,0,65,16,38,93,2,149,18,0,18,167
07/03/2006,ILM,NC,ASO,EN,Combined TRACON& Tower with Radar,13,42,47,8,110,0,5,50,0,55,13,47,97,8,165,20,0,20,185
07/04/2006,ILM,NC,ASO,EN,Combined TRACON& Tower with Radar,13,30,45,0,88,0,7,44,0,51,13,37,89,0,139,14,0,14,153
07/05/2006,ILM,NC,ASO,EN,Combined TRACON& Tower with Radar,13,45,70,11,139,0,2,32,7,41,13,47,102,18,180,24,26,50,230
07/06/2006,ILM,NC,ASO,EN,Combined TRACON& Tower with Radar,14,48,61,6,129,0,1,29,3,33,14,49,90,9,162,24,22,46,208
07/07/2006,ILM,NC,ASO,EN,Combined TRACON& Tower with Radar,14,47,60,4,125,0,5,48,5,58,14,52,108,9,183,16,0,16,199
07/08/2006,ILM,NC,ASO,EN,Combined TRACON& Tower with Radar,14,29,28,2,73,0,10,83,6,99,14,39,111,8,172,26,0,26,198
07/09/2006,ILM,NC,ASO,EN,Combined TRACON& Tower with Radar,17,34,49,2,102,0,7,62,2,71,17,41,111,4,173,26,8,34,207
07/10/2006,ILM,NC,ASO,EN,Combined TRACON& Tower with Radar,16,43,55,13,127,0,3,101,5,109,16,46,156,18,236,56,44,100,336
07/11/2006,ILM,NC,ASO,EN,Combined TRACON& Tower with Radar,13,50,55,10,128,0,2,51,6,59,13,52,106,16,187,26,12,38,225
07/12/2006,ILM,NC,ASO,EN,Combined TRACON& Tower with Radar,15,44,54,5,118,0,4,43,5,52,15,48,97,10,170,22,18,40,210
07/13/2006,ILM,NC,ASO,EN,Combined TRACON& Tower with Radar,13,47,68,22,150,0,8,29,15,52,13,55,97,37,202,10,18,28,230
07/14/2006,ILM,NC,ASO,EN,Combined TRACON& Tower with Radar,15,49,78,10,152,0,0,41,6,47,15,49,119,16,199,34,16,50,249
07/15/2006,ILM,NC,ASO,EN,Combined TRACON& Tower with Radar,17,29,47,0,93,0,0,42,0,42,17,29,89,0,135,50,0,50,185
07/16/2006,ILM,NC,ASO,EN,Combined TRACON& Tower with Radar,16,38,53,2,109,0,2,67,0,69,16,40,120,2,178,86,0,86,264
07/17/2006,ILM,NC,ASO,EN,Combined TRACON& Tower with Radar,15,45,80,6,146,0,6,63,5,74,15,51,143,11,220,42,0,42,262
07/18/2006,ILM,NC,ASO,EN,Combined TRACON& Tower with Radar,12,45,65,7,129,0,3,56,2,61,12,48,121,9,190,36,6,42,232
07/19/2006,ILM,NC,ASO,EN,Combined TRACON& Tower with Radar,14,54,69,6,143,0,9,66,9,84,14,63,135,15,227,102,2,104,331
07/20/2006,ILM,NC,ASO,EN,Combined TRACON& Tower with Radar,14,48,100,3,165,0,2,34,0,36,14,50,134,3,201,62,0,62,263
07/21/2006,ILM,NC,ASO,EN,Combined TRACON& Tower with Radar,13,36,85,4,138,0,3,49,0,52,13,39,134,4,190,18,4,22,212
07/22/2006,ILM,NC,ASO,EN,Combined TRACON& Tower with Radar,16,32,54,20,122,0,3,59,11,73,16,35,113,31,195,54,30,84,279
07/23/2006,ILM,NC,ASO,EN,Combined TRACON& Tower with Radar,17,33,46,2,98,0,5,49,0,54,17,38,95,2,152,48,0,48,200
07/24/2006,ILM,NC,ASO,EN,Combined TRACON& Tower with Radar,15,42,45,23,125,0,4,8,4,16,15,46,53,27,141,4,24,28,169
07/25/2006,ILM,NC,ASO,EN,Combined TRACON& Tower with Radar,14,45,58,15,132,0,7,42,5,54,14,52,100,20,186,78,14,92,278
07/26/2006,ILM,NC,ASO,EN,Combined TRACON& Tower with Radar,16,46,57,10,129,0,4,45,1,50,16,50,102,11,179,48,4,52,231
07/27/2006,ILM,NC,ASO,EN,Combined TRACON& Tower with Radar,11,36,62,29,138,0,3,80,7,90,11,39,142,36,228,32,36,68,296
07/28/2006,ILM,NC,ASO,EN,Combined TRACON& Tower with Radar,14,45,59,0,118,0,2,48,0,50,14,47,107,0,168,38,0,38,206
07/29/2006,ILM,NC,ASO,EN,Combined TRACON& Tower with Radar,16,32,49,2,99,0,2,45,4,51,16,34,94,6,150,88,0,88,238
07/30/2006,ILM,NC,ASO,EN,Combined TRACON& Tower with Radar,16,33,68,0,117,0,7,26,0,33,16,40,94,0,150,24,0,24,174
07/31/2006,ILM,NC,ASO,EN,Combined TRACON& Tower with Radar,14,45,43,3,105,0,9,56,0,65,14,54,99,3,170,92,0,92,262
08/01/2006,ILM,NC,ASO,EN,Combined TRACON& Tower with Radar,12,50,59,6,127,0,5,47,2,54,12,55,106,8,181,54,2,56,237
08/02/2006,ILM,NC,ASO,EN,Combined TRACON& Tower with Radar,13,50,50,7,120,0,7,57,1,65,13,57,107,8,185,80,4,84,269
08/03/2006,ILM,NC,ASO,EN,Combined TRACON& Tower with Radar,14,47,64,8,133,0,3,55,7,65,14,50,119,15,198,50,4,54,252
08/04/2006,ILM,NC,ASO,EN,Combined TRACON& Tower with Radar,16,54,66,1,137,0,2,41,0,43,16,56,107,1,180,36,0,36,216
08/05/2006,ILM,NC,ASO,EN,Combined TRACON& Tower with Radar,16,40,42,7,105,0,4,35,3,42,16,44,77,10,147,62,0,62,209
08/06/2006,ILM,NC,ASO,EN,Combined TRACON& Tower with Radar,18,47,79,12,156,0,6,66,5,77,18,53,145,17,233,118,10,128,361
08/07/2006,ILM,NC,ASO,EN,Combined TRACON& Tower with Radar,12,49,78,2,141,0,2,74,0,76,12,51,152,2,217,88,0,88,305
08/08/2006,ILM,NC,ASO,EN,Combined TRACON& Tower with Radar,10,55,70,3,138,0,5,46,1,52,10,60,116,4,190,54,0,54,244
08/09/2006,ILM,NC,ASO,EN,Combined TRACON& Tower with Radar,14,45,69,1,129,0,2,46,0,48,14,47,115,1,177,34,0,34,211
08/10/2006,ILM,NC,ASO,EN,Combined TRACON& Tower with Radar,12,42,61,3,118,0,11,42,6,59,12,53,103,9,177,30,10,40,217
08/11/2006,ILM,NC,ASO,EN,Combined TRACON& Tower with Radar,14,66,82,3,165,0,2,46,1,49,14,68,128,4,214,21,2,23,237
08/12/2006,ILM,NC,ASO,EN,Combined TRACON& Tower with Radar,14,38,38,0,90,0,0,51,0,51,14,38,89,0,141,14,0,14,155
08/13/2006,ILM,NC,ASO,EN,Combined TRACON& Tower with Radar,18,35,71,4,128,0,6,121,0,127,18,41,192,4,255,102,0,102,357
08/14/2006,ILM,NC,ASO,EN,Combined TRACON& Tower with Radar,14,46,48,2,110,0,6,93,2,101,14,52,141,4,211,24,0,24,235
08/15/2006,ILM,NC,ASO,EN,Combined TRACON& Tower with Radar,15,47,47,2,111,0,3,89,6,98,15,50,136,8,209,24,0,24,233
08/16/2006,ILM,NC,ASO,EN,Combined TRACON& Tower with Radar,13,40,76,0,129,0,2,56,0,58,13,42,132,0,187,74,0,74,261
08/17/2006,ILM,NC,ASO,EN,Combined TRACON& Tower with Radar,15,50,56,1,122,0,2,18,0,20,15,52,74,1,142,14,0,14,156
08/18/2006,ILM,NC,ASO,EN,Combined TRACON& Tower with Radar,19,52,80,17,168,0,1,27,0,28,19,53,107,17,196,52,8,60,256
08/19/2006,ILM,NC,ASO,EN,Combined TRACON& Tower with Radar,16,29,54,12,111,0,3,83,2,88,16,32,137,14,199,76,4,80,279
08/20/2006,ILM,NC,ASO,EN,Combined TRACON& Tower with Radar,17,30,47,2,96,0,6,67,0,73,17,36,114,2,169,80,0,80,249
08/21/2006,ILM,NC,ASO,EN,Combined TRACON& Tower with Radar,13,40,65,13,131,0,0,30,1,31,13,40,95,14,162,26,6,32,194
08/22/2006,ILM,NC,ASO,EN,Combined TRACON& Tower with Radar,13,49,54,0,116,0,3,21,0,24,13,52,75,0,140,16,0,16,156
08/23/2006,ILM,NC,ASO,EN,Combined TRACON& Tower with Radar,12,53,61,13,139,0,1,19,0,20,12,54,80,13,159,64,20,84,243
08/24/2006,ILM,NC,ASO,EN,Combined TRACON& Tower with Radar,13,48,60,0,121,0,2,59,0,61,13,50,119,0,182,36,0,36,218
08/25/2006,ILM,NC,ASO,EN,Combined TRACON& Tower with Radar,18,40,67,16,141,0,7,98,4,109,18,47,165,20,250,82,18,100,350
08/26/2006,ILM,NC,ASO,EN,Combined TRACON& Tower with Radar,17,24,44,8,93,0,2,90,1,93,17,26,134,9,186,44,0,44,230
08/27/2006,ILM,NC,ASO,EN,Combined TRACON& Tower with Radar,16,29,56,0,101,0,1,45,0,46,16,30,101,0,147,88,0,88,235
08/28/2006,ILM,NC,ASO,EN,Combined TRACON& Tower with Radar,13,45,60,7,125,0,6,49,0,55,13,51,109,7,180,22,0,22,202
08/29/2006,ILM,NC,ASO,EN,Combined TRACON& Tower with Radar,11,45,55,7,118,0,10,55,4,69,11,55,110,11,187,44,10,54,241
08/30/2006,ILM,NC,ASO,EN,Combined TRACON& Tower with Radar,14,47,69,2,132,0,4,32,0,36,14,51,101,2,168,24,0,24,192
08/31/2006,ILM,NC,ASO,EN,Combined TRACON& Tower with Radar,9,33,29,0,71,0,0,2,0,2,9,33,31,0,73,0,0,0,73
09/01/2006,ILM,NC,ASO,EN,Combined TRACON& Tower with Radar,15,39,54,0,108,0,2,13,2,17,15,41,67,2,125,12,0,12,137
09/02/2006,ILM,NC,ASO,EN,Combined TRACON& Tower with Radar,18,25,71,2,116,0,4,84,2,90,18,29,155,4,206,120,0,120,326
09/03/2006,ILM,NC,ASO,EN,Combined TRACON& Tower with Radar,15,30,46,2,93,0,5,82,1,88,15,35,128,3,181,100,2,102,283
09/04/2006,ILM,NC,ASO,EN,Combined TRACON& Tower with Radar,13,29,64,0,106,0,2,32,0,34,13,31,96,0,140,34,0,34,174
09/05/2006,ILM,NC,ASO,EN,Combined TRACON& Tower with Radar,10,41,47,16,114,0,5,12,2,19,10,46,59,18,133,22,22,44,177
09/06/2006,ILM,NC,ASO,EN,Combined TRACON& Tower with Radar,14,45,64,7,130,0,2,7,2,11,14,47,71,9,141,2,6,8,149
09/07/2006,ILM,NC,ASO,EN,Combined TRACON& Tower with Radar,17,59,78,7,161,0,4,81,0,85,17,63,159,7,246,64,8,72,318
09/08/2006,ILM,NC,ASO,EN,Combined TRACON& Tower with Radar,18,44,49,5,116,0,6,39,2,47,18,50,88,7,163,20,2,22,185
09/09/2006,ILM,NC,ASO,EN,Combined TRACON& Tower with Radar,20,26,16,2,64,0,5,64,3,72,20,31,80,5,136,64,0,64,200
09/10/2006,ILM,NC,ASO,EN,Combined TRACON& Tower with Radar,13,35,44,1,93,0,2,72,4,78,13,37,116,5,171,102,0,102,273
09/11/2006,ILM,NC,ASO,EN,Combined TRACON& Tower with Radar,14,47,55,4,120,0,0,52,1,53,14,47,107,5,173,80,0,80,253
09/12/2006,ILM,NC,ASO,EN,Combined TRACON& Tower with Radar,13,44,72,2,131,0,7,65,3,75,13,51,137,5,206,82,12,94,300
09/13/2006,ILM,NC,ASO,EN,Combined TRACON& Tower with Radar,15,54,48,3,120,0,8,11,0,19,15,62,59,3,139,34,0,34,173
09/14/2006,ILM,NC,ASO,EN,Combined TRACON& Tower with Radar,16,47,68,2,133,0,0,5,0,5,16,47,73,2,138,0,0,0,138
09/15/2006,ILM,NC,ASO,EN,Combined TRACON& Tower with Radar,11,45,68,8,132,0,3,68,8,79,11,48,136,16,211,90,10,100,311
09/16/2006,ILM,NC,ASO,EN,Combined TRACON& Tower with Radar,17,27,37,19,100,0,8,84,3,95,17,35,121,22,195,88,0,88,283
09/17/2006,ILM,NC,ASO,EN,Combined TRACON& Tower with Radar,14,35,52,0,101,0,3,86,0,89,14,38,138,0,190,140,0,140,330
09/18/2006,ILM,NC,ASO,EN,Combined TRACON& Tower with Radar,14,45,52,1,112,0,1,73,0,74,14,46,125,1,186,56,0,56,242
09/19/2006,ILM,NC,ASO,EN,Combined TRACON& Tower with Radar,14,42,39,19,114,0,5,28,2,35,14,47,67,21,149,52,24,76,225
09/20/2006,ILM,NC,ASO,EN,Combined TRACON& Tower with Radar,14,49,42,5,110,0,4,82,1,87,14,53,124,6,197,60,2,62,259
09/21/2006,ILM,NC,ASO,EN,Combined TRACON& Tower with Radar,15,46,51,0,112,0,5,96,0,101,15,51,147,0,213,50,0,50,263
09/22/2006,ILM,NC,ASO,EN,Combined TRACON& Tower with Radar,13,45,72,1,131,0,5,87,0,92,13,50,159,1,223,46,0,46,269
09/23/2006,ILM,NC,ASO,EN,Combined TRACON& Tower with Radar,19,23,32,1,75,0,1,31,0,32,19,24,63,1,107,18,0,18,125
09/24/2006,ILM,NC,ASO,EN,Combined TRACON& Tower with Radar,15,27,51,6,99,0,3,38,2,43,15,30,89,8,142,30,14,44,186
09/25/2006,ILM,NC,ASO,EN,Combined TRACON& Tower with Radar,11,50,51,3,115,0,3,27,0,30,11,53,78,3,145,26,5,31,176
09/26/2006,ILM,NC,ASO,EN,Combined TRACON& Tower with Radar,14,50,60,21,145,0,4,61,4,69,14,54,121,25,214,36,24,60,274
09/27/2006,ILM,NC,ASO,EN,Combined TRACON& Tower with Radar,14,55,46,3,118,0,15,61,0,76,14,70,107,3,194,82,2,84,278
09/28/2006,ILM,NC,ASO,EN,Combined TRACON& Tower with Radar,14,47,65,7,133,0,5,27,2,34,14,52,92,9,167,22,0,22,189
09/29/2006,ILM,NC,ASO,EN,Combined TRACON& Tower with Radar,10,43,82,16,151,0,7,71,0,78,10,50,153,16,229,74,0,74,303
09/30/2006,ILM,NC,ASO,EN,Combined TRACON& Tower with Radar,16,26,27,3,72,0,2,99,0,101,16,28,126,3,173,32,2,34,207
10/01/2006,ILM,NC,ASO,EN,Combined TRACON& Tower with Radar,14,39,44,2,99,0,3,99,0,102,14,42,143,2,201,134,0,134,335
10/02/2006,ILM,NC,ASO,EN,Combined TRACON& Tower with Radar,16,51,46,1,114,0,5,65,6,76,16,56,111,7,190,60,0,60,250
10/03/2006,ILM,NC,ASO,EN,Combined TRACON& Tower with Radar,12,49,52,0,113,0,5,67,0,72,12,54,119,0,185,44,0,44,229
10/04/2006,ILM,NC,ASO,EN,Combined TRACON& Tower with Radar,20,48,42,3,113,0,9,84,3,96,20,57,126,6,209,128,10,138,347
10/05/2006,ILM,NC,ASO,EN,Combined TRACON& Tower with Radar,14,50,59,7,130,0,7,69,5,81,14,57,128,12,211,32,2,34,245
10/06/2006,ILM,NC,ASO,EN,Combined TRACON& Tower with Radar,19,46,45,13,123,0,2,12,6,20,19,48,57,19,143,36,12,48,191
10/07/2006,ILM,NC,ASO,EN,Combined TRACON& Tower with Radar,13,33,22,0,68,0,0,33,0,33,13,33,55,0,101,46,0,46,147
10/08/2006,ILM,NC,ASO,EN,Combined TRACON& Tower with Radar,15,39,38,0,92,0,3,18,0,21,15,42,56,0,113,60,0,60,173
10/09/2006,ILM,NC,ASO,EN,Combined TRACON& Tower with Radar,13,44,53,0,110,0,1,10,0,11,13,45,63,0,121,74,0,74,195
10/10/2006,ILM,NC,ASO,EN,Combined TRACON& Tower with Radar,14,50,66,13,143,0,8,19,0,27,14,58,85,13,170,26,2,28,198
10/11/2006,ILM,NC,ASO,EN,Combined TRACON& Tower with Radar,14,54,52,14,134,0,4,58,9,71,14,58,110,23,205,46,22,68,273
10/12/2006,ILM,NC,ASO,EN,Combined TRACON& Tower with Radar,12,54,65,0,131,0,6,58,0,64,12,60,123,0,195,16,0,16,211
10/13/2006,ILM,NC,ASO,EN,Combined TRACON& Tower with Radar,12,61,62,8,143,0,4,54,10,68,12,65,116,18,211,94,14,108,319
10/14/2006,ILM,NC,ASO,EN,Combined TRACON& Tower with Radar,14,28,43,0,85,0,20,77,0,97,14,48,120,0,182,74,0,74,256
10/15/2006,ILM,NC,ASO,EN,Combined TRACON& Tower with Radar,13,38,50,3,104,0,1,98,0,99,13,39,148,3,203,116,0,116,319
10/16/2006,ILM,NC,ASO,EN,Combined TRACON& Tower with Radar,12,49,73,4,138,0,5,62,0,67,12,54,135,4,205,46,2,48,253
10/17/2006,ILM,NC,ASO,EN,Combined TRACON& Tower with Radar,14,50,53,2,119,0,2,24,0,26,14,52,77,2,145,26,0,26,171
10/18/2006,ILM,NC,ASO,EN,Combined TRACON& Tower with Radar,14,52,88,15,169,0,0,6,2,8,14,52,94,17,177,32,6,38,215
10/19/2006,ILM,NC,ASO,EN,Combined TRACON& Tower with Radar,14,42,64,23,143,0,0,23,4,27,14,42,87,27,170,70,18,88,258
10/20/2006,ILM,NC,ASO,EN,Combined TRACON& Tower with Radar,12,49,71,13,145,0,7,57,9,73,12,56,128,22,218,86,22,108,326
10/21/2006,ILM,NC,ASO,EN,Combined TRACON& Tower with Radar,15,30,39,3,87,0,4,86,1,91,15,34,125,4,178,72,0,72,250
10/22/2006,ILM,NC,ASO,EN,Combined TRACON& Tower with Radar,13,38,60,0,111,0,0,28,0,28,13,38,88,0,139,0,0,0,139
10/23/2006,ILM,NC,ASO,EN,Combined TRACON& Tower with Radar,12,56,59,4,131,0,0,57,4,61,12,56,116,8,192,46,4,50,242
10/24/2006,ILM,NC,ASO,EN,Combined TRACON& Tower with Radar,14,53,73,3,143,0,4,45,5,54,14,57,118,8,197,36,8,44,241
10/25/2006,ILM,NC,ASO,EN,Combined TRACON& Tower with Radar,14,48,56,4,122,0,4,62,1,67,14,52,118,5,189,76,4,80,269
10/26/2006,ILM,NC,ASO,EN,Combined TRACON& Tower with Radar,12,49,73,4,138,0,3,79,3,85,12,52,152,7,223,82,22,104,327
10/27/2006,ILM,NC,ASO,EN,Combined TRACON& Tower with Radar,14,43,62,3,122,0,2,7,0,9,14,45,69,3,131,8,0,8,139
10/28/2006,ILM,NC,ASO,EN,Combined TRACON& Tower with Radar,11,30,28,2,71,0,4,11,0,15,11,34,39,2,86,12,2,14,100
10/29/2006,ILM,NC,ASO,EN,Combined TRACON& Tower with Radar,12,38,79,1,130,0,3,72,1,76,12,41,151,2,206,70,0,70,276
10/30/2006,ILM,NC,ASO,EN,Combined TRACON& Tower with Radar,14,57,41,17,129,0,9,50,2,61,14,66,91,19,190,10,18,28,218
10/31/2006,ILM,NC,ASO,EN,Combined TRACON& Tower with Radar,15,50,41,8,114,0,7,62,0,69,15,57,103,8,183,42,4,46,229
11/01/2006,ILM,NC,ASO,EN,Combined TRACON& Tower with Radar,14,54,58,6,132,0,6,53,1,60,14,60,111,7,192,62,6,68,260
11/02/2006,ILM,NC,ASO,EN,Combined TRACON& Tower with Radar,13,59,80,6,158,0,3,44,1,48,13,62,124,7,206,46,2,48,254
11/03/2006,ILM,NC,ASO,EN,Combined TRACON& Tower with Radar,15,55,79,9,158,0,8,72,0,80,15,63,151,9,238,30,2,32,270
11/04/2006,ILM,NC,ASO,EN,Combined TRACON& Tower with Radar,12,30,25,2,69,0,1,141,1,143,12,31,166,3,212,30,0,30,242
11/05/2006,ILM,NC,ASO,EN,Combined TRACON& Tower with Radar,13,40,75,1,129,0,2,113,0,115,13,42,188,1,244,108,0,108,352
11/06/2006,ILM,NC,ASO,EN,Combined TRACON& Tower with Radar,14,48,53,1,116,0,5,57,0,62,14,53,110,1,178,8,0,8,186
11/07/2006,ILM,NC,ASO,EN,Combined TRACON& Tower with Radar,11,51,31,4,97,0,3,0,0,3,11,54,31,4,100,0,0,0,100
11/08/2006,ILM,NC,ASO,EN,Combined TRACON& Tower with Radar,15,53,53,14,135,0,5,6,1,12,15,58,59,15,147,0,0,0,147
11/09/2006,ILM,NC,ASO,EN,Combined TRACON& Tower with Radar,16,55,90,6,167,0,7,86,3,96,16,62,176,9,263,40,2,42,305
11/10/2006,ILM,NC,ASO,EN,Combined TRACON& Tower with Radar,11,49,81,0,141,0,10,90,0,100,11,59,171,0,241,40,0,40,281
11/11/2006,ILM,NC,ASO,EN,Combined TRACON& Tower with Radar,11,36,44,0,91,0,3,87,6,96,11,39,131,6,187,30,0,30,217
11/12/2006,ILM,NC,ASO,EN,Combined TRACON& Tower with Radar,11,50,80,0,141,1,2,13,0,16,12,52,93,0,157,0,0,0,157
11/13/2006,ILM,NC,ASO,EN,Combined TRACON& Tower with Radar,13,45,67,11,136,0,2,39,4,45,13,47,106,15,181,54,20,74,255
11/14/2006,ILM,NC,ASO,EN,Combined TRACON& Tower with Radar,15,53,63,11,142,0,2,53,6,61,15,55,116,17,203,24,14,38,241
11/15/2006,ILM,NC,ASO,EN,Combined TRACON& Tower with Radar,14,56,79,14,163,0,7,38,1,46,14,63,117,15,209,50,6,56,265
11/16/2006,ILM,NC,ASO,EN,Combined TRACON& Tower with Radar,13,46,56,1,116,0,2,12,2,16,13,48,68,3,132,0,0,0,132
11/17/2006,ILM,NC,ASO,EN,Combined TRACON& Tower with Radar,14,59,74,8,155,0,3,76,7,86,14,62,150,15,241,86,0,86,327
11/18/2006,ILM,NC,ASO,EN,Combined TRACON& Tower with Radar,16,32,30,3,81,0,9,96,8,113,16,41,126,11,194,32,0,32,226
11/19/2006,ILM,NC,ASO,EN,Combined TRACON& Tower with Radar,14,54,62,1,131,0,1,71,2,74,14,55,133,3,205,36,0,36,241
11/20/2006,ILM,NC,ASO,EN,Combined TRACON& Tower with Radar,14,41,86,0,141,0,2,55,1,58,14,43,141,1,199,22,2,24,223
11/21/2006,ILM,NC,ASO,EN,Combined TRACON& Tower with Radar,13,56,52,5,126,0,0,1,0,1,13,56,53,5,127,0,0,0,127
11/22/2006,ILM,NC,ASO,EN,Combined TRACON& Tower with Radar,12,66,56,0,134,0,0,6,0,6,12,66,62,0,140,20,0,20,160
11/23/2006,ILM,NC,ASO,EN,Combined TRACON& Tower with Radar,12,30,28,0,70,0,2,4,0,6,12,32,32,0,76,0,0,0,76
11/24/2006,ILM,NC,ASO,EN,Combined TRACON& Tower with Radar,16,38,44,0,98,0,8,63,0,71,16,46,107,0,169,56,0,56,225
11/25/2006,ILM,NC,ASO,EN,Combined TRACON& Tower with Radar,13,43,67,7,130,0,4,69,1,74,13,47,136,8,204,10,6,16,220
11/26/2006,ILM,NC,ASO,EN,Combined TRACON& Tower with Radar,16,44,160,0,220,0,2,117,0,119,16,46,277,0,339,14,0,14,353
11/27/2006,ILM,NC,ASO,EN,Combined TRACON& Tower with Radar,14,53,76,2,145,0,5,51,4,60,14,58,127,6,205,26,0,26,231
11/28/2006,ILM,NC,ASO,EN,Combined TRACON& Tower with Radar,13,59,64,14,150,0,9,57,4,70,13,68,121,18,220,96,14,110,330
11/29/2006,ILM,NC,ASO,EN,Combined TRACON& Tower with Radar,15,54,67,2,138,0,3,76,1,80,15,57,143,3,218,106,0,106,324
11/30/2006,ILM,NC,ASO,EN,Combined TRACON& Tower with Radar,14,58,54,11,137,0,3,41,0,44,14,61,95,11,181,56,4,60,241
12/01/2006,ILM,NC,ASO,EN,Combined TRACON& Tower with Radar,16,52,46,4,118,0,3,8,0,11,16,55,54,4,129,0,0,0,129
12/02/2006,ILM,NC,ASO,EN,Combined TRACON& Tower with Radar,10,27,37,4,78,0,2,66,3,71,10,29,103,7,149,14,0,14,163
12/03/2006,ILM,NC,ASO,EN,Combined TRACON& Tower with Radar,19,41,56,0,116,0,0,12,0,12,19,41,68,0,128,22,0,22,150
12/04/2006,ILM,NC,ASO,EN,Combined TRACON& Tower with Radar,15,48,59,17,139,0,3,47,7,57,15,51,106,24,196,44,22,66,262
12/05/2006,ILM,NC,ASO,EN,Combined TRACON& Tower with Radar,13,51,78,2,144,0,7,59,2,68,13,58,137,4,212,52,2,54,266
12/06/2006,ILM,NC,ASO,EN,Combined TRACON& Tower with Radar,13,49,53,15,130,0,9,59,5,73,13,58,112,20,203,94,44,138,341
12/07/2006,ILM,NC,ASO,EN,Combined TRACON& Tower with Radar,11,55,70,7,143,0,7,41,2,50,11,62,111,9,193,14,0,14,207
12/08/2006,ILM,NC,ASO,EN,Combined TRACON& Tower with Radar,15,47,60,10,132,0,6,48,5,59,15,53,108,15,191,16,26,42,233
12/09/2006,ILM,NC,ASO,EN,Combined TRACON& Tower with Radar,14,31,37,2,84,0,2,102,0,104,14,33,139,2,188,36,4,40,228
12/10/2006,ILM,NC,ASO,EN,Combined TRACON& Tower with Radar,15,33,47,5,100,0,1,74,2,77,15,34,121,7,177,88,0,88,265
12/11/2006,ILM,NC,ASO,EN,Combined TRACON& Tower with Radar,12,47,37,10,106,0,4,65,3,72,12,51,102,13,178,54,22,76,254
12/12/2006,ILM,NC,ASO,EN,Combined TRACON& Tower with Radar,11,52,67,5,135,0,3,53,0,56,11,55,120,5,191,48,0,48,239
12/13/2006,ILM,NC,ASO,EN,Combined TRACON& Tower with Radar,14,45,50,2,111,0,1,14,1,16,14,46,64,3,127,28,0,28,155
12/14/2006,ILM,NC,ASO,EN,Combined TRACON& Tower with Radar,6,41,59,3,109,0,0,3,0,3,6,41,62,3,112,2,0,2,114
12/15/2006,ILM,NC,ASO,EN,Combined TRACON& Tower with Radar,9,49,63,4,125,0,4,37,1,42,9,53,100,5,167,26,0,26,193
12/16/2006,ILM,NC,ASO,EN,Combined TRACON& Tower with Radar,14,27,46,0,87,0,3,54,3,60,14,30,100,3,147,14,0,14,161
12/17/2006,ILM,NC,ASO,EN,Combined TRACON& Tower with Radar,13,34,67,2,116,0,0,74,0,74,13,34,141,2,190,42,0,42,232
12/18/2006,ILM,NC,ASO,EN,Combined TRACON& Tower with Radar,16,42,60,2,120,0,3,56,11,70,16,45,116,13,190,60,12,72,262
12/19/2006,ILM,NC,ASO,EN,Combined TRACON& Tower with Radar,13,55,56,13,137,0,7,79,9,95,13,62,135,22,232,60,28,88,320
12/20/2006,ILM,NC,ASO,EN,Combined TRACON& Tower with Radar,14,62,73,16,165,0,7,68,10,85,14,69,141,26,250,54,18,72,322
12/21/2006,ILM,NC,ASO,EN,Combined TRACON& Tower with Radar,12,66,73,7,158,0,4,44,2,50,12,70,117,9,208,22,10,32,240
12/22/2006,ILM,NC,ASO,EN,Combined TRACON& Tower with Radar,13,67,89,5,174,0,0,9,1,10,13,67,98,6,184,24,0,24,208
12/23/2006,ILM,NC,ASO,EN,Combined TRACON& Tower with Radar,13,56,84,0,153,0,0,11,0,11,13,56,95,0,164,0,0,0,164
12/24/2006,ILM,NC,ASO,EN,Combined TRACON& Tower with Radar,12,29,37,0,78,0,0,50,0,50,12,29,87,0,128,24,0,24,152
12/25/2006,ILM,NC,ASO,EN,Combined TRACON& Tower with Radar,12,29,37,0,78,0,0,0,0,0,12,29,37,0,78,24,0,24,102
12/26/2006,ILM,NC,ASO,EN,Combined TRACON& Tower with Radar,14,88,104,0,206,0,4,7,0,11,14,92,111,0,217,4,0,4,221
12/27/2006,ILM,NC,ASO,EN,Combined TRACON& Tower with Radar,13,72,100,12,197,0,4,56,0,60,13,76,156,12,257,26,4,30,287
12/28/2006,ILM,NC,ASO,EN,Combined TRACON& Tower with Radar,14,66,73,14,167,0,2,93,5,100,14,68,166,19,267,86,20,106,373
12/29/2006,ILM,NC,ASO,EN,Combined TRACON& Tower with Radar,14,50,45,6,115,0,1,60,0,61,14,51,105,6,176,42,0,42,218
12/30/2006,ILM,NC,ASO,EN,Combined TRACON& Tower with Radar,13,54,54,0,121,0,2,88,0,90,13,56,142,0,211,46,0,46,257
12/31/2006,ILM,NC,ASO,EN,Combined TRACON& Tower with Radar,13,34,45,2,94,0,0,0,0,0,13,34,45,2,94,4,0,4,98
01/01/2007,ILM,NC,ASO,EN,Combined TRACON& Tower with Radar,10,50,97,0,157,0,0,7,0,7,10,50,104,0,164,0,0,0,164
01/02/2007,ILM,NC,ASO,EN,Combined TRACON& Tower with Radar,14,57,135,0,206,0,3,47,0,50,14,60,182,0,256,66,0,66,322
01/03/2007,ILM,NC,ASO,EN,Combined TRACON& Tower with Radar,17,68,77,9,171,0,3,58,4,65,17,71,135,13,236,32,26,58,294
01/04/2007,ILM,NC,ASO,EN,Combined TRACON& Tower with Radar,6,57,62,16,141,0,0,43,0,43,6,57,105,16,184,40,6,46,230
01/05/2007,ILM,NC,ASO,EN,Combined TRACON& Tower with Radar,30,53,48,8,139,0,1,9,2,12,30,54,57,10,151,16,12,28,179
01/06/2007,ILM,NC,ASO,EN,Combined TRACON& Tower with Radar,35,45,69,3,152,4,1,75,1,81,39,46,144,4,233,42,0,42,275
01/07/2007,ILM,NC,ASO,EN,Combined TRACON& Tower with Radar,42,33,53,0,128,8,0,25,0,33,50,33,78,0,161,54,0,54,215
01/08/2007,ILM,NC,ASO,EN,Combined TRACON& Tower with Radar,18,45,44,0,107,0,5,12,0,17,18,50,56,0,124,32,0,32,156
01/09/2007,ILM,NC,ASO,EN,Combined TRACON& Tower with Radar,15,55,55,27,152,0,3,43,3,49,15,58,98,30,201,60,6,66,267
01/10/2007,ILM,NC,ASO,EN,Combined TRACON& Tower with Radar,20,47,78,27,172,4,4,56,3,67,24,51,134,30,239,24,14,38,277
01/11/2007,ILM,NC,ASO,EN,Combined TRACON& Tower with Radar,29,56,76,15,176,10,3,108,5,126,39,59,184,20,302,66,0,66,368
01/12/2007,ILM,NC,ASO,EN,Combined TRACON& Tower with Radar,19,56,52,0,127,0,7,61,0,68,19,63,113,0,195,10,0,10,205
01/13/2007,ILM,NC,ASO,EN,Combined TRACON& Tower with Radar,48,33,49,0,130,0,5,64,0,69,48,38,113,0,199,78,0,78,277
01/14/2007,ILM,NC,ASO,EN,Combined TRACON& Tower with Radar,22,35,75,2,134,0,2,44,3,49,22,37,119,5,183,46,0,46,229
01/15/2007,ILM,NC,ASO,EN,Combined TRACON& Tower with Radar,20,59,91,5,175,0,7,52,0,59,20,66,143,5,234,46,0,46,280
01/16/2007,ILM,NC,ASO,EN,Combined TRACON& Tower with Radar,15,39,33,14,101,2,6,10,2,20,17,45,43,16,121,30,6,36,157
01/17/2007,ILM,NC,ASO,EN,Combined TRACON& Tower with Radar,14,49,80,20,163,0,4,41,12,57,14,53,121,32,220,34,20,54,274
01/18/2007,ILM,NC,ASO,EN,Combined TRACON& Tower with Radar,11,38,25,0,74,0,0,0,0,0,11,38,25,0,74,0,0,0,74
01/19/2007,ILM,NC,ASO,EN,Combined TRACON& Tower with Radar,15,38,65,16,134,0,7,40,2,49,15,45,105,18,183,28,24,52,235
01/20/2007,ILM,NC,ASO,EN,Combined TRACON& Tower with Radar,17,23,33,3,76,0,2,45,3,50,17,25,78,6,126,54,0,54,180
01/21/2007,ILM,NC,ASO,EN,Combined TRACON& Tower with Radar,12,34,80,12,138,0,1,51,3,55,12,35,131,15,193,28,8,36,229
01/22/2007,ILM,NC,ASO,EN,Combined TRACON& Tower with Radar,14,44,45,1,104,0,0,1,0,1,14,44,46,1,105,0,0,0,105
01/23/2007,ILM,NC,ASO,EN,Combined TRACON& Tower with Radar,14,53,48,6,121,0,4,28,1,33,14,57,76,7,154,74,6,80,234
01/24/2007,ILM,NC,ASO,EN,Combined TRACON& Tower with Radar,14,49,94,5,162,0,5,58,4,67,14,54,152,9,229,70,24,94,323
01/25/2007,ILM,NC,ASO,EN,Combined TRACON& Tower with Radar,11,51,82,16,160,0,5,40,2,47,11,56,122,18,207,12,6,18,225
01/26/2007,ILM,NC,ASO,EN,Combined TRACON& Tower with Radar,11,54,71,4,140,0,3,59,1,63,11,57,130,5,203,38,10,48,251
01/27/2007,ILM,NC,ASO,EN,Combined TRACON& Tower with Radar,26,26,49,2,103,4,2,56,1,63,30,28,105,3,166,62,0,62,228
01/28/2007,ILM,NC,ASO,EN,Combined TRACON& Tower with Radar,7,39,54,2,102,0,0,36,0,36,7,39,90,2,138,40,0,40,178
01/29/2007,ILM,NC,ASO,EN,Combined TRACON& Tower with Radar,17,44,49,4,114,0,9,53,3,65,17,53,102,7,179,42,0,42,221
01/30/2007,ILM,NC,ASO,EN,Combined TRACON& Tower with Radar,13,49,50,10,122,2,11,47,1,61,15,60,97,11,183,48,4,52,235
01/31/2007,ILM,NC,ASO,EN,Combined TRACON& Tower with Radar,10,48,53,6,117,0,4,64,7,75,10,52,117,13,192,146,10,156,348
02/01/2007,ILM,NC,ASO,EN,Combined TRACON& Tower with Radar,17,39,41,0,97,0,0,0,0,0,17,39,41,0,97,0,0,0,97
02/02/2007,ILM,NC,ASO,EN,Combined TRACON& Tower with Radar,29,52,61,20,162,0,2,1,0,3,29,54,62,20,165,0,0,0,165
02/03/2007,ILM,NC,ASO,EN,Combined TRACON& Tower with Radar,9,32,53,10,104,0,0,71,2,73,9,32,124,12,177,32,4,36,213
02/04/2007,ILM,NC,ASO,EN,Combined TRACON& Tower with Radar,12,36,39,4,91,0,2,56,1,59,12,38,95,5,150,46,0,46,196
02/05/2007,ILM,NC,ASO,EN,Combined TRACON& Tower with Radar,13,48,55,6,122,0,9,43,2,54,13,57,98,8,176,108,4,112,288
02/06/2007,ILM,NC,ASO,EN,Combined TRACON& Tower with Radar,13,54,66,4,137,0,2,33,0,35,13,56,99,4,172,26,0,26,198
02/07/2007,ILM,NC,ASO,EN,Combined TRACON& Tower with Radar,14,45,47,2,108,0,4,55,2,61,14,49,102,4,169,56,14,70,239
02/08/2007,ILM,NC,ASO,EN,Combined TRACON& Tower with Radar,22,56,59,4,141,0,2,56,1,59,22,58,115,5,200,58,0,58,258
02/09/2007,ILM,NC,ASO,EN,Combined TRACON& Tower with Radar,14,51,71,3,139,0,6,31,3,40,14,57,102,6,179,46,6,52,231
02/10/2007,ILM,NC,ASO,EN,Combined TRACON& Tower with Radar,12,32,25,3,72,0,1,60,3,64,12,33,85,6,136,74,0,74,210
02/11/2007,ILM,NC,ASO,EN,Combined TRACON& Tower with Radar,14,28,47,0,89,0,2,101,0,103,14,30,148,0,192,78,0,78,270
02/12/2007,ILM,NC,ASO,EN,Combined TRACON& Tower with Radar,18,52,68,13,151,0,7,48,0,55,18,59,116,13,206,114,6,120,326
02/13/2007,ILM,NC,ASO,EN,Combined TRACON& Tower with Radar,13,51,36,3,103,0,3,12,1,16,13,54,48,4,119,0,2,2,121
02/14/2007,ILM,NC,ASO,EN,Combined TRACON& Tower with Radar,12,58,51,0,121,0,6,3,0,9,12,64,54,0,130,0,0,0,130
02/15/2007,ILM,NC,ASO,EN,Combined TRACON& Tower with Radar,12,78,80,3,173,0,7,62,2,71,12,85,142,5,244,120,2,122,366
02/16/2007,ILM,NC,ASO,EN,Combined TRACON& Tower with Radar,14,68,106,5,193,0,5,67,3,75,14,73,173,8,268,40,10,50,318
02/17/2007,ILM,NC,ASO,EN,Combined TRACON& Tower with Radar,16,53,62,0,131,0,3,38,0,41,16,56,100,0,172,14,0,14,186
02/18/2007,ILM,NC,ASO,EN,Combined TRACON& Tower with Radar,14,44,57,3,118,0,0,27,1,28,14,44,84,4,146,24,0,24,170
02/19/2007,ILM,NC,ASO,EN,Combined TRACON& Tower with Radar,15,67,108,1,191,0,2,68,0,70,15,69,176,1,261,60,0,60,321
02/20/2007,ILM,NC,ASO,EN,Combined TRACON& Tower with Radar,13,55,71,4,143,0,1,33,8,42,13,56,104,12,185,58,0,58,243
02/21/2007,ILM,NC,ASO,EN,Combined TRACON& Tower with Radar,10,60,62,0,132,0,1,14,0,15,10,61,76,0,147,14,0,14,161
02/22/2007,ILM,NC,ASO,EN,Combined TRACON& Tower with Radar,8,60,50,4,122,0,2,33,6,41,8,62,83,10,163,12,2,14,177
02/23/2007,ILM,NC,ASO,EN,Combined TRACON& Tower with Radar,9,60,11,6,86,0,4,0,0,4,9,64,11,6,90,48,10,58,148
02/24/2007,ILM,NC,ASO,EN,Combined TRACON& Tower with Radar,11,45,60,2,118,0,4,104,2,110,11,49,164,4,228,130,0,130,358
02/25/2007,ILM,NC,ASO,EN,Combined TRACON& Tower with Radar,15,29,51,0,95,0,0,9,0,9,15,29,60,0,104,14,0,14,118
02/26/2007,ILM,NC,ASO,EN,Combined TRACON& Tower with Radar,13,46,62,14,135,0,5,48,3,56,13,51,110,17,191,32,4,36,227
02/27/2007,ILM,NC,ASO,EN,Combined TRACON& Tower with Radar,14,49,88,17,168,0,2,75,4,81,14,51,163,21,249,48,14,62,311
02/28/2007,ILM,NC,ASO,EN,Combined TRACON& Tower with Radar,14,61,83,7,165,0,9,84,8,101,14,70,167,15,266,68,6,74,340
03/01/2007,ILM,NC,ASO,EN,Combined TRACON& Tower with Radar,12,54,87,2,155,0,5,26,1,32,12,59,113,3,187,52,0,52,239
03/02/2007,ILM,NC,ASO,EN,Combined TRACON& Tower with Radar,13,41,49,0,103,0,5,36,0,41,13,46,85,0,144,12,0,12,156
03/03/2007,ILM,NC,ASO,EN,Combined TRACON& Tower with Radar,15,29,74,5,123,0,3,57,1,61,15,32,131,6,184,54,0,54,238
03/04/2007,ILM,NC,ASO,EN,Combined TRACON& Tower with Radar,13,44,49,0,106,0,2,56,1,59,13,46,105,1,165,66,0,66,231
03/05/2007,ILM,NC,ASO,EN,Combined TRACON& Tower with Radar,13,40,68,4,125,0,2,74,0,76,13,42,142,4,201,68,8,76,277
03/06/2007,ILM,NC,ASO,EN,Combined TRACON& Tower with Radar,13,50,76,0,139,0,4,61,0,65,13,54,137,0,204,46,0,46,250
03/07/2007,ILM,NC,ASO,EN,Combined TRACON& Tower with Radar,14,56,127,8,205,0,8,30,2,40,14,64,157,10,245,38,2,40,285
03/08/2007,ILM,NC,ASO,EN,Combined TRACON& Tower with Radar,14,52,96,12,174,0,2,101,6,109,14,54,197,18,283,94,10,104,387
03/09/2007,ILM,NC,ASO,EN,Combined TRACON& Tower with Radar,15,52,101,10,178,0,12,50,1,63,15,64,151,11,241,26,16,42,283
03/10/2007,ILM,NC,ASO,EN,Combined TRACON& Tower with Radar,14,43,66,2,125,0,3,56,6,65,14,46,122,8,190,46,2,48,238
03/11/2007,ILM,NC,ASO,EN,Combined TRACON& Tower with Radar,18,35,70,2,125,0,0,53,4,57,18,35,123,6,182,48,0,48,230
03/12/2007,ILM,NC,ASO,EN,Combined TRACON& Tower with Radar,16,51,73,11,151,0,7,55,0,62,16,58,128,11,213,70,2,72,285
03/13/2007,ILM,NC,ASO,EN,Combined TRACON& Tower with Radar,9,58,54,7,128,0,10,81,0,91,9,68,135,7,219,96,10,106,325
03/14/2007,ILM,NC,ASO,EN,Combined TRACON& Tower with Radar,12,52,62,42,168,0,4,59,0,63,12,56,121,42,231,22,14,36,267
03/15/2007,ILM,NC,ASO,EN,Combined TRACON& Tower with Radar,11,58,73,22,164,0,3,52,7,62,11,61,125,29,226,20,18,38,264
03/16/2007,ILM,NC,ASO,EN,Combined TRACON& Tower with Radar,13,41,59,0,113,0,1,3,0,4,13,42,62,0,117,0,0,0,117
03/17/2007,ILM,NC,ASO,EN,Combined TRACON& Tower with Radar,12,37,78,0,127,0,3,44,4,51,12,40,122,4,178,30,0,30,208
03/18/2007,ILM,NC,ASO,EN,Combined TRACON& Tower with Radar,15,40,100,0,155,0,0,63,2,65,15,40,163,2,220,46,0,46,266
03/19/2007,ILM,NC,ASO,EN,Combined TRACON& Tower with Radar,12,53,69,4,138,0,9,62,2,73,12,62,131,6,211,94,18,112,323
03/20/2007,ILM,NC,ASO,EN,Combined TRACON& Tower with Radar,13,65,79,14,171,0,6,35,2,43,13,71,114,16,214,24,10,34,248
03/21/2007,ILM,NC,ASO,EN,Combined TRACON& Tower with Radar,17,58,71,8,154,0,5,38,6,49,17,63,109,14,203,12,2,14,217
03/22/2007,ILM,NC,ASO,EN,Combined TRACON& Tower with Radar,13,62,67,19,161,0,8,60,5,73,13,70,127,24,234,72,19,91,325
03/23/2007,ILM,NC,ASO,EN,Combined TRACON& Tower with Radar,13,54,96,1,164,0,0,70,1,71,13,54,166,2,235,74,0,74,309
03/24/2007,ILM,NC,ASO,EN,Combined TRACON& Tower with Radar,11,46,63,3,123,0,5,79,4,88,11,51,142,7,211,52,0,52,263
03/25/2007,ILM,NC,ASO,EN,Combined TRACON& Tower with Radar,12,43,80,0,135,0,3,66,0,69,12,46,146,0,204,54,0,54,258
03/26/2007,ILM,NC,ASO,EN,Combined TRACON& Tower with Radar,12,54,76,2,144,0,4,33,0,37,12,58,109,2,181,14,0,14,195
03/27/2007,ILM,NC,ASO,EN,Combined TRACON& Tower with Radar,8,55,62,0,125,0,3,96,2,101,8,58,158,2,226,54,0,54,280
03/28/2007,ILM,NC,ASO,EN,Combined TRACON& Tower with Radar,13,64,74,15,166,0,9,59,1,69,13,73,133,16,235,20,4,24,259
03/29/2007,ILM,NC,ASO,EN,Combined TRACON& Tower with Radar,17,54,53,2,126,0,9,7,2,18,17,63,60,4,144,8,14,22,166
03/30/2007,ILM,NC,ASO,EN,Combined TRACON& Tower with Radar,18,53,109,7,187,0,8,82,3,93,18,61,191,10,280,44,0,44,324
03/31/2007,ILM,NC,ASO,EN,Combined TRACON& Tower with Radar,12,46,79,3,140,0,3,63,3,69,12,49,142,6,209,74,0,74,283
04/01/2007,ILM,NC,ASO,EN,Combined TRACON& Tower with Radar,14,51,73,0,138,1,7,55,0,63,15,58,128,0,201,50,0,50,251
04/02/2007,ILM,NC,ASO,EN,Combined TRACON& Tower with Radar,14,55,52,0,121,0,5,58,3,66,14,60,110,3,187,52,2,54,241
04/03/2007,ILM,NC,ASO,EN,Combined TRACON& Tower with Radar,12,66,65,16,159,0,4,65,2,71,12,70,130,18,230,40,24,64,294
04/04/2007,ILM,NC,ASO,EN,Combined TRACON& Tower with Radar,16,44,76,4,140,0,3,30,1,34,16,47,106,5,174,2,0,2,176
04/05/2007,ILM,NC,ASO,EN,Combined TRACON& Tower with Radar,12,68,130,26,236,0,4,79,24,107,12,72,209,50,343,63,46,109,452
04/06/2007,ILM,NC,ASO,EN,Combined TRACON& Tower with Radar,14,54,93,9,170,0,8,83,14,105,14,62,176,23,275,66,16,82,357
04/07/2007,ILM,NC,ASO,EN,Combined TRACON& Tower with Radar,11,48,60,0,119,0,10,21,0,31,11,58,81,0,150,0,0,0,150
04/08/2007,ILM,NC,ASO,EN,Combined TRACON& Tower with Radar,11,50,70,0,131,0,3,53,2,58,11,53,123,2,189,61,0,61,250
04/09/2007,ILM,NC,ASO,EN,Combined TRACON& Tower with Radar,9,62,99,29,199,0,1,37,4,42,9,63,136,33,241,16,56,72,313
04/10/2007,ILM,NC,ASO,EN,Combined TRACON& Tower with Radar,17,57,67,17,158,0,2,86,3,91,17,59,153,20,249,26,12,38,287
04/11/2007,ILM,NC,ASO,EN,Combined TRACON& Tower with Radar,14,60,68,6,148,0,0,0,0,0,14,60,68,6,148,2,0,2,150
04/12/2007,ILM,NC,ASO,EN,Combined TRACON& Tower with Radar,10,70,75,7,162,0,4,34,1,39,10,74,109,8,201,6,0,6,207
04/13/2007,ILM,NC,ASO,EN,Combined TRACON& Tower with Radar,14,61,72,9,156,0,6,78,3,87,14,67,150,12,243,32,12,44,287
04/14/2007,ILM,NC,ASO,EN,Combined TRACON& Tower with Radar,12,45,61,7,125,0,8,61,0,69,12,53,122,7,194,66,0,66,260
04/15/2007,ILM,NC,ASO,EN,Combined TRACON& Tower with Radar,12,22,35,0,69,0,2,0,1,3,12,24,35,1,72,0,0,0,72
04/16/2007,ILM,NC,ASO,EN,Combined TRACON& Tower with Radar,12,54,54,6,126,0,11,6,0,17,12,65,60,6,143,14,2,16,159
04/17/2007,ILM,NC,ASO,EN,Combined TRACON& Tower with Radar,12,51,61,17,141,0,7,41,3,51,12,58,102,20,192,14,14,28,220
04/18/2007,ILM,NC,ASO,EN,Combined TRACON& Tower with Radar,14,58,67,2,141,0,10,59,0,69,14,68,126,2,210,56,0,56,266
04/19/2007,ILM,NC,ASO,EN,Combined TRACON& Tower with Radar,16,50,67,4,137,0,7,62,2,71,16,57,129,6,208,12,12,24,232
04/20/2007,ILM,NC,ASO,EN,Combined TRACON& Tower with Radar,14,44,71,11,140,0,2,92,0,94,14,46,163,11,234,60,26,86,320
04/21/2007,ILM,NC,ASO,EN,Combined TRACON& Tower with Radar,11,32,60,0,103,0,5,74,1,80,11,37,134,1,183,60,0,60,243
04/22/2007,ILM,NC,ASO,EN,Combined TRACON& Tower with Radar,15,37,86,0,138,0,7,101,0,108,15,44,187,0,246,164,0,164,410
04/23/2007,ILM,NC,ASO,EN,Combined TRACON& Tower with Radar,14,50,46,4,114,0,5,90,1,96,14,55,136,5,210,88,6,94,304
04/24/2007,ILM,NC,ASO,EN,Combined TRACON& Tower with Radar,13,49,47,0,109,0,2,61,1,64,13,51,108,1,173,26,0,26,199
04/25/2007,ILM,NC,ASO,EN,Combined TRACON& Tower with Radar,14,52,65,4,135,0,10,54,2,66,14,62,119,6,201,14,14,28,229
04/26/2007,ILM,NC,ASO,EN,Combined TRACON& Tower with Radar,18,47,64,15,144,0,8,31,5,44,18,55,95,20,188,24,18,42,230
04/27/2007,ILM,NC,ASO,EN,Combined TRACON& Tower with Radar,15,67,74,14,170,0,0,23,0,23,15,67,97,14,193,14,0,14,207
04/28/2007,ILM,NC,ASO,EN,Combined TRACON& Tower with Radar,10,34,58,3,105,0,8,52,4,64,10,42,110,7,169,44,0,44,213
04/29/2007,ILM,NC,ASO,EN,Combined TRACON& Tower with Radar,13,33,81,5,132,0,8,77,0,85,13,41,158,5,217,52,0,52,269
04/30/2007,ILM,NC,ASO,EN,Combined TRACON& Tower with Radar,16,42,38,2,98,0,1,52,6,59,16,43,90,8,157,16,2,18,175
05/01/2007,ILM,NC,ASO,EN,Combined TRACON& Tower with Radar,17,52,57,14,140,0,6,77,9,92,17,58,134,23,232,34,12,46,278
05/02/2007,ILM,NC,ASO,EN,Combined TRACON& Tower with Radar,13,58,51,14,136,0,10,60,7,77,13,68,111,21,213,88,12,100,313
05/03/2007,ILM,NC,ASO,EN,Combined TRACON& Tower with Radar,13,55,89,19,176,0,4,46,8,58,13,59,135,27,234,10,10,20,254
05/04/2007,ILM,NC,ASO,EN,Combined TRACON& Tower with Radar,8,60,106,2,176,0,1,15,0,16,8,61,121,2,192,12,0,12,204
05/05/2007,ILM,NC,ASO,EN,Combined TRACON& Tower with Radar,10,29,35,0,74,0,10,25,1,36,10,39,60,1,110,0,0,0,110
05/06/2007,ILM,NC,ASO,EN,Combined TRACON& Tower with Radar,15,40,57,0,112,0,1,12,3,16,15,41,69,3,128,4,0,4,132
05/07/2007,ILM,NC,ASO,EN,Combined TRACON& Tower with Radar,16,51,58,0,125,0,2,12,0,14,16,53,70,0,139,2,0,2,141
05/08/2007,ILM,NC,ASO,EN,Combined TRACON& Tower with Radar,13,68,54,8,143,0,0,4,3,7,13,68,58,11,150,0,0,0,150
05/09/2007,ILM,NC,ASO,EN,Combined TRACON& Tower with Radar,19,58,61,3,141,0,7,20,3,30,19,65,81,6,171,16,14,30,201
05/10/2007,ILM,NC,ASO,EN,Combined TRACON& Tower with Radar,14,56,90,11,171,0,6,53,6,65,14,62,143,17,236,28,8,36,272
05/11/2007,ILM,NC,ASO,EN,Combined TRACON& Tower with Radar,13,49,75,5,142,0,2,68,2,72,13,51,143,7,214,24,14,38,252
05/12/2007,ILM,NC,ASO,EN,Combined TRACON& Tower with Radar,17,28,44,2,91,0,0,58,0,58,17,28,102,2,149,24,0,24,173
05/13/2007,ILM,NC,ASO,EN,Combined TRACON& Tower with Radar,14,39,73,5,131,0,2,11,2,15,14,41,84,7,146,0,0,0,146
05/14/2007,ILM,NC,ASO,EN,Combined TRACON& Tower with Radar,16,44,49,2,111,0,8,62,6,76,16,52,111,8,187,74,2,76,263
05/15/2007,ILM,NC,ASO,EN,Combined TRACON& Tower with Radar,12,49,55,0,116,0,5,79,3,87,12,54,134,3,203,58,2,60,263
05/16/2007,ILM,NC,ASO,EN,Combined TRACON& Tower with Radar,14,50,57,20,141,0,7,59,14,80,14,57,116,34,221,28,22,50,271
05/17/2007,ILM,NC,ASO,EN,Combined TRACON& Tower with Radar,14,57,66,8,145,0,0,9,0,9,14,57,75,8,154,40,0,40,194
05/18/2007,ILM,NC,ASO,EN,Combined TRACON& Tower with Radar,15,63,88,12,178,0,3,22,4,29,15,66,110,16,207,32,30,62,269
05/19/2007,ILM,NC,ASO,EN,Combined TRACON& Tower with Radar,18,29,51,0,98,0,11,69,0,80,18,40,120,0,178,86,0,86,264
05/20/2007,ILM,NC,ASO,EN,Combined TRACON& Tower with Radar,15,36,69,0,120,0,5,79,1,85,15,41,148,1,205,52,0,52,257
05/21/2007,ILM,NC,ASO,EN,Combined TRACON& Tower with Radar,15,46,55,12,128,0,3,60,5,68,15,49,115,17,196,48,6,54,250
05/22/2007,ILM,NC,ASO,EN,Combined TRACON& Tower with Radar,10,43,64,3,120,0,1,47,5,53,10,44,111,8,173,0,0,0,173
05/23/2007,ILM,NC,ASO,EN,Combined TRACON& Tower with Radar,14,52,54,7,127,0,11,60,6,77,14,63,114,13,204,30,16,46,250
05/24/2007,ILM,NC,ASO,EN,Combined TRACON& Tower with Radar,14,54,82,5,155,0,8,70,1,79,14,62,152,6,234,30,2,32,266
05/25/2007,ILM,NC,ASO,EN,Combined TRACON& Tower with Radar,16,62,109,5,192,0,14,82,7,103,16,76,191,12,295,102,12,114,409
05/26/2007,ILM,NC,ASO,EN,Combined TRACON& Tower with Radar,18,27,39,0,84,0,7,65,1,73,18,34,104,1,157,52,0,52,209
05/27/2007,ILM,NC,ASO,EN,Combined TRACON& Tower with Radar,9,41,33,2,85,0,5,76,2,83,9,46,109,4,168,74,0,74,242
05/28/2007,ILM,NC,ASO,EN,Combined TRACON& Tower with Radar,14,48,91,1,154,0,0,73,0,73,14,48,164,1,227,30,0,30,257
05/29/2007,ILM,NC,ASO,EN,Combined TRACON& Tower with Radar,13,48,87,1,149,0,4,50,0,54,13,52,137,1,203,16,0,16,219
05/30/2007,ILM,NC,ASO,EN,Combined TRACON& Tower with Radar,14,55,67,5,141,0,9,57,8,74,14,64,124,13,215,46,30,76,291
05/31/2007,ILM,NC,ASO,EN,Combined TRACON& Tower with Radar,13,48,89,4,154,0,0,54,8,62,13,48,143,12,216,60,4,64,280
06/01/2007,ILM,NC,ASO,EN,Combined TRACON& Tower with Radar,15,54,66,15,150,0,4,64,0,68,15,58,130,15,218,52,0,52,270
06/02/2007,ILM,NC,ASO,EN,Combined TRACON& Tower with Radar,17,22,51,4,94,0,0,24,0,24,17,22,75,4,118,24,6,30,148
06/03/2007,ILM,NC,ASO,EN,Combined TRACON& Tower with Radar,17,36,34,0,87,0,0,5,2,7,17,36,39,2,94,44,0,44,138
06/04/2007,ILM,NC,ASO,EN,Combined TRACON& Tower with Radar,13,48,49,2,112,0,2,33,1,36,13,50,82,3,148,0,0,0,148
06/05/2007,ILM,NC,ASO,EN,Combined TRACON& Tower with Radar,13,50,55,3,121,0,0,49,6,55,13,50,104,9,176,20,0,20,196
06/06/2007,ILM,NC,ASO,EN,Combined TRACON& Tower with Radar,14,58,75,6,153,0,6,80,1,87,14,64,155,7,240,40,0,40,280
06/07/2007,ILM,NC,ASO,EN,Combined TRACON& Tower with Radar,12,67,79,0,158,0,7,46,4,57,12,74,125,4,215,18,4,22,237
06/08/2007,ILM,NC,ASO,EN,Combined TRACON& Tower with Radar,14,53,83,18,168,0,8,52,5,65,14,61,135,23,233,36,28,64,297
06/09/2007,ILM,NC,ASO,EN,Combined TRACON& Tower with Radar,17,30,48,1,96,0,14,44,0,58,17,44,92,1,154,68,0,68,222
06/10/2007,ILM,NC,ASO,EN,Combined TRACON& Tower with Radar,12,45,100,1,158,0,12,45,1,58,12,57,145,2,216,34,2,36,252
06/11/2007,ILM,NC,ASO,EN,Combined TRACON& Tower with Radar,12,52,51,18,133,0,8,41,7,56,12,60,92,25,189,76,16,92,281
06/12/2007,ILM,NC,ASO,EN,Combined TRACON& Tower with Radar,14,47,59,0,120,0,3,61,7,71,14,50,120,7,191,68,0,68,259
06/13/2007,ILM,NC,ASO,EN,Combined TRACON& Tower with Radar,17,57,57,1,132,0,6,34,7,47,17,63,91,8,179,24,6,30,209
06/14/2007,ILM,NC,ASO,EN,Combined TRACON& Tower with Radar,13,57,88,0,158,0,3,32,2,37,13,60,120,2,195,40,2,42,237
06/15/2007,ILM,NC,ASO,EN,Combined TRACON& Tower with Radar,14,63,83,14,174,0,8,53,2,63,14,71,136,16,237,42,30,72,309
06/16/2007,ILM,NC,ASO,EN,Combined TRACON& Tower with Radar,18,36,76,0,130,0,6,68,0,74,18,42,144,0,204,58,0,58,262
06/17/2007,ILM,NC,ASO,EN,Combined TRACON& Tower with Radar,13,52,76,3,144,0,0,46,3,49,13,52,122,6,193,10,0,10,203
06/18/2007,ILM,NC,ASO,EN,Combined TRACON& Tower with Radar,12,59,63,7,141,0,6,60,1,67,12,65,123,8,208,50,10,60,268
06/19/2007,ILM,NC,ASO,EN,Combined TRACON& Tower with Radar,15,68,68,5,156,0,2,56,0,58,15,70,124,5,214,72,0,72,286
06/20/2007,ILM,NC,ASO,EN,Combined TRACON& Tower with Radar,14,58,33,8,113,0,2,15,0,17,14,60,48,8,130,0,0,0,130
06/21/2007,ILM,NC,ASO,EN,Combined TRACON& Tower with Radar,12,58,77,7,154,0,0,87,0,87,12,58,164,7,241,28,2,30,271
06/22/2007,ILM,NC,ASO,EN,Combined TRACON& Tower with Radar,17,59,68,3,147,0,2,85,7,94,17,61,153,10,241,66,12,78,319
06/23/2007,ILM,NC,ASO,EN,Combined TRACON& Tower with Radar,17,32,38,0,87,0,2,72,4,78,17,34,110,4,165,18,0,18,183
06/24/2007,ILM,NC,ASO,EN,Combined TRACON& Tower with Radar,18,37,63,15,133,0,3,40,2,45,18,40,103,17,178,72,20,92,270
06/25/2007,ILM,NC,ASO,EN,Combined TRACON& Tower with Radar,12,55,55,3,125,0,4,0,0,4,12,59,55,3,129,8,2,10,139
06/26/2007,ILM,NC,ASO,EN,Combined TRACON& Tower with Radar,14,50,68,3,135,1,4,50,8,63,15,54,118,11,198,6,0,6,204
06/27/2007,ILM,NC,ASO,EN,Combined TRACON& Tower with Radar,13,54,79,2,148,0,1,45,0,46,13,55,124,2,194,40,0,40,234
06/28/2007,ILM,NC,ASO,EN,Combined TRACON& Tower with Radar,15,49,85,1,150,0,5,89,0,94,15,54,174,1,244,48,0,48,292
06/29/2007,ILM,NC,ASO,EN,Combined TRACON& Tower with Radar,16,67,67,4,154,0,5,37,10,52,16,72,104,14,206,32,10,42,248
06/30/2007,ILM,NC,ASO,EN,Combined TRACON& Tower with Radar,17,36,51,2,106,0,4,24,3,31,17,40,75,5,137,0,0,0,137
07/01/2007,ILM,NC,ASO,EN,Combined TRACON& Tower with Radar,16,43,49,2,110,0,2,32,0,34,16,45,81,2,144,22,0,22,166
07/02/2007,ILM,NC,ASO,EN,Combined TRACON& Tower with Radar,13,57,74,8,152,0,6,44,1,51,13,63,118,9,203,36,0,36,239
07/03/2007,ILM,NC,ASO,EN,Combined TRACON& Tower with Radar,13,59,63,7,142,0,6,65,0,71,13,65,128,7,213,54,0,54,267
07/04/2007,ILM,NC,ASO,EN,Combined TRACON& Tower with Radar,14,30,47,0,91,0,6,59,0,65,14,36,106,0,156,10,0,10,166
07/05/2007,ILM,NC,ASO,EN,Combined TRACON& Tower with Radar,13,56,80,0,149,0,6,46,0,52,13,62,126,0,201,12,0,12,213
07/06/2007,ILM,NC,ASO,EN,Combined TRACON& Tower with Radar,14,65,72,9,160,0,2,53,0,55,14,67,125,9,215,36,0,36,251
07/07/2007,ILM,NC,ASO,EN,Combined TRACON& Tower with Radar,17,36,39,0,92,0,0,34,5,39,17,36,73,5,131,10,4,14,145
07/08/2007,ILM,NC,ASO,EN,Combined TRACON& Tower with Radar,10,57,75,2,144,0,2,34,0,36,10,59,109,2,180,28,0,28,208
07/09/2007,ILM,NC,ASO,EN,Combined TRACON& Tower with Radar,16,47,68,8,139,0,2,16,3,21,16,49,84,11,160,48,30,78,238
07/10/2007,ILM,NC,ASO,EN,Combined TRACON& Tower with Radar,15,57,42,3,117,0,2,20,5,27,15,59,62,8,144,12,8,20,164
07/11/2007,ILM,NC,ASO,EN,Combined TRACON& Tower with Radar,16,53,72,8,149,0,4,25,2,31,16,57,97,10,180,34,10,44,224
07/12/2007,ILM,NC,ASO,EN,Combined TRACON& Tower with Radar,19,49,78,2,148,0,15,55,2,72,19,64,133,4,220,84,8,92,312
07/13/2007,ILM,NC,ASO,EN,Combined TRACON& Tower with Radar,18,56,69,4,147,0,13,35,2,50,18,69,104,6,197,54,0,54,251
07/14/2007,ILM,NC,ASO,EN,Combined TRACON& Tower with Radar,18,30,59,0,107,0,0,53,0,53,18,30,112,0,160,30,0,30,190
07/15/2007,ILM,NC,ASO,EN,Combined TRACON& Tower with Radar,13,38,66,0,117,0,6,48,2,56,13,44,114,2,173,54,4,58,231
07/16/2007,ILM,NC,ASO,EN,Combined TRACON& Tower with Radar,17,54,77,6,154,0,6,53,0,59,17,60,130,6,213,44,6,50,263
07/17/2007,ILM,NC,ASO,EN,Combined TRACON& Tower with Radar,18,50,63,12,143,0,9,56,1,66,18,59,119,13,209,21,6,27,236
07/18/2007,ILM,NC,ASO,EN,Combined TRACON& Tower with Radar,16,48,65,15,144,0,7,50,6,63,16,55,115,21,207,34,10,44,251
07/19/2007,ILM,NC,ASO,EN,Combined TRACON& Tower with Radar,17,48,68,6,139,0,13,53,5,71,17,61,121,11,210,48,0,48,258
07/20/2007,ILM,NC,ASO,EN,Combined TRACON& Tower with Radar,15,72,92,4,183,0,3,27,0,30,15,75,119,4,213,34,0,34,247
07/21/2007,ILM,NC,ASO,EN,Combined TRACON& Tower with Radar,19,38,37,1,95,0,11,56,2,69,19,49,93,3,164,52,0,52,216
07/22/2007,ILM,NC,ASO,EN,Combined TRACON& Tower with Radar,12,45,68,2,127,0,8,64,1,73,12,53,132,3,200,32,0,32,232
07/23/2007,ILM,NC,ASO,EN,Combined TRACON& Tower with Radar,17,53,66,4,140,0,3,56,2,61,17,56,122,6,201,38,8,46,247
07/24/2007,ILM,NC,ASO,EN,Combined TRACON& Tower with Radar,17,50,65,6,138,0,2,68,5,75,17,52,133,11,213,86,6,92,305
07/25/2007,ILM,NC,ASO,EN,Combined TRACON& Tower with Radar,19,70,69,40,198,0,14,41,6,61,19,84,110,46,259,9,30,39,298
07/26/2007,ILM,NC,ASO,EN,Combined TRACON& Tower with Radar,15,57,66,9,147,0,7,43,4,54,15,64,109,13,201,10,0,10,211
07/27/2007,ILM,NC,ASO,EN,Combined TRACON& Tower with Radar,17,54,89,3,163,0,4,48,0,52,17,58,137,3,215,74,2,76,291
07/28/2007,ILM,NC,ASO,EN,Combined TRACON& Tower with Radar,17,32,24,0,73,0,0,21,0,21,17,32,45,0,94,20,0,20,114
07/29/2007,ILM,NC,ASO,EN,Combined TRACON& Tower with Radar,18,33,24,0,75,0,0,21,0,21,18,33,45,0,96,20,0,20,116
07/30/2007,ILM,NC,ASO,EN,Combined TRACON& Tower with Radar,10,53,57,6,126,0,0,9,0,9,10,53,66,6,135,6,6,12,147
07/31/2007,ILM,NC,ASO,EN,Combined TRACON& Tower with Radar,16,63,56,2,137,0,4,30,2,36,16,67,86,4,173,20,2,22,195
08/01/2007,ILM,NC,ASO,EN,Combined TRACON& Tower with Radar,17,59,83,8,167,0,11,72,2,85,17,70,155,10,252,24,10,34,286
08/02/2007,ILM,NC,ASO,EN,Combined TRACON& Tower with Radar,17,65,102,0,184,0,16,49,2,67,17,81,151,2,251,24,0,24,275
08/03/2007,ILM,NC,ASO,EN,Combined TRACON& Tower with Radar,16,64,95,9,184,0,1,61,2,64,16,65,156,11,248,136,14,150,398
08/04/2007,ILM,NC,ASO,EN,Combined TRACON& Tower with Radar,16,40,41,2,99,0,0,73,6,79,16,40,114,8,178,84,0,84,262
08/05/2007,ILM,NC,ASO,EN,Combined TRACON& Tower with Radar,15,38,85,0,138,0,9,78,0,87,15,47,163,0,225,90,0,90,315
08/06/2007,ILM,NC,ASO,EN,Combined TRACON& Tower with Radar,17,48,64,0,129,0,5,26,0,31,17,53,90,0,160,28,0,28,188
08/07/2007,ILM,NC,ASO,EN,Combined TRACON& Tower with Radar,16,58,53,0,127,0,3,32,0,35,16,61,85,0,162,32,0,32,194
08/08/2007,ILM,NC,ASO,EN,Combined TRACON& Tower with Radar,18,54,70,17,159,0,3,26,4,33,18,57,96,21,192,6,6,12,204
08/09/2007,ILM,NC,ASO,EN,Combined TRACON& Tower with Radar,17,51,72,0,140,0,11,16,0,27,17,62,88,0,167,30,0,30,197
08/10/2007,ILM,NC,ASO,EN,Combined TRACON& Tower with Radar,11,61,64,16,152,0,3,45,0,48,11,64,109,16,200,24,12,36,236
08/11/2007,ILM,NC,ASO,EN,Combined TRACON& Tower with Radar,16,38,44,10,108,0,2,34,0,36,16,40,78,10,144,60,0,60,204
08/12/2007,ILM,NC,ASO,EN,Combined TRACON& Tower with Radar,14,54,77,1,146,0,1,70,0,71,14,55,147,1,217,140,0,140,357
08/13/2007,ILM,NC,ASO,EN,Combined TRACON& Tower with Radar,19,53,68,7,147,0,8,57,2,67,19,61,125,9,214,20,4,24,238
08/14/2007,ILM,NC,ASO,EN,Combined TRACON& Tower with Radar,18,59,45,4,126,0,7,76,0,83,18,66,121,4,209,40,0,40,249
08/15/2007,ILM,NC,ASO,EN,Combined TRACON& Tower with Radar,18,54,59,6,137,0,5,64,2,71,18,59,123,8,208,50,4,54,262
08/16/2007,ILM,NC,ASO,EN,Combined TRACON& Tower with Radar,16,63,102,2,183,0,6,45,3,54,16,69,147,5,237,38,2,40,277
08/17/2007,ILM,NC,ASO,EN,Combined TRACON& Tower with Radar,15,57,79,0,151,0,11,49,0,60,15,68,128,0,211,42,8,50,261
08/18/2007,ILM,NC,ASO,EN,Combined TRACON& Tower with Radar,18,32,43,1,94,0,4,68,0,72,18,36,111,1,166,26,0,26,192
08/19/2007,ILM,NC,ASO,EN,Combined TRACON& Tower with Radar,12,44,86,1,143,0,2,45,6,53,12,46,131,7,196,46,0,46,242
08/20/2007,ILM,NC,ASO,EN,Combined TRACON& Tower with Radar,15,53,56,2,126,0,5,50,0,55,15,58,106,2,181,54,0,54,235
08/21/2007,ILM,NC,ASO,EN,Combined TRACON& Tower with Radar,14,56,45,3,118,0,2,39,2,43,14,58,84,5,161,20,6,26,187
08/22/2007,ILM,NC,ASO,EN,Combined TRACON& Tower with Radar,13,59,72,0,144,0,9,38,4,51,13,68,110,4,195,30,0,30,225
08/23/2007,ILM,NC,ASO,EN,Combined TRACON& Tower with Radar,13,59,54,0,126,0,7,31,0,38,13,66,85,0,164,22,0,22,186
08/24/2007,ILM,NC,ASO,EN,Combined TRACON& Tower with Radar,14,43,64,6,127,0,12,61,0,73,14,55,125,6,200,30,0,30,230
08/25/2007,ILM,NC,ASO,EN,Combined TRACON& Tower with Radar,17,32,42,10,101,0,2,57,5,64,17,34,99,15,165,72,0,72,237
08/26/2007,ILM,NC,ASO,EN,Combined TRACON& Tower with Radar,12,35,48,0,95,0,0,68,0,68,12,35,116,0,163,54,0,54,217
08/27/2007,ILM,NC,ASO,EN,Combined TRACON& Tower with Radar,12,56,34,0,102,0,4,19,0,23,12,60,53,0,125,6,0,6,131
08/28/2007,ILM,NC,ASO,EN,Combined TRACON& Tower with Radar,16,50,65,13,144,0,2,33,1,36,16,52,98,14,180,46,2,48,228
08/29/2007,ILM,NC,ASO,EN,Combined TRACON& Tower with Radar,12,53,55,2,122,0,5,54,0,59,12,58,109,2,181,46,0,46,227
08/30/2007,ILM,NC,ASO,EN,Combined TRACON& Tower with Radar,14,65,74,7,160,0,10,63,2,75,14,75,137,9,235,34,8,42,277
08/31/2007,ILM,NC,ASO,EN,Combined TRACON& Tower with Radar,16,53,13,0,82,0,3,0,0,3,16,56,13,0,85,44,0,44,129
09/01/2007,ILM,NC,ASO,EN,Combined TRACON& Tower with Radar,18,27,48,0,93,0,1,47,0,48,18,28,95,0,141,0,0,0,141
09/02/2007,ILM,NC,ASO,EN,Combined TRACON& Tower with Radar,14,32,31,0,77,0,3,63,0,66,14,35,94,0,143,90,0,90,233
09/03/2007,ILM,NC,ASO,EN,Combined TRACON& Tower with Radar,15,41,75,0,131,0,3,55,0,58,15,44,130,0,189,76,0,76,265
09/04/2007,ILM,NC,ASO,EN,Combined TRACON& Tower with Radar,15,50,66,8,139,0,3,43,2,48,15,53,109,10,187,34,0,34,221
09/05/2007,ILM,NC,ASO,EN,Combined TRACON& Tower with Radar,18,56,49,2,125,0,4,36,6,46,18,60,85,8,171,30,8,38,209
09/06/2007,ILM,NC,ASO,EN,Combined TRACON& Tower with Radar,17,56,56,5,134,0,17,57,7,81,17,73,113,12,215,60,13,73,288
09/07/2007,ILM,NC,ASO,EN,Combined TRACON& Tower with Radar,19,53,66,4,142,0,16,53,2,71,19,69,119,6,213,32,0,32,245
09/08/2007,ILM,NC,ASO,EN,Combined TRACON& Tower with Radar,17,24,37,0,78,0,4,59,0,63,17,28,96,0,141,58,0,58,199
09/09/2007,ILM,NC,ASO,EN,Combined TRACON& Tower with Radar,19,33,76,0,128,0,2,36,0,38,19,35,112,0,166,88,0,88,254
09/10/2007,ILM,NC,ASO,EN,Combined TRACON& Tower with Radar,20,44,58,6,128,0,0,42,0,42,20,44,100,6,170,16,0,16,186
09/11/2007,ILM,NC,ASO,EN,Combined TRACON& Tower with Radar,17,48,75,9,149,0,20,47,4,71,17,68,122,13,220,48,0,48,268
09/12/2007,ILM,NC,ASO,EN,Combined TRACON& Tower with Radar,17,53,82,8,160,0,2,27,3,32,17,55,109,11,192,4,0,4,196
09/13/2007,ILM,NC,ASO,EN,Combined TRACON& Tower with Radar,14,65,62,3,144,0,4,20,2,26,14,69,82,5,170,14,2,16,186
09/14/2007,ILM,NC,ASO,EN,Combined TRACON& Tower with Radar,14,52,68,2,136,0,1,12,2,15,14,53,80,4,151,14,0,14,165
09/15/2007,ILM,NC,ASO,EN,Combined TRACON& Tower with Radar,17,31,41,2,91,0,3,46,0,49,17,34,87,2,140,50,0,50,190
09/16/2007,ILM,NC,ASO,EN,Combined TRACON& Tower with Radar,17,33,76,1,127,0,5,89,0,94,17,38,165,1,221,86,0,86,307
09/17/2007,ILM,NC,ASO,EN,Combined TRACON& Tower with Radar,16,46,66,18,146,0,5,73,4,82,16,51,139,22,228,57,5,62,290
09/18/2007,ILM,NC,ASO,EN,Combined TRACON& Tower with Radar,15,49,47,1,112,0,5,50,1,56,15,54,97,2,168,8,0,8,176
09/19/2007,ILM,NC,ASO,EN,Combined TRACON& Tower with Radar,15,54,66,9,144,0,0,8,6,14,15,54,74,15,158,0,0,0,158
09/20/2007,ILM,NC,ASO,EN,Combined TRACON& Tower with Radar,21,48,51,3,123,0,0,1,1,2,21,48,52,4,125,0,0,0,125
09/21/2007,ILM,NC,ASO,EN,Combined TRACON& Tower with Radar,18,49,63,28,158,0,3,8,5,16,18,52,71,33,174,22,42,64,238
09/22/2007,ILM,NC,ASO,EN,Combined TRACON& Tower with Radar,16,26,40,7,89,0,0,34,2,36,16,26,74,9,125,38,0,38,163
09/23/2007,ILM,NC,ASO,EN,Combined TRACON& Tower with Radar,15,38,86,12,151,0,9,77,1,87,15,47,163,13,238,32,6,38,276
09/24/2007,ILM,NC,ASO,EN,Combined TRACON& Tower with Radar,16,47,70,12,145,0,1,66,1,68,16,48,136,13,213,52,10,62,275
09/25/2007,ILM,NC,ASO,EN,Combined TRACON& Tower with Radar,16,54,74,18,162,0,4,67,2,73,16,58,141,20,235,76,0,76,311
09/26/2007,ILM,NC,ASO,EN,Combined TRACON& Tower with Radar,16,52,78,10,156,0,12,49,10,71,16,64,127,20,227,74,30,104,331
09/27/2007,ILM,NC,ASO,EN,Combined TRACON& Tower with Radar,16,57,49,0,122,0,9,41,0,50,16,66,90,0,172,56,0,56,228
09/28/2007,ILM,NC,ASO,EN,Combined TRACON& Tower with Radar,12,45,57,4,118,0,2,79,5,86,12,47,136,9,204,30,0,30,234
09/29/2007,ILM,NC,ASO,EN,Combined TRACON& Tower with Radar,16,27,58,2,103,0,3,63,0,66,16,30,121,2,169,44,0,44,213
09/30/2007,ILM,NC,ASO,EN,Combined TRACON& Tower with Radar,21,31,56,2,110,0,4,46,5,55,21,35,102,7,165,48,4,52,217
10/01/2007,ILM,NC,ASO,EN,Combined TRACON& Tower with Radar,17,39,57,3,116,0,3,36,2,41,17,42,93,5,157,34,0,34,191
10/02/2007,ILM,NC,ASO,EN,Combined TRACON& Tower with Radar,16,47,49,5,117,0,4,16,0,20,16,51,65,5,137,14,2,16,153
10/03/2007,ILM,NC,ASO,EN,Combined TRACON& Tower with Radar,16,50,51,3,120,0,3,31,0,34,16,53,82,3,154,52,0,52,206
10/04/2007,ILM,NC,ASO,EN,Combined TRACON& Tower with Radar,18,47,58,43,166,0,5,29,2,36,18,52,87,45,202,26,8,34,236
10/05/2007,ILM,NC,ASO,EN,Combined TRACON& Tower with Radar,16,47,45,0,108,0,4,18,0,22,16,51,63,0,130,36,0,36,166
10/06/2007,ILM,NC,ASO,EN,Combined TRACON& Tower with Radar,16,29,36,0,81,0,2,13,0,15,16,31,49,0,96,8,0,8,104
10/07/2007,ILM,NC,ASO,EN,Combined TRACON& Tower with Radar,17,34,47,0,98,0,1,76,0,77,17,35,123,0,175,54,0,54,229
10/08/2007,ILM,NC,ASO,EN,Combined TRACON& Tower with Radar,15,44,52,2,113,0,10,64,2,76,15,54,116,4,189,66,0,66,255
10/09/2007,ILM,NC,ASO,EN,Combined TRACON& Tower with Radar,16,49,47,9,121,0,5,69,2,76,16,54,116,11,197,96,18,114,311
10/10/2007,ILM,NC,ASO,EN,Combined TRACON& Tower with Radar,17,43,51,3,114,0,11,31,0,42,17,54,82,3,156,18,0,18,174
10/11/2007,ILM,NC,ASO,EN,Combined TRACON& Tower with Radar,17,58,74,15,164,0,12,70,4,86,17,70,144,19,250,80,4,84,334
10/12/2007,ILM,NC,ASO,EN,Combined TRACON& Tower with Radar,17,49,70,0,136,0,6,84,0,90,17,55,154,0,226,48,0,48,274
10/13/2007,ILM,NC,ASO,EN,Combined TRACON& Tower with Radar,14,32,26,0,72,0,7,73,1,81,14,39,99,1,153,64,0,64,217
10/14/2007,ILM,NC,ASO,EN,Combined TRACON& Tower with Radar,21,23,47,0,91,0,2,106,0,108,21,25,153,0,199,78,0,78,277
10/15/2007,ILM,NC,ASO,EN,Combined TRACON& Tower with Radar,18,53,47,6,124,0,4,33,0,37,18,57,80,6,161,0,0,0,161
10/16/2007,ILM,NC,ASO,EN,Combined TRACON& Tower with Radar,17,45,45,5,112,0,1,53,0,54,17,46,98,5,166,10,2,12,178
10/17/2007,ILM,NC,ASO,EN,Combined TRACON& Tower with Radar,15,48,53,1,117,0,11,45,1,57,15,59,98,2,174,36,0,36,210
10/18/2007,ILM,NC,ASO,EN,Combined TRACON& Tower with Radar,19,47,59,13,138,0,10,21,6,37,19,57,80,19,175,2,28,30,205
10/19/2007,ILM,NC,ASO,EN,Combined TRACON& Tower with Radar,15,55,40,1,111,0,4,15,0,19,15,59,55,1,130,2,2,4,134
10/20/2007,ILM,NC,ASO,EN,Combined TRACON& Tower with Radar,19,30,35,9,93,0,4,38,6,48,19,34,73,15,141,32,26,58,199
10/21/2007,ILM,NC,ASO,EN,Combined TRACON& Tower with Radar,15,36,46,0,97,0,20,65,1,86,15,56,111,1,183,10,0,10,193
10/22/2007,ILM,NC,ASO,EN,Combined TRACON& Tower with Radar,15,49,41,4,109,0,7,24,1,32,15,56,65,5,141,0,0,0,141
10/23/2007,ILM,NC,ASO,EN,Combined TRACON& Tower with Radar,16,42,48,2,108,0,8,25,1,34,16,50,73,3,142,0,2,2,144
10/24/2007,ILM,NC,ASO,EN,Combined TRACON& Tower with Radar,16,50,57,0,123,0,4,6,0,10,16,54,63,0,133,0,0,0,133
10/25/2007,ILM,NC,ASO,EN,Combined TRACON& Tower with Radar,16,47,52,3,118,0,8,11,0,19,16,55,63,3,137,16,0,16,153
10/26/2007,ILM,NC,ASO,EN,Combined TRACON& Tower with Radar,18,42,56,5,121,0,0,4,0,4,18,42,60,5,125,10,0,10,135
10/27/2007,ILM,NC,ASO,EN,Combined TRACON& Tower with Radar,16,32,40,0,88,0,2,16,2,20,16,34,56,2,108,12,0,12,120
10/28/2007,ILM,NC,ASO,EN,Combined TRACON& Tower with Radar,10,44,58,0,112,0,1,54,0,55,10,45,112,0,167,14,0,14,181
10/29/2007,ILM,NC,ASO,EN,Combined TRACON& Tower with Radar,17,51,53,4,125,0,3,44,2,49,17,54,97,6,174,12,0,12,186
10/30/2007,ILM,NC,ASO,EN,Combined TRACON& Tower with Radar,17,51,62,1,131,0,4,56,0,60,17,55,118,1,191,12,0,12,203
10/31/2007,ILM,NC,ASO,EN,Combined TRACON& Tower with Radar,17,48,34,2,101,0,9,49,1,59,17,57,83,3,160,0,0,0,160
11/01/2007,ILM,NC,ASO,EN,Combined TRACON& Tower with Radar,17,44,59,7,127,0,9,50,8,67,17,53,109,15,194,4,0,4,198
11/02/2007,ILM,NC,ASO,EN,Combined TRACON& Tower with Radar,18,56,64,3,141,0,3,8,1,12,18,59,72,4,153,0,0,0,153
11/03/2007,ILM,NC,ASO,EN,Combined TRACON& Tower with Radar,17,25,19,2,63,0,2,95,2,99,17,27,114,4,162,36,0,36,198
11/04/2007,ILM,NC,ASO,EN,Combined TRACON& Tower with Radar,13,38,64,0,115,0,4,85,1,90,13,42,149,1,205,32,0,32,237
11/05/2007,ILM,NC,ASO,EN,Combined TRACON& Tower with Radar,17,47,45,0,109,0,7,79,1,87,17,54,124,1,196,68,0,68,264
11/06/2007,ILM,NC,ASO,EN,Combined TRACON& Tower with Radar,15,53,57,5,130,0,3,55,4,62,15,56,112,9,192,30,8,38,230
11/07/2007,ILM,NC,ASO,EN,Combined TRACON& Tower with Radar,16,48,61,5,130,0,5,48,3,56,16,53,109,8,186,28,10,38,224
11/08/2007,ILM,NC,ASO,EN,Combined TRACON& Tower with Radar,19,54,85,15,173,0,15,63,3,81,19,69,148,18,254,6,14,20,274
11/09/2007,ILM,NC,ASO,EN,Combined TRACON& Tower with Radar,16,59,68,4,147,0,4,70,2,76,16,63,138,6,223,42,0,42,265
11/10/2007,ILM,NC,ASO,EN,Combined TRACON& Tower with Radar,16,30,37,2,85,0,7,46,0,53,16,37,83,2,138,4,0,4,142
11/11/2007,ILM,NC,ASO,EN,Combined TRACON& Tower with Radar,13,43,75,0,131,0,5,86,1,92,13,48,161,1,223,70,0,70,293
11/12/2007,ILM,NC,ASO,EN,Combined TRACON& Tower with Radar,18,39,59,0,116,0,8,54,0,62,18,47,113,0,178,42,0,42,220
11/13/2007,ILM,NC,ASO,EN,Combined TRACON& Tower with Radar,16,46,54,41,157,0,6,57,0,63,16,52,111,41,220,36,24,60,280
11/14/2007,ILM,NC,ASO,EN,Combined TRACON& Tower with Radar,15,48,58,2,123,0,9,40,1,50,15,57,98,3,173,16,2,18,191
11/15/2007,ILM,NC,ASO,EN,Combined TRACON& Tower with Radar,18,50,61,0,129,0,7,8,1,16,18,57,69,1,145,0,0,0,145
11/16/2007,ILM,NC,ASO,EN,Combined TRACON& Tower with Radar,19,51,61,16,147,0,15,40,6,61,19,66,101,22,208,68,20,88,296
11/17/2007,ILM,NC,ASO,EN,Combined TRACON& Tower with Radar,19,28,38,0,85,0,4,101,1,106,19,32,139,1,191,0,0,0,191
11/18/2007,ILM,NC,ASO,EN,Combined TRACON& Tower with Radar,12,39,75,0,126,0,0,74,2,76,12,39,149,2,202,8,0,8,210
11/19/2007,ILM,NC,ASO,EN,Combined TRACON& Tower with Radar,19,47,48,12,126,0,6,26,3,35,19,53,74,15,161,26,4,30,191
11/20/2007,ILM,NC,ASO,EN,Combined TRACON& Tower with Radar,19,54,70,5,148,0,9,51,0,60,19,63,121,5,208,24,5,29,237
11/21/2007,ILM,NC,ASO,EN,Combined TRACON& Tower with Radar,17,56,93,1,167,0,5,57,0,62,17,61,150,1,229,6,0,6,235
11/22/2007,ILM,NC,ASO,EN,Combined TRACON& Tower with Radar,13,24,21,0,58,0,6,5,0,11,13,30,26,0,69,0,0,0,69
11/23/2007,ILM,NC,ASO,EN,Combined TRACON& Tower with Radar,16,46,45,0,107,0,6,32,0,38,16,52,77,0,145,50,0,50,195
11/24/2007,ILM,NC,ASO,EN,Combined TRACON& Tower with Radar,19,36,54,0,109,0,8,40,0,48,19,44,94,0,157,38,0,38,195
11/25/2007,ILM,NC,ASO,EN,Combined TRACON& Tower with Radar,18,55,156,0,229,0,0,3,0,3,18,55,159,0,232,0,0,0,232
11/26/2007,ILM,NC,ASO,EN,Combined TRACON& Tower with Radar,17,56,62,2,137,0,4,1,0,5,17,60,63,2,142,4,0,4,146
11/27/2007,ILM,NC,ASO,EN,Combined TRACON& Tower with Radar,18,47,55,7,127,0,9,37,2,48,18,56,92,9,175,24,6,30,205
11/28/2007,ILM,NC,ASO,EN,Combined TRACON& Tower with Radar,16,57,45,6,124,0,13,48,1,62,16,70,93,7,186,24,16,40,226
11/29/2007,ILM,NC,ASO,EN,Combined TRACON& Tower with Radar,17,46,79,7,149,0,10,34,7,51,17,56,113,14,200,58,12,70,270
11/30/2007,ILM,NC,ASO,EN,Combined TRACON& Tower with Radar,17,47,51,0,115,0,14,60,1,75,17,61,111,1,190,10,0,10,200
12/01/2007,ILM,NC,ASO,EN,Combined TRACON& Tower with Radar,18,26,23,7,74,0,1,78,5,84,18,27,101,12,158,26,10,36,194
12/02/2007,ILM,NC,ASO,EN,Combined TRACON& Tower with Radar,17,31,71,2,121,0,2,47,10,59,17,33,118,12,180,38,10,48,228
12/03/2007,ILM,NC,ASO,EN,Combined TRACON& Tower with Radar,14,52,52,6,124,0,6,15,0,21,14,58,67,6,145,0,0,0,145
12/04/2007,ILM,NC,ASO,EN,Combined TRACON& Tower with Radar,15,54,60,13,142,0,3,34,0,37,15,57,94,13,179,0,0,0,179
12/05/2007,ILM,NC,ASO,EN,Combined TRACON& Tower with Radar,18,48,71,18,155,0,4,56,0,60,18,52,127,18,215,36,2,38,253
12/06/2007,ILM,NC,ASO,EN,Combined TRACON& Tower with Radar,19,46,71,2,138,0,8,41,2,51,19,54,112,4,189,4,4,8,197
12/07/2007,ILM,NC,ASO,EN,Combined TRACON& Tower with Radar,19,50,73,5,147,0,7,40,8,55,19,57,113,13,202,38,10,48,250
12/08/2007,ILM,NC,ASO,EN,Combined TRACON& Tower with Radar,13,35,43,0,91,0,12,70,10,92,13,47,113,10,183,34,0,34,217
12/09/2007,ILM,NC,ASO,EN,Combined TRACON& Tower with Radar,16,32,59,0,107,0,1,80,2,83,16,33,139,2,190,82,0,82,272
12/10/2007,ILM,NC,ASO,EN,Combined TRACON& Tower with Radar,13,64,57,11,145,0,2,32,2,36,13,66,89,13,181,18,14,32,213
12/11/2007,ILM,NC,ASO,EN,Combined TRACON& Tower with Radar,16,43,51,12,122,0,5,56,9,70,16,48,107,21,192,42,30,72,264
12/12/2007,ILM,NC,ASO,EN,Combined TRACON& Tower with Radar,17,59,54,13,143,0,9,51,3,63,17,68,105,16,206,22,10,32,238
12/13/2007,ILM,NC,ASO,EN,Combined TRACON& Tower with Radar,17,50,56,16,139,0,8,35,1,44,17,58,91,17,183,4,0,4,187
12/14/2007,ILM,NC,ASO,EN,Combined TRACON& Tower with Radar,14,41,88,12,155,0,7,62,4,73,14,48,150,16,228,60,14,74,302
12/15/2007,ILM,NC,ASO,EN,Combined TRACON& Tower with Radar,15,33,45,4,97,0,2,7,1,10,15,35,52,5,107,10,0,10,117
12/16/2007,ILM,NC,ASO,EN,Combined TRACON& Tower with Radar,12,37,23,0,72,0,2,6,0,8,12,39,29,0,80,10,0,10,90
12/17/2007,ILM,NC,ASO,EN,Combined TRACON& Tower with Radar,12,48,50,0,110,0,8,36,1,45,12,56,86,1,155,18,0,18,173
12/18/2007,ILM,NC,ASO,EN,Combined TRACON& Tower with Radar,12,48,68,7,135,0,2,45,2,49,12,50,113,9,184,10,0,10,194
12/19/2007,ILM,NC,ASO,EN,Combined TRACON& Tower with Radar,16,47,61,15,139,0,12,42,11,65,16,59,103,26,204,60,0,60,264
12/20/2007,ILM,NC,ASO,EN,Combined TRACON& Tower with Radar,15,55,72,7,149,0,10,71,0,81,15,65,143,7,230,34,8,42,272
12/21/2007,ILM,NC,ASO,EN,Combined TRACON& Tower with Radar,16,62,97,0,175,0,0,0,0,0,16,62,97,0,175,0,0,0,175
12/22/2007,ILM,NC,ASO,EN,Combined TRACON& Tower with Radar,15,66,91,0,172,0,14,29,0,43,15,80,120,0,215,0,0,0,215
12/23/2007,ILM,NC,ASO,EN,Combined TRACON& Tower with Radar,17,59,57,6,139,0,0,15,3,18,17,59,72,9,157,0,0,0,157
12/24/2007,ILM,NC,ASO,EN,Combined TRACON& Tower with Radar,11,38,42,0,91,0,9,48,0,57,11,47,90,0,148,30,0,30,178
12/25/2007,ILM,NC,ASO,EN,Combined TRACON& Tower with Radar,14,31,41,0,86,0,6,15,0,21,14,37,56,0,107,14,0,14,121
12/26/2007,ILM,NC,ASO,EN,Combined TRACON& Tower with Radar,18,73,116,0,207,0,2,1,1,4,18,75,117,1,211,0,0,0,211
12/27/2007,ILM,NC,ASO,EN,Combined TRACON& Tower with Radar,18,86,92,14,210,0,7,32,0,39,18,93,124,14,249,56,10,66,315
12/28/2007,ILM,NC,ASO,EN,Combined TRACON& Tower with Radar,17,56,61,8,142,0,12,25,0,37,17,68,86,8,179,64,6,70,249
12/29/2007,ILM,NC,ASO,EN,Combined TRACON& Tower with Radar,17,40,71,0,128,0,2,32,0,34,17,42,103,0,162,36,0,36,198
12/30/2007,ILM,NC,ASO,EN,Combined TRACON& Tower with Radar,15,40,52,0,107,0,0,11,0,11,15,40,63,0,118,20,0,20,138
12/31/2007,ILM,NC,ASO,EN,Combined TRACON& Tower with Radar,10,50,49,0,109,0,2,86,0,88,10,52,135,0,197,62,0,62,259
01/01/2008,ILM,NC,ASO,EN,Combined TRACON& Tower with Radar,15,58,102,0,175,0,1,36,0,37,15,59,138,0,212,8,0,8,220
01/02/2008,ILM,NC,ASO,EN,Combined TRACON& Tower with Radar,18,68,114,17,217,0,3,10,2,15,18,71,124,19,232,6,8,14,246
01/03/2008,ILM,NC,ASO,EN,Combined TRACON& Tower with Radar,17,50,63,0,130,0,13,24,3,40,17,63,87,3,170,26,0,26,196
01/04/2008,ILM,NC,ASO,EN,Combined TRACON& Tower with Radar,21,58,87,14,180,0,13,46,5,64,21,71,133,19,244,76,0,76,320
01/05/2008,ILM,NC,ASO,EN,Combined TRACON& Tower with Radar,17,45,99,0,161,0,18,46,3,67,17,63,145,3,228,10,0,10,238
01/06/2008,ILM,NC,ASO,EN,Combined TRACON& Tower with Radar,13,56,81,10,160,0,7,77,3,87,13,63,158,13,247,64,12,76,323
01/07/2008,ILM,NC,ASO,EN,Combined TRACON& Tower with Radar,20,55,51,7,133,0,6,24,0,30,20,61,75,7,163,0,0,0,163
01/08/2008,ILM,NC,ASO,EN,Combined TRACON& Tower with Radar,17,50,51,7,125,0,9,41,2,52,17,59,92,9,177,24,0,24,201
01/09/2008,ILM,NC,ASO,EN,Combined TRACON& Tower with Radar,19,55,49,16,139,0,13,45,4,62,19,68,94,20,201,60,18,78,279
01/10/2008,ILM,NC,ASO,EN,Combined TRACON& Tower with Radar,16,53,52,32,153,0,5,37,9,51,16,58,89,41,204,30,36,66,270
01/11/2008,ILM,NC,ASO,EN,Combined TRACON& Tower with Radar,18,53,47,9,127,0,5,13,2,20,18,58,60,11,147,8,0,8,155
01/12/2008,ILM,NC,ASO,EN,Combined TRACON& Tower with Radar,12,31,60,2,105,0,2,8,0,10,12,33,68,2,115,0,0,0,115
01/13/2008,ILM,NC,ASO,EN,Combined TRACON& Tower with Radar,19,34,63,5,121,0,2,4,0,6,19,36,67,5,127,18,4,22,149
01/14/2008,ILM,NC,ASO,EN,Combined TRACON& Tower with Radar,17,38,54,21,130,0,5,48,0,53,17,43,102,21,183,16,24,40,223
01/15/2008,ILM,NC,ASO,EN,Combined TRACON& Tower with Radar,13,43,64,7,127,0,11,52,0,63,13,54,116,7,190,34,4,38,228
01/16/2008,ILM,NC,ASO,EN,Combined TRACON& Tower with Radar,17,41,74,8,140,0,11,73,3,87,17,52,147,11,227,18,0,18,245
01/17/2008,ILM,NC,ASO,EN,Combined TRACON& Tower with Radar,16,51,53,11,131,0,0,0,0,0,16,51,53,11,131,0,0,0,131
01/18/2008,ILM,NC,ASO,EN,Combined TRACON& Tower with Radar,15,55,64,0,134,0,0,19,0,19,15,55,83,0,153,0,0,0,153
01/19/2008,ILM,NC,ASO,EN,Combined TRACON& Tower with Radar,18,21,41,0,80,0,0,0,0,0,18,21,41,0,80,0,0,0,80
01/20/2008,ILM,NC,ASO,EN,Combined TRACON& Tower with Radar,14,32,53,2,101,0,3,56,4,63,14,35,109,6,164,58,0,58,222
01/21/2008,ILM,NC,ASO,EN,Combined TRACON& Tower with Radar,18,46,81,0,145,0,13,44,0,57,18,59,125,0,202,54,0,54,256
01/22/2008,ILM,NC,ASO,EN,Combined TRACON& Tower with Radar,18,55,62,14,149,0,2,22,0,24,18,57,84,14,173,36,14,50,223
01/23/2008,ILM,NC,ASO,EN,Combined TRACON& Tower with Radar,16,53,68,10,147,0,3,21,1,25,16,56,89,11,172,18,16,34,206
01/24/2008,ILM,NC,ASO,EN,Combined TRACON& Tower with Radar,14,49,73,18,154,0,7,21,1,29,14,56,94,19,183,8,6,14,197
01/25/2008,ILM,NC,ASO,EN,Combined TRACON& Tower with Radar,17,48,69,4,138,0,6,54,0,60,17,54,123,4,198,0,0,0,198
01/26/2008,ILM,NC,ASO,EN,Combined TRACON& Tower with Radar,14,34,44,0,92,0,0,9,0,9,14,34,53,0,101,0,0,0,101
01/27/2008,ILM,NC,ASO,EN,Combined TRACON& Tower with Radar,21,39,79,1,140,0,0,74,2,76,21,39,153,3,216,28,0,28,244
01/28/2008,ILM,NC,ASO,EN,Combined TRACON& Tower with Radar,19,40,50,14,123,0,4,48,0,52,19,44,98,14,175,14,4,18,193
01/29/2008,ILM,NC,ASO,EN,Combined TRACON& Tower with Radar,17,49,59,28,153,0,8,44,2,54,17,57,103,30,207,26,18,44,251
01/30/2008,ILM,NC,ASO,EN,Combined TRACON& Tower with Radar,15,46,46,10,117,0,8,30,4,42,15,54,76,14,159,32,10,42,201
01/31/2008,ILM,NC,ASO,EN,Combined TRACON& Tower with Radar,18,65,75,4,162,0,9,38,0,47,18,74,113,4,209,64,2,66,275
02/01/2008,ILM,NC,ASO,EN,Combined TRACON& Tower with Radar,18,41,36,12,107,0,1,10,1,12,18,42,46,13,119,0,0,0,119
02/02/2008,ILM,NC,ASO,EN,Combined TRACON& Tower with Radar,14,31,43,0,88,0,0,131,0,131,14,31,174,0,219,103,0,103,322
02/03/2008,ILM,NC,ASO,EN,Combined TRACON& Tower with Radar,17,30,53,4,104,0,2,79,0,81,17,32,132,4,185,120,2,122,307
02/04/2008,ILM,NC,ASO,EN,Combined TRACON& Tower with Radar,15,54,64,4,137,0,3,19,0,22,15,57,83,4,159,26,0,26,185
02/05/2008,ILM,NC,ASO,EN,Combined TRACON& Tower with Radar,11,51,80,0,142,0,7,38,0,45,11,58,118,0,187,6,0,6,193
02/06/2008,ILM,NC,ASO,EN,Combined TRACON& Tower with Radar,13,57,42,10,122,0,6,2,2,10,13,63,44,12,132,0,0,0,132
02/07/2008,ILM,NC,ASO,EN,Combined TRACON& Tower with Radar,14,57,57,2,130,0,22,51,5,78,14,79,108,7,208,20,2,22,230
02/08/2008,ILM,NC,ASO,EN,Combined TRACON& Tower with Radar,15,58,62,10,145,0,3,86,2,91,15,61,148,12,236,30,4,34,270
02/09/2008,ILM,NC,ASO,EN,Combined TRACON& Tower with Radar,17,34,45,1,97,0,8,41,1,50,17,42,86,2,147,30,0,30,177
02/10/2008,ILM,NC,ASO,EN,Combined TRACON& Tower with Radar,14,43,43,0,100,0,2,33,3,38,14,45,76,3,138,0,0,0,138
02/11/2008,ILM,NC,ASO,EN,Combined TRACON& Tower with Radar,17,52,57,13,139,0,5,38,9,52,17,57,95,22,191,4,6,10,201
02/12/2008,ILM,NC,ASO,EN,Combined TRACON& Tower with Radar,11,54,57,18,140,0,9,23,4,36,11,63,80,22,176,18,4,22,198
02/13/2008,ILM,NC,ASO,EN,Combined TRACON& Tower with Radar,12,65,52,3,132,0,0,0,0,0,12,65,52,3,132,0,0,0,132
02/14/2008,ILM,NC,ASO,EN,Combined TRACON& Tower with Radar,13,60,83,5,161,0,3,71,0,74,13,63,154,5,235,34,2,36,271
02/15/2008,ILM,NC,ASO,EN,Combined TRACON& Tower with Radar,20,75,114,0,209,0,11,81,6,98,20,86,195,6,307,68,4,72,379
02/16/2008,ILM,NC,ASO,EN,Combined TRACON& Tower with Radar,15,47,66,2,130,0,10,59,9,78,15,57,125,11,208,28,0,28,236
02/17/2008,ILM,NC,ASO,EN,Combined TRACON& Tower with Radar,18,27,62,0,107,0,1,42,0,43,18,28,104,0,150,34,0,34,184
02/18/2008,ILM,NC,ASO,EN,Combined TRACON& Tower with Radar,20,57,74,13,164,0,1,5,4,10,20,58,79,17,174,0,20,20,194
02/19/2008,ILM,NC,ASO,EN,Combined TRACON& Tower with Radar,12,68,85,10,175,0,3,38,4,45,12,71,123,14,220,34,14,48,268
02/20/2008,ILM,NC,ASO,EN,Combined TRACON& Tower with Radar,14,59,52,19,144,0,7,52,7,66,14,66,104,26,210,10,0,10,220
02/21/2008,ILM,NC,ASO,EN,Combined TRACON& Tower with Radar,13,53,87,6,159,0,2,26,3,31,13,55,113,9,190,38,8,46,236
02/22/2008,ILM,NC,ASO,EN,Combined TRACON& Tower with Radar,14,44,36,4,98,0,0,0,0,0,14,44,36,4,98,0,0,0,98
02/23/2008,ILM,NC,ASO,EN,Combined TRACON& Tower with Radar,15,41,64,5,125,0,5,44,1,50,15,46,108,6,175,50,4,54,229
02/24/2008,ILM,NC,ASO,EN,Combined TRACON& Tower with Radar,11,46,84,3,144,0,1,41,3,45,11,47,125,6,189,20,0,20,209
02/25/2008,ILM,NC,ASO,EN,Combined TRACON& Tower with Radar,16,43,65,22,146,0,5,53,3,61,16,48,118,25,207,16,10,26,233
02/26/2008,ILM,NC,ASO,EN,Combined TRACON& Tower with Radar,13,55,48,1,117,0,10,24,5,39,13,65,72,6,156,60,2,62,218
02/27/2008,ILM,NC,ASO,EN,Combined TRACON& Tower with Radar,17,42,58,14,131,0,3,41,4,48,17,45,99,18,179,2,2,4,183
02/28/2008,ILM,NC,ASO,EN,Combined TRACON& Tower with Radar,11,62,61,11,145,0,4,80,8,92,11,66,141,19,237,60,18,78,315
02/29/2008,ILM,NC,ASO,EN,Combined TRACON& Tower with Radar,8,54,63,2,127,0,5,73,1,79,8,59,136,3,206,30,0,30,236
03/01/2008,ILM,NC,ASO,EN,Combined TRACON& Tower with Radar,13,39,67,1,120,0,6,52,2,60,13,45,119,3,180,6,12,18,198
03/02/2008,ILM,NC,ASO,EN,Combined TRACON& Tower with Radar,16,43,80,0,139,0,11,81,1,93,16,54,161,1,232,46,0,46,278
03/03/2008,ILM,NC,ASO,EN,Combined TRACON& Tower with Radar,15,47,57,4,123,0,12,42,1,55,15,59,99,5,178,14,8,22,200
03/04/2008,ILM,NC,ASO,EN,Combined TRACON& Tower with Radar,17,44,34,0,95,0,2,8,1,11,17,46,42,1,106,0,0,0,106
03/05/2008,ILM,NC,ASO,EN,Combined TRACON& Tower with Radar,15,58,70,3,146,0,6,66,0,72,15,64,136,3,218,4,0,4,222
03/06/2008,ILM,NC,ASO,EN,Combined TRACON& Tower with Radar,16,62,66,13,157,0,9,98,5,112,16,71,164,18,269,70,34,104,373
03/07/2008,ILM,NC,ASO,EN,Combined TRACON& Tower with Radar,11,54,56,1,122,0,0,0,0,0,11,54,56,1,122,0,0,0,122
03/08/2008,ILM,NC,ASO,EN,Combined TRACON& Tower with Radar,22,36,18,2,78,0,1,4,0,5,22,37,22,2,83,0,0,0,83
03/09/2008,ILM,NC,ASO,EN,Combined TRACON& Tower with Radar,15,49,89,0,153,0,0,70,1,71,15,49,159,1,224,28,0,28,252
03/10/2008,ILM,NC,ASO,EN,Combined TRACON& Tower with Radar,13,53,82,1,149,0,2,52,1,55,13,55,134,2,204,30,2,32,236
03/11/2008,ILM,NC,ASO,EN,Combined TRACON& Tower with Radar,15,58,54,20,147,0,11,62,7,80,15,69,116,27,227,16,26,42,269
03/12/2008,ILM,NC,ASO,EN,Combined TRACON& Tower with Radar,14,62,50,14,140,0,5,51,3,59,14,67,101,17,199,44,30,74,273
03/13/2008,ILM,NC,ASO,EN,Combined TRACON& Tower with Radar,14,54,53,6,127,0,4,55,1,60,14,58,108,7,187,18,0,18,205
03/14/2008,ILM,NC,ASO,EN,Combined TRACON& Tower with Radar,11,68,86,13,178,0,1,47,4,52,11,69,133,17,230,12,22,34,264
03/15/2008,ILM,NC,ASO,EN,Combined TRACON& Tower with Radar,17,50,55,6,128,0,8,31,2,41,17,58,86,8,169,28,6,34,203
03/16/2008,ILM,NC,ASO,EN,Combined TRACON& Tower with Radar,18,37,82,3,140,0,2,42,2,46,18,39,124,5,186,6,4,10,196
03/17/2008,ILM,NC,ASO,EN,Combined TRACON& Tower with Radar,15,47,43,9,114,0,2,45,0,47,15,49,88,9,161,22,2,24,185
03/18/2008,ILM,NC,ASO,EN,Combined TRACON& Tower with Radar,12,50,66,3,131,0,3,24,2,29,12,53,90,5,160,0,0,0,160
03/19/2008,ILM,NC,ASO,EN,Combined TRACON& Tower with Radar,14,55,56,5,130,0,10,3,2,15,14,65,59,7,145,16,4,20,165
03/20/2008,ILM,NC,ASO,EN,Combined TRACON& Tower with Radar,16,78,83,10,187,0,14,25,2,41,16,92,108,12,228,2,2,4,232
03/21/2008,ILM,NC,ASO,EN,Combined TRACON& Tower with Radar,16,60,105,0,181,0,11,86,0,97,16,71,191,0,278,122,10,132,410
03/22/2008,ILM,NC,ASO,EN,Combined TRACON& Tower with Radar,16,47,85,0,148,0,4,46,0,50,16,51,131,0,198,14,0,14,212
03/23/2008,ILM,NC,ASO,EN,Combined TRACON& Tower with Radar,17,59,75,0,151,0,6,49,0,55,17,65,124,0,206,4,0,4,210
03/24/2008,ILM,NC,ASO,EN,Combined TRACON& Tower with Radar,17,56,89,0,162,0,4,29,1,34,17,60,118,1,196,44,0,44,240
03/25/2008,ILM,NC,ASO,EN,Combined TRACON& Tower with Radar,20,50,71,3,144,0,4,53,9,66,20,54,124,12,210,14,4,18,228
03/26/2008,ILM,NC,ASO,EN,Combined TRACON& Tower with Radar,16,52,72,8,148,0,9,48,3,60,16,61,120,11,208,24,4,28,236
03/27/2008,ILM,NC,ASO,EN,Combined TRACON& Tower with Radar,13,49,79,9,150,0,11,52,2,65,13,60,131,11,215,26,4,30,245
03/28/2008,ILM,NC,ASO,EN,Combined TRACON& Tower with Radar,16,65,75,7,163,0,2,55,7,64,16,67,130,14,227,6,2,8,235
03/29/2008,ILM,NC,ASO,EN,Combined TRACON& Tower with Radar,16,53,83,0,152,0,2,21,2,25,16,55,104,2,177,16,4,20,197
03/30/2008,ILM,NC,ASO,EN,Combined TRACON& Tower with Radar,17,42,98,0,157,0,0,0,0,0,17,42,98,0,157,0,0,0,157
03/31/2008,ILM,NC,ASO,EN,Combined TRACON& Tower with Radar,12,60,64,4,140,0,1,2,0,3,12,61,66,4,143,4,2,6,149
04/01/2008,ILM,NC,ASO,EN,Combined TRACON& Tower with Radar,15,57,44,3,119,0,4,12,4,20,15,61,56,7,139,0,0,0,139
04/02/2008,ILM,NC,ASO,EN,Combined TRACON& Tower with Radar,16,51,72,6,145,0,7,36,1,44,16,58,108,7,189,16,0,16,205
04/03/2008,ILM,NC,ASO,EN,Combined TRACON& Tower with Radar,15,61,49,17,142,0,1,5,0,6,15,62,54,17,148,16,10,26,174
04/04/2008,ILM,NC,ASO,EN,Combined TRACON& Tower with Radar,20,41,66,21,148,0,5,18,0,23,20,46,84,21,171,0,12,12,183
04/05/2008,ILM,NC,ASO,EN,Combined TRACON& Tower with Radar,16,38,25,2,81,0,0,4,0,4,16,38,29,2,85,2,0,2,87
04/06/2008,ILM,NC,ASO,EN,Combined TRACON& Tower with Radar,16,46,67,4,133,0,0,42,3,45,16,46,109,7,178,24,0,24,202
04/07/2008,ILM,NC,ASO,EN,Combined TRACON& Tower with Radar,24,53,68,8,153,0,1,15,0,16,24,54,83,8,169,8,8,16,185
04/08/2008,ILM,NC,ASO,EN,Combined TRACON& Tower with Radar,16,61,59,35,171,0,8,13,3,24,16,69,72,38,195,0,36,36,231
04/09/2008,ILM,NC,ASO,EN,Combined TRACON& Tower with Radar,16,68,61,23,168,0,9,22,0,31,16,77,83,23,199,0,6,6,205
04/10/2008,ILM,NC,ASO,EN,Combined TRACON& Tower with Radar,16,61,89,10,176,0,5,53,2,60,16,66,142,12,236,28,6,34,270
04/11/2008,ILM,NC,ASO,EN,Combined TRACON& Tower with Radar,20,60,91,0,171,0,15,55,2,72,20,75,146,2,243,20,0,20,263
04/12/2008,ILM,NC,ASO,EN,Combined TRACON& Tower with Radar,13,34,40,5,92,0,0,23,13,36,13,34,63,18,128,2,0,2,130
04/13/2008,ILM,NC,ASO,EN,Combined TRACON& Tower with Radar,18,37,80,0,135,0,6,70,5,81,18,43,150,5,216,40,0,40,256
04/14/2008,ILM,NC,ASO,EN,Combined TRACON& Tower with Radar,16,59,62,2,139,0,8,50,2,60,16,67,112,4,199,38,0,38,237
04/15/2008,ILM,NC,ASO,EN,Combined TRACON& Tower with Radar,20,52,63,6,141,0,0,39,5,44,20,52,102,11,185,8,2,10,195
04/16/2008,ILM,NC,ASO,EN,Combined TRACON& Tower with Radar,15,59,59,14,147,0,8,56,8,72,15,67,115,22,219,14,30,44,263
04/17/2008,ILM,NC,ASO,EN,Combined TRACON& Tower with Radar,18,55,58,7,138,0,8,85,3,96,18,63,143,10,234,10,0,10,244
04/18/2008,ILM,NC,ASO,EN,Combined TRACON& Tower with Radar,21,51,78,7,157,0,9,75,2,86,21,60,153,9,243,0,0,0,243
04/19/2008,ILM,NC,ASO,EN,Combined TRACON& Tower with Radar,16,28,46,0,90,0,2,47,1,50,16,30,93,1,140,24,0,24,164
04/20/2008,ILM,NC,ASO,EN,Combined TRACON& Tower with Radar,19,36,36,4,95,0,0,23,0,23,19,36,59,4,118,0,0,0,118
04/21/2008,ILM,NC,ASO,EN,Combined TRACON& Tower with Radar,22,57,56,4,139,0,0,17,4,21,22,57,73,8,160,6,6,12,172
04/22/2008,ILM,NC,ASO,EN,Combined TRACON& Tower with Radar,22,74,46,4,146,0,8,24,0,32,22,82,70,4,178,0,0,0,178
04/23/2008,ILM,NC,ASO,EN,Combined TRACON& Tower with Radar,17,74,96,2,189,0,4,18,0,22,17,78,114,2,211,22,0,22,233
04/24/2008,ILM,NC,ASO,EN,Combined TRACON& Tower with Radar,18,59,69,6,152,0,6,57,0,63,18,65,126,6,215,4,6,10,225
04/25/2008,ILM,NC,ASO,EN,Combined TRACON& Tower with Radar,23,54,92,22,191,0,12,67,2,81,23,66,159,24,272,20,16,36,308
04/26/2008,ILM,NC,ASO,EN,Combined TRACON& Tower with Radar,19,43,43,0,105,0,7,52,5,64,19,50,95,5,169,38,4,42,211
04/27/2008,ILM,NC,ASO,EN,Combined TRACON& Tower with Radar,20,47,71,4,142,0,4,36,8,48,20,51,107,12,190,32,3,35,225
04/28/2008,ILM,NC,ASO,EN,Combined TRACON& Tower with Radar,18,48,43,4,113,0,1,11,0,12,18,49,54,4,125,0,0,0,125
04/29/2008,ILM,NC,ASO,EN,Combined TRACON& Tower with Radar,17,60,57,21,155,0,1,50,6,57,17,61,107,27,212,56,30,86,298
04/30/2008,ILM,NC,ASO,EN,Combined TRACON& Tower with Radar,11,60,81,5,157,9,1,81,0,91,20,61,162,5,248,34,2,36,284
05/01/2008,ILM,NC,ASO,EN,Combined TRACON& Tower with Radar,15,67,75,2,159,0,2,64,1,67,15,69,139,3,226,36,0,36,262
05/02/2008,ILM,NC,ASO,EN,Combined TRACON& Tower with Radar,22,47,74,9,152,0,7,89,0,96,22,54,163,9,248,18,0,18,266
05/03/2008,ILM,NC,ASO,EN,Combined TRACON& Tower with Radar,17,24,57,5,103,0,3,32,2,37,17,27,89,7,140,2,2,4,144
05/04/2008,ILM,NC,ASO,EN,Combined TRACON& Tower with Radar,17,40,65,4,126,0,4,77,1,82,17,44,142,5,208,58,0,58,266
05/05/2008,ILM,NC,ASO,EN,Combined TRACON& Tower with Radar,20,59,40,0,119,0,2,5,0,7,20,61,45,0,126,20,4,24,150
05/06/2008,ILM,NC,ASO,EN,Combined TRACON& Tower with Radar,24,45,76,8,153,0,7,50,5,62,24,52,126,13,215,44,20,64,279
05/07/2008,ILM,NC,ASO,EN,Combined TRACON& Tower with Radar,16,53,76,25,170,0,18,49,4,71,16,71,125,29,241,0,14,14,255
05/08/2008,ILM,NC,ASO,EN,Combined TRACON& Tower with Radar,15,57,81,13,166,0,1,26,3,30,15,58,107,16,196,34,0,34,230
05/09/2008,ILM,NC,ASO,EN,Combined TRACON& Tower with Radar,23,48,60,0,131,0,2,27,0,29,23,50,87,0,160,4,0,4,164
05/10/2008,ILM,NC,ASO,EN,Combined TRACON& Tower with Radar,26,32,37,1,96,0,8,65,2,75,26,40,102,3,171,56,0,56,227
05/11/2008,ILM,NC,ASO,EN,Combined TRACON& Tower with Radar,15,40,54,1,110,0,0,5,0,5,15,40,59,1,115,0,0,0,115
05/12/2008,ILM,NC,ASO,EN,Combined TRACON& Tower with Radar,20,50,56,9,135,0,4,12,1,17,20,54,68,10,152,2,0,2,154
05/13/2008,ILM,NC,ASO,EN,Combined TRACON& Tower with Radar,17,57,46,4,124,0,5,51,5,61,17,62,97,9,185,0,10,10,195
05/14/2008,ILM,NC,ASO,EN,Combined TRACON& Tower with Radar,15,70,65,14,164,0,10,62,0,72,15,80,127,14,236,24,34,58,294
05/15/2008,ILM,NC,ASO,EN,Combined TRACON& Tower with Radar,20,59,67,3,149,0,11,32,4,47,20,70,99,7,196,2,4,6,202
05/16/2008,ILM,NC,ASO,EN,Combined TRACON& Tower with Radar,16,67,35,0,118,0,6,12,1,19,16,73,47,1,137,0,0,0,137
05/17/2008,ILM,NC,ASO,EN,Combined TRACON& Tower with Radar,18,41,44,1,104,0,18,60,3,81,18,59,104,4,185,17,0,17,202
05/18/2008,ILM,NC,ASO,EN,Combined TRACON& Tower with Radar,14,47,45,7,113,0,4,43,0,47,14,51,88,7,160,36,0,36,196
05/19/2008,ILM,NC,ASO,EN,Combined TRACON& Tower with Radar,25,53,52,5,135,0,3,51,16,70,25,56,103,21,205,8,4,12,217
05/20/2008,ILM,NC,ASO,EN,Combined TRACON& Tower with Radar,16,43,31,5,95,0,4,19,9,32,16,47,50,14,127,2,12,14,141
05/21/2008,ILM,NC,ASO,EN,Combined TRACON& Tower with Radar,15,58,66,11,150,0,11,35,1,47,15,69,101,12,197,8,0,8,205
05/22/2008,ILM,NC,ASO,EN,Combined TRACON& Tower with Radar,20,56,79,17,172,0,14,56,2,72,20,70,135,19,244,54,36,90,334
05/23/2008,ILM,NC,ASO,EN,Combined TRACON& Tower with Radar,21,61,101,7,190,0,12,61,7,80,21,73,162,14,270,16,12,28,298
05/24/2008,ILM,NC,ASO,EN,Combined TRACON& Tower with Radar,17,28,49,0,94,0,3,23,0,26,17,31,72,0,120,0,0,0,120
05/25/2008,ILM,NC,ASO,EN,Combined TRACON& Tower with Radar,15,41,27,1,84,0,3,80,0,83,15,44,107,1,167,8,0,8,175
05/26/2008,ILM,NC,ASO,EN,Combined TRACON& Tower with Radar,22,46,67,0,135,0,6,55,0,61,22,52,122,0,196,30,0,30,226
05/27/2008,ILM,NC,ASO,EN,Combined TRACON& Tower with Radar,17,61,53,5,136,0,3,45,1,49,17,64,98,6,185,58,0,58,243
05/28/2008,ILM,NC,ASO,EN,Combined TRACON& Tower with Radar,16,56,75,12,159,0,3,24,0,27,16,59,99,12,186,2,0,2,188
05/29/2008,ILM,NC,ASO,EN,Combined TRACON& Tower with Radar,29,59,80,14,182,0,10,52,4,66,29,69,132,18,248,74,0,74,322
05/30/2008,ILM,NC,ASO,EN,Combined TRACON& Tower with Radar,24,52,50,3,129,0,8,48,10,66,24,60,98,13,195,34,18,52,247
05/31/2008,ILM,NC,ASO,EN,Combined TRACON& Tower with Radar,17,31,38,1,87,0,3,42,1,46,17,34,80,2,133,16,0,16,149
06/01/2008,ILM,NC,ASO,EN,Combined TRACON& Tower with Radar,15,49,36,3,103,0,7,48,0,55,15,56,84,3,158,34,0,34,192
06/02/2008,ILM,NC,ASO,EN,Combined TRACON& Tower with Radar,23,54,39,8,124,0,5,50,5,60,23,59,89,13,184,22,20,42,226
06/03/2008,ILM,NC,ASO,EN,Combined TRACON& Tower with Radar,15,54,49,8,126,0,4,42,6,52,15,58,91,14,178,30,2,32,210
06/04/2008,ILM,NC,ASO,EN,Combined TRACON& Tower with Radar,13,48,59,23,143,0,12,25,11,48,13,60,84,34,191,0,8,8,199
06/05/2008,ILM,NC,ASO,EN,Combined TRACON& Tower with Radar,17,51,55,11,134,0,6,54,4,64,17,57,109,15,198,58,6,64,262
06/06/2008,ILM,NC,ASO,EN,Combined TRACON& Tower with Radar,23,55,77,2,157,0,13,42,4,59,23,68,119,6,216,18,6,24,240
06/07/2008,ILM,NC,ASO,EN,Combined TRACON& Tower with Radar,20,31,36,0,87,0,7,25,5,37,20,38,61,5,124,12,0,12,136
06/08/2008,ILM,NC,ASO,EN,Combined TRACON& Tower with Radar,15,47,55,0,117,0,8,50,4,62,15,55,105,4,179,22,0,22,201
06/09/2008,ILM,NC,ASO,EN,Combined TRACON& Tower with Radar,20,41,45,7,113,0,5,41,1,47,20,46,86,8,160,52,0,52,212
06/10/2008,ILM,NC,ASO,EN,Combined TRACON& Tower with Radar,11,56,58,6,131,0,3,45,0,48,11,59,103,6,179,12,0,12,191
06/11/2008,ILM,NC,ASO,EN,Combined TRACON& Tower with Radar,15,52,60,23,150,0,13,33,0,46,15,65,93,23,196,18,0,18,214
06/12/2008,ILM,NC,ASO,EN,Combined TRACON& Tower with Radar,11,52,69,22,154,0,14,37,1,52,11,66,106,23,206,26,4,30,236
06/13/2008,ILM,NC,ASO,EN,Combined TRACON& Tower with Radar,24,48,76,2,150,0,13,43,1,57,24,61,119,3,207,8,2,10,217
06/14/2008,ILM,NC,ASO,EN,Combined TRACON& Tower with Radar,23,39,39,8,109,0,0,0,0,0,23,39,39,8,109,34,14,48,157
06/15/2008,ILM,NC,ASO,EN,Combined TRACON& Tower with Radar,13,39,49,2,103,0,2,13,4,19,13,41,62,6,122,38,0,38,160
06/16/2008,ILM,NC,ASO,EN,Combined TRACON& Tower with Radar,21,44,51,3,119,0,6,32,1,39,21,50,83,4,158,16,0,16,174
06/17/2008,ILM,NC,ASO,EN,Combined TRACON& Tower with Radar,19,55,45,2,121,0,8,31,1,40,19,63,76,3,161,5,3,8,169
06/18/2008,ILM,NC,ASO,EN,Combined TRACON& Tower with Radar,14,50,68,11,143,0,19,45,5,69,14,69,113,16,212,14,8,22,234
06/19/2008,ILM,NC,ASO,EN,Combined TRACON& Tower with Radar,20,52,77,10,159,0,20,55,4,79,20,72,132,14,238,26,6,32,270
06/20/2008,ILM,NC,ASO,EN,Combined TRACON& Tower with Radar,21,45,59,17,142,0,4,15,1,20,21,49,74,18,162,4,0,4,166
06/21/2008,ILM,NC,ASO,EN,Combined TRACON& Tower with Radar,21,30,15,3,69,0,1,17,1,19,21,31,32,4,88,30,0,30,118
06/22/2008,ILM,NC,ASO,EN,Combined TRACON& Tower with Radar,18,31,46,5,100,0,0,0,0,0,18,31,46,5,100,18,0,18,118
06/23/2008,ILM,NC,ASO,EN,Combined TRACON& Tower with Radar,23,44,41,3,111,0,2,15,2,19,23,46,56,5,130,4,0,4,134
06/24/2008,ILM,NC,ASO,EN,Combined TRACON& Tower with Radar,17,64,43,7,131,0,0,0,0,0,17,64,43,7,131,8,2,10,141
06/25/2008,ILM,NC,ASO,EN,Combined TRACON& Tower with Radar,18,50,69,8,145,0,8,60,5,73,18,58,129,13,218,56,18,74,292
06/26/2008,ILM,NC,ASO,EN,Combined TRACON& Tower with Radar,21,51,63,7,142,0,18,45,6,69,21,69,108,13,211,36,8,44,255
06/27/2008,ILM,NC,ASO,EN,Combined TRACON& Tower with Radar,17,55,69,21,162,0,6,41,1,48,17,61,110,22,210,0,30,30,240
06/28/2008,ILM,NC,ASO,EN,Combined TRACON& Tower with Radar,17,36,47,14,114,0,2,56,9,67,17,38,103,23,181,22,0,22,203
06/29/2008,ILM,NC,ASO,EN,Combined TRACON& Tower with Radar,20,44,47,3,114,0,0,48,6,54,20,44,95,9,168,32,0,32,200
06/30/2008,ILM,NC,ASO,EN,Combined TRACON& Tower with Radar,20,46,40,7,113,0,3,31,1,35,20,49,71,8,148,34,0,34,182
07/01/2008,ILM,NC,ASO,EN,Combined TRACON& Tower with Radar,19,47,105,1,172,0,0,0,0,0,19,47,105,1,172,26,0,26,198
07/02/2008,ILM,NC,ASO,EN,Combined TRACON& Tower with Radar,21,44,113,10,188,0,0,0,0,0,21,44,113,10,188,6,0,6,194
07/03/2008,ILM,NC,ASO,EN,Combined TRACON& Tower with Radar,16,56,119,3,194,0,0,0,0,0,16,56,119,3,194,34,0,34,228
07/04/2008,ILM,NC,ASO,EN,Combined TRACON& Tower with Radar,17,29,13,0,59,0,3,23,0,26,17,32,36,0,85,0,0,0,85
07/05/2008,ILM,NC,ASO,EN,Combined TRACON& Tower with Radar,15,34,17,0,66,0,2,14,0,16,15,36,31,0,82,10,0,10,92
07/06/2008,ILM,NC,ASO,EN,Combined TRACON& Tower with Radar,15,48,55,0,118,0,3,32,1,36,15,51,87,1,154,46,0,46,200
07/07/2008,ILM,NC,ASO,EN,Combined TRACON& Tower with Radar,21,39,75,0,135,0,2,14,1,17,21,41,89,1,152,20,0,20,172
07/08/2008,ILM,NC,ASO,EN,Combined TRACON& Tower with Radar,22,45,74,8,149,0,4,32,8,44,22,49,106,16,193,52,4,56,249
07/09/2008,ILM,NC,ASO,EN,Combined TRACON& Tower with Radar,18,48,110,2,178,0,0,0,0,0,18,48,110,2,178,12,0,12,190
07/10/2008,ILM,NC,ASO,EN,Combined TRACON& Tower with Radar,19,44,94,0,157,0,0,0,0,0,19,44,94,0,157,20,0,20,177
07/11/2008,ILM,NC,ASO,EN,Combined TRACON& Tower with Radar,22,46,59,0,127,0,0,10,0,10,22,46,69,0,137,28,0,28,165
07/12/2008,ILM,NC,ASO,EN,Combined TRACON& Tower with Radar,19,44,95,11,169,0,0,0,0,0,19,44,95,11,169,10,0,10,179
07/13/2008,ILM,NC,ASO,EN,Combined TRACON& Tower with Radar,19,42,118,4,183,0,4,60,0,64,19,46,178,4,247,18,0,18,265
07/14/2008,ILM,NC,ASO,EN,Combined TRACON& Tower with Radar,23,36,32,6,97,0,7,24,1,32,23,43,56,7,129,8,4,12,141
07/15/2008,ILM,NC,ASO,EN,Combined TRACON& Tower with Radar,17,35,57,2,111,0,1,13,0,14,17,36,70,2,125,42,0,42,167
07/16/2008,ILM,NC,ASO,EN,Combined TRACON& Tower with Radar,18,30,42,14,104,0,6,53,3,62,18,36,95,17,166,30,10,40,206
07/17/2008,ILM,NC,ASO,EN,Combined TRACON& Tower with Radar,18,48,40,8,114,0,5,60,3,68,18,53,100,11,182,30,20,50,232
07/18/2008,ILM,NC,ASO,EN,Combined TRACON& Tower with Radar,24,52,65,2,143,0,10,15,2,27,24,62,80,4,170,18,2,20,190
07/19/2008,ILM,NC,ASO,EN,Combined TRACON& Tower with Radar,21,35,22,0,78,0,2,7,0,9,21,37,29,0,87,11,0,11,98
07/20/2008,ILM,NC,ASO,EN,Combined TRACON& Tower with Radar,18,39,46,0,103,0,6,24,0,30,18,45,70,0,133,26,0,26,159
07/21/2008,ILM,NC,ASO,EN,Combined TRACON& Tower with Radar,25,39,49,2,115,0,7,25,3,35,25,46,74,5,150,0,2,2,152
07/22/2008,ILM,NC,ASO,EN,Combined TRACON& Tower with Radar,18,42,41,5,106,0,1,38,3,42,18,43,79,8,148,40,22,62,210
07/23/2008,ILM,NC,ASO,EN,Combined TRACON& Tower with Radar,17,44,39,6,106,0,0,0,0,0,17,44,39,6,106,0,6,6,112
07/24/2008,ILM,NC,ASO,EN,Combined TRACON& Tower with Radar,16,52,83,5,156,0,10,27,4,41,16,62,110,9,197,56,6,62,259
07/25/2008,ILM,NC,ASO,EN,Combined TRACON& Tower with Radar,21,43,59,1,124,0,13,36,0,49,21,56,95,1,173,34,0,34,207
07/26/2008,ILM,NC,ASO,EN,Combined TRACON& Tower with Radar,17,30,30,2,79,0,0,41,2,43,17,30,71,4,122,2,0,2,124
07/27/2008,ILM,NC,ASO,EN,Combined TRACON& Tower with Radar,17,37,50,0,104,0,14,19,5,38,17,51,69,5,142,24,0,24,166
07/28/2008,ILM,NC,ASO,EN,Combined TRACON& Tower with Radar,21,38,48,0,107,0,8,21,0,29,21,46,69,0,136,4,0,4,140
07/29/2008,ILM,NC,ASO,EN,Combined TRACON& Tower with Radar,18,43,48,6,115,0,6,20,0,26,18,49,68,6,141,8,0,8,149
07/30/2008,ILM,NC,ASO,EN,Combined TRACON& Tower with Radar,16,40,60,3,119,0,6,29,6,41,16,46,89,9,160,28,0,28,188
07/31/2008,ILM,NC,ASO,EN,Combined TRACON& Tower with Radar,12,26,25,14,77,0,4,26,1,31,12,30,51,15,108,12,8,20,128
08/01/2008,ILM,NC,ASO,EN,Combined TRACON& Tower with Radar,21,41,58,3,123,0,3,33,3,39,21,44,91,6,162,12,8,20,182
08/02/2008,ILM,NC,ASO,EN,Combined TRACON& Tower with Radar,20,30,30,0,80,0,4,53,0,57,20,34,83,0,137,14,0,14,151
08/03/2008,ILM,NC,ASO,EN,Combined TRACON& Tower with Radar,22,39,51,0,112,0,9,53,3,65,22,48,104,3,177,30,0,30,207
08/04/2008,ILM,NC,ASO,EN,Combined TRACON& Tower with Radar,20,35,47,3,105,0,7,19,0,26,20,42,66,3,131,14,0,14,145
08/05/2008,ILM,NC,ASO,EN,Combined TRACON& Tower with Radar,19,34,54,9,116,0,12,30,0,42,19,46,84,9,158,4,0,4,162
08/06/2008,ILM,NC,ASO,EN,Combined TRACON& Tower with Radar,18,50,51,13,132,0,14,35,3,52,18,64,86,16,184,2,8,10,194
08/07/2008,ILM,NC,ASO,EN,Combined TRACON& Tower with Radar,16,49,59,7,131,0,8,48,6,62,16,57,107,13,193,10,0,10,203
08/08/2008,ILM,NC,ASO,EN,Combined TRACON& Tower with Radar,20,41,58,1,120,0,19,35,2,56,20,60,93,3,176,6,0,6,182
08/09/2008,ILM,NC,ASO,EN,Combined TRACON& Tower with Radar,19,41,41,0,101,0,1,59,3,63,19,42,100,3,164,6,1,7,171
08/10/2008,ILM,NC,ASO,EN,Combined TRACON& Tower with Radar,20,23,52,0,95,0,8,27,0,35,20,31,79,0,130,26,0,26,156
08/11/2008,ILM,NC,ASO,EN,Combined TRACON& Tower with Radar,20,39,44,4,107,0,10,40,2,52,20,49,84,6,159,24,4,28,187
08/12/2008,ILM,NC,ASO,EN,Combined TRACON& Tower with Radar,19,46,62,16,143,0,8,35,4,47,19,54,97,20,190,18,0,18,208
08/13/2008,ILM,NC,ASO,EN,Combined TRACON& Tower with Radar,24,36,31,4,95,0,0,1,0,1,24,36,32,4,96,0,0,0,96
08/14/2008,ILM,NC,ASO,EN,Combined TRACON& Tower with Radar,16,44,82,5,147,0,5,47,0,52,16,49,129,5,199,16,0,16,215
08/15/2008,ILM,NC,ASO,EN,Combined TRACON& Tower with Radar,24,40,67,14,145,0,8,15,8,31,24,48,82,22,176,54,26,80,256
08/16/2008,ILM,NC,ASO,EN,Combined TRACON& Tower with Radar,18,33,33,16,100,0,2,45,4,51,18,35,78,20,151,18,12,30,181
08/17/2008,ILM,NC,ASO,EN,Combined TRACON& Tower with Radar,25,35,52,1,113,0,1,19,0,20,25,36,71,1,133,18,0,18,151
08/18/2008,ILM,NC,ASO,EN,Combined TRACON& Tower with Radar,23,37,41,0,101,0,3,22,2,27,23,40,63,2,128,0,0,0,128
08/19/2008,ILM,NC,ASO,EN,Combined TRACON& Tower with Radar,17,39,53,14,123,0,13,39,6,58,17,52,92,20,181,30,16,46,227
08/20/2008,ILM,NC,ASO,EN,Combined TRACON& Tower with Radar,18,43,56,0,117,0,0,46,6,52,18,43,102,6,169,4,2,6,175
08/21/2008,ILM,NC,ASO,EN,Combined TRACON& Tower with Radar,17,38,41,1,97,0,6,23,5,34,17,44,64,6,131,0,0,0,131
08/22/2008,ILM,NC,ASO,EN,Combined TRACON& Tower with Radar,19,45,50,4,118,0,5,13,10,28,19,50,63,14,146,8,0,8,154
08/23/2008,ILM,NC,ASO,EN,Combined TRACON& Tower with Radar,17,26,40,4,87,0,3,40,12,55,17,29,80,16,142,36,8,44,186
08/24/2008,ILM,NC,ASO,EN,Combined TRACON& Tower with Radar,18,35,56,0,109,0,10,37,8,55,18,45,93,8,164,60,0,60,224
08/25/2008,ILM,NC,ASO,EN,Combined TRACON& Tower with Radar,23,42,21,0,86,0,6,13,0,19,23,48,34,0,105,16,0,16,121
08/26/2008,ILM,NC,ASO,EN,Combined TRACON& Tower with Radar,19,32,31,6,88,0,4,11,0,15,19,36,42,6,103,18,0,18,121
08/27/2008,ILM,NC,ASO,EN,Combined TRACON& Tower with Radar,17,40,41,2,100,0,7,29,0,36,17,47,70,2,136,16,0,16,152
08/28/2008,ILM,NC,ASO,EN,Combined TRACON& Tower with Radar,18,40,54,1,113,0,3,32,1,36,18,43,86,2,149,22,0,22,171
08/29/2008,ILM,NC,ASO,EN,Combined TRACON& Tower with Radar,21,45,80,0,146,0,31,0,0,31,21,76,80,0,177,0,0,0,177
08/30/2008,ILM,NC,ASO,EN,Combined TRACON& Tower with Radar,18,22,38,4,82,0,3,29,0,32,18,25,67,4,114,8,0,8,122
08/31/2008,ILM,NC,ASO,EN,Combined TRACON& Tower with Radar,12,29,26,0,67,0,5,33,0,38,12,34,59,0,105,26,0,26,131
09/01/2008,ILM,NC,ASO,EN,Combined TRACON& Tower with Radar,16,30,61,0,107,0,7,52,0,59,16,37,113,0,166,32,0,32,198
09/02/2008,ILM,NC,ASO,EN,Combined TRACON& Tower with Radar,17,38,47,2,104,0,0,0,0,0,17,38,47,2,104,88,0,88,192
09/03/2008,ILM,NC,ASO,EN,Combined TRACON& Tower with Radar,15,34,54,3,106,0,8,66,0,74,15,42,120,3,180,6,0,6,186
09/04/2008,ILM,NC,ASO,EN,Combined TRACON& Tower with Radar,18,38,43,0,99,0,11,69,0,80,18,49,112,0,179,12,0,12,191
09/05/2008,ILM,NC,ASO,EN,Combined TRACON& Tower with Radar,13,23,22,0,58,0,0,2,0,2,13,23,24,0,60,0,0,0,60
09/06/2008,ILM,NC,ASO,EN,Combined TRACON& Tower with Radar,9,8,7,0,24,0,0,8,0,8,9,8,15,0,32,0,0,0,32
09/07/2008,ILM,NC,ASO,EN,Combined TRACON& Tower with Radar,19,29,35,0,83,0,6,35,0,41,19,35,70,0,124,42,0,42,166
09/08/2008,ILM,NC,ASO,EN,Combined TRACON& Tower with Radar,17,42,38,2,99,0,5,27,0,32,17,47,65,2,131,0,0,0,131
09/09/2008,ILM,NC,ASO,EN,Combined TRACON& Tower with Radar,18,36,50,21,125,0,4,12,3,19,18,40,62,24,144,18,38,56,200
09/10/2008,ILM,NC,ASO,EN,Combined TRACON& Tower with Radar,17,36,41,0,94,0,5,8,0,13,17,41,49,0,107,6,0,6,113
09/11/2008,ILM,NC,ASO,EN,Combined TRACON& Tower with Radar,15,40,38,0,93,0,0,11,1,12,15,40,49,1,105,12,0,12,117
09/12/2008,ILM,NC,ASO,EN,Combined TRACON& Tower with Radar,19,37,52,9,117,0,0,0,0,0,19,37,52,9,117,36,0,36,153
09/13/2008,ILM,NC,ASO,EN,Combined TRACON& Tower with Radar,15,22,26,2,65,0,3,50,1,54,15,25,76,3,119,80,1,81,200
09/14/2008,ILM,NC,ASO,EN,Combined TRACON& Tower with Radar,18,33,43,1,95,0,10,54,1,65,18,43,97,2,160,40,0,40,200
09/15/2008,ILM,NC,ASO,EN,Combined TRACON& Tower with Radar,21,34,28,9,92,0,10,33,10,53,21,44,61,19,145,34,32,66,211
09/16/2008,ILM,NC,ASO,EN,Combined TRACON& Tower with Radar,16,37,31,0,84,0,0,8,0,8,16,37,39,0,92,0,0,0,92
09/17/2008,ILM,NC,ASO,EN,Combined TRACON& Tower with Radar,16,41,49,19,125,0,4,26,1,31,16,45,75,20,156,34,4,38,194
09/18/2008,ILM,NC,ASO,EN,Combined TRACON& Tower with Radar,20,38,43,3,104,0,20,48,3,71,20,58,91,6,175,46,0,46,221
09/19/2008,ILM,NC,ASO,EN,Combined TRACON& Tower with Radar,18,36,68,1,123,0,5,31,1,37,18,41,99,2,160,24,0,24,184
09/20/2008,ILM,NC,ASO,EN,Combined TRACON& Tower with Radar,15,22,29,0,66,0,2,10,0,12,15,24,39,0,78,0,0,0,78
09/21/2008,ILM,NC,ASO,EN,Combined TRACON& Tower with Radar,20,25,49,4,98,0,9,35,0,44,20,34,84,4,142,14,8,22,164
09/22/2008,ILM,NC,ASO,EN,Combined TRACON& Tower with Radar,19,36,26,8,89,0,5,7,5,17,19,41,33,13,106,0,22,22,128
09/23/2008,ILM,NC,ASO,EN,Combined TRACON& Tower with Radar,18,37,37,5,97,0,7,6,4,17,18,44,43,9,114,0,0,0,114
09/24/2008,ILM,NC,ASO,EN,Combined TRACON& Tower with Radar,18,34,28,5,85,0,1,22,5,28,18,35,50,10,113,10,4,14,127
09/25/2008,ILM,NC,ASO,EN,Combined TRACON& Tower with Radar,16,36,12,0,64,0,0,0,0,0,16,36,12,0,64,0,0,0,64
09/26/2008,ILM,NC,ASO,EN,Combined TRACON& Tower with Radar,16,37,53,6,112,0,2,12,3,17,16,39,65,9,129,0,4,4,133
09/27/2008,ILM,NC,ASO,EN,Combined TRACON& Tower with Radar,18,20,30,0,68,0,8,34,1,43,18,28,64,1,111,4,0,4,115
09/28/2008,ILM,NC,ASO,EN,Combined TRACON& Tower with Radar,18,28,44,1,91,0,8,33,0,41,18,36,77,1,132,32,0,32,164
09/29/2008,ILM,NC,ASO,EN,Combined TRACON& Tower with Radar,18,36,40,2,96,0,6,52,3,61,18,42,92,5,157,24,8,32,189
09/30/2008,ILM,NC,ASO,EN,Combined TRACON& Tower with Radar,14,32,67,37,150,0,0,6,22,28,14,32,73,59,178,42,16,58,236
10/01/2008,ILM,NC,ASO,EN,Combined TRACON& Tower with Radar,17,39,52,2,110,0,9,28,3,40,17,48,80,5,150,6,0,6,156
10/02/2008,ILM,NC,ASO,EN,Combined TRACON& Tower with Radar,19,40,43,4,106,0,13,46,2,61,19,53,89,6,167,42,0,42,209
10/03/2008,ILM,NC,ASO,EN,Combined TRACON& Tower with Radar,18,37,67,3,125,0,3,48,2,53,18,40,115,5,178,28,0,28,206
10/04/2008,ILM,NC,ASO,EN,Combined TRACON& Tower with Radar,17,19,35,13,84,0,6,63,9,78,17,25,98,22,162,26,4,30,192
10/05/2008,ILM,NC,ASO,EN,Combined TRACON& Tower with Radar,16,38,41,1,96,0,4,61,2,67,16,42,102,3,163,20,0,20,183
10/06/2008,ILM,NC,ASO,EN,Combined TRACON& Tower with Radar,20,44,30,5,99,0,11,42,0,53,20,55,72,5,152,0,0,0,152
10/07/2008,ILM,NC,ASO,EN,Combined TRACON& Tower with Radar,19,37,50,8,114,0,4,51,0,55,19,41,101,8,169,30,20,50,219
10/08/2008,ILM,NC,ASO,EN,Combined TRACON& Tower with Radar,17,42,43,3,105,0,2,21,2,25,17,44,64,5,130,26,0,26,156
10/09/2008,ILM,NC,ASO,EN,Combined TRACON& Tower with Radar,18,43,52,23,136,0,12,8,5,25,18,55,60,28,161,0,16,16,177
10/10/2008,ILM,NC,ASO,EN,Combined TRACON& Tower with Radar,19,38,58,30,145,0,0,5,1,6,19,38,63,31,151,2,16,18,169
10/11/2008,ILM,NC,ASO,EN,Combined TRACON& Tower with Radar,15,22,11,7,55,0,0,0,0,0,15,22,11,7,55,0,0,0,55
10/12/2008,ILM,NC,ASO,EN,Combined TRACON& Tower with Radar,16,29,38,1,84,0,4,23,0,27,16,33,61,1,111,10,0,10,121
10/13/2008,ILM,NC,ASO,EN,Combined TRACON& Tower with Radar,18,46,71,0,135,0,5,42,4,51,18,51,113,4,186,14,0,14,200
10/14/2008,ILM,NC,ASO,EN,Combined TRACON& Tower with Radar,17,34,40,13,104,0,6,39,5,50,17,40,79,18,154,22,11,33,187
10/15/2008,ILM,NC,ASO,EN,Combined TRACON& Tower with Radar,17,41,53,14,125,0,2,87,9,98,17,43,140,23,223,32,24,56,279
10/16/2008,ILM,NC,ASO,EN,Combined TRACON& Tower with Radar,17,36,50,3,106,0,5,44,5,54,17,41,94,8,160,6,6,12,172
10/17/2008,ILM,NC,ASO,EN,Combined TRACON& Tower with Radar,17,43,51,19,130,0,1,21,9,31,17,44,72,28,161,12,12,24,185
10/18/2008,ILM,NC,ASO,EN,Combined TRACON& Tower with Radar,18,20,29,12,79,0,0,0,1,1,18,20,29,13,80,0,0,0,80
10/19/2008,ILM,NC,ASO,EN,Combined TRACON& Tower with Radar,20,26,43,0,89,0,4,30,1,35,20,30,73,1,124,12,0,12,136
10/20/2008,ILM,NC,ASO,EN,Combined TRACON& Tower with Radar,16,43,26,12,97,0,10,43,0,53,16,53,69,12,150,10,0,10,160
10/21/2008,ILM,NC,ASO,EN,Combined TRACON& Tower with Radar,13,40,30,17,100,0,11,36,2,49,13,51,66,19,149,26,32,58,207
10/22/2008,ILM,NC,ASO,EN,Combined TRACON& Tower with Radar,18,36,44,2,100,0,11,41,0,52,18,47,85,2,152,16,0,16,168
10/23/2008,ILM,NC,ASO,EN,Combined TRACON& Tower with Radar,16,45,43,6,110,0,14,58,1,73,16,59,101,7,183,12,0,12,195
10/24/2008,ILM,NC,ASO,EN,Combined TRACON& Tower with Radar,18,42,47,4,111,0,2,9,1,12,18,44,56,5,123,40,2,42,165
10/25/2008,ILM,NC,ASO,EN,Combined TRACON& Tower with Radar,15,19,34,0,68,0,9,6,0,15,15,28,40,0,83,0,0,0,83
10/26/2008,ILM,NC,ASO,EN,Combined TRACON& Tower with Radar,16,31,47,0,94,0,9,81,1,91,16,40,128,1,185,38,0,38,223
10/27/2008,ILM,NC,ASO,EN,Combined TRACON& Tower with Radar,16,38,56,24,134,0,1,28,7,36,16,39,84,31,170,58,14,72,242
10/28/2008,ILM,NC,ASO,EN,Combined TRACON& Tower with Radar,18,42,20,9,89,0,2,31,3,36,18,44,51,12,125,6,8,14,139
10/29/2008,ILM,NC,ASO,EN,Combined TRACON& Tower with Radar,16,41,49,25,131,0,6,30,5,41,16,47,79,30,172,22,24,46,218
10/30/2008,ILM,NC,ASO,EN,Combined TRACON& Tower with Radar,18,48,45,1,112,0,6,55,5,66,18,54,100,6,178,26,0,26,204
10/31/2008,ILM,NC,ASO,EN,Combined TRACON& Tower with Radar,22,35,50,0,107,0,1,59,1,61,22,36,109,1,168,0,0,0,168
11/01/2008,ILM,NC,ASO,EN,Combined TRACON& Tower with Radar,16,20,36,0,72,0,5,69,0,74,16,25,105,0,146,12,0,12,158
11/02/2008,ILM,NC,ASO,EN,Combined TRACON& Tower with Radar,16,28,37,7,88,0,0,77,5,82,16,28,114,12,170,30,0,30,200
11/03/2008,ILM,NC,ASO,EN,Combined TRACON& Tower with Radar,19,34,29,2,84,0,0,0,0,0,19,34,29,2,84,0,0,0,84
11/04/2008,ILM,NC,ASO,EN,Combined TRACON& Tower with Radar,19,37,41,7,104,0,4,0,0,4,19,41,41,7,108,0,0,0,108
11/05/2008,ILM,NC,ASO,EN,Combined TRACON& Tower with Radar,18,35,49,6,108,0,0,0,0,0,18,35,49,6,108,14,16,30,138
11/06/2008,ILM,NC,ASO,EN,Combined TRACON& Tower with Radar,20,38,62,6,126,0,5,42,1,48,20,43,104,7,174,4,0,4,178
11/07/2008,ILM,NC,ASO,EN,Combined TRACON& Tower with Radar,20,36,62,11,129,0,15,63,2,80,20,51,125,13,209,14,0,14,223
11/08/2008,ILM,NC,ASO,EN,Combined TRACON& Tower with Radar,17,19,28,12,76,0,14,22,0,36,17,33,50,12,112,0,0,0,112
11/09/2008,ILM,NC,ASO,EN,Combined TRACON& Tower with Radar,21,36,43,1,101,0,0,59,3,62,21,36,102,4,163,16,0,16,179
11/10/2008,ILM,NC,ASO,EN,Combined TRACON& Tower with Radar,18,39,33,2,92,0,5,12,0,17,18,44,45,2,109,0,0,0,109
11/11/2008,ILM,NC,ASO,EN,Combined TRACON& Tower with Radar,21,35,34,4,94,0,6,44,1,51,21,41,78,5,145,0,0,0,145
11/12/2008,ILM,NC,ASO,EN,Combined TRACON& Tower with Radar,19,39,55,8,121,0,12,39,3,54,19,51,94,11,175,64,4,68,243
11/13/2008,ILM,NC,ASO,EN,Combined TRACON& Tower with Radar,20,40,35,3,98,0,8,1,1,10,20,48,36,4,108,0,0,0,108
11/14/2008,ILM,NC,ASO,EN,Combined TRACON& Tower with Radar,19,35,21,0,75,0,2,0,0,2,19,37,21,0,77,0,0,0,77
11/15/2008,ILM,NC,ASO,EN,Combined TRACON& Tower with Radar,17,20,9,0,46,0,4,8,1,13,17,24,17,1,59,0,0,0,59
11/16/2008,ILM,NC,ASO,EN,Combined TRACON& Tower with Radar,20,30,44,0,94,0,2,65,4,71,20,32,109,4,165,60,0,60,225
11/17/2008,ILM,NC,ASO,EN,Combined TRACON& Tower with Radar,20,29,19,18,86,0,8,24,7,39,20,37,43,25,125,66,24,90,215
11/18/2008,ILM,NC,ASO,EN,Combined TRACON& Tower with Radar,22,35,22,7,86,0,2,21,0,23,22,37,43,7,109,10,8,18,127
11/19/2008,ILM,NC,ASO,EN,Combined TRACON& Tower with Radar,18,34,69,3,124,0,10,46,1,57,18,44,115,4,181,24,2,26,207
11/20/2008,ILM,NC,ASO,EN,Combined TRACON& Tower with Radar,22,38,46,13,119,0,10,52,2,64,22,48,98,15,183,102,4,106,289
11/21/2008,ILM,NC,ASO,EN,Combined TRACON& Tower with Radar,21,37,51,5,114,0,3,26,4,33,21,40,77,9,147,30,0,30,177
11/22/2008,ILM,NC,ASO,EN,Combined TRACON& Tower with Radar,17,22,44,4,87,0,14,45,2,61,17,36,89,6,148,8,0,8,156
11/23/2008,ILM,NC,ASO,EN,Combined TRACON& Tower with Radar,23,28,57,0,108,0,4,48,5,57,23,32,105,5,165,0,0,0,165
11/24/2008,ILM,NC,ASO,EN,Combined TRACON& Tower with Radar,20,33,38,11,102,0,2,46,14,62,20,35,84,25,164,10,24,34,198
11/25/2008,ILM,NC,ASO,EN,Combined TRACON& Tower with Radar,20,38,46,0,104,0,18,14,2,34,20,56,60,2,138,14,0,14,152
11/26/2008,ILM,NC,ASO,EN,Combined TRACON& Tower with Radar,25,34,70,0,129,0,5,45,0,50,25,39,115,0,179,28,0,28,207
11/27/2008,ILM,NC,ASO,EN,Combined TRACON& Tower with Radar,14,9,12,0,35,0,5,20,0,25,14,14,32,0,60,4,0,4,64
11/28/2008,ILM,NC,ASO,EN,Combined TRACON& Tower with Radar,17,27,34,2,80,0,5,47,0,52,17,32,81,2,132,0,0,0,132
11/29/2008,ILM,NC,ASO,EN,Combined TRACON& Tower with Radar,16,29,33,0,78,0,0,0,0,0,16,29,33,0,78,0,0,0,78
11/30/2008,ILM,NC,ASO,EN,Combined TRACON& Tower with Radar,22,52,65,0,139,0,5,4,0,9,22,57,69,0,148,0,0,0,148
12/01/2008,ILM,NC,ASO,EN,Combined TRACON& Tower with Radar,19,47,50,15,131,0,3,13,2,18,19,50,63,17,149,8,4,12,161
12/02/2008,ILM,NC,ASO,EN,Combined TRACON& Tower with Radar,18,40,40,4,102,0,10,18,0,28,18,50,58,4,130,4,6,10,140
12/03/2008,ILM,NC,ASO,EN,Combined TRACON& Tower with Radar,14,40,48,10,112,0,6,33,8,47,14,46,81,18,159,21,10,31,190
12/04/2008,ILM,NC,ASO,EN,Combined TRACON& Tower with Radar,19,45,44,12,120,0,16,32,0,48,19,61,76,12,168,24,8,32,200
12/05/2008,ILM,NC,ASO,EN,Combined TRACON& Tower with Radar,15,37,53,0,105,0,9,13,0,22,15,46,66,0,127,0,0,0,127
12/06/2008,ILM,NC,ASO,EN,Combined TRACON& Tower with Radar,17,18,51,4,90,0,1,30,0,31,17,19,81,4,121,2,0,2,123
12/07/2008,ILM,NC,ASO,EN,Combined TRACON& Tower with Radar,21,33,30,6,90,0,5,32,0,37,21,38,62,6,127,14,0,14,141
12/08/2008,ILM,NC,ASO,EN,Combined TRACON& Tower with Radar,16,40,63,4,123,0,8,35,3,46,16,48,98,7,169,46,0,46,215
12/09/2008,ILM,NC,ASO,EN,Combined TRACON& Tower with Radar,15,40,44,5,104,0,3,15,2,20,15,43,59,7,124,0,0,0,124
12/10/2008,ILM,NC,ASO,EN,Combined TRACON& Tower with Radar,14,38,28,14,94,0,0,8,0,8,14,38,36,14,102,14,20,34,136
12/11/2008,ILM,NC,ASO,EN,Combined TRACON& Tower with Radar,17,44,24,2,87,0,0,1,0,1,17,44,25,2,88,0,0,0,88
12/12/2008,ILM,NC,ASO,EN,Combined TRACON& Tower with Radar,17,56,43,14,130,0,4,16,2,22,17,60,59,16,152,0,0,0,152
12/13/2008,ILM,NC,ASO,EN,Combined TRACON& Tower with Radar,17,17,29,0,63,0,0,41,0,41,17,17,70,0,104,0,6,6,110
12/14/2008,ILM,NC,ASO,EN,Combined TRACON& Tower with Radar,17,24,66,2,109,0,1,41,0,42,17,25,107,2,151,40,2,42,193
12/15/2008,ILM,NC,ASO,EN,Combined TRACON& Tower with Radar,17,41,49,6,113,0,4,8,1,13,17,45,57,7,126,0,0,0,126
12/16/2008,ILM,NC,ASO,EN,Combined TRACON& Tower with Radar,18,50,36,8,112,0,2,11,0,13,18,52,47,8,125,20,18,38,163
12/17/2008,ILM,NC,ASO,EN,Combined TRACON& Tower with Radar,14,37,43,18,112,0,2,16,2,20,14,39,59,20,132,20,0,20,152
12/18/2008,ILM,NC,ASO,EN,Combined TRACON& Tower with Radar,16,46,50,10,122,0,0,0,0,0,16,46,50,10,122,0,0,0,122
12/19/2008,ILM,NC,ASO,EN,Combined TRACON& Tower with Radar,15,42,66,14,137,0,3,29,1,33,15,45,95,15,170,2,14,16,186
12/20/2008,ILM,NC,ASO,EN,Combined TRACON& Tower with Radar,16,46,72,39,173,0,2,22,1,25,16,48,94,40,198,50,8,58,256
12/21/2008,ILM,NC,ASO,EN,Combined TRACON& Tower with Radar,17,28,48,0,93,0,2,11,0,13,17,30,59,0,106,0,0,0,106
12/22/2008,ILM,NC,ASO,EN,Combined TRACON& Tower with Radar,15,39,51,0,105,0,4,19,0,23,15,43,70,0,128,0,0,0,128
12/23/2008,ILM,NC,ASO,EN,Combined TRACON& Tower with Radar,16,45,61,0,122,0,9,27,2,38,16,54,88,2,160,28,0,28,188
12/24/2008,ILM,NC,ASO,EN,Combined TRACON& Tower with Radar,13,46,47,0,106,0,2,15,0,17,13,48,62,0,123,0,0,0,123
12/25/2008,ILM,NC,ASO,EN,Combined TRACON& Tower with Radar,18,23,14,0,55,0,0,1,0,1,18,23,15,0,56,0,0,0,56
12/26/2008,ILM,NC,ASO,EN,Combined TRACON& Tower with Radar,15,76,119,1,211,0,0,14,0,14,15,76,133,1,225,6,0,6,231
12/27/2008,ILM,NC,ASO,EN,Combined TRACON& Tower with Radar,16,38,72,0,126,0,2,12,0,14,16,40,84,0,140,16,0,16,156
12/28/2008,ILM,NC,ASO,EN,Combined TRACON& Tower with Radar,15,46,60,4,125,0,3,28,0,31,15,49,88,4,156,0,0,0,156
12/29/2008,ILM,NC,ASO,EN,Combined TRACON& Tower with Radar,16,45,54,8,123,0,2,10,0,12,16,47,64,8,135,0,0,0,135
12/30/2008,ILM,NC,ASO,EN,Combined TRACON& Tower with Radar,16,49,69,6,140,0,4,44,0,48,16,53,113,6,188,4,0,4,192
12/31/2008,ILM,NC,ASO,EN,Combined TRACON& Tower with Radar,16,39,33,0,88,0,4,10,0,14,16,43,43,0,102,0,0,0,102
01/01/2009,ILM,NC,ASO,EN,Combined TRACON& Tower with Radar,16,23,42,0,81,0,1,34,0,35,16,24,76,0,116,14,0,14,130
01/02/2009,ILM,NC,ASO,EN,Combined TRACON& Tower with Radar,16,53,70,2,141,0,4,9,0,13,16,57,79,2,154,0,0,0,154
01/03/2009,ILM,NC,ASO,EN,Combined TRACON& Tower with Radar,20,60,97,1,178,0,3,46,0,49,20,63,143,1,227,0,0,0,227
01/04/2009,ILM,NC,ASO,EN,Combined TRACON& Tower with Radar,19,53,84,2,158,0,0,0,0,0,19,53,84,2,158,4,0,4,162
01/05/2009,ILM,NC,ASO,EN,Combined TRACON& Tower with Radar,19,53,47,10,129,1,3,8,2,14,20,56,55,12,143,6,0,6,149
01/06/2009,ILM,NC,ASO,EN,Combined TRACON& Tower with Radar,16,45,35,13,109,0,14,12,1,27,16,59,47,14,136,0,4,4,140
01/07/2009,ILM,NC,ASO,EN,Combined TRACON& Tower with Radar,16,46,25,24,111,0,2,2,2,6,16,48,27,26,117,0,16,16,133
01/08/2009,ILM,NC,ASO,EN,Combined TRACON& Tower with Radar,28,43,48,19,138,0,2,13,3,18,28,45,61,22,156,0,0,0,156
01/09/2009,ILM,NC,ASO,EN,Combined TRACON& Tower with Radar,19,37,63,4,123,0,5,40,5,50,19,42,103,9,173,26,18,44,217
01/10/2009,ILM,NC,ASO,EN,Combined TRACON& Tower with Radar,11,24,40,5,80,0,6,33,3,42,11,30,73,8,122,40,0,40,162
01/11/2009,ILM,NC,ASO,EN,Combined TRACON& Tower with Radar,18,25,48,3,94,0,0,4,0,4,18,25,52,3,98,18,0,18,116
01/12/2009,ILM,NC,ASO,EN,Combined TRACON& Tower with Radar,18,38,55,2,113,0,5,30,5,40,18,43,85,7,153,20,4,24,177
01/13/2009,ILM,NC,ASO,EN,Combined TRACON& Tower with Radar,17,34,24,4,79,0,0,5,2,7,17,34,29,6,86,0,0,0,86
01/14/2009,ILM,NC,ASO,EN,Combined TRACON& Tower with Radar,17,43,44,4,108,0,6,40,0,46,17,49,84,4,154,6,0,6,160
01/15/2009,ILM,NC,ASO,EN,Combined TRACON& Tower with Radar,18,43,52,9,122,0,2,23,4,29,18,45,75,13,151,0,0,0,151
01/16/2009,ILM,NC,ASO,EN,Combined TRACON& Tower with Radar,26,43,43,11,123,0,3,26,1,30,26,46,69,12,153,0,0,0,153
01/17/2009,ILM,NC,ASO,EN,Combined TRACON& Tower with Radar,11,21,43,0,75,0,1,35,0,36,11,22,78,0,111,2,0,2,113
01/18/2009,ILM,NC,ASO,EN,Combined TRACON& Tower with Radar,17,24,26,0,67,0,0,8,0,8,17,24,34,0,75,4,0,4,79
01/19/2009,ILM,NC,ASO,EN,Combined TRACON& Tower with Radar,18,42,56,2,118,0,4,23,0,27,18,46,79,2,145,38,0,38,183
01/20/2009,ILM,NC,ASO,EN,Combined TRACON& Tower with Radar,17,32,21,2,72,0,0,0,0,0,17,32,21,2,72,0,0,0,72
01/21/2009,ILM,NC,ASO,EN,Combined TRACON& Tower with Radar,17,55,42,12,126,0,1,24,0,25,17,56,66,12,151,2,0,2,153
01/22/2009,ILM,NC,ASO,EN,Combined TRACON& Tower with Radar,16,42,40,4,102,0,3,19,1,23,16,45,59,5,125,0,0,0,125
01/23/2009,ILM,NC,ASO,EN,Combined TRACON& Tower with Radar,20,48,49,9,126,0,2,27,2,31,20,50,76,11,157,8,10,18,175
01/24/2009,ILM,NC,ASO,EN,Combined TRACON& Tower with Radar,12,19,36,0,67,0,5,7,0,12,12,24,43,0,79,16,0,16,95
01/25/2009,ILM,NC,ASO,EN,Combined TRACON& Tower with Radar,18,20,38,0,76,0,3,16,1,20,18,23,54,1,96,2,0,2,98
01/26/2009,ILM,NC,ASO,EN,Combined TRACON& Tower with Radar,19,37,44,2,102,0,1,13,0,14,19,38,57,2,116,12,2,14,130
01/27/2009,ILM,NC,ASO,EN,Combined TRACON& Tower with Radar,34,42,39,20,135,0,0,1,1,2,34,42,40,21,137,0,0,0,137
01/28/2009,ILM,NC,ASO,EN,Combined TRACON& Tower with Radar,21,36,36,3,96,0,5,3,0,8,21,41,39,3,104,8,0,8,112
01/29/2009,ILM,NC,ASO,EN,Combined TRACON& Tower with Radar,16,44,40,15,115,0,10,6,6,22,16,54,46,21,137,6,0,6,143
01/30/2009,ILM,NC,ASO,EN,Combined TRACON& Tower with Radar,23,35,56,7,121,0,2,40,0,42,23,37,96,7,163,0,24,24,187
01/31/2009,ILM,NC,ASO,EN,Combined TRACON& Tower with Radar,13,24,53,14,104,0,9,35,0,44,13,33,88,14,148,4,16,20,168
02/01/2009,ILM,NC,ASO,EN,Combined TRACON& Tower with Radar,16,17,35,19,87,0,4,46,3,53,16,21,81,22,140,8,10,18,158
02/02/2009,ILM,NC,ASO,EN,Combined TRACON& Tower with Radar,19,38,35,27,119,0,1,16,4,21,19,39,51,31,140,12,38,50,190
02/03/2009,ILM,NC,ASO,EN,Combined TRACON& Tower with Radar,17,35,27,4,83,0,3,9,2,14,17,38,36,6,97,0,0,0,97
02/04/2009,ILM,NC,ASO,EN,Combined TRACON& Tower with Radar,13,37,32,2,84,0,3,4,0,7,13,40,36,2,91,0,0,0,91
02/05/2009,ILM,NC,ASO,EN,Combined TRACON& Tower with Radar,20,36,46,30,132,0,3,35,2,40,20,39,81,32,172,8,12,20,192
02/06/2009,ILM,NC,ASO,EN,Combined TRACON& Tower with Radar,18,37,70,12,137,0,5,55,2,62,18,42,125,14,199,56,4,60,259
02/07/2009,ILM,NC,ASO,EN,Combined TRACON& Tower with Radar,11,20,30,2,63,0,3,55,0,58,11,23,85,2,121,14,0,14,135
02/08/2009,ILM,NC,ASO,EN,Combined TRACON& Tower with Radar,20,21,54,0,95,0,2,48,1,51,20,23,102,1,146,12,0,12,158
02/09/2009,ILM,NC,ASO,EN,Combined TRACON& Tower with Radar,17,35,48,21,121,0,0,23,0,23,17,35,71,21,144,0,6,6,150
02/10/2009,ILM,NC,ASO,EN,Combined TRACON& Tower with Radar,17,29,38,10,94,0,6,20,0,26,17,35,58,10,120,0,0,0,120
02/11/2009,ILM,NC,ASO,EN,Combined TRACON& Tower with Radar,18,42,34,13,107,0,4,12,4,20,18,46,46,17,127,4,14,18,145
02/12/2009,ILM,NC,ASO,EN,Combined TRACON& Tower with Radar,20,39,66,0,125,0,2,29,1,32,20,41,95,1,157,0,0,0,157
02/13/2009,ILM,NC,ASO,EN,Combined TRACON& Tower with Radar,20,59,96,15,190,0,10,53,3,66,20,69,149,18,256,30,0,30,286
02/14/2009,ILM,NC,ASO,EN,Combined TRACON& Tower with Radar,15,25,23,44,107,0,5,34,6,45,15,30,57,50,152,20,6,26,178
02/15/2009,ILM,NC,ASO,EN,Combined TRACON& Tower with Radar,16,33,58,12,119,0,4,46,5,55,16,37,104,17,174,13,0,13,187
02/16/2009,ILM,NC,ASO,EN,Combined TRACON& Tower with Radar,20,52,80,3,155,0,2,21,2,25,20,54,101,5,180,14,2,16,196
02/17/2009,ILM,NC,ASO,EN,Combined TRACON& Tower with Radar,18,57,69,6,150,0,4,49,1,54,18,61,118,7,204,44,0,44,248
02/18/2009,ILM,NC,ASO,EN,Combined TRACON& Tower with Radar,15,38,24,12,89,0,3,0,0,3,15,41,24,12,92,0,0,0,92
02/19/2009,ILM,NC,ASO,EN,Combined TRACON& Tower with Radar,22,36,31,3,92,0,2,13,4,19,22,38,44,7,111,0,0,0,111
02/20/2009,ILM,NC,ASO,EN,Combined TRACON& Tower with Radar,25,45,54,10,134,0,21,46,6,73,25,66,100,16,207,26,4,30,237
02/21/2009,ILM,NC,ASO,EN,Combined TRACON& Tower with Radar,13,41,52,7,113,0,6,54,1,61,13,47,106,8,174,0,0,0,174
02/22/2009,ILM,NC,ASO,EN,Combined TRACON& Tower with Radar,19,40,38,11,108,0,2,10,1,13,19,42,48,12,121,0,0,0,121
02/23/2009,ILM,NC,ASO,EN,Combined TRACON& Tower with Radar,21,40,44,26,131,0,5,29,3,37,21,45,73,29,168,16,24,40,208
02/24/2009,ILM,NC,ASO,EN,Combined TRACON& Tower with Radar,18,36,56,5,115,0,3,26,1,30,18,39,82,6,145,0,0,0,145
02/25/2009,ILM,NC,ASO,EN,Combined TRACON& Tower with Radar,18,46,40,14,118,0,6,21,0,27,18,52,61,14,145,12,12,24,169
02/26/2009,ILM,NC,ASO,EN,Combined TRACON& Tower with Radar,19,47,62,18,146,0,5,37,2,44,19,52,99,20,190,0,0,0,190
02/27/2009,ILM,NC,ASO,EN,Combined TRACON& Tower with Radar,19,35,57,8,119,0,5,8,7,20,19,40,65,15,139,16,0,16,155
02/28/2009,ILM,NC,ASO,EN,Combined TRACON& Tower with Radar,13,22,30,1,66,0,2,4,0,6,13,24,34,1,72,18,0,18,90
03/01/2009,ILM,NC,ASO,EN,Combined TRACON& Tower with Radar,11,25,11,0,47,0,0,2,1,3,11,25,13,1,50,0,0,0,50
03/02/2009,ILM,NC,ASO,EN,Combined TRACON& Tower with Radar,12,23,16,6,57,0,4,2,1,7,12,27,18,7,64,0,0,0,64
03/03/2009,ILM,NC,ASO,EN,Combined TRACON& Tower with Radar,14,45,28,0,87,0,3,28,0,31,14,48,56,0,118,6,0,6,124
03/04/2009,ILM,NC,ASO,EN,Combined TRACON& Tower with Radar,16,49,43,11,119,0,4,37,1,42,16,53,80,12,161,10,14,24,185
03/05/2009,ILM,NC,ASO,EN,Combined TRACON& Tower with Radar,18,41,48,12,119,0,8,40,0,48,18,49,88,12,167,2,0,2,169
03/06/2009,ILM,NC,ASO,EN,Combined TRACON& Tower with Radar,20,38,50,7,115,0,7,22,5,34,20,45,72,12,149,16,0,16,165
03/07/2009,ILM,NC,ASO,EN,Combined TRACON& Tower with Radar,14,26,76,21,137,0,6,50,4,60,14,32,126,25,197,2,0,2,199
03/08/2009,ILM,NC,ASO,EN,Combined TRACON& Tower with Radar,16,33,45,0,94,0,3,49,7,59,16,36,94,7,153,12,0,12,165
03/09/2009,ILM,NC,ASO,EN,Combined TRACON& Tower with Radar,19,39,47,0,105,0,4,34,0,38,19,43,81,0,143,10,8,18,161
03/10/2009,ILM,NC,ASO,EN,Combined TRACON& Tower with Radar,18,45,42,23,128,0,4,26,3,33,18,49,68,26,161,4,0,4,165
03/11/2009,ILM,NC,ASO,EN,Combined TRACON& Tower with Radar,15,36,52,1,104,0,5,19,0,24,15,41,71,1,128,24,4,28,156
03/12/2009,ILM,NC,ASO,EN,Combined TRACON& Tower with Radar,37,42,48,6,133,0,2,34,2,38,37,44,82,8,171,34,14,48,219
03/13/2009,ILM,NC,ASO,EN,Combined TRACON& Tower with Radar,18,54,51,4,127,0,0,7,0,7,18,54,58,4,134,4,0,4,138
03/14/2009,ILM,NC,ASO,EN,Combined TRACON& Tower with Radar,14,43,39,2,98,0,0,2,0,2,14,43,41,2,100,0,0,0,100
03/15/2009,ILM,NC,ASO,EN,Combined TRACON& Tower with Radar,15,29,60,4,108,0,0,0,0,0,15,29,60,4,108,0,0,0,108
03/16/2009,ILM,NC,ASO,EN,Combined TRACON& Tower with Radar,18,34,34,8,94,0,0,0,0,0,18,34,34,8,94,0,0,0,94
03/17/2009,ILM,NC,ASO,EN,Combined TRACON& Tower with Radar,19,48,40,9,116,0,4,2,0,6,19,52,42,9,122,0,10,10,132
03/18/2009,ILM,NC,ASO,EN,Combined TRACON& Tower with Radar,14,42,55,0,111,0,2,37,0,39,14,44,92,0,150,16,0,16,166
03/19/2009,ILM,NC,ASO,EN,Combined TRACON& Tower with Radar,16,43,69,10,138,0,6,28,2,36,16,49,97,12,174,16,6,22,196
03/20/2009,ILM,NC,ASO,EN,Combined TRACON& Tower with Radar,18,69,41,16,144,0,7,29,6,42,18,76,70,22,186,30,42,72,258
03/21/2009,ILM,NC,ASO,EN,Combined TRACON& Tower with Radar,10,44,48,9,111,0,2,39,1,42,10,46,87,10,153,46,12,58,211
03/22/2009,ILM,NC,ASO,EN,Combined TRACON& Tower with Radar,19,38,61,1,119,0,1,39,3,43,19,39,100,4,162,0,0,0,162
03/23/2009,ILM,NC,ASO,EN,Combined TRACON& Tower with Radar,16,42,52,6,116,0,4,23,0,27,16,46,75,6,143,0,0,0,143
03/24/2009,ILM,NC,ASO,EN,Combined TRACON& Tower with Radar,16,44,51,0,111,0,7,17,0,24,16,51,68,0,135,14,0,14,149
03/25/2009,ILM,NC,ASO,EN,Combined TRACON& Tower with Radar,16,44,36,8,104,0,6,23,0,29,16,50,59,8,133,54,0,54,187
03/26/2009,ILM,NC,ASO,EN,Combined TRACON& Tower with Radar,21,48,50,6,125,0,0,0,0,0,21,48,50,6,125,0,0,0,125
03/27/2009,ILM,NC,ASO,EN,Combined TRACON& Tower with Radar,18,39,52,0,109,0,6,6,0,12,18,45,58,0,121,16,0,16,137
03/28/2009,ILM,NC,ASO,EN,Combined TRACON& Tower with Radar,11,32,23,0,66,0,0,3,0,3,11,32,26,0,69,0,0,0,69
03/29/2009,ILM,NC,ASO,EN,Combined TRACON& Tower with Radar,19,39,68,6,132,0,6,20,0,26,19,45,88,6,158,2,0,2,160
03/30/2009,ILM,NC,ASO,EN,Combined TRACON& Tower with Radar,19,43,46,19,127,0,1,43,9,53,19,44,89,28,180,20,2,22,202
03/31/2009,ILM,NC,ASO,EN,Combined TRACON& Tower with Radar,16,40,63,7,126,0,3,38,1,42,16,43,101,8,168,30,4,34,202
04/01/2009,ILM,NC,ASO,EN,Combined TRACON& Tower with Radar,16,40,36,3,95,0,0,9,1,10,16,40,45,4,105,2,0,2,107
04/02/2009,ILM,NC,ASO,EN,Combined TRACON& Tower with Radar,20,45,42,3,110,0,0,0,0,0,20,45,42,3,110,0,0,0,110
04/03/2009,ILM,NC,ASO,EN,Combined TRACON& Tower with Radar,19,42,53,7,121,0,6,13,3,22,19,48,66,10,143,0,0,0,143
04/04/2009,ILM,NC,ASO,EN,Combined TRACON& Tower with Radar,10,38,63,16,127,0,8,50,0,58,10,46,113,16,185,12,18,30,215
04/05/2009,ILM,NC,ASO,EN,Combined TRACON& Tower with Radar,17,26,52,0,95,0,1,42,0,43,17,27,94,0,138,0,0,0,138
04/06/2009,ILM,NC,ASO,EN,Combined TRACON& Tower with Radar,17,29,23,0,69,0,0,1,0,1,17,29,24,0,70,0,0,0,70
04/07/2009,ILM,NC,ASO,EN,Combined TRACON& Tower with Radar,16,36,40,4,96,0,3,15,0,18,16,39,55,4,114,0,0,0,114
04/08/2009,ILM,NC,ASO,EN,Combined TRACON& Tower with Radar,16,44,59,12,131,0,2,18,6,26,16,46,77,18,157,28,24,52,209
04/09/2009,ILM,NC,ASO,EN,Combined TRACON& Tower with Radar,20,67,95,6,188,0,9,40,3,52,20,76,135,9,240,4,2,6,246
04/10/2009,ILM,NC,ASO,EN,Combined TRACON& Tower with Radar,16,42,68,6,132,0,8,31,0,39,16,50,99,6,171,52,0,52,223
04/11/2009,ILM,NC,ASO,EN,Combined TRACON& Tower with Radar,13,27,48,4,92,0,4,25,0,29,13,31,73,4,121,0,0,0,121
04/12/2009,ILM,NC,ASO,EN,Combined TRACON& Tower with Radar,18,47,66,0,131,0,6,55,0,61,18,53,121,0,192,22,0,22,214
04/13/2009,ILM,NC,ASO,EN,Combined TRACON& Tower with Radar,18,46,70,6,140,0,4,12,0,16,18,50,82,6,156,8,0,8,164
04/14/2009,ILM,NC,ASO,EN,Combined TRACON& Tower with Radar,16,41,37,0,94,0,1,8,0,9,16,42,45,0,103,0,0,0,103
04/15/2009,ILM,NC,ASO,EN,Combined TRACON& Tower with Radar,16,42,66,18,142,0,0,19,0,19,16,42,85,18,161,14,6,20,181
04/16/2009,ILM,NC,ASO,EN,Combined TRACON& Tower with Radar,20,46,78,6,150,0,7,40,1,48,20,53,118,7,198,0,0,0,198
04/17/2009,ILM,NC,ASO,EN,Combined TRACON& Tower with Radar,21,51,69,5,146,0,6,44,5,55,21,57,113,10,201,8,2,10,211
04/18/2009,ILM,NC,ASO,EN,Combined TRACON& Tower with Radar,13,36,73,38,160,0,0,45,10,55,13,36,118,48,215,10,0,10,225
04/19/2009,ILM,NC,ASO,EN,Combined TRACON& Tower with Radar,17,44,79,4,144,0,3,36,3,42,17,47,115,7,186,14,0,14,200
04/20/2009,ILM,NC,ASO,EN,Combined TRACON& Tower with Radar,17,44,27,2,90,0,2,6,0,8,17,46,33,2,98,0,0,0,98
04/21/2009,ILM,NC,ASO,EN,Combined TRACON& Tower with Radar,16,39,43,33,131,0,3,38,1,42,16,42,81,34,173,16,32,48,221
04/22/2009,ILM,NC,ASO,EN,Combined TRACON& Tower with Radar,18,41,43,49,151,0,4,14,0,18,18,45,57,49,169,2,24,26,195
04/23/2009,ILM,NC,ASO,EN,Combined TRACON& Tower with Radar,18,40,55,10,123,0,5,42,1,48,18,45,97,11,171,14,0,14,185
04/24/2009,ILM,NC,ASO,EN,Combined TRACON& Tower with Radar,18,39,65,4,126,0,5,45,3,53,18,44,110,7,179,10,0,10,189
04/25/2009,ILM,NC,ASO,EN,Combined TRACON& Tower with Radar,15,24,53,11,103,0,7,38,5,50,15,31,91,16,153,8,4,12,165
04/26/2009,ILM,NC,ASO,EN,Combined TRACON& Tower with Radar,15,34,58,3,110,0,0,39,3,42,15,34,97,6,152,0,0,0,152
04/27/2009,ILM,NC,ASO,EN,Combined TRACON& Tower with Radar,18,45,46,13,122,0,4,31,0,35,18,49,77,13,157,10,28,38,195
04/28/2009,ILM,NC,ASO,EN,Combined TRACON& Tower with Radar,19,43,36,27,125,0,7,36,8,51,19,50,72,35,176,34,16,50,226
04/29/2009,ILM,NC,ASO,EN,Combined TRACON& Tower with Radar,16,40,51,11,118,0,4,35,5,44,16,44,86,16,162,8,6,14,176
04/30/2009,ILM,NC,ASO,EN,Combined TRACON& Tower with Radar,17,41,52,20,130,0,11,15,1,27,17,52,67,21,157,48,12,60,217
05/01/2009,ILM,NC,ASO,EN,Combined TRACON& Tower with Radar,17,34,51,7,109,0,7,14,3,24,17,41,65,10,133,18,0,18,151
05/02/2009,ILM,NC,ASO,EN,Combined TRACON& Tower with Radar,13,26,31,0,70,0,4,17,4,25,13,30,48,4,95,0,0,0,95
05/03/2009,ILM,NC,ASO,EN,Combined TRACON& Tower with Radar,14,29,28,12,83,0,4,16,0,20,14,33,44,12,103,2,0,2,105
05/04/2009,ILM,NC,ASO,EN,Combined TRACON& Tower with Radar,17,36,36,17,106,0,0,4,9,13,17,36,40,26,119,0,12,12,131
05/05/2009,ILM,NC,ASO,EN,Combined TRACON& Tower with Radar,16,34,19,9,78,0,3,4,2,9,16,37,23,11,87,0,0,0,87
05/06/2009,ILM,NC,ASO,EN,Combined TRACON& Tower with Radar,16,43,45,6,110,0,2,18,0,20,16,45,63,6,130,0,0,0,130
05/07/2009,ILM,NC,ASO,EN,Combined TRACON& Tower with Radar,21,37,45,5,108,0,3,20,0,23,21,40,65,5,131,26,0,26,157
05/08/2009,ILM,NC,ASO,EN,Combined TRACON& Tower with Radar,19,38,60,40,157,0,4,21,7,32,19,42,81,47,189,22,36,58,247
05/09/2009,ILM,NC,ASO,EN,Combined TRACON& Tower with Radar,14,29,30,4,77,0,3,40,12,55,14,32,70,16,132,12,20,32,164
05/10/2009,ILM,NC,ASO,EN,Combined TRACON& Tower with Radar,20,32,48,0,100,0,8,38,0,46,20,40,86,0,146,12,0,12,158
05/11/2009,ILM,NC,ASO,EN,Combined TRACON& Tower with Radar,16,36,43,6,101,0,2,11,1,14,16,38,54,7,115,22,4,26,141
05/12/2009,ILM,NC,ASO,EN,Combined TRACON& Tower with Radar,16,39,54,2,111,0,2,42,0,44,16,41,96,2,155,60,0,60,215
05/13/2009,ILM,NC,ASO,EN,Combined TRACON& Tower with Radar,14,45,47,9,115,0,1,55,1,57,14,46,102,10,172,74,0,74,246
05/14/2009,ILM,NC,ASO,EN,Combined TRACON& Tower with Radar,16,39,49,4,108,0,0,12,0,12,16,39,61,4,120,0,0,0,120
05/15/2009,ILM,NC,ASO,EN,Combined TRACON& Tower with Radar,18,45,58,2,123,0,8,10,1,19,18,53,68,3,142,0,0,0,142
05/16/2009,ILM,NC,ASO,EN,Combined TRACON& Tower with Radar,15,30,27,0,72,0,7,17,8,32,15,37,44,8,104,16,0,16,120
05/17/2009,ILM,NC,ASO,EN,Combined TRACON& Tower with Radar,18,36,35,0,89,0,3,12,2,17,18,39,47,2,106,28,0,28,134
05/18/2009,ILM,NC,ASO,EN,Combined TRACON& Tower with Radar,16,35,57,0,108,0,8,5,0,13,16,43,62,0,121,0,0,0,121
05/19/2009,ILM,NC,ASO,EN,Combined TRACON& Tower with Radar,14,41,42,14,111,0,8,21,2,31,14,49,63,16,142,4,2,6,148
05/20/2009,ILM,NC,ASO,EN,Combined TRACON& Tower with Radar,14,44,43,0,101,0,3,23,2,28,14,47,66,2,129,42,0,42,171
05/21/2009,ILM,NC,ASO,EN,Combined TRACON& Tower with Radar,16,50,68,2,136,0,2,32,8,42,16,52,100,10,178,6,4,10,188
05/22/2009,ILM,NC,ASO,EN,Combined TRACON& Tower with Radar,16,46,77,16,155,0,6,43,11,60,16,52,120,27,215,34,24,58,273
05/23/2009,ILM,NC,ASO,EN,Combined TRACON& Tower with Radar,15,27,32,1,75,0,5,34,2,41,15,32,66,3,116,0,0,0,116
05/24/2009,ILM,NC,ASO,EN,Combined TRACON& Tower with Radar,15,30,27,1,73,0,7,35,1,43,15,37,62,2,116,30,0,30,146
05/25/2009,ILM,NC,ASO,EN,Combined TRACON& Tower with Radar,15,35,77,0,127,0,0,28,0,28,15,35,105,0,155,18,0,18,173
05/26/2009,ILM,NC,ASO,EN,Combined TRACON& Tower with Radar,13,42,46,2,103,0,0,7,0,7,13,42,53,2,110,0,0,0,110
05/27/2009,ILM,NC,ASO,EN,Combined TRACON& Tower with Radar,14,37,32,12,95,0,2,43,2,47,14,39,75,14,142,16,0,16,158
05/28/2009,ILM,NC,ASO,EN,Combined TRACON& Tower with Radar,14,37,45,17,113,0,2,17,4,23,14,39,62,21,136,36,6,42,178
05/29/2009,ILM,NC,ASO,EN,Combined TRACON& Tower with Radar,14,44,67,0,125,0,0,22,5,27,14,44,89,5,152,2,0,2,154
05/30/2009,ILM,NC,ASO,EN,Combined TRACON& Tower with Radar,15,27,52,5,99,0,1,44,6,51,15,28,96,11,150,32,14,46,196
05/31/2009,ILM,NC,ASO,EN,Combined TRACON& Tower with Radar,14,34,65,0,113,0,7,63,0,70,14,41,128,0,183,12,0,12,195
06/01/2009,ILM,NC,ASO,EN,Combined TRACON& Tower with Radar,15,37,31,3,86,0,6,26,1,33,15,43,57,4,119,30,4,34,153
06/02/2009,ILM,NC,ASO,EN,Combined TRACON& Tower with Radar,14,39,50,3,106,0,5,35,0,40,14,44,85,3,146,24,0,24,170
06/03/2009,ILM,NC,ASO,EN,Combined TRACON& Tower with Radar,13,40,54,6,113,0,2,29,2,33,13,42,83,8,146,42,24,66,212
06/04/2009,ILM,NC,ASO,EN,Combined TRACON& Tower with Radar,15,59,49,18,141,0,3,12,0,15,15,62,61,18,156,44,14,58,214
06/05/2009,ILM,NC,ASO,EN,Combined TRACON& Tower with Radar,15,46,54,11,126,0,1,9,0,10,15,47,63,11,136,28,0,28,164
06/06/2009,ILM,NC,ASO,EN,Combined TRACON& Tower with Radar,16,30,48,2,96,0,2,5,0,7,16,32,53,2,103,12,0,12,115
06/07/2009,ILM,NC,ASO,EN,Combined TRACON& Tower with Radar,14,39,61,6,120,0,3,37,0,40,14,42,98,6,160,0,0,0,160
06/08/2009,ILM,NC,ASO,EN,Combined TRACON& Tower with Radar,15,42,54,23,134,0,3,17,0,20,15,45,71,23,154,8,12,20,174
06/09/2009,ILM,NC,ASO,EN,Combined TRACON& Tower with Radar,12,56,26,4,98,2,3,22,0,27,14,59,48,4,125,20,8,28,153
06/10/2009,ILM,NC,ASO,EN,Combined TRACON& Tower with Radar,13,52,80,9,154,0,0,33,0,33,13,52,113,9,187,52,36,88,275
06/11/2009,ILM,NC,ASO,EN,Combined TRACON& Tower with Radar,14,48,49,14,125,0,0,28,2,30,14,48,77,16,155,24,10,34,189
06/12/2009,ILM,NC,ASO,EN,Combined TRACON& Tower with Radar,17,41,65,30,153,0,3,17,4,24,17,44,82,34,177,2,16,18,195
06/13/2009,ILM,NC,ASO,EN,Combined TRACON& Tower with Radar,16,31,51,2,100,0,2,22,6,30,16,33,73,8,130,0,0,0,130
06/14/2009,ILM,NC,ASO,EN,Combined TRACON& Tower with Radar,14,29,43,0,86,0,1,23,0,24,14,30,66,0,110,18,0,18,128
06/15/2009,ILM,NC,ASO,EN,Combined TRACON& Tower with Radar,29,38,41,6,114,0,7,7,3,17,29,45,48,9,131,18,6,24,155
06/16/2009,ILM,NC,ASO,EN,Combined TRACON& Tower with Radar,14,46,42,10,112,0,3,5,0,8,14,49,47,10,120,0,2,2,122
06/17/2009,ILM,NC,ASO,EN,Combined TRACON& Tower with Radar,14,43,50,21,128,0,7,19,2,28,14,50,69,23,156,36,32,68,224
06/18/2009,ILM,NC,ASO,EN,Combined TRACON& Tower with Radar,12,37,67,20,136,0,6,23,1,30,12,43,90,21,166,28,30,58,224
06/19/2009,ILM,NC,ASO,EN,Combined TRACON& Tower with Radar,18,43,108,2,171,0,3,27,2,32,18,46,135,4,203,0,0,0,203
06/20/2009,ILM,NC,ASO,EN,Combined TRACON& Tower with Radar,13,29,29,6,77,0,5,37,7,49,13,34,66,13,126,6,0,6,132
06/21/2009,ILM,NC,ASO,EN,Combined TRACON& Tower with Radar,16,32,61,0,109,0,2,29,1,32,16,34,90,1,141,0,0,0,141
06/22/2009,ILM,NC,ASO,EN,Combined TRACON& Tower with Radar,14,41,35,10,100,0,2,20,4,26,14,43,55,14,126,12,8,20,146
06/23/2009,ILM,NC,ASO,EN,Combined TRACON& Tower with Radar,17,44,50,2,113,0,9,23,3,35,17,53,73,5,148,0,0,0,148
06/24/2009,ILM,NC,ASO,EN,Combined TRACON& Tower with Radar,14,45,58,12,129,0,1,40,10,51,14,46,98,22,180,6,6,12,192
06/25/2009,ILM,NC,ASO,EN,Combined TRACON& Tower with Radar,14,41,40,20,115,0,1,29,3,33,14,42,69,23,148,0,0,0,148
06/26/2009,ILM,NC,ASO,EN,Combined TRACON& Tower with Radar,17,43,49,19,128,0,1,23,6,30,17,44,72,25,158,10,4,14,172
06/27/2009,ILM,NC,ASO,EN,Combined TRACON& Tower with Radar,16,32,30,5,83,0,2,26,5,33,16,34,56,10,116,0,0,0,116
06/28/2009,ILM,NC,ASO,EN,Combined TRACON& Tower with Radar,14,31,41,1,87,0,2,51,0,53,14,33,92,1,140,10,6,16,156
06/29/2009,ILM,NC,ASO,EN,Combined TRACON& Tower with Radar,16,40,41,7,104,0,7,14,0,21,16,47,55,7,125,18,2,20,145
06/30/2009,ILM,NC,ASO,EN,Combined TRACON& Tower with Radar,15,44,59,14,132,0,10,40,12,62,15,54,99,26,194,28,4,32,226
07/01/2009,ILM,NC,ASO,EN,Combined TRACON& Tower with Radar,13,49,54,20,136,0,6,29,3,38,13,55,83,23,174,22,10,32,206
07/02/2009,ILM,NC,ASO,EN,Combined TRACON& Tower with Radar,14,49,53,11,127,0,4,37,4,45,14,53,90,15,172,0,0,0,172
07/03/2009,ILM,NC,ASO,EN,Combined TRACON& Tower with Radar,16,43,46,1,106,0,6,43,1,50,16,49,89,2,156,14,0,14,170
07/04/2009,ILM,NC,ASO,EN,Combined TRACON& Tower with Radar,13,36,24,0,73,0,9,49,0,58,13,45,73,0,131,0,0,0,131
07/05/2009,ILM,NC,ASO,EN,Combined TRACON& Tower with Radar,14,44,48,0,106,0,0,20,0,20,14,44,68,0,126,8,0,8,134
07/06/2009,ILM,NC,ASO,EN,Combined TRACON& Tower with Radar,16,44,32,0,92,0,1,6,0,7,16,45,38,0,99,16,0,16,115
07/07/2009,ILM,NC,ASO,EN,Combined TRACON& Tower with Radar,14,44,37,5,100,0,5,17,2,24,14,49,54,7,124,28,12,40,164
07/08/2009,ILM,NC,ASO,EN,Combined TRACON& Tower with Radar,14,42,33,0,89,0,2,30,0,32,14,44,63,0,121,6,0,6,127
07/09/2009,ILM,NC,ASO,EN,Combined TRACON& Tower with Radar,13,45,41,6,105,0,2,9,0,11,13,47,50,6,116,0,0,0,116
07/10/2009,ILM,NC,ASO,EN,Combined TRACON& Tower with Radar,16,41,72,7,136,0,4,35,2,41,16,45,107,9,177,0,0,0,177
07/11/2009,ILM,NC,ASO,EN,Combined TRACON& Tower with Radar,14,43,48,9,114,0,6,32,2,40,14,49,80,11,154,12,0,12,166
07/12/2009,ILM,NC,ASO,EN,Combined TRACON& Tower with Radar,15,37,43,0,95,0,5,28,1,34,15,42,71,1,129,20,0,20,149
07/13/2009,ILM,NC,ASO,EN,Combined TRACON& Tower with Radar,17,35,38,0,90,0,1,5,2,8,17,36,43,2,98,0,0,0,98
07/14/2009,ILM,NC,ASO,EN,Combined TRACON& Tower with Radar,14,42,45,0,101,0,4,29,0,33,14,46,74,0,134,42,0,42,176
07/15/2009,ILM,NC,ASO,EN,Combined TRACON& Tower with Radar,14,39,53,10,116,0,6,41,3,50,14,45,94,13,166,0,0,0,166
07/16/2009,ILM,NC,ASO,EN,Combined TRACON& Tower with Radar,14,54,55,3,126,0,2,20,2,24,14,56,75,5,150,0,0,0,150
07/17/2009,ILM,NC,ASO,EN,Combined TRACON& Tower with Radar,18,45,42,11,116,0,5,18,2,25,18,50,60,13,141,0,0,0,141
07/18/2009,ILM,NC,ASO,EN,Combined TRACON& Tower with Radar,14,43,42,8,107,0,3,19,6,28,14,46,61,14,135,0,0,0,135
07/19/2009,ILM,NC,ASO,EN,Combined TRACON& Tower with Radar,16,35,56,2,109,0,6,34,9,49,16,41,90,11,158,4,24,28,186
07/20/2009,ILM,NC,ASO,EN,Combined TRACON& Tower with Radar,15,41,54,0,110,0,2,9,4,15,15,43,63,4,125,10,0,10,135
07/21/2009,ILM,NC,ASO,EN,Combined TRACON& Tower with Radar,13,44,27,15,99,0,6,33,3,42,13,50,60,18,141,74,9,83,224
07/22/2009,ILM,NC,ASO,EN,Combined TRACON& Tower with Radar,14,42,43,23,122,0,1,22,3,26,14,43,65,26,148,8,4,12,160
07/23/2009,ILM,NC,ASO,EN,Combined TRACON& Tower with Radar,13,44,48,1,106,0,6,24,0,30,13,50,72,1,136,44,0,44,180
07/24/2009,ILM,NC,ASO,EN,Combined TRACON& Tower with Radar,15,46,64,6,131,0,1,15,1,17,15,47,79,7,148,0,0,0,148
07/25/2009,ILM,NC,ASO,EN,Combined TRACON& Tower with Radar,15,34,22,5,76,0,5,23,1,29,15,39,45,6,105,0,0,0,105
07/26/2009,ILM,NC,ASO,EN,Combined TRACON& Tower with Radar,13,33,63,5,114,0,4,35,1,40,13,37,98,6,154,0,0,0,154
07/27/2009,ILM,NC,ASO,EN,Combined TRACON& Tower with Radar,16,40,38,3,97,0,2,22,3,27,16,42,60,6,124,10,0,10,134
07/28/2009,ILM,NC,ASO,EN,Combined TRACON& Tower with Radar,14,46,37,0,97,0,4,28,0,32,14,50,65,0,129,24,0,24,153
07/29/2009,ILM,NC,ASO,EN,Combined TRACON& Tower with Radar,13,49,45,0,107,0,4,36,0,40,13,53,81,0,147,0,0,0,147
07/30/2009,ILM,NC,ASO,EN,Combined TRACON& Tower with Radar,14,48,34,2,98,0,2,27,0,29,14,50,61,2,127,24,0,24,151
07/31/2009,ILM,NC,ASO,EN,Combined TRACON& Tower with Radar,16,44,48,5,113,0,4,12,0,16,16,48,60,5,129,0,0,0,129
08/01/2009,ILM,NC,ASO,EN,Combined TRACON& Tower with Radar,16,42,44,12,114,0,4,29,1,34,16,46,73,13,148,22,4,26,174
08/02/2009,ILM,NC,ASO,EN,Combined TRACON& Tower with Radar,13,30,48,0,91,0,0,24,0,24,13,30,72,0,115,0,0,0,115
08/03/2009,ILM,NC,ASO,EN,Combined TRACON& Tower with Radar,18,43,18,0,79,0,5,5,0,10,18,48,23,0,89,14,0,14,103
08/04/2009,ILM,NC,ASO,EN,Combined TRACON& Tower with Radar,16,46,44,0,106,0,6,16,2,24,16,52,60,2,130,12,0,12,142
08/05/2009,ILM,NC,ASO,EN,Combined TRACON& Tower with Radar,16,47,42,10,115,0,5,27,2,34,16,52,69,12,149,18,10,28,177
08/06/2009,ILM,NC,ASO,EN,Combined TRACON& Tower with Radar,14,43,51,10,118,0,4,14,0,18,14,47,65,10,136,16,8,24,160
08/07/2009,ILM,NC,ASO,EN,Combined TRACON& Tower with Radar,18,43,56,17,134,0,3,33,0,36,18,46,89,17,170,20,0,20,190
08/08/2009,ILM,NC,ASO,EN,Combined TRACON& Tower with Radar,15,35,38,27,115,0,3,40,0,43,15,38,78,27,158,12,0,12,170
08/09/2009,ILM,NC,ASO,EN,Combined TRACON& Tower with Radar,14,35,42,0,91,0,7,52,0,59,14,42,94,0,150,10,0,10,160
08/10/2009,ILM,NC,ASO,EN,Combined TRACON& Tower with Radar,16,43,43,14,116,0,3,27,0,30,16,46,70,14,146,30,0,30,176
08/11/2009,ILM,NC,ASO,EN,Combined TRACON& Tower with Radar,14,42,49,0,105,0,2,24,2,28,14,44,73,2,133,8,0,8,141
08/12/2009,ILM,NC,ASO,EN,Combined TRACON& Tower with Radar,13,45,27,14,99,0,2,7,2,11,13,47,34,16,110,0,14,14,124
08/13/2009,ILM,NC,ASO,EN,Combined TRACON& Tower with Radar,13,41,36,14,104,0,3,7,0,10,13,44,43,14,114,0,0,0,114
08/14/2009,ILM,NC,ASO,EN,Combined TRACON& Tower with Radar,18,42,42,1,103,0,8,5,0,13,18,50,47,1,116,0,0,0,116
08/15/2009,ILM,NC,ASO,EN,Combined TRACON& Tower with Radar,14,39,50,17,120,0,9,44,0,53,14,48,94,17,173,0,0,0,173
08/16/2009,ILM,NC,ASO,EN,Combined TRACON& Tower with Radar,16,37,69,0,122,0,2,32,0,34,16,39,101,0,156,48,2,50,206
08/17/2009,ILM,NC,ASO,EN,Combined TRACON& Tower with Radar,14,37,47,0,98,0,2,26,0,28,14,39,73,0,126,46,0,46,172
08/18/2009,ILM,NC,ASO,EN,Combined TRACON& Tower with Radar,13,45,61,6,125,0,3,38,0,41,13,48,99,6,166,20,0,20,186
08/19/2009,ILM,NC,ASO,EN,Combined TRACON& Tower with Radar,14,44,39,6,103,0,3,32,0,35,14,47,71,6,138,20,0,20,158
08/20/2009,ILM,NC,ASO,EN,Combined TRACON& Tower with Radar,13,43,39,13,108,0,1,24,1,26,13,44,63,14,134,28,0,28,162
08/21/2009,ILM,NC,ASO,EN,Combined TRACON& Tower with Radar,15,40,61,3,119,0,1,12,2,15,15,41,73,5,134,0,0,0,134
08/22/2009,ILM,NC,ASO,EN,Combined TRACON& Tower with Radar,14,32,20,0,66,0,3,29,1,33,14,35,49,1,99,24,0,24,123
08/23/2009,ILM,NC,ASO,EN,Combined TRACON& Tower with Radar,14,36,42,0,92,0,1,17,0,18,14,37,59,0,110,0,0,0,110
08/24/2009,ILM,NC,ASO,EN,Combined TRACON& Tower with Radar,14,40,39,7,100,0,2,13,0,15,14,42,52,7,115,20,0,20,135
08/25/2009,ILM,NC,ASO,EN,Combined TRACON& Tower with Radar,14,41,48,13,116,0,5,32,4,41,14,46,80,17,157,12,16,28,185
08/26/2009,ILM,NC,ASO,EN,Combined TRACON& Tower with Radar,14,41,43,14,112,0,1,24,3,28,14,42,67,17,140,32,39,71,211
08/27/2009,ILM,NC,ASO,EN,Combined TRACON& Tower with Radar,14,40,41,13,108,0,2,35,1,38,14,42,76,14,146,0,0,0,146
08/28/2009,ILM,NC,ASO,EN,Combined TRACON& Tower with Radar,14,38,31,5,88,0,2,7,0,9,14,40,38,5,97,28,0,28,125
08/29/2009,ILM,NC,ASO,EN,Combined TRACON& Tower with Radar,15,35,29,8,87,0,2,19,1,22,15,37,48,9,109,0,0,0,109
08/30/2009,ILM,NC,ASO,EN,Combined TRACON& Tower with Radar,13,34,53,5,105,0,3,42,1,46,13,37,95,6,151,6,0,6,157
08/31/2009,ILM,NC,ASO,EN,Combined TRACON& Tower with Radar,14,38,27,14,93,0,3,2,0,5,14,41,29,14,98,0,0,0,98
09/01/2009,ILM,NC,ASO,EN,Combined TRACON& Tower with Radar,14,39,38,9,100,0,2,18,1,21,14,41,56,10,121,2,12,14,135
09/02/2009,ILM,NC,ASO,EN,Combined TRACON& Tower with Radar,14,48,34,9,105,0,3,17,3,23,14,51,51,12,128,14,8,22,150
09/03/2009,ILM,NC,ASO,EN,Combined TRACON& Tower with Radar,14,41,60,22,137,0,5,25,4,34,14,46,85,26,171,16,16,32,203
09/04/2009,ILM,NC,ASO,EN,Combined TRACON& Tower with Radar,14,43,71,3,131,0,7,21,1,29,14,50,92,4,160,12,0,12,172
09/05/2009,ILM,NC,ASO,EN,Combined TRACON& Tower with Radar,15,37,39,1,92,0,6,44,3,53,15,43,83,4,145,18,0,18,163
09/06/2009,ILM,NC,ASO,EN,Combined TRACON& Tower with Radar,14,25,20,3,62,0,3,17,0,20,14,28,37,3,82,40,0,40,122
09/07/2009,ILM,NC,ASO,EN,Combined TRACON& Tower with Radar,13,33,48,0,94,0,0,0,0,0,13,33,48,0,94,0,0,0,94
09/08/2009,ILM,NC,ASO,EN,Combined TRACON& Tower with Radar,14,36,38,2,90,0,1,17,0,18,14,37,55,2,108,0,0,0,108
09/09/2009,ILM,NC,ASO,EN,Combined TRACON& Tower with Radar,18,43,48,20,129,2,2,14,9,27,20,45,62,29,156,18,4,22,178
09/10/2009,ILM,NC,ASO,EN,Combined TRACON& Tower with Radar,14,40,74,10,138,0,2,16,0,18,14,42,90,10,156,0,0,0,156
09/11/2009,ILM,NC,ASO,EN,Combined TRACON& Tower with Radar,14,34,47,7,102,0,3,35,5,43,14,37,82,12,145,12,6,18,163
09/12/2009,ILM,NC,ASO,EN,Combined TRACON& Tower with Radar,15,24,37,3,79,0,7,50,17,74,15,31,87,20,153,20,2,22,175
09/13/2009,ILM,NC,ASO,EN,Combined TRACON& Tower with Radar,16,31,49,0,96,0,1,66,4,71,16,32,115,4,167,0,0,0,167
09/14/2009,ILM,NC,ASO,EN,Combined TRACON& Tower with Radar,15,38,35,18,106,0,11,14,0,25,15,49,49,18,131,4,18,22,153
09/15/2009,ILM,NC,ASO,EN,Combined TRACON& Tower with Radar,15,42,54,0,111,0,4,35,2,41,15,46,89,2,152,8,0,8,160
09/16/2009,ILM,NC,ASO,EN,Combined TRACON& Tower with Radar,14,35,32,5,86,0,3,16,0,19,14,38,48,5,105,0,0,0,105
09/17/2009,ILM,NC,ASO,EN,Combined TRACON& Tower with Radar,14,35,49,18,116,0,4,12,14,30,14,39,61,32,146,16,31,47,193
09/18/2009,ILM,NC,ASO,EN,Combined TRACON& Tower with Radar,16,39,46,5,106,0,3,9,5,17,16,42,55,10,123,0,0,0,123
09/19/2009,ILM,NC,ASO,EN,Combined TRACON& Tower with Radar,15,26,38,3,82,0,3,35,1,39,15,29,73,4,121,0,0,0,121
09/20/2009,ILM,NC,ASO,EN,Combined TRACON& Tower with Radar,16,31,33,2,82,0,5,33,4,42,16,36,66,6,124,24,0,24,148
09/21/2009,ILM,NC,ASO,EN,Combined TRACON& Tower with Radar,15,43,43,7,108,0,7,22,0,29,15,50,65,7,137,4,0,4,141
09/22/2009,ILM,NC,ASO,EN,Combined TRACON& Tower with Radar,16,41,22,5,84,0,3,3,0,6,16,44,25,5,90,0,0,0,90
09/23/2009,ILM,NC,ASO,EN,Combined TRACON& Tower with Radar,14,41,23,2,80,0,2,6,0,8,14,43,29,2,88,0,0,0,88
09/24/2009,ILM,NC,ASO,EN,Combined TRACON& Tower with Radar,14,40,43,19,116,0,2,43,2,47,14,42,86,21,163,44,12,56,219
09/25/2009,ILM,NC,ASO,EN,Combined TRACON& Tower with Radar,16,46,46,7,115,0,1,20,1,22,16,47,66,8,137,0,0,0,137
09/26/2009,ILM,NC,ASO,EN,Combined TRACON& Tower with Radar,15,28,21,6,70,0,0,0,0,0,15,28,21,6,70,0,0,0,70
09/27/2009,ILM,NC,ASO,EN,Combined TRACON& Tower with Radar,16,34,56,0,106,0,5,26,2,33,16,39,82,2,139,24,0,24,163
09/28/2009,ILM,NC,ASO,EN,Combined TRACON& Tower with Radar,15,55,37,10,117,0,3,21,2,26,15,58,58,12,143,0,10,10,153
09/29/2009,ILM,NC,ASO,EN,Combined TRACON& Tower with Radar,16,43,45,7,111,0,11,38,1,50,16,54,83,8,161,38,0,38,199
09/30/2009,ILM,NC,ASO,EN,Combined TRACON& Tower with Radar,16,40,53,2,111,0,2,49,2,53,16,42,102,4,164,14,0,14,178
10/01/2009,ILM,NC,ASO,EN,Combined TRACON& Tower with Radar,15,41,47,24,127,0,2,58,0,60,15,43,105,24,187,64,0,64,251
10/02/2009,ILM,NC,ASO,EN,Combined TRACON& Tower with Radar,14,35,54,11,114,0,0,37,1,38,14,35,91,12,152,58,4,62,214
10/03/2009,ILM,NC,ASO,EN,Combined TRACON& Tower with Radar,15,27,29,2,73,0,3,33,9,45,15,30,62,11,118,30,4,34,152
10/04/2009,ILM,NC,ASO,EN,Combined TRACON& Tower with Radar,12,35,40,1,88,0,1,45,2,48,12,36,85,3,136,0,0,0,136
10/05/2009,ILM,NC,ASO,EN,Combined TRACON& Tower with Radar,15,47,33,4,99,0,0,1,0,1,15,47,34,4,100,0,0,0,100
10/06/2009,ILM,NC,ASO,EN,Combined TRACON& Tower with Radar,16,37,44,4,101,0,2,4,0,6,16,39,48,4,107,0,0,0,107
10/07/2009,ILM,NC,ASO,EN,Combined TRACON& Tower with Radar,14,42,33,0,89,0,2,5,0,7,14,44,38,0,96,0,0,0,96
10/08/2009,ILM,NC,ASO,EN,Combined TRACON& Tower with Radar,14,40,50,7,111,0,4,81,2,87,14,44,131,9,198,6,8,14,212
10/09/2009,ILM,NC,ASO,EN,Combined TRACON& Tower with Radar,14,41,52,3,110,0,7,25,3,35,14,48,77,6,145,0,0,0,145
10/10/2009,ILM,NC,ASO,EN,Combined TRACON& Tower with Radar,15,27,23,0,65,0,1,33,1,35,15,28,56,1,100,28,0,28,128
10/11/2009,ILM,NC,ASO,EN,Combined TRACON& Tower with Radar,12,34,41,0,87,0,6,32,0,38,12,40,73,0,125,12,0,12,137
10/12/2009,ILM,NC,ASO,EN,Combined TRACON& Tower with Radar,17,41,45,4,107,0,0,6,0,6,17,41,51,4,113,0,0,0,113
10/13/2009,ILM,NC,ASO,EN,Combined TRACON& Tower with Radar,15,36,41,4,96,0,4,58,6,68,15,40,99,10,164,0,0,0,164
10/14/2009,ILM,NC,ASO,EN,Combined TRACON& Tower with Radar,14,43,35,18,110,0,0,3,2,5,14,43,38,20,115,0,0,0,115
10/15/2009,ILM,NC,ASO,EN,Combined TRACON& Tower with Radar,13,34,46,29,122,0,0,5,3,8,13,34,51,32,130,0,12,12,142
10/16/2009,ILM,NC,ASO,EN,Combined TRACON& Tower with Radar,16,45,52,4,117,0,0,3,0,3,16,45,55,4,120,0,0,0,120
10/17/2009,ILM,NC,ASO,EN,Combined TRACON& Tower with Radar,16,22,35,1,74,0,2,22,7,31,16,24,57,8,105,32,2,34,139
10/18/2009,ILM,NC,ASO,EN,Combined TRACON& Tower with Radar,14,33,46,0,93,0,4,12,0,16,14,37,58,0,109,0,0,0,109
10/19/2009,ILM,NC,ASO,EN,Combined TRACON& Tower with Radar,14,40,48,4,106,0,5,24,5,34,14,45,72,9,140,0,0,0,140
10/20/2009,ILM,NC,ASO,EN,Combined TRACON& Tower with Radar,15,41,46,12,114,0,1,39,6,46,15,42,85,18,160,0,0,0,160
10/21/2009,ILM,NC,ASO,EN,Combined TRACON& Tower with Radar,14,45,45,1,105,0,5,60,1,66,14,50,105,2,171,28,0,28,199
10/22/2009,ILM,NC,ASO,EN,Combined TRACON& Tower with Radar,12,60,45,21,138,0,1,40,3,44,12,61,85,24,182,18,48,66,248
10/23/2009,ILM,NC,ASO,EN,Combined TRACON& Tower with Radar,14,51,57,22,144,0,4,20,3,27,14,55,77,25,171,12,62,74,245
10/24/2009,ILM,NC,ASO,EN,Combined TRACON& Tower with Radar,16,36,17,6,75,0,1,7,0,8,16,37,24,6,83,20,6,26,109
10/25/2009,ILM,NC,ASO,EN,Combined TRACON& Tower with Radar,14,41,42,9,106,0,4,20,0,24,14,45,62,9,130,0,0,0,130
10/26/2009,ILM,NC,ASO,EN,Combined TRACON& Tower with Radar,17,39,31,0,87,0,2,0,0,2,17,41,31,0,89,0,0,0,89
10/27/2009,ILM,NC,ASO,EN,Combined TRACON& Tower with Radar,13,45,28,18,104,0,0,1,0,1,13,45,29,18,105,0,10,10,115
10/28/2009,ILM,NC,ASO,EN,Combined TRACON& Tower with Radar,16,42,47,11,116,0,1,21,6,28,16,43,68,17,144,30,16,46,190
10/29/2009,ILM,NC,ASO,EN,Combined TRACON& Tower with Radar,12,50,48,2,112,0,2,34,0,36,12,52,82,2,148,34,0,34,182
10/30/2009,ILM,NC,ASO,EN,Combined TRACON& Tower with Radar,16,46,58,8,128,0,0,0,0,0,16,46,58,8,128,0,0,0,128
10/31/2009,ILM,NC,ASO,EN,Combined TRACON& Tower with Radar,14,27,44,4,89,0,3,21,0,24,14,30,65,4,113,0,0,0,113
11/01/2009,ILM,NC,ASO,EN,Combined TRACON& Tower with Radar,14,29,41,16,100,0,1,10,0,11,14,30,51,16,111,12,4,16,127
11/02/2009,ILM,NC,ASO,EN,Combined TRACON& Tower with Radar,17,38,35,10,100,0,0,5,0,5,17,38,40,10,105,0,0,0,105
11/03/2009,ILM,NC,ASO,EN,Combined TRACON& Tower with Radar,15,43,24,0,82,0,2,29,1,32,15,45,53,1,114,0,0,0,114
11/04/2009,ILM,NC,ASO,EN,Combined TRACON& Tower with Radar,14,46,51,0,111,0,3,50,1,54,14,49,101,1,165,8,0,8,173
11/05/2009,ILM,NC,ASO,EN,Combined TRACON& Tower with Radar,14,43,51,8,116,0,4,37,0,41,14,47,88,8,157,4,0,4,161
11/06/2009,ILM,NC,ASO,EN,Combined TRACON& Tower with Radar,16,42,68,1,127,0,2,41,0,43,16,44,109,1,170,66,0,66,236
11/07/2009,ILM,NC,ASO,EN,Combined TRACON& Tower with Radar,15,39,42,2,98,0,9,44,1,54,15,48,86,3,152,18,0,18,170
11/08/2009,ILM,NC,ASO,EN,Combined TRACON& Tower with Radar,14,40,32,1,87,0,2,35,0,37,14,42,67,1,124,0,0,0,124
11/09/2009,ILM,NC,ASO,EN,Combined TRACON& Tower with Radar,17,38,33,4,92,0,6,28,5,39,17,44,61,9,131,18,0,18,149
11/10/2009,ILM,NC,ASO,EN,Combined TRACON& Tower with Radar,15,38,28,6,87,0,3,3,2,8,15,41,31,8,95,0,0,0,95
11/11/2009,ILM,NC,ASO,EN,Combined TRACON& Tower with Radar,14,36,16,0,66,0,0,0,0,0,14,36,16,0,66,0,0,0,66
11/12/2009,ILM,NC,ASO,EN,Combined TRACON& Tower with Radar,13,44,23,0,80,0,0,0,0,0,13,44,23,0,80,0,0,0,80
11/13/2009,ILM,NC,ASO,EN,Combined TRACON& Tower with Radar,16,36,47,6,105,0,0,2,0,2,16,36,49,6,107,0,0,0,107
11/14/2009,ILM,NC,ASO,EN,Combined TRACON& Tower with Radar,15,30,28,0,73,0,1,7,0,8,15,31,35,0,81,24,0,24,105
11/15/2009,ILM,NC,ASO,EN,Combined TRACON& Tower with Radar,14,36,42,1,93,0,4,54,1,59,14,40,96,2,152,66,0,66,218
11/16/2009,ILM,NC,ASO,EN,Combined TRACON& Tower with Radar,17,38,44,6,105,0,6,28,2,36,17,44,72,8,141,8,10,18,159
11/17/2009,ILM,NC,ASO,EN,Combined TRACON& Tower with Radar,15,45,42,14,116,0,0,32,0,32,15,45,74,14,148,68,14,82,230
11/18/2009,ILM,NC,ASO,EN,Combined TRACON& Tower with Radar,14,45,34,23,116,0,0,4,2,6,14,45,38,25,122,4,26,30,152
11/19/2009,ILM,NC,ASO,EN,Combined TRACON& Tower with Radar,15,40,54,7,116,0,0,8,1,9,15,40,62,8,125,20,0,20,145
11/20/2009,ILM,NC,ASO,EN,Combined TRACON& Tower with Radar,15,42,63,6,126,0,0,31,0,31,15,42,94,6,157,16,0,16,173
11/21/2009,ILM,NC,ASO,EN,Combined TRACON& Tower with Radar,16,25,49,13,103,0,2,52,6,60,16,27,101,19,163,22,0,22,185
11/22/2009,ILM,NC,ASO,EN,Combined TRACON& Tower with Radar,15,29,35,1,80,0,1,12,3,16,15,30,47,4,96,52,0,52,148
11/23/2009,ILM,NC,ASO,EN,Combined TRACON& Tower with Radar,15,34,32,8,89,0,0,0,0,0,15,34,32,8,89,0,0,0,89
11/24/2009,ILM,NC,ASO,EN,Combined TRACON& Tower with Radar,16,50,82,24,172,0,0,0,0,0,16,50,82,24,172,4,0,4,176
11/25/2009,ILM,NC,ASO,EN,Combined TRACON& Tower with Radar,13,59,67,16,155,0,0,5,0,5,13,59,72,16,160,0,0,0,160
11/26/2009,ILM,NC,ASO,EN,Combined TRACON& Tower with Radar,10,13,30,0,53,0,3,12,0,15,10,16,42,0,68,0,0,0,68
11/27/2009,ILM,NC,ASO,EN,Combined TRACON& Tower with Radar,14,35,32,0,81,0,1,17,0,18,14,36,49,0,99,0,0,0,99
11/28/2009,ILM,NC,ASO,EN,Combined TRACON& Tower with Radar,17,38,60,0,115,0,1,44,0,45,17,39,104,0,160,28,0,28,188
11/29/2009,ILM,NC,ASO,EN,Combined TRACON& Tower with Radar,14,41,86,0,141,0,3,47,2,52,14,44,133,2,193,70,0,70,263
11/30/2009,ILM,NC,ASO,EN,Combined TRACON& Tower with Radar,16,40,46,0,102,0,1,16,0,17,16,41,62,0,119,0,0,0,119
12/01/2009,ILM,NC,ASO,EN,Combined TRACON& Tower with Radar,15,49,53,1,118,0,1,25,1,27,15,50,78,2,145,0,0,0,145
12/02/2009,ILM,NC,ASO,EN,Combined TRACON& Tower with Radar,14,39,21,14,88,0,0,0,0,0,14,39,21,14,88,10,8,18,106
12/03/2009,ILM,NC,ASO,EN,Combined TRACON& Tower with Radar,10,35,36,10,91,0,3,23,0,26,10,38,59,10,117,17,6,23,140
12/04/2009,ILM,NC,ASO,EN,Combined TRACON& Tower with Radar,19,55,48,18,140,0,1,31,0,32,19,56,79,18,172,30,28,58,230
12/05/2009,ILM,NC,ASO,EN,Combined TRACON& Tower with Radar,15,26,18,1,60,0,0,2,0,2,15,26,20,1,62,2,0,2,64
12/06/2009,ILM,NC,ASO,EN,Combined TRACON& Tower with Radar,14,32,41,2,89,0,1,42,2,45,14,33,83,4,134,16,0,16,150
12/07/2009,ILM,NC,ASO,EN,Combined TRACON& Tower with Radar,17,45,44,11,117,0,8,14,0,22,17,53,58,11,139,20,0,20,159
12/08/2009,ILM,NC,ASO,EN,Combined TRACON& Tower with Radar,15,49,39,3,106,0,0,11,5,16,15,49,50,8,122,24,0,24,146
12/09/2009,ILM,NC,ASO,EN,Combined TRACON& Tower with Radar,13,43,26,3,85,0,1,2,0,3,13,44,28,3,88,0,0,0,88
12/10/2009,ILM,NC,ASO,EN,Combined TRACON& Tower with Radar,14,50,49,23,136,0,4,33,0,37,14,54,82,23,173,36,22,58,231
12/11/2009,ILM,NC,ASO,EN,Combined TRACON& Tower with Radar,16,42,53,5,116,0,6,26,6,38,16,48,79,11,154,26,0,26,180
12/12/2009,ILM,NC,ASO,EN,Combined TRACON& Tower with Radar,15,32,19,4,70,0,1,27,0,28,15,33,46,4,98,0,0,0,98
12/13/2009,ILM,NC,ASO,EN,Combined TRACON& Tower with Radar,16,31,12,0,59,0,2,1,0,3,16,33,13,0,62,0,0,0,62
12/14/2009,ILM,NC,ASO,EN,Combined TRACON& Tower with Radar,17,39,44,22,122,0,0,0,0,0,17,39,44,22,122,0,0,0,122
12/15/2009,ILM,NC,ASO,EN,Combined TRACON& Tower with Radar,16,47,22,0,85,0,0,3,0,3,16,47,25,0,88,12,0,12,100
12/16/2009,ILM,NC,ASO,EN,Combined TRACON& Tower with Radar,14,47,46,2,109,0,5,34,0,39,14,52,80,2,148,14,0,14,162
12/17/2009,ILM,NC,ASO,EN,Combined TRACON& Tower with Radar,14,43,66,12,135,0,6,36,0,42,14,49,102,12,177,52,0,52,229
12/18/2009,ILM,NC,ASO,EN,Combined TRACON& Tower with Radar,18,41,55,1,115,0,0,9,4,13,18,41,64,5,128,12,0,12,140
12/19/2009,ILM,NC,ASO,EN,Combined TRACON& Tower with Radar,16,42,32,2,92,0,2,3,0,5,16,44,35,2,97,0,0,0,97
12/20/2009,ILM,NC,ASO,EN,Combined TRACON& Tower with Radar,13,40,42,0,95,0,2,27,2,31,13,42,69,2,126,24,0,24,150
12/21/2009,ILM,NC,ASO,EN,Combined TRACON& Tower with Radar,17,50,47,2,116,0,1,23,0,24,17,51,70,2,140,0,0,0,140
12/22/2009,ILM,NC,ASO,EN,Combined TRACON& Tower with Radar,35,50,63,1,149,0,1,29,0,30,35,51,92,1,179,0,0,0,179
12/23/2009,ILM,NC,ASO,EN,Combined TRACON& Tower with Radar,14,45,53,8,120,0,3,20,2,25,14,48,73,10,145,10,8,18,163
12/24/2009,ILM,NC,ASO,EN,Combined TRACON& Tower with Radar,17,38,42,0,97,0,0,17,1,18,17,38,59,1,115,0,0,0,115
12/25/2009,ILM,NC,ASO,EN,Combined TRACON& Tower with Radar,17,39,26,0,82,0,1,0,0,1,17,40,26,0,83,0,0,0,83
12/26/2009,ILM,NC,ASO,EN,Combined TRACON& Tower with Radar,15,82,94,0,191,0,0,17,0,17,15,82,111,0,208,14,0,14,222
12/27/2009,ILM,NC,ASO,EN,Combined TRACON& Tower with Radar,14,83,72,0,169,0,2,49,1,52,14,85,121,1,221,16,0,16,237
12/28/2009,ILM,NC,ASO,EN,Combined TRACON& Tower with Radar,16,49,54,12,131,0,3,31,0,34,16,52,85,12,165,12,18,30,195
12/29/2009,ILM,NC,ASO,EN,Combined TRACON& Tower with Radar,13,38,40,5,96,0,3,28,0,31,13,41,68,5,127,14,2,16,143
12/30/2009,ILM,NC,ASO,EN,Combined TRACON& Tower with Radar,13,53,50,11,127,0,0,19,0,19,13,53,69,11,146,16,8,24,170
12/31/2009,ILM,NC,ASO,EN,Combined TRACON& Tower with Radar,15,29,19,12,75,0,0,0,5,5,15,29,19,17,80,0,0,0,80
01/01/2010,ILM,NC,ASO,EN,Combined TRACON& Tower with Radar,17,31,30,0,78,0,1,2,1,4,17,32,32,1,82,0,0,0,82
01/02/2010,ILM,NC,ASO,EN,Combined TRACON& Tower with Radar,13,56,93,0,162,0,1,7,0,8,13,57,100,0,170,0,0,0,170
01/03/2010,ILM,NC,ASO,EN,Combined TRACON& Tower with Radar,14,74,93,0,181,0,2,18,0,20,14,76,111,0,201,4,0,4,205
01/04/2010,ILM,NC,ASO,EN,Combined TRACON& Tower with Radar,19,51,43,14,127,0,3,15,2,20,19,54,58,16,147,0,0,0,147
01/05/2010,ILM,NC,ASO,EN,Combined TRACON& Tower with Radar,17,52,46,32,147,0,3,17,1,21,17,55,63,33,168,0,0,0,168
01/06/2010,ILM,NC,ASO,EN,Combined TRACON& Tower with Radar,29,40,47,6,122,0,2,18,0,20,29,42,65,6,142,0,20,20,162
01/07/2010,ILM,NC,ASO,EN,Combined TRACON& Tower with Radar,16,41,59,13,129,0,1,21,0,22,16,42,80,13,151,4,12,16,167
01/08/2010,ILM,NC,ASO,EN,Combined TRACON& Tower with Radar,18,39,18,1,76,0,2,6,3,11,18,41,24,4,87,14,0,14,101
01/09/2010,ILM,NC,ASO,EN,Combined TRACON& Tower with Radar,7,42,22,0,71,0,6,46,0,52,7,48,68,0,123,46,0,46,169
01/10/2010,ILM,NC,ASO,EN,Combined TRACON& Tower with Radar,13,32,31,5,81,0,3,28,0,31,13,35,59,5,112,16,4,20,132
01/11/2010,ILM,NC,ASO,EN,Combined TRACON& Tower with Radar,17,35,34,12,98,0,0,18,0,18,17,35,52,12,116,4,6,10,126
01/12/2010,ILM,NC,ASO,EN,Combined TRACON& Tower with Radar,18,36,30,3,87,0,2,13,1,16,18,38,43,4,103,40,0,40,143
01/13/2010,ILM,NC,ASO,EN,Combined TRACON& Tower with Radar,16,41,47,3,107,0,4,26,0,30,16,45,73,3,137,34,6,40,177
01/14/2010,ILM,NC,ASO,EN,Combined TRACON& Tower with Radar,16,41,53,7,117,0,6,49,4,59,16,47,102,11,176,8,0,8,184
01/15/2010,ILM,NC,ASO,EN,Combined TRACON& Tower with Radar,18,46,62,3,129,0,3,30,1,34,18,49,92,4,163,14,18,32,195
01/16/2010,ILM,NC,ASO,EN,Combined TRACON& Tower with Radar,7,40,49,7,103,0,7,52,1,60,7,47,101,8,163,28,4,32,195
01/17/2010,ILM,NC,ASO,EN,Combined TRACON& Tower with Radar,10,25,25,0,60,0,1,6,2,9,10,26,31,2,69,0,0,0,69
01/18/2010,ILM,NC,ASO,EN,Combined TRACON& Tower with Radar,20,40,66,2,128,0,3,36,1,40,20,43,102,3,168,8,0,8,176
01/19/2010,ILM,NC,ASO,EN,Combined TRACON& Tower with Radar,17,38,41,13,109,0,2,30,3,35,17,40,71,16,144,0,0,0,144
01/20/2010,ILM,NC,ASO,EN,Combined TRACON& Tower with Radar,17,44,56,26,143,0,3,28,0,31,17,47,84,26,174,22,28,50,224
01/21/2010,ILM,NC,ASO,EN,Combined TRACON& Tower with Radar,15,36,47,1,99,0,3,0,0,3,15,39,47,1,102,0,4,4,106
01/22/2010,ILM,NC,ASO,EN,Combined TRACON& Tower with Radar,20,42,47,5,114,0,0,1,0,1,20,42,48,5,115,0,0,0,115
01/23/2010,ILM,NC,ASO,EN,Combined TRACON& Tower with Radar,7,40,38,1,86,0,4,56,3,63,7,44,94,4,149,52,0,52,201
01/24/2010,ILM,NC,ASO,EN,Combined TRACON& Tower with Radar,15,27,46,0,88,0,3,14,3,20,15,30,60,3,108,0,0,0,108
01/25/2010,ILM,NC,ASO,EN,Combined TRACON& Tower with Radar,21,35,23,4,83,0,3,5,1,9,21,38,28,5,92,24,0,24,116
01/26/2010,ILM,NC,ASO,EN,Combined TRACON& Tower with Radar,17,40,44,11,112,0,6,21,3,30,17,46,65,14,142,0,6,6,148
01/27/2010,ILM,NC,ASO,EN,Combined TRACON& Tower with Radar,23,43,54,4,124,0,4,32,1,37,23,47,86,5,161,30,22,52,213
01/28/2010,ILM,NC,ASO,EN,Combined TRACON& Tower with Radar,18,46,72,13,149,0,2,44,4,50,18,48,116,17,199,28,12,40,239
01/29/2010,ILM,NC,ASO,EN,Combined TRACON& Tower with Radar,19,40,49,31,139,0,0,21,8,29,19,40,70,39,168,0,12,12,180
01/30/2010,ILM,NC,ASO,EN,Combined TRACON& Tower with Radar,5,23,2,0,30,0,0,0,0,0,5,23,2,0,30,0,0,0,30
01/31/2010,ILM,NC,ASO,EN,Combined TRACON& Tower with Radar,13,41,48,2,104,0,4,25,6,35,13,45,73,8,139,0,0,0,139
02/01/2010,ILM,NC,ASO,EN,Combined TRACON& Tower with Radar,18,39,48,8,113,0,4,35,0,39,18,43,83,8,152,18,0,18,170
02/02/2010,ILM,NC,ASO,EN,Combined TRACON& Tower with Radar,16,37,26,8,87,0,0,1,1,2,16,37,27,9,89,0,0,0,89
02/03/2010,ILM,NC,ASO,EN,Combined TRACON& Tower with Radar,16,41,34,20,111,0,0,19,1,20,16,41,53,21,131,2,8,10,141
02/04/2010,ILM,NC,ASO,EN,Combined TRACON& Tower with Radar,18,38,57,21,134,0,0,22,1,23,18,38,79,22,157,26,2,28,185
02/05/2010,ILM,NC,ASO,EN,Combined TRACON& Tower with Radar,17,38,28,3,86,0,0,2,2,4,17,38,30,5,90,0,0,0,90
02/06/2010,ILM,NC,ASO,EN,Combined TRACON& Tower with Radar,8,30,15,7,60,0,0,5,0,5,8,30,20,7,65,0,0,0,65
02/07/2010,ILM,NC,ASO,EN,Combined TRACON& Tower with Radar,15,31,65,3,114,0,3,40,1,44,15,34,105,4,158,12,0,12,170
02/08/2010,ILM,NC,ASO,EN,Combined TRACON& Tower with Radar,17,34,62,2,115,0,2,24,0,26,17,36,86,2,141,31,0,31,172
02/09/2010,ILM,NC,ASO,EN,Combined TRACON& Tower with Radar,18,41,31,0,90,0,1,3,0,4,18,42,34,0,94,0,0,0,94
02/10/2010,ILM,NC,ASO,EN,Combined TRACON& Tower with Radar,12,31,27,9,79,0,0,1,1,2,12,31,28,10,81,0,0,0,81
02/11/2010,ILM,NC,ASO,EN,Combined TRACON& Tower with Radar,15,47,78,4,144,0,4,31,0,35,15,51,109,4,179,28,0,28,207
02/12/2010,ILM,NC,ASO,EN,Combined TRACON& Tower with Radar,15,76,97,6,194,0,1,23,4,28,15,77,120,10,222,0,18,18,240
02/13/2010,ILM,NC,ASO,EN,Combined TRACON& Tower with Radar,9,50,50,0,109,0,2,11,0,13,9,52,61,0,122,0,0,0,122
02/14/2010,ILM,NC,ASO,EN,Combined TRACON& Tower with Radar,15,28,44,2,89,0,3,33,0,36,15,31,77,2,125,5,16,21,146
02/15/2010,ILM,NC,ASO,EN,Combined TRACON& Tower with Radar,16,38,63,0,117,0,3,11,0,14,16,41,74,0,131,15,0,15,146
02/16/2010,ILM,NC,ASO,EN,Combined TRACON& Tower with Radar,18,51,38,0,107,0,1,21,0,22,18,52,59,0,129,28,0,28,157
02/17/2010,ILM,NC,ASO,EN,Combined TRACON& Tower with Radar,15,46,65,17,143,0,4,30,2,36,15,50,95,19,179,22,8,30,209
02/18/2010,ILM,NC,ASO,EN,Combined TRACON& Tower with Radar,18,39,38,8,103,0,4,31,4,39,18,43,69,12,142,0,2,2,144
02/19/2010,ILM,NC,ASO,EN,Combined TRACON& Tower with Radar,16,43,89,4,152,0,1,59,1,61,16,44,148,5,213,30,0,30,243
02/20/2010,ILM,NC,ASO,EN,Combined TRACON& Tower with Radar,5,40,56,11,112,0,4,71,1,76,5,44,127,12,188,18,0,18,206
02/21/2010,ILM,NC,ASO,EN,Combined TRACON& Tower with Radar,15,27,68,4,114,0,4,67,0,71,15,31,135,4,185,16,0,16,201
02/22/2010,ILM,NC,ASO,EN,Combined TRACON& Tower with Radar,14,41,19,36,110,0,0,1,0,1,14,41,20,36,111,0,18,18,129
02/23/2010,ILM,NC,ASO,EN,Combined TRACON& Tower with Radar,17,41,42,3,103,0,4,25,3,32,17,45,67,6,135,0,0,0,135
02/24/2010,ILM,NC,ASO,EN,Combined TRACON& Tower with Radar,16,34,37,18,105,0,3,8,0,11,16,37,45,18,116,4,22,26,142
02/25/2010,ILM,NC,ASO,EN,Combined TRACON& Tower with Radar,18,38,39,13,108,0,1,6,1,8,18,39,45,14,116,0,0,0,116
02/26/2010,ILM,NC,ASO,EN,Combined TRACON& Tower with Radar,16,38,32,5,91,0,2,12,0,14,16,40,44,5,105,50,0,50,155
02/27/2010,ILM,NC,ASO,EN,Combined TRACON& Tower with Radar,9,32,44,7,92,0,2,45,3,50,9,34,89,10,142,36,6,42,184
02/28/2010,ILM,NC,ASO,EN,Combined TRACON& Tower with Radar,17,30,52,11,110,0,2,28,6,36,17,32,80,17,146,2,0,2,148
03/01/2010,ILM,NC,ASO,EN,Combined TRACON& Tower with Radar,17,35,48,17,117,0,1,30,2,33,17,36,78,19,150,36,8,44,194
03/02/2010,ILM,NC,ASO,EN,Combined TRACON& Tower with Radar,15,30,23,12,80,0,0,4,0,4,15,30,27,12,84,0,0,0,84
03/03/2010,ILM,NC,ASO,EN,Combined TRACON& Tower with Radar,12,40,27,10,89,0,4,7,1,12,12,44,34,11,101,12,0,12,113
03/04/2010,ILM,NC,ASO,EN,Combined TRACON& Tower with Radar,18,42,51,4,115,0,4,27,3,34,18,46,78,7,149,4,6,10,159
03/05/2010,ILM,NC,ASO,EN,Combined TRACON& Tower with Radar,13,53,65,14,145,0,8,40,0,48,13,61,105,14,193,22,16,38,231
03/06/2010,ILM,NC,ASO,EN,Combined TRACON& Tower with Radar,9,34,46,1,90,0,6,42,4,52,9,40,88,5,142,2,0,2,144
03/07/2010,ILM,NC,ASO,EN,Combined TRACON& Tower with Radar,15,40,46,6,107,0,4,51,3,58,15,44,97,9,165,0,0,0,165
03/08/2010,ILM,NC,ASO,EN,Combined TRACON& Tower with Radar,17,35,28,2,82,0,3,41,3,47,17,38,69,5,129,14,0,14,143
03/09/2010,ILM,NC,ASO,EN,Combined TRACON& Tower with Radar,17,46,50,5,118,0,7,61,2,70,17,53,111,7,188,28,0,28,216
03/10/2010,ILM,NC,ASO,EN,Combined TRACON& Tower with Radar,16,53,50,12,131,0,1,23,4,28,16,54,73,16,159,32,0,32,191
03/11/2010,ILM,NC,ASO,EN,Combined TRACON& Tower with Radar,18,42,26,6,92,0,0,0,0,0,18,42,26,6,92,0,0,0,92
03/12/2010,ILM,NC,ASO,EN,Combined TRACON& Tower with Radar,15,51,50,10,126,0,0,1,2,3,15,51,51,12,129,0,0,0,129
03/13/2010,ILM,NC,ASO,EN,Combined TRACON& Tower with Radar,9,40,39,36,124,0,5,17,0,22,9,45,56,36,146,4,20,24,170
03/14/2010,ILM,NC,ASO,EN,Combined TRACON& Tower with Radar,15,41,53,0,109,0,1,34,0,35,15,42,87,0,144,25,0,25,169
03/15/2010,ILM,NC,ASO,EN,Combined TRACON& Tower with Radar,16,41,48,24,129,0,1,21,4,26,16,42,69,28,155,36,12,48,203
03/16/2010,ILM,NC,ASO,EN,Combined TRACON& Tower with Radar,16,42,50,35,143,0,2,16,0,18,16,44,66,35,161,10,18,28,189
03/17/2010,ILM,NC,ASO,EN,Combined TRACON& Tower with Radar,16,45,48,10,119,0,0,34,1,35,16,45,82,11,154,6,8,14,168
03/18/2010,ILM,NC,ASO,EN,Combined TRACON& Tower with Radar,18,39,51,3,111,0,2,8,4,14,18,41,59,7,125,0,0,0,125
03/19/2010,ILM,NC,ASO,EN,Combined TRACON& Tower with Radar,16,46,57,10,129,0,3,41,2,46,16,49,98,12,175,0,0,0,175
03/20/2010,ILM,NC,ASO,EN,Combined TRACON& Tower with Radar,7,45,63,2,117,0,2,52,3,57,7,47,115,5,174,26,0,26,200
03/21/2010,ILM,NC,ASO,EN,Combined TRACON& Tower with Radar,15,39,62,0,116,0,4,30,0,34,15,43,92,0,150,16,0,16,166
03/22/2010,ILM,NC,ASO,EN,Combined TRACON& Tower with Radar,16,38,35,14,103,0,2,6,0,8,16,40,41,14,111,0,12,12,123
03/23/2010,ILM,NC,ASO,EN,Combined TRACON& Tower with Radar,19,40,44,9,112,0,1,22,2,25,19,41,66,11,137,16,0,16,153
03/24/2010,ILM,NC,ASO,EN,Combined TRACON& Tower with Radar,16,43,52,8,119,0,5,48,2,55,16,48,100,10,174,38,14,52,226
03/25/2010,ILM,NC,ASO,EN,Combined TRACON& Tower with Radar,18,41,43,17,119,0,6,18,0,24,18,47,61,17,143,7,16,23,166
03/26/2010,ILM,NC,ASO,EN,Combined TRACON& Tower with Radar,16,50,60,22,148,0,4,12,7,23,16,54,72,29,171,0,20,20,191
03/27/2010,ILM,NC,ASO,EN,Combined TRACON& Tower with Radar,11,45,31,11,98,0,3,21,2,26,11,48,52,13,124,16,12,28,152
03/28/2010,ILM,NC,ASO,EN,Combined TRACON& Tower with Radar,16,38,76,5,135,0,5,17,5,27,16,43,93,10,162,18,4,22,184
03/29/2010,ILM,NC,ASO,EN,Combined TRACON& Tower with Radar,17,40,38,15,110,0,2,11,2,15,17,42,49,17,125,12,20,32,157
03/30/2010,ILM,NC,ASO,EN,Combined TRACON& Tower with Radar,18,45,48,15,126,0,3,17,10,30,18,48,65,25,156,18,24,42,198
03/31/2010,ILM,NC,ASO,EN,Combined TRACON& Tower with Radar,16,47,53,18,134,0,3,34,2,39,16,50,87,20,173,6,0,6,179
04/01/2010,ILM,NC,ASO,EN,Combined TRACON& Tower with Radar,18,51,72,2,143,0,8,48,0,56,18,59,120,2,199,60,0,60,259
04/02/2010,ILM,NC,ASO,EN,Combined TRACON& Tower with Radar,16,49,65,10,140,0,2,39,0,41,16,51,104,10,181,44,10,54,235
04/03/2010,ILM,NC,ASO,EN,Combined TRACON& Tower with Radar,9,50,62,1,122,0,0,33,0,33,9,50,95,1,155,0,0,0,155
04/04/2010,ILM,NC,ASO,EN,Combined TRACON& Tower with Radar,11,53,64,0,128,0,3,22,4,29,11,56,86,4,157,12,2,14,171
04/05/2010,ILM,NC,ASO,EN,Combined TRACON& Tower with Radar,17,52,70,12,151,0,5,31,0,36,17,57,101,12,187,42,20,62,249
04/06/2010,ILM,NC,ASO,EN,Combined TRACON& Tower with Radar,17,39,60,6,122,0,4,30,0,34,17,43,90,6,156,36,0,36,192
04/07/2010,ILM,NC,ASO,EN,Combined TRACON& Tower with Radar,16,40,46,18,120,0,7,25,3,35,16,47,71,21,155,26,0,26,181
04/08/2010,ILM,NC,ASO,EN,Combined TRACON& Tower with Radar,20,34,46,12,112,0,4,18,0,22,20,38,64,12,134,0,0,0,134
04/09/2010,ILM,NC,ASO,EN,Combined TRACON& Tower with Radar,14,49,55,7,125,0,4,13,3,20,14,53,68,10,145,20,0,20,165
04/10/2010,ILM,NC,ASO,EN,Combined TRACON& Tower with Radar,9,42,38,1,90,0,2,49,4,55,9,44,87,5,145,32,0,32,177
04/11/2010,ILM,NC,ASO,EN,Combined TRACON& Tower with Radar,15,48,73,1,137,0,2,48,0,50,15,50,121,1,187,40,0,40,227
04/12/2010,ILM,NC,ASO,EN,Combined TRACON& Tower with Radar,17,36,39,12,104,0,3,32,0,35,17,39,71,12,139,16,0,16,155
04/13/2010,ILM,NC,ASO,EN,Combined TRACON& Tower with Radar,21,39,65,2,127,0,2,18,0,20,21,41,83,2,147,6,0,6,153
04/14/2010,ILM,NC,ASO,EN,Combined TRACON& Tower with Radar,16,41,48,18,123,0,1,11,2,14,16,42,59,20,137,22,0,22,159
04/15/2010,ILM,NC,ASO,EN,Combined TRACON& Tower with Radar,19,46,69,8,142,0,2,45,0,47,19,48,114,8,189,12,0,12,201
04/16/2010,ILM,NC,ASO,EN,Combined TRACON& Tower with Radar,18,43,50,14,125,0,3,29,0,32,18,46,79,14,157,0,0,0,157
04/17/2010,ILM,NC,ASO,EN,Combined TRACON& Tower with Radar,11,35,40,0,86,0,2,16,2,20,11,37,56,2,106,0,0,0,106
04/18/2010,ILM,NC,ASO,EN,Combined TRACON& Tower with Radar,17,42,85,12,156,0,4,44,4,52,17,46,129,16,208,32,18,50,258
04/19/2010,ILM,NC,ASO,EN,Combined TRACON& Tower with Radar,19,44,55,12,130,0,2,18,0,20,19,46,73,12,150,18,6,24,174
04/20/2010,ILM,NC,ASO,EN,Combined TRACON& Tower with Radar,17,38,36,25,116,0,6,30,2,38,17,44,66,27,154,0,0,0,154
04/21/2010,ILM,NC,ASO,EN,Combined TRACON& Tower with Radar,16,41,38,29,124,0,4,3,3,10,16,45,41,32,134,14,0,14,148
04/22/2010,ILM,NC,ASO,EN,Combined TRACON& Tower with Radar,18,47,83,1,149,0,4,37,12,53,18,51,120,13,202,20,1,21,223
04/23/2010,ILM,NC,ASO,EN,Combined TRACON& Tower with Radar,16,42,74,15,147,0,1,29,4,34,16,43,103,19,181,20,0,20,201
04/24/2010,ILM,NC,ASO,EN,Combined TRACON& Tower with Radar,9,40,60,3,112,0,2,19,2,23,9,42,79,5,135,24,0,24,159
04/25/2010,ILM,NC,ASO,EN,Combined TRACON& Tower with Radar,16,32,38,0,86,0,2,3,0,5,16,34,41,0,91,0,0,0,91
04/26/2010,ILM,NC,ASO,EN,Combined TRACON& Tower with Radar,18,37,25,20,100,0,4,18,9,31,18,41,43,29,131,18,8,26,157
04/27/2010,ILM,NC,ASO,EN,Combined TRACON& Tower with Radar,19,39,38,2,98,0,3,15,17,35,19,42,53,19,133,4,0,4,137
04/28/2010,ILM,NC,ASO,EN,Combined TRACON& Tower with Radar,18,37,57,18,130,0,2,35,23,60,18,39,92,41,190,10,0,10,200
04/29/2010,ILM,NC,ASO,EN,Combined TRACON& Tower with Radar,21,48,55,14,138,0,4,46,5,55,21,52,101,19,193,28,34,62,255
04/30/2010,ILM,NC,ASO,EN,Combined TRACON& Tower with Radar,16,50,62,7,135,0,6,18,11,35,16,56,80,18,170,0,0,0,170
05/01/2010,ILM,NC,ASO,EN,Combined TRACON& Tower with Radar,9,40,34,1,84,0,1,22,0,23,9,41,56,1,107,0,0,0,107
05/02/2010,ILM,NC,ASO,EN,Combined TRACON& Tower with Radar,15,39,51,0,105,0,5,38,2,45,15,44,89,2,150,18,0,18,168
05/03/2010,ILM,NC,ASO,EN,Combined TRACON& Tower with Radar,16,38,35,50,139,0,0,10,0,10,16,38,45,50,149,30,14,44,193
05/04/2010,ILM,NC,ASO,EN,Combined TRACON& Tower with Radar,14,38,30,4,86,0,0,3,0,3,14,38,33,4,89,0,0,0,89
05/05/2010,ILM,NC,ASO,EN,Combined TRACON& Tower with Radar,16,40,31,22,109,0,3,29,0,32,16,43,60,22,141,62,18,80,221
05/06/2010,ILM,NC,ASO,EN,Combined TRACON& Tower with Radar,20,48,50,27,145,0,5,23,1,29,20,53,73,28,174,30,14,44,218
05/07/2010,ILM,NC,ASO,EN,Combined TRACON& Tower with Radar,16,43,59,7,125,0,2,31,3,36,16,45,90,10,161,0,0,0,161
05/08/2010,ILM,NC,ASO,EN,Combined TRACON& Tower with Radar,11,31,36,5,83,0,3,47,1,51,11,34,83,6,134,0,12,12,146
05/09/2010,ILM,NC,ASO,EN,Combined TRACON& Tower with Radar,17,36,37,0,90,0,3,33,0,36,17,39,70,0,126,6,0,6,132
05/10/2010,ILM,NC,ASO,EN,Combined TRACON& Tower with Radar,18,34,46,13,111,0,2,14,5,21,18,36,60,18,132,18,0,18,150
05/11/2010,ILM,NC,ASO,EN,Combined TRACON& Tower with Radar,20,36,36,16,108,0,4,13,2,19,20,40,49,18,127,4,18,22,149
05/12/2010,ILM,NC,ASO,EN,Combined TRACON& Tower with Radar,18,40,63,20,141,0,1,18,8,27,18,41,81,28,168,22,20,42,210
05/13/2010,ILM,NC,ASO,EN,Combined TRACON& Tower with Radar,20,38,73,10,141,0,1,41,1,43,20,39,114,11,184,12,8,20,204
05/14/2010,ILM,NC,ASO,EN,Combined TRACON& Tower with Radar,19,40,46,10,115,0,2,37,2,41,19,42,83,12,156,28,22,50,206
05/15/2010,ILM,NC,ASO,EN,Combined TRACON& Tower with Radar,9,33,35,15,92,0,5,33,5,43,9,38,68,20,135,0,0,0,135
05/16/2010,ILM,NC,ASO,EN,Combined TRACON& Tower with Radar,19,33,43,5,100,0,6,22,2,30,19,39,65,7,130,2,10,12,142
05/17/2010,ILM,NC,ASO,EN,Combined TRACON& Tower with Radar,18,45,28,23,114,0,0,5,4,9,18,45,33,27,123,10,4,14,137
05/18/2010,ILM,NC,ASO,EN,Combined TRACON& Tower with Radar,20,42,39,18,119,0,0,9,0,9,20,42,48,18,128,2,2,4,132
05/19/2010,ILM,NC,ASO,EN,Combined TRACON& Tower with Radar,18,36,54,8,116,0,2,0,0,2,18,38,54,8,118,0,11,11,129
05/20/2010,ILM,NC,ASO,EN,Combined TRACON& Tower with Radar,20,38,72,8,138,0,0,29,2,31,20,38,101,10,169,38,6,44,213
05/21/2010,ILM,NC,ASO,EN,Combined TRACON& Tower with Radar,20,40,63,4,127,0,2,37,1,40,20,42,100,5,167,0,0,0,167
05/22/2010,ILM,NC,ASO,EN,Combined TRACON& Tower with Radar,9,38,39,2,88,0,10,28,0,38,9,48,67,2,126,0,0,0,126
05/23/2010,ILM,NC,ASO,EN,Combined TRACON& Tower with Radar,18,28,48,2,96,0,5,9,0,14,18,33,57,2,110,6,0,6,116
05/24/2010,ILM,NC,ASO,EN,Combined TRACON& Tower with Radar,18,33,37,8,96,0,1,4,0,5,18,34,41,8,101,0,0,0,101
05/25/2010,ILM,NC,ASO,EN,Combined TRACON& Tower with Radar,19,37,27,15,98,0,3,6,2,11,19,40,33,17,109,0,0,0,109
05/26/2010,ILM,NC,ASO,EN,Combined TRACON& Tower with Radar,24,35,31,6,96,0,1,6,2,9,24,36,37,8,105,0,0,0,105
05/27/2010,ILM,NC,ASO,EN,Combined TRACON& Tower with Radar,19,41,52,32,144,0,5,57,6,68,19,46,109,38,212,44,16,60,272
05/28/2010,ILM,NC,ASO,EN,Combined TRACON& Tower with Radar,17,48,64,2,131,0,7,20,0,27,17,55,84,2,158,14,0,14,172
05/29/2010,ILM,NC,ASO,EN,Combined TRACON& Tower with Radar,11,29,37,2,79,0,1,14,3,18,11,30,51,5,97,0,0,0,97
05/30/2010,ILM,NC,ASO,EN,Combined TRACON& Tower with Radar,17,25,39,0,81,0,2,30,4,36,17,27,69,4,117,20,0,20,137
05/31/2010,ILM,NC,ASO,EN,Combined TRACON& Tower with Radar,18,44,89,0,151,0,5,35,0,40,18,49,124,0,191,0,0,0,191
06/01/2010,ILM,NC,ASO,EN,Combined TRACON& Tower with Radar,17,35,48,0,100,0,3,10,0,13,17,38,58,0,113,12,0,12,125
06/02/2010,ILM,NC,ASO,EN,Combined TRACON& Tower with Radar,15,35,38,1,89,0,2,17,1,20,15,37,55,2,109,42,0,42,151
06/03/2010,ILM,NC,ASO,EN,Combined TRACON& Tower with Radar,22,41,59,4,126,0,3,17,4,24,22,44,76,8,150,30,6,36,186
06/04/2010,ILM,NC,ASO,EN,Combined TRACON& Tower with Radar,18,41,45,7,111,0,2,12,2,16,18,43,57,9,127,24,0,24,151
06/05/2010,ILM,NC,ASO,EN,Combined TRACON& Tower with Radar,19,34,39,5,97,0,3,29,1,33,19,37,68,6,130,24,0,24,154
06/06/2010,ILM,NC,ASO,EN,Combined TRACON& Tower with Radar,19,31,58,6,114,0,5,28,0,33,19,36,86,6,147,36,0,36,183
06/07/2010,ILM,NC,ASO,EN,Combined TRACON& Tower with Radar,16,39,44,5,104,0,2,27,0,29,16,41,71,5,133,30,0,30,163
06/08/2010,ILM,NC,ASO,EN,Combined TRACON& Tower with Radar,18,38,45,4,105,0,1,24,8,33,18,39,69,12,138,2,0,2,140
06/09/2010,ILM,NC,ASO,EN,Combined TRACON& Tower with Radar,18,38,61,35,152,0,7,22,4,33,18,45,83,39,185,12,20,32,217
06/10/2010,ILM,NC,ASO,EN,Combined TRACON& Tower with Radar,20,37,49,10,116,0,4,33,2,39,20,41,82,12,155,44,0,44,199
06/11/2010,ILM,NC,ASO,EN,Combined TRACON& Tower with Radar,18,40,58,18,134,0,4,25,3,32,18,44,83,21,166,44,6,50,216
06/12/2010,ILM,NC,ASO,EN,Combined TRACON& Tower with Radar,19,32,45,20,116,0,6,50,17,73,19,38,95,37,189,0,0,0,189
06/13/2010,ILM,NC,ASO,EN,Combined TRACON& Tower with Radar,23,35,52,0,110,0,5,21,0,26,23,40,73,0,136,0,0,0,136
06/14/2010,ILM,NC,ASO,EN,Combined TRACON& Tower with Radar,18,33,50,38,139,0,4,17,0,21,18,37,67,38,160,10,12,22,182
06/15/2010,ILM,NC,ASO,EN,Combined TRACON& Tower with Radar,18,39,53,20,130,12,9,22,0,43,30,48,75,20,173,20,16,36,209
06/16/2010,ILM,NC,ASO,EN,Combined TRACON& Tower with Radar,18,39,52,6,115,0,3,15,5,23,18,42,67,11,138,0,0,0,138
06/17/2010,ILM,NC,ASO,EN,Combined TRACON& Tower with Radar,20,39,48,23,130,0,6,18,2,26,20,45,66,25,156,2,0,2,158
06/18/2010,ILM,NC,ASO,EN,Combined TRACON& Tower with Radar,21,40,48,21,130,0,6,20,5,31,21,46,68,26,161,8,22,30,191
06/19/2010,ILM,NC,ASO,EN,Combined TRACON& Tower with Radar,21,28,52,3,104,0,2,18,1,21,21,30,70,4,125,0,0,0,125
06/20/2010,ILM,NC,ASO,EN,Combined TRACON& Tower with Radar,21,29,46,0,96,0,4,37,6,47,21,33,83,6,143,16,0,16,159
06/21/2010,ILM,NC,ASO,EN,Combined TRACON& Tower with Radar,18,35,52,23,128,0,0,12,0,12,18,35,64,23,140,0,0,0,140
06/22/2010,ILM,NC,ASO,EN,Combined TRACON& Tower with Radar,19,41,54,14,128,0,0,26,0,26,19,41,80,14,154,18,0,18,172
06/23/2010,ILM,NC,ASO,EN,Combined TRACON& Tower with Radar,20,44,58,20,142,0,7,17,2,26,20,51,75,22,168,34,0,34,202
06/24/2010,ILM,NC,ASO,EN,Combined TRACON& Tower with Radar,20,38,61,38,157,0,5,24,2,31,20,43,85,40,188,34,24,58,246
06/25/2010,ILM,NC,ASO,EN,Combined TRACON& Tower with Radar,18,48,57,10,133,0,2,18,0,20,18,50,75,10,153,0,0,0,153
06/26/2010,ILM,NC,ASO,EN,Combined TRACON& Tower with Radar,21,36,31,4,92,0,4,27,1,32,21,40,58,5,124,36,0,36,160
06/27/2010,ILM,NC,ASO,EN,Combined TRACON& Tower with Radar,19,48,47,1,115,0,1,23,3,27,19,49,70,4,142,2,0,2,144
06/28/2010,ILM,NC,ASO,EN,Combined TRACON& Tower with Radar,18,40,53,9,120,0,4,20,1,25,18,44,73,10,145,14,10,24,169
06/29/2010,ILM,NC,ASO,EN,Combined TRACON& Tower with Radar,18,37,43,5,103,0,4,25,3,32,18,41,68,8,135,8,0,8,143
06/30/2010,ILM,NC,ASO,EN,Combined TRACON& Tower with Radar,18,43,56,8,125,0,0,10,0,10,18,43,66,8,135,0,0,0,135
07/01/2010,ILM,NC,ASO,EN,Combined TRACON& Tower with Radar,20,39,50,12,121,0,4,25,7,36,20,43,75,19,157,0,0,0,157
07/02/2010,ILM,NC,ASO,EN,Combined TRACON& Tower with Radar,18,44,71,8,141,0,23,21,0,44,18,67,92,8,185,8,2,10,195
07/03/2010,ILM,NC,ASO,EN,Combined TRACON& Tower with Radar,19,30,39,4,92,0,8,38,2,48,19,38,77,6,140,0,0,0,140
07/04/2010,ILM,NC,ASO,EN,Combined TRACON& Tower with Radar,19,26,26,7,78,0,3,46,2,51,19,29,72,9,129,0,0,0,129
07/05/2010,ILM,NC,ASO,EN,Combined TRACON& Tower with Radar,18,31,49,9,107,0,1,28,0,29,18,32,77,9,136,12,0,12,148
07/06/2010,ILM,NC,ASO,EN,Combined TRACON& Tower with Radar,18,41,38,2,99,0,1,17,6,24,18,42,55,8,123,12,9,21,144
07/07/2010,ILM,NC,ASO,EN,Combined TRACON& Tower with Radar,18,39,44,14,115,0,3,24,0,27,18,42,68,14,142,0,0,0,142
07/08/2010,ILM,NC,ASO,EN,Combined TRACON& Tower with Radar,20,35,56,4,115,0,3,18,0,21,20,38,74,4,136,0,0,0,136
07/09/2010,ILM,NC,ASO,EN,Combined TRACON& Tower with Radar,20,45,55,11,131,0,2,19,4,25,20,47,74,15,156,0,0,0,156
07/10/2010,ILM,NC,ASO,EN,Combined TRACON& Tower with Radar,19,28,32,2,81,0,0,12,2,14,19,28,44,4,95,0,0,0,95
07/11/2010,ILM,NC,ASO,EN,Combined TRACON& Tower with Radar,19,39,40,8,106,0,6,36,5,47,19,45,76,13,153,0,0,0,153
07/12/2010,ILM,NC,ASO,EN,Combined TRACON& Tower with Radar,16,29,26,10,81,0,1,9,1,11,16,30,35,11,92,20,14,34,126
07/13/2010,ILM,NC,ASO,EN,Combined TRACON& Tower with Radar,22,31,28,30,111,0,6,17,0,23,22,37,45,30,134,12,40,52,186
07/14/2010,ILM,NC,ASO,EN,Combined TRACON& Tower with Radar,17,35,28,0,80,0,2,8,0,10,17,37,36,0,90,0,0,0,90
07/15/2010,ILM,NC,ASO,EN,Combined TRACON& Tower with Radar,21,30,53,7,111,0,4,11,1,16,21,34,64,8,127,0,0,0,127
07/16/2010,ILM,NC,ASO,EN,Combined TRACON& Tower with Radar,20,39,40,9,108,0,8,14,8,30,20,47,54,17,138,2,4,6,144
07/17/2010,ILM,NC,ASO,EN,Combined TRACON& Tower with Radar,23,31,17,5,76,0,10,12,6,28,23,41,29,11,104,10,0,10,114
07/18/2010,ILM,NC,ASO,EN,Combined TRACON& Tower with Radar,19,38,44,7,108,0,1,24,8,33,19,39,68,15,141,3,0,3,144
07/19/2010,ILM,NC,ASO,EN,Combined TRACON& Tower with Radar,20,38,45,6,109,0,1,28,6,35,20,39,73,12,144,0,0,0,144
07/20/2010,ILM,NC,ASO,EN,Combined TRACON& Tower with Radar,20,41,41,5,107,0,5,24,3,32,20,46,65,8,139,14,8,22,161
07/21/2010,ILM,NC,ASO,EN,Combined TRACON& Tower with Radar,21,37,47,19,124,0,2,31,4,37,21,39,78,23,161,0,8,8,169
07/22/2010,ILM,NC,ASO,EN,Combined TRACON& Tower with Radar,20,31,56,10,117,0,4,32,5,41,20,35,88,15,158,42,0,42,200
07/23/2010,ILM,NC,ASO,EN,Combined TRACON& Tower with Radar,20,36,49,14,119,0,7,37,2,46,20,43,86,16,165,0,0,0,165
07/24/2010,ILM,NC,ASO,EN,Combined TRACON& Tower with Radar,19,36,43,4,102,0,5,35,0,40,19,41,78,4,142,10,6,16,158
07/25/2010,ILM,NC,ASO,EN,Combined TRACON& Tower with Radar,20,36,52,2,110,0,2,27,0,29,20,38,79,2,139,0,0,0,139
07/26/2010,ILM,NC,ASO,EN,Combined TRACON& Tower with Radar,18,32,45,3,98,0,6,20,0,26,18,38,65,3,124,10,0,10,134
07/27/2010,ILM,NC,ASO,EN,Combined TRACON& Tower with Radar,20,34,23,2,79,0,4,4,0,8,20,38,27,2,87,0,0,0,87
07/28/2010,ILM,NC,ASO,EN,Combined TRACON& Tower with Radar,20,47,47,8,122,0,6,24,5,35,20,53,71,13,157,10,0,10,167
07/29/2010,ILM,NC,ASO,EN,Combined TRACON& Tower with Radar,21,47,50,4,122,0,3,11,0,14,21,50,61,4,136,0,0,0,136
07/30/2010,ILM,NC,ASO,EN,Combined TRACON& Tower with Radar,20,42,65,15,142,0,3,14,6,23,20,45,79,21,165,20,0,20,185
07/31/2010,ILM,NC,ASO,EN,Combined TRACON& Tower with Radar,20,33,37,14,104,0,6,35,2,43,20,39,72,16,147,24,36,60,207
08/01/2010,ILM,NC,ASO,EN,Combined TRACON& Tower with Radar,19,47,49,1,116,0,1,11,0,12,19,48,60,1,128,0,0,0,128
08/02/2010,ILM,NC,ASO,EN,Combined TRACON& Tower with Radar,19,44,45,4,112,0,1,17,4,22,19,45,62,8,134,6,0,6,140
08/03/2010,ILM,NC,ASO,EN,Combined TRACON& Tower with Radar,20,36,30,12,98,0,2,24,0,26,20,38,54,12,124,0,0,0,124
08/04/2010,ILM,NC,ASO,EN,Combined TRACON& Tower with Radar,19,32,33,2,86,0,1,23,2,26,19,33,56,4,112,10,0,10,122
08/05/2010,ILM,NC,ASO,EN,Combined TRACON& Tower with Radar,25,36,35,16,112,0,5,10,4,19,25,41,45,20,131,0,0,0,131
08/06/2010,ILM,NC,ASO,EN,Combined TRACON& Tower with Radar,20,33,60,1,114,0,3,14,2,19,20,36,74,3,133,22,0,22,155
08/07/2010,ILM,NC,ASO,EN,Combined TRACON& Tower with Radar,20,28,33,1,82,0,1,31,2,34,20,29,64,3,116,0,0,0,116
08/08/2010,ILM,NC,ASO,EN,Combined TRACON& Tower with Radar,19,35,69,0,123,0,2,17,0,19,19,37,86,0,142,0,0,0,142
08/09/2010,ILM,NC,ASO,EN,Combined TRACON& Tower with Radar,20,34,42,13,109,0,2,21,1,24,20,36,63,14,133,27,26,53,186
08/10/2010,ILM,NC,ASO,EN,Combined TRACON& Tower with Radar,20,36,46,9,111,0,6,17,2,25,20,42,63,11,136,6,0,6,142
08/11/2010,ILM,NC,ASO,EN,Combined TRACON& Tower with Radar,20,36,56,6,118,0,3,32,7,42,20,39,88,13,160,12,8,20,180
08/12/2010,ILM,NC,ASO,EN,Combined TRACON& Tower with Radar,22,37,55,6,120,0,7,21,5,33,22,44,76,11,153,16,2,18,171
08/13/2010,ILM,NC,ASO,EN,Combined TRACON& Tower with Radar,20,34,46,0,100,0,1,12,0,13,20,35,58,0,113,0,0,0,113
08/14/2010,ILM,NC,ASO,EN,Combined TRACON& Tower with Radar,20,33,31,4,88,0,3,22,2,27,20,36,53,6,115,32,0,32,147
08/15/2010,ILM,NC,ASO,EN,Combined TRACON& Tower with Radar,21,34,35,0,90,0,2,30,1,33,21,36,65,1,123,0,0,0,123
08/16/2010,ILM,NC,ASO,EN,Combined TRACON& Tower with Radar,19,37,58,20,134,0,3,21,0,24,19,40,79,20,158,24,14,38,196
08/17/2010,ILM,NC,ASO,EN,Combined TRACON& Tower with Radar,20,36,50,6,112,0,2,26,2,30,20,38,76,8,142,8,0,8,150
08/18/2010,ILM,NC,ASO,EN,Combined TRACON& Tower with Radar,22,38,70,9,139,0,0,25,0,25,22,38,95,9,164,0,0,0,164
08/19/2010,ILM,NC,ASO,EN,Combined TRACON& Tower with Radar,21,37,26,3,87,0,0,4,1,5,21,37,30,4,92,2,0,2,94
08/20/2010,ILM,NC,ASO,EN,Combined TRACON& Tower with Radar,22,38,44,18,122,0,3,14,5,22,22,41,58,23,144,0,0,0,144
08/21/2010,ILM,NC,ASO,EN,Combined TRACON& Tower with Radar,22,26,44,3,95,0,1,44,0,45,22,27,88,3,140,0,0,0,140
08/22/2010,ILM,NC,ASO,EN,Combined TRACON& Tower with Radar,22,27,42,3,94,0,1,13,2,16,22,28,55,5,110,0,0,0,110
08/23/2010,ILM,NC,ASO,EN,Combined TRACON& Tower with Radar,17,39,32,0,88,0,2,19,0,21,17,41,51,0,109,38,0,38,147
08/24/2010,ILM,NC,ASO,EN,Combined TRACON& Tower with Radar,20,34,32,6,92,0,3,11,2,16,20,37,43,8,108,0,0,0,108
08/25/2010,ILM,NC,ASO,EN,Combined TRACON& Tower with Radar,20,34,69,18,141,0,1,25,5,31,20,35,94,23,172,0,0,0,172
08/26/2010,ILM,NC,ASO,EN,Combined TRACON& Tower with Radar,19,39,55,19,132,0,4,35,3,42,19,43,90,22,174,0,0,0,174
08/27/2010,ILM,NC,ASO,EN,Combined TRACON& Tower with Radar,20,38,49,6,113,0,2,26,3,31,20,40,75,9,144,6,20,26,170
08/28/2010,ILM,NC,ASO,EN,Combined TRACON& Tower with Radar,22,24,23,1,70,0,3,54,0,57,22,27,77,1,127,0,0,0,127
08/29/2010,ILM,NC,ASO,EN,Combined TRACON& Tower with Radar,21,33,44,2,100,0,4,46,4,54,21,37,90,6,154,0,0,0,154
08/30/2010,ILM,NC,ASO,EN,Combined TRACON& Tower with Radar,19,33,38,21,111,0,4,31,4,39,19,37,69,25,150,0,0,0,150
08/31/2010,ILM,NC,ASO,EN,Combined TRACON& Tower with Radar,22,36,30,8,96,0,3,34,6,43,22,39,64,14,139,38,14,52,191
09/01/2010,ILM,NC,ASO,EN,Combined TRACON& Tower with Radar,20,39,36,13,108,0,2,20,1,23,20,41,56,14,131,26,0,26,157
09/02/2010,ILM,NC,ASO,EN,Combined TRACON& Tower with Radar,21,34,30,0,85,0,3,0,0,3,21,37,30,0,88,0,0,0,88
09/03/2010,ILM,NC,ASO,EN,Combined TRACON& Tower with Radar,20,45,51,2,118,0,2,21,1,24,20,47,72,3,142,0,0,0,142
09/04/2010,ILM,NC,ASO,EN,Combined TRACON& Tower with Radar,21,34,47,2,104,0,2,48,5,55,21,36,95,7,159,12,0,12,171
09/05/2010,ILM,NC,ASO,EN,Combined TRACON& Tower with Radar,20,23,28,0,71,0,4,26,0,30,20,27,54,0,101,16,0,16,117
09/06/2010,ILM,NC,ASO,EN,Combined TRACON& Tower with Radar,18,39,62,7,126,0,1,29,0,30,18,40,91,7,156,14,0,14,170
09/07/2010,ILM,NC,ASO,EN,Combined TRACON& Tower with Radar,19,34,44,0,97,0,6,17,0,23,19,40,61,0,120,0,0,0,120
09/08/2010,ILM,NC,ASO,EN,Combined TRACON& Tower with Radar,20,42,51,9,122,0,2,11,1,14,20,44,62,10,136,20,8,28,164
09/09/2010,ILM,NC,ASO,EN,Combined TRACON& Tower with Radar,21,51,64,43,179,0,0,21,4,25,21,51,85,47,204,0,40,40,244
09/10/2010,ILM,NC,ASO,EN,Combined TRACON& Tower with Radar,18,49,36,25,128,0,7,28,4,39,18,56,64,29,167,12,6,18,185
09/11/2010,ILM,NC,ASO,EN,Combined TRACON& Tower with Radar,21,30,31,24,106,0,3,20,15,38,21,33,51,39,144,4,0,4,148
09/12/2010,ILM,NC,ASO,EN,Combined TRACON& Tower with Radar,25,36,35,1,97,0,2,7,2,11,25,38,42,3,108,44,0,44,152
09/13/2010,ILM,NC,ASO,EN,Combined TRACON& Tower with Radar,18,33,31,18,100,0,2,29,8,39,18,35,60,26,139,42,32,74,213
09/14/2010,ILM,NC,ASO,EN,Combined TRACON& Tower with Radar,21,38,42,5,106,0,4,39,0,43,21,42,81,5,149,0,0,0,149
09/15/2010,ILM,NC,ASO,EN,Combined TRACON& Tower with Radar,18,36,39,0,93,0,3,19,0,22,18,39,58,0,115,0,0,0,115
09/16/2010,ILM,NC,ASO,EN,Combined TRACON& Tower with Radar,20,35,52,5,112,0,5,23,4,32,20,40,75,9,144,0,10,10,154
09/17/2010,ILM,NC,ASO,EN,Combined TRACON& Tower with Radar,20,41,69,17,147,0,5,36,4,45,20,46,105,21,192,0,0,0,192
09/18/2010,ILM,NC,ASO,EN,Combined TRACON& Tower with Radar,17,28,16,0,61,0,4,18,0,22,17,32,34,0,83,0,0,0,83
09/19/2010,ILM,NC,ASO,EN,Combined TRACON& Tower with Radar,23,27,50,1,101,0,1,36,0,37,23,28,86,1,138,20,0,20,158
09/20/2010,ILM,NC,ASO,EN,Combined TRACON& Tower with Radar,21,33,49,15,118,0,2,32,3,37,21,35,81,18,155,4,0,4,159
09/21/2010,ILM,NC,ASO,EN,Combined TRACON& Tower with Radar,18,39,65,18,140,0,3,25,2,30,18,42,90,20,170,0,0,0,170
09/22/2010,ILM,NC,ASO,EN,Combined TRACON& Tower with Radar,22,37,49,24,132,0,10,26,2,38,22,47,75,26,170,4,34,38,208
09/23/2010,ILM,NC,ASO,EN,Combined TRACON& Tower with Radar,19,34,48,5,106,0,5,26,2,33,19,39,74,7,139,18,0,18,157
09/24/2010,ILM,NC,ASO,EN,Combined TRACON& Tower with Radar,18,42,59,8,127,0,5,34,2,41,18,47,93,10,168,8,0,8,176
09/25/2010,ILM,NC,ASO,EN,Combined TRACON& Tower with Radar,19,26,28,6,79,0,2,22,7,31,19,28,50,13,110,0,0,0,110
09/26/2010,ILM,NC,ASO,EN,Combined TRACON& Tower with Radar,21,28,29,5,83,0,3,15,3,21,21,31,44,8,104,12,0,12,116
09/27/2010,ILM,NC,ASO,EN,Combined TRACON& Tower with Radar,19,23,10,0,52,0,0,0,0,0,19,23,10,0,52,0,0,0,52
09/28/2010,ILM,NC,ASO,EN,Combined TRACON& Tower with Radar,19,34,33,16,102,0,2,10,0,12,19,36,43,16,114,8,16,24,138
09/29/2010,ILM,NC,ASO,EN,Combined TRACON& Tower with Radar,21,41,22,0,84,0,0,0,0,0,21,41,22,0,84,0,0,0,84
09/30/2010,ILM,NC,ASO,EN,Combined TRACON& Tower with Radar,19,34,20,0,73,0,0,0,0,0,19,34,20,0,73,0,0,0,73
10/01/2010,ILM,NC,ASO,EN,Combined TRACON& Tower with Radar,17,39,38,13,107,0,0,11,0,11,17,39,49,13,118,0,0,0,118
10/02/2010,ILM,NC,ASO,EN,Combined TRACON& Tower with Radar,20,24,38,5,87,0,3,44,5,52,20,27,82,10,139,4,0,4,143
10/03/2010,ILM,NC,ASO,EN,Combined TRACON& Tower with Radar,22,24,43,8,97,0,1,0,0,1,22,25,43,8,98,0,0,0,98
10/04/2010,ILM,NC,ASO,EN,Combined TRACON& Tower with Radar,19,37,36,12,104,0,2,20,0,22,19,39,56,12,126,28,0,28,154
10/05/2010,ILM,NC,ASO,EN,Combined TRACON& Tower with Radar,17,33,41,10,101,0,1,29,3,33,17,34,70,13,134,0,0,0,134
10/06/2010,ILM,NC,ASO,EN,Combined TRACON& Tower with Radar,18,35,55,6,114,0,2,22,2,26,18,37,77,8,140,32,0,32,172
10/07/2010,ILM,NC,ASO,EN,Combined TRACON& Tower with Radar,20,40,61,14,135,0,4,18,3,25,20,44,79,17,160,46,8,54,214
10/08/2010,ILM,NC,ASO,EN,Combined TRACON& Tower with Radar,18,41,76,4,139,0,3,32,4,39,18,44,108,8,178,28,0,28,206
10/09/2010,ILM,NC,ASO,EN,Combined TRACON& Tower with Radar,21,23,38,3,85,0,4,45,5,54,21,27,83,8,139,0,0,0,139
10/10/2010,ILM,NC,ASO,EN,Combined TRACON& Tower with Radar,24,30,61,4,119,0,1,31,1,33,24,31,92,5,152,16,0,16,168
10/11/2010,ILM,NC,ASO,EN,Combined TRACON& Tower with Radar,18,34,40,8,100,0,1,37,2,40,18,35,77,10,140,48,0,48,188
10/12/2010,ILM,NC,ASO,EN,Combined TRACON& Tower with Radar,18,30,47,27,122,0,2,20,3,25,18,32,67,30,147,0,8,8,155
10/13/2010,ILM,NC,ASO,EN,Combined TRACON& Tower with Radar,22,38,36,14,110,0,2,15,1,18,22,40,51,15,128,0,4,4,132
10/14/2010,ILM,NC,ASO,EN,Combined TRACON& Tower with Radar,20,38,46,4,108,0,0,16,0,16,20,38,62,4,124,2,0,2,126
10/15/2010,ILM,NC,ASO,EN,Combined TRACON& Tower with Radar,23,33,54,19,129,0,4,31,6,41,23,37,85,25,170,20,12,32,202
10/16/2010,ILM,NC,ASO,EN,Combined TRACON& Tower with Radar,21,23,49,2,95,0,1,42,1,44,21,24,91,3,139,22,2,24,163
10/17/2010,ILM,NC,ASO,EN,Combined TRACON& Tower with Radar,23,33,35,1,92,0,3,50,3,56,23,36,85,4,148,8,0,8,156
10/18/2010,ILM,NC,ASO,EN,Combined TRACON& Tower with Radar,18,34,43,9,104,0,2,31,3,36,18,36,74,12,140,40,0,40,180
10/19/2010,ILM,NC,ASO,EN,Combined TRACON& Tower with Radar,18,35,47,23,123,0,2,21,8,31,18,37,68,31,154,4,16,20,174
10/20/2010,ILM,NC,ASO,EN,Combined TRACON& Tower with Radar,22,38,59,17,136,0,2,9,3,14,22,40,68,20,150,2,18,20,170
10/21/2010,ILM,NC,ASO,EN,Combined TRACON& Tower with Radar,20,38,80,11,149,0,3,27,1,31,20,41,107,12,180,0,0,0,180
10/22/2010,ILM,NC,ASO,EN,Combined TRACON& Tower with Radar,18,39,42,13,112,0,6,43,3,52,18,45,85,16,164,60,10,70,234
10/23/2010,ILM,NC,ASO,EN,Combined TRACON& Tower with Radar,25,24,27,2,78,0,2,42,0,44,25,26,69,2,122,10,0,10,132
10/24/2010,ILM,NC,ASO,EN,Combined TRACON& Tower with Radar,20,31,64,6,121,0,1,40,0,41,20,32,104,6,162,12,0,12,174
10/25/2010,ILM,NC,ASO,EN,Combined TRACON& Tower with Radar,16,38,26,3,83,0,1,5,2,8,16,39,31,5,91,14,0,14,105
10/26/2010,ILM,NC,ASO,EN,Combined TRACON& Tower with Radar,17,38,23,4,82,0,2,18,0,20,17,40,41,4,102,0,0,0,102
10/27/2010,ILM,NC,ASO,EN,Combined TRACON& Tower with Radar,17,29,47,14,107,0,1,1,0,2,17,30,48,14,109,0,0,0,109
10/28/2010,ILM,NC,ASO,EN,Combined TRACON& Tower with Radar,21,40,56,9,126,0,2,12,2,16,21,42,68,11,142,2,0,2,144
10/29/2010,ILM,NC,ASO,EN,Combined TRACON& Tower with Radar,18,35,43,5,101,0,2,37,2,41,18,37,80,7,142,24,0,24,166
10/30/2010,ILM,NC,ASO,EN,Combined TRACON& Tower with Radar,21,22,30,0,73,0,4,82,1,87,21,26,112,1,160,56,0,56,216
10/31/2010,ILM,NC,ASO,EN,Combined TRACON& Tower with Radar,21,31,51,2,105,0,1,36,1,38,21,32,87,3,143,14,0,14,157
11/01/2010,ILM,NC,ASO,EN,Combined TRACON& Tower with Radar,18,32,43,4,97,0,2,24,2,28,18,34,67,6,125,20,0,20,145
11/02/2010,ILM,NC,ASO,EN,Combined TRACON& Tower with Radar,18,41,48,39,146,0,4,25,4,33,18,45,73,43,179,24,30,54,233
11/03/2010,ILM,NC,ASO,EN,Combined TRACON& Tower with Radar,17,37,43,7,104,0,0,3,1,4,17,37,46,8,108,0,0,0,108
11/04/2010,ILM,NC,ASO,EN,Combined TRACON& Tower with Radar,17,50,38,2,107,0,0,0,1,1,17,50,38,3,108,0,0,0,108
11/05/2010,ILM,NC,ASO,EN,Combined TRACON& Tower with Radar,18,44,43,1,106,0,4,27,4,35,18,48,70,5,141,0,10,10,151
11/06/2010,ILM,NC,ASO,EN,Combined TRACON& Tower with Radar,19,26,45,2,92,0,2,33,4,39,19,28,78,6,131,0,0,0,131
11/07/2010,ILM,NC,ASO,EN,Combined TRACON& Tower with Radar,21,32,43,3,99,0,3,35,6,44,21,35,78,9,143,6,0,6,149
11/08/2010,ILM,NC,ASO,EN,Combined TRACON& Tower with Radar,18,31,59,40,148,0,1,15,6,22,18,32,74,46,170,14,46,60,230
11/09/2010,ILM,NC,ASO,EN,Combined TRACON& Tower with Radar,18,33,39,22,112,0,4,38,3,45,18,37,77,25,157,20,16,36,193
11/10/2010,ILM,NC,ASO,EN,Combined TRACON& Tower with Radar,16,33,59,17,125,0,1,20,1,22,16,34,79,18,147,6,10,16,163
11/11/2010,ILM,NC,ASO,EN,Combined TRACON& Tower with Radar,20,35,34,0,89,0,1,13,2,16,20,36,47,2,105,0,0,0,105
11/12/2010,ILM,NC,ASO,EN,Combined TRACON& Tower with Radar,18,38,54,0,110,0,7,29,0,36,18,45,83,0,146,46,6,52,198
11/13/2010,ILM,NC,ASO,EN,Combined TRACON& Tower with Radar,21,24,36,8,89,0,4,42,0,46,21,28,78,8,135,0,0,0,135
11/14/2010,ILM,NC,ASO,EN,Combined TRACON& Tower with Radar,20,42,59,2,123,0,0,44,1,45,20,42,103,3,168,8,0,8,176
11/15/2010,ILM,NC,ASO,EN,Combined TRACON& Tower with Radar,18,48,36,22,124,0,4,35,5,44,18,52,71,27,168,19,22,41,209
11/16/2010,ILM,NC,ASO,EN,Combined TRACON& Tower with Radar,20,34,30,9,93,0,0,9,3,12,20,34,39,12,105,8,0,8,113
11/17/2010,ILM,NC,ASO,EN,Combined TRACON& Tower with Radar,18,44,49,7,118,0,1,24,6,31,18,45,73,13,149,2,24,26,175
11/18/2010,ILM,NC,ASO,EN,Combined TRACON& Tower with Radar,20,45,70,6,141,0,1,39,2,42,20,46,109,8,183,28,2,30,213
11/19/2010,ILM,NC,ASO,EN,Combined TRACON& Tower with Radar,18,39,54,8,119,0,1,37,4,42,18,40,91,12,161,8,6,14,175
11/20/2010,ILM,NC,ASO,EN,Combined TRACON& Tower with Radar,19,28,52,9,108,0,3,43,6,52,19,31,95,15,160,0,0,0,160
11/21/2010,ILM,NC,ASO,EN,Combined TRACON& Tower with Radar,23,33,43,0,99,0,1,39,2,42,23,34,82,2,141,28,0,28,169
11/22/2010,ILM,NC,ASO,EN,Combined TRACON& Tower with Radar,18,34,35,9,96,0,3,22,0,25,18,37,57,9,121,34,0,34,155
11/23/2010,ILM,NC,ASO,EN,Combined TRACON& Tower with Radar,18,43,74,11,146,0,1,22,0,23,18,44,96,11,169,0,0,0,169
11/24/2010,ILM,NC,ASO,EN,Combined TRACON& Tower with Radar,20,43,67,7,137,0,8,32,1,41,20,51,99,8,178,0,0,0,178
11/25/2010,ILM,NC,ASO,EN,Combined TRACON& Tower with Radar,10,17,16,0,43,0,1,9,0,10,10,18,25,0,53,0,0,0,53
11/26/2010,ILM,NC,ASO,EN,Combined TRACON& Tower with Radar,18,24,19,0,61,0,7,9,0,16,18,31,28,0,77,20,0,20,97
11/27/2010,ILM,NC,ASO,EN,Combined TRACON& Tower with Radar,21,33,42,2,98,0,1,22,2,25,21,34,64,4,123,0,0,0,123
11/28/2010,ILM,NC,ASO,EN,Combined TRACON& Tower with Radar,21,48,74,0,143,0,3,34,2,39,21,51,108,2,182,54,0,54,236
11/29/2010,ILM,NC,ASO,EN,Combined TRACON& Tower with Radar,18,32,49,27,126,0,3,13,9,25,18,35,62,36,151,28,14,42,193
11/30/2010,ILM,NC,ASO,EN,Combined TRACON& Tower with Radar,18,33,38,8,97,0,9,3,2,14,18,42,41,10,111,6,0,6,117
12/01/2010,ILM,NC,ASO,EN,Combined TRACON& Tower with Radar,17,28,22,16,83,0,2,3,0,5,17,30,25,16,88,0,0,0,88
12/02/2010,ILM,NC,ASO,EN,Combined TRACON& Tower with Radar,20,30,44,6,100,0,1,20,1,22,20,31,64,7,122,56,4,60,182
12/03/2010,ILM,NC,ASO,EN,Combined TRACON& Tower with Radar,18,42,40,29,129,0,3,20,1,24,18,45,60,30,153,38,20,58,211
12/04/2010,ILM,NC,ASO,EN,Combined TRACON& Tower with Radar,14,22,21,16,73,0,2,27,5,34,14,24,48,21,107,14,22,36,143
12/05/2010,ILM,NC,ASO,EN,Combined TRACON& Tower with Radar,19,24,35,7,85,0,3,18,2,23,19,27,53,9,108,20,0,20,128
12/06/2010,ILM,NC,ASO,EN,Combined TRACON& Tower with Radar,17,29,20,12,78,0,3,9,4,16,17,32,29,16,94,36,0,36,130
12/07/2010,ILM,NC,ASO,EN,Combined TRACON& Tower with Radar,16,31,28,10,85,0,2,11,6,19,16,33,39,16,104,2,4,6,110
12/08/2010,ILM,NC,ASO,EN,Combined TRACON& Tower with Radar,18,31,41,27,117,0,3,17,2,22,18,34,58,29,139,10,6,16,155
12/09/2010,ILM,NC,ASO,EN,Combined TRACON& Tower with Radar,16,37,33,16,102,0,10,26,2,38,16,47,59,18,140,4,4,8,148
12/10/2010,ILM,NC,ASO,EN,Combined TRACON& Tower with Radar,20,39,41,11,111,0,0,38,3,41,20,39,79,14,152,34,10,44,196
12/11/2010,ILM,NC,ASO,EN,Combined TRACON& Tower with Radar,14,20,16,1,51,0,0,0,0,0,14,20,16,1,51,0,0,0,51
12/12/2010,ILM,NC,ASO,EN,Combined TRACON& Tower with Radar,17,22,27,12,78,0,2,8,0,10,17,24,35,12,88,0,0,0,88
12/13/2010,ILM,NC,ASO,EN,Combined TRACON& Tower with Radar,17,29,31,4,81,0,0,3,0,3,17,29,34,4,84,0,0,0,84
12/14/2010,ILM,NC,ASO,EN,Combined TRACON& Tower with Radar,19,32,35,4,90,0,5,10,0,15,19,37,45,4,105,0,0,0,105
12/15/2010,ILM,NC,ASO,EN,Combined TRACON& Tower with Radar,17,31,50,7,105,0,1,21,1,23,17,32,71,8,128,2,10,12,140
12/16/2010,ILM,NC,ASO,EN,Combined TRACON& Tower with Radar,17,30,24,0,71,0,3,6,0,9,17,33,30,0,80,0,0,0,80
12/17/2010,ILM,NC,ASO,EN,Combined TRACON& Tower with Radar,18,40,63,4,125,0,1,29,1,31,18,41,92,5,156,0,0,0,156
12/18/2010,ILM,NC,ASO,EN,Combined TRACON& Tower with Radar,19,30,42,2,93,0,0,1,0,1,19,30,43,2,94,0,0,0,94
12/19/2010,ILM,NC,ASO,EN,Combined TRACON& Tower with Radar,21,35,65,0,121,0,4,20,0,24,21,39,85,0,145,34,0,34,179
12/20/2010,ILM,NC,ASO,EN,Combined TRACON& Tower with Radar,17,47,62,6,132,0,1,20,2,23,17,48,82,8,155,4,10,14,169
12/21/2010,ILM,NC,ASO,EN,Combined TRACON& Tower with Radar,18,40,63,21,142,0,2,30,0,32,18,42,93,21,174,0,0,0,174
12/22/2010,ILM,NC,ASO,EN,Combined TRACON& Tower with Radar,19,42,69,0,130,0,0,28,2,30,19,42,97,2,160,52,28,80,240
12/23/2010,ILM,NC,ASO,EN,Combined TRACON& Tower with Radar,20,45,50,0,115,0,4,15,2,21,20,49,65,2,136,12,0,12,148
12/24/2010,ILM,NC,ASO,EN,Combined TRACON& Tower with Radar,17,42,49,0,108,0,1,22,0,23,17,43,71,0,131,32,0,32,163
12/25/2010,ILM,NC,ASO,EN,Combined TRACON& Tower with Radar,19,33,24,0,76,0,4,4,0,8,19,37,28,0,84,0,0,0,84
12/26/2010,ILM,NC,ASO,EN,Combined TRACON& Tower with Radar,20,26,43,0,89,0,0,0,0,0,20,26,43,0,89,0,0,0,89
12/27/2010,ILM,NC,ASO,EN,Combined TRACON& Tower with Radar,17,57,71,0,145,0,3,8,1,12,17,60,79,1,157,0,0,0,157
12/28/2010,ILM,NC,ASO,EN,Combined TRACON& Tower with Radar,17,60,92,8,177,0,6,24,0,30,17,66,116,8,207,58,8,66,273
12/29/2010,ILM,NC,ASO,EN,Combined TRACON& Tower with Radar,18,63,56,2,139,0,1,32,0,33,18,64,88,2,172,4,0,4,176
12/30/2010,ILM,NC,ASO,EN,Combined TRACON& Tower with Radar,22,41,40,4,107,0,6,32,0,38,22,47,72,4,145,0,0,0,145
12/31/2010,ILM,NC,ASO,EN,Combined TRACON& Tower with Radar,18,30,36,0,84,0,5,45,7,57,18,35,81,7,141,0,0,0,141
01/01/2011,ILM,NC,ASO,EN,Combined TRACON& Tower with Radar,16,37,66,0,119,0,1,17,0,18,16,38,83,0,137,0,0,0,137
01/02/2011,ILM,NC,ASO,EN,Combined TRACON& Tower with Radar,23,85,106,0,214,0,0,7,0,7,23,85,113,0,221,0,0,0,221
01/03/2011,ILM,NC,ASO,EN,Combined TRACON& Tower with Radar,18,47,50,10,125,0,2,32,0,34,18,49,82,10,159,28,8,36,195
01/04/2011,ILM,NC,ASO,EN,Combined TRACON& Tower with Radar,16,36,36,8,96,0,3,26,2,31,16,39,62,10,127,34,10,44,171
01/05/2011,ILM,NC,ASO,EN,Combined TRACON& Tower with Radar,17,36,34,23,110,0,4,14,1,19,17,40,48,24,129,0,0,0,129
01/06/2011,ILM,NC,ASO,EN,Combined TRACON& Tower with Radar,15,35,59,7,116,0,13,45,4,62,15,48,104,11,178,0,0,0,178
01/07/2011,ILM,NC,ASO,EN,Combined TRACON& Tower with Radar,16,34,42,17,109,0,4,17,0,21,16,38,59,17,130,0,0,0,130
01/08/2011,ILM,NC,ASO,EN,Combined TRACON& Tower with Radar,10,38,27,0,75,0,1,16,0,17,10,39,43,0,92,14,0,14,106
01/09/2011,ILM,NC,ASO,EN,Combined TRACON& Tower with Radar,18,26,51,6,101,0,3,28,4,35,18,29,79,10,136,0,0,0,136
01/10/2011,ILM,NC,ASO,EN,Combined TRACON& Tower with Radar,8,4,1,0,13,0,0,0,0,0,8,4,1,0,13,0,0,0,13
01/11/2011,ILM,NC,ASO,EN,Combined TRACON& Tower with Radar,1,14,10,0,25,0,0,0,0,0,1,14,10,0,25,0,0,0,25
01/12/2011,ILM,NC,ASO,EN,Combined TRACON& Tower with Radar,19,31,18,9,77,0,3,13,2,18,19,34,31,11,95,0,10,10,105
01/13/2011,ILM,NC,ASO,EN,Combined TRACON& Tower with Radar,18,38,42,5,103,0,1,20,11,32,18,39,62,16,135,30,6,36,171
01/14/2011,ILM,NC,ASO,EN,Combined TRACON& Tower with Radar,30,45,51,15,141,0,5,27,3,35,30,50,78,18,176,46,30,76,252
01/15/2011,ILM,NC,ASO,EN,Combined TRACON& Tower with Radar,12,27,42,2,83,0,2,53,5,60,12,29,95,7,143,16,0,16,159
01/16/2011,ILM,NC,ASO,EN,Combined TRACON& Tower with Radar,18,23,31,0,72,0,1,45,2,48,18,24,76,2,120,0,0,0,120
01/17/2011,ILM,NC,ASO,EN,Combined TRACON& Tower with Radar,15,40,45,0,100,0,0,2,0,2,15,40,47,0,102,0,0,0,102
01/18/2011,ILM,NC,ASO,EN,Combined TRACON& Tower with Radar,14,38,28,7,87,0,0,0,0,0,14,38,28,7,87,0,0,0,87
01/19/2011,ILM,NC,ASO,EN,Combined TRACON& Tower with Radar,15,37,47,19,118,0,1,3,1,5,15,38,50,20,123,0,0,0,123
01/20/2011,ILM,NC,ASO,EN,Combined TRACON& Tower with Radar,18,40,63,27,148,0,1,27,3,31,18,41,90,30,179,38,30,68,247
01/21/2011,ILM,NC,ASO,EN,Combined TRACON& Tower with Radar,18,34,34,10,96,0,2,13,3,18,18,36,47,13,114,0,0,0,114
01/22/2011,ILM,NC,ASO,EN,Combined TRACON& Tower with Radar,12,29,20,3,64,0,1,13,2,16,12,30,33,5,80,100,4,104,184
01/23/2011,ILM,NC,ASO,EN,Combined TRACON& Tower with Radar,20,24,38,1,83,0,3,47,1,51,20,27,85,2,134,58,0,58,192
01/24/2011,ILM,NC,ASO,EN,Combined TRACON& Tower with Radar,16,35,24,0,75,0,2,23,4,29,16,37,47,4,104,68,0,68,172
01/25/2011,ILM,NC,ASO,EN,Combined TRACON& Tower with Radar,16,31,20,4,71,0,0,0,0,0,16,31,20,4,71,0,0,0,71
01/26/2011,ILM,NC,ASO,EN,Combined TRACON& Tower with Radar,15,29,20,4,68,0,1,3,0,4,15,30,23,4,72,0,0,0,72
01/27/2011,ILM,NC,ASO,EN,Combined TRACON& Tower with Radar,15,38,38,13,104,0,2,25,3,30,15,40,63,16,134,22,26,48,182
01/28/2011,ILM,NC,ASO,EN,Combined TRACON& Tower with Radar,16,36,28,18,98,0,1,23,1,25,16,37,51,19,123,36,0,36,159
01/29/2011,ILM,NC,ASO,EN,Combined TRACON& Tower with Radar,12,31,32,3,78,0,3,54,2,59,12,34,86,5,137,48,0,48,185
01/30/2011,ILM,NC,ASO,EN,Combined TRACON& Tower with Radar,16,35,70,0,121,0,4,54,2,60,16,39,124,2,181,46,0,46,227
01/31/2011,ILM,NC,ASO,EN,Combined TRACON& Tower with Radar,16,37,36,8,97,0,2,2,1,5,16,39,38,9,102,14,4,18,120
02/01/2011,ILM,NC,ASO,EN,Combined TRACON& Tower with Radar,15,32,34,16,97,0,1,5,4,10,15,33,39,20,107,0,0,0,107
02/02/2011,ILM,NC,ASO,EN,Combined TRACON& Tower with Radar,15,36,18,25,94,0,3,7,2,12,15,39,25,27,106,2,28,30,136
02/03/2011,ILM,NC,ASO,EN,Combined TRACON& Tower with Radar,18,61,67,4,150,0,4,24,2,30,18,65,91,6,180,48,0,48,228
02/04/2011,ILM,NC,ASO,EN,Combined TRACON& Tower with Radar,16,42,16,0,74,0,0,0,0,0,16,42,16,0,74,0,0,0,74
02/05/2011,ILM,NC,ASO,EN,Combined TRACON& Tower with Radar,12,25,9,0,46,0,0,0,0,0,12,25,9,0,46,0,0,0,46
02/06/2011,ILM,NC,ASO,EN,Combined TRACON& Tower with Radar,18,30,40,1,89,0,6,52,0,58,18,36,92,1,147,26,0,26,173
02/07/2011,ILM,NC,ASO,EN,Combined TRACON& Tower with Radar,16,37,34,10,97,0,1,7,0,8,16,38,41,10,105,12,0,12,117
02/08/2011,ILM,NC,ASO,EN,Combined TRACON& Tower with Radar,16,32,38,12,98,0,2,23,7,32,16,34,61,19,130,14,0,14,144
02/09/2011,ILM,NC,ASO,EN,Combined TRACON& Tower with Radar,16,37,40,10,103,0,4,17,0,21,16,41,57,10,124,0,0,0,124
02/10/2011,ILM,NC,ASO,EN,Combined TRACON& Tower with Radar,19,38,29,11,97,0,1,0,4,5,19,39,29,15,102,0,0,0,102
02/11/2011,ILM,NC,ASO,EN,Combined TRACON& Tower with Radar,17,45,36,8,106,0,0,6,2,8,17,45,42,10,114,26,4,30,144
02/12/2011,ILM,NC,ASO,EN,Combined TRACON& Tower with Radar,12,32,40,4,88,0,6,49,6,61,12,38,89,10,149,8,8,16,165
02/13/2011,ILM,NC,ASO,EN,Combined TRACON& Tower with Radar,19,29,67,8,123,0,5,47,1,53,19,34,114,9,176,48,6,54,230
02/14/2011,ILM,NC,ASO,EN,Combined TRACON& Tower with Radar,16,37,34,10,97,0,1,7,0,8,16,38,41,10,105,0,6,6,111
02/15/2011,ILM,NC,ASO,EN,Combined TRACON& Tower with Radar,18,33,38,12,101,0,2,23,7,32,18,35,61,19,133,38,24,62,195
02/16/2011,ILM,NC,ASO,EN,Combined TRACON& Tower with Radar,16,38,40,10,104,0,5,17,0,22,16,43,57,10,126,65,15,80,206
02/17/2011,ILM,NC,ASO,EN,Combined TRACON& Tower with Radar,18,38,29,11,96,0,1,0,4,5,18,39,29,15,101,0,0,0,101
02/18/2011,ILM,NC,ASO,EN,Combined TRACON& Tower with Radar,27,62,98,41,228,0,4,31,4,39,27,66,129,45,267,34,50,84,351
02/19/2011,ILM,NC,ASO,EN,Combined TRACON& Tower with Radar,12,31,49,7,99,0,4,16,0,20,12,35,65,7,119,14,5,19,138
02/20/2011,ILM,NC,ASO,EN,Combined TRACON& Tower with Radar,20,29,56,0,105,0,2,46,7,55,20,31,102,7,160,58,0,58,218
02/21/2011,ILM,NC,ASO,EN,Combined TRACON& Tower with Radar,15,46,69,1,131,0,4,14,3,21,15,50,83,4,152,0,0,0,152
02/22/2011,ILM,NC,ASO,EN,Combined TRACON& Tower with Radar,16,40,34,23,113,0,2,13,2,17,16,42,47,25,130,30,8,38,168
02/23/2011,ILM,NC,ASO,EN,Combined TRACON& Tower with Radar,16,34,44,26,120,0,1,35,3,39,16,35,79,29,159,14,10,24,183
02/24/2011,ILM,NC,ASO,EN,Combined TRACON& Tower with Radar,18,38,40,10,106,0,5,30,0,35,18,43,70,10,141,0,0,0,141
02/25/2011,ILM,NC,ASO,EN,Combined TRACON& Tower with Radar,15,44,50,0,109,0,3,6,0,9,15,47,56,0,118,0,0,0,118
02/26/2011,ILM,NC,ASO,EN,Combined TRACON& Tower with Radar,13,39,50,0,102,0,8,23,2,33,13,47,73,2,135,4,0,4,139
02/27/2011,ILM,NC,ASO,EN,Combined TRACON& Tower with Radar,19,40,56,0,115,0,1,37,2,40,19,41,93,2,155,34,0,34,189
02/28/2011,ILM,NC,ASO,EN,Combined TRACON& Tower with Radar,15,38,34,5,92,0,3,2,0,5,15,41,36,5,97,0,0,0,97
03/01/2011,ILM,NC,ASO,EN,Combined TRACON& Tower with Radar,16,37,42,12,107,0,2,15,1,18,16,39,57,13,125,0,0,0,125
03/02/2011,ILM,NC,ASO,EN,Combined TRACON& Tower with Radar,18,37,31,5,91,0,4,41,5,50,18,41,72,10,141,0,0,0,141
03/03/2011,ILM,NC,ASO,EN,Combined TRACON& Tower with Radar,14,39,49,10,112,0,3,14,8,25,14,42,63,18,137,18,0,18,155
03/04/2011,ILM,NC,ASO,EN,Combined TRACON& Tower with Radar,12,36,63,6,117,0,5,30,0,35,12,41,93,6,152,18,0,18,170
03/05/2011,ILM,NC,ASO,EN,Combined TRACON& Tower with Radar,14,31,33,2,80,0,3,29,0,32,14,34,62,2,112,6,0,6,118
03/06/2011,ILM,NC,ASO,EN,Combined TRACON& Tower with Radar,15,36,63,0,114,0,0,0,0,0,15,36,63,0,114,0,0,0,114
03/07/2011,ILM,NC,ASO,EN,Combined TRACON& Tower with Radar,11,40,58,2,111,0,3,19,0,22,11,43,77,2,133,0,0,0,133
03/08/2011,ILM,NC,ASO,EN,Combined TRACON& Tower with Radar,14,44,35,6,99,0,2,26,1,29,14,46,61,7,128,8,4,12,140
03/09/2011,ILM,NC,ASO,EN,Combined TRACON& Tower with Radar,12,39,48,4,103,0,2,20,2,24,12,41,68,6,127,8,0,8,135
03/10/2011,ILM,NC,ASO,EN,Combined TRACON& Tower with Radar,13,50,33,1,97,0,0,1,0,1,13,50,34,1,98,0,0,0,98
03/11/2011,ILM,NC,ASO,EN,Combined TRACON& Tower with Radar,12,39,64,35,150,0,7,17,8,32,12,46,81,43,182,50,50,100,282
03/12/2011,ILM,NC,ASO,EN,Combined TRACON& Tower with Radar,13,37,66,0,116,0,6,33,0,39,13,43,99,0,155,0,0,0,155
03/13/2011,ILM,NC,ASO,EN,Combined TRACON& Tower with Radar,16,40,74,0,130,0,2,40,0,42,16,42,114,0,172,34,0,34,206
03/14/2011,ILM,NC,ASO,EN,Combined TRACON& Tower with Radar,12,37,37,2,88,0,3,18,0,21,12,40,55,2,109,42,0,42,151
03/15/2011,ILM,NC,ASO,EN,Combined TRACON& Tower with Radar,12,39,45,8,104,0,5,7,0,12,12,44,52,8,116,28,0,28,144
03/16/2011,ILM,NC,ASO,EN,Combined TRACON& Tower with Radar,14,40,42,16,112,0,2,10,3,15,14,42,52,19,127,6,4,10,137
03/17/2011,ILM,NC,ASO,EN,Combined TRACON& Tower with Radar,14,52,68,13,147,0,2,41,1,44,14,54,109,14,191,24,12,36,227
03/18/2011,ILM,NC,ASO,EN,Combined TRACON& Tower with Radar,12,45,69,3,129,0,5,32,4,41,12,50,101,7,170,12,8,20,190
03/19/2011,ILM,NC,ASO,EN,Combined TRACON& Tower with Radar,17,37,58,4,116,0,7,25,5,37,17,44,83,9,153,30,6,36,189
03/20/2011,ILM,NC,ASO,EN,Combined TRACON& Tower with Radar,16,47,69,2,134,0,3,30,3,36,16,50,99,5,170,0,0,0,170
03/21/2011,ILM,NC,ASO,EN,Combined TRACON& Tower with Radar,14,31,48,8,101,0,6,28,1,35,14,37,76,9,136,12,0,12,148
03/22/2011,ILM,NC,ASO,EN,Combined TRACON& Tower with Radar,12,44,34,10,100,0,2,35,0,37,12,46,69,10,137,18,0,18,155
03/23/2011,ILM,NC,ASO,EN,Combined TRACON& Tower with Radar,17,35,36,23,111,0,2,8,4,14,17,37,44,27,125,10,20,30,155
03/24/2011,ILM,NC,ASO,EN,Combined TRACON& Tower with Radar,14,45,45,3,107,0,5,19,1,25,14,50,64,4,132,0,0,0,132
03/25/2011,ILM,NC,ASO,EN,Combined TRACON& Tower with Radar,12,45,65,2,124,0,2,30,2,34,12,47,95,4,158,0,0,0,158
03/26/2011,ILM,NC,ASO,EN,Combined TRACON& Tower with Radar,9,40,29,2,80,0,3,5,2,10,9,43,34,4,90,26,0,26,116
03/27/2011,ILM,NC,ASO,EN,Combined TRACON& Tower with Radar,14,38,37,4,93,0,0,0,0,0,14,38,37,4,93,0,0,0,93
03/28/2011,ILM,NC,ASO,EN,Combined TRACON& Tower with Radar,10,40,31,1,82,0,2,1,0,3,10,42,32,1,85,0,0,0,85
03/29/2011,ILM,NC,ASO,EN,Combined TRACON& Tower with Radar,10,45,51,9,115,0,8,34,5,47,10,53,85,14,162,18,0,18,180
03/30/2011,ILM,NC,ASO,EN,Combined TRACON& Tower with Radar,10,44,35,2,91,0,2,1,0,3,10,46,36,2,94,0,0,0,94
03/31/2011,ILM,NC,ASO,EN,Combined TRACON& Tower with Radar,12,38,34,4,88,0,0,0,0,0,12,38,34,4,88,0,0,0,88
04/01/2011,ILM,NC,ASO,EN,Combined TRACON& Tower with Radar,10,47,50,9,116,0,3,12,3,18,10,50,62,12,134,8,2,10,144
04/02/2011,ILM,NC,ASO,EN,Combined TRACON& Tower with Radar,12,40,43,1,96,0,2,15,7,24,12,42,58,8,120,0,0,0,120
04/03/2011,ILM,NC,ASO,EN,Combined TRACON& Tower with Radar,14,42,72,6,134,0,3,62,1,66,14,45,134,7,200,0,0,0,200
04/04/2011,ILM,NC,ASO,EN,Combined TRACON& Tower with Radar,10,46,30,8,94,0,0,8,15,23,10,46,38,23,117,0,0,0,117
04/05/2011,ILM,NC,ASO,EN,Combined TRACON& Tower with Radar,8,45,34,1,88,0,2,8,4,14,8,47,42,5,102,0,0,0,102
04/06/2011,ILM,NC,ASO,EN,Combined TRACON& Tower with Radar,8,48,43,15,114,0,1,27,3,31,8,49,70,18,145,8,26,34,179
04/07/2011,ILM,NC,ASO,EN,Combined TRACON& Tower with Radar,10,42,63,10,125,0,9,42,0,51,10,51,105,10,176,24,6,30,206
04/08/2011,ILM,NC,ASO,EN,Combined TRACON& Tower with Radar,10,47,55,33,145,0,2,22,5,29,10,49,77,38,174,24,34,58,232
04/09/2011,ILM,NC,ASO,EN,Combined TRACON& Tower with Radar,9,32,54,8,103,0,1,3,0,4,9,33,57,8,107,0,0,0,107
04/10/2011,ILM,NC,ASO,EN,Combined TRACON& Tower with Radar,10,43,62,0,115,0,0,21,0,21,10,43,83,0,136,22,0,22,158
04/11/2011,ILM,NC,ASO,EN,Combined TRACON& Tower with Radar,11,41,35,24,111,0,4,12,0,16,11,45,47,24,127,0,0,0,127
04/12/2011,ILM,NC,ASO,EN,Combined TRACON& Tower with Radar,10,36,41,10,97,0,6,7,4,17,10,42,48,14,114,8,14,22,136
04/13/2011,ILM,NC,ASO,EN,Combined TRACON& Tower with Radar,10,47,53,7,117,0,2,59,2,63,10,49,112,9,180,56,0,56,236
04/14/2011,ILM,NC,ASO,EN,Combined TRACON& Tower with Radar,12,43,70,8,133,0,5,60,2,67,12,48,130,10,200,104,6,110,310
04/15/2011,ILM,NC,ASO,EN,Combined TRACON& Tower with Radar,14,40,59,3,116,0,12,41,12,65,14,52,100,15,181,28,0,28,209
04/16/2011,ILM,NC,ASO,EN,Combined TRACON& Tower with Radar,10,32,15,0,57,0,2,4,20,26,10,34,19,20,83,4,0,4,87
04/17/2011,ILM,NC,ASO,EN,Combined TRACON& Tower with Radar,18,29,37,1,85,0,5,38,17,60,18,34,75,18,145,24,0,24,169
04/18/2011,ILM,NC,ASO,EN,Combined TRACON& Tower with Radar,10,45,46,8,109,0,2,19,3,24,10,47,65,11,133,53,0,53,186
04/19/2011,ILM,NC,ASO,EN,Combined TRACON& Tower with Radar,12,39,35,9,95,2,5,23,4,34,14,44,58,13,129,22,0,22,151
04/20/2011,ILM,NC,ASO,EN,Combined TRACON& Tower with Radar,15,41,52,4,112,0,2,20,3,25,15,43,72,7,137,8,0,8,145
04/21/2011,ILM,NC,ASO,EN,Combined TRACON& Tower with Radar,13,44,72,5,134,0,5,22,11,38,13,49,94,16,172,40,8,48,220
04/22/2011,ILM,NC,ASO,EN,Combined TRACON& Tower with Radar,10,45,76,14,145,0,3,22,6,31,10,48,98,20,176,6,14,20,196
04/23/2011,ILM,NC,ASO,EN,Combined TRACON& Tower with Radar,10,32,15,0,57,0,2,1,12,15,10,34,16,12,72,38,0,38,110
04/24/2011,ILM,NC,ASO,EN,Combined TRACON& Tower with Radar,18,29,37,1,85,0,7,43,7,57,18,36,80,8,142,44,0,44,186
04/25/2011,ILM,NC,ASO,EN,Combined TRACON& Tower with Radar,10,45,46,8,109,0,2,20,3,25,10,47,66,11,134,38,0,38,172
04/26/2011,ILM,NC,ASO,EN,Combined TRACON& Tower with Radar,12,39,35,9,95,0,5,22,4,31,12,44,57,13,126,0,0,0,126
04/27/2011,ILM,NC,ASO,EN,Combined TRACON& Tower with Radar,13,44,44,10,111,0,10,6,2,18,13,54,50,12,129,0,0,0,129
04/28/2011,ILM,NC,ASO,EN,Combined TRACON& Tower with Radar,12,39,34,0,85,0,0,2,0,2,12,39,36,0,87,0,0,0,87
04/29/2011,ILM,NC,ASO,EN,Combined TRACON& Tower with Radar,10,46,77,22,155,6,16,42,10,74,16,62,119,32,229,12,24,36,265
04/30/2011,ILM,NC,ASO,EN,Combined TRACON& Tower with Radar,10,37,39,9,95,0,9,47,7,63,10,46,86,16,158,32,0,32,190
05/01/2011,ILM,NC,ASO,EN,Combined TRACON& Tower with Radar,14,36,62,5,117,0,0,40,0,40,14,36,102,5,157,50,0,50,207
05/02/2011,ILM,NC,ASO,EN,Combined TRACON& Tower with Radar,10,43,51,21,125,0,3,23,8,34,10,46,74,29,159,36,4,40,199
05/03/2011,ILM,NC,ASO,EN,Combined TRACON& Tower with Radar,10,44,48,7,109,0,1,12,4,17,10,45,60,11,126,82,2,84,210
05/04/2011,ILM,NC,ASO,EN,Combined TRACON& Tower with Radar,10,45,50,9,114,0,4,15,3,22,10,49,65,12,136,0,0,0,136
05/05/2011,ILM,NC,ASO,EN,Combined TRACON& Tower with Radar,11,46,57,15,129,0,0,26,4,30,11,46,83,19,159,66,6,72,231
05/06/2011,ILM,NC,ASO,EN,Combined TRACON& Tower with Radar,10,46,48,21,125,0,1,31,3,35,10,47,79,24,160,18,0,18,178
05/07/2011,ILM,NC,ASO,EN,Combined TRACON& Tower with Radar,8,31,39,15,93,0,3,93,5,101,8,34,132,20,194,244,2,246,440
05/08/2011,ILM,NC,ASO,EN,Combined TRACON& Tower with Radar,12,29,50,13,104,0,1,32,1,34,12,30,82,14,138,30,0,30,168
05/09/2011,ILM,NC,ASO,EN,Combined TRACON& Tower with Radar,10,46,29,24,109,0,6,28,0,34,10,52,57,24,143,2,34,36,179
05/10/2011,ILM,NC,ASO,EN,Combined TRACON& Tower with Radar,10,40,25,17,92,1,3,25,4,33,11,43,50,21,125,15,18,33,158
05/11/2011,ILM,NC,ASO,EN,Combined TRACON& Tower with Radar,10,48,65,26,149,0,3,23,0,26,10,51,88,26,175,2,20,22,197
05/12/2011,ILM,NC,ASO,EN,Combined TRACON& Tower with Radar,12,43,56,2,113,0,2,47,1,50,12,45,103,3,163,0,0,0,163
05/13/2011,ILM,NC,ASO,EN,Combined TRACON& Tower with Radar,10,42,37,23,112,0,4,18,0,22,10,46,55,23,134,0,0,0,134
05/14/2011,ILM,NC,ASO,EN,Combined TRACON& Tower with Radar,8,40,27,9,84,0,4,12,6,22,8,44,39,15,106,0,0,0,106
05/15/2011,ILM,NC,ASO,EN,Combined TRACON& Tower with Radar,12,31,44,6,93,0,2,23,4,29,12,33,67,10,122,68,0,68,190
05/16/2011,ILM,NC,ASO,EN,Combined TRACON& Tower with Radar,15,39,53,19,126,0,3,12,2,17,15,42,65,21,143,55,22,77,220
05/17/2011,ILM,NC,ASO,EN,Combined TRACON& Tower with Radar,10,38,38,32,118,0,2,11,0,13,10,40,49,32,131,14,22,36,167
05/18/2011,ILM,NC,ASO,EN,Combined TRACON& Tower with Radar,10,45,55,16,126,0,7,24,2,33,10,52,79,18,159,36,10,46,205
05/19/2011,ILM,NC,ASO,EN,Combined TRACON& Tower with Radar,13,44,52,10,119,0,5,32,0,37,13,49,84,10,156,38,2,40,196
05/20/2011,ILM,NC,ASO,EN,Combined TRACON& Tower with Radar,12,44,61,27,144,0,0,23,5,28,12,44,84,32,172,20,10,30,202
05/21/2011,ILM,NC,ASO,EN,Combined TRACON& Tower with Radar,8,37,44,19,108,0,5,27,11,43,8,42,71,30,151,44,4,48,199
05/22/2011,ILM,NC,ASO,EN,Combined TRACON& Tower with Radar,14,35,47,2,98,0,1,33,3,37,14,36,80,5,135,64,0,64,199
05/23/2011,ILM,NC,ASO,EN,Combined TRACON& Tower with Radar,10,37,50,13,110,0,4,10,4,18,10,41,60,17,128,28,8,36,164
05/24/2011,ILM,NC,ASO,EN,Combined TRACON& Tower with Radar,10,45,31,10,96,0,2,16,2,20,10,47,47,12,116,10,2,12,128
05/25/2011,ILM,NC,ASO,EN,Combined TRACON& Tower with Radar,10,42,66,33,151,0,1,16,0,17,10,43,82,33,168,18,18,36,204
05/26/2011,ILM,NC,ASO,EN,Combined TRACON& Tower with Radar,12,45,55,6,118,0,0,34,2,36,12,45,89,8,154,16,0,16,170
05/27/2011,ILM,NC,ASO,EN,Combined TRACON& Tower with Radar,11,49,52,5,117,0,5,30,3,38,11,54,82,8,155,42,0,42,197
05/28/2011,ILM,NC,ASO,EN,Combined TRACON& Tower with Radar,7,35,35,5,82,0,2,32,3,37,7,37,67,8,119,38,0,38,157
05/29/2011,ILM,NC,ASO,EN,Combined TRACON& Tower with Radar,13,23,33,4,73,0,4,28,2,34,13,27,61,6,107,11,0,11,118
05/30/2011,ILM,NC,ASO,EN,Combined TRACON& Tower with Radar,10,48,56,3,117,0,2,56,0,58,10,50,112,3,175,30,0,30,205
05/31/2011,ILM,NC,ASO,EN,Combined TRACON& Tower with Radar,12,50,59,2,123,0,4,26,0,30,12,54,85,2,153,28,0,28,181
06/01/2011,ILM,NC,ASO,EN,Combined TRACON& Tower with Radar,12,38,70,18,138,0,0,31,8,39,12,38,101,26,177,50,18,68,245
06/02/2011,ILM,NC,ASO,EN,Combined TRACON& Tower with Radar,13,39,47,1,100,0,3,32,2,37,13,42,79,3,137,40,0,40,177
06/03/2011,ILM,NC,ASO,EN,Combined TRACON& Tower with Radar,13,50,52,18,133,0,1,36,6,43,13,51,88,24,176,0,38,38,214
06/04/2011,ILM,NC,ASO,EN,Combined TRACON& Tower with Radar,9,41,20,1,71,0,7,21,9,37,9,48,41,10,108,0,0,0,108
06/05/2011,ILM,NC,ASO,EN,Combined TRACON& Tower with Radar,14,36,45,0,95,0,1,23,2,26,14,37,68,2,121,16,0,16,137
06/06/2011,ILM,NC,ASO,EN,Combined TRACON& Tower with Radar,12,37,42,17,108,0,3,30,8,41,12,40,72,25,149,22,0,22,171
06/07/2011,ILM,NC,ASO,EN,Combined TRACON& Tower with Radar,12,41,32,2,87,0,4,29,4,37,12,45,61,6,124,34,6,40,164
06/08/2011,ILM,NC,ASO,EN,Combined TRACON& Tower with Radar,12,39,62,21,134,0,5,59,4,68,12,44,121,25,202,6,2,8,210
06/09/2011,ILM,NC,ASO,EN,Combined TRACON& Tower with Radar,14,39,56,2,111,0,1,29,8,38,14,40,85,10,149,70,0,70,219
06/10/2011,ILM,NC,ASO,EN,Combined TRACON& Tower with Radar,12,33,57,19,121,0,4,40,4,48,12,37,97,23,169,32,0,32,201
06/11/2011,ILM,NC,ASO,EN,Combined TRACON& Tower with Radar,7,42,32,2,83,0,4,42,6,52,7,46,74,8,135,12,2,14,149
06/12/2011,ILM,NC,ASO,EN,Combined TRACON& Tower with Radar,13,37,37,6,93,0,2,25,5,32,13,39,62,11,125,32,0,32,157
06/13/2011,ILM,NC,ASO,EN,Combined TRACON& Tower with Radar,19,49,42,20,130,0,2,13,1,16,19,51,55,21,146,10,26,36,182
06/14/2011,ILM,NC,ASO,EN,Combined TRACON& Tower with Radar,12,39,55,10,116,0,0,30,0,30,12,39,85,10,146,14,0,14,160
06/15/2011,ILM,NC,ASO,EN,Combined TRACON& Tower with Radar,13,38,73,7,131,0,10,46,2,58,13,48,119,9,189,26,0,26,215
06/16/2011,ILM,NC,ASO,EN,Combined TRACON& Tower with Radar,13,39,58,8,118,0,12,25,3,40,13,51,83,11,158,0,0,0,158
06/17/2011,ILM,NC,ASO,EN,Combined TRACON& Tower with Radar,14,48,59,6,127,0,7,17,2,26,14,55,76,8,153,40,4,44,197
06/18/2011,ILM,NC,ASO,EN,Combined TRACON& Tower with Radar,10,43,56,1,110,0,2,23,0,25,10,45,79,1,135,8,0,8,143
06/19/2011,ILM,NC,ASO,EN,Combined TRACON& Tower with Radar,16,33,61,0,110,0,1,27,2,30,16,34,88,2,140,6,0,6,146
06/20/2011,ILM,NC,ASO,EN,Combined TRACON& Tower with Radar,12,47,35,7,101,0,2,11,6,19,12,49,46,13,120,54,0,54,174
06/21/2011,ILM,NC,ASO,EN,Combined TRACON& Tower with Radar,12,42,33,26,113,0,0,17,19,36,12,42,50,45,149,0,0,0,149
06/22/2011,ILM,NC,ASO,EN,Combined TRACON& Tower with Radar,12,32,35,3,82,0,3,23,1,27,12,35,58,4,109,0,0,0,109
06/23/2011,ILM,NC,ASO,EN,Combined TRACON& Tower with Radar,14,46,48,21,129,0,4,14,0,18,14,50,62,21,147,4,0,4,151
06/24/2011,ILM,NC,ASO,EN,Combined TRACON& Tower with Radar,12,47,52,11,122,0,3,16,5,24,12,50,68,16,146,0,0,0,146
06/25/2011,ILM,NC,ASO,EN,Combined TRACON& Tower with Radar,8,39,42,5,94,0,4,23,4,31,8,43,65,9,125,12,0,12,137
06/26/2011,ILM,NC,ASO,EN,Combined TRACON& Tower with Radar,14,45,44,7,110,0,1,17,1,19,14,46,61,8,129,16,2,18,147
06/27/2011,ILM,NC,ASO,EN,Combined TRACON& Tower with Radar,12,43,26,0,81,0,1,16,2,19,12,44,42,2,100,0,0,0,100
06/28/2011,ILM,NC,ASO,EN,Combined TRACON& Tower with Radar,8,34,35,11,88,0,3,18,5,26,8,37,53,16,114,0,0,0,114
06/29/2011,ILM,NC,ASO,EN,Combined TRACON& Tower with Radar,12,49,43,2,106,0,0,6,0,6,12,49,49,2,112,14,12,26,138
06/30/2011,ILM,NC,ASO,EN,Combined TRACON& Tower with Radar,14,43,65,4,126,0,4,25,4,33,14,47,90,8,159,0,0,0,159
07/01/2011,ILM,NC,ASO,EN,Combined TRACON& Tower with Radar,12,48,54,7,121,0,1,10,0,11,12,49,64,7,132,0,0,0,132
07/02/2011,ILM,NC,ASO,EN,Combined TRACON& Tower with Radar,8,48,32,0,88,0,0,18,2,20,8,48,50,2,108,0,0,0,108
07/03/2011,ILM,NC,ASO,EN,Combined TRACON& Tower with Radar,14,32,33,0,79,0,3,28,1,32,14,35,61,1,111,4,0,4,115
07/04/2011,ILM,NC,ASO,EN,Combined TRACON& Tower with Radar,11,49,15,3,78,0,3,34,2,39,11,52,49,5,117,32,0,32,149
07/05/2011,ILM,NC,ASO,EN,Combined TRACON& Tower with Radar,13,49,27,1,90,0,0,16,1,17,13,49,43,2,107,12,0,12,119
07/06/2011,ILM,NC,ASO,EN,Combined TRACON& Tower with Radar,12,46,40,14,112,0,2,22,0,24,12,48,62,14,136,36,0,36,172
07/07/2011,ILM,NC,ASO,EN,Combined TRACON& Tower with Radar,14,44,47,20,125,0,3,11,0,14,14,47,58,20,139,22,4,26,165
07/08/2011,ILM,NC,ASO,EN,Combined TRACON& Tower with Radar,12,42,32,1,87,0,6,5,0,11,12,48,37,1,98,0,0,0,98
07/09/2011,ILM,NC,ASO,EN,Combined TRACON& Tower with Radar,8,37,28,5,78,0,0,6,0,6,8,37,34,5,84,0,0,0,84
07/10/2011,ILM,NC,ASO,EN,Combined TRACON& Tower with Radar,14,36,39,9,98,0,0,29,1,30,14,36,68,10,128,16,10,26,154
07/11/2011,ILM,NC,ASO,EN,Combined TRACON& Tower with Radar,12,40,41,10,103,0,4,24,0,28,12,44,65,10,131,6,2,8,139
07/12/2011,ILM,NC,ASO,EN,Combined TRACON& Tower with Radar,12,41,45,6,104,0,1,21,0,22,12,42,66,6,126,4,18,22,148
07/13/2011,ILM,NC,ASO,EN,Combined TRACON& Tower with Radar,18,44,35,9,106,0,0,18,2,20,18,44,53,11,126,4,0,4,130
07/14/2011,ILM,NC,ASO,EN,Combined TRACON& Tower with Radar,14,42,32,17,105,0,10,28,3,41,14,52,60,20,146,36,10,46,192
07/15/2011,ILM,NC,ASO,EN,Combined TRACON& Tower with Radar,14,47,46,14,121,0,5,29,6,40,14,52,75,20,161,0,0,0,161
07/16/2011,ILM,NC,ASO,EN,Combined TRACON& Tower with Radar,8,46,31,10,95,0,1,17,5,23,8,47,48,15,118,0,0,0,118
07/17/2011,ILM,NC,ASO,EN,Combined TRACON& Tower with Radar,16,42,49,0,107,0,8,20,2,30,16,50,69,2,137,22,0,22,159
07/18/2011,ILM,NC,ASO,EN,Combined TRACON& Tower with Radar,11,44,33,7,95,4,5,23,3,35,15,49,56,10,130,2,0,2,132
07/19/2011,ILM,NC,ASO,EN,Combined TRACON& Tower with Radar,11,44,39,1,95,0,4,30,4,38,11,48,69,5,133,0,0,0,133
07/20/2011,ILM,NC,ASO,EN,Combined TRACON& Tower with Radar,10,43,41,8,102,0,6,18,5,29,10,49,59,13,131,22,0,22,153
07/21/2011,ILM,NC,ASO,EN,Combined TRACON& Tower with Radar,14,41,55,0,110,0,4,17,3,24,14,45,72,3,134,0,0,0,134
07/22/2011,ILM,NC,ASO,EN,Combined TRACON& Tower with Radar,12,46,48,8,114,0,7,23,5,35,12,53,71,13,149,34,0,34,183
07/23/2011,ILM,NC,ASO,EN,Combined TRACON& Tower with Radar,7,39,42,6,94,0,5,20,6,31,7,44,62,12,125,0,0,0,125
07/24/2011,ILM,NC,ASO,EN,Combined TRACON& Tower with Radar,15,30,39,8,92,0,3,14,1,18,15,33,53,9,110,0,0,0,110
07/25/2011,ILM,NC,ASO,EN,Combined TRACON& Tower with Radar,12,35,24,6,77,0,1,3,0,4,12,36,27,6,81,6,8,14,95
07/26/2011,ILM,NC,ASO,EN,Combined TRACON& Tower with Radar,12,54,37,0,103,0,2,3,0,5,12,56,40,0,108,0,0,0,108
07/27/2011,ILM,NC,ASO,EN,Combined TRACON& Tower with Radar,14,41,44,8,107,0,1,19,2,22,14,42,63,10,129,2,2,4,133
07/28/2011,ILM,NC,ASO,EN,Combined TRACON& Tower with Radar,14,45,52,6,117,0,4,27,2,33,14,49,79,8,150,14,0,14,164
07/29/2011,ILM,NC,ASO,EN,Combined TRACON& Tower with Radar,12,51,44,20,127,0,8,29,3,40,12,59,73,23,167,26,10,36,203
07/30/2011,ILM,NC,ASO,EN,Combined TRACON& Tower with Radar,8,44,24,4,80,0,2,26,9,37,8,46,50,13,117,0,0,0,117
07/31/2011,ILM,NC,ASO,EN,Combined TRACON& Tower with Radar,11,46,42,1,100,0,2,66,3,71,11,48,108,4,171,0,0,0,171
08/01/2011,ILM,NC,ASO,EN,Combined TRACON& Tower with Radar,12,38,38,5,93,0,3,6,4,13,12,41,44,9,106,0,0,0,106
08/02/2011,ILM,NC,ASO,EN,Combined TRACON& Tower with Radar,12,43,31,6,92,0,3,25,3,31,12,46,56,9,123,18,0,18,141
08/03/2011,ILM,NC,ASO,EN,Combined TRACON& Tower with Radar,12,41,33,5,91,0,1,23,1,25,12,42,56,6,116,18,0,18,134
08/04/2011,ILM,NC,ASO,EN,Combined TRACON& Tower with Radar,14,43,45,4,106,0,1,15,0,16,14,44,60,4,122,10,0,10,132
08/05/2011,ILM,NC,ASO,EN,Combined TRACON& Tower with Radar,10,42,38,6,96,0,3,7,3,13,10,45,45,9,109,20,0,20,129
08/06/2011,ILM,NC,ASO,EN,Combined TRACON& Tower with Radar,8,50,22,1,81,0,0,16,4,20,8,50,38,5,101,0,0,0,101
08/07/2011,ILM,NC,ASO,EN,Combined TRACON& Tower with Radar,14,41,46,0,101,0,3,31,2,36,14,44,77,2,137,26,0,26,163
08/08/2011,ILM,NC,ASO,EN,Combined TRACON& Tower with Radar,12,45,44,12,113,0,2,13,4,19,12,47,57,16,132,2,6,8,140
08/09/2011,ILM,NC,ASO,EN,Combined TRACON& Tower with Radar,12,41,36,0,89,0,6,23,2,31,12,47,59,2,120,6,0,6,126
08/10/2011,ILM,NC,ASO,EN,Combined TRACON& Tower with Radar,12,49,30,1,92,0,3,19,2,24,12,52,49,3,116,0,0,0,116
08/11/2011,ILM,NC,ASO,EN,Combined TRACON& Tower with Radar,14,48,67,5,134,0,4,19,2,25,14,52,86,7,159,0,0,0,159
08/12/2011,ILM,NC,ASO,EN,Combined TRACON& Tower with Radar,16,48,35,8,107,0,2,15,3,20,16,50,50,11,127,0,0,0,127
08/13/2011,ILM,NC,ASO,EN,Combined TRACON& Tower with Radar,8,48,25,8,89,0,1,9,4,14,8,49,34,12,103,0,0,0,103
08/14/2011,ILM,NC,ASO,EN,Combined TRACON& Tower with Radar,14,38,36,7,95,0,0,18,2,20,14,38,54,9,115,28,8,36,151
08/15/2011,ILM,NC,ASO,EN,Combined TRACON& Tower with Radar,11,42,44,15,112,0,4,12,2,18,11,46,56,17,130,0,0,0,130
08/16/2011,ILM,NC,ASO,EN,Combined TRACON& Tower with Radar,11,46,29,9,95,0,2,35,2,39,11,48,64,11,134,12,8,20,154
08/17/2011,ILM,NC,ASO,EN,Combined TRACON& Tower with Radar,12,46,40,6,104,0,2,40,0,42,12,48,80,6,146,30,8,38,184
08/18/2011,ILM,NC,ASO,EN,Combined TRACON& Tower with Radar,12,44,46,6,108,0,3,19,0,22,12,47,65,6,130,0,0,0,130
08/19/2011,ILM,NC,ASO,EN,Combined TRACON& Tower with Radar,15,44,38,5,102,0,2,25,2,29,15,46,63,7,131,0,0,0,131
08/20/2011,ILM,NC,ASO,EN,Combined TRACON& Tower with Radar,10,43,34,12,99,0,3,33,2,38,10,46,67,14,137,12,12,24,161
08/21/2011,ILM,NC,ASO,EN,Combined TRACON& Tower with Radar,14,37,42,3,96,0,2,39,2,43,14,39,81,5,139,10,0,10,149
08/22/2011,ILM,NC,ASO,EN,Combined TRACON& Tower with Radar,13,41,27,13,94,0,3,8,0,11,13,44,35,13,105,0,0,0,105
08/23/2011,ILM,NC,ASO,EN,Combined TRACON& Tower with Radar,11,53,52,7,123,0,1,16,1,18,11,54,68,8,141,0,0,0,141
08/24/2011,ILM,NC,ASO,EN,Combined TRACON& Tower with Radar,12,48,56,0,116,0,1,12,0,13,12,49,68,0,129,18,0,18,147
08/25/2011,ILM,NC,ASO,EN,Combined TRACON& Tower with Radar,12,46,57,4,119,0,0,27,0,27,12,46,84,4,146,14,0,14,160
08/26/2011,ILM,NC,ASO,EN,Combined TRACON& Tower with Radar,9,23,17,0,49,0,0,0,0,0,9,23,17,0,49,0,0,0,49
08/27/2011,ILM,NC,ASO,EN,Combined TRACON& Tower with Radar,0,6,1,3,10,0,0,2,5,7,0,6,3,8,17,0,0,0,17
08/28/2011,ILM,NC,ASO,EN,Combined TRACON& Tower with Radar,11,24,25,8,68,0,1,37,11,49,11,25,62,19,117,0,0,0,117
08/29/2011,ILM,NC,ASO,EN,Combined TRACON& Tower with Radar,12,46,37,0,95,0,4,20,3,27,12,50,57,3,122,0,0,0,122
08/30/2011,ILM,NC,ASO,EN,Combined TRACON& Tower with Radar,11,49,35,3,98,0,1,10,0,11,11,50,45,3,109,0,0,0,109
08/31/2011,ILM,NC,ASO,EN,Combined TRACON& Tower with Radar,12,47,36,16,111,0,3,32,1,36,12,50,68,17,147,0,0,0,147
09/01/2011,ILM,NC,ASO,EN,Combined TRACON& Tower with Radar,13,49,57,36,155,0,1,36,5,42,13,50,93,41,197,46,38,84,281
09/02/2011,ILM,NC,ASO,EN,Combined TRACON& Tower with Radar,11,47,62,4,124,0,3,36,2,41,11,50,98,6,165,18,0,18,183
09/03/2011,ILM,NC,ASO,EN,Combined TRACON& Tower with Radar,10,39,33,0,82,0,2,30,10,42,10,41,63,10,124,38,0,38,162
09/04/2011,ILM,NC,ASO,EN,Combined TRACON& Tower with Radar,12,30,32,4,78,0,4,23,2,29,12,34,55,6,107,17,0,17,124
09/05/2011,ILM,NC,ASO,EN,Combined TRACON& Tower with Radar,12,41,48,2,103,0,2,13,1,16,12,43,61,3,119,0,0,0,119
09/06/2011,ILM,NC,ASO,EN,Combined TRACON& Tower with Radar,10,48,32,14,104,0,1,3,0,4,10,49,35,14,108,0,0,0,108
09/07/2011,ILM,NC,ASO,EN,Combined TRACON& Tower with Radar,11,38,36,9,94,0,0,11,0,11,11,38,47,9,105,0,0,0,105
09/08/2011,ILM,NC,ASO,EN,Combined TRACON& Tower with Radar,12,40,41,19,112,0,5,31,2,38,12,45,72,21,150,20,18,38,188
09/09/2011,ILM,NC,ASO,EN,Combined TRACON& Tower with Radar,12,37,48,7,104,0,4,44,1,49,12,41,92,8,153,24,4,28,181
09/10/2011,ILM,NC,ASO,EN,Combined TRACON& Tower with Radar,12,31,30,2,75,0,4,25,5,34,12,35,55,7,109,0,16,16,125
09/11/2011,ILM,NC,ASO,EN,Combined TRACON& Tower with Radar,12,31,35,0,78,0,2,44,0,46,12,33,79,0,124,26,0,26,150
09/12/2011,ILM,NC,ASO,EN,Combined TRACON& Tower with Radar,11,39,46,1,97,0,0,18,0,18,11,39,64,1,115,4,0,4,119
09/13/2011,ILM,NC,ASO,EN,Combined TRACON& Tower with Radar,11,41,50,46,148,0,0,20,0,20,11,41,70,46,168,22,38,60,228
09/14/2011,ILM,NC,ASO,EN,Combined TRACON& Tower with Radar,11,38,34,10,93,0,0,16,3,19,11,38,50,13,112,20,4,24,136
09/15/2011,ILM,NC,ASO,EN,Combined TRACON& Tower with Radar,12,46,47,23,128,0,1,31,0,32,12,47,78,23,160,42,6,48,208
09/16/2011,ILM,NC,ASO,EN,Combined TRACON& Tower with Radar,16,46,39,10,111,0,2,7,4,13,16,48,46,14,124,0,0,0,124
09/17/2011,ILM,NC,ASO,EN,Combined TRACON& Tower with Radar,12,32,26,8,78,0,2,4,3,9,12,34,30,11,87,0,0,0,87
09/18/2011,ILM,NC,ASO,EN,Combined TRACON& Tower with Radar,16,34,36,5,91,0,0,9,0,9,16,34,45,5,100,8,0,8,108
09/19/2011,ILM,NC,ASO,EN,Combined TRACON& Tower with Radar,11,39,34,30,114,0,5,14,6,25,11,44,48,36,139,12,14,26,165
09/20/2011,ILM,NC,ASO,EN,Combined TRACON& Tower with Radar,11,39,23,8,81,0,2,7,1,10,11,41,30,9,91,0,0,0,91
09/21/2011,ILM,NC,ASO,EN,Combined TRACON& Tower with Radar,11,47,36,6,100,0,3,7,0,10,11,50,43,6,110,0,0,0,110
09/22/2011,ILM,NC,ASO,EN,Combined TRACON& Tower with Radar,13,42,30,5,90,0,0,4,1,5,13,42,34,6,95,30,0,30,125
09/23/2011,ILM,NC,ASO,EN,Combined TRACON& Tower with Radar,12,42,24,1,79,0,1,4,3,8,12,43,28,4,87,0,0,0,87
09/24/2011,ILM,NC,ASO,EN,Combined TRACON& Tower with Radar,12,33,20,2,67,0,3,3,2,8,12,36,23,4,75,0,0,0,75
09/25/2011,ILM,NC,ASO,EN,Combined TRACON& Tower with Radar,12,30,30,2,74,0,0,3,1,4,12,30,33,3,78,0,0,0,78
09/26/2011,ILM,NC,ASO,EN,Combined TRACON& Tower with Radar,11,46,24,7,88,0,0,0,0,0,11,46,24,7,88,0,0,0,88
09/27/2011,ILM,NC,ASO,EN,Combined TRACON& Tower with Radar,11,35,20,3,69,0,1,11,4,16,11,36,31,7,85,6,0,6,91
09/28/2011,ILM,NC,ASO,EN,Combined TRACON& Tower with Radar,13,39,43,0,95,0,3,21,5,29,13,42,64,5,124,8,0,8,132
09/29/2011,ILM,NC,ASO,EN,Combined TRACON& Tower with Radar,12,43,54,2,111,0,7,22,4,33,12,50,76,6,144,0,0,0,144
09/30/2011,ILM,NC,ASO,EN,Combined TRACON& Tower with Radar,14,44,40,6,104,0,2,40,2,44,14,46,80,8,148,16,0,16,164
10/01/2011,ILM,NC,ASO,EN,Combined TRACON& Tower with Radar,12,31,50,0,93,0,2,26,0,28,12,33,76,0,121,8,0,8,129
10/02/2011,ILM,NC,ASO,EN,Combined TRACON& Tower with Radar,12,34,58,0,104,0,0,51,0,51,12,34,109,0,155,56,0,56,211
10/03/2011,ILM,NC,ASO,EN,Combined TRACON& Tower with Radar,13,39,30,1,83,0,11,28,1,40,13,50,58,2,123,22,0,22,145
10/04/2011,ILM,NC,ASO,EN,Combined TRACON& Tower with Radar,11,38,47,6,102,0,6,37,1,44,11,44,84,7,146,22,2,24,170
10/05/2011,ILM,NC,ASO,EN,Combined TRACON& Tower with Radar,16,42,47,12,117,0,2,36,2,40,16,44,83,14,157,18,4,22,179
10/06/2011,ILM,NC,ASO,EN,Combined TRACON& Tower with Radar,8,46,41,11,106,0,4,17,2,23,8,50,58,13,129,0,0,0,129
10/07/2011,ILM,NC,ASO,EN,Combined TRACON& Tower with Radar,14,46,47,24,131,0,6,37,2,45,14,52,84,26,176,12,6,18,194
10/08/2011,ILM,NC,ASO,EN,Combined TRACON& Tower with Radar,10,39,32,0,81,0,1,34,5,40,10,40,66,5,121,0,0,0,121
10/09/2011,ILM,NC,ASO,EN,Combined TRACON& Tower with Radar,10,38,46,3,97,0,4,22,0,26,10,42,68,3,123,0,0,0,123
10/10/2011,ILM,NC,ASO,EN,Combined TRACON& Tower with Radar,13,41,33,0,87,0,1,4,0,5,13,42,37,0,92,0,0,0,92
10/11/2011,ILM,NC,ASO,EN,Combined TRACON& Tower with Radar,11,41,30,10,92,0,3,0,0,3,11,44,30,10,95,0,0,0,95
10/12/2011,ILM,NC,ASO,EN,Combined TRACON& Tower with Radar,10,49,38,6,103,0,4,6,2,12,10,53,44,8,115,30,0,30,145
10/13/2011,ILM,NC,ASO,EN,Combined TRACON& Tower with Radar,10,44,41,8,103,0,3,14,2,19,10,47,55,10,122,14,0,14,136
10/14/2011,ILM,NC,ASO,EN,Combined TRACON& Tower with Radar,14,48,56,1,119,0,3,12,0,15,14,51,68,1,134,8,0,8,142
10/15/2011,ILM,NC,ASO,EN,Combined TRACON& Tower with Radar,11,40,55,4,110,0,4,39,1,44,11,44,94,5,154,10,0,10,164
10/16/2011,ILM,NC,ASO,EN,Combined TRACON& Tower with Radar,10,37,51,0,98,0,2,60,2,64,10,39,111,2,162,26,0,26,188
10/17/2011,ILM,NC,ASO,EN,Combined TRACON& Tower with Radar,13,48,33,21,115,0,4,44,2,50,13,52,77,23,165,48,12,60,225
10/18/2011,ILM,NC,ASO,EN,Combined TRACON& Tower with Radar,12,40,39,11,102,0,2,15,0,17,12,42,54,11,119,32,0,32,151
10/19/2011,ILM,NC,ASO,EN,Combined TRACON& Tower with Radar,12,41,47,25,125,0,0,7,0,7,12,41,54,25,132,16,16,32,164
10/20/2011,ILM,NC,ASO,EN,Combined TRACON& Tower with Radar,12,45,59,25,141,0,3,21,1,25,12,48,80,26,166,0,0,0,166
10/21/2011,ILM,NC,ASO,EN,Combined TRACON& Tower with Radar,16,47,57,28,148,0,2,25,1,28,16,49,82,29,176,28,8,36,212
10/22/2011,ILM,NC,ASO,EN,Combined TRACON& Tower with Radar,10,42,37,11,100,0,2,33,6,41,10,44,70,17,141,0,0,0,141
10/23/2011,ILM,NC,ASO,EN,Combined TRACON& Tower with Radar,14,33,58,0,105,0,2,38,1,41,14,35,96,1,146,22,0,22,168
10/24/2011,ILM,NC,ASO,EN,Combined TRACON& Tower with Radar,13,42,37,40,132,0,3,32,0,35,13,45,69,40,167,6,24,30,197
10/25/2011,ILM,NC,ASO,EN,Combined TRACON& Tower with Radar,11,41,43,10,105,0,4,33,5,42,11,45,76,15,147,68,22,90,237
10/26/2011,ILM,NC,ASO,EN,Combined TRACON& Tower with Radar,12,45,44,9,110,0,2,30,3,35,12,47,74,12,145,16,4,20,165
10/27/2011,ILM,NC,ASO,EN,Combined TRACON& Tower with Radar,12,42,56,9,119,0,3,23,2,28,12,45,79,11,147,30,4,34,181
10/28/2011,ILM,NC,ASO,EN,Combined TRACON& Tower with Radar,14,45,57,22,138,0,1,4,1,6,14,46,61,23,144,0,0,0,144
10/29/2011,ILM,NC,ASO,EN,Combined TRACON& Tower with Radar,11,35,27,1,74,0,2,13,2,17,11,37,40,3,91,0,0,0,91
10/30/2011,ILM,NC,ASO,EN,Combined TRACON& Tower with Radar,10,35,53,3,101,0,8,39,4,51,10,43,92,7,152,30,0,30,182
10/31/2011,ILM,NC,ASO,EN,Combined TRACON& Tower with Radar,13,42,47,6,108,0,0,7,4,11,13,42,54,10,119,22,0,22,141
11/01/2011,ILM,NC,ASO,EN,Combined TRACON& Tower with Radar,12,46,43,5,106,0,1,11,0,12,12,47,54,5,118,16,0,16,134
11/02/2011,ILM,NC,ASO,EN,Combined TRACON& Tower with Radar,13,40,47,23,123,0,1,24,0,25,13,41,71,23,148,0,0,0,148
11/03/2011,ILM,NC,ASO,EN,Combined TRACON& Tower with Radar,13,39,42,7,101,0,2,26,6,34,13,41,68,13,135,12,0,12,147
11/04/2011,ILM,NC,ASO,EN,Combined TRACON& Tower with Radar,16,47,39,6,108,0,2,0,0,2,16,49,39,6,110,0,0,0,110
11/05/2011,ILM,NC,ASO,EN,Combined TRACON& Tower with Radar,9,34,33,8,84,0,5,6,0,11,9,39,39,8,95,0,0,0,95
11/06/2011,ILM,NC,ASO,EN,Combined TRACON& Tower with Radar,10,32,44,0,86,0,8,17,0,25,10,40,61,0,111,16,0,16,127
11/07/2011,ILM,NC,ASO,EN,Combined TRACON& Tower with Radar,15,46,53,1,115,0,0,23,1,24,15,46,76,2,139,20,0,20,159
11/08/2011,ILM,NC,ASO,EN,Combined TRACON& Tower with Radar,11,43,33,16,103,0,4,32,1,37,11,47,65,17,140,12,0,12,152
11/09/2011,ILM,NC,ASO,EN,Combined TRACON& Tower with Radar,12,51,46,16,125,0,3,26,2,31,12,54,72,18,156,13,0,13,169
11/10/2011,ILM,NC,ASO,EN,Combined TRACON& Tower with Radar,12,45,41,13,111,0,1,29,2,32,12,46,70,15,143,16,0,16,159
11/11/2011,ILM,NC,ASO,EN,Combined TRACON& Tower with Radar,14,46,39,0,99,0,4,19,2,25,14,50,58,2,124,0,0,0,124
11/12/2011,ILM,NC,ASO,EN,Combined TRACON& Tower with Radar,11,35,36,2,84,0,2,45,1,48,11,37,81,3,132,10,6,16,148
11/13/2011,ILM,NC,ASO,EN,Combined TRACON& Tower with Radar,10,44,50,3,107,0,2,58,0,60,10,46,108,3,167,38,0,38,205
11/14/2011,ILM,NC,ASO,EN,Combined TRACON& Tower with Radar,13,42,42,10,107,0,1,16,0,17,13,43,58,10,124,14,2,16,140
11/15/2011,ILM,NC,ASO,EN,Combined TRACON& Tower with Radar,12,40,40,12,104,0,2,12,2,16,12,42,52,14,120,8,14,22,142
11/16/2011,ILM,NC,ASO,EN,Combined TRACON& Tower with Radar,10,50,32,28,120,0,0,3,0,3,10,50,35,28,123,0,0,0,123
11/17/2011,ILM,NC,ASO,EN,Combined TRACON& Tower with Radar,13,46,34,17,110,0,1,3,1,5,13,47,37,18,115,8,16,24,139
11/18/2011,ILM,NC,ASO,EN,Combined TRACON& Tower with Radar,17,46,55,14,132,0,0,41,2,43,17,46,96,16,175,0,0,0,175
11/19/2011,ILM,NC,ASO,EN,Combined TRACON& Tower with Radar,9,36,40,14,99,0,2,42,3,47,9,38,82,17,146,23,26,49,195
11/20/2011,ILM,NC,ASO,EN,Combined TRACON& Tower with Radar,12,36,46,6,100,0,0,28,1,29,12,36,74,7,129,19,0,19,148
11/21/2011,ILM,NC,ASO,EN,Combined TRACON& Tower with Radar,15,47,39,8,109,0,10,16,3,29,15,57,55,11,138,28,0,28,166
11/22/2011,ILM,NC,ASO,EN,Combined TRACON& Tower with Radar,14,57,59,37,167,0,0,11,1,12,14,57,70,38,179,4,40,44,223
11/23/2011,ILM,NC,ASO,EN,Combined TRACON& Tower with Radar,14,51,50,8,123,0,1,5,0,6,14,52,55,8,129,0,0,0,129
11/24/2011,ILM,NC,ASO,EN,Combined TRACON& Tower with Radar,8,26,18,0,52,0,1,21,0,22,8,27,39,0,74,0,0,0,74
11/25/2011,ILM,NC,ASO,EN,Combined TRACON& Tower with Radar,12,31,34,0,77,0,5,38,0,43,12,36,72,0,120,0,0,0,120
11/26/2011,ILM,NC,ASO,EN,Combined TRACON& Tower with Radar,11,45,46,1,103,0,3,48,3,54,11,48,94,4,157,39,0,39,196
11/27/2011,ILM,NC,ASO,EN,Combined TRACON& Tower with Radar,12,53,60,0,125,0,2,26,0,28,12,55,86,0,153,30,0,30,183
11/28/2011,ILM,NC,ASO,EN,Combined TRACON& Tower with Radar,14,53,51,4,122,0,2,3,0,5,14,55,54,4,127,0,0,0,127
11/29/2011,ILM,NC,ASO,EN,Combined TRACON& Tower with Radar,11,43,30,12,96,0,1,6,5,12,11,44,36,17,108,14,10,24,132
11/30/2011,ILM,NC,ASO,EN,Combined TRACON& Tower with Radar,11,45,31,5,92,0,2,19,8,29,11,47,50,13,121,2,14,16,137
12/01/2011,ILM,NC,ASO,EN,Combined TRACON& Tower with Radar,6,18,13,7,44,0,1,10,1,12,6,19,23,8,56,0,16,16,72
12/02/2011,ILM,NC,ASO,EN,Combined TRACON& Tower with Radar,14,43,47,9,113,0,4,27,6,37,14,47,74,15,150,8,0,8,158
12/03/2011,ILM,NC,ASO,EN,Combined TRACON& Tower with Radar,9,28,24,11,72,0,2,25,12,39,9,30,49,23,111,0,0,0,111
12/04/2011,ILM,NC,ASO,EN,Combined TRACON& Tower with Radar,12,35,61,4,112,0,4,43,5,52,12,39,104,9,164,28,0,28,192
12/05/2011,ILM,NC,ASO,EN,Combined TRACON& Tower with Radar,13,41,39,4,97,0,4,9,4,17,13,45,48,8,114,18,2,20,134
12/06/2011,ILM,NC,ASO,EN,Combined TRACON& Tower with Radar,16,39,18,21,94,0,2,10,2,14,16,41,28,23,108,16,6,22,130
12/07/2011,ILM,NC,ASO,EN,Combined TRACON& Tower with Radar,11,51,39,8,109,0,0,1,2,3,11,51,40,10,112,2,4,6,118
12/08/2011,ILM,NC,ASO,EN,Combined TRACON& Tower with Radar,12,45,44,7,108,0,5,18,1,24,12,50,62,8,132,10,0,10,142
12/09/2011,ILM,NC,ASO,EN,Combined TRACON& Tower with Radar,12,46,44,3,105,0,7,31,1,39,12,53,75,4,144,34,0,34,178
12/10/2011,ILM,NC,ASO,EN,Combined TRACON& Tower with Radar,9,33,21,10,73,0,3,17,2,22,9,36,38,12,95,41,2,43,138
12/11/2011,ILM,NC,ASO,EN,Combined TRACON& Tower with Radar,12,32,48,3,95,0,3,35,0,38,12,35,83,3,133,6,0,6,139
12/12/2011,ILM,NC,ASO,EN,Combined TRACON& Tower with Radar,13,38,32,4,87,0,2,21,1,24,13,40,53,5,111,47,0,47,158
12/13/2011,ILM,NC,ASO,EN,Combined TRACON& Tower with Radar,11,42,37,8,98,0,3,16,0,19,11,45,53,8,117,0,0,0,117
12/14/2011,ILM,NC,ASO,EN,Combined TRACON& Tower with Radar,11,42,59,9,121,0,2,25,2,29,11,44,84,11,150,12,0,12,162
12/15/2011,ILM,NC,ASO,EN,Combined TRACON& Tower with Radar,13,43,44,9,109,0,3,26,5,34,13,46,70,14,143,14,0,14,157
12/16/2011,ILM,NC,ASO,EN,Combined TRACON& Tower with Radar,14,58,45,20,137,0,1,34,5,40,14,59,79,25,177,2,22,24,201
12/17/2011,ILM,NC,ASO,EN,Combined TRACON& Tower with Radar,10,39,59,7,115,0,1,21,8,30,10,40,80,15,145,38,0,38,183
12/18/2011,ILM,NC,ASO,EN,Combined TRACON& Tower with Radar,9,51,53,2,115,0,1,25,0,26,9,52,78,2,141,48,0,48,189
12/19/2011,ILM,NC,ASO,EN,Combined TRACON& Tower with Radar,14,46,58,6,124,0,1,38,2,41,14,47,96,8,165,12,0,12,177
12/20/2011,ILM,NC,ASO,EN,Combined TRACON& Tower with Radar,12,56,46,21,135,0,1,24,1,26,12,57,70,22,161,0,4,4,165
12/21/2011,ILM,NC,ASO,EN,Combined TRACON& Tower with Radar,14,53,53,28,148,0,1,4,0,5,14,54,57,28,153,0,0,0,153
12/22/2011,ILM,NC,ASO,EN,Combined TRACON& Tower with Radar,11,68,71,3,153,0,6,14,0,20,11,74,85,3,173,22,0,22,195
12/23/2011,ILM,NC,ASO,EN,Combined TRACON& Tower with Radar,14,62,39,8,123,0,3,9,0,12,14,65,48,8,135,28,0,28,163
12/24/2011,ILM,NC,ASO,EN,Combined TRACON& Tower with Radar,10,61,42,0,113,0,3,16,0,19,10,64,58,0,132,2,0,2,134
12/25/2011,ILM,NC,ASO,EN,Combined TRACON& Tower with Radar,8,63,40,0,111,0,5,12,0,17,8,68,52,0,128,16,0,16,144
12/26/2011,ILM,NC,ASO,EN,Combined TRACON& Tower with Radar,14,73,88,0,175,0,2,26,0,28,14,75,114,0,203,0,0,0,203
12/27/2011,ILM,NC,ASO,EN,Combined TRACON& Tower with Radar,13,67,59,0,139,0,1,2,0,3,13,68,61,0,142,0,0,0,142
12/28/2011,ILM,NC,ASO,EN,Combined TRACON& Tower with Radar,14,58,40,8,120,0,4,17,0,21,14,62,57,8,141,0,0,0,141
12/29/2011,ILM,NC,ASO,EN,Combined TRACON& Tower with Radar,14,51,52,15,132,0,3,32,0,35,14,54,84,15,167,10,12,22,189
12/30/2011,ILM,NC,ASO,EN,Combined TRACON& Tower with Radar,14,46,54,0,114,0,3,33,1,37,14,49,87,1,151,20,0,20,171
12/31/2011,ILM,NC,ASO,EN,Combined TRACON& Tower with Radar,12,47,23,0,82,0,7,22,5,34,12,54,45,5,116,0,0,0,116
01/01/2012,ILM,NC,ASO,EN,Combined TRACON& Tower with Radar,11,48,77,0,136,0,1,25,0,26,11,49,102,0,162,6,0,6,168
01/02/2012,ILM,NC,ASO,EN,Combined TRACON& Tower with Radar,15,58,86,2,161,0,2,22,1,25,15,60,108,3,186,4,0,4,190
01/03/2012,ILM,NC,ASO,EN,Combined TRACON& Tower with Radar,11,45,36,14,106,0,0,4,0,4,11,45,40,14,110,0,0,0,110
01/04/2012,ILM,NC,ASO,EN,Combined TRACON& Tower with Radar,12,51,34,28,125,0,4,22,2,28,12,55,56,30,153,14,0,14,167
01/05/2012,ILM,NC,ASO,EN,Combined TRACON& Tower with Radar,21,46,44,35,146,0,0,31,2,33,21,46,75,37,179,10,28,38,217
01/06/2012,ILM,NC,ASO,EN,Combined TRACON& Tower with Radar,14,35,39,12,100,0,4,25,1,30,14,39,64,13,130,2,10,12,142
01/07/2012,ILM,NC,ASO,EN,Combined TRACON& Tower with Radar,10,29,31,2,72,0,4,35,3,42,10,33,66,5,114,14,0,14,128
01/08/2012,ILM,NC,ASO,EN,Combined TRACON& Tower with Radar,10,42,44,0,96,0,2,26,3,31,10,44,70,3,127,2,0,2,129
01/09/2012,ILM,NC,ASO,EN,Combined TRACON& Tower with Radar,13,40,25,20,98,0,0,2,2,4,13,40,27,22,102,0,0,0,102
01/10/2012,ILM,NC,ASO,EN,Combined TRACON& Tower with Radar,11,46,25,21,103,0,0,11,4,15,11,46,36,25,118,0,0,0,118
01/11/2012,ILM,NC,ASO,EN,Combined TRACON& Tower with Radar,12,43,13,10,78,0,1,1,0,2,12,44,14,10,80,0,0,0,80
01/12/2012,ILM,NC,ASO,EN,Combined TRACON& Tower with Radar,12,49,39,19,119,0,5,16,5,26,12,54,55,24,145,2,12,14,159
01/13/2012,ILM,NC,ASO,EN,Combined TRACON& Tower with Radar,14,49,36,7,106,0,1,10,0,11,14,50,46,7,117,0,0,0,117
01/14/2012,ILM,NC,ASO,EN,Combined TRACON& Tower with Radar,10,39,25,3,77,0,0,46,1,47,10,39,71,4,124,12,0,12,136
01/15/2012,ILM,NC,ASO,EN,Combined TRACON& Tower with Radar,10,39,44,4,97,0,7,37,0,44,10,46,81,4,141,8,0,8,149
01/16/2012,ILM,NC,ASO,EN,Combined TRACON& Tower with Radar,15,41,33,0,89,0,3,15,0,18,15,44,48,0,107,0,0,0,107
01/17/2012,ILM,NC,ASO,EN,Combined TRACON& Tower with Radar,11,40,29,3,83,0,2,7,1,10,11,42,36,4,93,0,0,0,93
01/18/2012,ILM,NC,ASO,EN,Combined TRACON& Tower with Radar,12,43,50,6,111,0,4,2,0,6,12,47,52,6,117,0,0,0,117
01/19/2012,ILM,NC,ASO,EN,Combined TRACON& Tower with Radar,12,45,62,11,130,0,1,29,1,31,12,46,91,12,161,38,2,40,201
01/20/2012,ILM,NC,ASO,EN,Combined TRACON& Tower with Radar,16,48,45,15,124,0,15,22,0,37,16,63,67,15,161,0,2,2,163
01/21/2012,ILM,NC,ASO,EN,Combined TRACON& Tower with Radar,11,31,23,14,79,0,0,1,0,1,11,31,24,14,80,26,0,26,106
01/22/2012,ILM,NC,ASO,EN,Combined TRACON& Tower with Radar,12,38,24,0,74,0,0,0,0,0,12,38,24,0,74,0,0,0,74
01/23/2012,ILM,NC,ASO,EN,Combined TRACON& Tower with Radar,10,44,15,2,71,0,2,0,1,3,10,46,15,3,74,0,0,0,74
01/24/2012,ILM,NC,ASO,EN,Combined TRACON& Tower with Radar,11,41,33,13,98,0,3,15,2,20,11,44,48,15,118,6,4,10,128
01/25/2012,ILM,NC,ASO,EN,Combined TRACON& Tower with Radar,12,45,36,28,121,0,3,32,3,38,12,48,68,31,159,14,0,14,173
01/26/2012,ILM,NC,ASO,EN,Combined TRACON& Tower with Radar,11,50,38,16,115,0,1,7,1,9,11,51,45,17,124,12,0,12,136
01/27/2012,ILM,NC,ASO,EN,Combined TRACON& Tower with Radar,14,43,24,22,103,0,0,5,0,5,14,43,29,22,108,0,14,14,122
01/28/2012,ILM,NC,ASO,EN,Combined TRACON& Tower with Radar,9,32,46,1,88,0,0,44,4,48,9,32,90,5,136,0,0,0,136
01/29/2012,ILM,NC,ASO,EN,Combined TRACON& Tower with Radar,10,42,36,0,88,0,3,55,3,61,10,45,91,3,149,60,0,60,209
01/30/2012,ILM,NC,ASO,EN,Combined TRACON& Tower with Radar,13,52,36,12,113,0,1,11,0,12,13,53,47,12,125,20,0,20,145
01/31/2012,ILM,NC,ASO,EN,Combined TRACON& Tower with Radar,11,37,24,10,82,0,7,14,0,21,11,44,38,10,103,0,0,0,103
02/01/2012,ILM,NC,ASO,EN,Combined TRACON& Tower with Radar,12,42,32,17,103,0,1,27,0,28,12,43,59,17,131,0,0,0,131
02/02/2012,ILM,NC,ASO,EN,Combined TRACON& Tower with Radar,14,44,35,12,105,0,1,18,0,19,14,45,53,12,124,14,0,14,138
02/03/2012,ILM,NC,ASO,EN,Combined TRACON& Tower with Radar,14,43,45,8,110,0,5,20,2,27,14,48,65,10,137,4,5,9,146
02/04/2012,ILM,NC,ASO,EN,Combined TRACON& Tower with Radar,10,35,33,9,87,0,2,35,4,41,10,37,68,13,128,8,0,8,136
02/05/2012,ILM,NC,ASO,EN,Combined TRACON& Tower with Radar,10,40,39,0,89,0,1,0,0,1,10,41,39,0,90,0,0,0,90
02/06/2012,ILM,NC,ASO,EN,Combined TRACON& Tower with Radar,13,43,31,14,101,0,2,6,0,8,13,45,37,14,109,20,0,20,129
02/07/2012,ILM,NC,ASO,EN,Combined TRACON& Tower with Radar,13,43,44,24,124,0,2,14,2,18,13,45,58,26,142,0,20,20,162
02/08/2012,ILM,NC,ASO,EN,Combined TRACON& Tower with Radar,12,40,47,32,131,0,2,16,2,20,12,42,63,34,151,0,8,8,159
02/09/2012,ILM,NC,ASO,EN,Combined TRACON& Tower with Radar,12,47,49,12,120,0,2,16,3,21,12,49,65,15,141,0,2,2,143
02/10/2012,ILM,NC,ASO,EN,Combined TRACON& Tower with Radar,16,50,50,9,125,0,1,3,2,6,16,51,53,11,131,6,0,6,137
02/11/2012,ILM,NC,ASO,EN,Combined TRACON& Tower with Radar,10,38,30,0,78,0,4,12,0,16,10,42,42,0,94,0,0,0,94
02/12/2012,ILM,NC,ASO,EN,Combined TRACON& Tower with Radar,11,38,31,2,82,0,3,17,0,20,11,41,48,2,102,0,0,0,102
02/13/2012,ILM,NC,ASO,EN,Combined TRACON& Tower with Radar,14,43,44,25,126,0,2,17,2,21,14,45,61,27,147,12,6,18,165
02/14/2012,ILM,NC,ASO,EN,Combined TRACON& Tower with Radar,13,49,34,38,134,0,0,5,1,6,13,49,39,39,140,30,0,30,170
02/15/2012,ILM,NC,ASO,EN,Combined TRACON& Tower with Radar,12,49,68,26,155,0,3,23,0,26,12,52,91,26,181,6,22,28,209
02/16/2012,ILM,NC,ASO,EN,Combined TRACON& Tower with Radar,12,52,51,18,133,0,1,0,0,1,12,53,51,18,134,6,14,20,154
02/17/2012,ILM,NC,ASO,EN,Combined TRACON& Tower with Radar,18,77,75,16,186,0,5,22,4,31,18,82,97,20,217,10,0,10,227
02/18/2012,ILM,NC,ASO,EN,Combined TRACON& Tower with Radar,11,39,54,1,105,0,1,35,0,36,11,40,89,1,141,0,0,0,141
02/19/2012,ILM,NC,ASO,EN,Combined TRACON& Tower with Radar,12,38,17,0,67,0,0,0,0,0,12,38,17,0,67,0,0,0,67
02/20/2012,ILM,NC,ASO,EN,Combined TRACON& Tower with Radar,14,48,52,2,116,0,2,27,0,29,14,50,79,2,145,12,0,12,157
02/21/2012,ILM,NC,ASO,EN,Combined TRACON& Tower with Radar,14,45,52,0,111,0,2,17,0,19,14,47,69,0,130,16,0,16,146
02/22/2012,ILM,NC,ASO,EN,Combined TRACON& Tower with Radar,12,43,54,24,133,0,1,11,4,16,12,44,65,28,149,0,0,0,149
02/23/2012,ILM,NC,ASO,EN,Combined TRACON& Tower with Radar,12,43,57,34,146,0,5,8,0,13,12,48,65,34,159,0,0,0,159
02/24/2012,ILM,NC,ASO,EN,Combined TRACON& Tower with Radar,13,44,30,19,106,0,0,2,0,2,13,44,32,19,108,28,4,32,140
02/25/2012,ILM,NC,ASO,EN,Combined TRACON& Tower with Radar,11,34,41,0,86,0,5,15,2,22,11,39,56,2,108,0,0,0,108
02/26/2012,ILM,NC,ASO,EN,Combined TRACON& Tower with Radar,10,37,62,0,109,0,1,44,0,45,10,38,106,0,154,22,0,22,176
02/27/2012,ILM,NC,ASO,EN,Combined TRACON& Tower with Radar,14,42,39,0,95,0,1,6,0,7,14,43,45,0,102,24,0,24,126
02/28/2012,ILM,NC,ASO,EN,Combined TRACON& Tower with Radar,12,49,29,17,107,0,2,21,4,27,12,51,50,21,134,0,0,0,134
02/29/2012,ILM,NC,ASO,EN,Combined TRACON& Tower with Radar,12,41,28,13,94,0,0,6,5,11,12,41,34,18,105,0,0,0,105
03/01/2012,ILM,NC,ASO,EN,Combined TRACON& Tower with Radar,12,46,38,19,115,0,2,12,2,16,12,48,50,21,131,0,6,6,137
03/02/2012,ILM,NC,ASO,EN,Combined TRACON& Tower with Radar,12,54,60,30,156,0,0,0,0,0,12,54,60,30,156,0,0,0,156
03/03/2012,ILM,NC,ASO,EN,Combined TRACON& Tower with Radar,11,33,16,0,60,0,1,2,0,3,11,34,18,0,63,0,0,0,63
03/04/2012,ILM,NC,ASO,EN,Combined TRACON& Tower with Radar,11,31,49,7,98,0,1,9,1,11,11,32,58,8,109,0,0,0,109
03/05/2012,ILM,NC,ASO,EN,Combined TRACON& Tower with Radar,16,43,40,9,108,0,0,5,0,5,16,43,45,9,113,0,0,0,113
03/06/2012,ILM,NC,ASO,EN,Combined TRACON& Tower with Radar,13,38,39,16,106,0,2,15,2,19,13,40,54,18,125,0,0,0,125
03/07/2012,ILM,NC,ASO,EN,Combined TRACON& Tower with Radar,14,40,50,14,118,0,2,17,10,29,14,42,67,24,147,4,12,16,163
03/08/2012,ILM,NC,ASO,EN,Combined TRACON& Tower with Radar,14,40,57,11,122,0,4,20,0,24,14,44,77,11,146,6,0,6,152
03/09/2012,ILM,NC,ASO,EN,Combined TRACON& Tower with Radar,16,52,49,3,120,0,1,11,5,17,16,53,60,8,137,0,0,0,137
03/10/2012,ILM,NC,ASO,EN,Combined TRACON& Tower with Radar,13,44,54,4,115,0,0,42,4,46,13,44,96,8,161,17,0,17,178
03/11/2012,ILM,NC,ASO,EN,Combined TRACON& Tower with Radar,12,44,79,3,138,0,3,48,0,51,12,47,127,3,189,6,0,6,195
03/12/2012,ILM,NC,ASO,EN,Combined TRACON& Tower with Radar,16,45,40,12,113,0,4,12,0,16,16,49,52,12,129,0,2,2,131
03/13/2012,ILM,NC,ASO,EN,Combined TRACON& Tower with Radar,14,41,30,7,92,0,2,10,0,12,14,43,40,7,104,0,0,0,104
03/14/2012,ILM,NC,ASO,EN,Combined TRACON& Tower with Radar,14,47,56,19,136,0,3,20,4,27,14,50,76,23,163,0,14,14,177
03/15/2012,ILM,NC,ASO,EN,Combined TRACON& Tower with Radar,14,41,48,6,109,0,5,35,2,42,14,46,83,8,151,22,2,24,175
03/16/2012,ILM,NC,ASO,EN,Combined TRACON& Tower with Radar,18,50,74,18,160,0,3,22,2,27,18,53,96,20,187,6,12,18,205
03/17/2012,ILM,NC,ASO,EN,Combined TRACON& Tower with Radar,9,43,34,2,88,0,2,23,2,27,9,45,57,4,115,0,0,0,115
03/18/2012,ILM,NC,ASO,EN,Combined TRACON& Tower with Radar,14,36,55,0,105,0,1,8,0,9,14,37,63,0,114,0,0,0,114
03/19/2012,ILM,NC,ASO,EN,Combined TRACON& Tower with Radar,12,47,47,0,106,0,0,2,0,2,12,47,49,0,108,0,0,0,108
03/20/2012,ILM,NC,ASO,EN,Combined TRACON& Tower with Radar,14,45,44,4,107,0,5,13,0,18,14,50,57,4,125,0,0,0,125
03/21/2012,ILM,NC,ASO,EN,Combined TRACON& Tower with Radar,14,54,37,10,115,0,7,5,3,15,14,61,42,13,130,0,0,0,130
03/22/2012,ILM,NC,ASO,EN,Combined TRACON& Tower with Radar,14,49,54,4,121,0,2,7,4,13,14,51,61,8,134,0,0,0,134
03/23/2012,ILM,NC,ASO,EN,Combined TRACON& Tower with Radar,17,51,67,5,140,0,3,30,2,35,17,54,97,7,175,0,0,0,175
03/24/2012,ILM,NC,ASO,EN,Combined TRACON& Tower with Radar,10,40,28,1,79,0,2,1,1,4,10,42,29,2,83,0,0,0,83
03/25/2012,ILM,NC,ASO,EN,Combined TRACON& Tower with Radar,10,59,52,1,122,0,3,9,1,13,10,62,61,2,135,0,0,0,135
03/26/2012,ILM,NC,ASO,EN,Combined TRACON& Tower with Radar,14,44,42,11,111,0,1,15,5,21,14,45,57,16,132,0,0,0,132
03/27/2012,ILM,NC,ASO,EN,Combined TRACON& Tower with Radar,12,45,47,21,125,0,4,33,16,53,12,49,80,37,178,4,6,10,188
03/28/2012,ILM,NC,ASO,EN,Combined TRACON& Tower with Radar,14,44,71,2,131,0,2,31,3,36,14,46,102,5,167,0,6,6,173
03/29/2012,ILM,NC,ASO,EN,Combined TRACON& Tower with Radar,12,42,64,14,132,0,4,27,4,35,12,46,91,18,167,6,0,6,173
03/30/2012,ILM,NC,ASO,EN,Combined TRACON& Tower with Radar,13,48,67,1,129,0,2,13,1,16,13,50,80,2,145,0,0,0,145
03/31/2012,ILM,NC,ASO,EN,Combined TRACON& Tower with Radar,9,47,24,0,80,0,4,2,0,6,9,51,26,0,86,0,0,0,86
04/01/2012,ILM,NC,ASO,EN,Combined TRACON& Tower with Radar,10,46,54,2,112,0,1,43,0,44,10,47,97,2,156,0,0,0,156
04/02/2012,ILM,NC,ASO,EN,Combined TRACON& Tower with Radar,14,40,35,5,94,0,3,8,0,11,14,43,43,5,105,26,0,26,131
04/03/2012,ILM,NC,ASO,EN,Combined TRACON& Tower with Radar,12,35,38,16,101,0,1,30,3,34,12,36,68,19,135,6,4,10,145
04/04/2012,ILM,NC,ASO,EN,Combined TRACON& Tower with Radar,12,44,60,12,128,0,0,23,0,23,12,44,83,12,151,14,0,14,165
04/05/2012,ILM,NC,ASO,EN,Combined TRACON& Tower with Radar,12,52,71,14,149,0,3,6,0,9,12,55,77,14,158,0,0,0,158
04/06/2012,ILM,NC,ASO,EN,Combined TRACON& Tower with Radar,14,49,64,0,127,0,1,25,0,26,14,50,89,0,153,0,0,0,153
04/07/2012,ILM,NC,ASO,EN,Combined TRACON& Tower with Radar,6,41,54,0,101,0,3,49,1,53,6,44,103,1,154,10,0,10,164
04/08/2012,ILM,NC,ASO,EN,Combined TRACON& Tower with Radar,10,35,45,1,91,0,8,25,0,33,10,43,70,1,124,0,0,0,124
04/09/2012,ILM,NC,ASO,EN,Combined TRACON& Tower with Radar,12,45,57,7,121,0,2,19,2,23,12,47,76,9,144,34,10,44,188
04/10/2012,ILM,NC,ASO,EN,Combined TRACON& Tower with Radar,21,45,33,26,125,0,2,20,1,23,21,47,53,27,148,26,18,44,192
04/11/2012,ILM,NC,ASO,EN,Combined TRACON& Tower with Radar,15,38,54,17,124,0,2,24,3,29,15,40,78,20,153,46,10,56,209
04/12/2012,ILM,NC,ASO,EN,Combined TRACON& Tower with Radar,12,38,63,2,115,0,1,19,0,20,12,39,82,2,135,0,0,0,135
04/13/2012,ILM,NC,ASO,EN,Combined TRACON& Tower with Radar,14,38,67,20,139,0,3,28,5,36,14,41,95,25,175,28,8,36,211
04/14/2012,ILM,NC,ASO,EN,Combined TRACON& Tower with Radar,9,35,41,2,87,0,2,46,7,55,9,37,87,9,142,0,0,0,142
04/15/2012,ILM,NC,ASO,EN,Combined TRACON& Tower with Radar,10,44,59,4,117,0,6,16,0,22,10,50,75,4,139,0,0,0,139
04/16/2012,ILM,NC,ASO,EN,Combined TRACON& Tower with Radar,14,40,46,2,102,0,5,26,8,39,14,45,72,10,141,8,0,8,149
04/17/2012,ILM,NC,ASO,EN,Combined TRACON& Tower with Radar,12,40,42,19,113,0,2,20,2,24,12,42,62,21,137,0,10,10,147
04/18/2012,ILM,NC,ASO,EN,Combined TRACON& Tower with Radar,12,36,62,24,134,0,1,27,2,30,12,37,89,26,164,12,10,22,186
04/19/2012,ILM,NC,ASO,EN,Combined TRACON& Tower with Radar,12,38,49,10,109,0,1,4,3,8,12,39,53,13,117,12,8,20,137
04/20/2012,ILM,NC,ASO,EN,Combined TRACON& Tower with Radar,16,36,66,13,131,0,0,11,2,13,16,36,77,15,144,0,0,0,144
04/21/2012,ILM,NC,ASO,EN,Combined TRACON& Tower with Radar,11,44,38,4,97,0,6,24,0,30,11,50,62,4,127,20,0,20,147
04/22/2012,ILM,NC,ASO,EN,Combined TRACON& Tower with Radar,11,45,53,1,110,0,0,4,0,4,11,45,57,1,114,0,0,0,114
04/23/2012,ILM,NC,ASO,EN,Combined TRACON& Tower with Radar,14,39,53,17,123,0,2,4,6,12,14,41,57,23,135,0,10,10,145
04/24/2012,ILM,NC,ASO,EN,Combined TRACON& Tower with Radar,12,41,44,9,106,0,2,38,5,45,12,43,82,14,151,16,0,16,167
04/25/2012,ILM,NC,ASO,EN,Combined TRACON& Tower with Radar,12,41,52,25,130,0,4,18,29,51,12,45,70,54,181,0,0,0,181
04/26/2012,ILM,NC,ASO,EN,Combined TRACON& Tower with Radar,12,39,45,8,104,0,1,4,0,5,12,40,49,8,109,0,4,4,113
04/27/2012,ILM,NC,ASO,EN,Combined TRACON& Tower with Radar,14,41,90,18,163,0,3,29,7,39,14,44,119,25,202,0,0,0,202
04/28/2012,ILM,NC,ASO,EN,Combined TRACON& Tower with Radar,11,42,31,10,94,0,2,15,0,17,11,44,46,10,111,14,0,14,125
04/29/2012,ILM,NC,ASO,EN,Combined TRACON& Tower with Radar,10,38,55,6,109,0,1,22,1,24,10,39,77,7,133,42,0,42,175
04/30/2012,ILM,NC,ASO,EN,Combined TRACON& Tower with Radar,14,38,47,18,117,0,2,14,0,16,14,40,61,18,133,18,0,18,151
05/01/2012,ILM,NC,ASO,EN,Combined TRACON& Tower with Radar,12,48,32,31,123,0,0,20,0,20,12,48,52,31,143,16,36,52,195
05/02/2012,ILM,NC,ASO,EN,Combined TRACON& Tower with Radar,12,52,41,15,120,0,4,16,2,22,12,56,57,17,142,22,0,22,164
05/03/2012,ILM,NC,ASO,EN,Combined TRACON& Tower with Radar,12,37,43,14,106,0,4,31,2,37,12,41,74,16,143,0,0,0,143
05/04/2012,ILM,NC,ASO,EN,Combined TRACON& Tower with Radar,14,39,48,8,109,0,3,28,7,38,14,42,76,15,147,2,0,2,149
05/05/2012,ILM,NC,ASO,EN,Combined TRACON& Tower with Radar,10,34,20,1,65,0,1,25,0,26,10,35,45,1,91,14,0,14,105
05/06/2012,ILM,NC,ASO,EN,Combined TRACON& Tower with Radar,12,32,59,3,106,0,0,11,1,12,12,32,70,4,118,0,0,0,118
05/07/2012,ILM,NC,ASO,EN,Combined TRACON& Tower with Radar,14,50,26,8,98,0,4,20,0,24,14,54,46,8,122,2,0,2,124
05/08/2012,ILM,NC,ASO,EN,Combined TRACON& Tower with Radar,11,39,37,15,102,0,3,9,4,16,11,42,46,19,118,2,8,10,128
05/09/2012,ILM,NC,ASO,EN,Combined TRACON& Tower with Radar,13,36,32,11,92,0,2,9,0,11,13,38,41,11,103,26,8,34,137
05/10/2012,ILM,NC,ASO,EN,Combined TRACON& Tower with Radar,12,36,59,26,133,0,4,24,2,30,12,40,83,28,163,36,10,46,209
05/11/2012,ILM,NC,ASO,EN,Combined TRACON& Tower with Radar,14,41,69,10,134,0,1,28,6,35,14,42,97,16,169,18,0,18,187
05/12/2012,ILM,NC,ASO,EN,Combined TRACON& Tower with Radar,11,31,42,10,94,0,11,55,0,66,11,42,97,10,160,26,0,26,186
05/13/2012,ILM,NC,ASO,EN,Combined TRACON& Tower with Radar,10,39,32,13,94,0,2,28,0,30,10,41,60,13,124,24,6,30,154
05/14/2012,ILM,NC,ASO,EN,Combined TRACON& Tower with Radar,14,37,25,22,98,0,0,9,0,9,14,37,34,22,107,0,24,24,131
05/15/2012,ILM,NC,ASO,EN,Combined TRACON& Tower with Radar,12,41,37,10,100,0,4,16,0,20,12,45,53,10,120,12,0,12,132
05/16/2012,ILM,NC,ASO,EN,Combined TRACON& Tower with Radar,14,44,53,2,113,0,1,5,0,6,14,45,58,2,119,6,0,6,125
05/17/2012,ILM,NC,ASO,EN,Combined TRACON& Tower with Radar,12,46,43,12,113,0,1,12,0,13,12,47,55,12,126,0,0,0,126
05/18/2012,ILM,NC,ASO,EN,Combined TRACON& Tower with Radar,16,37,39,16,108,0,0,11,0,11,16,37,50,16,119,16,0,16,135
05/19/2012,ILM,NC,ASO,EN,Combined TRACON& Tower with Radar,13,33,31,2,79,0,2,21,7,30,13,35,52,9,109,14,0,14,123
05/20/2012,ILM,NC,ASO,EN,Combined TRACON& Tower with Radar,12,43,42,1,98,0,3,13,1,17,12,46,55,2,115,0,0,0,115
05/21/2012,ILM,NC,ASO,EN,Combined TRACON& Tower with Radar,23,37,53,20,133,0,2,15,0,17,23,39,68,20,150,12,16,28,178
05/22/2012,ILM,NC,ASO,EN,Combined TRACON& Tower with Radar,12,38,46,18,114,0,0,17,2,19,12,38,63,20,133,0,0,0,133
05/23/2012,ILM,NC,ASO,EN,Combined TRACON& Tower with Radar,14,40,45,10,109,0,1,9,1,11,14,41,54,11,120,6,0,6,126
05/24/2012,ILM,NC,ASO,EN,Combined TRACON& Tower with Radar,12,39,55,17,123,0,1,14,5,20,12,40,69,22,143,14,18,32,175
05/25/2012,ILM,NC,ASO,EN,Combined TRACON& Tower with Radar,12,49,60,4,125,0,3,16,4,23,12,52,76,8,148,2,0,2,150
05/26/2012,ILM,NC,ASO,EN,Combined TRACON& Tower with Radar,13,35,24,11,83,0,1,18,1,20,13,36,42,12,103,0,0,0,103
05/27/2012,ILM,NC,ASO,EN,Combined TRACON& Tower with Radar,8,43,20,2,73,0,1,14,0,15,8,44,34,2,88,0,2,2,90
05/28/2012,ILM,NC,ASO,EN,Combined TRACON& Tower with Radar,12,52,52,0,116,0,3,21,0,24,12,55,73,0,140,6,0,6,146
05/29/2012,ILM,NC,ASO,EN,Combined TRACON& Tower with Radar,12,38,36,4,90,0,0,11,0,11,12,38,47,4,101,28,0,28,129
05/30/2012,ILM,NC,ASO,EN,Combined TRACON& Tower with Radar,14,42,15,7,78,0,4,0,3,7,14,46,15,10,85,0,0,0,85
05/31/2012,ILM,NC,ASO,EN,Combined TRACON& Tower with Radar,12,40,90,7,149,0,5,28,5,38,12,45,118,12,187,2,6,8,195
06/01/2012,ILM,NC,ASO,EN,Combined TRACON& Tower with Radar,11,42,40,14,107,0,1,6,7,14,11,43,46,21,121,16,0,16,137
06/02/2012,ILM,NC,ASO,EN,Combined TRACON& Tower with Radar,13,43,41,3,100,0,0,31,12,43,13,43,72,15,143,0,0,0,143
06/03/2012,ILM,NC,ASO,EN,Combined TRACON& Tower with Radar,8,44,60,0,112,0,2,39,4,45,8,46,99,4,157,10,0,10,167
06/04/2012,ILM,NC,ASO,EN,Combined TRACON& Tower with Radar,12,38,45,23,118,0,2,20,1,23,12,40,65,24,141,2,0,2,143
06/05/2012,ILM,NC,ASO,EN,Combined TRACON& Tower with Radar,12,46,41,18,117,0,2,11,2,15,12,48,52,20,132,24,26,50,182
06/06/2012,ILM,NC,ASO,EN,Combined TRACON& Tower with Radar,15,37,37,5,94,0,2,18,0,20,15,39,55,5,114,0,0,0,114
06/07/2012,ILM,NC,ASO,EN,Combined TRACON& Tower with Radar,12,41,54,15,122,0,2,30,2,34,12,43,84,17,156,48,0,48,204
06/08/2012,ILM,NC,ASO,EN,Combined TRACON& Tower with Radar,12,46,56,34,148,0,5,35,12,52,12,51,91,46,200,10,0,10,210
06/09/2012,ILM,NC,ASO,EN,Combined TRACON& Tower with Radar,13,40,34,2,89,0,2,40,17,59,13,42,74,19,148,8,0,8,156
06/10/2012,ILM,NC,ASO,EN,Combined TRACON& Tower with Radar,8,41,66,1,116,0,2,36,13,51,8,43,102,14,167,2,0,2,169
06/11/2012,ILM,NC,ASO,EN,Combined TRACON& Tower with Radar,11,31,28,8,78,0,4,2,0,6,11,35,30,8,84,0,0,0,84
06/12/2012,ILM,NC,ASO,EN,Combined TRACON& Tower with Radar,12,39,41,28,120,0,0,2,0,2,12,39,43,28,122,12,10,22,144
06/13/2012,ILM,NC,ASO,EN,Combined TRACON& Tower with Radar,14,36,40,14,104,0,1,13,0,14,14,37,53,14,118,8,8,16,134
06/14/2012,ILM,NC,ASO,EN,Combined TRACON& Tower with Radar,12,35,31,21,99,0,5,27,3,35,12,40,58,24,134,0,0,0,134
06/15/2012,ILM,NC,ASO,EN,Combined TRACON& Tower with Radar,14,41,46,3,104,0,3,32,0,35,14,44,78,3,139,6,0,6,145
06/16/2012,ILM,NC,ASO,EN,Combined TRACON& Tower with Radar,13,40,47,1,101,0,4,52,7,63,13,44,99,8,164,10,0,10,174
06/17/2012,ILM,NC,ASO,EN,Combined TRACON& Tower with Radar,10,41,30,0,81,0,0,33,1,34,10,41,63,1,115,6,0,6,121
06/18/2012,ILM,NC,ASO,EN,Combined TRACON& Tower with Radar,11,38,55,28,132,0,3,16,2,21,11,41,71,30,153,22,10,32,185
06/19/2012,ILM,NC,ASO,EN,Combined TRACON& Tower with Radar,12,45,53,1,111,0,3,17,0,20,12,48,70,1,131,14,0,14,145
06/20/2012,ILM,NC,ASO,EN,Combined TRACON& Tower with Radar,14,38,54,13,119,0,1,17,3,21,14,39,71,16,140,10,0,10,150
06/21/2012,ILM,NC,ASO,EN,Combined TRACON& Tower with Radar,12,42,62,20,136,0,3,31,10,44,12,45,93,30,180,20,2,22,202
06/22/2012,ILM,NC,ASO,EN,Combined TRACON& Tower with Radar,18,51,45,16,130,0,5,27,10,42,18,56,72,26,172,8,0,8,180
06/23/2012,ILM,NC,ASO,EN,Combined TRACON& Tower with Radar,13,43,19,2,77,0,3,23,3,29,13,46,42,5,106,0,0,0,106
06/24/2012,ILM,NC,ASO,EN,Combined TRACON& Tower with Radar,8,51,40,1,100,0,4,35,0,39,8,55,75,1,139,0,0,0,139
06/25/2012,ILM,NC,ASO,EN,Combined TRACON& Tower with Radar,13,35,27,7,82,0,2,10,0,12,13,37,37,7,94,0,0,0,94
06/26/2012,ILM,NC,ASO,EN,Combined TRACON& Tower with Radar,12,43,34,18,107,0,1,9,1,11,12,44,43,19,118,0,0,0,118
06/27/2012,ILM,NC,ASO,EN,Combined TRACON& Tower with Radar,13,46,62,23,144,0,2,20,0,22,13,48,82,23,166,2,6,8,174
06/28/2012,ILM,NC,ASO,EN,Combined TRACON& Tower with Radar,13,37,57,40,147,0,1,76,2,79,13,38,133,42,226,48,36,84,310
06/29/2012,ILM,NC,ASO,EN,Combined TRACON& Tower with Radar,12,48,48,12,120,0,2,32,2,36,12,50,80,14,156,0,0,0,156
06/30/2012,ILM,NC,ASO,EN,Combined TRACON& Tower with Radar,14,39,32,0,85,0,0,25,0,25,14,39,57,0,110,24,0,24,134
07/01/2012,ILM,NC,ASO,EN,Combined TRACON& Tower with Radar,11,35,44,5,95,0,4,10,0,14,11,39,54,5,109,0,0,0,109
07/02/2012,ILM,NC,ASO,EN,Combined TRACON& Tower with Radar,14,38,45,4,101,0,1,16,1,18,14,39,61,5,119,0,0,0,119
07/03/2012,ILM,NC,ASO,EN,Combined TRACON& Tower with Radar,15,37,49,8,109,0,4,15,3,22,15,41,64,11,131,0,0,0,131
07/04/2012,ILM,NC,ASO,EN,Combined TRACON& Tower with Radar,16,28,22,0,66,0,2,29,0,31,16,30,51,0,97,8,0,8,105
07/05/2012,ILM,NC,ASO,EN,Combined TRACON& Tower with Radar,14,39,43,0,96,0,3,11,0,14,14,42,54,0,110,0,0,0,110
07/06/2012,ILM,NC,ASO,EN,Combined TRACON& Tower with Radar,14,45,34,0,93,0,6,21,0,27,14,51,55,0,120,18,0,18,138
07/07/2012,ILM,NC,ASO,EN,Combined TRACON& Tower with Radar,10,42,40,8,100,0,2,27,0,29,10,44,67,8,129,4,0,4,133
07/08/2012,ILM,NC,ASO,EN,Combined TRACON& Tower with Radar,11,45,43,0,99,0,4,29,0,33,11,49,72,0,132,0,0,0,132
07/09/2012,ILM,NC,ASO,EN,Combined TRACON& Tower with Radar,14,34,47,23,118,0,3,13,1,17,14,37,60,24,135,0,0,0,135
07/10/2012,ILM,NC,ASO,EN,Combined TRACON& Tower with Radar,13,41,52,14,120,0,4,7,7,18,13,45,59,21,138,4,14,18,156
07/11/2012,ILM,NC,ASO,EN,Combined TRACON& Tower with Radar,12,33,32,23,100,0,2,6,0,8,12,35,38,23,108,0,0,0,108
07/12/2012,ILM,NC,ASO,EN,Combined TRACON& Tower with Radar,10,42,36,10,98,0,3,10,1,14,10,45,46,11,112,0,0,0,112
07/13/2012,ILM,NC,ASO,EN,Combined TRACON& Tower with Radar,8,41,34,0,83,0,0,10,1,11,8,41,44,1,94,0,0,0,94
07/14/2012,ILM,NC,ASO,EN,Combined TRACON& Tower with Radar,13,38,21,1,73,0,2,20,1,23,13,40,41,2,96,0,0,0,96
07/15/2012,ILM,NC,ASO,EN,Combined TRACON& Tower with Radar,10,39,36,6,91,0,4,15,1,20,10,43,51,7,111,6,0,6,117
07/16/2012,ILM,NC,ASO,EN,Combined TRACON& Tower with Radar,10,33,46,14,103,0,4,19,0,23,10,37,65,14,126,0,0,0,126
07/17/2012,ILM,NC,ASO,EN,Combined TRACON& Tower with Radar,10,34,46,6,96,0,5,16,0,21,10,39,62,6,117,0,8,8,125
07/18/2012,ILM,NC,ASO,EN,Combined TRACON& Tower with Radar,11,33,56,6,106,0,3,19,6,28,11,36,75,12,134,2,0,2,136
07/19/2012,ILM,NC,ASO,EN,Combined TRACON& Tower with Radar,10,41,56,14,121,0,3,28,3,34,10,44,84,17,155,10,0,10,165
07/20/2012,ILM,NC,ASO,EN,Combined TRACON& Tower with Radar,10,44,32,23,109,0,4,9,1,14,10,48,41,24,123,0,0,0,123
07/21/2012,ILM,NC,ASO,EN,Combined TRACON& Tower with Radar,12,44,27,0,83,0,1,15,5,21,12,45,42,5,104,0,0,0,104
07/22/2012,ILM,NC,ASO,EN,Combined TRACON& Tower with Radar,10,43,37,0,90,0,5,10,4,19,10,48,47,4,109,0,0,0,109
07/23/2012,ILM,NC,ASO,EN,Combined TRACON& Tower with Radar,8,31,29,4,72,0,4,13,0,17,8,35,42,4,89,0,0,0,89
07/24/2012,ILM,NC,ASO,EN,Combined TRACON& Tower with Radar,10,39,49,4,102,0,5,10,2,17,10,44,59,6,119,0,0,0,119
07/25/2012,ILM,NC,ASO,EN,Combined TRACON& Tower with Radar,12,41,54,17,124,0,3,23,5,31,12,44,77,22,155,4,10,14,169
07/26/2012,ILM,NC,ASO,EN,Combined TRACON& Tower with Radar,10,40,37,24,111,0,5,25,0,30,10,45,62,24,141,34,0,34,175
07/27/2012,ILM,NC,ASO,EN,Combined TRACON& Tower with Radar,10,37,47,8,102,0,3,18,0,21,10,40,65,8,123,0,0,0,123
07/28/2012,ILM,NC,ASO,EN,Combined TRACON& Tower with Radar,12,44,22,0,78,0,3,21,0,24,12,47,43,0,102,8,0,8,110
07/29/2012,ILM,NC,ASO,EN,Combined TRACON& Tower with Radar,9,38,49,0,96,0,5,24,2,31,9,43,73,2,127,8,0,8,135
07/30/2012,ILM,NC,ASO,EN,Combined TRACON& Tower with Radar,10,36,43,8,97,0,7,8,0,15,10,43,51,8,112,4,0,4,116
07/31/2012,ILM,NC,ASO,EN,Combined TRACON& Tower with Radar,10,44,31,9,94,0,1,20,1,22,10,45,51,10,116,30,16,46,162
08/01/2012,ILM,NC,ASO,EN,Combined TRACON& Tower with Radar,12,41,26,14,93,0,4,11,4,19,12,45,37,18,112,0,0,0,112
08/02/2012,ILM,NC,ASO,EN,Combined TRACON& Tower with Radar,10,41,46,3,100,0,5,14,0,19,10,46,60,3,119,0,0,0,119
08/03/2012,ILM,NC,ASO,EN,Combined TRACON& Tower with Radar,10,47,34,5,96,0,6,19,0,25,10,53,53,5,121,20,0,20,141
08/04/2012,ILM,NC,ASO,EN,Combined TRACON& Tower with Radar,12,50,31,9,102,0,4,16,0,20,12,54,47,9,122,0,0,0,122
08/05/2012,ILM,NC,ASO,EN,Combined TRACON& Tower with Radar,12,45,55,12,124,0,7,82,0,89,12,52,137,12,213,4,0,4,217
08/06/2012,ILM,NC,ASO,EN,Combined TRACON& Tower with Radar,10,39,36,4,89,0,3,22,0,25,10,42,58,4,114,4,0,4,118
08/07/2012,ILM,NC,ASO,EN,Combined TRACON& Tower with Radar,10,40,41,10,101,0,2,5,5,12,10,42,46,15,113,0,0,0,113
08/08/2012,ILM,NC,ASO,EN,Combined TRACON& Tower with Radar,14,34,40,10,98,0,3,12,0,15,14,37,52,10,113,0,0,0,113
08/09/2012,ILM,NC,ASO,EN,Combined TRACON& Tower with Radar,12,34,54,22,122,0,10,21,1,32,12,44,75,23,154,0,0,0,154
08/10/2012,ILM,NC,ASO,EN,Combined TRACON& Tower with Radar,9,38,49,27,123,0,5,8,3,16,9,43,57,30,139,0,8,8,147
08/11/2012,ILM,NC,ASO,EN,Combined TRACON& Tower with Radar,12,45,26,0,83,0,7,11,0,18,12,52,37,0,101,0,0,0,101
08/12/2012,ILM,NC,ASO,EN,Combined TRACON& Tower with Radar,12,38,34,7,91,0,1,8,12,21,12,39,42,19,112,26,0,26,138
08/13/2012,ILM,NC,ASO,EN,Combined TRACON& Tower with Radar,10,35,52,13,110,0,5,25,0,30,10,40,77,13,140,1,0,1,141
08/14/2012,ILM,NC,ASO,EN,Combined TRACON& Tower with Radar,10,38,39,13,100,0,11,28,3,42,10,49,67,16,142,20,10,30,172
08/15/2012,ILM,NC,ASO,EN,Combined TRACON& Tower with Radar,9,33,40,18,100,0,3,18,3,24,9,36,58,21,124,6,0,6,130
08/16/2012,ILM,NC,ASO,EN,Combined TRACON& Tower with Radar,12,35,45,24,116,0,3,22,4,29,12,38,67,28,145,32,4,36,181
08/17/2012,ILM,NC,ASO,EN,Combined TRACON& Tower with Radar,17,36,57,41,151,0,6,25,5,36,17,42,82,46,187,10,8,18,205
08/18/2012,ILM,NC,ASO,EN,Combined TRACON& Tower with Radar,10,45,32,0,87,0,4,14,0,18,10,49,46,0,105,16,6,22,127
08/19/2012,ILM,NC,ASO,EN,Combined TRACON& Tower with Radar,14,32,28,6,80,0,2,9,0,11,14,34,37,6,91,12,8,20,111
08/20/2012,ILM,NC,ASO,EN,Combined TRACON& Tower with Radar,10,33,40,6,89,0,0,2,0,2,10,33,42,6,91,22,0,22,113
08/21/2012,ILM,NC,ASO,EN,Combined TRACON& Tower with Radar,10,33,23,16,82,0,5,16,3,24,10,38,39,19,106,6,0,6,112
08/22/2012,ILM,NC,ASO,EN,Combined TRACON& Tower with Radar,10,43,46,28,127,0,2,6,3,11,10,45,52,31,138,0,0,0,138
08/23/2012,ILM,NC,ASO,EN,Combined TRACON& Tower with Radar,10,42,44,4,100,0,1,4,0,5,10,43,48,4,105,0,0,0,105
08/24/2012,ILM,NC,ASO,EN,Combined TRACON& Tower with Radar,10,35,63,18,126,0,0,2,0,2,10,35,65,18,128,0,6,6,134
08/25/2012,ILM,NC,ASO,EN,Combined TRACON& Tower with Radar,10,41,42,16,109,0,1,14,0,15,10,42,56,16,124,0,0,0,124
08/26/2012,ILM,NC,ASO,EN,Combined TRACON& Tower with Radar,9,40,41,3,93,0,6,44,3,53,9,46,85,6,146,32,0,32,178
08/27/2012,ILM,NC,ASO,EN,Combined TRACON& Tower with Radar,9,33,41,6,89,0,4,14,0,18,9,37,55,6,107,0,6,6,113
08/28/2012,ILM,NC,ASO,EN,Combined TRACON& Tower with Radar,10,35,18,14,77,0,0,3,0,3,10,35,21,14,80,0,0,0,80
08/29/2012,ILM,NC,ASO,EN,Combined TRACON& Tower with Radar,9,31,36,4,80,0,1,10,0,11,9,32,46,4,91,0,0,0,91
08/30/2012,ILM,NC,ASO,EN,Combined TRACON& Tower with Radar,10,36,45,22,113,0,5,16,3,24,10,41,61,25,137,0,0,0,137
08/31/2012,ILM,NC,ASO,EN,Combined TRACON& Tower with Radar,10,38,67,11,126,0,1,39,12,52,10,39,106,23,178,0,0,0,178
09/01/2012,ILM,NC,ASO,EN,Combined TRACON& Tower with Radar,9,38,14,0,61,0,7,28,0,35,9,45,42,0,96,0,0,0,96
09/02/2012,ILM,NC,ASO,EN,Combined TRACON& Tower with Radar,9,30,21,0,60,0,13,17,0,30,9,43,38,0,90,0,0,0,90
09/03/2012,ILM,NC,ASO,EN,Combined TRACON& Tower with Radar,11,31,38,0,80,0,1,8,3,12,11,32,46,3,92,0,0,0,92
09/04/2012,ILM,NC,ASO,EN,Combined TRACON& Tower with Radar,9,29,49,10,97,0,5,18,0,23,9,34,67,10,120,4,6,10,130
09/05/2012,ILM,NC,ASO,EN,Combined TRACON& Tower with Radar,17,32,37,45,131,1,5,25,6,37,18,37,62,51,168,6,10,16,184
09/06/2012,ILM,NC,ASO,EN,Combined TRACON& Tower with Radar,15,38,33,5,91,0,5,16,2,23,15,43,49,7,114,0,0,0,114
09/07/2012,ILM,NC,ASO,EN,Combined TRACON& Tower with Radar,16,29,43,33,121,0,3,51,4,58,16,32,94,37,179,0,0,0,179
09/08/2012,ILM,NC,ASO,EN,Combined TRACON& Tower with Radar,15,21,20,4,60,0,1,24,1,26,15,22,44,5,86,10,0,10,96
09/09/2012,ILM,NC,ASO,EN,Combined TRACON& Tower with Radar,18,20,50,0,88,0,2,13,0,15,18,22,63,0,103,14,0,14,117
09/10/2012,ILM,NC,ASO,EN,Combined TRACON& Tower with Radar,20,27,36,27,110,0,3,14,2,19,20,30,50,29,129,0,12,12,141
09/11/2012,ILM,NC,ASO,EN,Combined TRACON& Tower with Radar,14,34,36,42,126,0,3,25,0,28,14,37,61,42,154,16,10,26,180
09/12/2012,ILM,NC,ASO,EN,Combined TRACON& Tower with Radar,18,28,55,31,132,0,2,35,5,42,18,30,90,36,174,0,0,0,174
09/13/2012,ILM,NC,ASO,EN,Combined TRACON& Tower with Radar,15,32,63,16,126,0,7,29,0,36,15,39,92,16,162,6,6,12,174
09/14/2012,ILM,NC,ASO,EN,Combined TRACON& Tower with Radar,15,30,67,10,122,0,0,17,1,18,15,30,84,11,140,6,0,6,146
09/15/2012,ILM,NC,ASO,EN,Combined TRACON& Tower with Radar,15,27,21,0,63,0,4,28,7,39,15,31,49,7,102,20,0,20,122
09/16/2012,ILM,NC,ASO,EN,Combined TRACON& Tower with Radar,15,34,44,0,93,0,2,8,3,13,15,36,52,3,106,32,0,32,138
09/17/2012,ILM,NC,ASO,EN,Combined TRACON& Tower with Radar,15,24,38,4,81,0,3,14,2,19,15,27,52,6,100,0,0,0,100
09/18/2012,ILM,NC,ASO,EN,Combined TRACON& Tower with Radar,15,21,14,0,50,0,5,3,0,8,15,26,17,0,58,4,0,4,62
09/19/2012,ILM,NC,ASO,EN,Combined TRACON& Tower with Radar,14,30,67,6,117,0,9,6,2,17,14,39,73,8,134,0,0,0,134
09/20/2012,ILM,NC,ASO,EN,Combined TRACON& Tower with Radar,17,27,58,34,136,0,5,25,4,34,17,32,83,38,170,6,16,22,192
09/21/2012,ILM,NC,ASO,EN,Combined TRACON& Tower with Radar,15,31,63,7,116,0,5,37,0,42,15,36,100,7,158,0,0,0,158
09/22/2012,ILM,NC,ASO,EN,Combined TRACON& Tower with Radar,16,32,18,0,66,0,8,34,0,42,16,40,52,0,108,14,6,20,128
09/23/2012,ILM,NC,ASO,EN,Combined TRACON& Tower with Radar,16,27,56,0,99,0,2,43,0,45,16,29,99,0,144,18,0,18,162
09/24/2012,ILM,NC,ASO,EN,Combined TRACON& Tower with Radar,15,28,40,3,86,0,6,17,3,26,15,34,57,6,112,0,0,0,112
09/25/2012,ILM,NC,ASO,EN,Combined TRACON& Tower with Radar,17,32,35,8,92,0,6,31,2,39,17,38,66,10,131,8,0,8,139
09/26/2012,ILM,NC,ASO,EN,Combined TRACON& Tower with Radar,16,30,37,37,120,0,4,26,1,31,16,34,63,38,151,0,40,40,191
09/27/2012,ILM,NC,ASO,EN,Combined TRACON& Tower with Radar,17,28,36,34,115,0,5,50,7,62,17,33,86,41,177,40,10,50,227
09/28/2012,ILM,NC,ASO,EN,Combined TRACON& Tower with Radar,15,29,48,13,105,0,8,54,11,73,15,37,102,24,178,0,0,0,178
09/29/2012,ILM,NC,ASO,EN,Combined TRACON& Tower with Radar,15,28,15,3,61,0,12,26,2,40,15,40,41,5,101,0,0,0,101
09/30/2012,ILM,NC,ASO,EN,Combined TRACON& Tower with Radar,16,24,36,8,84,0,5,6,1,12,16,29,42,9,96,0,0,0,96
10/01/2012,ILM,NC,ASO,EN,Combined TRACON& Tower with Radar,15,27,33,18,93,0,0,0,3,3,15,27,33,21,96,20,16,36,132
10/02/2012,ILM,NC,ASO,EN,Combined TRACON& Tower with Radar,15,29,29,25,98,0,0,0,0,0,15,29,29,25,98,10,0,10,108
10/03/2012,ILM,NC,ASO,EN,Combined TRACON& Tower with Radar,14,36,44,15,109,0,2,10,8,20,14,38,54,23,129,0,8,8,137
10/04/2012,ILM,NC,ASO,EN,Combined TRACON& Tower with Radar,18,32,52,17,119,0,3,25,1,29,18,35,77,18,148,0,0,0,148
10/05/2012,ILM,NC,ASO,EN,Combined TRACON& Tower with Radar,16,31,41,19,107,0,6,20,3,29,16,37,61,22,136,2,12,14,150
10/06/2012,ILM,NC,ASO,EN,Combined TRACON& Tower with Radar,15,21,30,0,66,0,6,25,2,33,15,27,55,2,99,16,0,16,115
10/07/2012,ILM,NC,ASO,EN,Combined TRACON& Tower with Radar,17,25,23,0,65,0,2,2,0,4,17,27,25,0,69,0,0,0,69
10/08/2012,ILM,NC,ASO,EN,Combined TRACON& Tower with Radar,17,28,37,0,82,0,1,2,0,3,17,29,39,0,85,0,0,0,85
10/09/2012,ILM,NC,ASO,EN,Combined TRACON& Tower with Radar,16,33,44,0,93,0,4,1,0,5,16,37,45,0,98,0,0,0,98
10/10/2012,ILM,NC,ASO,EN,Combined TRACON& Tower with Radar,14,44,44,30,132,0,5,18,1,24,14,49,62,31,156,12,22,34,190
10/11/2012,ILM,NC,ASO,EN,Combined TRACON& Tower with Radar,20,28,54,5,107,0,3,33,4,40,20,31,87,9,147,23,0,23,170
10/12/2012,ILM,NC,ASO,EN,Combined TRACON& Tower with Radar,16,33,64,15,128,0,7,47,22,76,16,40,111,37,204,0,0,0,204
10/13/2012,ILM,NC,ASO,EN,Combined TRACON& Tower with Radar,18,23,26,0,67,0,4,27,3,34,18,27,53,3,101,38,0,38,139
10/14/2012,ILM,NC,ASO,EN,Combined TRACON& Tower with Radar,20,29,53,1,103,0,6,67,0,73,20,35,120,1,176,0,0,0,176
10/15/2012,ILM,NC,ASO,EN,Combined TRACON& Tower with Radar,14,33,31,6,84,0,3,10,1,14,14,36,41,7,98,6,6,12,110
10/16/2012,ILM,NC,ASO,EN,Combined TRACON& Tower with Radar,19,39,29,18,105,0,6,20,4,30,19,45,49,22,135,14,0,14,149
10/17/2012,ILM,NC,ASO,EN,Combined TRACON& Tower with Radar,14,31,45,3,93,0,4,14,0,18,14,35,59,3,111,6,2,8,119
10/18/2012,ILM,NC,ASO,EN,Combined TRACON& Tower with Radar,21,38,47,36,142,0,3,14,6,23,21,41,61,42,165,0,20,20,185
10/19/2012,ILM,NC,ASO,EN,Combined TRACON& Tower with Radar,18,29,77,26,150,0,0,20,3,23,18,29,97,29,173,8,24,32,205
10/20/2012,ILM,NC,ASO,EN,Combined TRACON& Tower with Radar,13,21,27,1,62,0,6,39,5,50,13,27,66,6,112,0,0,0,112
10/21/2012,ILM,NC,ASO,EN,Combined TRACON& Tower with Radar,19,29,43,0,91,0,7,46,0,53,19,36,89,0,144,20,0,20,164
10/22/2012,ILM,NC,ASO,EN,Combined TRACON& Tower with Radar,16,22,22,18,78,0,1,12,3,16,16,23,34,21,94,0,0,0,94
10/23/2012,ILM,NC,ASO,EN,Combined TRACON& Tower with Radar,17,28,27,8,80,0,0,30,4,34,17,28,57,12,114,18,0,18,132
10/24/2012,ILM,NC,ASO,EN,Combined TRACON& Tower with Radar,14,31,42,2,89,0,2,27,0,29,14,33,69,2,118,28,0,28,146
10/25/2012,ILM,NC,ASO,EN,Combined TRACON& Tower with Radar,19,30,56,4,109,0,2,33,2,37,19,32,89,6,146,22,0,22,168
10/26/2012,ILM,NC,ASO,EN,Combined TRACON& Tower with Radar,15,34,55,7,111,0,2,4,1,7,15,36,59,8,118,0,6,6,124
10/27/2012,ILM,NC,ASO,EN,Combined TRACON& Tower with Radar,15,22,9,0,46,0,0,0,0,0,15,22,9,0,46,0,0,0,46
10/28/2012,ILM,NC,ASO,EN,Combined TRACON& Tower with Radar,17,25,18,0,60,0,0,0,0,0,17,25,18,0,60,0,0,0,60
10/29/2012,ILM,NC,ASO,EN,Combined TRACON& Tower with Radar,15,15,22,0,52,0,2,4,0,6,15,17,26,0,58,6,0,6,64
10/30/2012,ILM,NC,ASO,EN,Combined TRACON& Tower with Radar,16,17,24,13,70,0,2,20,3,25,16,19,44,16,95,4,16,20,115
10/31/2012,ILM,NC,ASO,EN,Combined TRACON& Tower with Radar,15,25,31,14,85,0,6,20,3,29,15,31,51,17,114,16,0,16,130
11/01/2012,ILM,NC,ASO,EN,Combined TRACON& Tower with Radar,18,31,55,5,109,0,3,19,9,31,18,34,74,14,140,0,0,0,140
11/02/2012,ILM,NC,ASO,EN,Combined TRACON& Tower with Radar,14,31,57,20,122,0,1,35,4,40,14,32,92,24,162,0,0,0,162
11/03/2012,ILM,NC,ASO,EN,Combined TRACON& Tower with Radar,16,24,33,9,82,0,4,47,3,54,16,28,80,12,136,16,18,34,170
11/04/2012,ILM,NC,ASO,EN,Combined TRACON& Tower with Radar,17,31,57,2,107,0,17,40,0,57,17,48,97,2,164,0,0,0,164
11/05/2012,ILM,NC,ASO,EN,Combined TRACON& Tower with Radar,14,29,38,16,97,0,1,44,4,49,14,30,82,20,146,0,0,0,146
11/06/2012,ILM,NC,ASO,EN,Combined TRACON& Tower with Radar,14,31,31,5,81,0,3,3,3,9,14,34,34,8,90,0,0,0,90
11/07/2012,ILM,NC,ASO,EN,Combined TRACON& Tower with Radar,14,29,41,19,103,0,5,20,4,29,14,34,61,23,132,14,6,20,152
11/08/2012,ILM,NC,ASO,EN,Combined TRACON& Tower with Radar,15,27,42,30,114,0,3,13,9,25,15,30,55,39,139,0,0,0,139
11/09/2012,ILM,NC,ASO,EN,Combined TRACON& Tower with Radar,14,35,60,26,135,0,6,19,0,25,14,41,79,26,160,8,20,28,188
11/10/2012,ILM,NC,ASO,EN,Combined TRACON& Tower with Radar,14,30,33,0,77,0,7,49,0,56,14,37,82,0,133,26,0,26,159
11/11/2012,ILM,NC,ASO,EN,Combined TRACON& Tower with Radar,19,27,47,6,99,0,4,61,8,73,19,31,108,14,172,0,0,0,172
11/12/2012,ILM,NC,ASO,EN,Combined TRACON& Tower with Radar,14,32,30,2,78,0,1,37,0,38,14,33,67,2,116,0,0,0,116
11/13/2012,ILM,NC,ASO,EN,Combined TRACON& Tower with Radar,14,27,30,18,89,0,0,0,8,8,14,27,30,26,97,0,0,0,97
11/14/2012,ILM,NC,ASO,EN,Combined TRACON& Tower with Radar,16,35,41,10,102,0,1,4,0,5,16,36,45,10,107,0,0,0,107
11/15/2012,ILM,NC,ASO,EN,Combined TRACON& Tower with Radar,12,34,23,10,79,0,0,0,0,0,12,34,23,10,79,0,0,0,79
11/16/2012,ILM,NC,ASO,EN,Combined TRACON& Tower with Radar,16,36,50,13,115,0,3,19,4,26,16,39,69,17,141,0,0,0,141
11/17/2012,ILM,NC,ASO,EN,Combined TRACON& Tower with Radar,16,27,36,7,86,0,3,10,5,18,16,30,46,12,104,14,0,14,118
11/18/2012,ILM,NC,ASO,EN,Combined TRACON& Tower with Radar,17,31,17,0,65,0,0,0,0,0,17,31,17,0,65,0,0,0,65
11/19/2012,ILM,NC,ASO,EN,Combined TRACON& Tower with Radar,14,26,29,20,89,0,2,4,0,6,14,28,33,20,95,0,0,0,95
11/20/2012,ILM,NC,ASO,EN,Combined TRACON& Tower with Radar,18,44,60,22,144,0,2,9,0,11,18,46,69,22,155,0,0,0,155
11/21/2012,ILM,NC,ASO,EN,Combined TRACON& Tower with Radar,18,46,53,5,122,0,4,22,7,33,18,50,75,12,155,0,0,0,155
11/22/2012,ILM,NC,ASO,EN,Combined TRACON& Tower with Radar,12,11,16,0,39,0,2,11,0,13,12,13,27,0,52,0,0,0,52
11/23/2012,ILM,NC,ASO,EN,Combined TRACON& Tower with Radar,14,18,35,0,67,0,2,43,0,45,14,20,78,0,112,18,0,18,130
11/24/2012,ILM,NC,ASO,EN,Combined TRACON& Tower with Radar,18,39,38,0,95,0,2,23,0,25,18,41,61,0,120,24,0,24,144
11/25/2012,ILM,NC,ASO,EN,Combined TRACON& Tower with Radar,18,50,88,6,162,0,7,77,0,84,18,57,165,6,246,0,0,0,246
11/26/2012,ILM,NC,ASO,EN,Combined TRACON& Tower with Radar,15,29,50,2,96,0,7,20,0,27,15,36,70,2,123,0,0,0,123
11/27/2012,ILM,NC,ASO,EN,Combined TRACON& Tower with Radar,15,33,23,55,126,0,1,36,16,53,15,34,59,71,179,0,0,0,179
11/28/2012,ILM,NC,ASO,EN,Combined TRACON& Tower with Radar,14,30,44,7,95,0,0,19,1,20,14,30,63,8,115,0,0,0,115
11/29/2012,ILM,NC,ASO,EN,Combined TRACON& Tower with Radar,14,29,42,22,107,0,3,27,3,33,14,32,69,25,140,12,5,17,157
11/30/2012,ILM,NC,ASO,EN,Combined TRACON& Tower with Radar,14,28,50,7,99,0,1,20,1,22,14,29,70,8,121,8,0,8,129
12/01/2012,ILM,NC,ASO,EN,Combined TRACON& Tower with Radar,14,25,28,0,67,0,6,32,1,39,14,31,60,1,106,24,0,24,130
12/02/2012,ILM,NC,ASO,EN,Combined TRACON& Tower with Radar,15,32,34,1,82,0,0,26,1,27,15,32,60,2,109,0,0,0,109
12/03/2012,ILM,NC,ASO,EN,Combined TRACON& Tower with Radar,13,28,20,4,65,0,3,24,0,27,13,31,44,4,92,0,0,0,92
12/04/2012,ILM,NC,ASO,EN,Combined TRACON& Tower with Radar,13,32,27,6,78,0,1,4,0,5,13,33,31,6,83,0,0,0,83
12/05/2012,ILM,NC,ASO,EN,Combined TRACON& Tower with Radar,14,30,29,18,91,0,5,9,0,14,14,35,38,18,105,0,0,0,105
12/06/2012,ILM,NC,ASO,EN,Combined TRACON& Tower with Radar,14,37,43,20,114,0,2,14,0,16,14,39,57,20,130,0,0,0,130
12/07/2012,ILM,NC,ASO,EN,Combined TRACON& Tower with Radar,14,29,42,14,99,0,1,0,0,1,14,30,42,14,100,0,0,0,100
12/08/2012,ILM,NC,ASO,EN,Combined TRACON& Tower with Radar,14,22,23,10,69,0,4,9,8,21,14,26,32,18,90,6,0,6,96
12/09/2012,ILM,NC,ASO,EN,Combined TRACON& Tower with Radar,15,33,24,3,75,0,12,90,2,104,15,45,114,5,179,0,0,0,179
12/10/2012,ILM,NC,ASO,EN,Combined TRACON& Tower with Radar,18,24,32,15,89,0,2,7,0,9,18,26,39,15,98,0,14,14,112
12/11/2012,ILM,NC,ASO,EN,Combined TRACON& Tower with Radar,13,28,29,7,77,0,1,7,1,9,13,29,36,8,86,12,0,12,98
12/12/2012,ILM,NC,ASO,EN,Combined TRACON& Tower with Radar,16,29,20,8,73,0,0,0,0,0,16,29,20,8,73,0,0,0,73
12/13/2012,ILM,NC,ASO,EN,Combined TRACON& Tower with Radar,14,43,41,22,120,0,1,4,0,5,14,44,45,22,125,0,0,0,125
12/14/2012,ILM,NC,ASO,EN,Combined TRACON& Tower with Radar,14,27,63,0,104,0,8,39,0,47,14,35,102,0,151,0,0,0,151
12/15/2012,ILM,NC,ASO,EN,Combined TRACON& Tower with Radar,16,24,28,0,68,0,4,30,0,34,16,28,58,0,102,12,0,12,114
12/16/2012,ILM,NC,ASO,EN,Combined TRACON& Tower with Radar,15,28,30,0,73,0,0,3,0,3,15,28,33,0,76,0,0,0,76
12/17/2012,ILM,NC,ASO,EN,Combined TRACON& Tower with Radar,13,26,25,9,73,0,0,5,0,5,13,26,30,9,78,0,0,0,78
12/18/2012,ILM,NC,ASO,EN,Combined TRACON& Tower with Radar,12,26,29,13,80,0,6,9,9,24,12,32,38,22,104,0,0,0,104
12/19/2012,ILM,NC,ASO,EN,Combined TRACON& Tower with Radar,14,38,54,21,127,0,8,27,6,41,14,46,81,27,168,27,16,43,211
12/20/2012,ILM,NC,ASO,EN,Combined TRACON& Tower with Radar,14,47,81,20,162,0,4,23,32,59,14,51,104,52,221,20,0,20,241
12/21/2012,ILM,NC,ASO,EN,Combined TRACON& Tower with Radar,14,55,81,17,167,0,5,5,0,10,14,60,86,17,177,14,0,14,191
12/22/2012,ILM,NC,ASO,EN,Combined TRACON& Tower with Radar,15,65,90,0,170,0,11,13,0,24,15,76,103,0,194,24,0,24,218
12/23/2012,ILM,NC,ASO,EN,Combined TRACON& Tower with Radar,13,44,46,0,103,0,1,36,0,37,13,45,82,0,140,28,0,28,168
12/24/2012,ILM,NC,ASO,EN,Combined TRACON& Tower with Radar,14,27,35,0,76,0,1,28,0,29,14,28,63,0,105,0,0,0,105
12/25/2012,ILM,NC,ASO,EN,Combined TRACON& Tower with Radar,15,33,28,0,76,0,5,5,0,10,15,38,33,0,86,0,0,0,86
12/26/2012,ILM,NC,ASO,EN,Combined TRACON& Tower with Radar,20,52,36,0,108,0,0,0,0,0,20,52,36,0,108,0,0,0,108
12/27/2012,ILM,NC,ASO,EN,Combined TRACON& Tower with Radar,21,54,56,52,183,0,7,17,0,24,21,61,73,52,207,4,28,32,239
12/28/2012,ILM,NC,ASO,EN,Combined TRACON& Tower with Radar,16,54,69,10,149,0,3,24,0,27,16,57,93,10,176,8,0,8,184
12/29/2012,ILM,NC,ASO,EN,Combined TRACON& Tower with Radar,15,26,19,0,60,0,2,2,0,4,15,28,21,0,64,0,0,0,64
12/30/2012,ILM,NC,ASO,EN,Combined TRACON& Tower with Radar,17,35,54,0,106,0,5,29,0,34,17,40,83,0,140,0,0,0,140
12/31/2012,ILM,NC,ASO,EN,Combined TRACON& Tower with Radar,15,34,40,4,93,0,4,46,0,50,15,38,86,4,143,42,8,50,193
01/01/2013,ILM,NC,ASO,EN,Combined TRACON& Tower with Radar,14,37,43,0,94,0,1,6,0,7,14,38,49,0,101,0,0,0,101
01/02/2013,ILM,NC,ASO,EN,Combined TRACON& Tower with Radar,22,49,61,2,134,0,1,1,0,2,22,50,62,2,136,0,0,0,136
01/03/2013,ILM,NC,ASO,EN,Combined TRACON& Tower with Radar,16,33,43,2,94,0,1,1,0,2,16,34,44,2,96,0,0,0,96
01/04/2013,ILM,NC,ASO,EN,Combined TRACON& Tower with Radar,16,31,35,7,89,0,1,30,1,32,16,32,65,8,121,30,0,30,151
01/05/2013,ILM,NC,ASO,EN,Combined TRACON& Tower with Radar,16,43,40,4,103,0,4,51,5,60,16,47,91,9,163,74,0,74,237
01/06/2013,ILM,NC,ASO,EN,Combined TRACON& Tower with Radar,16,45,58,8,127,0,6,35,3,44,16,51,93,11,171,4,0,4,175
01/07/2013,ILM,NC,ASO,EN,Combined TRACON& Tower with Radar,13,31,30,4,78,0,3,9,0,12,13,34,39,4,90,0,0,0,90
01/08/2013,ILM,NC,ASO,EN,Combined TRACON& Tower with Radar,13,35,40,10,98,0,2,26,15,43,13,37,66,25,141,0,0,0,141
01/09/2013,ILM,NC,ASO,EN,Combined TRACON& Tower with Radar,21,39,33,53,146,0,6,12,3,21,21,45,45,56,167,10,34,44,211
01/10/2013,ILM,NC,ASO,EN,Combined TRACON& Tower with Radar,13,30,28,8,79,0,6,26,1,33,13,36,54,9,112,10,16,26,138
01/11/2013,ILM,NC,ASO,EN,Combined TRACON& Tower with Radar,16,34,29,25,104,0,0,11,2,13,16,34,40,27,117,36,0,36,153
01/12/2013,ILM,NC,ASO,EN,Combined TRACON& Tower with Radar,18,19,24,7,68,0,4,62,7,73,18,23,86,14,141,14,0,14,155
01/13/2013,ILM,NC,ASO,EN,Combined TRACON& Tower with Radar,15,20,34,11,80,0,4,48,2,54,15,24,82,13,134,30,0,30,164
01/14/2013,ILM,NC,ASO,EN,Combined TRACON& Tower with Radar,11,29,36,2,78,0,2,17,1,20,11,31,53,3,98,16,0,16,114
01/15/2013,ILM,NC,ASO,EN,Combined TRACON& Tower with Radar,8,33,32,57,130,0,6,12,5,23,8,39,44,62,153,16,8,24,177
01/16/2013,ILM,NC,ASO,EN,Combined TRACON& Tower with Radar,15,28,30,13,86,0,2,19,3,24,15,30,49,16,110,4,0,4,114
01/17/2013,ILM,NC,ASO,EN,Combined TRACON& Tower with Radar,13,36,33,16,98,0,0,8,24,32,13,36,41,40,130,10,8,18,148
01/18/2013,ILM,NC,ASO,EN,Combined TRACON& Tower with Radar,14,28,57,15,114,0,3,33,5,41,14,31,90,20,155,0,0,0,155
01/19/2013,ILM,NC,ASO,EN,Combined TRACON& Tower with Radar,16,27,33,10,86,0,3,74,7,84,16,30,107,17,170,58,0,58,228
01/20/2013,ILM,NC,ASO,EN,Combined TRACON& Tower with Radar,16,24,40,3,83,0,4,40,1,45,16,28,80,4,128,45,0,45,173
01/21/2013,ILM,NC,ASO,EN,Combined TRACON& Tower with Radar,16,34,50,0,100,0,2,26,0,28,16,36,76,0,128,16,0,16,144
01/22/2013,ILM,NC,ASO,EN,Combined TRACON& Tower with Radar,13,30,32,20,95,0,4,17,18,39,13,34,49,38,134,0,15,15,149
01/23/2013,ILM,NC,ASO,EN,Combined TRACON& Tower with Radar,16,30,42,25,113,0,1,20,2,23,16,31,62,27,136,0,0,0,136
01/24/2013,ILM,NC,ASO,EN,Combined TRACON& Tower with Radar,14,28,40,14,96,0,3,17,2,22,14,31,57,16,118,14,2,16,134
01/25/2013,ILM,NC,ASO,EN,Combined TRACON& Tower with Radar,16,24,21,19,80,0,2,6,0,8,16,26,27,19,88,2,0,2,90
01/26/2013,ILM,NC,ASO,EN,Combined TRACON& Tower with Radar,17,20,33,0,70,0,6,58,0,64,17,26,91,0,134,30,0,30,164
01/27/2013,ILM,NC,ASO,EN,Combined TRACON& Tower with Radar,16,21,32,3,72,0,1,22,0,23,16,22,54,3,95,30,0,30,125
01/28/2013,ILM,NC,ASO,EN,Combined TRACON& Tower with Radar,12,30,35,13,90,0,1,2,0,3,12,31,37,13,93,0,0,0,93
01/29/2013,ILM,NC,ASO,EN,Combined TRACON& Tower with Radar,12,35,37,12,96,0,8,15,2,25,12,43,52,14,121,30,0,30,151
01/30/2013,ILM,NC,ASO,EN,Combined TRACON& Tower with Radar,18,31,31,37,117,0,1,7,0,8,18,32,38,37,125,8,30,38,163
01/31/2013,ILM,NC,ASO,EN,Combined TRACON& Tower with Radar,14,37,56,14,121,0,10,13,0,23,14,47,69,14,144,16,2,18,162
02/01/2013,ILM,NC,ASO,EN,Combined TRACON& Tower with Radar,14,33,42,4,93,0,5,16,0,21,14,38,58,4,114,0,0,0,114
02/02/2013,ILM,NC,ASO,EN,Combined TRACON& Tower with Radar,14,24,24,5,67,0,1,48,0,49,14,25,72,5,116,0,0,0,116
02/03/2013,ILM,NC,ASO,EN,Combined TRACON& Tower with Radar,17,24,27,2,70,0,3,30,0,33,17,27,57,2,103,0,0,0,103
02/04/2013,ILM,NC,ASO,EN,Combined TRACON& Tower with Radar,13,31,37,25,106,0,10,13,3,26,13,41,50,28,132,0,12,12,144
02/05/2013,ILM,NC,ASO,EN,Combined TRACON& Tower with Radar,15,37,45,32,129,0,2,28,1,31,15,39,73,33,160,0,0,0,160
02/06/2013,ILM,NC,ASO,EN,Combined TRACON& Tower with Radar,14,35,43,10,102,0,3,99,19,121,14,38,142,29,223,0,0,0,223
02/07/2013,ILM,NC,ASO,EN,Combined TRACON& Tower with Radar,15,28,39,29,111,0,1,10,3,14,15,29,49,32,125,0,0,0,125
02/08/2013,ILM,NC,ASO,EN,Combined TRACON& Tower with Radar,14,30,48,22,114,0,6,3,2,11,14,36,51,24,125,6,20,26,151
02/09/2013,ILM,NC,ASO,EN,Combined TRACON& Tower with Radar,14,22,41,19,96,0,0,46,11,57,14,22,87,30,153,8,0,8,161
02/10/2013,ILM,NC,ASO,EN,Combined TRACON& Tower with Radar,16,36,37,18,107,0,8,57,1,66,16,44,94,19,173,12,0,12,185
02/11/2013,ILM,NC,ASO,EN,Combined TRACON& Tower with Radar,11,32,25,12,80,0,0,0,0,0,11,32,25,12,80,0,0,0,80
02/12/2013,ILM,NC,ASO,EN,Combined TRACON& Tower with Radar,12,40,33,25,110,0,3,25,6,34,12,43,58,31,144,28,6,34,178
02/13/2013,ILM,NC,ASO,EN,Combined TRACON& Tower with Radar,13,36,62,26,137,0,0,1,0,1,13,36,63,26,138,0,0,0,138
02/14/2013,ILM,NC,ASO,EN,Combined TRACON& Tower with Radar,14,51,55,12,132,0,8,13,9,30,14,59,68,21,162,0,6,6,168
02/15/2013,ILM,NC,ASO,EN,Combined TRACON& Tower with Radar,14,68,84,15,181,0,2,31,3,36,14,70,115,18,217,16,2,18,235
02/16/2013,ILM,NC,ASO,EN,Combined TRACON& Tower with Radar,11,35,22,17,85,0,0,37,16,53,11,35,59,33,138,0,10,10,148
02/17/2013,ILM,NC,ASO,EN,Combined TRACON& Tower with Radar,16,27,41,7,91,0,1,5,2,8,16,28,46,9,99,0,0,0,99
02/18/2013,ILM,NC,ASO,EN,Combined TRACON& Tower with Radar,16,43,49,2,110,0,3,30,1,34,16,46,79,3,144,8,0,8,152
02/19/2013,ILM,NC,ASO,EN,Combined TRACON& Tower with Radar,12,45,45,16,118,0,1,6,0,7,12,46,51,16,125,0,0,0,125
02/20/2013,ILM,NC,ASO,EN,Combined TRACON& Tower with Radar,14,40,49,8,111,0,0,27,0,27,14,40,76,8,138,0,0,0,138
02/21/2013,ILM,NC,ASO,EN,Combined TRACON& Tower with Radar,14,33,37,31,115,0,3,24,1,28,14,36,61,32,143,25,16,41,184
02/22/2013,ILM,NC,ASO,EN,Combined TRACON& Tower with Radar,17,43,43,19,122,0,3,41,4,48,17,46,84,23,170,0,0,0,170
02/23/2013,ILM,NC,ASO,EN,Combined TRACON& Tower with Radar,15,32,14,0,61,0,0,0,0,0,15,32,14,0,61,0,0,0,61
02/24/2013,ILM,NC,ASO,EN,Combined TRACON& Tower with Radar,15,44,65,1,125,0,0,33,1,34,15,44,98,2,159,24,0,24,183
02/25/2013,ILM,NC,ASO,EN,Combined TRACON& Tower with Radar,14,32,33,18,97,0,2,12,0,14,14,34,45,18,111,0,0,0,111
02/26/2013,ILM,NC,ASO,EN,Combined TRACON& Tower with Radar,12,37,23,2,74,0,0,0,0,0,12,37,23,2,74,0,0,0,74
02/27/2013,ILM,NC,ASO,EN,Combined TRACON& Tower with Radar,14,33,44,12,103,0,4,27,0,31,14,37,71,12,134,4,10,14,148
02/28/2013,ILM,NC,ASO,EN,Combined TRACON& Tower with Radar,13,38,54,17,122,0,20,29,5,54,13,58,83,22,176,24,4,28,204
03/01/2013,ILM,NC,ASO,EN,Combined TRACON& Tower with Radar,14,39,59,21,133,0,11,22,4,37,14,50,81,25,170,2,20,22,192
03/02/2013,ILM,NC,ASO,EN,Combined TRACON& Tower with Radar,16,37,40,8,101,0,6,33,3,42,16,43,73,11,143,6,0,6,149
03/03/2013,ILM,NC,ASO,EN,Combined TRACON& Tower with Radar,22,31,33,9,95,0,3,23,0,26,22,34,56,9,121,0,0,0,121
03/04/2013,ILM,NC,ASO,EN,Combined TRACON& Tower with Radar,14,36,17,8,75,0,0,8,4,12,14,36,25,12,87,0,0,0,87
03/05/2013,ILM,NC,ASO,EN,Combined TRACON& Tower with Radar,18,31,33,12,94,0,8,14,0,22,18,39,47,12,116,0,0,0,116
03/06/2013,ILM,NC,ASO,EN,Combined TRACON& Tower with Radar,16,39,29,3,87,0,0,2,0,2,16,39,31,3,89,0,0,0,89
03/07/2013,ILM,NC,ASO,EN,Combined TRACON& Tower with Radar,15,35,48,24,122,0,0,18,2,20,15,35,66,26,142,0,0,0,142
03/08/2013,ILM,NC,ASO,EN,Combined TRACON& Tower with Radar,15,33,46,13,107,0,4,21,14,39,15,37,67,27,146,0,0,0,146
03/09/2013,ILM,NC,ASO,EN,Combined TRACON& Tower with Radar,18,36,62,21,137,0,6,43,5,54,18,42,105,26,191,0,0,0,191
03/10/2013,ILM,NC,ASO,EN,Combined TRACON& Tower with Radar,21,26,47,2,96,0,4,52,3,59,21,30,99,5,155,48,4,52,207
03/11/2013,ILM,NC,ASO,EN,Combined TRACON& Tower with Radar,16,34,29,5,84,0,5,21,0,26,16,39,50,5,110,22,0,22,132
03/12/2013,ILM,NC,ASO,EN,Combined TRACON& Tower with Radar,16,40,47,9,112,0,3,3,0,6,16,43,50,9,118,8,2,10,128
03/13/2013,ILM,NC,ASO,EN,Combined TRACON& Tower with Radar,16,36,56,13,121,0,10,37,3,50,16,46,93,16,171,2,0,2,173
03/14/2013,ILM,NC,ASO,EN,Combined TRACON& Tower with Radar,15,39,33,9,96,0,6,23,10,39,15,45,56,19,135,2,0,2,137
03/15/2013,ILM,NC,ASO,EN,Combined TRACON& Tower with Radar,16,48,48,13,125,0,7,33,5,45,16,55,81,18,170,6,0,6,176
03/16/2013,ILM,NC,ASO,EN,Combined TRACON& Tower with Radar,17,30,37,16,100,0,3,27,4,34,17,33,64,20,134,3,0,3,137
03/17/2013,ILM,NC,ASO,EN,Combined TRACON& Tower with Radar,18,44,63,7,132,0,4,38,3,45,18,48,101,10,177,4,0,4,181
03/18/2013,ILM,NC,ASO,EN,Combined TRACON& Tower with Radar,12,39,34,26,111,0,1,17,0,18,12,40,51,26,129,4,0,4,133
03/19/2013,ILM,NC,ASO,EN,Combined TRACON& Tower with Radar,56,58,63,16,193,0,5,47,18,70,56,63,110,34,263,0,0,0,263
03/20/2013,ILM,NC,ASO,EN,Combined TRACON& Tower with Radar,69,57,117,19,262,0,18,70,12,100,69,75,187,31,362,10,0,10,372
03/21/2013,ILM,NC,ASO,EN,Combined TRACON& Tower with Radar,28,51,71,8,158,0,8,19,14,41,28,59,90,22,199,16,6,22,221
03/22/2013,ILM,NC,ASO,EN,Combined TRACON& Tower with Radar,18,40,62,6,126,0,4,47,3,54,18,44,109,9,180,12,10,22,202
03/23/2013,ILM,NC,ASO,EN,Combined TRACON& Tower with Radar,15,43,44,40,142,0,3,41,2,46,15,46,85,42,188,28,6,34,222
03/24/2013,ILM,NC,ASO,EN,Combined TRACON& Tower with Radar,24,33,34,1,92,0,0,0,0,0,24,33,34,1,92,0,0,0,92
03/25/2013,ILM,NC,ASO,EN,Combined TRACON& Tower with Radar,17,29,34,27,107,0,1,7,1,9,17,30,41,28,116,0,0,0,116
03/26/2013,ILM,NC,ASO,EN,Combined TRACON& Tower with Radar,16,38,34,17,105,0,5,24,26,55,16,43,58,43,160,10,0,10,170
03/27/2013,ILM,NC,ASO,EN,Combined TRACON& Tower with Radar,16,40,55,12,123,0,3,13,12,28,16,43,68,24,151,0,0,0,151
03/28/2013,ILM,NC,ASO,EN,Combined TRACON& Tower with Radar,16,42,63,2,123,0,4,35,8,47,16,46,98,10,170,20,0,20,190
03/29/2013,ILM,NC,ASO,EN,Combined TRACON& Tower with Radar,16,44,74,8,142,0,0,45,0,45,16,44,119,8,187,62,8,70,257
03/30/2013,ILM,NC,ASO,EN,Combined TRACON& Tower with Radar,15,46,59,4,124,0,0,60,0,60,15,46,119,4,184,4,0,4,188
03/31/2013,ILM,NC,ASO,EN,Combined TRACON& Tower with Radar,23,36,46,0,105,0,0,7,0,7,23,36,53,0,112,0,0,0,112
04/01/2013,ILM,NC,ASO,EN,Combined TRACON& Tower with Radar,15,46,35,7,103,0,3,14,1,18,15,49,49,8,121,14,0,14,135
04/02/2013,ILM,NC,ASO,EN,Combined TRACON& Tower with Radar,16,46,58,8,128,0,7,35,3,45,16,53,93,11,173,0,10,10,183
04/03/2013,ILM,NC,ASO,EN,Combined TRACON& Tower with Radar,15,43,66,20,144,0,5,26,15,46,15,48,92,35,190,4,0,4,194
04/04/2013,ILM,NC,ASO,EN,Combined TRACON& Tower with Radar,16,40,28,3,87,0,0,0,1,1,16,40,28,4,88,0,0,0,88
04/05/2013,ILM,NC,ASO,EN,Combined TRACON& Tower with Radar,14,40,45,8,107,0,0,6,2,8,14,40,51,10,115,2,0,2,117
04/06/2013,ILM,NC,ASO,EN,Combined TRACON& Tower with Radar,16,41,56,19,132,0,5,86,3,94,16,46,142,22,226,10,4,14,240
04/07/2013,ILM,NC,ASO,EN,Combined TRACON& Tower with Radar,19,37,51,0,107,0,3,69,0,72,19,40,120,0,179,20,0,20,199
04/08/2013,ILM,NC,ASO,EN,Combined TRACON& Tower with Radar,15,38,51,14,118,0,1,32,7,40,15,39,83,21,158,6,0,6,164
04/09/2013,ILM,NC,ASO,EN,Combined TRACON& Tower with Radar,18,33,51,13,115,0,3,24,0,27,18,36,75,13,142,0,0,0,142
04/10/2013,ILM,NC,ASO,EN,Combined TRACON& Tower with Radar,16,33,49,16,114,0,6,24,0,30,16,39,73,16,144,0,0,0,144
04/11/2013,ILM,NC,ASO,EN,Combined TRACON& Tower with Radar,17,39,55,31,142,0,5,11,2,18,17,44,66,33,160,16,40,56,216
04/12/2013,ILM,NC,ASO,EN,Combined TRACON& Tower with Radar,17,36,26,5,84,0,0,3,8,11,17,36,29,13,95,0,0,0,95
04/13/2013,ILM,NC,ASO,EN,Combined TRACON& Tower with Radar,18,33,38,11,100,0,2,39,3,44,18,35,77,14,144,18,0,18,162
04/14/2013,ILM,NC,ASO,EN,Combined TRACON& Tower with Radar,26,32,58,3,119,0,6,38,3,47,26,38,96,6,166,28,0,28,194
04/15/2013,ILM,NC,ASO,EN,Combined TRACON& Tower with Radar,16,37,38,3,94,0,0,5,0,5,16,37,43,3,99,8,0,8,107
04/16/2013,ILM,NC,ASO,EN,Combined TRACON& Tower with Radar,20,38,46,60,164,0,4,30,20,54,20,42,76,80,218,12,0,12,230
04/17/2013,ILM,NC,ASO,EN,Combined TRACON& Tower with Radar,20,41,40,5,106,0,3,20,1,24,20,44,60,6,130,10,0,10,140
04/18/2013,ILM,NC,ASO,EN,Combined TRACON& Tower with Radar,17,42,39,0,98,0,0,16,0,16,17,42,55,0,114,4,0,4,118
04/19/2013,ILM,NC,ASO,EN,Combined TRACON& Tower with Radar,21,42,38,13,114,0,3,9,1,13,21,45,47,14,127,0,0,0,127
04/20/2013,ILM,NC,ASO,EN,Combined TRACON& Tower with Radar,19,33,39,0,91,0,3,5,0,8,19,36,44,0,99,10,0,10,109
04/21/2013,ILM,NC,ASO,EN,Combined TRACON& Tower with Radar,21,33,56,10,120,0,2,15,29,46,21,35,71,39,166,0,0,0,166
04/22/2013,ILM,NC,ASO,EN,Combined TRACON& Tower with Radar,19,30,37,19,105,0,0,2,8,10,19,30,39,27,115,0,0,0,115
04/23/2013,ILM,NC,ASO,EN,Combined TRACON& Tower with Radar,17,37,36,5,95,0,5,9,2,16,17,42,45,7,111,20,0,20,131
04/24/2013,ILM,NC,ASO,EN,Combined TRACON& Tower with Radar,18,35,48,1,102,0,1,18,1,20,18,36,66,2,122,10,0,10,132
04/25/2013,ILM,NC,ASO,EN,Combined TRACON& Tower with Radar,19,36,41,15,111,0,5,6,0,11,19,41,47,15,122,16,6,22,144
04/26/2013,ILM,NC,ASO,EN,Combined TRACON& Tower with Radar,21,34,65,8,128,0,1,47,11,59,21,35,112,19,187,20,0,20,207
04/27/2013,ILM,NC,ASO,EN,Combined TRACON& Tower with Radar,18,37,39,3,97,0,0,45,3,48,18,37,84,6,145,36,0,36,181
04/28/2013,ILM,NC,ASO,EN,Combined TRACON& Tower with Radar,24,21,49,1,95,0,3,18,2,23,24,24,67,3,118,32,0,32,150
04/29/2013,ILM,NC,ASO,EN,Combined TRACON& Tower with Radar,20,30,14,0,64,0,1,5,0,6,20,31,19,0,70,0,0,0,70
04/30/2013,ILM,NC,ASO,EN,Combined TRACON& Tower with Radar,20,36,38,14,108,0,2,8,0,10,20,38,46,14,118,0,10,10,128
05/01/2013,ILM,NC,ASO,EN,Combined TRACON& Tower with Radar,22,34,26,31,113,0,3,7,0,10,22,37,33,31,123,8,12,20,143
05/02/2013,ILM,NC,ASO,EN,Combined TRACON& Tower with Radar,19,38,41,23,121,0,0,9,0,9,19,38,50,23,130,0,8,8,138
05/03/2013,ILM,NC,ASO,EN,Combined TRACON& Tower with Radar,21,30,51,5,107,0,8,16,1,25,21,38,67,6,132,0,6,6,138
05/04/2013,ILM,NC,ASO,EN,Combined TRACON& Tower with Radar,22,25,19,2,68,0,0,8,0,8,22,25,27,2,76,0,12,12,88
05/05/2013,ILM,NC,ASO,EN,Combined TRACON& Tower with Radar,24,23,37,4,88,0,0,1,0,1,24,23,38,4,89,0,0,0,89
05/06/2013,ILM,NC,ASO,EN,Combined TRACON& Tower with Radar,21,28,45,0,94,0,0,8,2,10,21,28,53,2,104,0,0,0,104
05/07/2013,ILM,NC,ASO,EN,Combined TRACON& Tower with Radar,15,42,42,23,122,0,1,26,4,31,15,43,68,27,153,18,4,22,175
05/08/2013,ILM,NC,ASO,EN,Combined TRACON& Tower with Radar,22,43,24,40,129,0,2,20,0,22,22,45,44,40,151,22,12,34,185
05/09/2013,ILM,NC,ASO,EN,Combined TRACON& Tower with Radar,70,39,65,18,192,0,1,46,8,55,70,40,111,26,247,10,0,10,257
05/10/2013,ILM,NC,ASO,EN,Combined TRACON& Tower with Radar,20,40,64,6,130,0,0,45,0,45,20,40,109,6,175,44,10,54,229
05/11/2013,ILM,NC,ASO,EN,Combined TRACON& Tower with Radar,20,28,35,8,91,0,9,17,4,30,20,37,52,12,121,12,0,12,133
05/12/2013,ILM,NC,ASO,EN,Combined TRACON& Tower with Radar,30,24,44,0,98,0,4,16,0,20,30,28,60,0,118,12,0,12,130
05/13/2013,ILM,NC,ASO,EN,Combined TRACON& Tower with Radar,22,34,37,2,95,0,8,41,2,51,22,42,78,4,146,0,0,0,146
05/14/2013,ILM,NC,ASO,EN,Combined TRACON& Tower with Radar,20,39,29,2,90,0,2,38,0,40,20,41,67,2,130,20,2,22,152
05/15/2013,ILM,NC,ASO,EN,Combined TRACON& Tower with Radar,22,35,47,10,114,0,0,18,0,18,22,35,65,10,132,0,0,0,132
05/16/2013,ILM,NC,ASO,EN,Combined TRACON& Tower with Radar,23,36,44,7,110,0,6,31,1,38,23,42,75,8,148,8,0,8,156
05/17/2013,ILM,NC,ASO,EN,Combined TRACON& Tower with Radar,22,36,62,14,134,0,2,33,3,38,22,38,95,17,172,46,18,64,236
05/18/2013,ILM,NC,ASO,EN,Combined TRACON& Tower with Radar,20,33,35,2,90,0,2,29,1,32,20,35,64,3,122,28,0,28,150
05/19/2013,ILM,NC,ASO,EN,Combined TRACON& Tower with Radar,24,26,57,0,107,0,0,47,1,48,24,26,104,1,155,0,0,0,155
05/20/2013,ILM,NC,ASO,EN,Combined TRACON& Tower with Radar,19,32,40,5,96,0,0,23,23,46,19,32,63,28,142,0,0,0,142
05/21/2013,ILM,NC,ASO,EN,Combined TRACON& Tower with Radar,16,34,32,15,97,0,0,39,8,47,16,34,71,23,144,0,0,0,144
05/22/2013,ILM,NC,ASO,EN,Combined TRACON& Tower with Radar,20,29,66,10,125,0,3,24,15,42,20,32,90,25,167,0,0,0,167
05/23/2013,ILM,NC,ASO,EN,Combined TRACON& Tower with Radar,19,35,49,3,106,0,3,12,2,17,19,38,61,5,123,8,0,8,131
05/24/2013,ILM,NC,ASO,EN,Combined TRACON& Tower with Radar,20,50,70,10,150,0,7,37,0,44,20,57,107,10,194,8,4,12,206
05/25/2013,ILM,NC,ASO,EN,Combined TRACON& Tower with Radar,19,27,28,0,74,0,4,37,0,41,19,31,65,0,115,0,0,0,115
05/26/2013,ILM,NC,ASO,EN,Combined TRACON& Tower with Radar,22,24,23,0,69,0,7,46,0,53,22,31,69,0,122,18,0,18,140
05/27/2013,ILM,NC,ASO,EN,Combined TRACON& Tower with Radar,23,48,52,2,125,0,0,47,0,47,23,48,99,2,172,6,0,6,178
05/28/2013,ILM,NC,ASO,EN,Combined TRACON& Tower with Radar,20,33,40,2,95,0,14,33,0,47,20,47,73,2,142,20,0,20,162
05/29/2013,ILM,NC,ASO,EN,Combined TRACON& Tower with Radar,22,36,44,6,108,0,1,43,0,44,22,37,87,6,152,0,0,0,152
05/30/2013,ILM,NC,ASO,EN,Combined TRACON& Tower with Radar,22,42,45,16,125,0,0,20,0,20,22,42,65,16,145,16,0,16,161
05/31/2013,ILM,NC,ASO,EN,Combined TRACON& Tower with Radar,22,33,55,25,135,0,4,21,4,29,22,37,76,29,164,14,0,14,178
06/01/2013,ILM,NC,ASO,EN,Combined TRACON& Tower with Radar,20,42,24,17,103,0,3,27,7,37,20,45,51,24,140,16,6,22,162
06/02/2013,ILM,NC,ASO,EN,Combined TRACON& Tower with Radar,26,27,42,17,112,0,0,65,7,72,26,27,107,24,184,0,0,0,184
06/03/2013,ILM,NC,ASO,EN,Combined TRACON& Tower with Radar,19,33,21,4,77,0,2,0,2,4,19,35,21,6,81,0,0,0,81
06/04/2013,ILM,NC,ASO,EN,Combined TRACON& Tower with Radar,21,32,40,8,101,0,0,5,0,5,21,32,45,8,106,0,0,0,106
06/05/2013,ILM,NC,ASO,EN,Combined TRACON& Tower with Radar,20,37,45,4,106,0,7,15,2,24,20,44,60,6,130,0,0,0,130
06/06/2013,ILM,NC,ASO,EN,Combined TRACON& Tower with Radar,20,35,53,16,124,0,3,4,2,9,20,38,57,18,133,0,0,0,133
06/07/2013,ILM,NC,ASO,EN,Combined TRACON& Tower with Radar,18,29,9,2,58,0,1,0,2,3,18,30,9,4,61,0,0,0,61
06/08/2013,ILM,NC,ASO,EN,Combined TRACON& Tower with Radar,20,33,20,4,77,0,4,13,0,17,20,37,33,4,94,4,0,4,98
06/09/2013,ILM,NC,ASO,EN,Combined TRACON& Tower with Radar,26,25,38,3,92,0,3,12,2,17,26,28,50,5,109,16,0,16,125
06/10/2013,ILM,NC,ASO,EN,Combined TRACON& Tower with Radar,21,31,44,38,134,0,0,10,15,25,21,31,54,53,159,0,0,0,159
06/11/2013,ILM,NC,ASO,EN,Combined TRACON& Tower with Radar,20,37,35,24,116,0,1,14,2,17,20,38,49,26,133,0,0,0,133
06/12/2013,ILM,NC,ASO,EN,Combined TRACON& Tower with Radar,20,39,55,3,117,0,4,47,2,53,20,43,102,5,170,18,0,18,188
06/13/2013,ILM,NC,ASO,EN,Combined TRACON& Tower with Radar,17,28,41,8,94,0,1,17,1,19,17,29,58,9,113,8,0,8,121
06/14/2013,ILM,NC,ASO,EN,Combined TRACON& Tower with Radar,19,44,56,8,127,0,6,40,2,48,19,50,96,10,175,0,0,0,175
06/15/2013,ILM,NC,ASO,EN,Combined TRACON& Tower with Radar,22,35,27,4,88,0,3,43,6,52,22,38,70,10,140,6,0,6,146
06/16/2013,ILM,NC,ASO,EN,Combined TRACON& Tower with Radar,28,32,51,17,128,0,2,53,0,55,28,34,104,17,183,0,0,0,183
06/17/2013,ILM,NC,ASO,EN,Combined TRACON& Tower with Radar,18,43,38,8,107,0,10,24,17,51,18,53,62,25,158,4,0,4,162
06/18/2013,ILM,NC,ASO,EN,Combined TRACON& Tower with Radar,18,38,21,6,83,0,0,25,0,25,18,38,46,6,108,17,0,17,125
06/19/2013,ILM,NC,ASO,EN,Combined TRACON& Tower with Radar,19,35,54,18,126,0,6,4,2,12,19,41,58,20,138,2,18,20,158
06/20/2013,ILM,NC,ASO,EN,Combined TRACON& Tower with Radar,20,40,58,3,121,0,0,50,0,50,20,40,108,3,171,4,0,4,175
06/21/2013,ILM,NC,ASO,EN,Combined TRACON& Tower with Radar,20,34,42,9,105,0,8,20,0,28,20,42,62,9,133,26,0,26,159
06/22/2013,ILM,NC,ASO,EN,Combined TRACON& Tower with Radar,24,33,20,7,84,0,0,6,0,6,24,33,26,7,90,0,0,0,90
06/23/2013,ILM,NC,ASO,EN,Combined TRACON& Tower with Radar,23,32,48,0,103,0,2,5,1,8,23,34,53,1,111,0,0,0,111
06/24/2013,ILM,NC,ASO,EN,Combined TRACON& Tower with Radar,19,31,27,1,78,0,0,19,0,19,19,31,46,1,97,0,0,0,97
06/25/2013,ILM,NC,ASO,EN,Combined TRACON& Tower with Radar,18,40,43,4,105,0,3,22,2,27,18,43,65,6,132,28,14,42,174
06/26/2013,ILM,NC,ASO,EN,Combined TRACON& Tower with Radar,18,31,34,22,105,0,10,35,3,48,18,41,69,25,153,10,2,12,165
06/27/2013,ILM,NC,ASO,EN,Combined TRACON& Tower with Radar,17,40,50,5,112,0,0,6,3,9,17,40,56,8,121,2,2,4,125
06/28/2013,ILM,NC,ASO,EN,Combined TRACON& Tower with Radar,20,37,58,14,129,0,2,21,0,23,20,39,79,14,152,16,12,28,180
06/29/2013,ILM,NC,ASO,EN,Combined TRACON& Tower with Radar,23,31,41,0,95,0,1,10,0,11,23,32,51,0,106,2,0,2,108
06/30/2013,ILM,NC,ASO,EN,Combined TRACON& Tower with Radar,24,32,22,1,79,0,0,39,0,39,24,32,61,1,118,0,0,0,118
07/01/2013,ILM,NC,ASO,EN,Combined TRACON& Tower with Radar,17,29,46,0,92,0,0,1,0,1,17,29,47,0,93,0,0,0,93
07/02/2013,ILM,NC,ASO,EN,Combined TRACON& Tower with Radar,23,31,31,21,106,0,0,2,0,2,23,31,33,21,108,0,4,4,112
07/03/2013,ILM,NC,ASO,EN,Combined TRACON& Tower with Radar,18,42,52,9,121,0,1,11,0,12,18,43,63,9,133,0,0,0,133
07/04/2013,ILM,NC,ASO,EN,Combined TRACON& Tower with Radar,17,25,29,0,71,0,6,49,0,55,17,31,78,0,126,0,0,0,126
07/05/2013,ILM,NC,ASO,EN,Combined TRACON& Tower with Radar,21,26,44,0,91,0,0,19,0,19,21,26,63,0,110,2,0,2,112
07/06/2013,ILM,NC,ASO,EN,Combined TRACON& Tower with Radar,24,32,31,0,87,0,0,43,0,43,24,32,74,0,130,14,0,14,144
07/07/2013,ILM,NC,ASO,EN,Combined TRACON& Tower with Radar,23,38,42,0,103,0,1,76,1,78,23,39,118,1,181,0,0,0,181
07/08/2013,ILM,NC,ASO,EN,Combined TRACON& Tower with Radar,18,36,38,21,113,0,5,21,20,46,18,41,59,41,159,2,0,2,161
07/09/2013,ILM,NC,ASO,EN,Combined TRACON& Tower with Radar,25,38,27,30,120,0,4,10,22,36,25,42,37,52,156,2,26,28,184
07/10/2013,ILM,NC,ASO,EN,Combined TRACON& Tower with Radar,17,42,42,20,121,0,2,22,9,33,17,44,64,29,154,8,0,8,162
07/11/2013,ILM,NC,ASO,EN,Combined TRACON& Tower with Radar,17,43,31,11,102,0,1,11,1,13,17,44,42,12,115,0,0,0,115
07/12/2013,ILM,NC,ASO,EN,Combined TRACON& Tower with Radar,20,33,30,4,87,0,0,0,1,1,20,33,30,5,88,0,0,0,88
07/13/2013,ILM,NC,ASO,EN,Combined TRACON& Tower with Radar,24,28,31,1,84,0,0,2,1,3,24,28,33,2,87,4,0,4,91
07/14/2013,ILM,NC,ASO,EN,Combined TRACON& Tower with Radar,29,30,50,3,112,0,0,29,2,31,29,30,79,5,143,6,0,6,149
07/15/2013,ILM,NC,ASO,EN,Combined TRACON& Tower with Radar,19,32,37,1,89,0,0,8,6,14,19,32,45,7,103,4,32,36,139
07/16/2013,ILM,NC,ASO,EN,Combined TRACON& Tower with Radar,16,36,24,0,76,0,1,26,0,27,16,37,50,0,103,28,0,28,131
07/17/2013,ILM,NC,ASO,EN,Combined TRACON& Tower with Radar,18,37,54,0,109,0,3,12,0,15,18,40,66,0,124,0,0,0,124
07/18/2013,ILM,NC,ASO,EN,Combined TRACON& Tower with Radar,19,35,36,12,102,0,7,36,0,43,19,42,72,12,145,8,0,8,153
07/19/2013,ILM,NC,ASO,EN,Combined TRACON& Tower with Radar,18,37,41,1,97,0,5,25,3,33,18,42,66,4,130,10,0,10,140
07/20/2013,ILM,NC,ASO,EN,Combined TRACON& Tower with Radar,24,28,40,0,92,0,0,21,0,21,24,28,61,0,113,0,0,0,113
07/21/2013,ILM,NC,ASO,EN,Combined TRACON& Tower with Radar,25,27,50,0,102,0,1,60,1,62,25,28,110,1,164,0,0,0,164
07/22/2013,ILM,NC,ASO,EN,Combined TRACON& Tower with Radar,18,34,25,11,88,0,0,28,2,30,18,34,53,13,118,8,0,8,126
07/23/2013,ILM,NC,ASO,EN,Combined TRACON& Tower with Radar,18,35,43,10,106,0,4,18,7,29,18,39,61,17,135,0,0,0,135
07/24/2013,ILM,NC,ASO,EN,Combined TRACON& Tower with Radar,20,35,32,12,99,0,0,45,12,57,20,35,77,24,156,0,0,0,156
07/25/2013,ILM,NC,ASO,EN,Combined TRACON& Tower with Radar,16,41,39,7,103,0,3,16,6,25,16,44,55,13,128,10,0,10,138
07/26/2013,ILM,NC,ASO,EN,Combined TRACON& Tower with Radar,22,38,52,1,113,0,4,34,2,40,22,42,86,3,153,2,0,2,155
07/27/2013,ILM,NC,ASO,EN,Combined TRACON& Tower with Radar,26,28,51,1,106,0,0,40,2,42,26,28,91,3,148,14,0,14,162
07/28/2013,ILM,NC,ASO,EN,Combined TRACON& Tower with Radar,27,29,47,0,103,0,3,9,0,12,27,32,56,0,115,0,0,0,115
07/29/2013,ILM,NC,ASO,EN,Combined TRACON& Tower with Radar,19,33,30,6,88,0,1,14,1,16,19,34,44,7,104,0,0,0,104
07/30/2013,ILM,NC,ASO,EN,Combined TRACON& Tower with Radar,18,39,34,11,102,0,10,15,2,27,18,49,49,13,129,16,0,16,145
07/31/2013,ILM,NC,ASO,EN,Combined TRACON& Tower with Radar,19,44,44,7,114,0,3,20,2,25,19,47,64,9,139,0,10,10,149
08/01/2013,ILM,NC,ASO,EN,Combined TRACON& Tower with Radar,18,39,45,10,112,0,1,1,2,4,18,40,46,12,116,0,0,0,116
08/02/2013,ILM,NC,ASO,EN,Combined TRACON& Tower with Radar,20,39,47,18,124,0,0,18,1,19,20,39,65,19,143,28,0,28,171
08/03/2013,ILM,NC,ASO,EN,Combined TRACON& Tower with Radar,24,29,33,2,88,0,0,26,0,26,24,29,59,2,114,4,0,4,118
08/04/2013,ILM,NC,ASO,EN,Combined TRACON& Tower with Radar,26,27,53,4,110,0,0,19,0,19,26,27,72,4,129,0,0,0,129
08/05/2013,ILM,NC,ASO,EN,Combined TRACON& Tower with Radar,21,43,52,0,116,0,0,19,0,19,21,43,71,0,135,4,0,4,139
08/06/2013,ILM,NC,ASO,EN,Combined TRACON& Tower with Radar,18,42,27,23,110,0,3,13,1,17,18,45,40,24,127,0,6,6,133
08/07/2013,ILM,NC,ASO,EN,Combined TRACON& Tower with Radar,20,34,28,43,125,0,0,18,0,18,20,34,46,43,143,4,14,18,161
08/08/2013,ILM,NC,ASO,EN,Combined TRACON& Tower with Radar,18,37,44,4,103,0,0,27,4,31,18,37,71,8,134,16,0,16,150
08/09/2013,ILM,NC,ASO,EN,Combined TRACON& Tower with Radar,18,37,53,3,111,0,1,22,2,25,18,38,75,5,136,8,0,8,144
08/10/2013,ILM,NC,ASO,EN,Combined TRACON& Tower with Radar,21,34,37,1,93,0,0,27,2,29,21,34,64,3,122,6,2,8,130
08/11/2013,ILM,NC,ASO,EN,Combined TRACON& Tower with Radar,29,30,48,0,107,0,0,31,0,31,29,30,79,0,138,4,0,4,142
08/12/2013,ILM,NC,ASO,EN,Combined TRACON& Tower with Radar,19,29,51,8,107,0,7,18,14,39,19,36,69,22,146,0,0,0,146
08/13/2013,ILM,NC,ASO,EN,Combined TRACON& Tower with Radar,19,37,35,22,113,0,4,15,4,23,19,41,50,26,136,0,0,0,136
08/14/2013,ILM,NC,ASO,EN,Combined TRACON& Tower with Radar,18,42,59,2,121,0,5,49,0,54,18,47,108,2,175,0,0,0,175
08/15/2013,ILM,NC,ASO,EN,Combined TRACON& Tower with Radar,17,36,47,8,108,0,2,5,2,9,17,38,52,10,117,0,0,0,117
08/16/2013,ILM,NC,ASO,EN,Combined TRACON& Tower with Radar,19,40,64,16,139,0,0,1,0,1,19,40,65,16,140,0,0,0,140
08/17/2013,ILM,NC,ASO,EN,Combined TRACON& Tower with Radar,24,31,29,5,89,0,0,0,0,0,24,31,29,5,89,0,0,0,89
08/18/2013,ILM,NC,ASO,EN,Combined TRACON& Tower with Radar,25,26,52,0,103,0,0,27,0,27,25,26,79,0,130,0,0,0,130
08/19/2013,ILM,NC,ASO,EN,Combined TRACON& Tower with Radar,20,34,37,7,98,0,0,3,0,3,20,34,40,7,101,0,0,0,101
08/20/2013,ILM,NC,ASO,EN,Combined TRACON& Tower with Radar,17,36,43,6,102,0,0,2,0,2,17,36,45,6,104,0,0,0,104
08/21/2013,ILM,NC,ASO,EN,Combined TRACON& Tower with Radar,20,33,45,17,115,0,2,20,1,23,20,35,65,18,138,48,0,48,186
08/22/2013,ILM,NC,ASO,EN,Combined TRACON& Tower with Radar,18,31,24,17,90,0,0,23,0,23,18,31,47,17,113,0,8,8,121
08/23/2013,ILM,NC,ASO,EN,Combined TRACON& Tower with Radar,21,30,49,2,102,0,5,14,0,19,21,35,63,2,121,14,0,14,135
08/24/2013,ILM,NC,ASO,EN,Combined TRACON& Tower with Radar,28,20,28,0,76,0,0,32,0,32,28,20,60,0,108,2,0,2,110
08/25/2013,ILM,NC,ASO,EN,Combined TRACON& Tower with Radar,23,25,45,3,96,0,5,75,0,80,23,30,120,3,176,6,0,6,182
08/26/2013,ILM,NC,ASO,EN,Combined TRACON& Tower with Radar,18,28,42,15,103,0,7,40,5,52,18,35,82,20,155,22,0,22,177
08/27/2013,ILM,NC,ASO,EN,Combined TRACON& Tower with Radar,17,36,39,14,106,0,2,72,4,78,17,38,111,18,184,20,0,20,204
08/28/2013,ILM,NC,ASO,EN,Combined TRACON& Tower with Radar,20,31,34,34,119,0,6,47,42,95,20,37,81,76,214,12,0,12,226
08/29/2013,ILM,NC,ASO,EN,Combined TRACON& Tower with Radar,17,39,55,26,137,0,1,14,2,17,17,40,69,28,154,20,6,26,180
08/30/2013,ILM,NC,ASO,EN,Combined TRACON& Tower with Radar,20,38,77,2,137,0,2,28,0,30,20,40,105,2,167,0,0,0,167
08/31/2013,ILM,NC,ASO,EN,Combined TRACON& Tower with Radar,23,29,16,0,68,0,1,32,0,33,23,30,48,0,101,0,0,0,101
09/01/2013,ILM,NC,ASO,EN,Combined TRACON& Tower with Radar,23,17,24,0,64,0,0,27,0,27,23,17,51,0,91,0,0,0,91
09/02/2013,ILM,NC,ASO,EN,Combined TRACON& Tower with Radar,18,34,55,0,107,0,0,32,0,32,18,34,87,0,139,0,0,0,139
09/03/2013,ILM,NC,ASO,EN,Combined TRACON& Tower with Radar,16,32,39,10,97,0,0,5,0,5,16,32,44,10,102,0,0,0,102
09/04/2013,ILM,NC,ASO,EN,Combined TRACON& Tower with Radar,18,34,40,6,98,0,0,21,2,23,18,34,61,8,121,12,0,12,133
09/05/2013,ILM,NC,ASO,EN,Combined TRACON& Tower with Radar,18,32,35,8,93,0,5,10,3,18,18,37,45,11,111,0,0,0,111
09/06/2013,ILM,NC,ASO,EN,Combined TRACON& Tower with Radar,19,30,36,25,110,0,4,20,1,25,19,34,56,26,135,14,14,28,163
09/07/2013,ILM,NC,ASO,EN,Combined TRACON& Tower with Radar,19,19,26,0,64,0,0,41,5,46,19,19,67,5,110,28,0,28,138
09/08/2013,ILM,NC,ASO,EN,Combined TRACON& Tower with Radar,23,21,37,0,81,0,4,65,2,71,23,25,102,2,152,0,0,0,152
09/09/2013,ILM,NC,ASO,EN,Combined TRACON& Tower with Radar,18,30,36,14,98,0,5,32,0,37,18,35,68,14,135,0,0,0,135
09/10/2013,ILM,NC,ASO,EN,Combined TRACON& Tower with Radar,16,33,37,46,132,0,0,19,12,31,16,33,56,58,163,0,38,38,201
09/11/2013,ILM,NC,ASO,EN,Combined TRACON& Tower with Radar,16,31,46,22,115,0,1,35,4,40,16,32,81,26,155,8,24,32,187
09/12/2013,ILM,NC,ASO,EN,Combined TRACON& Tower with Radar,19,30,37,21,107,0,9,26,15,50,19,39,63,36,157,52,0,52,209
09/13/2013,ILM,NC,ASO,EN,Combined TRACON& Tower with Radar,18,29,57,7,111,0,4,21,1,26,18,33,78,8,137,0,0,0,137
09/14/2013,ILM,NC,ASO,EN,Combined TRACON& Tower with Radar,20,19,23,0,62,0,2,43,0,45,20,21,66,0,107,24,0,24,131
09/15/2013,ILM,NC,ASO,EN,Combined TRACON& Tower with Radar,21,24,45,3,93,0,1,38,0,39,21,25,83,3,132,20,0,20,152
09/16/2013,ILM,NC,ASO,EN,Combined TRACON& Tower with Radar,16,28,30,1,75,0,3,9,1,13,16,31,39,2,88,0,0,0,88
09/17/2013,ILM,NC,ASO,EN,Combined TRACON& Tower with Radar,16,34,35,11,96,0,2,17,6,25,16,36,52,17,121,0,0,0,121
09/18/2013,ILM,NC,ASO,EN,Combined TRACON& Tower with Radar,20,28,39,27,114,0,1,52,0,53,20,29,91,27,167,2,30,32,199
09/19/2013,ILM,NC,ASO,EN,Combined TRACON& Tower with Radar,20,27,32,1,80,0,6,40,3,49,20,33,72,4,129,0,0,0,129
09/20/2013,ILM,NC,ASO,EN,Combined TRACON& Tower with Radar,19,28,65,3,115,0,3,37,0,40,19,31,102,3,155,4,0,4,159
09/21/2013,ILM,NC,ASO,EN,Combined TRACON& Tower with Radar,20,19,24,0,63,0,0,7,0,7,20,19,31,0,70,0,0,0,70
09/22/2013,ILM,NC,ASO,EN,Combined TRACON& Tower with Radar,21,31,45,4,101,0,3,12,1,16,21,34,57,5,117,0,0,0,117
09/23/2013,ILM,NC,ASO,EN,Combined TRACON& Tower with Radar,18,26,30,0,74,0,0,25,5,30,18,26,55,5,104,0,0,0,104
09/24/2013,ILM,NC,ASO,EN,Combined TRACON& Tower with Radar,26,28,37,22,113,0,0,19,3,22,26,28,56,25,135,0,0,0,135
09/25/2013,ILM,NC,ASO,EN,Combined TRACON& Tower with Radar,19,32,33,4,88,0,0,21,0,21,19,32,54,4,109,16,0,16,125
09/26/2013,ILM,NC,ASO,EN,Combined TRACON& Tower with Radar,19,29,37,10,95,0,6,24,6,36,19,35,61,16,131,0,0,0,131
09/27/2013,ILM,NC,ASO,EN,Combined TRACON& Tower with Radar,18,30,56,0,104,0,2,17,0,19,18,32,73,0,123,0,0,0,123
09/28/2013,ILM,NC,ASO,EN,Combined TRACON& Tower with Radar,18,20,21,0,59,0,5,40,0,45,18,25,61,0,104,1,0,1,105
09/29/2013,ILM,NC,ASO,EN,Combined TRACON& Tower with Radar,22,30,39,0,91,0,6,124,0,130,22,36,163,0,221,0,0,0,221
09/30/2013,ILM,NC,ASO,EN,Combined TRACON& Tower with Radar,20,27,34,13,94,0,7,28,1,36,20,34,62,14,130,2,4,6,136
10/01/2013,ILM,NC,ASO,EN,Combined TRACON& Tower with Radar,15,30,57,0,102,0,1,39,1,41,15,31,96,1,143,20,0,20,163
10/02/2013,ILM,NC,ASO,EN,Combined TRACON& Tower with Radar,18,31,44,6,99,0,0,57,0,57,18,31,101,6,156,8,0,8,164
10/03/2013,ILM,NC,ASO,EN,Combined TRACON& Tower with Radar,18,34,50,4,106,0,0,33,2,35,18,34,83,6,141,4,0,4,145
10/04/2013,ILM,NC,ASO,EN,Combined TRACON& Tower with Radar,18,32,53,0,103,0,15,43,0,58,18,47,96,0,161,16,0,16,177
10/05/2013,ILM,NC,ASO,EN,Combined TRACON& Tower with Radar,17,21,22,0,60,0,1,21,0,22,17,22,43,0,82,20,0,20,102
10/06/2013,ILM,NC,ASO,EN,Combined TRACON& Tower with Radar,19,23,44,0,86,0,5,7,0,12,19,28,51,0,98,8,0,8,106
10/07/2013,ILM,NC,ASO,EN,Combined TRACON& Tower with Radar,17,25,21,0,63,0,1,7,0,8,17,26,28,0,71,0,0,0,71
10/08/2013,ILM,NC,ASO,EN,Combined TRACON& Tower with Radar,18,30,19,14,81,0,0,0,0,0,18,30,19,14,81,0,0,0,81
10/09/2013,ILM,NC,ASO,EN,Combined TRACON& Tower with Radar,17,33,27,4,81,0,0,1,2,3,17,33,28,6,84,0,0,0,84
10/10/2013,ILM,NC,ASO,EN,Combined TRACON& Tower with Radar,17,31,31,30,109,0,0,0,0,0,17,31,31,30,109,0,0,0,109
10/11/2013,ILM,NC,ASO,EN,Combined TRACON& Tower with Radar,17,33,63,12,125,0,0,13,0,13,17,33,76,12,138,0,0,0,138
10/12/2013,ILM,NC,ASO,EN,Combined TRACON& Tower with Radar,17,25,20,0,62,0,1,9,2,12,17,26,29,2,74,0,0,0,74
10/13/2013,ILM,NC,ASO,EN,Combined TRACON& Tower with Radar,20,26,45,4,95,0,0,26,0,26,20,26,71,4,121,50,0,50,171
10/14/2013,ILM,NC,ASO,EN,Combined TRACON& Tower with Radar,17,39,33,0,89,0,2,3,0,5,17,41,36,0,94,0,0,0,94
10/15/2013,ILM,NC,ASO,EN,Combined TRACON& Tower with Radar,17,31,37,20,105,0,0,2,0,2,17,31,39,20,107,14,0,14,121
10/16/2013,ILM,NC,ASO,EN,Combined TRACON& Tower with Radar,19,39,50,27,135,0,6,11,0,17,19,45,61,27,152,8,0,8,160
10/17/2013,ILM,NC,ASO,EN,Combined TRACON& Tower with Radar,17,34,32,4,87,0,3,29,4,36,17,37,61,8,123,2,0,2,125
10/18/2013,ILM,NC,ASO,EN,Combined TRACON& Tower with Radar,18,38,51,14,121,0,0,9,1,10,18,38,60,15,131,16,6,22,153
10/19/2013,ILM,NC,ASO,EN,Combined TRACON& Tower with Radar,17,22,20,0,59,0,0,2,0,2,17,22,22,0,61,0,0,0,61
10/20/2013,ILM,NC,ASO,EN,Combined TRACON& Tower with Radar,22,31,56,0,109,0,0,40,0,40,22,31,96,0,149,28,0,28,177
10/21/2013,ILM,NC,ASO,EN,Combined TRACON& Tower with Radar,19,33,46,9,107,0,6,27,7,40,19,39,73,16,147,10,0,10,157
10/22/2013,ILM,NC,ASO,EN,Combined TRACON& Tower with Radar,20,38,31,25,114,0,3,17,2,22,20,41,48,27,136,28,12,40,176
10/23/2013,ILM,NC,ASO,EN,Combined TRACON& Tower with Radar,19,35,41,5,100,0,0,16,1,17,19,35,57,6,117,8,2,10,127
10/24/2013,ILM,NC,ASO,EN,Combined TRACON& Tower with Radar,18,36,38,8,100,0,1,18,1,20,18,37,56,9,120,26,0,26,146
10/25/2013,ILM,NC,ASO,EN,Combined TRACON& Tower with Radar,20,31,43,30,124,0,1,25,0,26,20,32,68,30,150,22,12,34,184
10/26/2013,ILM,NC,ASO,EN,Combined TRACON& Tower with Radar,17,22,25,6,70,0,4,41,4,49,17,26,66,10,119,16,0,16,135
10/27/2013,ILM,NC,ASO,EN,Combined TRACON& Tower with Radar,24,32,34,0,90,0,1,37,0,38,24,33,71,0,128,4,0,4,132
10/28/2013,ILM,NC,ASO,EN,Combined TRACON& Tower with Radar,16,35,37,5,93,0,6,20,2,28,16,41,57,7,121,12,0,12,133
10/29/2013,ILM,NC,ASO,EN,Combined TRACON& Tower with Radar,15,39,37,13,104,0,9,32,0,41,15,48,69,13,145,14,4,18,163
10/30/2013,ILM,NC,ASO,EN,Combined TRACON& Tower with Radar,18,30,51,5,104,0,0,25,3,28,18,30,76,8,132,36,2,38,170
10/31/2013,ILM,NC,ASO,EN,Combined TRACON& Tower with Radar,18,32,51,13,114,0,0,48,0,48,18,32,99,13,162,32,0,32,194
11/01/2013,ILM,NC,ASO,EN,Combined TRACON& Tower with Radar,18,38,49,5,110,0,4,7,0,11,18,42,56,5,121,0,0,0,121
11/02/2013,ILM,NC,ASO,EN,Combined TRACON& Tower with Radar,16,17,12,2,47,0,2,10,0,12,16,19,22,2,59,26,0,26,85
11/03/2013,ILM,NC,ASO,EN,Combined TRACON& Tower with Radar,19,25,48,4,96,0,4,64,0,68,19,29,112,4,164,10,0,10,174
11/04/2013,ILM,NC,ASO,EN,Combined TRACON& Tower with Radar,17,33,23,12,85,0,1,11,1,13,17,34,34,13,98,18,0,18,116
11/05/2013,ILM,NC,ASO,EN,Combined TRACON& Tower with Radar,16,34,27,8,85,0,3,10,3,16,16,37,37,11,101,0,0,0,101
11/06/2013,ILM,NC,ASO,EN,Combined TRACON& Tower with Radar,18,35,50,3,106,0,0,15,0,15,18,35,65,3,121,14,0,14,135
11/07/2013,ILM,NC,ASO,EN,Combined TRACON& Tower with Radar,17,29,42,12,100,0,1,5,0,6,17,30,47,12,106,6,0,6,112
11/08/2013,ILM,NC,ASO,EN,Combined TRACON& Tower with Radar,18,29,41,7,95,0,6,28,2,36,18,35,69,9,131,2,0,2,133
11/09/2013,ILM,NC,ASO,EN,Combined TRACON& Tower with Radar,18,18,35,7,78,0,0,44,3,47,18,18,79,10,125,10,0,10,135
11/10/2013,ILM,NC,ASO,EN,Combined TRACON& Tower with Radar,18,29,65,7,119,0,9,37,3,49,18,38,102,10,168,56,0,56,224
11/11/2013,ILM,NC,ASO,EN,Combined TRACON& Tower with Radar,17,24,36,3,80,0,0,24,4,28,17,24,60,7,108,0,0,0,108
11/12/2013,ILM,NC,ASO,EN,Combined TRACON& Tower with Radar,16,31,33,16,96,0,0,18,0,18,16,31,51,16,114,0,0,0,114
11/13/2013,ILM,NC,ASO,EN,Combined TRACON& Tower with Radar,17,30,28,12,87,0,8,8,3,19,17,38,36,15,106,4,0,4,110
11/14/2013,ILM,NC,ASO,EN,Combined TRACON& Tower with Radar,18,30,46,13,107,0,9,26,1,36,18,39,72,14,143,0,0,0,143
11/15/2013,ILM,NC,ASO,EN,Combined TRACON& Tower with Radar,17,32,34,13,96,0,0,12,1,13,17,32,46,14,109,0,0,0,109
11/16/2013,ILM,NC,ASO,EN,Combined TRACON& Tower with Radar,18,26,44,1,89,0,6,18,1,25,18,32,62,2,114,10,16,26,140
11/17/2013,ILM,NC,ASO,EN,Combined TRACON& Tower with Radar,20,25,50,1,96,0,0,11,1,12,20,25,61,2,108,0,0,0,108
11/18/2013,ILM,NC,ASO,EN,Combined TRACON& Tower with Radar,16,26,43,8,93,0,2,8,4,14,16,28,51,12,107,18,0,18,125
11/19/2013,ILM,NC,ASO,EN,Combined TRACON& Tower with Radar,17,35,29,16,97,0,4,15,3,22,17,39,44,19,119,36,10,46,165
11/20/2013,ILM,NC,ASO,EN,Combined TRACON& Tower with Radar,17,34,44,4,99,0,4,7,2,13,17,38,51,6,112,4,0,4,116
11/21/2013,ILM,NC,ASO,EN,Combined TRACON& Tower with Radar,18,34,43,11,106,0,0,16,0,16,18,34,59,11,122,16,0,16,138
11/22/2013,ILM,NC,ASO,EN,Combined TRACON& Tower with Radar,21,33,46,19,119,0,2,15,1,18,21,35,61,20,137,8,0,8,145
11/23/2013,ILM,NC,ASO,EN,Combined TRACON& Tower with Radar,18,19,29,31,97,0,0,3,5,8,18,19,32,36,105,14,14,28,133
11/24/2013,ILM,NC,ASO,EN,Combined TRACON& Tower with Radar,22,22,40,11,95,0,3,16,7,26,22,25,56,18,121,12,0,12,133
11/25/2013,ILM,NC,ASO,EN,Combined TRACON& Tower with Radar,17,32,26,12,87,0,5,14,1,20,17,37,40,13,107,6,0,6,113
11/26/2013,ILM,NC,ASO,EN,Combined TRACON& Tower with Radar,18,35,27,12,92,0,0,4,1,5,18,35,31,13,97,2,10,12,109
11/27/2013,ILM,NC,ASO,EN,Combined TRACON& Tower with Radar,19,39,35,6,99,0,0,0,0,0,19,39,35,6,99,0,0,0,99
11/28/2013,ILM,NC,ASO,EN,Combined TRACON& Tower with Radar,10,14,29,0,53,0,2,14,0,16,10,16,43,0,69,8,0,8,77
11/29/2013,ILM,NC,ASO,EN,Combined TRACON& Tower with Radar,15,20,25,0,60,0,0,23,0,23,15,20,48,0,83,0,0,0,83
11/30/2013,ILM,NC,ASO,EN,Combined TRACON& Tower with Radar,15,37,40,0,92,0,0,31,0,31,15,37,71,0,123,14,0,14,137
12/01/2013,ILM,NC,ASO,EN,Combined TRACON& Tower with Radar,26,46,68,0,140,0,4,14,0,18,26,50,82,0,158,0,0,0,158
12/02/2013,ILM,NC,ASO,EN,Combined TRACON& Tower with Radar,20,26,42,4,92,0,9,13,2,24,20,35,55,6,116,12,0,12,128
12/03/2013,ILM,NC,ASO,EN,Combined TRACON& Tower with Radar,15,26,45,8,94,0,1,23,0,24,15,27,68,8,118,10,0,10,128
12/04/2013,ILM,NC,ASO,EN,Combined TRACON& Tower with Radar,14,27,30,2,73,0,2,5,3,10,14,29,35,5,83,18,0,18,101
12/05/2013,ILM,NC,ASO,EN,Combined TRACON& Tower with Radar,15,30,46,13,104,0,7,11,1,19,15,37,57,14,123,22,0,22,145
12/06/2013,ILM,NC,ASO,EN,Combined TRACON& Tower with Radar,18,34,42,7,101,0,5,9,0,14,18,39,51,7,115,8,0,8,123
12/07/2013,ILM,NC,ASO,EN,Combined TRACON& Tower with Radar,13,17,11,0,41,0,0,0,0,0,13,17,11,0,41,8,0,8,49
12/08/2013,ILM,NC,ASO,EN,Combined TRACON& Tower with Radar,20,17,14,2,53,0,0,0,0,0,20,17,14,2,53,0,0,0,53
12/09/2013,ILM,NC,ASO,EN,Combined TRACON& Tower with Radar,13,21,29,7,70,0,1,0,0,1,13,22,29,7,71,4,0,4,75
12/10/2013,ILM,NC,ASO,EN,Combined TRACON& Tower with Radar,14,30,25,9,78,0,0,3,0,3,14,30,28,9,81,0,0,0,81
12/11/2013,ILM,NC,ASO,EN,Combined TRACON& Tower with Radar,14,32,40,9,95,0,5,22,5,32,14,37,62,14,127,20,16,36,163
12/12/2013,ILM,NC,ASO,EN,Combined TRACON& Tower with Radar,18,31,51,7,107,0,0,19,2,21,18,31,70,9,128,12,0,12,140
12/13/2013,ILM,NC,ASO,EN,Combined TRACON& Tower with Radar,18,30,42,16,106,0,0,42,3,45,18,30,84,19,151,12,2,14,165
12/14/2013,ILM,NC,ASO,EN,Combined TRACON& Tower with Radar,15,14,26,3,58,0,0,4,2,6,15,14,30,5,64,2,0,2,66
12/15/2013,ILM,NC,ASO,EN,Combined TRACON& Tower with Radar,17,24,50,0,91,0,0,7,3,10,17,24,57,3,101,14,0,14,115
12/16/2013,ILM,NC,ASO,EN,Combined TRACON& Tower with Radar,14,25,54,13,106,0,2,30,3,35,14,27,84,16,141,4,8,12,153
12/17/2013,ILM,NC,ASO,EN,Combined TRACON& Tower with Radar,13,35,43,15,106,0,2,22,6,30,13,37,65,21,136,2,10,12,148
12/18/2013,ILM,NC,ASO,EN,Combined TRACON& Tower with Radar,16,31,42,41,130,0,3,30,1,34,16,34,72,42,164,20,14,34,198
12/19/2013,ILM,NC,ASO,EN,Combined TRACON& Tower with Radar,17,37,44,0,98,0,1,33,8,42,17,38,77,8,140,38,0,38,178
12/20/2013,ILM,NC,ASO,EN,Combined TRACON& Tower with Radar,18,36,64,14,132,0,5,22,26,53,18,41,86,40,185,16,0,16,201
12/21/2013,ILM,NC,ASO,EN,Combined TRACON& Tower with Radar,19,33,36,10,98,0,1,31,6,38,19,34,67,16,136,10,0,10,146
12/22/2013,ILM,NC,ASO,EN,Combined TRACON& Tower with Radar,21,26,26,3,76,0,3,19,2,24,21,29,45,5,100,18,0,18,118
12/23/2013,ILM,NC,ASO,EN,Combined TRACON& Tower with Radar,17,26,20,8,71,0,0,0,1,1,17,26,20,9,72,14,0,14,86
12/24/2013,ILM,NC,ASO,EN,Combined TRACON& Tower with Radar,14,25,27,7,73,0,4,9,0,13,14,29,36,7,86,7,7,14,100
12/25/2013,ILM,NC,ASO,EN,Combined TRACON& Tower with Radar,17,15,10,0,42,0,3,2,0,5,17,18,12,0,47,0,0,0,47
12/26/2013,ILM,NC,ASO,EN,Combined TRACON& Tower with Radar,17,41,64,2,124,0,1,7,0,8,17,42,71,2,132,0,0,0,132
12/27/2013,ILM,NC,ASO,EN,Combined TRACON& Tower with Radar,18,49,58,41,166,0,2,36,0,38,18,51,94,41,204,0,0,0,204
12/28/2013,ILM,NC,ASO,EN,Combined TRACON& Tower with Radar,19,39,48,5,111,0,5,36,3,44,19,44,84,8,155,68,0,68,223
12/29/2013,ILM,NC,ASO,EN,Combined TRACON& Tower with Radar,20,22,16,6,64,0,0,1,0,1,20,22,17,6,65,0,0,0,65
12/30/2013,ILM,NC,ASO,EN,Combined TRACON& Tower with Radar,19,33,36,8,96,0,1,23,0,24,19,34,59,8,120,10,2,12,132
12/31/2013,ILM,NC,ASO,EN,Combined TRACON& Tower with Radar,15,26,25,0,66,0,6,23,0,29,15,32,48,0,95,14,0,14,109
01/01/2014,ILM,NC,ASO,EN,Combined TRACON& Tower with Radar,18,25,29,0,72,0,4,20,0,24,18,29,49,0,96,4,0,4,100
01/02/2014,ILM,NC,ASO,EN,Combined TRACON& Tower with Radar,18,38,30,0,86,0,0,0,0,0,18,38,30,0,86,0,0,0,86
01/03/2014,ILM,NC,ASO,EN,Combined TRACON& Tower with Radar,17,27,33,23,100,0,3,8,3,14,17,30,41,26,114,0,6,6,120
01/04/2014,ILM,NC,ASO,EN,Combined TRACON& Tower with Radar,18,22,64,16,120,0,0,15,4,19,18,22,79,20,139,2,0,2,141
01/05/2014,ILM,NC,ASO,EN,Combined TRACON& Tower with Radar,16,37,65,2,120,0,1,1,2,4,16,38,66,4,124,10,0,10,134
01/06/2014,ILM,NC,ASO,EN,Combined TRACON& Tower with Radar,14,24,25,2,65,0,0,5,0,5,14,24,30,2,70,0,0,0,70
01/07/2014,ILM,NC,ASO,EN,Combined TRACON& Tower with Radar,13,32,41,6,92,0,3,11,0,14,13,35,52,6,106,4,0,4,110
01/08/2014,ILM,NC,ASO,EN,Combined TRACON& Tower with Radar,18,24,26,9,77,0,1,11,4,16,18,25,37,13,93,0,0,0,93
01/09/2014,ILM,NC,ASO,EN,Combined TRACON& Tower with Radar,16,29,27,27,99,0,7,15,9,31,16,36,42,36,130,16,0,16,146
01/10/2014,ILM,NC,ASO,EN,Combined TRACON& Tower with Radar,17,23,17,5,62,0,5,6,7,18,17,28,23,12,80,0,0,0,80
01/11/2014,ILM,NC,ASO,EN,Combined TRACON& Tower with Radar,18,19,3,8,48,0,0,0,1,1,18,19,3,9,49,0,0,0,49
01/12/2014,ILM,NC,ASO,EN,Combined TRACON& Tower with Radar,17,25,32,6,80,0,2,60,5,67,17,27,92,11,147,0,0,0,147
01/13/2014,ILM,NC,ASO,EN,Combined TRACON& Tower with Radar,16,21,30,2,69,0,4,11,2,17,16,25,41,4,86,10,0,10,96
01/14/2014,ILM,NC,ASO,EN,Combined TRACON& Tower with Radar,15,27,33,3,78,0,0,7,0,7,15,27,40,3,85,0,0,0,85
01/15/2014,ILM,NC,ASO,EN,Combined TRACON& Tower with Radar,19,27,51,31,128,0,4,15,2,21,19,31,66,33,149,8,22,30,179
01/16/2014,ILM,NC,ASO,EN,Combined TRACON& Tower with Radar,17,23,32,14,86,0,1,4,0,5,17,24,36,14,91,0,0,0,91
01/17/2014,ILM,NC,ASO,EN,Combined TRACON& Tower with Radar,17,32,37,23,109,0,1,14,8,23,17,33,51,31,132,16,8,24,156
01/18/2014,ILM,NC,ASO,EN,Combined TRACON& Tower with Radar,12,16,34,2,64,0,4,9,7,20,12,20,43,9,84,0,0,0,84
01/19/2014,ILM,NC,ASO,EN,Combined TRACON& Tower with Radar,13,22,37,4,76,0,3,20,0,23,13,25,57,4,99,5,0,5,104
01/20/2014,ILM,NC,ASO,EN,Combined TRACON& Tower with Radar,16,28,46,0,90,0,8,22,2,32,16,36,68,2,122,28,0,28,150
01/21/2014,ILM,NC,ASO,EN,Combined TRACON& Tower with Radar,15,24,22,7,68,0,8,11,0,19,15,32,33,7,87,2,0,2,89
01/22/2014,ILM,NC,ASO,EN,Combined TRACON& Tower with Radar,17,24,34,7,82,0,2,7,2,11,17,26,41,9,93,8,0,8,101
01/23/2014,ILM,NC,ASO,EN,Combined TRACON& Tower with Radar,17,34,44,28,123,0,7,24,6,37,17,41,68,34,160,8,6,14,174
01/24/2014,ILM,NC,ASO,EN,Combined TRACON& Tower with Radar,19,33,48,38,138,0,3,19,9,31,19,36,67,47,169,0,50,50,219
01/25/2014,ILM,NC,ASO,EN,Combined TRACON& Tower with Radar,12,18,16,6,52,0,1,8,11,20,12,19,24,17,72,4,0,4,76
01/26/2014,ILM,NC,ASO,EN,Combined TRACON& Tower with Radar,18,18,53,0,89,0,1,43,3,47,18,19,96,3,136,0,0,0,136
01/27/2014,ILM,NC,ASO,EN,Combined TRACON& Tower with Radar,16,22,29,8,75,0,5,13,4,22,16,27,42,12,97,19,10,29,126
01/28/2014,ILM,NC,ASO,EN,Combined TRACON& Tower with Radar,6,4,3,0,13,0,0,0,0,0,6,4,3,0,13,0,0,0,13
01/29/2014,ILM,NC,ASO,EN,Combined TRACON& Tower with Radar,0,0,0,0,0,0,1,0,0,1,0,1,0,0,1,0,0,0,1
01/30/2014,ILM,NC,ASO,EN,Combined TRACON& Tower with Radar,7,5,3,0,15,0,6,0,0,6,7,11,3,0,21,0,0,0,21
01/31/2014,ILM,NC,ASO,EN,Combined TRACON& Tower with Radar,17,23,40,27,107,0,4,23,2,29,17,27,63,29,136,6,18,24,160
02/01/2014,ILM,NC,ASO,EN,Combined TRACON& Tower with Radar,11,20,31,1,63,0,2,17,1,20,11,22,48,2,83,16,0,16,99
02/02/2014,ILM,NC,ASO,EN,Combined TRACON& Tower with Radar,21,12,29,3,65,0,0,34,4,38,21,12,63,7,103,0,0,0,103
02/03/2014,ILM,NC,ASO,EN,Combined TRACON& Tower with Radar,16,21,16,2,55,0,0,5,0,5,16,21,21,2,60,0,0,0,60
02/04/2014,ILM,NC,ASO,EN,Combined TRACON& Tower with Radar,15,27,27,20,89,0,0,1,0,1,15,27,28,20,90,0,0,0,90
02/05/2014,ILM,NC,ASO,EN,Combined TRACON& Tower with Radar,16,22,17,32,87,0,0,0,0,0,16,22,17,32,87,0,0,0,87
02/06/2014,ILM,NC,ASO,EN,Combined TRACON& Tower with Radar,15,22,44,13,94,0,0,19,4,23,15,22,63,17,117,8,8,16,133
02/07/2014,ILM,NC,ASO,EN,Combined TRACON& Tower with Radar,17,26,55,45,143,0,4,17,6,27,17,30,72,51,170,10,18,28,198
02/08/2014,ILM,NC,ASO,EN,Combined TRACON& Tower with Radar,12,19,24,25,80,0,0,4,5,9,12,19,28,30,89,18,142,160,249
02/09/2014,ILM,NC,ASO,EN,Combined TRACON& Tower with Radar,14,22,43,8,87,0,9,44,11,64,14,31,87,19,151,22,8,30,181
02/10/2014,ILM,NC,ASO,EN,Combined TRACON& Tower with Radar,16,24,32,22,94,0,3,22,5,30,16,27,54,27,124,19,0,19,143
02/11/2014,ILM,NC,ASO,EN,Combined TRACON& Tower with Radar,10,22,9,5,46,0,0,0,0,0,10,22,9,5,46,0,0,0,46
02/12/2014,ILM,NC,ASO,EN,Combined TRACON& Tower with Radar,1,4,8,0,13,0,0,0,0,0,1,4,8,0,13,0,0,0,13
02/13/2014,ILM,NC,ASO,EN,Combined TRACON& Tower with Radar,2,14,30,1,47,0,1,0,0,1,2,15,30,1,48,0,0,0,48
02/14/2014,ILM,NC,ASO,EN,Combined TRACON& Tower with Radar,11,40,71,8,130,0,1,23,4,28,11,41,94,12,158,0,0,0,158
02/15/2014,ILM,NC,ASO,EN,Combined TRACON& Tower with Radar,13,29,27,3,72,0,4,1,0,5,13,33,28,3,77,4,2,6,83
02/16/2014,ILM,NC,ASO,EN,Combined TRACON& Tower with Radar,20,30,54,8,112,0,0,52,5,57,20,30,106,13,169,12,0,12,181
02/17/2014,ILM,NC,ASO,EN,Combined TRACON& Tower with Radar,18,28,50,4,100,0,1,16,0,17,18,29,66,4,117,0,0,0,117
02/18/2014,ILM,NC,ASO,EN,Combined TRACON& Tower with Radar,17,28,40,4,89,0,0,17,6,23,17,28,57,10,112,0,0,0,112
02/19/2014,ILM,NC,ASO,EN,Combined TRACON& Tower with Radar,18,33,44,23,118,0,0,6,2,8,18,33,50,25,126,0,0,0,126
02/20/2014,ILM,NC,ASO,EN,Combined TRACON& Tower with Radar,17,27,45,12,101,0,1,18,0,19,17,28,63,12,120,14,0,14,134
02/21/2014,ILM,NC,ASO,EN,Combined TRACON& Tower with Radar,17,31,29,9,86,0,2,0,2,4,17,33,29,11,90,0,0,0,90
02/22/2014,ILM,NC,ASO,EN,Combined TRACON& Tower with Radar,16,14,40,13,83,0,0,38,14,52,16,14,78,27,135,0,0,0,135
02/23/2014,ILM,NC,ASO,EN,Combined TRACON& Tower with Radar,19,26,54,0,99,0,0,33,3,36,19,26,87,3,135,0,26,26,161
02/24/2014,ILM,NC,ASO,EN,Combined TRACON& Tower with Radar,15,30,39,12,96,0,2,32,0,34,15,32,71,12,130,24,0,24,154
02/25/2014,ILM,NC,ASO,EN,Combined TRACON& Tower with Radar,17,30,43,28,118,0,5,33,6,44,17,35,76,34,162,8,17,25,187
02/26/2014,ILM,NC,ASO,EN,Combined TRACON& Tower with Radar,17,26,40,11,94,0,1,2,0,3,17,27,42,11,97,0,4,4,101
02/27/2014,ILM,NC,ASO,EN,Combined TRACON& Tower with Radar,18,29,58,17,122,0,2,23,4,29,18,31,81,21,151,4,0,4,155
02/28/2014,ILM,NC,ASO,EN,Combined TRACON& Tower with Radar,20,29,39,11,99,0,0,17,0,17,20,29,56,11,116,0,0,0,116
03/01/2014,ILM,NC,ASO,EN,Combined TRACON& Tower with Radar,16,25,31,10,82,0,0,24,0,24,16,25,55,10,106,0,0,0,106
03/02/2014,ILM,NC,ASO,EN,Combined TRACON& Tower with Radar,22,27,59,2,110,0,1,50,5,56,22,28,109,7,166,14,0,14,180
03/03/2014,ILM,NC,ASO,EN,Combined TRACON& Tower with Radar,19,14,15,4,52,0,1,4,0,5,19,15,19,4,57,0,4,4,61
03/04/2014,ILM,NC,ASO,EN,Combined TRACON& Tower with Radar,18,23,18,18,77,0,1,1,2,4,18,24,19,20,81,0,0,0,81
03/05/2014,ILM,NC,ASO,EN,Combined TRACON& Tower with Radar,18,24,28,0,70,0,0,0,0,0,18,24,28,0,70,0,0,0,70
03/06/2014,ILM,NC,ASO,EN,Combined TRACON& Tower with Radar,15,31,31,6,83,0,2,1,0,3,15,33,32,6,86,0,0,0,86
03/07/2014,ILM,NC,ASO,EN,Combined TRACON& Tower with Radar,15,24,19,3,61,0,0,0,0,0,15,24,19,3,61,0,0,0,61
03/08/2014,ILM,NC,ASO,EN,Combined TRACON& Tower with Radar,14,32,42,0,88,0,0,43,4,47,14,32,85,4,135,6,0,6,141
03/09/2014,ILM,NC,ASO,EN,Combined TRACON& Tower with Radar,19,30,33,1,83,0,4,68,2,74,19,34,101,3,157,14,2,16,173
03/10/2014,ILM,NC,ASO,EN,Combined TRACON& Tower with Radar,15,23,30,9,77,0,1,21,7,29,15,24,51,16,106,12,0,12,118
03/11/2014,ILM,NC,ASO,EN,Combined TRACON& Tower with Radar,18,29,26,29,102,0,0,27,5,32,18,29,53,34,134,13,12,25,159
03/12/2014,ILM,NC,ASO,EN,Combined TRACON& Tower with Radar,15,26,28,11,80,0,0,4,0,4,15,26,32,11,84,2,11,13,97
03/13/2014,ILM,NC,ASO,EN,Combined TRACON& Tower with Radar,15,27,35,6,83,0,1,18,0,19,15,28,53,6,102,18,6,24,126
03/14/2014,ILM,NC,ASO,EN,Combined TRACON& Tower with Radar,16,28,64,3,111,0,0,19,5,24,16,28,83,8,135,19,0,19,154
03/15/2014,ILM,NC,ASO,EN,Combined TRACON& Tower with Radar,14,33,22,0,69,0,2,38,4,44,14,35,60,4,113,0,0,0,113
03/16/2014,ILM,NC,ASO,EN,Combined TRACON& Tower with Radar,14,24,53,2,93,0,1,1,2,4,14,25,54,4,97,2,0,2,99
03/17/2014,ILM,NC,ASO,EN,Combined TRACON& Tower with Radar,11,20,45,6,82,0,0,0,0,0,11,20,45,6,82,0,0,0,82
03/18/2014,ILM,NC,ASO,EN,Combined TRACON& Tower with Radar,15,29,40,2,86,0,2,2,2,6,15,31,42,4,92,0,0,0,92
03/19/2014,ILM,NC,ASO,EN,Combined TRACON& Tower with Radar,14,28,47,18,107,0,0,0,0,0,14,28,47,18,107,0,0,0,107
03/20/2014,ILM,NC,ASO,EN,Combined TRACON& Tower with Radar,15,33,38,4,90,0,14,44,1,59,15,47,82,5,149,25,0,25,174
03/21/2014,ILM,NC,ASO,EN,Combined TRACON& Tower with Radar,15,38,44,9,106,0,2,40,0,42,15,40,84,9,148,28,2,30,178
03/22/2014,ILM,NC,ASO,EN,Combined TRACON& Tower with Radar,14,32,28,2,76,0,2,26,8,36,14,34,54,10,112,0,2,2,114
03/23/2014,ILM,NC,ASO,EN,Combined TRACON& Tower with Radar,17,27,47,3,94,0,2,11,0,13,17,29,58,3,107,18,0,18,125
03/24/2014,ILM,NC,ASO,EN,Combined TRACON& Tower with Radar,16,24,34,35,109,0,1,15,1,17,16,25,49,36,126,32,6,38,164
03/25/2014,ILM,NC,ASO,EN,Combined TRACON& Tower with Radar,17,21,28,2,68,0,2,4,2,8,17,23,32,4,76,0,0,0,76
03/26/2014,ILM,NC,ASO,EN,Combined TRACON& Tower with Radar,16,27,32,14,89,0,0,16,0,16,16,27,48,14,105,24,0,24,129
03/27/2014,ILM,NC,ASO,EN,Combined TRACON& Tower with Radar,16,34,51,11,112,0,2,19,6,27,16,36,70,17,139,20,0,20,159
03/28/2014,ILM,NC,ASO,EN,Combined TRACON& Tower with Radar,17,31,33,12,93,0,4,10,1,15,17,35,43,13,108,2,0,2,110
03/29/2014,ILM,NC,ASO,EN,Combined TRACON& Tower with Radar,14,29,28,0,71,0,0,0,0,0,14,29,28,0,71,0,0,0,71
03/30/2014,ILM,NC,ASO,EN,Combined TRACON& Tower with Radar,19,30,44,0,93,0,0,9,0,9,19,30,53,0,102,6,0,6,108
03/31/2014,ILM,NC,ASO,EN,Combined TRACON& Tower with Radar,13,30,39,30,112,0,0,21,0,21,13,30,60,30,133,10,0,10,143
04/01/2014,ILM,NC,ASO,EN,Combined TRACON& Tower with Radar,12,31,44,8,95,0,1,20,0,21,12,32,64,8,116,6,6,12,128
04/02/2014,ILM,NC,ASO,EN,Combined TRACON& Tower with Radar,13,33,52,4,102,0,0,22,0,22,13,33,74,4,124,6,0,6,130
04/03/2014,ILM,NC,ASO,EN,Combined TRACON& Tower with Radar,12,43,49,8,112,0,1,23,0,24,12,44,72,8,136,0,0,0,136
04/04/2014,ILM,NC,ASO,EN,Combined TRACON& Tower with Radar,14,36,53,54,157,0,0,13,3,16,14,36,66,57,173,0,22,22,195
04/05/2014,ILM,NC,ASO,EN,Combined TRACON& Tower with Radar,10,27,40,9,86,0,0,24,5,29,10,27,64,14,115,0,48,48,163
04/06/2014,ILM,NC,ASO,EN,Combined TRACON& Tower with Radar,16,25,48,4,93,0,3,13,0,16,16,28,61,4,109,0,0,0,109
04/07/2014,ILM,NC,ASO,EN,Combined TRACON& Tower with Radar,12,31,17,6,66,0,3,0,0,3,12,34,17,6,69,0,0,0,69
04/08/2014,ILM,NC,ASO,EN,Combined TRACON& Tower with Radar,12,29,44,16,101,0,3,4,10,17,12,32,48,26,118,0,0,0,118
04/09/2014,ILM,NC,ASO,EN,Combined TRACON& Tower with Radar,12,31,52,12,107,0,0,8,4,12,12,31,60,16,119,0,0,0,119
04/10/2014,ILM,NC,ASO,EN,Combined TRACON& Tower with Radar,12,38,60,46,156,0,0,42,1,43,12,38,102,47,199,2,0,2,201
04/11/2014,ILM,NC,ASO,EN,Combined TRACON& Tower with Radar,11,34,44,8,97,0,4,21,0,25,11,38,65,8,122,2,8,10,132
04/12/2014,ILM,NC,ASO,EN,Combined TRACON& Tower with Radar,9,35,42,8,94,0,0,39,2,41,9,35,81,10,135,6,0,6,141
04/13/2014,ILM,NC,ASO,EN,Combined TRACON& Tower with Radar,16,23,67,0,106,0,0,22,0,22,16,23,89,0,128,6,0,6,134
04/14/2014,ILM,NC,ASO,EN,Combined TRACON& Tower with Radar,12,32,36,14,94,0,0,10,3,13,12,32,46,17,107,8,0,8,115
04/15/2014,ILM,NC,ASO,EN,Combined TRACON& Tower with Radar,15,34,17,6,72,0,0,0,0,0,15,34,17,6,72,0,0,0,72
04/16/2014,ILM,NC,ASO,EN,Combined TRACON& Tower with Radar,14,32,44,18,108,0,0,16,1,17,14,32,60,19,125,0,0,0,125
04/17/2014,ILM,NC,ASO,EN,Combined TRACON& Tower with Radar,14,35,54,9,112,0,3,24,4,31,14,38,78,13,143,0,0,0,143
04/18/2014,ILM,NC,ASO,EN,Combined TRACON& Tower with Radar,14,37,59,3,113,0,0,10,0,10,14,37,69,3,123,6,6,12,135
04/19/2014,ILM,NC,ASO,EN,Combined TRACON& Tower with Radar,11,25,27,0,63,0,0,0,0,0,11,25,27,0,63,0,0,0,63
04/20/2014,ILM,NC,ASO,EN,Combined TRACON& Tower with Radar,17,28,32,0,77,0,0,2,0,2,17,28,34,0,79,0,0,0,79
04/21/2014,ILM,NC,ASO,EN,Combined TRACON& Tower with Radar,14,39,62,21,136,0,0,17,7,24,14,39,79,28,160,0,0,0,160
04/22/2014,ILM,NC,ASO,EN,Combined TRACON& Tower with Radar,14,30,39,16,99,0,1,12,5,18,14,31,51,21,117,8,22,30,147
04/23/2014,ILM,NC,ASO,EN,Combined TRACON& Tower with Radar,14,31,30,5,80,0,2,26,4,32,14,33,56,9,112,8,0,8,120
04/24/2014,ILM,NC,ASO,EN,Combined TRACON& Tower with Radar,14,43,54,4,115,0,0,23,6,29,14,43,77,10,144,8,0,8,152
04/25/2014,ILM,NC,ASO,EN,Combined TRACON& Tower with Radar,15,29,37,3,84,0,4,18,4,26,15,33,55,7,110,0,0,0,110
04/26/2014,ILM,NC,ASO,EN,Combined TRACON& Tower with Radar,10,28,49,9,96,0,0,42,6,48,10,28,91,15,144,26,0,26,170
04/27/2014,ILM,NC,ASO,EN,Combined TRACON& Tower with Radar,18,34,67,0,119,0,0,50,5,55,18,34,117,5,174,36,0,36,210
04/28/2014,ILM,NC,ASO,EN,Combined TRACON& Tower with Radar,12,31,33,24,100,0,2,13,0,15,12,33,46,24,115,6,0,6,121
04/29/2014,ILM,NC,ASO,EN,Combined TRACON& Tower with Radar,13,29,43,0,85,0,1,7,0,8,13,30,50,0,93,0,0,0,93
04/30/2014,ILM,NC,ASO,EN,Combined TRACON& Tower with Radar,14,23,21,7,65,0,0,1,1,2,14,23,22,8,67,0,24,24,91
05/01/2014,ILM,NC,ASO,EN,Combined TRACON& Tower with Radar,14,37,49,7,107,0,1,7,5,13,14,38,56,12,120,0,0,0,120
05/02/2014,ILM,NC,ASO,EN,Combined TRACON& Tower with Radar,16,32,56,0,104,0,0,19,0,19,16,32,75,0,123,12,4,16,139
05/03/2014,ILM,NC,ASO,EN,Combined TRACON& Tower with Radar,12,25,29,0,66,0,0,31,0,31,12,25,60,0,97,18,0,18,115
05/04/2014,ILM,NC,ASO,EN,Combined TRACON& Tower with Radar,14,29,61,0,104,0,1,36,0,37,14,30,97,0,141,24,0,24,165
05/05/2014,ILM,NC,ASO,EN,Combined TRACON& Tower with Radar,16,30,51,16,113,0,2,16,0,18,16,32,67,16,131,0,8,8,139
05/06/2014,ILM,NC,ASO,EN,Combined TRACON& Tower with Radar,16,25,35,9,85,0,1,25,0,26,16,26,60,9,111,4,0,4,115
05/07/2014,ILM,NC,ASO,EN,Combined TRACON& Tower with Radar,16,28,44,12,100,0,0,21,2,23,16,28,65,14,123,40,6,46,169
05/08/2014,ILM,NC,ASO,EN,Combined TRACON& Tower with Radar,16,32,61,22,131,0,0,13,4,17,16,32,74,26,148,0,16,16,164
05/09/2014,ILM,NC,ASO,EN,Combined TRACON& Tower with Radar,16,44,52,20,132,0,3,38,1,42,16,47,90,21,174,14,0,14,188
05/10/2014,ILM,NC,ASO,EN,Combined TRACON& Tower with Radar,15,26,31,3,75,0,4,26,1,31,15,30,57,4,106,10,0,10,116
05/11/2014,ILM,NC,ASO,EN,Combined TRACON& Tower with Radar,16,33,54,1,104,0,0,15,1,16,16,33,69,2,120,56,0,56,176
05/12/2014,ILM,NC,ASO,EN,Combined TRACON& Tower with Radar,14,28,43,10,95,0,0,15,0,15,14,28,58,10,110,26,0,26,136
05/13/2014,ILM,NC,ASO,EN,Combined TRACON& Tower with Radar,16,24,42,13,95,0,0,27,6,33,16,24,69,19,128,11,0,11,139
05/14/2014,ILM,NC,ASO,EN,Combined TRACON& Tower with Radar,16,23,49,20,108,0,1,16,2,19,16,24,65,22,127,0,0,0,127
05/15/2014,ILM,NC,ASO,EN,Combined TRACON& Tower with Radar,16,34,46,31,127,0,0,1,7,8,16,34,47,38,135,1,30,31,166
05/16/2014,ILM,NC,ASO,EN,Combined TRACON& Tower with Radar,16,30,52,10,108,0,1,18,10,29,16,31,70,20,137,56,2,58,195
05/17/2014,ILM,NC,ASO,EN,Combined TRACON& Tower with Radar,16,26,31,7,80,0,0,24,7,31,16,26,55,14,111,0,0,0,111
05/18/2014,ILM,NC,ASO,EN,Combined TRACON& Tower with Radar,17,34,41,12,104,0,1,32,4,37,17,35,73,16,141,26,0,26,167
05/19/2014,ILM,NC,ASO,EN,Combined TRACON& Tower with Radar,15,29,67,14,125,0,1,12,6,19,15,30,79,20,144,12,6,18,162
05/20/2014,ILM,NC,ASO,EN,Combined TRACON& Tower with Radar,18,29,33,16,96,0,1,15,2,18,18,30,48,18,114,4,8,12,126
05/21/2014,ILM,NC,ASO,EN,Combined TRACON& Tower with Radar,16,32,31,3,82,0,0,11,0,11,16,32,42,3,93,4,0,4,97
05/22/2014,ILM,NC,ASO,EN,Combined TRACON& Tower with Radar,17,35,54,1,107,0,3,9,3,15,17,38,63,4,122,0,6,6,128
05/23/2014,ILM,NC,ASO,EN,Combined TRACON& Tower with Radar,18,36,69,15,138,0,2,25,4,31,18,38,94,19,169,0,0,0,169
05/24/2014,ILM,NC,ASO,EN,Combined TRACON& Tower with Radar,10,32,30,2,74,0,2,37,2,41,10,34,67,4,115,39,0,39,154
05/25/2014,ILM,NC,ASO,EN,Combined TRACON& Tower with Radar,15,24,32,1,72,0,2,30,2,34,15,26,62,3,106,30,0,30,136
05/26/2014,ILM,NC,ASO,EN,Combined TRACON& Tower with Radar,15,38,60,0,113,0,0,29,0,29,15,38,89,0,142,30,0,30,172
05/27/2014,ILM,NC,ASO,EN,Combined TRACON& Tower with Radar,16,29,32,8,85,0,0,13,3,16,16,29,45,11,101,0,0,0,101
05/28/2014,ILM,NC,ASO,EN,Combined TRACON& Tower with Radar,16,33,44,6,99,0,1,5,3,9,16,34,49,9,108,0,0,0,108
05/29/2014,ILM,NC,ASO,EN,Combined TRACON& Tower with Radar,16,29,36,15,96,0,0,12,0,12,16,29,48,15,108,0,0,0,108
05/30/2014,ILM,NC,ASO,EN,Combined TRACON& Tower with Radar,15,36,37,11,99,0,1,15,15,31,15,37,52,26,130,3,0,3,133
05/31/2014,ILM,NC,ASO,EN,Combined TRACON& Tower with Radar,14,31,32,4,81,0,1,23,2,26,14,32,55,6,107,5,20,25,132
06/01/2014,ILM,NC,ASO,EN,Combined TRACON& Tower with Radar,19,23,49,0,91,0,2,36,6,44,19,25,85,6,135,24,8,32,167
06/02/2014,ILM,NC,ASO,EN,Combined TRACON& Tower with Radar,16,28,36,10,90,0,3,25,3,31,16,31,61,13,121,0,0,0,121
06/03/2014,ILM,NC,ASO,EN,Combined TRACON& Tower with Radar,16,33,38,41,128,0,9,12,2,23,16,42,50,43,151,4,0,4,155
06/04/2014,ILM,NC,ASO,EN,Combined TRACON& Tower with Radar,17,27,41,22,107,0,1,14,8,23,17,28,55,30,130,0,0,0,130
06/05/2014,ILM,NC,ASO,EN,Combined TRACON& Tower with Radar,15,36,47,23,121,0,2,7,0,9,15,38,54,23,130,0,0,0,130
06/06/2014,ILM,NC,ASO,EN,Combined TRACON& Tower with Radar,15,35,38,6,94,0,0,9,7,16,15,35,47,13,110,24,0,24,134
06/07/2014,ILM,NC,ASO,EN,Combined TRACON& Tower with Radar,14,35,28,2,79,0,2,24,11,37,14,37,52,13,116,0,0,0,116
06/08/2014,ILM,NC,ASO,EN,Combined TRACON& Tower with Radar,17,31,37,0,85,0,0,18,0,18,17,31,55,0,103,24,0,24,127
06/09/2014,ILM,NC,ASO,EN,Combined TRACON& Tower with Radar,16,31,50,5,102,0,0,3,1,4,16,31,53,6,106,0,0,0,106
06/10/2014,ILM,NC,ASO,EN,Combined TRACON& Tower with Radar,14,36,31,14,95,0,1,24,4,29,14,37,55,18,124,0,0,0,124
06/11/2014,ILM,NC,ASO,EN,Combined TRACON& Tower with Radar,12,33,39,21,105,0,8,8,5,21,12,41,47,26,126,18,0,18,144
06/12/2014,ILM,NC,ASO,EN,Combined TRACON& Tower with Radar,14,31,39,14,98,0,1,4,1,6,14,32,43,15,104,2,0,2,106
06/13/2014,ILM,NC,ASO,EN,Combined TRACON& Tower with Radar,14,40,42,62,158,0,0,4,15,19,14,40,46,77,177,0,8,8,185
06/14/2014,ILM,NC,ASO,EN,Combined TRACON& Tower with Radar,12,36,30,15,93,0,0,21,6,27,12,36,51,21,120,28,0,28,148
06/15/2014,ILM,NC,ASO,EN,Combined TRACON& Tower with Radar,18,43,51,5,117,0,0,13,1,14,18,43,64,6,131,13,0,13,144
06/16/2014,ILM,NC,ASO,EN,Combined TRACON& Tower with Radar,16,35,63,6,120,0,1,26,1,28,16,36,89,7,148,0,0,0,148
06/17/2014,ILM,NC,ASO,EN,Combined TRACON& Tower with Radar,16,32,30,6,84,0,2,16,2,20,16,34,46,8,104,22,0,22,126
06/18/2014,ILM,NC,ASO,EN,Combined TRACON& Tower with Radar,19,44,48,33,144,0,1,18,2,21,19,45,66,35,165,0,0,0,165
06/19/2014,ILM,NC,ASO,EN,Combined TRACON& Tower with Radar,16,30,59,14,119,0,0,19,0,19,16,30,78,14,138,28,0,28,166
06/20/2014,ILM,NC,ASO,EN,Combined TRACON& Tower with Radar,15,37,51,4,107,0,2,22,3,27,15,39,73,7,134,58,0,58,192
06/21/2014,ILM,NC,ASO,EN,Combined TRACON& Tower with Radar,13,32,34,11,90,0,1,15,6,22,13,33,49,17,112,10,2,12,124
06/22/2014,ILM,NC,ASO,EN,Combined TRACON& Tower with Radar,18,25,40,5,88,0,0,19,2,21,18,25,59,7,109,0,0,0,109
06/23/2014,ILM,NC,ASO,EN,Combined TRACON& Tower with Radar,17,29,38,13,97,0,0,17,2,19,17,29,55,15,116,0,0,0,116
06/24/2014,ILM,NC,ASO,EN,Combined TRACON& Tower with Radar,16,29,27,20,92,0,2,9,1,12,16,31,36,21,104,0,4,4,108
06/25/2014,ILM,NC,ASO,EN,Combined TRACON& Tower with Radar,15,28,39,37,119,0,0,7,5,12,15,28,46,42,131,0,12,12,143
06/26/2014,ILM,NC,ASO,EN,Combined TRACON& Tower with Radar,16,29,37,19,101,0,0,20,7,27,16,29,57,26,128,0,0,0,128
06/27/2014,ILM,NC,ASO,EN,Combined TRACON& Tower with Radar,18,38,33,15,104,0,0,11,0,11,18,38,44,15,115,0,0,0,115
06/28/2014,ILM,NC,ASO,EN,Combined TRACON& Tower with Radar,14,33,40,1,88,0,0,7,0,7,14,33,47,1,95,38,0,38,133
06/29/2014,ILM,NC,ASO,EN,Combined TRACON& Tower with Radar,21,38,40,4,103,0,4,43,3,50,21,42,83,7,153,14,0,14,167
06/30/2014,ILM,NC,ASO,EN,Combined TRACON& Tower with Radar,14,28,48,20,110,0,5,23,8,36,14,33,71,28,146,28,6,34,180
07/01/2014,ILM,NC,ASO,EN,Combined TRACON& Tower with Radar,17,33,51,21,122,0,2,14,7,23,17,35,65,28,145,4,16,20,165
07/02/2014,ILM,NC,ASO,EN,Combined TRACON& Tower with Radar,18,28,37,13,96,0,1,20,4,25,18,29,57,17,121,16,0,16,137
07/03/2014,ILM,NC,ASO,EN,Combined TRACON& Tower with Radar,9,20,15,2,46,0,1,2,1,4,9,21,17,3,50,0,0,0,50
07/04/2014,ILM,NC,ASO,EN,Combined TRACON& Tower with Radar,14,24,17,1,56,0,2,17,1,20,14,26,34,2,76,10,0,10,86
07/05/2014,ILM,NC,ASO,EN,Combined TRACON& Tower with Radar,14,42,28,0,84,0,1,28,0,29,14,43,56,0,113,0,0,0,113
07/06/2014,ILM,NC,ASO,EN,Combined TRACON& Tower with Radar,23,38,36,0,97,0,0,16,0,16,23,38,52,0,113,8,0,8,121
07/07/2014,ILM,NC,ASO,EN,Combined TRACON& Tower with Radar,19,22,44,2,87,0,1,9,2,12,19,23,53,4,99,0,4,4,103
07/08/2014,ILM,NC,ASO,EN,Combined TRACON& Tower with Radar,20,26,45,14,105,0,2,9,14,25,20,28,54,28,130,0,12,12,142
07/09/2014,ILM,NC,ASO,EN,Combined TRACON& Tower with Radar,20,31,40,30,121,0,8,16,10,34,20,39,56,40,155,0,30,30,185
07/10/2014,ILM,NC,ASO,EN,Combined TRACON& Tower with Radar,19,24,36,3,82,0,0,2,3,5,19,24,38,6,87,1,10,11,98
07/11/2014,ILM,NC,ASO,EN,Combined TRACON& Tower with Radar,18,25,49,27,119,0,2,8,0,10,18,27,57,27,129,1,0,1,130
07/12/2014,ILM,NC,ASO,EN,Combined TRACON& Tower with Radar,14,34,30,4,82,0,2,15,4,21,14,36,45,8,103,0,0,0,103
07/13/2014,ILM,NC,ASO,EN,Combined TRACON& Tower with Radar,22,23,43,4,92,0,0,20,0,20,22,23,63,4,112,3,0,3,115
07/14/2014,ILM,NC,ASO,EN,Combined TRACON& Tower with Radar,22,25,52,18,117,0,1,12,3,16,22,26,64,21,133,0,0,0,133
07/15/2014,ILM,NC,ASO,EN,Combined TRACON& Tower with Radar,22,26,32,1,81,0,1,2,3,6,22,27,34,4,87,0,0,0,87
07/16/2014,ILM,NC,ASO,EN,Combined TRACON& Tower with Radar,17,30,38,13,98,0,0,7,5,12,17,30,45,18,110,0,0,0,110
07/17/2014,ILM,NC,ASO,EN,Combined TRACON& Tower with Radar,20,34,49,6,109,0,0,8,6,14,20,34,57,12,123,0,0,0,123
07/18/2014,ILM,NC,ASO,EN,Combined TRACON& Tower with Radar,20,28,45,12,105,0,5,32,0,37,20,33,77,12,142,26,8,34,176
07/19/2014,ILM,NC,ASO,EN,Combined TRACON& Tower with Radar,14,34,31,20,99,0,0,13,6,19,14,34,44,26,118,18,2,20,138
07/20/2014,ILM,NC,ASO,EN,Combined TRACON& Tower with Radar,24,25,33,4,86,0,0,20,1,21,24,25,53,5,107,0,0,0,107
07/21/2014,ILM,NC,ASO,EN,Combined TRACON& Tower with Radar,18,18,34,8,78,0,2,8,0,10,18,20,42,8,88,12,10,22,110
07/22/2014,ILM,NC,ASO,EN,Combined TRACON& Tower with Radar,20,25,30,21,96,0,0,5,1,6,20,25,35,22,102,32,0,32,134
07/23/2014,ILM,NC,ASO,EN,Combined TRACON& Tower with Radar,19,27,57,2,105,0,3,22,3,28,19,30,79,5,133,8,0,8,141
07/24/2014,ILM,NC,ASO,EN,Combined TRACON& Tower with Radar,16,27,44,2,89,0,4,11,4,19,16,31,55,6,108,14,0,14,122
07/25/2014,ILM,NC,ASO,EN,Combined TRACON& Tower with Radar,23,33,44,18,118,0,0,10,2,12,23,33,54,20,130,14,0,14,144
07/26/2014,ILM,NC,ASO,EN,Combined TRACON& Tower with Radar,14,31,30,10,85,0,2,21,5,28,14,33,51,15,113,0,0,0,113
07/27/2014,ILM,NC,ASO,EN,Combined TRACON& Tower with Radar,24,28,35,1,88,0,0,21,3,24,24,28,56,4,112,4,0,4,116
07/28/2014,ILM,NC,ASO,EN,Combined TRACON& Tower with Radar,19,20,38,3,80,0,0,7,1,8,19,20,45,4,88,0,0,0,88
07/29/2014,ILM,NC,ASO,EN,Combined TRACON& Tower with Radar,20,28,42,11,101,0,4,21,3,28,20,32,63,14,129,0,0,0,129
07/30/2014,ILM,NC,ASO,EN,Combined TRACON& Tower with Radar,19,23,44,21,107,0,0,34,27,61,19,23,78,48,168,0,0,0,168
07/31/2014,ILM,NC,ASO,EN,Combined TRACON& Tower with Radar,22,30,48,0,100,0,0,17,3,20,22,30,65,3,120,0,0,0,120
08/01/2014,ILM,NC,ASO,EN,Combined TRACON& Tower with Radar,21,32,37,16,106,0,0,1,0,1,21,32,38,16,107,0,0,0,107
08/02/2014,ILM,NC,ASO,EN,Combined TRACON& Tower with Radar,13,38,20,0,71,0,0,5,2,7,13,38,25,2,78,4,0,4,82
08/03/2014,ILM,NC,ASO,EN,Combined TRACON& Tower with Radar,20,25,21,2,68,0,0,0,0,0,20,25,21,2,68,0,0,0,68
08/04/2014,ILM,NC,ASO,EN,Combined TRACON& Tower with Radar,20,26,32,10,88,0,0,0,1,1,20,26,32,11,89,0,0,0,89
08/05/2014,ILM,NC,ASO,EN,Combined TRACON& Tower with Radar,20,28,46,13,107,0,0,7,0,7,20,28,53,13,114,0,58,58,172
08/06/2014,ILM,NC,ASO,EN,Combined TRACON& Tower with Radar,15,27,42,10,94,0,4,18,0,22,15,31,60,10,116,44,10,54,170
08/07/2014,ILM,NC,ASO,EN,Combined TRACON& Tower with Radar,20,29,53,0,102,0,2,15,0,17,20,31,68,0,119,37,0,37,156
08/08/2014,ILM,NC,ASO,EN,Combined TRACON& Tower with Radar,17,24,49,14,104,0,1,24,6,31,17,25,73,20,135,18,0,18,153
08/09/2014,ILM,NC,ASO,EN,Combined TRACON& Tower with Radar,12,37,27,2,78,0,2,4,0,6,12,39,31,2,84,38,0,38,122
08/10/2014,ILM,NC,ASO,EN,Combined TRACON& Tower with Radar,23,29,32,2,86,0,1,5,0,6,23,30,37,2,92,0,0,0,92
08/11/2014,ILM,NC,ASO,EN,Combined TRACON& Tower with Radar,20,20,43,13,96,0,2,1,0,3,20,22,44,13,99,0,0,0,99
08/12/2014,ILM,NC,ASO,EN,Combined TRACON& Tower with Radar,20,25,41,5,91,0,2,14,3,19,20,27,55,8,110,0,0,0,110
08/13/2014,ILM,NC,ASO,EN,Combined TRACON& Tower with Radar,20,24,56,16,116,0,2,18,1,21,20,26,74,17,137,24,0,24,161
08/14/2014,ILM,NC,ASO,EN,Combined TRACON& Tower with Radar,20,26,64,26,136,0,1,21,5,27,20,27,85,31,163,64,12,76,239
08/15/2014,ILM,NC,ASO,EN,Combined TRACON& Tower with Radar,18,27,57,4,106,0,0,22,0,22,18,27,79,4,128,26,2,28,156
08/16/2014,ILM,NC,ASO,EN,Combined TRACON& Tower with Radar,14,38,30,2,84,0,1,23,0,24,14,39,53,2,108,10,0,10,118
08/17/2014,ILM,NC,ASO,EN,Combined TRACON& Tower with Radar,23,32,54,1,110,0,1,25,1,27,23,33,79,2,137,12,0,12,149
08/18/2014,ILM,NC,ASO,EN,Combined TRACON& Tower with Radar,19,30,35,13,97,0,1,5,2,8,19,31,40,15,105,16,8,24,129
08/19/2014,ILM,NC,ASO,EN,Combined TRACON& Tower with Radar,17,27,35,9,88,0,0,10,1,11,17,27,45,10,99,4,6,10,109
08/20/2014,ILM,NC,ASO,EN,Combined TRACON& Tower with Radar,15,27,46,16,104,0,0,13,0,13,15,27,59,16,117,21,0,21,138
08/21/2014,ILM,NC,ASO,EN,Combined TRACON& Tower with Radar,16,28,51,9,104,0,0,13,3,16,16,28,64,12,120,0,0,0,120
08/22/2014,ILM,NC,ASO,EN,Combined TRACON& Tower with Radar,19,31,29,8,87,0,1,11,3,15,19,32,40,11,102,0,0,0,102
08/23/2014,ILM,NC,ASO,EN,Combined TRACON& Tower with Radar,10,41,37,8,96,0,1,20,2,23,10,42,57,10,119,0,0,0,119
08/24/2014,ILM,NC,ASO,EN,Combined TRACON& Tower with Radar,23,24,32,0,79,0,2,32,2,36,23,26,64,2,115,28,0,28,143
08/25/2014,ILM,NC,ASO,EN,Combined TRACON& Tower with Radar,17,27,38,9,91,0,3,29,1,33,17,30,67,10,124,0,0,0,124
08/26/2014,ILM,NC,ASO,EN,Combined TRACON& Tower with Radar,17,35,48,5,105,0,1,28,4,33,17,36,76,9,138,6,0,6,144
08/27/2014,ILM,NC,ASO,EN,Combined TRACON& Tower with Radar,18,40,47,30,135,0,0,39,1,40,18,40,86,31,175,0,0,0,175
08/28/2014,ILM,NC,ASO,EN,Combined TRACON& Tower with Radar,17,30,48,13,108,0,2,26,5,33,17,32,74,18,141,16,0,16,157
08/29/2014,ILM,NC,ASO,EN,Combined TRACON& Tower with Radar,17,32,60,11,120,0,4,16,7,27,17,36,76,18,147,0,0,0,147
08/30/2014,ILM,NC,ASO,EN,Combined TRACON& Tower with Radar,12,31,32,1,76,0,0,14,2,16,12,31,46,3,92,18,0,18,110
08/31/2014,ILM,NC,ASO,EN,Combined TRACON& Tower with Radar,14,21,26,0,61,0,1,25,0,26,14,22,51,0,87,14,0,14,101
09/01/2014,ILM,NC,ASO,EN,Combined TRACON& Tower with Radar,19,26,58,0,103,0,0,23,0,23,19,26,81,0,126,3,0,3,129
09/02/2014,ILM,NC,ASO,EN,Combined TRACON& Tower with Radar,16,26,38,4,84,0,2,13,1,16,16,28,51,5,100,0,0,0,100
09/03/2014,ILM,NC,ASO,EN,Combined TRACON& Tower with Radar,16,33,52,43,144,0,0,8,3,11,16,33,60,46,155,18,0,18,173
09/04/2014,ILM,NC,ASO,EN,Combined TRACON& Tower with Radar,16,29,65,23,133,0,2,10,2,14,16,31,75,25,147,8,22,30,177
09/05/2014,ILM,NC,ASO,EN,Combined TRACON& Tower with Radar,16,26,62,17,121,0,1,12,5,18,16,27,74,22,139,0,12,12,151
09/06/2014,ILM,NC,ASO,EN,Combined TRACON& Tower with Radar,13,31,24,31,99,0,0,5,5,10,13,31,29,36,109,0,0,0,109
09/07/2014,ILM,NC,ASO,EN,Combined TRACON& Tower with Radar,17,22,39,1,79,0,0,8,0,8,17,22,47,1,87,43,0,43,130
09/08/2014,ILM,NC,ASO,EN,Combined TRACON& Tower with Radar,16,27,20,4,67,0,0,0,2,2,16,27,20,6,69,0,0,0,69
09/09/2014,ILM,NC,ASO,EN,Combined TRACON& Tower with Radar,15,28,39,30,112,0,2,1,0,3,15,30,40,30,115,0,0,0,115
09/10/2014,ILM,NC,ASO,EN,Combined TRACON& Tower with Radar,16,36,48,18,118,0,1,41,4,46,16,37,89,22,164,40,8,48,212
09/11/2014,ILM,NC,ASO,EN,Combined TRACON& Tower with Radar,16,33,43,17,109,0,4,20,8,32,16,37,63,25,141,0,0,0,141
09/12/2014,ILM,NC,ASO,EN,Combined TRACON& Tower with Radar,16,34,41,3,94,0,0,3,3,6,16,34,44,6,100,12,0,12,112
09/13/2014,ILM,NC,ASO,EN,Combined TRACON& Tower with Radar,13,46,20,6,85,0,0,17,0,17,13,46,37,6,102,8,0,8,110
09/14/2014,ILM,NC,ASO,EN,Combined TRACON& Tower with Radar,19,26,54,0,99,0,0,23,0,23,19,26,77,0,122,0,0,0,122
09/15/2014,ILM,NC,ASO,EN,Combined TRACON& Tower with Radar,16,22,33,6,77,0,0,13,0,13,16,22,46,6,90,0,0,0,90
09/16/2014,ILM,NC,ASO,EN,Combined TRACON& Tower with Radar,15,26,32,30,103,0,1,11,1,13,15,27,43,31,116,0,0,0,116
09/17/2014,ILM,NC,ASO,EN,Combined TRACON& Tower with Radar,14,28,49,9,100,0,1,10,0,11,14,29,59,9,111,0,0,0,111
09/18/2014,ILM,NC,ASO,EN,Combined TRACON& Tower with Radar,16,22,42,12,92,0,2,8,2,12,16,24,50,14,104,6,0,6,110
09/19/2014,ILM,NC,ASO,EN,Combined TRACON& Tower with Radar,16,23,40,23,102,0,3,12,0,15,16,26,52,23,117,0,0,0,117
09/20/2014,ILM,NC,ASO,EN,Combined TRACON& Tower with Radar,13,28,29,0,70,0,2,13,0,15,13,30,42,0,85,48,0,48,133
09/21/2014,ILM,NC,ASO,EN,Combined TRACON& Tower with Radar,19,28,31,6,84,0,0,51,0,51,19,28,82,6,135,16,0,16,151
09/22/2014,ILM,NC,ASO,EN,Combined TRACON& Tower with Radar,16,22,32,5,75,0,0,9,3,12,16,22,41,8,87,10,10,20,107
09/23/2014,ILM,NC,ASO,EN,Combined TRACON& Tower with Radar,17,27,16,6,66,0,0,4,0,4,17,27,20,6,70,0,0,0,70
09/24/2014,ILM,NC,ASO,EN,Combined TRACON& Tower with Radar,16,28,29,6,79,0,0,0,0,0,16,28,29,6,79,0,0,0,79
09/25/2014,ILM,NC,ASO,EN,Combined TRACON& Tower with Radar,16,29,35,12,92,0,0,0,0,0,16,29,35,12,92,0,0,0,92
09/26/2014,ILM,NC,ASO,EN,Combined TRACON& Tower with Radar,20,21,38,6,85,0,0,1,0,1,20,21,39,6,86,0,0,0,86
09/27/2014,ILM,NC,ASO,EN,Combined TRACON& Tower with Radar,13,29,28,0,70,0,0,27,0,27,13,29,55,0,97,18,0,18,115
09/28/2014,ILM,NC,ASO,EN,Combined TRACON& Tower with Radar,21,25,35,1,82,0,1,24,0,25,21,26,59,1,107,24,0,24,131
09/29/2014,ILM,NC,ASO,EN,Combined TRACON& Tower with Radar,16,23,34,0,73,0,0,11,1,12,16,23,45,1,85,12,0,12,97
09/30/2014,ILM,NC,ASO,EN,Combined TRACON& Tower with Radar,15,22,36,20,93,0,1,11,0,12,15,23,47,20,105,0,16,16,121
10/01/2014,ILM,NC,ASO,EN,Combined TRACON& Tower with Radar,20,24,34,43,121,0,1,26,3,30,20,25,60,46,151,26,48,74,225
10/02/2014,ILM,NC,ASO,EN,Combined TRACON& Tower with Radar,19,25,38,11,93,0,1,19,1,21,19,26,57,12,114,26,0,26,140
10/03/2014,ILM,NC,ASO,EN,Combined TRACON& Tower with Radar,15,28,47,9,99,0,0,9,0,9,15,28,56,9,108,6,4,10,118
10/04/2014,ILM,NC,ASO,EN,Combined TRACON& Tower with Radar,15,33,25,4,77,0,0,23,1,24,15,33,48,5,101,0,0,0,101
10/05/2014,ILM,NC,ASO,EN,Combined TRACON& Tower with Radar,21,23,57,0,101,0,4,54,0,58,21,27,111,0,159,0,0,0,159
10/06/2014,ILM,NC,ASO,EN,Combined TRACON& Tower with Radar,19,20,29,15,83,0,0,16,0,16,19,20,45,15,99,8,0,8,107
10/07/2014,ILM,NC,ASO,EN,Combined TRACON& Tower with Radar,20,22,32,30,104,0,2,7,6,15,20,24,39,36,119,0,8,8,127
10/08/2014,ILM,NC,ASO,EN,Combined TRACON& Tower with Radar,21,23,60,20,124,0,1,21,6,28,21,24,81,26,152,8,0,8,160
10/09/2014,ILM,NC,ASO,EN,Combined TRACON& Tower with Radar,20,26,47,7,100,0,0,20,3,23,20,26,67,10,123,8,0,8,131
10/10/2014,ILM,NC,ASO,EN,Combined TRACON& Tower with Radar,17,29,47,12,105,0,0,19,3,22,17,29,66,15,127,16,12,28,155
10/11/2014,ILM,NC,ASO,EN,Combined TRACON& Tower with Radar,17,27,36,2,82,0,2,25,2,29,17,29,61,4,111,0,0,0,111
10/12/2014,ILM,NC,ASO,EN,Combined TRACON& Tower with Radar,22,20,29,0,71,0,0,5,0,5,22,20,34,0,76,4,0,4,80
10/13/2014,ILM,NC,ASO,EN,Combined TRACON& Tower with Radar,17,22,40,2,81,0,0,17,0,17,17,22,57,2,98,0,0,0,98
10/14/2014,ILM,NC,ASO,EN,Combined TRACON& Tower with Radar,16,19,22,5,62,0,0,11,0,11,16,19,33,5,73,12,0,12,85
10/15/2014,ILM,NC,ASO,EN,Combined TRACON& Tower with Radar,16,24,34,6,80,0,0,1,0,1,16,24,35,6,81,0,0,0,81
10/16/2014,ILM,NC,ASO,EN,Combined TRACON& Tower with Radar,16,26,43,18,103,0,2,19,0,21,16,28,62,18,124,8,14,22,146
10/17/2014,ILM,NC,ASO,EN,Combined TRACON& Tower with Radar,16,32,51,29,128,0,0,27,13,40,16,32,78,42,168,0,0,0,168
10/18/2014,ILM,NC,ASO,EN,Combined TRACON& Tower with Radar,15,28,26,8,77,0,1,28,2,31,15,29,54,10,108,24,0,24,132
10/19/2014,ILM,NC,ASO,EN,Combined TRACON& Tower with Radar,19,24,54,0,97,0,0,39,0,39,19,24,93,0,136,0,0,0,136
10/20/2014,ILM,NC,ASO,EN,Combined TRACON& Tower with Radar,16,23,37,13,89,0,3,17,4,24,16,26,54,17,113,1,0,1,114
10/21/2014,ILM,NC,ASO,EN,Combined TRACON& Tower with Radar,16,25,24,12,77,0,1,13,0,14,16,26,37,12,91,0,0,0,91
10/22/2014,ILM,NC,ASO,EN,Combined TRACON& Tower with Radar,16,23,42,21,102,0,1,17,1,19,16,24,59,22,121,0,0,0,121
10/23/2014,ILM,NC,ASO,EN,Combined TRACON& Tower with Radar,16,27,53,22,118,0,4,17,5,26,16,31,70,27,144,6,18,24,168
10/24/2014,ILM,NC,ASO,EN,Combined TRACON& Tower with Radar,18,29,58,35,140,0,5,21,8,34,18,34,79,43,174,0,12,12,186
10/25/2014,ILM,NC,ASO,EN,Combined TRACON& Tower with Radar,15,32,41,17,105,0,3,27,11,41,15,35,68,28,146,30,26,56,202
10/26/2014,ILM,NC,ASO,EN,Combined TRACON& Tower with Radar,17,31,48,1,97,0,0,36,6,42,17,31,84,7,139,18,0,18,157
10/27/2014,ILM,NC,ASO,EN,Combined TRACON& Tower with Radar,16,30,41,26,113,0,0,16,4,20,16,30,57,30,133,14,10,24,157
10/28/2014,ILM,NC,ASO,EN,Combined TRACON& Tower with Radar,17,24,35,8,84,0,0,16,4,20,17,24,51,12,104,0,12,12,116
10/29/2014,ILM,NC,ASO,EN,Combined TRACON& Tower with Radar,17,26,48,7,98,0,0,6,0,6,17,26,54,7,104,18,22,40,144
10/30/2014,ILM,NC,ASO,EN,Combined TRACON& Tower with Radar,16,32,41,19,108,0,1,16,10,27,16,33,57,29,135,4,18,22,157
10/31/2014,ILM,NC,ASO,EN,Combined TRACON& Tower with Radar,17,23,42,4,86,0,0,16,8,24,17,23,58,12,110,0,0,0,110
11/01/2014,ILM,NC,ASO,EN,Combined TRACON& Tower with Radar,16,22,29,2,69,0,1,1,2,4,16,23,30,4,73,12,6,18,91
11/02/2014,ILM,NC,ASO,EN,Combined TRACON& Tower with Radar,19,23,39,0,81,0,0,17,0,17,19,23,56,0,98,0,0,0,98
11/03/2014,ILM,NC,ASO,EN,Combined TRACON& Tower with Radar,16,25,27,25,93,0,2,8,2,12,16,27,35,27,105,0,0,0,105
11/04/2014,ILM,NC,ASO,EN,Combined TRACON& Tower with Radar,16,31,49,23,119,0,1,10,5,16,16,32,59,28,135,22,8,30,165
11/05/2014,ILM,NC,ASO,EN,Combined TRACON& Tower with Radar,16,33,38,22,109,0,0,14,0,14,16,33,52,22,123,30,0,30,153
11/06/2014,ILM,NC,ASO,EN,Combined TRACON& Tower with Radar,19,31,41,61,152,0,0,11,1,12,19,31,52,62,164,8,40,48,212
11/07/2014,ILM,NC,ASO,EN,Combined TRACON& Tower with Radar,16,29,29,12,86,0,0,25,21,46,16,29,54,33,132,12,0,12,144
11/08/2014,ILM,NC,ASO,EN,Combined TRACON& Tower with Radar,14,26,23,3,66,0,1,37,1,39,14,27,60,4,105,22,0,22,127
11/09/2014,ILM,NC,ASO,EN,Combined TRACON& Tower with Radar,19,28,48,1,96,0,0,20,2,22,19,28,68,3,118,32,0,32,150
11/10/2014,ILM,NC,ASO,EN,Combined TRACON& Tower with Radar,15,20,38,8,81,0,0,15,2,17,15,20,53,10,98,0,8,8,106
11/11/2014,ILM,NC,ASO,EN,Combined TRACON& Tower with Radar,16,30,34,0,80,0,0,4,0,4,16,30,38,0,84,0,0,0,84
11/12/2014,ILM,NC,ASO,EN,Combined TRACON& Tower with Radar,18,26,51,5,100,0,2,23,2,27,18,28,74,7,127,12,0,12,139
11/13/2014,ILM,NC,ASO,EN,Combined TRACON& Tower with Radar,16,26,34,22,98,0,0,7,4,11,16,26,41,26,109,0,0,0,109
11/14/2014,ILM,NC,ASO,EN,Combined TRACON& Tower with Radar,16,26,29,8,79,0,0,4,1,5,16,26,33,9,84,0,0,0,84
11/15/2014,ILM,NC,ASO,EN,Combined TRACON& Tower with Radar,14,26,40,0,80,0,0,35,0,35,14,26,75,0,115,54,2,56,171
11/16/2014,ILM,NC,ASO,EN,Combined TRACON& Tower with Radar,19,21,28,0,68,0,0,18,0,18,19,21,46,0,86,20,0,20,106
11/17/2014,ILM,NC,ASO,EN,Combined TRACON& Tower with Radar,17,21,32,8,78,0,0,1,0,1,17,21,33,8,79,10,0,10,89
11/18/2014,ILM,NC,ASO,EN,Combined TRACON& Tower with Radar,14,26,35,14,89,0,2,18,0,20,14,28,53,14,109,0,0,0,109
11/19/2014,ILM,NC,ASO,EN,Combined TRACON& Tower with Radar,16,31,36,18,101,0,2,25,3,30,16,33,61,21,131,0,30,30,161
11/20/2014,ILM,NC,ASO,EN,Combined TRACON& Tower with Radar,16,30,56,25,127,0,3,14,1,18,16,33,70,26,145,0,10,10,155
11/21/2014,ILM,NC,ASO,EN,Combined TRACON& Tower with Radar,17,32,64,26,139,0,1,15,9,25,17,33,79,35,164,8,0,8,172
11/22/2014,ILM,NC,ASO,EN,Combined TRACON& Tower with Radar,14,28,37,13,92,0,4,60,10,74,14,32,97,23,166,0,0,0,166
11/23/2014,ILM,NC,ASO,EN,Combined TRACON& Tower with Radar,19,25,30,19,93,0,0,0,4,4,19,25,30,23,97,0,0,0,97
11/24/2014,ILM,NC,ASO,EN,Combined TRACON& Tower with Radar,16,23,28,11,78,0,0,0,2,2,16,23,28,13,80,0,0,0,80
11/25/2014,ILM,NC,ASO,EN,Combined TRACON& Tower with Radar,18,35,49,16,118,0,0,0,0,0,18,35,49,16,118,0,16,16,134
11/26/2014,ILM,NC,ASO,EN,Combined TRACON& Tower with Radar,16,43,33,0,92,0,0,0,0,0,16,43,33,0,92,0,0,0,92
11/27/2014,ILM,NC,ASO,EN,Combined TRACON& Tower with Radar,10,10,21,0,41,0,0,10,0,10,10,10,31,0,51,0,0,0,51
11/28/2014,ILM,NC,ASO,EN,Combined TRACON& Tower with Radar,17,20,40,0,77,0,1,23,0,24,17,21,63,0,101,0,0,0,101
11/29/2014,ILM,NC,ASO,EN,Combined TRACON& Tower with Radar,13,39,48,0,100,0,0,34,0,34,13,39,82,0,134,1,0,1,135
11/30/2014,ILM,NC,ASO,EN,Combined TRACON& Tower with Radar,24,35,60,0,119,0,3,34,0,37,24,38,94,0,156,0,0,0,156
12/01/2014,ILM,NC,ASO,EN,Combined TRACON& Tower with Radar,14,30,26,16,86,0,1,15,0,16,14,31,41,16,102,10,46,56,158
12/02/2014,ILM,NC,ASO,EN,Combined TRACON& Tower with Radar,15,24,34,60,133,0,0,3,0,3,15,24,37,60,136,14,0,14,150
12/03/2014,ILM,NC,ASO,EN,Combined TRACON& Tower with Radar,16,23,40,34,113,0,2,7,6,15,16,25,47,40,128,4,54,58,186
12/04/2014,ILM,NC,ASO,EN,Combined TRACON& Tower with Radar,16,28,35,14,93,0,0,4,0,4,16,28,39,14,97,0,0,0,97
12/05/2014,ILM,NC,ASO,EN,Combined TRACON& Tower with Radar,16,33,50,34,133,0,1,10,11,22,16,34,60,45,155,0,0,0,155
12/06/2014,ILM,NC,ASO,EN,Combined TRACON& Tower with Radar,12,26,18,6,62,0,0,5,5,10,12,26,23,11,72,0,0,0,72
12/07/2014,ILM,NC,ASO,EN,Combined TRACON& Tower with Radar,18,19,31,7,75,0,0,10,8,18,18,19,41,15,93,63,0,63,156
12/08/2014,ILM,NC,ASO,EN,Combined TRACON& Tower with Radar,14,27,21,15,77,0,0,5,0,5,14,27,26,15,82,4,8,12,94
12/09/2014,ILM,NC,ASO,EN,Combined TRACON& Tower with Radar,17,25,17,43,102,0,0,1,1,2,17,25,18,44,104,0,14,14,118
12/10/2014,ILM,NC,ASO,EN,Combined TRACON& Tower with Radar,16,26,46,46,134,0,0,7,0,7,16,26,53,46,141,0,6,6,147
12/11/2014,ILM,NC,ASO,EN,Combined TRACON& Tower with Radar,16,27,39,49,131,0,2,74,30,106,16,29,113,79,237,0,0,0,237
12/12/2014,ILM,NC,ASO,EN,Combined TRACON& Tower with Radar,18,29,41,17,105,0,3,29,5,37,18,32,70,22,142,0,0,0,142
12/13/2014,ILM,NC,ASO,EN,Combined TRACON& Tower with Radar,14,28,48,4,94,0,2,44,4,50,14,30,92,8,144,28,0,28,172
12/14/2014,ILM,NC,ASO,EN,Combined TRACON& Tower with Radar,20,19,55,13,107,0,2,72,1,75,20,21,127,14,182,18,0,18,200
12/15/2014,ILM,NC,ASO,EN,Combined TRACON& Tower with Radar,15,22,22,38,97,0,4,19,0,23,15,26,41,38,120,10,10,20,140
12/16/2014,ILM,NC,ASO,EN,Combined TRACON& Tower with Radar,15,28,36,29,108,0,2,7,0,9,15,30,43,29,117,8,16,24,141
12/17/2014,ILM,NC,ASO,EN,Combined TRACON& Tower with Radar,16,28,51,22,117,0,2,23,4,29,16,30,74,26,146,0,54,54,200
12/18/2014,ILM,NC,ASO,EN,Combined TRACON& Tower with Radar,17,40,31,21,109,0,1,23,2,26,17,41,54,23,135,0,0,0,135
12/19/2014,ILM,NC,ASO,EN,Combined TRACON& Tower with Radar,17,34,46,46,143,0,1,26,2,29,17,35,72,48,172,0,0,0,172
12/20/2014,ILM,NC,ASO,EN,Combined TRACON& Tower with Radar,13,44,26,5,88,0,0,3,0,3,13,44,29,5,91,26,0,26,117
12/21/2014,ILM,NC,ASO,EN,Combined TRACON& Tower with Radar,19,33,33,5,90,0,0,19,2,21,19,33,52,7,111,20,0,20,131
12/22/2014,ILM,NC,ASO,EN,Combined TRACON& Tower with Radar,15,26,21,0,62,0,0,0,0,0,15,26,21,0,62,0,0,0,62
12/23/2014,ILM,NC,ASO,EN,Combined TRACON& Tower with Radar,9,41,29,0,79,0,0,0,0,0,9,41,29,0,79,0,0,0,79
12/24/2014,ILM,NC,ASO,EN,Combined TRACON& Tower with Radar,16,31,13,0,60,0,0,0,0,0,16,31,13,0,60,0,0,0,60
12/25/2014,ILM,NC,ASO,EN,Combined TRACON& Tower with Radar,15,22,19,0,56,0,0,6,0,6,15,22,25,0,62,0,0,0,62
12/26/2014,ILM,NC,ASO,EN,Combined TRACON& Tower with Radar,15,46,55,0,116,0,0,35,0,35,15,46,90,0,151,0,0,0,151
12/27/2014,ILM,NC,ASO,EN,Combined TRACON& Tower with Radar,14,42,52,0,108,0,0,28,0,28,14,42,80,0,136,0,0,0,136
12/28/2014,ILM,NC,ASO,EN,Combined TRACON& Tower with Radar,20,39,36,4,99,0,1,16,0,17,20,40,52,4,116,0,0,0,116
12/29/2014,ILM,NC,ASO,EN,Combined TRACON& Tower with Radar,14,26,20,12,72,0,0,0,0,0,14,26,20,12,72,0,0,0,72
12/30/2014,ILM,NC,ASO,EN,Combined TRACON& Tower with Radar,15,38,34,2,89,0,0,0,0,0,15,38,34,2,89,26,0,26,115
12/31/2014,ILM,NC,ASO,EN,Combined TRACON& Tower with Radar,16,27,36,7,86,0,1,19,0,20,16,28,55,7,106,0,0,0,106
01/01/2015,ILM,NC,ASO,EN,Combined TRACON& Tower with Radar,16,21,19,1,57,0,1,37,0,38,16,22,56,1,95,0,0,0,95
01/02/2015,ILM,NC,ASO,EN,Combined TRACON& Tower with Radar,16,36,48,0,100,0,2,23,0,25,16,38,71,0,125,0,0,0,125
01/03/2015,ILM,NC,ASO,EN,Combined TRACON& Tower with Radar,14,62,75,0,151,0,0,0,0,0,14,62,75,0,151,0,0,0,151
01/04/2015,ILM,NC,ASO,EN,Combined TRACON& Tower with Radar,19,38,50,0,107,0,0,1,0,1,19,38,51,0,108,0,0,0,108
01/05/2015,ILM,NC,ASO,EN,Combined TRACON& Tower with Radar,15,27,45,2,89,0,0,19,0,19,15,27,64,2,108,0,16,16,124
01/06/2015,ILM,NC,ASO,EN,Combined TRACON& Tower with Radar,15,20,39,11,85,0,0,23,0,23,15,20,62,11,108,4,10,14,122
01/07/2015,ILM,NC,ASO,EN,Combined TRACON& Tower with Radar,16,23,26,28,93,0,2,12,13,27,16,25,38,41,120,2,20,22,142
01/08/2015,ILM,NC,ASO,EN,Combined TRACON& Tower with Radar,18,25,40,26,109,0,1,10,0,11,18,26,50,26,120,8,24,32,152
01/09/2015,ILM,NC,ASO,EN,Combined TRACON& Tower with Radar,16,20,33,23,92,0,0,10,1,11,16,20,43,24,103,22,0,22,125
01/10/2015,ILM,NC,ASO,EN,Combined TRACON& Tower with Radar,14,21,63,16,114,0,0,22,4,26,14,21,85,20,140,38,0,38,178
01/11/2015,ILM,NC,ASO,EN,Combined TRACON& Tower with Radar,21,22,36,7,86,0,1,31,4,36,21,23,67,11,122,16,0,16,138
01/12/2015,ILM,NC,ASO,EN,Combined TRACON& Tower with Radar,13,17,20,40,90,0,0,0,0,0,13,17,20,40,90,0,0,0,90
01/13/2015,ILM,NC,ASO,EN,Combined TRACON& Tower with Radar,17,27,14,9,67,0,0,2,2,4,17,27,16,11,71,0,0,0,71
01/14/2015,ILM,NC,ASO,EN,Combined TRACON& Tower with Radar,16,20,15,2,53,0,0,0,0,0,16,20,15,2,53,0,0,0,53
01/15/2015,ILM,NC,ASO,EN,Combined TRACON& Tower with Radar,16,33,39,8,96,0,0,6,0,6,16,33,45,8,102,20,0,20,122
01/16/2015,ILM,NC,ASO,EN,Combined TRACON& Tower with Radar,16,35,42,11,104,0,0,22,2,24,16,35,64,13,128,26,0,26,154
01/17/2015,ILM,NC,ASO,EN,Combined TRACON& Tower with Radar,14,20,53,2,89,0,0,45,4,49,14,20,98,6,138,26,0,26,164
01/18/2015,ILM,NC,ASO,EN,Combined TRACON& Tower with Radar,19,19,25,2,65,0,2,19,0,21,19,21,44,2,86,16,0,16,102
01/19/2015,ILM,NC,ASO,EN,Combined TRACON& Tower with Radar,15,25,51,8,99,0,1,30,0,31,15,26,81,8,130,0,0,0,130
01/20/2015,ILM,NC,ASO,EN,Combined TRACON& Tower with Radar,15,23,32,4,74,0,0,23,0,23,15,23,55,4,97,36,0,36,133
01/21/2015,ILM,NC,ASO,EN,Combined TRACON& Tower with Radar,16,22,28,34,100,0,1,22,1,24,16,23,50,35,124,8,30,38,162
01/22/2015,ILM,NC,ASO,EN,Combined TRACON& Tower with Radar,17,22,47,11,97,0,0,31,4,35,17,22,78,15,132,16,0,16,148
01/23/2015,ILM,NC,ASO,EN,Combined TRACON& Tower with Radar,19,26,26,1,72,0,0,4,0,4,19,26,30,1,76,0,0,0,76
01/24/2015,ILM,NC,ASO,EN,Combined TRACON& Tower with Radar,14,25,21,6,66,0,0,2,0,2,14,25,23,6,68,0,0,0,68
01/25/2015,ILM,NC,ASO,EN,Combined TRACON& Tower with Radar,21,18,35,2,76,0,0,58,3,61,21,18,93,5,137,18,0,18,155
01/26/2015,ILM,NC,ASO,EN,Combined TRACON& Tower with Radar,15,26,22,8,71,0,2,27,0,29,15,28,49,8,100,0,0,0,100
01/27/2015,ILM,NC,ASO,EN,Combined TRACON& Tower with Radar,15,19,12,18,64,0,0,11,12,23,15,19,23,30,87,0,26,26,113
01/28/2015,ILM,NC,ASO,EN,Combined TRACON& Tower with Radar,16,24,46,15,101,0,1,24,7,32,16,25,70,22,133,4,20,24,157
01/29/2015,ILM,NC,ASO,EN,Combined TRACON& Tower with Radar,16,29,52,7,104,0,0,21,4,25,16,29,73,11,129,20,0,20,149
01/30/2015,ILM,NC,ASO,EN,Combined TRACON& Tower with Radar,16,29,34,18,97,0,0,17,10,27,16,29,51,28,124,6,2,8,132
01/31/2015,ILM,NC,ASO,EN,Combined TRACON& Tower with Radar,16,25,34,34,109,0,1,34,5,40,16,26,68,39,149,26,32,58,207
02/01/2015,ILM,NC,ASO,EN,Combined TRACON& Tower with Radar,18,19,33,9,79,0,13,39,7,59,18,32,72,16,138,6,6,12,150
02/02/2015,ILM,NC,ASO,EN,Combined TRACON& Tower with Radar,19,23,16,4,62,0,1,0,0,1,19,24,16,4,63,0,0,0,63
02/03/2015,ILM,NC,ASO,EN,Combined TRACON& Tower with Radar,15,34,34,34,117,0,0,17,10,27,15,34,51,44,144,25,24,49,193
02/04/2015,ILM,NC,ASO,EN,Combined TRACON& Tower with Radar,19,30,35,15,99,0,2,8,5,15,19,32,43,20,114,28,8,36,150
02/05/2015,ILM,NC,ASO,EN,Combined TRACON& Tower with Radar,20,22,40,31,113,0,0,7,4,11,20,22,47,35,124,0,0,0,124
02/06/2015,ILM,NC,ASO,EN,Combined TRACON& Tower with Radar,18,28,41,11,98,0,2,13,0,15,18,30,54,11,113,8,12,20,133
02/07/2015,ILM,NC,ASO,EN,Combined TRACON& Tower with Radar,17,16,38,5,76,0,0,42,3,45,17,16,80,8,121,10,0,10,131
02/08/2015,ILM,NC,ASO,EN,Combined TRACON& Tower with Radar,21,13,22,2,58,0,0,31,2,33,21,13,53,4,91,12,0,12,103
02/09/2015,ILM,NC,ASO,EN,Combined TRACON& Tower with Radar,17,18,20,9,64,0,0,12,3,15,17,18,32,12,79,26,0,26,105
02/10/2015,ILM,NC,ASO,EN,Combined TRACON& Tower with Radar,17,25,25,4,71,0,0,0,0,0,17,25,25,4,71,0,0,0,71
02/11/2015,ILM,NC,ASO,EN,Combined TRACON& Tower with Radar,18,31,53,25,127,0,1,36,0,37,18,32,89,25,164,12,18,30,194
02/12/2015,ILM,NC,ASO,EN,Combined TRACON& Tower with Radar,18,41,53,30,142,0,0,27,1,28,18,41,80,31,170,78,60,138,308
02/13/2015,ILM,NC,ASO,EN,Combined TRACON& Tower with Radar,18,37,62,25,142,0,0,24,5,29,18,37,86,30,171,0,0,0,171
02/14/2015,ILM,NC,ASO,EN,Combined TRACON& Tower with Radar,14,24,34,3,75,0,1,21,6,28,14,25,55,9,103,0,0,0,103
02/15/2015,ILM,NC,ASO,EN,Combined TRACON& Tower with Radar,18,22,25,0,65,0,0,3,0,3,18,22,28,0,68,0,0,0,68
02/16/2015,ILM,NC,ASO,EN,Combined TRACON& Tower with Radar,12,22,46,0,80,0,2,12,0,14,12,24,58,0,94,12,0,12,106
02/17/2015,ILM,NC,ASO,EN,Combined TRACON& Tower with Radar,10,30,29,2,71,0,0,0,0,0,10,30,29,2,71,0,0,0,71
02/18/2015,ILM,NC,ASO,EN,Combined TRACON& Tower with Radar,17,23,35,19,94,0,1,6,2,9,17,24,41,21,103,4,46,50,153
02/19/2015,ILM,NC,ASO,EN,Combined TRACON& Tower with Radar,18,29,26,17,90,0,3,14,30,47,18,32,40,47,137,0,0,0,137
02/20/2015,ILM,NC,ASO,EN,Combined TRACON& Tower with Radar,18,21,41,26,106,0,0,19,1,20,18,21,60,27,126,4,12,16,142
02/21/2015,ILM,NC,ASO,EN,Combined TRACON& Tower with Radar,14,19,27,10,70,0,0,25,3,28,14,19,52,13,98,18,6,24,122
02/22/2015,ILM,NC,ASO,EN,Combined TRACON& Tower with Radar,16,19,31,4,70,0,0,22,0,22,16,19,53,4,92,12,0,12,104
02/23/2015,ILM,NC,ASO,EN,Combined TRACON& Tower with Radar,18,21,33,0,72,0,0,0,0,0,18,21,33,0,72,0,0,0,72
02/24/2015,ILM,NC,ASO,EN,Combined TRACON& Tower with Radar,10,20,9,0,39,0,0,0,0,0,10,20,9,0,39,0,0,0,39
02/25/2015,ILM,NC,ASO,EN,Combined TRACON& Tower with Radar,17,24,28,24,93,0,0,17,2,19,17,24,45,26,112,0,0,0,112
02/26/2015,ILM,NC,ASO,EN,Combined TRACON& Tower with Radar,13,25,14,5,57,0,0,2,2,4,13,25,16,7,61,0,0,0,61
02/27/2015,ILM,NC,ASO,EN,Combined TRACON& Tower with Radar,21,27,40,22,110,0,4,22,15,41,21,31,62,37,151,12,10,22,173
02/28/2015,ILM,NC,ASO,EN,Combined TRACON& Tower with Radar,14,19,37,16,86,0,4,26,7,37,14,23,63,23,123,66,0,66,189
03/01/2015,ILM,NC,ASO,EN,Combined TRACON& Tower with Radar,16,28,35,11,90,0,0,10,2,12,16,28,45,13,102,10,0,10,112
03/02/2015,ILM,NC,ASO,EN,Combined TRACON& Tower with Radar,17,29,32,10,88,0,1,9,0,10,17,30,41,10,98,0,0,0,98
03/03/2015,ILM,NC,ASO,EN,Combined TRACON& Tower with Radar,12,29,33,7,81,0,0,4,0,4,12,29,37,7,85,8,0,8,93
03/04/2015,ILM,NC,ASO,EN,Combined TRACON& Tower with Radar,16,31,31,9,87,0,0,1,4,5,16,31,32,13,92,0,0,0,92
03/05/2015,ILM,NC,ASO,EN,Combined TRACON& Tower with Radar,20,14,44,12,90,0,0,3,2,5,20,14,47,14,95,24,12,36,131
03/06/2015,ILM,NC,ASO,EN,Combined TRACON& Tower with Radar,16,27,50,20,113,0,1,22,9,32,16,28,72,29,145,4,48,52,197
03/07/2015,ILM,NC,ASO,EN,Combined TRACON& Tower with Radar,14,25,34,24,97,0,0,61,5,66,14,25,95,29,163,54,41,95,258
03/08/2015,ILM,NC,ASO,EN,Combined TRACON& Tower with Radar,17,27,26,10,80,0,0,47,5,52,17,27,73,15,132,38,4,42,174
03/09/2015,ILM,NC,ASO,EN,Combined TRACON& Tower with Radar,16,24,25,18,83,0,0,14,4,18,16,24,39,22,101,48,36,84,185
03/10/2015,ILM,NC,ASO,EN,Combined TRACON& Tower with Radar,15,25,46,26,112,0,0,17,0,17,15,25,63,26,129,6,0,6,135
03/11/2015,ILM,NC,ASO,EN,Combined TRACON& Tower with Radar,16,24,42,30,112,0,1,13,3,17,16,25,55,33,129,8,16,24,153
03/12/2015,ILM,NC,ASO,EN,Combined TRACON& Tower with Radar,16,32,45,12,105,0,0,15,17,32,16,32,60,29,137,55,8,63,200
03/13/2015,ILM,NC,ASO,EN,Combined TRACON& Tower with Radar,16,27,47,11,101,0,0,10,0,10,16,27,57,11,111,32,12,44,155
03/14/2015,ILM,NC,ASO,EN,Combined TRACON& Tower with Radar,14,22,26,5,67,0,0,0,0,0,14,22,26,5,67,0,0,0,67
03/15/2015,ILM,NC,ASO,EN,Combined TRACON& Tower with Radar,20,20,37,5,82,0,0,36,1,37,20,20,73,6,119,48,0,48,167
03/16/2015,ILM,NC,ASO,EN,Combined TRACON& Tower with Radar,16,23,51,28,118,0,0,31,1,32,16,23,82,29,150,4,34,38,188
03/17/2015,ILM,NC,ASO,EN,Combined TRACON& Tower with Radar,15,22,59,13,109,0,1,21,2,24,15,23,80,15,133,24,32,56,189
03/18/2015,ILM,NC,ASO,EN,Combined TRACON& Tower with Radar,16,24,48,18,106,0,0,25,2,27,16,24,73,20,133,8,0,8,141
03/19/2015,ILM,NC,ASO,EN,Combined TRACON& Tower with Radar,16,25,42,39,122,0,1,10,0,11,16,26,52,39,133,48,22,70,203
03/20/2015,ILM,NC,ASO,EN,Combined TRACON& Tower with Radar,16,27,47,15,105,0,0,9,0,9,16,27,56,15,114,16,48,64,178
03/21/2015,ILM,NC,ASO,EN,Combined TRACON& Tower with Radar,14,23,49,5,91,0,0,48,7,55,14,23,97,12,146,18,0,18,164
03/22/2015,ILM,NC,ASO,EN,Combined TRACON& Tower with Radar,19,22,47,0,88,0,0,5,0,5,19,22,52,0,93,12,0,12,105
03/23/2015,ILM,NC,ASO,EN,Combined TRACON& Tower with Radar,17,27,29,19,92,0,0,2,0,2,17,27,31,19,94,0,8,8,102
03/24/2015,ILM,NC,ASO,EN,Combined TRACON& Tower with Radar,15,24,63,21,123,0,0,15,1,16,15,24,78,22,139,8,0,8,147
03/25/2015,ILM,NC,ASO,EN,Combined TRACON& Tower with Radar,16,21,43,17,97,0,0,7,1,8,16,21,50,18,105,1,0,1,106
03/26/2015,ILM,NC,ASO,EN,Combined TRACON& Tower with Radar,16,26,31,0,73,0,0,13,2,15,16,26,44,2,88,0,0,0,88
03/27/2015,ILM,NC,ASO,EN,Combined TRACON& Tower with Radar,18,29,55,20,122,0,0,0,0,0,18,29,55,20,122,0,0,0,122
03/28/2015,ILM,NC,ASO,EN,Combined TRACON& Tower with Radar,14,31,38,1,84,0,2,21,0,23,14,33,59,1,107,6,0,6,113
03/29/2015,ILM,NC,ASO,EN,Combined TRACON& Tower with Radar,26,26,51,1,104,0,1,50,0,51,26,27,101,1,155,36,0,36,191
03/30/2015,ILM,NC,ASO,EN,Combined TRACON& Tower with Radar,16,29,40,1,86,0,1,15,2,18,16,30,55,3,104,16,0,16,120
03/31/2015,ILM,NC,ASO,EN,Combined TRACON& Tower with Radar,15,30,55,20,120,0,0,29,3,32,15,30,84,23,152,8,22,30,182
04/01/2015,ILM,NC,ASO,EN,Combined TRACON& Tower with Radar,18,35,41,4,98,0,2,24,0,26,18,37,65,4,124,44,8,52,176
04/02/2015,ILM,NC,ASO,EN,Combined TRACON& Tower with Radar,16,32,63,10,121,0,2,29,2,33,16,34,92,12,154,30,0,30,184
04/03/2015,ILM,NC,ASO,EN,Combined TRACON& Tower with Radar,23,30,57,31,141,0,1,18,2,21,23,31,75,33,162,66,40,106,268
04/04/2015,ILM,NC,ASO,EN,Combined TRACON& Tower with Radar,12,23,42,4,81,0,0,12,0,12,12,23,54,4,93,18,0,18,111
04/05/2015,ILM,NC,ASO,EN,Combined TRACON& Tower with Radar,18,29,58,0,105,0,0,28,0,28,18,29,86,0,133,44,0,44,177
04/06/2015,ILM,NC,ASO,EN,Combined TRACON& Tower with Radar,14,40,53,8,115,0,0,23,0,23,14,40,76,8,138,17,0,17,155
04/07/2015,ILM,NC,ASO,EN,Combined TRACON& Tower with Radar,13,26,56,6,101,0,0,12,2,14,13,26,68,8,115,12,0,12,127
04/08/2015,ILM,NC,ASO,EN,Combined TRACON& Tower with Radar,14,26,42,28,110,0,1,10,6,17,14,27,52,34,127,12,18,30,157
04/09/2015,ILM,NC,ASO,EN,Combined TRACON& Tower with Radar,15,41,36,13,105,0,0,5,0,5,15,41,41,13,110,20,88,108,218
04/10/2015,ILM,NC,ASO,EN,Combined TRACON& Tower with Radar,14,28,35,40,117,0,1,5,3,9,14,29,40,43,126,30,36,66,192
04/11/2015,ILM,NC,ASO,EN,Combined TRACON& Tower with Radar,12,20,39,15,86,0,0,10,6,16,12,20,49,21,102,24,8,32,134
04/12/2015,ILM,NC,ASO,EN,Combined TRACON& Tower with Radar,18,30,71,12,131,0,0,38,2,40,18,30,109,14,171,16,4,20,191
04/13/2015,ILM,NC,ASO,EN,Combined TRACON& Tower with Radar,14,28,42,51,135,0,1,12,0,13,14,29,54,51,148,30,9,39,187
04/14/2015,ILM,NC,ASO,EN,Combined TRACON& Tower with Radar,13,26,42,21,102,0,0,4,2,6,13,26,46,23,108,47,20,67,175
04/15/2015,ILM,NC,ASO,EN,Combined TRACON& Tower with Radar,14,32,31,4,81,0,1,0,0,1,14,33,31,4,82,0,0,0,82
04/16/2015,ILM,NC,ASO,EN,Combined TRACON& Tower with Radar,14,32,52,30,128,0,0,13,2,15,14,32,65,32,143,16,56,72,215
04/17/2015,ILM,NC,ASO,EN,Combined TRACON& Tower with Radar,14,31,53,4,102,0,3,9,6,18,14,34,62,10,120,10,12,22,142
04/18/2015,ILM,NC,ASO,EN,Combined TRACON& Tower with Radar,16,14,34,5,69,0,0,12,1,13,16,14,46,6,82,0,0,0,82
04/19/2015,ILM,NC,ASO,EN,Combined TRACON& Tower with Radar,19,28,29,5,81,0,0,2,0,2,19,28,31,5,83,42,0,42,125
04/20/2015,ILM,NC,ASO,EN,Combined TRACON& Tower with Radar,13,21,42,26,102,0,1,13,2,16,13,22,55,28,118,4,0,4,122
04/21/2015,ILM,NC,ASO,EN,Combined TRACON& Tower with Radar,13,29,34,19,95,0,2,30,0,32,13,31,64,19,127,6,0,6,133
04/22/2015,ILM,NC,ASO,EN,Combined TRACON& Tower with Radar,14,36,39,10,99,0,0,37,0,37,14,36,76,10,136,1,0,1,137
04/23/2015,ILM,NC,ASO,EN,Combined TRACON& Tower with Radar,16,30,51,12,109,0,0,29,1,30,16,30,80,13,139,14,0,14,153
04/24/2015,ILM,NC,ASO,EN,Combined TRACON& Tower with Radar,18,23,42,33,116,0,0,28,5,33,18,23,70,38,149,26,8,34,183
04/25/2015,ILM,NC,ASO,EN,Combined TRACON& Tower with Radar,15,15,21,26,77,0,0,19,3,22,15,15,40,29,99,10,0,10,109
04/26/2015,ILM,NC,ASO,EN,Combined TRACON& Tower with Radar,23,24,40,2,89,0,0,8,0,8,23,24,48,2,97,24,0,24,121
04/27/2015,ILM,NC,ASO,EN,Combined TRACON& Tower with Radar,14,20,38,8,80,0,1,26,2,29,14,21,64,10,109,16,4,20,129
04/28/2015,ILM,NC,ASO,EN,Combined TRACON& Tower with Radar,13,28,40,17,98,0,3,21,1,25,13,31,61,18,123,0,38,38,161
04/29/2015,ILM,NC,ASO,EN,Combined TRACON& Tower with Radar,16,30,39,14,99,0,1,5,0,6,16,31,44,14,105,0,0,0,105
04/30/2015,ILM,NC,ASO,EN,Combined TRACON& Tower with Radar,14,28,32,30,104,0,0,6,0,6,14,28,38,30,110,10,0,10,120
05/01/2015,ILM,NC,ASO,EN,Combined TRACON& Tower with Radar,14,28,39,1,82,0,1,3,2,6,14,29,42,3,88,28,0,28,116
05/02/2015,ILM,NC,ASO,EN,Combined TRACON& Tower with Radar,15,22,65,5,107,0,2,41,4,47,15,24,106,9,154,16,0,16,170
05/03/2015,ILM,NC,ASO,EN,Combined TRACON& Tower with Radar,22,22,39,0,83,0,0,38,2,40,22,22,77,2,123,8,0,8,131
05/04/2015,ILM,NC,ASO,EN,Combined TRACON& Tower with Radar,16,25,31,42,114,0,0,15,0,15,16,25,46,42,129,8,8,16,145
05/05/2015,ILM,NC,ASO,EN,Combined TRACON& Tower with Radar,15,29,25,17,86,0,0,28,1,29,15,29,53,18,115,30,4,34,149
05/06/2015,ILM,NC,ASO,EN,Combined TRACON& Tower with Radar,16,27,42,15,100,0,1,16,1,18,16,28,58,16,118,70,4,74,192
05/07/2015,ILM,NC,ASO,EN,Combined TRACON& Tower with Radar,18,29,18,18,83,0,0,1,2,3,18,29,19,20,86,16,0,16,102
05/08/2015,ILM,NC,ASO,EN,Combined TRACON& Tower with Radar,18,24,31,4,77,0,0,1,0,1,18,24,32,4,78,0,8,8,86
05/09/2015,ILM,NC,ASO,EN,Combined TRACON& Tower with Radar,17,14,3,0,34,0,2,1,0,3,17,16,4,0,37,0,0,0,37
05/10/2015,ILM,NC,ASO,EN,Combined TRACON& Tower with Radar,27,14,10,0,51,0,0,0,0,0,27,14,10,0,51,0,0,0,51
05/11/2015,ILM,NC,ASO,EN,Combined TRACON& Tower with Radar,18,22,36,10,86,0,2,4,3,9,18,24,40,13,95,40,0,40,135
05/12/2015,ILM,NC,ASO,EN,Combined TRACON& Tower with Radar,17,19,25,5,66,0,0,9,4,13,17,19,34,9,79,16,0,16,95
05/13/2015,ILM,NC,ASO,EN,Combined TRACON& Tower with Radar,18,24,40,15,97,0,2,31,0,33,18,26,71,15,130,34,74,108,238
05/14/2015,ILM,NC,ASO,EN,Combined TRACON& Tower with Radar,18,28,55,50,151,0,1,25,0,26,18,29,80,50,177,12,24,36,213
05/15/2015,ILM,NC,ASO,EN,Combined TRACON& Tower with Radar,18,24,51,28,121,0,0,21,5,26,18,24,72,33,147,54,18,72,219
05/16/2015,ILM,NC,ASO,EN,Combined TRACON& Tower with Radar,17,16,27,3,63,0,1,45,4,50,17,17,72,7,113,0,0,0,113
05/17/2015,ILM,NC,ASO,EN,Combined TRACON& Tower with Radar,25,17,61,1,104,0,0,31,0,31,25,17,92,1,135,3,0,3,138
05/18/2015,ILM,NC,ASO,EN,Combined TRACON& Tower with Radar,20,14,36,9,79,0,0,26,0,26,20,14,62,9,105,1,16,17,122
05/19/2015,ILM,NC,ASO,EN,Combined TRACON& Tower with Radar,15,25,28,32,100,0,0,10,0,10,15,25,38,32,110,16,20,36,146
05/20/2015,ILM,NC,ASO,EN,Combined TRACON& Tower with Radar,18,24,49,12,103,0,1,23,6,30,18,25,72,18,133,0,0,0,133
05/21/2015,ILM,NC,ASO,EN,Combined TRACON& Tower with Radar,19,30,36,11,96,0,1,4,0,5,19,31,40,11,101,1,0,1,102
05/22/2015,ILM,NC,ASO,EN,Combined TRACON& Tower with Radar,21,34,49,1,105,0,1,35,0,36,21,35,84,1,141,0,0,0,141
05/23/2015,ILM,NC,ASO,EN,Combined TRACON& Tower with Radar,16,18,30,1,65,0,1,25,9,35,16,19,55,10,100,0,10,10,110
05/24/2015,ILM,NC,ASO,EN,Combined TRACON& Tower with Radar,23,13,24,0,60,0,1,25,2,28,23,14,49,2,88,11,0,11,99
05/25/2015,ILM,NC,ASO,EN,Combined TRACON& Tower with Radar,17,32,52,0,101,0,0,24,0,24,17,32,76,0,125,44,0,44,169
05/26/2015,ILM,NC,ASO,EN,Combined TRACON& Tower with Radar,15,25,24,24,88,0,0,12,3,15,15,25,36,27,103,24,24,48,151
05/27/2015,ILM,NC,ASO,EN,Combined TRACON& Tower with Radar,18,25,32,16,91,0,1,9,0,10,18,26,41,16,101,32,16,48,149
05/28/2015,ILM,NC,ASO,EN,Combined TRACON& Tower with Radar,18,26,42,16,102,0,0,15,3,18,18,26,57,19,120,0,2,2,122
05/29/2015,ILM,NC,ASO,EN,Combined TRACON& Tower with Radar,18,30,61,16,125,0,4,21,4,29,18,34,82,20,154,4,12,16,170
05/30/2015,ILM,NC,ASO,EN,Combined TRACON& Tower with Radar,17,17,26,2,62,0,0,31,4,35,17,17,57,6,97,8,0,8,105
05/31/2015,ILM,NC,ASO,EN,Combined TRACON& Tower with Radar,23,21,37,1,82,0,0,33,1,34,23,21,70,2,116,44,0,44,160
06/01/2015,ILM,NC,ASO,EN,Combined TRACON& Tower with Radar,16,32,27,50,125,0,0,25,6,31,16,32,52,56,156,8,16,24,180
06/02/2015,ILM,NC,ASO,EN,Combined TRACON& Tower with Radar,17,30,30,8,85,0,1,13,0,14,17,31,43,8,99,6,0,6,105
06/03/2015,ILM,NC,ASO,EN,Combined TRACON& Tower with Radar,16,23,34,0,73,0,2,2,0,4,16,25,36,0,77,0,0,0,77
06/04/2015,ILM,NC,ASO,EN,Combined TRACON& Tower with Radar,16,34,28,15,93,0,0,10,5,15,16,34,38,20,108,0,0,0,108
06/05/2015,ILM,NC,ASO,EN,Combined TRACON& Tower with Radar,17,32,56,23,128,0,0,8,1,9,17,32,64,24,137,0,0,0,137
06/06/2015,ILM,NC,ASO,EN,Combined TRACON& Tower with Radar,23,21,47,0,91,0,1,30,2,33,23,22,77,2,124,34,0,34,158
06/07/2015,ILM,NC,ASO,EN,Combined TRACON& Tower with Radar,24,22,40,0,86,0,0,25,0,25,24,22,65,0,111,12,0,12,123
06/08/2015,ILM,NC,ASO,EN,Combined TRACON& Tower with Radar,17,25,36,2,80,0,0,18,2,20,17,25,54,4,100,20,26,46,146
06/09/2015,ILM,NC,ASO,EN,Combined TRACON& Tower with Radar,15,26,28,0,69,0,4,28,0,32,15,30,56,0,101,0,0,0,101
06/10/2015,ILM,NC,ASO,EN,Combined TRACON& Tower with Radar,17,29,45,11,102,0,0,18,0,18,17,29,63,11,120,30,0,30,150
06/11/2015,ILM,NC,ASO,EN,Combined TRACON& Tower with Radar,17,37,57,49,160,0,0,67,7,74,17,37,124,56,234,16,70,86,320
06/12/2015,ILM,NC,ASO,EN,Combined TRACON& Tower with Radar,18,34,54,42,148,0,0,18,1,19,18,34,72,43,167,0,8,8,175
06/13/2015,ILM,NC,ASO,EN,Combined TRACON& Tower with Radar,22,32,33,0,87,0,0,28,2,30,22,32,61,2,117,0,0,0,117
06/14/2015,ILM,NC,ASO,EN,Combined TRACON& Tower with Radar,23,23,50,0,96,0,2,28,2,32,23,25,78,2,128,0,2,2,130
06/15/2015,ILM,NC,ASO,EN,Combined TRACON& Tower with Radar,18,31,30,9,88,0,1,12,1,14,18,32,42,10,102,25,16,41,143
06/16/2015,ILM,NC,ASO,EN,Combined TRACON& Tower with Radar,16,30,44,10,100,0,1,25,3,29,16,31,69,13,129,22,5,27,156
06/17/2015,ILM,NC,ASO,EN,Combined TRACON& Tower with Radar,17,33,37,11,98,0,0,35,4,39,17,33,72,15,137,40,6,46,183
06/18/2015,ILM,NC,ASO,EN,Combined TRACON& Tower with Radar,15,27,44,18,104,0,0,20,0,20,15,27,64,18,124,0,16,16,140
06/19/2015,ILM,NC,ASO,EN,Combined TRACON& Tower with Radar,19,40,52,7,118,0,0,18,1,19,19,40,70,8,137,0,0,0,137
06/20/2015,ILM,NC,ASO,EN,Combined TRACON& Tower with Radar,23,40,42,0,105,0,0,30,2,32,23,40,72,2,137,20,0,20,157
06/21/2015,ILM,NC,ASO,EN,Combined TRACON& Tower with Radar,24,28,59,1,112,0,0,18,0,18,24,28,77,1,130,12,0,12,142
06/22/2015,ILM,NC,ASO,EN,Combined TRACON& Tower with Radar,21,30,40,19,110,0,0,14,1,15,21,30,54,20,125,18,18,36,161
06/23/2015,ILM,NC,ASO,EN,Combined TRACON& Tower with Radar,17,32,33,8,90,0,0,22,0,22,17,32,55,8,112,26,0,26,138
06/24/2015,ILM,NC,ASO,EN,Combined TRACON& Tower with Radar,17,30,67,19,133,0,0,9,1,10,17,30,76,20,143,0,26,26,169
06/25/2015,ILM,NC,ASO,EN,Combined TRACON& Tower with Radar,19,33,45,13,110,0,0,30,1,31,19,33,75,14,141,16,0,16,157
06/26/2015,ILM,NC,ASO,EN,Combined TRACON& Tower with Radar,19,37,31,21,108,0,2,25,0,27,19,39,56,21,135,2,20,22,157
06/27/2015,ILM,NC,ASO,EN,Combined TRACON& Tower with Radar,22,23,22,2,69,0,0,8,0,8,22,23,30,2,77,0,0,0,77
06/28/2015,ILM,NC,ASO,EN,Combined TRACON& Tower with Radar,27,22,34,5,88,0,0,16,1,17,27,22,50,6,105,19,0,19,124
06/29/2015,ILM,NC,ASO,EN,Combined TRACON& Tower with Radar,20,30,35,10,95,0,1,29,1,31,20,31,64,11,126,22,6,28,154
06/30/2015,ILM,NC,ASO,EN,Combined TRACON& Tower with Radar,19,29,29,40,117,0,1,20,4,25,19,30,49,44,142,12,24,36,178
07/01/2015,ILM,NC,ASO,EN,Combined TRACON& Tower with Radar,18,29,40,26,113,0,0,14,3,17,18,29,54,29,130,0,0,0,130
07/02/2015,ILM,NC,ASO,EN,Combined TRACON& Tower with Radar,17,32,54,1,104,0,1,11,0,12,17,33,65,1,116,0,0,0,116
07/03/2015,ILM,NC,ASO,EN,Combined TRACON& Tower with Radar,19,27,36,0,82,0,0,13,0,13,19,27,49,0,95,43,0,43,138
07/04/2015,ILM,NC,ASO,EN,Combined TRACON& Tower with Radar,24,23,16,0,63,0,2,17,0,19,24,25,33,0,82,22,0,22,104
07/05/2015,ILM,NC,ASO,EN,Combined TRACON& Tower with Radar,27,22,25,0,74,0,0,44,0,44,27,22,69,0,118,38,0,38,156
07/06/2015,ILM,NC,ASO,EN,Combined TRACON& Tower with Radar,15,36,37,12,100,0,0,10,0,10,15,36,47,12,110,4,24,28,138
07/07/2015,ILM,NC,ASO,EN,Combined TRACON& Tower with Radar,15,38,28,11,92,0,1,33,5,39,15,39,61,16,131,23,20,43,174
07/08/2015,ILM,NC,ASO,EN,Combined TRACON& Tower with Radar,18,33,27,11,89,0,0,30,6,36,18,33,57,17,125,18,10,28,153
07/09/2015,ILM,NC,ASO,EN,Combined TRACON& Tower with Radar,14,32,40,3,89,0,2,29,7,38,14,34,69,10,127,28,0,28,155
07/10/2015,ILM,NC,ASO,EN,Combined TRACON& Tower with Radar,16,32,32,16,96,0,1,14,4,19,16,33,46,20,115,10,0,10,125
07/11/2015,ILM,NC,ASO,EN,Combined TRACON& Tower with Radar,29,16,36,2,83,0,1,15,1,17,29,17,51,3,100,0,0,0,100
07/12/2015,ILM,NC,ASO,EN,Combined TRACON& Tower with Radar,26,23,41,9,99,0,0,27,0,27,26,23,68,9,126,12,0,12,138
07/13/2015,ILM,NC,ASO,EN,Combined TRACON& Tower with Radar,16,33,26,2,77,0,0,5,0,5,16,33,31,2,82,0,0,0,82
07/14/2015,ILM,NC,ASO,EN,Combined TRACON& Tower with Radar,14,28,22,7,71,0,0,9,2,11,14,28,31,9,82,1,0,1,83
07/15/2015,ILM,NC,ASO,EN,Combined TRACON& Tower with Radar,15,30,33,5,83,0,0,11,1,12,15,30,44,6,95,0,0,0,95
07/16/2015,ILM,NC,ASO,EN,Combined TRACON& Tower with Radar,14,33,46,6,99,0,1,17,0,18,14,34,63,6,117,8,6,14,131
07/17/2015,ILM,NC,ASO,EN,Combined TRACON& Tower with Radar,19,35,52,7,113,0,1,19,2,22,19,36,71,9,135,4,0,4,139
07/18/2015,ILM,NC,ASO,EN,Combined TRACON& Tower with Radar,24,24,36,1,85,0,1,27,3,31,24,25,63,4,116,16,0,16,132
07/19/2015,ILM,NC,ASO,EN,Combined TRACON& Tower with Radar,22,23,35,0,80,0,0,24,0,24,22,23,59,0,104,1,0,1,105
07/20/2015,ILM,NC,ASO,EN,Combined TRACON& Tower with Radar,15,31,42,4,92,0,0,15,6,21,15,31,57,10,113,8,0,8,121
07/21/2015,ILM,NC,ASO,EN,Combined TRACON& Tower with Radar,15,33,32,5,85,0,1,14,2,17,15,34,46,7,102,2,0,2,104
07/22/2015,ILM,NC,ASO,EN,Combined TRACON& Tower with Radar,13,30,20,23,86,0,0,25,2,27,13,30,45,25,113,0,16,16,129
07/23/2015,ILM,NC,ASO,EN,Combined TRACON& Tower with Radar,14,43,36,0,93,0,0,5,1,6,14,43,41,1,99,0,0,0,99
07/24/2015,ILM,NC,ASO,EN,Combined TRACON& Tower with Radar,18,34,44,12,108,0,1,14,6,21,18,35,58,18,129,18,0,18,147
07/25/2015,ILM,NC,ASO,EN,Combined TRACON& Tower with Radar,25,28,34,3,90,0,0,35,5,40,25,28,69,8,130,18,0,18,148
07/26/2015,ILM,NC,ASO,EN,Combined TRACON& Tower with Radar,29,20,41,0,90,0,0,23,4,27,29,20,64,4,117,0,0,0,117
07/27/2015,ILM,NC,ASO,EN,Combined TRACON& Tower with Radar,16,31,44,18,109,0,0,7,2,9,16,31,51,20,118,0,12,12,130
07/28/2015,ILM,NC,ASO,EN,Combined TRACON& Tower with Radar,22,35,31,8,96,0,2,17,3,22,22,37,48,11,118,0,14,14,132
07/29/2015,ILM,NC,ASO,EN,Combined TRACON& Tower with Radar,17,31,40,22,110,0,0,24,1,25,17,31,64,23,135,0,0,0,135
07/30/2015,ILM,NC,ASO,EN,Combined TRACON& Tower with Radar,14,43,63,4,124,0,0,25,0,25,14,43,88,4,149,25,0,25,174
07/31/2015,ILM,NC,ASO,EN,Combined TRACON& Tower with Radar,15,34,58,2,109,0,0,13,0,13,15,34,71,2,122,2,0,2,124
08/01/2015,ILM,NC,ASO,EN,Combined TRACON& Tower with Radar,27,23,28,4,82,0,0,14,0,14,27,23,42,4,96,14,0,14,110
08/02/2015,ILM,NC,ASO,EN,Combined TRACON& Tower with Radar,24,32,50,3,109,0,0,18,0,18,24,32,68,3,127,0,0,0,127
08/03/2015,ILM,NC,ASO,EN,Combined TRACON& Tower with Radar,20,31,23,2,76,0,0,9,0,9,20,31,32,2,85,0,0,0,85
08/04/2015,ILM,NC,ASO,EN,Combined TRACON& Tower with Radar,15,30,35,5,85,0,0,6,0,6,15,30,41,5,91,0,0,0,91
08/05/2015,ILM,NC,ASO,EN,Combined TRACON& Tower with Radar,17,34,49,10,110,0,0,24,3,27,17,34,73,13,137,6,0,6,143
08/06/2015,ILM,NC,ASO,EN,Combined TRACON& Tower with Radar,19,32,45,5,101,0,0,8,1,9,19,32,53,6,110,18,0,18,128
08/07/2015,ILM,NC,ASO,EN,Combined TRACON& Tower with Radar,19,38,45,6,108,0,0,6,0,6,19,38,51,6,114,0,0,0,114
08/08/2015,ILM,NC,ASO,EN,Combined TRACON& Tower with Radar,25,30,28,0,83,0,0,24,0,24,25,30,52,0,107,0,0,0,107
08/09/2015,ILM,NC,ASO,EN,Combined TRACON& Tower with Radar,23,31,42,1,97,0,1,39,0,40,23,32,81,1,137,8,0,8,145
08/10/2015,ILM,NC,ASO,EN,Combined TRACON& Tower with Radar,19,26,35,4,84,0,0,10,0,10,19,26,45,4,94,21,0,21,115
08/11/2015,ILM,NC,ASO,EN,Combined TRACON& Tower with Radar,18,28,42,12,100,0,2,8,2,12,18,30,50,14,112,22,0,22,134
08/12/2015,ILM,NC,ASO,EN,Combined TRACON& Tower with Radar,17,24,52,18,111,0,3,16,2,21,17,27,68,20,132,7,0,7,139
08/13/2015,ILM,NC,ASO,EN,Combined TRACON& Tower with Radar,17,29,53,19,118,0,1,22,1,24,17,30,75,20,142,0,16,16,158
08/14/2015,ILM,NC,ASO,EN,Combined TRACON& Tower with Radar,19,33,47,7,106,0,1,21,0,22,19,34,68,7,128,0,0,0,128
08/15/2015,ILM,NC,ASO,EN,Combined TRACON& Tower with Radar,22,18,26,1,67,0,0,41,3,44,22,18,67,4,111,14,0,14,125
08/16/2015,ILM,NC,ASO,EN,Combined TRACON& Tower with Radar,19,22,41,5,87,0,1,41,0,42,19,23,82,5,129,22,0,22,151
08/17/2015,ILM,NC,ASO,EN,Combined TRACON& Tower with Radar,19,39,35,8,101,0,1,12,0,13,19,40,47,8,114,10,22,32,146
08/18/2015,ILM,NC,ASO,EN,Combined TRACON& Tower with Radar,18,28,20,10,76,0,2,17,0,19,18,30,37,10,95,6,0,6,101
08/19/2015,ILM,NC,ASO,EN,Combined TRACON& Tower with Radar,15,32,34,5,86,0,0,10,0,10,15,32,44,5,96,22,8,30,126
08/20/2015,ILM,NC,ASO,EN,Combined TRACON& Tower with Radar,17,28,29,10,84,0,1,19,1,21,17,29,48,11,105,16,0,16,121
08/21/2015,ILM,NC,ASO,EN,Combined TRACON& Tower with Radar,18,29,47,5,99,0,0,17,0,17,18,29,64,5,116,16,17,33,149
08/22/2015,ILM,NC,ASO,EN,Combined TRACON& Tower with Radar,20,28,31,2,81,0,5,32,1,38,20,33,63,3,119,8,0,8,127
08/23/2015,ILM,NC,ASO,EN,Combined TRACON& Tower with Radar,24,22,41,8,95,0,0,40,0,40,24,22,81,8,135,22,0,22,157
08/24/2015,ILM,NC,ASO,EN,Combined TRACON& Tower with Radar,17,24,29,14,84,0,0,20,3,23,17,24,49,17,107,14,0,14,121
08/25/2015,ILM,NC,ASO,EN,Combined TRACON& Tower with Radar,18,28,34,1,81,0,0,4,3,7,18,28,38,4,88,0,0,0,88
08/26/2015,ILM,NC,ASO,EN,Combined TRACON& Tower with Radar,18,24,43,0,85,0,0,13,0,13,18,24,56,0,98,0,0,0,98
08/27/2015,ILM,NC,ASO,EN,Combined TRACON& Tower with Radar,17,31,49,6,103,0,1,7,1,9,17,32,56,7,112,0,0,0,112
08/28/2015,ILM,NC,ASO,EN,Combined TRACON& Tower with Radar,20,35,65,22,142,0,0,31,11,42,20,35,96,33,184,16,16,32,216
08/29/2015,ILM,NC,ASO,EN,Combined TRACON& Tower with Radar,21,24,42,4,91,0,1,35,4,40,21,25,77,8,131,0,0,0,131
08/30/2015,ILM,NC,ASO,EN,Combined TRACON& Tower with Radar,26,16,37,2,81,0,0,21,1,22,26,16,58,3,103,0,0,0,103
08/31/2015,ILM,NC,ASO,EN,Combined TRACON& Tower with Radar,15,26,23,4,68,0,0,2,2,4,15,26,25,6,72,0,0,0,72
09/01/2015,ILM,NC,ASO,EN,Combined TRACON& Tower with Radar,16,29,33,45,123,0,2,14,1,17,16,31,47,46,140,34,44,78,218
09/02/2015,ILM,NC,ASO,EN,Combined TRACON& Tower with Radar,16,28,47,27,118,0,0,23,1,24,16,28,70,28,142,6,10,16,158
09/03/2015,ILM,NC,ASO,EN,Combined TRACON& Tower with Radar,16,40,29,19,104,0,0,13,0,13,16,40,42,19,117,2,0,2,119
09/04/2015,ILM,NC,ASO,EN,Combined TRACON& Tower with Radar,16,36,74,2,128,0,0,16,0,16,16,36,90,2,144,52,4,56,200
09/05/2015,ILM,NC,ASO,EN,Combined TRACON& Tower with Radar,19,25,33,0,77,0,2,23,0,25,19,27,56,0,102,0,0,0,102
09/06/2015,ILM,NC,ASO,EN,Combined TRACON& Tower with Radar,19,20,19,0,58,0,0,0,0,0,19,20,19,0,58,0,0,0,58
09/07/2015,ILM,NC,ASO,EN,Combined TRACON& Tower with Radar,16,25,45,2,88,0,0,16,0,16,16,25,61,2,104,0,0,0,104
09/08/2015,ILM,NC,ASO,EN,Combined TRACON& Tower with Radar,18,29,46,12,105,0,1,10,2,13,18,30,56,14,118,0,0,0,118
09/09/2015,ILM,NC,ASO,EN,Combined TRACON& Tower with Radar,19,23,25,6,73,0,0,1,3,4,19,23,26,9,77,0,0,0,77
09/10/2015,ILM,NC,ASO,EN,Combined TRACON& Tower with Radar,16,30,42,19,107,0,0,12,2,14,16,30,54,21,121,0,0,0,121
09/11/2015,ILM,NC,ASO,EN,Combined TRACON& Tower with Radar,18,28,44,33,123,0,1,10,0,11,18,29,54,33,134,0,16,16,150
09/12/2015,ILM,NC,ASO,EN,Combined TRACON& Tower with Radar,20,21,15,2,58,0,0,15,2,17,20,21,30,4,75,34,4,38,113
09/13/2015,ILM,NC,ASO,EN,Combined TRACON& Tower with Radar,22,17,51,0,90,0,2,22,1,25,22,19,73,1,115,0,0,0,115
09/14/2015,ILM,NC,ASO,EN,Combined TRACON& Tower with Radar,19,23,28,15,85,0,1,17,1,19,19,24,45,16,104,48,6,54,158
09/15/2015,ILM,NC,ASO,EN,Combined TRACON& Tower with Radar,17,24,28,21,90,0,0,25,1,26,17,24,53,22,116,39,0,39,155
09/16/2015,ILM,NC,ASO,EN,Combined TRACON& Tower with Radar,18,27,45,9,99,0,0,25,3,28,18,27,70,12,127,12,0,12,139
09/17/2015,ILM,NC,ASO,EN,Combined TRACON& Tower with Radar,18,24,33,16,91,0,0,27,2,29,18,24,60,18,120,24,0,24,144
09/18/2015,ILM,NC,ASO,EN,Combined TRACON& Tower with Radar,18,31,46,11,106,0,1,13,1,15,18,32,59,12,121,8,2,10,131
09/19/2015,ILM,NC,ASO,EN,Combined TRACON& Tower with Radar,20,17,24,0,61,0,0,34,0,34,20,17,58,0,95,22,0,22,117
09/20/2015,ILM,NC,ASO,EN,Combined TRACON& Tower with Radar,22,18,40,2,82,0,2,29,0,31,22,20,69,2,113,8,0,8,121
09/21/2015,ILM,NC,ASO,EN,Combined TRACON& Tower with Radar,18,26,25,7,76,0,1,44,9,54,18,27,69,16,130,20,0,20,150
09/22/2015,ILM,NC,ASO,EN,Combined TRACON& Tower with Radar,17,27,21,13,78,0,0,4,2,6,17,27,25,15,84,12,0,12,96
09/23/2015,ILM,NC,ASO,EN,Combined TRACON& Tower with Radar,18,29,60,18,125,0,2,5,0,7,18,31,65,18,132,12,14,26,158
09/24/2015,ILM,NC,ASO,EN,Combined TRACON& Tower with Radar,18,29,41,20,108,0,0,0,0,0,18,29,41,20,108,0,0,0,108
09/25/2015,ILM,NC,ASO,EN,Combined TRACON& Tower with Radar,20,35,28,0,83,0,0,2,0,2,20,35,30,0,85,23,0,23,108
09/26/2015,ILM,NC,ASO,EN,Combined TRACON& Tower with Radar,20,29,13,0,62,0,0,0,0,0,20,29,13,0,62,0,0,0,62
09/27/2015,ILM,NC,ASO,EN,Combined TRACON& Tower with Radar,24,27,28,0,79,0,0,1,0,1,24,27,29,0,80,0,0,0,80
09/28/2015,ILM,NC,ASO,EN,Combined TRACON& Tower with Radar,18,23,29,16,86,0,2,6,2,10,18,25,35,18,96,0,0,0,96
09/29/2015,ILM,NC,ASO,EN,Combined TRACON& Tower with Radar,17,35,38,49,139,0,0,11,0,11,17,35,49,49,150,1,38,39,189
09/30/2015,ILM,NC,ASO,EN,Combined TRACON& Tower with Radar,18,26,31,4,79,0,1,12,0,13,18,27,43,4,92,12,6,18,110
10/01/2015,ILM,NC,ASO,EN,Combined TRACON& Tower with Radar,18,29,26,4,77,0,1,0,0,1,18,30,26,4,78,2,0,2,80
10/02/2015,ILM,NC,ASO,EN,Combined TRACON& Tower with Radar,17,22,11,0,50,0,0,0,0,0,17,22,11,0,50,0,0,0,50
10/03/2015,ILM,NC,ASO,EN,Combined TRACON& Tower with Radar,18,15,6,0,39,0,0,2,0,2,18,15,8,0,41,26,0,26,67
10/04/2015,ILM,NC,ASO,EN,Combined TRACON& Tower with Radar,17,17,5,0,39,0,1,0,0,1,17,18,5,0,40,0,0,0,40
10/05/2015,ILM,NC,ASO,EN,Combined TRACON& Tower with Radar,17,19,12,0,48,0,0,0,0,0,17,19,12,0,48,0,0,0,48
10/06/2015,ILM,NC,ASO,EN,Combined TRACON& Tower with Radar,18,23,24,12,77,0,2,7,2,11,18,25,31,14,88,0,0,0,88
10/07/2015,ILM,NC,ASO,EN,Combined TRACON& Tower with Radar,18,27,43,34,122,0,1,36,3,40,18,28,79,37,162,30,20,50,212
10/08/2015,ILM,NC,ASO,EN,Combined TRACON& Tower with Radar,19,25,60,20,124,0,1,44,3,48,19,26,104,23,172,12,12,24,196
10/09/2015,ILM,NC,ASO,EN,Combined TRACON& Tower with Radar,19,29,77,0,125,0,1,25,2,28,19,30,102,2,153,30,0,30,183
10/10/2015,ILM,NC,ASO,EN,Combined TRACON& Tower with Radar,17,21,10,5,53,0,0,5,0,5,17,21,15,5,58,26,0,26,84
10/11/2015,ILM,NC,ASO,EN,Combined TRACON& Tower with Radar,19,36,36,0,91,0,0,23,0,23,19,36,59,0,114,62,0,62,176
10/12/2015,ILM,NC,ASO,EN,Combined TRACON& Tower with Radar,18,25,34,0,77,0,1,13,0,14,18,26,47,0,91,5,0,5,96
10/13/2015,ILM,NC,ASO,EN,Combined TRACON& Tower with Radar,18,30,48,2,98,0,0,31,0,31,18,30,79,2,129,19,0,19,148
10/14/2015,ILM,NC,ASO,EN,Combined TRACON& Tower with Radar,19,25,51,12,107,0,1,30,2,33,19,26,81,14,140,54,8,62,202
10/15/2015,ILM,NC,ASO,EN,Combined TRACON& Tower with Radar,18,31,61,5,115,0,3,34,2,39,18,34,95,7,154,23,0,23,177
10/16/2015,ILM,NC,ASO,EN,Combined TRACON& Tower with Radar,19,31,53,8,111,0,1,26,2,29,19,32,79,10,140,18,0,18,158
10/17/2015,ILM,NC,ASO,EN,Combined TRACON& Tower with Radar,17,23,35,0,75,0,0,29,1,30,17,23,64,1,105,16,0,16,121
10/18/2015,ILM,NC,ASO,EN,Combined TRACON& Tower with Radar,19,33,47,0,99,0,0,31,0,31,19,33,78,0,130,16,0,16,146
10/19/2015,ILM,NC,ASO,EN,Combined TRACON& Tower with Radar,18,29,42,9,98,0,0,18,2,20,18,29,60,11,118,0,28,28,146
10/20/2015,ILM,NC,ASO,EN,Combined TRACON& Tower with Radar,18,32,39,4,93,0,0,17,0,17,18,32,56,4,110,0,0,0,110
10/21/2015,ILM,NC,ASO,EN,Combined TRACON& Tower with Radar,20,30,46,26,122,0,0,32,3,35,20,30,78,29,157,16,42,58,215
10/22/2015,ILM,NC,ASO,EN,Combined TRACON& Tower with Radar,18,24,58,25,125,0,0,19,0,19,18,24,77,25,144,20,16,36,180
10/23/2015,ILM,NC,ASO,EN,Combined TRACON& Tower with Radar,20,23,44,24,111,0,2,28,2,32,20,25,72,26,143,11,7,18,161
10/24/2015,ILM,NC,ASO,EN,Combined TRACON& Tower with Radar,17,22,34,0,73,0,1,29,0,30,17,23,63,0,103,30,0,30,133
10/25/2015,ILM,NC,ASO,EN,Combined TRACON& Tower with Radar,21,30,48,2,101,0,0,32,1,33,21,30,80,3,134,46,0,46,180
10/26/2015,ILM,NC,ASO,EN,Combined TRACON& Tower with Radar,18,29,27,8,82,0,0,12,4,16,18,29,39,12,98,8,0,8,106
10/27/2015,ILM,NC,ASO,EN,Combined TRACON& Tower with Radar,18,22,29,2,71,0,0,9,0,9,18,22,38,2,80,0,0,0,80
10/28/2015,ILM,NC,ASO,EN,Combined TRACON& Tower with Radar,18,30,39,6,93,0,0,2,0,2,18,30,41,6,95,0,0,0,95
10/29/2015,ILM,NC,ASO,EN,Combined TRACON& Tower with Radar,18,32,56,6,112,0,3,25,0,28,18,35,81,6,140,28,0,28,168
10/30/2015,ILM,NC,ASO,EN,Combined TRACON& Tower with Radar,18,32,30,16,96,0,2,29,3,34,18,34,59,19,130,30,0,30,160
10/31/2015,ILM,NC,ASO,EN,Combined TRACON& Tower with Radar,16,12,36,0,64,0,3,59,0,62,16,15,95,0,126,6,0,6,132
11/01/2015,ILM,NC,ASO,EN,Combined TRACON& Tower with Radar,18,17,31,1,67,0,4,19,1,24,18,21,50,2,91,44,0,44,135
11/02/2015,ILM,NC,ASO,EN,Combined TRACON& Tower with Radar,19,22,16,10,67,0,0,0,0,0,19,22,16,10,67,0,0,0,67
11/03/2015,ILM,NC,ASO,EN,Combined TRACON& Tower with Radar,18,25,30,6,79,0,0,0,0,0,18,25,30,6,79,0,0,0,79
11/04/2015,ILM,NC,ASO,EN,Combined TRACON& Tower with Radar,18,34,46,8,106,0,0,0,0,0,18,34,46,8,106,0,0,0,106
11/05/2015,ILM,NC,ASO,EN,Combined TRACON& Tower with Radar,18,27,32,6,83,0,1,13,4,18,18,28,45,10,101,6,24,30,131
11/06/2015,ILM,NC,ASO,EN,Combined TRACON& Tower with Radar,25,28,45,9,107,0,1,25,5,31,25,29,70,14,138,34,6,40,178
11/07/2015,ILM,NC,ASO,EN,Combined TRACON& Tower with Radar,16,21,16,4,57,0,2,27,0,29,16,23,43,4,86,2,0,2,88
11/08/2015,ILM,NC,ASO,EN,Combined TRACON& Tower with Radar,17,25,26,2,70,0,0,9,0,9,17,25,35,2,79,9,0,9,88
11/09/2015,ILM,NC,ASO,EN,Combined TRACON& Tower with Radar,17,24,20,4,65,0,0,1,0,1,17,24,21,4,66,0,0,0,66
11/10/2015,ILM,NC,ASO,EN,Combined TRACON& Tower with Radar,19,23,37,16,95,0,0,0,0,0,19,23,37,16,95,0,0,0,95
11/11/2015,ILM,NC,ASO,EN,Combined TRACON& Tower with Radar,18,28,49,0,95,0,1,26,0,27,18,29,75,0,122,10,0,10,132
11/12/2015,ILM,NC,ASO,EN,Combined TRACON& Tower with Radar,18,28,39,7,92,0,1,20,0,21,18,29,59,7,113,74,0,74,187
11/13/2015,ILM,NC,ASO,EN,Combined TRACON& Tower with Radar,18,29,49,50,146,0,3,24,0,27,18,32,73,50,173,38,20,58,231
11/14/2015,ILM,NC,ASO,EN,Combined TRACON& Tower with Radar,16,20,26,5,67,0,1,33,2,36,16,21,59,7,103,22,0,22,125
11/15/2015,ILM,NC,ASO,EN,Combined TRACON& Tower with Radar,17,24,35,0,76,0,0,44,0,44,17,24,79,0,120,16,0,16,136
11/16/2015,ILM,NC,ASO,EN,Combined TRACON& Tower with Radar,19,25,36,0,80,0,0,17,0,17,19,25,53,0,97,6,0,6,103
11/17/2015,ILM,NC,ASO,EN,Combined TRACON& Tower with Radar,18,28,39,21,106,0,1,14,0,15,18,29,53,21,121,34,0,34,155
11/18/2015,ILM,NC,ASO,EN,Combined TRACON& Tower with Radar,18,27,46,8,99,0,4,8,0,12,18,31,54,8,111,49,0,49,160
11/19/2015,ILM,NC,ASO,EN,Combined TRACON& Tower with Radar,20,26,37,10,93,0,0,0,0,0,20,26,37,10,93,0,0,0,93
11/20/2015,ILM,NC,ASO,EN,Combined TRACON& Tower with Radar,18,32,68,13,131,0,0,33,2,35,18,32,101,15,166,10,0,10,176
11/21/2015,ILM,NC,ASO,EN,Combined TRACON& Tower with Radar,15,17,31,5,68,0,0,44,0,44,15,17,75,5,112,50,0,50,162
11/22/2015,ILM,NC,ASO,EN,Combined TRACON& Tower with Radar,16,22,41,0,79,0,0,5,0,5,16,22,46,0,84,0,0,0,84
11/23/2015,ILM,NC,ASO,EN,Combined TRACON& Tower with Radar,18,17,37,5,77,0,1,11,0,12,18,18,48,5,89,38,0,38,127
11/24/2015,ILM,NC,ASO,EN,Combined TRACON& Tower with Radar,19,36,52,10,117,0,0,26,1,27,19,36,78,11,144,9,8,17,161
11/25/2015,ILM,NC,ASO,EN,Combined TRACON& Tower with Radar,19,39,42,0,100,0,0,28,0,28,19,39,70,0,128,11,0,11,139
11/26/2015,ILM,NC,ASO,EN,Combined TRACON& Tower with Radar,13,7,13,0,33,0,2,17,0,19,13,9,30,0,52,0,0,0,52
11/27/2015,ILM,NC,ASO,EN,Combined TRACON& Tower with Radar,20,20,29,1,70,0,0,40,0,40,20,20,69,1,110,2,0,2,112
11/28/2015,ILM,NC,ASO,EN,Combined TRACON& Tower with Radar,16,35,37,4,92,0,1,36,0,37,16,36,73,4,129,0,0,0,129
11/29/2015,ILM,NC,ASO,EN,Combined TRACON& Tower with Radar,20,46,72,0,138,0,1,33,0,34,20,47,105,0,172,14,0,14,186
11/30/2015,ILM,NC,ASO,EN,Combined TRACON& Tower with Radar,19,27,32,9,87,0,0,0,2,2,19,27,32,11,89,0,0,0,89
12/01/2015,ILM,NC,ASO,EN,Combined TRACON& Tower with Radar,23,33,43,83,182,0,0,11,0,11,23,33,54,83,193,31,80,111,304
12/02/2015,ILM,NC,ASO,EN,Combined TRACON& Tower with Radar,18,26,41,22,107,0,0,10,2,12,18,26,51,24,119,14,18,32,151
12/03/2015,ILM,NC,ASO,EN,Combined TRACON& Tower with Radar,18,34,39,49,140,0,0,27,0,27,18,34,66,49,167,44,20,64,231
12/04/2015,ILM,NC,ASO,EN,Combined TRACON& Tower with Radar,18,29,35,3,85,0,3,24,0,27,18,32,59,3,112,26,0,26,138
12/05/2015,ILM,NC,ASO,EN,Combined TRACON& Tower with Radar,17,18,29,2,66,0,0,30,0,30,17,18,59,2,96,20,0,20,116
12/06/2015,ILM,NC,ASO,EN,Combined TRACON& Tower with Radar,19,26,24,1,70,0,0,31,0,31,19,26,55,1,101,16,0,16,117
12/07/2015,ILM,NC,ASO,EN,Combined TRACON& Tower with Radar,17,20,28,14,79,0,0,0,0,0,17,20,28,14,79,0,0,0,79
12/08/2015,ILM,NC,ASO,EN,Combined TRACON& Tower with Radar,17,34,19,17,87,0,0,12,0,12,17,34,31,17,99,0,0,0,99
12/09/2015,ILM,NC,ASO,EN,Combined TRACON& Tower with Radar,16,31,42,15,104,0,1,7,2,10,16,32,49,17,114,32,2,34,148
12/10/2015,ILM,NC,ASO,EN,Combined TRACON& Tower with Radar,18,34,34,4,90,0,0,24,2,26,18,34,58,6,116,46,0,46,162
12/11/2015,ILM,NC,ASO,EN,Combined TRACON& Tower with Radar,18,29,43,8,98,0,0,19,1,20,18,29,62,9,118,0,20,20,138
12/12/2015,ILM,NC,ASO,EN,Combined TRACON& Tower with Radar,15,18,43,2,78,0,0,40,0,40,15,18,83,2,118,10,0,10,128
12/13/2015,ILM,NC,ASO,EN,Combined TRACON& Tower with Radar,19,31,26,1,77,0,0,17,0,17,19,31,43,1,94,18,0,18,112
12/14/2015,ILM,NC,ASO,EN,Combined TRACON& Tower with Radar,17,19,23,23,82,0,0,1,0,1,17,19,24,23,83,0,0,0,83
12/15/2015,ILM,NC,ASO,EN,Combined TRACON& Tower with Radar,17,29,54,39,139,0,2,23,2,27,17,31,77,41,166,10,22,32,198
12/16/2015,ILM,NC,ASO,EN,Combined TRACON& Tower with Radar,18,29,47,32,126,0,0,21,5,26,18,29,68,37,152,50,28,78,230
12/17/2015,ILM,NC,ASO,EN,Combined TRACON& Tower with Radar,17,35,28,20,100,0,0,2,0,2,17,35,30,20,102,0,0,0,102
12/18/2015,ILM,NC,ASO,EN,Combined TRACON& Tower with Radar,19,38,37,31,125,0,2,9,0,11,19,40,46,31,136,0,18,18,154
12/19/2015,ILM,NC,ASO,EN,Combined TRACON& Tower with Radar,14,28,47,4,93,0,0,26,1,27,14,28,73,5,120,42,0,42,162
12/20/2015,ILM,NC,ASO,EN,Combined TRACON& Tower with Radar,20,32,48,10,110,0,0,41,0,41,20,32,89,10,151,18,0,18,169
12/21/2015,ILM,NC,ASO,EN,Combined TRACON& Tower with Radar,20,26,41,36,123,0,0,22,6,28,20,26,63,42,151,4,52,56,207
12/22/2015,ILM,NC,ASO,EN,Combined TRACON& Tower with Radar,14,25,21,20,80,0,0,2,3,5,14,25,23,23,85,0,16,16,101
12/23/2015,ILM,NC,ASO,EN,Combined TRACON& Tower with Radar,23,33,21,3,80,0,0,0,0,0,23,33,21,3,80,0,0,0,80
12/24/2015,ILM,NC,ASO,EN,Combined TRACON& Tower with Radar,19,23,20,0,62,0,0,2,0,2,19,23,22,0,64,0,0,0,64
12/25/2015,ILM,NC,ASO,EN,Combined TRACON& Tower with Radar,20,15,11,0,46,0,0,2,0,2,20,15,13,0,48,22,0,22,70
12/26/2015,ILM,NC,ASO,EN,Combined TRACON& Tower with Radar,16,43,56,0,115,0,0,3,0,3,16,43,59,0,118,0,0,0,118
12/27/2015,ILM,NC,ASO,EN,Combined TRACON& Tower with Radar,20,23,51,0,94,0,1,21,0,22,20,24,72,0,116,16,0,16,132
12/28/2015,ILM,NC,ASO,EN,Combined TRACON& Tower with Radar,19,19,29,12,79,0,0,4,0,4,19,19,33,12,83,28,6,34,117
12/29/2015,ILM,NC,ASO,EN,Combined TRACON& Tower with Radar,21,33,23,7,84,0,0,5,4,9,21,33,28,11,93,0,0,0,93
12/30/2015,ILM,NC,ASO,EN,Combined TRACON& Tower with Radar,18,26,24,7,75,0,1,2,0,3,18,27,26,7,78,0,0,0,78
12/31/2015,ILM,NC,ASO,EN,Combined TRACON& Tower with Radar,18,23,8,0,49,0,0,5,0,5,18,23,13,0,54,2,0,2,56
01/01/2016,ILM,NC,ASO,EN,Combined TRACON& Tower with Radar,17,21,24,0,62,0,1,8,0,9,17,22,32,0,71,4,0,4,75
01/02/2016,ILM,NC,ASO,EN,Combined TRACON& Tower with Radar,14,40,86,0,140,0,2,35,0,37,14,42,121,0,177,10,0,10,187
01/03/2016,ILM,NC,ASO,EN,Combined TRACON& Tower with Radar,20,31,91,0,142,0,0,33,0,33,20,31,124,0,175,36,0,36,211
01/04/2016,ILM,NC,ASO,EN,Combined TRACON& Tower with Radar,20,17,36,13,86,0,2,9,1,12,20,19,45,14,98,16,0,16,114
01/05/2016,ILM,NC,ASO,EN,Combined TRACON& Tower with Radar,17,25,38,16,96,0,0,12,2,14,17,25,50,18,110,0,8,8,118
01/06/2016,ILM,NC,ASO,EN,Combined TRACON& Tower with Radar,18,25,42,5,90,0,1,11,0,12,18,26,53,5,102,55,0,55,157
01/07/2016,ILM,NC,ASO,EN,Combined TRACON& Tower with Radar,18,23,23,12,76,0,0,6,0,6,18,23,29,12,82,30,0,30,112
01/08/2016,ILM,NC,ASO,EN,Combined TRACON& Tower with Radar,20,24,26,16,86,0,0,0,0,0,20,24,26,16,86,0,0,0,86
01/09/2016,ILM,NC,ASO,EN,Combined TRACON& Tower with Radar,13,20,41,0,74,0,0,5,0,5,13,20,46,0,79,0,0,0,79
01/10/2016,ILM,NC,ASO,EN,Combined TRACON& Tower with Radar,19,14,25,0,58,0,0,20,0,20,19,14,45,0,78,16,0,16,94
01/11/2016,ILM,NC,ASO,EN,Combined TRACON& Tower with Radar,15,26,51,12,104,0,1,36,1,38,15,27,87,13,142,8,6,14,156
01/12/2016,ILM,NC,ASO,EN,Combined TRACON& Tower with Radar,17,23,39,54,133,0,0,15,2,17,17,23,54,56,150,20,44,64,214
01/13/2016,ILM,NC,ASO,EN,Combined TRACON& Tower with Radar,19,27,34,22,102,0,2,19,2,23,19,29,53,24,125,22,14,36,161
01/14/2016,ILM,NC,ASO,EN,Combined TRACON& Tower with Radar,19,25,57,11,112,0,0,31,0,31,19,25,88,11,143,32,0,32,175
01/15/2016,ILM,NC,ASO,EN,Combined TRACON& Tower with Radar,19,32,37,6,94,0,0,3,0,3,19,32,40,6,97,0,0,0,97
01/16/2016,ILM,NC,ASO,EN,Combined TRACON& Tower with Radar,16,21,50,0,87,0,0,27,0,27,16,21,77,0,114,8,0,8,122
01/17/2016,ILM,NC,ASO,EN,Combined TRACON& Tower with Radar,21,18,40,0,79,0,0,1,0,1,21,18,41,0,80,0,0,0,80
01/18/2016,ILM,NC,ASO,EN,Combined TRACON& Tower with Radar,17,25,55,8,105,0,1,13,0,14,17,26,68,8,119,0,0,0,119
01/19/2016,ILM,NC,ASO,EN,Combined TRACON& Tower with Radar,16,23,45,2,86,0,0,9,0,9,16,23,54,2,95,0,0,0,95
01/20/2016,ILM,NC,ASO,EN,Combined TRACON& Tower with Radar,18,24,30,17,89,0,1,8,0,9,18,25,38,17,98,38,8,46,144
01/21/2016,ILM,NC,ASO,EN,Combined TRACON& Tower with Radar,18,31,50,32,131,0,2,18,3,23,18,33,68,35,154,42,0,42,196
01/22/2016,ILM,NC,ASO,EN,Combined TRACON& Tower with Radar,1,14,18,0,33,0,0,0,0,0,1,14,18,0,33,0,0,0,33
01/23/2016,ILM,NC,ASO,EN,Combined TRACON& Tower with Radar,7,5,3,0,15,0,4,0,0,4,7,9,3,0,19,0,0,0,19
01/24/2016,ILM,NC,ASO,EN,Combined TRACON& Tower with Radar,17,11,40,0,68,0,1,24,1,26,17,12,64,1,94,10,0,10,104
01/25/2016,ILM,NC,ASO,EN,Combined TRACON& Tower with Radar,17,23,43,12,95,0,0,19,0,19,17,23,62,12,114,42,0,42,156
01/26/2016,ILM,NC,ASO,EN,Combined TRACON& Tower with Radar,17,33,35,10,95,0,0,5,2,7,17,33,40,12,102,10,7,17,119
01/27/2016,ILM,NC,ASO,EN,Combined TRACON& Tower with Radar,18,34,38,5,95,0,0,8,0,8,18,34,46,5,103,0,20,20,123
01/28/2016,ILM,NC,ASO,EN,Combined TRACON& Tower with Radar,19,22,63,4,108,0,0,2,0,2,19,22,65,4,110,28,0,28,138
01/29/2016,ILM,NC,ASO,EN,Combined TRACON& Tower with Radar,20,27,42,26,115,0,0,17,3,20,20,27,59,29,135,0,22,22,157
01/30/2016,ILM,NC,ASO,EN,Combined TRACON& Tower with Radar,16,12,33,1,62,0,0,33,0,33,16,12,66,1,95,72,0,72,167
01/31/2016,ILM,NC,ASO,EN,Combined TRACON& Tower with Radar,19,16,54,0,89,0,0,46,0,46,19,16,100,0,135,17,0,17,152
02/01/2016,ILM,NC,ASO,EN,Combined TRACON& Tower with Radar,17,21,46,14,98,0,2,15,2,19,17,23,61,16,117,6,0,6,123
02/02/2016,ILM,NC,ASO,EN,Combined TRACON& Tower with Radar,18,22,48,4,92,0,0,11,0,11,18,22,59,4,103,32,0,32,135
02/03/2016,ILM,NC,ASO,EN,Combined TRACON& Tower with Radar,18,24,18,13,73,0,1,2,1,4,18,25,20,14,77,0,10,10,87
02/04/2016,ILM,NC,ASO,EN,Combined TRACON& Tower with Radar,19,27,26,24,96,0,0,0,0,0,19,27,26,24,96,0,0,0,96
02/05/2016,ILM,NC,ASO,EN,Combined TRACON& Tower with Radar,18,28,46,7,99,0,1,13,2,16,18,29,59,9,115,1,0,1,116
02/06/2016,ILM,NC,ASO,EN,Combined TRACON& Tower with Radar,16,15,39,0,70,2,1,45,1,49,18,16,84,1,119,28,0,28,147
02/07/2016,ILM,NC,ASO,EN,Combined TRACON& Tower with Radar,18,16,6,1,41,0,0,0,0,0,18,16,6,1,41,0,0,0,41
02/08/2016,ILM,NC,ASO,EN,Combined TRACON& Tower with Radar,17,25,34,20,96,0,0,15,1,16,17,25,49,21,112,0,8,8,120
02/09/2016,ILM,NC,ASO,EN,Combined TRACON& Tower with Radar,41,21,25,12,99,0,1,5,1,7,41,22,30,13,106,0,0,0,106
02/10/2016,ILM,NC,ASO,EN,Combined TRACON& Tower with Radar,22,27,42,0,91,0,3,8,0,11,22,30,50,0,102,14,0,14,116
02/11/2016,ILM,NC,ASO,EN,Combined TRACON& Tower with Radar,20,25,36,6,87,0,1,31,1,33,20,26,67,7,120,4,0,4,124
02/12/2016,ILM,NC,ASO,EN,Combined TRACON& Tower with Radar,22,31,29,0,82,0,0,1,0,1,22,31,30,0,83,0,0,0,83
02/13/2016,ILM,NC,ASO,EN,Combined TRACON& Tower with Radar,21,20,27,2,70,0,3,10,6,19,21,23,37,8,89,31,8,39,128
02/14/2016,ILM,NC,ASO,EN,Combined TRACON& Tower with Radar,22,14,32,0,68,0,0,28,0,28,22,14,60,0,96,10,0,10,106
02/15/2016,ILM,NC,ASO,EN,Combined TRACON& Tower with Radar,15,23,35,2,75,0,4,1,0,5,15,27,36,2,80,6,0,6,86
02/16/2016,ILM,NC,ASO,EN,Combined TRACON& Tower with Radar,21,23,33,15,92,0,0,8,1,9,21,23,41,16,101,0,0,0,101
02/17/2016,ILM,NC,ASO,EN,Combined TRACON& Tower with Radar,25,21,46,13,105,0,0,20,1,21,25,21,66,14,126,48,0,48,174
02/18/2016,ILM,NC,ASO,EN,Combined TRACON& Tower with Radar,20,23,55,30,128,0,0,23,0,23,20,23,78,30,151,35,17,52,203
02/19/2016,ILM,NC,ASO,EN,Combined TRACON& Tower with Radar,24,19,55,3,101,0,0,25,3,28,24,19,80,6,129,24,0,24,153
02/20/2016,ILM,NC,ASO,EN,Combined TRACON& Tower with Radar,21,15,46,1,83,0,0,36,1,37,21,15,82,2,120,0,0,0,120
02/21/2016,ILM,NC,ASO,EN,Combined TRACON& Tower with Radar,23,17,63,0,103,0,0,18,0,18,23,17,81,0,121,22,1,23,144
02/22/2016,ILM,NC,ASO,EN,Combined TRACON& Tower with Radar,23,17,36,5,81,0,0,2,0,2,23,17,38,5,83,0,0,0,83
02/23/2016,ILM,NC,ASO,EN,Combined TRACON& Tower with Radar,23,25,29,8,85,0,1,2,0,3,23,26,31,8,88,0,0,0,88
02/24/2016,ILM,NC,ASO,EN,Combined TRACON& Tower with Radar,24,10,15,2,51,0,1,0,0,1,24,11,15,2,52,0,0,0,52
02/25/2016,ILM,NC,ASO,EN,Combined TRACON& Tower with Radar,24,22,24,8,78,0,4,4,1,9,24,26,28,9,87,2,0,2,89
02/26/2016,ILM,NC,ASO,EN,Combined TRACON& Tower with Radar,21,23,66,12,122,0,0,21,2,23,21,23,87,14,145,12,0,12,157
02/27/2016,ILM,NC,ASO,EN,Combined TRACON& Tower with Radar,21,7,36,26,90,0,0,49,7,56,21,7,85,33,146,17,0,17,163
02/28/2016,ILM,NC,ASO,EN,Combined TRACON& Tower with Radar,24,10,46,7,87,0,0,28,6,34,24,10,74,13,121,23,0,23,144
02/29/2016,ILM,NC,ASO,EN,Combined TRACON& Tower with Radar,21,20,27,61,129,0,0,16,5,21,21,20,43,66,150,0,16,16,166
03/01/2016,ILM,NC,ASO,EN,Combined TRACON& Tower with Radar,23,19,44,75,161,0,1,14,2,17,23,20,58,77,178,1,26,27,205
03/02/2016,ILM,NC,ASO,EN,Combined TRACON& Tower with Radar,21,18,30,4,73,0,0,9,2,11,21,18,39,6,84,0,0,0,84
03/03/2016,ILM,NC,ASO,EN,Combined TRACON& Tower with Radar,20,26,52,15,113,0,1,17,5,23,20,27,69,20,136,0,0,0,136
03/04/2016,ILM,NC,ASO,EN,Combined TRACON& Tower with Radar,20,23,39,4,86,0,2,11,0,13,20,25,50,4,99,18,0,18,117
03/05/2016,ILM,NC,ASO,EN,Combined TRACON& Tower with Radar,17,15,33,8,73,0,0,32,15,47,17,15,65,23,120,22,0,22,142
03/06/2016,ILM,NC,ASO,EN,Combined TRACON& Tower with Radar,22,21,34,2,79,0,0,35,18,53,22,21,69,20,132,14,0,14,146
03/07/2016,ILM,NC,ASO,EN,Combined TRACON& Tower with Radar,20,20,44,11,95,0,0,16,0,16,20,20,60,11,111,19,0,19,130
03/08/2016,ILM,NC,ASO,EN,Combined TRACON& Tower with Radar,18,28,48,11,105,0,0,25,0,25,18,28,73,11,130,0,0,0,130
03/09/2016,ILM,NC,ASO,EN,Combined TRACON& Tower with Radar,18,19,31,8,76,0,1,22,3,26,18,20,53,11,102,40,0,40,142
03/10/2016,ILM,NC,ASO,EN,Combined TRACON& Tower with Radar,18,22,51,15,106,0,0,19,18,37,18,22,70,33,143,62,0,62,205
03/11/2016,ILM,NC,ASO,EN,Combined TRACON& Tower with Radar,20,17,57,2,96,0,1,19,8,28,20,18,76,10,124,11,0,11,135
03/12/2016,ILM,NC,ASO,EN,Combined TRACON& Tower with Radar,17,18,38,2,75,0,1,26,10,37,17,19,64,12,112,43,0,43,155
03/13/2016,ILM,NC,ASO,EN,Combined TRACON& Tower with Radar,19,15,51,0,85,0,1,14,5,20,19,16,65,5,105,26,0,26,131
03/14/2016,ILM,NC,ASO,EN,Combined TRACON& Tower with Radar,25,18,34,34,111,0,1,5,4,10,25,19,39,38,121,10,4,14,135
03/15/2016,ILM,NC,ASO,EN,Combined TRACON& Tower with Radar,20,24,30,46,120,0,2,25,5,32,20,26,55,51,152,27,0,27,179
03/16/2016,ILM,NC,ASO,EN,Combined TRACON& Tower with Radar,18,21,62,31,132,0,0,14,4,18,18,21,76,35,150,36,18,54,204
03/17/2016,ILM,NC,ASO,EN,Combined TRACON& Tower with Radar,19,24,45,20,108,0,1,15,4,20,19,25,60,24,128,12,0,12,140
03/18/2016,ILM,NC,ASO,EN,Combined TRACON& Tower with Radar,20,28,44,19,111,0,0,31,1,32,20,28,75,20,143,20,10,30,173
03/19/2016,ILM,NC,ASO,EN,Combined TRACON& Tower with Radar,17,26,40,3,86,0,0,16,3,19,17,26,56,6,105,61,0,61,166
03/20/2016,ILM,NC,ASO,EN,Combined TRACON& Tower with Radar,20,33,41,3,97,0,0,0,0,0,20,33,41,3,97,0,0,0,97
03/21/2016,ILM,NC,ASO,EN,Combined TRACON& Tower with Radar,20,16,39,9,84,0,0,16,0,16,20,16,55,9,100,4,6,10,110
03/22/2016,ILM,NC,ASO,EN,Combined TRACON& Tower with Radar,18,25,56,3,102,0,2,23,4,29,18,27,79,7,131,24,0,24,155
03/23/2016,ILM,NC,ASO,EN,Combined TRACON& Tower with Radar,18,29,59,4,110,0,0,33,1,34,18,29,92,5,144,16,0,16,160
03/24/2016,ILM,NC,ASO,EN,Combined TRACON& Tower with Radar,16,45,69,15,145,0,0,31,2,33,16,45,100,17,178,1,10,11,189
03/25/2016,ILM,NC,ASO,EN,Combined TRACON& Tower with Radar,22,28,32,17,99,0,0,9,1,10,22,28,41,18,109,6,18,24,133
03/26/2016,ILM,NC,ASO,EN,Combined TRACON& Tower with Radar,17,12,32,3,64,0,0,8,0,8,17,12,40,3,72,0,0,0,72
03/27/2016,ILM,NC,ASO,EN,Combined TRACON& Tower with Radar,20,33,16,0,69,0,0,0,0,0,20,33,16,0,69,0,0,0,69
03/28/2016,ILM,NC,ASO,EN,Combined TRACON& Tower with Radar,20,25,52,6,103,0,2,24,0,26,20,27,76,6,129,48,6,54,183
03/29/2016,ILM,NC,ASO,EN,Combined TRACON& Tower with Radar,18,25,62,21,126,0,0,24,0,24,18,25,86,21,150,2,11,13,163
03/30/2016,ILM,NC,ASO,EN,Combined TRACON& Tower with Radar,18,24,63,28,133,0,2,34,2,38,18,26,97,30,171,14,18,32,203
03/31/2016,ILM,NC,ASO,EN,Combined TRACON& Tower with Radar,18,28,42,12,100,0,0,7,2,9,18,28,49,14,109,46,0,46,155
04/01/2016,ILM,NC,ASO,EN,Combined TRACON& Tower with Radar,20,20,34,3,77,0,0,4,2,6,20,20,38,5,83,0,0,0,83
04/02/2016,ILM,NC,ASO,EN,Combined TRACON& Tower with Radar,17,27,31,17,92,0,1,6,3,10,17,28,37,20,102,8,0,8,110
04/03/2016,ILM,NC,ASO,EN,Combined TRACON& Tower with Radar,18,29,40,0,87,0,0,47,1,48,18,29,87,1,135,4,0,4,139
04/04/2016,ILM,NC,ASO,EN,Combined TRACON& Tower with Radar,22,21,46,10,99,0,1,16,4,21,22,22,62,14,120,10,0,10,130
04/05/2016,ILM,NC,ASO,EN,Combined TRACON& Tower with Radar,20,32,32,21,105,0,0,16,0,16,20,32,48,21,121,12,0,12,133
04/06/2016,ILM,NC,ASO,EN,Combined TRACON& Tower with Radar,20,23,60,61,164,0,0,35,3,38,20,23,95,64,202,0,34,34,236
04/07/2016,ILM,NC,ASO,EN,Combined TRACON& Tower with Radar,18,26,38,2,84,0,0,6,2,8,18,26,44,4,92,0,0,0,92
04/08/2016,ILM,NC,ASO,EN,Combined TRACON& Tower with Radar,22,24,44,11,101,0,0,19,0,19,22,24,63,11,120,0,0,0,120
04/09/2016,ILM,NC,ASO,EN,Combined TRACON& Tower with Radar,22,15,18,5,60,0,0,10,7,17,22,15,28,12,77,10,0,10,87
04/10/2016,ILM,NC,ASO,EN,Combined TRACON& Tower with Radar,20,29,48,2,99,0,2,43,2,47,20,31,91,4,146,52,0,52,198
04/11/2016,ILM,NC,ASO,EN,Combined TRACON& Tower with Radar,22,18,55,22,117,0,1,18,0,19,22,19,73,22,136,12,12,24,160
04/12/2016,ILM,NC,ASO,EN,Combined TRACON& Tower with Radar,20,26,33,21,100,0,0,5,1,6,20,26,38,22,106,0,6,6,112
04/13/2016,ILM,NC,ASO,EN,Combined TRACON& Tower with Radar,20,22,49,12,103,0,0,16,1,17,20,22,65,13,120,24,0,24,144
04/14/2016,ILM,NC,ASO,EN,Combined TRACON& Tower with Radar,20,35,60,12,127,0,3,22,0,25,20,38,82,12,152,6,22,28,180
04/15/2016,ILM,NC,ASO,EN,Combined TRACON& Tower with Radar,22,18,45,8,93,0,0,12,0,12,22,18,57,8,105,0,0,0,105
04/16/2016,ILM,NC,ASO,EN,Combined TRACON& Tower with Radar,20,18,30,1,69,0,5,21,1,27,20,23,51,2,96,8,0,8,104
04/17/2016,ILM,NC,ASO,EN,Combined TRACON& Tower with Radar,22,23,52,1,98,0,0,36,0,36,22,23,88,1,134,5,0,5,139
04/18/2016,ILM,NC,ASO,EN,Combined TRACON& Tower with Radar,22,22,46,8,98,0,1,27,0,28,22,23,73,8,126,8,0,8,134
04/19/2016,ILM,NC,ASO,EN,Combined TRACON& Tower with Radar,23,23,38,9,93,0,0,36,2,38,23,23,74,11,131,22,0,22,153
04/20/2016,ILM,NC,ASO,EN,Combined TRACON& Tower with Radar,22,21,44,6,93,0,1,8,2,11,22,22,52,8,104,55,0,55,159
04/21/2016,ILM,NC,ASO,EN,Combined TRACON& Tower with Radar,20,23,50,5,98,0,0,16,0,16,20,23,66,5,114,4,0,4,118
04/22/2016,ILM,NC,ASO,EN,Combined TRACON& Tower with Radar,22,23,25,7,77,0,0,9,0,9,22,23,34,7,86,18,4,22,108
04/23/2016,ILM,NC,ASO,EN,Combined TRACON& Tower with Radar,18,14,43,5,80,0,0,20,0,20,18,14,63,5,100,20,0,20,120
04/24/2016,ILM,NC,ASO,EN,Combined TRACON& Tower with Radar,22,25,40,16,103,0,2,42,0,44,22,27,82,16,147,0,0,0,147
04/25/2016,ILM,NC,ASO,EN,Combined TRACON& Tower with Radar,22,15,43,11,91,0,0,25,2,27,22,15,68,13,118,2,4,6,124
04/26/2016,ILM,NC,ASO,EN,Combined TRACON& Tower with Radar,20,21,31,12,84,0,0,11,0,11,20,21,42,12,95,0,10,10,105
04/27/2016,ILM,NC,ASO,EN,Combined TRACON& Tower with Radar,20,21,41,28,110,0,0,13,2,15,20,21,54,30,125,0,0,0,125
04/28/2016,ILM,NC,ASO,EN,Combined TRACON& Tower with Radar,20,26,46,7,99,0,0,9,1,10,20,26,55,8,109,7,6,13,122
04/29/2016,ILM,NC,ASO,EN,Combined TRACON& Tower with Radar,22,26,42,16,106,0,1,18,0,19,22,27,60,16,125,12,0,12,137
04/30/2016,ILM,NC,ASO,EN,Combined TRACON& Tower with Radar,18,23,41,18,100,0,0,18,1,19,18,23,59,19,119,41,0,41,160
05/01/2016,ILM,NC,ASO,EN,Combined TRACON& Tower with Radar,17,22,36,5,80,0,0,5,0,5,17,22,41,5,85,8,0,8,93
05/02/2016,ILM,NC,ASO,EN,Combined TRACON& Tower with Radar,21,19,39,34,113,0,0,4,1,5,21,19,43,35,118,29,0,29,147
05/03/2016,ILM,NC,ASO,EN,Combined TRACON& Tower with Radar,19,26,15,2,62,0,0,2,0,2,19,26,17,2,64,0,0,0,64
05/04/2016,ILM,NC,ASO,EN,Combined TRACON& Tower with Radar,19,24,44,55,142,0,0,14,5,19,19,24,58,60,161,60,44,104,265
05/05/2016,ILM,NC,ASO,EN,Combined TRACON& Tower with Radar,23,16,40,39,118,0,0,7,0,7,23,16,47,39,125,38,16,54,179
05/06/2016,ILM,NC,ASO,EN,Combined TRACON& Tower with Radar,21,20,62,27,130,0,0,13,5,18,21,20,75,32,148,10,24,34,182
05/07/2016,ILM,NC,ASO,EN,Combined TRACON& Tower with Radar,18,21,40,0,79,0,2,44,2,48,18,23,84,2,127,4,0,4,131
05/08/2016,ILM,NC,ASO,EN,Combined TRACON& Tower with Radar,20,19,44,2,85,0,0,25,0,25,20,19,69,2,110,22,0,22,132
05/09/2016,ILM,NC,ASO,EN,Combined TRACON& Tower with Radar,23,22,33,25,103,0,1,15,0,16,23,23,48,25,119,0,0,0,119
05/10/2016,ILM,NC,ASO,EN,Combined TRACON& Tower with Radar,23,19,53,18,113,0,0,17,0,17,23,19,70,18,130,44,12,56,186
05/11/2016,ILM,NC,ASO,EN,Combined TRACON& Tower with Radar,23,26,47,12,108,0,2,24,2,28,23,28,71,14,136,27,8,35,171
05/12/2016,ILM,NC,ASO,EN,Combined TRACON& Tower with Radar,21,26,46,18,111,0,2,9,2,13,21,28,55,20,124,12,0,12,136
05/13/2016,ILM,NC,ASO,EN,Combined TRACON& Tower with Radar,23,22,42,1,88,0,1,11,4,16,23,23,53,5,104,24,24,48,152
05/14/2016,ILM,NC,ASO,EN,Combined TRACON& Tower with Radar,20,21,38,2,81,0,1,36,0,37,20,22,74,2,118,22,0,22,140
05/15/2016,ILM,NC,ASO,EN,Combined TRACON& Tower with Radar,21,22,54,0,97,0,1,26,0,27,21,23,80,0,124,20,0,20,144
05/16/2016,ILM,NC,ASO,EN,Combined TRACON& Tower with Radar,24,17,44,11,96,0,0,28,1,29,24,17,72,12,125,9,10,19,144
05/17/2016,ILM,NC,ASO,EN,Combined TRACON& Tower with Radar,20,27,51,8,106,2,0,7,2,11,22,27,58,10,117,12,8,20,137
05/18/2016,ILM,NC,ASO,EN,Combined TRACON& Tower with Radar,21,24,42,0,87,0,0,0,2,2,21,24,42,2,89,0,0,0,89
05/19/2016,ILM,NC,ASO,EN,Combined TRACON& Tower with Radar,21,31,36,5,93,0,0,11,0,11,21,31,47,5,104,42,12,54,158
05/20/2016,ILM,NC,ASO,EN,Combined TRACON& Tower with Radar,21,20,48,2,91,0,4,4,0,8,21,24,52,2,99,0,0,0,99
05/21/2016,ILM,NC,ASO,EN,Combined TRACON& Tower with Radar,22,19,44,3,88,0,1,11,0,12,22,20,55,3,100,12,0,12,112
05/22/2016,ILM,NC,ASO,EN,Combined TRACON& Tower with Radar,23,27,43,8,101,0,0,14,0,14,23,27,57,8,115,12,0,12,127
05/23/2016,ILM,NC,ASO,EN,Combined TRACON& Tower with Radar,21,15,39,6,81,0,0,11,2,13,21,15,50,8,94,20,0,20,114
05/24/2016,ILM,NC,ASO,EN,Combined TRACON& Tower with Radar,20,21,29,0,70,0,1,17,2,20,20,22,46,2,90,36,0,36,126
05/25/2016,ILM,NC,ASO,EN,Combined TRACON& Tower with Radar,21,24,40,10,95,0,0,21,2,23,21,24,61,12,118,35,4,39,157
05/26/2016,ILM,NC,ASO,EN,Combined TRACON& Tower with Radar,19,40,69,13,141,0,4,17,0,21,19,44,86,13,162,14,0,14,176
05/27/2016,ILM,NC,ASO,EN,Combined TRACON& Tower with Radar,21,32,62,0,115,0,0,36,0,36,21,32,98,0,151,12,0,12,163
05/28/2016,ILM,NC,ASO,EN,Combined TRACON& Tower with Radar,17,23,27,0,67,0,0,10,0,10,17,23,37,0,77,26,0,26,103
05/29/2016,ILM,NC,ASO,EN,Combined TRACON& Tower with Radar,24,16,10,0,50,0,0,3,2,5,24,16,13,2,55,0,0,0,55
05/30/2016,ILM,NC,ASO,EN,Combined TRACON& Tower with Radar,21,32,43,0,96,0,0,15,0,15,21,32,58,0,111,8,0,8,119
05/31/2016,ILM,NC,ASO,EN,Combined TRACON& Tower with Radar,20,22,40,0,82,0,0,1,0,1,20,22,41,0,83,0,0,0,83
06/01/2016,ILM,NC,ASO,EN,Combined TRACON& Tower with Radar,20,22,31,1,74,0,0,3,0,3,20,22,34,1,77,0,0,0,77
06/02/2016,ILM,NC,ASO,EN,Combined TRACON& Tower with Radar,21,29,35,15,100,0,0,17,6,23,21,29,52,21,123,18,0,18,141
06/03/2016,ILM,NC,ASO,EN,Combined TRACON& Tower with Radar,21,25,45,12,103,0,0,22,0,22,21,25,67,12,125,18,0,18,143
06/04/2016,ILM,NC,ASO,EN,Combined TRACON& Tower with Radar,20,29,31,2,82,0,0,44,0,44,20,29,75,2,126,16,0,16,142
06/05/2016,ILM,NC,ASO,EN,Combined TRACON& Tower with Radar,21,22,39,0,82,0,2,10,0,12,21,24,49,0,94,44,0,44,138
06/06/2016,ILM,NC,ASO,EN,Combined TRACON& Tower with Radar,23,16,27,6,72,0,1,14,0,15,23,17,41,6,87,5,8,13,100
06/07/2016,ILM,NC,ASO,EN,Combined TRACON& Tower with Radar,23,24,35,4,86,0,1,11,0,12,23,25,46,4,98,0,8,8,106
06/08/2016,ILM,NC,ASO,EN,Combined TRACON& Tower with Radar,21,29,55,10,115,0,1,36,0,37,21,30,91,10,152,38,70,108,260
06/09/2016,ILM,NC,ASO,EN,Combined TRACON& Tower with Radar,25,34,53,14,126,0,0,52,1,53,25,34,105,15,179,10,0,10,189
06/10/2016,ILM,NC,ASO,EN,Combined TRACON& Tower with Radar,22,26,54,9,111,0,1,33,7,41,22,27,87,16,152,20,0,20,172
06/11/2016,ILM,NC,ASO,EN,Combined TRACON& Tower with Radar,21,29,40,2,92,0,3,43,0,46,21,32,83,2,138,16,0,16,154
06/12/2016,ILM,NC,ASO,EN,Combined TRACON& Tower with Radar,23,27,45,2,97,0,0,34,0,34,23,27,79,2,131,14,0,14,145
06/13/2016,ILM,NC,ASO,EN,Combined TRACON& Tower with Radar,24,21,51,30,126,0,1,30,2,33,24,22,81,32,159,25,0,25,184
06/14/2016,ILM,NC,ASO,EN,Combined TRACON& Tower with Radar,21,24,46,3,94,0,0,19,2,21,21,24,65,5,115,10,4,14,129
06/15/2016,ILM,NC,ASO,EN,Combined TRACON& Tower with Radar,24,27,33,0,84,0,0,13,0,13,24,27,46,0,97,0,0,0,97
06/16/2016,ILM,NC,ASO,EN,Combined TRACON& Tower with Radar,22,23,38,23,106,0,1,20,2,23,22,24,58,25,129,22,0,22,151
06/17/2016,ILM,NC,ASO,EN,Combined TRACON& Tower with Radar,25,29,49,15,118,0,1,30,1,32,25,30,79,16,150,16,28,44,194
06/18/2016,ILM,NC,ASO,EN,Combined TRACON& Tower with Radar,21,24,31,0,76,0,1,17,0,18,21,25,48,0,94,0,0,0,94
06/19/2016,ILM,NC,ASO,EN,Combined TRACON& Tower with Radar,25,22,36,0,83,0,0,33,0,33,25,22,69,0,116,2,0,2,118
06/20/2016,ILM,NC,ASO,EN,Combined TRACON& Tower with Radar,24,33,53,9,119,0,0,38,0,38,24,33,91,9,157,36,10,46,203
06/21/2016,ILM,NC,ASO,EN,Combined TRACON& Tower with Radar,25,26,37,35,123,0,1,21,3,25,25,27,58,38,148,12,34,46,194
06/22/2016,ILM,NC,ASO,EN,Combined TRACON& Tower with Radar,23,24,44,31,122,0,0,33,4,37,23,24,77,35,159,0,0,0,159
06/23/2016,ILM,NC,ASO,EN,Combined TRACON& Tower with Radar,23,29,49,4,105,0,1,26,0,27,23,30,75,4,132,10,0,10,142
06/24/2016,ILM,NC,ASO,EN,Combined TRACON& Tower with Radar,26,42,43,7,118,0,0,21,7,28,26,42,64,14,146,0,0,0,146
06/25/2016,ILM,NC,ASO,EN,Combined TRACON& Tower with Radar,22,27,41,0,90,0,0,14,0,14,22,27,55,0,104,26,0,26,130
06/26/2016,ILM,NC,ASO,EN,Combined TRACON& Tower with Radar,26,37,52,3,118,0,0,25,7,32,26,37,77,10,150,16,0,16,166
06/27/2016,ILM,NC,ASO,EN,Combined TRACON& Tower with Radar,34,28,53,9,124,0,1,27,3,31,34,29,80,12,155,20,16,36,191
06/28/2016,ILM,NC,ASO,EN,Combined TRACON& Tower with Radar,23,29,35,11,98,0,0,8,5,13,23,29,43,16,111,0,12,12,123
06/29/2016,ILM,NC,ASO,EN,Combined TRACON& Tower with Radar,24,31,41,20,116,0,1,21,7,29,24,32,62,27,145,8,0,8,153
06/30/2016,ILM,NC,ASO,EN,Combined TRACON& Tower with Radar,26,29,52,12,119,0,0,22,2,24,26,29,74,14,143,0,10,10,153
07/01/2016,ILM,NC,ASO,EN,Combined TRACON& Tower with Radar,21,30,56,4,111,0,0,10,0,10,21,30,66,4,121,14,0,14,135
07/02/2016,ILM,NC,ASO,EN,Combined TRACON& Tower with Radar,19,36,35,0,90,0,0,30,0,30,19,36,65,0,120,10,0,10,130
07/03/2016,ILM,NC,ASO,EN,Combined TRACON& Tower with Radar,28,16,34,0,78,0,0,16,0,16,28,16,50,0,94,8,0,8,102
07/04/2016,ILM,NC,ASO,EN,Combined TRACON& Tower with Radar,24,17,19,0,60,0,2,5,1,8,24,19,24,1,68,0,0,0,68
07/05/2016,ILM,NC,ASO,EN,Combined TRACON& Tower with Radar,24,21,50,8,103,0,0,20,0,20,24,21,70,8,123,0,0,0,123
07/06/2016,ILM,NC,ASO,EN,Combined TRACON& Tower with Radar,23,26,43,23,115,0,1,23,0,24,23,27,66,23,139,0,0,0,139
07/07/2016,ILM,NC,ASO,EN,Combined TRACON& Tower with Radar,25,29,40,25,119,0,1,18,5,24,25,30,58,30,143,5,32,37,180
07/08/2016,ILM,NC,ASO,EN,Combined TRACON& Tower with Radar,22,30,58,42,152,0,0,29,0,29,22,30,87,42,181,22,42,64,245
07/09/2016,ILM,NC,ASO,EN,Combined TRACON& Tower with Radar,20,31,33,0,84,0,0,31,2,33,20,31,64,2,117,8,0,8,125
07/10/2016,ILM,NC,ASO,EN,Combined TRACON& Tower with Radar,25,21,25,3,74,0,0,30,3,33,25,21,55,6,107,6,0,6,113
07/11/2016,ILM,NC,ASO,EN,Combined TRACON& Tower with Radar,25,26,25,1,77,0,0,3,1,4,25,26,28,2,81,0,0,0,81
07/12/2016,ILM,NC,ASO,EN,Combined TRACON& Tower with Radar,23,24,38,15,100,0,3,18,2,23,23,27,56,17,123,56,0,56,179
07/13/2016,ILM,NC,ASO,EN,Combined TRACON& Tower with Radar,24,21,43,20,108,0,0,17,5,22,24,21,60,25,130,10,8,18,148
07/14/2016,ILM,NC,ASO,EN,Combined TRACON& Tower with Radar,22,36,51,28,137,0,0,21,2,23,22,36,72,30,160,4,12,16,176
07/15/2016,ILM,NC,ASO,EN,Combined TRACON& Tower with Radar,23,33,54,29,139,0,2,17,4,23,23,35,71,33,162,0,0,0,162
07/16/2016,ILM,NC,ASO,EN,Combined TRACON& Tower with Radar,23,18,39,0,80,0,0,24,3,27,23,18,63,3,107,20,0,20,127
07/17/2016,ILM,NC,ASO,EN,Combined TRACON& Tower with Radar,26,26,37,0,89,0,0,33,0,33,26,26,70,0,122,0,0,0,122
07/18/2016,ILM,NC,ASO,EN,Combined TRACON& Tower with Radar,24,28,61,6,119,0,0,23,2,25,24,28,84,8,144,18,0,18,162
07/19/2016,ILM,NC,ASO,EN,Combined TRACON& Tower with Radar,23,24,43,12,102,0,3,8,2,13,23,27,51,14,115,18,8,26,141
07/20/2016,ILM,NC,ASO,EN,Combined TRACON& Tower with Radar,25,29,45,20,119,0,0,13,0,13,25,29,58,20,132,14,0,14,146
07/21/2016,ILM,NC,ASO,EN,Combined TRACON& Tower with Radar,25,30,54,41,150,0,1,23,4,28,25,31,77,45,178,0,0,0,178
07/22/2016,ILM,NC,ASO,EN,Combined TRACON& Tower with Radar,25,28,41,14,108,0,2,27,11,40,25,30,68,25,148,16,0,16,164
07/23/2016,ILM,NC,ASO,EN,Combined TRACON& Tower with Radar,22,22,44,7,95,0,0,28,3,31,22,22,72,10,126,8,0,8,134
07/24/2016,ILM,NC,ASO,EN,Combined TRACON& Tower with Radar,27,30,39,0,96,0,2,30,3,35,27,32,69,3,131,0,0,0,131
07/25/2016,ILM,NC,ASO,EN,Combined TRACON& Tower with Radar,25,21,35,15,96,0,1,18,0,19,25,22,53,15,115,1,0,1,116
07/26/2016,ILM,NC,ASO,EN,Combined TRACON& Tower with Radar,24,19,46,19,108,0,1,21,2,24,24,20,67,21,132,4,0,4,136
07/27/2016,ILM,NC,ASO,EN,Combined TRACON& Tower with Radar,24,28,41,10,103,2,0,17,1,20,26,28,58,11,123,0,0,0,123
07/28/2016,ILM,NC,ASO,EN,Combined TRACON& Tower with Radar,19,27,40,15,101,0,1,25,3,29,19,28,65,18,130,0,0,0,130
07/29/2016,ILM,NC,ASO,EN,Combined TRACON& Tower with Radar,23,25,59,22,129,0,0,27,11,38,23,25,86,33,167,14,12,26,193
07/30/2016,ILM,NC,ASO,EN,Combined TRACON& Tower with Radar,17,19,26,4,66,0,0,26,4,30,17,19,52,8,96,30,0,30,126
07/31/2016,ILM,NC,ASO,EN,Combined TRACON& Tower with Radar,26,32,48,2,108,0,0,11,2,13,26,32,59,4,121,0,0,0,121
08/01/2016,ILM,NC,ASO,EN,Combined TRACON& Tower with Radar,26,24,24,6,80,0,0,8,2,10,26,24,32,8,90,10,0,10,100
08/02/2016,ILM,NC,ASO,EN,Combined TRACON& Tower with Radar,21,29,50,29,129,0,0,25,8,33,21,29,75,37,162,18,28,46,208
08/03/2016,ILM,NC,ASO,EN,Combined TRACON& Tower with Radar,24,26,46,4,100,0,0,6,0,6,24,26,52,4,106,0,0,0,106
08/04/2016,ILM,NC,ASO,EN,Combined TRACON& Tower with Radar,23,23,40,19,105,0,0,26,4,30,23,23,66,23,135,24,0,24,159
08/05/2016,ILM,NC,ASO,EN,Combined TRACON& Tower with Radar,24,23,47,8,102,0,0,21,2,23,24,23,68,10,125,36,0,36,161
08/06/2016,ILM,NC,ASO,EN,Combined TRACON& Tower with Radar,22,24,33,4,83,0,0,13,13,26,22,24,46,17,109,24,0,24,133
08/07/2016,ILM,NC,ASO,EN,Combined TRACON& Tower with Radar,25,18,35,12,90,0,0,23,2,25,25,18,58,14,115,56,0,56,171
08/08/2016,ILM,NC,ASO,EN,Combined TRACON& Tower with Radar,23,22,36,10,91,0,1,23,1,25,23,23,59,11,116,7,2,9,125
08/09/2016,ILM,NC,ASO,EN,Combined TRACON& Tower with Radar,22,30,46,10,108,0,0,16,4,20,22,30,62,14,128,10,12,22,150
08/10/2016,ILM,NC,ASO,EN,Combined TRACON& Tower with Radar,25,28,30,3,86,0,0,21,2,23,25,28,51,5,109,36,0,36,145
08/11/2016,ILM,NC,ASO,EN,Combined TRACON& Tower with Radar,23,26,63,11,123,0,1,30,4,35,23,27,93,15,158,20,0,20,178
08/12/2016,ILM,NC,ASO,EN,Combined TRACON& Tower with Radar,24,19,48,21,112,0,0,15,5,20,24,19,63,26,132,10,12,22,154
08/13/2016,ILM,NC,ASO,EN,Combined TRACON& Tower with Radar,22,29,37,12,100,0,0,40,1,41,22,29,77,13,141,54,0,54,195
08/14/2016,ILM,NC,ASO,EN,Combined TRACON& Tower with Radar,25,26,47,6,104,2,0,30,4,36,27,26,77,10,140,20,0,20,160
08/15/2016,ILM,NC,ASO,EN,Combined TRACON& Tower with Radar,29,19,35,14,97,0,0,28,2,30,29,19,63,16,127,28,6,34,161
08/16/2016,ILM,NC,ASO,EN,Combined TRACON& Tower with Radar,26,17,42,22,107,0,1,25,1,27,26,18,67,23,134,10,0,10,144
08/17/2016,ILM,NC,ASO,EN,Combined TRACON& Tower with Radar,31,25,44,39,139,0,0,29,2,31,31,25,73,41,170,18,44,62,232
08/18/2016,ILM,NC,ASO,EN,Combined TRACON& Tower with Radar,24,33,52,6,115,0,0,16,0,16,24,33,68,6,131,0,0,0,131
08/19/2016,ILM,NC,ASO,EN,Combined TRACON& Tower with Radar,22,27,59,26,134,0,2,20,6,28,22,29,79,32,162,4,0,4,166
08/20/2016,ILM,NC,ASO,EN,Combined TRACON& Tower with Radar,24,19,17,6,66,0,0,27,1,28,24,19,44,7,94,8,0,8,102
08/21/2016,ILM,NC,ASO,EN,Combined TRACON& Tower with Radar,24,25,55,1,105,0,4,21,1,26,24,29,76,2,131,0,0,0,131
08/22/2016,ILM,NC,ASO,EN,Combined TRACON& Tower with Radar,25,14,46,24,109,0,0,17,3,20,25,14,63,27,129,0,24,24,153
08/23/2016,ILM,NC,ASO,EN,Combined TRACON& Tower with Radar,23,21,41,20,105,0,3,21,15,39,23,24,62,35,144,0,8,8,152
08/24/2016,ILM,NC,ASO,EN,Combined TRACON& Tower with Radar,24,23,46,23,116,0,2,28,13,43,24,25,74,36,159,12,0,12,171
08/25/2016,ILM,NC,ASO,EN,Combined TRACON& Tower with Radar,21,34,46,22,123,0,2,21,7,30,21,36,67,29,153,30,0,30,183
08/26/2016,ILM,NC,ASO,EN,Combined TRACON& Tower with Radar,24,25,45,16,110,0,0,22,12,34,24,25,67,28,144,42,0,42,186
08/27/2016,ILM,NC,ASO,EN,Combined TRACON& Tower with Radar,24,18,29,8,79,0,0,29,11,40,24,18,58,19,119,16,0,16,135
08/28/2016,ILM,NC,ASO,EN,Combined TRACON& Tower with Radar,25,30,42,13,110,0,1,17,2,20,25,31,59,15,130,6,0,6,136
08/29/2016,ILM,NC,ASO,EN,Combined TRACON& Tower with Radar,19,19,27,6,71,0,0,4,1,5,19,19,31,7,76,10,0,10,86
08/30/2016,ILM,NC,ASO,EN,Combined TRACON& Tower with Radar,21,23,30,4,78,0,0,11,2,13,21,23,41,6,91,28,0,28,119
08/31/2016,ILM,NC,ASO,EN,Combined TRACON& Tower with Radar,21,33,40,3,97,0,0,5,2,7,21,33,45,5,104,28,10,38,142
09/01/2016,ILM,NC,ASO,EN,Combined TRACON& Tower with Radar,21,37,43,2,103,0,2,29,6,37,21,39,72,8,140,8,0,8,148
09/02/2016,ILM,NC,ASO,EN,Combined TRACON& Tower with Radar,18,27,9,0,54,0,0,0,0,0,18,27,9,0,54,0,0,0,54
09/03/2016,ILM,NC,ASO,EN,Combined TRACON& Tower with Radar,21,24,29,0,74,0,5,9,2,16,21,29,38,2,90,0,0,0,90
09/04/2016,ILM,NC,ASO,EN,Combined TRACON& Tower with Radar,17,20,27,0,64,0,1,35,2,38,17,21,62,2,102,70,0,70,172
09/05/2016,ILM,NC,ASO,EN,Combined TRACON& Tower with Radar,18,33,65,0,116,0,0,38,0,38,18,33,103,0,154,34,0,34,188
09/06/2016,ILM,NC,ASO,EN,Combined TRACON& Tower with Radar,18,26,36,14,94,0,0,32,3,35,18,26,68,17,129,6,22,28,157
09/07/2016,ILM,NC,ASO,EN,Combined TRACON& Tower with Radar,18,31,43,7,99,0,0,57,2,59,18,31,100,9,158,8,0,8,166
09/08/2016,ILM,NC,ASO,EN,Combined TRACON& Tower with Radar,19,30,42,6,97,0,3,31,0,34,19,33,73,6,131,27,0,27,158
09/09/2016,ILM,NC,ASO,EN,Combined TRACON& Tower with Radar,19,22,44,13,98,0,0,28,4,32,19,22,72,17,130,30,0,30,160
09/10/2016,ILM,NC,ASO,EN,Combined TRACON& Tower with Radar,19,21,26,2,68,0,0,35,4,39,19,21,61,6,107,10,0,10,117
09/11/2016,ILM,NC,ASO,EN,Combined TRACON& Tower with Radar,21,25,40,2,88,0,2,53,1,56,21,27,93,3,144,46,0,46,190
09/12/2016,ILM,NC,ASO,EN,Combined TRACON& Tower with Radar,18,24,19,0,61,0,0,4,2,6,18,24,23,2,67,47,0,47,114
09/13/2016,ILM,NC,ASO,EN,Combined TRACON& Tower with Radar,18,25,32,15,90,0,1,13,4,18,18,26,45,19,108,12,0,12,120
09/14/2016,ILM,NC,ASO,EN,Combined TRACON& Tower with Radar,19,30,26,13,88,0,0,7,1,8,19,30,33,14,96,2,0,2,98
09/15/2016,ILM,NC,ASO,EN,Combined TRACON& Tower with Radar,23,29,42,3,97,0,1,2,0,3,23,30,44,3,100,18,8,26,126
09/16/2016,ILM,NC,ASO,EN,Combined TRACON& Tower with Radar,21,27,39,8,95,0,2,9,6,17,21,29,48,14,112,63,0,63,175
09/17/2016,ILM,NC,ASO,EN,Combined TRACON& Tower with Radar,19,19,29,2,69,0,1,17,2,20,19,20,46,4,89,8,0,8,97
09/18/2016,ILM,NC,ASO,EN,Combined TRACON& Tower with Radar,24,18,32,3,77,0,0,15,1,16,24,18,47,4,93,1,0,1,94
09/19/2016,ILM,NC,ASO,EN,Combined TRACON& Tower with Radar,21,19,28,11,79,0,0,3,0,3,21,19,31,11,82,20,0,20,102
09/20/2016,ILM,NC,ASO,EN,Combined TRACON& Tower with Radar,20,22,41,20,103,0,0,3,0,3,20,22,44,20,106,0,0,0,106
09/21/2016,ILM,NC,ASO,EN,Combined TRACON& Tower with Radar,21,24,31,4,80,0,0,9,0,9,21,24,40,4,89,24,0,24,113
09/22/2016,ILM,NC,ASO,EN,Combined TRACON& Tower with Radar,23,20,27,5,75,0,0,4,2,6,23,20,31,7,81,0,0,0,81
09/23/2016,ILM,NC,ASO,EN,Combined TRACON& Tower with Radar,24,29,39,6,98,0,0,3,0,3,24,29,42,6,101,0,0,0,101
09/24/2016,ILM,NC,ASO,EN,Combined TRACON& Tower with Radar,19,18,28,1,66,0,0,38,0,38,19,18,66,1,104,54,0,54,158
09/25/2016,ILM,NC,ASO,EN,Combined TRACON& Tower with Radar,27,25,48,1,101,0,0,8,0,8,27,25,56,1,109,20,0,20,129
09/26/2016,ILM,NC,ASO,EN,Combined TRACON& Tower with Radar,19,23,41,20,103,0,0,15,2,17,19,23,56,22,120,24,0,24,144
09/27/2016,ILM,NC,ASO,EN,Combined TRACON& Tower with Radar,20,24,30,41,115,0,0,12,10,22,20,24,42,51,137,8,10,18,155
09/28/2016,ILM,NC,ASO,EN,Combined TRACON& Tower with Radar,21,24,23,9,77,0,0,21,5,26,21,24,44,14,103,6,0,6,109
09/29/2016,ILM,NC,ASO,EN,Combined TRACON& Tower with Radar,21,24,33,4,82,0,0,5,2,7,21,24,38,6,89,8,0,8,97
09/30/2016,ILM,NC,ASO,EN,Combined TRACON& Tower with Radar,22,25,30,4,81,0,0,8,1,9,22,25,38,5,90,1,0,1,91
10/01/2016,ILM,NC,ASO,EN,Combined TRACON& Tower with Radar,19,29,30,7,85,0,1,20,0,21,19,30,50,7,106,14,0,14,120
10/02/2016,ILM,NC,ASO,EN,Combined TRACON& Tower with Radar,29,23,39,0,91,0,2,38,0,40,29,25,77,0,131,0,0,0,131
10/03/2016,ILM,NC,ASO,EN,Combined TRACON& Tower with Radar,24,19,35,42,120,0,2,24,2,28,24,21,59,44,148,38,8,46,194
10/04/2016,ILM,NC,ASO,EN,Combined TRACON& Tower with Radar,26,24,67,14,131,0,0,13,4,17,26,24,80,18,148,0,0,0,148
10/05/2016,ILM,NC,ASO,EN,Combined TRACON& Tower with Radar,24,25,28,7,84,0,0,7,1,8,24,25,35,8,92,10,0,10,102
10/06/2016,ILM,NC,ASO,EN,Combined TRACON& Tower with Radar,25,31,34,2,92,0,1,1,0,2,25,32,35,2,94,0,0,0,94
10/07/2016,ILM,NC,ASO,EN,Combined TRACON& Tower with Radar,21,16,33,3,73,0,0,0,0,0,21,16,33,3,73,0,0,0,73
10/08/2016,ILM,NC,ASO,EN,Combined TRACON& Tower with Radar,1,1,0,0,2,0,0,0,0,0,1,1,0,0,2,0,0,0,2
10/09/2016,ILM,NC,ASO,EN,Combined TRACON& Tower with Radar,14,8,14,1,37,0,1,17,4,22,14,9,31,5,59,0,0,0,59
10/10/2016,ILM,NC,ASO,EN,Combined TRACON& Tower with Radar,23,28,29,1,81,0,1,27,3,31,23,29,56,4,112,15,0,15,127
10/11/2016,ILM,NC,ASO,EN,Combined TRACON& Tower with Radar,23,24,48,20,115,0,4,36,4,44,23,28,84,24,159,28,10,38,197
10/12/2016,ILM,NC,ASO,EN,Combined TRACON& Tower with Radar,23,20,40,10,93,0,4,55,4,63,23,24,95,14,156,26,0,26,182
10/13/2016,ILM,NC,ASO,EN,Combined TRACON& Tower with Radar,23,24,56,17,120,0,0,30,2,32,23,24,86,19,152,18,0,18,170
10/14/2016,ILM,NC,ASO,EN,Combined TRACON& Tower with Radar,23,28,68,10,129,0,1,40,1,42,23,29,108,11,171,9,0,9,180
10/15/2016,ILM,NC,ASO,EN,Combined TRACON& Tower with Radar,20,15,58,8,101,0,0,58,7,65,20,15,116,15,166,19,0,19,185
10/16/2016,ILM,NC,ASO,EN,Combined TRACON& Tower with Radar,25,22,46,3,96,0,0,42,8,50,25,22,88,11,146,36,0,36,182
10/17/2016,ILM,NC,ASO,EN,Combined TRACON& Tower with Radar,23,20,45,3,91,0,0,32,11,43,23,20,77,14,134,0,0,0,134
10/18/2016,ILM,NC,ASO,EN,Combined TRACON& Tower with Radar,25,23,35,29,112,0,1,17,8,26,25,24,52,37,138,16,14,30,168
10/19/2016,ILM,NC,ASO,EN,Combined TRACON& Tower with Radar,23,25,50,8,106,0,1,32,2,35,23,26,82,10,141,12,0,12,153
10/20/2016,ILM,NC,ASO,EN,Combined TRACON& Tower with Radar,24,30,47,20,121,0,0,16,0,16,24,30,63,20,137,24,18,42,179
10/21/2016,ILM,NC,ASO,EN,Combined TRACON& Tower with Radar,22,26,45,28,121,0,0,17,4,21,22,26,62,32,142,0,0,0,142
10/22/2016,ILM,NC,ASO,EN,Combined TRACON& Tower with Radar,20,19,47,2,88,0,0,35,7,42,20,19,82,9,130,24,0,24,154
10/23/2016,ILM,NC,ASO,EN,Combined TRACON& Tower with Radar,25,19,46,0,90,0,0,38,2,40,25,19,84,2,130,45,0,45,175
10/24/2016,ILM,NC,ASO,EN,Combined TRACON& Tower with Radar,23,20,42,17,102,0,0,22,0,22,23,20,64,17,124,50,10,60,184
10/25/2016,ILM,NC,ASO,EN,Combined TRACON& Tower with Radar,23,26,32,16,97,0,0,36,2,38,23,26,68,18,135,54,0,54,189
10/26/2016,ILM,NC,ASO,EN,Combined TRACON& Tower with Radar,23,26,54,25,128,0,2,16,0,18,23,28,70,25,146,4,10,14,160
10/27/2016,ILM,NC,ASO,EN,Combined TRACON& Tower with Radar,23,19,48,34,124,0,0,30,0,30,23,19,78,34,154,20,7,27,181
10/28/2016,ILM,NC,ASO,EN,Combined TRACON& Tower with Radar,25,19,50,15,109,0,0,39,2,41,25,19,89,17,150,30,0,30,180
10/29/2016,ILM,NC,ASO,EN,Combined TRACON& Tower with Radar,18,22,49,2,91,0,0,34,0,34,18,22,83,2,125,34,0,34,159
10/30/2016,ILM,NC,ASO,EN,Combined TRACON& Tower with Radar,27,18,44,6,95,0,0,35,1,36,27,18,79,7,131,11,24,35,166
10/31/2016,ILM,NC,ASO,EN,Combined TRACON& Tower with Radar,20,17,37,14,88,0,0,21,1,22,20,17,58,15,110,0,0,0,110
11/01/2016,ILM,NC,ASO,EN,Combined TRACON& Tower with Radar,23,20,47,35,125,0,0,23,2,25,23,20,70,37,150,0,12,12,162
11/02/2016,ILM,NC,ASO,EN,Combined TRACON& Tower with Radar,23,37,35,4,99,0,0,24,0,24,23,37,59,4,123,8,0,8,131
11/03/2016,ILM,NC,ASO,EN,Combined TRACON& Tower with Radar,23,29,40,20,112,0,1,19,0,20,23,30,59,20,132,10,10,20,152
11/04/2016,ILM,NC,ASO,EN,Combined TRACON& Tower with Radar,22,23,56,2,103,0,0,9,0,9,22,23,65,2,112,10,0,10,122
11/05/2016,ILM,NC,ASO,EN,Combined TRACON& Tower with Radar,20,29,46,3,98,0,2,30,4,36,20,31,76,7,134,16,0,16,150
11/06/2016,ILM,NC,ASO,EN,Combined TRACON& Tower with Radar,23,28,36,0,87,0,0,38,1,39,23,28,74,1,126,0,0,0,126
11/07/2016,ILM,NC,ASO,EN,Combined TRACON& Tower with Radar,21,21,25,11,78,0,1,18,1,20,21,22,43,12,98,0,0,0,98
11/08/2016,ILM,NC,ASO,EN,Combined TRACON& Tower with Radar,20,22,37,44,123,0,2,29,0,31,20,24,66,44,154,38,14,52,206
11/09/2016,ILM,NC,ASO,EN,Combined TRACON& Tower with Radar,20,28,44,27,119,0,1,16,2,19,20,29,60,29,138,0,10,10,148
11/10/2016,ILM,NC,ASO,EN,Combined TRACON& Tower with Radar,20,24,64,7,115,0,5,22,2,29,20,29,86,9,144,8,0,8,152
11/11/2016,ILM,NC,ASO,EN,Combined TRACON& Tower with Radar,20,27,41,6,94,0,1,31,4,36,20,28,72,10,130,24,0,24,154
11/12/2016,ILM,NC,ASO,EN,Combined TRACON& Tower with Radar,19,18,28,2,67,0,0,24,9,33,19,18,52,11,100,24,0,24,124
11/13/2016,ILM,NC,ASO,EN,Combined TRACON& Tower with Radar,24,22,50,0,96,0,0,14,1,15,24,22,64,1,111,0,0,0,111
11/14/2016,ILM,NC,ASO,EN,Combined TRACON& Tower with Radar,19,23,34,2,78,0,0,0,0,0,19,23,34,2,78,0,0,0,78
11/15/2016,ILM,NC,ASO,EN,Combined TRACON& Tower with Radar,20,30,43,21,114,0,2,9,0,11,20,32,52,21,125,0,0,0,125
11/16/2016,ILM,NC,ASO,EN,Combined TRACON& Tower with Radar,20,30,44,41,135,0,0,27,3,30,20,30,71,44,165,11,10,21,186
11/17/2016,ILM,NC,ASO,EN,Combined TRACON& Tower with Radar,20,27,41,14,102,0,3,25,2,30,20,30,66,16,132,54,18,72,204
11/18/2016,ILM,NC,ASO,EN,Combined TRACON& Tower with Radar,20,29,48,16,113,0,2,23,6,31,20,31,71,22,144,8,12,20,164
11/19/2016,ILM,NC,ASO,EN,Combined TRACON& Tower with Radar,19,30,41,0,90,0,2,27,0,29,19,32,68,0,119,47,0,47,166
11/20/2016,ILM,NC,ASO,EN,Combined TRACON& Tower with Radar,24,10,47,0,81,0,1,10,0,11,24,11,57,0,92,29,0,29,121
11/21/2016,ILM,NC,ASO,EN,Combined TRACON& Tower with Radar,20,25,50,10,105,0,0,10,1,11,20,25,60,11,116,31,0,31,147
11/22/2016,ILM,NC,ASO,EN,Combined TRACON& Tower with Radar,18,37,45,14,114,0,1,30,0,31,18,38,75,14,145,40,0,40,185
11/23/2016,ILM,NC,ASO,EN,Combined TRACON& Tower with Radar,20,32,55,24,131,0,0,18,2,20,20,32,73,26,151,40,20,60,211
11/24/2016,ILM,NC,ASO,EN,Combined TRACON& Tower with Radar,12,13,20,0,45,0,0,12,0,12,12,13,32,0,57,0,0,0,57
11/25/2016,ILM,NC,ASO,EN,Combined TRACON& Tower with Radar,20,17,36,0,73,0,0,54,0,54,20,17,90,0,127,72,0,72,199
11/26/2016,ILM,NC,ASO,EN,Combined TRACON& Tower with Radar,19,24,38,0,81,0,0,17,0,17,19,24,55,0,98,0,0,0,98
11/27/2016,ILM,NC,ASO,EN,Combined TRACON& Tower with Radar,27,33,85,0,145,0,0,36,0,36,27,33,121,0,181,6,0,6,187
11/28/2016,ILM,NC,ASO,EN,Combined TRACON& Tower with Radar,20,28,53,39,140,0,3,14,10,27,20,31,67,49,167,0,0,0,167
11/29/2016,ILM,NC,ASO,EN,Combined TRACON& Tower with Radar,21,34,21,22,98,0,0,4,4,8,21,34,25,26,106,0,4,4,110
11/30/2016,ILM,NC,ASO,EN,Combined TRACON& Tower with Radar,22,32,33,4,91,0,2,1,0,3,22,34,34,4,94,0,0,0,94
12/01/2016,ILM,NC,ASO,EN,Combined TRACON& Tower with Radar,20,35,52,28,135,0,0,6,2,8,20,35,58,30,143,54,34,88,231
12/02/2016,ILM,NC,ASO,EN,Combined TRACON& Tower with Radar,20,19,44,19,102,0,2,44,0,46,20,21,88,19,148,32,14,46,194
12/03/2016,ILM,NC,ASO,EN,Combined TRACON& Tower with Radar,17,20,50,4,91,0,0,32,2,34,17,20,82,6,125,52,0,52,177
12/04/2016,ILM,NC,ASO,EN,Combined TRACON& Tower with Radar,23,18,24,2,67,0,0,14,2,16,23,18,38,4,83,20,0,20,103
12/05/2016,ILM,NC,ASO,EN,Combined TRACON& Tower with Radar,19,19,43,21,102,0,1,11,2,14,19,20,54,23,116,0,0,0,116
12/06/2016,ILM,NC,ASO,EN,Combined TRACON& Tower with Radar,19,27,30,2,78,0,0,0,0,0,19,27,30,2,78,0,0,0,78
12/07/2016,ILM,NC,ASO,EN,Combined TRACON& Tower with Radar,20,24,59,13,116,0,2,38,0,40,20,26,97,13,156,1,0,1,157
12/08/2016,ILM,NC,ASO,EN,Combined TRACON& Tower with Radar,21,31,37,10,99,0,0,7,0,7,21,31,44,10,106,0,0,0,106
12/09/2016,ILM,NC,ASO,EN,Combined TRACON& Tower with Radar,20,36,50,14,120,0,0,25,4,29,20,36,75,18,149,48,26,74,223
12/10/2016,ILM,NC,ASO,EN,Combined TRACON& Tower with Radar,17,14,53,5,89,0,3,38,2,43,17,17,91,7,132,28,0,28,160
12/11/2016,ILM,NC,ASO,EN,Combined TRACON& Tower with Radar,25,18,40,0,83,0,0,32,5,37,25,18,72,5,120,14,0,14,134
12/12/2016,ILM,NC,ASO,EN,Combined TRACON& Tower with Radar,21,11,35,35,102,0,0,1,0,1,21,11,36,35,103,0,14,14,117
12/13/2016,ILM,NC,ASO,EN,Combined TRACON& Tower with Radar,19,28,20,9,76,0,0,1,0,1,19,28,21,9,77,0,0,0,77
12/14/2016,ILM,NC,ASO,EN,Combined TRACON& Tower with Radar,20,37,30,6,93,0,3,2,0,5,20,40,32,6,98,0,0,0,98
12/15/2016,ILM,NC,ASO,EN,Combined TRACON& Tower with Radar,18,29,27,24,98,0,0,21,3,24,18,29,48,27,122,16,18,34,156
12/16/2016,ILM,NC,ASO,EN,Combined TRACON& Tower with Radar,18,50,51,29,148,0,0,28,9,37,18,50,79,38,185,58,8,66,251
12/17/2016,ILM,NC,ASO,EN,Combined TRACON& Tower with Radar,16,28,19,4,67,0,0,8,1,9,16,28,27,5,76,4,0,4,80
12/18/2016,ILM,NC,ASO,EN,Combined TRACON& Tower with Radar,21,29,30,7,87,0,0,22,1,23,21,29,52,8,110,18,0,18,128
12/19/2016,ILM,NC,ASO,EN,Combined TRACON& Tower with Radar,20,27,30,6,83,0,0,0,0,0,20,27,30,6,83,0,0,0,83
12/20/2016,ILM,NC,ASO,EN,Combined TRACON& Tower with Radar,20,25,34,7,86,0,0,0,0,0,20,25,34,7,86,0,0,0,86
12/21/2016,ILM,NC,ASO,EN,Combined TRACON& Tower with Radar,21,27,60,4,112,0,1,27,3,31,21,28,87,7,143,40,8,48,191
12/22/2016,ILM,NC,ASO,EN,Combined TRACON& Tower with Radar,20,23,42,18,103,0,0,32,6,38,20,23,74,24,141,26,22,48,189
12/23/2016,ILM,NC,ASO,EN,Combined TRACON& Tower with Radar,20,29,48,6,103,0,1,29,2,32,20,30,77,8,135,10,0,10,145
12/24/2016,ILM,NC,ASO,EN,Combined TRACON& Tower with Radar,17,17,12,3,49,0,0,9,0,9,17,17,21,3,58,4,0,4,62
12/25/2016,ILM,NC,ASO,EN,Combined TRACON& Tower with Radar,19,29,20,0,68,0,2,10,0,12,19,31,30,0,80,0,0,0,80
12/26/2016,ILM,NC,ASO,EN,Combined TRACON& Tower with Radar,18,37,71,0,126,0,0,24,0,24,18,37,95,0,150,20,0,20,170
12/27/2016,ILM,NC,ASO,EN,Combined TRACON& Tower with Radar,20,41,47,10,118,0,0,3,0,3,20,41,50,10,121,8,0,8,129
12/28/2016,ILM,NC,ASO,EN,Combined TRACON& Tower with Radar,20,36,46,6,108,0,1,23,0,24,20,37,69,6,132,4,0,4,136
12/29/2016,ILM,NC,ASO,EN,Combined TRACON& Tower with Radar,20,27,11,0,58,0,0,2,2,4,20,27,13,2,62,0,0,0,62
12/30/2016,ILM,NC,ASO,EN,Combined TRACON& Tower with Radar,20,31,42,4,97,0,0,14,4,18,20,31,56,8,115,0,2,2,117
12/31/2016,ILM,NC,ASO,EN,Combined TRACON& Tower with Radar,20,22,35,0,77,0,0,24,0,24,20,22,59,0,101,50,0,50,151
01/01/2017,ILM,NC,ASO,EN,Combined TRACON& Tower with Radar,19,16,39,0,74,0,0,11,0,11,19,16,50,0,85,36,0,36,121
01/02/2017,ILM,NC,ASO,EN,Combined TRACON& Tower with Radar,19,36,60,1,116,0,0,2,0,2,19,36,62,1,118,0,0,0,118
01/03/2017,ILM,NC,ASO,EN,Combined TRACON& Tower with Radar,20,33,55,17,125,0,0,3,0,3,20,33,58,17,128,0,0,0,128
01/04/2017,ILM,NC,ASO,EN,Combined TRACON& Tower with Radar,20,25,48,32,125,0,2,13,0,15,20,27,61,32,140,0,0,0,140
01/05/2017,ILM,NC,ASO,EN,Combined TRACON& Tower with Radar,20,25,59,29,133,0,1,28,4,33,20,26,87,33,166,18,36,54,220
01/06/2017,ILM,NC,ASO,EN,Combined TRACON& Tower with Radar,19,27,41,48,135,0,2,23,2,27,19,29,64,50,162,21,44,65,227
01/07/2017,ILM,NC,ASO,EN,Combined TRACON& Tower with Radar,8,8,6,0,22,0,2,0,0,2,8,10,6,0,24,0,0,0,24
01/08/2017,ILM,NC,ASO,EN,Combined TRACON& Tower with Radar,20,19,34,1,74,0,2,6,2,10,20,21,40,3,84,0,0,0,84
01/09/2017,ILM,NC,ASO,EN,Combined TRACON& Tower with Radar,19,15,20,4,58,0,0,8,0,8,19,15,28,4,66,0,0,0,66
01/10/2017,ILM,NC,ASO,EN,Combined TRACON& Tower with Radar,19,16,31,44,110,0,1,5,4,10,19,17,36,48,120,4,10,14,134
01/11/2017,ILM,NC,ASO,EN,Combined TRACON& Tower with Radar,20,29,37,35,121,0,1,20,1,22,20,30,57,36,143,0,0,0,143
01/12/2017,ILM,NC,ASO,EN,Combined TRACON& Tower with Radar,20,26,59,17,122,0,0,18,4,22,20,26,77,21,144,14,0,14,158
01/13/2017,ILM,NC,ASO,EN,Combined TRACON& Tower with Radar,20,25,49,20,114,0,2,31,4,37,20,27,80,24,151,18,0,18,169
01/14/2017,ILM,NC,ASO,EN,Combined TRACON& Tower with Radar,18,11,30,6,65,0,2,24,3,29,18,13,54,9,94,75,0,75,169
01/15/2017,ILM,NC,ASO,EN,Combined TRACON& Tower with Radar,17,10,24,1,52,0,1,29,3,33,17,11,53,4,85,40,8,48,133
01/16/2017,ILM,NC,ASO,EN,Combined TRACON& Tower with Radar,19,25,16,3,63,0,0,5,0,5,19,25,21,3,68,30,0,30,98
01/17/2017,ILM,NC,ASO,EN,Combined TRACON& Tower with Radar,19,26,22,36,103,0,2,17,0,19,19,28,39,36,122,7,11,18,140
01/18/2017,ILM,NC,ASO,EN,Combined TRACON& Tower with Radar,22,26,47,5,100,0,2,18,5,25,22,28,65,10,125,2,0,2,127
01/19/2017,ILM,NC,ASO,EN,Combined TRACON& Tower with Radar,18,21,43,29,111,0,0,28,6,34,18,21,71,35,145,56,0,56,201
01/20/2017,ILM,NC,ASO,EN,Combined TRACON& Tower with Radar,20,20,55,39,134,0,2,16,2,20,20,22,71,41,154,18,16,34,188
01/21/2017,ILM,NC,ASO,EN,Combined TRACON& Tower with Radar,20,10,28,10,68,0,0,3,3,6,20,10,31,13,74,0,0,0,74
01/22/2017,ILM,NC,ASO,EN,Combined TRACON& Tower with Radar,16,8,14,0,38,0,0,0,3,3,16,8,14,3,41,0,0,0,41
01/23/2017,ILM,NC,ASO,EN,Combined TRACON& Tower with Radar,16,23,30,28,97,0,2,7,0,9,16,25,37,28,106,2,8,10,116
01/24/2017,ILM,NC,ASO,EN,Combined TRACON& Tower with Radar,19,25,37,25,106,0,0,8,8,16,19,25,45,33,122,0,40,40,162
01/25/2017,ILM,NC,ASO,EN,Combined TRACON& Tower with Radar,20,22,56,18,116,0,1,25,1,27,20,23,81,19,143,20,4,24,167
01/26/2017,ILM,NC,ASO,EN,Combined TRACON& Tower with Radar,20,26,42,26,114,0,2,3,7,12,20,28,45,33,126,0,0,0,126
01/27/2017,ILM,NC,ASO,EN,Combined TRACON& Tower with Radar,21,26,38,44,129,0,5,27,6,38,21,31,65,50,167,8,54,62,229
01/28/2017,ILM,NC,ASO,EN,Combined TRACON& Tower with Radar,18,10,41,15,84,0,4,43,14,61,18,14,84,29,145,56,0,56,201
01/29/2017,ILM,NC,ASO,EN,Combined TRACON& Tower with Radar,21,18,43,4,86,0,3,26,1,30,21,21,69,5,116,14,0,14,130
01/30/2017,ILM,NC,ASO,EN,Combined TRACON& Tower with Radar,19,20,20,24,83,0,1,5,8,14,19,21,25,32,97,10,8,18,115
01/31/2017,ILM,NC,ASO,EN,Combined TRACON& Tower with Radar,17,25,26,26,94,0,0,9,2,11,17,25,35,28,105,0,0,0,105
02/01/2017,ILM,NC,ASO,EN,Combined TRACON& Tower with Radar,20,27,26,14,87,0,0,25,5,30,20,27,51,19,117,6,0,6,123
02/02/2017,ILM,NC,ASO,EN,Combined TRACON& Tower with Radar,20,23,44,18,105,0,0,25,2,27,20,23,69,20,132,8,0,8,140
02/03/2017,ILM,NC,ASO,EN,Combined TRACON& Tower with Radar,20,20,36,6,82,0,1,0,1,2,20,21,36,7,84,0,2,2,86
02/04/2017,ILM,NC,ASO,EN,Combined TRACON& Tower with Radar,18,11,61,2,92,0,1,29,5,35,18,12,90,7,127,0,0,0,127
02/05/2017,ILM,NC,ASO,EN,Combined TRACON& Tower with Radar,17,11,29,2,59,0,1,28,3,32,17,12,57,5,91,6,0,6,97
02/06/2017,ILM,NC,ASO,EN,Combined TRACON& Tower with Radar,19,22,31,12,84,0,0,32,17,49,19,22,63,29,133,0,0,0,133
02/07/2017,ILM,NC,ASO,EN,Combined TRACON& Tower with Radar,19,19,47,51,136,0,1,12,2,15,19,20,59,53,151,0,0,0,151
02/08/2017,ILM,NC,ASO,EN,Combined TRACON& Tower with Radar,20,30,37,8,95,0,0,17,2,19,20,30,54,10,114,14,0,14,128
02/09/2017,ILM,NC,ASO,EN,Combined TRACON& Tower with Radar,19,16,26,20,81,0,1,4,3,8,19,17,30,23,89,8,12,20,109
02/10/2017,ILM,NC,ASO,EN,Combined TRACON& Tower with Radar,20,22,57,20,119,0,0,26,7,33,20,22,83,27,152,16,0,16,168
02/11/2017,ILM,NC,ASO,EN,Combined TRACON& Tower with Radar,18,14,58,5,95,0,0,44,50,94,18,14,102,55,189,6,2,8,197
02/12/2017,ILM,NC,ASO,EN,Combined TRACON& Tower with Radar,18,13,31,12,74,0,4,21,5,30,18,17,52,17,104,24,0,24,128
02/13/2017,ILM,NC,ASO,EN,Combined TRACON& Tower with Radar,17,16,22,17,72,0,0,10,2,12,17,16,32,19,84,20,8,28,112
02/14/2017,ILM,NC,ASO,EN,Combined TRACON& Tower with Radar,21,44,29,15,109,0,0,28,6,34,21,44,57,21,143,40,8,48,191
02/15/2017,ILM,NC,ASO,EN,Combined TRACON& Tower with Radar,20,36,36,18,110,0,0,6,2,8,20,36,42,20,118,0,0,0,118
02/16/2017,ILM,NC,ASO,EN,Combined TRACON& Tower with Radar,20,27,71,16,134,0,0,9,4,13,20,27,80,20,147,20,0,20,167
02/17/2017,ILM,NC,ASO,EN,Combined TRACON& Tower with Radar,24,28,54,16,122,0,1,41,1,43,24,29,95,17,165,26,0,26,191
02/18/2017,ILM,NC,ASO,EN,Combined TRACON& Tower with Radar,18,22,39,2,81,0,0,47,0,47,18,22,86,2,128,12,0,12,140
02/19/2017,ILM,NC,ASO,EN,Combined TRACON& Tower with Radar,22,21,50,1,94,0,0,32,1,33,22,21,82,2,127,58,0,58,185
02/20/2017,ILM,NC,ASO,EN,Combined TRACON& Tower with Radar,22,26,64,0,112,0,0,33,0,33,22,26,97,0,145,6,0,6,151
02/21/2017,ILM,NC,ASO,EN,Combined TRACON& Tower with Radar,22,23,35,31,111,0,1,27,8,36,22,24,62,39,147,13,0,13,160
02/22/2017,ILM,NC,ASO,EN,Combined TRACON& Tower with Radar,22,21,48,39,130,0,1,32,5,38,22,22,80,44,168,2,0,2,170
02/23/2017,ILM,NC,ASO,EN,Combined TRACON& Tower with Radar,22,23,57,28,130,0,0,28,1,29,22,23,85,29,159,16,0,16,175
02/24/2017,ILM,NC,ASO,EN,Combined TRACON& Tower with Radar,24,24,52,17,117,0,2,37,6,45,24,26,89,23,162,52,12,64,226
02/25/2017,ILM,NC,ASO,EN,Combined TRACON& Tower with Radar,18,15,33,2,68,0,0,23,0,23,18,15,56,2,91,24,0,24,115
02/26/2017,ILM,NC,ASO,EN,Combined TRACON& Tower with Radar,25,16,48,1,90,0,0,26,1,27,25,16,74,2,117,53,10,63,180
02/27/2017,ILM,NC,ASO,EN,Combined TRACON& Tower with Radar,24,13,61,51,149,0,4,13,4,21,24,17,74,55,170,51,36,87,257
02/28/2017,ILM,NC,ASO,EN,Combined TRACON& Tower with Radar,22,20,40,12,94,0,2,27,11,40,22,22,67,23,134,19,0,19,153
03/01/2017,ILM,NC,ASO,EN,Combined TRACON& Tower with Radar,30,21,18,12,81,0,1,4,2,7,30,22,22,14,88,24,0,24,112
03/02/2017,ILM,NC,ASO,EN,Combined TRACON& Tower with Radar,19,23,54,8,104,0,0,35,5,40,19,23,89,13,144,39,0,39,183
03/03/2017,ILM,NC,ASO,EN,Combined TRACON& Tower with Radar,20,31,61,30,142,0,2,32,0,34,20,33,93,30,176,58,30,88,264
03/04/2017,ILM,NC,ASO,EN,Combined TRACON& Tower with Radar,18,16,51,1,86,0,1,36,2,39,18,17,87,3,125,12,6,18,143
03/05/2017,ILM,NC,ASO,EN,Combined TRACON& Tower with Radar,23,19,54,3,99,0,0,29,1,30,23,19,83,4,129,20,0,20,149
03/06/2017,ILM,NC,ASO,EN,Combined TRACON& Tower with Radar,20,18,40,10,88,0,1,17,2,20,20,19,57,12,108,26,0,26,134
03/07/2017,ILM,NC,ASO,EN,Combined TRACON& Tower with Radar,20,38,49,16,123,0,2,8,3,13,20,40,57,19,136,0,0,0,136
03/08/2017,ILM,NC,ASO,EN,Combined TRACON& Tower with Radar,20,31,39,2,92,0,1,10,4,15,20,32,49,6,107,0,0,0,107
03/09/2017,ILM,NC,ASO,EN,Combined TRACON& Tower with Radar,17,24,72,19,132,0,1,24,1,26,17,25,96,20,158,21,12,33,191
03/10/2017,ILM,NC,ASO,EN,Combined TRACON& Tower with Radar,18,28,38,7,91,0,2,9,3,14,18,30,47,10,105,0,16,16,121
03/11/2017,ILM,NC,ASO,EN,Combined TRACON& Tower with Radar,18,24,69,9,120,0,2,22,2,26,18,26,91,11,146,52,28,80,226
03/12/2017,ILM,NC,ASO,EN,Combined TRACON& Tower with Radar,18,22,29,0,69,0,1,0,1,2,18,23,29,1,71,0,0,0,71
03/13/2017,ILM,NC,ASO,EN,Combined TRACON& Tower with Radar,18,23,39,20,100,0,0,2,1,3,18,23,41,21,103,4,6,10,113
03/14/2017,ILM,NC,ASO,EN,Combined TRACON& Tower with Radar,20,21,16,2,59,0,1,7,0,8,20,22,23,2,67,0,0,0,67
03/15/2017,ILM,NC,ASO,EN,Combined TRACON& Tower with Radar,20,27,46,16,109,0,0,7,8,15,20,27,53,24,124,0,0,0,124
03/16/2017,ILM,NC,ASO,EN,Combined TRACON& Tower with Radar,23,40,50,55,168,0,0,20,7,27,23,40,70,62,195,17,32,49,244
03/17/2017,ILM,NC,ASO,EN,Combined TRACON& Tower with Radar,18,30,56,16,120,0,0,15,10,25,18,30,71,26,145,46,34,80,225
03/18/2017,ILM,NC,ASO,EN,Combined TRACON& Tower with Radar,18,24,43,5,90,0,0,7,3,10,18,24,50,8,100,62,0,62,162
03/19/2017,ILM,NC,ASO,EN,Combined TRACON& Tower with Radar,18,25,49,9,101,0,0,12,2,14,18,25,61,11,115,46,0,46,161
03/20/2017,ILM,NC,ASO,EN,Combined TRACON& Tower with Radar,18,33,67,14,132,0,2,14,4,20,18,35,81,18,152,54,0,54,206
03/21/2017,ILM,NC,ASO,EN,Combined TRACON& Tower with Radar,18,30,47,20,115,0,1,18,5,24,18,31,65,25,139,6,2,8,147
03/22/2017,ILM,NC,ASO,EN,Combined TRACON& Tower with Radar,18,22,42,27,109,0,0,8,5,13,18,22,50,32,122,14,0,14,136
03/23/2017,ILM,NC,ASO,EN,Combined TRACON& Tower with Radar,19,32,50,42,143,0,0,17,0,17,19,32,67,42,160,12,8,20,180
03/24/2017,ILM,NC,ASO,EN,Combined TRACON& Tower with Radar,21,32,53,39,145,0,1,22,5,28,21,33,75,44,173,22,14,36,209
03/25/2017,ILM,NC,ASO,EN,Combined TRACON& Tower with Radar,18,12,66,17,113,0,1,44,11,56,18,13,110,28,169,88,0,88,257
03/26/2017,ILM,NC,ASO,EN,Combined TRACON& Tower with Radar,21,21,57,2,101,0,1,13,0,14,21,22,70,2,115,10,0,10,125
03/27/2017,ILM,NC,ASO,EN,Combined TRACON& Tower with Radar,18,15,56,17,106,0,0,10,0,10,18,15,66,17,116,2,10,12,128
03/28/2017,ILM,NC,ASO,EN,Combined TRACON& Tower with Radar,18,25,25,24,92,0,0,2,5,7,18,25,27,29,99,0,10,10,109
03/29/2017,ILM,NC,ASO,EN,Combined TRACON& Tower with Radar,18,22,58,40,138,0,1,40,16,57,18,23,98,56,195,11,6,17,212
03/30/2017,ILM,NC,ASO,EN,Combined TRACON& Tower with Radar,18,32,55,13,118,0,0,28,6,34,18,32,83,19,152,22,2,24,176
03/31/2017,ILM,NC,ASO,EN,Combined TRACON& Tower with Radar,18,32,25,10,85,0,1,2,1,4,18,33,27,11,89,20,0,20,109
04/01/2017,ILM,NC,ASO,EN,Combined TRACON& Tower with Radar,18,21,34,8,81,0,2,71,6,79,18,23,105,14,160,44,0,44,204
04/02/2017,ILM,NC,ASO,EN,Combined TRACON& Tower with Radar,18,20,38,0,76,0,0,86,2,88,18,20,124,2,164,0,0,0,164
04/03/2017,ILM,NC,ASO,EN,Combined TRACON& Tower with Radar,14,21,46,16,97,0,0,8,0,8,14,21,54,16,105,6,6,12,117
04/04/2017,ILM,NC,ASO,EN,Combined TRACON& Tower with Radar,20,21,47,42,130,0,0,14,4,18,20,21,61,46,148,0,0,0,148
04/05/2017,ILM,NC,ASO,EN,Combined TRACON& Tower with Radar,16,32,45,0,93,0,2,20,2,24,16,34,65,2,117,0,0,0,117
04/06/2017,ILM,NC,ASO,EN,Combined TRACON& Tower with Radar,19,24,39,12,94,0,2,6,7,15,19,26,45,19,109,6,0,6,115
04/07/2017,ILM,NC,ASO,EN,Combined TRACON& Tower with Radar,18,29,54,29,130,0,0,9,9,18,18,29,63,38,148,14,32,46,194
04/08/2017,ILM,NC,ASO,EN,Combined TRACON& Tower with Radar,16,24,46,2,88,0,0,67,2,69,16,24,113,4,157,78,2,80,237
04/09/2017,ILM,NC,ASO,EN,Combined TRACON& Tower with Radar,20,30,35,0,85,0,1,41,0,42,20,31,76,0,127,115,0,115,242
04/10/2017,ILM,NC,ASO,EN,Combined TRACON& Tower with Radar,19,28,45,8,100,0,0,20,2,22,19,28,65,10,122,29,0,29,151
04/11/2017,ILM,NC,ASO,EN,Combined TRACON& Tower with Radar,20,27,42,23,112,0,1,25,1,27,20,28,67,24,139,36,12,48,187
04/12/2017,ILM,NC,ASO,EN,Combined TRACON& Tower with Radar,19,36,52,43,150,0,1,16,3,20,19,37,68,46,170,8,6,14,184
04/13/2017,ILM,NC,ASO,EN,Combined TRACON& Tower with Radar,20,34,57,9,120,0,0,29,4,33,20,34,86,13,153,0,0,0,153
04/14/2017,ILM,NC,ASO,EN,Combined TRACON& Tower with Radar,20,39,30,16,105,0,2,49,4,55,20,41,79,20,160,18,10,28,188
04/15/2017,ILM,NC,ASO,EN,Combined TRACON& Tower with Radar,18,17,58,2,95,0,0,43,4,47,18,17,101,6,142,28,0,28,170
04/16/2017,ILM,NC,ASO,EN,Combined TRACON& Tower with Radar,20,33,35,0,88,0,0,37,0,37,20,33,72,0,125,50,0,50,175
04/17/2017,ILM,NC,ASO,EN,Combined TRACON& Tower with Radar,20,32,52,16,120,0,0,27,0,27,20,32,79,16,147,17,0,17,164
04/18/2017,ILM,NC,ASO,EN,Combined TRACON& Tower with Radar,22,29,35,12,98,0,2,23,5,30,22,31,58,17,128,4,0,4,132
04/19/2017,ILM,NC,ASO,EN,Combined TRACON& Tower with Radar,20,31,38,21,110,0,0,17,7,24,20,31,55,28,134,8,6,14,148
04/20/2017,ILM,NC,ASO,EN,Combined TRACON& Tower with Radar,20,29,71,20,140,0,0,14,6,20,20,29,85,26,160,30,0,30,190
04/21/2017,ILM,NC,ASO,EN,Combined TRACON& Tower with Radar,22,32,43,21,118,0,0,35,7,42,22,32,78,28,160,34,0,34,194
04/22/2017,ILM,NC,ASO,EN,Combined TRACON& Tower with Radar,16,20,55,7,98,0,0,41,5,46,16,20,96,12,144,60,0,60,204
04/23/2017,ILM,NC,ASO,EN,Combined TRACON& Tower with Radar,20,28,31,4,83,0,0,1,0,1,20,28,32,4,84,0,0,0,84
04/24/2017,ILM,NC,ASO,EN,Combined TRACON& Tower with Radar,20,20,38,0,78,0,0,0,0,0,20,20,38,0,78,0,0,0,78
04/25/2017,ILM,NC,ASO,EN,Combined TRACON& Tower with Radar,25,22,32,25,104,0,0,4,4,8,25,22,36,29,112,0,0,0,112
04/26/2017,ILM,NC,ASO,EN,Combined TRACON& Tower with Radar,20,24,38,62,144,0,0,24,11,35,20,24,62,73,179,32,68,100,279
04/27/2017,ILM,NC,ASO,EN,Combined TRACON& Tower with Radar,20,28,53,30,131,0,0,24,0,24,20,28,77,30,155,0,4,4,159
04/28/2017,ILM,NC,ASO,EN,Combined TRACON& Tower with Radar,22,26,58,16,122,0,0,21,3,24,22,26,79,19,146,0,0,0,146
04/29/2017,ILM,NC,ASO,EN,Combined TRACON& Tower with Radar,16,17,32,1,66,0,0,23,1,24,16,17,55,2,90,4,0,4,94
04/30/2017,ILM,NC,ASO,EN,Combined TRACON& Tower with Radar,22,29,50,11,112,0,0,24,3,27,22,29,74,14,139,0,0,0,139
05/01/2017,ILM,NC,ASO,EN,Combined TRACON& Tower with Radar,20,46,41,28,135,0,0,7,3,10,20,46,48,31,145,0,14,14,159
05/02/2017,ILM,NC,ASO,EN,Combined TRACON& Tower with Radar,20,54,50,44,168,0,0,32,6,38,20,54,82,50,206,0,17,17,223
05/03/2017,ILM,NC,ASO,EN,Combined TRACON& Tower with Radar,22,61,61,18,162,0,0,53,0,53,22,61,114,18,215,14,0,14,229
05/04/2017,ILM,NC,ASO,EN,Combined TRACON& Tower with Radar,20,46,57,5,128,0,0,12,4,16,20,46,69,9,144,0,0,0,144
05/05/2017,ILM,NC,ASO,EN,Combined TRACON& Tower with Radar,19,35,84,5,143,0,0,8,2,10,19,35,92,7,153,0,0,0,153
05/06/2017,ILM,NC,ASO,EN,Combined TRACON& Tower with Radar,16,40,31,8,95,0,0,24,2,26,16,40,55,10,121,18,0,18,139
05/07/2017,ILM,NC,ASO,EN,Combined TRACON& Tower with Radar,20,70,84,1,175,0,1,66,3,70,20,71,150,4,245,21,0,21,266
05/08/2017,ILM,NC,ASO,EN,Combined TRACON& Tower with Radar,22,34,34,12,102,0,1,30,0,31,22,35,64,12,133,58,0,58,191
05/09/2017,ILM,NC,ASO,EN,Combined TRACON& Tower with Radar,18,27,45,75,165,0,0,35,3,38,18,27,80,78,203,1,16,17,220
05/10/2017,ILM,NC,ASO,EN,Combined TRACON& Tower with Radar,20,34,39,26,119,0,0,26,1,27,20,34,65,27,146,48,10,58,204
05/11/2017,ILM,NC,ASO,EN,Combined TRACON& Tower with Radar,20,29,56,9,114,0,0,20,3,23,20,29,76,12,137,4,8,12,149
05/12/2017,ILM,NC,ASO,EN,Combined TRACON& Tower with Radar,20,24,45,8,97,0,1,8,0,9,20,25,53,8,106,10,0,10,116
05/13/2017,ILM,NC,ASO,EN,Combined TRACON& Tower with Radar,16,22,15,0,53,0,1,2,0,3,16,23,17,0,56,0,0,0,56
05/14/2017,ILM,NC,ASO,EN,Combined TRACON& Tower with Radar,20,18,41,0,79,0,0,40,0,40,20,18,81,0,119,10,0,10,129
05/15/2017,ILM,NC,ASO,EN,Combined TRACON& Tower with Radar,20,25,60,21,126,0,0,19,16,35,20,25,79,37,161,6,6,12,173
05/16/2017,ILM,NC,ASO,EN,Combined TRACON& Tower with Radar,20,28,54,4,106,0,0,41,4,45,20,28,95,8,151,6,16,22,173
05/17/2017,ILM,NC,ASO,EN,Combined TRACON& Tower with Radar,20,33,53,11,117,0,1,21,6,28,20,34,74,17,145,0,12,12,157
05/18/2017,ILM,NC,ASO,EN,Combined TRACON& Tower with Radar,20,30,53,28,131,0,1,49,8,58,20,31,102,36,189,8,14,22,211
05/19/2017,ILM,NC,ASO,EN,Combined TRACON& Tower with Radar,20,24,54,27,125,0,2,28,2,32,20,26,82,29,157,75,0,75,232
05/20/2017,ILM,NC,ASO,EN,Combined TRACON& Tower with Radar,16,18,45,3,82,0,1,41,3,45,16,19,86,6,127,8,0,8,135
05/21/2017,ILM,NC,ASO,EN,Combined TRACON& Tower with Radar,20,26,49,1,96,0,2,10,0,12,20,28,59,1,108,12,0,12,120
05/22/2017,ILM,NC,ASO,EN,Combined TRACON& Tower with Radar,20,16,40,7,83,0,2,2,1,5,20,18,42,8,88,0,6,6,94
05/23/2017,ILM,NC,ASO,EN,Combined TRACON& Tower with Radar,20,29,22,10,81,0,0,0,0,0,20,29,22,10,81,0,0,0,81
05/24/2017,ILM,NC,ASO,EN,Combined TRACON& Tower with Radar,20,29,33,20,102,0,0,3,0,3,20,29,36,20,105,0,10,10,115
05/25/2017,ILM,NC,ASO,EN,Combined TRACON& Tower with Radar,20,34,51,16,121,0,2,8,4,14,20,36,59,20,135,34,0,34,169
05/26/2017,ILM,NC,ASO,EN,Combined TRACON& Tower with Radar,24,31,87,0,142,0,0,31,0,31,24,31,118,0,173,12,0,12,185
05/27/2017,ILM,NC,ASO,EN,Combined TRACON& Tower with Radar,16,22,49,0,87,0,2,58,2,62,16,24,107,2,149,42,0,42,191
05/28/2017,ILM,NC,ASO,EN,Combined TRACON& Tower with Radar,17,15,28,0,60,0,1,39,0,40,17,16,67,0,100,30,0,30,130
05/29/2017,ILM,NC,ASO,EN,Combined TRACON& Tower with Radar,20,30,70,2,122,0,0,55,0,55,20,30,125,2,177,22,0,22,199
05/30/2017,ILM,NC,ASO,EN,Combined TRACON& Tower with Radar,21,27,63,18,129,0,0,34,0,34,21,27,97,18,163,46,16,62,225
05/31/2017,ILM,NC,ASO,EN,Combined TRACON& Tower with Radar,19,24,41,35,119,0,0,9,1,10,19,24,50,36,129,7,32,39,168
06/01/2017,ILM,NC,ASO,EN,Combined TRACON& Tower with Radar,20,32,28,4,84,0,1,19,2,22,20,33,47,6,106,0,10,10,116
06/02/2017,ILM,NC,ASO,EN,Combined TRACON& Tower with Radar,20,34,56,16,126,0,1,26,8,35,20,35,82,24,161,32,13,45,206
06/03/2017,ILM,NC,ASO,EN,Combined TRACON& Tower with Radar,19,25,29,4,77,0,0,40,6,46,19,25,69,10,123,46,0,46,169
06/04/2017,ILM,NC,ASO,EN,Combined TRACON& Tower with Radar,20,28,56,23,127,0,8,40,2,50,20,36,96,25,177,8,6,14,191
06/05/2017,ILM,NC,ASO,EN,Combined TRACON& Tower with Radar,21,23,31,6,81,0,0,6,2,8,21,23,37,8,89,0,0,0,89
06/06/2017,ILM,NC,ASO,EN,Combined TRACON& Tower with Radar,20,27,30,2,79,0,0,11,0,11,20,27,41,2,90,16,0,16,106
06/07/2017,ILM,NC,ASO,EN,Combined TRACON& Tower with Radar,20,26,41,6,93,0,0,17,0,17,20,26,58,6,110,0,0,0,110
06/08/2017,ILM,NC,ASO,EN,Combined TRACON& Tower with Radar,20,25,43,5,93,0,3,6,3,12,20,28,49,8,105,60,0,60,165
06/09/2017,ILM,NC,ASO,EN,Combined TRACON& Tower with Radar,20,28,68,30,146,0,0,34,5,39,20,28,102,35,185,48,0,48,233
06/10/2017,ILM,NC,ASO,EN,Combined TRACON& Tower with Radar,18,27,37,2,84,0,0,45,6,51,18,27,82,8,135,72,0,72,207
06/11/2017,ILM,NC,ASO,EN,Combined TRACON& Tower with Radar,20,25,38,11,94,0,1,48,1,50,20,26,86,12,144,22,14,36,180
06/12/2017,ILM,NC,ASO,EN,Combined TRACON& Tower with Radar,20,29,32,48,129,0,0,18,3,21,20,29,50,51,150,22,36,58,208
06/13/2017,ILM,NC,ASO,EN,Combined TRACON& Tower with Radar,20,26,35,78,159,0,0,28,2,30,20,26,63,80,189,6,8,14,203
06/14/2017,ILM,NC,ASO,EN,Combined TRACON& Tower with Radar,20,26,54,12,112,0,0,16,6,22,20,26,70,18,134,14,0,14,148
06/15/2017,ILM,NC,ASO,EN,Combined TRACON& Tower with Radar,19,36,47,2,104,0,2,11,0,13,19,38,58,2,117,69,0,69,186
06/16/2017,ILM,NC,ASO,EN,Combined TRACON& Tower with Radar,22,31,68,2,123,0,0,25,4,29,22,31,93,6,152,70,0,70,222
06/17/2017,ILM,NC,ASO,EN,Combined TRACON& Tower with Radar,22,29,38,2,91,0,0,42,4,46,22,29,80,6,137,90,0,90,227
06/18/2017,ILM,NC,ASO,EN,Combined TRACON& Tower with Radar,20,36,64,0,120,0,0,31,12,43,20,36,95,12,163,8,0,8,171
06/19/2017,ILM,NC,ASO,EN,Combined TRACON& Tower with Radar,20,24,38,8,90,0,0,4,3,7,20,24,42,11,97,16,8,24,121
06/20/2017,ILM,NC,ASO,EN,Combined TRACON& Tower with Radar,20,28,34,1,83,0,0,3,1,4,20,28,37,2,87,6,0,6,93
06/21/2017,ILM,NC,ASO,EN,Combined TRACON& Tower with Radar,20,36,46,18,120,0,1,13,3,17,20,37,59,21,137,4,0,4,141
06/22/2017,ILM,NC,ASO,EN,Combined TRACON& Tower with Radar,20,39,53,24,136,0,0,16,3,19,20,39,69,27,155,0,20,20,175
06/23/2017,ILM,NC,ASO,EN,Combined TRACON& Tower with Radar,24,33,45,19,121,0,3,31,2,36,24,36,76,21,157,54,0,54,211
06/24/2017,ILM,NC,ASO,EN,Combined TRACON& Tower with Radar,22,26,40,4,92,0,1,38,6,45,22,27,78,10,137,20,10,30,167
06/25/2017,ILM,NC,ASO,EN,Combined TRACON& Tower with Radar,24,30,49,1,104,0,0,26,5,31,24,30,75,6,135,12,34,46,181
06/26/2017,ILM,NC,ASO,EN,Combined TRACON& Tower with Radar,20,27,29,2,78,0,1,46,6,53,20,28,75,8,131,10,0,10,141
06/27/2017,ILM,NC,ASO,EN,Combined TRACON& Tower with Radar,20,31,37,24,112,0,0,33,2,35,20,31,70,26,147,0,10,10,157
06/28/2017,ILM,NC,ASO,EN,Combined TRACON& Tower with Radar,20,33,46,38,137,0,1,46,4,51,20,34,92,42,188,42,20,62,250
06/29/2017,ILM,NC,ASO,EN,Combined TRACON& Tower with Radar,20,29,52,26,127,0,2,35,4,41,20,31,87,30,168,24,6,30,198
06/30/2017,ILM,NC,ASO,EN,Combined TRACON& Tower with Radar,20,33,58,9,120,0,0,11,3,14,20,33,69,12,134,16,0,16,150
07/01/2017,ILM,NC,ASO,EN,Combined TRACON& Tower with Radar,18,27,37,1,83,0,0,25,3,28,18,27,62,4,111,26,6,32,143
07/02/2017,ILM,NC,ASO,EN,Combined TRACON& Tower with Radar,21,20,35,0,76,0,0,29,0,29,21,20,64,0,105,34,0,34,139
07/03/2017,ILM,NC,ASO,EN,Combined TRACON& Tower with Radar,20,21,20,1,62,0,0,20,1,21,20,21,40,2,83,10,0,10,93
07/04/2017,ILM,NC,ASO,EN,Combined TRACON& Tower with Radar,20,22,16,0,58,0,0,28,2,30,20,22,44,2,88,6,0,6,94
07/05/2017,ILM,NC,ASO,EN,Combined TRACON& Tower with Radar,31,29,50,61,171,0,0,31,0,31,31,29,81,61,202,24,58,82,284
07/06/2017,ILM,NC,ASO,EN,Combined TRACON& Tower with Radar,21,26,42,0,89,0,0,38,0,38,21,26,80,0,127,76,0,76,203
07/07/2017,ILM,NC,ASO,EN,Combined TRACON& Tower with Radar,20,27,34,41,122,0,1,37,3,41,20,28,71,44,163,50,40,90,253
07/08/2017,ILM,NC,ASO,EN,Combined TRACON& Tower with Radar,19,28,31,3,81,0,0,43,4,47,19,28,74,7,128,60,28,88,216
07/09/2017,ILM,NC,ASO,EN,Combined TRACON& Tower with Radar,20,30,47,5,102,0,0,25,4,29,20,30,72,9,131,6,0,6,137
07/10/2017,ILM,NC,ASO,EN,Combined TRACON& Tower with Radar,21,20,27,4,72,0,0,8,2,10,21,20,35,6,82,0,0,0,82
07/11/2017,ILM,NC,ASO,EN,Combined TRACON& Tower with Radar,19,30,35,7,91,0,0,43,0,43,19,30,78,7,134,34,0,34,168
07/12/2017,ILM,NC,ASO,EN,Combined TRACON& Tower with Radar,22,34,48,11,115,0,0,39,0,39,22,34,87,11,154,22,2,24,178
07/13/2017,ILM,NC,ASO,EN,Combined TRACON& Tower with Radar,22,26,54,38,140,0,0,26,4,30,22,26,80,42,170,18,32,50,220
07/14/2017,ILM,NC,ASO,EN,Combined TRACON& Tower with Radar,21,28,55,35,139,0,1,20,2,23,21,29,75,37,162,44,20,64,226
07/15/2017,ILM,NC,ASO,EN,Combined TRACON& Tower with Radar,15,27,30,1,73,0,0,29,0,29,15,27,59,1,102,32,0,32,134
07/16/2017,ILM,NC,ASO,EN,Combined TRACON& Tower with Radar,20,28,36,0,84,0,0,21,1,22,20,28,57,1,106,12,0,12,118
07/17/2017,ILM,NC,ASO,EN,Combined TRACON& Tower with Radar,17,24,38,2,81,0,0,5,0,5,17,24,43,2,86,0,4,4,90
07/18/2017,ILM,NC,ASO,EN,Combined TRACON& Tower with Radar,22,27,33,5,87,0,0,6,2,8,22,27,39,7,95,0,0,0,95
07/19/2017,ILM,NC,ASO,EN,Combined TRACON& Tower with Radar,21,30,24,38,113,0,1,16,0,17,21,31,40,38,130,6,14,20,150
07/20/2017,ILM,NC,ASO,EN,Combined TRACON& Tower with Radar,20,36,33,12,101,0,0,24,0,24,20,36,57,12,125,12,0,12,137
07/21/2017,ILM,NC,ASO,EN,Combined TRACON& Tower with Radar,19,39,52,38,148,0,1,31,7,39,19,40,83,45,187,4,62,66,253
07/22/2017,ILM,NC,ASO,EN,Combined TRACON& Tower with Radar,20,31,30,2,83,0,0,28,1,29,20,31,58,3,112,8,0,8,120
07/23/2017,ILM,NC,ASO,EN,Combined TRACON& Tower with Radar,24,32,48,6,110,0,1,20,0,21,24,33,68,6,131,0,6,6,137
07/24/2017,ILM,NC,ASO,EN,Combined TRACON& Tower with Radar,19,27,39,35,120,0,0,11,2,13,19,27,50,37,133,2,22,24,157
07/25/2017,ILM,NC,ASO,EN,Combined TRACON& Tower with Radar,20,30,35,20,105,0,0,12,1,13,20,30,47,21,118,5,8,13,131
07/26/2017,ILM,NC,ASO,EN,Combined TRACON& Tower with Radar,20,29,45,3,97,0,0,19,3,22,20,29,64,6,119,12,2,14,133
07/27/2017,ILM,NC,ASO,EN,Combined TRACON& Tower with Radar,20,27,41,20,108,0,0,40,3,43,20,27,81,23,151,42,0,42,193
07/28/2017,ILM,NC,ASO,EN,Combined TRACON& Tower with Radar,25,33,37,28,123,0,0,22,10,32,25,33,59,38,155,14,8,22,177
07/29/2017,ILM,NC,ASO,EN,Combined TRACON& Tower with Radar,20,30,17,1,68,0,0,6,5,11,20,30,23,6,79,0,0,0,79
07/30/2017,ILM,NC,ASO,EN,Combined TRACON& Tower with Radar,22,30,34,0,86,0,0,26,0,26,22,30,60,0,112,18,0,18,130
07/31/2017,ILM,NC,ASO,EN,Combined TRACON& Tower with Radar,22,26,42,45,135,0,4,33,0,37,22,30,75,45,172,22,12,34,206
08/01/2017,ILM,NC,ASO,EN,Combined TRACON& Tower with Radar,22,28,52,21,123,0,4,41,8,53,22,32,93,29,176,0,73,73,249
08/02/2017,ILM,NC,ASO,EN,Combined TRACON& Tower with Radar,19,30,60,37,146,0,2,29,11,42,19,32,89,48,188,16,0,16,204
08/03/2017,ILM,NC,ASO,EN,Combined TRACON& Tower with Radar,20,35,50,7,112,0,0,21,6,27,20,35,71,13,139,11,18,29,168
08/04/2017,ILM,NC,ASO,EN,Combined TRACON& Tower with Radar,21,27,59,0,107,0,0,16,2,18,21,27,75,2,125,0,0,0,125
08/05/2017,ILM,NC,ASO,EN,Combined TRACON& Tower with Radar,20,36,31,1,88,0,1,15,0,16,20,37,46,1,104,0,0,0,104
08/06/2017,ILM,NC,ASO,EN,Combined TRACON& Tower with Radar,20,34,38,4,96,0,0,19,0,19,20,34,57,4,115,10,0,10,125
08/07/2017,ILM,NC,ASO,EN,Combined TRACON& Tower with Radar,20,31,48,20,119,0,0,21,3,24,20,31,69,23,143,22,28,50,193
08/08/2017,ILM,NC,ASO,EN,Combined TRACON& Tower with Radar,18,31,41,3,93,0,0,0,0,0,18,31,41,3,93,0,0,0,93
08/09/2017,ILM,NC,ASO,EN,Combined TRACON& Tower with Radar,20,34,49,5,108,0,0,0,0,0,20,34,49,5,108,0,0,0,108
08/10/2017,ILM,NC,ASO,EN,Combined TRACON& Tower with Radar,20,32,79,3,134,0,0,14,4,18,20,32,93,7,152,4,0,4,156
08/11/2017,ILM,NC,ASO,EN,Combined TRACON& Tower with Radar,18,38,59,6,121,0,0,4,3,7,18,38,63,9,128,28,0,28,156
08/12/2017,ILM,NC,ASO,EN,Combined TRACON& Tower with Radar,22,28,28,3,81,0,0,6,2,8,22,28,34,5,89,44,0,44,133
08/13/2017,ILM,NC,ASO,EN,Combined TRACON& Tower with Radar,20,34,31,1,86,0,0,12,1,13,20,34,43,2,99,52,0,52,151
08/14/2017,ILM,NC,ASO,EN,Combined TRACON& Tower with Radar,19,28,44,15,106,0,0,13,3,16,19,28,57,18,122,31,54,85,207
08/15/2017,ILM,NC,ASO,EN,Combined TRACON& Tower with Radar,19,30,34,20,103,0,0,21,4,25,19,30,55,24,128,46,0,46,174
08/16/2017,ILM,NC,ASO,EN,Combined TRACON& Tower with Radar,22,34,52,9,117,0,6,26,3,35,22,40,78,12,152,34,0,34,186
08/17/2017,ILM,NC,ASO,EN,Combined TRACON& Tower with Radar,20,28,48,14,110,0,0,13,3,16,20,28,61,17,126,0,0,0,126
08/18/2017,ILM,NC,ASO,EN,Combined TRACON& Tower with Radar,20,29,49,9,107,0,4,24,5,33,20,33,73,14,140,24,8,32,172
08/19/2017,ILM,NC,ASO,EN,Combined TRACON& Tower with Radar,20,22,38,0,80,0,0,31,1,32,20,22,69,1,112,102,0,102,214
08/20/2017,ILM,NC,ASO,EN,Combined TRACON& Tower with Radar,24,30,36,0,90,0,0,30,1,31,24,30,66,1,121,57,0,57,178
08/21/2017,ILM,NC,ASO,EN,Combined TRACON& Tower with Radar,20,22,51,0,93,0,0,9,0,9,20,22,60,0,102,20,0,20,122
08/22/2017,ILM,NC,ASO,EN,Combined TRACON& Tower with Radar,19,33,27,33,112,0,3,22,3,28,19,36,49,36,140,56,10,66,206
08/23/2017,ILM,NC,ASO,EN,Combined TRACON& Tower with Radar,20,27,43,33,123,0,1,22,3,26,20,28,65,36,149,16,0,16,165
08/24/2017,ILM,NC,ASO,EN,Combined TRACON& Tower with Radar,21,37,62,8,128,0,2,15,5,22,21,39,77,13,150,5,0,5,155
08/25/2017,ILM,NC,ASO,EN,Combined TRACON& Tower with Radar,22,31,42,5,100,0,0,41,4,45,22,31,83,9,145,50,0,50,195
08/26/2017,ILM,NC,ASO,EN,Combined TRACON& Tower with Radar,23,26,34,5,88,0,0,58,9,67,23,26,92,14,155,32,0,32,187
08/27/2017,ILM,NC,ASO,EN,Combined TRACON& Tower with Radar,21,28,43,3,95,0,1,33,0,34,21,29,76,3,129,20,0,20,149
08/28/2017,ILM,NC,ASO,EN,Combined TRACON& Tower with Radar,20,28,42,5,95,0,2,5,2,9,20,30,47,7,104,4,0,4,108
08/29/2017,ILM,NC,ASO,EN,Combined TRACON& Tower with Radar,18,33,29,4,84,0,2,3,2,7,18,35,32,6,91,10,0,10,101
08/30/2017,ILM,NC,ASO,EN,Combined TRACON& Tower with Radar,21,31,33,19,104,0,1,18,9,28,21,32,51,28,132,44,14,58,190
08/31/2017,ILM,NC,ASO,EN,Combined TRACON& Tower with Radar,20,33,53,14,120,0,0,29,5,34,20,33,82,19,154,30,12,42,196
09/01/2017,ILM,NC,ASO,EN,Combined TRACON& Tower with Radar,20,25,42,2,89,0,1,12,11,24,20,26,54,13,113,20,0,20,133
09/02/2017,ILM,NC,ASO,EN,Combined TRACON& Tower with Radar,20,25,24,0,69,0,0,17,1,18,20,25,41,1,87,14,0,14,101
09/03/2017,ILM,NC,ASO,EN,Combined TRACON& Tower with Radar,18,18,29,0,65,0,0,38,0,38,18,18,67,0,103,42,0,42,145
09/04/2017,ILM,NC,ASO,EN,Combined TRACON& Tower with Radar,20,28,61,0,109,0,0,55,0,55,20,28,116,0,164,36,0,36,200
09/05/2017,ILM,NC,ASO,EN,Combined TRACON& Tower with Radar,19,34,46,0,99,0,0,23,0,23,19,34,69,0,122,19,0,19,141
09/06/2017,ILM,NC,ASO,EN,Combined TRACON& Tower with Radar,22,35,35,18,110,0,0,9,3,12,22,35,44,21,122,0,19,19,141
09/07/2017,ILM,NC,ASO,EN,Combined TRACON& Tower with Radar,20,41,50,0,111,0,0,39,0,39,20,41,89,0,150,19,0,19,169
09/08/2017,ILM,NC,ASO,EN,Combined TRACON& Tower with Radar,20,31,46,1,98,0,0,52,0,52,20,31,98,1,150,10,0,10,160
09/09/2017,ILM,NC,ASO,EN,Combined TRACON& Tower with Radar,19,19,26,1,65,0,1,38,0,39,19,20,64,1,104,44,0,44,148
09/10/2017,ILM,NC,ASO,EN,Combined TRACON& Tower with Radar,19,22,16,8,65,0,2,22,0,24,19,24,38,8,89,33,0,33,122
09/11/2017,ILM,NC,ASO,EN,Combined TRACON& Tower with Radar,10,16,11,0,37,0,0,1,2,3,10,16,12,2,40,0,0,0,40
09/12/2017,ILM,NC,ASO,EN,Combined TRACON& Tower with Radar,20,25,22,0,67,0,2,7,0,9,20,27,29,0,76,0,0,0,76
09/13/2017,ILM,NC,ASO,EN,Combined TRACON& Tower with Radar,22,40,52,13,127,0,2,40,6,48,22,42,92,19,175,13,10,23,198
09/14/2017,ILM,NC,ASO,EN,Combined TRACON& Tower with Radar,20,38,51,11,120,0,3,10,1,14,20,41,61,12,134,0,0,0,134
09/15/2017,ILM,NC,ASO,EN,Combined TRACON& Tower with Radar,22,29,54,35,140,0,2,31,7,40,22,31,85,42,180,12,0,12,192
09/16/2017,ILM,NC,ASO,EN,Combined TRACON& Tower with Radar,19,20,33,6,78,0,5,52,5,62,19,25,85,11,140,12,0,12,152
09/17/2017,ILM,NC,ASO,EN,Combined TRACON& Tower with Radar,19,30,36,4,89,0,0,15,0,15,19,30,51,4,104,27,0,27,131
09/18/2017,ILM,NC,ASO,EN,Combined TRACON& Tower with Radar,22,24,45,21,112,0,0,22,3,25,22,24,67,24,137,14,10,24,161
09/19/2017,ILM,NC,ASO,EN,Combined TRACON& Tower with Radar,19,27,39,61,146,0,2,44,16,62,19,29,83,77,208,4,0,4,212
09/20/2017,ILM,NC,ASO,EN,Combined TRACON& Tower with Radar,20,31,42,30,123,0,0,26,7,33,20,31,68,37,156,25,0,25,181
09/21/2017,ILM,NC,ASO,EN,Combined TRACON& Tower with Radar,22,28,61,6,117,0,1,30,0,31,22,29,91,6,148,37,0,37,185
09/22/2017,ILM,NC,ASO,EN,Combined TRACON& Tower with Radar,22,31,29,28,110,0,3,38,2,43,22,34,67,30,153,52,22,74,227
09/23/2017,ILM,NC,ASO,EN,Combined TRACON& Tower with Radar,19,21,18,1,59,0,1,42,3,46,19,22,60,4,105,59,0,59,164
09/24/2017,ILM,NC,ASO,EN,Combined TRACON& Tower with Radar,21,26,59,3,109,0,1,36,6,43,21,27,95,9,152,33,0,33,185
09/25/2017,ILM,NC,ASO,EN,Combined TRACON& Tower with Radar,20,24,33,4,81,0,1,14,0,15,20,25,47,4,96,5,0,5,101
09/26/2017,ILM,NC,ASO,EN,Combined TRACON& Tower with Radar,19,30,33,11,93,0,0,10,2,12,19,30,43,13,105,14,12,26,131
09/27/2017,ILM,NC,ASO,EN,Combined TRACON& Tower with Radar,20,29,40,10,99,0,4,26,6,36,20,33,66,16,135,77,0,77,212
09/28/2017,ILM,NC,ASO,EN,Combined TRACON& Tower with Radar,19,32,60,12,123,0,0,21,16,37,19,32,81,28,160,25,0,25,185
09/29/2017,ILM,NC,ASO,EN,Combined TRACON& Tower with Radar,20,30,55,26,131,0,3,26,3,32,20,33,81,29,163,41,26,67,230
09/30/2017,ILM,NC,ASO,EN,Combined TRACON& Tower with Radar,19,24,25,0,68,0,0,34,1,35,19,24,59,1,103,22,0,22,125
10/01/2017,ILM,NC,ASO,EN,Combined TRACON& Tower with Radar,19,24,50,0,93,0,0,42,0,42,19,24,92,0,135,34,0,34,169
10/02/2017,ILM,NC,ASO,EN,Combined TRACON& Tower with Radar,22,28,40,12,102,0,1,17,0,18,22,29,57,12,120,6,8,14,134
10/03/2017,ILM,NC,ASO,EN,Combined TRACON& Tower with Radar,19,28,38,10,95,0,0,29,4,33,19,28,67,14,128,10,0,10,138
10/04/2017,ILM,NC,ASO,EN,Combined TRACON& Tower with Radar,20,26,33,12,91,0,1,30,0,31,20,27,63,12,122,0,0,0,122
10/05/2017,ILM,NC,ASO,EN,Combined TRACON& Tower with Radar,20,23,39,5,87,0,0,55,7,62,20,23,94,12,149,15,0,15,164
10/06/2017,ILM,NC,ASO,EN,Combined TRACON& Tower with Radar,20,29,49,9,107,0,0,31,9,40,20,29,80,18,147,20,0,20,167
10/07/2017,ILM,NC,ASO,EN,Combined TRACON& Tower with Radar,19,21,22,5,67,0,0,15,3,18,19,21,37,8,85,8,0,8,93
10/08/2017,ILM,NC,ASO,EN,Combined TRACON& Tower with Radar,19,25,29,1,74,0,0,9,2,11,19,25,38,3,85,25,0,25,110
10/09/2017,ILM,NC,ASO,EN,Combined TRACON& Tower with Radar,21,16,46,2,85,0,0,4,0,4,21,16,50,2,89,29,0,29,118
10/10/2017,ILM,NC,ASO,EN,Combined TRACON& Tower with Radar,20,24,27,16,87,0,0,0,6,6,20,24,27,22,93,4,0,4,97
10/11/2017,ILM,NC,ASO,EN,Combined TRACON& Tower with Radar,21,25,31,27,104,0,0,15,5,20,21,25,46,32,124,70,0,70,194
10/12/2017,ILM,NC,ASO,EN,Combined TRACON& Tower with Radar,20,30,50,44,144,0,0,7,6,13,20,30,57,50,157,0,26,26,183
10/13/2017,ILM,NC,ASO,EN,Combined TRACON& Tower with Radar,20,25,38,41,124,0,0,8,10,18,20,25,46,51,142,24,0,24,166
10/14/2017,ILM,NC,ASO,EN,Combined TRACON& Tower with Radar,19,18,25,5,67,0,0,8,0,8,19,18,33,5,75,0,0,0,75
10/15/2017,ILM,NC,ASO,EN,Combined TRACON& Tower with Radar,19,24,46,7,96,0,0,53,0,53,19,24,99,7,149,21,8,29,178
10/16/2017,ILM,NC,ASO,EN,Combined TRACON& Tower with Radar,20,26,45,9,100,0,0,12,0,12,20,26,57,9,112,40,0,40,152
10/17/2017,ILM,NC,ASO,EN,Combined TRACON& Tower with Radar,20,26,41,38,125,0,2,29,5,36,20,28,70,43,161,6,0,6,167
10/18/2017,ILM,NC,ASO,EN,Combined TRACON& Tower with Radar,20,34,67,21,142,0,1,26,1,28,20,35,93,22,170,26,0,26,196
10/19/2017,ILM,NC,ASO,EN,Combined TRACON& Tower with Radar,20,25,53,27,125,0,1,55,8,64,20,26,108,35,189,54,28,82,271
10/20/2017,ILM,NC,ASO,EN,Combined TRACON& Tower with Radar,19,33,45,18,115,0,0,37,5,42,19,33,82,23,157,18,0,18,175
10/21/2017,ILM,NC,ASO,EN,Combined TRACON& Tower with Radar,18,24,33,4,79,0,1,47,7,55,18,25,80,11,134,30,0,30,164
10/22/2017,ILM,NC,ASO,EN,Combined TRACON& Tower with Radar,19,31,36,0,86,0,0,60,5,65,19,31,96,5,151,44,0,44,195
10/23/2017,ILM,NC,ASO,EN,Combined TRACON& Tower with Radar,28,35,32,50,145,0,0,7,5,12,28,35,39,55,157,42,30,72,229
10/24/2017,ILM,NC,ASO,EN,Combined TRACON& Tower with Radar,31,34,32,27,124,0,4,15,2,21,31,38,47,29,145,1,14,15,160
10/25/2017,ILM,NC,ASO,EN,Combined TRACON& Tower with Radar,20,40,51,21,132,0,0,35,3,38,20,40,86,24,170,36,0,36,206
10/26/2017,ILM,NC,ASO,EN,Combined TRACON& Tower with Radar,20,30,53,32,135,0,1,42,3,46,20,31,95,35,181,47,12,59,240
10/27/2017,ILM,NC,ASO,EN,Combined TRACON& Tower with Radar,22,43,42,12,119,0,0,34,5,39,22,43,76,17,158,76,0,76,234
10/28/2017,ILM,NC,ASO,EN,Combined TRACON& Tower with Radar,21,26,25,4,76,0,0,47,6,53,21,26,72,10,129,109,2,111,240
10/29/2017,ILM,NC,ASO,EN,Combined TRACON& Tower with Radar,21,24,31,1,77,0,0,5,0,5,21,24,36,1,82,0,0,0,82
10/30/2017,ILM,NC,ASO,EN,Combined TRACON& Tower with Radar,18,33,62,2,115,0,0,81,2,83,18,33,143,4,198,10,0,10,208
10/31/2017,ILM,NC,ASO,EN,Combined TRACON& Tower with Radar,17,27,41,27,112,0,2,42,8,52,17,29,83,35,164,100,14,114,278
11/01/2017,ILM,NC,ASO,EN,Combined TRACON& Tower with Radar,20,28,52,31,131,0,0,42,3,45,20,28,94,34,176,30,34,64,240
11/02/2017,ILM,NC,ASO,EN,Combined TRACON& Tower with Radar,21,30,48,6,105,0,1,30,4,35,21,31,78,10,140,24,0,24,164
11/03/2017,ILM,NC,ASO,EN,Combined TRACON& Tower with Radar,20,32,34,16,102,0,1,47,3,51,20,33,81,19,153,40,0,40,193
11/04/2017,ILM,NC,ASO,EN,Combined TRACON& Tower with Radar,19,22,30,10,81,0,0,28,8,36,19,22,58,18,117,48,0,48,165
11/05/2017,ILM,NC,ASO,EN,Combined TRACON& Tower with Radar,19,26,63,10,118,0,0,12,2,14,19,26,75,12,132,33,0,33,165
11/06/2017,ILM,NC,ASO,EN,Combined TRACON& Tower with Radar,27,22,49,47,145,0,2,28,3,33,27,24,77,50,178,46,16,62,240
11/07/2017,ILM,NC,ASO,EN,Combined TRACON& Tower with Radar,21,25,39,24,109,0,1,22,4,27,21,26,61,28,136,70,0,70,206
11/08/2017,ILM,NC,ASO,EN,Combined TRACON& Tower with Radar,20,35,42,12,109,0,0,0,0,0,20,35,42,12,109,0,0,0,109
11/09/2017,ILM,NC,ASO,EN,Combined TRACON& Tower with Radar,20,36,43,4,103,0,0,0,0,0,20,36,43,4,103,0,0,0,103
11/10/2017,ILM,NC,ASO,EN,Combined TRACON& Tower with Radar,20,31,46,0,97,0,0,30,0,30,20,31,76,0,127,62,0,62,189
11/11/2017,ILM,NC,ASO,EN,Combined TRACON& Tower with Radar,17,26,33,4,80,0,0,46,2,48,17,26,79,6,128,42,0,42,170
11/12/2017,ILM,NC,ASO,EN,Combined TRACON& Tower with Radar,19,35,53,1,108,0,0,38,0,38,19,35,91,1,146,26,0,26,172
11/13/2017,ILM,NC,ASO,EN,Combined TRACON& Tower with Radar,20,27,29,11,87,0,0,5,0,5,20,27,34,11,92,10,0,10,102
11/14/2017,ILM,NC,ASO,EN,Combined TRACON& Tower with Radar,19,32,41,37,129,0,0,17,16,33,19,32,58,53,162,20,22,42,204
11/15/2017,ILM,NC,ASO,EN,Combined TRACON& Tower with Radar,31,28,50,19,128,0,1,11,4,16,31,29,61,23,144,42,24,66,210
11/16/2017,ILM,NC,ASO,EN,Combined TRACON& Tower with Radar,20,36,49,28,133,0,2,47,4,53,20,38,96,32,186,24,0,24,210
11/17/2017,ILM,NC,ASO,EN,Combined TRACON& Tower with Radar,20,28,66,58,172,0,0,37,5,42,20,28,103,63,214,16,34,50,264
11/18/2017,ILM,NC,ASO,EN,Combined TRACON& Tower with Radar,17,20,38,5,80,0,1,44,2,47,17,21,82,7,127,44,6,50,177
11/19/2017,ILM,NC,ASO,EN,Combined TRACON& Tower with Radar,21,17,32,1,71,0,0,29,1,30,21,17,61,2,101,52,0,52,153
11/20/2017,ILM,NC,ASO,EN,Combined TRACON& Tower with Radar,20,22,53,61,156,0,0,39,6,45,20,22,92,67,201,48,42,90,291
11/21/2017,ILM,NC,ASO,EN,Combined TRACON& Tower with Radar,22,36,65,7,130,0,0,16,1,17,22,36,81,8,147,6,0,6,153
11/22/2017,ILM,NC,ASO,EN,Combined TRACON& Tower with Radar,21,30,46,6,103,0,0,16,0,16,21,30,62,6,119,4,0,4,123
11/23/2017,ILM,NC,ASO,EN,Combined TRACON& Tower with Radar,8,13,17,0,38,0,0,18,0,18,8,13,35,0,56,12,0,12,68
11/24/2017,ILM,NC,ASO,EN,Combined TRACON& Tower with Radar,20,22,31,0,73,0,0,21,0,21,20,22,52,0,94,0,0,0,94
11/25/2017,ILM,NC,ASO,EN,Combined TRACON& Tower with Radar,19,32,34,0,85,0,0,38,0,38,19,32,72,0,123,20,0,20,143
11/26/2017,ILM,NC,ASO,EN,Combined TRACON& Tower with Radar,23,45,85,0,153,0,1,32,0,33,23,46,117,0,186,0,0,0,186
11/27/2017,ILM,NC,ASO,EN,Combined TRACON& Tower with Radar,20,25,48,27,120,0,1,28,4,33,20,26,76,31,153,16,7,23,176
11/28/2017,ILM,NC,ASO,EN,Combined TRACON& Tower with Radar,19,25,54,11,109,0,0,32,4,36,19,25,86,15,145,0,4,4,149
11/29/2017,ILM,NC,ASO,EN,Combined TRACON& Tower with Radar,20,24,52,27,123,0,0,43,0,43,20,24,95,27,166,34,16,50,216
11/30/2017,ILM,NC,ASO,EN,Combined TRACON& Tower with Radar,20,27,56,10,113,0,2,42,6,50,20,29,98,16,163,26,2,28,191
12/01/2017,ILM,NC,ASO,EN,Combined TRACON& Tower with Radar,20,33,25,28,106,0,0,27,2,29,20,33,52,30,135,0,8,8,143
12/02/2017,ILM,NC,ASO,EN,Combined TRACON& Tower with Radar,17,15,43,0,75,0,0,16,4,20,17,15,59,4,95,28,0,28,123
12/03/2017,ILM,NC,ASO,EN,Combined TRACON& Tower with Radar,19,24,23,2,68,0,2,42,5,49,19,26,65,7,117,76,0,76,193
12/04/2017,ILM,NC,ASO,EN,Combined TRACON& Tower with Radar,29,18,39,8,94,0,1,23,0,24,29,19,62,8,118,2,12,14,132
12/05/2017,ILM,NC,ASO,EN,Combined TRACON& Tower with Radar,19,23,39,19,100,0,3,14,6,23,19,26,53,25,123,12,0,12,135
12/06/2017,ILM,NC,ASO,EN,Combined TRACON& Tower with Radar,20,25,38,10,93,0,0,0,4,4,20,25,38,14,97,0,0,0,97
12/07/2017,ILM,NC,ASO,EN,Combined TRACON& Tower with Radar,20,27,31,15,93,0,0,7,10,17,20,27,38,25,110,0,0,0,110
12/08/2017,ILM,NC,ASO,EN,Combined TRACON& Tower with Radar,19,27,18,3,67,0,0,0,0,0,19,27,18,3,67,0,0,0,67
12/09/2017,ILM,NC,ASO,EN,Combined TRACON& Tower with Radar,16,13,26,4,59,0,0,0,0,0,16,13,26,4,59,0,0,0,59
12/10/2017,ILM,NC,ASO,EN,Combined TRACON& Tower with Radar,19,20,34,0,73,0,1,29,2,32,19,21,63,2,105,14,0,14,119
12/11/2017,ILM,NC,ASO,EN,Combined TRACON& Tower with Radar,19,22,35,27,103,0,0,9,10,19,19,22,44,37,122,4,30,34,156
12/12/2017,ILM,NC,ASO,EN,Combined TRACON& Tower with Radar,19,20,32,23,94,0,1,17,4,22,19,21,49,27,116,6,6,12,128
12/13/2017,ILM,NC,ASO,EN,Combined TRACON& Tower with Radar,20,22,57,52,151,0,0,31,6,37,20,22,88,58,188,11,28,39,227
12/14/2017,ILM,NC,ASO,EN,Combined TRACON& Tower with Radar,20,23,37,6,86,0,1,25,0,26,20,24,62,6,112,28,0,28,140
12/15/2017,ILM,NC,ASO,EN,Combined TRACON& Tower with Radar,18,27,55,42,142,0,0,34,1,35,18,27,89,43,177,18,24,42,219
12/16/2017,ILM,NC,ASO,EN,Combined TRACON& Tower with Radar,19,18,30,30,97,0,0,39,1,40,19,18,69,31,137,44,12,56,193
12/17/2017,ILM,NC,ASO,EN,Combined TRACON& Tower with Radar,19,16,49,7,91,0,2,29,3,34,19,18,78,10,125,52,4,56,181
12/18/2017,ILM,NC,ASO,EN,Combined TRACON& Tower with Radar,17,26,45,7,95,0,0,19,4,23,17,26,64,11,118,0,0,0,118
12/19/2017,ILM,NC,ASO,EN,Combined TRACON& Tower with Radar,18,36,40,16,110,0,0,17,7,24,18,36,57,23,134,51,12,63,197
12/20/2017,ILM,NC,ASO,EN,Combined TRACON& Tower with Radar,17,27,37,22,103,0,0,6,2,8,17,27,43,24,111,0,0,0,111
12/21/2017,ILM,NC,ASO,EN,Combined TRACON& Tower with Radar,21,28,46,2,97,0,2,39,2,43,21,30,85,4,140,22,0,22,162
12/22/2017,ILM,NC,ASO,EN,Combined TRACON& Tower with Radar,23,29,34,2,88,0,0,1,0,1,23,29,35,2,89,0,0,0,89
12/23/2017,ILM,NC,ASO,EN,Combined TRACON& Tower with Radar,21,20,22,0,63,0,0,9,0,9,21,20,31,0,72,24,0,24,96
12/24/2017,ILM,NC,ASO,EN,Combined TRACON& Tower with Radar,20,14,12,0,46,0,0,0,0,0,20,14,12,0,46,0,0,0,46
12/25/2017,ILM,NC,ASO,EN,Combined TRACON& Tower with Radar,20,24,14,0,58,0,0,5,0,5,20,24,19,0,63,0,0,0,63
12/26/2017,ILM,NC,ASO,EN,Combined TRACON& Tower with Radar,25,43,54,0,122,0,0,29,0,29,25,43,83,0,151,0,0,0,151
12/27/2017,ILM,NC,ASO,EN,Combined TRACON& Tower with Radar,24,34,35,2,95,0,0,1,0,1,24,34,36,2,96,0,0,0,96
12/28/2017,ILM,NC,ASO,EN,Combined TRACON& Tower with Radar,24,38,35,25,122,0,0,18,4,22,24,38,53,29,144,2,10,12,156
12/29/2017,ILM,NC,ASO,EN,Combined TRACON& Tower with Radar,26,31,26,18,101,0,0,39,1,40,26,31,65,19,141,28,0,28,169
12/30/2017,ILM,NC,ASO,EN,Combined TRACON& Tower with Radar,24,26,20,4,74,0,0,54,2,56,24,26,74,6,130,38,0,38,168
12/31/2017,ILM,NC,ASO,EN,Combined TRACON& Tower with Radar,20,16,23,0,59,0,0,22,0,22,20,16,45,0,81,34,0,34,115
01/01/2018,ILM,NC,ASO,EN,Combined TRACON& Tower with Radar,23,25,35,0,83,0,0,11,0,11,23,25,46,0,94,10,0,10,104
01/02/2018,ILM,NC,ASO,EN,Combined TRACON& Tower with Radar,22,27,61,0,110,0,0,15,1,16,22,27,76,1,126,0,0,0,126
01/03/2018,ILM,NC,ASO,EN,Combined TRACON& Tower with Radar,6,18,17,0,41,0,1,2,1,4,6,19,19,1,45,13,0,13,58
01/04/2018,ILM,NC,ASO,EN,Combined TRACON& Tower with Radar,0,1,0,0,1,0,1,2,0,3,0,2,2,0,4,6,0,6,10
01/05/2018,ILM,NC,ASO,EN,Combined TRACON& Tower with Radar,18,25,24,0,67,0,1,13,0,14,18,26,37,0,81,4,0,4,85
01/06/2018,ILM,NC,ASO,EN,Combined TRACON& Tower with Radar,20,20,28,0,68,0,0,16,0,16,20,20,44,0,84,0,0,0,84
01/07/2018,ILM,NC,ASO,EN,Combined TRACON& Tower with Radar,21,23,38,0,82,0,0,17,4,21,21,23,55,4,103,14,0,14,117
01/08/2018,ILM,NC,ASO,EN,Combined TRACON& Tower with Radar,18,23,23,6,70,0,0,7,0,7,18,23,30,6,77,20,0,20,97
01/09/2018,ILM,NC,ASO,EN,Combined TRACON& Tower with Radar,16,26,37,97,176,0,0,21,2,23,16,26,58,99,199,16,40,56,255
01/10/2018,ILM,NC,ASO,EN,Combined TRACON& Tower with Radar,18,23,45,40,126,0,0,25,0,25,18,23,70,40,151,2,28,30,181
01/11/2018,ILM,NC,ASO,EN,Combined TRACON& Tower with Radar,9,15,15,15,54,0,1,0,3,4,9,16,15,18,58,6,0,6,64
01/12/2018,ILM,NC,ASO,EN,Combined TRACON& Tower with Radar,18,25,29,31,103,0,0,0,2,2,18,25,29,33,105,0,0,0,105
01/13/2018,ILM,NC,ASO,EN,Combined TRACON& Tower with Radar,16,12,40,3,71,0,0,12,7,19,16,12,52,10,90,0,0,0,90
01/14/2018,ILM,NC,ASO,EN,Combined TRACON& Tower with Radar,14,18,33,1,66,0,0,26,1,27,14,18,59,2,93,26,0,26,119
01/15/2018,ILM,NC,ASO,EN,Combined TRACON& Tower with Radar,19,18,39,4,80,0,2,30,0,32,19,20,69,4,112,30,0,30,142
01/16/2018,ILM,NC,ASO,EN,Combined TRACON& Tower with Radar,17,28,34,41,120,0,0,17,3,20,17,28,51,44,140,20,8,28,168
01/17/2018,ILM,NC,ASO,EN,Combined TRACON& Tower with Radar,10,22,31,24,87,0,3,13,2,18,10,25,44,26,105,20,18,38,143
01/18/2018,ILM,NC,ASO,EN,Combined TRACON& Tower with Radar,13,25,45,16,99,0,2,17,0,19,13,27,62,16,118,2,16,18,136
01/19/2018,ILM,NC,ASO,EN,Combined TRACON& Tower with Radar,18,26,51,33,128,0,0,47,3,50,18,26,98,36,178,48,10,58,236
01/20/2018,ILM,NC,ASO,EN,Combined TRACON& Tower with Radar,15,15,25,2,57,0,1,60,2,63,15,16,85,4,120,106,0,106,226
01/21/2018,ILM,NC,ASO,EN,Combined TRACON& Tower with Radar,16,19,37,5,77,0,0,68,1,69,16,19,105,6,146,65,0,65,211
01/22/2018,ILM,NC,ASO,EN,Combined TRACON& Tower with Radar,17,25,60,39,141,0,2,28,18,48,17,27,88,57,189,10,6,16,205
01/23/2018,ILM,NC,ASO,EN,Combined TRACON& Tower with Radar,17,22,41,7,87,0,0,7,9,16,17,22,48,16,103,0,0,0,103
01/24/2018,ILM,NC,ASO,EN,Combined TRACON& Tower with Radar,18,24,32,52,126,0,0,26,3,29,18,24,58,55,155,95,45,140,295
01/25/2018,ILM,NC,ASO,EN,Combined TRACON& Tower with Radar,18,29,51,44,142,0,0,26,14,40,18,29,77,58,182,16,40,56,238
01/26/2018,ILM,NC,ASO,EN,Combined TRACON& Tower with Radar,20,42,44,7,113,0,0,30,6,36,20,42,74,13,149,2,10,12,161
01/27/2018,ILM,NC,ASO,EN,Combined TRACON& Tower with Radar,15,12,21,3,51,0,0,36,6,42,15,12,57,9,93,46,8,54,147
01/28/2018,ILM,NC,ASO,EN,Combined TRACON& Tower with Radar,20,21,10,4,55,0,0,0,0,0,20,21,10,4,55,0,0,0,55
01/29/2018,ILM,NC,ASO,EN,Combined TRACON& Tower with Radar,17,26,35,1,79,0,0,0,0,0,17,26,35,1,79,0,0,0,79
01/30/2018,ILM,NC,ASO,EN,Combined TRACON& Tower with Radar,16,35,25,30,106,0,2,9,6,17,16,37,34,36,123,0,12,12,135
01/31/2018,ILM,NC,ASO,EN,Combined TRACON& Tower with Radar,20,28,53,29,130,0,0,29,3,32,20,28,82,32,162,14,24,38,200
02/01/2018,ILM,NC,ASO,EN,Combined TRACON& Tower with Radar,19,27,37,58,141,0,2,24,7,33,19,29,61,65,174,13,38,51,225
02/02/2018,ILM,NC,ASO,EN,Combined TRACON& Tower with Radar,18,28,40,29,115,0,0,14,7,21,18,28,54,36,136,8,22,30,166
02/03/2018,ILM,NC,ASO,EN,Combined TRACON& Tower with Radar,15,17,35,17,84,0,2,64,1,67,15,19,99,18,151,12,8,20,171
02/04/2018,ILM,NC,ASO,EN,Combined TRACON& Tower with Radar,14,13,43,0,70,0,0,2,0,2,14,13,45,0,72,4,0,4,76
02/05/2018,ILM,NC,ASO,EN,Combined TRACON& Tower with Radar,15,30,41,4,90,0,2,19,0,21,15,32,60,4,111,48,0,48,159
02/06/2018,ILM,NC,ASO,EN,Combined TRACON& Tower with Radar,17,27,66,33,143,0,0,46,5,51,17,27,112,38,194,14,10,24,218
02/07/2018,ILM,NC,ASO,EN,Combined TRACON& Tower with Radar,18,25,33,18,94,0,0,5,1,6,18,25,38,19,100,10,36,46,146
02/08/2018,ILM,NC,ASO,EN,Combined TRACON& Tower with Radar,18,30,61,14,123,0,0,8,3,11,18,30,69,17,134,42,0,42,176
02/09/2018,ILM,NC,ASO,EN,Combined TRACON& Tower with Radar,18,27,59,14,118,0,0,35,3,38,18,27,94,17,156,26,16,42,198
02/10/2018,ILM,NC,ASO,EN,Combined TRACON& Tower with Radar,17,17,9,2,45,0,0,9,3,12,17,17,18,5,57,51,0,51,108
02/11/2018,ILM,NC,ASO,EN,Combined TRACON& Tower with Radar,16,13,35,16,80,0,0,7,3,10,16,13,42,19,90,26,0,26,116
02/12/2018,ILM,NC,ASO,EN,Combined TRACON& Tower with Radar,17,27,22,21,87,0,0,5,1,6,17,27,27,22,93,4,34,38,131
02/13/2018,ILM,NC,ASO,EN,Combined TRACON& Tower with Radar,16,26,29,40,111,0,0,0,0,0,16,26,29,40,111,18,10,28,139
02/14/2018,ILM,NC,ASO,EN,Combined TRACON& Tower with Radar,18,21,49,31,119,0,0,8,3,11,18,21,57,34,130,30,12,42,172
02/15/2018,ILM,NC,ASO,EN,Combined TRACON& Tower with Radar,20,32,44,26,122,0,0,23,7,30,20,32,67,33,152,28,16,44,196
02/16/2018,ILM,NC,ASO,EN,Combined TRACON& Tower with Radar,21,33,68,38,160,0,2,31,6,39,21,35,99,44,199,10,34,44,243
02/17/2018,ILM,NC,ASO,EN,Combined TRACON& Tower with Radar,20,28,41,6,95,0,0,4,0,4,20,28,45,6,99,16,0,16,115
02/18/2018,ILM,NC,ASO,EN,Combined TRACON& Tower with Radar,21,24,68,4,117,0,1,45,0,46,21,25,113,4,163,22,0,22,185
02/19/2018,ILM,NC,ASO,EN,Combined TRACON& Tower with Radar,21,23,45,4,93,0,0,3,0,3,21,23,48,4,96,2,0,2,98
02/20/2018,ILM,NC,ASO,EN,Combined TRACON& Tower with Radar,25,40,46,52,163,0,0,32,41,73,25,40,78,93,236,62,16,78,314
02/21/2018,ILM,NC,ASO,EN,Combined TRACON& Tower with Radar,21,20,45,35,121,0,1,16,7,24,21,21,61,42,145,14,16,30,175
02/22/2018,ILM,NC,ASO,EN,Combined TRACON& Tower with Radar,21,25,50,35,131,0,0,16,2,18,21,25,66,37,149,14,12,26,175
02/23/2018,ILM,NC,ASO,EN,Combined TRACON& Tower with Radar,23,29,35,30,117,0,0,20,4,24,23,29,55,34,141,10,14,24,165
02/24/2018,ILM,NC,ASO,EN,Combined TRACON& Tower with Radar,20,19,34,13,86,0,4,51,1,56,20,23,85,14,142,32,18,50,192
02/25/2018,ILM,NC,ASO,EN,Combined TRACON& Tower with Radar,22,19,46,0,87,0,0,21,0,21,22,19,67,0,108,38,0,38,146
02/26/2018,ILM,NC,ASO,EN,Combined TRACON& Tower with Radar,21,22,37,39,119,0,0,4,5,9,21,22,41,44,128,2,14,16,144
02/27/2018,ILM,NC,ASO,EN,Combined TRACON& Tower with Radar,21,29,51,12,113,0,0,23,2,25,21,29,74,14,138,32,0,32,170
02/28/2018,ILM,NC,ASO,EN,Combined TRACON& Tower with Radar,21,27,42,4,94,0,0,17,4,21,21,27,59,8,115,10,0,10,125
03/01/2018,ILM,NC,ASO,EN,Combined TRACON& Tower with Radar,19,38,34,24,115,0,0,2,2,4,19,38,36,26,119,16,10,26,145
03/02/2018,ILM,NC,ASO,EN,Combined TRACON& Tower with Radar,19,26,34,0,79,0,0,5,0,5,19,26,39,0,84,0,0,0,84
03/03/2018,ILM,NC,ASO,EN,Combined TRACON& Tower with Radar,17,19,33,0,69,0,0,9,2,11,17,19,42,2,80,0,0,0,80
03/04/2018,ILM,NC,ASO,EN,Combined TRACON& Tower with Radar,22,29,47,1,99,0,0,34,5,39,22,29,81,6,138,25,4,29,167
03/05/2018,ILM,NC,ASO,EN,Combined TRACON& Tower with Radar,20,26,48,17,111,0,0,28,2,30,20,26,76,19,141,0,8,8,149
03/06/2018,ILM,NC,ASO,EN,Combined TRACON& Tower with Radar,21,21,55,21,118,0,0,44,10,54,21,21,99,31,172,11,8,19,191
03/07/2018,ILM,NC,ASO,EN,Combined TRACON& Tower with Radar,32,32,29,42,135,0,1,17,8,26,32,33,46,50,161,9,24,33,194
03/08/2018,ILM,NC,ASO,EN,Combined TRACON& Tower with Radar,20,24,47,46,137,0,2,23,8,33,20,26,70,54,170,36,12,48,218
03/09/2018,ILM,NC,ASO,EN,Combined TRACON& Tower with Radar,20,28,47,9,104,0,2,56,7,65,20,30,103,16,169,29,4,33,202
03/10/2018,ILM,NC,ASO,EN,Combined TRACON& Tower with Radar,18,17,44,1,80,0,0,59,5,64,18,17,103,6,144,61,4,65,209
03/11/2018,ILM,NC,ASO,EN,Combined TRACON& Tower with Radar,20,34,54,4,112,0,1,32,0,33,20,35,86,4,145,27,0,27,172
03/12/2018,ILM,NC,ASO,EN,Combined TRACON& Tower with Radar,21,20,32,0,73,0,0,0,0,0,21,20,32,0,73,0,0,0,73
03/13/2018,ILM,NC,ASO,EN,Combined TRACON& Tower with Radar,20,30,40,35,125,0,0,18,3,21,20,30,58,38,146,26,10,36,182
03/14/2018,ILM,NC,ASO,EN,Combined TRACON& Tower with Radar,22,26,35,23,106,0,0,21,4,25,22,26,56,27,131,2,16,18,149
03/15/2018,ILM,NC,ASO,EN,Combined TRACON& Tower with Radar,20,30,48,28,126,0,0,17,3,20,20,30,65,31,146,4,16,20,166
03/16/2018,ILM,NC,ASO,EN,Combined TRACON& Tower with Radar,20,31,44,27,122,0,1,37,7,45,20,32,81,34,167,16,0,16,183
03/17/2018,ILM,NC,ASO,EN,Combined TRACON& Tower with Radar,18,33,45,1,97,0,0,29,3,32,18,33,74,4,129,66,0,66,195
03/18/2018,ILM,NC,ASO,EN,Combined TRACON& Tower with Radar,20,31,54,3,108,0,0,40,6,46,20,31,94,9,154,26,0,26,180
03/19/2018,ILM,NC,ASO,EN,Combined TRACON& Tower with Radar,20,25,48,8,101,0,4,18,0,22,20,29,66,8,123,4,0,4,127
03/20/2018,ILM,NC,ASO,EN,Combined TRACON& Tower with Radar,20,29,28,5,82,0,0,1,3,4,20,29,29,8,86,0,0,0,86
03/21/2018,ILM,NC,ASO,EN,Combined TRACON& Tower with Radar,18,24,44,5,91,0,2,1,8,11,18,26,45,13,102,0,0,0,102
03/22/2018,ILM,NC,ASO,EN,Combined TRACON& Tower with Radar,20,37,70,12,139,0,1,43,7,51,20,38,113,19,190,14,6,20,210
03/23/2018,ILM,NC,ASO,EN,Combined TRACON& Tower with Radar,21,36,78,18,153,0,0,48,8,56,21,36,126,26,209,9,0,9,218
03/24/2018,ILM,NC,ASO,EN,Combined TRACON& Tower with Radar,20,22,44,4,90,0,0,30,3,33,20,22,74,7,123,47,2,49,172
03/25/2018,ILM,NC,ASO,EN,Combined TRACON& Tower with Radar,22,18,43,1,84,0,0,4,2,6,22,18,47,3,90,0,0,0,90
03/26/2018,ILM,NC,ASO,EN,Combined TRACON& Tower with Radar,21,31,47,10,109,0,1,16,2,19,21,32,63,12,128,26,0,26,154
03/27/2018,ILM,NC,ASO,EN,Combined TRACON& Tower with Radar,20,25,36,34,115,0,2,19,4,25,20,27,55,38,140,56,22,78,218
03/28/2018,ILM,NC,ASO,EN,Combined TRACON& Tower with Radar,21,26,40,71,158,0,2,31,6,39,21,28,71,77,197,50,38,88,285
03/29/2018,ILM,NC,ASO,EN,Combined TRACON& Tower with Radar,20,34,71,24,149,0,5,27,4,36,20,39,98,28,185,11,0,11,196
03/30/2018,ILM,NC,ASO,EN,Combined TRACON& Tower with Radar,20,28,49,17,114,0,0,4,8,12,20,28,53,25,126,22,0,22,148
03/31/2018,ILM,NC,ASO,EN,Combined TRACON& Tower with Radar,18,18,21,5,62,0,0,57,3,60,18,18,78,8,122,118,6,124,246
04/01/2018,ILM,NC,ASO,EN,Combined TRACON& Tower with Radar,20,23,35,4,82,0,0,36,1,37,20,23,71,5,119,56,8,64,183
04/02/2018,ILM,NC,ASO,EN,Combined TRACON& Tower with Radar,21,25,51,36,133,0,0,59,58,117,21,25,110,94,250,0,0,0,250
04/03/2018,ILM,NC,ASO,EN,Combined TRACON& Tower with Radar,23,25,58,55,161,0,2,14,38,54,23,27,72,93,215,0,0,0,215
04/04/2018,ILM,NC,ASO,EN,Combined TRACON& Tower with Radar,24,19,33,24,100,0,1,7,2,10,24,20,40,26,110,0,10,10,120
04/05/2018,ILM,NC,ASO,EN,Combined TRACON& Tower with Radar,26,37,33,17,113,0,1,42,5,48,26,38,75,22,161,18,0,18,179
04/06/2018,ILM,NC,ASO,EN,Combined TRACON& Tower with Radar,24,27,56,30,137,0,0,33,18,51,24,27,89,48,188,18,22,40,228
04/07/2018,ILM,NC,ASO,EN,Combined TRACON& Tower with Radar,28,14,22,10,74,0,0,6,1,7,28,14,28,11,81,0,0,0,81
04/08/2018,ILM,NC,ASO,EN,Combined TRACON& Tower with Radar,26,25,60,10,121,0,1,42,1,44,26,26,102,11,165,58,0,58,223
04/09/2018,ILM,NC,ASO,EN,Combined TRACON& Tower with Radar,24,29,40,4,97,0,0,0,1,1,24,29,40,5,98,3,0,3,101
04/10/2018,ILM,NC,ASO,EN,Combined TRACON& Tower with Radar,24,35,36,5,100,0,0,7,4,11,24,35,43,9,111,9,0,9,120
04/11/2018,ILM,NC,ASO,EN,Combined TRACON& Tower with Radar,23,37,68,29,157,1,0,43,15,59,24,37,111,44,216,4,6,10,226
04/12/2018,ILM,NC,ASO,EN,Combined TRACON& Tower with Radar,23,39,53,28,143,0,0,39,8,47,23,39,92,36,190,42,45,87,277
04/13/2018,ILM,NC,ASO,EN,Combined TRACON& Tower with Radar,23,45,58,32,158,0,1,41,16,58,23,46,99,48,216,64,0,64,280
04/14/2018,ILM,NC,ASO,EN,Combined TRACON& Tower with Radar,27,36,49,3,115,0,0,46,7,53,27,36,95,10,168,64,0,64,232
04/15/2018,ILM,NC,ASO,EN,Combined TRACON& Tower with Radar,24,30,25,0,79,0,3,5,0,8,24,33,30,0,87,0,0,0,87
04/16/2018,ILM,NC,ASO,EN,Combined TRACON& Tower with Radar,26,38,40,6,110,0,0,22,12,34,26,38,62,18,144,0,0,0,144
04/17/2018,ILM,NC,ASO,EN,Combined TRACON& Tower with Radar,22,36,49,52,159,0,0,15,18,33,22,36,64,70,192,0,0,0,192
04/18/2018,ILM,NC,ASO,EN,Combined TRACON& Tower with Radar,24,35,45,15,119,0,0,123,9,132,24,35,168,24,251,0,0,0,251
04/19/2018,ILM,NC,ASO,EN,Combined TRACON& Tower with Radar,32,34,74,39,179,0,0,24,19,43,32,34,98,58,222,0,14,14,236
04/20/2018,ILM,NC,ASO,EN,Combined TRACON& Tower with Radar,25,29,60,26,140,0,0,49,8,57,25,29,109,34,197,62,14,76,273
04/21/2018,ILM,NC,ASO,EN,Combined TRACON& Tower with Radar,27,25,46,4,102,0,0,64,3,67,27,25,110,7,169,17,0,17,186
04/22/2018,ILM,NC,ASO,EN,Combined TRACON& Tower with Radar,26,32,74,5,137,0,2,78,4,84,26,34,152,9,221,50,0,50,271
04/23/2018,ILM,NC,ASO,EN,Combined TRACON& Tower with Radar,24,27,27,28,106,0,0,6,2,8,24,27,33,30,114,12,2,14,128
04/24/2018,ILM,NC,ASO,EN,Combined TRACON& Tower with Radar,24,32,26,10,92,0,0,2,0,2,24,32,28,10,94,2,0,2,96
04/25/2018,ILM,NC,ASO,EN,Combined TRACON& Tower with Radar,23,29,51,35,138,0,1,30,9,40,23,30,81,44,178,45,17,62,240
04/26/2018,ILM,NC,ASO,EN,Combined TRACON& Tower with Radar,24,36,57,34,151,0,0,44,2,46,24,36,101,36,197,58,24,82,279
04/27/2018,ILM,NC,ASO,EN,Combined TRACON& Tower with Radar,28,41,39,22,130,0,0,29,4,33,28,41,68,26,163,20,12,32,195
04/28/2018,ILM,NC,ASO,EN,Combined TRACON& Tower with Radar,30,29,42,13,114,0,0,49,4,53,30,29,91,17,167,18,0,18,185
04/29/2018,ILM,NC,ASO,EN,Combined TRACON& Tower with Radar,26,30,53,11,120,0,0,41,2,43,26,30,94,13,163,44,13,57,220
04/30/2018,ILM,NC,ASO,EN,Combined TRACON& Tower with Radar,26,32,50,35,143,0,0,45,2,47,26,32,95,37,190,43,0,43,233
05/01/2018,ILM,NC,ASO,EN,Combined TRACON& Tower with Radar,24,34,49,28,135,0,3,50,0,53,24,37,99,28,188,46,0,46,234
05/02/2018,ILM,NC,ASO,EN,Combined TRACON& Tower with Radar,24,34,58,10,126,0,2,40,3,45,24,36,98,13,171,30,0,30,201
05/03/2018,ILM,NC,ASO,EN,Combined TRACON& Tower with Radar,24,33,53,80,190,0,0,38,12,50,24,33,91,92,240,24,36,60,300
05/04/2018,ILM,NC,ASO,EN,Combined TRACON& Tower with Radar,24,34,50,37,145,0,0,33,5,38,24,34,83,42,183,54,10,64,247
05/05/2018,ILM,NC,ASO,EN,Combined TRACON& Tower with Radar,27,25,31,18,101,0,1,36,16,53,27,26,67,34,154,28,10,38,192
05/06/2018,ILM,NC,ASO,EN,Combined TRACON& Tower with Radar,26,31,55,6,118,0,0,5,5,10,26,31,60,11,128,34,0,34,162
05/07/2018,ILM,NC,ASO,EN,Combined TRACON& Tower with Radar,24,35,58,55,172,0,0,9,1,10,24,35,67,56,182,27,14,41,223
05/08/2018,ILM,NC,ASO,EN,Combined TRACON& Tower with Radar,23,43,41,20,127,0,0,4,2,6,23,43,45,22,133,16,0,16,149
05/09/2018,ILM,NC,ASO,EN,Combined TRACON& Tower with Radar,24,40,71,19,154,0,2,34,9,45,24,42,105,28,199,26,0,26,225
05/10/2018,ILM,NC,ASO,EN,Combined TRACON& Tower with Radar,24,37,46,26,133,0,1,31,9,41,24,38,77,35,174,50,10,60,234
05/11/2018,ILM,NC,ASO,EN,Combined TRACON& Tower with Radar,24,42,50,7,123,0,2,55,7,64,24,44,105,14,187,121,14,135,322
05/12/2018,ILM,NC,ASO,EN,Combined TRACON& Tower with Radar,28,22,45,3,98,0,1,58,3,62,28,23,103,6,160,34,0,34,194
05/13/2018,ILM,NC,ASO,EN,Combined TRACON& Tower with Radar,26,32,32,1,91,0,0,33,0,33,26,32,65,1,124,14,0,14,138
05/14/2018,ILM,NC,ASO,EN,Combined TRACON& Tower with Radar,24,35,36,5,100,0,0,29,5,34,24,35,65,10,134,28,2,30,164
05/15/2018,ILM,NC,ASO,EN,Combined TRACON& Tower with Radar,23,39,47,10,119,0,3,15,0,18,23,42,62,10,137,20,8,28,165
05/16/2018,ILM,NC,ASO,EN,Combined TRACON& Tower with Radar,26,35,44,17,122,0,1,5,3,9,26,36,49,20,131,36,0,36,167
05/17/2018,ILM,NC,ASO,EN,Combined TRACON& Tower with Radar,24,37,34,4,99,0,0,0,2,2,24,37,34,6,101,16,0,16,117
05/18/2018,ILM,NC,ASO,EN,Combined TRACON& Tower with Radar,24,31,38,8,101,0,0,6,1,7,24,31,44,9,108,20,10,30,138
05/19/2018,ILM,NC,ASO,EN,Combined TRACON& Tower with Radar,32,18,21,0,71,0,0,0,0,0,32,18,21,0,71,0,0,0,71
05/20/2018,ILM,NC,ASO,EN,Combined TRACON& Tower with Radar,27,24,30,1,82,0,0,22,0,22,27,24,52,1,104,30,0,30,134
05/21/2018,ILM,NC,ASO,EN,Combined TRACON& Tower with Radar,26,29,45,55,155,0,0,21,2,23,26,29,66,57,178,38,32,70,248
05/22/2018,ILM,NC,ASO,EN,Combined TRACON& Tower with Radar,24,36,47,36,143,0,0,19,5,24,24,36,66,41,167,44,18,62,229
05/23/2018,ILM,NC,ASO,EN,Combined TRACON& Tower with Radar,24,33,57,53,167,0,0,18,6,24,24,33,75,59,191,6,58,64,255
05/24/2018,ILM,NC,ASO,EN,Combined TRACON& Tower with Radar,26,38,55,1,120,0,0,9,8,17,26,38,64,9,137,0,0,0,137
05/25/2018,ILM,NC,ASO,EN,Combined TRACON& Tower with Radar,24,38,64,5,131,0,2,30,1,33,24,40,94,6,164,30,0,30,194
05/26/2018,ILM,NC,ASO,EN,Combined TRACON& Tower with Radar,30,28,40,0,98,0,0,39,0,39,30,28,79,0,137,17,0,17,154
05/27/2018,ILM,NC,ASO,EN,Combined TRACON& Tower with Radar,22,24,22,4,72,0,0,19,0,19,22,24,41,4,91,62,0,62,153
05/28/2018,ILM,NC,ASO,EN,Combined TRACON& Tower with Radar,22,42,19,0,83,0,0,0,0,0,22,42,19,0,83,0,0,0,83
05/29/2018,ILM,NC,ASO,EN,Combined TRACON& Tower with Radar,24,41,57,10,132,0,0,34,0,34,24,41,91,10,166,0,0,0,166
05/30/2018,ILM,NC,ASO,EN,Combined TRACON& Tower with Radar,31,33,43,12,119,0,0,7,2,9,31,33,50,14,128,58,6,64,192
05/31/2018,ILM,NC,ASO,EN,Combined TRACON& Tower with Radar,22,43,74,58,197,0,1,13,5,19,22,44,87,63,216,40,28,68,284
06/01/2018,ILM,NC,ASO,EN,Combined TRACON& Tower with Radar,23,39,48,30,140,0,7,44,6,57,23,46,92,36,197,25,4,29,226
06/02/2018,ILM,NC,ASO,EN,Combined TRACON& Tower with Radar,28,21,21,3,73,0,2,50,5,57,28,23,71,8,130,17,6,23,153
06/03/2018,ILM,NC,ASO,EN,Combined TRACON& Tower with Radar,26,35,43,0,104,0,0,32,0,32,26,35,75,0,136,32,1,33,169
06/04/2018,ILM,NC,ASO,EN,Combined TRACON& Tower with Radar,24,32,37,2,95,0,0,29,0,29,24,32,66,2,124,18,0,18,142
06/05/2018,ILM,NC,ASO,EN,Combined TRACON& Tower with Radar,24,38,46,18,126,0,0,36,4,40,24,38,82,22,166,2,0,2,168
06/06/2018,ILM,NC,ASO,EN,Combined TRACON& Tower with Radar,23,35,38,30,126,0,0,34,6,40,23,35,72,36,166,26,10,36,202
06/07/2018,ILM,NC,ASO,EN,Combined TRACON& Tower with Radar,22,55,52,3,132,0,0,34,5,39,22,55,86,8,171,6,0,6,177
06/08/2018,ILM,NC,ASO,EN,Combined TRACON& Tower with Radar,22,41,64,12,139,0,3,28,7,38,22,44,92,19,177,14,0,14,191
06/09/2018,ILM,NC,ASO,EN,Combined TRACON& Tower with Radar,30,24,23,3,80,0,0,7,4,11,30,24,30,7,91,0,0,0,91
06/10/2018,ILM,NC,ASO,EN,Combined TRACON& Tower with Radar,26,40,46,1,113,0,0,32,0,32,26,40,78,1,145,16,0,16,161
06/11/2018,ILM,NC,ASO,EN,Combined TRACON& Tower with Radar,22,39,36,24,121,0,0,22,1,23,22,39,58,25,144,24,0,24,168
06/12/2018,ILM,NC,ASO,EN,Combined TRACON& Tower with Radar,22,45,39,18,124,0,0,0,0,0,22,45,39,18,124,0,0,0,124
06/13/2018,ILM,NC,ASO,EN,Combined TRACON& Tower with Radar,22,48,45,65,180,0,1,23,10,34,22,49,68,75,214,15,8,23,237
06/14/2018,ILM,NC,ASO,EN,Combined TRACON& Tower with Radar,17,55,44,9,125,0,0,22,6,28,17,55,66,15,153,12,8,20,173
06/15/2018,ILM,NC,ASO,EN,Combined TRACON& Tower with Radar,13,46,43,21,123,0,1,30,6,37,13,47,73,27,160,30,0,30,190
06/16/2018,ILM,NC,ASO,EN,Combined TRACON& Tower with Radar,26,34,44,3,107,0,0,73,5,78,26,34,117,8,185,38,0,38,223
06/17/2018,ILM,NC,ASO,EN,Combined TRACON& Tower with Radar,19,41,47,10,117,0,0,24,1,25,19,41,71,11,142,6,0,6,148
06/18/2018,ILM,NC,ASO,EN,Combined TRACON& Tower with Radar,7,40,55,31,133,0,1,28,0,29,7,41,83,31,162,4,10,14,176
06/19/2018,ILM,NC,ASO,EN,Combined TRACON& Tower with Radar,13,37,41,27,118,0,4,45,12,61,13,41,86,39,179,4,10,14,193
06/20/2018,ILM,NC,ASO,EN,Combined TRACON& Tower with Radar,8,39,65,11,123,0,0,21,2,23,8,39,86,13,146,18,0,18,164
06/21/2018,ILM,NC,ASO,EN,Combined TRACON& Tower with Radar,19,48,47,33,147,0,1,32,12,45,19,49,79,45,192,20,0,20,212
06/22/2018,ILM,NC,ASO,EN,Combined TRACON& Tower with Radar,22,70,43,52,187,0,0,49,18,67,22,70,92,70,254,40,32,72,326
06/23/2018,ILM,NC,ASO,EN,Combined TRACON& Tower with Radar,32,36,35,2,105,0,0,34,5,39,32,36,69,7,144,12,0,12,156
06/24/2018,ILM,NC,ASO,EN,Combined TRACON& Tower with Radar,26,42,51,9,128,0,1,29,3,33,26,43,80,12,161,8,0,8,169
06/25/2018,ILM,NC,ASO,EN,Combined TRACON& Tower with Radar,26,35,35,18,114,0,0,19,1,20,26,35,54,19,134,22,2,24,158
06/26/2018,ILM,NC,ASO,EN,Combined TRACON& Tower with Radar,20,42,53,11,126,0,0,10,3,13,20,42,63,14,139,0,0,0,139
06/27/2018,ILM,NC,ASO,EN,Combined TRACON& Tower with Radar,22,44,50,27,143,0,0,20,8,28,22,44,70,35,171,24,0,24,195
06/28/2018,ILM,NC,ASO,EN,Combined TRACON& Tower with Radar,21,39,50,19,129,0,14,52,13,79,21,53,102,32,208,56,0,56,264
06/29/2018,ILM,NC,ASO,EN,Combined TRACON& Tower with Radar,27,42,49,3,121,0,4,36,10,50,27,46,85,13,171,8,0,8,179
06/30/2018,ILM,NC,ASO,EN,Combined TRACON& Tower with Radar,36,32,49,5,122,0,0,54,7,61,36,32,103,12,183,40,16,56,239
07/01/2018,ILM,NC,ASO,EN,Combined TRACON& Tower with Radar,28,34,64,5,131,0,1,54,5,60,28,35,118,10,191,36,0,36,227
07/02/2018,ILM,NC,ASO,EN,Combined TRACON& Tower with Radar,24,43,23,41,131,0,0,38,2,40,24,43,61,43,171,22,26,48,219
07/03/2018,ILM,NC,ASO,EN,Combined TRACON& Tower with Radar,19,44,48,4,115,0,1,54,4,59,19,45,102,8,174,72,14,86,260
07/04/2018,ILM,NC,ASO,EN,Combined TRACON& Tower with Radar,17,29,13,0,59,2,0,29,0,31,19,29,42,0,90,10,0,10,100
07/05/2018,ILM,NC,ASO,EN,Combined TRACON& Tower with Radar,24,39,40,2,105,0,0,32,3,35,24,39,72,5,140,30,0,30,170
07/06/2018,ILM,NC,ASO,EN,Combined TRACON& Tower with Radar,22,49,33,33,137,0,1,30,5,36,22,50,63,38,173,24,0,24,197
07/07/2018,ILM,NC,ASO,EN,Combined TRACON& Tower with Radar,34,36,30,0,100,0,0,16,0,16,34,36,46,0,116,38,0,38,154
07/08/2018,ILM,NC,ASO,EN,Combined TRACON& Tower with Radar,26,38,38,0,102,0,0,25,0,25,26,38,63,0,127,11,0,11,138
07/09/2018,ILM,NC,ASO,EN,Combined TRACON& Tower with Radar,22,35,39,25,121,0,1,33,4,38,22,36,72,29,159,16,4,20,179
07/10/2018,ILM,NC,ASO,EN,Combined TRACON& Tower with Radar,22,47,50,79,198,0,0,43,4,47,22,47,93,83,245,9,24,33,278
07/11/2018,ILM,NC,ASO,EN,Combined TRACON& Tower with Radar,23,49,69,49,190,0,0,51,6,57,23,49,120,55,247,0,0,0,247
07/12/2018,ILM,NC,ASO,EN,Combined TRACON& Tower with Radar,22,40,42,29,133,0,0,49,5,54,22,40,91,34,187,66,45,111,298
07/13/2018,ILM,NC,ASO,EN,Combined TRACON& Tower with Radar,23,45,60,9,137,0,1,26,5,32,23,46,86,14,169,26,0,26,195
07/14/2018,ILM,NC,ASO,EN,Combined TRACON& Tower with Radar,32,32,40,0,104,0,1,63,0,64,32,33,103,0,168,16,0,16,184
07/15/2018,ILM,NC,ASO,EN,Combined TRACON& Tower with Radar,26,29,34,2,91,0,0,48,6,54,26,29,82,8,145,28,0,28,173
07/16/2018,ILM,NC,ASO,EN,Combined TRACON& Tower with Radar,21,42,49,27,139,0,0,34,6,40,21,42,83,33,179,40,12,52,231
07/17/2018,ILM,NC,ASO,EN,Combined TRACON& Tower with Radar,24,35,28,6,93,0,2,6,5,13,24,37,34,11,106,4,0,4,110
07/18/2018,ILM,NC,ASO,EN,Combined TRACON& Tower with Radar,22,49,41,7,119,0,0,9,5,14,22,49,50,12,133,0,0,0,133
07/19/2018,ILM,NC,ASO,EN,Combined TRACON& Tower with Radar,22,68,45,41,176,0,0,44,4,48,22,68,89,45,224,16,38,54,278
07/20/2018,ILM,NC,ASO,EN,Combined TRACON& Tower with Radar,22,52,28,7,109,0,0,1,0,1,22,52,29,7,110,0,0,0,110
07/21/2018,ILM,NC,ASO,EN,Combined TRACON& Tower with Radar,32,31,33,1,97,0,0,22,0,22,32,31,55,1,119,16,0,16,135
07/22/2018,ILM,NC,ASO,EN,Combined TRACON& Tower with Radar,24,39,42,0,105,0,0,24,0,24,24,39,66,0,129,18,0,18,147
07/23/2018,ILM,NC,ASO,EN,Combined TRACON& Tower with Radar,24,38,43,10,115,0,2,13,0,15,24,40,56,10,130,32,0,32,162
07/24/2018,ILM,NC,ASO,EN,Combined TRACON& Tower with Radar,24,41,24,6,95,0,0,6,4,10,24,41,30,10,105,28,0,28,133
07/25/2018,ILM,NC,ASO,EN,Combined TRACON& Tower with Radar,21,41,35,0,97,0,0,12,7,19,21,41,47,7,116,42,8,50,166
07/26/2018,ILM,NC,ASO,EN,Combined TRACON& Tower with Radar,22,49,54,2,127,0,0,29,4,33,22,49,83,6,160,30,0,30,190
07/27/2018,ILM,NC,ASO,EN,Combined TRACON& Tower with Radar,24,52,52,4,132,0,0,19,15,34,24,52,71,19,166,6,4,10,176
07/28/2018,ILM,NC,ASO,EN,Combined TRACON& Tower with Radar,32,34,37,4,107,0,0,22,2,24,32,34,59,6,131,34,0,34,165
07/29/2018,ILM,NC,ASO,EN,Combined TRACON& Tower with Radar,29,37,28,2,96,0,0,18,0,18,29,37,46,2,114,32,0,32,146
07/30/2018,ILM,NC,ASO,EN,Combined TRACON& Tower with Radar,20,36,37,7,100,0,0,1,1,2,20,36,38,8,102,0,0,0,102
07/31/2018,ILM,NC,ASO,EN,Combined TRACON& Tower with Radar,22,42,41,4,109,0,0,8,5,13,22,42,49,9,122,0,0,0,122
08/01/2018,ILM,NC,ASO,EN,Combined TRACON& Tower with Radar,21,39,49,12,121,0,0,20,6,26,21,39,69,18,147,22,0,22,169
08/02/2018,ILM,NC,ASO,EN,Combined TRACON& Tower with Radar,21,42,42,3,108,0,0,14,5,19,21,42,56,8,127,26,0,26,153
08/03/2018,ILM,NC,ASO,EN,Combined TRACON& Tower with Radar,20,55,44,6,125,0,1,7,11,19,20,56,51,17,144,12,2,14,158
08/04/2018,ILM,NC,ASO,EN,Combined TRACON& Tower with Radar,28,36,41,1,106,0,1,36,1,38,28,37,77,2,144,36,0,36,180
08/05/2018,ILM,NC,ASO,EN,Combined TRACON& Tower with Radar,26,38,46,3,113,0,0,39,0,39,26,38,85,3,152,40,0,40,192
08/06/2018,ILM,NC,ASO,EN,Combined TRACON& Tower with Radar,22,40,37,2,101,0,0,45,2,47,22,40,82,4,148,48,0,48,196
08/07/2018,ILM,NC,ASO,EN,Combined TRACON& Tower with Radar,22,36,47,14,119,0,0,94,14,108,22,36,141,28,227,0,0,0,227
08/08/2018,ILM,NC,ASO,EN,Combined TRACON& Tower with Radar,28,36,59,29,152,0,2,52,6,60,28,38,111,35,212,40,14,54,266
08/09/2018,ILM,NC,ASO,EN,Combined TRACON& Tower with Radar,24,41,64,21,150,0,0,53,7,60,24,41,117,28,210,32,0,32,242
08/10/2018,ILM,NC,ASO,EN,Combined TRACON& Tower with Radar,22,48,57,9,136,0,0,36,4,40,22,48,93,13,176,30,8,38,214
08/11/2018,ILM,NC,ASO,EN,Combined TRACON& Tower with Radar,31,34,42,0,107,0,2,45,3,50,31,36,87,3,157,30,0,30,187
08/12/2018,ILM,NC,ASO,EN,Combined TRACON& Tower with Radar,25,37,67,0,129,0,1,33,0,34,25,38,100,0,163,50,0,50,213
08/13/2018,ILM,NC,ASO,EN,Combined TRACON& Tower with Radar,22,34,46,0,102,0,0,31,0,31,22,34,77,0,133,56,0,56,189
08/14/2018,ILM,NC,ASO,EN,Combined TRACON& Tower with Radar,22,45,35,7,109,0,0,16,9,25,22,45,51,16,134,26,6,32,166
08/15/2018,ILM,NC,ASO,EN,Combined TRACON& Tower with Radar,22,42,33,8,105,0,0,38,2,40,22,42,71,10,145,38,16,54,199
08/16/2018,ILM,NC,ASO,EN,Combined TRACON& Tower with Radar,22,43,59,15,139,0,0,52,16,68,22,43,111,31,207,36,0,36,243
08/17/2018,ILM,NC,ASO,EN,Combined TRACON& Tower with Radar,22,40,41,5,108,0,0,63,6,69,22,40,104,11,177,18,0,18,195
08/18/2018,ILM,NC,ASO,EN,Combined TRACON& Tower with Radar,33,30,24,1,88,0,3,37,4,44,33,33,61,5,132,86,0,86,218
08/19/2018,ILM,NC,ASO,EN,Combined TRACON& Tower with Radar,27,30,48,3,108,0,2,23,0,25,27,32,71,3,133,0,0,0,133
08/20/2018,ILM,NC,ASO,EN,Combined TRACON& Tower with Radar,23,44,46,12,125,0,0,30,1,31,23,44,76,13,156,32,0,32,188
08/21/2018,ILM,NC,ASO,EN,Combined TRACON& Tower with Radar,20,42,37,5,104,0,6,22,3,31,20,48,59,8,135,2,0,2,137
08/22/2018,ILM,NC,ASO,EN,Combined TRACON& Tower with Radar,20,38,55,10,123,0,0,25,2,27,20,38,80,12,150,52,0,52,202
08/23/2018,ILM,NC,ASO,EN,Combined TRACON& Tower with Radar,20,38,56,12,126,0,1,48,18,67,20,39,104,30,193,18,22,40,233
08/24/2018,ILM,NC,ASO,EN,Combined TRACON& Tower with Radar,22,38,39,9,108,0,1,63,3,67,22,39,102,12,175,50,0,50,225
08/25/2018,ILM,NC,ASO,EN,Combined TRACON& Tower with Radar,24,27,37,1,89,0,3,55,2,60,24,30,92,3,149,26,0,26,175
08/26/2018,ILM,NC,ASO,EN,Combined TRACON& Tower with Radar,24,31,55,0,110,0,0,60,0,60,24,31,115,0,170,49,0,49,219
08/27/2018,ILM,NC,ASO,EN,Combined TRACON& Tower with Radar,20,42,45,7,114,0,5,34,0,39,20,47,79,7,153,20,18,38,191
08/28/2018,ILM,NC,ASO,EN,Combined TRACON& Tower with Radar,20,43,40,1,104,0,0,22,10,32,20,43,62,11,136,28,0,28,164
08/29/2018,ILM,NC,ASO,EN,Combined TRACON& Tower with Radar,23,43,36,7,109,0,0,40,6,46,23,43,76,13,155,58,0,58,213
08/30/2018,ILM,NC,ASO,EN,Combined TRACON& Tower with Radar,20,38,38,17,113,0,1,38,6,45,20,39,76,23,158,12,0,12,170
08/31/2018,ILM,NC,ASO,EN,Combined TRACON& Tower with Radar,20,50,70,3,143,0,3,39,4,46,20,53,109,7,189,0,8,8,197
09/01/2018,ILM,NC,ASO,EN,Combined TRACON& Tower with Radar,20,25,26,1,72,0,3,64,1,68,20,28,90,2,140,28,0,28,168
09/02/2018,ILM,NC,ASO,EN,Combined TRACON& Tower with Radar,16,26,27,2,71,0,0,47,0,47,16,26,74,2,118,13,0,13,131
09/03/2018,ILM,NC,ASO,EN,Combined TRACON& Tower with Radar,20,45,63,0,128,0,0,38,2,40,20,45,101,2,168,28,0,28,196
09/04/2018,ILM,NC,ASO,EN,Combined TRACON& Tower with Radar,20,37,62,10,129,0,1,85,12,98,20,38,147,22,227,0,0,0,227
09/05/2018,ILM,NC,ASO,EN,Combined TRACON& Tower with Radar,18,35,43,29,125,0,0,65,28,93,18,35,108,57,218,0,0,0,218
09/06/2018,ILM,NC,ASO,EN,Combined TRACON& Tower with Radar,18,34,57,12,121,0,3,29,3,35,18,37,86,15,156,20,6,26,182
09/07/2018,ILM,NC,ASO,EN,Combined TRACON& Tower with Radar,18,36,49,17,120,0,2,18,4,24,18,38,67,21,144,58,0,58,202
09/08/2018,ILM,NC,ASO,EN,Combined TRACON& Tower with Radar,20,23,21,14,78,0,0,40,2,42,20,23,61,16,120,36,0,36,156
09/09/2018,ILM,NC,ASO,EN,Combined TRACON& Tower with Radar,19,30,34,0,83,0,0,27,0,27,19,30,61,0,110,46,0,46,156
09/10/2018,ILM,NC,ASO,EN,Combined TRACON& Tower with Radar,18,37,42,30,127,0,2,20,0,22,18,39,62,30,149,8,14,22,171
09/11/2018,ILM,NC,ASO,EN,Combined TRACON& Tower with Radar,17,57,62,0,136,0,0,8,0,8,17,57,70,0,144,0,0,0,144
09/12/2018,ILM,NC,ASO,EN,Combined TRACON& Tower with Radar,15,29,53,0,97,0,1,10,0,11,15,30,63,0,108,0,0,0,108
09/13/2018,ILM,NC,ASO,EN,Combined TRACON& Tower with Radar,0,0,0,0,0,0,0,0,0,0,0,0,0,0,0,0,0,0,0
09/14/2018,ILM,NC,ASO,EN,Combined TRACON& Tower with Radar,0,0,0,0,0,0,0,0,0,0,0,0,0,0,0,0,0,0,0
09/15/2018,ILM,NC,ASO,EN,Combined TRACON& Tower with Radar,0,0,0,0,0,0,0,0,0,0,0,0,0,0,0,0,0,0,0
09/16/2018,ILM,NC,ASO,EN,Combined TRACON& Tower with Radar,0,4,3,0,7,0,37,2,58,97,0,41,5,58,104,0,0,0,104
09/17/2018,ILM,NC,ASO,EN,Combined TRACON& Tower with Radar,0,5,46,0,51,0,16,76,77,169,0,21,122,77,220,0,0,0,220
09/18/2018,ILM,NC,ASO,EN,Combined TRACON& Tower with Radar,9,11,70,1,91,1,18,231,213,463,10,29,301,214,554,0,0,0,554
09/19/2018,ILM,NC,ASO,EN,Combined TRACON& Tower with Radar,35,28,116,8,187,0,37,177,159,373,35,65,293,167,560,0,0,0,560
09/20/2018,ILM,NC,ASO,EN,Combined TRACON& Tower with Radar,14,43,83,5,145,0,30,110,114,254,14,73,193,119,399,0,0,0,399
09/21/2018,ILM,NC,ASO,EN,Combined TRACON& Tower with Radar,15,41,53,3,112,0,27,127,23,177,15,68,180,26,289,0,0,0,289
09/22/2018,ILM,NC,ASO,EN,Combined TRACON& Tower with Radar,22,34,36,2,94,0,23,72,14,109,22,57,108,16,203,0,7,7,210
09/23/2018,ILM,NC,ASO,EN,Combined TRACON& Tower with Radar,20,37,48,0,105,0,2,58,1,61,20,39,106,1,166,6,0,6,172
09/24/2018,ILM,NC,ASO,EN,Combined TRACON& Tower with Radar,18,37,44,20,119,0,0,11,0,11,18,37,55,20,130,0,20,20,150
09/25/2018,ILM,NC,ASO,EN,Combined TRACON& Tower with Radar,18,40,44,10,112,0,7,18,10,35,18,47,62,20,147,40,0,40,187
09/26/2018,ILM,NC,ASO,EN,Combined TRACON& Tower with Radar,19,40,47,3,109,0,1,26,4,31,19,41,73,7,140,0,0,0,140
09/27/2018,ILM,NC,ASO,EN,Combined TRACON& Tower with Radar,20,38,38,10,106,0,1,44,6,51,20,39,82,16,157,3,0,3,160
09/28/2018,ILM,NC,ASO,EN,Combined TRACON& Tower with Radar,18,39,41,0,98,0,0,37,2,39,18,39,78,2,137,8,0,8,145
09/29/2018,ILM,NC,ASO,EN,Combined TRACON& Tower with Radar,20,26,30,6,82,0,1,11,0,12,20,27,41,6,94,18,0,18,112
09/30/2018,ILM,NC,ASO,EN,Combined TRACON& Tower with Radar,20,33,42,2,97,0,3,36,2,41,20,36,78,4,138,12,0,12,150
10/01/2018,ILM,NC,ASO,EN,Combined TRACON& Tower with Radar,18,32,42,5,97,0,0,23,4,27,18,32,65,9,124,0,26,26,150
10/02/2018,ILM,NC,ASO,EN,Combined TRACON& Tower with Radar,19,36,40,25,120,0,2,54,6,62,19,38,94,31,182,8,0,8,190
10/03/2018,ILM,NC,ASO,EN,Combined TRACON& Tower with Radar,18,36,38,24,116,0,1,47,11,59,18,37,85,35,175,20,0,20,195
10/04/2018,ILM,NC,ASO,EN,Combined TRACON& Tower with Radar,17,34,58,14,123,0,0,38,4,42,17,34,96,18,165,18,0,18,183
10/05/2018,ILM,NC,ASO,EN,Combined TRACON& Tower with Radar,21,29,47,2,99,0,1,46,0,47,21,30,93,2,146,51,0,51,197
10/06/2018,ILM,NC,ASO,EN,Combined TRACON& Tower with Radar,24,30,20,0,74,0,0,13,0,13,24,30,33,0,87,0,0,0,87
10/07/2018,ILM,NC,ASO,EN,Combined TRACON& Tower with Radar,17,21,28,0,66,0,1,33,0,34,17,22,61,0,100,24,0,24,124
10/08/2018,ILM,NC,ASO,EN,Combined TRACON& Tower with Radar,13,28,22,0,63,0,0,25,0,25,13,28,47,0,88,46,0,46,134
10/09/2018,ILM,NC,ASO,EN,Combined TRACON& Tower with Radar,18,37,53,6,114,0,3,12,0,15,18,40,65,6,129,8,0,8,137
10/10/2018,ILM,NC,ASO,EN,Combined TRACON& Tower with Radar,18,29,24,4,75,0,0,5,0,5,18,29,29,4,80,20,4,24,104
10/11/2018,ILM,NC,ASO,EN,Combined TRACON& Tower with Radar,14,28,7,0,49,0,0,0,0,0,14,28,7,0,49,0,0,0,49
10/12/2018,ILM,NC,ASO,EN,Combined TRACON& Tower with Radar,15,36,52,54,157,0,0,29,5,34,15,36,81,59,191,30,36,66,257
10/13/2018,ILM,NC,ASO,EN,Combined TRACON& Tower with Radar,20,32,26,4,82,0,2,41,0,43,20,34,67,4,125,44,28,72,197
10/14/2018,ILM,NC,ASO,EN,Combined TRACON& Tower with Radar,20,31,42,0,93,0,0,16,1,17,20,31,58,1,110,38,0,38,148
10/15/2018,ILM,NC,ASO,EN,Combined TRACON& Tower with Radar,18,36,45,41,140,0,0,48,0,48,18,36,93,41,188,56,0,56,244
10/16/2018,ILM,NC,ASO,EN,Combined TRACON& Tower with Radar,27,38,54,34,153,1,2,11,19,33,28,40,65,53,186,0,0,0,186
10/17/2018,ILM,NC,ASO,EN,Combined TRACON& Tower with Radar,18,34,54,10,116,0,0,11,7,18,18,34,65,17,134,10,0,10,144
10/18/2018,ILM,NC,ASO,EN,Combined TRACON& Tower with Radar,18,45,42,46,151,0,2,21,4,27,18,47,63,50,178,0,38,38,216
10/19/2018,ILM,NC,ASO,EN,Combined TRACON& Tower with Radar,18,36,50,6,110,0,0,40,5,45,18,36,90,11,155,26,0,26,181
10/20/2018,ILM,NC,ASO,EN,Combined TRACON& Tower with Radar,20,32,27,4,83,0,0,11,2,13,20,32,38,6,96,28,0,28,124
10/21/2018,ILM,NC,ASO,EN,Combined TRACON& Tower with Radar,21,30,32,0,83,0,0,32,0,32,21,30,64,0,115,16,0,16,131
10/22/2018,ILM,NC,ASO,EN,Combined TRACON& Tower with Radar,18,43,34,0,95,0,1,38,0,39,18,44,72,0,134,14,0,14,148
10/23/2018,ILM,NC,ASO,EN,Combined TRACON& Tower with Radar,18,38,47,6,109,0,2,27,2,31,18,40,74,8,140,0,0,0,140
10/24/2018,ILM,NC,ASO,EN,Combined TRACON& Tower with Radar,18,42,46,20,126,0,4,27,6,37,18,46,73,26,163,47,0,47,210
10/25/2018,ILM,NC,ASO,EN,Combined TRACON& Tower with Radar,18,38,55,17,128,0,2,32,7,41,18,40,87,24,169,24,6,30,199
10/26/2018,ILM,NC,ASO,EN,Combined TRACON& Tower with Radar,19,39,34,5,97,0,0,2,0,2,19,39,36,5,99,0,0,0,99
10/27/2018,ILM,NC,ASO,EN,Combined TRACON& Tower with Radar,20,31,24,4,79,0,0,13,3,16,20,31,37,7,95,26,0,26,121
10/28/2018,ILM,NC,ASO,EN,Combined TRACON& Tower with Radar,23,30,47,0,100,0,0,39,4,43,23,30,86,4,143,42,2,44,187
10/29/2018,ILM,NC,ASO,EN,Combined TRACON& Tower with Radar,18,30,38,1,87,0,2,40,8,50,18,32,78,9,137,0,0,0,137
10/30/2018,ILM,NC,ASO,EN,Combined TRACON& Tower with Radar,19,34,63,19,135,0,1,40,13,54,19,35,103,32,189,17,26,43,232
10/31/2018,ILM,NC,ASO,EN,Combined TRACON& Tower with Radar,17,37,36,9,99,0,1,42,2,45,17,38,78,11,144,30,12,42,186
11/01/2018,ILM,NC,ASO,EN,Combined TRACON& Tower with Radar,17,33,41,58,149,0,0,18,0,18,17,33,59,58,167,0,39,39,206
11/02/2018,ILM,NC,ASO,EN,Combined TRACON& Tower with Radar,18,39,22,6,85,0,2,9,6,17,18,41,31,12,102,0,0,0,102
11/03/2018,ILM,NC,ASO,EN,Combined TRACON& Tower with Radar,20,41,34,0,95,0,1,45,0,46,20,42,79,0,141,34,0,34,175
11/04/2018,ILM,NC,ASO,EN,Combined TRACON& Tower with Radar,19,26,40,0,85,0,1,38,0,39,19,27,78,0,124,16,0,16,140
11/05/2018,ILM,NC,ASO,EN,Combined TRACON& Tower with Radar,22,35,38,10,105,0,0,27,0,27,22,35,65,10,132,0,0,0,132
11/06/2018,ILM,NC,ASO,EN,Combined TRACON& Tower with Radar,18,36,17,25,96,0,0,22,0,22,18,36,39,25,118,14,22,36,154
11/07/2018,ILM,NC,ASO,EN,Combined TRACON& Tower with Radar,18,42,40,37,137,0,0,45,2,47,18,42,85,39,184,40,6,46,230
11/08/2018,ILM,NC,ASO,EN,Combined TRACON& Tower with Radar,18,37,40,6,101,0,0,2,7,9,18,37,42,13,110,0,0,0,110
11/09/2018,ILM,NC,ASO,EN,Combined TRACON& Tower with Radar,18,38,55,24,135,0,0,20,1,21,18,38,75,25,156,8,0,8,164
11/10/2018,ILM,NC,ASO,EN,Combined TRACON& Tower with Radar,20,30,37,3,90,0,1,50,0,51,20,31,87,3,141,2,0,2,143
11/11/2018,ILM,NC,ASO,EN,Combined TRACON& Tower with Radar,20,34,45,0,99,0,4,42,0,46,20,38,87,0,145,6,0,6,151
11/12/2018,ILM,NC,ASO,EN,Combined TRACON& Tower with Radar,18,36,29,4,87,0,0,16,1,17,18,36,45,5,104,2,0,2,106
11/13/2018,ILM,NC,ASO,EN,Combined TRACON& Tower with Radar,18,39,30,17,104,0,0,3,0,3,18,39,33,17,107,0,0,0,107
11/14/2018,ILM,NC,ASO,EN,Combined TRACON& Tower with Radar,33,43,45,19,140,0,0,47,2,49,33,43,92,21,189,0,0,0,189
11/15/2018,ILM,NC,ASO,EN,Combined TRACON& Tower with Radar,18,36,40,3,97,0,0,1,0,1,18,36,41,3,98,0,0,0,98
11/16/2018,ILM,NC,ASO,EN,Combined TRACON& Tower with Radar,19,40,56,12,127,0,1,39,0,40,19,41,95,12,167,7,20,27,194
11/17/2018,ILM,NC,ASO,EN,Combined TRACON& Tower with Radar,20,31,39,0,90,0,2,82,2,86,20,33,121,2,176,47,0,47,223
11/18/2018,ILM,NC,ASO,EN,Combined TRACON& Tower with Radar,20,23,42,1,86,0,2,49,0,51,20,25,91,1,137,0,0,0,137
11/19/2018,ILM,NC,ASO,EN,Combined TRACON& Tower with Radar,18,39,53,8,118,0,0,7,1,8,18,39,60,9,126,2,3,5,131
11/20/2018,ILM,NC,ASO,EN,Combined TRACON& Tower with Radar,19,43,47,15,124,0,1,32,4,37,19,44,79,19,161,14,10,24,185
11/21/2018,ILM,NC,ASO,EN,Combined TRACON& Tower with Radar,20,42,40,4,106,0,0,37,6,43,20,42,77,10,149,34,0,34,183
11/22/2018,ILM,NC,ASO,EN,Combined TRACON& Tower with Radar,9,20,7,0,36,0,0,25,0,25,9,20,32,0,61,6,0,6,67
11/23/2018,ILM,NC,ASO,EN,Combined TRACON& Tower with Radar,15,24,28,0,67,0,0,37,0,37,15,24,65,0,104,45,0,45,149
11/24/2018,ILM,NC,ASO,EN,Combined TRACON& Tower with Radar,21,33,31,0,85,0,0,0,0,0,21,33,31,0,85,0,0,0,85
11/25/2018,ILM,NC,ASO,EN,Combined TRACON& Tower with Radar,20,50,83,0,153,0,3,46,0,49,20,53,129,0,202,66,0,66,268
11/26/2018,ILM,NC,ASO,EN,Combined TRACON& Tower with Radar,19,42,37,6,104,0,0,5,4,9,19,42,42,10,113,0,13,13,126
11/27/2018,ILM,NC,ASO,EN,Combined TRACON& Tower with Radar,18,42,57,18,135,0,1,30,2,33,18,43,87,20,168,26,8,34,202
11/28/2018,ILM,NC,ASO,EN,Combined TRACON& Tower with Radar,17,41,41,31,130,0,0,44,18,62,17,41,85,49,192,0,38,38,230
11/29/2018,ILM,NC,ASO,EN,Combined TRACON& Tower with Radar,18,42,42,41,143,0,5,39,2,46,18,47,81,43,189,14,28,42,231
11/30/2018,ILM,NC,ASO,EN,Combined TRACON& Tower with Radar,18,35,33,77,163,0,0,36,11,47,18,35,69,88,210,70,22,92,302
12/01/2018,ILM,NC,ASO,EN,Combined TRACON& Tower with Radar,20,33,20,3,76,0,0,25,3,28,20,33,45,6,104,70,0,70,174
12/02/2018,ILM,NC,ASO,EN,Combined TRACON& Tower with Radar,21,26,21,4,72,0,0,4,0,4,21,26,25,4,76,0,0,0,76
12/03/2018,ILM,NC,ASO,EN,Combined TRACON& Tower with Radar,17,40,26,15,98,0,3,68,0,71,17,43,94,15,169,2,0,2,171
12/04/2018,ILM,NC,ASO,EN,Combined TRACON& Tower with Radar,19,37,32,56,144,0,1,26,12,39,19,38,58,68,183,74,8,82,265
12/05/2018,ILM,NC,ASO,EN,Combined TRACON& Tower with Radar,18,42,54,8,122,0,1,24,6,31,18,43,78,14,153,16,2,18,171
12/06/2018,ILM,NC,ASO,EN,Combined TRACON& Tower with Radar,18,42,59,12,131,0,0,45,0,45,18,42,104,12,176,31,0,31,207
12/07/2018,ILM,NC,ASO,EN,Combined TRACON& Tower with Radar,18,47,35,27,127,0,0,50,0,50,18,47,85,27,177,46,0,46,223
12/08/2018,ILM,NC,ASO,EN,Combined TRACON& Tower with Radar,17,26,29,0,72,0,0,1,0,1,17,26,30,0,73,0,0,0,73
12/09/2018,ILM,NC,ASO,EN,Combined TRACON& Tower with Radar,8,38,9,0,55,0,0,0,0,0,8,38,9,0,55,0,0,0,55
12/10/2018,ILM,NC,ASO,EN,Combined TRACON& Tower with Radar,13,36,26,4,79,0,0,0,0,0,13,36,26,4,79,0,0,0,79
12/11/2018,ILM,NC,ASO,EN,Combined TRACON& Tower with Radar,18,40,39,36,133,0,1,25,11,37,18,41,64,47,170,48,14,62,232
12/12/2018,ILM,NC,ASO,EN,Combined TRACON& Tower with Radar,18,41,39,29,127,0,1,42,12,55,18,42,81,41,182,21,4,25,207
12/13/2018,ILM,NC,ASO,EN,Combined TRACON& Tower with Radar,28,43,41,27,139,0,2,42,6,50,28,45,83,33,189,50,12,62,251
12/14/2018,ILM,NC,ASO,EN,Combined TRACON& Tower with Radar,20,35,26,10,91,0,0,4,0,4,20,35,30,10,95,12,0,12,107
12/15/2018,ILM,NC,ASO,EN,Combined TRACON& Tower with Radar,19,28,27,9,83,0,0,2,0,2,19,28,29,9,85,72,0,72,157
12/16/2018,ILM,NC,ASO,EN,Combined TRACON& Tower with Radar,19,25,34,0,78,0,1,54,1,56,19,26,88,1,134,71,0,71,205
12/17/2018,ILM,NC,ASO,EN,Combined TRACON& Tower with Radar,17,40,38,45,140,0,6,44,5,55,17,46,82,50,195,48,11,59,254
12/18/2018,ILM,NC,ASO,EN,Combined TRACON& Tower with Radar,17,39,21,49,126,0,5,39,9,53,17,44,60,58,179,12,54,66,245
12/19/2018,ILM,NC,ASO,EN,Combined TRACON& Tower with Radar,19,46,37,59,161,0,0,43,11,54,19,46,80,70,215,16,6,22,237
12/20/2018,ILM,NC,ASO,EN,Combined TRACON& Tower with Radar,23,38,30,16,107,0,0,1,0,1,23,38,31,16,108,0,12,12,120
12/21/2018,ILM,NC,ASO,EN,Combined TRACON& Tower with Radar,28,40,23,2,93,0,1,10,2,13,28,41,33,4,106,0,0,0,106
12/22/2018,ILM,NC,ASO,EN,Combined TRACON& Tower with Radar,20,55,39,0,114,0,2,44,0,46,20,57,83,0,160,40,0,40,200
12/23/2018,ILM,NC,ASO,EN,Combined TRACON& Tower with Radar,25,40,26,0,91,0,0,47,2,49,25,40,73,2,140,46,0,46,186
12/24/2018,ILM,NC,ASO,EN,Combined TRACON& Tower with Radar,17,17,14,0,48,0,0,14,0,14,17,17,28,0,62,8,0,8,70
12/25/2018,ILM,NC,ASO,EN,Combined TRACON& Tower with Radar,22,24,13,0,59,0,1,13,0,14,22,25,26,0,73,0,0,0,73
12/26/2018,ILM,NC,ASO,EN,Combined TRACON& Tower with Radar,22,47,75,2,146,0,3,42,0,45,22,50,117,2,191,16,0,16,207
12/27/2018,ILM,NC,ASO,EN,Combined TRACON& Tower with Radar,22,49,50,9,130,0,0,19,0,19,22,49,69,9,149,0,4,4,153
12/28/2018,ILM,NC,ASO,EN,Combined TRACON& Tower with Radar,21,45,38,0,104,0,0,2,0,2,21,45,40,0,106,14,0,14,120
12/29/2018,ILM,NC,ASO,EN,Combined TRACON& Tower with Radar,20,41,38,0,99,0,0,25,0,25,20,41,63,0,124,82,0,82,206
12/30/2018,ILM,NC,ASO,EN,Combined TRACON& Tower with Radar,23,19,27,0,69,0,0,0,0,0,23,19,27,0,69,50,0,50,119
12/31/2018,ILM,NC,ASO,EN,Combined TRACON& Tower with Radar,19,26,25,0,70,0,0,9,0,9,19,26,34,0,79,64,0,64,143
01/01/2019,ILM,NC,ASO,EN,Combined TRACON& Tower with Radar,22,38,27,0,87,0,1,18,0,19,22,39,45,0,106,48,0,48,154
01/02/2019,ILM,NC,ASO,EN,Combined TRACON& Tower with Radar,22,40,47,2,111,0,2,10,0,12,22,42,57,2,123,60,0,60,183
01/03/2019,ILM,NC,ASO,EN,Combined TRACON& Tower with Radar,22,38,40,5,105,0,0,0,0,0,22,38,40,5,105,14,0,14,119
01/04/2019,ILM,NC,ASO,EN,Combined TRACON& Tower with Radar,21,32,14,3,70,0,0,4,0,4,21,32,18,3,74,18,0,18,92
01/05/2019,ILM,NC,ASO,EN,Combined TRACON& Tower with Radar,20,28,52,4,104,0,0,46,2,48,20,28,98,6,152,14,0,14,166
01/06/2019,ILM,NC,ASO,EN,Combined TRACON& Tower with Radar,21,31,51,0,103,0,1,76,3,80,21,32,127,3,183,104,0,104,287
01/07/2019,ILM,NC,ASO,EN,Combined TRACON& Tower with Radar,20,40,31,41,132,0,2,39,0,41,20,42,70,41,173,23,14,37,210
01/08/2019,ILM,NC,ASO,EN,Combined TRACON& Tower with Radar,19,54,42,41,156,0,2,57,37,96,19,56,99,78,252,0,0,0,252
01/09/2019,ILM,NC,ASO,EN,Combined TRACON& Tower with Radar,21,32,27,21,101,0,0,27,1,28,21,32,54,22,129,12,4,16,145
01/10/2019,ILM,NC,ASO,EN,Combined TRACON& Tower with Radar,21,48,31,34,134,0,0,47,9,56,21,48,78,43,190,13,26,39,229
01/11/2019,ILM,NC,ASO,EN,Combined TRACON& Tower with Radar,21,46,47,58,172,0,0,51,14,65,21,46,98,72,237,32,36,68,305
01/12/2019,ILM,NC,ASO,EN,Combined TRACON& Tower with Radar,21,23,24,1,69,0,0,37,2,39,21,23,61,3,108,30,0,30,138
01/13/2019,ILM,NC,ASO,EN,Combined TRACON& Tower with Radar,22,24,25,0,71,0,0,0,0,0,22,24,25,0,71,0,0,0,71
01/14/2019,ILM,NC,ASO,EN,Combined TRACON& Tower with Radar,21,50,40,21,132,0,28,2,1,31,21,78,42,22,163,33,0,33,196
01/15/2019,ILM,NC,ASO,EN,Combined TRACON& Tower with Radar,18,45,34,40,137,0,1,48,6,55,18,46,82,46,192,65,20,85,277
01/16/2019,ILM,NC,ASO,EN,Combined TRACON& Tower with Radar,21,42,44,30,137,0,1,58,9,68,21,43,102,39,205,36,25,61,266
01/17/2019,ILM,NC,ASO,EN,Combined TRACON& Tower with Radar,23,41,66,20,150,0,2,33,2,37,23,43,99,22,187,36,8,44,231
01/18/2019,ILM,NC,ASO,EN,Combined TRACON& Tower with Radar,23,39,55,38,155,0,0,35,4,39,23,39,90,42,194,70,8,78,272
01/19/2019,ILM,NC,ASO,EN,Combined TRACON& Tower with Radar,21,16,27,3,67,1,0,28,0,29,22,16,55,3,96,62,0,62,158
01/20/2019,ILM,NC,ASO,EN,Combined TRACON& Tower with Radar,20,22,24,3,69,0,2,12,0,14,20,24,36,3,83,2,0,2,85
01/21/2019,ILM,NC,ASO,EN,Combined TRACON& Tower with Radar,19,44,39,1,103,0,1,52,0,53,19,45,91,1,156,46,0,46,202
01/22/2019,ILM,NC,ASO,EN,Combined TRACON& Tower with Radar,19,37,46,76,178,0,1,34,3,38,19,38,80,79,216,49,34,83,299
01/23/2019,ILM,NC,ASO,EN,Combined TRACON& Tower with Radar,19,36,39,26,120,0,2,24,1,27,19,38,63,27,147,24,10,34,181
01/24/2019,ILM,NC,ASO,EN,Combined TRACON& Tower with Radar,21,34,21,13,89,0,1,5,5,11,21,35,26,18,100,6,0,6,106
01/25/2019,ILM,NC,ASO,EN,Combined TRACON& Tower with Radar,21,34,38,40,133,0,0,62,2,64,21,34,100,42,197,87,24,111,308
01/26/2019,ILM,NC,ASO,EN,Combined TRACON& Tower with Radar,23,21,31,28,103,0,2,71,2,75,23,23,102,30,178,34,26,60,238
01/27/2019,ILM,NC,ASO,EN,Combined TRACON& Tower with Radar,21,32,56,2,111,0,2,57,0,59,21,34,113,2,170,94,0,94,264
01/28/2019,ILM,NC,ASO,EN,Combined TRACON& Tower with Radar,44,33,30,11,118,0,0,29,5,34,44,33,59,16,152,28,0,28,180
01/29/2019,ILM,NC,ASO,EN,Combined TRACON& Tower with Radar,21,36,19,70,146,0,1,26,4,31,21,37,45,74,177,18,38,56,233
01/30/2019,ILM,NC,ASO,EN,Combined TRACON& Tower with Radar,23,36,43,58,160,0,3,37,9,49,23,39,80,67,209,18,40,58,267
01/31/2019,ILM,NC,ASO,EN,Combined TRACON& Tower with Radar,17,38,42,30,127,0,1,25,7,33,17,39,67,37,160,48,24,72,232
02/01/2019,ILM,NC,ASO,EN,Combined TRACON& Tower with Radar,21,47,36,14,118,0,5,54,8,67,21,52,90,22,185,58,9,67,252
02/02/2019,ILM,NC,ASO,EN,Combined TRACON& Tower with Radar,20,23,50,0,93,0,0,71,3,74,20,23,121,3,167,128,0,128,295
02/03/2019,ILM,NC,ASO,EN,Combined TRACON& Tower with Radar,22,23,38,2,85,0,1,6,1,8,22,24,44,3,93,24,0,24,117
02/04/2019,ILM,NC,ASO,EN,Combined TRACON& Tower with Radar,20,36,37,17,110,0,1,37,5,43,20,37,74,22,153,96,0,96,249
02/05/2019,ILM,NC,ASO,EN,Combined TRACON& Tower with Radar,37,34,41,58,170,0,0,59,13,72,37,34,100,71,242,48,14,62,304
02/06/2019,ILM,NC,ASO,EN,Combined TRACON& Tower with Radar,22,36,34,53,145,0,3,41,0,44,22,39,75,53,189,71,18,89,278
02/07/2019,ILM,NC,ASO,EN,Combined TRACON& Tower with Radar,23,50,27,71,171,0,1,53,2,56,23,51,80,73,227,42,38,80,307
02/08/2019,ILM,NC,ASO,EN,Combined TRACON& Tower with Radar,21,45,49,55,170,0,3,51,4,58,21,48,100,59,228,86,36,122,350
02/09/2019,ILM,NC,ASO,EN,Combined TRACON& Tower with Radar,21,26,32,2,81,0,3,39,12,54,21,29,71,14,135,76,0,76,211
02/10/2019,ILM,NC,ASO,EN,Combined TRACON& Tower with Radar,22,23,45,12,102,0,1,44,0,45,22,24,89,12,147,62,0,62,209
02/11/2019,ILM,NC,ASO,EN,Combined TRACON& Tower with Radar,22,38,36,20,116,0,0,1,0,1,22,38,37,20,117,0,4,4,121
02/12/2019,ILM,NC,ASO,EN,Combined TRACON& Tower with Radar,23,52,49,37,161,0,0,0,1,1,23,52,49,38,162,0,0,0,162
02/13/2019,ILM,NC,ASO,EN,Combined TRACON& Tower with Radar,21,40,49,32,142,0,2,25,9,36,21,42,74,41,178,52,4,56,234
02/14/2019,ILM,NC,ASO,EN,Combined TRACON& Tower with Radar,18,35,66,36,155,0,2,46,9,57,18,37,112,45,212,38,6,44,256
02/15/2019,ILM,NC,ASO,EN,Combined TRACON& Tower with Radar,18,37,51,43,149,0,4,29,14,47,18,41,80,57,196,24,0,24,220
02/16/2019,ILM,NC,ASO,EN,Combined TRACON& Tower with Radar,20,27,27,6,80,0,0,0,0,0,20,27,27,6,80,14,0,14,94
02/17/2019,ILM,NC,ASO,EN,Combined TRACON& Tower with Radar,20,29,43,7,99,0,1,2,0,3,20,30,45,7,102,30,0,30,132
02/18/2019,ILM,NC,ASO,EN,Combined TRACON& Tower with Radar,18,42,61,13,134,0,0,21,0,21,18,42,82,13,155,50,2,52,207
02/19/2019,ILM,NC,ASO,EN,Combined TRACON& Tower with Radar,18,42,55,65,180,0,1,23,8,32,18,43,78,73,212,32,36,68,280
02/20/2019,ILM,NC,ASO,EN,Combined TRACON& Tower with Radar,17,27,34,31,109,0,0,0,0,0,17,27,34,31,109,0,0,0,109
02/21/2019,ILM,NC,ASO,EN,Combined TRACON& Tower with Radar,14,44,43,30,131,0,0,16,3,19,14,44,59,33,150,28,0,28,178
02/22/2019,ILM,NC,ASO,EN,Combined TRACON& Tower with Radar,18,38,37,25,118,0,0,5,0,5,18,38,42,25,123,0,8,8,131
02/23/2019,ILM,NC,ASO,EN,Combined TRACON& Tower with Radar,20,27,16,4,67,0,0,0,0,0,20,27,16,4,67,0,0,0,67
02/24/2019,ILM,NC,ASO,EN,Combined TRACON& Tower with Radar,21,34,32,3,90,0,0,13,0,13,21,34,45,3,103,20,0,20,123
02/25/2019,ILM,NC,ASO,EN,Combined TRACON& Tower with Radar,18,31,46,14,109,0,2,30,6,38,18,33,76,20,147,36,0,36,183
02/26/2019,ILM,NC,ASO,EN,Combined TRACON& Tower with Radar,18,42,43,13,116,0,2,58,2,62,18,44,101,15,178,52,6,58,236
02/27/2019,ILM,NC,ASO,EN,Combined TRACON& Tower with Radar,20,33,39,2,94,0,2,32,0,34,20,35,71,2,128,46,0,46,174
02/28/2019,ILM,NC,ASO,EN,Combined TRACON& Tower with Radar,18,47,33,21,119,0,4,27,0,31,18,51,60,21,150,38,40,78,228
03/01/2019,ILM,NC,ASO,EN,Combined TRACON& Tower with Radar,31,48,43,23,145,0,0,12,0,12,31,48,55,23,157,28,50,78,235
03/02/2019,ILM,NC,ASO,EN,Combined TRACON& Tower with Radar,20,27,43,0,90,0,0,27,2,29,20,27,70,2,119,38,0,38,157
03/03/2019,ILM,NC,ASO,EN,Combined TRACON& Tower with Radar,20,24,47,12,103,0,0,10,0,10,20,24,57,12,113,20,0,20,133
03/04/2019,ILM,NC,ASO,EN,Combined TRACON& Tower with Radar,18,45,33,14,110,0,1,11,3,15,18,46,44,17,125,42,12,54,179
03/05/2019,ILM,NC,ASO,EN,Combined TRACON& Tower with Radar,18,35,37,22,112,0,1,11,1,13,18,36,48,23,125,24,0,24,149
03/06/2019,ILM,NC,ASO,EN,Combined TRACON& Tower with Radar,18,38,49,24,129,0,2,36,5,43,18,40,85,29,172,46,14,60,232
03/07/2019,ILM,NC,ASO,EN,Combined TRACON& Tower with Radar,17,35,41,13,106,0,1,30,8,39,17,36,71,21,145,30,12,42,187
03/08/2019,ILM,NC,ASO,EN,Combined TRACON& Tower with Radar,17,51,25,28,121,0,0,32,10,42,17,51,57,38,163,52,14,66,229
03/09/2019,ILM,NC,ASO,EN,Combined TRACON& Tower with Radar,17,32,43,13,105,0,1,35,3,39,17,33,78,16,144,60,2,62,206
03/10/2019,ILM,NC,ASO,EN,Combined TRACON& Tower with Radar,23,26,40,0,89,0,2,18,0,20,23,28,58,0,109,26,0,26,135
03/11/2019,ILM,NC,ASO,EN,Combined TRACON& Tower with Radar,24,40,34,45,143,0,3,40,5,48,24,43,74,50,191,56,41,97,288
03/12/2019,ILM,NC,ASO,EN,Combined TRACON& Tower with Radar,22,39,40,19,120,0,4,42,4,50,22,43,82,23,170,62,6,68,238
03/13/2019,ILM,NC,ASO,EN,Combined TRACON& Tower with Radar,19,40,42,37,138,0,1,49,7,57,19,41,91,44,195,20,26,46,241
03/14/2019,ILM,NC,ASO,EN,Combined TRACON& Tower with Radar,18,35,36,24,113,0,5,43,5,53,18,40,79,29,166,84,12,96,262
03/15/2019,ILM,NC,ASO,EN,Combined TRACON& Tower with Radar,17,31,46,12,106,0,2,20,4,26,17,33,66,16,132,4,0,4,136
03/16/2019,ILM,NC,ASO,EN,Combined TRACON& Tower with Radar,16,30,32,0,78,0,2,40,0,42,16,32,72,0,120,52,0,52,172
03/17/2019,ILM,NC,ASO,EN,Combined TRACON& Tower with Radar,20,33,56,0,109,0,1,49,2,52,20,34,105,2,161,16,0,16,177
03/18/2019,ILM,NC,ASO,EN,Combined TRACON& Tower with Radar,18,51,34,21,124,0,3,40,1,44,18,54,74,22,168,30,28,58,226
03/19/2019,ILM,NC,ASO,EN,Combined TRACON& Tower with Radar,18,39,42,4,103,0,3,23,0,26,18,42,65,4,129,8,12,20,149
03/20/2019,ILM,NC,ASO,EN,Combined TRACON& Tower with Radar,19,43,36,11,109,0,0,3,0,3,19,43,39,11,112,0,4,4,116
03/21/2019,ILM,NC,ASO,EN,Combined TRACON& Tower with Radar,18,40,41,9,108,0,2,6,0,8,18,42,47,9,116,4,0,4,120
03/22/2019,ILM,NC,ASO,EN,Combined TRACON& Tower with Radar,18,40,59,14,131,0,0,26,0,26,18,40,85,14,157,4,0,4,161
03/23/2019,ILM,NC,ASO,EN,Combined TRACON& Tower with Radar,19,33,38,1,91,0,1,58,6,65,19,34,96,7,156,34,0,34,190
03/24/2019,ILM,NC,ASO,EN,Combined TRACON& Tower with Radar,20,26,60,0,106,0,1,44,6,51,20,27,104,6,157,14,0,14,171
03/25/2019,ILM,NC,ASO,EN,Combined TRACON& Tower with Radar,27,35,42,35,139,0,2,22,0,24,27,37,64,35,163,52,0,52,215
03/26/2019,ILM,NC,ASO,EN,Combined TRACON& Tower with Radar,18,35,33,4,90,0,0,9,3,12,18,35,42,7,102,24,0,24,126
03/27/2019,ILM,NC,ASO,EN,Combined TRACON& Tower with Radar,18,42,36,2,98,0,4,31,2,37,18,46,67,4,135,24,0,24,159
03/28/2019,ILM,NC,ASO,EN,Combined TRACON& Tower with Radar,25,50,47,5,127,2,1,37,9,49,27,51,84,14,176,28,12,40,216
03/29/2019,ILM,NC,ASO,EN,Combined TRACON& Tower with Radar,19,38,57,17,131,0,3,51,2,56,19,41,108,19,187,42,6,48,235
03/30/2019,ILM,NC,ASO,EN,Combined TRACON& Tower with Radar,19,35,40,2,96,0,0,60,9,69,19,35,100,11,165,28,0,28,193
03/31/2019,ILM,NC,ASO,EN,Combined TRACON& Tower with Radar,20,35,39,0,94,0,3,9,1,13,20,38,48,1,107,0,0,0,107
04/01/2019,ILM,NC,ASO,EN,Combined TRACON& Tower with Radar,19,39,40,16,114,0,1,28,2,31,19,40,68,18,145,16,4,20,165
04/02/2019,ILM,NC,ASO,EN,Combined TRACON& Tower with Radar,22,44,13,10,89,0,0,0,2,2,22,44,13,12,91,0,0,0,91
04/03/2019,ILM,NC,ASO,EN,Combined TRACON& Tower with Radar,20,44,46,12,122,0,4,33,6,43,20,48,79,18,165,18,24,42,207
04/04/2019,ILM,NC,ASO,EN,Combined TRACON& Tower with Radar,20,38,37,9,104,0,0,35,1,36,20,38,72,10,140,4,6,10,150
04/05/2019,ILM,NC,ASO,EN,Combined TRACON& Tower with Radar,22,38,36,0,96,0,0,2,0,2,22,38,38,0,98,0,0,0,98
04/06/2019,ILM,NC,ASO,EN,Combined TRACON& Tower with Radar,21,33,50,4,108,0,1,7,0,8,21,34,57,4,116,0,6,6,122
04/07/2019,ILM,NC,ASO,EN,Combined TRACON& Tower with Radar,22,30,62,0,114,0,0,36,2,38,22,30,98,2,152,26,0,26,178
04/08/2019,ILM,NC,ASO,EN,Combined TRACON& Tower with Radar,22,43,40,18,123,0,2,16,0,18,22,45,56,18,141,2,20,22,163
04/09/2019,ILM,NC,ASO,EN,Combined TRACON& Tower with Radar,22,47,35,2,106,0,0,4,2,6,22,47,39,4,112,0,0,0,112
04/10/2019,ILM,NC,ASO,EN,Combined TRACON& Tower with Radar,18,48,75,11,152,0,1,50,3,54,18,49,125,14,206,7,46,53,259
04/11/2019,ILM,NC,ASO,EN,Combined TRACON& Tower with Radar,18,42,64,35,159,0,3,38,7,48,18,45,102,42,207,0,20,20,227
04/12/2019,ILM,NC,ASO,EN,Combined TRACON& Tower with Radar,19,47,40,12,118,0,0,3,5,8,19,47,43,17,126,16,0,16,142
04/13/2019,ILM,NC,ASO,EN,Combined TRACON& Tower with Radar,18,31,33,4,86,0,0,9,1,10,18,31,42,5,96,0,0,0,96
04/14/2019,ILM,NC,ASO,EN,Combined TRACON& Tower with Radar,23,27,36,7,93,0,1,5,3,9,23,28,41,10,102,4,24,28,130
04/15/2019,ILM,NC,ASO,EN,Combined TRACON& Tower with Radar,16,52,45,16,129,0,0,22,0,22,16,52,67,16,151,2,28,30,181
04/16/2019,ILM,NC,ASO,EN,Combined TRACON& Tower with Radar,26,41,36,29,132,0,0,50,0,50,26,41,86,29,182,40,22,62,244
04/17/2019,ILM,NC,ASO,EN,Combined TRACON& Tower with Radar,20,41,37,17,115,0,2,41,14,57,20,43,78,31,172,18,22,40,212
04/18/2019,ILM,NC,ASO,EN,Combined TRACON& Tower with Radar,20,55,78,35,188,0,12,27,7,46,20,67,105,42,234,20,19,39,273
04/19/2019,ILM,NC,ASO,EN,Combined TRACON& Tower with Radar,15,37,13,3,68,0,0,0,0,0,15,37,13,3,68,0,0,0,68
04/20/2019,ILM,NC,ASO,EN,Combined TRACON& Tower with Radar,19,38,35,2,94,0,1,19,2,22,19,39,54,4,116,20,0,20,136
04/21/2019,ILM,NC,ASO,EN,Combined TRACON& Tower with Radar,22,35,44,3,104,0,7,40,1,48,22,42,84,4,152,34,0,34,186
04/22/2019,ILM,NC,ASO,EN,Combined TRACON& Tower with Radar,20,49,60,12,141,0,1,48,0,49,20,50,108,12,190,8,6,14,204
04/23/2019,ILM,NC,ASO,EN,Combined TRACON& Tower with Radar,20,40,51,24,135,0,2,32,0,34,20,42,83,24,169,58,0,58,227
04/24/2019,ILM,NC,ASO,EN,Combined TRACON& Tower with Radar,20,44,30,27,121,0,1,44,5,50,20,45,74,32,171,38,48,86,257
04/25/2019,ILM,NC,ASO,EN,Combined TRACON& Tower with Radar,20,46,47,34,147,0,1,32,8,41,20,47,79,42,188,67,30,97,285
04/26/2019,ILM,NC,ASO,EN,Combined TRACON& Tower with Radar,25,41,31,10,107,0,2,13,6,21,25,43,44,16,128,10,2,12,140
04/27/2019,ILM,NC,ASO,EN,Combined TRACON& Tower with Radar,21,34,36,7,98,0,4,51,11,66,21,38,87,18,164,2,0,2,166
04/28/2019,ILM,NC,ASO,EN,Combined TRACON& Tower with Radar,22,39,65,0,126,0,0,47,11,58,22,39,112,11,184,12,0,12,196
04/29/2019,ILM,NC,ASO,EN,Combined TRACON& Tower with Radar,20,38,38,17,113,0,1,31,6,38,20,39,69,23,151,56,0,56,207
04/30/2019,ILM,NC,ASO,EN,Combined TRACON& Tower with Radar,20,40,63,16,139,0,0,36,0,36,20,40,99,16,175,42,0,42,217
05/01/2019,ILM,NC,ASO,EN,Combined TRACON& Tower with Radar,20,41,30,28,119,0,0,42,7,49,20,41,72,35,168,24,16,40,208
05/02/2019,ILM,NC,ASO,EN,Combined TRACON& Tower with Radar,21,43,69,31,164,0,1,45,9,55,21,44,114,40,219,46,70,116,335
05/03/2019,ILM,NC,ASO,EN,Combined TRACON& Tower with Radar,22,46,47,10,125,0,0,23,2,25,22,46,70,12,150,18,0,18,168
05/04/2019,ILM,NC,ASO,EN,Combined TRACON& Tower with Radar,26,25,25,5,81,0,0,28,6,34,26,25,53,11,115,6,0,6,121
05/05/2019,ILM,NC,ASO,EN,Combined TRACON& Tower with Radar,26,26,57,3,112,0,0,20,3,23,26,26,77,6,135,0,8,8,143
05/06/2019,ILM,NC,ASO,EN,Combined TRACON& Tower with Radar,23,33,36,2,94,0,7,30,6,43,23,40,66,8,137,3,2,5,142
05/07/2019,ILM,NC,ASO,EN,Combined TRACON& Tower with Radar,23,38,53,0,114,0,1,23,3,27,23,39,76,3,141,18,12,30,171
05/08/2019,ILM,NC,ASO,EN,Combined TRACON& Tower with Radar,25,40,61,23,149,0,1,36,4,41,25,41,97,27,190,18,10,28,218
05/09/2019,ILM,NC,ASO,EN,Combined TRACON& Tower with Radar,25,57,48,42,172,0,0,36,4,40,25,57,84,46,212,40,30,70,282
05/10/2019,ILM,NC,ASO,EN,Combined TRACON& Tower with Radar,23,37,60,16,136,0,2,31,3,36,23,39,91,19,172,20,0,20,192
05/11/2019,ILM,NC,ASO,EN,Combined TRACON& Tower with Radar,18,28,45,21,112,0,0,43,5,48,18,28,88,26,160,39,0,39,199
05/12/2019,ILM,NC,ASO,EN,Combined TRACON& Tower with Radar,22,31,24,1,78,0,0,4,1,5,22,31,28,2,83,0,0,0,83
05/13/2019,ILM,NC,ASO,EN,Combined TRACON& Tower with Radar,21,45,33,49,148,0,1,15,3,19,21,46,48,52,167,8,87,95,262
05/14/2019,ILM,NC,ASO,EN,Combined TRACON& Tower with Radar,23,38,40,4,105,0,1,41,4,46,23,39,81,8,151,40,0,40,191
05/15/2019,ILM,NC,ASO,EN,Combined TRACON& Tower with Radar,24,37,67,31,159,0,1,45,6,52,24,38,112,37,211,52,16,68,279
05/16/2019,ILM,NC,ASO,EN,Combined TRACON& Tower with Radar,23,46,59,52,180,0,0,49,10,59,23,46,108,62,239,36,8,44,283
05/17/2019,ILM,NC,ASO,EN,Combined TRACON& Tower with Radar,23,48,62,12,145,0,0,39,9,48,23,48,101,21,193,24,14,38,231
05/18/2019,ILM,NC,ASO,EN,Combined TRACON& Tower with Radar,20,31,30,2,83,0,5,59,5,69,20,36,89,7,152,38,0,38,190
05/19/2019,ILM,NC,ASO,EN,Combined TRACON& Tower with Radar,22,29,38,12,101,0,1,57,5,63,22,30,95,17,164,24,0,24,188
05/20/2019,ILM,NC,ASO,EN,Combined TRACON& Tower with Radar,23,46,56,38,163,0,0,32,3,35,23,46,88,41,198,18,6,24,222
05/21/2019,ILM,NC,ASO,EN,Combined TRACON& Tower with Radar,23,46,53,16,138,0,0,19,0,19,23,46,72,16,157,54,14,68,225
05/22/2019,ILM,NC,ASO,EN,Combined TRACON& Tower with Radar,22,46,48,4,120,0,3,35,8,46,22,49,83,12,166,26,0,26,192
05/23/2019,ILM,NC,ASO,EN,Combined TRACON& Tower with Radar,21,45,68,19,153,0,2,54,6,62,21,47,122,25,215,40,18,58,273
05/24/2019,ILM,NC,ASO,EN,Combined TRACON& Tower with Radar,23,42,75,5,145,0,4,61,4,69,23,46,136,9,214,26,0,26,240
05/25/2019,ILM,NC,ASO,EN,Combined TRACON& Tower with Radar,21,25,30,0,76,0,4,56,4,64,21,29,86,4,140,26,0,26,166
05/26/2019,ILM,NC,ASO,EN,Combined TRACON& Tower with Radar,22,24,22,0,68,0,1,44,3,48,22,25,66,3,116,38,0,38,154
05/27/2019,ILM,NC,ASO,EN,Combined TRACON& Tower with Radar,23,39,49,0,111,0,2,37,2,41,23,41,86,2,152,34,0,34,186
05/28/2019,ILM,NC,ASO,EN,Combined TRACON& Tower with Radar,27,44,46,25,142,0,1,35,4,40,27,45,81,29,182,18,16,34,216
05/29/2019,ILM,NC,ASO,EN,Combined TRACON& Tower with Radar,23,39,50,41,153,0,3,60,3,66,23,42,110,44,219,13,0,13,232
05/30/2019,ILM,NC,ASO,EN,Combined TRACON& Tower with Radar,23,50,53,17,143,0,0,43,8,51,23,50,96,25,194,15,38,53,247
05/31/2019,ILM,NC,ASO,EN,Combined TRACON& Tower with Radar,25,43,53,17,138,0,1,17,10,28,25,44,70,27,166,28,0,28,194
06/01/2019,ILM,NC,ASO,EN,Combined TRACON& Tower with Radar,22,32,27,7,88,0,1,32,9,42,22,33,59,16,130,76,0,76,206
06/02/2019,ILM,NC,ASO,EN,Combined TRACON& Tower with Radar,23,36,36,4,99,0,0,33,4,37,23,36,69,8,136,10,12,22,158
06/03/2019,ILM,NC,ASO,EN,Combined TRACON& Tower with Radar,21,47,36,17,121,0,0,37,9,46,21,47,73,26,167,0,8,8,175
06/04/2019,ILM,NC,ASO,EN,Combined TRACON& Tower with Radar,24,42,61,27,154,0,3,42,2,47,24,45,103,29,201,28,13,41,242
06/05/2019,ILM,NC,ASO,EN,Combined TRACON& Tower with Radar,25,45,45,14,129,0,0,12,2,14,25,45,57,16,143,36,4,40,183
06/06/2019,ILM,NC,ASO,EN,Combined TRACON& Tower with Radar,24,42,59,13,138,0,0,20,9,29,24,42,79,22,167,0,8,8,175
06/07/2019,ILM,NC,ASO,EN,Combined TRACON& Tower with Radar,42,57,70,25,194,0,3,16,9,28,42,60,86,34,222,54,0,54,276
06/08/2019,ILM,NC,ASO,EN,Combined TRACON& Tower with Radar,29,29,31,5,94,0,4,3,2,9,29,33,34,7,103,10,17,27,130
06/09/2019,ILM,NC,ASO,EN,Combined TRACON& Tower with Radar,24,32,30,0,86,0,4,10,1,15,24,36,40,1,101,48,0,48,149
06/10/2019,ILM,NC,ASO,EN,Combined TRACON& Tower with Radar,26,39,32,12,109,0,0,22,2,24,26,39,54,14,133,5,26,31,164
06/11/2019,ILM,NC,ASO,EN,Combined TRACON& Tower with Radar,25,33,64,23,145,0,0,15,2,17,25,33,79,25,162,4,0,4,166
06/12/2019,ILM,NC,ASO,EN,Combined TRACON& Tower with Radar,26,39,40,12,117,0,0,4,0,4,26,39,44,12,121,14,0,14,135
06/13/2019,ILM,NC,ASO,EN,Combined TRACON& Tower with Radar,26,39,68,30,163,0,2,18,2,22,26,41,86,32,185,36,20,56,241
06/14/2019,ILM,NC,ASO,EN,Combined TRACON& Tower with Radar,25,45,52,12,134,0,1,64,11,76,25,46,116,23,210,20,27,47,257
06/15/2019,ILM,NC,ASO,EN,Combined TRACON& Tower with Radar,25,30,37,6,98,0,0,72,5,77,25,30,109,11,175,20,6,26,201
06/16/2019,ILM,NC,ASO,EN,Combined TRACON& Tower with Radar,25,36,40,0,101,0,3,40,0,43,25,39,80,0,144,14,0,14,158
06/17/2019,ILM,NC,ASO,EN,Combined TRACON& Tower with Radar,26,36,41,34,137,0,2,32,4,38,26,38,73,38,175,48,12,60,235
06/18/2019,ILM,NC,ASO,EN,Combined TRACON& Tower with Radar,27,47,56,75,205,0,0,30,11,41,27,47,86,86,246,0,57,57,303
06/19/2019,ILM,NC,ASO,EN,Combined TRACON& Tower with Radar,27,43,37,44,151,0,0,22,6,28,27,43,59,50,179,10,25,35,214
06/20/2019,ILM,NC,ASO,EN,Combined TRACON& Tower with Radar,31,40,38,41,150,0,3,13,2,18,31,43,51,43,168,14,31,45,213
06/21/2019,ILM,NC,ASO,EN,Combined TRACON& Tower with Radar,24,45,54,23,146,0,3,32,11,46,24,48,86,34,192,8,12,20,212
06/22/2019,ILM,NC,ASO,EN,Combined TRACON& Tower with Radar,26,39,41,7,113,0,0,36,11,47,26,39,77,18,160,23,0,23,183
06/23/2019,ILM,NC,ASO,EN,Combined TRACON& Tower with Radar,25,37,32,16,110,0,0,21,2,23,25,37,53,18,133,28,0,28,161
06/24/2019,ILM,NC,ASO,EN,Combined TRACON& Tower with Radar,26,42,49,24,141,0,0,21,5,26,26,42,70,29,167,30,51,81,248
06/25/2019,ILM,NC,ASO,EN,Combined TRACON& Tower with Radar,25,45,57,19,146,1,2,33,4,40,26,47,90,23,186,2,18,20,206
06/26/2019,ILM,NC,ASO,EN,Combined TRACON& Tower with Radar,26,44,37,21,128,1,0,49,2,52,27,44,86,23,180,56,22,78,258
06/27/2019,ILM,NC,ASO,EN,Combined TRACON& Tower with Radar,39,38,47,24,148,1,0,29,3,33,40,38,76,27,181,6,12,18,199
06/28/2019,ILM,NC,ASO,EN,Combined TRACON& Tower with Radar,29,49,45,0,123,0,0,32,0,32,29,49,77,0,155,20,0,20,175
06/29/2019,ILM,NC,ASO,EN,Combined TRACON& Tower with Radar,29,32,36,6,103,0,4,48,2,54,29,36,84,8,157,10,8,18,175
06/30/2019,ILM,NC,ASO,EN,Combined TRACON& Tower with Radar,28,38,40,0,106,0,2,34,0,36,28,40,74,0,142,0,0,0,142
07/01/2019,ILM,NC,ASO,EN,Combined TRACON& Tower with Radar,34,41,33,41,149,1,2,35,2,40,35,43,68,43,189,46,22,68,257
07/02/2019,ILM,NC,ASO,EN,Combined TRACON& Tower with Radar,26,36,47,42,151,0,3,29,3,35,26,39,76,45,186,26,14,40,226
07/03/2019,ILM,NC,ASO,EN,Combined TRACON& Tower with Radar,28,37,51,4,120,0,1,32,1,34,28,38,83,5,154,28,2,30,184
07/04/2019,ILM,NC,ASO,EN,Combined TRACON& Tower with Radar,19,23,32,0,74,0,0,9,0,9,19,23,41,0,83,0,0,0,83
07/05/2019,ILM,NC,ASO,EN,Combined TRACON& Tower with Radar,29,29,16,0,74,0,2,11,0,13,29,31,27,0,87,16,0,16,103
07/06/2019,ILM,NC,ASO,EN,Combined TRACON& Tower with Radar,24,30,26,0,80,0,1,21,0,22,24,31,47,0,102,40,0,40,142
07/07/2019,ILM,NC,ASO,EN,Combined TRACON& Tower with Radar,31,33,54,0,118,0,0,29,0,29,31,33,83,0,147,10,0,10,157
07/08/2019,ILM,NC,ASO,EN,Combined TRACON& Tower with Radar,25,37,28,26,116,0,3,7,0,10,25,40,35,26,126,9,0,9,135
07/09/2019,ILM,NC,ASO,EN,Combined TRACON& Tower with Radar,25,43,52,3,123,0,0,2,0,2,25,43,54,3,125,0,0,0,125
07/10/2019,ILM,NC,ASO,EN,Combined TRACON& Tower with Radar,25,40,49,24,138,0,2,19,5,26,25,42,68,29,164,8,0,8,172
07/11/2019,ILM,NC,ASO,EN,Combined TRACON& Tower with Radar,28,40,36,47,151,0,0,15,1,16,28,40,51,48,167,48,0,48,215
07/12/2019,ILM,NC,ASO,EN,Combined TRACON& Tower with Radar,25,46,49,25,145,0,0,25,6,31,25,46,74,31,176,52,6,58,234
07/13/2019,ILM,NC,ASO,EN,Combined TRACON& Tower with Radar,25,35,27,8,95,0,0,31,4,35,25,35,58,12,130,20,0,20,150
07/14/2019,ILM,NC,ASO,EN,Combined TRACON& Tower with Radar,26,35,52,8,121,0,0,56,0,56,26,35,108,8,177,42,0,42,219
07/15/2019,ILM,NC,ASO,EN,Combined TRACON& Tower with Radar,26,36,41,34,137,0,2,33,5,40,26,38,74,39,177,4,16,20,197
07/16/2019,ILM,NC,ASO,EN,Combined TRACON& Tower with Radar,26,37,28,52,143,0,0,28,4,32,26,37,56,56,175,12,30,42,217
07/17/2019,ILM,NC,ASO,EN,Combined TRACON& Tower with Radar,26,44,31,71,172,0,2,32,5,39,26,46,63,76,211,38,22,60,271
07/18/2019,ILM,NC,ASO,EN,Combined TRACON& Tower with Radar,22,28,42,32,124,0,0,40,2,42,22,28,82,34,166,2,24,26,192
07/19/2019,ILM,NC,ASO,EN,Combined TRACON& Tower with Radar,24,40,61,10,135,0,3,41,4,48,24,43,102,14,183,16,0,16,199
07/20/2019,ILM,NC,ASO,EN,Combined TRACON& Tower with Radar,25,47,37,11,120,0,2,42,0,44,25,49,79,11,164,63,14,77,241
07/21/2019,ILM,NC,ASO,EN,Combined TRACON& Tower with Radar,25,35,38,14,112,0,1,49,1,51,25,36,87,15,163,10,8,18,181
07/22/2019,ILM,NC,ASO,EN,Combined TRACON& Tower with Radar,24,36,36,81,177,0,3,20,2,25,24,39,56,83,202,6,34,40,242
07/23/2019,ILM,NC,ASO,EN,Combined TRACON& Tower with Radar,24,36,35,73,168,0,0,15,6,21,24,36,50,79,189,4,54,58,247
07/24/2019,ILM,NC,ASO,EN,Combined TRACON& Tower with Radar,26,43,34,18,121,0,0,14,4,18,26,43,48,22,139,32,0,32,171
07/25/2019,ILM,NC,ASO,EN,Combined TRACON& Tower with Radar,26,38,49,54,167,0,1,38,6,45,26,39,87,60,212,56,44,100,312
07/26/2019,ILM,NC,ASO,EN,Combined TRACON& Tower with Radar,27,41,45,45,158,0,0,32,2,34,27,41,77,47,192,1,24,25,217
07/27/2019,ILM,NC,ASO,EN,Combined TRACON& Tower with Radar,27,35,27,16,105,0,3,51,0,54,27,38,78,16,159,26,19,45,204
07/28/2019,ILM,NC,ASO,EN,Combined TRACON& Tower with Radar,25,36,41,2,104,0,0,31,0,31,25,36,72,2,135,50,0,50,185
07/29/2019,ILM,NC,ASO,EN,Combined TRACON& Tower with Radar,24,33,33,39,129,0,7,31,2,40,24,40,64,41,169,38,21,59,228
07/30/2019,ILM,NC,ASO,EN,Combined TRACON& Tower with Radar,36,43,27,46,152,1,4,24,0,29,37,47,51,46,181,46,37,83,264
07/31/2019,ILM,NC,ASO,EN,Combined TRACON& Tower with Radar,31,45,48,52,176,0,0,45,1,46,31,45,93,53,222,14,39,53,275
08/01/2019,ILM,NC,ASO,EN,Combined TRACON& Tower with Radar,29,33,39,30,131,0,0,24,3,27,29,33,63,33,158,20,34,54,212
08/02/2019,ILM,NC,ASO,EN,Combined TRACON& Tower with Radar,23,41,40,2,106,0,1,16,0,17,23,42,56,2,123,22,0,22,145
08/03/2019,ILM,NC,ASO,EN,Combined TRACON& Tower with Radar,25,31,36,0,92,0,0,7,1,8,25,31,43,1,100,2,0,2,102
08/04/2019,ILM,NC,ASO,EN,Combined TRACON& Tower with Radar,27,37,45,0,109,0,1,35,0,36,27,38,80,0,145,28,0,28,173
08/05/2019,ILM,NC,ASO,EN,Combined TRACON& Tower with Radar,26,43,32,10,111,0,0,7,0,7,26,43,39,10,118,0,0,0,118
08/06/2019,ILM,NC,ASO,EN,Combined TRACON& Tower with Radar,25,37,44,47,153,0,0,19,4,23,25,37,63,51,176,10,36,46,222
08/07/2019,ILM,NC,ASO,EN,Combined TRACON& Tower with Radar,26,34,41,63,164,0,1,24,3,28,26,35,65,66,192,14,70,84,276
08/08/2019,ILM,NC,ASO,EN,Combined TRACON& Tower with Radar,25,38,50,59,172,0,2,32,2,36,25,40,82,61,208,18,20,38,246
08/09/2019,ILM,NC,ASO,EN,Combined TRACON& Tower with Radar,24,47,51,31,153,0,2,36,2,40,24,49,87,33,193,42,10,52,245
08/10/2019,ILM,NC,ASO,EN,Combined TRACON& Tower with Radar,25,33,28,7,93,0,1,53,0,54,25,34,81,7,147,22,6,28,175
08/11/2019,ILM,NC,ASO,EN,Combined TRACON& Tower with Radar,26,40,31,0,97,0,0,28,0,28,26,40,59,0,125,4,0,4,129
08/12/2019,ILM,NC,ASO,EN,Combined TRACON& Tower with Radar,26,35,48,23,132,0,0,42,0,42,26,35,90,23,174,31,10,41,215
08/13/2019,ILM,NC,ASO,EN,Combined TRACON& Tower with Radar,26,38,33,29,126,0,0,17,3,20,26,38,50,32,146,0,22,22,168
08/14/2019,ILM,NC,ASO,EN,Combined TRACON& Tower with Radar,26,40,34,21,121,0,0,23,3,26,26,40,57,24,147,2,4,6,153
08/15/2019,ILM,NC,ASO,EN,Combined TRACON& Tower with Radar,25,37,49,2,113,0,0,9,0,9,25,37,58,2,122,14,0,14,136
08/16/2019,ILM,NC,ASO,EN,Combined TRACON& Tower with Radar,26,44,37,1,108,0,0,4,0,4,26,44,41,1,112,20,0,20,132
08/17/2019,ILM,NC,ASO,EN,Combined TRACON& Tower with Radar,26,31,19,0,76,0,0,1,0,1,26,31,20,0,77,12,0,12,89
08/18/2019,ILM,NC,ASO,EN,Combined TRACON& Tower with Radar,22,34,44,6,106,0,0,25,0,25,22,34,69,6,131,34,0,34,165
08/19/2019,ILM,NC,ASO,EN,Combined TRACON& Tower with Radar,24,35,35,39,133,0,2,28,3,33,24,37,63,42,166,50,10,60,226
08/20/2019,ILM,NC,ASO,EN,Combined TRACON& Tower with Radar,25,40,56,7,128,0,2,41,2,45,25,42,97,9,173,2,0,2,175
08/21/2019,ILM,NC,ASO,EN,Combined TRACON& Tower with Radar,24,34,44,3,105,0,2,29,2,33,24,36,73,5,138,8,10,18,156
08/22/2019,ILM,NC,ASO,EN,Combined TRACON& Tower with Radar,27,45,46,42,160,0,2,23,5,30,27,47,69,47,190,42,50,92,282
08/23/2019,ILM,NC,ASO,EN,Combined TRACON& Tower with Radar,23,35,51,26,135,0,1,16,9,26,23,36,67,35,161,22,18,40,201
08/24/2019,ILM,NC,ASO,EN,Combined TRACON& Tower with Radar,25,30,22,5,82,0,0,14,3,17,25,30,36,8,99,28,0,28,127
08/25/2019,ILM,NC,ASO,EN,Combined TRACON& Tower with Radar,26,28,59,5,118,0,5,12,0,17,26,33,71,5,135,8,0,8,143
08/26/2019,ILM,NC,ASO,EN,Combined TRACON& Tower with Radar,25,33,45,50,153,0,2,35,3,40,25,35,80,53,193,32,24,56,249
08/27/2019,ILM,NC,ASO,EN,Combined TRACON& Tower with Radar,26,43,37,37,143,0,0,13,7,20,26,43,50,44,163,4,63,67,230
08/28/2019,ILM,NC,ASO,EN,Combined TRACON& Tower with Radar,25,39,51,66,181,0,3,34,4,41,25,42,85,70,222,12,52,64,286
08/29/2019,ILM,NC,ASO,EN,Combined TRACON& Tower with Radar,26,46,56,6,134,0,2,58,2,62,26,48,114,8,196,22,0,22,218
08/30/2019,ILM,NC,ASO,EN,Combined TRACON& Tower with Radar,24,43,64,6,137,0,0,59,2,61,24,43,123,8,198,34,0,34,232
08/31/2019,ILM,NC,ASO,EN,Combined TRACON& Tower with Radar,25,33,43,0,101,0,1,50,0,51,25,34,93,0,152,12,0,12,164
09/01/2019,ILM,NC,ASO,EN,Combined TRACON& Tower with Radar,20,23,23,0,66,0,0,24,0,24,20,23,47,0,90,18,0,18,108
09/02/2019,ILM,NC,ASO,EN,Combined TRACON& Tower with Radar,26,43,49,0,118,0,0,9,0,9,26,43,58,0,127,2,0,2,129
09/03/2019,ILM,NC,ASO,EN,Combined TRACON& Tower with Radar,26,38,38,0,102,0,3,33,2,38,26,41,71,2,140,4,0,4,144
09/04/2019,ILM,NC,ASO,EN,Combined TRACON& Tower with Radar,22,30,20,0,72,0,0,2,0,2,22,30,22,0,74,4,0,4,78
09/05/2019,ILM,NC,ASO,EN,Combined TRACON& Tower with Radar,0,0,0,0,0,0,0,0,0,0,0,0,0,0,0,0,0,0,0
09/06/2019,ILM,NC,ASO,EN,Combined TRACON& Tower with Radar,1,14,15,0,30,0,1,25,1,27,1,15,40,1,57,0,0,0,57
09/07/2019,ILM,NC,ASO,EN,Combined TRACON& Tower with Radar,21,18,21,0,60,0,1,72,0,73,21,19,93,0,133,18,0,18,151
09/08/2019,ILM,NC,ASO,EN,Combined TRACON& Tower with Radar,23,36,40,0,99,0,0,61,0,61,23,36,101,0,160,4,0,4,164
09/09/2019,ILM,NC,ASO,EN,Combined TRACON& Tower with Radar,25,37,41,0,103,0,3,22,0,25,25,40,63,0,128,16,0,16,144
09/10/2019,ILM,NC,ASO,EN,Combined TRACON& Tower with Radar,23,39,40,18,120,0,0,31,3,34,23,39,71,21,154,14,18,32,186
09/11/2019,ILM,NC,ASO,EN,Combined TRACON& Tower with Radar,25,42,34,27,128,0,0,34,7,41,25,42,68,34,169,56,28,84,253
09/12/2019,ILM,NC,ASO,EN,Combined TRACON& Tower with Radar,25,35,41,28,129,0,0,26,7,33,25,35,67,35,162,0,12,12,174
09/13/2019,ILM,NC,ASO,EN,Combined TRACON& Tower with Radar,25,44,45,10,124,0,1,19,2,22,25,45,64,12,146,2,0,2,148
09/14/2019,ILM,NC,ASO,EN,Combined TRACON& Tower with Radar,25,22,31,2,80,0,3,29,0,32,25,25,60,2,112,20,0,20,132
09/15/2019,ILM,NC,ASO,EN,Combined TRACON& Tower with Radar,23,35,36,1,95,0,0,33,0,33,23,35,69,1,128,44,0,44,172
09/16/2019,ILM,NC,ASO,EN,Combined TRACON& Tower with Radar,25,36,39,8,108,0,0,17,1,18,25,36,56,9,126,0,0,0,126
09/17/2019,ILM,NC,ASO,EN,Combined TRACON& Tower with Radar,23,38,43,26,130,0,3,23,0,26,23,41,66,26,156,34,12,46,202
09/18/2019,ILM,NC,ASO,EN,Combined TRACON& Tower with Radar,24,42,43,14,123,0,0,26,4,30,24,42,69,18,153,20,0,20,173
09/19/2019,ILM,NC,ASO,EN,Combined TRACON& Tower with Radar,26,40,42,54,162,0,0,45,1,46,26,40,87,55,208,61,25,86,294
09/20/2019,ILM,NC,ASO,EN,Combined TRACON& Tower with Radar,25,39,45,3,112,0,3,45,1,49,25,42,90,4,161,69,0,69,230
09/21/2019,ILM,NC,ASO,EN,Combined TRACON& Tower with Radar,24,28,22,3,77,0,1,55,4,60,24,29,77,7,137,33,0,33,170
09/22/2019,ILM,NC,ASO,EN,Combined TRACON& Tower with Radar,23,34,37,1,95,0,4,54,2,60,23,38,91,3,155,35,0,35,190
09/23/2019,ILM,NC,ASO,EN,Combined TRACON& Tower with Radar,25,30,45,60,160,0,0,48,0,48,25,30,93,60,208,30,78,108,316
09/24/2019,ILM,NC,ASO,EN,Combined TRACON& Tower with Radar,23,43,51,21,138,0,0,42,3,45,23,43,93,24,183,22,0,22,205
09/25/2019,ILM,NC,ASO,EN,Combined TRACON& Tower with Radar,24,38,43,6,111,0,0,50,0,50,24,38,93,6,161,6,0,6,167
09/26/2019,ILM,NC,ASO,EN,Combined TRACON& Tower with Radar,24,42,63,15,144,0,1,15,2,18,24,43,78,17,162,0,12,12,174
09/27/2019,ILM,NC,ASO,EN,Combined TRACON& Tower with Radar,27,35,62,11,135,0,0,23,3,26,27,35,85,14,161,52,0,52,213
09/28/2019,ILM,NC,ASO,EN,Combined TRACON& Tower with Radar,26,24,23,0,73,0,0,42,0,42,26,24,65,0,115,32,0,32,147
09/29/2019,ILM,NC,ASO,EN,Combined TRACON& Tower with Radar,25,35,51,3,114,0,0,52,2,54,25,35,103,5,168,44,0,44,212
09/30/2019,ILM,NC,ASO,EN,Combined TRACON& Tower with Radar,25,37,31,16,109,0,2,19,0,21,25,39,50,16,130,20,4,24,154
10/01/2019,ILM,NC,ASO,EN,Combined TRACON& Tower with Radar,26,44,37,27,134,0,1,30,7,38,26,45,67,34,172,38,14,52,224
10/02/2019,ILM,NC,ASO,EN,Combined TRACON& Tower with Radar,36,39,33,8,116,0,2,43,6,51,36,41,76,14,167,58,2,60,227
10/03/2019,ILM,NC,ASO,EN,Combined TRACON& Tower with Radar,26,39,37,8,110,0,2,37,5,44,26,41,74,13,154,32,14,46,200
10/04/2019,ILM,NC,ASO,EN,Combined TRACON& Tower with Radar,42,42,47,26,157,0,2,32,5,39,42,44,79,31,196,34,22,56,252
10/05/2019,ILM,NC,ASO,EN,Combined TRACON& Tower with Radar,25,21,19,3,68,0,0,24,2,26,25,21,43,5,94,18,0,18,112
10/06/2019,ILM,NC,ASO,EN,Combined TRACON& Tower with Radar,24,28,26,0,78,0,2,36,1,39,24,30,62,1,117,18,0,18,135
10/07/2019,ILM,NC,ASO,EN,Combined TRACON& Tower with Radar,26,43,31,36,136,0,3,10,2,15,26,46,41,38,151,20,0,20,171
10/08/2019,ILM,NC,ASO,EN,Combined TRACON& Tower with Radar,24,33,38,42,137,0,0,2,0,2,24,33,40,42,139,0,32,32,171
10/09/2019,ILM,NC,ASO,EN,Combined TRACON& Tower with Radar,23,40,58,38,159,0,0,6,6,12,23,40,64,44,171,33,12,45,216
10/10/2019,ILM,NC,ASO,EN,Combined TRACON& Tower with Radar,26,43,62,23,154,0,1,19,5,25,26,44,81,28,179,0,6,6,185
10/11/2019,ILM,NC,ASO,EN,Combined TRACON& Tower with Radar,24,38,62,16,140,0,1,46,8,55,24,39,108,24,195,65,20,85,280
10/12/2019,ILM,NC,ASO,EN,Combined TRACON& Tower with Radar,25,25,33,0,83,0,0,77,0,77,25,25,110,0,160,0,0,0,160
10/13/2019,ILM,NC,ASO,EN,Combined TRACON& Tower with Radar,24,31,58,0,113,0,0,25,0,25,24,31,83,0,138,12,0,12,150
10/14/2019,ILM,NC,ASO,EN,Combined TRACON& Tower with Radar,26,37,36,0,99,0,0,29,1,30,26,37,65,1,129,24,0,24,153
10/15/2019,ILM,NC,ASO,EN,Combined TRACON& Tower with Radar,24,37,50,45,156,0,2,31,5,38,24,39,81,50,194,22,12,34,228
10/16/2019,ILM,NC,ASO,EN,Combined TRACON& Tower with Radar,24,36,26,43,129,0,0,1,5,6,24,36,27,48,135,0,12,12,147
10/17/2019,ILM,NC,ASO,EN,Combined TRACON& Tower with Radar,26,45,37,16,124,0,0,25,8,33,26,45,62,24,157,28,0,28,185
10/18/2019,ILM,NC,ASO,EN,Combined TRACON& Tower with Radar,26,48,55,6,135,0,1,45,12,58,26,49,100,18,193,16,0,16,209
10/19/2019,ILM,NC,ASO,EN,Combined TRACON& Tower with Radar,25,28,15,4,72,0,1,27,3,31,25,29,42,7,103,6,0,6,109
10/20/2019,ILM,NC,ASO,EN,Combined TRACON& Tower with Radar,33,30,29,0,92,0,0,2,0,2,33,30,31,0,94,2,0,2,96
10/21/2019,ILM,NC,ASO,EN,Combined TRACON& Tower with Radar,26,29,46,41,142,0,2,25,4,31,26,31,71,45,173,12,18,30,203
10/22/2019,ILM,NC,ASO,EN,Combined TRACON& Tower with Radar,24,38,27,11,100,0,0,14,9,23,24,38,41,20,123,0,0,0,123
10/23/2019,ILM,NC,ASO,EN,Combined TRACON& Tower with Radar,24,41,52,46,163,0,0,53,10,63,24,41,105,56,226,28,54,82,308
10/24/2019,ILM,NC,ASO,EN,Combined TRACON& Tower with Radar,39,40,46,88,213,5,2,28,18,53,44,42,74,106,266,22,49,71,337
10/25/2019,ILM,NC,ASO,EN,Combined TRACON& Tower with Radar,26,43,43,20,132,0,0,39,12,51,26,43,82,32,183,48,12,60,243
10/26/2019,ILM,NC,ASO,EN,Combined TRACON& Tower with Radar,24,25,37,2,88,0,2,38,13,53,24,27,75,15,141,21,0,21,162
10/27/2019,ILM,NC,ASO,EN,Combined TRACON& Tower with Radar,26,29,37,0,92,0,0,5,4,9,26,29,42,4,101,12,0,12,113
10/28/2019,ILM,NC,ASO,EN,Combined TRACON& Tower with Radar,24,38,44,5,111,0,0,15,0,15,24,38,59,5,126,10,0,10,136
10/29/2019,ILM,NC,ASO,EN,Combined TRACON& Tower with Radar,25,32,48,7,112,0,0,2,3,5,25,32,50,10,117,0,9,9,126
10/30/2019,ILM,NC,ASO,EN,Combined TRACON& Tower with Radar,22,45,35,13,115,0,0,22,3,25,22,45,57,16,140,22,0,22,162
10/31/2019,ILM,NC,ASO,EN,Combined TRACON& Tower with Radar,21,34,35,37,127,0,0,7,8,15,21,34,42,45,142,8,30,38,180
11/01/2019,ILM,NC,ASO,EN,Combined TRACON& Tower with Radar,25,38,54,41,158,0,1,50,7,58,25,39,104,48,216,30,36,66,282
11/02/2019,ILM,NC,ASO,EN,Combined TRACON& Tower with Radar,24,28,29,4,85,0,0,66,5,71,24,28,95,9,156,92,0,92,248
11/03/2019,ILM,NC,ASO,EN,Combined TRACON& Tower with Radar,24,31,49,1,105,0,3,77,1,81,24,34,126,2,186,21,0,21,207
11/04/2019,ILM,NC,ASO,EN,Combined TRACON& Tower with Radar,26,44,37,16,123,0,2,51,8,61,26,46,88,24,184,10,22,32,216
11/05/2019,ILM,NC,ASO,EN,Combined TRACON& Tower with Radar,24,38,32,17,111,0,0,18,8,26,24,38,50,25,137,20,13,33,170
11/06/2019,ILM,NC,ASO,EN,Combined TRACON& Tower with Radar,26,40,47,42,155,0,1,53,0,54,26,41,100,42,209,38,0,38,247
11/07/2019,ILM,NC,ASO,EN,Combined TRACON& Tower with Radar,26,42,53,28,149,0,3,33,2,38,26,45,86,30,187,60,4,64,251
11/08/2019,ILM,NC,ASO,EN,Combined TRACON& Tower with Radar,26,34,51,1,112,0,1,9,1,11,26,35,60,2,123,0,0,0,123
11/09/2019,ILM,NC,ASO,EN,Combined TRACON& Tower with Radar,24,26,32,4,86,0,1,51,6,58,24,27,83,10,144,36,2,38,182
11/10/2019,ILM,NC,ASO,EN,Combined TRACON& Tower with Radar,22,28,34,2,86,0,3,61,2,66,22,31,95,4,152,56,6,62,214
11/11/2019,ILM,NC,ASO,EN,Combined TRACON& Tower with Radar,26,35,25,0,86,0,3,55,0,58,26,38,80,0,144,10,0,10,154
11/12/2019,ILM,NC,ASO,EN,Combined TRACON& Tower with Radar,24,44,21,18,107,0,0,13,0,13,24,44,34,18,120,6,22,28,148
11/13/2019,ILM,NC,ASO,EN,Combined TRACON& Tower with Radar,24,36,45,16,121,0,0,52,3,55,24,36,97,19,176,46,22,68,244
11/14/2019,ILM,NC,ASO,EN,Combined TRACON& Tower with Radar,26,42,31,13,112,0,0,26,2,28,26,42,57,15,140,34,0,34,174
11/15/2019,ILM,NC,ASO,EN,Combined TRACON& Tower with Radar,26,32,34,2,94,0,0,0,0,0,26,32,34,2,94,0,0,0,94
11/16/2019,ILM,NC,ASO,EN,Combined TRACON& Tower with Radar,32,26,6,0,64,0,0,0,0,0,32,26,6,0,64,0,0,0,64
11/17/2019,ILM,NC,ASO,EN,Combined TRACON& Tower with Radar,24,32,21,0,77,0,1,3,0,4,24,33,24,0,81,0,0,0,81
11/18/2019,ILM,NC,ASO,EN,Combined TRACON& Tower with Radar,27,40,28,4,99,0,0,0,0,0,27,40,28,4,99,0,0,0,99
11/19/2019,ILM,NC,ASO,EN,Combined TRACON& Tower with Radar,24,42,40,12,118,0,0,3,2,5,24,42,43,14,123,12,4,16,139
11/20/2019,ILM,NC,ASO,EN,Combined TRACON& Tower with Radar,24,42,42,13,121,0,0,36,5,41,24,42,78,18,162,3,20,23,185
11/21/2019,ILM,NC,ASO,EN,Combined TRACON& Tower with Radar,28,33,62,40,163,0,3,74,7,84,28,36,136,47,247,65,22,87,334
11/22/2019,ILM,NC,ASO,EN,Combined TRACON& Tower with Radar,31,30,47,54,162,0,0,32,5,37,31,30,79,59,199,14,8,22,221
11/23/2019,ILM,NC,ASO,EN,Combined TRACON& Tower with Radar,26,26,44,16,112,0,0,43,2,45,26,26,87,18,157,52,0,52,209
11/24/2019,ILM,NC,ASO,EN,Combined TRACON& Tower with Radar,25,26,44,7,102,0,0,19,0,19,25,26,63,7,121,0,0,0,121
11/25/2019,ILM,NC,ASO,EN,Combined TRACON& Tower with Radar,27,38,34,28,127,0,0,45,0,45,27,38,79,28,172,46,12,58,230
11/26/2019,ILM,NC,ASO,EN,Combined TRACON& Tower with Radar,27,48,46,22,143,0,0,63,1,64,27,48,109,23,207,20,6,26,233
11/27/2019,ILM,NC,ASO,EN,Combined TRACON& Tower with Radar,27,39,34,4,104,0,0,31,0,31,27,39,65,4,135,70,8,78,213
11/28/2019,ILM,NC,ASO,EN,Combined TRACON& Tower with Radar,15,17,16,0,48,0,0,18,0,18,15,17,34,0,66,4,0,4,70
11/29/2019,ILM,NC,ASO,EN,Combined TRACON& Tower with Radar,22,30,31,0,83,0,2,70,0,72,22,32,101,0,155,24,0,24,179
11/30/2019,ILM,NC,ASO,EN,Combined TRACON& Tower with Radar,27,42,50,0,119,0,0,39,0,39,27,42,89,0,158,20,0,20,178
12/01/2019,ILM,NC,ASO,EN,Combined TRACON& Tower with Radar,33,53,37,0,123,0,0,5,0,5,33,53,42,0,128,0,0,0,128
12/02/2019,ILM,NC,ASO,EN,Combined TRACON& Tower with Radar,24,40,40,16,120,0,1,29,3,33,24,41,69,19,153,17,0,17,170
12/03/2019,ILM,NC,ASO,EN,Combined TRACON& Tower with Radar,26,29,48,26,129,0,0,47,6,53,26,29,95,32,182,34,42,76,258
12/04/2019,ILM,NC,ASO,EN,Combined TRACON& Tower with Radar,28,39,34,20,121,4,0,37,3,44,32,39,71,23,165,12,6,18,183
12/05/2019,ILM,NC,ASO,EN,Combined TRACON& Tower with Radar,44,38,43,13,138,0,2,44,6,52,44,40,87,19,190,14,16,30,220
12/06/2019,ILM,NC,ASO,EN,Combined TRACON& Tower with Radar,24,40,43,20,127,0,0,44,3,47,24,40,87,23,174,52,0,52,226
12/07/2019,ILM,NC,ASO,EN,Combined TRACON& Tower with Radar,20,21,33,4,78,0,0,52,10,62,20,21,85,14,140,56,0,56,196
12/08/2019,ILM,NC,ASO,EN,Combined TRACON& Tower with Radar,24,29,30,7,90,0,0,17,1,18,24,29,47,8,108,0,0,0,108
12/09/2019,ILM,NC,ASO,EN,Combined TRACON& Tower with Radar,21,36,22,8,87,0,0,8,0,8,21,36,30,8,95,2,6,8,103
12/10/2019,ILM,NC,ASO,EN,Combined TRACON& Tower with Radar,21,41,33,55,150,0,1,31,11,43,21,42,64,66,193,14,32,46,239
12/11/2019,ILM,NC,ASO,EN,Combined TRACON& Tower with Radar,22,35,35,4,96,0,0,17,7,24,22,35,52,11,120,14,0,14,134
12/12/2019,ILM,NC,ASO,EN,Combined TRACON& Tower with Radar,24,40,50,47,161,0,1,37,2,40,24,41,87,49,201,58,26,84,285
12/13/2019,ILM,NC,ASO,EN,Combined TRACON& Tower with Radar,36,34,29,8,107,0,0,4,0,4,36,34,33,8,111,8,0,8,119
12/14/2019,ILM,NC,ASO,EN,Combined TRACON& Tower with Radar,20,17,32,8,77,0,3,10,1,14,20,20,42,9,91,8,6,14,105
12/15/2019,ILM,NC,ASO,EN,Combined TRACON& Tower with Radar,23,32,43,23,121,0,2,42,3,47,23,34,85,26,168,70,16,86,254
12/16/2019,ILM,NC,ASO,EN,Combined TRACON& Tower with Radar,23,35,31,34,123,0,0,41,4,45,23,35,72,38,168,27,14,41,209
12/17/2019,ILM,NC,ASO,EN,Combined TRACON& Tower with Radar,22,29,25,18,94,0,1,1,6,8,22,30,26,24,102,16,0,16,118
12/18/2019,ILM,NC,ASO,EN,Combined TRACON& Tower with Radar,25,39,35,48,147,1,0,44,5,50,26,39,79,53,197,38,31,69,266
12/19/2019,ILM,NC,ASO,EN,Combined TRACON& Tower with Radar,24,41,44,24,133,0,1,56,12,69,24,42,100,36,202,28,18,46,248
12/20/2019,ILM,NC,ASO,EN,Combined TRACON& Tower with Radar,24,53,55,5,137,0,1,66,8,75,24,54,121,13,212,32,4,36,248
12/21/2019,ILM,NC,ASO,EN,Combined TRACON& Tower with Radar,24,31,33,4,92,0,3,55,2,60,24,34,88,6,152,66,0,66,218
12/22/2019,ILM,NC,ASO,EN,Combined TRACON& Tower with Radar,27,22,17,0,66,0,2,22,0,24,27,24,39,0,90,56,0,56,146
12/23/2019,ILM,NC,ASO,EN,Combined TRACON& Tower with Radar,26,42,23,0,91,0,0,2,0,2,26,42,25,0,93,0,0,0,93
12/24/2019,ILM,NC,ASO,EN,Combined TRACON& Tower with Radar,21,32,3,0,56,0,1,15,0,16,21,33,18,0,72,0,0,0,72
12/25/2019,ILM,NC,ASO,EN,Combined TRACON& Tower with Radar,25,24,11,0,60,0,0,17,0,17,25,24,28,0,77,6,0,6,83
12/26/2019,ILM,NC,ASO,EN,Combined TRACON& Tower with Radar,26,46,52,2,126,0,1,32,0,33,26,47,84,2,159,2,0,2,161
12/27/2019,ILM,NC,ASO,EN,Combined TRACON& Tower with Radar,27,46,41,2,116,0,2,30,0,32,27,48,71,2,148,52,0,52,200
12/28/2019,ILM,NC,ASO,EN,Combined TRACON& Tower with Radar,22,46,48,0,116,0,0,56,2,58,22,46,104,2,174,2,0,2,176
12/29/2019,ILM,NC,ASO,EN,Combined TRACON& Tower with Radar,26,27,31,8,92,0,0,17,0,17,26,27,48,8,109,6,0,6,115
12/30/2019,ILM,NC,ASO,EN,Combined TRACON& Tower with Radar,36,26,38,0,100,0,0,3,0,3,36,26,41,0,103,14,0,14,117
12/31/2019,ILM,NC,ASO,EN,Combined TRACON& Tower with Radar,21,34,19,2,76,0,0,46,0,46,21,34,65,2,122,20,0,20,142
01/01/2020,ILM,NC,ASO,EN,Combined TRACON& Tower with Radar,25,22,25,0,72,0,3,40,0,43,25,25,65,0,115,29,0,29,144
01/02/2020,ILM,NC,ASO,EN,Combined TRACON& Tower with Radar,28,34,34,0,96,0,0,34,0,34,28,34,68,0,130,40,0,40,170
01/03/2020,ILM,NC,ASO,EN,Combined TRACON& Tower with Radar,28,37,47,34,146,0,0,9,7,16,28,37,56,41,162,4,19,23,185
01/04/2020,ILM,NC,ASO,EN,Combined TRACON& Tower with Radar,26,37,45,0,108,0,0,3,0,3,26,37,48,0,111,2,0,2,113
01/05/2020,ILM,NC,ASO,EN,Combined TRACON& Tower with Radar,28,27,34,6,95,0,1,49,0,50,28,28,83,6,145,20,0,20,165
01/06/2020,ILM,NC,ASO,EN,Combined TRACON& Tower with Radar,24,38,38,14,114,0,0,64,0,64,24,38,102,14,178,56,0,56,234
01/07/2020,ILM,NC,ASO,EN,Combined TRACON& Tower with Radar,24,27,22,12,85,0,0,15,0,15,24,27,37,12,100,4,0,4,104
01/08/2020,ILM,NC,ASO,EN,Combined TRACON& Tower with Radar,24,31,33,26,114,0,0,46,0,46,24,31,79,26,160,68,2,70,230
01/09/2020,ILM,NC,ASO,EN,Combined TRACON& Tower with Radar,27,35,49,33,144,0,1,72,3,76,27,36,121,36,220,37,0,37,257
01/10/2020,ILM,NC,ASO,EN,Combined TRACON& Tower with Radar,25,28,46,57,156,0,1,35,9,45,25,29,81,66,201,54,20,74,275
01/11/2020,ILM,NC,ASO,EN,Combined TRACON& Tower with Radar,23,19,32,13,87,0,0,15,4,19,23,19,47,17,106,9,4,13,119
01/12/2020,ILM,NC,ASO,EN,Combined TRACON& Tower with Radar,25,22,23,4,74,0,0,1,5,6,25,22,24,9,80,16,0,16,96
01/13/2020,ILM,NC,ASO,EN,Combined TRACON& Tower with Radar,25,27,23,2,77,0,0,0,0,0,25,27,23,2,77,0,0,0,77
01/14/2020,ILM,NC,ASO,EN,Combined TRACON& Tower with Radar,23,30,43,62,158,0,0,27,8,35,23,30,70,70,193,40,36,76,269
01/15/2020,ILM,NC,ASO,EN,Combined TRACON& Tower with Radar,24,38,28,37,127,0,0,13,1,14,24,38,41,38,141,2,22,24,165
01/16/2020,ILM,NC,ASO,EN,Combined TRACON& Tower with Radar,26,33,37,28,124,0,0,36,0,36,26,33,73,28,160,77,18,95,255
01/17/2020,ILM,NC,ASO,EN,Combined TRACON& Tower with Radar,25,41,41,18,125,0,0,48,1,49,25,41,89,19,174,18,20,38,212
01/18/2020,ILM,NC,ASO,EN,Combined TRACON& Tower with Radar,17,19,29,3,68,0,0,46,2,48,17,19,75,5,116,50,0,50,166
01/19/2020,ILM,NC,ASO,EN,Combined TRACON& Tower with Radar,24,23,35,0,82,0,0,18,0,18,24,23,53,0,100,10,0,10,110
01/20/2020,ILM,NC,ASO,EN,Combined TRACON& Tower with Radar,25,34,28,10,97,0,1,46,3,50,25,35,74,13,147,60,0,60,207
01/21/2020,ILM,NC,ASO,EN,Combined TRACON& Tower with Radar,23,31,30,36,120,0,1,27,2,30,23,32,57,38,150,62,16,78,228
01/22/2020,ILM,NC,ASO,EN,Combined TRACON& Tower with Radar,24,29,43,8,104,0,0,30,0,30,24,29,73,8,134,30,16,46,180
01/23/2020,ILM,NC,ASO,EN,Combined TRACON& Tower with Radar,25,41,41,68,175,0,1,59,4,64,25,42,100,72,239,38,38,76,315
01/24/2020,ILM,NC,ASO,EN,Combined TRACON& Tower with Radar,27,33,25,17,102,0,0,26,4,30,27,33,51,21,132,30,18,48,180
01/25/2020,ILM,NC,ASO,EN,Combined TRACON& Tower with Radar,21,22,36,20,99,0,0,88,4,92,21,22,124,24,191,54,13,67,258
01/26/2020,ILM,NC,ASO,EN,Combined TRACON& Tower with Radar,27,27,36,8,98,0,0,60,0,60,27,27,96,8,158,48,8,56,214
01/27/2020,ILM,NC,ASO,EN,Combined TRACON& Tower with Radar,24,34,37,21,116,0,2,28,3,33,24,36,65,24,149,46,19,65,214
01/28/2020,ILM,NC,ASO,EN,Combined TRACON& Tower with Radar,23,35,56,31,145,0,1,52,6,59,23,36,108,37,204,38,36,74,278
01/29/2020,ILM,NC,ASO,EN,Combined TRACON& Tower with Radar,24,25,54,63,166,0,0,58,7,65,24,25,112,70,231,48,12,60,291
01/30/2020,ILM,NC,ASO,EN,Combined TRACON& Tower with Radar,25,32,48,22,127,0,0,30,12,42,25,32,78,34,169,51,14,65,234
01/31/2020,ILM,NC,ASO,EN,Combined TRACON& Tower with Radar,25,42,35,20,122,0,2,27,1,30,25,44,62,21,152,6,8,14,166
02/01/2020,ILM,NC,ASO,EN,Combined TRACON& Tower with Radar,20,23,22,3,68,0,0,0,0,0,20,23,22,3,68,0,0,0,68
02/02/2020,ILM,NC,ASO,EN,Combined TRACON& Tower with Radar,25,22,24,0,71,0,0,51,1,52,25,22,75,1,123,100,0,100,223
02/03/2020,ILM,NC,ASO,EN,Combined TRACON& Tower with Radar,25,30,51,18,124,0,0,60,0,60,25,30,111,18,184,60,0,60,244
02/04/2020,ILM,NC,ASO,EN,Combined TRACON& Tower with Radar,23,37,37,80,177,0,0,45,7,52,23,37,82,87,229,38,64,102,331
02/05/2020,ILM,NC,ASO,EN,Combined TRACON& Tower with Radar,26,28,38,43,135,0,2,41,4,47,26,30,79,47,182,69,46,115,297
02/06/2020,ILM,NC,ASO,EN,Combined TRACON& Tower with Radar,21,25,19,10,75,0,0,0,0,0,21,25,19,10,75,0,32,32,107
02/07/2020,ILM,NC,ASO,EN,Combined TRACON& Tower with Radar,21,38,18,31,108,0,1,0,1,2,21,39,18,32,110,0,0,0,110
02/08/2020,ILM,NC,ASO,EN,Combined TRACON& Tower with Radar,24,25,36,7,92,0,0,63,3,66,24,25,99,10,158,52,16,68,226
02/09/2020,ILM,NC,ASO,EN,Combined TRACON& Tower with Radar,28,21,53,3,105,0,0,66,0,66,28,21,119,3,171,28,0,28,199
02/10/2020,ILM,NC,ASO,EN,Combined TRACON& Tower with Radar,23,32,44,54,153,0,0,60,7,67,23,32,104,61,220,48,50,98,318
02/11/2020,ILM,NC,ASO,EN,Combined TRACON& Tower with Radar,23,28,30,28,109,0,1,9,8,18,23,29,39,36,127,0,40,40,167
02/12/2020,ILM,NC,ASO,EN,Combined TRACON& Tower with Radar,26,39,38,65,168,0,0,1,3,4,26,39,39,68,172,8,0,8,180
02/13/2020,ILM,NC,ASO,EN,Combined TRACON& Tower with Radar,26,35,50,25,136,0,0,0,1,1,26,35,50,26,137,0,6,6,143
02/14/2020,ILM,NC,ASO,EN,Combined TRACON& Tower with Radar,26,52,52,18,148,0,0,63,3,66,26,52,115,21,214,22,0,22,236
02/15/2020,ILM,NC,ASO,EN,Combined TRACON& Tower with Radar,23,24,48,0,95,0,2,88,2,92,23,26,136,2,187,72,0,72,259
02/16/2020,ILM,NC,ASO,EN,Combined TRACON& Tower with Radar,23,27,48,1,99,0,0,30,0,30,23,27,78,1,129,43,0,43,172
02/17/2020,ILM,NC,ASO,EN,Combined TRACON& Tower with Radar,26,34,43,0,103,0,1,35,0,36,26,35,78,0,139,54,0,54,193
02/18/2020,ILM,NC,ASO,EN,Combined TRACON& Tower with Radar,24,47,45,6,122,0,2,13,0,15,24,49,58,6,137,96,0,96,233
02/19/2020,ILM,NC,ASO,EN,Combined TRACON& Tower with Radar,25,39,21,6,91,0,0,6,0,6,25,39,27,6,97,14,0,14,111
02/20/2020,ILM,NC,ASO,EN,Combined TRACON& Tower with Radar,23,34,26,0,83,0,0,1,0,1,23,34,27,0,84,0,0,0,84
02/21/2020,ILM,NC,ASO,EN,Combined TRACON& Tower with Radar,28,34,26,19,107,0,0,14,2,16,28,34,40,21,123,4,0,4,127
02/22/2020,ILM,NC,ASO,EN,Combined TRACON& Tower with Radar,23,26,51,6,106,0,4,59,1,64,23,30,110,7,170,50,8,58,228
02/23/2020,ILM,NC,ASO,EN,Combined TRACON& Tower with Radar,26,27,37,0,90,0,2,77,0,79,26,29,114,0,169,94,0,94,263
02/24/2020,ILM,NC,ASO,EN,Combined TRACON& Tower with Radar,26,31,31,33,121,0,0,9,0,9,26,31,40,33,130,0,0,0,130
02/25/2020,ILM,NC,ASO,EN,Combined TRACON& Tower with Radar,27,35,38,15,115,0,0,8,3,11,27,35,46,18,126,6,14,20,146
02/26/2020,ILM,NC,ASO,EN,Combined TRACON& Tower with Radar,25,33,43,35,136,0,0,1,1,2,25,33,44,36,138,0,0,0,138
02/27/2020,ILM,NC,ASO,EN,Combined TRACON& Tower with Radar,25,57,52,37,171,0,0,38,5,43,25,57,90,42,214,18,20,38,252
02/28/2020,ILM,NC,ASO,EN,Combined TRACON& Tower with Radar,26,33,62,28,149,2,3,56,5,66,28,36,118,33,215,74,16,90,305
02/29/2020,ILM,NC,ASO,EN,Combined TRACON& Tower with Radar,27,22,31,2,82,0,0,33,3,36,27,22,64,5,118,8,1,9,127
03/01/2020,ILM,NC,ASO,EN,Combined TRACON& Tower with Radar,24,27,45,9,105,0,0,95,3,98,24,27,140,12,203,57,14,71,274
03/02/2020,ILM,NC,ASO,EN,Combined TRACON& Tower with Radar,25,35,43,41,144,0,0,28,11,39,25,35,71,52,183,16,0,16,199
03/03/2020,ILM,NC,ASO,EN,Combined TRACON& Tower with Radar,25,34,28,12,99,0,0,4,0,4,25,34,32,12,103,14,2,16,119
03/04/2020,ILM,NC,ASO,EN,Combined TRACON& Tower with Radar,27,33,38,24,122,0,1,24,2,27,27,34,62,26,149,38,28,66,215
03/05/2020,ILM,NC,ASO,EN,Combined TRACON& Tower with Radar,26,26,37,4,93,0,0,1,0,1,26,26,38,4,94,0,0,0,94
03/06/2020,ILM,NC,ASO,EN,Combined TRACON& Tower with Radar,25,35,50,41,151,0,0,16,11,27,25,35,66,52,178,0,50,50,228
03/07/2020,ILM,NC,ASO,EN,Combined TRACON& Tower with Radar,21,27,31,6,85,0,2,35,3,40,21,29,66,9,125,24,0,24,149
03/08/2020,ILM,NC,ASO,EN,Combined TRACON& Tower with Radar,24,25,51,0,100,0,3,75,0,78,24,28,126,0,178,48,0,48,226
03/09/2020,ILM,NC,ASO,EN,Combined TRACON& Tower with Radar,26,33,40,20,119,0,0,51,6,57,26,33,91,26,176,66,8,74,250
03/10/2020,ILM,NC,ASO,EN,Combined TRACON& Tower with Radar,25,33,30,34,122,0,2,33,14,49,25,35,63,48,171,20,20,40,211
03/11/2020,ILM,NC,ASO,EN,Combined TRACON& Tower with Radar,24,32,28,28,112,0,0,33,10,43,24,32,61,38,155,66,42,108,263
03/12/2020,ILM,NC,ASO,EN,Combined TRACON& Tower with Radar,26,33,46,36,141,0,2,49,7,58,26,35,95,43,199,40,48,88,287
03/13/2020,ILM,NC,ASO,EN,Combined TRACON& Tower with Radar,25,40,41,38,144,1,1,38,9,49,26,41,79,47,193,12,11,23,216
03/14/2020,ILM,NC,ASO,EN,Combined TRACON& Tower with Radar,21,35,31,3,90,1,0,59,0,60,22,35,90,3,150,30,0,30,180
03/15/2020,ILM,NC,ASO,EN,Combined TRACON& Tower with Radar,23,45,32,2,102,0,0,0,0,0,23,45,32,2,102,0,0,0,102
03/16/2020,ILM,NC,ASO,EN,Combined TRACON& Tower with Radar,26,36,36,31,129,0,0,18,6,24,26,36,54,37,153,34,28,62,215
03/17/2020,ILM,NC,ASO,EN,Combined TRACON& Tower with Radar,24,33,24,28,109,0,0,1,0,1,24,33,25,28,110,0,0,0,110
03/18/2020,ILM,NC,ASO,EN,Combined TRACON& Tower with Radar,24,40,36,50,150,0,0,43,3,46,24,40,79,53,196,62,40,102,298
03/19/2020,ILM,NC,ASO,EN,Combined TRACON& Tower with Radar,24,34,24,23,105,0,0,29,1,30,24,34,53,24,135,42,0,42,177
03/20/2020,ILM,NC,ASO,EN,Combined TRACON& Tower with Radar,26,33,26,36,121,0,2,18,6,26,26,35,44,42,147,22,22,44,191
03/21/2020,ILM,NC,ASO,EN,Combined TRACON& Tower with Radar,22,23,17,23,85,0,0,40,6,46,22,23,57,29,131,54,21,75,206
03/22/2020,ILM,NC,ASO,EN,Combined TRACON& Tower with Radar,18,21,23,6,68,0,0,17,1,18,18,21,40,7,86,42,0,42,128
03/23/2020,ILM,NC,ASO,EN,Combined TRACON& Tower with Radar,14,21,12,4,51,0,0,12,0,12,14,21,24,4,63,40,0,40,103
03/24/2020,ILM,NC,ASO,EN,Combined TRACON& Tower with Radar,12,22,18,5,57,0,0,0,2,2,12,22,18,7,59,0,0,0,59
03/25/2020,ILM,NC,ASO,EN,Combined TRACON& Tower with Radar,11,15,28,20,74,0,0,17,1,18,11,15,45,21,92,44,8,52,144
03/26/2020,ILM,NC,ASO,EN,Combined TRACON& Tower with Radar,14,16,26,23,79,0,1,79,3,83,14,17,105,26,162,64,24,88,250
03/27/2020,ILM,NC,ASO,EN,Combined TRACON& Tower with Radar,12,20,32,30,94,0,1,38,8,47,12,21,70,38,141,34,6,40,181
03/28/2020,ILM,NC,ASO,EN,Combined TRACON& Tower with Radar,8,17,11,0,36,0,0,47,5,52,8,17,58,5,88,64,8,72,160
03/29/2020,ILM,NC,ASO,EN,Combined TRACON& Tower with Radar,8,15,9,8,40,0,0,36,2,38,8,15,45,10,78,16,2,18,96
03/30/2020,ILM,NC,ASO,EN,Combined TRACON& Tower with Radar,10,21,14,4,49,0,0,38,2,40,10,21,52,6,89,40,0,40,129
03/31/2020,ILM,NC,ASO,EN,Combined TRACON& Tower with Radar,9,25,9,8,51,0,0,10,0,10,9,25,19,8,61,18,0,18,79
04/01/2020,ILM,NC,ASO,EN,Combined TRACON& Tower with Radar,13,22,10,4,49,0,2,2,4,8,13,24,12,8,57,0,10,10,67
04/02/2020,ILM,NC,ASO,EN,Combined TRACON& Tower with Radar,12,17,25,13,67,0,2,51,3,56,12,19,76,16,123,34,0,34,157
04/03/2020,ILM,NC,ASO,EN,Combined TRACON& Tower with Radar,14,21,12,12,59,0,1,25,6,32,14,22,37,18,91,22,8,30,121
04/04/2020,ILM,NC,ASO,EN,Combined TRACON& Tower with Radar,9,14,15,0,38,0,0,56,0,56,9,14,71,0,94,27,0,27,121
04/05/2020,ILM,NC,ASO,EN,Combined TRACON& Tower with Radar,9,14,23,0,46,0,0,61,4,65,9,14,84,4,111,52,0,52,163
04/06/2020,ILM,NC,ASO,EN,Combined TRACON& Tower with Radar,10,17,14,0,41,0,1,19,2,22,10,18,33,2,63,18,0,18,81
04/07/2020,ILM,NC,ASO,EN,Combined TRACON& Tower with Radar,1,17,15,8,41,0,1,31,4,36,1,18,46,12,77,24,0,24,101
04/08/2020,ILM,NC,ASO,EN,Combined TRACON& Tower with Radar,6,16,10,7,39,0,1,33,3,37,6,17,43,10,76,28,10,38,114
04/09/2020,ILM,NC,ASO,EN,Combined TRACON& Tower with Radar,8,15,6,3,32,0,1,14,2,17,8,16,20,5,49,6,4,10,59
04/10/2020,ILM,NC,ASO,EN,Combined TRACON& Tower with Radar,8,15,17,5,45,0,1,20,2,23,8,16,37,7,68,12,6,18,86
04/11/2020,ILM,NC,ASO,EN,Combined TRACON& Tower with Radar,7,15,20,0,42,0,0,56,2,58,7,15,76,2,100,30,0,30,130
04/12/2020,ILM,NC,ASO,EN,Combined TRACON& Tower with Radar,10,9,2,0,21,0,0,9,3,12,10,9,11,3,33,0,0,0,33
04/13/2020,ILM,NC,ASO,EN,Combined TRACON& Tower with Radar,5,14,2,3,24,0,1,0,7,8,5,15,2,10,32,0,18,18,50
04/14/2020,ILM,NC,ASO,EN,Combined TRACON& Tower with Radar,4,17,16,10,47,0,0,28,3,31,4,17,44,13,78,80,2,82,160
04/15/2020,ILM,NC,ASO,EN,Combined TRACON& Tower with Radar,5,20,12,5,42,0,1,13,2,16,5,21,25,7,58,12,0,12,70
04/16/2020,ILM,NC,ASO,EN,Combined TRACON& Tower with Radar,3,12,10,11,36,0,1,48,2,51,3,13,58,13,87,108,12,120,207
04/17/2020,ILM,NC,ASO,EN,Combined TRACON& Tower with Radar,3,13,29,57,102,0,0,60,5,65,3,13,89,62,167,66,46,112,279
04/18/2020,ILM,NC,ASO,EN,Combined TRACON& Tower with Radar,3,10,15,5,33,0,1,10,1,12,3,11,25,6,45,8,0,8,53
04/19/2020,ILM,NC,ASO,EN,Combined TRACON& Tower with Radar,5,6,10,0,21,0,0,25,0,25,5,6,35,0,46,52,0,52,98
04/20/2020,ILM,NC,ASO,EN,Combined TRACON& Tower with Radar,5,18,10,6,39,0,0,0,0,0,5,18,10,6,39,0,0,0,39
04/21/2020,ILM,NC,ASO,EN,Combined TRACON& Tower with Radar,3,17,26,22,68,0,1,24,7,32,3,18,50,29,100,52,12,64,164
04/22/2020,ILM,NC,ASO,EN,Combined TRACON& Tower with Radar,4,14,20,12,50,0,0,68,3,71,4,14,88,15,121,44,8,52,173
04/23/2020,ILM,NC,ASO,EN,Combined TRACON& Tower with Radar,4,15,1,0,20,0,0,10,0,10,4,15,11,0,30,12,0,12,42
04/24/2020,ILM,NC,ASO,EN,Combined TRACON& Tower with Radar,3,12,30,29,74,0,1,16,14,31,3,13,46,43,105,36,54,90,195
04/25/2020,ILM,NC,ASO,EN,Combined TRACON& Tower with Radar,5,13,15,12,45,0,1,4,0,5,5,14,19,12,50,0,10,10,60
04/26/2020,ILM,NC,ASO,EN,Combined TRACON& Tower with Radar,4,14,6,0,24,0,0,24,5,29,4,14,30,5,53,32,2,34,87
04/27/2020,ILM,NC,ASO,EN,Combined TRACON& Tower with Radar,6,22,15,11,54,0,1,34,1,36,6,23,49,12,90,56,0,56,146
04/28/2020,ILM,NC,ASO,EN,Combined TRACON& Tower with Radar,4,21,27,28,80,0,0,83,11,94,4,21,110,39,174,4,20,24,198
04/29/2020,ILM,NC,ASO,EN,Combined TRACON& Tower with Radar,2,15,22,27,66,0,2,22,9,33,2,17,44,36,99,20,22,42,141
04/30/2020,ILM,NC,ASO,EN,Combined TRACON& Tower with Radar,8,16,12,7,43,0,0,6,3,9,8,16,18,10,52,22,18,40,92
05/01/2020,ILM,NC,ASO,EN,Combined TRACON& Tower with Radar,11,22,36,36,105,1,0,30,10,41,12,22,66,46,146,0,0,0,146
05/02/2020,ILM,NC,ASO,EN,Combined TRACON& Tower with Radar,7,15,31,8,61,0,0,99,2,101,7,15,130,10,162,50,0,50,212
05/03/2020,ILM,NC,ASO,EN,Combined TRACON& Tower with Radar,9,11,21,0,41,0,0,64,0,64,9,11,85,0,105,40,0,40,145
05/04/2020,ILM,NC,ASO,EN,Combined TRACON& Tower with Radar,11,12,21,12,56,0,2,50,5,57,11,14,71,17,113,33,33,66,179
05/05/2020,ILM,NC,ASO,EN,Combined TRACON& Tower with Radar,9,15,15,20,59,0,0,21,6,27,9,15,36,26,86,30,0,30,116
05/06/2020,ILM,NC,ASO,EN,Combined TRACON& Tower with Radar,11,13,17,31,72,0,2,36,8,46,11,15,53,39,118,37,22,59,177
05/07/2020,ILM,NC,ASO,EN,Combined TRACON& Tower with Radar,6,22,27,32,87,0,1,41,3,45,6,23,68,35,132,28,0,28,160
05/08/2020,ILM,NC,ASO,EN,Combined TRACON& Tower with Radar,8,23,19,32,82,0,1,12,4,17,8,24,31,36,99,14,0,14,113
05/09/2020,ILM,NC,ASO,EN,Combined TRACON& Tower with Radar,8,10,22,4,44,0,0,43,4,47,8,10,65,8,91,63,0,63,154
05/10/2020,ILM,NC,ASO,EN,Combined TRACON& Tower with Radar,8,21,11,0,40,0,0,63,0,63,8,21,74,0,103,55,0,55,158
05/11/2020,ILM,NC,ASO,EN,Combined TRACON& Tower with Radar,10,18,21,13,62,0,1,39,4,44,10,19,60,17,106,16,8,24,130
05/12/2020,ILM,NC,ASO,EN,Combined TRACON& Tower with Radar,8,14,24,29,75,0,2,90,5,97,8,16,114,34,172,44,14,58,230
05/13/2020,ILM,NC,ASO,EN,Combined TRACON& Tower with Radar,8,26,29,18,81,0,3,55,6,64,8,29,84,24,145,86,4,90,235
05/14/2020,ILM,NC,ASO,EN,Combined TRACON& Tower with Radar,8,25,44,29,106,0,1,46,3,50,8,26,90,32,156,48,26,74,230
05/15/2020,ILM,NC,ASO,EN,Combined TRACON& Tower with Radar,8,25,24,9,66,0,2,60,4,66,8,27,84,13,132,59,12,71,203
05/16/2020,ILM,NC,ASO,EN,Combined TRACON& Tower with Radar,8,13,30,5,56,0,0,70,5,75,8,13,100,10,131,40,0,40,171
05/17/2020,ILM,NC,ASO,EN,Combined TRACON& Tower with Radar,8,15,28,0,51,0,0,8,1,9,8,15,36,1,60,0,0,0,60
05/18/2020,ILM,NC,ASO,EN,Combined TRACON& Tower with Radar,8,15,12,26,61,0,0,3,0,3,8,15,15,26,64,64,8,72,136
05/19/2020,ILM,NC,ASO,EN,Combined TRACON& Tower with Radar,8,19,21,14,62,0,0,1,0,1,8,19,22,14,63,0,0,0,63
05/20/2020,ILM,NC,ASO,EN,Combined TRACON& Tower with Radar,8,29,30,0,67,0,0,1,0,1,8,29,31,0,68,0,0,0,68
05/21/2020,ILM,NC,ASO,EN,Combined TRACON& Tower with Radar,8,30,24,0,62,0,0,1,0,1,8,30,25,0,63,0,0,0,63
05/22/2020,ILM,NC,ASO,EN,Combined TRACON& Tower with Radar,8,29,37,12,86,0,0,28,3,31,8,29,65,15,117,0,0,0,117
05/23/2020,ILM,NC,ASO,EN,Combined TRACON& Tower with Radar,8,8,33,0,49,0,0,78,0,78,8,8,111,0,127,62,0,62,189
05/24/2020,ILM,NC,ASO,EN,Combined TRACON& Tower with Radar,8,11,25,8,52,0,1,58,0,59,8,12,83,8,111,38,0,38,149
05/25/2020,ILM,NC,ASO,EN,Combined TRACON& Tower with Radar,8,21,47,8,84,0,0,37,0,37,8,21,84,8,121,42,0,42,163
05/26/2020,ILM,NC,ASO,EN,Combined TRACON& Tower with Radar,8,22,45,15,90,0,0,3,1,4,8,22,48,16,94,4,0,4,98
05/27/2020,ILM,NC,ASO,EN,Combined TRACON& Tower with Radar,8,20,11,0,39,0,3,0,1,4,8,23,11,1,43,4,0,4,47
05/28/2020,ILM,NC,ASO,EN,Combined TRACON& Tower with Radar,8,19,29,9,65,0,1,7,2,10,8,20,36,11,75,0,0,0,75
05/29/2020,ILM,NC,ASO,EN,Combined TRACON& Tower with Radar,10,20,17,22,69,0,1,5,12,18,10,21,22,34,87,14,22,36,123
05/30/2020,ILM,NC,ASO,EN,Combined TRACON& Tower with Radar,8,10,20,3,41,0,0,10,8,18,8,10,30,11,59,12,2,14,73
05/31/2020,ILM,NC,ASO,EN,Combined TRACON& Tower with Radar,8,22,56,20,106,0,0,64,6,70,8,22,120,26,176,44,18,62,238
06/01/2020,ILM,NC,ASO,EN,Combined TRACON& Tower with Radar,7,25,30,36,98,0,2,57,1,60,7,27,87,37,158,50,46,96,254
06/02/2020,ILM,NC,ASO,EN,Combined TRACON& Tower with Radar,6,21,43,20,90,0,1,61,9,71,6,22,104,29,161,85,32,117,278
06/03/2020,ILM,NC,ASO,EN,Combined TRACON& Tower with Radar,6,29,41,60,136,0,6,43,4,53,6,35,84,64,189,40,16,56,245
06/04/2020,ILM,NC,ASO,EN,Combined TRACON& Tower with Radar,6,34,32,73,145,0,3,68,8,79,6,37,100,81,224,48,24,72,296
06/05/2020,ILM,NC,ASO,EN,Combined TRACON& Tower with Radar,6,32,35,30,103,0,1,20,4,25,6,33,55,34,128,40,12,52,180
06/06/2020,ILM,NC,ASO,EN,Combined TRACON& Tower with Radar,6,21,29,2,58,0,0,38,4,42,6,21,67,6,100,126,2,128,228
06/07/2020,ILM,NC,ASO,EN,Combined TRACON& Tower with Radar,6,21,32,0,59,0,1,36,0,37,6,22,68,0,96,28,0,28,124
06/08/2020,ILM,NC,ASO,EN,Combined TRACON& Tower with Radar,6,28,35,31,100,0,0,30,5,35,6,28,65,36,135,86,28,114,249
06/09/2020,ILM,NC,ASO,EN,Combined TRACON& Tower with Radar,6,26,42,17,91,0,1,30,5,36,6,27,72,22,127,62,12,74,201
06/10/2020,ILM,NC,ASO,EN,Combined TRACON& Tower with Radar,6,26,43,10,85,0,0,20,0,20,6,26,63,10,105,60,0,60,165
06/11/2020,ILM,NC,ASO,EN,Combined TRACON& Tower with Radar,6,31,44,6,87,0,0,10,0,10,6,31,54,6,97,28,6,34,131
06/12/2020,ILM,NC,ASO,EN,Combined TRACON& Tower with Radar,6,24,27,6,63,0,0,2,0,2,6,24,29,6,65,0,0,0,65
06/13/2020,ILM,NC,ASO,EN,Combined TRACON& Tower with Radar,6,17,26,4,53,0,0,10,0,10,6,17,36,4,63,0,6,6,69
06/14/2020,ILM,NC,ASO,EN,Combined TRACON& Tower with Radar,6,22,43,6,77,0,0,6,4,10,6,22,49,10,87,28,20,48,135
06/15/2020,ILM,NC,ASO,EN,Combined TRACON& Tower with Radar,6,26,23,0,55,0,0,0,0,0,6,26,23,0,55,0,0,0,55
06/16/2020,ILM,NC,ASO,EN,Combined TRACON& Tower with Radar,6,21,26,4,57,0,0,1,0,1,6,21,27,4,58,0,0,0,58
06/17/2020,ILM,NC,ASO,EN,Combined TRACON& Tower with Radar,6,26,35,33,100,0,0,23,2,25,6,26,58,35,125,50,0,50,175
06/18/2020,ILM,NC,ASO,EN,Combined TRACON& Tower with Radar,6,31,30,34,101,0,1,72,4,77,6,32,102,38,178,48,40,88,266
06/19/2020,ILM,NC,ASO,EN,Combined TRACON& Tower with Radar,6,28,41,22,97,0,0,27,11,38,6,28,68,33,135,22,10,32,167
06/20/2020,ILM,NC,ASO,EN,Combined TRACON& Tower with Radar,6,24,31,12,73,0,2,44,3,49,6,26,75,15,122,50,2,52,174
06/21/2020,ILM,NC,ASO,EN,Combined TRACON& Tower with Radar,6,27,38,2,73,0,1,61,1,63,6,28,99,3,136,30,0,30,166
06/22/2020,ILM,NC,ASO,EN,Combined TRACON& Tower with Radar,6,25,31,20,82,0,1,51,2,54,6,26,82,22,136,54,14,68,204
06/23/2020,ILM,NC,ASO,EN,Combined TRACON& Tower with Radar,6,20,43,52,121,0,0,35,9,44,6,20,78,61,165,44,34,78,243
06/24/2020,ILM,NC,ASO,EN,Combined TRACON& Tower with Radar,6,33,49,20,108,0,0,28,5,33,6,33,77,25,141,32,6,38,179
06/25/2020,ILM,NC,ASO,EN,Combined TRACON& Tower with Radar,6,20,53,8,87,0,1,14,5,20,6,21,67,13,107,6,14,20,127
06/26/2020,ILM,NC,ASO,EN,Combined TRACON& Tower with Radar,6,29,59,39,133,0,1,88,13,102,6,30,147,52,235,56,56,112,347
06/27/2020,ILM,NC,ASO,EN,Combined TRACON& Tower with Radar,8,23,40,4,75,0,0,59,5,64,8,23,99,9,139,76,0,76,215
06/28/2020,ILM,NC,ASO,EN,Combined TRACON& Tower with Radar,8,17,36,11,72,0,0,56,0,56,8,17,92,11,128,34,4,38,166
06/29/2020,ILM,NC,ASO,EN,Combined TRACON& Tower with Radar,6,22,37,12,77,0,1,65,6,72,6,23,102,18,149,84,0,84,233
06/30/2020,ILM,NC,ASO,EN,Combined TRACON& Tower with Radar,8,22,15,6,51,0,0,31,4,35,8,22,46,10,86,40,6,46,132
07/01/2020,ILM,NC,ASO,EN,Combined TRACON& Tower with Radar,8,30,48,18,104,0,1,26,2,29,8,31,74,20,133,46,0,46,179
07/02/2020,ILM,NC,ASO,EN,Combined TRACON& Tower with Radar,13,21,45,16,95,0,3,29,2,34,13,24,74,18,129,38,12,50,179
07/03/2020,ILM,NC,ASO,EN,Combined TRACON& Tower with Radar,12,26,37,1,76,0,2,53,5,60,12,28,90,6,136,74,0,74,210
07/04/2020,ILM,NC,ASO,EN,Combined TRACON& Tower with Radar,10,12,15,8,45,0,2,31,0,33,10,14,46,8,78,14,0,14,92
07/05/2020,ILM,NC,ASO,EN,Combined TRACON& Tower with Radar,13,29,32,0,74,0,2,33,2,37,13,31,65,2,111,26,0,26,137
07/06/2020,ILM,NC,ASO,EN,Combined TRACON& Tower with Radar,10,28,36,13,87,0,2,35,1,38,10,30,71,14,125,68,0,68,193
07/07/2020,ILM,NC,ASO,EN,Combined TRACON& Tower with Radar,16,20,17,0,53,0,1,0,0,1,16,21,17,0,54,0,0,0,54
07/08/2020,ILM,NC,ASO,EN,Combined TRACON& Tower with Radar,16,35,44,16,111,0,0,6,0,6,16,35,50,16,117,14,0,14,131
07/09/2020,ILM,NC,ASO,EN,Combined TRACON& Tower with Radar,20,28,38,15,101,0,2,6,3,11,20,30,44,18,112,10,0,10,122
07/10/2020,ILM,NC,ASO,EN,Combined TRACON& Tower with Radar,20,30,60,16,126,0,1,51,5,57,20,31,111,21,183,70,14,84,267
07/11/2020,ILM,NC,ASO,EN,Combined TRACON& Tower with Radar,22,21,49,4,96,0,0,56,1,57,22,21,105,5,153,50,10,60,213
07/12/2020,ILM,NC,ASO,EN,Combined TRACON& Tower with Radar,20,27,35,5,87,0,1,49,2,52,20,28,84,7,139,18,0,18,157
07/13/2020,ILM,NC,ASO,EN,Combined TRACON& Tower with Radar,20,30,42,9,101,0,2,18,0,20,20,32,60,9,121,60,0,60,181
07/14/2020,ILM,NC,ASO,EN,Combined TRACON& Tower with Radar,16,24,43,44,127,0,1,74,13,88,16,25,117,57,215,56,58,114,329
07/15/2020,ILM,NC,ASO,EN,Combined TRACON& Tower with Radar,16,40,34,35,125,0,1,52,2,55,16,41,86,37,180,44,0,44,224
07/16/2020,ILM,NC,ASO,EN,Combined TRACON& Tower with Radar,20,31,45,18,114,0,0,72,2,74,20,31,117,20,188,50,16,66,254
07/17/2020,ILM,NC,ASO,EN,Combined TRACON& Tower with Radar,21,31,48,52,152,0,1,55,12,68,21,32,103,64,220,14,7,21,241
07/18/2020,ILM,NC,ASO,EN,Combined TRACON& Tower with Radar,22,25,33,5,85,0,1,81,5,87,22,26,114,10,172,38,0,38,210
07/19/2020,ILM,NC,ASO,EN,Combined TRACON& Tower with Radar,20,25,41,7,93,0,0,45,4,49,20,25,86,11,142,22,0,22,164
07/20/2020,ILM,NC,ASO,EN,Combined TRACON& Tower with Radar,20,26,32,56,134,0,2,23,3,28,20,28,55,59,162,36,44,80,242
07/21/2020,ILM,NC,ASO,EN,Combined TRACON& Tower with Radar,18,21,45,29,113,0,1,60,12,73,18,22,105,41,186,64,28,92,278
07/22/2020,ILM,NC,ASO,EN,Combined TRACON& Tower with Radar,16,29,34,80,159,0,0,70,14,84,16,29,104,94,243,62,46,108,351
07/23/2020,ILM,NC,ASO,EN,Combined TRACON& Tower with Radar,21,31,54,40,146,0,2,70,8,80,21,33,124,48,226,63,18,81,307
07/24/2020,ILM,NC,ASO,EN,Combined TRACON& Tower with Radar,21,32,39,7,99,0,2,32,3,37,21,34,71,10,136,42,4,46,182
07/25/2020,ILM,NC,ASO,EN,Combined TRACON& Tower with Radar,22,26,34,4,86,0,2,71,7,80,22,28,105,11,166,74,0,74,240
07/26/2020,ILM,NC,ASO,EN,Combined TRACON& Tower with Radar,20,33,47,3,103,0,0,85,2,87,20,33,132,5,190,48,0,48,238
07/27/2020,ILM,NC,ASO,EN,Combined TRACON& Tower with Radar,22,30,27,24,103,0,0,37,3,40,22,30,64,27,143,48,0,48,191
07/28/2020,ILM,NC,ASO,EN,Combined TRACON& Tower with Radar,14,22,37,48,121,0,1,38,5,44,14,23,75,53,165,44,31,75,240
07/29/2020,ILM,NC,ASO,EN,Combined TRACON& Tower with Radar,18,33,23,6,80,0,0,34,4,38,18,33,57,10,118,4,12,16,134
07/30/2020,ILM,NC,ASO,EN,Combined TRACON& Tower with Radar,18,33,45,11,107,0,3,12,8,23,18,36,57,19,130,36,0,36,166
07/31/2020,ILM,NC,ASO,EN,Combined TRACON& Tower with Radar,18,33,42,36,129,0,0,38,14,52,18,33,80,50,181,10,34,44,225
08/01/2020,ILM,NC,ASO,EN,Combined TRACON& Tower with Radar,24,17,35,0,76,0,2,28,2,32,24,19,63,2,108,22,0,22,130
08/02/2020,ILM,NC,ASO,EN,Combined TRACON& Tower with Radar,26,22,36,1,85,0,1,49,0,50,26,23,85,1,135,26,0,26,161
08/03/2020,ILM,NC,ASO,EN,Combined TRACON& Tower with Radar,18,18,17,0,53,0,0,2,0,2,18,18,19,0,55,0,0,0,55
08/04/2020,ILM,NC,ASO,EN,Combined TRACON& Tower with Radar,16,20,11,0,47,0,2,14,0,16,16,22,25,0,63,0,0,0,63
08/05/2020,ILM,NC,ASO,EN,Combined TRACON& Tower with Radar,21,18,32,20,91,0,3,4,6,13,21,21,36,26,104,0,0,0,104
08/06/2020,ILM,NC,ASO,EN,Combined TRACON& Tower with Radar,26,27,37,4,94,0,2,20,1,23,26,29,57,5,117,12,0,12,129
08/07/2020,ILM,NC,ASO,EN,Combined TRACON& Tower with Radar,26,24,31,8,89,0,0,29,8,37,26,24,60,16,126,58,0,58,184
08/08/2020,ILM,NC,ASO,EN,Combined TRACON& Tower with Radar,26,16,30,2,74,0,1,41,11,53,26,17,71,13,127,58,0,58,185
08/09/2020,ILM,NC,ASO,EN,Combined TRACON& Tower with Radar,26,19,41,7,93,0,1,21,3,25,26,20,62,10,118,2,0,2,120
08/10/2020,ILM,NC,ASO,EN,Combined TRACON& Tower with Radar,26,24,33,3,86,0,4,38,3,45,26,28,71,6,131,44,5,49,180
08/11/2020,ILM,NC,ASO,EN,Combined TRACON& Tower with Radar,20,27,27,28,102,0,2,19,3,24,20,29,46,31,126,22,6,28,154
08/12/2020,ILM,NC,ASO,EN,Combined TRACON& Tower with Radar,19,20,33,31,103,0,0,33,7,40,19,20,66,38,143,46,60,106,249
08/13/2020,ILM,NC,ASO,EN,Combined TRACON& Tower with Radar,25,28,35,0,88,0,0,7,0,7,25,28,42,0,95,16,0,16,111
08/14/2020,ILM,NC,ASO,EN,Combined TRACON& Tower with Radar,28,25,36,22,111,0,0,20,3,23,28,25,56,25,134,48,14,62,196
08/15/2020,ILM,NC,ASO,EN,Combined TRACON& Tower with Radar,28,20,30,3,81,0,0,15,9,24,28,20,45,12,105,26,0,26,131
08/16/2020,ILM,NC,ASO,EN,Combined TRACON& Tower with Radar,25,24,50,11,110,0,0,16,6,22,25,24,66,17,132,24,0,24,156
08/17/2020,ILM,NC,ASO,EN,Combined TRACON& Tower with Radar,30,21,41,26,118,0,1,39,0,40,30,22,80,26,158,54,23,77,235
08/18/2020,ILM,NC,ASO,EN,Combined TRACON& Tower with Radar,19,19,45,55,138,0,0,58,2,60,19,19,103,57,198,100,18,118,316
08/19/2020,ILM,NC,ASO,EN,Combined TRACON& Tower with Radar,20,20,34,48,122,0,1,28,9,38,20,21,62,57,160,76,0,76,236
08/20/2020,ILM,NC,ASO,EN,Combined TRACON& Tower with Radar,25,22,23,10,80,0,0,29,0,29,25,22,52,10,109,10,12,22,131
08/21/2020,ILM,NC,ASO,EN,Combined TRACON& Tower with Radar,26,17,47,11,101,0,1,25,4,30,26,18,72,15,131,52,12,64,195
08/22/2020,ILM,NC,ASO,EN,Combined TRACON& Tower with Radar,26,14,34,15,89,0,0,65,7,72,26,14,99,22,161,84,2,86,247
08/23/2020,ILM,NC,ASO,EN,Combined TRACON& Tower with Radar,26,22,31,2,81,0,1,28,6,35,26,23,59,8,116,22,0,22,138
08/24/2020,ILM,NC,ASO,EN,Combined TRACON& Tower with Radar,28,21,28,6,83,0,0,10,0,10,28,21,38,6,93,14,22,36,129
08/25/2020,ILM,NC,ASO,EN,Combined TRACON& Tower with Radar,20,21,40,94,175,0,0,42,12,54,20,21,82,106,229,34,62,96,325
08/26/2020,ILM,NC,ASO,EN,Combined TRACON& Tower with Radar,20,20,36,31,107,0,1,58,2,61,20,21,94,33,168,72,10,82,250
08/27/2020,ILM,NC,ASO,EN,Combined TRACON& Tower with Radar,24,22,38,60,144,0,2,68,3,73,24,24,106,63,217,86,42,128,345
08/28/2020,ILM,NC,ASO,EN,Combined TRACON& Tower with Radar,28,22,45,52,147,0,0,45,10,55,28,22,90,62,202,44,30,74,276
08/29/2020,ILM,NC,ASO,EN,Combined TRACON& Tower with Radar,26,16,20,1,63,0,1,24,5,30,26,17,44,6,93,60,0,60,153
08/30/2020,ILM,NC,ASO,EN,Combined TRACON& Tower with Radar,25,11,50,10,96,0,2,50,8,60,25,13,100,18,156,38,0,38,194
08/31/2020,ILM,NC,ASO,EN,Combined TRACON& Tower with Radar,28,14,24,18,84,0,2,14,8,24,28,16,38,26,108,24,22,46,154
09/01/2020,ILM,NC,ASO,EN,Combined TRACON& Tower with Radar,19,21,48,42,130,0,2,35,4,41,19,23,83,46,171,54,16,70,241
09/02/2020,ILM,NC,ASO,EN,Combined TRACON& Tower with Radar,19,19,23,27,88,0,0,17,3,20,19,19,40,30,108,6,20,26,134
09/03/2020,ILM,NC,ASO,EN,Combined TRACON& Tower with Radar,26,18,47,40,131,0,2,49,9,60,26,20,96,49,191,26,22,48,239
09/04/2020,ILM,NC,ASO,EN,Combined TRACON& Tower with Radar,26,20,56,6,108,0,0,54,13,67,26,20,110,19,175,86,12,98,273
09/05/2020,ILM,NC,ASO,EN,Combined TRACON& Tower with Radar,26,14,32,8,80,0,0,57,5,62,26,14,89,13,142,84,0,84,226
09/06/2020,ILM,NC,ASO,EN,Combined TRACON& Tower with Radar,24,12,33,5,74,0,1,60,8,69,24,13,93,13,143,20,0,20,163
09/07/2020,ILM,NC,ASO,EN,Combined TRACON& Tower with Radar,26,22,68,10,126,0,2,69,8,79,26,24,137,18,205,56,0,56,261
09/08/2020,ILM,NC,ASO,EN,Combined TRACON& Tower with Radar,20,21,29,15,85,0,0,5,0,5,20,21,34,15,90,14,0,14,104
09/09/2020,ILM,NC,ASO,EN,Combined TRACON& Tower with Radar,22,17,24,24,87,0,1,23,0,24,22,18,47,24,111,44,0,44,155
09/10/2020,ILM,NC,ASO,EN,Combined TRACON& Tower with Radar,23,26,33,14,96,0,1,13,0,14,23,27,46,14,110,42,0,42,152
09/11/2020,ILM,NC,ASO,EN,Combined TRACON& Tower with Radar,24,26,34,0,84,0,0,13,0,13,24,26,47,0,97,2,0,2,99
09/12/2020,ILM,NC,ASO,EN,Combined TRACON& Tower with Radar,24,12,26,0,62,0,1,5,4,10,24,13,31,4,72,62,0,62,134
09/13/2020,ILM,NC,ASO,EN,Combined TRACON& Tower with Radar,24,13,51,4,92,0,0,24,5,29,24,13,75,9,121,6,0,6,127
09/14/2020,ILM,NC,ASO,EN,Combined TRACON& Tower with Radar,24,16,36,15,91,0,0,41,1,42,24,16,77,16,133,39,0,39,172
09/15/2020,ILM,NC,ASO,EN,Combined TRACON& Tower with Radar,22,28,34,14,98,0,0,41,3,44,22,28,75,17,142,56,8,64,206
09/16/2020,ILM,NC,ASO,EN,Combined TRACON& Tower with Radar,22,18,33,2,75,0,1,7,0,8,22,19,40,2,83,0,0,0,83
09/17/2020,ILM,NC,ASO,EN,Combined TRACON& Tower with Radar,26,21,30,4,81,0,0,0,0,0,26,21,30,4,81,4,0,4,85
09/18/2020,ILM,NC,ASO,EN,Combined TRACON& Tower with Radar,24,22,53,13,112,0,0,4,0,4,24,22,57,13,116,10,0,10,126
09/19/2020,ILM,NC,ASO,EN,Combined TRACON& Tower with Radar,24,7,39,8,78,0,0,26,2,28,24,7,65,10,106,2,0,2,108
09/20/2020,ILM,NC,ASO,EN,Combined TRACON& Tower with Radar,24,15,44,5,88,0,1,32,10,43,24,16,76,15,131,2,6,8,139
09/21/2020,ILM,NC,ASO,EN,Combined TRACON& Tower with Radar,24,17,39,39,119,0,0,22,5,27,24,17,61,44,146,6,38,44,190
09/22/2020,ILM,NC,ASO,EN,Combined TRACON& Tower with Radar,23,15,34,42,114,1,1,62,1,65,24,16,96,43,179,28,16,44,223
09/23/2020,ILM,NC,ASO,EN,Combined TRACON& Tower with Radar,22,27,43,31,123,0,0,57,8,65,22,27,100,39,188,78,28,106,294
09/24/2020,ILM,NC,ASO,EN,Combined TRACON& Tower with Radar,24,36,82,32,174,0,1,47,7,55,24,37,129,39,229,74,0,74,303
09/25/2020,ILM,NC,ASO,EN,Combined TRACON& Tower with Radar,24,23,45,17,109,0,2,18,9,29,24,25,63,26,138,34,12,46,184
09/26/2020,ILM,NC,ASO,EN,Combined TRACON& Tower with Radar,24,10,57,18,109,0,0,36,2,38,24,10,93,20,147,51,0,51,198
09/27/2020,ILM,NC,ASO,EN,Combined TRACON& Tower with Radar,26,21,49,7,103,0,1,34,5,40,26,22,83,12,143,56,4,60,203
09/28/2020,ILM,NC,ASO,EN,Combined TRACON& Tower with Radar,24,32,46,7,109,0,0,34,7,41,24,32,80,14,150,58,2,60,210
09/29/2020,ILM,NC,ASO,EN,Combined TRACON& Tower with Radar,26,25,44,17,112,0,1,6,8,15,26,26,50,25,127,6,4,10,137
09/30/2020,ILM,NC,ASO,EN,Combined TRACON& Tower with Radar,22,17,45,9,93,0,2,62,5,69,22,19,107,14,162,28,0,28,190
10/01/2020,ILM,NC,ASO,EN,Combined TRACON& Tower with Radar,24,20,58,17,119,0,0,66,5,71,24,20,124,22,190,36,36,72,262
10/02/2020,ILM,NC,ASO,EN,Combined TRACON& Tower with Radar,24,29,56,46,155,0,0,59,8,67,24,29,115,54,222,32,34,66,288
10/03/2020,ILM,NC,ASO,EN,Combined TRACON& Tower with Radar,24,8,29,6,67,0,2,65,5,72,24,10,94,11,139,45,8,53,192
10/04/2020,ILM,NC,ASO,EN,Combined TRACON& Tower with Radar,24,18,40,1,83,0,0,10,4,14,24,18,50,5,97,7,0,7,104
10/05/2020,ILM,NC,ASO,EN,Combined TRACON& Tower with Radar,24,19,45,20,108,0,2,42,8,52,24,21,87,28,160,88,46,134,294
10/06/2020,ILM,NC,ASO,EN,Combined TRACON& Tower with Radar,22,17,44,55,138,0,0,64,4,68,22,17,108,59,206,42,24,66,272
10/07/2020,ILM,NC,ASO,EN,Combined TRACON& Tower with Radar,20,16,48,35,119,0,1,66,17,84,20,17,114,52,203,42,38,80,283
10/08/2020,ILM,NC,ASO,EN,Combined TRACON& Tower with Radar,26,24,31,32,113,0,2,69,7,78,26,26,100,39,191,76,26,102,293
10/09/2020,ILM,NC,ASO,EN,Combined TRACON& Tower with Radar,26,21,52,0,99,0,0,39,2,41,26,21,91,2,140,64,0,64,204
10/10/2020,ILM,NC,ASO,EN,Combined TRACON& Tower with Radar,24,9,26,8,67,0,0,35,0,35,24,9,61,8,102,47,0,47,149
10/11/2020,ILM,NC,ASO,EN,Combined TRACON& Tower with Radar,26,13,22,0,61,0,0,0,0,0,26,13,22,0,61,0,0,0,61
10/12/2020,ILM,NC,ASO,EN,Combined TRACON& Tower with Radar,26,20,45,0,91,0,1,24,0,25,26,21,69,0,116,56,0,56,172
10/13/2020,ILM,NC,ASO,EN,Combined TRACON& Tower with Radar,19,24,41,16,100,0,2,26,8,36,19,26,67,24,136,24,0,24,160
10/14/2020,ILM,NC,ASO,EN,Combined TRACON& Tower with Radar,21,16,51,38,126,0,2,52,12,66,21,18,103,50,192,62,50,112,304
10/15/2020,ILM,NC,ASO,EN,Combined TRACON& Tower with Radar,25,24,54,26,129,0,1,47,1,49,25,25,101,27,178,43,0,43,221
10/16/2020,ILM,NC,ASO,EN,Combined TRACON& Tower with Radar,26,23,46,24,119,0,0,26,6,32,26,23,72,30,151,61,18,79,230
10/17/2020,ILM,NC,ASO,EN,Combined TRACON& Tower with Radar,24,21,29,2,76,0,0,61,0,61,24,21,90,2,137,32,0,32,169
10/18/2020,ILM,NC,ASO,EN,Combined TRACON& Tower with Radar,26,18,56,9,109,0,1,58,2,61,26,19,114,11,170,60,10,70,240
10/19/2020,ILM,NC,ASO,EN,Combined TRACON& Tower with Radar,26,17,43,7,93,0,0,49,3,52,26,17,92,10,145,36,20,56,201
10/20/2020,ILM,NC,ASO,EN,Combined TRACON& Tower with Radar,19,20,28,45,112,0,4,38,9,51,19,24,66,54,163,96,22,118,281
10/21/2020,ILM,NC,ASO,EN,Combined TRACON& Tower with Radar,21,18,55,9,103,0,0,44,7,51,21,18,99,16,154,92,18,110,264
10/22/2020,ILM,NC,ASO,EN,Combined TRACON& Tower with Radar,25,21,61,27,134,0,2,57,8,67,25,23,118,35,201,48,20,68,269
10/23/2020,ILM,NC,ASO,EN,Combined TRACON& Tower with Radar,25,25,54,25,129,0,1,60,5,66,25,26,114,30,195,32,36,68,263
10/24/2020,ILM,NC,ASO,EN,Combined TRACON& Tower with Radar,22,15,46,4,87,0,0,63,6,69,22,15,109,10,156,90,10,100,256
10/25/2020,ILM,NC,ASO,EN,Combined TRACON& Tower with Radar,23,20,32,6,81,0,0,3,0,3,23,20,35,6,84,16,0,16,100
10/26/2020,ILM,NC,ASO,EN,Combined TRACON& Tower with Radar,24,22,52,12,110,0,0,13,4,17,24,22,65,16,127,38,20,58,185
10/27/2020,ILM,NC,ASO,EN,Combined TRACON& Tower with Radar,19,27,41,17,104,0,0,41,2,43,19,27,82,19,147,54,42,96,243
10/28/2020,ILM,NC,ASO,EN,Combined TRACON& Tower with Radar,21,21,60,13,115,0,3,49,9,61,21,24,109,22,176,121,38,159,335
10/29/2020,ILM,NC,ASO,EN,Combined TRACON& Tower with Radar,27,26,25,32,110,0,1,2,2,5,27,27,27,34,115,12,18,30,145
10/30/2020,ILM,NC,ASO,EN,Combined TRACON& Tower with Radar,24,24,47,17,112,0,1,29,4,34,24,25,76,21,146,4,28,32,178
10/31/2020,ILM,NC,ASO,EN,Combined TRACON& Tower with Radar,14,8,37,1,60,0,0,75,0,75,14,8,112,1,135,30,0,30,165
11/01/2020,ILM,NC,ASO,EN,Combined TRACON& Tower with Radar,20,22,39,7,88,0,0,6,0,6,20,22,45,7,94,15,4,19,113
11/02/2020,ILM,NC,ASO,EN,Combined TRACON& Tower with Radar,24,25,22,17,88,0,3,12,4,19,24,28,34,21,107,14,26,40,147
11/03/2020,ILM,NC,ASO,EN,Combined TRACON& Tower with Radar,17,18,24,8,67,0,1,49,1,51,17,19,73,9,118,56,0,56,174
11/04/2020,ILM,NC,ASO,EN,Combined TRACON& Tower with Radar,16,17,36,29,98,0,2,58,3,63,16,19,94,32,161,44,12,56,217
11/05/2020,ILM,NC,ASO,EN,Combined TRACON& Tower with Radar,23,30,43,30,126,0,0,61,3,64,23,30,104,33,190,50,10,60,250
11/06/2020,ILM,NC,ASO,EN,Combined TRACON& Tower with Radar,24,33,43,14,114,0,0,18,3,21,24,33,61,17,135,35,0,35,170
11/07/2020,ILM,NC,ASO,EN,Combined TRACON& Tower with Radar,22,21,29,11,83,0,0,65,14,79,22,21,94,25,162,52,2,54,216
11/08/2020,ILM,NC,ASO,EN,Combined TRACON& Tower with Radar,24,22,49,7,102,0,0,43,6,49,24,22,92,13,151,46,0,46,197
11/09/2020,ILM,NC,ASO,EN,Combined TRACON& Tower with Radar,23,18,30,32,103,0,1,13,0,14,23,19,43,32,117,22,0,22,139
11/10/2020,ILM,NC,ASO,EN,Combined TRACON& Tower with Radar,17,18,63,15,113,0,0,22,7,29,17,18,85,22,142,24,6,30,172
11/11/2020,ILM,NC,ASO,EN,Combined TRACON& Tower with Radar,18,17,36,4,75,0,0,0,7,7,18,17,36,11,82,4,8,12,94
11/12/2020,ILM,NC,ASO,EN,Combined TRACON& Tower with Radar,23,27,7,0,57,0,0,0,0,0,23,27,7,0,57,2,0,2,59
11/13/2020,ILM,NC,ASO,EN,Combined TRACON& Tower with Radar,24,17,50,22,113,0,2,4,2,8,24,19,54,24,121,14,0,14,135
11/14/2020,ILM,NC,ASO,EN,Combined TRACON& Tower with Radar,24,10,52,4,90,0,0,56,6,62,24,10,108,10,152,34,0,34,186
11/15/2020,ILM,NC,ASO,EN,Combined TRACON& Tower with Radar,26,21,34,20,101,0,0,28,3,31,26,21,62,23,132,22,0,22,154
11/16/2020,ILM,NC,ASO,EN,Combined TRACON& Tower with Radar,30,17,52,30,129,0,1,43,13,57,30,18,95,43,186,55,26,81,267
11/17/2020,ILM,NC,ASO,EN,Combined TRACON& Tower with Radar,18,21,52,49,140,0,1,38,11,50,18,22,90,60,190,18,54,72,262
11/18/2020,ILM,NC,ASO,EN,Combined TRACON& Tower with Radar,17,20,43,19,99,0,1,39,7,47,17,21,82,26,146,70,28,98,244
11/19/2020,ILM,NC,ASO,EN,Combined TRACON& Tower with Radar,25,29,53,71,178,0,0,61,7,68,25,29,114,78,246,52,20,72,318
11/20/2020,ILM,NC,ASO,EN,Combined TRACON& Tower with Radar,25,24,48,20,117,0,0,53,7,60,25,24,101,27,177,18,16,34,211
11/21/2020,ILM,NC,ASO,EN,Combined TRACON& Tower with Radar,28,19,48,13,108,0,0,65,24,89,28,19,113,37,197,32,10,42,239
11/22/2020,ILM,NC,ASO,EN,Combined TRACON& Tower with Radar,26,22,52,7,107,0,1,43,15,59,26,23,95,22,166,56,0,56,222
11/23/2020,ILM,NC,ASO,EN,Combined TRACON& Tower with Radar,20,17,27,14,78,0,1,19,4,24,20,18,46,18,102,6,0,6,108
11/24/2020,ILM,NC,ASO,EN,Combined TRACON& Tower with Radar,28,28,55,22,133,0,1,47,5,53,28,29,102,27,186,28,4,32,218
11/25/2020,ILM,NC,ASO,EN,Combined TRACON& Tower with Radar,31,33,47,6,117,0,0,36,0,36,31,33,83,6,153,22,0,22,175
11/26/2020,ILM,NC,ASO,EN,Combined TRACON& Tower with Radar,10,4,4,0,18,0,0,2,0,2,10,4,6,0,20,20,0,20,40
11/27/2020,ILM,NC,ASO,EN,Combined TRACON& Tower with Radar,24,16,28,1,69,0,0,24,0,24,24,16,52,1,93,12,0,12,105
11/28/2020,ILM,NC,ASO,EN,Combined TRACON& Tower with Radar,26,27,33,0,86,0,0,33,0,33,26,27,66,0,119,70,0,70,189
11/29/2020,ILM,NC,ASO,EN,Combined TRACON& Tower with Radar,30,39,86,0,155,0,0,52,0,52,30,39,138,0,207,34,0,34,241
11/30/2020,ILM,NC,ASO,EN,Combined TRACON& Tower with Radar,32,27,20,8,87,0,0,1,1,2,32,27,21,9,89,0,4,4,93
12/01/2020,ILM,NC,ASO,EN,Combined TRACON& Tower with Radar,24,26,32,17,99,0,2,25,5,32,24,28,57,22,131,42,0,42,173
12/02/2020,ILM,NC,ASO,EN,Combined TRACON& Tower with Radar,18,19,49,47,133,0,1,61,15,77,18,20,110,62,210,58,32,90,300
12/03/2020,ILM,NC,ASO,EN,Combined TRACON& Tower with Radar,28,29,43,57,157,0,2,64,14,80,28,31,107,71,237,74,40,114,351
12/04/2020,ILM,NC,ASO,EN,Combined TRACON& Tower with Radar,24,35,37,48,144,0,0,41,12,53,24,35,78,60,197,64,28,92,289
12/05/2020,ILM,NC,ASO,EN,Combined TRACON& Tower with Radar,20,14,32,5,71,0,0,25,2,27,20,14,57,7,98,4,0,4,102
12/06/2020,ILM,NC,ASO,EN,Combined TRACON& Tower with Radar,24,30,35,14,103,0,0,66,4,70,24,30,101,18,173,35,0,35,208
12/07/2020,ILM,NC,ASO,EN,Combined TRACON& Tower with Radar,24,25,14,24,87,0,0,1,4,5,24,25,15,28,92,56,20,76,168
12/08/2020,ILM,NC,ASO,EN,Combined TRACON& Tower with Radar,17,20,44,36,117,0,4,49,2,55,17,24,93,38,172,78,28,106,278
12/09/2020,ILM,NC,ASO,EN,Combined TRACON& Tower with Radar,17,17,29,33,96,0,2,47,3,52,17,19,76,36,148,24,0,24,172
12/10/2020,ILM,NC,ASO,EN,Combined TRACON& Tower with Radar,24,25,45,6,100,0,2,57,0,59,24,27,102,6,159,40,4,44,203
12/11/2020,ILM,NC,ASO,EN,Combined TRACON& Tower with Radar,24,25,52,6,107,0,1,48,0,49,24,26,100,6,156,36,0,36,192
12/12/2020,ILM,NC,ASO,EN,Combined TRACON& Tower with Radar,20,16,43,0,79,0,0,75,1,76,20,16,118,1,155,52,0,52,207
12/13/2020,ILM,NC,ASO,EN,Combined TRACON& Tower with Radar,24,20,45,7,96,0,0,10,1,11,24,20,55,8,107,38,0,38,145
12/14/2020,ILM,NC,ASO,EN,Combined TRACON& Tower with Radar,24,19,28,8,79,0,0,5,3,8,24,19,33,11,87,8,4,12,99
12/15/2020,ILM,NC,ASO,EN,Combined TRACON& Tower with Radar,18,21,55,14,108,0,3,34,10,47,18,24,89,24,155,34,0,34,189
12/16/2020,ILM,NC,ASO,EN,Combined TRACON& Tower with Radar,20,14,19,26,79,0,0,0,0,0,20,14,19,26,79,0,0,0,79
12/17/2020,ILM,NC,ASO,EN,Combined TRACON& Tower with Radar,24,18,65,20,127,0,0,9,5,14,24,18,74,25,141,95,2,97,238
12/18/2020,ILM,NC,ASO,EN,Combined TRACON& Tower with Radar,24,22,60,21,127,0,1,47,13,61,24,23,107,34,188,6,8,14,202
12/19/2020,ILM,NC,ASO,EN,Combined TRACON& Tower with Radar,30,25,66,10,131,0,2,70,22,94,30,27,136,32,225,22,0,22,247
12/20/2020,ILM,NC,ASO,EN,Combined TRACON& Tower with Radar,24,20,17,3,64,0,0,0,3,3,24,20,17,6,67,0,0,0,67
12/21/2020,ILM,NC,ASO,EN,Combined TRACON& Tower with Radar,26,24,29,19,98,0,1,12,7,20,26,25,41,26,118,36,6,42,160
12/22/2020,ILM,NC,ASO,EN,Combined TRACON& Tower with Radar,24,28,36,22,110,0,0,34,14,48,24,28,70,36,158,78,10,88,246
12/23/2020,ILM,NC,ASO,EN,Combined TRACON& Tower with Radar,24,32,32,5,93,0,0,50,1,51,24,32,82,6,144,18,4,22,166
12/24/2020,ILM,NC,ASO,EN,Combined TRACON& Tower with Radar,20,21,15,0,56,0,1,2,0,3,20,22,17,0,59,0,0,0,59
12/25/2020,ILM,NC,ASO,EN,Combined TRACON& Tower with Radar,18,8,5,0,31,0,2,3,0,5,18,10,8,0,36,0,0,0,36
12/26/2020,ILM,NC,ASO,EN,Combined TRACON& Tower with Radar,27,28,53,0,108,0,1,36,0,37,27,29,89,0,145,16,0,16,161
12/27/2020,ILM,NC,ASO,EN,Combined TRACON& Tower with Radar,24,31,47,0,102,0,1,42,0,43,24,32,89,0,145,16,0,16,161
12/28/2020,ILM,NC,ASO,EN,Combined TRACON& Tower with Radar,24,29,23,7,83,0,1,29,5,35,24,30,52,12,118,44,12,56,174
12/29/2020,ILM,NC,ASO,EN,Combined TRACON& Tower with Radar,23,33,46,38,140,0,2,49,2,53,23,35,95,40,193,68,18,86,279
12/30/2020,ILM,NC,ASO,EN,Combined TRACON& Tower with Radar,24,27,31,15,97,0,2,64,3,69,24,29,95,18,166,80,10,90,256
12/31/2020,ILM,NC,ASO,EN,Combined TRACON& Tower with Radar,18,21,17,0,56,0,0,2,0,2,18,21,19,0,58,14,0,14,72
01/01/2021,ILM,NC,ASO,EN,Combined TRACON& Tower with Radar,18,21,8,0,47,0,0,0,0,0,18,21,8,0,47,0,0,0,47
01/02/2021,ILM,NC,ASO,EN,Combined TRACON& Tower with Radar,27,31,57,0,115,0,0,4,0,4,27,31,61,0,119,0,0,0,119
01/03/2021,ILM,NC,ASO,EN,Combined TRACON& Tower with Radar,24,32,54,0,110,0,1,25,5,31,24,33,79,5,141,10,0,10,151
01/04/2021,ILM,NC,ASO,EN,Combined TRACON& Tower with Radar,24,30,25,30,109,0,2,29,4,35,24,32,54,34,144,0,34,34,178
01/05/2021,ILM,NC,ASO,EN,Combined TRACON& Tower with Radar,19,28,21,55,123,0,2,3,8,13,19,30,24,63,136,14,44,58,194
01/06/2021,ILM,NC,ASO,EN,Combined TRACON& Tower with Radar,19,16,31,20,86,0,4,35,14,53,19,20,66,34,139,22,28,50,189
01/07/2021,ILM,NC,ASO,EN,Combined TRACON& Tower with Radar,19,14,23,4,60,0,0,31,3,34,19,14,54,7,94,0,0,0,94
01/08/2021,ILM,NC,ASO,EN,Combined TRACON& Tower with Radar,23,25,35,22,105,0,0,4,4,8,23,25,39,26,113,0,20,20,133
01/09/2021,ILM,NC,ASO,EN,Combined TRACON& Tower with Radar,19,20,45,10,94,0,0,37,2,39,19,20,82,12,133,20,16,36,169
01/10/2021,ILM,NC,ASO,EN,Combined TRACON& Tower with Radar,24,18,48,15,105,0,0,54,4,58,24,18,102,19,163,52,20,72,235
01/11/2021,ILM,NC,ASO,EN,Combined TRACON& Tower with Radar,23,26,21,14,84,0,0,21,1,22,23,26,42,15,106,4,22,26,132
01/12/2021,ILM,NC,ASO,EN,Combined TRACON& Tower with Radar,19,17,18,14,68,0,1,1,0,2,19,18,19,14,70,0,0,0,70
01/13/2021,ILM,NC,ASO,EN,Combined TRACON& Tower with Radar,19,16,26,13,74,0,3,35,11,49,19,19,61,24,123,14,12,26,149
01/14/2021,ILM,NC,ASO,EN,Combined TRACON& Tower with Radar,25,27,40,22,114,0,2,36,9,47,25,29,76,31,161,92,16,108,269
01/15/2021,ILM,NC,ASO,EN,Combined TRACON& Tower with Radar,24,22,31,19,96,0,1,27,11,39,24,23,58,30,135,84,18,102,237
01/16/2021,ILM,NC,ASO,EN,Combined TRACON& Tower with Radar,19,23,16,11,69,0,1,11,8,20,19,24,27,19,89,4,0,4,93
01/17/2021,ILM,NC,ASO,EN,Combined TRACON& Tower with Radar,22,11,46,10,89,0,1,82,13,96,22,12,128,23,185,54,2,56,241
01/18/2021,ILM,NC,ASO,EN,Combined TRACON& Tower with Radar,23,24,27,5,79,0,3,31,8,42,23,27,58,13,121,38,0,38,159
01/19/2021,ILM,NC,ASO,EN,Combined TRACON& Tower with Radar,19,11,42,49,121,0,3,45,22,70,19,14,87,71,191,26,76,102,293
01/20/2021,ILM,NC,ASO,EN,Combined TRACON& Tower with Radar,19,10,34,22,85,0,1,33,3,37,19,11,67,25,122,46,26,72,194
01/21/2021,ILM,NC,ASO,EN,Combined TRACON& Tower with Radar,23,24,21,19,87,0,1,32,5,38,23,25,53,24,125,49,12,61,186
01/22/2021,ILM,NC,ASO,EN,Combined TRACON& Tower with Radar,24,30,41,24,119,0,0,62,16,78,24,30,103,40,197,78,38,116,313
01/23/2021,ILM,NC,ASO,EN,Combined TRACON& Tower with Radar,19,9,40,27,95,0,4,42,14,60,19,13,82,41,155,38,10,48,203
01/24/2021,ILM,NC,ASO,EN,Combined TRACON& Tower with Radar,24,17,49,10,100,0,1,73,17,91,24,18,122,27,191,44,16,60,251
01/25/2021,ILM,NC,ASO,EN,Combined TRACON& Tower with Radar,25,22,9,0,56,0,0,0,0,0,25,22,9,0,56,0,0,0,56
01/26/2021,ILM,NC,ASO,EN,Combined TRACON& Tower with Radar,19,10,25,28,82,0,0,0,1,1,19,10,25,29,83,0,48,48,131
01/27/2021,ILM,NC,ASO,EN,Combined TRACON& Tower with Radar,19,7,14,8,48,0,0,1,5,6,19,7,15,13,54,0,0,0,54
01/28/2021,ILM,NC,ASO,EN,Combined TRACON& Tower with Radar,17,32,36,9,94,0,3,15,9,27,17,35,51,18,121,0,6,6,127
01/29/2021,ILM,NC,ASO,EN,Combined TRACON& Tower with Radar,22,28,33,16,99,0,2,66,8,76,22,30,99,24,175,62,20,82,257
01/30/2021,ILM,NC,ASO,EN,Combined TRACON& Tower with Radar,19,16,51,5,91,0,2,94,12,108,19,18,145,17,199,40,0,40,239
01/31/2021,ILM,NC,ASO,EN,Combined TRACON& Tower with Radar,24,16,27,2,69,0,0,1,1,2,24,16,28,3,71,0,0,0,71
02/01/2021,ILM,NC,ASO,EN,Combined TRACON& Tower with Radar,23,19,23,47,112,0,0,0,0,0,23,19,23,47,112,0,0,0,112
02/02/2021,ILM,NC,ASO,EN,Combined TRACON& Tower with Radar,19,15,28,26,88,0,2,33,16,51,19,17,61,42,139,18,79,97,236
02/03/2021,ILM,NC,ASO,EN,Combined TRACON& Tower with Radar,19,17,27,41,104,0,1,45,11,57,19,18,72,52,161,10,70,80,241
02/04/2021,ILM,NC,ASO,EN,Combined TRACON& Tower with Radar,25,25,46,55,151,0,3,83,5,91,25,28,129,60,242,42,68,110,352
02/05/2021,ILM,NC,ASO,EN,Combined TRACON& Tower with Radar,24,28,28,10,90,0,2,0,0,2,24,30,28,10,92,8,12,20,112
02/06/2021,ILM,NC,ASO,EN,Combined TRACON& Tower with Radar,19,26,30,4,79,0,1,49,6,56,19,27,79,10,135,62,0,62,197
02/07/2021,ILM,NC,ASO,EN,Combined TRACON& Tower with Radar,24,11,19,5,59,0,1,8,6,15,24,12,27,11,74,8,0,8,82
02/08/2021,ILM,NC,ASO,EN,Combined TRACON& Tower with Radar,23,31,54,14,122,0,0,47,1,48,23,31,101,15,170,52,8,60,230
02/09/2021,ILM,NC,ASO,EN,Combined TRACON& Tower with Radar,19,18,39,20,96,0,0,21,14,35,19,18,60,34,131,48,18,66,197
02/10/2021,ILM,NC,ASO,EN,Combined TRACON& Tower with Radar,19,23,41,34,117,0,0,21,4,25,19,23,62,38,142,52,4,56,198
02/11/2021,ILM,NC,ASO,EN,Combined TRACON& Tower with Radar,27,24,37,12,100,0,0,0,0,0,27,24,37,12,100,0,0,0,100
02/12/2021,ILM,NC,ASO,EN,Combined TRACON& Tower with Radar,24,38,28,0,90,0,0,0,0,0,24,38,28,0,90,0,0,0,90
02/13/2021,ILM,NC,ASO,EN,Combined TRACON& Tower with Radar,19,22,21,8,70,0,0,0,0,0,19,22,21,8,70,0,0,0,70
02/14/2021,ILM,NC,ASO,EN,Combined TRACON& Tower with Radar,21,30,28,0,79,0,0,0,0,0,21,30,28,0,79,0,0,0,79
02/15/2021,ILM,NC,ASO,EN,Combined TRACON& Tower with Radar,22,24,32,0,78,0,0,0,0,0,22,24,32,0,78,0,0,0,78
02/16/2021,ILM,NC,ASO,EN,Combined TRACON& Tower with Radar,17,12,27,55,111,0,2,28,14,44,17,14,55,69,155,18,42,60,215
02/17/2021,ILM,NC,ASO,EN,Combined TRACON& Tower with Radar,17,29,40,18,104,0,0,41,9,50,17,29,81,27,154,74,12,86,240
02/18/2021,ILM,NC,ASO,EN,Combined TRACON& Tower with Radar,22,20,3,1,46,0,0,0,0,0,22,20,3,1,46,0,0,0,46
02/19/2021,ILM,NC,ASO,EN,Combined TRACON& Tower with Radar,21,26,26,0,73,0,0,0,0,0,21,26,26,0,73,0,0,0,73
02/20/2021,ILM,NC,ASO,EN,Combined TRACON& Tower with Radar,19,26,48,16,109,0,1,90,17,108,19,27,138,33,217,47,0,47,264
02/21/2021,ILM,NC,ASO,EN,Combined TRACON& Tower with Radar,24,18,69,6,117,0,1,72,13,86,24,19,141,19,203,48,10,58,261
02/22/2021,ILM,NC,ASO,EN,Combined TRACON& Tower with Radar,23,22,27,38,110,0,0,4,8,12,23,22,31,46,122,0,18,18,140
02/23/2021,ILM,NC,ASO,EN,Combined TRACON& Tower with Radar,19,26,61,55,161,0,3,63,5,71,19,29,124,60,232,28,18,46,278
02/24/2021,ILM,NC,ASO,EN,Combined TRACON& Tower with Radar,19,19,41,47,126,0,8,59,6,73,19,27,100,53,199,26,0,26,225
02/25/2021,ILM,NC,ASO,EN,Combined TRACON& Tower with Radar,23,36,59,12,130,0,2,69,21,92,23,38,128,33,222,58,20,78,300
02/26/2021,ILM,NC,ASO,EN,Combined TRACON& Tower with Radar,24,34,49,9,116,0,0,8,11,19,24,34,57,20,135,8,20,28,163
02/27/2021,ILM,NC,ASO,EN,Combined TRACON& Tower with Radar,19,22,33,7,81,0,0,42,6,48,19,22,75,13,129,78,8,86,215
02/28/2021,ILM,NC,ASO,EN,Combined TRACON& Tower with Radar,24,23,37,8,92,0,1,17,2,20,24,24,54,10,112,30,0,30,142
03/01/2021,ILM,NC,ASO,EN,Combined TRACON& Tower with Radar,23,20,34,61,138,0,3,14,8,25,23,23,48,69,163,12,43,55,218
03/02/2021,ILM,NC,ASO,EN,Combined TRACON& Tower with Radar,20,23,47,43,133,0,0,49,11,60,20,23,96,54,193,54,38,92,285
03/03/2021,ILM,NC,ASO,EN,Combined TRACON& Tower with Radar,20,21,22,14,77,0,1,26,1,28,20,22,48,15,105,58,8,66,171
03/04/2021,ILM,NC,ASO,EN,Combined TRACON& Tower with Radar,26,38,38,50,152,0,1,75,20,96,26,39,113,70,248,98,84,182,430
03/05/2021,ILM,NC,ASO,EN,Combined TRACON& Tower with Radar,26,24,38,14,102,0,0,56,1,57,26,24,94,15,159,86,26,112,271
03/06/2021,ILM,NC,ASO,EN,Combined TRACON& Tower with Radar,24,30,27,6,87,0,0,60,0,60,24,30,87,6,147,90,14,104,251
03/07/2021,ILM,NC,ASO,EN,Combined TRACON& Tower with Radar,25,28,51,10,114,0,3,66,4,73,25,31,117,14,187,58,0,58,245
03/08/2021,ILM,NC,ASO,EN,Combined TRACON& Tower with Radar,26,20,29,27,102,0,2,52,3,57,26,22,81,30,159,32,24,56,215
03/09/2021,ILM,NC,ASO,EN,Combined TRACON& Tower with Radar,23,20,28,14,85,0,0,61,2,63,23,20,89,16,148,54,0,54,202
03/10/2021,ILM,NC,ASO,EN,Combined TRACON& Tower with Radar,23,20,51,29,123,0,2,56,8,66,23,22,107,37,189,52,27,79,268
03/11/2021,ILM,NC,ASO,EN,Combined TRACON& Tower with Radar,26,26,60,54,166,0,0,54,11,65,26,26,114,65,231,42,44,86,317
03/12/2021,ILM,NC,ASO,EN,Combined TRACON& Tower with Radar,26,30,43,35,134,0,2,43,6,51,26,32,86,41,185,38,14,52,237
03/13/2021,ILM,NC,ASO,EN,Combined TRACON& Tower with Radar,24,27,57,38,146,0,1,58,3,62,24,28,115,41,208,58,16,74,282
03/14/2021,ILM,NC,ASO,EN,Combined TRACON& Tower with Radar,29,28,61,22,140,0,1,70,10,81,29,29,131,32,221,32,0,32,253
03/15/2021,ILM,NC,ASO,EN,Combined TRACON& Tower with Radar,26,19,49,38,132,0,0,30,8,38,26,19,79,46,170,22,0,22,192
03/16/2021,ILM,NC,ASO,EN,Combined TRACON& Tower with Radar,23,19,22,8,72,0,1,0,0,1,23,20,22,8,73,62,0,62,135
03/17/2021,ILM,NC,ASO,EN,Combined TRACON& Tower with Radar,22,22,37,22,103,0,0,7,0,7,22,22,44,22,110,0,0,0,110
03/18/2021,ILM,NC,ASO,EN,Combined TRACON& Tower with Radar,30,26,31,7,94,0,0,0,7,7,30,26,31,14,101,0,10,10,111
03/19/2021,ILM,NC,ASO,EN,Combined TRACON& Tower with Radar,26,29,43,25,123,0,0,5,9,14,26,29,48,34,137,24,0,24,161
03/20/2021,ILM,NC,ASO,EN,Combined TRACON& Tower with Radar,24,35,30,30,119,0,0,11,5,16,24,35,41,35,135,0,0,0,135
03/21/2021,ILM,NC,ASO,EN,Combined TRACON& Tower with Radar,29,24,37,8,98,0,1,17,0,18,29,25,54,8,116,8,2,10,126
03/22/2021,ILM,NC,ASO,EN,Combined TRACON& Tower with Radar,26,36,31,17,110,0,0,5,1,6,26,36,36,18,116,0,0,0,116
03/23/2021,ILM,NC,ASO,EN,Combined TRACON& Tower with Radar,23,18,35,11,87,0,0,15,0,15,23,18,50,11,102,58,0,58,160
03/24/2021,ILM,NC,ASO,EN,Combined TRACON& Tower with Radar,23,21,55,28,127,0,1,16,1,18,23,22,71,29,145,36,0,36,181
03/25/2021,ILM,NC,ASO,EN,Combined TRACON& Tower with Radar,25,30,55,107,217,0,0,52,18,70,25,30,107,125,287,36,78,114,401
03/26/2021,ILM,NC,ASO,EN,Combined TRACON& Tower with Radar,27,35,56,35,153,0,2,17,11,30,27,37,73,46,183,2,26,28,211
03/27/2021,ILM,NC,ASO,EN,Combined TRACON& Tower with Radar,26,32,52,8,118,0,1,41,3,45,26,33,93,11,163,46,0,46,209
03/28/2021,ILM,NC,ASO,EN,Combined TRACON& Tower with Radar,26,26,32,2,86,0,0,9,2,11,26,26,41,4,97,34,0,34,131
03/29/2021,ILM,NC,ASO,EN,Combined TRACON& Tower with Radar,26,29,57,23,135,0,0,58,3,61,26,29,115,26,196,44,36,80,276
03/30/2021,ILM,NC,ASO,EN,Combined TRACON& Tower with Radar,23,18,42,55,138,0,0,61,9,70,23,18,103,64,208,52,18,70,278
03/31/2021,ILM,NC,ASO,EN,Combined TRACON& Tower with Radar,25,30,42,16,113,0,3,12,4,19,25,33,54,20,132,10,0,10,142
04/01/2021,ILM,NC,ASO,EN,Combined TRACON& Tower with Radar,28,37,46,40,151,0,2,15,1,18,28,39,61,41,169,0,10,10,179
04/02/2021,ILM,NC,ASO,EN,Combined TRACON& Tower with Radar,30,29,51,10,120,0,0,47,2,49,30,29,98,12,169,16,0,16,185
04/03/2021,ILM,NC,ASO,EN,Combined TRACON& Tower with Radar,30,25,43,1,99,0,10,78,1,89,30,35,121,2,188,52,0,52,240
04/04/2021,ILM,NC,ASO,EN,Combined TRACON& Tower with Radar,29,24,33,3,89,0,1,48,1,50,29,25,81,4,139,34,0,34,173
04/05/2021,ILM,NC,ASO,EN,Combined TRACON& Tower with Radar,30,30,60,22,142,0,1,75,4,80,30,31,135,26,222,22,46,68,290
04/06/2021,ILM,NC,ASO,EN,Combined TRACON& Tower with Radar,27,22,42,25,116,0,3,65,4,72,27,25,107,29,188,80,22,102,290
04/07/2021,ILM,NC,ASO,EN,Combined TRACON& Tower with Radar,30,23,44,34,131,1,1,49,8,59,31,24,93,42,190,62,24,86,276
04/08/2021,ILM,NC,ASO,EN,Combined TRACON& Tower with Radar,32,29,49,47,157,0,1,46,7,54,32,30,95,54,211,60,54,114,325
04/09/2021,ILM,NC,ASO,EN,Combined TRACON& Tower with Radar,29,33,53,33,148,0,2,49,20,71,29,35,102,53,219,40,62,102,321
04/10/2021,ILM,NC,ASO,EN,Combined TRACON& Tower with Radar,28,32,34,27,121,0,3,22,8,33,28,35,56,35,154,60,0,60,214
04/11/2021,ILM,NC,ASO,EN,Combined TRACON& Tower with Radar,31,36,44,12,123,0,1,40,6,47,31,37,84,18,170,61,0,61,231
04/12/2021,ILM,NC,ASO,EN,Combined TRACON& Tower with Radar,30,25,42,40,137,0,0,45,5,50,30,25,87,45,187,54,50,104,291
04/13/2021,ILM,NC,ASO,EN,Combined TRACON& Tower with Radar,29,19,44,24,116,0,0,43,2,45,29,19,87,26,161,50,4,54,215
04/14/2021,ILM,NC,ASO,EN,Combined TRACON& Tower with Radar,30,24,63,47,164,0,5,43,5,53,30,29,106,52,217,24,44,68,285
04/15/2021,ILM,NC,ASO,EN,Combined TRACON& Tower with Radar,30,23,50,49,152,0,0,24,8,32,30,23,74,57,184,28,38,66,250
04/16/2021,ILM,NC,ASO,EN,Combined TRACON& Tower with Radar,30,32,72,64,198,0,1,69,8,78,30,33,141,72,276,62,40,102,378
04/17/2021,ILM,NC,ASO,EN,Combined TRACON& Tower with Radar,28,23,40,11,102,0,5,55,5,65,28,28,95,16,167,46,6,52,219
04/18/2021,ILM,NC,ASO,EN,Combined TRACON& Tower with Radar,29,31,45,9,114,0,1,57,10,68,29,32,102,19,182,48,0,48,230
04/19/2021,ILM,NC,ASO,EN,Combined TRACON& Tower with Radar,30,19,48,39,136,0,2,16,3,21,30,21,64,42,157,22,10,32,189
04/20/2021,ILM,NC,ASO,EN,Combined TRACON& Tower with Radar,28,24,42,28,122,0,0,50,4,54,28,24,92,32,176,64,24,88,264
04/21/2021,ILM,NC,ASO,EN,Combined TRACON& Tower with Radar,29,32,39,49,149,0,1,19,8,28,29,33,58,57,177,2,25,27,204
04/22/2021,ILM,NC,ASO,EN,Combined TRACON& Tower with Radar,30,25,60,42,157,0,2,48,14,64,30,27,108,56,221,88,6,94,315
04/23/2021,ILM,NC,ASO,EN,Combined TRACON& Tower with Radar,29,31,38,18,116,0,0,59,14,73,29,31,97,32,189,10,0,10,199
04/24/2021,ILM,NC,ASO,EN,Combined TRACON& Tower with Radar,27,22,24,15,88,0,1,16,5,22,27,23,40,20,110,32,2,34,144
04/25/2021,ILM,NC,ASO,EN,Combined TRACON& Tower with Radar,29,33,49,13,124,0,0,25,3,28,29,33,74,16,152,68,2,70,222
04/26/2021,ILM,NC,ASO,EN,Combined TRACON& Tower with Radar,30,23,35,27,115,0,1,61,8,70,30,24,96,35,185,66,16,82,267
04/27/2021,ILM,NC,ASO,EN,Combined TRACON& Tower with Radar,29,22,46,9,106,0,2,29,12,43,29,24,75,21,149,40,0,40,189
04/28/2021,ILM,NC,ASO,EN,Combined TRACON& Tower with Radar,30,28,40,15,113,0,3,55,7,65,30,31,95,22,178,22,12,34,212
04/29/2021,ILM,NC,ASO,EN,Combined TRACON& Tower with Radar,30,32,56,29,147,0,3,21,8,32,30,35,77,37,179,24,44,68,247
04/30/2021,ILM,NC,ASO,EN,Combined TRACON& Tower with Radar,30,27,41,18,116,0,3,16,10,29,30,30,57,28,145,12,12,24,169
05/01/2021,ILM,NC,ASO,EN,Combined TRACON& Tower with Radar,30,24,47,30,131,0,3,69,18,90,30,27,116,48,221,10,14,24,245
05/02/2021,ILM,NC,ASO,EN,Combined TRACON& Tower with Radar,29,24,62,4,119,0,3,69,5,77,29,27,131,9,196,68,0,68,264
05/03/2021,ILM,NC,ASO,EN,Combined TRACON& Tower with Radar,27,20,35,17,99,0,0,4,3,7,27,20,39,20,106,30,4,34,140
05/04/2021,ILM,NC,ASO,EN,Combined TRACON& Tower with Radar,33,18,35,20,106,0,0,29,12,41,33,18,64,32,147,36,18,54,201
05/05/2021,ILM,NC,ASO,EN,Combined TRACON& Tower with Radar,29,28,40,21,118,0,0,8,10,18,29,28,48,31,136,22,4,26,162
05/06/2021,ILM,NC,ASO,EN,Combined TRACON& Tower with Radar,33,39,58,20,150,0,2,43,1,46,33,41,101,21,196,100,26,126,322
05/07/2021,ILM,NC,ASO,EN,Combined TRACON& Tower with Radar,39,29,43,18,129,0,0,18,1,19,39,29,61,19,148,76,4,80,228
05/08/2021,ILM,NC,ASO,EN,Combined TRACON& Tower with Radar,32,45,44,24,145,0,2,57,3,62,32,47,101,27,207,38,16,54,261
05/09/2021,ILM,NC,ASO,EN,Combined TRACON& Tower with Radar,34,34,48,15,131,0,22,47,2,71,34,56,95,17,202,42,0,42,244
05/10/2021,ILM,NC,ASO,EN,Combined TRACON& Tower with Radar,33,26,52,23,134,0,3,13,1,17,33,29,65,24,151,16,0,16,167
05/11/2021,ILM,NC,ASO,EN,Combined TRACON& Tower with Radar,32,33,54,61,180,0,5,19,2,26,32,38,73,63,206,6,0,6,212
05/12/2021,ILM,NC,ASO,EN,Combined TRACON& Tower with Radar,33,29,38,2,102,0,0,2,0,2,33,29,40,2,104,0,0,0,104
05/13/2021,ILM,NC,ASO,EN,Combined TRACON& Tower with Radar,35,38,26,36,135,0,5,35,6,46,35,43,61,42,181,58,10,68,249
05/14/2021,ILM,NC,ASO,EN,Combined TRACON& Tower with Radar,34,38,54,16,142,0,5,52,7,64,34,43,106,23,206,70,2,72,278
05/15/2021,ILM,NC,ASO,EN,Combined TRACON& Tower with Radar,31,24,48,14,117,0,11,91,2,104,31,35,139,16,221,38,0,38,259
05/16/2021,ILM,NC,ASO,EN,Combined TRACON& Tower with Radar,34,37,47,3,121,0,11,69,1,81,34,48,116,4,202,64,0,64,266
05/17/2021,ILM,NC,ASO,EN,Combined TRACON& Tower with Radar,35,22,37,17,111,0,4,34,9,47,35,26,71,26,158,24,42,66,224
05/18/2021,ILM,NC,ASO,EN,Combined TRACON& Tower with Radar,31,34,53,39,157,0,3,44,5,52,31,37,97,44,209,22,6,28,237
05/19/2021,ILM,NC,ASO,EN,Combined TRACON& Tower with Radar,32,32,44,11,119,0,6,42,8,56,32,38,86,19,175,36,14,50,225
05/20/2021,ILM,NC,ASO,EN,Combined TRACON& Tower with Radar,34,30,48,17,129,0,2,53,3,58,34,32,101,20,187,52,12,64,251
05/21/2021,ILM,NC,ASO,EN,Combined TRACON& Tower with Radar,36,37,49,23,145,0,6,69,11,86,36,43,118,34,231,26,20,46,277
05/22/2021,ILM,NC,ASO,EN,Combined TRACON& Tower with Radar,34,28,48,13,123,0,1,65,1,67,34,29,113,14,190,34,0,34,224
05/23/2021,ILM,NC,ASO,EN,Combined TRACON& Tower with Radar,33,38,39,4,114,0,2,60,3,65,33,40,99,7,179,61,2,63,242
05/24/2021,ILM,NC,ASO,EN,Combined TRACON& Tower with Radar,33,42,47,9,131,0,1,46,5,52,33,43,93,14,183,28,18,46,229
05/25/2021,ILM,NC,ASO,EN,Combined TRACON& Tower with Radar,31,38,55,31,155,0,2,41,7,50,31,40,96,38,205,56,18,74,279
05/26/2021,ILM,NC,ASO,EN,Combined TRACON& Tower with Radar,32,45,48,7,132,0,4,46,3,53,32,49,94,10,185,64,8,72,257
05/27/2021,ILM,NC,ASO,EN,Combined TRACON& Tower with Radar,36,44,51,24,155,0,3,40,13,56,36,47,91,37,211,14,8,22,233
05/28/2021,ILM,NC,ASO,EN,Combined TRACON& Tower with Radar,35,34,52,25,146,0,1,48,5,54,35,35,100,30,200,8,6,14,214
05/29/2021,ILM,NC,ASO,EN,Combined TRACON& Tower with Radar,35,28,27,4,94,0,1,36,0,37,35,29,63,4,131,26,0,26,157
05/30/2021,ILM,NC,ASO,EN,Combined TRACON& Tower with Radar,30,22,25,2,79,0,0,8,0,8,30,22,33,2,87,12,0,12,99
05/31/2021,ILM,NC,ASO,EN,Combined TRACON& Tower with Radar,32,44,64,1,141,0,1,78,0,79,32,45,142,1,220,78,0,78,298
06/01/2021,ILM,NC,ASO,EN,Combined TRACON& Tower with Radar,31,30,68,48,177,0,5,40,9,54,31,35,108,57,231,36,52,88,319
06/02/2021,ILM,NC,ASO,EN,Combined TRACON& Tower with Radar,33,29,51,21,134,0,0,13,2,15,33,29,64,23,149,52,6,58,207
06/03/2021,ILM,NC,ASO,EN,Combined TRACON& Tower with Radar,33,32,32,11,108,0,0,2,4,6,33,32,34,15,114,10,2,12,126
06/04/2021,ILM,NC,ASO,EN,Combined TRACON& Tower with Radar,39,26,45,3,113,0,0,3,5,8,39,26,48,8,121,0,0,0,121
06/05/2021,ILM,NC,ASO,EN,Combined TRACON& Tower with Radar,43,29,34,0,106,0,0,56,6,62,43,29,90,6,168,76,0,76,244
06/06/2021,ILM,NC,ASO,EN,Combined TRACON& Tower with Radar,39,29,31,0,99,0,0,7,4,11,39,29,38,4,110,68,0,68,178
06/07/2021,ILM,NC,ASO,EN,Combined TRACON& Tower with Radar,36,30,30,12,108,0,1,7,10,18,36,31,37,22,126,37,22,59,185
06/08/2021,ILM,NC,ASO,EN,Combined TRACON& Tower with Radar,35,26,27,4,92,0,3,43,2,48,35,29,70,6,140,46,4,50,190
06/09/2021,ILM,NC,ASO,EN,Combined TRACON& Tower with Radar,38,32,51,8,129,0,0,16,3,19,38,32,67,11,148,44,0,44,192
06/10/2021,ILM,NC,ASO,EN,Combined TRACON& Tower with Radar,37,38,51,1,127,0,0,26,5,31,37,38,77,6,158,28,6,34,192
06/11/2021,ILM,NC,ASO,EN,Combined TRACON& Tower with Radar,39,40,43,33,155,0,1,25,6,32,39,41,68,39,187,42,6,48,235
06/12/2021,ILM,NC,ASO,EN,Combined TRACON& Tower with Radar,41,25,39,14,119,0,0,4,5,9,41,25,43,19,128,4,0,4,132
06/13/2021,ILM,NC,ASO,EN,Combined TRACON& Tower with Radar,39,30,73,5,147,0,0,27,2,29,39,30,100,7,176,70,0,70,246
06/14/2021,ILM,NC,ASO,EN,Combined TRACON& Tower with Radar,37,26,53,30,146,0,3,52,4,59,37,29,105,34,205,52,32,84,289
06/15/2021,ILM,NC,ASO,EN,Combined TRACON& Tower with Radar,29,34,59,25,147,0,2,26,6,34,29,36,85,31,181,0,6,6,187
06/16/2021,ILM,NC,ASO,EN,Combined TRACON& Tower with Radar,30,27,45,9,111,0,3,75,5,83,30,30,120,14,194,28,46,74,268
06/17/2021,ILM,NC,ASO,EN,Combined TRACON& Tower with Radar,39,35,59,1,134,0,3,88,5,96,39,38,147,6,230,48,22,70,300
06/18/2021,ILM,NC,ASO,EN,Combined TRACON& Tower with Radar,39,37,58,20,154,0,1,49,12,62,39,38,107,32,216,60,30,90,306
06/19/2021,ILM,NC,ASO,EN,Combined TRACON& Tower with Radar,43,44,50,9,146,0,1,56,9,66,43,45,106,18,212,32,2,34,246
06/20/2021,ILM,NC,ASO,EN,Combined TRACON& Tower with Radar,39,21,36,11,107,0,1,6,0,7,39,22,42,11,114,0,0,0,114
06/21/2021,ILM,NC,ASO,EN,Combined TRACON& Tower with Radar,39,24,50,19,132,0,2,37,10,49,39,26,87,29,181,22,40,62,243
06/22/2021,ILM,NC,ASO,EN,Combined TRACON& Tower with Radar,35,30,37,1,103,0,0,5,0,5,35,30,42,1,108,0,0,0,108
06/23/2021,ILM,NC,ASO,EN,Combined TRACON& Tower with Radar,37,22,45,22,126,0,1,42,9,52,37,23,87,31,178,72,0,72,250
06/24/2021,ILM,NC,ASO,EN,Combined TRACON& Tower with Radar,37,38,65,48,188,0,2,81,11,94,37,40,146,59,282,70,38,108,390
06/25/2021,ILM,NC,ASO,EN,Combined TRACON& Tower with Radar,39,30,43,24,136,0,1,9,16,26,39,31,52,40,162,28,0,28,190
06/26/2021,ILM,NC,ASO,EN,Combined TRACON& Tower with Radar,41,25,46,16,128,0,2,32,8,42,41,27,78,24,170,90,0,90,260
06/27/2021,ILM,NC,ASO,EN,Combined TRACON& Tower with Radar,39,30,66,15,150,0,1,65,5,71,39,31,131,20,221,36,0,36,257
06/28/2021,ILM,NC,ASO,EN,Combined TRACON& Tower with Radar,38,37,48,8,131,0,3,9,1,13,38,40,57,9,144,6,0,6,150
06/29/2021,ILM,NC,ASO,EN,Combined TRACON& Tower with Radar,35,33,60,27,155,0,2,37,8,47,35,35,97,35,202,30,16,46,248
06/30/2021,ILM,NC,ASO,EN,Combined TRACON& Tower with Radar,36,35,55,64,190,0,3,38,18,59,36,38,93,82,249,59,46,105,354
07/01/2021,ILM,NC,ASO,EN,Combined TRACON& Tower with Radar,41,32,59,8,140,0,3,37,5,45,41,35,96,13,185,22,0,22,207
07/02/2021,ILM,NC,ASO,EN,Combined TRACON& Tower with Radar,40,34,25,1,100,0,0,2,2,4,40,34,27,3,104,0,14,14,118
07/03/2021,ILM,NC,ASO,EN,Combined TRACON& Tower with Radar,43,24,37,0,104,0,0,59,2,61,43,24,96,2,165,39,0,39,204
07/04/2021,ILM,NC,ASO,EN,Combined TRACON& Tower with Radar,32,16,21,0,69,0,2,41,0,43,32,18,62,0,112,6,0,6,118
07/05/2021,ILM,NC,ASO,EN,Combined TRACON& Tower with Radar,41,27,60,0,128,0,3,63,0,66,41,30,123,0,194,90,0,90,284
07/06/2021,ILM,NC,ASO,EN,Combined TRACON& Tower with Radar,35,30,44,13,122,0,4,81,10,95,35,34,125,23,217,75,9,84,301
07/07/2021,ILM,NC,ASO,EN,Combined TRACON& Tower with Radar,36,32,36,10,114,0,0,16,5,21,36,32,52,15,135,30,0,30,165
07/08/2021,ILM,NC,ASO,EN,Combined TRACON& Tower with Radar,45,26,9,0,80,0,0,0,2,2,45,26,9,2,82,0,0,0,82
07/09/2021,ILM,NC,ASO,EN,Combined TRACON& Tower with Radar,45,37,48,47,177,0,1,45,22,68,45,38,93,69,245,16,67,83,328
07/10/2021,ILM,NC,ASO,EN,Combined TRACON& Tower with Radar,42,24,62,14,142,0,2,81,1,84,42,26,143,15,226,42,0,42,268
07/11/2021,ILM,NC,ASO,EN,Combined TRACON& Tower with Radar,40,28,50,8,126,0,1,27,3,31,40,29,77,11,157,34,0,34,191
07/12/2021,ILM,NC,ASO,EN,Combined TRACON& Tower with Radar,39,23,40,54,156,0,2,44,10,56,39,25,84,64,212,18,42,60,272
07/13/2021,ILM,NC,ASO,EN,Combined TRACON& Tower with Radar,34,32,52,13,131,0,2,35,5,42,34,34,87,18,173,18,0,18,191
07/14/2021,ILM,NC,ASO,EN,Combined TRACON& Tower with Radar,40,28,72,28,168,0,2,43,8,53,40,30,115,36,221,40,40,80,301
07/15/2021,ILM,NC,ASO,EN,Combined TRACON& Tower with Radar,41,37,50,20,148,0,2,53,8,63,41,39,103,28,211,26,10,36,247
07/16/2021,ILM,NC,ASO,EN,Combined TRACON& Tower with Radar,39,35,56,10,140,0,2,60,7,69,39,37,116,17,209,36,0,36,245
07/17/2021,ILM,NC,ASO,EN,Combined TRACON& Tower with Radar,42,25,50,21,138,0,1,68,3,72,42,26,118,24,210,72,0,72,282
07/18/2021,ILM,NC,ASO,EN,Combined TRACON& Tower with Radar,37,24,58,8,127,0,0,43,1,44,37,24,101,9,171,30,0,30,201
07/19/2021,ILM,NC,ASO,EN,Combined TRACON& Tower with Radar,38,26,39,0,103,0,0,1,0,1,38,26,40,0,104,0,0,0,104
07/20/2021,ILM,NC,ASO,EN,Combined TRACON& Tower with Radar,33,38,43,19,133,0,2,17,3,22,33,40,60,22,155,64,0,64,219
07/21/2021,ILM,NC,ASO,EN,Combined TRACON& Tower with Radar,37,31,47,11,126,0,3,33,12,48,37,34,80,23,174,35,0,35,209
07/22/2021,ILM,NC,ASO,EN,Combined TRACON& Tower with Radar,41,48,56,22,167,0,5,47,6,58,41,53,103,28,225,20,18,38,263
07/23/2021,ILM,NC,ASO,EN,Combined TRACON& Tower with Radar,39,28,30,13,110,0,2,50,19,71,39,30,80,32,181,50,0,50,231
07/24/2021,ILM,NC,ASO,EN,Combined TRACON& Tower with Radar,43,27,40,20,130,0,2,93,2,97,43,29,133,22,227,60,0,60,287
07/25/2021,ILM,NC,ASO,EN,Combined TRACON& Tower with Radar,38,24,57,8,127,0,2,67,3,72,38,26,124,11,199,86,0,86,285
07/26/2021,ILM,NC,ASO,EN,Combined TRACON& Tower with Radar,38,30,34,37,139,0,0,35,3,38,38,30,69,40,177,34,12,46,223
07/27/2021,ILM,NC,ASO,EN,Combined TRACON& Tower with Radar,33,31,44,20,128,0,1,32,9,42,33,32,76,29,170,41,4,45,215
07/28/2021,ILM,NC,ASO,EN,Combined TRACON& Tower with Radar,40,28,37,9,114,0,2,36,7,45,40,30,73,16,159,86,0,86,245
07/29/2021,ILM,NC,ASO,EN,Combined TRACON& Tower with Radar,39,45,58,18,160,0,2,81,2,85,39,47,139,20,245,36,19,55,300
07/30/2021,ILM,NC,ASO,EN,Combined TRACON& Tower with Radar,38,29,53,32,152,0,3,43,12,58,38,32,96,44,210,44,2,46,256
07/31/2021,ILM,NC,ASO,EN,Combined TRACON& Tower with Radar,43,32,39,11,125,0,0,37,5,42,43,32,76,16,167,60,0,60,227
08/01/2021,ILM,NC,ASO,EN,Combined TRACON& Tower with Radar,41,29,50,8,128,0,1,21,3,25,41,30,71,11,153,58,0,58,211
08/02/2021,ILM,NC,ASO,EN,Combined TRACON& Tower with Radar,36,34,49,15,134,0,2,44,7,53,36,36,93,22,187,44,22,66,253
08/03/2021,ILM,NC,ASO,EN,Combined TRACON& Tower with Radar,30,28,22,1,81,0,0,0,0,0,30,28,22,1,81,0,0,0,81
08/04/2021,ILM,NC,ASO,EN,Combined TRACON& Tower with Radar,33,38,28,4,103,0,0,2,0,2,33,38,30,4,105,0,0,0,105
08/05/2021,ILM,NC,ASO,EN,Combined TRACON& Tower with Radar,39,26,45,15,125,0,1,19,6,26,39,27,64,21,151,4,30,34,185
08/06/2021,ILM,NC,ASO,EN,Combined TRACON& Tower with Radar,39,32,40,26,137,0,2,8,0,10,39,34,48,26,147,10,0,10,157
08/07/2021,ILM,NC,ASO,EN,Combined TRACON& Tower with Radar,39,22,27,15,103,0,0,7,1,8,39,22,34,16,111,0,0,0,111
08/08/2021,ILM,NC,ASO,EN,Combined TRACON& Tower with Radar,38,28,31,31,128,0,1,72,1,74,38,29,103,32,202,68,0,68,270
08/09/2021,ILM,NC,ASO,EN,Combined TRACON& Tower with Radar,39,23,37,3,102,0,0,68,1,69,39,23,105,4,171,60,0,60,231
08/10/2021,ILM,NC,ASO,EN,Combined TRACON& Tower with Radar,29,22,48,32,131,1,1,45,5,52,30,23,93,37,183,82,10,92,275
08/11/2021,ILM,NC,ASO,EN,Combined TRACON& Tower with Radar,34,23,43,72,172,0,2,60,11,73,34,25,103,83,245,24,30,54,299
08/12/2021,ILM,NC,ASO,EN,Combined TRACON& Tower with Radar,38,34,39,34,145,0,1,57,12,70,38,35,96,46,215,33,32,65,280
08/13/2021,ILM,NC,ASO,EN,Combined TRACON& Tower with Radar,38,31,47,52,168,0,3,46,7,56,38,34,93,59,224,30,16,46,270
08/14/2021,ILM,NC,ASO,EN,Combined TRACON& Tower with Radar,41,17,37,27,122,1,1,70,11,83,42,18,107,38,205,110,0,110,315
08/15/2021,ILM,NC,ASO,EN,Combined TRACON& Tower with Radar,38,30,49,34,151,0,0,19,5,24,38,30,68,39,175,74,0,74,249
08/16/2021,ILM,NC,ASO,EN,Combined TRACON& Tower with Radar,41,33,38,26,138,0,1,24,3,28,41,34,62,29,166,39,16,55,221
08/17/2021,ILM,NC,ASO,EN,Combined TRACON& Tower with Radar,26,30,43,7,106,0,2,15,4,21,26,32,58,11,127,2,0,2,129
08/18/2021,ILM,NC,ASO,EN,Combined TRACON& Tower with Radar,32,37,36,10,115,0,4,38,6,48,32,41,74,16,163,102,0,102,265
08/19/2021,ILM,NC,ASO,EN,Combined TRACON& Tower with Radar,35,34,59,46,174,0,2,32,14,48,35,36,91,60,222,61,68,129,351
08/20/2021,ILM,NC,ASO,EN,Combined TRACON& Tower with Radar,38,29,53,30,150,0,0,16,14,30,38,29,69,44,180,0,6,6,186
08/21/2021,ILM,NC,ASO,EN,Combined TRACON& Tower with Radar,33,21,55,3,112,0,0,33,0,33,33,21,88,3,145,52,0,52,197
08/22/2021,ILM,NC,ASO,EN,Combined TRACON& Tower with Radar,35,25,24,8,92,0,0,37,2,39,35,25,61,10,131,30,0,30,161
08/23/2021,ILM,NC,ASO,EN,Combined TRACON& Tower with Radar,24,18,33,0,75,0,1,19,0,20,24,19,52,0,95,2,0,2,97
08/24/2021,ILM,NC,ASO,EN,Combined TRACON& Tower with Radar,28,33,21,7,89,0,5,34,8,47,28,38,55,15,136,28,12,40,176
08/25/2021,ILM,NC,ASO,EN,Combined TRACON& Tower with Radar,28,33,47,15,123,0,0,27,14,41,28,33,74,29,164,16,12,28,192
08/26/2021,ILM,NC,ASO,EN,Combined TRACON& Tower with Radar,37,37,52,43,169,0,5,53,5,63,37,42,105,48,232,38,44,82,314
08/27/2021,ILM,NC,ASO,EN,Combined TRACON& Tower with Radar,35,26,45,34,140,0,2,24,5,31,35,28,69,39,171,32,0,32,203
08/28/2021,ILM,NC,ASO,EN,Combined TRACON& Tower with Radar,35,19,27,42,123,0,3,72,7,82,35,22,99,49,205,40,0,40,245
08/29/2021,ILM,NC,ASO,EN,Combined TRACON& Tower with Radar,37,23,43,23,126,0,0,51,10,61,37,23,94,33,187,60,0,60,247
08/30/2021,ILM,NC,ASO,EN,Combined TRACON& Tower with Radar,34,32,26,24,116,0,1,17,6,24,34,33,43,30,140,18,36,54,194
08/31/2021,ILM,NC,ASO,EN,Combined TRACON& Tower with Radar,29,23,27,32,111,0,3,38,12,53,29,26,65,44,164,0,54,54,218
09/01/2021,ILM,NC,ASO,EN,Combined TRACON& Tower with Radar,26,34,17,4,81,0,0,3,0,3,26,34,20,4,84,6,0,6,90
09/02/2021,ILM,NC,ASO,EN,Combined TRACON& Tower with Radar,36,32,59,12,139,0,3,35,2,40,36,35,94,14,179,56,6,62,241
09/03/2021,ILM,NC,ASO,EN,Combined TRACON& Tower with Radar,35,37,59,0,131,0,2,66,6,74,35,39,125,6,205,36,0,36,241
09/04/2021,ILM,NC,ASO,EN,Combined TRACON& Tower with Radar,34,23,45,0,102,0,1,74,7,82,34,24,119,7,184,24,0,24,208
09/05/2021,ILM,NC,ASO,EN,Combined TRACON& Tower with Radar,27,24,32,1,84,0,0,57,4,61,27,24,89,5,145,10,0,10,155
09/06/2021,ILM,NC,ASO,EN,Combined TRACON& Tower with Radar,30,35,57,9,131,0,2,38,1,41,30,37,95,10,172,52,0,52,224
09/07/2021,ILM,NC,ASO,EN,Combined TRACON& Tower with Radar,30,31,61,9,131,0,2,11,3,16,30,33,72,12,147,28,20,48,195
09/08/2021,ILM,NC,ASO,EN,Combined TRACON& Tower with Radar,29,29,45,15,118,0,1,22,1,24,29,30,67,16,142,34,16,50,192
09/09/2021,ILM,NC,ASO,EN,Combined TRACON& Tower with Radar,31,23,25,4,83,0,1,6,1,8,31,24,31,5,91,0,8,8,99
09/10/2021,ILM,NC,ASO,EN,Combined TRACON& Tower with Radar,32,32,39,23,126,0,2,39,9,50,32,34,78,32,176,60,6,66,242
09/11/2021,ILM,NC,ASO,EN,Combined TRACON& Tower with Radar,30,19,46,42,137,0,0,65,11,76,30,19,111,53,213,36,56,92,305
09/12/2021,ILM,NC,ASO,EN,Combined TRACON& Tower with Radar,32,26,59,4,121,0,4,57,4,65,32,30,116,8,186,52,10,62,248
09/13/2021,ILM,NC,ASO,EN,Combined TRACON& Tower with Radar,32,27,32,49,140,0,1,54,13,68,32,28,86,62,208,46,38,84,292
09/14/2021,ILM,NC,ASO,EN,Combined TRACON& Tower with Radar,31,20,40,44,135,0,3,49,17,69,31,23,89,61,204,30,62,92,296
09/15/2021,ILM,NC,ASO,EN,Combined TRACON& Tower with Radar,31,23,41,117,212,0,3,29,16,48,31,26,70,133,260,48,56,104,364
09/16/2021,ILM,NC,ASO,EN,Combined TRACON& Tower with Radar,33,21,25,64,143,0,2,18,17,37,33,23,43,81,180,36,20,56,236
09/17/2021,ILM,NC,ASO,EN,Combined TRACON& Tower with Radar,38,25,68,42,173,0,2,13,13,28,38,27,81,55,201,12,20,32,233
09/18/2021,ILM,NC,ASO,EN,Combined TRACON& Tower with Radar,32,16,52,10,110,0,0,57,6,63,32,16,109,16,173,38,2,40,213
09/19/2021,ILM,NC,ASO,EN,Combined TRACON& Tower with Radar,34,26,61,19,140,0,2,63,4,69,34,28,124,23,209,86,0,86,295
09/20/2021,ILM,NC,ASO,EN,Combined TRACON& Tower with Radar,33,23,59,14,129,0,2,14,4,20,33,25,73,18,149,10,0,10,159
09/21/2021,ILM,NC,ASO,EN,Combined TRACON& Tower with Radar,33,24,28,3,88,0,0,0,0,0,33,24,28,3,88,0,0,0,88
09/22/2021,ILM,NC,ASO,EN,Combined TRACON& Tower with Radar,30,29,22,9,90,0,0,2,1,3,30,29,24,10,93,0,0,0,93
09/23/2021,ILM,NC,ASO,EN,Combined TRACON& Tower with Radar,32,34,43,16,125,0,1,14,10,25,32,35,57,26,150,16,14,30,180
09/24/2021,ILM,NC,ASO,EN,Combined TRACON& Tower with Radar,32,28,51,27,138,0,1,77,11,89,32,29,128,38,227,64,8,72,299
09/25/2021,ILM,NC,ASO,EN,Combined TRACON& Tower with Radar,30,25,54,11,120,0,0,66,13,79,30,25,120,24,199,60,2,62,261
09/26/2021,ILM,NC,ASO,EN,Combined TRACON& Tower with Radar,33,24,68,10,135,0,2,66,9,77,33,26,134,19,212,50,0,50,262
09/27/2021,ILM,NC,ASO,EN,Combined TRACON& Tower with Radar,36,34,43,20,133,0,4,43,9,56,36,38,86,29,189,50,0,50,239
09/28/2021,ILM,NC,ASO,EN,Combined TRACON& Tower with Radar,30,21,37,15,103,0,2,41,12,55,30,23,78,27,158,30,14,44,202
09/29/2021,ILM,NC,ASO,EN,Combined TRACON& Tower with Radar,30,35,37,13,115,0,5,56,3,64,30,40,93,16,179,28,0,28,207
09/30/2021,ILM,NC,ASO,EN,Combined TRACON& Tower with Radar,34,30,58,24,146,0,4,32,9,45,34,34,90,33,191,32,6,38,229
10/01/2021,ILM,NC,ASO,EN,Combined TRACON& Tower with Radar,35,44,63,3,145,0,2,50,13,65,35,46,113,16,210,40,4,44,254
10/02/2021,ILM,NC,ASO,EN,Combined TRACON& Tower with Radar,30,32,27,4,93,0,2,55,4,61,30,34,82,8,154,56,0,56,210
10/03/2021,ILM,NC,ASO,EN,Combined TRACON& Tower with Radar,33,23,60,10,126,0,0,41,2,43,33,23,101,12,169,58,0,58,227
10/04/2021,ILM,NC,ASO,EN,Combined TRACON& Tower with Radar,32,44,37,10,123,0,5,22,1,28,32,49,59,11,151,34,4,38,189
10/05/2021,ILM,NC,ASO,EN,Combined TRACON& Tower with Radar,29,32,44,14,119,0,3,33,9,45,29,35,77,23,164,4,36,40,204
10/06/2021,ILM,NC,ASO,EN,Combined TRACON& Tower with Radar,29,26,32,50,137,0,1,23,13,37,29,27,55,63,174,20,32,52,226
10/07/2021,ILM,NC,ASO,EN,Combined TRACON& Tower with Radar,30,28,48,1,107,0,2,11,3,16,30,30,59,4,123,42,0,42,165
10/08/2021,ILM,NC,ASO,EN,Combined TRACON& Tower with Radar,31,26,49,0,106,0,1,3,1,5,31,27,52,1,111,12,0,12,123
10/09/2021,ILM,NC,ASO,EN,Combined TRACON& Tower with Radar,27,25,23,0,75,0,0,1,0,1,27,25,24,0,76,0,0,0,76
10/10/2021,ILM,NC,ASO,EN,Combined TRACON& Tower with Radar,29,32,36,2,99,0,0,3,0,3,29,32,39,2,102,5,0,5,107
10/11/2021,ILM,NC,ASO,EN,Combined TRACON& Tower with Radar,27,28,50,1,106,0,1,4,0,5,27,29,54,1,111,22,0,22,133
10/12/2021,ILM,NC,ASO,EN,Combined TRACON& Tower with Radar,26,20,71,6,123,0,1,11,3,15,26,21,82,9,138,58,0,58,196
10/13/2021,ILM,NC,ASO,EN,Combined TRACON& Tower with Radar,27,32,48,51,158,0,0,39,12,51,27,32,87,63,209,42,61,103,312
10/14/2021,ILM,NC,ASO,EN,Combined TRACON& Tower with Radar,29,38,65,18,150,0,5,56,11,72,29,43,121,29,222,38,6,44,266
10/15/2021,ILM,NC,ASO,EN,Combined TRACON& Tower with Radar,28,32,66,17,143,0,3,52,11,66,28,35,118,28,209,29,12,41,250
10/16/2021,ILM,NC,ASO,EN,Combined TRACON& Tower with Radar,26,30,37,3,96,0,2,71,7,80,26,32,108,10,176,34,0,34,210
10/17/2021,ILM,NC,ASO,EN,Combined TRACON& Tower with Radar,28,36,58,0,122,0,2,68,2,72,28,38,126,2,194,64,0,64,258
10/18/2021,ILM,NC,ASO,EN,Combined TRACON& Tower with Radar,28,26,44,11,109,0,3,43,3,49,28,29,87,14,158,14,38,52,210
10/19/2021,ILM,NC,ASO,EN,Combined TRACON& Tower with Radar,27,25,60,21,133,0,1,48,12,61,27,26,108,33,194,52,6,58,252
10/20/2021,ILM,NC,ASO,EN,Combined TRACON& Tower with Radar,27,32,47,29,135,0,1,51,12,64,27,33,98,41,199,56,42,98,297
10/21/2021,ILM,NC,ASO,EN,Combined TRACON& Tower with Radar,27,45,59,53,184,0,3,60,8,71,27,48,119,61,255,34,56,90,345
10/22/2021,ILM,NC,ASO,EN,Combined TRACON& Tower with Radar,27,33,49,19,128,0,3,33,5,41,27,36,82,24,169,26,4,30,199
10/23/2021,ILM,NC,ASO,EN,Combined TRACON& Tower with Radar,27,29,51,6,113,0,1,50,10,61,27,30,101,16,174,36,0,36,210
10/24/2021,ILM,NC,ASO,EN,Combined TRACON& Tower with Radar,27,40,52,8,127,0,1,58,9,68,27,41,110,17,195,70,8,78,273
10/25/2021,ILM,NC,ASO,EN,Combined TRACON& Tower with Radar,28,33,34,7,102,0,2,13,1,16,28,35,47,8,118,68,0,68,186
10/26/2021,ILM,NC,ASO,EN,Combined TRACON& Tower with Radar,27,38,29,53,147,0,1,20,12,33,27,39,49,65,180,4,26,30,210
10/27/2021,ILM,NC,ASO,EN,Combined TRACON& Tower with Radar,27,30,48,36,141,0,1,50,9,60,27,31,98,45,201,48,22,70,271
10/28/2021,ILM,NC,ASO,EN,Combined TRACON& Tower with Radar,30,49,52,20,151,0,0,25,2,27,30,49,77,22,178,24,0,24,202
10/29/2021,ILM,NC,ASO,EN,Combined TRACON& Tower with Radar,30,38,28,26,122,0,1,8,6,15,30,39,36,32,137,20,10,30,167
10/30/2021,ILM,NC,ASO,EN,Combined TRACON& Tower with Radar,27,32,28,8,95,0,2,58,14,74,27,34,86,22,169,56,0,56,225
10/31/2021,ILM,NC,ASO,EN,Combined TRACON& Tower with Radar,30,27,53,2,112,0,1,45,0,46,30,28,98,2,158,23,0,23,181
11/01/2021,ILM,NC,ASO,EN,Combined TRACON& Tower with Radar,31,30,38,62,161,0,2,51,4,57,31,32,89,66,218,60,52,112,330
11/02/2021,ILM,NC,ASO,EN,Combined TRACON& Tower with Radar,28,17,36,83,164,0,2,52,9,63,28,19,88,92,227,24,74,98,325
11/03/2021,ILM,NC,ASO,EN,Combined TRACON& Tower with Radar,31,30,22,52,135,0,3,42,6,51,31,33,64,58,186,86,26,112,298
11/04/2021,ILM,NC,ASO,EN,Combined TRACON& Tower with Radar,29,34,43,16,122,0,4,28,10,42,29,38,71,26,164,16,8,24,188
11/05/2021,ILM,NC,ASO,EN,Combined TRACON& Tower with Radar,29,29,65,20,143,0,2,28,6,36,29,31,93,26,179,30,0,30,209
11/06/2021,ILM,NC,ASO,EN,Combined TRACON& Tower with Radar,32,9,17,4,62,0,0,4,4,8,32,9,21,8,70,0,0,0,70
11/07/2021,ILM,NC,ASO,EN,Combined TRACON& Tower with Radar,30,24,30,2,86,0,0,5,1,6,30,24,35,3,92,0,4,4,96
11/08/2021,ILM,NC,ASO,EN,Combined TRACON& Tower with Radar,33,19,50,20,122,0,1,26,10,37,33,20,76,30,159,39,0,39,198
11/09/2021,ILM,NC,ASO,EN,Combined TRACON& Tower with Radar,30,23,60,14,127,0,4,75,19,98,30,27,135,33,225,74,0,74,299
11/10/2021,ILM,NC,ASO,EN,Combined TRACON& Tower with Radar,30,38,67,19,154,0,5,73,10,88,30,43,140,29,242,52,20,72,314
11/11/2021,ILM,NC,ASO,EN,Combined TRACON& Tower with Radar,33,29,47,5,114,0,2,43,7,52,33,31,90,12,166,44,2,46,212
11/12/2021,ILM,NC,ASO,EN,Combined TRACON& Tower with Radar,30,22,53,0,105,0,1,59,1,61,30,23,112,1,166,30,0,30,196
11/13/2021,ILM,NC,ASO,EN,Combined TRACON& Tower with Radar,27,24,27,0,78,0,1,76,1,78,27,25,103,1,156,76,0,76,232
11/14/2021,ILM,NC,ASO,EN,Combined TRACON& Tower with Radar,32,13,47,0,92,0,1,75,0,76,32,14,122,0,168,80,0,80,248
11/15/2021,ILM,NC,ASO,EN,Combined TRACON& Tower with Radar,32,26,45,25,128,0,3,52,2,57,32,29,97,27,185,52,53,105,290
11/16/2021,ILM,NC,ASO,EN,Combined TRACON& Tower with Radar,27,23,46,19,115,0,2,59,11,72,27,25,105,30,187,78,24,102,289
11/17/2021,ILM,NC,ASO,EN,Combined TRACON& Tower with Radar,31,28,54,26,139,0,2,80,10,92,31,30,134,36,231,136,6,142,373
11/18/2021,ILM,NC,ASO,EN,Combined TRACON& Tower with Radar,31,26,61,24,142,0,5,46,9,60,31,31,107,33,202,78,32,110,312
11/19/2021,ILM,NC,ASO,EN,Combined TRACON& Tower with Radar,32,25,50,3,110,0,1,35,3,39,32,26,85,6,149,30,0,30,179
11/20/2021,ILM,NC,ASO,EN,Combined TRACON& Tower with Radar,27,22,44,2,95,0,2,71,16,89,27,24,115,18,184,71,0,71,255
11/21/2021,ILM,NC,ASO,EN,Combined TRACON& Tower with Radar,29,20,72,0,121,0,0,62,1,63,29,20,134,1,184,80,0,80,264
11/22/2021,ILM,NC,ASO,EN,Combined TRACON& Tower with Radar,28,21,42,15,106,0,2,4,3,9,28,23,46,18,115,24,0,24,139
11/23/2021,ILM,NC,ASO,EN,Combined TRACON& Tower with Radar,32,29,47,4,112,0,2,39,1,42,32,31,86,5,154,20,0,20,174
11/24/2021,ILM,NC,ASO,EN,Combined TRACON& Tower with Radar,32,27,49,11,119,0,1,47,3,51,32,28,96,14,170,70,8,78,248
11/25/2021,ILM,NC,ASO,EN,Combined TRACON& Tower with Radar,14,19,10,0,43,0,1,7,0,8,14,20,17,0,51,0,0,0,51
11/26/2021,ILM,NC,ASO,EN,Combined TRACON& Tower with Radar,23,15,18,0,56,0,2,15,0,17,23,17,33,0,73,0,0,0,73
11/27/2021,ILM,NC,ASO,EN,Combined TRACON& Tower with Radar,28,52,41,0,121,0,0,87,0,87,28,52,128,0,208,20,0,20,228
11/28/2021,ILM,NC,ASO,EN,Combined TRACON& Tower with Radar,32,36,89,0,157,0,0,51,0,51,32,36,140,0,208,34,0,34,242
11/29/2021,ILM,NC,ASO,EN,Combined TRACON& Tower with Radar,31,30,36,33,130,0,1,34,1,36,31,31,70,34,166,16,6,22,188
11/30/2021,ILM,NC,ASO,EN,Combined TRACON& Tower with Radar,30,38,32,39,139,2,3,43,6,54,32,41,75,45,193,60,46,106,299
12/01/2021,ILM,NC,ASO,EN,Combined TRACON& Tower with Radar,29,27,35,27,118,0,2,55,3,60,29,29,90,30,178,30,10,40,218
12/02/2021,ILM,NC,ASO,EN,Combined TRACON& Tower with Radar,33,36,69,24,162,0,9,49,19,77,33,45,118,43,239,42,26,68,307
12/03/2021,ILM,NC,ASO,EN,Combined TRACON& Tower with Radar,33,32,34,56,155,0,4,54,8,66,33,36,88,64,221,70,16,86,307
12/04/2021,ILM,NC,ASO,EN,Combined TRACON& Tower with Radar,29,9,34,7,79,0,5,80,6,91,29,14,114,13,170,38,2,40,210
12/05/2021,ILM,NC,ASO,EN,Combined TRACON& Tower with Radar,30,35,63,7,135,0,2,52,4,58,30,37,115,11,193,37,6,43,236
12/06/2021,ILM,NC,ASO,EN,Combined TRACON& Tower with Radar,30,22,37,22,111,0,1,53,10,64,30,23,90,32,175,32,36,68,243
12/07/2021,ILM,NC,ASO,EN,Combined TRACON& Tower with Radar,27,21,32,13,93,0,4,15,2,21,27,25,47,15,114,100,6,106,220
12/08/2021,ILM,NC,ASO,EN,Combined TRACON& Tower with Radar,27,31,28,2,88,0,0,0,0,0,27,31,28,2,88,0,0,0,88
12/09/2021,ILM,NC,ASO,EN,Combined TRACON& Tower with Radar,31,26,44,53,154,0,3,50,15,68,31,29,94,68,222,80,10,90,312
12/10/2021,ILM,NC,ASO,EN,Combined TRACON& Tower with Radar,31,38,58,71,198,0,1,14,7,22,31,39,72,78,220,14,8,22,242
12/11/2021,ILM,NC,ASO,EN,Combined TRACON& Tower with Radar,33,15,44,15,107,0,1,57,8,66,33,16,101,23,173,30,0,30,203
12/12/2021,ILM,NC,ASO,EN,Combined TRACON& Tower with Radar,29,29,59,21,138,0,8,44,10,62,29,37,103,31,200,22,0,22,222
12/13/2021,ILM,NC,ASO,EN,Combined TRACON& Tower with Radar,30,24,66,7,127,0,3,70,3,76,30,27,136,10,203,82,4,86,289
12/14/2021,ILM,NC,ASO,EN,Combined TRACON& Tower with Radar,28,30,35,31,124,0,1,49,5,55,28,31,84,36,179,50,44,94,273
12/15/2021,ILM,NC,ASO,EN,Combined TRACON& Tower with Radar,27,29,66,31,153,0,4,54,6,64,27,33,120,37,217,100,0,100,317
12/16/2021,ILM,NC,ASO,EN,Combined TRACON& Tower with Radar,30,30,77,26,163,0,3,68,13,84,30,33,145,39,247,120,10,130,377
12/17/2021,ILM,NC,ASO,EN,Combined TRACON& Tower with Radar,27,43,66,22,158,0,5,50,7,62,27,48,116,29,220,60,0,60,280
12/18/2021,ILM,NC,ASO,EN,Combined TRACON& Tower with Radar,22,43,43,12,120,0,1,30,10,41,22,44,73,22,161,72,10,82,243
12/19/2021,ILM,NC,ASO,EN,Combined TRACON& Tower with Radar,24,37,31,3,95,0,0,0,0,0,24,37,31,3,95,0,0,0,95
12/20/2021,ILM,NC,ASO,EN,Combined TRACON& Tower with Radar,26,27,46,14,113,0,5,40,0,45,26,32,86,14,158,70,6,76,234
12/21/2021,ILM,NC,ASO,EN,Combined TRACON& Tower with Radar,26,28,26,10,90,0,0,2,0,2,26,28,28,10,92,0,0,0,92
12/22/2021,ILM,NC,ASO,EN,Combined TRACON& Tower with Radar,24,36,41,7,108,0,1,41,3,45,24,37,82,10,153,28,0,28,181
12/23/2021,ILM,NC,ASO,EN,Combined TRACON& Tower with Radar,23,48,47,1,119,0,5,64,1,70,23,53,111,2,189,36,0,36,225
12/24/2021,ILM,NC,ASO,EN,Combined TRACON& Tower with Radar,15,34,20,0,69,0,7,34,1,42,15,41,54,1,111,8,0,8,119
12/25/2021,ILM,NC,ASO,EN,Combined TRACON& Tower with Radar,19,26,10,0,55,0,1,6,0,7,19,27,16,0,62,0,0,0,62
12/26/2021,ILM,NC,ASO,EN,Combined TRACON& Tower with Radar,20,46,61,0,127,0,2,45,0,47,20,48,106,0,174,4,0,4,178
12/27/2021,ILM,NC,ASO,EN,Combined TRACON& Tower with Radar,22,45,54,0,121,0,4,36,0,40,22,49,90,0,161,47,0,47,208
12/28/2021,ILM,NC,ASO,EN,Combined TRACON& Tower with Radar,24,37,43,5,109,0,3,38,6,47,24,40,81,11,156,50,6,56,212
12/29/2021,ILM,NC,ASO,EN,Combined TRACON& Tower with Radar,19,42,34,20,115,0,1,28,6,35,19,43,62,26,150,40,10,50,200
12/30/2021,ILM,NC,ASO,EN,Combined TRACON& Tower with Radar,22,37,30,3,92,0,0,17,6,23,22,37,47,9,115,34,4,38,153
12/31/2021,ILM,NC,ASO,EN,Combined TRACON& Tower with Radar,14,32,28,0,74,0,0,42,0,42,14,32,70,0,116,32,0,32,148
01/01/2022,ILM,NC,ASO,EN,Combined TRACON& Tower with Radar,20,42,41,0,103,0,0,20,0,20,20,42,61,0,123,0,0,0,123
01/02/2022,ILM,NC,ASO,EN,Combined TRACON& Tower with Radar,22,36,53,0,111,0,0,6,0,6,22,36,59,0,117,0,0,0,117
01/03/2022,ILM,NC,ASO,EN,Combined TRACON& Tower with Radar,20,38,46,0,104,0,1,2,0,3,20,39,48,0,107,0,0,0,107
01/04/2022,ILM,NC,ASO,EN,Combined TRACON& Tower with Radar,20,35,51,0,106,0,4,55,2,61,20,39,106,2,167,76,0,76,243
01/05/2022,ILM,NC,ASO,EN,Combined TRACON& Tower with Radar,21,43,31,17,112,0,3,5,0,8,21,46,36,17,120,26,0,26,146
01/06/2022,ILM,NC,ASO,EN,Combined TRACON& Tower with Radar,22,29,31,71,153,0,1,65,7,73,22,30,96,78,226,42,24,66,292
01/07/2022,ILM,NC,ASO,EN,Combined TRACON& Tower with Radar,21,39,30,13,103,0,3,36,8,47,21,42,66,21,150,36,8,44,194
01/08/2022,ILM,NC,ASO,EN,Combined TRACON& Tower with Radar,18,10,38,5,71,0,0,80,1,81,18,10,118,6,152,42,0,42,194
01/09/2022,ILM,NC,ASO,EN,Combined TRACON& Tower with Radar,25,15,40,2,82,0,0,29,0,29,25,15,69,2,111,16,0,16,127
01/10/2022,ILM,NC,ASO,EN,Combined TRACON& Tower with Radar,25,25,48,30,128,0,1,25,4,30,25,26,73,34,158,48,36,84,242
01/11/2022,ILM,NC,ASO,EN,Combined TRACON& Tower with Radar,15,21,9,13,58,0,2,26,4,32,15,23,35,17,90,10,0,10,100
01/12/2022,ILM,NC,ASO,EN,Combined TRACON& Tower with Radar,8,16,20,6,50,0,12,60,23,95,8,28,80,29,145,0,0,0,145
01/13/2022,ILM,NC,ASO,EN,Combined TRACON& Tower with Radar,26,28,37,6,97,0,4,36,1,41,26,32,73,7,138,20,0,20,158
01/14/2022,ILM,NC,ASO,EN,Combined TRACON& Tower with Radar,24,29,27,4,84,0,4,41,5,50,24,33,68,9,134,0,2,2,136
01/15/2022,ILM,NC,ASO,EN,Combined TRACON& Tower with Radar,19,10,35,0,64,0,1,65,0,66,19,11,100,0,130,18,0,18,148
01/16/2022,ILM,NC,ASO,EN,Combined TRACON& Tower with Radar,13,11,6,0,30,0,0,0,0,0,13,11,6,0,30,0,0,0,30
01/17/2022,ILM,NC,ASO,EN,Combined TRACON& Tower with Radar,17,21,33,0,71,0,0,5,4,9,17,21,38,4,80,0,0,0,80
01/18/2022,ILM,NC,ASO,EN,Combined TRACON& Tower with Radar,21,27,36,4,88,0,3,65,1,69,21,30,101,5,157,32,0,32,189
01/19/2022,ILM,NC,ASO,EN,Combined TRACON& Tower with Radar,23,20,63,30,136,0,3,61,10,74,23,23,124,40,210,46,10,56,266
01/20/2022,ILM,NC,ASO,EN,Combined TRACON& Tower with Radar,27,22,47,31,127,0,1,22,9,32,27,23,69,40,159,94,14,108,267
01/21/2022,ILM,NC,ASO,EN,Combined TRACON& Tower with Radar,3,5,4,0,12,0,0,0,0,0,3,5,4,0,12,0,0,0,12
01/22/2022,ILM,NC,ASO,EN,Combined TRACON& Tower with Radar,8,10,7,0,25,0,0,1,0,1,8,10,8,0,26,0,0,0,26
01/23/2022,ILM,NC,ASO,EN,Combined TRACON& Tower with Radar,27,21,37,4,89,0,1,49,5,55,27,22,86,9,144,22,0,22,166
01/24/2022,ILM,NC,ASO,EN,Combined TRACON& Tower with Radar,24,22,56,29,131,0,3,50,9,62,24,25,106,38,193,6,30,36,229
01/25/2022,ILM,NC,ASO,EN,Combined TRACON& Tower with Radar,20,15,38,49,122,0,2,27,5,34,20,17,65,54,156,4,16,20,176
01/26/2022,ILM,NC,ASO,EN,Combined TRACON& Tower with Radar,22,29,43,19,113,1,2,38,8,49,23,31,81,27,162,48,22,70,232
01/27/2022,ILM,NC,ASO,EN,Combined TRACON& Tower with Radar,26,28,44,16,114,0,2,51,4,57,26,30,95,20,171,58,2,60,231
01/28/2022,ILM,NC,ASO,EN,Combined TRACON& Tower with Radar,23,24,27,26,100,0,0,17,9,26,23,24,44,35,126,58,4,62,188
01/29/2022,ILM,NC,ASO,EN,Combined TRACON& Tower with Radar,15,15,8,2,40,0,0,2,2,4,15,15,10,4,44,0,0,0,44
01/30/2022,ILM,NC,ASO,EN,Combined TRACON& Tower with Radar,21,20,48,1,90,0,1,45,12,58,21,21,93,13,148,12,4,16,164
01/31/2022,ILM,NC,ASO,EN,Combined TRACON& Tower with Radar,25,23,49,26,123,0,4,49,3,56,25,27,98,29,179,122,28,150,329
02/01/2022,ILM,NC,ASO,EN,Combined TRACON& Tower with Radar,19,29,38,35,121,0,2,53,10,65,19,31,91,45,186,113,20,133,319
02/02/2022,ILM,NC,ASO,EN,Combined TRACON& Tower with Radar,21,24,44,17,106,0,0,36,7,43,21,24,80,24,149,124,4,128,277
02/03/2022,ILM,NC,ASO,EN,Combined TRACON& Tower with Radar,22,34,52,25,133,0,0,38,12,50,22,34,90,37,183,140,6,146,329
02/04/2022,ILM,NC,ASO,EN,Combined TRACON& Tower with Radar,24,36,24,26,110,0,1,5,6,12,24,37,29,32,122,2,0,2,124
02/05/2022,ILM,NC,ASO,EN,Combined TRACON& Tower with Radar,18,19,31,12,80,0,0,25,1,26,18,19,56,13,106,32,0,32,138
02/06/2022,ILM,NC,ASO,EN,Combined TRACON& Tower with Radar,25,30,36,3,94,0,2,44,4,50,25,32,80,7,144,64,0,64,208
02/07/2022,ILM,NC,ASO,EN,Combined TRACON& Tower with Radar,25,27,30,1,83,0,0,0,0,0,25,27,30,1,83,0,0,0,83
02/08/2022,ILM,NC,ASO,EN,Combined TRACON& Tower with Radar,15,20,21,26,82,0,0,15,5,20,15,20,36,31,102,22,8,30,132
02/09/2022,ILM,NC,ASO,EN,Combined TRACON& Tower with Radar,25,38,53,19,135,0,4,68,11,83,25,42,121,30,218,90,14,104,322
02/10/2022,ILM,NC,ASO,EN,Combined TRACON& Tower with Radar,26,46,54,25,151,0,7,69,18,94,26,53,123,43,245,102,24,126,371
02/11/2022,ILM,NC,ASO,EN,Combined TRACON& Tower with Radar,29,31,54,41,155,0,2,72,8,82,29,33,126,49,237,36,16,52,289
02/12/2022,ILM,NC,ASO,EN,Combined TRACON& Tower with Radar,23,26,39,12,100,0,0,84,1,85,23,26,123,13,185,66,0,66,251
02/13/2022,ILM,NC,ASO,EN,Combined TRACON& Tower with Radar,25,27,54,4,110,0,0,3,0,3,25,27,57,4,113,36,0,36,149
02/14/2022,ILM,NC,ASO,EN,Combined TRACON& Tower with Radar,33,24,29,9,95,0,1,38,4,43,33,25,67,13,138,24,24,48,186
02/15/2022,ILM,NC,ASO,EN,Combined TRACON& Tower with Radar,30,28,57,10,125,0,1,62,8,71,30,29,119,18,196,58,0,58,254
02/16/2022,ILM,NC,ASO,EN,Combined TRACON& Tower with Radar,31,16,65,24,136,0,2,50,6,58,31,18,115,30,194,60,34,94,288
02/17/2022,ILM,NC,ASO,EN,Combined TRACON& Tower with Radar,28,32,56,25,141,0,0,38,4,42,28,32,94,29,183,18,0,18,201
02/18/2022,ILM,NC,ASO,EN,Combined TRACON& Tower with Radar,32,41,39,2,114,0,4,13,0,17,32,45,52,2,131,32,0,32,163
02/19/2022,ILM,NC,ASO,EN,Combined TRACON& Tower with Radar,26,36,43,10,115,0,11,63,0,74,26,47,106,10,189,154,0,154,343
02/20/2022,ILM,NC,ASO,EN,Combined TRACON& Tower with Radar,28,15,64,0,107,0,1,85,1,87,28,16,149,1,194,70,0,70,264
02/21/2022,ILM,NC,ASO,EN,Combined TRACON& Tower with Radar,29,23,54,0,106,0,2,34,4,40,29,25,88,4,146,16,0,16,162
02/22/2022,ILM,NC,ASO,EN,Combined TRACON& Tower with Radar,29,32,41,27,129,0,1,35,3,39,29,33,76,30,168,68,4,72,240
02/23/2022,ILM,NC,ASO,EN,Combined TRACON& Tower with Radar,24,33,32,33,122,0,1,25,12,38,24,34,57,45,160,62,24,86,246
02/24/2022,ILM,NC,ASO,EN,Combined TRACON& Tower with Radar,31,27,48,21,127,0,0,2,0,2,31,27,50,21,129,0,0,0,129
02/25/2022,ILM,NC,ASO,EN,Combined TRACON& Tower with Radar,32,32,56,22,142,0,3,24,15,42,32,35,80,37,184,42,42,84,268
02/26/2022,ILM,NC,ASO,EN,Combined TRACON& Tower with Radar,21,31,76,10,138,0,0,36,0,36,21,31,112,10,174,66,0,66,240
02/27/2022,ILM,NC,ASO,EN,Combined TRACON& Tower with Radar,30,38,60,1,129,0,0,7,0,7,30,38,67,1,136,66,0,66,202
02/28/2022,ILM,NC,ASO,EN,Combined TRACON& Tower with Radar,30,18,67,10,125,0,6,67,0,73,30,24,134,10,198,76,10,86,284
03/01/2022,ILM,NC,ASO,EN,Combined TRACON& Tower with Radar,31,19,43,17,110,0,1,54,8,63,31,20,97,25,173,118,18,136,309
03/02/2022,ILM,NC,ASO,EN,Combined TRACON& Tower with Radar,31,32,34,16,113,0,0,77,5,82,31,32,111,21,195,112,8,120,315
03/03/2022,ILM,NC,ASO,EN,Combined TRACON& Tower with Radar,30,43,35,15,123,0,1,66,9,76,30,44,101,24,199,72,24,96,295
03/04/2022,ILM,NC,ASO,EN,Combined TRACON& Tower with Radar,30,33,67,2,132,0,0,28,2,30,30,33,95,4,162,10,20,30,192
03/05/2022,ILM,NC,ASO,EN,Combined TRACON& Tower with Radar,27,19,46,0,92,0,0,57,0,57,27,19,103,0,149,84,0,84,233
03/06/2022,ILM,NC,ASO,EN,Combined TRACON& Tower with Radar,30,25,53,6,114,0,2,28,0,30,30,27,81,6,144,16,0,16,160
03/07/2022,ILM,NC,ASO,EN,Combined TRACON& Tower with Radar,31,27,30,42,130,0,1,8,6,15,31,28,38,48,145,8,16,24,169
03/08/2022,ILM,NC,ASO,EN,Combined TRACON& Tower with Radar,26,18,35,16,95,0,1,18,4,23,26,19,53,20,118,10,38,48,166
03/09/2022,ILM,NC,ASO,EN,Combined TRACON& Tower with Radar,22,35,61,50,168,0,2,3,8,13,22,37,64,58,181,10,26,36,217
03/10/2022,ILM,NC,ASO,EN,Combined TRACON& Tower with Radar,33,39,66,8,146,0,0,1,1,2,33,39,67,9,148,0,0,0,148
03/11/2022,ILM,NC,ASO,EN,Combined TRACON& Tower with Radar,35,25,57,0,117,0,0,2,0,2,35,25,59,0,119,22,0,22,141
03/12/2022,ILM,NC,ASO,EN,Combined TRACON& Tower with Radar,29,21,19,0,69,0,1,0,2,3,29,22,19,2,72,0,0,0,72
03/13/2022,ILM,NC,ASO,EN,Combined TRACON& Tower with Radar,34,42,79,0,155,0,0,81,0,81,34,42,160,0,236,49,0,49,285
03/14/2022,ILM,NC,ASO,EN,Combined TRACON& Tower with Radar,35,32,60,26,153,0,4,59,7,70,35,36,119,33,223,58,20,78,301
03/15/2022,ILM,NC,ASO,EN,Combined TRACON& Tower with Radar,27,38,42,29,136,0,0,50,5,55,27,38,92,34,191,30,9,39,230
03/16/2022,ILM,NC,ASO,EN,Combined TRACON& Tower with Radar,28,30,33,3,94,0,7,15,4,26,28,37,48,7,120,8,6,14,134
03/17/2022,ILM,NC,ASO,EN,Combined TRACON& Tower with Radar,31,39,55,40,165,0,2,32,15,49,31,41,87,55,214,32,90,122,336
03/18/2022,ILM,NC,ASO,EN,Combined TRACON& Tower with Radar,30,36,61,43,170,0,1,58,10,69,30,37,119,53,239,32,36,68,307
03/19/2022,ILM,NC,ASO,EN,Combined TRACON& Tower with Radar,27,20,29,30,106,0,0,24,5,29,27,20,53,35,135,3,10,13,148
03/20/2022,ILM,NC,ASO,EN,Combined TRACON& Tower with Radar,34,25,71,0,130,0,41,52,0,93,34,66,123,0,223,22,0,22,245
03/21/2022,ILM,NC,ASO,EN,Combined TRACON& Tower with Radar,34,32,54,26,146,0,3,48,2,53,34,35,102,28,199,46,0,46,245
03/22/2022,ILM,NC,ASO,EN,Combined TRACON& Tower with Radar,27,15,54,55,151,0,2,70,4,76,27,17,124,59,227,38,28,66,293
03/23/2022,ILM,NC,ASO,EN,Combined TRACON& Tower with Radar,28,20,40,60,148,0,1,9,4,14,28,21,49,64,162,30,28,58,220
03/24/2022,ILM,NC,ASO,EN,Combined TRACON& Tower with Radar,32,35,41,4,112,0,0,3,0,3,32,35,44,4,115,0,0,0,115
03/25/2022,ILM,NC,ASO,EN,Combined TRACON& Tower with Radar,31,39,40,9,119,0,4,40,1,45,31,43,80,10,164,8,0,8,172
03/26/2022,ILM,NC,ASO,EN,Combined TRACON& Tower with Radar,29,38,30,0,97,0,0,23,0,23,29,38,53,0,120,10,0,10,130
03/27/2022,ILM,NC,ASO,EN,Combined TRACON& Tower with Radar,31,39,46,6,122,0,0,38,0,38,31,39,84,6,160,17,0,17,177
03/28/2022,ILM,NC,ASO,EN,Combined TRACON& Tower with Radar,33,18,44,22,117,1,4,54,4,63,34,22,98,26,180,42,12,54,234
03/29/2022,ILM,NC,ASO,EN,Combined TRACON& Tower with Radar,31,21,25,27,104,0,1,54,9,64,31,22,79,36,168,22,18,40,208
03/30/2022,ILM,NC,ASO,EN,Combined TRACON& Tower with Radar,28,28,52,23,131,0,1,24,3,28,28,29,76,26,159,62,12,74,233
03/31/2022,ILM,NC,ASO,EN,Combined TRACON& Tower with Radar,36,23,24,4,87,0,0,2,1,3,36,23,26,5,90,0,0,0,90
04/01/2022,ILM,NC,ASO,EN,Combined TRACON& Tower with Radar,36,25,57,7,125,0,2,43,8,53,36,27,100,15,178,12,8,20,198
04/02/2022,ILM,NC,ASO,EN,Combined TRACON& Tower with Radar,31,25,55,1,112,0,0,75,1,76,31,25,130,2,188,58,6,64,252
04/03/2022,ILM,NC,ASO,EN,Combined TRACON& Tower with Radar,36,28,68,0,132,0,2,60,0,62,36,30,128,0,194,42,0,42,236
04/04/2022,ILM,NC,ASO,EN,Combined TRACON& Tower with Radar,38,27,37,24,126,1,5,53,4,63,39,32,90,28,189,70,6,76,265
04/05/2022,ILM,NC,ASO,EN,Combined TRACON& Tower with Radar,39,29,42,0,110,0,0,13,4,17,39,29,55,4,127,0,0,0,127
04/06/2022,ILM,NC,ASO,EN,Combined TRACON& Tower with Radar,39,38,46,40,163,0,0,30,7,37,39,38,76,47,200,52,20,72,272
04/07/2022,ILM,NC,ASO,EN,Combined TRACON& Tower with Radar,41,23,36,3,103,0,2,9,3,14,41,25,45,6,117,0,0,0,117
04/08/2022,ILM,NC,ASO,EN,Combined TRACON& Tower with Radar,39,30,57,4,130,0,0,40,11,51,39,30,97,15,181,4,20,24,205
04/09/2022,ILM,NC,ASO,EN,Combined TRACON& Tower with Radar,33,31,39,9,112,0,0,28,4,32,33,31,67,13,144,5,1,6,150
04/10/2022,ILM,NC,ASO,EN,Combined TRACON& Tower with Radar,43,18,29,5,95,0,2,29,0,31,43,20,58,5,126,0,0,0,126
04/11/2022,ILM,NC,ASO,EN,Combined TRACON& Tower with Radar,39,17,53,35,144,0,2,48,7,57,39,19,101,42,201,12,54,66,267
04/12/2022,ILM,NC,ASO,EN,Combined TRACON& Tower with Radar,40,21,43,11,115,0,3,57,4,64,40,24,100,15,179,70,2,72,251
04/13/2022,ILM,NC,ASO,EN,Combined TRACON& Tower with Radar,36,32,77,25,170,0,3,65,7,75,36,35,142,32,245,32,6,38,283
04/14/2022,ILM,NC,ASO,EN,Combined TRACON& Tower with Radar,37,47,63,49,196,0,1,26,1,28,37,48,89,50,224,17,15,32,256
04/15/2022,ILM,NC,ASO,EN,Combined TRACON& Tower with Radar,40,43,60,0,143,0,2,60,1,63,40,45,120,1,206,49,0,49,255
04/16/2022,ILM,NC,ASO,EN,Combined TRACON& Tower with Radar,35,34,56,0,125,0,0,38,0,38,35,34,94,0,163,48,0,48,211
04/17/2022,ILM,NC,ASO,EN,Combined TRACON& Tower with Radar,35,38,41,0,114,0,1,30,0,31,35,39,71,0,145,4,0,4,149
04/18/2022,ILM,NC,ASO,EN,Combined TRACON& Tower with Radar,39,30,38,6,113,0,0,1,0,1,39,30,39,6,114,4,0,4,118
04/19/2022,ILM,NC,ASO,EN,Combined TRACON& Tower with Radar,36,38,67,38,179,0,2,51,11,64,36,40,118,49,243,36,32,68,311
04/20/2022,ILM,NC,ASO,EN,Combined TRACON& Tower with Radar,37,34,43,16,130,0,2,50,3,55,37,36,93,19,185,36,0,36,221
04/21/2022,ILM,NC,ASO,EN,Combined TRACON& Tower with Radar,39,23,54,38,154,0,2,64,8,74,39,25,118,46,228,42,34,76,304
04/22/2022,ILM,NC,ASO,EN,Combined TRACON& Tower with Radar,39,25,44,34,142,0,1,54,8,63,39,26,98,42,205,48,0,48,253
04/23/2022,ILM,NC,ASO,EN,Combined TRACON& Tower with Radar,34,30,42,6,112,0,1,78,7,86,34,31,120,13,198,22,0,22,220
04/24/2022,ILM,NC,ASO,EN,Combined TRACON& Tower with Radar,39,26,52,3,120,0,2,68,3,73,39,28,120,6,193,24,0,24,217
04/25/2022,ILM,NC,ASO,EN,Combined TRACON& Tower with Radar,41,26,45,37,149,0,2,43,7,52,41,28,88,44,201,26,28,54,255
04/26/2022,ILM,NC,ASO,EN,Combined TRACON& Tower with Radar,42,26,47,25,140,0,1,22,4,27,42,27,69,29,167,32,14,46,213
04/27/2022,ILM,NC,ASO,EN,Combined TRACON& Tower with Radar,36,28,77,49,190,0,2,68,22,92,36,30,145,71,282,50,46,96,378
04/28/2022,ILM,NC,ASO,EN,Combined TRACON& Tower with Radar,40,30,56,14,140,0,3,56,11,70,40,33,112,25,210,84,10,94,304
04/29/2022,ILM,NC,ASO,EN,Combined TRACON& Tower with Radar,41,24,50,4,119,0,3,56,0,59,41,27,106,4,178,80,0,80,258
04/30/2022,ILM,NC,ASO,EN,Combined TRACON& Tower with Radar,36,27,43,2,108,0,0,47,2,49,36,27,90,4,157,46,0,46,203
05/01/2022,ILM,NC,ASO,EN,Combined TRACON& Tower with Radar,39,28,57,2,126,0,1,41,0,42,39,29,98,2,168,24,0,24,192
05/02/2022,ILM,NC,ASO,EN,Combined TRACON& Tower with Radar,38,38,66,12,154,0,0,40,6,46,38,38,106,18,200,14,6,20,220
05/03/2022,ILM,NC,ASO,EN,Combined TRACON& Tower with Radar,37,31,42,24,134,0,0,32,11,43,37,31,74,35,177,38,40,78,255
05/04/2022,ILM,NC,ASO,EN,Combined TRACON& Tower with Radar,36,29,32,47,144,0,2,29,6,37,36,31,61,53,181,4,10,14,195
05/05/2022,ILM,NC,ASO,EN,Combined TRACON& Tower with Radar,43,31,64,24,162,0,0,28,6,34,43,31,92,30,196,68,2,70,266
05/06/2022,ILM,NC,ASO,EN,Combined TRACON& Tower with Radar,45,38,42,21,146,0,2,10,6,18,45,40,52,27,164,8,18,26,190
05/07/2022,ILM,NC,ASO,EN,Combined TRACON& Tower with Radar,38,16,56,6,116,0,0,35,5,40,38,16,91,11,156,100,0,100,256
05/08/2022,ILM,NC,ASO,EN,Combined TRACON& Tower with Radar,43,28,35,2,108,0,0,2,0,2,43,28,37,2,110,24,0,24,134
05/09/2022,ILM,NC,ASO,EN,Combined TRACON& Tower with Radar,44,17,39,30,130,0,1,40,5,46,44,18,79,35,176,14,30,44,220
05/10/2022,ILM,NC,ASO,EN,Combined TRACON& Tower with Radar,39,26,25,24,114,0,1,14,16,31,39,27,39,40,145,40,16,56,201
05/11/2022,ILM,NC,ASO,EN,Combined TRACON& Tower with Radar,40,26,50,15,131,0,5,29,7,41,40,31,79,22,172,46,42,88,260
05/12/2022,ILM,NC,ASO,EN,Combined TRACON& Tower with Radar,47,36,48,11,142,0,0,1,5,6,47,36,49,16,148,0,0,0,148
05/13/2022,ILM,NC,ASO,EN,Combined TRACON& Tower with Radar,42,38,42,1,123,0,1,8,7,16,42,39,50,8,139,14,0,14,153
05/14/2022,ILM,NC,ASO,EN,Combined TRACON& Tower with Radar,36,20,29,6,91,0,0,27,8,35,36,20,56,14,126,89,0,89,215
05/15/2022,ILM,NC,ASO,EN,Combined TRACON& Tower with Radar,41,26,77,0,144,0,1,49,0,50,41,27,126,0,194,20,0,20,214
05/16/2022,ILM,NC,ASO,EN,Combined TRACON& Tower with Radar,42,27,57,11,137,0,1,29,6,36,42,28,86,17,173,58,8,66,239
05/17/2022,ILM,NC,ASO,EN,Combined TRACON& Tower with Radar,42,25,61,6,134,0,2,44,2,48,42,27,105,8,182,74,6,80,262
05/18/2022,ILM,NC,ASO,EN,Combined TRACON& Tower with Radar,39,33,58,11,141,0,1,82,10,93,39,34,140,21,234,80,0,80,314
05/19/2022,ILM,NC,ASO,EN,Combined TRACON& Tower with Radar,47,37,66,1,151,0,2,52,4,58,47,39,118,5,209,64,4,68,277
05/20/2022,ILM,NC,ASO,EN,Combined TRACON& Tower with Radar,44,30,28,23,125,0,1,57,9,67,44,31,85,32,192,0,0,0,192
05/21/2022,ILM,NC,ASO,EN,Combined TRACON& Tower with Radar,37,31,44,11,123,0,2,40,5,47,37,33,84,16,170,42,0,42,212
05/22/2022,ILM,NC,ASO,EN,Combined TRACON& Tower with Radar,44,25,60,12,141,0,1,35,1,37,44,26,95,13,178,50,0,50,228
05/23/2022,ILM,NC,ASO,EN,Combined TRACON& Tower with Radar,34,40,39,61,174,0,0,21,9,30,34,40,60,70,204,16,6,22,226
05/24/2022,ILM,NC,ASO,EN,Combined TRACON& Tower with Radar,39,31,22,19,111,0,0,10,10,20,39,31,32,29,131,14,28,42,173
05/25/2022,ILM,NC,ASO,EN,Combined TRACON& Tower with Radar,40,32,63,12,147,0,1,28,14,43,40,33,91,26,190,42,6,48,238
05/26/2022,ILM,NC,ASO,EN,Combined TRACON& Tower with Radar,46,42,71,26,185,0,0,33,4,37,46,42,104,30,222,6,38,44,266
05/27/2022,ILM,NC,ASO,EN,Combined TRACON& Tower with Radar,43,32,30,0,105,0,1,3,2,6,43,33,33,2,111,0,0,0,111
05/28/2022,ILM,NC,ASO,EN,Combined TRACON& Tower with Radar,37,20,57,0,114,0,1,60,1,62,37,21,117,1,176,55,0,55,231
05/29/2022,ILM,NC,ASO,EN,Combined TRACON& Tower with Radar,43,24,26,0,93,0,0,42,0,42,43,24,68,0,135,36,0,36,171
05/30/2022,ILM,NC,ASO,EN,Combined TRACON& Tower with Radar,47,36,43,0,126,0,2,51,0,53,47,38,94,0,179,58,0,58,237
05/31/2022,ILM,NC,ASO,EN,Combined TRACON& Tower with Radar,38,34,65,31,168,0,2,60,3,65,38,36,125,34,233,72,8,80,313
06/01/2022,ILM,NC,ASO,EN,Combined TRACON& Tower with Radar,36,45,41,32,154,0,1,61,8,70,36,46,102,40,224,30,14,44,268
06/02/2022,ILM,NC,ASO,EN,Combined TRACON& Tower with Radar,38,46,62,23,169,0,0,39,8,47,38,46,101,31,216,32,30,62,278
06/03/2022,ILM,NC,ASO,EN,Combined TRACON& Tower with Radar,42,26,42,5,115,0,1,29,4,34,42,27,71,9,149,42,12,54,203
06/04/2022,ILM,NC,ASO,EN,Combined TRACON& Tower with Radar,41,20,54,9,124,0,0,23,5,28,41,20,77,14,152,26,0,26,178
06/05/2022,ILM,NC,ASO,EN,Combined TRACON& Tower with Radar,42,22,52,3,119,0,0,28,0,28,42,22,80,3,147,16,0,16,163
06/06/2022,ILM,NC,ASO,EN,Combined TRACON& Tower with Radar,42,30,48,56,176,0,0,41,3,44,42,30,89,59,220,30,20,50,270
06/07/2022,ILM,NC,ASO,EN,Combined TRACON& Tower with Radar,40,24,39,39,142,0,1,51,5,57,40,25,90,44,199,102,34,136,335
06/08/2022,ILM,NC,ASO,EN,Combined TRACON& Tower with Radar,40,27,34,22,123,0,0,23,3,26,40,27,57,25,149,2,12,14,163
06/09/2022,ILM,NC,ASO,EN,Combined TRACON& Tower with Radar,40,25,48,20,133,0,1,36,10,47,40,26,84,30,180,26,20,46,226
06/10/2022,ILM,NC,ASO,EN,Combined TRACON& Tower with Radar,43,25,52,51,171,0,1,67,14,82,43,26,119,65,253,38,22,60,313
06/11/2022,ILM,NC,ASO,EN,Combined TRACON& Tower with Radar,40,31,48,5,124,0,0,67,2,69,40,31,115,7,193,84,10,94,287
06/12/2022,ILM,NC,ASO,EN,Combined TRACON& Tower with Radar,44,26,51,17,138,0,0,9,4,13,44,26,60,21,151,26,0,26,177
06/13/2022,ILM,NC,ASO,EN,Combined TRACON& Tower with Radar,45,20,36,12,113,0,1,27,4,32,45,21,63,16,145,32,20,52,197
06/14/2022,ILM,NC,ASO,EN,Combined TRACON& Tower with Radar,38,23,62,8,131,0,1,30,9,40,38,24,92,17,171,30,0,30,201
06/15/2022,ILM,NC,ASO,EN,Combined TRACON& Tower with Radar,39,28,59,47,173,0,4,57,7,68,39,32,116,54,241,54,14,68,309
06/16/2022,ILM,NC,ASO,EN,Combined TRACON& Tower with Radar,32,27,60,19,138,0,7,53,7,67,32,34,113,26,205,16,14,30,235
06/17/2022,ILM,NC,ASO,EN,Combined TRACON& Tower with Radar,36,27,78,16,157,0,2,44,3,49,36,29,122,19,206,46,12,58,264
06/18/2022,ILM,NC,ASO,EN,Combined TRACON& Tower with Radar,34,22,59,0,115,0,5,52,2,59,34,27,111,2,174,54,0,54,228
06/19/2022,ILM,NC,ASO,EN,Combined TRACON& Tower with Radar,43,34,63,2,142,0,2,49,0,51,43,36,112,2,193,32,0,32,225
06/20/2022,ILM,NC,ASO,EN,Combined TRACON& Tower with Radar,44,24,57,0,125,0,2,65,0,67,44,26,122,0,192,72,0,72,264
06/21/2022,ILM,NC,ASO,EN,Combined TRACON& Tower with Radar,38,23,43,24,128,0,4,59,4,67,38,27,102,28,195,40,44,84,279
06/22/2022,ILM,NC,ASO,EN,Combined TRACON& Tower with Radar,37,24,46,29,136,0,2,43,3,48,37,26,89,32,184,20,2,22,206
06/23/2022,ILM,NC,ASO,EN,Combined TRACON& Tower with Radar,37,19,61,11,128,0,4,30,7,41,37,23,91,18,169,16,10,26,195
06/24/2022,ILM,NC,ASO,EN,Combined TRACON& Tower with Radar,40,28,69,34,171,0,5,51,7,63,40,33,120,41,234,0,24,24,258
06/25/2022,ILM,NC,ASO,EN,Combined TRACON& Tower with Radar,43,24,42,16,125,0,6,56,11,73,43,30,98,27,198,40,12,52,250
06/26/2022,ILM,NC,ASO,EN,Combined TRACON& Tower with Radar,45,24,58,18,145,0,4,67,11,82,45,28,125,29,227,32,0,32,259
06/27/2022,ILM,NC,ASO,EN,Combined TRACON& Tower with Radar,40,30,38,9,117,0,0,36,3,39,40,30,74,12,156,26,42,68,224
06/28/2022,ILM,NC,ASO,EN,Combined TRACON& Tower with Radar,40,21,68,16,145,0,1,33,4,38,40,22,101,20,183,32,4,36,219
06/29/2022,ILM,NC,ASO,EN,Combined TRACON& Tower with Radar,41,28,43,15,127,0,1,13,4,18,41,29,56,19,145,0,0,0,145
06/30/2022,ILM,NC,ASO,EN,Combined TRACON& Tower with Radar,46,30,100,22,198,0,0,45,11,56,46,30,145,33,254,32,20,52,306
07/01/2022,ILM,NC,ASO,EN,Combined TRACON& Tower with Radar,47,27,61,4,139,0,0,9,0,9,47,27,70,4,148,10,0,10,158
07/02/2022,ILM,NC,ASO,EN,Combined TRACON& Tower with Radar,38,17,37,0,92,0,2,5,0,7,38,19,42,0,99,57,0,57,156
07/03/2022,ILM,NC,ASO,EN,Combined TRACON& Tower with Radar,41,10,16,0,67,0,2,31,3,36,41,12,47,3,103,34,2,36,139
07/04/2022,ILM,NC,ASO,EN,Combined TRACON& Tower with Radar,47,18,32,2,99,0,2,11,0,13,47,20,43,2,112,0,0,0,112
07/05/2022,ILM,NC,ASO,EN,Combined TRACON& Tower with Radar,44,35,49,8,136,0,4,33,0,37,44,39,82,8,173,56,0,56,229
07/06/2022,ILM,NC,ASO,EN,Combined TRACON& Tower with Radar,42,29,44,20,135,0,3,52,5,60,42,32,96,25,195,54,28,82,277
07/07/2022,ILM,NC,ASO,EN,Combined TRACON& Tower with Radar,47,26,60,12,145,0,2,38,0,40,47,28,98,12,185,30,0,30,215
07/08/2022,ILM,NC,ASO,EN,Combined TRACON& Tower with Radar,49,21,62,28,160,0,1,31,2,34,49,22,93,30,194,28,6,34,228
07/09/2022,ILM,NC,ASO,EN,Combined TRACON& Tower with Radar,44,18,54,7,123,0,2,32,5,39,44,20,86,12,162,56,0,56,218
07/10/2022,ILM,NC,ASO,EN,Combined TRACON& Tower with Radar,44,17,48,15,124,0,0,3,1,4,44,17,51,16,128,32,0,32,160
07/11/2022,ILM,NC,ASO,EN,Combined TRACON& Tower with Radar,48,27,60,2,137,0,1,13,2,16,48,28,73,4,153,62,0,62,215
07/12/2022,ILM,NC,ASO,EN,Combined TRACON& Tower with Radar,42,25,59,6,132,0,1,29,7,37,42,26,88,13,169,36,0,36,205
07/13/2022,ILM,NC,ASO,EN,Combined TRACON& Tower with Radar,43,21,53,6,123,0,2,33,5,40,43,23,86,11,163,30,0,30,193
07/14/2022,ILM,NC,ASO,EN,Combined TRACON& Tower with Radar,46,27,62,49,184,0,3,26,7,36,46,30,88,56,220,34,4,38,258
07/15/2022,ILM,NC,ASO,EN,Combined TRACON& Tower with Radar,48,29,35,20,132,0,1,19,4,24,48,30,54,24,156,26,6,32,188
07/16/2022,ILM,NC,ASO,EN,Combined TRACON& Tower with Radar,42,26,31,17,116,0,0,27,4,31,42,26,58,21,147,48,6,54,201
07/17/2022,ILM,NC,ASO,EN,Combined TRACON& Tower with Radar,46,31,67,10,154,0,1,41,6,48,46,32,108,16,202,54,0,54,256
07/18/2022,ILM,NC,ASO,EN,Combined TRACON& Tower with Radar,44,24,45,8,121,0,1,20,0,21,44,25,65,8,142,32,0,32,174
07/19/2022,ILM,NC,ASO,EN,Combined TRACON& Tower with Radar,43,25,54,15,137,0,3,38,3,44,43,28,92,18,181,24,8,32,213
07/20/2022,ILM,NC,ASO,EN,Combined TRACON& Tower with Radar,42,26,50,26,144,0,1,34,10,45,42,27,84,36,189,26,0,26,215
07/21/2022,ILM,NC,ASO,EN,Combined TRACON& Tower with Radar,40,38,51,6,135,0,1,31,11,43,40,39,82,17,178,6,6,12,190
07/22/2022,ILM,NC,ASO,EN,Combined TRACON& Tower with Radar,47,25,48,21,141,0,1,31,17,49,47,26,79,38,190,14,18,32,222
07/23/2022,ILM,NC,ASO,EN,Combined TRACON& Tower with Radar,46,19,34,6,105,0,1,17,3,21,46,20,51,9,126,32,0,32,158
07/24/2022,ILM,NC,ASO,EN,Combined TRACON& Tower with Radar,45,22,69,4,140,0,1,37,2,40,45,23,106,6,180,56,0,56,236
07/25/2022,ILM,NC,ASO,EN,Combined TRACON& Tower with Radar,41,15,47,30,133,0,1,29,4,34,41,16,76,34,167,21,18,39,206
07/26/2022,ILM,NC,ASO,EN,Combined TRACON& Tower with Radar,41,29,68,24,162,0,4,39,10,53,41,33,107,34,215,14,24,38,253
07/27/2022,ILM,NC,ASO,EN,Combined TRACON& Tower with Radar,41,30,54,35,160,0,1,35,4,40,41,31,89,39,200,42,0,42,242
07/28/2022,ILM,NC,ASO,EN,Combined TRACON& Tower with Radar,44,30,40,21,135,0,6,48,7,61,44,36,88,28,196,42,46,88,284
07/29/2022,ILM,NC,ASO,EN,Combined TRACON& Tower with Radar,49,34,52,22,157,0,2,37,3,42,49,36,89,25,199,48,0,48,247
07/30/2022,ILM,NC,ASO,EN,Combined TRACON& Tower with Radar,44,19,29,3,95,0,1,24,2,27,44,20,53,5,122,46,0,46,168
07/31/2022,ILM,NC,ASO,EN,Combined TRACON& Tower with Radar,48,22,29,5,104,0,0,18,5,23,48,22,47,10,127,28,0,28,155
08/01/2022,ILM,NC,ASO,EN,Combined TRACON& Tower with Radar,48,29,31,19,127,0,6,28,1,35,48,35,59,20,162,12,18,30,192
08/02/2022,ILM,NC,ASO,EN,Combined TRACON& Tower with Radar,48,25,50,16,139,0,2,58,5,65,48,27,108,21,204,18,4,22,226
08/03/2022,ILM,NC,ASO,EN,Combined TRACON& Tower with Radar,40,32,38,13,123,0,0,39,4,43,40,32,77,17,166,58,40,98,264
08/04/2022,ILM,NC,ASO,EN,Combined TRACON& Tower with Radar,35,29,52,10,126,0,0,39,2,41,35,29,91,12,167,14,4,18,185
08/05/2022,ILM,NC,ASO,EN,Combined TRACON& Tower with Radar,33,24,40,38,135,0,3,51,38,92,33,27,91,76,227,28,16,44,271
08/06/2022,ILM,NC,ASO,EN,Combined TRACON& Tower with Radar,50,27,47,4,128,0,1,47,2,50,50,28,94,6,178,56,0,56,234
08/07/2022,ILM,NC,ASO,EN,Combined TRACON& Tower with Radar,42,15,52,1,110,0,1,29,1,31,42,16,81,2,141,26,0,26,167
08/08/2022,ILM,NC,ASO,EN,Combined TRACON& Tower with Radar,44,18,50,18,130,0,1,32,7,40,44,19,82,25,170,37,16,53,223
08/09/2022,ILM,NC,ASO,EN,Combined TRACON& Tower with Radar,40,17,21,44,122,0,1,35,5,41,40,18,56,49,163,0,16,16,179
08/10/2022,ILM,NC,ASO,EN,Combined TRACON& Tower with Radar,36,22,52,24,134,0,3,45,10,58,36,25,97,34,192,0,26,26,218
08/11/2022,ILM,NC,ASO,EN,Combined TRACON& Tower with Radar,44,38,51,32,165,0,1,30,8,39,44,39,81,40,204,10,22,32,236
08/12/2022,ILM,NC,ASO,EN,Combined TRACON& Tower with Radar,46,27,46,5,124,0,1,4,4,9,46,28,50,9,133,8,0,8,141
08/13/2022,ILM,NC,ASO,EN,Combined TRACON& Tower with Radar,45,23,35,2,105,0,1,47,3,51,45,24,82,5,156,102,2,104,260
08/14/2022,ILM,NC,ASO,EN,Combined TRACON& Tower with Radar,45,26,44,2,117,0,1,55,1,57,45,27,99,3,174,30,12,42,216
08/15/2022,ILM,NC,ASO,EN,Combined TRACON& Tower with Radar,47,20,41,28,136,0,1,34,5,40,47,21,75,33,176,10,48,58,234
08/16/2022,ILM,NC,ASO,EN,Combined TRACON& Tower with Radar,39,31,58,9,137,0,0,10,3,13,39,31,68,12,150,10,2,12,162
08/17/2022,ILM,NC,ASO,EN,Combined TRACON& Tower with Radar,40,23,43,21,127,0,1,36,2,39,40,24,79,23,166,38,14,52,218
08/18/2022,ILM,NC,ASO,EN,Combined TRACON& Tower with Radar,43,23,37,4,107,0,2,54,8,64,43,25,91,12,171,16,0,16,187
08/19/2022,ILM,NC,ASO,EN,Combined TRACON& Tower with Radar,46,27,24,0,97,0,1,7,0,8,46,28,31,0,105,0,0,0,105
08/20/2022,ILM,NC,ASO,EN,Combined TRACON& Tower with Radar,42,18,34,0,94,0,1,31,0,32,42,19,65,0,126,60,0,60,186
08/21/2022,ILM,NC,ASO,EN,Combined TRACON& Tower with Radar,44,28,49,4,125,0,2,24,2,28,44,30,73,6,153,30,0,30,183
08/22/2022,ILM,NC,ASO,EN,Combined TRACON& Tower with Radar,40,11,30,16,97,0,2,20,0,22,40,13,50,16,119,38,14,52,171
08/23/2022,ILM,NC,ASO,EN,Combined TRACON& Tower with Radar,41,24,38,13,116,0,1,31,3,35,41,25,69,16,151,62,14,76,227
08/24/2022,ILM,NC,ASO,EN,Combined TRACON& Tower with Radar,39,21,49,35,144,0,0,54,2,56,39,21,103,37,200,46,8,54,254
08/25/2022,ILM,NC,ASO,EN,Combined TRACON& Tower with Radar,45,33,49,3,130,0,1,33,8,42,45,34,82,11,172,84,8,92,264
08/26/2022,ILM,NC,ASO,EN,Combined TRACON& Tower with Radar,47,28,47,16,138,0,0,28,1,29,47,28,75,17,167,38,0,38,205
08/27/2022,ILM,NC,ASO,EN,Combined TRACON& Tower with Radar,39,24,40,1,104,0,0,59,2,61,39,24,99,3,165,60,0,60,225
08/28/2022,ILM,NC,ASO,EN,Combined TRACON& Tower with Radar,45,19,44,12,120,0,1,23,1,25,45,20,67,13,145,30,0,30,175
08/29/2022,ILM,NC,ASO,EN,Combined TRACON& Tower with Radar,45,16,34,0,95,0,0,8,0,8,45,16,42,0,103,0,0,0,103
08/30/2022,ILM,NC,ASO,EN,Combined TRACON& Tower with Radar,38,21,37,23,119,0,2,15,1,18,38,23,52,24,137,30,12,42,179
08/31/2022,ILM,NC,ASO,EN,Combined TRACON& Tower with Radar,38,31,46,13,128,0,4,85,2,91,38,35,131,15,219,72,0,72,291
09/01/2022,ILM,NC,ASO,EN,Combined TRACON& Tower with Radar,42,31,66,6,145,0,2,69,2,73,42,33,135,8,218,52,0,52,270
09/02/2022,ILM,NC,ASO,EN,Combined TRACON& Tower with Radar,47,24,75,8,154,0,3,74,5,82,47,27,149,13,236,36,0,36,272
09/03/2022,ILM,NC,ASO,EN,Combined TRACON& Tower with Radar,36,19,51,4,110,0,0,67,0,67,36,19,118,4,177,46,0,46,223
09/04/2022,ILM,NC,ASO,EN,Combined TRACON& Tower with Radar,38,10,23,0,71,0,1,47,0,48,38,11,70,0,119,62,0,62,181
09/05/2022,ILM,NC,ASO,EN,Combined TRACON& Tower with Radar,40,37,64,3,144,0,3,52,0,55,40,40,116,3,199,32,0,32,231
09/06/2022,ILM,NC,ASO,EN,Combined TRACON& Tower with Radar,40,17,47,18,122,0,5,24,2,31,40,22,71,20,153,66,16,82,235
09/07/2022,ILM,NC,ASO,EN,Combined TRACON& Tower with Radar,38,14,39,13,104,0,1,39,0,40,38,15,78,13,144,26,0,26,170
09/08/2022,ILM,NC,ASO,EN,Combined TRACON& Tower with Radar,45,18,65,3,131,0,1,25,8,34,45,19,90,11,165,64,0,64,229
09/09/2022,ILM,NC,ASO,EN,Combined TRACON& Tower with Radar,43,26,74,11,154,0,1,41,4,46,43,27,115,15,200,52,2,54,254
09/10/2022,ILM,NC,ASO,EN,Combined TRACON& Tower with Radar,36,13,28,1,78,0,0,3,0,3,36,13,31,1,81,0,0,0,81
09/11/2022,ILM,NC,ASO,EN,Combined TRACON& Tower with Radar,42,20,49,0,111,0,0,18,1,19,42,20,67,1,130,6,0,6,136
09/12/2022,ILM,NC,ASO,EN,Combined TRACON& Tower with Radar,45,15,32,3,95,0,1,26,2,29,45,16,58,5,124,24,10,34,158
09/13/2022,ILM,NC,ASO,EN,Combined TRACON& Tower with Radar,38,20,46,26,130,0,1,53,10,64,38,21,99,36,194,66,28,94,288
09/14/2022,ILM,NC,ASO,EN,Combined TRACON& Tower with Radar,41,20,55,24,140,0,2,67,7,76,41,22,122,31,216,44,16,60,276
09/15/2022,ILM,NC,ASO,EN,Combined TRACON& Tower with Radar,48,17,34,17,116,0,1,58,11,70,48,18,92,28,186,36,10,46,232
09/16/2022,ILM,NC,ASO,EN,Combined TRACON& Tower with Radar,48,32,47,51,178,0,1,68,8,77,48,33,115,59,255,64,46,110,365
09/17/2022,ILM,NC,ASO,EN,Combined TRACON& Tower with Radar,36,10,35,7,88,0,1,59,3,63,36,11,94,10,151,50,0,50,201
09/18/2022,ILM,NC,ASO,EN,Combined TRACON& Tower with Radar,46,20,61,1,128,0,3,41,7,51,46,23,102,8,179,8,0,8,187
09/19/2022,ILM,NC,ASO,EN,Combined TRACON& Tower with Radar,45,25,47,21,138,0,6,42,2,50,45,31,89,23,188,34,6,40,228
09/20/2022,ILM,NC,ASO,EN,Combined TRACON& Tower with Radar,42,17,57,37,153,0,6,65,6,77,42,23,122,43,230,53,12,65,295
09/21/2022,ILM,NC,ASO,EN,Combined TRACON& Tower with Radar,39,22,51,26,138,0,4,55,5,64,39,26,106,31,202,22,12,34,236
09/22/2022,ILM,NC,ASO,EN,Combined TRACON& Tower with Radar,49,17,61,33,160,0,1,39,8,48,49,18,100,41,208,6,32,38,246
09/23/2022,ILM,NC,ASO,EN,Combined TRACON& Tower with Radar,48,24,44,9,125,0,6,29,5,40,48,30,73,14,165,28,10,38,203
09/24/2022,ILM,NC,ASO,EN,Combined TRACON& Tower with Radar,36,13,46,5,100,0,2,66,0,68,36,15,112,5,168,26,4,30,198
09/25/2022,ILM,NC,ASO,EN,Combined TRACON& Tower with Radar,41,15,53,2,111,0,5,32,0,37,41,20,85,2,148,28,0,28,176
09/26/2022,ILM,NC,ASO,EN,Combined TRACON& Tower with Radar,48,19,43,3,113,0,2,40,0,42,48,21,83,3,155,44,0,44,199
09/27/2022,ILM,NC,ASO,EN,Combined TRACON& Tower with Radar,40,27,61,8,136,0,3,69,8,80,40,30,130,16,216,114,12,126,342
09/28/2022,ILM,NC,ASO,EN,Combined TRACON& Tower with Radar,39,26,28,5,98,0,1,31,6,38,39,27,59,11,136,34,0,34,170
09/29/2022,ILM,NC,ASO,EN,Combined TRACON& Tower with Radar,46,18,28,5,97,0,0,2,1,3,46,18,30,6,100,0,0,0,100
09/30/2022,ILM,NC,ASO,EN,Combined TRACON& Tower with Radar,6,0,0,0,6,0,0,0,0,0,6,0,0,0,6,0,0,0,6
10/01/2022,ILM,NC,ASO,EN,Combined TRACON& Tower with Radar,30,19,28,0,77,0,2,36,0,38,30,21,64,0,115,22,0,22,137
10/02/2022,ILM,NC,ASO,EN,Combined TRACON& Tower with Radar,43,17,43,0,103,0,1,39,3,43,43,18,82,3,146,6,0,6,152
10/03/2022,ILM,NC,ASO,EN,Combined TRACON& Tower with Radar,45,22,42,1,110,0,2,3,1,6,45,24,45,2,116,0,0,0,116
10/04/2022,ILM,NC,ASO,EN,Combined TRACON& Tower with Radar,39,22,37,14,112,0,1,34,6,41,39,23,71,20,153,42,22,64,217
10/05/2022,ILM,NC,ASO,EN,Combined TRACON& Tower with Radar,40,26,33,4,103,0,1,77,2,80,40,27,110,6,183,40,0,40,223
10/06/2022,ILM,NC,ASO,EN,Combined TRACON& Tower with Radar,46,24,58,23,151,0,3,67,5,75,46,27,125,28,226,66,18,84,310
10/07/2022,ILM,NC,ASO,EN,Combined TRACON& Tower with Radar,46,24,38,23,131,0,5,63,3,71,46,29,101,26,202,104,0,104,306
10/08/2022,ILM,NC,ASO,EN,Combined TRACON& Tower with Radar,35,22,44,0,101,0,3,55,0,58,35,25,99,0,159,118,0,118,277
10/09/2022,ILM,NC,ASO,EN,Combined TRACON& Tower with Radar,43,20,49,0,112,0,2,62,0,64,43,22,111,0,176,54,0,54,230
10/10/2022,ILM,NC,ASO,EN,Combined TRACON& Tower with Radar,46,21,46,0,113,0,2,42,0,44,46,23,88,0,157,96,0,96,253
10/11/2022,ILM,NC,ASO,EN,Combined TRACON& Tower with Radar,41,32,53,26,152,0,2,67,6,75,41,34,120,32,227,74,18,92,319
10/12/2022,ILM,NC,ASO,EN,Combined TRACON& Tower with Radar,40,22,49,21,132,0,1,57,7,65,40,23,106,28,197,68,24,92,289
10/13/2022,ILM,NC,ASO,EN,Combined TRACON& Tower with Radar,46,15,45,9,115,0,0,17,1,18,46,15,62,10,133,60,14,74,207
10/14/2022,ILM,NC,ASO,EN,Combined TRACON& Tower with Radar,45,27,69,43,184,0,1,26,3,30,45,28,95,46,214,26,0,26,240
10/15/2022,ILM,NC,ASO,EN,Combined TRACON& Tower with Radar,35,10,38,7,90,0,1,64,4,69,35,11,102,11,159,62,0,62,221
10/16/2022,ILM,NC,ASO,EN,Combined TRACON& Tower with Radar,47,20,59,0,126,0,2,73,2,77,47,22,132,2,203,70,0,70,273
10/17/2022,ILM,NC,ASO,EN,Combined TRACON& Tower with Radar,46,29,49,5,129,0,3,37,5,45,46,32,86,10,174,94,4,98,272
10/18/2022,ILM,NC,ASO,EN,Combined TRACON& Tower with Radar,42,22,44,23,131,0,1,41,1,43,42,23,85,24,174,64,8,72,246
10/19/2022,ILM,NC,ASO,EN,Combined TRACON& Tower with Radar,40,22,38,58,158,0,2,49,8,59,40,24,87,66,217,54,66,120,337
10/20/2022,ILM,NC,ASO,EN,Combined TRACON& Tower with Radar,48,19,35,48,150,0,2,67,13,82,48,21,102,61,232,32,30,62,294
10/21/2022,ILM,NC,ASO,EN,Combined TRACON& Tower with Radar,46,30,41,19,136,0,6,52,6,64,46,36,93,25,200,32,12,44,244
10/22/2022,ILM,NC,ASO,EN,Combined TRACON& Tower with Radar,35,16,50,3,104,0,2,65,1,68,35,18,115,4,172,52,0,52,224
10/23/2022,ILM,NC,ASO,EN,Combined TRACON& Tower with Radar,45,20,53,8,126,0,0,38,5,43,45,20,91,13,169,52,0,52,221
10/24/2022,ILM,NC,ASO,EN,Combined TRACON& Tower with Radar,43,28,71,44,186,0,2,14,3,19,43,30,85,47,205,30,12,42,247
10/25/2022,ILM,NC,ASO,EN,Combined TRACON& Tower with Radar,33,28,68,31,160,0,4,33,14,51,33,32,101,45,211,32,44,76,287
10/26/2022,ILM,NC,ASO,EN,Combined TRACON& Tower with Radar,39,27,56,28,150,0,8,26,6,40,39,35,82,34,190,56,0,56,246
10/27/2022,ILM,NC,ASO,EN,Combined TRACON& Tower with Radar,46,22,54,9,131,0,3,22,2,27,46,25,76,11,158,74,0,74,232
10/28/2022,ILM,NC,ASO,EN,Combined TRACON& Tower with Radar,44,18,37,15,114,0,1,20,0,21,44,19,57,15,135,16,0,16,151
10/29/2022,ILM,NC,ASO,EN,Combined TRACON& Tower with Radar,33,22,35,18,108,0,0,7,1,8,33,22,42,19,116,0,0,0,116
10/30/2022,ILM,NC,ASO,EN,Combined TRACON& Tower with Radar,42,15,45,9,111,0,0,48,4,52,42,15,93,13,163,32,0,32,195
10/31/2022,ILM,NC,ASO,EN,Combined TRACON& Tower with Radar,39,16,26,15,96,0,0,22,1,23,39,16,48,16,119,24,32,56,175
11/01/2022,ILM,NC,ASO,EN,Combined TRACON& Tower with Radar,39,37,56,29,161,0,4,32,8,44,39,41,88,37,205,44,26,70,275
11/02/2022,ILM,NC,ASO,EN,Combined TRACON& Tower with Radar,40,28,36,37,141,0,2,62,0,64,40,30,98,37,205,38,18,56,261
11/03/2022,ILM,NC,ASO,EN,Combined TRACON& Tower with Radar,40,22,74,49,185,0,5,38,9,52,40,27,112,58,237,14,14,28,265
11/04/2022,ILM,NC,ASO,EN,Combined TRACON& Tower with Radar,39,25,41,15,120,0,3,52,1,56,39,28,93,16,176,56,0,56,232
11/05/2022,ILM,NC,ASO,EN,Combined TRACON& Tower with Radar,30,23,42,5,100,0,1,51,2,54,30,24,93,7,154,48,0,48,202
11/06/2022,ILM,NC,ASO,EN,Combined TRACON& Tower with Radar,34,22,59,0,115,0,1,47,2,50,34,23,106,2,165,14,0,14,179
11/07/2022,ILM,NC,ASO,EN,Combined TRACON& Tower with Radar,38,25,45,52,160,0,2,45,4,51,38,27,90,56,211,46,54,100,311
11/08/2022,ILM,NC,ASO,EN,Combined TRACON& Tower with Radar,35,22,28,4,89,0,2,35,13,50,35,24,63,17,139,14,0,14,153
11/09/2022,ILM,NC,ASO,EN,Combined TRACON& Tower with Radar,35,18,38,12,103,0,2,10,15,27,35,20,48,27,130,6,0,6,136
11/10/2022,ILM,NC,ASO,EN,Combined TRACON& Tower with Radar,39,27,42,3,111,0,0,0,2,2,39,27,42,5,113,0,0,0,113
11/11/2022,ILM,NC,ASO,EN,Combined TRACON& Tower with Radar,36,24,18,0,78,0,1,1,0,2,36,25,19,0,80,0,0,0,80
11/12/2022,ILM,NC,ASO,EN,Combined TRACON& Tower with Radar,34,17,59,2,112,0,1,30,2,33,34,18,89,4,145,28,0,28,173
11/13/2022,ILM,NC,ASO,EN,Combined TRACON& Tower with Radar,36,25,31,0,92,0,0,47,0,47,36,25,78,0,139,84,1,85,224
11/14/2022,ILM,NC,ASO,EN,Combined TRACON& Tower with Radar,44,19,49,20,132,0,1,65,2,68,44,20,114,22,200,36,8,44,244
11/15/2022,ILM,NC,ASO,EN,Combined TRACON& Tower with Radar,36,21,34,2,93,0,2,14,2,18,36,23,48,4,111,30,0,30,141
11/16/2022,ILM,NC,ASO,EN,Combined TRACON& Tower with Radar,36,30,67,18,151,0,2,35,5,42,36,32,102,23,193,116,18,134,327
11/17/2022,ILM,NC,ASO,EN,Combined TRACON& Tower with Radar,40,25,31,36,132,0,4,56,9,69,40,29,87,45,201,48,42,90,291
11/18/2022,ILM,NC,ASO,EN,Combined TRACON& Tower with Radar,40,40,42,38,160,0,2,76,2,80,40,42,118,40,240,88,0,88,328
11/19/2022,ILM,NC,ASO,EN,Combined TRACON& Tower with Radar,33,26,69,17,145,0,6,87,6,99,33,32,156,23,244,66,4,70,314
11/20/2022,ILM,NC,ASO,EN,Combined TRACON& Tower with Radar,33,26,45,19,123,0,2,38,3,43,33,28,83,22,166,18,0,18,184
11/21/2022,ILM,NC,ASO,EN,Combined TRACON& Tower with Radar,42,19,36,25,122,0,11,50,3,64,42,30,86,28,186,48,8,56,242
11/22/2022,ILM,NC,ASO,EN,Combined TRACON& Tower with Radar,36,34,65,13,148,0,2,53,4,59,36,36,118,17,207,120,14,134,341
11/23/2022,ILM,NC,ASO,EN,Combined TRACON& Tower with Radar,38,24,61,5,128,0,2,40,1,43,38,26,101,6,171,44,0,44,215
11/24/2022,ILM,NC,ASO,EN,Combined TRACON& Tower with Radar,19,14,9,0,42,0,0,18,0,18,19,14,27,0,60,0,0,0,60
11/25/2022,ILM,NC,ASO,EN,Combined TRACON& Tower with Radar,37,8,29,0,74,0,3,13,1,17,37,11,42,1,91,28,0,28,119
11/26/2022,ILM,NC,ASO,EN,Combined TRACON& Tower with Radar,36,32,72,0,140,0,3,76,0,79,36,35,148,0,219,56,0,56,275
11/27/2022,ILM,NC,ASO,EN,Combined TRACON& Tower with Radar,37,27,59,0,123,0,1,3,0,4,37,28,62,0,127,8,0,8,135
11/28/2022,ILM,NC,ASO,EN,Combined TRACON& Tower with Radar,42,19,60,11,132,0,6,43,2,51,42,25,103,13,183,36,0,36,219
11/29/2022,ILM,NC,ASO,EN,Combined TRACON& Tower with Radar,40,26,42,11,119,0,11,85,8,104,40,37,127,19,223,42,28,70,293
11/30/2022,ILM,NC,ASO,EN,Combined TRACON& Tower with Radar,37,18,31,4,90,0,1,13,5,19,37,19,44,9,109,30,0,30,139
12/01/2022,ILM,NC,ASO,EN,Combined TRACON& Tower with Radar,38,26,39,26,129,0,2,52,9,63,38,28,91,35,192,66,26,92,284
12/02/2022,ILM,NC,ASO,EN,Combined TRACON& Tower with Radar,44,17,55,22,138,0,2,64,5,71,44,19,119,27,209,72,0,72,281
12/03/2022,ILM,NC,ASO,EN,Combined TRACON& Tower with Radar,33,17,31,4,85,0,1,37,5,43,33,18,68,9,128,34,0,34,162
12/04/2022,ILM,NC,ASO,EN,Combined TRACON& Tower with Radar,35,19,48,1,103,0,3,56,3,62,35,22,104,4,165,30,0,30,195
12/05/2022,ILM,NC,ASO,EN,Combined TRACON& Tower with Radar,44,25,51,11,131,0,6,61,5,72,44,31,112,16,203,60,24,84,287
12/06/2022,ILM,NC,ASO,EN,Combined TRACON& Tower with Radar,36,14,44,53,147,0,1,40,9,50,36,15,84,62,197,114,26,140,337
12/07/2022,ILM,NC,ASO,EN,Combined TRACON& Tower with Radar,35,22,43,39,139,0,1,48,10,59,35,23,91,49,198,78,42,120,318
12/08/2022,ILM,NC,ASO,EN,Combined TRACON& Tower with Radar,37,27,69,37,170,0,0,16,1,17,37,27,85,38,187,0,0,0,187
12/09/2022,ILM,NC,ASO,EN,Combined TRACON& Tower with Radar,44,18,52,10,124,0,3,13,14,30,44,21,65,24,154,82,0,82,236
12/10/2022,ILM,NC,ASO,EN,Combined TRACON& Tower with Radar,33,16,48,1,98,0,1,52,4,57,33,17,100,5,155,0,0,0,155
12/11/2022,ILM,NC,ASO,EN,Combined TRACON& Tower with Radar,34,19,42,2,97,0,2,23,1,26,34,21,65,3,123,72,0,72,195
12/12/2022,ILM,NC,ASO,EN,Combined TRACON& Tower with Radar,44,20,35,13,112,0,6,47,3,56,44,26,82,16,168,60,26,86,254
12/13/2022,ILM,NC,ASO,EN,Combined TRACON& Tower with Radar,36,20,36,13,105,0,2,60,6,68,36,22,96,19,173,48,20,68,241
12/14/2022,ILM,NC,ASO,EN,Combined TRACON& Tower with Radar,36,23,57,29,145,0,1,44,9,54,36,24,101,38,199,102,10,112,311
12/15/2022,ILM,NC,ASO,EN,Combined TRACON& Tower with Radar,39,23,26,12,100,0,0,1,1,2,39,23,27,13,102,4,18,22,124
12/16/2022,ILM,NC,ASO,EN,Combined TRACON& Tower with Radar,39,29,64,1,133,0,2,55,1,58,39,31,119,2,191,68,0,68,259
12/17/2022,ILM,NC,ASO,EN,Combined TRACON& Tower with Radar,28,35,37,8,108,0,3,72,5,80,28,38,109,13,188,104,0,104,292
12/18/2022,ILM,NC,ASO,EN,Combined TRACON& Tower with Radar,33,27,43,0,103,0,5,36,7,48,33,32,79,7,151,0,0,0,151
12/19/2022,ILM,NC,ASO,EN,Combined TRACON& Tower with Radar,36,21,41,8,106,0,0,52,3,55,36,21,93,11,161,60,18,78,239
12/20/2022,ILM,NC,ASO,EN,Combined TRACON& Tower with Radar,33,35,34,9,111,0,4,39,4,47,33,39,73,13,158,26,32,58,216
12/21/2022,ILM,NC,ASO,EN,Combined TRACON& Tower with Radar,33,31,49,16,129,0,0,14,6,20,33,31,63,22,149,58,0,58,207
12/22/2022,ILM,NC,ASO,EN,Combined TRACON& Tower with Radar,34,47,38,2,121,0,0,0,0,0,34,47,38,2,121,0,0,0,121
12/23/2022,ILM,NC,ASO,EN,Combined TRACON& Tower with Radar,36,30,23,0,89,0,4,0,4,8,36,34,23,4,97,0,0,0,97
12/24/2022,ILM,NC,ASO,EN,Combined TRACON& Tower with Radar,27,15,18,0,60,0,5,17,0,22,27,20,35,0,82,0,0,0,82
12/25/2022,ILM,NC,ASO,EN,Combined TRACON& Tower with Radar,25,32,11,0,68,0,2,4,0,6,25,34,15,0,74,0,0,0,74
12/26/2022,ILM,NC,ASO,EN,Combined TRACON& Tower with Radar,35,68,79,0,182,0,3,45,0,48,35,71,124,0,230,0,0,0,230
12/27/2022,ILM,NC,ASO,EN,Combined TRACON& Tower with Radar,33,51,72,0,156,0,2,42,0,44,33,53,114,0,200,70,0,70,270
12/28/2022,ILM,NC,ASO,EN,Combined TRACON& Tower with Radar,26,45,45,18,134,0,3,55,0,58,26,48,100,18,192,138,4,142,334
12/29/2022,ILM,NC,ASO,EN,Combined TRACON& Tower with Radar,34,25,52,7,118,0,2,59,3,64,34,27,111,10,182,24,14,38,220
12/30/2022,ILM,NC,ASO,EN,Combined TRACON& Tower with Radar,32,30,47,2,111,0,4,48,6,58,32,34,95,8,169,68,0,68,237
12/31/2022,ILM,NC,ASO,EN,Combined TRACON& Tower with Radar,25,24,30,0,79,0,0,7,0,7,25,24,37,0,86,8,0,8,94
01/01/2023,ILM,NC,ASO,EN,Combined TRACON& Tower with Radar,21,24,47,0,92,1,0,41,0,42,22,24,88,0,134,100,0,100,234
01/02/2023,ILM,NC,ASO,EN,Combined TRACON& Tower with Radar,41,43,96,2,182,0,3,52,0,55,41,46,148,2,237,40,0,40,277
01/03/2023,ILM,NC,ASO,EN,Combined TRACON& Tower with Radar,27,44,52,10,133,0,6,34,4,44,27,50,86,14,177,8,0,8,185
01/04/2023,ILM,NC,ASO,EN,Combined TRACON& Tower with Radar,26,35,29,22,112,0,0,2,4,6,26,35,31,26,118,14,10,24,142
01/05/2023,ILM,NC,ASO,EN,Combined TRACON& Tower with Radar,28,34,34,10,106,0,6,51,2,59,28,40,85,12,165,72,4,76,241
01/06/2023,ILM,NC,ASO,EN,Combined TRACON& Tower with Radar,33,18,46,8,105,0,0,57,4,61,33,18,103,12,166,68,0,68,234
01/07/2023,ILM,NC,ASO,EN,Combined TRACON& Tower with Radar,31,18,70,14,133,0,0,65,1,66,31,18,135,15,199,38,0,38,237
01/08/2023,ILM,NC,ASO,EN,Combined TRACON& Tower with Radar,32,18,36,4,90,0,2,44,2,48,32,20,80,6,138,52,0,52,190
01/09/2023,ILM,NC,ASO,EN,Combined TRACON& Tower with Radar,43,20,32,22,117,0,1,53,2,56,43,21,85,24,173,106,6,112,285
01/10/2023,ILM,NC,ASO,EN,Combined TRACON& Tower with Radar,33,19,40,46,138,0,10,65,4,79,33,29,105,50,217,88,20,108,325
01/11/2023,ILM,NC,ASO,EN,Combined TRACON& Tower with Radar,32,22,38,29,121,0,6,55,13,74,32,28,93,42,195,74,12,86,281
01/12/2023,ILM,NC,ASO,EN,Combined TRACON& Tower with Radar,32,28,36,45,141,0,4,47,9,60,32,32,83,54,201,94,18,112,313
01/13/2023,ILM,NC,ASO,EN,Combined TRACON& Tower with Radar,41,27,47,7,122,0,2,30,2,34,41,29,77,9,156,42,0,42,198
01/14/2023,ILM,NC,ASO,EN,Combined TRACON& Tower with Radar,27,12,30,8,77,0,6,41,0,47,27,18,71,8,124,46,0,46,170
01/15/2023,ILM,NC,ASO,EN,Combined TRACON& Tower with Radar,31,22,42,2,97,0,7,40,0,47,31,29,82,2,144,0,0,0,144
01/16/2023,ILM,NC,ASO,EN,Combined TRACON& Tower with Radar,40,27,48,0,115,0,5,74,0,79,40,32,122,0,194,88,0,88,282
01/17/2023,ILM,NC,ASO,EN,Combined TRACON& Tower with Radar,34,17,49,19,119,0,0,45,8,53,34,17,94,27,172,48,32,80,252
01/18/2023,ILM,NC,ASO,EN,Combined TRACON& Tower with Radar,34,26,56,30,146,0,2,53,8,63,34,28,109,38,209,84,20,104,313
01/19/2023,ILM,NC,ASO,EN,Combined TRACON& Tower with Radar,33,22,21,61,137,0,1,25,3,29,33,23,46,64,166,26,14,40,206
01/20/2023,ILM,NC,ASO,EN,Combined TRACON& Tower with Radar,41,27,45,28,141,0,11,79,1,91,41,38,124,29,232,86,4,90,322
01/21/2023,ILM,NC,ASO,EN,Combined TRACON& Tower with Radar,30,9,40,0,79,0,4,87,1,92,30,13,127,1,171,128,0,128,299
01/22/2023,ILM,NC,ASO,EN,Combined TRACON& Tower with Radar,32,26,26,2,86,0,0,1,0,1,32,26,27,2,87,4,0,4,91
01/23/2023,ILM,NC,ASO,EN,Combined TRACON& Tower with Radar,38,13,32,11,94,0,1,30,4,35,38,14,62,15,129,16,18,34,163
01/24/2023,ILM,NC,ASO,EN,Combined TRACON& Tower with Radar,36,19,49,7,111,0,8,70,3,81,36,27,119,10,192,114,0,114,306
01/25/2023,ILM,NC,ASO,EN,Combined TRACON& Tower with Radar,32,14,27,22,95,0,1,7,4,12,32,15,34,26,107,22,18,40,147
01/26/2023,ILM,NC,ASO,EN,Combined TRACON& Tower with Radar,34,22,45,24,125,0,4,51,4,59,34,26,96,28,184,74,32,106,290
01/27/2023,ILM,NC,ASO,EN,Combined TRACON& Tower with Radar,41,20,48,18,127,0,6,75,13,94,41,26,123,31,221,86,18,104,325
01/28/2023,ILM,NC,ASO,EN,Combined TRACON& Tower with Radar,30,9,39,2,80,0,9,100,3,112,30,18,139,5,192,34,0,34,226
01/29/2023,ILM,NC,ASO,EN,Combined TRACON& Tower with Radar,36,16,51,1,104,0,0,54,3,57,36,16,105,4,161,42,0,42,203
01/30/2023,ILM,NC,ASO,EN,Combined TRACON& Tower with Radar,39,20,36,6,101,0,0,3,0,3,39,20,39,6,104,0,0,0,104
01/31/2023,ILM,NC,ASO,EN,Combined TRACON& Tower with Radar,33,25,42,14,114,0,0,3,1,4,33,25,45,15,118,32,2,34,152
02/01/2023,ILM,NC,ASO,EN,Combined TRACON& Tower with Radar,34,23,39,31,127,0,1,0,3,4,34,24,39,34,131,0,0,0,131
02/02/2023,ILM,NC,ASO,EN,Combined TRACON& Tower with Radar,35,14,25,0,74,0,0,0,0,0,35,14,25,0,74,0,0,0,74
02/03/2023,ILM,NC,ASO,EN,Combined TRACON& Tower with Radar,39,24,34,4,101,0,1,29,5,35,39,25,63,9,136,40,0,40,176
02/04/2023,ILM,NC,ASO,EN,Combined TRACON& Tower with Radar,31,18,32,8,89,0,5,63,3,71,31,23,95,11,160,20,0,20,180
02/05/2023,ILM,NC,ASO,EN,Combined TRACON& Tower with Radar,33,23,57,5,118,0,3,19,1,23,33,26,76,6,141,70,0,70,211
02/06/2023,ILM,NC,ASO,EN,Combined TRACON& Tower with Radar,45,21,26,30,122,0,5,81,6,92,45,26,107,36,214,55,40,95,309
02/07/2023,ILM,NC,ASO,EN,Combined TRACON& Tower with Radar,36,24,59,15,134,0,4,73,3,80,36,28,132,18,214,104,6,110,324
02/08/2023,ILM,NC,ASO,EN,Combined TRACON& Tower with Radar,35,32,38,48,153,0,3,76,14,93,35,35,114,62,246,48,36,84,330
02/09/2023,ILM,NC,ASO,EN,Combined TRACON& Tower with Radar,37,35,52,28,152,0,3,54,10,67,37,38,106,38,219,32,10,42,261
02/10/2023,ILM,NC,ASO,EN,Combined TRACON& Tower with Radar,42,30,53,4,129,0,4,26,6,36,42,34,79,10,165,38,0,38,203
02/11/2023,ILM,NC,ASO,EN,Combined TRACON& Tower with Radar,31,15,23,1,70,0,3,17,0,20,31,18,40,1,90,26,0,26,116
02/12/2023,ILM,NC,ASO,EN,Combined TRACON& Tower with Radar,34,9,29,1,73,0,0,12,2,14,34,9,41,3,87,14,0,14,101
02/13/2023,ILM,NC,ASO,EN,Combined TRACON& Tower with Radar,43,11,52,8,114,0,11,47,0,58,43,22,99,8,172,54,0,54,226
02/14/2023,ILM,NC,ASO,EN,Combined TRACON& Tower with Radar,35,24,39,8,106,0,1,66,5,72,35,25,105,13,178,64,8,72,250
02/15/2023,ILM,NC,ASO,EN,Combined TRACON& Tower with Radar,36,24,34,31,125,0,7,91,7,105,36,31,125,38,230,62,34,96,326
02/16/2023,ILM,NC,ASO,EN,Combined TRACON& Tower with Radar,38,25,44,11,118,0,0,41,5,46,38,25,85,16,164,56,10,66,230
02/17/2023,ILM,NC,ASO,EN,Combined TRACON& Tower with Radar,37,32,28,6,103,0,2,0,4,6,37,34,28,10,109,0,0,0,109
02/18/2023,ILM,NC,ASO,EN,Combined TRACON& Tower with Radar,28,17,54,1,100,0,5,91,0,96,28,22,145,1,196,42,0,42,238
02/19/2023,ILM,NC,ASO,EN,Combined TRACON& Tower with Radar,38,26,54,1,119,0,0,35,0,35,38,26,89,1,154,43,0,43,197
02/20/2023,ILM,NC,ASO,EN,Combined TRACON& Tower with Radar,41,23,47,8,119,0,2,45,0,47,41,25,92,8,166,16,0,16,182
02/21/2023,ILM,NC,ASO,EN,Combined TRACON& Tower with Radar,37,29,48,38,152,0,3,34,5,42,37,32,82,43,194,8,30,38,232
02/22/2023,ILM,NC,ASO,EN,Combined TRACON& Tower with Radar,38,25,42,19,124,0,1,50,8,59,38,26,92,27,183,32,12,44,227
02/23/2023,ILM,NC,ASO,EN,Combined TRACON& Tower with Radar,39,28,37,26,130,0,7,22,13,42,39,35,59,39,172,4,54,58,230
02/24/2023,ILM,NC,ASO,EN,Combined TRACON& Tower with Radar,45,24,62,16,147,0,1,64,21,86,45,25,126,37,233,48,0,48,281
02/25/2023,ILM,NC,ASO,EN,Combined TRACON& Tower with Radar,31,20,38,0,89,0,2,2,0,4,31,22,40,0,93,16,0,16,109
02/26/2023,ILM,NC,ASO,EN,Combined TRACON& Tower with Radar,37,17,68,4,126,0,4,45,3,52,37,21,113,7,178,44,0,44,222
02/27/2023,ILM,NC,ASO,EN,Combined TRACON& Tower with Radar,42,25,36,34,137,0,2,26,4,32,42,27,62,38,169,94,50,144,313
02/28/2023,ILM,NC,ASO,EN,Combined TRACON& Tower with Radar,33,26,32,22,113,0,3,63,1,67,33,29,95,23,180,43,0,43,223
03/01/2023,ILM,NC,ASO,EN,Combined TRACON& Tower with Radar,39,28,52,22,141,0,7,69,2,78,39,35,121,24,219,76,2,78,297
03/02/2023,ILM,NC,ASO,EN,Combined TRACON& Tower with Radar,41,23,54,6,124,0,4,30,2,36,41,27,84,8,160,60,0,60,220
03/03/2023,ILM,NC,ASO,EN,Combined TRACON& Tower with Radar,47,30,48,27,152,0,0,31,5,36,47,30,79,32,188,26,38,64,252
03/04/2023,ILM,NC,ASO,EN,Combined TRACON& Tower with Radar,33,26,39,9,107,0,0,66,1,67,33,26,105,10,174,83,0,83,257
03/05/2023,ILM,NC,ASO,EN,Combined TRACON& Tower with Radar,41,19,51,0,111,0,4,88,0,92,41,23,139,0,203,70,0,70,273
03/06/2023,ILM,NC,ASO,EN,Combined TRACON& Tower with Radar,42,14,46,11,113,0,7,75,3,85,42,21,121,14,198,100,20,120,318
03/07/2023,ILM,NC,ASO,EN,Combined TRACON& Tower with Radar,37,20,38,21,116,0,1,30,1,32,37,21,68,22,148,18,6,24,172
03/08/2023,ILM,NC,ASO,EN,Combined TRACON& Tower with Radar,39,27,54,28,148,0,3,52,3,58,39,30,106,31,206,32,32,64,270
03/09/2023,ILM,NC,ASO,EN,Combined TRACON& Tower with Radar,43,27,47,15,132,0,3,78,8,89,43,30,125,23,221,88,8,96,317
03/10/2023,ILM,NC,ASO,EN,Combined TRACON& Tower with Radar,47,22,31,19,119,0,0,1,0,1,47,22,32,19,120,12,0,12,132
03/11/2023,ILM,NC,ASO,EN,Combined TRACON& Tower with Radar,33,23,51,7,114,0,0,37,10,47,33,23,88,17,161,40,0,40,201
03/12/2023,ILM,NC,ASO,EN,Combined TRACON& Tower with Radar,43,22,32,1,98,0,0,8,1,9,43,22,40,2,107,10,0,10,117
03/13/2023,ILM,NC,ASO,EN,Combined TRACON& Tower with Radar,47,20,42,12,121,0,1,13,1,15,47,21,55,13,136,84,0,84,220
03/14/2023,ILM,NC,ASO,EN,Combined TRACON& Tower with Radar,37,27,46,15,125,0,2,46,4,52,37,29,92,19,177,38,10,48,225
03/15/2023,ILM,NC,ASO,EN,Combined TRACON& Tower with Radar,38,22,44,8,112,0,2,53,10,65,38,24,97,18,177,48,6,54,231
03/16/2023,ILM,NC,ASO,EN,Combined TRACON& Tower with Radar,44,20,50,33,147,0,1,67,2,70,44,21,117,35,217,42,26,68,285
03/17/2023,ILM,NC,ASO,EN,Combined TRACON& Tower with Radar,45,25,39,17,126,0,5,27,2,34,45,30,66,19,160,32,10,42,202
03/18/2023,ILM,NC,ASO,EN,Combined TRACON& Tower with Radar,32,24,41,2,99,0,1,12,0,13,32,25,53,2,112,70,0,70,182
03/19/2023,ILM,NC,ASO,EN,Combined TRACON& Tower with Radar,43,28,66,0,137,0,2,53,0,55,43,30,119,0,192,60,0,60,252
03/20/2023,ILM,NC,ASO,EN,Combined TRACON& Tower with Radar,46,18,27,14,105,0,1,36,4,41,46,19,63,18,146,68,56,124,270
03/21/2023,ILM,NC,ASO,EN,Combined TRACON& Tower with Radar,40,21,35,28,124,0,5,80,13,98,40,26,115,41,222,14,88,102,324
03/22/2023,ILM,NC,ASO,EN,Combined TRACON& Tower with Radar,41,32,51,4,128,0,7,59,4,70,41,39,110,8,198,94,14,108,306
03/23/2023,ILM,NC,ASO,EN,Combined TRACON& Tower with Radar,43,23,51,15,132,0,6,36,5,47,43,29,87,20,179,54,22,76,255
03/24/2023,ILM,NC,ASO,EN,Combined TRACON& Tower with Radar,45,32,33,0,110,0,2,47,2,51,45,34,80,2,161,66,0,66,227
03/25/2023,ILM,NC,ASO,EN,Combined TRACON& Tower with Radar,33,29,38,1,101,0,0,16,3,19,33,29,54,4,120,26,0,26,146
03/26/2023,ILM,NC,ASO,EN,Combined TRACON& Tower with Radar,40,30,59,0,129,0,0,10,0,10,40,30,69,0,139,12,0,12,151
03/27/2023,ILM,NC,ASO,EN,Combined TRACON& Tower with Radar,44,23,47,17,131,0,1,33,1,35,44,24,80,18,166,104,0,104,270
03/28/2023,ILM,NC,ASO,EN,Combined TRACON& Tower with Radar,40,23,72,17,152,0,3,56,1,60,40,26,128,18,212,110,4,114,326
03/29/2023,ILM,NC,ASO,EN,Combined TRACON& Tower with Radar,43,38,64,30,175,0,2,55,15,72,43,40,119,45,247,116,28,144,391
03/30/2023,ILM,NC,ASO,EN,Combined TRACON& Tower with Radar,44,26,62,28,160,0,4,81,12,97,44,30,143,40,257,142,72,214,471
03/31/2023,ILM,NC,ASO,EN,Combined TRACON& Tower with Radar,45,27,29,5,106,0,1,44,10,55,45,28,73,15,161,62,0,62,223
04/01/2023,ILM,NC,ASO,EN,Combined TRACON& Tower with Radar,33,25,33,8,99,0,0,0,3,3,33,25,33,11,102,0,0,0,102
04/02/2023,ILM,NC,ASO,EN,Combined TRACON& Tower with Radar,39,22,60,17,138,0,1,74,2,77,39,23,134,19,215,52,0,52,267
04/03/2023,ILM,NC,ASO,EN,Combined TRACON& Tower with Radar,44,26,42,11,123,0,2,40,1,43,44,28,82,12,166,148,0,148,314
04/04/2023,ILM,NC,ASO,EN,Combined TRACON& Tower with Radar,37,30,57,8,132,0,2,56,0,58,37,32,113,8,190,84,0,84,274
04/05/2023,ILM,NC,ASO,EN,Combined TRACON& Tower with Radar,35,42,60,24,161,0,5,53,2,60,35,47,113,26,221,136,4,140,361
04/06/2023,ILM,NC,ASO,EN,Combined TRACON& Tower with Radar,38,31,84,16,169,0,6,72,3,81,38,37,156,19,250,72,14,86,336
04/07/2023,ILM,NC,ASO,EN,Combined TRACON& Tower with Radar,41,41,53,2,137,0,0,18,0,18,41,41,71,2,155,36,0,36,191
04/08/2023,ILM,NC,ASO,EN,Combined TRACON& Tower with Radar,32,20,26,0,78,0,0,0,0,0,32,20,26,0,78,0,0,0,78
04/09/2023,ILM,NC,ASO,EN,Combined TRACON& Tower with Radar,41,27,20,0,88,0,2,11,0,13,41,29,31,0,101,0,0,0,101
04/10/2023,ILM,NC,ASO,EN,Combined TRACON& Tower with Radar,40,30,61,13,144,0,1,60,0,61,40,31,121,13,205,106,0,106,311
04/11/2023,ILM,NC,ASO,EN,Combined TRACON& Tower with Radar,37,20,48,35,140,0,6,68,8,82,37,26,116,43,222,84,18,102,324
04/12/2023,ILM,NC,ASO,EN,Combined TRACON& Tower with Radar,40,35,51,20,146,0,2,78,3,83,40,37,129,23,229,82,8,90,319
04/13/2023,ILM,NC,ASO,EN,Combined TRACON& Tower with Radar,41,31,50,16,138,0,5,79,4,88,41,36,129,20,226,94,16,110,336
04/14/2023,ILM,NC,ASO,EN,Combined TRACON& Tower with Radar,43,25,51,4,123,0,3,32,1,36,43,28,83,5,159,22,0,22,181
04/15/2023,ILM,NC,ASO,EN,Combined TRACON& Tower with Radar,33,22,53,0,108,0,0,55,2,57,33,22,108,2,165,50,0,50,215
04/16/2023,ILM,NC,ASO,EN,Combined TRACON& Tower with Radar,36,27,79,0,142,0,3,40,0,43,36,30,119,0,185,20,0,20,205
04/17/2023,ILM,NC,ASO,EN,Combined TRACON& Tower with Radar,39,27,45,35,146,0,10,66,3,79,39,37,111,38,225,56,4,60,285
04/18/2023,ILM,NC,ASO,EN,Combined TRACON& Tower with Radar,42,37,56,26,161,0,2,76,0,78,42,39,132,26,239,28,0,28,267
04/19/2023,ILM,NC,ASO,EN,Combined TRACON& Tower with Radar,38,20,40,29,127,1,6,78,3,88,39,26,118,32,215,94,64,158,373
04/20/2023,ILM,NC,ASO,EN,Combined TRACON& Tower with Radar,37,22,44,22,125,0,2,72,11,85,37,24,116,33,210,92,4,96,306
04/21/2023,ILM,NC,ASO,EN,Combined TRACON& Tower with Radar,46,24,37,12,119,0,2,88,3,93,46,26,125,15,212,107,0,107,319
04/22/2023,ILM,NC,ASO,EN,Combined TRACON& Tower with Radar,32,14,18,0,64,0,0,5,5,10,32,14,23,5,74,0,0,0,74
04/23/2023,ILM,NC,ASO,EN,Combined TRACON& Tower with Radar,39,18,51,0,108,0,0,62,7,69,39,18,113,7,177,32,0,32,209
04/24/2023,ILM,NC,ASO,EN,Combined TRACON& Tower with Radar,45,18,47,4,114,0,4,58,1,63,45,22,105,5,177,56,0,56,233
04/25/2023,ILM,NC,ASO,EN,Combined TRACON& Tower with Radar,38,24,47,12,121,0,4,59,0,63,38,28,106,12,184,44,8,52,236
04/26/2023,ILM,NC,ASO,EN,Combined TRACON& Tower with Radar,39,24,52,10,125,0,2,36,7,45,39,26,88,17,170,32,0,32,202
04/27/2023,ILM,NC,ASO,EN,Combined TRACON& Tower with Radar,39,31,52,12,134,0,2,18,4,24,39,33,70,16,158,84,10,94,252
04/28/2023,ILM,NC,ASO,EN,Combined TRACON& Tower with Radar,44,28,50,15,137,0,2,11,1,14,44,30,61,16,151,32,4,36,187
04/29/2023,ILM,NC,ASO,EN,Combined TRACON& Tower with Radar,38,27,52,9,126,0,0,55,3,58,38,27,107,12,184,52,4,56,240
04/30/2023,ILM,NC,ASO,EN,Combined TRACON& Tower with Radar,33,32,31,0,96,0,0,2,7,9,33,32,33,7,105,0,0,0,105
05/01/2023,ILM,NC,ASO,EN,Combined TRACON& Tower with Radar,44,22,31,16,113,0,3,35,2,40,44,25,66,18,153,22,26,48,201
05/02/2023,ILM,NC,ASO,EN,Combined TRACON& Tower with Radar,37,20,44,33,134,0,6,36,10,52,37,26,80,43,186,4,22,26,212
05/03/2023,ILM,NC,ASO,EN,Combined TRACON& Tower with Radar,38,35,35,26,134,0,9,34,10,53,38,44,69,36,187,66,20,86,273
05/04/2023,ILM,NC,ASO,EN,Combined TRACON& Tower with Radar,41,29,54,25,149,0,8,81,6,95,41,37,135,31,244,90,18,108,352
05/05/2023,ILM,NC,ASO,EN,Combined TRACON& Tower with Radar,44,34,47,50,175,0,11,82,8,101,44,45,129,58,276,98,28,126,402
05/06/2023,ILM,NC,ASO,EN,Combined TRACON& Tower with Radar,31,20,29,8,88,0,4,65,3,72,31,24,94,11,160,88,0,88,248
05/07/2023,ILM,NC,ASO,EN,Combined TRACON& Tower with Radar,43,34,48,8,133,0,0,68,0,68,43,34,116,8,201,26,0,26,227
05/08/2023,ILM,NC,ASO,EN,Combined TRACON& Tower with Radar,44,22,24,18,108,0,5,32,5,42,44,27,56,23,150,32,16,48,198
05/09/2023,ILM,NC,ASO,EN,Combined TRACON& Tower with Radar,40,18,40,9,107,0,3,44,14,61,40,21,84,23,168,66,12,78,246
05/10/2023,ILM,NC,ASO,EN,Combined TRACON& Tower with Radar,40,23,68,22,153,0,4,71,11,86,40,27,139,33,239,34,24,58,297
05/11/2023,ILM,NC,ASO,EN,Combined TRACON& Tower with Radar,41,19,57,24,141,0,3,90,21,114,41,22,147,45,255,54,14,68,323
05/12/2023,ILM,NC,ASO,EN,Combined TRACON& Tower with Radar,43,18,40,10,111,0,3,83,5,91,43,21,123,15,202,82,2,84,286
05/13/2023,ILM,NC,ASO,EN,Combined TRACON& Tower with Radar,33,20,49,4,106,0,0,55,4,59,33,20,104,8,165,81,0,81,246
05/14/2023,ILM,NC,ASO,EN,Combined TRACON& Tower with Radar,41,27,50,3,121,0,0,3,0,3,41,27,53,3,124,32,0,32,156
05/15/2023,ILM,NC,ASO,EN,Combined TRACON& Tower with Radar,43,22,62,52,179,0,2,51,0,53,43,24,113,52,232,32,0,32,264
05/16/2023,ILM,NC,ASO,EN,Combined TRACON& Tower with Radar,38,27,55,32,152,0,2,51,12,65,38,29,106,44,217,44,24,68,285
05/17/2023,ILM,NC,ASO,EN,Combined TRACON& Tower with Radar,40,25,51,24,140,0,3,22,8,33,40,28,73,32,173,82,26,108,281
05/18/2023,ILM,NC,ASO,EN,Combined TRACON& Tower with Radar,43,41,43,19,146,0,0,21,8,29,43,41,64,27,175,0,8,8,183
05/19/2023,ILM,NC,ASO,EN,Combined TRACON& Tower with Radar,43,24,35,1,103,0,0,1,0,1,43,24,36,1,104,0,0,0,104
05/20/2023,ILM,NC,ASO,EN,Combined TRACON& Tower with Radar,32,24,45,3,104,0,1,37,0,38,32,25,82,3,142,48,0,48,190
05/21/2023,ILM,NC,ASO,EN,Combined TRACON& Tower with Radar,42,21,43,0,106,0,2,12,0,14,42,23,55,0,120,42,0,42,162
05/22/2023,ILM,NC,ASO,EN,Combined TRACON& Tower with Radar,42,25,49,26,142,0,3,68,4,75,42,28,117,30,217,140,24,164,381
05/23/2023,ILM,NC,ASO,EN,Combined TRACON& Tower with Radar,38,25,50,23,136,0,0,54,11,65,38,25,104,34,201,20,68,88,289
05/24/2023,ILM,NC,ASO,EN,Combined TRACON& Tower with Radar,39,27,46,31,143,0,4,72,10,86,39,31,118,41,229,132,50,182,411
05/25/2023,ILM,NC,ASO,EN,Combined TRACON& Tower with Radar,44,38,59,21,162,0,3,43,5,51,44,41,102,26,213,16,4,20,233
05/26/2023,ILM,NC,ASO,EN,Combined TRACON& Tower with Radar,42,24,42,0,108,0,2,5,1,8,42,26,47,1,116,0,0,0,116
05/27/2023,ILM,NC,ASO,EN,Combined TRACON& Tower with Radar,33,15,6,2,56,0,0,0,0,0,33,15,6,2,56,0,0,0,56
05/28/2023,ILM,NC,ASO,EN,Combined TRACON& Tower with Radar,45,11,39,0,95,0,0,0,0,0,45,11,39,0,95,2,0,2,97
05/29/2023,ILM,NC,ASO,EN,Combined TRACON& Tower with Radar,45,26,65,0,136,0,2,8,0,10,45,28,73,0,146,22,0,22,168
05/30/2023,ILM,NC,ASO,EN,Combined TRACON& Tower with Radar,37,16,76,30,159,0,4,35,2,41,37,20,111,32,200,144,10,154,354
05/31/2023,ILM,NC,ASO,EN,Combined TRACON& Tower with Radar,42,27,71,11,151,0,0,28,5,33,42,27,99,16,184,50,16,66,250
06/01/2023,ILM,NC,ASO,EN,Combined TRACON& Tower with Radar,51,42,71,17,181,0,2,28,2,32,51,44,99,19,213,90,8,98,311
06/02/2023,ILM,NC,ASO,EN,Combined TRACON& Tower with Radar,47,32,59,18,156,0,2,27,2,31,47,34,86,20,187,120,8,128,315
06/03/2023,ILM,NC,ASO,EN,Combined TRACON& Tower with Radar,49,14,38,9,110,0,7,39,3,49,49,21,77,12,159,80,0,80,239
06/04/2023,ILM,NC,ASO,EN,Combined TRACON& Tower with Radar,50,25,50,11,136,0,1,6,0,7,50,26,56,11,143,24,0,24,167
06/05/2023,ILM,NC,ASO,EN,Combined TRACON& Tower with Radar,50,26,44,11,131,0,2,83,3,88,50,28,127,14,219,86,10,96,315
06/06/2023,ILM,NC,ASO,EN,Combined TRACON& Tower with Radar,46,29,27,11,113,0,9,45,2,56,46,38,72,13,169,50,12,62,231
06/07/2023,ILM,NC,ASO,EN,Combined TRACON& Tower with Radar,43,31,49,16,139,0,4,46,0,50,43,35,95,16,189,60,0,60,249
06/08/2023,ILM,NC,ASO,EN,Combined TRACON& Tower with Radar,52,35,41,10,138,0,3,51,4,58,52,38,92,14,196,96,4,100,296
06/09/2023,ILM,NC,ASO,EN,Combined TRACON& Tower with Radar,49,32,64,14,159,0,8,50,3,61,49,40,114,17,220,80,0,80,300
06/10/2023,ILM,NC,ASO,EN,Combined TRACON& Tower with Radar,47,34,42,3,126,0,0,67,1,68,47,34,109,4,194,76,0,76,270
06/11/2023,ILM,NC,ASO,EN,Combined TRACON& Tower with Radar,52,27,50,1,130,0,0,52,6,58,52,27,102,7,188,22,6,28,216
06/12/2023,ILM,NC,ASO,EN,Combined TRACON& Tower with Radar,48,28,39,0,115,0,0,17,0,17,48,28,56,0,132,8,0,8,140
06/13/2023,ILM,NC,ASO,EN,Combined TRACON& Tower with Radar,49,25,56,6,136,0,3,64,7,74,49,28,120,13,210,60,0,60,270
06/14/2023,ILM,NC,ASO,EN,Combined TRACON& Tower with Radar,44,30,46,18,138,0,2,33,3,38,44,32,79,21,176,8,16,24,200
06/15/2023,ILM,NC,ASO,EN,Combined TRACON& Tower with Radar,54,29,47,11,141,0,5,36,3,44,54,34,83,14,185,60,14,74,259
06/16/2023,ILM,NC,ASO,EN,Combined TRACON& Tower with Radar,47,30,43,19,139,0,1,39,2,42,47,31,82,21,181,48,4,52,233
06/17/2023,ILM,NC,ASO,EN,Combined TRACON& Tower with Radar,47,20,39,5,111,0,0,80,3,83,47,20,119,8,194,48,0,48,242
06/18/2023,ILM,NC,ASO,EN,Combined TRACON& Tower with Radar,50,20,30,0,100,0,0,51,0,51,50,20,81,0,151,54,0,54,205
06/19/2023,ILM,NC,ASO,EN,Combined TRACON& Tower with Radar,52,30,39,0,121,0,2,53,0,55,52,32,92,0,176,76,0,76,252
06/20/2023,ILM,NC,ASO,EN,Combined TRACON& Tower with Radar,54,22,28,2,106,0,0,21,1,22,54,22,49,3,128,76,4,80,208
06/21/2023,ILM,NC,ASO,EN,Combined TRACON& Tower with Radar,44,19,53,10,126,0,0,8,0,8,44,19,61,10,134,70,0,70,204
06/22/2023,ILM,NC,ASO,EN,Combined TRACON& Tower with Radar,57,27,40,7,131,0,0,31,4,35,57,27,71,11,166,0,0,0,166
06/23/2023,ILM,NC,ASO,EN,Combined TRACON& Tower with Radar,55,22,46,7,130,0,1,14,4,19,55,23,60,11,149,50,0,50,199
06/24/2023,ILM,NC,ASO,EN,Combined TRACON& Tower with Radar,45,23,48,1,117,0,0,67,2,69,45,23,115,3,186,62,0,62,248
06/25/2023,ILM,NC,ASO,EN,Combined TRACON& Tower with Radar,51,27,62,8,148,0,2,88,0,90,51,29,150,8,238,148,0,148,386
06/26/2023,ILM,NC,ASO,EN,Combined TRACON& Tower with Radar,48,20,40,3,111,0,5,46,5,56,48,25,86,8,167,76,10,86,253
06/27/2023,ILM,NC,ASO,EN,Combined TRACON& Tower with Radar,41,24,61,33,159,0,3,74,3,80,41,27,135,36,239,80,34,114,353
06/28/2023,ILM,NC,ASO,EN,Combined TRACON& Tower with Radar,42,31,55,10,138,0,8,94,0,102,42,39,149,10,240,132,0,132,372
06/29/2023,ILM,NC,ASO,EN,Combined TRACON& Tower with Radar,58,35,70,14,177,0,21,73,8,102,58,56,143,22,279,152,10,162,441
06/30/2023,ILM,NC,ASO,EN,Combined TRACON& Tower with Radar,53,31,56,14,154,0,7,55,5,67,53,38,111,19,221,78,4,82,303
07/01/2023,ILM,NC,ASO,EN,Combined TRACON& Tower with Radar,45,29,54,1,129,0,4,47,0,51,45,33,101,1,180,55,0,55,235
07/02/2023,ILM,NC,ASO,EN,Combined TRACON& Tower with Radar,56,18,42,0,116,0,3,51,0,54,56,21,93,0,170,46,0,46,216
07/03/2023,ILM,NC,ASO,EN,Combined TRACON& Tower with Radar,50,20,35,4,109,0,2,51,0,53,50,22,86,4,162,30,0,30,192
07/04/2023,ILM,NC,ASO,EN,Combined TRACON& Tower with Radar,35,17,15,1,68,0,1,39,0,40,35,18,54,1,108,18,0,18,126
07/05/2023,ILM,NC,ASO,EN,Combined TRACON& Tower with Radar,48,20,44,0,112,0,2,26,6,34,48,22,70,6,146,32,0,32,178
07/06/2023,ILM,NC,ASO,EN,Combined TRACON& Tower with Radar,59,38,34,12,143,0,1,16,3,20,59,39,50,15,163,0,10,10,173
07/07/2023,ILM,NC,ASO,EN,Combined TRACON& Tower with Radar,53,32,47,26,158,0,5,52,8,65,53,37,99,34,223,68,30,98,321
07/08/2023,ILM,NC,ASO,EN,Combined TRACON& Tower with Radar,51,20,39,4,114,0,1,34,3,38,51,21,73,7,152,32,0,32,184
07/09/2023,ILM,NC,ASO,EN,Combined TRACON& Tower with Radar,54,26,47,3,130,55,2,33,0,90,109,28,80,3,220,0,0,0,220
07/10/2023,ILM,NC,ASO,EN,Combined TRACON& Tower with Radar,54,23,49,1,127,0,3,22,2,27,54,26,71,3,154,134,0,134,288
07/11/2023,ILM,NC,ASO,EN,Combined TRACON& Tower with Radar,48,32,63,64,207,0,8,87,3,98,48,40,150,67,305,98,12,110,415
07/12/2023,ILM,NC,ASO,EN,Combined TRACON& Tower with Radar,43,23,41,16,123,0,7,53,10,70,43,30,94,26,193,154,36,190,383
07/13/2023,ILM,NC,ASO,EN,Combined TRACON& Tower with Radar,58,31,49,25,163,0,3,47,9,59,58,34,96,34,222,54,36,90,312
07/14/2023,ILM,NC,ASO,EN,Combined TRACON& Tower with Radar,51,22,35,3,111,0,2,36,0,38,51,24,71,3,149,110,0,110,259
07/15/2023,ILM,NC,ASO,EN,Combined TRACON& Tower with Radar,50,16,38,4,108,0,2,36,3,41,50,18,74,7,149,82,0,82,231
07/16/2023,ILM,NC,ASO,EN,Combined TRACON& Tower with Radar,57,26,38,6,127,0,0,38,2,40,57,26,76,8,167,58,0,58,225
07/17/2023,ILM,NC,ASO,EN,Combined TRACON& Tower with Radar,56,28,45,1,130,0,4,59,3,66,56,32,104,4,196,88,0,88,284
07/18/2023,ILM,NC,ASO,EN,Combined TRACON& Tower with Radar,45,43,65,21,174,0,3,49,2,54,45,46,114,23,228,130,0,130,358
07/19/2023,ILM,NC,ASO,EN,Combined TRACON& Tower with Radar,43,31,44,24,142,0,1,41,1,43,43,32,85,25,185,90,6,96,281
07/20/2023,ILM,NC,ASO,EN,Combined TRACON& Tower with Radar,60,37,66,18,181,0,6,65,0,71,60,43,131,18,252,124,4,128,380
07/21/2023,ILM,NC,ASO,EN,Combined TRACON& Tower with Radar,53,32,32,9,126,0,9,74,0,83,53,41,106,9,209,68,6,74,283
07/22/2023,ILM,NC,ASO,EN,Combined TRACON& Tower with Radar,52,20,31,1,104,0,0,23,3,26,52,20,54,4,130,62,0,62,192
07/23/2023,ILM,NC,ASO,EN,Combined TRACON& Tower with Radar,56,33,63,5,157,0,5,47,0,52,56,38,110,5,209,110,0,110,319
07/24/2023,ILM,NC,ASO,EN,Combined TRACON& Tower with Radar,55,26,51,5,137,0,4,46,2,52,55,30,97,7,189,96,8,104,293
07/25/2023,ILM,NC,ASO,EN,Combined TRACON& Tower with Radar,43,23,32,12,110,0,8,74,3,85,43,31,106,15,195,118,8,126,321
07/26/2023,ILM,NC,ASO,EN,Combined TRACON& Tower with Radar,45,30,48,1,124,0,4,51,3,58,45,34,99,4,182,122,0,122,304
07/27/2023,ILM,NC,ASO,EN,Combined TRACON& Tower with Radar,61,29,47,2,139,0,2,49,2,53,61,31,96,4,192,30,2,32,224
07/28/2023,ILM,NC,ASO,EN,Combined TRACON& Tower with Radar,53,15,69,20,157,0,3,42,4,49,53,18,111,24,206,46,4,50,256
07/29/2023,ILM,NC,ASO,EN,Combined TRACON& Tower with Radar,44,27,31,1,103,0,0,15,2,17,44,27,46,3,120,12,0,12,132
07/30/2023,ILM,NC,ASO,EN,Combined TRACON& Tower with Radar,61,25,47,4,137,0,2,25,2,29,61,27,72,6,166,42,0,42,208
07/31/2023,ILM,NC,ASO,EN,Combined TRACON& Tower with Radar,57,22,33,14,126,0,1,40,0,41,57,23,73,14,167,80,0,80,247
08/01/2023,ILM,NC,ASO,EN,Combined TRACON& Tower with Radar,51,31,45,18,145,0,5,46,5,56,51,36,91,23,201,72,12,84,285
08/02/2023,ILM,NC,ASO,EN,Combined TRACON& Tower with Radar,47,34,48,25,154,0,6,75,1,82,47,40,123,26,236,112,0,112,348
08/03/2023,ILM,NC,ASO,EN,Combined TRACON& Tower with Radar,60,26,46,24,156,0,10,48,8,66,60,36,94,32,222,76,28,104,326
08/04/2023,ILM,NC,ASO,EN,Combined TRACON& Tower with Radar,56,24,28,0,108,0,3,3,6,12,56,27,31,6,120,0,0,0,120
08/05/2023,ILM,NC,ASO,EN,Combined TRACON& Tower with Radar,48,24,35,14,121,0,1,35,0,36,48,25,70,14,157,74,0,74,231
08/06/2023,ILM,NC,ASO,EN,Combined TRACON& Tower with Radar,59,15,45,0,119,0,0,45,0,45,59,15,90,0,164,76,0,76,240
08/07/2023,ILM,NC,ASO,EN,Combined TRACON& Tower with Radar,50,18,40,23,131,0,3,53,1,57,50,21,93,24,188,88,20,108,296
08/08/2023,ILM,NC,ASO,EN,Combined TRACON& Tower with Radar,49,17,43,22,131,0,1,55,2,58,49,18,98,24,189,86,14,100,289
08/09/2023,ILM,NC,ASO,EN,Combined TRACON& Tower with Radar,51,26,44,33,154,0,7,74,12,93,51,33,118,45,247,70,8,78,325
08/10/2023,ILM,NC,ASO,EN,Combined TRACON& Tower with Radar,61,23,34,17,135,0,1,32,5,38,61,24,66,22,173,75,49,124,297
08/11/2023,ILM,NC,ASO,EN,Combined TRACON& Tower with Radar,57,25,28,18,128,0,6,74,1,81,57,31,102,19,209,68,12,80,289
08/12/2023,ILM,NC,ASO,EN,Combined TRACON& Tower with Radar,50,35,50,2,137,0,4,65,3,72,50,39,115,5,209,118,0,118,327
08/13/2023,ILM,NC,ASO,EN,Combined TRACON& Tower with Radar,62,17,50,18,147,0,2,57,6,65,62,19,107,24,212,38,0,38,250
08/14/2023,ILM,NC,ASO,EN,Combined TRACON& Tower with Radar,59,25,36,12,132,0,3,27,4,34,59,28,63,16,166,16,6,22,188
08/15/2023,ILM,NC,ASO,EN,Combined TRACON& Tower with Radar,48,27,32,12,119,0,0,42,8,50,48,27,74,20,169,56,0,56,225
08/16/2023,ILM,NC,ASO,EN,Combined TRACON& Tower with Radar,48,26,29,10,113,0,2,36,0,38,48,28,65,10,151,89,38,127,278
08/17/2023,ILM,NC,ASO,EN,Combined TRACON& Tower with Radar,59,28,30,8,125,0,1,31,3,35,59,29,61,11,160,48,2,50,210
08/18/2023,ILM,NC,ASO,EN,Combined TRACON& Tower with Radar,54,21,55,10,140,0,12,86,2,100,54,33,141,12,240,36,6,42,282
08/19/2023,ILM,NC,ASO,EN,Combined TRACON& Tower with Radar,46,18,51,3,118,0,8,76,0,84,46,26,127,3,202,112,0,112,314
08/20/2023,ILM,NC,ASO,EN,Combined TRACON& Tower with Radar,57,25,34,3,119,0,0,67,0,67,57,25,101,3,186,26,0,26,212
08/21/2023,ILM,NC,ASO,EN,Combined TRACON& Tower with Radar,55,19,52,17,143,0,3,42,1,46,55,22,94,18,189,50,18,68,257
08/22/2023,ILM,NC,ASO,EN,Combined TRACON& Tower with Radar,47,22,43,5,117,0,6,61,7,74,47,28,104,12,191,82,6,88,279
08/23/2023,ILM,NC,ASO,EN,Combined TRACON& Tower with Radar,47,33,40,4,124,0,3,68,5,76,47,36,108,9,200,150,8,158,358
08/24/2023,ILM,NC,ASO,EN,Combined TRACON& Tower with Radar,58,27,59,9,153,0,2,54,4,60,58,29,113,13,213,74,10,84,297
08/25/2023,ILM,NC,ASO,EN,Combined TRACON& Tower with Radar,54,22,49,21,146,0,8,44,15,67,54,30,93,36,213,62,34,96,309
08/26/2023,ILM,NC,ASO,EN,Combined TRACON& Tower with Radar,45,16,37,2,100,0,7,58,0,65,45,23,95,2,165,40,0,40,205
08/27/2023,ILM,NC,ASO,EN,Combined TRACON& Tower with Radar,55,16,41,2,114,0,0,29,0,29,55,16,70,2,143,28,0,28,171
08/28/2023,ILM,NC,ASO,EN,Combined TRACON& Tower with Radar,56,19,41,44,160,0,2,32,8,42,56,21,73,52,202,110,28,138,340
08/29/2023,ILM,NC,ASO,EN,Combined TRACON& Tower with Radar,46,21,44,18,129,0,3,39,9,51,46,24,83,27,180,44,8,52,232
08/30/2023,ILM,NC,ASO,EN,Combined TRACON& Tower with Radar,42,13,18,1,74,0,0,8,0,8,42,13,26,1,82,28,0,28,110
08/31/2023,ILM,NC,ASO,EN,Combined TRACON& Tower with Radar,46,14,11,1,72,0,3,5,0,8,46,17,16,1,80,0,0,0,80
