01/01/2000,IND,IN,AGL,CE,Towers with Radar,220,64,24,0,308,1,2,20,1,24,221,66,44,1,332,0,0,0,332
01/02/2000,IND,IN,AGL,CE,Towers with Radar,213,103,64,0,380,0,0,0,0,0,213,103,64,0,380,0,0,0,380
01/03/2000,IND,IN,AGL,CE,Towers with Radar,212,164,78,0,454,1,0,0,0,1,213,164,78,0,455,0,0,0,455
01/04/2000,IND,IN,AGL,CE,Towers with Radar,406,241,102,0,749,1,0,2,1,4,407,241,104,1,753,14,0,14,767
01/05/2000,IND,IN,AGL,CE,Towers with Radar,422,232,116,16,786,0,0,13,1,14,422,232,129,17,800,0,0,0,800
01/06/2000,IND,IN,AGL,CE,Towers with Radar,408,232,97,1,738,1,2,22,0,25,409,234,119,1,763,8,0,8,771
01/07/2000,IND,IN,AGL,CE,Towers with Radar,400,225,93,7,725,1,2,24,0,27,401,227,117,7,752,14,0,14,766
01/08/2000,IND,IN,AGL,CE,Towers with Radar,307,110,48,1,466,1,2,26,0,29,308,112,74,1,495,0,0,0,495
01/09/2000,IND,IN,AGL,CE,Towers with Radar,281,145,49,5,480,1,0,5,0,6,282,145,54,5,486,0,0,0,486
01/10/2000,IND,IN,AGL,CE,Towers with Radar,217,180,94,3,494,1,4,3,0,8,218,184,97,3,502,0,0,0,502
01/11/2000,IND,IN,AGL,CE,Towers with Radar,406,229,106,2,743,1,5,20,0,26,407,234,126,2,769,19,0,19,788
01/12/2000,IND,IN,AGL,CE,Towers with Radar,421,218,144,4,787,1,4,28,0,33,422,222,172,4,820,2,0,2,822
01/13/2000,IND,IN,AGL,CE,Towers with Radar,416,247,162,1,826,1,0,9,0,10,417,247,171,1,836,0,0,0,836
01/14/2000,IND,IN,AGL,CE,Towers with Radar,404,223,120,5,752,0,6,18,1,25,404,229,138,6,777,4,0,4,781
01/15/2000,IND,IN,AGL,CE,Towers with Radar,320,114,35,0,469,0,5,22,0,27,320,119,57,0,496,2,0,2,498
01/16/2000,IND,IN,AGL,CE,Towers with Radar,272,162,144,4,582,0,1,9,0,10,272,163,153,4,592,10,0,10,602
01/17/2000,IND,IN,AGL,CE,Towers with Radar,199,148,85,4,436,1,3,10,0,14,200,151,95,4,450,0,0,0,450
01/18/2000,IND,IN,AGL,CE,Towers with Radar,365,203,145,2,715,1,1,8,0,10,366,204,153,2,725,8,0,8,733
01/19/2000,IND,IN,AGL,CE,Towers with Radar,382,199,163,2,746,1,1,3,0,5,383,200,166,2,751,0,0,0,751
01/20/2000,IND,IN,AGL,CE,Towers with Radar,410,195,136,2,743,0,1,15,0,16,410,196,151,2,759,8,0,8,767
01/21/2000,IND,IN,AGL,CE,Towers with Radar,401,215,107,6,729,0,3,30,0,33,401,218,137,6,762,4,0,4,766
01/22/2000,IND,IN,AGL,CE,Towers with Radar,318,121,36,3,478,1,1,2,0,4,319,122,38,3,482,0,0,0,482
01/23/2000,IND,IN,AGL,CE,Towers with Radar,255,160,42,0,457,0,2,1,0,3,255,162,43,0,460,0,0,0,460
01/24/2000,IND,IN,AGL,CE,Towers with Radar,213,199,98,4,514,0,5,22,0,27,213,204,120,4,541,6,0,6,547
01/25/2000,IND,IN,AGL,CE,Towers with Radar,381,202,113,2,698,0,0,37,0,37,381,202,150,2,735,0,0,0,735
01/26/2000,IND,IN,AGL,CE,Towers with Radar,407,201,156,2,766,0,2,29,1,32,407,203,185,3,798,4,0,4,802
01/27/2000,IND,IN,AGL,CE,Towers with Radar,412,216,146,4,778,0,2,24,0,26,412,218,170,4,804,16,0,16,820
01/28/2000,IND,IN,AGL,CE,Towers with Radar,402,211,81,7,701,0,6,42,0,48,402,217,123,7,749,10,0,10,759
01/29/2000,IND,IN,AGL,CE,Towers with Radar,288,107,31,6,432,1,1,6,0,8,289,108,37,6,440,6,0,6,446
01/30/2000,IND,IN,AGL,CE,Towers with Radar,245,153,34,4,436,0,1,0,0,1,245,154,34,4,437,0,0,0,437
01/31/2000,IND,IN,AGL,CE,Towers with Radar,225,187,95,0,507,0,1,17,0,18,225,188,112,0,525,2,0,2,527
02/01/2000,IND,IN,AGL,CE,Towers with Radar,417,203,149,1,770,0,8,16,0,24,417,211,165,1,794,0,0,0,794
02/02/2000,IND,IN,AGL,CE,Towers with Radar,425,228,137,4,794,0,0,29,0,29,425,228,166,4,823,0,0,0,823
02/03/2000,IND,IN,AGL,CE,Towers with Radar,417,229,136,2,784,0,1,18,0,19,417,230,154,2,803,4,0,4,807
02/04/2000,IND,IN,AGL,CE,Towers with Radar,415,221,102,4,742,0,0,5,0,5,415,221,107,4,747,0,0,0,747
02/05/2000,IND,IN,AGL,CE,Towers with Radar,317,130,54,3,504,0,3,10,0,13,317,133,64,3,517,8,0,8,525
02/06/2000,IND,IN,AGL,CE,Towers with Radar,303,132,52,2,489,0,0,12,0,12,303,132,64,2,501,8,0,8,509
02/07/2000,IND,IN,AGL,CE,Towers with Radar,216,193,96,1,506,1,2,28,0,31,217,195,124,1,537,6,0,6,543
02/08/2000,IND,IN,AGL,CE,Towers with Radar,415,223,119,9,766,1,2,43,0,46,416,225,162,9,812,11,0,11,823
02/09/2000,IND,IN,AGL,CE,Towers with Radar,414,222,149,3,788,0,3,35,0,38,414,225,184,3,826,6,0,6,832
02/10/2000,IND,IN,AGL,CE,Towers with Radar,421,228,150,4,803,0,0,14,1,15,421,228,164,5,818,14,0,14,832
02/11/2000,IND,IN,AGL,CE,Towers with Radar,409,227,106,2,744,0,0,8,0,8,409,227,114,2,752,8,0,8,760
02/12/2000,IND,IN,AGL,CE,Towers with Radar,312,140,41,2,495,0,1,17,2,20,312,141,58,4,515,0,0,0,515
02/13/2000,IND,IN,AGL,CE,Towers with Radar,285,120,34,4,443,0,0,4,0,4,285,120,38,4,447,0,0,0,447
02/14/2000,IND,IN,AGL,CE,Towers with Radar,230,185,82,2,499,0,0,3,2,5,230,185,85,4,504,2,0,2,506
02/15/2000,IND,IN,AGL,CE,Towers with Radar,417,228,133,3,781,0,0,29,0,29,417,228,162,3,810,8,0,8,818
02/16/2000,IND,IN,AGL,CE,Towers with Radar,424,227,145,4,800,1,1,31,0,33,425,228,176,4,833,0,0,0,833
02/17/2000,IND,IN,AGL,CE,Towers with Radar,418,238,139,2,797,1,1,23,1,26,419,239,162,3,823,11,0,11,834
02/18/2000,IND,IN,AGL,CE,Towers with Radar,431,221,108,6,766,0,0,0,0,0,431,221,108,6,766,2,0,2,768
02/19/2000,IND,IN,AGL,CE,Towers with Radar,319,143,84,3,549,0,0,4,0,4,319,143,88,3,553,0,0,0,553
02/20/2000,IND,IN,AGL,CE,Towers with Radar,246,188,71,1,506,0,0,11,0,11,246,188,82,1,517,6,0,6,523
02/21/2000,IND,IN,AGL,CE,Towers with Radar,229,172,126,2,529,0,0,36,0,36,229,172,162,2,565,2,0,2,567
02/22/2000,IND,IN,AGL,CE,Towers with Radar,373,199,146,5,723,0,1,51,0,52,373,200,197,5,775,0,0,0,775
02/23/2000,IND,IN,AGL,CE,Towers with Radar,412,227,149,10,798,0,1,42,0,43,412,228,191,10,841,20,0,20,861
02/24/2000,IND,IN,AGL,CE,Towers with Radar,427,231,127,3,788,0,3,21,0,24,427,234,148,3,812,12,0,12,824
02/25/2000,IND,IN,AGL,CE,Towers with Radar,459,217,101,6,783,0,1,42,0,43,459,218,143,6,826,6,0,6,832
02/26/2000,IND,IN,AGL,CE,Towers with Radar,317,108,50,2,477,0,1,8,0,9,317,109,58,2,486,2,0,2,488
02/27/2000,IND,IN,AGL,CE,Towers with Radar,280,170,72,5,527,0,1,7,0,8,280,171,79,5,535,6,0,6,541
02/28/2000,IND,IN,AGL,CE,Towers with Radar,231,181,110,1,523,1,0,35,1,37,232,181,145,2,560,2,0,2,562
02/29/2000,IND,IN,AGL,CE,Towers with Radar,419,225,142,3,789,0,1,53,0,54,419,226,195,3,843,8,0,8,851
03/01/2000,IND,IN,AGL,CE,Towers with Radar,428,223,142,2,795,0,1,19,0,20,428,224,161,2,815,0,0,0,815
03/02/2000,IND,IN,AGL,CE,Towers with Radar,425,229,121,3,778,0,5,30,2,37,425,234,151,5,815,4,0,4,819
03/03/2000,IND,IN,AGL,CE,Towers with Radar,409,225,128,0,762,0,4,35,0,39,409,229,163,0,801,8,0,8,809
03/04/2000,IND,IN,AGL,CE,Towers with Radar,318,122,57,4,501,0,8,21,0,29,318,130,78,4,530,8,0,8,538
03/05/2000,IND,IN,AGL,CE,Towers with Radar,297,138,55,0,490,1,3,16,0,20,298,141,71,0,510,10,0,10,520
03/06/2000,IND,IN,AGL,CE,Towers with Radar,226,184,109,1,520,0,3,39,0,42,226,187,148,1,562,6,0,6,568
03/07/2000,IND,IN,AGL,CE,Towers with Radar,415,234,148,1,798,0,3,30,0,33,415,237,178,1,831,4,0,4,835
03/08/2000,IND,IN,AGL,CE,Towers with Radar,435,216,103,1,755,0,6,27,0,33,435,222,130,1,788,6,0,6,794
03/09/2000,IND,IN,AGL,CE,Towers with Radar,436,219,135,3,793,0,1,19,1,21,436,220,154,4,814,6,0,6,820
03/10/2000,IND,IN,AGL,CE,Towers with Radar,398,224,102,10,734,0,2,22,0,24,398,226,124,10,758,10,0,10,768
03/11/2000,IND,IN,AGL,CE,Towers with Radar,321,121,30,0,472,1,0,5,0,6,322,121,35,0,478,0,0,0,478
03/12/2000,IND,IN,AGL,CE,Towers with Radar,272,184,70,4,530,1,0,16,0,17,273,184,86,4,547,8,0,8,555
03/13/2000,IND,IN,AGL,CE,Towers with Radar,229,188,85,6,508,1,0,15,1,17,230,188,100,7,525,6,0,6,531
03/14/2000,IND,IN,AGL,CE,Towers with Radar,416,224,144,4,788,0,1,20,1,22,416,225,164,5,810,0,0,0,810
03/15/2000,IND,IN,AGL,CE,Towers with Radar,449,224,137,4,814,1,3,26,0,30,450,227,163,4,844,16,0,16,860
03/16/2000,IND,IN,AGL,CE,Towers with Radar,421,213,146,2,782,0,1,2,0,3,421,214,148,2,785,0,0,0,785
03/17/2000,IND,IN,AGL,CE,Towers with Radar,409,223,110,7,749,0,3,38,0,41,409,226,148,7,790,6,0,6,796
03/18/2000,IND,IN,AGL,CE,Towers with Radar,321,125,56,4,506,1,1,19,0,21,322,126,75,4,527,6,0,6,533
03/19/2000,IND,IN,AGL,CE,Towers with Radar,262,187,61,2,512,0,0,1,2,3,262,187,62,4,515,0,0,0,515
03/20/2000,IND,IN,AGL,CE,Towers with Radar,234,184,112,4,534,1,0,3,0,4,235,184,115,4,538,0,0,0,538
03/21/2000,IND,IN,AGL,CE,Towers with Radar,406,224,150,2,782,0,0,17,0,17,406,224,167,2,799,5,0,5,804
03/22/2000,IND,IN,AGL,CE,Towers with Radar,417,217,164,6,804,0,2,28,0,30,417,219,192,6,834,26,0,26,860
03/23/2000,IND,IN,AGL,CE,Towers with Radar,439,227,142,4,812,0,2,48,0,50,439,229,190,4,862,2,0,2,864
03/24/2000,IND,IN,AGL,CE,Towers with Radar,399,225,114,8,746,0,1,31,0,32,399,226,145,8,778,2,0,2,780
03/25/2000,IND,IN,AGL,CE,Towers with Radar,326,123,77,2,528,0,2,18,0,20,326,125,95,2,548,5,0,5,553
03/26/2000,IND,IN,AGL,CE,Towers with Radar,291,170,60,7,528,0,0,27,0,27,291,170,87,7,555,11,0,11,566
03/27/2000,IND,IN,AGL,CE,Towers with Radar,234,177,97,3,511,0,0,17,1,18,234,177,114,4,529,4,0,4,533
03/28/2000,IND,IN,AGL,CE,Towers with Radar,424,210,133,3,770,0,0,17,0,17,424,210,150,3,787,0,0,0,787
03/29/2000,IND,IN,AGL,CE,Towers with Radar,432,233,156,4,825,0,5,35,0,40,432,238,191,4,865,14,0,14,879
03/30/2000,IND,IN,AGL,CE,Towers with Radar,436,251,156,7,850,0,4,44,0,48,436,255,200,7,898,10,0,10,908
03/31/2000,IND,IN,AGL,CE,Towers with Radar,436,265,219,10,930,1,5,47,1,54,437,270,266,11,984,4,0,4,988
04/01/2000,IND,IN,AGL,CE,Towers with Radar,330,167,262,0,759,3,4,22,0,29,333,171,284,0,788,30,0,30,818
04/02/2000,IND,IN,AGL,CE,Towers with Radar,307,81,210,4,602,2,0,3,0,5,309,81,213,4,607,0,0,0,607
04/03/2000,IND,IN,AGL,CE,Towers with Radar,229,205,243,4,681,3,0,15,0,18,232,205,258,4,699,0,0,0,699
04/04/2000,IND,IN,AGL,CE,Towers with Radar,435,255,339,9,1038,3,0,14,0,17,438,255,353,9,1055,2,0,2,1057
04/05/2000,IND,IN,AGL,CE,Towers with Radar,429,208,120,6,763,3,0,38,0,41,432,208,158,6,804,7,0,7,811
04/06/2000,IND,IN,AGL,CE,Towers with Radar,453,210,117,6,786,3,2,27,2,34,456,212,144,8,820,28,0,28,848
04/07/2000,IND,IN,AGL,CE,Towers with Radar,421,189,96,2,708,3,0,7,0,10,424,189,103,2,718,4,0,4,722
04/08/2000,IND,IN,AGL,CE,Towers with Radar,349,144,65,2,560,4,1,5,0,10,353,145,70,2,570,0,0,0,570
04/09/2000,IND,IN,AGL,CE,Towers with Radar,281,174,83,0,538,3,0,27,0,30,284,174,110,0,568,2,0,2,570
04/10/2000,IND,IN,AGL,CE,Towers with Radar,230,184,92,2,508,3,1,38,0,42,233,185,130,2,550,2,0,2,552
04/11/2000,IND,IN,AGL,CE,Towers with Radar,265,182,139,2,588,3,0,0,0,3,268,182,139,2,591,0,11,11,602
04/12/2000,IND,IN,AGL,CE,Towers with Radar,437,191,158,9,795,3,0,42,0,45,440,191,200,9,840,6,0,6,846
04/13/2000,IND,IN,AGL,CE,Towers with Radar,450,213,182,4,849,3,1,50,0,54,453,214,232,4,903,16,0,16,919
04/14/2000,IND,IN,AGL,CE,Towers with Radar,430,229,135,8,802,3,0,27,0,30,433,229,162,8,832,18,0,18,850
04/15/2000,IND,IN,AGL,CE,Towers with Radar,312,142,60,7,521,3,0,30,0,33,315,142,90,7,554,18,0,18,572
04/16/2000,IND,IN,AGL,CE,Towers with Radar,276,174,79,8,537,3,0,10,0,13,279,174,89,8,550,12,0,12,562
04/17/2000,IND,IN,AGL,CE,Towers with Radar,223,162,109,3,497,0,23,14,3,40,223,185,123,6,537,2,0,2,539
04/18/2000,IND,IN,AGL,CE,Towers with Radar,416,215,182,11,824,3,0,8,0,11,419,215,190,11,835,6,0,6,841
04/19/2000,IND,IN,AGL,CE,Towers with Radar,423,218,130,7,778,4,0,12,1,17,427,218,142,8,795,2,0,2,797
04/20/2000,IND,IN,AGL,CE,Towers with Radar,407,188,119,6,720,3,0,11,0,14,410,188,130,6,734,12,0,12,746
04/21/2000,IND,IN,AGL,CE,Towers with Radar,399,184,70,0,653,3,0,5,0,8,402,184,75,0,661,0,0,0,661
04/22/2000,IND,IN,AGL,CE,Towers with Radar,308,131,33,2,474,3,0,19,0,22,311,131,52,2,496,0,0,0,496
04/23/2000,IND,IN,AGL,CE,Towers with Radar,291,141,29,2,463,3,0,13,0,16,294,141,42,2,479,0,0,0,479
04/24/2000,IND,IN,AGL,CE,Towers with Radar,235,166,124,5,530,2,0,32,0,34,237,166,156,5,564,2,0,2,566
04/25/2000,IND,IN,AGL,CE,Towers with Radar,409,207,137,0,753,3,1,56,0,60,412,208,193,0,813,10,0,10,823
04/26/2000,IND,IN,AGL,CE,Towers with Radar,415,207,139,6,767,2,0,65,0,67,417,207,204,6,834,10,0,10,844
04/27/2000,IND,IN,AGL,CE,Towers with Radar,416,210,134,3,763,2,0,40,0,42,418,210,174,3,805,2,0,2,807
04/28/2000,IND,IN,AGL,CE,Towers with Radar,412,212,104,2,730,2,0,46,0,48,414,212,150,2,778,6,0,6,784
04/29/2000,IND,IN,AGL,CE,Towers with Radar,309,134,56,3,502,2,0,23,0,25,311,134,79,3,527,2,0,2,529
04/30/2000,IND,IN,AGL,CE,Towers with Radar,292,174,64,2,532,2,0,14,0,16,294,174,78,2,548,8,0,8,556
05/01/2000,IND,IN,AGL,CE,Towers with Radar,216,189,103,2,510,7,2,15,0,24,223,191,118,2,534,14,0,14,548
05/02/2000,IND,IN,AGL,CE,Towers with Radar,412,189,155,8,764,6,2,27,0,35,418,191,182,8,799,0,0,0,799
05/03/2000,IND,IN,AGL,CE,Towers with Radar,417,205,128,7,757,6,2,37,0,45,423,207,165,7,802,12,0,12,814
05/04/2000,IND,IN,AGL,CE,Towers with Radar,410,225,158,6,799,6,6,31,0,43,416,231,189,6,842,4,0,4,846
05/05/2000,IND,IN,AGL,CE,Towers with Radar,402,210,116,7,735,6,2,34,0,42,408,212,150,7,777,8,0,8,785
05/06/2000,IND,IN,AGL,CE,Towers with Radar,310,127,74,5,516,6,4,8,0,18,316,131,82,5,534,24,0,24,558
05/07/2000,IND,IN,AGL,CE,Towers with Radar,276,154,56,3,489,7,1,6,0,14,283,155,62,3,503,10,0,10,513
05/08/2000,IND,IN,AGL,CE,Towers with Radar,218,176,97,6,497,6,2,13,0,21,224,178,110,6,518,14,0,14,532
05/09/2000,IND,IN,AGL,CE,Towers with Radar,411,195,150,3,759,6,3,19,0,28,417,198,169,3,787,10,0,10,797
05/10/2000,IND,IN,AGL,CE,Towers with Radar,408,206,164,10,788,7,3,33,0,43,415,209,197,10,831,12,0,12,843
05/11/2000,IND,IN,AGL,CE,Towers with Radar,421,217,174,7,819,6,0,0,0,6,427,217,174,7,825,6,0,6,831
05/12/2000,IND,IN,AGL,CE,Towers with Radar,423,202,127,6,758,6,0,21,0,27,429,202,148,6,785,16,0,16,801
05/13/2000,IND,IN,AGL,CE,Towers with Radar,320,133,74,5,532,6,0,15,0,21,326,133,89,5,553,12,0,12,565
05/14/2000,IND,IN,AGL,CE,Towers with Radar,286,163,56,2,507,6,0,7,0,13,292,163,63,2,520,0,0,0,520
05/15/2000,IND,IN,AGL,CE,Towers with Radar,220,180,123,2,525,6,5,37,0,48,226,185,160,2,573,8,0,8,581
05/16/2000,IND,IN,AGL,CE,Towers with Radar,419,235,181,2,837,6,2,23,0,31,425,237,204,2,868,8,0,8,876
05/17/2000,IND,IN,AGL,CE,Towers with Radar,407,225,158,2,792,6,0,6,0,12,413,225,164,2,804,0,0,0,804
05/18/2000,IND,IN,AGL,CE,Towers with Radar,433,201,142,3,779,6,1,8,2,17,439,202,150,5,796,14,0,14,810
05/19/2000,IND,IN,AGL,CE,Towers with Radar,440,230,171,12,853,6,0,7,0,13,446,230,178,12,866,14,0,14,880
05/20/2000,IND,IN,AGL,CE,Towers with Radar,306,139,90,6,541,6,0,3,0,9,312,139,93,6,550,0,0,0,550
05/21/2000,IND,IN,AGL,CE,Towers with Radar,254,180,97,4,535,6,0,19,1,26,260,180,116,5,561,10,0,10,571
05/22/2000,IND,IN,AGL,CE,Towers with Radar,209,196,110,0,515,6,2,21,1,30,215,198,131,1,545,4,0,4,549
05/23/2000,IND,IN,AGL,CE,Towers with Radar,411,221,158,8,798,6,0,16,0,22,417,221,174,8,820,11,0,11,831
05/24/2000,IND,IN,AGL,CE,Towers with Radar,394,221,153,4,772,6,2,39,0,47,400,223,192,4,819,4,0,4,823
05/25/2000,IND,IN,AGL,CE,Towers with Radar,265,184,127,5,581,0,0,48,15,63,265,184,175,20,644,14,0,14,658
05/26/2000,IND,IN,AGL,CE,Towers with Radar,407,223,155,8,793,6,2,32,0,40,413,225,187,8,833,6,0,6,839
05/27/2000,IND,IN,AGL,CE,Towers with Radar,319,128,74,0,521,6,0,0,1,7,325,128,74,1,528,8,0,8,536
05/28/2000,IND,IN,AGL,CE,Towers with Radar,287,115,183,9,594,6,1,11,0,18,293,116,194,9,612,124,0,124,736
05/29/2000,IND,IN,AGL,CE,Towers with Radar,207,135,87,4,433,6,0,16,0,22,213,135,103,4,455,4,0,4,459
05/30/2000,IND,IN,AGL,CE,Towers with Radar,236,183,126,4,549,0,0,49,0,49,236,183,175,4,598,8,0,8,606
05/31/2000,IND,IN,AGL,CE,Towers with Radar,420,214,152,0,786,6,5,20,0,31,426,219,172,0,817,44,0,44,861
06/01/2000,IND,IN,AGL,CE,Towers with Radar,449,214,160,5,828,0,9,30,0,39,449,223,190,5,867,20,0,20,887
06/02/2000,IND,IN,AGL,CE,Towers with Radar,443,220,119,11,793,0,1,31,0,32,443,221,150,11,825,4,0,4,829
06/03/2000,IND,IN,AGL,CE,Towers with Radar,331,134,56,8,529,0,1,24,0,25,331,135,80,8,554,2,0,2,556
06/04/2000,IND,IN,AGL,CE,Towers with Radar,265,189,71,4,529,1,0,0,0,1,266,189,71,4,530,0,1,1,531
06/05/2000,IND,IN,AGL,CE,Towers with Radar,228,182,106,1,517,0,0,8,0,8,228,182,114,1,525,0,0,0,525
06/06/2000,IND,IN,AGL,CE,Towers with Radar,425,224,180,8,837,0,5,50,0,55,425,229,230,8,892,37,0,37,929
06/07/2000,IND,IN,AGL,CE,Towers with Radar,420,225,136,6,787,0,6,45,0,51,420,231,181,6,838,4,0,4,842
06/08/2000,IND,IN,AGL,CE,Towers with Radar,438,229,150,6,823,0,6,50,0,56,438,235,200,6,879,7,0,7,886
06/09/2000,IND,IN,AGL,CE,Towers with Radar,411,215,132,4,762,0,4,51,0,55,411,219,183,4,817,16,0,16,833
06/10/2000,IND,IN,AGL,CE,Towers with Radar,334,136,69,0,539,0,0,0,0,0,334,136,69,0,539,14,0,14,553
06/11/2000,IND,IN,AGL,CE,Towers with Radar,254,199,116,0,569,0,0,11,0,11,254,199,127,0,580,10,0,10,590
06/12/2000,IND,IN,AGL,CE,Towers with Radar,220,186,125,2,533,0,1,18,0,19,220,187,143,2,552,0,0,0,552
06/13/2000,IND,IN,AGL,CE,Towers with Radar,424,229,170,10,833,0,1,35,1,37,424,230,205,11,870,10,0,10,880
06/14/2000,IND,IN,AGL,CE,Towers with Radar,405,205,139,4,753,0,2,11,1,14,405,207,150,5,767,6,0,6,773
06/15/2000,IND,IN,AGL,CE,Towers with Radar,404,247,178,9,838,0,0,37,1,38,404,247,215,10,876,18,0,18,894
06/16/2000,IND,IN,AGL,CE,Towers with Radar,401,211,124,4,740,0,0,5,0,5,401,211,129,4,745,9,0,9,754
06/17/2000,IND,IN,AGL,CE,Towers with Radar,345,151,63,0,559,0,0,6,0,6,345,151,69,0,565,6,0,6,571
06/18/2000,IND,IN,AGL,CE,Towers with Radar,271,182,60,1,514,0,1,2,0,3,271,183,62,1,517,0,0,0,517
06/19/2000,IND,IN,AGL,CE,Towers with Radar,219,193,121,7,540,0,0,42,0,42,219,193,163,7,582,5,0,5,587
06/20/2000,IND,IN,AGL,CE,Towers with Radar,426,213,162,3,804,2,1,21,0,24,428,214,183,3,828,2,0,2,830
06/21/2000,IND,IN,AGL,CE,Towers with Radar,416,237,162,4,819,0,0,25,0,25,416,237,187,4,844,4,0,4,848
06/22/2000,IND,IN,AGL,CE,Towers with Radar,442,243,156,4,845,0,0,42,1,43,442,243,198,5,888,32,0,32,920
06/23/2000,IND,IN,AGL,CE,Towers with Radar,434,229,116,10,789,0,1,59,1,61,434,230,175,11,850,18,0,18,868
06/24/2000,IND,IN,AGL,CE,Towers with Radar,325,137,30,5,497,0,1,5,0,6,325,138,35,5,503,12,0,12,515
06/25/2000,IND,IN,AGL,CE,Towers with Radar,268,192,57,3,520,0,0,15,0,15,268,192,72,3,535,12,0,12,547
06/26/2000,IND,IN,AGL,CE,Towers with Radar,217,188,81,2,488,1,0,15,0,16,218,188,96,2,504,12,0,12,516
06/27/2000,IND,IN,AGL,CE,Towers with Radar,435,244,136,0,815,1,1,36,0,38,436,245,172,0,853,10,0,10,863
06/28/2000,IND,IN,AGL,CE,Towers with Radar,431,263,147,15,856,1,3,53,0,57,432,266,200,15,913,8,0,8,921
06/29/2000,IND,IN,AGL,CE,Towers with Radar,460,223,155,7,845,0,2,68,4,74,460,225,223,11,919,8,0,8,927
06/30/2000,IND,IN,AGL,CE,Towers with Radar,440,238,96,4,778,2,1,54,1,58,442,239,150,5,836,12,0,12,848
07/01/2000,IND,IN,AGL,CE,Towers with Radar,331,155,57,4,547,0,0,29,0,29,331,155,86,4,576,4,0,4,580
07/02/2000,IND,IN,AGL,CE,Towers with Radar,254,151,36,5,446,0,0,16,0,16,254,151,52,5,462,6,0,6,468
07/03/2000,IND,IN,AGL,CE,Towers with Radar,196,125,38,0,359,0,1,7,0,8,196,126,45,0,367,0,0,0,367
07/04/2000,IND,IN,AGL,CE,Towers with Radar,283,150,30,1,464,0,0,5,0,5,283,150,35,1,469,2,0,2,471
07/05/2000,IND,IN,AGL,CE,Towers with Radar,289,194,111,10,604,0,1,12,0,13,289,195,123,10,617,10,0,10,627
07/06/2000,IND,IN,AGL,CE,Towers with Radar,442,248,138,0,828,0,1,20,0,21,442,249,158,0,849,22,0,22,871
07/07/2000,IND,IN,AGL,CE,Towers with Radar,418,222,96,5,741,1,6,44,1,52,419,228,140,6,793,10,0,10,803
07/08/2000,IND,IN,AGL,CE,Towers with Radar,330,153,47,8,538,0,5,34,1,40,330,158,81,9,578,2,0,2,580
07/09/2000,IND,IN,AGL,CE,Towers with Radar,266,208,65,11,550,0,0,20,0,20,266,208,85,11,570,10,0,10,580
07/10/2000,IND,IN,AGL,CE,Towers with Radar,220,197,152,4,573,0,0,13,0,13,220,197,165,4,586,6,0,6,592
07/11/2000,IND,IN,AGL,CE,Towers with Radar,431,256,186,4,877,0,2,25,0,27,431,258,211,4,904,11,0,11,915
07/12/2000,IND,IN,AGL,CE,Towers with Radar,427,242,190,4,863,1,1,41,0,43,428,243,231,4,906,6,0,6,912
07/13/2000,IND,IN,AGL,CE,Towers with Radar,433,244,153,4,834,0,3,42,0,45,433,247,195,4,879,20,0,20,899
07/14/2000,IND,IN,AGL,CE,Towers with Radar,404,216,111,7,738,0,2,39,1,42,404,218,150,8,780,14,0,14,794
07/15/2000,IND,IN,AGL,CE,Towers with Radar,338,145,74,6,563,0,2,29,0,31,338,147,103,6,594,8,0,8,602
07/16/2000,IND,IN,AGL,CE,Towers with Radar,258,201,95,18,572,0,0,0,0,0,258,201,95,18,572,12,0,12,584
07/17/2000,IND,IN,AGL,CE,Towers with Radar,244,192,126,6,568,0,0,46,0,46,244,192,172,6,614,2,0,2,616
07/18/2000,IND,IN,AGL,CE,Towers with Radar,427,240,164,4,835,0,4,39,0,43,427,244,203,4,878,8,0,8,886
07/19/2000,IND,IN,AGL,CE,Towers with Radar,435,242,149,3,829,0,2,25,1,28,435,244,174,4,857,10,0,10,867
07/20/2000,IND,IN,AGL,CE,Towers with Radar,273,201,134,6,614,0,2,42,0,44,273,203,176,6,658,10,0,10,668
07/21/2000,IND,IN,AGL,CE,Towers with Radar,434,234,120,6,794,1,1,41,0,43,435,235,161,6,837,12,0,12,849
07/22/2000,IND,IN,AGL,CE,Towers with Radar,338,142,68,5,553,0,2,12,1,15,338,144,80,6,568,80,0,80,648
07/23/2000,IND,IN,AGL,CE,Towers with Radar,283,195,67,6,551,0,0,17,0,17,283,195,84,6,568,10,0,10,578
07/24/2000,IND,IN,AGL,CE,Towers with Radar,246,201,114,4,565,1,2,48,1,52,247,203,162,5,617,17,0,17,634
07/25/2000,IND,IN,AGL,CE,Towers with Radar,433,254,147,0,834,0,2,43,1,46,433,256,190,1,880,12,0,12,892
07/26/2000,IND,IN,AGL,CE,Towers with Radar,427,240,159,5,831,1,2,38,0,41,428,242,197,5,872,0,0,0,872
07/27/2000,IND,IN,AGL,CE,Towers with Radar,440,256,169,9,874,0,2,30,0,32,440,258,199,9,906,21,0,21,927
07/28/2000,IND,IN,AGL,CE,Towers with Radar,401,219,123,13,756,0,3,28,0,31,401,222,151,13,787,8,0,8,795
07/29/2000,IND,IN,AGL,CE,Towers with Radar,346,144,51,3,544,0,0,5,0,5,346,144,56,3,549,6,0,6,555
07/30/2000,IND,IN,AGL,CE,Towers with Radar,294,171,72,6,543,0,0,6,0,6,294,171,78,6,549,0,0,0,549
07/31/2000,IND,IN,AGL,CE,Towers with Radar,232,211,96,5,544,0,0,17,0,17,232,211,113,5,561,2,0,2,563
08/01/2000,IND,IN,AGL,CE,Towers with Radar,437,229,131,6,803,1,4,32,0,37,438,233,163,6,840,6,0,6,846
08/02/2000,IND,IN,AGL,CE,Towers with Radar,424,248,223,5,900,2,7,42,1,52,426,255,265,6,952,17,0,17,969
08/03/2000,IND,IN,AGL,CE,Towers with Radar,432,260,187,1,880,1,1,17,0,19,433,261,204,1,899,5,0,5,904
08/04/2000,IND,IN,AGL,CE,Towers with Radar,443,245,177,1,866,1,6,39,0,46,444,251,216,1,912,12,0,12,924
08/05/2000,IND,IN,AGL,CE,Towers with Radar,350,149,259,2,760,1,0,31,0,32,351,149,290,2,792,4,0,4,796
08/06/2000,IND,IN,AGL,CE,Towers with Radar,320,150,48,0,518,1,1,9,0,11,321,151,57,0,529,0,0,0,529
08/07/2000,IND,IN,AGL,CE,Towers with Radar,246,204,111,2,563,1,0,22,0,23,247,204,133,2,586,2,0,2,588
08/08/2000,IND,IN,AGL,CE,Towers with Radar,439,236,129,2,806,1,1,17,0,19,440,237,146,2,825,2,0,2,827
08/09/2000,IND,IN,AGL,CE,Towers with Radar,435,235,134,1,805,1,4,26,1,32,436,239,160,2,837,4,0,4,841
08/10/2000,IND,IN,AGL,CE,Towers with Radar,449,232,165,3,849,1,3,50,0,54,450,235,215,3,903,20,0,20,923
08/11/2000,IND,IN,AGL,CE,Towers with Radar,440,227,126,6,799,0,3,39,0,42,440,230,165,6,841,6,0,6,847
08/12/2000,IND,IN,AGL,CE,Towers with Radar,349,133,58,10,550,0,4,26,0,30,349,137,84,10,580,0,0,0,580
08/13/2000,IND,IN,AGL,CE,Towers with Radar,293,192,72,4,561,0,1,26,0,27,293,193,98,4,588,8,0,8,596
08/14/2000,IND,IN,AGL,CE,Towers with Radar,236,185,111,3,535,0,3,43,0,46,236,188,154,3,581,6,0,6,587
08/15/2000,IND,IN,AGL,CE,Towers with Radar,436,232,158,5,831,0,3,36,0,39,436,235,194,5,870,8,0,8,878
08/16/2000,IND,IN,AGL,CE,Towers with Radar,435,246,162,3,846,1,0,41,0,42,436,246,203,3,888,9,0,9,897
08/17/2000,IND,IN,AGL,CE,Towers with Radar,428,207,121,7,763,0,3,19,1,23,428,210,140,8,786,10,0,10,796
08/18/2000,IND,IN,AGL,CE,Towers with Radar,444,245,150,4,843,0,0,6,4,10,444,245,156,8,853,0,0,0,853
08/19/2000,IND,IN,AGL,CE,Towers with Radar,346,131,51,1,529,0,0,17,0,17,346,131,68,1,546,4,0,4,550
08/20/2000,IND,IN,AGL,CE,Towers with Radar,288,191,43,5,527,0,4,22,0,26,288,195,65,5,553,9,0,9,562
08/21/2000,IND,IN,AGL,CE,Towers with Radar,230,203,107,2,542,1,3,44,0,48,231,206,151,2,590,6,0,6,596
08/22/2000,IND,IN,AGL,CE,Towers with Radar,447,242,133,0,822,0,3,28,1,32,447,245,161,1,854,8,0,8,862
08/23/2000,IND,IN,AGL,CE,Towers with Radar,420,236,148,3,807,0,3,18,0,21,420,239,166,3,828,0,0,0,828
08/24/2000,IND,IN,AGL,CE,Towers with Radar,444,257,165,6,872,1,3,35,0,39,445,260,200,6,911,6,0,6,917
08/25/2000,IND,IN,AGL,CE,Towers with Radar,430,238,124,10,802,0,10,46,1,57,430,248,170,11,859,28,0,28,887
08/26/2000,IND,IN,AGL,CE,Towers with Radar,330,136,49,7,522,1,0,36,0,37,331,136,85,7,559,12,0,12,571
08/27/2000,IND,IN,AGL,CE,Towers with Radar,312,161,57,3,533,0,0,13,0,13,312,161,70,3,546,10,0,10,556
08/28/2000,IND,IN,AGL,CE,Towers with Radar,237,198,85,6,526,0,2,30,2,34,237,200,115,8,560,8,0,8,568
08/29/2000,IND,IN,AGL,CE,Towers with Radar,450,242,138,3,833,1,3,44,0,48,451,245,182,3,881,11,0,11,892
08/30/2000,IND,IN,AGL,CE,Towers with Radar,443,243,130,7,823,2,2,49,0,53,445,245,179,7,876,20,0,20,896
08/31/2000,IND,IN,AGL,CE,Towers with Radar,441,255,146,8,850,0,4,39,0,43,441,259,185,8,893,12,0,12,905
09/01/2000,IND,IN,AGL,CE,Towers with Radar,434,259,135,7,835,5,3,34,3,45,439,262,169,10,880,20,0,20,900
09/02/2000,IND,IN,AGL,CE,Towers with Radar,318,127,58,1,504,5,2,36,2,45,323,129,94,3,549,6,0,6,555
09/03/2000,IND,IN,AGL,CE,Towers with Radar,236,158,40,0,434,6,0,4,2,12,242,158,44,2,446,8,0,8,454
09/04/2000,IND,IN,AGL,CE,Towers with Radar,199,133,74,2,408,4,1,4,0,9,203,134,78,2,417,0,0,0,417
09/05/2000,IND,IN,AGL,CE,Towers with Radar,227,207,151,2,587,5,1,25,0,31,232,208,176,2,618,10,0,10,628
09/06/2000,IND,IN,AGL,CE,Towers with Radar,440,255,180,6,881,4,5,36,1,46,444,260,216,7,927,12,0,12,939
09/07/2000,IND,IN,AGL,CE,Towers with Radar,430,241,136,6,813,4,7,53,0,64,434,248,189,6,877,12,0,12,889
09/08/2000,IND,IN,AGL,CE,Towers with Radar,426,241,155,11,833,4,3,20,3,30,430,244,175,14,863,10,0,10,873
09/09/2000,IND,IN,AGL,CE,Towers with Radar,321,151,73,11,556,4,1,8,0,13,325,152,81,11,569,4,0,4,573
09/10/2000,IND,IN,AGL,CE,Towers with Radar,272,201,77,7,557,4,1,0,0,5,276,202,77,7,562,0,0,0,562
09/11/2000,IND,IN,AGL,CE,Towers with Radar,291,178,134,8,611,4,1,20,0,25,295,179,154,8,636,6,0,6,642
09/12/2000,IND,IN,AGL,CE,Towers with Radar,459,233,140,4,836,4,1,30,0,35,463,234,170,4,871,4,0,4,875
09/13/2000,IND,IN,AGL,CE,Towers with Radar,460,236,193,39,928,5,3,51,0,59,465,239,244,39,987,8,0,8,995
09/14/2000,IND,IN,AGL,CE,Towers with Radar,435,241,161,1,838,5,0,17,0,22,440,241,178,1,860,6,0,6,866
09/15/2000,IND,IN,AGL,CE,Towers with Radar,422,254,136,5,817,5,2,28,0,35,427,256,164,5,852,14,0,14,866
09/16/2000,IND,IN,AGL,CE,Towers with Radar,315,138,49,4,506,4,3,23,0,30,319,141,72,4,536,10,0,10,546
09/17/2000,IND,IN,AGL,CE,Towers with Radar,259,152,106,5,522,41,28,13,2,84,300,180,119,7,606,16,0,16,622
09/18/2000,IND,IN,AGL,CE,Towers with Radar,243,198,143,2,586,5,0,43,0,48,248,198,186,2,634,4,0,4,638
09/19/2000,IND,IN,AGL,CE,Towers with Radar,436,246,142,5,829,4,1,48,0,53,440,247,190,5,882,4,0,4,886
09/20/2000,IND,IN,AGL,CE,Towers with Radar,430,254,168,3,855,4,0,18,0,22,434,254,186,3,877,6,0,6,883
09/21/2000,IND,IN,AGL,CE,Towers with Radar,441,271,235,5,952,4,0,0,0,4,445,271,235,5,956,4,0,4,960
09/22/2000,IND,IN,AGL,CE,Towers with Radar,462,244,225,10,941,4,1,49,0,54,466,245,274,10,995,18,0,18,1013
09/23/2000,IND,IN,AGL,CE,Towers with Radar,334,150,162,12,658,4,0,9,0,13,338,150,171,12,671,6,0,6,677
09/24/2000,IND,IN,AGL,CE,Towers with Radar,325,243,191,10,769,0,0,233,16,249,325,243,424,26,1018,8,0,8,1026
09/25/2000,IND,IN,AGL,CE,Towers with Radar,248,218,214,3,683,4,3,0,0,7,252,221,214,3,690,0,0,0,690
09/26/2000,IND,IN,AGL,CE,Towers with Radar,451,255,237,8,951,5,3,33,0,41,456,258,270,8,992,0,0,0,992
09/27/2000,IND,IN,AGL,CE,Towers with Radar,435,247,196,5,883,5,1,44,0,50,440,248,240,5,933,4,0,4,937
09/28/2000,IND,IN,AGL,CE,Towers with Radar,443,247,138,10,838,4,0,0,0,4,447,247,138,10,842,2,0,2,844
09/29/2000,IND,IN,AGL,CE,Towers with Radar,428,241,115,3,787,4,4,41,0,49,432,245,156,3,836,16,0,16,852
09/30/2000,IND,IN,AGL,CE,Towers with Radar,330,146,50,0,526,4,0,16,0,20,334,146,66,0,546,2,0,2,548
10/01/2000,IND,IN,AGL,CE,Towers with Radar,303,182,65,2,552,0,0,26,0,26,303,182,91,2,578,12,0,12,590
10/02/2000,IND,IN,AGL,CE,Towers with Radar,260,204,113,12,589,0,1,33,0,34,260,205,146,12,623,6,0,6,629
10/03/2000,IND,IN,AGL,CE,Towers with Radar,436,221,116,3,776,0,0,28,2,30,436,221,144,5,806,5,0,5,811
10/04/2000,IND,IN,AGL,CE,Towers with Radar,426,242,132,2,802,2,1,9,1,13,428,243,141,3,815,6,0,6,821
10/05/2000,IND,IN,AGL,CE,Towers with Radar,449,235,153,2,839,0,0,0,0,0,449,235,153,2,839,0,0,0,839
10/06/2000,IND,IN,AGL,CE,Towers with Radar,429,249,143,3,824,0,0,19,0,19,429,249,162,3,843,4,0,4,847
10/07/2000,IND,IN,AGL,CE,Towers with Radar,335,138,46,3,522,1,0,27,0,28,336,138,73,3,550,12,0,12,562
10/08/2000,IND,IN,AGL,CE,Towers with Radar,313,154,53,3,523,0,0,6,0,6,313,154,59,3,529,10,0,10,539
10/09/2000,IND,IN,AGL,CE,Towers with Radar,237,186,105,14,542,0,0,27,1,28,237,186,132,15,570,2,0,2,572
10/10/2000,IND,IN,AGL,CE,Towers with Radar,397,222,138,4,761,0,4,67,0,71,397,226,205,4,832,2,0,2,834
10/11/2000,IND,IN,AGL,CE,Towers with Radar,429,239,156,4,828,0,3,31,0,34,429,242,187,4,862,0,0,0,862
10/12/2000,IND,IN,AGL,CE,Towers with Radar,448,237,131,1,817,0,4,18,0,22,448,241,149,1,839,4,0,4,843
10/13/2000,IND,IN,AGL,CE,Towers with Radar,427,239,116,4,786,0,5,36,0,41,427,244,152,4,827,2,0,2,829
10/14/2000,IND,IN,AGL,CE,Towers with Radar,338,143,50,7,538,0,0,24,0,24,338,143,74,7,562,4,0,4,566
10/15/2000,IND,IN,AGL,CE,Towers with Radar,307,177,50,10,544,1,0,15,2,18,308,177,65,12,562,8,0,8,570
10/16/2000,IND,IN,AGL,CE,Towers with Radar,247,220,141,2,610,1,0,6,0,7,248,220,147,2,617,6,0,6,623
10/17/2000,IND,IN,AGL,CE,Towers with Radar,452,239,154,2,847,0,1,7,0,8,452,240,161,2,855,4,0,4,859
10/18/2000,IND,IN,AGL,CE,Towers with Radar,441,242,175,10,868,0,0,38,0,38,441,242,213,10,906,10,0,10,916
10/19/2000,IND,IN,AGL,CE,Towers with Radar,453,261,149,3,866,0,6,25,0,31,453,267,174,3,897,13,0,13,910
10/20/2000,IND,IN,AGL,CE,Towers with Radar,450,243,134,5,832,1,4,47,0,52,451,247,181,5,884,12,0,12,896
10/21/2000,IND,IN,AGL,CE,Towers with Radar,333,147,63,8,551,0,4,34,0,38,333,151,97,8,589,2,0,2,591
10/22/2000,IND,IN,AGL,CE,Towers with Radar,283,210,106,5,604,0,0,11,1,12,283,210,117,6,616,12,0,12,628
10/23/2000,IND,IN,AGL,CE,Towers with Radar,210,194,131,6,541,0,0,11,0,11,210,194,142,6,552,0,0,0,552
10/24/2000,IND,IN,AGL,CE,Towers with Radar,449,249,142,1,841,0,4,28,0,32,449,253,170,1,873,6,0,6,879
10/25/2000,IND,IN,AGL,CE,Towers with Radar,444,210,152,4,810,0,1,4,0,5,444,211,156,4,815,2,0,2,817
10/26/2000,IND,IN,AGL,CE,Towers with Radar,449,247,163,2,861,0,2,24,1,27,449,249,187,3,888,8,0,8,896
10/27/2000,IND,IN,AGL,CE,Towers with Radar,451,250,140,5,846,0,3,26,0,29,451,253,166,5,875,8,0,8,883
10/28/2000,IND,IN,AGL,CE,Towers with Radar,336,132,55,4,527,1,0,12,0,13,337,132,67,4,540,2,0,2,542
10/29/2000,IND,IN,AGL,CE,Towers with Radar,272,205,106,1,584,1,0,22,0,23,273,205,128,1,607,6,0,6,613
10/30/2000,IND,IN,AGL,CE,Towers with Radar,215,179,94,0,488,0,2,39,0,41,215,181,133,0,529,16,0,16,545
10/31/2000,IND,IN,AGL,CE,Towers with Radar,215,181,126,0,522,0,0,7,0,7,215,181,133,0,529,6,0,6,535
11/01/2000,IND,IN,AGL,CE,Towers with Radar,457,235,141,6,839,0,1,30,0,31,457,236,171,6,870,4,0,4,874
11/02/2000,IND,IN,AGL,CE,Towers with Radar,445,225,127,17,814,0,2,40,0,42,445,227,167,17,856,10,0,10,866
11/03/2000,IND,IN,AGL,CE,Towers with Radar,444,237,131,9,821,0,3,41,0,44,444,240,172,9,865,8,0,8,873
11/04/2000,IND,IN,AGL,CE,Towers with Radar,339,144,47,3,533,0,0,25,1,26,339,144,72,4,559,8,0,8,567
11/05/2000,IND,IN,AGL,CE,Towers with Radar,297,181,55,3,536,0,0,23,0,23,297,181,78,3,559,10,0,10,569
11/06/2000,IND,IN,AGL,CE,Towers with Radar,224,172,111,2,509,0,0,5,0,5,224,172,116,2,514,0,0,0,514
11/07/2000,IND,IN,AGL,CE,Towers with Radar,436,235,131,3,805,0,1,12,0,13,436,236,143,3,818,0,0,0,818
11/08/2000,IND,IN,AGL,CE,Towers with Radar,442,232,149,5,828,0,0,9,0,9,442,232,158,5,837,2,0,2,839
11/09/2000,IND,IN,AGL,CE,Towers with Radar,457,218,176,8,859,0,0,3,0,3,457,218,179,8,862,24,0,24,886
11/10/2000,IND,IN,AGL,CE,Towers with Radar,428,237,137,17,819,0,0,7,0,7,428,237,144,17,826,6,0,6,832
11/11/2000,IND,IN,AGL,CE,Towers with Radar,318,150,48,3,519,0,0,19,0,19,318,150,67,3,538,4,0,4,542
11/12/2000,IND,IN,AGL,CE,Towers with Radar,231,157,74,2,464,0,0,15,0,15,231,157,89,2,479,6,0,6,485
11/13/2000,IND,IN,AGL,CE,Towers with Radar,241,179,130,0,550,0,0,9,0,9,241,179,139,0,559,0,0,0,559
11/14/2000,IND,IN,AGL,CE,Towers with Radar,449,208,140,1,798,1,0,8,0,9,450,208,148,1,807,6,0,6,813
11/15/2000,IND,IN,AGL,CE,Towers with Radar,449,218,130,2,799,1,0,28,0,29,450,218,158,2,828,8,0,8,836
11/16/2000,IND,IN,AGL,CE,Towers with Radar,433,236,152,4,825,1,0,21,2,24,434,236,173,6,849,7,0,7,856
11/17/2000,IND,IN,AGL,CE,Towers with Radar,431,194,96,5,726,0,0,18,0,18,431,194,114,5,744,0,0,0,744
11/18/2000,IND,IN,AGL,CE,Towers with Radar,334,141,58,0,533,0,0,24,0,24,334,141,82,0,557,14,0,14,571
11/19/2000,IND,IN,AGL,CE,Towers with Radar,316,148,36,11,511,1,0,16,0,17,317,148,52,11,528,8,0,8,536
11/20/2000,IND,IN,AGL,CE,Towers with Radar,242,178,103,25,548,0,0,10,0,10,242,178,113,25,558,2,0,2,560
11/21/2000,IND,IN,AGL,CE,Towers with Radar,442,210,154,2,808,0,1,28,0,29,442,211,182,2,837,16,0,16,853
11/22/2000,IND,IN,AGL,CE,Towers with Radar,453,223,100,1,777,1,1,33,0,35,454,224,133,1,812,6,0,6,818
11/23/2000,IND,IN,AGL,CE,Towers with Radar,336,147,21,2,506,1,0,5,0,6,337,147,26,2,512,2,0,2,514
11/24/2000,IND,IN,AGL,CE,Towers with Radar,223,104,34,1,362,1,1,17,0,19,224,105,51,1,381,20,0,20,401
11/25/2000,IND,IN,AGL,CE,Towers with Radar,296,121,32,0,449,0,0,2,0,2,296,121,34,0,451,0,0,0,451
11/26/2000,IND,IN,AGL,CE,Towers with Radar,314,154,81,1,550,0,0,0,0,0,314,154,81,1,550,0,0,0,550
11/27/2000,IND,IN,AGL,CE,Towers with Radar,251,182,119,0,552,0,0,0,0,0,251,182,119,0,552,6,0,6,558
11/28/2000,IND,IN,AGL,CE,Towers with Radar,447,239,122,1,809,0,0,30,0,30,447,239,152,1,839,6,0,6,845
11/29/2000,IND,IN,AGL,CE,Towers with Radar,427,224,121,7,779,9,10,16,26,61,436,234,137,33,840,0,0,0,840
11/30/2000,IND,IN,AGL,CE,Towers with Radar,450,250,174,0,874,0,0,8,0,8,450,250,182,0,882,2,0,2,884
12/01/2000,IND,IN,AGL,CE,Towers with Radar,435,230,150,0,815,0,0,0,0,0,435,230,150,0,815,18,0,18,833
12/02/2000,IND,IN,AGL,CE,Towers with Radar,317,156,66,0,539,0,3,13,0,16,317,159,79,0,555,0,0,0,555
12/03/2000,IND,IN,AGL,CE,Towers with Radar,247,203,62,3,515,0,0,23,0,23,247,203,85,3,538,10,0,10,548
12/04/2000,IND,IN,AGL,CE,Towers with Radar,197,165,119,1,482,0,0,8,0,8,197,165,127,1,490,2,0,2,492
12/05/2000,IND,IN,AGL,CE,Towers with Radar,445,237,124,6,812,0,2,22,2,26,445,239,146,8,838,8,0,8,846
12/06/2000,IND,IN,AGL,CE,Towers with Radar,440,226,156,22,844,0,1,26,1,28,440,227,182,23,872,4,0,4,876
12/07/2000,IND,IN,AGL,CE,Towers with Radar,445,200,115,4,764,0,1,15,0,16,445,201,130,4,780,0,0,0,780
12/08/2000,IND,IN,AGL,CE,Towers with Radar,433,232,140,3,808,0,0,26,0,26,433,232,166,3,834,4,0,4,838
12/09/2000,IND,IN,AGL,CE,Towers with Radar,320,157,65,6,548,1,0,26,0,27,321,157,91,6,575,8,0,8,583
12/10/2000,IND,IN,AGL,CE,Towers with Radar,268,185,59,1,513,0,0,4,1,5,268,185,63,2,518,0,0,0,518
12/11/2000,IND,IN,AGL,CE,Towers with Radar,204,142,103,4,453,0,0,0,0,0,204,142,103,4,453,0,0,0,453
12/12/2000,IND,IN,AGL,CE,Towers with Radar,507,220,145,3,875,0,2,19,0,21,507,222,164,3,896,0,0,0,896
12/13/2000,IND,IN,AGL,CE,Towers with Radar,447,177,110,2,736,0,0,7,3,10,447,177,117,5,746,0,0,0,746
12/14/2000,IND,IN,AGL,CE,Towers with Radar,482,229,160,1,872,0,0,10,0,10,482,229,170,1,882,6,0,6,888
12/15/2000,IND,IN,AGL,CE,Towers with Radar,534,242,130,2,908,0,0,6,0,6,534,242,136,2,914,6,0,6,920
12/16/2000,IND,IN,AGL,CE,Towers with Radar,398,159,63,22,642,0,0,0,0,0,398,159,63,22,642,4,0,4,646
12/17/2000,IND,IN,AGL,CE,Towers with Radar,345,135,48,1,529,0,0,0,0,0,345,135,48,1,529,0,0,0,529
12/18/2000,IND,IN,AGL,CE,Towers with Radar,375,172,143,0,690,1,0,18,0,19,376,172,161,0,709,0,0,0,709
12/19/2000,IND,IN,AGL,CE,Towers with Radar,519,241,121,0,881,0,0,3,0,3,519,241,124,0,884,0,0,0,884
12/20/2000,IND,IN,AGL,CE,Towers with Radar,530,240,153,4,927,0,2,19,0,21,530,242,172,4,948,2,0,2,950
12/21/2000,IND,IN,AGL,CE,Towers with Radar,540,238,126,3,907,0,0,14,0,14,540,238,140,3,921,2,0,2,923
12/22/2000,IND,IN,AGL,CE,Towers with Radar,527,218,112,13,870,0,3,21,0,24,527,221,133,13,894,2,0,2,896
12/23/2000,IND,IN,AGL,CE,Towers with Radar,433,153,50,17,653,0,0,18,1,19,433,153,68,18,672,6,0,6,678
12/24/2000,IND,IN,AGL,CE,Towers with Radar,346,130,13,1,490,1,0,3,0,4,347,130,16,1,494,8,0,8,502
12/25/2000,IND,IN,AGL,CE,Towers with Radar,219,128,8,0,355,0,0,2,0,2,219,128,10,0,357,2,0,2,359
12/26/2000,IND,IN,AGL,CE,Towers with Radar,224,159,61,3,447,0,0,7,0,7,224,159,68,3,454,0,0,0,454
12/27/2000,IND,IN,AGL,CE,Towers with Radar,424,219,63,4,710,0,0,10,0,10,424,219,73,4,720,0,0,0,720
12/28/2000,IND,IN,AGL,CE,Towers with Radar,439,215,53,4,711,0,0,27,0,27,439,215,80,4,738,2,0,2,740
12/29/2000,IND,IN,AGL,CE,Towers with Radar,457,202,46,17,722,0,0,6,0,6,457,202,52,17,728,4,0,4,732
12/30/2000,IND,IN,AGL,CE,Towers with Radar,320,137,29,1,487,0,0,2,0,2,320,137,31,1,489,4,0,4,493
12/31/2000,IND,IN,AGL,CE,Towers with Radar,258,115,21,3,397,0,0,8,0,8,258,115,29,3,405,0,0,0,405
01/01/2001,IND,IN,AGL,CE,Towers with Radar,175,119,18,0,312,2,0,1,0,3,177,119,19,0,315,8,0,8,323
01/02/2001,IND,IN,AGL,CE,Towers with Radar,243,189,93,0,525,0,0,0,0,0,243,189,93,0,525,6,0,6,531
01/03/2001,IND,IN,AGL,CE,Towers with Radar,441,230,100,0,771,1,0,15,1,17,442,230,115,1,788,12,0,12,800
01/04/2001,IND,IN,AGL,CE,Towers with Radar,432,220,107,1,760,1,0,5,1,7,433,220,112,2,767,0,0,0,767
01/05/2001,IND,IN,AGL,CE,Towers with Radar,414,222,67,2,705,2,0,17,1,20,416,222,84,3,725,4,0,4,729
01/06/2001,IND,IN,AGL,CE,Towers with Radar,325,158,39,0,522,1,0,20,0,21,326,158,59,0,543,26,0,26,569
01/07/2001,IND,IN,AGL,CE,Towers with Radar,284,155,59,4,502,1,0,2,1,4,285,155,61,5,506,0,0,0,506
01/08/2001,IND,IN,AGL,CE,Towers with Radar,211,182,80,0,473,2,0,15,0,17,213,182,95,0,490,5,0,5,495
01/09/2001,IND,IN,AGL,CE,Towers with Radar,423,231,119,4,777,0,0,34,1,35,423,231,153,5,812,9,0,9,821
01/10/2001,IND,IN,AGL,CE,Towers with Radar,420,226,99,8,753,0,0,26,1,27,420,226,125,9,780,12,0,12,792
01/11/2001,IND,IN,AGL,CE,Towers with Radar,421,242,114,1,778,0,1,30,2,33,421,243,144,3,811,23,0,23,834
01/12/2001,IND,IN,AGL,CE,Towers with Radar,415,245,118,7,785,1,2,14,1,18,416,247,132,8,803,6,0,6,809
01/13/2001,IND,IN,AGL,CE,Towers with Radar,283,117,47,16,463,1,0,9,0,10,284,117,56,16,473,14,0,14,487
01/14/2001,IND,IN,AGL,CE,Towers with Radar,271,167,42,4,484,1,0,1,0,2,272,167,43,4,486,0,0,0,486
01/15/2001,IND,IN,AGL,CE,Towers with Radar,210,174,65,2,451,1,0,0,0,1,211,174,65,2,452,0,0,0,452
01/16/2001,IND,IN,AGL,CE,Towers with Radar,358,189,129,8,684,1,0,6,0,7,359,189,135,8,691,0,0,0,691
01/17/2001,IND,IN,AGL,CE,Towers with Radar,419,242,144,10,815,1,0,8,0,9,420,242,152,10,824,12,0,12,836
01/18/2001,IND,IN,AGL,CE,Towers with Radar,408,223,126,7,764,1,1,11,0,13,409,224,137,7,777,22,0,22,799
01/19/2001,IND,IN,AGL,CE,Towers with Radar,396,227,115,3,741,1,0,12,0,13,397,227,127,3,754,8,0,8,762
01/20/2001,IND,IN,AGL,CE,Towers with Radar,309,149,36,12,506,1,0,11,0,12,310,149,47,12,518,8,0,8,526
01/21/2001,IND,IN,AGL,CE,Towers with Radar,222,131,61,3,417,42,43,20,2,107,264,174,81,5,524,12,0,12,536
01/22/2001,IND,IN,AGL,CE,Towers with Radar,206,202,110,3,521,1,0,0,0,1,207,202,110,3,522,4,0,4,526
01/23/2001,IND,IN,AGL,CE,Towers with Radar,410,233,122,4,769,1,27,38,1,67,411,260,160,5,836,0,0,0,836
01/24/2001,IND,IN,AGL,CE,Towers with Radar,415,223,171,2,811,2,2,15,2,21,417,225,186,4,832,0,0,0,832
01/25/2001,IND,IN,AGL,CE,Towers with Radar,404,246,144,27,821,1,1,24,1,27,405,247,168,28,848,6,0,6,854
01/26/2001,IND,IN,AGL,CE,Towers with Radar,412,229,113,3,757,1,1,10,0,12,413,230,123,3,769,8,0,8,777
01/27/2001,IND,IN,AGL,CE,Towers with Radar,310,159,60,4,533,1,0,11,0,12,311,159,71,4,545,18,0,18,563
01/28/2001,IND,IN,AGL,CE,Towers with Radar,272,178,50,2,502,1,0,11,0,12,273,178,61,2,514,0,0,0,514
01/29/2001,IND,IN,AGL,CE,Towers with Radar,211,183,99,4,497,1,0,0,0,1,212,183,99,4,498,0,0,0,498
01/30/2001,IND,IN,AGL,CE,Towers with Radar,418,228,124,6,776,1,0,5,0,6,419,228,129,6,782,16,0,16,798
01/31/2001,IND,IN,AGL,CE,Towers with Radar,377,221,103,0,701,42,11,15,0,68,419,232,118,0,769,0,0,0,769
02/01/2001,IND,IN,AGL,CE,Towers with Radar,427,225,124,3,779,0,0,22,0,22,427,225,146,3,801,8,0,8,809
02/02/2001,IND,IN,AGL,CE,Towers with Radar,405,217,133,5,760,0,1,22,1,24,405,218,155,6,784,12,0,12,796
02/03/2001,IND,IN,AGL,CE,Towers with Radar,307,167,29,3,506,0,0,10,2,12,307,167,39,5,518,2,0,2,520
02/04/2001,IND,IN,AGL,CE,Towers with Radar,259,191,38,1,489,0,0,7,0,7,259,191,45,1,496,0,0,0,496
02/05/2001,IND,IN,AGL,CE,Towers with Radar,204,187,107,0,498,0,0,1,0,1,204,187,108,0,499,0,0,0,499
02/06/2001,IND,IN,AGL,CE,Towers with Radar,403,227,116,3,749,0,0,18,0,18,403,227,134,3,767,5,0,5,772
02/07/2001,IND,IN,AGL,CE,Towers with Radar,419,226,144,4,793,0,0,38,1,39,419,226,182,5,832,0,0,0,832
02/08/2001,IND,IN,AGL,CE,Towers with Radar,419,219,126,3,767,0,0,17,0,17,419,219,143,3,784,8,0,8,792
02/09/2001,IND,IN,AGL,CE,Towers with Radar,405,199,94,3,701,0,0,4,0,4,405,199,98,3,705,0,0,0,705
02/10/2001,IND,IN,AGL,CE,Towers with Radar,313,175,47,1,536,0,0,18,0,18,313,175,65,1,554,8,0,8,562
02/11/2001,IND,IN,AGL,CE,Towers with Radar,270,175,48,3,496,0,2,20,0,22,270,177,68,3,518,8,0,8,526
02/12/2001,IND,IN,AGL,CE,Towers with Radar,205,192,98,0,495,0,0,15,14,29,205,192,113,14,524,9,0,9,533
02/13/2001,IND,IN,AGL,CE,Towers with Radar,403,242,126,3,774,0,0,11,0,11,403,242,137,3,785,0,0,0,785
02/14/2001,IND,IN,AGL,CE,Towers with Radar,406,229,115,4,754,0,0,1,0,1,406,229,116,4,755,16,0,16,771
02/15/2001,IND,IN,AGL,CE,Towers with Radar,417,231,162,1,811,0,0,1,0,1,417,231,163,1,812,6,0,6,818
02/16/2001,IND,IN,AGL,CE,Towers with Radar,407,226,122,4,759,0,0,5,0,5,407,226,127,4,764,0,0,0,764
02/17/2001,IND,IN,AGL,CE,Towers with Radar,329,162,43,2,536,0,0,17,0,17,329,162,60,2,553,12,0,12,565
02/18/2001,IND,IN,AGL,CE,Towers with Radar,285,184,57,1,527,0,1,27,0,28,285,185,84,1,555,10,0,10,565
02/19/2001,IND,IN,AGL,CE,Towers with Radar,207,193,109,3,512,0,0,28,0,28,207,193,137,3,540,12,0,12,552
02/20/2001,IND,IN,AGL,CE,Towers with Radar,296,187,95,2,580,0,0,34,2,36,296,187,129,4,616,12,0,12,628
02/21/2001,IND,IN,AGL,CE,Towers with Radar,413,248,156,4,821,0,2,36,1,39,413,250,192,5,860,14,0,14,874
02/22/2001,IND,IN,AGL,CE,Towers with Radar,409,243,126,0,778,0,1,14,0,15,409,244,140,0,793,17,0,17,810
02/23/2001,IND,IN,AGL,CE,Towers with Radar,394,252,118,4,768,0,0,29,0,29,394,252,147,4,797,16,0,16,813
02/24/2001,IND,IN,AGL,CE,Towers with Radar,248,152,42,1,443,64,16,0,1,81,312,168,42,2,524,4,0,4,528
02/25/2001,IND,IN,AGL,CE,Towers with Radar,302,166,48,4,520,0,0,3,0,3,302,166,51,4,523,0,0,0,523
02/26/2001,IND,IN,AGL,CE,Towers with Radar,200,216,95,2,513,0,0,30,0,30,200,216,125,2,543,8,0,8,551
02/27/2001,IND,IN,AGL,CE,Towers with Radar,416,299,127,2,844,0,0,21,0,21,416,299,148,2,865,12,0,12,877
02/28/2001,IND,IN,AGL,CE,Towers with Radar,428,305,141,8,882,0,2,37,0,39,428,307,178,8,921,10,0,10,931
03/01/2001,IND,IN,AGL,CE,Towers with Radar,422,319,110,12,863,0,0,29,0,29,422,319,139,12,892,8,0,8,900
03/02/2001,IND,IN,AGL,CE,Towers with Radar,413,294,118,7,832,0,0,0,0,0,413,294,118,7,832,22,0,22,854
03/03/2001,IND,IN,AGL,CE,Towers with Radar,311,168,72,6,557,0,0,18,0,18,311,168,90,6,575,8,0,8,583
03/04/2001,IND,IN,AGL,CE,Towers with Radar,285,170,73,2,530,0,0,6,0,6,285,170,79,2,536,6,0,6,542
03/05/2001,IND,IN,AGL,CE,Towers with Radar,217,182,101,5,505,0,0,6,0,6,217,182,107,5,511,0,0,0,511
03/06/2001,IND,IN,AGL,CE,Towers with Radar,423,265,124,2,814,0,0,13,0,13,423,265,137,2,827,2,0,2,829
03/07/2001,IND,IN,AGL,CE,Towers with Radar,415,284,123,4,826,20,22,63,0,105,435,306,186,4,931,8,0,8,939
03/08/2001,IND,IN,AGL,CE,Towers with Radar,418,299,159,2,878,0,0,8,4,12,418,299,167,6,890,6,0,6,896
03/09/2001,IND,IN,AGL,CE,Towers with Radar,421,287,111,5,824,0,0,25,0,25,421,287,136,5,849,4,0,4,853
03/10/2001,IND,IN,AGL,CE,Towers with Radar,322,178,57,3,560,0,0,23,0,23,322,178,80,3,583,14,0,14,597
03/11/2001,IND,IN,AGL,CE,Towers with Radar,263,181,42,6,492,0,0,7,0,7,263,181,49,6,499,0,0,0,499
03/12/2001,IND,IN,AGL,CE,Towers with Radar,206,198,94,4,502,0,0,11,0,11,206,198,105,4,513,2,0,2,515
03/13/2001,IND,IN,AGL,CE,Towers with Radar,414,297,103,5,819,0,0,12,0,12,414,297,115,5,831,0,0,0,831
03/14/2001,IND,IN,AGL,CE,Towers with Radar,425,286,163,3,877,0,0,36,0,36,425,286,199,3,913,8,0,8,921
03/15/2001,IND,IN,AGL,CE,Towers with Radar,420,300,149,2,871,0,3,9,2,14,420,303,158,4,885,11,0,11,896
03/16/2001,IND,IN,AGL,CE,Towers with Radar,413,282,130,4,829,0,0,1,0,1,413,282,131,4,830,0,0,0,830
03/17/2001,IND,IN,AGL,CE,Towers with Radar,332,179,47,3,561,0,0,5,0,5,332,179,52,3,566,0,0,0,566
03/18/2001,IND,IN,AGL,CE,Towers with Radar,264,221,59,2,546,0,1,19,0,20,264,222,78,2,566,8,0,8,574
03/19/2001,IND,IN,AGL,CE,Towers with Radar,176,189,97,1,463,0,0,31,0,31,176,189,128,1,494,14,0,14,508
03/20/2001,IND,IN,AGL,CE,Towers with Radar,421,290,121,5,837,0,1,27,0,28,421,291,148,5,865,8,0,8,873
03/21/2001,IND,IN,AGL,CE,Towers with Radar,424,300,133,3,860,0,0,30,0,30,424,300,163,3,890,12,0,12,902
03/22/2001,IND,IN,AGL,CE,Towers with Radar,418,306,144,4,872,0,0,34,1,35,418,306,178,5,907,6,0,6,913
03/23/2001,IND,IN,AGL,CE,Towers with Radar,418,284,129,7,838,0,0,27,0,27,418,284,156,7,865,12,0,12,877
03/24/2001,IND,IN,AGL,CE,Towers with Radar,312,160,65,4,541,0,0,19,0,19,312,160,84,4,560,14,0,14,574
03/25/2001,IND,IN,AGL,CE,Towers with Radar,277,177,68,8,530,0,0,4,0,4,277,177,72,8,534,10,0,10,544
03/26/2001,IND,IN,AGL,CE,Towers with Radar,224,210,105,3,542,0,0,26,0,26,224,210,131,3,568,4,0,4,572
03/27/2001,IND,IN,AGL,CE,Towers with Radar,422,269,135,1,827,0,0,32,0,32,422,269,167,1,859,10,0,10,869
03/28/2001,IND,IN,AGL,CE,Towers with Radar,414,266,137,2,819,0,0,29,1,30,414,266,166,3,849,10,0,10,859
03/29/2001,IND,IN,AGL,CE,Towers with Radar,427,279,118,3,827,0,0,9,0,9,427,279,127,3,836,12,0,12,848
03/30/2001,IND,IN,AGL,CE,Towers with Radar,435,277,131,3,846,0,0,16,0,16,435,277,147,3,862,14,0,14,876
03/31/2001,IND,IN,AGL,CE,Towers with Radar,314,169,60,1,544,0,0,7,0,7,314,169,67,1,551,0,0,0,551
04/01/2001,IND,IN,AGL,CE,Towers with Radar,263,211,48,1,523,0,0,11,0,11,263,211,59,1,534,0,0,0,534
04/02/2001,IND,IN,AGL,CE,Towers with Radar,202,182,81,1,466,0,0,20,0,20,202,182,101,1,486,5,0,5,491
04/03/2001,IND,IN,AGL,CE,Towers with Radar,423,253,124,5,805,0,0,29,0,29,423,253,153,5,834,4,0,4,838
04/04/2001,IND,IN,AGL,CE,Towers with Radar,431,274,96,12,813,0,1,27,0,28,431,275,123,12,841,8,0,8,849
04/05/2001,IND,IN,AGL,CE,Towers with Radar,445,251,109,4,809,0,0,27,0,27,445,251,136,4,836,2,0,2,838
04/06/2001,IND,IN,AGL,CE,Towers with Radar,431,251,85,5,772,0,0,11,0,11,431,251,96,5,783,8,0,8,791
04/07/2001,IND,IN,AGL,CE,Towers with Radar,342,156,51,3,552,0,1,11,0,12,342,157,62,3,564,0,0,0,564
04/08/2001,IND,IN,AGL,CE,Towers with Radar,301,165,61,11,538,1,0,18,0,19,302,165,79,11,557,8,0,8,565
04/09/2001,IND,IN,AGL,CE,Towers with Radar,208,170,134,4,516,0,0,20,0,20,208,170,154,4,536,6,0,6,542
04/10/2001,IND,IN,AGL,CE,Towers with Radar,422,288,112,2,824,0,0,19,0,19,422,288,131,2,843,0,0,0,843
04/11/2001,IND,IN,AGL,CE,Towers with Radar,423,265,136,4,828,0,1,19,0,20,423,266,155,4,848,18,0,18,866
04/12/2001,IND,IN,AGL,CE,Towers with Radar,426,252,123,3,804,0,1,16,0,17,426,253,139,3,821,0,0,0,821
04/13/2001,IND,IN,AGL,CE,Towers with Radar,408,268,68,5,749,0,0,30,0,30,408,268,98,5,779,12,0,12,791
04/14/2001,IND,IN,AGL,CE,Towers with Radar,300,153,34,3,490,0,1,22,0,23,300,154,56,3,513,6,0,6,519
04/15/2001,IND,IN,AGL,CE,Towers with Radar,244,184,33,4,465,0,1,4,0,5,244,185,37,4,470,0,0,0,470
04/16/2001,IND,IN,AGL,CE,Towers with Radar,207,167,130,3,507,0,0,21,1,22,207,167,151,4,529,0,0,0,529
04/17/2001,IND,IN,AGL,CE,Towers with Radar,419,259,131,7,816,0,0,18,3,21,419,259,149,10,837,12,0,12,849
04/18/2001,IND,IN,AGL,CE,Towers with Radar,420,282,122,5,829,0,1,50,2,53,420,283,172,7,882,12,0,12,894
04/19/2001,IND,IN,AGL,CE,Towers with Radar,417,285,162,4,868,1,1,38,0,40,418,286,200,4,908,24,0,24,932
04/20/2001,IND,IN,AGL,CE,Towers with Radar,413,268,106,7,794,0,1,28,0,29,413,269,134,7,823,3,0,3,826
04/21/2001,IND,IN,AGL,CE,Towers with Radar,310,158,47,0,515,0,3,4,0,7,310,161,51,0,522,6,0,6,528
04/22/2001,IND,IN,AGL,CE,Towers with Radar,254,181,73,3,511,0,0,19,0,19,254,181,92,3,530,8,0,8,538
04/23/2001,IND,IN,AGL,CE,Towers with Radar,235,180,117,1,533,0,2,23,0,25,235,182,140,1,558,5,0,5,563
04/24/2001,IND,IN,AGL,CE,Towers with Radar,438,270,143,7,858,1,0,35,2,38,439,270,178,9,896,8,0,8,904
04/25/2001,IND,IN,AGL,CE,Towers with Radar,444,279,149,3,875,0,2,36,1,39,444,281,185,4,914,26,0,26,940
04/26/2001,IND,IN,AGL,CE,Towers with Radar,439,274,141,4,858,0,0,56,0,56,439,274,197,4,914,16,0,16,930
04/27/2001,IND,IN,AGL,CE,Towers with Radar,421,267,108,1,797,0,3,38,1,42,421,270,146,2,839,6,0,6,845
04/28/2001,IND,IN,AGL,CE,Towers with Radar,318,160,57,5,540,0,0,34,1,35,318,160,91,6,575,4,0,4,579
04/29/2001,IND,IN,AGL,CE,Towers with Radar,262,208,52,0,522,1,0,18,1,20,263,208,70,1,542,0,0,0,542
04/30/2001,IND,IN,AGL,CE,Towers with Radar,202,133,3,2,340,0,0,0,526,526,202,133,3,528,866,5,0,5,871
05/01/2001,IND,IN,AGL,CE,Towers with Radar,421,272,139,4,836,20,4,28,1,53,441,276,167,5,889,8,0,8,897
05/02/2001,IND,IN,AGL,CE,Towers with Radar,439,262,124,5,830,0,0,38,0,38,439,262,162,5,868,16,0,16,884
05/03/2001,IND,IN,AGL,CE,Towers with Radar,450,303,148,3,904,0,0,32,0,32,450,303,180,3,936,22,0,22,958
05/04/2001,IND,IN,AGL,CE,Towers with Radar,438,273,104,9,824,0,0,32,0,32,438,273,136,9,856,8,0,8,864
05/05/2001,IND,IN,AGL,CE,Towers with Radar,333,149,45,5,532,0,0,25,1,26,333,149,70,6,558,4,0,4,562
05/06/2001,IND,IN,AGL,CE,Towers with Radar,292,182,67,12,553,0,0,10,0,10,292,182,77,12,563,8,0,8,571
05/07/2001,IND,IN,AGL,CE,Towers with Radar,212,192,102,1,507,0,0,19,0,19,212,192,121,1,526,14,0,14,540
05/08/2001,IND,IN,AGL,CE,Towers with Radar,431,300,163,6,900,0,2,33,0,35,431,302,196,6,935,11,0,11,946
05/09/2001,IND,IN,AGL,CE,Towers with Radar,432,291,168,2,893,0,0,33,0,33,432,291,201,2,926,10,0,10,936
05/10/2001,IND,IN,AGL,CE,Towers with Radar,440,289,165,11,905,0,0,32,0,32,440,289,197,11,937,3,0,3,940
05/11/2001,IND,IN,AGL,CE,Towers with Radar,437,278,127,5,847,0,2,23,2,27,437,280,150,7,874,19,0,19,893
05/12/2001,IND,IN,AGL,CE,Towers with Radar,329,168,77,2,576,0,0,26,0,26,329,168,103,2,602,12,0,12,614
05/13/2001,IND,IN,AGL,CE,Towers with Radar,298,168,59,0,525,0,1,13,0,14,298,169,72,0,539,14,0,14,553
05/14/2001,IND,IN,AGL,CE,Towers with Radar,220,176,129,3,528,0,0,28,0,28,220,176,157,3,556,10,0,10,566
05/15/2001,IND,IN,AGL,CE,Towers with Radar,427,273,122,1,823,0,0,38,0,38,427,273,160,1,861,10,0,10,871
05/16/2001,IND,IN,AGL,CE,Towers with Radar,448,277,147,3,875,0,0,27,1,28,448,277,174,4,903,8,0,8,911
05/17/2001,IND,IN,AGL,CE,Towers with Radar,450,294,153,5,902,0,2,25,5,32,450,296,178,10,934,6,0,6,940
05/18/2001,IND,IN,AGL,CE,Towers with Radar,434,270,131,9,844,0,3,13,0,16,434,273,144,9,860,6,0,6,866
05/19/2001,IND,IN,AGL,CE,Towers with Radar,326,184,59,8,577,0,1,8,0,9,326,185,67,8,586,8,0,8,594
05/20/2001,IND,IN,AGL,CE,Towers with Radar,290,173,84,1,548,0,0,10,1,11,290,173,94,2,559,10,0,10,569
05/21/2001,IND,IN,AGL,CE,Towers with Radar,210,196,104,4,514,0,0,8,0,8,210,196,112,4,522,7,0,7,529
05/22/2001,IND,IN,AGL,CE,Towers with Radar,425,304,114,1,844,0,1,29,2,32,425,305,143,3,876,3,0,3,879
05/23/2001,IND,IN,AGL,CE,Towers with Radar,428,283,177,2,890,0,1,31,2,34,428,284,208,4,924,4,0,4,928
05/24/2001,IND,IN,AGL,CE,Towers with Radar,440,268,157,2,867,0,2,27,0,29,440,270,184,2,896,6,0,6,902
05/25/2001,IND,IN,AGL,CE,Towers with Radar,419,285,120,2,826,0,2,22,0,24,419,287,142,2,850,3,0,3,853
05/26/2001,IND,IN,AGL,CE,Towers with Radar,316,151,88,3,558,0,0,5,0,5,316,151,93,3,563,2,0,2,565
05/27/2001,IND,IN,AGL,CE,Towers with Radar,268,169,268,5,710,0,0,0,0,0,268,169,268,5,710,0,0,0,710
05/28/2001,IND,IN,AGL,CE,Towers with Radar,191,160,79,3,433,0,1,13,0,14,191,161,92,3,447,2,0,2,449
05/29/2001,IND,IN,AGL,CE,Towers with Radar,203,177,78,1,459,0,0,38,0,38,203,177,116,1,497,22,0,22,519
05/30/2001,IND,IN,AGL,CE,Towers with Radar,433,281,132,5,851,0,4,27,0,31,433,285,159,5,882,14,0,14,896
05/31/2001,IND,IN,AGL,CE,Towers with Radar,434,282,138,3,857,0,2,9,0,11,434,284,147,3,868,2,0,2,870
06/01/2001,IND,IN,AGL,CE,Towers with Radar,433,275,144,2,854,0,2,16,0,18,433,277,160,2,872,17,0,17,889
06/02/2001,IND,IN,AGL,CE,Towers with Radar,269,164,47,2,482,57,0,0,2,59,326,164,47,4,541,12,0,12,553
06/03/2001,IND,IN,AGL,CE,Towers with Radar,289,189,63,4,545,0,1,16,2,19,289,190,79,6,564,6,0,6,570
06/04/2001,IND,IN,AGL,CE,Towers with Radar,211,190,108,3,512,0,1,5,0,6,211,191,113,3,518,2,0,2,520
06/05/2001,IND,IN,AGL,CE,Towers with Radar,438,267,134,5,844,0,1,1,0,2,438,268,135,5,846,6,0,6,852
06/06/2001,IND,IN,AGL,CE,Towers with Radar,450,281,144,4,879,0,1,9,0,10,450,282,153,4,889,22,0,22,911
06/07/2001,IND,IN,AGL,CE,Towers with Radar,435,280,141,6,862,0,1,21,1,23,435,281,162,7,885,2,0,2,887
06/08/2001,IND,IN,AGL,CE,Towers with Radar,426,273,96,6,801,0,4,56,1,61,426,277,152,7,862,15,0,15,877
06/09/2001,IND,IN,AGL,CE,Towers with Radar,327,159,43,2,531,0,2,33,0,35,327,161,76,2,566,16,0,16,582
06/10/2001,IND,IN,AGL,CE,Towers with Radar,262,208,72,2,544,0,1,20,0,21,262,209,92,2,565,15,0,15,580
06/11/2001,IND,IN,AGL,CE,Towers with Radar,208,186,104,1,499,0,1,35,0,36,208,187,139,1,535,3,0,3,538
06/12/2001,IND,IN,AGL,CE,Towers with Radar,452,283,135,0,870,0,2,27,1,30,452,285,162,1,900,2,0,2,902
06/13/2001,IND,IN,AGL,CE,Towers with Radar,419,310,110,7,846,0,0,2,0,2,419,310,112,7,848,10,0,10,858
06/14/2001,IND,IN,AGL,CE,Towers with Radar,420,316,141,3,880,0,0,28,0,28,420,316,169,3,908,6,0,6,914
06/15/2001,IND,IN,AGL,CE,Towers with Radar,403,256,84,8,751,0,0,27,1,28,403,256,111,9,779,14,0,14,793
06/16/2001,IND,IN,AGL,CE,Towers with Radar,335,161,33,2,531,0,0,43,1,44,335,161,76,3,575,4,0,4,579
06/17/2001,IND,IN,AGL,CE,Towers with Radar,290,162,58,4,514,0,1,18,2,21,290,163,76,6,535,12,0,12,547
06/18/2001,IND,IN,AGL,CE,Towers with Radar,225,201,104,6,536,0,1,36,0,37,225,202,140,6,573,6,0,6,579
06/19/2001,IND,IN,AGL,CE,Towers with Radar,430,292,139,2,863,0,2,43,0,45,430,294,182,2,908,8,0,8,916
06/20/2001,IND,IN,AGL,CE,Towers with Radar,442,295,121,3,861,0,0,21,0,21,442,295,142,3,882,4,0,4,886
06/21/2001,IND,IN,AGL,CE,Towers with Radar,437,263,154,1,855,0,1,15,0,16,437,264,169,1,871,4,0,4,875
06/22/2001,IND,IN,AGL,CE,Towers with Radar,428,278,121,5,832,0,1,27,1,29,428,279,148,6,861,6,0,6,867
06/23/2001,IND,IN,AGL,CE,Towers with Radar,342,163,61,4,570,0,0,31,0,31,342,163,92,4,601,4,0,4,605
06/24/2001,IND,IN,AGL,CE,Towers with Radar,261,209,53,9,532,0,1,13,0,14,261,210,66,9,546,8,0,8,554
06/25/2001,IND,IN,AGL,CE,Towers with Radar,206,183,109,0,498,0,0,19,0,19,206,183,128,0,517,2,0,2,519
06/26/2001,IND,IN,AGL,CE,Towers with Radar,434,280,140,2,856,0,1,46,0,47,434,281,186,2,903,2,0,2,905
06/27/2001,IND,IN,AGL,CE,Towers with Radar,452,289,136,6,883,0,2,30,0,32,452,291,166,6,915,8,0,8,923
06/28/2001,IND,IN,AGL,CE,Towers with Radar,442,300,157,5,904,0,2,43,0,45,442,302,200,5,949,10,0,10,959
06/29/2001,IND,IN,AGL,CE,Towers with Radar,424,278,104,4,810,0,0,26,0,26,424,278,130,4,836,28,0,28,864
06/30/2001,IND,IN,AGL,CE,Towers with Radar,329,153,54,4,540,0,0,14,0,14,329,153,68,4,554,10,0,10,564
07/01/2001,IND,IN,AGL,CE,Towers with Radar,289,143,74,4,510,8,0,22,0,30,297,143,96,4,540,10,0,10,550
07/02/2001,IND,IN,AGL,CE,Towers with Radar,205,155,65,1,426,0,22,82,0,104,205,177,147,1,530,20,0,20,550
07/03/2001,IND,IN,AGL,CE,Towers with Radar,406,246,103,9,764,7,0,19,1,27,413,246,122,10,791,6,0,6,797
07/04/2001,IND,IN,AGL,CE,Towers with Radar,326,173,35,5,539,7,0,14,0,21,333,173,49,5,560,0,0,0,560
07/05/2001,IND,IN,AGL,CE,Towers with Radar,270,207,87,3,567,0,14,44,0,58,270,221,131,3,625,2,2,4,629
07/06/2001,IND,IN,AGL,CE,Towers with Radar,394,269,114,4,781,33,8,2,3,46,427,277,116,7,827,12,0,12,839
07/07/2001,IND,IN,AGL,CE,Towers with Radar,315,148,35,1,499,7,0,8,0,15,322,148,43,1,514,6,0,6,520
07/08/2001,IND,IN,AGL,CE,Towers with Radar,257,178,67,1,503,11,14,0,0,25,268,192,67,1,528,6,0,6,534
07/09/2001,IND,IN,AGL,CE,Towers with Radar,210,200,85,3,498,0,6,51,1,58,210,206,136,4,556,4,0,4,560
07/10/2001,IND,IN,AGL,CE,Towers with Radar,428,275,32,5,740,7,0,0,0,7,435,275,32,5,747,15,0,15,762
07/11/2001,IND,IN,AGL,CE,Towers with Radar,439,286,117,14,856,7,0,41,1,49,446,286,158,15,905,10,0,10,915
07/12/2001,IND,IN,AGL,CE,Towers with Radar,414,299,133,7,853,7,0,58,0,65,421,299,191,7,918,8,0,8,926
07/13/2001,IND,IN,AGL,CE,Towers with Radar,394,268,113,3,778,39,21,28,0,88,433,289,141,3,866,6,0,6,872
07/14/2001,IND,IN,AGL,CE,Towers with Radar,332,176,42,0,550,7,0,28,2,37,339,176,70,2,587,14,0,14,601
07/15/2001,IND,IN,AGL,CE,Towers with Radar,257,195,92,3,547,9,0,26,0,35,266,195,118,3,582,0,0,0,582
07/16/2001,IND,IN,AGL,CE,Towers with Radar,222,202,116,0,540,7,0,36,0,43,229,202,152,0,583,19,0,19,602
07/17/2001,IND,IN,AGL,CE,Towers with Radar,419,285,167,5,876,7,0,30,2,39,426,285,197,7,915,34,0,34,949
07/18/2001,IND,IN,AGL,CE,Towers with Radar,440,299,127,1,867,1,15,2,0,18,441,314,129,1,885,15,0,15,900
07/19/2001,IND,IN,AGL,CE,Towers with Radar,429,282,132,0,843,7,0,15,0,22,436,282,147,0,865,37,0,37,902
07/20/2001,IND,IN,AGL,CE,Towers with Radar,425,297,121,9,852,7,0,35,2,44,432,297,156,11,896,0,0,0,896
07/21/2001,IND,IN,AGL,CE,Towers with Radar,319,160,51,4,534,7,0,16,3,26,326,160,67,7,560,0,0,0,560
07/22/2001,IND,IN,AGL,CE,Towers with Radar,314,219,59,4,596,0,8,0,1,9,314,227,59,5,605,8,0,8,613
07/23/2001,IND,IN,AGL,CE,Towers with Radar,234,195,98,4,531,0,0,42,4,46,234,195,140,8,577,15,0,15,592
07/24/2001,IND,IN,AGL,CE,Towers with Radar,433,289,170,1,893,7,0,22,0,29,440,289,192,1,922,29,0,29,951
07/25/2001,IND,IN,AGL,CE,Towers with Radar,417,272,181,2,872,7,0,22,0,29,424,272,203,2,901,37,0,37,938
07/26/2001,IND,IN,AGL,CE,Towers with Radar,432,303,125,5,865,7,0,21,0,28,439,303,146,5,893,53,0,53,946
07/27/2001,IND,IN,AGL,CE,Towers with Radar,416,273,116,8,813,8,0,37,0,45,424,273,153,8,858,0,0,0,858
07/28/2001,IND,IN,AGL,CE,Towers with Radar,322,170,66,2,560,7,0,5,0,12,329,170,71,2,572,4,0,4,576
07/29/2001,IND,IN,AGL,CE,Towers with Radar,289,162,52,8,511,7,0,13,0,20,296,162,65,8,531,22,0,22,553
07/30/2001,IND,IN,AGL,CE,Towers with Radar,215,201,91,6,513,7,0,37,0,44,222,201,128,6,557,20,0,20,577
07/31/2001,IND,IN,AGL,CE,Towers with Radar,432,299,114,1,846,7,0,0,0,7,439,299,114,1,853,21,0,21,874
08/01/2001,IND,IN,AGL,CE,Towers with Radar,443,287,119,5,854,0,0,33,0,33,443,287,152,5,887,0,0,0,887
08/02/2001,IND,IN,AGL,CE,Towers with Radar,454,274,173,3,904,0,1,24,0,25,454,275,197,3,929,0,0,0,929
08/03/2001,IND,IN,AGL,CE,Towers with Radar,417,307,159,7,890,0,2,30,0,32,417,309,189,7,922,36,0,36,958
08/04/2001,IND,IN,AGL,CE,Towers with Radar,291,171,89,6,557,30,0,12,0,42,321,171,101,6,599,61,0,61,660
08/05/2001,IND,IN,AGL,CE,Towers with Radar,300,179,247,8,734,0,0,32,0,32,300,179,279,8,766,78,0,78,844
08/06/2001,IND,IN,AGL,CE,Towers with Radar,209,211,96,3,519,0,0,45,0,45,209,211,141,3,564,0,0,0,564
08/07/2001,IND,IN,AGL,CE,Towers with Radar,437,269,117,1,824,0,1,36,0,37,437,270,153,1,861,10,0,10,871
08/08/2001,IND,IN,AGL,CE,Towers with Radar,425,287,131,6,849,9,9,24,0,42,434,296,155,6,891,0,0,0,891
08/09/2001,IND,IN,AGL,CE,Towers with Radar,430,300,128,1,859,0,0,16,0,16,430,300,144,1,875,0,0,0,875
08/10/2001,IND,IN,AGL,CE,Towers with Radar,443,275,93,2,813,0,0,32,0,32,443,275,125,2,845,14,0,14,859
08/11/2001,IND,IN,AGL,CE,Towers with Radar,277,166,84,4,531,50,0,0,0,50,327,166,84,4,581,8,0,8,589
08/12/2001,IND,IN,AGL,CE,Towers with Radar,269,191,82,5,547,0,17,0,3,20,269,208,82,8,567,10,0,10,577
08/13/2001,IND,IN,AGL,CE,Towers with Radar,209,191,92,3,495,0,0,37,0,37,209,191,129,3,532,0,0,0,532
08/14/2001,IND,IN,AGL,CE,Towers with Radar,433,280,110,0,823,0,0,47,0,47,433,280,157,0,870,0,0,0,870
08/15/2001,IND,IN,AGL,CE,Towers with Radar,439,277,116,10,842,0,0,35,0,35,439,277,151,10,877,0,0,0,877
08/16/2001,IND,IN,AGL,CE,Towers with Radar,428,277,151,4,860,0,0,17,0,17,428,277,168,4,877,0,0,0,877
08/17/2001,IND,IN,AGL,CE,Towers with Radar,392,266,121,4,783,37,15,17,0,69,429,281,138,4,852,0,0,0,852
08/18/2001,IND,IN,AGL,CE,Towers with Radar,316,145,40,0,501,0,0,18,0,18,316,145,58,0,519,23,0,23,542
08/19/2001,IND,IN,AGL,CE,Towers with Radar,304,175,65,1,545,0,0,9,0,9,304,175,74,1,554,0,0,0,554
08/20/2001,IND,IN,AGL,CE,Towers with Radar,193,182,109,3,487,0,0,46,0,46,193,182,155,3,533,0,0,0,533
08/21/2001,IND,IN,AGL,CE,Towers with Radar,426,298,117,3,844,0,1,35,0,36,426,299,152,3,880,12,0,12,892
08/22/2001,IND,IN,AGL,CE,Towers with Radar,410,278,127,8,823,10,20,17,3,50,420,298,144,11,873,8,0,8,881
08/23/2001,IND,IN,AGL,CE,Towers with Radar,439,282,155,2,878,0,0,19,0,19,439,282,174,2,897,0,0,0,897
08/24/2001,IND,IN,AGL,CE,Towers with Radar,430,283,98,34,845,1,2,26,0,29,431,285,124,34,874,32,0,32,906
08/25/2001,IND,IN,AGL,CE,Towers with Radar,339,155,36,7,537,0,0,17,0,17,339,155,53,7,554,10,0,10,564
08/26/2001,IND,IN,AGL,CE,Towers with Radar,284,179,60,9,532,0,0,17,0,17,284,179,77,9,549,0,0,0,549
08/27/2001,IND,IN,AGL,CE,Towers with Radar,204,204,102,11,521,0,0,41,0,41,204,204,143,11,562,0,0,0,562
08/28/2001,IND,IN,AGL,CE,Towers with Radar,328,267,122,0,717,0,12,44,0,56,328,279,166,0,773,0,0,0,773
08/29/2001,IND,IN,AGL,CE,Towers with Radar,337,262,119,3,721,0,17,63,0,80,337,279,182,3,801,12,0,12,813
08/30/2001,IND,IN,AGL,CE,Towers with Radar,332,271,131,3,737,1,0,24,0,25,333,271,155,3,762,0,0,0,762
08/31/2001,IND,IN,AGL,CE,Towers with Radar,355,265,119,2,741,0,0,30,0,30,355,265,149,2,771,36,0,36,807
09/01/2001,IND,IN,AGL,CE,Towers with Radar,285,141,30,4,460,0,0,27,0,27,285,141,57,4,487,0,0,0,487
09/02/2001,IND,IN,AGL,CE,Towers with Radar,164,124,31,7,326,0,0,15,0,15,164,124,46,7,341,0,0,0,341
09/03/2001,IND,IN,AGL,CE,Towers with Radar,195,170,54,3,422,1,5,23,0,29,196,175,77,3,451,0,0,0,451
09/04/2001,IND,IN,AGL,CE,Towers with Radar,198,195,118,4,515,0,1,48,0,49,198,196,166,4,564,0,0,0,564
09/05/2001,IND,IN,AGL,CE,Towers with Radar,347,276,128,4,755,0,3,45,0,48,347,279,173,4,803,0,0,0,803
09/06/2001,IND,IN,AGL,CE,Towers with Radar,320,292,119,2,733,0,2,36,1,39,320,294,155,3,772,0,0,0,772
09/07/2001,IND,IN,AGL,CE,Towers with Radar,309,311,129,8,757,0,2,19,0,21,309,313,148,8,778,0,0,0,778
09/08/2001,IND,IN,AGL,CE,Towers with Radar,291,194,46,4,535,0,1,26,1,28,291,195,72,5,563,0,0,0,563
09/09/2001,IND,IN,AGL,CE,Towers with Radar,176,186,47,2,411,0,0,11,1,12,176,186,58,3,423,0,0,0,423
09/10/2001,IND,IN,AGL,CE,Towers with Radar,178,228,112,5,523,0,0,39,0,39,178,228,151,5,562,0,0,0,562
09/11/2001,IND,IN,AGL,CE,Towers with Radar,196,131,40,1,368,0,3,12,0,15,196,134,52,1,383,0,0,0,383
09/12/2001,IND,IN,AGL,CE,Towers with Radar,0,6,5,0,11,0,0,0,0,0,0,6,5,0,11,0,0,0,11
09/13/2001,IND,IN,AGL,CE,Towers with Radar,43,83,6,0,132,0,0,0,0,0,43,83,6,0,132,0,0,0,132
09/14/2001,IND,IN,AGL,CE,Towers with Radar,186,193,39,8,426,9,25,13,0,47,195,218,52,8,473,0,0,0,473
09/15/2001,IND,IN,AGL,CE,Towers with Radar,228,174,58,3,463,1,0,1,0,2,229,174,59,3,465,0,0,0,465
09/16/2001,IND,IN,AGL,CE,Towers with Radar,137,171,40,8,356,0,0,2,3,5,137,171,42,11,361,0,0,0,361
09/17/2001,IND,IN,AGL,CE,Towers with Radar,148,215,69,6,438,0,0,4,0,4,148,215,73,6,442,0,0,0,442
09/18/2001,IND,IN,AGL,CE,Towers with Radar,270,288,100,17,675,0,0,2,0,2,270,288,102,17,677,0,0,0,677
09/19/2001,IND,IN,AGL,CE,Towers with Radar,291,303,117,0,711,0,0,2,0,2,291,303,119,0,713,0,0,0,713
09/20/2001,IND,IN,AGL,CE,Towers with Radar,305,293,120,3,721,0,0,0,0,0,305,293,120,3,721,0,0,0,721
09/21/2001,IND,IN,AGL,CE,Towers with Radar,296,261,108,10,675,0,2,15,1,18,296,263,123,11,693,0,0,0,693
09/22/2001,IND,IN,AGL,CE,Towers with Radar,266,154,51,2,473,1,1,15,0,17,267,155,66,2,490,0,0,0,490
09/23/2001,IND,IN,AGL,CE,Towers with Radar,164,158,46,3,371,0,0,3,0,3,164,158,49,3,374,0,0,0,374
09/24/2001,IND,IN,AGL,CE,Towers with Radar,164,203,107,1,475,0,0,12,0,12,164,203,119,1,487,0,0,0,487
09/25/2001,IND,IN,AGL,CE,Towers with Radar,300,275,139,10,724,0,2,9,1,12,300,277,148,11,736,0,0,0,736
09/26/2001,IND,IN,AGL,CE,Towers with Radar,311,280,143,10,744,0,2,27,0,29,311,282,170,10,773,0,0,0,773
09/27/2001,IND,IN,AGL,CE,Towers with Radar,278,306,128,7,719,0,2,21,0,23,278,308,149,7,742,0,0,0,742
09/28/2001,IND,IN,AGL,CE,Towers with Radar,292,307,146,5,750,0,0,29,0,29,292,307,175,5,779,14,0,14,793
09/29/2001,IND,IN,AGL,CE,Towers with Radar,271,167,86,8,532,0,0,37,0,37,271,167,123,8,569,0,0,0,569
09/30/2001,IND,IN,AGL,CE,Towers with Radar,185,254,204,13,656,0,0,31,1,32,185,254,235,14,688,0,0,0,688
10/01/2001,IND,IN,AGL,CE,Towers with Radar,169,220,149,4,542,2,0,0,0,2,171,220,149,4,544,0,0,0,544
10/02/2001,IND,IN,AGL,CE,Towers with Radar,297,277,111,3,688,1,2,25,0,28,298,279,136,3,716,0,0,0,716
10/03/2001,IND,IN,AGL,CE,Towers with Radar,288,292,114,6,700,0,3,26,0,29,288,295,140,6,729,0,0,0,729
10/04/2001,IND,IN,AGL,CE,Towers with Radar,280,296,146,3,725,0,1,22,0,23,280,297,168,3,748,0,0,0,748
10/05/2001,IND,IN,AGL,CE,Towers with Radar,283,278,102,6,669,0,24,77,0,101,283,302,179,6,770,0,0,0,770
10/06/2001,IND,IN,AGL,CE,Towers with Radar,247,163,61,1,472,0,1,14,0,15,247,164,75,1,487,0,0,0,487
10/07/2001,IND,IN,AGL,CE,Towers with Radar,156,156,63,0,375,0,1,8,0,9,156,157,71,0,384,0,0,0,384
10/08/2001,IND,IN,AGL,CE,Towers with Radar,163,179,75,4,421,0,1,21,0,22,163,180,96,4,443,0,0,0,443
10/09/2001,IND,IN,AGL,CE,Towers with Radar,282,289,22,0,593,0,2,0,0,2,282,291,22,0,595,0,0,0,595
10/10/2001,IND,IN,AGL,CE,Towers with Radar,290,292,136,2,720,0,1,7,0,8,290,293,143,2,728,0,0,0,728
10/11/2001,IND,IN,AGL,CE,Towers with Radar,287,287,107,0,681,1,1,1,0,3,288,288,108,0,684,0,0,0,684
10/12/2001,IND,IN,AGL,CE,Towers with Radar,286,292,128,2,708,1,2,7,0,10,287,294,135,2,718,0,0,0,718
10/13/2001,IND,IN,AGL,CE,Towers with Radar,280,155,29,0,464,1,1,2,0,4,281,156,31,0,468,0,0,0,468
10/14/2001,IND,IN,AGL,CE,Towers with Radar,153,171,60,7,391,1,1,5,0,7,154,172,65,7,398,0,0,0,398
10/15/2001,IND,IN,AGL,CE,Towers with Radar,152,187,105,1,445,1,1,21,0,23,153,188,126,1,468,0,0,0,468
10/16/2001,IND,IN,AGL,CE,Towers with Radar,278,275,107,2,662,1,1,16,0,18,279,276,123,2,680,0,0,0,680
10/17/2001,IND,IN,AGL,CE,Towers with Radar,289,288,148,5,730,1,0,30,0,31,290,288,178,5,761,0,0,0,761
10/18/2001,IND,IN,AGL,CE,Towers with Radar,293,304,121,2,720,1,3,30,0,34,294,307,151,2,754,0,0,0,754
10/19/2001,IND,IN,AGL,CE,Towers with Radar,288,279,104,4,675,1,0,25,0,26,289,279,129,4,701,0,0,0,701
10/20/2001,IND,IN,AGL,CE,Towers with Radar,254,172,40,1,467,3,0,13,0,16,257,172,53,1,483,0,0,0,483
10/21/2001,IND,IN,AGL,CE,Towers with Radar,153,165,76,2,396,0,0,17,6,23,153,165,93,8,419,0,0,0,419
10/22/2001,IND,IN,AGL,CE,Towers with Radar,151,221,119,1,492,1,0,16,0,17,152,221,135,1,509,0,0,0,509
10/23/2001,IND,IN,AGL,CE,Towers with Radar,280,279,112,4,675,2,0,9,0,11,282,279,121,4,686,0,0,0,686
10/24/2001,IND,IN,AGL,CE,Towers with Radar,299,268,149,1,717,1,1,6,0,8,300,269,155,1,725,0,0,0,725
10/25/2001,IND,IN,AGL,CE,Towers with Radar,288,303,118,3,712,2,0,9,0,11,290,303,127,3,723,0,0,0,723
10/26/2001,IND,IN,AGL,CE,Towers with Radar,285,290,109,9,693,1,2,9,0,12,286,292,118,9,705,0,0,0,705
10/27/2001,IND,IN,AGL,CE,Towers with Radar,249,174,43,0,466,1,0,11,0,12,250,174,54,0,478,0,0,0,478
10/28/2001,IND,IN,AGL,CE,Towers with Radar,156,184,57,1,398,1,0,8,0,9,157,184,65,1,407,0,0,0,407
10/29/2001,IND,IN,AGL,CE,Towers with Radar,138,189,106,1,434,1,0,15,0,16,139,189,121,1,450,0,0,0,450
10/30/2001,IND,IN,AGL,CE,Towers with Radar,304,269,117,1,691,1,1,17,0,19,305,270,134,1,710,0,0,0,710
10/31/2001,IND,IN,AGL,CE,Towers with Radar,281,287,102,4,674,2,0,22,2,26,283,287,124,6,700,0,0,0,700
11/01/2001,IND,IN,AGL,CE,Towers with Radar,293,287,124,7,711,0,0,7,0,7,293,287,131,7,718,0,0,0,718
11/02/2001,IND,IN,AGL,CE,Towers with Radar,280,275,105,6,666,0,0,17,0,17,280,275,122,6,683,0,0,0,683
11/03/2001,IND,IN,AGL,CE,Towers with Radar,252,170,40,3,465,0,0,18,4,22,252,170,58,7,487,0,0,0,487
11/04/2001,IND,IN,AGL,CE,Towers with Radar,152,157,35,9,353,0,0,20,1,21,152,157,55,10,374,0,0,0,374
11/05/2001,IND,IN,AGL,CE,Towers with Radar,149,188,99,2,438,0,0,12,0,12,149,188,111,2,450,0,0,0,450
11/06/2001,IND,IN,AGL,CE,Towers with Radar,274,302,137,1,714,0,0,20,0,20,274,302,157,1,734,0,0,0,734
11/07/2001,IND,IN,AGL,CE,Towers with Radar,281,289,144,2,716,0,0,18,0,18,281,289,162,2,734,0,0,0,734
11/08/2001,IND,IN,AGL,CE,Towers with Radar,287,292,128,2,709,0,0,1,0,1,287,292,129,2,710,0,0,0,710
11/09/2001,IND,IN,AGL,CE,Towers with Radar,280,264,92,6,642,0,0,18,0,18,280,264,110,6,660,0,0,0,660
11/10/2001,IND,IN,AGL,CE,Towers with Radar,254,158,36,0,448,0,0,11,0,11,254,158,47,0,459,0,0,0,459
11/11/2001,IND,IN,AGL,CE,Towers with Radar,156,175,72,2,405,0,0,21,0,21,156,175,93,2,426,0,0,0,426
11/12/2001,IND,IN,AGL,CE,Towers with Radar,158,184,83,8,433,0,0,12,0,12,158,184,95,8,445,0,0,0,445
11/13/2001,IND,IN,AGL,CE,Towers with Radar,276,273,130,2,681,0,2,22,0,24,276,275,152,2,705,0,0,0,705
11/14/2001,IND,IN,AGL,CE,Towers with Radar,281,308,135,1,725,0,0,26,0,26,281,308,161,1,751,0,0,0,751
11/15/2001,IND,IN,AGL,CE,Towers with Radar,289,299,123,0,711,0,0,18,0,18,289,299,141,0,729,0,0,0,729
11/16/2001,IND,IN,AGL,CE,Towers with Radar,299,298,101,9,707,0,0,1,0,1,299,298,102,9,708,0,0,0,708
11/17/2001,IND,IN,AGL,CE,Towers with Radar,281,166,40,1,488,0,0,1,0,1,281,166,41,1,489,0,0,0,489
11/18/2001,IND,IN,AGL,CE,Towers with Radar,162,180,65,2,409,0,0,8,0,8,162,180,73,2,417,0,0,0,417
11/19/2001,IND,IN,AGL,CE,Towers with Radar,163,209,97,1,470,0,0,5,0,5,163,209,102,1,475,0,0,0,475
11/20/2001,IND,IN,AGL,CE,Towers with Radar,289,290,121,8,708,0,0,33,0,33,289,290,154,8,741,0,0,0,741
11/21/2001,IND,IN,AGL,CE,Towers with Radar,287,280,115,1,683,0,0,28,0,28,287,280,143,1,711,0,0,0,711
11/22/2001,IND,IN,AGL,CE,Towers with Radar,178,147,18,0,343,0,0,12,0,12,178,147,30,0,355,0,0,0,355
11/23/2001,IND,IN,AGL,CE,Towers with Radar,171,176,39,3,389,0,0,15,0,15,171,176,54,3,404,0,0,0,404
11/24/2001,IND,IN,AGL,CE,Towers with Radar,124,118,24,0,266,47,24,0,0,71,171,142,24,0,337,1,0,1,338
11/25/2001,IND,IN,AGL,CE,Towers with Radar,155,181,91,2,429,0,0,9,0,9,155,181,100,2,438,0,0,0,438
11/26/2001,IND,IN,AGL,CE,Towers with Radar,156,195,95,1,447,1,0,23,1,25,157,195,118,2,472,0,0,0,472
11/27/2001,IND,IN,AGL,CE,Towers with Radar,294,232,115,6,647,0,0,16,0,16,294,232,131,6,663,0,0,0,663
11/28/2001,IND,IN,AGL,CE,Towers with Radar,287,228,128,0,643,0,0,3,0,3,287,228,131,0,646,0,0,0,646
11/29/2001,IND,IN,AGL,CE,Towers with Radar,303,208,128,1,640,1,0,0,0,1,304,208,128,1,641,0,0,0,641
11/30/2001,IND,IN,AGL,CE,Towers with Radar,298,226,141,1,666,0,0,2,0,2,298,226,143,1,668,0,0,0,668
12/01/2001,IND,IN,AGL,CE,Towers with Radar,273,179,58,2,512,1,0,0,0,1,274,179,58,2,513,0,0,0,513
12/02/2001,IND,IN,AGL,CE,Towers with Radar,171,167,48,5,391,0,1,11,2,14,171,168,59,7,405,0,0,0,405
12/03/2001,IND,IN,AGL,CE,Towers with Radar,166,222,98,1,487,0,0,24,1,25,166,222,122,2,512,0,0,0,512
12/04/2001,IND,IN,AGL,CE,Towers with Radar,295,221,101,4,621,0,0,10,0,10,295,221,111,4,631,0,0,0,631
12/05/2001,IND,IN,AGL,CE,Towers with Radar,305,232,128,13,678,0,1,31,0,32,305,233,159,13,710,0,0,0,710
12/06/2001,IND,IN,AGL,CE,Towers with Radar,297,251,114,2,664,0,0,0,0,0,297,251,114,2,664,0,0,0,664
12/07/2001,IND,IN,AGL,CE,Towers with Radar,302,217,132,2,653,0,0,13,0,13,302,217,145,2,666,0,0,0,666
12/08/2001,IND,IN,AGL,CE,Towers with Radar,280,161,50,4,495,0,0,5,0,5,280,161,55,4,500,0,0,0,500
12/09/2001,IND,IN,AGL,CE,Towers with Radar,176,158,52,8,394,0,1,15,0,16,176,159,67,8,410,0,0,0,410
12/10/2001,IND,IN,AGL,CE,Towers with Radar,159,213,89,2,463,0,0,13,0,13,159,213,102,2,476,0,0,0,476
12/11/2001,IND,IN,AGL,CE,Towers with Radar,291,221,127,4,643,0,0,25,0,25,291,221,152,4,668,0,0,0,668
12/12/2001,IND,IN,AGL,CE,Towers with Radar,350,247,155,2,754,0,0,3,1,4,350,247,158,3,758,0,0,0,758
12/13/2001,IND,IN,AGL,CE,Towers with Radar,361,246,130,4,741,0,0,2,0,2,361,246,132,4,743,0,0,0,743
12/14/2001,IND,IN,AGL,CE,Towers with Radar,360,233,97,8,698,0,0,0,0,0,360,233,97,8,698,0,0,0,698
12/15/2001,IND,IN,AGL,CE,Towers with Radar,326,173,51,1,551,0,0,0,0,0,326,173,51,1,551,0,0,0,551
12/16/2001,IND,IN,AGL,CE,Towers with Radar,216,162,58,3,439,1,0,5,0,6,217,162,63,3,445,0,0,0,445
12/17/2001,IND,IN,AGL,CE,Towers with Radar,213,185,114,2,514,0,0,2,0,2,213,185,116,2,516,0,0,0,516
12/18/2001,IND,IN,AGL,CE,Towers with Radar,339,248,109,5,701,1,1,15,0,17,340,249,124,5,718,0,0,0,718
12/19/2001,IND,IN,AGL,CE,Towers with Radar,244,206,124,1,575,0,0,7,0,7,244,206,131,1,582,0,0,0,582
12/20/2001,IND,IN,AGL,CE,Towers with Radar,359,236,90,7,692,1,0,35,0,36,360,236,125,7,728,0,0,0,728
12/21/2001,IND,IN,AGL,CE,Towers with Radar,350,232,103,0,685,0,0,0,0,0,350,232,103,0,685,0,0,0,685
12/22/2001,IND,IN,AGL,CE,Towers with Radar,328,174,56,3,561,0,0,0,0,0,328,174,56,3,561,0,0,0,561
12/23/2001,IND,IN,AGL,CE,Towers with Radar,219,151,20,3,393,0,0,3,0,3,219,151,23,3,396,0,0,0,396
12/24/2001,IND,IN,AGL,CE,Towers with Radar,142,150,28,0,320,0,0,11,0,11,142,150,39,0,331,0,0,0,331
12/25/2001,IND,IN,AGL,CE,Towers with Radar,131,139,12,1,283,0,0,5,0,5,131,139,17,1,288,0,0,0,288
12/26/2001,IND,IN,AGL,CE,Towers with Radar,158,170,49,2,379,0,0,14,0,14,158,170,63,2,393,0,0,0,393
12/27/2001,IND,IN,AGL,CE,Towers with Radar,274,220,71,2,567,0,0,19,0,19,274,220,90,2,586,0,0,0,586
12/28/2001,IND,IN,AGL,CE,Towers with Radar,273,195,48,2,518,0,0,9,0,9,273,195,57,2,527,0,0,0,527
12/29/2001,IND,IN,AGL,CE,Towers with Radar,264,155,35,0,454,0,0,0,0,0,264,155,35,0,454,0,0,0,454
12/30/2001,IND,IN,AGL,CE,Towers with Radar,160,147,20,3,330,0,1,10,0,11,160,148,30,3,341,0,0,0,341
12/31/2001,IND,IN,AGL,CE,Towers with Radar,141,147,23,1,312,0,0,19,0,19,141,147,42,1,331,0,0,0,331
01/01/2002,IND,IN,AGL,CE,Towers with Radar,176,146,31,0,353,2,1,6,0,9,178,147,37,0,362,0,0,0,362
01/02/2002,IND,IN,AGL,CE,Towers with Radar,211,182,59,2,454,1,1,19,1,22,212,183,78,3,476,0,0,0,476
01/03/2002,IND,IN,AGL,CE,Towers with Radar,277,204,75,1,557,1,1,14,1,17,278,205,89,2,574,0,0,0,574
01/04/2002,IND,IN,AGL,CE,Towers with Radar,269,204,70,1,544,1,1,17,1,20,270,205,87,2,564,0,0,0,564
01/05/2002,IND,IN,AGL,CE,Towers with Radar,200,151,39,1,391,1,1,0,1,3,201,152,39,2,394,0,0,0,394
01/06/2002,IND,IN,AGL,CE,Towers with Radar,152,155,50,0,357,1,1,0,0,2,153,156,50,0,359,0,0,0,359
01/07/2002,IND,IN,AGL,CE,Towers with Radar,155,195,59,0,409,1,1,27,0,29,156,196,86,0,438,0,0,0,438
01/08/2002,IND,IN,AGL,CE,Towers with Radar,260,226,79,4,569,1,2,25,0,28,261,228,104,4,597,0,0,0,597
01/09/2002,IND,IN,AGL,CE,Towers with Radar,267,225,111,3,606,1,1,27,0,29,268,226,138,3,635,0,0,0,635
01/10/2002,IND,IN,AGL,CE,Towers with Radar,273,234,93,5,605,2,2,17,0,21,275,236,110,5,626,0,0,0,626
01/11/2002,IND,IN,AGL,CE,Towers with Radar,268,231,94,4,597,1,1,25,0,27,269,232,119,4,624,0,0,0,624
01/12/2002,IND,IN,AGL,CE,Towers with Radar,202,158,28,0,388,1,1,0,0,2,203,159,28,0,390,0,0,0,390
01/13/2002,IND,IN,AGL,CE,Towers with Radar,146,152,54,8,360,1,1,6,0,8,147,153,60,8,368,0,0,0,368
01/14/2002,IND,IN,AGL,CE,Towers with Radar,148,192,91,2,433,0,3,21,0,24,148,195,112,2,457,0,0,0,457
01/15/2002,IND,IN,AGL,CE,Towers with Radar,272,255,105,3,635,0,2,17,0,19,272,257,122,3,654,0,0,0,654
01/16/2002,IND,IN,AGL,CE,Towers with Radar,301,224,123,5,653,0,2,21,0,23,301,226,144,5,676,0,0,0,676
01/17/2002,IND,IN,AGL,CE,Towers with Radar,272,239,123,3,637,1,2,17,0,20,273,241,140,3,657,0,0,0,657
01/18/2002,IND,IN,AGL,CE,Towers with Radar,275,220,106,4,605,1,2,26,0,29,276,222,132,4,634,0,0,0,634
01/19/2002,IND,IN,AGL,CE,Towers with Radar,199,149,44,2,394,1,2,3,1,7,200,151,47,3,401,0,0,0,401
01/20/2002,IND,IN,AGL,CE,Towers with Radar,138,158,48,4,348,1,2,1,0,4,139,160,49,4,352,0,0,0,352
01/21/2002,IND,IN,AGL,CE,Towers with Radar,157,188,108,4,457,1,2,16,0,19,158,190,124,4,476,0,0,0,476
01/22/2002,IND,IN,AGL,CE,Towers with Radar,259,227,101,1,588,0,0,34,0,34,259,227,135,1,622,0,0,0,622
01/23/2002,IND,IN,AGL,CE,Towers with Radar,279,231,106,2,618,0,0,34,0,34,279,231,140,2,652,0,0,0,652
01/24/2002,IND,IN,AGL,CE,Towers with Radar,290,245,111,2,648,0,0,38,0,38,290,245,149,2,686,0,0,0,686
01/25/2002,IND,IN,AGL,CE,Towers with Radar,280,212,96,8,596,1,4,23,2,30,281,216,119,10,626,0,0,0,626
01/26/2002,IND,IN,AGL,CE,Towers with Radar,200,163,42,7,412,1,2,6,0,9,201,165,48,7,421,0,0,0,421
01/27/2002,IND,IN,AGL,CE,Towers with Radar,146,144,34,0,324,1,2,23,1,27,147,146,57,1,351,0,0,0,351
01/28/2002,IND,IN,AGL,CE,Towers with Radar,145,195,89,0,429,1,2,32,0,35,146,197,121,0,464,0,0,0,464
01/29/2002,IND,IN,AGL,CE,Towers with Radar,265,229,156,0,650,1,2,2,0,5,266,231,158,0,655,0,0,0,655
01/30/2002,IND,IN,AGL,CE,Towers with Radar,279,197,124,0,600,1,1,0,0,2,280,198,124,0,602,0,0,0,602
01/31/2002,IND,IN,AGL,CE,Towers with Radar,282,206,103,6,597,1,1,0,0,2,283,207,103,6,599,0,0,0,599
02/01/2002,IND,IN,AGL,CE,Towers with Radar,280,227,97,3,607,3,0,0,0,3,283,227,97,3,610,9,0,9,619
02/02/2002,IND,IN,AGL,CE,Towers with Radar,212,155,36,1,404,3,0,0,0,3,215,155,36,1,407,0,0,0,407
02/03/2002,IND,IN,AGL,CE,Towers with Radar,163,141,45,0,349,3,0,13,0,16,166,141,58,0,365,0,0,0,365
02/04/2002,IND,IN,AGL,CE,Towers with Radar,159,178,74,0,411,0,16,23,0,39,159,194,97,0,450,0,0,0,450
02/05/2002,IND,IN,AGL,CE,Towers with Radar,271,228,113,3,615,2,0,50,1,53,273,228,163,4,668,0,0,0,668
02/06/2002,IND,IN,AGL,CE,Towers with Radar,280,233,92,0,605,2,1,33,2,38,282,234,125,2,643,0,0,0,643
02/07/2002,IND,IN,AGL,CE,Towers with Radar,289,248,106,0,643,3,0,24,0,27,292,248,130,0,670,0,0,0,670
02/08/2002,IND,IN,AGL,CE,Towers with Radar,285,225,96,4,610,2,0,0,1,3,287,225,96,5,613,18,0,18,631
02/09/2002,IND,IN,AGL,CE,Towers with Radar,213,149,28,0,390,2,0,20,1,23,215,149,48,1,413,0,0,0,413
02/10/2002,IND,IN,AGL,CE,Towers with Radar,156,143,23,18,340,2,0,0,0,2,158,143,23,18,342,0,0,0,342
02/11/2002,IND,IN,AGL,CE,Towers with Radar,163,198,97,3,461,2,0,30,0,32,165,198,127,3,493,0,0,0,493
02/12/2002,IND,IN,AGL,CE,Towers with Radar,281,233,118,1,633,2,0,23,1,26,283,233,141,2,659,0,0,0,659
02/13/2002,IND,IN,AGL,CE,Towers with Radar,283,225,108,0,616,2,0,30,0,32,285,225,138,0,648,0,0,0,648
02/14/2002,IND,IN,AGL,CE,Towers with Radar,297,215,98,3,613,2,2,36,1,41,299,217,134,4,654,0,0,0,654
02/15/2002,IND,IN,AGL,CE,Towers with Radar,291,225,83,5,604,2,0,0,0,2,293,225,83,5,606,0,0,0,606
02/16/2002,IND,IN,AGL,CE,Towers with Radar,213,141,33,0,387,2,0,0,0,2,215,141,33,0,389,0,0,0,389
02/17/2002,IND,IN,AGL,CE,Towers with Radar,158,153,44,15,370,2,0,13,0,15,160,153,57,15,385,0,0,0,385
02/18/2002,IND,IN,AGL,CE,Towers with Radar,172,183,105,1,461,2,1,28,0,31,174,184,133,1,492,0,0,0,492
02/19/2002,IND,IN,AGL,CE,Towers with Radar,278,213,110,1,602,2,0,14,0,16,280,213,124,1,618,0,0,0,618
02/20/2002,IND,IN,AGL,CE,Towers with Radar,296,220,119,2,637,2,0,6,0,8,298,220,125,2,645,0,0,0,645
02/21/2002,IND,IN,AGL,CE,Towers with Radar,298,220,99,2,619,0,0,26,0,26,298,220,125,2,645,0,0,0,645
02/22/2002,IND,IN,AGL,CE,Towers with Radar,302,211,72,4,589,2,0,0,0,2,304,211,72,4,591,0,0,0,591
02/23/2002,IND,IN,AGL,CE,Towers with Radar,217,151,52,3,423,2,0,16,0,18,219,151,68,3,441,0,0,0,441
02/24/2002,IND,IN,AGL,CE,Towers with Radar,161,165,39,16,381,2,1,10,0,13,163,166,49,16,394,0,0,0,394
02/25/2002,IND,IN,AGL,CE,Towers with Radar,168,191,85,0,444,3,0,8,0,11,171,191,93,0,455,0,0,0,455
02/26/2002,IND,IN,AGL,CE,Towers with Radar,298,206,80,3,587,2,0,1,0,3,300,206,81,3,590,0,0,0,590
02/27/2002,IND,IN,AGL,CE,Towers with Radar,299,234,95,1,629,2,1,11,0,14,301,235,106,1,643,0,0,0,643
02/28/2002,IND,IN,AGL,CE,Towers with Radar,309,215,139,5,668,2,0,32,1,35,311,215,171,6,703,0,0,0,703
03/01/2002,IND,IN,AGL,CE,Towers with Radar,289,216,109,0,614,0,3,30,0,33,289,219,139,0,647,0,0,0,647
03/02/2002,IND,IN,AGL,CE,Towers with Radar,212,158,39,0,409,0,0,9,1,10,212,158,48,1,419,0,0,0,419
03/03/2002,IND,IN,AGL,CE,Towers with Radar,170,162,37,0,369,0,0,1,0,1,170,162,38,0,370,0,0,0,370
03/04/2002,IND,IN,AGL,CE,Towers with Radar,166,213,80,2,461,0,0,28,0,28,166,213,108,2,489,0,0,0,489
03/05/2002,IND,IN,AGL,CE,Towers with Radar,288,225,102,2,617,0,0,29,3,32,288,225,131,5,649,0,0,0,649
03/06/2002,IND,IN,AGL,CE,Towers with Radar,300,225,114,1,640,0,0,34,1,35,300,225,148,2,675,0,0,0,675
03/07/2002,IND,IN,AGL,CE,Towers with Radar,300,228,124,3,655,0,0,23,0,23,300,228,147,3,678,0,0,0,678
03/08/2002,IND,IN,AGL,CE,Towers with Radar,299,226,104,5,634,0,0,1,0,1,299,226,105,5,635,0,0,0,635
03/09/2002,IND,IN,AGL,CE,Towers with Radar,222,153,41,1,417,0,0,4,0,4,222,153,45,1,421,0,0,0,421
03/10/2002,IND,IN,AGL,CE,Towers with Radar,153,166,48,4,371,0,1,19,0,20,153,167,67,4,391,0,0,0,391
03/11/2002,IND,IN,AGL,CE,Towers with Radar,160,205,98,4,467,0,1,23,0,24,160,206,121,4,491,0,0,0,491
03/12/2002,IND,IN,AGL,CE,Towers with Radar,283,220,151,2,656,0,0,16,0,16,283,220,167,2,672,0,0,0,672
03/13/2002,IND,IN,AGL,CE,Towers with Radar,275,179,106,2,562,0,0,20,0,20,275,179,126,2,582,0,0,0,582
03/14/2002,IND,IN,AGL,CE,Towers with Radar,307,228,111,4,650,0,0,27,0,27,307,228,138,4,677,0,0,0,677
03/15/2002,IND,IN,AGL,CE,Towers with Radar,280,225,94,1,600,24,0,0,0,24,304,225,94,1,624,0,0,0,624
03/16/2002,IND,IN,AGL,CE,Towers with Radar,234,176,43,2,455,0,0,2,0,2,234,176,45,2,457,0,0,0,457
03/17/2002,IND,IN,AGL,CE,Towers with Radar,163,159,52,1,375,0,0,3,0,3,163,159,55,1,378,0,0,0,378
03/18/2002,IND,IN,AGL,CE,Towers with Radar,176,194,82,4,456,0,0,20,0,20,176,194,102,4,476,0,0,0,476
03/19/2002,IND,IN,AGL,CE,Towers with Radar,284,212,116,2,614,0,0,8,0,8,284,212,124,2,622,0,0,0,622
03/20/2002,IND,IN,AGL,CE,Towers with Radar,295,214,126,0,635,0,1,3,0,4,295,215,129,0,639,0,0,0,639
03/21/2002,IND,IN,AGL,CE,Towers with Radar,312,218,125,4,659,0,1,9,0,10,312,219,134,4,669,0,0,0,669
03/22/2002,IND,IN,AGL,CE,Towers with Radar,299,219,113,8,639,0,2,35,1,38,299,221,148,9,677,0,0,0,677
03/23/2002,IND,IN,AGL,CE,Towers with Radar,211,176,47,1,435,0,0,34,0,34,211,176,81,1,469,0,0,0,469
03/24/2002,IND,IN,AGL,CE,Towers with Radar,168,180,56,5,409,0,0,10,0,10,168,180,66,5,419,0,0,0,419
03/25/2002,IND,IN,AGL,CE,Towers with Radar,169,181,111,1,462,0,0,0,0,0,169,181,111,1,462,0,0,0,462
03/26/2002,IND,IN,AGL,CE,Towers with Radar,281,195,87,4,567,0,0,2,0,2,281,195,89,4,569,0,0,0,569
03/27/2002,IND,IN,AGL,CE,Towers with Radar,311,241,177,5,734,1,0,23,1,25,312,241,200,6,759,0,0,0,759
03/28/2002,IND,IN,AGL,CE,Towers with Radar,306,217,117,4,644,0,0,20,0,20,306,217,137,4,664,0,0,0,664
03/29/2002,IND,IN,AGL,CE,Towers with Radar,311,219,100,2,632,0,0,0,0,0,311,219,100,2,632,0,0,0,632
03/30/2002,IND,IN,AGL,CE,Towers with Radar,213,174,61,2,450,0,0,0,0,0,213,174,61,2,450,0,0,0,450
03/31/2002,IND,IN,AGL,CE,Towers with Radar,163,174,21,0,358,0,0,6,0,6,163,174,27,0,364,0,0,0,364
04/01/2002,IND,IN,AGL,CE,Towers with Radar,173,184,97,4,458,0,3,26,0,29,173,187,123,4,487,0,0,0,487
04/02/2002,IND,IN,AGL,CE,Towers with Radar,301,205,83,3,592,0,3,18,0,21,301,208,101,3,613,0,0,0,613
04/03/2002,IND,IN,AGL,CE,Towers with Radar,309,200,115,6,630,0,2,15,4,21,309,202,130,10,651,0,0,0,651
04/04/2002,IND,IN,AGL,CE,Towers with Radar,304,205,82,5,596,0,1,15,0,16,304,206,97,5,612,0,0,0,612
04/05/2002,IND,IN,AGL,CE,Towers with Radar,306,212,89,3,610,0,1,30,0,31,306,213,119,3,641,0,0,0,641
04/06/2002,IND,IN,AGL,CE,Towers with Radar,205,166,75,4,450,9,0,4,4,17,214,166,79,8,467,0,0,0,467
04/07/2002,IND,IN,AGL,CE,Towers with Radar,163,155,49,10,377,0,1,11,0,12,163,156,60,10,389,0,0,0,389
04/08/2002,IND,IN,AGL,CE,Towers with Radar,168,198,87,1,454,0,1,5,0,6,168,199,92,1,460,0,0,0,460
04/09/2002,IND,IN,AGL,CE,Towers with Radar,288,229,124,5,646,0,1,19,0,20,288,230,143,5,666,0,0,0,666
04/10/2002,IND,IN,AGL,CE,Towers with Radar,290,225,151,3,669,0,4,42,0,46,290,229,193,3,715,0,0,0,715
04/11/2002,IND,IN,AGL,CE,Towers with Radar,304,227,151,4,686,0,1,46,0,47,304,228,197,4,733,0,0,0,733
04/12/2002,IND,IN,AGL,CE,Towers with Radar,297,221,91,2,611,0,1,1,0,2,297,222,92,2,613,0,0,0,613
04/13/2002,IND,IN,AGL,CE,Towers with Radar,208,153,73,1,435,7,0,0,0,7,215,153,73,1,442,0,0,0,442
04/14/2002,IND,IN,AGL,CE,Towers with Radar,168,159,43,1,371,0,1,10,0,11,168,160,53,1,382,0,0,0,382
04/15/2002,IND,IN,AGL,CE,Towers with Radar,170,207,93,0,470,0,1,27,0,28,170,208,120,0,498,0,0,0,498
04/16/2002,IND,IN,AGL,CE,Towers with Radar,285,235,106,2,628,0,1,34,0,35,285,236,140,2,663,0,0,0,663
04/17/2002,IND,IN,AGL,CE,Towers with Radar,306,224,93,9,632,0,2,25,0,27,306,226,118,9,659,0,0,0,659
04/18/2002,IND,IN,AGL,CE,Towers with Radar,264,214,97,4,579,29,16,44,2,91,293,230,141,6,670,0,0,0,670
04/19/2002,IND,IN,AGL,CE,Towers with Radar,303,224,77,6,610,0,1,29,0,30,303,225,106,6,640,0,0,0,640
04/20/2002,IND,IN,AGL,CE,Towers with Radar,224,161,44,1,430,0,1,23,0,24,224,162,67,1,454,0,0,0,454
04/21/2002,IND,IN,AGL,CE,Towers with Radar,170,153,39,0,362,0,1,2,0,3,170,154,41,0,365,0,0,0,365
04/22/2002,IND,IN,AGL,CE,Towers with Radar,171,202,95,1,469,0,1,30,0,31,171,203,125,1,500,0,0,0,500
04/23/2002,IND,IN,AGL,CE,Towers with Radar,296,242,123,3,664,1,1,21,0,23,297,243,144,3,687,0,0,0,687
04/24/2002,IND,IN,AGL,CE,Towers with Radar,283,223,149,3,658,0,1,21,0,22,283,224,170,3,680,0,0,0,680
04/25/2002,IND,IN,AGL,CE,Towers with Radar,308,229,113,6,656,1,0,44,20,65,309,229,157,26,721,0,0,0,721
04/26/2002,IND,IN,AGL,CE,Towers with Radar,289,240,108,5,642,0,2,28,1,31,289,242,136,6,673,0,0,0,673
04/27/2002,IND,IN,AGL,CE,Towers with Radar,203,159,44,1,407,7,0,0,0,7,210,159,44,1,414,0,0,0,414
04/28/2002,IND,IN,AGL,CE,Towers with Radar,161,156,56,1,374,0,1,8,0,9,161,157,64,1,383,0,0,0,383
04/29/2002,IND,IN,AGL,CE,Towers with Radar,153,199,91,3,446,0,1,32,0,33,153,200,123,3,479,0,0,0,479
04/30/2002,IND,IN,AGL,CE,Towers with Radar,291,228,84,8,611,0,1,21,0,22,291,229,105,8,633,0,0,0,633
05/01/2002,IND,IN,AGL,CE,Towers with Radar,298,222,116,4,640,0,1,16,2,19,298,223,132,6,659,0,0,0,659
05/02/2002,IND,IN,AGL,CE,Towers with Radar,300,229,127,6,662,1,0,16,0,17,301,229,143,6,679,0,0,0,679
05/03/2002,IND,IN,AGL,CE,Towers with Radar,302,225,92,12,631,0,3,45,1,49,302,228,137,13,680,0,0,0,680
05/04/2002,IND,IN,AGL,CE,Towers with Radar,208,161,47,4,420,0,1,25,0,26,208,162,72,4,446,0,0,0,446
05/05/2002,IND,IN,AGL,CE,Towers with Radar,166,166,49,5,386,0,0,14,1,15,166,166,63,6,401,0,0,0,401
05/06/2002,IND,IN,AGL,CE,Towers with Radar,184,203,85,5,477,0,0,10,2,12,184,203,95,7,489,0,0,0,489
05/07/2002,IND,IN,AGL,CE,Towers with Radar,303,228,109,2,642,0,0,11,0,11,303,228,120,2,653,0,0,0,653
05/08/2002,IND,IN,AGL,CE,Towers with Radar,300,212,127,2,641,0,0,15,0,15,300,212,142,2,656,0,0,0,656
05/09/2002,IND,IN,AGL,CE,Towers with Radar,317,236,130,1,684,0,50,11,0,61,317,286,141,1,745,0,0,0,745
05/10/2002,IND,IN,AGL,CE,Towers with Radar,298,234,112,2,646,0,0,34,4,38,298,234,146,6,684,0,0,0,684
05/11/2002,IND,IN,AGL,CE,Towers with Radar,207,163,76,0,446,0,0,15,0,15,207,163,91,0,461,0,0,0,461
05/12/2002,IND,IN,AGL,CE,Towers with Radar,167,165,62,0,394,0,0,3,0,3,167,165,65,0,397,0,0,0,397
05/13/2002,IND,IN,AGL,CE,Towers with Radar,173,204,86,3,466,1,0,7,0,8,174,204,93,3,474,0,0,0,474
05/14/2002,IND,IN,AGL,CE,Towers with Radar,298,234,115,2,649,1,0,25,0,26,299,234,140,2,675,0,0,0,675
05/15/2002,IND,IN,AGL,CE,Towers with Radar,298,228,117,3,646,3,0,33,4,40,301,228,150,7,686,0,0,0,686
05/16/2002,IND,IN,AGL,CE,Towers with Radar,301,230,96,2,629,0,0,16,2,18,301,230,112,4,647,0,0,0,647
05/17/2002,IND,IN,AGL,CE,Towers with Radar,296,225,100,7,628,0,0,17,0,17,296,225,117,7,645,0,0,0,645
05/18/2002,IND,IN,AGL,CE,Towers with Radar,222,161,50,0,433,0,0,5,0,5,222,161,55,0,438,0,0,0,438
05/19/2002,IND,IN,AGL,CE,Towers with Radar,168,167,67,4,406,0,1,12,3,16,168,168,79,7,422,0,0,0,422
05/20/2002,IND,IN,AGL,CE,Towers with Radar,173,196,106,7,482,0,0,22,0,22,173,196,128,7,504,0,0,0,504
05/21/2002,IND,IN,AGL,CE,Towers with Radar,147,115,65,1,328,0,0,21,0,21,147,115,86,1,349,0,0,0,349
05/22/2002,IND,IN,AGL,CE,Towers with Radar,301,226,102,17,646,1,0,33,0,34,302,226,135,17,680,0,0,0,680
05/23/2002,IND,IN,AGL,CE,Towers with Radar,308,231,116,8,663,1,0,39,0,40,309,231,155,8,703,0,0,0,703
05/24/2002,IND,IN,AGL,CE,Towers with Radar,307,243,141,12,703,0,0,0,0,0,307,243,141,12,703,14,0,14,717
05/25/2002,IND,IN,AGL,CE,Towers with Radar,214,152,78,2,446,0,0,0,0,0,214,152,78,2,446,4,0,4,450
05/26/2002,IND,IN,AGL,CE,Towers with Radar,160,172,186,12,530,0,0,22,0,22,160,172,208,12,552,0,0,0,552
05/27/2002,IND,IN,AGL,CE,Towers with Radar,168,157,75,2,402,0,0,10,0,10,168,157,85,2,412,0,0,0,412
05/28/2002,IND,IN,AGL,CE,Towers with Radar,179,196,116,5,496,0,0,11,0,11,179,196,127,5,507,0,0,0,507
05/29/2002,IND,IN,AGL,CE,Towers with Radar,300,237,114,4,655,0,0,17,0,17,300,237,131,4,672,0,0,0,672
05/30/2002,IND,IN,AGL,CE,Towers with Radar,302,224,121,2,649,0,0,20,0,20,302,224,141,2,669,0,0,0,669
05/31/2002,IND,IN,AGL,CE,Towers with Radar,312,228,90,2,632,0,0,40,0,40,312,228,130,2,672,0,0,0,672
06/01/2002,IND,IN,AGL,CE,Towers with Radar,219,155,43,2,419,1,2,16,0,19,220,157,59,2,438,0,0,0,438
06/02/2002,IND,IN,AGL,CE,Towers with Radar,178,173,44,0,395,1,1,11,1,14,179,174,55,1,409,0,0,0,409
06/03/2002,IND,IN,AGL,CE,Towers with Radar,184,194,105,0,483,0,1,21,4,26,184,195,126,4,509,0,0,0,509
06/04/2002,IND,IN,AGL,CE,Towers with Radar,325,222,115,5,667,0,2,25,3,30,325,224,140,8,697,0,0,0,697
06/05/2002,IND,IN,AGL,CE,Towers with Radar,298,224,128,0,650,1,1,15,0,17,299,225,143,0,667,0,0,0,667
06/06/2002,IND,IN,AGL,CE,Towers with Radar,304,237,153,3,697,0,1,13,4,18,304,238,166,7,715,0,0,0,715
06/07/2002,IND,IN,AGL,CE,Towers with Radar,298,227,97,0,622,0,5,27,3,35,298,232,124,3,657,0,0,0,657
06/08/2002,IND,IN,AGL,CE,Towers with Radar,183,143,59,0,385,43,12,0,4,59,226,155,59,4,444,0,0,0,444
06/09/2002,IND,IN,AGL,CE,Towers with Radar,177,165,47,0,389,0,1,10,3,14,177,166,57,3,403,0,0,0,403
06/10/2002,IND,IN,AGL,CE,Towers with Radar,176,197,96,0,469,0,2,12,3,17,176,199,108,3,486,0,0,0,486
06/11/2002,IND,IN,AGL,CE,Towers with Radar,311,221,117,0,649,1,1,12,1,15,312,222,129,1,664,0,0,0,664
06/12/2002,IND,IN,AGL,CE,Towers with Radar,298,228,134,0,660,0,1,4,3,8,298,229,138,3,668,0,0,0,668
06/13/2002,IND,IN,AGL,CE,Towers with Radar,304,230,169,0,703,0,1,5,2,8,304,231,174,2,711,0,0,0,711
06/14/2002,IND,IN,AGL,CE,Towers with Radar,289,228,124,3,644,0,1,19,3,23,289,229,143,6,667,0,0,0,667
06/15/2002,IND,IN,AGL,CE,Towers with Radar,223,162,53,0,438,0,1,13,2,16,223,163,66,2,454,0,0,0,454
06/16/2002,IND,IN,AGL,CE,Towers with Radar,172,170,54,0,396,0,1,16,2,19,172,171,70,2,415,0,0,0,415
06/17/2002,IND,IN,AGL,CE,Towers with Radar,181,195,109,0,485,0,1,28,4,33,181,196,137,4,518,0,0,0,518
06/18/2002,IND,IN,AGL,CE,Towers with Radar,297,234,131,0,662,2,3,23,0,28,299,237,154,0,690,0,0,0,690
06/19/2002,IND,IN,AGL,CE,Towers with Radar,312,214,141,0,667,0,1,36,1,38,312,215,177,1,705,0,0,0,705
06/20/2002,IND,IN,AGL,CE,Towers with Radar,324,233,112,1,670,0,1,45,2,48,324,234,157,3,718,0,0,0,718
06/21/2002,IND,IN,AGL,CE,Towers with Radar,304,212,80,0,596,0,1,23,2,26,304,213,103,2,622,0,0,0,622
06/22/2002,IND,IN,AGL,CE,Towers with Radar,220,159,67,0,446,0,0,7,2,9,220,159,74,2,455,0,0,0,455
06/23/2002,IND,IN,AGL,CE,Towers with Radar,180,175,60,4,419,0,1,10,3,14,180,176,70,7,433,0,0,0,433
06/24/2002,IND,IN,AGL,CE,Towers with Radar,180,199,105,0,484,0,1,32,3,36,180,200,137,3,520,0,0,0,520
06/25/2002,IND,IN,AGL,CE,Towers with Radar,317,230,112,3,662,0,1,35,2,38,317,231,147,5,700,0,0,0,700
06/26/2002,IND,IN,AGL,CE,Towers with Radar,319,216,120,3,658,0,1,19,2,22,319,217,139,5,680,0,0,0,680
06/27/2002,IND,IN,AGL,CE,Towers with Radar,313,205,123,2,643,0,1,30,2,33,313,206,153,4,676,0,0,0,676
06/28/2002,IND,IN,AGL,CE,Towers with Radar,312,244,121,7,684,0,1,31,2,34,312,245,152,9,718,0,0,0,718
06/29/2002,IND,IN,AGL,CE,Towers with Radar,228,154,56,0,438,0,1,35,2,38,228,155,91,2,476,0,0,0,476
06/30/2002,IND,IN,AGL,CE,Towers with Radar,191,157,61,0,409,0,2,20,1,23,191,159,81,1,432,0,0,0,432
07/01/2002,IND,IN,AGL,CE,Towers with Radar,182,190,98,3,473,0,1,29,1,31,182,191,127,4,504,0,0,0,504
07/02/2002,IND,IN,AGL,CE,Towers with Radar,306,217,73,11,607,0,0,32,0,32,306,217,105,11,639,0,0,0,639
07/03/2002,IND,IN,AGL,CE,Towers with Radar,309,206,81,3,599,0,0,32,0,32,309,206,113,3,631,0,0,0,631
07/04/2002,IND,IN,AGL,CE,Towers with Radar,215,153,24,1,393,0,0,14,0,14,215,153,38,1,407,0,0,0,407
07/05/2002,IND,IN,AGL,CE,Towers with Radar,226,138,46,2,412,0,0,34,0,34,226,138,80,2,446,0,0,0,446
07/06/2002,IND,IN,AGL,CE,Towers with Radar,208,144,29,2,383,0,0,15,0,15,208,144,44,2,398,0,0,0,398
07/07/2002,IND,IN,AGL,CE,Towers with Radar,181,161,55,5,402,0,0,16,0,16,181,161,71,5,418,0,0,0,418
07/08/2002,IND,IN,AGL,CE,Towers with Radar,198,199,102,3,502,1,0,19,0,20,199,199,121,3,522,0,0,0,522
07/09/2002,IND,IN,AGL,CE,Towers with Radar,300,214,137,2,653,1,0,5,0,6,301,214,142,2,659,0,0,0,659
07/10/2002,IND,IN,AGL,CE,Towers with Radar,317,234,170,5,726,0,0,23,0,23,317,234,193,5,749,0,0,0,749
07/11/2002,IND,IN,AGL,CE,Towers with Radar,325,226,117,3,671,0,2,38,0,40,325,228,155,3,711,0,0,0,711
07/12/2002,IND,IN,AGL,CE,Towers with Radar,325,215,97,20,657,1,0,25,0,26,326,215,122,20,683,0,0,0,683
07/13/2002,IND,IN,AGL,CE,Towers with Radar,235,145,42,3,425,1,0,22,0,23,236,145,64,3,448,0,0,0,448
07/14/2002,IND,IN,AGL,CE,Towers with Radar,206,176,54,5,441,0,0,18,0,18,206,176,72,5,459,0,0,0,459
07/15/2002,IND,IN,AGL,CE,Towers with Radar,183,210,134,3,530,2,0,35,2,39,185,210,169,5,569,0,0,0,569
07/16/2002,IND,IN,AGL,CE,Towers with Radar,306,233,155,3,697,0,0,35,0,35,306,233,190,3,732,0,0,0,732
07/17/2002,IND,IN,AGL,CE,Towers with Radar,314,223,123,2,662,3,0,13,0,16,317,223,136,2,678,0,0,0,678
07/18/2002,IND,IN,AGL,CE,Towers with Radar,321,249,139,3,712,1,0,20,0,21,322,249,159,3,733,0,0,0,733
07/19/2002,IND,IN,AGL,CE,Towers with Radar,314,220,112,9,655,1,0,24,0,25,315,220,136,9,680,0,0,0,680
07/20/2002,IND,IN,AGL,CE,Towers with Radar,252,155,34,29,470,0,0,11,1,12,252,155,45,30,482,0,0,0,482
07/21/2002,IND,IN,AGL,CE,Towers with Radar,181,167,57,7,412,0,1,11,0,12,181,168,68,7,424,0,0,0,424
07/22/2002,IND,IN,AGL,CE,Towers with Radar,202,196,88,5,491,0,0,27,0,27,202,196,115,5,518,0,0,0,518
07/23/2002,IND,IN,AGL,CE,Towers with Radar,312,244,140,4,700,0,0,21,0,21,312,244,161,4,721,0,0,0,721
07/24/2002,IND,IN,AGL,CE,Towers with Radar,317,220,145,2,684,0,0,28,0,28,317,220,173,2,712,0,0,0,712
07/25/2002,IND,IN,AGL,CE,Towers with Radar,310,235,122,9,676,0,0,26,2,28,310,235,148,11,704,0,0,0,704
07/26/2002,IND,IN,AGL,CE,Towers with Radar,298,221,92,4,615,0,0,24,0,24,298,221,116,4,639,0,0,0,639
07/27/2002,IND,IN,AGL,CE,Towers with Radar,241,146,33,5,425,0,0,0,0,0,241,146,33,5,425,14,1,15,440
07/28/2002,IND,IN,AGL,CE,Towers with Radar,177,162,39,5,383,0,0,10,1,11,177,162,49,6,394,0,0,0,394
07/29/2002,IND,IN,AGL,CE,Towers with Radar,172,181,107,0,460,0,0,25,1,26,172,181,132,1,486,0,0,0,486
07/30/2002,IND,IN,AGL,CE,Towers with Radar,314,239,130,6,689,0,0,27,0,27,314,239,157,6,716,0,0,0,716
07/31/2002,IND,IN,AGL,CE,Towers with Radar,304,230,120,3,657,0,0,39,0,39,304,230,159,3,696,0,0,0,696
08/01/2002,IND,IN,AGL,CE,Towers with Radar,306,235,156,0,697,2,0,22,1,25,308,235,178,1,722,0,0,0,722
08/02/2002,IND,IN,AGL,CE,Towers with Radar,314,236,157,4,711,1,0,25,1,27,315,236,182,5,738,0,0,0,738
08/03/2002,IND,IN,AGL,CE,Towers with Radar,237,165,82,8,492,2,0,0,0,2,239,165,82,8,494,22,0,22,516
08/04/2002,IND,IN,AGL,CE,Towers with Radar,179,188,240,3,610,2,0,18,0,20,181,188,258,3,630,0,0,0,630
08/05/2002,IND,IN,AGL,CE,Towers with Radar,171,223,98,2,494,1,0,28,0,29,172,223,126,2,523,0,0,0,523
08/06/2002,IND,IN,AGL,CE,Towers with Radar,303,233,106,7,649,1,0,19,0,20,304,233,125,7,669,0,0,0,669
08/07/2002,IND,IN,AGL,CE,Towers with Radar,196,190,89,2,477,0,12,32,0,44,196,202,121,2,521,0,0,0,521
08/08/2002,IND,IN,AGL,CE,Towers with Radar,309,226,107,1,643,1,0,33,0,34,310,226,140,1,677,0,0,0,677
08/09/2002,IND,IN,AGL,CE,Towers with Radar,305,231,65,8,609,1,1,51,0,53,306,232,116,8,662,0,0,0,662
08/10/2002,IND,IN,AGL,CE,Towers with Radar,225,162,34,2,423,1,0,27,0,28,226,162,61,2,451,0,0,0,451
08/11/2002,IND,IN,AGL,CE,Towers with Radar,172,177,52,6,407,1,0,10,0,11,173,177,62,6,418,0,0,0,418
08/12/2002,IND,IN,AGL,CE,Towers with Radar,165,206,87,3,461,1,0,26,2,29,166,206,113,5,490,0,0,0,490
08/13/2002,IND,IN,AGL,CE,Towers with Radar,293,217,112,4,626,1,0,16,1,18,294,217,128,5,644,0,0,0,644
08/14/2002,IND,IN,AGL,CE,Towers with Radar,300,246,132,4,682,1,0,11,0,12,301,246,143,4,694,0,0,0,694
08/15/2002,IND,IN,AGL,CE,Towers with Radar,300,220,110,4,634,1,0,24,0,25,301,220,134,4,659,0,0,0,659
08/16/2002,IND,IN,AGL,CE,Towers with Radar,307,246,95,6,654,1,0,19,1,21,308,246,114,7,675,0,0,0,675
08/17/2002,IND,IN,AGL,CE,Towers with Radar,231,168,36,3,438,1,0,15,0,16,232,168,51,3,454,0,0,0,454
08/18/2002,IND,IN,AGL,CE,Towers with Radar,176,159,40,1,376,1,0,16,0,17,177,159,56,1,393,0,0,0,393
08/19/2002,IND,IN,AGL,CE,Towers with Radar,176,182,91,3,452,1,0,13,0,14,177,182,104,3,466,0,0,0,466
08/20/2002,IND,IN,AGL,CE,Towers with Radar,195,211,101,0,507,1,0,32,1,34,196,211,133,1,541,0,0,0,541
08/21/2002,IND,IN,AGL,CE,Towers with Radar,303,228,121,2,654,1,0,27,0,28,304,228,148,2,682,0,0,0,682
08/22/2002,IND,IN,AGL,CE,Towers with Radar,300,232,103,1,636,1,0,24,0,25,301,232,127,1,661,0,0,0,661
08/23/2002,IND,IN,AGL,CE,Towers with Radar,297,228,88,4,617,1,0,7,0,8,298,228,95,4,625,0,0,0,625
08/24/2002,IND,IN,AGL,CE,Towers with Radar,232,159,45,2,438,1,0,22,0,23,233,159,67,2,461,0,0,0,461
08/25/2002,IND,IN,AGL,CE,Towers with Radar,171,166,42,0,379,1,1,10,0,12,172,167,52,0,391,0,0,0,391
08/26/2002,IND,IN,AGL,CE,Towers with Radar,182,210,80,1,473,1,0,22,0,23,183,210,102,1,496,0,0,0,496
08/27/2002,IND,IN,AGL,CE,Towers with Radar,299,220,121,3,643,1,0,20,0,21,300,220,141,3,664,0,0,0,664
08/28/2002,IND,IN,AGL,CE,Towers with Radar,299,229,146,5,679,2,0,18,1,21,301,229,164,6,700,0,0,0,700
08/29/2002,IND,IN,AGL,CE,Towers with Radar,305,217,132,5,659,1,1,20,0,22,306,218,152,5,681,0,0,0,681
08/30/2002,IND,IN,AGL,CE,Towers with Radar,300,254,96,1,651,1,0,27,0,28,301,254,123,1,679,0,0,0,679
08/31/2002,IND,IN,AGL,CE,Towers with Radar,207,136,40,0,383,1,0,0,0,1,208,136,40,0,384,18,0,18,402
09/01/2002,IND,IN,AGL,CE,Towers with Radar,145,134,50,2,331,0,3,12,0,15,145,137,62,2,346,0,0,0,346
09/02/2002,IND,IN,AGL,CE,Towers with Radar,156,137,45,2,340,0,4,24,0,28,156,141,69,2,368,0,0,0,368
09/03/2002,IND,IN,AGL,CE,Towers with Radar,152,184,87,5,428,0,2,20,0,22,152,186,107,5,450,0,0,0,450
09/04/2002,IND,IN,AGL,CE,Towers with Radar,304,238,102,4,648,0,4,31,0,35,304,242,133,4,683,0,0,0,683
09/05/2002,IND,IN,AGL,CE,Towers with Radar,290,232,122,1,645,0,3,39,0,42,290,235,161,1,687,0,0,0,687
09/06/2002,IND,IN,AGL,CE,Towers with Radar,312,224,97,7,640,0,3,34,0,37,312,227,131,7,677,0,0,0,677
09/07/2002,IND,IN,AGL,CE,Towers with Radar,220,157,70,2,449,0,0,0,0,0,220,157,70,2,449,0,0,0,449
09/08/2002,IND,IN,AGL,CE,Towers with Radar,170,163,48,1,382,0,3,15,0,18,170,166,63,1,400,0,0,0,400
09/09/2002,IND,IN,AGL,CE,Towers with Radar,184,161,85,4,434,0,2,34,0,36,184,163,119,4,470,0,0,0,470
09/10/2002,IND,IN,AGL,CE,Towers with Radar,278,227,120,3,628,0,3,23,0,26,278,230,143,3,654,0,0,0,654
09/11/2002,IND,IN,AGL,CE,Towers with Radar,273,208,102,3,586,0,2,34,0,36,273,210,136,3,622,0,0,0,622
09/12/2002,IND,IN,AGL,CE,Towers with Radar,275,240,138,4,657,0,2,33,0,35,275,242,171,4,692,0,0,0,692
09/13/2002,IND,IN,AGL,CE,Towers with Radar,295,226,95,4,620,0,2,0,0,2,295,228,95,4,622,0,0,0,622
09/14/2002,IND,IN,AGL,CE,Towers with Radar,207,154,70,4,435,0,0,0,0,0,207,154,70,4,435,0,0,0,435
09/15/2002,IND,IN,AGL,CE,Towers with Radar,165,179,56,2,402,0,2,6,1,9,165,181,62,3,411,0,0,0,411
09/16/2002,IND,IN,AGL,CE,Towers with Radar,186,193,104,6,489,0,2,16,1,19,186,195,120,7,508,0,0,0,508
09/17/2002,IND,IN,AGL,CE,Towers with Radar,310,241,114,0,665,0,2,20,0,22,310,243,134,0,687,0,0,0,687
09/18/2002,IND,IN,AGL,CE,Towers with Radar,301,249,114,2,666,0,2,15,0,17,301,251,129,2,683,0,0,0,683
09/19/2002,IND,IN,AGL,CE,Towers with Radar,311,225,131,5,672,0,2,17,0,19,311,227,148,5,691,0,0,0,691
09/20/2002,IND,IN,AGL,CE,Towers with Radar,308,218,91,2,619,0,2,11,0,13,308,220,102,2,632,0,0,0,632
09/21/2002,IND,IN,AGL,CE,Towers with Radar,218,168,55,5,446,0,2,19,8,29,218,170,74,13,475,0,0,0,475
09/22/2002,IND,IN,AGL,CE,Towers with Radar,177,165,60,4,406,0,2,17,0,19,177,167,77,4,425,0,0,0,425
09/23/2002,IND,IN,AGL,CE,Towers with Radar,185,187,96,2,470,0,2,31,0,33,185,189,127,2,503,0,0,0,503
09/24/2002,IND,IN,AGL,CE,Towers with Radar,267,222,111,6,606,34,11,82,7,134,301,233,193,13,740,0,0,0,740
09/25/2002,IND,IN,AGL,CE,Towers with Radar,258,215,107,5,585,46,5,86,5,142,304,220,193,10,727,0,0,0,727
09/26/2002,IND,IN,AGL,CE,Towers with Radar,300,252,144,10,706,0,2,17,0,19,300,254,161,10,725,0,0,0,725
09/27/2002,IND,IN,AGL,CE,Towers with Radar,271,226,113,5,615,26,15,57,0,98,297,241,170,5,713,0,0,0,713
09/28/2002,IND,IN,AGL,CE,Towers with Radar,218,169,102,3,492,0,2,17,0,19,218,171,119,3,511,0,0,0,511
09/29/2002,IND,IN,AGL,CE,Towers with Radar,180,220,192,13,605,0,2,17,0,19,180,222,209,13,624,0,0,0,624
09/30/2002,IND,IN,AGL,CE,Towers with Radar,191,216,135,15,557,0,2,27,0,29,191,218,162,15,586,0,0,0,586
10/01/2002,IND,IN,AGL,CE,Towers with Radar,301,233,104,3,641,2,0,18,0,20,303,233,122,3,661,0,0,0,661
10/02/2002,IND,IN,AGL,CE,Towers with Radar,302,208,122,4,636,2,0,11,1,14,304,208,133,5,650,0,0,0,650
10/03/2002,IND,IN,AGL,CE,Towers with Radar,311,222,109,5,647,3,1,20,0,24,314,223,129,5,671,0,0,0,671
10/04/2002,IND,IN,AGL,CE,Towers with Radar,312,218,96,6,632,2,0,14,0,16,314,218,110,6,648,0,0,0,648
10/05/2002,IND,IN,AGL,CE,Towers with Radar,221,166,64,5,456,2,0,0,0,2,223,166,64,5,458,0,0,0,458
10/06/2002,IND,IN,AGL,CE,Towers with Radar,184,162,68,9,423,2,1,17,0,20,186,163,85,9,443,0,0,0,443
10/07/2002,IND,IN,AGL,CE,Towers with Radar,177,189,92,1,459,2,0,41,0,43,179,189,133,1,502,0,0,0,502
10/08/2002,IND,IN,AGL,CE,Towers with Radar,295,230,100,18,643,2,0,44,0,46,297,230,144,18,689,0,0,0,689
10/09/2002,IND,IN,AGL,CE,Towers with Radar,297,222,120,3,642,2,0,34,0,36,299,222,154,3,678,0,0,0,678
10/10/2002,IND,IN,AGL,CE,Towers with Radar,301,234,119,2,656,2,0,27,0,29,303,234,146,2,685,0,0,0,685
10/11/2002,IND,IN,AGL,CE,Towers with Radar,293,228,95,3,619,3,0,29,0,32,296,228,124,3,651,0,0,0,651
10/12/2002,IND,IN,AGL,CE,Towers with Radar,216,168,43,2,429,2,0,8,0,10,218,168,51,2,439,0,0,0,439
10/13/2002,IND,IN,AGL,CE,Towers with Radar,175,163,52,2,392,2,0,10,0,12,177,163,62,2,404,0,0,0,404
10/14/2002,IND,IN,AGL,CE,Towers with Radar,173,199,79,0,451,2,0,36,0,38,175,199,115,0,489,0,0,0,489
10/15/2002,IND,IN,AGL,CE,Towers with Radar,284,223,110,0,617,2,0,46,0,48,286,223,156,0,665,0,0,0,665
10/16/2002,IND,IN,AGL,CE,Towers with Radar,311,232,150,7,700,2,0,21,0,23,313,232,171,7,723,0,0,0,723
10/17/2002,IND,IN,AGL,CE,Towers with Radar,311,243,128,5,687,2,1,21,0,24,313,244,149,5,711,0,0,0,711
10/18/2002,IND,IN,AGL,CE,Towers with Radar,314,210,89,2,615,1,1,26,0,28,315,211,115,2,643,0,0,0,643
10/19/2002,IND,IN,AGL,CE,Towers with Radar,237,154,43,0,434,1,1,13,0,15,238,155,56,0,449,0,0,0,449
10/20/2002,IND,IN,AGL,CE,Towers with Radar,173,169,61,1,404,1,1,11,0,13,174,170,72,1,417,0,0,0,417
10/21/2002,IND,IN,AGL,CE,Towers with Radar,165,186,87,1,439,1,1,36,1,39,166,187,123,2,478,0,0,0,478
10/22/2002,IND,IN,AGL,CE,Towers with Radar,303,225,116,2,646,1,1,41,1,44,304,226,157,3,690,0,0,0,690
10/23/2002,IND,IN,AGL,CE,Towers with Radar,221,177,83,2,483,73,41,31,0,145,294,218,114,2,628,0,0,0,628
10/24/2002,IND,IN,AGL,CE,Towers with Radar,304,230,118,2,654,1,1,24,0,26,305,231,142,2,680,0,0,0,680
10/25/2002,IND,IN,AGL,CE,Towers with Radar,295,230,87,1,613,1,1,6,0,8,296,231,93,1,621,0,0,0,621
10/26/2002,IND,IN,AGL,CE,Towers with Radar,210,152,70,0,432,1,0,2,0,3,211,152,72,0,435,0,0,0,435
10/27/2002,IND,IN,AGL,CE,Towers with Radar,169,163,47,7,386,1,0,11,1,13,170,163,58,8,399,0,0,0,399
10/28/2002,IND,IN,AGL,CE,Towers with Radar,173,221,89,4,487,1,2,11,0,14,174,223,100,4,501,0,0,0,501
10/29/2002,IND,IN,AGL,CE,Towers with Radar,293,228,140,3,664,1,0,3,0,4,294,228,143,3,668,0,0,0,668
10/30/2002,IND,IN,AGL,CE,Towers with Radar,293,230,139,2,664,1,0,9,0,10,294,230,148,2,674,0,0,0,674
10/31/2002,IND,IN,AGL,CE,Towers with Radar,294,233,139,5,671,1,0,23,0,24,295,233,162,5,695,0,0,0,695
11/01/2002,IND,IN,AGL,CE,Towers with Radar,304,229,101,7,641,3,1,29,0,33,307,230,130,7,674,0,0,0,674
11/02/2002,IND,IN,AGL,CE,Towers with Radar,210,163,48,4,425,0,1,26,0,27,210,164,74,4,452,0,0,0,452
11/03/2002,IND,IN,AGL,CE,Towers with Radar,169,159,49,3,380,0,1,2,0,3,169,160,51,3,383,0,0,0,383
11/04/2002,IND,IN,AGL,CE,Towers with Radar,178,211,111,4,504,0,1,9,7,17,178,212,120,11,521,0,0,0,521
11/05/2002,IND,IN,AGL,CE,Towers with Radar,287,221,94,1,603,0,1,5,0,6,287,222,99,1,609,0,0,0,609
11/06/2002,IND,IN,AGL,CE,Towers with Radar,302,225,111,5,643,0,1,6,0,7,302,226,117,5,650,0,0,0,650
11/07/2002,IND,IN,AGL,CE,Towers with Radar,300,239,104,4,647,0,1,23,0,24,300,240,127,4,671,0,0,0,671
11/08/2002,IND,IN,AGL,CE,Towers with Radar,301,226,108,11,646,0,3,28,0,31,301,229,136,11,677,0,0,0,677
11/09/2002,IND,IN,AGL,CE,Towers with Radar,161,130,25,2,318,0,1,3,0,4,161,131,28,2,322,0,0,0,322
11/10/2002,IND,IN,AGL,CE,Towers with Radar,140,111,36,1,288,11,7,0,5,23,151,118,36,6,311,0,0,0,311
11/11/2002,IND,IN,AGL,CE,Towers with Radar,199,185,87,1,472,0,1,7,0,8,199,186,94,1,480,0,0,0,480
11/12/2002,IND,IN,AGL,CE,Towers with Radar,302,219,96,0,617,0,0,14,0,14,302,219,110,0,631,0,0,0,631
11/13/2002,IND,IN,AGL,CE,Towers with Radar,309,236,127,7,679,0,0,29,1,30,309,236,156,8,709,0,0,0,709
11/14/2002,IND,IN,AGL,CE,Towers with Radar,290,236,132,4,662,0,0,27,1,28,290,236,159,5,690,0,0,0,690
11/15/2002,IND,IN,AGL,CE,Towers with Radar,290,217,94,0,601,0,0,1,0,1,290,217,95,0,602,0,0,0,602
11/16/2002,IND,IN,AGL,CE,Towers with Radar,216,168,29,3,416,0,0,6,0,6,216,168,35,3,422,0,0,0,422
11/17/2002,IND,IN,AGL,CE,Towers with Radar,169,160,42,0,371,0,0,5,0,5,169,160,47,0,376,0,0,0,376
11/18/2002,IND,IN,AGL,CE,Towers with Radar,178,201,103,7,489,0,0,36,0,36,178,201,139,7,525,0,0,0,525
11/19/2002,IND,IN,AGL,CE,Towers with Radar,298,227,106,5,636,0,0,22,4,26,298,227,128,9,662,0,0,0,662
11/20/2002,IND,IN,AGL,CE,Towers with Radar,305,252,117,1,675,1,0,32,0,33,306,252,149,1,708,0,0,0,708
11/21/2002,IND,IN,AGL,CE,Towers with Radar,290,214,104,3,611,0,0,6,0,6,290,214,110,3,617,0,0,0,617
11/22/2002,IND,IN,AGL,CE,Towers with Radar,306,212,84,4,606,0,0,1,0,1,306,212,85,4,607,26,0,26,633
11/23/2002,IND,IN,AGL,CE,Towers with Radar,226,155,41,0,422,0,0,21,0,21,226,155,62,0,443,0,0,0,443
11/24/2002,IND,IN,AGL,CE,Towers with Radar,181,152,39,1,373,0,0,10,0,10,181,152,49,1,383,0,0,0,383
11/25/2002,IND,IN,AGL,CE,Towers with Radar,182,192,97,3,474,0,2,27,0,29,182,194,124,3,503,0,0,0,503
11/26/2002,IND,IN,AGL,CE,Towers with Radar,311,222,112,0,645,0,1,13,0,14,311,223,125,0,659,0,0,0,659
11/27/2002,IND,IN,AGL,CE,Towers with Radar,325,237,105,3,670,0,0,3,0,3,325,237,108,3,673,0,0,0,673
11/28/2002,IND,IN,AGL,CE,Towers with Radar,192,165,22,0,379,0,2,12,0,14,192,167,34,0,393,0,0,0,393
11/29/2002,IND,IN,AGL,CE,Towers with Radar,204,128,24,0,356,0,1,18,1,20,204,129,42,1,376,0,0,0,376
11/30/2002,IND,IN,AGL,CE,Towers with Radar,190,147,29,0,366,0,1,6,0,7,190,148,35,0,373,0,0,0,373
12/01/2002,IND,IN,AGL,CE,Towers with Radar,180,181,73,1,435,1,1,11,0,13,181,182,84,1,448,0,0,0,448
12/02/2002,IND,IN,AGL,CE,Towers with Radar,218,184,95,2,499,0,2,22,0,24,218,186,117,2,523,0,0,0,523
12/03/2002,IND,IN,AGL,CE,Towers with Radar,314,221,100,6,641,0,1,24,0,25,314,222,124,6,666,0,0,0,666
12/04/2002,IND,IN,AGL,CE,Towers with Radar,310,227,134,2,673,0,1,24,0,25,310,228,158,2,698,0,0,0,698
12/05/2002,IND,IN,AGL,CE,Towers with Radar,321,236,104,2,663,0,0,54,0,54,321,236,158,2,717,0,0,0,717
12/06/2002,IND,IN,AGL,CE,Towers with Radar,314,211,147,8,680,1,0,29,0,30,315,211,176,8,710,0,0,0,710
12/07/2002,IND,IN,AGL,CE,Towers with Radar,258,183,78,4,523,1,0,14,0,15,259,183,92,4,538,0,0,0,538
12/08/2002,IND,IN,AGL,CE,Towers with Radar,175,179,45,4,403,1,0,13,0,14,176,179,58,4,417,0,0,0,417
12/09/2002,IND,IN,AGL,CE,Towers with Radar,161,195,93,1,450,1,0,28,0,29,162,195,121,1,479,0,0,0,479
12/10/2002,IND,IN,AGL,CE,Towers with Radar,307,241,103,3,654,2,0,28,0,30,309,241,131,3,684,0,0,0,684
12/11/2002,IND,IN,AGL,CE,Towers with Radar,361,243,146,5,755,1,0,6,3,10,362,243,152,8,765,0,0,0,765
12/12/2002,IND,IN,AGL,CE,Towers with Radar,365,225,162,5,757,1,0,7,0,8,366,225,169,5,765,0,0,0,765
12/13/2002,IND,IN,AGL,CE,Towers with Radar,353,222,115,3,693,1,0,6,0,7,354,222,121,3,700,0,0,0,700
12/14/2002,IND,IN,AGL,CE,Towers with Radar,318,190,48,0,556,1,0,0,0,1,319,190,48,0,557,0,0,0,557
12/15/2002,IND,IN,AGL,CE,Towers with Radar,227,175,68,0,470,1,0,8,0,9,228,175,76,0,479,0,0,0,479
12/16/2002,IND,IN,AGL,CE,Towers with Radar,219,196,114,0,529,1,0,20,0,21,220,196,134,0,550,0,0,0,550
12/17/2002,IND,IN,AGL,CE,Towers with Radar,360,242,134,0,736,1,0,10,0,11,361,242,144,0,747,0,0,0,747
12/18/2002,IND,IN,AGL,CE,Towers with Radar,382,244,113,1,740,1,0,11,0,12,383,244,124,1,752,0,0,0,752
12/19/2002,IND,IN,AGL,CE,Towers with Radar,404,222,110,11,747,1,0,7,0,8,405,222,117,11,755,0,0,0,755
12/20/2002,IND,IN,AGL,CE,Towers with Radar,382,229,92,5,708,1,0,9,0,10,383,229,101,5,718,0,0,0,718
12/21/2002,IND,IN,AGL,CE,Towers with Radar,343,168,41,0,552,1,0,15,0,16,344,168,56,0,568,0,0,0,568
12/22/2002,IND,IN,AGL,CE,Towers with Radar,236,152,42,0,430,1,0,6,0,7,237,152,48,0,437,0,0,0,437
12/23/2002,IND,IN,AGL,CE,Towers with Radar,231,173,62,2,468,1,0,22,0,23,232,173,84,2,491,0,0,0,491
12/24/2002,IND,IN,AGL,CE,Towers with Radar,340,186,33,4,563,1,0,9,0,10,341,186,42,4,573,0,0,0,573
12/25/2002,IND,IN,AGL,CE,Towers with Radar,148,129,18,0,295,1,0,1,0,2,149,129,19,0,297,0,0,0,297
12/26/2002,IND,IN,AGL,CE,Towers with Radar,204,183,55,0,442,1,0,0,0,1,205,183,55,0,443,0,0,0,443
12/27/2002,IND,IN,AGL,CE,Towers with Radar,284,205,71,2,562,1,0,7,0,8,285,205,78,2,570,0,0,0,570
12/28/2002,IND,IN,AGL,CE,Towers with Radar,206,167,31,3,407,0,1,4,0,5,206,168,35,3,412,0,0,0,412
12/29/2002,IND,IN,AGL,CE,Towers with Radar,184,148,22,0,354,0,1,4,0,5,184,149,26,0,359,0,0,0,359
12/30/2002,IND,IN,AGL,CE,Towers with Radar,173,180,49,0,402,0,1,0,0,1,173,181,49,0,403,0,0,0,403
12/31/2002,IND,IN,AGL,CE,Towers with Radar,301,174,41,0,516,0,1,4,0,5,301,175,45,0,521,0,0,0,521
01/01/2003,IND,IN,AGL,CE,Towers with Radar,202,138,25,14,379,0,0,2,1,3,202,138,27,15,382,0,0,0,382
01/02/2003,IND,IN,AGL,CE,Towers with Radar,239,169,46,1,455,0,0,0,0,0,239,169,46,1,455,0,0,0,455
01/03/2003,IND,IN,AGL,CE,Towers with Radar,295,228,70,0,593,0,0,3,0,3,295,228,73,0,596,0,0,0,596
01/04/2003,IND,IN,AGL,CE,Towers with Radar,205,158,42,1,406,0,0,0,0,0,205,158,42,1,406,0,0,0,406
01/05/2003,IND,IN,AGL,CE,Towers with Radar,180,162,29,0,371,0,0,3,0,3,180,162,32,0,374,0,0,0,374
01/06/2003,IND,IN,AGL,CE,Towers with Radar,185,191,77,2,455,0,0,15,0,15,185,191,92,2,470,0,0,0,470
01/07/2003,IND,IN,AGL,CE,Towers with Radar,284,228,81,1,594,0,0,25,0,25,284,228,106,1,619,0,0,0,619
01/08/2003,IND,IN,AGL,CE,Towers with Radar,287,232,106,5,630,0,0,31,0,31,287,232,137,5,661,0,0,0,661
01/09/2003,IND,IN,AGL,CE,Towers with Radar,272,228,79,1,580,13,4,27,0,44,285,232,106,1,624,0,0,0,624
01/10/2003,IND,IN,AGL,CE,Towers with Radar,290,241,77,6,614,0,0,8,0,8,290,241,85,6,622,0,0,0,622
01/11/2003,IND,IN,AGL,CE,Towers with Radar,193,169,32,1,395,0,0,8,3,11,193,169,40,4,406,0,0,0,406
01/12/2003,IND,IN,AGL,CE,Towers with Radar,150,164,34,2,350,0,0,8,0,8,150,164,42,2,358,0,0,0,358
01/13/2003,IND,IN,AGL,CE,Towers with Radar,169,196,71,0,436,1,0,26,0,27,170,196,97,0,463,0,0,0,463
01/14/2003,IND,IN,AGL,CE,Towers with Radar,288,224,100,1,613,0,0,12,0,12,288,224,112,1,625,0,0,0,625
01/15/2003,IND,IN,AGL,CE,Towers with Radar,285,225,100,3,613,0,0,18,0,18,285,225,118,3,631,0,0,0,631
01/16/2003,IND,IN,AGL,CE,Towers with Radar,284,237,96,1,618,0,0,8,0,8,284,237,104,1,626,0,0,0,626
01/17/2003,IND,IN,AGL,CE,Towers with Radar,288,243,74,2,607,0,0,22,0,22,288,243,96,2,629,0,0,0,629
01/18/2003,IND,IN,AGL,CE,Towers with Radar,198,161,22,2,383,0,0,0,0,0,198,161,22,2,383,3,1,4,387
01/19/2003,IND,IN,AGL,CE,Towers with Radar,148,150,33,1,332,0,0,2,0,2,148,150,35,1,334,0,0,0,334
01/20/2003,IND,IN,AGL,CE,Towers with Radar,175,186,64,1,426,0,0,11,0,11,175,186,75,1,437,0,0,0,437
01/21/2003,IND,IN,AGL,CE,Towers with Radar,281,222,79,1,583,0,11,26,0,37,281,233,105,1,620,0,0,0,620
01/22/2003,IND,IN,AGL,CE,Towers with Radar,285,221,90,1,597,0,0,24,2,26,285,221,114,3,623,0,0,0,623
01/23/2003,IND,IN,AGL,CE,Towers with Radar,293,237,78,8,616,1,0,13,2,16,294,237,91,10,632,0,0,0,632
01/24/2003,IND,IN,AGL,CE,Towers with Radar,289,220,66,7,582,0,1,37,0,38,289,221,103,7,620,0,0,0,620
01/25/2003,IND,IN,AGL,CE,Towers with Radar,209,152,29,1,391,0,0,0,0,0,209,152,29,1,391,0,0,0,391
01/26/2003,IND,IN,AGL,CE,Towers with Radar,164,163,41,2,370,0,0,1,0,1,164,163,42,2,371,0,0,0,371
01/27/2003,IND,IN,AGL,CE,Towers with Radar,176,193,112,0,481,0,0,0,0,0,176,193,112,0,481,0,0,0,481
01/28/2003,IND,IN,AGL,CE,Towers with Radar,310,237,93,5,645,0,0,20,0,20,310,237,113,5,665,0,0,0,665
01/29/2003,IND,IN,AGL,CE,Towers with Radar,291,236,102,1,630,0,0,7,0,7,291,236,109,1,637,0,0,0,637
01/30/2003,IND,IN,AGL,CE,Towers with Radar,285,257,125,0,667,1,1,17,0,19,286,258,142,0,686,19,0,19,705
01/31/2003,IND,IN,AGL,CE,Towers with Radar,293,244,76,4,617,0,1,12,0,13,293,245,88,4,630,0,0,0,630
02/01/2003,IND,IN,AGL,CE,Towers with Radar,192,152,26,3,373,4,0,1,0,5,196,152,27,3,378,0,0,0,378
02/02/2003,IND,IN,AGL,CE,Towers with Radar,165,156,56,1,378,1,0,8,0,9,166,156,64,1,387,0,0,0,387
02/03/2003,IND,IN,AGL,CE,Towers with Radar,207,190,67,0,464,1,0,8,0,9,208,190,75,0,473,0,0,0,473
02/04/2003,IND,IN,AGL,CE,Towers with Radar,208,190,75,0,473,0,0,0,0,0,208,190,75,0,473,0,0,0,473
02/05/2003,IND,IN,AGL,CE,Towers with Radar,285,230,120,1,636,2,0,35,0,37,287,230,155,1,673,0,0,0,673
02/06/2003,IND,IN,AGL,CE,Towers with Radar,294,241,94,2,631,1,0,8,0,9,295,241,102,2,640,8,0,8,648
02/07/2003,IND,IN,AGL,CE,Towers with Radar,279,234,96,5,614,1,0,17,0,18,280,234,113,5,632,0,0,0,632
02/08/2003,IND,IN,AGL,CE,Towers with Radar,185,166,41,0,392,1,0,0,0,1,186,166,41,0,393,0,0,0,393
02/09/2003,IND,IN,AGL,CE,Towers with Radar,162,168,37,5,372,1,0,5,0,6,163,168,42,5,378,0,0,0,378
02/10/2003,IND,IN,AGL,CE,Towers with Radar,167,190,92,0,449,1,0,5,0,6,168,190,97,0,455,0,0,0,455
02/11/2003,IND,IN,AGL,CE,Towers with Radar,191,162,66,2,421,14,25,24,1,64,205,187,90,3,485,0,0,0,485
02/12/2003,IND,IN,AGL,CE,Towers with Radar,309,242,104,0,655,1,0,24,0,25,310,242,128,0,680,0,0,0,680
02/13/2003,IND,IN,AGL,CE,Towers with Radar,303,241,103,10,657,1,0,29,0,30,304,241,132,10,687,30,0,30,717
02/14/2003,IND,IN,AGL,CE,Towers with Radar,303,222,73,5,603,1,0,6,0,7,304,222,79,5,610,0,0,0,610
02/15/2003,IND,IN,AGL,CE,Towers with Radar,206,147,43,1,397,1,0,0,0,1,207,147,43,1,398,0,0,0,398
02/16/2003,IND,IN,AGL,CE,Towers with Radar,151,138,27,0,316,1,0,0,0,1,152,138,27,0,317,0,0,0,317
02/17/2003,IND,IN,AGL,CE,Towers with Radar,175,166,74,0,415,0,0,8,0,8,175,166,82,0,423,0,0,0,423
02/18/2003,IND,IN,AGL,CE,Towers with Radar,267,217,104,4,592,1,0,4,0,5,268,217,108,4,597,0,0,0,597
02/19/2003,IND,IN,AGL,CE,Towers with Radar,296,248,120,3,667,1,0,7,0,8,297,248,127,3,675,0,0,0,675
02/20/2003,IND,IN,AGL,CE,Towers with Radar,306,240,144,4,694,2,1,31,0,34,308,241,175,4,728,34,0,34,762
02/21/2003,IND,IN,AGL,CE,Towers with Radar,279,232,110,0,621,1,0,11,0,12,280,232,121,0,633,0,0,0,633
02/22/2003,IND,IN,AGL,CE,Towers with Radar,169,133,28,2,332,0,0,0,1,1,169,133,28,3,333,0,0,0,333
02/23/2003,IND,IN,AGL,CE,Towers with Radar,158,140,49,6,353,0,0,5,0,5,158,140,54,6,358,0,0,0,358
02/24/2003,IND,IN,AGL,CE,Towers with Radar,170,196,89,2,457,1,0,6,0,7,171,196,95,2,464,0,0,0,464
02/25/2003,IND,IN,AGL,CE,Towers with Radar,283,234,104,8,629,2,1,36,1,40,285,235,140,9,669,0,0,0,669
02/26/2003,IND,IN,AGL,CE,Towers with Radar,287,229,119,5,640,2,0,21,3,26,289,229,140,8,666,0,0,0,666
02/27/2003,IND,IN,AGL,CE,Towers with Radar,301,239,84,0,624,2,1,13,0,16,303,240,97,0,640,0,0,0,640
02/28/2003,IND,IN,AGL,CE,Towers with Radar,291,218,78,3,590,1,0,0,0,1,292,218,78,3,591,0,0,0,591
03/01/2003,IND,IN,AGL,CE,Towers with Radar,204,165,34,1,404,1,0,1,0,2,205,165,35,1,406,0,0,0,406
03/02/2003,IND,IN,AGL,CE,Towers with Radar,171,142,27,3,343,0,0,4,0,4,171,142,31,3,347,0,0,0,347
03/03/2003,IND,IN,AGL,CE,Towers with Radar,191,201,84,3,479,0,0,20,0,20,191,201,104,3,499,0,0,0,499
03/04/2003,IND,IN,AGL,CE,Towers with Radar,283,215,114,2,614,0,0,28,0,28,283,215,142,2,642,0,0,0,642
03/05/2003,IND,IN,AGL,CE,Towers with Radar,290,212,112,2,616,0,0,5,0,5,290,212,117,2,621,0,0,0,621
03/06/2003,IND,IN,AGL,CE,Towers with Radar,297,242,132,0,671,0,0,17,0,17,297,242,149,0,688,0,0,0,688
03/07/2003,IND,IN,AGL,CE,Towers with Radar,295,224,68,3,590,0,0,21,0,21,295,224,89,3,611,0,0,0,611
03/08/2003,IND,IN,AGL,CE,Towers with Radar,207,159,38,0,404,0,0,2,0,2,207,159,40,0,406,0,0,0,406
03/09/2003,IND,IN,AGL,CE,Towers with Radar,174,153,32,2,361,0,0,12,0,12,174,153,44,2,373,0,0,0,373
03/10/2003,IND,IN,AGL,CE,Towers with Radar,178,220,78,1,477,0,0,25,0,25,178,220,103,1,502,0,0,0,502
03/11/2003,IND,IN,AGL,CE,Towers with Radar,281,244,90,2,617,1,0,22,0,23,282,244,112,2,640,0,0,0,640
03/12/2003,IND,IN,AGL,CE,Towers with Radar,292,248,140,1,681,0,0,7,0,7,292,248,147,1,688,0,0,0,688
03/13/2003,IND,IN,AGL,CE,Towers with Radar,295,220,106,1,622,0,0,3,0,3,295,220,109,1,625,0,0,0,625
03/14/2003,IND,IN,AGL,CE,Towers with Radar,295,237,70,1,603,1,0,45,0,46,296,237,115,1,649,0,0,0,649
03/15/2003,IND,IN,AGL,CE,Towers with Radar,217,158,56,4,435,0,0,24,0,24,217,158,80,4,459,0,0,0,459
03/16/2003,IND,IN,AGL,CE,Towers with Radar,180,155,40,8,383,1,0,13,0,14,181,155,53,8,397,0,0,0,397
03/17/2003,IND,IN,AGL,CE,Towers with Radar,171,187,84,8,450,0,0,26,0,26,171,187,110,8,476,0,0,0,476
03/18/2003,IND,IN,AGL,CE,Towers with Radar,300,225,120,5,650,0,0,15,0,15,300,225,135,5,665,0,0,0,665
03/19/2003,IND,IN,AGL,CE,Towers with Radar,288,221,89,2,600,0,0,5,0,5,288,221,94,2,605,0,0,0,605
03/20/2003,IND,IN,AGL,CE,Towers with Radar,285,298,147,3,733,0,0,8,0,8,285,298,155,3,741,0,0,0,741
03/21/2003,IND,IN,AGL,CE,Towers with Radar,294,246,105,7,652,0,0,7,0,7,294,246,112,7,659,0,0,0,659
03/22/2003,IND,IN,AGL,CE,Towers with Radar,213,174,59,0,446,0,0,9,0,9,213,174,68,0,455,0,0,0,455
03/23/2003,IND,IN,AGL,CE,Towers with Radar,188,152,33,2,375,0,0,13,0,13,188,152,46,2,388,0,0,0,388
03/24/2003,IND,IN,AGL,CE,Towers with Radar,175,210,95,6,486,0,0,25,0,25,175,210,120,6,511,0,0,0,511
03/25/2003,IND,IN,AGL,CE,Towers with Radar,290,231,86,2,609,0,0,17,0,17,290,231,103,2,626,0,0,0,626
03/26/2003,IND,IN,AGL,CE,Towers with Radar,293,234,68,2,597,0,1,28,0,29,293,235,96,2,626,0,0,0,626
03/27/2003,IND,IN,AGL,CE,Towers with Radar,297,228,87,0,612,0,0,1,0,1,297,228,88,0,613,0,0,0,613
03/28/2003,IND,IN,AGL,CE,Towers with Radar,286,231,71,7,595,0,0,12,0,12,286,231,83,7,607,0,0,0,607
03/29/2003,IND,IN,AGL,CE,Towers with Radar,205,164,45,2,416,0,0,1,0,1,205,164,46,2,417,0,0,0,417
03/30/2003,IND,IN,AGL,CE,Towers with Radar,162,138,41,0,341,2,19,0,0,21,164,157,41,0,362,0,0,0,362
03/31/2003,IND,IN,AGL,CE,Towers with Radar,177,203,62,5,447,0,0,22,0,22,177,203,84,5,469,0,0,0,469
04/01/2003,IND,IN,AGL,CE,Towers with Radar,280,226,89,4,599,2,0,24,0,26,282,226,113,4,625,0,0,0,625
04/02/2003,IND,IN,AGL,CE,Towers with Radar,290,227,102,5,624,2,0,26,0,28,292,227,128,5,652,0,0,0,652
04/03/2003,IND,IN,AGL,CE,Towers with Radar,282,245,115,3,645,2,1,18,0,21,284,246,133,3,666,0,0,0,666
04/04/2003,IND,IN,AGL,CE,Towers with Radar,294,199,87,3,583,2,0,11,0,13,296,199,98,3,596,0,0,0,596
04/05/2003,IND,IN,AGL,CE,Towers with Radar,221,159,68,0,448,2,0,0,0,2,223,159,68,0,450,0,0,0,450
04/06/2003,IND,IN,AGL,CE,Towers with Radar,171,193,63,1,428,3,0,5,0,8,174,193,68,1,436,0,0,0,436
04/07/2003,IND,IN,AGL,CE,Towers with Radar,150,201,100,12,463,2,0,1,0,3,152,201,101,12,466,0,0,0,466
04/08/2003,IND,IN,AGL,CE,Towers with Radar,272,242,119,8,641,1,0,1,0,2,273,242,120,8,643,0,0,0,643
04/09/2003,IND,IN,AGL,CE,Towers with Radar,278,272,105,1,656,1,0,7,0,8,279,272,112,1,664,0,0,0,664
04/10/2003,IND,IN,AGL,CE,Towers with Radar,288,254,117,5,664,2,0,22,1,25,290,254,139,6,689,0,0,0,689
04/11/2003,IND,IN,AGL,CE,Towers with Radar,280,242,103,8,633,1,0,19,0,20,281,242,122,8,653,0,0,0,653
04/12/2003,IND,IN,AGL,CE,Towers with Radar,200,165,47,3,415,3,0,28,0,31,203,165,75,3,446,0,0,0,446
04/13/2003,IND,IN,AGL,CE,Towers with Radar,165,186,68,3,422,1,0,23,0,24,166,186,91,3,446,0,0,0,446
04/14/2003,IND,IN,AGL,CE,Towers with Radar,158,225,84,9,476,1,0,24,1,26,159,225,108,10,502,0,0,0,502
04/15/2003,IND,IN,AGL,CE,Towers with Radar,284,255,92,4,635,1,0,27,0,28,285,255,119,4,663,0,0,0,663
04/16/2003,IND,IN,AGL,CE,Towers with Radar,274,253,100,5,632,21,11,7,0,39,295,264,107,5,671,0,0,0,671
04/17/2003,IND,IN,AGL,CE,Towers with Radar,275,251,124,0,650,1,0,7,0,8,276,251,131,0,658,0,0,0,658
04/18/2003,IND,IN,AGL,CE,Towers with Radar,281,234,68,4,587,1,0,13,0,14,282,234,81,4,601,0,0,0,601
04/19/2003,IND,IN,AGL,CE,Towers with Radar,197,164,31,4,396,1,0,16,0,17,198,164,47,4,413,0,0,0,413
04/20/2003,IND,IN,AGL,CE,Towers with Radar,158,172,15,0,345,1,0,1,0,2,159,172,16,0,347,0,0,0,347
04/21/2003,IND,IN,AGL,CE,Towers with Radar,173,205,82,3,463,0,39,37,4,80,173,244,119,7,543,0,0,0,543
04/22/2003,IND,IN,AGL,CE,Towers with Radar,272,236,122,2,632,1,0,22,0,23,273,236,144,2,655,0,0,0,655
04/23/2003,IND,IN,AGL,CE,Towers with Radar,283,245,139,6,673,1,1,31,2,35,284,246,170,8,708,0,0,0,708
04/24/2003,IND,IN,AGL,CE,Towers with Radar,286,258,99,6,649,2,0,18,1,21,288,258,117,7,670,0,0,0,670
04/25/2003,IND,IN,AGL,CE,Towers with Radar,279,229,82,4,594,1,0,1,0,2,280,229,83,4,596,0,0,0,596
04/26/2003,IND,IN,AGL,CE,Towers with Radar,200,165,35,4,404,1,0,0,0,1,201,165,35,4,405,0,0,0,405
04/27/2003,IND,IN,AGL,CE,Towers with Radar,164,174,55,5,398,1,3,9,0,13,165,177,64,5,411,0,0,0,411
04/28/2003,IND,IN,AGL,CE,Towers with Radar,179,227,95,5,506,1,0,19,0,20,180,227,114,5,526,0,0,0,526
04/29/2003,IND,IN,AGL,CE,Towers with Radar,276,242,98,7,623,1,1,12,0,14,277,243,110,7,637,0,0,0,637
04/30/2003,IND,IN,AGL,CE,Towers with Radar,266,229,98,3,596,16,0,31,0,47,282,229,129,3,643,0,0,0,643
05/01/2003,IND,IN,AGL,CE,Towers with Radar,301,240,132,3,676,6,0,0,0,6,307,240,132,3,682,0,0,0,682
05/02/2003,IND,IN,AGL,CE,Towers with Radar,284,256,96,8,644,6,0,0,0,6,290,256,96,8,650,0,0,0,650
05/03/2003,IND,IN,AGL,CE,Towers with Radar,190,163,39,6,398,6,0,14,0,20,196,163,53,6,418,0,0,0,418
05/04/2003,IND,IN,AGL,CE,Towers with Radar,148,178,46,7,379,6,0,8,1,15,154,178,54,8,394,0,0,0,394
05/05/2003,IND,IN,AGL,CE,Towers with Radar,160,179,78,3,420,0,41,22,4,67,160,220,100,7,487,0,0,0,487
05/06/2003,IND,IN,AGL,CE,Towers with Radar,273,228,116,5,622,6,0,22,0,28,279,228,138,5,650,0,0,0,650
05/07/2003,IND,IN,AGL,CE,Towers with Radar,287,238,124,1,650,6,0,11,0,17,293,238,135,1,667,0,0,0,667
05/08/2003,IND,IN,AGL,CE,Towers with Radar,245,233,101,2,581,49,15,42,0,106,294,248,143,2,687,0,0,0,687
05/09/2003,IND,IN,AGL,CE,Towers with Radar,282,236,88,7,613,6,0,6,1,13,288,236,94,8,626,0,0,0,626
05/10/2003,IND,IN,AGL,CE,Towers with Radar,190,140,45,0,375,6,0,1,0,7,196,140,46,0,382,0,0,0,382
05/11/2003,IND,IN,AGL,CE,Towers with Radar,148,173,56,1,378,6,0,0,0,6,154,173,56,1,384,0,0,0,384
05/12/2003,IND,IN,AGL,CE,Towers with Radar,162,203,85,8,458,6,1,10,1,18,168,204,95,9,476,0,0,0,476
05/13/2003,IND,IN,AGL,CE,Towers with Radar,267,240,81,6,594,7,1,23,1,32,274,241,104,7,626,0,0,0,626
05/14/2003,IND,IN,AGL,CE,Towers with Radar,256,234,107,6,603,6,0,28,0,34,262,234,135,6,637,0,0,0,637
05/15/2003,IND,IN,AGL,CE,Towers with Radar,220,209,93,3,525,64,42,57,1,164,284,251,150,4,689,0,0,0,689
05/16/2003,IND,IN,AGL,CE,Towers with Radar,281,257,84,5,627,7,1,7,1,16,288,258,91,6,643,0,0,0,643
05/17/2003,IND,IN,AGL,CE,Towers with Radar,217,148,48,1,414,6,0,6,0,12,223,148,54,1,426,0,0,0,426
05/18/2003,IND,IN,AGL,CE,Towers with Radar,164,175,71,3,413,0,1,0,5,6,164,176,71,8,419,0,0,0,419
05/19/2003,IND,IN,AGL,CE,Towers with Radar,161,212,94,4,471,0,6,9,1,16,161,218,103,5,487,0,0,0,487
05/20/2003,IND,IN,AGL,CE,Towers with Radar,273,243,123,1,640,6,0,3,0,9,279,243,126,1,649,0,0,0,649
05/21/2003,IND,IN,AGL,CE,Towers with Radar,275,252,117,2,646,0,0,60,0,60,275,252,177,2,706,0,0,0,706
05/22/2003,IND,IN,AGL,CE,Towers with Radar,274,233,144,2,653,6,0,30,0,36,280,233,174,2,689,0,0,0,689
05/23/2003,IND,IN,AGL,CE,Towers with Radar,271,254,118,10,653,6,0,20,5,31,277,254,138,15,684,0,0,0,684
05/24/2003,IND,IN,AGL,CE,Towers with Radar,194,157,103,4,458,6,0,12,1,19,200,157,115,5,477,0,0,0,477
05/25/2003,IND,IN,AGL,CE,Towers with Radar,151,183,83,3,420,0,0,131,10,141,151,183,214,13,561,0,0,0,561
05/26/2003,IND,IN,AGL,CE,Towers with Radar,165,178,65,2,410,6,1,8,1,16,171,179,73,3,426,0,0,0,426
05/27/2003,IND,IN,AGL,CE,Towers with Radar,156,212,98,5,471,6,2,19,4,31,162,214,117,9,502,0,0,0,502
05/28/2003,IND,IN,AGL,CE,Towers with Radar,271,258,105,3,637,5,1,7,2,15,276,259,112,5,652,0,0,0,652
05/29/2003,IND,IN,AGL,CE,Towers with Radar,235,222,97,0,554,66,22,22,0,110,301,244,119,0,664,0,0,0,664
05/30/2003,IND,IN,AGL,CE,Towers with Radar,267,239,87,2,595,5,0,20,0,25,272,239,107,2,620,0,0,0,620
05/31/2003,IND,IN,AGL,CE,Towers with Radar,196,159,36,0,391,11,0,0,0,11,207,159,36,0,402,0,0,0,402
06/01/2003,IND,IN,AGL,CE,Towers with Radar,165,178,37,4,384,0,0,14,0,14,165,178,51,4,398,0,0,0,398
06/02/2003,IND,IN,AGL,CE,Towers with Radar,164,219,84,3,470,0,0,17,1,18,164,219,101,4,488,0,0,0,488
06/03/2003,IND,IN,AGL,CE,Towers with Radar,270,231,107,0,608,1,1,0,0,2,271,232,107,0,610,0,0,0,610
06/04/2003,IND,IN,AGL,CE,Towers with Radar,270,246,118,5,639,0,0,16,0,16,270,246,134,5,655,0,0,0,655
06/05/2003,IND,IN,AGL,CE,Towers with Radar,275,253,117,4,649,0,0,23,1,24,275,253,140,5,673,0,0,0,673
06/06/2003,IND,IN,AGL,CE,Towers with Radar,268,259,73,8,608,0,0,20,0,20,268,259,93,8,628,0,0,0,628
06/07/2003,IND,IN,AGL,CE,Towers with Radar,193,174,29,2,398,1,0,9,0,10,194,174,38,2,408,0,0,0,408
06/08/2003,IND,IN,AGL,CE,Towers with Radar,165,190,46,1,402,0,0,6,0,6,165,190,52,1,408,0,0,0,408
06/09/2003,IND,IN,AGL,CE,Towers with Radar,147,228,82,6,463,1,0,35,0,36,148,228,117,6,499,0,0,0,499
06/10/2003,IND,IN,AGL,CE,Towers with Radar,274,239,85,3,601,0,0,18,0,18,274,239,103,3,619,0,0,0,619
06/11/2003,IND,IN,AGL,CE,Towers with Radar,269,253,127,0,649,0,0,13,0,13,269,253,140,0,662,0,0,0,662
06/12/2003,IND,IN,AGL,CE,Towers with Radar,287,251,108,5,651,0,0,6,1,7,287,251,114,6,658,0,0,0,658
06/13/2003,IND,IN,AGL,CE,Towers with Radar,279,260,86,2,627,0,0,4,0,4,279,260,90,2,631,0,0,0,631
06/14/2003,IND,IN,AGL,CE,Towers with Radar,208,196,42,4,450,0,0,0,0,0,208,196,42,4,450,0,0,0,450
06/15/2003,IND,IN,AGL,CE,Towers with Radar,169,186,45,1,401,0,0,4,0,4,169,186,49,1,405,0,0,0,405
06/16/2003,IND,IN,AGL,CE,Towers with Radar,165,209,85,6,465,0,0,8,0,8,165,209,93,6,473,0,0,0,473
06/17/2003,IND,IN,AGL,CE,Towers with Radar,284,244,127,3,658,0,0,18,0,18,284,244,145,3,676,0,0,0,676
06/18/2003,IND,IN,AGL,CE,Towers with Radar,286,254,114,1,655,0,2,21,3,26,286,256,135,4,681,0,0,0,681
06/19/2003,IND,IN,AGL,CE,Towers with Radar,289,242,102,1,634,0,0,13,0,13,289,242,115,1,647,0,0,0,647
06/20/2003,IND,IN,AGL,CE,Towers with Radar,274,231,96,3,604,0,0,24,0,24,274,231,120,3,628,0,0,0,628
06/21/2003,IND,IN,AGL,CE,Towers with Radar,210,190,38,3,441,0,1,26,1,28,210,191,64,4,469,0,0,0,469
06/22/2003,IND,IN,AGL,CE,Towers with Radar,168,176,67,5,416,1,0,22,0,23,169,176,89,5,439,0,0,0,439
06/23/2003,IND,IN,AGL,CE,Towers with Radar,168,224,93,6,491,0,0,31,0,31,168,224,124,6,522,0,0,0,522
06/24/2003,IND,IN,AGL,CE,Towers with Radar,283,244,130,0,657,0,2,28,1,31,283,246,158,1,688,0,0,0,688
06/25/2003,IND,IN,AGL,CE,Towers with Radar,284,265,111,4,664,0,0,22,3,25,284,265,133,7,689,0,0,0,689
06/26/2003,IND,IN,AGL,CE,Towers with Radar,291,246,123,6,666,0,0,20,0,20,291,246,143,6,686,0,0,0,686
06/27/2003,IND,IN,AGL,CE,Towers with Radar,274,252,103,5,634,0,0,13,0,13,274,252,116,5,647,0,0,0,647
06/28/2003,IND,IN,AGL,CE,Towers with Radar,201,178,35,2,416,0,0,0,0,0,201,178,35,2,416,0,0,0,416
06/29/2003,IND,IN,AGL,CE,Towers with Radar,161,174,41,1,377,0,0,11,0,11,161,174,52,1,388,0,0,0,388
06/30/2003,IND,IN,AGL,CE,Towers with Radar,170,219,81,7,477,0,0,14,0,14,170,219,95,7,491,0,0,0,491
07/01/2003,IND,IN,AGL,CE,Towers with Radar,275,238,113,2,628,1,1,11,1,14,276,239,124,3,642,0,0,0,642
07/02/2003,IND,IN,AGL,CE,Towers with Radar,280,243,95,6,624,1,1,23,2,27,281,244,118,8,651,0,0,0,651
07/03/2003,IND,IN,AGL,CE,Towers with Radar,294,228,76,2,600,1,1,21,0,23,295,229,97,2,623,0,0,0,623
07/04/2003,IND,IN,AGL,CE,Towers with Radar,196,149,14,0,359,1,1,4,0,6,197,150,18,0,365,0,0,0,365
07/05/2003,IND,IN,AGL,CE,Towers with Radar,194,149,24,1,368,1,1,3,0,5,195,150,27,1,373,0,0,0,373
07/06/2003,IND,IN,AGL,CE,Towers with Radar,159,188,49,1,397,2,1,17,0,20,161,189,66,1,417,0,0,0,417
07/07/2003,IND,IN,AGL,CE,Towers with Radar,201,203,94,6,504,2,1,13,0,16,203,204,107,6,520,0,0,0,520
07/08/2003,IND,IN,AGL,CE,Towers with Radar,276,221,109,2,608,1,1,7,1,10,277,222,116,3,618,0,0,0,618
07/09/2003,IND,IN,AGL,CE,Towers with Radar,282,242,106,2,632,1,1,6,0,8,283,243,112,2,640,0,0,0,640
07/10/2003,IND,IN,AGL,CE,Towers with Radar,281,253,145,3,682,1,1,12,2,16,282,254,157,5,698,0,0,0,698
07/11/2003,IND,IN,AGL,CE,Towers with Radar,283,238,111,6,638,1,0,16,1,18,284,238,127,7,656,0,0,0,656
07/12/2003,IND,IN,AGL,CE,Towers with Radar,205,190,38,3,436,1,0,16,0,17,206,190,54,3,453,0,0,0,453
07/13/2003,IND,IN,AGL,CE,Towers with Radar,169,184,94,10,457,1,1,24,0,26,170,185,118,10,483,0,0,0,483
07/14/2003,IND,IN,AGL,CE,Towers with Radar,169,227,121,8,525,0,2,26,0,28,169,229,147,8,553,0,0,0,553
07/15/2003,IND,IN,AGL,CE,Towers with Radar,286,233,127,5,651,0,1,12,0,13,286,234,139,5,664,0,0,0,664
07/16/2003,IND,IN,AGL,CE,Towers with Radar,278,263,129,4,674,0,2,33,0,35,278,265,162,4,709,0,0,0,709
07/17/2003,IND,IN,AGL,CE,Towers with Radar,297,240,132,4,673,1,2,36,1,40,298,242,168,5,713,0,0,0,713
07/18/2003,IND,IN,AGL,CE,Towers with Radar,312,235,94,1,642,0,1,17,2,20,312,236,111,3,662,0,0,0,662
07/19/2003,IND,IN,AGL,CE,Towers with Radar,203,186,26,2,417,0,1,18,0,19,203,187,44,2,436,0,0,0,436
07/20/2003,IND,IN,AGL,CE,Towers with Radar,169,197,57,2,425,0,1,5,0,6,169,198,62,2,431,0,0,0,431
07/21/2003,IND,IN,AGL,CE,Towers with Radar,153,195,100,8,456,0,1,2,0,3,153,196,102,8,459,0,0,0,459
07/22/2003,IND,IN,AGL,CE,Towers with Radar,279,240,129,4,652,0,1,15,0,16,279,241,144,4,668,0,0,0,668
07/23/2003,IND,IN,AGL,CE,Towers with Radar,277,244,152,6,679,0,1,13,0,14,277,245,165,6,693,0,0,0,693
07/24/2003,IND,IN,AGL,CE,Towers with Radar,282,244,114,5,645,0,0,60,2,62,282,244,174,7,707,0,0,0,707
07/25/2003,IND,IN,AGL,CE,Towers with Radar,271,254,100,8,633,0,1,23,0,24,271,255,123,8,657,0,0,0,657
07/26/2003,IND,IN,AGL,CE,Towers with Radar,203,189,32,5,429,1,2,23,0,26,204,191,55,5,455,0,0,0,455
07/27/2003,IND,IN,AGL,CE,Towers with Radar,167,203,48,3,421,1,1,18,0,20,168,204,66,3,441,0,0,0,441
07/28/2003,IND,IN,AGL,CE,Towers with Radar,149,208,73,5,435,1,2,18,1,22,150,210,91,6,457,0,0,0,457
07/29/2003,IND,IN,AGL,CE,Towers with Radar,275,245,86,3,609,0,2,29,0,31,275,247,115,3,640,0,0,0,640
07/30/2003,IND,IN,AGL,CE,Towers with Radar,286,255,122,4,667,0,1,27,0,28,286,256,149,4,695,0,0,0,695
07/31/2003,IND,IN,AGL,CE,Towers with Radar,279,255,164,5,703,0,1,26,0,27,279,256,190,5,730,0,0,0,730
08/01/2003,IND,IN,AGL,CE,Towers with Radar,293,250,149,5,697,0,1,28,0,29,293,251,177,5,726,0,0,0,726
08/02/2003,IND,IN,AGL,CE,Towers with Radar,206,181,77,1,465,0,2,16,3,21,206,183,93,4,486,0,0,0,486
08/03/2003,IND,IN,AGL,CE,Towers with Radar,176,210,228,5,619,0,1,22,0,23,176,211,250,5,642,0,0,0,642
08/04/2003,IND,IN,AGL,CE,Towers with Radar,167,228,107,5,507,0,1,16,1,18,167,229,123,6,525,0,0,0,525
08/05/2003,IND,IN,AGL,CE,Towers with Radar,287,248,101,5,641,0,1,25,0,26,287,249,126,5,667,0,0,0,667
08/06/2003,IND,IN,AGL,CE,Towers with Radar,283,252,103,6,644,0,1,18,0,19,283,253,121,6,663,0,0,0,663
08/07/2003,IND,IN,AGL,CE,Towers with Radar,290,240,97,3,630,0,1,22,0,23,290,241,119,3,653,0,0,0,653
08/08/2003,IND,IN,AGL,CE,Towers with Radar,248,237,97,4,586,26,0,0,2,28,274,237,97,6,614,0,0,0,614
08/09/2003,IND,IN,AGL,CE,Towers with Radar,203,175,49,3,430,0,1,7,0,8,203,176,56,3,438,0,0,0,438
08/10/2003,IND,IN,AGL,CE,Towers with Radar,169,180,47,5,401,0,1,11,0,12,169,181,58,5,413,0,0,0,413
08/11/2003,IND,IN,AGL,CE,Towers with Radar,182,208,96,6,492,0,1,21,0,22,182,209,117,6,514,0,0,0,514
08/12/2003,IND,IN,AGL,CE,Towers with Radar,289,239,125,2,655,0,0,16,0,16,289,239,141,2,671,0,0,0,671
08/13/2003,IND,IN,AGL,CE,Towers with Radar,278,245,111,3,637,0,0,15,1,16,278,245,126,4,653,0,0,0,653
08/14/2003,IND,IN,AGL,CE,Towers with Radar,287,227,116,2,632,0,0,24,1,25,287,227,140,3,657,0,0,0,657
08/15/2003,IND,IN,AGL,CE,Towers with Radar,275,221,92,8,596,0,0,33,1,34,275,221,125,9,630,0,0,0,630
08/16/2003,IND,IN,AGL,CE,Towers with Radar,199,184,49,4,436,0,0,15,1,16,199,184,64,5,452,0,0,0,452
08/17/2003,IND,IN,AGL,CE,Towers with Radar,162,185,44,1,392,0,0,13,1,14,162,185,57,2,406,0,0,0,406
08/18/2003,IND,IN,AGL,CE,Towers with Radar,159,208,99,9,475,0,0,27,0,27,159,208,126,9,502,0,0,0,502
08/19/2003,IND,IN,AGL,CE,Towers with Radar,272,270,97,5,644,0,0,30,2,32,272,270,127,7,676,0,0,0,676
08/20/2003,IND,IN,AGL,CE,Towers with Radar,281,266,152,5,704,0,0,1,0,1,281,266,153,5,705,0,0,0,705
08/21/2003,IND,IN,AGL,CE,Towers with Radar,280,269,86,2,637,0,0,23,1,24,280,269,109,3,661,0,0,0,661
08/22/2003,IND,IN,AGL,CE,Towers with Radar,258,273,105,8,644,0,0,18,1,19,258,273,123,9,663,0,0,0,663
08/23/2003,IND,IN,AGL,CE,Towers with Radar,177,212,55,8,452,0,0,25,0,25,177,212,80,8,477,0,0,0,477
08/24/2003,IND,IN,AGL,CE,Towers with Radar,148,200,48,3,399,0,0,21,0,21,148,200,69,3,420,0,0,0,420
08/25/2003,IND,IN,AGL,CE,Towers with Radar,146,245,95,8,494,0,0,11,0,11,146,245,106,8,505,0,0,0,505
08/26/2003,IND,IN,AGL,CE,Towers with Radar,274,259,102,1,636,0,21,27,0,48,274,280,129,1,684,0,0,0,684
08/27/2003,IND,IN,AGL,CE,Towers with Radar,255,287,115,0,657,0,0,20,0,20,255,287,135,0,677,0,0,0,677
08/28/2003,IND,IN,AGL,CE,Towers with Radar,250,291,111,3,655,0,0,21,0,21,250,291,132,3,676,0,0,0,676
08/29/2003,IND,IN,AGL,CE,Towers with Radar,258,251,66,3,578,0,0,16,0,16,258,251,82,3,594,0,0,0,594
08/30/2003,IND,IN,AGL,CE,Towers with Radar,167,188,41,0,396,0,0,1,0,1,167,188,42,0,397,1,3,4,401
08/31/2003,IND,IN,AGL,CE,Towers with Radar,114,148,34,0,296,0,0,5,0,5,114,148,39,0,301,0,0,0,301
09/01/2003,IND,IN,AGL,CE,Towers with Radar,124,198,28,4,354,0,3,1,0,4,124,201,29,4,358,0,0,0,358
09/02/2003,IND,IN,AGL,CE,Towers with Radar,155,231,105,4,495,0,2,6,0,8,155,233,111,4,503,0,0,0,503
09/03/2003,IND,IN,AGL,CE,Towers with Radar,270,270,124,0,664,0,2,23,0,25,270,272,147,0,689,0,0,0,689
09/04/2003,IND,IN,AGL,CE,Towers with Radar,266,285,127,4,682,0,2,31,2,35,266,287,158,6,717,0,0,0,717
09/05/2003,IND,IN,AGL,CE,Towers with Radar,267,285,76,11,639,0,12,18,1,31,267,297,94,12,670,0,0,0,670
09/06/2003,IND,IN,AGL,CE,Towers with Radar,195,210,41,1,447,0,2,0,0,2,195,212,41,1,449,0,0,0,449
09/07/2003,IND,IN,AGL,CE,Towers with Radar,144,208,77,6,435,0,3,15,0,18,144,211,92,6,453,0,0,0,453
09/08/2003,IND,IN,AGL,CE,Towers with Radar,147,263,122,5,537,0,2,23,0,25,147,265,145,5,562,0,0,0,562
09/09/2003,IND,IN,AGL,CE,Towers with Radar,265,270,113,2,650,0,2,23,0,25,265,272,136,2,675,0,0,0,675
09/10/2003,IND,IN,AGL,CE,Towers with Radar,266,261,118,8,653,0,0,15,0,15,266,261,133,8,668,0,0,0,668
09/11/2003,IND,IN,AGL,CE,Towers with Radar,230,249,102,7,588,25,0,13,1,39,255,249,115,8,627,0,0,0,627
09/12/2003,IND,IN,AGL,CE,Towers with Radar,266,260,94,7,627,0,3,13,0,16,266,263,107,7,643,0,0,0,643
09/13/2003,IND,IN,AGL,CE,Towers with Radar,189,189,41,1,420,0,2,17,0,19,189,191,58,1,439,0,0,0,439
09/14/2003,IND,IN,AGL,CE,Towers with Radar,151,206,48,8,413,0,2,10,0,12,151,208,58,8,425,0,0,0,425
09/15/2003,IND,IN,AGL,CE,Towers with Radar,148,244,109,15,516,0,2,31,0,33,148,246,140,15,549,0,0,0,549
09/16/2003,IND,IN,AGL,CE,Towers with Radar,160,228,91,4,483,0,2,19,0,21,160,230,110,4,504,0,0,0,504
09/17/2003,IND,IN,AGL,CE,Towers with Radar,262,248,125,7,642,0,4,35,0,39,262,252,160,7,681,0,0,0,681
09/18/2003,IND,IN,AGL,CE,Towers with Radar,267,261,93,11,632,0,2,24,2,28,267,263,117,13,660,0,0,0,660
09/19/2003,IND,IN,AGL,CE,Towers with Radar,259,244,87,9,599,0,2,17,3,22,259,246,104,12,621,0,0,0,621
09/20/2003,IND,IN,AGL,CE,Towers with Radar,185,187,41,4,417,0,2,0,0,2,185,189,41,4,419,0,0,0,419
09/21/2003,IND,IN,AGL,CE,Towers with Radar,138,181,48,3,370,0,3,2,0,5,138,184,50,3,375,0,0,0,375
09/22/2003,IND,IN,AGL,CE,Towers with Radar,146,229,80,3,458,0,2,16,0,18,146,231,96,3,476,0,0,0,476
09/23/2003,IND,IN,AGL,CE,Towers with Radar,251,256,84,0,591,0,2,26,0,28,251,258,110,0,619,0,0,0,619
09/24/2003,IND,IN,AGL,CE,Towers with Radar,267,272,117,8,664,0,2,21,0,23,267,274,138,8,687,0,0,0,687
09/25/2003,IND,IN,AGL,CE,Towers with Radar,275,276,108,17,676,0,2,25,0,27,275,278,133,17,703,0,0,0,703
09/26/2003,IND,IN,AGL,CE,Towers with Radar,262,262,131,18,673,0,3,21,0,24,262,265,152,18,697,0,0,0,697
09/27/2003,IND,IN,AGL,CE,Towers with Radar,194,206,84,15,499,0,2,20,0,22,194,208,104,15,521,0,0,0,521
09/28/2003,IND,IN,AGL,CE,Towers with Radar,144,286,213,24,667,0,3,19,0,22,144,289,232,24,689,0,0,0,689
09/29/2003,IND,IN,AGL,CE,Towers with Radar,164,235,101,7,507,0,2,26,1,29,164,237,127,8,536,0,0,0,536
09/30/2003,IND,IN,AGL,CE,Towers with Radar,263,251,82,3,599,0,2,0,0,2,263,253,82,3,601,0,0,0,601
10/01/2003,IND,IN,AGL,CE,Towers with Radar,253,269,102,2,626,27,0,14,0,41,280,269,116,2,667,0,0,0,667
10/02/2003,IND,IN,AGL,CE,Towers with Radar,257,274,103,3,637,13,0,8,0,21,270,274,111,3,658,0,0,0,658
10/03/2003,IND,IN,AGL,CE,Towers with Radar,262,272,89,5,628,10,0,0,6,16,272,272,89,11,644,0,0,0,644
10/04/2003,IND,IN,AGL,CE,Towers with Radar,159,174,28,3,364,28,21,0,1,50,187,195,28,4,414,0,0,0,414
10/05/2003,IND,IN,AGL,CE,Towers with Radar,155,178,61,3,397,0,17,0,0,17,155,195,61,3,414,0,0,0,414
10/06/2003,IND,IN,AGL,CE,Towers with Radar,152,207,75,4,438,0,19,34,1,54,152,226,109,5,492,0,0,0,492
10/07/2003,IND,IN,AGL,CE,Towers with Radar,239,261,95,5,600,29,7,30,3,69,268,268,125,8,669,0,0,0,669
10/08/2003,IND,IN,AGL,CE,Towers with Radar,248,254,99,3,604,20,0,21,0,41,268,254,120,3,645,0,0,0,645
10/09/2003,IND,IN,AGL,CE,Towers with Radar,271,273,108,5,657,2,0,41,2,45,273,273,149,7,702,0,0,0,702
10/10/2003,IND,IN,AGL,CE,Towers with Radar,255,253,97,4,609,11,0,0,0,11,266,253,97,4,620,0,0,0,620
10/11/2003,IND,IN,AGL,CE,Towers with Radar,174,187,62,1,424,16,0,0,0,16,190,187,62,1,440,0,0,0,440
10/12/2003,IND,IN,AGL,CE,Towers with Radar,146,188,68,4,406,0,25,2,0,27,146,213,70,4,433,0,0,0,433
10/13/2003,IND,IN,AGL,CE,Towers with Radar,149,212,77,4,442,0,23,27,1,51,149,235,104,5,493,0,0,0,493
10/14/2003,IND,IN,AGL,CE,Towers with Radar,232,254,93,5,584,30,16,12,0,58,262,270,105,5,642,0,0,0,642
10/15/2003,IND,IN,AGL,CE,Towers with Radar,259,277,104,5,645,9,0,22,2,33,268,277,126,7,678,0,0,0,678
10/16/2003,IND,IN,AGL,CE,Towers with Radar,259,283,104,3,649,8,4,28,0,40,267,287,132,3,689,0,0,0,689
10/17/2003,IND,IN,AGL,CE,Towers with Radar,261,260,105,5,631,9,0,25,2,36,270,260,130,7,667,0,0,0,667
10/18/2003,IND,IN,AGL,CE,Towers with Radar,170,177,51,3,401,21,0,0,0,21,191,177,51,3,422,0,0,0,422
10/19/2003,IND,IN,AGL,CE,Towers with Radar,112,139,51,2,304,0,25,0,2,27,112,164,51,4,331,0,0,0,331
10/20/2003,IND,IN,AGL,CE,Towers with Radar,155,222,82,1,460,0,22,30,0,52,155,244,112,1,512,0,0,0,512
10/21/2003,IND,IN,AGL,CE,Towers with Radar,257,257,103,3,620,8,0,40,0,48,265,257,143,3,668,0,0,0,668
10/22/2003,IND,IN,AGL,CE,Towers with Radar,268,264,108,3,643,0,0,27,0,27,268,264,135,3,670,0,0,0,670
10/23/2003,IND,IN,AGL,CE,Towers with Radar,264,274,107,4,649,0,0,17,6,23,264,274,124,10,672,0,0,0,672
10/24/2003,IND,IN,AGL,CE,Towers with Radar,244,254,98,4,600,17,0,18,1,36,261,254,116,5,636,0,0,0,636
10/25/2003,IND,IN,AGL,CE,Towers with Radar,160,173,50,1,384,33,5,0,0,38,193,178,50,1,422,0,0,0,422
10/26/2003,IND,IN,AGL,CE,Towers with Radar,135,189,70,1,395,0,23,36,0,59,135,212,106,1,454,0,0,0,454
10/27/2003,IND,IN,AGL,CE,Towers with Radar,146,229,85,2,462,0,18,37,0,55,146,247,122,2,517,0,0,0,517
10/28/2003,IND,IN,AGL,CE,Towers with Radar,264,288,108,4,664,0,0,64,3,67,264,288,172,7,731,0,0,0,731
10/29/2003,IND,IN,AGL,CE,Towers with Radar,265,293,109,1,668,0,3,51,0,54,265,296,160,1,722,0,0,0,722
10/30/2003,IND,IN,AGL,CE,Towers with Radar,262,291,109,2,664,0,0,36,0,36,262,291,145,2,700,0,0,0,700
10/31/2003,IND,IN,AGL,CE,Towers with Radar,250,270,100,3,623,20,0,8,0,28,270,270,108,3,651,0,0,0,651
11/01/2003,IND,IN,AGL,CE,Towers with Radar,194,202,50,3,449,0,0,0,2,2,194,202,50,5,451,0,0,0,451
11/02/2003,IND,IN,AGL,CE,Towers with Radar,149,189,53,2,393,0,27,0,3,30,149,216,53,5,423,0,0,0,423
11/03/2003,IND,IN,AGL,CE,Towers with Radar,163,223,70,2,458,0,27,14,0,41,163,250,84,2,499,0,0,0,499
11/04/2003,IND,IN,AGL,CE,Towers with Radar,270,272,94,2,638,34,0,29,0,63,304,272,123,2,701,0,0,0,701
11/05/2003,IND,IN,AGL,CE,Towers with Radar,277,273,96,4,650,6,0,43,1,50,283,273,139,5,700,0,0,0,700
11/06/2003,IND,IN,AGL,CE,Towers with Radar,272,281,94,4,651,0,0,20,3,23,272,281,114,7,674,0,0,0,674
11/07/2003,IND,IN,AGL,CE,Towers with Radar,273,284,95,4,656,6,0,17,3,26,279,284,112,7,682,0,0,0,682
11/08/2003,IND,IN,AGL,CE,Towers with Radar,185,206,53,1,445,7,7,0,0,14,192,213,53,1,459,0,0,0,459
11/09/2003,IND,IN,AGL,CE,Towers with Radar,148,173,45,0,366,0,34,0,0,34,148,207,45,0,400,0,0,0,400
11/10/2003,IND,IN,AGL,CE,Towers with Radar,156,228,71,2,457,0,20,36,0,56,156,248,107,2,513,0,0,0,513
11/11/2003,IND,IN,AGL,CE,Towers with Radar,260,263,90,3,616,16,0,19,0,35,276,263,109,3,651,0,0,0,651
11/12/2003,IND,IN,AGL,CE,Towers with Radar,260,257,91,0,608,17,0,37,0,54,277,257,128,0,662,0,0,0,662
11/13/2003,IND,IN,AGL,CE,Towers with Radar,280,310,98,3,691,9,12,13,2,36,289,322,111,5,727,0,0,0,727
11/14/2003,IND,IN,AGL,CE,Towers with Radar,257,278,90,0,625,11,0,4,0,15,268,278,94,0,640,0,0,0,640
11/15/2003,IND,IN,AGL,CE,Towers with Radar,184,204,48,2,438,14,19,0,2,35,198,223,48,4,473,0,0,0,473
11/16/2003,IND,IN,AGL,CE,Towers with Radar,153,190,60,1,404,0,20,5,0,25,153,210,65,1,429,0,0,0,429
11/17/2003,IND,IN,AGL,CE,Towers with Radar,158,181,58,0,397,0,24,19,0,43,158,205,77,0,440,0,0,0,440
11/18/2003,IND,IN,AGL,CE,Towers with Radar,261,268,91,2,622,24,0,47,0,71,285,268,138,2,693,0,0,0,693
11/19/2003,IND,IN,AGL,CE,Towers with Radar,264,274,92,0,630,15,0,53,0,68,279,274,145,0,698,0,0,0,698
11/20/2003,IND,IN,AGL,CE,Towers with Radar,273,275,95,3,646,2,0,29,0,31,275,275,124,3,677,0,0,0,677
11/21/2003,IND,IN,AGL,CE,Towers with Radar,271,268,94,3,636,7,0,102,3,112,278,268,196,6,748,0,0,0,748
11/22/2003,IND,IN,AGL,CE,Towers with Radar,182,200,54,2,438,0,7,0,0,7,182,207,54,2,445,0,0,0,445
11/23/2003,IND,IN,AGL,CE,Towers with Radar,151,166,43,1,361,6,36,0,3,45,157,202,43,4,406,0,0,0,406
11/24/2003,IND,IN,AGL,CE,Towers with Radar,159,199,64,2,424,0,34,34,2,70,159,233,98,4,494,0,0,0,494
11/25/2003,IND,IN,AGL,CE,Towers with Radar,278,308,101,3,690,0,0,36,1,37,278,308,137,4,727,0,0,0,727
11/26/2003,IND,IN,AGL,CE,Towers with Radar,273,273,90,3,639,4,0,0,1,5,277,273,90,4,644,0,0,0,644
11/27/2003,IND,IN,AGL,CE,Towers with Radar,146,160,22,1,329,23,21,0,0,44,169,181,22,1,373,0,0,0,373
11/28/2003,IND,IN,AGL,CE,Towers with Radar,135,148,35,0,318,50,15,0,0,65,185,163,35,0,383,0,0,0,383
11/29/2003,IND,IN,AGL,CE,Towers with Radar,163,183,45,1,392,0,36,0,0,36,163,219,45,1,428,0,0,0,428
11/30/2003,IND,IN,AGL,CE,Towers with Radar,161,228,73,0,462,0,2,3,0,5,161,230,76,0,467,0,0,0,467
12/01/2003,IND,IN,AGL,CE,Towers with Radar,160,224,73,2,459,0,10,26,3,39,160,234,99,5,498,0,0,0,498
12/02/2003,IND,IN,AGL,CE,Towers with Radar,275,277,97,2,651,5,0,21,0,26,280,277,118,2,677,0,0,0,677
12/03/2003,IND,IN,AGL,CE,Towers with Radar,285,281,101,0,667,2,0,24,0,26,287,281,125,0,693,0,0,0,693
12/04/2003,IND,IN,AGL,CE,Towers with Radar,270,287,98,3,658,0,0,29,1,30,270,287,127,4,688,0,0,0,688
12/05/2003,IND,IN,AGL,CE,Towers with Radar,240,258,85,0,583,38,3,19,0,60,278,261,104,0,643,0,0,0,643
12/06/2003,IND,IN,AGL,CE,Towers with Radar,197,204,74,2,477,0,0,7,2,9,197,204,81,4,486,0,0,0,486
12/07/2003,IND,IN,AGL,CE,Towers with Radar,144,177,58,2,381,0,23,5,1,29,144,200,63,3,410,0,0,0,410
12/08/2003,IND,IN,AGL,CE,Towers with Radar,160,236,78,1,475,0,10,42,0,52,160,246,120,1,527,0,0,0,527
12/09/2003,IND,IN,AGL,CE,Towers with Radar,282,298,110,2,692,0,0,33,0,33,282,298,143,2,725,0,0,0,725
12/10/2003,IND,IN,AGL,CE,Towers with Radar,283,288,100,3,674,9,0,14,7,30,292,288,114,10,704,0,0,0,704
12/11/2003,IND,IN,AGL,CE,Towers with Radar,286,284,106,2,678,0,0,41,0,41,286,284,147,2,719,0,0,0,719
12/12/2003,IND,IN,AGL,CE,Towers with Radar,294,290,106,1,691,0,0,25,0,25,294,290,131,1,716,0,0,0,716
12/13/2003,IND,IN,AGL,CE,Towers with Radar,177,190,34,1,402,33,20,0,1,54,210,210,34,2,456,0,0,0,456
12/14/2003,IND,IN,AGL,CE,Towers with Radar,154,166,42,1,363,7,33,0,0,40,161,199,42,1,403,0,0,0,403
12/15/2003,IND,IN,AGL,CE,Towers with Radar,137,202,74,0,413,0,0,54,0,54,137,202,128,0,467,0,0,0,467
12/16/2003,IND,IN,AGL,CE,Towers with Radar,274,280,98,0,652,20,0,11,0,31,294,280,109,0,683,0,0,0,683
12/17/2003,IND,IN,AGL,CE,Towers with Radar,285,267,101,2,655,5,0,8,0,13,290,267,109,2,668,0,0,0,668
12/18/2003,IND,IN,AGL,CE,Towers with Radar,271,289,97,1,658,16,6,16,1,39,287,295,113,2,697,0,0,0,697
12/19/2003,IND,IN,AGL,CE,Towers with Radar,260,275,93,1,629,16,0,12,1,29,276,275,105,2,658,0,0,0,658
12/20/2003,IND,IN,AGL,CE,Towers with Radar,216,229,78,1,524,0,0,16,0,16,216,229,94,1,540,0,0,0,540
12/21/2003,IND,IN,AGL,CE,Towers with Radar,159,186,62,1,408,0,20,1,1,22,159,206,63,2,430,0,0,0,430
12/22/2003,IND,IN,AGL,CE,Towers with Radar,158,225,75,1,459,0,8,22,1,31,158,233,97,2,490,0,0,0,490
12/23/2003,IND,IN,AGL,CE,Towers with Radar,250,264,72,0,586,50,0,0,0,50,300,264,72,0,636,0,0,0,636
12/24/2003,IND,IN,AGL,CE,Towers with Radar,213,227,51,0,491,58,1,0,0,59,271,228,51,0,550,0,0,0,550
12/25/2003,IND,IN,AGL,CE,Towers with Radar,109,119,21,0,249,0,45,0,0,45,109,164,21,0,294,0,0,0,294
12/26/2003,IND,IN,AGL,CE,Towers with Radar,172,198,59,1,430,0,12,0,0,12,172,210,59,1,442,0,0,0,442
12/27/2003,IND,IN,AGL,CE,Towers with Radar,164,191,55,1,411,0,13,0,1,14,164,204,55,2,425,0,0,0,425
12/28/2003,IND,IN,AGL,CE,Towers with Radar,157,167,24,0,348,15,29,0,0,44,172,196,24,0,392,0,0,0,392
12/29/2003,IND,IN,AGL,CE,Towers with Radar,163,184,50,0,397,0,10,0,0,10,163,194,50,0,407,0,0,0,407
12/30/2003,IND,IN,AGL,CE,Towers with Radar,222,237,60,1,520,39,7,0,4,50,261,244,60,5,570,0,0,0,570
12/31/2003,IND,IN,AGL,CE,Towers with Radar,176,188,31,1,396,64,27,0,0,91,240,215,31,1,487,0,0,0,487
01/01/2004,IND,IN,AGL,CE,Towers with Radar,144,167,21,0,332,20,16,0,0,36,164,183,21,0,368,0,0,0,368
01/02/2004,IND,IN,AGL,CE,Towers with Radar,160,185,46,0,391,41,0,0,0,41,201,185,46,0,432,0,0,0,432
01/03/2004,IND,IN,AGL,CE,Towers with Radar,169,198,42,2,411,0,0,0,0,0,169,198,42,2,411,0,0,0,411
01/04/2004,IND,IN,AGL,CE,Towers with Radar,128,149,28,0,305,24,35,0,0,59,152,184,28,0,364,0,0,0,364
01/05/2004,IND,IN,AGL,CE,Towers with Radar,185,205,60,3,453,0,0,11,4,15,185,205,71,7,468,0,0,0,468
01/06/2004,IND,IN,AGL,CE,Towers with Radar,242,253,78,2,575,19,0,7,0,26,261,253,85,2,601,0,0,0,601
01/07/2004,IND,IN,AGL,CE,Towers with Radar,252,280,83,2,617,0,0,37,0,37,252,280,120,2,654,0,0,0,654
01/08/2004,IND,IN,AGL,CE,Towers with Radar,250,282,81,3,616,0,0,18,1,19,250,282,99,4,635,0,0,0,635
01/09/2004,IND,IN,AGL,CE,Towers with Radar,244,272,78,3,597,6,0,1,1,8,250,272,79,4,605,0,0,0,605
01/10/2004,IND,IN,AGL,CE,Towers with Radar,178,212,39,2,431,0,2,0,4,6,178,214,39,6,437,0,0,0,437
01/11/2004,IND,IN,AGL,CE,Towers with Radar,154,182,39,2,377,0,25,0,4,29,154,207,39,6,406,0,0,0,406
01/12/2004,IND,IN,AGL,CE,Towers with Radar,150,226,63,2,441,0,5,4,0,9,150,231,67,2,450,0,0,0,450
01/13/2004,IND,IN,AGL,CE,Towers with Radar,160,233,64,0,457,0,14,15,0,29,160,247,79,0,486,0,0,0,486
01/14/2004,IND,IN,AGL,CE,Towers with Radar,229,265,73,1,568,18,15,21,0,54,247,280,94,1,622,0,0,0,622
01/15/2004,IND,IN,AGL,CE,Towers with Radar,250,285,88,3,626,0,0,11,0,11,250,285,99,3,637,0,0,0,637
01/16/2004,IND,IN,AGL,CE,Towers with Radar,250,287,81,3,621,0,0,1,0,1,250,287,82,3,622,0,0,0,622
01/17/2004,IND,IN,AGL,CE,Towers with Radar,150,172,31,0,353,40,13,0,0,53,190,185,31,0,406,0,0,0,406
01/18/2004,IND,IN,AGL,CE,Towers with Radar,137,157,27,0,321,2,34,0,0,36,139,191,27,0,357,0,0,0,357
01/19/2004,IND,IN,AGL,CE,Towers with Radar,157,230,66,1,454,0,0,13,0,13,157,230,79,1,467,0,0,0,467
01/20/2004,IND,IN,AGL,CE,Towers with Radar,257,279,86,1,623,0,0,19,0,19,257,279,105,1,642,0,0,0,642
01/21/2004,IND,IN,AGL,CE,Towers with Radar,251,276,86,2,615,0,0,29,2,31,251,276,115,4,646,0,0,0,646
01/22/2004,IND,IN,AGL,CE,Towers with Radar,257,274,84,2,617,0,0,30,4,34,257,274,114,6,651,0,0,0,651
01/23/2004,IND,IN,AGL,CE,Towers with Radar,251,256,82,2,591,0,0,34,5,39,251,256,116,7,630,0,0,0,630
01/24/2004,IND,IN,AGL,CE,Towers with Radar,180,206,46,1,433,2,12,0,3,17,182,218,46,4,450,0,0,0,450
01/25/2004,IND,IN,AGL,CE,Towers with Radar,123,141,26,1,291,13,52,0,2,67,136,193,26,3,358,0,0,0,358
01/26/2004,IND,IN,AGL,CE,Towers with Radar,137,177,50,0,364,0,42,20,0,62,137,219,70,0,426,0,0,0,426
01/27/2004,IND,IN,AGL,CE,Towers with Radar,211,242,68,2,523,46,4,18,0,68,257,246,86,2,591,0,0,0,591
01/28/2004,IND,IN,AGL,CE,Towers with Radar,256,265,83,2,606,0,0,39,1,40,256,265,122,3,646,0,0,0,646
01/29/2004,IND,IN,AGL,CE,Towers with Radar,247,284,83,2,616,0,0,12,1,13,247,284,95,3,629,0,0,0,629
01/30/2004,IND,IN,AGL,CE,Towers with Radar,259,293,84,1,637,0,0,9,0,9,259,293,93,1,646,0,0,0,646
01/31/2004,IND,IN,AGL,CE,Towers with Radar,168,192,41,1,402,11,15,0,1,27,179,207,41,2,429,0,0,0,429
02/01/2004,IND,IN,AGL,CE,Towers with Radar,137,163,26,2,328,7,43,0,0,50,144,206,26,2,378,0,0,0,378
02/02/2004,IND,IN,AGL,CE,Towers with Radar,139,189,56,1,385,0,50,10,0,60,139,239,66,1,445,0,0,0,445
02/03/2004,IND,IN,AGL,CE,Towers with Radar,235,279,83,4,601,20,1,3,0,24,255,280,86,4,625,0,0,0,625
02/04/2004,IND,IN,AGL,CE,Towers with Radar,257,285,97,6,645,0,0,50,2,52,257,285,147,8,697,0,0,0,697
02/05/2004,IND,IN,AGL,CE,Towers with Radar,221,262,78,0,561,35,7,14,0,56,256,269,92,0,617,0,0,0,617
02/06/2004,IND,IN,AGL,CE,Towers with Radar,237,278,83,5,603,14,0,2,1,17,251,278,85,6,620,0,0,0,620
02/07/2004,IND,IN,AGL,CE,Towers with Radar,157,186,27,1,371,25,30,0,0,55,182,216,27,1,426,0,0,0,426
02/08/2004,IND,IN,AGL,CE,Towers with Radar,131,172,32,3,338,0,30,0,0,30,131,202,32,3,368,0,0,0,368
02/09/2004,IND,IN,AGL,CE,Towers with Radar,149,236,70,4,459,0,8,9,0,17,149,244,79,4,476,0,0,0,476
02/10/2004,IND,IN,AGL,CE,Towers with Radar,249,270,88,3,610,0,0,4,0,4,249,270,92,3,614,0,0,0,614
02/11/2004,IND,IN,AGL,CE,Towers with Radar,255,272,90,4,621,2,0,19,0,21,257,272,109,4,642,0,0,0,642
02/12/2004,IND,IN,AGL,CE,Towers with Radar,261,279,92,5,637,12,0,17,1,30,273,279,109,6,667,0,0,0,667
02/13/2004,IND,IN,AGL,CE,Towers with Radar,255,302,81,5,643,21,3,0,7,31,276,305,81,12,674,0,0,0,674
02/14/2004,IND,IN,AGL,CE,Towers with Radar,165,196,58,4,423,16,7,4,7,34,181,203,62,11,457,0,0,0,457
02/15/2004,IND,IN,AGL,CE,Towers with Radar,148,174,47,3,372,3,23,0,3,29,151,197,47,6,401,0,0,0,401
02/16/2004,IND,IN,AGL,CE,Towers with Radar,164,239,77,5,485,0,0,11,1,12,164,239,88,6,497,0,0,0,497
02/17/2004,IND,IN,AGL,CE,Towers with Radar,251,280,89,0,620,8,0,22,0,30,259,280,111,0,650,0,0,0,650
02/18/2004,IND,IN,AGL,CE,Towers with Radar,254,287,96,5,642,0,0,26,10,36,254,287,122,15,678,0,0,0,678
02/19/2004,IND,IN,AGL,CE,Towers with Radar,265,294,96,5,660,0,0,19,2,21,265,294,115,7,681,0,0,0,681
02/20/2004,IND,IN,AGL,CE,Towers with Radar,262,279,96,4,641,0,0,10,0,10,262,279,106,4,651,0,0,0,651
02/21/2004,IND,IN,AGL,CE,Towers with Radar,156,183,44,0,383,29,25,0,0,54,185,208,44,0,437,0,0,0,437
02/22/2004,IND,IN,AGL,CE,Towers with Radar,150,202,60,1,413,0,20,7,0,27,150,222,67,1,440,0,0,0,440
02/23/2004,IND,IN,AGL,CE,Towers with Radar,156,189,57,1,403,0,69,58,0,127,156,258,115,1,530,0,0,0,530
02/24/2004,IND,IN,AGL,CE,Towers with Radar,258,281,91,1,631,6,0,15,0,21,264,281,106,1,652,0,0,0,652
02/25/2004,IND,IN,AGL,CE,Towers with Radar,268,298,97,3,666,0,0,19,0,19,268,298,116,3,685,0,0,0,685
02/26/2004,IND,IN,AGL,CE,Towers with Radar,262,284,93,4,643,0,0,24,9,33,262,284,117,13,676,0,0,0,676
02/27/2004,IND,IN,AGL,CE,Towers with Radar,253,282,90,4,629,28,0,26,3,57,281,282,116,7,686,0,0,0,686
02/28/2004,IND,IN,AGL,CE,Towers with Radar,178,208,63,1,450,2,12,1,0,15,180,220,64,1,465,0,0,0,465
02/29/2004,IND,IN,AGL,CE,Towers with Radar,150,181,46,1,378,0,17,0,0,17,150,198,46,1,395,0,0,0,395
03/01/2004,IND,IN,AGL,CE,Towers with Radar,170,232,71,2,475,0,6,14,0,20,170,238,85,2,495,0,0,0,495
03/02/2004,IND,IN,AGL,CE,Towers with Radar,255,289,91,5,640,0,0,22,0,22,255,289,113,5,662,0,0,0,662
03/03/2004,IND,IN,AGL,CE,Towers with Radar,264,300,99,6,669,0,0,5,3,8,264,300,104,9,677,0,0,0,677
03/04/2004,IND,IN,AGL,CE,Towers with Radar,245,284,86,5,620,28,20,6,0,54,273,304,92,5,674,0,0,0,674
03/05/2004,IND,IN,AGL,CE,Towers with Radar,222,258,78,5,563,43,1,5,1,50,265,259,83,6,613,0,0,0,613
03/06/2004,IND,IN,AGL,CE,Towers with Radar,176,212,46,2,436,0,6,0,0,6,176,218,46,2,442,0,0,0,442
03/07/2004,IND,IN,AGL,CE,Towers with Radar,137,160,19,3,319,13,41,0,6,60,150,201,19,9,379,0,0,0,379
03/08/2004,IND,IN,AGL,CE,Towers with Radar,158,226,68,0,452,0,32,7,0,39,158,258,75,0,491,0,0,0,491
03/09/2004,IND,IN,AGL,CE,Towers with Radar,249,266,87,3,605,10,0,35,0,45,259,266,122,3,650,0,0,0,650
03/10/2004,IND,IN,AGL,CE,Towers with Radar,268,290,94,6,658,2,0,37,3,42,270,290,131,9,700,0,0,0,700
03/11/2004,IND,IN,AGL,CE,Towers with Radar,256,283,90,3,632,15,0,25,0,40,271,283,115,3,672,0,0,0,672
03/12/2004,IND,IN,AGL,CE,Towers with Radar,265,281,93,6,645,10,0,39,5,54,275,281,132,11,699,0,0,0,699
03/13/2004,IND,IN,AGL,CE,Towers with Radar,181,210,63,3,457,5,17,8,0,30,186,227,71,3,487,0,0,0,487
03/14/2004,IND,IN,AGL,CE,Towers with Radar,147,173,42,3,365,0,45,0,0,45,147,218,42,3,410,0,0,0,410
03/15/2004,IND,IN,AGL,CE,Towers with Radar,163,224,68,4,459,0,16,6,2,24,163,240,74,6,483,0,0,0,483
03/16/2004,IND,IN,AGL,CE,Towers with Radar,225,262,79,1,567,22,15,24,0,61,247,277,103,1,628,0,0,0,628
03/17/2004,IND,IN,AGL,CE,Towers with Radar,253,275,90,4,622,17,0,2,0,19,270,275,92,4,641,0,0,0,641
03/18/2004,IND,IN,AGL,CE,Towers with Radar,259,299,92,3,653,13,4,12,0,29,272,303,104,3,682,0,0,0,682
03/19/2004,IND,IN,AGL,CE,Towers with Radar,286,286,95,5,672,1,0,0,5,6,287,286,95,10,678,0,0,0,678
03/20/2004,IND,IN,AGL,CE,Towers with Radar,169,194,30,2,395,12,21,0,0,33,181,215,30,2,428,0,0,0,428
03/21/2004,IND,IN,AGL,CE,Towers with Radar,158,193,48,3,402,0,13,0,7,20,158,206,48,10,422,0,0,0,422
03/22/2004,IND,IN,AGL,CE,Towers with Radar,150,240,74,2,466,0,31,22,0,53,150,271,96,2,519,0,0,0,519
03/23/2004,IND,IN,AGL,CE,Towers with Radar,264,295,96,3,658,0,0,33,0,33,264,295,129,3,691,0,0,0,691
03/24/2004,IND,IN,AGL,CE,Towers with Radar,265,285,94,5,649,2,0,30,4,36,267,285,124,9,685,0,0,0,685
03/25/2004,IND,IN,AGL,CE,Towers with Radar,272,292,96,5,665,1,0,27,0,28,273,292,123,5,693,0,0,0,693
03/26/2004,IND,IN,AGL,CE,Towers with Radar,242,270,85,4,601,26,0,5,1,32,268,270,90,5,633,0,0,0,633
03/27/2004,IND,IN,AGL,CE,Towers with Radar,184,217,69,1,471,0,0,0,0,0,184,217,69,1,471,0,0,0,471
03/28/2004,IND,IN,AGL,CE,Towers with Radar,157,187,58,0,402,0,20,6,0,26,157,207,64,0,428,0,0,0,428
03/29/2004,IND,IN,AGL,CE,Towers with Radar,164,219,67,3,453,0,13,24,1,38,164,232,91,4,491,0,0,0,491
03/30/2004,IND,IN,AGL,CE,Towers with Radar,244,275,86,4,609,15,0,4,1,20,259,275,90,5,629,0,0,0,629
03/31/2004,IND,IN,AGL,CE,Towers with Radar,248,270,88,4,610,20,0,9,3,32,268,270,97,7,642,0,0,0,642
04/01/2004,IND,IN,AGL,CE,Towers with Radar,256,281,79,4,620,13,0,0,6,19,269,281,79,10,639,0,0,0,639
04/02/2004,IND,IN,AGL,CE,Towers with Radar,253,285,83,4,625,15,0,0,2,17,268,285,83,6,642,0,0,0,642
04/03/2004,IND,IN,AGL,CE,Towers with Radar,179,213,62,2,456,0,14,0,0,14,179,227,62,2,470,0,0,0,470
04/04/2004,IND,IN,AGL,CE,Towers with Radar,155,178,51,2,386,4,22,0,0,26,159,200,51,2,412,0,0,0,412
04/05/2004,IND,IN,AGL,CE,Towers with Radar,162,207,65,3,437,0,21,25,1,47,162,228,90,4,484,0,0,0,484
04/06/2004,IND,IN,AGL,CE,Towers with Radar,255,278,91,3,627,6,0,17,0,23,261,278,108,3,650,0,0,0,650
04/07/2004,IND,IN,AGL,CE,Towers with Radar,247,283,88,0,618,12,1,20,0,33,259,284,108,0,651,0,0,0,651
04/08/2004,IND,IN,AGL,CE,Towers with Radar,247,282,88,3,620,21,12,6,0,39,268,294,94,3,659,0,0,0,659
04/09/2004,IND,IN,AGL,CE,Towers with Radar,236,270,64,3,573,22,2,0,0,24,258,272,64,3,597,0,0,0,597
04/10/2004,IND,IN,AGL,CE,Towers with Radar,171,196,49,0,416,6,5,0,0,11,177,201,49,0,427,0,0,0,427
04/11/2004,IND,IN,AGL,CE,Towers with Radar,152,175,27,0,354,4,25,0,0,29,156,200,27,0,383,0,0,0,383
04/12/2004,IND,IN,AGL,CE,Towers with Radar,156,210,66,0,432,0,25,27,0,52,156,235,93,0,484,0,0,0,484
04/13/2004,IND,IN,AGL,CE,Towers with Radar,231,263,84,2,580,36,0,15,0,51,267,263,99,2,631,0,0,0,631
04/14/2004,IND,IN,AGL,CE,Towers with Radar,267,279,100,4,650,0,0,36,0,36,267,279,136,4,686,0,0,0,686
04/15/2004,IND,IN,AGL,CE,Towers with Radar,266,286,102,5,659,0,0,27,0,27,266,286,129,5,686,0,0,0,686
04/16/2004,IND,IN,AGL,CE,Towers with Radar,267,277,98,2,644,0,0,27,0,27,267,277,125,2,671,0,0,0,671
04/17/2004,IND,IN,AGL,CE,Towers with Radar,180,204,65,2,451,1,0,4,1,6,181,204,69,3,457,0,0,0,457
04/18/2004,IND,IN,AGL,CE,Towers with Radar,157,178,57,2,394,0,24,2,0,26,157,202,59,2,420,0,0,0,420
04/19/2004,IND,IN,AGL,CE,Towers with Radar,161,228,72,2,463,0,17,19,0,36,161,245,91,2,499,0,0,0,499
04/20/2004,IND,IN,AGL,CE,Towers with Radar,244,277,88,3,612,11,4,15,0,30,255,281,103,3,642,0,0,0,642
04/21/2004,IND,IN,AGL,CE,Towers with Radar,256,289,92,1,638,11,0,21,0,32,267,289,113,1,670,0,0,0,670
04/22/2004,IND,IN,AGL,CE,Towers with Radar,265,284,97,3,649,0,0,26,5,31,265,284,123,8,680,0,0,0,680
04/23/2004,IND,IN,AGL,CE,Towers with Radar,272,281,98,3,654,0,0,11,8,19,272,281,109,11,673,0,0,0,673
04/24/2004,IND,IN,AGL,CE,Towers with Radar,173,196,42,0,411,12,5,0,0,17,185,201,42,0,428,0,0,0,428
04/25/2004,IND,IN,AGL,CE,Towers with Radar,155,175,45,2,377,7,16,0,4,27,162,191,45,6,404,0,0,0,404
04/26/2004,IND,IN,AGL,CE,Towers with Radar,154,209,66,2,431,0,32,22,4,58,154,241,88,6,489,0,0,0,489
04/27/2004,IND,IN,AGL,CE,Towers with Radar,260,295,94,2,651,4,1,51,0,56,264,296,145,2,707,0,0,0,707
04/28/2004,IND,IN,AGL,CE,Towers with Radar,252,294,93,3,642,0,6,43,0,49,252,300,136,3,691,0,0,0,691
04/29/2004,IND,IN,AGL,CE,Towers with Radar,266,289,101,3,659,0,0,51,0,51,266,289,152,3,710,0,0,0,710
04/30/2004,IND,IN,AGL,CE,Towers with Radar,257,295,93,3,648,0,0,24,4,28,257,295,117,7,676,0,0,0,676
05/01/2004,IND,IN,AGL,CE,Towers with Radar,154,178,45,0,377,26,9,0,0,35,180,187,45,0,412,0,0,0,412
05/02/2004,IND,IN,AGL,CE,Towers with Radar,152,177,37,3,369,3,14,0,2,19,155,191,37,5,388,0,0,0,388
05/03/2004,IND,IN,AGL,CE,Towers with Radar,154,199,76,0,429,0,26,9,0,35,154,225,85,0,464,0,0,0,464
05/04/2004,IND,IN,AGL,CE,Towers with Radar,236,274,97,5,612,34,0,0,1,35,270,274,97,6,647,0,0,0,647
05/05/2004,IND,IN,AGL,CE,Towers with Radar,267,291,119,5,682,8,0,33,0,41,275,291,152,5,723,0,0,0,723
05/06/2004,IND,IN,AGL,CE,Towers with Radar,261,300,116,5,682,14,0,17,5,36,275,300,133,10,718,0,0,0,718
05/07/2004,IND,IN,AGL,CE,Towers with Radar,246,285,110,5,646,25,0,8,0,33,271,285,118,5,679,0,0,0,679
05/08/2004,IND,IN,AGL,CE,Towers with Radar,174,202,71,2,449,0,3,0,0,3,174,205,71,2,452,0,0,0,452
05/09/2004,IND,IN,AGL,CE,Towers with Radar,153,178,42,0,373,10,20,0,0,30,163,198,42,0,403,0,0,0,403
05/10/2004,IND,IN,AGL,CE,Towers with Radar,162,213,81,2,458,0,19,29,0,48,162,232,110,2,506,0,0,0,506
05/11/2004,IND,IN,AGL,CE,Towers with Radar,254,290,113,3,660,0,0,14,0,14,254,290,127,3,674,0,0,0,674
05/12/2004,IND,IN,AGL,CE,Towers with Radar,245,286,113,5,649,0,0,23,3,26,245,286,136,8,675,0,0,0,675
05/13/2004,IND,IN,AGL,CE,Towers with Radar,269,309,120,5,703,17,0,9,1,27,286,309,129,6,730,0,0,0,730
05/14/2004,IND,IN,AGL,CE,Towers with Radar,230,267,92,5,594,28,8,0,1,37,258,275,92,6,631,0,0,0,631
05/15/2004,IND,IN,AGL,CE,Towers with Radar,186,200,83,4,473,0,0,0,1,1,186,200,83,5,474,0,0,0,474
05/16/2004,IND,IN,AGL,CE,Towers with Radar,156,207,80,3,446,0,1,16,0,17,156,208,96,3,463,0,0,0,463
05/17/2004,IND,IN,AGL,CE,Towers with Radar,150,220,86,4,460,0,8,41,4,53,150,228,127,8,513,0,0,0,513
05/18/2004,IND,IN,AGL,CE,Towers with Radar,238,275,107,5,625,21,3,10,0,34,259,278,117,5,659,0,0,0,659
05/19/2004,IND,IN,AGL,CE,Towers with Radar,263,288,116,4,671,0,0,0,4,4,263,288,116,8,675,0,0,0,675
05/20/2004,IND,IN,AGL,CE,Towers with Radar,260,284,116,4,664,12,0,2,2,16,272,284,118,6,680,0,0,0,680
05/21/2004,IND,IN,AGL,CE,Towers with Radar,265,283,118,4,670,11,0,22,0,33,276,283,140,4,703,0,0,0,703
05/22/2004,IND,IN,AGL,CE,Towers with Radar,177,204,73,3,457,18,14,0,2,34,195,218,73,5,491,0,0,0,491
05/23/2004,IND,IN,AGL,CE,Towers with Radar,142,164,47,2,355,13,25,0,0,38,155,189,47,2,393,0,0,0,393
05/24/2004,IND,IN,AGL,CE,Towers with Radar,153,233,90,3,479,0,28,25,2,55,153,261,115,5,534,0,0,0,534
05/25/2004,IND,IN,AGL,CE,Towers with Radar,248,285,111,1,645,8,5,8,0,21,256,290,119,1,666,0,0,0,666
05/26/2004,IND,IN,AGL,CE,Towers with Radar,258,291,115,4,668,2,0,29,1,32,260,291,144,5,700,0,0,0,700
05/27/2004,IND,IN,AGL,CE,Towers with Radar,174,236,96,0,506,0,0,50,0,50,174,236,146,0,556,0,0,0,556
05/28/2004,IND,IN,AGL,CE,Towers with Radar,267,299,126,5,697,0,0,24,1,25,267,299,150,6,722,0,0,0,722
05/29/2004,IND,IN,AGL,CE,Towers with Radar,180,207,82,3,472,0,0,24,5,29,180,207,106,8,501,0,0,0,501
05/30/2004,IND,IN,AGL,CE,Towers with Radar,136,160,67,2,365,0,0,84,3,87,136,160,151,5,452,0,0,0,452
05/31/2004,IND,IN,AGL,CE,Towers with Radar,194,228,88,3,513,0,4,17,1,22,194,232,105,4,535,0,0,0,535
06/01/2004,IND,IN,AGL,CE,Towers with Radar,163,219,75,4,461,0,39,58,1,98,163,258,133,5,559,0,0,0,559
06/02/2004,IND,IN,AGL,CE,Towers with Radar,238,294,101,4,637,17,12,7,0,36,255,306,108,4,673,0,0,0,673
06/03/2004,IND,IN,AGL,CE,Towers with Radar,245,281,103,4,633,17,0,34,0,51,262,281,137,4,684,0,0,0,684
06/04/2004,IND,IN,AGL,CE,Towers with Radar,236,292,99,5,632,19,6,14,7,46,255,298,113,12,678,0,0,0,678
06/05/2004,IND,IN,AGL,CE,Towers with Radar,150,186,50,3,389,26,34,0,3,63,176,220,50,6,452,0,0,0,452
06/06/2004,IND,IN,AGL,CE,Towers with Radar,143,177,55,2,377,5,32,0,0,37,148,209,55,2,414,0,0,0,414
06/07/2004,IND,IN,AGL,CE,Towers with Radar,151,239,81,4,475,0,7,26,0,33,151,246,107,4,508,0,0,0,508
06/08/2004,IND,IN,AGL,CE,Towers with Radar,213,264,89,1,567,39,12,18,0,69,252,276,107,1,636,0,0,0,636
06/09/2004,IND,IN,AGL,CE,Towers with Radar,236,291,99,5,631,20,7,31,1,59,256,298,130,6,690,0,0,0,690
06/10/2004,IND,IN,AGL,CE,Towers with Radar,207,256,87,0,550,48,20,1,0,69,255,276,88,0,619,0,0,0,619
06/11/2004,IND,IN,AGL,CE,Towers with Radar,232,272,90,5,599,48,0,0,0,48,280,272,90,5,647,0,0,0,647
06/12/2004,IND,IN,AGL,CE,Towers with Radar,166,205,38,2,411,11,24,0,0,35,177,229,38,2,446,0,0,0,446
06/13/2004,IND,IN,AGL,CE,Towers with Radar,148,194,62,2,406,0,15,0,0,15,148,209,62,2,421,0,0,0,421
06/14/2004,IND,IN,AGL,CE,Towers with Radar,175,234,79,2,490,0,16,25,0,41,175,250,104,2,531,0,0,0,531
06/15/2004,IND,IN,AGL,CE,Towers with Radar,256,303,107,6,672,0,0,6,2,8,256,303,113,8,680,0,0,0,680
06/16/2004,IND,IN,AGL,CE,Towers with Radar,251,284,105,4,644,9,0,18,0,27,260,284,123,4,671,0,0,0,671
06/17/2004,IND,IN,AGL,CE,Towers with Radar,255,302,108,6,671,0,0,22,6,28,255,302,130,12,699,0,0,0,699
06/18/2004,IND,IN,AGL,CE,Towers with Radar,266,289,111,5,671,0,0,27,8,35,266,289,138,13,706,0,0,0,706
06/19/2004,IND,IN,AGL,CE,Towers with Radar,168,224,75,3,470,0,9,0,3,12,168,233,75,6,482,0,0,0,482
06/20/2004,IND,IN,AGL,CE,Towers with Radar,153,255,87,4,499,0,4,85,9,98,153,259,172,13,597,0,0,0,597
06/21/2004,IND,IN,AGL,CE,Towers with Radar,155,226,78,2,461,0,18,32,0,50,155,244,110,2,511,0,0,0,511
06/22/2004,IND,IN,AGL,CE,Towers with Radar,243,279,102,1,625,17,0,13,0,30,260,279,115,1,655,0,0,0,655
06/23/2004,IND,IN,AGL,CE,Towers with Radar,257,297,111,5,670,0,0,33,0,33,257,297,144,5,703,0,0,0,703
06/24/2004,IND,IN,AGL,CE,Towers with Radar,247,298,104,2,651,16,0,19,0,35,263,298,123,2,686,0,0,0,686
06/25/2004,IND,IN,AGL,CE,Towers with Radar,247,283,78,3,611,2,0,0,0,2,249,283,78,3,613,0,0,0,613
06/26/2004,IND,IN,AGL,CE,Towers with Radar,172,210,61,3,446,2,7,0,0,9,174,217,61,3,455,0,0,0,455
06/27/2004,IND,IN,AGL,CE,Towers with Radar,147,199,55,1,402,0,6,0,0,6,147,205,55,1,408,18,0,18,426
06/28/2004,IND,IN,AGL,CE,Towers with Radar,155,235,81,0,471,0,4,24,0,28,155,239,105,0,499,0,0,0,499
06/29/2004,IND,IN,AGL,CE,Towers with Radar,249,294,105,4,652,6,0,19,1,26,255,294,124,5,678,0,0,0,678
06/30/2004,IND,IN,AGL,CE,Towers with Radar,245,288,105,4,642,0,0,30,0,30,245,288,135,4,672,0,0,0,672
07/01/2004,IND,IN,AGL,CE,Towers with Radar,242,288,87,5,622,17,0,28,0,45,259,288,115,5,667,0,0,0,667
07/02/2004,IND,IN,AGL,CE,Towers with Radar,243,283,85,5,616,20,0,0,0,20,263,283,85,5,636,0,0,0,636
07/03/2004,IND,IN,AGL,CE,Towers with Radar,134,162,26,1,323,38,20,0,0,58,172,182,26,1,381,0,0,0,381
07/04/2004,IND,IN,AGL,CE,Towers with Radar,122,145,30,2,299,8,0,0,0,8,130,145,30,2,307,0,0,0,307
07/05/2004,IND,IN,AGL,CE,Towers with Radar,132,187,37,1,357,0,23,0,0,23,132,210,37,1,380,0,0,0,380
07/06/2004,IND,IN,AGL,CE,Towers with Radar,170,226,67,2,465,0,4,26,0,30,170,230,93,2,495,0,0,0,495
07/07/2004,IND,IN,AGL,CE,Towers with Radar,254,282,91,2,629,0,0,16,0,16,254,282,107,2,645,0,0,0,645
07/08/2004,IND,IN,AGL,CE,Towers with Radar,250,301,90,2,643,11,2,12,0,25,261,303,102,2,668,0,0,0,668
07/09/2004,IND,IN,AGL,CE,Towers with Radar,212,255,74,5,546,31,15,0,1,47,243,270,74,6,593,0,0,0,593
07/10/2004,IND,IN,AGL,CE,Towers with Radar,156,189,41,4,390,22,22,0,1,45,178,211,41,5,435,0,0,0,435
07/11/2004,IND,IN,AGL,CE,Towers with Radar,135,163,47,3,348,10,42,0,1,53,145,205,47,4,401,0,0,0,401
07/12/2004,IND,IN,AGL,CE,Towers with Radar,150,224,67,0,441,0,16,25,0,41,150,240,92,0,482,0,0,0,482
07/13/2004,IND,IN,AGL,CE,Towers with Radar,244,271,88,5,608,7,0,48,5,60,251,271,136,10,668,0,0,0,668
07/14/2004,IND,IN,AGL,CE,Towers with Radar,245,263,88,5,601,0,0,23,11,34,245,263,111,16,635,0,0,0,635
07/15/2004,IND,IN,AGL,CE,Towers with Radar,256,292,92,6,646,6,0,61,1,68,262,292,153,7,714,0,0,0,714
07/16/2004,IND,IN,AGL,CE,Towers with Radar,232,276,83,4,595,17,0,0,0,17,249,276,83,4,612,0,0,0,612
07/17/2004,IND,IN,AGL,CE,Towers with Radar,166,198,39,0,403,24,15,0,0,39,190,213,39,0,442,0,0,0,442
07/18/2004,IND,IN,AGL,CE,Towers with Radar,146,206,63,3,418,0,0,6,1,7,146,206,69,4,425,0,0,0,425
07/19/2004,IND,IN,AGL,CE,Towers with Radar,149,239,72,3,463,0,8,68,0,76,149,247,140,3,539,0,0,0,539
07/20/2004,IND,IN,AGL,CE,Towers with Radar,236,282,85,2,605,14,0,39,0,53,250,282,124,2,658,0,0,0,658
07/21/2004,IND,IN,AGL,CE,Towers with Radar,237,275,87,4,603,0,0,36,4,40,237,275,123,8,643,0,0,0,643
07/22/2004,IND,IN,AGL,CE,Towers with Radar,251,287,91,4,633,33,0,27,1,61,284,287,118,5,694,0,0,0,694
07/23/2004,IND,IN,AGL,CE,Towers with Radar,241,280,78,4,603,21,0,0,2,23,262,280,78,6,626,0,0,0,626
07/24/2004,IND,IN,AGL,CE,Towers with Radar,165,197,60,1,423,2,29,0,0,31,167,226,60,1,454,0,0,0,454
07/25/2004,IND,IN,AGL,CE,Towers with Radar,150,191,34,2,377,0,19,0,0,19,150,210,34,2,396,0,0,0,396
07/26/2004,IND,IN,AGL,CE,Towers with Radar,149,245,74,4,472,0,2,24,1,27,149,247,98,5,499,0,0,0,499
07/27/2004,IND,IN,AGL,CE,Towers with Radar,179,248,76,3,506,0,0,38,0,38,179,248,114,3,544,0,0,0,544
07/28/2004,IND,IN,AGL,CE,Towers with Radar,249,294,89,3,635,0,0,20,0,20,249,294,109,3,655,0,0,0,655
07/29/2004,IND,IN,AGL,CE,Towers with Radar,257,299,96,5,657,0,0,13,3,16,257,299,109,8,673,0,0,0,673
07/30/2004,IND,IN,AGL,CE,Towers with Radar,246,276,83,4,609,5,0,0,5,10,251,276,83,9,619,0,0,0,619
07/31/2004,IND,IN,AGL,CE,Towers with Radar,175,210,42,3,430,0,0,0,0,0,175,210,42,3,430,0,0,0,430
08/01/2004,IND,IN,AGL,CE,Towers with Radar,143,211,66,4,424,0,13,0,3,16,143,224,66,7,440,0,0,0,440
08/02/2004,IND,IN,AGL,CE,Towers with Radar,154,224,77,3,458,0,15,11,0,26,154,239,88,3,484,0,0,0,484
08/03/2004,IND,IN,AGL,CE,Towers with Radar,234,292,102,5,633,27,0,6,1,34,261,292,108,6,667,0,0,0,667
08/04/2004,IND,IN,AGL,CE,Towers with Radar,229,278,100,1,608,29,0,22,0,51,258,278,122,1,659,0,0,0,659
08/05/2004,IND,IN,AGL,CE,Towers with Radar,273,306,122,6,707,0,0,84,2,86,273,306,206,8,793,0,0,0,793
08/06/2004,IND,IN,AGL,CE,Towers with Radar,255,298,110,6,669,26,0,65,3,94,281,298,175,9,763,0,0,0,763
08/07/2004,IND,IN,AGL,CE,Towers with Radar,182,209,95,6,492,0,0,0,0,0,182,209,95,6,492,0,0,0,492
08/08/2004,IND,IN,AGL,CE,Towers with Radar,153,237,96,5,491,0,0,143,0,143,153,237,239,5,634,0,0,0,634
08/09/2004,IND,IN,AGL,CE,Towers with Radar,159,234,79,2,474,0,20,30,0,50,159,254,109,2,524,0,0,0,524
08/10/2004,IND,IN,AGL,CE,Towers with Radar,224,271,95,5,595,27,0,0,1,28,251,271,95,6,623,0,0,0,623
08/11/2004,IND,IN,AGL,CE,Towers with Radar,257,291,114,6,668,0,0,8,2,10,257,291,122,8,678,0,0,0,678
08/12/2004,IND,IN,AGL,CE,Towers with Radar,252,311,108,4,675,4,0,17,0,21,256,311,125,4,696,0,0,0,696
08/13/2004,IND,IN,AGL,CE,Towers with Radar,251,283,108,2,644,10,0,4,0,14,261,283,112,2,658,0,0,0,658
08/14/2004,IND,IN,AGL,CE,Towers with Radar,157,200,54,3,414,7,14,0,0,21,164,214,54,3,435,0,0,0,435
08/15/2004,IND,IN,AGL,CE,Towers with Radar,145,189,48,3,385,0,55,0,0,55,145,244,48,3,440,0,0,0,440
08/16/2004,IND,IN,AGL,CE,Towers with Radar,148,244,82,4,478,0,23,30,0,53,148,267,112,4,531,0,0,0,531
08/17/2004,IND,IN,AGL,CE,Towers with Radar,229,281,99,4,613,26,0,20,3,49,255,281,119,7,662,0,0,0,662
08/18/2004,IND,IN,AGL,CE,Towers with Radar,245,318,108,4,675,0,4,3,6,13,245,322,111,10,688,0,0,0,688
08/19/2004,IND,IN,AGL,CE,Towers with Radar,248,316,102,3,669,0,2,0,0,2,248,318,102,3,671,0,0,0,671
08/20/2004,IND,IN,AGL,CE,Towers with Radar,223,282,64,4,573,31,21,0,0,52,254,303,64,4,625,0,0,0,625
08/21/2004,IND,IN,AGL,CE,Towers with Radar,165,209,46,3,423,0,20,0,0,20,165,229,46,3,443,0,0,0,443
08/22/2004,IND,IN,AGL,CE,Towers with Radar,145,195,66,3,409,0,45,1,1,47,145,240,67,4,456,0,0,0,456
08/23/2004,IND,IN,AGL,CE,Towers with Radar,148,236,81,2,467,0,32,36,0,68,148,268,117,2,535,0,0,0,535
08/24/2004,IND,IN,AGL,CE,Towers with Radar,240,277,104,4,625,21,0,54,1,76,261,277,158,5,701,0,0,0,701
08/25/2004,IND,IN,AGL,CE,Towers with Radar,252,301,112,2,667,0,0,0,0,0,252,301,112,2,667,0,0,0,667
08/26/2004,IND,IN,AGL,CE,Towers with Radar,230,290,96,4,620,18,35,0,0,53,248,325,96,4,673,0,0,0,673
08/27/2004,IND,IN,AGL,CE,Towers with Radar,244,307,67,4,622,15,0,0,3,18,259,307,67,7,640,0,0,0,640
08/28/2004,IND,IN,AGL,CE,Towers with Radar,152,192,45,2,391,25,21,0,0,46,177,213,45,2,437,0,0,0,437
08/29/2004,IND,IN,AGL,CE,Towers with Radar,149,196,35,3,383,0,20,0,1,21,149,216,35,4,404,0,0,0,404
08/30/2004,IND,IN,AGL,CE,Towers with Radar,153,233,80,3,469,0,21,30,2,53,153,254,110,5,522,0,0,0,522
08/31/2004,IND,IN,AGL,CE,Towers with Radar,242,301,105,3,651,18,0,13,0,31,260,301,118,3,682,0,0,0,682
09/01/2004,IND,IN,AGL,CE,Towers with Radar,249,300,96,5,650,18,0,34,4,56,267,300,130,9,706,0,0,0,706
09/02/2004,IND,IN,AGL,CE,Towers with Radar,260,323,101,3,687,0,0,26,0,26,260,323,127,3,713,0,0,0,713
09/03/2004,IND,IN,AGL,CE,Towers with Radar,266,293,94,0,653,0,0,0,0,0,266,293,94,0,653,0,0,0,653
09/04/2004,IND,IN,AGL,CE,Towers with Radar,153,196,37,3,389,0,0,0,2,2,153,196,37,5,391,0,0,0,391
09/05/2004,IND,IN,AGL,CE,Towers with Radar,103,138,34,2,277,0,8,0,0,8,103,146,34,2,285,0,0,0,285
09/06/2004,IND,IN,AGL,CE,Towers with Radar,130,181,50,1,362,0,18,0,0,18,130,199,50,1,380,0,0,0,380
09/07/2004,IND,IN,AGL,CE,Towers with Radar,163,229,71,2,465,0,35,28,0,63,163,264,99,2,528,0,0,0,528
09/08/2004,IND,IN,AGL,CE,Towers with Radar,245,287,95,3,630,19,0,4,0,23,264,287,99,3,653,0,0,0,653
09/09/2004,IND,IN,AGL,CE,Towers with Radar,274,313,106,5,698,0,0,15,3,18,274,313,121,8,716,0,0,0,716
09/10/2004,IND,IN,AGL,CE,Towers with Radar,268,309,105,3,685,0,0,41,0,41,268,309,146,3,726,0,0,0,726
09/11/2004,IND,IN,AGL,CE,Towers with Radar,169,217,53,1,440,0,19,0,0,19,169,236,53,1,459,0,0,0,459
09/12/2004,IND,IN,AGL,CE,Towers with Radar,156,212,67,3,438,0,13,2,9,24,156,225,69,12,462,0,0,0,462
09/13/2004,IND,IN,AGL,CE,Towers with Radar,158,234,74,4,470,0,5,27,4,36,158,239,101,8,506,0,0,0,506
09/14/2004,IND,IN,AGL,CE,Towers with Radar,239,297,94,5,635,11,0,25,1,37,250,297,119,6,672,0,0,0,672
09/15/2004,IND,IN,AGL,CE,Towers with Radar,243,284,95,3,625,11,0,38,0,49,254,284,133,3,674,0,0,0,674
09/16/2004,IND,IN,AGL,CE,Towers with Radar,264,293,104,4,665,0,0,21,4,25,264,293,125,8,690,0,0,0,690
09/17/2004,IND,IN,AGL,CE,Towers with Radar,245,274,95,2,616,28,0,18,0,46,273,274,113,2,662,0,0,0,662
09/18/2004,IND,IN,AGL,CE,Towers with Radar,176,216,53,3,448,3,9,0,0,12,179,225,53,3,460,0,0,0,460
09/19/2004,IND,IN,AGL,CE,Towers with Radar,163,200,51,2,416,2,17,0,1,20,165,217,51,3,436,0,0,0,436
09/20/2004,IND,IN,AGL,CE,Towers with Radar,160,227,72,3,462,0,27,46,2,75,160,254,118,5,537,0,0,0,537
09/21/2004,IND,IN,AGL,CE,Towers with Radar,240,287,93,4,624,17,0,30,2,49,257,287,123,6,673,0,0,0,673
09/22/2004,IND,IN,AGL,CE,Towers with Radar,243,289,95,4,631,17,0,34,1,52,260,289,129,5,683,0,0,0,683
09/23/2004,IND,IN,AGL,CE,Towers with Radar,252,309,98,4,663,11,3,18,2,34,263,312,116,6,697,0,0,0,697
09/24/2004,IND,IN,AGL,CE,Towers with Radar,252,301,98,4,655,7,0,9,3,19,259,301,107,7,674,0,0,0,674
09/25/2004,IND,IN,AGL,CE,Towers with Radar,157,193,52,2,404,11,24,0,3,38,168,217,52,5,442,0,0,0,442
09/26/2004,IND,IN,AGL,CE,Towers with Radar,134,195,62,2,393,0,21,30,1,52,134,216,92,3,445,0,0,0,445
09/27/2004,IND,IN,AGL,CE,Towers with Radar,153,220,70,3,446,0,27,43,0,70,153,247,113,3,516,0,0,0,516
09/28/2004,IND,IN,AGL,CE,Towers with Radar,230,283,88,2,603,30,11,14,0,55,260,294,102,2,658,0,0,0,658
09/29/2004,IND,IN,AGL,CE,Towers with Radar,248,305,84,4,641,12,11,0,0,23,260,316,84,4,664,0,0,0,664
09/30/2004,IND,IN,AGL,CE,Towers with Radar,261,318,101,1,681,8,0,42,0,50,269,318,143,1,731,0,0,0,731
10/01/2004,IND,IN,AGL,CE,Towers with Radar,274,300,79,5,658,0,0,16,0,16,274,300,95,5,674,0,0,0,674
10/02/2004,IND,IN,AGL,CE,Towers with Radar,178,224,45,1,448,0,0,2,0,2,178,224,47,1,450,0,0,0,450
10/03/2004,IND,IN,AGL,CE,Towers with Radar,173,238,41,2,454,0,0,4,0,4,173,238,45,2,458,0,0,0,458
10/04/2004,IND,IN,AGL,CE,Towers with Radar,189,267,84,3,543,0,0,8,0,8,189,267,92,3,551,0,0,0,551
10/05/2004,IND,IN,AGL,CE,Towers with Radar,281,319,93,5,698,0,2,18,0,20,281,321,111,5,718,0,0,0,718
10/06/2004,IND,IN,AGL,CE,Towers with Radar,280,319,109,8,716,0,0,0,0,0,280,319,109,8,716,0,0,0,716
10/07/2004,IND,IN,AGL,CE,Towers with Radar,284,320,106,4,714,0,0,28,1,29,284,320,134,5,743,0,0,0,743
10/08/2004,IND,IN,AGL,CE,Towers with Radar,287,303,77,5,672,0,0,8,0,8,287,303,85,5,680,0,0,0,680
10/09/2004,IND,IN,AGL,CE,Towers with Radar,188,217,39,2,446,0,0,9,0,9,188,217,48,2,455,0,0,0,455
10/10/2004,IND,IN,AGL,CE,Towers with Radar,164,208,56,1,429,0,0,21,0,21,164,208,77,1,450,0,0,0,450
10/11/2004,IND,IN,AGL,CE,Towers with Radar,186,240,75,2,503,0,0,10,0,10,186,240,85,2,513,0,0,0,513
10/12/2004,IND,IN,AGL,CE,Towers with Radar,278,303,99,7,687,0,1,10,2,13,278,304,109,9,700,0,0,0,700
10/13/2004,IND,IN,AGL,CE,Towers with Radar,291,301,71,3,666,0,0,0,1,1,291,301,71,4,667,0,0,0,667
10/14/2004,IND,IN,AGL,CE,Towers with Radar,292,355,123,11,781,0,0,2,0,2,292,355,125,11,783,0,0,0,783
10/15/2004,IND,IN,AGL,CE,Towers with Radar,295,317,90,2,704,0,0,2,0,2,295,317,92,2,706,0,0,0,706
10/16/2004,IND,IN,AGL,CE,Towers with Radar,185,237,40,4,466,0,0,0,0,0,185,237,40,4,466,0,0,0,466
10/17/2004,IND,IN,AGL,CE,Towers with Radar,176,239,84,6,505,0,1,9,0,10,176,240,93,6,515,0,0,0,515
10/18/2004,IND,IN,AGL,CE,Towers with Radar,179,272,51,1,503,0,0,3,0,3,179,272,54,1,506,0,0,0,506
10/19/2004,IND,IN,AGL,CE,Towers with Radar,289,330,88,3,710,0,0,2,0,2,289,330,90,3,712,0,0,0,712
10/20/2004,IND,IN,AGL,CE,Towers with Radar,289,339,121,6,755,0,0,0,0,0,289,339,121,6,755,0,0,0,755
10/21/2004,IND,IN,AGL,CE,Towers with Radar,289,341,121,3,754,0,0,4,0,4,289,341,125,3,758,0,0,0,758
10/22/2004,IND,IN,AGL,CE,Towers with Radar,286,324,98,7,715,0,0,18,1,19,286,324,116,8,734,0,0,0,734
10/23/2004,IND,IN,AGL,CE,Towers with Radar,185,228,42,3,458,0,0,3,0,3,185,228,45,3,461,0,0,0,461
10/24/2004,IND,IN,AGL,CE,Towers with Radar,174,233,56,11,474,1,0,18,3,22,175,233,74,14,496,0,0,0,496
10/25/2004,IND,IN,AGL,CE,Towers with Radar,193,297,88,0,578,0,1,21,0,22,193,298,109,0,600,0,0,0,600
10/26/2004,IND,IN,AGL,CE,Towers with Radar,290,307,91,2,690,0,0,15,0,15,290,307,106,2,705,0,0,0,705
10/27/2004,IND,IN,AGL,CE,Towers with Radar,302,332,106,2,742,0,0,3,0,3,302,332,109,2,745,0,0,0,745
10/28/2004,IND,IN,AGL,CE,Towers with Radar,286,345,97,6,734,0,0,9,1,10,286,345,106,7,744,0,0,0,744
10/29/2004,IND,IN,AGL,CE,Towers with Radar,282,306,62,6,656,0,0,5,0,5,282,306,67,6,661,0,0,0,661
10/30/2004,IND,IN,AGL,CE,Towers with Radar,194,230,26,1,451,0,0,0,0,0,194,230,26,1,451,0,0,0,451
10/31/2004,IND,IN,AGL,CE,Towers with Radar,159,266,41,0,466,0,2,15,0,17,159,268,56,0,483,0,0,0,483
11/01/2004,IND,IN,AGL,CE,Combined TRACON& Tower with Radar,165,308,55,2,530,0,0,1,0,1,165,308,56,2,531,0,0,0,531
11/02/2004,IND,IN,AGL,CE,Combined TRACON& Tower with Radar,271,352,85,1,709,0,0,0,0,0,271,352,85,1,709,0,0,0,709
11/03/2004,IND,IN,AGL,CE,Combined TRACON& Tower with Radar,285,347,106,3,741,0,0,9,0,9,285,347,115,3,750,0,0,0,750
11/04/2004,IND,IN,AGL,CE,Combined TRACON& Tower with Radar,278,353,107,4,742,0,0,4,0,4,278,353,111,4,746,0,0,0,746
11/05/2004,IND,IN,AGL,CE,Combined TRACON& Tower with Radar,271,343,86,7,707,0,0,19,0,19,271,343,105,7,726,0,0,0,726
11/06/2004,IND,IN,AGL,CE,Combined TRACON& Tower with Radar,189,272,48,2,511,0,1,5,0,6,189,273,53,2,517,0,0,0,517
11/07/2004,IND,IN,AGL,CE,Combined TRACON& Tower with Radar,156,250,43,4,453,0,0,0,0,0,156,250,43,4,453,0,0,0,453
11/08/2004,IND,IN,AGL,CE,Combined TRACON& Tower with Radar,164,298,81,5,548,0,0,23,0,23,164,298,104,5,571,0,0,0,571
11/09/2004,IND,IN,AGL,CE,Combined TRACON& Tower with Radar,272,348,126,3,749,0,0,22,2,24,272,348,148,5,773,0,0,0,773
11/10/2004,IND,IN,AGL,CE,Combined TRACON& Tower with Radar,272,362,128,5,767,0,0,18,0,18,272,362,146,5,785,0,0,0,785
11/11/2004,IND,IN,AGL,CE,Combined TRACON& Tower with Radar,266,331,82,8,687,0,0,2,0,2,266,331,84,8,689,0,0,0,689
11/12/2004,IND,IN,AGL,CE,Combined TRACON& Tower with Radar,271,333,59,2,665,0,0,5,0,5,271,333,64,2,670,0,0,0,670
11/13/2004,IND,IN,AGL,CE,Combined TRACON& Tower with Radar,187,254,28,0,469,0,0,0,0,0,187,254,28,0,469,0,0,0,469
11/14/2004,IND,IN,AGL,CE,Combined TRACON& Tower with Radar,152,244,45,7,448,0,0,0,0,0,152,244,45,7,448,0,0,0,448
11/15/2004,IND,IN,AGL,CE,Combined TRACON& Tower with Radar,161,295,65,4,525,0,0,10,0,10,161,295,75,4,535,0,0,0,535
11/16/2004,IND,IN,AGL,CE,Combined TRACON& Tower with Radar,278,345,101,6,730,0,0,9,0,9,278,345,110,6,739,0,0,0,739
11/17/2004,IND,IN,AGL,CE,Combined TRACON& Tower with Radar,282,356,102,3,743,0,0,11,0,11,282,356,113,3,754,0,0,0,754
11/18/2004,IND,IN,AGL,CE,Combined TRACON& Tower with Radar,279,371,107,4,761,0,0,9,0,9,279,371,116,4,770,0,0,0,770
11/19/2004,IND,IN,AGL,CE,Combined TRACON& Tower with Radar,281,354,81,4,720,0,0,2,0,2,281,354,83,4,722,0,0,0,722
11/20/2004,IND,IN,AGL,CE,Combined TRACON& Tower with Radar,193,262,58,0,513,0,0,4,0,4,193,262,62,0,517,0,0,0,517
11/21/2004,IND,IN,AGL,CE,Combined TRACON& Tower with Radar,159,231,40,0,430,0,0,5,0,5,159,231,45,0,435,0,0,0,435
11/22/2004,IND,IN,AGL,CE,Combined TRACON& Tower with Radar,163,282,71,6,522,0,0,12,0,12,163,282,83,6,534,0,0,0,534
11/23/2004,IND,IN,AGL,CE,Combined TRACON& Tower with Radar,279,342,108,2,731,0,0,2,0,2,279,342,110,2,733,0,0,0,733
11/24/2004,IND,IN,AGL,CE,Combined TRACON& Tower with Radar,296,336,53,0,685,0,0,1,0,1,296,336,54,0,686,0,0,0,686
11/25/2004,IND,IN,AGL,CE,Combined TRACON& Tower with Radar,187,220,25,0,432,0,0,9,0,9,187,220,34,0,441,0,0,0,441
11/26/2004,IND,IN,AGL,CE,Combined TRACON& Tower with Radar,189,201,41,1,432,0,0,2,2,4,189,201,43,3,436,0,0,0,436
11/27/2004,IND,IN,AGL,CE,Combined TRACON& Tower with Radar,170,241,30,0,441,0,0,0,0,0,170,241,30,0,441,0,0,0,441
11/28/2004,IND,IN,AGL,CE,Combined TRACON& Tower with Radar,157,264,53,0,474,0,0,6,0,6,157,264,59,0,480,0,0,0,480
11/29/2004,IND,IN,AGL,CE,Combined TRACON& Tower with Radar,172,289,75,2,538,0,1,10,0,11,172,290,85,2,549,0,0,0,549
11/30/2004,IND,IN,AGL,CE,Combined TRACON& Tower with Radar,291,348,85,2,726,0,0,1,0,1,291,348,86,2,727,0,0,0,727
12/01/2004,IND,IN,AGL,CE,Combined TRACON& Tower with Radar,293,368,93,0,754,1,0,25,0,26,294,368,118,0,780,0,0,0,780
12/02/2004,IND,IN,AGL,CE,Combined TRACON& Tower with Radar,295,349,98,3,745,0,0,31,0,31,295,349,129,3,776,0,0,0,776
12/03/2004,IND,IN,AGL,CE,Combined TRACON& Tower with Radar,291,334,96,0,721,0,0,17,0,17,291,334,113,0,738,0,0,0,738
12/04/2004,IND,IN,AGL,CE,Combined TRACON& Tower with Radar,196,252,43,5,496,0,0,10,0,10,196,252,53,5,506,0,0,0,506
12/05/2004,IND,IN,AGL,CE,Combined TRACON& Tower with Radar,153,218,43,0,414,0,0,1,0,1,153,218,44,0,415,0,0,0,415
12/06/2004,IND,IN,AGL,CE,Combined TRACON& Tower with Radar,159,261,75,3,498,0,0,4,0,4,159,261,79,3,502,0,0,0,502
12/07/2004,IND,IN,AGL,CE,Combined TRACON& Tower with Radar,300,346,72,4,722,0,0,2,0,2,300,346,74,4,724,0,0,0,724
12/08/2004,IND,IN,AGL,CE,Combined TRACON& Tower with Radar,293,347,126,1,767,0,1,7,1,9,293,348,133,2,776,0,0,0,776
12/09/2004,IND,IN,AGL,CE,Combined TRACON& Tower with Radar,303,336,156,1,796,0,0,8,2,10,303,336,164,3,806,0,0,0,806
12/10/2004,IND,IN,AGL,CE,Combined TRACON& Tower with Radar,297,324,115,4,740,0,0,2,0,2,297,324,117,4,742,0,0,0,742
12/11/2004,IND,IN,AGL,CE,Combined TRACON& Tower with Radar,200,263,60,3,526,0,0,0,2,2,200,263,60,5,528,0,0,0,528
12/12/2004,IND,IN,AGL,CE,Combined TRACON& Tower with Radar,159,247,29,6,441,0,0,1,0,1,159,247,30,6,442,0,0,0,442
12/13/2004,IND,IN,AGL,CE,Combined TRACON& Tower with Radar,169,275,75,2,521,0,0,3,0,3,169,275,78,2,524,0,0,0,524
12/14/2004,IND,IN,AGL,CE,Combined TRACON& Tower with Radar,302,339,96,1,738,2,1,7,0,10,304,340,103,1,748,0,0,0,748
12/15/2004,IND,IN,AGL,CE,Combined TRACON& Tower with Radar,311,355,111,4,781,2,0,15,0,17,313,355,126,4,798,0,0,0,798
12/16/2004,IND,IN,AGL,CE,Combined TRACON& Tower with Radar,303,350,101,8,762,0,0,15,1,16,303,350,116,9,778,0,0,0,778
12/17/2004,IND,IN,AGL,CE,Combined TRACON& Tower with Radar,301,340,85,2,728,0,0,15,0,15,301,340,100,2,743,0,0,0,743
12/18/2004,IND,IN,AGL,CE,Combined TRACON& Tower with Radar,212,261,34,4,511,0,0,7,0,7,212,261,41,4,518,0,0,0,518
12/19/2004,IND,IN,AGL,CE,Combined TRACON& Tower with Radar,167,245,30,0,442,0,0,4,0,4,167,245,34,0,446,0,0,0,446
12/20/2004,IND,IN,AGL,CE,Combined TRACON& Tower with Radar,158,311,74,6,549,0,0,12,0,12,158,311,86,6,561,0,0,0,561
12/21/2004,IND,IN,AGL,CE,Combined TRACON& Tower with Radar,293,370,93,4,760,0,0,13,0,13,293,370,106,4,773,0,0,0,773
12/22/2004,IND,IN,AGL,CE,Combined TRACON& Tower with Radar,291,322,58,0,671,1,0,3,0,4,292,322,61,0,675,0,0,0,675
12/23/2004,IND,IN,AGL,CE,Combined TRACON& Tower with Radar,258,264,61,4,587,0,0,4,0,4,258,264,65,4,591,0,0,0,591
12/24/2004,IND,IN,AGL,CE,Combined TRACON& Tower with Radar,263,269,46,0,578,1,0,12,0,13,264,269,58,0,591,0,0,0,591
12/25/2004,IND,IN,AGL,CE,Combined TRACON& Tower with Radar,123,189,9,0,321,0,0,3,0,3,123,189,12,0,324,0,0,0,324
12/26/2004,IND,IN,AGL,CE,Combined TRACON& Tower with Radar,167,208,34,1,410,0,0,1,0,1,167,208,35,1,411,0,0,0,411
12/27/2004,IND,IN,AGL,CE,Combined TRACON& Tower with Radar,170,284,38,7,499,0,0,6,0,6,170,284,44,7,505,0,0,0,505
12/28/2004,IND,IN,AGL,CE,Combined TRACON& Tower with Radar,278,319,35,0,632,0,0,3,0,3,278,319,38,0,635,0,0,0,635
12/29/2004,IND,IN,AGL,CE,Combined TRACON& Tower with Radar,272,338,53,4,667,0,0,10,0,10,272,338,63,4,677,0,0,0,677
12/30/2004,IND,IN,AGL,CE,Combined TRACON& Tower with Radar,279,298,45,0,622,1,0,3,0,4,280,298,48,0,626,0,0,0,626
12/31/2004,IND,IN,AGL,CE,Combined TRACON& Tower with Radar,263,260,29,3,555,0,0,3,0,3,263,260,32,3,558,0,0,0,558
01/01/2005,IND,IN,AGL,CE,Combined TRACON& Tower with Radar,136,195,14,0,345,0,0,0,0,0,136,195,14,0,345,0,0,0,345
01/02/2005,IND,IN,AGL,CE,Combined TRACON& Tower with Radar,162,236,42,0,440,0,0,0,0,0,162,236,42,0,440,0,0,0,440
01/03/2005,IND,IN,AGL,CE,Combined TRACON& Tower with Radar,157,236,42,0,435,5,0,0,0,5,162,236,42,0,440,0,0,0,440
01/04/2005,IND,IN,AGL,CE,Combined TRACON& Tower with Radar,281,317,100,1,699,0,0,0,0,0,281,317,100,1,699,0,0,0,699
01/05/2005,IND,IN,AGL,CE,Combined TRACON& Tower with Radar,287,297,57,3,644,0,0,0,0,0,287,297,57,3,644,0,0,0,644
01/06/2005,IND,IN,AGL,CE,Combined TRACON& Tower with Radar,284,332,68,2,686,0,0,2,0,2,284,332,70,2,688,0,0,0,688
01/07/2005,IND,IN,AGL,CE,Combined TRACON& Tower with Radar,271,353,78,3,705,1,0,13,0,14,272,353,91,3,719,0,0,0,719
01/08/2005,IND,IN,AGL,CE,Combined TRACON& Tower with Radar,170,243,28,1,442,0,0,1,0,1,170,243,29,1,443,0,0,0,443
01/09/2005,IND,IN,AGL,CE,Combined TRACON& Tower with Radar,148,245,53,3,449,0,0,8,0,8,148,245,61,3,457,0,0,0,457
01/10/2005,IND,IN,AGL,CE,Combined TRACON& Tower with Radar,155,296,88,1,540,0,0,1,0,1,155,296,89,1,541,0,0,0,541
01/11/2005,IND,IN,AGL,CE,Combined TRACON& Tower with Radar,279,324,62,0,665,0,0,0,0,0,279,324,62,0,665,0,0,0,665
01/12/2005,IND,IN,AGL,CE,Combined TRACON& Tower with Radar,300,387,109,6,802,0,0,16,0,16,300,387,125,6,818,0,0,0,818
01/13/2005,IND,IN,AGL,CE,Combined TRACON& Tower with Radar,288,373,76,0,737,0,0,0,0,0,288,373,76,0,737,0,0,0,737
01/14/2005,IND,IN,AGL,CE,Combined TRACON& Tower with Radar,277,357,88,1,723,0,0,13,0,13,277,357,101,1,736,0,0,0,736
01/15/2005,IND,IN,AGL,CE,Combined TRACON& Tower with Radar,178,271,37,0,486,0,0,16,0,16,178,271,53,0,502,0,0,0,502
01/16/2005,IND,IN,AGL,CE,Combined TRACON& Tower with Radar,149,245,24,2,420,0,0,4,0,4,149,245,28,2,424,0,0,0,424
01/17/2005,IND,IN,AGL,CE,Combined TRACON& Tower with Radar,167,290,64,5,526,0,2,77,0,79,167,292,141,5,605,0,0,0,605
01/18/2005,IND,IN,AGL,CE,Combined TRACON& Tower with Radar,274,346,93,3,716,0,0,10,0,10,274,346,103,3,726,0,0,0,726
01/19/2005,IND,IN,AGL,CE,Combined TRACON& Tower with Radar,296,351,82,0,729,0,0,6,0,6,296,351,88,0,735,0,0,0,735
01/20/2005,IND,IN,AGL,CE,Combined TRACON& Tower with Radar,270,353,78,3,704,0,0,0,0,0,270,353,78,3,704,0,0,0,704
01/21/2005,IND,IN,AGL,CE,Combined TRACON& Tower with Radar,283,374,82,6,745,0,0,7,0,7,283,374,89,6,752,0,0,0,752
01/22/2005,IND,IN,AGL,CE,Combined TRACON& Tower with Radar,186,219,19,0,424,0,0,0,0,0,186,219,19,0,424,0,0,0,424
01/23/2005,IND,IN,AGL,CE,Combined TRACON& Tower with Radar,153,235,24,3,415,0,0,6,0,6,153,235,30,3,421,0,0,0,421
01/24/2005,IND,IN,AGL,CE,Combined TRACON& Tower with Radar,149,303,62,0,514,0,0,9,0,9,149,303,71,0,523,0,0,0,523
01/25/2005,IND,IN,AGL,CE,Combined TRACON& Tower with Radar,277,331,82,9,699,0,0,0,0,0,277,331,82,9,699,0,0,0,699
01/26/2005,IND,IN,AGL,CE,Combined TRACON& Tower with Radar,266,338,95,3,702,0,0,0,0,0,266,338,95,3,702,0,0,0,702
01/27/2005,IND,IN,AGL,CE,Combined TRACON& Tower with Radar,275,366,101,2,744,0,0,12,0,12,275,366,113,2,756,0,0,0,756
01/28/2005,IND,IN,AGL,CE,Combined TRACON& Tower with Radar,282,343,86,1,712,0,0,17,0,17,282,343,103,1,729,0,0,0,729
01/29/2005,IND,IN,AGL,CE,Combined TRACON& Tower with Radar,160,252,28,1,441,0,0,0,0,0,160,252,28,1,441,0,0,0,441
01/30/2005,IND,IN,AGL,CE,Combined TRACON& Tower with Radar,148,254,33,0,435,0,0,11,0,11,148,254,44,0,446,0,0,0,446
01/31/2005,IND,IN,AGL,CE,Combined TRACON& Tower with Radar,163,330,80,0,573,0,0,4,0,4,163,330,84,0,577,0,0,0,577
02/01/2005,IND,IN,AGL,CE,Combined TRACON& Tower with Radar,287,336,90,7,720,0,0,12,0,12,287,336,102,7,732,0,0,0,732
02/02/2005,IND,IN,AGL,CE,Combined TRACON& Tower with Radar,273,334,86,7,700,0,0,5,0,5,273,334,91,7,705,0,0,0,705
02/03/2005,IND,IN,AGL,CE,Combined TRACON& Tower with Radar,289,342,68,8,707,0,0,7,0,7,289,342,75,8,714,0,0,0,714
02/04/2005,IND,IN,AGL,CE,Combined TRACON& Tower with Radar,290,354,94,11,749,0,0,18,0,18,290,354,112,11,767,0,0,0,767
02/05/2005,IND,IN,AGL,CE,Combined TRACON& Tower with Radar,196,263,29,2,490,0,0,0,0,0,196,263,29,2,490,0,0,0,490
02/06/2005,IND,IN,AGL,CE,Combined TRACON& Tower with Radar,155,258,23,8,444,0,0,6,0,6,155,258,29,8,450,0,0,0,450
02/07/2005,IND,IN,AGL,CE,Combined TRACON& Tower with Radar,176,301,95,3,575,0,0,1,0,1,176,301,96,3,576,0,0,0,576
02/08/2005,IND,IN,AGL,CE,Combined TRACON& Tower with Radar,283,347,102,3,735,0,0,0,0,0,283,347,102,3,735,0,0,0,735
02/09/2005,IND,IN,AGL,CE,Combined TRACON& Tower with Radar,280,367,99,3,749,0,0,0,0,0,280,367,99,3,749,0,0,0,749
02/10/2005,IND,IN,AGL,CE,Combined TRACON& Tower with Radar,289,372,91,1,753,0,0,3,1,4,289,372,94,2,757,0,0,0,757
02/11/2005,IND,IN,AGL,CE,Combined TRACON& Tower with Radar,288,364,91,7,750,0,0,10,0,10,288,364,101,7,760,0,0,0,760
02/12/2005,IND,IN,AGL,CE,Combined TRACON& Tower with Radar,206,278,44,17,545,0,0,15,3,18,206,278,59,20,563,0,0,0,563
02/13/2005,IND,IN,AGL,CE,Combined TRACON& Tower with Radar,152,227,38,2,419,0,0,3,0,3,152,227,41,2,422,0,0,0,422
02/14/2005,IND,IN,AGL,CE,Combined TRACON& Tower with Radar,175,314,65,2,556,0,0,2,0,2,175,314,67,2,558,0,0,0,558
02/15/2005,IND,IN,AGL,CE,Combined TRACON& Tower with Radar,280,378,74,3,735,0,0,10,0,10,280,378,84,3,745,0,0,0,745
02/16/2005,IND,IN,AGL,CE,Combined TRACON& Tower with Radar,277,381,85,6,749,0,0,18,0,18,277,381,103,6,767,0,0,0,767
02/17/2005,IND,IN,AGL,CE,Combined TRACON& Tower with Radar,286,391,110,5,792,0,0,0,0,0,286,391,110,5,792,0,0,0,792
02/18/2005,IND,IN,AGL,CE,Combined TRACON& Tower with Radar,284,383,60,6,733,0,0,0,0,0,284,383,60,6,733,14,0,14,747
02/19/2005,IND,IN,AGL,CE,Combined TRACON& Tower with Radar,188,267,47,0,502,0,0,0,0,0,188,267,47,0,502,0,0,0,502
02/20/2005,IND,IN,AGL,CE,Combined TRACON& Tower with Radar,144,251,31,5,431,0,0,0,0,0,144,251,31,5,431,0,0,0,431
02/21/2005,IND,IN,AGL,CE,Combined TRACON& Tower with Radar,165,323,82,1,571,0,0,1,0,1,165,323,83,1,572,0,0,0,572
02/22/2005,IND,IN,AGL,CE,Combined TRACON& Tower with Radar,289,393,107,5,794,0,0,14,1,15,289,393,121,6,809,0,0,0,809
02/23/2005,IND,IN,AGL,CE,Combined TRACON& Tower with Radar,289,388,104,2,783,0,0,23,2,25,289,388,127,4,808,0,0,0,808
02/24/2005,IND,IN,AGL,CE,Combined TRACON& Tower with Radar,274,399,122,4,799,0,0,8,0,8,274,399,130,4,807,0,0,0,807
02/25/2005,IND,IN,AGL,CE,Combined TRACON& Tower with Radar,286,392,115,4,797,0,2,13,0,15,286,394,128,4,812,0,0,0,812
02/26/2005,IND,IN,AGL,CE,Combined TRACON& Tower with Radar,193,280,54,4,531,0,0,8,0,8,193,280,62,4,539,0,0,0,539
02/27/2005,IND,IN,AGL,CE,Combined TRACON& Tower with Radar,148,276,33,1,458,0,0,11,0,11,148,276,44,1,469,0,0,0,469
02/28/2005,IND,IN,AGL,CE,Combined TRACON& Tower with Radar,165,320,69,1,555,0,0,3,1,4,165,320,72,2,559,0,0,0,559
03/01/2005,IND,IN,AGL,CE,Combined TRACON& Tower with Radar,285,387,88,1,761,0,0,2,0,2,285,387,90,1,763,0,0,0,763
03/02/2005,IND,IN,AGL,CE,Combined TRACON& Tower with Radar,227,390,107,2,726,0,0,44,8,52,227,390,151,10,778,0,0,0,778
03/03/2005,IND,IN,AGL,CE,Combined TRACON& Tower with Radar,275,404,106,2,787,0,0,21,3,24,275,404,127,5,811,0,0,0,811
03/04/2005,IND,IN,AGL,CE,Combined TRACON& Tower with Radar,283,372,98,7,760,0,0,7,1,8,283,372,105,8,768,0,0,0,768
03/05/2005,IND,IN,AGL,CE,Combined TRACON& Tower with Radar,173,272,23,2,470,0,0,2,0,2,173,272,25,2,472,0,0,0,472
03/06/2005,IND,IN,AGL,CE,Combined TRACON& Tower with Radar,147,299,54,4,504,0,2,6,0,8,147,301,60,4,512,0,0,0,512
03/07/2005,IND,IN,AGL,CE,Combined TRACON& Tower with Radar,149,335,69,2,555,0,0,3,0,3,149,335,72,2,558,0,0,0,558
03/08/2005,IND,IN,AGL,CE,Combined TRACON& Tower with Radar,269,346,107,5,727,0,0,14,1,15,269,346,121,6,742,0,0,0,742
03/09/2005,IND,IN,AGL,CE,Combined TRACON& Tower with Radar,269,385,97,8,759,1,0,26,0,27,270,385,123,8,786,0,0,0,786
03/10/2005,IND,IN,AGL,CE,Combined TRACON& Tower with Radar,276,383,98,1,758,0,0,5,0,5,276,383,103,1,763,0,0,0,763
03/11/2005,IND,IN,AGL,CE,Combined TRACON& Tower with Radar,285,365,85,1,736,0,0,4,0,4,285,365,89,1,740,0,0,0,740
03/12/2005,IND,IN,AGL,CE,Combined TRACON& Tower with Radar,182,270,29,1,482,0,0,0,0,0,182,270,29,1,482,0,0,0,482
03/13/2005,IND,IN,AGL,CE,Combined TRACON& Tower with Radar,127,263,29,0,419,0,1,5,0,6,127,264,34,0,425,0,0,0,425
03/14/2005,IND,IN,AGL,CE,Combined TRACON& Tower with Radar,153,335,65,4,557,1,1,22,0,24,154,336,87,4,581,0,0,0,581
03/15/2005,IND,IN,AGL,CE,Combined TRACON& Tower with Radar,272,389,111,7,779,0,0,20,0,20,272,389,131,7,799,0,0,0,799
03/16/2005,IND,IN,AGL,CE,Combined TRACON& Tower with Radar,279,398,65,7,749,0,0,17,0,17,279,398,82,7,766,0,0,0,766
03/17/2005,IND,IN,AGL,CE,Combined TRACON& Tower with Radar,267,399,124,1,791,0,0,10,0,10,267,399,134,1,801,0,0,0,801
03/18/2005,IND,IN,AGL,CE,Combined TRACON& Tower with Radar,276,383,91,3,753,0,0,15,1,16,276,383,106,4,769,0,0,0,769
03/19/2005,IND,IN,AGL,CE,Combined TRACON& Tower with Radar,180,281,54,1,516,0,0,3,0,3,180,281,57,1,519,0,0,0,519
03/20/2005,IND,IN,AGL,CE,Combined TRACON& Tower with Radar,130,287,44,5,466,0,0,0,0,0,130,287,44,5,466,0,0,0,466
03/21/2005,IND,IN,AGL,CE,Combined TRACON& Tower with Radar,161,353,60,8,582,0,0,16,4,20,161,353,76,12,602,0,0,0,602
03/22/2005,IND,IN,AGL,CE,Combined TRACON& Tower with Radar,262,378,82,8,730,0,0,2,2,4,262,378,84,10,734,0,0,0,734
03/23/2005,IND,IN,AGL,CE,Combined TRACON& Tower with Radar,263,365,93,8,729,0,0,0,0,0,263,365,93,8,729,0,0,0,729
03/24/2005,IND,IN,AGL,CE,Combined TRACON& Tower with Radar,275,396,131,2,804,0,0,16,0,16,275,396,147,2,820,0,0,0,820
03/25/2005,IND,IN,AGL,CE,Combined TRACON& Tower with Radar,261,344,54,2,661,0,0,1,0,1,261,344,55,2,662,0,0,0,662
03/26/2005,IND,IN,AGL,CE,Combined TRACON& Tower with Radar,173,252,23,3,451,0,0,1,0,1,173,252,24,3,452,0,0,0,452
03/27/2005,IND,IN,AGL,CE,Combined TRACON& Tower with Radar,139,272,21,0,432,0,0,4,0,4,139,272,25,0,436,0,0,0,436
03/28/2005,IND,IN,AGL,CE,Combined TRACON& Tower with Radar,145,319,64,0,528,0,1,8,0,9,145,320,72,0,537,0,0,0,537
03/29/2005,IND,IN,AGL,CE,Combined TRACON& Tower with Radar,264,358,97,5,724,0,1,18,1,20,264,359,115,6,744,0,0,0,744
03/30/2005,IND,IN,AGL,CE,Combined TRACON& Tower with Radar,282,335,86,4,707,0,2,14,1,17,282,337,100,5,724,0,0,0,724
03/31/2005,IND,IN,AGL,CE,Combined TRACON& Tower with Radar,287,334,69,3,693,0,2,13,0,15,287,336,82,3,708,0,0,0,708
04/01/2005,IND,IN,AGL,CE,Combined TRACON& Tower with Radar,270,326,62,9,667,0,0,20,1,21,270,326,82,10,688,0,0,0,688
04/02/2005,IND,IN,AGL,CE,Combined TRACON& Tower with Radar,193,228,40,2,463,0,0,8,0,8,193,228,48,2,471,0,0,0,471
04/03/2005,IND,IN,AGL,CE,Combined TRACON& Tower with Radar,128,236,71,4,439,0,0,7,1,8,128,236,78,5,447,0,0,0,447
04/04/2005,IND,IN,AGL,CE,Combined TRACON& Tower with Radar,138,302,93,5,538,0,0,17,1,18,138,302,110,6,556,0,0,0,556
04/05/2005,IND,IN,AGL,CE,Combined TRACON& Tower with Radar,258,335,101,3,697,0,2,18,0,20,258,337,119,3,717,0,0,0,717
04/06/2005,IND,IN,AGL,CE,Combined TRACON& Tower with Radar,258,333,111,3,705,1,0,20,0,21,259,333,131,3,726,0,0,0,726
04/07/2005,IND,IN,AGL,CE,Combined TRACON& Tower with Radar,254,338,100,1,693,0,0,2,2,4,254,338,102,3,697,0,0,0,697
04/08/2005,IND,IN,AGL,CE,Combined TRACON& Tower with Radar,266,319,85,7,677,0,1,23,0,24,266,320,108,7,701,0,0,0,701
04/09/2005,IND,IN,AGL,CE,Combined TRACON& Tower with Radar,178,241,47,4,470,1,0,9,0,10,179,241,56,4,480,0,0,0,480
04/10/2005,IND,IN,AGL,CE,Combined TRACON& Tower with Radar,145,259,57,1,462,0,0,3,0,3,145,259,60,1,465,0,0,0,465
04/11/2005,IND,IN,AGL,CE,Combined TRACON& Tower with Radar,143,302,92,3,540,60,0,16,0,76,203,302,108,3,616,0,0,0,616
04/12/2005,IND,IN,AGL,CE,Combined TRACON& Tower with Radar,252,328,101,4,685,0,0,4,0,4,252,328,105,4,689,0,0,0,689
04/13/2005,IND,IN,AGL,CE,Combined TRACON& Tower with Radar,262,348,112,6,728,0,0,0,0,0,262,348,112,6,728,0,0,0,728
04/14/2005,IND,IN,AGL,CE,Combined TRACON& Tower with Radar,256,347,101,1,705,1,0,18,3,22,257,347,119,4,727,0,0,0,727
04/15/2005,IND,IN,AGL,CE,Combined TRACON& Tower with Radar,256,334,96,3,689,0,0,45,0,45,256,334,141,3,734,0,0,0,734
04/16/2005,IND,IN,AGL,CE,Combined TRACON& Tower with Radar,155,227,56,10,448,0,0,9,0,9,155,227,65,10,457,0,0,0,457
04/17/2005,IND,IN,AGL,CE,Combined TRACON& Tower with Radar,97,221,30,2,350,0,0,11,1,12,97,221,41,3,362,0,0,0,362
04/18/2005,IND,IN,AGL,CE,Combined TRACON& Tower with Radar,132,296,76,7,511,1,2,22,2,27,133,298,98,9,538,0,0,0,538
04/19/2005,IND,IN,AGL,CE,Combined TRACON& Tower with Radar,257,337,103,8,705,1,0,18,0,19,258,337,121,8,724,0,0,0,724
04/20/2005,IND,IN,AGL,CE,Combined TRACON& Tower with Radar,250,344,95,2,691,0,0,12,1,13,250,344,107,3,704,0,0,0,704
04/21/2005,IND,IN,AGL,CE,Combined TRACON& Tower with Radar,254,350,119,14,737,0,0,6,1,7,254,350,125,15,744,0,0,0,744
04/22/2005,IND,IN,AGL,CE,Combined TRACON& Tower with Radar,250,323,73,4,650,0,0,6,0,6,250,323,79,4,656,0,0,0,656
04/23/2005,IND,IN,AGL,CE,Combined TRACON& Tower with Radar,161,226,40,1,428,0,0,0,0,0,161,226,40,1,428,0,0,0,428
04/24/2005,IND,IN,AGL,CE,Combined TRACON& Tower with Radar,123,240,32,4,399,0,0,4,0,4,123,240,36,4,403,0,0,0,403
04/25/2005,IND,IN,AGL,CE,Combined TRACON& Tower with Radar,134,299,88,2,523,0,0,24,0,24,134,299,112,2,547,0,0,0,547
04/26/2005,IND,IN,AGL,CE,Combined TRACON& Tower with Radar,259,333,91,1,684,0,1,6,0,7,259,334,97,1,691,0,0,0,691
04/27/2005,IND,IN,AGL,CE,Combined TRACON& Tower with Radar,252,333,130,9,724,1,1,18,0,20,253,334,148,9,744,0,0,0,744
04/28/2005,IND,IN,AGL,CE,Combined TRACON& Tower with Radar,251,342,103,0,696,0,1,22,2,25,251,343,125,2,721,0,0,0,721
04/29/2005,IND,IN,AGL,CE,Combined TRACON& Tower with Radar,251,330,90,3,674,0,0,8,0,8,251,330,98,3,682,0,0,0,682
04/30/2005,IND,IN,AGL,CE,Combined TRACON& Tower with Radar,157,234,45,2,438,0,0,11,0,11,157,234,56,2,449,0,0,0,449
05/01/2005,IND,IN,AGL,CE,Combined TRACON& Tower with Radar,126,255,46,4,431,0,7,7,0,14,126,262,53,4,445,0,0,0,445
05/02/2005,IND,IN,AGL,CE,Combined TRACON& Tower with Radar,138,285,75,2,500,0,0,9,1,10,138,285,84,3,510,0,0,0,510
05/03/2005,IND,IN,AGL,CE,Combined TRACON& Tower with Radar,269,333,68,0,670,0,1,28,1,30,269,334,96,1,700,0,0,0,700
05/04/2005,IND,IN,AGL,CE,Combined TRACON& Tower with Radar,272,324,93,5,694,0,0,24,0,24,272,324,117,5,718,0,0,0,718
05/05/2005,IND,IN,AGL,CE,Combined TRACON& Tower with Radar,280,322,82,4,688,0,0,24,1,25,280,322,106,5,713,0,0,0,713
05/06/2005,IND,IN,AGL,CE,Combined TRACON& Tower with Radar,272,322,66,6,666,1,0,17,1,19,273,322,83,7,685,0,0,0,685
05/07/2005,IND,IN,AGL,CE,Combined TRACON& Tower with Radar,167,224,51,2,444,1,0,8,0,9,168,224,59,2,453,0,0,0,453
05/08/2005,IND,IN,AGL,CE,Combined TRACON& Tower with Radar,124,236,38,3,401,0,0,15,1,16,124,236,53,4,417,0,0,0,417
05/09/2005,IND,IN,AGL,CE,Combined TRACON& Tower with Radar,141,283,89,0,513,0,0,5,0,5,141,283,94,0,518,0,0,0,518
05/10/2005,IND,IN,AGL,CE,Combined TRACON& Tower with Radar,255,335,105,3,698,0,0,14,2,16,255,335,119,5,714,0,0,0,714
05/11/2005,IND,IN,AGL,CE,Combined TRACON& Tower with Radar,259,309,119,1,688,0,0,22,0,22,259,309,141,1,710,0,0,0,710
05/12/2005,IND,IN,AGL,CE,Combined TRACON& Tower with Radar,264,350,116,1,731,0,0,23,0,23,264,350,139,1,754,0,0,0,754
05/13/2005,IND,IN,AGL,CE,Combined TRACON& Tower with Radar,259,312,80,3,654,0,0,11,1,12,259,312,91,4,666,0,0,0,666
05/14/2005,IND,IN,AGL,CE,Combined TRACON& Tower with Radar,173,238,56,5,472,1,0,2,0,3,174,238,58,5,475,0,0,0,475
05/15/2005,IND,IN,AGL,CE,Combined TRACON& Tower with Radar,130,260,53,4,447,0,0,8,0,8,130,260,61,4,455,0,0,0,455
05/16/2005,IND,IN,AGL,CE,Combined TRACON& Tower with Radar,137,284,72,3,496,1,1,12,0,14,138,285,84,3,510,0,0,0,510
05/17/2005,IND,IN,AGL,CE,Combined TRACON& Tower with Radar,260,331,102,6,699,0,0,22,0,22,260,331,124,6,721,0,0,0,721
05/18/2005,IND,IN,AGL,CE,Combined TRACON& Tower with Radar,264,356,126,12,758,2,0,18,0,20,266,356,144,12,778,0,0,0,778
05/19/2005,IND,IN,AGL,CE,Combined TRACON& Tower with Radar,266,315,77,4,662,0,0,3,0,3,266,315,80,4,665,0,0,0,665
05/20/2005,IND,IN,AGL,CE,Combined TRACON& Tower with Radar,261,324,82,2,669,1,0,6,1,8,262,324,88,3,677,0,0,0,677
05/21/2005,IND,IN,AGL,CE,Combined TRACON& Tower with Radar,168,251,51,3,473,0,0,0,0,0,168,251,51,3,473,0,0,0,473
05/22/2005,IND,IN,AGL,CE,Combined TRACON& Tower with Radar,135,244,37,1,417,1,0,5,0,6,136,244,42,1,423,0,0,0,423
05/23/2005,IND,IN,AGL,CE,Combined TRACON& Tower with Radar,142,316,79,2,539,0,0,16,0,16,142,316,95,2,555,0,0,0,555
05/24/2005,IND,IN,AGL,CE,Combined TRACON& Tower with Radar,259,328,119,5,711,0,0,18,1,19,259,328,137,6,730,0,0,0,730
05/25/2005,IND,IN,AGL,CE,Combined TRACON& Tower with Radar,259,338,94,5,696,0,0,22,0,22,259,338,116,5,718,0,0,0,718
05/26/2005,IND,IN,AGL,CE,Combined TRACON& Tower with Radar,269,341,91,6,707,0,0,26,4,30,269,341,117,10,737,0,0,0,737
05/27/2005,IND,IN,AGL,CE,Combined TRACON& Tower with Radar,281,349,100,3,733,0,2,22,0,24,281,351,122,3,757,0,0,0,757
05/28/2005,IND,IN,AGL,CE,Combined TRACON& Tower with Radar,171,238,66,3,478,0,0,13,0,13,171,238,79,3,491,0,0,0,491
05/29/2005,IND,IN,AGL,CE,Combined TRACON& Tower with Radar,127,256,185,8,576,0,0,12,0,12,127,256,197,8,588,0,0,0,588
05/30/2005,IND,IN,AGL,CE,Combined TRACON& Tower with Radar,170,285,62,0,517,0,0,9,0,9,170,285,71,0,526,0,0,0,526
05/31/2005,IND,IN,AGL,CE,Combined TRACON& Tower with Radar,151,285,71,0,507,19,0,0,0,19,170,285,71,0,526,0,0,0,526
06/01/2005,IND,IN,AGL,CE,Combined TRACON& Tower with Radar,267,336,104,3,710,0,0,21,0,21,267,336,125,3,731,0,0,0,731
06/02/2005,IND,IN,AGL,CE,Combined TRACON& Tower with Radar,274,344,95,8,721,0,0,7,0,7,274,344,102,8,728,0,0,0,728
06/03/2005,IND,IN,AGL,CE,Combined TRACON& Tower with Radar,267,317,89,3,676,0,0,0,0,0,267,317,89,3,676,0,0,0,676
06/04/2005,IND,IN,AGL,CE,Combined TRACON& Tower with Radar,170,260,52,2,484,0,0,8,0,8,170,260,60,2,492,0,0,0,492
06/05/2005,IND,IN,AGL,CE,Combined TRACON& Tower with Radar,133,232,19,4,388,0,0,3,0,3,133,232,22,4,391,0,0,0,391
06/06/2005,IND,IN,AGL,CE,Combined TRACON& Tower with Radar,133,276,66,2,477,1,1,8,0,10,134,277,74,2,487,0,0,0,487
06/07/2005,IND,IN,AGL,CE,Combined TRACON& Tower with Radar,268,332,82,7,689,0,0,27,0,27,268,332,109,7,716,0,0,0,716
06/08/2005,IND,IN,AGL,CE,Combined TRACON& Tower with Radar,275,329,96,1,701,0,0,11,2,13,275,329,107,3,714,0,0,0,714
06/09/2005,IND,IN,AGL,CE,Combined TRACON& Tower with Radar,269,332,108,1,710,1,1,9,0,11,270,333,117,1,721,0,0,0,721
06/10/2005,IND,IN,AGL,CE,Combined TRACON& Tower with Radar,271,330,71,2,674,0,0,15,2,17,271,330,86,4,691,0,0,0,691
06/11/2005,IND,IN,AGL,CE,Combined TRACON& Tower with Radar,179,239,35,1,454,0,0,2,0,2,179,239,37,1,456,0,0,0,456
06/12/2005,IND,IN,AGL,CE,Combined TRACON& Tower with Radar,136,236,32,1,405,0,0,0,0,0,136,236,32,1,405,0,0,0,405
06/13/2005,IND,IN,AGL,CE,Combined TRACON& Tower with Radar,155,295,87,2,539,0,0,7,0,7,155,295,94,2,546,0,0,0,546
06/14/2005,IND,IN,AGL,CE,Combined TRACON& Tower with Radar,273,326,104,5,708,0,0,9,0,9,273,326,113,5,717,0,0,0,717
06/15/2005,IND,IN,AGL,CE,Combined TRACON& Tower with Radar,271,370,128,5,774,0,1,11,2,14,271,371,139,7,788,0,0,0,788
06/16/2005,IND,IN,AGL,CE,Combined TRACON& Tower with Radar,257,370,110,6,743,2,0,23,0,25,259,370,133,6,768,0,0,0,768
06/17/2005,IND,IN,AGL,CE,Combined TRACON& Tower with Radar,285,374,121,8,788,0,1,24,2,27,285,375,145,10,815,0,0,0,815
06/18/2005,IND,IN,AGL,CE,Combined TRACON& Tower with Radar,190,248,74,3,515,0,0,0,0,0,190,248,74,3,515,0,0,0,515
06/19/2005,IND,IN,AGL,CE,Combined TRACON& Tower with Radar,137,284,106,20,547,0,0,0,0,0,137,284,106,20,547,0,0,0,547
06/20/2005,IND,IN,AGL,CE,Combined TRACON& Tower with Radar,150,338,96,1,585,0,1,23,0,24,150,339,119,1,609,0,0,0,609
06/21/2005,IND,IN,AGL,CE,Combined TRACON& Tower with Radar,256,327,90,2,675,0,0,15,0,15,256,327,105,2,690,0,0,0,690
06/22/2005,IND,IN,AGL,CE,Combined TRACON& Tower with Radar,272,348,123,8,751,0,0,7,0,7,272,348,130,8,758,0,0,0,758
06/23/2005,IND,IN,AGL,CE,Combined TRACON& Tower with Radar,265,366,112,5,748,0,2,23,0,25,265,368,135,5,773,0,0,0,773
06/24/2005,IND,IN,AGL,CE,Combined TRACON& Tower with Radar,268,336,67,2,673,0,0,11,1,12,268,336,78,3,685,0,0,0,685
06/25/2005,IND,IN,AGL,CE,Combined TRACON& Tower with Radar,173,243,42,2,460,0,0,7,0,7,173,243,49,2,467,0,0,0,467
06/26/2005,IND,IN,AGL,CE,Combined TRACON& Tower with Radar,131,256,59,0,446,0,0,0,0,0,131,256,59,0,446,0,0,0,446
06/27/2005,IND,IN,AGL,CE,Combined TRACON& Tower with Radar,141,302,68,0,511,0,0,12,0,12,141,302,80,0,523,0,0,0,523
06/28/2005,IND,IN,AGL,CE,Combined TRACON& Tower with Radar,256,340,89,6,691,0,0,7,0,7,256,340,96,6,698,0,0,0,698
06/29/2005,IND,IN,AGL,CE,Combined TRACON& Tower with Radar,262,336,95,3,696,1,0,18,0,19,263,336,113,3,715,0,0,0,715
06/30/2005,IND,IN,AGL,CE,Combined TRACON& Tower with Radar,282,340,87,2,711,0,0,9,0,9,282,340,96,2,720,0,0,0,720
07/01/2005,IND,IN,AGL,CE,Combined TRACON& Tower with Radar,269,352,64,3,688,0,0,20,0,20,269,352,84,3,708,0,0,0,708
07/02/2005,IND,IN,AGL,CE,Combined TRACON& Tower with Radar,165,236,34,0,435,1,1,12,0,14,166,237,46,0,449,0,0,0,449
07/03/2005,IND,IN,AGL,CE,Combined TRACON& Tower with Radar,123,215,36,1,375,0,0,12,0,12,123,215,48,1,387,0,0,0,387
07/04/2005,IND,IN,AGL,CE,Combined TRACON& Tower with Radar,121,224,30,0,375,0,0,6,2,8,121,224,36,2,383,0,0,0,383
07/05/2005,IND,IN,AGL,CE,Combined TRACON& Tower with Radar,144,300,61,1,506,0,0,12,1,13,144,300,73,2,519,0,0,0,519
07/06/2005,IND,IN,AGL,CE,Combined TRACON& Tower with Radar,266,324,84,1,675,0,0,16,2,18,266,324,100,3,693,0,0,0,693
07/07/2005,IND,IN,AGL,CE,Combined TRACON& Tower with Radar,269,330,85,1,685,0,2,15,0,17,269,332,100,1,702,0,0,0,702
07/08/2005,IND,IN,AGL,CE,Combined TRACON& Tower with Radar,255,324,75,1,655,0,1,18,0,19,255,325,93,1,674,0,0,0,674
07/09/2005,IND,IN,AGL,CE,Combined TRACON& Tower with Radar,172,240,49,0,461,0,0,0,0,0,172,240,49,0,461,0,0,0,461
07/10/2005,IND,IN,AGL,CE,Combined TRACON& Tower with Radar,139,253,78,0,470,0,0,14,0,14,139,253,92,0,484,0,0,0,484
07/11/2005,IND,IN,AGL,CE,Combined TRACON& Tower with Radar,143,301,69,4,517,2,2,17,1,22,145,303,86,5,539,0,0,0,539
07/12/2005,IND,IN,AGL,CE,Combined TRACON& Tower with Radar,263,329,90,1,683,0,0,9,0,9,263,329,99,1,692,0,0,0,692
07/13/2005,IND,IN,AGL,CE,Combined TRACON& Tower with Radar,252,309,85,0,646,0,0,0,0,0,252,309,85,0,646,0,0,0,646
07/14/2005,IND,IN,AGL,CE,Combined TRACON& Tower with Radar,265,346,83,8,702,0,0,3,1,4,265,346,86,9,706,0,0,0,706
07/15/2005,IND,IN,AGL,CE,Combined TRACON& Tower with Radar,260,328,94,4,686,0,0,8,0,8,260,328,102,4,694,0,0,0,694
07/16/2005,IND,IN,AGL,CE,Combined TRACON& Tower with Radar,171,247,42,1,461,0,0,2,0,2,171,247,44,1,463,0,0,0,463
07/17/2005,IND,IN,AGL,CE,Combined TRACON& Tower with Radar,130,245,60,2,437,0,0,6,0,6,130,245,66,2,443,0,0,0,443
07/18/2005,IND,IN,AGL,CE,Combined TRACON& Tower with Radar,145,281,102,3,531,1,0,12,1,14,146,281,114,4,545,0,0,0,545
07/19/2005,IND,IN,AGL,CE,Combined TRACON& Tower with Radar,251,342,124,3,720,0,2,15,0,17,251,344,139,3,737,0,0,0,737
07/20/2005,IND,IN,AGL,CE,Combined TRACON& Tower with Radar,291,363,109,13,776,0,0,12,0,12,291,363,121,13,788,0,0,0,788
07/21/2005,IND,IN,AGL,CE,Combined TRACON& Tower with Radar,268,344,88,1,701,0,2,24,0,26,268,346,112,1,727,0,0,0,727
07/22/2005,IND,IN,AGL,CE,Combined TRACON& Tower with Radar,265,354,81,3,703,0,0,8,1,9,265,354,89,4,712,712,0,712,1424
07/23/2005,IND,IN,AGL,CE,Combined TRACON& Tower with Radar,178,243,49,2,472,0,0,1,2,3,178,243,50,4,475,0,0,0,475
07/24/2005,IND,IN,AGL,CE,Combined TRACON& Tower with Radar,133,268,47,3,451,0,0,17,0,17,133,268,64,3,468,0,0,0,468
07/25/2005,IND,IN,AGL,CE,Combined TRACON& Tower with Radar,159,296,93,2,550,2,0,12,0,14,161,296,105,2,564,0,0,0,564
07/26/2005,IND,IN,AGL,CE,Combined TRACON& Tower with Radar,261,332,92,8,693,0,0,10,1,11,261,332,102,9,704,0,0,0,704
07/27/2005,IND,IN,AGL,CE,Combined TRACON& Tower with Radar,265,339,129,4,737,1,0,21,0,22,266,339,150,4,759,0,0,0,759
07/28/2005,IND,IN,AGL,CE,Combined TRACON& Tower with Radar,268,366,110,5,749,0,0,29,1,30,268,366,139,6,779,0,0,0,779
07/29/2005,IND,IN,AGL,CE,Combined TRACON& Tower with Radar,263,333,80,1,677,0,1,28,3,32,263,334,108,4,709,0,0,0,709
07/30/2005,IND,IN,AGL,CE,Combined TRACON& Tower with Radar,170,241,28,1,440,0,1,8,0,9,170,242,36,1,449,0,0,0,449
07/31/2005,IND,IN,AGL,CE,Combined TRACON& Tower with Radar,128,262,46,5,441,0,0,13,0,13,128,262,59,5,454,0,0,0,454
08/01/2005,IND,IN,AGL,CE,Combined TRACON& Tower with Radar,135,314,58,5,512,0,0,17,0,17,135,314,75,5,529,0,0,0,529
08/02/2005,IND,IN,AGL,CE,Combined TRACON& Tower with Radar,265,342,88,3,698,1,1,13,0,15,266,343,101,3,713,0,0,0,713
08/03/2005,IND,IN,AGL,CE,Combined TRACON& Tower with Radar,261,358,92,4,715,1,0,16,1,18,262,358,108,5,733,0,0,0,733
08/04/2005,IND,IN,AGL,CE,Combined TRACON& Tower with Radar,258,339,169,3,769,0,0,7,0,7,258,339,176,3,776,0,0,0,776
08/05/2005,IND,IN,AGL,CE,Combined TRACON& Tower with Radar,271,345,119,8,743,0,0,16,1,17,271,345,135,9,760,0,0,0,760
08/06/2005,IND,IN,AGL,CE,Combined TRACON& Tower with Radar,174,249,72,8,503,0,0,0,0,0,174,249,72,8,503,0,0,0,503
08/07/2005,IND,IN,AGL,CE,Combined TRACON& Tower with Radar,143,271,210,7,631,0,0,17,0,17,143,271,227,7,648,0,0,0,648
08/08/2005,IND,IN,AGL,CE,Combined TRACON& Tower with Radar,162,291,101,9,563,0,1,15,1,17,162,292,116,10,580,0,0,0,580
08/09/2005,IND,IN,AGL,CE,Combined TRACON& Tower with Radar,264,339,105,8,716,0,0,6,0,6,264,339,111,8,722,0,0,0,722
08/10/2005,IND,IN,AGL,CE,Combined TRACON& Tower with Radar,256,343,95,5,699,0,0,8,1,9,256,343,103,6,708,0,0,0,708
08/11/2005,IND,IN,AGL,CE,Combined TRACON& Tower with Radar,266,346,99,3,714,0,0,25,1,26,266,346,124,4,740,0,0,0,740
08/12/2005,IND,IN,AGL,CE,Combined TRACON& Tower with Radar,256,338,69,2,665,0,0,0,0,0,256,338,69,2,665,0,0,0,665
08/13/2005,IND,IN,AGL,CE,Combined TRACON& Tower with Radar,175,229,30,0,434,0,0,5,0,5,175,229,35,0,439,0,0,0,439
08/14/2005,IND,IN,AGL,CE,Combined TRACON& Tower with Radar,136,231,36,2,405,0,0,0,0,0,136,231,36,2,405,0,0,0,405
08/15/2005,IND,IN,AGL,CE,Combined TRACON& Tower with Radar,143,295,61,2,501,0,0,3,0,3,143,295,64,2,504,0,0,0,504
08/16/2005,IND,IN,AGL,CE,Combined TRACON& Tower with Radar,263,331,75,2,671,0,0,4,0,4,263,331,79,2,675,0,0,0,675
08/17/2005,IND,IN,AGL,CE,Combined TRACON& Tower with Radar,268,360,91,6,725,0,0,25,4,29,268,360,116,10,754,0,0,0,754
08/18/2005,IND,IN,AGL,CE,Combined TRACON& Tower with Radar,265,339,111,2,717,0,0,17,0,17,265,339,128,2,734,0,0,0,734
08/19/2005,IND,IN,AGL,CE,Combined TRACON& Tower with Radar,265,326,76,2,669,0,0,22,1,23,265,326,98,3,692,0,0,0,692
08/20/2005,IND,IN,AGL,CE,Combined TRACON& Tower with Radar,163,241,37,3,444,0,0,0,0,0,163,241,37,3,444,0,0,0,444
08/21/2005,IND,IN,AGL,CE,Combined TRACON& Tower with Radar,131,253,36,0,420,0,0,8,0,8,131,253,44,0,428,0,0,0,428
08/22/2005,IND,IN,AGL,CE,Combined TRACON& Tower with Radar,138,320,71,2,531,0,0,13,0,13,138,320,84,2,544,0,0,0,544
08/23/2005,IND,IN,AGL,CE,Combined TRACON& Tower with Radar,247,360,93,4,704,0,0,17,1,18,247,360,110,5,722,0,0,0,722
08/24/2005,IND,IN,AGL,CE,Combined TRACON& Tower with Radar,255,346,109,1,711,0,0,20,4,24,255,346,129,5,735,0,0,0,735
08/25/2005,IND,IN,AGL,CE,Combined TRACON& Tower with Radar,257,358,92,12,719,0,1,19,2,22,257,359,111,14,741,0,0,0,741
08/26/2005,IND,IN,AGL,CE,Combined TRACON& Tower with Radar,260,345,76,7,688,0,0,14,0,14,260,345,90,7,702,0,0,0,702
08/27/2005,IND,IN,AGL,CE,Combined TRACON& Tower with Radar,163,239,35,3,440,0,2,8,0,10,163,241,43,3,450,0,0,0,450
08/28/2005,IND,IN,AGL,CE,Combined TRACON& Tower with Radar,132,251,56,2,441,1,0,14,1,16,133,251,70,3,457,0,0,0,457
08/29/2005,IND,IN,AGL,CE,Combined TRACON& Tower with Radar,139,296,92,0,527,0,0,19,1,20,139,296,111,1,547,0,0,0,547
08/30/2005,IND,IN,AGL,CE,Combined TRACON& Tower with Radar,254,332,66,3,655,0,0,4,0,4,254,332,70,3,659,0,0,0,659
08/31/2005,IND,IN,AGL,CE,Combined TRACON& Tower with Radar,260,351,105,5,721,0,1,12,0,13,260,352,117,5,734,0,0,0,734
09/01/2005,IND,IN,AGL,CE,Combined TRACON& Tower with Radar,254,367,90,4,715,0,1,13,0,14,254,368,103,4,729,0,0,0,729
09/02/2005,IND,IN,AGL,CE,Combined TRACON& Tower with Radar,257,339,64,1,661,0,1,20,0,21,257,340,84,1,682,0,0,0,682
09/03/2005,IND,IN,AGL,CE,Combined TRACON& Tower with Radar,165,233,41,0,439,0,0,18,1,19,165,233,59,1,458,0,0,0,458
09/04/2005,IND,IN,AGL,CE,Combined TRACON& Tower with Radar,103,196,30,0,329,0,0,8,0,8,103,196,38,0,337,0,0,0,337
09/05/2005,IND,IN,AGL,CE,Combined TRACON& Tower with Radar,134,269,35,1,439,0,0,8,0,8,134,269,43,1,447,0,0,0,447
09/06/2005,IND,IN,AGL,CE,Combined TRACON& Tower with Radar,141,292,56,0,489,0,0,0,0,0,141,292,56,0,489,0,0,0,489
09/07/2005,IND,IN,AGL,CE,Combined TRACON& Tower with Radar,259,334,111,4,708,0,0,24,0,24,259,334,135,4,732,0,0,0,732
09/08/2005,IND,IN,AGL,CE,Combined TRACON& Tower with Radar,258,346,104,3,711,0,0,13,0,13,258,346,117,3,724,0,0,0,724
09/09/2005,IND,IN,AGL,CE,Combined TRACON& Tower with Radar,256,346,132,5,739,0,0,19,0,19,256,346,151,5,758,0,0,0,758
09/10/2005,IND,IN,AGL,CE,Combined TRACON& Tower with Radar,160,243,61,4,468,0,0,11,0,11,160,243,72,4,479,0,0,0,479
09/11/2005,IND,IN,AGL,CE,Combined TRACON& Tower with Radar,120,247,50,1,418,0,0,15,0,15,120,247,65,1,433,0,0,0,433
09/12/2005,IND,IN,AGL,CE,Combined TRACON& Tower with Radar,137,293,63,2,495,0,1,20,0,21,137,294,83,2,516,0,0,0,516
09/13/2005,IND,IN,AGL,CE,Combined TRACON& Tower with Radar,254,337,108,5,704,0,0,21,0,21,254,337,129,5,725,0,0,0,725
09/14/2005,IND,IN,AGL,CE,Combined TRACON& Tower with Radar,252,340,77,6,675,0,0,10,1,11,252,340,87,7,686,0,0,0,686
09/15/2005,IND,IN,AGL,CE,Combined TRACON& Tower with Radar,253,343,78,3,677,0,0,32,1,33,253,343,110,4,710,0,0,0,710
09/16/2005,IND,IN,AGL,CE,Combined TRACON& Tower with Radar,271,337,84,0,692,2,0,12,1,15,273,337,96,1,707,0,0,0,707
09/17/2005,IND,IN,AGL,CE,Combined TRACON& Tower with Radar,160,244,33,4,441,0,0,3,1,4,160,244,36,5,445,0,0,0,445
09/18/2005,IND,IN,AGL,CE,Combined TRACON& Tower with Radar,130,239,64,1,434,0,0,0,0,0,130,239,64,1,434,9,1,10,444
09/19/2005,IND,IN,AGL,CE,Combined TRACON& Tower with Radar,135,258,70,3,466,0,0,6,0,6,135,258,76,3,472,0,0,0,472
09/20/2005,IND,IN,AGL,CE,Combined TRACON& Tower with Radar,258,354,109,0,721,0,0,9,0,9,258,354,118,0,730,0,0,0,730
09/21/2005,IND,IN,AGL,CE,Combined TRACON& Tower with Radar,267,360,137,0,764,0,1,20,0,21,267,361,157,0,785,0,0,0,785
09/22/2005,IND,IN,AGL,CE,Combined TRACON& Tower with Radar,258,337,99,6,700,1,0,28,2,31,259,337,127,8,731,0,0,0,731
09/23/2005,IND,IN,AGL,CE,Combined TRACON& Tower with Radar,266,324,121,7,718,0,1,7,1,9,266,325,128,8,727,0,0,0,727
09/24/2005,IND,IN,AGL,CE,Combined TRACON& Tower with Radar,164,230,43,0,437,0,0,8,0,8,164,230,51,0,445,0,0,0,445
09/25/2005,IND,IN,AGL,CE,Combined TRACON& Tower with Radar,133,233,47,2,415,0,0,1,0,1,133,233,48,2,416,0,0,0,416
09/26/2005,IND,IN,AGL,CE,Combined TRACON& Tower with Radar,137,299,84,3,523,0,0,8,1,9,137,299,92,4,532,0,0,0,532
09/27/2005,IND,IN,AGL,CE,Combined TRACON& Tower with Radar,249,347,94,1,691,0,3,16,0,19,249,350,110,1,710,0,0,0,710
09/28/2005,IND,IN,AGL,CE,Combined TRACON& Tower with Radar,255,344,87,5,691,0,0,0,0,0,255,344,87,5,691,0,0,0,691
09/29/2005,IND,IN,AGL,CE,Combined TRACON& Tower with Radar,256,352,96,3,707,0,0,17,0,17,256,352,113,3,724,0,0,0,724
09/30/2005,IND,IN,AGL,CE,Combined TRACON& Tower with Radar,260,342,70,9,681,1,1,29,0,31,261,343,99,9,712,0,0,0,712
10/01/2005,IND,IN,AGL,CE,Combined TRACON& Tower with Radar,169,242,46,2,459,0,0,0,0,0,169,242,46,2,459,0,0,0,459
10/02/2005,IND,IN,AGL,CE,Combined TRACON& Tower with Radar,125,241,49,1,416,0,0,3,0,3,125,241,52,1,419,0,0,0,419
10/03/2005,IND,IN,AGL,CE,Combined TRACON& Tower with Radar,140,303,84,2,529,0,1,15,0,16,140,304,99,2,545,0,0,0,545
10/04/2005,IND,IN,AGL,CE,Combined TRACON& Tower with Radar,248,338,89,7,682,0,1,23,2,26,248,339,112,9,708,0,0,0,708
10/05/2005,IND,IN,AGL,CE,Combined TRACON& Tower with Radar,247,351,98,1,697,0,0,20,0,20,247,351,118,1,717,0,0,0,717
10/06/2005,IND,IN,AGL,CE,Combined TRACON& Tower with Radar,251,347,85,8,691,0,0,12,2,14,251,347,97,10,705,0,0,0,705
10/07/2005,IND,IN,AGL,CE,Combined TRACON& Tower with Radar,247,336,73,3,659,0,1,9,0,10,247,337,82,3,669,0,0,0,669
10/08/2005,IND,IN,AGL,CE,Combined TRACON& Tower with Radar,165,246,35,5,451,0,0,11,0,11,165,246,46,5,462,0,0,0,462
10/09/2005,IND,IN,AGL,CE,Combined TRACON& Tower with Radar,128,250,34,1,413,0,0,13,0,13,128,250,47,1,426,0,0,0,426
10/10/2005,IND,IN,AGL,CE,Combined TRACON& Tower with Radar,130,269,76,2,477,0,1,13,0,14,130,270,89,2,491,0,0,0,491
10/11/2005,IND,IN,AGL,CE,Combined TRACON& Tower with Radar,254,327,94,4,679,1,0,9,0,10,255,327,103,4,689,0,0,0,689
10/12/2005,IND,IN,AGL,CE,Combined TRACON& Tower with Radar,251,322,114,1,688,0,0,6,0,6,251,322,120,1,694,0,0,0,694
10/13/2005,IND,IN,AGL,CE,Combined TRACON& Tower with Radar,256,341,91,2,690,0,0,11,0,11,256,341,102,2,701,0,0,0,701
10/14/2005,IND,IN,AGL,CE,Combined TRACON& Tower with Radar,253,338,80,3,674,0,0,14,0,14,253,338,94,3,688,0,0,0,688
10/15/2005,IND,IN,AGL,CE,Combined TRACON& Tower with Radar,167,254,48,0,469,0,0,13,2,15,167,254,61,2,484,0,0,0,484
10/16/2005,IND,IN,AGL,CE,Combined TRACON& Tower with Radar,124,261,49,2,436,0,0,11,0,11,124,261,60,2,447,0,0,0,447
10/17/2005,IND,IN,AGL,CE,Combined TRACON& Tower with Radar,136,302,99,1,538,0,0,0,0,0,136,302,99,1,538,0,0,0,538
10/18/2005,IND,IN,AGL,CE,Combined TRACON& Tower with Radar,249,345,95,7,696,0,0,30,0,30,249,345,125,7,726,0,0,0,726
10/19/2005,IND,IN,AGL,CE,Combined TRACON& Tower with Radar,256,351,85,2,694,1,2,20,4,27,257,353,105,6,721,0,0,0,721
10/20/2005,IND,IN,AGL,CE,Combined TRACON& Tower with Radar,254,345,76,4,679,0,0,4,0,4,254,345,80,4,683,0,0,0,683
10/21/2005,IND,IN,AGL,CE,Combined TRACON& Tower with Radar,253,333,84,0,670,0,1,0,0,1,253,334,84,0,671,0,0,0,671
10/22/2005,IND,IN,AGL,CE,Combined TRACON& Tower with Radar,165,251,25,0,441,0,0,5,0,5,165,251,30,0,446,0,0,0,446
10/23/2005,IND,IN,AGL,CE,Combined TRACON& Tower with Radar,123,253,18,3,397,0,0,2,0,2,123,253,20,3,399,0,0,0,399
10/24/2005,IND,IN,AGL,CE,Combined TRACON& Tower with Radar,125,306,100,8,539,0,0,8,1,9,125,306,108,9,548,0,0,0,548
10/25/2005,IND,IN,AGL,CE,Combined TRACON& Tower with Radar,238,340,99,4,681,0,0,12,2,14,238,340,111,6,695,0,0,0,695
10/26/2005,IND,IN,AGL,CE,Combined TRACON& Tower with Radar,237,368,106,8,719,0,0,19,0,19,237,368,125,8,738,0,0,0,738
10/27/2005,IND,IN,AGL,CE,Combined TRACON& Tower with Radar,237,390,95,6,728,0,1,21,0,22,237,391,116,6,750,0,0,0,750
10/28/2005,IND,IN,AGL,CE,Combined TRACON& Tower with Radar,229,359,78,4,670,0,0,17,0,17,229,359,95,4,687,0,0,0,687
10/29/2005,IND,IN,AGL,CE,Combined TRACON& Tower with Radar,148,260,37,3,448,0,0,11,0,11,148,260,48,3,459,0,0,0,459
10/30/2005,IND,IN,AGL,CE,Combined TRACON& Tower with Radar,98,257,54,2,411,0,1,10,0,11,98,258,64,2,422,0,0,0,422
10/31/2005,IND,IN,AGL,CE,Combined TRACON& Tower with Radar,128,276,67,3,474,0,0,13,1,14,128,276,80,4,488,0,0,0,488
11/01/2005,IND,IN,AGL,CE,Combined TRACON& Tower with Radar,242,356,99,6,703,0,0,7,0,7,242,356,106,6,710,0,0,0,710
11/02/2005,IND,IN,AGL,CE,Combined TRACON& Tower with Radar,235,337,96,4,672,2,0,19,0,21,237,337,115,4,693,0,0,0,693
11/03/2005,IND,IN,AGL,CE,Combined TRACON& Tower with Radar,243,340,111,8,702,0,0,18,0,18,243,340,129,8,720,0,0,0,720
11/04/2005,IND,IN,AGL,CE,Combined TRACON& Tower with Radar,235,349,77,4,665,0,0,14,1,15,235,349,91,5,680,0,0,0,680
11/05/2005,IND,IN,AGL,CE,Combined TRACON& Tower with Radar,150,245,45,2,442,0,0,0,0,0,150,245,45,2,442,0,0,0,442
11/06/2005,IND,IN,AGL,CE,Combined TRACON& Tower with Radar,93,225,18,1,337,0,0,0,0,0,93,225,18,1,337,0,0,0,337
11/07/2005,IND,IN,AGL,CE,Combined TRACON& Tower with Radar,122,303,78,3,506,0,0,11,3,14,122,303,89,6,520,0,0,0,520
11/08/2005,IND,IN,AGL,CE,Combined TRACON& Tower with Radar,240,348,79,5,672,0,0,7,1,8,240,348,86,6,680,0,0,0,680
11/09/2005,IND,IN,AGL,CE,Combined TRACON& Tower with Radar,241,355,89,3,688,0,0,3,2,5,241,355,92,5,693,0,0,0,693
11/10/2005,IND,IN,AGL,CE,Combined TRACON& Tower with Radar,236,367,92,5,700,0,0,28,2,30,236,367,120,7,730,0,0,0,730
11/11/2005,IND,IN,AGL,CE,Combined TRACON& Tower with Radar,231,341,86,4,662,0,0,10,0,10,231,341,96,4,672,0,0,0,672
11/12/2005,IND,IN,AGL,CE,Combined TRACON& Tower with Radar,139,257,26,5,427,0,2,12,0,14,139,259,38,5,441,0,0,0,441
11/13/2005,IND,IN,AGL,CE,Combined TRACON& Tower with Radar,117,247,43,0,407,0,0,8,0,8,117,247,51,0,415,0,0,0,415
11/14/2005,IND,IN,AGL,CE,Combined TRACON& Tower with Radar,125,301,72,6,504,0,0,7,0,7,125,301,79,6,511,0,0,0,511
11/15/2005,IND,IN,AGL,CE,Combined TRACON& Tower with Radar,232,329,76,2,639,0,0,1,0,1,232,329,77,2,640,0,0,0,640
11/16/2005,IND,IN,AGL,CE,Combined TRACON& Tower with Radar,239,354,92,8,693,0,0,8,0,8,239,354,100,8,701,0,0,0,701
11/17/2005,IND,IN,AGL,CE,Combined TRACON& Tower with Radar,238,361,103,5,707,0,2,8,2,12,238,363,111,7,719,0,0,0,719
11/18/2005,IND,IN,AGL,CE,Combined TRACON& Tower with Radar,235,368,97,6,706,0,0,14,2,16,235,368,111,8,722,0,0,0,722
11/19/2005,IND,IN,AGL,CE,Combined TRACON& Tower with Radar,143,255,38,3,439,0,0,0,0,0,143,255,38,3,439,0,0,0,439
11/20/2005,IND,IN,AGL,CE,Combined TRACON& Tower with Radar,114,252,18,1,385,0,0,0,0,0,114,252,18,1,385,0,0,0,385
11/21/2005,IND,IN,AGL,CE,Combined TRACON& Tower with Radar,115,299,90,1,505,0,0,7,1,8,115,299,97,2,513,0,0,0,513
11/22/2005,IND,IN,AGL,CE,Combined TRACON& Tower with Radar,242,365,91,9,707,0,0,9,2,11,242,365,100,11,718,0,0,0,718
11/23/2005,IND,IN,AGL,CE,Combined TRACON& Tower with Radar,252,351,67,3,673,0,0,2,0,2,252,351,69,3,675,0,0,0,675
11/24/2005,IND,IN,AGL,CE,Combined TRACON& Tower with Radar,162,239,26,0,427,0,0,4,0,4,162,239,30,0,431,0,0,0,431
11/25/2005,IND,IN,AGL,CE,Combined TRACON& Tower with Radar,155,235,39,0,429,0,0,13,0,13,155,235,52,0,442,0,0,0,442
11/26/2005,IND,IN,AGL,CE,Combined TRACON& Tower with Radar,130,235,32,3,400,0,0,13,0,13,130,235,45,3,413,0,0,0,413
11/27/2005,IND,IN,AGL,CE,Combined TRACON& Tower with Radar,119,272,37,0,428,0,0,0,0,0,119,272,37,0,428,0,0,0,428
11/28/2005,IND,IN,AGL,CE,Combined TRACON& Tower with Radar,120,317,82,3,522,0,0,4,0,4,120,317,86,3,526,0,0,0,526
11/29/2005,IND,IN,AGL,CE,Combined TRACON& Tower with Radar,277,373,111,5,766,0,0,8,1,9,277,373,119,6,775,0,0,0,775
11/30/2005,IND,IN,AGL,CE,Combined TRACON& Tower with Radar,282,370,117,3,772,0,0,9,4,13,282,370,126,7,785,0,0,0,785
12/01/2005,IND,IN,AGL,CE,Combined TRACON& Tower with Radar,277,352,84,2,715,0,0,4,0,4,277,352,88,2,719,0,0,0,719
12/02/2005,IND,IN,AGL,CE,Combined TRACON& Tower with Radar,274,352,84,2,712,0,1,14,2,17,274,353,98,4,729,0,0,0,729
12/03/2005,IND,IN,AGL,CE,Combined TRACON& Tower with Radar,160,256,30,2,448,0,0,8,0,8,160,256,38,2,456,0,0,0,456
12/04/2005,IND,IN,AGL,CE,Combined TRACON& Tower with Radar,109,245,45,0,399,0,0,0,0,0,109,245,45,0,399,0,0,0,399
12/05/2005,IND,IN,AGL,CE,Combined TRACON& Tower with Radar,117,309,72,2,500,0,0,10,3,13,117,309,82,5,513,0,0,0,513
12/06/2005,IND,IN,AGL,CE,Combined TRACON& Tower with Radar,271,345,86,1,703,0,0,10,0,10,271,345,96,1,713,0,0,0,713
12/07/2005,IND,IN,AGL,CE,Combined TRACON& Tower with Radar,272,355,95,4,726,0,0,25,3,28,272,355,120,7,754,0,0,0,754
12/08/2005,IND,IN,AGL,CE,Combined TRACON& Tower with Radar,254,312,115,6,687,0,2,8,0,10,254,314,123,6,697,0,0,0,697
12/09/2005,IND,IN,AGL,CE,Combined TRACON& Tower with Radar,286,359,66,2,713,0,0,5,1,6,286,359,71,3,719,0,0,0,719
12/10/2005,IND,IN,AGL,CE,Combined TRACON& Tower with Radar,177,258,48,0,483,0,0,6,0,6,177,258,54,0,489,0,0,0,489
12/11/2005,IND,IN,AGL,CE,Combined TRACON& Tower with Radar,116,245,36,0,397,0,1,4,0,5,116,246,40,0,402,0,0,0,402
12/12/2005,IND,IN,AGL,CE,Combined TRACON& Tower with Radar,124,301,98,9,532,0,1,9,2,12,124,302,107,11,544,0,0,0,544
12/13/2005,IND,IN,AGL,CE,Combined TRACON& Tower with Radar,280,338,90,5,713,0,1,7,0,8,280,339,97,5,721,0,0,0,721
12/14/2005,IND,IN,AGL,CE,Combined TRACON& Tower with Radar,264,338,81,4,687,0,0,0,0,0,264,338,81,4,687,0,0,0,687
12/15/2005,IND,IN,AGL,CE,Combined TRACON& Tower with Radar,275,320,95,2,692,0,0,2,0,2,275,320,97,2,694,0,0,0,694
12/16/2005,IND,IN,AGL,CE,Combined TRACON& Tower with Radar,269,336,84,2,691,0,0,14,2,16,269,336,98,4,707,0,0,0,707
12/17/2005,IND,IN,AGL,CE,Combined TRACON& Tower with Radar,225,229,36,1,491,0,50,7,0,57,225,279,43,1,548,0,0,0,548
12/18/2005,IND,IN,AGL,CE,Combined TRACON& Tower with Radar,133,244,50,0,427,0,0,0,0,0,133,244,50,0,427,0,0,0,427
12/19/2005,IND,IN,AGL,CE,Combined TRACON& Tower with Radar,112,313,75,5,505,0,1,13,3,17,112,314,88,8,522,0,0,0,522
12/20/2005,IND,IN,AGL,CE,Combined TRACON& Tower with Radar,266,341,86,1,694,0,0,10,2,12,266,341,96,3,706,0,0,0,706
12/21/2005,IND,IN,AGL,CE,Combined TRACON& Tower with Radar,275,340,81,4,700,0,1,13,1,15,275,341,94,5,715,0,0,0,715
12/22/2005,IND,IN,AGL,CE,Combined TRACON& Tower with Radar,276,328,79,2,685,0,0,11,0,11,276,328,90,2,696,0,0,0,696
12/23/2005,IND,IN,AGL,CE,Combined TRACON& Tower with Radar,278,329,54,0,661,0,0,6,0,6,278,329,60,0,667,0,0,0,667
12/24/2005,IND,IN,AGL,CE,Combined TRACON& Tower with Radar,226,250,12,0,488,0,0,0,0,0,226,250,12,0,488,0,0,0,488
12/25/2005,IND,IN,AGL,CE,Combined TRACON& Tower with Radar,99,194,5,2,300,0,0,0,0,0,99,194,5,2,300,0,0,0,300
12/26/2005,IND,IN,AGL,CE,Combined TRACON& Tower with Radar,104,264,26,1,395,0,0,5,0,5,104,264,31,1,400,0,0,0,400
12/27/2005,IND,IN,AGL,CE,Combined TRACON& Tower with Radar,145,301,57,0,503,0,0,5,0,5,145,301,62,0,508,0,0,0,508
12/28/2005,IND,IN,AGL,CE,Combined TRACON& Tower with Radar,237,321,49,0,607,0,0,2,0,2,237,321,51,0,609,0,0,0,609
12/29/2005,IND,IN,AGL,CE,Combined TRACON& Tower with Radar,228,308,46,0,582,0,0,1,0,1,228,308,47,0,583,0,0,0,583
12/30/2005,IND,IN,AGL,CE,Combined TRACON& Tower with Radar,233,314,29,2,578,0,0,4,0,4,233,314,33,2,582,0,0,0,582
12/31/2005,IND,IN,AGL,CE,Combined TRACON& Tower with Radar,140,249,17,0,406,0,0,0,0,0,140,249,17,0,406,0,0,0,406
01/01/2006,IND,IN,AGL,CE,Combined TRACON& Tower with Radar,97,227,23,1,348,0,0,6,0,6,97,227,29,1,354,0,0,0,354
01/02/2006,IND,IN,AGL,CE,Combined TRACON& Tower with Radar,123,270,33,0,426,0,0,2,0,2,123,270,35,0,428,0,0,0,428
01/03/2006,IND,IN,AGL,CE,Combined TRACON& Tower with Radar,140,277,64,6,487,0,0,0,0,0,140,277,64,6,487,0,0,0,487
01/04/2006,IND,IN,AGL,CE,Combined TRACON& Tower with Radar,236,336,75,7,654,0,0,5,0,5,236,336,80,7,659,0,0,0,659
01/05/2006,IND,IN,AGL,CE,Combined TRACON& Tower with Radar,232,335,82,1,650,0,0,3,0,3,232,335,85,1,653,0,0,0,653
01/06/2006,IND,IN,AGL,CE,Combined TRACON& Tower with Radar,231,339,62,3,635,0,0,6,2,8,231,339,68,5,643,0,0,0,643
01/07/2006,IND,IN,AGL,CE,Combined TRACON& Tower with Radar,142,250,29,4,425,0,0,8,2,10,142,250,37,6,435,0,0,0,435
01/08/2006,IND,IN,AGL,CE,Combined TRACON& Tower with Radar,94,247,21,4,366,0,0,3,0,3,94,247,24,4,369,0,0,0,369
01/09/2006,IND,IN,AGL,CE,Combined TRACON& Tower with Radar,112,291,87,3,493,0,0,3,1,4,112,291,90,4,497,0,0,0,497
01/10/2006,IND,IN,AGL,CE,Combined TRACON& Tower with Radar,231,329,85,5,650,0,0,3,0,3,231,329,88,5,653,0,0,0,653
01/11/2006,IND,IN,AGL,CE,Combined TRACON& Tower with Radar,227,327,106,0,660,0,0,0,0,0,227,327,106,0,660,0,0,0,660
01/12/2006,IND,IN,AGL,CE,Combined TRACON& Tower with Radar,231,342,101,3,677,0,0,27,2,29,231,342,128,5,706,0,0,0,706
01/13/2006,IND,IN,AGL,CE,Combined TRACON& Tower with Radar,227,309,82,1,619,0,0,2,0,2,227,309,84,1,621,0,0,0,621
01/14/2006,IND,IN,AGL,CE,Combined TRACON& Tower with Radar,139,244,31,3,417,0,0,6,0,6,139,244,37,3,423,0,0,0,423
01/15/2006,IND,IN,AGL,CE,Combined TRACON& Tower with Radar,97,248,56,0,401,0,0,15,0,15,97,248,71,0,416,0,0,0,416
01/16/2006,IND,IN,AGL,CE,Combined TRACON& Tower with Radar,107,277,57,0,441,0,0,6,0,6,107,277,63,0,447,0,0,0,447
01/17/2006,IND,IN,AGL,CE,Combined TRACON& Tower with Radar,220,319,75,4,618,0,0,0,0,0,220,319,75,4,618,0,0,0,618
01/18/2006,IND,IN,AGL,CE,Combined TRACON& Tower with Radar,231,334,90,1,656,0,0,5,2,7,231,334,95,3,663,0,0,0,663
01/19/2006,IND,IN,AGL,CE,Combined TRACON& Tower with Radar,228,353,75,4,660,0,0,6,3,9,228,353,81,7,669,0,0,0,669
01/20/2006,IND,IN,AGL,CE,Combined TRACON& Tower with Radar,221,337,72,7,637,0,0,7,1,8,221,337,79,8,645,0,0,0,645
01/21/2006,IND,IN,AGL,CE,Combined TRACON& Tower with Radar,146,243,37,0,426,0,0,7,0,7,146,243,44,0,433,0,0,0,433
01/22/2006,IND,IN,AGL,CE,Combined TRACON& Tower with Radar,104,277,39,1,421,0,0,0,0,0,104,277,39,1,421,0,0,0,421
01/23/2006,IND,IN,AGL,CE,Combined TRACON& Tower with Radar,113,294,89,2,498,0,0,4,4,8,113,294,93,6,506,0,0,0,506
01/24/2006,IND,IN,AGL,CE,Combined TRACON& Tower with Radar,231,347,121,2,701,0,0,6,2,8,231,347,127,4,709,0,0,0,709
01/25/2006,IND,IN,AGL,CE,Combined TRACON& Tower with Radar,225,338,118,2,683,0,0,0,0,0,225,338,118,2,683,8,0,8,691
01/26/2006,IND,IN,AGL,CE,Combined TRACON& Tower with Radar,230,344,79,5,658,1,0,16,2,19,231,344,95,7,677,0,0,0,677
01/27/2006,IND,IN,AGL,CE,Combined TRACON& Tower with Radar,226,343,67,3,639,0,0,13,0,13,226,343,80,3,652,0,0,0,652
01/28/2006,IND,IN,AGL,CE,Combined TRACON& Tower with Radar,137,234,34,1,406,0,0,8,0,8,137,234,42,1,414,0,0,0,414
01/29/2006,IND,IN,AGL,CE,Combined TRACON& Tower with Radar,95,240,24,0,359,0,0,0,0,0,95,240,24,0,359,0,0,0,359
01/30/2006,IND,IN,AGL,CE,Combined TRACON& Tower with Radar,108,279,73,0,460,0,0,3,0,3,108,279,76,0,463,0,0,0,463
01/31/2006,IND,IN,AGL,CE,Combined TRACON& Tower with Radar,229,338,94,3,664,0,0,9,1,10,229,338,103,4,674,0,0,0,674
02/01/2006,IND,IN,AGL,CE,Combined TRACON& Tower with Radar,226,348,113,2,689,0,2,12,1,15,226,350,125,3,704,0,0,0,704
02/02/2006,IND,IN,AGL,CE,Combined TRACON& Tower with Radar,223,362,85,4,674,0,0,0,0,0,223,362,85,4,674,0,0,0,674
02/03/2006,IND,IN,AGL,CE,Combined TRACON& Tower with Radar,230,342,85,1,658,0,0,1,2,3,230,342,86,3,661,0,0,0,661
02/04/2006,IND,IN,AGL,CE,Combined TRACON& Tower with Radar,135,232,37,0,404,0,0,2,0,2,135,232,39,0,406,0,0,0,406
02/05/2006,IND,IN,AGL,CE,Combined TRACON& Tower with Radar,88,226,24,0,338,0,0,1,0,1,88,226,25,0,339,0,0,0,339
02/06/2006,IND,IN,AGL,CE,Combined TRACON& Tower with Radar,104,305,73,3,485,0,0,12,0,12,104,305,85,3,497,0,0,0,497
02/07/2006,IND,IN,AGL,CE,Combined TRACON& Tower with Radar,232,342,83,4,661,0,2,13,0,15,232,344,96,4,676,0,0,0,676
02/08/2006,IND,IN,AGL,CE,Combined TRACON& Tower with Radar,231,351,104,3,689,0,0,11,2,13,231,351,115,5,702,0,0,0,702
02/09/2006,IND,IN,AGL,CE,Combined TRACON& Tower with Radar,232,344,108,2,686,0,0,14,0,14,232,344,122,2,700,0,0,0,700
02/10/2006,IND,IN,AGL,CE,Combined TRACON& Tower with Radar,231,326,57,2,616,0,0,8,1,9,231,326,65,3,625,0,0,0,625
02/11/2006,IND,IN,AGL,CE,Combined TRACON& Tower with Radar,143,240,18,2,403,0,0,2,0,2,143,240,20,2,405,0,0,0,405
02/12/2006,IND,IN,AGL,CE,Combined TRACON& Tower with Radar,92,209,20,1,322,0,0,0,0,0,92,209,20,1,322,0,0,0,322
02/13/2006,IND,IN,AGL,CE,Combined TRACON& Tower with Radar,116,298,83,0,497,0,0,14,2,16,116,298,97,2,513,0,0,0,513
02/14/2006,IND,IN,AGL,CE,Combined TRACON& Tower with Radar,237,337,80,2,656,0,0,13,0,13,237,337,93,2,669,0,0,0,669
02/15/2006,IND,IN,AGL,CE,Combined TRACON& Tower with Radar,230,343,102,2,677,0,0,9,3,12,230,343,111,5,689,0,0,0,689
02/16/2006,IND,IN,AGL,CE,Combined TRACON& Tower with Radar,261,334,76,1,672,0,0,4,0,4,261,334,80,1,676,0,0,0,676
02/17/2006,IND,IN,AGL,CE,Combined TRACON& Tower with Radar,240,341,84,0,665,0,0,3,2,5,240,341,87,2,670,0,0,0,670
02/18/2006,IND,IN,AGL,CE,Combined TRACON& Tower with Radar,147,240,51,4,442,1,0,3,1,5,148,240,54,5,447,0,0,0,447
02/19/2006,IND,IN,AGL,CE,Combined TRACON& Tower with Radar,101,238,41,0,380,1,0,11,1,13,102,238,52,1,393,0,0,0,393
02/20/2006,IND,IN,AGL,CE,Combined TRACON& Tower with Radar,124,289,90,0,503,0,0,9,0,9,124,289,99,0,512,0,0,0,512
02/21/2006,IND,IN,AGL,CE,Combined TRACON& Tower with Radar,232,333,95,4,664,0,1,15,0,16,232,334,110,4,680,0,0,0,680
02/22/2006,IND,IN,AGL,CE,Combined TRACON& Tower with Radar,234,337,86,7,664,0,0,13,1,14,234,337,99,8,678,0,0,0,678
02/23/2006,IND,IN,AGL,CE,Combined TRACON& Tower with Radar,241,375,87,2,705,0,2,10,0,12,241,377,97,2,717,0,0,0,717
02/24/2006,IND,IN,AGL,CE,Combined TRACON& Tower with Radar,234,335,93,1,663,0,0,20,1,21,234,335,113,2,684,0,0,0,684
02/25/2006,IND,IN,AGL,CE,Combined TRACON& Tower with Radar,149,252,25,1,427,0,0,0,0,0,149,252,25,1,427,0,0,0,427
02/26/2006,IND,IN,AGL,CE,Combined TRACON& Tower with Radar,96,256,37,3,392,0,1,7,1,9,96,257,44,4,401,0,0,0,401
02/27/2006,IND,IN,AGL,CE,Combined TRACON& Tower with Radar,104,273,58,3,438,0,0,10,0,10,104,273,68,3,448,0,0,0,448
02/28/2006,IND,IN,AGL,CE,Combined TRACON& Tower with Radar,232,341,77,2,652,0,0,11,0,11,232,341,88,2,663,0,0,0,663
03/01/2006,IND,IN,AGL,CE,Combined TRACON& Tower with Radar,237,338,103,6,684,0,0,7,1,8,237,338,110,7,692,0,0,0,692
03/02/2006,IND,IN,AGL,CE,Combined TRACON& Tower with Radar,238,336,89,2,665,0,2,8,0,10,238,338,97,2,675,0,0,0,675
03/03/2006,IND,IN,AGL,CE,Combined TRACON& Tower with Radar,243,349,87,1,680,0,1,22,0,23,243,350,109,1,703,0,0,0,703
03/04/2006,IND,IN,AGL,CE,Combined TRACON& Tower with Radar,151,256,34,1,442,0,0,0,0,0,151,256,34,1,442,0,0,0,442
03/05/2006,IND,IN,AGL,CE,Combined TRACON& Tower with Radar,112,244,49,0,405,0,0,0,0,0,112,244,49,0,405,0,0,0,405
03/06/2006,IND,IN,AGL,CE,Combined TRACON& Tower with Radar,114,303,70,4,491,0,0,2,0,2,114,303,72,4,493,0,0,0,493
03/07/2006,IND,IN,AGL,CE,Combined TRACON& Tower with Radar,233,354,89,2,678,1,1,12,0,14,234,355,101,2,692,0,0,0,692
03/08/2006,IND,IN,AGL,CE,Combined TRACON& Tower with Radar,240,343,88,1,672,0,0,0,0,0,240,343,88,1,672,0,0,0,672
03/09/2006,IND,IN,AGL,CE,Combined TRACON& Tower with Radar,262,354,107,2,725,0,0,0,0,0,262,354,107,2,725,0,0,0,725
03/10/2006,IND,IN,AGL,CE,Combined TRACON& Tower with Radar,242,348,100,2,692,0,0,2,0,2,242,348,102,2,694,0,0,0,694
03/11/2006,IND,IN,AGL,CE,Combined TRACON& Tower with Radar,152,245,45,1,443,0,0,0,0,0,152,245,45,1,443,0,0,0,443
03/12/2006,IND,IN,AGL,CE,Combined TRACON& Tower with Radar,110,243,27,2,382,0,1,3,0,4,110,244,30,2,386,0,0,0,386
03/13/2006,IND,IN,AGL,CE,Combined TRACON& Tower with Radar,132,299,50,3,484,0,0,5,2,7,132,299,55,5,491,0,0,0,491
03/14/2006,IND,IN,AGL,CE,Combined TRACON& Tower with Radar,234,363,100,3,700,0,0,8,0,8,234,363,108,3,708,0,0,0,708
03/15/2006,IND,IN,AGL,CE,Combined TRACON& Tower with Radar,238,352,84,10,684,0,0,9,0,9,238,352,93,10,693,0,0,0,693
03/16/2006,IND,IN,AGL,CE,Combined TRACON& Tower with Radar,237,350,79,5,671,0,0,8,0,8,237,350,87,5,679,0,0,0,679
03/17/2006,IND,IN,AGL,CE,Combined TRACON& Tower with Radar,242,347,85,1,675,0,0,8,1,9,242,347,93,2,684,0,0,0,684
03/18/2006,IND,IN,AGL,CE,Combined TRACON& Tower with Radar,143,238,36,1,418,0,0,0,0,0,143,238,36,1,418,0,0,0,418
03/19/2006,IND,IN,AGL,CE,Combined TRACON& Tower with Radar,114,258,34,4,410,0,0,0,0,0,114,258,34,4,410,0,0,0,410
03/20/2006,IND,IN,AGL,CE,Combined TRACON& Tower with Radar,121,299,77,2,499,0,1,10,3,14,121,300,87,5,513,0,0,0,513
03/21/2006,IND,IN,AGL,CE,Combined TRACON& Tower with Radar,336,359,78,3,776,0,0,3,0,3,336,359,81,3,779,0,0,0,779
03/22/2006,IND,IN,AGL,CE,Combined TRACON& Tower with Radar,237,352,122,1,712,1,0,11,1,13,238,352,133,2,725,0,0,0,725
03/23/2006,IND,IN,AGL,CE,Combined TRACON& Tower with Radar,231,350,98,2,681,0,1,10,0,11,231,351,108,2,692,0,0,0,692
03/24/2006,IND,IN,AGL,CE,Combined TRACON& Tower with Radar,242,348,82,5,677,0,0,2,0,2,242,348,84,5,679,0,0,0,679
03/25/2006,IND,IN,AGL,CE,Combined TRACON& Tower with Radar,148,254,36,0,438,0,0,3,0,3,148,254,39,0,441,0,0,0,441
03/26/2006,IND,IN,AGL,CE,Combined TRACON& Tower with Radar,106,253,38,0,397,0,0,3,2,5,106,253,41,2,402,0,0,0,402
03/27/2006,IND,IN,AGL,CE,Combined TRACON& Tower with Radar,122,301,56,1,480,0,1,18,1,20,122,302,74,2,500,0,0,0,500
03/28/2006,IND,IN,AGL,CE,Combined TRACON& Tower with Radar,231,345,85,1,662,0,0,0,0,0,231,345,85,1,662,0,0,0,662
03/29/2006,IND,IN,AGL,CE,Combined TRACON& Tower with Radar,259,357,90,2,708,0,0,4,0,4,259,357,94,2,712,0,0,0,712
03/30/2006,IND,IN,AGL,CE,Combined TRACON& Tower with Radar,246,386,91,5,728,0,0,11,1,12,246,386,102,6,740,0,0,0,740
03/31/2006,IND,IN,AGL,CE,Combined TRACON& Tower with Radar,269,365,139,0,773,0,0,8,0,8,269,365,147,0,781,0,0,0,781
04/01/2006,IND,IN,AGL,CE,Combined TRACON& Tower with Radar,146,323,213,1,683,0,0,0,0,0,146,323,213,1,683,0,0,0,683
04/02/2006,IND,IN,AGL,CE,Combined TRACON& Tower with Radar,305,232,128,13,678,0,0,3,0,3,305,232,131,13,681,0,0,0,681
04/03/2006,IND,IN,AGL,CE,Combined TRACON& Tower with Radar,134,331,185,1,651,0,0,2,0,2,134,331,187,1,653,0,0,0,653
04/04/2006,IND,IN,AGL,CE,Combined TRACON& Tower with Radar,278,442,269,8,997,0,1,21,1,23,278,443,290,9,1020,0,0,0,1020
04/05/2006,IND,IN,AGL,CE,Combined TRACON& Tower with Radar,249,348,106,5,708,0,0,14,6,20,249,348,120,11,728,0,0,0,728
04/06/2006,IND,IN,AGL,CE,Combined TRACON& Tower with Radar,239,352,57,0,648,0,0,3,0,3,239,352,60,0,651,0,0,0,651
04/07/2006,IND,IN,AGL,CE,Combined TRACON& Tower with Radar,243,346,50,1,640,0,0,6,0,6,243,346,56,1,646,0,0,0,646
04/08/2006,IND,IN,AGL,CE,Combined TRACON& Tower with Radar,150,302,39,0,491,0,0,8,0,8,150,302,47,0,499,0,0,0,499
04/09/2006,IND,IN,AGL,CE,Combined TRACON& Tower with Radar,95,259,56,2,412,0,0,0,0,0,95,259,56,2,412,0,0,0,412
04/10/2006,IND,IN,AGL,CE,Combined TRACON& Tower with Radar,115,326,91,0,532,0,1,17,1,19,115,327,108,1,551,0,0,0,551
04/11/2006,IND,IN,AGL,CE,Combined TRACON& Tower with Radar,232,344,93,3,672,0,0,11,1,12,232,344,104,4,684,0,0,0,684
04/12/2006,IND,IN,AGL,CE,Combined TRACON& Tower with Radar,228,350,103,2,683,0,1,7,1,9,228,351,110,3,692,0,0,0,692
04/13/2006,IND,IN,AGL,CE,Combined TRACON& Tower with Radar,237,259,99,5,600,0,0,17,0,17,237,259,116,5,617,0,0,0,617
04/14/2006,IND,IN,AGL,CE,Combined TRACON& Tower with Radar,237,329,42,4,612,0,3,4,2,9,237,332,46,6,621,0,0,0,621
04/15/2006,IND,IN,AGL,CE,Combined TRACON& Tower with Radar,144,258,31,4,437,0,0,0,0,0,144,258,31,4,437,0,0,0,437
04/16/2006,IND,IN,AGL,CE,Combined TRACON& Tower with Radar,101,252,22,0,375,0,0,3,0,3,101,252,25,0,378,0,0,0,378
04/17/2006,IND,IN,AGL,CE,Combined TRACON& Tower with Radar,120,310,73,1,504,0,0,7,2,9,120,310,80,3,513,0,0,0,513
04/18/2006,IND,IN,AGL,CE,Combined TRACON& Tower with Radar,234,354,105,2,695,0,0,13,2,15,234,354,118,4,710,0,0,0,710
04/19/2006,IND,IN,AGL,CE,Combined TRACON& Tower with Radar,235,361,102,4,702,0,1,10,2,13,235,362,112,6,715,0,0,0,715
04/20/2006,IND,IN,AGL,CE,Combined TRACON& Tower with Radar,235,342,105,5,687,0,1,5,2,8,235,343,110,7,695,0,0,0,695
04/21/2006,IND,IN,AGL,CE,Combined TRACON& Tower with Radar,236,328,79,0,643,0,0,26,0,26,236,328,105,0,669,0,0,0,669
04/22/2006,IND,IN,AGL,CE,Combined TRACON& Tower with Radar,147,252,22,8,429,0,0,10,1,11,147,252,32,9,440,0,0,0,440
04/23/2006,IND,IN,AGL,CE,Combined TRACON& Tower with Radar,106,264,44,0,414,0,0,6,0,6,106,264,50,0,420,0,0,0,420
04/24/2006,IND,IN,AGL,CE,Combined TRACON& Tower with Radar,122,290,66,1,479,0,0,9,3,12,122,290,75,4,491,0,0,0,491
04/25/2006,IND,IN,AGL,CE,Combined TRACON& Tower with Radar,227,354,88,3,672,0,0,4,0,4,227,354,92,3,676,0,0,0,676
04/26/2006,IND,IN,AGL,CE,Combined TRACON& Tower with Radar,242,346,116,6,710,0,0,8,2,10,242,346,124,8,720,0,0,0,720
04/27/2006,IND,IN,AGL,CE,Combined TRACON& Tower with Radar,240,360,90,5,695,0,0,13,0,13,240,360,103,5,708,0,0,0,708
04/28/2006,IND,IN,AGL,CE,Combined TRACON& Tower with Radar,242,339,94,2,677,0,1,22,0,23,242,340,116,2,700,0,0,0,700
04/29/2006,IND,IN,AGL,CE,Combined TRACON& Tower with Radar,163,229,52,4,448,0,0,11,1,12,163,229,63,5,460,0,0,0,460
04/30/2006,IND,IN,AGL,CE,Combined TRACON& Tower with Radar,226,172,29,0,427,0,0,0,0,0,226,172,29,0,427,0,0,0,427
05/01/2006,IND,IN,AGL,CE,Combined TRACON& Tower with Radar,258,210,87,0,555,0,0,6,6,12,258,210,93,6,567,0,0,0,567
05/02/2006,IND,IN,AGL,CE,Combined TRACON& Tower with Radar,380,199,71,4,654,0,0,2,0,2,380,199,73,4,656,0,0,0,656
05/03/2006,IND,IN,AGL,CE,Combined TRACON& Tower with Radar,341,210,71,2,624,0,0,9,0,9,341,210,80,2,633,0,0,0,633
05/04/2006,IND,IN,AGL,CE,Combined TRACON& Tower with Radar,354,222,95,10,681,0,0,3,0,3,354,222,98,10,684,0,0,0,684
05/05/2006,IND,IN,AGL,CE,Combined TRACON& Tower with Radar,344,219,67,1,631,0,2,18,2,22,344,221,85,3,653,0,0,0,653
05/06/2006,IND,IN,AGL,CE,Combined TRACON& Tower with Radar,221,154,19,2,396,0,1,8,0,9,221,155,27,2,405,0,0,0,405
05/07/2006,IND,IN,AGL,CE,Combined TRACON& Tower with Radar,189,154,31,2,376,0,0,9,0,9,189,154,40,2,385,0,0,0,385
05/08/2006,IND,IN,AGL,CE,Combined TRACON& Tower with Radar,217,190,66,2,475,0,3,11,0,14,217,193,77,2,489,0,0,0,489
05/09/2006,IND,IN,AGL,CE,Combined TRACON& Tower with Radar,360,206,109,2,677,0,0,31,0,31,360,206,140,2,708,0,0,0,708
05/10/2006,IND,IN,AGL,CE,Combined TRACON& Tower with Radar,341,231,80,1,653,0,0,0,0,0,341,231,80,1,653,0,0,0,653
05/11/2006,IND,IN,AGL,CE,Combined TRACON& Tower with Radar,364,235,122,4,725,0,0,2,0,2,364,235,124,4,727,0,0,0,727
05/12/2006,IND,IN,AGL,CE,Combined TRACON& Tower with Radar,347,223,91,2,663,0,3,8,0,11,347,226,99,2,674,0,0,0,674
05/13/2006,IND,IN,AGL,CE,Combined TRACON& Tower with Radar,221,157,32,0,410,0,0,5,0,5,221,157,37,0,415,0,0,0,415
05/14/2006,IND,IN,AGL,CE,Combined TRACON& Tower with Radar,182,161,47,0,390,0,2,0,0,2,182,163,47,0,392,0,0,0,392
05/15/2006,IND,IN,AGL,CE,Combined TRACON& Tower with Radar,206,223,88,2,519,0,0,4,0,4,206,223,92,2,523,0,0,0,523
05/16/2006,IND,IN,AGL,CE,Combined TRACON& Tower with Radar,359,220,93,0,672,0,2,6,0,8,359,222,99,0,680,0,0,0,680
05/17/2006,IND,IN,AGL,CE,Combined TRACON& Tower with Radar,356,231,99,2,688,0,3,12,0,15,356,234,111,2,703,0,0,0,703
05/18/2006,IND,IN,AGL,CE,Combined TRACON& Tower with Radar,368,254,84,2,708,0,1,20,2,23,368,255,104,4,731,0,0,0,731
05/19/2006,IND,IN,AGL,CE,Combined TRACON& Tower with Radar,385,232,77,3,697,0,0,21,7,28,385,232,98,10,725,0,0,0,725
05/20/2006,IND,IN,AGL,CE,Combined TRACON& Tower with Radar,228,152,38,0,418,0,0,13,0,13,228,152,51,0,431,0,0,0,431
05/21/2006,IND,IN,AGL,CE,Combined TRACON& Tower with Radar,192,168,36,2,398,0,0,10,1,11,192,168,46,3,409,0,0,0,409
05/22/2006,IND,IN,AGL,CE,Combined TRACON& Tower with Radar,205,211,61,1,478,0,3,21,2,26,205,214,82,3,504,0,0,0,504
05/23/2006,IND,IN,AGL,CE,Combined TRACON& Tower with Radar,351,213,80,0,644,0,0,7,0,7,351,213,87,0,651,0,0,0,651
05/24/2006,IND,IN,AGL,CE,Combined TRACON& Tower with Radar,334,229,67,1,631,0,1,10,1,12,334,230,77,2,643,0,0,0,643
05/25/2006,IND,IN,AGL,CE,Combined TRACON& Tower with Radar,357,235,111,0,703,0,0,6,1,7,357,235,117,1,710,0,0,0,710
05/26/2006,IND,IN,AGL,CE,Combined TRACON& Tower with Radar,358,243,112,1,714,0,0,14,0,14,358,243,126,1,728,0,0,0,728
05/27/2006,IND,IN,AGL,CE,Combined TRACON& Tower with Radar,231,167,50,0,448,0,0,22,1,23,231,167,72,1,471,0,0,0,471
05/28/2006,IND,IN,AGL,CE,Combined TRACON& Tower with Radar,184,163,187,1,535,0,2,35,0,37,184,165,222,1,572,0,0,0,572
05/29/2006,IND,IN,AGL,CE,Combined TRACON& Tower with Radar,284,214,56,0,554,1,0,15,0,16,285,214,71,0,570,0,0,0,570
05/30/2006,IND,IN,AGL,CE,Combined TRACON& Tower with Radar,287,242,101,0,630,0,0,2,0,2,287,242,103,0,632,0,0,0,632
05/31/2006,IND,IN,AGL,CE,Combined TRACON& Tower with Radar,404,269,87,0,760,2,5,8,1,16,406,274,95,1,776,0,0,0,776
06/01/2006,IND,IN,AGL,CE,Combined TRACON& Tower with Radar,402,251,99,2,754,0,0,8,0,8,402,251,107,2,762,0,0,0,762
06/02/2006,IND,IN,AGL,CE,Combined TRACON& Tower with Radar,410,235,64,2,711,0,1,7,1,9,410,236,71,3,720,0,0,0,720
06/03/2006,IND,IN,AGL,CE,Combined TRACON& Tower with Radar,274,180,23,6,483,1,1,13,0,15,275,181,36,6,498,0,0,0,498
06/04/2006,IND,IN,AGL,CE,Combined TRACON& Tower with Radar,212,183,31,2,428,0,0,8,0,8,212,183,39,2,436,0,0,0,436
06/05/2006,IND,IN,AGL,CE,Combined TRACON& Tower with Radar,246,242,95,3,586,0,0,13,0,13,246,242,108,3,599,0,0,0,599
06/06/2006,IND,IN,AGL,CE,Combined TRACON& Tower with Radar,410,272,100,5,787,0,2,21,0,23,410,274,121,5,810,0,0,0,810
06/07/2006,IND,IN,AGL,CE,Combined TRACON& Tower with Radar,406,274,88,6,774,0,1,4,0,5,406,275,92,6,779,0,0,0,779
06/08/2006,IND,IN,AGL,CE,Combined TRACON& Tower with Radar,361,234,82,4,681,0,1,15,1,17,361,235,97,5,698,0,0,0,698
06/09/2006,IND,IN,AGL,CE,Combined TRACON& Tower with Radar,348,224,74,2,648,0,1,18,0,19,348,225,92,2,667,0,0,0,667
06/10/2006,IND,IN,AGL,CE,Combined TRACON& Tower with Radar,232,141,24,0,397,0,3,9,0,12,232,144,33,0,409,0,0,0,409
06/11/2006,IND,IN,AGL,CE,Combined TRACON& Tower with Radar,195,170,28,0,393,0,0,2,0,2,195,170,30,0,395,0,0,0,395
06/12/2006,IND,IN,AGL,CE,Combined TRACON& Tower with Radar,211,213,64,0,488,0,1,16,0,17,211,214,80,0,505,0,0,0,505
06/13/2006,IND,IN,AGL,CE,Combined TRACON& Tower with Radar,362,267,98,0,727,0,3,14,0,17,362,270,112,0,744,0,0,0,744
06/14/2006,IND,IN,AGL,CE,Combined TRACON& Tower with Radar,339,244,73,0,656,0,3,19,0,22,339,247,92,0,678,0,0,0,678
06/15/2006,IND,IN,AGL,CE,Combined TRACON& Tower with Radar,358,235,55,0,648,0,2,22,0,24,358,237,77,0,672,0,0,0,672
06/16/2006,IND,IN,AGL,CE,Combined TRACON& Tower with Radar,346,213,54,6,619,0,0,19,0,19,346,213,73,6,638,0,0,0,638
06/17/2006,IND,IN,AGL,CE,Combined TRACON& Tower with Radar,245,146,17,0,408,1,0,5,0,6,246,146,22,0,414,0,0,0,414
06/18/2006,IND,IN,AGL,CE,Combined TRACON& Tower with Radar,203,169,27,2,401,0,0,2,0,2,203,169,29,2,403,0,0,0,403
06/19/2006,IND,IN,AGL,CE,Combined TRACON& Tower with Radar,222,212,68,2,504,0,0,9,0,9,222,212,77,2,513,0,0,0,513
06/20/2006,IND,IN,AGL,CE,Combined TRACON& Tower with Radar,366,252,79,6,703,0,0,11,3,14,366,252,90,9,717,0,0,0,717
06/21/2006,IND,IN,AGL,CE,Combined TRACON& Tower with Radar,356,244,91,3,694,0,1,6,0,7,356,245,97,3,701,0,0,0,701
06/22/2006,IND,IN,AGL,CE,Combined TRACON& Tower with Radar,401,233,81,2,717,0,0,10,0,10,401,233,91,2,727,0,0,0,727
06/23/2006,IND,IN,AGL,CE,Combined TRACON& Tower with Radar,349,221,67,4,641,0,1,21,0,22,349,222,88,4,663,0,0,0,663
06/24/2006,IND,IN,AGL,CE,Combined TRACON& Tower with Radar,244,148,32,2,426,0,0,7,0,7,244,148,39,2,433,0,0,0,433
06/25/2006,IND,IN,AGL,CE,Combined TRACON& Tower with Radar,202,152,35,1,390,0,2,5,0,7,202,154,40,1,397,0,0,0,397
06/26/2006,IND,IN,AGL,CE,Combined TRACON& Tower with Radar,234,220,62,9,525,0,1,13,0,14,234,221,75,9,539,0,0,0,539
06/27/2006,IND,IN,AGL,CE,Combined TRACON& Tower with Radar,367,247,75,2,691,0,1,12,0,13,367,248,87,2,704,0,0,0,704
06/28/2006,IND,IN,AGL,CE,Combined TRACON& Tower with Radar,369,247,97,2,715,0,1,20,0,21,369,248,117,2,736,0,0,0,736
06/29/2006,IND,IN,AGL,CE,Combined TRACON& Tower with Radar,370,262,74,4,710,0,2,18,0,20,370,264,92,4,730,0,0,0,730
06/30/2006,IND,IN,AGL,CE,Combined TRACON& Tower with Radar,359,225,109,2,695,0,0,21,0,21,359,225,130,2,716,0,0,0,716
07/01/2006,IND,IN,AGL,CE,Combined TRACON& Tower with Radar,252,149,60,19,480,0,1,13,0,14,252,150,73,19,494,0,0,0,494
07/02/2006,IND,IN,AGL,CE,Combined TRACON& Tower with Radar,204,175,117,0,496,0,4,24,0,28,204,179,141,0,524,0,0,0,524
07/03/2006,IND,IN,AGL,CE,Combined TRACON& Tower with Radar,235,186,56,1,478,0,3,11,0,14,235,189,67,1,492,0,0,0,492
07/04/2006,IND,IN,AGL,CE,Combined TRACON& Tower with Radar,239,160,10,0,409,0,5,8,0,13,239,165,18,0,422,0,0,0,422
07/05/2006,IND,IN,AGL,CE,Combined TRACON& Tower with Radar,319,214,70,2,605,0,3,14,0,17,319,217,84,2,622,0,0,0,622
07/06/2006,IND,IN,AGL,CE,Combined TRACON& Tower with Radar,363,226,71,8,668,0,4,10,1,15,363,230,81,9,683,0,0,0,683
07/07/2006,IND,IN,AGL,CE,Combined TRACON& Tower with Radar,350,215,59,2,626,0,0,9,0,9,350,215,68,2,635,0,0,0,635
07/08/2006,IND,IN,AGL,CE,Combined TRACON& Tower with Radar,245,141,44,18,448,0,0,7,0,7,245,141,51,18,455,0,0,0,455
07/09/2006,IND,IN,AGL,CE,Combined TRACON& Tower with Radar,219,167,75,0,461,0,0,10,0,10,219,167,85,0,471,0,0,0,471
07/10/2006,IND,IN,AGL,CE,Combined TRACON& Tower with Radar,237,204,99,2,542,0,1,28,0,29,237,205,127,2,571,0,0,0,571
07/11/2006,IND,IN,AGL,CE,Combined TRACON& Tower with Radar,356,214,98,0,668,0,0,4,0,4,356,214,102,0,672,0,0,0,672
07/12/2006,IND,IN,AGL,CE,Combined TRACON& Tower with Radar,364,221,137,3,725,0,1,8,0,9,364,222,145,3,734,0,0,0,734
07/13/2006,IND,IN,AGL,CE,Combined TRACON& Tower with Radar,360,233,92,2,687,0,0,7,0,7,360,233,99,2,694,0,0,0,694
07/14/2006,IND,IN,AGL,CE,Combined TRACON& Tower with Radar,352,213,91,2,658,0,2,16,0,18,352,215,107,2,676,0,0,0,676
07/15/2006,IND,IN,AGL,CE,Combined TRACON& Tower with Radar,242,143,18,1,404,0,1,10,0,11,242,144,28,1,415,0,0,0,415
07/16/2006,IND,IN,AGL,CE,Combined TRACON& Tower with Radar,208,166,24,3,401,0,4,7,0,11,208,170,31,3,412,0,0,0,412
07/17/2006,IND,IN,AGL,CE,Combined TRACON& Tower with Radar,230,196,80,3,509,0,1,15,2,18,230,197,95,5,527,0,0,0,527
07/18/2006,IND,IN,AGL,CE,Combined TRACON& Tower with Radar,358,213,98,2,671,0,0,7,0,7,358,213,105,2,678,0,0,0,678
07/19/2006,IND,IN,AGL,CE,Combined TRACON& Tower with Radar,366,234,93,3,696,0,1,15,0,16,366,235,108,3,712,0,0,0,712
07/20/2006,IND,IN,AGL,CE,Combined TRACON& Tower with Radar,353,197,64,1,615,0,0,3,0,3,353,197,67,1,618,0,0,0,618
07/21/2006,IND,IN,AGL,CE,Combined TRACON& Tower with Radar,359,210,47,0,616,0,0,15,0,15,359,210,62,0,631,0,0,0,631
07/22/2006,IND,IN,AGL,CE,Combined TRACON& Tower with Radar,246,148,32,1,427,0,0,7,0,7,246,148,39,1,434,0,0,0,434
07/23/2006,IND,IN,AGL,CE,Combined TRACON& Tower with Radar,209,149,38,0,396,0,1,12,1,14,209,150,50,1,410,0,0,0,410
07/24/2006,IND,IN,AGL,CE,Combined TRACON& Tower with Radar,225,198,72,2,497,0,3,22,0,25,225,201,94,2,522,0,0,0,522
07/25/2006,IND,IN,AGL,CE,Combined TRACON& Tower with Radar,364,221,77,2,664,0,0,16,0,16,364,221,93,2,680,0,0,0,680
07/26/2006,IND,IN,AGL,CE,Combined TRACON& Tower with Radar,352,221,87,0,660,0,1,16,0,17,352,222,103,0,677,0,0,0,677
07/27/2006,IND,IN,AGL,CE,Combined TRACON& Tower with Radar,345,201,60,2,608,1,1,6,0,8,346,202,66,2,616,0,0,0,616
07/28/2006,IND,IN,AGL,CE,Combined TRACON& Tower with Radar,361,208,61,2,632,0,1,9,0,10,361,209,70,2,642,0,0,0,642
07/29/2006,IND,IN,AGL,CE,Combined TRACON& Tower with Radar,240,144,23,1,408,0,0,4,0,4,240,144,27,1,412,0,0,0,412
07/30/2006,IND,IN,AGL,CE,Combined TRACON& Tower with Radar,206,146,21,2,375,0,2,4,0,6,206,148,25,2,381,0,0,0,381
07/31/2006,IND,IN,AGL,CE,Combined TRACON& Tower with Radar,233,202,53,0,488,0,1,14,4,19,233,203,67,4,507,0,0,0,507
08/01/2006,IND,IN,AGL,CE,Combined TRACON& Tower with Radar,375,217,95,2,689,0,3,16,0,19,375,220,111,2,708,0,0,0,708
08/02/2006,IND,IN,AGL,CE,Combined TRACON& Tower with Radar,375,219,94,0,688,0,12,17,0,29,375,231,111,0,717,0,0,0,717
08/03/2006,IND,IN,AGL,CE,Combined TRACON& Tower with Radar,373,215,169,5,762,0,1,5,0,6,373,216,174,5,768,0,0,0,768
08/04/2006,IND,IN,AGL,CE,Combined TRACON& Tower with Radar,355,224,105,7,691,0,2,21,2,25,355,226,126,9,716,0,0,0,716
08/05/2006,IND,IN,AGL,CE,Combined TRACON& Tower with Radar,248,154,63,4,469,0,0,13,2,15,248,154,76,6,484,0,0,0,484
08/06/2006,IND,IN,AGL,CE,Combined TRACON& Tower with Radar,207,181,213,4,605,0,2,32,0,34,207,183,245,4,639,0,0,0,639
08/07/2006,IND,IN,AGL,CE,Combined TRACON& Tower with Radar,233,201,65,6,505,0,0,8,0,8,233,201,73,6,513,0,0,0,513
08/08/2006,IND,IN,AGL,CE,Combined TRACON& Tower with Radar,361,208,66,0,635,0,6,16,0,22,361,214,82,0,657,0,0,0,657
08/09/2006,IND,IN,AGL,CE,Combined TRACON& Tower with Radar,367,233,82,2,684,0,0,6,0,6,367,233,88,2,690,0,0,0,690
08/10/2006,IND,IN,AGL,CE,Combined TRACON& Tower with Radar,354,203,92,4,653,0,0,4,0,4,354,203,96,4,657,0,0,0,657
08/11/2006,IND,IN,AGL,CE,Combined TRACON& Tower with Radar,361,231,66,4,662,0,0,8,0,8,361,231,74,4,670,0,0,0,670
08/12/2006,IND,IN,AGL,CE,Combined TRACON& Tower with Radar,250,137,24,0,411,0,2,16,0,18,250,139,40,0,429,0,0,0,429
08/13/2006,IND,IN,AGL,CE,Combined TRACON& Tower with Radar,203,155,23,2,383,0,2,13,0,15,203,157,36,2,398,0,0,0,398
08/14/2006,IND,IN,AGL,CE,Combined TRACON& Tower with Radar,227,191,69,4,491,0,0,6,0,6,227,191,75,4,497,0,0,0,497
08/15/2006,IND,IN,AGL,CE,Combined TRACON& Tower with Radar,355,232,75,2,664,0,1,20,0,21,355,233,95,2,685,0,0,0,685
08/16/2006,IND,IN,AGL,CE,Combined TRACON& Tower with Radar,365,226,91,2,684,0,2,28,0,30,365,228,119,2,714,0,0,0,714
08/17/2006,IND,IN,AGL,CE,Combined TRACON& Tower with Radar,368,227,72,4,671,0,3,23,0,26,368,230,95,4,697,0,0,0,697
08/18/2006,IND,IN,AGL,CE,Combined TRACON& Tower with Radar,341,215,59,4,619,0,0,11,2,13,341,215,70,6,632,0,0,0,632
08/19/2006,IND,IN,AGL,CE,Combined TRACON& Tower with Radar,246,141,17,2,406,0,1,3,3,7,246,142,20,5,413,0,0,0,413
08/20/2006,IND,IN,AGL,CE,Combined TRACON& Tower with Radar,209,159,25,2,395,0,0,7,0,7,209,159,32,2,402,0,0,0,402
08/21/2006,IND,IN,AGL,CE,Combined TRACON& Tower with Radar,228,199,49,4,480,0,0,15,2,17,228,199,64,6,497,0,0,0,497
08/22/2006,IND,IN,AGL,CE,Combined TRACON& Tower with Radar,347,243,78,6,674,0,2,23,0,25,347,245,101,6,699,0,0,0,699
08/23/2006,IND,IN,AGL,CE,Combined TRACON& Tower with Radar,348,234,101,7,690,0,1,12,0,13,348,235,113,7,703,0,0,0,703
08/24/2006,IND,IN,AGL,CE,Combined TRACON& Tower with Radar,349,226,79,10,664,0,1,13,3,17,349,227,92,13,681,0,0,0,681
08/25/2006,IND,IN,AGL,CE,Combined TRACON& Tower with Radar,345,221,58,5,629,0,1,21,7,29,345,222,79,12,658,0,0,0,658
08/26/2006,IND,IN,AGL,CE,Combined TRACON& Tower with Radar,232,136,17,0,385,0,0,6,2,8,232,136,23,2,393,0,0,0,393
08/27/2006,IND,IN,AGL,CE,Combined TRACON& Tower with Radar,203,156,42,1,402,0,1,4,4,9,203,157,46,5,411,0,0,0,411
08/28/2006,IND,IN,AGL,CE,Combined TRACON& Tower with Radar,215,205,94,4,518,0,1,7,0,8,215,206,101,4,526,0,0,0,526
08/29/2006,IND,IN,AGL,CE,Combined TRACON& Tower with Radar,346,222,74,4,646,0,0,5,0,5,346,222,79,4,651,0,0,0,651
08/30/2006,IND,IN,AGL,CE,Combined TRACON& Tower with Radar,335,232,87,0,654,0,0,6,0,6,335,232,93,0,660,0,0,0,660
08/31/2006,IND,IN,AGL,CE,Combined TRACON& Tower with Radar,344,229,85,2,660,0,0,4,0,4,344,229,89,2,664,0,0,0,664
09/01/2006,IND,IN,AGL,CE,Combined TRACON& Tower with Radar,335,219,103,2,659,1,2,5,0,8,336,221,108,2,667,0,0,0,667
09/02/2006,IND,IN,AGL,CE,Combined TRACON& Tower with Radar,226,138,41,1,406,0,1,10,0,11,226,139,51,1,417,0,0,0,417
09/03/2006,IND,IN,AGL,CE,Combined TRACON& Tower with Radar,179,117,19,2,317,0,1,4,0,5,179,118,23,2,322,0,0,0,322
09/04/2006,IND,IN,AGL,CE,Combined TRACON& Tower with Radar,196,169,23,0,388,0,0,8,0,8,196,169,31,0,396,0,0,0,396
09/05/2006,IND,IN,AGL,CE,Combined TRACON& Tower with Radar,218,204,70,3,495,0,0,13,0,13,218,204,83,3,508,0,0,0,508
09/06/2006,IND,IN,AGL,CE,Combined TRACON& Tower with Radar,355,225,71,2,653,0,3,11,0,14,355,228,82,2,667,0,0,0,667
09/07/2006,IND,IN,AGL,CE,Combined TRACON& Tower with Radar,346,244,79,2,671,0,0,18,0,18,346,244,97,2,689,0,0,0,689
09/08/2006,IND,IN,AGL,CE,Combined TRACON& Tower with Radar,345,223,71,0,639,0,0,18,1,19,345,223,89,1,658,0,0,0,658
09/09/2006,IND,IN,AGL,CE,Combined TRACON& Tower with Radar,239,141,20,0,400,1,0,8,1,10,240,141,28,1,410,0,0,0,410
09/10/2006,IND,IN,AGL,CE,Combined TRACON& Tower with Radar,196,162,32,0,390,0,0,11,0,11,196,162,43,0,401,0,0,0,401
09/11/2006,IND,IN,AGL,CE,Combined TRACON& Tower with Radar,207,228,75,4,514,0,1,4,0,5,207,229,79,4,519,0,0,0,519
09/12/2006,IND,IN,AGL,CE,Combined TRACON& Tower with Radar,343,224,80,4,651,0,0,0,0,0,343,224,80,4,651,0,0,0,651
09/13/2006,IND,IN,AGL,CE,Combined TRACON& Tower with Radar,337,227,98,5,667,0,0,4,0,4,337,227,102,5,671,0,0,0,671
09/14/2006,IND,IN,AGL,CE,Combined TRACON& Tower with Radar,352,241,93,2,688,1,0,8,0,9,353,241,101,2,697,0,0,0,697
09/15/2006,IND,IN,AGL,CE,Combined TRACON& Tower with Radar,344,228,62,4,638,0,3,15,0,18,344,231,77,4,656,0,0,0,656
09/16/2006,IND,IN,AGL,CE,Combined TRACON& Tower with Radar,232,141,20,2,395,0,1,12,0,13,232,142,32,2,408,0,0,0,408
09/17/2006,IND,IN,AGL,CE,Combined TRACON& Tower with Radar,198,165,43,0,406,0,2,8,0,10,198,167,51,0,416,0,0,0,416
09/18/2006,IND,IN,AGL,CE,Combined TRACON& Tower with Radar,223,200,68,3,494,0,1,4,0,5,223,201,72,3,499,0,0,0,499
09/19/2006,IND,IN,AGL,CE,Combined TRACON& Tower with Radar,344,225,87,0,656,0,0,16,0,16,344,225,103,0,672,0,0,0,672
09/20/2006,IND,IN,AGL,CE,Combined TRACON& Tower with Radar,356,236,82,3,677,0,0,14,0,14,356,236,96,3,691,0,0,0,691
09/21/2006,IND,IN,AGL,CE,Combined TRACON& Tower with Radar,349,226,71,7,653,0,1,16,0,17,349,227,87,7,670,0,0,0,670
09/22/2006,IND,IN,AGL,CE,Combined TRACON& Tower with Radar,336,208,61,6,611,1,0,6,0,7,337,208,67,6,618,0,0,0,618
09/23/2006,IND,IN,AGL,CE,Combined TRACON& Tower with Radar,240,136,7,0,383,0,0,0,0,0,240,136,7,0,383,0,0,0,383
09/24/2006,IND,IN,AGL,CE,Combined TRACON& Tower with Radar,205,162,46,0,413,0,0,4,0,4,205,162,50,0,417,0,0,0,417
09/25/2006,IND,IN,AGL,CE,Combined TRACON& Tower with Radar,224,208,73,2,507,0,0,14,2,16,224,208,87,4,523,0,0,0,523
09/26/2006,IND,IN,AGL,CE,Combined TRACON& Tower with Radar,344,224,89,0,657,0,0,12,0,12,344,224,101,0,669,0,0,0,669
09/27/2006,IND,IN,AGL,CE,Combined TRACON& Tower with Radar,340,230,82,4,656,0,0,13,0,13,340,230,95,4,669,0,0,0,669
09/28/2006,IND,IN,AGL,CE,Combined TRACON& Tower with Radar,337,234,84,2,657,1,2,8,0,11,338,236,92,2,668,0,0,0,668
09/29/2006,IND,IN,AGL,CE,Combined TRACON& Tower with Radar,348,224,77,5,654,0,0,7,0,7,348,224,84,5,661,0,0,0,661
09/30/2006,IND,IN,AGL,CE,Combined TRACON& Tower with Radar,238,139,20,13,410,0,0,10,4,14,238,139,30,17,424,0,0,0,424
10/01/2006,IND,IN,AGL,CE,Combined TRACON& Tower with Radar,209,149,24,0,382,0,3,4,1,8,209,152,28,1,390,0,0,0,390
10/02/2006,IND,IN,AGL,CE,Combined TRACON& Tower with Radar,256,207,59,1,523,0,2,10,0,12,256,209,69,1,535,0,0,0,535
10/03/2006,IND,IN,AGL,CE,Combined TRACON& Tower with Radar,375,220,91,0,686,0,1,14,1,16,375,221,105,1,702,0,0,0,702
10/04/2006,IND,IN,AGL,CE,Combined TRACON& Tower with Radar,341,228,81,0,650,0,0,8,1,9,341,228,89,1,659,0,0,0,659
10/05/2006,IND,IN,AGL,CE,Combined TRACON& Tower with Radar,372,256,67,4,699,0,1,10,0,11,372,257,77,4,710,0,0,0,710
10/06/2006,IND,IN,AGL,CE,Combined TRACON& Tower with Radar,352,215,77,2,646,1,1,18,0,20,353,216,95,2,666,0,0,0,666
10/07/2006,IND,IN,AGL,CE,Combined TRACON& Tower with Radar,238,138,34,0,410,0,2,10,1,13,238,140,44,1,423,0,0,0,423
10/08/2006,IND,IN,AGL,CE,Combined TRACON& Tower with Radar,207,156,33,0,396,0,1,3,0,4,207,157,36,0,400,0,0,0,400
10/09/2006,IND,IN,AGL,CE,Combined TRACON& Tower with Radar,216,196,75,0,487,0,1,16,1,18,216,197,91,1,505,0,0,0,505
10/10/2006,IND,IN,AGL,CE,Combined TRACON& Tower with Radar,351,210,84,2,647,0,3,10,0,13,351,213,94,2,660,0,0,0,660
10/11/2006,IND,IN,AGL,CE,Combined TRACON& Tower with Radar,342,221,100,1,664,0,0,2,0,2,342,221,102,1,666,0,0,0,666
10/12/2006,IND,IN,AGL,CE,Combined TRACON& Tower with Radar,363,229,101,0,693,0,3,11,0,14,363,232,112,0,707,0,0,0,707
10/13/2006,IND,IN,AGL,CE,Combined TRACON& Tower with Radar,348,216,68,8,640,0,2,16,0,18,348,218,84,8,658,0,0,0,658
10/14/2006,IND,IN,AGL,CE,Combined TRACON& Tower with Radar,238,131,24,2,395,0,1,9,0,10,238,132,33,2,405,0,0,0,405
10/15/2006,IND,IN,AGL,CE,Combined TRACON& Tower with Radar,214,158,37,2,411,0,1,9,1,11,214,159,46,3,422,0,0,0,422
10/16/2006,IND,IN,AGL,CE,Combined TRACON& Tower with Radar,214,195,86,0,495,0,1,2,2,5,214,196,88,2,500,0,0,0,500
10/17/2006,IND,IN,AGL,CE,Combined TRACON& Tower with Radar,354,219,74,2,649,0,0,4,1,5,354,219,78,3,654,0,0,0,654
10/18/2006,IND,IN,AGL,CE,Combined TRACON& Tower with Radar,363,234,64,0,661,0,0,9,0,9,363,234,73,0,670,0,0,0,670
10/19/2006,IND,IN,AGL,CE,Combined TRACON& Tower with Radar,345,224,71,2,642,0,1,4,0,5,345,225,75,2,647,0,0,0,647
10/20/2006,IND,IN,AGL,CE,Combined TRACON& Tower with Radar,357,211,60,3,631,0,2,11,1,14,357,213,71,4,645,0,0,0,645
10/21/2006,IND,IN,AGL,CE,Combined TRACON& Tower with Radar,231,141,38,0,410,0,1,7,0,8,231,142,45,0,418,0,0,0,418
10/22/2006,IND,IN,AGL,CE,Combined TRACON& Tower with Radar,209,163,61,2,435,0,0,1,0,1,209,163,62,2,436,0,0,0,436
10/23/2006,IND,IN,AGL,CE,Combined TRACON& Tower with Radar,220,213,66,4,503,0,2,12,0,14,220,215,78,4,517,0,0,0,517
10/24/2006,IND,IN,AGL,CE,Combined TRACON& Tower with Radar,348,215,104,8,675,0,2,16,1,19,348,217,120,9,694,0,0,0,694
10/25/2006,IND,IN,AGL,CE,Combined TRACON& Tower with Radar,352,225,106,5,688,0,1,23,0,24,352,226,129,5,712,0,0,0,712
10/26/2006,IND,IN,AGL,CE,Combined TRACON& Tower with Radar,341,240,83,4,668,0,1,0,0,1,341,241,83,4,669,0,0,0,669
10/27/2006,IND,IN,AGL,CE,Combined TRACON& Tower with Radar,345,224,83,0,652,0,0,0,0,0,345,224,83,0,652,0,0,0,652
10/28/2006,IND,IN,AGL,CE,Combined TRACON& Tower with Radar,239,134,45,3,421,0,1,7,2,10,239,135,52,5,431,0,0,0,431
10/29/2006,IND,IN,AGL,CE,Combined TRACON& Tower with Radar,207,178,33,1,419,0,0,16,0,16,207,178,49,1,435,0,0,0,435
10/30/2006,IND,IN,AGL,CE,Combined TRACON& Tower with Radar,221,213,96,2,532,0,0,14,0,14,221,213,110,2,546,0,0,0,546
10/31/2006,IND,IN,AGL,CE,Combined TRACON& Tower with Radar,357,219,78,0,654,1,1,11,0,13,358,220,89,0,667,0,0,0,667
11/01/2006,IND,IN,AGL,CE,Combined TRACON& Tower with Radar,366,225,85,4,680,0,0,13,0,13,366,225,98,4,693,0,0,0,693
11/02/2006,IND,IN,AGL,CE,Combined TRACON& Tower with Radar,364,223,88,4,679,0,1,9,0,10,364,224,97,4,689,0,0,0,689
11/03/2006,IND,IN,AGL,CE,Combined TRACON& Tower with Radar,357,216,67,1,641,0,2,10,0,12,357,218,77,1,653,0,0,0,653
11/04/2006,IND,IN,AGL,CE,Combined TRACON& Tower with Radar,236,142,26,5,409,0,1,6,2,9,236,143,32,7,418,0,0,0,418
11/05/2006,IND,IN,AGL,CE,Combined TRACON& Tower with Radar,204,157,28,2,391,0,0,7,2,9,204,157,35,4,400,0,0,0,400
11/06/2006,IND,IN,AGL,CE,Combined TRACON& Tower with Radar,229,204,59,0,492,0,1,4,0,5,229,205,63,0,497,0,0,0,497
11/07/2006,IND,IN,AGL,CE,Combined TRACON& Tower with Radar,362,219,98,4,683,0,0,1,0,1,362,219,99,4,684,0,0,0,684
11/08/2006,IND,IN,AGL,CE,Combined TRACON& Tower with Radar,364,221,94,1,680,0,1,10,0,11,364,222,104,1,691,0,0,0,691
11/09/2006,IND,IN,AGL,CE,Combined TRACON& Tower with Radar,379,223,106,2,710,0,1,23,0,24,379,224,129,2,734,0,0,0,734
11/10/2006,IND,IN,AGL,CE,Combined TRACON& Tower with Radar,373,213,65,0,651,0,0,8,0,8,373,213,73,0,659,0,0,0,659
11/11/2006,IND,IN,AGL,CE,Combined TRACON& Tower with Radar,242,135,30,0,407,0,2,3,0,5,242,137,33,0,412,0,0,0,412
11/12/2006,IND,IN,AGL,CE,Combined TRACON& Tower with Radar,214,163,48,0,425,0,1,13,0,14,214,164,61,0,439,0,0,0,439
11/13/2006,IND,IN,AGL,CE,Combined TRACON& Tower with Radar,226,199,87,2,514,1,0,8,0,9,227,199,95,2,523,0,0,0,523
11/14/2006,IND,IN,AGL,CE,Combined TRACON& Tower with Radar,358,220,89,9,676,0,0,3,1,4,358,220,92,10,680,0,0,0,680
11/15/2006,IND,IN,AGL,CE,Combined TRACON& Tower with Radar,362,217,73,2,654,0,0,0,2,2,362,217,73,4,656,0,0,0,656
11/16/2006,IND,IN,AGL,CE,Combined TRACON& Tower with Radar,368,229,76,2,675,2,0,1,0,3,370,229,77,2,678,0,0,0,678
11/17/2006,IND,IN,AGL,CE,Combined TRACON& Tower with Radar,358,214,71,4,647,0,1,16,0,17,358,215,87,4,664,0,0,0,664
11/18/2006,IND,IN,AGL,CE,Combined TRACON& Tower with Radar,239,139,34,2,414,0,0,1,0,1,239,139,35,2,415,0,0,0,415
11/19/2006,IND,IN,AGL,CE,Combined TRACON& Tower with Radar,213,163,22,2,400,1,2,0,0,3,214,165,22,2,403,0,0,0,403
11/20/2006,IND,IN,AGL,CE,Combined TRACON& Tower with Radar,236,203,73,2,514,0,3,17,0,20,236,206,90,2,534,0,0,0,534
11/21/2006,IND,IN,AGL,CE,Combined TRACON& Tower with Radar,369,230,75,6,680,0,1,17,0,18,369,231,92,6,698,0,0,0,698
11/22/2006,IND,IN,AGL,CE,Combined TRACON& Tower with Radar,376,220,62,3,661,0,1,14,1,16,376,221,76,4,677,0,0,0,677
11/23/2006,IND,IN,AGL,CE,Combined TRACON& Tower with Radar,212,112,11,0,335,0,3,4,0,7,212,115,15,0,342,0,0,0,342
11/24/2006,IND,IN,AGL,CE,Combined TRACON& Tower with Radar,276,117,27,0,420,0,1,9,0,10,276,118,36,0,430,0,0,0,430
11/25/2006,IND,IN,AGL,CE,Combined TRACON& Tower with Radar,225,145,11,0,381,0,0,6,0,6,225,145,17,0,387,0,0,0,387
11/26/2006,IND,IN,AGL,CE,Combined TRACON& Tower with Radar,220,185,38,0,443,0,0,12,0,12,220,185,50,0,455,0,0,0,455
11/27/2006,IND,IN,AGL,CE,Combined TRACON& Tower with Radar,236,213,85,2,536,0,2,15,0,17,236,215,100,2,553,0,0,0,553
11/28/2006,IND,IN,AGL,CE,Combined TRACON& Tower with Radar,363,221,75,2,661,0,10,14,0,24,363,231,89,2,685,0,0,0,685
11/29/2006,IND,IN,AGL,CE,Combined TRACON& Tower with Radar,368,225,91,0,684,0,1,2,0,3,368,226,93,0,687,0,0,0,687
11/30/2006,IND,IN,AGL,CE,Combined TRACON& Tower with Radar,371,209,68,2,650,0,0,0,0,0,371,209,68,2,650,0,0,0,650
12/01/2006,IND,IN,AGL,CE,Combined TRACON& Tower with Radar,367,176,58,2,603,0,0,1,0,1,367,176,59,2,604,0,0,0,604
12/02/2006,IND,IN,AGL,CE,Combined TRACON& Tower with Radar,231,137,39,2,409,0,2,9,0,11,231,139,48,2,420,0,0,0,420
12/03/2006,IND,IN,AGL,CE,Combined TRACON& Tower with Radar,202,158,24,2,386,0,2,6,0,8,202,160,30,2,394,0,0,0,394
12/04/2006,IND,IN,AGL,CE,Combined TRACON& Tower with Radar,236,210,74,0,520,0,1,11,0,12,236,211,85,0,532,0,0,0,532
12/05/2006,IND,IN,AGL,CE,Combined TRACON& Tower with Radar,375,209,88,3,675,0,6,15,0,21,375,215,103,3,696,0,0,0,696
12/06/2006,IND,IN,AGL,CE,Combined TRACON& Tower with Radar,378,226,80,2,686,0,3,16,0,19,378,229,96,2,705,0,0,0,705
12/07/2006,IND,IN,AGL,CE,Combined TRACON& Tower with Radar,369,210,69,1,649,1,1,9,0,11,370,211,78,1,660,0,0,0,660
12/08/2006,IND,IN,AGL,CE,Combined TRACON& Tower with Radar,360,212,87,3,662,0,1,11,0,12,360,213,98,3,674,0,0,0,674
12/09/2006,IND,IN,AGL,CE,Combined TRACON& Tower with Radar,234,134,23,1,392,0,1,6,0,7,234,135,29,1,399,0,0,0,399
12/10/2006,IND,IN,AGL,CE,Combined TRACON& Tower with Radar,205,158,21,0,384,1,0,17,0,18,206,158,38,0,402,0,0,0,402
12/11/2006,IND,IN,AGL,CE,Combined TRACON& Tower with Radar,227,202,68,8,505,0,0,8,0,8,227,202,76,8,513,0,0,0,513
12/12/2006,IND,IN,AGL,CE,Combined TRACON& Tower with Radar,393,216,86,4,699,0,0,3,0,3,393,216,89,4,702,0,0,0,702
12/13/2006,IND,IN,AGL,CE,Combined TRACON& Tower with Radar,386,219,94,2,701,0,4,13,0,17,386,223,107,2,718,0,0,0,718
12/14/2006,IND,IN,AGL,CE,Combined TRACON& Tower with Radar,393,213,102,2,710,0,1,13,0,14,393,214,115,2,724,0,0,0,724
12/15/2006,IND,IN,AGL,CE,Combined TRACON& Tower with Radar,384,210,89,2,685,60,40,15,0,115,444,250,104,2,800,0,0,0,800
12/16/2006,IND,IN,AGL,CE,Combined TRACON& Tower with Radar,316,138,51,0,505,15,3,12,0,30,331,141,63,0,535,0,0,0,535
12/17/2006,IND,IN,AGL,CE,Combined TRACON& Tower with Radar,232,151,37,0,420,0,0,9,1,10,232,151,46,1,430,0,0,0,430
12/18/2006,IND,IN,AGL,CE,Combined TRACON& Tower with Radar,230,211,81,3,525,0,0,11,0,11,230,211,92,3,536,0,0,0,536
12/19/2006,IND,IN,AGL,CE,Combined TRACON& Tower with Radar,394,227,93,0,714,0,0,17,0,17,394,227,110,0,731,0,0,0,731
12/20/2006,IND,IN,AGL,CE,Combined TRACON& Tower with Radar,375,224,84,1,684,0,0,12,3,15,375,224,96,4,699,0,0,0,699
12/21/2006,IND,IN,AGL,CE,Combined TRACON& Tower with Radar,369,211,76,0,656,0,0,0,0,0,369,211,76,0,656,0,0,0,656
12/22/2006,IND,IN,AGL,CE,Combined TRACON& Tower with Radar,383,212,59,1,655,0,0,3,0,3,383,212,62,1,658,0,0,0,658
12/23/2006,IND,IN,AGL,CE,Combined TRACON& Tower with Radar,332,159,18,0,509,0,0,1,0,1,332,159,19,0,510,0,0,0,510
12/24/2006,IND,IN,AGL,CE,Combined TRACON& Tower with Radar,196,121,14,0,331,0,0,4,0,4,196,121,18,0,335,0,0,0,335
12/25/2006,IND,IN,AGL,CE,Combined TRACON& Tower with Radar,185,127,10,0,322,0,0,0,0,0,185,127,10,0,322,0,0,0,322
12/26/2006,IND,IN,AGL,CE,Combined TRACON& Tower with Radar,233,194,39,0,466,0,1,1,0,2,233,195,40,0,468,0,0,0,468
12/27/2006,IND,IN,AGL,CE,Combined TRACON& Tower with Radar,364,217,43,3,627,0,1,19,0,20,364,218,62,3,647,0,0,0,647
12/28/2006,IND,IN,AGL,CE,Combined TRACON& Tower with Radar,360,197,31,4,592,0,2,4,0,6,360,199,35,4,598,0,0,0,598
12/29/2006,IND,IN,AGL,CE,Combined TRACON& Tower with Radar,336,187,36,3,562,0,1,13,1,15,336,188,49,4,577,0,0,0,577
12/30/2006,IND,IN,AGL,CE,Combined TRACON& Tower with Radar,257,148,25,0,430,0,2,2,0,4,257,150,27,0,434,0,0,0,434
12/31/2006,IND,IN,AGL,CE,Combined TRACON& Tower with Radar,192,129,14,0,335,0,0,0,0,0,192,129,14,0,335,0,0,0,335
01/01/2007,IND,IN,AGL,CE,Combined TRACON& Tower with Radar,200,142,10,0,352,0,1,0,0,1,200,143,10,0,353,0,0,0,353
01/02/2007,IND,IN,AGL,CE,Combined TRACON& Tower with Radar,242,184,49,0,475,0,3,4,0,7,242,187,53,0,482,0,0,0,482
01/03/2007,IND,IN,AGL,CE,Combined TRACON& Tower with Radar,353,213,56,4,626,0,1,5,0,6,353,214,61,4,632,0,0,0,632
01/04/2007,IND,IN,AGL,CE,Combined TRACON& Tower with Radar,340,195,66,5,606,0,1,8,0,9,340,196,74,5,615,0,0,0,615
01/05/2007,IND,IN,AGL,CE,Combined TRACON& Tower with Radar,345,211,67,2,625,0,0,0,0,0,345,211,67,2,625,0,0,0,625
01/06/2007,IND,IN,AGL,CE,Combined TRACON& Tower with Radar,245,148,76,0,469,19,14,8,0,41,264,162,84,0,510,0,0,0,510
01/07/2007,IND,IN,AGL,CE,Combined TRACON& Tower with Radar,198,146,34,2,380,3,1,0,0,4,201,147,34,2,384,0,0,0,384
01/08/2007,IND,IN,AGL,CE,Combined TRACON& Tower with Radar,227,184,44,4,459,0,0,5,0,5,227,184,49,4,464,0,0,0,464
01/09/2007,IND,IN,AGL,CE,Combined TRACON& Tower with Radar,352,227,71,0,650,0,1,8,0,9,352,228,79,0,659,0,0,0,659
01/10/2007,IND,IN,AGL,CE,Combined TRACON& Tower with Radar,356,212,84,0,652,1,3,16,0,20,357,215,100,0,672,0,0,0,672
01/11/2007,IND,IN,AGL,CE,Combined TRACON& Tower with Radar,356,229,81,4,670,0,2,5,2,9,356,231,86,6,679,0,0,0,679
01/12/2007,IND,IN,AGL,CE,Combined TRACON& Tower with Radar,345,220,73,0,638,0,0,2,0,2,345,220,75,0,640,0,0,0,640
01/13/2007,IND,IN,AGL,CE,Combined TRACON& Tower with Radar,228,133,30,4,395,0,0,0,0,0,228,133,30,4,395,0,0,0,395
01/14/2007,IND,IN,AGL,CE,Combined TRACON& Tower with Radar,192,124,20,0,336,1,1,0,0,2,193,125,20,0,338,0,0,0,338
01/15/2007,IND,IN,AGL,CE,Combined TRACON& Tower with Radar,219,186,47,0,452,0,1,0,0,1,219,187,47,0,453,0,0,0,453
01/16/2007,IND,IN,AGL,CE,Combined TRACON& Tower with Radar,362,197,94,5,658,0,0,5,0,5,362,197,99,5,663,0,0,0,663
01/17/2007,IND,IN,AGL,CE,Combined TRACON& Tower with Radar,353,205,94,1,653,0,2,6,1,9,353,207,100,2,662,0,0,0,662
01/18/2007,IND,IN,AGL,CE,Combined TRACON& Tower with Radar,354,227,71,5,657,0,1,7,2,10,354,228,78,7,667,0,0,0,667
01/19/2007,IND,IN,AGL,CE,Combined TRACON& Tower with Radar,351,204,73,0,628,0,0,10,0,10,351,204,83,0,638,0,0,0,638
01/20/2007,IND,IN,AGL,CE,Combined TRACON& Tower with Radar,235,135,28,0,398,1,0,19,1,21,236,135,47,1,419,0,0,0,419
01/21/2007,IND,IN,AGL,CE,Combined TRACON& Tower with Radar,182,169,82,1,434,0,0,0,0,0,182,169,82,1,434,0,0,0,434
01/22/2007,IND,IN,AGL,CE,Combined TRACON& Tower with Radar,227,211,100,2,540,6,3,2,0,11,233,214,102,2,551,0,0,0,551
01/23/2007,IND,IN,AGL,CE,Combined TRACON& Tower with Radar,357,208,91,2,658,0,1,5,0,6,357,209,96,2,664,0,0,0,664
01/24/2007,IND,IN,AGL,CE,Combined TRACON& Tower with Radar,356,217,73,2,648,1,0,7,0,8,357,217,80,2,656,0,0,0,656
01/25/2007,IND,IN,AGL,CE,Combined TRACON& Tower with Radar,351,216,85,2,654,1,0,18,0,19,352,216,103,2,673,0,0,0,673
01/26/2007,IND,IN,AGL,CE,Combined TRACON& Tower with Radar,355,201,42,4,602,1,4,19,0,24,356,205,61,4,626,0,0,0,626
01/27/2007,IND,IN,AGL,CE,Combined TRACON& Tower with Radar,235,135,35,0,405,0,0,3,0,3,235,135,38,0,408,0,0,0,408
01/28/2007,IND,IN,AGL,CE,Combined TRACON& Tower with Radar,202,143,38,2,385,0,0,0,0,0,202,143,38,2,385,0,0,0,385
01/29/2007,IND,IN,AGL,CE,Combined TRACON& Tower with Radar,228,184,70,3,485,0,0,6,0,6,228,184,76,3,491,0,0,0,491
01/30/2007,IND,IN,AGL,CE,Combined TRACON& Tower with Radar,351,219,66,9,645,0,1,7,0,8,351,220,73,9,653,0,0,0,653
01/31/2007,IND,IN,AGL,CE,Combined TRACON& Tower with Radar,360,210,90,4,664,0,0,9,0,9,360,210,99,4,673,0,0,0,673
02/01/2007,IND,IN,AGL,CE,Combined TRACON& Tower with Radar,358,224,72,2,656,0,4,2,0,6,358,228,74,2,662,0,0,0,662
02/02/2007,IND,IN,AGL,CE,Combined TRACON& Tower with Radar,354,216,55,0,625,0,2,4,0,6,354,218,59,0,631,0,0,0,631
02/03/2007,IND,IN,AGL,CE,Combined TRACON& Tower with Radar,229,134,30,0,393,0,1,0,0,1,229,135,30,0,394,0,0,0,394
02/04/2007,IND,IN,AGL,CE,Combined TRACON& Tower with Radar,189,146,25,0,360,0,1,4,0,5,189,147,29,0,365,0,0,0,365
02/05/2007,IND,IN,AGL,CE,Combined TRACON& Tower with Radar,244,211,98,2,555,0,0,14,0,14,244,211,112,2,569,0,0,0,569
02/06/2007,IND,IN,AGL,CE,Combined TRACON& Tower with Radar,334,207,80,2,623,1,0,1,0,2,335,207,81,2,625,0,0,0,625
02/07/2007,IND,IN,AGL,CE,Combined TRACON& Tower with Radar,369,239,84,6,698,0,2,7,0,9,369,241,91,6,707,0,0,0,707
02/08/2007,IND,IN,AGL,CE,Combined TRACON& Tower with Radar,355,235,62,4,656,0,1,10,0,11,355,236,72,4,667,0,0,0,667
02/09/2007,IND,IN,AGL,CE,Combined TRACON& Tower with Radar,348,214,81,3,646,0,0,9,0,9,348,214,90,3,655,0,0,0,655
02/10/2007,IND,IN,AGL,CE,Combined TRACON& Tower with Radar,234,121,17,1,373,0,0,6,1,7,234,121,23,2,380,0,0,0,380
02/11/2007,IND,IN,AGL,CE,Combined TRACON& Tower with Radar,199,151,24,1,375,0,1,3,0,4,199,152,27,1,379,0,0,0,379
02/12/2007,IND,IN,AGL,CE,Combined TRACON& Tower with Radar,208,222,77,0,507,0,1,6,0,7,208,223,83,0,514,0,0,0,514
02/13/2007,IND,IN,AGL,CE,Combined TRACON& Tower with Radar,175,54,14,0,243,0,0,0,0,0,175,54,14,0,243,0,0,0,243
02/14/2007,IND,IN,AGL,CE,Combined TRACON& Tower with Radar,330,168,57,1,556,0,0,9,1,10,330,168,66,2,566,0,0,0,566
02/15/2007,IND,IN,AGL,CE,Combined TRACON& Tower with Radar,364,210,81,0,655,0,0,7,0,7,364,210,88,0,662,0,0,0,662
02/16/2007,IND,IN,AGL,CE,Combined TRACON& Tower with Radar,358,220,75,2,655,7,1,24,0,32,365,221,99,2,687,0,0,0,687
02/17/2007,IND,IN,AGL,CE,Combined TRACON& Tower with Radar,241,138,25,1,405,0,0,0,0,0,241,138,25,1,405,0,0,0,405
02/18/2007,IND,IN,AGL,CE,Combined TRACON& Tower with Radar,210,158,41,3,412,0,1,9,0,10,210,159,50,3,422,0,0,0,422
02/19/2007,IND,IN,AGL,CE,Combined TRACON& Tower with Radar,229,212,82,2,525,0,3,13,0,16,229,215,95,2,541,0,0,0,541
02/20/2007,IND,IN,AGL,CE,Combined TRACON& Tower with Radar,358,229,82,3,672,0,0,10,0,10,358,229,92,3,682,0,0,0,682
02/21/2007,IND,IN,AGL,CE,Combined TRACON& Tower with Radar,379,234,103,2,718,0,2,10,1,13,379,236,113,3,731,0,0,0,731
02/22/2007,IND,IN,AGL,CE,Combined TRACON& Tower with Radar,383,230,86,0,699,0,0,20,0,20,383,230,106,0,719,0,0,0,719
02/23/2007,IND,IN,AGL,CE,Combined TRACON& Tower with Radar,366,224,84,4,678,0,3,14,0,17,366,227,98,4,695,0,0,0,695
02/24/2007,IND,IN,AGL,CE,Combined TRACON& Tower with Radar,207,123,23,0,353,0,0,2,0,2,207,123,25,0,355,0,0,0,355
02/25/2007,IND,IN,AGL,CE,Combined TRACON& Tower with Radar,189,139,35,3,366,0,0,0,1,1,189,139,35,4,367,0,0,0,367
02/26/2007,IND,IN,AGL,CE,Combined TRACON& Tower with Radar,230,199,72,2,503,0,2,4,0,6,230,201,76,2,509,0,0,0,509
02/27/2007,IND,IN,AGL,CE,Combined TRACON& Tower with Radar,374,218,114,0,706,0,1,12,0,13,374,219,126,0,719,0,0,0,719
02/28/2007,IND,IN,AGL,CE,Combined TRACON& Tower with Radar,372,226,91,2,691,11,5,10,0,26,383,231,101,2,717,0,0,0,717
03/01/2007,IND,IN,AGL,CE,Combined TRACON& Tower with Radar,350,206,63,0,619,1,6,5,1,13,351,212,68,1,632,0,0,0,632
03/02/2007,IND,IN,AGL,CE,Combined TRACON& Tower with Radar,365,195,61,4,625,1,2,6,1,10,366,197,67,5,635,0,0,0,635
03/03/2007,IND,IN,AGL,CE,Combined TRACON& Tower with Radar,240,133,21,2,396,0,2,3,0,5,240,135,24,2,401,0,0,0,401
03/04/2007,IND,IN,AGL,CE,Combined TRACON& Tower with Radar,200,148,21,0,369,0,0,8,1,9,200,148,29,1,378,0,0,0,378
03/05/2007,IND,IN,AGL,CE,Combined TRACON& Tower with Radar,227,204,81,0,512,1,2,20,0,23,228,206,101,0,535,0,0,0,535
03/06/2007,IND,IN,AGL,CE,Combined TRACON& Tower with Radar,359,206,110,3,678,2,4,21,0,27,361,210,131,3,705,0,0,0,705
03/07/2007,IND,IN,AGL,CE,Combined TRACON& Tower with Radar,376,211,87,0,674,5,5,10,0,20,381,216,97,0,694,0,0,0,694
03/08/2007,IND,IN,AGL,CE,Combined TRACON& Tower with Radar,361,224,86,0,671,0,2,23,0,25,361,226,109,0,696,0,0,0,696
03/09/2007,IND,IN,AGL,CE,Combined TRACON& Tower with Radar,359,207,74,4,644,0,0,21,1,22,359,207,95,5,666,0,0,0,666
03/10/2007,IND,IN,AGL,CE,Combined TRACON& Tower with Radar,236,141,22,0,399,0,2,8,0,10,236,143,30,0,409,0,0,0,409
03/11/2007,IND,IN,AGL,CE,Combined TRACON& Tower with Radar,210,166,19,2,397,0,2,10,0,12,210,168,29,2,409,0,0,0,409
03/12/2007,IND,IN,AGL,CE,Combined TRACON& Tower with Radar,233,215,61,2,511,0,2,19,0,21,233,217,80,2,532,0,0,0,532
03/13/2007,IND,IN,AGL,CE,Combined TRACON& Tower with Radar,363,217,88,3,671,0,7,15,3,25,363,224,103,6,696,0,0,0,696
03/14/2007,IND,IN,AGL,CE,Combined TRACON& Tower with Radar,359,236,87,5,687,0,2,12,0,14,359,238,99,5,701,0,0,0,701
03/15/2007,IND,IN,AGL,CE,Combined TRACON& Tower with Radar,369,225,78,0,672,5,0,5,0,10,374,225,83,0,682,0,0,0,682
03/16/2007,IND,IN,AGL,CE,Combined TRACON& Tower with Radar,353,184,70,2,609,5,0,6,0,11,358,184,76,2,620,0,0,0,620
03/17/2007,IND,IN,AGL,CE,Combined TRACON& Tower with Radar,236,128,32,0,396,1,5,4,0,10,237,133,36,0,406,0,0,0,406
03/18/2007,IND,IN,AGL,CE,Combined TRACON& Tower with Radar,206,168,38,7,419,0,1,8,0,9,206,169,46,7,428,0,0,0,428
03/19/2007,IND,IN,AGL,CE,Combined TRACON& Tower with Radar,232,197,58,1,488,0,0,3,0,3,232,197,61,1,491,0,0,0,491
03/20/2007,IND,IN,AGL,CE,Combined TRACON& Tower with Radar,364,224,87,3,678,2,3,28,0,33,366,227,115,3,711,0,0,0,711
03/21/2007,IND,IN,AGL,CE,Combined TRACON& Tower with Radar,400,225,66,4,695,1,2,19,0,22,401,227,85,4,717,0,0,0,717
03/22/2007,IND,IN,AGL,CE,Combined TRACON& Tower with Radar,366,210,81,1,658,1,1,5,0,7,367,211,86,1,665,0,0,0,665
03/23/2007,IND,IN,AGL,CE,Combined TRACON& Tower with Radar,366,206,67,1,640,0,1,0,0,1,366,207,67,1,641,0,0,0,641
03/24/2007,IND,IN,AGL,CE,Combined TRACON& Tower with Radar,258,156,40,2,456,0,2,3,0,5,258,158,43,2,461,0,0,0,461
03/25/2007,IND,IN,AGL,CE,Combined TRACON& Tower with Radar,212,161,40,0,413,0,5,4,0,9,212,166,44,0,422,0,0,0,422
03/26/2007,IND,IN,AGL,CE,Combined TRACON& Tower with Radar,228,205,41,3,477,0,0,13,0,13,228,205,54,3,490,0,0,0,490
03/27/2007,IND,IN,AGL,CE,Combined TRACON& Tower with Radar,368,212,66,1,647,0,4,24,7,35,368,216,90,8,682,0,0,0,682
03/28/2007,IND,IN,AGL,CE,Combined TRACON& Tower with Radar,365,210,63,0,638,1,2,3,0,6,366,212,66,0,644,0,0,0,644
03/29/2007,IND,IN,AGL,CE,Combined TRACON& Tower with Radar,363,211,68,2,644,2,6,21,0,29,365,217,89,2,673,0,0,0,673
03/30/2007,IND,IN,AGL,CE,Combined TRACON& Tower with Radar,353,211,54,3,621,0,0,20,1,21,353,211,74,4,642,0,0,0,642
03/31/2007,IND,IN,AGL,CE,Combined TRACON& Tower with Radar,254,145,29,2,430,1,5,1,1,8,255,150,30,3,438,0,0,0,438
04/01/2007,IND,IN,AGL,CE,Combined TRACON& Tower with Radar,217,165,30,3,415,0,2,7,0,9,217,167,37,3,424,0,0,0,424
04/02/2007,IND,IN,AGL,CE,Combined TRACON& Tower with Radar,227,197,59,2,485,0,3,27,0,30,227,200,86,2,515,0,0,0,515
04/03/2007,IND,IN,AGL,CE,Combined TRACON& Tower with Radar,372,198,63,0,633,0,3,11,0,14,372,201,74,0,647,0,0,0,647
04/04/2007,IND,IN,AGL,CE,Combined TRACON& Tower with Radar,365,204,72,7,648,2,2,4,0,8,367,206,76,7,656,0,0,0,656
04/05/2007,IND,IN,AGL,CE,Combined TRACON& Tower with Radar,367,215,99,4,685,2,8,8,0,18,369,223,107,4,703,0,0,0,703
04/06/2007,IND,IN,AGL,CE,Combined TRACON& Tower with Radar,347,200,44,4,595,0,2,11,0,13,347,202,55,4,608,0,0,0,608
04/07/2007,IND,IN,AGL,CE,Combined TRACON& Tower with Radar,244,149,31,0,424,2,1,5,0,8,246,150,36,0,432,0,0,0,432
04/08/2007,IND,IN,AGL,CE,Combined TRACON& Tower with Radar,212,156,20,3,391,0,0,4,0,4,212,156,24,3,395,0,0,0,395
04/09/2007,IND,IN,AGL,CE,Combined TRACON& Tower with Radar,225,189,69,0,483,0,3,6,1,10,225,192,75,1,493,0,0,0,493
04/10/2007,IND,IN,AGL,CE,Combined TRACON& Tower with Radar,353,206,76,0,635,0,2,15,0,17,353,208,91,0,652,0,0,0,652
04/11/2007,IND,IN,AGL,CE,Combined TRACON& Tower with Radar,344,204,66,4,618,2,7,4,0,13,346,211,70,4,631,0,0,0,631
04/12/2007,IND,IN,AGL,CE,Combined TRACON& Tower with Radar,371,220,89,2,682,1,3,2,3,9,372,223,91,5,691,0,0,0,691
04/13/2007,IND,IN,AGL,CE,Combined TRACON& Tower with Radar,351,212,49,5,617,1,3,18,0,22,352,215,67,5,639,0,0,0,639
04/14/2007,IND,IN,AGL,CE,Combined TRACON& Tower with Radar,230,150,19,4,403,0,2,7,1,10,230,152,26,5,413,0,0,0,413
04/15/2007,IND,IN,AGL,CE,Combined TRACON& Tower with Radar,210,147,31,0,388,0,1,8,0,9,210,148,39,0,397,0,0,0,397
04/16/2007,IND,IN,AGL,CE,Combined TRACON& Tower with Radar,221,179,72,4,476,1,7,19,0,27,222,186,91,4,503,0,0,0,503
04/17/2007,IND,IN,AGL,CE,Combined TRACON& Tower with Radar,349,199,81,2,631,3,3,25,1,32,352,202,106,3,663,0,0,0,663
04/18/2007,IND,IN,AGL,CE,Combined TRACON& Tower with Radar,366,232,92,2,692,1,8,22,0,31,367,240,114,2,723,0,0,0,723
04/19/2007,IND,IN,AGL,CE,Combined TRACON& Tower with Radar,363,217,68,0,648,1,5,11,1,18,364,222,79,1,666,0,0,0,666
04/20/2007,IND,IN,AGL,CE,Combined TRACON& Tower with Radar,343,213,70,0,626,0,5,22,0,27,343,218,92,0,653,0,0,0,653
04/21/2007,IND,IN,AGL,CE,Combined TRACON& Tower with Radar,240,152,38,0,430,0,2,14,0,16,240,154,52,0,446,0,0,0,446
04/22/2007,IND,IN,AGL,CE,Combined TRACON& Tower with Radar,206,158,32,0,396,0,3,7,3,13,206,161,39,3,409,0,0,0,409
04/23/2007,IND,IN,AGL,CE,Combined TRACON& Tower with Radar,228,191,76,1,496,0,1,21,0,22,228,192,97,1,518,0,0,0,518
04/24/2007,IND,IN,AGL,CE,Combined TRACON& Tower with Radar,355,204,91,3,653,1,6,28,1,36,356,210,119,4,689,0,0,0,689
04/25/2007,IND,IN,AGL,CE,Combined TRACON& Tower with Radar,355,203,106,0,664,2,4,8,0,14,357,207,114,0,678,0,0,0,678
04/26/2007,IND,IN,AGL,CE,Combined TRACON& Tower with Radar,360,220,71,3,654,1,3,8,0,12,361,223,79,3,666,0,0,0,666
04/27/2007,IND,IN,AGL,CE,Combined TRACON& Tower with Radar,354,186,67,1,608,1,2,8,0,11,355,188,75,1,619,0,0,0,619
04/28/2007,IND,IN,AGL,CE,Combined TRACON& Tower with Radar,244,144,34,0,422,0,2,11,0,13,244,146,45,0,435,0,0,0,435
04/29/2007,IND,IN,AGL,CE,Combined TRACON& Tower with Radar,203,149,47,0,399,0,5,13,0,18,203,154,60,0,417,0,0,0,417
04/30/2007,IND,IN,AGL,CE,Combined TRACON& Tower with Radar,237,199,82,0,518,0,2,19,0,21,237,201,101,0,539,0,0,0,539
05/01/2007,IND,IN,AGL,CE,Combined TRACON& Tower with Radar,356,203,77,1,637,1,3,18,0,22,357,206,95,1,659,0,0,0,659
05/02/2007,IND,IN,AGL,CE,Combined TRACON& Tower with Radar,352,223,70,0,645,0,3,10,1,14,352,226,80,1,659,0,0,0,659
05/03/2007,IND,IN,AGL,CE,Combined TRACON& Tower with Radar,349,206,81,2,638,6,15,24,0,45,355,221,105,2,683,0,0,0,683
05/04/2007,IND,IN,AGL,CE,Combined TRACON& Tower with Radar,340,203,73,0,616,2,10,13,0,25,342,213,86,0,641,0,0,0,641
05/05/2007,IND,IN,AGL,CE,Combined TRACON& Tower with Radar,234,143,25,1,403,0,6,5,1,12,234,149,30,2,415,0,0,0,415
05/06/2007,IND,IN,AGL,CE,Combined TRACON& Tower with Radar,198,153,35,0,386,2,11,7,0,20,200,164,42,0,406,0,0,0,406
05/07/2007,IND,IN,AGL,CE,Combined TRACON& Tower with Radar,214,184,78,2,478,4,10,16,1,31,218,194,94,3,509,0,0,0,509
05/08/2007,IND,IN,AGL,CE,Combined TRACON& Tower with Radar,342,226,91,2,661,3,6,18,1,28,345,232,109,3,689,0,0,0,689
05/09/2007,IND,IN,AGL,CE,Combined TRACON& Tower with Radar,345,203,89,0,637,0,6,26,0,32,345,209,115,0,669,0,0,0,669
05/10/2007,IND,IN,AGL,CE,Combined TRACON& Tower with Radar,356,199,98,0,653,0,5,21,5,31,356,204,119,5,684,0,0,0,684
05/11/2007,IND,IN,AGL,CE,Combined TRACON& Tower with Radar,341,222,94,6,663,0,9,21,2,32,341,231,115,8,695,0,0,0,695
05/12/2007,IND,IN,AGL,CE,Combined TRACON& Tower with Radar,228,139,28,2,397,0,5,11,1,17,228,144,39,3,414,0,0,0,414
05/13/2007,IND,IN,AGL,CE,Combined TRACON& Tower with Radar,192,153,21,0,366,1,3,8,2,14,193,156,29,2,380,0,0,0,380
05/14/2007,IND,IN,AGL,CE,Combined TRACON& Tower with Radar,214,201,100,0,515,0,3,16,0,19,214,204,116,0,534,0,0,0,534
05/15/2007,IND,IN,AGL,CE,Combined TRACON& Tower with Radar,365,214,77,0,656,0,3,20,0,23,365,217,97,0,679,0,0,0,679
05/16/2007,IND,IN,AGL,CE,Combined TRACON& Tower with Radar,357,219,103,0,679,0,3,17,0,20,357,222,120,0,699,0,0,0,699
05/17/2007,IND,IN,AGL,CE,Combined TRACON& Tower with Radar,347,238,79,0,664,2,1,12,0,15,349,239,91,0,679,0,0,0,679
05/18/2007,IND,IN,AGL,CE,Combined TRACON& Tower with Radar,331,207,55,3,596,0,2,8,6,16,331,209,63,9,612,0,0,0,612
05/19/2007,IND,IN,AGL,CE,Combined TRACON& Tower with Radar,232,140,29,0,401,0,2,7,0,9,232,142,36,0,410,0,0,0,410
05/20/2007,IND,IN,AGL,CE,Combined TRACON& Tower with Radar,196,166,55,3,420,0,2,12,2,16,196,168,67,5,436,0,0,0,436
05/21/2007,IND,IN,AGL,CE,Combined TRACON& Tower with Radar,210,209,70,0,489,0,10,25,1,36,210,219,95,1,525,0,0,0,525
05/22/2007,IND,IN,AGL,CE,Combined TRACON& Tower with Radar,346,200,64,2,612,0,14,15,0,29,346,214,79,2,641,0,0,0,641
05/23/2007,IND,IN,AGL,CE,Combined TRACON& Tower with Radar,348,205,78,0,631,0,1,13,0,14,348,206,91,0,645,0,0,0,645
05/24/2007,IND,IN,AGL,CE,Combined TRACON& Tower with Radar,352,222,78,2,654,1,3,16,0,20,353,225,94,2,674,0,0,0,674
05/25/2007,IND,IN,AGL,CE,Combined TRACON& Tower with Radar,343,221,98,4,666,0,2,10,0,12,343,223,108,4,678,0,0,0,678
05/26/2007,IND,IN,AGL,CE,Combined TRACON& Tower with Radar,248,158,55,1,462,0,1,6,0,7,248,159,61,1,469,0,0,0,469
05/27/2007,IND,IN,AGL,CE,Combined TRACON& Tower with Radar,190,177,141,2,510,0,2,45,0,47,190,179,186,2,557,0,0,0,557
05/28/2007,IND,IN,AGL,CE,Combined TRACON& Tower with Radar,219,197,54,1,471,0,4,6,1,11,219,201,60,2,482,0,0,0,482
05/29/2007,IND,IN,AGL,CE,Combined TRACON& Tower with Radar,235,198,64,0,497,2,17,12,1,32,237,215,76,1,529,0,0,0,529
05/30/2007,IND,IN,AGL,CE,Combined TRACON& Tower with Radar,350,214,75,0,639,1,7,16,0,24,351,221,91,0,663,0,0,0,663
05/31/2007,IND,IN,AGL,CE,Combined TRACON& Tower with Radar,362,220,77,1,660,1,7,9,0,17,363,227,86,1,677,0,0,0,677
06/01/2007,IND,IN,AGL,CE,Combined TRACON& Tower with Radar,359,208,60,5,632,0,5,15,1,21,359,213,75,6,653,0,0,0,653
06/02/2007,IND,IN,AGL,CE,Combined TRACON& Tower with Radar,250,145,25,0,420,0,1,7,1,9,250,146,32,1,429,0,0,0,429
06/03/2007,IND,IN,AGL,CE,Combined TRACON& Tower with Radar,196,158,24,0,378,2,0,9,3,14,198,158,33,3,392,0,0,0,392
06/04/2007,IND,IN,AGL,CE,Combined TRACON& Tower with Radar,220,186,67,2,475,0,4,5,0,9,220,190,72,2,484,0,0,0,484
06/05/2007,IND,IN,AGL,CE,Combined TRACON& Tower with Radar,359,199,73,2,633,3,2,16,2,23,362,201,89,4,656,0,0,0,656
06/06/2007,IND,IN,AGL,CE,Combined TRACON& Tower with Radar,358,194,101,4,657,11,2,30,0,43,369,196,131,4,700,0,0,0,700
06/07/2007,IND,IN,AGL,CE,Combined TRACON& Tower with Radar,354,203,65,0,622,1,2,8,0,11,355,205,73,0,633,0,0,0,633
06/08/2007,IND,IN,AGL,CE,Combined TRACON& Tower with Radar,349,163,69,2,583,3,4,16,1,24,352,167,85,3,607,0,0,0,607
06/09/2007,IND,IN,AGL,CE,Combined TRACON& Tower with Radar,257,138,21,6,422,0,1,11,3,15,257,139,32,9,437,0,0,0,437
06/10/2007,IND,IN,AGL,CE,Combined TRACON& Tower with Radar,215,154,24,1,394,0,3,7,2,12,215,157,31,3,406,0,0,0,406
06/11/2007,IND,IN,AGL,CE,Combined TRACON& Tower with Radar,237,186,62,0,485,2,8,22,1,33,239,194,84,1,518,0,0,0,518
06/12/2007,IND,IN,AGL,CE,Combined TRACON& Tower with Radar,365,186,72,0,623,1,14,16,2,33,366,200,88,2,656,0,0,0,656
06/13/2007,IND,IN,AGL,CE,Combined TRACON& Tower with Radar,368,199,91,2,660,1,16,23,1,41,369,215,114,3,701,0,0,0,701
06/14/2007,IND,IN,AGL,CE,Combined TRACON& Tower with Radar,376,219,81,0,676,0,2,24,0,26,376,221,105,0,702,0,0,0,702
06/15/2007,IND,IN,AGL,CE,Combined TRACON& Tower with Radar,362,211,56,1,630,0,7,14,0,21,362,218,70,1,651,0,0,0,651
06/16/2007,IND,IN,AGL,CE,Combined TRACON& Tower with Radar,253,127,28,0,408,5,0,15,0,20,258,127,43,0,428,0,0,0,428
06/17/2007,IND,IN,AGL,CE,Combined TRACON& Tower with Radar,205,196,97,0,498,0,1,47,1,49,205,197,144,1,547,0,0,0,547
06/18/2007,IND,IN,AGL,CE,Combined TRACON& Tower with Radar,240,194,79,0,513,1,2,13,1,17,241,196,92,1,530,0,0,0,530
06/19/2007,IND,IN,AGL,CE,Combined TRACON& Tower with Radar,383,187,88,1,659,1,1,14,1,17,384,188,102,2,676,0,0,0,676
06/20/2007,IND,IN,AGL,CE,Combined TRACON& Tower with Radar,369,214,68,1,652,0,4,10,1,15,369,218,78,2,667,0,0,0,667
06/21/2007,IND,IN,AGL,CE,Combined TRACON& Tower with Radar,362,204,79,0,645,2,4,32,0,38,364,208,111,0,683,0,0,0,683
06/22/2007,IND,IN,AGL,CE,Combined TRACON& Tower with Radar,348,193,69,2,612,6,31,15,2,54,354,224,84,4,666,0,0,0,666
06/23/2007,IND,IN,AGL,CE,Combined TRACON& Tower with Radar,246,126,31,2,405,2,14,7,1,24,248,140,38,3,429,0,0,0,429
06/24/2007,IND,IN,AGL,CE,Combined TRACON& Tower with Radar,205,150,35,0,390,0,3,2,0,5,205,153,37,0,395,0,0,0,395
06/25/2007,IND,IN,AGL,CE,Combined TRACON& Tower with Radar,215,200,65,3,483,0,4,9,0,13,215,204,74,3,496,0,0,0,496
06/26/2007,IND,IN,AGL,CE,Combined TRACON& Tower with Radar,359,197,76,0,632,0,4,13,0,17,359,201,89,0,649,0,0,0,649
06/27/2007,IND,IN,AGL,CE,Combined TRACON& Tower with Radar,333,209,80,4,626,0,2,13,0,15,333,211,93,4,641,0,0,0,641
06/28/2007,IND,IN,AGL,CE,Combined TRACON& Tower with Radar,363,211,92,1,667,1,1,9,0,11,364,212,101,1,678,0,0,0,678
06/29/2007,IND,IN,AGL,CE,Combined TRACON& Tower with Radar,355,194,94,4,647,2,8,12,0,22,357,202,106,4,669,0,0,0,669
06/30/2007,IND,IN,AGL,CE,Combined TRACON& Tower with Radar,249,127,23,0,399,0,2,16,2,20,249,129,39,2,419,0,0,0,419
07/01/2007,IND,IN,AGL,CE,Combined TRACON& Tower with Radar,205,141,31,0,377,1,8,12,0,21,206,149,43,0,398,0,0,0,398
07/02/2007,IND,IN,AGL,CE,Combined TRACON& Tower with Radar,236,140,46,0,422,0,20,29,2,51,236,160,75,2,473,0,0,0,473
07/03/2007,IND,IN,AGL,CE,Combined TRACON& Tower with Radar,367,148,49,0,564,3,1,38,0,42,370,149,87,0,606,0,0,0,606
07/04/2007,IND,IN,AGL,CE,Combined TRACON& Tower with Radar,233,121,1,0,355,0,1,8,0,9,233,122,9,0,364,0,0,0,364
07/05/2007,IND,IN,AGL,CE,Combined TRACON& Tower with Radar,313,153,47,1,514,0,2,4,2,8,313,155,51,3,522,0,0,0,522
07/06/2007,IND,IN,AGL,CE,Combined TRACON& Tower with Radar,360,172,36,1,569,0,0,14,0,14,360,172,50,1,583,0,0,0,583
07/07/2007,IND,IN,AGL,CE,Combined TRACON& Tower with Radar,263,131,33,2,429,1,2,7,0,10,264,133,40,2,439,0,0,0,439
07/08/2007,IND,IN,AGL,CE,Combined TRACON& Tower with Radar,210,145,50,2,407,0,4,5,0,9,210,149,55,2,416,0,0,0,416
07/09/2007,IND,IN,AGL,CE,Combined TRACON& Tower with Radar,242,184,72,0,498,0,1,19,0,20,242,185,91,0,518,0,0,0,518
07/10/2007,IND,IN,AGL,CE,Combined TRACON& Tower with Radar,370,205,84,4,663,0,6,12,0,18,370,211,96,4,681,0,0,0,681
07/11/2007,IND,IN,AGL,CE,Combined TRACON& Tower with Radar,374,198,85,6,663,8,5,14,0,27,382,203,99,6,690,0,0,0,690
07/12/2007,IND,IN,AGL,CE,Combined TRACON& Tower with Radar,361,200,68,2,631,1,3,15,2,21,362,203,83,4,652,0,0,0,652
07/13/2007,IND,IN,AGL,CE,Combined TRACON& Tower with Radar,352,202,47,0,601,2,2,8,2,14,354,204,55,2,615,0,0,0,615
07/14/2007,IND,IN,AGL,CE,Combined TRACON& Tower with Radar,256,129,17,0,402,0,2,7,0,9,256,131,24,0,411,0,0,0,411
07/15/2007,IND,IN,AGL,CE,Combined TRACON& Tower with Radar,210,138,21,0,369,0,6,9,0,15,210,144,30,0,384,0,0,0,384
07/16/2007,IND,IN,AGL,CE,Combined TRACON& Tower with Radar,234,194,68,0,496,0,3,19,0,22,234,197,87,0,518,0,0,0,518
07/17/2007,IND,IN,AGL,CE,Combined TRACON& Tower with Radar,364,186,65,1,616,0,2,7,1,10,364,188,72,2,626,0,0,0,626
07/18/2007,IND,IN,AGL,CE,Combined TRACON& Tower with Radar,369,220,73,0,662,7,0,12,2,21,376,220,85,2,683,0,0,0,683
07/19/2007,IND,IN,AGL,CE,Combined TRACON& Tower with Radar,354,193,75,2,624,1,4,8,0,13,355,197,83,2,637,0,0,0,637
07/20/2007,IND,IN,AGL,CE,Combined TRACON& Tower with Radar,363,206,62,2,633,2,6,15,0,23,365,212,77,2,656,0,0,0,656
07/21/2007,IND,IN,AGL,CE,Combined TRACON& Tower with Radar,257,123,27,2,409,2,2,6,1,11,259,125,33,3,420,0,0,0,420
07/22/2007,IND,IN,AGL,CE,Combined TRACON& Tower with Radar,218,155,20,4,397,0,2,8,0,10,218,157,28,4,407,0,0,0,407
07/23/2007,IND,IN,AGL,CE,Combined TRACON& Tower with Radar,230,195,46,0,471,0,0,18,1,19,230,195,64,1,490,0,0,0,490
07/24/2007,IND,IN,AGL,CE,Combined TRACON& Tower with Radar,369,194,96,1,660,0,1,22,0,23,369,195,118,1,683,0,0,0,683
07/25/2007,IND,IN,AGL,CE,Combined TRACON& Tower with Radar,371,219,96,4,690,0,3,8,2,13,371,222,104,6,703,0,0,0,703
07/26/2007,IND,IN,AGL,CE,Combined TRACON& Tower with Radar,357,218,164,0,739,0,0,5,0,5,357,218,169,0,744,0,0,0,744
07/27/2007,IND,IN,AGL,CE,Combined TRACON& Tower with Radar,359,188,117,3,667,0,0,7,1,8,359,188,124,4,675,0,0,0,675
07/28/2007,IND,IN,AGL,CE,Combined TRACON& Tower with Radar,266,138,87,4,495,0,0,9,0,9,266,138,96,4,504,0,0,0,504
07/29/2007,IND,IN,AGL,CE,Combined TRACON& Tower with Radar,202,160,199,4,565,0,0,44,0,44,202,160,243,4,609,0,0,0,609
07/30/2007,IND,IN,AGL,CE,Combined TRACON& Tower with Radar,230,186,106,0,522,0,2,12,2,16,230,188,118,2,538,0,0,0,538
07/31/2007,IND,IN,AGL,CE,Combined TRACON& Tower with Radar,372,203,73,0,648,0,0,25,1,26,372,203,98,1,674,0,0,0,674
08/01/2007,IND,IN,AGL,CE,Combined TRACON& Tower with Radar,361,213,65,1,640,0,2,17,2,21,361,215,82,3,661,0,0,0,661
08/02/2007,IND,IN,AGL,CE,Combined TRACON& Tower with Radar,345,202,78,2,627,0,0,12,0,12,345,202,90,2,639,0,0,0,639
08/03/2007,IND,IN,AGL,CE,Combined TRACON& Tower with Radar,351,195,70,8,624,0,1,22,2,25,351,196,92,10,649,0,0,0,649
08/04/2007,IND,IN,AGL,CE,Combined TRACON& Tower with Radar,253,137,18,8,416,0,0,5,0,5,253,137,23,8,421,0,0,0,421
08/05/2007,IND,IN,AGL,CE,Combined TRACON& Tower with Radar,220,163,26,2,411,0,0,4,0,4,220,163,30,2,415,0,0,0,415
08/06/2007,IND,IN,AGL,CE,Combined TRACON& Tower with Radar,225,204,66,0,495,0,3,9,0,12,225,207,75,0,507,0,0,0,507
08/07/2007,IND,IN,AGL,CE,Combined TRACON& Tower with Radar,362,192,58,2,614,0,3,24,0,27,362,195,82,2,641,0,0,0,641
08/08/2007,IND,IN,AGL,CE,Combined TRACON& Tower with Radar,365,223,86,0,674,0,1,19,0,20,365,224,105,0,694,0,0,0,694
08/09/2007,IND,IN,AGL,CE,Combined TRACON& Tower with Radar,353,196,77,4,630,0,0,11,0,11,353,196,88,4,641,0,0,0,641
08/10/2007,IND,IN,AGL,CE,Combined TRACON& Tower with Radar,356,195,62,1,614,0,1,14,0,15,356,196,76,1,629,0,0,0,629
08/11/2007,IND,IN,AGL,CE,Combined TRACON& Tower with Radar,254,129,23,2,408,0,2,12,0,14,254,131,35,2,422,0,0,0,422
08/12/2007,IND,IN,AGL,CE,Combined TRACON& Tower with Radar,203,136,25,2,366,0,0,8,0,8,203,136,33,2,374,0,0,0,374
08/13/2007,IND,IN,AGL,CE,Combined TRACON& Tower with Radar,227,175,73,0,475,0,4,18,0,22,227,179,91,0,497,0,0,0,497
08/14/2007,IND,IN,AGL,CE,Combined TRACON& Tower with Radar,363,197,61,2,623,0,4,14,0,18,363,201,75,2,641,0,0,0,641
08/15/2007,IND,IN,AGL,CE,Combined TRACON& Tower with Radar,363,212,78,4,657,0,3,20,0,23,363,215,98,4,680,0,0,0,680
08/16/2007,IND,IN,AGL,CE,Combined TRACON& Tower with Radar,344,204,73,1,622,0,1,17,0,18,344,205,90,1,640,0,0,0,640
08/17/2007,IND,IN,AGL,CE,Combined TRACON& Tower with Radar,347,209,70,0,626,0,0,15,4,19,347,209,85,4,645,0,0,0,645
08/18/2007,IND,IN,AGL,CE,Combined TRACON& Tower with Radar,234,133,27,1,395,0,0,11,0,11,234,133,38,1,406,0,0,0,406
08/19/2007,IND,IN,AGL,CE,Combined TRACON& Tower with Radar,195,144,32,4,375,0,0,11,0,11,195,144,43,4,386,0,0,0,386
08/20/2007,IND,IN,AGL,CE,Combined TRACON& Tower with Radar,216,176,74,2,468,0,0,8,0,8,216,176,82,2,476,0,0,0,476
08/21/2007,IND,IN,AGL,CE,Combined TRACON& Tower with Radar,354,190,74,0,618,0,0,7,0,7,354,190,81,0,625,0,0,0,625
08/22/2007,IND,IN,AGL,CE,Combined TRACON& Tower with Radar,354,199,95,2,650,0,0,17,3,20,354,199,112,5,670,0,0,0,670
08/23/2007,IND,IN,AGL,CE,Combined TRACON& Tower with Radar,390,200,66,3,659,0,5,18,8,31,390,205,84,11,690,0,0,0,690
08/24/2007,IND,IN,AGL,CE,Combined TRACON& Tower with Radar,336,196,76,3,611,0,0,13,4,17,336,196,89,7,628,0,0,0,628
08/25/2007,IND,IN,AGL,CE,Combined TRACON& Tower with Radar,233,119,19,0,371,0,0,6,6,12,233,119,25,6,383,0,0,0,383
08/26/2007,IND,IN,AGL,CE,Combined TRACON& Tower with Radar,194,149,20,7,370,0,6,10,3,19,194,155,30,10,389,0,0,0,389
08/27/2007,IND,IN,AGL,CE,Combined TRACON& Tower with Radar,218,175,71,2,466,0,1,12,2,15,218,176,83,4,481,0,0,0,481
08/28/2007,IND,IN,AGL,CE,Combined TRACON& Tower with Radar,355,201,74,5,635,0,1,15,0,16,355,202,89,5,651,0,0,0,651
08/29/2007,IND,IN,AGL,CE,Combined TRACON& Tower with Radar,352,210,97,4,663,0,3,16,0,19,352,213,113,4,682,0,0,0,682
08/30/2007,IND,IN,AGL,CE,Combined TRACON& Tower with Radar,351,212,86,2,651,0,3,14,0,17,351,215,100,2,668,0,0,0,668
08/31/2007,IND,IN,AGL,CE,Combined TRACON& Tower with Radar,342,198,71,0,611,0,3,16,0,19,342,201,87,0,630,0,0,0,630
09/01/2007,IND,IN,AGL,CE,Combined TRACON& Tower with Radar,227,117,24,5,373,0,2,9,0,11,227,119,33,5,384,0,0,0,384
09/02/2007,IND,IN,AGL,CE,Combined TRACON& Tower with Radar,158,111,26,0,295,0,0,7,0,7,158,111,33,0,302,0,0,0,302
09/03/2007,IND,IN,AGL,CE,Combined TRACON& Tower with Radar,196,159,29,0,384,0,3,6,0,9,196,162,35,0,393,0,0,0,393
09/04/2007,IND,IN,AGL,CE,Combined TRACON& Tower with Radar,223,188,59,3,473,0,2,15,0,17,223,190,74,3,490,0,0,0,490
09/05/2007,IND,IN,AGL,CE,Combined TRACON& Tower with Radar,354,193,81,2,630,0,3,16,0,19,354,196,97,2,649,0,0,0,649
09/06/2007,IND,IN,AGL,CE,Combined TRACON& Tower with Radar,356,219,84,1,660,0,0,14,0,14,356,219,98,1,674,0,0,0,674
09/07/2007,IND,IN,AGL,CE,Combined TRACON& Tower with Radar,344,200,63,3,610,0,0,9,0,9,344,200,72,3,619,0,0,0,619
09/08/2007,IND,IN,AGL,CE,Combined TRACON& Tower with Radar,223,139,20,1,383,0,0,0,1,1,223,139,20,2,384,0,0,0,384
09/09/2007,IND,IN,AGL,CE,Combined TRACON& Tower with Radar,199,150,29,2,380,0,2,4,0,6,199,152,33,2,386,0,0,0,386
09/10/2007,IND,IN,AGL,CE,Combined TRACON& Tower with Radar,209,191,79,5,484,0,0,8,0,8,209,191,87,5,492,0,0,0,492
09/11/2007,IND,IN,AGL,CE,Combined TRACON& Tower with Radar,356,177,72,10,615,0,1,22,3,26,356,178,94,13,641,0,0,0,641
09/12/2007,IND,IN,AGL,CE,Combined TRACON& Tower with Radar,355,203,80,4,642,0,0,26,0,26,355,203,106,4,668,0,0,0,668
09/13/2007,IND,IN,AGL,CE,Combined TRACON& Tower with Radar,345,192,80,1,618,0,2,40,1,43,345,194,120,2,661,0,0,0,661
09/14/2007,IND,IN,AGL,CE,Combined TRACON& Tower with Radar,329,197,65,0,591,0,2,15,0,17,329,199,80,0,608,0,0,0,608
09/15/2007,IND,IN,AGL,CE,Combined TRACON& Tower with Radar,228,132,16,0,376,0,0,2,0,2,228,132,18,0,378,0,0,0,378
09/16/2007,IND,IN,AGL,CE,Combined TRACON& Tower with Radar,202,141,40,0,383,0,0,6,0,6,202,141,46,0,389,0,0,0,389
09/17/2007,IND,IN,AGL,CE,Combined TRACON& Tower with Radar,220,190,66,2,478,0,1,16,0,17,220,191,82,2,495,0,0,0,495
09/18/2007,IND,IN,AGL,CE,Combined TRACON& Tower with Radar,348,201,84,0,633,0,1,15,0,16,348,202,99,0,649,0,0,0,649
09/19/2007,IND,IN,AGL,CE,Combined TRACON& Tower with Radar,345,208,80,3,636,0,1,26,0,27,345,209,106,3,663,0,0,0,663
09/20/2007,IND,IN,AGL,CE,Combined TRACON& Tower with Radar,355,206,82,4,647,0,2,24,0,26,355,208,106,4,673,0,0,0,673
09/21/2007,IND,IN,AGL,CE,Combined TRACON& Tower with Radar,336,204,73,0,613,0,2,17,0,19,336,206,90,0,632,0,0,0,632
09/22/2007,IND,IN,AGL,CE,Combined TRACON& Tower with Radar,232,123,20,0,375,0,0,6,2,8,232,123,26,2,383,0,0,0,383
09/23/2007,IND,IN,AGL,CE,Combined TRACON& Tower with Radar,203,134,19,1,357,0,1,10,1,12,203,135,29,2,369,0,0,0,369
09/24/2007,IND,IN,AGL,CE,Combined TRACON& Tower with Radar,219,189,65,6,479,0,2,7,0,9,219,191,72,6,488,0,0,0,488
09/25/2007,IND,IN,AGL,CE,Combined TRACON& Tower with Radar,345,186,56,2,589,0,0,10,0,10,345,186,66,2,599,0,0,0,599
09/26/2007,IND,IN,AGL,CE,Combined TRACON& Tower with Radar,353,201,95,4,653,0,0,8,0,8,353,201,103,4,661,0,0,0,661
09/27/2007,IND,IN,AGL,CE,Combined TRACON& Tower with Radar,361,198,79,4,642,0,2,20,0,22,361,200,99,4,664,0,0,0,664
09/28/2007,IND,IN,AGL,CE,Combined TRACON& Tower with Radar,354,187,89,0,630,0,2,18,0,20,354,189,107,0,650,0,0,0,650
09/29/2007,IND,IN,AGL,CE,Combined TRACON& Tower with Radar,231,129,22,0,382,0,0,10,1,11,231,129,32,1,393,0,0,0,393
09/30/2007,IND,IN,AGL,CE,Combined TRACON& Tower with Radar,200,142,40,0,382,0,2,21,0,23,200,144,61,0,405,0,0,0,405
10/01/2007,IND,IN,AGL,CE,Combined TRACON& Tower with Radar,217,193,58,0,468,0,0,14,2,16,217,193,72,2,484,0,0,0,484
10/02/2007,IND,IN,AGL,CE,Combined TRACON& Tower with Radar,359,192,76,0,627,0,1,3,0,4,359,193,79,0,631,0,0,0,631
10/03/2007,IND,IN,AGL,CE,Combined TRACON& Tower with Radar,351,209,83,0,643,0,0,16,2,18,351,209,99,2,661,0,0,0,661
10/04/2007,IND,IN,AGL,CE,Combined TRACON& Tower with Radar,364,201,70,0,635,0,0,31,0,31,364,201,101,0,666,0,0,0,666
10/05/2007,IND,IN,AGL,CE,Combined TRACON& Tower with Radar,354,201,63,1,619,0,0,7,0,7,354,201,70,1,626,0,0,0,626
10/06/2007,IND,IN,AGL,CE,Combined TRACON& Tower with Radar,237,123,29,2,391,0,1,3,0,4,237,124,32,2,395,0,0,0,395
10/07/2007,IND,IN,AGL,CE,Combined TRACON& Tower with Radar,200,133,40,0,373,0,2,4,0,6,200,135,44,0,379,0,0,0,379
10/08/2007,IND,IN,AGL,CE,Combined TRACON& Tower with Radar,218,174,49,0,441,0,0,10,0,10,218,174,59,0,451,0,0,0,451
10/09/2007,IND,IN,AGL,CE,Combined TRACON& Tower with Radar,343,195,82,1,621,0,2,15,1,18,343,197,97,2,639,0,0,0,639
10/10/2007,IND,IN,AGL,CE,Combined TRACON& Tower with Radar,348,217,81,2,648,0,0,18,0,18,348,217,99,2,666,0,0,0,666
10/11/2007,IND,IN,AGL,CE,Combined TRACON& Tower with Radar,357,215,95,2,669,0,2,12,0,14,357,217,107,2,683,0,0,0,683
10/12/2007,IND,IN,AGL,CE,Combined TRACON& Tower with Radar,344,193,66,6,609,0,1,18,0,19,344,194,84,6,628,0,0,0,628
10/13/2007,IND,IN,AGL,CE,Combined TRACON& Tower with Radar,240,122,20,0,382,0,2,15,0,17,240,124,35,0,399,0,0,0,399
10/14/2007,IND,IN,AGL,CE,Combined TRACON& Tower with Radar,200,131,43,1,375,0,0,5,1,6,200,131,48,2,381,0,0,0,381
10/15/2007,IND,IN,AGL,CE,Combined TRACON& Tower with Radar,214,183,87,6,490,0,3,1,0,4,214,186,88,6,494,0,0,0,494
10/16/2007,IND,IN,AGL,CE,Combined TRACON& Tower with Radar,355,199,75,6,635,0,0,3,0,3,355,199,78,6,638,0,0,0,638
10/17/2007,IND,IN,AGL,CE,Combined TRACON& Tower with Radar,347,218,74,2,641,0,0,8,0,8,347,218,82,2,649,0,0,0,649
10/18/2007,IND,IN,AGL,CE,Combined TRACON& Tower with Radar,357,201,50,0,608,0,1,3,0,4,357,202,53,0,612,0,0,0,612
10/19/2007,IND,IN,AGL,CE,Combined TRACON& Tower with Radar,362,189,48,3,602,0,2,6,0,8,362,191,54,3,610,0,0,0,610
10/20/2007,IND,IN,AGL,CE,Combined TRACON& Tower with Radar,240,128,26,3,397,0,0,4,0,4,240,128,30,3,401,0,0,0,401
10/21/2007,IND,IN,AGL,CE,Combined TRACON& Tower with Radar,204,141,36,2,383,0,0,5,0,5,204,141,41,2,388,0,0,0,388
10/22/2007,IND,IN,AGL,CE,Combined TRACON& Tower with Radar,217,178,75,2,472,0,2,10,0,12,217,180,85,2,484,0,0,0,484
10/23/2007,IND,IN,AGL,CE,Combined TRACON& Tower with Radar,349,200,78,0,627,0,0,4,0,4,349,200,82,0,631,0,0,0,631
10/24/2007,IND,IN,AGL,CE,Combined TRACON& Tower with Radar,350,208,95,4,657,0,0,7,1,8,350,208,102,5,665,0,0,0,665
10/25/2007,IND,IN,AGL,CE,Combined TRACON& Tower with Radar,358,212,75,0,645,0,3,11,0,14,358,215,86,0,659,0,0,0,659
10/26/2007,IND,IN,AGL,CE,Combined TRACON& Tower with Radar,340,192,42,3,577,0,0,9,0,9,340,192,51,3,586,0,0,0,586
10/27/2007,IND,IN,AGL,CE,Combined TRACON& Tower with Radar,264,112,20,0,396,0,1,4,0,5,264,113,24,0,401,0,0,0,401
10/28/2007,IND,IN,AGL,CE,Combined TRACON& Tower with Radar,204,155,34,1,394,0,1,16,0,17,204,156,50,1,411,0,0,0,411
10/29/2007,IND,IN,AGL,CE,Combined TRACON& Tower with Radar,233,193,64,2,492,0,1,9,0,10,233,194,73,2,502,0,0,0,502
10/30/2007,IND,IN,AGL,CE,Combined TRACON& Tower with Radar,356,202,76,3,637,0,3,24,2,29,356,205,100,5,666,0,0,0,666
10/31/2007,IND,IN,AGL,CE,Combined TRACON& Tower with Radar,354,190,72,2,618,0,2,17,1,20,354,192,89,3,638,0,0,0,638
11/01/2007,IND,IN,AGL,CE,Combined TRACON& Tower with Radar,350,190,102,3,645,0,1,23,0,24,350,191,125,3,669,0,0,0,669
11/02/2007,IND,IN,AGL,CE,Combined TRACON& Tower with Radar,347,196,79,2,624,0,0,11,0,11,347,196,90,2,635,0,0,0,635
11/03/2007,IND,IN,AGL,CE,Combined TRACON& Tower with Radar,246,119,28,0,393,0,0,17,0,17,246,119,45,0,410,0,0,0,410
11/04/2007,IND,IN,AGL,CE,Combined TRACON& Tower with Radar,207,195,111,0,513,0,0,14,0,14,207,195,125,0,527,0,0,0,527
11/05/2007,IND,IN,AGL,CE,Combined TRACON& Tower with Radar,223,195,76,2,496,0,0,3,0,3,223,195,79,2,499,0,0,0,499
11/06/2007,IND,IN,AGL,CE,Combined TRACON& Tower with Radar,352,202,107,2,663,0,2,13,0,15,352,204,120,2,678,0,0,0,678
11/07/2007,IND,IN,AGL,CE,Combined TRACON& Tower with Radar,364,208,74,2,648,0,0,17,1,18,364,208,91,3,666,0,0,0,666
11/08/2007,IND,IN,AGL,CE,Combined TRACON& Tower with Radar,360,191,75,1,627,0,2,14,4,20,360,193,89,5,647,0,0,0,647
11/09/2007,IND,IN,AGL,CE,Combined TRACON& Tower with Radar,349,183,70,2,604,0,1,6,0,7,349,184,76,2,611,0,0,0,611
11/10/2007,IND,IN,AGL,CE,Combined TRACON& Tower with Radar,248,123,21,0,392,0,1,15,0,16,248,124,36,0,408,0,0,0,408
11/11/2007,IND,IN,AGL,CE,Combined TRACON& Tower with Radar,208,144,35,0,387,0,0,0,0,0,208,144,35,0,387,0,0,0,387
11/12/2007,IND,IN,AGL,CE,Combined TRACON& Tower with Radar,228,181,78,0,487,0,1,2,0,3,228,182,80,0,490,0,0,0,490
11/13/2007,IND,IN,AGL,CE,Combined TRACON& Tower with Radar,364,218,82,1,665,0,0,5,0,5,364,218,87,1,670,0,0,0,670
11/14/2007,IND,IN,AGL,CE,Combined TRACON& Tower with Radar,364,229,90,0,683,0,2,4,0,6,364,231,94,0,689,0,0,0,689
11/15/2007,IND,IN,AGL,CE,Combined TRACON& Tower with Radar,365,210,85,2,662,0,0,5,0,5,365,210,90,2,667,0,0,0,667
11/16/2007,IND,IN,AGL,CE,Combined TRACON& Tower with Radar,363,200,74,4,641,0,10,19,0,29,363,210,93,4,670,0,0,0,670
11/17/2007,IND,IN,AGL,CE,Combined TRACON& Tower with Radar,256,139,31,2,428,0,4,17,0,21,256,143,48,2,449,0,0,0,449
11/18/2007,IND,IN,AGL,CE,Combined TRACON& Tower with Radar,218,155,48,2,423,0,0,1,0,1,218,155,49,2,424,0,0,0,424
11/19/2007,IND,IN,AGL,CE,Combined TRACON& Tower with Radar,229,190,66,0,485,0,1,6,0,7,229,191,72,0,492,0,0,0,492
11/20/2007,IND,IN,AGL,CE,Combined TRACON& Tower with Radar,383,224,84,1,692,0,0,5,0,5,383,224,89,1,697,0,0,0,697
11/21/2007,IND,IN,AGL,CE,Combined TRACON& Tower with Radar,382,220,52,1,655,0,2,5,0,7,382,222,57,1,662,0,0,0,662
11/22/2007,IND,IN,AGL,CE,Combined TRACON& Tower with Radar,211,120,8,0,339,0,2,1,0,3,211,122,9,0,342,0,0,0,342
11/23/2007,IND,IN,AGL,CE,Combined TRACON& Tower with Radar,272,124,27,1,424,0,2,3,0,5,272,126,30,1,429,0,0,0,429
11/24/2007,IND,IN,AGL,CE,Combined TRACON& Tower with Radar,226,142,14,0,382,0,1,6,0,7,226,143,20,0,389,0,0,0,389
11/25/2007,IND,IN,AGL,CE,Combined TRACON& Tower with Radar,214,164,32,2,412,0,0,4,0,4,214,164,36,2,416,0,0,0,416
11/26/2007,IND,IN,AGL,CE,Combined TRACON& Tower with Radar,231,202,58,2,493,0,0,0,0,0,231,202,58,2,493,0,0,0,493
11/27/2007,IND,IN,AGL,CE,Combined TRACON& Tower with Radar,379,206,81,4,670,0,9,19,4,32,379,215,100,8,702,0,0,0,702
11/28/2007,IND,IN,AGL,CE,Combined TRACON& Tower with Radar,364,196,86,4,650,0,10,12,0,22,364,206,98,4,672,0,0,0,672
11/29/2007,IND,IN,AGL,CE,Combined TRACON& Tower with Radar,367,208,79,2,656,0,23,13,0,36,367,231,92,2,692,0,0,0,692
11/30/2007,IND,IN,AGL,CE,Combined TRACON& Tower with Radar,363,196,67,3,629,0,6,9,0,15,363,202,76,3,644,0,0,0,644
12/01/2007,IND,IN,AGL,CE,Combined TRACON& Tower with Radar,267,125,18,3,413,0,0,5,0,5,267,125,23,3,418,0,0,0,418
12/02/2007,IND,IN,AGL,CE,Combined TRACON& Tower with Radar,215,152,32,2,401,0,0,0,0,0,215,152,32,2,401,0,0,0,401
12/03/2007,IND,IN,AGL,CE,Combined TRACON& Tower with Radar,227,199,61,0,487,0,2,8,0,10,227,201,69,0,497,0,0,0,497
12/04/2007,IND,IN,AGL,CE,Combined TRACON& Tower with Radar,378,194,83,1,656,0,4,11,1,16,378,198,94,2,672,0,0,0,672
12/05/2007,IND,IN,AGL,CE,Combined TRACON& Tower with Radar,372,196,67,3,638,0,0,2,0,2,372,196,69,3,640,0,0,0,640
12/06/2007,IND,IN,AGL,CE,Combined TRACON& Tower with Radar,369,211,82,2,664,0,0,9,0,9,369,211,91,2,673,0,0,0,673
12/07/2007,IND,IN,AGL,CE,Combined TRACON& Tower with Radar,361,188,63,3,615,0,0,1,0,1,361,188,64,3,616,0,0,0,616
12/08/2007,IND,IN,AGL,CE,Combined TRACON& Tower with Radar,250,127,28,5,410,0,0,0,0,0,250,127,28,5,410,0,0,0,410
12/09/2007,IND,IN,AGL,CE,Combined TRACON& Tower with Radar,194,141,33,1,369,0,0,0,0,0,194,141,33,1,369,0,0,0,369
12/10/2007,IND,IN,AGL,CE,Combined TRACON& Tower with Radar,235,185,83,0,503,0,0,1,0,1,235,185,84,0,504,0,0,0,504
12/11/2007,IND,IN,AGL,CE,Combined TRACON& Tower with Radar,381,154,92,0,627,0,0,0,0,0,381,154,92,0,627,0,0,0,627
12/12/2007,IND,IN,AGL,CE,Combined TRACON& Tower with Radar,390,198,81,0,669,0,2,5,0,7,390,200,86,0,676,0,0,0,676
12/13/2007,IND,IN,AGL,CE,Combined TRACON& Tower with Radar,379,180,93,2,654,0,0,2,0,2,379,180,95,2,656,0,0,0,656
12/14/2007,IND,IN,AGL,CE,Combined TRACON& Tower with Radar,381,195,73,0,649,0,0,5,0,5,381,195,78,0,654,0,0,0,654
12/15/2007,IND,IN,AGL,CE,Combined TRACON& Tower with Radar,232,102,7,0,341,0,0,0,0,0,232,102,7,0,341,0,0,0,341
12/16/2007,IND,IN,AGL,CE,Combined TRACON& Tower with Radar,225,127,13,1,366,0,0,1,0,1,225,127,14,1,367,0,0,0,367
12/17/2007,IND,IN,AGL,CE,Combined TRACON& Tower with Radar,221,214,62,1,498,0,0,1,0,1,221,214,63,1,499,0,0,0,499
12/18/2007,IND,IN,AGL,CE,Combined TRACON& Tower with Radar,404,205,72,2,683,0,5,6,0,11,404,210,78,2,694,0,0,0,694
12/19/2007,IND,IN,AGL,CE,Combined TRACON& Tower with Radar,409,222,80,5,716,0,0,9,0,9,409,222,89,5,725,0,0,0,725
12/20/2007,IND,IN,AGL,CE,Combined TRACON& Tower with Radar,409,207,79,2,697,0,12,7,1,20,409,219,86,3,717,0,0,0,717
12/21/2007,IND,IN,AGL,CE,Combined TRACON& Tower with Radar,380,167,53,0,600,0,0,0,0,0,380,167,53,0,600,0,0,0,600
12/22/2007,IND,IN,AGL,CE,Combined TRACON& Tower with Radar,341,153,38,0,532,0,0,0,0,0,341,153,38,0,532,0,0,0,532
12/23/2007,IND,IN,AGL,CE,Combined TRACON& Tower with Radar,218,116,17,0,351,0,0,0,0,0,218,116,17,0,351,0,0,0,351
12/24/2007,IND,IN,AGL,CE,Combined TRACON& Tower with Radar,185,104,14,0,303,0,1,7,0,8,185,105,21,0,311,0,0,0,311
12/25/2007,IND,IN,AGL,CE,Combined TRACON& Tower with Radar,174,112,4,0,290,0,0,5,0,5,174,112,9,0,295,0,0,0,295
12/26/2007,IND,IN,AGL,CE,Combined TRACON& Tower with Radar,273,179,29,0,481,0,0,8,0,8,273,179,37,0,489,0,0,0,489
12/27/2007,IND,IN,AGL,CE,Combined TRACON& Tower with Radar,365,187,39,2,593,0,0,1,0,1,365,187,40,2,594,0,0,0,594
12/28/2007,IND,IN,AGL,CE,Combined TRACON& Tower with Radar,363,188,51,0,602,0,0,3,0,3,363,188,54,0,605,0,0,0,605
12/29/2007,IND,IN,AGL,CE,Combined TRACON& Tower with Radar,268,139,22,0,429,1,0,2,0,3,269,139,24,0,432,0,0,0,432
12/30/2007,IND,IN,AGL,CE,Combined TRACON& Tower with Radar,221,129,22,0,372,0,0,9,0,9,221,129,31,0,381,0,0,0,381
12/31/2007,IND,IN,AGL,CE,Combined TRACON& Tower with Radar,195,139,17,0,351,0,0,3,0,3,195,139,20,0,354,0,0,0,354
01/01/2008,IND,IN,AGL,CE,Combined TRACON& Tower with Radar,195,135,8,0,338,0,0,0,0,0,195,135,8,0,338,0,0,0,338
01/02/2008,IND,IN,AGL,CE,Combined TRACON& Tower with Radar,266,182,32,2,482,0,2,3,0,5,266,184,35,2,487,0,0,0,487
01/03/2008,IND,IN,AGL,CE,Combined TRACON& Tower with Radar,379,179,40,4,602,0,9,11,0,20,379,188,51,4,622,0,0,0,622
01/04/2008,IND,IN,AGL,CE,Combined TRACON& Tower with Radar,361,188,48,4,601,0,6,10,0,16,361,194,58,4,617,0,0,0,617
01/05/2008,IND,IN,AGL,CE,Combined TRACON& Tower with Radar,257,131,16,6,410,0,1,0,0,1,257,132,16,6,411,0,0,0,411
01/06/2008,IND,IN,AGL,CE,Combined TRACON& Tower with Radar,210,150,20,0,380,0,0,3,0,3,210,150,23,0,383,0,0,0,383
01/07/2008,IND,IN,AGL,CE,Combined TRACON& Tower with Radar,241,190,54,4,489,0,0,2,0,2,241,190,56,4,491,0,0,0,491
01/08/2008,IND,IN,AGL,CE,Combined TRACON& Tower with Radar,349,199,67,2,617,0,0,1,0,1,349,199,68,2,618,0,0,0,618
01/09/2008,IND,IN,AGL,CE,Combined TRACON& Tower with Radar,354,212,72,3,641,0,0,20,1,21,354,212,92,4,662,0,0,0,662
01/10/2008,IND,IN,AGL,CE,Combined TRACON& Tower with Radar,349,211,92,1,653,0,4,2,3,9,349,215,94,4,662,0,0,0,662
01/11/2008,IND,IN,AGL,CE,Combined TRACON& Tower with Radar,352,220,60,2,634,0,0,9,1,10,352,220,69,3,644,0,0,0,644
01/12/2008,IND,IN,AGL,CE,Combined TRACON& Tower with Radar,229,135,28,0,392,0,0,9,0,9,229,135,37,0,401,0,0,0,401
01/13/2008,IND,IN,AGL,CE,Combined TRACON& Tower with Radar,204,164,29,1,398,0,0,1,0,1,204,164,30,1,399,0,0,0,399
01/14/2008,IND,IN,AGL,CE,Combined TRACON& Tower with Radar,213,202,52,2,469,0,0,3,0,3,213,202,55,2,472,0,0,0,472
01/15/2008,IND,IN,AGL,CE,Combined TRACON& Tower with Radar,355,217,78,4,654,0,1,8,0,9,355,218,86,4,663,0,0,0,663
01/16/2008,IND,IN,AGL,CE,Combined TRACON& Tower with Radar,356,218,72,2,648,0,4,10,0,14,356,222,82,2,662,0,0,0,662
01/17/2008,IND,IN,AGL,CE,Combined TRACON& Tower with Radar,342,208,81,3,634,0,0,1,0,1,342,208,82,3,635,0,0,0,635
01/18/2008,IND,IN,AGL,CE,Combined TRACON& Tower with Radar,348,228,71,2,649,0,3,7,0,10,348,231,78,2,659,0,0,0,659
01/19/2008,IND,IN,AGL,CE,Combined TRACON& Tower with Radar,234,135,25,0,394,0,0,4,0,4,234,135,29,0,398,0,0,0,398
01/20/2008,IND,IN,AGL,CE,Combined TRACON& Tower with Radar,208,145,25,1,379,0,0,3,0,3,208,145,28,1,382,0,0,0,382
01/21/2008,IND,IN,AGL,CE,Combined TRACON& Tower with Radar,216,186,62,0,464,0,4,3,0,7,216,190,65,0,471,0,0,0,471
01/22/2008,IND,IN,AGL,CE,Combined TRACON& Tower with Radar,342,197,78,0,617,0,0,8,0,8,342,197,86,0,625,0,0,0,625
01/23/2008,IND,IN,AGL,CE,Combined TRACON& Tower with Radar,350,231,65,0,646,0,3,11,0,14,350,234,76,0,660,0,0,0,660
01/24/2008,IND,IN,AGL,CE,Combined TRACON& Tower with Radar,363,223,67,3,656,0,0,6,0,6,363,223,73,3,662,0,0,0,662
01/25/2008,IND,IN,AGL,CE,Combined TRACON& Tower with Radar,338,218,69,3,628,0,1,23,1,25,338,219,92,4,653,0,0,0,653
01/26/2008,IND,IN,AGL,CE,Combined TRACON& Tower with Radar,240,142,30,2,414,0,1,1,1,3,240,143,31,3,417,0,0,0,417
01/27/2008,IND,IN,AGL,CE,Combined TRACON& Tower with Radar,213,142,29,0,384,0,6,4,0,10,213,148,33,0,394,0,0,0,394
01/28/2008,IND,IN,AGL,CE,Combined TRACON& Tower with Radar,206,199,52,6,463,0,0,8,0,8,206,199,60,6,471,0,0,0,471
01/29/2008,IND,IN,AGL,CE,Combined TRACON& Tower with Radar,352,203,61,1,617,0,0,0,0,0,352,203,61,1,617,0,0,0,617
01/30/2008,IND,IN,AGL,CE,Combined TRACON& Tower with Radar,358,204,65,2,629,0,3,24,0,27,358,207,89,2,656,0,0,0,656
01/31/2008,IND,IN,AGL,CE,Combined TRACON& Tower with Radar,364,213,68,0,645,0,1,6,0,7,364,214,74,0,652,0,0,0,652
02/01/2008,IND,IN,AGL,CE,Combined TRACON& Tower with Radar,327,190,41,1,559,0,1,1,0,2,327,191,42,1,561,0,0,0,561
02/02/2008,IND,IN,AGL,CE,Combined TRACON& Tower with Radar,255,135,30,0,420,0,3,8,0,11,255,138,38,0,431,0,0,0,431
02/03/2008,IND,IN,AGL,CE,Combined TRACON& Tower with Radar,197,142,13,2,354,0,0,0,0,0,197,142,13,2,354,0,0,0,354
02/04/2008,IND,IN,AGL,CE,Combined TRACON& Tower with Radar,215,149,61,2,427,0,0,0,0,0,215,149,61,2,427,0,0,0,427
02/05/2008,IND,IN,AGL,CE,Combined TRACON& Tower with Radar,349,184,71,0,604,0,0,0,0,0,349,184,71,0,604,0,0,0,604
02/06/2008,IND,IN,AGL,CE,Combined TRACON& Tower with Radar,382,205,75,3,665,0,1,0,0,1,382,206,75,3,666,0,0,0,666
02/07/2008,IND,IN,AGL,CE,Combined TRACON& Tower with Radar,362,215,86,4,667,0,0,2,0,2,362,215,88,4,669,0,0,0,669
02/08/2008,IND,IN,AGL,CE,Combined TRACON& Tower with Radar,333,223,71,2,629,0,1,9,0,10,333,224,80,2,639,0,0,0,639
02/09/2008,IND,IN,AGL,CE,Combined TRACON& Tower with Radar,244,124,20,0,388,0,0,4,0,4,244,124,24,0,392,0,0,0,392
02/10/2008,IND,IN,AGL,CE,Combined TRACON& Tower with Radar,203,147,22,2,374,0,0,2,0,2,203,147,24,2,376,0,0,0,376
02/11/2008,IND,IN,AGL,CE,Combined TRACON& Tower with Radar,220,193,55,0,468,0,0,9,0,9,220,193,64,0,477,0,0,0,477
02/12/2008,IND,IN,AGL,CE,Combined TRACON& Tower with Radar,346,157,54,0,557,0,0,2,0,2,346,157,56,0,559,0,0,0,559
02/13/2008,IND,IN,AGL,CE,Combined TRACON& Tower with Radar,364,220,72,4,660,0,2,21,0,23,364,222,93,4,683,0,0,0,683
02/14/2008,IND,IN,AGL,CE,Combined TRACON& Tower with Radar,370,238,79,4,691,0,2,8,0,10,370,240,87,4,701,0,0,0,701
02/15/2008,IND,IN,AGL,CE,Combined TRACON& Tower with Radar,357,215,56,4,632,0,2,7,0,9,357,217,63,4,641,0,0,0,641
02/16/2008,IND,IN,AGL,CE,Combined TRACON& Tower with Radar,256,120,19,0,395,0,1,14,0,15,256,121,33,0,410,0,0,0,410
02/17/2008,IND,IN,AGL,CE,Combined TRACON& Tower with Radar,211,133,26,0,370,0,0,2,0,2,211,133,28,0,372,0,0,0,372
02/18/2008,IND,IN,AGL,CE,Combined TRACON& Tower with Radar,243,223,75,3,544,0,0,2,0,2,243,223,77,3,546,0,0,0,546
02/19/2008,IND,IN,AGL,CE,Combined TRACON& Tower with Radar,368,219,73,3,663,0,2,5,0,7,368,221,78,3,670,0,0,0,670
02/20/2008,IND,IN,AGL,CE,Combined TRACON& Tower with Radar,369,225,87,4,685,1,1,6,0,8,370,226,93,4,693,0,0,0,693
02/21/2008,IND,IN,AGL,CE,Combined TRACON& Tower with Radar,370,211,69,2,652,0,0,5,0,5,370,211,74,2,657,0,0,0,657
02/22/2008,IND,IN,AGL,CE,Combined TRACON& Tower with Radar,352,179,49,0,580,0,0,0,0,0,352,179,49,0,580,0,0,0,580
02/23/2008,IND,IN,AGL,CE,Combined TRACON& Tower with Radar,277,144,32,1,454,0,0,3,0,3,277,144,35,1,457,0,0,0,457
02/24/2008,IND,IN,AGL,CE,Combined TRACON& Tower with Radar,217,152,28,1,398,0,1,1,0,2,217,153,29,1,400,0,0,0,400
02/25/2008,IND,IN,AGL,CE,Combined TRACON& Tower with Radar,224,208,66,0,498,0,1,0,0,1,224,209,66,0,499,0,0,0,499
02/26/2008,IND,IN,AGL,CE,Combined TRACON& Tower with Radar,353,195,70,0,618,0,0,1,0,1,353,195,71,0,619,0,0,0,619
02/27/2008,IND,IN,AGL,CE,Combined TRACON& Tower with Radar,370,228,56,0,654,0,0,14,0,14,370,228,70,0,668,0,0,0,668
02/28/2008,IND,IN,AGL,CE,Combined TRACON& Tower with Radar,365,227,73,4,669,1,4,19,0,24,366,231,92,4,693,0,0,0,693
02/29/2008,IND,IN,AGL,CE,Combined TRACON& Tower with Radar,371,205,64,7,647,0,0,9,0,9,371,205,73,7,656,0,0,0,656
03/01/2008,IND,IN,AGL,CE,Combined TRACON& Tower with Radar,257,117,29,5,408,0,0,8,0,8,257,117,37,5,416,0,0,0,416
03/02/2008,IND,IN,AGL,CE,Combined TRACON& Tower with Radar,221,144,21,4,390,0,0,10,0,10,221,144,31,4,400,0,0,0,400
03/03/2008,IND,IN,AGL,CE,Combined TRACON& Tower with Radar,229,190,61,2,482,0,0,5,0,5,229,190,66,2,487,0,0,0,487
03/04/2008,IND,IN,AGL,CE,Combined TRACON& Tower with Radar,357,156,46,0,559,0,0,0,0,0,357,156,46,0,559,0,0,0,559
03/05/2008,IND,IN,AGL,CE,Combined TRACON& Tower with Radar,377,221,95,2,695,0,0,8,0,8,377,221,103,2,703,0,0,0,703
03/06/2008,IND,IN,AGL,CE,Combined TRACON& Tower with Radar,354,224,97,3,678,0,0,2,0,2,354,224,99,3,680,0,0,0,680
03/07/2008,IND,IN,AGL,CE,Combined TRACON& Tower with Radar,346,203,41,2,592,0,1,1,0,2,346,204,42,2,594,0,0,0,594
03/08/2008,IND,IN,AGL,CE,Combined TRACON& Tower with Radar,268,117,30,0,415,0,0,3,0,3,268,117,33,0,418,0,0,0,418
03/09/2008,IND,IN,AGL,CE,Combined TRACON& Tower with Radar,229,149,18,1,397,0,0,5,0,5,229,149,23,1,402,0,0,0,402
03/10/2008,IND,IN,AGL,CE,Combined TRACON& Tower with Radar,236,196,46,2,480,0,1,7,0,8,236,197,53,2,488,0,0,0,488
03/11/2008,IND,IN,AGL,CE,Combined TRACON& Tower with Radar,371,206,72,0,649,0,7,15,0,22,371,213,87,0,671,0,0,0,671
03/12/2008,IND,IN,AGL,CE,Combined TRACON& Tower with Radar,372,221,81,7,681,0,2,18,0,20,372,223,99,7,701,0,0,0,701
03/13/2008,IND,IN,AGL,CE,Combined TRACON& Tower with Radar,375,208,78,4,665,0,1,22,0,23,375,209,100,4,688,0,0,0,688
03/14/2008,IND,IN,AGL,CE,Combined TRACON& Tower with Radar,361,220,51,8,640,0,0,4,0,4,361,220,55,8,644,0,0,0,644
03/15/2008,IND,IN,AGL,CE,Combined TRACON& Tower with Radar,265,123,35,0,423,0,0,3,0,3,265,123,38,0,426,0,0,0,426
03/16/2008,IND,IN,AGL,CE,Combined TRACON& Tower with Radar,233,150,31,2,416,0,1,6,0,7,233,151,37,2,423,0,0,0,423
03/17/2008,IND,IN,AGL,CE,Combined TRACON& Tower with Radar,232,201,51,2,486,0,0,18,0,18,232,201,69,2,504,0,0,0,504
03/18/2008,IND,IN,AGL,CE,Combined TRACON& Tower with Radar,360,210,57,0,627,0,0,0,0,0,360,210,57,0,627,0,0,0,627
03/19/2008,IND,IN,AGL,CE,Combined TRACON& Tower with Radar,372,220,64,0,656,0,0,2,0,2,372,220,66,0,658,0,0,0,658
03/20/2008,IND,IN,AGL,CE,Combined TRACON& Tower with Radar,375,203,71,0,649,0,5,30,0,35,375,208,101,0,684,0,0,0,684
03/21/2008,IND,IN,AGL,CE,Combined TRACON& Tower with Radar,364,179,37,0,580,0,0,11,0,11,364,179,48,0,591,0,0,0,591
03/22/2008,IND,IN,AGL,CE,Combined TRACON& Tower with Radar,257,123,14,0,394,0,0,0,0,0,257,123,14,0,394,0,0,0,394
03/23/2008,IND,IN,AGL,CE,Combined TRACON& Tower with Radar,229,141,7,0,377,0,0,11,0,11,229,141,18,0,388,0,0,0,388
03/24/2008,IND,IN,AGL,CE,Combined TRACON& Tower with Radar,235,194,57,2,488,0,2,22,0,24,235,196,79,2,512,0,0,0,512
03/25/2008,IND,IN,AGL,CE,Combined TRACON& Tower with Radar,366,207,80,2,655,0,0,16,3,19,366,207,96,5,674,0,0,0,674
03/26/2008,IND,IN,AGL,CE,Combined TRACON& Tower with Radar,360,206,49,0,615,0,1,24,0,25,360,207,73,0,640,0,0,0,640
03/27/2008,IND,IN,AGL,CE,Combined TRACON& Tower with Radar,357,214,60,1,632,0,0,0,0,0,357,214,60,1,632,0,0,0,632
03/28/2008,IND,IN,AGL,CE,Combined TRACON& Tower with Radar,368,204,39,4,615,0,0,11,0,11,368,204,50,4,626,0,0,0,626
03/29/2008,IND,IN,AGL,CE,Combined TRACON& Tower with Radar,259,134,32,2,427,0,0,14,0,14,259,134,46,2,441,0,0,0,441
03/30/2008,IND,IN,AGL,CE,Combined TRACON& Tower with Radar,218,159,30,2,409,0,0,0,0,0,218,159,30,2,409,0,0,0,409
03/31/2008,IND,IN,AGL,CE,Combined TRACON& Tower with Radar,238,197,40,2,477,0,0,2,0,2,238,197,42,2,479,0,0,0,479
04/01/2008,IND,IN,AGL,CE,Combined TRACON& Tower with Radar,391,197,41,0,629,0,2,16,0,18,391,199,57,0,647,0,0,0,647
04/02/2008,IND,IN,AGL,CE,Combined TRACON& Tower with Radar,377,208,65,3,653,0,16,27,0,43,377,224,92,3,696,0,0,0,696
04/03/2008,IND,IN,AGL,CE,Combined TRACON& Tower with Radar,365,208,60,3,636,0,4,11,0,15,365,212,71,3,651,0,0,0,651
04/04/2008,IND,IN,AGL,CE,Combined TRACON& Tower with Radar,359,199,65,0,623,0,0,1,0,1,359,199,66,0,624,0,0,0,624
04/05/2008,IND,IN,AGL,CE,Combined TRACON& Tower with Radar,264,128,34,0,426,0,1,18,1,20,264,129,52,1,446,0,0,0,446
04/06/2008,IND,IN,AGL,CE,Combined TRACON& Tower with Radar,228,159,28,2,417,0,2,24,0,26,228,161,52,2,443,0,0,0,443
04/07/2008,IND,IN,AGL,CE,Combined TRACON& Tower with Radar,243,195,50,0,488,0,6,24,0,30,243,201,74,0,518,0,0,0,518
04/08/2008,IND,IN,AGL,CE,Combined TRACON& Tower with Radar,360,195,67,4,626,0,0,4,0,4,360,195,71,4,630,0,0,0,630
04/09/2008,IND,IN,AGL,CE,Combined TRACON& Tower with Radar,360,214,101,0,675,0,3,10,0,13,360,217,111,0,688,0,0,0,688
04/10/2008,IND,IN,AGL,CE,Combined TRACON& Tower with Radar,349,214,65,6,634,1,0,3,0,4,350,214,68,6,638,0,0,0,638
04/11/2008,IND,IN,AGL,CE,Combined TRACON& Tower with Radar,351,200,56,0,607,0,0,7,0,7,351,200,63,0,614,0,0,0,614
04/12/2008,IND,IN,AGL,CE,Combined TRACON& Tower with Radar,256,129,34,0,419,0,2,1,0,3,256,131,35,0,422,0,0,0,422
04/13/2008,IND,IN,AGL,CE,Combined TRACON& Tower with Radar,219,157,31,1,408,0,0,2,0,2,219,157,33,1,410,0,0,0,410
04/14/2008,IND,IN,AGL,CE,Combined TRACON& Tower with Radar,239,199,69,1,508,0,1,11,0,12,239,200,80,1,520,0,0,0,520
04/15/2008,IND,IN,AGL,CE,Combined TRACON& Tower with Radar,363,196,64,2,625,0,9,17,0,26,363,205,81,2,651,0,0,0,651
04/16/2008,IND,IN,AGL,CE,Combined TRACON& Tower with Radar,355,214,82,2,653,0,6,12,0,18,355,220,94,2,671,0,0,0,671
04/17/2008,IND,IN,AGL,CE,Combined TRACON& Tower with Radar,356,197,70,2,625,0,3,21,0,24,356,200,91,2,649,0,0,0,649
04/18/2008,IND,IN,AGL,CE,Combined TRACON& Tower with Radar,351,210,56,5,622,0,0,21,0,21,351,210,77,5,643,0,0,0,643
04/19/2008,IND,IN,AGL,CE,Combined TRACON& Tower with Radar,230,115,29,3,377,0,1,0,0,1,230,116,29,3,378,0,0,0,378
04/20/2008,IND,IN,AGL,CE,Combined TRACON& Tower with Radar,215,143,37,0,395,0,3,3,0,6,215,146,40,0,401,0,0,0,401
04/21/2008,IND,IN,AGL,CE,Combined TRACON& Tower with Radar,230,204,76,1,511,0,1,10,0,11,230,205,86,1,522,0,0,0,522
04/22/2008,IND,IN,AGL,CE,Combined TRACON& Tower with Radar,363,215,77,1,656,0,3,15,1,19,363,218,92,2,675,0,0,0,675
04/23/2008,IND,IN,AGL,CE,Combined TRACON& Tower with Radar,360,223,87,4,674,0,12,16,2,30,360,235,103,6,704,0,0,0,704
04/24/2008,IND,IN,AGL,CE,Combined TRACON& Tower with Radar,350,225,60,3,638,0,0,8,1,9,350,225,68,4,647,0,0,0,647
04/25/2008,IND,IN,AGL,CE,Combined TRACON& Tower with Radar,351,219,57,3,630,0,0,7,0,7,351,219,64,3,637,0,0,0,637
04/26/2008,IND,IN,AGL,CE,Combined TRACON& Tower with Radar,249,126,34,0,409,0,1,2,0,3,249,127,36,0,412,0,0,0,412
04/27/2008,IND,IN,AGL,CE,Combined TRACON& Tower with Radar,217,145,22,2,386,0,2,4,0,6,217,147,26,2,392,0,0,0,392
04/28/2008,IND,IN,AGL,CE,Combined TRACON& Tower with Radar,215,182,65,0,462,0,6,9,0,15,215,188,74,0,477,0,0,0,477
04/29/2008,IND,IN,AGL,CE,Combined TRACON& Tower with Radar,369,201,80,0,650,0,2,14,0,16,369,203,94,0,666,0,0,0,666
04/30/2008,IND,IN,AGL,CE,Combined TRACON& Tower with Radar,364,200,78,2,644,0,0,12,0,12,364,200,90,2,656,0,0,0,656
05/01/2008,IND,IN,AGL,CE,Combined TRACON& Tower with Radar,362,205,64,0,631,0,2,9,0,11,362,207,73,0,642,0,0,0,642
05/02/2008,IND,IN,AGL,CE,Combined TRACON& Tower with Radar,363,211,65,0,639,0,1,5,0,6,363,212,70,0,645,0,0,0,645
05/03/2008,IND,IN,AGL,CE,Combined TRACON& Tower with Radar,245,130,19,0,394,0,1,0,0,1,245,131,19,0,395,0,0,0,395
05/04/2008,IND,IN,AGL,CE,Combined TRACON& Tower with Radar,213,139,44,0,396,0,7,11,0,18,213,146,55,0,414,0,0,0,414
05/05/2008,IND,IN,AGL,CE,Combined TRACON& Tower with Radar,233,185,72,0,490,0,7,7,0,14,233,192,79,0,504,0,0,0,504
05/06/2008,IND,IN,AGL,CE,Combined TRACON& Tower with Radar,366,194,82,11,653,0,8,12,2,22,366,202,94,13,675,0,0,0,675
05/07/2008,IND,IN,AGL,CE,Combined TRACON& Tower with Radar,367,198,76,0,641,0,0,5,1,6,367,198,81,1,647,0,0,0,647
05/08/2008,IND,IN,AGL,CE,Combined TRACON& Tower with Radar,367,225,64,0,656,0,0,0,0,0,367,225,64,0,656,0,0,0,656
05/09/2008,IND,IN,AGL,CE,Combined TRACON& Tower with Radar,357,200,64,2,623,0,0,4,0,4,357,200,68,2,627,0,0,0,627
05/10/2008,IND,IN,AGL,CE,Combined TRACON& Tower with Radar,243,120,29,0,392,0,1,7,0,8,243,121,36,0,400,0,0,0,400
05/11/2008,IND,IN,AGL,CE,Combined TRACON& Tower with Radar,209,144,22,1,376,0,0,0,0,0,209,144,22,1,376,0,0,0,376
05/12/2008,IND,IN,AGL,CE,Combined TRACON& Tower with Radar,225,195,68,2,490,0,9,11,1,21,225,204,79,3,511,0,0,0,511
05/13/2008,IND,IN,AGL,CE,Combined TRACON& Tower with Radar,376,212,89,2,679,0,3,21,0,24,376,215,110,2,703,0,0,0,703
05/14/2008,IND,IN,AGL,CE,Combined TRACON& Tower with Radar,370,234,73,2,679,0,1,2,0,3,370,235,75,2,682,0,0,0,682
05/15/2008,IND,IN,AGL,CE,Combined TRACON& Tower with Radar,368,214,76,4,662,0,0,7,0,7,368,214,83,4,669,0,0,0,669
05/16/2008,IND,IN,AGL,CE,Combined TRACON& Tower with Radar,356,209,53,1,619,0,1,17,2,20,356,210,70,3,639,0,0,0,639
05/17/2008,IND,IN,AGL,CE,Combined TRACON& Tower with Radar,246,112,32,8,398,0,3,0,1,4,246,115,32,9,402,0,0,0,402
05/18/2008,IND,IN,AGL,CE,Combined TRACON& Tower with Radar,212,146,30,2,390,0,1,6,0,7,212,147,36,2,397,0,0,0,397
05/19/2008,IND,IN,AGL,CE,Combined TRACON& Tower with Radar,225,193,54,6,478,0,0,9,1,10,225,193,63,7,488,0,0,0,488
05/20/2008,IND,IN,AGL,CE,Combined TRACON& Tower with Radar,366,209,55,0,630,0,1,19,1,21,366,210,74,1,651,0,0,0,651
05/21/2008,IND,IN,AGL,CE,Combined TRACON& Tower with Radar,373,227,84,2,686,0,1,31,1,33,373,228,115,3,719,0,0,0,719
05/22/2008,IND,IN,AGL,CE,Combined TRACON& Tower with Radar,371,219,89,4,683,0,3,31,0,34,371,222,120,4,717,0,0,0,717
05/23/2008,IND,IN,AGL,CE,Combined TRACON& Tower with Radar,369,227,85,5,686,0,2,3,0,5,369,229,88,5,691,0,0,0,691
05/24/2008,IND,IN,AGL,CE,Combined TRACON& Tower with Radar,252,129,65,4,450,0,1,9,2,12,252,130,74,6,462,0,0,0,462
05/25/2008,IND,IN,AGL,CE,Combined TRACON& Tower with Radar,193,132,143,5,473,0,1,43,1,45,193,133,186,6,518,0,0,0,518
05/26/2008,IND,IN,AGL,CE,Combined TRACON& Tower with Radar,253,168,48,1,470,0,1,2,0,3,253,169,50,1,473,0,0,0,473
05/27/2008,IND,IN,AGL,CE,Combined TRACON& Tower with Radar,236,211,48,3,498,0,1,6,0,7,236,212,54,3,505,0,0,0,505
05/28/2008,IND,IN,AGL,CE,Combined TRACON& Tower with Radar,380,197,71,0,648,2,0,15,0,17,382,197,86,0,665,0,0,0,665
05/29/2008,IND,IN,AGL,CE,Combined TRACON& Tower with Radar,366,217,80,5,668,0,8,6,1,15,366,225,86,6,683,0,0,0,683
05/30/2008,IND,IN,AGL,CE,Combined TRACON& Tower with Radar,357,189,45,6,597,0,3,4,0,7,357,192,49,6,604,0,0,0,604
05/31/2008,IND,IN,AGL,CE,Combined TRACON& Tower with Radar,255,122,14,2,393,1,0,5,1,7,256,122,19,3,400,0,0,0,400
06/01/2008,IND,IN,AGL,CE,Combined TRACON& Tower with Radar,223,149,31,3,406,0,6,3,0,9,223,155,34,3,415,0,0,0,415
06/02/2008,IND,IN,AGL,CE,Combined TRACON& Tower with Radar,242,206,63,2,513,0,2,14,0,16,242,208,77,2,529,0,0,0,529
06/03/2008,IND,IN,AGL,CE,Combined TRACON& Tower with Radar,352,194,67,0,613,0,0,1,0,1,352,194,68,0,614,0,0,0,614
06/04/2008,IND,IN,AGL,CE,Combined TRACON& Tower with Radar,368,203,55,4,630,0,0,13,0,13,368,203,68,4,643,0,0,0,643
06/05/2008,IND,IN,AGL,CE,Combined TRACON& Tower with Radar,385,212,74,6,677,0,1,22,0,23,385,213,96,6,700,0,0,0,700
06/06/2008,IND,IN,AGL,CE,Combined TRACON& Tower with Radar,371,202,49,3,625,0,0,7,0,7,371,202,56,3,632,0,0,0,632
06/07/2008,IND,IN,AGL,CE,Combined TRACON& Tower with Radar,280,101,29,0,410,0,0,16,1,17,280,101,45,1,427,0,0,0,427
06/08/2008,IND,IN,AGL,CE,Combined TRACON& Tower with Radar,231,148,39,2,420,0,4,9,1,14,231,152,48,3,434,0,0,0,434
06/09/2008,IND,IN,AGL,CE,Combined TRACON& Tower with Radar,280,180,59,0,519,0,0,11,0,11,280,180,70,0,530,0,0,0,530
06/10/2008,IND,IN,AGL,CE,Combined TRACON& Tower with Radar,379,209,64,2,654,0,2,7,0,9,379,211,71,2,663,0,0,0,663
06/11/2008,IND,IN,AGL,CE,Combined TRACON& Tower with Radar,386,210,63,3,662,0,0,27,1,28,386,210,90,4,690,0,0,0,690
06/12/2008,IND,IN,AGL,CE,Combined TRACON& Tower with Radar,379,215,73,1,668,0,0,13,2,15,379,215,86,3,683,0,0,0,683
06/13/2008,IND,IN,AGL,CE,Combined TRACON& Tower with Radar,362,195,43,0,600,0,0,6,0,6,362,195,49,0,606,0,0,0,606
06/14/2008,IND,IN,AGL,CE,Combined TRACON& Tower with Radar,263,127,25,0,415,0,2,7,2,11,263,129,32,2,426,0,0,0,426
06/15/2008,IND,IN,AGL,CE,Combined TRACON& Tower with Radar,246,148,17,1,412,0,0,7,0,7,246,148,24,1,419,0,0,0,419
06/16/2008,IND,IN,AGL,CE,Combined TRACON& Tower with Radar,242,200,51,0,493,0,1,7,0,8,242,201,58,0,501,0,0,0,501
06/17/2008,IND,IN,AGL,CE,Combined TRACON& Tower with Radar,381,215,62,2,660,0,3,20,1,24,381,218,82,3,684,0,0,0,684
06/18/2008,IND,IN,AGL,CE,Combined TRACON& Tower with Radar,382,210,72,2,666,0,0,14,1,15,382,210,86,3,681,0,0,0,681
06/19/2008,IND,IN,AGL,CE,Combined TRACON& Tower with Radar,379,205,73,4,661,0,3,26,0,29,379,208,99,4,690,0,0,0,690
06/20/2008,IND,IN,AGL,CE,Combined TRACON& Tower with Radar,381,196,49,1,627,0,3,16,1,20,381,199,65,2,647,0,0,0,647
06/21/2008,IND,IN,AGL,CE,Combined TRACON& Tower with Radar,270,136,14,2,422,0,6,5,0,11,270,142,19,2,433,0,0,0,433
06/22/2008,IND,IN,AGL,CE,Combined TRACON& Tower with Radar,229,132,18,0,379,0,0,3,0,3,229,132,21,0,382,0,0,0,382
06/23/2008,IND,IN,AGL,CE,Combined TRACON& Tower with Radar,250,204,46,2,502,0,3,18,0,21,250,207,64,2,523,0,0,0,523
06/24/2008,IND,IN,AGL,CE,Combined TRACON& Tower with Radar,392,207,64,4,667,0,4,23,0,27,392,211,87,4,694,0,0,0,694
06/25/2008,IND,IN,AGL,CE,Combined TRACON& Tower with Radar,384,223,82,0,689,0,0,5,0,5,384,223,87,0,694,0,0,0,694
06/26/2008,IND,IN,AGL,CE,Combined TRACON& Tower with Radar,392,225,64,6,687,0,1,5,1,7,392,226,69,7,694,0,0,0,694
06/27/2008,IND,IN,AGL,CE,Combined TRACON& Tower with Radar,376,188,62,4,630,0,1,11,0,12,376,189,73,4,642,0,0,0,642
06/28/2008,IND,IN,AGL,CE,Combined TRACON& Tower with Radar,271,147,25,1,444,0,1,10,0,11,271,148,35,1,455,0,0,0,455
06/29/2008,IND,IN,AGL,CE,Combined TRACON& Tower with Radar,230,151,25,0,406,0,3,13,0,16,230,154,38,0,422,0,0,0,422
06/30/2008,IND,IN,AGL,CE,Combined TRACON& Tower with Radar,253,198,51,2,504,0,0,17,0,17,253,198,68,2,521,0,0,0,521
07/01/2008,IND,IN,AGL,CE,Combined TRACON& Tower with Radar,386,195,64,5,650,0,3,24,0,27,386,198,88,5,677,0,0,0,677
07/02/2008,IND,IN,AGL,CE,Combined TRACON& Tower with Radar,380,203,48,5,636,0,0,19,0,19,380,203,67,5,655,0,0,0,655
07/03/2008,IND,IN,AGL,CE,Combined TRACON& Tower with Radar,379,191,52,2,624,0,0,1,1,2,379,191,53,3,626,0,0,0,626
07/04/2008,IND,IN,AGL,CE,Combined TRACON& Tower with Radar,222,114,8,0,344,0,0,1,1,2,222,114,9,1,346,0,0,0,346
07/05/2008,IND,IN,AGL,CE,Combined TRACON& Tower with Radar,256,111,10,0,377,0,0,2,0,2,256,111,12,0,379,0,0,0,379
07/06/2008,IND,IN,AGL,CE,Combined TRACON& Tower with Radar,224,146,31,3,404,0,0,0,0,0,224,146,31,3,404,0,0,0,404
07/07/2008,IND,IN,AGL,CE,Combined TRACON& Tower with Radar,249,196,46,3,494,0,0,6,0,6,249,196,52,3,500,0,0,0,500
07/08/2008,IND,IN,AGL,CE,Combined TRACON& Tower with Radar,362,195,57,0,614,0,0,6,0,6,362,195,63,0,620,0,0,0,620
07/09/2008,IND,IN,AGL,CE,Combined TRACON& Tower with Radar,395,206,49,5,655,0,0,9,0,9,395,206,58,5,664,0,0,0,664
07/10/2008,IND,IN,AGL,CE,Combined TRACON& Tower with Radar,395,204,55,0,654,0,2,14,1,17,395,206,69,1,671,0,0,0,671
07/11/2008,IND,IN,AGL,CE,Combined TRACON& Tower with Radar,379,195,47,2,623,0,2,11,3,16,379,197,58,5,639,0,0,0,639
07/12/2008,IND,IN,AGL,CE,Combined TRACON& Tower with Radar,265,126,14,0,405,0,0,1,1,2,265,126,15,1,407,0,0,0,407
07/13/2008,IND,IN,AGL,CE,Combined TRACON& Tower with Radar,216,149,21,3,389,0,2,7,2,11,216,151,28,5,400,0,0,0,400
07/14/2008,IND,IN,AGL,CE,Combined TRACON& Tower with Radar,255,207,69,1,532,0,2,12,0,14,255,209,81,1,546,0,0,0,546
07/15/2008,IND,IN,AGL,CE,Combined TRACON& Tower with Radar,382,224,65,3,674,0,7,21,0,28,382,231,86,3,702,0,0,0,702
07/16/2008,IND,IN,AGL,CE,Combined TRACON& Tower with Radar,386,217,71,2,676,0,3,25,0,28,386,220,96,2,704,0,0,0,704
07/17/2008,IND,IN,AGL,CE,Combined TRACON& Tower with Radar,374,202,81,2,659,0,2,22,0,24,374,204,103,2,683,0,0,0,683
07/18/2008,IND,IN,AGL,CE,Combined TRACON& Tower with Radar,375,201,56,2,634,0,0,7,0,7,375,201,63,2,641,0,0,0,641
07/19/2008,IND,IN,AGL,CE,Combined TRACON& Tower with Radar,274,126,17,2,419,0,0,11,0,11,274,126,28,2,430,0,0,0,430
07/20/2008,IND,IN,AGL,CE,Combined TRACON& Tower with Radar,224,149,27,2,402,0,0,1,0,1,224,149,28,2,403,0,0,0,403
07/21/2008,IND,IN,AGL,CE,Combined TRACON& Tower with Radar,256,190,59,4,509,0,0,5,1,6,256,190,64,5,515,0,0,0,515
07/22/2008,IND,IN,AGL,CE,Combined TRACON& Tower with Radar,380,202,52,0,634,0,0,13,0,13,380,202,65,0,647,0,0,0,647
07/23/2008,IND,IN,AGL,CE,Combined TRACON& Tower with Radar,376,206,78,2,662,0,3,17,0,20,376,209,95,2,682,0,0,0,682
07/24/2008,IND,IN,AGL,CE,Combined TRACON& Tower with Radar,401,212,122,0,735,0,2,16,0,18,401,214,138,0,753,0,0,0,753
07/25/2008,IND,IN,AGL,CE,Combined TRACON& Tower with Radar,376,207,97,0,680,0,0,17,1,18,376,207,114,1,698,0,0,0,698
07/26/2008,IND,IN,AGL,CE,Combined TRACON& Tower with Radar,265,135,64,1,465,0,0,10,4,14,265,135,74,5,479,0,0,0,479
07/27/2008,IND,IN,AGL,CE,Combined TRACON& Tower with Radar,229,159,178,1,567,0,3,41,1,45,229,162,219,2,612,0,0,0,612
07/28/2008,IND,IN,AGL,CE,Combined TRACON& Tower with Radar,261,204,56,7,528,0,0,9,0,9,261,204,65,7,537,0,0,0,537
07/29/2008,IND,IN,AGL,CE,Combined TRACON& Tower with Radar,379,202,61,0,642,0,0,12,0,12,379,202,73,0,654,0,0,0,654
07/30/2008,IND,IN,AGL,CE,Combined TRACON& Tower with Radar,382,217,47,0,646,0,2,11,0,13,382,219,58,0,659,0,0,0,659
07/31/2008,IND,IN,AGL,CE,Combined TRACON& Tower with Radar,376,227,83,4,690,0,0,16,0,16,376,227,99,4,706,0,0,0,706
08/01/2008,IND,IN,AGL,CE,Combined TRACON& Tower with Radar,360,224,42,10,636,0,0,6,0,6,360,224,48,10,642,0,0,0,642
08/02/2008,IND,IN,AGL,CE,Combined TRACON& Tower with Radar,264,128,25,9,426,0,1,8,0,9,264,129,33,9,435,0,0,0,435
08/03/2008,IND,IN,AGL,CE,Combined TRACON& Tower with Radar,233,156,40,1,430,0,3,7,0,10,233,159,47,1,440,0,0,0,440
08/04/2008,IND,IN,AGL,CE,Combined TRACON& Tower with Radar,271,192,58,7,528,0,0,7,0,7,271,192,65,7,535,0,0,0,535
08/05/2008,IND,IN,AGL,CE,Combined TRACON& Tower with Radar,395,194,59,0,648,0,0,1,0,1,395,194,60,0,649,0,0,0,649
08/06/2008,IND,IN,AGL,CE,Combined TRACON& Tower with Radar,380,215,68,7,670,0,0,10,1,11,380,215,78,8,681,0,0,0,681
08/07/2008,IND,IN,AGL,CE,Combined TRACON& Tower with Radar,370,212,66,4,652,3,2,11,0,16,373,214,77,4,668,0,0,0,668
08/08/2008,IND,IN,AGL,CE,Combined TRACON& Tower with Radar,360,204,49,2,615,0,4,8,1,13,360,208,57,3,628,0,0,0,628
08/09/2008,IND,IN,AGL,CE,Combined TRACON& Tower with Radar,275,126,13,0,414,0,0,13,0,13,275,126,26,0,427,0,0,0,427
08/10/2008,IND,IN,AGL,CE,Combined TRACON& Tower with Radar,226,141,19,2,388,0,0,5,1,6,226,141,24,3,394,0,0,0,394
08/11/2008,IND,IN,AGL,CE,Combined TRACON& Tower with Radar,245,196,40,3,484,0,1,14,0,15,245,197,54,3,499,0,0,0,499
08/12/2008,IND,IN,AGL,CE,Combined TRACON& Tower with Radar,377,219,57,5,658,0,3,14,0,17,377,222,71,5,675,0,0,0,675
08/13/2008,IND,IN,AGL,CE,Combined TRACON& Tower with Radar,383,204,73,4,664,0,2,9,0,11,383,206,82,4,675,0,0,0,675
08/14/2008,IND,IN,AGL,CE,Combined TRACON& Tower with Radar,369,204,65,7,645,0,0,8,0,8,369,204,73,7,653,0,0,0,653
08/15/2008,IND,IN,AGL,CE,Combined TRACON& Tower with Radar,357,193,59,0,609,0,2,17,0,19,357,195,76,0,628,0,0,0,628
08/16/2008,IND,IN,AGL,CE,Combined TRACON& Tower with Radar,256,126,26,3,411,0,3,4,0,7,256,129,30,3,418,0,0,0,418
08/17/2008,IND,IN,AGL,CE,Combined TRACON& Tower with Radar,236,144,28,2,410,0,0,9,0,9,236,144,37,2,419,0,0,0,419
08/18/2008,IND,IN,AGL,CE,Combined TRACON& Tower with Radar,242,197,38,5,482,0,0,10,0,10,242,197,48,5,492,0,0,0,492
08/19/2008,IND,IN,AGL,CE,Combined TRACON& Tower with Radar,352,190,71,0,613,0,0,11,0,11,352,190,82,0,624,0,0,0,624
08/20/2008,IND,IN,AGL,CE,Combined TRACON& Tower with Radar,354,199,45,1,599,0,0,19,0,19,354,199,64,1,618,0,0,0,618
08/21/2008,IND,IN,AGL,CE,Combined TRACON& Tower with Radar,351,217,64,1,633,0,1,15,0,16,351,218,79,1,649,0,0,0,649
08/22/2008,IND,IN,AGL,CE,Combined TRACON& Tower with Radar,332,197,50,0,579,0,2,16,7,25,332,199,66,7,604,0,0,0,604
08/23/2008,IND,IN,AGL,CE,Combined TRACON& Tower with Radar,235,125,19,6,385,0,0,12,5,17,235,125,31,11,402,0,0,0,402
08/24/2008,IND,IN,AGL,CE,Combined TRACON& Tower with Radar,201,142,22,1,366,0,3,8,5,16,201,145,30,6,382,0,0,0,382
08/25/2008,IND,IN,AGL,CE,Combined TRACON& Tower with Radar,226,197,57,8,488,0,0,13,1,14,226,197,70,9,502,0,0,0,502
08/26/2008,IND,IN,AGL,CE,Combined TRACON& Tower with Radar,356,193,66,2,617,0,4,10,4,18,356,197,76,6,635,0,0,0,635
08/27/2008,IND,IN,AGL,CE,Combined TRACON& Tower with Radar,349,201,71,6,627,0,1,16,0,17,349,202,87,6,644,0,0,0,644
08/28/2008,IND,IN,AGL,CE,Combined TRACON& Tower with Radar,349,195,57,3,604,0,0,15,0,15,349,195,72,3,619,0,0,0,619
08/29/2008,IND,IN,AGL,CE,Combined TRACON& Tower with Radar,334,190,63,3,590,0,1,4,1,6,334,191,67,4,596,0,0,0,596
08/30/2008,IND,IN,AGL,CE,Combined TRACON& Tower with Radar,228,114,29,2,373,0,4,7,0,11,228,118,36,2,384,0,0,0,384
08/31/2008,IND,IN,AGL,CE,Combined TRACON& Tower with Radar,160,103,17,1,281,0,2,1,0,3,160,105,18,1,284,0,0,0,284
09/01/2008,IND,IN,AGL,CE,Combined TRACON& Tower with Radar,190,131,26,2,349,0,3,10,0,13,190,134,36,2,362,0,0,0,362
09/02/2008,IND,IN,AGL,CE,Combined TRACON& Tower with Radar,222,155,49,2,428,0,0,14,1,15,222,155,63,3,443,0,0,0,443
09/03/2008,IND,IN,AGL,CE,Combined TRACON& Tower with Radar,348,166,47,1,562,0,1,6,0,7,348,167,53,1,569,0,0,0,569
09/04/2008,IND,IN,AGL,CE,Combined TRACON& Tower with Radar,334,161,55,0,550,0,0,6,0,6,334,161,61,0,556,0,0,0,556
09/05/2008,IND,IN,AGL,CE,Combined TRACON& Tower with Radar,348,175,60,1,584,0,2,12,0,14,348,177,72,1,598,0,0,0,598
09/06/2008,IND,IN,AGL,CE,Combined TRACON& Tower with Radar,239,114,11,0,364,3,0,6,0,9,242,114,17,0,373,0,0,0,373
09/07/2008,IND,IN,AGL,CE,Combined TRACON& Tower with Radar,206,134,44,2,386,0,2,9,0,11,206,136,53,2,397,0,0,0,397
09/08/2008,IND,IN,AGL,CE,Combined TRACON& Tower with Radar,213,163,77,2,455,0,0,5,1,6,213,163,82,3,461,0,0,0,461
09/09/2008,IND,IN,AGL,CE,Combined TRACON& Tower with Radar,349,168,70,0,587,0,0,20,1,21,349,168,90,1,608,0,0,0,608
09/10/2008,IND,IN,AGL,CE,Combined TRACON& Tower with Radar,346,167,58,6,577,0,2,11,0,13,346,169,69,6,590,0,0,0,590
09/11/2008,IND,IN,AGL,CE,Combined TRACON& Tower with Radar,348,191,48,2,589,0,0,7,0,7,348,191,55,2,596,0,0,0,596
09/12/2008,IND,IN,AGL,CE,Combined TRACON& Tower with Radar,329,166,50,3,548,0,0,1,0,1,329,166,51,3,549,0,0,0,549
09/13/2008,IND,IN,AGL,CE,Combined TRACON& Tower with Radar,238,103,16,0,357,0,0,0,0,0,238,103,16,0,357,0,0,0,357
09/14/2008,IND,IN,AGL,CE,Combined TRACON& Tower with Radar,199,133,31,3,366,0,0,0,0,0,199,133,31,3,366,0,0,0,366
09/15/2008,IND,IN,AGL,CE,Combined TRACON& Tower with Radar,222,154,65,3,444,0,0,5,0,5,222,154,70,3,449,0,0,0,449
09/16/2008,IND,IN,AGL,CE,Combined TRACON& Tower with Radar,351,169,83,8,611,0,0,10,0,10,351,169,93,8,621,0,0,0,621
09/17/2008,IND,IN,AGL,CE,Combined TRACON& Tower with Radar,346,169,81,1,597,0,0,29,0,29,346,169,110,1,626,0,0,0,626
09/18/2008,IND,IN,AGL,CE,Combined TRACON& Tower with Radar,347,171,82,1,601,0,2,23,0,25,347,173,105,1,626,0,0,0,626
09/19/2008,IND,IN,AGL,CE,Combined TRACON& Tower with Radar,332,158,69,1,560,0,0,20,0,20,332,158,89,1,580,0,0,0,580
09/20/2008,IND,IN,AGL,CE,Combined TRACON& Tower with Radar,239,106,18,1,364,0,2,4,0,6,239,108,22,1,370,0,0,0,370
09/21/2008,IND,IN,AGL,CE,Combined TRACON& Tower with Radar,211,132,21,4,368,0,0,10,1,11,211,132,31,5,379,0,0,0,379
09/22/2008,IND,IN,AGL,CE,Combined TRACON& Tower with Radar,224,162,60,1,447,0,0,13,0,13,224,162,73,1,460,0,0,0,460
09/23/2008,IND,IN,AGL,CE,Combined TRACON& Tower with Radar,342,168,83,2,595,0,2,11,0,13,342,170,94,2,608,0,0,0,608
09/24/2008,IND,IN,AGL,CE,Combined TRACON& Tower with Radar,347,166,68,1,582,0,4,6,0,10,347,170,74,1,592,0,0,0,592
09/25/2008,IND,IN,AGL,CE,Combined TRACON& Tower with Radar,345,165,57,3,570,0,1,22,0,23,345,166,79,3,593,0,0,0,593
09/26/2008,IND,IN,AGL,CE,Combined TRACON& Tower with Radar,329,153,53,4,539,0,1,18,0,19,329,154,71,4,558,0,0,0,558
09/27/2008,IND,IN,AGL,CE,Combined TRACON& Tower with Radar,236,106,16,2,360,0,1,2,1,4,236,107,18,3,364,0,0,0,364
09/28/2008,IND,IN,AGL,CE,Combined TRACON& Tower with Radar,205,129,19,0,353,0,0,8,0,8,205,129,27,0,361,0,0,0,361
09/29/2008,IND,IN,AGL,CE,Combined TRACON& Tower with Radar,229,147,47,0,423,0,0,5,0,5,229,147,52,0,428,0,0,0,428
09/30/2008,IND,IN,AGL,CE,Combined TRACON& Tower with Radar,343,160,56,2,561,0,0,6,1,7,343,160,62,3,568,0,0,0,568
10/01/2008,IND,IN,AGL,CE,Combined TRACON& Tower with Radar,334,152,54,2,542,0,2,16,0,18,334,154,70,2,560,0,0,0,560
10/02/2008,IND,IN,AGL,CE,Combined TRACON& Tower with Radar,352,169,52,4,577,0,0,14,0,14,352,169,66,4,591,0,0,0,591
10/03/2008,IND,IN,AGL,CE,Combined TRACON& Tower with Radar,338,168,45,2,553,0,4,6,0,10,338,172,51,2,563,0,0,0,563
10/04/2008,IND,IN,AGL,CE,Combined TRACON& Tower with Radar,238,107,26,7,378,0,0,14,0,14,238,107,40,7,392,0,0,0,392
10/05/2008,IND,IN,AGL,CE,Combined TRACON& Tower with Radar,210,124,24,3,361,0,1,7,0,8,210,125,31,3,369,0,0,0,369
10/06/2008,IND,IN,AGL,CE,Combined TRACON& Tower with Radar,235,153,60,2,450,0,0,13,0,13,235,153,73,2,463,0,0,0,463
10/07/2008,IND,IN,AGL,CE,Combined TRACON& Tower with Radar,352,155,67,0,574,0,1,5,0,6,352,156,72,0,580,0,0,0,580
10/08/2008,IND,IN,AGL,CE,Combined TRACON& Tower with Radar,348,163,73,4,588,0,0,13,0,13,348,163,86,4,601,0,0,0,601
10/09/2008,IND,IN,AGL,CE,Combined TRACON& Tower with Radar,360,172,62,2,596,0,2,8,0,10,360,174,70,2,606,0,0,0,606
10/10/2008,IND,IN,AGL,CE,Combined TRACON& Tower with Radar,333,183,45,0,561,0,1,8,0,9,333,184,53,0,570,0,0,0,570
10/11/2008,IND,IN,AGL,CE,Combined TRACON& Tower with Radar,245,102,18,0,365,0,0,8,2,10,245,102,26,2,375,0,0,0,375
10/12/2008,IND,IN,AGL,CE,Combined TRACON& Tower with Radar,213,124,19,2,358,0,0,13,0,13,213,124,32,2,371,0,0,0,371
10/13/2008,IND,IN,AGL,CE,Combined TRACON& Tower with Radar,228,156,63,6,453,0,0,9,0,9,228,156,72,6,462,0,0,0,462
10/14/2008,IND,IN,AGL,CE,Combined TRACON& Tower with Radar,348,152,61,0,561,0,2,14,0,16,348,154,75,0,577,0,0,0,577
10/15/2008,IND,IN,AGL,CE,Combined TRACON& Tower with Radar,352,170,71,2,595,0,3,5,0,8,352,173,76,2,603,0,0,0,603
10/16/2008,IND,IN,AGL,CE,Combined TRACON& Tower with Radar,360,190,52,0,602,0,0,11,0,11,360,190,63,0,613,0,0,0,613
10/17/2008,IND,IN,AGL,CE,Combined TRACON& Tower with Radar,340,176,65,0,581,0,2,15,1,18,340,178,80,1,599,0,0,0,599
10/18/2008,IND,IN,AGL,CE,Combined TRACON& Tower with Radar,252,113,21,0,386,0,1,2,0,3,252,114,23,0,389,0,0,0,389
10/19/2008,IND,IN,AGL,CE,Combined TRACON& Tower with Radar,209,128,46,4,387,0,0,8,1,9,209,128,54,5,396,0,0,0,396
10/20/2008,IND,IN,AGL,CE,Combined TRACON& Tower with Radar,224,161,65,6,456,0,3,5,1,9,224,164,70,7,465,0,0,0,465
10/21/2008,IND,IN,AGL,CE,Combined TRACON& Tower with Radar,355,157,56,2,570,0,4,7,0,11,355,161,63,2,581,0,0,0,581
10/22/2008,IND,IN,AGL,CE,Combined TRACON& Tower with Radar,355,167,62,5,589,0,0,12,0,12,355,167,74,5,601,0,0,0,601
10/23/2008,IND,IN,AGL,CE,Combined TRACON& Tower with Radar,347,169,58,5,579,0,0,11,0,11,347,169,69,5,590,0,0,0,590
10/24/2008,IND,IN,AGL,CE,Combined TRACON& Tower with Radar,333,179,43,4,559,0,0,3,0,3,333,179,46,4,562,0,0,0,562
10/25/2008,IND,IN,AGL,CE,Combined TRACON& Tower with Radar,242,109,17,0,368,0,0,1,0,1,242,109,18,0,369,0,0,0,369
10/26/2008,IND,IN,AGL,CE,Combined TRACON& Tower with Radar,221,123,19,2,365,0,1,0,0,1,221,124,19,2,366,0,0,0,366
10/27/2008,IND,IN,AGL,CE,Combined TRACON& Tower with Radar,226,157,69,6,458,0,0,7,0,7,226,157,76,6,465,0,0,0,465
10/28/2008,IND,IN,AGL,CE,Combined TRACON& Tower with Radar,352,156,68,4,580,0,0,4,0,4,352,156,72,4,584,0,0,0,584
10/29/2008,IND,IN,AGL,CE,Combined TRACON& Tower with Radar,353,160,54,3,570,0,0,12,0,12,353,160,66,3,582,0,0,0,582
10/30/2008,IND,IN,AGL,CE,Combined TRACON& Tower with Radar,352,164,69,4,589,0,0,13,0,13,352,164,82,4,602,0,0,0,602
10/31/2008,IND,IN,AGL,CE,Combined TRACON& Tower with Radar,352,170,50,7,579,0,1,18,0,19,352,171,68,7,598,0,0,0,598
11/01/2008,IND,IN,AGL,CE,Combined TRACON& Tower with Radar,241,114,25,2,382,0,0,8,1,9,241,114,33,3,391,0,0,0,391
11/02/2008,IND,IN,AGL,CE,Combined TRACON& Tower with Radar,213,122,46,0,381,0,4,20,0,24,213,126,66,0,405,0,0,0,405
11/03/2008,IND,IN,AGL,CE,Combined TRACON& Tower with Radar,223,171,65,2,461,0,2,22,2,26,223,173,87,4,487,0,0,0,487
11/04/2008,IND,IN,AGL,CE,Combined TRACON& Tower with Radar,336,159,44,2,541,0,0,17,0,17,336,159,61,2,558,0,0,0,558
11/05/2008,IND,IN,AGL,CE,Combined TRACON& Tower with Radar,359,169,71,2,601,0,2,17,0,19,359,171,88,2,620,0,0,0,620
11/06/2008,IND,IN,AGL,CE,Combined TRACON& Tower with Radar,337,170,72,2,581,0,0,8,0,8,337,170,80,2,589,0,0,0,589
11/07/2008,IND,IN,AGL,CE,Combined TRACON& Tower with Radar,336,183,57,0,576,0,0,8,0,8,336,183,65,0,584,0,0,0,584
11/08/2008,IND,IN,AGL,CE,Combined TRACON& Tower with Radar,239,111,5,0,355,0,2,1,1,4,239,113,6,1,359,0,0,0,359
11/09/2008,IND,IN,AGL,CE,Combined TRACON& Tower with Radar,212,127,15,0,354,0,0,0,1,1,212,127,15,1,355,0,0,0,355
11/10/2008,IND,IN,AGL,CE,Combined TRACON& Tower with Radar,225,168,56,0,449,0,0,7,0,7,225,168,63,0,456,0,0,0,456
11/11/2008,IND,IN,AGL,CE,Combined TRACON& Tower with Radar,332,161,49,2,544,0,0,9,0,9,332,161,58,2,553,0,0,0,553
11/12/2008,IND,IN,AGL,CE,Combined TRACON& Tower with Radar,345,162,76,4,587,0,1,7,0,8,345,163,83,4,595,0,0,0,595
11/13/2008,IND,IN,AGL,CE,Combined TRACON& Tower with Radar,347,173,91,2,613,0,0,2,0,2,347,173,93,2,615,0,0,0,615
11/14/2008,IND,IN,AGL,CE,Combined TRACON& Tower with Radar,343,167,41,2,553,0,0,2,0,2,343,167,43,2,555,0,0,0,555
11/15/2008,IND,IN,AGL,CE,Combined TRACON& Tower with Radar,235,116,15,0,366,0,2,2,0,4,235,118,17,0,370,0,0,0,370
11/16/2008,IND,IN,AGL,CE,Combined TRACON& Tower with Radar,218,121,29,0,368,0,1,8,0,9,218,122,37,0,377,0,0,0,377
11/17/2008,IND,IN,AGL,CE,Combined TRACON& Tower with Radar,213,161,61,11,446,0,1,4,0,5,213,162,65,11,451,0,0,0,451
11/18/2008,IND,IN,AGL,CE,Combined TRACON& Tower with Radar,353,170,58,6,587,0,0,3,0,3,353,170,61,6,590,0,0,0,590
11/19/2008,IND,IN,AGL,CE,Combined TRACON& Tower with Radar,349,176,60,6,591,0,1,7,0,8,349,177,67,6,599,0,0,0,599
11/20/2008,IND,IN,AGL,CE,Combined TRACON& Tower with Radar,346,168,58,4,576,0,1,9,0,10,346,169,67,4,586,0,0,0,586
11/21/2008,IND,IN,AGL,CE,Combined TRACON& Tower with Radar,335,168,67,8,578,0,2,8,0,10,335,170,75,8,588,0,0,0,588
11/22/2008,IND,IN,AGL,CE,Combined TRACON& Tower with Radar,236,108,9,1,354,0,2,2,0,4,236,110,11,1,358,0,0,0,358
11/23/2008,IND,IN,AGL,CE,Combined TRACON& Tower with Radar,209,129,7,0,345,0,1,2,1,4,209,130,9,1,349,0,0,0,349
11/24/2008,IND,IN,AGL,CE,Combined TRACON& Tower with Radar,226,153,51,0,430,0,0,0,0,0,226,153,51,0,430,0,0,0,430
11/25/2008,IND,IN,AGL,CE,Combined TRACON& Tower with Radar,349,172,41,6,568,0,3,15,0,18,349,175,56,6,586,0,0,0,586
11/26/2008,IND,IN,AGL,CE,Combined TRACON& Tower with Radar,353,183,48,2,586,0,0,14,0,14,353,183,62,2,600,0,0,0,600
11/27/2008,IND,IN,AGL,CE,Combined TRACON& Tower with Radar,188,80,3,2,273,0,0,4,0,4,188,80,7,2,277,0,0,0,277
11/28/2008,IND,IN,AGL,CE,Combined TRACON& Tower with Radar,257,87,21,0,365,0,1,11,0,12,257,88,32,0,377,0,0,0,377
11/29/2008,IND,IN,AGL,CE,Combined TRACON& Tower with Radar,235,106,22,1,364,0,0,0,0,0,235,106,22,1,364,0,0,0,364
11/30/2008,IND,IN,AGL,CE,Combined TRACON& Tower with Radar,215,127,28,0,370,0,0,0,0,0,215,127,28,0,370,0,0,0,370
12/01/2008,IND,IN,AGL,CE,Combined TRACON& Tower with Radar,232,159,67,1,459,0,0,0,0,0,232,159,67,1,459,0,0,0,459
12/02/2008,IND,IN,AGL,CE,Combined TRACON& Tower with Radar,378,172,53,0,603,0,2,6,0,8,378,174,59,0,611,0,0,0,611
12/03/2008,IND,IN,AGL,CE,Combined TRACON& Tower with Radar,358,170,74,2,604,0,6,5,0,11,358,176,79,2,615,0,0,0,615
12/04/2008,IND,IN,AGL,CE,Combined TRACON& Tower with Radar,356,165,32,2,555,0,0,7,0,7,356,165,39,2,562,0,0,0,562
12/05/2008,IND,IN,AGL,CE,Combined TRACON& Tower with Radar,354,174,57,6,591,0,4,5,0,9,354,178,62,6,600,0,0,0,600
12/06/2008,IND,IN,AGL,CE,Combined TRACON& Tower with Radar,242,113,21,0,376,0,0,0,2,2,242,113,21,2,378,0,0,0,378
12/07/2008,IND,IN,AGL,CE,Combined TRACON& Tower with Radar,213,134,32,0,379,0,0,7,0,7,213,134,39,0,386,0,0,0,386
12/08/2008,IND,IN,AGL,CE,Combined TRACON& Tower with Radar,222,147,44,0,413,0,1,3,0,4,222,148,47,0,417,0,0,0,417
12/09/2008,IND,IN,AGL,CE,Combined TRACON& Tower with Radar,353,150,76,1,580,0,0,0,0,0,353,150,76,1,580,0,0,0,580
12/10/2008,IND,IN,AGL,CE,Combined TRACON& Tower with Radar,367,170,50,5,592,0,1,5,0,6,367,171,55,5,598,0,0,0,598
12/11/2008,IND,IN,AGL,CE,Combined TRACON& Tower with Radar,365,169,52,4,590,0,1,8,2,11,365,170,60,6,601,0,0,0,601
12/12/2008,IND,IN,AGL,CE,Combined TRACON& Tower with Radar,358,161,46,4,569,0,1,2,2,5,358,162,48,6,574,0,0,0,574
12/13/2008,IND,IN,AGL,CE,Combined TRACON& Tower with Radar,248,111,14,0,373,3,3,4,0,10,251,114,18,0,383,0,0,0,383
12/14/2008,IND,IN,AGL,CE,Combined TRACON& Tower with Radar,202,130,16,2,350,0,1,3,0,4,202,131,19,2,354,0,0,0,354
12/15/2008,IND,IN,AGL,CE,Combined TRACON& Tower with Radar,215,160,64,1,440,0,0,2,0,2,215,160,66,1,442,0,0,0,442
12/16/2008,IND,IN,AGL,CE,Combined TRACON& Tower with Radar,366,142,59,2,569,0,0,3,0,3,366,142,62,2,572,0,0,0,572
12/17/2008,IND,IN,AGL,CE,Combined TRACON& Tower with Radar,403,165,75,0,643,0,2,3,0,5,403,167,78,0,648,0,0,0,648
12/18/2008,IND,IN,AGL,CE,Combined TRACON& Tower with Radar,386,177,94,3,660,0,0,3,0,3,386,177,97,3,663,0,0,0,663
12/19/2008,IND,IN,AGL,CE,Combined TRACON& Tower with Radar,383,140,58,2,583,0,0,0,0,0,383,140,58,2,583,0,0,0,583
12/20/2008,IND,IN,AGL,CE,Combined TRACON& Tower with Radar,345,114,30,0,489,0,0,3,0,3,345,114,33,0,492,0,0,0,492
12/21/2008,IND,IN,AGL,CE,Combined TRACON& Tower with Radar,243,124,17,1,385,0,0,0,0,0,243,124,17,1,385,0,0,0,385
12/22/2008,IND,IN,AGL,CE,Combined TRACON& Tower with Radar,220,142,40,4,406,0,0,1,0,1,220,142,41,4,407,0,0,0,407
12/23/2008,IND,IN,AGL,CE,Combined TRACON& Tower with Radar,374,143,27,0,544,0,0,4,0,4,374,143,31,0,548,0,0,0,548
12/24/2008,IND,IN,AGL,CE,Combined TRACON& Tower with Radar,349,124,34,0,507,0,0,0,0,0,349,124,34,0,507,0,0,0,507
12/25/2008,IND,IN,AGL,CE,Combined TRACON& Tower with Radar,175,101,6,0,282,0,0,1,0,1,175,101,7,0,283,0,0,0,283
12/26/2008,IND,IN,AGL,CE,Combined TRACON& Tower with Radar,216,101,11,0,328,0,1,1,0,2,216,102,12,0,330,0,0,0,330
12/27/2008,IND,IN,AGL,CE,Combined TRACON& Tower with Radar,230,116,28,1,375,0,2,2,0,4,230,118,30,1,379,0,0,0,379
12/28/2008,IND,IN,AGL,CE,Combined TRACON& Tower with Radar,220,135,23,0,378,0,0,1,0,1,220,135,24,0,379,0,0,0,379
12/29/2008,IND,IN,AGL,CE,Combined TRACON& Tower with Radar,214,131,23,2,370,0,0,9,0,9,214,131,32,2,379,0,0,0,379
12/30/2008,IND,IN,AGL,CE,Combined TRACON& Tower with Radar,358,137,28,3,526,0,1,5,0,6,358,138,33,3,532,0,0,0,532
12/31/2008,IND,IN,AGL,CE,Combined TRACON& Tower with Radar,325,118,13,2,458,0,0,5,0,5,325,118,18,2,463,0,0,0,463
01/01/2009,IND,IN,AGL,CE,Combined TRACON& Tower with Radar,177,115,2,0,294,0,3,1,0,4,177,118,3,0,298,0,0,0,298
01/02/2009,IND,IN,AGL,CE,Combined TRACON& Tower with Radar,241,145,25,3,414,0,0,8,0,8,241,145,33,3,422,0,0,0,422
01/03/2009,IND,IN,AGL,CE,Combined TRACON& Tower with Radar,220,118,15,2,355,0,0,4,0,4,220,118,19,2,359,0,0,0,359
01/04/2009,IND,IN,AGL,CE,Combined TRACON& Tower with Radar,217,138,21,2,378,0,0,0,0,0,217,138,21,2,378,0,0,0,378
01/05/2009,IND,IN,AGL,CE,Combined TRACON& Tower with Radar,224,150,52,2,428,0,0,11,0,11,224,150,63,2,439,0,0,0,439
01/06/2009,IND,IN,AGL,CE,Combined TRACON& Tower with Radar,314,155,42,0,511,0,0,0,0,0,314,155,42,0,511,0,0,0,511
01/07/2009,IND,IN,AGL,CE,Combined TRACON& Tower with Radar,333,132,50,2,517,0,0,2,0,2,333,132,52,2,519,0,0,0,519
01/08/2009,IND,IN,AGL,CE,Combined TRACON& Tower with Radar,339,167,54,4,564,0,2,5,0,7,339,169,59,4,571,0,0,0,571
01/09/2009,IND,IN,AGL,CE,Combined TRACON& Tower with Radar,321,162,44,9,536,0,0,6,1,7,321,162,50,10,543,0,0,0,543
01/10/2009,IND,IN,AGL,CE,Combined TRACON& Tower with Radar,207,89,18,0,314,0,0,0,0,0,207,89,18,0,314,0,0,0,314
01/11/2009,IND,IN,AGL,CE,Combined TRACON& Tower with Radar,196,117,10,2,325,0,0,1,3,4,196,117,11,5,329,0,0,0,329
01/12/2009,IND,IN,AGL,CE,Combined TRACON& Tower with Radar,214,148,51,5,418,0,0,7,0,7,214,148,58,5,425,0,0,0,425
01/13/2009,IND,IN,AGL,CE,Combined TRACON& Tower with Radar,325,160,53,3,541,0,2,6,0,8,325,162,59,3,549,0,0,0,549
01/14/2009,IND,IN,AGL,CE,Combined TRACON& Tower with Radar,319,144,61,2,526,0,0,0,0,0,319,144,61,2,526,0,0,0,526
01/15/2009,IND,IN,AGL,CE,Combined TRACON& Tower with Radar,350,151,57,5,563,0,1,6,1,8,350,152,63,6,571,0,0,0,571
01/16/2009,IND,IN,AGL,CE,Combined TRACON& Tower with Radar,335,163,47,1,546,0,2,6,0,8,335,165,53,1,554,0,0,0,554
01/17/2009,IND,IN,AGL,CE,Combined TRACON& Tower with Radar,222,94,13,3,332,0,0,5,0,5,222,94,18,3,337,0,0,0,337
01/18/2009,IND,IN,AGL,CE,Combined TRACON& Tower with Radar,194,107,17,4,322,0,0,0,0,0,194,107,17,4,322,0,0,0,322
01/19/2009,IND,IN,AGL,CE,Combined TRACON& Tower with Radar,222,146,38,1,407,0,0,4,0,4,222,146,42,1,411,0,0,0,411
01/20/2009,IND,IN,AGL,CE,Combined TRACON& Tower with Radar,332,148,50,2,532,0,0,7,0,7,332,148,57,2,539,0,0,0,539
01/21/2009,IND,IN,AGL,CE,Combined TRACON& Tower with Radar,340,154,54,6,554,0,1,5,0,6,340,155,59,6,560,0,0,0,560
01/22/2009,IND,IN,AGL,CE,Combined TRACON& Tower with Radar,338,157,52,5,552,0,0,8,2,10,338,157,60,7,562,0,0,0,562
01/23/2009,IND,IN,AGL,CE,Combined TRACON& Tower with Radar,328,158,55,5,546,0,0,6,0,6,328,158,61,5,552,0,0,0,552
01/24/2009,IND,IN,AGL,CE,Combined TRACON& Tower with Radar,223,97,22,1,343,0,0,4,0,4,223,97,26,1,347,0,0,0,347
01/25/2009,IND,IN,AGL,CE,Combined TRACON& Tower with Radar,200,119,16,2,337,0,0,2,0,2,200,119,18,2,339,0,0,0,339
01/26/2009,IND,IN,AGL,CE,Combined TRACON& Tower with Radar,213,148,51,3,415,0,0,3,0,3,213,148,54,3,418,0,0,0,418
01/27/2009,IND,IN,AGL,CE,Combined TRACON& Tower with Radar,309,146,62,1,518,0,0,2,0,2,309,146,64,1,520,0,0,0,520
01/28/2009,IND,IN,AGL,CE,Combined TRACON& Tower with Radar,308,132,56,0,496,0,0,4,0,4,308,132,60,0,500,0,0,0,500
01/29/2009,IND,IN,AGL,CE,Combined TRACON& Tower with Radar,343,161,52,1,557,0,0,3,0,3,343,161,55,1,560,0,0,0,560
01/30/2009,IND,IN,AGL,CE,Combined TRACON& Tower with Radar,330,156,39,2,527,0,0,1,0,1,330,156,40,2,528,0,0,0,528
01/31/2009,IND,IN,AGL,CE,Combined TRACON& Tower with Radar,217,101,27,2,347,0,2,9,0,11,217,103,36,2,358,0,0,0,358
02/01/2009,IND,IN,AGL,CE,Combined TRACON& Tower with Radar,196,112,29,4,341,0,0,4,0,4,196,112,33,4,345,0,0,0,345
02/02/2009,IND,IN,AGL,CE,Combined TRACON& Tower with Radar,217,160,71,1,449,0,0,6,0,6,217,160,77,1,455,0,0,0,455
02/03/2009,IND,IN,AGL,CE,Combined TRACON& Tower with Radar,322,141,64,2,529,0,0,2,0,2,322,141,66,2,531,0,0,0,531
02/04/2009,IND,IN,AGL,CE,Combined TRACON& Tower with Radar,337,154,60,0,551,0,0,6,0,6,337,154,66,0,557,0,0,0,557
02/05/2009,IND,IN,AGL,CE,Combined TRACON& Tower with Radar,349,159,74,2,584,0,0,13,0,13,349,159,87,2,597,0,0,0,597
02/06/2009,IND,IN,AGL,CE,Combined TRACON& Tower with Radar,325,169,43,2,539,0,5,20,0,25,325,174,63,2,564,0,0,0,564
02/07/2009,IND,IN,AGL,CE,Combined TRACON& Tower with Radar,208,88,15,2,313,0,0,1,0,1,208,88,16,2,314,0,0,0,314
02/08/2009,IND,IN,AGL,CE,Combined TRACON& Tower with Radar,203,114,18,4,339,0,0,4,0,4,203,114,22,4,343,0,0,0,343
02/09/2009,IND,IN,AGL,CE,Combined TRACON& Tower with Radar,214,141,37,0,392,0,0,5,0,5,214,141,42,0,397,0,0,0,397
02/10/2009,IND,IN,AGL,CE,Combined TRACON& Tower with Radar,327,162,52,2,543,0,5,4,0,9,327,167,56,2,552,0,0,0,552
02/11/2009,IND,IN,AGL,CE,Combined TRACON& Tower with Radar,338,151,47,0,536,0,0,2,0,2,338,151,49,0,538,0,0,0,538
02/12/2009,IND,IN,AGL,CE,Combined TRACON& Tower with Radar,345,163,79,1,588,0,3,9,1,13,345,166,88,2,601,0,0,0,601
02/13/2009,IND,IN,AGL,CE,Combined TRACON& Tower with Radar,328,157,41,3,529,0,0,5,0,5,328,157,46,3,534,0,0,0,534
02/14/2009,IND,IN,AGL,CE,Combined TRACON& Tower with Radar,194,100,9,0,303,0,0,1,0,1,194,100,10,0,304,0,0,0,304
02/15/2009,IND,IN,AGL,CE,Combined TRACON& Tower with Radar,203,116,22,4,345,0,2,5,0,7,203,118,27,4,352,0,0,0,352
02/16/2009,IND,IN,AGL,CE,Combined TRACON& Tower with Radar,219,170,58,4,451,0,0,10,0,10,219,170,68,4,461,0,0,0,461
02/17/2009,IND,IN,AGL,CE,Combined TRACON& Tower with Radar,331,168,58,2,559,0,0,6,2,8,331,168,64,4,567,0,0,0,567
02/18/2009,IND,IN,AGL,CE,Combined TRACON& Tower with Radar,336,148,65,2,551,0,0,1,0,1,336,148,66,2,552,0,0,0,552
02/19/2009,IND,IN,AGL,CE,Combined TRACON& Tower with Radar,348,161,73,2,584,0,9,6,0,15,348,170,79,2,599,0,0,0,599
02/20/2009,IND,IN,AGL,CE,Combined TRACON& Tower with Radar,325,167,71,4,567,0,0,8,0,8,325,167,79,4,575,0,0,0,575
02/21/2009,IND,IN,AGL,CE,Combined TRACON& Tower with Radar,209,108,24,2,343,0,1,1,0,2,209,109,25,2,345,0,0,0,345
02/22/2009,IND,IN,AGL,CE,Combined TRACON& Tower with Radar,204,128,24,3,359,0,0,4,0,4,204,128,28,3,363,0,0,0,363
02/23/2009,IND,IN,AGL,CE,Combined TRACON& Tower with Radar,219,158,71,5,453,0,0,10,0,10,219,158,81,5,463,0,0,0,463
02/24/2009,IND,IN,AGL,CE,Combined TRACON& Tower with Radar,345,153,62,3,563,0,0,13,1,14,345,153,75,4,577,0,0,0,577
02/25/2009,IND,IN,AGL,CE,Combined TRACON& Tower with Radar,341,161,50,4,556,0,1,10,0,11,341,162,60,4,567,0,0,0,567
02/26/2009,IND,IN,AGL,CE,Combined TRACON& Tower with Radar,353,159,57,2,571,0,1,0,0,1,353,160,57,2,572,0,0,0,572
02/27/2009,IND,IN,AGL,CE,Combined TRACON& Tower with Radar,335,168,61,2,566,0,0,3,0,3,335,168,64,2,569,0,0,0,569
02/28/2009,IND,IN,AGL,CE,Combined TRACON& Tower with Radar,205,105,20,0,330,0,0,2,0,2,205,105,22,0,332,0,0,0,332
03/01/2009,IND,IN,AGL,CE,Combined TRACON& Tower with Radar,184,126,24,0,334,0,0,3,0,3,184,126,27,0,337,0,0,0,337
03/02/2009,IND,IN,AGL,CE,Combined TRACON& Tower with Radar,213,133,35,2,383,0,1,13,1,15,213,134,48,3,398,0,0,0,398
03/03/2009,IND,IN,AGL,CE,Combined TRACON& Tower with Radar,345,151,59,6,561,0,0,19,0,19,345,151,78,6,580,0,0,0,580
03/04/2009,IND,IN,AGL,CE,Combined TRACON& Tower with Radar,347,165,57,4,573,0,2,17,0,19,347,167,74,4,592,0,0,0,592
03/05/2009,IND,IN,AGL,CE,Combined TRACON& Tower with Radar,345,167,60,2,574,0,2,5,0,7,345,169,65,2,581,0,0,0,581
03/06/2009,IND,IN,AGL,CE,Combined TRACON& Tower with Radar,322,163,38,10,533,0,0,3,1,4,322,163,41,11,537,0,0,0,537
03/07/2009,IND,IN,AGL,CE,Combined TRACON& Tower with Radar,205,105,11,0,321,0,1,3,0,4,205,106,14,0,325,0,0,0,325
03/08/2009,IND,IN,AGL,CE,Combined TRACON& Tower with Radar,236,143,11,3,393,0,0,0,0,0,236,143,11,3,393,0,0,0,393
03/09/2009,IND,IN,AGL,CE,Combined TRACON& Tower with Radar,216,147,46,3,412,0,2,16,0,18,216,149,62,3,430,0,0,0,430
03/10/2009,IND,IN,AGL,CE,Combined TRACON& Tower with Radar,333,156,34,1,524,0,0,1,0,1,333,156,35,1,525,0,0,0,525
03/11/2009,IND,IN,AGL,CE,Combined TRACON& Tower with Radar,346,174,53,1,574,0,1,8,0,9,346,175,61,1,583,0,0,0,583
03/12/2009,IND,IN,AGL,CE,Combined TRACON& Tower with Radar,339,165,56,0,560,0,2,18,0,20,339,167,74,0,580,0,0,0,580
03/13/2009,IND,IN,AGL,CE,Combined TRACON& Tower with Radar,334,168,50,0,552,0,0,12,0,12,334,168,62,0,564,0,0,0,564
03/14/2009,IND,IN,AGL,CE,Combined TRACON& Tower with Radar,209,97,22,2,330,0,2,13,0,15,209,99,35,2,345,0,0,0,345
03/15/2009,IND,IN,AGL,CE,Combined TRACON& Tower with Radar,204,135,23,0,362,0,1,13,0,14,204,136,36,0,376,0,0,0,376
03/16/2009,IND,IN,AGL,CE,Combined TRACON& Tower with Radar,217,154,34,4,409,0,1,13,0,14,217,155,47,4,423,0,0,0,423
03/17/2009,IND,IN,AGL,CE,Combined TRACON& Tower with Radar,341,159,52,0,552,0,0,15,2,17,341,159,67,2,569,0,0,0,569
03/18/2009,IND,IN,AGL,CE,Combined TRACON& Tower with Radar,338,156,44,3,541,0,0,14,2,16,338,156,58,5,557,0,0,0,557
03/19/2009,IND,IN,AGL,CE,Combined TRACON& Tower with Radar,339,171,45,1,556,0,2,9,0,11,339,173,54,1,567,0,0,0,567
03/20/2009,IND,IN,AGL,CE,Combined TRACON& Tower with Radar,326,163,42,0,531,0,0,9,0,9,326,163,51,0,540,0,0,0,540
03/21/2009,IND,IN,AGL,CE,Combined TRACON& Tower with Radar,213,102,13,0,328,0,0,7,0,7,213,102,20,0,335,0,0,0,335
03/22/2009,IND,IN,AGL,CE,Combined TRACON& Tower with Radar,204,126,17,0,347,0,1,7,0,8,204,127,24,0,355,0,0,0,355
03/23/2009,IND,IN,AGL,CE,Combined TRACON& Tower with Radar,217,158,38,1,414,0,0,9,0,9,217,158,47,1,423,0,0,0,423
03/24/2009,IND,IN,AGL,CE,Combined TRACON& Tower with Radar,342,154,55,2,553,0,0,6,0,6,342,154,61,2,559,0,0,0,559
03/25/2009,IND,IN,AGL,CE,Combined TRACON& Tower with Radar,345,174,57,4,580,0,0,10,0,10,345,174,67,4,590,0,0,0,590
03/26/2009,IND,IN,AGL,CE,Combined TRACON& Tower with Radar,329,171,61,2,563,0,2,6,1,9,329,173,67,3,572,0,0,0,572
03/27/2009,IND,IN,AGL,CE,Combined TRACON& Tower with Radar,325,181,46,0,552,0,0,8,0,8,325,181,54,0,560,0,0,0,560
03/28/2009,IND,IN,AGL,CE,Combined TRACON& Tower with Radar,213,102,34,2,351,0,0,1,0,1,213,102,35,2,352,0,0,0,352
03/29/2009,IND,IN,AGL,CE,Combined TRACON& Tower with Radar,213,136,47,1,397,0,0,0,0,0,213,136,47,1,397,0,0,0,397
03/30/2009,IND,IN,AGL,CE,Combined TRACON& Tower with Radar,224,164,35,1,424,0,0,5,0,5,224,164,40,1,429,0,0,0,429
03/31/2009,IND,IN,AGL,CE,Combined TRACON& Tower with Radar,327,163,43,0,533,0,0,1,0,1,327,163,44,0,534,0,0,0,534
04/01/2009,IND,IN,AGL,CE,Combined TRACON& Tower with Radar,342,176,40,2,560,0,0,4,0,4,342,176,44,2,564,0,0,0,564
04/02/2009,IND,IN,AGL,CE,Combined TRACON& Tower with Radar,334,185,39,2,560,0,0,6,0,6,334,185,45,2,566,0,0,0,566
04/03/2009,IND,IN,AGL,CE,Combined TRACON& Tower with Radar,320,166,36,0,522,0,3,6,0,9,320,169,42,0,531,0,0,0,531
04/04/2009,IND,IN,AGL,CE,Combined TRACON& Tower with Radar,219,107,26,2,354,0,2,6,0,8,219,109,32,2,362,0,0,0,362
04/05/2009,IND,IN,AGL,CE,Combined TRACON& Tower with Radar,199,134,23,2,358,0,0,0,0,0,199,134,23,2,358,0,0,0,358
04/06/2009,IND,IN,AGL,CE,Combined TRACON& Tower with Radar,222,154,30,1,407,0,2,8,0,10,222,156,38,1,417,0,0,0,417
04/07/2009,IND,IN,AGL,CE,Combined TRACON& Tower with Radar,331,165,37,1,534,0,0,8,0,8,331,165,45,1,542,0,0,0,542
04/08/2009,IND,IN,AGL,CE,Combined TRACON& Tower with Radar,327,165,47,4,543,0,1,14,3,18,327,166,61,7,561,0,0,0,561
04/09/2009,IND,IN,AGL,CE,Combined TRACON& Tower with Radar,328,174,61,6,569,0,3,8,0,11,328,177,69,6,580,0,0,0,580
04/10/2009,IND,IN,AGL,CE,Combined TRACON& Tower with Radar,326,169,26,1,522,0,2,1,0,3,326,171,27,1,525,0,0,0,525
04/11/2009,IND,IN,AGL,CE,Combined TRACON& Tower with Radar,206,104,16,0,326,0,0,5,0,5,206,104,21,0,331,0,0,0,331
04/12/2009,IND,IN,AGL,CE,Combined TRACON& Tower with Radar,202,137,5,1,345,0,1,0,0,1,202,138,5,1,346,0,0,0,346
04/13/2009,IND,IN,AGL,CE,Combined TRACON& Tower with Radar,205,184,46,0,435,0,0,0,0,0,205,184,46,0,435,0,0,0,435
04/14/2009,IND,IN,AGL,CE,Combined TRACON& Tower with Radar,328,179,58,0,565,0,0,0,0,0,328,179,58,0,565,0,0,0,565
04/15/2009,IND,IN,AGL,CE,Combined TRACON& Tower with Radar,332,169,72,3,576,0,0,1,0,1,332,169,73,3,577,0,0,0,577
04/16/2009,IND,IN,AGL,CE,Combined TRACON& Tower with Radar,328,179,58,5,570,0,0,9,0,9,328,179,67,5,579,0,0,0,579
04/17/2009,IND,IN,AGL,CE,Combined TRACON& Tower with Radar,304,178,29,5,516,0,0,16,0,16,304,178,45,5,532,0,0,0,532
04/18/2009,IND,IN,AGL,CE,Combined TRACON& Tower with Radar,210,95,20,0,325,0,0,2,0,2,210,95,22,0,327,0,0,0,327
04/19/2009,IND,IN,AGL,CE,Combined TRACON& Tower with Radar,187,139,22,0,348,0,0,0,0,0,187,139,22,0,348,0,0,0,348
04/20/2009,IND,IN,AGL,CE,Combined TRACON& Tower with Radar,213,163,58,1,435,0,0,2,0,2,213,163,60,1,437,0,0,0,437
04/21/2009,IND,IN,AGL,CE,Combined TRACON& Tower with Radar,332,169,48,3,552,0,0,3,0,3,332,169,51,3,555,0,0,0,555
04/22/2009,IND,IN,AGL,CE,Combined TRACON& Tower with Radar,317,174,63,1,555,0,0,8,1,9,317,174,71,2,564,0,0,0,564
04/23/2009,IND,IN,AGL,CE,Combined TRACON& Tower with Radar,328,173,87,4,592,0,2,11,2,15,328,175,98,6,607,0,0,0,607
04/24/2009,IND,IN,AGL,CE,Combined TRACON& Tower with Radar,321,177,54,3,555,0,0,11,0,11,321,177,65,3,566,0,0,0,566
04/25/2009,IND,IN,AGL,CE,Combined TRACON& Tower with Radar,221,98,30,0,349,0,0,5,0,5,221,98,35,0,354,0,0,0,354
04/26/2009,IND,IN,AGL,CE,Combined TRACON& Tower with Radar,209,137,34,1,381,0,0,5,0,5,209,137,39,1,386,0,0,0,386
04/27/2009,IND,IN,AGL,CE,Combined TRACON& Tower with Radar,207,157,38,4,406,0,0,1,0,1,207,157,39,4,407,0,0,0,407
04/28/2009,IND,IN,AGL,CE,Combined TRACON& Tower with Radar,319,158,57,2,536,0,0,0,0,0,319,158,57,2,536,0,0,0,536
04/29/2009,IND,IN,AGL,CE,Combined TRACON& Tower with Radar,318,169,87,0,574,0,1,3,0,4,318,170,90,0,578,0,0,0,578
04/30/2009,IND,IN,AGL,CE,Combined TRACON& Tower with Radar,324,181,51,0,556,0,0,2,0,2,324,181,53,0,558,0,0,0,558
05/01/2009,IND,IN,AGL,CE,Combined TRACON& Tower with Radar,301,171,31,1,504,0,0,1,0,1,301,171,32,1,505,0,0,0,505
05/02/2009,IND,IN,AGL,CE,Combined TRACON& Tower with Radar,187,93,21,0,301,0,0,5,0,5,187,93,26,0,306,0,0,0,306
05/03/2009,IND,IN,AGL,CE,Combined TRACON& Tower with Radar,176,145,27,0,348,0,0,9,0,9,176,145,36,0,357,0,0,0,357
05/04/2009,IND,IN,AGL,CE,Combined TRACON& Tower with Radar,202,163,69,1,435,0,2,10,0,12,202,165,79,1,447,0,0,0,447
05/05/2009,IND,IN,AGL,CE,Combined TRACON& Tower with Radar,324,163,61,1,549,0,17,11,0,28,324,180,72,1,577,0,0,0,577
05/06/2009,IND,IN,AGL,CE,Combined TRACON& Tower with Radar,320,169,66,1,556,0,0,1,0,1,320,169,67,1,557,0,0,0,557
05/07/2009,IND,IN,AGL,CE,Combined TRACON& Tower with Radar,336,162,64,0,562,0,0,1,0,1,336,162,65,0,563,0,0,0,563
05/08/2009,IND,IN,AGL,CE,Combined TRACON& Tower with Radar,294,164,59,3,520,0,0,4,0,4,294,164,63,3,524,0,0,0,524
05/09/2009,IND,IN,AGL,CE,Combined TRACON& Tower with Radar,184,103,41,0,328,0,2,6,0,8,184,105,47,0,336,0,0,0,336
05/10/2009,IND,IN,AGL,CE,Combined TRACON& Tower with Radar,185,141,17,2,345,0,0,7,0,7,185,141,24,2,352,0,0,0,352
05/11/2009,IND,IN,AGL,CE,Combined TRACON& Tower with Radar,197,157,43,1,398,0,0,21,0,21,197,157,64,1,419,0,0,0,419
05/12/2009,IND,IN,AGL,CE,Combined TRACON& Tower with Radar,322,160,67,2,551,0,0,22,0,22,322,160,89,2,573,0,0,0,573
05/13/2009,IND,IN,AGL,CE,Combined TRACON& Tower with Radar,318,146,55,2,521,0,0,3,0,3,318,146,58,2,524,0,0,0,524
05/14/2009,IND,IN,AGL,CE,Combined TRACON& Tower with Radar,330,165,61,1,557,0,18,14,0,32,330,183,75,1,589,0,0,0,589
05/15/2009,IND,IN,AGL,CE,Combined TRACON& Tower with Radar,288,162,33,3,486,0,3,9,2,14,288,165,42,5,500,0,0,0,500
05/16/2009,IND,IN,AGL,CE,Combined TRACON& Tower with Radar,198,91,15,1,305,0,0,0,0,0,198,91,15,1,305,0,0,0,305
05/17/2009,IND,IN,AGL,CE,Combined TRACON& Tower with Radar,184,145,36,1,366,0,0,12,0,12,184,145,48,1,378,0,0,0,378
05/18/2009,IND,IN,AGL,CE,Combined TRACON& Tower with Radar,203,154,49,5,411,0,0,9,0,9,203,154,58,5,420,0,0,0,420
05/19/2009,IND,IN,AGL,CE,Combined TRACON& Tower with Radar,321,159,58,2,540,0,1,15,0,16,321,160,73,2,556,0,0,0,556
05/20/2009,IND,IN,AGL,CE,Combined TRACON& Tower with Radar,320,164,75,2,561,0,3,23,0,26,320,167,98,2,587,0,0,0,587
05/21/2009,IND,IN,AGL,CE,Combined TRACON& Tower with Radar,327,193,66,5,591,0,1,27,1,29,327,194,93,6,620,0,0,0,620
05/22/2009,IND,IN,AGL,CE,Combined TRACON& Tower with Radar,297,189,65,1,552,0,0,14,4,18,297,189,79,5,570,0,0,0,570
05/23/2009,IND,IN,AGL,CE,Combined TRACON& Tower with Radar,194,99,48,0,341,0,1,11,0,12,194,100,59,0,353,0,0,0,353
05/24/2009,IND,IN,AGL,CE,Combined TRACON& Tower with Radar,176,128,97,2,403,0,1,30,0,31,176,129,127,2,434,0,0,0,434
05/25/2009,IND,IN,AGL,CE,Combined TRACON& Tower with Radar,212,160,48,0,420,0,0,0,0,0,212,160,48,0,420,0,0,0,420
05/26/2009,IND,IN,AGL,CE,Combined TRACON& Tower with Radar,213,147,41,3,404,0,0,3,0,3,213,147,44,3,407,0,0,0,407
05/27/2009,IND,IN,AGL,CE,Combined TRACON& Tower with Radar,320,170,58,0,548,0,1,7,0,8,320,171,65,0,556,0,0,0,556
05/28/2009,IND,IN,AGL,CE,Combined TRACON& Tower with Radar,318,172,77,1,568,0,0,1,0,1,318,172,78,1,569,0,0,0,569
05/29/2009,IND,IN,AGL,CE,Combined TRACON& Tower with Radar,287,162,56,0,505,0,0,12,0,12,287,162,68,0,517,0,0,0,517
05/30/2009,IND,IN,AGL,CE,Combined TRACON& Tower with Radar,193,89,13,1,296,0,0,4,0,4,193,89,17,1,300,0,0,0,300
05/31/2009,IND,IN,AGL,CE,Combined TRACON& Tower with Radar,195,136,29,2,362,0,1,6,0,7,195,137,35,2,369,0,0,0,369
06/01/2009,IND,IN,AGL,CE,Combined TRACON& Tower with Radar,204,154,42,2,402,0,0,5,3,8,204,154,47,5,410,0,0,0,410
06/02/2009,IND,IN,AGL,CE,Combined TRACON& Tower with Radar,315,170,62,0,547,0,0,10,0,10,315,170,72,0,557,0,0,0,557
06/03/2009,IND,IN,AGL,CE,Combined TRACON& Tower with Radar,313,165,50,3,531,0,0,0,0,0,313,165,50,3,531,0,0,0,531
06/04/2009,IND,IN,AGL,CE,Combined TRACON& Tower with Radar,313,185,47,9,554,0,4,15,7,26,313,189,62,16,580,0,0,0,580
06/05/2009,IND,IN,AGL,CE,Combined TRACON& Tower with Radar,283,175,55,4,517,0,2,12,9,23,283,177,67,13,540,0,0,0,540
06/06/2009,IND,IN,AGL,CE,Combined TRACON& Tower with Radar,197,112,21,0,330,0,1,9,4,14,197,113,30,4,344,0,0,0,344
06/07/2009,IND,IN,AGL,CE,Combined TRACON& Tower with Radar,190,155,29,7,381,0,0,10,6,16,190,155,39,13,397,0,0,0,397
06/08/2009,IND,IN,AGL,CE,Combined TRACON& Tower with Radar,197,175,47,0,419,0,0,3,0,3,197,175,50,0,422,0,0,0,422
06/09/2009,IND,IN,AGL,CE,Combined TRACON& Tower with Radar,309,161,65,3,538,0,0,2,0,2,309,161,67,3,540,0,0,0,540
06/10/2009,IND,IN,AGL,CE,Combined TRACON& Tower with Radar,315,167,40,2,524,0,1,2,2,5,315,168,42,4,529,0,0,0,529
06/11/2009,IND,IN,AGL,CE,Combined TRACON& Tower with Radar,318,173,48,3,542,0,3,4,0,7,318,176,52,3,549,0,0,0,549
06/12/2009,IND,IN,AGL,CE,Combined TRACON& Tower with Radar,296,176,38,2,512,0,0,15,0,15,296,176,53,2,527,0,0,0,527
06/13/2009,IND,IN,AGL,CE,Combined TRACON& Tower with Radar,195,115,15,0,325,0,0,1,0,1,195,115,16,0,326,0,0,0,326
06/14/2009,IND,IN,AGL,CE,Combined TRACON& Tower with Radar,199,141,39,2,381,0,4,3,0,7,199,145,42,2,388,0,0,0,388
06/15/2009,IND,IN,AGL,CE,Combined TRACON& Tower with Radar,202,167,46,0,415,0,2,14,0,16,202,169,60,0,431,0,0,0,431
06/16/2009,IND,IN,AGL,CE,Combined TRACON& Tower with Radar,322,183,73,0,578,0,0,4,0,4,322,183,77,0,582,0,0,0,582
06/17/2009,IND,IN,AGL,CE,Combined TRACON& Tower with Radar,332,174,54,0,560,0,0,7,2,9,332,174,61,2,569,0,0,0,569
06/18/2009,IND,IN,AGL,CE,Combined TRACON& Tower with Radar,322,165,47,0,534,0,0,7,0,7,322,165,54,0,541,0,0,0,541
06/19/2009,IND,IN,AGL,CE,Combined TRACON& Tower with Radar,301,153,33,4,491,0,0,9,0,9,301,153,42,4,500,0,0,0,500
06/20/2009,IND,IN,AGL,CE,Combined TRACON& Tower with Radar,204,115,16,0,335,0,1,12,0,13,204,116,28,0,348,0,0,0,348
06/21/2009,IND,IN,AGL,CE,Combined TRACON& Tower with Radar,198,143,25,0,366,0,0,6,0,6,198,143,31,0,372,0,0,0,372
06/22/2009,IND,IN,AGL,CE,Combined TRACON& Tower with Radar,203,159,40,1,403,0,0,8,0,8,203,159,48,1,411,0,0,0,411
06/23/2009,IND,IN,AGL,CE,Combined TRACON& Tower with Radar,330,183,46,0,559,0,1,10,0,11,330,184,56,0,570,0,0,0,570
06/24/2009,IND,IN,AGL,CE,Combined TRACON& Tower with Radar,349,172,43,2,566,0,2,15,0,17,349,174,58,2,583,0,0,0,583
06/25/2009,IND,IN,AGL,CE,Combined TRACON& Tower with Radar,330,190,45,1,566,0,0,12,0,12,330,190,57,1,578,0,0,0,578
06/26/2009,IND,IN,AGL,CE,Combined TRACON& Tower with Radar,296,161,43,3,503,0,0,13,1,14,296,161,56,4,517,0,0,0,517
06/27/2009,IND,IN,AGL,CE,Combined TRACON& Tower with Radar,200,109,23,1,333,0,0,3,0,3,200,109,26,1,336,0,0,0,336
06/28/2009,IND,IN,AGL,CE,Combined TRACON& Tower with Radar,194,138,25,1,358,0,0,8,1,9,194,138,33,2,367,0,0,0,367
06/29/2009,IND,IN,AGL,CE,Combined TRACON& Tower with Radar,208,160,28,3,399,0,0,12,0,12,208,160,40,3,411,0,0,0,411
06/30/2009,IND,IN,AGL,CE,Combined TRACON& Tower with Radar,323,174,33,1,531,0,0,13,1,14,323,174,46,2,545,0,0,0,545
07/01/2009,IND,IN,AGL,CE,Combined TRACON& Tower with Radar,330,169,51,6,556,0,0,8,0,8,330,169,59,6,564,0,0,0,564
07/02/2009,IND,IN,AGL,CE,Combined TRACON& Tower with Radar,319,170,39,4,532,0,2,12,0,14,319,172,51,4,546,0,0,0,546
07/03/2009,IND,IN,AGL,CE,Combined TRACON& Tower with Radar,274,135,14,3,426,0,3,3,0,6,274,138,17,3,432,0,0,0,432
07/04/2009,IND,IN,AGL,CE,Combined TRACON& Tower with Radar,141,90,9,0,240,0,0,4,0,4,141,90,13,0,244,0,0,0,244
07/05/2009,IND,IN,AGL,CE,Combined TRACON& Tower with Radar,196,130,17,7,350,0,2,6,3,11,196,132,23,10,361,0,0,0,361
07/06/2009,IND,IN,AGL,CE,Combined TRACON& Tower with Radar,198,166,28,3,395,0,0,7,3,10,198,166,35,6,405,0,0,0,405
07/07/2009,IND,IN,AGL,CE,Combined TRACON& Tower with Radar,334,175,62,6,577,0,0,5,0,5,334,175,67,6,582,0,0,0,582
07/08/2009,IND,IN,AGL,CE,Combined TRACON& Tower with Radar,326,179,46,3,554,0,2,12,0,14,326,181,58,3,568,0,0,0,568
07/09/2009,IND,IN,AGL,CE,Combined TRACON& Tower with Radar,323,181,55,0,559,0,2,7,0,9,323,183,62,0,568,0,0,0,568
07/10/2009,IND,IN,AGL,CE,Combined TRACON& Tower with Radar,291,181,45,0,517,0,1,18,1,20,291,182,63,1,537,0,0,0,537
07/11/2009,IND,IN,AGL,CE,Combined TRACON& Tower with Radar,192,124,11,0,327,0,1,1,0,2,192,125,12,0,329,0,0,0,329
07/12/2009,IND,IN,AGL,CE,Combined TRACON& Tower with Radar,190,147,35,1,373,0,0,5,1,6,190,147,40,2,379,0,0,0,379
07/13/2009,IND,IN,AGL,CE,Combined TRACON& Tower with Radar,202,168,58,7,435,0,0,10,3,13,202,168,68,10,448,0,0,0,448
07/14/2009,IND,IN,AGL,CE,Combined TRACON& Tower with Radar,336,180,61,5,582,0,0,11,0,11,336,180,72,5,593,0,0,0,593
07/15/2009,IND,IN,AGL,CE,Combined TRACON& Tower with Radar,328,175,48,0,551,0,0,12,0,12,328,175,60,0,563,0,0,0,563
07/16/2009,IND,IN,AGL,CE,Combined TRACON& Tower with Radar,319,174,39,2,534,0,1,9,0,10,319,175,48,2,544,0,0,0,544
07/17/2009,IND,IN,AGL,CE,Combined TRACON& Tower with Radar,290,185,19,1,495,0,0,0,0,0,290,185,19,1,495,0,0,0,495
07/18/2009,IND,IN,AGL,CE,Combined TRACON& Tower with Radar,191,117,20,2,330,0,0,2,0,2,191,117,22,2,332,0,0,0,332
07/19/2009,IND,IN,AGL,CE,Combined TRACON& Tower with Radar,189,144,14,3,350,0,0,7,0,7,189,144,21,3,357,0,0,0,357
07/20/2009,IND,IN,AGL,CE,Combined TRACON& Tower with Radar,208,186,47,0,441,0,3,5,0,8,208,189,52,0,449,0,0,0,449
07/21/2009,IND,IN,AGL,CE,Combined TRACON& Tower with Radar,324,162,43,0,529,0,0,15,3,18,324,162,58,3,547,0,0,0,547
07/22/2009,IND,IN,AGL,CE,Combined TRACON& Tower with Radar,328,181,55,1,565,0,0,0,0,0,328,181,55,1,565,0,0,0,565
07/23/2009,IND,IN,AGL,CE,Combined TRACON& Tower with Radar,323,191,93,1,608,0,2,3,0,5,323,193,96,1,613,0,0,0,613
07/24/2009,IND,IN,AGL,CE,Combined TRACON& Tower with Radar,294,174,56,1,525,1,0,9,3,13,295,174,65,4,538,0,0,0,538
07/25/2009,IND,IN,AGL,CE,Combined TRACON& Tower with Radar,189,129,39,3,360,0,0,9,0,9,189,129,48,3,369,0,0,0,369
07/26/2009,IND,IN,AGL,CE,Combined TRACON& Tower with Radar,195,154,111,4,464,0,1,11,3,15,195,155,122,7,479,0,0,0,479
07/27/2009,IND,IN,AGL,CE,Combined TRACON& Tower with Radar,211,180,49,2,442,0,0,4,0,4,211,180,53,2,446,0,0,0,446
07/28/2009,IND,IN,AGL,CE,Combined TRACON& Tower with Radar,329,182,46,0,557,0,2,10,2,14,329,184,56,2,571,0,0,0,571
07/29/2009,IND,IN,AGL,CE,Combined TRACON& Tower with Radar,325,177,46,2,550,0,1,8,0,9,325,178,54,2,559,0,0,0,559
07/30/2009,IND,IN,AGL,CE,Combined TRACON& Tower with Radar,324,167,40,1,532,0,0,4,0,4,324,167,44,1,536,0,0,0,536
07/31/2009,IND,IN,AGL,CE,Combined TRACON& Tower with Radar,282,167,17,2,468,0,1,12,1,14,282,168,29,3,482,0,0,0,482
08/01/2009,IND,IN,AGL,CE,Combined TRACON& Tower with Radar,197,116,15,6,334,0,1,4,0,5,197,117,19,6,339,0,0,0,339
08/02/2009,IND,IN,AGL,CE,Combined TRACON& Tower with Radar,192,142,18,7,359,0,0,11,0,11,192,142,29,7,370,0,0,0,370
08/03/2009,IND,IN,AGL,CE,Combined TRACON& Tower with Radar,208,166,49,5,428,0,2,8,0,10,208,168,57,5,438,0,0,0,438
08/04/2009,IND,IN,AGL,CE,Combined TRACON& Tower with Radar,322,173,44,0,539,0,1,2,0,3,322,174,46,0,542,0,0,0,542
08/05/2009,IND,IN,AGL,CE,Combined TRACON& Tower with Radar,322,182,54,1,559,0,6,8,0,14,322,188,62,1,573,0,0,0,573
08/06/2009,IND,IN,AGL,CE,Combined TRACON& Tower with Radar,319,192,42,4,557,0,12,16,0,28,319,204,58,4,585,0,0,0,585
08/07/2009,IND,IN,AGL,CE,Combined TRACON& Tower with Radar,288,173,43,3,507,0,18,7,0,25,288,191,50,3,532,0,0,0,532
08/08/2009,IND,IN,AGL,CE,Combined TRACON& Tower with Radar,190,122,11,2,325,0,0,3,0,3,190,122,14,2,328,0,0,0,328
08/09/2009,IND,IN,AGL,CE,Combined TRACON& Tower with Radar,191,138,16,2,347,0,1,5,0,6,191,139,21,2,353,0,0,0,353
08/10/2009,IND,IN,AGL,CE,Combined TRACON& Tower with Radar,203,172,37,3,415,0,1,4,0,5,203,173,41,3,420,0,0,0,420
08/11/2009,IND,IN,AGL,CE,Combined TRACON& Tower with Radar,324,186,45,4,559,0,11,11,0,22,324,197,56,4,581,0,0,0,581
08/12/2009,IND,IN,AGL,CE,Combined TRACON& Tower with Radar,320,184,60,2,566,0,3,5,0,8,320,187,65,2,574,0,0,0,574
08/13/2009,IND,IN,AGL,CE,Combined TRACON& Tower with Radar,320,186,45,5,556,0,2,11,0,13,320,188,56,5,569,0,0,0,569
08/14/2009,IND,IN,AGL,CE,Combined TRACON& Tower with Radar,288,180,38,4,510,0,0,8,0,8,288,180,46,4,518,0,0,0,518
08/15/2009,IND,IN,AGL,CE,Combined TRACON& Tower with Radar,194,113,10,4,321,0,3,17,0,20,194,116,27,4,341,0,0,0,341
08/16/2009,IND,IN,AGL,CE,Combined TRACON& Tower with Radar,197,136,11,3,347,0,0,1,0,1,197,136,12,3,348,0,0,0,348
08/17/2009,IND,IN,AGL,CE,Combined TRACON& Tower with Radar,202,166,33,4,405,0,0,6,1,7,202,166,39,5,412,0,0,0,412
08/18/2009,IND,IN,AGL,CE,Combined TRACON& Tower with Radar,315,177,53,4,549,0,1,12,1,14,315,178,65,5,563,0,0,0,563
08/19/2009,IND,IN,AGL,CE,Combined TRACON& Tower with Radar,307,168,54,2,531,0,0,8,2,10,307,168,62,4,541,0,0,0,541
08/20/2009,IND,IN,AGL,CE,Combined TRACON& Tower with Radar,310,174,48,0,532,0,0,3,0,3,310,174,51,0,535,0,0,0,535
08/21/2009,IND,IN,AGL,CE,Combined TRACON& Tower with Radar,279,174,45,2,500,0,0,16,2,18,279,174,61,4,518,0,0,0,518
08/22/2009,IND,IN,AGL,CE,Combined TRACON& Tower with Radar,181,107,21,0,309,0,0,0,0,0,181,107,21,0,309,0,0,0,309
08/23/2009,IND,IN,AGL,CE,Combined TRACON& Tower with Radar,174,141,21,0,336,0,0,1,0,1,174,141,22,0,337,0,0,0,337
08/24/2009,IND,IN,AGL,CE,Combined TRACON& Tower with Radar,197,172,39,5,413,0,0,7,1,8,197,172,46,6,421,0,0,0,421
08/25/2009,IND,IN,AGL,CE,Combined TRACON& Tower with Radar,313,164,37,2,516,0,1,10,1,12,313,165,47,3,528,0,0,0,528
08/26/2009,IND,IN,AGL,CE,Combined TRACON& Tower with Radar,308,186,42,3,539,0,0,6,0,6,308,186,48,3,545,0,0,0,545
08/27/2009,IND,IN,AGL,CE,Combined TRACON& Tower with Radar,316,177,70,0,563,0,0,15,2,17,316,177,85,2,580,0,0,0,580
08/28/2009,IND,IN,AGL,CE,Combined TRACON& Tower with Radar,281,174,45,3,503,0,0,5,0,5,281,174,50,3,508,0,0,0,508
08/29/2009,IND,IN,AGL,CE,Combined TRACON& Tower with Radar,178,108,26,1,313,0,0,2,0,2,178,108,28,1,315,0,0,0,315
08/30/2009,IND,IN,AGL,CE,Combined TRACON& Tower with Radar,177,147,41,1,366,0,0,8,1,9,177,147,49,2,375,0,0,0,375
08/31/2009,IND,IN,AGL,CE,Combined TRACON& Tower with Radar,208,167,51,2,428,0,1,7,1,9,208,168,58,3,437,0,0,0,437
09/01/2009,IND,IN,AGL,CE,Combined TRACON& Tower with Radar,307,162,51,2,522,0,0,7,0,7,307,162,58,2,529,0,0,0,529
09/02/2009,IND,IN,AGL,CE,Combined TRACON& Tower with Radar,311,159,63,1,534,0,2,14,0,16,311,161,77,1,550,0,0,0,550
09/03/2009,IND,IN,AGL,CE,Combined TRACON& Tower with Radar,305,174,57,1,537,0,0,11,0,11,305,174,68,1,548,0,0,0,548
09/04/2009,IND,IN,AGL,CE,Combined TRACON& Tower with Radar,274,174,28,2,478,0,3,8,0,11,274,177,36,2,489,0,0,0,489
09/05/2009,IND,IN,AGL,CE,Combined TRACON& Tower with Radar,167,91,25,0,283,0,0,6,0,6,167,91,31,0,289,0,0,0,289
09/06/2009,IND,IN,AGL,CE,Combined TRACON& Tower with Radar,144,92,7,0,243,0,0,5,0,5,144,92,12,0,248,0,0,0,248
09/07/2009,IND,IN,AGL,CE,Combined TRACON& Tower with Radar,164,137,27,0,328,0,2,3,0,5,164,139,30,0,333,0,0,0,333
09/08/2009,IND,IN,AGL,CE,Combined TRACON& Tower with Radar,196,150,44,2,392,0,0,4,3,7,196,150,48,5,399,0,0,0,399
09/09/2009,IND,IN,AGL,CE,Combined TRACON& Tower with Radar,315,160,54,0,529,0,0,7,0,7,315,160,61,0,536,0,0,0,536
09/10/2009,IND,IN,AGL,CE,Combined TRACON& Tower with Radar,310,173,60,2,545,0,0,8,0,8,310,173,68,2,553,0,0,0,553
09/11/2009,IND,IN,AGL,CE,Combined TRACON& Tower with Radar,285,176,46,4,511,0,1,5,0,6,285,177,51,4,517,0,0,0,517
09/12/2009,IND,IN,AGL,CE,Combined TRACON& Tower with Radar,203,105,15,0,323,0,2,4,2,8,203,107,19,2,331,0,0,0,331
09/13/2009,IND,IN,AGL,CE,Combined TRACON& Tower with Radar,181,138,15,2,336,0,3,14,0,17,181,141,29,2,353,0,0,0,353
09/14/2009,IND,IN,AGL,CE,Combined TRACON& Tower with Radar,198,164,44,2,408,0,0,8,0,8,198,164,52,2,416,0,0,0,416
09/15/2009,IND,IN,AGL,CE,Combined TRACON& Tower with Radar,308,168,60,5,541,0,1,16,0,17,308,169,76,5,558,0,0,0,558
09/16/2009,IND,IN,AGL,CE,Combined TRACON& Tower with Radar,303,163,71,2,539,0,0,16,1,17,303,163,87,3,556,0,0,0,556
09/17/2009,IND,IN,AGL,CE,Combined TRACON& Tower with Radar,314,163,53,1,531,0,0,16,0,16,314,163,69,1,547,0,0,0,547
09/18/2009,IND,IN,AGL,CE,Combined TRACON& Tower with Radar,286,180,57,2,525,0,0,18,0,18,286,180,75,2,543,0,0,0,543
09/19/2009,IND,IN,AGL,CE,Combined TRACON& Tower with Radar,174,90,22,1,287,0,0,9,0,9,174,90,31,1,296,0,0,0,296
09/20/2009,IND,IN,AGL,CE,Combined TRACON& Tower with Radar,194,139,22,0,355,0,0,0,0,0,194,139,22,0,355,0,0,0,355
09/21/2009,IND,IN,AGL,CE,Combined TRACON& Tower with Radar,188,157,49,0,394,0,0,1,0,1,188,157,50,0,395,0,0,0,395
09/22/2009,IND,IN,AGL,CE,Combined TRACON& Tower with Radar,312,166,66,2,546,0,0,11,0,11,312,166,77,2,557,0,0,0,557
09/23/2009,IND,IN,AGL,CE,Combined TRACON& Tower with Radar,313,157,49,2,521,0,0,11,0,11,313,157,60,2,532,0,0,0,532
09/24/2009,IND,IN,AGL,CE,Combined TRACON& Tower with Radar,308,160,70,4,542,0,0,3,0,3,308,160,73,4,545,0,0,0,545
09/25/2009,IND,IN,AGL,CE,Combined TRACON& Tower with Radar,286,172,49,1,508,0,0,2,0,2,286,172,51,1,510,0,0,0,510
09/26/2009,IND,IN,AGL,CE,Combined TRACON& Tower with Radar,176,93,10,0,279,0,0,1,0,1,176,93,11,0,280,0,0,0,280
09/27/2009,IND,IN,AGL,CE,Combined TRACON& Tower with Radar,185,139,17,0,341,0,0,2,0,2,185,139,19,0,343,0,0,0,343
09/28/2009,IND,IN,AGL,CE,Combined TRACON& Tower with Radar,208,160,49,2,419,0,0,9,0,9,208,160,58,2,428,0,0,0,428
09/29/2009,IND,IN,AGL,CE,Combined TRACON& Tower with Radar,310,155,45,2,512,0,1,11,0,12,310,156,56,2,524,0,0,0,524
09/30/2009,IND,IN,AGL,CE,Combined TRACON& Tower with Radar,316,162,42,1,521,0,0,15,0,15,316,162,57,1,536,0,0,0,536
10/01/2009,IND,IN,AGL,CE,Combined TRACON& Tower with Radar,306,165,67,5,543,0,0,1,0,1,306,165,68,5,544,0,0,0,544
10/02/2009,IND,IN,AGL,CE,Combined TRACON& Tower with Radar,298,150,47,5,500,0,2,6,0,8,298,152,53,5,508,0,0,0,508
10/03/2009,IND,IN,AGL,CE,Combined TRACON& Tower with Radar,188,98,28,1,315,0,0,3,1,4,188,98,31,2,319,0,0,0,319
10/04/2009,IND,IN,AGL,CE,Combined TRACON& Tower with Radar,196,132,27,0,355,0,0,9,0,9,196,132,36,0,364,0,0,0,364
10/05/2009,IND,IN,AGL,CE,Combined TRACON& Tower with Radar,202,140,51,0,393,0,2,13,0,15,202,142,64,0,408,0,0,0,408
10/06/2009,IND,IN,AGL,CE,Combined TRACON& Tower with Radar,317,154,71,2,544,0,0,0,0,0,317,154,71,2,544,0,0,0,544
10/07/2009,IND,IN,AGL,CE,Combined TRACON& Tower with Radar,325,139,46,0,510,0,0,12,0,12,325,139,58,0,522,0,0,0,522
10/08/2009,IND,IN,AGL,CE,Combined TRACON& Tower with Radar,328,153,46,2,529,0,0,0,0,0,328,153,46,2,529,0,0,0,529
10/09/2009,IND,IN,AGL,CE,Combined TRACON& Tower with Radar,302,153,42,4,501,0,0,0,0,0,302,153,42,4,501,0,0,0,501
10/10/2009,IND,IN,AGL,CE,Combined TRACON& Tower with Radar,200,94,10,1,305,0,0,8,0,8,200,94,18,1,313,0,0,0,313
10/11/2009,IND,IN,AGL,CE,Combined TRACON& Tower with Radar,202,130,16,0,348,0,0,4,1,5,202,130,20,1,353,0,0,0,353
10/12/2009,IND,IN,AGL,CE,Combined TRACON& Tower with Radar,199,152,45,4,400,0,0,13,0,13,199,152,58,4,413,0,0,0,413
10/13/2009,IND,IN,AGL,CE,Combined TRACON& Tower with Radar,322,161,44,0,527,0,0,4,2,6,322,161,48,2,533,0,0,0,533
10/14/2009,IND,IN,AGL,CE,Combined TRACON& Tower with Radar,319,159,42,0,520,0,0,0,0,0,319,159,42,0,520,0,0,0,520
10/15/2009,IND,IN,AGL,CE,Combined TRACON& Tower with Radar,328,156,62,1,547,0,0,2,0,2,328,156,64,1,549,0,0,0,549
10/16/2009,IND,IN,AGL,CE,Combined TRACON& Tower with Radar,300,160,48,7,515,0,0,1,0,1,300,160,49,7,516,0,0,0,516
10/17/2009,IND,IN,AGL,CE,Combined TRACON& Tower with Radar,192,92,15,0,299,0,0,2,2,4,192,92,17,2,303,0,0,0,303
10/18/2009,IND,IN,AGL,CE,Combined TRACON& Tower with Radar,199,125,22,0,346,0,0,5,0,5,199,125,27,0,351,0,0,0,351
10/19/2009,IND,IN,AGL,CE,Combined TRACON& Tower with Radar,213,146,73,4,436,0,0,10,1,11,213,146,83,5,447,0,0,0,447
10/20/2009,IND,IN,AGL,CE,Combined TRACON& Tower with Radar,325,160,55,6,546,0,0,5,1,6,325,160,60,7,552,0,0,0,552
10/21/2009,IND,IN,AGL,CE,Combined TRACON& Tower with Radar,326,154,54,5,539,0,0,11,2,13,326,154,65,7,552,0,0,0,552
10/22/2009,IND,IN,AGL,CE,Combined TRACON& Tower with Radar,325,173,58,7,563,0,0,4,0,4,325,173,62,7,567,0,0,0,567
10/23/2009,IND,IN,AGL,CE,Combined TRACON& Tower with Radar,298,159,27,3,487,0,2,3,0,5,298,161,30,3,492,0,0,0,492
10/24/2009,IND,IN,AGL,CE,Combined TRACON& Tower with Radar,200,91,14,1,306,0,0,5,0,5,200,91,19,1,311,0,0,0,311
10/25/2009,IND,IN,AGL,CE,Combined TRACON& Tower with Radar,205,127,25,4,361,0,0,2,0,2,205,127,27,4,363,0,0,0,363
10/26/2009,IND,IN,AGL,CE,Combined TRACON& Tower with Radar,209,145,41,3,398,0,1,9,2,12,209,146,50,5,410,0,0,0,410
10/27/2009,IND,IN,AGL,CE,Combined TRACON& Tower with Radar,316,168,60,3,547,0,0,2,0,2,316,168,62,3,549,0,0,0,549
10/28/2009,IND,IN,AGL,CE,Combined TRACON& Tower with Radar,325,158,73,5,561,0,0,6,0,6,325,158,79,5,567,0,0,0,567
10/29/2009,IND,IN,AGL,CE,Combined TRACON& Tower with Radar,335,160,62,2,559,0,1,2,1,4,335,161,64,3,563,0,0,0,563
10/30/2009,IND,IN,AGL,CE,Combined TRACON& Tower with Radar,295,152,41,2,490,0,0,3,0,3,295,152,44,2,493,0,0,0,493
10/31/2009,IND,IN,AGL,CE,Combined TRACON& Tower with Radar,191,94,15,0,300,0,0,5,2,7,191,94,20,2,307,0,0,0,307
11/01/2009,IND,IN,AGL,CE,Combined TRACON& Tower with Radar,200,116,43,3,362,0,0,12,3,15,200,116,55,6,377,0,0,0,377
11/02/2009,IND,IN,AGL,CE,Combined TRACON& Tower with Radar,204,153,43,11,411,0,0,8,0,8,204,153,51,11,419,0,0,0,419
11/03/2009,IND,IN,AGL,CE,Combined TRACON& Tower with Radar,318,150,55,2,525,0,0,8,0,8,318,150,63,2,533,0,0,0,533
11/04/2009,IND,IN,AGL,CE,Combined TRACON& Tower with Radar,340,148,56,3,547,0,0,5,0,5,340,148,61,3,552,0,0,0,552
11/05/2009,IND,IN,AGL,CE,Combined TRACON& Tower with Radar,359,173,79,0,611,0,1,8,0,9,359,174,87,0,620,0,0,0,620
11/06/2009,IND,IN,AGL,CE,Combined TRACON& Tower with Radar,311,157,36,3,507,0,1,8,2,11,311,158,44,5,518,0,0,0,518
11/07/2009,IND,IN,AGL,CE,Combined TRACON& Tower with Radar,203,97,18,0,318,0,2,8,4,14,203,99,26,4,332,0,0,0,332
11/08/2009,IND,IN,AGL,CE,Combined TRACON& Tower with Radar,205,121,31,2,359,0,2,12,0,14,205,123,43,2,373,0,0,0,373
11/09/2009,IND,IN,AGL,CE,Combined TRACON& Tower with Radar,210,156,43,2,411,0,1,8,0,9,210,157,51,2,420,0,0,0,420
11/10/2009,IND,IN,AGL,CE,Combined TRACON& Tower with Radar,324,152,56,0,532,0,2,1,1,4,324,154,57,1,536,0,0,0,536
11/11/2009,IND,IN,AGL,CE,Combined TRACON& Tower with Radar,337,153,58,0,548,0,0,8,0,8,337,153,66,0,556,0,0,0,556
11/12/2009,IND,IN,AGL,CE,Combined TRACON& Tower with Radar,334,150,47,5,536,0,1,16,0,17,334,151,63,5,553,0,0,0,553
11/13/2009,IND,IN,AGL,CE,Combined TRACON& Tower with Radar,302,152,43,5,502,0,1,14,0,15,302,153,57,5,517,0,0,0,517
11/14/2009,IND,IN,AGL,CE,Combined TRACON& Tower with Radar,208,86,28,0,322,0,0,3,0,3,208,86,31,0,325,0,0,0,325
11/15/2009,IND,IN,AGL,CE,Combined TRACON& Tower with Radar,214,136,50,0,400,0,0,12,0,12,214,136,62,0,412,0,0,0,412
11/16/2009,IND,IN,AGL,CE,Combined TRACON& Tower with Radar,218,153,95,4,470,0,0,2,0,2,218,153,97,4,472,0,0,0,472
11/17/2009,IND,IN,AGL,CE,Combined TRACON& Tower with Radar,325,148,66,1,540,0,0,1,0,1,325,148,67,1,541,0,0,0,541
11/18/2009,IND,IN,AGL,CE,Combined TRACON& Tower with Radar,332,148,70,9,559,0,0,3,0,3,332,148,73,9,562,0,0,0,562
11/19/2009,IND,IN,AGL,CE,Combined TRACON& Tower with Radar,318,164,45,1,528,0,0,7,0,7,318,164,52,1,535,0,0,0,535
11/20/2009,IND,IN,AGL,CE,Combined TRACON& Tower with Radar,302,172,40,1,515,0,0,2,0,2,302,172,42,1,517,0,0,0,517
11/21/2009,IND,IN,AGL,CE,Combined TRACON& Tower with Radar,205,109,8,0,322,0,3,6,0,9,205,112,14,0,331,0,0,0,331
11/22/2009,IND,IN,AGL,CE,Combined TRACON& Tower with Radar,204,129,14,2,349,0,0,8,0,8,204,129,22,2,357,0,0,0,357
11/23/2009,IND,IN,AGL,CE,Combined TRACON& Tower with Radar,215,145,25,0,385,0,0,10,0,10,215,145,35,0,395,0,0,0,395
11/24/2009,IND,IN,AGL,CE,Combined TRACON& Tower with Radar,333,163,42,0,538,0,5,1,0,6,333,168,43,0,544,0,0,0,544
11/25/2009,IND,IN,AGL,CE,Combined TRACON& Tower with Radar,347,177,30,3,557,0,1,2,0,3,347,178,32,3,560,0,0,0,560
11/26/2009,IND,IN,AGL,CE,Combined TRACON& Tower with Radar,176,76,3,0,255,0,2,0,0,2,176,78,3,0,257,0,0,0,257
11/27/2009,IND,IN,AGL,CE,Combined TRACON& Tower with Radar,208,94,11,2,315,0,0,3,0,3,208,94,14,2,318,0,0,0,318
11/28/2009,IND,IN,AGL,CE,Combined TRACON& Tower with Radar,204,132,13,0,349,0,0,4,0,4,204,132,17,0,353,0,0,0,353
11/29/2009,IND,IN,AGL,CE,Combined TRACON& Tower with Radar,220,154,25,0,399,0,0,2,0,2,220,154,27,0,401,0,0,0,401
11/30/2009,IND,IN,AGL,CE,Combined TRACON& Tower with Radar,216,153,48,3,420,0,0,4,0,4,216,153,52,3,424,0,0,0,424
12/01/2009,IND,IN,AGL,CE,Combined TRACON& Tower with Radar,363,146,57,2,568,0,0,13,0,13,363,146,70,2,581,0,0,0,581
12/02/2009,IND,IN,AGL,CE,Combined TRACON& Tower with Radar,344,146,42,2,534,0,1,3,0,4,344,147,45,2,538,0,0,0,538
12/03/2009,IND,IN,AGL,CE,Combined TRACON& Tower with Radar,359,153,54,3,569,0,0,3,0,3,359,153,57,3,572,0,0,0,572
12/04/2009,IND,IN,AGL,CE,Combined TRACON& Tower with Radar,331,151,37,2,521,0,0,9,0,9,331,151,46,2,530,0,0,0,530
12/05/2009,IND,IN,AGL,CE,Combined TRACON& Tower with Radar,208,94,22,2,326,0,1,4,0,5,208,95,26,2,331,0,0,0,331
12/06/2009,IND,IN,AGL,CE,Combined TRACON& Tower with Radar,208,132,39,0,379,0,0,9,0,9,208,132,48,0,388,0,0,0,388
12/07/2009,IND,IN,AGL,CE,Combined TRACON& Tower with Radar,207,159,48,0,414,0,0,1,0,1,207,159,49,0,415,0,0,0,415
12/08/2009,IND,IN,AGL,CE,Combined TRACON& Tower with Radar,343,159,58,3,563,0,0,0,0,0,343,159,58,3,563,0,0,0,563
12/09/2009,IND,IN,AGL,CE,Combined TRACON& Tower with Radar,363,149,53,2,567,0,0,0,0,0,363,149,53,2,567,0,0,0,567
12/10/2009,IND,IN,AGL,CE,Combined TRACON& Tower with Radar,352,168,75,0,595,0,0,6,0,6,352,168,81,0,601,0,0,0,601
12/11/2009,IND,IN,AGL,CE,Combined TRACON& Tower with Radar,331,155,48,5,539,0,0,10,0,10,331,155,58,5,549,0,0,0,549
12/12/2009,IND,IN,AGL,CE,Combined TRACON& Tower with Radar,215,91,29,0,335,0,0,14,0,14,215,91,43,0,349,0,0,0,349
12/13/2009,IND,IN,AGL,CE,Combined TRACON& Tower with Radar,204,123,44,0,371,0,0,0,0,0,204,123,44,0,371,0,0,0,371
12/14/2009,IND,IN,AGL,CE,Combined TRACON& Tower with Radar,221,145,50,5,421,0,0,1,2,3,221,145,51,7,424,0,0,0,424
12/15/2009,IND,IN,AGL,CE,Combined TRACON& Tower with Radar,365,161,58,3,587,0,1,2,0,3,365,162,60,3,590,0,0,0,590
12/16/2009,IND,IN,AGL,CE,Combined TRACON& Tower with Radar,364,147,58,1,570,0,1,15,0,16,364,148,73,1,586,0,0,0,586
12/17/2009,IND,IN,AGL,CE,Combined TRACON& Tower with Radar,365,150,58,2,575,0,0,10,0,10,365,150,68,2,585,0,0,0,585
12/18/2009,IND,IN,AGL,CE,Combined TRACON& Tower with Radar,345,154,39,2,540,0,0,3,0,3,345,154,42,2,543,0,0,0,543
12/19/2009,IND,IN,AGL,CE,Combined TRACON& Tower with Radar,280,101,14,0,395,0,0,0,0,0,280,101,14,0,395,0,0,0,395
12/20/2009,IND,IN,AGL,CE,Combined TRACON& Tower with Radar,213,112,12,0,337,0,0,0,0,0,213,112,12,0,337,0,0,0,337
12/21/2009,IND,IN,AGL,CE,Combined TRACON& Tower with Radar,215,140,34,1,390,0,1,0,0,1,215,141,34,1,391,0,0,0,391
12/22/2009,IND,IN,AGL,CE,Combined TRACON& Tower with Radar,396,141,35,2,574,0,1,0,0,1,396,142,35,2,575,0,0,0,575
12/23/2009,IND,IN,AGL,CE,Combined TRACON& Tower with Radar,394,146,18,5,563,0,0,0,0,0,394,146,18,5,563,0,0,0,563
12/24/2009,IND,IN,AGL,CE,Combined TRACON& Tower with Radar,335,98,13,1,447,0,0,1,0,1,335,98,14,1,448,0,0,0,448
12/25/2009,IND,IN,AGL,CE,Combined TRACON& Tower with Radar,160,82,7,0,249,0,0,0,0,0,160,82,7,0,249,0,0,0,249
12/26/2009,IND,IN,AGL,CE,Combined TRACON& Tower with Radar,183,118,18,0,319,0,0,0,0,0,183,118,18,0,319,0,0,0,319
12/27/2009,IND,IN,AGL,CE,Combined TRACON& Tower with Radar,195,137,23,0,355,0,0,1,0,1,195,137,24,0,356,0,0,0,356
12/28/2009,IND,IN,AGL,CE,Combined TRACON& Tower with Radar,219,130,28,0,377,0,0,1,0,1,219,130,29,0,378,0,0,0,378
12/29/2009,IND,IN,AGL,CE,Combined TRACON& Tower with Radar,356,129,16,2,503,0,1,4,0,5,356,130,20,2,508,0,0,0,508
12/30/2009,IND,IN,AGL,CE,Combined TRACON& Tower with Radar,354,139,20,2,515,0,0,3,0,3,354,139,23,2,518,0,0,0,518
12/31/2009,IND,IN,AGL,CE,Combined TRACON& Tower with Radar,307,102,8,0,417,0,0,0,0,0,307,102,8,0,417,0,0,0,417
01/01/2010,IND,IN,AGL,CE,Combined TRACON& Tower with Radar,164,94,5,1,264,0,0,1,0,1,164,94,6,1,265,0,0,0,265
01/02/2010,IND,IN,AGL,CE,Combined TRACON& Tower with Radar,197,116,24,1,338,0,0,2,0,2,197,116,26,1,340,0,0,0,340
01/03/2010,IND,IN,AGL,CE,Combined TRACON& Tower with Radar,213,129,13,0,355,0,0,1,0,1,213,129,14,0,356,0,0,0,356
01/04/2010,IND,IN,AGL,CE,Combined TRACON& Tower with Radar,220,128,33,2,383,0,0,8,0,8,220,128,41,2,391,0,0,0,391
01/05/2010,IND,IN,AGL,CE,Combined TRACON& Tower with Radar,308,158,38,2,506,0,1,6,0,7,308,159,44,2,513,0,0,0,513
01/06/2010,IND,IN,AGL,CE,Combined TRACON& Tower with Radar,318,148,50,1,517,0,0,4,1,5,318,148,54,2,522,0,0,0,522
01/07/2010,IND,IN,AGL,CE,Combined TRACON& Tower with Radar,307,140,25,0,472,0,0,0,0,0,307,140,25,0,472,0,0,0,472
01/08/2010,IND,IN,AGL,CE,Combined TRACON& Tower with Radar,285,142,22,0,449,0,0,1,0,1,285,142,23,0,450,0,0,0,450
01/09/2010,IND,IN,AGL,CE,Combined TRACON& Tower with Radar,197,88,14,2,301,0,0,0,0,0,197,88,14,2,301,0,0,0,301
01/10/2010,IND,IN,AGL,CE,Combined TRACON& Tower with Radar,187,127,14,0,328,0,0,4,0,4,187,127,18,0,332,0,0,0,332
01/11/2010,IND,IN,AGL,CE,Combined TRACON& Tower with Radar,203,141,28,2,374,0,2,1,0,3,203,143,29,2,377,0,0,0,377
01/12/2010,IND,IN,AGL,CE,Combined TRACON& Tower with Radar,306,149,37,2,494,0,2,2,0,4,306,151,39,2,498,0,0,0,498
01/13/2010,IND,IN,AGL,CE,Combined TRACON& Tower with Radar,311,148,42,4,505,0,2,8,0,10,311,150,50,4,515,0,0,0,515
01/14/2010,IND,IN,AGL,CE,Combined TRACON& Tower with Radar,309,158,40,2,509,0,0,5,0,5,309,158,45,2,514,0,0,0,514
01/15/2010,IND,IN,AGL,CE,Combined TRACON& Tower with Radar,287,163,31,2,483,0,0,0,0,0,287,163,31,2,483,0,0,0,483
01/16/2010,IND,IN,AGL,CE,Combined TRACON& Tower with Radar,200,81,34,0,315,0,0,2,0,2,200,81,36,0,317,0,0,0,317
01/17/2010,IND,IN,AGL,CE,Combined TRACON& Tower with Radar,185,113,29,0,327,0,0,0,0,0,185,113,29,0,327,0,0,0,327
01/18/2010,IND,IN,AGL,CE,Combined TRACON& Tower with Radar,191,136,49,1,377,0,0,0,0,0,191,136,49,1,377,0,0,0,377
01/19/2010,IND,IN,AGL,CE,Combined TRACON& Tower with Radar,308,140,41,0,489,0,0,1,0,1,308,140,42,0,490,0,0,0,490
01/20/2010,IND,IN,AGL,CE,Combined TRACON& Tower with Radar,309,156,47,2,514,0,0,0,0,0,309,156,47,2,514,0,0,0,514
01/21/2010,IND,IN,AGL,CE,Combined TRACON& Tower with Radar,316,153,55,2,526,0,0,0,0,0,316,153,55,2,526,0,0,0,526
01/22/2010,IND,IN,AGL,CE,Combined TRACON& Tower with Radar,292,154,55,2,503,0,0,0,0,0,292,154,55,2,503,0,0,0,503
01/23/2010,IND,IN,AGL,CE,Combined TRACON& Tower with Radar,199,88,20,1,308,0,0,1,0,1,199,88,21,1,309,0,0,0,309
01/24/2010,IND,IN,AGL,CE,Combined TRACON& Tower with Radar,177,192,100,0,469,0,4,4,0,8,177,196,104,0,477,0,0,0,477
01/25/2010,IND,IN,AGL,CE,Combined TRACON& Tower with Radar,189,143,43,3,378,0,0,3,0,3,189,143,46,3,381,0,0,0,381
01/26/2010,IND,IN,AGL,CE,Combined TRACON& Tower with Radar,308,145,47,2,502,0,0,1,1,2,308,145,48,3,504,0,0,0,504
01/27/2010,IND,IN,AGL,CE,Combined TRACON& Tower with Radar,303,155,47,4,509,0,0,8,0,8,303,155,55,4,517,0,0,0,517
01/28/2010,IND,IN,AGL,CE,Combined TRACON& Tower with Radar,322,155,46,3,526,0,0,6,2,8,322,155,52,5,534,0,0,0,534
01/29/2010,IND,IN,AGL,CE,Combined TRACON& Tower with Radar,285,147,40,4,476,0,0,3,0,3,285,147,43,4,479,0,0,0,479
01/30/2010,IND,IN,AGL,CE,Combined TRACON& Tower with Radar,184,77,17,0,278,0,0,5,2,7,184,77,22,2,285,0,0,0,285
01/31/2010,IND,IN,AGL,CE,Combined TRACON& Tower with Radar,179,122,23,4,328,0,0,4,0,4,179,122,27,4,332,0,0,0,332
02/01/2010,IND,IN,AGL,CE,Combined TRACON& Tower with Radar,198,149,34,1,382,0,0,5,0,5,198,149,39,1,387,0,0,0,387
02/02/2010,IND,IN,AGL,CE,Combined TRACON& Tower with Radar,296,142,40,2,480,0,0,3,0,3,296,142,43,2,483,0,0,0,483
02/03/2010,IND,IN,AGL,CE,Combined TRACON& Tower with Radar,308,154,48,4,514,0,0,1,0,1,308,154,49,4,515,0,0,0,515
02/04/2010,IND,IN,AGL,CE,Combined TRACON& Tower with Radar,317,173,64,3,557,0,0,4,0,4,317,173,68,3,561,0,0,0,561
02/05/2010,IND,IN,AGL,CE,Combined TRACON& Tower with Radar,295,159,40,0,494,0,0,0,0,0,295,159,40,0,494,0,0,0,494
02/06/2010,IND,IN,AGL,CE,Combined TRACON& Tower with Radar,169,88,20,0,277,0,0,2,0,2,169,88,22,0,279,0,0,0,279
02/07/2010,IND,IN,AGL,CE,Combined TRACON& Tower with Radar,159,106,16,2,283,0,0,8,4,12,159,106,24,6,295,0,0,0,295
02/08/2010,IND,IN,AGL,CE,Combined TRACON& Tower with Radar,217,153,61,1,432,0,0,10,1,11,217,153,71,2,443,0,0,0,443
02/09/2010,IND,IN,AGL,CE,Combined TRACON& Tower with Radar,292,145,48,0,485,0,0,0,0,0,292,145,48,0,485,0,0,0,485
02/10/2010,IND,IN,AGL,CE,Combined TRACON& Tower with Radar,281,107,57,1,446,0,0,3,0,3,281,107,60,1,449,0,0,0,449
02/11/2010,IND,IN,AGL,CE,Combined TRACON& Tower with Radar,302,155,59,0,516,0,2,12,0,14,302,157,71,0,530,0,0,0,530
02/12/2010,IND,IN,AGL,CE,Combined TRACON& Tower with Radar,277,159,33,0,469,0,0,2,0,2,277,159,35,0,471,0,0,0,471
02/13/2010,IND,IN,AGL,CE,Combined TRACON& Tower with Radar,190,91,23,0,304,0,0,5,0,5,190,91,28,0,309,0,0,0,309
02/14/2010,IND,IN,AGL,CE,Combined TRACON& Tower with Radar,201,115,18,1,335,0,0,0,0,0,201,115,18,1,335,0,0,0,335
02/15/2010,IND,IN,AGL,CE,Combined TRACON& Tower with Radar,201,145,44,0,390,0,0,0,0,0,201,145,44,0,390,0,0,0,390
02/16/2010,IND,IN,AGL,CE,Combined TRACON& Tower with Radar,312,158,65,2,537,0,0,1,0,1,312,158,66,2,538,0,0,0,538
02/17/2010,IND,IN,AGL,CE,Combined TRACON& Tower with Radar,318,156,48,4,526,0,1,7,0,8,318,157,55,4,534,0,0,0,534
02/18/2010,IND,IN,AGL,CE,Combined TRACON& Tower with Radar,320,169,51,4,544,0,0,10,0,10,320,169,61,4,554,0,0,0,554
02/19/2010,IND,IN,AGL,CE,Combined TRACON& Tower with Radar,284,161,39,4,488,0,1,6,2,9,284,162,45,6,497,0,0,0,497
02/20/2010,IND,IN,AGL,CE,Combined TRACON& Tower with Radar,190,106,23,3,322,0,1,2,0,3,190,107,25,3,325,0,0,0,325
02/21/2010,IND,IN,AGL,CE,Combined TRACON& Tower with Radar,189,120,33,4,346,0,0,0,0,0,189,120,33,4,346,0,0,0,346
02/22/2010,IND,IN,AGL,CE,Combined TRACON& Tower with Radar,201,153,50,3,407,0,0,0,0,0,201,153,50,3,407,0,0,0,407
02/23/2010,IND,IN,AGL,CE,Combined TRACON& Tower with Radar,314,151,43,1,509,0,0,0,0,0,314,151,43,1,509,0,0,0,509
02/24/2010,IND,IN,AGL,CE,Combined TRACON& Tower with Radar,314,142,66,4,526,0,0,0,0,0,314,142,66,4,526,0,0,0,526
02/25/2010,IND,IN,AGL,CE,Combined TRACON& Tower with Radar,317,153,58,3,531,0,0,9,0,9,317,153,67,3,540,0,0,0,540
02/26/2010,IND,IN,AGL,CE,Combined TRACON& Tower with Radar,286,135,43,2,466,0,2,6,0,8,286,137,49,2,474,0,0,0,474
02/27/2010,IND,IN,AGL,CE,Combined TRACON& Tower with Radar,196,94,29,0,319,0,0,0,0,0,196,94,29,0,319,0,0,0,319
02/28/2010,IND,IN,AGL,CE,Combined TRACON& Tower with Radar,188,124,18,1,331,0,0,0,0,0,188,124,18,1,331,0,0,0,331
03/01/2010,IND,IN,AGL,CE,Combined TRACON& Tower with Radar,201,143,33,3,380,0,0,4,0,4,201,143,37,3,384,0,0,0,384
03/02/2010,IND,IN,AGL,CE,Combined TRACON& Tower with Radar,320,155,50,4,529,0,3,9,2,14,320,158,59,6,543,0,0,0,543
03/03/2010,IND,IN,AGL,CE,Combined TRACON& Tower with Radar,329,160,41,4,534,0,0,9,2,11,329,160,50,6,545,0,0,0,545
03/04/2010,IND,IN,AGL,CE,Combined TRACON& Tower with Radar,325,158,39,7,529,0,0,13,4,17,325,158,52,11,546,0,0,0,546
03/05/2010,IND,IN,AGL,CE,Combined TRACON& Tower with Radar,288,168,29,4,489,0,1,12,1,14,288,169,41,5,503,0,0,0,503
03/06/2010,IND,IN,AGL,CE,Combined TRACON& Tower with Radar,200,91,23,1,315,0,1,15,0,16,200,92,38,1,331,0,0,0,331
03/07/2010,IND,IN,AGL,CE,Combined TRACON& Tower with Radar,208,124,31,1,364,0,2,5,0,7,208,126,36,1,371,0,0,0,371
03/08/2010,IND,IN,AGL,CE,Combined TRACON& Tower with Radar,208,147,30,5,390,0,1,7,0,8,208,148,37,5,398,0,0,0,398
03/09/2010,IND,IN,AGL,CE,Combined TRACON& Tower with Radar,330,160,56,3,549,0,1,7,0,8,330,161,63,3,557,0,0,0,557
03/10/2010,IND,IN,AGL,CE,Combined TRACON& Tower with Radar,326,161,45,2,534,0,2,9,0,11,326,163,54,2,545,0,0,0,545
03/11/2010,IND,IN,AGL,CE,Combined TRACON& Tower with Radar,326,174,51,2,553,0,2,4,0,6,326,176,55,2,559,0,0,0,559
03/12/2010,IND,IN,AGL,CE,Combined TRACON& Tower with Radar,294,164,63,1,522,0,0,0,0,0,294,164,63,1,522,0,0,0,522
03/13/2010,IND,IN,AGL,CE,Combined TRACON& Tower with Radar,209,98,28,2,337,0,0,0,0,0,209,98,28,2,337,0,0,0,337
03/14/2010,IND,IN,AGL,CE,Combined TRACON& Tower with Radar,203,112,30,2,347,0,0,3,0,3,203,112,33,2,350,0,0,0,350
03/15/2010,IND,IN,AGL,CE,Combined TRACON& Tower with Radar,206,153,41,5,405,0,0,1,0,1,206,153,42,5,406,0,0,0,406
03/16/2010,IND,IN,AGL,CE,Combined TRACON& Tower with Radar,334,154,51,5,544,0,0,13,3,16,334,154,64,8,560,0,0,0,560
03/17/2010,IND,IN,AGL,CE,Combined TRACON& Tower with Radar,334,163,49,8,554,0,1,9,1,11,334,164,58,9,565,0,0,0,565
03/18/2010,IND,IN,AGL,CE,Combined TRACON& Tower with Radar,331,163,48,5,547,0,1,15,0,16,331,164,63,5,563,0,0,0,563
03/19/2010,IND,IN,AGL,CE,Combined TRACON& Tower with Radar,296,166,37,7,506,0,0,9,0,9,296,166,46,7,515,0,0,0,515
03/20/2010,IND,IN,AGL,CE,Combined TRACON& Tower with Radar,230,107,14,0,351,0,0,1,0,1,230,107,15,0,352,0,0,0,352
03/21/2010,IND,IN,AGL,CE,Combined TRACON& Tower with Radar,206,131,18,0,355,0,1,2,0,3,206,132,20,0,358,0,0,0,358
03/22/2010,IND,IN,AGL,CE,Combined TRACON& Tower with Radar,208,144,32,3,387,0,0,1,0,1,208,144,33,3,388,0,0,0,388
03/23/2010,IND,IN,AGL,CE,Combined TRACON& Tower with Radar,334,162,48,1,545,0,0,12,1,13,334,162,60,2,558,0,0,0,558
03/24/2010,IND,IN,AGL,CE,Combined TRACON& Tower with Radar,331,147,49,2,529,0,0,7,0,7,331,147,56,2,536,0,0,0,536
03/25/2010,IND,IN,AGL,CE,Combined TRACON& Tower with Radar,332,166,56,0,554,0,0,1,0,1,332,166,57,0,555,0,0,0,555
03/26/2010,IND,IN,AGL,CE,Combined TRACON& Tower with Radar,309,166,48,5,528,0,1,5,1,7,309,167,53,6,535,0,0,0,535
03/27/2010,IND,IN,AGL,CE,Combined TRACON& Tower with Radar,215,100,23,0,338,0,0,12,0,12,215,100,35,0,350,0,0,0,350
03/28/2010,IND,IN,AGL,CE,Combined TRACON& Tower with Radar,209,124,21,0,354,0,0,0,0,0,209,124,21,0,354,0,0,0,354
03/29/2010,IND,IN,AGL,CE,Combined TRACON& Tower with Radar,206,157,33,0,396,0,0,16,1,17,206,157,49,1,413,0,0,0,413
03/30/2010,IND,IN,AGL,CE,Combined TRACON& Tower with Radar,336,141,29,0,506,0,0,16,0,16,336,141,45,0,522,0,0,0,522
03/31/2010,IND,IN,AGL,CE,Combined TRACON& Tower with Radar,337,146,39,1,523,0,0,12,0,12,337,146,51,1,535,0,0,0,535
04/01/2010,IND,IN,AGL,CE,Combined TRACON& Tower with Radar,344,170,52,2,568,0,2,12,2,16,344,172,64,4,584,0,0,0,584
04/02/2010,IND,IN,AGL,CE,Combined TRACON& Tower with Radar,307,183,94,2,586,0,5,7,0,12,307,188,101,2,598,0,0,0,598
04/03/2010,IND,IN,AGL,CE,Combined TRACON& Tower with Radar,207,159,152,0,518,0,0,4,0,4,207,159,156,0,522,0,0,0,522
04/04/2010,IND,IN,AGL,CE,Combined TRACON& Tower with Radar,204,162,82,0,448,0,1,3,0,4,204,163,85,0,452,0,0,0,452
04/05/2010,IND,IN,AGL,CE,Combined TRACON& Tower with Radar,209,195,107,4,515,0,1,8,0,9,209,196,115,4,524,0,0,0,524
04/06/2010,IND,IN,AGL,CE,Combined TRACON& Tower with Radar,352,213,171,8,744,0,3,21,0,24,352,216,192,8,768,0,0,0,768
04/07/2010,IND,IN,AGL,CE,Combined TRACON& Tower with Radar,313,153,42,2,510,0,0,4,0,4,313,153,46,2,514,0,0,0,514
04/08/2010,IND,IN,AGL,CE,Combined TRACON& Tower with Radar,323,170,85,2,580,0,0,9,0,9,323,170,94,2,589,0,0,0,589
04/09/2010,IND,IN,AGL,CE,Combined TRACON& Tower with Radar,295,153,28,0,476,0,0,4,0,4,295,153,32,0,480,0,0,0,480
04/10/2010,IND,IN,AGL,CE,Combined TRACON& Tower with Radar,184,105,23,0,312,0,1,5,0,6,184,106,28,0,318,0,0,0,318
04/11/2010,IND,IN,AGL,CE,Combined TRACON& Tower with Radar,181,137,23,0,341,0,1,2,0,3,181,138,25,0,344,0,0,0,344
04/12/2010,IND,IN,AGL,CE,Combined TRACON& Tower with Radar,203,159,42,4,408,0,0,7,1,8,203,159,49,5,416,0,0,0,416
04/13/2010,IND,IN,AGL,CE,Combined TRACON& Tower with Radar,337,156,64,3,560,0,0,14,0,14,337,156,78,3,574,0,0,0,574
04/14/2010,IND,IN,AGL,CE,Combined TRACON& Tower with Radar,345,156,59,2,562,0,0,7,0,7,345,156,66,2,569,0,0,0,569
04/15/2010,IND,IN,AGL,CE,Combined TRACON& Tower with Radar,331,162,39,3,535,0,0,7,0,7,331,162,46,3,542,0,0,0,542
04/16/2010,IND,IN,AGL,CE,Combined TRACON& Tower with Radar,280,154,26,3,463,0,0,7,3,10,280,154,33,6,473,0,0,0,473
04/17/2010,IND,IN,AGL,CE,Combined TRACON& Tower with Radar,187,100,23,2,312,0,5,1,0,6,187,105,24,2,318,0,0,0,318
04/18/2010,IND,IN,AGL,CE,Combined TRACON& Tower with Radar,180,131,30,0,341,0,0,7,0,7,180,131,37,0,348,0,0,0,348
04/19/2010,IND,IN,AGL,CE,Combined TRACON& Tower with Radar,205,155,58,4,422,0,1,6,0,7,205,156,64,4,429,0,0,0,429
04/20/2010,IND,IN,AGL,CE,Combined TRACON& Tower with Radar,328,157,59,1,545,0,0,5,0,5,328,157,64,1,550,0,0,0,550
04/21/2010,IND,IN,AGL,CE,Combined TRACON& Tower with Radar,321,153,72,3,549,0,1,14,0,15,321,154,86,3,564,0,0,0,564
04/22/2010,IND,IN,AGL,CE,Combined TRACON& Tower with Radar,320,166,70,2,558,0,1,4,0,5,320,167,74,2,563,0,0,0,563
04/23/2010,IND,IN,AGL,CE,Combined TRACON& Tower with Radar,300,165,45,3,513,0,0,10,0,10,300,165,55,3,523,0,0,0,523
04/24/2010,IND,IN,AGL,CE,Combined TRACON& Tower with Radar,193,95,22,0,310,0,0,0,0,0,193,95,22,0,310,0,0,0,310
04/25/2010,IND,IN,AGL,CE,Combined TRACON& Tower with Radar,180,121,40,2,343,0,0,0,0,0,180,121,40,2,343,0,0,0,343
04/26/2010,IND,IN,AGL,CE,Combined TRACON& Tower with Radar,201,157,62,3,423,0,0,1,0,1,201,157,63,3,424,0,0,0,424
04/27/2010,IND,IN,AGL,CE,Combined TRACON& Tower with Radar,326,147,57,3,533,0,1,10,0,11,326,148,67,3,544,0,0,0,544
04/28/2010,IND,IN,AGL,CE,Combined TRACON& Tower with Radar,329,160,61,10,560,0,1,8,0,9,329,161,69,10,569,0,0,0,569
04/29/2010,IND,IN,AGL,CE,Combined TRACON& Tower with Radar,320,156,52,3,531,0,0,9,0,9,320,156,61,3,540,0,0,0,540
04/30/2010,IND,IN,AGL,CE,Combined TRACON& Tower with Radar,290,148,44,2,484,0,2,10,2,14,290,150,54,4,498,0,0,0,498
05/01/2010,IND,IN,AGL,CE,Combined TRACON& Tower with Radar,195,97,27,2,321,0,1,3,0,4,195,98,30,2,325,0,0,0,325
05/02/2010,IND,IN,AGL,CE,Combined TRACON& Tower with Radar,187,130,15,8,340,0,0,0,0,0,187,130,15,8,340,0,0,0,340
05/03/2010,IND,IN,AGL,CE,Combined TRACON& Tower with Radar,201,142,48,0,391,0,1,8,8,17,201,143,56,8,408,0,0,0,408
05/04/2010,IND,IN,AGL,CE,Combined TRACON& Tower with Radar,331,154,41,6,532,0,9,3,4,16,331,163,44,10,548,0,0,0,548
05/05/2010,IND,IN,AGL,CE,Combined TRACON& Tower with Radar,331,146,39,4,520,0,4,5,2,11,331,150,44,6,531,0,0,0,531
05/06/2010,IND,IN,AGL,CE,Combined TRACON& Tower with Radar,332,154,63,6,555,0,8,11,1,20,332,162,74,7,575,0,0,0,575
05/07/2010,IND,IN,AGL,CE,Combined TRACON& Tower with Radar,296,158,26,3,483,0,0,2,0,2,296,158,28,3,485,0,0,0,485
05/08/2010,IND,IN,AGL,CE,Combined TRACON& Tower with Radar,194,103,14,3,314,0,0,2,0,2,194,103,16,3,316,0,0,0,316
05/09/2010,IND,IN,AGL,CE,Combined TRACON& Tower with Radar,178,137,12,7,334,0,1,5,0,6,178,138,17,7,340,0,0,0,340
05/10/2010,IND,IN,AGL,CE,Combined TRACON& Tower with Radar,196,145,45,3,389,0,2,6,0,8,196,147,51,3,397,0,0,0,397
05/11/2010,IND,IN,AGL,CE,Combined TRACON& Tower with Radar,323,157,51,3,534,0,0,4,0,4,323,157,55,3,538,0,0,0,538
05/12/2010,IND,IN,AGL,CE,Combined TRACON& Tower with Radar,311,169,39,1,520,0,2,3,0,5,311,171,42,1,525,0,0,0,525
05/13/2010,IND,IN,AGL,CE,Combined TRACON& Tower with Radar,322,162,61,2,547,0,2,1,0,3,322,164,62,2,550,0,0,0,550
05/14/2010,IND,IN,AGL,CE,Combined TRACON& Tower with Radar,284,156,43,3,486,0,0,6,0,6,284,156,49,3,492,0,0,0,492
05/15/2010,IND,IN,AGL,CE,Combined TRACON& Tower with Radar,188,101,15,2,306,0,0,5,0,5,188,101,20,2,311,0,0,0,311
05/16/2010,IND,IN,AGL,CE,Combined TRACON& Tower with Radar,177,126,27,6,336,0,0,2,0,2,177,126,29,6,338,0,0,0,338
05/17/2010,IND,IN,AGL,CE,Combined TRACON& Tower with Radar,197,146,36,5,384,0,0,3,0,3,197,146,39,5,387,0,0,0,387
05/18/2010,IND,IN,AGL,CE,Combined TRACON& Tower with Radar,321,152,42,3,518,0,2,5,0,7,321,154,47,3,525,0,0,0,525
05/19/2010,IND,IN,AGL,CE,Combined TRACON& Tower with Radar,331,147,60,5,543,0,0,4,0,4,331,147,64,5,547,0,0,0,547
05/20/2010,IND,IN,AGL,CE,Combined TRACON& Tower with Radar,319,153,62,3,537,0,0,10,1,11,319,153,72,4,548,0,0,0,548
05/21/2010,IND,IN,AGL,CE,Combined TRACON& Tower with Radar,275,148,55,6,484,0,0,1,1,2,275,148,56,7,486,0,0,0,486
05/22/2010,IND,IN,AGL,CE,Combined TRACON& Tower with Radar,187,100,34,4,325,0,0,5,4,9,187,100,39,8,334,0,0,0,334
05/23/2010,IND,IN,AGL,CE,Combined TRACON& Tower with Radar,177,126,22,6,331,0,1,3,2,6,177,127,25,8,337,0,0,0,337
05/24/2010,IND,IN,AGL,CE,Combined TRACON& Tower with Radar,197,137,32,1,367,0,1,8,1,10,197,138,40,2,377,0,0,0,377
05/25/2010,IND,IN,AGL,CE,Combined TRACON& Tower with Radar,320,148,52,5,525,0,2,10,0,12,320,150,62,5,537,0,0,0,537
05/26/2010,IND,IN,AGL,CE,Combined TRACON& Tower with Radar,318,147,58,13,536,0,0,6,0,6,318,147,64,13,542,0,0,0,542
05/27/2010,IND,IN,AGL,CE,Combined TRACON& Tower with Radar,328,168,54,6,556,0,2,8,0,10,328,170,62,6,566,0,0,0,566
05/28/2010,IND,IN,AGL,CE,Combined TRACON& Tower with Radar,294,166,54,1,515,0,2,7,1,10,294,168,61,2,525,0,0,0,525
05/29/2010,IND,IN,AGL,CE,Combined TRACON& Tower with Radar,196,114,44,0,354,0,5,8,3,16,196,119,52,3,370,0,0,0,370
05/30/2010,IND,IN,AGL,CE,Combined TRACON& Tower with Radar,162,129,104,0,395,0,1,21,3,25,162,130,125,3,420,0,0,0,420
05/31/2010,IND,IN,AGL,CE,Combined TRACON& Tower with Radar,216,130,35,0,381,0,0,2,0,2,216,130,37,0,383,0,0,0,383
06/01/2010,IND,IN,AGL,CE,Combined TRACON& Tower with Radar,200,138,35,3,376,0,0,2,3,5,200,138,37,6,381,0,0,0,381
06/02/2010,IND,IN,AGL,CE,Combined TRACON& Tower with Radar,322,145,43,1,511,0,0,10,0,10,322,145,53,1,521,0,0,0,521
06/03/2010,IND,IN,AGL,CE,Combined TRACON& Tower with Radar,333,157,41,10,541,0,1,2,0,3,333,158,43,10,544,0,0,0,544
06/04/2010,IND,IN,AGL,CE,Combined TRACON& Tower with Radar,277,157,44,1,479,0,0,7,0,7,277,157,51,1,486,0,0,0,486
06/05/2010,IND,IN,AGL,CE,Combined TRACON& Tower with Radar,188,109,17,0,314,0,0,7,0,7,188,109,24,0,321,0,0,0,321
06/06/2010,IND,IN,AGL,CE,Combined TRACON& Tower with Radar,181,127,27,1,336,0,0,4,0,4,181,127,31,1,340,0,0,0,340
06/07/2010,IND,IN,AGL,CE,Combined TRACON& Tower with Radar,199,147,46,3,395,0,1,12,0,13,199,148,58,3,408,0,0,0,408
06/08/2010,IND,IN,AGL,CE,Combined TRACON& Tower with Radar,319,154,43,8,524,0,0,6,0,6,319,154,49,8,530,0,0,0,530
06/09/2010,IND,IN,AGL,CE,Combined TRACON& Tower with Radar,324,167,59,4,554,0,1,5,0,6,324,168,64,4,560,0,0,0,560
06/10/2010,IND,IN,AGL,CE,Combined TRACON& Tower with Radar,318,160,37,4,519,0,4,16,0,20,318,164,53,4,539,0,0,0,539
06/11/2010,IND,IN,AGL,CE,Combined TRACON& Tower with Radar,288,156,39,5,488,0,0,2,0,2,288,156,41,5,490,0,0,0,490
06/12/2010,IND,IN,AGL,CE,Combined TRACON& Tower with Radar,206,124,16,0,346,0,0,1,0,1,206,124,17,0,347,0,0,0,347
06/13/2010,IND,IN,AGL,CE,Combined TRACON& Tower with Radar,179,133,20,1,333,0,0,4,0,4,179,133,24,1,337,0,0,0,337
06/14/2010,IND,IN,AGL,CE,Combined TRACON& Tower with Radar,200,140,44,3,387,0,0,6,0,6,200,140,50,3,393,0,0,0,393
06/15/2010,IND,IN,AGL,CE,Combined TRACON& Tower with Radar,324,170,52,1,547,0,0,3,0,3,324,170,55,1,550,0,0,0,550
06/16/2010,IND,IN,AGL,CE,Combined TRACON& Tower with Radar,321,166,47,6,540,0,0,7,2,9,321,166,54,8,549,0,0,0,549
06/17/2010,IND,IN,AGL,CE,Combined TRACON& Tower with Radar,326,158,59,1,544,0,1,11,0,12,326,159,70,1,556,0,0,0,556
06/18/2010,IND,IN,AGL,CE,Combined TRACON& Tower with Radar,287,150,41,7,485,0,0,4,1,5,287,150,45,8,490,0,0,0,490
06/19/2010,IND,IN,AGL,CE,Combined TRACON& Tower with Radar,200,115,16,0,331,0,0,8,1,9,200,115,24,1,340,0,0,0,340
06/20/2010,IND,IN,AGL,CE,Combined TRACON& Tower with Radar,185,130,28,0,343,0,1,7,1,9,185,131,35,1,352,0,0,0,352
06/21/2010,IND,IN,AGL,CE,Combined TRACON& Tower with Radar,194,151,37,0,382,0,1,0,0,1,194,152,37,0,383,0,0,0,383
06/22/2010,IND,IN,AGL,CE,Combined TRACON& Tower with Radar,334,162,50,1,547,0,0,11,0,11,334,162,61,1,558,0,0,0,558
06/23/2010,IND,IN,AGL,CE,Combined TRACON& Tower with Radar,345,165,50,3,563,0,1,16,2,19,345,166,66,5,582,0,0,0,582
06/24/2010,IND,IN,AGL,CE,Combined TRACON& Tower with Radar,334,157,41,0,532,0,0,11,3,14,334,157,52,3,546,0,0,0,546
06/25/2010,IND,IN,AGL,CE,Combined TRACON& Tower with Radar,281,167,44,6,498,0,0,15,2,17,281,167,59,8,515,0,0,0,515
06/26/2010,IND,IN,AGL,CE,Combined TRACON& Tower with Radar,201,111,22,1,335,0,1,7,0,8,201,112,29,1,343,0,0,0,343
06/27/2010,IND,IN,AGL,CE,Combined TRACON& Tower with Radar,175,129,12,2,318,0,0,2,1,3,175,129,14,3,321,0,0,0,321
06/28/2010,IND,IN,AGL,CE,Combined TRACON& Tower with Radar,238,181,44,1,464,0,1,6,0,7,238,182,50,1,471,0,0,0,471
06/29/2010,IND,IN,AGL,CE,Combined TRACON& Tower with Radar,368,158,64,8,598,0,1,15,2,18,368,159,79,10,616,0,0,0,616
06/30/2010,IND,IN,AGL,CE,Combined TRACON& Tower with Radar,329,154,61,4,548,0,0,9,2,11,329,154,70,6,559,0,0,0,559
07/01/2010,IND,IN,AGL,CE,Combined TRACON& Tower with Radar,335,149,67,2,553,0,0,8,1,9,335,149,75,3,562,0,0,0,562
07/02/2010,IND,IN,AGL,CE,Combined TRACON& Tower with Radar,281,153,19,7,460,0,0,4,1,5,281,153,23,8,465,0,0,0,465
07/03/2010,IND,IN,AGL,CE,Combined TRACON& Tower with Radar,212,112,12,0,336,0,1,6,0,7,212,113,18,0,343,0,0,0,343
07/04/2010,IND,IN,AGL,CE,Combined TRACON& Tower with Radar,152,92,12,0,256,0,0,1,0,1,152,92,13,0,257,0,0,0,257
07/05/2010,IND,IN,AGL,CE,Combined TRACON& Tower with Radar,178,133,24,1,336,0,0,2,0,2,178,133,26,1,338,0,0,0,338
07/06/2010,IND,IN,AGL,CE,Combined TRACON& Tower with Radar,218,141,35,1,395,0,1,10,1,12,218,142,45,2,407,0,0,0,407
07/07/2010,IND,IN,AGL,CE,Combined TRACON& Tower with Radar,322,151,54,6,533,0,0,14,0,14,322,151,68,6,547,0,0,0,547
07/08/2010,IND,IN,AGL,CE,Combined TRACON& Tower with Radar,324,155,48,0,527,0,2,4,1,7,324,157,52,1,534,0,0,0,534
07/09/2010,IND,IN,AGL,CE,Combined TRACON& Tower with Radar,273,157,48,3,481,0,1,4,0,5,273,158,52,3,486,0,0,0,486
07/10/2010,IND,IN,AGL,CE,Combined TRACON& Tower with Radar,201,110,12,0,323,0,0,10,0,10,201,110,22,0,333,0,0,0,333
07/11/2010,IND,IN,AGL,CE,Combined TRACON& Tower with Radar,186,120,9,0,315,0,0,9,0,9,186,120,18,0,324,0,0,0,324
07/12/2010,IND,IN,AGL,CE,Combined TRACON& Tower with Radar,202,145,47,5,399,0,1,4,0,5,202,146,51,5,404,0,0,0,404
07/13/2010,IND,IN,AGL,CE,Combined TRACON& Tower with Radar,341,157,51,2,551,0,3,5,0,8,341,160,56,2,559,0,0,0,559
07/14/2010,IND,IN,AGL,CE,Combined TRACON& Tower with Radar,326,150,54,4,534,0,1,14,0,15,326,151,68,4,549,0,0,0,549
07/15/2010,IND,IN,AGL,CE,Combined TRACON& Tower with Radar,326,150,41,2,519,0,0,4,0,4,326,150,45,2,523,0,0,0,523
07/16/2010,IND,IN,AGL,CE,Combined TRACON& Tower with Radar,285,163,45,3,496,0,0,2,0,2,285,163,47,3,498,0,0,0,498
07/17/2010,IND,IN,AGL,CE,Combined TRACON& Tower with Radar,198,119,18,13,348,0,0,6,0,6,198,119,24,13,354,0,0,0,354
07/18/2010,IND,IN,AGL,CE,Combined TRACON& Tower with Radar,191,121,21,2,335,0,0,5,3,8,191,121,26,5,343,0,0,0,343
07/19/2010,IND,IN,AGL,CE,Combined TRACON& Tower with Radar,203,136,51,3,393,0,0,7,2,9,203,136,58,5,402,0,0,0,402
07/20/2010,IND,IN,AGL,CE,Combined TRACON& Tower with Radar,322,166,51,10,549,0,0,2,0,2,322,166,53,10,551,0,0,0,551
07/21/2010,IND,IN,AGL,CE,Combined TRACON& Tower with Radar,335,154,56,8,553,0,0,4,0,4,335,154,60,8,557,0,0,0,557
07/22/2010,IND,IN,AGL,CE,Combined TRACON& Tower with Radar,342,167,95,4,608,0,1,5,0,6,342,168,100,4,614,0,0,0,614
07/23/2010,IND,IN,AGL,CE,Combined TRACON& Tower with Radar,334,170,54,3,561,0,1,6,3,10,334,171,60,6,571,0,0,0,571
07/24/2010,IND,IN,AGL,CE,Combined TRACON& Tower with Radar,213,139,52,13,417,0,0,11,0,11,213,139,63,13,428,0,0,0,428
07/25/2010,IND,IN,AGL,CE,Combined TRACON& Tower with Radar,188,143,101,4,436,0,0,21,2,23,188,143,122,6,459,0,0,0,459
07/26/2010,IND,IN,AGL,CE,Combined TRACON& Tower with Radar,208,137,49,8,402,0,0,9,0,9,208,137,58,8,411,0,0,0,411
07/27/2010,IND,IN,AGL,CE,Combined TRACON& Tower with Radar,323,157,57,5,542,0,0,8,0,8,323,157,65,5,550,0,0,0,550
07/28/2010,IND,IN,AGL,CE,Combined TRACON& Tower with Radar,320,165,66,6,557,0,0,6,0,6,320,165,72,6,563,0,0,0,563
07/29/2010,IND,IN,AGL,CE,Combined TRACON& Tower with Radar,315,160,73,2,550,0,5,5,0,10,315,165,78,2,560,0,0,0,560
07/30/2010,IND,IN,AGL,CE,Combined TRACON& Tower with Radar,299,150,32,2,483,0,10,11,2,23,299,160,43,4,506,0,0,0,506
07/31/2010,IND,IN,AGL,CE,Combined TRACON& Tower with Radar,201,114,10,8,333,0,0,0,0,0,201,114,10,8,333,0,0,0,333
08/01/2010,IND,IN,AGL,CE,Combined TRACON& Tower with Radar,183,133,9,4,329,0,0,4,0,4,183,133,13,4,333,0,0,0,333
08/02/2010,IND,IN,AGL,CE,Combined TRACON& Tower with Radar,202,151,25,10,388,0,3,8,0,11,202,154,33,10,399,0,0,0,399
08/03/2010,IND,IN,AGL,CE,Combined TRACON& Tower with Radar,337,152,56,1,546,0,0,3,0,3,337,152,59,1,549,0,0,0,549
08/04/2010,IND,IN,AGL,CE,Combined TRACON& Tower with Radar,321,160,57,2,540,0,0,7,3,10,321,160,64,5,550,0,0,0,550
08/05/2010,IND,IN,AGL,CE,Combined TRACON& Tower with Radar,322,147,49,11,529,0,0,2,0,2,322,147,51,11,531,0,0,0,531
08/06/2010,IND,IN,AGL,CE,Combined TRACON& Tower with Radar,297,156,34,3,490,0,2,4,0,6,297,158,38,3,496,0,0,0,496
08/07/2010,IND,IN,AGL,CE,Combined TRACON& Tower with Radar,194,114,14,0,322,0,0,6,0,6,194,114,20,0,328,0,0,0,328
08/08/2010,IND,IN,AGL,CE,Combined TRACON& Tower with Radar,188,136,16,2,342,0,1,1,0,2,188,137,17,2,344,0,0,0,344
08/09/2010,IND,IN,AGL,CE,Combined TRACON& Tower with Radar,204,150,36,4,394,0,0,3,0,3,204,150,39,4,397,0,0,0,397
08/10/2010,IND,IN,AGL,CE,Combined TRACON& Tower with Radar,331,165,73,2,571,0,0,8,0,8,331,165,81,2,579,0,0,0,579
08/11/2010,IND,IN,AGL,CE,Combined TRACON& Tower with Radar,323,158,37,1,519,0,0,11,0,11,323,158,48,1,530,0,0,0,530
08/12/2010,IND,IN,AGL,CE,Combined TRACON& Tower with Radar,315,167,45,2,529,0,1,11,0,12,315,168,56,2,541,0,0,0,541
08/13/2010,IND,IN,AGL,CE,Combined TRACON& Tower with Radar,290,158,41,10,499,0,0,8,0,8,290,158,49,10,507,0,0,0,507
08/14/2010,IND,IN,AGL,CE,Combined TRACON& Tower with Radar,212,120,15,2,349,0,1,5,0,6,212,121,20,2,355,0,0,0,355
08/15/2010,IND,IN,AGL,CE,Combined TRACON& Tower with Radar,187,148,13,2,350,0,0,5,0,5,187,148,18,2,355,0,0,0,355
08/16/2010,IND,IN,AGL,CE,Combined TRACON& Tower with Radar,196,149,41,0,386,0,0,2,0,2,196,149,43,0,388,0,0,0,388
08/17/2010,IND,IN,AGL,CE,Combined TRACON& Tower with Radar,324,155,43,8,530,0,0,7,0,7,324,155,50,8,537,0,0,0,537
08/18/2010,IND,IN,AGL,CE,Combined TRACON& Tower with Radar,325,153,60,4,542,0,1,9,3,13,325,154,69,7,555,0,0,0,555
08/19/2010,IND,IN,AGL,CE,Combined TRACON& Tower with Radar,328,157,42,1,528,0,1,8,2,11,328,158,50,3,539,0,0,0,539
08/20/2010,IND,IN,AGL,CE,Combined TRACON& Tower with Radar,287,147,42,7,483,0,1,10,0,11,287,148,52,7,494,0,0,0,494
08/21/2010,IND,IN,AGL,CE,Combined TRACON& Tower with Radar,185,113,13,2,313,0,1,3,0,4,185,114,16,2,317,0,0,0,317
08/22/2010,IND,IN,AGL,CE,Combined TRACON& Tower with Radar,175,128,11,2,316,0,0,2,0,2,175,128,13,2,318,0,0,0,318
08/23/2010,IND,IN,AGL,CE,Combined TRACON& Tower with Radar,195,145,69,3,412,0,0,4,0,4,195,145,73,3,416,0,0,0,416
08/24/2010,IND,IN,AGL,CE,Combined TRACON& Tower with Radar,323,153,58,4,538,0,1,9,0,10,323,154,67,4,548,0,0,0,548
08/25/2010,IND,IN,AGL,CE,Combined TRACON& Tower with Radar,314,153,57,0,524,0,1,9,0,10,314,154,66,0,534,0,0,0,534
08/26/2010,IND,IN,AGL,CE,Combined TRACON& Tower with Radar,312,152,55,4,523,0,1,19,2,22,312,153,74,6,545,0,0,0,545
08/27/2010,IND,IN,AGL,CE,Combined TRACON& Tower with Radar,291,161,47,8,507,0,3,13,0,16,291,164,60,8,523,0,0,0,523
08/28/2010,IND,IN,AGL,CE,Combined TRACON& Tower with Radar,184,110,21,2,317,0,0,13,0,13,184,110,34,2,330,0,0,0,330
08/29/2010,IND,IN,AGL,CE,Combined TRACON& Tower with Radar,176,132,44,4,356,0,0,7,1,8,176,132,51,5,364,0,0,0,364
08/30/2010,IND,IN,AGL,CE,Combined TRACON& Tower with Radar,205,140,49,6,400,0,0,15,2,17,205,140,64,8,417,0,0,0,417
08/31/2010,IND,IN,AGL,CE,Combined TRACON& Tower with Radar,326,150,45,4,525,0,0,13,1,14,326,150,58,5,539,0,0,0,539
09/01/2010,IND,IN,AGL,CE,Combined TRACON& Tower with Radar,322,137,72,3,534,0,0,14,1,15,322,137,86,4,549,0,0,0,549
09/02/2010,IND,IN,AGL,CE,Combined TRACON& Tower with Radar,319,142,41,3,505,0,0,5,0,5,319,142,46,3,510,0,0,0,510
09/03/2010,IND,IN,AGL,CE,Combined TRACON& Tower with Radar,300,146,35,1,482,0,2,1,0,3,300,148,36,1,485,0,0,0,485
09/04/2010,IND,IN,AGL,CE,Combined TRACON& Tower with Radar,169,103,12,1,285,0,1,8,0,9,169,104,20,1,294,0,0,0,294
09/05/2010,IND,IN,AGL,CE,Combined TRACON& Tower with Radar,135,95,7,0,237,0,3,8,0,11,135,98,15,0,248,0,0,0,248
09/06/2010,IND,IN,AGL,CE,Combined TRACON& Tower with Radar,172,121,22,0,315,0,0,5,0,5,172,121,27,0,320,0,0,0,320
09/07/2010,IND,IN,AGL,CE,Combined TRACON& Tower with Radar,205,133,52,4,394,0,1,2,0,3,205,134,54,4,397,0,0,0,397
09/08/2010,IND,IN,AGL,CE,Combined TRACON& Tower with Radar,333,140,53,3,529,0,0,10,1,11,333,140,63,4,540,0,0,0,540
09/09/2010,IND,IN,AGL,CE,Combined TRACON& Tower with Radar,337,139,75,0,551,0,1,12,1,14,337,140,87,1,565,0,0,0,565
09/10/2010,IND,IN,AGL,CE,Combined TRACON& Tower with Radar,307,127,49,3,486,0,1,10,1,12,307,128,59,4,498,0,0,0,498
09/11/2010,IND,IN,AGL,CE,Combined TRACON& Tower with Radar,187,84,16,2,289,0,0,3,0,3,187,84,19,2,292,0,0,0,292
09/12/2010,IND,IN,AGL,CE,Combined TRACON& Tower with Radar,200,108,31,3,342,0,0,5,0,5,200,108,36,3,347,0,0,0,347
09/13/2010,IND,IN,AGL,CE,Combined TRACON& Tower with Radar,208,126,31,6,371,0,0,8,0,8,208,126,39,6,379,0,0,0,379
09/14/2010,IND,IN,AGL,CE,Combined TRACON& Tower with Radar,338,137,57,3,535,0,0,14,0,14,338,137,71,3,549,0,0,0,549
09/15/2010,IND,IN,AGL,CE,Combined TRACON& Tower with Radar,332,127,51,9,519,0,0,14,1,15,332,127,65,10,534,0,0,0,534
09/16/2010,IND,IN,AGL,CE,Combined TRACON& Tower with Radar,328,135,71,0,534,0,2,10,0,12,328,137,81,0,546,0,0,0,546
09/17/2010,IND,IN,AGL,CE,Combined TRACON& Tower with Radar,308,134,32,5,479,0,0,16,0,16,308,134,48,5,495,0,0,0,495
09/18/2010,IND,IN,AGL,CE,Combined TRACON& Tower with Radar,185,86,8,2,281,0,0,137,0,137,185,86,145,2,418,0,0,0,418
09/19/2010,IND,IN,AGL,CE,Combined TRACON& Tower with Radar,190,128,45,6,369,0,1,11,0,12,190,129,56,6,381,0,0,0,381
09/20/2010,IND,IN,AGL,CE,Combined TRACON& Tower with Radar,207,146,58,8,419,0,0,20,0,20,207,146,78,8,439,0,0,0,439
09/21/2010,IND,IN,AGL,CE,Combined TRACON& Tower with Radar,334,133,59,6,532,0,3,10,0,13,334,136,69,6,545,0,0,0,545
09/22/2010,IND,IN,AGL,CE,Combined TRACON& Tower with Radar,330,131,61,2,524,0,0,8,0,8,330,131,69,2,532,0,0,0,532
09/23/2010,IND,IN,AGL,CE,Combined TRACON& Tower with Radar,339,128,51,6,524,0,0,8,0,8,339,128,59,6,532,0,0,0,532
09/24/2010,IND,IN,AGL,CE,Combined TRACON& Tower with Radar,305,128,43,1,477,0,0,6,1,7,305,128,49,2,484,0,0,0,484
09/25/2010,IND,IN,AGL,CE,Combined TRACON& Tower with Radar,182,81,22,0,285,0,0,7,1,8,182,81,29,1,293,0,0,0,293
09/26/2010,IND,IN,AGL,CE,Combined TRACON& Tower with Radar,194,107,27,3,331,0,1,10,0,11,194,108,37,3,342,0,0,0,342
09/27/2010,IND,IN,AGL,CE,Combined TRACON& Tower with Radar,207,128,46,8,389,0,1,14,0,15,207,129,60,8,404,0,0,0,404
09/28/2010,IND,IN,AGL,CE,Combined TRACON& Tower with Radar,339,120,38,3,500,0,0,10,1,11,339,120,48,4,511,0,0,0,511
09/29/2010,IND,IN,AGL,CE,Combined TRACON& Tower with Radar,334,136,63,7,540,0,0,16,2,18,334,136,79,9,558,0,0,0,558
09/30/2010,IND,IN,AGL,CE,Combined TRACON& Tower with Radar,328,121,59,2,510,0,1,16,0,17,328,122,75,2,527,0,0,0,527
10/01/2010,IND,IN,AGL,CE,Combined TRACON& Tower with Radar,324,137,48,0,509,0,0,13,0,13,324,137,61,0,522,0,0,0,522
10/02/2010,IND,IN,AGL,CE,Combined TRACON& Tower with Radar,193,78,12,0,283,0,0,3,1,4,193,78,15,1,287,0,0,0,287
10/03/2010,IND,IN,AGL,CE,Combined TRACON& Tower with Radar,200,104,18,4,326,0,1,1,1,3,200,105,19,5,329,0,0,0,329
10/04/2010,IND,IN,AGL,CE,Combined TRACON& Tower with Radar,210,127,35,2,374,0,1,15,0,16,210,128,50,2,390,0,0,0,390
10/05/2010,IND,IN,AGL,CE,Combined TRACON& Tower with Radar,345,135,41,10,531,0,0,6,0,6,345,135,47,10,537,0,0,0,537
10/06/2010,IND,IN,AGL,CE,Combined TRACON& Tower with Radar,333,138,46,4,521,0,2,13,0,15,333,140,59,4,536,0,0,0,536
10/07/2010,IND,IN,AGL,CE,Combined TRACON& Tower with Radar,347,138,59,3,547,0,1,37,0,38,347,139,96,3,585,0,0,0,585
10/08/2010,IND,IN,AGL,CE,Combined TRACON& Tower with Radar,312,126,46,4,488,0,0,13,0,13,312,126,59,4,501,0,0,0,501
10/09/2010,IND,IN,AGL,CE,Combined TRACON& Tower with Radar,186,86,16,0,288,0,0,4,0,4,186,86,20,0,292,0,0,0,292
10/10/2010,IND,IN,AGL,CE,Combined TRACON& Tower with Radar,204,121,24,2,351,0,1,5,2,8,204,122,29,4,359,0,0,0,359
10/11/2010,IND,IN,AGL,CE,Combined TRACON& Tower with Radar,209,124,34,0,367,0,0,5,0,5,209,124,39,0,372,0,0,0,372
10/12/2010,IND,IN,AGL,CE,Combined TRACON& Tower with Radar,344,134,58,3,539,0,0,14,2,16,344,134,72,5,555,0,0,0,555
10/13/2010,IND,IN,AGL,CE,Combined TRACON& Tower with Radar,343,138,73,1,555,0,0,3,1,4,343,138,76,2,559,0,0,0,559
10/14/2010,IND,IN,AGL,CE,Combined TRACON& Tower with Radar,343,146,55,8,552,0,0,12,0,12,343,146,67,8,564,0,0,0,564
10/15/2010,IND,IN,AGL,CE,Combined TRACON& Tower with Radar,309,143,52,2,506,0,3,8,0,11,309,146,60,2,517,0,0,0,517
10/16/2010,IND,IN,AGL,CE,Combined TRACON& Tower with Radar,184,85,12,0,281,0,0,3,0,3,184,85,15,0,284,0,0,0,284
10/17/2010,IND,IN,AGL,CE,Combined TRACON& Tower with Radar,194,112,34,2,342,0,0,11,0,11,194,112,45,2,353,0,0,0,353
10/18/2010,IND,IN,AGL,CE,Combined TRACON& Tower with Radar,225,133,51,2,411,0,0,6,0,6,225,133,57,2,417,0,0,0,417
10/19/2010,IND,IN,AGL,CE,Combined TRACON& Tower with Radar,347,124,60,4,535,0,0,10,0,10,347,124,70,4,545,0,0,0,545
10/20/2010,IND,IN,AGL,CE,Combined TRACON& Tower with Radar,343,139,53,5,540,0,0,18,0,18,343,139,71,5,558,0,0,0,558
10/21/2010,IND,IN,AGL,CE,Combined TRACON& Tower with Radar,350,141,67,0,558,0,0,6,5,11,350,141,73,5,569,0,0,0,569
10/22/2010,IND,IN,AGL,CE,Combined TRACON& Tower with Radar,315,127,31,4,477,0,0,14,1,15,315,127,45,5,492,0,0,0,492
10/23/2010,IND,IN,AGL,CE,Combined TRACON& Tower with Radar,192,89,16,1,298,0,0,1,0,1,192,89,17,1,299,0,0,0,299
10/24/2010,IND,IN,AGL,CE,Combined TRACON& Tower with Radar,200,104,23,5,332,0,0,2,0,2,200,104,25,5,334,0,0,0,334
10/25/2010,IND,IN,AGL,CE,Combined TRACON& Tower with Radar,212,127,45,8,392,0,1,8,0,9,212,128,53,8,401,0,0,0,401
10/26/2010,IND,IN,AGL,CE,Combined TRACON& Tower with Radar,337,137,33,2,509,0,0,3,0,3,337,137,36,2,512,0,0,0,512
10/27/2010,IND,IN,AGL,CE,Combined TRACON& Tower with Radar,342,131,63,10,546,0,0,11,3,14,342,131,74,13,560,0,0,0,560
10/28/2010,IND,IN,AGL,CE,Combined TRACON& Tower with Radar,350,146,48,6,550,0,2,19,2,23,350,148,67,8,573,0,0,0,573
10/29/2010,IND,IN,AGL,CE,Combined TRACON& Tower with Radar,317,132,44,10,503,0,0,10,3,13,317,132,54,13,516,0,0,0,516
10/30/2010,IND,IN,AGL,CE,Combined TRACON& Tower with Radar,184,89,19,2,294,0,3,7,0,10,184,92,26,2,304,0,0,0,304
10/31/2010,IND,IN,AGL,CE,Combined TRACON& Tower with Radar,187,105,10,0,302,0,1,8,0,9,187,106,18,0,311,0,0,0,311
11/01/2010,IND,IN,AGL,CE,Combined TRACON& Tower with Radar,221,122,65,4,412,0,0,11,0,11,221,122,76,4,423,0,0,0,423
11/02/2010,IND,IN,AGL,CE,Combined TRACON& Tower with Radar,349,134,64,6,553,0,1,11,0,12,349,135,75,6,565,0,0,0,565
11/03/2010,IND,IN,AGL,CE,Combined TRACON& Tower with Radar,337,137,66,0,540,0,2,10,1,13,337,139,76,1,553,0,0,0,553
11/04/2010,IND,IN,AGL,CE,Combined TRACON& Tower with Radar,350,141,58,4,553,0,1,11,1,13,350,142,69,5,566,0,0,0,566
11/05/2010,IND,IN,AGL,CE,Combined TRACON& Tower with Radar,329,141,34,11,515,0,1,8,0,9,329,142,42,11,524,0,0,0,524
11/06/2010,IND,IN,AGL,CE,Combined TRACON& Tower with Radar,184,89,18,0,291,0,1,8,0,9,184,90,26,0,300,0,0,0,300
11/07/2010,IND,IN,AGL,CE,Combined TRACON& Tower with Radar,202,111,19,2,334,0,1,3,0,4,202,112,22,2,338,0,0,0,338
11/08/2010,IND,IN,AGL,CE,Combined TRACON& Tower with Radar,221,123,36,2,382,0,1,8,0,9,221,124,44,2,391,0,0,0,391
11/09/2010,IND,IN,AGL,CE,Combined TRACON& Tower with Radar,361,124,68,5,558,0,0,8,2,10,361,124,76,7,568,0,0,0,568
11/10/2010,IND,IN,AGL,CE,Combined TRACON& Tower with Radar,358,134,54,4,550,0,1,8,0,9,358,135,62,4,559,0,0,0,559
11/11/2010,IND,IN,AGL,CE,Combined TRACON& Tower with Radar,356,139,63,0,558,0,3,10,0,13,356,142,73,0,571,0,0,0,571
11/12/2010,IND,IN,AGL,CE,Combined TRACON& Tower with Radar,311,126,44,8,489,0,0,7,0,7,311,126,51,8,496,0,0,0,496
11/13/2010,IND,IN,AGL,CE,Combined TRACON& Tower with Radar,196,88,17,0,301,0,0,3,0,3,196,88,20,0,304,0,0,0,304
11/14/2010,IND,IN,AGL,CE,Combined TRACON& Tower with Radar,203,111,43,0,357,0,4,3,0,7,203,115,46,0,364,0,0,0,364
11/15/2010,IND,IN,AGL,CE,Combined TRACON& Tower with Radar,220,116,43,6,385,0,0,9,0,9,220,116,52,6,394,0,0,0,394
11/16/2010,IND,IN,AGL,CE,Combined TRACON& Tower with Radar,349,122,65,6,542,0,0,0,0,0,349,122,65,6,542,0,0,0,542
11/17/2010,IND,IN,AGL,CE,Combined TRACON& Tower with Radar,353,130,62,10,555,0,3,6,0,9,353,133,68,10,564,0,0,0,564
11/18/2010,IND,IN,AGL,CE,Combined TRACON& Tower with Radar,347,138,45,5,535,0,0,6,0,6,347,138,51,5,541,0,0,0,541
11/19/2010,IND,IN,AGL,CE,Combined TRACON& Tower with Radar,320,132,41,5,498,0,0,7,0,7,320,132,48,5,505,0,0,0,505
11/20/2010,IND,IN,AGL,CE,Combined TRACON& Tower with Radar,204,92,23,1,320,0,0,2,0,2,204,92,25,1,322,0,0,0,322
11/21/2010,IND,IN,AGL,CE,Combined TRACON& Tower with Radar,197,103,33,2,335,0,1,6,0,7,197,104,39,2,342,0,0,0,342
11/22/2010,IND,IN,AGL,CE,Combined TRACON& Tower with Radar,243,119,39,2,403,0,1,2,0,3,243,120,41,2,406,0,0,0,406
11/23/2010,IND,IN,AGL,CE,Combined TRACON& Tower with Radar,364,136,30,4,534,0,0,7,2,9,364,136,37,6,543,0,0,0,543
11/24/2010,IND,IN,AGL,CE,Combined TRACON& Tower with Radar,361,127,22,1,511,0,0,1,0,1,361,127,23,1,512,0,0,0,512
11/25/2010,IND,IN,AGL,CE,Combined TRACON& Tower with Radar,187,65,6,1,259,0,0,1,0,1,187,65,7,1,260,0,0,0,260
11/26/2010,IND,IN,AGL,CE,Combined TRACON& Tower with Radar,207,83,16,5,311,0,1,5,0,6,207,84,21,5,317,0,0,0,317
11/27/2010,IND,IN,AGL,CE,Combined TRACON& Tower with Radar,220,105,17,2,344,0,0,2,0,2,220,105,19,2,346,0,0,0,346
11/28/2010,IND,IN,AGL,CE,Combined TRACON& Tower with Radar,219,136,27,2,384,0,0,15,0,15,219,136,42,2,399,0,0,0,399
11/29/2010,IND,IN,AGL,CE,Combined TRACON& Tower with Radar,225,130,47,3,405,0,0,12,0,12,225,130,59,3,417,0,0,0,417
11/30/2010,IND,IN,AGL,CE,Combined TRACON& Tower with Radar,352,133,52,4,541,0,0,1,0,1,352,133,53,4,542,0,0,0,542
12/01/2010,IND,IN,AGL,CE,Combined TRACON& Tower with Radar,343,116,68,6,533,0,0,4,0,4,343,116,72,6,537,0,0,0,537
12/02/2010,IND,IN,AGL,CE,Combined TRACON& Tower with Radar,359,140,43,5,547,0,0,7,0,7,359,140,50,5,554,0,0,0,554
12/03/2010,IND,IN,AGL,CE,Combined TRACON& Tower with Radar,314,125,46,7,492,0,0,4,0,4,314,125,50,7,496,0,0,0,496
12/04/2010,IND,IN,AGL,CE,Combined TRACON& Tower with Radar,194,82,16,1,293,0,0,0,0,0,194,82,16,1,293,0,0,0,293
12/05/2010,IND,IN,AGL,CE,Combined TRACON& Tower with Radar,194,129,40,2,365,0,0,0,0,0,194,129,40,2,365,0,0,0,365
12/06/2010,IND,IN,AGL,CE,Combined TRACON& Tower with Radar,216,132,57,5,410,0,0,2,0,2,216,132,59,5,412,0,0,0,412
12/07/2010,IND,IN,AGL,CE,Combined TRACON& Tower with Radar,370,126,53,5,554,0,0,12,1,13,370,126,65,6,567,0,0,0,567
12/08/2010,IND,IN,AGL,CE,Combined TRACON& Tower with Radar,375,134,58,9,576,0,0,9,0,9,375,134,67,9,585,0,0,0,585
12/09/2010,IND,IN,AGL,CE,Combined TRACON& Tower with Radar,384,123,53,6,566,0,1,5,0,6,384,124,58,6,572,0,0,0,572
12/10/2010,IND,IN,AGL,CE,Combined TRACON& Tower with Radar,364,129,44,1,538,0,1,8,0,9,364,130,52,1,547,0,0,0,547
12/11/2010,IND,IN,AGL,CE,Combined TRACON& Tower with Radar,195,97,12,4,308,0,0,0,0,0,195,97,12,4,308,0,0,0,308
12/12/2010,IND,IN,AGL,CE,Combined TRACON& Tower with Radar,175,88,32,2,297,0,0,0,0,0,175,88,32,2,297,0,0,0,297
12/13/2010,IND,IN,AGL,CE,Combined TRACON& Tower with Radar,216,126,47,0,389,0,0,2,0,2,216,126,49,0,391,0,0,0,391
12/14/2010,IND,IN,AGL,CE,Combined TRACON& Tower with Radar,394,144,80,12,630,0,5,9,0,14,394,149,89,12,644,0,0,0,644
12/15/2010,IND,IN,AGL,CE,Combined TRACON& Tower with Radar,384,139,55,3,581,0,6,5,0,11,384,145,60,3,592,0,0,0,592
12/16/2010,IND,IN,AGL,CE,Combined TRACON& Tower with Radar,389,137,49,2,577,0,0,0,0,0,389,137,49,2,577,0,0,0,577
12/17/2010,IND,IN,AGL,CE,Combined TRACON& Tower with Radar,382,132,38,0,552,0,0,2,1,3,382,132,40,1,555,0,0,0,555
12/18/2010,IND,IN,AGL,CE,Combined TRACON& Tower with Radar,324,114,20,1,459,0,0,0,0,0,324,114,20,1,459,0,0,0,459
12/19/2010,IND,IN,AGL,CE,Combined TRACON& Tower with Radar,221,119,29,1,370,0,0,1,0,1,221,119,30,1,371,0,0,0,371
12/20/2010,IND,IN,AGL,CE,Combined TRACON& Tower with Radar,196,114,65,3,378,0,0,4,0,4,196,114,69,3,382,0,0,0,382
12/21/2010,IND,IN,AGL,CE,Combined TRACON& Tower with Radar,417,119,42,1,579,0,0,0,0,0,417,119,42,1,579,0,0,0,579
12/22/2010,IND,IN,AGL,CE,Combined TRACON& Tower with Radar,423,121,30,0,574,0,0,0,0,0,423,121,30,0,574,0,0,0,574
12/23/2010,IND,IN,AGL,CE,Combined TRACON& Tower with Radar,420,116,20,2,558,0,0,2,0,2,420,116,22,2,560,0,0,0,560
12/24/2010,IND,IN,AGL,CE,Combined TRACON& Tower with Radar,323,86,10,0,419,0,0,0,0,0,323,86,10,0,419,0,0,0,419
12/25/2010,IND,IN,AGL,CE,Combined TRACON& Tower with Radar,149,93,10,0,252,0,0,1,0,1,149,93,11,0,253,0,0,0,253
12/26/2010,IND,IN,AGL,CE,Combined TRACON& Tower with Radar,171,103,12,0,286,0,0,0,0,0,171,103,12,0,286,0,0,0,286
12/27/2010,IND,IN,AGL,CE,Combined TRACON& Tower with Radar,189,105,24,2,320,0,0,5,0,5,189,105,29,2,325,0,0,0,325
12/28/2010,IND,IN,AGL,CE,Combined TRACON& Tower with Radar,360,113,18,4,495,0,0,5,0,5,360,113,23,4,500,0,0,0,500
12/29/2010,IND,IN,AGL,CE,Combined TRACON& Tower with Radar,344,111,29,0,484,0,3,0,0,3,344,114,29,0,487,0,0,0,487
12/30/2010,IND,IN,AGL,CE,Combined TRACON& Tower with Radar,371,117,17,0,505,0,0,1,0,1,371,117,18,0,506,0,0,0,506
12/31/2010,IND,IN,AGL,CE,Combined TRACON& Tower with Radar,286,89,8,0,383,0,0,0,0,0,286,89,8,0,383,0,0,0,383
01/01/2011,IND,IN,AGL,CE,Combined TRACON& Tower with Radar,160,98,8,0,266,0,0,1,0,1,160,98,9,0,267,0,0,0,267
01/02/2011,IND,IN,AGL,CE,Combined TRACON& Tower with Radar,204,121,26,0,351,0,0,6,0,6,204,121,32,0,357,0,0,0,357
01/03/2011,IND,IN,AGL,CE,Combined TRACON& Tower with Radar,217,123,27,0,367,0,0,7,0,7,217,123,34,0,374,0,0,0,374
01/04/2011,IND,IN,AGL,CE,Combined TRACON& Tower with Radar,340,107,39,2,488,0,0,6,0,6,340,107,45,2,494,0,0,0,494
01/05/2011,IND,IN,AGL,CE,Combined TRACON& Tower with Radar,338,99,34,7,478,0,0,8,1,9,338,99,42,8,487,0,0,0,487
01/06/2011,IND,IN,AGL,CE,Combined TRACON& Tower with Radar,335,112,30,2,479,0,1,8,0,9,335,113,38,2,488,0,0,0,488
01/07/2011,IND,IN,AGL,CE,Combined TRACON& Tower with Radar,310,114,38,0,462,0,0,1,0,1,310,114,39,0,463,0,0,0,463
01/08/2011,IND,IN,AGL,CE,Combined TRACON& Tower with Radar,177,106,32,0,315,0,0,7,0,7,177,106,39,0,322,0,0,0,322
01/09/2011,IND,IN,AGL,CE,Combined TRACON& Tower with Radar,175,97,39,0,311,0,0,6,1,7,175,97,45,1,318,0,0,0,318
01/10/2011,IND,IN,AGL,CE,Combined TRACON& Tower with Radar,184,110,52,3,349,0,1,5,1,7,184,111,57,4,356,0,0,0,356
01/11/2011,IND,IN,AGL,CE,Combined TRACON& Tower with Radar,290,78,35,1,404,0,0,1,0,1,290,78,36,1,405,0,0,0,405
01/12/2011,IND,IN,AGL,CE,Combined TRACON& Tower with Radar,324,100,50,2,476,0,0,2,0,2,324,100,52,2,478,0,0,0,478
01/13/2011,IND,IN,AGL,CE,Combined TRACON& Tower with Radar,342,121,47,3,513,0,3,5,0,8,342,124,52,3,521,0,0,0,521
01/14/2011,IND,IN,AGL,CE,Combined TRACON& Tower with Radar,313,125,36,0,474,0,0,3,0,3,313,125,39,0,477,0,0,0,477
01/15/2011,IND,IN,AGL,CE,Combined TRACON& Tower with Radar,179,86,19,1,285,0,0,4,0,4,179,86,23,1,289,0,0,0,289
01/16/2011,IND,IN,AGL,CE,Combined TRACON& Tower with Radar,179,92,14,2,287,0,2,7,0,9,179,94,21,2,296,0,0,0,296
01/17/2011,IND,IN,AGL,CE,Combined TRACON& Tower with Radar,206,88,38,0,332,0,1,7,0,8,206,89,45,0,340,0,0,0,340
01/18/2011,IND,IN,AGL,CE,Combined TRACON& Tower with Radar,335,97,62,2,496,0,0,0,0,0,335,97,62,2,496,0,0,0,496
01/19/2011,IND,IN,AGL,CE,Combined TRACON& Tower with Radar,337,119,51,7,514,0,0,1,1,2,337,119,52,8,516,0,0,0,516
01/20/2011,IND,IN,AGL,CE,Combined TRACON& Tower with Radar,338,118,37,0,493,0,0,0,0,0,338,118,37,0,493,0,0,0,493
01/21/2011,IND,IN,AGL,CE,Combined TRACON& Tower with Radar,315,115,34,10,474,0,2,14,0,16,315,117,48,10,490,0,0,0,490
01/22/2011,IND,IN,AGL,CE,Combined TRACON& Tower with Radar,171,96,12,3,282,0,1,1,0,2,171,97,13,3,284,0,0,0,284
01/23/2011,IND,IN,AGL,CE,Combined TRACON& Tower with Radar,185,98,10,4,297,0,1,5,0,6,185,99,15,4,303,0,0,0,303
01/24/2011,IND,IN,AGL,CE,Combined TRACON& Tower with Radar,214,111,41,2,368,0,0,2,0,2,214,111,43,2,370,0,0,0,370
01/25/2011,IND,IN,AGL,CE,Combined TRACON& Tower with Radar,343,111,54,3,511,0,0,2,0,2,343,111,56,3,513,0,0,0,513
01/26/2011,IND,IN,AGL,CE,Combined TRACON& Tower with Radar,322,108,58,0,488,0,0,5,0,5,322,108,63,0,493,0,0,0,493
01/27/2011,IND,IN,AGL,CE,Combined TRACON& Tower with Radar,320,111,56,4,491,0,0,2,0,2,320,111,58,4,493,0,0,0,493
01/28/2011,IND,IN,AGL,CE,Combined TRACON& Tower with Radar,323,109,44,4,480,0,0,0,0,0,323,109,44,4,480,0,0,0,480
01/29/2011,IND,IN,AGL,CE,Combined TRACON& Tower with Radar,181,92,12,3,288,0,0,1,0,1,181,92,13,3,289,0,0,0,289
01/30/2011,IND,IN,AGL,CE,Combined TRACON& Tower with Radar,185,96,22,6,309,0,0,0,1,1,185,96,22,7,310,0,0,0,310
01/31/2011,IND,IN,AGL,CE,Combined TRACON& Tower with Radar,162,78,35,0,275,0,0,9,0,9,162,78,44,0,284,0,0,0,284
02/01/2011,IND,IN,AGL,CE,Combined TRACON& Tower with Radar,138,16,9,0,163,0,0,0,0,0,138,16,9,0,163,0,0,0,163
02/02/2011,IND,IN,AGL,CE,Combined TRACON& Tower with Radar,122,37,6,0,165,0,0,2,0,2,122,37,8,0,167,0,0,0,167
02/03/2011,IND,IN,AGL,CE,Combined TRACON& Tower with Radar,340,92,63,0,495,0,0,12,2,14,340,92,75,2,509,0,0,0,509
02/04/2011,IND,IN,AGL,CE,Combined TRACON& Tower with Radar,309,113,50,2,474,0,0,7,0,7,309,113,57,2,481,0,0,0,481
02/05/2011,IND,IN,AGL,CE,Combined TRACON& Tower with Radar,176,95,23,0,294,0,0,0,0,0,176,95,23,0,294,0,0,0,294
02/06/2011,IND,IN,AGL,CE,Combined TRACON& Tower with Radar,199,90,12,1,302,0,0,2,0,2,199,90,14,1,304,0,0,0,304
02/07/2011,IND,IN,AGL,CE,Combined TRACON& Tower with Radar,218,106,55,5,384,0,0,0,0,0,218,106,55,5,384,0,0,0,384
02/08/2011,IND,IN,AGL,CE,Combined TRACON& Tower with Radar,351,111,61,2,525,0,1,5,2,8,351,112,66,4,533,0,0,0,533
02/09/2011,IND,IN,AGL,CE,Combined TRACON& Tower with Radar,332,109,59,4,504,0,1,12,1,14,332,110,71,5,518,0,0,0,518
02/10/2011,IND,IN,AGL,CE,Combined TRACON& Tower with Radar,353,121,57,5,536,0,1,21,1,23,353,122,78,6,559,0,0,0,559
02/11/2011,IND,IN,AGL,CE,Combined TRACON& Tower with Radar,321,104,32,3,460,0,0,4,0,4,321,104,36,3,464,0,0,0,464
02/12/2011,IND,IN,AGL,CE,Combined TRACON& Tower with Radar,178,87,15,1,281,0,0,9,0,9,178,87,24,1,290,0,0,0,290
02/13/2011,IND,IN,AGL,CE,Combined TRACON& Tower with Radar,197,93,19,1,310,0,0,4,0,4,197,93,23,1,314,0,0,0,314
02/14/2011,IND,IN,AGL,CE,Combined TRACON& Tower with Radar,217,108,42,3,370,0,2,8,0,10,217,110,50,3,380,0,0,0,380
02/15/2011,IND,IN,AGL,CE,Combined TRACON& Tower with Radar,345,112,50,4,511,0,0,13,1,14,345,112,63,5,525,0,0,0,525
02/16/2011,IND,IN,AGL,CE,Combined TRACON& Tower with Radar,343,111,49,2,505,0,0,21,0,21,343,111,70,2,526,0,0,0,526
02/17/2011,IND,IN,AGL,CE,Combined TRACON& Tower with Radar,325,140,57,8,530,0,0,7,0,7,325,140,64,8,537,0,0,0,537
02/18/2011,IND,IN,AGL,CE,Combined TRACON& Tower with Radar,307,127,47,7,488,0,0,10,1,11,307,127,57,8,499,0,0,0,499
02/19/2011,IND,IN,AGL,CE,Combined TRACON& Tower with Radar,180,82,28,1,291,0,1,12,0,13,180,83,40,1,304,0,0,0,304
02/20/2011,IND,IN,AGL,CE,Combined TRACON& Tower with Radar,164,96,21,2,283,0,0,2,0,2,164,96,23,2,285,0,0,0,285
02/21/2011,IND,IN,AGL,CE,Combined TRACON& Tower with Radar,206,111,31,0,348,0,0,0,0,0,206,111,31,0,348,0,0,0,348
02/22/2011,IND,IN,AGL,CE,Combined TRACON& Tower with Radar,340,128,52,2,522,0,0,2,0,2,340,128,54,2,524,0,0,0,524
02/23/2011,IND,IN,AGL,CE,Combined TRACON& Tower with Radar,339,129,65,6,539,0,0,9,1,10,339,129,74,7,549,0,0,0,549
02/24/2011,IND,IN,AGL,CE,Combined TRACON& Tower with Radar,335,132,54,0,521,1,0,1,0,2,336,132,55,0,523,0,0,0,523
02/25/2011,IND,IN,AGL,CE,Combined TRACON& Tower with Radar,314,114,54,0,482,0,0,2,0,2,314,114,56,0,484,0,0,0,484
02/26/2011,IND,IN,AGL,CE,Combined TRACON& Tower with Radar,198,87,27,2,314,0,0,0,0,0,198,87,27,2,314,0,0,0,314
02/27/2011,IND,IN,AGL,CE,Combined TRACON& Tower with Radar,187,112,25,2,326,0,0,1,0,1,187,112,26,2,327,0,0,0,327
02/28/2011,IND,IN,AGL,CE,Combined TRACON& Tower with Radar,205,127,50,0,382,0,0,1,0,1,205,127,51,0,383,0,0,0,383
03/01/2011,IND,IN,AGL,CE,Combined TRACON& Tower with Radar,346,126,57,4,533,0,0,5,0,5,346,126,62,4,538,0,0,0,538
03/02/2011,IND,IN,AGL,CE,Combined TRACON& Tower with Radar,332,149,41,0,522,0,3,8,0,11,332,152,49,0,533,0,0,0,533
03/03/2011,IND,IN,AGL,CE,Combined TRACON& Tower with Radar,338,134,42,2,516,0,0,17,0,17,338,134,59,2,533,0,0,0,533
03/04/2011,IND,IN,AGL,CE,Combined TRACON& Tower with Radar,302,127,39,0,468,0,0,4,0,4,302,127,43,0,472,0,0,0,472
03/05/2011,IND,IN,AGL,CE,Combined TRACON& Tower with Radar,190,92,10,1,293,0,0,0,0,0,190,92,10,1,293,0,0,0,293
03/06/2011,IND,IN,AGL,CE,Combined TRACON& Tower with Radar,199,109,8,1,317,0,0,0,0,0,199,109,8,1,317,0,0,0,317
03/07/2011,IND,IN,AGL,CE,Combined TRACON& Tower with Radar,223,122,59,6,410,0,0,11,0,11,223,122,70,6,421,0,0,0,421
03/08/2011,IND,IN,AGL,CE,Combined TRACON& Tower with Radar,350,125,67,6,548,0,0,15,0,15,350,125,82,6,563,0,0,0,563
03/09/2011,IND,IN,AGL,CE,Combined TRACON& Tower with Radar,344,132,62,2,540,0,0,0,0,0,344,132,62,2,540,0,0,0,540
03/10/2011,IND,IN,AGL,CE,Combined TRACON& Tower with Radar,340,137,67,3,547,0,0,6,0,6,340,137,73,3,553,0,0,0,553
03/11/2011,IND,IN,AGL,CE,Combined TRACON& Tower with Radar,310,120,43,5,478,0,0,15,1,16,310,120,58,6,494,0,0,0,494
03/12/2011,IND,IN,AGL,CE,Combined TRACON& Tower with Radar,201,113,36,1,351,0,2,8,0,10,201,115,44,1,361,0,0,0,361
03/13/2011,IND,IN,AGL,CE,Combined TRACON& Tower with Radar,224,111,25,6,366,0,0,2,1,3,224,111,27,7,369,0,0,0,369
03/14/2011,IND,IN,AGL,CE,Combined TRACON& Tower with Radar,235,113,34,6,388,0,1,7,0,8,235,114,41,6,396,0,0,0,396
03/15/2011,IND,IN,AGL,CE,Combined TRACON& Tower with Radar,352,121,59,4,536,0,0,0,0,0,352,121,59,4,536,0,0,0,536
03/16/2011,IND,IN,AGL,CE,Combined TRACON& Tower with Radar,349,128,65,2,544,0,0,7,2,9,349,128,72,4,553,0,0,0,553
03/17/2011,IND,IN,AGL,CE,Combined TRACON& Tower with Radar,342,141,41,1,525,0,2,17,1,20,342,143,58,2,545,0,0,0,545
03/18/2011,IND,IN,AGL,CE,Combined TRACON& Tower with Radar,325,123,32,4,484,0,0,2,0,2,325,123,34,4,486,0,0,0,486
03/19/2011,IND,IN,AGL,CE,Combined TRACON& Tower with Radar,200,98,18,0,316,1,0,12,0,13,201,98,30,0,329,0,0,0,329
03/20/2011,IND,IN,AGL,CE,Combined TRACON& Tower with Radar,231,110,16,0,357,0,1,5,0,6,231,111,21,0,363,0,0,0,363
03/21/2011,IND,IN,AGL,CE,Combined TRACON& Tower with Radar,231,126,26,4,387,0,0,15,0,15,231,126,41,4,402,0,0,0,402
03/22/2011,IND,IN,AGL,CE,Combined TRACON& Tower with Radar,356,128,62,5,551,0,7,11,0,18,356,135,73,5,569,0,0,0,569
03/23/2011,IND,IN,AGL,CE,Combined TRACON& Tower with Radar,340,114,41,0,495,0,0,10,0,10,340,114,51,0,505,0,0,0,505
03/24/2011,IND,IN,AGL,CE,Combined TRACON& Tower with Radar,366,129,61,2,558,0,0,13,0,13,366,129,74,2,571,0,0,0,571
03/25/2011,IND,IN,AGL,CE,Combined TRACON& Tower with Radar,319,127,55,7,508,0,0,11,1,12,319,127,66,8,520,0,0,0,520
03/26/2011,IND,IN,AGL,CE,Combined TRACON& Tower with Radar,197,99,23,0,319,0,0,12,0,12,197,99,35,0,331,0,0,0,331
03/27/2011,IND,IN,AGL,CE,Combined TRACON& Tower with Radar,220,116,24,0,360,0,0,10,0,10,220,116,34,0,370,0,0,0,370
03/28/2011,IND,IN,AGL,CE,Combined TRACON& Tower with Radar,233,123,37,5,398,0,1,16,0,17,233,124,53,5,415,0,0,0,415
03/29/2011,IND,IN,AGL,CE,Combined TRACON& Tower with Radar,356,117,43,2,518,0,0,24,4,28,356,117,67,6,546,0,0,0,546
03/30/2011,IND,IN,AGL,CE,Combined TRACON& Tower with Radar,343,122,47,2,514,0,0,6,0,6,343,122,53,2,520,0,0,0,520
03/31/2011,IND,IN,AGL,CE,Combined TRACON& Tower with Radar,362,120,33,0,515,0,0,5,0,5,362,120,38,0,520,0,0,0,520
04/01/2011,IND,IN,AGL,CE,Combined TRACON& Tower with Radar,324,118,39,0,481,0,0,6,0,6,324,118,45,0,487,0,0,0,487
04/02/2011,IND,IN,AGL,CE,Combined TRACON& Tower with Radar,216,97,24,3,340,0,0,5,0,5,216,97,29,3,345,0,0,0,345
04/03/2011,IND,IN,AGL,CE,Combined TRACON& Tower with Radar,199,130,28,0,357,0,0,2,0,2,199,130,30,0,359,0,0,0,359
04/04/2011,IND,IN,AGL,CE,Combined TRACON& Tower with Radar,241,138,27,0,406,0,0,0,0,0,241,138,27,0,406,0,0,0,406
04/05/2011,IND,IN,AGL,CE,Combined TRACON& Tower with Radar,341,136,56,12,545,0,0,14,0,14,341,136,70,12,559,0,0,0,559
04/06/2011,IND,IN,AGL,CE,Combined TRACON& Tower with Radar,348,134,58,4,544,0,1,7,3,11,348,135,65,7,555,0,0,0,555
04/07/2011,IND,IN,AGL,CE,Combined TRACON& Tower with Radar,363,142,31,4,540,0,2,10,0,12,363,144,41,4,552,0,0,0,552
04/08/2011,IND,IN,AGL,CE,Combined TRACON& Tower with Radar,294,127,42,5,468,0,0,1,0,1,294,127,43,5,469,0,0,0,469
04/09/2011,IND,IN,AGL,CE,Combined TRACON& Tower with Radar,189,107,30,1,327,0,0,5,0,5,189,107,35,1,332,0,0,0,332
04/10/2011,IND,IN,AGL,CE,Combined TRACON& Tower with Radar,196,139,32,2,369,0,0,6,0,6,196,139,38,2,375,0,0,0,375
04/11/2011,IND,IN,AGL,CE,Combined TRACON& Tower with Radar,214,118,32,0,364,0,2,5,0,7,214,120,37,0,371,0,0,0,371
04/12/2011,IND,IN,AGL,CE,Combined TRACON& Tower with Radar,331,136,54,4,525,0,5,18,2,25,331,141,72,6,550,0,0,0,550
04/13/2011,IND,IN,AGL,CE,Combined TRACON& Tower with Radar,330,126,52,2,510,1,6,15,2,24,331,132,67,4,534,0,0,0,534
04/14/2011,IND,IN,AGL,CE,Combined TRACON& Tower with Radar,334,135,48,4,521,0,0,9,2,11,334,135,57,6,532,0,0,0,532
04/15/2011,IND,IN,AGL,CE,Combined TRACON& Tower with Radar,301,129,39,4,473,0,0,1,0,1,301,129,40,4,474,0,0,0,474
04/16/2011,IND,IN,AGL,CE,Combined TRACON& Tower with Radar,191,108,11,0,310,0,0,0,0,0,191,108,11,0,310,0,0,0,310
04/17/2011,IND,IN,AGL,CE,Combined TRACON& Tower with Radar,187,122,20,0,329,0,0,4,0,4,187,122,24,0,333,0,0,0,333
04/18/2011,IND,IN,AGL,CE,Combined TRACON& Tower with Radar,217,129,32,1,379,0,6,12,0,18,217,135,44,1,397,0,0,0,397
04/19/2011,IND,IN,AGL,CE,Combined TRACON& Tower with Radar,312,118,41,1,472,0,0,0,0,0,312,118,41,1,472,0,0,0,472
04/20/2011,IND,IN,AGL,CE,Combined TRACON& Tower with Radar,360,133,73,2,568,0,0,1,0,1,360,133,74,2,569,0,0,0,569
04/21/2011,IND,IN,AGL,CE,Combined TRACON& Tower with Radar,341,131,45,8,525,0,0,8,0,8,341,131,53,8,533,0,0,0,533
04/22/2011,IND,IN,AGL,CE,Combined TRACON& Tower with Radar,301,111,18,3,433,0,1,0,0,1,301,112,18,3,434,0,0,0,434
04/23/2011,IND,IN,AGL,CE,Combined TRACON& Tower with Radar,192,110,14,1,317,0,0,2,0,2,192,110,16,1,319,0,0,0,319
04/24/2011,IND,IN,AGL,CE,Combined TRACON& Tower with Radar,188,114,7,0,309,0,0,0,0,0,188,114,7,0,309,0,0,0,309
04/25/2011,IND,IN,AGL,CE,Combined TRACON& Tower with Radar,214,126,37,0,377,0,0,0,0,0,214,126,37,0,377,0,0,0,377
04/26/2011,IND,IN,AGL,CE,Combined TRACON& Tower with Radar,336,129,30,4,499,0,0,2,1,3,336,129,32,5,502,0,0,0,502
04/27/2011,IND,IN,AGL,CE,Combined TRACON& Tower with Radar,342,121,40,1,504,0,0,1,0,1,342,121,41,1,505,0,0,0,505
04/28/2011,IND,IN,AGL,CE,Combined TRACON& Tower with Radar,335,137,43,4,519,0,0,4,0,4,335,137,47,4,523,0,0,0,523
04/29/2011,IND,IN,AGL,CE,Combined TRACON& Tower with Radar,313,128,49,8,498,0,0,12,2,14,313,128,61,10,512,0,0,0,512
04/30/2011,IND,IN,AGL,CE,Combined TRACON& Tower with Radar,178,99,16,4,297,0,1,8,0,9,178,100,24,4,306,0,0,0,306
05/01/2011,IND,IN,AGL,CE,Combined TRACON& Tower with Radar,192,118,19,2,331,0,0,0,0,0,192,118,19,2,331,0,0,0,331
05/02/2011,IND,IN,AGL,CE,Combined TRACON& Tower with Radar,213,129,48,1,391,0,0,0,0,0,213,129,48,1,391,0,0,0,391
05/03/2011,IND,IN,AGL,CE,Combined TRACON& Tower with Radar,341,132,67,7,547,0,0,3,6,9,341,132,70,13,556,0,0,0,556
05/04/2011,IND,IN,AGL,CE,Combined TRACON& Tower with Radar,335,132,81,6,554,0,1,11,2,14,335,133,92,8,568,0,0,0,568
05/05/2011,IND,IN,AGL,CE,Combined TRACON& Tower with Radar,357,140,68,2,567,0,0,10,0,10,357,140,78,2,577,0,0,0,577
05/06/2011,IND,IN,AGL,CE,Combined TRACON& Tower with Radar,306,133,28,2,469,0,0,6,0,6,306,133,34,2,475,0,0,0,475
05/07/2011,IND,IN,AGL,CE,Combined TRACON& Tower with Radar,190,84,19,2,295,0,1,2,1,4,190,85,21,3,299,0,0,0,299
05/08/2011,IND,IN,AGL,CE,Combined TRACON& Tower with Radar,187,120,17,0,324,0,0,1,1,2,187,120,18,1,326,0,0,0,326
05/09/2011,IND,IN,AGL,CE,Combined TRACON& Tower with Radar,223,133,49,1,406,0,2,12,4,18,223,135,61,5,424,0,0,0,424
05/10/2011,IND,IN,AGL,CE,Combined TRACON& Tower with Radar,348,131,63,2,544,0,1,6,2,9,348,132,69,4,553,0,0,0,553
05/11/2011,IND,IN,AGL,CE,Combined TRACON& Tower with Radar,355,130,62,19,566,0,0,7,2,9,355,130,69,21,575,0,0,0,575
05/12/2011,IND,IN,AGL,CE,Combined TRACON& Tower with Radar,344,151,67,9,571,0,0,12,8,20,344,151,79,17,591,0,0,0,591
05/13/2011,IND,IN,AGL,CE,Combined TRACON& Tower with Radar,293,138,58,5,494,0,2,8,4,14,293,140,66,9,508,0,0,0,508
05/14/2011,IND,IN,AGL,CE,Combined TRACON& Tower with Radar,188,82,23,2,295,0,1,3,6,10,188,83,26,8,305,0,0,0,305
05/15/2011,IND,IN,AGL,CE,Combined TRACON& Tower with Radar,177,118,29,9,333,0,0,0,0,0,177,118,29,9,333,0,0,0,333
05/16/2011,IND,IN,AGL,CE,Combined TRACON& Tower with Radar,213,133,49,4,399,0,0,2,1,3,213,133,51,5,402,0,0,0,402
05/17/2011,IND,IN,AGL,CE,Combined TRACON& Tower with Radar,327,125,65,4,521,0,2,3,0,5,327,127,68,4,526,0,0,0,526
05/18/2011,IND,IN,AGL,CE,Combined TRACON& Tower with Radar,320,141,70,2,533,0,1,1,0,2,320,142,71,2,535,0,0,0,535
05/19/2011,IND,IN,AGL,CE,Combined TRACON& Tower with Radar,334,143,78,0,555,0,15,14,0,29,334,158,92,0,584,0,0,0,584
05/20/2011,IND,IN,AGL,CE,Combined TRACON& Tower with Radar,301,130,66,6,503,0,0,14,7,21,301,130,80,13,524,0,0,0,524
05/21/2011,IND,IN,AGL,CE,Combined TRACON& Tower with Radar,190,92,42,3,327,0,1,6,2,9,190,93,48,5,336,0,0,0,336
05/22/2011,IND,IN,AGL,CE,Combined TRACON& Tower with Radar,186,111,42,0,339,0,1,0,6,7,186,112,42,6,346,0,0,0,346
05/23/2011,IND,IN,AGL,CE,Combined TRACON& Tower with Radar,195,123,43,6,367,0,0,7,5,12,195,123,50,11,379,0,0,0,379
05/24/2011,IND,IN,AGL,CE,Combined TRACON& Tower with Radar,326,144,55,6,531,0,1,10,0,11,326,145,65,6,542,0,0,0,542
05/25/2011,IND,IN,AGL,CE,Combined TRACON& Tower with Radar,309,127,59,0,495,0,0,3,0,3,309,127,62,0,498,0,0,0,498
05/26/2011,IND,IN,AGL,CE,Combined TRACON& Tower with Radar,345,139,59,5,548,0,0,4,0,4,345,139,63,5,552,0,0,0,552
05/27/2011,IND,IN,AGL,CE,Combined TRACON& Tower with Radar,325,151,75,2,553,0,1,5,1,7,325,152,80,3,560,0,0,0,560
05/28/2011,IND,IN,AGL,CE,Combined TRACON& Tower with Radar,192,94,57,5,348,0,1,10,1,12,192,95,67,6,360,0,0,0,360
05/29/2011,IND,IN,AGL,CE,Combined TRACON& Tower with Radar,202,130,141,4,477,0,3,47,2,52,202,133,188,6,529,0,0,0,529
05/30/2011,IND,IN,AGL,CE,Combined TRACON& Tower with Radar,215,146,45,2,408,0,0,3,1,4,215,146,48,3,412,0,0,0,412
05/31/2011,IND,IN,AGL,CE,Combined TRACON& Tower with Radar,217,128,44,3,392,0,0,11,1,12,217,128,55,4,404,0,0,0,404
06/01/2011,IND,IN,AGL,CE,Combined TRACON& Tower with Radar,331,144,52,12,539,0,1,17,1,19,331,145,69,13,558,0,0,0,558
06/02/2011,IND,IN,AGL,CE,Combined TRACON& Tower with Radar,343,137,56,4,540,0,7,11,2,20,343,144,67,6,560,0,0,0,560
06/03/2011,IND,IN,AGL,CE,Combined TRACON& Tower with Radar,305,120,42,6,473,0,1,10,1,12,305,121,52,7,485,0,0,0,485
06/04/2011,IND,IN,AGL,CE,Combined TRACON& Tower with Radar,188,80,28,4,300,0,0,1,0,1,188,80,29,4,301,0,0,0,301
06/05/2011,IND,IN,AGL,CE,Combined TRACON& Tower with Radar,198,124,19,12,353,0,2,7,0,9,198,126,26,12,362,0,0,0,362
06/06/2011,IND,IN,AGL,CE,Combined TRACON& Tower with Radar,208,130,37,1,376,0,1,7,0,8,208,131,44,1,384,0,0,0,384
06/07/2011,IND,IN,AGL,CE,Combined TRACON& Tower with Radar,335,130,29,5,499,0,1,15,0,16,335,131,44,5,515,0,0,0,515
06/08/2011,IND,IN,AGL,CE,Combined TRACON& Tower with Radar,331,131,54,4,520,0,0,14,2,16,331,131,68,6,536,0,0,0,536
06/09/2011,IND,IN,AGL,CE,Combined TRACON& Tower with Radar,343,133,51,11,538,0,1,11,0,12,343,134,62,11,550,0,0,0,550
06/10/2011,IND,IN,AGL,CE,Combined TRACON& Tower with Radar,316,142,55,9,522,0,1,8,0,9,316,143,63,9,531,0,0,0,531
06/11/2011,IND,IN,AGL,CE,Combined TRACON& Tower with Radar,199,99,12,1,311,0,1,0,0,1,199,100,12,1,312,0,0,0,312
06/12/2011,IND,IN,AGL,CE,Combined TRACON& Tower with Radar,196,105,26,3,330,0,1,9,0,10,196,106,35,3,340,0,0,0,340
06/13/2011,IND,IN,AGL,CE,Combined TRACON& Tower with Radar,224,121,36,3,384,0,0,14,0,14,224,121,50,3,398,0,0,0,398
06/14/2011,IND,IN,AGL,CE,Combined TRACON& Tower with Radar,339,140,62,0,541,0,0,11,0,11,339,140,73,0,552,0,0,0,552
06/15/2011,IND,IN,AGL,CE,Combined TRACON& Tower with Radar,333,135,46,0,514,0,0,2,0,2,333,135,48,0,516,0,0,0,516
06/16/2011,IND,IN,AGL,CE,Combined TRACON& Tower with Radar,334,136,58,2,530,0,1,9,1,11,334,137,67,3,541,0,0,0,541
06/17/2011,IND,IN,AGL,CE,Combined TRACON& Tower with Radar,307,136,29,11,483,0,2,11,1,14,307,138,40,12,497,0,0,0,497
06/18/2011,IND,IN,AGL,CE,Combined TRACON& Tower with Radar,194,100,8,1,303,0,1,2,2,5,194,101,10,3,308,0,0,0,308
06/19/2011,IND,IN,AGL,CE,Combined TRACON& Tower with Radar,215,108,18,0,341,0,0,3,0,3,215,108,21,0,344,0,0,0,344
06/20/2011,IND,IN,AGL,CE,Combined TRACON& Tower with Radar,222,128,43,2,395,0,0,8,0,8,222,128,51,2,403,0,0,0,403
06/21/2011,IND,IN,AGL,CE,Combined TRACON& Tower with Radar,326,138,48,2,514,0,0,10,3,13,326,138,58,5,527,0,0,0,527
06/22/2011,IND,IN,AGL,CE,Combined TRACON& Tower with Radar,357,131,55,4,547,0,0,20,0,20,357,131,75,4,567,0,0,0,567
06/23/2011,IND,IN,AGL,CE,Combined TRACON& Tower with Radar,333,130,59,5,527,0,0,4,0,4,333,130,63,5,531,0,0,0,531
06/24/2011,IND,IN,AGL,CE,Combined TRACON& Tower with Radar,309,119,46,7,481,0,2,6,0,8,309,121,52,7,489,0,0,0,489
06/25/2011,IND,IN,AGL,CE,Combined TRACON& Tower with Radar,197,105,11,4,317,0,0,3,0,3,197,105,14,4,320,0,0,0,320
06/26/2011,IND,IN,AGL,CE,Combined TRACON& Tower with Radar,201,106,32,7,346,0,1,3,0,4,201,107,35,7,350,0,0,0,350
06/27/2011,IND,IN,AGL,CE,Combined TRACON& Tower with Radar,223,120,57,3,403,0,0,2,0,2,223,120,59,3,405,0,0,0,405
06/28/2011,IND,IN,AGL,CE,Combined TRACON& Tower with Radar,336,128,56,2,522,0,0,14,0,14,336,128,70,2,536,0,0,0,536
06/29/2011,IND,IN,AGL,CE,Combined TRACON& Tower with Radar,347,140,63,4,554,0,1,18,0,19,347,141,81,4,573,0,0,0,573
06/30/2011,IND,IN,AGL,CE,Combined TRACON& Tower with Radar,340,129,50,6,525,0,0,13,0,13,340,129,63,6,538,0,0,0,538
07/01/2011,IND,IN,AGL,CE,Combined TRACON& Tower with Radar,323,113,24,2,462,0,1,2,0,3,323,114,26,2,465,0,0,0,465
07/02/2011,IND,IN,AGL,CE,Combined TRACON& Tower with Radar,190,91,9,0,290,0,1,6,0,7,190,92,15,0,297,0,0,0,297
07/03/2011,IND,IN,AGL,CE,Combined TRACON& Tower with Radar,176,69,0,0,245,0,0,11,0,11,176,69,11,0,256,0,0,0,256
07/04/2011,IND,IN,AGL,CE,Combined TRACON& Tower with Radar,183,101,5,0,289,0,2,3,0,5,183,103,8,0,294,0,0,0,294
07/05/2011,IND,IN,AGL,CE,Combined TRACON& Tower with Radar,224,128,41,0,393,0,4,6,0,10,224,132,47,0,403,0,0,0,403
07/06/2011,IND,IN,AGL,CE,Combined TRACON& Tower with Radar,340,129,68,3,540,0,3,10,0,13,340,132,78,3,553,0,0,0,553
07/07/2011,IND,IN,AGL,CE,Combined TRACON& Tower with Radar,347,129,56,0,532,0,1,6,0,7,347,130,62,0,539,0,0,0,539
07/08/2011,IND,IN,AGL,CE,Combined TRACON& Tower with Radar,302,117,42,3,464,0,1,5,0,6,302,118,47,3,470,0,0,0,470
07/09/2011,IND,IN,AGL,CE,Combined TRACON& Tower with Radar,196,104,12,1,313,0,1,0,0,1,196,105,12,1,314,0,0,0,314
07/10/2011,IND,IN,AGL,CE,Combined TRACON& Tower with Radar,205,106,23,4,338,0,0,2,0,2,205,106,25,4,340,0,0,0,340
07/11/2011,IND,IN,AGL,CE,Combined TRACON& Tower with Radar,242,124,37,0,403,0,0,17,0,17,242,124,54,0,420,0,0,0,420
07/12/2011,IND,IN,AGL,CE,Combined TRACON& Tower with Radar,338,140,51,2,531,0,1,11,2,14,338,141,62,4,545,0,0,0,545
07/13/2011,IND,IN,AGL,CE,Combined TRACON& Tower with Radar,341,139,66,0,546,0,0,9,2,11,341,139,75,2,557,0,0,0,557
07/14/2011,IND,IN,AGL,CE,Combined TRACON& Tower with Radar,339,139,41,8,527,0,1,6,0,7,339,140,47,8,534,0,0,0,534
07/15/2011,IND,IN,AGL,CE,Combined TRACON& Tower with Radar,314,125,37,14,490,0,1,9,0,10,314,126,46,14,500,0,0,0,500
07/16/2011,IND,IN,AGL,CE,Combined TRACON& Tower with Radar,198,91,18,0,307,0,2,10,0,12,198,93,28,0,319,0,0,0,319
07/17/2011,IND,IN,AGL,CE,Combined TRACON& Tower with Radar,202,101,18,1,322,0,1,10,0,11,202,102,28,1,333,0,0,0,333
07/18/2011,IND,IN,AGL,CE,Combined TRACON& Tower with Radar,230,123,40,3,396,0,0,10,3,13,230,123,50,6,409,0,0,0,409
07/19/2011,IND,IN,AGL,CE,Combined TRACON& Tower with Radar,342,124,41,5,512,0,0,6,1,7,342,124,47,6,519,0,0,0,519
07/20/2011,IND,IN,AGL,CE,Combined TRACON& Tower with Radar,362,134,39,3,538,0,0,10,1,11,362,134,49,4,549,0,0,0,549
07/21/2011,IND,IN,AGL,CE,Combined TRACON& Tower with Radar,345,129,49,8,531,0,0,8,0,8,345,129,57,8,539,0,0,0,539
07/22/2011,IND,IN,AGL,CE,Combined TRACON& Tower with Radar,314,117,36,3,470,0,0,1,0,1,314,117,37,3,471,0,0,0,471
07/23/2011,IND,IN,AGL,CE,Combined TRACON& Tower with Radar,208,96,17,0,321,0,2,9,0,11,208,98,26,0,332,0,0,0,332
07/24/2011,IND,IN,AGL,CE,Combined TRACON& Tower with Radar,201,97,18,1,317,0,1,10,0,11,201,98,28,1,328,0,0,0,328
07/25/2011,IND,IN,AGL,CE,Combined TRACON& Tower with Radar,217,110,30,2,359,0,0,4,0,4,217,110,34,2,363,0,0,0,363
07/26/2011,IND,IN,AGL,CE,Combined TRACON& Tower with Radar,340,138,43,6,527,0,1,10,1,12,340,139,53,7,539,0,0,0,539
07/27/2011,IND,IN,AGL,CE,Combined TRACON& Tower with Radar,347,128,58,0,533,0,0,17,0,17,347,128,75,0,550,0,0,0,550
07/28/2011,IND,IN,AGL,CE,Combined TRACON& Tower with Radar,358,136,89,6,589,0,0,9,2,11,358,136,98,8,600,0,0,0,600
07/29/2011,IND,IN,AGL,CE,Combined TRACON& Tower with Radar,320,132,61,12,525,0,0,7,0,7,320,132,68,12,532,0,0,0,532
07/30/2011,IND,IN,AGL,CE,Combined TRACON& Tower with Radar,202,103,36,11,352,0,0,6,2,8,202,103,42,13,360,0,0,0,360
07/31/2011,IND,IN,AGL,CE,Combined TRACON& Tower with Radar,201,114,120,1,436,0,0,16,4,20,201,114,136,5,456,0,0,0,456
08/01/2011,IND,IN,AGL,CE,Combined TRACON& Tower with Radar,223,117,37,15,392,0,3,12,1,16,223,120,49,16,408,0,0,0,408
08/02/2011,IND,IN,AGL,CE,Combined TRACON& Tower with Radar,358,123,50,7,538,0,1,6,0,7,358,124,56,7,545,0,0,0,545
08/03/2011,IND,IN,AGL,CE,Combined TRACON& Tower with Radar,357,126,46,3,532,0,0,6,0,6,357,126,52,3,538,0,0,0,538
08/04/2011,IND,IN,AGL,CE,Combined TRACON& Tower with Radar,340,128,44,6,518,0,0,10,0,10,340,128,54,6,528,0,0,0,528
08/05/2011,IND,IN,AGL,CE,Combined TRACON& Tower with Radar,311,126,13,0,450,0,2,5,0,7,311,128,18,0,457,0,0,0,457
08/06/2011,IND,IN,AGL,CE,Combined TRACON& Tower with Radar,192,99,11,2,304,0,0,4,0,4,192,99,15,2,308,0,0,0,308
08/07/2011,IND,IN,AGL,CE,Combined TRACON& Tower with Radar,204,97,21,5,327,0,0,2,0,2,204,97,23,5,329,0,0,0,329
08/08/2011,IND,IN,AGL,CE,Combined TRACON& Tower with Radar,215,120,35,6,376,0,0,8,0,8,215,120,43,6,384,0,0,0,384
08/09/2011,IND,IN,AGL,CE,Combined TRACON& Tower with Radar,340,128,41,0,509,0,1,2,1,4,340,129,43,1,513,0,0,0,513
08/10/2011,IND,IN,AGL,CE,Combined TRACON& Tower with Radar,348,127,58,5,538,0,1,9,0,10,348,128,67,5,548,0,0,0,548
08/11/2011,IND,IN,AGL,CE,Combined TRACON& Tower with Radar,351,134,54,2,541,0,0,11,0,11,351,134,65,2,552,0,0,0,552
08/12/2011,IND,IN,AGL,CE,Combined TRACON& Tower with Radar,321,124,30,2,477,0,0,10,0,10,321,124,40,2,487,0,0,0,487
08/13/2011,IND,IN,AGL,CE,Combined TRACON& Tower with Radar,207,98,11,9,325,0,0,8,1,9,207,98,19,10,334,0,0,0,334
08/14/2011,IND,IN,AGL,CE,Combined TRACON& Tower with Radar,190,96,21,3,310,0,0,6,0,6,190,96,27,3,316,0,0,0,316
08/15/2011,IND,IN,AGL,CE,Combined TRACON& Tower with Radar,216,119,50,4,389,0,0,2,0,2,216,119,52,4,391,0,0,0,391
08/16/2011,IND,IN,AGL,CE,Combined TRACON& Tower with Radar,331,123,49,7,510,0,0,27,6,33,331,123,76,13,543,0,0,0,543
08/17/2011,IND,IN,AGL,CE,Combined TRACON& Tower with Radar,348,139,63,6,556,0,8,10,1,19,348,147,73,7,575,0,0,0,575
08/18/2011,IND,IN,AGL,CE,Combined TRACON& Tower with Radar,344,128,46,10,528,0,0,14,0,14,344,128,60,10,542,0,0,0,542
08/19/2011,IND,IN,AGL,CE,Combined TRACON& Tower with Radar,305,116,40,9,470,0,0,5,0,5,305,116,45,9,475,0,0,0,475
08/20/2011,IND,IN,AGL,CE,Combined TRACON& Tower with Radar,192,80,19,2,293,0,0,0,0,0,192,80,19,2,293,0,0,0,293
08/21/2011,IND,IN,AGL,CE,Combined TRACON& Tower with Radar,166,98,15,5,284,0,0,10,1,11,166,98,25,6,295,0,0,0,295
08/22/2011,IND,IN,AGL,CE,Combined TRACON& Tower with Radar,226,132,45,6,409,0,0,4,2,6,226,132,49,8,415,0,0,0,415
08/23/2011,IND,IN,AGL,CE,Combined TRACON& Tower with Radar,343,129,49,6,527,0,4,9,0,13,343,133,58,6,540,0,0,0,540
08/24/2011,IND,IN,AGL,CE,Combined TRACON& Tower with Radar,318,118,47,9,492,0,10,5,0,15,318,128,52,9,507,0,0,0,507
08/25/2011,IND,IN,AGL,CE,Combined TRACON& Tower with Radar,355,138,51,4,548,0,6,13,0,19,355,144,64,4,567,0,0,0,567
08/26/2011,IND,IN,AGL,CE,Combined TRACON& Tower with Radar,317,122,48,10,497,0,0,8,0,8,317,122,56,10,505,0,0,0,505
08/27/2011,IND,IN,AGL,CE,Combined TRACON& Tower with Radar,180,73,27,3,283,0,0,5,0,5,180,73,32,3,288,0,0,0,288
08/28/2011,IND,IN,AGL,CE,Combined TRACON& Tower with Radar,141,81,30,3,255,0,1,12,2,15,141,82,42,5,270,0,0,0,270
08/29/2011,IND,IN,AGL,CE,Combined TRACON& Tower with Radar,240,123,45,10,418,0,2,9,0,11,240,125,54,10,429,0,0,0,429
08/30/2011,IND,IN,AGL,CE,Combined TRACON& Tower with Radar,335,135,40,8,518,0,1,10,3,14,335,136,50,11,532,0,0,0,532
08/31/2011,IND,IN,AGL,CE,Combined TRACON& Tower with Radar,316,127,56,9,508,0,3,8,0,11,316,130,64,9,519,0,0,0,519
09/01/2011,IND,IN,AGL,CE,Combined TRACON& Tower with Radar,322,129,50,1,502,0,1,8,0,9,322,130,58,1,511,0,0,0,511
09/02/2011,IND,IN,AGL,CE,Combined TRACON& Tower with Radar,283,130,25,4,442,0,0,13,1,14,283,130,38,5,456,0,0,0,456
09/03/2011,IND,IN,AGL,CE,Combined TRACON& Tower with Radar,183,74,11,2,270,0,0,4,1,5,183,74,15,3,275,0,0,0,275
09/04/2011,IND,IN,AGL,CE,Combined TRACON& Tower with Radar,146,72,11,0,229,0,1,6,0,7,146,73,17,0,236,0,0,0,236
09/05/2011,IND,IN,AGL,CE,Combined TRACON& Tower with Radar,177,121,23,0,321,0,1,12,1,14,177,122,35,1,335,0,0,0,335
09/06/2011,IND,IN,AGL,CE,Combined TRACON& Tower with Radar,202,126,50,0,378,0,2,9,0,11,202,128,59,0,389,0,0,0,389
09/07/2011,IND,IN,AGL,CE,Combined TRACON& Tower with Radar,319,114,66,5,504,0,3,4,0,7,319,117,70,5,511,0,0,0,511
09/08/2011,IND,IN,AGL,CE,Combined TRACON& Tower with Radar,323,127,86,2,538,0,0,2,0,2,323,127,88,2,540,0,0,0,540
09/09/2011,IND,IN,AGL,CE,Combined TRACON& Tower with Radar,306,116,61,6,489,0,2,4,0,6,306,118,65,6,495,0,0,0,495
09/10/2011,IND,IN,AGL,CE,Combined TRACON& Tower with Radar,200,72,21,2,295,0,1,1,0,2,200,73,22,2,297,0,0,0,297
09/11/2011,IND,IN,AGL,CE,Combined TRACON& Tower with Radar,188,92,30,2,312,0,0,1,0,1,188,92,31,2,313,0,0,0,313
09/12/2011,IND,IN,AGL,CE,Combined TRACON& Tower with Radar,214,114,50,4,382,0,0,5,0,5,214,114,55,4,387,0,0,0,387
09/13/2011,IND,IN,AGL,CE,Combined TRACON& Tower with Radar,322,117,67,0,506,0,0,8,0,8,322,117,75,0,514,0,0,0,514
09/14/2011,IND,IN,AGL,CE,Combined TRACON& Tower with Radar,309,120,67,2,498,0,0,4,0,4,309,120,71,2,502,0,0,0,502
09/15/2011,IND,IN,AGL,CE,Combined TRACON& Tower with Radar,329,117,60,3,509,0,0,15,0,15,329,117,75,3,524,0,0,0,524
09/16/2011,IND,IN,AGL,CE,Combined TRACON& Tower with Radar,302,130,42,5,479,0,2,6,0,8,302,132,48,5,487,0,0,0,487
09/17/2011,IND,IN,AGL,CE,Combined TRACON& Tower with Radar,195,72,20,1,288,0,2,86,0,88,195,74,106,1,376,0,0,0,376
09/18/2011,IND,IN,AGL,CE,Combined TRACON& Tower with Radar,187,97,23,0,307,0,0,1,0,1,187,97,24,0,308,0,0,0,308
09/19/2011,IND,IN,AGL,CE,Combined TRACON& Tower with Radar,208,118,44,3,373,0,0,0,0,0,208,118,44,3,373,0,0,0,373
09/20/2011,IND,IN,AGL,CE,Combined TRACON& Tower with Radar,327,123,59,6,515,0,0,13,0,13,327,123,72,6,528,0,0,0,528
09/21/2011,IND,IN,AGL,CE,Combined TRACON& Tower with Radar,321,122,67,3,513,0,0,12,2,14,321,122,79,5,527,0,0,0,527
09/22/2011,IND,IN,AGL,CE,Combined TRACON& Tower with Radar,321,128,60,4,513,0,1,14,0,15,321,129,74,4,528,0,0,0,528
09/23/2011,IND,IN,AGL,CE,Combined TRACON& Tower with Radar,304,123,42,0,469,0,1,10,0,11,304,124,52,0,480,0,0,0,480
09/24/2011,IND,IN,AGL,CE,Combined TRACON& Tower with Radar,193,75,16,5,289,0,1,2,0,3,193,76,18,5,292,0,0,0,292
09/25/2011,IND,IN,AGL,CE,Combined TRACON& Tower with Radar,186,99,40,4,329,0,0,5,0,5,186,99,45,4,334,0,0,0,334
09/26/2011,IND,IN,AGL,CE,Combined TRACON& Tower with Radar,210,125,48,4,387,0,0,4,0,4,210,125,52,4,391,0,0,0,391
09/27/2011,IND,IN,AGL,CE,Combined TRACON& Tower with Radar,318,124,66,3,511,0,1,1,0,2,318,125,67,3,513,0,0,0,513
09/28/2011,IND,IN,AGL,CE,Combined TRACON& Tower with Radar,321,117,55,2,495,0,2,8,0,10,321,119,63,2,505,0,0,0,505
09/29/2011,IND,IN,AGL,CE,Combined TRACON& Tower with Radar,325,123,47,4,499,0,0,2,0,2,325,123,49,4,501,0,0,0,501
09/30/2011,IND,IN,AGL,CE,Combined TRACON& Tower with Radar,299,112,43,2,456,0,0,1,0,1,299,112,44,2,457,0,0,0,457
10/01/2011,IND,IN,AGL,CE,Combined TRACON& Tower with Radar,183,69,14,0,266,0,1,4,0,5,183,70,18,0,271,0,0,0,271
10/02/2011,IND,IN,AGL,CE,Combined TRACON& Tower with Radar,187,84,16,0,287,0,0,11,0,11,187,84,27,0,298,0,0,0,298
10/03/2011,IND,IN,AGL,CE,Combined TRACON& Tower with Radar,216,117,33,0,366,0,0,5,0,5,216,117,38,0,371,0,0,0,371
10/04/2011,IND,IN,AGL,CE,Combined TRACON& Tower with Radar,342,106,52,1,501,0,1,23,0,24,342,107,75,1,525,0,0,0,525
10/05/2011,IND,IN,AGL,CE,Combined TRACON& Tower with Radar,343,95,51,0,489,0,1,10,0,11,343,96,61,0,500,0,0,0,500
10/06/2011,IND,IN,AGL,CE,Combined TRACON& Tower with Radar,317,119,48,1,485,0,1,13,1,15,317,120,61,2,500,0,0,0,500
10/07/2011,IND,IN,AGL,CE,Combined TRACON& Tower with Radar,314,127,44,4,489,0,2,8,0,10,314,129,52,4,499,0,0,0,499
10/08/2011,IND,IN,AGL,CE,Combined TRACON& Tower with Radar,190,65,15,2,272,0,2,5,0,7,190,67,20,2,279,0,0,0,279
10/09/2011,IND,IN,AGL,CE,Combined TRACON& Tower with Radar,192,88,26,0,306,0,0,10,0,10,192,88,36,0,316,0,0,0,316
10/10/2011,IND,IN,AGL,CE,Combined TRACON& Tower with Radar,217,116,38,0,371,0,1,6,0,7,217,117,44,0,378,0,0,0,378
10/11/2011,IND,IN,AGL,CE,Combined TRACON& Tower with Radar,331,106,39,0,476,0,0,5,0,5,331,106,44,0,481,0,0,0,481
10/12/2011,IND,IN,AGL,CE,Combined TRACON& Tower with Radar,336,121,62,0,519,0,0,10,0,10,336,121,72,0,529,0,0,0,529
10/13/2011,IND,IN,AGL,CE,Combined TRACON& Tower with Radar,334,125,40,0,499,0,0,0,0,0,334,125,40,0,499,0,0,0,499
10/14/2011,IND,IN,AGL,CE,Combined TRACON& Tower with Radar,315,118,41,4,478,0,1,16,0,17,315,119,57,4,495,0,0,0,495
10/15/2011,IND,IN,AGL,CE,Combined TRACON& Tower with Radar,193,69,8,0,270,0,0,7,0,7,193,69,15,0,277,0,0,0,277
10/16/2011,IND,IN,AGL,CE,Combined TRACON& Tower with Radar,194,101,24,0,319,0,1,8,2,11,194,102,32,2,330,0,0,0,330
10/17/2011,IND,IN,AGL,CE,Combined TRACON& Tower with Radar,215,118,39,1,373,0,0,8,0,8,215,118,47,1,381,0,0,0,381
10/18/2011,IND,IN,AGL,CE,Combined TRACON& Tower with Radar,334,102,43,0,479,0,0,1,0,1,334,102,44,0,480,0,0,0,480
10/19/2011,IND,IN,AGL,CE,Combined TRACON& Tower with Radar,338,105,68,0,511,0,0,2,0,2,338,105,70,0,513,0,0,0,513
10/20/2011,IND,IN,AGL,CE,Combined TRACON& Tower with Radar,343,114,72,0,529,0,0,0,0,0,343,114,72,0,529,0,0,0,529
10/21/2011,IND,IN,AGL,CE,Combined TRACON& Tower with Radar,317,117,43,3,480,0,0,12,3,15,317,117,55,6,495,0,0,0,495
10/22/2011,IND,IN,AGL,CE,Combined TRACON& Tower with Radar,195,66,23,0,284,0,1,20,0,21,195,67,43,0,305,0,0,0,305
10/23/2011,IND,IN,AGL,CE,Combined TRACON& Tower with Radar,200,92,39,5,336,0,0,6,1,7,200,92,45,6,343,0,0,0,343
10/24/2011,IND,IN,AGL,CE,Combined TRACON& Tower with Radar,224,113,63,3,403,0,2,17,1,20,224,115,80,4,423,0,0,0,423
10/25/2011,IND,IN,AGL,CE,Combined TRACON& Tower with Radar,328,113,62,1,504,0,0,8,0,8,328,113,70,1,512,0,0,0,512
10/26/2011,IND,IN,AGL,CE,Combined TRACON& Tower with Radar,329,109,79,4,521,0,1,6,0,7,329,110,85,4,528,0,0,0,528
10/27/2011,IND,IN,AGL,CE,Combined TRACON& Tower with Radar,344,130,52,4,530,0,1,2,0,3,344,131,54,4,533,0,0,0,533
10/28/2011,IND,IN,AGL,CE,Combined TRACON& Tower with Radar,314,124,45,4,487,0,7,6,2,15,314,131,51,6,502,0,0,0,502
10/29/2011,IND,IN,AGL,CE,Combined TRACON& Tower with Radar,191,56,17,2,266,0,1,5,0,6,191,57,22,2,272,0,0,0,272
10/30/2011,IND,IN,AGL,CE,Combined TRACON& Tower with Radar,199,87,21,3,310,0,2,2,0,4,199,89,23,3,314,0,0,0,314
10/31/2011,IND,IN,AGL,CE,Combined TRACON& Tower with Radar,209,115,45,2,371,0,2,14,0,16,209,117,59,2,387,0,0,0,387
11/01/2011,IND,IN,AGL,CE,Combined TRACON& Tower with Radar,334,106,47,4,491,0,0,6,0,6,334,106,53,4,497,0,0,0,497
11/02/2011,IND,IN,AGL,CE,Combined TRACON& Tower with Radar,336,115,52,1,504,0,1,6,2,9,336,116,58,3,513,0,0,0,513
11/03/2011,IND,IN,AGL,CE,Combined TRACON& Tower with Radar,327,119,47,1,494,0,0,0,0,0,327,119,47,1,494,0,0,0,494
11/04/2011,IND,IN,AGL,CE,Combined TRACON& Tower with Radar,315,111,44,3,473,0,2,13,0,15,315,113,57,3,488,0,0,0,488
11/05/2011,IND,IN,AGL,CE,Combined TRACON& Tower with Radar,190,80,24,2,296,0,0,5,0,5,190,80,29,2,301,0,0,0,301
11/06/2011,IND,IN,AGL,CE,Combined TRACON& Tower with Radar,187,91,31,2,311,0,1,5,0,6,187,92,36,2,317,0,0,0,317
11/07/2011,IND,IN,AGL,CE,Combined TRACON& Tower with Radar,199,111,45,0,355,0,0,7,0,7,199,111,52,0,362,0,0,0,362
11/08/2011,IND,IN,AGL,CE,Combined TRACON& Tower with Radar,325,115,58,3,501,0,0,5,0,5,325,115,63,3,506,0,0,0,506
11/09/2011,IND,IN,AGL,CE,Combined TRACON& Tower with Radar,328,127,53,0,508,0,0,2,0,2,328,127,55,0,510,0,0,0,510
11/10/2011,IND,IN,AGL,CE,Combined TRACON& Tower with Radar,330,114,57,1,502,0,1,9,2,12,330,115,66,3,514,0,0,0,514
11/11/2011,IND,IN,AGL,CE,Combined TRACON& Tower with Radar,298,124,32,1,455,0,0,8,0,8,298,124,40,1,463,0,0,0,463
11/12/2011,IND,IN,AGL,CE,Combined TRACON& Tower with Radar,192,70,21,0,283,0,0,7,0,7,192,70,28,0,290,0,0,0,290
11/13/2011,IND,IN,AGL,CE,Combined TRACON& Tower with Radar,198,86,23,2,309,0,0,1,0,1,198,86,24,2,310,0,0,0,310
11/14/2011,IND,IN,AGL,CE,Combined TRACON& Tower with Radar,212,110,49,0,371,0,0,4,0,4,212,110,53,0,375,0,0,0,375
11/15/2011,IND,IN,AGL,CE,Combined TRACON& Tower with Radar,325,106,38,2,471,0,0,7,0,7,325,106,45,2,478,0,0,0,478
11/16/2011,IND,IN,AGL,CE,Combined TRACON& Tower with Radar,330,122,87,5,544,0,1,1,0,2,330,123,88,5,546,0,0,0,546
11/17/2011,IND,IN,AGL,CE,Combined TRACON& Tower with Radar,342,131,63,5,541,0,2,8,0,10,342,133,71,5,551,0,0,0,551
11/18/2011,IND,IN,AGL,CE,Combined TRACON& Tower with Radar,305,124,30,6,465,0,10,8,0,18,305,134,38,6,483,0,0,0,483
11/19/2011,IND,IN,AGL,CE,Combined TRACON& Tower with Radar,208,79,11,2,300,0,0,1,0,1,208,79,12,2,301,0,0,0,301
11/20/2011,IND,IN,AGL,CE,Combined TRACON& Tower with Radar,188,87,15,3,293,0,0,3,0,3,188,87,18,3,296,0,0,0,296
11/21/2011,IND,IN,AGL,CE,Combined TRACON& Tower with Radar,207,106,48,4,365,0,0,0,0,0,207,106,48,4,365,0,0,0,365
11/22/2011,IND,IN,AGL,CE,Combined TRACON& Tower with Radar,337,114,40,2,493,0,0,0,0,0,337,114,40,2,493,0,0,0,493
11/23/2011,IND,IN,AGL,CE,Combined TRACON& Tower with Radar,358,128,41,2,529,0,0,4,0,4,358,128,45,2,533,0,0,0,533
11/24/2011,IND,IN,AGL,CE,Combined TRACON& Tower with Radar,177,62,1,0,240,0,0,1,0,1,177,62,2,0,241,0,0,0,241
11/25/2011,IND,IN,AGL,CE,Combined TRACON& Tower with Radar,201,67,19,3,290,0,0,7,0,7,201,67,26,3,297,0,0,0,297
11/26/2011,IND,IN,AGL,CE,Combined TRACON& Tower with Radar,213,84,10,2,309,1,2,2,0,5,214,86,12,2,314,0,0,0,314
11/27/2011,IND,IN,AGL,CE,Combined TRACON& Tower with Radar,223,113,32,0,368,0,0,0,0,0,223,113,32,0,368,0,0,0,368
11/28/2011,IND,IN,AGL,CE,Combined TRACON& Tower with Radar,230,108,40,3,381,0,0,3,0,3,230,108,43,3,384,0,0,0,384
11/29/2011,IND,IN,AGL,CE,Combined TRACON& Tower with Radar,332,106,68,1,507,0,0,0,0,0,332,106,68,1,507,0,0,0,507
11/30/2011,IND,IN,AGL,CE,Combined TRACON& Tower with Radar,343,108,38,3,492,0,4,10,1,15,343,112,48,4,507,0,0,0,507
12/01/2011,IND,IN,AGL,CE,Combined TRACON& Tower with Radar,344,113,49,2,508,0,23,13,1,37,344,136,62,3,545,0,0,0,545
12/02/2011,IND,IN,AGL,CE,Combined TRACON& Tower with Radar,304,123,63,3,493,0,1,5,2,8,304,124,68,5,501,0,0,0,501
12/03/2011,IND,IN,AGL,CE,Combined TRACON& Tower with Radar,196,70,57,0,323,0,0,9,2,11,196,70,66,2,334,0,0,0,334
12/04/2011,IND,IN,AGL,CE,Combined TRACON& Tower with Radar,192,103,53,2,350,0,0,0,0,0,192,103,53,2,350,0,0,0,350
12/05/2011,IND,IN,AGL,CE,Combined TRACON& Tower with Radar,200,106,54,0,360,0,0,0,0,0,200,106,54,0,360,0,0,0,360
12/06/2011,IND,IN,AGL,CE,Combined TRACON& Tower with Radar,354,99,51,7,511,0,0,2,0,2,354,99,53,7,513,0,0,0,513
12/07/2011,IND,IN,AGL,CE,Combined TRACON& Tower with Radar,351,110,46,2,509,0,0,9,0,9,351,110,55,2,518,0,0,0,518
12/08/2011,IND,IN,AGL,CE,Combined TRACON& Tower with Radar,360,109,73,7,549,0,0,12,4,16,360,109,85,11,565,0,0,0,565
12/09/2011,IND,IN,AGL,CE,Combined TRACON& Tower with Radar,350,113,45,7,515,0,0,1,6,7,350,113,46,13,522,0,0,0,522
12/10/2011,IND,IN,AGL,CE,Combined TRACON& Tower with Radar,206,69,25,2,302,0,0,3,0,3,206,69,28,2,305,0,0,0,305
12/11/2011,IND,IN,AGL,CE,Combined TRACON& Tower with Radar,199,95,34,2,330,0,1,13,4,18,199,96,47,6,348,0,0,0,348
12/12/2011,IND,IN,AGL,CE,Combined TRACON& Tower with Radar,204,102,58,7,371,0,1,13,1,15,204,103,71,8,386,0,0,0,386
12/13/2011,IND,IN,AGL,CE,Combined TRACON& Tower with Radar,355,102,46,8,511,0,0,3,0,3,355,102,49,8,514,0,0,0,514
12/14/2011,IND,IN,AGL,CE,Combined TRACON& Tower with Radar,359,117,62,3,541,0,0,0,0,0,359,117,62,3,541,0,0,0,541
12/15/2011,IND,IN,AGL,CE,Combined TRACON& Tower with Radar,369,120,60,1,550,0,0,1,0,1,369,120,61,1,551,0,0,0,551
12/16/2011,IND,IN,AGL,CE,Combined TRACON& Tower with Radar,369,116,54,0,539,0,0,5,0,5,369,116,59,0,544,0,0,0,544
12/17/2011,IND,IN,AGL,CE,Combined TRACON& Tower with Radar,315,80,23,0,418,0,0,3,0,3,315,80,26,0,421,0,0,0,421
12/18/2011,IND,IN,AGL,CE,Combined TRACON& Tower with Radar,233,86,16,1,336,0,1,11,0,12,233,87,27,1,348,0,0,0,348
12/19/2011,IND,IN,AGL,CE,Combined TRACON& Tower with Radar,214,101,49,5,369,0,0,0,0,0,214,101,49,5,369,0,0,0,369
12/20/2011,IND,IN,AGL,CE,Combined TRACON& Tower with Radar,364,119,34,4,521,0,0,0,0,0,364,119,34,4,521,0,0,0,521
12/21/2011,IND,IN,AGL,CE,Combined TRACON& Tower with Radar,389,110,35,6,540,0,0,0,0,0,389,110,35,6,540,0,0,0,540
12/22/2011,IND,IN,AGL,CE,Combined TRACON& Tower with Radar,392,115,31,4,542,0,1,3,0,4,392,116,34,4,546,0,0,0,546
12/23/2011,IND,IN,AGL,CE,Combined TRACON& Tower with Radar,396,113,28,0,537,0,2,5,0,7,396,115,33,0,544,0,0,0,544
12/24/2011,IND,IN,AGL,CE,Combined TRACON& Tower with Radar,291,69,6,0,366,0,0,7,0,7,291,69,13,0,373,0,0,0,373
12/25/2011,IND,IN,AGL,CE,Combined TRACON& Tower with Radar,149,71,9,0,229,0,1,3,0,4,149,72,12,0,233,0,0,0,233
12/26/2011,IND,IN,AGL,CE,Combined TRACON& Tower with Radar,189,101,21,0,311,0,1,4,0,5,189,102,25,0,316,0,0,0,316
12/27/2011,IND,IN,AGL,CE,Combined TRACON& Tower with Radar,212,108,14,1,335,0,0,0,0,0,212,108,14,1,335,0,0,0,335
12/28/2011,IND,IN,AGL,CE,Combined TRACON& Tower with Radar,356,105,17,0,478,0,1,15,1,17,356,106,32,1,495,0,0,0,495
12/29/2011,IND,IN,AGL,CE,Combined TRACON& Tower with Radar,336,108,20,0,464,0,0,4,2,6,336,108,24,2,470,0,0,0,470
12/30/2011,IND,IN,AGL,CE,Combined TRACON& Tower with Radar,307,109,6,0,422,0,0,2,0,2,307,109,8,0,424,0,0,0,424
12/31/2011,IND,IN,AGL,CE,Combined TRACON& Tower with Radar,181,74,10,0,265,0,0,0,0,0,181,74,10,0,265,0,0,0,265
01/01/2012,IND,IN,AGL,CE,Combined TRACON& Tower with Radar,158,71,10,0,239,0,0,4,0,4,158,71,14,0,243,0,0,0,243
01/02/2012,IND,IN,AGL,CE,Combined TRACON& Tower with Radar,197,94,23,3,317,0,4,0,0,4,197,98,23,3,321,0,0,0,321
01/03/2012,IND,IN,AGL,CE,Combined TRACON& Tower with Radar,220,86,24,2,332,0,1,6,2,9,220,87,30,4,341,0,0,0,341
01/04/2012,IND,IN,AGL,CE,Combined TRACON& Tower with Radar,331,111,30,2,474,0,0,6,0,6,331,111,36,2,480,0,0,0,480
01/05/2012,IND,IN,AGL,CE,Combined TRACON& Tower with Radar,328,106,31,2,467,0,1,10,0,11,328,107,41,2,478,0,0,0,478
01/06/2012,IND,IN,AGL,CE,Combined TRACON& Tower with Radar,298,106,46,2,452,0,1,13,0,14,298,107,59,2,466,0,0,0,466
01/07/2012,IND,IN,AGL,CE,Combined TRACON& Tower with Radar,188,66,11,2,267,0,1,11,0,12,188,67,22,2,279,0,0,0,279
01/08/2012,IND,IN,AGL,CE,Combined TRACON& Tower with Radar,192,86,12,2,292,0,0,8,0,8,192,86,20,2,300,0,0,0,300
01/09/2012,IND,IN,AGL,CE,Combined TRACON& Tower with Radar,200,106,33,4,343,0,0,17,2,19,200,106,50,6,362,0,0,0,362
01/10/2012,IND,IN,AGL,CE,Combined TRACON& Tower with Radar,315,111,37,13,476,0,0,4,1,5,315,111,41,14,481,0,0,0,481
01/11/2012,IND,IN,AGL,CE,Combined TRACON& Tower with Radar,321,121,51,2,495,0,0,1,0,1,321,121,52,2,496,0,0,0,496
01/12/2012,IND,IN,AGL,CE,Combined TRACON& Tower with Radar,317,115,56,2,490,0,0,0,0,0,317,115,56,2,490,0,0,0,490
01/13/2012,IND,IN,AGL,CE,Combined TRACON& Tower with Radar,303,109,64,0,476,0,0,0,0,0,303,109,64,0,476,0,0,0,476
01/14/2012,IND,IN,AGL,CE,Combined TRACON& Tower with Radar,177,71,30,2,280,0,0,9,0,9,177,71,39,2,289,0,0,0,289
01/15/2012,IND,IN,AGL,CE,Combined TRACON& Tower with Radar,176,73,20,0,269,0,0,4,0,4,176,73,24,0,273,0,0,0,273
01/16/2012,IND,IN,AGL,CE,Combined TRACON& Tower with Radar,192,97,39,1,329,0,0,2,0,2,192,97,41,1,331,0,0,0,331
01/17/2012,IND,IN,AGL,CE,Combined TRACON& Tower with Radar,314,105,63,2,484,0,0,1,0,1,314,105,64,2,485,0,0,0,485
01/18/2012,IND,IN,AGL,CE,Combined TRACON& Tower with Radar,321,104,55,5,485,0,0,6,1,7,321,104,61,6,492,0,0,0,492
01/19/2012,IND,IN,AGL,CE,Combined TRACON& Tower with Radar,320,116,66,2,504,0,1,1,0,2,320,117,67,2,506,0,0,0,506
01/20/2012,IND,IN,AGL,CE,Combined TRACON& Tower with Radar,289,93,36,4,422,0,4,6,0,10,289,97,42,4,432,0,0,0,432
01/21/2012,IND,IN,AGL,CE,Combined TRACON& Tower with Radar,170,74,28,2,274,0,1,4,0,5,170,75,32,2,279,0,0,0,279
01/22/2012,IND,IN,AGL,CE,Combined TRACON& Tower with Radar,191,79,19,6,295,0,0,1,0,1,191,79,20,6,296,0,0,0,296
01/23/2012,IND,IN,AGL,CE,Combined TRACON& Tower with Radar,192,100,45,2,339,0,0,1,0,1,192,100,46,2,340,0,0,0,340
01/24/2012,IND,IN,AGL,CE,Combined TRACON& Tower with Radar,323,103,48,0,474,0,3,4,0,7,323,106,52,0,481,0,0,0,481
01/25/2012,IND,IN,AGL,CE,Combined TRACON& Tower with Radar,319,117,46,2,484,0,1,5,0,6,319,118,51,2,490,0,0,0,490
01/26/2012,IND,IN,AGL,CE,Combined TRACON& Tower with Radar,329,117,71,2,519,0,0,0,0,0,329,117,71,2,519,0,0,0,519
01/27/2012,IND,IN,AGL,CE,Combined TRACON& Tower with Radar,305,112,31,0,448,0,5,1,1,7,305,117,32,1,455,0,0,0,455
01/28/2012,IND,IN,AGL,CE,Combined TRACON& Tower with Radar,169,71,16,0,256,0,0,3,0,3,169,71,19,0,259,0,0,0,259
01/29/2012,IND,IN,AGL,CE,Combined TRACON& Tower with Radar,194,85,26,2,307,0,0,0,0,0,194,85,26,2,307,0,0,0,307
01/30/2012,IND,IN,AGL,CE,Combined TRACON& Tower with Radar,209,116,31,0,356,0,0,6,2,8,209,116,37,2,364,0,0,0,364
01/31/2012,IND,IN,AGL,CE,Combined TRACON& Tower with Radar,328,101,48,2,479,0,0,10,1,11,328,101,58,3,490,0,0,0,490
02/01/2012,IND,IN,AGL,CE,Combined TRACON& Tower with Radar,329,123,36,6,494,0,0,0,2,2,329,123,36,8,496,0,0,0,496
02/02/2012,IND,IN,AGL,CE,Combined TRACON& Tower with Radar,354,147,88,8,597,0,0,5,1,6,354,147,93,9,603,0,0,0,603
02/03/2012,IND,IN,AGL,CE,Combined TRACON& Tower with Radar,329,193,156,4,682,0,2,4,1,7,329,195,160,5,689,0,0,0,689
02/04/2012,IND,IN,AGL,CE,Combined TRACON& Tower with Radar,194,178,143,0,515,0,0,0,0,0,194,178,143,0,515,0,0,0,515
02/05/2012,IND,IN,AGL,CE,Combined TRACON& Tower with Radar,210,286,236,4,736,0,1,2,0,3,210,287,238,4,739,0,0,0,739
02/06/2012,IND,IN,AGL,CE,Combined TRACON& Tower with Radar,323,406,347,0,1076,0,0,6,0,6,323,406,353,0,1082,0,0,0,1082
02/07/2012,IND,IN,AGL,CE,Combined TRACON& Tower with Radar,324,115,40,2,481,0,0,3,0,3,324,115,43,2,484,0,0,0,484
02/08/2012,IND,IN,AGL,CE,Combined TRACON& Tower with Radar,321,113,35,6,475,0,0,1,0,1,321,113,36,6,476,0,0,0,476
02/09/2012,IND,IN,AGL,CE,Combined TRACON& Tower with Radar,334,108,38,0,480,0,0,12,0,12,334,108,50,0,492,0,0,0,492
02/10/2012,IND,IN,AGL,CE,Combined TRACON& Tower with Radar,305,106,43,2,456,0,0,0,0,0,305,106,43,2,456,0,0,0,456
02/11/2012,IND,IN,AGL,CE,Combined TRACON& Tower with Radar,182,75,10,1,268,0,3,1,2,6,182,78,11,3,274,0,0,0,274
02/12/2012,IND,IN,AGL,CE,Combined TRACON& Tower with Radar,185,81,19,3,288,0,0,3,0,3,185,81,22,3,291,0,0,0,291
02/13/2012,IND,IN,AGL,CE,Combined TRACON& Tower with Radar,205,96,45,2,348,0,2,7,0,9,205,98,52,2,357,0,0,0,357
02/14/2012,IND,IN,AGL,CE,Combined TRACON& Tower with Radar,339,99,47,4,489,0,0,2,0,2,339,99,49,4,491,0,0,0,491
02/15/2012,IND,IN,AGL,CE,Combined TRACON& Tower with Radar,330,119,46,2,497,0,0,0,0,0,330,119,46,2,497,0,0,0,497
02/16/2012,IND,IN,AGL,CE,Combined TRACON& Tower with Radar,335,112,60,3,510,0,1,1,0,2,335,113,61,3,512,0,0,0,512
02/17/2012,IND,IN,AGL,CE,Combined TRACON& Tower with Radar,300,116,56,23,495,0,9,10,1,20,300,125,66,24,515,0,0,0,515
02/18/2012,IND,IN,AGL,CE,Combined TRACON& Tower with Radar,179,76,17,7,279,0,0,4,1,5,179,76,21,8,284,0,0,0,284
02/19/2012,IND,IN,AGL,CE,Combined TRACON& Tower with Radar,177,79,22,3,281,0,1,7,0,8,177,80,29,3,289,0,0,0,289
02/20/2012,IND,IN,AGL,CE,Combined TRACON& Tower with Radar,205,108,47,2,362,0,1,16,0,17,205,109,63,2,379,0,0,0,379
02/21/2012,IND,IN,AGL,CE,Combined TRACON& Tower with Radar,336,121,57,3,517,0,0,3,0,3,336,121,60,3,520,0,0,0,520
02/22/2012,IND,IN,AGL,CE,Combined TRACON& Tower with Radar,326,121,73,7,527,0,1,4,0,5,326,122,77,7,532,0,0,0,532
02/23/2012,IND,IN,AGL,CE,Combined TRACON& Tower with Radar,340,122,52,2,516,0,0,0,2,2,340,122,52,4,518,0,0,0,518
02/24/2012,IND,IN,AGL,CE,Combined TRACON& Tower with Radar,292,107,58,1,458,0,0,2,0,2,292,107,60,1,460,0,0,0,460
02/25/2012,IND,IN,AGL,CE,Combined TRACON& Tower with Radar,197,90,24,0,311,0,2,4,0,6,197,92,28,0,317,0,0,0,317
02/26/2012,IND,IN,AGL,CE,Combined TRACON& Tower with Radar,196,87,24,1,308,0,0,5,0,5,196,87,29,1,313,0,0,0,313
02/27/2012,IND,IN,AGL,CE,Combined TRACON& Tower with Radar,227,120,54,5,406,0,0,19,0,19,227,120,73,5,425,0,0,0,425
02/28/2012,IND,IN,AGL,CE,Combined TRACON& Tower with Radar,331,109,58,5,503,0,1,11,0,12,331,110,69,5,515,0,0,0,515
02/29/2012,IND,IN,AGL,CE,Combined TRACON& Tower with Radar,326,124,52,0,502,0,1,6,0,7,326,125,58,0,509,0,0,0,509
03/01/2012,IND,IN,AGL,CE,Combined TRACON& Tower with Radar,332,131,46,3,512,0,0,16,0,16,332,131,62,3,528,0,0,0,528
03/02/2012,IND,IN,AGL,CE,Combined TRACON& Tower with Radar,304,101,29,2,436,0,0,1,0,1,304,101,30,2,437,0,0,0,437
03/03/2012,IND,IN,AGL,CE,Combined TRACON& Tower with Radar,213,79,7,4,303,0,0,4,0,4,213,79,11,4,307,0,0,0,307
03/04/2012,IND,IN,AGL,CE,Combined TRACON& Tower with Radar,203,100,12,3,318,0,1,2,1,4,203,101,14,4,322,0,0,0,322
03/05/2012,IND,IN,AGL,CE,Combined TRACON& Tower with Radar,220,118,49,5,392,0,1,11,2,14,220,119,60,7,406,0,0,0,406
03/06/2012,IND,IN,AGL,CE,Combined TRACON& Tower with Radar,338,118,52,9,517,0,0,18,0,18,338,118,70,9,535,0,0,0,535
03/07/2012,IND,IN,AGL,CE,Combined TRACON& Tower with Radar,349,119,62,5,535,0,1,12,0,13,349,120,74,5,548,0,0,0,548
03/08/2012,IND,IN,AGL,CE,Combined TRACON& Tower with Radar,346,121,46,4,517,0,0,3,0,3,346,121,49,4,520,0,0,0,520
03/09/2012,IND,IN,AGL,CE,Combined TRACON& Tower with Radar,316,121,48,7,492,0,1,11,0,12,316,122,59,7,504,0,0,0,504
03/10/2012,IND,IN,AGL,CE,Combined TRACON& Tower with Radar,222,83,34,1,340,0,1,9,1,11,222,84,43,2,351,0,0,0,351
03/11/2012,IND,IN,AGL,CE,Combined TRACON& Tower with Radar,208,108,22,0,338,0,2,9,0,11,208,110,31,0,349,0,0,0,349
03/12/2012,IND,IN,AGL,CE,Combined TRACON& Tower with Radar,232,107,40,2,381,0,0,6,0,6,232,107,46,2,387,0,0,0,387
03/13/2012,IND,IN,AGL,CE,Combined TRACON& Tower with Radar,344,119,57,4,524,0,3,12,3,18,344,122,69,7,542,0,0,0,542
03/14/2012,IND,IN,AGL,CE,Combined TRACON& Tower with Radar,363,109,56,4,532,0,1,18,2,21,363,110,74,6,553,0,0,0,553
03/15/2012,IND,IN,AGL,CE,Combined TRACON& Tower with Radar,357,122,61,2,542,0,0,4,3,7,357,122,65,5,549,0,0,0,549
03/16/2012,IND,IN,AGL,CE,Combined TRACON& Tower with Radar,315,127,41,6,489,0,0,18,0,18,315,127,59,6,507,0,0,0,507
03/17/2012,IND,IN,AGL,CE,Combined TRACON& Tower with Radar,223,74,28,0,325,0,0,10,0,10,223,74,38,0,335,0,0,0,335
03/18/2012,IND,IN,AGL,CE,Combined TRACON& Tower with Radar,206,96,7,2,311,0,3,7,0,10,206,99,14,2,321,0,0,0,321
03/19/2012,IND,IN,AGL,CE,Combined TRACON& Tower with Radar,223,114,47,2,386,0,0,14,3,17,223,114,61,5,403,0,0,0,403
03/20/2012,IND,IN,AGL,CE,Combined TRACON& Tower with Radar,350,126,35,12,523,0,1,12,1,14,350,127,47,13,537,0,0,0,537
03/21/2012,IND,IN,AGL,CE,Combined TRACON& Tower with Radar,355,111,38,2,506,0,1,16,1,18,355,112,54,3,524,0,0,0,524
03/22/2012,IND,IN,AGL,CE,Combined TRACON& Tower with Radar,358,121,44,5,528,0,0,9,4,13,358,121,53,9,541,0,0,0,541
03/23/2012,IND,IN,AGL,CE,Combined TRACON& Tower with Radar,315,112,32,1,460,0,0,0,0,0,315,112,32,1,460,0,0,0,460
03/24/2012,IND,IN,AGL,CE,Combined TRACON& Tower with Radar,224,92,10,2,328,0,1,4,0,5,224,93,14,2,333,0,0,0,333
03/25/2012,IND,IN,AGL,CE,Combined TRACON& Tower with Radar,204,105,15,2,326,0,0,6,0,6,204,105,21,2,332,0,0,0,332
03/26/2012,IND,IN,AGL,CE,Combined TRACON& Tower with Radar,232,117,40,12,401,0,0,4,2,6,232,117,44,14,407,0,0,0,407
03/27/2012,IND,IN,AGL,CE,Combined TRACON& Tower with Radar,342,123,50,4,519,0,0,9,2,11,342,123,59,6,530,0,0,0,530
03/28/2012,IND,IN,AGL,CE,Combined TRACON& Tower with Radar,357,120,27,2,506,0,0,6,0,6,357,120,33,2,512,0,0,0,512
03/29/2012,IND,IN,AGL,CE,Combined TRACON& Tower with Radar,341,128,55,2,526,0,2,11,0,13,341,130,66,2,539,0,0,0,539
03/30/2012,IND,IN,AGL,CE,Combined TRACON& Tower with Radar,306,109,35,6,456,0,0,0,0,0,306,109,35,6,456,0,0,0,456
03/31/2012,IND,IN,AGL,CE,Combined TRACON& Tower with Radar,221,80,11,2,314,0,0,3,0,3,221,80,14,2,317,0,0,0,317
04/01/2012,IND,IN,AGL,CE,Combined TRACON& Tower with Radar,205,91,24,0,320,0,0,5,2,7,205,91,29,2,327,0,0,0,327
04/02/2012,IND,IN,AGL,CE,Combined TRACON& Tower with Radar,235,112,34,0,381,0,0,7,0,7,235,112,41,0,388,0,0,0,388
04/03/2012,IND,IN,AGL,CE,Combined TRACON& Tower with Radar,341,111,35,6,493,0,1,10,2,13,341,112,45,8,506,0,0,0,506
04/04/2012,IND,IN,AGL,CE,Combined TRACON& Tower with Radar,353,115,35,5,508,0,0,4,4,8,353,115,39,9,516,0,0,0,516
04/05/2012,IND,IN,AGL,CE,Combined TRACON& Tower with Radar,353,119,39,6,517,0,2,6,0,8,353,121,45,6,525,0,0,0,525
04/06/2012,IND,IN,AGL,CE,Combined TRACON& Tower with Radar,310,118,19,2,449,0,0,5,2,7,310,118,24,4,456,0,0,0,456
04/07/2012,IND,IN,AGL,CE,Combined TRACON& Tower with Radar,217,74,29,0,320,0,0,7,0,7,217,74,36,0,327,0,0,0,327
04/08/2012,IND,IN,AGL,CE,Combined TRACON& Tower with Radar,200,86,22,0,308,0,0,3,1,4,200,86,25,1,312,0,0,0,312
04/09/2012,IND,IN,AGL,CE,Combined TRACON& Tower with Radar,236,115,47,4,402,0,0,3,0,3,236,115,50,4,405,0,0,0,405
04/10/2012,IND,IN,AGL,CE,Combined TRACON& Tower with Radar,363,123,39,8,533,0,0,2,2,4,363,123,41,10,537,0,0,0,537
04/11/2012,IND,IN,AGL,CE,Combined TRACON& Tower with Radar,366,107,63,7,543,0,0,5,3,8,366,107,68,10,551,0,0,0,551
04/12/2012,IND,IN,AGL,CE,Combined TRACON& Tower with Radar,358,134,72,7,571,0,2,8,0,10,358,136,80,7,581,0,0,0,581
04/13/2012,IND,IN,AGL,CE,Combined TRACON& Tower with Radar,306,108,45,5,464,0,1,3,1,5,306,109,48,6,469,0,0,0,469
04/14/2012,IND,IN,AGL,CE,Combined TRACON& Tower with Radar,203,64,22,0,289,0,0,1,0,1,203,64,23,0,290,0,0,0,290
04/15/2012,IND,IN,AGL,CE,Combined TRACON& Tower with Radar,212,93,18,5,328,0,0,1,2,3,212,93,19,7,331,0,0,0,331
04/16/2012,IND,IN,AGL,CE,Combined TRACON& Tower with Radar,233,119,47,2,401,0,0,6,0,6,233,119,53,2,407,0,0,0,407
04/17/2012,IND,IN,AGL,CE,Combined TRACON& Tower with Radar,339,116,58,4,517,0,0,6,0,6,339,116,64,4,523,0,0,0,523
04/18/2012,IND,IN,AGL,CE,Combined TRACON& Tower with Radar,347,125,62,2,536,0,2,12,2,16,347,127,74,4,552,0,0,0,552
04/19/2012,IND,IN,AGL,CE,Combined TRACON& Tower with Radar,353,123,44,7,527,0,1,4,2,7,353,124,48,9,534,0,0,0,534
04/20/2012,IND,IN,AGL,CE,Combined TRACON& Tower with Radar,311,113,52,5,481,0,1,1,0,2,311,114,53,5,483,0,0,0,483
04/21/2012,IND,IN,AGL,CE,Combined TRACON& Tower with Radar,208,58,16,0,282,0,0,5,0,5,208,58,21,0,287,0,0,0,287
04/22/2012,IND,IN,AGL,CE,Combined TRACON& Tower with Radar,212,93,31,0,336,0,2,0,0,2,212,95,31,0,338,0,0,0,338
04/23/2012,IND,IN,AGL,CE,Combined TRACON& Tower with Radar,228,118,64,13,423,0,0,5,2,7,228,118,69,15,430,0,0,0,430
04/24/2012,IND,IN,AGL,CE,Combined TRACON& Tower with Radar,336,117,54,1,508,0,0,9,2,11,336,117,63,3,519,0,0,0,519
04/25/2012,IND,IN,AGL,CE,Combined TRACON& Tower with Radar,345,120,86,2,553,0,0,1,0,1,345,120,87,2,554,0,0,0,554
04/26/2012,IND,IN,AGL,CE,Combined TRACON& Tower with Radar,339,117,56,2,514,0,0,9,0,9,339,117,65,2,523,0,0,0,523
04/27/2012,IND,IN,AGL,CE,Combined TRACON& Tower with Radar,312,118,29,14,473,0,1,8,4,13,312,119,37,18,486,0,0,0,486
04/28/2012,IND,IN,AGL,CE,Combined TRACON& Tower with Radar,215,60,16,3,294,0,0,0,0,0,215,60,16,3,294,0,0,0,294
04/29/2012,IND,IN,AGL,CE,Combined TRACON& Tower with Radar,210,89,13,0,312,0,0,0,0,0,210,89,13,0,312,0,0,0,312
04/30/2012,IND,IN,AGL,CE,Combined TRACON& Tower with Radar,225,106,33,5,369,0,0,3,0,3,225,106,36,5,372,0,0,0,372
05/01/2012,IND,IN,AGL,CE,Combined TRACON& Tower with Radar,354,118,48,3,523,0,0,0,0,0,354,118,48,3,523,0,0,0,523
05/02/2012,IND,IN,AGL,CE,Combined TRACON& Tower with Radar,330,124,45,5,504,0,3,10,4,17,330,127,55,9,521,0,0,0,521
05/03/2012,IND,IN,AGL,CE,Combined TRACON& Tower with Radar,353,126,50,1,530,0,0,5,2,7,353,126,55,3,537,0,0,0,537
05/04/2012,IND,IN,AGL,CE,Combined TRACON& Tower with Radar,313,105,36,3,457,0,0,3,0,3,313,105,39,3,460,0,0,0,460
05/05/2012,IND,IN,AGL,CE,Combined TRACON& Tower with Radar,201,76,20,0,297,0,0,0,4,4,201,76,20,4,301,0,0,0,301
05/06/2012,IND,IN,AGL,CE,Combined TRACON& Tower with Radar,238,111,18,2,369,0,1,10,1,12,238,112,28,3,381,0,0,0,381
05/07/2012,IND,IN,AGL,CE,Combined TRACON& Tower with Radar,229,123,50,4,406,0,0,1,0,1,229,123,51,4,407,0,0,0,407
05/08/2012,IND,IN,AGL,CE,Combined TRACON& Tower with Radar,351,116,50,3,520,0,0,2,0,2,351,116,52,3,522,0,0,0,522
05/09/2012,IND,IN,AGL,CE,Combined TRACON& Tower with Radar,333,113,41,7,494,0,4,6,5,15,333,117,47,12,509,0,0,0,509
05/10/2012,IND,IN,AGL,CE,Combined TRACON& Tower with Radar,354,114,46,8,522,0,1,9,0,10,354,115,55,8,532,0,0,0,532
05/11/2012,IND,IN,AGL,CE,Combined TRACON& Tower with Radar,313,110,42,10,475,0,1,12,1,14,313,111,54,11,489,0,0,0,489
05/12/2012,IND,IN,AGL,CE,Combined TRACON& Tower with Radar,202,71,20,1,294,0,2,5,1,8,202,73,25,2,302,0,0,0,302
05/13/2012,IND,IN,AGL,CE,Combined TRACON& Tower with Radar,206,89,14,0,309,0,2,3,2,7,206,91,17,2,316,0,0,0,316
05/14/2012,IND,IN,AGL,CE,Combined TRACON& Tower with Radar,225,98,55,2,380,0,0,7,0,7,225,98,62,2,387,0,0,0,387
05/15/2012,IND,IN,AGL,CE,Combined TRACON& Tower with Radar,346,125,55,4,530,0,0,8,5,13,346,125,63,9,543,0,0,0,543
05/16/2012,IND,IN,AGL,CE,Combined TRACON& Tower with Radar,350,118,64,4,536,0,0,4,3,7,350,118,68,7,543,0,0,0,543
05/17/2012,IND,IN,AGL,CE,Combined TRACON& Tower with Radar,349,130,54,7,540,0,1,4,2,7,349,131,58,9,547,0,0,0,547
05/18/2012,IND,IN,AGL,CE,Combined TRACON& Tower with Radar,318,119,42,0,479,0,2,8,2,12,318,121,50,2,491,0,0,0,491
05/19/2012,IND,IN,AGL,CE,Combined TRACON& Tower with Radar,195,81,25,3,304,0,1,6,10,17,195,82,31,13,321,0,0,0,321
05/20/2012,IND,IN,AGL,CE,Combined TRACON& Tower with Radar,202,107,32,5,346,0,0,4,4,8,202,107,36,9,354,0,0,0,354
05/21/2012,IND,IN,AGL,CE,Combined TRACON& Tower with Radar,222,109,51,9,391,0,0,5,5,10,222,109,56,14,401,0,0,0,401
05/22/2012,IND,IN,AGL,CE,Combined TRACON& Tower with Radar,338,119,50,1,508,0,1,7,4,12,338,120,57,5,520,0,0,0,520
05/23/2012,IND,IN,AGL,CE,Combined TRACON& Tower with Radar,347,115,51,7,520,0,4,5,2,11,347,119,56,9,531,0,0,0,531
05/24/2012,IND,IN,AGL,CE,Combined TRACON& Tower with Radar,349,124,50,6,529,0,3,8,0,11,349,127,58,6,540,0,0,0,540
05/25/2012,IND,IN,AGL,CE,Combined TRACON& Tower with Radar,328,132,69,1,530,0,1,9,2,12,328,133,78,3,542,0,0,0,542
05/26/2012,IND,IN,AGL,CE,Combined TRACON& Tower with Radar,191,82,36,1,310,0,0,11,4,15,191,82,47,5,325,0,0,0,325
05/27/2012,IND,IN,AGL,CE,Combined TRACON& Tower with Radar,184,102,112,0,398,0,0,27,3,30,184,102,139,3,428,0,0,0,428
05/28/2012,IND,IN,AGL,CE,Combined TRACON& Tower with Radar,215,110,51,0,376,0,0,5,0,5,215,110,56,0,381,0,0,0,381
05/29/2012,IND,IN,AGL,CE,Combined TRACON& Tower with Radar,217,108,46,0,371,0,4,7,2,13,217,112,53,2,384,0,0,0,384
05/30/2012,IND,IN,AGL,CE,Combined TRACON& Tower with Radar,348,117,42,2,509,0,6,9,2,17,348,123,51,4,526,0,0,0,526
05/31/2012,IND,IN,AGL,CE,Combined TRACON& Tower with Radar,338,123,39,0,500,1,3,0,2,6,339,126,39,2,506,0,0,0,506
06/01/2012,IND,IN,AGL,CE,Combined TRACON& Tower with Radar,305,109,47,3,464,0,0,2,3,5,305,109,49,6,469,0,0,0,469
06/02/2012,IND,IN,AGL,CE,Combined TRACON& Tower with Radar,193,73,13,4,283,0,0,4,5,9,193,73,17,9,292,0,0,0,292
06/03/2012,IND,IN,AGL,CE,Combined TRACON& Tower with Radar,208,95,16,2,321,0,0,4,4,8,208,95,20,6,329,0,0,0,329
06/04/2012,IND,IN,AGL,CE,Combined TRACON& Tower with Radar,237,103,40,6,386,0,0,9,0,9,237,103,49,6,395,0,0,0,395
06/05/2012,IND,IN,AGL,CE,Combined TRACON& Tower with Radar,339,124,39,2,504,0,0,9,2,11,339,124,48,4,515,0,0,0,515
06/06/2012,IND,IN,AGL,CE,Combined TRACON& Tower with Radar,333,121,36,2,492,0,0,12,0,12,333,121,48,2,504,0,0,0,504
06/07/2012,IND,IN,AGL,CE,Combined TRACON& Tower with Radar,338,117,47,4,506,0,0,14,5,19,338,117,61,9,525,0,0,0,525
06/08/2012,IND,IN,AGL,CE,Combined TRACON& Tower with Radar,314,117,32,4,467,0,0,6,5,11,314,117,38,9,478,0,0,0,478
06/09/2012,IND,IN,AGL,CE,Combined TRACON& Tower with Radar,219,72,20,2,313,0,0,4,0,4,219,72,24,2,317,0,0,0,317
06/10/2012,IND,IN,AGL,CE,Combined TRACON& Tower with Radar,218,89,33,0,340,0,0,5,0,5,218,89,38,0,345,0,0,0,345
06/11/2012,IND,IN,AGL,CE,Combined TRACON& Tower with Radar,254,116,33,4,407,0,0,1,1,2,254,116,34,5,409,0,0,0,409
06/12/2012,IND,IN,AGL,CE,Combined TRACON& Tower with Radar,335,114,48,6,503,0,0,5,1,6,335,114,53,7,509,0,0,0,509
06/13/2012,IND,IN,AGL,CE,Combined TRACON& Tower with Radar,349,119,50,7,525,0,0,10,0,10,349,119,60,7,535,0,0,0,535
06/14/2012,IND,IN,AGL,CE,Combined TRACON& Tower with Radar,349,110,47,4,510,0,1,11,1,13,349,111,58,5,523,0,0,0,523
06/15/2012,IND,IN,AGL,CE,Combined TRACON& Tower with Radar,321,103,40,5,469,0,0,7,0,7,321,103,47,5,476,0,0,0,476
06/16/2012,IND,IN,AGL,CE,Combined TRACON& Tower with Radar,223,81,11,3,318,0,0,3,3,6,223,81,14,6,324,0,0,0,324
06/17/2012,IND,IN,AGL,CE,Combined TRACON& Tower with Radar,216,100,19,0,335,0,1,1,2,4,216,101,20,2,339,0,0,0,339
06/18/2012,IND,IN,AGL,CE,Combined TRACON& Tower with Radar,230,106,34,0,370,0,0,11,4,15,230,106,45,4,385,0,0,0,385
06/19/2012,IND,IN,AGL,CE,Combined TRACON& Tower with Radar,355,122,65,2,544,0,1,10,0,11,355,123,75,2,555,0,0,0,555
06/20/2012,IND,IN,AGL,CE,Combined TRACON& Tower with Radar,351,121,55,5,532,0,3,7,6,16,351,124,62,11,548,0,0,0,548
06/21/2012,IND,IN,AGL,CE,Combined TRACON& Tower with Radar,343,110,56,6,515,0,0,5,4,9,343,110,61,10,524,0,0,0,524
06/22/2012,IND,IN,AGL,CE,Combined TRACON& Tower with Radar,303,112,62,5,482,0,1,11,10,22,303,113,73,15,504,0,0,0,504
06/23/2012,IND,IN,AGL,CE,Combined TRACON& Tower with Radar,233,72,23,6,334,0,3,3,3,9,233,75,26,9,343,0,0,0,343
06/24/2012,IND,IN,AGL,CE,Combined TRACON& Tower with Radar,213,96,26,1,336,0,0,6,3,9,213,96,32,4,345,0,0,0,345
06/25/2012,IND,IN,AGL,CE,Combined TRACON& Tower with Radar,237,96,57,7,397,0,1,7,0,8,237,97,64,7,405,0,0,0,405
06/26/2012,IND,IN,AGL,CE,Combined TRACON& Tower with Radar,351,109,40,9,509,0,4,14,4,22,351,113,54,13,531,0,0,0,531
06/27/2012,IND,IN,AGL,CE,Combined TRACON& Tower with Radar,347,118,46,5,516,0,4,11,2,17,347,122,57,7,533,0,0,0,533
06/28/2012,IND,IN,AGL,CE,Combined TRACON& Tower with Radar,366,104,48,2,520,0,2,6,4,12,366,106,54,6,532,0,0,0,532
06/29/2012,IND,IN,AGL,CE,Combined TRACON& Tower with Radar,334,99,47,2,482,0,0,2,3,5,334,99,49,5,487,0,0,0,487
06/30/2012,IND,IN,AGL,CE,Combined TRACON& Tower with Radar,231,75,15,0,321,0,0,14,0,14,231,75,29,0,335,0,0,0,335
07/01/2012,IND,IN,AGL,CE,Combined TRACON& Tower with Radar,226,97,13,0,336,0,0,4,2,6,226,97,17,2,342,0,0,0,342
07/02/2012,IND,IN,AGL,CE,Combined TRACON& Tower with Radar,215,103,25,0,343,0,0,4,2,6,215,103,29,2,349,0,0,0,349
07/03/2012,IND,IN,AGL,CE,Combined TRACON& Tower with Radar,326,101,27,2,456,0,0,5,2,7,326,101,32,4,463,0,0,0,463
07/04/2012,IND,IN,AGL,CE,Combined TRACON& Tower with Radar,213,62,2,0,277,0,0,3,0,3,213,62,5,0,280,0,0,0,280
07/05/2012,IND,IN,AGL,CE,Combined TRACON& Tower with Radar,276,94,31,0,401,0,1,5,3,9,276,95,36,3,410,0,0,0,410
07/06/2012,IND,IN,AGL,CE,Combined TRACON& Tower with Radar,292,106,27,0,425,0,0,8,0,8,292,106,35,0,433,0,0,0,433
07/07/2012,IND,IN,AGL,CE,Combined TRACON& Tower with Radar,217,81,15,4,317,0,2,6,0,8,217,83,21,4,325,0,0,0,325
07/08/2012,IND,IN,AGL,CE,Combined TRACON& Tower with Radar,210,101,39,0,350,0,0,7,2,9,210,101,46,2,359,0,0,0,359
07/09/2012,IND,IN,AGL,CE,Combined TRACON& Tower with Radar,231,115,46,8,400,0,0,2,2,4,231,115,48,10,404,0,0,0,404
07/10/2012,IND,IN,AGL,CE,Combined TRACON& Tower with Radar,348,121,39,8,516,0,0,5,0,5,348,121,44,8,521,0,0,0,521
07/11/2012,IND,IN,AGL,CE,Combined TRACON& Tower with Radar,344,121,51,1,517,0,1,8,0,9,344,122,59,1,526,0,0,0,526
07/12/2012,IND,IN,AGL,CE,Combined TRACON& Tower with Radar,335,134,52,4,525,0,1,5,2,8,335,135,57,6,533,0,0,0,533
07/13/2012,IND,IN,AGL,CE,Combined TRACON& Tower with Radar,315,112,44,12,483,0,0,2,1,3,315,112,46,13,486,0,0,0,486
07/14/2012,IND,IN,AGL,CE,Combined TRACON& Tower with Radar,217,83,10,1,311,0,0,6,4,10,217,83,16,5,321,0,0,0,321
07/15/2012,IND,IN,AGL,CE,Combined TRACON& Tower with Radar,201,93,22,9,325,0,1,4,0,5,201,94,26,9,330,0,0,0,330
07/16/2012,IND,IN,AGL,CE,Combined TRACON& Tower with Radar,241,104,53,14,412,0,1,5,2,8,241,105,58,16,420,0,0,0,420
07/17/2012,IND,IN,AGL,CE,Combined TRACON& Tower with Radar,339,128,50,6,523,0,0,4,2,6,339,128,54,8,529,0,0,0,529
07/18/2012,IND,IN,AGL,CE,Combined TRACON& Tower with Radar,324,124,47,5,500,0,0,6,0,6,324,124,53,5,506,0,0,0,506
07/19/2012,IND,IN,AGL,CE,Combined TRACON& Tower with Radar,345,115,46,3,509,0,0,1,0,1,345,115,47,3,510,0,0,0,510
07/20/2012,IND,IN,AGL,CE,Combined TRACON& Tower with Radar,322,127,41,5,495,0,0,9,0,9,322,127,50,5,504,0,0,0,504
07/21/2012,IND,IN,AGL,CE,Combined TRACON& Tower with Radar,219,85,14,0,318,0,0,4,4,8,219,85,18,4,326,0,0,0,326
07/22/2012,IND,IN,AGL,CE,Combined TRACON& Tower with Radar,210,106,19,4,339,0,0,6,3,9,210,106,25,7,348,0,0,0,348
07/23/2012,IND,IN,AGL,CE,Combined TRACON& Tower with Radar,219,110,38,7,374,0,2,0,1,3,219,112,38,8,377,0,0,0,377
07/24/2012,IND,IN,AGL,CE,Combined TRACON& Tower with Radar,342,111,43,4,500,0,3,3,4,10,342,114,46,8,510,0,0,0,510
07/25/2012,IND,IN,AGL,CE,Combined TRACON& Tower with Radar,343,118,77,13,551,0,5,6,0,11,343,123,83,13,562,0,0,0,562
07/26/2012,IND,IN,AGL,CE,Combined TRACON& Tower with Radar,331,121,76,11,539,0,1,2,4,7,331,122,78,15,546,0,0,0,546
07/27/2012,IND,IN,AGL,CE,Combined TRACON& Tower with Radar,347,124,75,18,564,0,1,2,6,9,347,125,77,24,573,0,0,0,573
07/28/2012,IND,IN,AGL,CE,Combined TRACON& Tower with Radar,227,85,51,9,372,0,0,13,6,19,227,85,64,15,391,0,0,0,391
07/29/2012,IND,IN,AGL,CE,Combined TRACON& Tower with Radar,215,107,93,5,420,1,0,19,7,27,216,107,112,12,447,0,0,0,447
07/30/2012,IND,IN,AGL,CE,Combined TRACON& Tower with Radar,228,112,37,7,384,2,0,15,7,24,230,112,52,14,408,0,0,0,408
07/31/2012,IND,IN,AGL,CE,Combined TRACON& Tower with Radar,331,124,28,3,486,0,0,0,0,0,331,124,28,3,486,0,0,0,486
08/01/2012,IND,IN,AGL,CE,Combined TRACON& Tower with Radar,335,116,43,18,512,0,0,8,1,9,335,116,51,19,521,0,0,0,521
08/02/2012,IND,IN,AGL,CE,Combined TRACON& Tower with Radar,351,111,40,7,509,0,1,5,0,6,351,112,45,7,515,0,0,0,515
08/03/2012,IND,IN,AGL,CE,Combined TRACON& Tower with Radar,330,110,33,5,478,0,1,8,0,9,330,111,41,5,487,0,0,0,487
08/04/2012,IND,IN,AGL,CE,Combined TRACON& Tower with Radar,221,86,7,1,315,0,0,0,1,1,221,86,7,2,316,0,0,0,316
08/05/2012,IND,IN,AGL,CE,Combined TRACON& Tower with Radar,209,91,18,1,319,0,0,1,4,5,209,91,19,5,324,0,0,0,324
08/06/2012,IND,IN,AGL,CE,Combined TRACON& Tower with Radar,256,99,34,14,403,0,1,5,5,11,256,100,39,19,414,0,0,0,414
08/07/2012,IND,IN,AGL,CE,Combined TRACON& Tower with Radar,356,108,44,6,514,0,1,9,0,10,356,109,53,6,524,0,0,0,524
08/08/2012,IND,IN,AGL,CE,Combined TRACON& Tower with Radar,350,111,48,4,513,0,0,4,3,7,350,111,52,7,520,0,0,0,520
08/09/2012,IND,IN,AGL,CE,Combined TRACON& Tower with Radar,319,111,36,5,471,0,1,0,0,1,319,112,36,5,472,0,0,0,472
08/10/2012,IND,IN,AGL,CE,Combined TRACON& Tower with Radar,326,97,43,6,472,0,0,4,3,7,326,97,47,9,479,0,0,0,479
08/11/2012,IND,IN,AGL,CE,Combined TRACON& Tower with Radar,218,82,13,10,323,0,1,3,4,8,218,83,16,14,331,0,0,0,331
08/12/2012,IND,IN,AGL,CE,Combined TRACON& Tower with Radar,192,99,6,4,301,0,1,7,3,11,192,100,13,7,312,0,0,0,312
08/13/2012,IND,IN,AGL,CE,Combined TRACON& Tower with Radar,219,106,30,6,361,0,0,4,2,6,219,106,34,8,367,0,0,0,367
08/14/2012,IND,IN,AGL,CE,Combined TRACON& Tower with Radar,321,119,42,8,490,0,0,10,0,10,321,119,52,8,500,0,0,0,500
08/15/2012,IND,IN,AGL,CE,Combined TRACON& Tower with Radar,319,117,55,8,499,0,0,12,0,12,319,117,67,8,511,0,0,0,511
08/16/2012,IND,IN,AGL,CE,Combined TRACON& Tower with Radar,317,106,31,0,454,0,1,6,0,7,317,107,37,0,461,0,0,0,461
08/17/2012,IND,IN,AGL,CE,Combined TRACON& Tower with Radar,300,121,33,2,456,0,1,12,3,16,300,122,45,5,472,0,0,0,472
08/18/2012,IND,IN,AGL,CE,Combined TRACON& Tower with Radar,179,79,12,2,272,0,0,7,4,11,179,79,19,6,283,0,0,0,283
08/19/2012,IND,IN,AGL,CE,Combined TRACON& Tower with Radar,179,104,21,5,309,0,0,4,0,4,179,104,25,5,313,0,0,0,313
08/20/2012,IND,IN,AGL,CE,Combined TRACON& Tower with Radar,216,111,40,5,372,0,0,6,4,10,216,111,46,9,382,0,0,0,382
08/21/2012,IND,IN,AGL,CE,Combined TRACON& Tower with Radar,313,126,43,6,488,0,1,8,1,10,313,127,51,7,498,0,0,0,498
08/22/2012,IND,IN,AGL,CE,Combined TRACON& Tower with Radar,307,122,53,5,487,0,1,5,2,8,307,123,58,7,495,0,0,0,495
08/23/2012,IND,IN,AGL,CE,Combined TRACON& Tower with Radar,314,117,42,7,480,0,1,3,3,7,314,118,45,10,487,0,0,0,487
08/24/2012,IND,IN,AGL,CE,Combined TRACON& Tower with Radar,298,107,34,4,443,0,0,6,2,8,298,107,40,6,451,0,0,0,451
08/25/2012,IND,IN,AGL,CE,Combined TRACON& Tower with Radar,182,75,20,6,283,0,0,9,0,9,182,75,29,6,292,0,0,0,292
08/26/2012,IND,IN,AGL,CE,Combined TRACON& Tower with Radar,177,99,24,1,301,0,0,0,4,4,177,99,24,5,305,0,0,0,305
08/27/2012,IND,IN,AGL,CE,Combined TRACON& Tower with Radar,219,102,35,6,362,0,0,2,1,3,219,102,37,7,365,0,0,0,365
08/28/2012,IND,IN,AGL,CE,Combined TRACON& Tower with Radar,302,142,37,1,482,0,0,9,0,9,302,142,46,1,491,0,0,0,491
08/29/2012,IND,IN,AGL,CE,Combined TRACON& Tower with Radar,312,122,42,4,480,0,0,8,5,13,312,122,50,9,493,0,0,0,493
08/30/2012,IND,IN,AGL,CE,Combined TRACON& Tower with Radar,311,128,59,2,500,0,0,6,0,6,311,128,65,2,506,0,0,0,506
08/31/2012,IND,IN,AGL,CE,Combined TRACON& Tower with Radar,285,128,34,1,448,0,0,7,0,7,285,128,41,1,455,0,0,0,455
09/01/2012,IND,IN,AGL,CE,Combined TRACON& Tower with Radar,169,59,11,0,239,0,1,4,0,5,169,60,15,0,244,0,0,0,244
09/02/2012,IND,IN,AGL,CE,Combined TRACON& Tower with Radar,149,49,13,2,213,0,0,0,0,0,149,49,13,2,213,0,0,0,213
09/03/2012,IND,IN,AGL,CE,Combined TRACON& Tower with Radar,180,95,23,0,298,0,0,1,0,1,180,95,24,0,299,0,0,0,299
09/04/2012,IND,IN,AGL,CE,Combined TRACON& Tower with Radar,209,99,53,4,365,0,0,4,0,4,209,99,57,4,369,0,0,0,369
09/05/2012,IND,IN,AGL,CE,Combined TRACON& Tower with Radar,365,103,55,6,529,0,0,0,5,5,365,103,55,11,534,0,0,0,534
09/06/2012,IND,IN,AGL,CE,Combined TRACON& Tower with Radar,330,134,63,7,534,0,3,9,0,12,330,137,72,7,546,0,0,0,546
09/07/2012,IND,IN,AGL,CE,Combined TRACON& Tower with Radar,300,110,53,5,468,0,0,4,3,7,300,110,57,8,475,0,0,0,475
09/08/2012,IND,IN,AGL,CE,Combined TRACON& Tower with Radar,183,72,20,0,275,0,1,4,0,5,183,73,24,0,280,0,0,0,280
09/09/2012,IND,IN,AGL,CE,Combined TRACON& Tower with Radar,200,96,25,2,323,0,0,0,2,2,200,96,25,4,325,0,0,0,325
09/10/2012,IND,IN,AGL,CE,Combined TRACON& Tower with Radar,207,102,49,3,361,0,1,14,6,21,207,103,63,9,382,0,0,0,382
09/11/2012,IND,IN,AGL,CE,Combined TRACON& Tower with Radar,321,109,51,3,484,0,0,20,1,21,321,109,71,4,505,0,0,0,505
09/12/2012,IND,IN,AGL,CE,Combined TRACON& Tower with Radar,329,113,52,6,500,0,2,12,0,14,329,115,64,6,514,0,0,0,514
09/13/2012,IND,IN,AGL,CE,Combined TRACON& Tower with Radar,332,113,53,8,506,0,1,12,9,22,332,114,65,17,528,0,0,0,528
09/14/2012,IND,IN,AGL,CE,Combined TRACON& Tower with Radar,307,112,56,4,479,0,0,5,4,9,307,112,61,8,488,0,0,0,488
09/15/2012,IND,IN,AGL,CE,Combined TRACON& Tower with Radar,177,67,14,0,258,0,0,7,1,8,177,67,21,1,266,0,0,0,266
09/16/2012,IND,IN,AGL,CE,Combined TRACON& Tower with Radar,193,102,20,2,317,0,0,10,4,14,193,102,30,6,331,0,0,0,331
09/17/2012,IND,IN,AGL,CE,Combined TRACON& Tower with Radar,206,99,41,3,349,0,0,2,0,2,206,99,43,3,351,0,0,0,351
09/18/2012,IND,IN,AGL,CE,Combined TRACON& Tower with Radar,313,105,50,1,469,0,0,7,1,8,313,105,57,2,477,0,0,0,477
09/19/2012,IND,IN,AGL,CE,Combined TRACON& Tower with Radar,332,105,50,4,491,0,3,12,0,15,332,108,62,4,506,0,0,0,506
09/20/2012,IND,IN,AGL,CE,Combined TRACON& Tower with Radar,329,121,53,3,506,0,0,18,3,21,329,121,71,6,527,0,0,0,527
09/21/2012,IND,IN,AGL,CE,Combined TRACON& Tower with Radar,315,114,59,2,490,0,2,3,2,7,315,116,62,4,497,0,0,0,497
09/22/2012,IND,IN,AGL,CE,Combined TRACON& Tower with Radar,177,67,17,2,263,0,0,4,1,5,177,67,21,3,268,0,0,0,268
09/23/2012,IND,IN,AGL,CE,Combined TRACON& Tower with Radar,197,105,21,0,323,0,0,8,0,8,197,105,29,0,331,0,0,0,331
09/24/2012,IND,IN,AGL,CE,Combined TRACON& Tower with Radar,209,109,48,2,368,0,0,6,0,6,209,109,54,2,374,0,0,0,374
09/25/2012,IND,IN,AGL,CE,Combined TRACON& Tower with Radar,319,99,51,2,471,0,0,0,1,1,319,99,51,3,472,0,0,0,472
09/26/2012,IND,IN,AGL,CE,Combined TRACON& Tower with Radar,326,106,51,1,484,0,0,0,0,0,326,106,51,1,484,0,0,0,484
09/27/2012,IND,IN,AGL,CE,Combined TRACON& Tower with Radar,339,120,43,1,503,0,0,1,0,1,339,120,44,1,504,0,0,0,504
09/28/2012,IND,IN,AGL,CE,Combined TRACON& Tower with Radar,302,108,52,0,462,0,1,1,0,2,302,109,53,0,464,0,0,0,464
09/29/2012,IND,IN,AGL,CE,Combined TRACON& Tower with Radar,184,65,18,2,269,0,2,5,11,18,184,67,23,13,287,0,0,0,287
09/30/2012,IND,IN,AGL,CE,Combined TRACON& Tower with Radar,198,85,11,0,294,0,0,3,5,8,198,85,14,5,302,0,0,0,302
10/01/2012,IND,IN,AGL,CE,Combined TRACON& Tower with Radar,203,116,42,10,371,0,0,2,0,2,203,116,44,10,373,0,0,0,373
10/02/2012,IND,IN,AGL,CE,Combined TRACON& Tower with Radar,328,125,51,1,505,0,0,0,0,0,328,125,51,1,505,0,0,0,505
10/03/2012,IND,IN,AGL,CE,Combined TRACON& Tower with Radar,347,110,39,0,496,0,0,9,1,10,347,110,48,1,506,0,0,0,506
10/04/2012,IND,IN,AGL,CE,Combined TRACON& Tower with Radar,347,105,34,2,488,0,1,17,4,22,347,106,51,6,510,0,0,0,510
10/05/2012,IND,IN,AGL,CE,Combined TRACON& Tower with Radar,319,103,38,3,463,0,0,0,0,0,319,103,38,3,463,0,0,0,463
10/06/2012,IND,IN,AGL,CE,Combined TRACON& Tower with Radar,188,69,14,1,272,0,1,2,2,5,188,70,16,3,277,0,0,0,277
10/07/2012,IND,IN,AGL,CE,Combined TRACON& Tower with Radar,211,86,30,0,327,0,0,8,2,10,211,86,38,2,337,0,0,0,337
10/08/2012,IND,IN,AGL,CE,Combined TRACON& Tower with Radar,223,108,28,4,363,0,0,4,0,4,223,108,32,4,367,0,0,0,367
10/09/2012,IND,IN,AGL,CE,Combined TRACON& Tower with Radar,334,114,59,3,510,0,0,9,8,17,334,114,68,11,527,0,0,0,527
10/10/2012,IND,IN,AGL,CE,Combined TRACON& Tower with Radar,351,117,67,2,537,0,0,8,4,12,351,117,75,6,549,0,0,0,549
10/11/2012,IND,IN,AGL,CE,Combined TRACON& Tower with Radar,353,113,62,9,537,0,1,11,0,12,353,114,73,9,549,0,0,0,549
10/12/2012,IND,IN,AGL,CE,Combined TRACON& Tower with Radar,321,119,30,14,484,0,2,4,1,7,321,121,34,15,491,0,0,0,491
10/13/2012,IND,IN,AGL,CE,Combined TRACON& Tower with Radar,193,74,26,6,299,0,1,2,1,4,193,75,28,7,303,0,0,0,303
10/14/2012,IND,IN,AGL,CE,Combined TRACON& Tower with Radar,211,97,30,1,339,0,0,0,0,0,211,97,30,1,339,0,0,0,339
10/15/2012,IND,IN,AGL,CE,Combined TRACON& Tower with Radar,229,119,43,4,395,0,1,6,0,7,229,120,49,4,402,0,0,0,402
10/16/2012,IND,IN,AGL,CE,Combined TRACON& Tower with Radar,346,130,59,2,537,0,1,6,2,9,346,131,65,4,546,0,0,0,546
10/17/2012,IND,IN,AGL,CE,Combined TRACON& Tower with Radar,341,118,48,3,510,0,0,5,0,5,341,118,53,3,515,0,0,0,515
10/18/2012,IND,IN,AGL,CE,Combined TRACON& Tower with Radar,354,128,35,6,523,0,0,6,4,10,354,128,41,10,533,0,0,0,533
10/19/2012,IND,IN,AGL,CE,Combined TRACON& Tower with Radar,316,110,39,6,471,0,0,2,0,2,316,110,41,6,473,0,0,0,473
10/20/2012,IND,IN,AGL,CE,Combined TRACON& Tower with Radar,195,77,16,2,290,0,0,5,0,5,195,77,21,2,295,0,0,0,295
10/21/2012,IND,IN,AGL,CE,Combined TRACON& Tower with Radar,209,93,31,0,333,0,1,9,0,10,209,94,40,0,343,0,0,0,343
10/22/2012,IND,IN,AGL,CE,Combined TRACON& Tower with Radar,229,91,36,2,358,0,0,4,0,4,229,91,40,2,362,0,0,0,362
10/23/2012,IND,IN,AGL,CE,Combined TRACON& Tower with Radar,340,117,44,2,503,0,0,3,0,3,340,117,47,2,506,0,0,0,506
10/24/2012,IND,IN,AGL,CE,Combined TRACON& Tower with Radar,350,117,57,7,531,0,0,12,0,12,350,117,69,7,543,0,0,0,543
10/25/2012,IND,IN,AGL,CE,Combined TRACON& Tower with Radar,353,113,47,0,513,0,1,5,0,6,353,114,52,0,519,0,0,0,519
10/26/2012,IND,IN,AGL,CE,Combined TRACON& Tower with Radar,324,118,40,4,486,0,0,1,1,2,324,118,41,5,488,0,0,0,488
10/27/2012,IND,IN,AGL,CE,Combined TRACON& Tower with Radar,185,77,17,0,279,0,0,11,1,12,185,77,28,1,291,0,0,0,291
10/28/2012,IND,IN,AGL,CE,Combined TRACON& Tower with Radar,209,80,29,2,320,0,1,3,1,5,209,81,32,3,325,0,0,0,325
10/29/2012,IND,IN,AGL,CE,Combined TRACON& Tower with Radar,184,68,36,5,293,0,0,0,0,0,184,68,36,5,293,0,0,0,293
10/30/2012,IND,IN,AGL,CE,Combined TRACON& Tower with Radar,272,71,33,4,380,0,0,0,0,0,272,71,33,4,380,0,0,0,380
10/31/2012,IND,IN,AGL,CE,Combined TRACON& Tower with Radar,307,87,28,3,425,0,0,2,0,2,307,87,30,3,427,0,0,0,427
11/01/2012,IND,IN,AGL,CE,Combined TRACON& Tower with Radar,348,108,43,4,503,0,0,11,1,12,348,108,54,5,515,0,0,0,515
11/02/2012,IND,IN,AGL,CE,Combined TRACON& Tower with Radar,314,100,41,3,458,0,0,5,2,7,314,100,46,5,465,0,0,0,465
11/03/2012,IND,IN,AGL,CE,Combined TRACON& Tower with Radar,184,67,9,0,260,0,0,0,0,0,184,67,9,0,260,0,0,0,260
11/04/2012,IND,IN,AGL,CE,Combined TRACON& Tower with Radar,197,105,33,0,335,0,0,1,0,1,197,105,34,0,336,0,0,0,336
11/05/2012,IND,IN,AGL,CE,Combined TRACON& Tower with Radar,215,95,38,0,348,0,0,2,2,4,215,95,40,2,352,0,0,0,352
11/06/2012,IND,IN,AGL,CE,Combined TRACON& Tower with Radar,332,94,45,2,473,0,1,3,0,4,332,95,48,2,477,0,0,0,477
11/07/2012,IND,IN,AGL,CE,Combined TRACON& Tower with Radar,332,98,56,4,490,0,0,1,0,1,332,98,57,4,491,0,0,0,491
11/08/2012,IND,IN,AGL,CE,Combined TRACON& Tower with Radar,339,118,47,3,507,0,0,7,0,7,339,118,54,3,514,0,0,0,514
11/09/2012,IND,IN,AGL,CE,Combined TRACON& Tower with Radar,319,106,24,3,452,0,2,0,2,4,319,108,24,5,456,0,0,0,456
11/10/2012,IND,IN,AGL,CE,Combined TRACON& Tower with Radar,192,67,16,2,277,0,0,4,1,5,192,67,20,3,282,0,0,0,282
11/11/2012,IND,IN,AGL,CE,Combined TRACON& Tower with Radar,201,91,14,0,306,0,1,5,1,7,201,92,19,1,313,0,0,0,313
11/12/2012,IND,IN,AGL,CE,Combined TRACON& Tower with Radar,210,112,47,1,370,0,0,0,0,0,210,112,47,1,370,0,0,0,370
11/13/2012,IND,IN,AGL,CE,Combined TRACON& Tower with Radar,339,113,47,0,499,0,1,11,0,12,339,114,58,0,511,0,0,0,511
11/14/2012,IND,IN,AGL,CE,Combined TRACON& Tower with Radar,338,127,69,5,539,0,0,2,1,3,338,127,71,6,542,0,0,0,542
11/15/2012,IND,IN,AGL,CE,Combined TRACON& Tower with Radar,353,122,58,2,535,0,2,3,0,5,353,124,61,2,540,0,0,0,540
11/16/2012,IND,IN,AGL,CE,Combined TRACON& Tower with Radar,331,110,39,9,489,0,2,10,0,12,331,112,49,9,501,0,0,0,501
11/17/2012,IND,IN,AGL,CE,Combined TRACON& Tower with Radar,201,75,17,2,295,0,0,5,0,5,201,75,22,2,300,0,0,0,300
11/18/2012,IND,IN,AGL,CE,Combined TRACON& Tower with Radar,180,98,18,1,297,0,1,6,0,7,180,99,24,1,304,0,0,0,304
11/19/2012,IND,IN,AGL,CE,Combined TRACON& Tower with Radar,201,87,43,11,342,0,1,13,1,15,201,88,56,12,357,0,0,0,357
11/20/2012,IND,IN,AGL,CE,Combined TRACON& Tower with Radar,355,119,46,1,521,0,3,4,2,9,355,122,50,3,530,0,0,0,530
11/21/2012,IND,IN,AGL,CE,Combined TRACON& Tower with Radar,369,106,30,0,505,0,0,2,0,2,369,106,32,0,507,0,0,0,507
11/22/2012,IND,IN,AGL,CE,Combined TRACON& Tower with Radar,175,42,8,0,225,0,0,8,0,8,175,42,16,0,233,0,0,0,233
11/23/2012,IND,IN,AGL,CE,Combined TRACON& Tower with Radar,194,56,13,0,263,0,1,3,0,4,194,57,16,0,267,0,0,0,267
11/24/2012,IND,IN,AGL,CE,Combined TRACON& Tower with Radar,212,100,16,0,328,0,1,3,0,4,212,101,19,0,332,0,0,0,332
11/25/2012,IND,IN,AGL,CE,Combined TRACON& Tower with Radar,206,104,29,0,339,0,0,12,0,12,206,104,41,0,351,0,0,0,351
11/26/2012,IND,IN,AGL,CE,Combined TRACON& Tower with Radar,244,104,40,3,391,0,0,12,0,12,244,104,52,3,403,0,0,0,403
11/27/2012,IND,IN,AGL,CE,Combined TRACON& Tower with Radar,332,113,45,4,494,0,2,14,0,16,332,115,59,4,510,0,0,0,510
11/28/2012,IND,IN,AGL,CE,Combined TRACON& Tower with Radar,340,108,54,2,504,0,0,9,0,9,340,108,63,2,513,0,0,0,513
11/29/2012,IND,IN,AGL,CE,Combined TRACON& Tower with Radar,340,123,44,2,509,0,1,15,0,16,340,124,59,2,525,0,0,0,525
11/30/2012,IND,IN,AGL,CE,Combined TRACON& Tower with Radar,307,118,47,2,474,0,1,8,1,10,307,119,55,3,484,0,0,0,484
12/01/2012,IND,IN,AGL,CE,Combined TRACON& Tower with Radar,187,91,42,1,321,0,1,5,1,7,187,92,47,2,328,0,0,0,328
12/02/2012,IND,IN,AGL,CE,Combined TRACON& Tower with Radar,187,111,32,0,330,0,0,0,0,0,187,111,32,0,330,0,0,0,330
12/03/2012,IND,IN,AGL,CE,Combined TRACON& Tower with Radar,207,121,41,4,373,0,0,2,0,2,207,121,43,4,375,0,0,0,375
12/04/2012,IND,IN,AGL,CE,Combined TRACON& Tower with Radar,350,130,35,8,523,0,0,4,0,4,350,130,39,8,527,0,0,0,527
12/05/2012,IND,IN,AGL,CE,Combined TRACON& Tower with Radar,361,121,72,2,556,0,10,7,0,17,361,131,79,2,573,0,0,0,573
12/06/2012,IND,IN,AGL,CE,Combined TRACON& Tower with Radar,362,120,48,4,534,0,1,8,0,9,362,121,56,4,543,0,0,0,543
12/07/2012,IND,IN,AGL,CE,Combined TRACON& Tower with Radar,327,113,58,3,501,0,0,1,0,1,327,113,59,3,502,0,0,0,502
12/08/2012,IND,IN,AGL,CE,Combined TRACON& Tower with Radar,183,68,30,5,286,0,1,1,0,2,183,69,31,5,288,0,0,0,288
12/09/2012,IND,IN,AGL,CE,Combined TRACON& Tower with Radar,177,102,30,1,310,0,0,0,0,0,177,102,30,1,310,0,0,0,310
12/10/2012,IND,IN,AGL,CE,Combined TRACON& Tower with Radar,193,109,49,2,353,0,0,1,0,1,193,109,50,2,354,0,0,0,354
12/11/2012,IND,IN,AGL,CE,Combined TRACON& Tower with Radar,360,125,56,4,545,0,1,3,2,6,360,126,59,6,551,0,0,0,551
12/12/2012,IND,IN,AGL,CE,Combined TRACON& Tower with Radar,368,124,42,7,541,0,4,8,1,13,368,128,50,8,554,0,0,0,554
12/13/2012,IND,IN,AGL,CE,Combined TRACON& Tower with Radar,359,124,54,5,542,0,1,3,2,6,359,125,57,7,548,0,0,0,548
12/14/2012,IND,IN,AGL,CE,Combined TRACON& Tower with Radar,356,113,48,0,517,0,0,3,2,5,356,113,51,2,522,0,0,0,522
12/15/2012,IND,IN,AGL,CE,Combined TRACON& Tower with Radar,288,80,17,0,385,0,0,2,0,2,288,80,19,0,387,0,0,0,387
12/16/2012,IND,IN,AGL,CE,Combined TRACON& Tower with Radar,224,96,25,0,345,0,1,2,2,5,224,97,27,2,350,0,0,0,350
12/17/2012,IND,IN,AGL,CE,Combined TRACON& Tower with Radar,195,104,53,3,355,0,0,0,0,0,195,104,53,3,355,0,0,0,355
12/18/2012,IND,IN,AGL,CE,Combined TRACON& Tower with Radar,365,126,49,7,547,0,1,1,0,2,365,127,50,7,549,0,0,0,549
12/19/2012,IND,IN,AGL,CE,Combined TRACON& Tower with Radar,377,118,55,4,554,0,0,5,1,6,377,118,60,5,560,0,0,0,560
12/20/2012,IND,IN,AGL,CE,Combined TRACON& Tower with Radar,367,108,27,2,504,0,0,0,0,0,367,108,27,2,504,0,0,0,504
12/21/2012,IND,IN,AGL,CE,Combined TRACON& Tower with Radar,393,98,19,0,510,0,0,2,0,2,393,98,21,0,512,0,0,0,512
12/22/2012,IND,IN,AGL,CE,Combined TRACON& Tower with Radar,319,107,19,0,445,0,0,2,2,4,319,107,21,2,449,0,0,0,449
12/23/2012,IND,IN,AGL,CE,Combined TRACON& Tower with Radar,221,87,14,0,322,0,0,2,0,2,221,87,16,0,324,0,0,0,324
12/24/2012,IND,IN,AGL,CE,Combined TRACON& Tower with Radar,147,67,7,0,221,0,0,0,0,0,147,67,7,0,221,0,0,0,221
12/25/2012,IND,IN,AGL,CE,Combined TRACON& Tower with Radar,143,74,8,0,225,0,0,1,0,1,143,74,9,0,226,0,0,0,226
12/26/2012,IND,IN,AGL,CE,Combined TRACON& Tower with Radar,90,27,9,0,126,0,0,0,0,0,90,27,9,0,126,0,0,0,126
12/27/2012,IND,IN,AGL,CE,Combined TRACON& Tower with Radar,341,129,21,0,491,0,1,0,0,1,341,130,21,0,492,0,0,0,492
12/28/2012,IND,IN,AGL,CE,Combined TRACON& Tower with Radar,310,113,13,2,438,0,0,0,0,0,310,113,13,2,438,0,0,0,438
12/29/2012,IND,IN,AGL,CE,Combined TRACON& Tower with Radar,193,83,12,0,288,0,0,0,0,0,193,83,12,0,288,0,0,0,288
12/30/2012,IND,IN,AGL,CE,Combined TRACON& Tower with Radar,168,93,13,0,274,0,0,5,0,5,168,93,18,0,279,0,0,0,279
12/31/2012,IND,IN,AGL,CE,Combined TRACON& Tower with Radar,155,80,10,0,245,0,0,0,0,0,155,80,10,0,245,0,0,0,245
01/01/2013,IND,IN,AGL,CE,Combined TRACON& Tower with Radar,192,84,15,0,291,0,0,2,0,2,192,84,17,0,293,0,0,0,293
01/02/2013,IND,IN,AGL,CE,Combined TRACON& Tower with Radar,284,105,19,2,410,0,1,2,1,4,284,106,21,3,414,0,0,0,414
01/03/2013,IND,IN,AGL,CE,Combined TRACON& Tower with Radar,336,116,27,0,479,0,0,2,0,2,336,116,29,0,481,0,0,0,481
01/04/2013,IND,IN,AGL,CE,Combined TRACON& Tower with Radar,307,123,21,0,451,0,1,7,2,10,307,124,28,2,461,0,0,0,461
01/05/2013,IND,IN,AGL,CE,Combined TRACON& Tower with Radar,191,75,19,1,286,0,0,3,3,6,191,75,22,4,292,0,0,0,292
01/06/2013,IND,IN,AGL,CE,Combined TRACON& Tower with Radar,172,93,19,0,284,0,1,0,5,6,172,94,19,5,290,0,0,0,290
01/07/2013,IND,IN,AGL,CE,Combined TRACON& Tower with Radar,203,112,33,2,350,0,1,6,0,7,203,113,39,2,357,0,0,0,357
01/08/2013,IND,IN,AGL,CE,Combined TRACON& Tower with Radar,324,107,44,0,475,0,1,4,0,5,324,108,48,0,480,0,0,0,480
01/09/2013,IND,IN,AGL,CE,Combined TRACON& Tower with Radar,323,108,37,6,474,0,1,2,0,3,323,109,39,6,477,0,0,0,477
01/10/2013,IND,IN,AGL,CE,Combined TRACON& Tower with Radar,335,106,50,2,493,0,0,5,0,5,335,106,55,2,498,0,0,0,498
01/11/2013,IND,IN,AGL,CE,Combined TRACON& Tower with Radar,302,104,45,1,452,0,0,0,0,0,302,104,45,1,452,0,0,0,452
01/12/2013,IND,IN,AGL,CE,Combined TRACON& Tower with Radar,167,67,10,1,245,0,0,3,0,3,167,67,13,1,248,0,0,0,248
01/13/2013,IND,IN,AGL,CE,Combined TRACON& Tower with Radar,164,82,12,0,258,0,0,0,0,0,164,82,12,0,258,0,0,0,258
01/14/2013,IND,IN,AGL,CE,Combined TRACON& Tower with Radar,197,99,41,0,337,0,0,5,0,5,197,99,46,0,342,0,0,0,342
01/15/2013,IND,IN,AGL,CE,Combined TRACON& Tower with Radar,327,109,49,2,487,0,2,5,2,9,327,111,54,4,496,0,0,0,496
01/16/2013,IND,IN,AGL,CE,Combined TRACON& Tower with Radar,331,112,76,5,524,0,1,8,0,9,331,113,84,5,533,0,0,0,533
01/17/2013,IND,IN,AGL,CE,Combined TRACON& Tower with Radar,331,110,57,1,499,0,0,5,0,5,331,110,62,1,504,0,0,0,504
01/18/2013,IND,IN,AGL,CE,Combined TRACON& Tower with Radar,303,113,39,4,459,0,0,4,1,5,303,113,43,5,464,0,0,0,464
01/19/2013,IND,IN,AGL,CE,Combined TRACON& Tower with Radar,167,71,20,0,258,0,0,1,1,2,167,71,21,1,260,0,0,0,260
01/20/2013,IND,IN,AGL,CE,Combined TRACON& Tower with Radar,148,92,13,0,253,0,0,2,0,2,148,92,15,0,255,0,0,0,255
01/21/2013,IND,IN,AGL,CE,Combined TRACON& Tower with Radar,196,102,47,1,346,0,0,3,0,3,196,102,50,1,349,0,0,0,349
01/22/2013,IND,IN,AGL,CE,Combined TRACON& Tower with Radar,310,104,42,4,460,0,0,23,0,23,310,104,65,4,483,0,0,0,483
01/23/2013,IND,IN,AGL,CE,Combined TRACON& Tower with Radar,319,102,45,4,470,0,0,13,0,13,319,102,58,4,483,0,0,0,483
01/24/2013,IND,IN,AGL,CE,Combined TRACON& Tower with Radar,331,122,45,0,498,1,1,17,2,21,332,123,62,2,519,0,0,0,519
01/25/2013,IND,IN,AGL,CE,Combined TRACON& Tower with Radar,295,120,30,3,448,0,0,6,0,6,295,120,36,3,454,0,0,0,454
01/26/2013,IND,IN,AGL,CE,Combined TRACON& Tower with Radar,172,75,15,6,268,0,0,3,0,3,172,75,18,6,271,0,0,0,271
01/27/2013,IND,IN,AGL,CE,Combined TRACON& Tower with Radar,167,83,17,2,269,0,0,4,0,4,167,83,21,2,273,0,0,0,273
01/28/2013,IND,IN,AGL,CE,Combined TRACON& Tower with Radar,182,114,43,4,343,0,0,0,0,0,182,114,43,4,343,0,0,0,343
01/29/2013,IND,IN,AGL,CE,Combined TRACON& Tower with Radar,334,104,48,4,490,0,0,2,0,2,334,104,50,4,492,0,0,0,492
01/30/2013,IND,IN,AGL,CE,Combined TRACON& Tower with Radar,321,104,50,5,480,0,0,1,0,1,321,104,51,5,481,0,0,0,481
01/31/2013,IND,IN,AGL,CE,Combined TRACON& Tower with Radar,334,132,57,10,533,0,0,4,1,5,334,132,61,11,538,0,0,0,538
02/01/2013,IND,IN,AGL,CE,Combined TRACON& Tower with Radar,311,111,43,8,473,0,0,11,1,12,311,111,54,9,485,0,0,0,485
02/02/2013,IND,IN,AGL,CE,Combined TRACON& Tower with Radar,170,71,14,0,255,0,0,0,0,0,170,71,14,0,255,0,0,0,255
02/03/2013,IND,IN,AGL,CE,Combined TRACON& Tower with Radar,158,92,24,0,274,0,0,1,0,1,158,92,25,0,275,0,0,0,275
02/04/2013,IND,IN,AGL,CE,Combined TRACON& Tower with Radar,206,95,66,4,371,0,0,5,0,5,206,95,71,4,376,0,0,0,376
02/05/2013,IND,IN,AGL,CE,Combined TRACON& Tower with Radar,313,103,64,2,482,0,1,2,0,3,313,104,66,2,485,0,0,0,485
02/06/2013,IND,IN,AGL,CE,Combined TRACON& Tower with Radar,332,113,59,4,508,0,0,19,1,20,332,113,78,5,528,0,0,0,528
02/07/2013,IND,IN,AGL,CE,Combined TRACON& Tower with Radar,327,102,47,6,482,0,3,7,2,12,327,105,54,8,494,0,0,0,494
02/08/2013,IND,IN,AGL,CE,Combined TRACON& Tower with Radar,301,113,50,5,469,0,2,5,2,9,301,115,55,7,478,0,0,0,478
02/09/2013,IND,IN,AGL,CE,Combined TRACON& Tower with Radar,160,61,10,3,234,0,1,6,0,7,160,62,16,3,241,0,0,0,241
02/10/2013,IND,IN,AGL,CE,Combined TRACON& Tower with Radar,175,93,11,2,281,0,0,1,0,1,175,93,12,2,282,0,0,0,282
02/11/2013,IND,IN,AGL,CE,Combined TRACON& Tower with Radar,199,103,49,3,354,0,3,4,0,7,199,106,53,3,361,0,0,0,361
02/12/2013,IND,IN,AGL,CE,Combined TRACON& Tower with Radar,330,110,51,2,493,0,1,9,0,10,330,111,60,2,503,0,0,0,503
02/13/2013,IND,IN,AGL,CE,Combined TRACON& Tower with Radar,329,116,67,6,518,0,0,17,0,17,329,116,84,6,535,0,0,0,535
02/14/2013,IND,IN,AGL,CE,Combined TRACON& Tower with Radar,344,112,39,1,496,0,0,4,0,4,344,112,43,1,500,0,0,0,500
02/15/2013,IND,IN,AGL,CE,Combined TRACON& Tower with Radar,307,112,37,5,461,0,0,3,1,4,307,112,40,6,465,0,0,0,465
02/16/2013,IND,IN,AGL,CE,Combined TRACON& Tower with Radar,171,80,13,2,266,0,0,6,0,6,171,80,19,2,272,0,0,0,272
02/17/2013,IND,IN,AGL,CE,Combined TRACON& Tower with Radar,169,92,21,1,283,0,3,17,1,21,169,95,38,2,304,0,0,0,304
02/18/2013,IND,IN,AGL,CE,Combined TRACON& Tower with Radar,203,110,46,0,359,0,0,19,0,19,203,110,65,0,378,0,0,0,378
02/19/2013,IND,IN,AGL,CE,Combined TRACON& Tower with Radar,327,111,68,2,508,0,0,0,0,0,327,111,68,2,508,0,0,0,508
02/20/2013,IND,IN,AGL,CE,Combined TRACON& Tower with Radar,333,106,49,0,488,0,2,19,2,23,333,108,68,2,511,0,0,0,511
02/21/2013,IND,IN,AGL,CE,Combined TRACON& Tower with Radar,302,101,63,2,468,0,0,6,0,6,302,101,69,2,474,0,0,0,474
02/22/2013,IND,IN,AGL,CE,Combined TRACON& Tower with Radar,281,104,54,0,439,0,0,5,0,5,281,104,59,0,444,0,0,0,444
02/23/2013,IND,IN,AGL,CE,Combined TRACON& Tower with Radar,182,83,24,0,289,0,0,1,0,1,182,83,25,0,290,0,0,0,290
02/24/2013,IND,IN,AGL,CE,Combined TRACON& Tower with Radar,190,89,24,1,304,0,2,10,0,12,190,91,34,1,316,0,0,0,316
02/25/2013,IND,IN,AGL,CE,Combined TRACON& Tower with Radar,204,104,45,7,360,0,3,19,1,23,204,107,64,8,383,0,0,0,383
02/26/2013,IND,IN,AGL,CE,Combined TRACON& Tower with Radar,329,105,51,2,487,0,0,0,0,0,329,105,51,2,487,0,0,0,487
02/27/2013,IND,IN,AGL,CE,Combined TRACON& Tower with Radar,347,111,70,2,530,0,0,1,0,1,347,111,71,2,531,0,0,0,531
02/28/2013,IND,IN,AGL,CE,Combined TRACON& Tower with Radar,339,111,61,3,514,0,0,3,0,3,339,111,64,3,517,0,0,0,517
03/01/2013,IND,IN,AGL,CE,Combined TRACON& Tower with Radar,308,116,28,1,453,0,1,0,0,1,308,117,28,1,454,0,0,0,454
03/02/2013,IND,IN,AGL,CE,Combined TRACON& Tower with Radar,186,90,11,2,289,0,0,3,0,3,186,90,14,2,292,0,0,0,292
03/03/2013,IND,IN,AGL,CE,Combined TRACON& Tower with Radar,174,107,15,4,300,0,0,5,0,5,174,107,20,4,305,0,0,0,305
03/04/2013,IND,IN,AGL,CE,Combined TRACON& Tower with Radar,207,108,36,0,351,0,2,17,0,19,207,110,53,0,370,0,0,0,370
03/05/2013,IND,IN,AGL,CE,Combined TRACON& Tower with Radar,310,101,27,4,442,0,0,0,0,0,310,101,27,4,442,0,0,0,442
03/06/2013,IND,IN,AGL,CE,Combined TRACON& Tower with Radar,331,133,57,0,521,0,0,0,0,0,331,133,57,0,521,0,0,0,521
03/07/2013,IND,IN,AGL,CE,Combined TRACON& Tower with Radar,332,144,43,6,525,0,2,10,0,12,332,146,53,6,537,0,0,0,537
03/08/2013,IND,IN,AGL,CE,Combined TRACON& Tower with Radar,297,116,35,6,454,0,13,7,4,24,297,129,42,10,478,0,0,0,478
03/09/2013,IND,IN,AGL,CE,Combined TRACON& Tower with Radar,184,93,11,0,288,0,6,7,0,13,184,99,18,0,301,0,0,0,301
03/10/2013,IND,IN,AGL,CE,Combined TRACON& Tower with Radar,188,110,13,0,311,0,0,1,0,1,188,110,14,0,312,0,0,0,312
03/11/2013,IND,IN,AGL,CE,Combined TRACON& Tower with Radar,220,120,55,6,401,0,0,1,0,1,220,120,56,6,402,0,0,0,402
03/12/2013,IND,IN,AGL,CE,Combined TRACON& Tower with Radar,326,128,54,0,508,0,0,4,0,4,326,128,58,0,512,0,0,0,512
03/13/2013,IND,IN,AGL,CE,Combined TRACON& Tower with Radar,351,121,57,2,531,0,1,1,0,2,351,122,58,2,533,0,0,0,533
03/14/2013,IND,IN,AGL,CE,Combined TRACON& Tower with Radar,330,123,48,2,503,0,0,3,0,3,330,123,51,2,506,0,0,0,506
03/15/2013,IND,IN,AGL,CE,Combined TRACON& Tower with Radar,310,130,37,3,480,0,1,15,0,16,310,131,52,3,496,0,0,0,496
03/16/2013,IND,IN,AGL,CE,Combined TRACON& Tower with Radar,204,100,28,0,332,0,1,0,0,1,204,101,28,0,333,0,0,0,333
03/17/2013,IND,IN,AGL,CE,Combined TRACON& Tower with Radar,187,109,20,0,316,0,1,0,0,1,187,110,20,0,317,0,0,0,317
03/18/2013,IND,IN,AGL,CE,Combined TRACON& Tower with Radar,199,106,47,0,352,0,0,1,0,1,199,106,48,0,353,0,0,0,353
03/19/2013,IND,IN,AGL,CE,Combined TRACON& Tower with Radar,352,120,43,0,515,0,0,17,2,19,352,120,60,2,534,0,0,0,534
03/20/2013,IND,IN,AGL,CE,Combined TRACON& Tower with Radar,340,115,34,2,491,0,1,12,0,13,340,116,46,2,504,0,0,0,504
03/21/2013,IND,IN,AGL,CE,Combined TRACON& Tower with Radar,341,121,38,4,504,0,0,10,0,10,341,121,48,4,514,0,0,0,514
03/22/2013,IND,IN,AGL,CE,Combined TRACON& Tower with Radar,313,112,34,2,461,0,0,2,0,2,313,112,36,2,463,0,0,0,463
03/23/2013,IND,IN,AGL,CE,Combined TRACON& Tower with Radar,200,93,18,0,311,0,0,8,0,8,200,93,26,0,319,0,0,0,319
03/24/2013,IND,IN,AGL,CE,Combined TRACON& Tower with Radar,160,88,14,0,262,0,0,1,0,1,160,88,15,0,263,0,0,0,263
03/25/2013,IND,IN,AGL,CE,Combined TRACON& Tower with Radar,194,110,37,4,345,0,0,0,0,0,194,110,37,4,345,0,0,0,345
03/26/2013,IND,IN,AGL,CE,Combined TRACON& Tower with Radar,348,117,34,2,501,0,1,7,0,8,348,118,41,2,509,0,0,0,509
03/27/2013,IND,IN,AGL,CE,Combined TRACON& Tower with Radar,344,114,38,4,500,0,0,8,0,8,344,114,46,4,508,0,0,0,508
03/28/2013,IND,IN,AGL,CE,Combined TRACON& Tower with Radar,350,116,47,6,519,0,1,14,0,15,350,117,61,6,534,0,0,0,534
03/29/2013,IND,IN,AGL,CE,Combined TRACON& Tower with Radar,308,121,44,6,479,0,2,6,0,8,308,123,50,6,487,0,0,0,487
03/30/2013,IND,IN,AGL,CE,Combined TRACON& Tower with Radar,203,104,24,0,331,0,0,8,0,8,203,104,32,0,339,0,0,0,339
03/31/2013,IND,IN,AGL,CE,Combined TRACON& Tower with Radar,179,125,23,0,327,0,0,2,0,2,179,125,25,0,329,0,0,0,329
04/01/2013,IND,IN,AGL,CE,Combined TRACON& Tower with Radar,224,113,24,0,361,0,0,3,0,3,224,113,27,0,364,0,0,0,364
04/02/2013,IND,IN,AGL,CE,Combined TRACON& Tower with Radar,353,109,34,0,496,0,0,10,2,12,353,109,44,2,508,0,0,0,508
04/03/2013,IND,IN,AGL,CE,Combined TRACON& Tower with Radar,352,117,38,1,508,0,0,8,0,8,352,117,46,1,516,0,0,0,516
04/04/2013,IND,IN,AGL,CE,Combined TRACON& Tower with Radar,343,115,37,2,497,0,0,1,0,1,343,115,38,2,498,0,0,0,498
04/05/2013,IND,IN,AGL,CE,Combined TRACON& Tower with Radar,308,117,24,1,450,0,4,10,2,16,308,121,34,3,466,0,0,0,466
04/06/2013,IND,IN,AGL,CE,Combined TRACON& Tower with Radar,199,90,22,1,312,0,0,3,0,3,199,90,25,1,315,0,0,0,315
04/07/2013,IND,IN,AGL,CE,Combined TRACON& Tower with Radar,189,115,19,0,323,0,4,3,0,7,189,119,22,0,330,0,0,0,330
04/08/2013,IND,IN,AGL,CE,Combined TRACON& Tower with Radar,215,108,40,4,367,0,0,5,0,5,215,108,45,4,372,0,0,0,372
04/09/2013,IND,IN,AGL,CE,Combined TRACON& Tower with Radar,332,122,53,6,513,0,0,4,0,4,332,122,57,6,517,0,0,0,517
04/10/2013,IND,IN,AGL,CE,Combined TRACON& Tower with Radar,342,117,56,0,515,0,0,0,0,0,342,117,56,0,515,0,0,0,515
04/11/2013,IND,IN,AGL,CE,Combined TRACON& Tower with Radar,333,118,64,2,517,0,0,1,0,1,333,118,65,2,518,0,0,0,518
04/12/2013,IND,IN,AGL,CE,Combined TRACON& Tower with Radar,306,120,42,11,479,0,0,3,0,3,306,120,45,11,482,0,0,0,482
04/13/2013,IND,IN,AGL,CE,Combined TRACON& Tower with Radar,200,77,18,1,296,0,1,2,0,3,200,78,20,1,299,0,0,0,299
04/14/2013,IND,IN,AGL,CE,Combined TRACON& Tower with Radar,187,104,19,4,314,0,0,2,0,2,187,104,21,4,316,0,0,0,316
04/15/2013,IND,IN,AGL,CE,Combined TRACON& Tower with Radar,211,112,45,4,372,0,0,5,0,5,211,112,50,4,377,0,0,0,377
04/16/2013,IND,IN,AGL,CE,Combined TRACON& Tower with Radar,317,134,62,2,515,0,0,0,0,0,317,134,62,2,515,0,0,0,515
04/17/2013,IND,IN,AGL,CE,Combined TRACON& Tower with Radar,361,126,69,4,560,0,3,1,0,4,361,129,70,4,564,0,0,0,564
04/18/2013,IND,IN,AGL,CE,Combined TRACON& Tower with Radar,325,102,48,4,479,0,2,1,0,3,325,104,49,4,482,0,0,0,482
04/19/2013,IND,IN,AGL,CE,Combined TRACON& Tower with Radar,298,117,31,2,448,0,0,0,0,0,298,117,31,2,448,0,0,0,448
04/20/2013,IND,IN,AGL,CE,Combined TRACON& Tower with Radar,191,75,7,2,275,0,0,2,2,4,191,75,9,4,279,0,0,0,279
04/21/2013,IND,IN,AGL,CE,Combined TRACON& Tower with Radar,183,107,7,0,297,0,1,7,0,8,183,108,14,0,305,0,0,0,305
04/22/2013,IND,IN,AGL,CE,Combined TRACON& Tower with Radar,206,98,35,2,341,0,0,10,0,10,206,98,45,2,351,0,0,0,351
04/23/2013,IND,IN,AGL,CE,Combined TRACON& Tower with Radar,319,112,35,3,469,0,1,5,0,6,319,113,40,3,475,0,0,0,475
04/24/2013,IND,IN,AGL,CE,Combined TRACON& Tower with Radar,332,140,70,3,545,0,0,1,0,1,332,140,71,3,546,0,0,0,546
04/25/2013,IND,IN,AGL,CE,Combined TRACON& Tower with Radar,334,119,42,2,497,0,2,10,1,13,334,121,52,3,510,0,0,0,510
04/26/2013,IND,IN,AGL,CE,Combined TRACON& Tower with Radar,303,117,63,2,485,0,1,10,0,11,303,118,73,2,496,0,0,0,496
04/27/2013,IND,IN,AGL,CE,Combined TRACON& Tower with Radar,173,78,33,0,284,0,0,4,0,4,173,78,37,0,288,0,0,0,288
04/28/2013,IND,IN,AGL,CE,Combined TRACON& Tower with Radar,186,109,21,0,316,0,0,0,0,0,186,109,21,0,316,0,0,0,316
04/29/2013,IND,IN,AGL,CE,Combined TRACON& Tower with Radar,212,106,39,4,361,0,2,2,0,4,212,108,41,4,365,0,0,0,365
04/30/2013,IND,IN,AGL,CE,Combined TRACON& Tower with Radar,343,121,41,4,509,0,1,15,0,16,343,122,56,4,525,0,0,0,525
05/01/2013,IND,IN,AGL,CE,Combined TRACON& Tower with Radar,340,116,56,4,516,0,0,6,0,6,340,116,62,4,522,0,0,0,522
05/02/2013,IND,IN,AGL,CE,Combined TRACON& Tower with Radar,341,102,39,4,486,0,1,12,0,13,341,103,51,4,499,0,0,0,499
05/03/2013,IND,IN,AGL,CE,Combined TRACON& Tower with Radar,305,103,27,2,437,0,0,3,0,3,305,103,30,2,440,0,0,0,440
05/04/2013,IND,IN,AGL,CE,Combined TRACON& Tower with Radar,181,76,10,1,268,0,0,2,0,2,181,76,12,1,270,0,0,0,270
05/05/2013,IND,IN,AGL,CE,Combined TRACON& Tower with Radar,199,92,23,0,314,0,0,1,0,1,199,92,24,0,315,0,0,0,315
05/06/2013,IND,IN,AGL,CE,Combined TRACON& Tower with Radar,223,107,43,7,380,0,1,1,2,4,223,108,44,9,384,0,0,0,384
05/07/2013,IND,IN,AGL,CE,Combined TRACON& Tower with Radar,355,102,48,4,509,0,1,1,0,2,355,103,49,4,511,0,0,0,511
05/08/2013,IND,IN,AGL,CE,Combined TRACON& Tower with Radar,341,119,27,3,490,0,1,14,4,19,341,120,41,7,509,0,0,0,509
05/09/2013,IND,IN,AGL,CE,Combined TRACON& Tower with Radar,341,113,51,8,513,0,0,6,0,6,341,113,57,8,519,0,0,0,519
05/10/2013,IND,IN,AGL,CE,Combined TRACON& Tower with Radar,323,97,49,4,473,0,1,4,0,5,323,98,53,4,478,0,0,0,478
05/11/2013,IND,IN,AGL,CE,Combined TRACON& Tower with Radar,192,72,24,0,288,0,0,2,0,2,192,72,26,0,290,0,0,0,290
05/12/2013,IND,IN,AGL,CE,Combined TRACON& Tower with Radar,194,101,19,0,314,0,0,0,4,4,194,101,19,4,318,0,0,0,318
05/13/2013,IND,IN,AGL,CE,Combined TRACON& Tower with Radar,220,107,40,4,371,0,1,4,0,5,220,108,44,4,376,0,0,0,376
05/14/2013,IND,IN,AGL,CE,Combined TRACON& Tower with Radar,351,104,68,4,527,0,7,9,0,16,351,111,77,4,543,0,0,0,543
05/15/2013,IND,IN,AGL,CE,Combined TRACON& Tower with Radar,335,103,60,3,501,0,6,5,0,11,335,109,65,3,512,0,0,0,512
05/16/2013,IND,IN,AGL,CE,Combined TRACON& Tower with Radar,354,102,57,2,515,0,5,5,0,10,354,107,62,2,525,0,0,0,525
05/17/2013,IND,IN,AGL,CE,Combined TRACON& Tower with Radar,319,115,39,5,478,0,0,4,0,4,319,115,43,5,482,0,0,0,482
05/18/2013,IND,IN,AGL,CE,Combined TRACON& Tower with Radar,183,72,23,2,280,0,2,2,0,4,183,74,25,2,284,0,0,0,284
05/19/2013,IND,IN,AGL,CE,Combined TRACON& Tower with Radar,202,113,39,2,356,0,0,1,0,1,202,113,40,2,357,0,0,0,357
05/20/2013,IND,IN,AGL,CE,Combined TRACON& Tower with Radar,221,91,67,2,381,0,0,5,0,5,221,91,72,2,386,0,0,0,386
05/21/2013,IND,IN,AGL,CE,Combined TRACON& Tower with Radar,356,104,55,1,516,0,2,4,0,6,356,106,59,1,522,0,0,0,522
05/22/2013,IND,IN,AGL,CE,Combined TRACON& Tower with Radar,347,114,50,5,516,0,2,3,0,5,347,116,53,5,521,0,0,0,521
05/23/2013,IND,IN,AGL,CE,Combined TRACON& Tower with Radar,337,126,44,2,509,0,2,4,0,6,337,128,48,2,515,0,0,0,515
05/24/2013,IND,IN,AGL,CE,Combined TRACON& Tower with Radar,323,119,78,4,524,0,3,5,0,8,323,122,83,4,532,0,0,0,532
05/25/2013,IND,IN,AGL,CE,Combined TRACON& Tower with Radar,188,68,30,1,287,0,3,5,0,8,188,71,35,1,295,0,0,0,295
05/26/2013,IND,IN,AGL,CE,Combined TRACON& Tower with Radar,164,98,101,3,366,0,0,27,0,27,164,98,128,3,393,0,0,0,393
05/27/2013,IND,IN,AGL,CE,Combined TRACON& Tower with Radar,222,100,42,0,364,0,1,3,0,4,222,101,45,0,368,0,0,0,368
05/28/2013,IND,IN,AGL,CE,Combined TRACON& Tower with Radar,232,102,36,4,374,0,1,2,0,3,232,103,38,4,377,0,0,0,377
05/29/2013,IND,IN,AGL,CE,Combined TRACON& Tower with Radar,362,108,53,6,529,0,1,6,0,7,362,109,59,6,536,0,0,0,536
05/30/2013,IND,IN,AGL,CE,Combined TRACON& Tower with Radar,352,104,56,2,514,0,1,4,0,5,352,105,60,2,519,0,0,0,519
05/31/2013,IND,IN,AGL,CE,Combined TRACON& Tower with Radar,329,103,28,2,462,0,0,3,0,3,329,103,31,2,465,0,0,0,465
06/01/2013,IND,IN,AGL,CE,Combined TRACON& Tower with Radar,193,79,34,0,306,0,1,1,0,2,193,80,35,0,308,0,0,0,308
06/02/2013,IND,IN,AGL,CE,Combined TRACON& Tower with Radar,194,95,20,4,313,0,0,4,0,4,194,95,24,4,317,0,0,0,317
06/03/2013,IND,IN,AGL,CE,Combined TRACON& Tower with Radar,229,95,41,1,366,0,1,2,1,4,229,96,43,2,370,0,0,0,370
06/04/2013,IND,IN,AGL,CE,Combined TRACON& Tower with Radar,349,100,57,5,511,0,0,11,0,11,349,100,68,5,522,0,0,0,522
06/05/2013,IND,IN,AGL,CE,Combined TRACON& Tower with Radar,337,114,55,2,508,0,3,10,0,13,337,117,65,2,521,0,0,0,521
06/06/2013,IND,IN,AGL,CE,Combined TRACON& Tower with Radar,356,111,32,5,504,0,2,4,0,6,356,113,36,5,510,0,0,0,510
06/07/2013,IND,IN,AGL,CE,Combined TRACON& Tower with Radar,298,103,42,5,448,0,2,4,0,6,298,105,46,5,454,0,0,0,454
06/08/2013,IND,IN,AGL,CE,Combined TRACON& Tower with Radar,207,83,5,2,297,0,0,4,0,4,207,83,9,2,301,0,0,0,301
06/09/2013,IND,IN,AGL,CE,Combined TRACON& Tower with Radar,188,99,15,0,302,0,0,3,0,3,188,99,18,0,305,0,0,0,305
06/10/2013,IND,IN,AGL,CE,Combined TRACON& Tower with Radar,221,111,28,2,362,0,2,2,0,4,221,113,30,2,366,0,0,0,366
06/11/2013,IND,IN,AGL,CE,Combined TRACON& Tower with Radar,351,119,51,4,525,0,1,5,0,6,351,120,56,4,531,0,0,0,531
06/12/2013,IND,IN,AGL,CE,Combined TRACON& Tower with Radar,340,115,58,4,517,0,1,3,0,4,340,116,61,4,521,0,0,0,521
06/13/2013,IND,IN,AGL,CE,Combined TRACON& Tower with Radar,338,114,35,2,489,0,0,1,0,1,338,114,36,2,490,0,0,0,490
06/14/2013,IND,IN,AGL,CE,Combined TRACON& Tower with Radar,324,116,35,2,477,0,3,10,0,13,324,119,45,2,490,0,0,0,490
06/15/2013,IND,IN,AGL,CE,Combined TRACON& Tower with Radar,222,80,8,2,312,0,0,4,0,4,222,80,12,2,316,0,0,0,316
06/16/2013,IND,IN,AGL,CE,Combined TRACON& Tower with Radar,192,108,21,0,321,0,0,1,0,1,192,108,22,0,322,0,0,0,322
06/17/2013,IND,IN,AGL,CE,Combined TRACON& Tower with Radar,216,118,43,4,381,0,1,5,0,6,216,119,48,4,387,0,0,0,387
06/18/2013,IND,IN,AGL,CE,Combined TRACON& Tower with Radar,339,123,27,2,491,0,2,5,0,7,339,125,32,2,498,0,0,0,498
06/19/2013,IND,IN,AGL,CE,Combined TRACON& Tower with Radar,358,116,67,3,544,0,1,18,0,19,358,117,85,3,563,0,0,0,563
06/20/2013,IND,IN,AGL,CE,Combined TRACON& Tower with Radar,345,124,28,6,503,0,0,9,0,9,345,124,37,6,512,0,0,0,512
06/21/2013,IND,IN,AGL,CE,Combined TRACON& Tower with Radar,317,103,23,4,447,0,8,5,0,13,317,111,28,4,460,0,0,0,460
06/22/2013,IND,IN,AGL,CE,Combined TRACON& Tower with Radar,215,95,14,3,327,0,0,1,0,1,215,95,15,3,328,0,0,0,328
06/23/2013,IND,IN,AGL,CE,Combined TRACON& Tower with Radar,199,104,15,2,320,0,1,1,0,2,199,105,16,2,322,0,0,0,322
06/24/2013,IND,IN,AGL,CE,Combined TRACON& Tower with Radar,233,102,46,8,389,0,0,4,0,4,233,102,50,8,393,0,0,0,393
06/25/2013,IND,IN,AGL,CE,Combined TRACON& Tower with Radar,337,117,36,4,494,0,0,5,0,5,337,117,41,4,499,0,0,0,499
06/26/2013,IND,IN,AGL,CE,Combined TRACON& Tower with Radar,344,113,41,5,503,0,0,2,0,2,344,113,43,5,505,0,0,0,505
06/27/2013,IND,IN,AGL,CE,Combined TRACON& Tower with Radar,373,115,30,0,518,0,0,4,0,4,373,115,34,0,522,0,0,0,522
06/28/2013,IND,IN,AGL,CE,Combined TRACON& Tower with Radar,303,106,51,0,460,0,0,6,0,6,303,106,57,0,466,0,0,0,466
06/29/2013,IND,IN,AGL,CE,Combined TRACON& Tower with Radar,219,88,24,2,333,0,0,3,0,3,219,88,27,2,336,0,0,0,336
06/30/2013,IND,IN,AGL,CE,Combined TRACON& Tower with Radar,183,95,15,1,294,0,0,0,1,1,183,95,15,2,295,0,0,0,295
07/01/2013,IND,IN,AGL,CE,Combined TRACON& Tower with Radar,221,88,23,1,333,0,0,0,0,0,221,88,23,1,333,0,0,0,333
07/02/2013,IND,IN,AGL,CE,Combined TRACON& Tower with Radar,333,93,26,0,452,0,0,0,0,0,333,93,26,0,452,0,0,0,452
07/03/2013,IND,IN,AGL,CE,Combined TRACON& Tower with Radar,337,102,21,0,460,0,1,8,0,9,337,103,29,0,469,0,0,0,469
07/04/2013,IND,IN,AGL,CE,Combined TRACON& Tower with Radar,203,58,4,0,265,0,2,2,0,4,203,60,6,0,269,0,0,0,269
07/05/2013,IND,IN,AGL,CE,Combined TRACON& Tower with Radar,235,63,17,2,317,0,0,1,0,1,235,63,18,2,318,0,0,0,318
07/06/2013,IND,IN,AGL,CE,Combined TRACON& Tower with Radar,213,85,8,0,306,0,1,0,0,1,213,86,8,0,307,0,0,0,307
07/07/2013,IND,IN,AGL,CE,Combined TRACON& Tower with Radar,194,103,24,2,323,0,0,3,0,3,194,103,27,2,326,0,0,0,326
07/08/2013,IND,IN,AGL,CE,Combined TRACON& Tower with Radar,233,100,49,2,384,0,2,6,0,8,233,102,55,2,392,0,0,0,392
07/09/2013,IND,IN,AGL,CE,Combined TRACON& Tower with Radar,350,113,49,2,514,0,1,2,0,3,350,114,51,2,517,0,0,0,517
07/10/2013,IND,IN,AGL,CE,Combined TRACON& Tower with Radar,332,100,57,3,492,0,1,1,2,4,332,101,58,5,496,0,0,0,496
07/11/2013,IND,IN,AGL,CE,Combined TRACON& Tower with Radar,358,126,63,2,549,0,1,10,0,11,358,127,73,2,560,0,0,0,560
07/12/2013,IND,IN,AGL,CE,Combined TRACON& Tower with Radar,316,110,40,4,470,0,1,8,0,9,316,111,48,4,479,0,0,0,479
07/13/2013,IND,IN,AGL,CE,Combined TRACON& Tower with Radar,212,87,14,0,313,0,2,4,0,6,212,89,18,0,319,0,0,0,319
07/14/2013,IND,IN,AGL,CE,Combined TRACON& Tower with Radar,203,103,18,0,324,0,1,3,0,4,203,104,21,0,328,0,0,0,328
07/15/2013,IND,IN,AGL,CE,Combined TRACON& Tower with Radar,230,105,33,1,369,0,4,7,2,13,230,109,40,3,382,0,0,0,382
07/16/2013,IND,IN,AGL,CE,Combined TRACON& Tower with Radar,353,124,39,2,518,0,1,4,2,7,353,125,43,4,525,0,0,0,525
07/17/2013,IND,IN,AGL,CE,Combined TRACON& Tower with Radar,343,121,40,2,506,0,0,1,2,3,343,121,41,4,509,0,0,0,509
07/18/2013,IND,IN,AGL,CE,Combined TRACON& Tower with Radar,349,110,61,2,522,0,0,3,2,5,349,110,64,4,527,0,0,0,527
07/19/2013,IND,IN,AGL,CE,Combined TRACON& Tower with Radar,312,109,34,3,458,0,0,4,0,4,312,109,38,3,462,0,0,0,462
07/20/2013,IND,IN,AGL,CE,Combined TRACON& Tower with Radar,210,87,10,2,309,0,0,0,0,0,210,87,10,2,309,0,0,0,309
07/21/2013,IND,IN,AGL,CE,Combined TRACON& Tower with Radar,207,94,14,2,317,0,3,0,0,3,207,97,14,2,320,0,0,0,320
07/22/2013,IND,IN,AGL,CE,Combined TRACON& Tower with Radar,218,122,61,5,406,0,4,1,0,5,218,126,62,5,411,0,0,0,411
07/23/2013,IND,IN,AGL,CE,Combined TRACON& Tower with Radar,349,120,39,2,510,0,1,3,0,4,349,121,42,2,514,0,0,0,514
07/24/2013,IND,IN,AGL,CE,Combined TRACON& Tower with Radar,348,134,53,4,539,0,1,8,0,9,348,135,61,4,548,0,0,0,548
07/25/2013,IND,IN,AGL,CE,Combined TRACON& Tower with Radar,347,112,89,8,556,0,1,12,2,15,347,113,101,10,571,0,0,0,571
07/26/2013,IND,IN,AGL,CE,Combined TRACON& Tower with Radar,316,117,44,6,483,0,2,7,0,9,316,119,51,6,492,0,0,0,492
07/27/2013,IND,IN,AGL,CE,Combined TRACON& Tower with Radar,210,85,39,1,335,0,0,1,0,1,210,85,40,1,336,0,0,0,336
07/28/2013,IND,IN,AGL,CE,Combined TRACON& Tower with Radar,203,116,103,7,429,0,1,17,2,20,203,117,120,9,449,0,0,0,449
07/29/2013,IND,IN,AGL,CE,Combined TRACON& Tower with Radar,228,118,41,3,390,0,0,2,0,2,228,118,43,3,392,0,0,0,392
07/30/2013,IND,IN,AGL,CE,Combined TRACON& Tower with Radar,367,112,54,2,535,0,1,3,1,5,367,113,57,3,540,0,0,0,540
07/31/2013,IND,IN,AGL,CE,Combined TRACON& Tower with Radar,344,112,46,2,504,1,2,0,0,3,345,114,46,2,507,0,0,0,507
08/01/2013,IND,IN,AGL,CE,Combined TRACON& Tower with Radar,354,123,50,2,529,0,2,4,0,6,354,125,54,2,535,0,0,0,535
08/02/2013,IND,IN,AGL,CE,Combined TRACON& Tower with Radar,328,128,27,4,487,0,1,7,0,8,328,129,34,4,495,0,0,0,495
08/03/2013,IND,IN,AGL,CE,Combined TRACON& Tower with Radar,204,91,13,2,310,0,1,5,0,6,204,92,18,2,316,0,0,0,316
08/04/2013,IND,IN,AGL,CE,Combined TRACON& Tower with Radar,209,99,14,0,322,0,3,8,0,11,209,102,22,0,333,0,0,0,333
08/05/2013,IND,IN,AGL,CE,Combined TRACON& Tower with Radar,223,104,42,4,373,0,1,2,0,3,223,105,44,4,376,0,0,0,376
08/06/2013,IND,IN,AGL,CE,Combined TRACON& Tower with Radar,350,105,70,4,529,0,0,9,0,9,350,105,79,4,538,0,0,0,538
08/07/2013,IND,IN,AGL,CE,Combined TRACON& Tower with Radar,346,111,39,1,497,0,0,6,0,6,346,111,45,1,503,0,0,0,503
08/08/2013,IND,IN,AGL,CE,Combined TRACON& Tower with Radar,362,113,48,0,523,0,0,2,0,2,362,113,50,0,525,0,0,0,525
08/09/2013,IND,IN,AGL,CE,Combined TRACON& Tower with Radar,324,115,38,5,482,0,0,5,0,5,324,115,43,5,487,0,0,0,487
08/10/2013,IND,IN,AGL,CE,Combined TRACON& Tower with Radar,216,102,19,0,337,0,2,3,0,5,216,104,22,0,342,0,0,0,342
08/11/2013,IND,IN,AGL,CE,Combined TRACON& Tower with Radar,210,105,22,1,338,0,0,5,0,5,210,105,27,1,343,0,0,0,343
08/12/2013,IND,IN,AGL,CE,Combined TRACON& Tower with Radar,210,94,30,2,336,0,1,6,0,7,210,95,36,2,343,0,0,0,343
08/13/2013,IND,IN,AGL,CE,Combined TRACON& Tower with Radar,334,108,30,2,474,0,0,5,1,6,334,108,35,3,480,0,0,0,480
08/14/2013,IND,IN,AGL,CE,Combined TRACON& Tower with Radar,331,104,60,4,499,0,3,12,0,15,331,107,72,4,514,0,0,0,514
08/15/2013,IND,IN,AGL,CE,Combined TRACON& Tower with Radar,339,114,34,2,489,0,1,13,0,14,339,115,47,2,503,0,0,0,503
08/16/2013,IND,IN,AGL,CE,Combined TRACON& Tower with Radar,293,111,38,4,446,0,1,10,0,11,293,112,48,4,457,0,0,0,457
08/17/2013,IND,IN,AGL,CE,Combined TRACON& Tower with Radar,183,82,14,0,279,0,2,9,0,11,183,84,23,0,290,0,0,0,290
08/18/2013,IND,IN,AGL,CE,Combined TRACON& Tower with Radar,185,110,17,6,318,0,0,6,0,6,185,110,23,6,324,0,0,0,324
08/19/2013,IND,IN,AGL,CE,Combined TRACON& Tower with Radar,229,108,37,4,378,0,2,5,0,7,229,110,42,4,385,0,0,0,385
08/20/2013,IND,IN,AGL,CE,Combined TRACON& Tower with Radar,363,92,45,0,500,0,2,4,0,6,363,94,49,0,506,0,0,0,506
08/21/2013,IND,IN,AGL,CE,Combined TRACON& Tower with Radar,346,90,38,4,478,0,3,6,1,10,346,93,44,5,488,0,0,0,488
08/22/2013,IND,IN,AGL,CE,Combined TRACON& Tower with Radar,325,100,45,3,473,0,0,2,0,2,325,100,47,3,475,0,0,0,475
08/23/2013,IND,IN,AGL,CE,Combined TRACON& Tower with Radar,315,107,31,4,457,0,0,8,0,8,315,107,39,4,465,0,0,0,465
08/24/2013,IND,IN,AGL,CE,Combined TRACON& Tower with Radar,176,61,16,9,262,0,4,1,1,6,176,65,17,10,268,0,0,0,268
08/25/2013,IND,IN,AGL,CE,Combined TRACON& Tower with Radar,189,92,22,3,306,0,3,2,0,5,189,95,24,3,311,0,0,0,311
08/26/2013,IND,IN,AGL,CE,Combined TRACON& Tower with Radar,227,99,38,4,368,0,0,9,0,9,227,99,47,4,377,0,0,0,377
08/27/2013,IND,IN,AGL,CE,Combined TRACON& Tower with Radar,329,112,48,2,491,0,0,11,0,11,329,112,59,2,502,0,0,0,502
08/28/2013,IND,IN,AGL,CE,Combined TRACON& Tower with Radar,327,105,52,7,491,0,1,8,0,9,327,106,60,7,500,0,0,0,500
08/29/2013,IND,IN,AGL,CE,Combined TRACON& Tower with Radar,365,112,56,0,533,0,0,6,0,6,365,112,62,0,539,0,0,0,539
08/30/2013,IND,IN,AGL,CE,Combined TRACON& Tower with Radar,325,109,19,3,456,0,0,9,0,9,325,109,28,3,465,0,0,0,465
08/31/2013,IND,IN,AGL,CE,Combined TRACON& Tower with Radar,170,67,9,0,246,0,0,3,0,3,170,67,12,0,249,0,0,0,249
09/01/2013,IND,IN,AGL,CE,Combined TRACON& Tower with Radar,129,57,7,0,193,0,0,3,0,3,129,57,10,0,196,0,0,0,196
09/02/2013,IND,IN,AGL,CE,Combined TRACON& Tower with Radar,169,79,18,0,266,0,0,0,0,0,169,79,18,0,266,0,0,0,266
09/03/2013,IND,IN,AGL,CE,Combined TRACON& Tower with Radar,207,103,42,2,354,0,2,12,0,14,207,105,54,2,368,0,0,0,368
09/04/2013,IND,IN,AGL,CE,Combined TRACON& Tower with Radar,344,106,39,3,492,0,2,19,0,21,344,108,58,3,513,0,0,0,513
09/05/2013,IND,IN,AGL,CE,Combined TRACON& Tower with Radar,343,107,40,0,490,0,5,9,0,14,343,112,49,0,504,0,0,0,504
09/06/2013,IND,IN,AGL,CE,Combined TRACON& Tower with Radar,306,109,40,7,462,0,0,2,0,2,306,109,42,7,464,0,0,0,464
09/07/2013,IND,IN,AGL,CE,Combined TRACON& Tower with Radar,173,69,11,0,253,0,3,1,0,4,173,72,12,0,257,0,0,0,257
09/08/2013,IND,IN,AGL,CE,Combined TRACON& Tower with Radar,194,98,15,0,307,0,1,5,0,6,194,99,20,0,313,0,0,0,313
09/09/2013,IND,IN,AGL,CE,Combined TRACON& Tower with Radar,214,96,55,2,367,0,0,12,2,14,214,96,67,4,381,0,0,0,381
09/10/2013,IND,IN,AGL,CE,Combined TRACON& Tower with Radar,325,114,43,0,482,0,0,8,1,9,325,114,51,1,491,0,0,0,491
09/11/2013,IND,IN,AGL,CE,Combined TRACON& Tower with Radar,328,102,47,4,481,0,0,9,0,9,328,102,56,4,490,0,0,0,490
09/12/2013,IND,IN,AGL,CE,Combined TRACON& Tower with Radar,327,100,48,0,475,0,0,2,0,2,327,100,50,0,477,0,0,0,477
09/13/2013,IND,IN,AGL,CE,Combined TRACON& Tower with Radar,312,109,35,2,458,0,3,1,0,4,312,112,36,2,462,0,0,0,462
09/14/2013,IND,IN,AGL,CE,Combined TRACON& Tower with Radar,178,67,13,0,258,0,0,16,2,18,178,67,29,2,276,0,0,0,276
09/15/2013,IND,IN,AGL,CE,Combined TRACON& Tower with Radar,192,99,22,0,313,0,1,6,0,7,192,100,28,0,320,0,0,0,320
09/16/2013,IND,IN,AGL,CE,Combined TRACON& Tower with Radar,214,105,47,4,370,0,1,5,0,6,214,106,52,4,376,0,0,0,376
09/17/2013,IND,IN,AGL,CE,Combined TRACON& Tower with Radar,333,109,46,0,488,0,1,23,1,25,333,110,69,1,513,0,0,0,513
09/18/2013,IND,IN,AGL,CE,Combined TRACON& Tower with Radar,344,101,55,2,502,0,4,14,1,19,344,105,69,3,521,0,0,0,521
09/19/2013,IND,IN,AGL,CE,Combined TRACON& Tower with Radar,343,94,49,0,486,0,0,4,0,4,343,94,53,0,490,0,0,0,490
09/20/2013,IND,IN,AGL,CE,Combined TRACON& Tower with Radar,299,107,28,10,444,0,0,2,0,2,299,107,30,10,446,0,0,0,446
09/21/2013,IND,IN,AGL,CE,Combined TRACON& Tower with Radar,178,79,16,10,283,0,2,92,0,94,178,81,108,10,377,0,0,0,377
09/22/2013,IND,IN,AGL,CE,Combined TRACON& Tower with Radar,192,100,39,1,332,0,0,5,0,5,192,100,44,1,337,0,0,0,337
09/23/2013,IND,IN,AGL,CE,Combined TRACON& Tower with Radar,218,106,36,1,361,0,0,21,0,21,218,106,57,1,382,0,0,0,382
09/24/2013,IND,IN,AGL,CE,Combined TRACON& Tower with Radar,334,117,40,0,491,0,1,3,5,9,334,118,43,5,500,0,0,0,500
09/25/2013,IND,IN,AGL,CE,Combined TRACON& Tower with Radar,334,117,51,2,504,0,1,6,2,9,334,118,57,4,513,0,0,0,513
09/26/2013,IND,IN,AGL,CE,Combined TRACON& Tower with Radar,339,108,40,2,489,0,0,21,0,21,339,108,61,2,510,0,0,0,510
09/27/2013,IND,IN,AGL,CE,Combined TRACON& Tower with Radar,309,107,33,3,452,0,4,8,2,14,309,111,41,5,466,0,0,0,466
09/28/2013,IND,IN,AGL,CE,Combined TRACON& Tower with Radar,165,70,6,1,242,0,1,9,0,10,165,71,15,1,252,0,0,0,252
09/29/2013,IND,IN,AGL,CE,Combined TRACON& Tower with Radar,193,99,24,1,317,0,0,0,0,0,193,99,24,1,317,0,0,0,317
09/30/2013,IND,IN,AGL,CE,Combined TRACON& Tower with Radar,206,102,64,1,373,0,0,13,0,13,206,102,77,1,386,0,0,0,386
10/01/2013,IND,IN,AGL,CE,Combined TRACON& Tower with Radar,343,119,57,0,519,0,0,1,0,1,343,119,58,0,520,0,0,0,520
10/02/2013,IND,IN,AGL,CE,Combined TRACON& Tower with Radar,341,114,48,0,503,0,0,5,0,5,341,114,53,0,508,0,0,0,508
10/03/2013,IND,IN,AGL,CE,Combined TRACON& Tower with Radar,345,104,45,0,494,0,0,4,0,4,345,104,49,0,498,0,0,0,498
10/04/2013,IND,IN,AGL,CE,Combined TRACON& Tower with Radar,314,119,53,2,488,0,0,1,0,1,314,119,54,2,489,0,0,0,489
10/05/2013,IND,IN,AGL,CE,Combined TRACON& Tower with Radar,187,74,13,0,274,0,0,3,0,3,187,74,16,0,277,0,0,0,277
10/06/2013,IND,IN,AGL,CE,Combined TRACON& Tower with Radar,200,94,28,0,322,0,1,0,0,1,200,95,28,0,323,0,0,0,323
10/07/2013,IND,IN,AGL,CE,Combined TRACON& Tower with Radar,220,106,35,0,361,0,0,4,0,4,220,106,39,0,365,0,0,0,365
10/08/2013,IND,IN,AGL,CE,Combined TRACON& Tower with Radar,330,114,49,0,493,0,0,4,0,4,330,114,53,0,497,0,0,0,497
10/09/2013,IND,IN,AGL,CE,Combined TRACON& Tower with Radar,345,121,65,0,531,0,2,9,0,11,345,123,74,0,542,0,0,0,542
10/10/2013,IND,IN,AGL,CE,Combined TRACON& Tower with Radar,342,123,49,0,514,0,0,8,0,8,342,123,57,0,522,0,0,0,522
10/11/2013,IND,IN,AGL,CE,Combined TRACON& Tower with Radar,304,103,42,0,449,0,0,4,0,4,304,103,46,0,453,0,0,0,453
10/12/2013,IND,IN,AGL,CE,Combined TRACON& Tower with Radar,186,81,15,0,282,0,0,2,0,2,186,81,17,0,284,0,0,0,284
10/13/2013,IND,IN,AGL,CE,Combined TRACON& Tower with Radar,190,92,23,0,305,0,2,5,0,7,190,94,28,0,312,0,0,0,312
10/14/2013,IND,IN,AGL,CE,Combined TRACON& Tower with Radar,217,105,41,0,363,0,1,8,0,9,217,106,49,0,372,0,0,0,372
10/15/2013,IND,IN,AGL,CE,Combined TRACON& Tower with Radar,342,112,48,0,502,2,0,3,0,5,344,112,51,0,507,0,0,0,507
10/16/2013,IND,IN,AGL,CE,Combined TRACON& Tower with Radar,347,105,75,0,527,3,0,3,0,6,350,105,78,0,533,0,0,0,533
10/17/2013,IND,IN,AGL,CE,Combined TRACON& Tower with Radar,341,111,49,0,501,0,0,2,0,2,341,111,51,0,503,0,0,0,503
10/18/2013,IND,IN,AGL,CE,Combined TRACON& Tower with Radar,313,119,50,0,482,0,0,8,0,8,313,119,58,0,490,0,0,0,490
10/19/2013,IND,IN,AGL,CE,Combined TRACON& Tower with Radar,176,77,18,0,271,0,1,2,0,3,176,78,20,0,274,0,0,0,274
10/20/2013,IND,IN,AGL,CE,Combined TRACON& Tower with Radar,199,123,48,0,370,4,2,11,0,17,203,125,59,0,387,0,0,0,387
10/21/2013,IND,IN,AGL,CE,Combined TRACON& Tower with Radar,218,107,71,0,396,0,0,9,0,9,218,107,80,0,405,0,0,0,405
10/22/2013,IND,IN,AGL,CE,Combined TRACON& Tower with Radar,333,110,44,0,487,0,2,3,2,7,333,112,47,2,494,0,0,0,494
10/23/2013,IND,IN,AGL,CE,Combined TRACON& Tower with Radar,346,105,50,0,501,0,0,3,0,3,346,105,53,0,504,0,0,0,504
10/24/2013,IND,IN,AGL,CE,Combined TRACON& Tower with Radar,350,111,53,0,514,0,1,7,0,8,350,112,60,0,522,0,0,0,522
10/25/2013,IND,IN,AGL,CE,Combined TRACON& Tower with Radar,308,122,42,0,472,0,0,8,1,9,308,122,50,1,481,0,0,0,481
10/26/2013,IND,IN,AGL,CE,Combined TRACON& Tower with Radar,185,77,16,0,278,0,3,3,1,7,185,80,19,1,285,0,0,0,285
10/27/2013,IND,IN,AGL,CE,Combined TRACON& Tower with Radar,198,105,15,0,318,0,0,2,0,2,198,105,17,0,320,0,0,0,320
10/28/2013,IND,IN,AGL,CE,Combined TRACON& Tower with Radar,218,108,37,0,363,0,0,10,0,10,218,108,47,0,373,0,0,0,373
10/29/2013,IND,IN,AGL,CE,Combined TRACON& Tower with Radar,337,120,35,0,492,0,0,7,0,7,337,120,42,0,499,0,0,0,499
10/30/2013,IND,IN,AGL,CE,Combined TRACON& Tower with Radar,347,114,59,3,523,0,0,0,0,0,347,114,59,3,523,0,0,0,523
10/31/2013,IND,IN,AGL,CE,Combined TRACON& Tower with Radar,325,97,34,0,456,0,0,0,0,0,325,97,34,0,456,0,0,0,456
11/01/2013,IND,IN,AGL,CE,Combined TRACON& Tower with Radar,310,109,24,6,449,0,2,3,2,7,310,111,27,8,456,0,0,0,456
11/02/2013,IND,IN,AGL,CE,Combined TRACON& Tower with Radar,184,77,12,0,273,0,0,0,0,0,184,77,12,0,273,0,0,0,273
11/03/2013,IND,IN,AGL,CE,Combined TRACON& Tower with Radar,192,104,5,1,302,0,0,1,0,1,192,104,6,1,303,0,0,0,303
11/04/2013,IND,IN,AGL,CE,Combined TRACON& Tower with Radar,226,99,30,1,356,0,3,7,0,10,226,102,37,1,366,0,0,0,366
11/05/2013,IND,IN,AGL,CE,Combined TRACON& Tower with Radar,339,117,54,2,512,0,1,2,0,3,339,118,56,2,515,0,0,0,515
11/06/2013,IND,IN,AGL,CE,Combined TRACON& Tower with Radar,352,107,46,4,509,0,0,0,0,0,352,107,46,4,509,0,0,0,509
11/07/2013,IND,IN,AGL,CE,Combined TRACON& Tower with Radar,347,113,58,3,521,0,0,5,0,5,347,113,63,3,526,0,0,0,526
11/08/2013,IND,IN,AGL,CE,Combined TRACON& Tower with Radar,320,109,33,4,466,0,1,3,0,4,320,110,36,4,470,0,0,0,470
11/09/2013,IND,IN,AGL,CE,Combined TRACON& Tower with Radar,187,80,15,2,284,0,2,7,0,9,187,82,22,2,293,0,0,0,293
11/10/2013,IND,IN,AGL,CE,Combined TRACON& Tower with Radar,203,100,23,0,326,0,0,0,0,0,203,100,23,0,326,0,0,0,326
11/11/2013,IND,IN,AGL,CE,Combined TRACON& Tower with Radar,209,107,38,0,354,0,0,6,0,6,209,107,44,0,360,0,0,0,360
11/12/2013,IND,IN,AGL,CE,Combined TRACON& Tower with Radar,344,118,55,2,519,0,0,4,0,4,344,118,59,2,523,0,0,0,523
11/13/2013,IND,IN,AGL,CE,Combined TRACON& Tower with Radar,358,107,50,0,515,0,1,3,0,4,358,108,53,0,519,0,0,0,519
11/14/2013,IND,IN,AGL,CE,Combined TRACON& Tower with Radar,346,119,38,4,507,0,0,5,0,5,346,119,43,4,512,0,0,0,512
11/15/2013,IND,IN,AGL,CE,Combined TRACON& Tower with Radar,320,105,42,1,468,0,0,4,1,5,320,105,46,2,473,0,0,0,473
11/16/2013,IND,IN,AGL,CE,Combined TRACON& Tower with Radar,187,74,12,0,273,0,0,0,0,0,187,74,12,0,273,0,0,0,273
11/17/2013,IND,IN,AGL,CE,Combined TRACON& Tower with Radar,227,82,12,0,321,0,0,0,0,0,227,82,12,0,321,0,0,0,321
11/18/2013,IND,IN,AGL,CE,Combined TRACON& Tower with Radar,215,104,41,4,364,0,0,5,0,5,215,104,46,4,369,0,0,0,369
11/19/2013,IND,IN,AGL,CE,Combined TRACON& Tower with Radar,360,107,37,0,504,0,2,10,0,12,360,109,47,0,516,0,0,0,516
11/20/2013,IND,IN,AGL,CE,Combined TRACON& Tower with Radar,343,105,47,0,495,0,0,3,0,3,343,105,50,0,498,0,0,0,498
11/21/2013,IND,IN,AGL,CE,Combined TRACON& Tower with Radar,345,115,46,2,508,0,0,4,0,4,345,115,50,2,512,0,0,0,512
11/22/2013,IND,IN,AGL,CE,Combined TRACON& Tower with Radar,331,103,36,4,474,0,0,0,0,0,331,103,36,4,474,0,0,0,474
11/23/2013,IND,IN,AGL,CE,Combined TRACON& Tower with Radar,203,81,6,0,290,0,1,2,0,3,203,82,8,0,293,0,0,0,293
11/24/2013,IND,IN,AGL,CE,Combined TRACON& Tower with Radar,182,82,9,1,274,0,1,2,1,4,182,83,11,2,278,0,0,0,278
11/25/2013,IND,IN,AGL,CE,Combined TRACON& Tower with Radar,193,87,25,2,307,0,1,3,0,4,193,88,28,2,311,0,0,0,311
11/26/2013,IND,IN,AGL,CE,Combined TRACON& Tower with Radar,377,117,44,2,540,0,0,13,0,13,377,117,57,2,553,0,0,0,553
11/27/2013,IND,IN,AGL,CE,Combined TRACON& Tower with Radar,380,104,22,0,506,0,0,0,0,0,380,104,22,0,506,0,0,0,506
11/28/2013,IND,IN,AGL,CE,Combined TRACON& Tower with Radar,167,52,3,0,222,0,1,2,0,3,167,53,5,0,225,0,0,0,225
11/29/2013,IND,IN,AGL,CE,Combined TRACON& Tower with Radar,203,55,12,0,270,0,0,5,0,5,203,55,17,0,275,0,0,0,275
11/30/2013,IND,IN,AGL,CE,Combined TRACON& Tower with Radar,227,88,14,0,329,0,0,4,0,4,227,88,18,0,333,0,0,0,333
12/01/2013,IND,IN,AGL,CE,Combined TRACON& Tower with Radar,223,111,23,2,359,0,0,2,0,2,223,111,25,2,361,0,0,0,361
12/02/2013,IND,IN,AGL,CE,Combined TRACON& Tower with Radar,238,112,46,2,398,0,1,1,0,2,238,113,47,2,400,0,0,0,400
12/03/2013,IND,IN,AGL,CE,Combined TRACON& Tower with Radar,368,101,65,7,541,0,0,1,0,1,368,101,66,7,542,0,0,0,542
12/04/2013,IND,IN,AGL,CE,Combined TRACON& Tower with Radar,388,100,46,2,536,0,0,0,0,0,388,100,46,2,536,0,0,0,536
12/05/2013,IND,IN,AGL,CE,Combined TRACON& Tower with Radar,379,110,46,2,537,0,0,0,0,0,379,110,46,2,537,0,0,0,537
12/06/2013,IND,IN,AGL,CE,Combined TRACON& Tower with Radar,395,94,32,2,523,0,0,0,0,0,395,94,32,2,523,0,0,0,523
12/07/2013,IND,IN,AGL,CE,Combined TRACON& Tower with Radar,203,97,53,0,353,0,2,6,0,8,203,99,59,0,361,0,0,0,361
12/08/2013,IND,IN,AGL,CE,Combined TRACON& Tower with Radar,186,89,54,0,329,0,0,0,0,0,186,89,54,0,329,0,0,0,329
12/09/2013,IND,IN,AGL,CE,Combined TRACON& Tower with Radar,219,86,38,2,345,0,1,2,1,4,219,87,40,3,349,0,0,0,349
12/10/2013,IND,IN,AGL,CE,Combined TRACON& Tower with Radar,376,88,38,2,504,0,2,4,0,6,376,90,42,2,510,0,0,0,510
12/11/2013,IND,IN,AGL,CE,Combined TRACON& Tower with Radar,385,101,76,2,564,0,6,0,1,7,385,107,76,3,571,0,0,0,571
12/12/2013,IND,IN,AGL,CE,Combined TRACON& Tower with Radar,404,97,90,2,593,0,1,8,0,9,404,98,98,2,602,0,0,0,602
12/13/2013,IND,IN,AGL,CE,Combined TRACON& Tower with Radar,377,91,65,0,533,0,0,7,0,7,377,91,72,0,540,0,0,0,540
12/14/2013,IND,IN,AGL,CE,Combined TRACON& Tower with Radar,196,47,33,0,276,0,0,0,0,0,196,47,33,0,276,0,0,0,276
12/15/2013,IND,IN,AGL,CE,Combined TRACON& Tower with Radar,242,74,44,0,360,0,0,2,0,2,242,74,46,0,362,0,0,0,362
12/16/2013,IND,IN,AGL,CE,Combined TRACON& Tower with Radar,228,93,54,0,375,0,0,0,0,0,228,93,54,0,375,0,0,0,375
12/17/2013,IND,IN,AGL,CE,Combined TRACON& Tower with Radar,381,88,36,8,513,0,0,0,0,0,381,88,36,8,513,0,0,0,513
12/18/2013,IND,IN,AGL,CE,Combined TRACON& Tower with Radar,407,94,40,2,543,0,1,10,0,11,407,95,50,2,554,0,0,0,554
12/19/2013,IND,IN,AGL,CE,Combined TRACON& Tower with Radar,380,105,58,0,543,0,1,11,0,12,380,106,69,0,555,0,0,0,555
12/20/2013,IND,IN,AGL,CE,Combined TRACON& Tower with Radar,375,109,35,3,522,0,0,0,0,0,375,109,35,3,522,0,0,0,522
12/21/2013,IND,IN,AGL,CE,Combined TRACON& Tower with Radar,340,115,14,0,469,0,0,0,0,0,340,115,14,0,469,0,0,0,469
12/22/2013,IND,IN,AGL,CE,Combined TRACON& Tower with Radar,262,71,17,0,350,0,0,0,0,0,262,71,17,0,350,0,0,0,350
12/23/2013,IND,IN,AGL,CE,Combined TRACON& Tower with Radar,199,89,20,0,308,0,0,1,0,1,199,89,21,0,309,0,0,0,309
12/24/2013,IND,IN,AGL,CE,Combined TRACON& Tower with Radar,308,69,4,0,381,0,0,3,0,3,308,69,7,0,384,0,0,0,384
12/25/2013,IND,IN,AGL,CE,Combined TRACON& Tower with Radar,144,50,3,0,197,0,0,1,0,1,144,50,4,0,198,0,0,0,198
12/26/2013,IND,IN,AGL,CE,Combined TRACON& Tower with Radar,234,101,30,0,365,0,0,9,0,9,234,101,39,0,374,0,0,0,374
12/27/2013,IND,IN,AGL,CE,Combined TRACON& Tower with Radar,300,115,29,0,444,0,2,5,0,7,300,117,34,0,451,0,0,0,451
12/28/2013,IND,IN,AGL,CE,Combined TRACON& Tower with Radar,204,102,12,0,318,0,0,4,0,4,204,102,16,0,322,0,0,0,322
12/29/2013,IND,IN,AGL,CE,Combined TRACON& Tower with Radar,173,75,14,0,262,0,0,0,0,0,173,75,14,0,262,0,0,0,262
12/30/2013,IND,IN,AGL,CE,Combined TRACON& Tower with Radar,183,94,13,0,290,0,2,2,0,4,183,96,15,0,294,0,0,0,294
12/31/2013,IND,IN,AGL,CE,Combined TRACON& Tower with Radar,295,78,7,2,382,0,0,9,0,9,295,78,16,2,391,0,0,0,391
01/01/2014,IND,IN,AGL,CE,Combined TRACON& Tower with Radar,189,64,10,1,264,0,0,2,0,2,189,64,12,1,266,0,0,0,266
01/02/2014,IND,IN,AGL,CE,Combined TRACON& Tower with Radar,234,78,18,0,330,0,0,0,0,0,234,78,18,0,330,0,0,0,330
01/03/2014,IND,IN,AGL,CE,Combined TRACON& Tower with Radar,282,91,30,0,403,0,1,7,0,8,282,92,37,0,411,0,0,0,411
01/04/2014,IND,IN,AGL,CE,Combined TRACON& Tower with Radar,202,103,48,0,353,0,0,6,2,8,202,103,54,2,361,0,0,0,361
01/05/2014,IND,IN,AGL,CE,Combined TRACON& Tower with Radar,49,15,6,0,70,0,0,0,0,0,49,15,6,0,70,0,0,0,70
01/06/2014,IND,IN,AGL,CE,Combined TRACON& Tower with Radar,30,26,29,2,87,0,0,1,0,1,30,26,30,2,88,0,0,0,88
01/07/2014,IND,IN,AGL,CE,Combined TRACON& Tower with Radar,108,60,37,6,211,0,1,7,2,10,108,61,44,8,221,0,0,0,221
01/08/2014,IND,IN,AGL,CE,Combined TRACON& Tower with Radar,317,88,37,2,444,0,2,0,1,3,317,90,37,3,447,0,0,0,447
01/09/2014,IND,IN,AGL,CE,Combined TRACON& Tower with Radar,334,112,44,2,492,0,0,3,0,3,334,112,47,2,495,0,0,0,495
01/10/2014,IND,IN,AGL,CE,Combined TRACON& Tower with Radar,305,102,32,1,440,0,0,0,0,0,305,102,32,1,440,0,0,0,440
01/11/2014,IND,IN,AGL,CE,Combined TRACON& Tower with Radar,175,68,15,1,259,0,0,0,0,0,175,68,15,1,259,0,0,0,259
01/12/2014,IND,IN,AGL,CE,Combined TRACON& Tower with Radar,183,98,40,2,323,0,0,2,0,2,183,98,42,2,325,0,0,0,325
01/13/2014,IND,IN,AGL,CE,Combined TRACON& Tower with Radar,200,112,44,3,359,0,3,4,0,7,200,115,48,3,366,0,0,0,366
01/14/2014,IND,IN,AGL,CE,Combined TRACON& Tower with Radar,320,101,47,0,468,0,0,4,1,5,320,101,51,1,473,0,0,0,473
01/15/2014,IND,IN,AGL,CE,Combined TRACON& Tower with Radar,326,103,38,4,471,0,1,2,0,3,326,104,40,4,474,0,0,0,474
01/16/2014,IND,IN,AGL,CE,Combined TRACON& Tower with Radar,314,113,46,0,473,0,0,2,0,2,314,113,48,0,475,0,0,0,475
01/17/2014,IND,IN,AGL,CE,Combined TRACON& Tower with Radar,291,115,48,0,454,0,0,4,0,4,291,115,52,0,458,0,0,0,458
01/18/2014,IND,IN,AGL,CE,Combined TRACON& Tower with Radar,183,75,9,0,267,0,1,2,0,3,183,76,11,0,270,0,0,0,270
01/19/2014,IND,IN,AGL,CE,Combined TRACON& Tower with Radar,174,72,14,2,262,0,0,0,0,0,174,72,14,2,262,0,0,0,262
01/20/2014,IND,IN,AGL,CE,Combined TRACON& Tower with Radar,206,91,42,0,339,0,0,9,0,9,206,91,51,0,348,0,0,0,348
01/21/2014,IND,IN,AGL,CE,Combined TRACON& Tower with Radar,284,92,48,2,426,0,1,1,0,2,284,93,49,2,428,0,0,0,428
01/22/2014,IND,IN,AGL,CE,Combined TRACON& Tower with Radar,301,104,41,0,446,0,1,2,0,3,301,105,43,0,449,0,0,0,449
01/23/2014,IND,IN,AGL,CE,Combined TRACON& Tower with Radar,322,104,44,0,470,0,3,7,0,10,322,107,51,0,480,0,0,0,480
01/24/2014,IND,IN,AGL,CE,Combined TRACON& Tower with Radar,294,108,34,0,436,0,0,2,0,2,294,108,36,0,438,0,0,0,438
01/25/2014,IND,IN,AGL,CE,Combined TRACON& Tower with Radar,172,70,6,0,248,0,0,4,0,4,172,70,10,0,252,0,0,0,252
01/26/2014,IND,IN,AGL,CE,Combined TRACON& Tower with Radar,180,86,11,0,277,0,0,2,0,2,180,86,13,0,279,0,0,0,279
01/27/2014,IND,IN,AGL,CE,Combined TRACON& Tower with Radar,199,96,26,2,323,0,0,2,0,2,199,96,28,2,325,0,0,0,325
01/28/2014,IND,IN,AGL,CE,Combined TRACON& Tower with Radar,306,91,34,4,435,0,1,3,0,4,306,92,37,4,439,0,0,0,439
01/29/2014,IND,IN,AGL,CE,Combined TRACON& Tower with Radar,308,104,41,0,453,0,0,4,1,5,308,104,45,1,458,0,0,0,458
01/30/2014,IND,IN,AGL,CE,Combined TRACON& Tower with Radar,303,108,33,4,448,0,0,6,0,6,303,108,39,4,454,0,0,0,454
01/31/2014,IND,IN,AGL,CE,Combined TRACON& Tower with Radar,291,105,24,0,420,0,1,3,0,4,291,106,27,0,424,0,0,0,424
02/01/2014,IND,IN,AGL,CE,Combined TRACON& Tower with Radar,173,75,12,2,262,0,0,0,0,0,173,75,12,2,262,0,0,0,262
02/02/2014,IND,IN,AGL,CE,Combined TRACON& Tower with Radar,168,73,13,0,254,0,0,0,0,0,168,73,13,0,254,0,0,0,254
02/03/2014,IND,IN,AGL,CE,Combined TRACON& Tower with Radar,194,95,30,2,321,0,0,4,0,4,194,95,34,2,325,0,0,0,325
02/04/2014,IND,IN,AGL,CE,Combined TRACON& Tower with Radar,272,89,27,0,388,0,0,3,0,3,272,89,30,0,391,0,0,0,391
02/05/2014,IND,IN,AGL,CE,Combined TRACON& Tower with Radar,287,83,33,0,403,0,0,2,0,2,287,83,35,0,405,0,0,0,405
02/06/2014,IND,IN,AGL,CE,Combined TRACON& Tower with Radar,336,105,43,0,484,0,1,3,0,4,336,106,46,0,488,0,0,0,488
02/07/2014,IND,IN,AGL,CE,Combined TRACON& Tower with Radar,300,112,36,2,450,0,0,10,0,10,300,112,46,2,460,0,0,0,460
02/08/2014,IND,IN,AGL,CE,Combined TRACON& Tower with Radar,186,73,11,0,270,0,0,0,0,0,186,73,11,0,270,0,0,0,270
02/09/2014,IND,IN,AGL,CE,Combined TRACON& Tower with Radar,184,92,18,3,297,0,0,0,0,0,184,92,18,3,297,0,0,0,297
02/10/2014,IND,IN,AGL,CE,Combined TRACON& Tower with Radar,209,114,47,3,373,0,0,2,0,2,209,114,49,3,375,0,0,0,375
02/11/2014,IND,IN,AGL,CE,Combined TRACON& Tower with Radar,310,113,48,0,471,0,0,8,0,8,310,113,56,0,479,0,0,0,479
02/12/2014,IND,IN,AGL,CE,Combined TRACON& Tower with Radar,300,107,66,0,473,0,0,3,0,3,300,107,69,0,476,0,0,0,476
02/13/2014,IND,IN,AGL,CE,Combined TRACON& Tower with Radar,256,110,57,0,423,0,1,13,0,14,256,111,70,0,437,0,0,0,437
02/14/2014,IND,IN,AGL,CE,Combined TRACON& Tower with Radar,300,102,25,1,428,0,0,2,0,2,300,102,27,1,430,0,0,0,430
02/15/2014,IND,IN,AGL,CE,Combined TRACON& Tower with Radar,184,73,13,1,271,0,2,0,0,2,184,75,13,1,273,0,0,0,273
02/16/2014,IND,IN,AGL,CE,Combined TRACON& Tower with Radar,169,82,15,1,267,0,0,0,0,0,169,82,15,1,267,0,0,0,267
02/17/2014,IND,IN,AGL,CE,Combined TRACON& Tower with Radar,210,113,41,0,364,0,0,2,0,2,210,113,43,0,366,0,0,0,366
02/18/2014,IND,IN,AGL,CE,Combined TRACON& Tower with Radar,330,106,54,0,490,0,0,13,0,13,330,106,67,0,503,0,0,0,503
02/19/2014,IND,IN,AGL,CE,Combined TRACON& Tower with Radar,327,126,50,3,506,0,0,22,2,24,327,126,72,5,530,0,0,0,530
02/20/2014,IND,IN,AGL,CE,Combined TRACON& Tower with Radar,351,121,56,0,528,0,2,0,0,2,351,123,56,0,530,0,0,0,530
02/21/2014,IND,IN,AGL,CE,Combined TRACON& Tower with Radar,292,110,56,4,462,0,0,4,1,5,292,110,60,5,467,0,0,0,467
02/22/2014,IND,IN,AGL,CE,Combined TRACON& Tower with Radar,182,81,28,0,291,0,2,10,0,12,182,83,38,0,303,0,0,0,303
02/23/2014,IND,IN,AGL,CE,Combined TRACON& Tower with Radar,181,104,26,0,311,0,0,4,0,4,181,104,30,0,315,0,0,0,315
02/24/2014,IND,IN,AGL,CE,Combined TRACON& Tower with Radar,220,105,36,4,365,0,1,8,2,11,220,106,44,6,376,0,0,0,376
02/25/2014,IND,IN,AGL,CE,Combined TRACON& Tower with Radar,329,115,52,0,496,0,1,10,0,11,329,116,62,0,507,0,0,0,507
02/26/2014,IND,IN,AGL,CE,Combined TRACON& Tower with Radar,336,105,53,4,498,0,0,9,2,11,336,105,62,6,509,0,0,0,509
02/27/2014,IND,IN,AGL,CE,Combined TRACON& Tower with Radar,340,132,49,0,521,0,0,4,5,9,340,132,53,5,530,0,0,0,530
02/28/2014,IND,IN,AGL,CE,Combined TRACON& Tower with Radar,305,109,35,0,449,0,2,4,0,6,305,111,39,0,455,0,0,0,455
03/01/2014,IND,IN,AGL,CE,Combined TRACON& Tower with Radar,190,78,17,2,287,0,0,0,0,0,190,78,17,2,287,0,0,0,287
03/02/2014,IND,IN,AGL,CE,Combined TRACON& Tower with Radar,170,76,16,0,262,0,0,0,0,0,170,76,16,0,262,0,0,0,262
03/03/2014,IND,IN,AGL,CE,Combined TRACON& Tower with Radar,192,91,35,0,318,0,4,4,1,9,192,95,39,1,327,0,0,0,327
03/04/2014,IND,IN,AGL,CE,Combined TRACON& Tower with Radar,331,97,54,0,482,0,4,8,0,12,331,101,62,0,494,0,0,0,494
03/05/2014,IND,IN,AGL,CE,Combined TRACON& Tower with Radar,354,112,36,0,502,0,4,5,0,9,354,116,41,0,511,0,0,0,511
03/06/2014,IND,IN,AGL,CE,Combined TRACON& Tower with Radar,345,128,43,2,518,0,1,3,2,6,345,129,46,4,524,0,0,0,524
03/07/2014,IND,IN,AGL,CE,Combined TRACON& Tower with Radar,301,133,45,1,480,0,1,5,0,6,301,134,50,1,486,0,0,0,486
03/08/2014,IND,IN,AGL,CE,Combined TRACON& Tower with Radar,207,83,11,0,301,0,0,1,0,1,207,83,12,0,302,0,0,0,302
03/09/2014,IND,IN,AGL,CE,Combined TRACON& Tower with Radar,193,103,14,1,311,0,0,2,0,2,193,103,16,1,313,0,0,0,313
03/10/2014,IND,IN,AGL,CE,Combined TRACON& Tower with Radar,234,107,40,0,381,0,0,5,0,5,234,107,45,0,386,0,0,0,386
03/11/2014,IND,IN,AGL,CE,Combined TRACON& Tower with Radar,351,108,42,5,506,0,1,3,0,4,351,109,45,5,510,0,0,0,510
03/12/2014,IND,IN,AGL,CE,Combined TRACON& Tower with Radar,345,93,35,1,474,0,0,0,0,0,345,93,35,1,474,0,0,0,474
03/13/2014,IND,IN,AGL,CE,Combined TRACON& Tower with Radar,349,109,72,2,532,0,0,5,1,6,349,109,77,3,538,0,0,0,538
03/14/2014,IND,IN,AGL,CE,Combined TRACON& Tower with Radar,323,119,36,0,478,0,0,0,0,0,323,119,36,0,478,0,0,0,478
03/15/2014,IND,IN,AGL,CE,Combined TRACON& Tower with Radar,201,81,14,0,296,0,0,3,0,3,201,81,17,0,299,0,0,0,299
03/16/2014,IND,IN,AGL,CE,Combined TRACON& Tower with Radar,202,102,25,0,329,0,1,2,0,3,202,103,27,0,332,0,0,0,332
03/17/2014,IND,IN,AGL,CE,Combined TRACON& Tower with Radar,216,99,33,12,360,0,4,2,0,6,216,103,35,12,366,0,0,0,366
03/18/2014,IND,IN,AGL,CE,Combined TRACON& Tower with Radar,348,108,68,10,534,0,0,8,0,8,348,108,76,10,542,0,0,0,542
03/19/2014,IND,IN,AGL,CE,Combined TRACON& Tower with Radar,353,107,32,3,495,0,0,4,0,4,353,107,36,3,499,0,0,0,499
03/20/2014,IND,IN,AGL,CE,Combined TRACON& Tower with Radar,368,114,40,6,528,0,0,25,0,25,368,114,65,6,553,0,0,0,553
03/21/2014,IND,IN,AGL,CE,Combined TRACON& Tower with Radar,314,115,21,5,455,0,0,4,0,4,314,115,25,5,459,0,0,0,459
03/22/2014,IND,IN,AGL,CE,Combined TRACON& Tower with Radar,203,84,15,0,302,0,0,1,0,1,203,84,16,0,303,0,0,0,303
03/23/2014,IND,IN,AGL,CE,Combined TRACON& Tower with Radar,200,101,11,2,314,0,1,4,2,7,200,102,15,4,321,0,0,0,321
03/24/2014,IND,IN,AGL,CE,Combined TRACON& Tower with Radar,223,100,35,10,368,0,1,12,0,13,223,101,47,10,381,0,0,0,381
03/25/2014,IND,IN,AGL,CE,Combined TRACON& Tower with Radar,338,103,30,2,473,0,0,2,0,2,338,103,32,2,475,0,0,0,475
03/26/2014,IND,IN,AGL,CE,Combined TRACON& Tower with Radar,361,112,42,2,517,0,0,11,0,11,361,112,53,2,528,0,0,0,528
03/27/2014,IND,IN,AGL,CE,Combined TRACON& Tower with Radar,348,125,57,4,534,0,0,4,2,6,348,125,61,6,540,0,0,0,540
03/28/2014,IND,IN,AGL,CE,Combined TRACON& Tower with Radar,316,119,99,0,534,0,0,5,2,7,316,119,104,2,541,0,0,0,541
03/29/2014,IND,IN,AGL,CE,Combined TRACON& Tower with Radar,207,85,42,0,334,0,0,0,0,0,207,85,42,0,334,0,0,0,334
03/30/2014,IND,IN,AGL,CE,Combined TRACON& Tower with Radar,207,114,58,2,381,0,0,18,0,18,207,114,76,2,399,0,0,0,399
03/31/2014,IND,IN,AGL,CE,Combined TRACON& Tower with Radar,241,104,41,5,391,0,0,22,0,22,241,104,63,5,413,0,0,0,413
04/01/2014,IND,IN,AGL,CE,Combined TRACON& Tower with Radar,356,95,44,5,500,0,0,4,0,4,356,95,48,5,504,0,0,0,504
04/02/2014,IND,IN,AGL,CE,Combined TRACON& Tower with Radar,352,117,36,2,507,0,0,0,0,0,352,117,36,2,507,0,0,0,507
04/03/2014,IND,IN,AGL,CE,Combined TRACON& Tower with Radar,347,94,36,0,477,0,0,0,0,0,347,94,36,0,477,0,0,0,477
04/04/2014,IND,IN,AGL,CE,Combined TRACON& Tower with Radar,329,102,32,3,466,0,1,0,3,4,329,103,32,6,470,0,0,0,470
04/05/2014,IND,IN,AGL,CE,Combined TRACON& Tower with Radar,209,103,16,6,334,0,0,34,0,34,209,103,50,6,368,0,0,0,368
04/06/2014,IND,IN,AGL,CE,Combined TRACON& Tower with Radar,199,88,20,4,311,0,0,22,1,23,199,88,42,5,334,0,0,0,334
04/07/2014,IND,IN,AGL,CE,Combined TRACON& Tower with Radar,216,96,40,4,356,0,0,0,1,1,216,96,40,5,357,0,0,0,357
04/08/2014,IND,IN,AGL,CE,Combined TRACON& Tower with Radar,351,107,46,2,506,0,2,21,0,23,351,109,67,2,529,0,0,0,529
04/09/2014,IND,IN,AGL,CE,Combined TRACON& Tower with Radar,353,106,33,2,494,0,0,20,1,21,353,106,53,3,515,0,0,0,515
04/10/2014,IND,IN,AGL,CE,Combined TRACON& Tower with Radar,343,121,53,4,521,0,0,3,0,3,343,121,56,4,524,0,0,0,524
04/11/2014,IND,IN,AGL,CE,Combined TRACON& Tower with Radar,315,107,41,3,466,0,1,21,0,22,315,108,62,3,488,0,0,0,488
04/12/2014,IND,IN,AGL,CE,Combined TRACON& Tower with Radar,192,88,31,0,311,0,1,10,0,11,192,89,41,0,322,0,0,0,322
04/13/2014,IND,IN,AGL,CE,Combined TRACON& Tower with Radar,204,89,18,5,316,0,1,7,0,8,204,90,25,5,324,0,0,0,324
04/14/2014,IND,IN,AGL,CE,Combined TRACON& Tower with Radar,223,93,27,2,345,0,0,0,0,0,223,93,27,2,345,0,0,0,345
04/15/2014,IND,IN,AGL,CE,Combined TRACON& Tower with Radar,351,102,43,2,498,0,0,12,0,12,351,102,55,2,510,0,0,0,510
04/16/2014,IND,IN,AGL,CE,Combined TRACON& Tower with Radar,354,101,41,7,503,0,0,7,0,7,354,101,48,7,510,0,0,0,510
04/17/2014,IND,IN,AGL,CE,Combined TRACON& Tower with Radar,348,112,58,4,522,0,2,11,0,13,348,114,69,4,535,0,0,0,535
04/18/2014,IND,IN,AGL,CE,Combined TRACON& Tower with Radar,303,102,37,2,444,0,1,9,0,10,303,103,46,2,454,0,0,0,454
04/19/2014,IND,IN,AGL,CE,Combined TRACON& Tower with Radar,184,78,7,0,269,0,1,10,0,11,184,79,17,0,280,0,0,0,280
04/20/2014,IND,IN,AGL,CE,Combined TRACON& Tower with Radar,187,85,8,0,280,0,0,12,0,12,187,85,20,0,292,0,0,0,292
04/21/2014,IND,IN,AGL,CE,Combined TRACON& Tower with Radar,218,109,39,4,370,0,4,7,2,13,218,113,46,6,383,0,0,0,383
04/22/2014,IND,IN,AGL,CE,Combined TRACON& Tower with Radar,338,109,55,2,504,0,0,14,0,14,338,109,69,2,518,0,0,0,518
04/23/2014,IND,IN,AGL,CE,Combined TRACON& Tower with Radar,345,106,63,4,518,0,1,7,0,8,345,107,70,4,526,0,0,0,526
04/24/2014,IND,IN,AGL,CE,Combined TRACON& Tower with Radar,344,118,70,2,534,0,1,18,0,19,344,119,88,2,553,0,0,0,553
04/25/2014,IND,IN,AGL,CE,Combined TRACON& Tower with Radar,320,98,44,2,464,0,0,3,0,3,320,98,47,2,467,0,0,0,467
04/26/2014,IND,IN,AGL,CE,Combined TRACON& Tower with Radar,182,95,29,0,306,0,0,11,0,11,182,95,40,0,317,0,0,0,317
04/27/2014,IND,IN,AGL,CE,Combined TRACON& Tower with Radar,210,98,38,0,346,0,0,6,0,6,210,98,44,0,352,0,0,0,352
04/28/2014,IND,IN,AGL,CE,Combined TRACON& Tower with Radar,233,108,37,0,378,0,0,0,0,0,233,108,37,0,378,0,0,0,378
04/29/2014,IND,IN,AGL,CE,Combined TRACON& Tower with Radar,373,129,42,4,548,0,0,8,3,11,373,129,50,7,559,0,0,0,559
04/30/2014,IND,IN,AGL,CE,Combined TRACON& Tower with Radar,345,110,53,4,512,0,4,8,0,12,345,114,61,4,524,0,0,0,524
05/01/2014,IND,IN,AGL,CE,Combined TRACON& Tower with Radar,341,103,49,9,502,0,0,7,2,9,341,103,56,11,511,0,0,0,511
05/02/2014,IND,IN,AGL,CE,Combined TRACON& Tower with Radar,318,105,38,0,461,0,0,5,0,5,318,105,43,0,466,0,0,0,466
05/03/2014,IND,IN,AGL,CE,Combined TRACON& Tower with Radar,185,84,13,6,288,0,1,0,0,1,185,85,13,6,289,0,0,0,289
05/04/2014,IND,IN,AGL,CE,Combined TRACON& Tower with Radar,202,95,17,3,317,0,1,14,0,15,202,96,31,3,332,0,0,0,332
05/05/2014,IND,IN,AGL,CE,Combined TRACON& Tower with Radar,216,96,58,5,375,0,0,17,0,17,216,96,75,5,392,0,0,0,392
05/06/2014,IND,IN,AGL,CE,Combined TRACON& Tower with Radar,350,99,51,4,504,0,0,12,0,12,350,99,63,4,516,0,0,0,516
05/07/2014,IND,IN,AGL,CE,Combined TRACON& Tower with Radar,365,108,67,2,542,0,0,4,0,4,365,108,71,2,546,0,0,0,546
05/08/2014,IND,IN,AGL,CE,Combined TRACON& Tower with Radar,351,105,45,2,503,0,4,10,0,14,351,109,55,2,517,0,0,0,517
05/09/2014,IND,IN,AGL,CE,Combined TRACON& Tower with Radar,328,97,41,2,468,0,0,1,0,1,328,97,42,2,469,0,0,0,469
05/10/2014,IND,IN,AGL,CE,Combined TRACON& Tower with Radar,203,74,26,0,303,0,0,4,2,6,203,74,30,2,309,0,0,0,309
05/11/2014,IND,IN,AGL,CE,Combined TRACON& Tower with Radar,206,74,15,0,295,0,1,2,0,3,206,75,17,0,298,0,0,0,298
05/12/2014,IND,IN,AGL,CE,Combined TRACON& Tower with Radar,251,88,33,2,374,0,1,6,0,7,251,89,39,2,381,0,0,0,381
05/13/2014,IND,IN,AGL,CE,Combined TRACON& Tower with Radar,351,87,57,2,497,0,0,1,0,1,351,87,58,2,498,0,0,0,498
05/14/2014,IND,IN,AGL,CE,Combined TRACON& Tower with Radar,332,96,38,3,469,0,0,0,0,0,332,96,38,3,469,0,0,0,469
05/15/2014,IND,IN,AGL,CE,Combined TRACON& Tower with Radar,360,98,43,4,505,0,0,2,0,2,360,98,45,4,507,0,0,0,507
05/16/2014,IND,IN,AGL,CE,Combined TRACON& Tower with Radar,311,100,35,3,449,0,0,1,0,1,311,100,36,3,450,0,0,0,450
05/17/2014,IND,IN,AGL,CE,Combined TRACON& Tower with Radar,214,59,33,0,306,0,0,6,0,6,214,59,39,0,312,0,0,0,312
05/18/2014,IND,IN,AGL,CE,Combined TRACON& Tower with Radar,212,88,61,1,362,0,5,12,0,17,212,93,73,1,379,0,0,0,379
05/19/2014,IND,IN,AGL,CE,Combined TRACON& Tower with Radar,222,92,34,4,352,0,2,1,3,6,222,94,35,7,358,0,0,0,358
05/20/2014,IND,IN,AGL,CE,Combined TRACON& Tower with Radar,366,103,67,4,540,0,1,11,2,14,366,104,78,6,554,0,0,0,554
05/21/2014,IND,IN,AGL,CE,Combined TRACON& Tower with Radar,344,86,40,5,475,0,3,3,0,6,344,89,43,5,481,0,0,0,481
05/22/2014,IND,IN,AGL,CE,Combined TRACON& Tower with Radar,350,105,73,4,532,0,0,11,2,13,350,105,84,6,545,0,0,0,545
05/23/2014,IND,IN,AGL,CE,Combined TRACON& Tower with Radar,324,100,67,0,491,0,0,14,1,15,324,100,81,1,506,0,0,0,506
05/24/2014,IND,IN,AGL,CE,Combined TRACON& Tower with Radar,203,65,41,0,309,0,2,11,2,15,203,67,52,2,324,0,0,0,324
05/25/2014,IND,IN,AGL,CE,Combined TRACON& Tower with Radar,171,74,92,2,339,0,0,25,2,27,171,74,117,4,366,0,0,0,366
05/26/2014,IND,IN,AGL,CE,Combined TRACON& Tower with Radar,214,77,39,1,331,0,2,8,0,10,214,79,47,1,341,0,0,0,341
05/27/2014,IND,IN,AGL,CE,Combined TRACON& Tower with Radar,256,87,31,3,377,0,3,4,0,7,256,90,35,3,384,0,0,0,384
05/28/2014,IND,IN,AGL,CE,Combined TRACON& Tower with Radar,374,97,57,2,530,0,1,6,0,7,374,98,63,2,537,0,0,0,537
05/29/2014,IND,IN,AGL,CE,Combined TRACON& Tower with Radar,368,102,44,2,516,0,1,3,7,11,368,103,47,9,527,0,0,0,527
05/30/2014,IND,IN,AGL,CE,Combined TRACON& Tower with Radar,327,95,36,13,471,0,0,8,0,8,327,95,44,13,479,0,0,0,479
05/31/2014,IND,IN,AGL,CE,Combined TRACON& Tower with Radar,202,55,12,3,272,0,0,5,2,7,202,55,17,5,279,0,0,0,279
06/01/2014,IND,IN,AGL,CE,Combined TRACON& Tower with Radar,211,81,24,0,316,0,0,3,0,3,211,81,27,0,319,0,0,0,319
06/02/2014,IND,IN,AGL,CE,Combined TRACON& Tower with Radar,238,94,46,0,378,0,1,3,0,4,238,95,49,0,382,0,0,0,382
06/03/2014,IND,IN,AGL,CE,Combined TRACON& Tower with Radar,344,98,55,0,497,0,0,2,0,2,344,98,57,0,499,0,0,0,499
06/04/2014,IND,IN,AGL,CE,Combined TRACON& Tower with Radar,348,96,43,2,489,0,0,0,0,0,348,96,43,2,489,0,0,0,489
06/05/2014,IND,IN,AGL,CE,Combined TRACON& Tower with Radar,363,94,41,0,498,0,1,5,0,6,363,95,46,0,504,0,0,0,504
06/06/2014,IND,IN,AGL,CE,Combined TRACON& Tower with Radar,327,88,33,0,448,0,1,7,0,8,327,89,40,0,456,0,0,0,456
06/07/2014,IND,IN,AGL,CE,Combined TRACON& Tower with Radar,200,71,15,0,286,0,1,9,2,12,200,72,24,2,298,0,0,0,298
06/08/2014,IND,IN,AGL,CE,Combined TRACON& Tower with Radar,201,85,24,0,310,0,2,2,0,4,201,87,26,0,314,0,0,0,314
06/09/2014,IND,IN,AGL,CE,Combined TRACON& Tower with Radar,231,83,49,2,365,0,1,3,5,9,231,84,52,7,374,0,0,0,374
06/10/2014,IND,IN,AGL,CE,Combined TRACON& Tower with Radar,353,105,46,2,506,0,0,4,0,4,353,105,50,2,510,0,0,0,510
06/11/2014,IND,IN,AGL,CE,Combined TRACON& Tower with Radar,356,84,59,2,501,0,0,1,0,1,356,84,60,2,502,0,0,0,502
06/12/2014,IND,IN,AGL,CE,Combined TRACON& Tower with Radar,358,88,40,6,492,0,0,9,0,9,358,88,49,6,501,0,0,0,501
06/13/2014,IND,IN,AGL,CE,Combined TRACON& Tower with Radar,314,81,33,3,431,0,1,6,0,7,314,82,39,3,438,0,0,0,438
06/14/2014,IND,IN,AGL,CE,Combined TRACON& Tower with Radar,216,73,16,1,306,0,1,6,0,7,216,74,22,1,313,0,0,0,313
06/15/2014,IND,IN,AGL,CE,Combined TRACON& Tower with Radar,207,88,23,4,322,0,0,1,0,1,207,88,24,4,323,0,0,0,323
06/16/2014,IND,IN,AGL,CE,Combined TRACON& Tower with Radar,230,87,28,2,347,0,0,1,0,1,230,87,29,2,348,0,0,0,348
06/17/2014,IND,IN,AGL,CE,Combined TRACON& Tower with Radar,354,92,62,2,510,0,0,11,0,11,354,92,73,2,521,0,0,0,521
06/18/2014,IND,IN,AGL,CE,Combined TRACON& Tower with Radar,358,100,57,2,517,0,0,7,0,7,358,100,64,2,524,0,0,0,524
06/19/2014,IND,IN,AGL,CE,Combined TRACON& Tower with Radar,378,90,46,2,516,0,0,4,0,4,378,90,50,2,520,0,0,0,520
06/20/2014,IND,IN,AGL,CE,Combined TRACON& Tower with Radar,334,89,38,3,464,0,0,3,1,4,334,89,41,4,468,0,0,0,468
06/21/2014,IND,IN,AGL,CE,Combined TRACON& Tower with Radar,233,73,23,0,329,0,0,5,1,6,233,73,28,1,335,0,0,0,335
06/22/2014,IND,IN,AGL,CE,Combined TRACON& Tower with Radar,208,96,10,0,314,0,0,5,0,5,208,96,15,0,319,0,0,0,319
06/23/2014,IND,IN,AGL,CE,Combined TRACON& Tower with Radar,224,84,28,6,342,0,1,1,0,2,224,85,29,6,344,0,0,0,344
06/24/2014,IND,IN,AGL,CE,Combined TRACON& Tower with Radar,361,90,32,2,485,0,0,4,0,4,361,90,36,2,489,0,0,0,489
06/25/2014,IND,IN,AGL,CE,Combined TRACON& Tower with Radar,369,100,52,0,521,0,0,6,2,8,369,100,58,2,529,0,0,0,529
06/26/2014,IND,IN,AGL,CE,Combined TRACON& Tower with Radar,369,94,44,0,507,0,0,17,0,17,369,94,61,0,524,0,0,0,524
06/27/2014,IND,IN,AGL,CE,Combined TRACON& Tower with Radar,328,87,20,2,437,0,1,7,0,8,328,88,27,2,445,0,0,0,445
06/28/2014,IND,IN,AGL,CE,Combined TRACON& Tower with Radar,213,86,24,0,323,0,1,3,0,4,213,87,27,0,327,0,0,0,327
06/29/2014,IND,IN,AGL,CE,Combined TRACON& Tower with Radar,199,86,24,0,309,0,0,2,0,2,199,86,26,0,311,0,0,0,311
06/30/2014,IND,IN,AGL,CE,Combined TRACON& Tower with Radar,220,74,29,2,325,0,0,3,0,3,220,74,32,2,328,0,0,0,328
07/01/2014,IND,IN,AGL,CE,Combined TRACON& Tower with Radar,350,70,29,3,452,0,0,3,0,3,350,70,32,3,455,0,0,0,455
07/02/2014,IND,IN,AGL,CE,Combined TRACON& Tower with Radar,330,105,43,1,479,0,1,1,0,2,330,106,44,1,481,0,0,0,481
07/03/2014,IND,IN,AGL,CE,Combined TRACON& Tower with Radar,335,92,17,2,446,0,0,7,0,7,335,92,24,2,453,0,0,0,453
07/04/2014,IND,IN,AGL,CE,Combined TRACON& Tower with Radar,207,49,12,0,268,0,1,1,0,2,207,50,13,0,270,0,0,0,270
07/05/2014,IND,IN,AGL,CE,Combined TRACON& Tower with Radar,243,67,3,0,313,0,1,10,0,11,243,68,13,0,324,0,0,0,324
07/06/2014,IND,IN,AGL,CE,Combined TRACON& Tower with Radar,213,81,19,0,313,0,0,4,0,4,213,81,23,0,317,0,0,0,317
07/07/2014,IND,IN,AGL,CE,Combined TRACON& Tower with Radar,227,97,38,2,364,0,0,1,1,2,227,97,39,3,366,0,0,0,366
07/08/2014,IND,IN,AGL,CE,Combined TRACON& Tower with Radar,334,90,50,5,479,0,0,1,0,1,334,90,51,5,480,0,0,0,480
07/09/2014,IND,IN,AGL,CE,Combined TRACON& Tower with Radar,349,107,47,3,506,0,0,12,0,12,349,107,59,3,518,0,0,0,518
07/10/2014,IND,IN,AGL,CE,Combined TRACON& Tower with Radar,352,111,40,4,507,0,0,13,0,13,352,111,53,4,520,0,0,0,520
07/11/2014,IND,IN,AGL,CE,Combined TRACON& Tower with Radar,316,100,25,4,445,0,0,8,1,9,316,100,33,5,454,0,0,0,454
07/12/2014,IND,IN,AGL,CE,Combined TRACON& Tower with Radar,223,63,4,0,290,0,0,0,0,0,223,63,4,0,290,0,0,0,290
07/13/2014,IND,IN,AGL,CE,Combined TRACON& Tower with Radar,203,88,16,2,309,0,0,0,3,3,203,88,16,5,312,0,0,0,312
07/14/2014,IND,IN,AGL,CE,Combined TRACON& Tower with Radar,210,90,34,6,340,0,0,5,0,5,210,90,39,6,345,0,0,0,345
07/15/2014,IND,IN,AGL,CE,Combined TRACON& Tower with Radar,331,96,41,5,473,0,0,14,0,14,331,96,55,5,487,0,0,0,487
07/16/2014,IND,IN,AGL,CE,Combined TRACON& Tower with Radar,358,105,24,6,493,0,2,11,0,13,358,107,35,6,506,0,0,0,506
07/17/2014,IND,IN,AGL,CE,Combined TRACON& Tower with Radar,347,108,51,2,508,0,0,13,0,13,347,108,64,2,521,0,0,0,521
07/18/2014,IND,IN,AGL,CE,Combined TRACON& Tower with Radar,309,107,31,6,453,0,1,13,2,16,309,108,44,8,469,0,0,0,469
07/19/2014,IND,IN,AGL,CE,Combined TRACON& Tower with Radar,222,72,18,0,312,0,0,4,1,5,222,72,22,1,317,0,0,0,317
07/20/2014,IND,IN,AGL,CE,Combined TRACON& Tower with Radar,207,87,17,0,311,0,1,7,1,9,207,88,24,1,320,0,0,0,320
07/21/2014,IND,IN,AGL,CE,Combined TRACON& Tower with Radar,229,109,28,4,370,0,2,11,3,16,229,111,39,7,386,0,0,0,386
07/22/2014,IND,IN,AGL,CE,Combined TRACON& Tower with Radar,360,113,48,3,524,0,1,14,2,17,360,114,62,5,541,0,0,0,541
07/23/2014,IND,IN,AGL,CE,Combined TRACON& Tower with Radar,334,100,59,4,497,0,0,1,0,1,334,100,60,4,498,0,0,0,498
07/24/2014,IND,IN,AGL,CE,Combined TRACON& Tower with Radar,360,105,97,7,569,0,3,12,2,17,360,108,109,9,586,0,0,0,586
07/25/2014,IND,IN,AGL,CE,Combined TRACON& Tower with Radar,322,101,63,2,488,0,2,12,1,15,322,103,75,3,503,0,0,0,503
07/26/2014,IND,IN,AGL,CE,Combined TRACON& Tower with Radar,221,76,45,15,357,0,0,1,0,1,221,76,46,15,358,0,0,0,358
07/27/2014,IND,IN,AGL,CE,Combined TRACON& Tower with Radar,200,87,95,2,384,0,3,4,0,7,200,90,99,2,391,0,0,0,391
07/28/2014,IND,IN,AGL,CE,Combined TRACON& Tower with Radar,229,92,49,4,374,0,0,3,0,3,229,92,52,4,377,0,0,0,377
07/29/2014,IND,IN,AGL,CE,Combined TRACON& Tower with Radar,364,102,35,1,502,0,0,12,0,12,364,102,47,1,514,0,0,0,514
07/30/2014,IND,IN,AGL,CE,Combined TRACON& Tower with Radar,347,100,43,1,491,0,1,16,2,19,347,101,59,3,510,0,0,0,510
07/31/2014,IND,IN,AGL,CE,Combined TRACON& Tower with Radar,357,108,36,3,504,0,0,4,5,9,357,108,40,8,513,0,0,0,513
08/01/2014,IND,IN,AGL,CE,Combined TRACON& Tower with Radar,341,93,36,0,470,0,4,6,1,11,341,97,42,1,481,0,0,0,481
08/02/2014,IND,IN,AGL,CE,Combined TRACON& Tower with Radar,225,63,14,0,302,0,0,3,0,3,225,63,17,0,305,0,0,0,305
08/03/2014,IND,IN,AGL,CE,Combined TRACON& Tower with Radar,204,90,14,0,308,0,0,2,0,2,204,90,16,0,310,0,0,0,310
08/04/2014,IND,IN,AGL,CE,Combined TRACON& Tower with Radar,227,88,51,4,370,0,2,6,0,8,227,90,57,4,378,0,0,0,378
08/05/2014,IND,IN,AGL,CE,Combined TRACON& Tower with Radar,353,93,40,0,486,0,0,8,0,8,353,93,48,0,494,0,0,0,494
08/06/2014,IND,IN,AGL,CE,Combined TRACON& Tower with Radar,358,103,44,0,505,0,0,3,4,7,358,103,47,4,512,0,0,0,512
08/07/2014,IND,IN,AGL,CE,Combined TRACON& Tower with Radar,355,107,43,0,505,0,1,6,0,7,355,108,49,0,512,0,0,0,512
08/08/2014,IND,IN,AGL,CE,Combined TRACON& Tower with Radar,320,97,44,4,465,0,1,2,0,3,320,98,46,4,468,0,0,0,468
08/09/2014,IND,IN,AGL,CE,Combined TRACON& Tower with Radar,227,71,14,0,312,0,0,1,0,1,227,71,15,0,313,0,0,0,313
08/10/2014,IND,IN,AGL,CE,Combined TRACON& Tower with Radar,198,85,15,0,298,0,1,2,0,3,198,86,17,0,301,0,0,0,301
08/11/2014,IND,IN,AGL,CE,Combined TRACON& Tower with Radar,217,99,40,2,358,0,0,1,0,1,217,99,41,2,359,0,0,0,359
08/12/2014,IND,IN,AGL,CE,Combined TRACON& Tower with Radar,338,100,45,2,485,0,0,2,0,2,338,100,47,2,487,0,0,0,487
08/13/2014,IND,IN,AGL,CE,Combined TRACON& Tower with Radar,348,99,64,4,515,0,1,15,0,16,348,100,79,4,531,0,0,0,531
08/14/2014,IND,IN,AGL,CE,Combined TRACON& Tower with Radar,342,98,42,5,487,0,0,10,0,10,342,98,52,5,497,0,0,0,497
08/15/2014,IND,IN,AGL,CE,Combined TRACON& Tower with Radar,316,92,37,4,449,0,0,10,0,10,316,92,47,4,459,0,0,0,459
08/16/2014,IND,IN,AGL,CE,Combined TRACON& Tower with Radar,187,65,16,4,272,0,0,5,0,5,187,65,21,4,277,0,0,0,277
08/17/2014,IND,IN,AGL,CE,Combined TRACON& Tower with Radar,188,90,18,0,296,0,0,3,0,3,188,90,21,0,299,0,0,0,299
08/18/2014,IND,IN,AGL,CE,Combined TRACON& Tower with Radar,208,87,48,4,347,0,1,5,0,6,208,88,53,4,353,0,0,0,353
08/19/2014,IND,IN,AGL,CE,Combined TRACON& Tower with Radar,344,95,50,2,491,0,0,6,0,6,344,95,56,2,497,0,0,0,497
08/20/2014,IND,IN,AGL,CE,Combined TRACON& Tower with Radar,362,101,36,6,505,0,0,1,0,1,362,101,37,6,506,0,0,0,506
08/21/2014,IND,IN,AGL,CE,Combined TRACON& Tower with Radar,340,99,46,0,485,0,0,4,2,6,340,99,50,2,491,0,0,0,491
08/22/2014,IND,IN,AGL,CE,Combined TRACON& Tower with Radar,319,95,42,5,461,0,0,7,0,7,319,95,49,5,468,0,0,0,468
08/23/2014,IND,IN,AGL,CE,Combined TRACON& Tower with Radar,192,64,21,2,279,0,0,1,0,1,192,64,22,2,280,0,0,0,280
08/24/2014,IND,IN,AGL,CE,Combined TRACON& Tower with Radar,184,94,17,1,296,0,0,0,0,0,184,94,17,1,296,0,0,0,296
08/25/2014,IND,IN,AGL,CE,Combined TRACON& Tower with Radar,227,89,44,4,364,0,0,7,2,9,227,89,51,6,373,0,0,0,373
08/26/2014,IND,IN,AGL,CE,Combined TRACON& Tower with Radar,340,92,46,2,480,0,0,8,0,8,340,92,54,2,488,0,0,0,488
08/27/2014,IND,IN,AGL,CE,Combined TRACON& Tower with Radar,350,102,49,8,509,0,1,10,0,11,350,103,59,8,520,0,0,0,520
08/28/2014,IND,IN,AGL,CE,Combined TRACON& Tower with Radar,347,105,56,2,510,0,0,11,0,11,347,105,67,2,521,0,0,0,521
08/29/2014,IND,IN,AGL,CE,Combined TRACON& Tower with Radar,307,100,24,0,431,0,3,18,1,22,307,103,42,1,453,0,0,0,453
08/30/2014,IND,IN,AGL,CE,Combined TRACON& Tower with Radar,160,58,15,1,234,0,2,5,0,7,160,60,20,1,241,0,0,0,241
08/31/2014,IND,IN,AGL,CE,Combined TRACON& Tower with Radar,148,34,5,0,187,0,2,3,0,5,148,36,8,0,192,0,0,0,192
09/01/2014,IND,IN,AGL,CE,Combined TRACON& Tower with Radar,183,87,23,0,293,0,0,1,0,1,183,87,24,0,294,0,0,0,294
09/02/2014,IND,IN,AGL,CE,Combined TRACON& Tower with Radar,213,94,22,0,329,0,0,1,0,1,213,94,23,0,330,0,0,0,330
09/03/2014,IND,IN,AGL,CE,Combined TRACON& Tower with Radar,338,94,48,0,480,0,0,18,0,18,338,94,66,0,498,0,0,0,498
09/04/2014,IND,IN,AGL,CE,Combined TRACON& Tower with Radar,361,94,39,0,494,0,0,13,0,13,361,94,52,0,507,0,0,0,507
09/05/2014,IND,IN,AGL,CE,Combined TRACON& Tower with Radar,304,105,27,0,436,0,0,15,0,15,304,105,42,0,451,0,0,0,451
09/06/2014,IND,IN,AGL,CE,Combined TRACON& Tower with Radar,185,66,19,8,278,0,0,1,0,1,185,66,20,8,279,0,0,0,279
09/07/2014,IND,IN,AGL,CE,Combined TRACON& Tower with Radar,175,85,18,0,278,0,4,6,0,10,175,89,24,0,288,0,0,0,288
09/08/2014,IND,IN,AGL,CE,Combined TRACON& Tower with Radar,218,96,38,3,355,0,3,5,0,8,218,99,43,3,363,0,0,0,363
09/09/2014,IND,IN,AGL,CE,Combined TRACON& Tower with Radar,349,107,58,2,516,0,1,9,0,10,349,108,67,2,526,0,0,0,526
09/10/2014,IND,IN,AGL,CE,Combined TRACON& Tower with Radar,336,101,45,0,482,0,0,0,0,0,336,101,45,0,482,0,0,0,482
09/11/2014,IND,IN,AGL,CE,Combined TRACON& Tower with Radar,347,106,60,0,513,0,0,8,1,9,347,106,68,1,522,0,0,0,522
09/12/2014,IND,IN,AGL,CE,Combined TRACON& Tower with Radar,305,106,58,2,471,0,0,7,1,8,305,106,65,3,479,0,0,0,479
09/13/2014,IND,IN,AGL,CE,Combined TRACON& Tower with Radar,175,55,13,4,247,0,0,4,1,5,175,55,17,5,252,0,0,0,252
09/14/2014,IND,IN,AGL,CE,Combined TRACON& Tower with Radar,183,84,19,3,289,0,2,4,0,6,183,86,23,3,295,0,0,0,295
09/15/2014,IND,IN,AGL,CE,Combined TRACON& Tower with Radar,205,101,34,2,342,0,0,3,0,3,205,101,37,2,345,0,0,0,345
09/16/2014,IND,IN,AGL,CE,Combined TRACON& Tower with Radar,349,121,35,0,505,0,2,6,0,8,349,123,41,0,513,0,0,0,513
09/17/2014,IND,IN,AGL,CE,Combined TRACON& Tower with Radar,338,121,39,4,502,0,0,13,2,15,338,121,52,6,517,0,0,0,517
09/18/2014,IND,IN,AGL,CE,Combined TRACON& Tower with Radar,347,114,43,2,506,0,2,9,0,11,347,116,52,2,517,0,0,0,517
09/19/2014,IND,IN,AGL,CE,Combined TRACON& Tower with Radar,309,114,28,6,457,0,2,8,1,11,309,116,36,7,468,0,0,0,468
09/20/2014,IND,IN,AGL,CE,Combined TRACON& Tower with Radar,190,51,15,3,259,0,0,7,1,8,190,51,22,4,267,0,0,0,267
09/21/2014,IND,IN,AGL,CE,Combined TRACON& Tower with Radar,199,87,8,1,295,0,1,1,0,2,199,88,9,1,297,0,0,0,297
09/22/2014,IND,IN,AGL,CE,Combined TRACON& Tower with Radar,220,95,38,4,357,0,0,6,0,6,220,95,44,4,363,0,0,0,363
09/23/2014,IND,IN,AGL,CE,Combined TRACON& Tower with Radar,347,113,49,3,512,0,0,11,2,13,347,113,60,5,525,0,0,0,525
09/24/2014,IND,IN,AGL,CE,Combined TRACON& Tower with Radar,347,107,41,4,499,0,0,7,2,9,347,107,48,6,508,0,0,0,508
09/25/2014,IND,IN,AGL,CE,Combined TRACON& Tower with Radar,343,101,44,2,490,0,0,8,0,8,343,101,52,2,498,0,0,0,498
09/26/2014,IND,IN,AGL,CE,Combined TRACON& Tower with Radar,314,94,35,5,448,0,2,12,1,15,314,96,47,6,463,0,0,0,463
09/27/2014,IND,IN,AGL,CE,Combined TRACON& Tower with Radar,173,49,6,0,228,0,5,5,0,10,173,54,11,0,238,0,0,0,238
09/28/2014,IND,IN,AGL,CE,Combined TRACON& Tower with Radar,174,74,21,0,269,0,0,11,0,11,174,74,32,0,280,0,0,0,280
09/29/2014,IND,IN,AGL,CE,Combined TRACON& Tower with Radar,217,101,34,1,353,0,0,4,0,4,217,101,38,1,357,0,0,0,357
09/30/2014,IND,IN,AGL,CE,Combined TRACON& Tower with Radar,342,99,43,1,485,0,0,5,0,5,342,99,48,1,490,0,0,0,490
10/01/2014,IND,IN,AGL,CE,Combined TRACON& Tower with Radar,346,91,30,0,467,0,4,11,0,15,346,95,41,0,482,0,0,0,482
10/02/2014,IND,IN,AGL,CE,Combined TRACON& Tower with Radar,356,90,38,4,488,0,0,0,0,0,356,90,38,4,488,0,0,0,488
10/03/2014,IND,IN,AGL,CE,Combined TRACON& Tower with Radar,315,89,27,0,431,0,0,1,0,1,315,89,28,0,432,0,0,0,432
10/04/2014,IND,IN,AGL,CE,Combined TRACON& Tower with Radar,191,48,8,1,248,0,0,1,0,1,191,48,9,1,249,0,0,0,249
10/05/2014,IND,IN,AGL,CE,Combined TRACON& Tower with Radar,195,81,23,0,299,0,0,3,0,3,195,81,26,0,302,0,0,0,302
10/06/2014,IND,IN,AGL,CE,Combined TRACON& Tower with Radar,210,97,23,0,330,0,0,3,0,3,210,97,26,0,333,0,0,0,333
10/07/2014,IND,IN,AGL,CE,Combined TRACON& Tower with Radar,350,92,40,4,486,0,0,4,0,4,350,92,44,4,490,0,0,0,490
10/08/2014,IND,IN,AGL,CE,Combined TRACON& Tower with Radar,356,91,44,7,498,0,2,9,0,11,356,93,53,7,509,0,0,0,509
10/09/2014,IND,IN,AGL,CE,Combined TRACON& Tower with Radar,359,97,36,2,494,0,0,4,0,4,359,97,40,2,498,0,0,0,498
10/10/2014,IND,IN,AGL,CE,Combined TRACON& Tower with Radar,332,92,45,3,472,0,2,3,0,5,332,94,48,3,477,0,0,0,477
10/11/2014,IND,IN,AGL,CE,Combined TRACON& Tower with Radar,197,48,3,0,248,0,2,12,0,14,197,50,15,0,262,0,0,0,262
10/12/2014,IND,IN,AGL,CE,Combined TRACON& Tower with Radar,186,88,19,2,295,0,0,3,0,3,186,88,22,2,298,0,0,0,298
10/13/2014,IND,IN,AGL,CE,Combined TRACON& Tower with Radar,214,89,13,0,316,1,0,0,0,1,215,89,13,0,317,0,0,0,317
10/14/2014,IND,IN,AGL,CE,Combined TRACON& Tower with Radar,349,90,47,2,488,0,0,0,0,0,349,90,47,2,488,0,0,0,488
10/15/2014,IND,IN,AGL,CE,Combined TRACON& Tower with Radar,354,97,59,2,512,0,0,0,0,0,354,97,59,2,512,0,0,0,512
10/16/2014,IND,IN,AGL,CE,Combined TRACON& Tower with Radar,359,99,49,4,511,0,0,2,0,2,359,99,51,4,513,0,0,0,513
10/17/2014,IND,IN,AGL,CE,Combined TRACON& Tower with Radar,327,93,27,0,447,0,3,4,0,7,327,96,31,0,454,0,0,0,454
10/18/2014,IND,IN,AGL,CE,Combined TRACON& Tower with Radar,195,50,22,0,267,0,1,1,2,4,195,51,23,2,271,0,0,0,271
10/19/2014,IND,IN,AGL,CE,Combined TRACON& Tower with Radar,186,82,25,0,293,0,0,3,1,4,186,82,28,1,297,0,0,0,297
10/20/2014,IND,IN,AGL,CE,Combined TRACON& Tower with Radar,230,98,43,2,373,0,1,2,0,3,230,99,45,2,376,0,0,0,376
10/21/2014,IND,IN,AGL,CE,Combined TRACON& Tower with Radar,348,109,55,4,516,0,0,4,0,4,348,109,59,4,520,0,0,0,520
10/22/2014,IND,IN,AGL,CE,Combined TRACON& Tower with Radar,355,97,53,2,507,0,0,10,0,10,355,97,63,2,517,0,0,0,517
10/23/2014,IND,IN,AGL,CE,Combined TRACON& Tower with Radar,361,94,48,4,507,0,0,5,0,5,361,94,53,4,512,0,0,0,512
10/24/2014,IND,IN,AGL,CE,Combined TRACON& Tower with Radar,319,94,30,3,446,0,1,5,2,8,319,95,35,5,454,0,0,0,454
10/25/2014,IND,IN,AGL,CE,Combined TRACON& Tower with Radar,197,43,18,1,259,0,2,8,0,10,197,45,26,1,269,0,0,0,269
10/26/2014,IND,IN,AGL,CE,Combined TRACON& Tower with Radar,197,77,18,2,294,0,1,4,0,5,197,78,22,2,299,0,0,0,299
10/27/2014,IND,IN,AGL,CE,Combined TRACON& Tower with Radar,220,80,25,1,326,0,1,6,0,7,220,81,31,1,333,0,0,0,333
10/28/2014,IND,IN,AGL,CE,Combined TRACON& Tower with Radar,352,91,48,1,492,0,0,7,2,9,352,91,55,3,501,0,0,0,501
10/29/2014,IND,IN,AGL,CE,Combined TRACON& Tower with Radar,348,91,55,4,498,0,0,7,0,7,348,91,62,4,505,0,0,0,505
10/30/2014,IND,IN,AGL,CE,Combined TRACON& Tower with Radar,343,93,41,0,477,0,0,12,0,12,343,93,53,0,489,0,0,0,489
10/31/2014,IND,IN,AGL,CE,Combined TRACON& Tower with Radar,289,71,29,1,390,0,0,0,0,0,289,71,29,1,390,0,0,0,390
11/01/2014,IND,IN,AGL,CE,Combined TRACON& Tower with Radar,180,51,16,0,247,0,3,2,0,5,180,54,18,0,252,0,0,0,252
11/02/2014,IND,IN,AGL,CE,Combined TRACON& Tower with Radar,211,57,21,2,291,0,1,8,0,9,211,58,29,2,300,0,0,0,300
11/03/2014,IND,IN,AGL,CE,Combined TRACON& Tower with Radar,237,78,30,2,347,0,0,3,0,3,237,78,33,2,350,0,0,0,350
11/04/2014,IND,IN,AGL,CE,Combined TRACON& Tower with Radar,363,82,46,4,495,0,0,2,0,2,363,82,48,4,497,0,0,0,497
11/05/2014,IND,IN,AGL,CE,Combined TRACON& Tower with Radar,373,82,57,1,513,0,5,5,0,10,373,87,62,1,523,0,0,0,523
11/06/2014,IND,IN,AGL,CE,Combined TRACON& Tower with Radar,354,97,32,4,487,0,0,1,0,1,354,97,33,4,488,0,0,0,488
11/07/2014,IND,IN,AGL,CE,Combined TRACON& Tower with Radar,330,88,27,1,446,0,4,6,0,10,330,92,33,1,456,0,0,0,456
11/08/2014,IND,IN,AGL,CE,Combined TRACON& Tower with Radar,207,59,12,0,278,0,0,1,0,1,207,59,13,0,279,0,0,0,279
11/09/2014,IND,IN,AGL,CE,Combined TRACON& Tower with Radar,207,65,15,2,289,0,0,3,0,3,207,65,18,2,292,0,0,0,292
11/10/2014,IND,IN,AGL,CE,Combined TRACON& Tower with Radar,223,76,39,0,338,0,3,2,0,5,223,79,41,0,343,0,0,0,343
11/11/2014,IND,IN,AGL,CE,Combined TRACON& Tower with Radar,373,94,51,0,518,0,0,0,0,0,373,94,51,0,518,0,0,0,518
11/12/2014,IND,IN,AGL,CE,Combined TRACON& Tower with Radar,367,85,59,2,513,0,0,6,0,6,367,85,65,2,519,0,0,0,519
11/13/2014,IND,IN,AGL,CE,Combined TRACON& Tower with Radar,360,79,51,1,491,0,1,1,0,2,360,80,52,1,493,0,0,0,493
11/14/2014,IND,IN,AGL,CE,Combined TRACON& Tower with Radar,331,88,44,3,466,0,0,12,0,12,331,88,56,3,478,0,0,0,478
11/15/2014,IND,IN,AGL,CE,Combined TRACON& Tower with Radar,210,57,15,0,282,0,0,3,2,5,210,57,18,2,287,0,0,0,287
11/16/2014,IND,IN,AGL,CE,Combined TRACON& Tower with Radar,215,63,47,2,327,0,0,2,1,3,215,63,49,3,330,0,0,0,330
11/17/2014,IND,IN,AGL,CE,Combined TRACON& Tower with Radar,225,104,71,3,403,0,0,5,0,5,225,104,76,3,408,0,0,0,408
11/18/2014,IND,IN,AGL,CE,Combined TRACON& Tower with Radar,383,91,89,4,567,0,0,15,0,15,383,91,104,4,582,0,0,0,582
11/19/2014,IND,IN,AGL,CE,Combined TRACON& Tower with Radar,368,105,76,2,551,0,0,2,0,2,368,105,78,2,553,0,0,0,553
11/20/2014,IND,IN,AGL,CE,Combined TRACON& Tower with Radar,376,84,41,4,505,0,0,8,3,11,376,84,49,7,516,0,0,0,516
11/21/2014,IND,IN,AGL,CE,Combined TRACON& Tower with Radar,335,81,56,2,474,0,0,13,0,13,335,81,69,2,487,0,0,0,487
11/22/2014,IND,IN,AGL,CE,Combined TRACON& Tower with Radar,217,58,16,0,291,0,1,1,0,2,217,59,17,0,293,0,0,0,293
11/23/2014,IND,IN,AGL,CE,Combined TRACON& Tower with Radar,195,63,18,0,276,0,0,3,0,3,195,63,21,0,279,0,0,0,279
11/24/2014,IND,IN,AGL,CE,Combined TRACON& Tower with Radar,222,64,26,0,312,0,0,0,0,0,222,64,26,0,312,0,0,0,312
11/25/2014,IND,IN,AGL,CE,Combined TRACON& Tower with Radar,395,77,41,3,516,0,0,4,0,4,395,77,45,3,520,0,0,0,520
11/26/2014,IND,IN,AGL,CE,Combined TRACON& Tower with Radar,404,76,21,0,501,0,0,3,0,3,404,76,24,0,504,0,0,0,504
11/27/2014,IND,IN,AGL,CE,Combined TRACON& Tower with Radar,207,31,2,0,240,0,2,1,0,3,207,33,3,0,243,0,0,0,243
11/28/2014,IND,IN,AGL,CE,Combined TRACON& Tower with Radar,213,42,10,0,265,0,0,2,0,2,213,42,12,0,267,0,0,0,267
11/29/2014,IND,IN,AGL,CE,Combined TRACON& Tower with Radar,218,81,10,0,309,0,0,3,0,3,218,81,13,0,312,0,0,0,312
11/30/2014,IND,IN,AGL,CE,Combined TRACON& Tower with Radar,237,84,18,0,339,0,0,1,0,1,237,84,19,0,340,0,0,0,340
12/01/2014,IND,IN,AGL,CE,Combined TRACON& Tower with Radar,264,74,37,2,377,0,0,1,0,1,264,74,38,2,378,0,0,0,378
12/02/2014,IND,IN,AGL,CE,Combined TRACON& Tower with Radar,412,80,38,0,530,0,0,2,0,2,412,80,40,0,532,0,0,0,532
12/03/2014,IND,IN,AGL,CE,Combined TRACON& Tower with Radar,421,87,39,2,549,0,6,18,0,24,421,93,57,2,573,0,0,0,573
12/04/2014,IND,IN,AGL,CE,Combined TRACON& Tower with Radar,412,79,36,2,529,0,0,4,0,4,412,79,40,2,533,0,0,0,533
12/05/2014,IND,IN,AGL,CE,Combined TRACON& Tower with Radar,368,96,31,1,496,0,0,0,0,0,368,96,31,1,496,0,0,0,496
12/06/2014,IND,IN,AGL,CE,Combined TRACON& Tower with Radar,208,70,45,0,323,0,0,1,0,1,208,70,46,0,324,0,0,0,324
12/07/2014,IND,IN,AGL,CE,Combined TRACON& Tower with Radar,199,89,47,5,340,0,1,6,0,7,199,90,53,5,347,0,0,0,347
12/08/2014,IND,IN,AGL,CE,Combined TRACON& Tower with Radar,224,74,44,2,344,0,0,9,0,9,224,74,53,2,353,0,0,0,353
12/09/2014,IND,IN,AGL,CE,Combined TRACON& Tower with Radar,402,84,40,2,528,0,0,0,0,0,402,84,40,2,528,0,0,0,528
12/10/2014,IND,IN,AGL,CE,Combined TRACON& Tower with Radar,397,89,66,2,554,0,3,10,0,13,397,92,76,2,567,0,0,0,567
12/11/2014,IND,IN,AGL,CE,Combined TRACON& Tower with Radar,413,84,73,0,570,0,0,10,0,10,413,84,83,0,580,0,0,0,580
12/12/2014,IND,IN,AGL,CE,Combined TRACON& Tower with Radar,362,92,53,2,509,0,0,2,4,6,362,92,55,6,515,0,0,0,515
12/13/2014,IND,IN,AGL,CE,Combined TRACON& Tower with Radar,212,58,25,0,295,0,0,1,0,1,212,58,26,0,296,0,0,0,296
12/14/2014,IND,IN,AGL,CE,Combined TRACON& Tower with Radar,237,74,31,2,344,0,0,0,0,0,237,74,31,2,344,0,0,0,344
12/15/2014,IND,IN,AGL,CE,Combined TRACON& Tower with Radar,235,89,35,4,363,0,0,0,0,0,235,89,35,4,363,0,0,0,363
12/16/2014,IND,IN,AGL,CE,Combined TRACON& Tower with Radar,430,97,52,2,581,0,0,0,0,0,430,97,52,2,581,0,0,0,581
12/17/2014,IND,IN,AGL,CE,Combined TRACON& Tower with Radar,416,105,36,2,559,0,0,4,0,4,416,105,40,2,563,0,0,0,563
12/18/2014,IND,IN,AGL,CE,Combined TRACON& Tower with Radar,427,97,50,2,576,0,1,5,0,6,427,98,55,2,582,0,0,0,582
12/19/2014,IND,IN,AGL,CE,Combined TRACON& Tower with Radar,391,88,50,2,531,0,0,11,0,11,391,88,61,2,542,0,0,0,542
12/20/2014,IND,IN,AGL,CE,Combined TRACON& Tower with Radar,343,72,11,0,426,0,1,7,0,8,343,73,18,0,434,0,0,0,434
12/21/2014,IND,IN,AGL,CE,Combined TRACON& Tower with Radar,267,59,15,0,341,0,0,4,0,4,267,59,19,0,345,0,0,0,345
12/22/2014,IND,IN,AGL,CE,Combined TRACON& Tower with Radar,221,80,44,2,347,0,1,0,0,1,221,81,44,2,348,0,0,0,348
12/23/2014,IND,IN,AGL,CE,Combined TRACON& Tower with Radar,386,70,24,0,480,0,0,2,0,2,386,70,26,0,482,0,0,0,482
12/24/2014,IND,IN,AGL,CE,Combined TRACON& Tower with Radar,351,38,6,0,395,0,0,0,0,0,351,38,6,0,395,0,0,0,395
12/25/2014,IND,IN,AGL,CE,Combined TRACON& Tower with Radar,156,30,8,0,194,0,0,3,0,3,156,30,11,0,197,0,0,0,197
12/26/2014,IND,IN,AGL,CE,Combined TRACON& Tower with Radar,207,68,12,0,287,0,1,2,0,3,207,69,14,0,290,0,0,0,290
12/27/2014,IND,IN,AGL,CE,Combined TRACON& Tower with Radar,215,66,20,0,301,0,0,0,0,0,215,66,20,0,301,0,0,0,301
12/28/2014,IND,IN,AGL,CE,Combined TRACON& Tower with Radar,208,65,9,0,282,0,0,0,0,0,208,65,9,0,282,0,0,0,282
12/29/2014,IND,IN,AGL,CE,Combined TRACON& Tower with Radar,208,55,4,0,267,0,0,4,0,4,208,55,8,0,271,0,0,0,271
12/30/2014,IND,IN,AGL,CE,Combined TRACON& Tower with Radar,374,71,17,2,464,0,1,2,0,3,374,72,19,2,467,0,0,0,467
12/31/2014,IND,IN,AGL,CE,Combined TRACON& Tower with Radar,325,44,5,0,374,0,1,1,0,2,325,45,6,0,376,0,0,0,376
01/01/2015,IND,IN,AGL,CE,Combined TRACON& Tower with Radar,169,42,4,0,215,0,1,2,0,3,169,43,6,0,218,0,0,0,218
01/02/2015,IND,IN,AGL,CE,Combined TRACON& Tower with Radar,201,61,18,0,280,0,0,8,0,8,201,61,26,0,288,0,0,0,288
01/03/2015,IND,IN,AGL,CE,Combined TRACON& Tower with Radar,207,62,25,0,294,0,0,0,0,0,207,62,25,0,294,0,0,0,294
01/04/2015,IND,IN,AGL,CE,Combined TRACON& Tower with Radar,199,63,3,0,265,0,0,2,0,2,199,63,5,0,267,0,0,0,267
01/05/2015,IND,IN,AGL,CE,Combined TRACON& Tower with Radar,205,71,18,0,294,0,0,14,0,14,205,71,32,0,308,0,0,0,308
01/06/2015,IND,IN,AGL,CE,Combined TRACON& Tower with Radar,335,61,29,0,425,0,0,1,0,1,335,61,30,0,426,0,0,0,426
01/07/2015,IND,IN,AGL,CE,Combined TRACON& Tower with Radar,342,79,42,2,465,0,0,3,0,3,342,79,45,2,468,0,0,0,468
01/08/2015,IND,IN,AGL,CE,Combined TRACON& Tower with Radar,352,76,48,2,478,0,0,7,0,7,352,76,55,2,485,0,0,0,485
01/09/2015,IND,IN,AGL,CE,Combined TRACON& Tower with Radar,317,79,46,0,442,0,0,4,1,5,317,79,50,1,447,0,0,0,447
01/10/2015,IND,IN,AGL,CE,Combined TRACON& Tower with Radar,190,44,14,2,250,0,1,2,1,4,190,45,16,3,254,0,0,0,254
01/11/2015,IND,IN,AGL,CE,Combined TRACON& Tower with Radar,160,39,7,0,206,0,0,1,0,1,160,39,8,0,207,0,0,0,207
01/12/2015,IND,IN,AGL,CE,Combined TRACON& Tower with Radar,196,59,30,0,285,0,0,0,0,0,196,59,30,0,285,0,0,0,285
01/13/2015,IND,IN,AGL,CE,Combined TRACON& Tower with Radar,350,71,41,2,464,0,1,3,0,4,350,72,44,2,468,0,0,0,468
01/14/2015,IND,IN,AGL,CE,Combined TRACON& Tower with Radar,351,75,57,2,485,0,2,7,2,11,351,77,64,4,496,0,0,0,496
01/15/2015,IND,IN,AGL,CE,Combined TRACON& Tower with Radar,356,81,48,0,485,0,1,6,0,7,356,82,54,0,492,0,0,0,492
01/16/2015,IND,IN,AGL,CE,Combined TRACON& Tower with Radar,321,78,35,3,437,0,0,10,0,10,321,78,45,3,447,0,0,0,447
01/17/2015,IND,IN,AGL,CE,Combined TRACON& Tower with Radar,182,44,11,2,239,0,2,1,0,3,182,46,12,2,242,0,0,0,242
01/18/2015,IND,IN,AGL,CE,Combined TRACON& Tower with Radar,172,55,20,2,249,0,0,2,0,2,172,55,22,2,251,0,0,0,251
01/19/2015,IND,IN,AGL,CE,Combined TRACON& Tower with Radar,215,81,45,0,341,0,0,3,0,3,215,81,48,0,344,0,0,0,344
01/20/2015,IND,IN,AGL,CE,Combined TRACON& Tower with Radar,350,77,37,2,466,0,0,5,0,5,350,77,42,2,471,0,0,0,471
01/21/2015,IND,IN,AGL,CE,Combined TRACON& Tower with Radar,351,69,34,2,456,0,0,1,0,1,351,69,35,2,457,0,0,0,457
01/22/2015,IND,IN,AGL,CE,Combined TRACON& Tower with Radar,348,73,49,2,472,0,0,2,0,2,348,73,51,2,474,0,0,0,474
01/23/2015,IND,IN,AGL,CE,Combined TRACON& Tower with Radar,320,66,37,3,426,0,1,11,3,15,320,67,48,6,441,0,0,0,441
01/24/2015,IND,IN,AGL,CE,Combined TRACON& Tower with Radar,187,42,38,10,277,0,0,0,0,0,187,42,38,10,277,0,0,0,277
01/25/2015,IND,IN,AGL,CE,Combined TRACON& Tower with Radar,195,57,21,0,273,0,0,3,0,3,195,57,24,0,276,0,0,0,276
01/26/2015,IND,IN,AGL,CE,Combined TRACON& Tower with Radar,200,71,29,2,302,0,0,3,0,3,200,71,32,2,305,0,0,0,305
01/27/2015,IND,IN,AGL,CE,Combined TRACON& Tower with Radar,321,61,37,1,420,0,0,6,0,6,321,61,43,1,426,0,0,0,426
01/28/2015,IND,IN,AGL,CE,Combined TRACON& Tower with Radar,351,80,46,0,477,0,1,14,0,15,351,81,60,0,492,0,0,0,492
01/29/2015,IND,IN,AGL,CE,Combined TRACON& Tower with Radar,362,87,45,3,497,0,0,1,0,1,362,87,46,3,498,0,0,0,498
01/30/2015,IND,IN,AGL,CE,Combined TRACON& Tower with Radar,323,82,21,4,430,0,0,3,0,3,323,82,24,4,433,0,0,0,433
01/31/2015,IND,IN,AGL,CE,Combined TRACON& Tower with Radar,184,41,3,0,228,0,1,5,0,6,184,42,8,0,234,0,0,0,234
02/01/2015,IND,IN,AGL,CE,Combined TRACON& Tower with Radar,152,40,10,0,202,0,0,0,0,0,152,40,10,0,202,0,0,0,202
02/02/2015,IND,IN,AGL,CE,Combined TRACON& Tower with Radar,181,55,23,4,263,0,2,3,0,5,181,57,26,4,268,0,0,0,268
02/03/2015,IND,IN,AGL,CE,Combined TRACON& Tower with Radar,335,82,42,2,461,0,0,8,0,8,335,82,50,2,469,0,0,0,469
02/04/2015,IND,IN,AGL,CE,Combined TRACON& Tower with Radar,370,79,25,2,476,0,0,5,2,7,370,79,30,4,483,0,0,0,483
02/05/2015,IND,IN,AGL,CE,Combined TRACON& Tower with Radar,350,67,46,5,468,0,0,11,2,13,350,67,57,7,481,0,0,0,481
02/06/2015,IND,IN,AGL,CE,Combined TRACON& Tower with Radar,319,69,24,3,415,0,1,9,0,10,319,70,33,3,425,0,0,0,425
02/07/2015,IND,IN,AGL,CE,Combined TRACON& Tower with Radar,181,50,12,4,247,0,0,4,0,4,181,50,16,4,251,0,0,0,251
02/08/2015,IND,IN,AGL,CE,Combined TRACON& Tower with Radar,188,58,4,3,253,0,0,3,0,3,188,58,7,3,256,0,0,0,256
02/09/2015,IND,IN,AGL,CE,Combined TRACON& Tower with Radar,211,52,24,4,291,0,1,0,0,1,211,53,24,4,292,0,0,0,292
02/10/2015,IND,IN,AGL,CE,Combined TRACON& Tower with Radar,357,75,41,3,476,0,0,8,3,11,357,75,49,6,487,0,0,0,487
02/11/2015,IND,IN,AGL,CE,Combined TRACON& Tower with Radar,353,77,49,4,483,0,1,0,1,2,353,78,49,5,485,0,0,0,485
02/12/2015,IND,IN,AGL,CE,Combined TRACON& Tower with Radar,369,83,28,4,484,0,4,2,0,6,369,87,30,4,490,0,0,0,490
02/13/2015,IND,IN,AGL,CE,Combined TRACON& Tower with Radar,328,79,32,5,444,0,3,16,1,20,328,82,48,6,464,0,0,0,464
02/14/2015,IND,IN,AGL,CE,Combined TRACON& Tower with Radar,191,50,11,0,252,0,1,0,0,1,191,51,11,0,253,0,0,0,253
02/15/2015,IND,IN,AGL,CE,Combined TRACON& Tower with Radar,181,58,21,3,263,0,0,4,0,4,181,58,25,3,267,0,0,0,267
02/16/2015,IND,IN,AGL,CE,Combined TRACON& Tower with Radar,209,76,58,0,343,0,0,0,0,0,209,76,58,0,343,0,0,0,343
02/17/2015,IND,IN,AGL,CE,Combined TRACON& Tower with Radar,318,69,44,2,433,0,0,4,0,4,318,69,48,2,437,0,0,0,437
02/18/2015,IND,IN,AGL,CE,Combined TRACON& Tower with Radar,342,74,68,4,488,0,0,2,0,2,342,74,70,4,490,0,0,0,490
02/19/2015,IND,IN,AGL,CE,Combined TRACON& Tower with Radar,358,78,69,4,509,0,1,3,0,4,358,79,72,4,513,0,0,0,513
02/20/2015,IND,IN,AGL,CE,Combined TRACON& Tower with Radar,320,78,47,0,445,0,1,6,0,7,320,79,53,0,452,0,0,0,452
02/21/2015,IND,IN,AGL,CE,Combined TRACON& Tower with Radar,175,52,17,0,244,0,0,0,0,0,175,52,17,0,244,0,0,0,244
02/22/2015,IND,IN,AGL,CE,Combined TRACON& Tower with Radar,186,64,25,0,275,0,0,0,0,0,186,64,25,0,275,0,0,0,275
02/23/2015,IND,IN,AGL,CE,Combined TRACON& Tower with Radar,217,68,49,2,336,0,1,8,0,9,217,69,57,2,345,0,0,0,345
02/24/2015,IND,IN,AGL,CE,Combined TRACON& Tower with Radar,355,68,55,2,480,0,0,3,0,3,355,68,58,2,483,0,0,0,483
02/25/2015,IND,IN,AGL,CE,Combined TRACON& Tower with Radar,353,90,62,3,508,0,2,6,0,8,353,92,68,3,516,0,0,0,516
02/26/2015,IND,IN,AGL,CE,Combined TRACON& Tower with Radar,362,70,47,2,481,0,0,1,0,1,362,70,48,2,482,0,0,0,482
02/27/2015,IND,IN,AGL,CE,Combined TRACON& Tower with Radar,333,78,43,0,454,0,1,11,0,12,333,79,54,0,466,0,0,0,466
02/28/2015,IND,IN,AGL,CE,Combined TRACON& Tower with Radar,184,54,20,2,260,0,0,2,0,2,184,54,22,2,262,0,0,0,262
03/01/2015,IND,IN,AGL,CE,Combined TRACON& Tower with Radar,167,69,21,0,257,0,0,0,0,0,167,69,21,0,257,0,0,0,257
03/02/2015,IND,IN,AGL,CE,Combined TRACON& Tower with Radar,215,79,36,0,330,0,0,5,0,5,215,79,41,0,335,0,0,0,335
03/03/2015,IND,IN,AGL,CE,Combined TRACON& Tower with Radar,331,71,53,0,455,0,0,1,0,1,331,71,54,0,456,0,0,0,456
03/04/2015,IND,IN,AGL,CE,Combined TRACON& Tower with Radar,355,89,48,2,494,0,0,2,0,2,355,89,50,2,496,0,0,0,496
03/05/2015,IND,IN,AGL,CE,Combined TRACON& Tower with Radar,332,69,42,0,443,0,2,3,0,5,332,71,45,0,448,0,0,0,448
03/06/2015,IND,IN,AGL,CE,Combined TRACON& Tower with Radar,337,62,42,3,444,0,0,5,0,5,337,62,47,3,449,0,0,0,449
03/07/2015,IND,IN,AGL,CE,Combined TRACON& Tower with Radar,225,58,13,1,297,0,0,2,0,2,225,58,15,1,299,0,0,0,299
03/08/2015,IND,IN,AGL,CE,Combined TRACON& Tower with Radar,216,50,3,0,269,0,1,5,0,6,216,51,8,0,275,0,0,0,275
03/09/2015,IND,IN,AGL,CE,Combined TRACON& Tower with Radar,246,56,36,2,340,0,0,4,0,4,246,56,40,2,344,0,0,0,344
03/10/2015,IND,IN,AGL,CE,Combined TRACON& Tower with Radar,356,67,45,4,472,0,0,0,0,0,356,67,45,4,472,0,0,0,472
03/11/2015,IND,IN,AGL,CE,Combined TRACON& Tower with Radar,384,54,65,8,511,0,1,8,2,11,384,55,73,10,522,0,0,0,522
03/12/2015,IND,IN,AGL,CE,Combined TRACON& Tower with Radar,386,69,57,5,517,0,0,13,0,13,386,69,70,5,530,0,0,0,530
03/13/2015,IND,IN,AGL,CE,Combined TRACON& Tower with Radar,336,66,37,2,441,0,2,1,0,3,336,68,38,2,444,0,0,0,444
03/14/2015,IND,IN,AGL,CE,Combined TRACON& Tower with Radar,219,55,18,0,292,0,0,1,0,1,219,55,19,0,293,0,0,0,293
03/15/2015,IND,IN,AGL,CE,Combined TRACON& Tower with Radar,214,57,19,2,292,0,0,4,0,4,214,57,23,2,296,0,0,0,296
03/16/2015,IND,IN,AGL,CE,Combined TRACON& Tower with Radar,255,57,30,7,349,0,1,6,0,7,255,58,36,7,356,0,0,0,356
03/17/2015,IND,IN,AGL,CE,Combined TRACON& Tower with Radar,376,78,34,5,493,0,0,9,0,9,376,78,43,5,502,0,0,0,502
03/18/2015,IND,IN,AGL,CE,Combined TRACON& Tower with Radar,372,81,22,6,481,0,1,8,0,9,372,82,30,6,490,0,0,0,490
03/19/2015,IND,IN,AGL,CE,Combined TRACON& Tower with Radar,382,76,42,3,503,0,0,13,1,14,382,76,55,4,517,0,0,0,517
03/20/2015,IND,IN,AGL,CE,Combined TRACON& Tower with Radar,329,56,30,5,420,0,0,4,0,4,329,56,34,5,424,0,0,0,424
03/21/2015,IND,IN,AGL,CE,Combined TRACON& Tower with Radar,235,55,10,0,300,0,4,8,0,12,235,59,18,0,312,0,0,0,312
03/22/2015,IND,IN,AGL,CE,Combined TRACON& Tower with Radar,225,53,27,0,305,0,1,10,0,11,225,54,37,0,316,0,0,0,316
03/23/2015,IND,IN,AGL,CE,Combined TRACON& Tower with Radar,257,58,46,1,362,0,0,4,0,4,257,58,50,1,366,0,0,0,366
03/24/2015,IND,IN,AGL,CE,Combined TRACON& Tower with Radar,372,69,51,2,494,0,0,4,0,4,372,69,55,2,498,0,0,0,498
03/25/2015,IND,IN,AGL,CE,Combined TRACON& Tower with Radar,379,59,45,0,483,0,0,1,0,1,379,59,46,0,484,0,0,0,484
03/26/2015,IND,IN,AGL,CE,Combined TRACON& Tower with Radar,374,82,52,0,508,0,0,4,0,4,374,82,56,0,512,0,0,0,512
03/27/2015,IND,IN,AGL,CE,Combined TRACON& Tower with Radar,348,67,26,7,448,0,3,14,0,17,348,70,40,7,465,0,0,0,465
03/28/2015,IND,IN,AGL,CE,Combined TRACON& Tower with Radar,223,64,19,0,306,0,3,12,0,15,223,67,31,0,321,0,0,0,321
03/29/2015,IND,IN,AGL,CE,Combined TRACON& Tower with Radar,230,71,24,3,328,0,2,8,0,10,230,73,32,3,338,0,0,0,338
03/30/2015,IND,IN,AGL,CE,Combined TRACON& Tower with Radar,251,63,34,2,350,0,0,22,0,22,251,63,56,2,372,0,0,0,372
03/31/2015,IND,IN,AGL,CE,Combined TRACON& Tower with Radar,367,71,29,2,469,0,0,12,0,12,367,71,41,2,481,0,0,0,481
04/01/2015,IND,IN,AGL,CE,Combined TRACON& Tower with Radar,387,68,50,0,505,0,2,22,0,24,387,70,72,0,529,0,0,0,529
04/02/2015,IND,IN,AGL,CE,Combined TRACON& Tower with Radar,376,81,44,0,501,0,0,2,0,2,376,81,46,0,503,0,0,0,503
04/03/2015,IND,IN,AGL,CE,Combined TRACON& Tower with Radar,345,101,89,0,535,0,2,2,2,6,345,103,91,2,541,0,0,0,541
04/04/2015,IND,IN,AGL,CE,Combined TRACON& Tower with Radar,230,141,188,0,559,0,0,20,1,21,230,141,208,1,580,0,0,0,580
04/05/2015,IND,IN,AGL,CE,Combined TRACON& Tower with Radar,210,104,113,0,427,0,0,8,0,8,210,104,121,0,435,0,0,0,435
04/06/2015,IND,IN,AGL,CE,Combined TRACON& Tower with Radar,243,135,166,4,548,0,2,6,0,8,243,137,172,4,556,0,0,0,556
04/07/2015,IND,IN,AGL,CE,Combined TRACON& Tower with Radar,395,158,230,2,785,0,0,1,0,1,395,158,231,2,786,0,0,0,786
04/08/2015,IND,IN,AGL,CE,Combined TRACON& Tower with Radar,374,62,38,4,478,0,0,3,0,3,374,62,41,4,481,0,0,0,481
04/09/2015,IND,IN,AGL,CE,Combined TRACON& Tower with Radar,396,65,35,2,498,0,0,2,0,2,396,65,37,2,500,0,0,0,500
04/10/2015,IND,IN,AGL,CE,Combined TRACON& Tower with Radar,324,63,33,2,422,0,0,9,0,9,324,63,42,2,431,0,0,0,431
04/11/2015,IND,IN,AGL,CE,Combined TRACON& Tower with Radar,203,50,19,2,274,0,1,12,0,13,203,51,31,2,287,0,0,0,287
04/12/2015,IND,IN,AGL,CE,Combined TRACON& Tower with Radar,219,51,34,2,306,0,0,15,0,15,219,51,49,2,321,0,0,0,321
04/13/2015,IND,IN,AGL,CE,Combined TRACON& Tower with Radar,246,65,42,2,355,0,1,3,0,4,246,66,45,2,359,0,0,0,359
04/14/2015,IND,IN,AGL,CE,Combined TRACON& Tower with Radar,373,75,38,2,488,0,0,15,2,17,373,75,53,4,505,0,0,0,505
04/15/2015,IND,IN,AGL,CE,Combined TRACON& Tower with Radar,375,71,69,1,516,0,2,6,0,8,375,73,75,1,524,0,0,0,524
04/16/2015,IND,IN,AGL,CE,Combined TRACON& Tower with Radar,376,76,55,3,510,0,0,0,1,1,376,76,55,4,511,0,0,0,511
04/17/2015,IND,IN,AGL,CE,Combined TRACON& Tower with Radar,333,79,25,5,442,0,0,12,0,12,333,79,37,5,454,0,0,0,454
04/18/2015,IND,IN,AGL,CE,Combined TRACON& Tower with Radar,196,58,9,6,269,0,0,11,11,22,196,58,20,17,291,0,0,0,291
04/19/2015,IND,IN,AGL,CE,Combined TRACON& Tower with Radar,216,51,15,5,287,0,0,1,0,1,216,51,16,5,288,0,0,0,288
04/20/2015,IND,IN,AGL,CE,Combined TRACON& Tower with Radar,242,64,44,8,358,0,0,3,0,3,242,64,47,8,361,0,0,0,361
04/21/2015,IND,IN,AGL,CE,Combined TRACON& Tower with Radar,376,76,47,0,499,0,0,5,0,5,376,76,52,0,504,0,0,0,504
04/22/2015,IND,IN,AGL,CE,Combined TRACON& Tower with Radar,369,77,56,2,504,0,0,22,0,22,369,77,78,2,526,0,0,0,526
04/23/2015,IND,IN,AGL,CE,Combined TRACON& Tower with Radar,369,74,79,2,524,0,0,14,0,14,369,74,93,2,538,0,0,0,538
04/24/2015,IND,IN,AGL,CE,Combined TRACON& Tower with Radar,324,68,62,2,456,0,1,9,1,11,324,69,71,3,467,0,0,0,467
04/25/2015,IND,IN,AGL,CE,Combined TRACON& Tower with Radar,195,51,30,3,279,0,1,0,0,1,195,52,30,3,280,0,0,0,280
04/26/2015,IND,IN,AGL,CE,Combined TRACON& Tower with Radar,221,51,22,1,295,0,0,12,0,12,221,51,34,1,307,0,0,0,307
04/27/2015,IND,IN,AGL,CE,Combined TRACON& Tower with Radar,240,72,43,2,357,0,0,1,0,1,240,72,44,2,358,0,0,0,358
04/28/2015,IND,IN,AGL,CE,Combined TRACON& Tower with Radar,369,69,63,3,504,0,1,17,1,19,369,70,80,4,523,0,0,0,523
04/29/2015,IND,IN,AGL,CE,Combined TRACON& Tower with Radar,377,67,70,0,514,0,0,10,0,10,377,67,80,0,524,0,0,0,524
04/30/2015,IND,IN,AGL,CE,Combined TRACON& Tower with Radar,359,82,47,0,488,0,0,4,1,5,359,82,51,1,493,0,0,0,493
05/01/2015,IND,IN,AGL,CE,Combined TRACON& Tower with Radar,331,75,32,2,440,0,0,8,0,8,331,75,40,2,448,0,0,0,448
05/02/2015,IND,IN,AGL,CE,Combined TRACON& Tower with Radar,196,46,12,5,259,0,4,6,0,10,196,50,18,5,269,0,0,0,269
05/03/2015,IND,IN,AGL,CE,Combined TRACON& Tower with Radar,213,58,15,1,287,0,0,4,5,9,213,58,19,6,296,0,0,0,296
05/04/2015,IND,IN,AGL,CE,Combined TRACON& Tower with Radar,236,74,37,0,347,0,1,2,4,7,236,75,39,4,354,0,0,0,354
05/05/2015,IND,IN,AGL,CE,Combined TRACON& Tower with Radar,366,61,41,2,470,0,0,7,0,7,366,61,48,2,477,0,0,0,477
05/06/2015,IND,IN,AGL,CE,Combined TRACON& Tower with Radar,380,84,41,2,507,0,0,2,1,3,380,84,43,3,510,0,0,0,510
05/07/2015,IND,IN,AGL,CE,Combined TRACON& Tower with Radar,376,79,46,0,501,0,0,5,0,5,376,79,51,0,506,0,0,0,506
05/08/2015,IND,IN,AGL,CE,Combined TRACON& Tower with Radar,332,74,30,7,443,0,0,8,2,10,332,74,38,9,453,0,0,0,453
05/09/2015,IND,IN,AGL,CE,Combined TRACON& Tower with Radar,201,57,26,0,284,0,0,0,0,0,201,57,26,0,284,0,0,0,284
05/10/2015,IND,IN,AGL,CE,Combined TRACON& Tower with Radar,211,53,13,3,280,0,0,1,0,1,211,53,14,3,281,0,0,0,281
05/11/2015,IND,IN,AGL,CE,Combined TRACON& Tower with Radar,243,69,32,2,346,0,0,0,0,0,243,69,32,2,346,0,0,0,346
05/12/2015,IND,IN,AGL,CE,Combined TRACON& Tower with Radar,370,82,48,0,500,0,1,10,0,11,370,83,58,0,511,0,0,0,511
05/13/2015,IND,IN,AGL,CE,Combined TRACON& Tower with Radar,375,78,63,2,518,0,3,12,0,15,375,81,75,2,533,0,0,0,533
05/14/2015,IND,IN,AGL,CE,Combined TRACON& Tower with Radar,371,75,54,3,503,0,1,10,1,12,371,76,64,4,515,0,0,0,515
05/15/2015,IND,IN,AGL,CE,Combined TRACON& Tower with Radar,337,78,48,4,467,0,0,2,0,2,337,78,50,4,469,0,0,0,469
05/16/2015,IND,IN,AGL,CE,Combined TRACON& Tower with Radar,208,53,24,0,285,0,1,2,0,3,208,54,26,0,288,0,0,0,288
05/17/2015,IND,IN,AGL,CE,Combined TRACON& Tower with Radar,215,56,30,1,302,0,3,0,0,3,215,59,30,1,305,0,0,0,305
05/18/2015,IND,IN,AGL,CE,Combined TRACON& Tower with Radar,232,79,45,1,357,0,0,7,0,7,232,79,52,1,364,0,0,0,364
05/19/2015,IND,IN,AGL,CE,Combined TRACON& Tower with Radar,369,75,49,8,501,0,0,13,0,13,369,75,62,8,514,0,0,0,514
05/20/2015,IND,IN,AGL,CE,Combined TRACON& Tower with Radar,372,66,53,2,493,0,2,0,1,3,372,68,53,3,496,0,0,0,496
05/21/2015,IND,IN,AGL,CE,Combined TRACON& Tower with Radar,381,78,70,2,531,0,0,2,0,2,381,78,72,2,533,0,0,0,533
05/22/2015,IND,IN,AGL,CE,Combined TRACON& Tower with Radar,343,88,48,0,479,0,1,12,0,13,343,89,60,0,492,0,0,0,492
05/23/2015,IND,IN,AGL,CE,Combined TRACON& Tower with Radar,200,51,36,0,287,0,1,10,1,12,200,52,46,1,299,0,0,0,299
05/24/2015,IND,IN,AGL,CE,Combined TRACON& Tower with Radar,175,68,89,2,334,0,1,20,3,24,175,69,109,5,358,0,0,0,358
05/25/2015,IND,IN,AGL,CE,Combined TRACON& Tower with Radar,225,54,46,0,325,0,0,2,0,2,225,54,48,0,327,0,0,0,327
05/26/2015,IND,IN,AGL,CE,Combined TRACON& Tower with Radar,244,66,59,1,370,0,0,7,0,7,244,66,66,1,377,0,0,0,377
05/27/2015,IND,IN,AGL,CE,Combined TRACON& Tower with Radar,388,75,62,0,525,0,0,4,0,4,388,75,66,0,529,0,0,0,529
05/28/2015,IND,IN,AGL,CE,Combined TRACON& Tower with Radar,380,79,55,1,515,0,0,6,0,6,380,79,61,1,521,0,0,0,521
05/29/2015,IND,IN,AGL,CE,Combined TRACON& Tower with Radar,345,73,27,2,447,0,0,1,0,1,345,73,28,2,448,0,0,0,448
05/30/2015,IND,IN,AGL,CE,Combined TRACON& Tower with Radar,198,50,17,2,267,0,0,2,0,2,198,50,19,2,269,0,0,0,269
05/31/2015,IND,IN,AGL,CE,Combined TRACON& Tower with Radar,207,50,13,1,271,0,0,1,0,1,207,50,14,1,272,0,0,0,272
06/01/2015,IND,IN,AGL,CE,Combined TRACON& Tower with Radar,241,66,27,2,336,0,0,2,0,2,241,66,29,2,338,0,0,0,338
06/02/2015,IND,IN,AGL,CE,Combined TRACON& Tower with Radar,370,75,38,5,488,0,0,4,2,6,370,75,42,7,494,0,0,0,494
06/03/2015,IND,IN,AGL,CE,Combined TRACON& Tower with Radar,392,70,48,2,512,0,0,15,0,15,392,70,63,2,527,0,0,0,527
06/04/2015,IND,IN,AGL,CE,Combined TRACON& Tower with Radar,388,84,45,4,521,0,0,10,0,10,388,84,55,4,531,0,0,0,531
06/05/2015,IND,IN,AGL,CE,Combined TRACON& Tower with Radar,355,62,32,11,460,0,0,6,1,7,355,62,38,12,467,0,0,0,467
06/06/2015,IND,IN,AGL,CE,Combined TRACON& Tower with Radar,222,43,7,13,285,0,3,0,4,7,222,46,7,17,292,0,0,0,292
06/07/2015,IND,IN,AGL,CE,Combined TRACON& Tower with Radar,233,62,31,4,330,0,0,1,2,3,233,62,32,6,333,0,0,0,333
06/08/2015,IND,IN,AGL,CE,Combined TRACON& Tower with Radar,261,61,34,0,356,0,1,0,2,3,261,62,34,2,359,0,0,0,359
06/09/2015,IND,IN,AGL,CE,Combined TRACON& Tower with Radar,404,73,45,3,525,0,1,4,3,8,404,74,49,6,533,0,0,0,533
06/10/2015,IND,IN,AGL,CE,Combined TRACON& Tower with Radar,411,62,37,0,510,0,0,7,0,7,411,62,44,0,517,0,0,0,517
06/11/2015,IND,IN,AGL,CE,Combined TRACON& Tower with Radar,399,58,37,2,496,0,0,4,2,6,399,58,41,4,502,0,0,0,502
06/12/2015,IND,IN,AGL,CE,Combined TRACON& Tower with Radar,358,70,26,1,455,0,0,2,0,2,358,70,28,1,457,0,0,0,457
06/13/2015,IND,IN,AGL,CE,Combined TRACON& Tower with Radar,247,60,9,1,317,0,0,2,0,2,247,60,11,1,319,0,0,0,319
06/14/2015,IND,IN,AGL,CE,Combined TRACON& Tower with Radar,238,57,30,2,327,0,0,0,0,0,238,57,30,2,327,0,0,0,327
06/15/2015,IND,IN,AGL,CE,Combined TRACON& Tower with Radar,288,54,63,0,405,0,1,5,0,6,288,55,68,0,411,0,0,0,411
06/16/2015,IND,IN,AGL,CE,Combined TRACON& Tower with Radar,409,58,48,3,518,0,0,4,1,5,409,58,52,4,523,0,0,0,523
06/17/2015,IND,IN,AGL,CE,Combined TRACON& Tower with Radar,408,62,46,3,519,0,0,1,0,1,408,62,47,3,520,0,0,0,520
06/18/2015,IND,IN,AGL,CE,Combined TRACON& Tower with Radar,409,67,49,0,525,0,1,4,0,5,409,68,53,0,530,0,0,0,530
06/19/2015,IND,IN,AGL,CE,Combined TRACON& Tower with Radar,374,60,35,0,469,0,0,0,0,0,374,60,35,0,469,0,0,0,469
06/20/2015,IND,IN,AGL,CE,Combined TRACON& Tower with Radar,237,50,15,0,302,0,0,0,2,2,237,50,15,2,304,0,0,0,304
06/21/2015,IND,IN,AGL,CE,Combined TRACON& Tower with Radar,231,72,13,0,316,0,0,4,0,4,231,72,17,0,320,0,0,0,320
06/22/2015,IND,IN,AGL,CE,Combined TRACON& Tower with Radar,264,61,62,0,387,0,0,3,0,3,264,61,65,0,390,0,0,0,390
06/23/2015,IND,IN,AGL,CE,Combined TRACON& Tower with Radar,391,67,51,2,511,0,0,3,0,3,391,67,54,2,514,0,0,0,514
06/24/2015,IND,IN,AGL,CE,Combined TRACON& Tower with Radar,409,81,43,4,537,0,1,10,0,11,409,82,53,4,548,0,0,0,548
06/25/2015,IND,IN,AGL,CE,Combined TRACON& Tower with Radar,397,63,37,6,503,0,0,0,0,0,397,63,37,6,503,0,0,0,503
06/26/2015,IND,IN,AGL,CE,Combined TRACON& Tower with Radar,372,66,34,2,474,0,0,4,0,4,372,66,38,2,478,0,0,0,478
06/27/2015,IND,IN,AGL,CE,Combined TRACON& Tower with Radar,243,50,16,0,309,0,0,2,0,2,243,50,18,0,311,0,0,0,311
06/28/2015,IND,IN,AGL,CE,Combined TRACON& Tower with Radar,251,60,21,0,332,0,1,6,0,7,251,61,27,0,339,0,0,0,339
06/29/2015,IND,IN,AGL,CE,Combined TRACON& Tower with Radar,268,52,36,2,358,0,0,0,0,0,268,52,36,2,358,0,0,0,358
06/30/2015,IND,IN,AGL,CE,Combined TRACON& Tower with Radar,377,68,41,4,490,0,0,2,0,2,377,68,43,4,492,0,0,0,492
07/01/2015,IND,IN,AGL,CE,Combined TRACON& Tower with Radar,412,60,41,2,515,0,0,9,0,9,412,60,50,2,524,0,0,0,524
07/02/2015,IND,IN,AGL,CE,Combined TRACON& Tower with Radar,394,65,31,0,490,0,0,3,0,3,394,65,34,0,493,0,0,0,493
07/03/2015,IND,IN,AGL,CE,Combined TRACON& Tower with Radar,329,45,2,0,376,0,0,0,0,0,329,45,2,0,376,0,0,0,376
07/04/2015,IND,IN,AGL,CE,Combined TRACON& Tower with Radar,172,43,11,0,226,0,1,6,0,7,172,44,17,0,233,0,0,0,233
07/05/2015,IND,IN,AGL,CE,Combined TRACON& Tower with Radar,245,60,14,0,319,0,1,6,0,7,245,61,20,0,326,0,0,0,326
07/06/2015,IND,IN,AGL,CE,Combined TRACON& Tower with Radar,268,83,39,0,390,0,1,7,0,8,268,84,46,0,398,0,0,0,398
07/07/2015,IND,IN,AGL,CE,Combined TRACON& Tower with Radar,400,69,47,2,518,0,0,4,0,4,400,69,51,2,522,0,0,0,522
07/08/2015,IND,IN,AGL,CE,Combined TRACON& Tower with Radar,385,78,47,0,510,0,0,4,0,4,385,78,51,0,514,0,0,0,514
07/09/2015,IND,IN,AGL,CE,Combined TRACON& Tower with Radar,405,73,42,0,520,0,2,2,0,4,405,75,44,0,524,0,0,0,524
07/10/2015,IND,IN,AGL,CE,Combined TRACON& Tower with Radar,363,60,27,2,452,0,1,3,0,4,363,61,30,2,456,0,0,0,456
07/11/2015,IND,IN,AGL,CE,Combined TRACON& Tower with Radar,252,47,11,0,310,0,0,3,2,5,252,47,14,2,315,0,0,0,315
07/12/2015,IND,IN,AGL,CE,Combined TRACON& Tower with Radar,246,61,17,1,325,0,0,1,0,1,246,61,18,1,326,0,0,0,326
07/13/2015,IND,IN,AGL,CE,Combined TRACON& Tower with Radar,251,55,40,3,349,0,1,4,0,5,251,56,44,3,354,0,0,0,354
07/14/2015,IND,IN,AGL,CE,Combined TRACON& Tower with Radar,410,74,48,0,532,0,1,2,0,3,410,75,50,0,535,0,0,0,535
07/15/2015,IND,IN,AGL,CE,Combined TRACON& Tower with Radar,405,72,47,2,526,0,1,7,0,8,405,73,54,2,534,0,0,0,534
07/16/2015,IND,IN,AGL,CE,Combined TRACON& Tower with Radar,395,72,48,0,515,0,1,9,0,10,395,73,57,0,525,0,0,0,525
07/17/2015,IND,IN,AGL,CE,Combined TRACON& Tower with Radar,323,51,33,2,409,0,1,0,0,1,323,52,33,2,410,0,0,0,410
07/18/2015,IND,IN,AGL,CE,Combined TRACON& Tower with Radar,270,46,10,3,329,0,1,8,0,9,270,47,18,3,338,0,0,0,338
07/19/2015,IND,IN,AGL,CE,Combined TRACON& Tower with Radar,260,49,15,1,325,0,0,1,0,1,260,49,16,1,326,0,0,0,326
07/20/2015,IND,IN,AGL,CE,Combined TRACON& Tower with Radar,268,63,32,2,365,0,0,10,0,10,268,63,42,2,375,0,0,0,375
07/21/2015,IND,IN,AGL,CE,Combined TRACON& Tower with Radar,401,77,49,2,529,0,0,9,0,9,401,77,58,2,538,0,0,0,538
07/22/2015,IND,IN,AGL,CE,Combined TRACON& Tower with Radar,399,76,42,4,521,0,0,2,0,2,399,76,44,4,523,0,0,0,523
07/23/2015,IND,IN,AGL,CE,Combined TRACON& Tower with Radar,409,73,86,10,578,0,1,12,1,14,409,74,98,11,592,0,0,0,592
07/24/2015,IND,IN,AGL,CE,Combined TRACON& Tower with Radar,355,72,53,2,482,0,3,8,1,12,355,75,61,3,494,0,0,0,494
07/25/2015,IND,IN,AGL,CE,Combined TRACON& Tower with Radar,259,54,38,0,351,0,1,1,0,2,259,55,39,0,353,0,0,0,353
07/26/2015,IND,IN,AGL,CE,Combined TRACON& Tower with Radar,253,77,79,3,412,0,3,9,0,12,253,80,88,3,424,0,0,0,424
07/27/2015,IND,IN,AGL,CE,Combined TRACON& Tower with Radar,265,68,34,0,367,0,0,4,0,4,265,68,38,0,371,0,0,0,371
07/28/2015,IND,IN,AGL,CE,Combined TRACON& Tower with Radar,406,70,43,0,519,0,0,6,0,6,406,70,49,0,525,0,0,0,525
07/29/2015,IND,IN,AGL,CE,Combined TRACON& Tower with Radar,401,77,31,5,514,0,0,3,0,3,401,77,34,5,517,0,0,0,517
07/30/2015,IND,IN,AGL,CE,Combined TRACON& Tower with Radar,391,67,50,8,516,0,1,5,6,12,391,68,55,14,528,0,0,0,528
07/31/2015,IND,IN,AGL,CE,Combined TRACON& Tower with Radar,362,77,28,2,469,0,0,9,0,9,362,77,37,2,478,0,0,0,478
08/01/2015,IND,IN,AGL,CE,Combined TRACON& Tower with Radar,236,45,22,0,303,0,1,4,0,5,236,46,26,0,308,0,0,0,308
08/02/2015,IND,IN,AGL,CE,Combined TRACON& Tower with Radar,252,59,11,0,322,0,0,7,0,7,252,59,18,0,329,0,0,0,329
08/03/2015,IND,IN,AGL,CE,Combined TRACON& Tower with Radar,276,76,31,0,383,0,0,6,0,6,276,76,37,0,389,0,0,0,389
08/04/2015,IND,IN,AGL,CE,Combined TRACON& Tower with Radar,401,71,53,0,525,0,1,11,0,12,401,72,64,0,537,0,0,0,537
08/05/2015,IND,IN,AGL,CE,Combined TRACON& Tower with Radar,409,79,50,2,540,0,2,4,0,6,409,81,54,2,546,0,0,0,546
08/06/2015,IND,IN,AGL,CE,Combined TRACON& Tower with Radar,391,79,42,0,512,0,0,0,0,0,391,79,42,0,512,0,0,0,512
08/07/2015,IND,IN,AGL,CE,Combined TRACON& Tower with Radar,355,75,28,2,460,0,0,14,0,14,355,75,42,2,474,0,0,0,474
08/08/2015,IND,IN,AGL,CE,Combined TRACON& Tower with Radar,242,50,19,2,313,0,0,2,0,2,242,50,21,2,315,0,0,0,315
08/09/2015,IND,IN,AGL,CE,Combined TRACON& Tower with Radar,236,58,18,2,314,0,0,0,0,0,236,58,18,2,314,0,0,0,314
08/10/2015,IND,IN,AGL,CE,Combined TRACON& Tower with Radar,259,78,52,2,391,0,0,4,0,4,259,78,56,2,395,0,0,0,395
08/11/2015,IND,IN,AGL,CE,Combined TRACON& Tower with Radar,385,61,57,2,505,0,0,0,0,0,385,61,57,2,505,0,0,0,505
08/12/2015,IND,IN,AGL,CE,Combined TRACON& Tower with Radar,392,73,58,9,532,0,0,5,3,8,392,73,63,12,540,0,0,0,540
08/13/2015,IND,IN,AGL,CE,Combined TRACON& Tower with Radar,384,85,49,4,522,0,1,10,2,13,384,86,59,6,535,0,0,0,535
08/14/2015,IND,IN,AGL,CE,Combined TRACON& Tower with Radar,344,71,34,8,457,0,0,1,2,3,344,71,35,10,460,0,0,0,460
08/15/2015,IND,IN,AGL,CE,Combined TRACON& Tower with Radar,218,40,13,2,273,0,1,6,0,7,218,41,19,2,280,0,0,0,280
08/16/2015,IND,IN,AGL,CE,Combined TRACON& Tower with Radar,234,74,14,7,329,0,2,2,0,4,234,76,16,7,333,0,0,0,333
08/17/2015,IND,IN,AGL,CE,Combined TRACON& Tower with Radar,247,65,31,0,343,0,0,0,0,0,247,65,31,0,343,0,0,0,343
08/18/2015,IND,IN,AGL,CE,Combined TRACON& Tower with Radar,391,58,63,0,512,0,0,2,0,2,391,58,65,0,514,0,0,0,514
08/19/2015,IND,IN,AGL,CE,Combined TRACON& Tower with Radar,392,51,48,1,492,0,0,4,0,4,392,51,52,1,496,0,0,0,496
08/20/2015,IND,IN,AGL,CE,Combined TRACON& Tower with Radar,369,53,40,4,466,0,1,14,3,18,369,54,54,7,484,0,0,0,484
08/21/2015,IND,IN,AGL,CE,Combined TRACON& Tower with Radar,358,72,28,2,460,0,0,4,0,4,358,72,32,2,464,0,0,0,464
08/22/2015,IND,IN,AGL,CE,Combined TRACON& Tower with Radar,191,42,25,0,258,0,1,12,0,13,191,43,37,0,271,0,0,0,271
08/23/2015,IND,IN,AGL,CE,Combined TRACON& Tower with Radar,224,62,27,4,317,0,0,5,0,5,224,62,32,4,322,0,0,0,322
08/24/2015,IND,IN,AGL,CE,Combined TRACON& Tower with Radar,262,66,46,2,376,0,2,3,0,5,262,68,49,2,381,0,0,0,381
08/25/2015,IND,IN,AGL,CE,Combined TRACON& Tower with Radar,376,67,54,0,497,0,0,5,0,5,376,67,59,0,502,0,0,0,502
08/26/2015,IND,IN,AGL,CE,Combined TRACON& Tower with Radar,383,73,59,2,517,0,0,5,0,5,383,73,64,2,522,0,0,0,522
08/27/2015,IND,IN,AGL,CE,Combined TRACON& Tower with Radar,385,62,58,0,505,0,2,7,2,11,385,64,65,2,516,0,0,0,516
08/28/2015,IND,IN,AGL,CE,Combined TRACON& Tower with Radar,354,62,35,0,451,0,0,7,0,7,354,62,42,0,458,0,0,0,458
08/29/2015,IND,IN,AGL,CE,Combined TRACON& Tower with Radar,197,35,7,3,242,0,0,2,0,2,197,35,9,3,244,0,0,0,244
08/30/2015,IND,IN,AGL,CE,Combined TRACON& Tower with Radar,213,63,16,0,292,0,0,4,4,8,213,63,20,4,300,0,0,0,300
08/31/2015,IND,IN,AGL,CE,Combined TRACON& Tower with Radar,280,83,46,2,411,0,0,3,1,4,280,83,49,3,415,0,0,0,415
09/01/2015,IND,IN,AGL,CE,Combined TRACON& Tower with Radar,379,69,49,0,497,0,0,4,0,4,379,69,53,0,501,0,0,0,501
09/02/2015,IND,IN,AGL,CE,Combined TRACON& Tower with Radar,386,58,51,3,498,0,0,15,2,17,386,58,66,5,515,0,0,0,515
09/03/2015,IND,IN,AGL,CE,Combined TRACON& Tower with Radar,374,63,44,0,481,0,0,9,0,9,374,63,53,0,490,0,0,0,490
09/04/2015,IND,IN,AGL,CE,Combined TRACON& Tower with Radar,347,71,34,0,452,0,0,4,0,4,347,71,38,0,456,0,0,0,456
09/05/2015,IND,IN,AGL,CE,Combined TRACON& Tower with Radar,180,33,5,0,218,0,0,4,0,4,180,33,9,0,222,0,0,0,222
09/06/2015,IND,IN,AGL,CE,Combined TRACON& Tower with Radar,175,30,10,0,215,0,2,11,0,13,175,32,21,0,228,0,0,0,228
09/07/2015,IND,IN,AGL,CE,Combined TRACON& Tower with Radar,218,62,23,0,303,0,0,7,0,7,218,62,30,0,310,0,0,0,310
09/08/2015,IND,IN,AGL,CE,Combined TRACON& Tower with Radar,254,59,54,2,369,0,0,8,0,8,254,59,62,2,377,0,0,0,377
09/09/2015,IND,IN,AGL,CE,Combined TRACON& Tower with Radar,374,75,66,0,515,0,1,5,0,6,374,76,71,0,521,0,0,0,521
09/10/2015,IND,IN,AGL,CE,Combined TRACON& Tower with Radar,356,71,73,1,501,0,3,19,1,23,356,74,92,2,524,0,0,0,524
09/11/2015,IND,IN,AGL,CE,Combined TRACON& Tower with Radar,344,70,37,9,460,0,1,2,0,3,344,71,39,9,463,0,0,0,463
09/12/2015,IND,IN,AGL,CE,Combined TRACON& Tower with Radar,187,44,14,4,249,0,0,5,0,5,187,44,19,4,254,0,0,0,254
09/13/2015,IND,IN,AGL,CE,Combined TRACON& Tower with Radar,216,53,25,0,294,0,0,4,1,5,216,53,29,1,299,0,0,0,299
09/14/2015,IND,IN,AGL,CE,Combined TRACON& Tower with Radar,256,62,42,4,364,0,3,12,0,15,256,65,54,4,379,0,0,0,379
09/15/2015,IND,IN,AGL,CE,Combined TRACON& Tower with Radar,374,71,52,4,501,0,2,11,1,14,374,73,63,5,515,0,0,0,515
09/16/2015,IND,IN,AGL,CE,Combined TRACON& Tower with Radar,374,76,52,1,503,0,0,8,0,8,374,76,60,1,511,0,0,0,511
09/17/2015,IND,IN,AGL,CE,Combined TRACON& Tower with Radar,392,76,50,4,522,0,0,12,2,14,392,76,62,6,536,0,0,0,536
09/18/2015,IND,IN,AGL,CE,Combined TRACON& Tower with Radar,334,69,34,5,442,0,1,4,1,6,334,70,38,6,448,0,0,0,448
09/19/2015,IND,IN,AGL,CE,Combined TRACON& Tower with Radar,189,39,15,3,246,0,0,5,1,6,189,39,20,4,252,0,0,0,252
09/20/2015,IND,IN,AGL,CE,Combined TRACON& Tower with Radar,217,69,19,3,308,0,0,3,1,4,217,69,22,4,312,0,0,0,312
09/21/2015,IND,IN,AGL,CE,Combined TRACON& Tower with Radar,254,79,56,7,396,0,0,8,0,8,254,79,64,7,404,0,0,0,404
09/22/2015,IND,IN,AGL,CE,Combined TRACON& Tower with Radar,376,78,54,3,511,0,0,8,1,9,376,78,62,4,520,0,0,0,520
09/23/2015,IND,IN,AGL,CE,Combined TRACON& Tower with Radar,373,93,46,8,520,0,1,4,0,5,373,94,50,8,525,0,0,0,525
09/24/2015,IND,IN,AGL,CE,Combined TRACON& Tower with Radar,380,76,72,0,528,0,2,17,0,19,380,78,89,0,547,0,0,0,547
09/25/2015,IND,IN,AGL,CE,Combined TRACON& Tower with Radar,335,73,41,3,452,0,2,6,0,8,335,75,47,3,460,0,0,0,460
09/26/2015,IND,IN,AGL,CE,Combined TRACON& Tower with Radar,216,40,13,3,272,0,0,2,0,2,216,40,15,3,274,0,0,0,274
09/27/2015,IND,IN,AGL,CE,Combined TRACON& Tower with Radar,216,63,28,0,307,0,0,5,2,7,216,63,33,2,314,0,0,0,314
09/28/2015,IND,IN,AGL,CE,Combined TRACON& Tower with Radar,252,62,54,2,370,0,3,11,0,14,252,65,65,2,384,0,0,0,384
09/29/2015,IND,IN,AGL,CE,Combined TRACON& Tower with Radar,360,71,76,2,509,0,0,0,0,0,360,71,76,2,509,0,0,0,509
09/30/2015,IND,IN,AGL,CE,Combined TRACON& Tower with Radar,387,66,43,4,500,0,0,7,0,7,387,66,50,4,507,0,0,0,507
10/01/2015,IND,IN,AGL,CE,Combined TRACON& Tower with Radar,377,72,55,3,507,0,0,11,0,11,377,72,66,3,518,0,0,0,518
10/02/2015,IND,IN,AGL,CE,Combined TRACON& Tower with Radar,334,64,42,0,440,0,1,4,1,6,334,65,46,1,446,0,0,0,446
10/03/2015,IND,IN,AGL,CE,Combined TRACON& Tower with Radar,210,31,11,0,252,0,0,1,1,2,210,31,12,1,254,0,0,0,254
10/04/2015,IND,IN,AGL,CE,Combined TRACON& Tower with Radar,210,59,22,0,291,0,0,1,0,1,210,59,23,0,292,0,0,0,292
10/05/2015,IND,IN,AGL,CE,Combined TRACON& Tower with Radar,254,63,61,0,378,0,0,5,0,5,254,63,66,0,383,0,0,0,383
10/06/2015,IND,IN,AGL,CE,Combined TRACON& Tower with Radar,376,57,51,3,487,0,1,8,0,9,376,58,59,3,496,0,0,0,496
10/07/2015,IND,IN,AGL,CE,Combined TRACON& Tower with Radar,409,70,53,6,538,0,1,9,0,10,409,71,62,6,548,0,0,0,548
10/08/2015,IND,IN,AGL,CE,Combined TRACON& Tower with Radar,389,73,75,1,538,0,0,4,1,5,389,73,79,2,543,0,0,0,543
10/09/2015,IND,IN,AGL,CE,Combined TRACON& Tower with Radar,342,65,26,0,433,0,0,3,0,3,342,65,29,0,436,0,0,0,436
10/10/2015,IND,IN,AGL,CE,Combined TRACON& Tower with Radar,218,45,19,0,282,0,2,3,1,6,218,47,22,1,288,0,0,0,288
10/11/2015,IND,IN,AGL,CE,Combined TRACON& Tower with Radar,223,50,16,0,289,0,4,5,1,10,223,54,21,1,299,0,0,0,299
10/12/2015,IND,IN,AGL,CE,Combined TRACON& Tower with Radar,272,60,49,0,381,0,0,6,0,6,272,60,55,0,387,0,0,0,387
10/13/2015,IND,IN,AGL,CE,Combined TRACON& Tower with Radar,376,49,59,4,488,0,0,5,0,5,376,49,64,4,493,0,0,0,493
10/14/2015,IND,IN,AGL,CE,Combined TRACON& Tower with Radar,398,72,69,4,543,0,1,14,1,16,398,73,83,5,559,0,0,0,559
10/15/2015,IND,IN,AGL,CE,Combined TRACON& Tower with Radar,386,62,55,0,503,0,1,10,0,11,386,63,65,0,514,0,0,0,514
10/16/2015,IND,IN,AGL,CE,Combined TRACON& Tower with Radar,359,61,33,2,455,0,0,12,0,12,359,61,45,2,467,0,0,0,467
10/17/2015,IND,IN,AGL,CE,Combined TRACON& Tower with Radar,222,42,22,0,286,0,0,4,0,4,222,42,26,0,290,0,0,0,290
10/18/2015,IND,IN,AGL,CE,Combined TRACON& Tower with Radar,227,76,47,0,350,0,1,9,0,10,227,77,56,0,360,0,0,0,360
10/19/2015,IND,IN,AGL,CE,Combined TRACON& Tower with Radar,266,68,81,0,415,0,0,6,1,7,266,68,87,1,422,0,0,0,422
10/20/2015,IND,IN,AGL,CE,Combined TRACON& Tower with Radar,387,64,55,6,512,0,0,5,0,5,387,64,60,6,517,0,0,0,517
10/21/2015,IND,IN,AGL,CE,Combined TRACON& Tower with Radar,394,74,41,2,511,0,1,10,1,12,394,75,51,3,523,0,0,0,523
10/22/2015,IND,IN,AGL,CE,Combined TRACON& Tower with Radar,386,70,50,0,506,0,0,3,0,3,386,70,53,0,509,0,0,0,509
10/23/2015,IND,IN,AGL,CE,Combined TRACON& Tower with Radar,347,64,33,1,445,0,0,6,1,7,347,64,39,2,452,0,0,0,452
10/24/2015,IND,IN,AGL,CE,Combined TRACON& Tower with Radar,217,40,25,4,286,0,1,6,0,7,217,41,31,4,293,0,0,0,293
10/25/2015,IND,IN,AGL,CE,Combined TRACON& Tower with Radar,213,65,17,1,296,0,0,7,0,7,213,65,24,1,303,0,0,0,303
10/26/2015,IND,IN,AGL,CE,Combined TRACON& Tower with Radar,256,71,39,5,371,0,5,9,0,14,256,76,48,5,385,0,0,0,385
10/27/2015,IND,IN,AGL,CE,Combined TRACON& Tower with Radar,364,66,65,2,497,0,0,0,0,0,364,66,65,2,497,0,0,0,497
10/28/2015,IND,IN,AGL,CE,Combined TRACON& Tower with Radar,370,62,53,2,487,0,0,0,0,0,370,62,53,2,487,0,0,0,487
10/29/2015,IND,IN,AGL,CE,Combined TRACON& Tower with Radar,404,75,61,2,542,0,0,3,0,3,404,75,64,2,545,0,0,0,545
10/30/2015,IND,IN,AGL,CE,Combined TRACON& Tower with Radar,341,71,22,1,435,0,0,6,2,8,341,71,28,3,443,0,0,0,443
10/31/2015,IND,IN,AGL,CE,Combined TRACON& Tower with Radar,197,50,15,0,262,0,0,1,0,1,197,50,16,0,263,0,0,0,263
11/01/2015,IND,IN,AGL,CE,Combined TRACON& Tower with Radar,219,63,14,1,297,0,0,2,0,2,219,63,16,1,299,0,0,0,299
11/02/2015,IND,IN,AGL,CE,Combined TRACON& Tower with Radar,265,59,39,2,365,0,1,12,0,13,265,60,51,2,378,0,0,0,378
11/03/2015,IND,IN,AGL,CE,Combined TRACON& Tower with Radar,407,47,50,2,506,0,4,9,0,13,407,51,59,2,519,0,0,0,519
11/04/2015,IND,IN,AGL,CE,Combined TRACON& Tower with Radar,410,68,41,2,521,0,0,5,0,5,410,68,46,2,526,0,0,0,526
11/05/2015,IND,IN,AGL,CE,Combined TRACON& Tower with Radar,388,79,39,2,508,0,0,6,0,6,388,79,45,2,514,0,0,0,514
11/06/2015,IND,IN,AGL,CE,Combined TRACON& Tower with Radar,359,80,32,5,476,0,0,3,0,3,359,80,35,5,479,0,0,0,479
11/07/2015,IND,IN,AGL,CE,Combined TRACON& Tower with Radar,221,54,18,1,294,0,2,4,0,6,221,56,22,1,300,0,0,0,300
11/08/2015,IND,IN,AGL,CE,Combined TRACON& Tower with Radar,231,72,29,1,333,0,0,4,0,4,231,72,33,1,337,0,0,0,337
11/09/2015,IND,IN,AGL,CE,Combined TRACON& Tower with Radar,266,62,44,2,374,0,2,8,0,10,266,64,52,2,384,0,0,0,384
11/10/2015,IND,IN,AGL,CE,Combined TRACON& Tower with Radar,403,49,59,2,513,0,0,10,0,10,403,49,69,2,523,0,0,0,523
11/11/2015,IND,IN,AGL,CE,Combined TRACON& Tower with Radar,424,62,69,0,555,0,1,15,0,16,424,63,84,0,571,0,0,0,571
11/12/2015,IND,IN,AGL,CE,Combined TRACON& Tower with Radar,406,69,55,1,531,0,0,0,1,1,406,69,55,2,532,0,0,0,532
11/13/2015,IND,IN,AGL,CE,Combined TRACON& Tower with Radar,363,72,34,0,469,0,1,12,1,14,363,73,46,1,483,0,0,0,483
11/14/2015,IND,IN,AGL,CE,Combined TRACON& Tower with Radar,224,47,5,0,276,0,1,7,0,8,224,48,12,0,284,0,0,0,284
11/15/2015,IND,IN,AGL,CE,Combined TRACON& Tower with Radar,238,55,37,0,330,0,0,18,0,18,238,55,55,0,348,0,0,0,348
11/16/2015,IND,IN,AGL,CE,Combined TRACON& Tower with Radar,258,70,46,4,378,0,0,7,0,7,258,70,53,4,385,0,0,0,385
11/17/2015,IND,IN,AGL,CE,Combined TRACON& Tower with Radar,398,54,49,3,504,0,1,1,0,2,398,55,50,3,506,0,0,0,506
11/18/2015,IND,IN,AGL,CE,Combined TRACON& Tower with Radar,411,76,46,0,533,0,0,0,0,0,411,76,46,0,533,0,0,0,533
11/19/2015,IND,IN,AGL,CE,Combined TRACON& Tower with Radar,392,87,48,6,533,0,0,9,0,9,392,87,57,6,542,0,0,0,542
11/20/2015,IND,IN,AGL,CE,Combined TRACON& Tower with Radar,372,79,40,5,496,0,0,8,1,9,372,79,48,6,505,0,0,0,505
11/21/2015,IND,IN,AGL,CE,Combined TRACON& Tower with Radar,217,44,6,2,269,0,0,0,0,0,217,44,6,2,269,0,0,0,269
11/22/2015,IND,IN,AGL,CE,Combined TRACON& Tower with Radar,226,44,15,2,287,0,3,12,1,16,226,47,27,3,303,0,0,0,303
11/23/2015,IND,IN,AGL,CE,Combined TRACON& Tower with Radar,243,61,29,2,335,0,1,7,0,8,243,62,36,2,343,0,0,0,343
11/24/2015,IND,IN,AGL,CE,Combined TRACON& Tower with Radar,409,56,43,0,508,0,1,15,0,16,409,57,58,0,524,0,0,0,524
11/25/2015,IND,IN,AGL,CE,Combined TRACON& Tower with Radar,447,64,17,0,528,0,0,18,0,18,447,64,35,0,546,0,0,0,546
11/26/2015,IND,IN,AGL,CE,Combined TRACON& Tower with Radar,198,33,8,0,239,0,0,2,0,2,198,33,10,0,241,0,0,0,241
11/27/2015,IND,IN,AGL,CE,Combined TRACON& Tower with Radar,239,40,7,0,286,0,0,3,0,3,239,40,10,0,289,0,0,0,289
11/28/2015,IND,IN,AGL,CE,Combined TRACON& Tower with Radar,264,64,23,2,353,0,0,1,0,1,264,64,24,2,354,0,0,0,354
11/29/2015,IND,IN,AGL,CE,Combined TRACON& Tower with Radar,290,55,28,0,373,0,0,17,0,17,290,55,45,0,390,0,0,0,390
11/30/2015,IND,IN,AGL,CE,Combined TRACON& Tower with Radar,283,58,40,6,387,0,1,1,0,2,283,59,41,6,389,0,0,0,389
12/01/2015,IND,IN,AGL,CE,Combined TRACON& Tower with Radar,457,59,47,0,563,0,0,7,0,7,457,59,54,0,570,0,0,0,570
12/02/2015,IND,IN,AGL,CE,Combined TRACON& Tower with Radar,463,69,46,2,580,0,0,0,0,0,463,69,46,2,580,0,0,0,580
12/03/2015,IND,IN,AGL,CE,Combined TRACON& Tower with Radar,459,74,54,2,589,0,0,2,0,2,459,74,56,2,591,0,0,0,591
12/04/2015,IND,IN,AGL,CE,Combined TRACON& Tower with Radar,419,76,44,5,544,0,0,0,0,0,419,76,44,5,544,0,0,0,544
12/05/2015,IND,IN,AGL,CE,Combined TRACON& Tower with Radar,238,54,84,0,376,0,0,0,0,0,238,54,84,0,376,0,0,0,376
12/06/2015,IND,IN,AGL,CE,Combined TRACON& Tower with Radar,226,62,106,1,395,0,0,7,0,7,226,62,113,1,402,0,0,0,402
12/07/2015,IND,IN,AGL,CE,Combined TRACON& Tower with Radar,287,81,53,5,426,0,0,0,0,0,287,81,53,5,426,0,0,0,426
12/08/2015,IND,IN,AGL,CE,Combined TRACON& Tower with Radar,456,75,55,3,589,0,0,2,1,3,456,75,57,4,592,0,0,0,592
12/09/2015,IND,IN,AGL,CE,Combined TRACON& Tower with Radar,467,90,66,2,625,0,1,3,0,4,467,91,69,2,629,0,0,0,629
12/10/2015,IND,IN,AGL,CE,Combined TRACON& Tower with Radar,458,85,93,4,640,0,0,4,4,8,458,85,97,8,648,0,0,0,648
12/11/2015,IND,IN,AGL,CE,Combined TRACON& Tower with Radar,406,83,37,2,528,0,0,0,0,0,406,83,37,2,528,0,0,0,528
12/12/2015,IND,IN,AGL,CE,Combined TRACON& Tower with Radar,231,49,32,1,313,0,0,3,0,3,231,49,35,1,316,0,0,0,316
12/13/2015,IND,IN,AGL,CE,Combined TRACON& Tower with Radar,268,59,31,0,358,0,0,0,0,0,268,59,31,0,358,0,0,0,358
12/14/2015,IND,IN,AGL,CE,Combined TRACON& Tower with Radar,261,72,44,2,379,0,0,0,0,0,261,72,44,2,379,0,0,0,379
12/15/2015,IND,IN,AGL,CE,Combined TRACON& Tower with Radar,453,69,56,2,580,0,0,5,0,5,453,69,61,2,585,0,0,0,585
12/16/2015,IND,IN,AGL,CE,Combined TRACON& Tower with Radar,470,77,58,1,606,0,0,7,0,7,470,77,65,1,613,0,0,0,613
12/17/2015,IND,IN,AGL,CE,Combined TRACON& Tower with Radar,449,75,52,3,579,0,0,2,0,2,449,75,54,3,581,0,0,0,581
12/18/2015,IND,IN,AGL,CE,Combined TRACON& Tower with Radar,421,93,29,1,544,0,1,14,0,15,421,94,43,1,559,0,0,0,559
12/19/2015,IND,IN,AGL,CE,Combined TRACON& Tower with Radar,377,64,14,0,455,0,0,8,0,8,377,64,22,0,463,0,0,0,463
12/20/2015,IND,IN,AGL,CE,Combined TRACON& Tower with Radar,274,61,6,1,342,0,1,3,0,4,274,62,9,1,346,0,0,0,346
12/21/2015,IND,IN,AGL,CE,Combined TRACON& Tower with Radar,250,61,15,0,326,0,0,0,0,0,250,61,15,0,326,0,0,0,326
12/22/2015,IND,IN,AGL,CE,Combined TRACON& Tower with Radar,448,79,20,4,551,0,1,1,0,2,448,80,21,4,553,0,0,0,553
12/23/2015,IND,IN,AGL,CE,Combined TRACON& Tower with Radar,452,83,18,0,553,0,0,0,0,0,452,83,18,0,553,0,0,0,553
12/24/2015,IND,IN,AGL,CE,Combined TRACON& Tower with Radar,369,65,5,0,439,0,0,2,0,2,369,65,7,0,441,0,0,0,441
12/25/2015,IND,IN,AGL,CE,Combined TRACON& Tower with Radar,160,37,5,0,202,0,0,2,0,2,160,37,7,0,204,0,0,0,204
12/26/2015,IND,IN,AGL,CE,Combined TRACON& Tower with Radar,219,73,32,1,325,0,0,0,0,0,219,73,32,1,325,0,0,0,325
12/27/2015,IND,IN,AGL,CE,Combined TRACON& Tower with Radar,237,53,9,0,299,0,0,0,0,0,237,53,9,0,299,0,0,0,299
12/28/2015,IND,IN,AGL,CE,Combined TRACON& Tower with Radar,244,66,16,0,326,0,0,0,0,0,244,66,16,0,326,0,0,0,326
12/29/2015,IND,IN,AGL,CE,Combined TRACON& Tower with Radar,412,78,28,0,518,0,0,0,0,0,412,78,28,0,518,0,0,0,518
12/30/2015,IND,IN,AGL,CE,Combined TRACON& Tower with Radar,408,66,15,0,489,0,0,2,0,2,408,66,17,0,491,0,0,0,491
12/31/2015,IND,IN,AGL,CE,Combined TRACON& Tower with Radar,328,55,2,0,385,0,0,1,0,1,328,55,3,0,386,0,0,0,386
01/01/2016,IND,IN,AGL,CE,Combined TRACON& Tower with Radar,174,46,9,0,229,0,1,5,0,6,174,47,14,0,235,0,0,0,235
01/02/2016,IND,IN,AGL,CE,Combined TRACON& Tower with Radar,228,53,16,0,297,0,2,5,0,7,228,55,21,0,304,0,0,0,304
01/03/2016,IND,IN,AGL,CE,Combined TRACON& Tower with Radar,236,62,20,0,318,0,3,2,0,5,236,65,22,0,323,0,0,0,323
01/04/2016,IND,IN,AGL,CE,Combined TRACON& Tower with Radar,245,72,12,0,329,0,0,3,0,3,245,72,15,0,332,0,0,0,332
01/05/2016,IND,IN,AGL,CE,Combined TRACON& Tower with Radar,398,65,34,0,497,0,0,2,0,2,398,65,36,0,499,0,0,0,499
01/06/2016,IND,IN,AGL,CE,Combined TRACON& Tower with Radar,402,63,24,0,489,0,0,3,1,4,402,63,27,1,493,0,0,0,493
01/07/2016,IND,IN,AGL,CE,Combined TRACON& Tower with Radar,397,61,22,1,481,0,0,10,1,11,397,61,32,2,492,0,0,0,492
01/08/2016,IND,IN,AGL,CE,Combined TRACON& Tower with Radar,349,66,18,0,433,0,0,0,0,0,349,66,18,0,433,0,0,0,433
01/09/2016,IND,IN,AGL,CE,Combined TRACON& Tower with Radar,234,43,14,4,295,0,0,0,0,0,234,43,14,4,295,0,0,0,295
01/10/2016,IND,IN,AGL,CE,Combined TRACON& Tower with Radar,218,55,17,0,290,0,0,0,0,0,218,55,17,0,290,0,0,0,290
01/11/2016,IND,IN,AGL,CE,Combined TRACON& Tower with Radar,257,71,33,4,365,0,0,1,0,1,257,71,34,4,366,0,0,0,366
01/12/2016,IND,IN,AGL,CE,Combined TRACON& Tower with Radar,400,86,49,2,537,0,0,0,0,0,400,86,49,2,537,0,0,0,537
01/13/2016,IND,IN,AGL,CE,Combined TRACON& Tower with Radar,409,65,58,4,536,0,0,3,0,3,409,65,61,4,539,0,0,0,539
01/14/2016,IND,IN,AGL,CE,Combined TRACON& Tower with Radar,404,73,56,2,535,0,0,11,0,11,404,73,67,2,546,0,0,0,546
01/15/2016,IND,IN,AGL,CE,Combined TRACON& Tower with Radar,356,71,29,0,456,0,0,0,0,0,356,71,29,0,456,0,0,0,456
01/16/2016,IND,IN,AGL,CE,Combined TRACON& Tower with Radar,219,41,19,0,279,0,0,1,0,1,219,41,20,0,280,0,0,0,280
01/17/2016,IND,IN,AGL,CE,Combined TRACON& Tower with Radar,200,47,14,0,261,0,0,0,0,0,200,47,14,0,261,0,0,0,261
01/18/2016,IND,IN,AGL,CE,Combined TRACON& Tower with Radar,250,73,29,0,352,0,0,3,0,3,250,73,32,0,355,0,0,0,355
01/19/2016,IND,IN,AGL,CE,Combined TRACON& Tower with Radar,401,58,38,2,499,0,0,7,0,7,401,58,45,2,506,0,0,0,506
01/20/2016,IND,IN,AGL,CE,Combined TRACON& Tower with Radar,395,87,44,1,527,0,3,0,0,3,395,90,44,1,530,0,0,0,530
01/21/2016,IND,IN,AGL,CE,Combined TRACON& Tower with Radar,410,77,48,3,538,0,0,13,0,13,410,77,61,3,551,0,0,0,551
01/22/2016,IND,IN,AGL,CE,Combined TRACON& Tower with Radar,346,68,21,3,438,0,0,4,0,4,346,68,25,3,442,0,0,0,442
01/23/2016,IND,IN,AGL,CE,Combined TRACON& Tower with Radar,184,23,7,0,214,0,0,3,0,3,184,23,10,0,217,0,0,0,217
01/24/2016,IND,IN,AGL,CE,Combined TRACON& Tower with Radar,180,49,15,2,246,0,1,1,0,2,180,50,16,2,248,0,0,0,248
01/25/2016,IND,IN,AGL,CE,Combined TRACON& Tower with Radar,237,70,29,2,338,0,0,3,0,3,237,70,32,2,341,0,0,0,341
01/26/2016,IND,IN,AGL,CE,Combined TRACON& Tower with Radar,401,49,42,3,495,0,0,1,0,1,401,49,43,3,496,0,0,0,496
01/27/2016,IND,IN,AGL,CE,Combined TRACON& Tower with Radar,419,73,35,0,527,0,3,6,2,11,419,76,41,2,538,0,0,0,538
01/28/2016,IND,IN,AGL,CE,Combined TRACON& Tower with Radar,412,74,67,4,557,0,2,4,0,6,412,76,71,4,563,0,0,0,563
01/29/2016,IND,IN,AGL,CE,Combined TRACON& Tower with Radar,358,84,42,0,484,0,1,3,0,4,358,85,45,0,488,0,0,0,488
01/30/2016,IND,IN,AGL,CE,Combined TRACON& Tower with Radar,237,34,9,0,280,0,1,9,0,10,237,35,18,0,290,0,0,0,290
01/31/2016,IND,IN,AGL,CE,Combined TRACON& Tower with Radar,226,48,13,0,287,0,0,0,0,0,226,48,13,0,287,0,0,0,287
02/01/2016,IND,IN,AGL,CE,Combined TRACON& Tower with Radar,277,62,36,2,377,0,0,7,0,7,277,62,43,2,384,0,0,0,384
02/02/2016,IND,IN,AGL,CE,Combined TRACON& Tower with Radar,393,77,47,2,519,0,0,1,0,1,393,77,48,2,520,0,0,0,520
02/03/2016,IND,IN,AGL,CE,Combined TRACON& Tower with Radar,410,63,44,3,520,0,0,3,0,3,410,63,47,3,523,0,0,0,523
02/04/2016,IND,IN,AGL,CE,Combined TRACON& Tower with Radar,406,72,40,2,520,0,0,6,0,6,406,72,46,2,526,0,0,0,526
02/05/2016,IND,IN,AGL,CE,Combined TRACON& Tower with Radar,337,58,29,2,426,0,0,10,0,10,337,58,39,2,436,0,0,0,436
02/06/2016,IND,IN,AGL,CE,Combined TRACON& Tower with Radar,231,40,19,0,290,0,0,4,1,5,231,40,23,1,295,0,0,0,295
02/07/2016,IND,IN,AGL,CE,Combined TRACON& Tower with Radar,191,44,29,0,264,0,0,2,0,2,191,44,31,0,266,0,0,0,266
02/08/2016,IND,IN,AGL,CE,Combined TRACON& Tower with Radar,238,59,59,2,358,0,0,0,0,0,238,59,59,2,358,0,0,0,358
02/09/2016,IND,IN,AGL,CE,Combined TRACON& Tower with Radar,402,65,66,2,535,0,0,1,0,1,402,65,67,2,536,0,0,0,536
02/10/2016,IND,IN,AGL,CE,Combined TRACON& Tower with Radar,399,66,70,0,535,0,0,4,1,5,399,66,74,1,540,0,0,0,540
02/11/2016,IND,IN,AGL,CE,Combined TRACON& Tower with Radar,402,89,110,2,603,0,0,7,0,7,402,89,117,2,610,0,0,0,610
02/12/2016,IND,IN,AGL,CE,Combined TRACON& Tower with Radar,370,82,100,2,554,0,0,1,0,1,370,82,101,2,555,0,0,0,555
02/13/2016,IND,IN,AGL,CE,Combined TRACON& Tower with Radar,221,37,5,0,263,0,5,5,0,10,221,42,10,0,273,0,0,0,273
02/14/2016,IND,IN,AGL,CE,Combined TRACON& Tower with Radar,208,51,15,0,274,0,0,0,0,0,208,51,15,0,274,0,0,0,274
02/15/2016,IND,IN,AGL,CE,Combined TRACON& Tower with Radar,246,70,40,0,356,0,0,0,0,0,246,70,40,0,356,0,0,0,356
02/16/2016,IND,IN,AGL,CE,Combined TRACON& Tower with Radar,388,72,66,2,528,0,0,0,0,0,388,72,66,2,528,0,0,0,528
02/17/2016,IND,IN,AGL,CE,Combined TRACON& Tower with Radar,410,74,36,2,522,0,0,3,1,4,410,74,39,3,526,0,0,0,526
02/18/2016,IND,IN,AGL,CE,Combined TRACON& Tower with Radar,396,62,56,4,518,0,0,1,0,1,396,62,57,4,519,0,0,0,519
02/19/2016,IND,IN,AGL,CE,Combined TRACON& Tower with Radar,374,64,33,4,475,0,0,0,0,0,374,64,33,4,475,0,0,0,475
02/20/2016,IND,IN,AGL,CE,Combined TRACON& Tower with Radar,236,40,30,1,307,0,0,6,0,6,236,40,36,1,313,0,0,0,313
02/21/2016,IND,IN,AGL,CE,Combined TRACON& Tower with Radar,237,49,20,3,309,0,0,6,0,6,237,49,26,3,315,0,0,0,315
02/22/2016,IND,IN,AGL,CE,Combined TRACON& Tower with Radar,262,65,68,4,399,0,1,9,2,12,262,66,77,6,411,0,0,0,411
02/23/2016,IND,IN,AGL,CE,Combined TRACON& Tower with Radar,396,73,55,3,527,0,0,8,0,8,396,73,63,3,535,0,0,0,535
02/24/2016,IND,IN,AGL,CE,Combined TRACON& Tower with Radar,383,60,59,2,504,0,0,0,0,0,383,60,59,2,504,0,0,0,504
02/25/2016,IND,IN,AGL,CE,Combined TRACON& Tower with Radar,403,79,69,0,551,0,0,0,0,0,403,79,69,0,551,0,0,0,551
02/26/2016,IND,IN,AGL,CE,Combined TRACON& Tower with Radar,380,60,31,0,471,0,0,3,0,3,380,60,34,0,474,0,0,0,474
02/27/2016,IND,IN,AGL,CE,Combined TRACON& Tower with Radar,236,34,29,1,300,0,0,5,0,5,236,34,34,1,305,0,0,0,305
02/28/2016,IND,IN,AGL,CE,Combined TRACON& Tower with Radar,240,51,15,0,306,0,0,2,0,2,240,51,17,0,308,0,0,0,308
02/29/2016,IND,IN,AGL,CE,Combined TRACON& Tower with Radar,260,77,42,2,381,0,0,15,0,15,260,77,57,2,396,0,0,0,396
03/01/2016,IND,IN,AGL,CE,Combined TRACON& Tower with Radar,402,71,53,0,526,0,0,0,0,0,402,71,53,0,526,0,0,0,526
03/02/2016,IND,IN,AGL,CE,Combined TRACON& Tower with Radar,406,85,68,4,563,0,1,2,0,3,406,86,70,4,566,0,0,0,566
03/03/2016,IND,IN,AGL,CE,Combined TRACON& Tower with Radar,400,75,58,0,533,0,1,1,0,2,400,76,59,0,535,0,0,0,535
03/04/2016,IND,IN,AGL,CE,Combined TRACON& Tower with Radar,357,66,35,1,459,0,0,5,0,5,357,66,40,1,464,0,0,0,464
03/05/2016,IND,IN,AGL,CE,Combined TRACON& Tower with Radar,251,39,24,4,318,0,0,0,0,0,251,39,24,4,318,0,0,0,318
03/06/2016,IND,IN,AGL,CE,Combined TRACON& Tower with Radar,242,47,10,1,300,0,0,4,0,4,242,47,14,1,304,0,0,0,304
03/07/2016,IND,IN,AGL,CE,Combined TRACON& Tower with Radar,265,48,43,0,356,0,0,17,0,17,265,48,60,0,373,0,0,0,373
03/08/2016,IND,IN,AGL,CE,Combined TRACON& Tower with Radar,399,70,47,0,516,0,0,8,0,8,399,70,55,0,524,0,0,0,524
03/09/2016,IND,IN,AGL,CE,Combined TRACON& Tower with Radar,393,70,64,0,527,0,0,5,0,5,393,70,69,0,532,0,0,0,532
03/10/2016,IND,IN,AGL,CE,Combined TRACON& Tower with Radar,424,69,47,2,542,0,0,0,0,0,424,69,47,2,542,0,0,0,542
03/11/2016,IND,IN,AGL,CE,Combined TRACON& Tower with Radar,382,68,45,1,496,0,0,4,0,4,382,68,49,1,500,0,0,0,500
03/12/2016,IND,IN,AGL,CE,Combined TRACON& Tower with Radar,273,47,12,0,332,0,0,3,0,3,273,47,15,0,335,0,0,0,335
03/13/2016,IND,IN,AGL,CE,Combined TRACON& Tower with Radar,251,55,30,1,337,0,0,0,0,0,251,55,30,1,337,0,0,0,337
03/14/2016,IND,IN,AGL,CE,Combined TRACON& Tower with Radar,281,56,41,0,378,0,0,0,0,0,281,56,41,0,378,0,0,0,378
03/15/2016,IND,IN,AGL,CE,Combined TRACON& Tower with Radar,416,56,45,1,518,0,0,4,0,4,416,56,49,1,522,0,0,0,522
03/16/2016,IND,IN,AGL,CE,Combined TRACON& Tower with Radar,421,59,49,3,532,0,0,0,1,1,421,59,49,4,533,0,0,0,533
03/17/2016,IND,IN,AGL,CE,Combined TRACON& Tower with Radar,418,60,61,2,541,0,0,3,0,3,418,60,64,2,544,0,0,0,544
03/18/2016,IND,IN,AGL,CE,Combined TRACON& Tower with Radar,377,61,20,6,464,0,0,7,1,8,377,61,27,7,472,0,0,0,472
03/19/2016,IND,IN,AGL,CE,Combined TRACON& Tower with Radar,278,47,22,0,347,0,0,3,0,3,278,47,25,0,350,0,0,0,350
03/20/2016,IND,IN,AGL,CE,Combined TRACON& Tower with Radar,254,51,21,0,326,0,0,6,0,6,254,51,27,0,332,0,0,0,332
03/21/2016,IND,IN,AGL,CE,Combined TRACON& Tower with Radar,272,78,36,2,388,0,2,11,0,13,272,80,47,2,401,0,0,0,401
03/22/2016,IND,IN,AGL,CE,Combined TRACON& Tower with Radar,419,65,50,2,536,0,0,5,0,5,419,65,55,2,541,0,0,0,541
03/23/2016,IND,IN,AGL,CE,Combined TRACON& Tower with Radar,400,64,40,2,506,0,0,3,0,3,400,64,43,2,509,0,0,0,509
03/24/2016,IND,IN,AGL,CE,Combined TRACON& Tower with Radar,416,65,34,2,517,0,1,0,0,1,416,66,34,2,518,0,0,0,518
03/25/2016,IND,IN,AGL,CE,Combined TRACON& Tower with Radar,375,76,41,3,495,0,0,7,0,7,375,76,48,3,502,0,0,0,502
03/26/2016,IND,IN,AGL,CE,Combined TRACON& Tower with Radar,283,44,17,0,344,0,0,17,0,17,283,44,34,0,361,0,0,0,361
03/27/2016,IND,IN,AGL,CE,Combined TRACON& Tower with Radar,251,42,6,0,299,0,0,5,0,5,251,42,11,0,304,0,0,0,304
03/28/2016,IND,IN,AGL,CE,Combined TRACON& Tower with Radar,282,59,39,3,383,0,1,4,1,6,282,60,43,4,389,0,0,0,389
03/29/2016,IND,IN,AGL,CE,Combined TRACON& Tower with Radar,417,60,48,2,527,0,0,14,1,15,417,60,62,3,542,0,0,0,542
03/30/2016,IND,IN,AGL,CE,Combined TRACON& Tower with Radar,409,71,48,4,532,0,0,5,0,5,409,71,53,4,537,0,0,0,537
03/31/2016,IND,IN,AGL,CE,Combined TRACON& Tower with Radar,435,78,35,2,550,0,0,0,0,0,435,78,35,2,550,0,0,0,550
04/01/2016,IND,IN,AGL,CE,Combined TRACON& Tower with Radar,365,72,22,4,463,0,0,7,1,8,365,72,29,5,471,0,0,0,471
04/02/2016,IND,IN,AGL,CE,Combined TRACON& Tower with Radar,292,34,20,0,346,0,2,1,0,3,292,36,21,0,349,0,0,0,349
04/03/2016,IND,IN,AGL,CE,Combined TRACON& Tower with Radar,258,62,29,2,351,0,1,7,0,8,258,63,36,2,359,0,0,0,359
04/04/2016,IND,IN,AGL,CE,Combined TRACON& Tower with Radar,280,56,40,2,378,0,0,7,0,7,280,56,47,2,385,0,0,0,385
04/05/2016,IND,IN,AGL,CE,Combined TRACON& Tower with Radar,425,66,37,2,530,0,0,7,0,7,425,66,44,2,537,0,0,0,537
04/06/2016,IND,IN,AGL,CE,Combined TRACON& Tower with Radar,413,75,34,5,527,0,0,1,0,1,413,75,35,5,528,0,0,0,528
04/07/2016,IND,IN,AGL,CE,Combined TRACON& Tower with Radar,409,78,37,2,526,0,0,0,0,0,409,78,37,2,526,0,0,0,526
04/08/2016,IND,IN,AGL,CE,Combined TRACON& Tower with Radar,379,73,34,2,488,0,0,0,0,0,379,73,34,2,488,0,0,0,488
04/09/2016,IND,IN,AGL,CE,Combined TRACON& Tower with Radar,277,40,18,0,335,0,2,8,0,10,277,42,26,0,345,0,0,0,345
04/10/2016,IND,IN,AGL,CE,Combined TRACON& Tower with Radar,250,53,19,2,324,0,0,0,0,0,250,53,19,2,324,0,0,0,324
04/11/2016,IND,IN,AGL,CE,Combined TRACON& Tower with Radar,280,63,42,0,385,0,0,4,0,4,280,63,46,0,389,0,0,0,389
04/12/2016,IND,IN,AGL,CE,Combined TRACON& Tower with Radar,409,67,46,1,523,0,1,17,0,18,409,68,63,1,541,0,0,0,541
04/13/2016,IND,IN,AGL,CE,Combined TRACON& Tower with Radar,415,75,54,5,549,0,1,25,0,26,415,76,79,5,575,0,0,0,575
04/14/2016,IND,IN,AGL,CE,Combined TRACON& Tower with Radar,414,68,63,1,546,0,0,30,0,30,414,68,93,1,576,0,0,0,576
04/15/2016,IND,IN,AGL,CE,Combined TRACON& Tower with Radar,371,67,26,1,465,0,2,13,0,15,371,69,39,1,480,0,0,0,480
04/16/2016,IND,IN,AGL,CE,Combined TRACON& Tower with Radar,236,40,6,0,282,0,1,6,0,7,236,41,12,0,289,0,0,0,289
04/17/2016,IND,IN,AGL,CE,Combined TRACON& Tower with Radar,235,53,10,1,299,0,0,3,0,3,235,53,13,1,302,0,0,0,302
04/18/2016,IND,IN,AGL,CE,Combined TRACON& Tower with Radar,283,51,40,2,376,4,0,13,2,19,287,51,53,4,395,0,0,0,395
04/19/2016,IND,IN,AGL,CE,Combined TRACON& Tower with Radar,419,64,42,0,525,1,0,7,0,8,420,64,49,0,533,0,0,0,533
04/20/2016,IND,IN,AGL,CE,Combined TRACON& Tower with Radar,416,77,63,1,557,0,1,4,0,5,416,78,67,1,562,0,0,0,562
04/21/2016,IND,IN,AGL,CE,Combined TRACON& Tower with Radar,407,71,58,0,536,0,1,2,0,3,407,72,60,0,539,0,0,0,539
04/22/2016,IND,IN,AGL,CE,Combined TRACON& Tower with Radar,379,70,49,0,498,0,0,2,0,2,379,70,51,0,500,0,0,0,500
04/23/2016,IND,IN,AGL,CE,Combined TRACON& Tower with Radar,242,51,37,2,332,0,1,10,0,11,242,52,47,2,343,0,0,0,343
04/24/2016,IND,IN,AGL,CE,Combined TRACON& Tower with Radar,248,50,20,0,318,0,0,11,0,11,248,50,31,0,329,0,0,0,329
04/25/2016,IND,IN,AGL,CE,Combined TRACON& Tower with Radar,268,64,37,2,371,0,1,4,0,5,268,65,41,2,376,0,0,0,376
04/26/2016,IND,IN,AGL,CE,Combined TRACON& Tower with Radar,416,73,37,0,526,0,0,3,0,3,416,73,40,0,529,0,0,0,529
04/27/2016,IND,IN,AGL,CE,Combined TRACON& Tower with Radar,413,69,57,0,539,0,0,0,0,0,413,69,57,0,539,0,0,0,539
04/28/2016,IND,IN,AGL,CE,Combined TRACON& Tower with Radar,424,69,35,2,530,0,0,0,0,0,424,69,35,2,530,0,0,0,530
04/29/2016,IND,IN,AGL,CE,Combined TRACON& Tower with Radar,381,62,48,4,495,0,0,7,0,7,381,62,55,4,502,0,0,0,502
04/30/2016,IND,IN,AGL,CE,Combined TRACON& Tower with Radar,238,45,15,0,298,0,2,0,0,2,238,47,15,0,300,0,0,0,300
05/01/2016,IND,IN,AGL,CE,Combined TRACON& Tower with Radar,241,42,22,1,306,0,1,5,0,6,241,43,27,1,312,0,0,0,312
05/02/2016,IND,IN,AGL,CE,Combined TRACON& Tower with Radar,287,56,41,2,386,0,0,2,0,2,287,56,43,2,388,0,0,0,388
05/03/2016,IND,IN,AGL,CE,Combined TRACON& Tower with Radar,426,63,49,0,538,0,0,11,0,11,426,63,60,0,549,0,0,0,549
05/04/2016,IND,IN,AGL,CE,Combined TRACON& Tower with Radar,414,68,40,0,522,0,0,1,1,2,414,68,41,1,524,0,0,0,524
05/05/2016,IND,IN,AGL,CE,Combined TRACON& Tower with Radar,423,60,49,1,533,0,2,5,6,13,423,62,54,7,546,0,0,0,546
05/06/2016,IND,IN,AGL,CE,Combined TRACON& Tower with Radar,381,56,38,9,484,0,0,6,1,7,381,56,44,10,491,0,0,0,491
05/07/2016,IND,IN,AGL,CE,Combined TRACON& Tower with Radar,249,40,14,0,303,0,1,2,0,3,249,41,16,0,306,0,0,0,306
05/08/2016,IND,IN,AGL,CE,Combined TRACON& Tower with Radar,242,47,13,2,304,0,0,0,0,0,242,47,13,2,304,0,0,0,304
05/09/2016,IND,IN,AGL,CE,Combined TRACON& Tower with Radar,284,49,47,2,382,0,0,0,0,0,284,49,47,2,382,0,0,0,382
05/10/2016,IND,IN,AGL,CE,Combined TRACON& Tower with Radar,429,60,54,2,545,0,0,1,0,1,429,60,55,2,546,0,0,0,546
05/11/2016,IND,IN,AGL,CE,Combined TRACON& Tower with Radar,436,75,59,2,572,0,0,11,0,11,436,75,70,2,583,0,0,0,583
05/12/2016,IND,IN,AGL,CE,Combined TRACON& Tower with Radar,415,80,42,2,539,0,0,10,0,10,415,80,52,2,549,0,0,0,549
05/13/2016,IND,IN,AGL,CE,Combined TRACON& Tower with Radar,379,62,36,4,481,0,0,21,1,22,379,62,57,5,503,0,0,0,503
05/14/2016,IND,IN,AGL,CE,Combined TRACON& Tower with Radar,243,43,18,1,305,0,0,7,0,7,243,43,25,1,312,0,0,0,312
05/15/2016,IND,IN,AGL,CE,Combined TRACON& Tower with Radar,257,61,19,2,339,0,1,7,0,8,257,62,26,2,347,0,0,0,347
05/16/2016,IND,IN,AGL,CE,Combined TRACON& Tower with Radar,285,70,31,4,390,0,0,9,2,11,285,70,40,6,401,0,0,0,401
05/17/2016,IND,IN,AGL,CE,Combined TRACON& Tower with Radar,420,73,50,2,545,0,0,2,0,2,420,73,52,2,547,0,0,0,547
05/18/2016,IND,IN,AGL,CE,Combined TRACON& Tower with Radar,428,87,57,0,572,0,1,5,0,6,428,88,62,0,578,0,0,0,578
05/19/2016,IND,IN,AGL,CE,Combined TRACON& Tower with Radar,408,64,53,9,534,0,0,15,0,15,408,64,68,9,549,0,0,0,549
05/20/2016,IND,IN,AGL,CE,Combined TRACON& Tower with Radar,371,69,43,3,486,0,0,4,0,4,371,69,47,3,490,0,0,0,490
05/21/2016,IND,IN,AGL,CE,Combined TRACON& Tower with Radar,247,36,21,0,304,0,1,3,0,4,247,37,24,0,308,0,0,0,308
05/22/2016,IND,IN,AGL,CE,Combined TRACON& Tower with Radar,255,42,35,3,335,0,2,10,0,12,255,44,45,3,347,0,0,0,347
05/23/2016,IND,IN,AGL,CE,Combined TRACON& Tower with Radar,297,51,38,0,386,0,3,8,0,11,297,54,46,0,397,0,0,0,397
05/24/2016,IND,IN,AGL,CE,Combined TRACON& Tower with Radar,420,71,39,4,534,0,1,11,2,14,420,72,50,6,548,0,0,0,548
05/25/2016,IND,IN,AGL,CE,Combined TRACON& Tower with Radar,451,69,59,2,581,0,0,8,3,11,451,69,67,5,592,0,0,0,592
05/26/2016,IND,IN,AGL,CE,Combined TRACON& Tower with Radar,438,75,77,2,592,0,0,6,0,6,438,75,83,2,598,0,0,0,598
05/27/2016,IND,IN,AGL,CE,Combined TRACON& Tower with Radar,397,79,88,3,567,0,0,6,0,6,397,79,94,3,573,0,0,0,573
05/28/2016,IND,IN,AGL,CE,Combined TRACON& Tower with Radar,260,45,33,0,338,0,0,6,0,6,260,45,39,0,344,0,0,0,344
05/29/2016,IND,IN,AGL,CE,Combined TRACON& Tower with Radar,218,90,138,0,446,0,2,25,4,31,218,92,163,4,477,0,0,0,477
05/30/2016,IND,IN,AGL,CE,Combined TRACON& Tower with Radar,277,68,58,3,406,0,0,1,0,1,277,68,59,3,407,0,0,0,407
05/31/2016,IND,IN,AGL,CE,Combined TRACON& Tower with Radar,283,53,31,0,367,0,0,4,0,4,283,53,35,0,371,0,0,0,371
06/01/2016,IND,IN,AGL,CE,Combined TRACON& Tower with Radar,428,68,52,2,550,0,0,6,0,6,428,68,58,2,556,0,0,0,556
06/02/2016,IND,IN,AGL,CE,Combined TRACON& Tower with Radar,418,69,62,0,549,0,0,4,0,4,418,69,66,0,553,0,0,0,553
06/03/2016,IND,IN,AGL,CE,Combined TRACON& Tower with Radar,387,58,32,3,480,0,0,8,0,8,387,58,40,3,488,0,0,0,488
06/04/2016,IND,IN,AGL,CE,Combined TRACON& Tower with Radar,243,32,10,0,285,0,1,0,0,1,243,33,10,0,286,0,0,0,286
06/05/2016,IND,IN,AGL,CE,Combined TRACON& Tower with Radar,246,53,13,1,313,0,0,2,0,2,246,53,15,1,315,0,0,0,315
06/06/2016,IND,IN,AGL,CE,Combined TRACON& Tower with Radar,293,68,31,4,396,0,0,2,0,2,293,68,33,4,398,0,0,0,398
06/07/2016,IND,IN,AGL,CE,Combined TRACON& Tower with Radar,428,80,51,0,559,0,2,8,0,10,428,82,59,0,569,0,0,0,569
06/08/2016,IND,IN,AGL,CE,Combined TRACON& Tower with Radar,421,64,53,2,540,0,1,6,0,7,421,65,59,2,547,0,0,0,547
06/09/2016,IND,IN,AGL,CE,Combined TRACON& Tower with Radar,433,71,34,3,541,0,0,4,1,5,433,71,38,4,546,0,0,0,546
06/10/2016,IND,IN,AGL,CE,Combined TRACON& Tower with Radar,380,75,22,2,479,0,1,7,0,8,380,76,29,2,487,0,0,0,487
06/11/2016,IND,IN,AGL,CE,Combined TRACON& Tower with Radar,270,40,8,2,320,0,0,0,0,0,270,40,8,2,320,0,0,0,320
06/12/2016,IND,IN,AGL,CE,Combined TRACON& Tower with Radar,254,65,15,0,334,0,1,1,1,3,254,66,16,1,337,0,0,0,337
06/13/2016,IND,IN,AGL,CE,Combined TRACON& Tower with Radar,286,71,44,2,403,0,0,6,0,6,286,71,50,2,409,0,0,0,409
06/14/2016,IND,IN,AGL,CE,Combined TRACON& Tower with Radar,428,78,36,2,544,0,0,0,0,0,428,78,36,2,544,0,0,0,544
06/15/2016,IND,IN,AGL,CE,Combined TRACON& Tower with Radar,424,80,53,2,559,0,0,7,0,7,424,80,60,2,566,0,0,0,566
06/16/2016,IND,IN,AGL,CE,Combined TRACON& Tower with Radar,419,66,49,3,537,0,0,4,0,4,419,66,53,3,541,0,0,0,541
06/17/2016,IND,IN,AGL,CE,Combined TRACON& Tower with Radar,384,75,32,2,493,0,0,9,0,9,384,75,41,2,502,0,0,0,502
06/18/2016,IND,IN,AGL,CE,Combined TRACON& Tower with Radar,269,47,18,0,334,0,0,12,0,12,269,47,30,0,346,0,0,0,346
06/19/2016,IND,IN,AGL,CE,Combined TRACON& Tower with Radar,253,55,13,2,323,0,1,1,0,2,253,56,14,2,325,0,0,0,325
06/20/2016,IND,IN,AGL,CE,Combined TRACON& Tower with Radar,282,63,43,6,394,0,0,4,0,4,282,63,47,6,398,0,0,0,398
06/21/2016,IND,IN,AGL,CE,Combined TRACON& Tower with Radar,424,79,59,2,564,0,0,5,0,5,424,79,64,2,569,0,0,0,569
06/22/2016,IND,IN,AGL,CE,Combined TRACON& Tower with Radar,441,79,42,2,564,0,0,0,0,0,441,79,42,2,564,0,0,0,564
06/23/2016,IND,IN,AGL,CE,Combined TRACON& Tower with Radar,440,93,37,4,574,0,1,7,0,8,440,94,44,4,582,0,0,0,582
06/24/2016,IND,IN,AGL,CE,Combined TRACON& Tower with Radar,395,75,41,3,514,0,0,7,0,7,395,75,48,3,521,0,0,0,521
06/25/2016,IND,IN,AGL,CE,Combined TRACON& Tower with Radar,267,52,18,0,337,0,0,3,0,3,267,52,21,0,340,0,0,0,340
06/26/2016,IND,IN,AGL,CE,Combined TRACON& Tower with Radar,247,57,26,0,330,0,0,2,0,2,247,57,28,0,332,0,0,0,332
06/27/2016,IND,IN,AGL,CE,Combined TRACON& Tower with Radar,280,89,48,4,421,0,0,10,0,10,280,89,58,4,431,0,0,0,431
06/28/2016,IND,IN,AGL,CE,Combined TRACON& Tower with Radar,412,79,57,2,550,0,0,13,2,15,412,79,70,4,565,0,0,0,565
06/29/2016,IND,IN,AGL,CE,Combined TRACON& Tower with Radar,443,88,45,3,579,0,0,11,0,11,443,88,56,3,590,0,0,0,590
06/30/2016,IND,IN,AGL,CE,Combined TRACON& Tower with Radar,420,86,29,2,537,0,0,3,0,3,420,86,32,2,540,0,0,0,540
07/01/2016,IND,IN,AGL,CE,Combined TRACON& Tower with Radar,375,63,24,0,462,0,0,1,0,1,375,63,25,0,463,0,0,0,463
07/02/2016,IND,IN,AGL,CE,Combined TRACON& Tower with Radar,255,54,17,0,326,0,0,7,0,7,255,54,24,0,333,0,0,0,333
07/03/2016,IND,IN,AGL,CE,Combined TRACON& Tower with Radar,216,40,9,0,265,0,0,0,0,0,216,40,9,0,265,0,0,0,265
07/04/2016,IND,IN,AGL,CE,Combined TRACON& Tower with Radar,211,47,3,0,261,0,0,0,0,0,211,47,3,0,261,0,0,0,261
07/05/2016,IND,IN,AGL,CE,Combined TRACON& Tower with Radar,268,60,19,0,347,0,0,4,0,4,268,60,23,0,351,0,0,0,351
07/06/2016,IND,IN,AGL,CE,Combined TRACON& Tower with Radar,440,65,24,0,529,0,0,0,0,0,440,65,24,0,529,0,0,0,529
07/07/2016,IND,IN,AGL,CE,Combined TRACON& Tower with Radar,428,73,27,2,530,0,0,0,0,0,428,73,27,2,530,0,0,0,530
07/08/2016,IND,IN,AGL,CE,Combined TRACON& Tower with Radar,382,63,23,5,473,0,0,0,1,1,382,63,23,6,474,0,0,0,474
07/09/2016,IND,IN,AGL,CE,Combined TRACON& Tower with Radar,255,57,6,0,318,0,1,7,0,8,255,58,13,0,326,0,0,0,326
07/10/2016,IND,IN,AGL,CE,Combined TRACON& Tower with Radar,254,63,16,0,333,0,0,7,0,7,254,63,23,0,340,0,0,0,340
07/11/2016,IND,IN,AGL,CE,Combined TRACON& Tower with Radar,295,68,60,2,425,0,0,3,0,3,295,68,63,2,428,0,0,0,428
07/12/2016,IND,IN,AGL,CE,Combined TRACON& Tower with Radar,420,73,53,2,548,0,0,7,0,7,420,73,60,2,555,0,0,0,555
07/13/2016,IND,IN,AGL,CE,Combined TRACON& Tower with Radar,381,68,60,6,515,0,0,1,0,1,381,68,61,6,516,0,0,0,516
07/14/2016,IND,IN,AGL,CE,Combined TRACON& Tower with Radar,432,70,69,4,575,0,0,4,0,4,432,70,73,4,579,0,0,0,579
07/15/2016,IND,IN,AGL,CE,Combined TRACON& Tower with Radar,394,56,16,1,467,0,0,2,0,2,394,56,18,1,469,0,0,0,469
07/16/2016,IND,IN,AGL,CE,Combined TRACON& Tower with Radar,258,45,13,2,318,0,0,5,0,5,258,45,18,2,323,0,0,0,323
07/17/2016,IND,IN,AGL,CE,Combined TRACON& Tower with Radar,267,62,15,1,345,0,0,0,0,0,267,62,15,1,345,0,0,0,345
07/18/2016,IND,IN,AGL,CE,Combined TRACON& Tower with Radar,281,83,38,2,404,0,0,4,0,4,281,83,42,2,408,0,0,0,408
07/19/2016,IND,IN,AGL,CE,Combined TRACON& Tower with Radar,426,84,44,1,555,0,0,3,0,3,426,84,47,1,558,0,0,0,558
07/20/2016,IND,IN,AGL,CE,Combined TRACON& Tower with Radar,416,74,53,0,543,0,1,2,1,4,416,75,55,1,547,0,0,0,547
07/21/2016,IND,IN,AGL,CE,Combined TRACON& Tower with Radar,432,85,93,0,610,0,1,3,0,4,432,86,96,0,614,0,0,0,614
07/22/2016,IND,IN,AGL,CE,Combined TRACON& Tower with Radar,399,72,52,8,531,0,2,6,2,10,399,74,58,10,541,0,0,0,541
07/23/2016,IND,IN,AGL,CE,Combined TRACON& Tower with Radar,264,64,42,0,370,0,0,2,0,2,264,64,44,0,372,0,0,0,372
07/24/2016,IND,IN,AGL,CE,Combined TRACON& Tower with Radar,280,75,83,1,439,0,0,7,0,7,280,75,90,1,446,0,0,0,446
07/25/2016,IND,IN,AGL,CE,Combined TRACON& Tower with Radar,286,69,24,5,384,0,0,3,0,3,286,69,27,5,387,0,0,0,387
07/26/2016,IND,IN,AGL,CE,Combined TRACON& Tower with Radar,421,70,59,0,550,0,2,8,1,11,421,72,67,1,561,0,0,0,561
07/27/2016,IND,IN,AGL,CE,Combined TRACON& Tower with Radar,426,73,51,2,552,0,0,13,2,15,426,73,64,4,567,0,0,0,567
07/28/2016,IND,IN,AGL,CE,Combined TRACON& Tower with Radar,403,71,43,0,517,0,0,4,0,4,403,71,47,0,521,0,0,0,521
07/29/2016,IND,IN,AGL,CE,Combined TRACON& Tower with Radar,387,71,27,1,486,0,1,0,0,1,387,72,27,1,487,0,0,0,487
07/30/2016,IND,IN,AGL,CE,Combined TRACON& Tower with Radar,238,50,22,0,310,0,2,3,0,5,238,52,25,0,315,0,0,0,315
07/31/2016,IND,IN,AGL,CE,Combined TRACON& Tower with Radar,240,66,18,3,327,0,2,5,1,8,240,68,23,4,335,0,0,0,335
08/01/2016,IND,IN,AGL,CE,Combined TRACON& Tower with Radar,293,64,29,2,388,0,0,8,0,8,293,64,37,2,396,0,0,0,396
08/02/2016,IND,IN,AGL,CE,Combined TRACON& Tower with Radar,422,74,45,4,545,0,1,8,2,11,422,75,53,6,556,0,0,0,556
08/03/2016,IND,IN,AGL,CE,Combined TRACON& Tower with Radar,423,68,47,1,539,0,0,6,0,6,423,68,53,1,545,0,0,0,545
08/04/2016,IND,IN,AGL,CE,Combined TRACON& Tower with Radar,416,76,42,2,536,0,0,6,0,6,416,76,48,2,542,0,0,0,542
08/05/2016,IND,IN,AGL,CE,Combined TRACON& Tower with Radar,398,69,33,1,501,0,0,1,0,1,398,69,34,1,502,0,0,0,502
08/06/2016,IND,IN,AGL,CE,Combined TRACON& Tower with Radar,251,47,12,12,322,0,2,2,2,6,251,49,14,14,328,0,0,0,328
08/07/2016,IND,IN,AGL,CE,Combined TRACON& Tower with Radar,249,61,16,0,326,0,1,4,0,5,249,62,20,0,331,0,0,0,331
08/08/2016,IND,IN,AGL,CE,Combined TRACON& Tower with Radar,271,68,41,3,383,0,1,7,0,8,271,69,48,3,391,0,0,0,391
08/09/2016,IND,IN,AGL,CE,Combined TRACON& Tower with Radar,390,65,57,0,512,0,0,4,0,4,390,65,61,0,516,0,0,0,516
08/10/2016,IND,IN,AGL,CE,Combined TRACON& Tower with Radar,403,73,43,1,520,0,1,5,0,6,403,74,48,1,526,0,0,0,526
08/11/2016,IND,IN,AGL,CE,Combined TRACON& Tower with Radar,416,67,42,0,525,0,0,7,0,7,416,67,49,0,532,0,0,0,532
08/12/2016,IND,IN,AGL,CE,Combined TRACON& Tower with Radar,361,70,35,3,469,0,0,7,0,7,361,70,42,3,476,0,0,0,476
08/13/2016,IND,IN,AGL,CE,Combined TRACON& Tower with Radar,221,46,19,1,287,0,0,0,0,0,221,46,19,1,287,0,0,0,287
08/14/2016,IND,IN,AGL,CE,Combined TRACON& Tower with Radar,238,53,16,1,308,0,0,0,0,0,238,53,16,1,308,0,0,0,308
08/15/2016,IND,IN,AGL,CE,Combined TRACON& Tower with Radar,277,57,56,0,390,0,0,1,0,1,277,57,57,0,391,0,0,0,391
08/16/2016,IND,IN,AGL,CE,Combined TRACON& Tower with Radar,388,67,39,0,494,0,0,0,0,0,388,67,39,0,494,0,0,0,494
08/17/2016,IND,IN,AGL,CE,Combined TRACON& Tower with Radar,404,87,42,2,535,0,0,2,0,2,404,87,44,2,537,0,0,0,537
08/18/2016,IND,IN,AGL,CE,Combined TRACON& Tower with Radar,372,93,47,0,512,0,0,3,0,3,372,93,50,0,515,0,0,0,515
08/19/2016,IND,IN,AGL,CE,Combined TRACON& Tower with Radar,340,96,30,1,467,0,0,5,0,5,340,96,35,1,472,0,0,0,472
08/20/2016,IND,IN,AGL,CE,Combined TRACON& Tower with Radar,190,55,10,0,255,0,0,2,0,2,190,55,12,0,257,0,0,0,257
08/21/2016,IND,IN,AGL,CE,Combined TRACON& Tower with Radar,209,77,17,1,304,0,0,3,0,3,209,77,20,1,307,0,0,0,307
08/22/2016,IND,IN,AGL,CE,Combined TRACON& Tower with Radar,255,90,41,0,386,0,1,11,0,12,255,91,52,0,398,0,0,0,398
08/23/2016,IND,IN,AGL,CE,Combined TRACON& Tower with Radar,374,94,43,0,511,0,0,12,0,12,374,94,55,0,523,0,0,0,523
08/24/2016,IND,IN,AGL,CE,Combined TRACON& Tower with Radar,369,100,35,2,506,0,0,2,1,3,369,100,37,3,509,0,0,0,509
08/25/2016,IND,IN,AGL,CE,Combined TRACON& Tower with Radar,353,106,28,0,487,0,0,10,0,10,353,106,38,0,497,0,0,0,497
08/26/2016,IND,IN,AGL,CE,Combined TRACON& Tower with Radar,337,116,42,1,496,0,0,4,0,4,337,116,46,1,500,0,0,0,500
08/27/2016,IND,IN,AGL,CE,Combined TRACON& Tower with Radar,197,52,17,0,266,0,0,2,0,2,197,52,19,0,268,0,0,0,268
08/28/2016,IND,IN,AGL,CE,Combined TRACON& Tower with Radar,214,81,25,2,322,0,0,5,0,5,214,81,30,2,327,0,0,0,327
08/29/2016,IND,IN,AGL,CE,Combined TRACON& Tower with Radar,249,94,44,2,389,0,0,8,0,8,249,94,52,2,397,0,0,0,397
08/30/2016,IND,IN,AGL,CE,Combined TRACON& Tower with Radar,369,103,56,0,528,0,2,11,2,15,369,105,67,2,543,0,0,0,543
08/31/2016,IND,IN,AGL,CE,Combined TRACON& Tower with Radar,385,99,47,1,532,0,0,6,0,6,385,99,53,1,538,0,0,0,538
09/01/2016,IND,IN,AGL,CE,Combined TRACON& Tower with Radar,372,95,48,0,515,0,0,21,2,23,372,95,69,2,538,0,0,0,538
09/02/2016,IND,IN,AGL,CE,Combined TRACON& Tower with Radar,345,94,24,0,463,0,2,9,0,11,345,96,33,0,474,0,0,0,474
09/03/2016,IND,IN,AGL,CE,Combined TRACON& Tower with Radar,197,48,14,0,259,0,0,3,0,3,197,48,17,0,262,0,0,0,262
09/04/2016,IND,IN,AGL,CE,Combined TRACON& Tower with Radar,156,56,19,0,231,0,1,9,0,10,156,57,28,0,241,0,0,0,241
09/05/2016,IND,IN,AGL,CE,Combined TRACON& Tower with Radar,212,86,21,0,319,0,2,1,0,3,212,88,22,0,322,0,0,0,322
09/06/2016,IND,IN,AGL,CE,Combined TRACON& Tower with Radar,236,91,41,0,368,0,1,6,0,7,236,92,47,0,375,0,0,0,375
09/07/2016,IND,IN,AGL,CE,Combined TRACON& Tower with Radar,373,106,39,4,522,0,0,14,0,14,373,106,53,4,536,0,0,0,536
09/08/2016,IND,IN,AGL,CE,Combined TRACON& Tower with Radar,373,90,50,7,520,0,0,3,0,3,373,90,53,7,523,0,0,0,523
09/09/2016,IND,IN,AGL,CE,Combined TRACON& Tower with Radar,326,101,34,5,466,0,0,0,0,0,326,101,34,5,466,0,0,0,466
09/10/2016,IND,IN,AGL,CE,Combined TRACON& Tower with Radar,190,65,9,1,265,0,2,0,0,2,190,67,9,1,267,0,0,0,267
09/11/2016,IND,IN,AGL,CE,Combined TRACON& Tower with Radar,214,85,27,3,329,0,0,6,0,6,214,85,33,3,335,0,0,0,335
09/12/2016,IND,IN,AGL,CE,Combined TRACON& Tower with Radar,256,89,52,6,403,0,0,9,0,9,256,89,61,6,412,0,0,0,412
09/13/2016,IND,IN,AGL,CE,Combined TRACON& Tower with Radar,367,103,70,0,540,0,0,9,0,9,367,103,79,0,549,0,0,0,549
09/14/2016,IND,IN,AGL,CE,Combined TRACON& Tower with Radar,382,99,56,6,543,0,1,7,0,8,382,100,63,6,551,0,0,0,551
09/15/2016,IND,IN,AGL,CE,Combined TRACON& Tower with Radar,398,76,59,1,534,0,1,19,0,20,398,77,78,1,554,0,0,0,554
09/16/2016,IND,IN,AGL,CE,Combined TRACON& Tower with Radar,368,69,26,1,464,0,0,2,1,3,368,69,28,2,467,0,0,0,467
09/17/2016,IND,IN,AGL,CE,Combined TRACON& Tower with Radar,208,34,12,0,254,0,0,4,0,4,208,34,16,0,258,0,0,0,258
09/18/2016,IND,IN,AGL,CE,Combined TRACON& Tower with Radar,245,51,22,1,319,0,0,2,0,2,245,51,24,1,321,0,0,0,321
09/19/2016,IND,IN,AGL,CE,Combined TRACON& Tower with Radar,286,55,49,1,391,0,0,8,0,8,286,55,57,1,399,0,0,0,399
09/20/2016,IND,IN,AGL,CE,Combined TRACON& Tower with Radar,416,60,45,6,527,0,0,6,3,9,416,60,51,9,536,0,0,0,536
09/21/2016,IND,IN,AGL,CE,Combined TRACON& Tower with Radar,423,81,46,2,552,0,2,8,0,10,423,83,54,2,562,0,0,0,562
09/22/2016,IND,IN,AGL,CE,Combined TRACON& Tower with Radar,407,70,46,2,525,0,1,7,0,8,407,71,53,2,533,0,0,0,533
09/23/2016,IND,IN,AGL,CE,Combined TRACON& Tower with Radar,376,66,40,7,489,0,0,13,1,14,376,66,53,8,503,0,0,0,503
09/24/2016,IND,IN,AGL,CE,Combined TRACON& Tower with Radar,205,49,17,1,272,0,1,4,0,5,205,50,21,1,277,0,0,0,277
09/25/2016,IND,IN,AGL,CE,Combined TRACON& Tower with Radar,241,60,38,0,339,0,0,9,0,9,241,60,47,0,348,0,0,0,348
09/26/2016,IND,IN,AGL,CE,Combined TRACON& Tower with Radar,279,62,34,0,375,0,1,2,0,3,279,63,36,0,378,0,0,0,378
09/27/2016,IND,IN,AGL,CE,Combined TRACON& Tower with Radar,400,65,41,0,506,0,0,2,2,4,400,65,43,2,510,0,0,0,510
09/28/2016,IND,IN,AGL,CE,Combined TRACON& Tower with Radar,416,70,37,1,524,0,0,5,0,5,416,70,42,1,529,0,0,0,529
09/29/2016,IND,IN,AGL,CE,Combined TRACON& Tower with Radar,404,76,53,2,535,0,0,2,0,2,404,76,55,2,537,0,0,0,537
09/30/2016,IND,IN,AGL,CE,Combined TRACON& Tower with Radar,369,68,28,2,467,0,0,2,0,2,369,68,30,2,469,0,0,0,469
10/01/2016,IND,IN,AGL,CE,Combined TRACON& Tower with Radar,206,37,26,0,269,0,0,1,0,1,206,37,27,0,270,0,0,0,270
10/02/2016,IND,IN,AGL,CE,Combined TRACON& Tower with Radar,241,61,35,0,337,0,0,1,0,1,241,61,36,0,338,0,0,0,338
10/03/2016,IND,IN,AGL,CE,Combined TRACON& Tower with Radar,320,65,35,0,420,0,0,15,2,17,320,65,50,2,437,0,0,0,437
10/04/2016,IND,IN,AGL,CE,Combined TRACON& Tower with Radar,407,65,53,0,525,0,0,9,1,10,407,65,62,1,535,0,0,0,535
10/05/2016,IND,IN,AGL,CE,Combined TRACON& Tower with Radar,414,66,52,0,532,0,0,6,2,8,414,66,58,2,540,0,0,0,540
10/06/2016,IND,IN,AGL,CE,Combined TRACON& Tower with Radar,400,59,60,3,522,0,0,12,1,13,400,59,72,4,535,0,0,0,535
10/07/2016,IND,IN,AGL,CE,Combined TRACON& Tower with Radar,358,70,50,0,478,0,0,7,1,8,358,70,57,1,486,0,0,0,486
10/08/2016,IND,IN,AGL,CE,Combined TRACON& Tower with Radar,217,46,12,0,275,0,0,2,0,2,217,46,14,0,277,0,0,0,277
10/09/2016,IND,IN,AGL,CE,Combined TRACON& Tower with Radar,247,65,22,1,335,0,0,3,0,3,247,65,25,1,338,0,0,0,338
10/10/2016,IND,IN,AGL,CE,Combined TRACON& Tower with Radar,288,73,42,0,403,0,0,12,2,14,288,73,54,2,417,0,0,0,417
10/11/2016,IND,IN,AGL,CE,Combined TRACON& Tower with Radar,402,66,48,0,516,0,0,10,0,10,402,66,58,0,526,0,0,0,526
10/12/2016,IND,IN,AGL,CE,Combined TRACON& Tower with Radar,412,73,36,0,521,0,2,4,0,6,412,75,40,0,527,0,0,0,527
10/13/2016,IND,IN,AGL,CE,Combined TRACON& Tower with Radar,409,65,49,4,527,0,0,5,0,5,409,65,54,4,532,0,0,0,532
10/14/2016,IND,IN,AGL,CE,Combined TRACON& Tower with Radar,380,60,52,1,493,0,0,5,1,6,380,60,57,2,499,0,0,0,499
10/15/2016,IND,IN,AGL,CE,Combined TRACON& Tower with Radar,245,34,10,2,291,0,0,0,0,0,245,34,10,2,291,0,0,0,291
10/16/2016,IND,IN,AGL,CE,Combined TRACON& Tower with Radar,246,54,27,2,329,0,0,2,0,2,246,54,29,2,331,0,0,0,331
10/17/2016,IND,IN,AGL,CE,Combined TRACON& Tower with Radar,290,67,44,0,401,0,0,7,0,7,290,67,51,0,408,0,0,0,408
10/18/2016,IND,IN,AGL,CE,Combined TRACON& Tower with Radar,407,61,39,0,507,0,0,8,0,8,407,61,47,0,515,0,0,0,515
10/19/2016,IND,IN,AGL,CE,Combined TRACON& Tower with Radar,409,76,53,0,538,0,2,5,0,7,409,78,58,0,545,0,0,0,545
10/20/2016,IND,IN,AGL,CE,Combined TRACON& Tower with Radar,413,76,40,0,529,0,0,0,0,0,413,76,40,0,529,0,0,0,529
10/21/2016,IND,IN,AGL,CE,Combined TRACON& Tower with Radar,388,67,28,1,484,0,1,4,0,5,388,68,32,1,489,0,0,0,489
10/22/2016,IND,IN,AGL,CE,Combined TRACON& Tower with Radar,233,40,26,0,299,0,1,6,0,7,233,41,32,0,306,0,0,0,306
10/23/2016,IND,IN,AGL,CE,Combined TRACON& Tower with Radar,249,47,23,0,319,0,0,8,0,8,249,47,31,0,327,0,0,0,327
10/24/2016,IND,IN,AGL,CE,Combined TRACON& Tower with Radar,285,57,37,2,381,0,0,8,0,8,285,57,45,2,389,0,0,0,389
10/25/2016,IND,IN,AGL,CE,Combined TRACON& Tower with Radar,400,66,51,2,519,0,0,7,0,7,400,66,58,2,526,0,0,0,526
10/26/2016,IND,IN,AGL,CE,Combined TRACON& Tower with Radar,403,88,38,0,529,0,1,10,0,11,403,89,48,0,540,0,0,0,540
10/27/2016,IND,IN,AGL,CE,Combined TRACON& Tower with Radar,416,74,58,0,548,0,0,2,0,2,416,74,60,0,550,0,0,0,550
10/28/2016,IND,IN,AGL,CE,Combined TRACON& Tower with Radar,390,69,22,1,482,0,0,5,0,5,390,69,27,1,487,0,0,0,487
10/29/2016,IND,IN,AGL,CE,Combined TRACON& Tower with Radar,228,48,30,0,306,0,0,1,0,1,228,48,31,0,307,0,0,0,307
10/30/2016,IND,IN,AGL,CE,Combined TRACON& Tower with Radar,238,49,29,1,317,0,0,1,0,1,238,49,30,1,318,0,0,0,318
10/31/2016,IND,IN,AGL,CE,Combined TRACON& Tower with Radar,259,52,51,2,364,0,0,4,0,4,259,52,55,2,368,0,0,0,368
11/01/2016,IND,IN,AGL,CE,Combined TRACON& Tower with Radar,411,60,47,0,518,0,0,5,0,5,411,60,52,0,523,0,0,0,523
11/02/2016,IND,IN,AGL,CE,Combined TRACON& Tower with Radar,425,77,40,6,548,0,0,6,0,6,425,77,46,6,554,0,0,0,554
11/03/2016,IND,IN,AGL,CE,Combined TRACON& Tower with Radar,412,74,45,2,533,0,0,2,0,2,412,74,47,2,535,0,0,0,535
11/04/2016,IND,IN,AGL,CE,Combined TRACON& Tower with Radar,365,76,42,0,483,0,0,10,0,10,365,76,52,0,493,0,0,0,493
11/05/2016,IND,IN,AGL,CE,Combined TRACON& Tower with Radar,224,44,11,0,279,0,2,4,0,6,224,46,15,0,285,0,0,0,285
11/06/2016,IND,IN,AGL,CE,Combined TRACON& Tower with Radar,246,64,28,0,338,0,0,9,0,9,246,64,37,0,347,0,0,0,347
11/07/2016,IND,IN,AGL,CE,Combined TRACON& Tower with Radar,266,54,25,5,350,0,0,4,0,4,266,54,29,5,354,0,0,0,354
11/08/2016,IND,IN,AGL,CE,Combined TRACON& Tower with Radar,389,58,31,2,480,0,0,1,0,1,389,58,32,2,481,0,0,0,481
11/09/2016,IND,IN,AGL,CE,Combined TRACON& Tower with Radar,424,66,44,0,534,1,0,7,0,8,425,66,51,0,542,0,0,0,542
11/10/2016,IND,IN,AGL,CE,Combined TRACON& Tower with Radar,429,68,54,5,556,0,0,7,0,7,429,68,61,5,563,0,0,0,563
11/11/2016,IND,IN,AGL,CE,Combined TRACON& Tower with Radar,375,56,39,0,470,0,0,7,1,8,375,56,46,1,478,0,0,0,478
11/12/2016,IND,IN,AGL,CE,Combined TRACON& Tower with Radar,217,45,15,0,277,0,0,3,0,3,217,45,18,0,280,0,0,0,280
11/13/2016,IND,IN,AGL,CE,Combined TRACON& Tower with Radar,272,48,20,0,340,0,0,10,0,10,272,48,30,0,350,0,0,0,350
11/14/2016,IND,IN,AGL,CE,Combined TRACON& Tower with Radar,290,63,34,2,389,0,0,5,0,5,290,63,39,2,394,0,0,0,394
11/15/2016,IND,IN,AGL,CE,Combined TRACON& Tower with Radar,421,64,43,4,532,0,0,10,2,12,421,64,53,6,544,0,0,0,544
11/16/2016,IND,IN,AGL,CE,Combined TRACON& Tower with Radar,421,59,41,0,521,0,0,4,0,4,421,59,45,0,525,0,0,0,525
11/17/2016,IND,IN,AGL,CE,Combined TRACON& Tower with Radar,414,63,46,1,524,0,0,4,2,6,414,63,50,3,530,0,0,0,530
11/18/2016,IND,IN,AGL,CE,Combined TRACON& Tower with Radar,376,71,17,0,464,0,0,1,0,1,376,71,18,0,465,0,0,0,465
11/19/2016,IND,IN,AGL,CE,Combined TRACON& Tower with Radar,236,52,11,0,299,0,0,0,0,0,236,52,11,0,299,0,0,0,299
11/20/2016,IND,IN,AGL,CE,Combined TRACON& Tower with Radar,250,55,19,0,324,0,0,4,0,4,250,55,23,0,328,0,0,0,328
11/21/2016,IND,IN,AGL,CE,Combined TRACON& Tower with Radar,247,58,52,0,357,0,1,5,0,6,247,59,57,0,363,0,0,0,363
11/22/2016,IND,IN,AGL,CE,Combined TRACON& Tower with Radar,418,68,67,1,554,0,2,3,0,5,418,70,70,1,559,0,0,0,559
11/23/2016,IND,IN,AGL,CE,Combined TRACON& Tower with Radar,458,74,29,2,563,0,0,0,0,0,458,74,29,2,563,0,0,0,563
11/24/2016,IND,IN,AGL,CE,Combined TRACON& Tower with Radar,199,24,10,0,233,0,0,0,0,0,199,24,10,0,233,0,0,0,233
11/25/2016,IND,IN,AGL,CE,Combined TRACON& Tower with Radar,252,35,10,0,297,0,0,1,0,1,252,35,11,0,298,0,0,0,298
11/26/2016,IND,IN,AGL,CE,Combined TRACON& Tower with Radar,285,51,17,0,353,0,0,2,1,3,285,51,19,1,356,0,0,0,356
11/27/2016,IND,IN,AGL,CE,Combined TRACON& Tower with Radar,285,62,33,2,382,0,0,2,0,2,285,62,35,2,384,0,0,0,384
11/28/2016,IND,IN,AGL,CE,Combined TRACON& Tower with Radar,301,54,39,1,395,0,1,0,0,1,301,55,39,1,396,0,0,0,396
11/29/2016,IND,IN,AGL,CE,Combined TRACON& Tower with Radar,465,61,43,1,570,0,0,5,0,5,465,61,48,1,575,0,0,0,575
11/30/2016,IND,IN,AGL,CE,Combined TRACON& Tower with Radar,457,57,48,2,564,0,1,4,0,5,457,58,52,2,569,0,0,0,569
12/01/2016,IND,IN,AGL,CE,Combined TRACON& Tower with Radar,452,84,43,7,586,0,0,3,0,3,452,84,46,7,589,0,0,0,589
12/02/2016,IND,IN,AGL,CE,Combined TRACON& Tower with Radar,419,79,40,0,538,0,1,6,0,7,419,80,46,0,545,0,0,0,545
12/03/2016,IND,IN,AGL,CE,Combined TRACON& Tower with Radar,212,60,36,0,308,0,0,5,0,5,212,60,41,0,313,0,0,0,313
12/04/2016,IND,IN,AGL,CE,Combined TRACON& Tower with Radar,246,70,48,1,365,0,0,2,0,2,246,70,50,1,367,0,0,0,367
12/05/2016,IND,IN,AGL,CE,Combined TRACON& Tower with Radar,262,69,37,2,370,0,0,6,1,7,262,69,43,3,377,0,0,0,377
12/06/2016,IND,IN,AGL,CE,Combined TRACON& Tower with Radar,457,66,31,0,554,0,0,1,1,2,457,66,32,1,556,0,0,0,556
12/07/2016,IND,IN,AGL,CE,Combined TRACON& Tower with Radar,453,67,54,2,576,0,0,4,0,4,453,67,58,2,580,0,0,0,580
12/08/2016,IND,IN,AGL,CE,Combined TRACON& Tower with Radar,442,74,87,5,608,0,1,2,2,5,442,75,89,7,613,0,0,0,613
12/09/2016,IND,IN,AGL,CE,Combined TRACON& Tower with Radar,424,81,51,1,557,0,0,3,0,3,424,81,54,1,560,0,0,0,560
12/10/2016,IND,IN,AGL,CE,Combined TRACON& Tower with Radar,214,41,32,0,287,0,0,5,0,5,214,41,37,0,292,0,0,0,292
12/11/2016,IND,IN,AGL,CE,Combined TRACON& Tower with Radar,215,53,32,2,302,0,0,2,0,2,215,53,34,2,304,0,0,0,304
12/12/2016,IND,IN,AGL,CE,Combined TRACON& Tower with Radar,269,72,41,3,385,0,2,1,0,3,269,74,42,3,388,0,0,0,388
12/13/2016,IND,IN,AGL,CE,Combined TRACON& Tower with Radar,440,79,53,1,573,0,0,1,0,1,440,79,54,1,574,0,0,0,574
12/14/2016,IND,IN,AGL,CE,Combined TRACON& Tower with Radar,456,79,59,1,595,0,1,9,0,10,456,80,68,1,605,0,0,0,605
12/15/2016,IND,IN,AGL,CE,Combined TRACON& Tower with Radar,447,91,56,3,597,0,1,9,3,13,447,92,65,6,610,0,0,0,610
12/16/2016,IND,IN,AGL,CE,Combined TRACON& Tower with Radar,402,77,45,4,528,0,1,1,2,4,402,78,46,6,532,0,0,0,532
12/17/2016,IND,IN,AGL,CE,Combined TRACON& Tower with Radar,353,44,21,1,419,0,0,0,0,0,353,44,21,1,419,0,0,0,419
12/18/2016,IND,IN,AGL,CE,Combined TRACON& Tower with Radar,252,67,18,0,337,0,0,1,0,1,252,67,19,0,338,0,0,0,338
12/19/2016,IND,IN,AGL,CE,Combined TRACON& Tower with Radar,244,71,34,2,351,0,0,9,0,9,244,71,43,2,360,0,0,0,360
12/20/2016,IND,IN,AGL,CE,Combined TRACON& Tower with Radar,430,87,36,1,554,0,0,4,0,4,430,87,40,1,558,0,0,0,558
12/21/2016,IND,IN,AGL,CE,Combined TRACON& Tower with Radar,454,93,33,0,580,1,2,2,0,5,455,95,35,0,585,0,0,0,585
12/22/2016,IND,IN,AGL,CE,Combined TRACON& Tower with Radar,445,87,40,1,573,0,1,4,2,7,445,88,44,3,580,0,0,0,580
12/23/2016,IND,IN,AGL,CE,Combined TRACON& Tower with Radar,419,81,18,0,518,0,0,0,0,0,419,81,18,0,518,0,0,0,518
12/24/2016,IND,IN,AGL,CE,Combined TRACON& Tower with Radar,314,43,2,0,359,0,0,0,0,0,314,43,2,0,359,0,0,0,359
12/25/2016,IND,IN,AGL,CE,Combined TRACON& Tower with Radar,162,47,8,0,217,0,0,0,0,0,162,47,8,0,217,0,0,0,217
12/26/2016,IND,IN,AGL,CE,Combined TRACON& Tower with Radar,226,77,31,0,334,0,0,0,0,0,226,77,31,0,334,0,0,0,334
12/27/2016,IND,IN,AGL,CE,Combined TRACON& Tower with Radar,246,72,28,0,346,0,0,6,0,6,246,72,34,0,352,0,0,0,352
12/28/2016,IND,IN,AGL,CE,Combined TRACON& Tower with Radar,417,68,21,0,506,0,0,8,0,8,417,68,29,0,514,0,0,0,514
12/29/2016,IND,IN,AGL,CE,Combined TRACON& Tower with Radar,413,80,17,0,510,0,0,2,0,2,413,80,19,0,512,0,0,0,512
12/30/2016,IND,IN,AGL,CE,Combined TRACON& Tower with Radar,381,69,18,1,469,0,2,5,0,7,381,71,23,1,476,0,0,0,476
12/31/2016,IND,IN,AGL,CE,Combined TRACON& Tower with Radar,211,44,10,0,265,0,2,1,0,3,211,46,11,0,268,0,0,0,268
01/01/2017,IND,IN,AGL,CE,Combined TRACON& Tower with Radar,184,58,10,0,252,0,0,1,0,1,184,58,11,0,253,0,0,0,253
01/02/2017,IND,IN,AGL,CE,Combined TRACON& Tower with Radar,226,77,36,1,340,0,0,0,0,0,226,77,36,1,340,0,0,0,340
01/03/2017,IND,IN,AGL,CE,Combined TRACON& Tower with Radar,244,71,31,0,346,0,0,0,0,0,244,71,31,0,346,0,0,0,346
01/04/2017,IND,IN,AGL,CE,Combined TRACON& Tower with Radar,395,68,25,0,488,0,1,4,0,5,395,69,29,0,493,0,0,0,493
01/05/2017,IND,IN,AGL,CE,Combined TRACON& Tower with Radar,372,76,27,7,482,0,0,0,0,0,372,76,27,7,482,0,0,0,482
01/06/2017,IND,IN,AGL,CE,Combined TRACON& Tower with Radar,324,68,32,4,428,0,0,1,0,1,324,68,33,4,429,0,0,0,429
01/07/2017,IND,IN,AGL,CE,Combined TRACON& Tower with Radar,193,46,20,0,259,0,0,4,0,4,193,46,24,0,263,0,0,0,263
01/08/2017,IND,IN,AGL,CE,Combined TRACON& Tower with Radar,223,62,28,0,313,0,0,7,0,7,223,62,35,0,320,0,0,0,320
01/09/2017,IND,IN,AGL,CE,Combined TRACON& Tower with Radar,257,59,45,2,363,0,0,4,0,4,257,59,49,2,367,0,0,0,367
01/10/2017,IND,IN,AGL,CE,Combined TRACON& Tower with Radar,382,69,39,0,490,0,0,3,0,3,382,69,42,0,493,0,0,0,493
01/11/2017,IND,IN,AGL,CE,Combined TRACON& Tower with Radar,396,70,48,0,514,0,0,0,0,0,396,70,48,0,514,0,0,0,514
01/12/2017,IND,IN,AGL,CE,Combined TRACON& Tower with Radar,392,82,52,0,526,0,0,0,0,0,392,82,52,0,526,0,0,0,526
01/13/2017,IND,IN,AGL,CE,Combined TRACON& Tower with Radar,342,71,30,2,445,0,0,5,0,5,342,71,35,2,450,0,0,0,450
01/14/2017,IND,IN,AGL,CE,Combined TRACON& Tower with Radar,204,37,17,0,258,0,0,0,0,0,204,37,17,0,258,0,0,0,258
01/15/2017,IND,IN,AGL,CE,Combined TRACON& Tower with Radar,184,48,12,0,244,0,0,1,0,1,184,48,13,0,245,0,0,0,245
01/16/2017,IND,IN,AGL,CE,Combined TRACON& Tower with Radar,259,73,27,0,359,0,0,0,0,0,259,73,27,0,359,0,0,0,359
01/17/2017,IND,IN,AGL,CE,Combined TRACON& Tower with Radar,381,60,49,0,490,0,0,0,0,0,381,60,49,0,490,0,0,0,490
01/18/2017,IND,IN,AGL,CE,Combined TRACON& Tower with Radar,392,71,60,0,523,0,0,0,0,0,392,71,60,0,523,0,0,0,523
01/19/2017,IND,IN,AGL,CE,Combined TRACON& Tower with Radar,390,64,43,4,501,0,0,8,0,8,390,64,51,4,509,0,0,0,509
01/20/2017,IND,IN,AGL,CE,Combined TRACON& Tower with Radar,343,66,27,0,436,0,0,1,0,1,343,66,28,0,437,0,0,0,437
01/21/2017,IND,IN,AGL,CE,Combined TRACON& Tower with Radar,225,50,20,0,295,0,1,3,1,5,225,51,23,1,300,0,0,0,300
01/22/2017,IND,IN,AGL,CE,Combined TRACON& Tower with Radar,210,52,22,0,284,0,0,2,0,2,210,52,24,0,286,0,0,0,286
01/23/2017,IND,IN,AGL,CE,Combined TRACON& Tower with Radar,257,58,41,0,356,0,0,0,0,0,257,58,41,0,356,0,0,0,356
01/24/2017,IND,IN,AGL,CE,Combined TRACON& Tower with Radar,388,67,46,0,501,0,1,1,0,2,388,68,47,0,503,0,0,0,503
01/25/2017,IND,IN,AGL,CE,Combined TRACON& Tower with Radar,386,68,56,5,515,0,0,14,2,16,386,68,70,7,531,0,0,0,531
01/26/2017,IND,IN,AGL,CE,Combined TRACON& Tower with Radar,390,74,50,0,514,0,0,0,0,0,390,74,50,0,514,0,0,0,514
01/27/2017,IND,IN,AGL,CE,Combined TRACON& Tower with Radar,355,71,34,0,460,0,0,1,0,1,355,71,35,0,461,0,0,0,461
01/28/2017,IND,IN,AGL,CE,Combined TRACON& Tower with Radar,218,36,15,0,269,0,0,4,1,5,218,36,19,1,274,0,0,0,274
01/29/2017,IND,IN,AGL,CE,Combined TRACON& Tower with Radar,203,55,15,0,273,0,0,0,0,0,203,55,15,0,273,0,0,0,273
01/30/2017,IND,IN,AGL,CE,Combined TRACON& Tower with Radar,254,61,38,0,353,0,0,7,0,7,254,61,45,0,360,0,0,0,360
01/31/2017,IND,IN,AGL,CE,Combined TRACON& Tower with Radar,389,62,53,2,506,0,0,4,0,4,389,62,57,2,510,0,0,0,510
02/01/2017,IND,IN,AGL,CE,Combined TRACON& Tower with Radar,401,65,54,2,522,0,0,12,0,12,401,65,66,2,534,0,0,0,534
02/02/2017,IND,IN,AGL,CE,Combined TRACON& Tower with Radar,388,70,41,0,499,0,0,13,2,15,388,70,54,2,514,0,0,0,514
02/03/2017,IND,IN,AGL,CE,Combined TRACON& Tower with Radar,344,67,26,0,437,0,0,8,1,9,344,67,34,1,446,0,0,0,446
02/04/2017,IND,IN,AGL,CE,Combined TRACON& Tower with Radar,212,41,11,0,264,4,1,7,0,12,216,42,18,0,276,0,0,0,276
02/05/2017,IND,IN,AGL,CE,Combined TRACON& Tower with Radar,180,54,10,0,244,0,0,2,0,2,180,54,12,0,246,0,0,0,246
02/06/2017,IND,IN,AGL,CE,Combined TRACON& Tower with Radar,256,57,36,2,351,0,0,2,0,2,256,57,38,2,353,0,0,0,353
02/07/2017,IND,IN,AGL,CE,Combined TRACON& Tower with Radar,391,70,27,0,488,0,0,0,0,0,391,70,27,0,488,0,0,0,488
02/08/2017,IND,IN,AGL,CE,Combined TRACON& Tower with Radar,387,77,51,2,517,0,0,0,0,0,387,77,51,2,517,0,0,0,517
02/09/2017,IND,IN,AGL,CE,Combined TRACON& Tower with Radar,369,58,48,2,477,1,1,13,1,16,370,59,61,3,493,0,0,0,493
02/10/2017,IND,IN,AGL,CE,Combined TRACON& Tower with Radar,347,79,41,1,468,0,0,4,0,4,347,79,45,1,472,0,0,0,472
02/11/2017,IND,IN,AGL,CE,Combined TRACON& Tower with Radar,218,35,8,0,261,0,0,2,0,2,218,35,10,0,263,0,0,0,263
02/12/2017,IND,IN,AGL,CE,Combined TRACON& Tower with Radar,204,46,26,0,276,0,0,0,0,0,204,46,26,0,276,0,0,0,276
02/13/2017,IND,IN,AGL,CE,Combined TRACON& Tower with Radar,245,62,29,4,340,0,0,10,0,10,245,62,39,4,350,0,0,0,350
02/14/2017,IND,IN,AGL,CE,Combined TRACON& Tower with Radar,397,61,46,0,504,0,0,4,0,4,397,61,50,0,508,0,0,0,508
02/15/2017,IND,IN,AGL,CE,Combined TRACON& Tower with Radar,388,57,40,0,485,0,1,11,3,15,388,58,51,3,500,0,0,0,500
02/16/2017,IND,IN,AGL,CE,Combined TRACON& Tower with Radar,392,73,49,1,515,0,1,9,0,10,392,74,58,1,525,0,0,0,525
02/17/2017,IND,IN,AGL,CE,Combined TRACON& Tower with Radar,346,67,32,1,446,0,0,6,0,6,346,67,38,1,452,0,0,0,452
02/18/2017,IND,IN,AGL,CE,Combined TRACON& Tower with Radar,212,26,16,0,254,0,2,7,2,11,212,28,23,2,265,0,0,0,265
02/19/2017,IND,IN,AGL,CE,Combined TRACON& Tower with Radar,203,49,15,1,268,0,0,4,0,4,203,49,19,1,272,0,0,0,272
02/20/2017,IND,IN,AGL,CE,Combined TRACON& Tower with Radar,265,63,41,0,369,0,0,8,0,8,265,63,49,0,377,0,0,0,377
02/21/2017,IND,IN,AGL,CE,Combined TRACON& Tower with Radar,400,69,50,1,520,0,1,2,0,3,400,70,52,1,523,0,0,0,523
02/22/2017,IND,IN,AGL,CE,Combined TRACON& Tower with Radar,397,67,64,0,528,0,0,6,2,8,397,67,70,2,536,0,0,0,536
02/23/2017,IND,IN,AGL,CE,Combined TRACON& Tower with Radar,396,68,59,2,525,0,0,7,0,7,396,68,66,2,532,0,0,0,532
02/24/2017,IND,IN,AGL,CE,Combined TRACON& Tower with Radar,344,69,23,2,438,0,0,2,0,2,344,69,25,2,440,0,0,0,440
02/25/2017,IND,IN,AGL,CE,Combined TRACON& Tower with Radar,220,40,26,2,288,0,1,1,1,3,220,41,27,3,291,0,0,0,291
02/26/2017,IND,IN,AGL,CE,Combined TRACON& Tower with Radar,239,66,22,0,327,0,0,4,0,4,239,66,26,0,331,0,0,0,331
02/27/2017,IND,IN,AGL,CE,Combined TRACON& Tower with Radar,262,53,36,2,353,0,0,3,0,3,262,53,39,2,356,0,0,0,356
02/28/2017,IND,IN,AGL,CE,Combined TRACON& Tower with Radar,396,69,50,0,515,0,0,0,0,0,396,69,50,0,515,0,0,0,515
03/01/2017,IND,IN,AGL,CE,Combined TRACON& Tower with Radar,406,72,46,1,525,0,0,3,3,6,406,72,49,4,531,0,0,0,531
03/02/2017,IND,IN,AGL,CE,Combined TRACON& Tower with Radar,403,73,44,2,522,0,0,13,1,14,403,73,57,3,536,0,0,0,536
03/03/2017,IND,IN,AGL,CE,Combined TRACON& Tower with Radar,356,73,47,0,476,0,0,12,0,12,356,73,59,0,488,0,0,0,488
03/04/2017,IND,IN,AGL,CE,Combined TRACON& Tower with Radar,222,47,29,2,300,0,0,1,0,1,222,47,30,2,301,0,0,0,301
03/05/2017,IND,IN,AGL,CE,Combined TRACON& Tower with Radar,241,59,18,0,318,0,0,4,1,5,241,59,22,1,323,0,0,0,323
03/06/2017,IND,IN,AGL,CE,Combined TRACON& Tower with Radar,265,66,37,5,373,0,0,0,0,0,265,66,37,5,373,0,0,0,373
03/07/2017,IND,IN,AGL,CE,Combined TRACON& Tower with Radar,411,49,43,4,507,0,0,2,0,2,411,49,45,4,509,0,0,0,509
03/08/2017,IND,IN,AGL,CE,Combined TRACON& Tower with Radar,407,53,51,5,516,0,0,5,0,5,407,53,56,5,521,0,0,0,521
03/09/2017,IND,IN,AGL,CE,Combined TRACON& Tower with Radar,422,46,28,2,498,0,0,8,0,8,422,46,36,2,506,0,0,0,506
03/10/2017,IND,IN,AGL,CE,Combined TRACON& Tower with Radar,386,52,18,7,463,0,0,4,0,4,386,52,22,7,467,0,0,0,467
03/11/2017,IND,IN,AGL,CE,Combined TRACON& Tower with Radar,263,37,21,1,322,0,0,5,0,5,263,37,26,1,327,0,0,0,327
03/12/2017,IND,IN,AGL,CE,Combined TRACON& Tower with Radar,264,51,16,0,331,0,0,5,0,5,264,51,21,0,336,0,0,0,336
03/13/2017,IND,IN,AGL,CE,Combined TRACON& Tower with Radar,281,49,36,2,368,0,0,4,0,4,281,49,40,2,372,0,0,0,372
03/14/2017,IND,IN,AGL,CE,Combined TRACON& Tower with Radar,376,41,30,2,449,0,0,9,4,13,376,41,39,6,462,0,0,0,462
03/15/2017,IND,IN,AGL,CE,Combined TRACON& Tower with Radar,432,52,59,0,543,0,0,3,0,3,432,52,62,0,546,0,0,0,546
03/16/2017,IND,IN,AGL,CE,Combined TRACON& Tower with Radar,441,52,70,2,565,0,2,7,3,12,441,54,77,5,577,0,0,0,577
03/17/2017,IND,IN,AGL,CE,Combined TRACON& Tower with Radar,388,53,65,3,509,0,0,1,1,2,388,53,66,4,511,0,0,0,511
03/18/2017,IND,IN,AGL,CE,Combined TRACON& Tower with Radar,272,39,6,2,319,0,0,2,0,2,272,39,8,2,321,0,0,0,321
03/19/2017,IND,IN,AGL,CE,Combined TRACON& Tower with Radar,275,46,49,1,371,0,1,6,0,7,275,47,55,1,378,0,0,0,378
03/20/2017,IND,IN,AGL,CE,Combined TRACON& Tower with Radar,298,54,31,1,384,0,0,3,0,3,298,54,34,1,387,0,0,0,387
03/21/2017,IND,IN,AGL,CE,Combined TRACON& Tower with Radar,430,50,49,1,530,0,0,3,0,3,430,50,52,1,533,0,0,0,533
03/22/2017,IND,IN,AGL,CE,Combined TRACON& Tower with Radar,434,62,44,0,540,0,2,8,0,10,434,64,52,0,550,0,0,0,550
03/23/2017,IND,IN,AGL,CE,Combined TRACON& Tower with Radar,436,51,37,0,524,0,0,2,0,2,436,51,39,0,526,0,0,0,526
03/24/2017,IND,IN,AGL,CE,Combined TRACON& Tower with Radar,385,50,26,2,463,0,0,4,0,4,385,50,30,2,467,0,0,0,467
03/25/2017,IND,IN,AGL,CE,Combined TRACON& Tower with Radar,279,32,19,2,332,0,3,5,0,8,279,35,24,2,340,0,0,0,340
03/26/2017,IND,IN,AGL,CE,Combined TRACON& Tower with Radar,261,55,13,0,329,0,0,0,0,0,261,55,13,0,329,0,0,0,329
03/27/2017,IND,IN,AGL,CE,Combined TRACON& Tower with Radar,292,52,50,2,396,0,0,5,0,5,292,52,55,2,401,0,0,0,401
03/28/2017,IND,IN,AGL,CE,Combined TRACON& Tower with Radar,432,36,36,0,504,0,1,1,1,3,432,37,37,1,507,0,0,0,507
03/29/2017,IND,IN,AGL,CE,Combined TRACON& Tower with Radar,429,54,43,3,529,0,0,12,3,15,429,54,55,6,544,0,0,0,544
03/30/2017,IND,IN,AGL,CE,Combined TRACON& Tower with Radar,426,45,35,1,507,0,0,6,1,7,426,45,41,2,514,0,0,0,514
03/31/2017,IND,IN,AGL,CE,Combined TRACON& Tower with Radar,378,52,34,0,464,0,0,0,0,0,378,52,34,0,464,0,0,0,464
04/01/2017,IND,IN,AGL,CE,Combined TRACON& Tower with Radar,266,40,14,0,320,0,1,10,0,11,266,41,24,0,331,0,0,0,331
04/02/2017,IND,IN,AGL,CE,Combined TRACON& Tower with Radar,252,40,26,2,320,0,0,17,0,17,252,40,43,2,337,0,0,0,337
04/03/2017,IND,IN,AGL,CE,Combined TRACON& Tower with Radar,298,44,27,0,369,0,0,2,0,2,298,44,29,0,371,0,0,0,371
04/04/2017,IND,IN,AGL,CE,Combined TRACON& Tower with Radar,423,58,33,2,516,0,1,4,0,5,423,59,37,2,521,0,0,0,521
04/05/2017,IND,IN,AGL,CE,Combined TRACON& Tower with Radar,412,43,19,2,476,0,0,1,0,1,412,43,20,2,477,0,0,0,477
04/06/2017,IND,IN,AGL,CE,Combined TRACON& Tower with Radar,401,57,36,0,494,0,0,0,0,0,401,57,36,0,494,0,0,0,494
04/07/2017,IND,IN,AGL,CE,Combined TRACON& Tower with Radar,377,57,28,0,462,0,0,15,0,15,377,57,43,0,477,0,0,0,477
04/08/2017,IND,IN,AGL,CE,Combined TRACON& Tower with Radar,244,54,25,0,323,0,0,4,0,4,244,54,29,0,327,0,0,0,327
04/09/2017,IND,IN,AGL,CE,Combined TRACON& Tower with Radar,264,57,17,0,338,0,1,3,0,4,264,58,20,0,342,0,0,0,342
04/10/2017,IND,IN,AGL,CE,Combined TRACON& Tower with Radar,288,45,34,0,367,0,1,4,0,5,288,46,38,0,372,0,0,0,372
04/11/2017,IND,IN,AGL,CE,Combined TRACON& Tower with Radar,434,64,53,0,551,0,1,6,0,7,434,65,59,0,558,0,0,0,558
04/12/2017,IND,IN,AGL,CE,Combined TRACON& Tower with Radar,438,55,58,4,555,0,1,21,2,24,438,56,79,6,579,0,0,0,579
04/13/2017,IND,IN,AGL,CE,Combined TRACON& Tower with Radar,421,53,37,0,511,0,1,8,2,11,421,54,45,2,522,0,0,0,522
04/14/2017,IND,IN,AGL,CE,Combined TRACON& Tower with Radar,390,40,30,4,464,0,0,6,0,6,390,40,36,4,470,0,0,0,470
04/15/2017,IND,IN,AGL,CE,Combined TRACON& Tower with Radar,249,33,8,0,290,0,0,4,0,4,249,33,12,0,294,0,0,0,294
04/16/2017,IND,IN,AGL,CE,Combined TRACON& Tower with Radar,256,41,4,0,301,0,1,2,0,3,256,42,6,0,304,0,0,0,304
04/17/2017,IND,IN,AGL,CE,Combined TRACON& Tower with Radar,296,63,50,2,411,0,0,3,0,3,296,63,53,2,414,0,0,0,414
04/18/2017,IND,IN,AGL,CE,Combined TRACON& Tower with Radar,434,54,52,3,543,0,0,5,0,5,434,54,57,3,548,0,0,0,548
04/19/2017,IND,IN,AGL,CE,Combined TRACON& Tower with Radar,431,43,75,2,551,0,2,2,2,6,431,45,77,4,557,0,0,0,557
04/20/2017,IND,IN,AGL,CE,Combined TRACON& Tower with Radar,415,64,66,0,545,0,0,2,0,2,415,64,68,0,547,0,0,0,547
04/21/2017,IND,IN,AGL,CE,Combined TRACON& Tower with Radar,395,47,19,0,461,0,1,6,0,7,395,48,25,0,468,0,0,0,468
04/22/2017,IND,IN,AGL,CE,Combined TRACON& Tower with Radar,267,47,10,0,324,0,0,3,0,3,267,47,13,0,327,0,0,0,327
04/23/2017,IND,IN,AGL,CE,Combined TRACON& Tower with Radar,272,60,18,0,350,0,0,4,1,5,272,60,22,1,355,0,0,0,355
04/24/2017,IND,IN,AGL,CE,Combined TRACON& Tower with Radar,302,57,44,0,403,0,1,5,0,6,302,58,49,0,409,0,0,0,409
04/25/2017,IND,IN,AGL,CE,Combined TRACON& Tower with Radar,408,59,66,0,533,0,1,5,0,6,408,60,71,0,539,0,0,0,539
04/26/2017,IND,IN,AGL,CE,Combined TRACON& Tower with Radar,420,65,64,0,549,0,0,6,0,6,420,65,70,0,555,0,0,0,555
04/27/2017,IND,IN,AGL,CE,Combined TRACON& Tower with Radar,406,51,64,0,521,0,0,3,0,3,406,51,67,0,524,0,0,0,524
04/28/2017,IND,IN,AGL,CE,Combined TRACON& Tower with Radar,376,54,43,1,474,0,0,0,0,0,376,54,43,1,474,0,0,0,474
04/29/2017,IND,IN,AGL,CE,Combined TRACON& Tower with Radar,234,46,15,2,297,0,0,0,0,0,234,46,15,2,297,0,0,0,297
04/30/2017,IND,IN,AGL,CE,Combined TRACON& Tower with Radar,270,52,18,1,341,0,0,0,0,0,270,52,18,1,341,0,0,0,341
05/01/2017,IND,IN,AGL,CE,Combined TRACON& Tower with Radar,313,51,34,0,398,0,0,4,0,4,313,51,38,0,402,0,0,0,402
05/02/2017,IND,IN,AGL,CE,Combined TRACON& Tower with Radar,439,55,44,3,541,0,0,4,1,5,439,55,48,4,546,0,0,0,546
05/03/2017,IND,IN,AGL,CE,Combined TRACON& Tower with Radar,434,58,29,0,521,0,0,3,0,3,434,58,32,0,524,0,0,0,524
05/04/2017,IND,IN,AGL,CE,Combined TRACON& Tower with Radar,417,60,33,1,511,0,0,0,0,0,417,60,33,1,511,0,0,0,511
05/05/2017,IND,IN,AGL,CE,Combined TRACON& Tower with Radar,371,52,35,0,458,0,0,3,0,3,371,52,38,0,461,0,0,0,461
05/06/2017,IND,IN,AGL,CE,Combined TRACON& Tower with Radar,231,43,15,0,289,0,0,7,2,9,231,43,22,2,298,0,0,0,298
05/07/2017,IND,IN,AGL,CE,Combined TRACON& Tower with Radar,260,41,26,1,328,0,0,7,3,10,260,41,33,4,338,0,0,0,338
05/08/2017,IND,IN,AGL,CE,Combined TRACON& Tower with Radar,304,42,35,2,383,0,0,10,0,10,304,42,45,2,393,0,0,0,393
05/09/2017,IND,IN,AGL,CE,Combined TRACON& Tower with Radar,425,58,42,2,527,0,0,0,0,0,425,58,42,2,527,0,0,0,527
05/10/2017,IND,IN,AGL,CE,Combined TRACON& Tower with Radar,430,52,50,2,534,0,0,6,0,6,430,52,56,2,540,0,0,0,540
05/11/2017,IND,IN,AGL,CE,Combined TRACON& Tower with Radar,428,67,54,3,552,0,0,0,0,0,428,67,54,3,552,0,0,0,552
05/12/2017,IND,IN,AGL,CE,Combined TRACON& Tower with Radar,397,57,49,11,514,0,1,10,2,13,397,58,59,13,527,0,0,0,527
05/13/2017,IND,IN,AGL,CE,Combined TRACON& Tower with Radar,223,51,17,8,299,0,0,6,5,11,223,51,23,13,310,0,0,0,310
05/14/2017,IND,IN,AGL,CE,Combined TRACON& Tower with Radar,255,31,27,3,316,0,0,6,0,6,255,31,33,3,322,0,0,0,322
05/15/2017,IND,IN,AGL,CE,Combined TRACON& Tower with Radar,309,53,38,2,402,0,0,12,0,12,309,53,50,2,414,0,0,0,414
05/16/2017,IND,IN,AGL,CE,Combined TRACON& Tower with Radar,425,45,47,5,522,0,0,9,1,10,425,45,56,6,532,0,0,0,532
05/17/2017,IND,IN,AGL,CE,Combined TRACON& Tower with Radar,419,60,48,0,527,0,0,2,1,3,419,60,50,1,530,0,0,0,530
05/18/2017,IND,IN,AGL,CE,Combined TRACON& Tower with Radar,448,66,75,3,592,0,0,5,2,7,448,66,80,5,599,0,0,0,599
05/19/2017,IND,IN,AGL,CE,Combined TRACON& Tower with Radar,391,68,49,2,510,0,1,2,0,3,391,69,51,2,513,0,0,0,513
05/20/2017,IND,IN,AGL,CE,Combined TRACON& Tower with Radar,236,61,28,0,325,0,0,0,0,0,236,61,28,0,325,0,0,0,325
05/21/2017,IND,IN,AGL,CE,Combined TRACON& Tower with Radar,259,49,30,0,338,0,0,2,1,3,259,49,32,1,341,0,0,0,341
05/22/2017,IND,IN,AGL,CE,Combined TRACON& Tower with Radar,305,46,39,2,392,0,0,6,0,6,305,46,45,2,398,0,0,0,398
05/23/2017,IND,IN,AGL,CE,Combined TRACON& Tower with Radar,424,55,48,4,531,0,0,1,3,4,424,55,49,7,535,0,0,0,535
05/24/2017,IND,IN,AGL,CE,Combined TRACON& Tower with Radar,429,58,51,0,538,0,0,0,0,0,429,58,51,0,538,0,0,0,538
05/25/2017,IND,IN,AGL,CE,Combined TRACON& Tower with Radar,407,67,83,8,565,0,0,2,3,5,407,67,85,11,570,0,0,0,570
05/26/2017,IND,IN,AGL,CE,Combined TRACON& Tower with Radar,406,72,64,0,542,0,4,10,1,15,406,76,74,1,557,0,0,0,557
05/27/2017,IND,IN,AGL,CE,Combined TRACON& Tower with Radar,254,52,32,0,338,0,0,12,8,20,254,52,44,8,358,0,0,0,358
05/28/2017,IND,IN,AGL,CE,Combined TRACON& Tower with Radar,227,79,86,2,394,0,3,69,4,76,227,82,155,6,470,0,0,0,470
05/29/2017,IND,IN,AGL,CE,Combined TRACON& Tower with Radar,291,39,48,0,378,0,1,5,1,7,291,40,53,1,385,0,0,0,385
05/30/2017,IND,IN,AGL,CE,Combined TRACON& Tower with Radar,293,38,45,1,377,0,4,0,0,4,293,42,45,1,381,0,0,0,381
05/31/2017,IND,IN,AGL,CE,Combined TRACON& Tower with Radar,447,51,45,1,544,0,0,12,1,13,447,51,57,2,557,0,0,0,557
06/01/2017,IND,IN,AGL,CE,Combined TRACON& Tower with Radar,431,48,39,2,520,0,1,14,2,17,431,49,53,4,537,0,0,0,537
06/02/2017,IND,IN,AGL,CE,Combined TRACON& Tower with Radar,390,48,37,1,476,0,1,6,0,7,390,49,43,1,483,0,0,0,483
06/03/2017,IND,IN,AGL,CE,Combined TRACON& Tower with Radar,230,53,15,0,298,0,1,11,0,12,230,54,26,0,310,0,0,0,310
06/04/2017,IND,IN,AGL,CE,Combined TRACON& Tower with Radar,259,39,25,2,325,0,1,1,0,2,259,40,26,2,327,0,0,0,327
06/05/2017,IND,IN,AGL,CE,Combined TRACON& Tower with Radar,310,46,28,2,386,0,0,8,0,8,310,46,36,2,394,0,0,0,394
06/06/2017,IND,IN,AGL,CE,Combined TRACON& Tower with Radar,432,42,28,1,503,0,0,0,0,0,432,42,28,1,503,0,0,0,503
06/07/2017,IND,IN,AGL,CE,Combined TRACON& Tower with Radar,445,41,38,6,530,0,1,9,1,11,445,42,47,7,541,0,0,0,541
06/08/2017,IND,IN,AGL,CE,Combined TRACON& Tower with Radar,420,52,30,0,502,0,2,4,1,7,420,54,34,1,509,0,0,0,509
06/09/2017,IND,IN,AGL,CE,Combined TRACON& Tower with Radar,376,65,18,1,460,0,1,4,3,8,376,66,22,4,468,0,0,0,468
06/10/2017,IND,IN,AGL,CE,Combined TRACON& Tower with Radar,241,45,7,0,293,0,0,8,0,8,241,45,15,0,301,0,0,0,301
06/11/2017,IND,IN,AGL,CE,Combined TRACON& Tower with Radar,260,51,18,2,331,0,0,5,0,5,260,51,23,2,336,0,0,0,336
06/12/2017,IND,IN,AGL,CE,Combined TRACON& Tower with Radar,308,56,36,2,402,0,2,12,0,14,308,58,48,2,416,0,0,0,416
06/13/2017,IND,IN,AGL,CE,Combined TRACON& Tower with Radar,418,60,49,0,527,0,0,5,0,5,418,60,54,0,532,0,0,0,532
06/14/2017,IND,IN,AGL,CE,Combined TRACON& Tower with Radar,429,71,47,2,549,0,0,3,0,3,429,71,50,2,552,0,0,0,552
06/15/2017,IND,IN,AGL,CE,Combined TRACON& Tower with Radar,427,69,49,3,548,1,0,5,1,7,428,69,54,4,555,0,0,0,555
06/16/2017,IND,IN,AGL,CE,Combined TRACON& Tower with Radar,387,55,28,0,470,0,0,5,2,7,387,55,33,2,477,0,0,0,477
06/17/2017,IND,IN,AGL,CE,Combined TRACON& Tower with Radar,256,45,22,2,325,0,2,5,0,7,256,47,27,2,332,0,0,0,332
06/18/2017,IND,IN,AGL,CE,Combined TRACON& Tower with Radar,265,53,27,8,353,0,0,2,6,8,265,53,29,14,361,0,0,0,361
06/19/2017,IND,IN,AGL,CE,Combined TRACON& Tower with Radar,279,48,24,4,355,0,1,8,0,9,279,49,32,4,364,0,0,0,364
06/20/2017,IND,IN,AGL,CE,Combined TRACON& Tower with Radar,436,59,46,4,545,0,0,3,0,3,436,59,49,4,548,0,0,0,548
06/21/2017,IND,IN,AGL,CE,Combined TRACON& Tower with Radar,445,74,48,3,570,0,0,1,0,1,445,74,49,3,571,0,0,0,571
06/22/2017,IND,IN,AGL,CE,Combined TRACON& Tower with Radar,425,60,43,2,530,0,0,7,0,7,425,60,50,2,537,0,0,0,537
06/23/2017,IND,IN,AGL,CE,Combined TRACON& Tower with Radar,380,55,50,0,485,0,1,0,0,1,380,56,50,0,486,0,0,0,486
06/24/2017,IND,IN,AGL,CE,Combined TRACON& Tower with Radar,253,45,10,0,308,0,0,6,1,7,253,45,16,1,315,0,0,0,315
06/25/2017,IND,IN,AGL,CE,Combined TRACON& Tower with Radar,264,56,25,0,345,0,0,1,0,1,264,56,26,0,346,0,0,0,346
06/26/2017,IND,IN,AGL,CE,Combined TRACON& Tower with Radar,305,58,51,0,414,0,1,1,1,3,305,59,52,1,417,0,0,0,417
06/27/2017,IND,IN,AGL,CE,Combined TRACON& Tower with Radar,426,58,50,2,536,0,1,11,4,16,426,59,61,6,552,0,0,0,552
06/28/2017,IND,IN,AGL,CE,Combined TRACON& Tower with Radar,434,69,41,2,546,0,0,6,3,9,434,69,47,5,555,0,0,0,555
06/29/2017,IND,IN,AGL,CE,Combined TRACON& Tower with Radar,428,57,58,2,545,0,0,5,0,5,428,57,63,2,550,0,0,0,550
06/30/2017,IND,IN,AGL,CE,Combined TRACON& Tower with Radar,389,67,20,0,476,0,0,0,0,0,389,67,20,0,476,0,0,0,476
07/01/2017,IND,IN,AGL,CE,Combined TRACON& Tower with Radar,259,54,15,0,328,0,1,0,0,1,259,55,15,0,329,0,0,0,329
07/02/2017,IND,IN,AGL,CE,Combined TRACON& Tower with Radar,250,36,14,0,300,0,2,2,0,4,250,38,16,0,304,0,0,0,304
07/03/2017,IND,IN,AGL,CE,Combined TRACON& Tower with Radar,257,33,7,0,297,0,1,5,0,6,257,34,12,0,303,0,0,0,303
07/04/2017,IND,IN,AGL,CE,Combined TRACON& Tower with Radar,252,38,5,0,295,0,0,1,0,1,252,38,6,0,296,0,0,0,296
07/05/2017,IND,IN,AGL,CE,Combined TRACON& Tower with Radar,372,56,35,0,463,0,1,4,0,5,372,57,39,0,468,0,0,0,468
07/06/2017,IND,IN,AGL,CE,Combined TRACON& Tower with Radar,410,58,42,2,512,0,1,10,0,11,410,59,52,2,523,0,0,0,523
07/07/2017,IND,IN,AGL,CE,Combined TRACON& Tower with Radar,364,60,32,4,460,0,0,5,0,5,364,60,37,4,465,0,0,0,465
07/08/2017,IND,IN,AGL,CE,Combined TRACON& Tower with Radar,266,49,11,0,326,0,0,8,0,8,266,49,19,0,334,0,0,0,334
07/09/2017,IND,IN,AGL,CE,Combined TRACON& Tower with Radar,262,54,20,0,336,0,0,7,0,7,262,54,27,0,343,0,0,0,343
07/10/2017,IND,IN,AGL,CE,Combined TRACON& Tower with Radar,291,52,35,3,381,0,0,0,0,0,291,52,35,3,381,0,0,0,381
07/11/2017,IND,IN,AGL,CE,Combined TRACON& Tower with Radar,436,50,30,2,518,0,1,0,0,1,436,51,30,2,519,0,0,0,519
07/12/2017,IND,IN,AGL,CE,Combined TRACON& Tower with Radar,451,55,47,3,556,0,0,9,0,9,451,55,56,3,565,0,0,0,565
07/13/2017,IND,IN,AGL,CE,Combined TRACON& Tower with Radar,430,63,41,3,537,0,1,7,1,9,430,64,48,4,546,0,0,0,546
07/14/2017,IND,IN,AGL,CE,Combined TRACON& Tower with Radar,377,70,40,2,489,0,0,1,2,3,377,70,41,4,492,0,0,0,492
07/15/2017,IND,IN,AGL,CE,Combined TRACON& Tower with Radar,249,41,17,4,311,0,0,0,0,0,249,41,17,4,311,0,0,0,311
07/16/2017,IND,IN,AGL,CE,Combined TRACON& Tower with Radar,269,47,23,0,339,0,0,2,0,2,269,47,25,0,341,0,0,0,341
07/17/2017,IND,IN,AGL,CE,Combined TRACON& Tower with Radar,293,48,36,2,379,0,1,11,0,12,293,49,47,2,391,0,0,0,391
07/18/2017,IND,IN,AGL,CE,Combined TRACON& Tower with Radar,428,53,56,5,542,0,0,11,1,12,428,53,67,6,554,0,0,0,554
07/19/2017,IND,IN,AGL,CE,Combined TRACON& Tower with Radar,437,59,52,4,552,0,0,15,3,18,437,59,67,7,570,0,0,0,570
07/20/2017,IND,IN,AGL,CE,Combined TRACON& Tower with Radar,424,77,59,0,560,0,0,8,0,8,424,77,67,0,568,0,0,0,568
07/21/2017,IND,IN,AGL,CE,Combined TRACON& Tower with Radar,399,52,64,2,517,0,1,5,0,6,399,53,69,2,523,0,0,0,523
07/22/2017,IND,IN,AGL,CE,Combined TRACON& Tower with Radar,248,62,38,0,348,0,0,13,1,14,248,62,51,1,362,0,0,0,362
07/23/2017,IND,IN,AGL,CE,Combined TRACON& Tower with Radar,262,63,83,1,409,0,0,13,1,14,262,63,96,2,423,0,0,0,423
07/24/2017,IND,IN,AGL,CE,Combined TRACON& Tower with Radar,302,57,53,2,414,0,0,3,1,4,302,57,56,3,418,0,0,0,418
07/25/2017,IND,IN,AGL,CE,Combined TRACON& Tower with Radar,437,59,43,0,539,0,0,8,0,8,437,59,51,0,547,0,0,0,547
07/26/2017,IND,IN,AGL,CE,Combined TRACON& Tower with Radar,438,68,47,2,555,0,0,6,2,8,438,68,53,4,563,0,0,0,563
07/27/2017,IND,IN,AGL,CE,Combined TRACON& Tower with Radar,424,59,28,0,511,0,0,2,1,3,424,59,30,1,514,0,0,0,514
07/28/2017,IND,IN,AGL,CE,Combined TRACON& Tower with Radar,386,58,18,3,465,0,1,2,0,3,386,59,20,3,468,0,0,0,468
07/29/2017,IND,IN,AGL,CE,Combined TRACON& Tower with Radar,251,36,13,7,307,0,3,9,0,12,251,39,22,7,319,0,0,0,319
07/30/2017,IND,IN,AGL,CE,Combined TRACON& Tower with Radar,271,48,18,4,341,0,1,4,1,6,271,49,22,5,347,0,0,0,347
07/31/2017,IND,IN,AGL,CE,Combined TRACON& Tower with Radar,301,61,27,6,395,0,1,8,0,9,301,62,35,6,404,0,0,0,404
08/01/2017,IND,IN,AGL,CE,Combined TRACON& Tower with Radar,431,61,42,1,535,0,0,4,0,4,431,61,46,1,539,0,0,0,539
08/02/2017,IND,IN,AGL,CE,Combined TRACON& Tower with Radar,417,62,38,2,519,0,1,3,1,5,417,63,41,3,524,0,0,0,524
08/03/2017,IND,IN,AGL,CE,Combined TRACON& Tower with Radar,435,61,43,3,542,0,2,4,1,7,435,63,47,4,549,0,0,0,549
08/04/2017,IND,IN,AGL,CE,Combined TRACON& Tower with Radar,377,53,36,4,470,0,1,6,0,7,377,54,42,4,477,0,0,0,477
08/05/2017,IND,IN,AGL,CE,Combined TRACON& Tower with Radar,249,39,20,2,310,0,0,3,0,3,249,39,23,2,313,0,0,0,313
08/06/2017,IND,IN,AGL,CE,Combined TRACON& Tower with Radar,262,58,15,2,337,0,0,3,0,3,262,58,18,2,340,0,0,0,340
08/07/2017,IND,IN,AGL,CE,Combined TRACON& Tower with Radar,298,60,34,4,396,0,0,5,0,5,298,60,39,4,401,0,0,0,401
08/08/2017,IND,IN,AGL,CE,Combined TRACON& Tower with Radar,432,57,48,2,539,0,0,10,0,10,432,57,58,2,549,0,0,0,549
08/09/2017,IND,IN,AGL,CE,Combined TRACON& Tower with Radar,422,67,52,2,543,0,0,3,2,5,422,67,55,4,548,0,0,0,548
08/10/2017,IND,IN,AGL,CE,Combined TRACON& Tower with Radar,433,51,60,4,548,0,0,7,0,7,433,51,67,4,555,0,0,0,555
08/11/2017,IND,IN,AGL,CE,Combined TRACON& Tower with Radar,379,61,45,2,487,0,0,0,6,6,379,61,45,8,493,0,0,0,493
08/12/2017,IND,IN,AGL,CE,Combined TRACON& Tower with Radar,254,36,14,3,307,0,0,2,0,2,254,36,16,3,309,0,0,0,309
08/13/2017,IND,IN,AGL,CE,Combined TRACON& Tower with Radar,262,57,17,0,336,0,0,7,0,7,262,57,24,0,343,0,0,0,343
08/14/2017,IND,IN,AGL,CE,Combined TRACON& Tower with Radar,303,75,22,2,402,0,2,5,1,8,303,77,27,3,410,0,0,0,410
08/15/2017,IND,IN,AGL,CE,Combined TRACON& Tower with Radar,422,61,39,3,525,0,0,7,1,8,422,61,46,4,533,0,0,0,533
08/16/2017,IND,IN,AGL,CE,Combined TRACON& Tower with Radar,415,75,47,0,537,0,1,2,1,4,415,76,49,1,541,0,0,0,541
08/17/2017,IND,IN,AGL,CE,Combined TRACON& Tower with Radar,418,68,50,3,539,0,1,2,2,5,418,69,52,5,544,0,0,0,544
08/18/2017,IND,IN,AGL,CE,Combined TRACON& Tower with Radar,353,66,39,4,462,0,2,10,0,12,353,68,49,4,474,0,0,0,474
08/19/2017,IND,IN,AGL,CE,Combined TRACON& Tower with Radar,216,43,13,1,273,0,1,1,0,2,216,44,14,1,275,0,0,0,275
08/20/2017,IND,IN,AGL,CE,Combined TRACON& Tower with Radar,250,56,26,0,332,0,0,6,0,6,250,56,32,0,338,0,0,0,338
08/21/2017,IND,IN,AGL,CE,Combined TRACON& Tower with Radar,279,68,37,3,387,0,0,6,1,7,279,68,43,4,394,0,0,0,394
08/22/2017,IND,IN,AGL,CE,Combined TRACON& Tower with Radar,413,59,41,2,515,0,0,0,0,0,413,59,41,2,515,0,0,0,515
08/23/2017,IND,IN,AGL,CE,Combined TRACON& Tower with Radar,408,68,59,2,537,0,1,16,0,17,408,69,75,2,554,0,0,0,554
08/24/2017,IND,IN,AGL,CE,Combined TRACON& Tower with Radar,398,75,54,3,530,0,0,7,0,7,398,75,61,3,537,0,0,0,537
08/25/2017,IND,IN,AGL,CE,Combined TRACON& Tower with Radar,370,63,27,1,461,0,0,8,0,8,370,63,35,1,469,0,0,0,469
08/26/2017,IND,IN,AGL,CE,Combined TRACON& Tower with Radar,202,40,5,11,258,0,0,5,1,6,202,40,10,12,264,0,0,0,264
08/27/2017,IND,IN,AGL,CE,Combined TRACON& Tower with Radar,231,60,20,0,311,0,0,8,0,8,231,60,28,0,319,0,0,0,319
08/28/2017,IND,IN,AGL,CE,Combined TRACON& Tower with Radar,269,64,49,0,382,0,0,0,0,0,269,64,49,0,382,0,0,0,382
08/29/2017,IND,IN,AGL,CE,Combined TRACON& Tower with Radar,417,69,54,0,540,0,0,5,0,5,417,69,59,0,545,0,0,0,545
08/30/2017,IND,IN,AGL,CE,Combined TRACON& Tower with Radar,396,90,69,0,555,0,0,7,0,7,396,90,76,0,562,0,0,0,562
08/31/2017,IND,IN,AGL,CE,Combined TRACON& Tower with Radar,382,76,37,4,499,0,0,8,0,8,382,76,45,4,507,0,0,0,507
09/01/2017,IND,IN,AGL,CE,Combined TRACON& Tower with Radar,364,71,23,0,458,0,0,2,0,2,364,71,25,0,460,0,0,0,460
09/02/2017,IND,IN,AGL,CE,Combined TRACON& Tower with Radar,191,38,24,0,253,0,2,9,0,11,191,40,33,0,264,0,0,0,264
09/03/2017,IND,IN,AGL,CE,Combined TRACON& Tower with Radar,174,27,13,0,214,0,3,4,0,7,174,30,17,0,221,0,0,0,221
09/04/2017,IND,IN,AGL,CE,Combined TRACON& Tower with Radar,232,58,22,2,314,0,3,2,0,5,232,61,24,2,319,0,0,0,319
09/05/2017,IND,IN,AGL,CE,Combined TRACON& Tower with Radar,249,76,51,0,376,0,0,4,0,4,249,76,55,0,380,0,0,0,380
09/06/2017,IND,IN,AGL,CE,Combined TRACON& Tower with Radar,393,74,32,2,501,0,0,2,0,2,393,74,34,2,503,0,0,0,503
09/07/2017,IND,IN,AGL,CE,Combined TRACON& Tower with Radar,401,64,49,3,517,0,1,6,0,7,401,65,55,3,524,0,0,0,524
09/08/2017,IND,IN,AGL,CE,Combined TRACON& Tower with Radar,364,54,39,2,459,0,1,6,0,7,364,55,45,2,466,0,0,0,466
09/09/2017,IND,IN,AGL,CE,Combined TRACON& Tower with Radar,202,30,11,0,243,0,1,14,2,17,202,31,25,2,260,0,0,0,260
09/10/2017,IND,IN,AGL,CE,Combined TRACON& Tower with Radar,221,54,20,2,297,0,1,7,3,11,221,55,27,5,308,0,0,0,308
09/11/2017,IND,IN,AGL,CE,Combined TRACON& Tower with Radar,248,50,31,2,331,0,0,15,0,15,248,50,46,2,346,0,0,0,346
09/12/2017,IND,IN,AGL,CE,Combined TRACON& Tower with Radar,393,64,45,2,504,0,1,1,0,2,393,65,46,2,506,0,0,0,506
09/13/2017,IND,IN,AGL,CE,Combined TRACON& Tower with Radar,402,71,55,4,532,0,2,0,0,2,402,73,55,4,534,0,0,0,534
09/14/2017,IND,IN,AGL,CE,Combined TRACON& Tower with Radar,412,73,40,2,527,0,0,11,0,11,412,73,51,2,538,0,0,0,538
09/15/2017,IND,IN,AGL,CE,Combined TRACON& Tower with Radar,374,67,32,0,473,0,1,8,1,10,374,68,40,1,483,0,0,0,483
09/16/2017,IND,IN,AGL,CE,Combined TRACON& Tower with Radar,205,33,14,0,252,0,0,5,0,5,205,33,19,0,257,0,0,0,257
09/17/2017,IND,IN,AGL,CE,Combined TRACON& Tower with Radar,242,42,26,2,312,0,0,2,0,2,242,42,28,2,314,0,0,0,314
09/18/2017,IND,IN,AGL,CE,Combined TRACON& Tower with Radar,286,46,37,2,371,0,0,6,0,6,286,46,43,2,377,0,0,0,377
09/19/2017,IND,IN,AGL,CE,Combined TRACON& Tower with Radar,410,54,39,0,503,0,0,1,0,1,410,54,40,0,504,0,0,0,504
09/20/2017,IND,IN,AGL,CE,Combined TRACON& Tower with Radar,416,55,76,5,552,0,0,6,0,6,416,55,82,5,558,0,0,0,558
09/21/2017,IND,IN,AGL,CE,Combined TRACON& Tower with Radar,407,69,41,7,524,0,1,4,0,5,407,70,45,7,529,0,0,0,529
09/22/2017,IND,IN,AGL,CE,Combined TRACON& Tower with Radar,372,52,37,8,469,0,1,4,4,9,372,53,41,12,478,0,0,0,478
09/23/2017,IND,IN,AGL,CE,Combined TRACON& Tower with Radar,214,33,11,3,261,0,0,5,0,5,214,33,16,3,266,0,0,0,266
09/24/2017,IND,IN,AGL,CE,Combined TRACON& Tower with Radar,238,54,25,5,322,0,0,5,1,6,238,54,30,6,328,0,0,0,328
09/25/2017,IND,IN,AGL,CE,Combined TRACON& Tower with Radar,282,61,58,5,406,0,0,16,0,16,282,61,74,5,422,0,0,0,422
09/26/2017,IND,IN,AGL,CE,Combined TRACON& Tower with Radar,416,64,48,6,534,0,1,6,1,8,416,65,54,7,542,0,0,0,542
09/27/2017,IND,IN,AGL,CE,Combined TRACON& Tower with Radar,412,57,60,6,535,0,1,9,1,11,412,58,69,7,546,0,0,0,546
09/28/2017,IND,IN,AGL,CE,Combined TRACON& Tower with Radar,408,66,34,4,512,0,1,7,2,10,408,67,41,6,522,0,0,0,522
09/29/2017,IND,IN,AGL,CE,Combined TRACON& Tower with Radar,378,70,37,2,487,0,0,7,0,7,378,70,44,2,494,0,0,0,494
09/30/2017,IND,IN,AGL,CE,Combined TRACON& Tower with Radar,214,34,12,0,260,0,5,2,0,7,214,39,14,0,267,0,0,0,267
10/01/2017,IND,IN,AGL,CE,Combined TRACON& Tower with Radar,239,45,17,0,301,0,0,8,0,8,239,45,25,0,309,0,0,0,309
10/02/2017,IND,IN,AGL,CE,Combined TRACON& Tower with Radar,293,49,41,1,384,0,0,13,1,14,293,49,54,2,398,0,0,0,398
10/03/2017,IND,IN,AGL,CE,Combined TRACON& Tower with Radar,415,61,38,2,516,0,0,6,1,7,415,61,44,3,523,0,0,0,523
10/04/2017,IND,IN,AGL,CE,Combined TRACON& Tower with Radar,416,50,48,8,522,0,1,1,0,2,416,51,49,8,524,0,0,0,524
10/05/2017,IND,IN,AGL,CE,Combined TRACON& Tower with Radar,416,59,43,2,520,0,0,1,1,2,416,59,44,3,522,0,0,0,522
10/06/2017,IND,IN,AGL,CE,Combined TRACON& Tower with Radar,383,69,31,1,484,0,0,25,0,25,383,69,56,1,509,0,0,0,509
10/07/2017,IND,IN,AGL,CE,Combined TRACON& Tower with Radar,231,44,12,1,288,0,0,3,0,3,231,44,15,1,291,0,0,0,291
10/08/2017,IND,IN,AGL,CE,Combined TRACON& Tower with Radar,247,46,29,2,324,0,0,2,0,2,247,46,31,2,326,0,0,0,326
10/09/2017,IND,IN,AGL,CE,Combined TRACON& Tower with Radar,287,49,37,0,373,0,0,0,0,0,287,49,37,0,373,0,0,0,373
10/10/2017,IND,IN,AGL,CE,Combined TRACON& Tower with Radar,418,60,45,2,525,0,4,2,0,6,418,64,47,2,531,0,0,0,531
10/11/2017,IND,IN,AGL,CE,Combined TRACON& Tower with Radar,430,66,45,4,545,0,0,0,0,0,430,66,45,4,545,0,0,0,545
10/12/2017,IND,IN,AGL,CE,Combined TRACON& Tower with Radar,431,67,72,2,572,0,0,1,0,1,431,67,73,2,573,0,0,0,573
10/13/2017,IND,IN,AGL,CE,Combined TRACON& Tower with Radar,372,70,49,10,501,0,0,3,2,5,372,70,52,12,506,0,0,0,506
10/14/2017,IND,IN,AGL,CE,Combined TRACON& Tower with Radar,264,37,20,0,321,0,0,6,0,6,264,37,26,0,327,0,0,0,327
10/15/2017,IND,IN,AGL,CE,Combined TRACON& Tower with Radar,258,56,30,5,349,0,0,0,0,0,258,56,30,5,349,0,0,0,349
10/16/2017,IND,IN,AGL,CE,Combined TRACON& Tower with Radar,299,59,46,4,408,0,0,13,0,13,299,59,59,4,421,0,0,0,421
10/17/2017,IND,IN,AGL,CE,Combined TRACON& Tower with Radar,426,60,49,2,537,0,0,4,1,5,426,60,53,3,542,0,0,0,542
10/18/2017,IND,IN,AGL,CE,Combined TRACON& Tower with Radar,426,53,51,2,532,0,0,14,0,14,426,53,65,2,546,0,0,0,546
10/19/2017,IND,IN,AGL,CE,Combined TRACON& Tower with Radar,437,52,38,2,529,0,1,6,2,9,437,53,44,4,538,0,0,0,538
10/20/2017,IND,IN,AGL,CE,Combined TRACON& Tower with Radar,382,50,24,0,456,0,1,8,2,11,382,51,32,2,467,0,0,0,467
10/21/2017,IND,IN,AGL,CE,Combined TRACON& Tower with Radar,239,29,12,0,280,0,1,6,2,9,239,30,18,2,289,0,0,0,289
10/22/2017,IND,IN,AGL,CE,Combined TRACON& Tower with Radar,250,54,23,0,327,0,0,3,0,3,250,54,26,0,330,0,0,0,330
10/23/2017,IND,IN,AGL,CE,Combined TRACON& Tower with Radar,292,51,39,4,386,0,0,0,0,0,292,51,39,4,386,0,0,0,386
10/24/2017,IND,IN,AGL,CE,Combined TRACON& Tower with Radar,418,46,51,2,517,0,0,2,0,2,418,46,53,2,519,0,0,0,519
10/25/2017,IND,IN,AGL,CE,Combined TRACON& Tower with Radar,429,59,46,3,537,0,0,6,0,6,429,59,52,3,543,0,0,0,543
10/26/2017,IND,IN,AGL,CE,Combined TRACON& Tower with Radar,424,62,50,2,538,0,0,13,1,14,424,62,63,3,552,0,0,0,552
10/27/2017,IND,IN,AGL,CE,Combined TRACON& Tower with Radar,385,51,36,3,475,0,0,1,0,1,385,51,37,3,476,0,0,0,476
10/28/2017,IND,IN,AGL,CE,Combined TRACON& Tower with Radar,227,35,12,1,275,0,0,4,0,4,227,35,16,1,279,0,0,0,279
10/29/2017,IND,IN,AGL,CE,Combined TRACON& Tower with Radar,238,43,11,0,292,0,2,4,0,6,238,45,15,0,298,0,0,0,298
10/30/2017,IND,IN,AGL,CE,Combined TRACON& Tower with Radar,278,66,32,0,376,0,0,4,0,4,278,66,36,0,380,0,0,0,380
10/31/2017,IND,IN,AGL,CE,Combined TRACON& Tower with Radar,398,55,36,4,493,0,0,13,0,13,398,55,49,4,506,0,0,0,506
11/01/2017,IND,IN,AGL,CE,Combined TRACON& Tower with Radar,410,60,21,5,496,0,0,1,0,1,410,60,22,5,497,0,0,0,497
11/02/2017,IND,IN,AGL,CE,Combined TRACON& Tower with Radar,430,58,55,0,543,0,0,1,4,5,430,58,56,4,548,0,0,0,548
11/03/2017,IND,IN,AGL,CE,Combined TRACON& Tower with Radar,377,63,29,8,477,0,1,6,0,7,377,64,35,8,484,0,0,0,484
11/04/2017,IND,IN,AGL,CE,Combined TRACON& Tower with Radar,210,39,16,0,265,0,0,0,0,0,210,39,16,0,265,0,0,0,265
11/05/2017,IND,IN,AGL,CE,Combined TRACON& Tower with Radar,233,45,7,0,285,0,0,0,0,0,233,45,7,0,285,0,0,0,285
11/06/2017,IND,IN,AGL,CE,Combined TRACON& Tower with Radar,286,61,48,8,403,0,1,9,0,10,286,62,57,8,413,0,0,0,413
11/07/2017,IND,IN,AGL,CE,Combined TRACON& Tower with Radar,413,45,51,6,515,0,0,5,0,5,413,45,56,6,520,0,0,0,520
11/08/2017,IND,IN,AGL,CE,Combined TRACON& Tower with Radar,428,63,40,3,534,0,1,38,0,39,428,64,78,3,573,0,0,0,573
11/09/2017,IND,IN,AGL,CE,Combined TRACON& Tower with Radar,411,67,43,0,521,0,1,8,3,12,411,68,51,3,533,0,0,0,533
11/10/2017,IND,IN,AGL,CE,Combined TRACON& Tower with Radar,388,54,29,1,472,0,1,12,0,13,388,55,41,1,485,0,0,0,485
11/11/2017,IND,IN,AGL,CE,Combined TRACON& Tower with Radar,236,36,15,0,287,0,1,6,0,7,236,37,21,0,294,0,0,0,294
11/12/2017,IND,IN,AGL,CE,Combined TRACON& Tower with Radar,258,43,31,0,332,0,0,0,0,0,258,43,31,0,332,0,0,0,332
11/13/2017,IND,IN,AGL,CE,Combined TRACON& Tower with Radar,293,47,42,2,384,0,0,1,0,1,293,47,43,2,385,0,0,0,385
11/14/2017,IND,IN,AGL,CE,Combined TRACON& Tower with Radar,420,58,48,9,535,0,0,14,2,16,420,58,62,11,551,0,0,0,551
11/15/2017,IND,IN,AGL,CE,Combined TRACON& Tower with Radar,418,57,38,2,515,0,0,0,0,0,418,57,38,2,515,0,0,0,515
11/16/2017,IND,IN,AGL,CE,Combined TRACON& Tower with Radar,434,54,61,2,551,0,2,6,0,8,434,56,67,2,559,0,0,0,559
11/17/2017,IND,IN,AGL,CE,Combined TRACON& Tower with Radar,410,63,34,3,510,0,0,3,0,3,410,63,37,3,513,0,0,0,513
11/18/2017,IND,IN,AGL,CE,Combined TRACON& Tower with Radar,247,41,8,0,296,0,0,0,0,0,247,41,8,0,296,0,0,0,296
11/19/2017,IND,IN,AGL,CE,Combined TRACON& Tower with Radar,250,34,13,7,304,0,0,1,0,1,250,34,14,7,305,0,0,0,305
11/20/2017,IND,IN,AGL,CE,Combined TRACON& Tower with Radar,269,62,23,0,354,0,0,6,0,6,269,62,29,0,360,0,0,0,360
11/21/2017,IND,IN,AGL,CE,Combined TRACON& Tower with Radar,436,56,38,0,530,0,0,5,0,5,436,56,43,0,535,0,0,0,535
11/22/2017,IND,IN,AGL,CE,Combined TRACON& Tower with Radar,437,49,27,0,513,0,0,12,0,12,437,49,39,0,525,0,0,0,525
11/23/2017,IND,IN,AGL,CE,Combined TRACON& Tower with Radar,194,23,5,0,222,0,0,12,0,12,194,23,17,0,234,0,0,0,234
11/24/2017,IND,IN,AGL,CE,Combined TRACON& Tower with Radar,242,17,14,1,274,0,0,8,0,8,242,17,22,1,282,0,0,0,282
11/25/2017,IND,IN,AGL,CE,Combined TRACON& Tower with Radar,292,56,10,1,359,0,0,13,0,13,292,56,23,1,372,0,0,0,372
11/26/2017,IND,IN,AGL,CE,Combined TRACON& Tower with Radar,282,56,30,0,368,0,0,10,0,10,282,56,40,0,378,0,0,0,378
11/27/2017,IND,IN,AGL,CE,Combined TRACON& Tower with Radar,310,63,30,6,409,0,0,10,1,11,310,63,40,7,420,0,0,0,420
11/28/2017,IND,IN,AGL,CE,Combined TRACON& Tower with Radar,448,56,33,2,539,0,0,10,0,10,448,56,43,2,549,0,0,0,549
11/29/2017,IND,IN,AGL,CE,Combined TRACON& Tower with Radar,441,71,53,2,567,0,1,3,0,4,441,72,56,2,571,0,0,0,571
11/30/2017,IND,IN,AGL,CE,Combined TRACON& Tower with Radar,440,78,43,3,564,0,0,7,0,7,440,78,50,3,571,0,0,0,571
12/01/2017,IND,IN,AGL,CE,Combined TRACON& Tower with Radar,418,76,28,3,525,0,1,12,0,13,418,77,40,3,538,0,0,0,538
12/02/2017,IND,IN,AGL,CE,Combined TRACON& Tower with Radar,204,70,47,0,321,0,0,6,0,6,204,70,53,0,327,0,0,0,327
12/03/2017,IND,IN,AGL,CE,Combined TRACON& Tower with Radar,226,71,46,3,346,0,1,7,0,8,226,72,53,3,354,0,0,0,354
12/04/2017,IND,IN,AGL,CE,Combined TRACON& Tower with Radar,270,79,21,2,372,0,0,1,0,1,270,79,22,2,373,0,0,0,373
12/05/2017,IND,IN,AGL,CE,Combined TRACON& Tower with Radar,437,69,38,2,546,0,0,1,0,1,437,69,39,2,547,0,0,0,547
12/06/2017,IND,IN,AGL,CE,Combined TRACON& Tower with Radar,434,75,60,2,571,0,0,0,1,1,434,75,60,3,572,0,0,0,572
12/07/2017,IND,IN,AGL,CE,Combined TRACON& Tower with Radar,444,78,56,5,583,0,0,6,0,6,444,78,62,5,589,0,0,0,589
12/08/2017,IND,IN,AGL,CE,Combined TRACON& Tower with Radar,392,87,52,4,535,0,0,7,0,7,392,87,59,4,542,0,0,0,542
12/09/2017,IND,IN,AGL,CE,Combined TRACON& Tower with Radar,195,53,20,3,271,0,0,0,0,0,195,53,20,3,271,0,0,0,271
12/10/2017,IND,IN,AGL,CE,Combined TRACON& Tower with Radar,236,61,27,1,325,0,0,4,0,4,236,61,31,1,329,0,0,0,329
12/11/2017,IND,IN,AGL,CE,Combined TRACON& Tower with Radar,260,72,47,2,381,0,2,4,0,6,260,74,51,2,387,0,0,0,387
12/12/2017,IND,IN,AGL,CE,Combined TRACON& Tower with Radar,444,69,66,0,579,0,0,3,1,4,444,69,69,1,583,0,0,0,583
12/13/2017,IND,IN,AGL,CE,Combined TRACON& Tower with Radar,428,87,42,6,563,0,0,0,0,0,428,87,42,6,563,0,0,0,563
12/14/2017,IND,IN,AGL,CE,Combined TRACON& Tower with Radar,452,91,57,2,602,0,0,5,3,8,452,91,62,5,610,0,0,0,610
12/15/2017,IND,IN,AGL,CE,Combined TRACON& Tower with Radar,440,74,37,0,551,0,1,6,3,10,440,75,43,3,561,0,0,0,561
12/16/2017,IND,IN,AGL,CE,Combined TRACON& Tower with Radar,334,50,23,2,409,0,1,2,0,3,334,51,25,2,412,0,0,0,412
12/17/2017,IND,IN,AGL,CE,Combined TRACON& Tower with Radar,275,48,12,0,335,0,0,4,0,4,275,48,16,0,339,0,0,0,339
12/18/2017,IND,IN,AGL,CE,Combined TRACON& Tower with Radar,273,66,16,1,356,0,0,0,1,1,273,66,16,2,357,0,0,0,357
12/19/2017,IND,IN,AGL,CE,Combined TRACON& Tower with Radar,474,65,32,2,573,0,0,0,0,0,474,65,32,2,573,0,0,0,573
12/20/2017,IND,IN,AGL,CE,Combined TRACON& Tower with Radar,478,73,50,4,605,0,1,7,0,8,478,74,57,4,613,0,0,0,613
12/21/2017,IND,IN,AGL,CE,Combined TRACON& Tower with Radar,489,65,24,0,578,0,1,8,0,9,489,66,32,0,587,0,0,0,587
12/22/2017,IND,IN,AGL,CE,Combined TRACON& Tower with Radar,469,59,25,0,553,0,0,0,0,0,469,59,25,0,553,0,0,0,553
12/23/2017,IND,IN,AGL,CE,Combined TRACON& Tower with Radar,389,64,13,0,466,0,0,0,0,0,389,64,13,0,466,0,0,0,466
12/24/2017,IND,IN,AGL,CE,Combined TRACON& Tower with Radar,215,44,7,0,266,0,0,0,0,0,215,44,7,0,266,0,0,0,266
12/25/2017,IND,IN,AGL,CE,Combined TRACON& Tower with Radar,189,40,3,0,232,0,0,0,0,0,189,40,3,0,232,0,0,0,232
12/26/2017,IND,IN,AGL,CE,Combined TRACON& Tower with Radar,276,69,32,0,377,0,0,2,0,2,276,69,34,0,379,0,0,0,379
12/27/2017,IND,IN,AGL,CE,Combined TRACON& Tower with Radar,437,60,25,2,524,0,0,16,0,16,437,60,41,2,540,0,0,0,540
12/28/2017,IND,IN,AGL,CE,Combined TRACON& Tower with Radar,445,54,14,2,515,0,1,7,0,8,445,55,21,2,523,0,0,0,523
12/29/2017,IND,IN,AGL,CE,Combined TRACON& Tower with Radar,424,53,14,0,491,0,0,0,0,0,424,53,14,0,491,0,0,0,491
12/30/2017,IND,IN,AGL,CE,Combined TRACON& Tower with Radar,279,41,14,0,334,0,0,4,0,4,279,41,18,0,338,0,0,0,338
12/31/2017,IND,IN,AGL,CE,Combined TRACON& Tower with Radar,209,42,13,0,264,0,2,4,0,6,209,44,17,0,270,0,0,0,270
01/01/2018,IND,IN,AGL,CE,Combined TRACON& Tower with Radar,216,56,14,0,286,0,0,1,0,1,216,56,15,0,287,0,0,0,287
01/02/2018,IND,IN,AGL,CE,Combined TRACON& Tower with Radar,272,63,26,0,361,0,0,3,0,3,272,63,29,0,364,0,0,0,364
01/03/2018,IND,IN,AGL,CE,Combined TRACON& Tower with Radar,416,55,16,0,487,0,0,0,2,2,416,55,16,2,489,0,0,0,489
01/04/2018,IND,IN,AGL,CE,Combined TRACON& Tower with Radar,375,53,33,0,461,0,0,7,0,7,375,53,40,0,468,0,0,0,468
01/05/2018,IND,IN,AGL,CE,Combined TRACON& Tower with Radar,360,55,39,2,456,0,0,5,0,5,360,55,44,2,461,0,0,0,461
01/06/2018,IND,IN,AGL,CE,Combined TRACON& Tower with Radar,235,48,13,0,296,0,0,0,0,0,235,48,13,0,296,0,0,0,296
01/07/2018,IND,IN,AGL,CE,Combined TRACON& Tower with Radar,244,49,26,0,319,0,2,4,0,6,244,51,30,0,325,0,0,0,325
01/08/2018,IND,IN,AGL,CE,Combined TRACON& Tower with Radar,278,50,23,0,351,0,0,0,0,0,278,50,23,0,351,0,0,0,351
01/09/2018,IND,IN,AGL,CE,Combined TRACON& Tower with Radar,405,59,25,0,489,0,0,0,0,0,405,59,25,0,489,0,0,0,489
01/10/2018,IND,IN,AGL,CE,Combined TRACON& Tower with Radar,422,68,44,0,534,0,0,0,0,0,422,68,44,0,534,0,0,0,534
01/11/2018,IND,IN,AGL,CE,Combined TRACON& Tower with Radar,415,71,51,0,537,0,0,2,0,2,415,71,53,0,539,0,0,0,539
01/12/2018,IND,IN,AGL,CE,Combined TRACON& Tower with Radar,346,54,28,0,428,0,0,0,0,0,346,54,28,0,428,0,0,0,428
01/13/2018,IND,IN,AGL,CE,Combined TRACON& Tower with Radar,226,48,23,0,297,0,0,7,0,7,226,48,30,0,304,0,0,0,304
01/14/2018,IND,IN,AGL,CE,Combined TRACON& Tower with Radar,214,39,18,0,271,0,0,6,0,6,214,39,24,0,277,0,0,0,277
01/15/2018,IND,IN,AGL,CE,Combined TRACON& Tower with Radar,271,44,28,0,343,1,0,0,0,1,272,44,28,0,344,0,0,0,344
01/16/2018,IND,IN,AGL,CE,Combined TRACON& Tower with Radar,398,59,38,4,499,0,0,0,0,0,398,59,38,4,499,0,0,0,499
01/17/2018,IND,IN,AGL,CE,Combined TRACON& Tower with Radar,398,60,47,0,505,0,0,31,0,31,398,60,78,0,536,0,0,0,536
01/18/2018,IND,IN,AGL,CE,Combined TRACON& Tower with Radar,418,65,43,0,526,0,1,4,1,6,418,66,47,1,532,0,0,0,532
01/19/2018,IND,IN,AGL,CE,Combined TRACON& Tower with Radar,378,55,35,2,470,0,2,8,0,10,378,57,43,2,480,0,0,0,480
01/20/2018,IND,IN,AGL,CE,Combined TRACON& Tower with Radar,215,43,14,0,272,0,0,5,0,5,215,43,19,0,277,0,0,0,277
01/21/2018,IND,IN,AGL,CE,Combined TRACON& Tower with Radar,235,45,17,0,297,0,0,0,0,0,235,45,17,0,297,0,0,0,297
01/22/2018,IND,IN,AGL,CE,Combined TRACON& Tower with Radar,286,56,22,0,364,0,0,2,1,3,286,56,24,1,367,0,0,0,367
01/23/2018,IND,IN,AGL,CE,Combined TRACON& Tower with Radar,415,56,26,2,499,0,0,0,1,1,415,56,26,3,500,0,0,0,500
01/24/2018,IND,IN,AGL,CE,Combined TRACON& Tower with Radar,425,67,45,2,539,0,0,1,0,1,425,67,46,2,540,0,0,0,540
01/25/2018,IND,IN,AGL,CE,Combined TRACON& Tower with Radar,411,49,51,0,511,0,0,8,0,8,411,49,59,0,519,0,0,0,519
01/26/2018,IND,IN,AGL,CE,Combined TRACON& Tower with Radar,376,65,34,0,475,0,1,2,0,3,376,66,36,0,478,0,0,0,478
01/27/2018,IND,IN,AGL,CE,Combined TRACON& Tower with Radar,218,33,14,0,265,0,0,1,0,1,218,33,15,0,266,0,0,0,266
01/28/2018,IND,IN,AGL,CE,Combined TRACON& Tower with Radar,250,37,17,0,304,0,0,3,1,4,250,37,20,1,308,0,0,0,308
01/29/2018,IND,IN,AGL,CE,Combined TRACON& Tower with Radar,283,49,26,2,360,0,0,3,0,3,283,49,29,2,363,0,0,0,363
01/30/2018,IND,IN,AGL,CE,Combined TRACON& Tower with Radar,410,58,29,0,497,0,0,12,2,14,410,58,41,2,511,0,0,0,511
01/31/2018,IND,IN,AGL,CE,Combined TRACON& Tower with Radar,412,80,32,4,528,0,0,5,0,5,412,80,37,4,533,0,0,0,533
02/01/2018,IND,IN,AGL,CE,Combined TRACON& Tower with Radar,426,56,31,3,516,0,0,8,0,8,426,56,39,3,524,0,0,0,524
02/02/2018,IND,IN,AGL,CE,Combined TRACON& Tower with Radar,380,48,48,1,477,0,0,10,0,10,380,48,58,1,487,0,0,0,487
02/03/2018,IND,IN,AGL,CE,Combined TRACON& Tower with Radar,230,35,14,0,279,0,0,4,0,4,230,35,18,0,283,0,0,0,283
02/04/2018,IND,IN,AGL,CE,Combined TRACON& Tower with Radar,200,45,12,0,257,0,0,0,0,0,200,45,12,0,257,0,0,0,257
02/05/2018,IND,IN,AGL,CE,Combined TRACON& Tower with Radar,278,40,26,0,344,0,0,3,0,3,278,40,29,0,347,0,0,0,347
02/06/2018,IND,IN,AGL,CE,Combined TRACON& Tower with Radar,426,46,47,4,523,0,0,7,0,7,426,46,54,4,530,0,0,0,530
02/07/2018,IND,IN,AGL,CE,Combined TRACON& Tower with Radar,399,53,27,2,481,0,0,2,0,2,399,53,29,2,483,0,0,0,483
02/08/2018,IND,IN,AGL,CE,Combined TRACON& Tower with Radar,426,59,43,2,530,0,0,4,0,4,426,59,47,2,534,0,0,0,534
02/09/2018,IND,IN,AGL,CE,Combined TRACON& Tower with Radar,360,47,47,3,457,0,0,2,0,2,360,47,49,3,459,0,0,0,459
02/10/2018,IND,IN,AGL,CE,Combined TRACON& Tower with Radar,235,34,17,0,286,0,0,0,0,0,235,34,17,0,286,0,0,0,286
02/11/2018,IND,IN,AGL,CE,Combined TRACON& Tower with Radar,237,47,19,0,303,0,0,0,0,0,237,47,19,0,303,0,0,0,303
02/12/2018,IND,IN,AGL,CE,Combined TRACON& Tower with Radar,285,55,35,2,377,0,1,12,2,15,285,56,47,4,392,0,0,0,392
02/13/2018,IND,IN,AGL,CE,Combined TRACON& Tower with Radar,427,50,39,2,518,0,0,15,0,15,427,50,54,2,533,0,0,0,533
02/14/2018,IND,IN,AGL,CE,Combined TRACON& Tower with Radar,399,53,39,2,493,0,0,0,0,0,399,53,39,2,493,0,0,0,493
02/15/2018,IND,IN,AGL,CE,Combined TRACON& Tower with Radar,411,78,39,4,532,0,0,0,0,0,411,78,39,4,532,0,0,0,532
02/16/2018,IND,IN,AGL,CE,Combined TRACON& Tower with Radar,373,76,24,0,473,0,0,6,0,6,373,76,30,0,479,0,0,0,479
02/17/2018,IND,IN,AGL,CE,Combined TRACON& Tower with Radar,218,46,14,0,278,0,0,0,0,0,218,46,14,0,278,0,0,0,278
02/18/2018,IND,IN,AGL,CE,Combined TRACON& Tower with Radar,236,52,17,0,305,0,0,2,0,2,236,52,19,0,307,0,0,0,307
02/19/2018,IND,IN,AGL,CE,Combined TRACON& Tower with Radar,268,76,50,2,396,0,0,0,0,0,268,76,50,2,396,0,0,0,396
02/20/2018,IND,IN,AGL,CE,Combined TRACON& Tower with Radar,398,80,57,0,535,0,1,1,0,2,398,81,58,0,537,0,0,0,537
02/21/2018,IND,IN,AGL,CE,Combined TRACON& Tower with Radar,417,72,67,2,558,0,0,0,0,0,417,72,67,2,558,0,0,0,558
02/22/2018,IND,IN,AGL,CE,Combined TRACON& Tower with Radar,417,79,52,2,550,0,0,0,0,0,417,79,52,2,550,0,0,0,550
02/23/2018,IND,IN,AGL,CE,Combined TRACON& Tower with Radar,381,77,53,2,513,0,0,0,0,0,381,77,53,2,513,0,0,0,513
02/24/2018,IND,IN,AGL,CE,Combined TRACON& Tower with Radar,227,54,15,0,296,0,0,0,0,0,227,54,15,0,296,0,0,0,296
02/25/2018,IND,IN,AGL,CE,Combined TRACON& Tower with Radar,238,63,34,0,335,0,0,6,0,6,238,63,40,0,341,0,0,0,341
02/26/2018,IND,IN,AGL,CE,Combined TRACON& Tower with Radar,282,68,39,1,390,0,0,9,1,10,282,68,48,2,400,0,0,0,400
02/27/2018,IND,IN,AGL,CE,Combined TRACON& Tower with Radar,408,81,42,0,531,0,0,19,4,23,408,81,61,4,554,0,0,0,554
02/28/2018,IND,IN,AGL,CE,Combined TRACON& Tower with Radar,419,76,45,3,543,0,0,0,4,4,419,76,45,7,547,0,0,0,547
03/01/2018,IND,IN,AGL,CE,Combined TRACON& Tower with Radar,406,86,36,3,531,0,0,0,0,0,406,86,36,3,531,0,0,0,531
03/02/2018,IND,IN,AGL,CE,Combined TRACON& Tower with Radar,345,66,39,2,452,0,0,9,1,10,345,66,48,3,462,0,0,0,462
03/03/2018,IND,IN,AGL,CE,Combined TRACON& Tower with Radar,230,62,26,2,320,0,0,5,0,5,230,62,31,2,325,0,0,0,325
03/04/2018,IND,IN,AGL,CE,Combined TRACON& Tower with Radar,252,56,13,0,321,0,0,0,0,0,252,56,13,0,321,0,0,0,321
03/05/2018,IND,IN,AGL,CE,Combined TRACON& Tower with Radar,281,78,42,0,401,0,0,3,0,3,281,78,45,0,404,0,0,0,404
03/06/2018,IND,IN,AGL,CE,Combined TRACON& Tower with Radar,414,89,41,6,550,0,0,11,0,11,414,89,52,6,561,0,0,0,561
03/07/2018,IND,IN,AGL,CE,Combined TRACON& Tower with Radar,387,64,44,2,497,0,0,2,4,6,387,64,46,6,503,0,0,0,503
03/08/2018,IND,IN,AGL,CE,Combined TRACON& Tower with Radar,421,70,61,2,554,0,0,7,0,7,421,70,68,2,561,0,0,0,561
03/09/2018,IND,IN,AGL,CE,Combined TRACON& Tower with Radar,387,65,29,0,481,0,0,11,0,11,387,65,40,0,492,0,0,0,492
03/10/2018,IND,IN,AGL,CE,Combined TRACON& Tower with Radar,289,47,14,1,351,0,0,8,0,8,289,47,22,1,359,0,0,0,359
03/11/2018,IND,IN,AGL,CE,Combined TRACON& Tower with Radar,281,60,25,5,371,0,1,0,0,1,281,61,25,5,372,0,0,0,372
03/12/2018,IND,IN,AGL,CE,Combined TRACON& Tower with Radar,308,57,22,1,388,0,1,1,0,2,308,58,23,1,390,0,0,0,390
03/13/2018,IND,IN,AGL,CE,Combined TRACON& Tower with Radar,427,65,42,1,535,0,0,4,1,5,427,65,46,2,540,0,0,0,540
03/14/2018,IND,IN,AGL,CE,Combined TRACON& Tower with Radar,436,68,45,3,552,0,0,7,0,7,436,68,52,3,559,0,0,0,559
03/15/2018,IND,IN,AGL,CE,Combined TRACON& Tower with Radar,448,79,39,0,566,0,0,5,0,5,448,79,44,0,571,0,0,0,571
03/16/2018,IND,IN,AGL,CE,Combined TRACON& Tower with Radar,401,77,38,0,516,0,2,2,0,4,401,79,40,0,520,0,0,0,520
03/17/2018,IND,IN,AGL,CE,Combined TRACON& Tower with Radar,272,49,15,0,336,0,0,0,0,0,272,49,15,0,336,0,0,0,336
03/18/2018,IND,IN,AGL,CE,Combined TRACON& Tower with Radar,281,55,18,0,354,0,0,5,0,5,281,55,23,0,359,0,0,0,359
03/19/2018,IND,IN,AGL,CE,Combined TRACON& Tower with Radar,303,67,38,2,410,0,0,8,0,8,303,67,46,2,418,0,0,0,418
03/20/2018,IND,IN,AGL,CE,Combined TRACON& Tower with Radar,427,73,43,0,543,0,0,1,0,1,427,73,44,0,544,0,0,0,544
03/21/2018,IND,IN,AGL,CE,Combined TRACON& Tower with Radar,405,63,40,0,508,0,0,10,0,10,405,63,50,0,518,0,0,0,518
03/22/2018,IND,IN,AGL,CE,Combined TRACON& Tower with Radar,433,69,50,4,556,0,0,16,1,17,433,69,66,5,573,0,0,0,573
03/23/2018,IND,IN,AGL,CE,Combined TRACON& Tower with Radar,388,66,49,1,504,0,2,14,0,16,388,68,63,1,520,0,0,0,520
03/24/2018,IND,IN,AGL,CE,Combined TRACON& Tower with Radar,234,48,13,0,295,0,0,0,0,0,234,48,13,0,295,0,0,0,295
03/25/2018,IND,IN,AGL,CE,Combined TRACON& Tower with Radar,276,62,30,0,368,0,0,3,0,3,276,62,33,0,371,0,0,0,371
03/26/2018,IND,IN,AGL,CE,Combined TRACON& Tower with Radar,307,69,25,0,401,0,0,0,0,0,307,69,25,0,401,0,0,0,401
03/27/2018,IND,IN,AGL,CE,Combined TRACON& Tower with Radar,428,71,43,0,542,0,0,0,0,0,428,71,43,0,542,0,0,0,542
03/28/2018,IND,IN,AGL,CE,Combined TRACON& Tower with Radar,435,74,50,0,559,0,0,0,0,0,435,74,50,0,559,0,0,0,559
03/29/2018,IND,IN,AGL,CE,Combined TRACON& Tower with Radar,422,71,53,2,548,0,0,0,0,0,422,71,53,2,548,0,0,0,548
03/30/2018,IND,IN,AGL,CE,Combined TRACON& Tower with Radar,395,78,29,0,502,0,0,14,0,14,395,78,43,0,516,0,0,0,516
03/31/2018,IND,IN,AGL,CE,Combined TRACON& Tower with Radar,254,52,17,0,323,0,0,5,0,5,254,52,22,0,328,0,0,0,328
04/01/2018,IND,IN,AGL,CE,Combined TRACON& Tower with Radar,271,51,11,0,333,0,0,3,0,3,271,51,14,0,336,0,0,0,336
04/02/2018,IND,IN,AGL,CE,Combined TRACON& Tower with Radar,296,61,38,0,395,0,0,2,0,2,296,61,40,0,397,0,0,0,397
04/03/2018,IND,IN,AGL,CE,Combined TRACON& Tower with Radar,402,49,25,2,478,0,0,1,0,1,402,49,26,2,479,0,0,0,479
04/04/2018,IND,IN,AGL,CE,Combined TRACON& Tower with Radar,443,48,36,0,527,0,1,2,0,3,443,49,38,0,530,0,0,0,530
04/05/2018,IND,IN,AGL,CE,Combined TRACON& Tower with Radar,441,70,46,2,559,0,0,9,0,9,441,70,55,2,568,0,0,0,568
04/06/2018,IND,IN,AGL,CE,Combined TRACON& Tower with Radar,388,60,36,0,484,0,0,4,0,4,388,60,40,0,488,0,0,0,488
04/07/2018,IND,IN,AGL,CE,Combined TRACON& Tower with Radar,287,48,13,4,352,0,1,2,1,4,287,49,15,5,356,0,0,0,356
04/08/2018,IND,IN,AGL,CE,Combined TRACON& Tower with Radar,279,54,29,2,364,0,2,5,0,7,279,56,34,2,371,0,0,0,371
04/09/2018,IND,IN,AGL,CE,Combined TRACON& Tower with Radar,296,75,23,0,394,0,2,4,0,6,296,77,27,0,400,0,0,0,400
04/10/2018,IND,IN,AGL,CE,Combined TRACON& Tower with Radar,426,66,51,0,543,0,0,11,0,11,426,66,62,0,554,0,0,0,554
04/11/2018,IND,IN,AGL,CE,Combined TRACON& Tower with Radar,431,76,58,5,570,0,0,11,1,12,431,76,69,6,582,0,0,0,582
04/12/2018,IND,IN,AGL,CE,Combined TRACON& Tower with Radar,423,58,33,2,516,0,0,9,3,12,423,58,42,5,528,0,0,0,528
04/13/2018,IND,IN,AGL,CE,Combined TRACON& Tower with Radar,382,66,33,7,488,0,0,2,1,3,382,66,35,8,491,0,0,0,491
04/14/2018,IND,IN,AGL,CE,Combined TRACON& Tower with Radar,237,69,17,0,323,0,0,2,0,2,237,69,19,0,325,0,0,0,325
04/15/2018,IND,IN,AGL,CE,Combined TRACON& Tower with Radar,255,60,12,1,328,0,1,2,0,3,255,61,14,1,331,0,0,0,331
04/16/2018,IND,IN,AGL,CE,Combined TRACON& Tower with Radar,295,54,36,0,385,0,0,0,0,0,295,54,36,0,385,0,0,0,385
04/17/2018,IND,IN,AGL,CE,Combined TRACON& Tower with Radar,424,71,44,2,541,0,0,18,0,18,424,71,62,2,559,0,0,0,559
04/18/2018,IND,IN,AGL,CE,Combined TRACON& Tower with Radar,448,74,49,0,571,0,0,6,0,6,448,74,55,0,577,0,0,0,577
04/19/2018,IND,IN,AGL,CE,Combined TRACON& Tower with Radar,442,82,56,1,581,0,0,2,0,2,442,82,58,1,583,0,0,0,583
04/20/2018,IND,IN,AGL,CE,Combined TRACON& Tower with Radar,385,82,35,9,511,0,2,4,1,7,385,84,39,10,518,0,0,0,518
04/21/2018,IND,IN,AGL,CE,Combined TRACON& Tower with Radar,237,54,23,0,314,0,1,11,0,12,237,55,34,0,326,0,0,0,326
04/22/2018,IND,IN,AGL,CE,Combined TRACON& Tower with Radar,261,67,17,6,351,0,1,2,0,3,261,68,19,6,354,0,0,0,354
04/23/2018,IND,IN,AGL,CE,Combined TRACON& Tower with Radar,307,56,49,0,412,0,0,0,0,0,307,56,49,0,412,0,0,0,412
04/24/2018,IND,IN,AGL,CE,Combined TRACON& Tower with Radar,428,66,51,5,550,0,0,0,0,0,428,66,51,5,550,0,0,0,550
04/25/2018,IND,IN,AGL,CE,Combined TRACON& Tower with Radar,420,59,65,4,548,0,0,1,3,4,420,59,66,7,552,0,0,0,552
04/26/2018,IND,IN,AGL,CE,Combined TRACON& Tower with Radar,434,75,63,1,573,0,2,9,4,15,434,77,72,5,588,0,0,0,588
04/27/2018,IND,IN,AGL,CE,Combined TRACON& Tower with Radar,408,64,75,0,547,0,2,11,0,13,408,66,86,0,560,0,0,0,560
04/28/2018,IND,IN,AGL,CE,Combined TRACON& Tower with Radar,257,47,32,0,336,0,0,2,0,2,257,47,34,0,338,0,0,0,338
04/29/2018,IND,IN,AGL,CE,Combined TRACON& Tower with Radar,261,65,30,0,356,0,0,7,0,7,261,65,37,0,363,0,0,0,363
04/30/2018,IND,IN,AGL,CE,Combined TRACON& Tower with Radar,308,67,46,2,423,0,0,14,0,14,308,67,60,2,437,0,0,0,437
05/01/2018,IND,IN,AGL,CE,Combined TRACON& Tower with Radar,414,79,46,2,541,0,0,7,0,7,414,79,53,2,548,0,0,0,548
05/02/2018,IND,IN,AGL,CE,Combined TRACON& Tower with Radar,432,70,47,0,549,0,0,5,0,5,432,70,52,0,554,0,0,0,554
05/03/2018,IND,IN,AGL,CE,Combined TRACON& Tower with Radar,425,69,23,2,519,0,0,1,0,1,425,69,24,2,520,0,0,0,520
05/04/2018,IND,IN,AGL,CE,Combined TRACON& Tower with Radar,406,62,34,2,504,0,2,0,0,2,406,64,34,2,506,0,0,0,506
05/05/2018,IND,IN,AGL,CE,Combined TRACON& Tower with Radar,246,40,16,2,304,0,0,18,0,18,246,40,34,2,322,0,0,0,322
05/06/2018,IND,IN,AGL,CE,Combined TRACON& Tower with Radar,259,67,34,4,364,0,3,3,0,6,259,70,37,4,370,0,0,0,370
05/07/2018,IND,IN,AGL,CE,Combined TRACON& Tower with Radar,314,66,50,8,438,0,0,9,0,9,314,66,59,8,447,0,0,0,447
05/08/2018,IND,IN,AGL,CE,Combined TRACON& Tower with Radar,425,71,62,4,562,0,0,8,2,10,425,71,70,6,572,0,0,0,572
05/09/2018,IND,IN,AGL,CE,Combined TRACON& Tower with Radar,441,77,40,3,561,0,0,2,0,2,441,77,42,3,563,0,0,0,563
05/10/2018,IND,IN,AGL,CE,Combined TRACON& Tower with Radar,436,66,51,5,558,0,0,11,4,15,436,66,62,9,573,0,0,0,573
05/11/2018,IND,IN,AGL,CE,Combined TRACON& Tower with Radar,393,77,33,3,506,0,6,7,3,16,393,83,40,6,522,0,0,0,522
05/12/2018,IND,IN,AGL,CE,Combined TRACON& Tower with Radar,245,50,26,0,321,0,0,10,2,12,245,50,36,2,333,0,0,0,333
05/13/2018,IND,IN,AGL,CE,Combined TRACON& Tower with Radar,247,51,12,1,311,0,2,7,1,10,247,53,19,2,321,0,0,0,321
05/14/2018,IND,IN,AGL,CE,Combined TRACON& Tower with Radar,336,65,44,3,448,0,0,8,0,8,336,65,52,3,456,0,0,0,456
05/15/2018,IND,IN,AGL,CE,Combined TRACON& Tower with Radar,420,74,37,6,537,0,0,3,1,4,420,74,40,7,541,0,0,0,541
05/16/2018,IND,IN,AGL,CE,Combined TRACON& Tower with Radar,440,72,47,4,563,0,2,4,0,6,440,74,51,4,569,0,0,0,569
05/17/2018,IND,IN,AGL,CE,Combined TRACON& Tower with Radar,421,73,56,1,551,0,2,4,0,6,421,75,60,1,557,0,0,0,557
05/18/2018,IND,IN,AGL,CE,Combined TRACON& Tower with Radar,391,73,33,1,498,0,4,2,8,14,391,77,35,9,512,0,0,0,512
05/19/2018,IND,IN,AGL,CE,Combined TRACON& Tower with Radar,254,56,38,0,348,0,0,3,0,3,254,56,41,0,351,0,0,0,351
05/20/2018,IND,IN,AGL,CE,Combined TRACON& Tower with Radar,256,55,23,0,334,0,0,2,0,2,256,55,25,0,336,0,0,0,336
05/21/2018,IND,IN,AGL,CE,Combined TRACON& Tower with Radar,301,68,33,3,405,0,0,0,0,0,301,68,33,3,405,0,0,0,405
05/22/2018,IND,IN,AGL,CE,Combined TRACON& Tower with Radar,425,68,33,6,532,0,1,4,0,5,425,69,37,6,537,0,0,0,537
05/23/2018,IND,IN,AGL,CE,Combined TRACON& Tower with Radar,440,61,46,2,549,0,0,16,0,16,440,61,62,2,565,0,0,0,565
05/24/2018,IND,IN,AGL,CE,Combined TRACON& Tower with Radar,429,85,52,0,566,0,1,11,0,12,429,86,63,0,578,0,0,0,578
05/25/2018,IND,IN,AGL,CE,Combined TRACON& Tower with Radar,395,86,60,2,543,0,10,14,6,30,395,96,74,8,573,0,0,0,573
05/26/2018,IND,IN,AGL,CE,Combined TRACON& Tower with Radar,246,68,39,0,353,0,3,6,0,9,246,71,45,0,362,0,0,0,362
05/27/2018,IND,IN,AGL,CE,Combined TRACON& Tower with Radar,220,91,89,2,402,0,0,45,1,46,220,91,134,3,448,0,0,0,448
05/28/2018,IND,IN,AGL,CE,Combined TRACON& Tower with Radar,275,79,27,2,383,0,2,6,0,8,275,81,33,2,391,0,0,0,391
05/29/2018,IND,IN,AGL,CE,Combined TRACON& Tower with Radar,306,64,35,5,410,0,2,2,0,4,306,66,37,5,414,0,0,0,414
05/30/2018,IND,IN,AGL,CE,Combined TRACON& Tower with Radar,426,73,42,0,541,0,0,1,2,3,426,73,43,2,544,0,0,0,544
05/31/2018,IND,IN,AGL,CE,Combined TRACON& Tower with Radar,411,68,42,3,524,0,0,1,2,3,411,68,43,5,527,0,0,0,527
06/01/2018,IND,IN,AGL,CE,Combined TRACON& Tower with Radar,384,76,35,17,512,0,0,2,0,2,384,76,37,17,514,0,0,0,514
06/02/2018,IND,IN,AGL,CE,Combined TRACON& Tower with Radar,243,57,26,4,330,0,0,5,9,14,243,57,31,13,344,0,0,0,344
06/03/2018,IND,IN,AGL,CE,Combined TRACON& Tower with Radar,263,51,11,0,325,0,0,0,0,0,263,51,11,0,325,0,0,0,325
06/04/2018,IND,IN,AGL,CE,Combined TRACON& Tower with Radar,305,67,40,4,416,0,3,8,0,11,305,70,48,4,427,0,0,0,427
06/05/2018,IND,IN,AGL,CE,Combined TRACON& Tower with Radar,435,59,27,4,525,0,0,8,0,8,435,59,35,4,533,0,0,0,533
06/06/2018,IND,IN,AGL,CE,Combined TRACON& Tower with Radar,432,69,44,8,553,0,0,12,0,12,432,69,56,8,565,0,0,0,565
06/07/2018,IND,IN,AGL,CE,Combined TRACON& Tower with Radar,412,78,40,7,537,0,0,8,0,8,412,78,48,7,545,0,0,0,545
06/08/2018,IND,IN,AGL,CE,Combined TRACON& Tower with Radar,396,73,25,3,497,0,0,4,0,4,396,73,29,3,501,0,0,0,501
06/09/2018,IND,IN,AGL,CE,Combined TRACON& Tower with Radar,275,52,6,2,335,0,0,2,0,2,275,52,8,2,337,0,0,0,337
06/10/2018,IND,IN,AGL,CE,Combined TRACON& Tower with Radar,265,66,10,0,341,0,0,0,0,0,265,66,10,0,341,0,0,0,341
06/11/2018,IND,IN,AGL,CE,Combined TRACON& Tower with Radar,307,79,44,3,433,0,2,2,0,4,307,81,46,3,437,0,0,0,437
06/12/2018,IND,IN,AGL,CE,Combined TRACON& Tower with Radar,433,100,69,1,603,0,0,4,0,4,433,100,73,1,607,0,0,0,607
06/13/2018,IND,IN,AGL,CE,Combined TRACON& Tower with Radar,431,93,45,1,570,0,0,3,0,3,431,93,48,1,573,0,0,0,573
06/14/2018,IND,IN,AGL,CE,Combined TRACON& Tower with Radar,419,79,46,2,546,0,0,16,1,17,419,79,62,3,563,0,0,0,563
06/15/2018,IND,IN,AGL,CE,Combined TRACON& Tower with Radar,387,86,29,2,504,0,1,8,0,9,387,87,37,2,513,0,0,0,513
06/16/2018,IND,IN,AGL,CE,Combined TRACON& Tower with Radar,259,54,23,2,338,0,1,11,2,14,259,55,34,4,352,0,0,0,352
06/17/2018,IND,IN,AGL,CE,Combined TRACON& Tower with Radar,256,71,11,0,338,0,0,4,0,4,256,71,15,0,342,0,0,0,342
06/18/2018,IND,IN,AGL,CE,Combined TRACON& Tower with Radar,312,70,44,4,430,0,1,13,0,14,312,71,57,4,444,0,0,0,444
06/19/2018,IND,IN,AGL,CE,Combined TRACON& Tower with Radar,411,68,44,5,528,0,1,8,0,9,411,69,52,5,537,0,0,0,537
06/20/2018,IND,IN,AGL,CE,Combined TRACON& Tower with Radar,431,76,32,3,542,0,2,7,0,9,431,78,39,3,551,0,0,0,551
06/21/2018,IND,IN,AGL,CE,Combined TRACON& Tower with Radar,422,90,56,5,573,0,0,1,0,1,422,90,57,5,574,0,0,0,574
06/22/2018,IND,IN,AGL,CE,Combined TRACON& Tower with Radar,392,94,33,2,521,0,0,0,0,0,392,94,33,2,521,0,0,0,521
06/23/2018,IND,IN,AGL,CE,Combined TRACON& Tower with Radar,266,57,19,4,346,0,0,7,2,9,266,57,26,6,355,0,0,0,355
06/24/2018,IND,IN,AGL,CE,Combined TRACON& Tower with Radar,248,72,19,2,341,0,0,7,1,8,248,72,26,3,349,0,0,0,349
06/25/2018,IND,IN,AGL,CE,Combined TRACON& Tower with Radar,297,89,38,5,429,0,0,7,4,11,297,89,45,9,440,0,0,0,440
06/26/2018,IND,IN,AGL,CE,Combined TRACON& Tower with Radar,438,73,35,4,550,0,0,4,0,4,438,73,39,4,554,0,0,0,554
06/27/2018,IND,IN,AGL,CE,Combined TRACON& Tower with Radar,438,84,54,0,576,0,3,11,1,15,438,87,65,1,591,0,0,0,591
06/28/2018,IND,IN,AGL,CE,Combined TRACON& Tower with Radar,417,82,48,2,549,0,2,26,0,28,417,84,74,2,577,0,0,0,577
06/29/2018,IND,IN,AGL,CE,Combined TRACON& Tower with Radar,397,75,40,8,520,0,0,11,0,11,397,75,51,8,531,0,0,0,531
06/30/2018,IND,IN,AGL,CE,Combined TRACON& Tower with Radar,267,66,14,4,351,0,2,7,0,9,267,68,21,4,360,0,0,0,360
07/01/2018,IND,IN,AGL,CE,Combined TRACON& Tower with Radar,257,57,19,1,334,0,1,7,0,8,257,58,26,1,342,0,0,0,342
07/02/2018,IND,IN,AGL,CE,Combined TRACON& Tower with Radar,260,58,14,0,332,0,0,16,0,16,260,58,30,0,348,0,0,0,348
07/03/2018,IND,IN,AGL,CE,Combined TRACON& Tower with Radar,372,51,40,2,465,0,0,8,0,8,372,51,48,2,473,0,0,0,473
07/04/2018,IND,IN,AGL,CE,Combined TRACON& Tower with Radar,248,45,7,0,300,0,5,7,0,12,248,50,14,0,312,0,0,0,312
07/05/2018,IND,IN,AGL,CE,Combined TRACON& Tower with Radar,349,61,29,1,440,0,2,15,0,17,349,63,44,1,457,0,0,0,457
07/06/2018,IND,IN,AGL,CE,Combined TRACON& Tower with Radar,376,63,21,1,461,0,1,18,0,19,376,64,39,1,480,0,0,0,480
07/07/2018,IND,IN,AGL,CE,Combined TRACON& Tower with Radar,276,51,8,0,335,0,1,14,0,15,276,52,22,0,350,0,0,0,350
07/08/2018,IND,IN,AGL,CE,Combined TRACON& Tower with Radar,269,58,22,0,349,0,0,7,0,7,269,58,29,0,356,0,0,0,356
07/09/2018,IND,IN,AGL,CE,Combined TRACON& Tower with Radar,304,58,39,2,403,0,1,8,0,9,304,59,47,2,412,0,0,0,412
07/10/2018,IND,IN,AGL,CE,Combined TRACON& Tower with Radar,440,82,38,0,560,0,3,16,0,19,440,85,54,0,579,0,0,0,579
07/11/2018,IND,IN,AGL,CE,Combined TRACON& Tower with Radar,439,80,30,4,553,0,3,17,1,21,439,83,47,5,574,0,0,0,574
07/12/2018,IND,IN,AGL,CE,Combined TRACON& Tower with Radar,414,84,30,4,532,0,1,4,1,6,414,85,34,5,538,0,0,0,538
07/13/2018,IND,IN,AGL,CE,Combined TRACON& Tower with Radar,388,68,30,9,495,0,2,11,2,15,388,70,41,11,510,0,0,0,510
07/14/2018,IND,IN,AGL,CE,Combined TRACON& Tower with Radar,268,45,5,0,318,0,5,8,4,17,268,50,13,4,335,0,0,0,335
07/15/2018,IND,IN,AGL,CE,Combined TRACON& Tower with Radar,262,47,16,7,332,0,0,9,0,9,262,47,25,7,341,0,0,0,341
07/16/2018,IND,IN,AGL,CE,Combined TRACON& Tower with Radar,297,77,40,2,416,0,0,4,0,4,297,77,44,2,420,0,0,0,420
07/17/2018,IND,IN,AGL,CE,Combined TRACON& Tower with Radar,431,64,43,4,542,0,3,20,1,24,431,67,63,5,566,0,0,0,566
07/18/2018,IND,IN,AGL,CE,Combined TRACON& Tower with Radar,447,68,49,2,566,0,2,21,1,24,447,70,70,3,590,0,0,0,590
07/19/2018,IND,IN,AGL,CE,Combined TRACON& Tower with Radar,430,81,44,2,557,0,1,8,1,10,430,82,52,3,567,0,0,0,567
07/20/2018,IND,IN,AGL,CE,Combined TRACON& Tower with Radar,411,83,16,2,512,0,2,7,1,10,411,85,23,3,522,0,0,0,522
07/21/2018,IND,IN,AGL,CE,Combined TRACON& Tower with Radar,278,50,21,0,349,0,0,0,0,0,278,50,21,0,349,0,0,0,349
07/22/2018,IND,IN,AGL,CE,Combined TRACON& Tower with Radar,261,72,17,0,350,0,0,1,0,1,261,72,18,0,351,0,0,0,351
07/23/2018,IND,IN,AGL,CE,Combined TRACON& Tower with Radar,301,58,42,2,403,0,2,19,2,23,301,60,61,4,426,0,0,0,426
07/24/2018,IND,IN,AGL,CE,Combined TRACON& Tower with Radar,429,84,47,7,567,0,2,7,1,10,429,86,54,8,577,0,0,0,577
07/25/2018,IND,IN,AGL,CE,Combined TRACON& Tower with Radar,449,68,36,17,570,0,1,10,0,11,449,69,46,17,581,0,0,0,581
07/26/2018,IND,IN,AGL,CE,Combined TRACON& Tower with Radar,422,69,30,5,526,0,0,7,2,9,422,69,37,7,535,0,0,0,535
07/27/2018,IND,IN,AGL,CE,Combined TRACON& Tower with Radar,380,64,31,7,482,0,3,12,0,15,380,67,43,7,497,0,0,0,497
07/28/2018,IND,IN,AGL,CE,Combined TRACON& Tower with Radar,267,50,5,5,327,0,2,16,0,18,267,52,21,5,345,0,0,0,345
07/29/2018,IND,IN,AGL,CE,Combined TRACON& Tower with Radar,268,65,20,3,356,0,1,5,0,6,268,66,25,3,362,0,0,0,362
07/30/2018,IND,IN,AGL,CE,Combined TRACON& Tower with Radar,303,79,36,0,418,0,1,2,1,4,303,80,38,1,422,0,0,0,422
07/31/2018,IND,IN,AGL,CE,Combined TRACON& Tower with Radar,428,60,31,0,519,0,2,1,0,3,428,62,32,0,522,0,0,0,522
08/01/2018,IND,IN,AGL,CE,Combined TRACON& Tower with Radar,447,67,66,0,580,0,1,4,0,5,447,68,70,0,585,0,0,0,585
08/02/2018,IND,IN,AGL,CE,Combined TRACON& Tower with Radar,430,66,26,4,526,0,1,22,3,26,430,67,48,7,552,0,0,0,552
08/03/2018,IND,IN,AGL,CE,Combined TRACON& Tower with Radar,375,73,21,1,470,0,2,7,0,9,375,75,28,1,479,0,0,0,479
08/04/2018,IND,IN,AGL,CE,Combined TRACON& Tower with Radar,269,46,16,6,337,0,0,8,1,9,269,46,24,7,346,0,0,0,346
08/05/2018,IND,IN,AGL,CE,Combined TRACON& Tower with Radar,272,63,9,1,345,0,0,8,0,8,272,63,17,1,353,0,0,0,353
08/06/2018,IND,IN,AGL,CE,Combined TRACON& Tower with Radar,308,77,22,6,413,0,2,9,5,16,308,79,31,11,429,0,0,0,429
08/07/2018,IND,IN,AGL,CE,Combined TRACON& Tower with Radar,416,69,47,3,535,0,1,1,1,3,416,70,48,4,538,0,0,0,538
08/08/2018,IND,IN,AGL,CE,Combined TRACON& Tower with Radar,422,85,46,6,559,0,3,4,0,7,422,88,50,6,566,0,0,0,566
08/09/2018,IND,IN,AGL,CE,Combined TRACON& Tower with Radar,416,82,42,4,544,0,4,15,0,19,416,86,57,4,563,0,0,0,563
08/10/2018,IND,IN,AGL,CE,Combined TRACON& Tower with Radar,384,77,28,5,494,0,0,9,4,13,384,77,37,9,507,0,0,0,507
08/11/2018,IND,IN,AGL,CE,Combined TRACON& Tower with Radar,232,39,15,2,288,0,0,2,0,2,232,39,17,2,290,0,0,0,290
08/12/2018,IND,IN,AGL,CE,Combined TRACON& Tower with Radar,258,61,20,4,343,0,0,17,0,17,258,61,37,4,360,0,0,0,360
08/13/2018,IND,IN,AGL,CE,Combined TRACON& Tower with Radar,276,65,27,4,372,0,0,11,0,11,276,65,38,4,383,0,0,0,383
08/14/2018,IND,IN,AGL,CE,Combined TRACON& Tower with Radar,419,68,40,2,529,0,0,9,0,9,419,68,49,2,538,0,0,0,538
08/15/2018,IND,IN,AGL,CE,Combined TRACON& Tower with Radar,417,64,54,4,539,0,1,2,2,5,417,65,56,6,544,0,0,0,544
08/16/2018,IND,IN,AGL,CE,Combined TRACON& Tower with Radar,430,71,35,2,538,0,0,2,4,6,430,71,37,6,544,0,0,0,544
08/17/2018,IND,IN,AGL,CE,Combined TRACON& Tower with Radar,364,69,31,5,469,0,1,1,1,3,364,70,32,6,472,0,0,0,472
08/18/2018,IND,IN,AGL,CE,Combined TRACON& Tower with Radar,223,42,10,3,278,0,1,0,0,1,223,43,10,3,279,0,0,0,279
08/19/2018,IND,IN,AGL,CE,Combined TRACON& Tower with Radar,262,65,35,5,367,0,0,7,4,11,262,65,42,9,378,0,0,0,378
08/20/2018,IND,IN,AGL,CE,Combined TRACON& Tower with Radar,317,64,41,4,426,0,0,6,0,6,317,64,47,4,432,0,0,0,432
08/21/2018,IND,IN,AGL,CE,Combined TRACON& Tower with Radar,421,71,50,2,544,0,2,6,0,8,421,73,56,2,552,0,0,0,552
08/22/2018,IND,IN,AGL,CE,Combined TRACON& Tower with Radar,419,68,42,4,533,0,3,8,3,14,419,71,50,7,547,0,0,0,547
08/23/2018,IND,IN,AGL,CE,Combined TRACON& Tower with Radar,423,58,49,0,530,0,5,17,2,24,423,63,66,2,554,0,0,0,554
08/24/2018,IND,IN,AGL,CE,Combined TRACON& Tower with Radar,364,64,45,2,475,0,3,7,3,13,364,67,52,5,488,0,0,0,488
08/25/2018,IND,IN,AGL,CE,Combined TRACON& Tower with Radar,239,39,16,1,295,0,1,1,1,3,239,40,17,2,298,0,0,0,298
08/26/2018,IND,IN,AGL,CE,Combined TRACON& Tower with Radar,255,56,23,1,335,0,0,6,0,6,255,56,29,1,341,0,0,0,341
08/27/2018,IND,IN,AGL,CE,Combined TRACON& Tower with Radar,286,61,36,0,383,0,3,21,0,24,286,64,57,0,407,0,0,0,407
08/28/2018,IND,IN,AGL,CE,Combined TRACON& Tower with Radar,433,74,46,6,559,0,0,14,1,15,433,74,60,7,574,0,0,0,574
08/29/2018,IND,IN,AGL,CE,Combined TRACON& Tower with Radar,444,77,55,0,576,0,0,7,0,7,444,77,62,0,583,0,0,0,583
08/30/2018,IND,IN,AGL,CE,Combined TRACON& Tower with Radar,407,77,40,1,525,0,3,10,2,15,407,80,50,3,540,0,0,0,540
08/31/2018,IND,IN,AGL,CE,Combined TRACON& Tower with Radar,377,71,19,0,467,0,3,12,0,15,377,74,31,0,482,0,0,0,482
09/01/2018,IND,IN,AGL,CE,Combined TRACON& Tower with Radar,211,45,13,0,269,0,0,11,0,11,211,45,24,0,280,0,0,0,280
09/02/2018,IND,IN,AGL,CE,Combined TRACON& Tower with Radar,198,39,11,0,248,0,3,33,1,37,198,42,44,1,285,0,0,0,285
09/03/2018,IND,IN,AGL,CE,Combined TRACON& Tower with Radar,288,58,20,0,366,0,10,9,3,22,288,68,29,3,388,0,0,0,388
09/04/2018,IND,IN,AGL,CE,Combined TRACON& Tower with Radar,276,60,35,2,373,0,3,36,0,39,276,63,71,2,412,0,0,0,412
09/05/2018,IND,IN,AGL,CE,Combined TRACON& Tower with Radar,402,67,46,12,527,0,1,13,1,15,402,68,59,13,542,0,0,0,542
09/06/2018,IND,IN,AGL,CE,Combined TRACON& Tower with Radar,400,60,49,4,513,0,17,9,0,26,400,77,58,4,539,0,0,0,539
09/07/2018,IND,IN,AGL,CE,Combined TRACON& Tower with Radar,361,62,72,0,495,0,0,1,0,1,361,62,73,0,496,0,0,0,496
09/08/2018,IND,IN,AGL,CE,Combined TRACON& Tower with Radar,225,44,26,0,295,0,0,0,0,0,225,44,26,0,295,0,0,0,295
09/09/2018,IND,IN,AGL,CE,Combined TRACON& Tower with Radar,251,71,59,5,386,0,2,0,0,2,251,73,59,5,388,0,0,0,388
09/10/2018,IND,IN,AGL,CE,Combined TRACON& Tower with Radar,285,67,104,0,456,0,5,8,1,14,285,72,112,1,470,0,0,0,470
09/11/2018,IND,IN,AGL,CE,Combined TRACON& Tower with Radar,406,64,71,3,544,0,20,20,0,40,406,84,91,3,584,0,0,0,584
09/12/2018,IND,IN,AGL,CE,Combined TRACON& Tower with Radar,406,71,49,2,528,0,19,19,1,39,406,90,68,3,567,0,0,0,567
09/13/2018,IND,IN,AGL,CE,Combined TRACON& Tower with Radar,425,76,42,0,543,0,11,12,0,23,425,87,54,0,566,0,0,0,566
09/14/2018,IND,IN,AGL,CE,Combined TRACON& Tower with Radar,373,67,35,11,486,0,16,18,0,34,373,83,53,11,520,0,0,0,520
09/15/2018,IND,IN,AGL,CE,Combined TRACON& Tower with Radar,220,38,24,2,284,0,7,4,0,11,220,45,28,2,295,0,0,0,295
09/16/2018,IND,IN,AGL,CE,Combined TRACON& Tower with Radar,248,52,26,6,332,0,10,11,0,21,248,62,37,6,353,0,0,0,353
09/17/2018,IND,IN,AGL,CE,Combined TRACON& Tower with Radar,288,68,44,3,403,0,16,17,2,35,288,84,61,5,438,0,0,0,438
09/18/2018,IND,IN,AGL,CE,Combined TRACON& Tower with Radar,405,65,32,0,502,0,18,14,1,33,405,83,46,1,535,0,0,0,535
09/19/2018,IND,IN,AGL,CE,Combined TRACON& Tower with Radar,419,68,43,4,534,0,17,18,1,36,419,85,61,5,570,0,0,0,570
09/20/2018,IND,IN,AGL,CE,Combined TRACON& Tower with Radar,410,69,51,4,534,0,16,11,0,27,410,85,62,4,561,0,0,0,561
09/21/2018,IND,IN,AGL,CE,Combined TRACON& Tower with Radar,366,65,47,5,483,0,8,19,2,29,366,73,66,7,512,0,0,0,512
09/22/2018,IND,IN,AGL,CE,Combined TRACON& Tower with Radar,225,48,16,3,292,0,1,7,1,9,225,49,23,4,301,0,0,0,301
09/23/2018,IND,IN,AGL,CE,Combined TRACON& Tower with Radar,253,53,22,1,329,0,3,12,0,15,253,56,34,1,344,0,0,0,344
09/24/2018,IND,IN,AGL,CE,Combined TRACON& Tower with Radar,279,62,42,2,385,0,0,0,0,0,279,62,42,2,385,0,0,0,385
09/25/2018,IND,IN,AGL,CE,Combined TRACON& Tower with Radar,411,63,46,2,522,0,0,5,0,5,411,63,51,2,527,0,0,0,527
09/26/2018,IND,IN,AGL,CE,Combined TRACON& Tower with Radar,414,73,67,0,554,0,14,15,2,31,414,87,82,2,585,0,0,0,585
09/27/2018,IND,IN,AGL,CE,Combined TRACON& Tower with Radar,413,75,46,4,538,0,23,11,0,34,413,98,57,4,572,0,0,0,572
09/28/2018,IND,IN,AGL,CE,Combined TRACON& Tower with Radar,380,57,31,2,470,0,14,11,1,26,380,71,42,3,496,0,0,0,496
09/29/2018,IND,IN,AGL,CE,Combined TRACON& Tower with Radar,226,34,19,0,279,0,2,17,0,19,226,36,36,0,298,0,0,0,298
09/30/2018,IND,IN,AGL,CE,Combined TRACON& Tower with Radar,251,65,37,0,353,0,11,6,0,17,251,76,43,0,370,0,0,0,370
10/01/2018,IND,IN,AGL,CE,Combined TRACON& Tower with Radar,281,73,27,0,381,0,13,17,1,31,281,86,44,1,412,0,0,0,412
10/02/2018,IND,IN,AGL,CE,Combined TRACON& Tower with Radar,411,74,50,2,537,0,14,5,3,22,411,88,55,5,559,0,0,0,559
10/03/2018,IND,IN,AGL,CE,Combined TRACON& Tower with Radar,427,65,53,0,545,0,22,12,1,35,427,87,65,1,580,0,0,0,580
10/04/2018,IND,IN,AGL,CE,Combined TRACON& Tower with Radar,422,73,35,0,530,0,10,5,0,15,422,83,40,0,545,0,0,0,545
10/05/2018,IND,IN,AGL,CE,Combined TRACON& Tower with Radar,400,61,30,1,492,0,9,7,1,17,400,70,37,2,509,0,0,0,509
10/06/2018,IND,IN,AGL,CE,Combined TRACON& Tower with Radar,262,47,17,1,327,0,4,8,0,12,262,51,25,1,339,0,0,0,339
10/07/2018,IND,IN,AGL,CE,Combined TRACON& Tower with Radar,284,60,29,1,374,0,8,14,0,22,284,68,43,1,396,0,0,0,396
10/08/2018,IND,IN,AGL,CE,Combined TRACON& Tower with Radar,303,67,42,2,414,0,29,3,0,32,303,96,45,2,446,0,0,0,446
10/09/2018,IND,IN,AGL,CE,Combined TRACON& Tower with Radar,438,72,55,4,569,0,24,9,2,35,438,96,64,6,604,0,0,0,604
10/10/2018,IND,IN,AGL,CE,Combined TRACON& Tower with Radar,433,60,39,2,534,0,4,3,0,7,433,64,42,2,541,0,0,0,541
10/11/2018,IND,IN,AGL,CE,Combined TRACON& Tower with Radar,409,64,47,2,522,0,10,7,1,18,409,74,54,3,540,0,0,0,540
10/12/2018,IND,IN,AGL,CE,Combined TRACON& Tower with Radar,397,59,26,3,485,0,22,13,3,38,397,81,39,6,523,0,0,0,523
10/13/2018,IND,IN,AGL,CE,Combined TRACON& Tower with Radar,268,50,13,4,335,0,8,0,1,9,268,58,13,5,344,0,0,0,344
10/14/2018,IND,IN,AGL,CE,Combined TRACON& Tower with Radar,268,59,30,4,361,0,2,4,3,9,268,61,34,7,370,0,0,0,370
10/15/2018,IND,IN,AGL,CE,Combined TRACON& Tower with Radar,295,63,47,2,407,0,6,8,0,14,295,69,55,2,421,0,0,0,421
10/16/2018,IND,IN,AGL,CE,Combined TRACON& Tower with Radar,454,69,37,4,564,0,25,9,2,36,454,94,46,6,600,0,0,0,600
10/17/2018,IND,IN,AGL,CE,Combined TRACON& Tower with Radar,438,68,43,3,552,0,14,11,0,25,438,82,54,3,577,0,0,0,577
10/18/2018,IND,IN,AGL,CE,Combined TRACON& Tower with Radar,434,66,41,5,546,0,27,6,1,34,434,93,47,6,580,0,0,0,580
10/19/2018,IND,IN,AGL,CE,Combined TRACON& Tower with Radar,385,59,29,2,475,0,25,6,0,31,385,84,35,2,506,0,0,0,506
10/20/2018,IND,IN,AGL,CE,Combined TRACON& Tower with Radar,266,44,21,4,335,0,7,1,2,10,266,51,22,6,345,0,0,0,345
10/21/2018,IND,IN,AGL,CE,Combined TRACON& Tower with Radar,268,56,25,6,355,0,10,11,4,25,268,66,36,10,380,0,0,0,380
10/22/2018,IND,IN,AGL,CE,Combined TRACON& Tower with Radar,288,65,37,4,394,0,17,9,3,29,288,82,46,7,423,0,0,0,423
10/23/2018,IND,IN,AGL,CE,Combined TRACON& Tower with Radar,439,60,42,2,543,0,25,14,0,39,439,85,56,2,582,0,0,0,582
10/24/2018,IND,IN,AGL,CE,Combined TRACON& Tower with Radar,428,71,32,5,536,0,21,12,1,34,428,92,44,6,570,0,0,0,570
10/25/2018,IND,IN,AGL,CE,Combined TRACON& Tower with Radar,429,63,51,0,543,0,29,8,2,39,429,92,59,2,582,0,0,0,582
10/26/2018,IND,IN,AGL,CE,Combined TRACON& Tower with Radar,391,62,42,9,504,0,1,0,0,1,391,63,42,9,505,0,0,0,505
10/27/2018,IND,IN,AGL,CE,Combined TRACON& Tower with Radar,253,47,12,3,315,0,2,9,3,14,253,49,21,6,329,0,0,0,329
10/28/2018,IND,IN,AGL,CE,Combined TRACON& Tower with Radar,265,58,26,0,349,0,0,6,1,7,265,58,32,1,356,0,0,0,356
10/29/2018,IND,IN,AGL,CE,Combined TRACON& Tower with Radar,296,62,40,3,401,0,20,20,0,40,296,82,60,3,441,0,0,0,441
10/30/2018,IND,IN,AGL,CE,Combined TRACON& Tower with Radar,413,68,42,3,526,0,26,9,0,35,413,94,51,3,561,0,0,0,561
10/31/2018,IND,IN,AGL,CE,Combined TRACON& Tower with Radar,373,76,27,1,477,0,1,1,0,2,373,77,28,1,479,0,0,0,479
11/01/2018,IND,IN,AGL,CE,Combined TRACON& Tower with Radar,404,74,50,5,533,0,0,0,0,0,404,74,50,5,533,0,0,0,533
11/02/2018,IND,IN,AGL,CE,Combined TRACON& Tower with Radar,378,61,26,9,474,0,7,4,9,20,378,68,30,18,494,0,0,0,494
11/03/2018,IND,IN,AGL,CE,Combined TRACON& Tower with Radar,250,38,3,3,294,0,11,7,0,18,250,49,10,3,312,0,0,0,312
11/04/2018,IND,IN,AGL,CE,Combined TRACON& Tower with Radar,254,56,10,2,322,0,0,1,0,1,254,56,11,2,323,0,0,0,323
11/05/2018,IND,IN,AGL,CE,Combined TRACON& Tower with Radar,284,60,51,0,395,0,20,6,0,26,284,80,57,0,421,0,0,0,421
11/06/2018,IND,IN,AGL,CE,Combined TRACON& Tower with Radar,418,75,103,2,598,0,7,7,0,14,418,82,110,2,612,0,0,0,612
11/07/2018,IND,IN,AGL,CE,Combined TRACON& Tower with Radar,424,84,78,7,593,0,35,37,1,73,424,119,115,8,666,0,0,0,666
11/08/2018,IND,IN,AGL,CE,Combined TRACON& Tower with Radar,422,62,44,4,532,0,25,34,1,60,422,87,78,5,592,0,0,0,592
11/09/2018,IND,IN,AGL,CE,Combined TRACON& Tower with Radar,373,63,45,0,481,0,4,1,0,5,373,67,46,0,486,0,0,0,486
11/10/2018,IND,IN,AGL,CE,Combined TRACON& Tower with Radar,241,42,25,0,308,0,21,4,1,26,241,63,29,1,334,0,0,0,334
11/11/2018,IND,IN,AGL,CE,Combined TRACON& Tower with Radar,254,60,28,0,342,0,13,5,0,18,254,73,33,0,360,0,0,0,360
11/12/2018,IND,IN,AGL,CE,Combined TRACON& Tower with Radar,286,64,27,0,377,0,23,14,0,37,286,87,41,0,414,0,0,0,414
11/13/2018,IND,IN,AGL,CE,Combined TRACON& Tower with Radar,425,66,49,3,543,0,8,6,0,14,425,74,55,3,557,0,0,0,557
11/14/2018,IND,IN,AGL,CE,Combined TRACON& Tower with Radar,405,76,44,2,527,0,25,9,2,36,405,101,53,4,563,0,0,0,563
11/15/2018,IND,IN,AGL,CE,Combined TRACON& Tower with Radar,381,58,29,0,468,0,0,0,0,0,381,58,29,0,468,0,0,0,468
11/16/2018,IND,IN,AGL,CE,Combined TRACON& Tower with Radar,414,66,37,2,519,0,0,6,1,7,414,66,43,3,526,0,0,0,526
11/17/2018,IND,IN,AGL,CE,Combined TRACON& Tower with Radar,271,45,12,1,329,0,3,3,0,6,271,48,15,1,335,0,0,0,335
11/18/2018,IND,IN,AGL,CE,Combined TRACON& Tower with Radar,256,66,20,4,346,0,2,2,1,5,256,68,22,5,351,0,0,0,351
11/19/2018,IND,IN,AGL,CE,Combined TRACON& Tower with Radar,271,57,36,6,370,0,0,0,0,0,271,57,36,6,370,0,0,0,370
11/20/2018,IND,IN,AGL,CE,Combined TRACON& Tower with Radar,441,68,30,2,541,0,13,8,0,21,441,81,38,2,562,0,0,0,562
11/21/2018,IND,IN,AGL,CE,Combined TRACON& Tower with Radar,453,66,32,0,551,0,9,8,0,17,453,75,40,0,568,0,0,0,568
11/22/2018,IND,IN,AGL,CE,Combined TRACON& Tower with Radar,209,21,3,0,233,0,1,2,0,3,209,22,5,0,236,0,0,0,236
11/23/2018,IND,IN,AGL,CE,Combined TRACON& Tower with Radar,236,39,13,2,290,0,0,2,0,2,236,39,15,2,292,0,0,0,292
11/24/2018,IND,IN,AGL,CE,Combined TRACON& Tower with Radar,302,56,8,2,368,0,3,3,0,6,302,59,11,2,374,0,0,0,374
11/25/2018,IND,IN,AGL,CE,Combined TRACON& Tower with Radar,292,79,36,0,407,0,2,5,0,7,292,81,41,0,414,0,0,0,414
11/26/2018,IND,IN,AGL,CE,Combined TRACON& Tower with Radar,288,74,33,0,395,0,0,0,0,0,288,74,33,0,395,0,0,0,395
11/27/2018,IND,IN,AGL,CE,Combined TRACON& Tower with Radar,468,75,27,4,574,0,2,0,0,2,468,77,27,4,576,0,0,0,576
11/28/2018,IND,IN,AGL,CE,Combined TRACON& Tower with Radar,463,80,54,1,598,0,10,20,0,30,463,90,74,1,628,0,0,0,628
11/29/2018,IND,IN,AGL,CE,Combined TRACON& Tower with Radar,481,65,53,2,601,0,14,6,0,20,481,79,59,2,621,0,0,0,621
11/30/2018,IND,IN,AGL,CE,Combined TRACON& Tower with Radar,447,76,39,0,562,0,0,0,0,0,447,76,39,0,562,0,0,0,562
12/01/2018,IND,IN,AGL,CE,Combined TRACON& Tower with Radar,275,61,26,1,363,0,0,1,0,1,275,61,27,1,364,0,0,0,364
12/02/2018,IND,IN,AGL,CE,Combined TRACON& Tower with Radar,267,72,45,2,386,0,6,4,0,10,267,78,49,2,396,0,0,0,396
12/03/2018,IND,IN,AGL,CE,Combined TRACON& Tower with Radar,289,60,52,2,403,0,0,1,0,1,289,60,53,2,404,0,0,0,404
12/04/2018,IND,IN,AGL,CE,Combined TRACON& Tower with Radar,462,70,48,2,582,0,3,3,0,6,462,73,51,2,588,0,0,0,588
12/05/2018,IND,IN,AGL,CE,Combined TRACON& Tower with Radar,462,79,59,0,600,0,22,5,0,27,462,101,64,0,627,0,0,0,627
12/06/2018,IND,IN,AGL,CE,Combined TRACON& Tower with Radar,489,75,58,6,628,0,12,4,0,16,489,87,62,6,644,0,0,0,644
12/07/2018,IND,IN,AGL,CE,Combined TRACON& Tower with Radar,454,79,46,4,583,0,28,11,2,41,454,107,57,6,624,0,0,0,624
12/08/2018,IND,IN,AGL,CE,Combined TRACON& Tower with Radar,251,43,26,0,320,0,30,10,1,41,251,73,36,1,361,0,0,0,361
12/09/2018,IND,IN,AGL,CE,Combined TRACON& Tower with Radar,236,62,29,0,327,0,37,4,0,41,236,99,33,0,368,0,0,0,368
12/10/2018,IND,IN,AGL,CE,Combined TRACON& Tower with Radar,285,62,46,2,395,0,9,3,0,12,285,71,49,2,407,0,0,0,407
12/11/2018,IND,IN,AGL,CE,Combined TRACON& Tower with Radar,463,81,71,2,617,0,35,13,1,49,463,116,84,3,666,0,0,0,666
12/12/2018,IND,IN,AGL,CE,Combined TRACON& Tower with Radar,476,71,48,2,597,0,29,10,0,39,476,100,58,2,636,0,0,0,636
12/13/2018,IND,IN,AGL,CE,Combined TRACON& Tower with Radar,481,65,47,6,599,0,0,2,0,2,481,65,49,6,601,0,0,0,601
12/14/2018,IND,IN,AGL,CE,Combined TRACON& Tower with Radar,461,78,34,4,577,0,12,1,1,14,461,90,35,5,591,0,0,0,591
12/15/2018,IND,IN,AGL,CE,Combined TRACON& Tower with Radar,370,41,15,1,427,0,1,0,0,1,370,42,15,1,428,0,0,0,428
12/16/2018,IND,IN,AGL,CE,Combined TRACON& Tower with Radar,311,64,45,2,422,0,26,8,0,34,311,90,53,2,456,0,0,0,456
12/17/2018,IND,IN,AGL,CE,Combined TRACON& Tower with Radar,285,63,36,0,384,0,38,29,0,67,285,101,65,0,451,0,0,0,451
12/18/2018,IND,IN,AGL,CE,Combined TRACON& Tower with Radar,475,54,41,2,572,0,35,11,5,51,475,89,52,7,623,0,0,0,623
12/19/2018,IND,IN,AGL,CE,Combined TRACON& Tower with Radar,471,91,38,0,600,0,41,13,0,54,471,132,51,0,654,0,0,0,654
12/20/2018,IND,IN,AGL,CE,Combined TRACON& Tower with Radar,483,77,43,0,603,0,22,0,0,22,483,99,43,0,625,0,0,0,625
12/21/2018,IND,IN,AGL,CE,Combined TRACON& Tower with Radar,475,83,14,0,572,0,0,2,0,2,475,83,16,0,574,0,0,0,574
12/22/2018,IND,IN,AGL,CE,Combined TRACON& Tower with Radar,431,61,9,0,501,0,4,5,0,9,431,65,14,0,510,0,0,0,510
12/23/2018,IND,IN,AGL,CE,Combined TRACON& Tower with Radar,319,61,17,0,397,0,7,1,1,9,319,68,18,1,406,0,0,0,406
12/24/2018,IND,IN,AGL,CE,Combined TRACON& Tower with Radar,203,55,1,0,259,0,1,5,2,8,203,56,6,2,267,0,0,0,267
12/25/2018,IND,IN,AGL,CE,Combined TRACON& Tower with Radar,175,35,0,0,210,0,1,1,0,2,175,36,1,0,212,0,0,0,212
12/26/2018,IND,IN,AGL,CE,Combined TRACON& Tower with Radar,333,74,21,0,428,0,1,11,0,12,333,75,32,0,440,0,0,0,440
12/27/2018,IND,IN,AGL,CE,Combined TRACON& Tower with Radar,463,75,22,0,560,0,0,0,0,0,463,75,22,0,560,0,0,0,560
12/28/2018,IND,IN,AGL,CE,Combined TRACON& Tower with Radar,428,63,25,0,516,0,1,3,0,4,428,64,28,0,520,0,0,0,520
12/29/2018,IND,IN,AGL,CE,Combined TRACON& Tower with Radar,310,44,9,0,363,0,0,2,0,2,310,44,11,0,365,0,0,0,365
12/30/2018,IND,IN,AGL,CE,Combined TRACON& Tower with Radar,264,68,21,0,353,0,10,4,0,14,264,78,25,0,367,0,0,0,367
12/31/2018,IND,IN,AGL,CE,Combined TRACON& Tower with Radar,234,51,5,0,290,0,0,0,0,0,234,51,5,0,290,0,0,0,290
01/01/2019,IND,IN,AGL,CE,Combined TRACON& Tower with Radar,244,53,11,0,308,0,0,0,0,0,244,53,11,0,308,0,0,0,308
01/02/2019,IND,IN,AGL,CE,Combined TRACON& Tower with Radar,371,61,34,2,468,0,5,0,0,5,371,66,34,2,473,0,0,0,473
01/03/2019,IND,IN,AGL,CE,Combined TRACON& Tower with Radar,421,64,34,2,521,0,50,8,0,58,421,114,42,2,579,0,0,0,579
01/04/2019,IND,IN,AGL,CE,Combined TRACON& Tower with Radar,358,64,20,0,442,0,33,12,2,47,358,97,32,2,489,0,0,0,489
01/05/2019,IND,IN,AGL,CE,Combined TRACON& Tower with Radar,226,57,17,2,302,0,17,3,0,20,226,74,20,2,322,0,0,0,322
01/06/2019,IND,IN,AGL,CE,Combined TRACON& Tower with Radar,241,64,21,2,328,0,20,5,0,25,241,84,26,2,353,0,0,0,353
01/07/2019,IND,IN,AGL,CE,Combined TRACON& Tower with Radar,266,63,23,5,357,0,19,1,0,20,266,82,24,5,377,0,0,0,377
01/08/2019,IND,IN,AGL,CE,Combined TRACON& Tower with Radar,402,68,44,3,517,0,10,1,0,11,402,78,45,3,528,0,0,0,528
01/09/2019,IND,IN,AGL,CE,Combined TRACON& Tower with Radar,392,73,29,2,496,0,8,4,0,12,392,81,33,2,508,0,0,0,508
01/10/2019,IND,IN,AGL,CE,Combined TRACON& Tower with Radar,392,66,21,1,480,0,55,6,3,64,392,121,27,4,544,0,0,0,544
01/11/2019,IND,IN,AGL,CE,Combined TRACON& Tower with Radar,356,68,25,2,451,0,31,8,0,39,356,99,33,2,490,0,0,0,490
01/12/2019,IND,IN,AGL,CE,Combined TRACON& Tower with Radar,204,37,24,0,265,0,1,0,0,1,204,38,24,0,266,0,0,0,266
01/13/2019,IND,IN,AGL,CE,Combined TRACON& Tower with Radar,211,56,11,0,278,0,1,4,0,5,211,57,15,0,283,0,0,0,283
01/14/2019,IND,IN,AGL,CE,Combined TRACON& Tower with Radar,271,72,33,1,377,0,40,4,1,45,271,112,37,2,422,0,0,0,422
01/15/2019,IND,IN,AGL,CE,Combined TRACON& Tower with Radar,387,75,23,3,488,0,0,0,0,0,387,75,23,3,488,0,0,0,488
01/16/2019,IND,IN,AGL,CE,Combined TRACON& Tower with Radar,396,69,36,4,505,0,0,0,0,0,396,69,36,4,505,0,0,0,505
01/17/2019,IND,IN,AGL,CE,Combined TRACON& Tower with Radar,390,78,31,2,501,0,0,0,0,0,390,78,31,2,501,0,0,0,501
01/18/2019,IND,IN,AGL,CE,Combined TRACON& Tower with Radar,357,83,31,0,471,0,6,1,0,7,357,89,32,0,478,0,0,0,478
01/19/2019,IND,IN,AGL,CE,Combined TRACON& Tower with Radar,219,17,9,0,245,0,0,0,0,0,219,17,9,0,245,0,0,0,245
01/20/2019,IND,IN,AGL,CE,Combined TRACON& Tower with Radar,212,58,24,6,300,0,29,2,0,31,212,87,26,6,331,0,0,0,331
01/21/2019,IND,IN,AGL,CE,Combined TRACON& Tower with Radar,258,74,25,2,359,0,57,11,1,69,258,131,36,3,428,0,0,0,428
01/22/2019,IND,IN,AGL,CE,Combined TRACON& Tower with Radar,409,70,30,0,509,0,36,9,1,46,409,106,39,1,555,0,0,0,555
01/23/2019,IND,IN,AGL,CE,Combined TRACON& Tower with Radar,403,65,37,0,505,0,0,0,0,0,403,65,37,0,505,0,0,0,505
01/24/2019,IND,IN,AGL,CE,Combined TRACON& Tower with Radar,384,61,45,0,490,0,13,7,0,20,384,74,52,0,510,0,0,0,510
01/25/2019,IND,IN,AGL,CE,Combined TRACON& Tower with Radar,361,73,42,1,477,0,65,5,0,70,361,138,47,1,547,0,0,0,547
01/26/2019,IND,IN,AGL,CE,Combined TRACON& Tower with Radar,228,46,16,0,290,0,13,2,0,15,228,59,18,0,305,0,0,0,305
01/27/2019,IND,IN,AGL,CE,Combined TRACON& Tower with Radar,233,61,29,0,323,0,20,4,0,24,233,81,33,0,347,0,0,0,347
01/28/2019,IND,IN,AGL,CE,Combined TRACON& Tower with Radar,282,63,34,2,381,0,9,0,0,9,282,72,34,2,390,0,0,0,390
01/29/2019,IND,IN,AGL,CE,Combined TRACON& Tower with Radar,362,78,47,0,487,0,4,1,0,5,362,82,48,0,492,0,0,0,492
01/30/2019,IND,IN,AGL,CE,Combined TRACON& Tower with Radar,353,66,39,1,459,0,19,9,0,28,353,85,48,1,487,0,0,0,487
01/31/2019,IND,IN,AGL,CE,Combined TRACON& Tower with Radar,371,66,34,2,473,0,59,5,0,64,371,125,39,2,537,0,0,0,537
02/01/2019,IND,IN,AGL,CE,Combined TRACON& Tower with Radar,358,56,21,0,435,0,8,2,0,10,358,64,23,0,445,0,0,0,445
02/02/2019,IND,IN,AGL,CE,Combined TRACON& Tower with Radar,247,43,17,0,307,0,2,0,0,2,247,45,17,0,309,0,0,0,309
02/03/2019,IND,IN,AGL,CE,Combined TRACON& Tower with Radar,201,60,16,0,277,0,23,7,1,31,201,83,23,1,308,0,0,0,308
02/04/2019,IND,IN,AGL,CE,Combined TRACON& Tower with Radar,266,72,50,0,388,0,11,0,0,11,266,83,50,0,399,0,0,0,399
02/05/2019,IND,IN,AGL,CE,Combined TRACON& Tower with Radar,403,80,43,0,526,0,0,0,0,0,403,80,43,0,526,0,0,0,526
02/06/2019,IND,IN,AGL,CE,Combined TRACON& Tower with Radar,393,73,38,0,504,0,0,0,0,0,393,73,38,0,504,0,0,0,504
02/07/2019,IND,IN,AGL,CE,Combined TRACON& Tower with Radar,412,83,24,0,519,0,0,0,0,0,412,83,24,0,519,0,0,0,519
02/08/2019,IND,IN,AGL,CE,Combined TRACON& Tower with Radar,366,76,38,2,482,0,43,8,3,54,366,119,46,5,536,0,0,0,536
02/09/2019,IND,IN,AGL,CE,Combined TRACON& Tower with Radar,237,37,19,0,293,0,51,14,0,65,237,88,33,0,358,0,0,0,358
02/10/2019,IND,IN,AGL,CE,Combined TRACON& Tower with Radar,236,63,32,1,332,0,2,3,0,5,236,65,35,1,337,0,0,0,337
02/11/2019,IND,IN,AGL,CE,Combined TRACON& Tower with Radar,269,68,46,1,384,0,0,0,0,0,269,68,46,1,384,0,0,0,384
02/12/2019,IND,IN,AGL,CE,Combined TRACON& Tower with Radar,378,61,60,0,499,0,0,0,0,0,378,61,60,0,499,0,0,0,499
02/13/2019,IND,IN,AGL,CE,Combined TRACON& Tower with Radar,415,83,55,7,560,0,56,10,1,67,415,139,65,8,627,0,0,0,627
02/14/2019,IND,IN,AGL,CE,Combined TRACON& Tower with Radar,400,88,40,0,528,0,62,8,0,70,400,150,48,0,598,0,0,0,598
02/15/2019,IND,IN,AGL,CE,Combined TRACON& Tower with Radar,368,87,39,2,496,0,47,5,0,52,368,134,44,2,548,0,0,0,548
02/16/2019,IND,IN,AGL,CE,Combined TRACON& Tower with Radar,231,41,12,0,284,0,37,8,2,47,231,78,20,2,331,0,0,0,331
02/17/2019,IND,IN,AGL,CE,Combined TRACON& Tower with Radar,211,46,20,0,277,0,1,2,0,3,211,47,22,0,280,0,0,0,280
02/18/2019,IND,IN,AGL,CE,Combined TRACON& Tower with Radar,261,86,39,0,386,0,11,4,0,15,261,97,43,0,401,0,0,0,401
02/19/2019,IND,IN,AGL,CE,Combined TRACON& Tower with Radar,390,98,40,2,530,0,70,12,2,84,390,168,52,4,614,0,0,0,614
02/20/2019,IND,IN,AGL,CE,Combined TRACON& Tower with Radar,366,79,52,0,497,0,0,0,0,0,366,79,52,0,497,0,0,0,497
02/21/2019,IND,IN,AGL,CE,Combined TRACON& Tower with Radar,409,103,49,5,566,0,75,24,2,101,409,178,73,7,667,0,0,0,667
02/22/2019,IND,IN,AGL,CE,Combined TRACON& Tower with Radar,373,78,33,2,486,0,64,3,1,68,373,142,36,3,554,0,0,0,554
02/23/2019,IND,IN,AGL,CE,Combined TRACON& Tower with Radar,231,54,19,0,304,0,1,1,0,2,231,55,20,0,306,0,0,0,306
02/24/2019,IND,IN,AGL,CE,Combined TRACON& Tower with Radar,232,71,21,0,324,0,0,3,0,3,232,71,24,0,327,0,0,0,327
02/25/2019,IND,IN,AGL,CE,Combined TRACON& Tower with Radar,264,90,55,0,409,0,61,10,0,71,264,151,65,0,480,0,0,0,480
02/26/2019,IND,IN,AGL,CE,Combined TRACON& Tower with Radar,408,101,48,3,560,0,62,23,1,86,408,163,71,4,646,0,0,0,646
02/27/2019,IND,IN,AGL,CE,Combined TRACON& Tower with Radar,403,100,40,0,543,0,47,15,4,66,403,147,55,4,609,0,0,0,609
02/28/2019,IND,IN,AGL,CE,Combined TRACON& Tower with Radar,405,85,51,0,541,0,34,2,0,36,405,119,53,0,577,0,0,0,577
03/01/2019,IND,IN,AGL,CE,Combined TRACON& Tower with Radar,385,90,41,0,516,0,56,5,1,62,385,146,46,1,578,0,0,0,578
03/02/2019,IND,IN,AGL,CE,Combined TRACON& Tower with Radar,251,61,17,0,329,0,2,3,0,5,251,63,20,0,334,0,0,0,334
03/03/2019,IND,IN,AGL,CE,Combined TRACON& Tower with Radar,232,68,22,0,322,0,0,1,1,2,232,68,23,1,324,0,0,0,324
03/04/2019,IND,IN,AGL,CE,Combined TRACON& Tower with Radar,266,83,45,4,398,0,56,5,2,63,266,139,50,6,461,0,0,0,461
03/05/2019,IND,IN,AGL,CE,Combined TRACON& Tower with Radar,408,83,38,0,529,0,28,3,0,31,408,111,41,0,560,0,0,0,560
03/06/2019,IND,IN,AGL,CE,Combined TRACON& Tower with Radar,429,88,61,5,583,0,74,11,1,86,429,162,72,6,669,0,0,0,669
03/07/2019,IND,IN,AGL,CE,Combined TRACON& Tower with Radar,420,95,69,3,587,0,43,9,0,52,420,138,78,3,639,0,0,0,639
03/08/2019,IND,IN,AGL,CE,Combined TRACON& Tower with Radar,387,75,41,2,505,0,0,0,0,0,387,75,41,2,505,0,0,0,505
03/09/2019,IND,IN,AGL,CE,Combined TRACON& Tower with Radar,271,47,16,0,334,0,0,0,0,0,271,47,16,0,334,0,0,0,334
03/10/2019,IND,IN,AGL,CE,Combined TRACON& Tower with Radar,276,62,19,0,357,0,0,3,0,3,276,62,22,0,360,0,0,0,360
03/11/2019,IND,IN,AGL,CE,Combined TRACON& Tower with Radar,292,73,40,6,411,0,71,9,0,80,292,144,49,6,491,0,0,0,491
03/12/2019,IND,IN,AGL,CE,Combined TRACON& Tower with Radar,423,86,33,3,545,0,61,0,1,62,423,147,33,4,607,0,0,0,607
03/13/2019,IND,IN,AGL,CE,Combined TRACON& Tower with Radar,419,84,49,4,556,0,54,1,0,55,419,138,50,4,611,0,0,0,611
03/14/2019,IND,IN,AGL,CE,Combined TRACON& Tower with Radar,421,70,28,0,519,0,0,0,0,0,421,70,28,0,519,0,0,0,519
03/15/2019,IND,IN,AGL,CE,Combined TRACON& Tower with Radar,378,78,45,2,503,0,0,4,0,4,378,78,49,2,507,0,0,0,507
03/16/2019,IND,IN,AGL,CE,Combined TRACON& Tower with Radar,284,65,22,1,372,0,21,8,0,29,284,86,30,1,401,0,0,0,401
03/17/2019,IND,IN,AGL,CE,Combined TRACON& Tower with Radar,263,65,11,0,339,0,13,2,0,15,263,78,13,0,354,0,0,0,354
03/18/2019,IND,IN,AGL,CE,Combined TRACON& Tower with Radar,286,78,26,2,392,0,77,9,0,86,286,155,35,2,478,0,0,0,478
03/19/2019,IND,IN,AGL,CE,Combined TRACON& Tower with Radar,418,81,39,2,540,0,51,10,2,63,418,132,49,4,603,0,0,0,603
03/20/2019,IND,IN,AGL,CE,Combined TRACON& Tower with Radar,426,90,38,2,556,0,22,1,0,23,426,112,39,2,579,0,0,0,579
03/21/2019,IND,IN,AGL,CE,Combined TRACON& Tower with Radar,428,101,57,2,588,0,1,0,0,1,428,102,57,2,589,0,0,0,589
03/22/2019,IND,IN,AGL,CE,Combined TRACON& Tower with Radar,385,76,36,2,499,2,50,15,1,68,387,126,51,3,567,0,0,0,567
03/23/2019,IND,IN,AGL,CE,Combined TRACON& Tower with Radar,267,63,22,8,360,0,20,9,7,36,267,83,31,15,396,0,0,0,396
03/24/2019,IND,IN,AGL,CE,Combined TRACON& Tower with Radar,271,70,29,7,377,0,0,0,0,0,271,70,29,7,377,0,0,0,377
03/25/2019,IND,IN,AGL,CE,Combined TRACON& Tower with Radar,292,85,35,0,412,0,30,2,0,32,292,115,37,0,444,0,0,0,444
03/26/2019,IND,IN,AGL,CE,Combined TRACON& Tower with Radar,431,74,42,0,547,0,70,3,0,73,431,144,45,0,620,0,0,0,620
03/27/2019,IND,IN,AGL,CE,Combined TRACON& Tower with Radar,429,78,33,3,543,0,77,4,1,82,429,155,37,4,625,0,0,0,625
03/28/2019,IND,IN,AGL,CE,Combined TRACON& Tower with Radar,411,83,31,4,529,0,53,4,2,59,411,136,35,6,588,0,0,0,588
03/29/2019,IND,IN,AGL,CE,Combined TRACON& Tower with Radar,384,103,33,2,522,0,5,0,0,5,384,108,33,2,527,0,0,0,527
03/30/2019,IND,IN,AGL,CE,Combined TRACON& Tower with Radar,289,55,14,0,358,0,0,0,0,0,289,55,14,0,358,0,0,0,358
03/31/2019,IND,IN,AGL,CE,Combined TRACON& Tower with Radar,266,75,11,0,352,0,7,6,0,13,266,82,17,0,365,0,0,0,365
04/01/2019,IND,IN,AGL,CE,Combined TRACON& Tower with Radar,283,75,41,0,399,0,44,5,0,49,283,119,46,0,448,0,0,0,448
04/02/2019,IND,IN,AGL,CE,Combined TRACON& Tower with Radar,435,85,28,2,550,0,51,10,0,61,435,136,38,2,611,0,0,0,611
04/03/2019,IND,IN,AGL,CE,Combined TRACON& Tower with Radar,438,85,25,1,549,0,55,4,2,61,438,140,29,3,610,0,0,0,610
04/04/2019,IND,IN,AGL,CE,Combined TRACON& Tower with Radar,423,89,31,3,546,0,37,3,3,43,423,126,34,6,589,0,0,0,589
04/05/2019,IND,IN,AGL,CE,Combined TRACON& Tower with Radar,381,94,27,2,504,0,9,5,0,14,381,103,32,2,518,0,0,0,518
04/06/2019,IND,IN,AGL,CE,Combined TRACON& Tower with Radar,272,59,21,0,352,0,46,3,0,49,272,105,24,0,401,0,0,0,401
04/07/2019,IND,IN,AGL,CE,Combined TRACON& Tower with Radar,268,73,23,0,364,0,5,0,0,5,268,78,23,0,369,0,0,0,369
04/08/2019,IND,IN,AGL,CE,Combined TRACON& Tower with Radar,289,79,24,2,394,0,55,10,0,65,289,134,34,2,459,0,0,0,459
04/09/2019,IND,IN,AGL,CE,Combined TRACON& Tower with Radar,419,85,45,2,551,0,62,5,0,67,419,147,50,2,618,0,0,0,618
04/10/2019,IND,IN,AGL,CE,Combined TRACON& Tower with Radar,422,88,56,2,568,0,46,10,0,56,422,134,66,2,624,0,0,0,624
04/11/2019,IND,IN,AGL,CE,Combined TRACON& Tower with Radar,420,94,50,6,570,0,25,3,0,28,420,119,53,6,598,0,0,0,598
04/12/2019,IND,IN,AGL,CE,Combined TRACON& Tower with Radar,383,82,32,2,499,0,14,0,0,14,383,96,32,2,513,0,0,0,513
04/13/2019,IND,IN,AGL,CE,Combined TRACON& Tower with Radar,247,55,19,0,321,0,53,7,1,61,247,108,26,1,382,0,0,0,382
04/14/2019,IND,IN,AGL,CE,Combined TRACON& Tower with Radar,258,68,30,0,356,0,0,0,0,0,258,68,30,0,356,0,0,0,356
04/15/2019,IND,IN,AGL,CE,Combined TRACON& Tower with Radar,290,94,30,2,416,0,34,8,0,42,290,128,38,2,458,0,0,0,458
04/16/2019,IND,IN,AGL,CE,Combined TRACON& Tower with Radar,409,80,43,2,534,0,46,8,0,54,409,126,51,2,588,0,0,0,588
04/17/2019,IND,IN,AGL,CE,Combined TRACON& Tower with Radar,417,77,29,6,529,0,70,6,0,76,417,147,35,6,605,0,0,0,605
04/18/2019,IND,IN,AGL,CE,Combined TRACON& Tower with Radar,413,79,41,2,535,0,1,0,0,1,413,80,41,2,536,0,0,0,536
04/19/2019,IND,IN,AGL,CE,Combined TRACON& Tower with Radar,375,68,17,2,462,0,0,3,0,3,375,68,20,2,465,0,0,0,465
04/20/2019,IND,IN,AGL,CE,Combined TRACON& Tower with Radar,245,51,4,0,300,0,0,0,0,0,245,51,4,0,300,0,0,0,300
04/21/2019,IND,IN,AGL,CE,Combined TRACON& Tower with Radar,242,71,8,0,321,0,0,2,0,2,242,71,10,0,323,0,0,0,323
04/22/2019,IND,IN,AGL,CE,Combined TRACON& Tower with Radar,303,76,34,1,414,0,53,4,0,57,303,129,38,1,471,0,0,0,471
04/23/2019,IND,IN,AGL,CE,Combined TRACON& Tower with Radar,417,98,25,6,546,0,26,4,1,31,417,124,29,7,577,0,0,0,577
04/24/2019,IND,IN,AGL,CE,Combined TRACON& Tower with Radar,408,102,46,0,556,0,42,5,0,47,408,144,51,0,603,0,0,0,603
04/25/2019,IND,IN,AGL,CE,Combined TRACON& Tower with Radar,407,100,63,6,576,0,0,0,0,0,407,100,63,6,576,0,0,0,576
04/26/2019,IND,IN,AGL,CE,Combined TRACON& Tower with Radar,365,81,39,12,497,0,15,1,4,20,365,96,40,16,517,0,0,0,517
04/27/2019,IND,IN,AGL,CE,Combined TRACON& Tower with Radar,256,57,25,2,340,0,46,1,1,48,256,103,26,3,388,0,0,0,388
04/28/2019,IND,IN,AGL,CE,Combined TRACON& Tower with Radar,251,89,36,1,377,0,21,10,0,31,251,110,46,1,408,0,0,0,408
04/29/2019,IND,IN,AGL,CE,Combined TRACON& Tower with Radar,288,76,36,5,405,0,36,4,0,40,288,112,40,5,445,0,0,0,445
04/30/2019,IND,IN,AGL,CE,Combined TRACON& Tower with Radar,420,102,45,0,567,0,14,1,0,15,420,116,46,0,582,0,0,0,582
05/01/2019,IND,IN,AGL,CE,Combined TRACON& Tower with Radar,419,84,44,4,551,0,33,3,3,39,419,117,47,7,590,0,0,0,590
05/02/2019,IND,IN,AGL,CE,Combined TRACON& Tower with Radar,412,79,37,2,530,0,16,2,0,18,412,95,39,2,548,0,0,0,548
05/03/2019,IND,IN,AGL,CE,Combined TRACON& Tower with Radar,390,88,41,0,519,0,0,1,0,1,390,88,42,0,520,0,0,0,520
05/04/2019,IND,IN,AGL,CE,Combined TRACON& Tower with Radar,240,63,15,0,318,0,8,0,4,12,240,71,15,4,330,0,0,0,330
05/05/2019,IND,IN,AGL,CE,Combined TRACON& Tower with Radar,252,93,21,0,366,0,49,2,2,53,252,142,23,2,419,0,0,0,419
05/06/2019,IND,IN,AGL,CE,Combined TRACON& Tower with Radar,300,86,32,4,422,0,64,8,1,73,300,150,40,5,495,0,0,0,495
05/07/2019,IND,IN,AGL,CE,Combined TRACON& Tower with Radar,433,75,37,3,548,0,53,9,0,62,433,128,46,3,610,0,0,0,610
05/08/2019,IND,IN,AGL,CE,Combined TRACON& Tower with Radar,438,81,45,3,567,0,54,10,1,65,438,135,55,4,632,0,0,0,632
05/09/2019,IND,IN,AGL,CE,Combined TRACON& Tower with Radar,430,102,48,4,584,0,13,3,0,16,430,115,51,4,600,0,0,0,600
05/10/2019,IND,IN,AGL,CE,Combined TRACON& Tower with Radar,382,105,48,2,537,0,23,8,0,31,382,128,56,2,568,0,0,0,568
05/11/2019,IND,IN,AGL,CE,Combined TRACON& Tower with Radar,232,72,28,2,334,0,48,11,0,59,232,120,39,2,393,0,0,0,393
05/12/2019,IND,IN,AGL,CE,Combined TRACON& Tower with Radar,253,72,18,0,343,0,0,0,0,0,253,72,18,0,343,0,0,0,343
05/13/2019,IND,IN,AGL,CE,Combined TRACON& Tower with Radar,283,82,49,2,416,0,23,6,1,30,283,105,55,3,446,0,0,0,446
05/14/2019,IND,IN,AGL,CE,Combined TRACON& Tower with Radar,427,87,53,6,573,0,73,4,0,77,427,160,57,6,650,0,0,0,650
05/15/2019,IND,IN,AGL,CE,Combined TRACON& Tower with Radar,433,93,54,5,585,0,82,11,1,94,433,175,65,6,679,0,0,0,679
05/16/2019,IND,IN,AGL,CE,Combined TRACON& Tower with Radar,427,95,43,4,569,0,36,8,1,45,427,131,51,5,614,0,0,0,614
05/17/2019,IND,IN,AGL,CE,Combined TRACON& Tower with Radar,382,85,23,4,494,0,57,6,1,64,382,142,29,5,558,0,0,0,558
05/18/2019,IND,IN,AGL,CE,Combined TRACON& Tower with Radar,244,63,33,1,341,12,45,2,0,59,256,108,35,1,400,0,0,0,400
05/19/2019,IND,IN,AGL,CE,Combined TRACON& Tower with Radar,244,70,21,0,335,0,4,0,0,4,244,74,21,0,339,0,0,0,339
05/20/2019,IND,IN,AGL,CE,Combined TRACON& Tower with Radar,287,97,32,2,418,0,59,3,0,62,287,156,35,2,480,0,0,0,480
05/21/2019,IND,IN,AGL,CE,Combined TRACON& Tower with Radar,436,93,31,0,560,0,39,1,0,40,436,132,32,0,600,0,0,0,600
05/22/2019,IND,IN,AGL,CE,Combined TRACON& Tower with Radar,419,97,56,5,577,0,42,2,0,44,419,139,58,5,621,0,0,0,621
05/23/2019,IND,IN,AGL,CE,Combined TRACON& Tower with Radar,426,113,63,0,602,0,33,6,2,41,426,146,69,2,643,0,0,0,643
05/24/2019,IND,IN,AGL,CE,Combined TRACON& Tower with Radar,388,115,73,5,581,0,56,30,0,86,388,171,103,5,667,0,0,0,667
05/25/2019,IND,IN,AGL,CE,Combined TRACON& Tower with Radar,252,59,40,3,354,0,38,6,5,49,252,97,46,8,403,0,0,0,403
05/26/2019,IND,IN,AGL,CE,Combined TRACON& Tower with Radar,212,100,99,2,413,0,0,56,4,60,212,100,155,6,473,0,0,0,473
05/27/2019,IND,IN,AGL,CE,Combined TRACON& Tower with Radar,296,89,47,0,432,4,2,4,0,10,300,91,51,0,442,0,0,0,442
05/28/2019,IND,IN,AGL,CE,Combined TRACON& Tower with Radar,286,87,36,11,420,0,56,1,0,57,286,143,37,11,477,0,0,0,477
05/29/2019,IND,IN,AGL,CE,Combined TRACON& Tower with Radar,451,93,35,0,579,0,15,1,0,16,451,108,36,0,595,0,0,0,595
05/30/2019,IND,IN,AGL,CE,Combined TRACON& Tower with Radar,398,97,51,0,546,0,30,2,0,32,398,127,53,0,578,0,0,0,578
05/31/2019,IND,IN,AGL,CE,Combined TRACON& Tower with Radar,412,83,46,0,541,0,73,7,0,80,412,156,53,0,621,0,0,0,621
06/01/2019,IND,IN,AGL,CE,Combined TRACON& Tower with Radar,242,56,8,1,307,0,59,6,0,65,242,115,14,1,372,0,0,0,372
06/02/2019,IND,IN,AGL,CE,Combined TRACON& Tower with Radar,257,83,14,1,355,0,49,0,0,49,257,132,14,1,404,0,0,0,404
06/03/2019,IND,IN,AGL,CE,Combined TRACON& Tower with Radar,299,81,30,2,412,0,74,8,0,82,299,155,38,2,494,0,0,0,494
06/04/2019,IND,IN,AGL,CE,Combined TRACON& Tower with Radar,432,75,54,2,563,0,56,5,1,62,432,131,59,3,625,0,0,0,625
06/05/2019,IND,IN,AGL,CE,Combined TRACON& Tower with Radar,428,76,51,3,558,0,16,5,0,21,428,92,56,3,579,0,0,0,579
06/06/2019,IND,IN,AGL,CE,Combined TRACON& Tower with Radar,422,71,63,6,562,0,45,9,0,54,422,116,72,6,616,0,0,0,616
06/07/2019,IND,IN,AGL,CE,Combined TRACON& Tower with Radar,371,68,35,7,481,0,69,7,0,76,371,137,42,7,557,0,0,0,557
06/08/2019,IND,IN,AGL,CE,Combined TRACON& Tower with Radar,231,51,14,5,301,0,43,2,0,45,231,94,16,5,346,0,0,0,346
06/09/2019,IND,IN,AGL,CE,Combined TRACON& Tower with Radar,243,77,17,0,337,0,2,0,0,2,243,79,17,0,339,0,0,0,339
06/10/2019,IND,IN,AGL,CE,Combined TRACON& Tower with Radar,281,67,46,1,395,0,22,8,1,31,281,89,54,2,426,0,0,0,426
06/11/2019,IND,IN,AGL,CE,Combined TRACON& Tower with Radar,423,86,43,2,554,0,95,4,0,99,423,181,47,2,653,0,0,0,653
06/12/2019,IND,IN,AGL,CE,Combined TRACON& Tower with Radar,424,76,30,4,534,0,70,7,0,77,424,146,37,4,611,0,0,0,611
06/13/2019,IND,IN,AGL,CE,Combined TRACON& Tower with Radar,424,78,47,1,550,0,14,3,1,18,424,92,50,2,568,0,0,0,568
06/14/2019,IND,IN,AGL,CE,Combined TRACON& Tower with Radar,374,77,25,0,476,0,82,13,0,95,374,159,38,0,571,0,0,0,571
06/15/2019,IND,IN,AGL,CE,Combined TRACON& Tower with Radar,257,45,8,0,310,0,13,0,0,13,257,58,8,0,323,0,0,0,323
06/16/2019,IND,IN,AGL,CE,Combined TRACON& Tower with Radar,243,72,10,0,325,0,14,0,0,14,243,86,10,0,339,0,0,0,339
06/17/2019,IND,IN,AGL,CE,Combined TRACON& Tower with Radar,289,77,37,2,405,0,2,0,0,2,289,79,37,2,407,0,0,0,407
06/18/2019,IND,IN,AGL,CE,Combined TRACON& Tower with Radar,429,79,29,4,541,0,41,4,0,45,429,120,33,4,586,0,0,0,586
06/19/2019,IND,IN,AGL,CE,Combined TRACON& Tower with Radar,417,87,33,5,542,0,44,2,0,46,417,131,35,5,588,0,0,0,588
06/20/2019,IND,IN,AGL,CE,Combined TRACON& Tower with Radar,424,101,59,3,587,0,12,0,2,14,424,113,59,5,601,0,0,0,601
06/21/2019,IND,IN,AGL,CE,Combined TRACON& Tower with Radar,378,89,28,4,499,0,81,7,1,89,378,170,35,5,588,0,0,0,588
06/22/2019,IND,IN,AGL,CE,Combined TRACON& Tower with Radar,263,73,19,1,356,0,40,3,0,43,263,113,22,1,399,0,0,0,399
06/23/2019,IND,IN,AGL,CE,Combined TRACON& Tower with Radar,250,86,24,1,361,0,45,2,0,47,250,131,26,1,408,0,0,0,408
06/24/2019,IND,IN,AGL,CE,Combined TRACON& Tower with Radar,281,86,24,2,393,0,22,2,0,24,281,108,26,2,417,0,0,0,417
06/25/2019,IND,IN,AGL,CE,Combined TRACON& Tower with Radar,433,70,39,2,544,0,91,26,0,117,433,161,65,2,661,0,0,0,661
06/26/2019,IND,IN,AGL,CE,Combined TRACON& Tower with Radar,441,64,53,4,562,0,89,4,0,93,441,153,57,4,655,0,0,0,655
06/27/2019,IND,IN,AGL,CE,Combined TRACON& Tower with Radar,424,76,44,1,545,0,88,3,0,91,424,164,47,1,636,0,0,0,636
06/28/2019,IND,IN,AGL,CE,Combined TRACON& Tower with Radar,381,74,20,2,477,0,68,4,0,72,381,142,24,2,549,0,0,0,549
06/29/2019,IND,IN,AGL,CE,Combined TRACON& Tower with Radar,260,48,10,0,318,0,67,3,0,70,260,115,13,0,388,0,0,0,388
06/30/2019,IND,IN,AGL,CE,Combined TRACON& Tower with Radar,256,64,26,0,346,0,37,2,0,39,256,101,28,0,385,0,0,0,385
07/01/2019,IND,IN,AGL,CE,Combined TRACON& Tower with Radar,264,59,21,5,349,0,77,11,0,88,264,136,32,5,437,0,0,0,437
07/02/2019,IND,IN,AGL,CE,Combined TRACON& Tower with Radar,404,62,21,0,487,0,58,8,0,66,404,120,29,0,553,0,0,0,553
07/03/2019,IND,IN,AGL,CE,Combined TRACON& Tower with Radar,391,68,30,4,493,0,27,4,0,31,391,95,34,4,524,0,0,0,524
07/04/2019,IND,IN,AGL,CE,Combined TRACON& Tower with Radar,233,49,5,0,287,0,1,4,0,5,233,50,9,0,292,0,0,0,292
07/05/2019,IND,IN,AGL,CE,Combined TRACON& Tower with Radar,271,51,13,0,335,0,0,5,0,5,271,51,18,0,340,0,0,0,340
07/06/2019,IND,IN,AGL,CE,Combined TRACON& Tower with Radar,252,54,3,2,311,0,28,0,0,28,252,82,3,2,339,0,0,0,339
07/07/2019,IND,IN,AGL,CE,Combined TRACON& Tower with Radar,251,91,21,3,366,0,32,2,0,34,251,123,23,3,400,0,0,0,400
07/08/2019,IND,IN,AGL,CE,Combined TRACON& Tower with Radar,293,80,39,5,417,0,62,11,0,73,293,142,50,5,490,0,0,0,490
07/09/2019,IND,IN,AGL,CE,Combined TRACON& Tower with Radar,419,82,52,3,556,0,68,4,0,72,419,150,56,3,628,0,0,0,628
07/10/2019,IND,IN,AGL,CE,Combined TRACON& Tower with Radar,414,69,45,6,534,0,73,5,0,78,414,142,50,6,612,0,0,0,612
07/11/2019,IND,IN,AGL,CE,Combined TRACON& Tower with Radar,407,79,42,6,534,0,87,10,0,97,407,166,52,6,631,0,0,0,631
07/12/2019,IND,IN,AGL,CE,Combined TRACON& Tower with Radar,389,73,27,4,493,0,90,5,0,95,389,163,32,4,588,0,0,0,588
07/13/2019,IND,IN,AGL,CE,Combined TRACON& Tower with Radar,261,67,12,3,343,0,69,9,1,79,261,136,21,4,422,0,0,0,422
07/14/2019,IND,IN,AGL,CE,Combined TRACON& Tower with Radar,262,71,19,4,356,0,84,5,1,90,262,155,24,5,446,0,0,0,446
07/15/2019,IND,IN,AGL,CE,Combined TRACON& Tower with Radar,304,71,31,0,406,0,75,4,0,79,304,146,35,0,485,0,0,0,485
07/16/2019,IND,IN,AGL,CE,Combined TRACON& Tower with Radar,412,85,33,2,532,0,24,2,0,26,412,109,35,2,558,0,0,0,558
07/17/2019,IND,IN,AGL,CE,Combined TRACON& Tower with Radar,433,100,51,2,586,0,45,9,0,54,433,145,60,2,640,0,0,0,640
07/18/2019,IND,IN,AGL,CE,Combined TRACON& Tower with Radar,426,87,42,0,555,0,118,13,1,132,426,205,55,1,687,0,0,0,687
07/19/2019,IND,IN,AGL,CE,Combined TRACON& Tower with Radar,383,99,28,3,513,0,58,8,1,67,383,157,36,4,580,0,0,0,580
07/20/2019,IND,IN,AGL,CE,Combined TRACON& Tower with Radar,292,57,18,0,367,0,80,5,0,85,292,137,23,0,452,0,0,0,452
07/21/2019,IND,IN,AGL,CE,Combined TRACON& Tower with Radar,257,82,24,1,364,0,44,4,1,49,257,126,28,2,413,0,0,0,413
07/22/2019,IND,IN,AGL,CE,Combined TRACON& Tower with Radar,285,83,33,1,402,0,21,6,0,27,285,104,39,1,429,0,0,0,429
07/23/2019,IND,IN,AGL,CE,Combined TRACON& Tower with Radar,422,62,68,6,558,0,98,4,0,102,422,160,72,6,660,0,0,0,660
07/24/2019,IND,IN,AGL,CE,Combined TRACON& Tower with Radar,428,74,59,5,566,0,98,8,2,108,428,172,67,7,674,0,0,0,674
07/25/2019,IND,IN,AGL,CE,Combined TRACON& Tower with Radar,416,83,45,2,546,0,96,11,0,107,416,179,56,2,653,0,0,0,653
07/26/2019,IND,IN,AGL,CE,Combined TRACON& Tower with Radar,375,80,28,3,486,0,98,5,0,103,375,178,33,3,589,0,0,0,589
07/27/2019,IND,IN,AGL,CE,Combined TRACON& Tower with Radar,261,59,14,0,334,0,70,6,0,76,261,129,20,0,410,0,0,0,410
07/28/2019,IND,IN,AGL,CE,Combined TRACON& Tower with Radar,258,86,34,0,378,0,80,2,0,82,258,166,36,0,460,0,0,0,460
07/29/2019,IND,IN,AGL,CE,Combined TRACON& Tower with Radar,287,70,24,4,385,0,37,3,0,40,287,107,27,4,425,0,0,0,425
07/30/2019,IND,IN,AGL,CE,Combined TRACON& Tower with Radar,421,82,49,2,554,0,48,6,0,54,421,130,55,2,608,0,0,0,608
07/31/2019,IND,IN,AGL,CE,Combined TRACON& Tower with Radar,433,78,28,2,541,0,104,13,4,121,433,182,41,6,662,0,0,0,662
08/01/2019,IND,IN,AGL,CE,Combined TRACON& Tower with Radar,416,93,36,2,547,0,100,13,0,113,416,193,49,2,660,0,0,0,660
08/02/2019,IND,IN,AGL,CE,Combined TRACON& Tower with Radar,375,75,23,8,481,0,84,6,0,90,375,159,29,8,571,0,0,0,571
08/03/2019,IND,IN,AGL,CE,Combined TRACON& Tower with Radar,261,64,15,2,342,0,62,8,2,72,261,126,23,4,414,0,0,0,414
08/04/2019,IND,IN,AGL,CE,Combined TRACON& Tower with Radar,251,79,21,0,351,0,58,11,0,69,251,137,32,0,420,0,0,0,420
08/05/2019,IND,IN,AGL,CE,Combined TRACON& Tower with Radar,296,67,28,2,393,0,73,6,0,79,296,140,34,2,472,0,0,0,472
08/06/2019,IND,IN,AGL,CE,Combined TRACON& Tower with Radar,398,85,38,0,521,0,75,9,0,84,398,160,47,0,605,0,0,0,605
08/07/2019,IND,IN,AGL,CE,Combined TRACON& Tower with Radar,397,78,51,5,531,0,102,7,0,109,397,180,58,5,640,0,0,0,640
08/08/2019,IND,IN,AGL,CE,Combined TRACON& Tower with Radar,407,71,47,0,525,0,90,12,1,103,407,161,59,1,628,0,0,0,628
08/09/2019,IND,IN,AGL,CE,Combined TRACON& Tower with Radar,358,87,32,2,479,0,94,13,0,107,358,181,45,2,586,0,0,0,586
08/10/2019,IND,IN,AGL,CE,Combined TRACON& Tower with Radar,245,54,17,0,316,0,84,9,0,93,245,138,26,0,409,0,0,0,409
08/11/2019,IND,IN,AGL,CE,Combined TRACON& Tower with Radar,242,68,23,0,333,0,88,3,0,91,242,156,26,0,424,0,0,0,424
08/12/2019,IND,IN,AGL,CE,Combined TRACON& Tower with Radar,283,75,32,0,390,0,60,5,0,65,283,135,37,0,455,0,0,0,455
08/13/2019,IND,IN,AGL,CE,Combined TRACON& Tower with Radar,402,82,51,0,535,0,40,1,0,41,402,122,52,0,576,0,0,0,576
08/14/2019,IND,IN,AGL,CE,Combined TRACON& Tower with Radar,402,91,52,0,545,0,121,7,0,128,402,212,59,0,673,0,0,0,673
08/15/2019,IND,IN,AGL,CE,Combined TRACON& Tower with Radar,399,81,35,1,516,0,89,11,0,100,399,170,46,1,616,0,0,0,616
08/16/2019,IND,IN,AGL,CE,Combined TRACON& Tower with Radar,363,73,16,0,452,0,90,3,0,93,363,163,19,0,545,0,0,0,545
08/17/2019,IND,IN,AGL,CE,Combined TRACON& Tower with Radar,222,47,22,0,291,0,62,5,2,69,222,109,27,2,360,0,0,0,360
08/18/2019,IND,IN,AGL,CE,Combined TRACON& Tower with Radar,242,74,14,0,330,0,55,0,0,55,242,129,14,0,385,0,0,0,385
08/19/2019,IND,IN,AGL,CE,Combined TRACON& Tower with Radar,270,73,39,0,382,0,87,6,0,93,270,160,45,0,475,0,0,0,475
08/20/2019,IND,IN,AGL,CE,Combined TRACON& Tower with Radar,384,99,32,0,515,0,54,0,0,54,384,153,32,0,569,0,0,0,569
08/21/2019,IND,IN,AGL,CE,Combined TRACON& Tower with Radar,412,85,32,6,535,0,53,3,1,57,412,138,35,7,592,0,0,0,592
08/22/2019,IND,IN,AGL,CE,Combined TRACON& Tower with Radar,405,93,38,1,537,0,36,5,1,42,405,129,43,2,579,0,0,0,579
08/23/2019,IND,IN,AGL,CE,Combined TRACON& Tower with Radar,366,74,24,2,466,0,147,7,1,155,366,221,31,3,621,0,0,0,621
08/24/2019,IND,IN,AGL,CE,Combined TRACON& Tower with Radar,225,67,14,2,308,0,114,6,0,120,225,181,20,2,428,0,0,0,428
08/25/2019,IND,IN,AGL,CE,Combined TRACON& Tower with Radar,242,71,16,0,329,0,100,0,0,100,242,171,16,0,429,0,0,0,429
08/26/2019,IND,IN,AGL,CE,Combined TRACON& Tower with Radar,285,75,19,1,380,0,0,1,0,1,285,75,20,1,381,0,0,0,381
08/27/2019,IND,IN,AGL,CE,Combined TRACON& Tower with Radar,404,97,43,10,554,0,52,2,2,56,404,149,45,12,610,0,0,0,610
08/28/2019,IND,IN,AGL,CE,Combined TRACON& Tower with Radar,412,81,58,8,559,0,128,7,4,139,412,209,65,12,698,0,0,0,698
08/29/2019,IND,IN,AGL,CE,Combined TRACON& Tower with Radar,403,81,28,3,515,0,127,6,0,133,403,208,34,3,648,0,0,0,648
08/30/2019,IND,IN,AGL,CE,Combined TRACON& Tower with Radar,356,69,28,0,453,0,90,3,0,93,356,159,31,0,546,0,0,0,546
08/31/2019,IND,IN,AGL,CE,Combined TRACON& Tower with Radar,200,45,9,0,254,0,56,7,2,65,200,101,16,2,319,0,0,0,319
09/01/2019,IND,IN,AGL,CE,Combined TRACON& Tower with Radar,180,50,21,0,251,0,34,2,0,36,180,84,23,0,287,0,0,0,287
09/02/2019,IND,IN,AGL,CE,Combined TRACON& Tower with Radar,219,62,22,0,303,0,0,2,0,2,219,62,24,0,305,0,0,0,305
09/03/2019,IND,IN,AGL,CE,Combined TRACON& Tower with Radar,250,70,45,2,367,0,111,8,0,119,250,181,53,2,486,0,0,0,486
09/04/2019,IND,IN,AGL,CE,Combined TRACON& Tower with Radar,376,82,34,2,494,0,141,6,0,147,376,223,40,2,641,0,0,0,641
09/05/2019,IND,IN,AGL,CE,Combined TRACON& Tower with Radar,384,83,47,0,514,0,113,4,6,123,384,196,51,6,637,0,0,0,637
09/06/2019,IND,IN,AGL,CE,Combined TRACON& Tower with Radar,334,86,72,3,495,0,61,4,0,65,334,147,76,3,560,0,0,0,560
09/07/2019,IND,IN,AGL,CE,Combined TRACON& Tower with Radar,235,67,29,0,331,0,67,7,0,74,235,134,36,0,405,0,0,0,405
09/08/2019,IND,IN,AGL,CE,Combined TRACON& Tower with Radar,253,69,68,0,390,0,55,8,0,63,253,124,76,0,453,0,0,0,453
09/09/2019,IND,IN,AGL,CE,Combined TRACON& Tower with Radar,277,64,31,3,375,0,80,5,0,85,277,144,36,3,460,0,0,0,460
09/10/2019,IND,IN,AGL,CE,Combined TRACON& Tower with Radar,396,75,50,2,523,0,127,12,0,139,396,202,62,2,662,0,0,0,662
09/11/2019,IND,IN,AGL,CE,Combined TRACON& Tower with Radar,395,91,31,2,519,0,117,11,0,128,395,208,42,2,647,0,0,0,647
09/12/2019,IND,IN,AGL,CE,Combined TRACON& Tower with Radar,425,81,34,7,547,0,89,4,0,93,425,170,38,7,640,0,0,0,640
09/13/2019,IND,IN,AGL,CE,Combined TRACON& Tower with Radar,360,72,41,4,477,0,94,8,0,102,360,166,49,4,579,0,0,0,579
09/14/2019,IND,IN,AGL,CE,Combined TRACON& Tower with Radar,229,43,19,0,291,0,81,11,0,92,229,124,30,0,383,0,0,0,383
09/15/2019,IND,IN,AGL,CE,Combined TRACON& Tower with Radar,253,61,24,0,338,0,82,2,0,84,253,143,26,0,422,0,0,0,422
09/16/2019,IND,IN,AGL,CE,Combined TRACON& Tower with Radar,281,62,34,4,381,0,99,3,5,107,281,161,37,9,488,0,0,0,488
09/17/2019,IND,IN,AGL,CE,Combined TRACON& Tower with Radar,398,80,43,2,523,0,113,8,0,121,398,193,51,2,644,0,0,0,644
09/18/2019,IND,IN,AGL,CE,Combined TRACON& Tower with Radar,408,70,46,3,527,0,121,9,2,132,408,191,55,5,659,0,0,0,659
09/19/2019,IND,IN,AGL,CE,Combined TRACON& Tower with Radar,393,67,50,11,521,0,130,6,0,136,393,197,56,11,657,0,0,0,657
09/20/2019,IND,IN,AGL,CE,Combined TRACON& Tower with Radar,350,78,33,2,463,0,107,5,2,114,350,185,38,4,577,0,0,0,577
09/21/2019,IND,IN,AGL,CE,Combined TRACON& Tower with Radar,229,53,15,4,301,0,80,3,1,84,229,133,18,5,385,0,0,0,385
09/22/2019,IND,IN,AGL,CE,Combined TRACON& Tower with Radar,247,72,31,0,350,0,52,1,0,53,247,124,32,0,403,0,0,0,403
09/23/2019,IND,IN,AGL,CE,Combined TRACON& Tower with Radar,280,78,27,0,385,0,73,8,0,81,280,151,35,0,466,0,0,0,466
09/24/2019,IND,IN,AGL,CE,Combined TRACON& Tower with Radar,398,81,39,3,521,0,110,9,0,119,398,191,48,3,640,0,0,0,640
09/25/2019,IND,IN,AGL,CE,Combined TRACON& Tower with Radar,394,91,26,3,514,0,107,15,0,122,394,198,41,3,636,0,0,0,636
09/26/2019,IND,IN,AGL,CE,Combined TRACON& Tower with Radar,408,77,50,2,537,0,105,3,6,114,408,182,53,8,651,0,0,0,651
09/27/2019,IND,IN,AGL,CE,Combined TRACON& Tower with Radar,352,65,22,3,442,0,92,5,2,99,352,157,27,5,541,0,0,0,541
09/28/2019,IND,IN,AGL,CE,Combined TRACON& Tower with Radar,232,48,15,0,295,0,94,7,0,101,232,142,22,0,396,0,0,0,396
09/29/2019,IND,IN,AGL,CE,Combined TRACON& Tower with Radar,250,77,26,0,353,0,74,8,0,82,250,151,34,0,435,0,0,0,435
09/30/2019,IND,IN,AGL,CE,Combined TRACON& Tower with Radar,272,74,34,0,380,0,121,5,0,126,272,195,39,0,506,0,0,0,506
10/01/2019,IND,IN,AGL,CE,Combined TRACON& Tower with Radar,404,71,53,4,532,0,123,10,0,133,404,194,63,4,665,0,0,0,665
10/02/2019,IND,IN,AGL,CE,Combined TRACON& Tower with Radar,415,62,42,2,521,0,127,14,0,141,415,189,56,2,662,0,0,0,662
10/03/2019,IND,IN,AGL,CE,Combined TRACON& Tower with Radar,417,101,44,4,566,0,71,5,2,78,417,172,49,6,644,0,0,0,644
10/04/2019,IND,IN,AGL,CE,Combined TRACON& Tower with Radar,369,84,28,3,484,0,102,5,4,111,369,186,33,7,595,0,0,0,595
10/05/2019,IND,IN,AGL,CE,Combined TRACON& Tower with Radar,273,48,26,0,347,0,103,5,0,108,273,151,31,0,455,0,0,0,455
10/06/2019,IND,IN,AGL,CE,Combined TRACON& Tower with Radar,265,68,8,1,342,0,41,1,0,42,265,109,9,1,384,0,0,0,384
10/07/2019,IND,IN,AGL,CE,Combined TRACON& Tower with Radar,288,69,40,9,406,0,93,0,4,97,288,162,40,13,503,0,0,0,503
10/08/2019,IND,IN,AGL,CE,Combined TRACON& Tower with Radar,412,94,41,1,548,0,107,3,1,111,412,201,44,2,659,0,0,0,659
10/09/2019,IND,IN,AGL,CE,Combined TRACON& Tower with Radar,416,86,52,5,559,0,120,0,2,122,416,206,52,7,681,0,0,0,681
10/10/2019,IND,IN,AGL,CE,Combined TRACON& Tower with Radar,405,89,60,1,555,0,54,6,2,62,405,143,66,3,617,0,0,0,617
10/11/2019,IND,IN,AGL,CE,Combined TRACON& Tower with Radar,361,76,36,0,473,0,1,0,0,1,361,77,36,0,474,0,0,0,474
10/12/2019,IND,IN,AGL,CE,Combined TRACON& Tower with Radar,287,55,16,1,359,0,88,3,0,91,287,143,19,1,450,0,0,0,450
10/13/2019,IND,IN,AGL,CE,Combined TRACON& Tower with Radar,265,72,19,0,356,0,88,3,0,91,265,160,22,0,447,0,0,0,447
10/14/2019,IND,IN,AGL,CE,Combined TRACON& Tower with Radar,280,78,25,0,383,0,123,6,0,129,280,201,31,0,512,0,0,0,512
10/15/2019,IND,IN,AGL,CE,Combined TRACON& Tower with Radar,414,98,33,0,545,0,100,3,0,103,414,198,36,0,648,0,0,0,648
10/16/2019,IND,IN,AGL,CE,Combined TRACON& Tower with Radar,425,88,30,3,546,0,27,0,0,27,425,115,30,3,573,0,0,0,573
10/17/2019,IND,IN,AGL,CE,Combined TRACON& Tower with Radar,405,76,43,3,527,0,139,9,3,151,405,215,52,6,678,0,0,0,678
10/18/2019,IND,IN,AGL,CE,Combined TRACON& Tower with Radar,369,76,40,2,487,0,128,4,0,132,369,204,44,2,619,0,0,0,619
10/19/2019,IND,IN,AGL,CE,Combined TRACON& Tower with Radar,285,50,16,0,351,0,121,1,1,123,285,171,17,1,474,0,0,0,474
10/20/2019,IND,IN,AGL,CE,Combined TRACON& Tower with Radar,268,87,59,0,414,0,104,5,0,109,268,191,64,0,523,0,0,0,523
10/21/2019,IND,IN,AGL,CE,Combined TRACON& Tower with Radar,287,89,21,0,397,0,9,1,0,10,287,98,22,0,407,0,0,0,407
10/22/2019,IND,IN,AGL,CE,Combined TRACON& Tower with Radar,414,75,38,6,533,0,98,1,1,100,414,173,39,7,633,0,0,0,633
10/23/2019,IND,IN,AGL,CE,Combined TRACON& Tower with Radar,410,74,40,1,525,0,126,9,1,136,410,200,49,2,661,0,0,0,661
10/24/2019,IND,IN,AGL,CE,Combined TRACON& Tower with Radar,407,110,33,1,551,0,97,3,0,100,407,207,36,1,651,0,0,0,651
10/25/2019,IND,IN,AGL,CE,Combined TRACON& Tower with Radar,370,80,30,1,481,0,130,6,0,136,370,210,36,1,617,0,0,0,617
10/26/2019,IND,IN,AGL,CE,Combined TRACON& Tower with Radar,270,57,8,0,335,0,4,0,0,4,270,61,8,0,339,0,0,0,339
10/27/2019,IND,IN,AGL,CE,Combined TRACON& Tower with Radar,275,68,22,5,370,0,59,0,1,60,275,127,22,6,430,0,0,0,430
10/28/2019,IND,IN,AGL,CE,Combined TRACON& Tower with Radar,269,77,17,1,364,0,88,7,0,95,269,165,24,1,459,0,0,0,459
10/29/2019,IND,IN,AGL,CE,Combined TRACON& Tower with Radar,397,102,42,2,543,0,0,1,0,1,397,102,43,2,544,0,0,0,544
10/30/2019,IND,IN,AGL,CE,Combined TRACON& Tower with Radar,397,82,46,0,525,0,1,0,0,1,397,83,46,0,526,0,0,0,526
10/31/2019,IND,IN,AGL,CE,Combined TRACON& Tower with Radar,381,46,23,4,454,0,0,0,0,0,381,46,23,4,454,0,0,0,454
11/01/2019,IND,IN,AGL,CE,Combined TRACON& Tower with Radar,347,83,24,0,454,0,160,10,0,170,347,243,34,0,624,0,0,0,624
11/02/2019,IND,IN,AGL,CE,Combined TRACON& Tower with Radar,267,49,14,0,330,0,117,5,0,122,267,166,19,0,452,0,0,0,452
11/03/2019,IND,IN,AGL,CE,Combined TRACON& Tower with Radar,256,56,27,4,343,0,129,3,0,132,256,185,30,4,475,0,0,0,475
11/04/2019,IND,IN,AGL,CE,Combined TRACON& Tower with Radar,297,73,43,0,413,0,96,6,0,102,297,169,49,0,515,0,0,0,515
11/05/2019,IND,IN,AGL,CE,Combined TRACON& Tower with Radar,425,78,42,0,545,0,155,5,0,160,425,233,47,0,705,0,0,0,705
11/06/2019,IND,IN,AGL,CE,Combined TRACON& Tower with Radar,417,81,36,3,537,0,159,5,0,164,417,240,41,3,701,0,0,0,701
11/07/2019,IND,IN,AGL,CE,Combined TRACON& Tower with Radar,430,76,40,1,547,0,21,3,0,24,430,97,43,1,571,0,0,0,571
11/08/2019,IND,IN,AGL,CE,Combined TRACON& Tower with Radar,394,79,40,0,513,0,138,6,1,145,394,217,46,1,658,0,0,0,658
11/09/2019,IND,IN,AGL,CE,Combined TRACON& Tower with Radar,253,52,21,0,326,0,125,12,0,137,253,177,33,0,463,0,0,0,463
11/10/2019,IND,IN,AGL,CE,Combined TRACON& Tower with Radar,256,60,36,2,354,0,85,5,0,90,256,145,41,2,444,0,0,0,444
11/11/2019,IND,IN,AGL,CE,Combined TRACON& Tower with Radar,296,59,43,0,398,0,0,0,0,0,296,59,43,0,398,0,0,0,398
11/12/2019,IND,IN,AGL,CE,Combined TRACON& Tower with Radar,428,84,36,0,548,0,122,4,0,126,428,206,40,0,674,0,0,0,674
11/13/2019,IND,IN,AGL,CE,Combined TRACON& Tower with Radar,445,89,52,3,589,0,135,27,0,162,445,224,79,3,751,0,0,0,751
11/14/2019,IND,IN,AGL,CE,Combined TRACON& Tower with Radar,435,77,48,0,560,0,139,4,0,143,435,216,52,0,703,0,0,0,703
11/15/2019,IND,IN,AGL,CE,Combined TRACON& Tower with Radar,388,75,50,2,515,0,130,36,0,166,388,205,86,2,681,0,0,0,681
11/16/2019,IND,IN,AGL,CE,Combined TRACON& Tower with Radar,262,48,14,0,324,0,108,7,0,115,262,156,21,0,439,0,0,0,439
11/17/2019,IND,IN,AGL,CE,Combined TRACON& Tower with Radar,280,48,34,3,365,0,126,10,0,136,280,174,44,3,501,0,0,0,501
11/18/2019,IND,IN,AGL,CE,Combined TRACON& Tower with Radar,297,63,40,2,402,0,0,0,0,0,297,63,40,2,402,0,0,0,402
11/19/2019,IND,IN,AGL,CE,Combined TRACON& Tower with Radar,432,71,43,1,547,0,47,1,0,48,432,118,44,1,595,0,0,0,595
11/20/2019,IND,IN,AGL,CE,Combined TRACON& Tower with Radar,437,114,47,4,602,0,4,1,1,6,437,118,48,5,608,0,0,0,608
11/21/2019,IND,IN,AGL,CE,Combined TRACON& Tower with Radar,417,91,60,1,569,0,30,3,0,33,417,121,63,1,602,0,0,0,602
11/22/2019,IND,IN,AGL,CE,Combined TRACON& Tower with Radar,391,104,62,5,562,0,96,39,0,135,391,200,101,5,697,0,0,0,697
11/23/2019,IND,IN,AGL,CE,Combined TRACON& Tower with Radar,275,45,11,0,331,0,23,5,1,29,275,68,16,1,360,0,0,0,360
11/24/2019,IND,IN,AGL,CE,Combined TRACON& Tower with Radar,267,59,23,0,349,0,140,35,0,175,267,199,58,0,524,0,0,0,524
11/25/2019,IND,IN,AGL,CE,Combined TRACON& Tower with Radar,276,82,33,6,397,0,138,3,0,141,276,220,36,6,538,0,0,0,538
11/26/2019,IND,IN,AGL,CE,Combined TRACON& Tower with Radar,411,85,36,0,532,0,89,35,0,124,411,174,71,0,656,0,0,0,656
11/27/2019,IND,IN,AGL,CE,Combined TRACON& Tower with Radar,455,82,15,0,552,0,0,1,0,1,455,82,16,0,553,0,0,0,553
11/28/2019,IND,IN,AGL,CE,Combined TRACON& Tower with Radar,213,30,3,0,246,0,0,1,2,3,213,30,4,2,249,0,0,0,249
11/29/2019,IND,IN,AGL,CE,Combined TRACON& Tower with Radar,235,32,11,0,278,0,0,2,0,2,235,32,13,0,280,0,0,0,280
11/30/2019,IND,IN,AGL,CE,Combined TRACON& Tower with Radar,322,61,8,0,391,0,0,0,0,0,322,61,8,0,391,0,0,0,391
12/01/2019,IND,IN,AGL,CE,Combined TRACON& Tower with Radar,294,73,32,0,399,0,18,1,0,19,294,91,33,0,418,0,0,0,418
12/02/2019,IND,IN,AGL,CE,Combined TRACON& Tower with Radar,312,68,29,0,409,0,0,2,0,2,312,68,31,0,411,0,0,0,411
12/03/2019,IND,IN,AGL,CE,Combined TRACON& Tower with Radar,488,83,34,1,606,0,85,3,0,88,488,168,37,1,694,0,0,0,694
12/04/2019,IND,IN,AGL,CE,Combined TRACON& Tower with Radar,493,105,50,2,650,0,160,14,2,176,493,265,64,4,826,0,0,0,826
12/05/2019,IND,IN,AGL,CE,Combined TRACON& Tower with Radar,497,77,63,4,641,0,147,9,5,161,497,224,72,9,802,0,0,0,802
12/06/2019,IND,IN,AGL,CE,Combined TRACON& Tower with Radar,468,97,37,2,604,0,63,1,1,65,468,160,38,3,669,0,0,0,669
12/07/2019,IND,IN,AGL,CE,Combined TRACON& Tower with Radar,282,64,27,0,373,0,121,5,0,126,282,185,32,0,499,0,0,0,499
12/08/2019,IND,IN,AGL,CE,Combined TRACON& Tower with Radar,284,73,54,1,412,0,72,7,0,79,284,145,61,1,491,0,0,0,491
12/09/2019,IND,IN,AGL,CE,Combined TRACON& Tower with Radar,300,62,37,2,401,0,0,1,0,1,300,62,38,2,402,0,0,0,402
12/10/2019,IND,IN,AGL,CE,Combined TRACON& Tower with Radar,477,72,58,0,607,0,119,10,0,129,477,191,68,0,736,0,0,0,736
12/11/2019,IND,IN,AGL,CE,Combined TRACON& Tower with Radar,491,78,88,9,666,0,140,6,0,146,491,218,94,9,812,0,0,0,812
12/12/2019,IND,IN,AGL,CE,Combined TRACON& Tower with Radar,499,91,55,14,659,0,135,17,0,152,499,226,72,14,811,0,0,0,811
12/13/2019,IND,IN,AGL,CE,Combined TRACON& Tower with Radar,494,75,67,4,640,0,118,5,0,123,494,193,72,4,763,0,0,0,763
12/14/2019,IND,IN,AGL,CE,Combined TRACON& Tower with Radar,393,48,31,3,475,0,9,4,0,13,393,57,35,3,488,0,0,0,488
12/15/2019,IND,IN,AGL,CE,Combined TRACON& Tower with Radar,284,70,26,0,380,0,70,5,0,75,284,140,31,0,455,0,0,0,455
12/16/2019,IND,IN,AGL,CE,Combined TRACON& Tower with Radar,287,72,29,0,388,0,0,0,0,0,287,72,29,0,388,0,0,0,388
12/17/2019,IND,IN,AGL,CE,Combined TRACON& Tower with Radar,485,83,46,0,614,0,77,6,1,84,485,160,52,1,698,0,0,0,698
12/18/2019,IND,IN,AGL,CE,Combined TRACON& Tower with Radar,487,81,43,0,611,0,87,5,0,92,487,168,48,0,703,0,0,0,703
12/19/2019,IND,IN,AGL,CE,Combined TRACON& Tower with Radar,484,94,36,2,616,0,145,16,3,164,484,239,52,5,780,0,0,0,780
12/20/2019,IND,IN,AGL,CE,Combined TRACON& Tower with Radar,483,94,29,2,608,0,110,3,2,115,483,204,32,4,723,0,0,0,723
12/21/2019,IND,IN,AGL,CE,Combined TRACON& Tower with Radar,429,72,24,0,525,0,118,0,0,118,429,190,24,0,643,0,0,0,643
12/22/2019,IND,IN,AGL,CE,Combined TRACON& Tower with Radar,349,61,31,0,441,0,102,10,2,114,349,163,41,2,555,0,0,0,555
12/23/2019,IND,IN,AGL,CE,Combined TRACON& Tower with Radar,292,85,28,1,406,0,85,11,2,98,292,170,39,3,504,0,0,0,504
12/24/2019,IND,IN,AGL,CE,Combined TRACON& Tower with Radar,393,55,2,0,450,0,44,4,0,48,393,99,6,0,498,0,0,0,498
12/25/2019,IND,IN,AGL,CE,Combined TRACON& Tower with Radar,178,48,1,0,227,0,0,2,0,2,178,48,3,0,229,0,0,0,229
12/26/2019,IND,IN,AGL,CE,Combined TRACON& Tower with Radar,332,98,26,0,456,0,39,4,0,43,332,137,30,0,499,0,0,0,499
12/27/2019,IND,IN,AGL,CE,Combined TRACON& Tower with Radar,450,105,29,0,584,0,0,0,0,0,450,105,29,0,584,0,0,0,584
12/28/2019,IND,IN,AGL,CE,Combined TRACON& Tower with Radar,325,70,13,0,408,0,4,1,0,5,325,74,14,0,413,0,0,0,413
12/29/2019,IND,IN,AGL,CE,Combined TRACON& Tower with Radar,273,76,14,0,363,0,2,0,0,2,273,78,14,0,365,0,0,0,365
12/30/2019,IND,IN,AGL,CE,Combined TRACON& Tower with Radar,290,56,13,0,359,0,7,3,0,10,290,63,16,0,369,0,0,0,369
12/31/2019,IND,IN,AGL,CE,Combined TRACON& Tower with Radar,414,62,5,0,481,0,0,4,0,4,414,62,9,0,485,0,0,0,485
01/01/2020,IND,IN,AGL,CE,Combined TRACON& Tower with Radar,222,42,5,0,269,0,10,8,0,18,222,52,13,0,287,0,0,0,287
01/02/2020,IND,IN,AGL,CE,Combined TRACON& Tower with Radar,398,75,26,0,499,0,108,3,2,113,398,183,29,2,612,0,0,0,612
01/03/2020,IND,IN,AGL,CE,Combined TRACON& Tower with Radar,443,72,17,0,532,0,0,0,0,0,443,72,17,0,532,0,0,0,532
01/04/2020,IND,IN,AGL,CE,Combined TRACON& Tower with Radar,277,62,20,0,359,0,0,0,0,0,277,62,20,0,359,0,0,0,359
01/05/2020,IND,IN,AGL,CE,Combined TRACON& Tower with Radar,251,63,24,0,338,0,131,4,3,138,251,194,28,3,476,0,0,0,476
01/06/2020,IND,IN,AGL,CE,Combined TRACON& Tower with Radar,288,66,25,2,381,0,148,4,0,152,288,214,29,2,533,0,0,0,533
01/07/2020,IND,IN,AGL,CE,Combined TRACON& Tower with Radar,396,65,37,0,498,0,161,7,0,168,396,226,44,0,666,0,0,0,666
01/08/2020,IND,IN,AGL,CE,Combined TRACON& Tower with Radar,397,63,58,2,520,0,156,10,1,167,397,219,68,3,687,0,0,0,687
01/09/2020,IND,IN,AGL,CE,Combined TRACON& Tower with Radar,401,63,38,0,502,2,83,0,0,85,403,146,38,0,587,0,0,0,587
01/10/2020,IND,IN,AGL,CE,Combined TRACON& Tower with Radar,368,57,26,0,451,0,0,0,0,0,368,57,26,0,451,0,0,0,451
01/11/2020,IND,IN,AGL,CE,Combined TRACON& Tower with Radar,251,24,8,0,283,0,1,0,0,1,251,25,8,0,284,0,0,0,284
01/12/2020,IND,IN,AGL,CE,Combined TRACON& Tower with Radar,252,49,16,0,317,0,0,2,0,2,252,49,18,0,319,0,0,0,319
01/13/2020,IND,IN,AGL,CE,Combined TRACON& Tower with Radar,277,73,29,9,388,0,66,4,0,70,277,139,33,9,458,0,0,0,458
01/14/2020,IND,IN,AGL,CE,Combined TRACON& Tower with Radar,412,90,41,0,543,0,19,2,0,21,412,109,43,0,564,0,0,0,564
01/15/2020,IND,IN,AGL,CE,Combined TRACON& Tower with Radar,410,67,44,1,522,0,0,0,0,0,410,67,44,1,522,0,0,0,522
01/16/2020,IND,IN,AGL,CE,Combined TRACON& Tower with Radar,410,71,53,1,535,0,126,16,0,142,410,197,69,1,677,0,0,0,677
01/17/2020,IND,IN,AGL,CE,Combined TRACON& Tower with Radar,379,63,26,0,468,0,164,3,0,167,379,227,29,0,635,0,0,0,635
01/18/2020,IND,IN,AGL,CE,Combined TRACON& Tower with Radar,244,31,10,0,285,0,0,0,0,0,244,31,10,0,285,0,0,0,285
01/19/2020,IND,IN,AGL,CE,Combined TRACON& Tower with Radar,235,47,21,0,303,0,0,0,0,0,235,47,21,0,303,0,0,0,303
01/20/2020,IND,IN,AGL,CE,Combined TRACON& Tower with Radar,279,65,34,0,378,0,138,0,0,138,279,203,34,0,516,0,0,0,516
01/21/2020,IND,IN,AGL,CE,Combined TRACON& Tower with Radar,400,62,30,0,492,0,165,0,0,165,400,227,30,0,657,0,0,0,657
01/22/2020,IND,IN,AGL,CE,Combined TRACON& Tower with Radar,399,55,42,0,496,0,202,13,1,216,399,257,55,1,712,0,0,0,712
01/23/2020,IND,IN,AGL,CE,Combined TRACON& Tower with Radar,417,69,46,0,532,0,141,1,0,142,417,210,47,0,674,0,0,0,674
01/24/2020,IND,IN,AGL,CE,Combined TRACON& Tower with Radar,382,46,26,0,454,0,0,0,0,0,382,46,26,0,454,0,0,0,454
01/25/2020,IND,IN,AGL,CE,Combined TRACON& Tower with Radar,247,32,17,0,296,0,0,0,0,0,247,32,17,0,296,0,0,0,296
01/26/2020,IND,IN,AGL,CE,Combined TRACON& Tower with Radar,264,65,22,0,351,0,32,0,0,32,264,97,22,0,383,0,0,0,383
01/27/2020,IND,IN,AGL,CE,Combined TRACON& Tower with Radar,289,52,30,2,373,0,3,0,0,3,289,55,30,2,376,0,0,0,376
01/28/2020,IND,IN,AGL,CE,Combined TRACON& Tower with Radar,412,61,33,2,508,0,0,0,0,0,412,61,33,2,508,0,0,0,508
01/29/2020,IND,IN,AGL,CE,Combined TRACON& Tower with Radar,414,68,56,2,540,0,22,3,0,25,414,90,59,2,565,0,0,0,565
01/30/2020,IND,IN,AGL,CE,Combined TRACON& Tower with Radar,399,58,46,2,505,0,144,1,0,145,399,202,47,2,650,0,0,0,650
01/31/2020,IND,IN,AGL,CE,Combined TRACON& Tower with Radar,376,50,35,0,461,0,2,0,0,2,376,52,35,0,463,0,0,0,463
02/01/2020,IND,IN,AGL,CE,Combined TRACON& Tower with Radar,248,25,9,0,282,0,0,4,0,4,248,25,13,0,286,0,0,0,286
02/02/2020,IND,IN,AGL,CE,Combined TRACON& Tower with Radar,252,50,20,0,322,0,94,2,2,98,252,144,22,2,420,0,0,0,420
02/03/2020,IND,IN,AGL,CE,Combined TRACON& Tower with Radar,287,61,58,1,407,0,148,6,2,156,287,209,64,3,563,0,0,0,563
02/04/2020,IND,IN,AGL,CE,Combined TRACON& Tower with Radar,406,82,29,0,517,0,0,0,0,0,406,82,29,0,517,0,0,0,517
02/05/2020,IND,IN,AGL,CE,Combined TRACON& Tower with Radar,388,64,35,0,487,0,10,0,0,10,388,74,35,0,497,0,0,0,497
02/06/2020,IND,IN,AGL,CE,Combined TRACON& Tower with Radar,385,52,44,1,482,0,0,0,0,0,385,52,44,1,482,0,0,0,482
02/07/2020,IND,IN,AGL,CE,Combined TRACON& Tower with Radar,387,71,40,9,507,0,72,0,0,72,387,143,40,9,579,0,0,0,579
02/08/2020,IND,IN,AGL,CE,Combined TRACON& Tower with Radar,251,27,25,0,303,0,0,1,0,1,251,27,26,0,304,0,0,0,304
02/09/2020,IND,IN,AGL,CE,Combined TRACON& Tower with Radar,258,51,19,2,330,0,54,0,0,54,258,105,19,2,384,0,0,0,384
02/10/2020,IND,IN,AGL,CE,Combined TRACON& Tower with Radar,288,62,27,3,380,0,6,0,0,6,288,68,27,3,386,0,0,0,386
02/11/2020,IND,IN,AGL,CE,Combined TRACON& Tower with Radar,403,71,53,3,530,0,199,7,1,207,403,270,60,4,737,0,0,0,737
02/12/2020,IND,IN,AGL,CE,Combined TRACON& Tower with Radar,392,81,50,2,525,0,80,0,1,81,392,161,50,3,606,0,0,0,606
02/13/2020,IND,IN,AGL,CE,Combined TRACON& Tower with Radar,389,62,36,0,487,0,0,0,0,0,389,62,36,0,487,0,0,0,487
02/14/2020,IND,IN,AGL,CE,Combined TRACON& Tower with Radar,388,66,39,2,495,0,158,10,0,168,388,224,49,2,663,0,0,0,663
02/15/2020,IND,IN,AGL,CE,Combined TRACON& Tower with Radar,246,44,19,4,313,0,148,0,0,148,246,192,19,4,461,0,0,0,461
02/16/2020,IND,IN,AGL,CE,Combined TRACON& Tower with Radar,247,47,23,0,317,0,116,2,0,118,247,163,25,0,435,0,0,0,435
02/17/2020,IND,IN,AGL,CE,Combined TRACON& Tower with Radar,278,72,40,2,392,0,111,2,0,113,278,183,42,2,505,0,0,0,505
02/18/2020,IND,IN,AGL,CE,Combined TRACON& Tower with Radar,415,76,52,2,545,0,18,0,0,18,415,94,52,2,563,0,0,0,563
02/19/2020,IND,IN,AGL,CE,Combined TRACON& Tower with Radar,423,81,62,7,573,0,180,32,0,212,423,261,94,7,785,0,0,0,785
02/20/2020,IND,IN,AGL,CE,Combined TRACON& Tower with Radar,405,74,42,2,523,0,166,29,2,197,405,240,71,4,720,0,0,0,720
02/21/2020,IND,IN,AGL,CE,Combined TRACON& Tower with Radar,374,68,27,7,476,0,152,6,0,158,374,220,33,7,634,0,0,0,634
02/22/2020,IND,IN,AGL,CE,Combined TRACON& Tower with Radar,241,57,17,1,316,0,127,4,1,132,241,184,21,2,448,0,0,0,448
02/23/2020,IND,IN,AGL,CE,Combined TRACON& Tower with Radar,260,59,36,2,357,0,127,5,0,132,260,186,41,2,489,0,0,0,489
02/24/2020,IND,IN,AGL,CE,Combined TRACON& Tower with Radar,293,74,35,2,404,0,0,1,0,1,293,74,36,2,405,0,0,0,405
02/25/2020,IND,IN,AGL,CE,Combined TRACON& Tower with Radar,415,83,48,2,548,0,0,0,0,0,415,83,48,2,548,0,0,0,548
02/26/2020,IND,IN,AGL,CE,Combined TRACON& Tower with Radar,419,66,54,2,541,0,0,0,0,0,419,66,54,2,541,0,0,0,541
02/27/2020,IND,IN,AGL,CE,Combined TRACON& Tower with Radar,414,81,43,3,541,0,85,2,0,87,414,166,45,3,628,0,0,0,628
02/28/2020,IND,IN,AGL,CE,Combined TRACON& Tower with Radar,373,65,52,0,490,0,64,1,0,65,373,129,53,0,555,0,0,0,555
02/29/2020,IND,IN,AGL,CE,Combined TRACON& Tower with Radar,248,73,21,0,342,0,160,7,1,168,248,233,28,1,510,0,0,0,510
03/01/2020,IND,IN,AGL,CE,Combined TRACON& Tower with Radar,258,70,27,0,355,0,106,0,0,106,258,176,27,0,461,0,0,0,461
03/02/2020,IND,IN,AGL,CE,Combined TRACON& Tower with Radar,289,84,26,0,399,0,0,0,0,0,289,84,26,0,399,0,0,0,399
03/03/2020,IND,IN,AGL,CE,Combined TRACON& Tower with Radar,418,81,49,5,553,0,109,0,0,109,418,190,49,5,662,0,0,0,662
03/04/2020,IND,IN,AGL,CE,Combined TRACON& Tower with Radar,428,74,52,4,558,0,137,15,2,154,428,211,67,6,712,0,0,0,712
03/05/2020,IND,IN,AGL,CE,Combined TRACON& Tower with Radar,409,66,38,0,513,0,174,11,0,185,409,240,49,0,698,0,0,0,698
03/06/2020,IND,IN,AGL,CE,Combined TRACON& Tower with Radar,378,56,31,2,467,0,7,7,0,14,378,63,38,2,481,0,0,0,481
03/07/2020,IND,IN,AGL,CE,Combined TRACON& Tower with Radar,292,40,18,6,356,0,151,6,0,157,292,191,24,6,513,0,0,0,513
03/08/2020,IND,IN,AGL,CE,Combined TRACON& Tower with Radar,284,67,4,0,355,0,101,7,2,110,284,168,11,2,465,0,0,0,465
03/09/2020,IND,IN,AGL,CE,Combined TRACON& Tower with Radar,302,65,20,1,388,0,55,3,0,58,302,120,23,1,446,0,0,0,446
03/10/2020,IND,IN,AGL,CE,Combined TRACON& Tower with Radar,413,83,37,0,533,0,0,0,0,0,413,83,37,0,533,0,0,0,533
03/11/2020,IND,IN,AGL,CE,Combined TRACON& Tower with Radar,436,86,30,0,552,0,0,1,0,1,436,86,31,0,553,0,0,0,553
03/12/2020,IND,IN,AGL,CE,Combined TRACON& Tower with Radar,412,114,27,0,553,0,36,1,0,37,412,150,28,0,590,0,0,0,590
03/13/2020,IND,IN,AGL,CE,Combined TRACON& Tower with Radar,392,75,34,0,501,0,173,9,0,182,392,248,43,0,683,0,0,0,683
03/14/2020,IND,IN,AGL,CE,Combined TRACON& Tower with Radar,294,57,23,0,374,0,12,2,0,14,294,69,25,0,388,0,0,0,388
03/15/2020,IND,IN,AGL,CE,Combined TRACON& Tower with Radar,294,48,13,0,355,0,108,7,0,115,294,156,20,0,470,0,0,0,470
03/16/2020,IND,IN,AGL,CE,Combined TRACON& Tower with Radar,296,69,15,0,380,0,112,3,0,115,296,181,18,0,495,0,0,0,495
03/17/2020,IND,IN,AGL,CE,Combined TRACON& Tower with Radar,412,71,9,0,492,0,119,6,0,125,412,190,15,0,617,0,0,0,617
03/18/2020,IND,IN,AGL,CE,Combined TRACON& Tower with Radar,424,84,24,0,532,0,34,0,0,34,424,118,24,0,566,0,0,0,566
03/19/2020,IND,IN,AGL,CE,Combined TRACON& Tower with Radar,376,59,24,0,459,0,0,0,0,0,376,59,24,0,459,0,0,0,459
03/20/2020,IND,IN,AGL,CE,Combined TRACON& Tower with Radar,345,57,11,4,417,0,8,0,0,8,345,65,11,4,425,0,0,0,425
03/21/2020,IND,IN,AGL,CE,Combined TRACON& Tower with Radar,274,36,16,0,326,0,129,7,0,136,274,165,23,0,462,0,0,0,462
03/22/2020,IND,IN,AGL,CE,Combined TRACON& Tower with Radar,239,32,1,0,272,0,84,2,0,86,239,116,3,0,358,0,0,0,358
03/23/2020,IND,IN,AGL,CE,Combined TRACON& Tower with Radar,229,28,10,0,267,0,7,0,0,7,229,35,10,0,274,0,0,0,274
03/24/2020,IND,IN,AGL,CE,Combined TRACON& Tower with Radar,329,60,8,0,397,0,101,5,0,106,329,161,13,0,503,0,0,0,503
03/25/2020,IND,IN,AGL,CE,Combined TRACON& Tower with Radar,339,33,9,0,381,0,0,4,0,4,339,33,13,0,385,0,0,0,385
03/26/2020,IND,IN,AGL,CE,Combined TRACON& Tower with Radar,290,31,8,2,331,0,0,1,0,1,290,31,9,2,332,0,0,0,332
03/27/2020,IND,IN,AGL,CE,Combined TRACON& Tower with Radar,249,32,5,0,286,0,0,0,0,0,249,32,5,0,286,0,0,0,286
03/28/2020,IND,IN,AGL,CE,Combined TRACON& Tower with Radar,172,19,3,2,196,0,0,0,0,0,172,19,3,2,196,0,0,0,196
03/29/2020,IND,IN,AGL,CE,Combined TRACON& Tower with Radar,157,29,3,0,189,0,1,1,0,2,157,30,4,0,191,0,0,0,191
03/30/2020,IND,IN,AGL,CE,Combined TRACON& Tower with Radar,161,23,4,0,188,0,1,2,0,3,161,24,6,0,191,0,0,0,191
03/31/2020,IND,IN,AGL,CE,Combined TRACON& Tower with Radar,288,28,14,2,332,0,1,2,0,3,288,29,16,2,335,0,0,0,335
04/01/2020,IND,IN,AGL,CE,Combined TRACON& Tower with Radar,308,22,4,0,334,0,0,2,0,2,308,22,6,0,336,0,0,0,336
04/02/2020,IND,IN,AGL,CE,Combined TRACON& Tower with Radar,253,21,15,0,289,0,0,6,0,6,253,21,21,0,295,0,0,0,295
04/03/2020,IND,IN,AGL,CE,Combined TRACON& Tower with Radar,202,22,18,2,244,0,2,3,0,5,202,24,21,2,249,0,0,0,249
04/04/2020,IND,IN,AGL,CE,Combined TRACON& Tower with Radar,145,10,4,0,159,0,0,1,0,1,145,10,5,0,160,0,0,0,160
04/05/2020,IND,IN,AGL,CE,Combined TRACON& Tower with Radar,126,15,10,0,151,0,0,1,0,1,126,15,11,0,152,0,0,0,152
04/06/2020,IND,IN,AGL,CE,Combined TRACON& Tower with Radar,123,10,2,0,135,0,0,1,0,1,123,10,3,0,136,0,0,0,136
04/07/2020,IND,IN,AGL,CE,Combined TRACON& Tower with Radar,256,24,3,2,285,0,2,7,0,9,256,26,10,2,294,0,0,0,294
04/08/2020,IND,IN,AGL,CE,Combined TRACON& Tower with Radar,259,23,7,0,289,0,0,2,0,2,259,23,9,0,291,0,0,0,291
04/09/2020,IND,IN,AGL,CE,Combined TRACON& Tower with Radar,239,28,4,2,273,0,0,11,0,11,239,28,15,2,284,0,0,0,284
04/10/2020,IND,IN,AGL,CE,Combined TRACON& Tower with Radar,185,18,8,0,211,0,1,1,0,2,185,19,9,0,213,0,0,0,213
04/11/2020,IND,IN,AGL,CE,Combined TRACON& Tower with Radar,107,4,6,0,117,0,0,2,0,2,107,4,8,0,119,0,0,0,119
04/12/2020,IND,IN,AGL,CE,Combined TRACON& Tower with Radar,78,8,5,0,91,0,1,3,0,4,78,9,8,0,95,0,0,0,95
04/13/2020,IND,IN,AGL,CE,Combined TRACON& Tower with Radar,113,14,5,0,132,0,0,1,0,1,113,14,6,0,133,0,0,0,133
04/14/2020,IND,IN,AGL,CE,Combined TRACON& Tower with Radar,213,22,7,0,242,0,0,2,0,2,213,22,9,0,244,0,0,0,244
04/15/2020,IND,IN,AGL,CE,Combined TRACON& Tower with Radar,216,22,14,0,252,0,0,0,0,0,216,22,14,0,252,0,0,0,252
04/16/2020,IND,IN,AGL,CE,Combined TRACON& Tower with Radar,203,16,6,3,228,3,4,12,0,19,206,20,18,3,247,0,0,0,247
04/17/2020,IND,IN,AGL,CE,Combined TRACON& Tower with Radar,150,21,5,0,176,0,1,0,0,1,150,22,5,0,177,0,0,0,177
04/18/2020,IND,IN,AGL,CE,Combined TRACON& Tower with Radar,80,7,12,2,101,0,0,5,0,5,80,7,17,2,106,0,0,0,106
04/19/2020,IND,IN,AGL,CE,Combined TRACON& Tower with Radar,64,17,1,0,82,0,0,2,0,2,64,17,3,0,84,0,0,0,84
04/20/2020,IND,IN,AGL,CE,Combined TRACON& Tower with Radar,81,8,15,3,107,0,0,0,0,0,81,8,15,3,107,0,0,0,107
04/21/2020,IND,IN,AGL,CE,Combined TRACON& Tower with Radar,202,17,9,2,230,0,1,4,0,5,202,18,13,2,235,0,0,0,235
04/22/2020,IND,IN,AGL,CE,Combined TRACON& Tower with Radar,212,21,13,2,248,0,1,7,0,8,212,22,20,2,256,0,0,0,256
04/23/2020,IND,IN,AGL,CE,Combined TRACON& Tower with Radar,199,29,16,0,244,0,0,0,0,0,199,29,16,0,244,0,0,0,244
04/24/2020,IND,IN,AGL,CE,Combined TRACON& Tower with Radar,158,24,20,2,204,0,0,4,0,4,158,24,24,2,208,0,0,0,208
04/25/2020,IND,IN,AGL,CE,Combined TRACON& Tower with Radar,88,5,9,0,102,0,0,0,0,0,88,5,9,0,102,0,0,0,102
04/26/2020,IND,IN,AGL,CE,Combined TRACON& Tower with Radar,61,2,8,0,71,0,0,4,0,4,61,2,12,0,75,0,0,0,75
04/27/2020,IND,IN,AGL,CE,Combined TRACON& Tower with Radar,93,6,12,2,113,0,2,11,0,13,93,8,23,2,126,0,0,0,126
04/28/2020,IND,IN,AGL,CE,Combined TRACON& Tower with Radar,206,17,14,2,239,0,0,4,0,4,206,17,18,2,243,0,0,0,243
04/29/2020,IND,IN,AGL,CE,Combined TRACON& Tower with Radar,208,18,7,2,235,0,0,1,0,1,208,18,8,2,236,0,0,0,236
04/30/2020,IND,IN,AGL,CE,Combined TRACON& Tower with Radar,194,23,16,0,233,0,0,0,0,0,194,23,16,0,233,0,0,0,233
05/01/2020,IND,IN,AGL,CE,Combined TRACON& Tower with Radar,173,22,20,2,217,0,2,12,0,14,173,24,32,2,231,0,0,0,231
05/02/2020,IND,IN,AGL,CE,Combined TRACON& Tower with Radar,89,9,10,0,108,0,0,6,2,8,89,9,16,2,116,0,0,0,116
05/03/2020,IND,IN,AGL,CE,Combined TRACON& Tower with Radar,82,14,0,0,96,0,0,4,0,4,82,14,4,0,100,0,0,0,100
05/04/2020,IND,IN,AGL,CE,Combined TRACON& Tower with Radar,90,15,24,4,133,0,0,6,0,6,90,15,30,4,139,0,0,0,139
05/05/2020,IND,IN,AGL,CE,Combined TRACON& Tower with Radar,210,18,14,2,244,0,0,1,0,1,210,18,15,2,245,0,0,0,245
05/06/2020,IND,IN,AGL,CE,Combined TRACON& Tower with Radar,218,21,15,4,258,0,0,8,0,8,218,21,23,4,266,0,0,0,266
05/07/2020,IND,IN,AGL,CE,Combined TRACON& Tower with Radar,195,24,13,6,238,0,0,2,0,2,195,24,15,6,240,0,0,0,240
05/08/2020,IND,IN,AGL,CE,Combined TRACON& Tower with Radar,163,23,14,2,202,0,0,3,0,3,163,23,17,2,205,0,0,0,205
05/09/2020,IND,IN,AGL,CE,Combined TRACON& Tower with Radar,77,7,12,5,101,0,1,13,0,14,77,8,25,5,115,0,0,0,115
05/10/2020,IND,IN,AGL,CE,Combined TRACON& Tower with Radar,68,11,3,0,82,0,0,2,0,2,68,11,5,0,84,0,0,0,84
05/11/2020,IND,IN,AGL,CE,Combined TRACON& Tower with Radar,95,17,18,0,130,0,0,7,0,7,95,17,25,0,137,0,0,0,137
05/12/2020,IND,IN,AGL,CE,Combined TRACON& Tower with Radar,207,24,16,0,247,0,2,4,0,6,207,26,20,0,253,0,0,0,253
05/13/2020,IND,IN,AGL,CE,Combined TRACON& Tower with Radar,215,23,18,0,256,0,10,3,0,13,215,33,21,0,269,0,0,0,269
05/14/2020,IND,IN,AGL,CE,Combined TRACON& Tower with Radar,202,26,18,2,248,0,8,2,0,10,202,34,20,2,258,0,0,0,258
05/15/2020,IND,IN,AGL,CE,Combined TRACON& Tower with Radar,166,34,10,2,212,0,5,2,0,7,166,39,12,2,219,0,0,0,219
05/16/2020,IND,IN,AGL,CE,Combined TRACON& Tower with Radar,82,7,6,0,95,0,36,4,0,40,82,43,10,0,135,0,0,0,135
05/17/2020,IND,IN,AGL,CE,Combined TRACON& Tower with Radar,67,12,8,0,87,0,21,0,0,21,67,33,8,0,108,0,0,0,108
05/18/2020,IND,IN,AGL,CE,Combined TRACON& Tower with Radar,100,31,13,0,144,0,12,0,0,12,100,43,13,0,156,0,0,0,156
05/19/2020,IND,IN,AGL,CE,Combined TRACON& Tower with Radar,204,44,7,2,257,0,1,0,0,1,204,45,7,2,258,0,0,0,258
05/20/2020,IND,IN,AGL,CE,Combined TRACON& Tower with Radar,221,34,15,0,270,0,5,0,0,5,221,39,15,0,275,0,0,0,275
05/21/2020,IND,IN,AGL,CE,Combined TRACON& Tower with Radar,216,45,15,4,280,0,6,0,2,8,216,51,15,6,288,0,0,0,288
05/22/2020,IND,IN,AGL,CE,Combined TRACON& Tower with Radar,176,44,8,0,228,0,33,5,0,38,176,77,13,0,266,0,0,0,266
05/23/2020,IND,IN,AGL,CE,Combined TRACON& Tower with Radar,96,10,16,0,122,0,44,7,0,51,96,54,23,0,173,0,0,0,173
05/24/2020,IND,IN,AGL,CE,Combined TRACON& Tower with Radar,78,15,12,2,107,0,39,5,0,44,78,54,17,2,151,0,0,0,151
05/25/2020,IND,IN,AGL,CE,Combined TRACON& Tower with Radar,82,9,10,0,101,0,0,8,2,10,82,9,18,2,111,0,0,0,111
05/26/2020,IND,IN,AGL,CE,Combined TRACON& Tower with Radar,80,21,15,2,118,0,50,8,2,60,80,71,23,4,178,0,0,0,178
05/27/2020,IND,IN,AGL,CE,Combined TRACON& Tower with Radar,223,32,25,4,284,0,52,4,0,56,223,84,29,4,340,0,0,0,340
05/28/2020,IND,IN,AGL,CE,Combined TRACON& Tower with Radar,217,48,22,0,287,0,22,0,0,22,217,70,22,0,309,0,0,0,309
05/29/2020,IND,IN,AGL,CE,Combined TRACON& Tower with Radar,179,43,20,0,242,0,33,3,0,36,179,76,23,0,278,0,0,0,278
05/30/2020,IND,IN,AGL,CE,Combined TRACON& Tower with Radar,97,10,8,0,115,0,80,10,0,90,97,90,18,0,205,0,0,0,205
05/31/2020,IND,IN,AGL,CE,Combined TRACON& Tower with Radar,83,16,6,0,105,0,50,13,2,65,83,66,19,2,170,0,0,0,170
06/01/2020,IND,IN,AGL,CE,Combined TRACON& Tower with Radar,114,28,25,4,171,0,118,7,2,127,114,146,32,6,298,0,0,0,298
06/02/2020,IND,IN,AGL,CE,Combined TRACON& Tower with Radar,226,32,22,7,287,0,124,8,1,133,226,156,30,8,420,0,0,0,420
06/03/2020,IND,IN,AGL,CE,Combined TRACON& Tower with Radar,244,29,17,4,294,0,125,15,0,140,244,154,32,4,434,0,0,0,434
06/04/2020,IND,IN,AGL,CE,Combined TRACON& Tower with Radar,247,33,17,0,297,0,62,1,0,63,247,95,18,0,360,0,0,0,360
06/05/2020,IND,IN,AGL,CE,Combined TRACON& Tower with Radar,199,46,15,10,270,0,127,10,1,138,199,173,25,11,408,0,0,0,408
06/06/2020,IND,IN,AGL,CE,Combined TRACON& Tower with Radar,116,10,21,0,147,0,126,5,2,133,116,136,26,2,280,0,0,0,280
06/07/2020,IND,IN,AGL,CE,Combined TRACON& Tower with Radar,112,19,13,8,152,0,93,5,0,98,112,112,18,8,250,0,0,0,250
06/08/2020,IND,IN,AGL,CE,Combined TRACON& Tower with Radar,133,20,20,6,179,0,108,4,2,114,133,128,24,8,293,0,0,0,293
06/09/2020,IND,IN,AGL,CE,Combined TRACON& Tower with Radar,251,31,15,5,302,0,59,6,0,65,251,90,21,5,367,0,0,0,367
06/10/2020,IND,IN,AGL,CE,Combined TRACON& Tower with Radar,258,44,11,6,319,0,12,0,0,12,258,56,11,6,331,0,0,0,331
06/11/2020,IND,IN,AGL,CE,Combined TRACON& Tower with Radar,262,28,25,3,318,0,181,12,2,195,262,209,37,5,513,0,0,0,513
06/12/2020,IND,IN,AGL,CE,Combined TRACON& Tower with Radar,201,35,12,0,248,0,165,6,0,171,201,200,18,0,419,0,0,0,419
06/13/2020,IND,IN,AGL,CE,Combined TRACON& Tower with Radar,124,22,15,0,161,0,143,5,0,148,124,165,20,0,309,0,0,0,309
06/14/2020,IND,IN,AGL,CE,Combined TRACON& Tower with Radar,113,24,10,0,147,0,101,3,0,104,113,125,13,0,251,0,0,0,251
06/15/2020,IND,IN,AGL,CE,Combined TRACON& Tower with Radar,137,23,17,0,177,0,134,6,0,140,137,157,23,0,317,0,0,0,317
06/16/2020,IND,IN,AGL,CE,Combined TRACON& Tower with Radar,258,27,24,4,313,0,136,4,0,140,258,163,28,4,453,0,0,0,453
06/17/2020,IND,IN,AGL,CE,Combined TRACON& Tower with Radar,260,28,30,4,322,0,148,11,0,159,260,176,41,4,481,0,0,0,481
06/18/2020,IND,IN,AGL,CE,Combined TRACON& Tower with Radar,266,36,29,2,333,0,143,8,0,151,266,179,37,2,484,0,0,0,484
06/19/2020,IND,IN,AGL,CE,Combined TRACON& Tower with Radar,207,25,16,0,248,0,141,12,0,153,207,166,28,0,401,0,0,0,401
06/20/2020,IND,IN,AGL,CE,Combined TRACON& Tower with Radar,129,13,6,0,148,0,97,12,0,109,129,110,18,0,257,0,0,0,257
06/21/2020,IND,IN,AGL,CE,Combined TRACON& Tower with Radar,116,22,21,0,159,0,49,3,0,52,116,71,24,0,211,0,0,0,211
06/22/2020,IND,IN,AGL,CE,Combined TRACON& Tower with Radar,140,61,24,0,225,0,22,1,0,23,140,83,25,0,248,0,0,0,248
06/23/2020,IND,IN,AGL,CE,Combined TRACON& Tower with Radar,273,51,24,0,348,0,30,7,0,37,273,81,31,0,385,0,0,0,385
06/24/2020,IND,IN,AGL,CE,Combined TRACON& Tower with Radar,282,37,29,2,350,0,147,15,0,162,282,184,44,2,512,0,0,0,512
06/25/2020,IND,IN,AGL,CE,Combined TRACON& Tower with Radar,270,37,22,0,329,0,168,17,0,185,270,205,39,0,514,0,0,0,514
06/26/2020,IND,IN,AGL,CE,Combined TRACON& Tower with Radar,218,37,9,2,266,0,147,3,0,150,218,184,12,2,416,0,0,0,416
06/27/2020,IND,IN,AGL,CE,Combined TRACON& Tower with Radar,135,15,6,0,156,0,7,0,0,7,135,22,6,0,163,0,0,0,163
06/28/2020,IND,IN,AGL,CE,Combined TRACON& Tower with Radar,124,32,9,0,165,0,27,2,0,29,124,59,11,0,194,0,0,0,194
06/29/2020,IND,IN,AGL,CE,Combined TRACON& Tower with Radar,150,39,14,2,205,0,79,1,0,80,150,118,15,2,285,0,0,0,285
06/30/2020,IND,IN,AGL,CE,Combined TRACON& Tower with Radar,278,38,27,0,343,0,78,4,0,82,278,116,31,0,425,0,0,0,425
07/01/2020,IND,IN,AGL,CE,Combined TRACON& Tower with Radar,285,43,25,2,355,0,151,6,0,157,285,194,31,2,512,0,0,0,512
07/02/2020,IND,IN,AGL,CE,Combined TRACON& Tower with Radar,279,35,27,0,341,0,164,8,1,173,279,199,35,1,514,0,0,0,514
07/03/2020,IND,IN,AGL,CE,Combined TRACON& Tower with Radar,235,26,33,0,294,0,107,10,0,117,235,133,43,0,411,0,0,0,411
07/04/2020,IND,IN,AGL,CE,Combined TRACON& Tower with Radar,111,13,27,0,151,0,4,7,0,11,111,17,34,0,162,0,0,0,162
07/05/2020,IND,IN,AGL,CE,Combined TRACON& Tower with Radar,152,16,74,0,242,0,66,4,0,70,152,82,78,0,312,0,0,0,312
07/06/2020,IND,IN,AGL,CE,Combined TRACON& Tower with Radar,184,27,19,0,230,0,65,0,1,66,184,92,19,1,296,0,0,0,296
07/07/2020,IND,IN,AGL,CE,Combined TRACON& Tower with Radar,312,38,27,0,377,0,99,7,0,106,312,137,34,0,483,0,0,0,483
07/08/2020,IND,IN,AGL,CE,Combined TRACON& Tower with Radar,337,52,33,2,424,0,107,9,0,116,337,159,42,2,540,0,0,0,540
07/09/2020,IND,IN,AGL,CE,Combined TRACON& Tower with Radar,314,48,36,2,400,0,148,4,2,154,314,196,40,4,554,0,0,0,554
07/10/2020,IND,IN,AGL,CE,Combined TRACON& Tower with Radar,265,41,24,0,330,0,63,3,0,66,265,104,27,0,396,0,0,0,396
07/11/2020,IND,IN,AGL,CE,Combined TRACON& Tower with Radar,182,32,12,0,226,0,123,4,1,128,182,155,16,1,354,0,0,0,354
07/12/2020,IND,IN,AGL,CE,Combined TRACON& Tower with Radar,167,45,14,0,226,0,104,8,0,112,167,149,22,0,338,0,0,0,338
07/13/2020,IND,IN,AGL,CE,Combined TRACON& Tower with Radar,195,23,10,5,233,0,167,4,1,172,195,190,14,6,405,0,0,0,405
07/14/2020,IND,IN,AGL,CE,Combined TRACON& Tower with Radar,312,46,27,0,385,0,141,7,1,149,312,187,34,1,534,0,0,0,534
07/15/2020,IND,IN,AGL,CE,Combined TRACON& Tower with Radar,313,39,22,8,382,0,138,2,0,140,313,177,24,8,522,0,0,0,522
07/16/2020,IND,IN,AGL,CE,Combined TRACON& Tower with Radar,333,56,30,6,425,0,20,6,0,26,333,76,36,6,451,0,0,0,451
07/17/2020,IND,IN,AGL,CE,Combined TRACON& Tower with Radar,270,52,41,5,368,0,136,6,0,142,270,188,47,5,510,0,0,0,510
07/18/2020,IND,IN,AGL,CE,Combined TRACON& Tower with Radar,174,25,7,0,206,0,135,7,0,142,174,160,14,0,348,0,0,0,348
07/19/2020,IND,IN,AGL,CE,Combined TRACON& Tower with Radar,180,21,27,0,228,0,66,0,0,66,180,87,27,0,294,0,0,0,294
07/20/2020,IND,IN,AGL,CE,Combined TRACON& Tower with Radar,200,31,12,0,243,0,129,4,0,133,200,160,16,0,376,0,0,0,376
07/21/2020,IND,IN,AGL,CE,Combined TRACON& Tower with Radar,304,29,43,0,376,0,95,1,0,96,304,124,44,0,472,0,0,0,472
07/22/2020,IND,IN,AGL,CE,Combined TRACON& Tower with Radar,332,41,29,0,402,0,21,1,0,22,332,62,30,0,424,0,0,0,424
07/23/2020,IND,IN,AGL,CE,Combined TRACON& Tower with Radar,327,50,30,7,414,0,77,6,0,83,327,127,36,7,497,0,0,0,497
07/24/2020,IND,IN,AGL,CE,Combined TRACON& Tower with Radar,264,36,16,3,319,0,175,8,5,188,264,211,24,8,507,0,0,0,507
07/25/2020,IND,IN,AGL,CE,Combined TRACON& Tower with Radar,181,23,26,0,230,0,108,7,0,115,181,131,33,0,345,0,0,0,345
07/26/2020,IND,IN,AGL,CE,Combined TRACON& Tower with Radar,175,30,21,0,226,0,102,10,1,113,175,132,31,1,339,0,0,0,339
07/27/2020,IND,IN,AGL,CE,Combined TRACON& Tower with Radar,201,30,14,0,245,0,80,5,1,86,201,110,19,1,331,0,0,0,331
07/28/2020,IND,IN,AGL,CE,Combined TRACON& Tower with Radar,324,63,23,1,411,0,116,5,1,122,324,179,28,2,533,0,0,0,533
07/29/2020,IND,IN,AGL,CE,Combined TRACON& Tower with Radar,321,44,17,4,386,0,133,13,0,146,321,177,30,4,532,0,0,0,532
07/30/2020,IND,IN,AGL,CE,Combined TRACON& Tower with Radar,317,47,20,0,384,0,28,1,0,29,317,75,21,0,413,0,0,0,413
07/31/2020,IND,IN,AGL,CE,Combined TRACON& Tower with Radar,271,36,36,0,343,0,151,4,0,155,271,187,40,0,498,0,0,0,498
08/01/2020,IND,IN,AGL,CE,Combined TRACON& Tower with Radar,177,23,8,0,208,0,2,3,0,5,177,25,11,0,213,0,0,0,213
08/02/2020,IND,IN,AGL,CE,Combined TRACON& Tower with Radar,184,30,20,2,236,0,94,9,0,103,184,124,29,2,339,0,0,0,339
08/03/2020,IND,IN,AGL,CE,Combined TRACON& Tower with Radar,206,28,19,2,255,0,38,2,0,40,206,66,21,2,295,0,0,0,295
08/04/2020,IND,IN,AGL,CE,Combined TRACON& Tower with Radar,323,77,17,0,417,0,87,7,0,94,323,164,24,0,511,0,0,0,511
08/05/2020,IND,IN,AGL,CE,Combined TRACON& Tower with Radar,330,41,19,2,392,0,162,15,0,177,330,203,34,2,569,0,0,0,569
08/06/2020,IND,IN,AGL,CE,Combined TRACON& Tower with Radar,334,45,23,5,407,0,149,9,1,159,334,194,32,6,566,0,0,0,566
08/07/2020,IND,IN,AGL,CE,Combined TRACON& Tower with Radar,278,38,28,3,347,0,143,5,0,148,278,181,33,3,495,0,0,0,495
08/08/2020,IND,IN,AGL,CE,Combined TRACON& Tower with Radar,180,24,10,0,214,0,96,1,0,97,180,120,11,0,311,0,0,0,311
08/09/2020,IND,IN,AGL,CE,Combined TRACON& Tower with Radar,179,25,10,0,214,0,110,13,0,123,179,135,23,0,337,0,0,0,337
08/10/2020,IND,IN,AGL,CE,Combined TRACON& Tower with Radar,193,25,23,0,241,0,40,0,0,40,193,65,23,0,281,0,0,0,281
08/11/2020,IND,IN,AGL,CE,Combined TRACON& Tower with Radar,329,81,19,0,429,0,71,13,0,84,329,152,32,0,513,0,0,0,513
08/12/2020,IND,IN,AGL,CE,Combined TRACON& Tower with Radar,329,40,29,4,402,0,126,9,1,136,329,166,38,5,538,0,0,0,538
08/13/2020,IND,IN,AGL,CE,Combined TRACON& Tower with Radar,336,48,22,0,406,0,174,11,1,186,336,222,33,1,592,0,0,0,592
08/14/2020,IND,IN,AGL,CE,Combined TRACON& Tower with Radar,280,46,12,2,340,0,140,9,1,150,280,186,21,3,490,0,0,0,490
08/15/2020,IND,IN,AGL,CE,Combined TRACON& Tower with Radar,178,18,17,0,213,0,115,8,1,124,178,133,25,1,337,0,0,0,337
08/16/2020,IND,IN,AGL,CE,Combined TRACON& Tower with Radar,177,30,13,0,220,0,58,0,0,58,177,88,13,0,278,0,0,0,278
08/17/2020,IND,IN,AGL,CE,Combined TRACON& Tower with Radar,197,29,18,3,247,0,123,8,0,131,197,152,26,3,378,0,0,0,378
08/18/2020,IND,IN,AGL,CE,Combined TRACON& Tower with Radar,317,47,26,3,393,0,85,8,0,93,317,132,34,3,486,0,0,0,486
08/19/2020,IND,IN,AGL,CE,Combined TRACON& Tower with Radar,334,43,35,9,421,0,163,9,1,173,334,206,44,10,594,0,0,0,594
08/20/2020,IND,IN,AGL,CE,Combined TRACON& Tower with Radar,321,39,32,4,396,0,155,7,0,162,321,194,39,4,558,0,0,0,558
08/21/2020,IND,IN,AGL,CE,Combined TRACON& Tower with Radar,268,39,39,4,350,0,141,4,0,145,268,180,43,4,495,0,0,0,495
08/22/2020,IND,IN,AGL,CE,Combined TRACON& Tower with Radar,168,33,29,1,231,0,99,6,2,107,168,132,35,3,338,0,0,0,338
08/23/2020,IND,IN,AGL,CE,Combined TRACON& Tower with Radar,176,43,39,2,260,0,97,6,2,105,176,140,45,4,365,0,0,0,365
08/24/2020,IND,IN,AGL,CE,Combined TRACON& Tower with Radar,195,29,22,20,266,0,123,9,2,134,195,152,31,22,400,0,0,0,400
08/25/2020,IND,IN,AGL,CE,Combined TRACON& Tower with Radar,328,49,42,6,425,0,129,11,2,142,328,178,53,8,567,0,0,0,567
08/26/2020,IND,IN,AGL,CE,Combined TRACON& Tower with Radar,322,32,19,4,377,0,153,10,4,167,322,185,29,8,544,0,0,0,544
08/27/2020,IND,IN,AGL,CE,Combined TRACON& Tower with Radar,323,63,35,6,427,0,102,7,0,109,323,165,42,6,536,0,0,0,536
08/28/2020,IND,IN,AGL,CE,Combined TRACON& Tower with Radar,268,42,22,3,335,0,78,4,0,82,268,120,26,3,417,0,0,0,417
08/29/2020,IND,IN,AGL,CE,Combined TRACON& Tower with Radar,169,19,17,0,205,0,112,7,0,119,169,131,24,0,324,0,0,0,324
08/30/2020,IND,IN,AGL,CE,Combined TRACON& Tower with Radar,172,17,22,0,211,0,101,4,3,108,172,118,26,3,319,0,0,0,319
08/31/2020,IND,IN,AGL,CE,Combined TRACON& Tower with Radar,188,26,18,1,233,0,130,9,2,141,188,156,27,3,374,0,0,0,374
09/01/2020,IND,IN,AGL,CE,Combined TRACON& Tower with Radar,311,42,15,0,368,0,5,0,0,5,311,47,15,0,373,0,0,0,373
09/02/2020,IND,IN,AGL,CE,Combined TRACON& Tower with Radar,335,51,40,3,429,0,27,0,1,28,335,78,40,4,457,0,0,0,457
09/03/2020,IND,IN,AGL,CE,Combined TRACON& Tower with Radar,334,73,30,0,437,0,46,3,0,49,334,119,33,0,486,0,0,0,486
09/04/2020,IND,IN,AGL,CE,Combined TRACON& Tower with Radar,275,48,22,0,345,0,174,14,0,188,275,222,36,0,533,0,0,0,533
09/05/2020,IND,IN,AGL,CE,Combined TRACON& Tower with Radar,168,14,14,0,196,0,106,5,0,111,168,120,19,0,307,0,0,0,307
09/06/2020,IND,IN,AGL,CE,Combined TRACON& Tower with Radar,138,19,14,0,171,0,75,2,2,79,138,94,16,2,250,0,0,0,250
09/07/2020,IND,IN,AGL,CE,Combined TRACON& Tower with Radar,142,15,11,0,168,0,0,5,0,5,142,15,16,0,173,0,0,0,173
09/08/2020,IND,IN,AGL,CE,Combined TRACON& Tower with Radar,164,29,29,3,225,0,129,4,0,133,164,158,33,3,358,0,0,0,358
09/09/2020,IND,IN,AGL,CE,Combined TRACON& Tower with Radar,295,46,21,2,364,0,172,7,0,179,295,218,28,2,543,0,0,0,543
09/10/2020,IND,IN,AGL,CE,Combined TRACON& Tower with Radar,323,71,27,4,425,0,2,2,0,4,323,73,29,4,429,0,0,0,429
09/11/2020,IND,IN,AGL,CE,Combined TRACON& Tower with Radar,256,53,30,1,340,0,19,4,0,23,256,72,34,1,363,0,0,0,363
09/12/2020,IND,IN,AGL,CE,Combined TRACON& Tower with Radar,159,48,14,1,222,0,27,2,0,29,159,75,16,1,251,0,0,0,251
09/13/2020,IND,IN,AGL,CE,Combined TRACON& Tower with Radar,169,36,15,2,222,0,109,7,0,116,169,145,22,2,338,0,0,0,338
09/14/2020,IND,IN,AGL,CE,Combined TRACON& Tower with Radar,173,40,23,7,243,0,198,9,0,207,173,238,32,7,450,0,0,0,450
09/15/2020,IND,IN,AGL,CE,Combined TRACON& Tower with Radar,287,43,18,5,353,0,185,7,1,193,287,228,25,6,546,0,0,0,546
09/16/2020,IND,IN,AGL,CE,Combined TRACON& Tower with Radar,303,55,35,2,395,0,154,9,0,163,303,209,44,2,558,0,0,0,558
09/17/2020,IND,IN,AGL,CE,Combined TRACON& Tower with Radar,309,41,26,4,380,0,132,10,0,142,309,173,36,4,522,0,0,0,522
09/18/2020,IND,IN,AGL,CE,Combined TRACON& Tower with Radar,260,50,20,4,334,0,140,3,1,144,260,190,23,5,478,0,0,0,478
09/19/2020,IND,IN,AGL,CE,Combined TRACON& Tower with Radar,159,13,16,0,188,0,119,4,2,125,159,132,20,2,313,0,0,0,313
09/20/2020,IND,IN,AGL,CE,Combined TRACON& Tower with Radar,164,22,21,0,207,0,90,14,0,104,164,112,35,0,311,0,0,0,311
09/21/2020,IND,IN,AGL,CE,Combined TRACON& Tower with Radar,169,30,31,2,232,0,135,8,0,143,169,165,39,2,375,0,0,0,375
09/22/2020,IND,IN,AGL,CE,Combined TRACON& Tower with Radar,296,29,21,2,348,0,156,9,1,166,296,185,30,3,514,0,0,0,514
09/23/2020,IND,IN,AGL,CE,Combined TRACON& Tower with Radar,305,50,49,8,412,0,128,5,0,133,305,178,54,8,545,0,0,0,545
09/24/2020,IND,IN,AGL,CE,Combined TRACON& Tower with Radar,324,51,36,6,417,0,137,6,1,144,324,188,42,7,561,0,0,0,561
09/25/2020,IND,IN,AGL,CE,Combined TRACON& Tower with Radar,247,37,13,6,303,0,146,11,0,157,247,183,24,6,460,0,0,0,460
09/26/2020,IND,IN,AGL,CE,Combined TRACON& Tower with Radar,163,35,26,5,229,0,11,1,0,12,163,46,27,5,241,0,0,0,241
09/27/2020,IND,IN,AGL,CE,Combined TRACON& Tower with Radar,172,34,20,0,226,0,55,5,0,60,172,89,25,0,286,0,0,0,286
09/28/2020,IND,IN,AGL,CE,Combined TRACON& Tower with Radar,167,24,28,1,220,0,7,1,2,10,167,31,29,3,230,0,0,0,230
09/29/2020,IND,IN,AGL,CE,Combined TRACON& Tower with Radar,285,33,37,3,358,0,185,7,0,192,285,218,44,3,550,0,0,0,550
09/30/2020,IND,IN,AGL,CE,Combined TRACON& Tower with Radar,304,47,39,5,395,0,53,2,6,61,304,100,41,11,456,0,0,0,456
10/01/2020,IND,IN,AGL,CE,Combined TRACON& Tower with Radar,323,43,31,2,399,0,157,7,1,165,323,200,38,3,564,0,0,0,564
10/02/2020,IND,IN,AGL,CE,Combined TRACON& Tower with Radar,249,52,34,2,337,0,172,8,0,180,249,224,42,2,517,0,0,0,517
10/03/2020,IND,IN,AGL,CE,Combined TRACON& Tower with Radar,165,36,30,2,233,0,98,4,0,102,165,134,34,2,335,0,0,0,335
10/04/2020,IND,IN,AGL,CE,Combined TRACON& Tower with Radar,173,35,22,0,230,0,37,3,2,42,173,72,25,2,272,0,0,0,272
10/05/2020,IND,IN,AGL,CE,Combined TRACON& Tower with Radar,175,26,34,0,235,0,161,6,0,167,175,187,40,0,402,0,0,0,402
10/06/2020,IND,IN,AGL,CE,Combined TRACON& Tower with Radar,288,33,43,2,366,0,140,7,1,148,288,173,50,3,514,0,0,0,514
10/07/2020,IND,IN,AGL,CE,Combined TRACON& Tower with Radar,304,38,29,2,373,0,161,4,0,165,304,199,33,2,538,0,0,0,538
10/08/2020,IND,IN,AGL,CE,Combined TRACON& Tower with Radar,338,63,33,4,438,0,194,14,0,208,338,257,47,4,646,0,0,0,646
10/09/2020,IND,IN,AGL,CE,Combined TRACON& Tower with Radar,283,36,37,1,357,0,148,7,0,155,283,184,44,1,512,0,0,0,512
10/10/2020,IND,IN,AGL,CE,Combined TRACON& Tower with Radar,215,39,14,2,270,0,62,5,0,67,215,101,19,2,337,0,0,0,337
10/11/2020,IND,IN,AGL,CE,Combined TRACON& Tower with Radar,206,36,15,0,257,0,41,2,0,43,206,77,17,0,300,0,0,0,300
10/12/2020,IND,IN,AGL,CE,Combined TRACON& Tower with Radar,207,39,39,0,285,0,6,4,0,10,207,45,43,0,295,0,0,0,295
10/13/2020,IND,IN,AGL,CE,Combined TRACON& Tower with Radar,306,34,20,0,360,0,178,10,0,188,306,212,30,0,548,0,0,0,548
10/14/2020,IND,IN,AGL,CE,Combined TRACON& Tower with Radar,314,38,35,3,390,0,144,5,2,151,314,182,40,5,541,0,0,0,541
10/15/2020,IND,IN,AGL,CE,Combined TRACON& Tower with Radar,341,39,24,1,405,0,83,9,0,92,341,122,33,1,497,0,0,0,497
10/16/2020,IND,IN,AGL,CE,Combined TRACON& Tower with Radar,283,41,22,0,346,0,165,8,0,173,283,206,30,0,519,0,0,0,519
10/17/2020,IND,IN,AGL,CE,Combined TRACON& Tower with Radar,220,24,20,2,266,0,104,5,0,109,220,128,25,2,375,0,0,0,375
10/18/2020,IND,IN,AGL,CE,Combined TRACON& Tower with Radar,210,37,18,4,269,0,63,0,0,63,210,100,18,4,332,0,0,0,332
10/19/2020,IND,IN,AGL,CE,Combined TRACON& Tower with Radar,198,35,21,6,260,0,0,0,0,0,198,35,21,6,260,0,0,0,260
10/20/2020,IND,IN,AGL,CE,Combined TRACON& Tower with Radar,314,59,56,2,431,0,0,0,0,0,314,59,56,2,431,0,0,0,431
10/21/2020,IND,IN,AGL,CE,Combined TRACON& Tower with Radar,315,93,34,5,447,0,5,5,0,10,315,98,39,5,457,0,0,0,457
10/22/2020,IND,IN,AGL,CE,Combined TRACON& Tower with Radar,338,44,48,4,434,0,202,6,1,209,338,246,54,5,643,0,0,0,643
10/23/2020,IND,IN,AGL,CE,Combined TRACON& Tower with Radar,276,40,22,7,345,0,28,2,3,33,276,68,24,10,378,0,0,0,378
10/24/2020,IND,IN,AGL,CE,Combined TRACON& Tower with Radar,204,33,17,0,254,0,133,6,0,139,204,166,23,0,393,0,0,0,393
10/25/2020,IND,IN,AGL,CE,Combined TRACON& Tower with Radar,180,34,24,1,239,0,71,9,0,80,180,105,33,1,319,0,0,0,319
10/26/2020,IND,IN,AGL,CE,Combined TRACON& Tower with Radar,179,40,28,4,251,0,1,0,0,1,179,41,28,4,252,0,0,0,252
10/27/2020,IND,IN,AGL,CE,Combined TRACON& Tower with Radar,297,39,20,0,356,0,0,0,0,0,297,39,20,0,356,0,0,0,356
10/28/2020,IND,IN,AGL,CE,Combined TRACON& Tower with Radar,291,102,39,2,434,0,30,1,0,31,291,132,40,2,465,0,0,0,465
10/29/2020,IND,IN,AGL,CE,Combined TRACON& Tower with Radar,314,72,46,0,432,0,17,2,0,19,314,89,48,0,451,0,0,0,451
10/30/2020,IND,IN,AGL,CE,Combined TRACON& Tower with Radar,252,38,20,2,312,0,200,9,3,212,252,238,29,5,524,0,0,0,524
10/31/2020,IND,IN,AGL,CE,Combined TRACON& Tower with Radar,142,19,23,1,185,0,126,4,1,131,142,145,27,2,316,0,0,0,316
11/01/2020,IND,IN,AGL,CE,Combined TRACON& Tower with Radar,159,17,19,0,195,0,0,0,0,0,159,17,19,0,195,0,0,0,195
11/02/2020,IND,IN,AGL,CE,Combined TRACON& Tower with Radar,174,26,30,2,232,0,180,4,3,187,174,206,34,5,419,0,0,0,419
11/03/2020,IND,IN,AGL,CE,Combined TRACON& Tower with Radar,290,30,30,4,354,0,145,15,1,161,290,175,45,5,515,0,0,0,515
11/04/2020,IND,IN,AGL,CE,Combined TRACON& Tower with Radar,283,45,39,0,367,0,177,17,5,199,283,222,56,5,566,0,0,0,566
11/05/2020,IND,IN,AGL,CE,Combined TRACON& Tower with Radar,326,53,20,0,399,0,155,14,0,169,326,208,34,0,568,0,0,0,568
11/06/2020,IND,IN,AGL,CE,Combined TRACON& Tower with Radar,253,23,25,0,301,0,135,14,0,149,253,158,39,0,450,0,0,0,450
11/07/2020,IND,IN,AGL,CE,Combined TRACON& Tower with Radar,169,28,19,2,218,0,111,4,2,117,169,139,23,4,335,0,0,0,335
11/08/2020,IND,IN,AGL,CE,Combined TRACON& Tower with Radar,177,49,16,0,242,0,84,12,0,96,177,133,28,0,338,0,0,0,338
11/09/2020,IND,IN,AGL,CE,Combined TRACON& Tower with Radar,194,38,28,2,262,0,108,7,0,115,194,146,35,2,377,0,0,0,377
11/10/2020,IND,IN,AGL,CE,Combined TRACON& Tower with Radar,291,55,32,2,380,0,59,2,0,61,291,114,34,2,441,0,0,0,441
11/11/2020,IND,IN,AGL,CE,Combined TRACON& Tower with Radar,291,48,37,0,376,0,116,9,3,128,291,164,46,3,504,0,0,0,504
11/12/2020,IND,IN,AGL,CE,Combined TRACON& Tower with Radar,328,47,20,0,395,0,177,5,0,182,328,224,25,0,577,0,0,0,577
11/13/2020,IND,IN,AGL,CE,Combined TRACON& Tower with Radar,272,36,28,0,336,0,86,8,0,94,272,122,36,0,430,0,0,0,430
11/14/2020,IND,IN,AGL,CE,Combined TRACON& Tower with Radar,176,5,10,1,192,0,44,1,0,45,176,49,11,1,237,0,0,0,237
11/15/2020,IND,IN,AGL,CE,Combined TRACON& Tower with Radar,186,10,5,3,204,0,0,0,0,0,186,10,5,3,204,0,0,0,204
11/16/2020,IND,IN,AGL,CE,Combined TRACON& Tower with Radar,187,28,21,0,236,0,139,3,0,142,187,167,24,0,378,0,0,0,378
11/17/2020,IND,IN,AGL,CE,Combined TRACON& Tower with Radar,285,29,24,6,344,0,138,14,0,152,285,167,38,6,496,0,0,0,496
11/18/2020,IND,IN,AGL,CE,Combined TRACON& Tower with Radar,296,40,16,6,358,0,189,8,0,197,296,229,24,6,555,0,0,0,555
11/19/2020,IND,IN,AGL,CE,Combined TRACON& Tower with Radar,352,31,22,6,411,0,8,3,1,12,352,39,25,7,423,0,0,0,423
11/20/2020,IND,IN,AGL,CE,Combined TRACON& Tower with Radar,284,49,19,2,354,0,117,9,0,126,284,166,28,2,480,0,0,0,480
11/21/2020,IND,IN,AGL,CE,Combined TRACON& Tower with Radar,213,26,21,0,260,0,101,1,0,102,213,127,22,0,362,0,0,0,362
11/22/2020,IND,IN,AGL,CE,Combined TRACON& Tower with Radar,200,22,20,0,242,0,0,0,0,0,200,22,20,0,242,0,0,0,242
11/23/2020,IND,IN,AGL,CE,Combined TRACON& Tower with Radar,178,33,27,2,240,0,145,3,1,149,178,178,30,3,389,0,0,0,389
11/24/2020,IND,IN,AGL,CE,Combined TRACON& Tower with Radar,363,39,21,4,427,0,69,2,0,71,363,108,23,4,498,0,0,0,498
11/25/2020,IND,IN,AGL,CE,Combined TRACON& Tower with Radar,373,32,19,2,426,0,0,0,0,0,373,32,19,2,426,0,0,0,426
11/26/2020,IND,IN,AGL,CE,Combined TRACON& Tower with Radar,135,10,7,0,152,0,0,1,2,3,135,10,8,2,155,0,0,0,155
11/27/2020,IND,IN,AGL,CE,Combined TRACON& Tower with Radar,204,21,14,0,239,0,1,4,0,5,204,22,18,0,244,0,0,0,244
11/28/2020,IND,IN,AGL,CE,Combined TRACON& Tower with Radar,236,16,15,0,267,0,109,4,0,113,236,125,19,0,380,0,0,0,380
11/29/2020,IND,IN,AGL,CE,Combined TRACON& Tower with Radar,217,31,32,0,280,0,91,0,0,91,217,122,32,0,371,0,0,0,371
11/30/2020,IND,IN,AGL,CE,Combined TRACON& Tower with Radar,204,23,20,5,252,0,0,0,0,0,204,23,20,5,252,0,0,0,252
12/01/2020,IND,IN,AGL,CE,Combined TRACON& Tower with Radar,360,36,21,0,417,0,119,14,0,133,360,155,35,0,550,0,0,0,550
12/02/2020,IND,IN,AGL,CE,Combined TRACON& Tower with Radar,334,38,34,2,408,0,179,10,0,189,334,217,44,2,597,0,0,0,597
12/03/2020,IND,IN,AGL,CE,Combined TRACON& Tower with Radar,347,39,24,2,412,0,163,13,0,176,347,202,37,2,588,0,0,0,588
12/04/2020,IND,IN,AGL,CE,Combined TRACON& Tower with Radar,330,28,27,0,385,0,127,5,0,132,330,155,32,0,517,0,0,0,517
12/05/2020,IND,IN,AGL,CE,Combined TRACON& Tower with Radar,238,23,21,0,282,0,82,4,0,86,238,105,25,0,368,0,0,0,368
12/06/2020,IND,IN,AGL,CE,Combined TRACON& Tower with Radar,212,12,6,0,230,0,5,1,0,6,212,17,7,0,236,0,0,0,236
12/07/2020,IND,IN,AGL,CE,Combined TRACON& Tower with Radar,158,25,17,3,203,0,34,8,0,42,158,59,25,3,245,0,0,0,245
12/08/2020,IND,IN,AGL,CE,Combined TRACON& Tower with Radar,311,40,21,1,373,0,42,1,0,43,311,82,22,1,416,0,0,0,416
12/09/2020,IND,IN,AGL,CE,Combined TRACON& Tower with Radar,312,39,30,3,384,0,179,9,1,189,312,218,39,4,573,0,0,0,573
12/10/2020,IND,IN,AGL,CE,Combined TRACON& Tower with Radar,349,48,24,2,423,0,172,20,4,196,349,220,44,6,619,0,0,0,619
12/11/2020,IND,IN,AGL,CE,Combined TRACON& Tower with Radar,327,34,22,1,384,0,138,11,0,149,327,172,33,1,533,0,0,0,533
12/12/2020,IND,IN,AGL,CE,Combined TRACON& Tower with Radar,234,11,6,0,251,0,0,0,0,0,234,11,6,0,251,0,0,0,251
12/13/2020,IND,IN,AGL,CE,Combined TRACON& Tower with Radar,211,21,12,0,244,0,0,0,2,2,211,21,12,2,246,0,0,0,246
12/14/2020,IND,IN,AGL,CE,Combined TRACON& Tower with Radar,162,31,21,7,221,0,39,6,0,45,162,70,27,7,266,0,0,0,266
12/15/2020,IND,IN,AGL,CE,Combined TRACON& Tower with Radar,312,40,36,2,390,0,182,9,0,191,312,222,45,2,581,0,0,0,581
12/16/2020,IND,IN,AGL,CE,Combined TRACON& Tower with Radar,327,28,26,2,383,0,0,0,0,0,327,28,26,2,383,0,0,0,383
12/17/2020,IND,IN,AGL,CE,Combined TRACON& Tower with Radar,373,21,13,0,407,0,0,0,0,0,373,21,13,0,407,0,0,0,407
12/18/2020,IND,IN,AGL,CE,Combined TRACON& Tower with Radar,371,43,29,4,447,0,153,30,1,184,371,196,59,5,631,0,0,0,631
12/19/2020,IND,IN,AGL,CE,Combined TRACON& Tower with Radar,309,32,16,5,362,0,30,2,0,32,309,62,18,5,394,0,0,0,394
12/20/2020,IND,IN,AGL,CE,Combined TRACON& Tower with Radar,259,17,16,0,292,0,48,5,0,53,259,65,21,0,345,0,0,0,345
12/21/2020,IND,IN,AGL,CE,Combined TRACON& Tower with Radar,187,32,18,2,239,0,2,1,0,3,187,34,19,2,242,0,0,0,242
12/22/2020,IND,IN,AGL,CE,Combined TRACON& Tower with Radar,390,42,16,0,448,0,134,8,0,142,390,176,24,0,590,0,0,0,590
12/23/2020,IND,IN,AGL,CE,Combined TRACON& Tower with Radar,383,28,27,0,438,0,18,7,0,25,383,46,34,0,463,0,0,0,463
12/24/2020,IND,IN,AGL,CE,Combined TRACON& Tower with Radar,324,22,10,0,356,0,0,0,0,0,324,22,10,0,356,0,0,0,356
12/25/2020,IND,IN,AGL,CE,Combined TRACON& Tower with Radar,98,15,5,0,118,0,0,1,0,1,98,15,6,0,119,0,0,0,119
12/26/2020,IND,IN,AGL,CE,Combined TRACON& Tower with Radar,194,26,21,0,241,0,53,7,0,60,194,79,28,0,301,0,0,0,301
12/27/2020,IND,IN,AGL,CE,Combined TRACON& Tower with Radar,194,29,10,0,233,0,35,6,0,41,194,64,16,0,274,0,0,0,274
12/28/2020,IND,IN,AGL,CE,Combined TRACON& Tower with Radar,188,22,14,0,224,0,1,1,0,2,188,23,15,0,226,0,0,0,226
12/29/2020,IND,IN,AGL,CE,Combined TRACON& Tower with Radar,393,51,12,0,456,0,110,14,0,124,393,161,26,0,580,0,0,0,580
12/30/2020,IND,IN,AGL,CE,Combined TRACON& Tower with Radar,380,28,16,0,424,0,2,0,0,2,380,30,16,0,426,0,0,0,426
12/31/2020,IND,IN,AGL,CE,Combined TRACON& Tower with Radar,303,36,7,0,346,0,9,0,0,9,303,45,7,0,355,0,0,0,355
01/01/2021,IND,IN,AGL,CE,Combined TRACON& Tower with Radar,130,9,7,0,146,0,0,0,0,0,130,9,7,0,146,0,0,0,146
01/02/2021,IND,IN,AGL,CE,Combined TRACON& Tower with Radar,222,19,10,0,251,0,0,0,0,0,222,19,10,0,251,0,0,0,251
01/03/2021,IND,IN,AGL,CE,Combined TRACON& Tower with Radar,196,22,24,0,242,0,0,0,0,0,196,22,24,0,242,0,0,0,242
01/04/2021,IND,IN,AGL,CE,Combined TRACON& Tower with Radar,194,34,38,0,266,0,102,3,0,105,194,136,41,0,371,0,0,0,371
01/05/2021,IND,IN,AGL,CE,Combined TRACON& Tower with Radar,315,29,25,0,369,0,0,0,1,1,315,29,25,1,370,0,0,0,370
01/06/2021,IND,IN,AGL,CE,Combined TRACON& Tower with Radar,300,47,27,0,374,0,37,6,0,43,300,84,33,0,417,0,0,0,417
01/07/2021,IND,IN,AGL,CE,Combined TRACON& Tower with Radar,303,36,22,3,364,0,178,6,0,184,303,214,28,3,548,0,0,0,548
01/08/2021,IND,IN,AGL,CE,Combined TRACON& Tower with Radar,251,20,19,0,290,0,8,0,0,8,251,28,19,0,298,0,0,0,298
01/09/2021,IND,IN,AGL,CE,Combined TRACON& Tower with Radar,155,32,16,0,203,0,6,14,0,20,155,38,30,0,223,0,0,0,223
01/10/2021,IND,IN,AGL,CE,Combined TRACON& Tower with Radar,154,24,22,0,200,0,2,4,0,6,154,26,26,0,206,0,0,0,206
01/11/2021,IND,IN,AGL,CE,Combined TRACON& Tower with Radar,162,27,14,0,203,0,0,0,0,0,162,27,14,0,203,0,0,0,203
01/12/2021,IND,IN,AGL,CE,Combined TRACON& Tower with Radar,273,34,23,0,330,0,168,7,0,175,273,202,30,0,505,0,0,0,505
01/13/2021,IND,IN,AGL,CE,Combined TRACON& Tower with Radar,270,45,41,2,358,0,191,22,0,213,270,236,63,2,571,0,0,0,571
01/14/2021,IND,IN,AGL,CE,Combined TRACON& Tower with Radar,300,45,30,2,377,0,150,11,0,161,300,195,41,2,538,0,0,0,538
01/15/2021,IND,IN,AGL,CE,Combined TRACON& Tower with Radar,247,47,32,2,328,0,45,3,0,48,247,92,35,2,376,0,0,0,376
01/16/2021,IND,IN,AGL,CE,Combined TRACON& Tower with Radar,144,22,7,0,173,0,0,0,0,0,144,22,7,0,173,0,0,0,173
01/17/2021,IND,IN,AGL,CE,Combined TRACON& Tower with Radar,144,9,6,0,159,0,0,0,0,0,144,9,6,0,159,0,0,0,159
01/18/2021,IND,IN,AGL,CE,Combined TRACON& Tower with Radar,160,24,15,0,199,0,3,2,0,5,160,27,17,0,204,0,0,0,204
01/19/2021,IND,IN,AGL,CE,Combined TRACON& Tower with Radar,259,38,32,2,331,0,195,3,0,198,259,233,35,2,529,0,0,0,529
01/20/2021,IND,IN,AGL,CE,Combined TRACON& Tower with Radar,274,47,22,2,345,0,171,12,0,183,274,218,34,2,528,0,0,0,528
01/21/2021,IND,IN,AGL,CE,Combined TRACON& Tower with Radar,308,50,34,2,394,0,183,20,0,203,308,233,54,2,597,0,0,0,597
01/22/2021,IND,IN,AGL,CE,Combined TRACON& Tower with Radar,240,39,23,2,304,0,147,16,0,163,240,186,39,2,467,0,0,0,467
01/23/2021,IND,IN,AGL,CE,Combined TRACON& Tower with Radar,149,38,22,0,209,0,108,11,0,119,149,146,33,0,328,0,0,0,328
01/24/2021,IND,IN,AGL,CE,Combined TRACON& Tower with Radar,162,34,13,2,211,0,0,0,0,0,162,34,13,2,211,0,0,0,211
01/25/2021,IND,IN,AGL,CE,Combined TRACON& Tower with Radar,158,35,31,0,224,0,0,0,0,0,158,35,31,0,224,0,0,0,224
01/26/2021,IND,IN,AGL,CE,Combined TRACON& Tower with Radar,273,35,22,0,330,0,0,2,0,2,273,35,24,0,332,0,0,0,332
01/27/2021,IND,IN,AGL,CE,Combined TRACON& Tower with Radar,268,49,19,0,336,0,2,2,0,4,268,51,21,0,340,0,0,0,340
01/28/2021,IND,IN,AGL,CE,Combined TRACON& Tower with Radar,303,40,29,0,372,0,185,6,0,191,303,225,35,0,563,0,0,0,563
01/29/2021,IND,IN,AGL,CE,Combined TRACON& Tower with Radar,258,51,29,0,338,0,188,13,0,201,258,239,42,0,539,0,0,0,539
01/30/2021,IND,IN,AGL,CE,Combined TRACON& Tower with Radar,144,24,8,0,176,0,46,2,0,48,144,70,10,0,224,0,0,0,224
01/31/2021,IND,IN,AGL,CE,Combined TRACON& Tower with Radar,146,16,14,0,176,0,0,0,0,0,146,16,14,0,176,0,0,0,176
02/01/2021,IND,IN,AGL,CE,Combined TRACON& Tower with Radar,162,32,13,2,209,0,5,2,0,7,162,37,15,2,216,0,0,0,216
02/02/2021,IND,IN,AGL,CE,Combined TRACON& Tower with Radar,280,35,26,2,343,0,108,11,1,120,280,143,37,3,463,0,0,0,463
02/03/2021,IND,IN,AGL,CE,Combined TRACON& Tower with Radar,284,65,32,0,381,0,169,12,0,181,284,234,44,0,562,0,0,0,562
02/04/2021,IND,IN,AGL,CE,Combined TRACON& Tower with Radar,295,43,25,0,363,0,64,4,0,68,295,107,29,0,431,0,0,0,431
02/05/2021,IND,IN,AGL,CE,Combined TRACON& Tower with Radar,262,34,22,3,321,0,13,0,0,13,262,47,22,3,334,0,0,0,334
02/06/2021,IND,IN,AGL,CE,Combined TRACON& Tower with Radar,149,28,17,0,194,0,116,8,0,124,149,144,25,0,318,0,0,0,318
02/07/2021,IND,IN,AGL,CE,Combined TRACON& Tower with Radar,150,35,7,0,192,0,92,5,0,97,150,127,12,0,289,0,0,0,289
02/08/2021,IND,IN,AGL,CE,Combined TRACON& Tower with Radar,157,33,34,2,226,0,64,2,0,66,157,97,36,2,292,0,0,0,292
02/09/2021,IND,IN,AGL,CE,Combined TRACON& Tower with Radar,282,28,18,2,330,0,7,0,0,7,282,35,18,2,337,0,0,0,337
02/10/2021,IND,IN,AGL,CE,Combined TRACON& Tower with Radar,287,44,29,3,363,0,27,3,0,30,287,71,32,3,393,0,0,0,393
02/11/2021,IND,IN,AGL,CE,Combined TRACON& Tower with Radar,328,61,40,4,433,0,162,8,0,170,328,223,48,4,603,0,0,0,603
02/12/2021,IND,IN,AGL,CE,Combined TRACON& Tower with Radar,272,53,29,0,354,0,109,16,0,125,272,162,45,0,479,0,0,0,479
02/13/2021,IND,IN,AGL,CE,Combined TRACON& Tower with Radar,232,18,3,0,253,0,0,1,1,2,232,18,4,1,255,0,0,0,255
02/14/2021,IND,IN,AGL,CE,Combined TRACON& Tower with Radar,159,23,12,3,197,0,2,1,0,3,159,25,13,3,200,0,0,0,200
02/15/2021,IND,IN,AGL,CE,Combined TRACON& Tower with Radar,127,12,15,0,154,0,0,0,0,0,127,12,15,0,154,0,0,0,154
02/16/2021,IND,IN,AGL,CE,Combined TRACON& Tower with Radar,229,37,15,3,284,0,16,3,0,19,229,53,18,3,303,0,0,0,303
02/17/2021,IND,IN,AGL,CE,Combined TRACON& Tower with Radar,248,50,24,4,326,0,164,4,0,168,248,214,28,4,494,0,0,0,494
02/18/2021,IND,IN,AGL,CE,Combined TRACON& Tower with Radar,270,26,22,0,318,0,6,1,0,7,270,32,23,0,325,0,0,0,325
02/19/2021,IND,IN,AGL,CE,Combined TRACON& Tower with Radar,265,49,29,6,349,0,175,13,0,188,265,224,42,6,537,0,0,0,537
02/20/2021,IND,IN,AGL,CE,Combined TRACON& Tower with Radar,255,28,14,5,302,0,115,17,0,132,255,143,31,5,434,0,0,0,434
02/21/2021,IND,IN,AGL,CE,Combined TRACON& Tower with Radar,169,25,11,0,205,0,88,3,0,91,169,113,14,0,296,0,0,0,296
02/22/2021,IND,IN,AGL,CE,Combined TRACON& Tower with Radar,179,47,22,3,251,0,27,0,0,27,179,74,22,3,278,0,0,0,278
02/23/2021,IND,IN,AGL,CE,Combined TRACON& Tower with Radar,290,54,19,10,373,0,186,13,0,199,290,240,32,10,572,0,0,0,572
02/24/2021,IND,IN,AGL,CE,Combined TRACON& Tower with Radar,302,52,26,2,382,0,102,7,0,109,302,154,33,2,491,0,0,0,491
02/25/2021,IND,IN,AGL,CE,Combined TRACON& Tower with Radar,319,81,21,2,423,0,178,6,0,184,319,259,27,2,607,0,0,0,607
02/26/2021,IND,IN,AGL,CE,Combined TRACON& Tower with Radar,310,53,18,0,381,0,127,12,1,140,310,180,30,1,521,0,0,0,521
02/27/2021,IND,IN,AGL,CE,Combined TRACON& Tower with Radar,277,24,12,0,313,0,39,1,0,40,277,63,13,0,353,0,0,0,353
02/28/2021,IND,IN,AGL,CE,Combined TRACON& Tower with Radar,183,37,15,0,235,0,2,0,0,2,183,39,15,0,237,0,0,0,237
03/01/2021,IND,IN,AGL,CE,Combined TRACON& Tower with Radar,194,63,24,1,282,0,101,14,0,115,194,164,38,1,397,0,0,0,397
03/02/2021,IND,IN,AGL,CE,Combined TRACON& Tower with Radar,299,50,29,1,379,0,167,16,0,183,299,217,45,1,562,0,0,0,562
03/03/2021,IND,IN,AGL,CE,Combined TRACON& Tower with Radar,310,54,33,0,397,0,165,15,0,180,310,219,48,0,577,0,0,0,577
03/04/2021,IND,IN,AGL,CE,Combined TRACON& Tower with Radar,336,38,26,2,402,0,175,8,0,183,336,213,34,2,585,0,0,0,585
03/05/2021,IND,IN,AGL,CE,Combined TRACON& Tower with Radar,294,34,23,0,351,0,151,10,0,161,294,185,33,0,512,0,0,0,512
03/06/2021,IND,IN,AGL,CE,Combined TRACON& Tower with Radar,280,23,9,0,312,0,89,15,0,104,280,112,24,0,416,0,0,0,416
03/07/2021,IND,IN,AGL,CE,Combined TRACON& Tower with Radar,184,18,14,0,216,0,78,5,0,83,184,96,19,0,299,0,0,0,299
03/08/2021,IND,IN,AGL,CE,Combined TRACON& Tower with Radar,214,41,24,0,279,0,131,10,0,141,214,172,34,0,420,0,0,0,420
03/09/2021,IND,IN,AGL,CE,Combined TRACON& Tower with Radar,307,38,28,0,373,0,162,14,0,176,307,200,42,0,549,0,0,0,549
03/10/2021,IND,IN,AGL,CE,Combined TRACON& Tower with Radar,328,44,41,0,413,0,16,0,0,16,328,60,41,0,429,0,0,0,429
03/11/2021,IND,IN,AGL,CE,Combined TRACON& Tower with Radar,354,55,31,0,440,0,4,0,0,4,354,59,31,0,444,0,0,0,444
03/12/2021,IND,IN,AGL,CE,Combined TRACON& Tower with Radar,309,64,52,0,425,0,143,11,0,154,309,207,63,0,579,0,0,0,579
03/13/2021,IND,IN,AGL,CE,Combined TRACON& Tower with Radar,252,23,18,0,293,0,94,13,0,107,252,117,31,0,400,0,0,0,400
03/14/2021,IND,IN,AGL,CE,Combined TRACON& Tower with Radar,224,39,18,3,284,0,86,9,1,96,224,125,27,4,380,0,0,0,380
03/15/2021,IND,IN,AGL,CE,Combined TRACON& Tower with Radar,258,28,30,2,318,0,3,2,0,5,258,31,32,2,323,0,0,0,323
03/16/2021,IND,IN,AGL,CE,Combined TRACON& Tower with Radar,367,65,28,2,462,0,0,1,0,1,367,65,29,2,463,0,0,0,463
03/17/2021,IND,IN,AGL,CE,Combined TRACON& Tower with Radar,355,63,14,0,432,0,50,8,0,58,355,113,22,0,490,0,0,0,490
03/18/2021,IND,IN,AGL,CE,Combined TRACON& Tower with Radar,361,67,27,0,455,0,0,0,0,0,361,67,27,0,455,0,0,0,455
03/19/2021,IND,IN,AGL,CE,Combined TRACON& Tower with Radar,337,77,71,5,490,0,153,8,0,161,337,230,79,5,651,0,0,0,651
03/20/2021,IND,IN,AGL,CE,Combined TRACON& Tower with Radar,278,46,44,0,368,0,142,16,0,158,278,188,60,0,526,0,0,0,526
03/21/2021,IND,IN,AGL,CE,Combined TRACON& Tower with Radar,227,46,62,0,335,0,116,21,0,137,227,162,83,0,472,0,0,0,472
03/22/2021,IND,IN,AGL,CE,Combined TRACON& Tower with Radar,246,64,67,4,381,0,146,11,0,157,246,210,78,4,538,0,0,0,538
03/23/2021,IND,IN,AGL,CE,Combined TRACON& Tower with Radar,351,58,34,0,443,0,125,3,1,129,351,183,37,1,572,0,0,0,572
03/24/2021,IND,IN,AGL,CE,Combined TRACON& Tower with Radar,357,68,19,8,452,0,35,4,0,39,357,103,23,8,491,0,0,0,491
03/25/2021,IND,IN,AGL,CE,Combined TRACON& Tower with Radar,357,57,24,0,438,0,79,5,0,84,357,136,29,0,522,0,0,0,522
03/26/2021,IND,IN,AGL,CE,Combined TRACON& Tower with Radar,321,80,36,3,440,0,10,2,0,12,321,90,38,3,452,0,0,0,452
03/27/2021,IND,IN,AGL,CE,Combined TRACON& Tower with Radar,252,70,72,0,394,0,88,16,0,104,252,158,88,0,498,0,0,0,498
03/28/2021,IND,IN,AGL,CE,Combined TRACON& Tower with Radar,225,63,67,2,357,0,34,2,0,36,225,97,69,2,393,0,0,0,393
03/29/2021,IND,IN,AGL,CE,Combined TRACON& Tower with Radar,221,47,65,0,333,0,181,13,0,194,221,228,78,0,527,0,0,0,527
03/30/2021,IND,IN,AGL,CE,Combined TRACON& Tower with Radar,374,52,71,4,501,0,83,1,0,84,374,135,72,4,585,0,0,0,585
03/31/2021,IND,IN,AGL,CE,Combined TRACON& Tower with Radar,380,71,27,2,480,0,103,4,0,107,380,174,31,2,587,0,0,0,587
04/01/2021,IND,IN,AGL,CE,Combined TRACON& Tower with Radar,400,58,37,0,495,0,94,7,0,101,400,152,44,0,596,0,0,0,596
04/02/2021,IND,IN,AGL,CE,Combined TRACON& Tower with Radar,365,73,16,4,458,0,181,20,0,201,365,254,36,4,659,0,0,0,659
04/03/2021,IND,IN,AGL,CE,Combined TRACON& Tower with Radar,255,61,71,0,387,0,101,13,2,116,255,162,84,2,503,0,0,0,503
04/04/2021,IND,IN,AGL,CE,Combined TRACON& Tower with Radar,207,37,29,4,277,0,87,7,0,94,207,124,36,4,371,0,0,0,371
04/05/2021,IND,IN,AGL,CE,Combined TRACON& Tower with Radar,230,69,62,2,363,0,150,16,0,166,230,219,78,2,529,0,0,0,529
04/06/2021,IND,IN,AGL,CE,Combined TRACON& Tower with Radar,366,108,81,3,558,0,162,17,1,180,366,270,98,4,738,0,0,0,738
04/07/2021,IND,IN,AGL,CE,Combined TRACON& Tower with Radar,370,48,34,4,456,0,122,6,0,128,370,170,40,4,584,0,0,0,584
04/08/2021,IND,IN,AGL,CE,Combined TRACON& Tower with Radar,410,81,30,0,521,0,25,1,0,26,410,106,31,0,547,0,0,0,547
04/09/2021,IND,IN,AGL,CE,Combined TRACON& Tower with Radar,357,42,35,2,436,0,163,9,1,173,357,205,44,3,609,0,0,0,609
04/10/2021,IND,IN,AGL,CE,Combined TRACON& Tower with Radar,238,33,21,0,292,0,37,2,2,41,238,70,23,2,333,0,0,0,333
04/11/2021,IND,IN,AGL,CE,Combined TRACON& Tower with Radar,200,31,13,0,244,0,0,0,0,0,200,31,13,0,244,0,0,0,244
04/12/2021,IND,IN,AGL,CE,Combined TRACON& Tower with Radar,232,108,36,7,383,0,94,11,0,105,232,202,47,7,488,0,0,0,488
04/13/2021,IND,IN,AGL,CE,Combined TRACON& Tower with Radar,356,48,27,0,431,0,192,7,0,199,356,240,34,0,630,0,0,0,630
04/14/2021,IND,IN,AGL,CE,Combined TRACON& Tower with Radar,359,69,42,3,473,0,168,14,1,183,359,237,56,4,656,0,0,0,656
04/15/2021,IND,IN,AGL,CE,Combined TRACON& Tower with Radar,377,57,31,0,465,0,188,5,2,195,377,245,36,2,660,0,0,0,660
04/16/2021,IND,IN,AGL,CE,Combined TRACON& Tower with Radar,349,56,21,0,426,0,162,10,0,172,349,218,31,0,598,0,0,0,598
04/17/2021,IND,IN,AGL,CE,Combined TRACON& Tower with Radar,219,15,11,0,245,0,96,7,0,103,219,111,18,0,348,0,0,0,348
04/18/2021,IND,IN,AGL,CE,Combined TRACON& Tower with Radar,209,42,23,0,274,0,102,5,0,107,209,144,28,0,381,0,0,0,381
04/19/2021,IND,IN,AGL,CE,Combined TRACON& Tower with Radar,210,47,22,0,279,0,124,7,0,131,210,171,29,0,410,0,0,0,410
04/20/2021,IND,IN,AGL,CE,Combined TRACON& Tower with Radar,352,60,23,0,435,0,3,0,0,3,352,63,23,0,438,0,0,0,438
04/21/2021,IND,IN,AGL,CE,Combined TRACON& Tower with Radar,370,62,35,0,467,0,43,1,0,44,370,105,36,0,511,0,0,0,511
04/22/2021,IND,IN,AGL,CE,Combined TRACON& Tower with Radar,388,62,47,0,497,0,176,10,0,186,388,238,57,0,683,0,0,0,683
04/23/2021,IND,IN,AGL,CE,Combined TRACON& Tower with Radar,344,52,37,1,434,0,172,20,0,192,344,224,57,1,626,0,0,0,626
04/24/2021,IND,IN,AGL,CE,Combined TRACON& Tower with Radar,214,33,5,1,253,0,49,8,2,59,214,82,13,3,312,0,0,0,312
04/25/2021,IND,IN,AGL,CE,Combined TRACON& Tower with Radar,205,29,32,0,266,0,101,17,0,118,205,130,49,0,384,0,0,0,384
04/26/2021,IND,IN,AGL,CE,Combined TRACON& Tower with Radar,232,34,29,4,299,0,175,5,1,181,232,209,34,5,480,0,0,0,480
04/27/2021,IND,IN,AGL,CE,Combined TRACON& Tower with Radar,355,50,29,4,438,0,138,5,0,143,355,188,34,4,581,0,0,0,581
04/28/2021,IND,IN,AGL,CE,Combined TRACON& Tower with Radar,360,69,26,2,457,0,74,0,0,74,360,143,26,2,531,0,0,0,531
04/29/2021,IND,IN,AGL,CE,Combined TRACON& Tower with Radar,389,87,31,0,507,0,12,0,0,12,389,99,31,0,519,0,0,0,519
04/30/2021,IND,IN,AGL,CE,Combined TRACON& Tower with Radar,347,51,40,2,440,0,121,10,2,133,347,172,50,4,573,0,0,0,573
05/01/2021,IND,IN,AGL,CE,Combined TRACON& Tower with Radar,210,25,20,4,259,0,102,9,0,111,210,127,29,4,370,0,0,0,370
05/02/2021,IND,IN,AGL,CE,Combined TRACON& Tower with Radar,200,37,25,2,264,0,104,7,0,111,200,141,32,2,375,0,0,0,375
05/03/2021,IND,IN,AGL,CE,Combined TRACON& Tower with Radar,202,76,39,0,317,0,12,2,0,14,202,88,41,0,331,0,0,0,331
05/04/2021,IND,IN,AGL,CE,Combined TRACON& Tower with Radar,360,82,36,0,478,0,2,0,0,2,360,84,36,0,480,0,0,0,480
05/05/2021,IND,IN,AGL,CE,Combined TRACON& Tower with Radar,378,49,45,0,472,0,176,14,0,190,378,225,59,0,662,0,0,0,662
05/06/2021,IND,IN,AGL,CE,Combined TRACON& Tower with Radar,415,62,34,2,513,0,149,8,0,157,415,211,42,2,670,0,0,0,670
05/07/2021,IND,IN,AGL,CE,Combined TRACON& Tower with Radar,375,60,33,0,468,0,148,10,0,158,375,208,43,0,626,0,0,0,626
05/08/2021,IND,IN,AGL,CE,Combined TRACON& Tower with Radar,293,28,17,0,338,0,117,14,0,131,293,145,31,0,469,0,0,0,469
05/09/2021,IND,IN,AGL,CE,Combined TRACON& Tower with Radar,226,19,12,0,257,0,1,0,0,1,226,20,12,0,258,0,0,0,258
05/10/2021,IND,IN,AGL,CE,Combined TRACON& Tower with Radar,231,26,20,7,284,0,177,11,1,189,231,203,31,8,473,0,0,0,473
05/11/2021,IND,IN,AGL,CE,Combined TRACON& Tower with Radar,390,40,40,3,473,0,168,8,0,176,390,208,48,3,649,0,0,0,649
05/12/2021,IND,IN,AGL,CE,Combined TRACON& Tower with Radar,397,50,55,6,508,0,161,12,2,175,397,211,67,8,683,0,0,0,683
05/13/2021,IND,IN,AGL,CE,Combined TRACON& Tower with Radar,421,48,39,5,513,0,157,16,1,174,421,205,55,6,687,0,0,0,687
05/14/2021,IND,IN,AGL,CE,Combined TRACON& Tower with Radar,374,47,32,0,453,0,129,23,1,153,374,176,55,1,606,0,0,0,606
05/15/2021,IND,IN,AGL,CE,Combined TRACON& Tower with Radar,236,36,26,0,298,0,82,18,0,100,236,118,44,0,398,0,0,0,398
05/16/2021,IND,IN,AGL,CE,Combined TRACON& Tower with Radar,237,23,19,0,279,0,76,2,0,78,237,99,21,0,357,0,0,0,357
05/17/2021,IND,IN,AGL,CE,Combined TRACON& Tower with Radar,244,53,30,0,327,0,42,3,0,45,244,95,33,0,372,0,0,0,372
05/18/2021,IND,IN,AGL,CE,Combined TRACON& Tower with Radar,406,45,38,0,489,0,140,17,0,157,406,185,55,0,646,0,0,0,646
05/19/2021,IND,IN,AGL,CE,Combined TRACON& Tower with Radar,408,40,49,0,497,0,157,15,0,172,408,197,64,0,669,0,0,0,669
05/20/2021,IND,IN,AGL,CE,Combined TRACON& Tower with Radar,423,58,51,4,536,0,153,18,2,173,423,211,69,6,709,0,0,0,709
05/21/2021,IND,IN,AGL,CE,Combined TRACON& Tower with Radar,381,41,29,2,453,0,131,7,0,138,381,172,36,2,591,0,0,0,591
05/22/2021,IND,IN,AGL,CE,Combined TRACON& Tower with Radar,235,24,38,1,298,0,93,4,0,97,235,117,42,1,395,0,0,0,395
05/23/2021,IND,IN,AGL,CE,Combined TRACON& Tower with Radar,236,27,26,0,289,0,110,8,0,118,236,137,34,0,407,0,0,0,407
05/24/2021,IND,IN,AGL,CE,Combined TRACON& Tower with Radar,232,44,36,4,316,0,131,6,0,137,232,175,42,4,453,0,0,0,453
05/25/2021,IND,IN,AGL,CE,Combined TRACON& Tower with Radar,395,52,40,0,487,0,148,10,2,160,395,200,50,2,647,0,0,0,647
05/26/2021,IND,IN,AGL,CE,Combined TRACON& Tower with Radar,404,95,39,2,540,0,58,4,3,65,404,153,43,5,605,0,0,0,605
05/27/2021,IND,IN,AGL,CE,Combined TRACON& Tower with Radar,429,52,45,7,533,0,164,18,2,184,429,216,63,9,717,0,0,0,717
05/28/2021,IND,IN,AGL,CE,Combined TRACON& Tower with Radar,387,78,59,3,527,0,0,0,0,0,387,78,59,3,527,0,0,0,527
05/29/2021,IND,IN,AGL,CE,Combined TRACON& Tower with Radar,248,52,44,2,346,0,74,8,0,82,248,126,52,2,428,0,0,0,428
05/30/2021,IND,IN,AGL,CE,Combined TRACON& Tower with Radar,225,75,85,2,387,0,64,53,2,119,225,139,138,4,506,0,0,0,506
05/31/2021,IND,IN,AGL,CE,Combined TRACON& Tower with Radar,237,30,40,1,308,0,4,11,0,15,237,34,51,1,323,0,0,0,323
06/01/2021,IND,IN,AGL,CE,Combined TRACON& Tower with Radar,235,29,36,0,300,0,145,11,2,158,235,174,47,2,458,0,0,0,458
06/02/2021,IND,IN,AGL,CE,Combined TRACON& Tower with Radar,430,79,30,0,539,0,1,0,0,1,430,80,30,0,540,0,0,0,540
06/03/2021,IND,IN,AGL,CE,Combined TRACON& Tower with Radar,430,72,37,0,539,0,123,26,0,149,430,195,63,0,688,0,0,0,688
06/04/2021,IND,IN,AGL,CE,Combined TRACON& Tower with Radar,397,37,42,0,476,0,158,20,2,180,397,195,62,2,656,0,0,0,656
06/05/2021,IND,IN,AGL,CE,Combined TRACON& Tower with Radar,258,22,12,2,294,0,87,8,0,95,258,109,20,2,389,0,0,0,389
06/06/2021,IND,IN,AGL,CE,Combined TRACON& Tower with Radar,249,28,18,1,296,0,26,3,0,29,249,54,21,1,325,0,0,0,325
06/07/2021,IND,IN,AGL,CE,Combined TRACON& Tower with Radar,256,29,19,1,305,0,0,4,0,4,256,29,23,1,309,0,0,0,309
06/08/2021,IND,IN,AGL,CE,Combined TRACON& Tower with Radar,436,35,39,0,510,0,0,2,0,2,436,35,41,0,512,0,0,0,512
06/09/2021,IND,IN,AGL,CE,Combined TRACON& Tower with Radar,437,39,43,2,521,0,1,2,0,3,437,40,45,2,524,0,0,0,524
06/10/2021,IND,IN,AGL,CE,Combined TRACON& Tower with Radar,442,48,41,0,531,0,3,5,0,8,442,51,46,0,539,0,0,0,539
06/11/2021,IND,IN,AGL,CE,Combined TRACON& Tower with Radar,406,51,24,2,483,0,2,11,0,13,406,53,35,2,496,0,0,0,496
06/12/2021,IND,IN,AGL,CE,Combined TRACON& Tower with Radar,291,35,20,0,346,0,6,13,0,19,291,41,33,0,365,0,0,0,365
06/13/2021,IND,IN,AGL,CE,Combined TRACON& Tower with Radar,263,23,24,0,310,0,37,14,0,51,263,60,38,0,361,0,0,0,361
06/14/2021,IND,IN,AGL,CE,Combined TRACON& Tower with Radar,260,30,39,1,330,0,104,7,0,111,260,134,46,1,441,0,0,0,441
06/15/2021,IND,IN,AGL,CE,Combined TRACON& Tower with Radar,437,57,39,0,533,0,162,13,0,175,437,219,52,0,708,0,0,0,708
06/16/2021,IND,IN,AGL,CE,Combined TRACON& Tower with Radar,445,57,42,0,544,0,160,13,0,173,445,217,55,0,717,0,0,0,717
06/17/2021,IND,IN,AGL,CE,Combined TRACON& Tower with Radar,439,56,37,0,532,0,149,16,0,165,439,205,53,0,697,0,0,0,697
06/18/2021,IND,IN,AGL,CE,Combined TRACON& Tower with Radar,401,41,33,3,478,0,92,3,1,96,401,133,36,4,574,0,0,0,574
06/19/2021,IND,IN,AGL,CE,Combined TRACON& Tower with Radar,273,37,10,0,320,0,38,4,0,42,273,75,14,0,362,0,0,0,362
06/20/2021,IND,IN,AGL,CE,Combined TRACON& Tower with Radar,256,44,19,1,320,0,51,6,0,57,256,95,25,1,377,0,0,0,377
06/21/2021,IND,IN,AGL,CE,Combined TRACON& Tower with Radar,270,62,42,4,378,0,59,4,0,63,270,121,46,4,441,0,0,0,441
06/22/2021,IND,IN,AGL,CE,Combined TRACON& Tower with Radar,440,56,39,2,537,0,174,17,0,191,440,230,56,2,728,0,0,0,728
06/23/2021,IND,IN,AGL,CE,Combined TRACON& Tower with Radar,441,53,51,8,553,0,149,12,3,164,441,202,63,11,717,0,0,0,717
06/24/2021,IND,IN,AGL,CE,Combined TRACON& Tower with Radar,434,53,54,6,547,0,119,7,2,128,434,172,61,8,675,0,0,0,675
06/25/2021,IND,IN,AGL,CE,Combined TRACON& Tower with Radar,403,46,37,3,489,0,6,0,0,6,403,52,37,3,495,0,0,0,495
06/26/2021,IND,IN,AGL,CE,Combined TRACON& Tower with Radar,271,34,14,0,319,0,38,1,0,39,271,72,15,0,358,0,0,0,358
06/27/2021,IND,IN,AGL,CE,Combined TRACON& Tower with Radar,264,30,18,2,314,0,41,5,0,46,264,71,23,2,360,0,0,0,360
06/28/2021,IND,IN,AGL,CE,Combined TRACON& Tower with Radar,268,35,41,0,344,0,138,3,0,141,268,173,44,0,485,0,0,0,485
06/29/2021,IND,IN,AGL,CE,Combined TRACON& Tower with Radar,449,54,39,0,542,0,146,4,0,150,449,200,43,0,692,0,0,0,692
06/30/2021,IND,IN,AGL,CE,Combined TRACON& Tower with Radar,446,61,39,0,546,0,5,1,0,6,446,66,40,0,552,0,0,0,552
07/01/2021,IND,IN,AGL,CE,Combined TRACON& Tower with Radar,449,65,31,2,547,0,50,7,0,57,449,115,38,2,604,0,0,0,604
07/02/2021,IND,IN,AGL,CE,Combined TRACON& Tower with Radar,408,54,22,0,484,0,123,11,0,134,408,177,33,0,618,0,0,0,618
07/03/2021,IND,IN,AGL,CE,Combined TRACON& Tower with Radar,289,30,7,0,326,0,66,5,0,71,289,96,12,0,397,0,0,0,397
07/04/2021,IND,IN,AGL,CE,Combined TRACON& Tower with Radar,224,20,6,0,250,0,35,13,1,49,224,55,19,1,299,0,0,0,299
07/05/2021,IND,IN,AGL,CE,Combined TRACON& Tower with Radar,247,26,17,0,290,0,69,6,0,75,247,95,23,0,365,0,0,0,365
07/06/2021,IND,IN,AGL,CE,Combined TRACON& Tower with Radar,255,32,40,0,327,0,130,15,1,146,255,162,55,1,473,0,0,0,473
07/07/2021,IND,IN,AGL,CE,Combined TRACON& Tower with Radar,453,55,35,2,545,0,109,8,0,117,453,164,43,2,662,0,0,0,662
07/08/2021,IND,IN,AGL,CE,Combined TRACON& Tower with Radar,452,69,35,0,556,0,14,3,0,17,452,83,38,0,573,0,0,0,573
07/09/2021,IND,IN,AGL,CE,Combined TRACON& Tower with Radar,426,87,11,5,529,0,114,3,0,117,426,201,14,5,646,0,0,0,646
07/10/2021,IND,IN,AGL,CE,Combined TRACON& Tower with Radar,285,60,14,0,359,0,12,0,0,12,285,72,14,0,371,0,0,0,371
07/11/2021,IND,IN,AGL,CE,Combined TRACON& Tower with Radar,266,49,28,0,343,0,1,1,0,2,266,50,29,0,345,0,0,0,345
07/12/2021,IND,IN,AGL,CE,Combined TRACON& Tower with Radar,265,57,25,4,351,0,20,3,0,23,265,77,28,4,374,0,0,0,374
07/13/2021,IND,IN,AGL,CE,Combined TRACON& Tower with Radar,448,70,32,7,557,0,34,1,0,35,448,104,33,7,592,0,0,0,592
07/14/2021,IND,IN,AGL,CE,Combined TRACON& Tower with Radar,455,68,46,2,571,0,171,13,0,184,455,239,59,2,755,0,0,0,755
07/15/2021,IND,IN,AGL,CE,Combined TRACON& Tower with Radar,446,67,47,4,564,0,123,17,0,140,446,190,64,4,704,0,0,0,704
07/16/2021,IND,IN,AGL,CE,Combined TRACON& Tower with Radar,432,62,36,0,530,0,4,0,0,4,432,66,36,0,534,0,0,0,534
07/17/2021,IND,IN,AGL,CE,Combined TRACON& Tower with Radar,276,50,20,1,347,0,42,2,0,44,276,92,22,1,391,0,0,0,391
07/18/2021,IND,IN,AGL,CE,Combined TRACON& Tower with Radar,266,59,52,3,380,0,137,6,0,143,266,196,58,3,523,0,0,0,523
07/19/2021,IND,IN,AGL,CE,Combined TRACON& Tower with Radar,268,32,37,4,341,0,137,11,0,148,268,169,48,4,489,0,0,0,489
07/20/2021,IND,IN,AGL,CE,Combined TRACON& Tower with Radar,448,41,28,2,519,0,166,9,0,175,448,207,37,2,694,0,0,0,694
07/21/2021,IND,IN,AGL,CE,Combined TRACON& Tower with Radar,455,82,32,4,573,0,100,13,0,113,455,182,45,4,686,0,0,0,686
07/22/2021,IND,IN,AGL,CE,Combined TRACON& Tower with Radar,456,64,43,6,569,0,138,13,0,151,456,202,56,6,720,0,0,0,720
07/23/2021,IND,IN,AGL,CE,Combined TRACON& Tower with Radar,415,76,50,1,542,0,77,10,0,87,415,153,60,1,629,0,0,0,629
07/24/2021,IND,IN,AGL,CE,Combined TRACON& Tower with Radar,285,40,26,2,353,0,58,7,2,67,285,98,33,4,420,0,0,0,420
07/25/2021,IND,IN,AGL,CE,Combined TRACON& Tower with Radar,260,64,40,2,366,0,34,3,2,39,260,98,43,4,405,0,0,0,405
07/26/2021,IND,IN,AGL,CE,Combined TRACON& Tower with Radar,281,37,30,2,350,0,125,13,0,138,281,162,43,2,488,0,0,0,488
07/27/2021,IND,IN,AGL,CE,Combined TRACON& Tower with Radar,436,44,34,2,516,0,140,11,0,151,436,184,45,2,667,0,0,0,667
07/28/2021,IND,IN,AGL,CE,Combined TRACON& Tower with Radar,457,58,47,4,566,0,136,9,2,147,457,194,56,6,713,0,0,0,713
07/29/2021,IND,IN,AGL,CE,Combined TRACON& Tower with Radar,456,46,32,2,536,0,70,6,0,76,456,116,38,2,612,0,0,0,612
07/30/2021,IND,IN,AGL,CE,Combined TRACON& Tower with Radar,419,53,30,10,512,0,104,23,0,127,419,157,53,10,639,0,0,0,639
07/31/2021,IND,IN,AGL,CE,Combined TRACON& Tower with Radar,273,36,19,1,329,0,41,8,9,58,273,77,27,10,387,0,0,0,387
08/01/2021,IND,IN,AGL,CE,Combined TRACON& Tower with Radar,250,44,26,1,321,0,55,2,1,58,250,99,28,2,379,0,0,0,379
08/02/2021,IND,IN,AGL,CE,Combined TRACON& Tower with Radar,252,37,41,2,332,0,140,16,1,157,252,177,57,3,489,0,0,0,489
08/03/2021,IND,IN,AGL,CE,Combined TRACON& Tower with Radar,443,58,44,1,546,0,136,8,2,146,443,194,52,3,692,0,0,0,692
08/04/2021,IND,IN,AGL,CE,Combined TRACON& Tower with Radar,436,48,61,0,545,0,133,12,2,147,436,181,73,2,692,0,0,0,692
08/05/2021,IND,IN,AGL,CE,Combined TRACON& Tower with Radar,448,46,62,2,558,0,128,25,0,153,448,174,87,2,711,0,0,0,711
08/06/2021,IND,IN,AGL,CE,Combined TRACON& Tower with Radar,397,42,24,4,467,0,115,17,0,132,397,157,41,4,599,0,0,0,599
08/07/2021,IND,IN,AGL,CE,Combined TRACON& Tower with Radar,269,22,18,1,310,0,49,15,4,68,269,71,33,5,378,0,0,0,378
08/08/2021,IND,IN,AGL,CE,Combined TRACON& Tower with Radar,261,21,19,5,306,0,78,14,2,94,261,99,33,7,400,0,0,0,400
08/09/2021,IND,IN,AGL,CE,Combined TRACON& Tower with Radar,278,47,36,2,363,0,24,3,0,27,278,71,39,2,390,0,0,0,390
08/10/2021,IND,IN,AGL,CE,Combined TRACON& Tower with Radar,453,61,25,2,541,0,109,9,2,120,453,170,34,4,661,0,0,0,661
08/11/2021,IND,IN,AGL,CE,Combined TRACON& Tower with Radar,469,44,55,4,572,0,129,6,0,135,469,173,61,4,707,0,0,0,707
08/12/2021,IND,IN,AGL,CE,Combined TRACON& Tower with Radar,455,50,46,6,557,0,115,7,0,122,455,165,53,6,679,0,0,0,679
08/13/2021,IND,IN,AGL,CE,Combined TRACON& Tower with Radar,418,58,65,3,544,0,127,19,0,146,418,185,84,3,690,0,0,0,690
08/14/2021,IND,IN,AGL,CE,Combined TRACON& Tower with Radar,265,44,57,0,366,0,86,32,0,118,265,130,89,0,484,0,0,0,484
08/15/2021,IND,IN,AGL,CE,Combined TRACON& Tower with Radar,256,43,80,3,382,0,69,30,0,99,256,112,110,3,481,0,0,0,481
08/16/2021,IND,IN,AGL,CE,Combined TRACON& Tower with Radar,265,58,36,3,362,0,60,9,0,69,265,118,45,3,431,0,0,0,431
08/17/2021,IND,IN,AGL,CE,Combined TRACON& Tower with Radar,440,83,41,3,567,0,51,3,0,54,440,134,44,3,621,0,0,0,621
08/18/2021,IND,IN,AGL,CE,Combined TRACON& Tower with Radar,430,77,41,5,553,0,110,12,1,123,430,187,53,6,676,0,0,0,676
08/19/2021,IND,IN,AGL,CE,Combined TRACON& Tower with Radar,452,99,37,8,596,0,57,4,0,61,452,156,41,8,657,0,0,0,657
08/20/2021,IND,IN,AGL,CE,Combined TRACON& Tower with Radar,409,58,20,8,495,0,105,15,0,120,409,163,35,8,615,0,0,0,615
08/21/2021,IND,IN,AGL,CE,Combined TRACON& Tower with Radar,253,19,21,0,293,0,75,13,0,88,253,94,34,0,381,0,0,0,381
08/22/2021,IND,IN,AGL,CE,Combined TRACON& Tower with Radar,263,28,19,2,312,0,66,11,0,77,263,94,30,2,389,0,0,0,389
08/23/2021,IND,IN,AGL,CE,Combined TRACON& Tower with Radar,261,55,26,4,346,0,100,11,0,111,261,155,37,4,457,0,0,0,457
08/24/2021,IND,IN,AGL,CE,Combined TRACON& Tower with Radar,463,59,35,3,560,0,129,10,1,140,463,188,45,4,700,0,0,0,700
08/25/2021,IND,IN,AGL,CE,Combined TRACON& Tower with Radar,473,75,43,1,592,0,70,5,1,76,473,145,48,2,668,0,0,0,668
08/26/2021,IND,IN,AGL,CE,Combined TRACON& Tower with Radar,452,48,42,3,545,0,122,8,2,132,452,170,50,5,677,0,0,0,677
08/27/2021,IND,IN,AGL,CE,Combined TRACON& Tower with Radar,415,48,46,2,511,0,91,10,0,101,415,139,56,2,612,0,0,0,612
08/28/2021,IND,IN,AGL,CE,Combined TRACON& Tower with Radar,266,23,10,0,299,0,59,8,0,67,266,82,18,0,366,0,0,0,366
08/29/2021,IND,IN,AGL,CE,Combined TRACON& Tower with Radar,253,25,17,0,295,0,55,11,0,66,253,80,28,0,361,0,0,0,361
08/30/2021,IND,IN,AGL,CE,Combined TRACON& Tower with Radar,259,45,37,2,343,0,0,1,0,1,259,45,38,2,344,0,0,0,344
08/31/2021,IND,IN,AGL,CE,Combined TRACON& Tower with Radar,435,102,30,2,569,0,42,6,0,48,435,144,36,2,617,0,0,0,617
09/01/2021,IND,IN,AGL,CE,Combined TRACON& Tower with Radar,442,58,50,4,554,0,158,19,2,179,442,216,69,6,733,0,0,0,733
09/02/2021,IND,IN,AGL,CE,Combined TRACON& Tower with Radar,450,52,42,13,557,0,158,20,0,178,450,210,62,13,735,0,0,0,735
09/03/2021,IND,IN,AGL,CE,Combined TRACON& Tower with Radar,415,51,23,7,496,0,113,16,0,129,415,164,39,7,625,0,0,0,625
09/04/2021,IND,IN,AGL,CE,Combined TRACON& Tower with Radar,258,32,14,10,314,0,23,1,0,24,258,55,15,10,338,0,0,0,338
09/05/2021,IND,IN,AGL,CE,Combined TRACON& Tower with Radar,232,20,34,12,298,0,46,11,0,57,232,66,45,12,355,0,0,0,355
09/06/2021,IND,IN,AGL,CE,Combined TRACON& Tower with Radar,245,19,16,11,291,0,96,16,0,112,245,115,32,11,403,0,0,0,403
09/07/2021,IND,IN,AGL,CE,Combined TRACON& Tower with Radar,242,39,28,9,318,0,29,7,0,36,242,68,35,9,354,0,0,0,354
09/08/2021,IND,IN,AGL,CE,Combined TRACON& Tower with Radar,416,46,38,2,502,0,106,14,1,121,416,152,52,3,623,0,0,0,623
09/09/2021,IND,IN,AGL,CE,Combined TRACON& Tower with Radar,450,48,39,2,539,0,133,13,1,147,450,181,52,3,686,0,0,0,686
09/10/2021,IND,IN,AGL,CE,Combined TRACON& Tower with Radar,410,60,64,7,541,0,116,17,1,134,410,176,81,8,675,0,0,0,675
09/11/2021,IND,IN,AGL,CE,Combined TRACON& Tower with Radar,243,36,19,8,306,0,77,11,0,88,243,113,30,8,394,0,0,0,394
09/12/2021,IND,IN,AGL,CE,Combined TRACON& Tower with Radar,250,47,55,1,353,0,52,2,0,54,250,99,57,1,407,0,0,0,407
09/13/2021,IND,IN,AGL,CE,Combined TRACON& Tower with Radar,249,36,52,11,348,0,124,7,0,131,249,160,59,11,479,0,0,0,479
09/14/2021,IND,IN,AGL,CE,Combined TRACON& Tower with Radar,407,49,32,0,488,0,98,7,0,105,407,147,39,0,593,0,0,0,593
09/15/2021,IND,IN,AGL,CE,Combined TRACON& Tower with Radar,427,47,58,2,534,0,106,9,0,115,427,153,67,2,649,0,0,0,649
09/16/2021,IND,IN,AGL,CE,Combined TRACON& Tower with Radar,452,100,36,4,592,0,99,10,0,109,452,199,46,4,701,0,0,0,701
09/17/2021,IND,IN,AGL,CE,Combined TRACON& Tower with Radar,417,65,24,2,508,0,111,12,0,123,417,176,36,2,631,0,0,0,631
09/18/2021,IND,IN,AGL,CE,Combined TRACON& Tower with Radar,239,20,17,3,279,0,84,3,0,87,239,104,20,3,366,0,0,0,366
09/19/2021,IND,IN,AGL,CE,Combined TRACON& Tower with Radar,262,36,58,2,358,0,69,10,0,79,262,105,68,2,437,0,0,0,437
09/20/2021,IND,IN,AGL,CE,Combined TRACON& Tower with Radar,243,74,25,7,349,0,1,0,2,3,243,75,25,9,352,0,0,0,352
09/21/2021,IND,IN,AGL,CE,Combined TRACON& Tower with Radar,424,77,35,2,538,0,9,0,0,9,424,86,35,2,547,0,0,0,547
09/22/2021,IND,IN,AGL,CE,Combined TRACON& Tower with Radar,429,65,40,2,536,0,0,0,0,0,429,65,40,2,536,0,0,0,536
09/23/2021,IND,IN,AGL,CE,Combined TRACON& Tower with Radar,459,56,46,2,563,0,119,19,2,140,459,175,65,4,703,0,0,0,703
09/24/2021,IND,IN,AGL,CE,Combined TRACON& Tower with Radar,411,63,43,3,520,0,150,21,0,171,411,213,64,3,691,0,0,0,691
09/25/2021,IND,IN,AGL,CE,Combined TRACON& Tower with Radar,249,62,27,4,342,0,104,3,0,107,249,166,30,4,449,0,0,0,449
09/26/2021,IND,IN,AGL,CE,Combined TRACON& Tower with Radar,251,51,35,1,338,0,81,14,0,95,251,132,49,1,433,0,0,0,433
09/27/2021,IND,IN,AGL,CE,Combined TRACON& Tower with Radar,250,76,37,1,364,0,76,5,1,82,250,152,42,2,446,0,0,0,446
09/28/2021,IND,IN,AGL,CE,Combined TRACON& Tower with Radar,426,86,23,2,537,0,108,13,0,121,426,194,36,2,658,0,0,0,658
09/29/2021,IND,IN,AGL,CE,Combined TRACON& Tower with Radar,429,109,40,5,583,0,142,13,2,157,429,251,53,7,740,0,0,0,740
09/30/2021,IND,IN,AGL,CE,Combined TRACON& Tower with Radar,444,63,45,2,554,0,152,8,0,160,444,215,53,2,714,0,0,0,714
10/01/2021,IND,IN,AGL,CE,Combined TRACON& Tower with Radar,397,72,47,0,516,0,135,14,0,149,397,207,61,0,665,0,0,0,665
10/02/2021,IND,IN,AGL,CE,Combined TRACON& Tower with Radar,249,47,30,0,326,0,15,4,0,19,249,62,34,0,345,0,0,0,345
10/03/2021,IND,IN,AGL,CE,Combined TRACON& Tower with Radar,254,44,29,0,327,0,4,2,0,6,254,48,31,0,333,0,0,0,333
10/04/2021,IND,IN,AGL,CE,Combined TRACON& Tower with Radar,251,76,42,4,373,0,4,3,0,7,251,80,45,4,380,0,0,0,380
10/05/2021,IND,IN,AGL,CE,Combined TRACON& Tower with Radar,429,121,45,9,604,0,52,6,0,58,429,173,51,9,662,0,0,0,662
10/06/2021,IND,IN,AGL,CE,Combined TRACON& Tower with Radar,444,118,52,1,615,0,48,2,0,50,444,166,54,1,665,0,0,0,665
10/07/2021,IND,IN,AGL,CE,Combined TRACON& Tower with Radar,471,124,43,3,641,0,29,3,0,32,471,153,46,3,673,0,0,0,673
10/08/2021,IND,IN,AGL,CE,Combined TRACON& Tower with Radar,411,100,38,0,549,0,91,6,0,97,411,191,44,0,646,0,0,0,646
10/09/2021,IND,IN,AGL,CE,Combined TRACON& Tower with Radar,279,38,22,1,340,0,140,9,0,149,279,178,31,1,489,0,0,0,489
10/10/2021,IND,IN,AGL,CE,Combined TRACON& Tower with Radar,250,29,16,0,295,0,112,4,0,116,250,141,20,0,411,0,0,0,411
10/11/2021,IND,IN,AGL,CE,Combined TRACON& Tower with Radar,266,33,35,0,334,0,78,8,0,86,266,111,43,0,420,0,0,0,420
10/12/2021,IND,IN,AGL,CE,Combined TRACON& Tower with Radar,460,131,53,0,644,0,26,3,1,30,460,157,56,1,674,0,0,0,674
10/13/2021,IND,IN,AGL,CE,Combined TRACON& Tower with Radar,452,106,54,0,612,0,118,6,0,124,452,224,60,0,736,0,0,0,736
10/14/2021,IND,IN,AGL,CE,Combined TRACON& Tower with Radar,469,103,40,4,616,0,135,6,0,141,469,238,46,4,757,0,0,0,757
10/15/2021,IND,IN,AGL,CE,Combined TRACON& Tower with Radar,435,88,42,1,566,0,0,0,0,0,435,88,42,1,566,0,0,0,566
10/16/2021,IND,IN,AGL,CE,Combined TRACON& Tower with Radar,301,50,25,0,376,0,113,11,0,124,301,163,36,0,500,0,0,0,500
10/17/2021,IND,IN,AGL,CE,Combined TRACON& Tower with Radar,272,43,70,5,390,0,102,15,1,118,272,145,85,6,508,0,0,0,508
10/18/2021,IND,IN,AGL,CE,Combined TRACON& Tower with Radar,274,47,43,0,364,0,153,5,0,158,274,200,48,0,522,0,0,0,522
10/19/2021,IND,IN,AGL,CE,Combined TRACON& Tower with Radar,447,58,40,2,547,0,153,22,1,176,447,211,62,3,723,0,0,0,723
10/20/2021,IND,IN,AGL,CE,Combined TRACON& Tower with Radar,450,78,54,5,587,0,154,12,0,166,450,232,66,5,753,0,0,0,753
10/21/2021,IND,IN,AGL,CE,Combined TRACON& Tower with Radar,462,97,53,4,616,0,79,5,2,86,462,176,58,6,702,0,0,0,702
10/22/2021,IND,IN,AGL,CE,Combined TRACON& Tower with Radar,428,75,32,5,540,0,0,0,0,0,428,75,32,5,540,0,0,0,540
10/23/2021,IND,IN,AGL,CE,Combined TRACON& Tower with Radar,299,61,24,1,385,0,92,4,0,96,299,153,28,1,481,0,0,0,481
10/24/2021,IND,IN,AGL,CE,Combined TRACON& Tower with Radar,265,35,22,4,326,0,3,1,0,4,265,38,23,4,330,0,0,0,330
10/25/2021,IND,IN,AGL,CE,Combined TRACON& Tower with Radar,281,53,31,0,365,0,0,0,0,0,281,53,31,0,365,0,0,0,365
10/26/2021,IND,IN,AGL,CE,Combined TRACON& Tower with Radar,445,56,38,3,542,0,200,11,0,211,445,256,49,3,753,0,0,0,753
10/27/2021,IND,IN,AGL,CE,Combined TRACON& Tower with Radar,449,66,58,1,574,0,177,15,2,194,449,243,73,3,768,0,0,0,768
10/28/2021,IND,IN,AGL,CE,Combined TRACON& Tower with Radar,455,66,55,0,576,0,9,2,0,11,455,75,57,0,587,0,0,0,587
10/29/2021,IND,IN,AGL,CE,Combined TRACON& Tower with Radar,417,64,42,4,527,0,2,1,0,3,417,66,43,4,530,0,0,0,530
10/30/2021,IND,IN,AGL,CE,Combined TRACON& Tower with Radar,288,50,24,4,366,0,0,2,0,2,288,50,26,4,368,0,0,0,368
10/31/2021,IND,IN,AGL,CE,Combined TRACON& Tower with Radar,217,51,37,1,306,0,51,8,2,61,217,102,45,3,367,0,0,0,367
11/01/2021,IND,IN,AGL,CE,Combined TRACON& Tower with Radar,247,57,52,1,357,0,145,12,2,159,247,202,64,3,516,0,0,0,516
11/02/2021,IND,IN,AGL,CE,Combined TRACON& Tower with Radar,438,60,35,2,535,0,162,12,1,175,438,222,47,3,710,0,0,0,710
11/03/2021,IND,IN,AGL,CE,Combined TRACON& Tower with Radar,449,67,47,0,563,0,169,10,0,179,449,236,57,0,742,0,0,0,742
11/04/2021,IND,IN,AGL,CE,Combined TRACON& Tower with Radar,477,77,53,10,617,0,186,9,0,195,477,263,62,10,812,0,0,0,812
11/05/2021,IND,IN,AGL,CE,Combined TRACON& Tower with Radar,422,58,40,2,522,0,161,15,0,176,422,219,55,2,698,0,0,0,698
11/06/2021,IND,IN,AGL,CE,Combined TRACON& Tower with Radar,267,31,19,3,320,0,102,5,1,108,267,133,24,4,428,0,0,0,428
11/07/2021,IND,IN,AGL,CE,Combined TRACON& Tower with Radar,275,41,30,0,346,0,95,10,1,106,275,136,40,1,452,0,0,0,452
11/08/2021,IND,IN,AGL,CE,Combined TRACON& Tower with Radar,276,40,38,6,360,0,159,8,1,168,276,199,46,7,528,0,0,0,528
11/09/2021,IND,IN,AGL,CE,Combined TRACON& Tower with Radar,442,63,48,10,563,0,169,14,0,183,442,232,62,10,746,0,0,0,746
11/10/2021,IND,IN,AGL,CE,Combined TRACON& Tower with Radar,472,90,40,9,611,0,165,7,2,174,472,255,47,11,785,0,0,0,785
11/11/2021,IND,IN,AGL,CE,Combined TRACON& Tower with Radar,469,58,62,0,589,0,21,2,0,23,469,79,64,0,612,0,0,0,612
11/12/2021,IND,IN,AGL,CE,Combined TRACON& Tower with Radar,433,59,30,6,528,0,48,4,0,52,433,107,34,6,580,0,0,0,580
11/13/2021,IND,IN,AGL,CE,Combined TRACON& Tower with Radar,250,36,16,0,302,0,5,1,0,6,250,41,17,0,308,0,0,0,308
11/14/2021,IND,IN,AGL,CE,Combined TRACON& Tower with Radar,302,43,36,0,381,0,0,0,0,0,302,43,36,0,381,0,0,0,381
11/15/2021,IND,IN,AGL,CE,Combined TRACON& Tower with Radar,280,63,54,9,406,0,95,9,0,104,280,158,63,9,510,0,0,0,510
11/16/2021,IND,IN,AGL,CE,Combined TRACON& Tower with Radar,436,83,29,2,550,0,233,14,3,250,436,316,43,5,800,0,0,0,800
11/17/2021,IND,IN,AGL,CE,Combined TRACON& Tower with Radar,454,75,51,2,582,0,6,2,0,8,454,81,53,2,590,0,0,0,590
11/18/2021,IND,IN,AGL,CE,Combined TRACON& Tower with Radar,474,64,56,2,596,0,122,10,0,132,474,186,66,2,728,0,0,0,728
11/19/2021,IND,IN,AGL,CE,Combined TRACON& Tower with Radar,436,78,28,0,542,0,191,11,0,202,436,269,39,0,744,0,0,0,744
11/20/2021,IND,IN,AGL,CE,Combined TRACON& Tower with Radar,297,30,11,0,338,0,85,11,0,96,297,115,22,0,434,0,0,0,434
11/21/2021,IND,IN,AGL,CE,Combined TRACON& Tower with Radar,292,47,30,1,370,0,7,2,0,9,292,54,32,1,379,0,0,0,379
11/22/2021,IND,IN,AGL,CE,Combined TRACON& Tower with Radar,272,53,17,4,346,0,154,13,0,167,272,207,30,4,513,0,0,0,513
11/23/2021,IND,IN,AGL,CE,Combined TRACON& Tower with Radar,511,70,18,3,602,0,179,10,2,191,511,249,28,5,793,0,0,0,793
11/24/2021,IND,IN,AGL,CE,Combined TRACON& Tower with Radar,517,58,19,2,596,0,66,10,0,76,517,124,29,2,672,0,0,0,672
11/25/2021,IND,IN,AGL,CE,Combined TRACON& Tower with Radar,231,14,11,0,256,0,0,1,0,1,231,14,12,0,257,0,0,0,257
11/26/2021,IND,IN,AGL,CE,Combined TRACON& Tower with Radar,312,33,12,0,357,0,60,9,0,69,312,93,21,0,426,0,0,0,426
11/27/2021,IND,IN,AGL,CE,Combined TRACON& Tower with Radar,314,40,13,0,367,0,58,7,0,65,314,98,20,0,432,0,0,0,432
11/28/2021,IND,IN,AGL,CE,Combined TRACON& Tower with Radar,316,52,46,0,414,0,50,6,0,56,316,102,52,0,470,0,0,0,470
11/29/2021,IND,IN,AGL,CE,Combined TRACON& Tower with Radar,300,49,35,4,388,0,133,10,0,143,300,182,45,4,531,0,0,0,531
11/30/2021,IND,IN,AGL,CE,Combined TRACON& Tower with Radar,506,60,42,3,611,0,145,6,1,152,506,205,48,4,763,0,0,0,763
12/01/2021,IND,IN,AGL,CE,Combined TRACON& Tower with Radar,494,66,38,0,598,0,7,0,0,7,494,73,38,0,605,0,0,0,605
12/02/2021,IND,IN,AGL,CE,Combined TRACON& Tower with Radar,506,54,30,6,596,0,150,10,0,160,506,204,40,6,756,0,0,0,756
12/03/2021,IND,IN,AGL,CE,Combined TRACON& Tower with Radar,499,65,53,5,622,0,120,14,0,134,499,185,67,5,756,0,0,0,756
12/04/2021,IND,IN,AGL,CE,Combined TRACON& Tower with Radar,342,72,77,0,491,0,80,14,4,98,342,152,91,4,589,0,0,0,589
12/05/2021,IND,IN,AGL,CE,Combined TRACON& Tower with Radar,334,68,76,0,478,0,7,6,0,13,334,75,82,0,491,0,0,0,491
12/06/2021,IND,IN,AGL,CE,Combined TRACON& Tower with Radar,266,55,49,0,370,0,23,3,0,26,266,78,52,0,396,0,0,0,396
12/07/2021,IND,IN,AGL,CE,Combined TRACON& Tower with Radar,470,52,47,2,571,0,128,13,0,141,470,180,60,2,712,0,0,0,712
12/08/2021,IND,IN,AGL,CE,Combined TRACON& Tower with Radar,500,54,61,7,622,0,131,15,0,146,500,185,76,7,768,0,0,0,768
12/09/2021,IND,IN,AGL,CE,Combined TRACON& Tower with Radar,498,72,67,2,639,0,60,18,0,78,498,132,85,2,717,0,0,0,717
12/10/2021,IND,IN,AGL,CE,Combined TRACON& Tower with Radar,488,56,70,5,619,0,0,1,0,1,488,56,71,5,620,0,0,0,620
12/11/2021,IND,IN,AGL,CE,Combined TRACON& Tower with Radar,360,26,31,0,417,0,9,2,0,11,360,35,33,0,428,0,0,0,428
12/12/2021,IND,IN,AGL,CE,Combined TRACON& Tower with Radar,313,32,39,0,384,0,95,15,0,110,313,127,54,0,494,0,0,0,494
12/13/2021,IND,IN,AGL,CE,Combined TRACON& Tower with Radar,276,49,43,4,372,0,127,14,0,141,276,176,57,4,513,0,0,0,513
12/14/2021,IND,IN,AGL,CE,Combined TRACON& Tower with Radar,476,60,41,11,588,0,117,8,1,126,476,177,49,12,714,0,0,0,714
12/15/2021,IND,IN,AGL,CE,Combined TRACON& Tower with Radar,492,64,45,1,602,0,12,0,1,13,492,76,45,2,615,0,0,0,615
12/16/2021,IND,IN,AGL,CE,Combined TRACON& Tower with Radar,494,59,32,0,585,0,22,3,0,25,494,81,35,0,610,0,0,0,610
12/17/2021,IND,IN,AGL,CE,Combined TRACON& Tower with Radar,495,57,26,2,580,0,98,7,0,105,495,155,33,2,685,0,0,0,685
12/18/2021,IND,IN,AGL,CE,Combined TRACON& Tower with Radar,374,47,36,0,457,0,0,3,0,3,374,47,39,0,460,0,0,0,460
12/19/2021,IND,IN,AGL,CE,Combined TRACON& Tower with Radar,298,37,19,0,354,0,76,14,0,90,298,113,33,0,444,0,0,0,444
12/20/2021,IND,IN,AGL,CE,Combined TRACON& Tower with Radar,264,48,25,0,337,0,165,19,0,184,264,213,44,0,521,0,0,0,521
12/21/2021,IND,IN,AGL,CE,Combined TRACON& Tower with Radar,499,52,31,4,586,0,134,12,0,146,499,186,43,4,732,0,0,0,732
12/22/2021,IND,IN,AGL,CE,Combined TRACON& Tower with Radar,514,45,22,0,581,0,149,13,0,162,514,194,35,0,743,0,0,0,743
12/23/2021,IND,IN,AGL,CE,Combined TRACON& Tower with Radar,507,47,12,2,568,0,97,9,0,106,507,144,21,2,674,0,0,0,674
12/24/2021,IND,IN,AGL,CE,Combined TRACON& Tower with Radar,407,29,6,0,442,0,8,3,0,11,407,37,9,0,453,0,0,0,453
12/25/2021,IND,IN,AGL,CE,Combined TRACON& Tower with Radar,173,15,8,0,196,0,0,2,0,2,173,15,10,0,198,0,0,0,198
12/26/2021,IND,IN,AGL,CE,Combined TRACON& Tower with Radar,242,38,26,0,306,0,42,4,0,46,242,80,30,0,352,0,0,0,352
12/27/2021,IND,IN,AGL,CE,Combined TRACON& Tower with Radar,268,46,23,0,337,0,7,4,0,11,268,53,27,0,348,0,0,0,348
12/28/2021,IND,IN,AGL,CE,Combined TRACON& Tower with Radar,485,55,13,0,553,0,5,1,0,6,485,60,14,0,559,0,0,0,559
12/29/2021,IND,IN,AGL,CE,Combined TRACON& Tower with Radar,489,57,27,3,576,0,0,0,0,0,489,57,27,3,576,0,0,0,576
12/30/2021,IND,IN,AGL,CE,Combined TRACON& Tower with Radar,481,45,10,0,536,0,0,0,0,0,481,45,10,0,536,0,0,0,536
12/31/2021,IND,IN,AGL,CE,Combined TRACON& Tower with Radar,395,34,10,0,439,0,16,0,0,16,395,50,10,0,455,0,0,0,455
01/01/2022,IND,IN,AGL,CE,Combined TRACON& Tower with Radar,195,24,20,0,239,0,0,0,0,0,195,24,20,0,239,0,0,0,239
01/02/2022,IND,IN,AGL,CE,Combined TRACON& Tower with Radar,229,24,34,0,287,0,0,2,0,2,229,24,36,0,289,0,0,0,289
01/03/2022,IND,IN,AGL,CE,Combined TRACON& Tower with Radar,221,32,34,0,287,0,120,14,0,134,221,152,48,0,421,0,0,0,421
01/04/2022,IND,IN,AGL,CE,Combined TRACON& Tower with Radar,411,51,17,0,479,0,118,16,0,134,411,169,33,0,613,0,0,0,613
01/05/2022,IND,IN,AGL,CE,Combined TRACON& Tower with Radar,409,43,34,3,489,0,6,2,0,8,409,49,36,3,497,0,0,0,497
01/06/2022,IND,IN,AGL,CE,Combined TRACON& Tower with Radar,406,49,30,2,487,0,25,4,0,29,406,74,34,2,516,0,0,0,516
01/07/2022,IND,IN,AGL,CE,Combined TRACON& Tower with Radar,379,37,27,2,445,0,136,18,0,154,379,173,45,2,599,0,0,0,599
01/08/2022,IND,IN,AGL,CE,Combined TRACON& Tower with Radar,278,40,60,0,378,0,50,3,0,53,278,90,63,0,431,0,0,0,431
01/09/2022,IND,IN,AGL,CE,Combined TRACON& Tower with Radar,282,86,114,0,482,0,22,3,0,25,282,108,117,0,507,0,0,0,507
01/10/2022,IND,IN,AGL,CE,Combined TRACON& Tower with Radar,253,155,297,0,705,0,54,12,0,66,253,209,309,0,771,0,0,0,771
01/11/2022,IND,IN,AGL,CE,Combined TRACON& Tower with Radar,448,198,372,2,1020,0,29,12,0,41,448,227,384,2,1061,0,0,0,1061
01/12/2022,IND,IN,AGL,CE,Combined TRACON& Tower with Radar,425,31,33,0,489,0,129,23,2,154,425,160,56,2,643,0,0,0,643
01/13/2022,IND,IN,AGL,CE,Combined TRACON& Tower with Radar,425,56,26,4,511,0,104,12,0,116,425,160,38,4,627,0,0,0,627
01/14/2022,IND,IN,AGL,CE,Combined TRACON& Tower with Radar,408,46,38,0,492,0,0,0,0,0,408,46,38,0,492,0,0,0,492
01/15/2022,IND,IN,AGL,CE,Combined TRACON& Tower with Radar,253,21,16,0,290,0,44,12,0,56,253,65,28,0,346,0,0,0,346
01/16/2022,IND,IN,AGL,CE,Combined TRACON& Tower with Radar,238,23,14,0,275,0,81,9,0,90,238,104,23,0,365,0,0,0,365
01/17/2022,IND,IN,AGL,CE,Combined TRACON& Tower with Radar,254,22,25,0,301,0,0,2,1,3,254,22,27,1,304,0,0,0,304
01/18/2022,IND,IN,AGL,CE,Combined TRACON& Tower with Radar,414,44,36,0,494,0,120,10,2,132,414,164,46,2,626,0,0,0,626
01/19/2022,IND,IN,AGL,CE,Combined TRACON& Tower with Radar,420,43,18,0,481,0,91,15,2,108,420,134,33,2,589,0,0,0,589
01/20/2022,IND,IN,AGL,CE,Combined TRACON& Tower with Radar,443,53,50,1,547,0,91,8,0,99,443,144,58,1,646,0,0,0,646
01/21/2022,IND,IN,AGL,CE,Combined TRACON& Tower with Radar,405,48,28,5,486,0,118,11,2,131,405,166,39,7,617,0,0,0,617
01/22/2022,IND,IN,AGL,CE,Combined TRACON& Tower with Radar,245,17,12,0,274,0,77,6,0,83,245,94,18,0,357,0,0,0,357
01/23/2022,IND,IN,AGL,CE,Combined TRACON& Tower with Radar,254,27,11,0,292,0,7,1,0,8,254,34,12,0,300,0,0,0,300
01/24/2022,IND,IN,AGL,CE,Combined TRACON& Tower with Radar,250,43,44,3,340,0,31,3,0,34,250,74,47,3,374,0,0,0,374
01/25/2022,IND,IN,AGL,CE,Combined TRACON& Tower with Radar,433,49,42,0,524,0,136,10,0,146,433,185,52,0,670,0,0,0,670
01/26/2022,IND,IN,AGL,CE,Combined TRACON& Tower with Radar,433,49,52,0,534,0,149,23,0,172,433,198,75,0,706,0,0,0,706
01/27/2022,IND,IN,AGL,CE,Combined TRACON& Tower with Radar,429,43,27,0,499,0,4,7,0,11,429,47,34,0,510,0,0,0,510
01/28/2022,IND,IN,AGL,CE,Combined TRACON& Tower with Radar,406,42,45,0,493,0,4,1,0,5,406,46,46,0,498,0,0,0,498
01/29/2022,IND,IN,AGL,CE,Combined TRACON& Tower with Radar,207,13,13,1,234,0,105,8,1,114,207,118,21,2,348,0,0,0,348
01/30/2022,IND,IN,AGL,CE,Combined TRACON& Tower with Radar,262,31,28,0,321,0,86,11,0,97,262,117,39,0,418,0,0,0,418
01/31/2022,IND,IN,AGL,CE,Combined TRACON& Tower with Radar,256,41,30,0,327,0,124,18,2,144,256,165,48,2,471,0,0,0,471
02/01/2022,IND,IN,AGL,CE,Combined TRACON& Tower with Radar,418,53,17,5,493,0,88,9,1,98,418,141,26,6,591,0,0,0,591
02/02/2022,IND,IN,AGL,CE,Combined TRACON& Tower with Radar,348,28,18,0,394,0,0,0,0,0,348,28,18,0,394,0,0,0,394
02/03/2022,IND,IN,AGL,CE,Combined TRACON& Tower with Radar,165,10,10,0,185,0,0,0,0,0,165,10,10,0,185,0,0,0,185
02/04/2022,IND,IN,AGL,CE,Combined TRACON& Tower with Radar,284,37,29,2,352,0,38,9,0,47,284,75,38,2,399,0,0,0,399
02/05/2022,IND,IN,AGL,CE,Combined TRACON& Tower with Radar,250,32,22,2,306,0,96,7,0,103,250,128,29,2,409,0,0,0,409
02/06/2022,IND,IN,AGL,CE,Combined TRACON& Tower with Radar,249,35,29,0,313,0,95,9,0,104,249,130,38,0,417,0,0,0,417
02/07/2022,IND,IN,AGL,CE,Combined TRACON& Tower with Radar,242,33,25,5,305,0,58,6,0,64,242,91,31,5,369,0,0,0,369
02/08/2022,IND,IN,AGL,CE,Combined TRACON& Tower with Radar,430,63,26,0,519,0,128,13,0,141,430,191,39,0,660,0,0,0,660
02/09/2022,IND,IN,AGL,CE,Combined TRACON& Tower with Radar,448,43,40,4,535,0,92,12,0,104,448,135,52,4,639,0,0,0,639
02/10/2022,IND,IN,AGL,CE,Combined TRACON& Tower with Radar,426,48,46,4,524,0,8,1,0,9,426,56,47,4,533,0,0,0,533
02/11/2022,IND,IN,AGL,CE,Combined TRACON& Tower with Radar,405,49,23,0,477,0,9,1,0,10,405,58,24,0,487,0,0,0,487
02/12/2022,IND,IN,AGL,CE,Combined TRACON& Tower with Radar,309,13,9,0,331,0,2,4,0,6,309,15,13,0,337,0,0,0,337
02/13/2022,IND,IN,AGL,CE,Combined TRACON& Tower with Radar,239,30,17,0,286,0,25,4,0,29,239,55,21,0,315,0,0,0,315
02/14/2022,IND,IN,AGL,CE,Combined TRACON& Tower with Radar,263,49,24,5,341,0,122,10,0,132,263,171,34,5,473,0,0,0,473
02/15/2022,IND,IN,AGL,CE,Combined TRACON& Tower with Radar,419,62,38,2,521,0,131,20,0,151,419,193,58,2,672,0,0,0,672
02/16/2022,IND,IN,AGL,CE,Combined TRACON& Tower with Radar,436,52,47,4,539,0,15,14,0,29,436,67,61,4,568,0,0,0,568
02/17/2022,IND,IN,AGL,CE,Combined TRACON& Tower with Radar,435,60,30,4,529,0,0,0,0,0,435,60,30,4,529,0,0,0,529
02/18/2022,IND,IN,AGL,CE,Combined TRACON& Tower with Radar,420,49,35,9,513,0,105,6,0,111,420,154,41,9,624,0,0,0,624
02/19/2022,IND,IN,AGL,CE,Combined TRACON& Tower with Radar,272,20,14,3,309,0,100,24,0,124,272,120,38,3,433,0,0,0,433
02/20/2022,IND,IN,AGL,CE,Combined TRACON& Tower with Radar,248,18,15,1,282,0,55,5,0,60,248,73,20,1,342,0,0,0,342
02/21/2022,IND,IN,AGL,CE,Combined TRACON& Tower with Radar,262,46,41,1,350,0,94,18,0,112,262,140,59,1,462,0,0,0,462
02/22/2022,IND,IN,AGL,CE,Combined TRACON& Tower with Radar,429,52,34,1,516,0,0,0,0,0,429,52,34,1,516,0,0,0,516
02/23/2022,IND,IN,AGL,CE,Combined TRACON& Tower with Radar,439,42,46,0,527,0,0,2,0,2,439,42,48,0,529,0,0,0,529
02/24/2022,IND,IN,AGL,CE,Combined TRACON& Tower with Radar,399,27,38,0,464,0,0,0,0,0,399,27,38,0,464,0,0,0,464
02/25/2022,IND,IN,AGL,CE,Combined TRACON& Tower with Radar,332,46,27,0,405,0,0,2,0,2,332,46,29,0,407,0,0,0,407
02/26/2022,IND,IN,AGL,CE,Combined TRACON& Tower with Radar,266,23,15,0,304,0,94,10,1,105,266,117,25,1,409,0,0,0,409
02/27/2022,IND,IN,AGL,CE,Combined TRACON& Tower with Radar,256,36,47,0,339,0,93,7,1,101,256,129,54,1,440,0,0,0,440
02/28/2022,IND,IN,AGL,CE,Combined TRACON& Tower with Radar,260,57,52,7,376,0,156,22,0,178,260,213,74,7,554,0,0,0,554
03/01/2022,IND,IN,AGL,CE,Combined TRACON& Tower with Radar,429,85,36,2,552,0,149,21,0,170,429,234,57,2,722,0,0,0,722
03/02/2022,IND,IN,AGL,CE,Combined TRACON& Tower with Radar,432,53,35,2,522,0,150,22,0,172,432,203,57,2,694,0,0,0,694
03/03/2022,IND,IN,AGL,CE,Combined TRACON& Tower with Radar,446,82,44,2,574,0,69,21,0,90,446,151,65,2,664,0,0,0,664
03/04/2022,IND,IN,AGL,CE,Combined TRACON& Tower with Radar,395,66,31,2,494,0,128,24,2,154,395,194,55,4,648,0,0,0,648
03/05/2022,IND,IN,AGL,CE,Combined TRACON& Tower with Radar,255,52,22,2,331,0,35,15,0,50,255,87,37,2,381,0,0,0,381
03/06/2022,IND,IN,AGL,CE,Combined TRACON& Tower with Radar,256,59,34,2,351,0,31,9,0,40,256,90,43,2,391,0,0,0,391
03/07/2022,IND,IN,AGL,CE,Combined TRACON& Tower with Radar,260,56,34,0,350,0,1,1,0,2,260,57,35,0,352,0,0,0,352
03/08/2022,IND,IN,AGL,CE,Combined TRACON& Tower with Radar,428,59,44,0,531,0,60,19,0,79,428,119,63,0,610,0,0,0,610
03/09/2022,IND,IN,AGL,CE,Combined TRACON& Tower with Radar,419,73,58,2,552,0,182,20,0,202,419,255,78,2,754,0,0,0,754
03/10/2022,IND,IN,AGL,CE,Combined TRACON& Tower with Radar,446,65,56,0,567,0,161,20,0,181,446,226,76,0,748,0,0,0,748
03/11/2022,IND,IN,AGL,CE,Combined TRACON& Tower with Radar,413,73,21,2,509,0,2,0,0,2,413,75,21,2,511,0,0,0,511
03/12/2022,IND,IN,AGL,CE,Combined TRACON& Tower with Radar,276,31,24,0,331,0,62,10,0,72,276,93,34,0,403,0,0,0,403
03/13/2022,IND,IN,AGL,CE,Combined TRACON& Tower with Radar,260,30,23,0,313,0,17,8,0,25,260,47,31,0,338,0,0,0,338
03/14/2022,IND,IN,AGL,CE,Combined TRACON& Tower with Radar,277,40,51,5,373,0,107,14,0,121,277,147,65,5,494,0,0,0,494
03/15/2022,IND,IN,AGL,CE,Combined TRACON& Tower with Radar,452,47,49,0,548,0,165,20,1,186,452,212,69,1,734,0,0,0,734
03/16/2022,IND,IN,AGL,CE,Combined TRACON& Tower with Radar,441,67,46,6,560,0,156,15,0,171,441,223,61,6,731,0,0,0,731
03/17/2022,IND,IN,AGL,CE,Combined TRACON& Tower with Radar,448,67,55,2,572,0,134,13,2,149,448,201,68,4,721,0,0,0,721
03/18/2022,IND,IN,AGL,CE,Combined TRACON& Tower with Radar,422,51,43,0,516,0,56,3,0,59,422,107,46,0,575,0,0,0,575
03/19/2022,IND,IN,AGL,CE,Combined TRACON& Tower with Radar,291,43,49,0,383,0,0,0,0,0,291,43,49,0,383,0,0,0,383
03/20/2022,IND,IN,AGL,CE,Combined TRACON& Tower with Radar,274,36,46,0,356,0,100,16,0,116,274,136,62,0,472,0,0,0,472
03/21/2022,IND,IN,AGL,CE,Combined TRACON& Tower with Radar,280,54,41,1,376,0,122,21,0,143,280,176,62,1,519,0,0,0,519
03/22/2022,IND,IN,AGL,CE,Combined TRACON& Tower with Radar,439,61,30,4,534,0,7,0,0,7,439,68,30,4,541,0,0,0,541
03/23/2022,IND,IN,AGL,CE,Combined TRACON& Tower with Radar,454,56,37,1,548,0,2,0,0,2,454,58,37,1,550,0,0,0,550
03/24/2022,IND,IN,AGL,CE,Combined TRACON& Tower with Radar,445,59,39,2,545,0,9,0,0,9,445,68,39,2,554,0,0,0,554
03/25/2022,IND,IN,AGL,CE,Combined TRACON& Tower with Radar,430,59,26,2,517,0,3,2,0,5,430,62,28,2,522,0,0,0,522
03/26/2022,IND,IN,AGL,CE,Combined TRACON& Tower with Radar,291,38,17,0,346,0,12,0,0,12,291,50,17,0,358,0,0,0,358
03/27/2022,IND,IN,AGL,CE,Combined TRACON& Tower with Radar,279,47,35,0,361,0,140,9,0,149,279,187,44,0,510,0,0,0,510
03/28/2022,IND,IN,AGL,CE,Combined TRACON& Tower with Radar,282,60,35,0,377,1,194,16,1,212,283,254,51,1,589,0,0,0,589
03/29/2022,IND,IN,AGL,CE,Combined TRACON& Tower with Radar,442,68,33,0,543,0,120,15,0,135,442,188,48,0,678,0,0,0,678
03/30/2022,IND,IN,AGL,CE,Combined TRACON& Tower with Radar,453,64,40,0,557,0,14,2,0,16,453,78,42,0,573,0,0,0,573
03/31/2022,IND,IN,AGL,CE,Combined TRACON& Tower with Radar,436,66,25,0,527,0,0,1,0,1,436,66,26,0,528,0,0,0,528
04/01/2022,IND,IN,AGL,CE,Combined TRACON& Tower with Radar,407,59,33,0,499,0,99,10,0,109,407,158,43,0,608,0,0,0,608
04/02/2022,IND,IN,AGL,CE,Combined TRACON& Tower with Radar,251,45,24,1,321,0,96,12,0,108,251,141,36,1,429,0,0,0,429
04/03/2022,IND,IN,AGL,CE,Combined TRACON& Tower with Radar,239,58,33,1,331,0,103,11,2,116,239,161,44,3,447,0,0,0,447
04/04/2022,IND,IN,AGL,CE,Combined TRACON& Tower with Radar,256,57,47,3,363,0,83,8,0,91,256,140,55,3,454,0,0,0,454
04/05/2022,IND,IN,AGL,CE,Combined TRACON& Tower with Radar,451,55,42,2,550,0,43,4,0,47,451,98,46,2,597,0,0,0,597
04/06/2022,IND,IN,AGL,CE,Combined TRACON& Tower with Radar,439,63,34,4,540,0,15,4,1,20,439,78,38,5,560,0,0,0,560
04/07/2022,IND,IN,AGL,CE,Combined TRACON& Tower with Radar,421,58,42,2,523,0,68,10,1,79,421,126,52,3,602,0,0,0,602
04/08/2022,IND,IN,AGL,CE,Combined TRACON& Tower with Radar,420,53,47,13,533,0,0,0,0,0,420,53,47,13,533,0,0,0,533
04/09/2022,IND,IN,AGL,CE,Combined TRACON& Tower with Radar,244,37,24,0,305,0,7,8,1,16,244,44,32,1,321,0,0,0,321
04/10/2022,IND,IN,AGL,CE,Combined TRACON& Tower with Radar,258,45,42,0,345,0,173,13,0,186,258,218,55,0,531,0,0,0,531
04/11/2022,IND,IN,AGL,CE,Combined TRACON& Tower with Radar,274,42,32,1,349,0,6,2,0,8,274,48,34,1,357,0,0,0,357
04/12/2022,IND,IN,AGL,CE,Combined TRACON& Tower with Radar,436,104,55,6,601,0,30,6,1,37,436,134,61,7,638,0,0,0,638
04/13/2022,IND,IN,AGL,CE,Combined TRACON& Tower with Radar,425,51,37,0,513,0,6,0,0,6,425,57,37,0,519,0,0,0,519
04/14/2022,IND,IN,AGL,CE,Combined TRACON& Tower with Radar,426,51,43,2,522,0,118,9,1,128,426,169,52,3,650,0,0,0,650
04/15/2022,IND,IN,AGL,CE,Combined TRACON& Tower with Radar,413,45,23,2,483,0,99,5,0,104,413,144,28,2,587,0,0,0,587
04/16/2022,IND,IN,AGL,CE,Combined TRACON& Tower with Radar,244,29,7,2,282,0,102,12,0,114,244,131,19,2,396,0,0,0,396
04/17/2022,IND,IN,AGL,CE,Combined TRACON& Tower with Radar,252,23,13,27,315,0,109,9,0,118,252,132,22,27,433,0,0,0,433
04/18/2022,IND,IN,AGL,CE,Combined TRACON& Tower with Radar,273,40,38,0,351,0,0,0,0,0,273,40,38,0,351,0,0,0,351
04/19/2022,IND,IN,AGL,CE,Combined TRACON& Tower with Radar,433,64,73,0,570,0,131,22,0,153,433,195,95,0,723,0,0,0,723
04/20/2022,IND,IN,AGL,CE,Combined TRACON& Tower with Radar,437,59,49,3,548,0,159,12,2,173,437,218,61,5,721,0,0,0,721
04/21/2022,IND,IN,AGL,CE,Combined TRACON& Tower with Radar,442,93,55,0,590,0,52,7,0,59,442,145,62,0,649,0,0,0,649
04/22/2022,IND,IN,AGL,CE,Combined TRACON& Tower with Radar,417,56,37,8,518,0,117,14,0,131,417,173,51,8,649,0,0,0,649
04/23/2022,IND,IN,AGL,CE,Combined TRACON& Tower with Radar,238,28,35,1,302,0,63,13,0,76,238,91,48,1,378,0,0,0,378
04/24/2022,IND,IN,AGL,CE,Combined TRACON& Tower with Radar,256,49,30,0,335,0,27,8,0,35,256,76,38,0,370,0,0,0,370
04/25/2022,IND,IN,AGL,CE,Combined TRACON& Tower with Radar,277,54,36,7,374,0,26,5,0,31,277,80,41,7,405,0,0,0,405
04/26/2022,IND,IN,AGL,CE,Combined TRACON& Tower with Radar,445,52,30,2,529,0,164,11,0,175,445,216,41,2,704,0,0,0,704
04/27/2022,IND,IN,AGL,CE,Combined TRACON& Tower with Radar,450,52,57,8,567,0,171,10,0,181,450,223,67,8,748,0,0,0,748
04/28/2022,IND,IN,AGL,CE,Combined TRACON& Tower with Radar,440,53,57,1,551,0,141,13,0,154,440,194,70,1,705,0,0,0,705
04/29/2022,IND,IN,AGL,CE,Combined TRACON& Tower with Radar,404,65,46,0,515,0,112,8,0,120,404,177,54,0,635,0,0,0,635
04/30/2022,IND,IN,AGL,CE,Combined TRACON& Tower with Radar,255,13,20,0,288,0,61,4,0,65,255,74,24,0,353,0,0,0,353
05/01/2022,IND,IN,AGL,CE,Combined TRACON& Tower with Radar,252,42,50,0,344,0,46,9,0,55,252,88,59,0,399,0,0,0,399
05/02/2022,IND,IN,AGL,CE,Combined TRACON& Tower with Radar,273,41,39,8,361,0,154,12,0,166,273,195,51,8,527,0,0,0,527
05/03/2022,IND,IN,AGL,CE,Combined TRACON& Tower with Radar,455,57,28,4,544,0,0,2,0,2,455,57,30,4,546,0,0,0,546
05/04/2022,IND,IN,AGL,CE,Combined TRACON& Tower with Radar,456,75,41,0,572,0,4,9,0,13,456,79,50,0,585,0,0,0,585
05/05/2022,IND,IN,AGL,CE,Combined TRACON& Tower with Radar,448,98,62,0,608,0,10,4,0,14,448,108,66,0,622,0,0,0,622
05/06/2022,IND,IN,AGL,CE,Combined TRACON& Tower with Radar,423,58,32,2,515,0,0,0,0,0,423,58,32,2,515,0,0,0,515
05/07/2022,IND,IN,AGL,CE,Combined TRACON& Tower with Radar,299,39,20,0,358,0,66,13,2,81,299,105,33,2,439,0,0,0,439
05/08/2022,IND,IN,AGL,CE,Combined TRACON& Tower with Radar,257,44,18,0,319,0,104,13,2,119,257,148,31,2,438,0,0,0,438
05/09/2022,IND,IN,AGL,CE,Combined TRACON& Tower with Radar,263,39,45,3,350,0,134,13,1,148,263,173,58,4,498,0,0,0,498
05/10/2022,IND,IN,AGL,CE,Combined TRACON& Tower with Radar,455,45,42,3,545,0,142,10,0,152,455,187,52,3,697,0,0,0,697
05/11/2022,IND,IN,AGL,CE,Combined TRACON& Tower with Radar,452,60,47,3,562,0,155,16,0,171,452,215,63,3,733,0,0,0,733
05/12/2022,IND,IN,AGL,CE,Combined TRACON& Tower with Radar,452,60,49,2,563,0,149,5,3,157,452,209,54,5,720,0,0,0,720
05/13/2022,IND,IN,AGL,CE,Combined TRACON& Tower with Radar,421,71,32,3,527,0,166,13,0,179,421,237,45,3,706,0,0,0,706
05/14/2022,IND,IN,AGL,CE,Combined TRACON& Tower with Radar,252,38,27,2,319,0,37,4,0,41,252,75,31,2,360,0,0,0,360
05/15/2022,IND,IN,AGL,CE,Combined TRACON& Tower with Radar,253,46,29,2,330,0,103,3,0,106,253,149,32,2,436,0,0,0,436
05/16/2022,IND,IN,AGL,CE,Combined TRACON& Tower with Radar,247,57,43,0,347,0,106,9,0,115,247,163,52,0,462,0,0,0,462
05/17/2022,IND,IN,AGL,CE,Combined TRACON& Tower with Radar,445,72,24,2,543,0,147,3,2,152,445,219,27,4,695,0,0,0,695
05/18/2022,IND,IN,AGL,CE,Combined TRACON& Tower with Radar,446,76,44,2,568,0,33,2,0,35,446,109,46,2,603,0,0,0,603
05/19/2022,IND,IN,AGL,CE,Combined TRACON& Tower with Radar,453,72,67,2,594,0,59,4,2,65,453,131,71,4,659,0,0,0,659
05/20/2022,IND,IN,AGL,CE,Combined TRACON& Tower with Radar,400,66,43,2,511,0,45,7,2,54,400,111,50,4,565,0,0,0,565
05/21/2022,IND,IN,AGL,CE,Combined TRACON& Tower with Radar,272,33,23,0,328,0,19,2,0,21,272,52,25,0,349,0,0,0,349
05/22/2022,IND,IN,AGL,CE,Combined TRACON& Tower with Radar,247,46,26,3,322,0,70,2,0,72,247,116,28,3,394,0,0,0,394
05/23/2022,IND,IN,AGL,CE,Combined TRACON& Tower with Radar,255,42,31,3,331,0,151,6,0,157,255,193,37,3,488,0,0,0,488
05/24/2022,IND,IN,AGL,CE,Combined TRACON& Tower with Radar,444,62,39,4,549,0,157,10,0,167,444,219,49,4,716,0,0,0,716
05/25/2022,IND,IN,AGL,CE,Combined TRACON& Tower with Radar,453,59,49,4,565,0,14,2,0,16,453,73,51,4,581,0,0,0,581
05/26/2022,IND,IN,AGL,CE,Combined TRACON& Tower with Radar,462,82,52,2,598,0,1,0,1,2,462,83,52,3,600,0,0,0,600
05/27/2022,IND,IN,AGL,CE,Combined TRACON& Tower with Radar,424,106,92,4,626,0,18,5,0,23,424,124,97,4,649,0,0,0,649
05/28/2022,IND,IN,AGL,CE,Combined TRACON& Tower with Radar,261,48,66,0,375,0,102,6,2,110,261,150,72,2,485,0,0,0,485
05/29/2022,IND,IN,AGL,CE,Combined TRACON& Tower with Radar,226,95,122,2,445,0,59,155,3,217,226,154,277,5,662,0,0,0,662
05/30/2022,IND,IN,AGL,CE,Combined TRACON& Tower with Radar,276,65,53,1,395,0,51,6,0,57,276,116,59,1,452,0,0,0,452
05/31/2022,IND,IN,AGL,CE,Combined TRACON& Tower with Radar,251,43,39,0,333,0,140,16,1,157,251,183,55,1,490,0,0,0,490
06/01/2022,IND,IN,AGL,CE,Combined TRACON& Tower with Radar,438,67,38,9,552,0,100,3,0,103,438,167,41,9,655,0,0,0,655
06/02/2022,IND,IN,AGL,CE,Combined TRACON& Tower with Radar,433,67,39,8,547,0,132,12,2,146,433,199,51,10,693,0,0,0,693
06/03/2022,IND,IN,AGL,CE,Combined TRACON& Tower with Radar,405,61,31,1,498,0,172,15,2,189,405,233,46,3,687,0,0,0,687
06/04/2022,IND,IN,AGL,CE,Combined TRACON& Tower with Radar,266,41,22,7,336,0,88,9,0,97,266,129,31,7,433,0,0,0,433
06/05/2022,IND,IN,AGL,CE,Combined TRACON& Tower with Radar,261,39,23,4,327,0,66,16,0,82,261,105,39,4,409,0,0,0,409
06/06/2022,IND,IN,AGL,CE,Combined TRACON& Tower with Radar,266,47,32,2,347,0,61,9,0,70,266,108,41,2,417,0,0,0,417
06/07/2022,IND,IN,AGL,CE,Combined TRACON& Tower with Radar,442,94,22,3,561,0,30,4,0,34,442,124,26,3,595,0,0,0,595
06/08/2022,IND,IN,AGL,CE,Combined TRACON& Tower with Radar,444,71,43,5,563,0,59,5,0,64,444,130,48,5,627,0,0,0,627
06/09/2022,IND,IN,AGL,CE,Combined TRACON& Tower with Radar,434,81,54,4,573,0,130,9,0,139,434,211,63,4,712,0,0,0,712
06/10/2022,IND,IN,AGL,CE,Combined TRACON& Tower with Radar,400,66,38,3,507,0,119,10,0,129,400,185,48,3,636,0,0,0,636
06/11/2022,IND,IN,AGL,CE,Combined TRACON& Tower with Radar,273,41,21,3,338,0,42,4,0,46,273,83,25,3,384,0,0,0,384
06/12/2022,IND,IN,AGL,CE,Combined TRACON& Tower with Radar,251,43,27,9,330,0,25,2,0,27,251,68,29,9,357,0,0,0,357
06/13/2022,IND,IN,AGL,CE,Combined TRACON& Tower with Radar,279,61,59,2,401,0,33,3,0,36,279,94,62,2,437,0,0,0,437
06/14/2022,IND,IN,AGL,CE,Combined TRACON& Tower with Radar,446,57,44,6,553,0,148,7,0,155,446,205,51,6,708,0,0,0,708
06/15/2022,IND,IN,AGL,CE,Combined TRACON& Tower with Radar,446,57,41,0,544,0,161,10,0,171,446,218,51,0,715,0,0,0,715
06/16/2022,IND,IN,AGL,CE,Combined TRACON& Tower with Radar,424,64,61,0,549,0,92,26,0,118,424,156,87,0,667,0,0,0,667
06/17/2022,IND,IN,AGL,CE,Combined TRACON& Tower with Radar,382,57,30,0,469,0,111,4,0,115,382,168,34,0,584,0,0,0,584
06/18/2022,IND,IN,AGL,CE,Combined TRACON& Tower with Radar,266,23,31,1,321,0,63,9,0,72,266,86,40,1,393,0,0,0,393
06/19/2022,IND,IN,AGL,CE,Combined TRACON& Tower with Radar,248,42,29,2,321,0,87,12,0,99,248,129,41,2,420,0,0,0,420
06/20/2022,IND,IN,AGL,CE,Combined TRACON& Tower with Radar,275,49,36,0,360,0,122,10,1,133,275,171,46,1,493,0,0,0,493
06/21/2022,IND,IN,AGL,CE,Combined TRACON& Tower with Radar,448,45,27,6,526,0,129,12,0,141,448,174,39,6,667,0,0,0,667
06/22/2022,IND,IN,AGL,CE,Combined TRACON& Tower with Radar,428,73,60,4,565,0,81,7,0,88,428,154,67,4,653,0,0,0,653
06/23/2022,IND,IN,AGL,CE,Combined TRACON& Tower with Radar,443,61,31,5,540,0,111,7,1,119,443,172,38,6,659,0,0,0,659
06/24/2022,IND,IN,AGL,CE,Combined TRACON& Tower with Radar,399,42,26,3,470,0,125,8,2,135,399,167,34,5,605,0,0,0,605
06/25/2022,IND,IN,AGL,CE,Combined TRACON& Tower with Radar,271,21,15,0,307,0,83,11,0,94,271,104,26,0,401,0,0,0,401
06/26/2022,IND,IN,AGL,CE,Combined TRACON& Tower with Radar,265,40,40,2,347,0,24,1,0,25,265,64,41,2,372,0,0,0,372
06/27/2022,IND,IN,AGL,CE,Combined TRACON& Tower with Radar,254,46,46,7,353,0,120,7,1,128,254,166,53,8,481,0,0,0,481
06/28/2022,IND,IN,AGL,CE,Combined TRACON& Tower with Radar,441,53,35,0,529,0,123,9,0,132,441,176,44,0,661,0,0,0,661
06/29/2022,IND,IN,AGL,CE,Combined TRACON& Tower with Radar,455,57,42,9,563,0,135,8,1,144,455,192,50,10,707,0,0,0,707
06/30/2022,IND,IN,AGL,CE,Combined TRACON& Tower with Radar,433,75,73,10,591,0,109,13,0,122,433,184,86,10,713,0,0,0,713
07/01/2022,IND,IN,AGL,CE,Combined TRACON& Tower with Radar,395,49,17,3,464,0,103,7,0,110,395,152,24,3,574,0,0,0,574
07/02/2022,IND,IN,AGL,CE,Combined TRACON& Tower with Radar,271,31,11,0,313,0,83,3,0,86,271,114,14,0,399,0,0,0,399
07/03/2022,IND,IN,AGL,CE,Combined TRACON& Tower with Radar,232,22,11,0,265,0,48,2,0,50,232,70,13,0,315,0,0,0,315
07/04/2022,IND,IN,AGL,CE,Combined TRACON& Tower with Radar,236,20,20,0,276,0,4,8,0,12,236,24,28,0,288,0,0,0,288
07/05/2022,IND,IN,AGL,CE,Combined TRACON& Tower with Radar,236,36,24,0,296,0,88,12,0,100,236,124,36,0,396,0,0,0,396
07/06/2022,IND,IN,AGL,CE,Combined TRACON& Tower with Radar,482,42,26,0,550,0,46,5,0,51,482,88,31,0,601,0,0,0,601
07/07/2022,IND,IN,AGL,CE,Combined TRACON& Tower with Radar,453,56,38,0,547,0,80,3,0,83,453,136,41,0,630,0,0,0,630
07/08/2022,IND,IN,AGL,CE,Combined TRACON& Tower with Radar,397,42,17,0,456,0,0,0,0,0,397,42,17,0,456,0,0,0,456
07/09/2022,IND,IN,AGL,CE,Combined TRACON& Tower with Radar,279,40,17,0,336,0,60,1,0,61,279,100,18,0,397,0,0,0,397
07/10/2022,IND,IN,AGL,CE,Combined TRACON& Tower with Radar,263,40,23,0,326,0,116,10,0,126,263,156,33,0,452,0,0,0,452
07/11/2022,IND,IN,AGL,CE,Combined TRACON& Tower with Radar,274,45,53,2,374,0,120,12,0,132,274,165,65,2,506,0,0,0,506
07/12/2022,IND,IN,AGL,CE,Combined TRACON& Tower with Radar,457,59,42,2,560,0,99,2,0,101,457,158,44,2,661,0,0,0,661
07/13/2022,IND,IN,AGL,CE,Combined TRACON& Tower with Radar,471,60,56,0,587,0,129,14,2,145,471,189,70,2,732,0,0,0,732
07/14/2022,IND,IN,AGL,CE,Combined TRACON& Tower with Radar,471,66,27,4,568,0,121,34,0,155,471,187,61,4,723,0,0,0,723
07/15/2022,IND,IN,AGL,CE,Combined TRACON& Tower with Radar,403,52,39,3,497,0,89,2,0,91,403,141,41,3,588,0,0,0,588
07/16/2022,IND,IN,AGL,CE,Combined TRACON& Tower with Radar,270,23,14,2,309,0,77,3,0,80,270,100,17,2,389,0,0,0,389
07/17/2022,IND,IN,AGL,CE,Combined TRACON& Tower with Radar,271,54,34,0,359,0,0,0,0,0,271,54,34,0,359,0,0,0,359
07/18/2022,IND,IN,AGL,CE,Combined TRACON& Tower with Radar,241,55,47,0,343,0,37,7,0,44,241,92,54,0,387,0,0,0,387
07/19/2022,IND,IN,AGL,CE,Combined TRACON& Tower with Radar,471,53,35,6,565,0,146,5,0,151,471,199,40,6,716,0,0,0,716
07/20/2022,IND,IN,AGL,CE,Combined TRACON& Tower with Radar,467,84,35,3,589,0,40,8,0,48,467,124,43,3,637,0,0,0,637
07/21/2022,IND,IN,AGL,CE,Combined TRACON& Tower with Radar,459,53,50,3,565,0,172,9,0,181,459,225,59,3,746,0,0,0,746
07/22/2022,IND,IN,AGL,CE,Combined TRACON& Tower with Radar,399,65,25,6,495,0,132,18,0,150,399,197,43,6,645,0,0,0,645
07/23/2022,IND,IN,AGL,CE,Combined TRACON& Tower with Radar,299,38,23,2,362,0,54,8,1,63,299,92,31,3,425,0,0,0,425
07/24/2022,IND,IN,AGL,CE,Combined TRACON& Tower with Radar,257,51,40,4,352,0,45,9,0,54,257,96,49,4,406,0,0,0,406
07/25/2022,IND,IN,AGL,CE,Combined TRACON& Tower with Radar,250,53,35,6,344,0,124,7,3,134,250,177,42,9,478,0,0,0,478
07/26/2022,IND,IN,AGL,CE,Combined TRACON& Tower with Radar,460,99,35,2,596,0,8,0,0,8,460,107,35,2,604,0,0,0,604
07/27/2022,IND,IN,AGL,CE,Combined TRACON& Tower with Radar,492,69,44,0,605,0,18,3,0,21,492,87,47,0,626,0,0,0,626
07/28/2022,IND,IN,AGL,CE,Combined TRACON& Tower with Radar,454,76,67,23,620,0,120,5,0,125,454,196,72,23,745,0,0,0,745
07/29/2022,IND,IN,AGL,CE,Combined TRACON& Tower with Radar,406,73,67,3,549,0,138,7,0,145,406,211,74,3,694,0,0,0,694
07/30/2022,IND,IN,AGL,CE,Combined TRACON& Tower with Radar,277,46,55,2,380,0,94,20,2,116,277,140,75,4,496,0,0,0,496
07/31/2022,IND,IN,AGL,CE,Combined TRACON& Tower with Radar,252,59,63,0,374,0,68,17,2,87,252,127,80,2,461,0,0,0,461
08/01/2022,IND,IN,AGL,CE,Combined TRACON& Tower with Radar,255,59,46,1,361,0,49,6,0,55,255,108,52,1,416,0,0,0,416
08/02/2022,IND,IN,AGL,CE,Combined TRACON& Tower with Radar,420,56,30,0,506,0,122,7,0,129,420,178,37,0,635,0,0,0,635
08/03/2022,IND,IN,AGL,CE,Combined TRACON& Tower with Radar,442,57,39,0,538,0,93,5,0,98,442,150,44,0,636,0,0,0,636
08/04/2022,IND,IN,AGL,CE,Combined TRACON& Tower with Radar,394,76,44,0,514,0,8,4,0,12,394,84,48,0,526,0,0,0,526
08/05/2022,IND,IN,AGL,CE,Combined TRACON& Tower with Radar,382,83,36,2,503,0,52,3,0,55,382,135,39,2,558,0,0,0,558
08/06/2022,IND,IN,AGL,CE,Combined TRACON& Tower with Radar,258,48,16,0,322,0,57,0,2,59,258,105,16,2,381,0,0,0,381
08/07/2022,IND,IN,AGL,CE,Combined TRACON& Tower with Radar,252,50,38,2,342,0,95,3,0,98,252,145,41,2,440,0,0,0,440
08/08/2022,IND,IN,AGL,CE,Combined TRACON& Tower with Radar,259,53,37,6,355,0,80,3,1,84,259,133,40,7,439,0,0,0,439
08/09/2022,IND,IN,AGL,CE,Combined TRACON& Tower with Radar,427,65,27,2,521,0,0,0,0,0,427,65,27,2,521,0,0,0,521
08/10/2022,IND,IN,AGL,CE,Combined TRACON& Tower with Radar,425,67,41,4,537,0,82,7,0,89,425,149,48,4,626,0,0,0,626
08/11/2022,IND,IN,AGL,CE,Combined TRACON& Tower with Radar,409,63,40,2,514,0,120,4,0,124,409,183,44,2,638,0,0,0,638
08/12/2022,IND,IN,AGL,CE,Combined TRACON& Tower with Radar,391,48,34,6,479,0,156,12,0,168,391,204,46,6,647,0,0,0,647
08/13/2022,IND,IN,AGL,CE,Combined TRACON& Tower with Radar,242,16,16,2,276,0,106,8,1,115,242,122,24,3,391,0,0,0,391
08/14/2022,IND,IN,AGL,CE,Combined TRACON& Tower with Radar,314,76,34,9,433,0,37,1,0,38,314,113,35,9,471,0,0,0,471
08/15/2022,IND,IN,AGL,CE,Combined TRACON& Tower with Radar,244,67,45,6,362,0,48,5,0,53,244,115,50,6,415,0,0,0,415
08/16/2022,IND,IN,AGL,CE,Combined TRACON& Tower with Radar,423,49,55,6,533,0,141,7,2,150,423,190,62,8,683,0,0,0,683
08/17/2022,IND,IN,AGL,CE,Combined TRACON& Tower with Radar,418,66,39,4,527,1,190,9,0,200,419,256,48,4,727,0,0,0,727
08/18/2022,IND,IN,AGL,CE,Combined TRACON& Tower with Radar,413,57,43,9,522,0,132,11,0,143,413,189,54,9,665,0,0,0,665
08/19/2022,IND,IN,AGL,CE,Combined TRACON& Tower with Radar,384,49,30,0,463,0,133,6,1,140,384,182,36,1,603,0,0,0,603
08/20/2022,IND,IN,AGL,CE,Combined TRACON& Tower with Radar,258,20,19,3,300,0,75,5,2,82,258,95,24,5,382,0,0,0,382
08/21/2022,IND,IN,AGL,CE,Combined TRACON& Tower with Radar,245,44,21,10,320,0,8,2,1,11,245,52,23,11,331,0,0,0,331
08/22/2022,IND,IN,AGL,CE,Combined TRACON& Tower with Radar,228,62,29,3,322,0,44,6,3,53,228,106,35,6,375,0,0,0,375
08/23/2022,IND,IN,AGL,CE,Combined TRACON& Tower with Radar,410,45,40,0,495,0,165,8,2,175,410,210,48,2,670,0,0,0,670
08/24/2022,IND,IN,AGL,CE,Combined TRACON& Tower with Radar,422,67,32,2,523,0,143,8,3,154,422,210,40,5,677,0,0,0,677
08/25/2022,IND,IN,AGL,CE,Combined TRACON& Tower with Radar,414,64,43,4,525,0,113,9,2,124,414,177,52,6,649,0,0,0,649
08/26/2022,IND,IN,AGL,CE,Combined TRACON& Tower with Radar,376,52,25,3,456,0,115,8,1,124,376,167,33,4,580,0,0,0,580
08/27/2022,IND,IN,AGL,CE,Combined TRACON& Tower with Radar,256,25,14,0,295,0,112,11,0,123,256,137,25,0,418,0,0,0,418
08/28/2022,IND,IN,AGL,CE,Combined TRACON& Tower with Radar,252,50,38,2,342,0,95,3,0,98,252,145,41,2,440,0,0,0,440
08/29/2022,IND,IN,AGL,CE,Combined TRACON& Tower with Radar,244,46,36,2,328,0,65,4,1,70,244,111,40,3,398,0,0,0,398
08/30/2022,IND,IN,AGL,CE,Combined TRACON& Tower with Radar,423,50,36,3,512,0,86,0,0,86,423,136,36,3,598,0,0,0,598
08/31/2022,IND,IN,AGL,CE,Combined TRACON& Tower with Radar,422,57,51,5,535,0,138,15,0,153,422,195,66,5,688,0,0,0,688
09/01/2022,IND,IN,AGL,CE,Combined TRACON& Tower with Radar,421,59,45,3,528,0,145,20,2,167,421,204,65,5,695,0,0,0,695
09/02/2022,IND,IN,AGL,CE,Combined TRACON& Tower with Radar,389,54,29,6,478,0,139,5,2,146,389,193,34,8,624,0,0,0,624
09/03/2022,IND,IN,AGL,CE,Combined TRACON& Tower with Radar,244,29,8,1,282,0,52,2,1,55,244,81,10,2,337,0,0,0,337
09/04/2022,IND,IN,AGL,CE,Combined TRACON& Tower with Radar,223,44,19,0,286,0,7,1,0,8,223,51,20,0,294,0,0,0,294
09/05/2022,IND,IN,AGL,CE,Combined TRACON& Tower with Radar,228,46,33,0,307,0,4,1,0,5,228,50,34,0,312,0,0,0,312
09/06/2022,IND,IN,AGL,CE,Combined TRACON& Tower with Radar,246,44,30,2,322,0,41,3,0,44,246,85,33,2,366,0,0,0,366
09/07/2022,IND,IN,AGL,CE,Combined TRACON& Tower with Radar,409,36,54,2,501,0,151,15,0,166,409,187,69,2,667,0,0,0,667
09/08/2022,IND,IN,AGL,CE,Combined TRACON& Tower with Radar,426,55,36,3,520,0,125,9,2,136,426,180,45,5,656,0,0,0,656
09/09/2022,IND,IN,AGL,CE,Combined TRACON& Tower with Radar,376,44,42,0,462,0,130,9,0,139,376,174,51,0,601,0,0,0,601
09/10/2022,IND,IN,AGL,CE,Combined TRACON& Tower with Radar,237,29,15,0,281,0,100,8,0,108,237,129,23,0,389,0,0,0,389
09/11/2022,IND,IN,AGL,CE,Combined TRACON& Tower with Radar,263,42,37,0,342,0,5,1,0,6,263,47,38,0,348,0,0,0,348
09/12/2022,IND,IN,AGL,CE,Combined TRACON& Tower with Radar,243,40,31,4,318,0,71,4,0,75,243,111,35,4,393,0,0,0,393
09/13/2022,IND,IN,AGL,CE,Combined TRACON& Tower with Radar,412,63,56,5,536,0,12,3,0,15,412,75,59,5,551,0,0,0,551
09/14/2022,IND,IN,AGL,CE,Combined TRACON& Tower with Radar,412,55,70,2,539,0,168,12,0,180,412,223,82,2,719,0,0,0,719
09/15/2022,IND,IN,AGL,CE,Combined TRACON& Tower with Radar,428,62,56,8,554,0,170,11,0,181,428,232,67,8,735,0,0,0,735
09/16/2022,IND,IN,AGL,CE,Combined TRACON& Tower with Radar,383,72,35,1,491,0,132,15,0,147,383,204,50,1,638,0,0,0,638
09/17/2022,IND,IN,AGL,CE,Combined TRACON& Tower with Radar,247,26,15,0,288,0,74,7,0,81,247,100,22,0,369,0,0,0,369
09/18/2022,IND,IN,AGL,CE,Combined TRACON& Tower with Radar,263,38,26,0,327,0,86,13,0,99,263,124,39,0,426,0,0,0,426
09/19/2022,IND,IN,AGL,CE,Combined TRACON& Tower with Radar,238,65,49,2,354,0,37,3,0,40,238,102,52,2,394,0,0,0,394
09/20/2022,IND,IN,AGL,CE,Combined TRACON& Tower with Radar,439,61,60,3,563,0,187,10,1,198,439,248,70,4,761,0,0,0,761
09/21/2022,IND,IN,AGL,CE,Combined TRACON& Tower with Radar,416,59,35,2,512,0,171,11,0,182,416,230,46,2,694,0,0,0,694
09/22/2022,IND,IN,AGL,CE,Combined TRACON& Tower with Radar,410,62,63,2,537,0,123,15,0,138,410,185,78,2,675,0,0,0,675
09/23/2022,IND,IN,AGL,CE,Combined TRACON& Tower with Radar,394,58,47,4,503,0,147,10,0,157,394,205,57,4,660,0,0,0,660
09/24/2022,IND,IN,AGL,CE,Combined TRACON& Tower with Radar,241,27,22,1,291,0,90,8,0,98,241,117,30,1,389,0,0,0,389
09/25/2022,IND,IN,AGL,CE,Combined TRACON& Tower with Radar,263,51,42,3,359,0,35,11,0,46,263,86,53,3,405,0,0,0,405
09/26/2022,IND,IN,AGL,CE,Combined TRACON& Tower with Radar,245,43,37,3,328,0,105,4,0,109,245,148,41,3,437,0,0,0,437
09/27/2022,IND,IN,AGL,CE,Combined TRACON& Tower with Radar,415,63,34,4,516,0,100,9,0,109,415,163,43,4,625,0,0,0,625
09/28/2022,IND,IN,AGL,CE,Combined TRACON& Tower with Radar,398,65,46,4,513,0,115,7,0,122,398,180,53,4,635,0,0,0,635
09/29/2022,IND,IN,AGL,CE,Combined TRACON& Tower with Radar,400,52,37,2,491,0,157,9,0,166,400,209,46,2,657,0,0,0,657
09/30/2022,IND,IN,AGL,CE,Combined TRACON& Tower with Radar,383,43,33,2,461,0,149,7,0,156,383,192,40,2,617,0,0,0,617
10/01/2022,IND,IN,AGL,CE,Combined TRACON& Tower with Radar,246,31,18,2,297,0,94,4,0,98,246,125,22,2,395,0,0,0,395
10/02/2022,IND,IN,AGL,CE,Combined TRACON& Tower with Radar,261,28,28,2,319,0,72,4,0,76,261,100,32,2,395,0,0,0,395
10/03/2022,IND,IN,AGL,CE,Combined TRACON& Tower with Radar,255,41,35,2,333,0,140,9,0,149,255,181,44,2,482,0,0,0,482
10/04/2022,IND,IN,AGL,CE,Combined TRACON& Tower with Radar,413,69,50,0,532,0,159,8,0,167,413,228,58,0,699,0,0,0,699
10/05/2022,IND,IN,AGL,CE,Combined TRACON& Tower with Radar,427,71,40,4,542,0,157,4,0,161,427,228,44,4,703,0,0,0,703
10/06/2022,IND,IN,AGL,CE,Combined TRACON& Tower with Radar,420,55,57,11,543,0,147,9,1,157,420,202,66,12,700,0,0,0,700
10/07/2022,IND,IN,AGL,CE,Combined TRACON& Tower with Radar,399,57,28,2,486,0,94,5,0,99,399,151,33,2,585,0,0,0,585
10/08/2022,IND,IN,AGL,CE,Combined TRACON& Tower with Radar,272,30,17,1,320,0,67,9,0,76,272,97,26,1,396,0,0,0,396
10/09/2022,IND,IN,AGL,CE,Combined TRACON& Tower with Radar,261,45,41,0,347,0,48,3,0,51,261,93,44,0,398,0,0,0,398
10/10/2022,IND,IN,AGL,CE,Combined TRACON& Tower with Radar,248,31,48,2,329,0,118,11,0,129,248,149,59,2,458,0,0,0,458
10/11/2022,IND,IN,AGL,CE,Combined TRACON& Tower with Radar,430,58,53,6,547,0,110,10,0,120,430,168,63,6,667,0,0,0,667
10/12/2022,IND,IN,AGL,CE,Combined TRACON& Tower with Radar,433,52,46,2,533,0,28,7,0,35,433,80,53,2,568,0,0,0,568
10/13/2022,IND,IN,AGL,CE,Combined TRACON& Tower with Radar,429,45,45,2,521,0,78,8,0,86,429,123,53,2,607,0,0,0,607
10/14/2022,IND,IN,AGL,CE,Combined TRACON& Tower with Radar,399,47,47,0,493,0,93,6,2,101,399,140,53,2,594,0,0,0,594
10/15/2022,IND,IN,AGL,CE,Combined TRACON& Tower with Radar,282,33,20,2,337,0,104,3,0,107,282,137,23,2,444,0,0,0,444
10/16/2022,IND,IN,AGL,CE,Combined TRACON& Tower with Radar,261,44,40,0,345,0,95,7,0,102,261,139,47,0,447,0,0,0,447
10/17/2022,IND,IN,AGL,CE,Combined TRACON& Tower with Radar,238,43,31,7,319,0,94,2,0,96,238,137,33,7,415,0,0,0,415
10/18/2022,IND,IN,AGL,CE,Combined TRACON& Tower with Radar,434,38,46,4,522,0,64,3,0,67,434,102,49,4,589,0,0,0,589
10/19/2022,IND,IN,AGL,CE,Combined TRACON& Tower with Radar,422,50,61,0,533,0,163,1,0,164,422,213,62,0,697,0,0,0,697
10/20/2022,IND,IN,AGL,CE,Combined TRACON& Tower with Radar,432,51,40,2,525,0,148,17,1,166,432,199,57,3,691,0,0,0,691
10/21/2022,IND,IN,AGL,CE,Combined TRACON& Tower with Radar,392,48,34,6,480,0,124,12,0,136,392,172,46,6,616,0,0,0,616
10/22/2022,IND,IN,AGL,CE,Combined TRACON& Tower with Radar,265,33,21,8,327,0,73,6,5,84,265,106,27,13,411,0,0,0,411
10/23/2022,IND,IN,AGL,CE,Combined TRACON& Tower with Radar,265,37,32,1,335,0,42,12,0,54,265,79,44,1,389,0,0,0,389
10/24/2022,IND,IN,AGL,CE,Combined TRACON& Tower with Radar,234,30,40,4,308,0,115,6,2,123,234,145,46,6,431,0,0,0,431
10/25/2022,IND,IN,AGL,CE,Combined TRACON& Tower with Radar,411,62,49,2,524,0,61,6,0,67,411,123,55,2,591,0,0,0,591
10/26/2022,IND,IN,AGL,CE,Combined TRACON& Tower with Radar,443,72,42,8,565,0,45,3,0,48,443,117,45,8,613,0,0,0,613
10/27/2022,IND,IN,AGL,CE,Combined TRACON& Tower with Radar,417,60,41,2,520,0,174,2,3,179,417,234,43,5,699,0,0,0,699
10/28/2022,IND,IN,AGL,CE,Combined TRACON& Tower with Radar,389,54,40,6,489,0,168,8,0,176,389,222,48,6,665,0,0,0,665
10/29/2022,IND,IN,AGL,CE,Combined TRACON& Tower with Radar,249,22,21,0,292,0,89,12,0,101,249,111,33,0,393,0,0,0,393
10/30/2022,IND,IN,AGL,CE,Combined TRACON& Tower with Radar,252,42,28,1,323,0,18,5,0,23,252,60,33,1,346,0,0,0,346
10/31/2022,IND,IN,AGL,CE,Combined TRACON& Tower with Radar,229,42,22,2,295,0,0,0,0,0,229,42,22,2,295,0,0,0,295
11/01/2022,IND,IN,AGL,CE,Combined TRACON& Tower with Radar,432,62,42,4,540,0,140,6,0,146,432,202,48,4,686,0,0,0,686
11/02/2022,IND,IN,AGL,CE,Combined TRACON& Tower with Radar,422,57,45,3,527,0,174,10,0,184,422,231,55,3,711,0,0,0,711
11/03/2022,IND,IN,AGL,CE,Combined TRACON& Tower with Radar,428,64,49,7,548,0,181,7,0,188,428,245,56,7,736,0,0,0,736
11/04/2022,IND,IN,AGL,CE,Combined TRACON& Tower with Radar,383,46,32,4,465,0,125,13,0,138,383,171,45,4,603,0,0,0,603
11/05/2022,IND,IN,AGL,CE,Combined TRACON& Tower with Radar,260,18,8,2,288,0,3,4,0,7,260,21,12,2,295,0,0,0,295
11/06/2022,IND,IN,AGL,CE,Combined TRACON& Tower with Radar,252,47,13,1,313,0,99,2,2,103,252,146,15,3,416,0,0,0,416
11/07/2022,IND,IN,AGL,CE,Combined TRACON& Tower with Radar,248,37,38,0,323,0,146,3,0,149,248,183,41,0,472,0,0,0,472
11/08/2022,IND,IN,AGL,CE,Combined TRACON& Tower with Radar,438,48,35,3,524,0,158,11,1,170,438,206,46,4,694,0,0,0,694
11/09/2022,IND,IN,AGL,CE,Combined TRACON& Tower with Radar,439,70,39,1,549,0,139,15,2,156,439,209,54,3,705,0,0,0,705
11/10/2022,IND,IN,AGL,CE,Combined TRACON& Tower with Radar,431,55,53,7,546,0,177,11,2,190,431,232,64,9,736,0,0,0,736
11/11/2022,IND,IN,AGL,CE,Combined TRACON& Tower with Radar,392,59,38,3,492,0,48,6,2,56,392,107,44,5,548,0,0,0,548
11/12/2022,IND,IN,AGL,CE,Combined TRACON& Tower with Radar,264,29,14,1,308,0,0,0,0,0,264,29,14,1,308,0,0,0,308
11/13/2022,IND,IN,AGL,CE,Combined TRACON& Tower with Radar,269,21,19,4,313,0,81,4,0,85,269,102,23,4,398,0,0,0,398
11/14/2022,IND,IN,AGL,CE,Combined TRACON& Tower with Radar,271,39,53,7,370,0,163,3,0,166,271,202,56,7,536,0,0,0,536
11/15/2022,IND,IN,AGL,CE,Combined TRACON& Tower with Radar,471,60,60,1,592,0,0,0,0,0,471,60,60,1,592,0,0,0,592
11/16/2022,IND,IN,AGL,CE,Combined TRACON& Tower with Radar,449,59,59,2,569,0,0,0,0,0,449,59,59,2,569,0,0,0,569
11/17/2022,IND,IN,AGL,CE,Combined TRACON& Tower with Radar,436,51,49,0,536,0,29,6,0,35,436,80,55,0,571,0,0,0,571
11/18/2022,IND,IN,AGL,CE,Combined TRACON& Tower with Radar,405,49,35,4,493,0,53,9,0,62,405,102,44,4,555,0,0,0,555
11/19/2022,IND,IN,AGL,CE,Combined TRACON& Tower with Radar,277,32,24,1,334,0,40,2,0,42,277,72,26,1,376,0,0,0,376
11/20/2022,IND,IN,AGL,CE,Combined TRACON& Tower with Radar,269,38,33,0,340,0,151,10,2,163,269,189,43,2,503,0,0,0,503
11/21/2022,IND,IN,AGL,CE,Combined TRACON& Tower with Radar,264,39,45,8,356,0,143,7,0,150,264,182,52,8,506,0,0,0,506
11/22/2022,IND,IN,AGL,CE,Combined TRACON& Tower with Radar,467,53,33,5,558,0,193,10,0,203,467,246,43,5,761,0,0,0,761
11/23/2022,IND,IN,AGL,CE,Combined TRACON& Tower with Radar,476,39,24,0,539,0,186,8,0,194,476,225,32,0,733,0,0,0,733
11/24/2022,IND,IN,AGL,CE,Combined TRACON& Tower with Radar,226,16,8,0,250,0,0,2,0,2,226,16,10,0,252,0,0,0,252
11/25/2022,IND,IN,AGL,CE,Combined TRACON& Tower with Radar,299,38,19,0,356,0,62,4,0,66,299,100,23,0,422,0,0,0,422
11/26/2022,IND,IN,AGL,CE,Combined TRACON& Tower with Radar,283,26,14,0,323,0,70,4,0,74,283,96,18,0,397,0,0,0,397
11/27/2022,IND,IN,AGL,CE,Combined TRACON& Tower with Radar,289,31,29,2,351,0,0,0,0,0,289,31,29,2,351,0,0,0,351
11/28/2022,IND,IN,AGL,CE,Combined TRACON& Tower with Radar,267,54,47,8,376,0,7,1,0,8,267,61,48,8,384,0,0,0,384
11/29/2022,IND,IN,AGL,CE,Combined TRACON& Tower with Radar,475,49,26,4,554,0,108,1,0,109,475,157,27,4,663,0,0,0,663
11/30/2022,IND,IN,AGL,CE,Combined TRACON& Tower with Radar,482,48,29,6,565,0,56,3,0,59,482,104,32,6,624,0,0,0,624
12/01/2022,IND,IN,AGL,CE,Combined TRACON& Tower with Radar,491,47,45,11,594,0,216,7,3,226,491,263,52,14,820,0,0,0,820
12/02/2022,IND,IN,AGL,CE,Combined TRACON& Tower with Radar,471,48,37,5,561,0,55,7,2,64,471,103,44,7,625,0,0,0,625
12/03/2022,IND,IN,AGL,CE,Combined TRACON& Tower with Radar,339,42,50,0,431,0,58,3,0,61,339,100,53,0,492,0,0,0,492
12/04/2022,IND,IN,AGL,CE,Combined TRACON& Tower with Radar,281,44,48,0,373,0,141,5,0,146,281,185,53,0,519,0,0,0,519
12/05/2022,IND,IN,AGL,CE,Combined TRACON& Tower with Radar,268,42,35,4,349,0,89,9,0,98,268,131,44,4,447,0,0,0,447
12/06/2022,IND,IN,AGL,CE,Combined TRACON& Tower with Radar,477,52,42,0,571,0,0,0,0,0,477,52,42,0,571,0,0,0,571
12/07/2022,IND,IN,AGL,CE,Combined TRACON& Tower with Radar,483,64,73,4,624,0,0,1,1,2,483,64,74,5,626,0,0,0,626
12/08/2022,IND,IN,AGL,CE,Combined TRACON& Tower with Radar,492,87,57,4,640,0,4,1,0,5,492,91,58,4,645,0,0,0,645
12/09/2022,IND,IN,AGL,CE,Combined TRACON& Tower with Radar,467,63,41,0,571,0,0,0,0,0,467,63,41,0,571,0,0,0,571
12/10/2022,IND,IN,AGL,CE,Combined TRACON& Tower with Radar,341,23,39,2,405,0,0,0,0,0,341,23,39,2,405,0,0,0,405
12/11/2022,IND,IN,AGL,CE,Combined TRACON& Tower with Radar,296,26,26,1,349,0,2,0,0,2,296,28,26,1,351,0,0,0,351
12/12/2022,IND,IN,AGL,CE,Combined TRACON& Tower with Radar,265,48,48,1,362,0,119,11,0,130,265,167,59,1,492,0,0,0,492
12/13/2022,IND,IN,AGL,CE,Combined TRACON& Tower with Radar,487,47,25,1,560,0,174,9,1,184,487,221,34,2,744,0,0,0,744
12/14/2022,IND,IN,AGL,CE,Combined TRACON& Tower with Radar,481,56,34,1,572,0,0,0,0,0,481,56,34,1,572,0,0,0,572
12/15/2022,IND,IN,AGL,CE,Combined TRACON& Tower with Radar,497,55,40,1,593,0,76,5,0,81,497,131,45,1,674,0,0,0,674
12/16/2022,IND,IN,AGL,CE,Combined TRACON& Tower with Radar,469,46,24,2,541,0,48,72,0,120,469,94,96,2,661,0,0,0,661
12/17/2022,IND,IN,AGL,CE,Combined TRACON& Tower with Radar,360,27,22,0,409,0,37,30,0,67,360,64,52,0,476,0,0,0,476
12/18/2022,IND,IN,AGL,CE,Combined TRACON& Tower with Radar,279,23,23,0,325,0,110,8,0,118,279,133,31,0,443,0,0,0,443
12/19/2022,IND,IN,AGL,CE,Combined TRACON& Tower with Radar,252,29,19,0,300,0,151,6,0,157,252,180,25,0,457,0,0,0,457
12/20/2022,IND,IN,AGL,CE,Combined TRACON& Tower with Radar,487,51,27,2,567,0,193,7,0,200,487,244,34,2,767,0,0,0,767
12/21/2022,IND,IN,AGL,CE,Combined TRACON& Tower with Radar,496,46,41,0,583,0,135,6,0,141,496,181,47,0,724,0,0,0,724
12/22/2022,IND,IN,AGL,CE,Combined TRACON& Tower with Radar,452,39,28,0,519,0,0,0,0,0,452,39,28,0,519,0,0,0,519
12/23/2022,IND,IN,AGL,CE,Combined TRACON& Tower with Radar,203,18,6,0,227,0,0,0,0,0,203,18,6,0,227,0,0,0,227
12/24/2022,IND,IN,AGL,CE,Combined TRACON& Tower with Radar,232,16,8,0,256,0,0,4,0,4,232,16,12,0,260,0,0,0,260
12/25/2022,IND,IN,AGL,CE,Combined TRACON& Tower with Radar,149,14,4,0,167,0,2,2,0,4,149,16,6,0,171,0,0,0,171
12/26/2022,IND,IN,AGL,CE,Combined TRACON& Tower with Radar,184,28,41,0,253,0,0,1,0,1,184,28,42,0,254,0,0,0,254
12/27/2022,IND,IN,AGL,CE,Combined TRACON& Tower with Radar,217,32,38,0,287,0,0,0,0,0,217,32,38,0,287,0,0,0,287
12/28/2022,IND,IN,AGL,CE,Combined TRACON& Tower with Radar,441,53,43,0,537,0,126,4,0,130,441,179,47,0,667,0,0,0,667
12/29/2022,IND,IN,AGL,CE,Combined TRACON& Tower with Radar,417,45,23,0,485,0,2,2,0,4,417,47,25,0,489,0,0,0,489
12/30/2022,IND,IN,AGL,CE,Combined TRACON& Tower with Radar,384,47,23,0,454,0,0,0,0,0,384,47,23,0,454,0,0,0,454
12/31/2022,IND,IN,AGL,CE,Combined TRACON& Tower with Radar,243,21,14,0,278,0,25,1,0,26,243,46,15,0,304,0,0,0,304
01/01/2023,IND,IN,AGL,CE,Combined TRACON& Tower with Radar,176,17,12,0,205,0,0,0,0,0,176,17,12,0,205,0,0,0,205
01/02/2023,IND,IN,AGL,CE,Combined TRACON& Tower with Radar,214,36,30,0,280,0,0,0,0,0,214,36,30,0,280,0,0,0,280
01/03/2023,IND,IN,AGL,CE,Combined TRACON& Tower with Radar,260,64,51,0,375,0,3,4,0,7,260,67,55,0,382,0,0,0,382
01/04/2023,IND,IN,AGL,CE,Combined TRACON& Tower with Radar,402,54,33,0,489,0,165,4,0,169,402,219,37,0,658,0,0,0,658
01/05/2023,IND,IN,AGL,CE,Combined TRACON& Tower with Radar,391,44,19,0,454,0,52,2,0,54,391,96,21,0,508,0,0,0,508
01/06/2023,IND,IN,AGL,CE,Combined TRACON& Tower with Radar,364,42,25,0,431,0,23,2,0,25,364,65,27,0,456,0,0,0,456
01/07/2023,IND,IN,AGL,CE,Combined TRACON& Tower with Radar,252,49,18,0,319,0,90,7,0,97,252,139,25,0,416,0,0,0,416
01/08/2023,IND,IN,AGL,CE,Combined TRACON& Tower with Radar,238,24,17,0,279,0,17,0,0,17,238,41,17,0,296,0,0,0,296
01/09/2023,IND,IN,AGL,CE,Combined TRACON& Tower with Radar,262,36,30,6,334,0,100,6,0,106,262,136,36,6,440,0,0,0,440
01/10/2023,IND,IN,AGL,CE,Combined TRACON& Tower with Radar,430,42,42,1,515,0,151,10,0,161,430,193,52,1,676,0,0,0,676
01/11/2023,IND,IN,AGL,CE,Combined TRACON& Tower with Radar,404,48,32,0,484,0,1,1,0,2,404,49,33,0,486,0,0,0,486
01/12/2023,IND,IN,AGL,CE,Combined TRACON& Tower with Radar,436,45,42,2,525,0,0,0,0,0,436,45,42,2,525,0,0,0,525
01/13/2023,IND,IN,AGL,CE,Combined TRACON& Tower with Radar,409,42,46,9,506,0,0,0,0,0,409,42,46,9,506,0,0,0,506
01/14/2023,IND,IN,AGL,CE,Combined TRACON& Tower with Radar,251,27,12,1,291,0,21,12,0,33,251,48,24,1,324,0,0,0,324
01/15/2023,IND,IN,AGL,CE,Combined TRACON& Tower with Radar,228,26,10,1,265,0,72,3,0,75,228,98,13,1,340,0,0,0,340
01/16/2023,IND,IN,AGL,CE,Combined TRACON& Tower with Radar,250,39,32,2,323,0,22,0,0,22,250,61,32,2,345,0,0,0,345
01/17/2023,IND,IN,AGL,CE,Combined TRACON& Tower with Radar,432,61,31,3,527,0,55,4,0,59,432,116,35,3,586,0,0,0,586
01/18/2023,IND,IN,AGL,CE,Combined TRACON& Tower with Radar,423,43,41,4,511,0,2,2,0,4,423,45,43,4,515,0,0,0,515
01/19/2023,IND,IN,AGL,CE,Combined TRACON& Tower with Radar,433,42,42,0,517,0,0,0,0,0,433,42,42,0,517,0,0,0,517
01/20/2023,IND,IN,AGL,CE,Combined TRACON& Tower with Radar,402,36,21,2,461,0,4,2,0,6,402,40,23,2,467,0,0,0,467
01/21/2023,IND,IN,AGL,CE,Combined TRACON& Tower with Radar,263,39,5,0,307,0,1,2,0,3,263,40,7,0,310,0,0,0,310
01/22/2023,IND,IN,AGL,CE,Combined TRACON& Tower with Radar,248,21,23,1,293,0,0,0,0,0,248,21,23,1,293,0,0,0,293
01/23/2023,IND,IN,AGL,CE,Combined TRACON& Tower with Radar,258,18,32,8,316,0,8,3,0,11,258,26,35,8,327,0,0,0,327
01/24/2023,IND,IN,AGL,CE,Combined TRACON& Tower with Radar,432,44,54,2,532,0,156,13,0,169,432,200,67,2,701,0,0,0,701
01/25/2023,IND,IN,AGL,CE,Combined TRACON& Tower with Radar,299,25,19,0,343,0,0,0,0,0,299,25,19,0,343,0,0,0,343
01/26/2023,IND,IN,AGL,CE,Combined TRACON& Tower with Radar,368,52,52,3,475,0,0,0,2,2,368,52,52,5,477,0,0,0,477
01/27/2023,IND,IN,AGL,CE,Combined TRACON& Tower with Radar,423,46,30,2,501,0,91,5,1,97,423,137,35,3,598,0,0,0,598
01/28/2023,IND,IN,AGL,CE,Combined TRACON& Tower with Radar,273,33,27,0,333,0,100,4,0,104,273,133,31,0,437,0,0,0,437
01/29/2023,IND,IN,AGL,CE,Combined TRACON& Tower with Radar,245,26,14,0,285,0,0,0,0,0,245,26,14,0,285,0,0,0,285
01/30/2023,IND,IN,AGL,CE,Combined TRACON& Tower with Radar,248,40,51,2,341,0,0,1,0,1,248,40,52,2,342,0,0,0,342
01/31/2023,IND,IN,AGL,CE,Combined TRACON& Tower with Radar,364,39,37,4,444,0,157,12,0,169,364,196,49,4,613,0,0,0,613
02/01/2023,IND,IN,AGL,CE,Combined TRACON& Tower with Radar,377,45,38,0,460,0,150,10,0,160,377,195,48,0,620,0,0,0,620
02/02/2023,IND,IN,AGL,CE,Combined TRACON& Tower with Radar,377,63,40,5,485,0,137,5,1,143,377,200,45,6,628,0,0,0,628
02/03/2023,IND,IN,AGL,CE,Combined TRACON& Tower with Radar,359,50,22,2,433,0,101,11,0,112,359,151,33,2,545,0,0,0,545
02/04/2023,IND,IN,AGL,CE,Combined TRACON& Tower with Radar,256,30,19,2,307,0,26,3,0,29,256,56,22,2,336,0,0,0,336
02/05/2023,IND,IN,AGL,CE,Combined TRACON& Tower with Radar,248,23,18,3,292,0,19,11,0,30,248,42,29,3,322,0,0,0,322
02/06/2023,IND,IN,AGL,CE,Combined TRACON& Tower with Radar,268,30,43,2,343,0,79,4,0,83,268,109,47,2,426,0,0,0,426
02/07/2023,IND,IN,AGL,CE,Combined TRACON& Tower with Radar,375,43,35,2,455,0,10,1,0,11,375,53,36,2,466,0,0,0,466
02/08/2023,IND,IN,AGL,CE,Combined TRACON& Tower with Radar,374,48,49,2,473,0,90,2,1,93,374,138,51,3,566,0,0,0,566
02/09/2023,IND,IN,AGL,CE,Combined TRACON& Tower with Radar,374,47,42,2,465,0,0,0,0,0,374,47,42,2,465,0,0,0,465
02/10/2023,IND,IN,AGL,CE,Combined TRACON& Tower with Radar,355,40,36,0,431,0,18,1,0,19,355,58,37,0,450,0,0,0,450
02/11/2023,IND,IN,AGL,CE,Combined TRACON& Tower with Radar,266,20,31,0,317,0,64,8,0,72,266,84,39,0,389,0,0,0,389
02/12/2023,IND,IN,AGL,CE,Combined TRACON& Tower with Radar,242,31,17,0,290,0,38,13,0,51,242,69,30,0,341,0,0,0,341
02/13/2023,IND,IN,AGL,CE,Combined TRACON& Tower with Radar,262,36,29,2,329,0,115,9,0,124,262,151,38,2,453,0,0,0,453
02/14/2023,IND,IN,AGL,CE,Combined TRACON& Tower with Radar,365,37,26,5,433,0,102,3,0,105,365,139,29,5,538,0,0,0,538
02/15/2023,IND,IN,AGL,CE,Combined TRACON& Tower with Radar,404,38,49,6,497,1,27,0,0,28,405,65,49,6,525,0,0,0,525
02/16/2023,IND,IN,AGL,CE,Combined TRACON& Tower with Radar,376,46,43,2,467,0,0,0,0,0,376,46,43,2,467,0,0,0,467
02/17/2023,IND,IN,AGL,CE,Combined TRACON& Tower with Radar,356,41,22,2,421,0,15,1,0,16,356,56,23,2,437,0,0,0,437
02/18/2023,IND,IN,AGL,CE,Combined TRACON& Tower with Radar,252,30,15,0,297,0,87,6,0,93,252,117,21,0,390,0,0,0,390
02/19/2023,IND,IN,AGL,CE,Combined TRACON& Tower with Radar,251,26,14,0,291,0,55,13,0,68,251,81,27,0,359,0,0,0,359
02/20/2023,IND,IN,AGL,CE,Combined TRACON& Tower with Radar,270,59,45,0,374,0,150,9,0,159,270,209,54,0,533,0,0,0,533
02/21/2023,IND,IN,AGL,CE,Combined TRACON& Tower with Radar,378,61,36,6,481,0,101,5,0,106,378,162,41,6,587,0,0,0,587
02/22/2023,IND,IN,AGL,CE,Combined TRACON& Tower with Radar,374,51,49,2,476,0,0,1,0,1,374,51,50,2,477,0,0,0,477
02/23/2023,IND,IN,AGL,CE,Combined TRACON& Tower with Radar,379,53,31,4,467,0,57,0,0,57,379,110,31,4,524,0,0,0,524
02/24/2023,IND,IN,AGL,CE,Combined TRACON& Tower with Radar,375,45,38,7,465,0,151,6,0,157,375,196,44,7,622,0,0,0,622
02/25/2023,IND,IN,AGL,CE,Combined TRACON& Tower with Radar,266,23,20,1,310,0,75,4,0,79,266,98,24,1,389,0,0,0,389
02/26/2023,IND,IN,AGL,CE,Combined TRACON& Tower with Radar,257,32,31,0,320,0,76,6,0,82,257,108,37,0,402,0,0,0,402
02/27/2023,IND,IN,AGL,CE,Combined TRACON& Tower with Radar,271,38,42,3,354,0,0,0,0,0,271,38,42,3,354,0,0,0,354
02/28/2023,IND,IN,AGL,CE,Combined TRACON& Tower with Radar,380,73,41,4,498,0,78,10,2,90,380,151,51,6,588,0,0,0,588
03/01/2023,IND,IN,AGL,CE,Combined TRACON& Tower with Radar,377,61,27,0,465,0,147,17,2,166,377,208,44,2,631,0,0,0,631
03/02/2023,IND,IN,AGL,CE,Combined TRACON& Tower with Radar,376,72,33,3,484,0,160,13,5,178,376,232,46,8,662,0,0,0,662
03/03/2023,IND,IN,AGL,CE,Combined TRACON& Tower with Radar,366,53,28,0,447,0,0,0,0,0,366,53,28,0,447,0,0,0,447
03/04/2023,IND,IN,AGL,CE,Combined TRACON& Tower with Radar,257,36,15,2,310,0,61,9,0,70,257,97,24,2,380,0,0,0,380
03/05/2023,IND,IN,AGL,CE,Combined TRACON& Tower with Radar,261,30,40,0,331,0,86,6,0,92,261,116,46,0,423,0,0,0,423
03/06/2023,IND,IN,AGL,CE,Combined TRACON& Tower with Radar,263,40,36,6,345,0,108,3,0,111,263,148,39,6,456,0,0,0,456
03/07/2023,IND,IN,AGL,CE,Combined TRACON& Tower with Radar,388,57,58,7,510,0,56,6,0,62,388,113,64,7,572,0,0,0,572
03/08/2023,IND,IN,AGL,CE,Combined TRACON& Tower with Radar,385,43,59,4,491,0,149,7,0,156,385,192,66,4,647,0,0,0,647
03/09/2023,IND,IN,AGL,CE,Combined TRACON& Tower with Radar,388,50,58,5,501,0,116,3,1,120,388,166,61,6,621,0,0,0,621
03/10/2023,IND,IN,AGL,CE,Combined TRACON& Tower with Radar,380,35,33,5,453,0,0,1,0,1,380,35,34,5,454,0,0,0,454
03/11/2023,IND,IN,AGL,CE,Combined TRACON& Tower with Radar,289,24,14,1,328,0,41,10,0,51,289,65,24,1,379,0,0,0,379
03/12/2023,IND,IN,AGL,CE,Combined TRACON& Tower with Radar,260,19,14,0,293,0,0,0,0,0,260,19,14,0,293,0,0,0,293
03/13/2023,IND,IN,AGL,CE,Combined TRACON& Tower with Radar,275,28,35,2,340,0,0,0,0,0,275,28,35,2,340,0,0,0,340
03/14/2023,IND,IN,AGL,CE,Combined TRACON& Tower with Radar,385,44,41,3,473,0,198,7,0,205,385,242,48,3,678,0,0,0,678
03/15/2023,IND,IN,AGL,CE,Combined TRACON& Tower with Radar,398,45,38,3,484,0,225,16,1,242,398,270,54,4,726,0,0,0,726
03/16/2023,IND,IN,AGL,CE,Combined TRACON& Tower with Radar,396,51,48,2,497,0,55,8,1,64,396,106,56,3,561,0,0,0,561
03/17/2023,IND,IN,AGL,CE,Combined TRACON& Tower with Radar,386,45,26,2,459,0,6,2,0,8,386,51,28,2,467,0,0,0,467
03/18/2023,IND,IN,AGL,CE,Combined TRACON& Tower with Radar,299,20,20,0,339,0,1,1,0,2,299,21,21,0,341,0,0,0,341
03/19/2023,IND,IN,AGL,CE,Combined TRACON& Tower with Radar,283,29,26,0,338,0,126,9,0,135,283,155,35,0,473,0,0,0,473
03/20/2023,IND,IN,AGL,CE,Combined TRACON& Tower with Radar,297,51,37,0,385,0,188,9,0,197,297,239,46,0,582,0,0,0,582
03/21/2023,IND,IN,AGL,CE,Combined TRACON& Tower with Radar,384,49,33,5,471,0,208,7,0,215,384,257,40,5,686,0,0,0,686
03/22/2023,IND,IN,AGL,CE,Combined TRACON& Tower with Radar,405,52,41,4,502,0,0,0,0,0,405,52,41,4,502,0,0,0,502
03/23/2023,IND,IN,AGL,CE,Combined TRACON& Tower with Radar,396,59,38,5,498,0,0,1,0,1,396,59,39,5,499,0,0,0,499
03/24/2023,IND,IN,AGL,CE,Combined TRACON& Tower with Radar,388,56,49,1,494,0,0,0,0,0,388,56,49,1,494,0,0,0,494
03/25/2023,IND,IN,AGL,CE,Combined TRACON& Tower with Radar,312,31,30,1,374,0,10,1,0,11,312,41,31,1,385,0,0,0,385
03/26/2023,IND,IN,AGL,CE,Combined TRACON& Tower with Radar,273,36,33,3,345,0,186,11,0,197,273,222,44,3,542,0,0,0,542
03/27/2023,IND,IN,AGL,CE,Combined TRACON& Tower with Radar,296,29,34,3,362,0,4,0,0,4,296,33,34,3,366,0,0,0,366
03/28/2023,IND,IN,AGL,CE,Combined TRACON& Tower with Radar,385,45,43,7,480,0,240,10,0,250,385,285,53,7,730,0,0,0,730
03/29/2023,IND,IN,AGL,CE,Combined TRACON& Tower with Radar,403,47,39,0,489,0,206,6,0,212,403,253,45,0,701,0,0,0,701
03/30/2023,IND,IN,AGL,CE,Combined TRACON& Tower with Radar,394,47,40,4,485,0,251,6,0,257,394,298,46,4,742,0,0,0,742
03/31/2023,IND,IN,AGL,CE,Combined TRACON& Tower with Radar,377,51,48,0,476,0,0,0,0,0,377,51,48,0,476,0,0,0,476
04/01/2023,IND,IN,AGL,CE,Combined TRACON& Tower with Radar,330,35,27,5,397,0,6,2,1,9,330,41,29,6,406,0,0,0,406
04/02/2023,IND,IN,AGL,CE,Combined TRACON& Tower with Radar,278,40,33,0,351,0,157,9,0,166,278,197,42,0,517,0,0,0,517
04/03/2023,IND,IN,AGL,CE,Combined TRACON& Tower with Radar,301,48,25,0,374,0,130,5,0,135,301,178,30,0,509,0,0,0,509
04/04/2023,IND,IN,AGL,CE,Combined TRACON& Tower with Radar,407,64,33,2,506,0,32,3,0,35,407,96,36,2,541,0,0,0,541
04/05/2023,IND,IN,AGL,CE,Combined TRACON& Tower with Radar,386,34,26,1,447,0,2,2,0,4,386,36,28,1,451,0,0,0,451
04/06/2023,IND,IN,AGL,CE,Combined TRACON& Tower with Radar,394,56,55,1,506,0,254,11,0,265,394,310,66,1,771,0,0,0,771
04/07/2023,IND,IN,AGL,CE,Combined TRACON& Tower with Radar,370,34,28,0,432,0,211,20,0,231,370,245,48,0,663,0,0,0,663
04/08/2023,IND,IN,AGL,CE,Combined TRACON& Tower with Radar,283,29,19,0,331,0,117,15,0,132,283,146,34,0,463,0,0,0,463
04/09/2023,IND,IN,AGL,CE,Combined TRACON& Tower with Radar,270,29,8,0,307,0,74,8,0,82,270,103,16,0,389,0,0,0,389
04/10/2023,IND,IN,AGL,CE,Combined TRACON& Tower with Radar,286,48,48,0,382,0,195,15,0,210,286,243,63,0,592,0,0,0,592
04/11/2023,IND,IN,AGL,CE,Combined TRACON& Tower with Radar,384,33,44,5,466,0,196,19,0,215,384,229,63,5,681,0,0,0,681
04/12/2023,IND,IN,AGL,CE,Combined TRACON& Tower with Radar,376,41,49,0,466,0,201,12,0,213,376,242,61,0,679,0,0,0,679
04/13/2023,IND,IN,AGL,CE,Combined TRACON& Tower with Radar,386,55,48,5,494,0,216,14,1,231,386,271,62,6,725,0,0,0,725
04/14/2023,IND,IN,AGL,CE,Combined TRACON& Tower with Radar,366,37,38,1,442,0,165,4,1,170,366,202,42,2,612,0,0,0,612
04/15/2023,IND,IN,AGL,CE,Combined TRACON& Tower with Radar,262,24,26,0,312,0,146,7,0,153,262,170,33,0,465,0,0,0,465
04/16/2023,IND,IN,AGL,CE,Combined TRACON& Tower with Radar,262,27,26,2,317,0,4,0,0,4,262,31,26,2,321,0,0,0,321
04/17/2023,IND,IN,AGL,CE,Combined TRACON& Tower with Radar,287,32,26,3,348,0,16,2,0,18,287,48,28,3,366,0,0,0,366
04/18/2023,IND,IN,AGL,CE,Combined TRACON& Tower with Radar,393,38,34,3,468,0,248,10,1,259,393,286,44,4,727,0,0,0,727
04/19/2023,IND,IN,AGL,CE,Combined TRACON& Tower with Radar,380,63,49,4,496,0,197,7,3,207,380,260,56,7,703,0,0,0,703
04/20/2023,IND,IN,AGL,CE,Combined TRACON& Tower with Radar,404,47,40,2,493,0,106,17,0,123,404,153,57,2,616,0,0,0,616
04/21/2023,IND,IN,AGL,CE,Combined TRACON& Tower with Radar,370,39,40,1,450,0,57,6,2,65,370,96,46,3,515,0,0,0,515
04/22/2023,IND,IN,AGL,CE,Combined TRACON& Tower with Radar,246,33,19,3,301,0,92,4,0,96,246,125,23,3,397,0,0,0,397
04/23/2023,IND,IN,AGL,CE,Combined TRACON& Tower with Radar,255,44,29,4,332,0,113,9,0,122,255,157,38,4,454,0,0,0,454
04/24/2023,IND,IN,AGL,CE,Combined TRACON& Tower with Radar,287,35,41,3,366,0,186,5,0,191,287,221,46,3,557,0,0,0,557
04/25/2023,IND,IN,AGL,CE,Combined TRACON& Tower with Radar,381,46,26,2,455,0,177,4,0,181,381,223,30,2,636,0,0,0,636
04/26/2023,IND,IN,AGL,CE,Combined TRACON& Tower with Radar,393,47,56,3,499,0,189,13,1,203,393,236,69,4,702,0,0,0,702
04/27/2023,IND,IN,AGL,CE,Combined TRACON& Tower with Radar,401,47,59,0,507,0,197,5,2,204,401,244,64,2,711,0,0,0,711
04/28/2023,IND,IN,AGL,CE,Combined TRACON& Tower with Radar,369,67,50,4,490,0,5,3,0,8,369,72,53,4,498,0,0,0,498
04/29/2023,IND,IN,AGL,CE,Combined TRACON& Tower with Radar,260,19,14,1,294,0,78,3,1,82,260,97,17,2,376,0,0,0,376
04/30/2023,IND,IN,AGL,CE,Combined TRACON& Tower with Radar,247,53,26,0,326,0,3,6,0,9,247,56,32,0,335,0,0,0,335
05/01/2023,IND,IN,AGL,CE,Combined TRACON& Tower with Radar,281,28,35,2,346,0,0,2,0,2,281,28,37,2,348,0,0,0,348
05/02/2023,IND,IN,AGL,CE,Combined TRACON& Tower with Radar,384,48,36,2,470,0,86,4,0,90,384,134,40,2,560,0,0,0,560
05/03/2023,IND,IN,AGL,CE,Combined TRACON& Tower with Radar,384,57,50,12,503,0,157,12,6,175,384,214,62,18,678,0,0,0,678
05/04/2023,IND,IN,AGL,CE,Combined TRACON& Tower with Radar,388,48,49,3,488,0,240,11,0,251,388,288,60,3,739,0,0,0,739
05/05/2023,IND,IN,AGL,CE,Combined TRACON& Tower with Radar,370,48,46,2,466,0,192,10,0,202,370,240,56,2,668,0,0,0,668
05/06/2023,IND,IN,AGL,CE,Combined TRACON& Tower with Radar,273,27,23,0,323,0,107,3,0,110,273,134,26,0,433,0,0,0,433
05/07/2023,IND,IN,AGL,CE,Combined TRACON& Tower with Radar,262,26,27,0,315,0,37,1,0,38,262,63,28,0,353,0,0,0,353
05/08/2023,IND,IN,AGL,CE,Combined TRACON& Tower with Radar,283,44,25,4,356,0,79,1,0,80,283,123,26,4,436,0,0,0,436
05/09/2023,IND,IN,AGL,CE,Combined TRACON& Tower with Radar,385,49,34,5,473,0,180,9,0,189,385,229,43,5,662,0,0,0,662
05/10/2023,IND,IN,AGL,CE,Combined TRACON& Tower with Radar,383,54,48,4,489,0,191,16,1,208,383,245,64,5,697,0,0,0,697
05/11/2023,IND,IN,AGL,CE,Combined TRACON& Tower with Radar,395,43,46,4,488,0,175,13,0,188,395,218,59,4,676,0,0,0,676
05/12/2023,IND,IN,AGL,CE,Combined TRACON& Tower with Radar,373,62,32,5,472,0,38,2,0,40,373,100,34,5,512,0,0,0,512
05/13/2023,IND,IN,AGL,CE,Combined TRACON& Tower with Radar,270,37,23,2,332,1,17,6,2,26,271,54,29,4,358,0,0,0,358
05/14/2023,IND,IN,AGL,CE,Combined TRACON& Tower with Radar,272,32,21,0,325,0,131,3,0,134,272,163,24,0,459,0,0,0,459
05/15/2023,IND,IN,AGL,CE,Combined TRACON& Tower with Radar,278,44,40,11,373,0,140,9,0,149,278,184,49,11,522,0,0,0,522
05/16/2023,IND,IN,AGL,CE,Combined TRACON& Tower with Radar,376,57,32,0,465,0,75,14,0,89,376,132,46,0,554,0,0,0,554
05/17/2023,IND,IN,AGL,CE,Combined TRACON& Tower with Radar,387,47,44,10,488,0,192,21,0,213,387,239,65,10,701,0,0,0,701
05/18/2023,IND,IN,AGL,CE,Combined TRACON& Tower with Radar,396,55,58,9,518,0,195,8,0,203,396,250,66,9,721,0,0,0,721
05/19/2023,IND,IN,AGL,CE,Combined TRACON& Tower with Radar,360,78,42,2,482,0,110,4,1,115,360,188,46,3,597,0,0,0,597
05/20/2023,IND,IN,AGL,CE,Combined TRACON& Tower with Radar,275,31,39,2,347,0,138,7,2,147,275,169,46,4,494,0,0,0,494
05/21/2023,IND,IN,AGL,CE,Combined TRACON& Tower with Radar,274,30,19,0,323,0,165,9,3,177,274,195,28,3,500,0,0,0,500
05/22/2023,IND,IN,AGL,CE,Combined TRACON& Tower with Radar,279,47,47,2,375,0,179,9,0,188,279,226,56,2,563,0,0,0,563
05/23/2023,IND,IN,AGL,CE,Combined TRACON& Tower with Radar,378,32,37,7,454,0,181,7,0,188,378,213,44,7,642,0,0,0,642
05/24/2023,IND,IN,AGL,CE,Combined TRACON& Tower with Radar,383,48,40,7,478,0,163,8,3,174,383,211,48,10,652,0,0,0,652
05/25/2023,IND,IN,AGL,CE,Combined TRACON& Tower with Radar,413,56,45,1,515,0,142,3,4,149,413,198,48,5,664,0,0,0,664
05/26/2023,IND,IN,AGL,CE,Combined TRACON& Tower with Radar,389,67,85,2,543,0,171,21,0,192,389,238,106,2,735,0,0,0,735
05/27/2023,IND,IN,AGL,CE,Combined TRACON& Tower with Radar,287,35,49,0,371,0,146,9,4,159,287,181,58,4,530,0,0,0,530
05/28/2023,IND,IN,AGL,CE,Combined TRACON& Tower with Radar,251,97,102,2,452,0,108,95,3,206,251,205,197,5,658,0,0,0,658
05/29/2023,IND,IN,AGL,CE,Combined TRACON& Tower with Radar,287,36,54,2,379,0,121,8,0,129,287,157,62,2,508,0,0,0,508
05/30/2023,IND,IN,AGL,CE,Combined TRACON& Tower with Radar,269,31,36,1,337,1,189,4,0,194,270,220,40,1,531,0,0,0,531
05/31/2023,IND,IN,AGL,CE,Combined TRACON& Tower with Radar,395,42,37,0,474,0,115,9,0,124,395,157,46,0,598,0,0,0,598
06/01/2023,IND,IN,AGL,CE,Combined TRACON& Tower with Radar,402,46,31,0,479,0,192,9,0,201,402,238,40,0,680,0,0,0,680
06/02/2023,IND,IN,AGL,CE,Combined TRACON& Tower with Radar,379,31,34,13,457,0,162,6,6,174,379,193,40,19,631,0,0,0,631
06/03/2023,IND,IN,AGL,CE,Combined TRACON& Tower with Radar,266,28,11,0,305,0,131,3,0,134,266,159,14,0,439,0,0,0,439
06/04/2023,IND,IN,AGL,CE,Combined TRACON& Tower with Radar,275,23,27,0,325,0,126,3,5,134,275,149,30,5,459,0,0,0,459
06/05/2023,IND,IN,AGL,CE,Combined TRACON& Tower with Radar,294,47,36,2,379,0,147,8,0,155,294,194,44,2,534,0,0,0,534
06/06/2023,IND,IN,AGL,CE,Combined TRACON& Tower with Radar,386,51,34,2,473,0,180,2,0,182,386,231,36,2,655,0,0,0,655
06/07/2023,IND,IN,AGL,CE,Combined TRACON& Tower with Radar,401,54,28,0,483,0,134,9,0,143,401,188,37,0,626,0,0,0,626
06/08/2023,IND,IN,AGL,CE,Combined TRACON& Tower with Radar,400,40,49,4,493,0,165,9,0,174,400,205,58,4,667,0,0,0,667
06/09/2023,IND,IN,AGL,CE,Combined TRACON& Tower with Radar,378,31,39,3,451,0,161,10,1,172,378,192,49,4,623,0,0,0,623
06/10/2023,IND,IN,AGL,CE,Combined TRACON& Tower with Radar,273,25,14,0,312,1,125,13,0,139,274,150,27,0,451,0,0,0,451
06/11/2023,IND,IN,AGL,CE,Combined TRACON& Tower with Radar,280,29,22,0,331,0,9,2,0,11,280,38,24,0,342,0,0,0,342
06/12/2023,IND,IN,AGL,CE,Combined TRACON& Tower with Radar,286,47,30,4,367,0,49,10,0,59,286,96,40,4,426,0,0,0,426
06/13/2023,IND,IN,AGL,CE,Combined TRACON& Tower with Radar,403,53,46,2,504,0,128,2,0,130,403,181,48,2,634,0,0,0,634
06/14/2023,IND,IN,AGL,CE,Combined TRACON& Tower with Radar,410,71,38,8,527,0,152,7,0,159,410,223,45,8,686,0,0,0,686
06/15/2023,IND,IN,AGL,CE,Combined TRACON& Tower with Radar,401,53,47,6,507,0,200,2,0,202,401,253,49,6,709,0,0,0,709
06/16/2023,IND,IN,AGL,CE,Combined TRACON& Tower with Radar,378,103,37,3,521,0,58,0,0,58,378,161,37,3,579,0,0,0,579
06/17/2023,IND,IN,AGL,CE,Combined TRACON& Tower with Radar,290,54,22,0,366,0,171,2,0,173,290,225,24,0,539,0,0,0,539
06/18/2023,IND,IN,AGL,CE,Combined TRACON& Tower with Radar,277,34,30,0,341,0,155,5,2,162,277,189,35,2,503,0,0,0,503
06/19/2023,IND,IN,AGL,CE,Combined TRACON& Tower with Radar,291,33,39,1,364,0,129,1,0,130,291,162,40,1,494,0,0,0,494
06/20/2023,IND,IN,AGL,CE,Combined TRACON& Tower with Radar,387,48,37,1,473,0,157,3,0,160,387,205,40,1,633,0,0,0,633
06/21/2023,IND,IN,AGL,CE,Combined TRACON& Tower with Radar,397,57,27,4,485,0,172,14,0,186,397,229,41,4,671,0,0,0,671
06/22/2023,IND,IN,AGL,CE,Combined TRACON& Tower with Radar,395,55,51,6,507,1,190,4,0,195,396,245,55,6,702,0,0,0,702
06/23/2023,IND,IN,AGL,CE,Combined TRACON& Tower with Radar,374,55,30,0,459,0,147,5,0,152,374,202,35,0,611,0,0,0,611
06/24/2023,IND,IN,AGL,CE,Combined TRACON& Tower with Radar,297,51,15,0,363,0,179,9,0,188,297,230,24,0,551,0,0,0,551
06/25/2023,IND,IN,AGL,CE,Combined TRACON& Tower with Radar,290,31,22,0,343,0,41,0,1,42,290,72,22,1,385,0,0,0,385
06/26/2023,IND,IN,AGL,CE,Combined TRACON& Tower with Radar,278,62,46,6,392,0,61,3,0,64,278,123,49,6,456,0,0,0,456
06/27/2023,IND,IN,AGL,CE,Combined TRACON& Tower with Radar,364,118,61,2,545,0,7,0,0,7,364,125,61,2,552,0,0,0,552
06/28/2023,IND,IN,AGL,CE,Combined TRACON& Tower with Radar,404,81,60,2,547,0,0,0,0,0,404,81,60,2,547,0,0,0,547
06/29/2023,IND,IN,AGL,CE,Combined TRACON& Tower with Radar,398,65,49,2,514,0,24,1,0,25,398,89,50,2,539,0,0,0,539
06/30/2023,IND,IN,AGL,CE,Combined TRACON& Tower with Radar,389,40,31,6,466,0,197,2,2,201,389,237,33,8,667,0,0,0,667
07/01/2023,IND,IN,AGL,CE,Combined TRACON& Tower with Radar,284,18,7,1,310,0,66,2,0,68,284,84,9,1,378,0,0,0,378
07/02/2023,IND,IN,AGL,CE,Combined TRACON& Tower with Radar,265,22,8,1,296,0,23,0,0,23,265,45,8,1,319,0,0,0,319
07/03/2023,IND,IN,AGL,CE,Combined TRACON& Tower with Radar,230,45,11,0,286,0,81,3,0,84,230,126,14,0,370,0,0,0,370
07/04/2023,IND,IN,AGL,CE,Combined TRACON& Tower with Radar,243,15,4,0,262,0,1,11,0,12,243,16,15,0,274,0,0,0,274
07/05/2023,IND,IN,AGL,CE,Combined TRACON& Tower with Radar,365,57,29,6,457,0,207,3,0,210,365,264,32,6,667,0,0,0,667
07/06/2023,IND,IN,AGL,CE,Combined TRACON& Tower with Radar,397,98,20,7,522,0,117,5,0,122,397,215,25,7,644,0,0,0,644
07/07/2023,IND,IN,AGL,CE,Combined TRACON& Tower with Radar,362,39,20,7,428,0,213,15,1,229,362,252,35,8,657,0,0,0,657
07/08/2023,IND,IN,AGL,CE,Combined TRACON& Tower with Radar,287,36,17,4,344,0,30,4,0,34,287,66,21,4,378,0,0,0,378
07/09/2023,IND,IN,AGL,CE,Combined TRACON& Tower with Radar,278,33,22,4,337,0,173,9,0,182,278,206,31,4,519,0,0,0,519
07/10/2023,IND,IN,AGL,CE,Combined TRACON& Tower with Radar,286,30,31,7,354,0,194,15,0,209,286,224,46,7,563,0,0,0,563
07/11/2023,IND,IN,AGL,CE,Combined TRACON& Tower with Radar,422,62,55,0,539,0,199,15,0,214,422,261,70,0,753,0,0,0,753
07/12/2023,IND,IN,AGL,CE,Combined TRACON& Tower with Radar,441,49,32,4,526,0,197,10,0,207,441,246,42,4,733,0,0,0,733
07/13/2023,IND,IN,AGL,CE,Combined TRACON& Tower with Radar,424,59,51,0,534,0,112,12,0,124,424,171,63,0,658,0,0,0,658
07/14/2023,IND,IN,AGL,CE,Combined TRACON& Tower with Radar,390,46,23,9,468,0,165,6,3,174,390,211,29,12,642,0,0,0,642
07/15/2023,IND,IN,AGL,CE,Combined TRACON& Tower with Radar,291,32,15,0,338,0,40,4,0,44,291,72,19,0,382,0,0,0,382
07/16/2023,IND,IN,AGL,CE,Combined TRACON& Tower with Radar,263,43,43,0,349,0,97,6,0,103,263,140,49,0,452,0,0,0,452
07/17/2023,IND,IN,AGL,CE,Combined TRACON& Tower with Radar,298,53,39,0,390,0,55,3,0,58,298,108,42,0,448,0,0,0,448
07/18/2023,IND,IN,AGL,CE,Combined TRACON& Tower with Radar,412,76,28,7,523,0,112,3,3,118,412,188,31,10,641,0,0,0,641
07/19/2023,IND,IN,AGL,CE,Combined TRACON& Tower with Radar,422,64,29,8,523,0,179,8,2,189,422,243,37,10,712,0,0,0,712
07/20/2023,IND,IN,AGL,CE,Combined TRACON& Tower with Radar,403,76,48,8,535,0,23,2,0,25,403,99,50,8,560,0,0,0,560
07/21/2023,IND,IN,AGL,CE,Combined TRACON& Tower with Radar,392,64,27,6,489,0,148,6,2,156,392,212,33,8,645,0,0,0,645
07/22/2023,IND,IN,AGL,CE,Combined TRACON& Tower with Radar,305,29,18,7,359,0,188,10,0,198,305,217,28,7,557,0,0,0,557
07/23/2023,IND,IN,AGL,CE,Combined TRACON& Tower with Radar,277,30,32,4,343,0,155,7,0,162,277,185,39,4,505,0,0,0,505
07/24/2023,IND,IN,AGL,CE,Combined TRACON& Tower with Radar,307,65,36,9,417,0,101,5,2,108,307,166,41,11,525,0,0,0,525
07/25/2023,IND,IN,AGL,CE,Combined TRACON& Tower with Radar,412,44,52,7,515,0,206,8,0,214,412,250,60,7,729,0,0,0,729
07/26/2023,IND,IN,AGL,CE,Combined TRACON& Tower with Radar,413,51,46,0,510,0,114,4,1,119,413,165,50,1,629,0,0,0,629
07/27/2023,IND,IN,AGL,CE,Combined TRACON& Tower with Radar,409,74,50,3,536,0,56,5,0,61,409,130,55,3,597,0,0,0,597
07/28/2023,IND,IN,AGL,CE,Combined TRACON& Tower with Radar,429,53,33,7,522,0,136,5,0,141,429,189,38,7,663,0,0,0,663
07/29/2023,IND,IN,AGL,CE,Combined TRACON& Tower with Radar,302,44,16,0,362,0,147,9,0,156,302,191,25,0,518,0,0,0,518
07/30/2023,IND,IN,AGL,CE,Combined TRACON& Tower with Radar,284,36,14,0,334,0,169,6,0,175,284,205,20,0,509,0,0,0,509
07/31/2023,IND,IN,AGL,CE,Combined TRACON& Tower with Radar,299,39,30,4,372,0,209,9,2,220,299,248,39,6,592,0,0,0,592
08/01/2023,IND,IN,AGL,CE,Combined TRACON& Tower with Radar,417,47,36,2,502,0,235,9,2,246,417,282,45,4,748,0,0,0,748
08/02/2023,IND,IN,AGL,CE,Combined TRACON& Tower with Radar,412,63,24,9,508,0,199,11,0,210,412,262,35,9,718,0,0,0,718
08/03/2023,IND,IN,AGL,CE,Combined TRACON& Tower with Radar,408,38,41,2,489,0,176,11,3,190,408,214,52,5,679,0,0,0,679
08/04/2023,IND,IN,AGL,CE,Combined TRACON& Tower with Radar,384,32,20,0,436,0,182,10,0,192,384,214,30,0,628,0,0,0,628
08/05/2023,IND,IN,AGL,CE,Combined TRACON& Tower with Radar,277,18,11,0,306,0,82,3,0,85,277,100,14,0,391,0,0,0,391
08/06/2023,IND,IN,AGL,CE,Combined TRACON& Tower with Radar,270,55,30,1,356,0,32,3,0,35,270,87,33,1,391,0,0,0,391
08/07/2023,IND,IN,AGL,CE,Combined TRACON& Tower with Radar,260,59,22,8,349,0,13,0,1,14,260,72,22,9,363,0,0,0,363
08/08/2023,IND,IN,AGL,CE,Combined TRACON& Tower with Radar,412,48,39,4,503,0,170,8,0,178,412,218,47,4,681,0,0,0,681
08/09/2023,IND,IN,AGL,CE,Combined TRACON& Tower with Radar,408,67,41,9,525,0,33,0,0,33,408,100,41,9,558,0,0,0,558
08/10/2023,IND,IN,AGL,CE,Combined TRACON& Tower with Radar,403,97,54,4,558,0,82,8,0,90,403,179,62,4,648,0,0,0,648
08/11/2023,IND,IN,AGL,CE,Combined TRACON& Tower with Radar,380,83,61,1,525,0,147,9,1,157,380,230,70,2,682,0,0,0,682
08/12/2023,IND,IN,AGL,CE,Combined TRACON& Tower with Radar,279,62,58,0,399,0,129,13,3,145,279,191,71,3,544,0,0,0,544
08/13/2023,IND,IN,AGL,CE,Combined TRACON& Tower with Radar,276,41,65,0,382,0,179,20,1,200,276,220,85,1,582,0,0,0,582
08/14/2023,IND,IN,AGL,CE,Combined TRACON& Tower with Radar,300,25,34,2,361,0,10,2,0,12,300,35,36,2,373,0,0,0,373
08/15/2023,IND,IN,AGL,CE,Combined TRACON& Tower with Radar,404,62,45,2,513,0,12,3,0,15,404,74,48,2,528,0,0,0,528
08/16/2023,IND,IN,AGL,CE,Combined TRACON& Tower with Radar,397,22,36,3,458,0,248,8,1,257,397,270,44,4,715,0,0,0,715
08/17/2023,IND,IN,AGL,CE,Combined TRACON& Tower with Radar,416,55,49,0,520,0,117,7,0,124,416,172,56,0,644,0,0,0,644
08/18/2023,IND,IN,AGL,CE,Combined TRACON& Tower with Radar,381,56,28,5,470,0,266,7,0,273,381,322,35,5,743,0,0,0,743
08/19/2023,IND,IN,AGL,CE,Combined TRACON& Tower with Radar,283,21,9,3,316,0,222,5,0,227,283,243,14,3,543,0,0,0,543
08/20/2023,IND,IN,AGL,CE,Combined TRACON& Tower with Radar,255,53,34,3,345,0,145,5,2,152,255,198,39,5,497,0,0,0,497
08/21/2023,IND,IN,AGL,CE,Combined TRACON& Tower with Radar,296,60,28,9,393,0,167,4,0,171,296,227,32,9,564,0,0,0,564
08/22/2023,IND,IN,AGL,CE,Combined TRACON& Tower with Radar,391,52,39,5,487,0,202,3,0,205,391,254,42,5,692,0,0,0,692
08/23/2023,IND,IN,AGL,CE,Combined TRACON& Tower with Radar,395,56,31,2,484,0,141,7,1,149,395,197,38,3,633,0,0,0,633
08/24/2023,IND,IN,AGL,CE,Combined TRACON& Tower with Radar,397,79,30,6,512,0,77,3,1,81,397,156,33,7,593,0,0,0,593
08/25/2023,IND,IN,AGL,CE,Combined TRACON& Tower with Radar,388,72,31,0,491,0,93,5,0,98,388,165,36,0,589,0,0,0,589
08/26/2023,IND,IN,AGL,CE,Combined TRACON& Tower with Radar,281,25,8,0,314,0,86,3,0,89,281,111,11,0,403,0,0,0,403
08/27/2023,IND,IN,AGL,CE,Combined TRACON& Tower with Radar,263,41,27,0,331,0,85,2,0,87,263,126,29,0,418,0,0,0,418
08/28/2023,IND,IN,AGL,CE,Combined TRACON& Tower with Radar,284,38,22,5,349,0,183,10,0,193,284,221,32,5,542,0,0,0,542
08/29/2023,IND,IN,AGL,CE,Combined TRACON& Tower with Radar,397,42,38,2,479,0,215,8,0,223,397,257,46,2,702,0,0,0,702
08/30/2023,IND,IN,AGL,CE,Combined TRACON& Tower with Radar,393,63,49,6,511,0,143,8,0,151,393,206,57,6,662,0,0,0,662
08/31/2023,IND,IN,AGL,CE,Combined TRACON& Tower with Radar,395,53,42,2,492,0,174,5,0,179,395,227,47,2,671,0,0,0,671
