01/01/2000,INT,NC,ASO,ES,Federal Contract Tower,0,1,15,0,16,0,1,1,0,2,0,2,16,0,18,14,0,14,32
01/02/2000,INT,NC,ASO,ES,Federal Contract Tower,0,4,40,0,44,0,2,14,0,16,0,6,54,0,60,28,0,28,88
01/03/2000,INT,NC,ASO,ES,Federal Contract Tower,0,4,41,0,45,0,4,41,0,45,0,8,82,0,90,64,0,64,154
01/04/2000,INT,NC,ASO,ES,Federal Contract Tower,1,3,31,0,35,0,3,0,0,3,1,6,31,0,38,0,0,0,38
01/05/2000,INT,NC,ASO,ES,Federal Contract Tower,1,4,53,0,58,3,6,85,0,94,4,10,138,0,152,156,0,156,308
01/06/2000,INT,NC,ASO,ES,Federal Contract Tower,1,4,42,0,47,4,4,104,0,112,5,8,146,0,159,118,0,118,277
01/07/2000,INT,NC,ASO,ES,Federal Contract Tower,0,4,51,0,55,0,7,89,0,96,0,11,140,0,151,116,0,116,267
01/08/2000,INT,NC,ASO,ES,Federal Contract Tower,0,3,36,0,39,0,1,138,0,139,0,4,174,0,178,106,0,106,284
01/09/2000,INT,NC,ASO,ES,Federal Contract Tower,0,2,26,0,28,0,2,14,0,16,0,4,40,0,44,12,0,12,56
01/10/2000,INT,NC,ASO,ES,Federal Contract Tower,0,3,42,0,45,0,4,12,0,16,0,7,54,0,61,8,0,8,69
01/11/2000,INT,NC,ASO,ES,Federal Contract Tower,0,4,41,0,45,0,0,42,0,42,0,4,83,0,87,12,0,12,99
01/12/2000,INT,NC,ASO,ES,Federal Contract Tower,0,4,70,0,74,0,0,119,0,119,0,4,189,0,193,230,0,230,423
01/13/2000,INT,NC,ASO,ES,Federal Contract Tower,0,6,61,0,67,0,1,29,0,30,0,7,90,0,97,42,0,42,139
01/14/2000,INT,NC,ASO,ES,Federal Contract Tower,0,5,52,0,57,0,4,74,0,78,0,9,126,0,135,90,0,90,225
01/15/2000,INT,NC,ASO,ES,Federal Contract Tower,0,3,35,0,38,0,0,140,0,140,0,3,175,0,178,108,0,108,286
01/16/2000,INT,NC,ASO,ES,Federal Contract Tower,0,1,34,0,35,0,0,44,0,44,0,1,78,0,79,30,0,30,109
01/17/2000,INT,NC,ASO,ES,Federal Contract Tower,0,1,57,0,58,0,0,100,0,100,0,1,157,0,158,70,0,70,228
01/18/2000,INT,NC,ASO,ES,Federal Contract Tower,0,0,28,0,28,0,0,2,0,2,0,0,30,0,30,0,0,0,30
01/19/2000,INT,NC,ASO,ES,Federal Contract Tower,0,0,48,0,48,0,0,55,0,55,0,0,103,0,103,122,0,122,225
01/20/2000,INT,NC,ASO,ES,Federal Contract Tower,0,0,51,0,51,0,0,17,0,17,0,0,68,0,68,2,0,2,70
01/21/2000,INT,NC,ASO,ES,Federal Contract Tower,0,5,58,0,63,0,3,67,0,70,0,8,125,0,133,110,0,110,243
01/22/2000,INT,NC,ASO,ES,Federal Contract Tower,0,0,32,0,32,0,0,47,0,47,0,0,79,0,79,56,0,56,135
01/23/2000,INT,NC,ASO,ES,Federal Contract Tower,0,0,8,0,8,0,1,0,0,1,0,1,8,0,9,0,0,0,9
01/24/2000,INT,NC,ASO,ES,Federal Contract Tower,0,0,35,0,35,0,0,45,0,45,0,0,80,0,80,56,0,56,136
01/25/2000,INT,NC,ASO,ES,Federal Contract Tower,0,2,31,0,33,0,0,15,0,15,0,2,46,0,48,16,0,16,64
01/26/2000,INT,NC,ASO,ES,Federal Contract Tower,0,2,60,0,62,0,0,46,0,46,0,2,106,0,108,54,0,54,162
01/27/2000,INT,NC,ASO,ES,Federal Contract Tower,0,0,60,0,60,0,0,75,0,75,0,0,135,0,135,20,0,20,155
01/28/2000,INT,NC,ASO,ES,Federal Contract Tower,0,0,43,0,43,0,0,81,0,81,0,0,124,0,124,90,0,90,214
01/29/2000,INT,NC,ASO,ES,Federal Contract Tower,0,0,33,0,33,0,0,32,0,32,0,0,65,0,65,62,0,62,127
01/30/2000,INT,NC,ASO,ES,Federal Contract Tower,0,0,1,0,1,0,0,0,0,0,0,0,1,0,1,0,0,0,1
01/31/2000,INT,NC,ASO,ES,Federal Contract Tower,0,2,40,0,42,0,0,40,0,40,0,2,80,0,82,58,0,58,140
02/01/2000,INT,NC,ASO,ES,Federal Contract Tower,0,1,53,0,54,0,4,70,0,74,0,5,123,0,128,62,0,62,190
02/02/2000,INT,NC,ASO,ES,Federal Contract Tower,0,3,90,0,93,0,0,65,0,65,0,3,155,0,158,146,0,146,304
02/03/2000,INT,NC,ASO,ES,Federal Contract Tower,0,1,48,0,49,0,3,73,0,76,0,4,121,0,125,58,0,58,183
02/04/2000,INT,NC,ASO,ES,Federal Contract Tower,1,1,54,0,56,1,0,89,0,90,2,1,143,0,146,84,0,84,230
02/05/2000,INT,NC,ASO,ES,Federal Contract Tower,1,0,32,0,33,1,0,57,0,58,2,0,89,0,91,46,0,46,137
02/06/2000,INT,NC,ASO,ES,Federal Contract Tower,0,0,30,0,30,0,0,98,0,98,0,0,128,0,128,100,0,100,228
02/07/2000,INT,NC,ASO,ES,Federal Contract Tower,0,2,62,0,64,0,0,95,0,95,0,2,157,0,159,56,0,56,215
02/08/2000,INT,NC,ASO,ES,Federal Contract Tower,0,2,67,0,69,0,0,110,0,110,0,2,177,0,179,168,0,168,347
02/09/2000,INT,NC,ASO,ES,Federal Contract Tower,0,0,52,0,52,0,0,109,0,109,0,0,161,0,161,155,0,155,316
02/10/2000,INT,NC,ASO,ES,Federal Contract Tower,0,0,54,0,54,0,0,129,0,129,0,0,183,0,183,126,0,126,309
02/11/2000,INT,NC,ASO,ES,Federal Contract Tower,0,2,46,0,48,0,3,117,0,120,0,5,163,0,168,46,0,46,214
02/12/2000,INT,NC,ASO,ES,Federal Contract Tower,0,0,18,0,18,2,0,0,0,2,2,0,18,0,20,0,0,0,20
02/13/2000,INT,NC,ASO,ES,Federal Contract Tower,0,0,24,0,24,0,0,1,0,1,0,0,25,0,25,0,0,0,25
02/14/2000,INT,NC,ASO,ES,Federal Contract Tower,0,2,49,0,51,1,1,13,0,15,1,3,62,0,66,10,0,10,76
02/15/2000,INT,NC,ASO,ES,Federal Contract Tower,0,1,57,0,58,0,0,101,0,101,0,1,158,0,159,70,0,70,229
02/16/2000,INT,NC,ASO,ES,Federal Contract Tower,0,1,55,0,56,0,0,94,0,94,0,1,149,0,150,130,0,130,280
02/17/2000,INT,NC,ASO,ES,Federal Contract Tower,0,1,79,0,80,0,0,97,0,97,0,1,176,0,177,26,0,26,203
02/18/2000,INT,NC,ASO,ES,Federal Contract Tower,0,1,30,0,31,0,0,0,0,0,0,1,30,0,31,4,0,4,35
02/19/2000,INT,NC,ASO,ES,Federal Contract Tower,0,0,31,0,31,2,0,42,0,44,2,0,73,0,75,20,0,20,95
02/20/2000,INT,NC,ASO,ES,Federal Contract Tower,0,1,39,0,40,0,0,127,0,127,0,1,166,0,167,54,0,54,221
02/21/2000,INT,NC,ASO,ES,Federal Contract Tower,0,1,50,0,51,0,0,120,0,120,0,1,170,0,171,83,0,83,254
02/22/2000,INT,NC,ASO,ES,Federal Contract Tower,0,2,77,0,79,0,2,90,0,92,0,4,167,0,171,114,0,114,285
02/23/2000,INT,NC,ASO,ES,Federal Contract Tower,0,2,75,0,77,0,1,88,0,89,0,3,163,0,166,144,0,144,310
02/24/2000,INT,NC,ASO,ES,Federal Contract Tower,0,1,43,0,44,0,1,98,0,99,0,2,141,0,143,132,0,132,275
02/25/2000,INT,NC,ASO,ES,Federal Contract Tower,0,1,82,0,83,0,0,107,0,107,0,1,189,0,190,104,0,104,294
02/26/2000,INT,NC,ASO,ES,Federal Contract Tower,0,1,38,0,39,0,0,99,3,102,0,1,137,3,141,156,0,156,297
02/27/2000,INT,NC,ASO,ES,Federal Contract Tower,0,1,36,0,37,0,0,2,0,2,0,1,38,0,39,14,0,14,53
02/28/2000,INT,NC,ASO,ES,Federal Contract Tower,0,2,71,0,73,0,3,63,0,66,0,5,134,0,139,52,0,52,191
02/29/2000,INT,NC,ASO,ES,Federal Contract Tower,0,0,50,0,50,0,0,83,0,83,0,0,133,0,133,82,0,82,215
03/01/2000,INT,NC,ASO,ES,Federal Contract Tower,0,2,81,0,83,0,0,70,0,70,0,2,151,0,153,74,0,74,227
03/02/2000,INT,NC,ASO,ES,Federal Contract Tower,0,0,80,0,80,0,0,75,0,75,0,0,155,0,155,56,0,56,211
03/03/2000,INT,NC,ASO,ES,Federal Contract Tower,0,0,73,0,73,0,0,69,0,69,0,0,142,0,142,106,0,106,248
03/04/2000,INT,NC,ASO,ES,Federal Contract Tower,0,1,17,0,18,0,2,64,0,66,0,3,81,0,84,162,0,162,246
03/05/2000,INT,NC,ASO,ES,Federal Contract Tower,0,0,30,0,30,0,0,100,0,100,0,0,130,0,130,40,0,40,170
03/06/2000,INT,NC,ASO,ES,Federal Contract Tower,0,0,56,0,56,0,0,98,0,98,0,0,154,0,154,82,0,82,236
03/07/2000,INT,NC,ASO,ES,Federal Contract Tower,0,2,59,0,61,0,0,88,0,88,0,2,147,0,149,68,0,68,217
03/08/2000,INT,NC,ASO,ES,Federal Contract Tower,0,1,44,0,45,0,0,110,0,110,0,1,154,0,155,116,0,116,271
03/09/2000,INT,NC,ASO,ES,Federal Contract Tower,0,1,52,0,53,0,0,118,0,118,0,1,170,0,171,76,0,76,247
03/10/2000,INT,NC,ASO,ES,Federal Contract Tower,0,1,57,0,58,0,0,127,0,127,0,1,184,0,185,108,0,108,293
03/11/2000,INT,NC,ASO,ES,Federal Contract Tower,0,0,10,0,10,0,0,29,0,29,0,0,39,0,39,128,0,128,167
03/12/2000,INT,NC,ASO,ES,Federal Contract Tower,0,2,35,0,37,0,2,16,0,18,0,4,51,0,55,22,0,22,77
03/13/2000,INT,NC,ASO,ES,Federal Contract Tower,0,1,35,0,36,2,0,85,0,87,2,1,120,0,123,103,0,103,226
03/14/2000,INT,NC,ASO,ES,Federal Contract Tower,0,2,62,0,64,0,0,83,0,83,0,2,145,0,147,98,0,98,245
03/15/2000,INT,NC,ASO,ES,Federal Contract Tower,0,0,63,0,63,0,0,87,0,87,0,0,150,0,150,52,0,52,202
03/16/2000,INT,NC,ASO,ES,Federal Contract Tower,0,2,74,0,76,0,2,14,0,16,0,4,88,0,92,22,0,22,114
03/17/2000,INT,NC,ASO,ES,Federal Contract Tower,0,2,72,0,74,0,2,89,0,91,0,4,161,0,165,42,0,42,207
03/18/2000,INT,NC,ASO,ES,Federal Contract Tower,0,1,34,0,35,0,1,127,0,128,0,2,161,0,163,144,0,144,307
03/19/2000,INT,NC,ASO,ES,Federal Contract Tower,0,1,46,0,47,0,3,41,0,44,0,4,87,0,91,108,0,108,199
03/20/2000,INT,NC,ASO,ES,Federal Contract Tower,0,1,50,0,51,0,1,0,0,1,0,2,50,0,52,0,0,0,52
03/21/2000,INT,NC,ASO,ES,Federal Contract Tower,0,0,57,0,57,0,0,40,0,40,0,0,97,0,97,56,0,56,153
03/22/2000,INT,NC,ASO,ES,Federal Contract Tower,0,0,79,0,79,0,0,64,0,64,0,0,143,0,143,58,0,58,201
03/23/2000,INT,NC,ASO,ES,Federal Contract Tower,0,0,60,0,60,0,0,63,0,63,0,0,123,0,123,134,0,134,257
03/24/2000,INT,NC,ASO,ES,Federal Contract Tower,0,2,69,0,71,0,2,120,0,122,0,4,189,0,193,144,2,146,339
03/25/2000,INT,NC,ASO,ES,Federal Contract Tower,0,0,23,0,23,0,0,116,0,116,0,0,139,0,139,88,0,88,227
03/26/2000,INT,NC,ASO,ES,Federal Contract Tower,0,1,36,0,37,0,0,56,0,56,0,1,92,0,93,48,0,48,141
03/27/2000,INT,NC,ASO,ES,Federal Contract Tower,0,2,61,0,63,0,0,43,0,43,0,2,104,0,106,92,0,92,198
03/28/2000,INT,NC,ASO,ES,Federal Contract Tower,0,1,40,0,41,0,1,36,0,37,0,2,76,0,78,14,0,14,92
03/29/2000,INT,NC,ASO,ES,Federal Contract Tower,0,2,74,0,76,0,6,89,0,95,0,8,163,0,171,200,0,200,371
03/30/2000,INT,NC,ASO,ES,Federal Contract Tower,0,1,51,0,52,0,1,61,0,62,0,2,112,0,114,93,0,93,207
03/31/2000,INT,NC,ASO,ES,Federal Contract Tower,0,1,51,0,52,0,2,108,0,110,0,3,159,0,162,105,0,105,267
04/01/2000,INT,NC,ASO,ES,Federal Contract Tower,0,1,30,0,31,0,0,99,1,100,0,1,129,1,131,62,0,62,193
04/02/2000,INT,NC,ASO,ES,Federal Contract Tower,0,0,38,0,38,0,0,1,0,1,0,0,39,0,39,26,0,26,65
04/03/2000,INT,NC,ASO,ES,Federal Contract Tower,0,0,53,0,53,0,0,7,0,7,0,0,60,0,60,34,0,34,94
04/04/2000,INT,NC,ASO,ES,Federal Contract Tower,0,0,44,0,44,0,0,27,0,27,0,0,71,0,71,12,0,12,83
04/05/2000,INT,NC,ASO,ES,Federal Contract Tower,0,2,56,0,58,0,1,71,0,72,0,3,127,0,130,46,0,46,176
04/06/2000,INT,NC,ASO,ES,Federal Contract Tower,0,2,66,0,68,0,3,88,0,91,0,5,154,0,159,92,0,92,251
04/07/2000,INT,NC,ASO,ES,Federal Contract Tower,0,2,60,0,62,0,1,84,0,85,0,3,144,0,147,80,0,80,227
04/08/2000,INT,NC,ASO,ES,Federal Contract Tower,0,1,22,0,23,0,1,6,0,7,0,2,28,0,30,6,0,6,36
04/09/2000,INT,NC,ASO,ES,Federal Contract Tower,0,1,40,0,41,0,4,62,0,66,0,5,102,0,107,40,0,40,147
04/10/2000,INT,NC,ASO,ES,Federal Contract Tower,0,0,54,0,54,0,0,111,0,111,0,0,165,0,165,112,0,112,277
04/11/2000,INT,NC,ASO,ES,Federal Contract Tower,0,2,62,0,64,0,1,80,0,81,0,3,142,0,145,32,0,32,177
04/12/2000,INT,NC,ASO,ES,Federal Contract Tower,0,1,51,0,52,0,0,112,0,112,0,1,163,0,164,166,0,166,330
04/13/2000,INT,NC,ASO,ES,Federal Contract Tower,0,0,65,0,65,0,0,8,0,8,0,0,73,0,73,6,0,6,79
04/14/2000,INT,NC,ASO,ES,Federal Contract Tower,0,0,63,0,63,0,0,2,0,2,0,0,65,0,65,0,0,0,65
04/15/2000,INT,NC,ASO,ES,Federal Contract Tower,0,1,30,0,31,0,2,0,0,2,0,3,30,0,33,2,0,2,35
04/16/2000,INT,NC,ASO,ES,Federal Contract Tower,0,2,42,0,44,0,0,79,0,79,0,2,121,0,123,137,0,137,260
04/17/2000,INT,NC,ASO,ES,Federal Contract Tower,0,0,55,0,55,0,0,92,0,92,0,0,147,0,147,50,0,50,197
04/18/2000,INT,NC,ASO,ES,Federal Contract Tower,0,0,61,0,61,0,0,10,0,10,0,0,71,0,71,32,0,32,103
04/19/2000,INT,NC,ASO,ES,Federal Contract Tower,0,1,44,0,45,0,0,125,0,125,0,1,169,0,170,126,0,126,296
04/20/2000,INT,NC,ASO,ES,Federal Contract Tower,0,1,79,0,80,0,1,78,0,79,0,2,157,0,159,88,0,88,247
04/21/2000,INT,NC,ASO,ES,Federal Contract Tower,0,0,36,0,36,0,0,61,0,61,0,0,97,0,97,86,0,86,183
04/22/2000,INT,NC,ASO,ES,Federal Contract Tower,0,0,17,0,17,0,0,41,0,41,0,0,58,0,58,28,0,28,86
04/23/2000,INT,NC,ASO,ES,Federal Contract Tower,0,0,32,0,32,0,0,92,0,92,0,0,124,0,124,36,0,36,160
04/24/2000,INT,NC,ASO,ES,Federal Contract Tower,0,1,63,0,64,0,0,85,0,85,0,1,148,0,149,74,0,74,223
04/25/2000,INT,NC,ASO,ES,Federal Contract Tower,0,1,53,0,54,0,3,0,0,3,0,4,53,0,57,0,0,0,57
04/26/2000,INT,NC,ASO,ES,Federal Contract Tower,0,0,72,0,72,0,0,67,2,69,0,0,139,2,141,232,0,232,373
04/27/2000,INT,NC,ASO,ES,Federal Contract Tower,0,1,60,0,61,0,0,79,0,79,0,1,139,0,140,130,0,130,270
04/28/2000,INT,NC,ASO,ES,Federal Contract Tower,0,0,69,0,69,0,0,1,0,1,0,0,70,0,70,6,0,6,76
04/29/2000,INT,NC,ASO,ES,Federal Contract Tower,0,1,47,0,48,0,0,78,0,78,0,1,125,0,126,138,0,138,264
04/30/2000,INT,NC,ASO,ES,Federal Contract Tower,0,0,31,0,31,0,1,89,0,90,0,1,120,0,121,116,0,116,237
05/01/2000,INT,NC,ASO,ES,Federal Contract Tower,0,0,46,0,46,0,2,106,0,108,0,2,152,0,154,126,0,126,280
05/02/2000,INT,NC,ASO,ES,Federal Contract Tower,0,0,75,0,75,0,2,60,0,62,0,2,135,0,137,96,0,96,233
05/03/2000,INT,NC,ASO,ES,Federal Contract Tower,0,0,62,0,62,0,0,92,0,92,0,0,154,0,154,176,0,176,330
05/04/2000,INT,NC,ASO,ES,Federal Contract Tower,0,0,70,0,70,0,3,118,0,121,0,3,188,0,191,168,0,168,359
05/05/2000,INT,NC,ASO,ES,Federal Contract Tower,0,0,51,0,51,0,5,66,0,71,0,5,117,0,122,64,0,64,186
05/06/2000,INT,NC,ASO,ES,Federal Contract Tower,0,0,32,0,32,0,1,98,0,99,0,1,130,0,131,84,0,84,215
05/07/2000,INT,NC,ASO,ES,Federal Contract Tower,0,0,40,0,40,0,0,105,0,105,0,0,145,0,145,92,0,92,237
05/08/2000,INT,NC,ASO,ES,Federal Contract Tower,0,0,47,0,47,0,0,110,0,110,0,0,157,0,157,70,0,70,227
05/09/2000,INT,NC,ASO,ES,Federal Contract Tower,0,0,44,0,44,0,0,72,0,72,0,0,116,0,116,159,0,159,275
05/10/2000,INT,NC,ASO,ES,Federal Contract Tower,0,0,44,0,44,0,0,69,0,69,0,0,113,0,113,116,0,116,229
05/11/2000,INT,NC,ASO,ES,Federal Contract Tower,0,1,59,0,60,0,0,113,0,113,0,1,172,0,173,92,0,92,265
05/12/2000,INT,NC,ASO,ES,Federal Contract Tower,0,1,47,0,48,2,3,87,0,92,2,4,134,0,140,118,0,118,258
05/13/2000,INT,NC,ASO,ES,Federal Contract Tower,0,0,32,0,32,0,0,66,0,66,0,0,98,0,98,158,0,158,256
05/14/2000,INT,NC,ASO,ES,Federal Contract Tower,0,0,34,0,34,0,0,110,0,110,0,0,144,0,144,88,0,88,232
05/15/2000,INT,NC,ASO,ES,Federal Contract Tower,0,0,53,0,53,0,0,86,6,92,0,0,139,6,145,44,0,44,189
05/16/2000,INT,NC,ASO,ES,Federal Contract Tower,0,0,53,0,53,0,0,110,0,110,0,0,163,0,163,96,0,96,259
05/17/2000,INT,NC,ASO,ES,Federal Contract Tower,0,0,65,0,65,2,0,71,0,73,2,0,136,0,138,142,0,142,280
05/18/2000,INT,NC,ASO,ES,Federal Contract Tower,0,1,55,0,56,0,0,55,0,55,0,1,110,0,111,28,0,28,139
05/19/2000,INT,NC,ASO,ES,Federal Contract Tower,0,0,54,0,54,1,0,107,0,108,1,0,161,0,162,94,0,94,256
05/20/2000,INT,NC,ASO,ES,Federal Contract Tower,0,1,27,0,28,0,0,62,0,62,0,1,89,0,90,73,0,73,163
05/21/2000,INT,NC,ASO,ES,Federal Contract Tower,0,0,31,0,31,0,0,3,0,3,0,0,34,0,34,0,0,0,34
05/22/2000,INT,NC,ASO,ES,Federal Contract Tower,0,0,61,0,61,2,0,55,0,57,2,0,116,0,118,47,0,47,165
05/23/2000,INT,NC,ASO,ES,Federal Contract Tower,0,1,59,0,60,0,0,87,0,87,0,1,146,0,147,138,0,138,285
05/24/2000,INT,NC,ASO,ES,Federal Contract Tower,0,0,53,0,53,0,1,84,0,85,0,1,137,0,138,84,0,84,222
05/25/2000,INT,NC,ASO,ES,Federal Contract Tower,0,0,50,0,50,0,0,49,0,49,0,0,99,0,99,98,0,98,197
05/26/2000,INT,NC,ASO,ES,Federal Contract Tower,0,0,77,0,77,0,0,143,0,143,0,0,220,0,220,74,0,74,294
05/27/2000,INT,NC,ASO,ES,Federal Contract Tower,0,0,36,0,36,0,0,44,0,44,0,0,80,0,80,58,0,58,138
05/28/2000,INT,NC,ASO,ES,Federal Contract Tower,0,0,19,0,19,0,0,17,0,17,0,0,36,0,36,40,0,40,76
05/29/2000,INT,NC,ASO,ES,Federal Contract Tower,0,0,39,0,39,0,0,15,0,15,0,0,54,0,54,26,0,26,80
05/30/2000,INT,NC,ASO,ES,Federal Contract Tower,0,0,53,0,53,0,0,57,0,57,0,0,110,0,110,56,0,56,166
05/31/2000,INT,NC,ASO,ES,Federal Contract Tower,0,0,68,0,68,0,0,132,2,134,0,0,200,2,202,132,0,132,334
06/01/2000,INT,NC,ASO,ES,Federal Contract Tower,0,0,61,0,61,0,1,109,0,110,0,1,170,0,171,96,0,96,267
06/02/2000,INT,NC,ASO,ES,Federal Contract Tower,0,0,47,0,47,0,2,93,0,95,0,2,140,0,142,86,0,86,228
06/03/2000,INT,NC,ASO,ES,Federal Contract Tower,0,0,20,0,20,0,0,52,0,52,0,0,72,0,72,180,0,180,252
06/04/2000,INT,NC,ASO,ES,Federal Contract Tower,0,0,33,0,33,0,2,0,0,2,0,2,33,0,35,0,0,0,35
06/05/2000,INT,NC,ASO,ES,Federal Contract Tower,0,0,42,0,42,0,0,1,0,1,0,0,43,0,43,2,0,2,45
06/06/2000,INT,NC,ASO,ES,Federal Contract Tower,0,2,67,0,69,0,0,53,2,55,0,2,120,2,124,20,2,22,146
06/07/2000,INT,NC,ASO,ES,Federal Contract Tower,0,1,47,0,48,0,1,99,0,100,0,2,146,0,148,84,0,84,232
06/08/2000,INT,NC,ASO,ES,Federal Contract Tower,0,0,45,0,45,0,0,88,0,88,0,0,133,0,133,44,0,44,177
06/09/2000,INT,NC,ASO,ES,Federal Contract Tower,0,0,42,0,42,0,0,118,0,118,0,0,160,0,160,102,0,102,262
06/10/2000,INT,NC,ASO,ES,Federal Contract Tower,0,0,25,0,25,0,0,62,0,62,0,0,87,0,87,128,0,128,215
06/11/2000,INT,NC,ASO,ES,Federal Contract Tower,0,1,38,0,39,0,0,63,0,63,0,1,101,0,102,96,0,96,198
06/12/2000,INT,NC,ASO,ES,Federal Contract Tower,0,0,42,0,42,0,0,77,0,77,0,0,119,0,119,102,0,102,221
06/13/2000,INT,NC,ASO,ES,Federal Contract Tower,0,1,64,0,65,0,3,50,0,53,0,4,114,0,118,114,0,114,232
06/14/2000,INT,NC,ASO,ES,Federal Contract Tower,0,0,39,0,39,0,0,64,0,64,0,0,103,0,103,84,0,84,187
06/15/2000,INT,NC,ASO,ES,Federal Contract Tower,0,0,45,0,45,0,0,52,0,52,0,0,97,0,97,46,0,46,143
06/16/2000,INT,NC,ASO,ES,Federal Contract Tower,0,0,65,0,65,0,0,35,1,36,0,0,100,1,101,42,0,42,143
06/17/2000,INT,NC,ASO,ES,Federal Contract Tower,0,0,19,0,19,0,0,63,0,63,0,0,82,0,82,62,0,62,144
06/18/2000,INT,NC,ASO,ES,Federal Contract Tower,0,0,31,0,31,1,0,67,0,68,1,0,98,0,99,38,0,38,137
06/19/2000,INT,NC,ASO,ES,Federal Contract Tower,0,1,51,0,52,0,0,47,0,47,0,1,98,0,99,92,0,92,191
06/20/2000,INT,NC,ASO,ES,Federal Contract Tower,0,0,56,0,56,0,0,26,0,26,0,0,82,0,82,148,0,148,230
06/21/2000,INT,NC,ASO,ES,Federal Contract Tower,0,1,63,0,64,0,3,31,0,34,0,4,94,0,98,112,0,112,210
06/22/2000,INT,NC,ASO,ES,Federal Contract Tower,0,1,58,0,59,0,2,84,0,86,0,3,142,0,145,168,0,168,313
06/23/2000,INT,NC,ASO,ES,Federal Contract Tower,0,1,64,0,65,0,0,92,0,92,0,1,156,0,157,156,0,156,313
06/24/2000,INT,NC,ASO,ES,Federal Contract Tower,0,0,17,0,17,1,0,78,0,79,1,0,95,0,96,118,0,118,214
06/25/2000,INT,NC,ASO,ES,Federal Contract Tower,0,0,28,0,28,0,0,41,0,41,0,0,69,0,69,76,0,76,145
06/26/2000,INT,NC,ASO,ES,Federal Contract Tower,0,0,53,0,53,0,0,95,0,95,0,0,148,0,148,126,0,126,274
06/27/2000,INT,NC,ASO,ES,Federal Contract Tower,0,0,66,0,66,0,0,38,0,38,0,0,104,0,104,68,0,68,172
06/28/2000,INT,NC,ASO,ES,Federal Contract Tower,0,1,70,0,71,1,0,8,0,9,1,1,78,0,80,16,0,16,96
06/29/2000,INT,NC,ASO,ES,Federal Contract Tower,0,1,74,0,75,0,0,44,0,44,0,1,118,0,119,86,0,86,205
06/30/2000,INT,NC,ASO,ES,Federal Contract Tower,0,0,66,0,66,1,0,134,0,135,1,0,200,0,201,130,0,130,331
07/01/2000,INT,NC,ASO,ES,Federal Contract Tower,0,0,22,0,22,0,0,82,0,82,0,0,104,0,104,158,0,158,262
07/02/2000,INT,NC,ASO,ES,Federal Contract Tower,0,0,21,0,21,0,0,60,0,60,0,0,81,0,81,240,0,240,321
07/03/2000,INT,NC,ASO,ES,Federal Contract Tower,1,0,30,0,31,1,0,84,0,85,2,0,114,0,116,168,0,168,284
07/04/2000,INT,NC,ASO,ES,Federal Contract Tower,0,0,10,0,10,0,0,43,0,43,0,0,53,0,53,114,0,114,167
07/05/2000,INT,NC,ASO,ES,Federal Contract Tower,0,0,42,0,42,0,1,61,0,62,0,1,103,0,104,90,0,90,194
07/06/2000,INT,NC,ASO,ES,Federal Contract Tower,0,0,42,0,42,0,0,71,0,71,0,0,113,0,113,48,0,48,161
07/07/2000,INT,NC,ASO,ES,Federal Contract Tower,0,0,36,0,36,0,0,77,0,77,0,0,113,0,113,148,0,148,261
07/08/2000,INT,NC,ASO,ES,Federal Contract Tower,1,0,19,0,20,0,0,73,0,73,1,0,92,0,93,210,0,210,303
07/09/2000,INT,NC,ASO,ES,Federal Contract Tower,0,0,31,0,31,2,0,47,0,49,2,0,78,0,80,102,0,102,182
07/10/2000,INT,NC,ASO,ES,Federal Contract Tower,0,1,62,0,63,0,1,97,0,98,0,2,159,0,161,100,0,100,261
07/11/2000,INT,NC,ASO,ES,Federal Contract Tower,0,0,53,0,53,0,0,81,0,81,0,0,134,0,134,108,0,108,242
07/12/2000,INT,NC,ASO,ES,Federal Contract Tower,0,0,52,0,52,0,0,1,0,1,0,0,53,0,53,4,0,4,57
07/13/2000,INT,NC,ASO,ES,Federal Contract Tower,0,0,60,0,60,0,0,7,0,7,0,0,67,0,67,20,0,20,87
07/14/2000,INT,NC,ASO,ES,Federal Contract Tower,0,1,68,0,69,0,1,56,0,57,0,2,124,0,126,152,0,152,278
07/15/2000,INT,NC,ASO,ES,Federal Contract Tower,0,0,32,0,32,0,0,82,0,82,0,0,114,0,114,154,0,154,268
07/16/2000,INT,NC,ASO,ES,Federal Contract Tower,0,0,18,0,18,1,0,95,0,96,1,0,113,0,114,120,0,120,234
07/17/2000,INT,NC,ASO,ES,Federal Contract Tower,0,1,58,0,59,0,0,90,0,90,0,1,148,0,149,150,0,150,299
07/18/2000,INT,NC,ASO,ES,Federal Contract Tower,0,0,37,0,37,0,0,94,0,94,0,0,131,0,131,174,0,174,305
07/19/2000,INT,NC,ASO,ES,Federal Contract Tower,0,0,43,0,43,0,0,96,0,96,0,0,139,0,139,188,0,188,327
07/20/2000,INT,NC,ASO,ES,Federal Contract Tower,0,1,65,0,66,0,1,74,0,75,0,2,139,0,141,144,0,144,285
07/21/2000,INT,NC,ASO,ES,Federal Contract Tower,0,0,55,0,55,0,0,85,0,85,0,0,140,0,140,210,0,210,350
07/22/2000,INT,NC,ASO,ES,Federal Contract Tower,0,0,24,0,24,1,0,1,0,2,1,0,25,0,26,34,0,34,60
07/23/2000,INT,NC,ASO,ES,Federal Contract Tower,0,0,23,0,23,0,0,10,0,10,0,0,33,0,33,2,0,2,35
07/24/2000,INT,NC,ASO,ES,Federal Contract Tower,0,0,67,0,67,0,0,0,0,0,0,0,67,0,67,10,0,10,77
07/25/2000,INT,NC,ASO,ES,Federal Contract Tower,0,0,52,0,52,0,2,2,0,4,0,2,54,0,56,6,0,6,62
07/26/2000,INT,NC,ASO,ES,Federal Contract Tower,0,0,49,0,49,0,0,13,0,13,0,0,62,0,62,66,2,68,130
07/27/2000,INT,NC,ASO,ES,Federal Contract Tower,0,0,72,0,72,0,1,88,0,89,0,1,160,0,161,124,0,124,285
07/28/2000,INT,NC,ASO,ES,Federal Contract Tower,0,0,42,0,42,0,1,108,2,111,0,1,150,2,153,94,0,94,247
07/29/2000,INT,NC,ASO,ES,Federal Contract Tower,0,0,13,0,13,0,0,73,0,73,0,0,86,0,86,176,0,176,262
07/30/2000,INT,NC,ASO,ES,Federal Contract Tower,0,0,27,0,27,0,0,37,0,37,0,0,64,0,64,102,0,102,166
07/31/2000,INT,NC,ASO,ES,Federal Contract Tower,0,0,38,0,38,0,1,13,0,14,0,1,51,0,52,56,0,56,108
08/01/2000,INT,NC,ASO,ES,Federal Contract Tower,0,0,49,0,49,0,0,63,0,63,0,0,112,0,112,36,0,36,148
08/02/2000,INT,NC,ASO,ES,Federal Contract Tower,0,0,58,0,58,0,0,37,0,37,0,0,95,0,95,40,0,40,135
08/03/2000,INT,NC,ASO,ES,Federal Contract Tower,0,0,56,0,56,0,0,24,0,24,0,0,80,0,80,14,0,14,94
08/04/2000,INT,NC,ASO,ES,Federal Contract Tower,1,0,58,0,59,0,0,43,0,43,1,0,101,0,102,52,0,52,154
08/05/2000,INT,NC,ASO,ES,Federal Contract Tower,0,0,27,0,27,0,0,54,0,54,0,0,81,0,81,106,0,106,187
08/06/2000,INT,NC,ASO,ES,Federal Contract Tower,0,0,37,0,37,0,0,37,0,37,0,0,74,0,74,110,0,110,184
08/07/2000,INT,NC,ASO,ES,Federal Contract Tower,1,0,54,0,55,0,0,43,0,43,1,0,97,0,98,54,0,54,152
08/08/2000,INT,NC,ASO,ES,Federal Contract Tower,0,0,41,0,41,0,0,101,4,105,0,0,142,4,146,162,0,162,308
08/09/2000,INT,NC,ASO,ES,Federal Contract Tower,0,1,52,0,53,0,0,104,0,104,0,1,156,0,157,198,0,198,355
08/10/2000,INT,NC,ASO,ES,Federal Contract Tower,0,0,54,0,54,2,0,94,0,96,2,0,148,0,150,136,0,136,286
08/11/2000,INT,NC,ASO,ES,Federal Contract Tower,0,2,70,0,72,0,0,78,0,78,0,2,148,0,150,122,0,122,272
08/12/2000,INT,NC,ASO,ES,Federal Contract Tower,0,0,9,0,9,0,0,94,0,94,0,0,103,0,103,50,0,50,153
08/13/2000,INT,NC,ASO,ES,Federal Contract Tower,0,0,29,0,29,1,0,71,0,72,1,0,100,0,101,160,0,160,261
08/14/2000,INT,NC,ASO,ES,Federal Contract Tower,0,2,56,0,58,1,0,96,0,97,1,2,152,0,155,98,0,98,253
08/15/2000,INT,NC,ASO,ES,Federal Contract Tower,0,2,56,0,58,0,0,81,0,81,0,2,137,0,139,66,0,66,205
08/16/2000,INT,NC,ASO,ES,Federal Contract Tower,0,1,54,0,55,0,0,84,0,84,0,1,138,0,139,50,0,50,189
08/17/2000,INT,NC,ASO,ES,Federal Contract Tower,0,1,66,0,67,0,0,132,0,132,0,1,198,0,199,138,0,138,337
08/18/2000,INT,NC,ASO,ES,Federal Contract Tower,0,0,61,0,61,0,0,42,0,42,0,0,103,0,103,27,0,27,130
08/19/2000,INT,NC,ASO,ES,Federal Contract Tower,0,0,22,0,22,1,0,90,0,91,1,0,112,0,113,82,0,82,195
08/20/2000,INT,NC,ASO,ES,Federal Contract Tower,0,0,29,0,29,0,0,48,0,48,0,0,77,0,77,90,0,90,167
08/21/2000,INT,NC,ASO,ES,Federal Contract Tower,0,1,67,0,68,0,1,101,0,102,0,2,168,0,170,96,0,96,266
08/22/2000,INT,NC,ASO,ES,Federal Contract Tower,0,1,73,0,74,0,4,120,0,124,0,5,193,0,198,168,0,168,366
08/23/2000,INT,NC,ASO,ES,Federal Contract Tower,0,1,72,0,73,0,1,77,0,78,0,2,149,0,151,84,0,84,235
08/24/2000,INT,NC,ASO,ES,Federal Contract Tower,0,0,72,0,72,0,0,54,0,54,0,0,126,0,126,94,0,94,220
08/25/2000,INT,NC,ASO,ES,Federal Contract Tower,0,1,68,0,69,0,1,76,0,77,0,2,144,0,146,94,0,94,240
08/26/2000,INT,NC,ASO,ES,Federal Contract Tower,0,0,36,0,36,0,4,78,0,82,0,4,114,0,118,206,0,206,324
08/27/2000,INT,NC,ASO,ES,Federal Contract Tower,0,0,29,0,29,0,0,16,0,16,0,0,45,0,45,58,0,58,103
08/28/2000,INT,NC,ASO,ES,Federal Contract Tower,0,0,52,0,52,0,2,51,0,53,0,2,103,0,105,118,0,118,223
08/29/2000,INT,NC,ASO,ES,Federal Contract Tower,0,1,63,0,64,1,1,51,0,53,1,2,114,0,117,92,0,92,209
08/30/2000,INT,NC,ASO,ES,Federal Contract Tower,0,0,56,0,56,0,0,26,0,26,0,0,82,0,82,52,0,52,134
08/31/2000,INT,NC,ASO,ES,Federal Contract Tower,0,1,58,0,59,0,1,35,0,36,0,2,93,0,95,20,0,20,115
09/01/2000,INT,NC,ASO,ES,Federal Contract Tower,0,1,51,0,52,0,1,48,0,49,0,2,99,0,101,32,0,32,133
09/02/2000,INT,NC,ASO,ES,Federal Contract Tower,1,0,24,0,25,1,0,5,0,6,2,0,29,0,31,6,0,6,37
09/03/2000,INT,NC,ASO,ES,Federal Contract Tower,1,0,11,0,12,0,0,8,0,8,1,0,19,0,20,20,0,20,40
09/04/2000,INT,NC,ASO,ES,Federal Contract Tower,0,0,24,0,24,0,0,2,0,2,0,0,26,0,26,12,0,12,38
09/05/2000,INT,NC,ASO,ES,Federal Contract Tower,1,0,46,0,47,1,1,0,0,2,2,1,46,0,49,4,0,4,53
09/06/2000,INT,NC,ASO,ES,Federal Contract Tower,0,2,83,0,85,0,0,32,0,32,0,2,115,0,117,42,0,42,159
09/07/2000,INT,NC,ASO,ES,Federal Contract Tower,0,2,71,0,73,0,0,57,0,57,0,2,128,0,130,30,0,30,160
09/08/2000,INT,NC,ASO,ES,Federal Contract Tower,1,0,68,1,70,1,0,75,20,96,2,0,143,21,166,46,10,56,222
09/09/2000,INT,NC,ASO,ES,Federal Contract Tower,0,0,19,0,19,0,1,55,20,76,0,1,74,20,95,18,0,18,113
09/10/2000,INT,NC,ASO,ES,Federal Contract Tower,0,0,21,0,21,0,2,66,23,91,0,2,87,23,112,22,0,22,134
09/11/2000,INT,NC,ASO,ES,Federal Contract Tower,1,1,62,1,65,1,0,85,7,93,2,1,147,8,158,100,12,112,270
09/12/2000,INT,NC,ASO,ES,Federal Contract Tower,0,1,54,0,55,0,0,107,0,107,0,1,161,0,162,140,0,140,302
09/13/2000,INT,NC,ASO,ES,Federal Contract Tower,0,1,60,0,61,0,0,121,0,121,0,1,181,0,182,56,0,56,238
09/14/2000,INT,NC,ASO,ES,Federal Contract Tower,0,0,56,0,56,0,0,21,2,23,0,0,77,2,79,34,0,34,113
09/15/2000,INT,NC,ASO,ES,Federal Contract Tower,1,0,54,0,55,0,0,118,0,118,1,0,172,0,173,50,0,50,223
09/16/2000,INT,NC,ASO,ES,Federal Contract Tower,0,0,31,0,31,0,2,115,0,117,0,2,146,0,148,74,0,74,222
09/17/2000,INT,NC,ASO,ES,Federal Contract Tower,0,0,34,0,34,2,0,122,0,124,2,0,156,0,158,62,0,62,220
09/18/2000,INT,NC,ASO,ES,Federal Contract Tower,0,0,41,0,41,0,2,38,0,40,0,2,79,0,81,66,0,66,147
09/19/2000,INT,NC,ASO,ES,Federal Contract Tower,0,2,61,2,65,0,3,89,0,92,0,5,150,2,157,80,0,80,237
09/20/2000,INT,NC,ASO,ES,Federal Contract Tower,0,0,48,0,48,1,0,115,0,116,1,0,163,0,164,130,0,130,294
09/21/2000,INT,NC,ASO,ES,Federal Contract Tower,0,0,46,0,46,0,0,73,0,73,0,0,119,0,119,68,0,68,187
09/22/2000,INT,NC,ASO,ES,Federal Contract Tower,0,0,71,0,71,1,0,38,0,39,1,0,109,0,110,76,0,76,186
09/23/2000,INT,NC,ASO,ES,Federal Contract Tower,0,0,31,0,31,0,1,18,0,19,0,1,49,0,50,64,0,64,114
09/24/2000,INT,NC,ASO,ES,Federal Contract Tower,0,1,45,0,46,0,0,74,0,74,0,1,119,0,120,134,0,134,254
09/25/2000,INT,NC,ASO,ES,Federal Contract Tower,0,2,49,0,51,0,2,0,0,2,0,4,49,0,53,0,0,0,53
09/26/2000,INT,NC,ASO,ES,Federal Contract Tower,0,2,71,0,73,0,7,46,0,53,0,9,117,0,126,46,0,46,172
09/27/2000,INT,NC,ASO,ES,Federal Contract Tower,0,1,56,0,57,0,0,125,0,125,0,1,181,0,182,56,0,56,238
09/28/2000,INT,NC,ASO,ES,Federal Contract Tower,0,2,67,0,69,0,0,99,0,99,0,2,166,0,168,34,0,34,202
09/29/2000,INT,NC,ASO,ES,Federal Contract Tower,1,1,88,0,90,2,0,85,0,87,3,1,173,0,177,74,0,74,251
09/30/2000,INT,NC,ASO,ES,Federal Contract Tower,0,0,31,0,31,1,0,77,0,78,1,0,108,0,109,126,0,126,235
10/01/2000,INT,NC,ASO,ES,Federal Contract Tower,0,1,61,0,62,0,0,57,0,57,0,1,118,0,119,180,0,180,299
10/02/2000,INT,NC,ASO,ES,Federal Contract Tower,1,0,48,0,49,2,2,90,0,94,3,2,138,0,143,126,0,126,269
10/03/2000,INT,NC,ASO,ES,Federal Contract Tower,0,0,65,0,65,0,0,134,0,134,0,0,199,0,199,162,0,162,361
10/04/2000,INT,NC,ASO,ES,Federal Contract Tower,0,1,57,0,58,0,0,89,0,89,0,1,146,0,147,116,2,118,265
10/05/2000,INT,NC,ASO,ES,Federal Contract Tower,0,2,82,0,84,0,0,104,0,104,0,2,186,0,188,196,0,196,384
10/06/2000,INT,NC,ASO,ES,Federal Contract Tower,1,0,57,0,58,0,0,61,1,62,1,0,118,1,120,54,0,54,174
10/07/2000,INT,NC,ASO,ES,Federal Contract Tower,0,0,0,0,0,0,0,0,113,113,0,0,0,113,113,0,68,68,181
10/08/2000,INT,NC,ASO,ES,Federal Contract Tower,0,0,12,0,12,0,0,72,0,72,0,0,84,0,84,96,0,96,180
10/09/2000,INT,NC,ASO,ES,Federal Contract Tower,1,3,58,0,62,0,1,73,0,74,1,4,131,0,136,64,0,64,200
10/10/2000,INT,NC,ASO,ES,Federal Contract Tower,0,2,63,0,65,0,0,121,3,124,0,2,184,3,189,102,0,102,291
10/11/2000,INT,NC,ASO,ES,Federal Contract Tower,0,1,113,0,114,0,0,126,0,126,0,1,239,0,240,36,0,36,276
10/12/2000,INT,NC,ASO,ES,Federal Contract Tower,0,1,60,0,61,0,0,113,0,113,0,1,173,0,174,130,0,130,304
10/13/2000,INT,NC,ASO,ES,Federal Contract Tower,0,0,43,0,43,0,0,154,0,154,0,0,197,0,197,90,0,90,287
10/14/2000,INT,NC,ASO,ES,Federal Contract Tower,0,0,25,0,25,0,2,90,0,92,0,2,115,0,117,56,0,56,173
10/15/2000,INT,NC,ASO,ES,Federal Contract Tower,0,0,37,0,37,0,0,122,0,122,0,0,159,0,159,118,0,118,277
10/16/2000,INT,NC,ASO,ES,Federal Contract Tower,0,1,38,0,39,0,0,121,0,121,0,1,159,0,160,76,0,76,236
10/17/2000,INT,NC,ASO,ES,Federal Contract Tower,0,2,50,0,52,1,0,98,0,99,1,2,148,0,151,78,0,78,229
10/18/2000,INT,NC,ASO,ES,Federal Contract Tower,0,2,81,1,84,1,0,44,0,45,1,2,125,1,129,94,0,94,223
10/19/2000,INT,NC,ASO,ES,Federal Contract Tower,0,2,45,0,47,1,1,128,0,130,1,3,173,0,177,72,0,72,249
10/20/2000,INT,NC,ASO,ES,Federal Contract Tower,0,3,66,0,69,1,0,113,0,114,1,3,179,0,183,138,0,138,321
10/21/2000,INT,NC,ASO,ES,Federal Contract Tower,0,0,25,0,25,0,5,88,0,93,0,5,113,0,118,152,0,152,270
10/22/2000,INT,NC,ASO,ES,Federal Contract Tower,0,2,44,0,46,3,1,106,0,110,3,3,150,0,156,146,0,146,302
10/23/2000,INT,NC,ASO,ES,Federal Contract Tower,0,2,54,0,56,1,1,90,0,92,1,3,144,0,148,74,0,74,222
10/24/2000,INT,NC,ASO,ES,Federal Contract Tower,0,3,84,0,87,0,1,77,0,78,0,4,161,0,165,128,14,142,307
10/25/2000,INT,NC,ASO,ES,Federal Contract Tower,0,1,51,0,52,0,0,108,0,108,0,1,159,0,160,98,0,98,258
10/26/2000,INT,NC,ASO,ES,Federal Contract Tower,0,3,74,0,77,0,3,108,0,111,0,6,182,0,188,160,0,160,348
10/27/2000,INT,NC,ASO,ES,Federal Contract Tower,0,3,65,0,68,0,1,128,0,129,0,4,193,0,197,92,0,92,289
10/28/2000,INT,NC,ASO,ES,Federal Contract Tower,0,0,25,0,25,0,1,80,0,81,0,1,105,0,106,146,0,146,252
10/29/2000,INT,NC,ASO,ES,Federal Contract Tower,0,0,32,0,32,1,0,115,0,116,1,0,147,0,148,116,0,116,264
10/30/2000,INT,NC,ASO,ES,Federal Contract Tower,0,2,69,0,71,0,0,79,0,79,0,2,148,0,150,72,0,72,222
10/31/2000,INT,NC,ASO,ES,Federal Contract Tower,0,2,47,0,49,2,0,92,0,94,2,2,139,0,143,106,0,106,249
11/01/2000,INT,NC,ASO,ES,Federal Contract Tower,0,1,42,0,43,0,3,131,0,134,0,4,173,0,177,40,0,40,217
11/02/2000,INT,NC,ASO,ES,Federal Contract Tower,0,0,58,0,58,0,3,111,0,114,0,3,169,0,172,112,0,112,284
11/03/2000,INT,NC,ASO,ES,Federal Contract Tower,0,3,108,0,111,0,1,27,0,28,0,4,135,0,139,36,0,36,175
11/04/2000,INT,NC,ASO,ES,Federal Contract Tower,0,0,26,0,26,0,0,20,0,20,0,0,46,0,46,32,0,32,78
11/05/2000,INT,NC,ASO,ES,Federal Contract Tower,0,0,34,0,34,0,2,70,1,73,0,2,104,1,107,74,2,76,183
11/06/2000,INT,NC,ASO,ES,Federal Contract Tower,0,0,46,0,46,0,0,105,0,105,0,0,151,0,151,104,0,104,255
11/07/2000,INT,NC,ASO,ES,Federal Contract Tower,0,3,63,0,66,0,1,12,0,13,0,4,75,0,79,2,0,2,81
11/08/2000,INT,NC,ASO,ES,Federal Contract Tower,0,1,59,0,60,0,0,38,0,38,0,1,97,0,98,86,0,86,184
11/09/2000,INT,NC,ASO,ES,Federal Contract Tower,1,2,80,0,83,0,0,6,0,6,1,2,86,0,89,0,0,0,89
11/10/2000,INT,NC,ASO,ES,Federal Contract Tower,1,4,84,0,89,2,1,62,0,65,3,5,146,0,154,44,0,44,198
11/11/2000,INT,NC,ASO,ES,Federal Contract Tower,1,1,31,0,33,0,3,189,0,192,1,4,220,0,225,116,0,116,341
11/12/2000,INT,NC,ASO,ES,Federal Contract Tower,1,0,37,0,38,1,0,98,0,99,2,0,135,0,137,132,0,132,269
11/13/2000,INT,NC,ASO,ES,Federal Contract Tower,1,0,71,0,72,0,0,101,0,101,1,0,172,0,173,250,0,250,423
11/14/2000,INT,NC,ASO,ES,Federal Contract Tower,0,3,74,0,77,0,0,93,0,93,0,3,167,0,170,78,0,78,248
11/15/2000,INT,NC,ASO,ES,Federal Contract Tower,1,0,63,0,64,0,0,147,0,147,1,0,210,0,211,146,4,150,361
11/16/2000,INT,NC,ASO,ES,Federal Contract Tower,1,0,64,0,65,1,0,67,0,68,2,0,131,0,133,176,0,176,309
11/17/2000,INT,NC,ASO,ES,Federal Contract Tower,0,0,63,0,63,1,0,49,0,50,1,0,112,0,113,38,0,38,151
11/18/2000,INT,NC,ASO,ES,Federal Contract Tower,0,2,42,0,44,1,0,85,0,86,1,2,127,0,130,222,0,222,352
11/19/2000,INT,NC,ASO,ES,Federal Contract Tower,0,0,16,0,16,0,0,1,0,1,0,0,17,0,17,0,0,0,17
11/20/2000,INT,NC,ASO,ES,Federal Contract Tower,0,1,57,1,59,0,0,21,0,21,0,1,78,1,80,50,0,50,130
11/21/2000,INT,NC,ASO,ES,Federal Contract Tower,0,3,61,0,64,0,2,92,0,94,0,5,153,0,158,42,0,42,200
11/22/2000,INT,NC,ASO,ES,Federal Contract Tower,0,3,60,0,63,2,2,71,0,75,2,5,131,0,138,70,0,70,208
11/23/2000,INT,NC,ASO,ES,Federal Contract Tower,0,0,15,0,15,0,0,38,0,38,0,0,53,0,53,16,0,16,69
11/24/2000,INT,NC,ASO,ES,Federal Contract Tower,0,0,25,0,25,0,0,100,0,100,0,0,125,0,125,114,0,114,239
11/25/2000,INT,NC,ASO,ES,Federal Contract Tower,0,0,1,0,1,1,4,0,0,5,1,4,1,0,6,0,0,0,6
11/26/2000,INT,NC,ASO,ES,Federal Contract Tower,0,1,49,0,50,0,0,24,0,24,0,1,73,0,74,58,0,58,132
11/27/2000,INT,NC,ASO,ES,Federal Contract Tower,0,0,63,0,63,0,0,87,0,87,0,0,150,0,150,62,0,62,212
11/28/2000,INT,NC,ASO,ES,Federal Contract Tower,0,2,61,0,63,0,0,92,0,92,0,2,153,0,155,116,0,116,271
11/29/2000,INT,NC,ASO,ES,Federal Contract Tower,0,3,72,0,75,2,4,77,0,83,2,7,149,0,158,86,0,86,244
11/30/2000,INT,NC,ASO,ES,Federal Contract Tower,0,1,37,0,38,2,2,48,0,52,2,3,85,0,90,56,0,56,146
12/01/2000,INT,NC,ASO,ES,Federal Contract Tower,1,3,47,0,51,0,3,93,0,96,1,6,140,0,147,90,0,90,237
12/02/2000,INT,NC,ASO,ES,Federal Contract Tower,1,2,37,0,40,0,3,25,0,28,1,5,62,0,68,56,0,56,124
12/03/2000,INT,NC,ASO,ES,Federal Contract Tower,1,0,13,0,14,0,2,12,0,14,1,2,25,0,28,24,0,24,52
12/04/2000,INT,NC,ASO,ES,Federal Contract Tower,1,0,43,0,44,0,0,67,0,67,1,0,110,0,111,102,0,102,213
12/05/2000,INT,NC,ASO,ES,Federal Contract Tower,0,3,55,0,58,0,1,81,0,82,0,4,136,0,140,62,0,62,202
12/06/2000,INT,NC,ASO,ES,Federal Contract Tower,0,4,59,0,63,0,0,74,0,74,0,4,133,0,137,147,0,147,284
12/07/2000,INT,NC,ASO,ES,Federal Contract Tower,0,4,64,0,68,0,1,70,0,71,0,5,134,0,139,52,0,52,191
12/08/2000,INT,NC,ASO,ES,Federal Contract Tower,1,3,52,0,56,0,1,97,0,98,1,4,149,0,154,54,0,54,208
12/09/2000,INT,NC,ASO,ES,Federal Contract Tower,1,0,31,0,32,0,0,91,0,91,1,0,122,0,123,194,0,194,317
12/10/2000,INT,NC,ASO,ES,Federal Contract Tower,0,1,28,0,29,0,0,5,0,5,0,1,33,0,34,0,0,0,34
12/11/2000,INT,NC,ASO,ES,Federal Contract Tower,0,0,44,0,44,1,0,3,0,4,1,0,47,0,48,6,0,6,54
12/12/2000,INT,NC,ASO,ES,Federal Contract Tower,0,3,54,0,57,0,0,38,0,38,0,3,92,0,95,66,0,66,161
12/13/2000,INT,NC,ASO,ES,Federal Contract Tower,0,4,63,0,67,0,0,71,0,71,0,4,134,0,138,94,0,94,232
12/14/2000,INT,NC,ASO,ES,Federal Contract Tower,0,3,35,0,38,1,0,0,0,1,1,3,35,0,39,10,0,10,49
12/15/2000,INT,NC,ASO,ES,Federal Contract Tower,0,4,96,0,100,0,0,25,3,28,0,4,121,3,128,94,0,94,222
12/16/2000,INT,NC,ASO,ES,Federal Contract Tower,0,2,16,0,18,0,1,0,0,1,0,3,16,0,19,0,0,0,19
12/17/2000,INT,NC,ASO,ES,Federal Contract Tower,0,0,10,0,10,0,1,11,0,12,0,1,21,0,22,4,0,4,26
12/18/2000,INT,NC,ASO,ES,Federal Contract Tower,0,3,48,0,51,0,2,81,0,83,0,5,129,0,134,76,0,76,210
12/19/2000,INT,NC,ASO,ES,Federal Contract Tower,0,2,34,0,36,0,0,0,0,0,0,2,34,0,36,0,0,0,36
12/20/2000,INT,NC,ASO,ES,Federal Contract Tower,0,1,59,0,60,0,0,67,0,67,0,1,126,0,127,62,0,62,189
12/21/2000,INT,NC,ASO,ES,Federal Contract Tower,0,3,60,0,63,0,0,63,0,63,0,3,123,0,126,60,0,60,186
12/22/2000,INT,NC,ASO,ES,Federal Contract Tower,0,2,31,0,33,0,3,60,0,63,0,5,91,0,96,22,0,22,118
12/23/2000,INT,NC,ASO,ES,Federal Contract Tower,0,1,24,0,25,0,0,81,0,81,0,1,105,0,106,40,0,40,146
12/24/2000,INT,NC,ASO,ES,Federal Contract Tower,0,0,12,0,12,0,0,36,0,36,0,0,48,0,48,14,0,14,62
12/25/2000,INT,NC,ASO,ES,Federal Contract Tower,0,0,12,0,12,0,1,19,0,20,0,1,31,0,32,14,0,14,46
12/26/2000,INT,NC,ASO,ES,Federal Contract Tower,0,1,34,0,35,0,0,77,0,77,0,1,111,0,112,54,0,54,166
12/27/2000,INT,NC,ASO,ES,Federal Contract Tower,0,1,24,0,25,0,1,77,0,78,0,2,101,0,103,106,0,106,209
12/28/2000,INT,NC,ASO,ES,Federal Contract Tower,0,1,25,0,26,0,1,72,0,73,0,2,97,0,99,40,0,40,139
12/29/2000,INT,NC,ASO,ES,Federal Contract Tower,0,0,17,0,17,1,1,76,0,78,1,1,93,0,95,58,0,58,153
12/30/2000,INT,NC,ASO,ES,Federal Contract Tower,0,0,12,0,12,1,0,42,0,43,1,0,54,0,55,52,0,52,107
12/31/2000,INT,NC,ASO,ES,Federal Contract Tower,0,0,14,0,14,0,0,55,0,55,0,0,69,0,69,42,0,42,111
01/01/2001,INT,NC,ASO,ES,Federal Contract Tower,1,0,13,0,14,0,0,48,0,48,1,0,61,0,62,40,0,40,102
01/02/2001,INT,NC,ASO,ES,Federal Contract Tower,1,2,27,0,30,1,1,76,0,78,2,3,103,0,108,53,0,53,161
01/03/2001,INT,NC,ASO,ES,Federal Contract Tower,1,0,31,0,32,0,0,84,0,84,1,0,115,0,116,128,0,128,244
01/04/2001,INT,NC,ASO,ES,Federal Contract Tower,1,3,50,0,54,0,0,83,0,83,1,3,133,0,137,60,0,60,197
01/05/2001,INT,NC,ASO,ES,Federal Contract Tower,3,3,53,0,59,0,0,73,0,73,3,3,126,0,132,90,0,90,222
01/06/2001,INT,NC,ASO,ES,Federal Contract Tower,1,3,38,0,42,0,0,97,0,97,1,3,135,0,139,168,0,168,307
01/07/2001,INT,NC,ASO,ES,Federal Contract Tower,0,1,36,0,37,0,0,73,0,73,0,1,109,0,110,76,0,76,186
01/08/2001,INT,NC,ASO,ES,Federal Contract Tower,1,3,30,0,34,0,9,0,0,9,1,12,30,0,43,48,0,48,91
01/09/2001,INT,NC,ASO,ES,Federal Contract Tower,0,2,60,0,62,0,0,69,0,69,0,2,129,0,131,32,0,32,163
01/10/2001,INT,NC,ASO,ES,Federal Contract Tower,1,0,45,0,46,0,0,109,0,109,1,0,154,0,155,86,0,86,241
01/11/2001,INT,NC,ASO,ES,Federal Contract Tower,0,1,47,0,48,0,0,93,0,93,0,1,140,0,141,122,0,122,263
01/12/2001,INT,NC,ASO,ES,Federal Contract Tower,2,0,51,0,53,0,0,53,0,53,2,0,104,0,106,146,0,146,252
01/13/2001,INT,NC,ASO,ES,Federal Contract Tower,1,4,36,0,41,4,2,103,0,109,5,6,139,0,150,158,0,158,308
01/14/2001,INT,NC,ASO,ES,Federal Contract Tower,1,3,34,0,38,1,1,16,0,18,2,4,50,0,56,62,0,62,118
01/15/2001,INT,NC,ASO,ES,Federal Contract Tower,0,3,37,0,40,1,0,35,0,36,1,3,72,0,76,56,0,56,132
01/16/2001,INT,NC,ASO,ES,Federal Contract Tower,1,3,45,0,49,1,0,67,0,68,2,3,112,0,117,52,0,52,169
01/17/2001,INT,NC,ASO,ES,Federal Contract Tower,1,5,61,0,67,2,4,75,0,81,3,9,136,0,148,180,0,180,328
01/18/2001,INT,NC,ASO,ES,Federal Contract Tower,0,4,66,0,70,0,0,5,0,5,0,4,71,0,75,2,0,2,77
01/19/2001,INT,NC,ASO,ES,Federal Contract Tower,0,0,36,0,36,0,0,3,0,3,0,0,39,0,39,0,0,0,39
01/20/2001,INT,NC,ASO,ES,Federal Contract Tower,0,2,15,0,17,2,5,0,0,7,2,7,15,0,24,4,0,4,28
01/21/2001,INT,NC,ASO,ES,Federal Contract Tower,0,0,23,0,23,1,0,74,0,75,1,0,97,0,98,122,0,122,220
01/22/2001,INT,NC,ASO,ES,Federal Contract Tower,1,1,55,0,57,1,0,80,0,81,2,1,135,0,138,70,0,70,208
01/23/2001,INT,NC,ASO,ES,Federal Contract Tower,0,5,67,0,72,0,0,96,0,96,0,5,163,0,168,161,0,161,329
01/24/2001,INT,NC,ASO,ES,Federal Contract Tower,0,0,28,0,28,0,0,115,0,115,0,0,143,0,143,112,0,112,255
01/25/2001,INT,NC,ASO,ES,Federal Contract Tower,1,4,50,0,55,0,0,60,0,60,1,4,110,0,115,12,0,12,127
01/26/2001,INT,NC,ASO,ES,Federal Contract Tower,0,4,47,0,51,0,2,95,0,97,0,6,142,0,148,74,0,74,222
01/27/2001,INT,NC,ASO,ES,Federal Contract Tower,0,1,18,0,19,2,5,50,0,57,2,6,68,0,76,76,0,76,152
01/28/2001,INT,NC,ASO,ES,Federal Contract Tower,0,0,37,0,37,0,0,109,0,109,0,0,146,0,146,164,0,164,310
01/29/2001,INT,NC,ASO,ES,Federal Contract Tower,0,3,44,0,47,0,0,77,0,77,0,3,121,0,124,82,0,82,206
01/30/2001,INT,NC,ASO,ES,Federal Contract Tower,0,3,43,0,46,0,2,18,0,20,0,5,61,0,66,6,0,6,72
01/31/2001,INT,NC,ASO,ES,Federal Contract Tower,0,3,42,0,45,0,3,85,0,88,0,6,127,0,133,80,0,80,213
02/01/2001,INT,NC,ASO,ES,Federal Contract Tower,1,1,37,0,39,0,4,68,0,72,1,5,105,0,111,190,0,190,301
02/02/2001,INT,NC,ASO,ES,Federal Contract Tower,1,3,52,0,56,0,2,74,0,76,1,5,126,0,132,16,0,16,148
02/03/2001,INT,NC,ASO,ES,Federal Contract Tower,0,2,43,0,45,0,2,118,0,120,0,4,161,0,165,232,0,232,397
02/04/2001,INT,NC,ASO,ES,Federal Contract Tower,0,0,18,0,18,0,2,84,0,86,0,2,102,0,104,228,0,228,332
02/05/2001,INT,NC,ASO,ES,Federal Contract Tower,0,0,42,0,42,0,0,69,0,69,0,0,111,0,111,162,0,162,273
02/06/2001,INT,NC,ASO,ES,Federal Contract Tower,0,3,63,0,66,0,1,81,0,82,0,4,144,0,148,116,0,116,264
02/07/2001,INT,NC,ASO,ES,Federal Contract Tower,1,3,66,0,70,1,1,126,0,128,2,4,192,0,198,226,0,226,424
02/08/2001,INT,NC,ASO,ES,Federal Contract Tower,0,3,64,0,67,0,0,89,0,89,0,3,153,0,156,122,0,122,278
02/09/2001,INT,NC,ASO,ES,Federal Contract Tower,1,3,56,0,60,1,1,51,0,53,2,4,107,0,113,120,0,120,233
02/10/2001,INT,NC,ASO,ES,Federal Contract Tower,0,0,17,0,17,0,1,60,0,61,0,1,77,0,78,118,0,118,196
02/11/2001,INT,NC,ASO,ES,Federal Contract Tower,0,1,27,0,28,0,0,77,0,77,0,1,104,0,105,120,0,120,225
02/12/2001,INT,NC,ASO,ES,Federal Contract Tower,0,0,22,0,22,0,0,1,0,1,0,0,23,0,23,0,0,0,23
02/13/2001,INT,NC,ASO,ES,Federal Contract Tower,1,2,60,0,63,0,0,38,0,38,1,2,98,0,101,140,0,140,241
02/14/2001,INT,NC,ASO,ES,Federal Contract Tower,0,2,76,0,78,0,0,3,0,3,0,2,79,0,81,6,0,6,87
02/15/2001,INT,NC,ASO,ES,Federal Contract Tower,1,0,65,0,66,1,0,32,0,33,2,0,97,0,99,114,0,114,213
02/16/2001,INT,NC,ASO,ES,Federal Contract Tower,1,0,57,0,58,1,0,17,0,18,2,0,74,0,76,8,0,8,84
02/17/2001,INT,NC,ASO,ES,Federal Contract Tower,1,1,24,0,26,1,1,38,0,40,2,2,62,0,66,26,0,26,92
02/18/2001,INT,NC,ASO,ES,Federal Contract Tower,0,2,48,0,50,0,1,106,0,107,0,3,154,0,157,76,0,76,233
02/19/2001,INT,NC,ASO,ES,Federal Contract Tower,0,0,31,0,31,0,0,120,0,120,0,0,151,0,151,98,0,98,249
02/20/2001,INT,NC,ASO,ES,Federal Contract Tower,0,2,63,1,66,1,0,83,1,85,1,2,146,2,151,108,0,108,259
02/21/2001,INT,NC,ASO,ES,Federal Contract Tower,0,1,53,0,54,0,0,74,0,74,0,1,127,0,128,86,0,86,214
02/22/2001,INT,NC,ASO,ES,Federal Contract Tower,0,0,23,0,23,0,0,1,0,1,0,0,24,0,24,0,0,0,24
02/23/2001,INT,NC,ASO,ES,Federal Contract Tower,0,3,62,0,65,2,1,77,0,80,2,4,139,0,145,212,0,212,357
02/24/2001,INT,NC,ASO,ES,Federal Contract Tower,0,2,41,0,43,2,1,115,0,118,2,3,156,0,161,140,0,140,301
02/25/2001,INT,NC,ASO,ES,Federal Contract Tower,0,0,32,0,32,0,0,4,0,4,0,0,36,0,36,4,0,4,40
02/26/2001,INT,NC,ASO,ES,Federal Contract Tower,0,1,51,0,52,0,0,100,0,100,0,1,151,0,152,140,0,140,292
02/27/2001,INT,NC,ASO,ES,Federal Contract Tower,0,0,41,0,41,0,0,119,0,119,0,0,160,0,160,222,0,222,382
02/28/2001,INT,NC,ASO,ES,Federal Contract Tower,0,3,53,0,56,1,0,77,0,78,1,3,130,0,134,156,0,156,290
03/01/2001,INT,NC,ASO,ES,Federal Contract Tower,0,1,49,0,50,0,2,93,0,95,0,3,142,0,145,120,0,120,265
03/02/2001,INT,NC,ASO,ES,Federal Contract Tower,0,1,55,0,56,0,0,78,2,80,0,1,133,2,136,68,0,68,204
03/03/2001,INT,NC,ASO,ES,Federal Contract Tower,1,0,30,0,31,1,1,0,0,2,2,1,30,0,33,30,0,30,63
03/04/2001,INT,NC,ASO,ES,Federal Contract Tower,0,0,7,0,7,0,0,1,0,1,0,0,8,0,8,0,0,0,8
03/05/2001,INT,NC,ASO,ES,Federal Contract Tower,0,1,27,0,28,0,0,29,0,29,0,1,56,0,57,18,0,18,75
03/06/2001,INT,NC,ASO,ES,Federal Contract Tower,0,1,37,0,38,0,0,19,0,19,0,1,56,0,57,0,0,0,57
03/07/2001,INT,NC,ASO,ES,Federal Contract Tower,0,2,43,0,45,0,0,61,0,61,0,2,104,0,106,0,0,0,106
03/08/2001,INT,NC,ASO,ES,Federal Contract Tower,0,1,55,0,56,0,0,112,0,112,0,1,167,0,168,52,0,52,220
03/09/2001,INT,NC,ASO,ES,Federal Contract Tower,1,2,67,0,70,0,0,63,0,63,1,2,130,0,133,40,0,40,173
03/10/2001,INT,NC,ASO,ES,Federal Contract Tower,0,2,50,0,52,0,1,100,0,101,0,3,150,0,153,118,0,118,271
03/11/2001,INT,NC,ASO,ES,Federal Contract Tower,0,2,39,0,41,0,1,76,0,77,0,3,115,0,118,88,0,88,206
03/12/2001,INT,NC,ASO,ES,Federal Contract Tower,1,1,37,0,39,0,0,59,0,59,1,1,96,0,98,98,0,98,196
03/13/2001,INT,NC,ASO,ES,Federal Contract Tower,0,1,48,0,49,0,0,30,3,33,0,1,78,3,82,2,0,2,84
03/14/2001,INT,NC,ASO,ES,Federal Contract Tower,0,1,43,0,44,0,0,70,0,70,0,1,113,0,114,130,0,130,244
03/15/2001,INT,NC,ASO,ES,Federal Contract Tower,0,2,45,0,47,0,0,1,0,1,0,2,46,0,48,16,0,16,64
03/16/2001,INT,NC,ASO,ES,Federal Contract Tower,0,2,56,0,58,0,0,4,0,4,0,2,60,0,62,8,0,8,70
03/17/2001,INT,NC,ASO,ES,Federal Contract Tower,0,0,43,0,43,0,0,101,0,101,0,0,144,0,144,64,0,64,208
03/18/2001,INT,NC,ASO,ES,Federal Contract Tower,0,2,44,0,46,0,0,79,0,79,0,2,123,0,125,90,0,90,215
03/19/2001,INT,NC,ASO,ES,Federal Contract Tower,0,1,52,0,53,0,0,125,0,125,0,1,177,0,178,104,0,104,282
03/20/2001,INT,NC,ASO,ES,Federal Contract Tower,0,0,22,0,22,0,3,4,0,7,0,3,26,0,29,0,0,0,29
03/21/2001,INT,NC,ASO,ES,Federal Contract Tower,0,0,48,0,48,0,0,1,0,1,0,0,49,0,49,8,0,8,57
03/22/2001,INT,NC,ASO,ES,Federal Contract Tower,0,3,61,0,64,1,1,66,1,69,1,4,127,1,133,80,0,80,213
03/23/2001,INT,NC,ASO,ES,Federal Contract Tower,0,3,65,0,68,1,1,100,0,102,1,4,165,0,170,126,0,126,296
03/24/2001,INT,NC,ASO,ES,Federal Contract Tower,0,1,31,0,32,2,0,79,0,81,2,1,110,0,113,108,0,108,221
03/25/2001,INT,NC,ASO,ES,Federal Contract Tower,0,3,55,0,58,3,2,95,0,100,3,5,150,0,158,134,0,134,292
03/26/2001,INT,NC,ASO,ES,Federal Contract Tower,0,3,54,0,57,2,3,93,0,98,2,6,147,0,155,158,0,158,313
03/27/2001,INT,NC,ASO,ES,Federal Contract Tower,0,0,43,0,43,0,0,93,0,93,0,0,136,0,136,156,0,156,292
03/28/2001,INT,NC,ASO,ES,Federal Contract Tower,0,0,40,0,40,0,0,110,0,110,0,0,150,0,150,98,0,98,248
03/29/2001,INT,NC,ASO,ES,Federal Contract Tower,0,4,76,0,80,1,2,0,0,3,1,6,76,0,83,4,0,4,87
03/30/2001,INT,NC,ASO,ES,Federal Contract Tower,0,3,59,0,62,2,2,53,0,57,2,5,112,0,119,150,0,150,269
03/31/2001,INT,NC,ASO,ES,Federal Contract Tower,0,0,43,0,43,1,0,79,0,80,1,0,122,0,123,168,0,168,291
04/01/2001,INT,NC,ASO,ES,Federal Contract Tower,0,0,14,0,14,0,0,4,0,4,0,0,18,0,18,2,0,2,20
04/02/2001,INT,NC,ASO,ES,Federal Contract Tower,0,3,81,1,85,0,7,97,2,106,0,10,178,3,191,86,0,86,277
04/03/2001,INT,NC,ASO,ES,Federal Contract Tower,0,2,67,0,69,0,0,37,0,37,0,2,104,0,106,82,0,82,188
04/04/2001,INT,NC,ASO,ES,Federal Contract Tower,1,1,73,0,75,0,0,54,0,54,1,1,127,0,129,114,0,114,243
04/05/2001,INT,NC,ASO,ES,Federal Contract Tower,1,1,79,0,81,1,0,69,0,70,2,1,148,0,151,108,0,108,259
04/06/2001,INT,NC,ASO,ES,Federal Contract Tower,1,0,61,0,62,0,0,71,0,71,1,0,132,0,133,38,0,38,171
04/07/2001,INT,NC,ASO,ES,Federal Contract Tower,1,2,33,0,36,0,0,104,0,104,1,2,137,0,140,86,0,86,226
04/08/2001,INT,NC,ASO,ES,Federal Contract Tower,2,0,24,0,26,0,0,79,0,79,2,0,103,0,105,88,0,88,193
04/09/2001,INT,NC,ASO,ES,Federal Contract Tower,0,2,52,0,54,1,0,48,1,50,1,2,100,1,104,44,0,44,148
04/10/2001,INT,NC,ASO,ES,Federal Contract Tower,0,3,59,0,62,10,2,73,1,86,10,5,132,1,148,96,0,96,244
04/11/2001,INT,NC,ASO,ES,Federal Contract Tower,2,2,46,1,51,0,0,43,0,43,2,2,89,1,94,50,0,50,144
04/12/2001,INT,NC,ASO,ES,Federal Contract Tower,0,5,55,0,60,0,0,65,0,65,0,5,120,0,125,64,0,64,189
04/13/2001,INT,NC,ASO,ES,Federal Contract Tower,0,2,55,0,57,0,0,59,0,59,0,2,114,0,116,60,0,60,176
04/14/2001,INT,NC,ASO,ES,Federal Contract Tower,0,0,29,0,29,0,0,104,0,104,0,0,133,0,133,64,0,64,197
04/15/2001,INT,NC,ASO,ES,Federal Contract Tower,0,0,26,0,26,0,0,14,0,14,0,0,40,0,40,0,0,0,40
04/16/2001,INT,NC,ASO,ES,Federal Contract Tower,0,3,51,0,54,0,0,49,0,49,0,3,100,0,103,18,0,18,121
04/17/2001,INT,NC,ASO,ES,Federal Contract Tower,0,3,50,0,53,0,0,46,0,46,0,3,96,0,99,34,0,34,133
04/18/2001,INT,NC,ASO,ES,Federal Contract Tower,0,1,53,0,54,0,0,61,0,61,0,1,114,0,115,12,0,12,127
04/19/2001,INT,NC,ASO,ES,Federal Contract Tower,0,1,59,0,60,0,0,124,0,124,0,1,183,0,184,102,0,102,286
04/20/2001,INT,NC,ASO,ES,Federal Contract Tower,0,3,39,2,44,0,1,85,4,90,0,4,124,6,134,76,4,80,214
04/21/2001,INT,NC,ASO,ES,Federal Contract Tower,0,2,22,0,24,0,0,66,0,66,0,2,88,0,90,30,0,30,120
04/22/2001,INT,NC,ASO,ES,Federal Contract Tower,0,3,37,0,40,0,0,71,0,71,0,3,108,0,111,42,0,42,153
04/23/2001,INT,NC,ASO,ES,Federal Contract Tower,0,3,66,0,69,0,0,105,0,105,0,3,171,0,174,68,0,68,242
04/24/2001,INT,NC,ASO,ES,Federal Contract Tower,0,5,61,0,66,0,0,51,0,51,0,5,112,0,117,44,0,44,161
04/25/2001,INT,NC,ASO,ES,Federal Contract Tower,0,2,95,0,97,0,0,149,0,149,0,2,244,0,246,100,0,100,346
04/26/2001,INT,NC,ASO,ES,Federal Contract Tower,0,6,63,0,69,0,0,99,0,99,0,6,162,0,168,38,0,38,206
04/27/2001,INT,NC,ASO,ES,Federal Contract Tower,0,2,69,0,71,0,0,127,0,127,0,2,196,0,198,110,0,110,308
04/28/2001,INT,NC,ASO,ES,Federal Contract Tower,4,0,31,0,35,0,0,64,0,64,4,0,95,0,99,76,0,76,175
04/29/2001,INT,NC,ASO,ES,Federal Contract Tower,0,0,36,0,36,0,1,76,0,77,0,1,112,0,113,48,0,48,161
04/30/2001,INT,NC,ASO,ES,Federal Contract Tower,0,4,41,0,45,0,0,92,13,105,0,4,133,13,150,76,2,78,228
05/01/2001,INT,NC,ASO,ES,Federal Contract Tower,2,0,54,0,56,0,1,81,0,82,2,1,135,0,138,110,0,110,248
05/02/2001,INT,NC,ASO,ES,Federal Contract Tower,2,0,55,0,57,0,0,96,0,96,2,0,151,0,153,116,2,118,271
05/03/2001,INT,NC,ASO,ES,Federal Contract Tower,4,0,70,1,75,0,0,84,0,84,4,0,154,1,159,186,8,194,353
05/04/2001,INT,NC,ASO,ES,Federal Contract Tower,0,2,59,0,61,0,0,112,0,112,0,2,171,0,173,134,0,134,307
05/05/2001,INT,NC,ASO,ES,Federal Contract Tower,2,2,24,0,28,0,0,75,0,75,2,2,99,0,103,82,0,82,185
05/06/2001,INT,NC,ASO,ES,Federal Contract Tower,0,3,22,0,25,0,0,57,0,57,0,3,79,0,82,34,0,34,116
05/07/2001,INT,NC,ASO,ES,Federal Contract Tower,0,1,50,0,51,0,0,85,0,85,0,1,135,0,136,48,0,48,184
05/08/2001,INT,NC,ASO,ES,Federal Contract Tower,0,4,58,0,62,0,0,86,0,86,0,4,144,0,148,100,0,100,248
05/09/2001,INT,NC,ASO,ES,Federal Contract Tower,0,3,61,0,64,0,0,116,0,116,0,3,177,0,180,40,0,40,220
05/10/2001,INT,NC,ASO,ES,Federal Contract Tower,0,0,49,0,49,0,0,90,0,90,0,0,139,0,139,170,0,170,309
05/11/2001,INT,NC,ASO,ES,Federal Contract Tower,1,5,55,0,61,0,0,84,0,84,1,5,139,0,145,74,0,74,219
05/12/2001,INT,NC,ASO,ES,Federal Contract Tower,0,7,25,0,32,0,0,57,0,57,0,7,82,0,89,48,0,48,137
05/13/2001,INT,NC,ASO,ES,Federal Contract Tower,0,9,19,0,28,0,0,75,0,75,0,9,94,0,103,0,0,0,103
05/14/2001,INT,NC,ASO,ES,Federal Contract Tower,0,2,46,0,48,0,0,90,0,90,0,2,136,0,138,82,0,82,220
05/15/2001,INT,NC,ASO,ES,Federal Contract Tower,1,5,68,0,74,0,0,68,0,68,1,5,136,0,142,88,0,88,230
05/16/2001,INT,NC,ASO,ES,Federal Contract Tower,0,0,76,0,76,0,0,5,0,5,0,0,81,0,81,6,0,6,87
05/17/2001,INT,NC,ASO,ES,Federal Contract Tower,3,2,68,0,73,0,0,0,0,0,3,2,68,0,73,0,0,0,73
05/18/2001,INT,NC,ASO,ES,Federal Contract Tower,0,2,71,0,73,0,0,51,0,51,0,2,122,0,124,104,0,104,228
05/19/2001,INT,NC,ASO,ES,Federal Contract Tower,2,4,40,0,46,0,0,86,0,86,2,4,126,0,132,58,0,58,190
05/20/2001,INT,NC,ASO,ES,Federal Contract Tower,0,5,29,0,34,0,0,16,0,16,0,5,45,0,50,4,0,4,54
05/21/2001,INT,NC,ASO,ES,Federal Contract Tower,4,9,69,0,82,0,0,2,0,2,4,9,71,0,84,6,0,6,90
05/22/2001,INT,NC,ASO,ES,Federal Contract Tower,0,0,59,0,59,0,0,35,0,35,0,0,94,0,94,30,0,30,124
05/23/2001,INT,NC,ASO,ES,Federal Contract Tower,0,4,72,0,76,0,0,123,0,123,0,4,195,0,199,66,0,66,265
05/24/2001,INT,NC,ASO,ES,Federal Contract Tower,2,1,55,0,58,0,0,80,0,80,2,1,135,0,138,112,0,112,250
05/25/2001,INT,NC,ASO,ES,Federal Contract Tower,0,2,45,0,47,0,0,49,0,49,0,2,94,0,96,128,0,128,224
05/26/2001,INT,NC,ASO,ES,Federal Contract Tower,3,1,22,0,26,0,0,28,0,28,3,1,50,0,54,72,0,72,126
05/27/2001,INT,NC,ASO,ES,Federal Contract Tower,0,1,27,0,28,0,0,46,0,46,0,1,73,0,74,86,0,86,160
05/28/2001,INT,NC,ASO,ES,Federal Contract Tower,0,2,21,0,23,0,0,37,0,37,0,2,58,0,60,160,0,160,220
05/29/2001,INT,NC,ASO,ES,Federal Contract Tower,0,1,67,0,68,0,0,69,0,69,0,1,136,0,137,78,0,78,215
05/30/2001,INT,NC,ASO,ES,Federal Contract Tower,0,2,45,0,47,0,0,108,0,108,0,2,153,0,155,130,0,130,285
05/31/2001,INT,NC,ASO,ES,Federal Contract Tower,2,3,54,0,59,0,0,73,0,73,2,3,127,0,132,82,2,84,216
06/01/2001,INT,NC,ASO,ES,Federal Contract Tower,0,6,42,0,48,0,0,0,0,0,0,6,42,0,48,8,0,8,56
06/02/2001,INT,NC,ASO,ES,Federal Contract Tower,0,4,36,0,40,0,0,43,2,45,0,4,79,2,85,54,0,54,139
06/03/2001,INT,NC,ASO,ES,Federal Contract Tower,0,8,27,0,35,0,0,45,0,45,0,8,72,0,80,8,0,8,88
06/04/2001,INT,NC,ASO,ES,Federal Contract Tower,0,1,49,3,53,0,0,82,0,82,0,1,131,3,135,90,0,90,225
06/05/2001,INT,NC,ASO,ES,Federal Contract Tower,0,4,50,0,54,0,0,77,0,77,0,4,127,0,131,78,0,78,209
06/06/2001,INT,NC,ASO,ES,Federal Contract Tower,0,7,56,0,63,0,0,82,0,82,0,7,138,0,145,94,0,94,239
06/07/2001,INT,NC,ASO,ES,Federal Contract Tower,0,6,45,0,51,0,0,60,0,60,0,6,105,0,111,66,0,66,177
06/08/2001,INT,NC,ASO,ES,Federal Contract Tower,0,5,50,0,55,0,0,57,0,57,0,5,107,0,112,58,0,58,170
06/09/2001,INT,NC,ASO,ES,Federal Contract Tower,1,2,31,0,34,0,0,73,0,73,1,2,104,0,107,24,0,24,131
06/10/2001,INT,NC,ASO,ES,Federal Contract Tower,0,0,40,0,40,0,0,82,0,82,0,0,122,0,122,116,0,116,238
06/11/2001,INT,NC,ASO,ES,Federal Contract Tower,0,3,53,0,56,0,0,75,0,75,0,3,128,0,131,162,0,162,293
06/12/2001,INT,NC,ASO,ES,Federal Contract Tower,0,2,42,0,44,0,0,82,0,82,0,2,124,0,126,168,0,168,294
06/13/2001,INT,NC,ASO,ES,Federal Contract Tower,0,3,54,0,57,0,0,54,0,54,0,3,108,0,111,72,0,72,183
06/14/2001,INT,NC,ASO,ES,Federal Contract Tower,1,6,61,0,68,1,0,48,0,49,2,6,109,0,117,60,0,60,177
06/15/2001,INT,NC,ASO,ES,Federal Contract Tower,0,2,38,0,40,0,0,62,0,62,0,2,100,0,102,64,0,64,166
06/16/2001,INT,NC,ASO,ES,Federal Contract Tower,0,3,19,0,22,0,1,59,0,60,0,4,78,0,82,120,0,120,202
06/17/2001,INT,NC,ASO,ES,Federal Contract Tower,0,1,24,0,25,0,0,66,0,66,0,1,90,0,91,48,0,48,139
06/18/2001,INT,NC,ASO,ES,Federal Contract Tower,0,0,45,0,45,0,0,83,0,83,0,0,128,0,128,100,0,100,228
06/19/2001,INT,NC,ASO,ES,Federal Contract Tower,0,6,39,0,45,0,0,86,0,86,0,6,125,0,131,121,0,121,252
06/20/2001,INT,NC,ASO,ES,Federal Contract Tower,0,3,61,1,65,0,0,64,0,64,0,3,125,1,129,90,2,92,221
06/21/2001,INT,NC,ASO,ES,Federal Contract Tower,0,2,45,0,47,0,0,75,0,75,0,2,120,0,122,156,0,156,278
06/22/2001,INT,NC,ASO,ES,Federal Contract Tower,0,2,52,0,54,0,0,41,0,41,0,2,93,0,95,70,0,70,165
06/23/2001,INT,NC,ASO,ES,Federal Contract Tower,1,1,31,0,33,0,0,48,0,48,1,1,79,0,81,94,0,94,175
06/24/2001,INT,NC,ASO,ES,Federal Contract Tower,0,5,29,0,34,0,0,47,0,47,0,5,76,0,81,32,0,32,113
06/25/2001,INT,NC,ASO,ES,Federal Contract Tower,0,7,39,0,46,0,0,59,0,59,0,7,98,0,105,162,0,162,267
06/26/2001,INT,NC,ASO,ES,Federal Contract Tower,0,1,44,0,45,0,0,51,0,51,0,1,95,0,96,68,0,68,164
06/27/2001,INT,NC,ASO,ES,Federal Contract Tower,1,0,58,2,61,0,0,89,0,89,1,0,147,2,150,132,0,132,282
06/28/2001,INT,NC,ASO,ES,Federal Contract Tower,0,2,53,0,55,0,0,78,0,78,0,2,131,0,133,84,0,84,217
06/29/2001,INT,NC,ASO,ES,Federal Contract Tower,1,3,54,0,58,0,2,97,2,101,1,5,151,2,159,86,0,86,245
06/30/2001,INT,NC,ASO,ES,Federal Contract Tower,0,4,13,0,17,0,0,68,0,68,0,4,81,0,85,122,0,122,207
07/01/2001,INT,NC,ASO,ES,Federal Contract Tower,0,1,18,0,19,0,0,56,0,56,0,1,74,0,75,24,0,24,99
07/02/2001,INT,NC,ASO,ES,Federal Contract Tower,0,0,44,0,44,0,0,118,0,118,0,0,162,0,162,80,0,80,242
07/03/2001,INT,NC,ASO,ES,Federal Contract Tower,1,0,43,0,44,0,0,40,2,42,1,0,83,2,86,52,2,54,140
07/04/2001,INT,NC,ASO,ES,Federal Contract Tower,0,0,13,0,13,0,0,14,0,14,0,0,27,0,27,6,0,6,33
07/05/2001,INT,NC,ASO,ES,Federal Contract Tower,0,2,31,0,33,0,0,89,0,89,0,2,120,0,122,94,0,94,216
07/06/2001,INT,NC,ASO,ES,Federal Contract Tower,0,0,30,6,36,0,1,104,1,106,0,1,134,7,142,114,0,114,256
07/07/2001,INT,NC,ASO,ES,Federal Contract Tower,0,4,22,0,26,0,0,103,0,103,0,4,125,0,129,86,0,86,215
07/08/2001,INT,NC,ASO,ES,Federal Contract Tower,0,6,27,0,33,0,0,12,0,12,0,6,39,0,45,22,0,22,67
07/09/2001,INT,NC,ASO,ES,Federal Contract Tower,0,3,58,0,61,0,0,55,0,55,0,3,113,0,116,90,0,90,206
07/10/2001,INT,NC,ASO,ES,Federal Contract Tower,1,4,47,0,52,0,0,75,0,75,1,4,122,0,127,54,0,54,181
07/11/2001,INT,NC,ASO,ES,Federal Contract Tower,0,2,66,0,68,0,0,67,0,67,0,2,133,0,135,98,0,98,233
07/12/2001,INT,NC,ASO,ES,Federal Contract Tower,0,0,49,0,49,0,0,89,0,89,0,0,138,0,138,178,0,178,316
07/13/2001,INT,NC,ASO,ES,Federal Contract Tower,0,1,50,0,51,0,0,76,0,76,0,1,126,0,127,102,0,102,229
07/14/2001,INT,NC,ASO,ES,Federal Contract Tower,0,0,15,0,15,0,0,121,0,121,0,0,136,0,136,44,0,44,180
07/15/2001,INT,NC,ASO,ES,Federal Contract Tower,1,0,28,0,29,0,0,83,0,83,1,0,111,0,112,34,0,34,146
07/16/2001,INT,NC,ASO,ES,Federal Contract Tower,1,5,26,0,32,0,0,104,5,109,1,5,130,5,141,80,0,80,221
07/17/2001,INT,NC,ASO,ES,Federal Contract Tower,1,0,41,0,42,0,0,79,0,79,1,0,120,0,121,86,0,86,207
07/18/2001,INT,NC,ASO,ES,Federal Contract Tower,2,0,67,0,69,0,0,43,0,43,2,0,110,0,112,112,0,112,224
07/19/2001,INT,NC,ASO,ES,Federal Contract Tower,1,1,47,0,49,0,0,43,0,43,1,1,90,0,92,96,0,96,188
07/20/2001,INT,NC,ASO,ES,Federal Contract Tower,0,3,38,0,41,0,0,62,0,62,0,3,100,0,103,46,0,46,149
07/21/2001,INT,NC,ASO,ES,Federal Contract Tower,0,2,20,0,22,0,0,85,0,85,0,2,105,0,107,58,0,58,165
07/22/2001,INT,NC,ASO,ES,Federal Contract Tower,0,0,29,0,29,0,0,73,0,73,0,0,102,0,102,76,0,76,178
07/23/2001,INT,NC,ASO,ES,Federal Contract Tower,0,2,47,0,49,0,0,49,0,49,0,2,96,0,98,62,0,62,160
07/24/2001,INT,NC,ASO,ES,Federal Contract Tower,0,1,38,0,39,0,0,29,0,29,0,1,67,0,68,64,2,66,134
07/25/2001,INT,NC,ASO,ES,Federal Contract Tower,0,0,73,0,73,0,0,17,0,17,0,0,90,0,90,0,0,0,90
07/26/2001,INT,NC,ASO,ES,Federal Contract Tower,0,3,61,0,64,0,0,13,0,13,0,3,74,0,77,64,0,64,141
07/27/2001,INT,NC,ASO,ES,Federal Contract Tower,0,6,45,0,51,0,0,10,0,10,0,6,55,0,61,40,0,40,101
07/28/2001,INT,NC,ASO,ES,Federal Contract Tower,0,1,20,0,21,0,0,23,0,23,0,1,43,0,44,40,0,40,84
07/29/2001,INT,NC,ASO,ES,Federal Contract Tower,0,3,19,0,22,0,0,1,0,1,0,3,20,0,23,4,0,4,27
07/30/2001,INT,NC,ASO,ES,Federal Contract Tower,1,3,38,0,42,0,0,63,0,63,1,3,101,0,105,154,0,154,259
07/31/2001,INT,NC,ASO,ES,Federal Contract Tower,0,2,47,0,49,0,0,103,0,103,0,2,150,0,152,286,0,286,438
08/01/2001,INT,NC,ASO,ES,Federal Contract Tower,1,5,65,0,71,0,1,60,0,61,1,6,125,0,132,78,0,78,210
08/02/2001,INT,NC,ASO,ES,Federal Contract Tower,0,5,56,0,61,0,0,117,0,117,0,5,173,0,178,62,0,62,240
08/03/2001,INT,NC,ASO,ES,Federal Contract Tower,0,6,49,0,55,0,0,103,0,103,0,6,152,0,158,108,0,108,266
08/04/2001,INT,NC,ASO,ES,Federal Contract Tower,1,2,18,0,21,0,0,57,0,57,1,2,75,0,78,88,0,88,166
08/05/2001,INT,NC,ASO,ES,Federal Contract Tower,0,1,29,0,30,0,0,64,0,64,0,1,93,0,94,78,0,78,172
08/06/2001,INT,NC,ASO,ES,Federal Contract Tower,0,5,41,0,46,0,0,107,0,107,0,5,148,0,153,106,0,106,259
08/07/2001,INT,NC,ASO,ES,Federal Contract Tower,0,0,41,0,41,0,0,82,0,82,0,0,123,0,123,70,0,70,193
08/08/2001,INT,NC,ASO,ES,Federal Contract Tower,0,3,54,0,57,0,0,62,0,62,0,3,116,0,119,72,0,72,191
08/09/2001,INT,NC,ASO,ES,Federal Contract Tower,0,3,67,0,70,0,0,52,0,52,0,3,119,0,122,100,0,100,222
08/10/2001,INT,NC,ASO,ES,Federal Contract Tower,0,1,43,0,44,0,0,75,0,75,0,1,118,0,119,38,0,38,157
08/11/2001,INT,NC,ASO,ES,Federal Contract Tower,0,2,13,0,15,0,0,37,0,37,0,2,50,0,52,44,0,44,96
08/12/2001,INT,NC,ASO,ES,Federal Contract Tower,0,2,15,0,17,0,0,24,0,24,0,2,39,0,41,8,0,8,49
08/13/2001,INT,NC,ASO,ES,Federal Contract Tower,1,2,32,0,35,0,0,14,0,14,1,2,46,0,49,18,0,18,67
08/14/2001,INT,NC,ASO,ES,Federal Contract Tower,3,2,54,0,59,0,0,78,0,78,3,2,132,0,137,60,0,60,197
08/15/2001,INT,NC,ASO,ES,Federal Contract Tower,6,5,47,0,58,0,0,112,0,112,6,5,159,0,170,80,0,80,250
08/16/2001,INT,NC,ASO,ES,Federal Contract Tower,5,10,50,0,65,0,1,80,4,85,5,11,130,4,150,120,0,120,270
08/17/2001,INT,NC,ASO,ES,Federal Contract Tower,0,3,61,0,64,0,0,58,0,58,0,3,119,0,122,54,0,54,176
08/18/2001,INT,NC,ASO,ES,Federal Contract Tower,1,0,11,0,12,0,0,33,0,33,1,0,44,0,45,24,0,24,69
08/19/2001,INT,NC,ASO,ES,Federal Contract Tower,0,0,27,0,27,0,0,14,0,14,0,0,41,0,41,2,0,2,43
08/20/2001,INT,NC,ASO,ES,Federal Contract Tower,0,2,42,0,44,0,0,95,0,95,0,2,137,0,139,76,0,76,215
08/21/2001,INT,NC,ASO,ES,Federal Contract Tower,0,3,49,0,52,0,0,107,0,107,0,3,156,0,159,55,0,55,214
08/22/2001,INT,NC,ASO,ES,Federal Contract Tower,0,3,55,0,58,0,0,101,0,101,0,3,156,0,159,62,0,62,221
08/23/2001,INT,NC,ASO,ES,Federal Contract Tower,0,3,43,0,46,0,0,77,0,77,0,3,120,0,123,18,0,18,141
08/24/2001,INT,NC,ASO,ES,Federal Contract Tower,0,3,65,0,68,0,0,82,3,85,0,3,147,3,153,30,4,34,187
08/25/2001,INT,NC,ASO,ES,Federal Contract Tower,0,2,14,0,16,0,0,85,0,85,0,2,99,0,101,62,0,62,163
08/26/2001,INT,NC,ASO,ES,Federal Contract Tower,1,4,22,0,27,0,0,70,0,70,1,4,92,0,97,27,0,27,124
08/27/2001,INT,NC,ASO,ES,Federal Contract Tower,0,2,26,0,28,0,0,62,0,62,0,2,88,0,90,120,0,120,210
08/28/2001,INT,NC,ASO,ES,Federal Contract Tower,2,11,58,0,71,0,0,92,0,92,2,11,150,0,163,62,0,62,225
08/29/2001,INT,NC,ASO,ES,Federal Contract Tower,0,5,53,0,58,0,1,79,0,80,0,6,132,0,138,108,0,108,246
08/30/2001,INT,NC,ASO,ES,Federal Contract Tower,0,1,72,0,73,0,0,63,3,66,0,1,135,3,139,54,0,54,193
08/31/2001,INT,NC,ASO,ES,Federal Contract Tower,0,6,58,0,64,0,0,49,0,49,0,6,107,0,113,52,0,52,165
09/01/2001,INT,NC,ASO,ES,Federal Contract Tower,0,2,17,0,19,0,0,14,0,14,0,2,31,0,33,40,0,40,73
09/02/2001,INT,NC,ASO,ES,Federal Contract Tower,0,2,16,0,18,0,0,9,0,9,0,2,25,0,27,14,0,14,41
09/03/2001,INT,NC,ASO,ES,Federal Contract Tower,1,1,33,0,35,0,0,44,0,44,1,1,77,0,79,100,0,100,179
09/04/2001,INT,NC,ASO,ES,Federal Contract Tower,0,0,40,0,40,0,0,26,0,26,0,0,66,0,66,36,0,36,102
09/05/2001,INT,NC,ASO,ES,Federal Contract Tower,0,3,58,0,61,0,0,120,0,120,0,3,178,0,181,66,0,66,247
09/06/2001,INT,NC,ASO,ES,Federal Contract Tower,0,4,55,0,59,0,0,87,0,87,0,4,142,0,146,74,0,74,220
09/07/2001,INT,NC,ASO,ES,Federal Contract Tower,0,3,46,6,55,0,0,106,17,123,0,3,152,23,178,26,28,54,232
09/08/2001,INT,NC,ASO,ES,Federal Contract Tower,0,2,16,1,19,0,0,86,0,86,0,2,102,1,105,6,0,6,111
09/09/2001,INT,NC,ASO,ES,Federal Contract Tower,0,2,19,9,30,0,0,36,0,36,0,2,55,9,66,2,0,2,68
09/10/2001,INT,NC,ASO,ES,Federal Contract Tower,0,3,42,8,53,0,0,54,0,54,0,3,96,8,107,20,2,22,129
09/11/2001,INT,NC,ASO,ES,Federal Contract Tower,0,1,11,0,12,0,0,20,0,20,0,1,31,0,32,2,0,2,34
09/12/2001,INT,NC,ASO,ES,Federal Contract Tower,0,0,2,0,2,0,0,2,0,2,0,0,4,0,4,0,0,0,4
09/13/2001,INT,NC,ASO,ES,Federal Contract Tower,0,4,0,0,4,0,0,0,0,0,0,4,0,0,4,6,0,6,10
09/14/2001,INT,NC,ASO,ES,Federal Contract Tower,0,14,6,0,20,0,0,3,0,3,0,14,9,0,23,4,0,4,27
09/15/2001,INT,NC,ASO,ES,Federal Contract Tower,0,2,21,0,23,0,0,1,0,1,0,2,22,0,24,4,0,4,28
09/16/2001,INT,NC,ASO,ES,Federal Contract Tower,0,4,19,0,23,0,0,0,0,0,0,4,19,0,23,0,0,0,23
09/17/2001,INT,NC,ASO,ES,Federal Contract Tower,0,1,41,0,42,0,0,2,0,2,0,1,43,0,44,0,0,0,44
09/18/2001,INT,NC,ASO,ES,Federal Contract Tower,4,14,68,0,86,0,0,0,0,0,4,14,68,0,86,2,0,2,88
09/19/2001,INT,NC,ASO,ES,Federal Contract Tower,0,12,78,0,90,0,0,2,0,2,0,12,80,0,92,0,0,0,92
09/20/2001,INT,NC,ASO,ES,Federal Contract Tower,1,6,54,0,61,0,0,5,0,5,1,6,59,0,66,0,0,0,66
09/21/2001,INT,NC,ASO,ES,Federal Contract Tower,0,8,53,0,61,0,1,58,6,65,0,9,111,6,126,2,0,2,128
09/22/2001,INT,NC,ASO,ES,Federal Contract Tower,0,3,28,0,31,0,0,71,0,71,0,3,99,0,102,38,0,38,140
09/23/2001,INT,NC,ASO,ES,Federal Contract Tower,0,3,40,0,43,0,2,82,0,84,0,5,122,0,127,74,0,74,201
09/24/2001,INT,NC,ASO,ES,Federal Contract Tower,0,2,31,0,33,0,0,0,0,0,0,2,31,0,33,0,0,0,33
09/25/2001,INT,NC,ASO,ES,Federal Contract Tower,0,5,34,0,39,0,1,61,0,62,0,6,95,0,101,64,0,64,165
09/26/2001,INT,NC,ASO,ES,Federal Contract Tower,0,0,51,0,51,0,0,86,0,86,0,0,137,0,137,96,0,96,233
09/27/2001,INT,NC,ASO,ES,Federal Contract Tower,0,3,47,0,50,0,0,95,0,95,0,3,142,0,145,124,0,124,269
09/28/2001,INT,NC,ASO,ES,Federal Contract Tower,0,9,80,0,89,0,1,99,0,100,0,10,179,0,189,28,0,28,217
09/29/2001,INT,NC,ASO,ES,Federal Contract Tower,0,3,21,0,24,0,0,64,0,64,0,3,85,0,88,34,0,34,122
09/30/2001,INT,NC,ASO,ES,Federal Contract Tower,1,5,34,0,40,0,0,67,0,67,1,5,101,0,107,38,0,38,145
10/01/2001,INT,NC,ASO,ES,Federal Contract Tower,2,4,41,0,47,0,0,82,0,82,2,4,123,0,129,62,0,62,191
10/02/2001,INT,NC,ASO,ES,Federal Contract Tower,3,4,37,1,45,0,1,64,0,65,3,5,101,1,110,46,0,46,156
10/03/2001,INT,NC,ASO,ES,Federal Contract Tower,2,5,49,0,56,0,0,88,1,89,2,5,137,1,145,68,0,68,213
10/04/2001,INT,NC,ASO,ES,Federal Contract Tower,2,5,56,0,63,0,0,93,0,93,2,5,149,0,156,64,0,64,220
10/05/2001,INT,NC,ASO,ES,Federal Contract Tower,1,7,66,0,74,0,0,69,0,69,1,7,135,0,143,72,0,72,215
10/06/2001,INT,NC,ASO,ES,Federal Contract Tower,0,3,22,0,25,0,0,12,0,12,0,3,34,0,37,28,0,28,65
10/07/2001,INT,NC,ASO,ES,Federal Contract Tower,0,0,25,0,25,0,0,84,0,84,0,0,109,0,109,30,0,30,139
10/08/2001,INT,NC,ASO,ES,Federal Contract Tower,0,3,32,0,35,0,1,57,0,58,0,4,89,0,93,72,0,72,165
10/09/2001,INT,NC,ASO,ES,Federal Contract Tower,0,4,51,0,55,0,0,88,0,88,0,4,139,0,143,72,0,72,215
10/10/2001,INT,NC,ASO,ES,Federal Contract Tower,0,7,60,0,67,0,1,72,0,73,0,8,132,0,140,82,0,82,222
10/11/2001,INT,NC,ASO,ES,Federal Contract Tower,1,8,48,0,57,0,0,60,0,60,1,8,108,0,117,74,0,74,191
10/12/2001,INT,NC,ASO,ES,Federal Contract Tower,0,8,57,0,65,0,1,57,0,58,0,9,114,0,123,50,0,50,173
10/13/2001,INT,NC,ASO,ES,Federal Contract Tower,0,3,11,0,14,0,0,107,0,107,0,3,118,0,121,114,0,114,235
10/14/2001,INT,NC,ASO,ES,Federal Contract Tower,0,6,31,0,37,0,0,2,0,2,0,6,33,0,39,2,0,2,41
10/15/2001,INT,NC,ASO,ES,Federal Contract Tower,0,8,41,0,49,0,0,116,0,116,0,8,157,0,165,118,0,118,283
10/16/2001,INT,NC,ASO,ES,Federal Contract Tower,0,1,48,0,49,0,0,51,0,51,0,1,99,0,100,66,0,66,166
10/17/2001,INT,NC,ASO,ES,Federal Contract Tower,2,5,39,0,46,0,0,81,2,83,2,5,120,2,129,44,0,44,173
10/18/2001,INT,NC,ASO,ES,Federal Contract Tower,1,1,62,0,64,0,0,76,0,76,1,1,138,0,140,114,0,114,254
10/19/2001,INT,NC,ASO,ES,Federal Contract Tower,0,2,43,0,45,0,1,106,0,107,0,3,149,0,152,104,0,104,256
10/20/2001,INT,NC,ASO,ES,Federal Contract Tower,0,2,30,0,32,0,0,105,0,105,0,2,135,0,137,198,0,198,335
10/21/2001,INT,NC,ASO,ES,Federal Contract Tower,0,6,38,0,44,0,1,87,0,88,0,7,125,0,132,70,0,70,202
10/22/2001,INT,NC,ASO,ES,Federal Contract Tower,0,3,38,0,41,0,0,84,0,84,0,3,122,0,125,108,0,108,233
10/23/2001,INT,NC,ASO,ES,Federal Contract Tower,0,0,67,0,67,0,0,72,0,72,0,0,139,0,139,68,0,68,207
10/24/2001,INT,NC,ASO,ES,Federal Contract Tower,1,5,40,0,46,0,6,72,0,78,1,11,112,0,124,86,0,86,210
10/25/2001,INT,NC,ASO,ES,Federal Contract Tower,0,2,53,0,55,0,0,39,0,39,0,2,92,0,94,6,0,6,100
10/26/2001,INT,NC,ASO,ES,Federal Contract Tower,2,8,54,0,64,0,0,29,0,29,2,8,83,0,93,4,0,4,97
10/27/2001,INT,NC,ASO,ES,Federal Contract Tower,0,2,21,0,23,0,0,54,0,54,0,2,75,0,77,84,0,84,161
10/28/2001,INT,NC,ASO,ES,Federal Contract Tower,0,6,35,0,41,0,0,86,0,86,0,6,121,0,127,114,0,114,241
10/29/2001,INT,NC,ASO,ES,Federal Contract Tower,0,5,49,0,54,0,0,75,0,75,0,5,124,0,129,110,0,110,239
10/30/2001,INT,NC,ASO,ES,Federal Contract Tower,0,7,48,0,55,0,0,91,2,93,0,7,139,2,148,228,0,228,376
10/31/2001,INT,NC,ASO,ES,Federal Contract Tower,0,12,42,0,54,0,0,92,1,93,0,12,134,1,147,60,0,60,207
11/01/2001,INT,NC,ASO,ES,Federal Contract Tower,2,5,71,0,78,0,0,67,0,67,2,5,138,0,145,86,0,86,231
11/02/2001,INT,NC,ASO,ES,Federal Contract Tower,0,5,53,0,58,0,0,70,0,70,0,5,123,0,128,66,0,66,194
11/03/2001,INT,NC,ASO,ES,Federal Contract Tower,0,2,31,0,33,0,0,88,0,88,0,2,119,0,121,40,0,40,161
11/04/2001,INT,NC,ASO,ES,Federal Contract Tower,0,3,25,0,28,0,0,99,0,99,0,3,124,0,127,52,0,52,179
11/05/2001,INT,NC,ASO,ES,Federal Contract Tower,0,5,33,0,38,0,0,71,0,71,0,5,104,0,109,32,0,32,141
11/06/2001,INT,NC,ASO,ES,Federal Contract Tower,0,4,46,0,50,0,0,81,0,81,0,4,127,0,131,114,0,114,245
11/07/2001,INT,NC,ASO,ES,Federal Contract Tower,0,6,62,0,68,0,1,89,0,90,0,7,151,0,158,84,0,84,242
11/08/2001,INT,NC,ASO,ES,Federal Contract Tower,0,12,61,1,74,0,0,79,1,80,0,12,140,2,154,100,0,100,254
11/09/2001,INT,NC,ASO,ES,Federal Contract Tower,1,2,42,0,45,0,0,88,0,88,1,2,130,0,133,54,0,54,187
11/10/2001,INT,NC,ASO,ES,Federal Contract Tower,0,1,19,0,20,0,0,128,0,128,0,1,147,0,148,134,0,134,282
11/11/2001,INT,NC,ASO,ES,Federal Contract Tower,0,4,32,0,36,0,0,70,0,70,0,4,102,0,106,68,0,68,174
11/12/2001,INT,NC,ASO,ES,Federal Contract Tower,0,4,31,0,35,0,0,116,0,116,0,4,147,0,151,56,0,56,207
11/13/2001,INT,NC,ASO,ES,Federal Contract Tower,0,1,54,0,55,0,0,63,0,63,0,1,117,0,118,74,0,74,192
11/14/2001,INT,NC,ASO,ES,Federal Contract Tower,0,11,53,0,64,0,0,55,0,55,0,11,108,0,119,48,0,48,167
11/15/2001,INT,NC,ASO,ES,Federal Contract Tower,2,8,48,0,58,0,1,84,1,86,2,9,132,1,144,50,0,50,194
11/16/2001,INT,NC,ASO,ES,Federal Contract Tower,3,8,29,0,40,0,0,92,1,93,3,8,121,1,133,62,0,62,195
11/17/2001,INT,NC,ASO,ES,Federal Contract Tower,0,9,22,0,31,0,0,95,0,95,0,9,117,0,126,128,0,128,254
11/18/2001,INT,NC,ASO,ES,Federal Contract Tower,0,10,29,0,39,0,0,60,0,60,0,10,89,0,99,64,0,64,163
11/19/2001,INT,NC,ASO,ES,Federal Contract Tower,5,6,27,2,40,0,0,78,5,83,5,6,105,7,123,42,0,42,165
11/20/2001,INT,NC,ASO,ES,Federal Contract Tower,4,6,50,0,60,2,0,65,0,67,6,6,115,0,127,94,0,94,221
11/21/2001,INT,NC,ASO,ES,Federal Contract Tower,6,1,54,0,61,0,0,115,0,115,6,1,169,0,176,72,0,72,248
11/22/2001,INT,NC,ASO,ES,Federal Contract Tower,0,3,11,0,14,0,0,30,0,30,0,3,41,0,44,6,0,6,50
11/23/2001,INT,NC,ASO,ES,Federal Contract Tower,1,5,26,0,32,0,0,79,0,79,1,5,105,0,111,114,0,114,225
11/24/2001,INT,NC,ASO,ES,Federal Contract Tower,0,0,2,0,2,0,0,0,0,0,0,0,2,0,2,2,0,2,4
11/25/2001,INT,NC,ASO,ES,Federal Contract Tower,1,4,54,0,59,0,0,7,0,7,1,4,61,0,66,14,0,14,80
11/26/2001,INT,NC,ASO,ES,Federal Contract Tower,1,1,18,1,21,1,0,54,0,55,2,1,72,1,76,58,0,58,134
11/27/2001,INT,NC,ASO,ES,Federal Contract Tower,0,7,47,0,54,0,0,44,0,44,0,7,91,0,98,82,0,82,180
11/28/2001,INT,NC,ASO,ES,Federal Contract Tower,0,18,55,0,73,0,0,64,0,64,0,18,119,0,137,64,0,64,201
11/29/2001,INT,NC,ASO,ES,Federal Contract Tower,0,8,54,0,62,0,0,41,0,41,0,8,95,0,103,84,0,84,187
11/30/2001,INT,NC,ASO,ES,Federal Contract Tower,6,2,52,0,60,0,0,1,0,1,6,2,53,0,61,24,0,24,85
12/01/2001,INT,NC,ASO,ES,Federal Contract Tower,2,0,27,0,29,0,0,80,0,80,2,0,107,0,109,130,0,130,239
12/02/2001,INT,NC,ASO,ES,Federal Contract Tower,1,2,39,0,42,0,0,80,0,80,1,2,119,0,122,142,0,142,264
12/03/2001,INT,NC,ASO,ES,Federal Contract Tower,2,3,53,0,58,0,0,95,0,95,2,3,148,0,153,88,0,88,241
12/04/2001,INT,NC,ASO,ES,Federal Contract Tower,0,7,38,0,45,0,0,78,0,78,0,7,116,0,123,110,0,110,233
12/05/2001,INT,NC,ASO,ES,Federal Contract Tower,1,7,47,0,55,1,0,85,0,86,2,7,132,0,141,70,0,70,211
12/06/2001,INT,NC,ASO,ES,Federal Contract Tower,1,16,39,0,56,0,0,71,0,71,1,16,110,0,127,138,0,138,265
12/07/2001,INT,NC,ASO,ES,Federal Contract Tower,0,2,42,0,44,0,0,78,0,78,0,2,120,0,122,84,0,84,206
12/08/2001,INT,NC,ASO,ES,Federal Contract Tower,1,7,27,0,35,0,0,63,0,63,1,7,90,0,98,200,0,200,298
12/09/2001,INT,NC,ASO,ES,Federal Contract Tower,2,3,24,0,29,0,0,52,0,52,2,3,76,0,81,38,0,38,119
12/10/2001,INT,NC,ASO,ES,Federal Contract Tower,1,5,45,0,51,0,0,16,0,16,1,5,61,0,67,20,0,20,87
12/11/2001,INT,NC,ASO,ES,Federal Contract Tower,1,9,62,0,72,0,0,0,0,0,1,9,62,0,72,0,0,0,72
12/12/2001,INT,NC,ASO,ES,Federal Contract Tower,2,11,36,0,49,0,0,0,0,0,2,11,36,0,49,0,0,0,49
12/13/2001,INT,NC,ASO,ES,Federal Contract Tower,1,5,39,0,45,0,0,0,0,0,1,5,39,0,45,0,0,0,45
12/14/2001,INT,NC,ASO,ES,Federal Contract Tower,0,7,37,0,44,0,0,8,0,8,0,7,45,0,52,0,0,0,52
12/15/2001,INT,NC,ASO,ES,Federal Contract Tower,0,0,19,0,19,0,0,114,0,114,0,0,133,0,133,162,0,162,295
12/16/2001,INT,NC,ASO,ES,Federal Contract Tower,0,6,19,0,25,0,1,65,0,66,0,7,84,0,91,48,0,48,139
12/17/2001,INT,NC,ASO,ES,Federal Contract Tower,5,5,57,0,67,0,0,28,0,28,5,5,85,0,95,40,0,40,135
12/18/2001,INT,NC,ASO,ES,Federal Contract Tower,1,1,52,0,54,0,1,81,0,82,1,2,133,0,136,14,0,14,150
12/19/2001,INT,NC,ASO,ES,Federal Contract Tower,2,3,32,0,37,0,0,81,0,81,2,3,113,0,118,70,0,70,188
12/20/2001,INT,NC,ASO,ES,Federal Contract Tower,1,8,43,0,52,0,0,56,0,56,1,8,99,0,108,40,0,40,148
12/21/2001,INT,NC,ASO,ES,Federal Contract Tower,0,5,43,0,48,0,0,87,0,87,0,5,130,0,135,140,0,140,275
12/22/2001,INT,NC,ASO,ES,Federal Contract Tower,0,5,34,0,39,0,0,100,0,100,0,5,134,0,139,76,0,76,215
12/23/2001,INT,NC,ASO,ES,Federal Contract Tower,1,0,9,0,10,0,0,19,0,19,1,0,28,0,29,6,0,6,35
12/24/2001,INT,NC,ASO,ES,Federal Contract Tower,0,3,11,0,14,0,0,49,0,49,0,3,60,0,63,92,0,92,155
12/25/2001,INT,NC,ASO,ES,Federal Contract Tower,0,1,8,0,9,0,0,21,0,21,0,1,29,0,30,0,0,0,30
12/26/2001,INT,NC,ASO,ES,Federal Contract Tower,0,4,27,0,31,0,0,81,0,81,0,4,108,0,112,62,0,62,174
12/27/2001,INT,NC,ASO,ES,Federal Contract Tower,0,5,26,0,31,0,0,70,0,70,0,5,96,0,101,82,0,82,183
12/28/2001,INT,NC,ASO,ES,Federal Contract Tower,1,6,20,0,27,0,0,71,0,71,1,6,91,0,98,98,0,98,196
12/29/2001,INT,NC,ASO,ES,Federal Contract Tower,0,3,19,0,22,0,1,88,0,89,0,4,107,0,111,94,0,94,205
12/30/2001,INT,NC,ASO,ES,Federal Contract Tower,0,2,12,0,14,0,0,55,0,55,0,2,67,0,69,24,0,24,93
12/31/2001,INT,NC,ASO,ES,Federal Contract Tower,0,0,10,0,10,0,0,69,0,69,0,0,79,0,79,98,0,98,177
01/01/2002,INT,NC,ASO,ES,Federal Contract Tower,1,2,10,0,13,0,0,49,0,49,1,2,59,0,62,20,0,20,82
01/02/2002,INT,NC,ASO,ES,Federal Contract Tower,0,8,24,0,32,0,0,45,0,45,0,8,69,0,77,68,0,68,145
01/03/2002,INT,NC,ASO,ES,Federal Contract Tower,0,0,9,0,9,0,0,0,0,0,0,0,9,0,9,0,0,0,9
01/04/2002,INT,NC,ASO,ES,Federal Contract Tower,0,4,26,0,30,0,1,33,0,34,0,5,59,0,64,26,0,26,90
01/05/2002,INT,NC,ASO,ES,Federal Contract Tower,0,0,18,0,18,0,0,106,1,107,0,0,124,1,125,104,0,104,229
01/06/2002,INT,NC,ASO,ES,Federal Contract Tower,0,1,5,0,6,0,0,0,0,0,0,1,5,0,6,0,0,0,6
01/07/2002,INT,NC,ASO,ES,Federal Contract Tower,0,5,24,1,30,0,0,29,0,29,0,5,53,1,59,68,0,68,127
01/08/2002,INT,NC,ASO,ES,Federal Contract Tower,0,7,37,0,44,0,0,57,0,57,0,7,94,0,101,18,0,18,119
01/09/2002,INT,NC,ASO,ES,Federal Contract Tower,2,8,37,0,47,0,0,85,0,85,2,8,122,0,132,60,0,60,192
01/10/2002,INT,NC,ASO,ES,Federal Contract Tower,4,4,35,0,43,0,0,89,0,89,4,4,124,0,132,32,0,32,164
01/11/2002,INT,NC,ASO,ES,Federal Contract Tower,0,0,37,0,37,0,0,63,0,63,0,0,100,0,100,50,0,50,150
01/12/2002,INT,NC,ASO,ES,Federal Contract Tower,0,1,28,0,29,0,0,71,0,71,0,1,99,0,100,140,0,140,240
01/13/2002,INT,NC,ASO,ES,Federal Contract Tower,0,4,21,0,25,0,0,62,0,62,0,4,83,0,87,50,0,50,137
01/14/2002,INT,NC,ASO,ES,Federal Contract Tower,2,6,31,0,39,0,0,68,0,68,2,6,99,0,107,86,0,86,193
01/15/2002,INT,NC,ASO,ES,Federal Contract Tower,0,6,46,0,52,0,0,62,0,62,0,6,108,0,114,58,0,58,172
01/16/2002,INT,NC,ASO,ES,Federal Contract Tower,1,7,52,0,60,0,0,75,0,75,1,7,127,0,135,70,0,70,205
01/17/2002,INT,NC,ASO,ES,Federal Contract Tower,0,3,57,0,60,0,0,83,1,84,0,3,140,1,144,62,0,62,206
01/18/2002,INT,NC,ASO,ES,Federal Contract Tower,0,2,43,0,45,0,0,71,0,71,0,2,114,0,116,78,0,78,194
01/19/2002,INT,NC,ASO,ES,Federal Contract Tower,0,0,21,0,21,0,0,0,0,0,0,0,21,0,21,0,0,0,21
01/20/2002,INT,NC,ASO,ES,Federal Contract Tower,0,3,33,0,36,0,0,63,1,64,0,3,96,1,100,64,0,64,164
01/21/2002,INT,NC,ASO,ES,Federal Contract Tower,0,5,29,0,34,0,0,8,0,8,0,5,37,0,42,6,0,6,48
01/22/2002,INT,NC,ASO,ES,Federal Contract Tower,2,11,62,2,77,0,0,92,0,92,2,11,154,2,169,70,0,70,239
01/23/2002,INT,NC,ASO,ES,Federal Contract Tower,0,9,38,0,47,0,0,0,0,0,0,9,38,0,47,2,0,2,49
01/24/2002,INT,NC,ASO,ES,Federal Contract Tower,1,1,53,0,55,0,0,14,0,14,1,1,67,0,69,26,0,26,95
01/25/2002,INT,NC,ASO,ES,Federal Contract Tower,1,2,33,0,36,0,0,68,0,68,1,2,101,0,104,52,0,52,156
01/26/2002,INT,NC,ASO,ES,Federal Contract Tower,0,1,23,0,24,0,0,127,0,127,0,1,150,0,151,100,0,100,251
01/27/2002,INT,NC,ASO,ES,Federal Contract Tower,1,5,22,0,28,0,0,105,0,105,1,5,127,0,133,70,0,70,203
01/28/2002,INT,NC,ASO,ES,Federal Contract Tower,10,2,63,0,75,5,0,111,0,116,15,2,174,0,191,70,0,70,261
01/29/2002,INT,NC,ASO,ES,Federal Contract Tower,5,9,42,0,56,1,0,88,2,91,6,9,130,2,147,94,0,94,241
01/30/2002,INT,NC,ASO,ES,Federal Contract Tower,0,3,42,0,45,0,1,50,3,54,0,4,92,3,99,14,0,14,113
01/31/2002,INT,NC,ASO,ES,Federal Contract Tower,1,9,64,0,74,0,2,38,0,40,1,11,102,0,114,46,0,46,160
02/01/2002,INT,NC,ASO,ES,Federal Contract Tower,3,7,39,0,49,0,0,11,0,11,3,7,50,0,60,4,0,4,64
02/02/2002,INT,NC,ASO,ES,Federal Contract Tower,0,2,17,0,19,0,0,71,0,71,0,2,88,0,90,72,0,72,162
02/03/2002,INT,NC,ASO,ES,Federal Contract Tower,1,0,28,0,29,0,0,78,0,78,1,0,106,0,107,58,0,58,165
02/04/2002,INT,NC,ASO,ES,Federal Contract Tower,2,0,36,0,38,0,0,30,0,30,2,0,66,0,68,0,0,0,68
02/05/2002,INT,NC,ASO,ES,Federal Contract Tower,0,6,42,0,48,0,0,68,0,68,0,6,110,0,116,102,0,102,218
02/06/2002,INT,NC,ASO,ES,Federal Contract Tower,1,9,41,0,51,0,0,45,0,45,1,9,86,0,96,58,0,58,154
02/07/2002,INT,NC,ASO,ES,Federal Contract Tower,1,5,46,0,52,0,0,2,0,2,1,5,48,0,54,2,0,2,56
02/08/2002,INT,NC,ASO,ES,Federal Contract Tower,4,9,37,0,50,1,2,112,0,115,5,11,149,0,165,92,0,92,257
02/09/2002,INT,NC,ASO,ES,Federal Contract Tower,0,7,30,1,38,0,0,128,0,128,0,7,158,1,166,84,0,84,250
02/10/2002,INT,NC,ASO,ES,Federal Contract Tower,0,3,23,0,26,0,0,3,0,3,0,3,26,0,29,4,0,4,33
02/11/2002,INT,NC,ASO,ES,Federal Contract Tower,0,3,30,0,33,0,0,59,0,59,0,3,89,0,92,26,0,26,118
02/12/2002,INT,NC,ASO,ES,Federal Contract Tower,0,3,24,0,27,0,0,88,0,88,0,3,112,0,115,100,0,100,215
02/13/2002,INT,NC,ASO,ES,Federal Contract Tower,0,7,55,0,62,0,1,80,0,81,0,8,135,0,143,44,0,44,187
02/14/2002,INT,NC,ASO,ES,Federal Contract Tower,0,7,61,0,68,0,0,82,0,82,0,7,143,0,150,138,0,138,288
02/15/2002,INT,NC,ASO,ES,Federal Contract Tower,0,10,45,3,58,0,0,94,1,95,0,10,139,4,153,72,0,72,225
02/16/2002,INT,NC,ASO,ES,Federal Contract Tower,2,8,20,0,30,0,0,73,0,73,2,8,93,0,103,98,0,98,201
02/17/2002,INT,NC,ASO,ES,Federal Contract Tower,0,8,33,0,41,0,0,29,0,29,0,8,62,0,70,38,0,38,108
02/18/2002,INT,NC,ASO,ES,Federal Contract Tower,4,2,40,0,46,3,0,89,0,92,7,2,129,0,138,106,0,106,244
02/19/2002,INT,NC,ASO,ES,Federal Contract Tower,2,6,48,0,56,2,0,98,0,100,4,6,146,0,156,92,0,92,248
02/20/2002,INT,NC,ASO,ES,Federal Contract Tower,1,4,34,0,39,0,0,39,0,39,1,4,73,0,78,22,0,22,100
02/21/2002,INT,NC,ASO,ES,Federal Contract Tower,3,17,54,0,74,0,0,64,0,64,3,17,118,0,138,72,0,72,210
02/22/2002,INT,NC,ASO,ES,Federal Contract Tower,0,11,55,0,66,0,3,86,0,89,0,14,141,0,155,30,0,30,185
02/23/2002,INT,NC,ASO,ES,Federal Contract Tower,1,3,27,0,31,0,0,134,0,134,1,3,161,0,165,64,0,64,229
02/24/2002,INT,NC,ASO,ES,Federal Contract Tower,0,6,46,0,52,0,0,101,0,101,0,6,147,0,153,80,0,80,233
02/25/2002,INT,NC,ASO,ES,Federal Contract Tower,1,4,43,0,48,0,8,85,0,93,1,12,128,0,141,88,0,88,229
02/26/2002,INT,NC,ASO,ES,Federal Contract Tower,0,7,41,0,48,0,0,36,0,36,0,7,77,0,84,56,0,56,140
02/27/2002,INT,NC,ASO,ES,Federal Contract Tower,0,6,30,0,36,0,0,18,0,18,0,6,48,0,54,10,0,10,64
02/28/2002,INT,NC,ASO,ES,Federal Contract Tower,2,5,56,0,63,0,0,99,0,99,2,5,155,0,162,106,0,106,268
03/01/2002,INT,NC,ASO,ES,Federal Contract Tower,1,2,42,0,45,0,1,91,0,92,1,3,133,0,137,138,0,138,275
03/02/2002,INT,NC,ASO,ES,Federal Contract Tower,0,3,22,0,25,0,1,0,0,1,0,4,22,0,26,8,0,8,34
03/03/2002,INT,NC,ASO,ES,Federal Contract Tower,0,0,40,0,40,0,1,0,0,1,0,1,40,0,41,10,0,10,51
03/04/2002,INT,NC,ASO,ES,Federal Contract Tower,0,2,32,0,34,0,0,40,0,40,0,2,72,0,74,70,0,70,144
03/05/2002,INT,NC,ASO,ES,Federal Contract Tower,0,5,37,0,42,0,0,61,0,61,0,5,98,0,103,12,0,12,115
03/06/2002,INT,NC,ASO,ES,Federal Contract Tower,2,11,38,0,51,0,0,66,0,66,2,11,104,0,117,186,0,186,303
03/07/2002,INT,NC,ASO,ES,Federal Contract Tower,1,1,54,0,56,0,0,116,0,116,1,1,170,0,172,184,0,184,356
03/08/2002,INT,NC,ASO,ES,Federal Contract Tower,1,7,48,0,56,0,0,128,1,129,1,7,176,1,185,146,0,146,331
03/09/2002,INT,NC,ASO,ES,Federal Contract Tower,2,1,27,0,30,0,0,11,0,11,2,1,38,0,41,44,0,44,85
03/10/2002,INT,NC,ASO,ES,Federal Contract Tower,2,1,24,0,27,0,0,60,0,60,2,1,84,0,87,78,0,78,165
03/11/2002,INT,NC,ASO,ES,Federal Contract Tower,0,2,32,0,34,0,0,89,0,89,0,2,121,0,123,76,0,76,199
03/12/2002,INT,NC,ASO,ES,Federal Contract Tower,0,1,39,0,40,1,0,3,0,4,1,1,42,0,44,0,0,0,44
03/13/2002,INT,NC,ASO,ES,Federal Contract Tower,5,2,61,0,68,0,0,1,0,1,5,2,62,0,69,2,0,2,71
03/14/2002,INT,NC,ASO,ES,Federal Contract Tower,1,3,50,0,54,0,0,90,0,90,1,3,140,0,144,54,0,54,198
03/15/2002,INT,NC,ASO,ES,Federal Contract Tower,0,6,39,0,45,0,0,109,0,109,0,6,148,0,154,116,0,116,270
03/16/2002,INT,NC,ASO,ES,Federal Contract Tower,0,0,20,0,20,0,0,80,0,80,0,0,100,0,100,120,0,120,220
03/17/2002,INT,NC,ASO,ES,Federal Contract Tower,1,1,37,0,39,0,0,0,0,0,1,1,37,0,39,4,0,4,43
03/18/2002,INT,NC,ASO,ES,Federal Contract Tower,1,4,34,0,39,0,0,25,0,25,1,4,59,0,64,68,0,68,132
03/19/2002,INT,NC,ASO,ES,Federal Contract Tower,0,12,63,0,75,0,0,14,0,14,0,12,77,0,89,2,0,2,91
03/20/2002,INT,NC,ASO,ES,Federal Contract Tower,1,15,65,0,81,0,0,0,0,0,1,15,65,0,81,4,0,4,85
03/21/2002,INT,NC,ASO,ES,Federal Contract Tower,0,5,52,0,57,0,0,88,0,88,0,5,140,0,145,154,0,154,299
03/22/2002,INT,NC,ASO,ES,Federal Contract Tower,2,2,42,0,46,0,0,106,0,106,2,2,148,0,152,72,0,72,224
03/23/2002,INT,NC,ASO,ES,Federal Contract Tower,2,5,43,0,50,0,0,88,0,88,2,5,131,0,138,164,0,164,302
03/24/2002,INT,NC,ASO,ES,Federal Contract Tower,1,1,31,0,33,0,1,65,0,66,1,2,96,0,99,72,0,72,171
03/25/2002,INT,NC,ASO,ES,Federal Contract Tower,0,3,25,0,28,0,0,63,0,63,0,3,88,0,91,26,0,26,117
03/26/2002,INT,NC,ASO,ES,Federal Contract Tower,0,6,57,0,63,0,1,31,0,32,0,7,88,0,95,44,0,44,139
03/27/2002,INT,NC,ASO,ES,Federal Contract Tower,0,7,63,0,70,0,0,61,0,61,0,7,124,0,131,52,0,52,183
03/28/2002,INT,NC,ASO,ES,Federal Contract Tower,2,6,61,0,69,0,0,121,0,121,2,6,182,0,190,78,0,78,268
03/29/2002,INT,NC,ASO,ES,Federal Contract Tower,0,0,29,0,29,0,0,49,0,49,0,0,78,0,78,44,0,44,122
03/30/2002,INT,NC,ASO,ES,Federal Contract Tower,0,0,15,0,15,0,0,49,0,49,0,0,64,0,64,120,0,120,184
03/31/2002,INT,NC,ASO,ES,Federal Contract Tower,0,0,26,0,26,0,0,0,0,0,0,0,26,0,26,0,0,0,26
04/01/2002,INT,NC,ASO,ES,Federal Contract Tower,0,8,39,0,47,0,0,71,2,73,0,8,110,2,120,76,0,76,196
04/02/2002,INT,NC,ASO,ES,Federal Contract Tower,2,8,38,0,48,0,0,70,0,70,2,8,108,0,118,94,0,94,212
04/03/2002,INT,NC,ASO,ES,Federal Contract Tower,1,6,56,0,63,0,0,67,0,67,1,6,123,0,130,84,0,84,214
04/04/2002,INT,NC,ASO,ES,Federal Contract Tower,1,5,64,0,70,0,1,81,0,82,1,6,145,0,152,74,0,74,226
04/05/2002,INT,NC,ASO,ES,Federal Contract Tower,0,6,44,0,50,0,0,89,0,89,0,6,133,0,139,117,0,117,256
04/06/2002,INT,NC,ASO,ES,Federal Contract Tower,0,2,23,4,29,0,0,57,0,57,0,2,80,4,86,80,0,80,166
04/07/2002,INT,NC,ASO,ES,Federal Contract Tower,0,7,34,0,41,0,2,96,0,98,0,9,130,0,139,32,0,32,171
04/08/2002,INT,NC,ASO,ES,Federal Contract Tower,0,1,52,0,53,0,0,55,1,56,0,1,107,1,109,50,0,50,159
04/09/2002,INT,NC,ASO,ES,Federal Contract Tower,2,11,48,0,61,0,1,11,0,12,2,12,59,0,73,0,0,0,73
04/10/2002,INT,NC,ASO,ES,Federal Contract Tower,1,6,53,2,62,0,0,87,0,87,1,6,140,2,149,70,2,72,221
04/11/2002,INT,NC,ASO,ES,Federal Contract Tower,2,4,34,0,40,0,0,68,0,68,2,4,102,0,108,100,0,100,208
04/12/2002,INT,NC,ASO,ES,Federal Contract Tower,0,3,55,0,58,0,0,0,0,0,0,3,55,0,58,0,0,0,58
04/13/2002,INT,NC,ASO,ES,Federal Contract Tower,0,1,26,0,27,0,1,20,0,21,0,2,46,0,48,42,0,42,90
04/14/2002,INT,NC,ASO,ES,Federal Contract Tower,0,8,27,0,35,0,0,62,0,62,0,8,89,0,97,144,0,144,241
04/15/2002,INT,NC,ASO,ES,Federal Contract Tower,0,11,33,2,46,0,0,78,2,80,0,11,111,4,126,58,4,62,188
04/16/2002,INT,NC,ASO,ES,Federal Contract Tower,2,6,40,0,48,0,0,89,0,89,2,6,129,0,137,94,0,94,231
04/17/2002,INT,NC,ASO,ES,Federal Contract Tower,8,4,46,0,58,0,0,116,0,116,8,4,162,0,174,62,0,62,236
04/18/2002,INT,NC,ASO,ES,Federal Contract Tower,1,3,46,0,50,0,0,70,0,70,1,3,116,0,120,60,0,60,180
04/19/2002,INT,NC,ASO,ES,Federal Contract Tower,1,6,40,0,47,0,0,82,0,82,1,6,122,0,129,40,0,40,169
04/20/2002,INT,NC,ASO,ES,Federal Contract Tower,0,4,28,0,32,0,0,93,0,93,0,4,121,0,125,72,0,72,197
04/21/2002,INT,NC,ASO,ES,Federal Contract Tower,0,4,23,0,27,0,0,63,0,63,0,4,86,0,90,72,0,72,162
04/22/2002,INT,NC,ASO,ES,Federal Contract Tower,2,7,42,0,51,0,0,62,0,62,2,7,104,0,113,38,0,38,151
04/23/2002,INT,NC,ASO,ES,Federal Contract Tower,1,6,41,0,48,0,0,110,0,110,1,6,151,0,158,132,0,132,290
04/24/2002,INT,NC,ASO,ES,Federal Contract Tower,2,5,47,0,54,0,2,118,0,120,2,7,165,0,174,102,0,102,276
04/25/2002,INT,NC,ASO,ES,Federal Contract Tower,2,7,52,0,61,0,0,59,0,59,2,7,111,0,120,14,0,14,134
04/26/2002,INT,NC,ASO,ES,Federal Contract Tower,1,4,41,0,46,0,0,133,0,133,1,4,174,0,179,84,0,84,263
04/27/2002,INT,NC,ASO,ES,Federal Contract Tower,0,2,20,0,22,0,0,89,0,89,0,2,109,0,111,51,0,51,162
04/28/2002,INT,NC,ASO,ES,Federal Contract Tower,0,1,40,0,41,0,0,27,0,27,0,1,67,0,68,8,0,8,76
04/29/2002,INT,NC,ASO,ES,Federal Contract Tower,3,6,50,0,59,0,0,86,0,86,3,6,136,0,145,52,0,52,197
04/30/2002,INT,NC,ASO,ES,Federal Contract Tower,2,8,55,0,65,2,0,93,0,95,4,8,148,0,160,104,0,104,264
05/01/2002,INT,NC,ASO,ES,Federal Contract Tower,1,4,48,0,53,0,0,104,0,104,1,4,152,0,157,192,0,192,349
05/02/2002,INT,NC,ASO,ES,Federal Contract Tower,0,3,57,2,62,0,0,33,0,33,0,3,90,2,95,48,0,48,143
05/03/2002,INT,NC,ASO,ES,Federal Contract Tower,3,7,45,0,55,0,1,65,0,66,3,8,110,0,121,86,0,86,207
05/04/2002,INT,NC,ASO,ES,Federal Contract Tower,0,2,23,0,25,0,0,6,0,6,0,2,29,0,31,16,0,16,47
05/05/2002,INT,NC,ASO,ES,Federal Contract Tower,2,4,26,3,35,0,0,76,3,79,2,4,102,6,114,96,0,96,210
05/06/2002,INT,NC,ASO,ES,Federal Contract Tower,6,7,54,0,67,0,1,107,0,108,6,8,161,0,175,62,0,62,237
05/07/2002,INT,NC,ASO,ES,Federal Contract Tower,2,8,40,0,50,0,0,129,0,129,2,8,169,0,179,148,0,148,327
05/08/2002,INT,NC,ASO,ES,Federal Contract Tower,2,14,56,2,74,0,1,97,0,98,2,15,153,2,172,66,0,66,238
05/09/2002,INT,NC,ASO,ES,Federal Contract Tower,3,9,33,0,45,1,0,63,0,64,4,9,96,0,109,46,0,46,155
05/10/2002,INT,NC,ASO,ES,Federal Contract Tower,4,4,33,0,41,2,2,83,0,87,6,6,116,0,128,46,0,46,174
05/11/2002,INT,NC,ASO,ES,Federal Contract Tower,1,6,30,0,37,0,0,63,0,63,1,6,93,0,100,22,0,22,122
05/12/2002,INT,NC,ASO,ES,Federal Contract Tower,0,9,17,0,26,0,0,32,0,32,0,9,49,0,58,40,0,40,98
05/13/2002,INT,NC,ASO,ES,Federal Contract Tower,1,5,23,0,29,0,0,20,0,20,1,5,43,0,49,20,0,20,69
05/14/2002,INT,NC,ASO,ES,Federal Contract Tower,1,4,48,2,55,0,0,56,0,56,1,4,104,2,111,52,0,52,163
05/15/2002,INT,NC,ASO,ES,Federal Contract Tower,1,8,48,0,57,0,0,109,0,109,1,8,157,0,166,110,0,110,276
05/16/2002,INT,NC,ASO,ES,Federal Contract Tower,2,6,46,0,54,0,0,112,0,112,2,6,158,0,166,116,0,116,282
05/17/2002,INT,NC,ASO,ES,Federal Contract Tower,2,10,33,0,45,0,1,56,2,59,2,11,89,2,104,24,0,24,128
05/18/2002,INT,NC,ASO,ES,Federal Contract Tower,0,3,22,0,25,0,2,34,0,36,0,5,56,0,61,20,4,24,85
05/19/2002,INT,NC,ASO,ES,Federal Contract Tower,0,4,39,0,43,0,0,70,0,70,0,4,109,0,113,8,0,8,121
05/20/2002,INT,NC,ASO,ES,Federal Contract Tower,0,12,64,0,76,0,2,91,0,93,0,14,155,0,169,104,0,104,273
05/21/2002,INT,NC,ASO,ES,Federal Contract Tower,0,3,59,0,62,0,0,42,0,42,0,3,101,0,104,128,0,128,232
05/22/2002,INT,NC,ASO,ES,Federal Contract Tower,0,10,51,0,61,0,0,80,0,80,0,10,131,0,141,62,0,62,203
05/23/2002,INT,NC,ASO,ES,Federal Contract Tower,0,13,33,0,46,0,1,117,2,120,0,14,150,2,166,134,0,134,300
05/24/2002,INT,NC,ASO,ES,Federal Contract Tower,4,5,46,0,55,2,0,97,0,99,6,5,143,0,154,101,0,101,255
05/25/2002,INT,NC,ASO,ES,Federal Contract Tower,0,0,15,0,15,0,0,84,0,84,0,0,99,0,99,26,0,26,125
05/26/2002,INT,NC,ASO,ES,Federal Contract Tower,0,1,25,0,26,0,0,73,0,73,0,1,98,0,99,60,0,60,159
05/27/2002,INT,NC,ASO,ES,Federal Contract Tower,0,5,19,0,24,0,0,60,0,60,0,5,79,0,84,82,0,82,166
05/28/2002,INT,NC,ASO,ES,Federal Contract Tower,0,5,49,2,56,0,0,105,0,105,0,5,154,2,161,188,0,188,349
05/29/2002,INT,NC,ASO,ES,Federal Contract Tower,0,6,34,0,40,0,0,77,0,77,0,6,111,0,117,40,0,40,157
05/30/2002,INT,NC,ASO,ES,Federal Contract Tower,0,2,54,0,56,0,0,11,0,11,0,2,65,0,67,26,0,26,93
05/31/2002,INT,NC,ASO,ES,Federal Contract Tower,1,7,38,4,50,0,0,88,1,89,1,7,126,5,139,74,6,80,219
06/01/2002,INT,NC,ASO,ES,Federal Contract Tower,1,0,17,0,18,0,0,68,0,68,1,0,85,0,86,116,0,116,202
06/02/2002,INT,NC,ASO,ES,Federal Contract Tower,0,5,22,0,27,0,0,76,0,76,0,5,98,0,103,78,0,78,181
06/03/2002,INT,NC,ASO,ES,Federal Contract Tower,0,3,27,0,30,0,0,91,0,91,0,3,118,0,121,138,0,138,259
06/04/2002,INT,NC,ASO,ES,Federal Contract Tower,1,6,45,0,52,0,1,81,0,82,1,7,126,0,134,116,0,116,250
06/05/2002,INT,NC,ASO,ES,Federal Contract Tower,1,7,46,0,54,0,0,80,0,80,1,7,126,0,134,148,0,148,282
06/06/2002,INT,NC,ASO,ES,Federal Contract Tower,0,1,56,0,57,0,0,39,0,39,0,1,95,0,96,56,0,56,152
06/07/2002,INT,NC,ASO,ES,Federal Contract Tower,0,3,45,2,50,0,0,83,0,83,0,3,128,2,133,60,0,60,193
06/08/2002,INT,NC,ASO,ES,Federal Contract Tower,0,0,24,0,24,0,0,75,0,75,0,0,99,0,99,154,0,154,253
06/09/2002,INT,NC,ASO,ES,Federal Contract Tower,2,4,34,0,40,0,0,80,0,80,2,4,114,0,120,74,0,74,194
06/10/2002,INT,NC,ASO,ES,Federal Contract Tower,1,11,34,3,49,0,0,101,2,103,1,11,135,5,152,104,0,104,256
06/11/2002,INT,NC,ASO,ES,Federal Contract Tower,0,9,33,0,42,0,1,96,3,100,0,10,129,3,142,114,0,114,256
06/12/2002,INT,NC,ASO,ES,Federal Contract Tower,1,2,39,0,42,0,0,82,4,86,1,2,121,4,128,158,0,158,286
06/13/2002,INT,NC,ASO,ES,Federal Contract Tower,3,4,35,0,42,0,0,57,1,58,3,4,92,1,100,138,0,138,238
06/14/2002,INT,NC,ASO,ES,Federal Contract Tower,2,9,44,2,57,0,0,62,0,62,2,9,106,2,119,88,26,114,233
06/15/2002,INT,NC,ASO,ES,Federal Contract Tower,0,1,16,0,17,0,0,92,0,92,0,1,108,0,109,106,0,106,215
06/16/2002,INT,NC,ASO,ES,Federal Contract Tower,0,4,31,0,35,0,0,59,0,59,0,4,90,0,94,76,0,76,170
06/17/2002,INT,NC,ASO,ES,Federal Contract Tower,0,5,34,0,39,0,0,81,0,81,0,5,115,0,120,42,0,42,162
06/18/2002,INT,NC,ASO,ES,Federal Contract Tower,1,2,39,0,42,0,1,60,0,61,1,3,99,0,103,68,0,68,171
06/19/2002,INT,NC,ASO,ES,Federal Contract Tower,1,15,40,0,56,0,0,95,0,95,1,15,135,0,151,74,0,74,225
06/20/2002,INT,NC,ASO,ES,Federal Contract Tower,1,4,69,0,74,0,0,58,0,58,1,4,127,0,132,40,0,40,172
06/21/2002,INT,NC,ASO,ES,Federal Contract Tower,0,4,49,0,53,0,0,92,0,92,0,4,141,0,145,146,0,146,291
06/22/2002,INT,NC,ASO,ES,Federal Contract Tower,0,0,18,0,18,0,0,82,0,82,0,0,100,0,100,38,0,38,138
06/23/2002,INT,NC,ASO,ES,Federal Contract Tower,0,5,27,0,32,0,0,31,0,31,0,5,58,0,63,48,0,48,111
06/24/2002,INT,NC,ASO,ES,Federal Contract Tower,0,7,48,0,55,0,2,131,0,133,0,9,179,0,188,90,0,90,278
06/25/2002,INT,NC,ASO,ES,Federal Contract Tower,0,6,65,3,74,0,1,70,0,71,0,7,135,3,145,70,0,70,215
06/26/2002,INT,NC,ASO,ES,Federal Contract Tower,0,6,56,0,62,0,0,5,0,5,0,6,61,0,67,0,0,0,67
06/27/2002,INT,NC,ASO,ES,Federal Contract Tower,1,9,84,0,94,0,0,20,0,20,1,9,104,0,114,30,0,30,144
06/28/2002,INT,NC,ASO,ES,Federal Contract Tower,1,8,64,0,73,0,0,72,0,72,1,8,136,0,145,64,0,64,209
06/29/2002,INT,NC,ASO,ES,Federal Contract Tower,0,5,21,0,26,0,0,53,0,53,0,5,74,0,79,44,0,44,123
06/30/2002,INT,NC,ASO,ES,Federal Contract Tower,1,1,25,0,27,0,0,68,0,68,1,1,93,0,95,38,0,38,133
07/01/2002,INT,NC,ASO,ES,Federal Contract Tower,0,6,53,0,59,0,0,66,0,66,0,6,119,0,125,208,0,208,333
07/02/2002,INT,NC,ASO,ES,Federal Contract Tower,0,9,40,0,49,0,2,66,2,70,0,11,106,2,119,28,0,28,147
07/03/2002,INT,NC,ASO,ES,Federal Contract Tower,0,6,41,0,47,0,0,51,0,51,0,6,92,0,98,50,0,50,148
07/04/2002,INT,NC,ASO,ES,Federal Contract Tower,1,1,14,0,16,0,0,44,0,44,1,1,58,0,60,54,0,54,114
07/05/2002,INT,NC,ASO,ES,Federal Contract Tower,0,3,31,0,34,0,0,50,0,50,0,3,81,0,84,80,0,80,164
07/06/2002,INT,NC,ASO,ES,Federal Contract Tower,0,0,18,0,18,0,0,101,0,101,0,0,119,0,119,56,0,56,175
07/07/2002,INT,NC,ASO,ES,Federal Contract Tower,0,5,49,0,54,0,2,71,0,73,0,7,120,0,127,98,0,98,225
07/08/2002,INT,NC,ASO,ES,Federal Contract Tower,0,2,39,0,41,0,0,69,0,69,0,2,108,0,110,96,0,96,206
07/09/2002,INT,NC,ASO,ES,Federal Contract Tower,0,3,47,0,50,0,0,73,0,73,0,3,120,0,123,80,0,80,203
07/10/2002,INT,NC,ASO,ES,Federal Contract Tower,1,9,34,0,44,0,0,44,0,44,1,9,78,0,88,40,0,40,128
07/11/2002,INT,NC,ASO,ES,Federal Contract Tower,1,2,48,0,51,0,0,42,0,42,1,2,90,0,93,42,0,42,135
07/12/2002,INT,NC,ASO,ES,Federal Contract Tower,0,3,47,0,50,0,0,84,0,84,0,3,131,0,134,82,0,82,216
07/13/2002,INT,NC,ASO,ES,Federal Contract Tower,0,1,10,0,11,0,0,55,0,55,0,1,65,0,66,76,0,76,142
07/14/2002,INT,NC,ASO,ES,Federal Contract Tower,0,2,32,0,34,0,0,1,0,1,0,2,33,0,35,6,0,6,41
07/15/2002,INT,NC,ASO,ES,Federal Contract Tower,1,7,37,0,45,0,0,36,0,36,1,7,73,0,81,78,0,78,159
07/16/2002,INT,NC,ASO,ES,Federal Contract Tower,0,9,55,0,64,0,1,101,0,102,0,10,156,0,166,134,0,134,300
07/17/2002,INT,NC,ASO,ES,Federal Contract Tower,1,2,46,0,49,0,0,77,0,77,1,2,123,0,126,38,0,38,164
07/18/2002,INT,NC,ASO,ES,Federal Contract Tower,0,8,53,0,61,0,0,57,0,57,0,8,110,0,118,142,0,142,260
07/19/2002,INT,NC,ASO,ES,Federal Contract Tower,1,5,40,0,46,0,0,94,0,94,1,5,134,0,140,78,0,78,218
07/20/2002,INT,NC,ASO,ES,Federal Contract Tower,0,2,14,0,16,0,0,53,0,53,0,2,67,0,69,50,0,50,119
07/21/2002,INT,NC,ASO,ES,Federal Contract Tower,0,3,28,0,31,0,0,66,0,66,0,3,94,0,97,44,0,44,141
07/22/2002,INT,NC,ASO,ES,Federal Contract Tower,1,4,40,0,45,0,0,46,0,46,1,4,86,0,91,66,0,66,157
07/23/2002,INT,NC,ASO,ES,Federal Contract Tower,1,7,46,0,54,0,0,39,0,39,1,7,85,0,93,100,0,100,193
07/24/2002,INT,NC,ASO,ES,Federal Contract Tower,0,5,54,0,59,0,0,11,0,11,0,5,65,0,70,28,0,28,98
07/25/2002,INT,NC,ASO,ES,Federal Contract Tower,1,4,50,0,55,0,0,0,0,0,1,4,50,0,55,14,0,14,69
07/26/2002,INT,NC,ASO,ES,Federal Contract Tower,0,2,41,0,43,0,0,37,0,37,0,2,78,0,80,102,0,102,182
07/27/2002,INT,NC,ASO,ES,Federal Contract Tower,0,5,14,0,19,0,0,67,0,67,0,5,81,0,86,76,0,76,162
07/28/2002,INT,NC,ASO,ES,Federal Contract Tower,0,5,35,0,40,0,0,60,0,60,0,5,95,0,100,42,0,42,142
07/29/2002,INT,NC,ASO,ES,Federal Contract Tower,1,5,44,0,50,0,1,89,5,95,1,6,133,5,145,44,0,44,189
07/30/2002,INT,NC,ASO,ES,Federal Contract Tower,2,2,46,0,50,0,0,60,0,60,2,2,106,0,110,98,0,98,208
07/31/2002,INT,NC,ASO,ES,Federal Contract Tower,0,6,34,0,40,0,1,74,0,75,0,7,108,0,115,78,0,78,193
08/01/2002,INT,NC,ASO,ES,Federal Contract Tower,0,2,50,0,52,0,2,92,0,94,0,4,142,0,146,24,0,24,170
08/02/2002,INT,NC,ASO,ES,Federal Contract Tower,1,1,45,0,47,0,0,61,0,61,1,1,106,0,108,70,0,70,178
08/03/2002,INT,NC,ASO,ES,Federal Contract Tower,0,2,15,0,17,0,0,63,0,63,0,2,78,0,80,106,0,106,186
08/04/2002,INT,NC,ASO,ES,Federal Contract Tower,0,4,32,0,36,0,1,67,0,68,0,5,99,0,104,68,2,70,174
08/05/2002,INT,NC,ASO,ES,Federal Contract Tower,0,2,23,0,25,0,0,70,0,70,0,2,93,0,95,30,0,30,125
08/06/2002,INT,NC,ASO,ES,Federal Contract Tower,0,5,46,0,51,0,0,63,0,63,0,5,109,0,114,22,0,22,136
08/07/2002,INT,NC,ASO,ES,Federal Contract Tower,0,7,53,0,60,0,1,84,0,85,0,8,137,0,145,56,0,56,201
08/08/2002,INT,NC,ASO,ES,Federal Contract Tower,1,1,52,0,54,0,0,121,0,121,1,1,173,0,175,90,0,90,265
08/09/2002,INT,NC,ASO,ES,Federal Contract Tower,1,2,42,0,45,0,0,121,0,121,1,2,163,0,166,112,0,112,278
08/10/2002,INT,NC,ASO,ES,Federal Contract Tower,0,2,26,0,28,0,0,76,0,76,0,2,102,0,104,78,2,80,184
08/11/2002,INT,NC,ASO,ES,Federal Contract Tower,0,2,33,0,35,0,0,68,0,68,0,2,101,0,103,12,0,12,115
08/12/2002,INT,NC,ASO,ES,Federal Contract Tower,0,7,47,0,54,0,0,62,0,62,0,7,109,0,116,22,0,22,138
08/13/2002,INT,NC,ASO,ES,Federal Contract Tower,0,11,57,0,68,0,0,97,0,97,0,11,154,0,165,156,0,156,321
08/14/2002,INT,NC,ASO,ES,Federal Contract Tower,0,1,60,0,61,0,0,66,0,66,0,1,126,0,127,80,0,80,207
08/15/2002,INT,NC,ASO,ES,Federal Contract Tower,0,7,55,0,62,0,0,13,0,13,0,7,68,0,75,46,0,46,121
08/16/2002,INT,NC,ASO,ES,Federal Contract Tower,2,7,57,0,66,0,0,20,0,20,2,7,77,0,86,24,0,24,110
08/17/2002,INT,NC,ASO,ES,Federal Contract Tower,0,1,20,0,21,0,1,30,0,31,0,2,50,0,52,28,0,28,80
08/18/2002,INT,NC,ASO,ES,Federal Contract Tower,1,3,33,0,37,0,0,62,0,62,1,3,95,0,99,48,0,48,147
08/19/2002,INT,NC,ASO,ES,Federal Contract Tower,0,12,28,0,40,0,0,59,0,59,0,12,87,0,99,32,0,32,131
08/20/2002,INT,NC,ASO,ES,Federal Contract Tower,0,9,44,0,53,0,0,66,0,66,0,9,110,0,119,20,0,20,139
08/21/2002,INT,NC,ASO,ES,Federal Contract Tower,1,5,43,0,49,0,0,76,0,76,1,5,119,0,125,4,0,4,129
08/22/2002,INT,NC,ASO,ES,Federal Contract Tower,0,5,54,0,59,0,0,49,0,49,0,5,103,0,108,40,0,40,148
08/23/2002,INT,NC,ASO,ES,Federal Contract Tower,0,10,48,0,58,0,1,76,0,77,0,11,124,0,135,74,0,74,209
08/24/2002,INT,NC,ASO,ES,Federal Contract Tower,0,1,31,0,32,0,2,43,0,45,0,3,74,0,77,58,0,58,135
08/25/2002,INT,NC,ASO,ES,Federal Contract Tower,0,9,27,0,36,0,1,45,0,46,0,10,72,0,82,14,0,14,96
08/26/2002,INT,NC,ASO,ES,Federal Contract Tower,0,3,50,0,53,0,0,0,0,0,0,3,50,0,53,10,0,10,63
08/27/2002,INT,NC,ASO,ES,Federal Contract Tower,4,9,80,0,93,0,0,20,0,20,4,9,100,0,113,60,0,60,173
08/28/2002,INT,NC,ASO,ES,Federal Contract Tower,8,5,54,0,67,0,0,1,0,1,8,5,55,0,68,0,0,0,68
08/29/2002,INT,NC,ASO,ES,Federal Contract Tower,0,15,90,0,105,0,1,3,0,4,0,16,93,0,109,42,0,42,151
08/30/2002,INT,NC,ASO,ES,Federal Contract Tower,2,4,44,0,50,0,0,0,0,0,2,4,44,0,50,0,0,0,50
08/31/2002,INT,NC,ASO,ES,Federal Contract Tower,0,1,12,0,13,0,0,0,0,0,0,1,12,0,13,0,0,0,13
09/01/2002,INT,NC,ASO,ES,Federal Contract Tower,2,2,21,0,25,0,0,4,0,4,2,2,25,0,29,6,0,6,35
09/02/2002,INT,NC,ASO,ES,Federal Contract Tower,0,6,18,0,24,0,0,34,0,34,0,6,52,0,58,60,0,60,118
09/03/2002,INT,NC,ASO,ES,Federal Contract Tower,0,14,43,0,57,0,1,56,1,58,0,15,99,1,115,90,0,90,205
09/04/2002,INT,NC,ASO,ES,Federal Contract Tower,1,7,39,0,47,0,0,63,0,63,1,7,102,0,110,78,0,78,188
09/05/2002,INT,NC,ASO,ES,Federal Contract Tower,5,2,38,0,45,0,0,76,6,82,5,2,114,6,127,26,0,26,153
09/06/2002,INT,NC,ASO,ES,Federal Contract Tower,2,9,38,3,52,0,2,148,13,163,2,11,186,16,215,12,6,18,233
09/07/2002,INT,NC,ASO,ES,Federal Contract Tower,0,0,53,0,53,0,0,158,0,158,0,0,211,0,211,14,0,14,225
09/08/2002,INT,NC,ASO,ES,Federal Contract Tower,1,4,34,4,43,0,0,81,0,81,1,4,115,4,124,12,0,12,136
09/09/2002,INT,NC,ASO,ES,Federal Contract Tower,1,7,56,2,66,0,0,55,5,60,1,7,111,7,126,58,2,60,186
09/10/2002,INT,NC,ASO,ES,Federal Contract Tower,0,11,56,0,67,0,0,54,0,54,0,11,110,0,121,10,0,10,131
09/11/2002,INT,NC,ASO,ES,Federal Contract Tower,1,23,39,0,63,0,0,54,0,54,1,23,93,0,117,18,0,18,135
09/12/2002,INT,NC,ASO,ES,Federal Contract Tower,0,11,40,0,51,0,0,65,0,65,0,11,105,0,116,4,0,4,120
09/13/2002,INT,NC,ASO,ES,Federal Contract Tower,2,12,49,0,63,0,1,75,1,77,2,13,124,1,140,38,0,38,178
09/14/2002,INT,NC,ASO,ES,Federal Contract Tower,0,0,10,0,10,0,0,0,0,0,0,0,10,0,10,2,0,2,12
09/15/2002,INT,NC,ASO,ES,Federal Contract Tower,2,17,24,0,43,0,0,0,0,0,2,17,24,0,43,0,0,0,43
09/16/2002,INT,NC,ASO,ES,Federal Contract Tower,0,5,52,0,57,0,0,28,0,28,0,5,80,0,85,20,0,20,105
09/17/2002,INT,NC,ASO,ES,Federal Contract Tower,0,6,63,0,69,0,0,53,4,57,0,6,116,4,126,46,0,46,172
09/18/2002,INT,NC,ASO,ES,Federal Contract Tower,0,9,72,0,81,0,0,4,0,4,0,9,76,0,85,32,0,32,117
09/19/2002,INT,NC,ASO,ES,Federal Contract Tower,3,7,62,0,72,0,0,36,0,36,3,7,98,0,108,28,0,28,136
09/20/2002,INT,NC,ASO,ES,Federal Contract Tower,1,4,68,0,73,1,0,41,0,42,2,4,109,0,115,44,0,44,159
09/21/2002,INT,NC,ASO,ES,Federal Contract Tower,1,2,32,0,35,0,0,55,0,55,1,2,87,0,90,58,0,58,148
09/22/2002,INT,NC,ASO,ES,Federal Contract Tower,0,2,45,0,47,0,0,45,0,45,0,2,90,0,92,36,0,36,128
09/23/2002,INT,NC,ASO,ES,Federal Contract Tower,0,7,45,0,52,0,1,45,0,46,0,8,90,0,98,84,0,84,182
09/24/2002,INT,NC,ASO,ES,Federal Contract Tower,2,12,46,0,60,0,0,101,0,101,2,12,147,0,161,86,0,86,247
09/25/2002,INT,NC,ASO,ES,Federal Contract Tower,2,1,54,0,57,0,0,51,0,51,2,1,105,0,108,46,0,46,154
09/26/2002,INT,NC,ASO,ES,Federal Contract Tower,1,5,37,1,44,0,0,0,0,0,1,5,37,1,44,4,0,4,48
09/27/2002,INT,NC,ASO,ES,Federal Contract Tower,3,7,44,0,54,0,0,9,0,9,3,7,53,0,63,0,0,0,63
09/28/2002,INT,NC,ASO,ES,Federal Contract Tower,2,6,22,0,30,0,0,98,0,98,2,6,120,0,128,52,0,52,180
09/29/2002,INT,NC,ASO,ES,Federal Contract Tower,0,14,40,0,54,0,0,74,0,74,0,14,114,0,128,12,0,12,140
09/30/2002,INT,NC,ASO,ES,Federal Contract Tower,0,8,50,0,58,0,0,68,0,68,0,8,118,0,126,46,0,46,172
10/01/2002,INT,NC,ASO,ES,Federal Contract Tower,0,8,43,0,51,0,0,75,0,75,0,8,118,0,126,64,0,64,190
10/02/2002,INT,NC,ASO,ES,Federal Contract Tower,1,7,62,0,70,0,0,80,0,80,1,7,142,0,150,52,0,52,202
10/03/2002,INT,NC,ASO,ES,Federal Contract Tower,1,5,50,0,56,0,0,72,0,72,1,5,122,0,128,54,0,54,182
10/04/2002,INT,NC,ASO,ES,Federal Contract Tower,2,18,69,0,89,0,0,63,0,63,2,18,132,0,152,58,0,58,210
10/05/2002,INT,NC,ASO,ES,Federal Contract Tower,1,6,26,0,33,0,0,72,0,72,1,6,98,0,105,50,0,50,155
10/06/2002,INT,NC,ASO,ES,Federal Contract Tower,2,6,37,0,45,0,0,78,0,78,2,6,115,0,123,30,0,30,153
10/07/2002,INT,NC,ASO,ES,Federal Contract Tower,0,4,38,0,42,0,1,40,0,41,0,5,78,0,83,42,0,42,125
10/08/2002,INT,NC,ASO,ES,Federal Contract Tower,2,7,53,0,62,0,0,63,0,63,2,7,116,0,125,58,0,58,183
10/09/2002,INT,NC,ASO,ES,Federal Contract Tower,0,9,64,0,73,0,0,32,0,32,0,9,96,0,105,60,0,60,165
10/10/2002,INT,NC,ASO,ES,Federal Contract Tower,0,10,62,0,72,0,0,23,0,23,0,10,85,0,95,32,0,32,127
10/11/2002,INT,NC,ASO,ES,Federal Contract Tower,0,10,42,0,52,0,0,5,0,5,0,10,47,0,57,26,0,26,83
10/12/2002,INT,NC,ASO,ES,Federal Contract Tower,0,3,48,0,51,0,0,38,0,38,0,3,86,0,89,50,0,50,139
10/13/2002,INT,NC,ASO,ES,Federal Contract Tower,1,5,30,0,36,0,0,2,0,2,1,5,32,0,38,6,0,6,44
10/14/2002,INT,NC,ASO,ES,Federal Contract Tower,0,5,35,0,40,0,0,40,0,40,0,5,75,0,80,84,0,84,164
10/15/2002,INT,NC,ASO,ES,Federal Contract Tower,0,4,46,0,50,0,0,13,0,13,0,4,59,0,63,38,0,38,101
10/16/2002,INT,NC,ASO,ES,Federal Contract Tower,1,13,63,0,77,0,0,24,0,24,1,13,87,0,101,54,0,54,155
10/17/2002,INT,NC,ASO,ES,Federal Contract Tower,1,15,67,0,83,0,1,89,0,90,1,16,156,0,173,94,0,94,267
10/18/2002,INT,NC,ASO,ES,Federal Contract Tower,2,7,56,0,65,0,0,105,0,105,2,7,161,0,170,46,0,46,216
10/19/2002,INT,NC,ASO,ES,Federal Contract Tower,0,6,29,0,35,0,2,77,0,79,0,8,106,0,114,114,0,114,228
10/20/2002,INT,NC,ASO,ES,Federal Contract Tower,0,4,34,0,38,0,0,65,0,65,0,4,99,0,103,18,0,18,121
10/21/2002,INT,NC,ASO,ES,Federal Contract Tower,0,4,58,0,62,0,0,0,0,0,0,4,58,0,62,0,0,0,62
10/22/2002,INT,NC,ASO,ES,Federal Contract Tower,0,6,47,0,53,0,0,40,0,40,0,6,87,0,93,36,0,36,129
10/23/2002,INT,NC,ASO,ES,Federal Contract Tower,0,6,51,0,57,0,6,57,0,63,0,12,108,0,120,100,0,100,220
10/24/2002,INT,NC,ASO,ES,Federal Contract Tower,3,14,66,0,83,0,0,0,0,0,3,14,66,0,83,2,0,2,85
10/25/2002,INT,NC,ASO,ES,Federal Contract Tower,2,9,43,0,54,0,0,0,0,0,2,9,43,0,54,6,0,6,60
10/26/2002,INT,NC,ASO,ES,Federal Contract Tower,0,3,36,0,39,0,0,43,0,43,0,3,79,0,82,10,0,10,92
10/27/2002,INT,NC,ASO,ES,Federal Contract Tower,1,7,62,0,70,0,0,83,0,83,1,7,145,0,153,72,0,72,225
10/28/2002,INT,NC,ASO,ES,Federal Contract Tower,0,10,36,0,46,0,0,0,0,0,0,10,36,0,46,0,0,0,46
10/29/2002,INT,NC,ASO,ES,Federal Contract Tower,1,6,46,0,53,0,0,0,0,0,1,6,46,0,53,14,0,14,67
10/30/2002,INT,NC,ASO,ES,Federal Contract Tower,3,6,62,0,71,0,0,0,0,0,3,6,62,0,71,4,0,4,75
10/31/2002,INT,NC,ASO,ES,Federal Contract Tower,0,2,33,0,35,0,0,94,0,94,0,2,127,0,129,24,0,24,153
11/01/2002,INT,NC,ASO,ES,Federal Contract Tower,3,4,39,0,46,0,0,95,0,95,3,4,134,0,141,40,0,40,181
11/02/2002,INT,NC,ASO,ES,Federal Contract Tower,0,0,23,0,23,0,0,112,0,112,0,0,135,0,135,30,0,30,165
11/03/2002,INT,NC,ASO,ES,Federal Contract Tower,1,0,37,0,38,0,0,69,0,69,1,0,106,0,107,66,0,66,173
11/04/2002,INT,NC,ASO,ES,Federal Contract Tower,0,0,30,0,30,0,0,91,0,91,0,0,121,0,121,84,0,84,205
11/05/2002,INT,NC,ASO,ES,Federal Contract Tower,2,5,53,0,60,0,0,13,0,13,2,5,66,0,73,50,0,50,123
11/06/2002,INT,NC,ASO,ES,Federal Contract Tower,0,6,53,0,59,0,0,20,0,20,0,6,73,0,79,10,0,10,89
11/07/2002,INT,NC,ASO,ES,Federal Contract Tower,1,10,74,0,85,0,0,84,0,84,1,10,158,0,169,50,0,50,219
11/08/2002,INT,NC,ASO,ES,Federal Contract Tower,1,7,50,0,58,0,0,91,0,91,1,7,141,0,149,90,0,90,239
11/09/2002,INT,NC,ASO,ES,Federal Contract Tower,2,1,28,0,31,0,0,146,0,146,2,1,174,0,177,98,0,98,275
11/10/2002,INT,NC,ASO,ES,Federal Contract Tower,0,2,37,0,39,0,0,33,1,34,0,2,70,1,73,76,0,76,149
11/11/2002,INT,NC,ASO,ES,Federal Contract Tower,1,11,35,0,47,0,0,0,0,0,1,11,35,0,47,0,0,0,47
11/12/2002,INT,NC,ASO,ES,Federal Contract Tower,0,13,30,0,43,0,0,0,0,0,0,13,30,0,43,4,0,4,47
11/13/2002,INT,NC,ASO,ES,Federal Contract Tower,0,19,45,0,64,0,2,74,0,76,0,21,119,0,140,58,0,58,198
11/14/2002,INT,NC,ASO,ES,Federal Contract Tower,0,7,43,0,50,0,0,142,0,142,0,7,185,0,192,88,0,88,280
11/15/2002,INT,NC,ASO,ES,Federal Contract Tower,3,5,44,0,52,0,0,111,0,111,3,5,155,0,163,24,0,24,187
11/16/2002,INT,NC,ASO,ES,Federal Contract Tower,0,1,10,0,11,0,0,0,0,0,0,1,10,0,11,2,0,2,13
11/17/2002,INT,NC,ASO,ES,Federal Contract Tower,0,2,22,0,24,0,0,12,0,12,0,2,34,0,36,4,0,4,40
11/18/2002,INT,NC,ASO,ES,Federal Contract Tower,0,7,38,0,45,0,0,80,0,80,0,7,118,0,125,50,0,50,175
11/19/2002,INT,NC,ASO,ES,Federal Contract Tower,0,3,46,0,49,0,0,89,0,89,0,3,135,0,138,40,0,40,178
11/20/2002,INT,NC,ASO,ES,Federal Contract Tower,0,7,64,0,71,0,3,109,0,112,0,10,173,0,183,85,0,85,268
11/21/2002,INT,NC,ASO,ES,Federal Contract Tower,3,4,55,0,62,0,0,45,0,45,3,4,100,0,107,110,0,110,217
11/22/2002,INT,NC,ASO,ES,Federal Contract Tower,0,11,49,0,60,0,0,54,0,54,0,11,103,0,114,18,0,18,132
11/23/2002,INT,NC,ASO,ES,Federal Contract Tower,0,3,30,0,33,0,0,83,0,83,0,3,113,0,116,68,0,68,184
11/24/2002,INT,NC,ASO,ES,Federal Contract Tower,0,3,19,0,22,0,0,97,0,97,0,3,116,0,119,118,0,118,237
11/25/2002,INT,NC,ASO,ES,Federal Contract Tower,1,7,47,1,56,0,0,46,0,46,1,7,93,1,102,68,0,68,170
11/26/2002,INT,NC,ASO,ES,Federal Contract Tower,3,5,73,0,81,0,1,49,0,50,3,6,122,0,131,44,0,44,175
11/27/2002,INT,NC,ASO,ES,Federal Contract Tower,2,10,47,0,59,0,0,37,0,37,2,10,84,0,96,0,0,0,96
11/28/2002,INT,NC,ASO,ES,Federal Contract Tower,0,4,22,0,26,0,0,28,0,28,0,4,50,0,54,20,0,20,74
11/29/2002,INT,NC,ASO,ES,Federal Contract Tower,8,3,14,0,25,0,0,83,0,83,8,3,97,0,108,96,0,96,204
11/30/2002,INT,NC,ASO,ES,Federal Contract Tower,3,1,17,0,21,0,0,45,0,45,3,1,62,0,66,62,0,62,128
12/01/2002,INT,NC,ASO,ES,Federal Contract Tower,1,10,47,0,58,0,0,63,0,63,1,10,110,0,121,84,0,84,205
12/02/2002,INT,NC,ASO,ES,Federal Contract Tower,0,13,45,0,58,0,0,52,0,52,0,13,97,0,110,92,0,92,202
12/03/2002,INT,NC,ASO,ES,Federal Contract Tower,0,4,50,0,54,0,0,63,0,63,0,4,113,0,117,78,0,78,195
12/04/2002,INT,NC,ASO,ES,Federal Contract Tower,0,7,22,0,29,0,0,3,0,3,0,7,25,0,32,0,0,0,32
12/05/2002,INT,NC,ASO,ES,Federal Contract Tower,0,5,19,0,24,0,0,0,0,0,0,5,19,0,24,0,0,0,24
12/06/2002,INT,NC,ASO,ES,Federal Contract Tower,1,6,33,0,40,0,0,34,0,34,1,6,67,0,74,14,0,14,88
12/07/2002,INT,NC,ASO,ES,Federal Contract Tower,0,1,19,0,20,0,0,38,0,38,0,1,57,0,58,58,0,58,116
12/08/2002,INT,NC,ASO,ES,Federal Contract Tower,2,4,25,0,31,0,0,61,0,61,2,4,86,0,92,54,0,54,146
12/09/2002,INT,NC,ASO,ES,Federal Contract Tower,0,4,42,0,46,0,0,43,0,43,0,4,85,0,89,52,0,52,141
12/10/2002,INT,NC,ASO,ES,Federal Contract Tower,0,8,45,0,53,0,0,13,0,13,0,8,58,0,66,22,0,22,88
12/11/2002,INT,NC,ASO,ES,Federal Contract Tower,1,11,30,0,42,0,0,0,0,0,1,11,30,0,42,0,0,0,42
12/12/2002,INT,NC,ASO,ES,Federal Contract Tower,0,4,50,0,54,0,0,50,0,50,0,4,100,0,104,100,0,100,204
12/13/2002,INT,NC,ASO,ES,Federal Contract Tower,0,6,34,2,42,0,0,0,0,0,0,6,34,2,42,0,0,0,42
12/14/2002,INT,NC,ASO,ES,Federal Contract Tower,2,6,23,0,31,0,0,18,0,18,2,6,41,0,49,0,0,0,49
12/15/2002,INT,NC,ASO,ES,Federal Contract Tower,1,6,29,0,36,0,0,112,0,112,1,6,141,0,148,60,0,60,208
12/16/2002,INT,NC,ASO,ES,Federal Contract Tower,4,5,41,0,50,0,0,74,0,74,4,5,115,0,124,62,0,62,186
12/17/2002,INT,NC,ASO,ES,Federal Contract Tower,2,5,76,0,83,0,0,84,0,84,2,5,160,0,167,96,0,96,263
12/18/2002,INT,NC,ASO,ES,Federal Contract Tower,2,15,62,0,79,0,0,65,0,65,2,15,127,0,144,72,0,72,216
12/19/2002,INT,NC,ASO,ES,Federal Contract Tower,2,13,68,0,83,0,1,0,0,1,2,14,68,0,84,4,0,4,88
12/20/2002,INT,NC,ASO,ES,Federal Contract Tower,5,15,36,0,56,0,1,40,0,41,5,16,76,0,97,46,0,46,143
12/21/2002,INT,NC,ASO,ES,Federal Contract Tower,1,4,15,0,20,0,0,83,0,83,1,4,98,0,103,92,0,92,195
12/22/2002,INT,NC,ASO,ES,Federal Contract Tower,1,0,22,0,23,0,0,43,0,43,1,0,65,0,66,58,0,58,124
12/23/2002,INT,NC,ASO,ES,Federal Contract Tower,0,2,31,0,33,0,0,70,0,70,0,2,101,0,103,42,0,42,145
12/24/2002,INT,NC,ASO,ES,Federal Contract Tower,0,1,7,0,8,0,0,4,0,4,0,1,11,0,12,2,0,2,14
12/25/2002,INT,NC,ASO,ES,Federal Contract Tower,0,1,3,0,4,0,0,2,0,2,0,1,5,0,6,0,0,0,6
12/26/2002,INT,NC,ASO,ES,Federal Contract Tower,1,8,29,0,38,0,0,63,0,63,1,8,92,0,101,64,0,64,165
12/27/2002,INT,NC,ASO,ES,Federal Contract Tower,1,4,45,0,50,0,1,103,0,104,1,5,148,0,154,72,0,72,226
12/28/2002,INT,NC,ASO,ES,Federal Contract Tower,0,5,18,0,23,0,2,89,0,91,0,7,107,0,114,116,0,116,230
12/29/2002,INT,NC,ASO,ES,Federal Contract Tower,1,5,31,0,37,0,0,72,0,72,1,5,103,0,109,78,0,78,187
12/30/2002,INT,NC,ASO,ES,Federal Contract Tower,1,4,25,0,30,0,0,61,0,61,1,4,86,0,91,12,0,12,103
12/31/2002,INT,NC,ASO,ES,Federal Contract Tower,0,1,19,0,20,0,0,50,0,50,0,1,69,0,70,60,0,60,130
01/01/2003,INT,NC,ASO,ES,Federal Contract Tower,2,3,10,0,15,0,1,6,0,7,2,4,16,0,22,4,0,4,26
01/02/2003,INT,NC,ASO,ES,Federal Contract Tower,1,7,18,0,26,0,0,3,0,3,1,7,21,0,29,6,0,6,35
01/03/2003,INT,NC,ASO,ES,Federal Contract Tower,1,4,35,0,40,0,0,15,0,15,1,4,50,0,55,4,0,4,59
01/04/2003,INT,NC,ASO,ES,Federal Contract Tower,1,3,29,0,33,0,0,74,0,74,1,3,103,0,107,40,0,40,147
01/05/2003,INT,NC,ASO,ES,Federal Contract Tower,1,7,26,0,34,0,0,90,0,90,1,7,116,0,124,72,0,72,196
01/06/2003,INT,NC,ASO,ES,Federal Contract Tower,1,4,34,0,39,0,1,39,0,40,1,5,73,0,79,56,0,56,135
01/07/2003,INT,NC,ASO,ES,Federal Contract Tower,1,6,47,0,54,0,0,57,4,61,1,6,104,4,115,46,0,46,161
01/08/2003,INT,NC,ASO,ES,Federal Contract Tower,0,0,8,5,13,0,0,0,91,91,0,0,8,96,104,62,0,62,166
01/09/2003,INT,NC,ASO,ES,Federal Contract Tower,1,11,45,0,57,0,0,61,0,61,1,11,106,0,118,44,0,44,162
01/10/2003,INT,NC,ASO,ES,Federal Contract Tower,1,7,38,0,46,0,0,84,0,84,1,7,122,0,130,35,0,35,165
01/11/2003,INT,NC,ASO,ES,Federal Contract Tower,0,0,12,0,12,0,0,103,0,103,0,0,115,0,115,70,0,70,185
01/12/2003,INT,NC,ASO,ES,Federal Contract Tower,0,2,32,0,34,0,0,74,0,74,0,2,106,0,108,32,0,32,140
01/13/2003,INT,NC,ASO,ES,Federal Contract Tower,3,4,38,0,45,0,0,87,0,87,3,4,125,0,132,98,0,98,230
01/14/2003,INT,NC,ASO,ES,Federal Contract Tower,1,4,43,0,48,0,0,65,0,65,1,4,108,0,113,46,0,46,159
01/15/2003,INT,NC,ASO,ES,Federal Contract Tower,0,5,50,0,55,0,0,82,1,83,0,5,132,1,138,40,0,40,178
01/16/2003,INT,NC,ASO,ES,Federal Contract Tower,3,7,57,0,67,0,3,37,0,40,3,10,94,0,107,34,0,34,141
01/17/2003,INT,NC,ASO,ES,Federal Contract Tower,1,5,36,0,42,0,0,37,0,37,1,5,73,0,79,24,0,24,103
01/18/2003,INT,NC,ASO,ES,Federal Contract Tower,2,3,30,0,35,0,0,69,2,71,2,3,99,2,106,28,0,28,134
01/19/2003,INT,NC,ASO,ES,Federal Contract Tower,0,2,19,0,21,0,0,54,0,54,0,2,73,0,75,24,0,24,99
01/20/2003,INT,NC,ASO,ES,Federal Contract Tower,1,7,38,0,46,0,0,71,0,71,1,7,109,0,117,32,0,32,149
01/21/2003,INT,NC,ASO,ES,Federal Contract Tower,0,7,36,0,43,0,0,2,0,2,0,7,38,0,45,0,0,0,45
01/22/2003,INT,NC,ASO,ES,Federal Contract Tower,0,4,46,0,50,0,0,66,0,66,0,4,112,0,116,72,0,72,188
01/23/2003,INT,NC,ASO,ES,Federal Contract Tower,3,4,35,0,42,0,0,3,0,3,3,4,38,0,45,4,0,4,49
01/24/2003,INT,NC,ASO,ES,Federal Contract Tower,3,2,34,0,39,2,0,44,0,46,5,2,78,0,85,12,0,12,97
01/25/2003,INT,NC,ASO,ES,Federal Contract Tower,1,6,21,0,28,0,1,108,0,109,1,7,129,0,137,56,0,56,193
01/26/2003,INT,NC,ASO,ES,Federal Contract Tower,0,6,20,0,26,0,0,53,0,53,0,6,73,0,79,28,0,28,107
01/27/2003,INT,NC,ASO,ES,Federal Contract Tower,0,5,28,0,33,0,0,54,2,56,0,5,82,2,89,46,0,46,135
01/28/2003,INT,NC,ASO,ES,Federal Contract Tower,0,7,45,0,52,0,0,48,2,50,0,7,93,2,102,68,0,68,170
01/29/2003,INT,NC,ASO,ES,Federal Contract Tower,0,8,46,0,54,0,0,11,0,11,0,8,57,0,65,6,0,6,71
01/30/2003,INT,NC,ASO,ES,Federal Contract Tower,1,7,31,0,39,0,0,0,0,0,1,7,31,0,39,0,0,0,39
01/31/2003,INT,NC,ASO,ES,Federal Contract Tower,0,8,32,0,40,0,0,0,0,0,0,8,32,0,40,0,0,0,40
02/01/2003,INT,NC,ASO,ES,Federal Contract Tower,1,2,26,0,29,0,0,53,0,53,1,2,79,0,82,50,0,50,132
02/02/2003,INT,NC,ASO,ES,Federal Contract Tower,5,8,11,0,24,0,0,93,0,93,5,8,104,0,117,54,0,54,171
02/03/2003,INT,NC,ASO,ES,Federal Contract Tower,2,1,22,0,25,0,0,81,0,81,2,1,103,0,106,86,0,86,192
02/04/2003,INT,NC,ASO,ES,Federal Contract Tower,0,2,38,0,40,0,0,21,0,21,0,2,59,0,61,14,0,14,75
02/05/2003,INT,NC,ASO,ES,Federal Contract Tower,2,8,50,0,60,0,0,93,0,93,2,8,143,0,153,38,0,38,191
02/06/2003,INT,NC,ASO,ES,Federal Contract Tower,0,7,44,0,51,0,0,31,0,31,0,7,75,0,82,24,0,24,106
02/07/2003,INT,NC,ASO,ES,Federal Contract Tower,1,10,49,0,60,0,0,32,0,32,1,10,81,0,92,24,0,24,116
02/08/2003,INT,NC,ASO,ES,Federal Contract Tower,3,2,33,0,38,0,0,67,0,67,3,2,100,0,105,72,0,72,177
02/09/2003,INT,NC,ASO,ES,Federal Contract Tower,1,1,30,0,32,0,0,82,0,82,1,1,112,0,114,44,0,44,158
02/10/2003,INT,NC,ASO,ES,Federal Contract Tower,0,4,33,0,37,0,0,14,0,14,0,4,47,0,51,16,0,16,67
02/11/2003,INT,NC,ASO,ES,Federal Contract Tower,1,11,37,0,49,0,0,45,0,45,1,11,82,0,94,10,0,10,104
02/12/2003,INT,NC,ASO,ES,Federal Contract Tower,2,14,36,0,52,0,0,50,0,50,2,14,86,0,102,14,0,14,116
02/13/2003,INT,NC,ASO,ES,Federal Contract Tower,2,7,75,6,90,0,0,87,0,87,2,7,162,6,177,76,12,88,265
02/14/2003,INT,NC,ASO,ES,Federal Contract Tower,1,4,40,0,45,0,0,25,0,25,1,4,65,0,70,16,0,16,86
02/15/2003,INT,NC,ASO,ES,Federal Contract Tower,2,0,9,0,11,0,0,47,0,47,2,0,56,0,58,52,0,52,110
02/16/2003,INT,NC,ASO,ES,Federal Contract Tower,0,1,2,0,3,0,0,0,0,0,0,1,2,0,3,0,0,0,3
02/17/2003,INT,NC,ASO,ES,Federal Contract Tower,0,3,26,0,29,0,0,0,0,0,0,3,26,0,29,0,0,0,29
02/18/2003,INT,NC,ASO,ES,Federal Contract Tower,2,4,43,0,49,0,0,28,0,28,2,4,71,0,77,20,0,20,97
02/19/2003,INT,NC,ASO,ES,Federal Contract Tower,3,4,49,0,56,0,0,19,0,19,3,4,68,0,75,26,0,26,101
02/20/2003,INT,NC,ASO,ES,Federal Contract Tower,3,8,70,0,81,0,0,54,0,54,3,8,124,0,135,82,0,82,217
02/21/2003,INT,NC,ASO,ES,Federal Contract Tower,1,8,56,0,65,0,0,9,0,9,1,8,65,0,74,20,0,20,94
02/22/2003,INT,NC,ASO,ES,Federal Contract Tower,1,4,3,0,8,0,0,0,0,0,1,4,3,0,8,2,0,2,10
02/23/2003,INT,NC,ASO,ES,Federal Contract Tower,0,5,18,0,23,0,0,21,2,23,0,5,39,2,46,8,0,8,54
02/24/2003,INT,NC,ASO,ES,Federal Contract Tower,3,9,50,0,62,0,0,42,0,42,3,9,92,0,104,58,0,58,162
02/25/2003,INT,NC,ASO,ES,Federal Contract Tower,1,9,55,0,65,0,0,72,0,72,1,9,127,0,137,46,0,46,183
02/26/2003,INT,NC,ASO,ES,Federal Contract Tower,2,2,20,0,24,0,0,0,0,0,2,2,20,0,24,0,0,0,24
02/27/2003,INT,NC,ASO,ES,Federal Contract Tower,1,2,11,0,14,0,0,0,0,0,1,2,11,0,14,0,0,0,14
02/28/2003,INT,NC,ASO,ES,Federal Contract Tower,0,8,50,0,58,0,0,1,0,1,0,8,51,0,59,0,0,0,59
03/01/2003,INT,NC,ASO,ES,Federal Contract Tower,0,1,8,0,9,0,0,0,0,0,0,1,8,0,9,4,0,4,13
03/02/2003,INT,NC,ASO,ES,Federal Contract Tower,1,2,30,0,33,0,0,33,0,33,1,2,63,0,66,30,0,30,96
03/03/2003,INT,NC,ASO,ES,Federal Contract Tower,4,3,31,1,39,0,0,75,0,75,4,3,106,1,114,41,0,41,155
03/04/2003,INT,NC,ASO,ES,Federal Contract Tower,2,7,50,0,59,0,0,42,0,42,2,7,92,0,101,16,0,16,117
03/05/2003,INT,NC,ASO,ES,Federal Contract Tower,2,3,59,0,64,0,0,51,0,51,2,3,110,0,115,44,0,44,159
03/06/2003,INT,NC,ASO,ES,Federal Contract Tower,1,3,41,2,47,0,0,24,0,24,1,3,65,2,71,36,0,36,107
03/07/2003,INT,NC,ASO,ES,Federal Contract Tower,2,9,40,0,51,0,0,54,0,54,2,9,94,0,105,54,0,54,159
03/08/2003,INT,NC,ASO,ES,Federal Contract Tower,0,5,35,0,40,0,0,114,0,114,0,5,149,0,154,96,0,96,250
03/09/2003,INT,NC,ASO,ES,Federal Contract Tower,0,1,18,0,19,0,0,108,0,108,0,1,126,0,127,28,0,28,155
03/10/2003,INT,NC,ASO,ES,Federal Contract Tower,0,6,39,1,46,0,0,66,0,66,0,6,105,1,112,8,0,8,120
03/11/2003,INT,NC,ASO,ES,Federal Contract Tower,10,0,43,1,54,1,0,55,1,57,11,0,98,2,111,108,0,108,219
03/12/2003,INT,NC,ASO,ES,Federal Contract Tower,6,2,51,0,59,0,0,77,3,80,6,2,128,3,139,40,2,42,181
03/13/2003,INT,NC,ASO,ES,Federal Contract Tower,1,8,49,0,58,0,0,51,0,51,1,8,100,0,109,32,0,32,141
03/14/2003,INT,NC,ASO,ES,Federal Contract Tower,2,5,47,0,54,0,0,73,0,73,2,5,120,0,127,26,0,26,153
03/15/2003,INT,NC,ASO,ES,Federal Contract Tower,0,3,45,0,48,0,0,14,0,14,0,3,59,0,62,56,0,56,118
03/16/2003,INT,NC,ASO,ES,Federal Contract Tower,1,12,16,0,29,0,0,0,0,0,1,12,16,0,29,6,0,6,35
03/17/2003,INT,NC,ASO,ES,Federal Contract Tower,2,6,25,0,33,0,0,19,0,19,2,6,44,0,52,42,0,42,94
03/18/2003,INT,NC,ASO,ES,Federal Contract Tower,3,13,61,0,77,0,0,0,0,0,3,13,61,0,77,20,0,20,97
03/19/2003,INT,NC,ASO,ES,Federal Contract Tower,3,3,51,0,57,0,0,4,0,4,3,3,55,0,61,20,0,20,81
03/20/2003,INT,NC,ASO,ES,Federal Contract Tower,0,3,32,0,35,0,0,0,0,0,0,3,32,0,35,0,0,0,35
03/21/2003,INT,NC,ASO,ES,Federal Contract Tower,1,9,55,0,65,0,0,33,0,33,1,9,88,0,98,26,0,26,124
03/22/2003,INT,NC,ASO,ES,Federal Contract Tower,0,5,38,0,43,0,0,123,0,123,0,5,161,0,166,60,0,60,226
03/23/2003,INT,NC,ASO,ES,Federal Contract Tower,2,6,29,0,37,0,0,96,0,96,2,6,125,0,133,48,0,48,181
03/24/2003,INT,NC,ASO,ES,Federal Contract Tower,0,8,60,0,68,0,0,71,0,71,0,8,131,0,139,50,0,50,189
03/25/2003,INT,NC,ASO,ES,Federal Contract Tower,2,3,37,0,42,0,0,77,0,77,2,3,114,0,119,36,0,36,155
03/26/2003,INT,NC,ASO,ES,Federal Contract Tower,2,5,35,0,42,0,0,58,0,58,2,5,93,0,100,42,0,42,142
03/27/2003,INT,NC,ASO,ES,Federal Contract Tower,1,3,43,0,47,0,0,86,0,86,1,3,129,0,133,28,0,28,161
03/28/2003,INT,NC,ASO,ES,Federal Contract Tower,0,7,42,4,53,0,0,72,1,73,0,7,114,5,126,64,14,78,204
03/29/2003,INT,NC,ASO,ES,Federal Contract Tower,0,0,32,0,32,0,0,28,0,28,0,0,60,0,60,14,0,14,74
03/30/2003,INT,NC,ASO,ES,Federal Contract Tower,1,0,18,0,19,0,0,1,0,1,1,0,19,0,20,0,0,0,20
03/31/2003,INT,NC,ASO,ES,Federal Contract Tower,0,6,40,0,46,0,0,40,0,40,0,6,80,0,86,48,0,48,134
04/01/2003,INT,NC,ASO,ES,Federal Contract Tower,1,10,52,0,63,0,2,73,0,75,1,12,125,0,138,26,0,26,164
04/02/2003,INT,NC,ASO,ES,Federal Contract Tower,3,5,67,0,75,0,0,74,0,74,3,5,141,0,149,46,0,46,195
04/03/2003,INT,NC,ASO,ES,Federal Contract Tower,2,7,45,0,54,0,0,70,0,70,2,7,115,0,124,16,0,16,140
04/04/2003,INT,NC,ASO,ES,Federal Contract Tower,0,7,66,0,73,0,0,49,2,51,0,7,115,2,124,18,0,18,142
04/05/2003,INT,NC,ASO,ES,Federal Contract Tower,2,0,15,0,17,0,0,43,0,43,2,0,58,0,60,32,0,32,92
04/06/2003,INT,NC,ASO,ES,Federal Contract Tower,1,2,26,0,29,0,0,56,0,56,1,2,82,0,85,44,0,44,129
04/07/2003,INT,NC,ASO,ES,Federal Contract Tower,2,6,52,0,60,0,0,2,0,2,2,6,54,0,62,18,0,18,80
04/08/2003,INT,NC,ASO,ES,Federal Contract Tower,1,4,44,0,49,0,0,1,0,1,1,4,45,0,50,8,0,8,58
04/09/2003,INT,NC,ASO,ES,Federal Contract Tower,3,5,42,0,50,0,0,0,0,0,3,5,42,0,50,12,0,12,62
04/10/2003,INT,NC,ASO,ES,Federal Contract Tower,2,7,15,0,24,0,0,0,0,0,2,7,15,0,24,0,0,0,24
04/11/2003,INT,NC,ASO,ES,Federal Contract Tower,1,1,32,0,34,0,0,37,0,37,1,1,69,0,71,44,0,44,115
04/12/2003,INT,NC,ASO,ES,Federal Contract Tower,1,3,28,0,32,0,1,94,0,95,1,4,122,0,127,30,0,30,157
04/13/2003,INT,NC,ASO,ES,Federal Contract Tower,2,5,33,0,40,0,0,93,0,93,2,5,126,0,133,64,0,64,197
04/14/2003,INT,NC,ASO,ES,Federal Contract Tower,1,1,57,0,59,0,0,84,0,84,1,1,141,0,143,50,0,50,193
04/15/2003,INT,NC,ASO,ES,Federal Contract Tower,4,1,61,0,66,0,0,78,0,78,4,1,139,0,144,54,0,54,198
04/16/2003,INT,NC,ASO,ES,Federal Contract Tower,7,10,43,0,60,0,0,90,6,96,7,10,133,6,156,76,0,76,232
04/17/2003,INT,NC,ASO,ES,Federal Contract Tower,3,17,44,1,65,0,0,80,2,82,3,17,124,3,147,38,0,38,185
04/18/2003,INT,NC,ASO,ES,Federal Contract Tower,0,3,15,0,18,0,0,0,0,0,0,3,15,0,18,0,0,0,18
04/19/2003,INT,NC,ASO,ES,Federal Contract Tower,0,4,6,0,10,0,0,0,0,0,0,4,6,0,10,0,0,0,10
04/20/2003,INT,NC,ASO,ES,Federal Contract Tower,0,6,39,0,45,0,0,17,0,17,0,6,56,0,62,24,0,24,86
04/21/2003,INT,NC,ASO,ES,Federal Contract Tower,0,5,36,0,41,0,0,1,0,1,0,5,37,0,42,0,0,0,42
04/22/2003,INT,NC,ASO,ES,Federal Contract Tower,2,7,54,0,63,0,0,72,0,72,2,7,126,0,135,20,0,20,155
04/23/2003,INT,NC,ASO,ES,Federal Contract Tower,1,8,59,2,70,0,0,103,7,110,1,8,162,9,180,50,0,50,230
04/24/2003,INT,NC,ASO,ES,Federal Contract Tower,0,7,67,0,74,0,0,109,0,109,0,7,176,0,183,104,0,104,287
04/25/2003,INT,NC,ASO,ES,Federal Contract Tower,1,6,44,0,51,0,0,1,0,1,1,6,45,0,52,2,0,2,54
04/26/2003,INT,NC,ASO,ES,Federal Contract Tower,1,1,70,0,72,0,0,47,0,47,1,1,117,0,119,92,0,92,211
04/27/2003,INT,NC,ASO,ES,Federal Contract Tower,2,4,59,0,65,0,0,321,0,321,2,4,380,0,386,42,0,42,428
04/28/2003,INT,NC,ASO,ES,Federal Contract Tower,0,20,71,0,91,0,0,108,0,108,0,20,179,0,199,104,0,104,303
04/29/2003,INT,NC,ASO,ES,Federal Contract Tower,3,7,50,0,60,0,0,60,0,60,3,7,110,0,120,28,0,28,148
04/30/2003,INT,NC,ASO,ES,Federal Contract Tower,1,19,69,0,89,0,1,67,0,68,1,20,136,0,157,40,0,40,197
05/01/2003,INT,NC,ASO,ES,Federal Contract Tower,0,14,61,2,77,0,0,39,0,39,0,14,100,2,116,40,0,40,156
05/02/2003,INT,NC,ASO,ES,Federal Contract Tower,1,4,45,0,50,0,0,43,0,43,1,4,88,0,93,24,0,24,117
05/03/2003,INT,NC,ASO,ES,Federal Contract Tower,0,0,19,0,19,0,0,55,0,55,0,0,74,0,74,62,0,62,136
05/04/2003,INT,NC,ASO,ES,Federal Contract Tower,1,3,34,0,38,0,0,9,0,9,1,3,43,0,47,24,0,24,71
05/05/2003,INT,NC,ASO,ES,Federal Contract Tower,2,5,41,0,48,0,0,0,0,0,2,5,41,0,48,0,0,0,48
05/06/2003,INT,NC,ASO,ES,Federal Contract Tower,2,7,29,0,38,0,0,23,0,23,2,7,52,0,61,18,0,18,79
05/07/2003,INT,NC,ASO,ES,Federal Contract Tower,1,2,44,0,47,0,0,13,0,13,1,2,57,0,60,6,0,6,66
05/08/2003,INT,NC,ASO,ES,Federal Contract Tower,1,9,41,0,51,0,0,91,0,91,1,9,132,0,142,90,0,90,232
05/09/2003,INT,NC,ASO,ES,Federal Contract Tower,1,8,47,0,56,0,1,94,11,106,1,9,141,11,162,96,4,100,262
05/10/2003,INT,NC,ASO,ES,Federal Contract Tower,1,0,22,0,23,0,0,75,0,75,1,0,97,0,98,116,0,116,214
05/11/2003,INT,NC,ASO,ES,Federal Contract Tower,1,2,28,0,31,0,0,20,0,20,1,2,48,0,51,60,0,60,111
05/12/2003,INT,NC,ASO,ES,Federal Contract Tower,3,7,43,0,53,0,4,60,0,64,3,11,103,0,117,2,0,2,119
05/13/2003,INT,NC,ASO,ES,Federal Contract Tower,3,15,39,0,57,0,0,52,0,52,3,15,91,0,109,26,0,26,135
05/14/2003,INT,NC,ASO,ES,Federal Contract Tower,1,11,51,0,63,0,0,112,0,112,1,11,163,0,175,56,0,56,231
05/15/2003,INT,NC,ASO,ES,Federal Contract Tower,0,7,61,0,68,0,0,9,0,9,0,7,70,0,77,58,0,58,135
05/16/2003,INT,NC,ASO,ES,Federal Contract Tower,2,7,55,4,68,0,0,32,0,32,2,7,87,4,100,58,8,66,166
05/17/2003,INT,NC,ASO,ES,Federal Contract Tower,3,9,20,0,32,0,0,0,0,0,3,9,20,0,32,6,0,6,38
05/18/2003,INT,NC,ASO,ES,Federal Contract Tower,2,4,26,0,32,0,0,0,0,0,2,4,26,0,32,0,0,0,32
05/19/2003,INT,NC,ASO,ES,Federal Contract Tower,1,8,51,0,60,0,0,1,0,1,1,8,52,0,61,10,0,10,71
05/20/2003,INT,NC,ASO,ES,Federal Contract Tower,0,19,46,2,67,0,0,110,6,116,0,19,156,8,183,72,6,78,261
05/21/2003,INT,NC,ASO,ES,Federal Contract Tower,4,8,64,0,76,0,0,6,0,6,4,8,70,0,82,2,0,2,84
05/22/2003,INT,NC,ASO,ES,Federal Contract Tower,2,11,39,0,52,0,0,0,0,0,2,11,39,0,52,6,0,6,58
05/23/2003,INT,NC,ASO,ES,Federal Contract Tower,2,11,33,0,46,0,0,0,0,0,2,11,33,0,46,6,0,6,52
05/24/2003,INT,NC,ASO,ES,Federal Contract Tower,0,5,26,0,31,0,0,14,0,14,0,5,40,0,45,54,0,54,99
05/25/2003,INT,NC,ASO,ES,Federal Contract Tower,0,3,17,0,20,0,0,29,0,29,0,3,46,0,49,70,0,70,119
05/26/2003,INT,NC,ASO,ES,Federal Contract Tower,0,6,30,0,36,0,0,101,0,101,0,6,131,0,137,48,0,48,185
05/27/2003,INT,NC,ASO,ES,Federal Contract Tower,0,5,72,0,77,0,0,16,0,16,0,5,88,0,93,8,0,8,101
05/28/2003,INT,NC,ASO,ES,Federal Contract Tower,0,11,56,0,67,0,0,106,0,106,0,11,162,0,173,68,0,68,241
05/29/2003,INT,NC,ASO,ES,Federal Contract Tower,0,8,44,0,52,0,0,36,0,36,0,8,80,0,88,28,0,28,116
05/30/2003,INT,NC,ASO,ES,Federal Contract Tower,3,1,33,0,37,0,0,149,0,149,3,1,182,0,186,76,0,76,262
05/31/2003,INT,NC,ASO,ES,Federal Contract Tower,1,2,22,0,25,0,0,16,0,16,1,2,38,0,41,32,0,32,73
06/01/2003,INT,NC,ASO,ES,Federal Contract Tower,0,7,30,0,37,0,0,72,0,72,0,7,102,0,109,40,0,40,149
06/02/2003,INT,NC,ASO,ES,Federal Contract Tower,0,0,33,0,33,0,0,89,0,89,0,0,122,0,122,66,0,66,188
06/03/2003,INT,NC,ASO,ES,Federal Contract Tower,0,13,45,0,58,0,0,5,0,5,0,13,50,0,63,8,0,8,71
06/04/2003,INT,NC,ASO,ES,Federal Contract Tower,1,6,60,0,67,0,0,23,5,28,1,6,83,5,95,36,0,36,131
06/05/2003,INT,NC,ASO,ES,Federal Contract Tower,0,3,43,0,46,0,0,102,0,102,0,3,145,0,148,56,0,56,204
06/06/2003,INT,NC,ASO,ES,Federal Contract Tower,4,2,40,0,46,0,0,73,0,73,4,2,113,0,119,128,0,128,247
06/07/2003,INT,NC,ASO,ES,Federal Contract Tower,1,2,3,0,6,0,0,0,0,0,1,2,3,0,6,0,0,0,6
06/08/2003,INT,NC,ASO,ES,Federal Contract Tower,2,2,26,0,30,0,0,25,0,25,2,2,51,0,55,31,0,31,86
06/09/2003,INT,NC,ASO,ES,Federal Contract Tower,0,8,54,0,62,0,0,78,0,78,0,8,132,0,140,60,0,60,200
06/10/2003,INT,NC,ASO,ES,Federal Contract Tower,0,7,33,0,40,0,0,87,0,87,0,7,120,0,127,54,0,54,181
06/11/2003,INT,NC,ASO,ES,Federal Contract Tower,3,12,48,0,63,0,0,59,0,59,3,12,107,0,122,8,0,8,130
06/12/2003,INT,NC,ASO,ES,Federal Contract Tower,0,5,41,0,46,0,0,12,0,12,0,5,53,0,58,0,0,0,58
06/13/2003,INT,NC,ASO,ES,Federal Contract Tower,0,5,33,0,38,0,1,33,0,34,0,6,66,0,72,46,0,46,118
06/14/2003,INT,NC,ASO,ES,Federal Contract Tower,1,1,23,0,25,0,0,46,0,46,1,1,69,0,71,124,0,124,195
06/15/2003,INT,NC,ASO,ES,Federal Contract Tower,0,1,21,0,22,0,0,15,0,15,0,1,36,0,37,38,0,38,75
06/16/2003,INT,NC,ASO,ES,Federal Contract Tower,1,5,32,0,38,0,0,2,0,2,1,5,34,0,40,0,0,0,40
06/17/2003,INT,NC,ASO,ES,Federal Contract Tower,1,5,46,0,52,0,0,0,0,0,1,5,46,0,52,6,0,6,58
06/18/2003,INT,NC,ASO,ES,Federal Contract Tower,0,8,63,0,71,0,0,1,0,1,0,8,64,0,72,0,0,0,72
06/19/2003,INT,NC,ASO,ES,Federal Contract Tower,0,10,61,0,71,0,0,53,0,53,0,10,114,0,124,84,0,84,208
06/20/2003,INT,NC,ASO,ES,Federal Contract Tower,0,2,48,0,50,0,0,90,0,90,0,2,138,0,140,90,0,90,230
06/21/2003,INT,NC,ASO,ES,Federal Contract Tower,0,4,27,0,31,0,0,81,0,81,0,4,108,0,112,50,0,50,162
06/22/2003,INT,NC,ASO,ES,Federal Contract Tower,0,5,29,0,34,0,0,84,0,84,0,5,113,0,118,86,0,86,204
06/23/2003,INT,NC,ASO,ES,Federal Contract Tower,0,7,36,0,43,0,0,93,0,93,0,7,129,0,136,60,0,60,196
06/24/2003,INT,NC,ASO,ES,Federal Contract Tower,0,5,48,0,53,0,0,110,0,110,0,5,158,0,163,98,0,98,261
06/25/2003,INT,NC,ASO,ES,Federal Contract Tower,0,2,47,0,49,0,0,96,0,96,0,2,143,0,145,84,0,84,229
06/26/2003,INT,NC,ASO,ES,Federal Contract Tower,1,3,47,0,51,0,0,107,0,107,1,3,154,0,158,128,0,128,286
06/27/2003,INT,NC,ASO,ES,Federal Contract Tower,3,8,50,0,61,0,0,39,0,39,3,8,89,0,100,86,2,88,188
06/28/2003,INT,NC,ASO,ES,Federal Contract Tower,0,1,25,0,26,0,0,11,0,11,0,1,36,0,37,34,0,34,71
06/29/2003,INT,NC,ASO,ES,Federal Contract Tower,0,3,30,0,33,0,0,54,0,54,0,3,84,0,87,96,0,96,183
06/30/2003,INT,NC,ASO,ES,Federal Contract Tower,1,5,22,0,28,0,0,40,0,40,1,5,62,0,68,58,0,58,126
07/01/2003,INT,NC,ASO,ES,Federal Contract Tower,1,4,27,0,32,0,0,85,0,85,1,4,112,0,117,80,0,80,197
07/02/2003,INT,NC,ASO,ES,Federal Contract Tower,1,7,19,1,28,0,0,0,0,0,1,7,19,1,28,0,2,2,30
07/03/2003,INT,NC,ASO,ES,Federal Contract Tower,0,2,55,0,57,0,0,83,1,84,0,2,138,1,141,112,0,112,253
07/04/2003,INT,NC,ASO,ES,Federal Contract Tower,1,2,18,0,21,0,0,86,0,86,1,2,104,0,107,80,0,80,187
07/05/2003,INT,NC,ASO,ES,Federal Contract Tower,1,2,22,0,25,0,0,74,0,74,1,2,96,0,99,44,0,44,143
07/06/2003,INT,NC,ASO,ES,Federal Contract Tower,0,8,25,2,35,0,0,55,0,55,0,8,80,2,90,120,0,120,210
07/07/2003,INT,NC,ASO,ES,Federal Contract Tower,0,6,35,0,41,0,3,76,0,79,0,9,111,0,120,68,0,68,188
07/08/2003,INT,NC,ASO,ES,Federal Contract Tower,0,1,62,0,63,0,0,92,0,92,0,1,154,0,155,116,0,116,271
07/09/2003,INT,NC,ASO,ES,Federal Contract Tower,2,5,46,0,53,1,0,81,0,82,3,5,127,0,135,58,0,58,193
07/10/2003,INT,NC,ASO,ES,Federal Contract Tower,1,8,53,0,62,0,0,62,0,62,1,8,115,0,124,50,0,50,174
07/11/2003,INT,NC,ASO,ES,Federal Contract Tower,0,4,40,0,44,0,2,63,0,65,0,6,103,0,109,44,0,44,153
07/12/2003,INT,NC,ASO,ES,Federal Contract Tower,0,2,20,0,22,0,0,114,0,114,0,2,134,0,136,78,0,78,214
07/13/2003,INT,NC,ASO,ES,Federal Contract Tower,1,6,29,0,36,0,1,77,0,78,1,7,106,0,114,52,0,52,166
07/14/2003,INT,NC,ASO,ES,Federal Contract Tower,2,6,60,0,68,0,0,23,0,23,2,6,83,0,91,68,0,68,159
07/15/2003,INT,NC,ASO,ES,Federal Contract Tower,3,6,66,0,75,0,0,62,0,62,3,6,128,0,137,174,0,174,311
07/16/2003,INT,NC,ASO,ES,Federal Contract Tower,2,2,74,0,78,0,0,66,0,66,2,2,140,0,144,106,0,106,250
07/17/2003,INT,NC,ASO,ES,Federal Contract Tower,3,7,50,0,60,0,0,61,0,61,3,7,111,0,121,30,0,30,151
07/18/2003,INT,NC,ASO,ES,Federal Contract Tower,2,1,47,0,50,0,0,35,0,35,2,1,82,0,85,30,0,30,115
07/19/2003,INT,NC,ASO,ES,Federal Contract Tower,0,2,16,0,18,0,0,39,0,39,0,2,55,0,57,48,0,48,105
07/20/2003,INT,NC,ASO,ES,Federal Contract Tower,0,2,36,2,40,0,4,60,0,64,0,6,96,2,104,42,0,42,146
07/21/2003,INT,NC,ASO,ES,Federal Contract Tower,1,6,43,1,51,0,0,27,1,28,1,6,70,2,79,26,0,26,105
07/22/2003,INT,NC,ASO,ES,Federal Contract Tower,0,14,40,0,54,0,0,14,0,14,0,14,54,0,68,16,0,16,84
07/23/2003,INT,NC,ASO,ES,Federal Contract Tower,5,7,49,0,61,0,0,16,0,16,5,7,65,0,77,14,0,14,91
07/24/2003,INT,NC,ASO,ES,Federal Contract Tower,3,4,48,0,55,0,0,93,0,93,3,4,141,0,148,100,0,100,248
07/25/2003,INT,NC,ASO,ES,Federal Contract Tower,2,6,54,0,62,0,0,73,0,73,2,6,127,0,135,70,0,70,205
07/26/2003,INT,NC,ASO,ES,Federal Contract Tower,0,3,24,0,27,0,6,71,0,77,0,9,95,0,104,46,0,46,150
07/27/2003,INT,NC,ASO,ES,Federal Contract Tower,1,1,23,0,25,0,0,74,0,74,1,1,97,0,99,28,0,28,127
07/28/2003,INT,NC,ASO,ES,Federal Contract Tower,0,4,42,0,46,0,0,64,0,64,0,4,106,0,110,90,0,90,200
07/29/2003,INT,NC,ASO,ES,Federal Contract Tower,0,5,53,0,58,0,0,43,0,43,0,5,96,0,101,46,0,46,147
07/30/2003,INT,NC,ASO,ES,Federal Contract Tower,0,6,31,0,37,0,0,0,0,0,0,6,31,0,37,6,0,6,43
07/31/2003,INT,NC,ASO,ES,Federal Contract Tower,1,7,50,0,58,0,0,0,0,0,1,7,50,0,58,10,0,10,68
08/01/2003,INT,NC,ASO,ES,Federal Contract Tower,3,14,54,1,72,0,1,14,1,16,3,15,68,2,88,22,0,22,110
08/02/2003,INT,NC,ASO,ES,Federal Contract Tower,3,4,12,0,19,0,0,17,0,17,3,4,29,0,36,28,0,28,64
08/03/2003,INT,NC,ASO,ES,Federal Contract Tower,1,2,35,0,38,0,0,5,1,6,1,2,40,1,44,34,0,34,78
08/04/2003,INT,NC,ASO,ES,Federal Contract Tower,0,3,32,0,35,0,0,35,0,35,0,3,67,0,70,74,0,74,144
08/05/2003,INT,NC,ASO,ES,Federal Contract Tower,0,4,40,0,44,0,0,54,0,54,0,4,94,0,98,44,0,44,142
08/06/2003,INT,NC,ASO,ES,Federal Contract Tower,0,11,44,0,55,0,0,50,1,51,0,11,94,1,106,66,0,66,172
08/07/2003,INT,NC,ASO,ES,Federal Contract Tower,0,8,36,0,44,0,0,43,0,43,0,8,79,0,87,58,0,58,145
08/08/2003,INT,NC,ASO,ES,Federal Contract Tower,1,9,30,0,40,0,0,7,0,7,1,9,37,0,47,14,0,14,61
08/09/2003,INT,NC,ASO,ES,Federal Contract Tower,0,2,10,0,12,0,0,24,0,24,0,2,34,0,36,16,0,16,52
08/10/2003,INT,NC,ASO,ES,Federal Contract Tower,1,1,33,0,35,0,1,36,0,37,1,2,69,0,72,64,0,64,136
08/11/2003,INT,NC,ASO,ES,Federal Contract Tower,4,4,48,0,56,0,0,51,0,51,4,4,99,0,107,50,0,50,157
08/12/2003,INT,NC,ASO,ES,Federal Contract Tower,3,5,44,0,52,0,0,16,0,16,3,5,60,0,68,22,0,22,90
08/13/2003,INT,NC,ASO,ES,Federal Contract Tower,3,4,50,0,57,0,0,47,0,47,3,4,97,0,104,38,0,38,142
08/14/2003,INT,NC,ASO,ES,Federal Contract Tower,0,10,50,0,60,0,0,40,0,40,0,10,90,0,100,40,0,40,140
08/15/2003,INT,NC,ASO,ES,Federal Contract Tower,0,5,52,0,57,0,3,60,0,63,0,8,112,0,120,72,0,72,192
08/16/2003,INT,NC,ASO,ES,Federal Contract Tower,2,1,36,0,39,0,0,62,3,65,2,1,98,3,104,127,0,127,231
08/17/2003,INT,NC,ASO,ES,Federal Contract Tower,0,5,27,0,32,0,0,76,0,76,0,5,103,0,108,90,0,90,198
08/18/2003,INT,NC,ASO,ES,Federal Contract Tower,0,2,31,0,33,0,0,67,0,67,0,2,98,0,100,88,0,88,188
08/19/2003,INT,NC,ASO,ES,Federal Contract Tower,1,9,48,0,58,0,0,20,0,20,1,9,68,0,78,42,0,42,120
08/20/2003,INT,NC,ASO,ES,Federal Contract Tower,1,7,75,0,83,0,0,39,2,41,1,7,114,2,124,8,8,16,140
08/21/2003,INT,NC,ASO,ES,Federal Contract Tower,1,7,77,0,85,0,0,67,4,71,1,7,144,4,156,24,0,24,180
08/22/2003,INT,NC,ASO,ES,Federal Contract Tower,0,8,39,0,47,0,0,54,0,54,0,8,93,0,101,44,0,44,145
08/23/2003,INT,NC,ASO,ES,Federal Contract Tower,0,1,25,0,26,0,0,71,0,71,0,1,96,0,97,36,0,36,133
08/24/2003,INT,NC,ASO,ES,Federal Contract Tower,0,4,33,0,37,0,0,116,0,116,0,4,149,0,153,100,0,100,253
08/25/2003,INT,NC,ASO,ES,Federal Contract Tower,2,4,28,0,34,0,0,82,0,82,2,4,110,0,116,52,0,52,168
08/26/2003,INT,NC,ASO,ES,Federal Contract Tower,0,0,84,0,84,0,0,89,0,89,0,0,173,0,173,56,0,56,229
08/27/2003,INT,NC,ASO,ES,Federal Contract Tower,1,3,62,0,66,0,0,55,0,55,1,3,117,0,121,54,0,54,175
08/28/2003,INT,NC,ASO,ES,Federal Contract Tower,1,7,73,0,81,0,0,29,0,29,1,7,102,0,110,36,0,36,146
08/29/2003,INT,NC,ASO,ES,Federal Contract Tower,3,2,46,0,51,0,0,52,0,52,3,2,98,0,103,116,0,116,219
08/30/2003,INT,NC,ASO,ES,Federal Contract Tower,2,0,21,0,23,0,0,85,0,85,2,0,106,0,108,52,0,52,160
08/31/2003,INT,NC,ASO,ES,Federal Contract Tower,0,0,12,0,12,0,0,6,0,6,0,0,18,0,18,18,0,18,36
09/01/2003,INT,NC,ASO,ES,Federal Contract Tower,0,4,31,0,35,0,0,31,0,31,0,4,62,0,66,42,0,42,108
09/02/2003,INT,NC,ASO,ES,Federal Contract Tower,0,8,44,0,52,0,0,58,0,58,0,8,102,0,110,84,0,84,194
09/03/2003,INT,NC,ASO,ES,Federal Contract Tower,0,5,67,0,72,0,0,48,0,48,0,5,115,0,120,88,0,88,208
09/04/2003,INT,NC,ASO,ES,Federal Contract Tower,0,13,47,0,60,0,0,14,0,14,0,13,61,0,74,12,0,12,86
09/05/2003,INT,NC,ASO,ES,Federal Contract Tower,4,7,44,6,61,0,1,100,39,140,4,8,144,45,201,18,8,26,227
09/06/2003,INT,NC,ASO,ES,Federal Contract Tower,1,3,20,0,24,0,0,90,0,90,1,3,110,0,114,8,0,8,122
09/07/2003,INT,NC,ASO,ES,Federal Contract Tower,1,2,8,2,13,0,0,56,1,57,1,2,64,3,70,10,16,26,96
09/08/2003,INT,NC,ASO,ES,Federal Contract Tower,1,5,30,4,40,0,0,43,2,45,1,5,73,6,85,22,4,26,111
09/09/2003,INT,NC,ASO,ES,Federal Contract Tower,1,5,40,1,47,0,0,63,1,64,1,5,103,2,111,42,0,42,153
09/10/2003,INT,NC,ASO,ES,Federal Contract Tower,0,4,50,0,54,0,0,78,0,78,0,4,128,0,132,76,0,76,208
09/11/2003,INT,NC,ASO,ES,Federal Contract Tower,0,9,58,0,67,0,0,82,0,82,0,9,140,0,149,86,0,86,235
09/12/2003,INT,NC,ASO,ES,Federal Contract Tower,4,2,38,0,44,0,0,43,0,43,4,2,81,0,87,72,0,72,159
09/13/2003,INT,NC,ASO,ES,Federal Contract Tower,0,8,26,0,34,0,2,73,0,75,0,10,99,0,109,122,0,122,231
09/14/2003,INT,NC,ASO,ES,Federal Contract Tower,1,8,30,0,39,0,0,30,0,30,1,8,60,0,69,46,0,46,115
09/15/2003,INT,NC,ASO,ES,Federal Contract Tower,0,7,52,0,59,0,0,32,0,32,0,7,84,0,91,40,2,42,133
09/16/2003,INT,NC,ASO,ES,Federal Contract Tower,0,5,48,4,57,0,0,139,4,143,0,5,187,8,200,48,14,62,262
09/17/2003,INT,NC,ASO,ES,Federal Contract Tower,2,3,47,0,52,0,0,64,0,64,2,3,111,0,116,76,0,76,192
09/18/2003,INT,NC,ASO,ES,Federal Contract Tower,1,3,12,0,16,0,0,1,0,1,1,3,13,0,17,0,0,0,17
09/19/2003,INT,NC,ASO,ES,Federal Contract Tower,1,5,33,0,39,0,1,198,3,202,1,6,231,3,241,56,6,62,303
09/20/2003,INT,NC,ASO,ES,Federal Contract Tower,1,4,15,0,20,0,0,114,0,114,1,4,129,0,134,30,0,30,164
09/21/2003,INT,NC,ASO,ES,Federal Contract Tower,2,5,33,0,40,0,0,77,0,77,2,5,110,0,117,110,0,110,227
09/22/2003,INT,NC,ASO,ES,Federal Contract Tower,0,2,53,0,55,0,0,9,0,9,0,2,62,0,64,6,0,6,70
09/23/2003,INT,NC,ASO,ES,Federal Contract Tower,2,9,45,0,56,0,0,91,0,91,2,9,136,0,147,84,0,84,231
09/24/2003,INT,NC,ASO,ES,Federal Contract Tower,8,2,44,0,54,0,0,150,0,150,8,2,194,0,204,110,2,112,316
09/25/2003,INT,NC,ASO,ES,Federal Contract Tower,2,3,52,0,57,0,0,107,0,107,2,3,159,0,164,56,0,56,220
09/26/2003,INT,NC,ASO,ES,Federal Contract Tower,1,7,74,0,82,0,0,97,0,97,1,7,171,0,179,120,0,120,299
09/27/2003,INT,NC,ASO,ES,Federal Contract Tower,0,2,19,0,21,0,0,68,0,68,0,2,87,0,89,80,0,80,169
09/28/2003,INT,NC,ASO,ES,Federal Contract Tower,1,0,39,0,40,0,0,129,0,129,1,0,168,0,169,134,0,134,303
09/29/2003,INT,NC,ASO,ES,Federal Contract Tower,1,10,31,0,42,0,0,89,0,89,1,10,120,0,131,28,0,28,159
09/30/2003,INT,NC,ASO,ES,Federal Contract Tower,0,8,32,0,40,0,0,86,0,86,0,8,118,0,126,32,0,32,158
10/01/2003,INT,NC,ASO,ES,Federal Contract Tower,1,6,55,0,62,0,2,74,0,76,1,8,129,0,138,76,0,76,214
10/02/2003,INT,NC,ASO,ES,Federal Contract Tower,0,5,53,0,58,0,0,62,0,62,0,5,115,0,120,62,0,62,182
10/03/2003,INT,NC,ASO,ES,Federal Contract Tower,2,7,60,0,69,0,5,75,0,80,2,12,135,0,149,110,0,110,259
10/04/2003,INT,NC,ASO,ES,Federal Contract Tower,1,0,22,0,23,0,0,77,0,77,1,0,99,0,100,32,0,32,132
10/05/2003,INT,NC,ASO,ES,Federal Contract Tower,2,1,27,0,30,2,0,80,0,82,4,1,107,0,112,28,0,28,140
10/06/2003,INT,NC,ASO,ES,Federal Contract Tower,0,3,30,0,33,0,3,53,0,56,0,6,83,0,89,54,0,54,143
10/07/2003,INT,NC,ASO,ES,Federal Contract Tower,0,5,55,0,60,0,0,70,0,70,0,5,125,0,130,64,0,64,194
10/08/2003,INT,NC,ASO,ES,Federal Contract Tower,3,6,57,0,66,2,2,13,0,17,5,8,70,0,83,56,0,56,139
10/09/2003,INT,NC,ASO,ES,Federal Contract Tower,0,8,64,0,72,0,0,4,0,4,0,8,68,0,76,14,0,14,90
10/10/2003,INT,NC,ASO,ES,Federal Contract Tower,1,3,40,0,44,0,0,41,0,41,1,3,81,0,85,102,0,102,187
10/11/2003,INT,NC,ASO,ES,Federal Contract Tower,1,4,38,0,43,0,0,20,1,21,1,4,58,1,64,52,0,52,116
10/12/2003,INT,NC,ASO,ES,Federal Contract Tower,1,3,35,0,39,0,0,79,0,79,1,3,114,0,118,30,0,30,148
10/13/2003,INT,NC,ASO,ES,Federal Contract Tower,1,0,45,0,46,2,0,67,0,69,3,0,112,0,115,52,0,52,167
10/14/2003,INT,NC,ASO,ES,Federal Contract Tower,0,1,39,0,40,0,0,11,0,11,0,1,50,0,51,0,0,0,51
10/15/2003,INT,NC,ASO,ES,Federal Contract Tower,1,6,55,0,62,0,2,53,0,55,1,8,108,0,117,30,0,30,147
10/16/2003,INT,NC,ASO,ES,Federal Contract Tower,2,4,55,0,61,0,0,128,0,128,2,4,183,0,189,38,0,38,227
10/17/2003,INT,NC,ASO,ES,Federal Contract Tower,1,6,46,0,53,0,0,82,0,82,1,6,128,0,135,60,0,60,195
10/18/2003,INT,NC,ASO,ES,Federal Contract Tower,0,5,41,0,46,0,0,46,0,46,0,5,87,0,92,48,0,48,140
10/19/2003,INT,NC,ASO,ES,Federal Contract Tower,1,5,44,0,50,6,0,94,0,100,7,5,138,0,150,68,0,68,218
10/20/2003,INT,NC,ASO,ES,Federal Contract Tower,1,3,41,0,45,0,0,92,2,94,1,3,133,2,139,18,2,20,159
10/21/2003,INT,NC,ASO,ES,Federal Contract Tower,1,6,46,0,53,0,0,75,0,75,1,6,121,0,128,32,0,32,160
10/22/2003,INT,NC,ASO,ES,Federal Contract Tower,0,4,38,0,42,0,0,62,0,62,0,4,100,0,104,32,0,32,136
10/23/2003,INT,NC,ASO,ES,Federal Contract Tower,1,6,48,0,55,1,1,67,0,69,2,7,115,0,124,80,0,80,204
10/24/2003,INT,NC,ASO,ES,Federal Contract Tower,1,3,45,0,49,3,0,86,1,90,4,3,131,1,139,38,0,38,177
10/25/2003,INT,NC,ASO,ES,Federal Contract Tower,1,3,30,0,34,0,2,51,0,53,1,5,81,0,87,126,0,126,213
10/26/2003,INT,NC,ASO,ES,Federal Contract Tower,1,0,35,0,36,3,0,0,0,3,4,0,35,0,39,4,0,4,43
10/27/2003,INT,NC,ASO,ES,Federal Contract Tower,1,4,34,0,39,2,1,2,1,6,3,5,36,1,45,10,0,10,55
10/28/2003,INT,NC,ASO,ES,Federal Contract Tower,2,7,53,0,62,0,8,0,1,9,2,15,53,1,71,0,0,0,71
10/29/2003,INT,NC,ASO,ES,Federal Contract Tower,2,7,61,0,70,1,3,55,0,59,3,10,116,0,129,44,0,44,173
10/30/2003,INT,NC,ASO,ES,Federal Contract Tower,2,8,69,0,79,0,0,70,0,70,2,8,139,0,149,30,0,30,179
10/31/2003,INT,NC,ASO,ES,Federal Contract Tower,1,6,59,0,66,0,5,110,0,115,1,11,169,0,181,48,0,48,229
11/01/2003,INT,NC,ASO,ES,Federal Contract Tower,0,1,41,0,42,0,0,128,0,128,0,1,169,0,170,42,0,42,212
11/02/2003,INT,NC,ASO,ES,Federal Contract Tower,1,3,45,0,49,0,12,82,0,94,1,15,127,0,143,108,0,108,251
11/03/2003,INT,NC,ASO,ES,Federal Contract Tower,0,0,38,0,38,0,0,87,0,87,0,0,125,0,125,98,0,98,223
11/04/2003,INT,NC,ASO,ES,Federal Contract Tower,0,6,57,0,63,0,0,82,5,87,0,6,139,5,150,88,0,88,238
11/05/2003,INT,NC,ASO,ES,Federal Contract Tower,0,2,47,0,49,0,0,35,0,35,0,2,82,0,84,40,0,40,124
11/06/2003,INT,NC,ASO,ES,Federal Contract Tower,2,5,43,0,50,1,0,1,0,2,3,5,44,0,52,8,0,8,60
11/07/2003,INT,NC,ASO,ES,Federal Contract Tower,2,4,49,0,55,3,0,25,7,35,5,4,74,7,90,6,0,6,96
11/08/2003,INT,NC,ASO,ES,Federal Contract Tower,1,0,23,0,24,1,0,126,0,127,2,0,149,0,151,92,0,92,243
11/09/2003,INT,NC,ASO,ES,Federal Contract Tower,0,2,15,0,17,0,4,88,0,92,0,6,103,0,109,40,0,40,149
11/10/2003,INT,NC,ASO,ES,Federal Contract Tower,0,4,44,0,48,0,0,82,0,82,0,4,126,0,130,34,0,34,164
11/11/2003,INT,NC,ASO,ES,Federal Contract Tower,3,6,55,0,64,0,4,74,0,78,3,10,129,0,142,110,0,110,252
11/12/2003,INT,NC,ASO,ES,Federal Contract Tower,2,2,31,0,35,1,0,49,0,50,3,2,80,0,85,44,0,44,129
11/13/2003,INT,NC,ASO,ES,Federal Contract Tower,1,6,47,0,54,0,4,16,0,20,1,10,63,0,74,18,0,18,92
11/14/2003,INT,NC,ASO,ES,Federal Contract Tower,2,7,56,0,65,2,2,67,0,71,4,9,123,0,136,42,0,42,178
11/15/2003,INT,NC,ASO,ES,Federal Contract Tower,0,0,18,0,18,1,0,59,0,60,1,0,77,0,78,98,0,98,176
11/16/2003,INT,NC,ASO,ES,Federal Contract Tower,1,5,43,0,49,1,4,49,0,54,2,9,92,0,103,52,0,52,155
11/17/2003,INT,NC,ASO,ES,Federal Contract Tower,0,5,51,0,56,0,0,63,0,63,0,5,114,0,119,34,0,34,153
11/18/2003,INT,NC,ASO,ES,Federal Contract Tower,1,6,51,0,58,0,1,0,0,1,1,7,51,0,59,6,0,6,65
11/19/2003,INT,NC,ASO,ES,Federal Contract Tower,1,4,33,0,38,0,2,2,0,4,1,6,35,0,42,0,0,0,42
11/20/2003,INT,NC,ASO,ES,Federal Contract Tower,0,9,69,1,79,0,0,83,0,83,0,9,152,1,162,106,8,114,276
11/21/2003,INT,NC,ASO,ES,Federal Contract Tower,1,2,45,0,48,2,0,106,0,108,3,2,151,0,156,142,0,142,298
11/22/2003,INT,NC,ASO,ES,Federal Contract Tower,0,1,16,0,17,1,0,67,0,68,1,1,83,0,85,100,0,100,185
11/23/2003,INT,NC,ASO,ES,Federal Contract Tower,1,3,29,0,33,0,0,76,0,76,1,3,105,0,109,90,0,90,199
11/24/2003,INT,NC,ASO,ES,Federal Contract Tower,1,3,35,0,39,1,0,16,0,17,2,3,51,0,56,24,0,24,80
11/25/2003,INT,NC,ASO,ES,Federal Contract Tower,1,6,45,0,52,0,1,68,0,69,1,7,113,0,121,58,0,58,179
11/26/2003,INT,NC,ASO,ES,Federal Contract Tower,1,6,50,0,57,5,0,68,0,73,6,6,118,0,130,72,0,72,202
11/27/2003,INT,NC,ASO,ES,Federal Contract Tower,0,1,19,0,20,1,0,8,0,9,1,1,27,0,29,32,0,32,61
11/28/2003,INT,NC,ASO,ES,Federal Contract Tower,0,0,11,0,11,1,0,2,0,3,1,0,13,0,14,8,0,8,22
11/29/2003,INT,NC,ASO,ES,Federal Contract Tower,1,2,31,0,34,0,0,34,0,34,1,2,65,0,68,46,0,46,114
11/30/2003,INT,NC,ASO,ES,Federal Contract Tower,1,6,48,0,55,0,0,94,0,94,1,6,142,0,149,22,0,22,171
12/01/2003,INT,NC,ASO,ES,Federal Contract Tower,1,6,43,0,50,0,6,45,2,53,1,12,88,2,103,0,2,2,105
12/02/2003,INT,NC,ASO,ES,Federal Contract Tower,0,5,60,0,65,0,0,63,0,63,0,5,123,0,128,32,0,32,160
12/03/2003,INT,NC,ASO,ES,Federal Contract Tower,2,8,62,0,72,1,0,111,0,112,3,8,173,0,184,124,0,124,308
12/04/2003,INT,NC,ASO,ES,Federal Contract Tower,1,5,38,0,44,0,3,0,0,3,1,8,38,0,47,2,0,2,49
12/05/2003,INT,NC,ASO,ES,Federal Contract Tower,1,4,25,0,30,0,2,0,0,2,1,6,25,0,32,4,0,4,36
12/06/2003,INT,NC,ASO,ES,Federal Contract Tower,0,2,17,0,19,0,2,26,0,28,0,4,43,0,47,30,0,30,77
12/07/2003,INT,NC,ASO,ES,Federal Contract Tower,1,3,24,0,28,1,2,39,0,42,2,5,63,0,70,34,0,34,104
12/08/2003,INT,NC,ASO,ES,Federal Contract Tower,2,9,49,0,60,0,0,60,2,62,2,9,109,2,122,48,0,48,170
12/09/2003,INT,NC,ASO,ES,Federal Contract Tower,1,9,50,0,60,0,6,58,0,64,1,15,108,0,124,100,0,100,224
12/10/2003,INT,NC,ASO,ES,Federal Contract Tower,0,9,52,0,61,0,1,4,0,5,0,10,56,0,66,6,0,6,72
12/11/2003,INT,NC,ASO,ES,Federal Contract Tower,0,5,37,0,42,0,0,39,0,39,0,5,76,0,81,32,0,32,113
12/12/2003,INT,NC,ASO,ES,Federal Contract Tower,0,5,49,0,54,0,0,88,0,88,0,5,137,0,142,56,0,56,198
12/13/2003,INT,NC,ASO,ES,Federal Contract Tower,1,0,21,0,22,0,0,88,0,88,1,0,109,0,110,42,0,42,152
12/14/2003,INT,NC,ASO,ES,Federal Contract Tower,1,1,7,0,9,0,1,0,0,1,1,2,7,0,10,0,0,0,10
12/15/2003,INT,NC,ASO,ES,Federal Contract Tower,2,7,45,0,54,0,0,45,0,45,2,7,90,0,99,50,0,50,149
12/16/2003,INT,NC,ASO,ES,Federal Contract Tower,3,11,69,0,83,4,0,51,2,57,7,11,120,2,140,74,0,74,214
12/17/2003,INT,NC,ASO,ES,Federal Contract Tower,0,6,31,0,37,0,3,16,0,19,0,9,47,0,56,8,0,8,64
12/18/2003,INT,NC,ASO,ES,Federal Contract Tower,1,10,54,0,65,0,6,48,0,54,1,16,102,0,119,68,0,68,187
12/19/2003,INT,NC,ASO,ES,Federal Contract Tower,1,7,40,1,49,1,1,24,5,31,2,8,64,6,80,50,0,50,130
12/20/2003,INT,NC,ASO,ES,Federal Contract Tower,0,4,23,0,27,3,0,66,0,69,3,4,89,0,96,22,0,22,118
12/21/2003,INT,NC,ASO,ES,Federal Contract Tower,0,1,26,0,27,1,0,112,0,113,1,1,138,0,140,32,0,32,172
12/22/2003,INT,NC,ASO,ES,Federal Contract Tower,0,6,38,0,44,0,0,93,0,93,0,6,131,0,137,122,0,122,259
12/23/2003,INT,NC,ASO,ES,Federal Contract Tower,0,5,29,0,34,0,3,44,0,47,0,8,73,0,81,54,0,54,135
12/24/2003,INT,NC,ASO,ES,Federal Contract Tower,0,0,16,0,16,0,0,7,0,7,0,0,23,0,23,6,0,6,29
12/25/2003,INT,NC,ASO,ES,Federal Contract Tower,0,1,10,0,11,1,1,24,0,26,1,2,34,0,37,12,0,12,49
12/26/2003,INT,NC,ASO,ES,Federal Contract Tower,0,4,25,0,29,0,2,77,0,79,0,6,102,0,108,8,0,8,116
12/27/2003,INT,NC,ASO,ES,Federal Contract Tower,0,0,22,0,22,1,0,92,0,93,1,0,114,0,115,28,0,28,143
12/28/2003,INT,NC,ASO,ES,Federal Contract Tower,0,4,30,0,34,0,0,76,0,76,0,4,106,0,110,68,0,68,178
12/29/2003,INT,NC,ASO,ES,Federal Contract Tower,0,4,29,0,33,2,0,62,6,70,2,4,91,6,103,54,0,54,157
12/30/2003,INT,NC,ASO,ES,Federal Contract Tower,0,1,20,0,21,1,0,62,4,67,1,1,82,4,88,30,0,30,118
12/31/2003,INT,NC,ASO,ES,Federal Contract Tower,0,5,30,0,35,2,1,75,0,78,2,6,105,0,113,20,0,20,133
01/01/2004,INT,NC,ASO,ES,Federal Contract Tower,1,1,12,0,14,1,0,50,0,51,2,1,62,0,65,56,0,56,121
01/02/2004,INT,NC,ASO,ES,Federal Contract Tower,1,1,15,0,17,0,0,53,0,53,1,1,68,0,70,54,0,54,124
01/03/2004,INT,NC,ASO,ES,Federal Contract Tower,0,2,14,0,16,0,0,81,1,82,0,2,95,1,98,62,0,62,160
01/04/2004,INT,NC,ASO,ES,Federal Contract Tower,0,4,26,0,30,0,0,40,0,40,0,4,66,0,70,70,0,70,140
01/05/2004,INT,NC,ASO,ES,Federal Contract Tower,4,9,35,0,48,0,4,0,0,4,4,13,35,0,52,20,0,20,72
01/06/2004,INT,NC,ASO,ES,Federal Contract Tower,2,9,46,0,57,0,0,43,0,43,2,9,89,0,100,22,0,22,122
01/07/2004,INT,NC,ASO,ES,Federal Contract Tower,1,9,47,0,57,0,1,64,0,65,1,10,111,0,122,72,0,72,194
01/08/2004,INT,NC,ASO,ES,Federal Contract Tower,3,11,51,0,65,0,1,60,0,61,3,12,111,0,126,94,0,94,220
01/09/2004,INT,NC,ASO,ES,Federal Contract Tower,1,4,20,0,25,0,4,0,0,4,1,8,20,0,29,0,0,0,29
01/10/2004,INT,NC,ASO,ES,Federal Contract Tower,0,2,26,0,28,0,0,33,0,33,0,2,59,0,61,14,0,14,75
01/11/2004,INT,NC,ASO,ES,Federal Contract Tower,1,6,38,0,45,0,0,54,0,54,1,6,92,0,99,60,0,60,159
01/12/2004,INT,NC,ASO,ES,Federal Contract Tower,2,6,43,0,51,3,0,70,0,73,5,6,113,0,124,64,0,64,188
01/13/2004,INT,NC,ASO,ES,Federal Contract Tower,1,4,35,0,40,0,0,72,0,72,1,4,107,0,112,62,0,62,174
01/14/2004,INT,NC,ASO,ES,Federal Contract Tower,2,9,45,0,56,1,2,75,0,78,3,11,120,0,134,38,0,38,172
01/15/2004,INT,NC,ASO,ES,Federal Contract Tower,1,7,36,0,44,1,2,40,0,43,2,9,76,0,87,16,0,16,103
01/16/2004,INT,NC,ASO,ES,Federal Contract Tower,2,10,50,0,62,1,2,76,0,79,3,12,126,0,141,72,0,72,213
01/17/2004,INT,NC,ASO,ES,Federal Contract Tower,1,5,26,0,32,0,3,75,0,78,1,8,101,0,110,231,0,231,341
01/18/2004,INT,NC,ASO,ES,Federal Contract Tower,0,0,19,0,19,0,0,4,0,4,0,0,23,0,23,0,0,0,23
01/19/2004,INT,NC,ASO,ES,Federal Contract Tower,1,6,32,0,39,2,0,63,0,65,3,6,95,0,104,20,0,20,124
01/20/2004,INT,NC,ASO,ES,Federal Contract Tower,2,8,42,0,52,0,3,43,0,46,2,11,85,0,98,66,0,66,164
01/21/2004,INT,NC,ASO,ES,Federal Contract Tower,0,7,51,0,58,0,0,92,0,92,0,7,143,0,150,62,0,62,212
01/22/2004,INT,NC,ASO,ES,Federal Contract Tower,2,9,48,0,59,0,10,43,0,53,2,19,91,0,112,20,0,20,132
01/23/2004,INT,NC,ASO,ES,Federal Contract Tower,1,0,27,0,28,0,0,73,1,74,1,0,100,1,102,74,0,74,176
01/24/2004,INT,NC,ASO,ES,Federal Contract Tower,1,4,33,0,38,1,0,78,0,79,2,4,111,0,117,38,0,38,155
01/25/2004,INT,NC,ASO,ES,Federal Contract Tower,0,0,4,0,4,0,0,0,0,0,0,0,4,0,4,0,0,0,4
01/26/2004,INT,NC,ASO,ES,Federal Contract Tower,0,0,1,0,1,0,0,0,0,0,0,0,1,0,1,4,0,4,5
01/27/2004,INT,NC,ASO,ES,Federal Contract Tower,0,2,12,0,14,0,0,0,0,0,0,2,12,0,14,0,0,0,14
01/28/2004,INT,NC,ASO,ES,Federal Contract Tower,2,9,45,0,56,0,10,0,5,15,2,19,45,5,71,22,0,22,93
01/29/2004,INT,NC,ASO,ES,Federal Contract Tower,2,12,58,0,72,5,5,36,0,46,7,17,94,0,118,32,0,32,150
01/30/2004,INT,NC,ASO,ES,Federal Contract Tower,2,10,52,0,64,3,1,32,3,39,5,11,84,3,103,28,0,28,131
01/31/2004,INT,NC,ASO,ES,Federal Contract Tower,0,4,28,0,32,0,0,75,0,75,0,4,103,0,107,66,0,66,173
02/01/2004,INT,NC,ASO,ES,Federal Contract Tower,2,2,22,0,26,0,0,75,0,75,2,2,97,0,101,70,0,70,171
02/02/2004,INT,NC,ASO,ES,Federal Contract Tower,0,9,47,0,56,0,2,22,0,24,0,11,69,0,80,54,0,54,134
02/03/2004,INT,NC,ASO,ES,Federal Contract Tower,2,10,48,0,60,0,3,25,0,28,2,13,73,0,88,40,0,40,128
02/04/2004,INT,NC,ASO,ES,Federal Contract Tower,4,16,70,0,90,0,1,117,0,118,4,17,187,0,208,132,0,132,340
02/05/2004,INT,NC,ASO,ES,Federal Contract Tower,1,8,36,0,45,0,0,19,0,19,1,8,55,0,64,16,0,16,80
02/06/2004,INT,NC,ASO,ES,Federal Contract Tower,2,5,19,0,26,0,4,0,0,4,2,9,19,0,30,0,0,0,30
02/07/2004,INT,NC,ASO,ES,Federal Contract Tower,0,4,18,0,22,0,0,41,0,41,0,4,59,0,63,34,0,34,97
02/08/2004,INT,NC,ASO,ES,Federal Contract Tower,1,5,24,0,30,0,1,100,0,101,1,6,124,0,131,74,0,74,205
02/09/2004,INT,NC,ASO,ES,Federal Contract Tower,2,3,29,0,34,0,0,45,0,45,2,3,74,0,79,66,0,66,145
02/10/2004,INT,NC,ASO,ES,Federal Contract Tower,0,8,36,0,44,0,0,43,0,43,0,8,79,0,87,42,0,42,129
02/11/2004,INT,NC,ASO,ES,Federal Contract Tower,2,12,50,0,64,0,4,44,0,48,2,16,94,0,112,60,0,60,172
02/12/2004,INT,NC,ASO,ES,Federal Contract Tower,1,10,36,0,47,0,6,0,0,6,1,16,36,0,53,0,0,0,53
02/13/2004,INT,NC,ASO,ES,Federal Contract Tower,3,7,45,0,55,1,0,69,1,71,4,7,114,1,126,22,0,22,148
02/14/2004,INT,NC,ASO,ES,Federal Contract Tower,1,3,17,0,21,2,0,69,0,71,3,3,86,0,92,110,0,110,202
02/15/2004,INT,NC,ASO,ES,Federal Contract Tower,1,5,17,0,23,0,0,0,0,0,1,5,17,0,23,2,0,2,25
02/16/2004,INT,NC,ASO,ES,Federal Contract Tower,1,6,29,0,36,1,0,19,0,20,2,6,48,0,56,36,0,36,92
02/17/2004,INT,NC,ASO,ES,Federal Contract Tower,1,6,26,0,33,1,1,24,0,26,2,7,50,0,59,26,0,26,85
02/18/2004,INT,NC,ASO,ES,Federal Contract Tower,2,7,53,0,62,2,0,50,5,57,4,7,103,5,119,40,2,42,161
02/19/2004,INT,NC,ASO,ES,Federal Contract Tower,1,6,35,0,42,0,0,68,0,68,1,6,103,0,110,34,0,34,144
02/20/2004,INT,NC,ASO,ES,Federal Contract Tower,1,2,26,0,29,0,0,63,3,66,1,2,89,3,95,2,0,2,97
02/21/2004,INT,NC,ASO,ES,Federal Contract Tower,0,2,18,0,20,4,0,18,0,22,4,2,36,0,42,8,0,8,50
02/22/2004,INT,NC,ASO,ES,Federal Contract Tower,1,10,41,0,52,0,7,84,0,91,1,17,125,0,143,30,0,30,173
02/23/2004,INT,NC,ASO,ES,Federal Contract Tower,1,7,35,0,43,1,0,31,0,32,2,7,66,0,75,26,0,26,101
02/24/2004,INT,NC,ASO,ES,Federal Contract Tower,1,12,54,0,67,0,4,24,4,32,1,16,78,4,99,36,0,36,135
02/25/2004,INT,NC,ASO,ES,Federal Contract Tower,0,12,52,0,64,0,0,64,0,64,0,12,116,0,128,30,0,30,158
02/26/2004,INT,NC,ASO,ES,Federal Contract Tower,1,10,40,0,51,0,9,0,0,9,1,19,40,0,60,0,0,0,60
02/27/2004,INT,NC,ASO,ES,Federal Contract Tower,1,3,30,0,34,0,0,27,0,27,1,3,57,0,61,10,0,10,71
02/28/2004,INT,NC,ASO,ES,Federal Contract Tower,1,3,26,0,30,1,0,78,0,79,2,3,104,0,109,66,0,66,175
02/29/2004,INT,NC,ASO,ES,Federal Contract Tower,0,3,16,0,19,1,0,99,0,100,1,3,115,0,119,96,0,96,215
03/01/2004,INT,NC,ASO,ES,Federal Contract Tower,1,4,24,0,29,0,0,45,0,45,1,4,69,0,74,42,0,42,116
03/02/2004,INT,NC,ASO,ES,Federal Contract Tower,2,5,49,0,56,0,0,10,6,16,2,5,59,6,72,6,0,6,78
03/03/2004,INT,NC,ASO,ES,Federal Contract Tower,4,10,64,0,78,2,2,70,0,74,6,12,134,0,152,68,0,68,220
03/04/2004,INT,NC,ASO,ES,Federal Contract Tower,3,6,53,0,62,2,0,57,0,59,5,6,110,0,121,32,0,32,153
03/05/2004,INT,NC,ASO,ES,Federal Contract Tower,3,6,50,0,59,0,0,22,1,23,3,6,72,1,82,22,0,22,104
03/06/2004,INT,NC,ASO,ES,Federal Contract Tower,1,2,28,0,31,0,0,17,0,17,1,2,45,0,48,50,0,50,98
03/07/2004,INT,NC,ASO,ES,Federal Contract Tower,2,4,24,0,30,0,3,58,0,61,2,7,82,0,91,24,0,24,115
03/08/2004,INT,NC,ASO,ES,Federal Contract Tower,1,1,22,0,24,0,0,27,0,27,1,1,49,0,51,2,0,2,53
03/09/2004,INT,NC,ASO,ES,Federal Contract Tower,2,4,27,0,33,0,6,14,0,20,2,10,41,0,53,4,0,4,57
03/10/2004,INT,NC,ASO,ES,Federal Contract Tower,3,8,49,0,60,1,0,37,0,38,4,8,86,0,98,36,0,36,134
03/11/2004,INT,NC,ASO,ES,Federal Contract Tower,1,9,56,0,66,0,2,79,0,81,1,11,135,0,147,36,0,36,183
03/12/2004,INT,NC,ASO,ES,Federal Contract Tower,2,3,39,0,44,0,0,61,1,62,2,3,100,1,106,22,0,22,128
03/13/2004,INT,NC,ASO,ES,Federal Contract Tower,0,5,26,0,31,0,2,96,0,98,0,7,122,0,129,72,0,72,201
03/14/2004,INT,NC,ASO,ES,Federal Contract Tower,0,2,30,1,33,0,0,87,0,87,0,2,117,1,120,36,0,36,156
03/15/2004,INT,NC,ASO,ES,Federal Contract Tower,1,6,43,0,50,0,0,16,0,16,1,6,59,0,66,6,0,6,72
03/16/2004,INT,NC,ASO,ES,Federal Contract Tower,0,6,38,0,44,0,8,0,0,8,0,14,38,0,52,12,0,12,64
03/17/2004,INT,NC,ASO,ES,Federal Contract Tower,3,10,73,0,86,3,0,55,0,58,6,10,128,0,144,54,0,54,198
03/18/2004,INT,NC,ASO,ES,Federal Contract Tower,0,8,51,0,59,0,2,14,0,16,0,10,65,0,75,24,0,24,99
03/19/2004,INT,NC,ASO,ES,Federal Contract Tower,2,7,55,0,64,3,0,97,4,104,5,7,152,4,168,50,0,50,218
03/20/2004,INT,NC,ASO,ES,Federal Contract Tower,1,4,34,0,39,0,0,81,0,81,1,4,115,0,120,54,0,54,174
03/21/2004,INT,NC,ASO,ES,Federal Contract Tower,0,4,29,0,33,0,3,27,0,30,0,7,56,0,63,14,0,14,77
03/22/2004,INT,NC,ASO,ES,Federal Contract Tower,2,7,45,0,54,3,0,44,0,47,5,7,89,0,101,54,0,54,155
03/23/2004,INT,NC,ASO,ES,Federal Contract Tower,2,6,42,0,50,2,0,82,4,88,4,6,124,4,138,36,0,36,174
03/24/2004,INT,NC,ASO,ES,Federal Contract Tower,3,6,63,0,72,4,0,52,0,56,7,6,115,0,128,112,0,112,240
03/25/2004,INT,NC,ASO,ES,Federal Contract Tower,2,12,72,0,86,0,9,25,0,34,2,21,97,0,120,42,0,42,162
03/26/2004,INT,NC,ASO,ES,Federal Contract Tower,2,2,43,0,47,1,0,94,3,98,3,2,137,3,145,16,0,16,161
03/27/2004,INT,NC,ASO,ES,Federal Contract Tower,0,1,28,0,29,0,0,69,0,69,0,1,97,0,98,58,0,58,156
03/28/2004,INT,NC,ASO,ES,Federal Contract Tower,2,3,41,0,46,1,0,58,0,59,3,3,99,0,105,54,0,54,159
03/29/2004,INT,NC,ASO,ES,Federal Contract Tower,0,8,53,0,61,0,0,64,0,64,0,8,117,0,125,82,0,82,207
03/30/2004,INT,NC,ASO,ES,Federal Contract Tower,1,9,59,0,69,0,1,0,0,1,1,10,59,0,70,10,0,10,80
03/31/2004,INT,NC,ASO,ES,Federal Contract Tower,2,6,38,0,46,1,7,0,0,8,3,13,38,0,54,4,0,4,58
04/01/2004,INT,NC,ASO,ES,Federal Contract Tower,1,11,55,0,67,0,3,18,0,21,1,14,73,0,88,4,2,6,94
04/02/2004,INT,NC,ASO,ES,Federal Contract Tower,1,10,48,0,59,0,3,18,0,21,1,13,66,0,80,10,0,10,90
04/03/2004,INT,NC,ASO,ES,Federal Contract Tower,1,3,24,0,28,1,0,59,0,60,2,3,83,0,88,34,0,34,122
04/04/2004,INT,NC,ASO,ES,Federal Contract Tower,1,5,25,0,31,1,1,5,0,7,2,6,30,0,38,4,0,4,42
04/05/2004,INT,NC,ASO,ES,Federal Contract Tower,2,12,61,0,75,0,0,76,0,76,2,12,137,0,151,42,0,42,193
04/06/2004,INT,NC,ASO,ES,Federal Contract Tower,3,11,57,0,71,0,5,81,0,86,3,16,138,0,157,94,0,94,251
04/07/2004,INT,NC,ASO,ES,Federal Contract Tower,3,11,55,0,69,0,4,83,0,87,3,15,138,0,156,112,0,112,268
04/08/2004,INT,NC,ASO,ES,Federal Contract Tower,3,12,61,0,76,0,1,61,0,62,3,13,122,0,138,61,0,61,199
04/09/2004,INT,NC,ASO,ES,Federal Contract Tower,0,5,25,0,30,0,0,82,0,82,0,5,107,0,112,62,0,62,174
04/10/2004,INT,NC,ASO,ES,Federal Contract Tower,1,4,17,0,22,0,1,25,0,26,1,5,42,0,48,36,0,36,84
04/11/2004,INT,NC,ASO,ES,Federal Contract Tower,2,2,29,0,33,0,0,4,0,4,2,2,33,0,37,2,0,2,39
04/12/2004,INT,NC,ASO,ES,Federal Contract Tower,2,6,31,0,39,0,1,0,0,1,2,7,31,0,40,0,0,0,40
04/13/2004,INT,NC,ASO,ES,Federal Contract Tower,0,6,30,0,36,0,4,0,0,4,0,10,30,0,40,42,0,42,82
04/14/2004,INT,NC,ASO,ES,Federal Contract Tower,2,11,57,0,70,0,8,18,0,26,2,19,75,0,96,36,0,36,132
04/15/2004,INT,NC,ASO,ES,Federal Contract Tower,1,12,58,0,71,0,3,79,1,83,1,15,137,1,154,70,0,70,224
04/16/2004,INT,NC,ASO,ES,Federal Contract Tower,2,8,51,0,61,1,0,67,2,70,3,8,118,2,131,40,0,40,171
04/17/2004,INT,NC,ASO,ES,Federal Contract Tower,0,5,48,0,53,0,0,347,0,347,0,5,395,0,400,8,0,8,408
04/18/2004,INT,NC,ASO,ES,Federal Contract Tower,1,2,46,0,49,3,0,167,0,170,4,2,213,0,219,42,0,42,261
04/19/2004,INT,NC,ASO,ES,Federal Contract Tower,0,8,41,0,49,0,3,57,0,60,0,11,98,0,109,56,0,56,165
04/20/2004,INT,NC,ASO,ES,Federal Contract Tower,1,9,52,0,62,3,0,52,0,55,4,9,104,0,117,84,0,84,201
04/21/2004,INT,NC,ASO,ES,Federal Contract Tower,1,10,48,0,59,1,0,74,0,75,2,10,122,0,134,100,0,100,234
04/22/2004,INT,NC,ASO,ES,Federal Contract Tower,0,9,43,0,52,0,4,75,0,79,0,13,118,0,131,94,0,94,225
04/23/2004,INT,NC,ASO,ES,Federal Contract Tower,2,6,55,0,63,2,0,70,2,74,4,6,125,2,137,88,0,88,225
04/24/2004,INT,NC,ASO,ES,Federal Contract Tower,1,5,35,0,41,1,0,78,0,79,2,5,113,0,120,142,0,142,262
04/25/2004,INT,NC,ASO,ES,Federal Contract Tower,0,2,25,0,27,0,0,46,0,46,0,2,71,0,73,52,0,52,125
04/26/2004,INT,NC,ASO,ES,Federal Contract Tower,1,8,40,0,49,1,0,11,0,12,2,8,51,0,61,36,0,36,97
04/27/2004,INT,NC,ASO,ES,Federal Contract Tower,0,6,38,0,44,0,0,47,0,47,0,6,85,0,91,18,0,18,109
04/28/2004,INT,NC,ASO,ES,Federal Contract Tower,1,10,51,0,62,0,4,101,0,105,1,14,152,0,167,60,0,60,227
04/29/2004,INT,NC,ASO,ES,Federal Contract Tower,0,12,63,0,75,0,4,77,0,81,0,16,140,0,156,90,0,90,246
04/30/2004,INT,NC,ASO,ES,Federal Contract Tower,1,2,37,0,40,2,0,65,2,69,3,2,102,2,109,98,0,98,207
05/01/2004,INT,NC,ASO,ES,Federal Contract Tower,1,2,19,0,22,0,0,6,0,6,1,2,25,0,28,12,0,12,40
05/02/2004,INT,NC,ASO,ES,Federal Contract Tower,1,0,14,0,15,0,2,5,0,7,1,2,19,0,22,0,0,0,22
05/03/2004,INT,NC,ASO,ES,Federal Contract Tower,1,5,40,0,46,0,0,45,0,45,1,5,85,0,91,152,0,152,243
05/04/2004,INT,NC,ASO,ES,Federal Contract Tower,0,10,63,0,73,0,12,79,1,92,0,22,142,1,165,130,0,130,295
05/05/2004,INT,NC,ASO,ES,Federal Contract Tower,2,14,74,0,90,0,5,46,0,51,2,19,120,0,141,28,0,28,169
05/06/2004,INT,NC,ASO,ES,Federal Contract Tower,0,11,62,0,73,0,4,96,0,100,0,15,158,0,173,38,0,38,211
05/07/2004,INT,NC,ASO,ES,Federal Contract Tower,2,3,44,0,49,1,0,79,0,80,3,3,123,0,129,78,0,78,207
05/08/2004,INT,NC,ASO,ES,Federal Contract Tower,1,3,26,0,30,0,0,64,0,64,1,3,90,0,94,54,0,54,148
05/09/2004,INT,NC,ASO,ES,Federal Contract Tower,1,4,21,0,26,0,1,33,0,34,1,5,54,0,60,32,0,32,92
05/10/2004,INT,NC,ASO,ES,Federal Contract Tower,3,8,60,0,71,2,0,39,0,41,5,8,99,0,112,60,0,60,172
05/11/2004,INT,NC,ASO,ES,Federal Contract Tower,2,8,40,0,50,2,4,47,0,53,4,12,87,0,103,62,0,62,165
05/12/2004,INT,NC,ASO,ES,Federal Contract Tower,2,9,45,0,56,1,1,45,0,47,3,10,90,0,103,52,0,52,155
05/13/2004,INT,NC,ASO,ES,Federal Contract Tower,0,6,51,0,57,0,0,24,0,24,0,6,75,0,81,10,0,10,91
05/14/2004,INT,NC,ASO,ES,Federal Contract Tower,3,7,61,0,71,0,0,71,0,71,3,7,132,0,142,78,0,78,220
05/15/2004,INT,NC,ASO,ES,Federal Contract Tower,1,3,26,0,30,0,0,44,0,44,1,3,70,0,74,42,0,42,116
05/16/2004,INT,NC,ASO,ES,Federal Contract Tower,0,5,27,1,33,0,4,37,1,42,0,9,64,2,75,90,0,90,165
05/17/2004,INT,NC,ASO,ES,Federal Contract Tower,1,10,51,1,63,3,2,29,5,39,4,12,80,6,102,16,0,16,118
05/18/2004,INT,NC,ASO,ES,Federal Contract Tower,2,12,66,0,80,0,2,33,0,35,2,14,99,0,115,36,0,36,151
05/19/2004,INT,NC,ASO,ES,Federal Contract Tower,2,9,57,0,68,1,0,46,0,47,3,9,103,0,115,30,0,30,145
05/20/2004,INT,NC,ASO,ES,Federal Contract Tower,2,8,49,0,59,0,0,62,0,62,2,8,111,0,121,94,0,94,215
05/21/2004,INT,NC,ASO,ES,Federal Contract Tower,1,2,43,1,47,0,0,87,2,89,1,2,130,3,136,52,0,52,188
05/22/2004,INT,NC,ASO,ES,Federal Contract Tower,0,4,17,1,22,2,0,53,1,56,2,4,70,2,78,16,0,16,94
05/23/2004,INT,NC,ASO,ES,Federal Contract Tower,0,0,23,1,24,4,0,53,1,58,4,0,76,2,82,92,0,92,174
05/24/2004,INT,NC,ASO,ES,Federal Contract Tower,1,9,53,0,63,0,2,46,0,48,1,11,99,0,111,36,0,36,147
05/25/2004,INT,NC,ASO,ES,Federal Contract Tower,2,10,55,0,67,0,4,61,6,71,2,14,116,6,138,40,0,40,178
05/26/2004,INT,NC,ASO,ES,Federal Contract Tower,0,9,49,0,58,0,8,56,4,68,0,17,105,4,126,60,0,60,186
05/27/2004,INT,NC,ASO,ES,Federal Contract Tower,1,8,40,0,49,0,2,86,0,88,1,10,126,0,137,90,0,90,227
05/28/2004,INT,NC,ASO,ES,Federal Contract Tower,1,5,45,0,51,0,0,70,0,70,1,5,115,0,121,120,0,120,241
05/29/2004,INT,NC,ASO,ES,Federal Contract Tower,0,2,27,0,29,0,0,72,0,72,0,2,99,0,101,28,0,28,129
05/30/2004,INT,NC,ASO,ES,Federal Contract Tower,0,2,14,0,16,0,0,3,0,3,0,2,17,0,19,2,0,2,21
05/31/2004,INT,NC,ASO,ES,Federal Contract Tower,0,4,24,0,28,1,0,26,0,27,1,4,50,0,55,40,0,40,95
06/01/2004,INT,NC,ASO,ES,Federal Contract Tower,3,7,47,0,57,0,9,48,0,57,3,16,95,0,114,74,0,74,188
06/02/2004,INT,NC,ASO,ES,Federal Contract Tower,2,8,50,0,60,0,1,89,0,90,2,9,139,0,150,82,0,82,232
06/03/2004,INT,NC,ASO,ES,Federal Contract Tower,3,6,45,0,54,5,0,67,2,74,8,6,112,2,128,114,0,114,242
06/04/2004,INT,NC,ASO,ES,Federal Contract Tower,3,3,44,0,50,1,0,3,2,6,4,3,47,2,56,4,0,4,60
06/05/2004,INT,NC,ASO,ES,Federal Contract Tower,0,2,14,0,16,0,1,64,0,65,0,3,78,0,81,62,0,62,143
06/06/2004,INT,NC,ASO,ES,Federal Contract Tower,0,3,26,0,29,0,2,56,0,58,0,5,82,0,87,96,0,96,183
06/07/2004,INT,NC,ASO,ES,Federal Contract Tower,3,3,44,0,50,0,0,34,0,34,3,3,78,0,84,36,0,36,120
06/08/2004,INT,NC,ASO,ES,Federal Contract Tower,0,3,37,0,40,0,0,13,0,13,0,3,50,0,53,10,0,10,63
06/09/2004,INT,NC,ASO,ES,Federal Contract Tower,3,5,43,0,51,0,0,68,1,69,3,5,111,1,120,74,0,74,194
06/10/2004,INT,NC,ASO,ES,Federal Contract Tower,1,7,36,0,44,0,0,79,3,82,1,7,115,3,126,70,0,70,196
06/11/2004,INT,NC,ASO,ES,Federal Contract Tower,1,2,34,0,37,0,0,70,0,70,1,2,104,0,107,60,0,60,167
06/12/2004,INT,NC,ASO,ES,Federal Contract Tower,1,2,28,0,31,0,0,35,0,35,1,2,63,0,66,74,0,74,140
06/13/2004,INT,NC,ASO,ES,Federal Contract Tower,0,5,28,0,33,0,6,32,0,38,0,11,60,0,71,58,0,58,129
06/14/2004,INT,NC,ASO,ES,Federal Contract Tower,0,7,36,0,43,0,5,11,0,16,0,12,47,0,59,8,0,8,67
06/15/2004,INT,NC,ASO,ES,Federal Contract Tower,1,10,52,0,63,0,2,8,0,10,1,12,60,0,73,32,0,32,105
06/16/2004,INT,NC,ASO,ES,Federal Contract Tower,3,13,74,0,90,4,3,19,0,26,7,16,93,0,116,46,0,46,162
06/17/2004,INT,NC,ASO,ES,Federal Contract Tower,2,9,50,0,61,1,9,29,0,39,3,18,79,0,100,54,0,54,154
06/18/2004,INT,NC,ASO,ES,Federal Contract Tower,1,8,56,0,65,0,0,74,0,74,1,8,130,0,139,68,0,68,207
06/19/2004,INT,NC,ASO,ES,Federal Contract Tower,0,4,17,0,21,4,1,52,0,57,4,5,69,0,78,94,0,94,172
06/20/2004,INT,NC,ASO,ES,Federal Contract Tower,1,7,35,1,44,0,3,70,1,74,1,10,105,2,118,62,0,62,180
06/21/2004,INT,NC,ASO,ES,Federal Contract Tower,1,6,40,0,47,0,0,30,2,32,1,6,70,2,79,10,0,10,89
06/22/2004,INT,NC,ASO,ES,Federal Contract Tower,2,4,42,0,48,0,0,38,0,38,2,4,80,0,86,62,0,62,148
06/23/2004,INT,NC,ASO,ES,Federal Contract Tower,0,4,35,0,39,0,0,40,0,40,0,4,75,0,79,38,0,38,117
06/24/2004,INT,NC,ASO,ES,Federal Contract Tower,1,10,55,0,66,0,12,49,2,63,1,22,104,2,129,48,0,48,177
06/25/2004,INT,NC,ASO,ES,Federal Contract Tower,1,4,35,0,40,2,0,52,0,54,3,4,87,0,94,16,0,16,110
06/26/2004,INT,NC,ASO,ES,Federal Contract Tower,1,2,21,0,24,0,0,56,0,56,1,2,77,0,80,30,0,30,110
06/27/2004,INT,NC,ASO,ES,Federal Contract Tower,1,2,23,0,26,0,0,43,0,43,1,2,66,0,69,12,2,14,83
06/28/2004,INT,NC,ASO,ES,Federal Contract Tower,2,8,57,0,67,3,0,16,2,21,5,8,73,2,88,28,0,28,116
06/29/2004,INT,NC,ASO,ES,Federal Contract Tower,1,9,49,0,59,0,2,87,0,89,1,11,136,0,148,82,0,82,230
06/30/2004,INT,NC,ASO,ES,Federal Contract Tower,2,12,67,0,81,0,5,60,1,66,2,17,127,1,147,44,0,44,191
07/01/2004,INT,NC,ASO,ES,Federal Contract Tower,3,8,45,0,56,1,0,59,1,61,4,8,104,1,117,92,0,92,209
07/02/2004,INT,NC,ASO,ES,Federal Contract Tower,1,2,29,0,32,0,0,49,0,49,1,2,78,0,81,60,0,60,141
07/03/2004,INT,NC,ASO,ES,Federal Contract Tower,0,1,9,0,10,0,0,17,0,17,0,1,26,0,27,22,0,22,49
07/04/2004,INT,NC,ASO,ES,Federal Contract Tower,0,3,12,0,15,0,0,36,0,36,0,3,48,0,51,34,0,34,85
07/05/2004,INT,NC,ASO,ES,Federal Contract Tower,2,1,27,0,30,3,0,88,1,92,5,1,115,1,122,44,0,44,166
07/06/2004,INT,NC,ASO,ES,Federal Contract Tower,0,8,37,0,45,0,1,106,0,107,0,9,143,0,152,84,0,84,236
07/07/2004,INT,NC,ASO,ES,Federal Contract Tower,1,7,33,0,41,0,0,55,0,55,1,7,88,0,96,34,0,34,130
07/08/2004,INT,NC,ASO,ES,Federal Contract Tower,0,10,52,0,62,0,11,44,0,55,0,21,96,0,117,74,0,74,191
07/09/2004,INT,NC,ASO,ES,Federal Contract Tower,0,7,35,0,42,0,1,85,0,86,0,8,120,0,128,72,2,74,202
07/10/2004,INT,NC,ASO,ES,Federal Contract Tower,1,2,18,0,21,0,0,57,0,57,1,2,75,0,78,24,0,24,102
07/11/2004,INT,NC,ASO,ES,Federal Contract Tower,1,5,25,0,31,0,1,53,0,54,1,6,78,0,85,74,0,74,159
07/12/2004,INT,NC,ASO,ES,Federal Contract Tower,3,9,42,0,54,2,2,23,0,27,5,11,65,0,81,60,0,60,141
07/13/2004,INT,NC,ASO,ES,Federal Contract Tower,4,12,56,0,72,3,3,65,0,71,7,15,121,0,143,24,0,24,167
07/14/2004,INT,NC,ASO,ES,Federal Contract Tower,3,7,37,0,47,5,0,71,0,76,8,7,108,0,123,102,2,104,227
07/15/2004,INT,NC,ASO,ES,Federal Contract Tower,3,11,56,1,71,1,2,62,3,68,4,13,118,4,139,54,0,54,193
07/16/2004,INT,NC,ASO,ES,Federal Contract Tower,0,9,41,0,50,0,0,95,0,95,0,9,136,0,145,76,0,76,221
07/17/2004,INT,NC,ASO,ES,Federal Contract Tower,0,2,18,0,20,0,0,66,0,66,0,2,84,0,86,56,0,56,142
07/18/2004,INT,NC,ASO,ES,Federal Contract Tower,1,2,23,0,26,0,0,29,0,29,1,2,52,0,55,12,0,12,67
07/19/2004,INT,NC,ASO,ES,Federal Contract Tower,1,9,53,0,63,0,0,60,0,60,1,9,113,0,123,80,0,80,203
07/20/2004,INT,NC,ASO,ES,Federal Contract Tower,0,12,63,0,75,0,0,55,0,55,0,12,118,0,130,46,0,46,176
07/21/2004,INT,NC,ASO,ES,Federal Contract Tower,2,8,46,0,56,2,0,60,1,63,4,8,106,1,119,66,0,66,185
07/22/2004,INT,NC,ASO,ES,Federal Contract Tower,3,12,62,0,77,0,0,35,0,35,3,12,97,0,112,38,0,38,150
07/23/2004,INT,NC,ASO,ES,Federal Contract Tower,1,7,33,0,41,3,5,50,0,58,4,12,83,0,99,36,2,38,137
07/24/2004,INT,NC,ASO,ES,Federal Contract Tower,1,2,29,0,32,1,0,50,8,59,2,2,79,8,91,28,0,28,119
07/25/2004,INT,NC,ASO,ES,Federal Contract Tower,1,4,23,0,28,2,0,34,0,36,3,4,57,0,64,64,0,64,128
07/26/2004,INT,NC,ASO,ES,Federal Contract Tower,1,10,47,0,58,0,8,1,2,11,1,18,48,2,69,36,0,36,105
07/27/2004,INT,NC,ASO,ES,Federal Contract Tower,2,8,42,0,52,3,0,30,4,37,5,8,72,4,89,54,0,54,143
07/28/2004,INT,NC,ASO,ES,Federal Contract Tower,3,11,54,0,68,2,7,39,6,54,5,18,93,6,122,92,0,92,214
07/29/2004,INT,NC,ASO,ES,Federal Contract Tower,0,10,53,0,63,0,6,26,1,33,0,16,79,1,96,14,0,14,110
07/30/2004,INT,NC,ASO,ES,Federal Contract Tower,0,5,25,0,30,0,12,27,0,39,0,17,52,0,69,46,0,46,115
07/31/2004,INT,NC,ASO,ES,Federal Contract Tower,1,4,22,0,27,1,0,56,0,57,2,4,78,0,84,106,0,106,190
08/01/2004,INT,NC,ASO,ES,Federal Contract Tower,2,5,35,0,42,1,0,41,0,42,3,5,76,0,84,30,0,30,114
08/02/2004,INT,NC,ASO,ES,Federal Contract Tower,2,4,30,0,36,0,4,18,0,22,2,8,48,0,58,30,0,30,88
08/03/2004,INT,NC,ASO,ES,Federal Contract Tower,3,6,42,0,51,5,5,53,0,63,8,11,95,0,114,42,0,42,156
08/04/2004,INT,NC,ASO,ES,Federal Contract Tower,3,7,53,0,63,3,6,50,0,59,6,13,103,0,122,90,0,90,212
08/05/2004,INT,NC,ASO,ES,Federal Contract Tower,2,5,39,0,46,0,9,54,0,63,2,14,93,0,109,22,0,22,131
08/06/2004,INT,NC,ASO,ES,Federal Contract Tower,2,4,39,0,45,0,0,81,0,81,2,4,120,0,126,10,0,10,136
08/07/2004,INT,NC,ASO,ES,Federal Contract Tower,1,2,20,0,23,0,0,79,0,79,1,2,99,0,102,86,0,86,188
08/08/2004,INT,NC,ASO,ES,Federal Contract Tower,2,4,29,0,35,1,0,86,0,87,3,4,115,0,122,76,0,76,198
08/09/2004,INT,NC,ASO,ES,Federal Contract Tower,3,5,42,0,50,2,1,76,0,79,5,6,118,0,129,44,0,44,173
08/10/2004,INT,NC,ASO,ES,Federal Contract Tower,1,3,40,0,44,0,0,65,0,65,1,3,105,0,109,54,0,54,163
08/11/2004,INT,NC,ASO,ES,Federal Contract Tower,1,9,73,0,83,0,4,26,0,30,1,13,99,0,113,30,0,30,143
08/12/2004,INT,NC,ASO,ES,Federal Contract Tower,4,5,54,0,63,3,0,2,0,5,7,5,56,0,68,6,0,6,74
08/13/2004,INT,NC,ASO,ES,Federal Contract Tower,1,6,45,0,52,0,2,15,0,17,1,8,60,0,69,20,0,20,89
08/14/2004,INT,NC,ASO,ES,Federal Contract Tower,0,2,3,0,5,3,2,0,1,6,3,4,3,1,11,0,0,0,11
08/15/2004,INT,NC,ASO,ES,Federal Contract Tower,2,2,38,0,42,0,0,7,0,7,2,2,45,0,49,6,0,6,55
08/16/2004,INT,NC,ASO,ES,Federal Contract Tower,2,8,51,0,61,2,2,36,0,40,4,10,87,0,101,64,0,64,165
08/17/2004,INT,NC,ASO,ES,Federal Contract Tower,0,2,44,0,46,0,0,56,0,56,0,2,100,0,102,54,0,54,156
08/18/2004,INT,NC,ASO,ES,Federal Contract Tower,2,7,54,0,63,0,3,68,0,71,2,10,122,0,134,58,0,58,192
08/19/2004,INT,NC,ASO,ES,Federal Contract Tower,4,12,87,0,103,0,4,58,1,63,4,16,145,1,166,132,0,132,298
08/20/2004,INT,NC,ASO,ES,Federal Contract Tower,2,5,47,0,54,0,0,82,0,82,2,5,129,0,136,78,0,78,214
08/21/2004,INT,NC,ASO,ES,Federal Contract Tower,2,3,38,0,43,1,0,31,0,32,3,3,69,0,75,86,0,86,161
08/22/2004,INT,NC,ASO,ES,Federal Contract Tower,2,5,39,0,46,0,3,68,0,71,2,8,107,0,117,58,0,58,175
08/23/2004,INT,NC,ASO,ES,Federal Contract Tower,2,7,52,0,61,1,1,73,0,75,3,8,125,0,136,96,0,96,232
08/24/2004,INT,NC,ASO,ES,Federal Contract Tower,0,9,73,0,82,0,4,76,0,80,0,13,149,0,162,96,0,96,258
08/25/2004,INT,NC,ASO,ES,Federal Contract Tower,2,6,58,0,66,0,0,91,0,91,2,6,149,0,157,56,0,56,213
08/26/2004,INT,NC,ASO,ES,Federal Contract Tower,3,4,62,0,69,1,0,95,9,105,4,4,157,9,174,98,0,98,272
08/27/2004,INT,NC,ASO,ES,Federal Contract Tower,0,5,43,0,48,0,8,95,0,103,0,13,138,0,151,56,0,56,207
08/28/2004,INT,NC,ASO,ES,Federal Contract Tower,1,3,35,0,39,1,0,57,0,58,2,3,92,0,97,40,0,40,137
08/29/2004,INT,NC,ASO,ES,Federal Contract Tower,0,0,24,0,24,0,0,24,0,24,0,0,48,0,48,26,0,26,74
08/30/2004,INT,NC,ASO,ES,Federal Contract Tower,2,5,43,0,50,1,2,23,0,26,3,7,66,0,76,22,0,22,98
08/31/2004,INT,NC,ASO,ES,Federal Contract Tower,0,6,54,0,60,0,0,85,0,85,0,6,139,0,145,94,2,96,241
09/01/2004,INT,NC,ASO,ES,Federal Contract Tower,0,7,60,0,67,0,0,53,0,53,0,7,113,0,120,62,0,62,182
09/02/2004,INT,NC,ASO,ES,Federal Contract Tower,3,3,44,0,50,3,0,54,0,57,6,3,98,0,107,62,0,62,169
09/03/2004,INT,NC,ASO,ES,Federal Contract Tower,0,8,55,0,63,0,5,56,0,61,0,13,111,0,124,84,0,84,208
09/04/2004,INT,NC,ASO,ES,Federal Contract Tower,1,0,14,0,15,0,0,73,0,73,1,0,87,0,88,68,0,68,156
09/05/2004,INT,NC,ASO,ES,Federal Contract Tower,0,1,11,0,12,0,4,34,0,38,0,5,45,0,50,18,0,18,68
09/06/2004,INT,NC,ASO,ES,Federal Contract Tower,0,1,20,0,21,0,0,3,0,3,0,1,23,0,24,2,0,2,26
09/07/2004,INT,NC,ASO,ES,Federal Contract Tower,2,2,28,0,32,2,0,0,0,2,4,2,28,0,34,0,0,0,34
09/08/2004,INT,NC,ASO,ES,Federal Contract Tower,2,0,24,0,26,4,0,0,0,4,6,0,24,0,30,0,0,0,30
09/09/2004,INT,NC,ASO,ES,Federal Contract Tower,3,7,45,0,55,1,1,65,0,67,4,8,110,0,122,48,0,48,170
09/10/2004,INT,NC,ASO,ES,Federal Contract Tower,4,5,58,0,67,0,0,149,7,156,4,5,207,7,223,64,14,78,301
09/11/2004,INT,NC,ASO,ES,Federal Contract Tower,1,3,20,0,24,0,1,150,3,154,1,4,170,3,178,116,2,118,296
09/12/2004,INT,NC,ASO,ES,Federal Contract Tower,0,4,22,0,26,0,2,141,3,146,0,6,163,3,172,76,4,80,252
09/13/2004,INT,NC,ASO,ES,Federal Contract Tower,2,8,50,1,61,3,0,77,8,88,5,8,127,9,149,32,8,40,189
09/14/2004,INT,NC,ASO,ES,Federal Contract Tower,0,8,46,0,54,0,2,46,0,48,0,10,92,0,102,34,0,34,136
09/15/2004,INT,NC,ASO,ES,Federal Contract Tower,2,9,50,1,62,0,0,29,1,30,2,9,79,2,92,20,0,20,112
09/16/2004,INT,NC,ASO,ES,Federal Contract Tower,0,3,42,0,45,0,0,19,0,19,0,3,61,0,64,26,0,26,90
09/17/2004,INT,NC,ASO,ES,Federal Contract Tower,1,4,23,0,28,1,2,0,0,3,2,6,23,0,31,0,0,0,31
09/18/2004,INT,NC,ASO,ES,Federal Contract Tower,0,2,13,0,15,1,1,16,0,18,1,3,29,0,33,12,0,12,45
09/19/2004,INT,NC,ASO,ES,Federal Contract Tower,1,5,28,0,34,0,1,61,0,62,1,6,89,0,96,54,0,54,150
09/20/2004,INT,NC,ASO,ES,Federal Contract Tower,1,4,32,0,37,2,0,64,0,66,3,4,96,0,103,48,0,48,151
09/21/2004,INT,NC,ASO,ES,Federal Contract Tower,1,3,38,0,42,0,0,124,0,124,1,3,162,0,166,134,0,134,300
09/22/2004,INT,NC,ASO,ES,Federal Contract Tower,0,5,52,0,57,0,0,107,0,107,0,5,159,0,164,76,0,76,240
09/23/2004,INT,NC,ASO,ES,Federal Contract Tower,3,9,58,0,70,0,6,75,0,81,3,15,133,0,151,70,0,70,221
09/24/2004,INT,NC,ASO,ES,Federal Contract Tower,2,6,46,0,54,1,0,54,0,55,3,6,100,0,109,32,0,32,141
09/25/2004,INT,NC,ASO,ES,Federal Contract Tower,1,3,21,0,25,0,1,97,0,98,1,4,118,0,123,164,0,164,287
09/26/2004,INT,NC,ASO,ES,Federal Contract Tower,1,5,28,0,34,0,7,74,0,81,1,12,102,0,115,102,0,102,217
09/27/2004,INT,NC,ASO,ES,Federal Contract Tower,2,7,31,0,40,3,7,0,0,10,5,14,31,0,50,4,0,4,54
09/28/2004,INT,NC,ASO,ES,Federal Contract Tower,0,2,12,0,14,0,6,5,0,11,0,8,17,0,25,10,0,10,35
09/29/2004,INT,NC,ASO,ES,Federal Contract Tower,3,10,71,0,84,0,0,71,2,73,3,10,142,2,157,54,2,56,213
09/30/2004,INT,NC,ASO,ES,Federal Contract Tower,3,7,59,0,69,0,0,61,0,61,3,7,120,0,130,88,0,88,218
10/01/2004,INT,NC,ASO,ES,Federal Contract Tower,2,7,49,0,58,0,0,0,0,0,2,7,49,0,58,12,0,12,70
10/02/2004,INT,NC,ASO,ES,Federal Contract Tower,0,3,13,0,16,0,0,15,0,15,0,3,28,0,31,54,0,54,85
10/03/2004,INT,NC,ASO,ES,Federal Contract Tower,2,7,32,0,41,0,0,45,0,45,2,7,77,0,86,80,0,80,166
10/04/2004,INT,NC,ASO,ES,Federal Contract Tower,4,10,49,0,63,0,0,89,0,89,4,10,138,0,152,86,0,86,238
10/05/2004,INT,NC,ASO,ES,Federal Contract Tower,0,4,60,0,64,0,0,72,0,72,0,4,132,0,136,88,0,88,224
10/06/2004,INT,NC,ASO,ES,Federal Contract Tower,6,5,63,0,74,0,0,83,4,87,6,5,146,4,161,118,0,118,279
10/07/2004,INT,NC,ASO,ES,Federal Contract Tower,4,13,46,0,63,0,15,88,0,103,4,28,134,0,166,114,0,114,280
10/08/2004,INT,NC,ASO,ES,Federal Contract Tower,3,6,52,0,61,0,5,98,0,103,3,11,150,0,164,146,0,146,310
10/09/2004,INT,NC,ASO,ES,Federal Contract Tower,0,2,36,0,38,0,1,86,0,87,0,3,122,0,125,109,0,109,234
10/10/2004,INT,NC,ASO,ES,Federal Contract Tower,1,2,31,0,34,0,5,55,0,60,1,7,86,0,94,32,0,32,126
10/11/2004,INT,NC,ASO,ES,Federal Contract Tower,6,8,31,0,45,0,3,96,0,99,6,11,127,0,144,120,0,120,264
10/12/2004,INT,NC,ASO,ES,Federal Contract Tower,0,7,40,2,49,0,1,69,1,71,0,8,109,3,120,100,2,102,222
10/13/2004,INT,NC,ASO,ES,Federal Contract Tower,1,4,43,0,48,0,0,5,0,5,1,4,48,0,53,4,0,4,57
10/14/2004,INT,NC,ASO,ES,Federal Contract Tower,1,19,66,0,86,0,6,105,8,119,1,25,171,8,205,110,0,110,315
10/15/2004,INT,NC,ASO,ES,Federal Contract Tower,3,9,43,0,55,0,4,34,4,42,3,13,77,4,97,22,0,22,119
10/16/2004,INT,NC,ASO,ES,Federal Contract Tower,0,2,9,0,11,0,7,49,0,56,0,9,58,0,67,28,0,28,95
10/17/2004,INT,NC,ASO,ES,Federal Contract Tower,2,4,31,0,37,0,0,99,0,99,2,4,130,0,136,96,0,96,232
10/18/2004,INT,NC,ASO,ES,Federal Contract Tower,5,8,55,0,68,0,1,68,0,69,5,9,123,0,137,144,0,144,281
10/19/2004,INT,NC,ASO,ES,Federal Contract Tower,0,17,69,0,86,0,0,10,0,10,0,17,79,0,96,34,0,34,130
10/20/2004,INT,NC,ASO,ES,Federal Contract Tower,3,9,40,0,52,0,0,1,0,1,3,9,41,0,53,0,0,0,53
10/21/2004,INT,NC,ASO,ES,Federal Contract Tower,5,8,29,0,42,0,0,6,0,6,5,8,35,0,48,2,0,2,50
10/22/2004,INT,NC,ASO,ES,Federal Contract Tower,2,6,58,0,66,0,0,11,0,11,2,6,69,0,77,6,0,6,83
10/23/2004,INT,NC,ASO,ES,Federal Contract Tower,2,6,37,0,45,0,0,41,0,41,2,6,78,0,86,94,0,94,180
10/24/2004,INT,NC,ASO,ES,Federal Contract Tower,1,6,36,0,43,0,0,0,0,0,1,6,36,0,43,2,0,2,45
10/25/2004,INT,NC,ASO,ES,Federal Contract Tower,5,8,44,0,57,0,0,64,0,64,5,8,108,0,121,52,0,52,173
10/26/2004,INT,NC,ASO,ES,Federal Contract Tower,5,9,47,0,61,0,1,73,0,74,5,10,120,0,135,90,0,90,225
10/27/2004,INT,NC,ASO,ES,Federal Contract Tower,0,0,50,0,50,0,0,4,0,4,0,0,54,0,54,0,0,0,54
10/28/2004,INT,NC,ASO,ES,Federal Contract Tower,0,10,65,0,75,0,0,0,0,0,0,10,65,0,75,14,0,14,89
10/29/2004,INT,NC,ASO,ES,Federal Contract Tower,2,2,52,0,56,0,0,0,0,0,2,2,52,0,56,2,0,2,58
10/30/2004,INT,NC,ASO,ES,Federal Contract Tower,2,5,23,0,30,0,0,30,0,30,2,5,53,0,60,26,0,26,86
10/31/2004,INT,NC,ASO,ES,Federal Contract Tower,2,12,37,0,51,0,0,72,0,72,2,12,109,0,123,46,0,46,169
11/01/2004,INT,NC,ASO,ES,Federal Contract Tower,3,11,44,0,58,0,1,79,0,80,3,12,123,0,138,72,0,72,210
11/02/2004,INT,NC,ASO,ES,Federal Contract Tower,0,2,39,0,41,0,3,17,0,20,0,5,56,0,61,20,0,20,81
11/03/2004,INT,NC,ASO,ES,Federal Contract Tower,1,9,65,0,75,0,0,30,0,30,1,9,95,0,105,28,0,28,133
11/04/2004,INT,NC,ASO,ES,Federal Contract Tower,1,8,34,0,43,0,0,0,0,0,1,8,34,0,43,4,0,4,47
11/05/2004,INT,NC,ASO,ES,Federal Contract Tower,4,13,50,0,67,0,1,65,0,66,4,14,115,0,133,38,0,38,171
11/06/2004,INT,NC,ASO,ES,Federal Contract Tower,0,3,35,0,38,0,0,139,0,139,0,3,174,0,177,146,0,146,323
11/07/2004,INT,NC,ASO,ES,Federal Contract Tower,2,14,28,0,44,0,0,87,1,88,2,14,115,1,132,96,0,96,228
11/08/2004,INT,NC,ASO,ES,Federal Contract Tower,5,4,41,0,50,0,1,42,0,43,5,5,83,0,93,98,0,98,191
11/09/2004,INT,NC,ASO,ES,Federal Contract Tower,0,5,42,0,47,0,2,71,0,73,0,7,113,0,120,72,0,72,192
11/10/2004,INT,NC,ASO,ES,Federal Contract Tower,2,5,45,0,52,0,3,95,0,98,2,8,140,0,150,82,0,82,232
11/11/2004,INT,NC,ASO,ES,Federal Contract Tower,1,13,47,0,61,0,0,86,0,86,1,13,133,0,147,110,0,110,257
11/12/2004,INT,NC,ASO,ES,Federal Contract Tower,4,6,20,0,30,0,0,0,0,0,4,6,20,0,30,0,0,0,30
11/13/2004,INT,NC,ASO,ES,Federal Contract Tower,0,1,42,0,43,0,0,44,0,44,0,1,86,0,87,58,0,58,145
11/14/2004,INT,NC,ASO,ES,Federal Contract Tower,4,3,41,0,48,0,0,100,0,100,4,3,141,0,148,126,0,126,274
11/15/2004,INT,NC,ASO,ES,Federal Contract Tower,6,6,49,0,61,0,0,66,0,66,6,6,115,0,127,44,0,44,171
11/16/2004,INT,NC,ASO,ES,Federal Contract Tower,0,5,57,0,62,0,1,88,0,89,0,6,145,0,151,68,0,68,219
11/17/2004,INT,NC,ASO,ES,Federal Contract Tower,0,2,61,0,63,0,0,104,0,104,0,2,165,0,167,156,0,156,323
11/18/2004,INT,NC,ASO,ES,Federal Contract Tower,4,8,69,0,81,0,0,80,0,80,4,8,149,0,161,116,0,116,277
11/19/2004,INT,NC,ASO,ES,Federal Contract Tower,5,12,56,0,73,0,0,61,13,74,5,12,117,13,147,98,0,98,245
11/20/2004,INT,NC,ASO,ES,Federal Contract Tower,4,3,21,0,28,0,0,8,0,8,4,3,29,0,36,46,0,46,82
11/21/2004,INT,NC,ASO,ES,Federal Contract Tower,4,7,37,0,48,0,0,60,0,60,4,7,97,0,108,92,0,92,200
11/22/2004,INT,NC,ASO,ES,Federal Contract Tower,1,13,50,0,64,0,0,35,0,35,1,13,85,0,99,76,0,76,175
11/23/2004,INT,NC,ASO,ES,Federal Contract Tower,2,8,60,0,70,0,0,0,0,0,2,8,60,0,70,0,0,0,70
11/24/2004,INT,NC,ASO,ES,Federal Contract Tower,3,8,32,0,43,0,0,3,0,3,3,8,35,0,46,6,0,6,52
11/25/2004,INT,NC,ASO,ES,Federal Contract Tower,2,7,16,0,25,0,0,17,0,17,2,7,33,0,42,0,0,0,42
11/26/2004,INT,NC,ASO,ES,Federal Contract Tower,5,5,26,0,36,0,0,111,0,111,5,5,137,0,147,118,0,118,265
11/27/2004,INT,NC,ASO,ES,Federal Contract Tower,3,5,22,0,30,0,0,86,0,86,3,5,108,0,116,58,0,58,174
11/28/2004,INT,NC,ASO,ES,Federal Contract Tower,5,3,60,0,68,0,0,44,0,44,5,3,104,0,112,64,0,64,176
11/29/2004,INT,NC,ASO,ES,Federal Contract Tower,3,5,43,0,51,0,0,67,0,67,3,5,110,0,118,38,0,38,156
11/30/2004,INT,NC,ASO,ES,Federal Contract Tower,1,7,52,0,60,0,0,81,0,81,1,7,133,0,141,136,0,136,277
12/01/2004,INT,NC,ASO,ES,Federal Contract Tower,1,3,48,0,52,0,0,17,0,17,1,3,65,0,69,10,0,10,79
12/02/2004,INT,NC,ASO,ES,Federal Contract Tower,7,3,70,0,80,0,0,77,0,77,7,3,147,0,157,42,0,42,199
12/03/2004,INT,NC,ASO,ES,Federal Contract Tower,5,0,53,0,58,1,0,137,0,138,6,0,190,0,196,102,0,102,298
12/04/2004,INT,NC,ASO,ES,Federal Contract Tower,3,6,26,0,35,0,0,138,0,138,3,6,164,0,173,70,0,70,243
12/05/2004,INT,NC,ASO,ES,Federal Contract Tower,9,2,21,0,32,0,0,67,0,67,9,2,88,0,99,24,0,24,123
12/06/2004,INT,NC,ASO,ES,Federal Contract Tower,4,4,44,0,52,0,0,28,0,28,4,4,72,0,80,18,0,18,98
12/07/2004,INT,NC,ASO,ES,Federal Contract Tower,1,6,35,0,42,0,0,0,0,0,1,6,35,0,42,28,0,28,70
12/08/2004,INT,NC,ASO,ES,Federal Contract Tower,4,7,50,0,61,0,4,110,0,114,4,11,160,0,175,100,0,100,275
12/09/2004,INT,NC,ASO,ES,Federal Contract Tower,1,9,40,0,50,0,0,13,0,13,1,9,53,0,63,10,0,10,73
12/10/2004,INT,NC,ASO,ES,Federal Contract Tower,4,4,37,0,45,0,0,1,0,1,4,4,38,0,46,10,0,10,56
12/11/2004,INT,NC,ASO,ES,Federal Contract Tower,1,2,22,0,25,0,0,83,0,83,1,2,105,0,108,36,0,36,144
12/12/2004,INT,NC,ASO,ES,Federal Contract Tower,2,3,30,1,36,0,0,53,0,53,2,3,83,1,89,50,0,50,139
12/13/2004,INT,NC,ASO,ES,Federal Contract Tower,4,5,33,0,42,0,9,57,0,66,4,14,90,0,108,14,0,14,122
12/14/2004,INT,NC,ASO,ES,Federal Contract Tower,0,12,54,0,66,0,3,74,0,77,0,15,128,0,143,112,0,112,255
12/15/2004,INT,NC,ASO,ES,Federal Contract Tower,1,10,48,5,64,0,0,91,4,95,1,10,139,9,159,76,38,114,273
12/16/2004,INT,NC,ASO,ES,Federal Contract Tower,0,7,68,0,75,0,0,95,2,97,0,7,163,2,172,90,2,92,264
12/17/2004,INT,NC,ASO,ES,Federal Contract Tower,3,0,41,0,44,0,2,109,3,114,3,2,150,3,158,120,1,121,279
12/18/2004,INT,NC,ASO,ES,Federal Contract Tower,2,11,27,1,41,0,0,73,0,73,2,11,100,1,114,48,2,50,164
12/19/2004,INT,NC,ASO,ES,Federal Contract Tower,1,4,13,0,18,0,0,11,0,11,1,4,24,0,29,12,0,12,41
12/20/2004,INT,NC,ASO,ES,Federal Contract Tower,1,2,25,0,28,0,5,55,0,60,1,7,80,0,88,48,0,48,136
12/21/2004,INT,NC,ASO,ES,Federal Contract Tower,0,9,24,0,33,0,6,79,0,85,0,15,103,0,118,124,0,124,242
12/22/2004,INT,NC,ASO,ES,Federal Contract Tower,1,0,33,0,34,0,4,82,0,86,1,4,115,0,120,80,0,80,200
12/23/2004,INT,NC,ASO,ES,Federal Contract Tower,2,2,8,0,12,0,0,7,0,7,2,2,15,0,19,0,0,0,19
12/24/2004,INT,NC,ASO,ES,Federal Contract Tower,0,0,15,0,15,0,0,28,0,28,0,0,43,0,43,14,0,14,57
12/25/2004,INT,NC,ASO,ES,Federal Contract Tower,0,3,10,0,13,0,0,12,0,12,0,3,22,0,25,6,0,6,31
12/26/2004,INT,NC,ASO,ES,Federal Contract Tower,4,6,15,0,25,0,16,48,0,64,4,22,63,0,89,48,0,48,137
12/27/2004,INT,NC,ASO,ES,Federal Contract Tower,1,1,31,0,33,0,8,84,0,92,1,9,115,0,125,170,0,170,295
12/28/2004,INT,NC,ASO,ES,Federal Contract Tower,1,8,29,0,38,0,2,106,0,108,1,10,135,0,146,60,0,60,206
12/29/2004,INT,NC,ASO,ES,Federal Contract Tower,1,3,37,0,41,0,1,96,0,97,1,4,133,0,138,92,0,92,230
12/30/2004,INT,NC,ASO,ES,Federal Contract Tower,1,2,42,0,45,0,7,66,0,73,1,9,108,0,118,22,0,22,140
12/31/2004,INT,NC,ASO,ES,Federal Contract Tower,2,6,16,0,24,0,1,63,0,64,2,7,79,0,88,16,0,16,104
01/01/2005,INT,NC,ASO,ES,Federal Contract Tower,1,3,11,0,15,0,8,58,0,66,1,11,69,0,81,8,0,8,89
01/02/2005,INT,NC,ASO,ES,Federal Contract Tower,1,5,32,0,38,0,9,63,0,72,1,14,95,0,110,120,0,120,230
01/03/2005,INT,NC,ASO,ES,Federal Contract Tower,1,6,34,0,41,0,2,76,0,78,1,8,110,0,119,64,0,64,183
01/04/2005,INT,NC,ASO,ES,Federal Contract Tower,2,8,62,0,72,0,5,59,0,64,2,13,121,0,136,44,0,44,180
01/05/2005,INT,NC,ASO,ES,Federal Contract Tower,0,11,40,0,51,2,0,53,0,55,2,11,93,0,106,24,0,24,130
01/06/2005,INT,NC,ASO,ES,Federal Contract Tower,2,4,43,0,49,0,0,12,0,12,2,4,55,0,61,2,0,2,63
01/07/2005,INT,NC,ASO,ES,Federal Contract Tower,6,9,39,0,54,0,0,20,0,20,6,9,59,0,74,14,0,14,88
01/08/2005,INT,NC,ASO,ES,Federal Contract Tower,0,2,10,0,12,0,5,27,0,32,0,7,37,0,44,44,0,44,88
01/09/2005,INT,NC,ASO,ES,Federal Contract Tower,2,3,28,0,33,0,6,106,0,112,2,9,134,0,145,106,0,106,251
01/10/2005,INT,NC,ASO,ES,Federal Contract Tower,1,4,43,0,48,0,5,59,0,64,1,9,102,0,112,50,0,50,162
01/11/2005,INT,NC,ASO,ES,Federal Contract Tower,2,6,54,0,62,0,1,53,0,54,2,7,107,0,116,62,0,62,178
01/12/2005,INT,NC,ASO,ES,Federal Contract Tower,3,2,45,0,50,0,1,19,0,20,3,3,64,0,70,74,0,74,144
01/13/2005,INT,NC,ASO,ES,Federal Contract Tower,3,8,44,0,55,0,4,20,0,24,3,12,64,0,79,24,0,24,103
01/14/2005,INT,NC,ASO,ES,Federal Contract Tower,5,7,24,0,36,0,2,39,0,41,5,9,63,0,77,72,0,72,149
01/15/2005,INT,NC,ASO,ES,Federal Contract Tower,1,2,41,0,44,0,8,44,0,52,1,10,85,0,96,46,0,46,142
01/16/2005,INT,NC,ASO,ES,Federal Contract Tower,6,3,31,0,40,0,5,77,0,82,6,8,108,0,122,62,0,62,184
01/17/2005,INT,NC,ASO,ES,Federal Contract Tower,5,0,42,0,47,0,9,68,0,77,5,9,110,0,124,20,0,20,144
01/18/2005,INT,NC,ASO,ES,Federal Contract Tower,5,6,46,0,57,0,4,57,0,61,5,10,103,0,118,60,0,60,178
01/19/2005,INT,NC,ASO,ES,Federal Contract Tower,1,5,45,0,51,0,0,31,0,31,1,5,76,0,82,34,0,34,116
01/20/2005,INT,NC,ASO,ES,Federal Contract Tower,4,6,43,0,53,0,3,46,0,49,4,9,89,0,102,48,0,48,150
01/21/2005,INT,NC,ASO,ES,Federal Contract Tower,3,8,24,0,35,0,0,0,0,0,3,8,24,0,35,0,0,0,35
01/22/2005,INT,NC,ASO,ES,Federal Contract Tower,1,0,4,0,5,0,0,0,0,0,1,0,4,0,5,0,0,0,5
01/23/2005,INT,NC,ASO,ES,Federal Contract Tower,1,7,8,1,17,0,0,4,3,7,1,7,12,4,24,0,0,0,24
01/24/2005,INT,NC,ASO,ES,Federal Contract Tower,6,3,46,0,55,0,0,57,0,57,6,3,103,0,112,16,0,16,128
01/25/2005,INT,NC,ASO,ES,Federal Contract Tower,0,6,62,0,68,0,1,61,1,63,0,7,123,1,131,64,0,64,195
01/26/2005,INT,NC,ASO,ES,Federal Contract Tower,2,6,34,0,42,0,6,41,0,47,2,12,75,0,89,30,0,30,119
01/27/2005,INT,NC,ASO,ES,Federal Contract Tower,1,5,41,0,47,0,4,78,4,86,1,9,119,4,133,92,6,98,231
01/28/2005,INT,NC,ASO,ES,Federal Contract Tower,3,4,42,0,49,0,3,69,0,72,3,7,111,0,121,40,0,40,161
01/29/2005,INT,NC,ASO,ES,Federal Contract Tower,3,0,2,0,5,0,3,19,0,22,3,3,21,0,27,52,0,52,79
01/30/2005,INT,NC,ASO,ES,Federal Contract Tower,4,4,21,0,29,0,0,24,0,24,4,4,45,0,53,38,0,38,91
01/31/2005,INT,NC,ASO,ES,Federal Contract Tower,2,6,42,0,50,0,2,63,0,65,2,8,105,0,115,12,0,12,127
02/01/2005,INT,NC,ASO,ES,Federal Contract Tower,1,2,29,0,32,0,0,52,0,52,1,2,81,0,84,84,0,84,168
02/02/2005,INT,NC,ASO,ES,Federal Contract Tower,2,11,46,0,59,0,5,38,0,43,2,16,84,0,102,42,0,42,144
02/03/2005,INT,NC,ASO,ES,Federal Contract Tower,0,9,35,0,44,0,0,0,0,0,0,9,35,0,44,0,0,0,44
02/04/2005,INT,NC,ASO,ES,Federal Contract Tower,1,7,50,0,58,0,3,66,0,69,1,10,116,0,127,74,0,74,201
02/05/2005,INT,NC,ASO,ES,Federal Contract Tower,1,1,30,0,32,0,7,110,0,117,1,8,140,0,149,68,0,68,217
02/06/2005,INT,NC,ASO,ES,Federal Contract Tower,2,1,25,0,28,0,5,112,4,121,2,6,137,4,149,104,4,108,257
02/07/2005,INT,NC,ASO,ES,Federal Contract Tower,1,5,38,0,44,0,1,71,0,72,1,6,109,0,116,94,0,94,210
02/08/2005,INT,NC,ASO,ES,Federal Contract Tower,1,11,49,0,61,0,2,67,2,71,1,13,116,2,132,50,4,54,186
02/09/2005,INT,NC,ASO,ES,Federal Contract Tower,2,2,48,0,52,0,0,9,0,9,2,2,57,0,61,18,0,18,79
02/10/2005,INT,NC,ASO,ES,Federal Contract Tower,1,4,53,0,58,0,3,32,0,35,1,7,85,0,93,10,0,10,103
02/11/2005,INT,NC,ASO,ES,Federal Contract Tower,3,7,48,0,58,0,7,54,0,61,3,14,102,0,119,48,0,48,167
02/12/2005,INT,NC,ASO,ES,Federal Contract Tower,5,7,32,0,44,0,2,91,2,95,5,9,123,2,139,112,4,116,255
02/13/2005,INT,NC,ASO,ES,Federal Contract Tower,3,4,27,0,34,0,1,61,0,62,3,5,88,0,96,98,0,98,194
02/14/2005,INT,NC,ASO,ES,Federal Contract Tower,2,8,35,0,45,0,1,50,0,51,2,9,85,0,96,8,0,8,104
02/15/2005,INT,NC,ASO,ES,Federal Contract Tower,1,8,44,0,53,0,1,44,0,45,1,9,88,0,98,48,0,48,146
02/16/2005,INT,NC,ASO,ES,Federal Contract Tower,1,3,58,0,62,0,5,30,0,35,1,8,88,0,97,40,0,40,137
02/17/2005,INT,NC,ASO,ES,Federal Contract Tower,0,5,54,0,59,0,5,53,0,58,0,10,107,0,117,78,0,78,195
02/18/2005,INT,NC,ASO,ES,Federal Contract Tower,3,4,52,3,62,0,2,56,0,58,3,6,108,3,120,16,8,24,144
02/19/2005,INT,NC,ASO,ES,Federal Contract Tower,2,4,34,0,40,0,4,111,0,115,2,8,145,0,155,172,0,172,327
02/20/2005,INT,NC,ASO,ES,Federal Contract Tower,3,4,25,0,32,0,0,22,0,22,3,4,47,0,54,30,0,30,84
02/21/2005,INT,NC,ASO,ES,Federal Contract Tower,4,5,37,1,47,0,2,2,0,4,4,7,39,1,51,14,0,14,65
02/22/2005,INT,NC,ASO,ES,Federal Contract Tower,4,8,64,0,76,0,10,69,1,80,4,18,133,1,156,92,0,92,248
02/23/2005,INT,NC,ASO,ES,Federal Contract Tower,0,4,49,0,53,0,4,103,7,114,0,8,152,7,167,128,0,128,295
02/24/2005,INT,NC,ASO,ES,Federal Contract Tower,2,6,37,0,45,0,0,0,0,0,2,6,37,0,45,0,0,0,45
02/25/2005,INT,NC,ASO,ES,Federal Contract Tower,2,0,44,0,46,0,2,84,0,86,2,2,128,0,132,102,0,102,234
02/26/2005,INT,NC,ASO,ES,Federal Contract Tower,1,4,26,0,31,0,2,126,0,128,1,6,152,0,159,96,0,96,255
02/27/2005,INT,NC,ASO,ES,Federal Contract Tower,4,7,41,0,52,0,4,48,0,52,4,11,89,0,104,78,0,78,182
02/28/2005,INT,NC,ASO,ES,Federal Contract Tower,1,7,33,0,41,0,0,0,0,0,1,7,33,0,41,0,0,0,41
03/01/2005,INT,NC,ASO,ES,Federal Contract Tower,2,4,52,0,58,0,4,25,0,29,2,8,77,0,87,6,0,6,93
03/02/2005,INT,NC,ASO,ES,Federal Contract Tower,1,5,67,0,73,0,5,51,0,56,1,10,118,0,129,10,0,10,139
03/03/2005,INT,NC,ASO,ES,Federal Contract Tower,0,3,63,0,66,0,5,97,0,102,0,8,160,0,168,76,0,76,244
03/04/2005,INT,NC,ASO,ES,Federal Contract Tower,1,8,61,0,70,0,6,120,0,126,1,14,181,0,196,42,0,42,238
03/05/2005,INT,NC,ASO,ES,Federal Contract Tower,2,1,23,0,26,0,0,38,0,38,2,1,61,0,64,38,0,38,102
03/06/2005,INT,NC,ASO,ES,Federal Contract Tower,3,5,24,0,32,0,3,86,0,89,3,8,110,0,121,94,0,94,215
03/07/2005,INT,NC,ASO,ES,Federal Contract Tower,0,6,32,0,38,0,4,65,0,69,0,10,97,0,107,50,0,50,157
03/08/2005,INT,NC,ASO,ES,Federal Contract Tower,4,6,25,1,36,0,0,13,0,13,4,6,38,1,49,0,0,0,49
03/09/2005,INT,NC,ASO,ES,Federal Contract Tower,2,13,49,0,64,0,4,93,0,97,2,17,142,0,161,94,0,94,255
03/10/2005,INT,NC,ASO,ES,Federal Contract Tower,1,4,72,0,77,0,3,83,0,86,1,7,155,0,163,54,0,54,217
03/11/2005,INT,NC,ASO,ES,Federal Contract Tower,0,13,47,0,60,0,3,28,3,34,0,16,75,3,94,30,0,30,124
03/12/2005,INT,NC,ASO,ES,Federal Contract Tower,2,6,19,0,27,0,0,35,0,35,2,6,54,0,62,18,0,18,80
03/13/2005,INT,NC,ASO,ES,Federal Contract Tower,3,10,58,0,71,0,0,92,0,92,3,10,150,0,163,80,0,80,243
03/14/2005,INT,NC,ASO,ES,Federal Contract Tower,2,7,48,0,57,2,5,33,0,40,4,12,81,0,97,118,0,118,215
03/15/2005,INT,NC,ASO,ES,Federal Contract Tower,4,17,56,5,82,0,2,97,2,101,4,19,153,7,183,124,0,124,307
03/16/2005,INT,NC,ASO,ES,Federal Contract Tower,2,8,36,0,46,0,1,1,0,2,2,9,37,0,48,0,0,0,48
03/17/2005,INT,NC,ASO,ES,Federal Contract Tower,2,5,41,0,48,0,0,8,0,8,2,5,49,0,56,28,0,28,84
03/18/2005,INT,NC,ASO,ES,Federal Contract Tower,0,4,50,0,54,0,4,92,0,96,0,8,142,0,150,152,0,152,302
03/19/2005,INT,NC,ASO,ES,Federal Contract Tower,1,6,40,0,47,0,0,68,0,68,1,6,108,0,115,56,0,56,171
03/20/2005,INT,NC,ASO,ES,Federal Contract Tower,3,6,22,0,31,0,2,71,0,73,3,8,93,0,104,38,0,38,142
03/21/2005,INT,NC,ASO,ES,Federal Contract Tower,0,2,45,0,47,0,7,99,0,106,0,9,144,0,153,106,0,106,259
03/22/2005,INT,NC,ASO,ES,Federal Contract Tower,1,9,25,0,35,0,10,37,0,47,1,19,62,0,82,42,0,42,124
03/23/2005,INT,NC,ASO,ES,Federal Contract Tower,3,3,54,0,60,0,0,14,0,14,3,3,68,0,74,10,0,10,84
03/24/2005,INT,NC,ASO,ES,Federal Contract Tower,2,10,75,0,87,0,0,109,2,111,2,10,184,2,198,32,0,32,230
03/25/2005,INT,NC,ASO,ES,Federal Contract Tower,2,5,33,0,40,0,0,49,0,49,2,5,82,0,89,78,0,78,167
03/26/2005,INT,NC,ASO,ES,Federal Contract Tower,0,4,29,0,33,0,0,9,0,9,0,4,38,0,42,58,0,58,100
03/27/2005,INT,NC,ASO,ES,Federal Contract Tower,1,5,10,0,16,0,0,0,0,0,1,5,10,0,16,0,0,0,16
03/28/2005,INT,NC,ASO,ES,Federal Contract Tower,3,3,33,0,39,0,1,14,0,15,3,4,47,0,54,20,0,20,74
03/29/2005,INT,NC,ASO,ES,Federal Contract Tower,2,4,51,0,57,0,11,55,16,82,2,15,106,16,139,80,0,80,219
03/30/2005,INT,NC,ASO,ES,Federal Contract Tower,1,0,55,0,56,0,4,83,1,88,1,4,138,1,144,78,0,78,222
03/31/2005,INT,NC,ASO,ES,Federal Contract Tower,3,5,63,0,71,0,0,64,0,64,3,5,127,0,135,114,0,114,249
04/01/2005,INT,NC,ASO,ES,Federal Contract Tower,0,9,27,0,36,0,1,37,0,38,0,10,64,0,74,102,0,102,176
04/02/2005,INT,NC,ASO,ES,Federal Contract Tower,1,3,34,0,38,0,0,7,0,7,1,3,41,0,45,32,0,32,77
04/03/2005,INT,NC,ASO,ES,Federal Contract Tower,0,2,34,0,36,0,0,16,0,16,0,2,50,0,52,14,0,14,66
04/04/2005,INT,NC,ASO,ES,Federal Contract Tower,1,9,37,0,47,0,5,92,0,97,1,14,129,0,144,86,0,86,230
04/05/2005,INT,NC,ASO,ES,Federal Contract Tower,2,6,44,0,52,0,15,148,6,169,2,21,192,6,221,184,0,184,405
04/06/2005,INT,NC,ASO,ES,Federal Contract Tower,2,18,35,0,55,0,2,125,0,127,2,20,160,0,182,88,0,88,270
04/07/2005,INT,NC,ASO,ES,Federal Contract Tower,0,4,39,0,43,0,0,17,0,17,0,4,56,0,60,2,0,2,62
04/08/2005,INT,NC,ASO,ES,Federal Contract Tower,1,5,34,0,40,0,0,9,0,9,1,5,43,0,49,2,0,2,51
04/09/2005,INT,NC,ASO,ES,Federal Contract Tower,1,5,30,0,36,0,0,38,0,38,1,5,68,0,74,32,0,32,106
04/10/2005,INT,NC,ASO,ES,Federal Contract Tower,1,3,45,0,49,0,1,106,2,109,1,4,151,2,158,124,4,128,286
04/11/2005,INT,NC,ASO,ES,Federal Contract Tower,1,5,57,0,63,0,11,113,0,124,1,16,170,0,187,82,0,82,269
04/12/2005,INT,NC,ASO,ES,Federal Contract Tower,0,9,41,0,50,0,9,57,0,66,0,18,98,0,116,54,0,54,170
04/13/2005,INT,NC,ASO,ES,Federal Contract Tower,1,16,33,3,53,0,0,0,0,0,1,16,33,3,53,0,0,0,53
04/14/2005,INT,NC,ASO,ES,Federal Contract Tower,1,10,89,0,100,0,1,94,0,95,1,11,183,0,195,88,0,88,283
04/15/2005,INT,NC,ASO,ES,Federal Contract Tower,0,8,51,0,59,0,3,74,3,80,0,11,125,3,139,42,0,42,181
04/16/2005,INT,NC,ASO,ES,Federal Contract Tower,0,1,37,0,38,0,2,35,0,37,0,3,72,0,75,32,0,32,107
04/17/2005,INT,NC,ASO,ES,Federal Contract Tower,2,7,55,0,64,0,16,95,0,111,2,23,150,0,175,178,0,178,353
04/18/2005,INT,NC,ASO,ES,Federal Contract Tower,2,11,48,1,62,0,2,119,1,122,2,13,167,2,184,98,4,102,286
04/19/2005,INT,NC,ASO,ES,Federal Contract Tower,1,7,65,0,73,0,2,103,0,105,1,9,168,0,178,102,0,102,280
04/20/2005,INT,NC,ASO,ES,Federal Contract Tower,2,6,72,0,80,0,1,82,0,83,2,7,154,0,163,60,0,60,223
04/21/2005,INT,NC,ASO,ES,Federal Contract Tower,0,3,41,1,45,0,3,88,0,91,0,6,129,1,136,110,0,110,246
04/22/2005,INT,NC,ASO,ES,Federal Contract Tower,1,8,61,0,70,0,2,27,0,29,1,10,88,0,99,28,0,28,127
04/23/2005,INT,NC,ASO,ES,Federal Contract Tower,0,3,30,1,34,0,3,24,0,27,0,6,54,1,61,42,0,42,103
04/24/2005,INT,NC,ASO,ES,Federal Contract Tower,1,4,36,1,42,0,2,41,0,43,1,6,77,1,85,26,0,26,111
04/25/2005,INT,NC,ASO,ES,Federal Contract Tower,1,0,60,0,61,0,5,74,0,79,1,5,134,0,140,60,0,60,200
04/26/2005,INT,NC,ASO,ES,Federal Contract Tower,0,12,54,0,66,0,3,52,0,55,0,15,106,0,121,26,0,26,147
04/27/2005,INT,NC,ASO,ES,Federal Contract Tower,1,7,37,0,45,0,5,49,0,54,1,12,86,0,99,48,0,48,147
04/28/2005,INT,NC,ASO,ES,Federal Contract Tower,0,3,82,0,85,0,8,149,0,157,0,11,231,0,242,112,0,112,354
04/29/2005,INT,NC,ASO,ES,Federal Contract Tower,1,6,43,0,50,0,8,29,0,37,1,14,72,0,87,74,0,74,161
04/30/2005,INT,NC,ASO,ES,Federal Contract Tower,2,6,25,0,33,0,8,19,0,27,2,14,44,0,60,20,0,20,80
05/01/2005,INT,NC,ASO,ES,Federal Contract Tower,1,8,28,0,37,0,26,110,0,136,1,34,138,0,173,62,0,62,235
05/02/2005,INT,NC,ASO,ES,Federal Contract Tower,1,2,46,0,49,0,8,71,2,81,1,10,117,2,130,68,0,68,198
05/03/2005,INT,NC,ASO,ES,Federal Contract Tower,2,4,67,0,73,0,8,82,0,90,2,12,149,0,163,130,0,130,293
05/04/2005,INT,NC,ASO,ES,Federal Contract Tower,1,9,62,0,72,0,0,111,4,115,1,9,173,4,187,54,0,54,241
05/05/2005,INT,NC,ASO,ES,Federal Contract Tower,1,4,66,0,71,0,5,34,0,39,1,9,100,0,110,90,0,90,200
05/06/2005,INT,NC,ASO,ES,Federal Contract Tower,0,9,67,0,76,0,5,45,0,50,0,14,112,0,126,100,0,100,226
05/07/2005,INT,NC,ASO,ES,Federal Contract Tower,2,5,30,0,37,0,4,168,8,180,2,9,198,8,217,146,8,154,371
05/08/2005,INT,NC,ASO,ES,Federal Contract Tower,1,6,16,0,23,0,5,73,0,78,1,11,89,0,101,152,0,152,253
05/09/2005,INT,NC,ASO,ES,Federal Contract Tower,0,11,45,0,56,0,3,75,0,78,0,14,120,0,134,96,0,96,230
05/10/2005,INT,NC,ASO,ES,Federal Contract Tower,0,11,57,0,68,0,4,77,0,81,0,15,134,0,149,96,0,96,245
05/11/2005,INT,NC,ASO,ES,Federal Contract Tower,0,9,56,0,65,0,3,89,2,94,0,12,145,2,159,116,2,118,277
05/12/2005,INT,NC,ASO,ES,Federal Contract Tower,0,8,63,0,71,0,3,56,0,59,0,11,119,0,130,74,0,74,204
05/13/2005,INT,NC,ASO,ES,Federal Contract Tower,2,4,50,0,56,0,1,24,0,25,2,5,74,0,81,112,0,112,193
05/14/2005,INT,NC,ASO,ES,Federal Contract Tower,0,2,30,1,33,0,0,39,2,41,0,2,69,3,74,14,0,14,88
05/15/2005,INT,NC,ASO,ES,Federal Contract Tower,1,9,23,0,33,0,6,21,0,27,1,15,44,0,60,100,0,100,160
05/16/2005,INT,NC,ASO,ES,Federal Contract Tower,0,6,59,0,65,0,4,104,0,108,0,10,163,0,173,96,0,96,269
05/17/2005,INT,NC,ASO,ES,Federal Contract Tower,0,1,64,0,65,0,2,57,0,59,0,3,121,0,124,58,0,58,182
05/18/2005,INT,NC,ASO,ES,Federal Contract Tower,0,6,62,0,68,0,13,55,0,68,0,19,117,0,136,70,0,70,206
05/19/2005,INT,NC,ASO,ES,Federal Contract Tower,0,8,69,0,77,0,1,51,0,52,0,9,120,0,129,86,0,86,215
05/20/2005,INT,NC,ASO,ES,Federal Contract Tower,0,3,44,0,47,0,3,40,0,43,0,6,84,0,90,94,0,94,184
05/21/2005,INT,NC,ASO,ES,Federal Contract Tower,2,3,33,0,38,0,7,76,0,83,2,10,109,0,121,82,0,82,203
05/22/2005,INT,NC,ASO,ES,Federal Contract Tower,1,5,48,1,55,0,8,105,0,113,1,13,153,1,168,190,2,192,360
05/23/2005,INT,NC,ASO,ES,Federal Contract Tower,3,1,59,0,63,0,1,65,0,66,3,2,124,0,129,46,0,46,175
05/24/2005,INT,NC,ASO,ES,Federal Contract Tower,1,8,59,0,68,0,3,27,1,31,1,11,86,1,99,30,4,34,133
05/25/2005,INT,NC,ASO,ES,Federal Contract Tower,2,4,68,0,74,0,5,100,0,105,2,9,168,0,179,66,0,66,245
05/26/2005,INT,NC,ASO,ES,Federal Contract Tower,0,0,43,0,43,0,3,82,0,85,0,3,125,0,128,58,0,58,186
05/27/2005,INT,NC,ASO,ES,Federal Contract Tower,2,4,54,0,60,0,1,125,0,126,2,5,179,0,186,192,0,192,378
05/28/2005,INT,NC,ASO,ES,Federal Contract Tower,0,2,30,0,32,0,7,63,0,70,0,9,93,0,102,120,0,120,222
05/29/2005,INT,NC,ASO,ES,Federal Contract Tower,0,0,12,0,12,0,0,80,0,80,0,0,92,0,92,70,0,70,162
05/30/2005,INT,NC,ASO,ES,Federal Contract Tower,1,0,18,0,19,0,1,36,0,37,1,1,54,0,56,36,0,36,92
05/31/2005,INT,NC,ASO,ES,Federal Contract Tower,1,6,56,0,63,0,2,45,0,47,1,8,101,0,110,96,0,96,206
06/01/2005,INT,NC,ASO,ES,Federal Contract Tower,1,6,61,0,68,0,2,49,0,51,1,8,110,0,119,104,0,104,223
06/02/2005,INT,NC,ASO,ES,Federal Contract Tower,0,4,55,0,59,0,0,0,0,0,0,4,55,0,59,4,0,4,63
06/03/2005,INT,NC,ASO,ES,Federal Contract Tower,1,2,54,0,57,0,0,14,0,14,1,2,68,0,71,38,0,38,109
06/04/2005,INT,NC,ASO,ES,Federal Contract Tower,0,5,22,0,27,0,0,38,0,38,0,5,60,0,65,60,0,60,125
06/05/2005,INT,NC,ASO,ES,Federal Contract Tower,2,1,25,0,28,2,1,87,0,90,4,2,112,0,118,102,0,102,220
06/06/2005,INT,NC,ASO,ES,Federal Contract Tower,0,8,51,0,59,0,1,75,0,76,0,9,126,0,135,200,0,200,335
06/07/2005,INT,NC,ASO,ES,Federal Contract Tower,0,6,62,0,68,0,2,28,4,34,0,8,90,4,102,20,18,38,140
06/08/2005,INT,NC,ASO,ES,Federal Contract Tower,2,7,49,0,58,0,2,43,0,45,2,9,92,0,103,50,0,50,153
06/09/2005,INT,NC,ASO,ES,Federal Contract Tower,1,7,60,0,68,0,3,24,0,27,1,10,84,0,95,44,0,44,139
06/10/2005,INT,NC,ASO,ES,Federal Contract Tower,3,7,47,0,57,0,0,34,0,34,3,7,81,0,91,100,0,100,191
06/11/2005,INT,NC,ASO,ES,Federal Contract Tower,1,0,19,0,20,0,0,69,0,69,1,0,88,0,89,106,0,106,195
06/12/2005,INT,NC,ASO,ES,Federal Contract Tower,0,0,30,0,30,0,3,30,0,33,0,3,60,0,63,68,0,68,131
06/13/2005,INT,NC,ASO,ES,Federal Contract Tower,2,5,36,0,43,0,8,19,0,27,2,13,55,0,70,22,0,22,92
06/14/2005,INT,NC,ASO,ES,Federal Contract Tower,0,6,45,0,51,0,4,78,0,82,0,10,123,0,133,132,0,132,265
06/15/2005,INT,NC,ASO,ES,Federal Contract Tower,0,8,60,0,68,0,9,97,0,106,0,17,157,0,174,156,0,156,330
06/16/2005,INT,NC,ASO,ES,Federal Contract Tower,1,6,38,0,45,0,7,100,0,107,1,13,138,0,152,122,0,122,274
06/17/2005,INT,NC,ASO,ES,Federal Contract Tower,2,5,59,0,66,0,13,100,6,119,2,18,159,6,185,158,0,158,343
06/18/2005,INT,NC,ASO,ES,Federal Contract Tower,0,5,29,0,34,0,2,79,0,81,0,7,108,0,115,58,0,58,173
06/19/2005,INT,NC,ASO,ES,Federal Contract Tower,1,2,25,0,28,0,3,59,0,62,1,5,84,0,90,30,0,30,120
06/20/2005,INT,NC,ASO,ES,Federal Contract Tower,1,4,43,0,48,0,2,35,0,37,1,6,78,0,85,12,0,12,97
06/21/2005,INT,NC,ASO,ES,Federal Contract Tower,0,1,41,0,42,0,1,79,0,80,0,2,120,0,122,54,0,54,176
06/22/2005,INT,NC,ASO,ES,Federal Contract Tower,0,5,54,0,59,0,1,87,0,88,0,6,141,0,147,138,0,138,285
06/23/2005,INT,NC,ASO,ES,Federal Contract Tower,0,4,45,0,49,0,4,93,0,97,0,8,138,0,146,86,0,86,232
06/24/2005,INT,NC,ASO,ES,Federal Contract Tower,0,5,48,0,53,0,9,101,0,110,0,14,149,0,163,74,0,74,237
06/25/2005,INT,NC,ASO,ES,Federal Contract Tower,0,1,36,0,37,0,1,68,0,69,0,2,104,0,106,54,0,54,160
06/26/2005,INT,NC,ASO,ES,Federal Contract Tower,0,1,28,0,29,0,4,51,0,55,0,5,79,0,84,52,0,52,136
06/27/2005,INT,NC,ASO,ES,Federal Contract Tower,0,4,34,0,38,0,2,9,0,11,0,6,43,0,49,8,0,8,57
06/28/2005,INT,NC,ASO,ES,Federal Contract Tower,0,7,61,0,68,0,0,5,0,5,0,7,66,0,73,26,0,26,99
06/29/2005,INT,NC,ASO,ES,Federal Contract Tower,0,7,44,0,51,0,8,50,0,58,0,15,94,0,109,80,0,80,189
06/30/2005,INT,NC,ASO,ES,Federal Contract Tower,2,2,62,0,66,0,1,63,0,64,2,3,125,0,130,68,0,68,198
07/01/2005,INT,NC,ASO,ES,Federal Contract Tower,0,8,25,0,33,0,5,67,0,72,0,13,92,0,105,94,0,94,199
07/02/2005,INT,NC,ASO,ES,Federal Contract Tower,0,6,16,0,22,0,2,59,0,61,0,8,75,0,83,18,0,18,101
07/03/2005,INT,NC,ASO,ES,Federal Contract Tower,0,4,23,0,27,0,0,12,0,12,0,4,35,0,39,28,0,28,67
07/04/2005,INT,NC,ASO,ES,Federal Contract Tower,1,2,22,0,25,0,0,7,0,7,1,2,29,0,32,20,0,20,52
07/05/2005,INT,NC,ASO,ES,Federal Contract Tower,1,5,39,0,45,0,2,34,0,36,1,7,73,0,81,46,0,46,127
07/06/2005,INT,NC,ASO,ES,Federal Contract Tower,1,4,44,0,49,0,7,93,0,100,1,11,137,0,149,138,0,138,287
07/07/2005,INT,NC,ASO,ES,Federal Contract Tower,1,1,28,0,30,0,0,28,0,28,1,1,56,0,58,38,0,38,96
07/08/2005,INT,NC,ASO,ES,Federal Contract Tower,0,4,28,0,32,0,0,98,0,98,0,4,126,0,130,62,0,62,192
07/09/2005,INT,NC,ASO,ES,Federal Contract Tower,0,9,14,0,23,0,0,55,0,55,0,9,69,0,78,36,0,36,114
07/10/2005,INT,NC,ASO,ES,Federal Contract Tower,0,2,36,0,38,0,2,62,0,64,0,4,98,0,102,54,0,54,156
07/11/2005,INT,NC,ASO,ES,Federal Contract Tower,1,7,40,0,48,0,0,45,0,45,1,7,85,0,93,56,0,56,149
07/12/2005,INT,NC,ASO,ES,Federal Contract Tower,0,8,54,0,62,0,2,49,0,51,0,10,103,0,113,100,0,100,213
07/13/2005,INT,NC,ASO,ES,Federal Contract Tower,4,11,60,0,75,0,1,74,0,75,4,12,134,0,150,96,0,96,246
07/14/2005,INT,NC,ASO,ES,Federal Contract Tower,0,7,65,0,72,0,0,6,0,6,0,7,71,0,78,8,0,8,86
07/15/2005,INT,NC,ASO,ES,Federal Contract Tower,1,8,57,0,66,0,0,26,0,26,1,8,83,0,92,56,0,56,148
07/16/2005,INT,NC,ASO,ES,Federal Contract Tower,0,4,19,0,23,0,1,31,0,32,0,5,50,0,55,88,0,88,143
07/17/2005,INT,NC,ASO,ES,Federal Contract Tower,1,2,18,0,21,0,2,66,0,68,1,4,84,0,89,58,0,58,147
07/18/2005,INT,NC,ASO,ES,Federal Contract Tower,0,5,45,3,53,0,1,83,2,86,0,6,128,5,139,126,16,142,281
07/19/2005,INT,NC,ASO,ES,Federal Contract Tower,1,9,59,0,69,0,5,70,0,75,1,14,129,0,144,134,0,134,278
07/20/2005,INT,NC,ASO,ES,Federal Contract Tower,0,11,51,0,62,0,0,62,3,65,0,11,113,3,127,54,2,56,183
07/21/2005,INT,NC,ASO,ES,Federal Contract Tower,1,4,70,0,75,0,4,51,0,55,1,8,121,0,130,12,0,12,142
07/22/2005,INT,NC,ASO,ES,Federal Contract Tower,2,6,44,2,54,0,6,70,0,76,2,12,114,2,130,76,12,88,218
07/23/2005,INT,NC,ASO,ES,Federal Contract Tower,0,0,18,0,18,0,3,52,0,55,0,3,70,0,73,62,0,62,135
07/24/2005,INT,NC,ASO,ES,Federal Contract Tower,0,4,33,1,38,0,3,28,0,31,0,7,61,1,69,56,2,58,127
07/25/2005,INT,NC,ASO,ES,Federal Contract Tower,0,10,43,0,53,0,2,68,0,70,0,12,111,0,123,120,0,120,243
07/26/2005,INT,NC,ASO,ES,Federal Contract Tower,2,9,45,0,56,0,8,55,0,63,2,17,100,0,119,36,0,36,155
07/27/2005,INT,NC,ASO,ES,Federal Contract Tower,1,4,52,0,57,0,1,53,0,54,1,5,105,0,111,108,0,108,219
07/28/2005,INT,NC,ASO,ES,Federal Contract Tower,0,2,49,0,51,0,1,71,2,74,0,3,120,2,125,136,2,138,263
07/29/2005,INT,NC,ASO,ES,Federal Contract Tower,1,4,30,2,37,0,0,0,0,0,1,4,30,2,37,0,0,0,37
07/30/2005,INT,NC,ASO,ES,Federal Contract Tower,0,6,22,0,28,0,0,16,0,16,0,6,38,0,44,46,0,46,90
07/31/2005,INT,NC,ASO,ES,Federal Contract Tower,0,1,20,0,21,0,2,4,0,6,0,3,24,0,27,6,0,6,33
08/01/2005,INT,NC,ASO,ES,Federal Contract Tower,1,2,39,0,42,0,4,35,0,39,1,6,74,0,81,48,0,48,129
08/02/2005,INT,NC,ASO,ES,Federal Contract Tower,0,7,47,0,54,0,3,71,0,74,0,10,118,0,128,30,2,32,160
08/03/2005,INT,NC,ASO,ES,Federal Contract Tower,1,2,63,0,66,0,1,55,0,56,1,3,118,0,122,50,0,50,172
08/04/2005,INT,NC,ASO,ES,Federal Contract Tower,0,6,38,0,44,0,0,77,0,77,0,6,115,0,121,48,0,48,169
08/05/2005,INT,NC,ASO,ES,Federal Contract Tower,0,2,36,0,38,0,0,56,0,56,0,2,92,0,94,114,0,114,208
08/06/2005,INT,NC,ASO,ES,Federal Contract Tower,1,4,35,0,40,0,0,48,0,48,1,4,83,0,88,60,0,60,148
08/07/2005,INT,NC,ASO,ES,Federal Contract Tower,0,7,33,0,40,0,1,30,0,31,0,8,63,0,71,68,0,68,139
08/08/2005,INT,NC,ASO,ES,Federal Contract Tower,0,1,36,0,37,0,5,60,0,65,0,6,96,0,102,108,0,108,210
08/09/2005,INT,NC,ASO,ES,Federal Contract Tower,1,11,36,0,48,0,2,11,0,13,1,13,47,0,61,32,0,32,93
08/10/2005,INT,NC,ASO,ES,Federal Contract Tower,1,4,41,0,46,0,0,25,0,25,1,4,66,0,71,50,0,50,121
08/11/2005,INT,NC,ASO,ES,Federal Contract Tower,1,7,66,0,74,0,2,70,0,72,1,9,136,0,146,66,0,66,212
08/12/2005,INT,NC,ASO,ES,Federal Contract Tower,0,2,60,0,62,0,2,90,0,92,0,4,150,0,154,108,0,108,262
08/13/2005,INT,NC,ASO,ES,Federal Contract Tower,1,4,25,0,30,0,5,44,0,49,1,9,69,0,79,62,0,62,141
08/14/2005,INT,NC,ASO,ES,Federal Contract Tower,3,8,30,0,41,0,3,32,0,35,3,11,62,0,76,22,0,22,98
08/15/2005,INT,NC,ASO,ES,Federal Contract Tower,2,5,38,0,45,0,1,55,0,56,2,6,93,0,101,62,0,62,163
08/16/2005,INT,NC,ASO,ES,Federal Contract Tower,0,8,41,0,49,0,1,58,0,59,0,9,99,0,108,18,0,18,126
08/17/2005,INT,NC,ASO,ES,Federal Contract Tower,1,7,48,0,56,0,0,62,0,62,1,7,110,0,118,84,0,84,202
08/18/2005,INT,NC,ASO,ES,Federal Contract Tower,1,4,51,0,56,0,0,9,0,9,1,4,60,0,65,22,0,22,87
08/19/2005,INT,NC,ASO,ES,Federal Contract Tower,2,10,39,0,51,0,2,43,0,45,2,12,82,0,96,120,0,120,216
08/20/2005,INT,NC,ASO,ES,Federal Contract Tower,2,11,22,0,35,0,6,64,0,70,2,17,86,0,105,52,0,52,157
08/21/2005,INT,NC,ASO,ES,Federal Contract Tower,1,10,30,0,41,0,9,92,0,101,1,19,122,0,142,120,0,120,262
08/22/2005,INT,NC,ASO,ES,Federal Contract Tower,1,5,0,0,6,0,0,132,0,132,1,5,132,0,138,74,0,74,212
08/23/2005,INT,NC,ASO,ES,Federal Contract Tower,0,9,81,0,90,0,0,33,0,33,0,9,114,0,123,50,0,50,173
08/24/2005,INT,NC,ASO,ES,Federal Contract Tower,0,3,53,0,56,0,0,56,0,56,0,3,109,0,112,136,0,136,248
08/25/2005,INT,NC,ASO,ES,Federal Contract Tower,2,2,73,0,77,0,1,69,0,70,2,3,142,0,147,150,0,150,297
08/26/2005,INT,NC,ASO,ES,Federal Contract Tower,0,2,62,0,64,0,2,68,0,70,0,4,130,0,134,48,0,48,182
08/27/2005,INT,NC,ASO,ES,Federal Contract Tower,1,3,14,0,18,0,2,58,0,60,1,5,72,0,78,74,0,74,152
08/28/2005,INT,NC,ASO,ES,Federal Contract Tower,3,0,26,0,29,0,0,41,0,41,3,0,67,0,70,66,0,66,136
08/29/2005,INT,NC,ASO,ES,Federal Contract Tower,1,0,49,0,50,0,0,42,0,42,1,0,91,0,92,18,0,18,110
08/30/2005,INT,NC,ASO,ES,Federal Contract Tower,0,2,19,0,21,0,0,17,0,17,0,2,36,0,38,0,0,0,38
08/31/2005,INT,NC,ASO,ES,Federal Contract Tower,0,8,42,0,50,0,1,70,0,71,0,9,112,0,121,28,0,28,149
09/01/2005,INT,NC,ASO,ES,Federal Contract Tower,2,7,53,0,62,0,4,82,0,86,2,11,135,0,148,112,0,112,260
09/02/2005,INT,NC,ASO,ES,Federal Contract Tower,1,10,43,0,54,0,2,67,0,69,1,12,110,0,123,54,0,54,177
09/03/2005,INT,NC,ASO,ES,Federal Contract Tower,0,1,19,0,20,0,4,66,0,70,0,5,85,0,90,56,0,56,146
09/04/2005,INT,NC,ASO,ES,Federal Contract Tower,1,2,15,0,18,0,3,76,0,79,1,5,91,0,97,84,0,84,181
09/05/2005,INT,NC,ASO,ES,Federal Contract Tower,1,2,27,0,30,0,0,64,0,64,1,2,91,0,94,26,0,26,120
09/06/2005,INT,NC,ASO,ES,Federal Contract Tower,0,2,33,0,35,0,2,28,0,30,0,4,61,0,65,40,0,40,105
09/07/2005,INT,NC,ASO,ES,Federal Contract Tower,3,3,44,0,50,0,5,62,0,67,3,8,106,0,117,30,0,30,147
09/08/2005,INT,NC,ASO,ES,Federal Contract Tower,2,4,55,2,63,0,5,89,0,94,2,9,144,2,157,108,6,114,271
09/09/2005,INT,NC,ASO,ES,Federal Contract Tower,1,10,57,2,70,0,0,154,0,154,1,10,211,2,224,62,0,62,286
09/10/2005,INT,NC,ASO,ES,Federal Contract Tower,1,1,22,3,27,0,2,69,0,71,1,3,91,3,98,46,0,46,144
09/11/2005,INT,NC,ASO,ES,Federal Contract Tower,0,2,19,2,23,0,3,53,4,60,0,5,72,6,83,98,8,106,189
09/12/2005,INT,NC,ASO,ES,Federal Contract Tower,1,14,32,4,51,0,0,101,2,103,1,14,133,6,154,28,0,28,182
09/13/2005,INT,NC,ASO,ES,Federal Contract Tower,0,4,56,1,61,0,0,53,0,53,0,4,109,1,114,92,0,92,206
09/14/2005,INT,NC,ASO,ES,Federal Contract Tower,1,4,53,0,58,0,0,32,0,32,1,4,85,0,90,42,0,42,132
09/15/2005,INT,NC,ASO,ES,Federal Contract Tower,1,6,39,0,46,0,12,76,0,88,1,18,115,0,134,58,0,58,192
09/16/2005,INT,NC,ASO,ES,Federal Contract Tower,0,0,39,0,39,0,3,72,0,75,0,3,111,0,114,94,0,94,208
09/17/2005,INT,NC,ASO,ES,Federal Contract Tower,0,3,33,0,36,0,0,65,0,65,0,3,98,0,101,96,0,96,197
09/18/2005,INT,NC,ASO,ES,Federal Contract Tower,0,2,39,0,41,0,5,65,0,70,0,7,104,0,111,82,0,82,193
09/19/2005,INT,NC,ASO,ES,Federal Contract Tower,2,5,57,0,64,0,0,37,0,37,2,5,94,0,101,56,0,56,157
09/20/2005,INT,NC,ASO,ES,Federal Contract Tower,0,8,55,0,63,0,1,22,0,23,0,9,77,0,86,96,0,96,182
09/21/2005,INT,NC,ASO,ES,Federal Contract Tower,4,3,50,0,57,0,2,56,0,58,4,5,106,0,115,36,0,36,151
09/22/2005,INT,NC,ASO,ES,Federal Contract Tower,0,5,40,0,45,0,3,39,0,42,0,8,79,0,87,114,0,114,201
09/23/2005,INT,NC,ASO,ES,Federal Contract Tower,0,3,35,0,38,0,5,56,0,61,0,8,91,0,99,116,0,116,215
09/24/2005,INT,NC,ASO,ES,Federal Contract Tower,0,5,28,0,33,0,6,27,0,33,0,11,55,0,66,60,0,60,126
09/25/2005,INT,NC,ASO,ES,Federal Contract Tower,0,5,42,0,47,0,1,31,1,33,0,6,73,1,80,64,0,64,144
09/26/2005,INT,NC,ASO,ES,Federal Contract Tower,1,4,30,0,35,0,3,9,0,12,1,7,39,0,47,52,0,52,99
09/27/2005,INT,NC,ASO,ES,Federal Contract Tower,0,7,35,0,42,0,2,68,2,72,0,9,103,2,114,42,0,42,156
09/28/2005,INT,NC,ASO,ES,Federal Contract Tower,2,10,50,0,62,0,2,86,0,88,2,12,136,0,150,94,0,94,244
09/29/2005,INT,NC,ASO,ES,Federal Contract Tower,0,12,56,0,68,0,5,62,2,69,0,17,118,2,137,170,0,170,307
09/30/2005,INT,NC,ASO,ES,Federal Contract Tower,0,9,65,0,74,0,10,109,5,124,0,19,174,5,198,136,4,140,338
10/01/2005,INT,NC,ASO,ES,Federal Contract Tower,0,4,51,0,55,0,8,55,0,63,0,12,106,0,118,78,0,78,196
10/02/2005,INT,NC,ASO,ES,Federal Contract Tower,0,6,54,0,60,0,0,61,0,61,0,6,115,0,121,26,0,26,147
10/03/2005,INT,NC,ASO,ES,Federal Contract Tower,1,6,44,0,51,0,8,60,0,68,1,14,104,0,119,78,0,78,197
10/04/2005,INT,NC,ASO,ES,Federal Contract Tower,0,9,39,0,48,0,8,46,0,54,0,17,85,0,102,70,0,70,172
10/05/2005,INT,NC,ASO,ES,Federal Contract Tower,1,15,61,0,77,0,0,5,0,5,1,15,66,0,82,22,0,22,104
10/06/2005,INT,NC,ASO,ES,Federal Contract Tower,2,8,43,0,53,0,0,2,0,2,2,8,45,0,55,20,0,20,75
10/07/2005,INT,NC,ASO,ES,Federal Contract Tower,1,8,43,0,52,0,0,3,0,3,1,8,46,0,55,28,0,28,83
10/08/2005,INT,NC,ASO,ES,Federal Contract Tower,2,1,24,0,27,0,0,3,0,3,2,1,27,0,30,0,0,0,30
10/09/2005,INT,NC,ASO,ES,Federal Contract Tower,0,8,22,0,30,0,0,32,0,32,0,8,54,0,62,40,0,40,102
10/10/2005,INT,NC,ASO,ES,Federal Contract Tower,0,6,31,0,37,0,0,0,0,0,0,6,31,0,37,0,0,0,37
10/11/2005,INT,NC,ASO,ES,Federal Contract Tower,0,4,28,0,32,0,0,0,0,0,0,4,28,0,32,0,0,0,32
10/12/2005,INT,NC,ASO,ES,Federal Contract Tower,2,2,66,0,70,0,9,55,0,64,2,11,121,0,134,122,0,122,256
10/13/2005,INT,NC,ASO,ES,Federal Contract Tower,0,7,71,0,78,0,8,77,9,94,0,15,148,9,172,76,0,76,248
10/14/2005,INT,NC,ASO,ES,Federal Contract Tower,0,2,40,0,42,0,2,79,3,84,0,4,119,3,126,60,0,60,186
10/15/2005,INT,NC,ASO,ES,Federal Contract Tower,2,0,22,0,24,0,3,56,0,59,2,3,78,0,83,92,0,92,175
10/16/2005,INT,NC,ASO,ES,Federal Contract Tower,0,6,38,0,44,0,1,111,0,112,0,7,149,0,156,116,0,116,272
10/17/2005,INT,NC,ASO,ES,Federal Contract Tower,0,7,44,0,51,0,7,61,0,68,0,14,105,0,119,44,0,44,163
10/18/2005,INT,NC,ASO,ES,Federal Contract Tower,0,5,41,2,48,0,11,61,0,72,0,16,102,2,120,50,0,50,170
10/19/2005,INT,NC,ASO,ES,Federal Contract Tower,0,12,59,0,71,0,11,96,0,107,0,23,155,0,178,106,0,106,284
10/20/2005,INT,NC,ASO,ES,Federal Contract Tower,2,9,75,0,86,0,6,68,0,74,2,15,143,0,160,32,0,32,192
10/21/2005,INT,NC,ASO,ES,Federal Contract Tower,1,11,62,0,74,0,5,7,0,12,1,16,69,0,86,16,0,16,102
10/22/2005,INT,NC,ASO,ES,Federal Contract Tower,1,6,23,0,30,0,0,21,0,21,1,6,44,0,51,42,0,42,93
10/23/2005,INT,NC,ASO,ES,Federal Contract Tower,0,7,34,0,41,0,0,67,0,67,0,7,101,0,108,62,0,62,170
10/24/2005,INT,NC,ASO,ES,Federal Contract Tower,0,5,34,0,39,0,5,29,0,34,0,10,63,0,73,36,0,36,109
10/25/2005,INT,NC,ASO,ES,Federal Contract Tower,2,6,33,0,41,0,5,22,0,27,2,11,55,0,68,24,0,24,92
10/26/2005,INT,NC,ASO,ES,Federal Contract Tower,2,5,56,0,63,0,3,55,0,58,2,8,111,0,121,80,0,80,201
10/27/2005,INT,NC,ASO,ES,Federal Contract Tower,3,14,47,0,64,0,5,110,0,115,3,19,157,0,179,102,0,102,281
10/28/2005,INT,NC,ASO,ES,Federal Contract Tower,5,8,45,0,58,0,2,90,2,94,5,10,135,2,152,116,0,116,268
10/29/2005,INT,NC,ASO,ES,Federal Contract Tower,0,5,20,0,25,0,5,105,0,110,0,10,125,0,135,92,0,92,227
10/30/2005,INT,NC,ASO,ES,Federal Contract Tower,0,0,31,0,31,0,4,98,0,102,0,4,129,0,133,72,2,74,207
10/31/2005,INT,NC,ASO,ES,Federal Contract Tower,5,1,32,0,38,0,2,91,0,93,5,3,123,0,131,136,0,136,267
11/01/2005,INT,NC,ASO,ES,Federal Contract Tower,0,4,33,0,37,0,1,69,0,70,0,5,102,0,107,108,0,108,215
11/02/2005,INT,NC,ASO,ES,Federal Contract Tower,3,7,52,1,63,0,0,92,0,92,3,7,144,1,155,134,2,136,291
11/03/2005,INT,NC,ASO,ES,Federal Contract Tower,1,9,57,2,69,0,0,103,1,104,1,9,160,3,173,130,2,132,305
11/04/2005,INT,NC,ASO,ES,Federal Contract Tower,2,10,49,0,61,0,0,90,0,90,2,10,139,0,151,132,0,132,283
11/05/2005,INT,NC,ASO,ES,Federal Contract Tower,1,1,25,0,27,0,6,73,0,79,1,7,98,0,106,72,0,72,178
11/06/2005,INT,NC,ASO,ES,Federal Contract Tower,2,12,20,0,34,0,1,47,1,49,2,13,67,1,83,50,0,50,133
11/07/2005,INT,NC,ASO,ES,Federal Contract Tower,1,10,47,0,58,0,1,79,0,80,1,11,126,0,138,112,0,112,250
11/08/2005,INT,NC,ASO,ES,Federal Contract Tower,2,4,56,0,62,0,2,75,0,77,2,6,131,0,139,68,0,68,207
11/09/2005,INT,NC,ASO,ES,Federal Contract Tower,2,4,64,0,70,0,2,100,0,102,2,6,164,0,172,86,0,86,258
11/10/2005,INT,NC,ASO,ES,Federal Contract Tower,2,9,47,0,58,0,1,37,3,41,2,10,84,3,99,0,2,2,101
11/11/2005,INT,NC,ASO,ES,Federal Contract Tower,2,11,57,0,70,0,4,85,0,89,2,15,142,0,159,46,0,46,205
11/12/2005,INT,NC,ASO,ES,Federal Contract Tower,0,4,29,1,34,0,1,79,0,80,0,5,108,1,114,86,0,86,200
11/13/2005,INT,NC,ASO,ES,Federal Contract Tower,1,4,33,0,38,0,1,55,0,56,1,5,88,0,94,76,0,76,170
11/14/2005,INT,NC,ASO,ES,Federal Contract Tower,3,9,40,0,52,0,14,95,0,109,3,23,135,0,161,128,0,128,289
11/15/2005,INT,NC,ASO,ES,Federal Contract Tower,1,10,50,0,61,4,6,15,0,25,5,16,65,0,86,26,0,26,112
11/16/2005,INT,NC,ASO,ES,Federal Contract Tower,3,6,47,0,56,0,0,4,0,4,3,6,51,0,60,0,0,0,60
11/17/2005,INT,NC,ASO,ES,Federal Contract Tower,1,3,50,0,54,0,0,57,0,57,1,3,107,0,111,30,0,30,141
11/18/2005,INT,NC,ASO,ES,Federal Contract Tower,2,0,5,0,7,0,0,0,123,123,2,0,5,123,130,156,0,156,286
11/19/2005,INT,NC,ASO,ES,Federal Contract Tower,0,0,25,0,25,0,2,73,0,75,0,2,98,0,100,36,0,36,136
11/20/2005,INT,NC,ASO,ES,Federal Contract Tower,2,4,24,0,30,0,0,43,0,43,2,4,67,0,73,116,0,116,189
11/21/2005,INT,NC,ASO,ES,Federal Contract Tower,1,3,23,0,27,0,0,0,0,0,1,3,23,0,27,0,0,0,27
11/22/2005,INT,NC,ASO,ES,Federal Contract Tower,3,11,48,0,62,2,0,37,0,39,5,11,85,0,101,38,0,38,139
11/23/2005,INT,NC,ASO,ES,Federal Contract Tower,1,6,38,0,45,0,1,62,0,63,1,7,100,0,108,90,0,90,198
11/24/2005,INT,NC,ASO,ES,Federal Contract Tower,1,3,7,0,11,0,0,11,0,11,1,3,18,0,22,10,0,10,32
11/25/2005,INT,NC,ASO,ES,Federal Contract Tower,1,1,16,0,18,0,0,78,0,78,1,1,94,0,96,100,0,100,196
11/26/2005,INT,NC,ASO,ES,Federal Contract Tower,0,4,22,0,26,0,10,71,0,81,0,14,93,0,107,90,0,90,197
11/27/2005,INT,NC,ASO,ES,Federal Contract Tower,1,0,54,0,55,0,0,10,0,10,1,0,64,0,65,16,0,16,81
11/28/2005,INT,NC,ASO,ES,Federal Contract Tower,1,7,28,0,36,0,0,0,0,0,1,7,28,0,36,2,0,2,38
11/29/2005,INT,NC,ASO,ES,Federal Contract Tower,3,11,39,0,53,0,0,3,0,3,3,11,42,0,56,2,0,2,58
11/30/2005,INT,NC,ASO,ES,Federal Contract Tower,0,12,61,0,73,0,3,109,0,112,0,15,170,0,185,130,2,132,317
12/01/2005,INT,NC,ASO,ES,Federal Contract Tower,2,11,42,0,55,0,1,74,0,75,2,12,116,0,130,104,0,104,234
12/02/2005,INT,NC,ASO,ES,Federal Contract Tower,2,3,43,0,48,0,1,48,0,49,2,4,91,0,97,44,0,44,141
12/03/2005,INT,NC,ASO,ES,Federal Contract Tower,0,0,28,0,28,0,2,35,0,37,0,2,63,0,65,80,0,80,145
12/04/2005,INT,NC,ASO,ES,Federal Contract Tower,2,2,12,0,16,0,9,19,0,28,2,11,31,0,44,4,0,4,48
12/05/2005,INT,NC,ASO,ES,Federal Contract Tower,0,5,26,0,31,0,0,0,0,0,0,5,26,0,31,0,0,0,31
12/06/2005,INT,NC,ASO,ES,Federal Contract Tower,1,2,46,0,49,0,6,92,0,98,1,8,138,0,147,72,0,72,219
12/07/2005,INT,NC,ASO,ES,Federal Contract Tower,1,3,54,0,58,0,0,94,0,94,1,3,148,0,152,168,0,168,320
12/08/2005,INT,NC,ASO,ES,Federal Contract Tower,2,6,36,0,44,0,2,33,4,39,2,8,69,4,83,68,0,68,151
12/09/2005,INT,NC,ASO,ES,Federal Contract Tower,1,3,26,0,30,0,0,27,0,27,1,3,53,0,57,56,0,56,113
12/10/2005,INT,NC,ASO,ES,Federal Contract Tower,1,2,24,0,27,0,0,86,0,86,1,2,110,0,113,146,0,146,259
12/11/2005,INT,NC,ASO,ES,Federal Contract Tower,0,3,20,0,23,0,2,59,0,61,0,5,79,0,84,50,0,50,134
12/12/2005,INT,NC,ASO,ES,Federal Contract Tower,1,5,32,0,38,0,2,72,0,74,1,7,104,0,112,194,0,194,306
12/13/2005,INT,NC,ASO,ES,Federal Contract Tower,0,16,53,2,71,0,0,101,4,105,0,16,154,6,176,92,4,96,272
12/14/2005,INT,NC,ASO,ES,Federal Contract Tower,0,12,52,0,64,0,0,73,0,73,0,12,125,0,137,94,0,94,231
12/15/2005,INT,NC,ASO,ES,Federal Contract Tower,1,3,22,0,26,0,0,0,0,0,1,3,22,0,26,0,0,0,26
12/16/2005,INT,NC,ASO,ES,Federal Contract Tower,3,8,38,0,49,0,1,57,0,58,3,9,95,0,107,86,0,86,193
12/17/2005,INT,NC,ASO,ES,Federal Contract Tower,0,2,36,0,38,0,5,91,0,96,0,7,127,0,134,206,0,206,340
12/18/2005,INT,NC,ASO,ES,Federal Contract Tower,0,4,21,0,25,0,2,35,0,37,0,6,56,0,62,40,0,40,102
12/19/2005,INT,NC,ASO,ES,Federal Contract Tower,0,9,36,0,45,0,1,67,0,68,0,10,103,0,113,92,0,92,205
12/20/2005,INT,NC,ASO,ES,Federal Contract Tower,3,3,57,0,63,0,4,78,1,83,3,7,135,1,146,130,0,130,276
12/21/2005,INT,NC,ASO,ES,Federal Contract Tower,4,1,43,0,48,0,0,62,8,70,4,1,105,8,118,132,0,132,250
12/22/2005,INT,NC,ASO,ES,Federal Contract Tower,1,6,36,0,43,0,1,58,0,59,1,7,94,0,102,120,0,120,222
12/23/2005,INT,NC,ASO,ES,Federal Contract Tower,0,3,33,0,36,0,5,50,0,55,0,8,83,0,91,36,0,36,127
12/24/2005,INT,NC,ASO,ES,Federal Contract Tower,0,2,18,0,20,0,4,16,0,20,0,6,34,0,40,30,0,30,70
12/25/2005,INT,NC,ASO,ES,Federal Contract Tower,0,1,3,0,4,0,0,0,0,0,0,1,3,0,4,0,0,0,4
12/26/2005,INT,NC,ASO,ES,Federal Contract Tower,0,3,34,0,37,0,2,21,0,23,0,5,55,0,60,4,0,4,64
12/27/2005,INT,NC,ASO,ES,Federal Contract Tower,0,3,33,0,36,0,0,86,0,86,0,3,119,0,122,80,0,80,202
12/28/2005,INT,NC,ASO,ES,Federal Contract Tower,2,3,22,0,27,0,0,58,0,58,2,3,80,0,85,22,0,22,107
12/29/2005,INT,NC,ASO,ES,Federal Contract Tower,1,3,25,0,29,0,5,44,0,49,1,8,69,0,78,58,0,58,136
12/30/2005,INT,NC,ASO,ES,Federal Contract Tower,1,7,31,0,39,0,13,105,0,118,1,20,136,0,157,138,0,138,295
12/31/2005,INT,NC,ASO,ES,Federal Contract Tower,1,0,12,0,13,0,3,31,0,34,1,3,43,0,47,44,0,44,91
01/01/2006,INT,NC,ASO,ES,Federal Contract Tower,0,0,25,0,25,0,2,60,0,62,0,2,85,0,87,77,0,77,164
01/02/2006,INT,NC,ASO,ES,Federal Contract Tower,1,0,13,0,14,0,0,0,0,0,1,0,13,0,14,0,0,0,14
01/03/2006,INT,NC,ASO,ES,Federal Contract Tower,2,1,29,0,32,0,2,49,0,51,2,3,78,0,83,82,0,82,165
01/04/2006,INT,NC,ASO,ES,Federal Contract Tower,3,1,42,0,46,0,4,61,0,65,3,5,103,0,111,114,0,114,225
01/05/2006,INT,NC,ASO,ES,Federal Contract Tower,1,3,40,0,44,0,1,62,0,63,1,4,102,0,107,76,0,76,183
01/06/2006,INT,NC,ASO,ES,Federal Contract Tower,1,3,24,0,28,0,8,35,0,43,1,11,59,0,71,30,0,30,101
01/07/2006,INT,NC,ASO,ES,Federal Contract Tower,1,1,37,0,39,0,9,68,0,77,1,10,105,0,116,102,0,102,218
01/08/2006,INT,NC,ASO,ES,Federal Contract Tower,0,9,34,0,43,0,8,71,0,79,0,17,105,0,122,110,0,110,232
01/09/2006,INT,NC,ASO,ES,Federal Contract Tower,0,9,29,0,38,0,1,61,0,62,0,10,90,0,100,76,0,76,176
01/10/2006,INT,NC,ASO,ES,Federal Contract Tower,5,9,31,0,45,0,0,52,0,52,5,9,83,0,97,64,0,64,161
01/11/2006,INT,NC,ASO,ES,Federal Contract Tower,1,6,25,0,32,0,0,1,2,3,1,6,26,2,35,0,0,0,35
01/12/2006,INT,NC,ASO,ES,Federal Contract Tower,2,9,45,0,56,0,9,84,0,93,2,18,129,0,149,182,0,182,331
01/13/2006,INT,NC,ASO,ES,Federal Contract Tower,4,6,29,0,39,0,0,0,0,0,4,6,29,0,39,0,0,0,39
01/14/2006,INT,NC,ASO,ES,Federal Contract Tower,1,3,15,0,19,0,0,9,0,9,1,3,24,0,28,0,0,0,28
01/15/2006,INT,NC,ASO,ES,Federal Contract Tower,1,2,17,0,20,0,1,35,0,36,1,3,52,0,56,8,0,8,64
01/16/2006,INT,NC,ASO,ES,Federal Contract Tower,4,6,44,0,54,0,2,74,0,76,4,8,118,0,130,102,0,102,232
01/17/2006,INT,NC,ASO,ES,Federal Contract Tower,0,7,26,0,33,0,0,22,0,22,0,7,48,0,55,2,0,2,57
01/18/2006,INT,NC,ASO,ES,Federal Contract Tower,0,5,26,0,31,0,5,7,0,12,0,10,33,0,43,18,0,18,61
01/19/2006,INT,NC,ASO,ES,Federal Contract Tower,1,3,54,0,58,0,6,93,0,99,1,9,147,0,157,110,0,110,267
01/20/2006,INT,NC,ASO,ES,Federal Contract Tower,3,1,29,0,33,0,2,87,2,91,3,3,116,2,124,68,2,70,194
01/21/2006,INT,NC,ASO,ES,Federal Contract Tower,0,0,13,0,13,0,0,0,0,0,0,0,13,0,13,0,0,0,13
01/22/2006,INT,NC,ASO,ES,Federal Contract Tower,1,0,7,0,8,0,0,2,0,2,1,0,9,0,10,0,0,0,10
01/23/2006,INT,NC,ASO,ES,Federal Contract Tower,0,2,23,0,25,0,0,0,0,0,0,2,23,0,25,0,0,0,25
01/24/2006,INT,NC,ASO,ES,Federal Contract Tower,2,6,55,0,63,0,3,63,0,66,2,9,118,0,129,100,0,100,229
01/25/2006,INT,NC,ASO,ES,Federal Contract Tower,2,4,46,0,52,0,3,42,0,45,2,7,88,0,97,0,0,0,97
01/26/2006,INT,NC,ASO,ES,Federal Contract Tower,0,6,44,0,50,0,6,63,0,69,0,12,107,0,119,100,0,100,219
01/27/2006,INT,NC,ASO,ES,Federal Contract Tower,2,6,51,0,59,1,1,97,2,101,3,7,148,2,160,72,0,72,232
01/28/2006,INT,NC,ASO,ES,Federal Contract Tower,0,6,38,0,44,0,0,122,0,122,0,6,160,0,166,92,0,92,258
01/29/2006,INT,NC,ASO,ES,Federal Contract Tower,1,10,16,0,27,0,0,1,0,1,1,10,17,0,28,0,0,0,28
01/30/2006,INT,NC,ASO,ES,Federal Contract Tower,1,5,28,0,34,0,0,30,0,30,1,5,58,0,64,40,0,40,104
01/31/2006,INT,NC,ASO,ES,Federal Contract Tower,2,10,26,0,38,0,1,35,0,36,2,11,61,0,74,8,0,8,82
02/01/2006,INT,NC,ASO,ES,Federal Contract Tower,3,7,57,0,67,0,7,97,7,111,3,14,154,7,178,162,0,162,340
02/02/2006,INT,NC,ASO,ES,Federal Contract Tower,1,5,62,0,68,0,3,54,8,65,1,8,116,8,133,44,0,44,177
02/03/2006,INT,NC,ASO,ES,Federal Contract Tower,2,9,46,0,57,0,0,33,0,33,2,9,79,0,90,28,0,28,118
02/04/2006,INT,NC,ASO,ES,Federal Contract Tower,1,1,12,0,14,0,0,0,0,0,1,1,12,0,14,0,0,0,14
02/05/2006,INT,NC,ASO,ES,Federal Contract Tower,1,6,18,0,25,0,0,12,0,12,1,6,30,0,37,8,0,8,45
02/06/2006,INT,NC,ASO,ES,Federal Contract Tower,1,6,31,0,38,0,6,38,0,44,1,12,69,0,82,26,0,26,108
02/07/2006,INT,NC,ASO,ES,Federal Contract Tower,2,1,38,0,41,0,0,72,0,72,2,1,110,0,113,52,0,52,165
02/08/2006,INT,NC,ASO,ES,Federal Contract Tower,2,6,34,0,42,0,0,103,1,104,2,6,137,1,146,114,0,114,260
02/09/2006,INT,NC,ASO,ES,Federal Contract Tower,1,2,45,0,48,0,0,60,2,62,1,2,105,2,110,40,0,40,150
02/10/2006,INT,NC,ASO,ES,Federal Contract Tower,0,8,54,0,62,0,9,87,0,96,0,17,141,0,158,92,0,92,250
02/11/2006,INT,NC,ASO,ES,Federal Contract Tower,2,6,16,0,24,0,0,0,0,0,2,6,16,0,24,0,0,0,24
02/12/2006,INT,NC,ASO,ES,Federal Contract Tower,2,3,23,0,28,0,5,30,0,35,2,8,53,0,63,0,0,0,63
02/13/2006,INT,NC,ASO,ES,Federal Contract Tower,0,4,27,0,31,0,4,71,0,75,0,8,98,0,106,46,0,46,152
02/14/2006,INT,NC,ASO,ES,Federal Contract Tower,1,6,44,0,51,0,1,74,0,75,1,7,118,0,126,32,0,32,158
02/15/2006,INT,NC,ASO,ES,Federal Contract Tower,1,0,64,0,65,0,3,87,10,100,1,3,151,10,165,118,0,118,283
02/16/2006,INT,NC,ASO,ES,Federal Contract Tower,2,2,37,0,41,0,0,84,8,92,2,2,121,8,133,108,0,108,241
02/17/2006,INT,NC,ASO,ES,Federal Contract Tower,5,0,45,0,50,0,5,63,0,68,5,5,108,0,118,66,0,66,184
02/18/2006,INT,NC,ASO,ES,Federal Contract Tower,2,0,12,0,14,0,0,1,0,1,2,0,13,0,15,0,0,0,15
02/19/2006,INT,NC,ASO,ES,Federal Contract Tower,0,4,40,0,44,0,3,45,0,48,0,7,85,0,92,62,0,62,154
02/20/2006,INT,NC,ASO,ES,Federal Contract Tower,1,6,28,0,35,0,0,51,0,51,1,6,79,0,86,44,0,44,130
02/21/2006,INT,NC,ASO,ES,Federal Contract Tower,1,5,64,0,70,0,5,89,0,94,1,10,153,0,164,66,0,66,230
02/22/2006,INT,NC,ASO,ES,Federal Contract Tower,4,2,32,0,38,0,2,20,0,22,4,4,52,0,60,32,0,32,92
02/23/2006,INT,NC,ASO,ES,Federal Contract Tower,1,4,54,0,59,0,0,40,2,42,1,4,94,2,101,0,0,0,101
02/24/2006,INT,NC,ASO,ES,Federal Contract Tower,1,7,51,0,59,0,4,64,0,68,1,11,115,0,127,24,0,24,151
02/25/2006,INT,NC,ASO,ES,Federal Contract Tower,2,4,13,0,19,0,3,45,0,48,2,7,58,0,67,20,0,20,87
02/26/2006,INT,NC,ASO,ES,Federal Contract Tower,4,0,17,0,21,0,1,32,0,33,4,1,49,0,54,38,0,38,92
02/27/2006,INT,NC,ASO,ES,Federal Contract Tower,1,2,40,0,43,0,4,76,4,84,1,6,116,4,127,64,0,64,191
02/28/2006,INT,NC,ASO,ES,Federal Contract Tower,2,1,37,0,40,0,12,61,0,73,2,13,98,0,113,68,0,68,181
03/01/2006,INT,NC,ASO,ES,Federal Contract Tower,2,3,44,0,49,0,7,71,2,80,2,10,115,2,129,76,0,76,205
03/02/2006,INT,NC,ASO,ES,Federal Contract Tower,1,7,70,0,78,0,4,50,2,56,1,11,120,2,134,8,0,8,142
03/03/2006,INT,NC,ASO,ES,Federal Contract Tower,0,8,36,1,45,0,0,59,12,71,0,8,95,13,116,46,6,52,168
03/04/2006,INT,NC,ASO,ES,Federal Contract Tower,1,3,20,0,24,0,7,83,0,90,1,10,103,0,114,66,0,66,180
03/05/2006,INT,NC,ASO,ES,Federal Contract Tower,3,4,25,0,32,0,2,88,8,98,3,6,113,8,130,66,0,66,196
03/06/2006,INT,NC,ASO,ES,Federal Contract Tower,6,4,31,0,41,12,9,49,0,70,18,13,80,0,111,66,4,70,181
03/07/2006,INT,NC,ASO,ES,Federal Contract Tower,1,2,64,0,67,0,9,92,0,101,1,11,156,0,168,52,0,52,220
03/08/2006,INT,NC,ASO,ES,Federal Contract Tower,1,6,49,1,57,0,1,95,0,96,1,7,144,1,153,74,0,74,227
03/09/2006,INT,NC,ASO,ES,Federal Contract Tower,1,6,58,0,65,0,9,38,0,47,1,15,96,0,112,0,0,0,112
03/10/2006,INT,NC,ASO,ES,Federal Contract Tower,0,5,36,0,41,0,0,28,0,28,0,5,64,0,69,0,0,0,69
03/11/2006,INT,NC,ASO,ES,Federal Contract Tower,0,0,41,0,41,0,4,76,0,80,0,4,117,0,121,94,0,94,215
03/12/2006,INT,NC,ASO,ES,Federal Contract Tower,1,6,33,0,40,0,5,51,0,56,1,11,84,0,96,96,0,96,192
03/13/2006,INT,NC,ASO,ES,Federal Contract Tower,1,4,37,0,42,0,7,36,0,43,1,11,73,0,85,36,0,36,121
03/14/2006,INT,NC,ASO,ES,Federal Contract Tower,2,6,27,0,35,0,5,6,0,11,2,11,33,0,46,0,0,0,46
03/15/2006,INT,NC,ASO,ES,Federal Contract Tower,2,4,40,0,46,0,4,27,0,31,2,8,67,0,77,8,0,8,85
03/16/2006,INT,NC,ASO,ES,Federal Contract Tower,1,11,47,0,59,0,0,109,4,113,1,11,156,4,172,64,0,64,236
03/17/2006,INT,NC,ASO,ES,Federal Contract Tower,3,12,35,2,52,0,0,79,4,83,3,12,114,6,135,18,0,18,153
03/18/2006,INT,NC,ASO,ES,Federal Contract Tower,1,2,16,0,19,0,2,62,0,64,1,4,78,0,83,24,0,24,107
03/19/2006,INT,NC,ASO,ES,Federal Contract Tower,1,9,27,0,37,0,3,70,0,73,1,12,97,0,110,56,0,56,166
03/20/2006,INT,NC,ASO,ES,Federal Contract Tower,1,5,40,0,46,0,2,22,0,24,1,7,62,0,70,30,0,30,100
03/21/2006,INT,NC,ASO,ES,Federal Contract Tower,0,4,0,0,4,0,0,34,0,34,0,4,34,0,38,0,0,0,38
03/22/2006,INT,NC,ASO,ES,Federal Contract Tower,3,7,41,2,53,0,1,60,6,67,3,8,101,8,120,14,0,14,134
03/23/2006,INT,NC,ASO,ES,Federal Contract Tower,2,2,48,0,52,0,6,79,4,89,2,8,127,4,141,94,0,94,235
03/24/2006,INT,NC,ASO,ES,Federal Contract Tower,2,1,46,1,50,0,5,30,1,36,2,6,76,2,86,64,0,64,150
03/25/2006,INT,NC,ASO,ES,Federal Contract Tower,1,2,50,0,53,0,5,61,0,66,1,7,111,0,119,120,0,120,239
03/26/2006,INT,NC,ASO,ES,Federal Contract Tower,2,5,26,0,33,0,5,76,0,81,2,10,102,0,114,124,0,124,238
03/27/2006,INT,NC,ASO,ES,Federal Contract Tower,0,5,42,0,47,0,4,94,0,98,0,9,136,0,145,130,0,130,275
03/28/2006,INT,NC,ASO,ES,Federal Contract Tower,1,1,39,0,41,0,5,63,0,68,1,6,102,0,109,40,0,40,149
03/29/2006,INT,NC,ASO,ES,Federal Contract Tower,0,8,76,0,84,0,3,83,1,87,0,11,159,1,171,62,0,62,233
03/30/2006,INT,NC,ASO,ES,Federal Contract Tower,2,6,58,0,66,0,2,92,0,94,2,8,150,0,160,78,0,78,238
03/31/2006,INT,NC,ASO,ES,Federal Contract Tower,2,8,39,0,49,0,5,74,0,79,2,13,113,0,128,66,0,66,194
04/01/2006,INT,NC,ASO,ES,Federal Contract Tower,1,3,25,0,29,0,6,65,0,71,1,9,90,0,100,54,0,54,154
04/02/2006,INT,NC,ASO,ES,Federal Contract Tower,2,2,22,0,26,0,8,96,0,104,2,10,118,0,130,92,0,92,222
04/03/2006,INT,NC,ASO,ES,Federal Contract Tower,1,2,37,0,40,0,0,17,0,17,1,2,54,0,57,0,0,0,57
04/04/2006,INT,NC,ASO,ES,Federal Contract Tower,0,11,42,0,53,0,1,73,0,74,0,12,115,0,127,20,0,20,147
04/05/2006,INT,NC,ASO,ES,Federal Contract Tower,4,5,38,0,47,0,1,45,1,47,4,6,83,1,94,8,0,8,102
04/06/2006,INT,NC,ASO,ES,Federal Contract Tower,1,3,67,0,71,0,2,80,1,83,1,5,147,1,154,140,0,140,294
04/07/2006,INT,NC,ASO,ES,Federal Contract Tower,2,4,41,0,47,0,2,41,6,49,2,6,82,6,96,30,0,30,126
04/08/2006,INT,NC,ASO,ES,Federal Contract Tower,1,1,18,0,20,0,6,14,0,20,1,7,32,0,40,54,0,54,94
04/09/2006,INT,NC,ASO,ES,Federal Contract Tower,3,7,37,0,47,0,3,89,0,92,3,10,126,0,139,110,0,110,249
04/10/2006,INT,NC,ASO,ES,Federal Contract Tower,0,1,47,0,48,0,0,88,0,88,0,1,135,0,136,80,0,80,216
04/11/2006,INT,NC,ASO,ES,Federal Contract Tower,0,7,51,0,58,0,6,106,2,114,0,13,157,2,172,90,0,90,262
04/12/2006,INT,NC,ASO,ES,Federal Contract Tower,0,0,41,0,41,0,0,108,7,115,0,0,149,7,156,66,0,66,222
04/13/2006,INT,NC,ASO,ES,Federal Contract Tower,1,7,59,0,67,0,2,79,1,82,1,9,138,1,149,72,0,72,221
04/14/2006,INT,NC,ASO,ES,Federal Contract Tower,0,6,24,0,30,0,0,58,0,58,0,6,82,0,88,46,0,46,134
04/15/2006,INT,NC,ASO,ES,Federal Contract Tower,1,0,10,0,11,0,13,79,0,92,1,13,89,0,103,36,0,36,139
04/16/2006,INT,NC,ASO,ES,Federal Contract Tower,1,0,24,0,25,0,7,47,0,54,1,7,71,0,79,36,0,36,115
04/17/2006,INT,NC,ASO,ES,Federal Contract Tower,0,14,45,0,59,0,6,37,0,43,0,20,82,0,102,26,0,26,128
04/18/2006,INT,NC,ASO,ES,Federal Contract Tower,2,6,46,0,54,0,0,74,0,74,2,6,120,0,128,42,0,42,170
04/19/2006,INT,NC,ASO,ES,Federal Contract Tower,3,6,49,1,59,0,6,33,2,41,3,12,82,3,100,54,2,56,156
04/20/2006,INT,NC,ASO,ES,Federal Contract Tower,2,15,57,0,74,0,1,76,0,77,2,16,133,0,151,150,0,150,301
04/21/2006,INT,NC,ASO,ES,Federal Contract Tower,0,2,39,0,41,0,7,42,0,49,0,9,81,0,90,94,0,94,184
04/22/2006,INT,NC,ASO,ES,Federal Contract Tower,1,3,21,0,25,0,0,5,0,5,1,3,26,0,30,20,0,20,50
04/23/2006,INT,NC,ASO,ES,Federal Contract Tower,1,9,43,0,53,0,2,85,0,87,1,11,128,0,140,146,0,146,286
04/24/2006,INT,NC,ASO,ES,Federal Contract Tower,0,5,28,0,33,0,0,81,0,81,0,5,109,0,114,32,0,32,146
04/25/2006,INT,NC,ASO,ES,Federal Contract Tower,1,8,51,0,60,0,5,57,0,62,1,13,108,0,122,36,0,36,158
04/26/2006,INT,NC,ASO,ES,Federal Contract Tower,0,2,38,0,40,0,0,8,5,13,0,2,46,5,53,20,0,20,73
04/27/2006,INT,NC,ASO,ES,Federal Contract Tower,1,5,46,0,52,0,4,38,0,42,1,9,84,0,94,28,0,28,122
04/28/2006,INT,NC,ASO,ES,Federal Contract Tower,0,4,48,0,52,0,5,88,3,96,0,9,136,3,148,116,0,116,264
04/29/2006,INT,NC,ASO,ES,Federal Contract Tower,1,2,23,0,26,0,5,63,0,68,1,7,86,0,94,140,0,140,234
04/30/2006,INT,NC,ASO,ES,Federal Contract Tower,1,5,24,0,30,0,4,57,0,61,1,9,81,0,91,38,0,38,129
05/01/2006,INT,NC,ASO,ES,Federal Contract Tower,0,1,47,0,48,0,1,71,0,72,0,2,118,0,120,54,0,54,174
05/02/2006,INT,NC,ASO,ES,Federal Contract Tower,0,6,47,0,53,0,2,59,0,61,0,8,106,0,114,20,0,20,134
05/03/2006,INT,NC,ASO,ES,Federal Contract Tower,0,4,53,0,57,0,3,61,5,69,0,7,114,5,126,24,0,24,150
05/04/2006,INT,NC,ASO,ES,Federal Contract Tower,1,8,43,0,52,0,5,96,0,101,1,13,139,0,153,58,0,58,211
05/05/2006,INT,NC,ASO,ES,Federal Contract Tower,0,3,35,1,39,0,0,52,0,52,0,3,87,1,91,54,0,54,145
05/06/2006,INT,NC,ASO,ES,Federal Contract Tower,0,0,18,0,18,0,1,70,6,77,0,1,88,6,95,20,4,24,119
05/07/2006,INT,NC,ASO,ES,Federal Contract Tower,1,5,12,1,19,0,0,11,1,12,1,5,23,2,31,8,0,8,39
05/08/2006,INT,NC,ASO,ES,Federal Contract Tower,2,4,62,0,68,0,0,5,0,5,2,4,67,0,73,8,0,8,81
05/09/2006,INT,NC,ASO,ES,Federal Contract Tower,1,2,65,0,68,0,0,41,0,41,1,2,106,0,109,82,0,82,191
05/10/2006,INT,NC,ASO,ES,Federal Contract Tower,0,3,52,0,55,0,6,77,0,83,0,9,129,0,138,96,0,96,234
05/11/2006,INT,NC,ASO,ES,Federal Contract Tower,2,2,34,0,38,0,8,22,0,30,2,10,56,0,68,22,0,22,90
05/12/2006,INT,NC,ASO,ES,Federal Contract Tower,0,0,46,0,46,0,10,144,0,154,0,10,190,0,200,66,0,66,266
05/13/2006,INT,NC,ASO,ES,Federal Contract Tower,0,2,28,0,30,0,10,80,0,90,0,12,108,0,120,108,0,108,228
05/14/2006,INT,NC,ASO,ES,Federal Contract Tower,1,5,23,0,29,0,3,15,0,18,1,8,38,0,47,16,0,16,63
05/15/2006,INT,NC,ASO,ES,Federal Contract Tower,0,10,62,3,75,0,4,42,0,46,0,14,104,3,121,60,0,60,181
05/16/2006,INT,NC,ASO,ES,Federal Contract Tower,0,11,49,0,60,0,1,63,0,64,0,12,112,0,124,34,0,34,158
05/17/2006,INT,NC,ASO,ES,Federal Contract Tower,3,7,52,0,62,0,5,101,0,106,3,12,153,0,168,176,0,176,344
05/18/2006,INT,NC,ASO,ES,Federal Contract Tower,2,7,47,0,56,1,1,29,0,31,3,8,76,0,87,52,0,52,139
05/19/2006,INT,NC,ASO,ES,Federal Contract Tower,0,1,27,4,32,0,4,49,2,55,0,5,76,6,87,18,2,20,107
05/20/2006,INT,NC,ASO,ES,Federal Contract Tower,0,1,27,0,28,0,0,62,0,62,0,1,89,0,90,32,0,32,122
05/21/2006,INT,NC,ASO,ES,Federal Contract Tower,1,1,18,0,20,0,2,62,0,64,1,3,80,0,84,26,0,26,110
05/22/2006,INT,NC,ASO,ES,Federal Contract Tower,0,4,23,0,27,0,2,76,4,82,0,6,99,4,109,70,0,70,179
05/23/2006,INT,NC,ASO,ES,Federal Contract Tower,0,3,38,0,41,0,2,71,0,73,0,5,109,0,114,64,0,64,178
05/24/2006,INT,NC,ASO,ES,Federal Contract Tower,0,2,36,0,38,0,3,82,12,97,0,5,118,12,135,148,6,154,289
05/25/2006,INT,NC,ASO,ES,Federal Contract Tower,2,4,52,0,58,0,3,37,0,40,2,7,89,0,98,18,0,18,116
05/26/2006,INT,NC,ASO,ES,Federal Contract Tower,1,3,35,1,40,0,2,40,0,42,1,5,75,1,82,30,2,32,114
05/27/2006,INT,NC,ASO,ES,Federal Contract Tower,0,0,21,0,21,0,1,76,0,77,0,1,97,0,98,60,0,60,158
05/28/2006,INT,NC,ASO,ES,Federal Contract Tower,1,1,14,0,16,0,0,52,0,52,1,1,66,0,68,20,0,20,88
05/29/2006,INT,NC,ASO,ES,Federal Contract Tower,1,2,21,0,24,0,1,63,0,64,1,3,84,0,88,66,0,66,154
05/30/2006,INT,NC,ASO,ES,Federal Contract Tower,0,5,28,0,33,0,9,50,0,59,0,14,78,0,92,80,0,80,172
05/31/2006,INT,NC,ASO,ES,Federal Contract Tower,0,5,63,0,68,0,10,68,2,80,0,15,131,2,148,198,8,206,354
06/01/2006,INT,NC,ASO,ES,Federal Contract Tower,1,5,52,0,58,0,1,36,0,37,1,6,88,0,95,50,0,50,145
06/02/2006,INT,NC,ASO,ES,Federal Contract Tower,0,6,35,0,41,0,0,32,0,32,0,6,67,0,73,56,0,56,129
06/03/2006,INT,NC,ASO,ES,Federal Contract Tower,1,1,14,0,16,0,3,46,0,49,1,4,60,0,65,30,0,30,95
06/04/2006,INT,NC,ASO,ES,Federal Contract Tower,3,5,30,0,38,0,0,54,0,54,3,5,84,0,92,36,0,36,128
06/05/2006,INT,NC,ASO,ES,Federal Contract Tower,0,8,27,0,35,0,2,30,1,33,0,10,57,1,68,24,4,28,96
06/06/2006,INT,NC,ASO,ES,Federal Contract Tower,3,8,25,0,36,0,4,71,0,75,3,12,96,0,111,58,0,58,169
06/07/2006,INT,NC,ASO,ES,Federal Contract Tower,1,5,51,0,57,0,1,104,0,105,1,6,155,0,162,108,0,108,270
06/08/2006,INT,NC,ASO,ES,Federal Contract Tower,3,7,41,0,51,0,0,37,0,37,3,7,78,0,88,44,0,44,132
06/09/2006,INT,NC,ASO,ES,Federal Contract Tower,0,6,37,1,44,0,6,100,2,108,0,12,137,3,152,114,0,114,266
06/10/2006,INT,NC,ASO,ES,Federal Contract Tower,0,1,32,0,33,0,0,72,0,72,0,1,104,0,105,68,0,68,173
06/11/2006,INT,NC,ASO,ES,Federal Contract Tower,1,8,35,0,44,0,1,44,0,45,1,9,79,0,89,32,0,32,121
06/12/2006,INT,NC,ASO,ES,Federal Contract Tower,0,3,43,0,46,0,1,14,0,15,0,4,57,0,61,30,0,30,91
06/13/2006,INT,NC,ASO,ES,Federal Contract Tower,0,11,48,0,59,0,4,85,0,89,0,15,133,0,148,76,0,76,224
06/14/2006,INT,NC,ASO,ES,Federal Contract Tower,1,4,30,0,35,0,2,56,0,58,1,6,86,0,93,48,0,48,141
06/15/2006,INT,NC,ASO,ES,Federal Contract Tower,1,7,53,0,61,0,1,115,0,116,1,8,168,0,177,94,0,94,271
06/16/2006,INT,NC,ASO,ES,Federal Contract Tower,0,2,50,0,52,0,4,109,3,116,0,6,159,3,168,78,6,84,252
06/17/2006,INT,NC,ASO,ES,Federal Contract Tower,1,4,16,0,21,0,2,56,0,58,1,6,72,0,79,42,0,42,121
06/18/2006,INT,NC,ASO,ES,Federal Contract Tower,3,9,22,1,35,0,2,48,3,53,3,11,70,4,88,28,2,30,118
06/19/2006,INT,NC,ASO,ES,Federal Contract Tower,0,4,40,0,44,0,3,36,0,39,0,7,76,0,83,32,0,32,115
06/20/2006,INT,NC,ASO,ES,Federal Contract Tower,0,10,51,0,61,0,9,74,0,83,0,19,125,0,144,98,0,98,242
06/21/2006,INT,NC,ASO,ES,Federal Contract Tower,0,13,45,0,58,0,7,88,2,97,0,20,133,2,155,96,0,96,251
06/22/2006,INT,NC,ASO,ES,Federal Contract Tower,3,5,43,0,51,0,3,70,2,75,3,8,113,2,126,88,0,88,214
06/23/2006,INT,NC,ASO,ES,Federal Contract Tower,0,4,34,0,38,0,3,48,2,53,0,7,82,2,91,78,0,78,169
06/24/2006,INT,NC,ASO,ES,Federal Contract Tower,2,3,28,0,33,0,4,29,0,33,2,7,57,0,66,32,0,32,98
06/25/2006,INT,NC,ASO,ES,Federal Contract Tower,0,5,16,0,21,0,0,14,0,14,0,5,30,0,35,16,0,16,51
06/26/2006,INT,NC,ASO,ES,Federal Contract Tower,1,5,24,0,30,0,0,6,0,6,1,5,30,0,36,2,0,2,38
06/27/2006,INT,NC,ASO,ES,Federal Contract Tower,2,7,60,0,69,0,2,8,0,10,2,9,68,0,79,16,0,16,95
06/28/2006,INT,NC,ASO,ES,Federal Contract Tower,1,11,50,0,62,0,4,87,0,91,1,15,137,0,153,90,0,90,243
06/29/2006,INT,NC,ASO,ES,Federal Contract Tower,1,11,0,0,12,0,0,0,132,132,1,11,0,132,144,78,0,78,222
06/30/2006,INT,NC,ASO,ES,Federal Contract Tower,3,7,44,0,54,0,1,88,0,89,3,8,132,0,143,22,0,22,165
07/01/2006,INT,NC,ASO,ES,Federal Contract Tower,1,3,15,0,19,0,0,52,0,52,1,3,67,0,71,4,0,4,75
07/02/2006,INT,NC,ASO,ES,Federal Contract Tower,0,3,14,0,17,0,2,42,0,44,0,5,56,0,61,22,0,22,83
07/03/2006,INT,NC,ASO,ES,Federal Contract Tower,0,2,18,0,20,0,10,81,0,91,0,12,99,0,111,136,0,136,247
07/04/2006,INT,NC,ASO,ES,Federal Contract Tower,1,2,12,0,15,0,2,31,0,33,1,4,43,0,48,0,0,0,48
07/05/2006,INT,NC,ASO,ES,Federal Contract Tower,0,4,26,0,30,0,3,47,0,50,0,7,73,0,80,82,0,82,162
07/06/2006,INT,NC,ASO,ES,Federal Contract Tower,1,2,57,0,60,0,0,10,0,10,1,2,67,0,70,0,0,0,70
07/07/2006,INT,NC,ASO,ES,Federal Contract Tower,0,2,26,0,28,0,5,81,2,88,0,7,107,2,116,100,0,100,216
07/08/2006,INT,NC,ASO,ES,Federal Contract Tower,0,3,19,0,22,0,2,69,0,71,0,5,88,0,93,54,0,54,147
07/09/2006,INT,NC,ASO,ES,Federal Contract Tower,1,1,44,0,46,0,5,82,0,87,1,6,126,0,133,154,0,154,287
07/10/2006,INT,NC,ASO,ES,Federal Contract Tower,0,8,56,0,64,0,5,69,0,74,0,13,125,0,138,76,0,76,214
07/11/2006,INT,NC,ASO,ES,Federal Contract Tower,0,6,32,2,40,0,3,48,4,55,0,9,80,6,95,18,12,30,125
07/12/2006,INT,NC,ASO,ES,Federal Contract Tower,1,6,55,1,63,0,8,76,1,85,1,14,131,2,148,30,0,30,178
07/13/2006,INT,NC,ASO,ES,Federal Contract Tower,0,7,46,0,53,0,4,41,0,45,0,11,87,0,98,22,0,22,120
07/14/2006,INT,NC,ASO,ES,Federal Contract Tower,1,9,50,0,60,0,0,32,0,32,1,9,82,0,92,22,0,22,114
07/15/2006,INT,NC,ASO,ES,Federal Contract Tower,0,1,25,0,26,0,5,68,0,73,0,6,93,0,99,98,0,98,197
07/16/2006,INT,NC,ASO,ES,Federal Contract Tower,1,4,19,0,24,0,11,62,0,73,1,15,81,0,97,20,0,20,117
07/17/2006,INT,NC,ASO,ES,Federal Contract Tower,0,10,51,0,61,0,5,57,0,62,0,15,108,0,123,38,0,38,161
07/18/2006,INT,NC,ASO,ES,Federal Contract Tower,0,5,55,0,60,0,4,82,1,87,0,9,137,1,147,24,0,24,171
07/19/2006,INT,NC,ASO,ES,Federal Contract Tower,0,7,51,0,58,0,0,71,0,71,0,7,122,0,129,84,0,84,213
07/20/2006,INT,NC,ASO,ES,Federal Contract Tower,0,3,58,0,61,0,3,62,0,65,0,6,120,0,126,38,0,38,164
07/21/2006,INT,NC,ASO,ES,Federal Contract Tower,1,13,49,0,63,0,2,53,0,55,1,15,102,0,118,24,0,24,142
07/22/2006,INT,NC,ASO,ES,Federal Contract Tower,0,5,15,0,20,0,0,46,0,46,0,5,61,0,66,82,0,82,148
07/23/2006,INT,NC,ASO,ES,Federal Contract Tower,0,2,23,0,25,0,6,16,0,22,0,8,39,0,47,0,0,0,47
07/24/2006,INT,NC,ASO,ES,Federal Contract Tower,0,7,41,0,48,0,0,37,0,37,0,7,78,0,85,30,0,30,115
07/25/2006,INT,NC,ASO,ES,Federal Contract Tower,0,15,53,0,68,0,0,2,0,2,0,15,55,0,70,6,0,6,76
07/26/2006,INT,NC,ASO,ES,Federal Contract Tower,0,11,64,0,75,0,0,66,4,70,0,11,130,4,145,110,0,110,255
07/27/2006,INT,NC,ASO,ES,Federal Contract Tower,0,0,43,0,43,0,0,58,2,60,0,0,101,2,103,80,0,80,183
07/28/2006,INT,NC,ASO,ES,Federal Contract Tower,0,8,45,0,53,0,1,68,0,69,0,9,113,0,122,42,0,42,164
07/29/2006,INT,NC,ASO,ES,Federal Contract Tower,0,0,20,0,20,0,0,61,0,61,0,0,81,0,81,80,0,80,161
07/30/2006,INT,NC,ASO,ES,Federal Contract Tower,0,5,30,0,35,0,6,77,0,83,0,11,107,0,118,122,0,122,240
07/31/2006,INT,NC,ASO,ES,Federal Contract Tower,0,3,25,0,28,0,2,111,0,113,0,5,136,0,141,36,0,36,177
08/01/2006,INT,NC,ASO,ES,Federal Contract Tower,0,11,29,0,40,0,4,80,2,86,0,15,109,2,126,48,0,48,174
08/02/2006,INT,NC,ASO,ES,Federal Contract Tower,0,2,49,0,51,0,2,70,4,76,0,4,119,4,127,34,0,34,161
08/03/2006,INT,NC,ASO,ES,Federal Contract Tower,0,4,44,0,48,0,0,58,0,58,0,4,102,0,106,10,0,10,116
08/04/2006,INT,NC,ASO,ES,Federal Contract Tower,0,6,35,0,41,0,2,93,0,95,0,8,128,0,136,52,0,52,188
08/05/2006,INT,NC,ASO,ES,Federal Contract Tower,0,0,20,0,20,0,4,45,0,49,0,4,65,0,69,54,0,54,123
08/06/2006,INT,NC,ASO,ES,Federal Contract Tower,0,7,29,0,36,0,2,44,0,46,0,9,73,0,82,80,0,80,162
08/07/2006,INT,NC,ASO,ES,Federal Contract Tower,0,4,25,0,29,0,1,75,0,76,0,5,100,0,105,58,0,58,163
08/08/2006,INT,NC,ASO,ES,Federal Contract Tower,0,6,32,0,38,0,2,81,0,83,0,8,113,0,121,46,0,46,167
08/09/2006,INT,NC,ASO,ES,Federal Contract Tower,0,9,42,0,51,0,0,28,0,28,0,9,70,0,79,44,0,44,123
08/10/2006,INT,NC,ASO,ES,Federal Contract Tower,0,9,52,0,61,0,10,56,0,66,0,19,108,0,127,110,0,110,237
08/11/2006,INT,NC,ASO,ES,Federal Contract Tower,2,12,44,0,58,0,1,60,0,61,2,13,104,0,119,24,0,24,143
08/12/2006,INT,NC,ASO,ES,Federal Contract Tower,0,2,16,0,18,0,0,123,0,123,0,2,139,0,141,62,0,62,203
08/13/2006,INT,NC,ASO,ES,Federal Contract Tower,4,4,51,0,59,2,2,101,0,105,6,6,152,0,164,102,0,102,266
08/14/2006,INT,NC,ASO,ES,Federal Contract Tower,0,3,44,0,47,0,0,116,0,116,0,3,160,0,163,56,0,56,219
08/15/2006,INT,NC,ASO,ES,Federal Contract Tower,1,8,36,0,45,0,1,76,0,77,1,9,112,0,122,96,0,96,218
08/16/2006,INT,NC,ASO,ES,Federal Contract Tower,2,8,68,0,78,0,1,41,0,42,2,9,109,0,120,74,0,74,194
08/17/2006,INT,NC,ASO,ES,Federal Contract Tower,1,0,52,0,53,0,9,119,0,128,1,9,171,0,181,30,0,30,211
08/18/2006,INT,NC,ASO,ES,Federal Contract Tower,2,3,54,1,60,0,7,89,1,97,2,10,143,2,157,80,0,80,237
08/19/2006,INT,NC,ASO,ES,Federal Contract Tower,0,0,32,0,32,0,2,81,0,83,0,2,113,0,115,106,0,106,221
08/20/2006,INT,NC,ASO,ES,Federal Contract Tower,0,2,30,1,33,0,1,80,1,82,0,3,110,2,115,74,4,78,193
08/21/2006,INT,NC,ASO,ES,Federal Contract Tower,1,2,58,0,61,0,0,89,0,89,1,2,147,0,150,16,0,16,166
08/22/2006,INT,NC,ASO,ES,Federal Contract Tower,0,3,51,0,54,0,0,32,0,32,0,3,83,0,86,28,0,28,114
08/23/2006,INT,NC,ASO,ES,Federal Contract Tower,1,7,66,2,76,0,3,33,0,36,1,10,99,2,112,104,0,104,216
08/24/2006,INT,NC,ASO,ES,Federal Contract Tower,1,1,48,3,53,0,0,71,0,71,1,1,119,3,124,64,4,68,192
08/25/2006,INT,NC,ASO,ES,Federal Contract Tower,1,5,54,0,60,0,6,68,4,78,1,11,122,4,138,50,0,50,188
08/26/2006,INT,NC,ASO,ES,Federal Contract Tower,0,2,20,0,22,0,0,80,0,80,0,2,100,0,102,38,0,38,140
08/27/2006,INT,NC,ASO,ES,Federal Contract Tower,1,4,28,0,33,0,4,64,0,68,1,8,92,0,101,24,0,24,125
08/28/2006,INT,NC,ASO,ES,Federal Contract Tower,2,7,38,2,49,0,3,57,0,60,2,10,95,2,109,36,0,36,145
08/29/2006,INT,NC,ASO,ES,Federal Contract Tower,1,4,58,0,63,1,0,54,0,55,2,4,112,0,118,28,0,28,146
08/30/2006,INT,NC,ASO,ES,Federal Contract Tower,0,9,30,0,39,0,0,20,0,20,0,9,50,0,59,6,0,6,65
08/31/2006,INT,NC,ASO,ES,Federal Contract Tower,4,8,26,0,38,0,0,0,0,0,4,8,26,0,38,2,0,2,40
09/01/2006,INT,NC,ASO,ES,Federal Contract Tower,3,7,22,0,32,0,5,23,0,28,3,12,45,0,60,44,0,44,104
09/02/2006,INT,NC,ASO,ES,Federal Contract Tower,0,4,27,0,31,0,3,83,0,86,0,7,110,0,117,104,0,104,221
09/03/2006,INT,NC,ASO,ES,Federal Contract Tower,0,4,18,0,22,0,0,82,0,82,0,4,100,0,104,52,0,52,156
09/04/2006,INT,NC,ASO,ES,Federal Contract Tower,1,5,20,0,26,0,0,0,0,0,1,5,20,0,26,0,0,0,26
09/05/2006,INT,NC,ASO,ES,Federal Contract Tower,1,5,43,0,49,0,5,18,0,23,1,10,61,0,72,10,0,10,82
09/06/2006,INT,NC,ASO,ES,Federal Contract Tower,0,13,53,1,67,0,18,60,0,78,0,31,113,1,145,82,2,84,229
09/07/2006,INT,NC,ASO,ES,Federal Contract Tower,0,8,58,1,67,0,9,65,6,80,0,17,123,7,147,62,4,66,213
09/08/2006,INT,NC,ASO,ES,Federal Contract Tower,0,4,48,2,54,0,4,50,1,55,0,8,98,3,109,78,0,78,187
09/09/2006,INT,NC,ASO,ES,Federal Contract Tower,0,5,30,0,35,0,0,86,1,87,0,5,116,1,122,6,2,8,130
09/10/2006,INT,NC,ASO,ES,Federal Contract Tower,2,3,29,0,34,0,1,80,0,81,2,4,109,0,115,36,0,36,151
09/11/2006,INT,NC,ASO,ES,Federal Contract Tower,0,4,46,0,50,0,0,14,0,14,0,4,60,0,64,14,0,14,78
09/12/2006,INT,NC,ASO,ES,Federal Contract Tower,2,5,48,0,55,0,2,29,0,31,2,7,77,0,86,18,0,18,104
09/13/2006,INT,NC,ASO,ES,Federal Contract Tower,0,4,68,0,72,0,1,0,0,1,0,5,68,0,73,14,0,14,87
09/14/2006,INT,NC,ASO,ES,Federal Contract Tower,1,3,29,0,33,4,7,97,0,108,5,10,126,0,141,44,0,44,185
09/15/2006,INT,NC,ASO,ES,Federal Contract Tower,2,11,38,0,51,0,4,115,2,121,2,15,153,2,172,110,0,110,282
09/16/2006,INT,NC,ASO,ES,Federal Contract Tower,0,5,26,0,31,0,8,78,2,88,0,13,104,2,119,56,0,56,175
09/17/2006,INT,NC,ASO,ES,Federal Contract Tower,0,8,29,0,37,0,3,94,0,97,0,11,123,0,134,86,0,86,220
09/18/2006,INT,NC,ASO,ES,Federal Contract Tower,0,2,40,0,42,0,0,64,0,64,0,2,104,0,106,62,0,62,168
09/19/2006,INT,NC,ASO,ES,Federal Contract Tower,2,5,47,0,54,0,0,15,0,15,2,5,62,0,69,4,0,4,73
09/20/2006,INT,NC,ASO,ES,Federal Contract Tower,0,8,45,0,53,0,0,76,0,76,0,8,121,0,129,64,0,64,193
09/21/2006,INT,NC,ASO,ES,Federal Contract Tower,1,2,69,0,72,0,7,109,0,116,1,9,178,0,188,112,0,112,300
09/22/2006,INT,NC,ASO,ES,Federal Contract Tower,0,4,72,0,76,0,8,78,2,88,0,12,150,2,164,116,0,116,280
09/23/2006,INT,NC,ASO,ES,Federal Contract Tower,1,0,17,0,18,0,3,18,0,21,1,3,35,0,39,20,0,20,59
09/24/2006,INT,NC,ASO,ES,Federal Contract Tower,2,7,21,0,30,0,1,12,0,13,2,8,33,0,43,40,0,40,83
09/25/2006,INT,NC,ASO,ES,Federal Contract Tower,0,1,58,0,59,0,12,66,0,78,0,13,124,0,137,62,0,62,199
09/26/2006,INT,NC,ASO,ES,Federal Contract Tower,0,6,32,0,38,0,2,53,2,57,0,8,85,2,95,52,0,52,147
09/27/2006,INT,NC,ASO,ES,Federal Contract Tower,1,5,64,0,70,0,6,90,0,96,1,11,154,0,166,130,0,130,296
09/28/2006,INT,NC,ASO,ES,Federal Contract Tower,0,5,57,0,62,0,0,56,0,56,0,5,113,0,118,60,0,60,178
09/29/2006,INT,NC,ASO,ES,Federal Contract Tower,0,10,52,1,63,0,7,77,4,88,0,17,129,5,151,38,0,38,189
09/30/2006,INT,NC,ASO,ES,Federal Contract Tower,1,2,24,0,27,0,1,78,0,79,1,3,102,0,106,78,0,78,184
10/01/2006,INT,NC,ASO,ES,Federal Contract Tower,2,7,26,0,35,0,1,63,0,64,2,8,89,0,99,30,0,30,129
10/02/2006,INT,NC,ASO,ES,Federal Contract Tower,2,5,27,0,34,0,1,92,0,93,2,6,119,0,127,116,0,116,243
10/03/2006,INT,NC,ASO,ES,Federal Contract Tower,0,6,55,0,61,0,5,60,0,65,0,11,115,0,126,62,0,62,188
10/04/2006,INT,NC,ASO,ES,Federal Contract Tower,0,1,58,0,59,0,2,95,0,97,0,3,153,0,156,92,0,92,248
10/05/2006,INT,NC,ASO,ES,Federal Contract Tower,0,10,55,0,65,0,3,52,0,55,0,13,107,0,120,66,0,66,186
10/06/2006,INT,NC,ASO,ES,Federal Contract Tower,1,9,48,0,58,0,2,3,0,5,1,11,51,0,63,4,0,4,67
10/07/2006,INT,NC,ASO,ES,Federal Contract Tower,0,5,28,0,33,0,0,1,0,1,0,5,29,0,34,4,0,4,38
10/08/2006,INT,NC,ASO,ES,Federal Contract Tower,0,6,35,0,41,0,1,0,0,1,0,7,35,0,42,0,0,0,42
10/09/2006,INT,NC,ASO,ES,Federal Contract Tower,0,4,34,0,38,0,3,68,0,71,0,7,102,0,109,62,0,62,171
10/10/2006,INT,NC,ASO,ES,Federal Contract Tower,0,6,56,0,62,0,12,83,0,95,0,18,139,0,157,122,0,122,279
10/11/2006,INT,NC,ASO,ES,Federal Contract Tower,0,3,38,0,41,0,3,58,0,61,0,6,96,0,102,24,0,24,126
10/12/2006,INT,NC,ASO,ES,Federal Contract Tower,0,0,68,0,68,0,0,55,0,55,0,0,123,0,123,38,0,38,161
10/13/2006,INT,NC,ASO,ES,Federal Contract Tower,1,12,40,0,53,0,0,99,0,99,1,12,139,0,152,74,0,74,226
10/14/2006,INT,NC,ASO,ES,Federal Contract Tower,0,3,21,0,24,0,3,95,0,98,0,6,116,0,122,48,0,48,170
10/15/2006,INT,NC,ASO,ES,Federal Contract Tower,1,3,48,0,52,0,1,63,0,64,1,4,111,0,116,44,0,44,160
10/16/2006,INT,NC,ASO,ES,Federal Contract Tower,0,1,45,0,46,0,2,79,0,81,0,3,124,0,127,114,0,114,241
10/17/2006,INT,NC,ASO,ES,Federal Contract Tower,0,4,33,0,37,0,0,0,0,0,0,4,33,0,37,0,0,0,37
10/18/2006,INT,NC,ASO,ES,Federal Contract Tower,0,14,96,0,110,0,2,23,0,25,0,16,119,0,135,0,0,0,135
10/19/2006,INT,NC,ASO,ES,Federal Contract Tower,0,9,70,0,79,0,0,27,0,27,0,9,97,0,106,56,0,56,162
10/20/2006,INT,NC,ASO,ES,Federal Contract Tower,1,7,53,0,61,0,1,52,4,57,1,8,105,4,118,6,0,6,124
10/21/2006,INT,NC,ASO,ES,Federal Contract Tower,0,3,21,0,24,0,2,116,0,118,0,5,137,0,142,114,0,114,256
10/22/2006,INT,NC,ASO,ES,Federal Contract Tower,1,6,42,0,49,0,2,33,0,35,1,8,75,0,84,56,0,56,140
10/23/2006,INT,NC,ASO,ES,Federal Contract Tower,0,3,42,0,45,0,5,63,0,68,0,8,105,0,113,52,0,52,165
10/24/2006,INT,NC,ASO,ES,Federal Contract Tower,0,4,42,0,46,0,0,122,0,122,0,4,164,0,168,80,0,80,248
10/25/2006,INT,NC,ASO,ES,Federal Contract Tower,1,3,61,0,65,0,4,78,0,82,1,7,139,0,147,100,0,100,247
10/26/2006,INT,NC,ASO,ES,Federal Contract Tower,2,5,53,0,60,0,0,96,0,96,2,5,149,0,156,54,0,54,210
10/27/2006,INT,NC,ASO,ES,Federal Contract Tower,2,4,30,0,36,0,0,0,0,0,2,4,30,0,36,4,0,4,40
10/28/2006,INT,NC,ASO,ES,Federal Contract Tower,0,2,22,0,24,0,2,28,0,30,0,4,50,0,54,8,0,8,62
10/29/2006,INT,NC,ASO,ES,Federal Contract Tower,0,4,29,0,33,0,1,45,0,46,0,5,74,0,79,76,0,76,155
10/30/2006,INT,NC,ASO,ES,Federal Contract Tower,1,5,42,0,48,0,3,117,0,120,1,8,159,0,168,38,0,38,206
10/31/2006,INT,NC,ASO,ES,Federal Contract Tower,3,8,50,1,62,0,1,72,0,73,3,9,122,1,135,32,0,32,167
11/01/2006,INT,NC,ASO,ES,Federal Contract Tower,0,8,56,0,64,0,3,97,3,103,0,11,153,3,167,80,0,80,247
11/02/2006,INT,NC,ASO,ES,Federal Contract Tower,1,5,40,0,46,0,5,41,2,48,1,10,81,2,94,16,0,16,110
11/03/2006,INT,NC,ASO,ES,Federal Contract Tower,3,5,49,0,57,0,3,76,0,79,3,8,125,0,136,20,0,20,156
11/04/2006,INT,NC,ASO,ES,Federal Contract Tower,1,5,38,0,44,0,5,87,0,92,1,10,125,0,136,128,0,128,264
11/05/2006,INT,NC,ASO,ES,Federal Contract Tower,1,14,27,0,42,0,5,81,0,86,1,19,108,0,128,62,0,62,190
11/06/2006,INT,NC,ASO,ES,Federal Contract Tower,0,5,35,2,42,0,3,65,1,69,0,8,100,3,111,78,2,80,191
11/07/2006,INT,NC,ASO,ES,Federal Contract Tower,0,5,22,0,27,0,0,0,0,0,0,5,22,0,27,4,0,4,31
11/08/2006,INT,NC,ASO,ES,Federal Contract Tower,0,10,41,0,51,0,1,34,0,35,0,11,75,0,86,56,0,56,142
11/09/2006,INT,NC,ASO,ES,Federal Contract Tower,1,5,73,0,79,0,4,139,0,143,1,9,212,0,222,36,0,36,258
11/10/2006,INT,NC,ASO,ES,Federal Contract Tower,1,13,40,0,54,2,4,64,0,70,3,17,104,0,124,106,0,106,230
11/11/2006,INT,NC,ASO,ES,Federal Contract Tower,0,5,14,0,19,0,7,103,0,110,0,12,117,0,129,72,12,84,213
11/12/2006,INT,NC,ASO,ES,Federal Contract Tower,6,2,19,0,27,0,7,25,0,32,6,9,44,0,59,28,0,28,87
11/13/2006,INT,NC,ASO,ES,Federal Contract Tower,2,3,35,0,40,0,2,55,0,57,2,5,90,0,97,80,0,80,177
11/14/2006,INT,NC,ASO,ES,Federal Contract Tower,0,3,52,0,55,0,0,43,0,43,0,3,95,0,98,36,0,36,134
11/15/2006,INT,NC,ASO,ES,Federal Contract Tower,6,3,45,0,54,0,0,100,0,100,6,3,145,0,154,84,0,84,238
11/16/2006,INT,NC,ASO,ES,Federal Contract Tower,5,11,30,0,46,0,0,2,0,2,5,11,32,0,48,4,0,4,52
11/17/2006,INT,NC,ASO,ES,Federal Contract Tower,1,7,53,1,62,0,4,65,14,83,1,11,118,15,145,56,0,56,201
11/18/2006,INT,NC,ASO,ES,Federal Contract Tower,2,5,30,0,37,7,7,108,0,122,9,12,138,0,159,74,0,74,233
11/19/2006,INT,NC,ASO,ES,Federal Contract Tower,1,7,29,0,37,0,3,58,0,61,1,10,87,0,98,90,0,90,188
11/20/2006,INT,NC,ASO,ES,Federal Contract Tower,0,14,37,0,51,0,5,61,0,66,0,19,98,0,117,88,0,88,205
11/21/2006,INT,NC,ASO,ES,Federal Contract Tower,0,8,39,0,47,0,6,29,0,35,0,14,68,0,82,12,0,12,94
11/22/2006,INT,NC,ASO,ES,Federal Contract Tower,3,4,8,0,15,0,0,0,0,0,3,4,8,0,15,0,0,0,15
11/23/2006,INT,NC,ASO,ES,Federal Contract Tower,0,1,16,0,17,0,1,29,0,30,0,2,45,0,47,12,0,12,59
11/24/2006,INT,NC,ASO,ES,Federal Contract Tower,1,1,17,0,19,0,1,93,0,94,1,2,110,0,113,102,0,102,215
11/25/2006,INT,NC,ASO,ES,Federal Contract Tower,3,16,25,0,44,0,4,68,0,72,3,20,93,0,116,48,0,48,164
11/26/2006,INT,NC,ASO,ES,Federal Contract Tower,1,7,35,0,43,0,2,65,0,67,1,9,100,0,110,46,0,46,156
11/27/2006,INT,NC,ASO,ES,Federal Contract Tower,1,2,51,0,54,0,1,57,0,58,1,3,108,0,112,28,0,28,140
11/28/2006,INT,NC,ASO,ES,Federal Contract Tower,1,2,57,0,60,0,0,73,0,73,1,2,130,0,133,76,0,76,209
11/29/2006,INT,NC,ASO,ES,Federal Contract Tower,3,9,58,0,70,0,0,17,0,17,3,9,75,0,87,44,0,44,131
11/30/2006,INT,NC,ASO,ES,Federal Contract Tower,8,0,59,0,67,0,0,24,0,24,8,0,83,0,91,28,0,28,119
12/01/2006,INT,NC,ASO,ES,Federal Contract Tower,4,10,40,0,54,0,6,15,0,21,4,16,55,0,75,4,0,4,79
12/02/2006,INT,NC,ASO,ES,Federal Contract Tower,1,7,34,0,42,0,2,91,0,93,1,9,125,0,135,108,0,108,243
12/03/2006,INT,NC,ASO,ES,Federal Contract Tower,1,4,38,0,43,0,0,60,0,60,1,4,98,0,103,104,0,104,207
12/04/2006,INT,NC,ASO,ES,Federal Contract Tower,1,3,36,0,40,0,8,73,0,81,1,11,109,0,121,44,0,44,165
12/05/2006,INT,NC,ASO,ES,Federal Contract Tower,3,10,48,0,61,0,0,76,0,76,3,10,124,0,137,82,0,82,219
12/06/2006,INT,NC,ASO,ES,Federal Contract Tower,0,8,39,0,47,0,4,48,0,52,0,12,87,0,99,72,0,72,171
12/07/2006,INT,NC,ASO,ES,Federal Contract Tower,0,7,42,0,49,0,5,27,6,38,0,12,69,6,87,0,0,0,87
12/08/2006,INT,NC,ASO,ES,Federal Contract Tower,0,1,38,0,39,0,5,53,0,58,0,6,91,0,97,102,0,102,199
12/09/2006,INT,NC,ASO,ES,Federal Contract Tower,0,0,22,0,22,0,0,65,0,65,0,0,87,0,87,110,0,110,197
12/10/2006,INT,NC,ASO,ES,Federal Contract Tower,0,3,28,0,31,0,9,61,2,72,0,12,89,2,103,78,0,78,181
12/11/2006,INT,NC,ASO,ES,Federal Contract Tower,0,3,43,0,46,0,0,96,2,98,0,3,139,2,144,32,0,32,176
12/12/2006,INT,NC,ASO,ES,Federal Contract Tower,0,6,64,0,70,0,3,46,0,49,0,9,110,0,119,34,0,34,153
12/13/2006,INT,NC,ASO,ES,Federal Contract Tower,0,7,47,0,54,0,1,21,1,23,0,8,68,1,77,22,0,22,99
12/14/2006,INT,NC,ASO,ES,Federal Contract Tower,0,12,46,0,58,0,3,47,2,52,0,15,93,2,110,38,0,38,148
12/15/2006,INT,NC,ASO,ES,Federal Contract Tower,0,8,56,0,64,0,2,96,0,98,0,10,152,0,162,104,0,104,266
12/16/2006,INT,NC,ASO,ES,Federal Contract Tower,1,3,20,0,24,0,5,100,0,105,1,8,120,0,129,130,0,130,259
12/17/2006,INT,NC,ASO,ES,Federal Contract Tower,0,5,25,0,30,0,5,94,0,99,0,10,119,0,129,60,0,60,189
12/18/2006,INT,NC,ASO,ES,Federal Contract Tower,0,2,47,0,49,0,2,81,3,86,0,4,128,3,135,26,0,26,161
12/19/2006,INT,NC,ASO,ES,Federal Contract Tower,0,2,48,0,50,0,3,40,0,43,0,5,88,0,93,12,0,12,105
12/20/2006,INT,NC,ASO,ES,Federal Contract Tower,1,0,34,1,36,0,2,70,1,73,1,2,104,2,109,44,0,44,153
12/21/2006,INT,NC,ASO,ES,Federal Contract Tower,4,7,50,0,61,0,4,35,0,39,4,11,85,0,100,78,0,78,178
12/22/2006,INT,NC,ASO,ES,Federal Contract Tower,2,0,21,0,23,0,0,1,0,1,2,0,22,0,24,0,0,0,24
12/23/2006,INT,NC,ASO,ES,Federal Contract Tower,1,0,25,0,26,0,3,34,0,37,1,3,59,0,63,42,0,42,105
12/24/2006,INT,NC,ASO,ES,Federal Contract Tower,1,0,13,0,14,0,1,23,0,24,1,1,36,0,38,0,0,0,38
12/25/2006,INT,NC,ASO,ES,Federal Contract Tower,0,4,5,0,9,0,0,0,0,0,0,4,5,0,9,0,0,0,9
12/26/2006,INT,NC,ASO,ES,Federal Contract Tower,0,2,12,0,14,0,0,7,0,7,0,2,19,0,21,4,0,4,25
12/27/2006,INT,NC,ASO,ES,Federal Contract Tower,1,6,26,0,33,0,5,57,0,62,1,11,83,0,95,44,0,44,139
12/28/2006,INT,NC,ASO,ES,Federal Contract Tower,2,3,31,0,36,0,6,90,0,96,2,9,121,0,132,82,0,82,214
12/29/2006,INT,NC,ASO,ES,Federal Contract Tower,0,8,18,0,26,0,5,69,0,74,0,13,87,0,100,80,0,80,180
12/30/2006,INT,NC,ASO,ES,Federal Contract Tower,1,4,17,0,22,0,0,90,0,90,1,4,107,0,112,74,0,74,186
12/31/2006,INT,NC,ASO,ES,Federal Contract Tower,1,0,11,0,12,0,0,0,0,0,1,0,11,0,12,0,0,0,12
01/01/2007,INT,NC,ASO,ES,Federal Contract Tower,1,2,23,0,26,0,5,9,0,14,1,7,32,0,40,0,0,0,40
01/02/2007,INT,NC,ASO,ES,Federal Contract Tower,0,1,29,0,30,0,0,41,0,41,0,1,70,0,71,44,0,44,115
01/03/2007,INT,NC,ASO,ES,Federal Contract Tower,1,6,65,1,73,0,0,81,0,81,1,6,146,1,154,30,0,30,184
01/04/2007,INT,NC,ASO,ES,Federal Contract Tower,0,6,46,0,52,0,0,64,0,64,0,6,110,0,116,56,0,56,172
01/05/2007,INT,NC,ASO,ES,Federal Contract Tower,2,1,9,0,12,0,0,1,0,1,2,1,10,0,13,2,0,2,15
01/06/2007,INT,NC,ASO,ES,Federal Contract Tower,0,4,16,0,20,0,1,88,0,89,0,5,104,0,109,68,0,68,177
01/07/2007,INT,NC,ASO,ES,Federal Contract Tower,1,4,15,0,20,0,0,19,0,19,1,4,34,0,39,42,0,42,81
01/08/2007,INT,NC,ASO,ES,Federal Contract Tower,3,1,29,0,33,0,2,8,0,10,3,3,37,0,43,2,0,2,45
01/09/2007,INT,NC,ASO,ES,Federal Contract Tower,2,4,31,0,37,0,2,25,2,29,2,6,56,2,66,40,0,40,106
01/10/2007,INT,NC,ASO,ES,Federal Contract Tower,0,2,58,0,60,0,4,69,0,73,0,6,127,0,133,10,0,10,143
01/11/2007,INT,NC,ASO,ES,Federal Contract Tower,2,7,51,0,60,0,0,71,0,71,2,7,122,0,131,80,2,82,213
01/12/2007,INT,NC,ASO,ES,Federal Contract Tower,2,12,41,0,55,0,5,57,7,69,2,17,98,7,124,38,0,38,162
01/13/2007,INT,NC,ASO,ES,Federal Contract Tower,0,5,19,0,24,0,0,93,0,93,0,5,112,0,117,78,0,78,195
01/14/2007,INT,NC,ASO,ES,Federal Contract Tower,0,2,17,0,19,0,0,94,0,94,0,2,111,0,113,32,0,32,145
01/15/2007,INT,NC,ASO,ES,Federal Contract Tower,2,6,32,0,40,0,0,8,0,8,2,6,40,0,48,8,0,8,56
01/16/2007,INT,NC,ASO,ES,Federal Contract Tower,0,5,27,0,32,0,2,32,0,34,0,7,59,0,66,28,0,28,94
01/17/2007,INT,NC,ASO,ES,Federal Contract Tower,0,3,52,0,55,0,7,111,0,118,0,10,163,0,173,52,0,52,225
01/18/2007,INT,NC,ASO,ES,Federal Contract Tower,0,7,16,0,23,0,0,0,0,0,0,7,16,0,23,0,0,0,23
01/19/2007,INT,NC,ASO,ES,Federal Contract Tower,1,9,35,0,45,0,4,60,0,64,1,13,95,0,109,48,0,48,157
01/20/2007,INT,NC,ASO,ES,Federal Contract Tower,0,1,19,0,20,0,0,48,0,48,0,1,67,0,68,12,0,12,80
01/21/2007,INT,NC,ASO,ES,Federal Contract Tower,0,4,18,0,22,0,0,3,0,3,0,4,21,0,25,8,0,8,33
01/22/2007,INT,NC,ASO,ES,Federal Contract Tower,1,0,18,0,19,0,0,2,0,2,1,0,20,0,21,0,0,0,21
01/23/2007,INT,NC,ASO,ES,Federal Contract Tower,1,2,47,0,50,0,0,53,0,53,1,2,100,0,103,48,0,48,151
01/24/2007,INT,NC,ASO,ES,Federal Contract Tower,1,5,41,0,47,0,4,0,4,8,1,9,41,4,55,86,0,86,141
01/25/2007,INT,NC,ASO,ES,Federal Contract Tower,0,4,48,0,52,0,0,31,1,32,0,4,79,1,84,22,0,22,106
01/26/2007,INT,NC,ASO,ES,Federal Contract Tower,2,1,42,0,45,1,0,59,0,60,3,1,101,0,105,70,0,70,175
01/27/2007,INT,NC,ASO,ES,Federal Contract Tower,0,6,24,0,30,0,3,97,0,100,0,9,121,0,130,136,0,136,266
01/28/2007,INT,NC,ASO,ES,Federal Contract Tower,1,8,22,0,31,0,4,28,0,32,1,12,50,0,63,16,0,16,79
01/29/2007,INT,NC,ASO,ES,Federal Contract Tower,0,4,31,0,35,0,5,68,0,73,0,9,99,0,108,76,0,76,184
01/30/2007,INT,NC,ASO,ES,Federal Contract Tower,0,9,28,0,37,0,2,61,1,64,0,11,89,1,101,62,0,62,163
01/31/2007,INT,NC,ASO,ES,Federal Contract Tower,1,2,52,0,55,1,6,91,0,98,2,8,143,0,153,156,0,156,309
02/01/2007,INT,NC,ASO,ES,Federal Contract Tower,1,3,7,0,11,0,0,0,0,0,1,3,7,0,11,0,0,0,11
02/02/2007,INT,NC,ASO,ES,Federal Contract Tower,1,2,20,0,23,0,0,0,0,0,1,2,20,0,23,2,0,2,25
02/03/2007,INT,NC,ASO,ES,Federal Contract Tower,1,7,18,0,26,0,1,52,0,53,1,8,70,0,79,50,0,50,129
02/04/2007,INT,NC,ASO,ES,Federal Contract Tower,0,1,22,0,23,0,1,18,0,19,0,2,40,0,42,4,0,4,46
02/05/2007,INT,NC,ASO,ES,Federal Contract Tower,1,1,42,0,44,0,2,58,0,60,1,3,100,0,104,68,0,68,172
02/06/2007,INT,NC,ASO,ES,Federal Contract Tower,1,1,38,1,41,0,0,50,3,53,1,1,88,4,94,72,0,72,166
02/07/2007,INT,NC,ASO,ES,Federal Contract Tower,2,7,34,0,43,0,1,89,0,90,2,8,123,0,133,142,0,142,275
02/08/2007,INT,NC,ASO,ES,Federal Contract Tower,1,8,43,0,52,0,0,127,6,133,1,8,170,6,185,78,0,78,263
02/09/2007,INT,NC,ASO,ES,Federal Contract Tower,2,3,49,0,54,0,3,92,0,95,2,6,141,0,149,52,0,52,201
02/10/2007,INT,NC,ASO,ES,Federal Contract Tower,2,3,21,0,26,0,8,100,0,108,2,11,121,0,134,24,0,24,158
02/11/2007,INT,NC,ASO,ES,Federal Contract Tower,0,5,25,0,30,0,1,79,0,80,0,6,104,0,110,36,0,36,146
02/12/2007,INT,NC,ASO,ES,Federal Contract Tower,0,3,30,0,33,0,2,65,0,67,0,5,95,0,100,82,0,82,182
02/13/2007,INT,NC,ASO,ES,Federal Contract Tower,0,5,30,0,35,0,0,0,0,0,0,5,30,0,35,0,0,0,35
02/14/2007,INT,NC,ASO,ES,Federal Contract Tower,8,9,25,0,42,0,0,46,0,46,8,9,71,0,88,22,0,22,110
02/15/2007,INT,NC,ASO,ES,Federal Contract Tower,2,2,48,1,53,0,0,57,1,58,2,2,105,2,111,56,0,56,167
02/16/2007,INT,NC,ASO,ES,Federal Contract Tower,0,8,41,1,50,0,1,87,8,96,0,9,128,9,146,76,0,76,222
02/17/2007,INT,NC,ASO,ES,Federal Contract Tower,1,6,18,0,25,0,3,59,0,62,1,9,77,0,87,154,0,154,241
02/18/2007,INT,NC,ASO,ES,Federal Contract Tower,2,2,24,0,28,0,3,23,0,26,2,5,47,0,54,0,0,0,54
02/19/2007,INT,NC,ASO,ES,Federal Contract Tower,0,10,33,0,43,0,4,70,0,74,0,14,103,0,117,36,0,36,153
02/20/2007,INT,NC,ASO,ES,Federal Contract Tower,1,7,46,1,55,0,0,64,4,68,1,7,110,5,123,102,6,108,231
02/21/2007,INT,NC,ASO,ES,Federal Contract Tower,0,7,39,0,46,0,2,114,0,116,0,9,153,0,162,168,0,168,330
02/22/2007,INT,NC,ASO,ES,Federal Contract Tower,0,4,51,0,55,0,0,20,0,20,0,4,71,0,75,28,0,28,103
02/23/2007,INT,NC,ASO,ES,Federal Contract Tower,2,5,38,0,45,0,2,44,4,50,2,7,82,4,95,16,0,16,111
02/24/2007,INT,NC,ASO,ES,Federal Contract Tower,3,0,24,0,27,0,4,112,0,116,3,4,136,0,143,186,0,186,329
02/25/2007,INT,NC,ASO,ES,Federal Contract Tower,3,6,11,0,20,0,2,0,0,2,3,8,11,0,22,4,0,4,26
02/26/2007,INT,NC,ASO,ES,Federal Contract Tower,2,5,32,0,39,0,1,41,0,42,2,6,73,0,81,84,0,84,165
02/27/2007,INT,NC,ASO,ES,Federal Contract Tower,0,3,33,0,36,0,4,54,0,58,0,7,87,0,94,70,0,70,164
02/28/2007,INT,NC,ASO,ES,Federal Contract Tower,2,11,49,0,62,0,4,86,0,90,2,15,135,0,152,188,0,188,340
03/01/2007,INT,NC,ASO,ES,Federal Contract Tower,0,11,26,0,37,0,0,1,0,1,0,11,27,0,38,0,0,0,38
03/02/2007,INT,NC,ASO,ES,Federal Contract Tower,2,8,34,0,44,0,2,58,0,60,2,10,92,0,104,54,0,54,158
03/03/2007,INT,NC,ASO,ES,Federal Contract Tower,3,4,13,0,20,0,0,40,0,40,3,4,53,0,60,44,0,44,104
03/04/2007,INT,NC,ASO,ES,Federal Contract Tower,0,7,21,0,28,0,2,25,0,27,0,9,46,0,55,30,0,30,85
03/05/2007,INT,NC,ASO,ES,Federal Contract Tower,1,6,33,0,40,0,1,48,0,49,1,7,81,0,89,28,0,28,117
03/06/2007,INT,NC,ASO,ES,Federal Contract Tower,2,7,37,0,46,0,3,79,0,82,2,10,116,0,128,72,0,72,200
03/07/2007,INT,NC,ASO,ES,Federal Contract Tower,2,2,34,1,39,0,1,54,0,55,2,3,88,1,94,28,0,28,122
03/08/2007,INT,NC,ASO,ES,Federal Contract Tower,2,13,53,0,68,0,1,71,0,72,2,14,124,0,140,152,0,152,292
03/09/2007,INT,NC,ASO,ES,Federal Contract Tower,5,4,38,0,47,0,2,75,0,77,5,6,113,0,124,108,0,108,232
03/10/2007,INT,NC,ASO,ES,Federal Contract Tower,3,1,22,0,26,0,4,99,0,103,3,5,121,0,129,140,0,140,269
03/11/2007,INT,NC,ASO,ES,Federal Contract Tower,3,8,18,0,29,0,2,57,0,59,3,10,75,0,88,84,0,84,172
03/12/2007,INT,NC,ASO,ES,Federal Contract Tower,1,3,34,0,38,0,0,82,0,82,1,3,116,0,120,114,0,114,234
03/13/2007,INT,NC,ASO,ES,Federal Contract Tower,11,13,37,0,61,0,2,57,0,59,11,15,94,0,120,64,0,64,184
03/14/2007,INT,NC,ASO,ES,Federal Contract Tower,5,5,44,0,54,0,3,81,0,84,5,8,125,0,138,96,0,96,234
03/15/2007,INT,NC,ASO,ES,Federal Contract Tower,5,13,72,0,90,0,1,70,0,71,5,14,142,0,161,24,0,24,185
03/16/2007,INT,NC,ASO,ES,Federal Contract Tower,10,6,24,0,40,0,0,0,0,0,10,6,24,0,40,0,0,0,40
03/17/2007,INT,NC,ASO,ES,Federal Contract Tower,1,6,35,0,42,0,2,35,0,37,1,8,70,0,79,14,0,14,93
03/18/2007,INT,NC,ASO,ES,Federal Contract Tower,4,1,34,0,39,0,8,90,0,98,4,9,124,0,137,130,0,130,267
03/19/2007,INT,NC,ASO,ES,Federal Contract Tower,3,0,36,0,39,0,2,77,0,79,3,2,113,0,118,20,0,20,138
03/20/2007,INT,NC,ASO,ES,Federal Contract Tower,1,7,30,0,38,6,0,57,0,63,7,7,87,0,101,118,0,118,219
03/21/2007,INT,NC,ASO,ES,Federal Contract Tower,1,4,40,0,45,0,1,31,0,32,1,5,71,0,77,14,0,14,91
03/22/2007,INT,NC,ASO,ES,Federal Contract Tower,3,6,54,0,63,0,5,62,0,67,3,11,116,0,130,34,0,34,164
03/23/2007,INT,NC,ASO,ES,Federal Contract Tower,2,0,44,0,46,0,8,71,0,79,2,8,115,0,125,38,0,38,163
03/24/2007,INT,NC,ASO,ES,Federal Contract Tower,3,8,17,0,28,0,0,101,0,101,3,8,118,0,129,70,0,70,199
03/25/2007,INT,NC,ASO,ES,Federal Contract Tower,2,6,33,0,41,0,6,76,0,82,2,12,109,0,123,160,0,160,283
03/26/2007,INT,NC,ASO,ES,Federal Contract Tower,3,2,42,0,47,0,3,68,0,71,3,5,110,0,118,40,0,40,158
03/27/2007,INT,NC,ASO,ES,Federal Contract Tower,2,7,35,0,44,0,2,56,0,58,2,9,91,0,102,84,0,84,186
03/28/2007,INT,NC,ASO,ES,Federal Contract Tower,1,5,43,0,49,0,0,43,0,43,1,5,86,0,92,32,0,32,124
03/29/2007,INT,NC,ASO,ES,Federal Contract Tower,0,8,68,0,76,0,2,28,0,30,0,10,96,0,106,56,0,56,162
03/30/2007,INT,NC,ASO,ES,Federal Contract Tower,2,6,60,0,68,0,2,99,0,101,2,8,159,0,169,164,0,164,333
03/31/2007,INT,NC,ASO,ES,Federal Contract Tower,2,9,27,0,38,0,4,79,0,83,2,13,106,0,121,156,0,156,277
04/01/2007,INT,NC,ASO,ES,Federal Contract Tower,1,3,21,0,25,0,0,22,0,22,1,3,43,0,47,4,0,4,51
04/02/2007,INT,NC,ASO,ES,Federal Contract Tower,0,3,44,0,47,0,0,46,0,46,0,3,90,0,93,38,0,38,131
04/03/2007,INT,NC,ASO,ES,Federal Contract Tower,2,8,32,0,42,0,3,72,0,75,2,11,104,0,117,58,0,58,175
04/04/2007,INT,NC,ASO,ES,Federal Contract Tower,2,10,39,0,51,0,5,45,0,50,2,15,84,0,101,4,0,4,105
04/05/2007,INT,NC,ASO,ES,Federal Contract Tower,4,19,57,0,80,0,6,50,0,56,4,25,107,0,136,56,0,56,192
04/06/2007,INT,NC,ASO,ES,Federal Contract Tower,1,5,37,0,43,0,0,80,0,80,1,5,117,0,123,92,0,92,215
04/07/2007,INT,NC,ASO,ES,Federal Contract Tower,3,4,13,0,20,0,3,27,0,30,3,7,40,0,50,50,0,50,100
04/08/2007,INT,NC,ASO,ES,Federal Contract Tower,0,6,32,0,38,0,4,32,0,36,0,10,64,0,74,6,0,6,80
04/09/2007,INT,NC,ASO,ES,Federal Contract Tower,5,6,61,0,72,0,1,60,0,61,5,7,121,0,133,40,0,40,173
04/10/2007,INT,NC,ASO,ES,Federal Contract Tower,0,14,46,0,60,0,1,84,0,85,0,15,130,0,145,54,0,54,199
04/11/2007,INT,NC,ASO,ES,Federal Contract Tower,3,8,40,0,51,0,0,0,0,0,3,8,40,0,51,0,0,0,51
04/12/2007,INT,NC,ASO,ES,Federal Contract Tower,1,5,47,0,53,0,1,46,0,47,1,6,93,0,100,20,0,20,120
04/13/2007,INT,NC,ASO,ES,Federal Contract Tower,0,5,50,0,55,0,8,66,2,76,0,13,116,2,131,52,0,52,183
04/14/2007,INT,NC,ASO,ES,Federal Contract Tower,1,5,27,0,33,0,2,88,2,92,1,7,115,2,125,170,0,170,295
04/15/2007,INT,NC,ASO,ES,Federal Contract Tower,1,3,6,0,10,0,0,0,0,0,1,3,6,0,10,0,0,0,10
04/16/2007,INT,NC,ASO,ES,Federal Contract Tower,0,6,25,0,31,0,0,1,0,1,0,6,26,0,32,0,0,0,32
04/17/2007,INT,NC,ASO,ES,Federal Contract Tower,1,7,39,0,47,0,0,15,0,15,1,7,54,0,62,0,0,0,62
04/18/2007,INT,NC,ASO,ES,Federal Contract Tower,0,5,49,0,54,0,5,54,0,59,0,10,103,0,113,76,0,76,189
04/19/2007,INT,NC,ASO,ES,Federal Contract Tower,3,6,44,0,53,0,6,29,0,35,3,12,73,0,88,26,0,26,114
04/20/2007,INT,NC,ASO,ES,Federal Contract Tower,0,1,57,0,58,0,2,114,3,119,0,3,171,3,177,148,0,148,325
04/21/2007,INT,NC,ASO,ES,Federal Contract Tower,1,10,29,0,40,0,4,102,0,106,1,14,131,0,146,166,0,166,312
04/22/2007,INT,NC,ASO,ES,Federal Contract Tower,0,5,30,0,35,0,4,81,0,85,0,9,111,0,120,126,0,126,246
04/23/2007,INT,NC,ASO,ES,Federal Contract Tower,0,8,45,0,53,0,3,57,0,60,0,11,102,0,113,54,0,54,167
04/24/2007,INT,NC,ASO,ES,Federal Contract Tower,3,9,44,0,56,0,5,70,0,75,3,14,114,0,131,48,0,48,179
04/25/2007,INT,NC,ASO,ES,Federal Contract Tower,1,8,29,0,38,0,1,91,0,92,1,9,120,0,130,40,0,40,170
04/26/2007,INT,NC,ASO,ES,Federal Contract Tower,2,10,41,0,53,0,4,27,0,31,2,14,68,0,84,48,0,48,132
04/27/2007,INT,NC,ASO,ES,Federal Contract Tower,0,2,53,0,55,0,1,70,1,72,0,3,123,1,127,2,0,2,129
04/28/2007,INT,NC,ASO,ES,Federal Contract Tower,0,6,24,0,30,0,4,51,0,55,0,10,75,0,85,26,0,26,111
04/29/2007,INT,NC,ASO,ES,Federal Contract Tower,0,0,26,0,26,0,1,57,0,58,0,1,83,0,84,28,0,28,112
04/30/2007,INT,NC,ASO,ES,Federal Contract Tower,2,7,28,0,37,0,3,57,0,60,2,10,85,0,97,84,0,84,181
05/01/2007,INT,NC,ASO,ES,Federal Contract Tower,3,5,25,0,33,0,2,73,5,80,3,7,98,5,113,96,0,96,209
05/02/2007,INT,NC,ASO,ES,Federal Contract Tower,1,5,57,0,63,0,2,149,0,151,1,7,206,0,214,98,0,98,312
05/03/2007,INT,NC,ASO,ES,Federal Contract Tower,0,11,52,0,63,0,0,3,0,3,0,11,55,0,66,0,0,0,66
05/04/2007,INT,NC,ASO,ES,Federal Contract Tower,1,8,25,0,34,0,0,0,0,0,1,8,25,0,34,0,0,0,34
05/05/2007,INT,NC,ASO,ES,Federal Contract Tower,1,4,23,0,28,0,0,1,0,1,1,4,24,0,29,28,0,28,57
05/06/2007,INT,NC,ASO,ES,Federal Contract Tower,0,5,25,0,30,0,7,33,0,40,0,12,58,0,70,28,0,28,98
05/07/2007,INT,NC,ASO,ES,Federal Contract Tower,0,11,29,0,40,0,2,34,0,36,0,13,63,0,76,34,0,34,110
05/08/2007,INT,NC,ASO,ES,Federal Contract Tower,0,8,46,0,54,0,4,64,0,68,0,12,110,0,122,64,0,64,186
05/09/2007,INT,NC,ASO,ES,Federal Contract Tower,1,10,53,0,64,0,2,61,0,63,1,12,114,0,127,26,0,26,153
05/10/2007,INT,NC,ASO,ES,Federal Contract Tower,0,9,56,0,65,0,9,71,6,86,0,18,127,6,151,116,0,116,267
05/11/2007,INT,NC,ASO,ES,Federal Contract Tower,0,12,58,0,70,0,5,97,2,104,0,17,155,2,174,78,0,78,252
05/12/2007,INT,NC,ASO,ES,Federal Contract Tower,1,2,17,1,21,0,4,55,0,59,1,6,72,1,80,116,0,116,196
05/13/2007,INT,NC,ASO,ES,Federal Contract Tower,0,5,24,0,29,0,0,41,0,41,0,5,65,0,70,38,0,38,108
05/14/2007,INT,NC,ASO,ES,Federal Contract Tower,0,3,45,0,48,0,10,95,0,105,0,13,140,0,153,88,0,88,241
05/15/2007,INT,NC,ASO,ES,Federal Contract Tower,0,7,32,0,39,0,1,104,0,105,0,8,136,0,144,90,0,90,234
05/16/2007,INT,NC,ASO,ES,Federal Contract Tower,0,5,38,0,43,0,0,29,0,29,0,5,67,0,72,22,0,22,94
05/17/2007,INT,NC,ASO,ES,Federal Contract Tower,0,8,61,0,69,0,4,83,0,87,0,12,144,0,156,58,0,58,214
05/18/2007,INT,NC,ASO,ES,Federal Contract Tower,0,6,35,0,41,0,6,76,8,90,0,12,111,8,131,38,0,38,169
05/19/2007,INT,NC,ASO,ES,Federal Contract Tower,1,5,28,0,34,0,3,104,0,107,1,8,132,0,141,86,0,86,227
05/20/2007,INT,NC,ASO,ES,Federal Contract Tower,3,6,32,0,41,0,6,68,0,74,3,12,100,0,115,84,0,84,199
05/21/2007,INT,NC,ASO,ES,Federal Contract Tower,1,6,47,0,54,0,6,72,0,78,1,12,119,0,132,114,0,114,246
05/22/2007,INT,NC,ASO,ES,Federal Contract Tower,0,9,51,0,60,0,8,63,0,71,0,17,114,0,131,76,0,76,207
05/23/2007,INT,NC,ASO,ES,Federal Contract Tower,2,6,47,0,55,0,3,38,0,41,2,9,85,0,96,76,0,76,172
05/24/2007,INT,NC,ASO,ES,Federal Contract Tower,5,3,60,0,68,0,0,110,0,110,5,3,170,0,178,108,0,108,286
05/25/2007,INT,NC,ASO,ES,Federal Contract Tower,1,11,51,0,63,0,4,71,2,77,1,15,122,2,140,8,0,8,148
05/26/2007,INT,NC,ASO,ES,Federal Contract Tower,0,3,10,0,13,0,3,89,0,92,0,6,99,0,105,120,0,120,225
05/27/2007,INT,NC,ASO,ES,Federal Contract Tower,0,0,17,0,17,0,3,66,0,69,0,3,83,0,86,20,0,20,106
05/28/2007,INT,NC,ASO,ES,Federal Contract Tower,0,8,19,0,27,0,7,94,0,101,0,15,113,0,128,86,0,86,214
05/29/2007,INT,NC,ASO,ES,Federal Contract Tower,1,6,62,0,69,0,5,61,0,66,1,11,123,0,135,74,0,74,209
05/30/2007,INT,NC,ASO,ES,Federal Contract Tower,0,7,55,0,62,0,0,84,0,84,0,7,139,0,146,114,0,114,260
05/31/2007,INT,NC,ASO,ES,Federal Contract Tower,2,5,44,0,51,0,3,87,2,92,2,8,131,2,143,64,10,74,217
06/01/2007,INT,NC,ASO,ES,Federal Contract Tower,1,9,34,0,44,0,2,91,0,93,1,11,125,0,137,60,0,60,197
06/02/2007,INT,NC,ASO,ES,Federal Contract Tower,0,4,33,0,37,0,2,57,0,59,0,6,90,0,96,116,0,116,212
06/03/2007,INT,NC,ASO,ES,Federal Contract Tower,1,4,16,0,21,0,0,0,0,0,1,4,16,0,21,0,0,0,21
06/04/2007,INT,NC,ASO,ES,Federal Contract Tower,0,2,32,0,34,0,3,36,0,39,0,5,68,0,73,16,0,16,89
06/05/2007,INT,NC,ASO,ES,Federal Contract Tower,0,4,33,0,37,0,4,75,0,79,0,8,108,0,116,66,0,66,182
06/06/2007,INT,NC,ASO,ES,Federal Contract Tower,0,6,35,0,41,0,8,75,2,85,0,14,110,2,126,98,0,98,224
06/07/2007,INT,NC,ASO,ES,Federal Contract Tower,0,2,45,0,47,0,4,107,0,111,0,6,152,0,158,74,0,74,232
06/08/2007,INT,NC,ASO,ES,Federal Contract Tower,1,5,37,0,43,0,2,76,0,78,1,7,113,0,121,26,0,26,147
06/09/2007,INT,NC,ASO,ES,Federal Contract Tower,0,0,5,0,5,0,4,81,0,85,0,4,86,0,90,70,0,70,160
06/10/2007,INT,NC,ASO,ES,Federal Contract Tower,0,4,27,0,31,0,5,85,0,90,0,9,112,0,121,24,0,24,145
06/11/2007,INT,NC,ASO,ES,Federal Contract Tower,1,5,53,0,59,0,2,35,1,38,1,7,88,1,97,20,0,20,117
06/12/2007,INT,NC,ASO,ES,Federal Contract Tower,1,2,40,0,43,0,3,38,1,42,1,5,78,1,85,54,0,54,139
06/13/2007,INT,NC,ASO,ES,Federal Contract Tower,0,0,44,0,44,0,0,87,0,87,0,0,131,0,131,118,0,118,249
06/14/2007,INT,NC,ASO,ES,Federal Contract Tower,3,8,49,0,60,0,0,0,0,0,3,8,49,0,60,0,0,0,60
06/15/2007,INT,NC,ASO,ES,Federal Contract Tower,4,1,59,0,64,0,1,36,0,37,4,2,95,0,101,48,0,48,149
06/16/2007,INT,NC,ASO,ES,Federal Contract Tower,1,1,13,0,15,0,0,15,0,15,1,1,28,0,30,0,0,0,30
06/17/2007,INT,NC,ASO,ES,Federal Contract Tower,0,2,21,0,23,0,5,114,0,119,0,7,135,0,142,98,0,98,240
06/18/2007,INT,NC,ASO,ES,Federal Contract Tower,0,3,41,0,44,0,2,96,0,98,0,5,137,0,142,48,0,48,190
06/19/2007,INT,NC,ASO,ES,Federal Contract Tower,0,9,41,0,50,0,1,70,0,71,0,10,111,0,121,18,0,18,139
06/20/2007,INT,NC,ASO,ES,Federal Contract Tower,0,4,54,0,58,0,4,70,0,74,0,8,124,0,132,142,0,142,274
06/21/2007,INT,NC,ASO,ES,Federal Contract Tower,0,8,57,0,65,0,1,100,0,101,0,9,157,0,166,150,0,150,316
06/22/2007,INT,NC,ASO,ES,Federal Contract Tower,0,8,44,0,52,0,2,118,0,120,0,10,162,0,172,72,0,72,244
06/23/2007,INT,NC,ASO,ES,Federal Contract Tower,0,2,20,0,22,0,7,110,0,117,0,9,130,0,139,120,0,120,259
06/24/2007,INT,NC,ASO,ES,Federal Contract Tower,0,6,22,0,28,0,4,87,0,91,0,10,109,0,119,64,0,64,183
06/25/2007,INT,NC,ASO,ES,Federal Contract Tower,0,7,35,0,42,0,2,57,0,59,0,9,92,0,101,42,0,42,143
06/26/2007,INT,NC,ASO,ES,Federal Contract Tower,0,4,37,0,41,0,0,71,0,71,0,4,108,0,112,66,0,66,178
06/27/2007,INT,NC,ASO,ES,Federal Contract Tower,1,9,48,0,58,0,4,53,1,58,1,13,101,1,116,26,0,26,142
06/28/2007,INT,NC,ASO,ES,Federal Contract Tower,2,6,56,0,64,0,3,56,2,61,2,9,112,2,125,64,0,64,189
06/29/2007,INT,NC,ASO,ES,Federal Contract Tower,1,14,46,0,61,0,0,71,0,71,1,14,117,0,132,70,0,70,202
06/30/2007,INT,NC,ASO,ES,Federal Contract Tower,0,1,26,0,27,0,0,35,0,35,0,1,61,0,62,32,0,32,94
07/01/2007,INT,NC,ASO,ES,Federal Contract Tower,1,1,34,0,36,0,1,54,0,55,1,2,88,0,91,48,0,48,139
07/02/2007,INT,NC,ASO,ES,Federal Contract Tower,0,6,31,0,37,0,3,64,0,67,0,9,95,0,104,116,0,116,220
07/03/2007,INT,NC,ASO,ES,Federal Contract Tower,3,0,43,0,46,0,1,91,0,92,3,1,134,0,138,118,0,118,256
07/04/2007,INT,NC,ASO,ES,Federal Contract Tower,0,0,10,0,10,0,5,80,0,85,0,5,90,0,95,60,0,60,155
07/05/2007,INT,NC,ASO,ES,Federal Contract Tower,0,0,17,0,17,0,1,65,0,66,0,1,82,0,83,30,0,30,113
07/06/2007,INT,NC,ASO,ES,Federal Contract Tower,0,2,26,0,28,0,1,101,2,104,0,3,127,2,132,44,0,44,176
07/07/2007,INT,NC,ASO,ES,Federal Contract Tower,1,2,25,0,28,0,5,110,0,115,1,7,135,0,143,156,0,156,299
07/08/2007,INT,NC,ASO,ES,Federal Contract Tower,0,1,32,0,33,0,6,79,0,85,0,7,111,0,118,96,0,96,214
07/09/2007,INT,NC,ASO,ES,Federal Contract Tower,1,0,34,0,35,0,0,107,0,107,1,0,141,0,142,112,0,112,254
07/10/2007,INT,NC,ASO,ES,Federal Contract Tower,0,0,43,0,43,0,5,72,4,81,0,5,115,4,124,16,0,16,140
07/11/2007,INT,NC,ASO,ES,Federal Contract Tower,1,3,62,0,66,0,3,56,0,59,1,6,118,0,125,100,0,100,225
07/12/2007,INT,NC,ASO,ES,Federal Contract Tower,1,7,67,0,75,0,5,81,0,86,1,12,148,0,161,96,0,96,257
07/13/2007,INT,NC,ASO,ES,Federal Contract Tower,1,2,32,0,35,0,4,90,3,97,1,6,122,3,132,76,0,76,208
07/14/2007,INT,NC,ASO,ES,Federal Contract Tower,1,9,29,0,39,0,2,106,0,108,1,11,135,0,147,122,0,122,269
07/15/2007,INT,NC,ASO,ES,Federal Contract Tower,0,1,15,0,16,0,6,100,0,106,0,7,115,0,122,124,0,124,246
07/16/2007,INT,NC,ASO,ES,Federal Contract Tower,0,2,40,0,42,0,3,66,0,69,0,5,106,0,111,44,0,44,155
07/17/2007,INT,NC,ASO,ES,Federal Contract Tower,0,4,69,0,73,0,1,57,0,58,0,5,126,0,131,28,0,28,159
07/18/2007,INT,NC,ASO,ES,Federal Contract Tower,1,2,60,0,63,0,1,61,0,62,1,3,121,0,125,88,0,88,213
07/19/2007,INT,NC,ASO,ES,Federal Contract Tower,4,10,56,0,70,0,2,47,0,49,4,12,103,0,119,10,0,10,129
07/20/2007,INT,NC,ASO,ES,Federal Contract Tower,2,10,51,0,63,0,0,65,0,65,2,10,116,0,128,92,0,92,220
07/21/2007,INT,NC,ASO,ES,Federal Contract Tower,0,4,17,0,21,0,7,133,0,140,0,11,150,0,161,70,0,70,231
07/22/2007,INT,NC,ASO,ES,Federal Contract Tower,1,3,22,0,26,0,4,73,0,77,1,7,95,0,103,80,0,80,183
07/23/2007,INT,NC,ASO,ES,Federal Contract Tower,0,6,46,0,52,0,2,61,0,63,0,8,107,0,115,52,0,52,167
07/24/2007,INT,NC,ASO,ES,Federal Contract Tower,0,4,54,0,58,0,0,83,0,83,0,4,137,0,141,90,0,90,231
07/25/2007,INT,NC,ASO,ES,Federal Contract Tower,2,2,51,0,55,0,0,25,0,25,2,2,76,0,80,82,0,82,162
07/26/2007,INT,NC,ASO,ES,Federal Contract Tower,3,11,41,0,55,0,0,61,0,61,3,11,102,0,116,54,0,54,170
07/27/2007,INT,NC,ASO,ES,Federal Contract Tower,1,6,55,0,62,0,2,42,0,44,1,8,97,0,106,36,0,36,142
07/28/2007,INT,NC,ASO,ES,Federal Contract Tower,1,2,15,0,18,0,8,48,0,56,1,10,63,0,74,46,0,46,120
07/29/2007,INT,NC,ASO,ES,Federal Contract Tower,0,0,20,0,20,0,0,67,0,67,0,0,87,0,87,10,0,10,97
07/30/2007,INT,NC,ASO,ES,Federal Contract Tower,3,2,51,0,56,0,0,13,0,13,3,2,64,0,69,10,0,10,79
07/31/2007,INT,NC,ASO,ES,Federal Contract Tower,0,6,57,0,63,0,1,89,0,90,0,7,146,0,153,46,0,46,199
08/01/2007,INT,NC,ASO,ES,Federal Contract Tower,0,11,40,0,51,0,1,60,0,61,0,12,100,0,112,32,0,32,144
08/02/2007,INT,NC,ASO,ES,Federal Contract Tower,0,4,31,0,35,0,2,69,0,71,0,6,100,0,106,54,0,54,160
08/03/2007,INT,NC,ASO,ES,Federal Contract Tower,0,14,37,0,51,0,1,71,5,77,0,15,108,5,128,14,2,16,144
08/04/2007,INT,NC,ASO,ES,Federal Contract Tower,0,2,27,0,29,0,3,79,0,82,0,5,106,0,111,84,0,84,195
08/05/2007,INT,NC,ASO,ES,Federal Contract Tower,0,6,25,0,31,0,2,81,2,85,0,8,106,2,116,24,2,26,142
08/06/2007,INT,NC,ASO,ES,Federal Contract Tower,0,5,41,0,46,0,1,66,0,67,0,6,107,0,113,26,0,26,139
08/07/2007,INT,NC,ASO,ES,Federal Contract Tower,0,3,34,0,37,0,1,31,0,32,0,4,65,0,69,58,0,58,127
08/08/2007,INT,NC,ASO,ES,Federal Contract Tower,0,14,31,0,45,0,0,60,0,60,0,14,91,0,105,38,0,38,143
08/09/2007,INT,NC,ASO,ES,Federal Contract Tower,0,7,39,0,46,0,4,51,0,55,0,11,90,0,101,60,0,60,161
08/10/2007,INT,NC,ASO,ES,Federal Contract Tower,1,7,35,0,43,0,8,48,0,56,1,15,83,0,99,14,0,14,113
08/11/2007,INT,NC,ASO,ES,Federal Contract Tower,3,7,18,0,28,0,3,64,0,67,3,10,82,0,95,26,0,26,121
08/12/2007,INT,NC,ASO,ES,Federal Contract Tower,1,2,24,0,27,0,0,59,0,59,1,2,83,0,86,34,0,34,120
08/13/2007,INT,NC,ASO,ES,Federal Contract Tower,1,3,26,0,30,0,0,68,0,68,1,3,94,0,98,42,0,42,140
08/14/2007,INT,NC,ASO,ES,Federal Contract Tower,1,6,28,3,38,0,1,50,0,51,1,7,78,3,89,34,0,34,123
08/15/2007,INT,NC,ASO,ES,Federal Contract Tower,3,12,53,1,69,0,6,63,0,69,3,18,116,1,138,40,0,40,178
08/16/2007,INT,NC,ASO,ES,Federal Contract Tower,1,6,68,1,76,0,4,67,3,74,1,10,135,4,150,60,0,60,210
08/17/2007,INT,NC,ASO,ES,Federal Contract Tower,0,4,32,0,36,0,3,54,0,57,0,7,86,0,93,48,0,48,141
08/18/2007,INT,NC,ASO,ES,Federal Contract Tower,2,2,19,0,23,0,1,78,0,79,2,3,97,0,102,50,0,50,152
08/19/2007,INT,NC,ASO,ES,Federal Contract Tower,0,4,30,0,34,0,0,45,0,45,0,4,75,0,79,14,0,14,93
08/20/2007,INT,NC,ASO,ES,Federal Contract Tower,0,0,32,0,32,0,0,45,0,45,0,0,77,0,77,52,0,52,129
08/21/2007,INT,NC,ASO,ES,Federal Contract Tower,1,8,54,0,63,0,1,44,0,45,1,9,98,0,108,20,0,20,128
08/22/2007,INT,NC,ASO,ES,Federal Contract Tower,3,13,37,0,53,0,0,45,1,46,3,13,82,1,99,8,0,8,107
08/23/2007,INT,NC,ASO,ES,Federal Contract Tower,0,9,52,1,62,0,1,53,0,54,0,10,105,1,116,12,0,12,128
08/24/2007,INT,NC,ASO,ES,Federal Contract Tower,0,13,42,0,55,0,0,68,0,68,0,13,110,0,123,88,0,88,211
08/25/2007,INT,NC,ASO,ES,Federal Contract Tower,2,10,22,0,34,0,1,99,0,100,2,11,121,0,134,38,0,38,172
08/26/2007,INT,NC,ASO,ES,Federal Contract Tower,0,4,36,0,40,0,2,50,0,52,0,6,86,0,92,26,0,26,118
08/27/2007,INT,NC,ASO,ES,Federal Contract Tower,1,4,55,0,60,0,0,29,0,29,1,4,84,0,89,10,0,10,99
08/28/2007,INT,NC,ASO,ES,Federal Contract Tower,0,4,38,0,42,0,1,34,0,35,0,5,72,0,77,52,0,52,129
08/29/2007,INT,NC,ASO,ES,Federal Contract Tower,0,13,41,0,54,0,1,51,0,52,0,14,92,0,106,38,0,38,144
08/30/2007,INT,NC,ASO,ES,Federal Contract Tower,0,2,65,0,67,0,2,57,0,59,0,4,122,0,126,70,0,70,196
08/31/2007,INT,NC,ASO,ES,Federal Contract Tower,5,10,54,0,69,0,3,64,0,67,5,13,118,0,136,52,0,52,188
09/01/2007,INT,NC,ASO,ES,Federal Contract Tower,0,1,13,0,14,0,0,43,0,43,0,1,56,0,57,26,0,26,83
09/02/2007,INT,NC,ASO,ES,Federal Contract Tower,1,2,14,0,17,0,3,53,0,56,1,5,67,0,73,22,0,22,95
09/03/2007,INT,NC,ASO,ES,Federal Contract Tower,1,3,13,0,17,0,7,98,1,106,1,10,111,1,123,126,0,126,249
09/04/2007,INT,NC,ASO,ES,Federal Contract Tower,0,5,29,0,34,0,3,56,0,59,0,8,85,0,93,38,0,38,131
09/05/2007,INT,NC,ASO,ES,Federal Contract Tower,0,4,44,0,48,0,0,62,0,62,0,4,106,0,110,42,0,42,152
09/06/2007,INT,NC,ASO,ES,Federal Contract Tower,0,11,44,0,55,0,1,77,0,78,0,12,121,0,133,70,0,70,203
09/07/2007,INT,NC,ASO,ES,Federal Contract Tower,0,16,47,0,63,0,0,61,0,61,0,16,108,0,124,30,0,30,154
09/08/2007,INT,NC,ASO,ES,Federal Contract Tower,0,6,37,0,43,0,3,102,0,105,0,9,139,0,148,32,0,32,180
09/09/2007,INT,NC,ASO,ES,Federal Contract Tower,0,9,18,0,27,0,6,78,0,84,0,15,96,0,111,32,0,32,143
09/10/2007,INT,NC,ASO,ES,Federal Contract Tower,0,5,40,0,45,0,8,82,0,90,0,13,122,0,135,112,0,112,247
09/11/2007,INT,NC,ASO,ES,Federal Contract Tower,0,9,40,0,49,0,9,58,8,75,0,18,98,8,124,20,0,20,144
09/12/2007,INT,NC,ASO,ES,Federal Contract Tower,1,15,67,0,83,0,0,65,0,65,1,15,132,0,148,84,0,84,232
09/13/2007,INT,NC,ASO,ES,Federal Contract Tower,0,14,64,1,79,0,9,96,1,106,0,23,160,2,185,78,0,78,263
09/14/2007,INT,NC,ASO,ES,Federal Contract Tower,2,7,48,0,57,0,0,1,0,1,2,7,49,0,58,2,0,2,60
09/15/2007,INT,NC,ASO,ES,Federal Contract Tower,1,1,32,0,34,0,3,54,0,57,1,4,86,0,91,24,0,24,115
09/16/2007,INT,NC,ASO,ES,Federal Contract Tower,1,4,29,0,34,0,5,71,0,76,1,9,100,0,110,66,0,66,176
09/17/2007,INT,NC,ASO,ES,Federal Contract Tower,2,1,37,0,40,0,4,88,0,92,2,5,125,0,132,36,0,36,168
09/18/2007,INT,NC,ASO,ES,Federal Contract Tower,2,1,39,1,43,0,6,105,1,112,2,7,144,2,155,84,0,84,239
09/19/2007,INT,NC,ASO,ES,Federal Contract Tower,2,1,61,0,64,0,0,60,0,60,2,1,121,0,124,58,0,58,182
09/20/2007,INT,NC,ASO,ES,Federal Contract Tower,0,4,47,0,51,0,0,48,7,55,0,4,95,7,106,56,0,56,162
09/21/2007,INT,NC,ASO,ES,Federal Contract Tower,0,9,52,0,61,0,0,14,0,14,0,9,66,0,75,18,0,18,93
09/22/2007,INT,NC,ASO,ES,Federal Contract Tower,3,3,25,0,31,0,0,74,0,74,3,3,99,0,105,66,0,66,171
09/23/2007,INT,NC,ASO,ES,Federal Contract Tower,1,7,23,0,31,0,2,93,0,95,1,9,116,0,126,34,0,34,160
09/24/2007,INT,NC,ASO,ES,Federal Contract Tower,2,7,45,0,54,0,0,80,0,80,2,7,125,0,134,134,0,134,268
09/25/2007,INT,NC,ASO,ES,Federal Contract Tower,0,7,26,1,34,0,7,85,1,93,0,14,111,2,127,80,0,80,207
09/26/2007,INT,NC,ASO,ES,Federal Contract Tower,0,9,53,0,62,0,7,95,0,102,0,16,148,0,164,78,0,78,242
09/27/2007,INT,NC,ASO,ES,Federal Contract Tower,4,9,51,0,64,3,0,76,6,85,7,9,127,6,149,82,0,82,231
09/28/2007,INT,NC,ASO,ES,Federal Contract Tower,1,9,26,0,36,0,0,78,7,85,1,9,104,7,121,28,0,28,149
09/29/2007,INT,NC,ASO,ES,Federal Contract Tower,1,5,27,0,33,0,4,96,0,100,1,9,123,0,133,40,0,40,173
09/30/2007,INT,NC,ASO,ES,Federal Contract Tower,1,3,33,0,37,0,4,95,0,99,1,7,128,0,136,56,0,56,192
10/01/2007,INT,NC,ASO,ES,Federal Contract Tower,2,8,23,0,33,0,2,150,0,152,2,10,173,0,185,68,0,68,253
10/02/2007,INT,NC,ASO,ES,Federal Contract Tower,1,5,54,0,60,0,0,34,0,34,1,5,88,0,94,36,0,36,130
10/03/2007,INT,NC,ASO,ES,Federal Contract Tower,1,7,44,0,52,0,2,96,4,102,1,9,140,4,154,56,0,56,210
10/04/2007,INT,NC,ASO,ES,Federal Contract Tower,0,5,37,0,42,0,0,76,0,76,0,5,113,0,118,76,0,76,194
10/05/2007,INT,NC,ASO,ES,Federal Contract Tower,1,11,43,0,55,0,1,75,8,84,1,12,118,8,139,64,0,64,203
10/06/2007,INT,NC,ASO,ES,Federal Contract Tower,0,5,10,0,15,0,10,67,0,77,0,15,77,0,92,94,0,94,186
10/07/2007,INT,NC,ASO,ES,Federal Contract Tower,0,6,10,0,16,0,7,111,0,118,0,13,121,0,134,118,0,118,252
10/08/2007,INT,NC,ASO,ES,Federal Contract Tower,0,14,29,0,43,0,9,66,0,75,0,23,95,0,118,92,0,92,210
10/09/2007,INT,NC,ASO,ES,Federal Contract Tower,0,12,40,2,54,0,2,72,2,76,0,14,112,4,130,48,18,66,196
10/10/2007,INT,NC,ASO,ES,Federal Contract Tower,5,9,53,0,67,0,3,108,2,113,5,12,161,2,180,16,0,16,196
10/11/2007,INT,NC,ASO,ES,Federal Contract Tower,2,7,61,0,70,0,5,71,0,76,2,12,132,0,146,34,0,34,180
10/12/2007,INT,NC,ASO,ES,Federal Contract Tower,1,17,54,0,72,0,2,67,0,69,1,19,121,0,141,68,0,68,209
10/13/2007,INT,NC,ASO,ES,Federal Contract Tower,0,3,20,0,23,0,4,199,0,203,0,7,219,0,226,96,0,96,322
10/14/2007,INT,NC,ASO,ES,Federal Contract Tower,0,6,29,0,35,0,5,101,0,106,0,11,130,0,141,12,0,12,153
10/15/2007,INT,NC,ASO,ES,Federal Contract Tower,1,0,48,0,49,0,2,78,0,80,1,2,126,0,129,92,0,92,221
10/16/2007,INT,NC,ASO,ES,Federal Contract Tower,2,1,47,1,51,0,1,98,1,100,2,2,145,2,151,74,0,74,225
10/17/2007,INT,NC,ASO,ES,Federal Contract Tower,3,1,43,0,47,0,0,69,5,74,3,1,112,5,121,32,0,32,153
10/18/2007,INT,NC,ASO,ES,Federal Contract Tower,0,6,61,0,67,0,1,48,4,53,0,7,109,4,120,22,0,22,142
10/19/2007,INT,NC,ASO,ES,Federal Contract Tower,1,6,31,0,38,0,1,9,0,10,1,7,40,0,48,2,0,2,50
10/20/2007,INT,NC,ASO,ES,Federal Contract Tower,2,6,29,0,37,0,1,77,0,78,2,7,106,0,115,68,0,68,183
10/21/2007,INT,NC,ASO,ES,Federal Contract Tower,1,2,32,0,35,0,2,120,0,122,1,4,152,0,157,42,0,42,199
10/22/2007,INT,NC,ASO,ES,Federal Contract Tower,0,3,39,0,42,0,3,107,0,110,0,6,146,0,152,72,0,72,224
10/23/2007,INT,NC,ASO,ES,Federal Contract Tower,0,3,57,0,60,0,0,29,0,29,0,3,86,0,89,8,0,8,97
10/24/2007,INT,NC,ASO,ES,Federal Contract Tower,0,8,54,0,62,0,0,3,0,3,0,8,57,0,65,0,0,0,65
10/25/2007,INT,NC,ASO,ES,Federal Contract Tower,1,9,39,0,49,0,0,1,0,1,1,9,40,0,50,0,0,0,50
10/26/2007,INT,NC,ASO,ES,Federal Contract Tower,1,11,49,0,61,0,0,1,0,1,1,11,50,0,62,0,0,0,62
10/27/2007,INT,NC,ASO,ES,Federal Contract Tower,1,7,39,0,47,0,3,85,2,90,1,10,124,2,137,78,0,78,215
10/28/2007,INT,NC,ASO,ES,Federal Contract Tower,0,20,26,0,46,0,8,85,0,93,0,28,111,0,139,44,0,44,183
10/29/2007,INT,NC,ASO,ES,Federal Contract Tower,1,5,45,0,51,0,0,118,0,118,1,5,163,0,169,102,0,102,271
10/30/2007,INT,NC,ASO,ES,Federal Contract Tower,0,10,24,0,34,0,0,95,0,95,0,10,119,0,129,70,0,70,199
10/31/2007,INT,NC,ASO,ES,Federal Contract Tower,1,5,27,0,33,0,0,74,0,74,1,5,101,0,107,42,0,42,149
11/01/2007,INT,NC,ASO,ES,Federal Contract Tower,7,4,64,0,75,17,4,98,0,119,24,8,162,0,194,124,0,124,318
11/02/2007,INT,NC,ASO,ES,Federal Contract Tower,2,5,32,0,39,0,1,46,0,47,2,6,78,0,86,0,0,0,86
11/03/2007,INT,NC,ASO,ES,Federal Contract Tower,1,5,14,0,20,0,2,93,0,95,1,7,107,0,115,126,0,126,241
11/04/2007,INT,NC,ASO,ES,Federal Contract Tower,1,1,21,0,23,0,0,95,0,95,1,1,116,0,118,64,0,64,182
11/05/2007,INT,NC,ASO,ES,Federal Contract Tower,0,3,33,0,36,0,2,79,0,81,0,5,112,0,117,30,0,30,147
11/06/2007,INT,NC,ASO,ES,Federal Contract Tower,1,5,38,0,44,0,2,43,0,45,1,7,81,0,89,36,0,36,125
11/07/2007,INT,NC,ASO,ES,Federal Contract Tower,0,8,45,0,53,0,1,93,0,94,0,9,138,0,147,78,0,78,225
11/08/2007,INT,NC,ASO,ES,Federal Contract Tower,2,4,45,0,51,0,2,100,0,102,2,6,145,0,153,70,0,70,223
11/09/2007,INT,NC,ASO,ES,Federal Contract Tower,0,9,39,0,48,0,2,91,0,93,0,11,130,0,141,94,0,94,235
11/10/2007,INT,NC,ASO,ES,Federal Contract Tower,1,2,11,0,14,0,2,66,0,68,1,4,77,0,82,14,0,14,96
11/11/2007,INT,NC,ASO,ES,Federal Contract Tower,1,0,31,0,32,0,0,73,0,73,1,0,104,0,105,84,0,84,189
11/12/2007,INT,NC,ASO,ES,Federal Contract Tower,1,6,34,0,41,0,0,75,0,75,1,6,109,0,116,68,0,68,184
11/13/2007,INT,NC,ASO,ES,Federal Contract Tower,2,2,46,0,50,0,2,57,0,59,2,4,103,0,109,44,0,44,153
11/14/2007,INT,NC,ASO,ES,Federal Contract Tower,0,5,60,0,65,0,2,123,0,125,0,7,183,0,190,26,0,26,216
11/15/2007,INT,NC,ASO,ES,Federal Contract Tower,0,3,57,0,60,0,3,26,0,29,0,6,83,0,89,0,0,0,89
11/16/2007,INT,NC,ASO,ES,Federal Contract Tower,0,1,54,0,55,0,0,120,0,120,0,1,174,0,175,0,0,0,175
11/17/2007,INT,NC,ASO,ES,Federal Contract Tower,0,1,40,0,41,0,2,78,0,80,0,3,118,0,121,34,0,34,155
11/18/2007,INT,NC,ASO,ES,Federal Contract Tower,1,1,23,0,25,0,3,81,0,84,1,4,104,0,109,68,0,68,177
11/19/2007,INT,NC,ASO,ES,Federal Contract Tower,0,2,50,0,52,0,0,72,0,72,0,2,122,0,124,64,0,64,188
11/20/2007,INT,NC,ASO,ES,Federal Contract Tower,0,15,37,0,52,0,2,99,0,101,0,17,136,0,153,100,0,100,253
11/21/2007,INT,NC,ASO,ES,Federal Contract Tower,0,8,38,0,46,0,2,60,0,62,0,10,98,0,108,32,0,32,140
11/22/2007,INT,NC,ASO,ES,Federal Contract Tower,0,2,2,0,4,0,7,4,0,11,0,9,6,0,15,0,0,0,15
11/23/2007,INT,NC,ASO,ES,Federal Contract Tower,1,3,16,0,20,0,5,60,0,65,1,8,76,0,85,88,0,88,173
11/24/2007,INT,NC,ASO,ES,Federal Contract Tower,0,1,18,0,19,0,2,103,0,105,0,3,121,0,124,48,0,48,172
11/25/2007,INT,NC,ASO,ES,Federal Contract Tower,2,14,39,0,55,0,0,12,0,12,2,14,51,0,67,6,0,6,73
11/26/2007,INT,NC,ASO,ES,Federal Contract Tower,1,0,11,0,12,0,0,0,0,0,1,0,11,0,12,0,0,0,12
11/27/2007,INT,NC,ASO,ES,Federal Contract Tower,2,1,59,0,62,0,1,50,0,51,2,2,109,0,113,44,0,44,157
11/28/2007,INT,NC,ASO,ES,Federal Contract Tower,0,6,53,0,59,0,2,80,0,82,0,8,133,0,141,70,0,70,211
11/29/2007,INT,NC,ASO,ES,Federal Contract Tower,0,9,49,0,58,0,1,108,0,109,0,10,157,0,167,128,0,128,295
11/30/2007,INT,NC,ASO,ES,Federal Contract Tower,3,9,44,0,56,0,2,79,0,81,3,11,123,0,137,80,0,80,217
12/01/2007,INT,NC,ASO,ES,Federal Contract Tower,0,0,21,0,21,0,0,92,0,92,0,0,113,0,113,58,0,58,171
12/02/2007,INT,NC,ASO,ES,Federal Contract Tower,0,1,23,0,24,0,0,63,0,63,0,1,86,0,87,38,0,38,125
12/03/2007,INT,NC,ASO,ES,Federal Contract Tower,1,3,58,0,62,0,0,13,0,13,1,3,71,0,75,2,0,2,77
12/04/2007,INT,NC,ASO,ES,Federal Contract Tower,1,14,32,0,47,0,5,61,0,66,1,19,93,0,113,84,0,84,197
12/05/2007,INT,NC,ASO,ES,Federal Contract Tower,0,0,51,0,51,0,6,76,0,82,0,6,127,0,133,72,0,72,205
12/06/2007,INT,NC,ASO,ES,Federal Contract Tower,3,4,58,0,65,0,2,84,0,86,3,6,142,0,151,30,0,30,181
12/07/2007,INT,NC,ASO,ES,Federal Contract Tower,1,6,43,0,50,0,2,63,0,65,1,8,106,0,115,94,0,94,209
12/08/2007,INT,NC,ASO,ES,Federal Contract Tower,0,0,27,2,29,0,0,64,0,64,0,0,91,2,93,58,0,58,151
12/09/2007,INT,NC,ASO,ES,Federal Contract Tower,0,2,19,0,21,0,0,53,0,53,0,2,72,0,74,46,0,46,120
12/10/2007,INT,NC,ASO,ES,Federal Contract Tower,2,4,36,0,42,1,4,54,1,60,3,8,90,1,102,32,0,32,134
12/11/2007,INT,NC,ASO,ES,Federal Contract Tower,0,5,53,0,58,0,0,50,0,50,0,5,103,0,108,72,0,72,180
12/12/2007,INT,NC,ASO,ES,Federal Contract Tower,2,9,33,1,45,0,8,75,7,90,2,17,108,8,135,88,0,88,223
12/13/2007,INT,NC,ASO,ES,Federal Contract Tower,0,4,49,0,53,0,1,40,0,41,0,5,89,0,94,14,0,14,108
12/14/2007,INT,NC,ASO,ES,Federal Contract Tower,0,3,55,0,58,0,1,84,5,90,0,4,139,5,148,22,0,22,170
12/15/2007,INT,NC,ASO,ES,Federal Contract Tower,2,2,19,0,23,0,0,0,0,0,2,2,19,0,23,0,0,0,23
12/16/2007,INT,NC,ASO,ES,Federal Contract Tower,1,1,9,0,11,0,0,0,0,0,1,1,9,0,11,0,0,0,11
12/17/2007,INT,NC,ASO,ES,Federal Contract Tower,1,7,40,0,48,0,3,50,0,53,1,10,90,0,101,4,0,4,105
12/18/2007,INT,NC,ASO,ES,Federal Contract Tower,1,4,44,0,49,0,2,44,0,46,1,6,88,0,95,60,0,60,155
12/19/2007,INT,NC,ASO,ES,Federal Contract Tower,2,4,40,0,46,0,2,55,0,57,2,6,95,0,103,28,0,28,131
12/20/2007,INT,NC,ASO,ES,Federal Contract Tower,1,3,41,0,45,0,6,85,0,91,1,9,126,0,136,94,0,94,230
12/21/2007,INT,NC,ASO,ES,Federal Contract Tower,1,5,24,0,30,0,0,4,0,4,1,5,28,0,34,0,0,0,34
12/22/2007,INT,NC,ASO,ES,Federal Contract Tower,2,2,17,0,21,0,0,4,0,4,2,2,21,0,25,16,0,16,41
12/23/2007,INT,NC,ASO,ES,Federal Contract Tower,0,2,17,0,19,0,0,1,0,1,0,2,18,0,20,0,0,0,20
12/24/2007,INT,NC,ASO,ES,Federal Contract Tower,0,1,11,0,12,0,3,26,0,29,0,4,37,0,41,4,0,4,45
12/25/2007,INT,NC,ASO,ES,Federal Contract Tower,0,2,5,0,7,0,0,10,0,10,0,2,15,0,17,6,0,6,23
12/26/2007,INT,NC,ASO,ES,Federal Contract Tower,1,3,24,0,28,0,0,46,0,46,1,3,70,0,74,42,0,42,116
12/27/2007,INT,NC,ASO,ES,Federal Contract Tower,3,4,19,0,26,0,1,100,0,101,3,5,119,0,127,72,0,72,199
12/28/2007,INT,NC,ASO,ES,Federal Contract Tower,1,4,20,0,25,0,0,2,0,2,1,4,22,0,27,24,0,24,51
12/29/2007,INT,NC,ASO,ES,Federal Contract Tower,0,0,13,0,13,0,0,0,0,0,0,0,13,0,13,0,0,0,13
12/30/2007,INT,NC,ASO,ES,Federal Contract Tower,1,0,5,0,6,0,0,0,0,0,1,0,5,0,6,0,0,0,6
12/31/2007,INT,NC,ASO,ES,Federal Contract Tower,4,0,17,0,21,0,17,80,0,97,4,17,97,0,118,52,0,52,170
01/01/2008,INT,NC,ASO,ES,Federal Contract Tower,0,0,8,0,8,0,6,35,0,41,0,6,43,0,49,28,0,28,77
01/02/2008,INT,NC,ASO,ES,Federal Contract Tower,3,1,14,0,18,0,1,26,0,27,3,2,40,0,45,0,0,0,45
01/03/2008,INT,NC,ASO,ES,Federal Contract Tower,2,2,24,0,28,0,0,61,2,63,2,2,85,2,91,14,0,14,105
01/04/2008,INT,NC,ASO,ES,Federal Contract Tower,1,4,24,0,29,0,0,91,0,91,1,4,115,0,120,60,0,60,180
01/05/2008,INT,NC,ASO,ES,Federal Contract Tower,1,1,21,0,23,0,2,84,2,88,1,3,105,2,111,82,0,82,193
01/06/2008,INT,NC,ASO,ES,Federal Contract Tower,0,8,20,0,28,0,2,96,0,98,0,10,116,0,126,56,0,56,182
01/07/2008,INT,NC,ASO,ES,Federal Contract Tower,2,3,22,0,27,0,9,90,0,99,2,12,112,0,126,140,0,140,266
01/08/2008,INT,NC,ASO,ES,Federal Contract Tower,1,12,40,0,53,0,9,31,0,40,1,21,71,0,93,56,0,56,149
01/09/2008,INT,NC,ASO,ES,Federal Contract Tower,0,9,37,0,46,0,5,77,0,82,0,14,114,0,128,66,0,66,194
01/10/2008,INT,NC,ASO,ES,Federal Contract Tower,0,2,47,0,49,0,1,12,0,13,0,3,59,0,62,4,0,4,66
01/11/2008,INT,NC,ASO,ES,Federal Contract Tower,3,9,23,0,35,0,0,42,0,42,3,9,65,0,77,30,0,30,107
01/12/2008,INT,NC,ASO,ES,Federal Contract Tower,0,4,27,0,31,0,0,118,0,118,0,4,145,0,149,76,0,76,225
01/13/2008,INT,NC,ASO,ES,Federal Contract Tower,0,7,19,0,26,0,2,38,0,40,0,9,57,0,66,68,0,68,134
01/14/2008,INT,NC,ASO,ES,Federal Contract Tower,0,9,36,0,45,0,9,74,0,83,0,18,110,0,128,52,0,52,180
01/15/2008,INT,NC,ASO,ES,Federal Contract Tower,1,4,40,0,45,0,7,48,0,55,1,11,88,0,100,26,0,26,126
01/16/2008,INT,NC,ASO,ES,Federal Contract Tower,2,10,54,0,66,0,4,76,9,89,2,14,130,9,155,64,0,64,219
01/17/2008,INT,NC,ASO,ES,Federal Contract Tower,3,3,15,0,21,0,0,0,0,0,3,3,15,0,21,0,0,0,21
01/18/2008,INT,NC,ASO,ES,Federal Contract Tower,1,5,26,0,32,0,0,12,0,12,1,5,38,0,44,0,0,0,44
01/19/2008,INT,NC,ASO,ES,Federal Contract Tower,0,5,5,0,10,0,0,0,0,0,0,5,5,0,10,0,0,0,10
01/20/2008,INT,NC,ASO,ES,Federal Contract Tower,1,2,14,0,17,0,8,83,0,91,1,10,97,0,108,70,0,70,178
01/21/2008,INT,NC,ASO,ES,Federal Contract Tower,2,3,20,0,25,0,6,62,0,68,2,9,82,0,93,26,0,26,119
01/22/2008,INT,NC,ASO,ES,Federal Contract Tower,0,7,45,0,52,0,0,2,0,2,0,7,47,0,54,0,0,0,54
01/23/2008,INT,NC,ASO,ES,Federal Contract Tower,1,6,53,0,60,0,4,66,0,70,1,10,119,0,130,30,0,30,160
01/24/2008,INT,NC,ASO,ES,Federal Contract Tower,2,2,45,0,49,0,5,47,0,52,2,7,92,0,101,38,0,38,139
01/25/2008,INT,NC,ASO,ES,Federal Contract Tower,1,4,34,0,39,0,2,88,0,90,1,6,122,0,129,16,0,16,145
01/26/2008,INT,NC,ASO,ES,Federal Contract Tower,1,5,18,0,24,0,5,133,0,138,1,10,151,0,162,126,0,126,288
01/27/2008,INT,NC,ASO,ES,Federal Contract Tower,1,4,21,0,26,0,6,74,0,80,1,10,95,0,106,46,0,46,152
01/28/2008,INT,NC,ASO,ES,Federal Contract Tower,0,2,18,0,20,0,4,93,0,97,0,6,111,0,117,88,0,88,205
01/29/2008,INT,NC,ASO,ES,Federal Contract Tower,0,2,30,0,32,0,2,47,0,49,0,4,77,0,81,12,0,12,93
01/30/2008,INT,NC,ASO,ES,Federal Contract Tower,0,5,35,1,41,0,0,89,0,89,0,5,124,1,130,34,2,36,166
01/31/2008,INT,NC,ASO,ES,Federal Contract Tower,0,3,43,0,46,0,2,56,0,58,0,5,99,0,104,64,0,64,168
02/01/2008,INT,NC,ASO,ES,Federal Contract Tower,4,10,30,0,44,0,3,3,0,6,4,13,33,0,50,0,0,0,50
02/02/2008,INT,NC,ASO,ES,Federal Contract Tower,0,5,17,0,22,0,4,127,0,131,0,9,144,0,153,58,0,58,211
02/03/2008,INT,NC,ASO,ES,Federal Contract Tower,0,4,11,0,15,0,1,88,0,89,0,5,99,0,104,44,0,44,148
02/04/2008,INT,NC,ASO,ES,Federal Contract Tower,1,2,38,0,41,0,3,33,0,36,1,5,71,0,77,56,0,56,133
02/05/2008,INT,NC,ASO,ES,Federal Contract Tower,4,5,39,0,48,0,3,53,0,56,4,8,92,0,104,70,0,70,174
02/06/2008,INT,NC,ASO,ES,Federal Contract Tower,0,11,32,0,43,0,0,7,0,7,0,11,39,0,50,0,0,0,50
02/07/2008,INT,NC,ASO,ES,Federal Contract Tower,2,11,46,0,59,0,5,60,0,65,2,16,106,0,124,28,0,28,152
02/08/2008,INT,NC,ASO,ES,Federal Contract Tower,2,9,36,0,47,0,9,87,0,96,2,18,123,0,143,30,0,30,173
02/09/2008,INT,NC,ASO,ES,Federal Contract Tower,3,5,26,0,34,0,8,117,0,125,3,13,143,0,159,60,2,62,221
02/10/2008,INT,NC,ASO,ES,Federal Contract Tower,3,8,14,0,25,0,4,20,2,26,3,12,34,2,51,14,0,14,65
02/11/2008,INT,NC,ASO,ES,Federal Contract Tower,6,4,34,0,44,0,0,61,0,61,6,4,95,0,105,18,0,18,123
02/12/2008,INT,NC,ASO,ES,Federal Contract Tower,1,2,45,0,48,0,4,6,0,10,1,6,51,0,58,6,0,6,64
02/13/2008,INT,NC,ASO,ES,Federal Contract Tower,7,4,25,0,36,0,0,15,0,15,7,4,40,0,51,18,0,18,69
02/14/2008,INT,NC,ASO,ES,Federal Contract Tower,1,2,33,0,36,0,3,47,3,53,1,5,80,3,89,40,0,40,129
02/15/2008,INT,NC,ASO,ES,Federal Contract Tower,0,10,47,0,57,0,0,49,0,49,0,10,96,0,106,14,0,14,120
02/16/2008,INT,NC,ASO,ES,Federal Contract Tower,3,1,20,0,24,0,0,83,0,83,3,1,103,0,107,64,0,64,171
02/17/2008,INT,NC,ASO,ES,Federal Contract Tower,2,6,19,0,27,0,0,11,0,11,2,6,30,0,38,0,0,0,38
02/18/2008,INT,NC,ASO,ES,Federal Contract Tower,1,0,37,0,38,0,4,26,0,30,1,4,63,0,68,8,0,8,76
02/19/2008,INT,NC,ASO,ES,Federal Contract Tower,2,3,33,0,38,0,1,31,0,32,2,4,64,0,70,0,0,0,70
02/20/2008,INT,NC,ASO,ES,Federal Contract Tower,0,14,37,0,51,0,3,48,0,51,0,17,85,0,102,6,0,6,108
02/21/2008,INT,NC,ASO,ES,Federal Contract Tower,0,6,43,0,49,0,0,54,0,54,0,6,97,0,103,30,0,30,133
02/22/2008,INT,NC,ASO,ES,Federal Contract Tower,2,3,17,0,22,0,0,0,0,0,2,3,17,0,22,0,0,0,22
02/23/2008,INT,NC,ASO,ES,Federal Contract Tower,1,0,21,0,22,0,3,73,0,76,1,3,94,0,98,14,0,14,112
02/24/2008,INT,NC,ASO,ES,Federal Contract Tower,1,3,40,0,44,0,4,21,0,25,1,7,61,0,69,52,0,52,121
02/25/2008,INT,NC,ASO,ES,Federal Contract Tower,3,7,49,0,59,0,2,112,0,114,3,9,161,0,173,40,0,40,213
02/26/2008,INT,NC,ASO,ES,Federal Contract Tower,2,1,61,0,64,0,1,2,0,3,2,2,63,0,67,6,0,6,73
02/27/2008,INT,NC,ASO,ES,Federal Contract Tower,0,5,53,0,58,0,1,27,0,28,0,6,80,0,86,8,0,8,94
02/28/2008,INT,NC,ASO,ES,Federal Contract Tower,3,7,51,0,61,0,8,86,0,94,3,15,137,0,155,24,0,24,179
02/29/2008,INT,NC,ASO,ES,Federal Contract Tower,0,2,31,0,33,0,0,43,0,43,0,2,74,0,76,8,0,8,84
03/01/2008,INT,NC,ASO,ES,Federal Contract Tower,1,5,8,0,14,0,8,53,0,61,1,13,61,0,75,6,0,6,81
03/02/2008,INT,NC,ASO,ES,Federal Contract Tower,2,5,29,1,37,0,2,117,0,119,2,7,146,1,156,26,2,28,184
03/03/2008,INT,NC,ASO,ES,Federal Contract Tower,0,6,34,0,40,0,5,65,0,70,0,11,99,0,110,20,0,20,130
03/04/2008,INT,NC,ASO,ES,Federal Contract Tower,6,2,28,0,36,0,0,0,0,0,6,2,28,0,36,0,0,0,36
03/05/2008,INT,NC,ASO,ES,Federal Contract Tower,6,5,39,0,50,0,2,111,6,119,6,7,150,6,169,28,0,28,197
03/06/2008,INT,NC,ASO,ES,Federal Contract Tower,7,10,47,0,64,0,3,137,0,140,7,13,184,0,204,64,0,64,268
03/07/2008,INT,NC,ASO,ES,Federal Contract Tower,1,11,24,0,36,0,0,0,0,0,1,11,24,0,36,2,0,2,38
03/08/2008,INT,NC,ASO,ES,Federal Contract Tower,5,4,9,0,18,0,1,1,0,2,5,5,10,0,20,0,0,0,20
03/09/2008,INT,NC,ASO,ES,Federal Contract Tower,7,5,26,0,38,0,1,88,0,89,7,6,114,0,127,30,0,30,157
03/10/2008,INT,NC,ASO,ES,Federal Contract Tower,1,3,29,0,33,0,0,87,0,87,1,3,116,0,120,16,0,16,136
03/11/2008,INT,NC,ASO,ES,Federal Contract Tower,1,3,50,0,54,0,0,59,5,64,1,3,109,5,118,30,0,30,148
03/12/2008,INT,NC,ASO,ES,Federal Contract Tower,1,5,39,0,45,0,4,74,0,78,1,9,113,0,123,6,0,6,129
03/13/2008,INT,NC,ASO,ES,Federal Contract Tower,2,5,46,0,53,0,8,95,4,107,2,13,141,4,160,82,0,82,242
03/14/2008,INT,NC,ASO,ES,Federal Contract Tower,3,3,24,0,30,0,7,82,0,89,3,10,106,0,119,6,0,6,125
03/15/2008,INT,NC,ASO,ES,Federal Contract Tower,1,0,13,0,14,0,8,47,0,55,1,8,60,0,69,42,0,42,111
03/16/2008,INT,NC,ASO,ES,Federal Contract Tower,2,2,28,0,32,0,2,80,0,82,2,4,108,0,114,54,0,54,168
03/17/2008,INT,NC,ASO,ES,Federal Contract Tower,1,3,31,0,35,0,1,77,0,78,1,4,108,0,113,112,0,112,225
03/18/2008,INT,NC,ASO,ES,Federal Contract Tower,2,6,29,1,38,0,1,62,0,63,2,7,91,1,101,96,0,96,197
03/19/2008,INT,NC,ASO,ES,Federal Contract Tower,1,4,50,0,55,0,1,6,0,7,1,5,56,0,62,2,0,2,64
03/20/2008,INT,NC,ASO,ES,Federal Contract Tower,3,2,66,0,71,0,3,51,5,59,3,5,117,5,130,48,4,52,182
03/21/2008,INT,NC,ASO,ES,Federal Contract Tower,4,2,38,0,44,0,7,109,0,116,4,9,147,0,160,116,0,116,276
03/22/2008,INT,NC,ASO,ES,Federal Contract Tower,5,2,9,0,16,0,7,101,0,108,5,9,110,0,124,60,0,60,184
03/23/2008,INT,NC,ASO,ES,Federal Contract Tower,5,2,16,0,23,0,1,34,0,35,5,3,50,0,58,28,0,28,86
03/24/2008,INT,NC,ASO,ES,Federal Contract Tower,4,4,40,0,48,0,2,38,0,40,4,6,78,0,88,28,0,28,116
03/25/2008,INT,NC,ASO,ES,Federal Contract Tower,0,9,26,0,35,0,10,88,0,98,0,19,114,0,133,46,0,46,179
03/26/2008,INT,NC,ASO,ES,Federal Contract Tower,4,8,25,0,37,0,1,78,8,87,4,9,103,8,124,90,0,90,214
03/27/2008,INT,NC,ASO,ES,Federal Contract Tower,6,6,42,0,54,0,5,60,0,65,6,11,102,0,119,34,0,34,153
03/28/2008,INT,NC,ASO,ES,Federal Contract Tower,5,11,32,0,48,0,2,99,6,107,5,13,131,6,155,88,6,94,249
03/29/2008,INT,NC,ASO,ES,Federal Contract Tower,2,4,29,0,35,0,2,17,0,19,2,6,46,0,54,12,0,12,66
03/30/2008,INT,NC,ASO,ES,Federal Contract Tower,2,1,36,0,39,0,0,19,0,19,2,1,55,0,58,32,0,32,90
03/31/2008,INT,NC,ASO,ES,Federal Contract Tower,4,0,25,0,29,0,0,0,0,0,4,0,25,0,29,2,0,2,31
04/01/2008,INT,NC,ASO,ES,Federal Contract Tower,1,2,27,0,30,0,3,6,0,9,1,5,33,0,39,0,0,0,39
04/02/2008,INT,NC,ASO,ES,Federal Contract Tower,0,1,45,0,46,0,10,100,9,119,0,11,145,9,165,110,10,120,285
04/03/2008,INT,NC,ASO,ES,Federal Contract Tower,5,7,57,0,69,0,8,18,0,26,5,15,75,0,95,2,0,2,97
04/04/2008,INT,NC,ASO,ES,Federal Contract Tower,8,6,30,0,44,0,0,0,0,0,8,6,30,0,44,4,0,4,48
04/05/2008,INT,NC,ASO,ES,Federal Contract Tower,0,1,12,0,13,0,2,5,0,7,0,3,17,0,20,4,0,4,24
04/06/2008,INT,NC,ASO,ES,Federal Contract Tower,5,9,28,0,42,0,0,1,0,1,5,9,29,0,43,0,0,0,43
04/07/2008,INT,NC,ASO,ES,Federal Contract Tower,4,6,53,0,63,0,2,5,0,7,4,8,58,0,70,28,0,28,98
04/08/2008,INT,NC,ASO,ES,Federal Contract Tower,0,7,43,0,50,0,2,65,0,67,0,9,108,0,117,28,0,28,145
04/09/2008,INT,NC,ASO,ES,Federal Contract Tower,2,8,42,0,52,0,6,114,2,122,2,14,156,2,174,168,0,168,342
04/10/2008,INT,NC,ASO,ES,Federal Contract Tower,1,12,42,0,55,0,13,97,0,110,1,25,139,0,165,80,0,80,245
04/11/2008,INT,NC,ASO,ES,Federal Contract Tower,0,14,39,0,53,0,2,67,2,71,0,16,106,2,124,70,6,76,200
04/12/2008,INT,NC,ASO,ES,Federal Contract Tower,2,2,11,0,15,0,3,28,0,31,2,5,39,0,46,12,0,12,58
04/13/2008,INT,NC,ASO,ES,Federal Contract Tower,4,10,34,0,48,0,2,65,0,67,4,12,99,0,115,44,0,44,159
04/14/2008,INT,NC,ASO,ES,Federal Contract Tower,1,6,28,0,35,0,2,108,0,110,1,8,136,0,145,44,0,44,189
04/15/2008,INT,NC,ASO,ES,Federal Contract Tower,1,8,37,0,46,0,9,71,0,80,1,17,108,0,126,68,0,68,194
04/16/2008,INT,NC,ASO,ES,Federal Contract Tower,0,1,48,0,49,0,3,88,0,91,0,4,136,0,140,50,0,50,190
04/17/2008,INT,NC,ASO,ES,Federal Contract Tower,1,5,39,0,45,0,3,143,4,150,1,8,182,4,195,96,0,96,291
04/18/2008,INT,NC,ASO,ES,Federal Contract Tower,3,2,35,0,40,0,0,136,0,136,3,2,171,0,176,56,0,56,232
04/19/2008,INT,NC,ASO,ES,Federal Contract Tower,1,4,17,0,22,0,1,78,0,79,1,5,95,0,101,64,0,64,165
04/20/2008,INT,NC,ASO,ES,Federal Contract Tower,0,6,31,0,37,0,5,54,0,59,0,11,85,0,96,10,0,10,106
04/21/2008,INT,NC,ASO,ES,Federal Contract Tower,1,10,31,1,43,0,0,0,0,0,1,10,31,1,43,0,0,0,43
04/22/2008,INT,NC,ASO,ES,Federal Contract Tower,1,8,49,0,58,0,0,20,0,20,1,8,69,0,78,10,0,10,88
04/23/2008,INT,NC,ASO,ES,Federal Contract Tower,0,9,45,0,54,0,3,52,0,55,0,12,97,0,109,14,0,14,123
04/24/2008,INT,NC,ASO,ES,Federal Contract Tower,0,5,54,0,59,0,4,98,0,102,0,9,152,0,161,18,0,18,179
04/25/2008,INT,NC,ASO,ES,Federal Contract Tower,0,2,38,0,40,0,5,60,0,65,0,7,98,0,105,12,0,12,117
04/26/2008,INT,NC,ASO,ES,Federal Contract Tower,1,4,12,0,17,0,7,42,0,49,1,11,54,0,66,0,0,0,66
04/27/2008,INT,NC,ASO,ES,Federal Contract Tower,3,3,27,0,33,1,2,79,0,82,4,5,106,0,115,0,0,0,115
04/28/2008,INT,NC,ASO,ES,Federal Contract Tower,2,4,34,0,40,0,6,8,1,15,2,10,42,1,55,14,0,14,69
04/29/2008,INT,NC,ASO,ES,Federal Contract Tower,1,3,47,0,51,0,6,94,1,101,1,9,141,1,152,88,0,88,240
04/30/2008,INT,NC,ASO,ES,Federal Contract Tower,1,9,35,0,45,0,11,99,0,110,1,20,134,0,155,132,0,132,287
05/01/2008,INT,NC,ASO,ES,Federal Contract Tower,2,10,38,0,50,0,2,103,2,107,2,12,141,2,157,52,0,52,209
05/02/2008,INT,NC,ASO,ES,Federal Contract Tower,0,9,44,1,54,0,3,93,10,106,0,12,137,11,160,70,12,82,242
05/03/2008,INT,NC,ASO,ES,Federal Contract Tower,3,3,11,0,17,0,3,40,0,43,3,6,51,0,60,32,0,32,92
05/04/2008,INT,NC,ASO,ES,Federal Contract Tower,6,4,20,0,30,0,1,66,0,67,6,5,86,0,97,20,0,20,117
05/05/2008,INT,NC,ASO,ES,Federal Contract Tower,1,4,32,0,37,0,14,105,1,120,1,18,137,1,157,60,0,60,217
05/06/2008,INT,NC,ASO,ES,Federal Contract Tower,0,10,33,0,43,0,6,100,2,108,0,16,133,2,151,98,0,98,249
05/07/2008,INT,NC,ASO,ES,Federal Contract Tower,1,13,41,0,55,0,1,121,0,122,1,14,162,0,177,88,0,88,265
05/08/2008,INT,NC,ASO,ES,Federal Contract Tower,1,5,54,0,60,0,0,36,0,36,1,5,90,0,96,26,0,26,122
05/09/2008,INT,NC,ASO,ES,Federal Contract Tower,2,6,27,0,35,0,1,55,0,56,2,7,82,0,91,66,0,66,157
05/10/2008,INT,NC,ASO,ES,Federal Contract Tower,0,0,0,0,0,0,5,5,0,10,0,5,5,0,10,0,0,0,10
05/11/2008,INT,NC,ASO,ES,Federal Contract Tower,0,0,0,0,0,0,0,0,0,0,0,0,0,0,0,0,0,0,0
05/12/2008,INT,NC,ASO,ES,Federal Contract Tower,3,7,27,0,37,0,12,24,0,36,3,19,51,0,73,8,0,8,81
05/13/2008,INT,NC,ASO,ES,Federal Contract Tower,0,5,37,2,44,0,1,95,0,96,0,6,132,2,140,52,4,56,196
05/14/2008,INT,NC,ASO,ES,Federal Contract Tower,0,7,34,0,41,0,0,54,0,54,0,7,88,0,95,84,0,84,179
05/15/2008,INT,NC,ASO,ES,Federal Contract Tower,2,7,35,0,44,0,2,49,0,51,2,9,84,0,95,84,0,84,179
05/16/2008,INT,NC,ASO,ES,Federal Contract Tower,2,10,28,0,40,0,1,25,0,26,2,11,53,0,66,34,0,34,100
05/17/2008,INT,NC,ASO,ES,Federal Contract Tower,0,0,0,0,0,0,11,5,0,16,0,11,5,0,16,0,0,0,16
05/18/2008,INT,NC,ASO,ES,Federal Contract Tower,0,0,0,0,0,0,1,0,0,1,0,1,0,0,1,0,0,0,1
05/19/2008,INT,NC,ASO,ES,Federal Contract Tower,3,14,46,0,63,0,7,76,0,83,3,21,122,0,146,86,0,86,232
05/20/2008,INT,NC,ASO,ES,Federal Contract Tower,0,4,26,0,30,0,2,39,0,41,0,6,65,0,71,50,0,50,121
05/21/2008,INT,NC,ASO,ES,Federal Contract Tower,5,11,50,0,66,0,2,101,0,103,5,13,151,0,169,30,0,30,199
05/22/2008,INT,NC,ASO,ES,Federal Contract Tower,3,9,54,0,66,0,7,81,0,88,3,16,135,0,154,86,0,86,240
05/23/2008,INT,NC,ASO,ES,Federal Contract Tower,0,2,37,0,39,0,2,93,7,102,0,4,130,7,141,32,0,32,173
05/24/2008,INT,NC,ASO,ES,Federal Contract Tower,0,4,22,0,26,0,5,79,0,84,0,9,101,0,110,52,0,52,162
05/25/2008,INT,NC,ASO,ES,Federal Contract Tower,0,0,15,0,15,0,1,87,0,88,0,1,102,0,103,68,0,68,171
05/26/2008,INT,NC,ASO,ES,Federal Contract Tower,5,4,25,0,34,0,2,97,0,99,5,6,122,0,133,94,0,94,227
05/27/2008,INT,NC,ASO,ES,Federal Contract Tower,1,5,47,0,53,0,7,57,0,64,1,12,104,0,117,58,0,58,175
05/28/2008,INT,NC,ASO,ES,Federal Contract Tower,1,9,40,0,50,0,0,6,0,6,1,9,46,0,56,0,0,0,56
05/29/2008,INT,NC,ASO,ES,Federal Contract Tower,2,7,50,0,59,0,0,105,1,106,2,7,155,1,165,72,0,72,237
05/30/2008,INT,NC,ASO,ES,Federal Contract Tower,2,7,34,0,43,0,4,85,3,92,2,11,119,3,135,110,0,110,245
05/31/2008,INT,NC,ASO,ES,Federal Contract Tower,0,1,15,0,16,0,7,56,0,63,0,8,71,0,79,26,0,26,105
06/01/2008,INT,NC,ASO,ES,Federal Contract Tower,1,6,20,0,27,0,4,60,0,64,1,10,80,0,91,46,0,46,137
06/02/2008,INT,NC,ASO,ES,Federal Contract Tower,4,7,31,0,42,0,11,74,0,85,4,18,105,0,127,4,0,4,131
06/03/2008,INT,NC,ASO,ES,Federal Contract Tower,1,2,36,0,39,0,3,50,0,53,1,5,86,0,92,18,0,18,110
06/04/2008,INT,NC,ASO,ES,Federal Contract Tower,0,8,36,0,44,0,6,35,0,41,0,14,71,0,85,50,0,50,135
06/05/2008,INT,NC,ASO,ES,Federal Contract Tower,1,14,28,0,43,0,2,77,0,79,1,16,105,0,122,40,2,42,164
06/06/2008,INT,NC,ASO,ES,Federal Contract Tower,1,8,26,0,35,0,3,64,7,74,1,11,90,7,109,52,0,52,161
06/07/2008,INT,NC,ASO,ES,Federal Contract Tower,0,2,17,0,19,0,5,102,0,107,0,7,119,0,126,84,0,84,210
06/08/2008,INT,NC,ASO,ES,Federal Contract Tower,0,8,22,0,30,0,3,60,0,63,0,11,82,0,93,20,0,20,113
06/09/2008,INT,NC,ASO,ES,Federal Contract Tower,1,6,32,0,39,0,2,51,0,53,1,8,83,0,92,34,0,34,126
06/10/2008,INT,NC,ASO,ES,Federal Contract Tower,0,3,36,0,39,0,3,57,0,60,0,6,93,0,99,52,0,52,151
06/11/2008,INT,NC,ASO,ES,Federal Contract Tower,2,4,26,0,32,0,6,65,0,71,2,10,91,0,103,48,0,48,151
06/12/2008,INT,NC,ASO,ES,Federal Contract Tower,3,4,40,0,47,0,3,65,0,68,3,7,105,0,115,122,0,122,237
06/13/2008,INT,NC,ASO,ES,Federal Contract Tower,0,10,39,0,49,0,3,50,0,53,0,13,89,0,102,74,0,74,176
06/14/2008,INT,NC,ASO,ES,Federal Contract Tower,0,1,27,0,28,0,3,75,4,82,0,4,102,4,110,76,2,78,188
06/15/2008,INT,NC,ASO,ES,Federal Contract Tower,2,3,22,0,27,0,1,47,0,48,2,4,69,0,75,46,0,46,121
06/16/2008,INT,NC,ASO,ES,Federal Contract Tower,0,1,62,0,63,0,0,83,0,83,0,1,145,0,146,52,0,52,198
06/17/2008,INT,NC,ASO,ES,Federal Contract Tower,1,6,38,0,45,0,0,57,0,57,1,6,95,0,102,48,0,48,150
06/18/2008,INT,NC,ASO,ES,Federal Contract Tower,0,5,41,0,46,0,0,77,0,77,0,5,118,0,123,22,0,22,145
06/19/2008,INT,NC,ASO,ES,Federal Contract Tower,2,3,46,0,51,0,4,80,0,84,2,7,126,0,135,96,0,96,231
06/20/2008,INT,NC,ASO,ES,Federal Contract Tower,5,1,38,0,44,0,4,86,0,90,5,5,124,0,134,74,0,74,208
06/21/2008,INT,NC,ASO,ES,Federal Contract Tower,4,2,13,0,19,0,6,72,1,79,4,8,85,1,98,14,0,14,112
06/22/2008,INT,NC,ASO,ES,Federal Contract Tower,1,6,15,0,22,0,6,25,0,31,1,12,40,0,53,2,0,2,55
06/23/2008,INT,NC,ASO,ES,Federal Contract Tower,2,3,17,0,22,0,1,30,0,31,2,4,47,0,53,20,0,20,73
06/24/2008,INT,NC,ASO,ES,Federal Contract Tower,0,4,55,0,59,0,5,83,0,88,0,9,138,0,147,62,0,62,209
06/25/2008,INT,NC,ASO,ES,Federal Contract Tower,0,3,45,0,48,0,2,72,2,76,0,5,117,2,124,42,0,42,166
06/26/2008,INT,NC,ASO,ES,Federal Contract Tower,2,3,54,0,59,0,2,64,0,66,2,5,118,0,125,26,0,26,151
06/27/2008,INT,NC,ASO,ES,Federal Contract Tower,0,3,30,0,33,0,0,45,0,45,0,3,75,0,78,10,0,10,88
06/28/2008,INT,NC,ASO,ES,Federal Contract Tower,1,8,13,0,22,0,0,77,0,77,1,8,90,0,99,32,0,32,131
06/29/2008,INT,NC,ASO,ES,Federal Contract Tower,2,0,27,0,29,0,0,78,0,78,2,0,105,0,107,2,0,2,109
06/30/2008,INT,NC,ASO,ES,Federal Contract Tower,1,5,26,0,32,0,0,64,0,64,1,5,90,0,96,32,0,32,128
07/01/2008,INT,NC,ASO,ES,Federal Contract Tower,0,9,29,4,42,0,2,57,0,59,0,11,86,4,101,0,12,12,113
07/02/2008,INT,NC,ASO,ES,Federal Contract Tower,0,12,38,0,50,0,3,89,0,92,0,15,127,0,142,54,0,54,196
07/03/2008,INT,NC,ASO,ES,Federal Contract Tower,3,6,28,0,37,0,1,61,0,62,3,7,89,0,99,38,0,38,137
07/04/2008,INT,NC,ASO,ES,Federal Contract Tower,3,0,10,0,13,0,7,38,0,45,3,7,48,0,58,66,0,66,124
07/05/2008,INT,NC,ASO,ES,Federal Contract Tower,0,3,7,0,10,0,0,16,0,16,0,3,23,0,26,30,0,30,56
07/06/2008,INT,NC,ASO,ES,Federal Contract Tower,2,6,15,0,23,0,0,9,0,9,2,6,24,0,32,12,0,12,44
07/07/2008,INT,NC,ASO,ES,Federal Contract Tower,3,0,44,0,47,0,3,13,0,16,3,3,57,0,63,32,0,32,95
07/08/2008,INT,NC,ASO,ES,Federal Contract Tower,0,4,20,0,24,0,1,19,0,20,0,5,39,0,44,0,0,0,44
07/09/2008,INT,NC,ASO,ES,Federal Contract Tower,1,2,26,0,29,0,5,37,0,42,1,7,63,0,71,18,0,18,89
07/10/2008,INT,NC,ASO,ES,Federal Contract Tower,3,4,29,0,36,0,5,42,0,47,3,9,71,0,83,34,0,34,117
07/11/2008,INT,NC,ASO,ES,Federal Contract Tower,1,6,27,0,34,0,4,45,0,49,1,10,72,0,83,24,0,24,107
07/12/2008,INT,NC,ASO,ES,Federal Contract Tower,1,4,17,0,22,0,2,69,0,71,1,6,86,0,93,30,0,30,123
07/13/2008,INT,NC,ASO,ES,Federal Contract Tower,1,0,18,0,19,0,0,27,0,27,1,0,45,0,46,6,0,6,52
07/14/2008,INT,NC,ASO,ES,Federal Contract Tower,1,2,21,0,24,0,3,37,0,40,1,5,58,0,64,40,0,40,104
07/15/2008,INT,NC,ASO,ES,Federal Contract Tower,0,3,38,0,41,0,2,50,0,52,0,5,88,0,93,56,0,56,149
07/16/2008,INT,NC,ASO,ES,Federal Contract Tower,0,2,53,0,55,0,5,72,0,77,0,7,125,0,132,32,0,32,164
07/17/2008,INT,NC,ASO,ES,Federal Contract Tower,2,0,32,0,34,0,4,93,2,99,2,4,125,2,133,30,0,30,163
07/18/2008,INT,NC,ASO,ES,Federal Contract Tower,2,2,35,0,39,0,9,68,2,79,2,11,103,2,118,46,0,46,164
07/19/2008,INT,NC,ASO,ES,Federal Contract Tower,2,0,14,0,16,0,2,80,0,82,2,2,94,0,98,30,0,30,128
07/20/2008,INT,NC,ASO,ES,Federal Contract Tower,2,4,20,0,26,0,3,60,0,63,2,7,80,0,89,24,0,24,113
07/21/2008,INT,NC,ASO,ES,Federal Contract Tower,1,0,32,2,35,0,4,48,0,52,1,4,80,2,87,20,0,20,107
07/22/2008,INT,NC,ASO,ES,Federal Contract Tower,5,5,34,0,44,0,4,48,0,52,5,9,82,0,96,42,0,42,138
07/23/2008,INT,NC,ASO,ES,Federal Contract Tower,2,4,41,0,47,0,1,34,0,35,2,5,75,0,82,16,0,16,98
07/24/2008,INT,NC,ASO,ES,Federal Contract Tower,3,4,36,0,43,0,5,71,0,76,3,9,107,0,119,18,0,18,137
07/25/2008,INT,NC,ASO,ES,Federal Contract Tower,1,3,36,0,40,0,4,84,0,88,1,7,120,0,128,58,0,58,186
07/26/2008,INT,NC,ASO,ES,Federal Contract Tower,0,5,24,0,29,0,5,84,0,89,0,10,108,0,118,60,0,60,178
07/27/2008,INT,NC,ASO,ES,Federal Contract Tower,1,1,18,0,20,0,1,44,0,45,1,2,62,0,65,24,0,24,89
07/28/2008,INT,NC,ASO,ES,Federal Contract Tower,3,4,26,0,33,0,4,75,1,80,3,8,101,1,113,30,0,30,143
07/29/2008,INT,NC,ASO,ES,Federal Contract Tower,0,2,51,0,53,0,5,88,0,93,0,7,139,0,146,26,0,26,172
07/30/2008,INT,NC,ASO,ES,Federal Contract Tower,2,4,41,0,47,0,1,105,1,107,2,5,146,1,154,76,0,76,230
07/31/2008,INT,NC,ASO,ES,Federal Contract Tower,1,5,31,0,37,0,4,79,4,87,1,9,110,4,124,66,0,66,190
08/01/2008,INT,NC,ASO,ES,Federal Contract Tower,1,5,29,0,35,0,9,53,5,67,1,14,82,5,102,20,0,20,122
08/02/2008,INT,NC,ASO,ES,Federal Contract Tower,0,4,15,0,19,0,5,48,0,53,0,9,63,0,72,14,0,14,86
08/03/2008,INT,NC,ASO,ES,Federal Contract Tower,1,4,24,0,29,0,2,50,0,52,1,6,74,0,81,36,0,36,117
08/04/2008,INT,NC,ASO,ES,Federal Contract Tower,1,2,22,0,25,0,12,97,0,109,1,14,119,0,134,64,0,64,198
08/05/2008,INT,NC,ASO,ES,Federal Contract Tower,1,5,45,0,51,0,5,70,2,77,1,10,115,2,128,104,0,104,232
08/06/2008,INT,NC,ASO,ES,Federal Contract Tower,0,4,23,0,27,0,6,71,0,77,0,10,94,0,104,68,0,68,172
08/07/2008,INT,NC,ASO,ES,Federal Contract Tower,0,7,32,0,39,0,1,83,0,84,0,8,115,0,123,70,0,70,193
08/08/2008,INT,NC,ASO,ES,Federal Contract Tower,2,3,34,0,39,0,4,141,0,145,2,7,175,0,184,42,0,42,226
08/09/2008,INT,NC,ASO,ES,Federal Contract Tower,0,0,20,0,20,0,5,75,0,80,0,5,95,0,100,20,0,20,120
08/10/2008,INT,NC,ASO,ES,Federal Contract Tower,2,1,30,0,33,0,0,57,0,57,2,1,87,0,90,8,0,8,98
08/11/2008,INT,NC,ASO,ES,Federal Contract Tower,0,5,16,0,21,0,2,81,0,83,0,7,97,0,104,36,0,36,140
08/12/2008,INT,NC,ASO,ES,Federal Contract Tower,0,8,27,2,37,0,2,84,0,86,0,10,111,2,123,58,14,72,195
08/13/2008,INT,NC,ASO,ES,Federal Contract Tower,3,5,45,0,53,0,0,1,0,1,3,5,46,0,54,0,0,0,54
08/14/2008,INT,NC,ASO,ES,Federal Contract Tower,1,7,62,0,70,0,0,74,0,74,1,7,136,0,144,64,0,64,208
08/15/2008,INT,NC,ASO,ES,Federal Contract Tower,1,5,29,0,35,0,4,65,2,71,1,9,94,2,106,20,0,20,126
08/16/2008,INT,NC,ASO,ES,Federal Contract Tower,0,3,25,0,28,0,5,73,3,81,0,8,98,3,109,30,0,30,139
08/17/2008,INT,NC,ASO,ES,Federal Contract Tower,0,6,21,0,27,0,4,30,0,34,0,10,51,0,61,32,0,32,93
08/18/2008,INT,NC,ASO,ES,Federal Contract Tower,0,6,41,0,47,0,6,85,0,91,0,12,126,0,138,96,0,96,234
08/19/2008,INT,NC,ASO,ES,Federal Contract Tower,2,8,44,0,54,0,14,68,0,82,2,22,112,0,136,22,0,22,158
08/20/2008,INT,NC,ASO,ES,Federal Contract Tower,0,12,59,0,71,0,2,49,0,51,0,14,108,0,122,42,0,42,164
08/21/2008,INT,NC,ASO,ES,Federal Contract Tower,1,12,62,0,75,0,5,44,0,49,1,17,106,0,124,14,0,14,138
08/22/2008,INT,NC,ASO,ES,Federal Contract Tower,1,8,40,0,49,0,0,77,4,81,1,8,117,4,130,32,8,40,170
08/23/2008,INT,NC,ASO,ES,Federal Contract Tower,2,1,29,0,32,0,4,29,0,33,2,5,58,0,65,30,0,30,95
08/24/2008,INT,NC,ASO,ES,Federal Contract Tower,0,5,15,0,20,0,9,63,0,72,0,14,78,0,92,20,0,20,112
08/25/2008,INT,NC,ASO,ES,Federal Contract Tower,0,8,29,0,37,0,0,52,0,52,0,8,81,0,89,40,0,40,129
08/26/2008,INT,NC,ASO,ES,Federal Contract Tower,0,4,56,0,60,0,1,2,0,3,0,5,58,0,63,0,0,0,63
08/27/2008,INT,NC,ASO,ES,Federal Contract Tower,0,6,30,0,36,0,0,0,0,0,0,6,30,0,36,4,0,4,40
08/28/2008,INT,NC,ASO,ES,Federal Contract Tower,1,6,24,0,31,0,0,10,0,10,1,6,34,0,41,18,0,18,59
08/29/2008,INT,NC,ASO,ES,Federal Contract Tower,1,4,43,0,48,0,1,71,0,72,1,5,114,0,120,22,0,22,142
08/30/2008,INT,NC,ASO,ES,Federal Contract Tower,4,4,6,0,14,0,1,50,1,52,4,5,56,1,66,2,0,2,68
08/31/2008,INT,NC,ASO,ES,Federal Contract Tower,4,1,9,0,14,0,4,18,0,22,4,5,27,0,36,12,0,12,48
09/01/2008,INT,NC,ASO,ES,Federal Contract Tower,3,3,29,0,35,0,0,39,0,39,3,3,68,0,74,14,0,14,88
09/02/2008,INT,NC,ASO,ES,Federal Contract Tower,0,2,20,0,22,0,0,77,0,77,0,2,97,0,99,6,0,6,105
09/03/2008,INT,NC,ASO,ES,Federal Contract Tower,2,6,29,0,37,0,0,60,0,60,2,6,89,0,97,66,0,66,163
09/04/2008,INT,NC,ASO,ES,Federal Contract Tower,1,3,35,2,41,0,4,117,9,130,1,7,152,11,171,42,0,42,213
09/05/2008,INT,NC,ASO,ES,Federal Contract Tower,0,12,29,0,41,0,1,64,1,66,0,13,93,1,107,22,0,22,129
09/06/2008,INT,NC,ASO,ES,Federal Contract Tower,0,1,6,0,7,0,0,37,0,37,0,1,43,0,44,0,0,0,44
09/07/2008,INT,NC,ASO,ES,Federal Contract Tower,3,5,15,1,24,0,3,98,0,101,3,8,113,1,125,8,0,8,133
09/08/2008,INT,NC,ASO,ES,Federal Contract Tower,0,3,24,0,27,0,7,87,6,100,0,10,111,6,127,30,10,40,167
09/09/2008,INT,NC,ASO,ES,Federal Contract Tower,0,0,48,0,48,0,2,51,0,53,0,2,99,0,101,12,0,12,113
09/10/2008,INT,NC,ASO,ES,Federal Contract Tower,0,59,0,0,59,0,0,10,5,15,0,59,10,5,74,0,0,0,74
09/11/2008,INT,NC,ASO,ES,Federal Contract Tower,1,5,14,5,25,0,0,0,0,0,1,5,14,5,25,0,0,0,25
09/12/2008,INT,NC,ASO,ES,Federal Contract Tower,2,12,23,0,37,0,1,19,0,20,2,13,42,0,57,16,0,16,73
09/13/2008,INT,NC,ASO,ES,Federal Contract Tower,0,2,9,0,11,0,5,99,2,106,0,7,108,2,117,42,0,42,159
09/14/2008,INT,NC,ASO,ES,Federal Contract Tower,0,2,25,0,27,0,0,40,0,40,0,2,65,0,67,6,0,6,73
09/15/2008,INT,NC,ASO,ES,Federal Contract Tower,2,3,28,0,33,0,0,54,0,54,2,3,82,0,87,22,0,22,109
09/16/2008,INT,NC,ASO,ES,Federal Contract Tower,0,6,34,0,40,0,0,0,0,0,0,6,34,0,40,4,0,4,44
09/17/2008,INT,NC,ASO,ES,Federal Contract Tower,1,5,50,0,56,0,2,63,0,65,1,7,113,0,121,36,0,36,157
09/18/2008,INT,NC,ASO,ES,Federal Contract Tower,1,8,46,0,55,0,3,86,0,89,1,11,132,0,144,38,0,38,182
09/19/2008,INT,NC,ASO,ES,Federal Contract Tower,1,3,40,2,46,0,2,41,0,43,1,5,81,2,89,14,0,14,103
09/20/2008,INT,NC,ASO,ES,Federal Contract Tower,4,2,16,0,22,0,5,77,0,82,4,7,93,0,104,46,0,46,150
09/21/2008,INT,NC,ASO,ES,Federal Contract Tower,1,7,24,0,32,0,2,74,0,76,1,9,98,0,108,10,0,10,118
09/22/2008,INT,NC,ASO,ES,Federal Contract Tower,1,4,37,0,42,0,1,59,0,60,1,5,96,0,102,26,0,26,128
09/23/2008,INT,NC,ASO,ES,Federal Contract Tower,0,2,43,0,45,0,1,64,0,65,0,3,107,0,110,36,0,36,146
09/24/2008,INT,NC,ASO,ES,Federal Contract Tower,0,0,39,0,39,0,0,53,0,53,0,0,92,0,92,6,0,6,98
09/25/2008,INT,NC,ASO,ES,Federal Contract Tower,2,7,24,0,33,0,0,2,0,2,2,7,26,0,35,0,0,0,35
09/26/2008,INT,NC,ASO,ES,Federal Contract Tower,0,6,43,0,49,0,0,0,0,0,0,6,43,0,49,2,0,2,51
09/27/2008,INT,NC,ASO,ES,Federal Contract Tower,0,9,34,0,43,0,4,0,0,4,0,13,34,0,47,6,0,6,53
09/28/2008,INT,NC,ASO,ES,Federal Contract Tower,2,16,39,0,57,0,5,55,0,60,2,21,94,0,117,12,0,12,129
09/29/2008,INT,NC,ASO,ES,Federal Contract Tower,1,5,32,0,38,0,2,73,0,75,1,7,105,0,113,102,0,102,215
09/30/2008,INT,NC,ASO,ES,Federal Contract Tower,1,7,39,0,47,0,0,99,0,99,1,7,138,0,146,34,0,34,180
10/01/2008,INT,NC,ASO,ES,Federal Contract Tower,0,5,37,0,42,0,0,70,0,70,0,5,107,0,112,14,0,14,126
10/02/2008,INT,NC,ASO,ES,Federal Contract Tower,4,4,44,0,52,0,1,130,9,140,4,5,174,9,192,90,0,90,282
10/03/2008,INT,NC,ASO,ES,Federal Contract Tower,1,4,31,0,36,0,3,85,2,90,1,7,116,2,126,40,0,40,166
10/04/2008,INT,NC,ASO,ES,Federal Contract Tower,0,5,6,0,11,0,7,87,0,94,0,12,93,0,105,90,0,90,195
10/05/2008,INT,NC,ASO,ES,Federal Contract Tower,0,1,15,0,16,0,1,83,0,84,0,2,98,0,100,92,0,92,192
10/06/2008,INT,NC,ASO,ES,Federal Contract Tower,0,3,21,0,24,0,0,37,4,41,0,3,58,4,65,66,0,66,131
10/07/2008,INT,NC,ASO,ES,Federal Contract Tower,1,3,36,0,40,0,0,51,0,51,1,3,87,0,91,74,0,74,165
10/08/2008,INT,NC,ASO,ES,Federal Contract Tower,0,8,25,0,33,0,1,41,2,44,0,9,66,2,77,14,0,14,91
10/09/2008,INT,NC,ASO,ES,Federal Contract Tower,2,7,52,0,61,0,0,15,6,21,2,7,67,6,82,20,6,26,108
10/10/2008,INT,NC,ASO,ES,Federal Contract Tower,3,6,47,0,56,0,1,31,3,35,3,7,78,3,91,0,0,0,91
10/11/2008,INT,NC,ASO,ES,Federal Contract Tower,0,1,10,0,11,0,5,55,0,60,0,6,65,0,71,76,0,76,147
10/12/2008,INT,NC,ASO,ES,Federal Contract Tower,0,1,27,0,28,0,8,44,0,52,0,9,71,0,80,2,0,2,82
10/13/2008,INT,NC,ASO,ES,Federal Contract Tower,0,4,35,0,39,0,2,95,0,97,0,6,130,0,136,118,0,118,254
10/14/2008,INT,NC,ASO,ES,Federal Contract Tower,0,1,39,0,40,0,0,74,6,80,0,1,113,6,120,34,0,34,154
10/15/2008,INT,NC,ASO,ES,Federal Contract Tower,0,8,31,0,39,0,1,90,5,96,0,9,121,5,135,34,0,34,169
10/16/2008,INT,NC,ASO,ES,Federal Contract Tower,1,9,53,0,63,0,4,101,0,105,1,13,154,0,168,62,0,62,230
10/17/2008,INT,NC,ASO,ES,Federal Contract Tower,0,3,28,0,31,0,0,0,0,0,0,3,28,0,31,0,0,0,31
10/18/2008,INT,NC,ASO,ES,Federal Contract Tower,0,2,18,0,20,0,3,53,0,56,0,5,71,0,76,88,0,88,164
10/19/2008,INT,NC,ASO,ES,Federal Contract Tower,1,3,28,0,32,0,2,76,0,78,1,5,104,0,110,16,2,18,128
10/20/2008,INT,NC,ASO,ES,Federal Contract Tower,0,2,34,1,37,0,0,93,1,94,0,2,127,2,131,116,0,116,247
10/21/2008,INT,NC,ASO,ES,Federal Contract Tower,0,3,36,0,39,0,0,69,2,71,0,3,105,2,110,26,0,26,136
10/22/2008,INT,NC,ASO,ES,Federal Contract Tower,0,5,32,0,37,0,0,114,0,114,0,5,146,0,151,18,0,18,169
10/23/2008,INT,NC,ASO,ES,Federal Contract Tower,2,0,30,0,32,0,5,103,0,108,2,5,133,0,140,34,0,34,174
10/24/2008,INT,NC,ASO,ES,Federal Contract Tower,0,2,37,0,39,0,3,10,0,13,0,5,47,0,52,2,0,2,54
10/25/2008,INT,NC,ASO,ES,Federal Contract Tower,0,3,4,0,7,0,2,9,0,11,0,5,13,0,18,8,0,8,26
10/26/2008,INT,NC,ASO,ES,Federal Contract Tower,0,3,24,0,27,0,3,83,0,86,0,6,107,0,113,74,0,74,187
10/27/2008,INT,NC,ASO,ES,Federal Contract Tower,0,0,20,0,20,0,0,46,1,47,0,0,66,1,67,12,0,12,79
10/28/2008,INT,NC,ASO,ES,Federal Contract Tower,3,1,43,0,47,0,0,23,0,23,3,1,66,0,70,4,0,4,74
10/29/2008,INT,NC,ASO,ES,Federal Contract Tower,0,4,23,0,27,0,2,52,0,54,0,6,75,0,81,46,0,46,127
10/30/2008,INT,NC,ASO,ES,Federal Contract Tower,1,5,46,0,52,0,6,90,0,96,1,11,136,0,148,42,0,42,190
10/31/2008,INT,NC,ASO,ES,Federal Contract Tower,3,5,26,0,34,0,1,82,0,83,3,6,108,0,117,54,0,54,171
11/01/2008,INT,NC,ASO,ES,Federal Contract Tower,0,0,20,0,20,0,0,83,0,83,0,0,103,0,103,16,0,16,119
11/02/2008,INT,NC,ASO,ES,Federal Contract Tower,2,1,13,0,16,0,4,55,0,59,2,5,68,0,75,10,0,10,85
11/03/2008,INT,NC,ASO,ES,Federal Contract Tower,0,2,12,0,14,0,0,6,0,6,0,2,18,0,20,46,0,46,66
11/04/2008,INT,NC,ASO,ES,Federal Contract Tower,1,4,34,0,39,0,0,0,2,2,1,4,34,2,41,0,0,0,41
11/05/2008,INT,NC,ASO,ES,Federal Contract Tower,0,8,38,2,48,0,4,42,0,46,0,12,80,2,94,14,2,16,110
11/06/2008,INT,NC,ASO,ES,Federal Contract Tower,1,7,37,0,45,0,2,93,1,96,1,9,130,1,141,48,0,48,189
11/07/2008,INT,NC,ASO,ES,Federal Contract Tower,4,13,42,1,60,0,4,114,1,119,4,17,156,2,179,22,2,24,203
11/08/2008,INT,NC,ASO,ES,Federal Contract Tower,4,8,13,1,26,0,1,80,0,81,4,9,93,1,107,40,2,42,149
11/09/2008,INT,NC,ASO,ES,Federal Contract Tower,0,8,39,0,47,0,3,66,0,69,0,11,105,0,116,34,0,34,150
11/10/2008,INT,NC,ASO,ES,Federal Contract Tower,1,4,36,0,41,0,1,62,0,63,1,5,98,0,104,36,0,36,140
11/11/2008,INT,NC,ASO,ES,Federal Contract Tower,0,2,26,0,28,0,4,74,2,80,0,6,100,2,108,2,0,2,110
11/12/2008,INT,NC,ASO,ES,Federal Contract Tower,0,5,36,0,41,0,2,81,0,83,0,7,117,0,124,66,0,66,190
11/13/2008,INT,NC,ASO,ES,Federal Contract Tower,1,2,32,0,35,0,0,0,0,0,1,2,32,0,35,0,0,0,35
11/14/2008,INT,NC,ASO,ES,Federal Contract Tower,0,2,20,0,22,0,0,0,0,0,0,2,20,0,22,0,0,0,22
11/15/2008,INT,NC,ASO,ES,Federal Contract Tower,2,2,8,0,12,0,0,18,0,18,2,2,26,0,30,12,0,12,42
11/16/2008,INT,NC,ASO,ES,Federal Contract Tower,0,4,14,0,18,0,4,29,0,33,0,8,43,0,51,30,0,30,81
11/17/2008,INT,NC,ASO,ES,Federal Contract Tower,1,5,42,0,48,0,3,53,2,58,1,8,95,2,106,50,0,50,156
11/18/2008,INT,NC,ASO,ES,Federal Contract Tower,1,6,35,0,42,0,0,19,0,19,1,6,54,0,61,0,0,0,61
11/19/2008,INT,NC,ASO,ES,Federal Contract Tower,2,3,35,0,40,0,4,78,1,83,2,7,113,1,123,46,10,56,179
11/20/2008,INT,NC,ASO,ES,Federal Contract Tower,4,6,34,0,44,0,1,72,2,75,4,7,106,2,119,40,0,40,159
11/21/2008,INT,NC,ASO,ES,Federal Contract Tower,4,7,25,0,36,0,2,20,2,24,4,9,45,2,60,12,0,12,72
11/22/2008,INT,NC,ASO,ES,Federal Contract Tower,0,3,21,0,24,0,0,61,2,63,0,3,82,2,87,32,0,32,119
11/23/2008,INT,NC,ASO,ES,Federal Contract Tower,2,1,19,0,22,0,0,75,0,75,2,1,94,0,97,18,0,18,115
11/24/2008,INT,NC,ASO,ES,Federal Contract Tower,0,3,29,0,32,0,1,32,0,33,0,4,61,0,65,38,0,38,103
11/25/2008,INT,NC,ASO,ES,Federal Contract Tower,0,6,37,0,43,0,2,54,0,56,0,8,91,0,99,34,0,34,133
11/26/2008,INT,NC,ASO,ES,Federal Contract Tower,0,1,17,0,18,0,0,67,1,68,0,1,84,1,86,64,2,66,152
11/27/2008,INT,NC,ASO,ES,Federal Contract Tower,0,3,8,0,11,0,2,19,0,21,0,5,27,0,32,0,0,0,32
11/28/2008,INT,NC,ASO,ES,Federal Contract Tower,1,1,17,0,19,0,0,64,0,64,1,1,81,0,83,36,0,36,119
11/29/2008,INT,NC,ASO,ES,Federal Contract Tower,0,8,18,0,26,0,0,17,0,17,0,8,35,0,43,6,0,6,49
11/30/2008,INT,NC,ASO,ES,Federal Contract Tower,0,15,19,0,34,0,0,0,0,0,0,15,19,0,34,0,0,0,34
12/01/2008,INT,NC,ASO,ES,Federal Contract Tower,2,0,41,0,43,0,1,12,0,13,2,1,53,0,56,0,0,0,56
12/02/2008,INT,NC,ASO,ES,Federal Contract Tower,1,0,48,1,50,0,9,54,1,64,1,9,102,2,114,26,0,26,140
12/03/2008,INT,NC,ASO,ES,Federal Contract Tower,0,5,39,1,45,0,1,98,0,99,0,6,137,1,144,88,0,88,232
12/04/2008,INT,NC,ASO,ES,Federal Contract Tower,0,3,26,0,29,0,0,70,0,70,0,3,96,0,99,50,0,50,149
12/05/2008,INT,NC,ASO,ES,Federal Contract Tower,1,3,28,0,32,0,0,34,2,36,1,3,62,2,68,42,0,42,110
12/06/2008,INT,NC,ASO,ES,Federal Contract Tower,0,2,14,0,16,0,1,24,1,26,0,3,38,1,42,4,0,4,46
12/07/2008,INT,NC,ASO,ES,Federal Contract Tower,1,5,18,0,24,0,0,21,0,21,1,5,39,0,45,32,0,32,77
12/08/2008,INT,NC,ASO,ES,Federal Contract Tower,0,2,28,0,30,0,2,64,0,66,0,4,92,0,96,54,0,54,150
12/09/2008,INT,NC,ASO,ES,Federal Contract Tower,0,2,43,0,45,0,2,41,0,43,0,4,84,0,88,50,0,50,138
12/10/2008,INT,NC,ASO,ES,Federal Contract Tower,1,0,32,0,33,0,0,1,0,1,1,0,33,0,34,0,0,0,34
12/11/2008,INT,NC,ASO,ES,Federal Contract Tower,0,1,40,0,41,0,0,0,0,0,0,1,40,0,41,0,0,0,41
12/12/2008,INT,NC,ASO,ES,Federal Contract Tower,2,0,33,1,36,0,0,34,5,39,2,0,67,6,75,12,16,28,103
12/13/2008,INT,NC,ASO,ES,Federal Contract Tower,2,2,29,0,33,0,0,105,0,105,2,2,134,0,138,20,0,20,158
12/14/2008,INT,NC,ASO,ES,Federal Contract Tower,0,1,15,0,16,0,3,22,2,27,0,4,37,2,43,32,0,32,75
12/15/2008,INT,NC,ASO,ES,Federal Contract Tower,0,2,23,0,25,0,0,8,0,8,0,2,31,0,33,26,0,26,59
12/16/2008,INT,NC,ASO,ES,Federal Contract Tower,2,3,43,0,48,0,0,0,0,0,2,3,43,0,48,0,0,0,48
12/17/2008,INT,NC,ASO,ES,Federal Contract Tower,1,5,35,0,41,0,0,0,0,0,1,5,35,0,41,0,0,0,41
12/18/2008,INT,NC,ASO,ES,Federal Contract Tower,3,7,52,0,62,0,0,5,0,5,3,7,57,0,67,2,0,2,69
12/19/2008,INT,NC,ASO,ES,Federal Contract Tower,2,4,26,0,32,0,0,7,0,7,2,4,33,0,39,24,0,24,63
12/20/2008,INT,NC,ASO,ES,Federal Contract Tower,2,4,17,0,23,0,0,36,0,36,2,4,53,0,59,42,0,42,101
12/21/2008,INT,NC,ASO,ES,Federal Contract Tower,1,4,18,0,23,0,0,19,0,19,1,4,37,0,42,12,0,12,54
12/22/2008,INT,NC,ASO,ES,Federal Contract Tower,0,3,25,1,29,0,0,64,10,74,0,3,89,11,103,14,4,18,121
12/23/2008,INT,NC,ASO,ES,Federal Contract Tower,0,0,26,0,26,0,2,63,0,65,0,2,89,0,91,16,0,16,107
12/24/2008,INT,NC,ASO,ES,Federal Contract Tower,4,4,5,0,13,0,1,5,0,6,4,5,10,0,19,0,0,0,19
12/25/2008,INT,NC,ASO,ES,Federal Contract Tower,0,0,5,0,5,0,0,9,0,9,0,0,14,0,14,6,0,6,20
12/26/2008,INT,NC,ASO,ES,Federal Contract Tower,2,2,21,0,25,0,3,7,0,10,2,5,28,0,35,0,0,0,35
12/27/2008,INT,NC,ASO,ES,Federal Contract Tower,0,6,9,0,15,0,0,0,0,0,0,6,9,0,15,2,0,2,17
12/28/2008,INT,NC,ASO,ES,Federal Contract Tower,0,7,5,0,12,0,0,7,0,7,0,7,12,0,19,12,0,12,31
12/29/2008,INT,NC,ASO,ES,Federal Contract Tower,0,1,9,0,10,0,2,109,8,119,0,3,118,8,129,42,0,42,171
12/30/2008,INT,NC,ASO,ES,Federal Contract Tower,2,0,24,0,26,0,0,101,0,101,2,0,125,0,127,50,0,50,177
12/31/2008,INT,NC,ASO,ES,Federal Contract Tower,0,0,13,0,13,0,0,24,0,24,0,0,37,0,37,0,0,0,37
01/01/2009,INT,NC,ASO,ES,Federal Contract Tower,0,2,15,0,17,0,2,66,0,68,0,4,81,0,85,30,0,30,115
01/02/2009,INT,NC,ASO,ES,Federal Contract Tower,2,1,8,0,11,0,0,28,0,28,2,1,36,0,39,24,0,24,63
01/03/2009,INT,NC,ASO,ES,Federal Contract Tower,0,0,12,0,12,0,5,64,0,69,0,5,76,0,81,24,0,24,105
01/04/2009,INT,NC,ASO,ES,Federal Contract Tower,1,4,8,0,13,0,0,3,0,3,1,4,11,0,16,0,0,0,16
01/05/2009,INT,NC,ASO,ES,Federal Contract Tower,3,0,23,0,26,0,0,3,0,3,3,0,26,0,29,0,0,0,29
01/06/2009,INT,NC,ASO,ES,Federal Contract Tower,1,1,12,0,14,0,0,0,0,0,1,1,12,0,14,0,0,0,14
01/07/2009,INT,NC,ASO,ES,Federal Contract Tower,0,3,28,0,31,0,0,12,0,12,0,3,40,0,43,10,0,10,53
01/08/2009,INT,NC,ASO,ES,Federal Contract Tower,0,0,26,0,26,0,3,31,0,34,0,3,57,0,60,26,0,26,86
01/09/2009,INT,NC,ASO,ES,Federal Contract Tower,0,2,28,0,30,0,1,113,2,116,0,3,141,2,146,64,0,64,210
01/10/2009,INT,NC,ASO,ES,Federal Contract Tower,0,0,10,0,10,0,0,33,0,33,0,0,43,0,43,18,0,18,61
01/11/2009,INT,NC,ASO,ES,Federal Contract Tower,1,9,27,0,37,0,1,43,0,44,1,10,70,0,81,10,0,10,91
01/12/2009,INT,NC,ASO,ES,Federal Contract Tower,3,3,29,0,35,0,6,93,0,99,3,9,122,0,134,48,0,48,182
01/13/2009,INT,NC,ASO,ES,Federal Contract Tower,4,5,31,0,40,0,4,61,0,65,4,9,92,0,105,28,0,28,133
01/14/2009,INT,NC,ASO,ES,Federal Contract Tower,0,3,33,0,36,0,0,77,1,78,0,3,110,1,114,30,0,30,144
01/15/2009,INT,NC,ASO,ES,Federal Contract Tower,0,3,29,2,34,0,0,24,0,24,0,3,53,2,58,0,10,10,68
01/16/2009,INT,NC,ASO,ES,Federal Contract Tower,1,2,18,0,21,0,0,26,3,29,1,2,44,3,50,22,0,22,72
01/17/2009,INT,NC,ASO,ES,Federal Contract Tower,0,2,11,0,13,0,4,57,6,67,0,6,68,6,80,58,0,58,138
01/18/2009,INT,NC,ASO,ES,Federal Contract Tower,1,1,8,0,10,0,2,35,0,37,1,3,43,0,47,56,0,56,103
01/19/2009,INT,NC,ASO,ES,Federal Contract Tower,0,3,10,0,13,0,0,38,2,40,0,3,48,2,53,32,0,32,85
01/20/2009,INT,NC,ASO,ES,Federal Contract Tower,3,1,13,0,17,0,0,20,2,22,3,1,33,2,39,10,0,10,49
01/21/2009,INT,NC,ASO,ES,Federal Contract Tower,0,6,39,2,47,0,0,68,6,74,0,6,107,8,121,46,4,50,171
01/22/2009,INT,NC,ASO,ES,Federal Contract Tower,0,3,40,0,43,0,3,111,10,124,0,6,151,10,167,52,0,52,219
01/23/2009,INT,NC,ASO,ES,Federal Contract Tower,3,5,32,0,40,0,3,96,0,99,3,8,128,0,139,76,0,76,215
01/24/2009,INT,NC,ASO,ES,Federal Contract Tower,1,2,14,0,17,0,4,59,0,63,1,6,73,0,80,32,0,32,112
01/25/2009,INT,NC,ASO,ES,Federal Contract Tower,1,5,9,0,15,0,8,54,0,62,1,13,63,0,77,36,0,36,113
01/26/2009,INT,NC,ASO,ES,Federal Contract Tower,4,5,28,0,37,0,3,51,0,54,4,8,79,0,91,106,0,106,197
01/27/2009,INT,NC,ASO,ES,Federal Contract Tower,1,2,40,2,45,0,0,0,0,0,1,2,40,2,45,0,0,0,45
01/28/2009,INT,NC,ASO,ES,Federal Contract Tower,0,4,30,0,34,0,2,1,0,3,0,6,31,0,37,0,0,0,37
01/29/2009,INT,NC,ASO,ES,Federal Contract Tower,3,8,36,0,47,0,5,60,0,65,3,13,96,0,112,38,0,38,150
01/30/2009,INT,NC,ASO,ES,Federal Contract Tower,0,4,29,0,33,0,6,67,0,73,0,10,96,0,106,4,0,4,110
01/31/2009,INT,NC,ASO,ES,Federal Contract Tower,3,1,14,0,18,0,5,68,0,73,3,6,82,0,91,66,0,66,157
02/01/2009,INT,NC,ASO,ES,Federal Contract Tower,2,1,20,0,23,0,4,75,0,79,2,5,95,0,102,94,0,94,196
02/02/2009,INT,NC,ASO,ES,Federal Contract Tower,0,4,21,0,25,0,0,40,0,40,0,4,61,0,65,20,0,20,85
02/03/2009,INT,NC,ASO,ES,Federal Contract Tower,4,5,17,0,26,0,0,34,0,34,4,5,51,0,60,40,0,40,100
02/04/2009,INT,NC,ASO,ES,Federal Contract Tower,1,5,22,0,28,0,4,34,0,38,1,9,56,0,66,30,0,30,96
02/05/2009,INT,NC,ASO,ES,Federal Contract Tower,2,3,33,0,38,0,4,76,0,80,2,7,109,0,118,28,0,28,146
02/06/2009,INT,NC,ASO,ES,Federal Contract Tower,0,10,36,0,46,0,8,113,0,121,0,18,149,0,167,94,0,94,261
02/07/2009,INT,NC,ASO,ES,Federal Contract Tower,1,2,16,1,20,0,4,101,0,105,1,6,117,1,125,54,0,54,179
02/08/2009,INT,NC,ASO,ES,Federal Contract Tower,1,6,26,0,33,0,8,89,0,97,1,14,115,0,130,40,0,40,170
02/09/2009,INT,NC,ASO,ES,Federal Contract Tower,0,3,25,0,28,0,0,51,1,52,0,3,76,1,80,74,0,74,154
02/10/2009,INT,NC,ASO,ES,Federal Contract Tower,0,2,28,0,30,0,0,53,3,56,0,2,81,3,86,66,0,66,152
02/11/2009,INT,NC,ASO,ES,Federal Contract Tower,0,0,27,0,27,0,2,14,0,16,0,2,41,0,43,2,0,2,45
02/12/2009,INT,NC,ASO,ES,Federal Contract Tower,1,0,29,0,30,0,2,39,0,41,1,2,68,0,71,10,0,10,81
02/13/2009,INT,NC,ASO,ES,Federal Contract Tower,1,0,36,1,38,0,6,64,6,76,1,6,100,7,114,64,8,72,186
02/14/2009,INT,NC,ASO,ES,Federal Contract Tower,2,2,8,0,12,0,4,54,1,59,2,6,62,1,71,74,0,74,145
02/15/2009,INT,NC,ASO,ES,Federal Contract Tower,2,3,12,0,17,0,0,60,0,60,2,3,72,0,77,70,0,70,147
02/16/2009,INT,NC,ASO,ES,Federal Contract Tower,0,4,27,0,31,0,4,43,0,47,0,8,70,0,78,24,0,24,102
02/17/2009,INT,NC,ASO,ES,Federal Contract Tower,1,3,29,0,33,0,1,72,0,73,1,4,101,0,106,36,0,36,142
02/18/2009,INT,NC,ASO,ES,Federal Contract Tower,1,0,23,0,24,0,0,1,0,1,1,0,24,0,25,0,0,0,25
02/19/2009,INT,NC,ASO,ES,Federal Contract Tower,3,4,26,0,33,0,3,24,0,27,3,7,50,0,60,4,0,4,64
02/20/2009,INT,NC,ASO,ES,Federal Contract Tower,0,3,31,0,34,0,3,70,0,73,0,6,101,0,107,52,0,52,159
02/21/2009,INT,NC,ASO,ES,Federal Contract Tower,1,3,16,0,20,0,4,78,4,86,1,7,94,4,106,40,0,40,146
02/22/2009,INT,NC,ASO,ES,Federal Contract Tower,0,2,7,0,9,0,0,18,0,18,0,2,25,0,27,4,0,4,31
02/23/2009,INT,NC,ASO,ES,Federal Contract Tower,0,6,10,6,22,0,7,39,0,46,0,13,49,6,68,18,10,28,96
02/24/2009,INT,NC,ASO,ES,Federal Contract Tower,2,2,47,0,51,0,2,72,0,74,2,4,119,0,125,30,0,30,155
02/25/2009,INT,NC,ASO,ES,Federal Contract Tower,1,4,28,0,33,0,5,82,2,89,1,9,110,2,122,28,0,28,150
02/26/2009,INT,NC,ASO,ES,Federal Contract Tower,0,4,22,0,26,0,1,50,0,51,0,5,72,0,77,100,0,100,177
02/27/2009,INT,NC,ASO,ES,Federal Contract Tower,4,1,23,1,29,0,1,13,1,15,4,2,36,2,44,12,0,12,56
02/28/2009,INT,NC,ASO,ES,Federal Contract Tower,3,0,8,0,11,0,0,0,0,0,3,0,8,0,11,0,0,0,11
03/01/2009,INT,NC,ASO,ES,Federal Contract Tower,0,1,5,0,6,0,0,0,0,0,0,1,5,0,6,0,0,0,6
03/02/2009,INT,NC,ASO,ES,Federal Contract Tower,3,5,16,0,24,0,2,11,0,13,3,7,27,0,37,10,0,10,47
03/03/2009,INT,NC,ASO,ES,Federal Contract Tower,2,7,27,0,36,0,2,43,0,45,2,9,70,0,81,10,0,10,91
03/04/2009,INT,NC,ASO,ES,Federal Contract Tower,0,1,27,0,28,0,10,107,2,119,0,11,134,2,147,58,6,64,211
03/05/2009,INT,NC,ASO,ES,Federal Contract Tower,1,2,32,0,35,0,9,91,1,101,1,11,123,1,136,76,4,80,216
03/06/2009,INT,NC,ASO,ES,Federal Contract Tower,2,1,19,1,23,0,5,106,0,111,2,6,125,1,134,74,2,76,210
03/07/2009,INT,NC,ASO,ES,Federal Contract Tower,1,2,27,0,30,0,4,101,1,106,1,6,128,1,136,36,0,36,172
03/08/2009,INT,NC,ASO,ES,Federal Contract Tower,1,3,14,0,18,0,4,32,0,36,1,7,46,0,54,18,0,18,72
03/09/2009,INT,NC,ASO,ES,Federal Contract Tower,0,5,28,0,33,0,2,48,0,50,0,7,76,0,83,20,0,20,103
03/10/2009,INT,NC,ASO,ES,Federal Contract Tower,0,3,26,0,29,0,10,73,2,85,0,13,99,2,114,36,4,40,154
03/11/2009,INT,NC,ASO,ES,Federal Contract Tower,1,2,45,1,49,0,5,100,0,105,1,7,145,1,154,50,0,50,204
03/12/2009,INT,NC,ASO,ES,Federal Contract Tower,4,10,49,7,70,0,2,42,0,44,4,12,91,7,114,34,4,38,152
03/13/2009,INT,NC,ASO,ES,Federal Contract Tower,1,3,26,0,30,0,0,7,0,7,1,3,33,0,37,12,0,12,49
03/14/2009,INT,NC,ASO,ES,Federal Contract Tower,0,2,9,0,11,0,0,0,0,0,0,2,9,0,11,0,0,0,11
03/15/2009,INT,NC,ASO,ES,Federal Contract Tower,3,3,16,0,22,0,1,0,0,1,3,4,16,0,23,2,0,2,25
03/16/2009,INT,NC,ASO,ES,Federal Contract Tower,1,1,15,0,17,0,0,0,0,0,1,1,15,0,17,0,0,0,17
03/17/2009,INT,NC,ASO,ES,Federal Contract Tower,5,9,39,0,53,0,12,101,0,113,5,21,140,0,166,76,0,76,242
03/18/2009,INT,NC,ASO,ES,Federal Contract Tower,3,2,50,0,55,0,1,83,0,84,3,3,133,0,139,86,0,86,225
03/19/2009,INT,NC,ASO,ES,Federal Contract Tower,2,3,46,0,51,0,0,71,0,71,2,3,117,0,122,42,0,42,164
03/20/2009,INT,NC,ASO,ES,Federal Contract Tower,3,5,31,0,39,0,0,85,0,85,3,5,116,0,124,34,0,34,158
03/21/2009,INT,NC,ASO,ES,Federal Contract Tower,2,2,6,0,10,0,2,64,0,66,2,4,70,0,76,10,0,10,86
03/22/2009,INT,NC,ASO,ES,Federal Contract Tower,4,0,20,0,24,0,2,72,0,74,4,2,92,0,98,40,0,40,138
03/23/2009,INT,NC,ASO,ES,Federal Contract Tower,4,3,21,0,28,0,5,86,0,91,4,8,107,0,119,54,0,54,173
03/24/2009,INT,NC,ASO,ES,Federal Contract Tower,2,2,27,0,31,0,0,80,0,80,2,2,107,0,111,68,0,68,179
03/25/2009,INT,NC,ASO,ES,Federal Contract Tower,2,6,40,0,48,0,0,18,0,18,2,6,58,0,66,28,0,28,94
03/26/2009,INT,NC,ASO,ES,Federal Contract Tower,5,1,18,0,24,0,0,0,0,0,5,1,18,0,24,0,0,0,24
03/27/2009,INT,NC,ASO,ES,Federal Contract Tower,3,7,35,0,45,0,2,0,0,2,3,9,35,0,47,2,0,2,49
03/28/2009,INT,NC,ASO,ES,Federal Contract Tower,1,0,3,0,4,0,0,0,0,0,1,0,3,0,4,0,0,0,4
03/29/2009,INT,NC,ASO,ES,Federal Contract Tower,0,2,8,0,10,0,3,19,0,22,0,5,27,0,32,0,0,0,32
03/30/2009,INT,NC,ASO,ES,Federal Contract Tower,2,0,31,0,33,0,1,82,0,83,2,1,113,0,116,66,0,66,182
03/31/2009,INT,NC,ASO,ES,Federal Contract Tower,1,2,22,0,25,0,11,56,0,67,1,13,78,0,92,54,0,54,146
04/01/2009,INT,NC,ASO,ES,Federal Contract Tower,0,6,32,2,40,0,0,0,0,0,0,6,32,2,40,4,0,4,44
04/02/2009,INT,NC,ASO,ES,Federal Contract Tower,1,4,27,0,32,0,0,0,0,0,1,4,27,0,32,0,0,0,32
04/03/2009,INT,NC,ASO,ES,Federal Contract Tower,1,2,20,0,23,0,0,16,0,16,1,2,36,0,39,0,0,0,39
04/04/2009,INT,NC,ASO,ES,Federal Contract Tower,2,3,16,0,21,0,8,74,0,82,2,11,90,0,103,20,0,20,123
04/05/2009,INT,NC,ASO,ES,Federal Contract Tower,2,2,10,0,14,0,1,44,0,45,2,3,54,0,59,26,0,26,85
04/06/2009,INT,NC,ASO,ES,Federal Contract Tower,0,0,14,0,14,0,0,21,0,21,0,0,35,0,35,0,0,0,35
04/07/2009,INT,NC,ASO,ES,Federal Contract Tower,0,1,28,0,29,0,5,9,0,14,0,6,37,0,43,0,0,0,43
04/08/2009,INT,NC,ASO,ES,Federal Contract Tower,2,7,28,0,37,0,8,54,2,64,2,15,82,2,101,70,0,70,171
04/09/2009,INT,NC,ASO,ES,Federal Contract Tower,1,8,46,0,55,0,0,108,2,110,1,8,154,2,165,80,0,80,245
04/10/2009,INT,NC,ASO,ES,Federal Contract Tower,0,4,13,0,17,0,0,9,1,10,0,4,22,1,27,12,0,12,39
04/11/2009,INT,NC,ASO,ES,Federal Contract Tower,1,1,12,0,14,0,3,36,0,39,1,4,48,0,53,4,0,4,57
04/12/2009,INT,NC,ASO,ES,Federal Contract Tower,2,7,18,0,27,0,4,55,0,59,2,11,73,0,86,34,0,34,120
04/13/2009,INT,NC,ASO,ES,Federal Contract Tower,3,0,37,0,40,0,2,29,0,31,3,2,66,0,71,54,0,54,125
04/14/2009,INT,NC,ASO,ES,Federal Contract Tower,2,8,30,0,40,0,4,0,0,4,2,12,30,0,44,0,0,0,44
04/15/2009,INT,NC,ASO,ES,Federal Contract Tower,0,3,25,0,28,0,0,58,0,58,0,3,83,0,86,94,0,94,180
04/16/2009,INT,NC,ASO,ES,Federal Contract Tower,5,4,45,0,54,0,5,85,0,90,5,9,130,0,144,84,0,84,228
04/17/2009,INT,NC,ASO,ES,Federal Contract Tower,1,12,23,0,36,0,4,149,0,153,1,16,172,0,189,34,0,34,223
04/18/2009,INT,NC,ASO,ES,Federal Contract Tower,0,3,29,0,32,0,8,91,22,121,0,11,120,22,153,42,2,44,197
04/19/2009,INT,NC,ASO,ES,Federal Contract Tower,2,4,22,1,29,0,3,24,26,53,2,7,46,27,82,14,2,16,98
04/20/2009,INT,NC,ASO,ES,Federal Contract Tower,2,9,15,0,26,0,8,19,0,27,2,17,34,0,53,4,0,4,57
04/21/2009,INT,NC,ASO,ES,Federal Contract Tower,0,8,36,0,44,0,11,59,1,71,0,19,95,1,115,38,4,42,157
04/22/2009,INT,NC,ASO,ES,Federal Contract Tower,0,5,39,0,44,0,0,44,4,48,0,5,83,4,92,12,10,22,114
04/23/2009,INT,NC,ASO,ES,Federal Contract Tower,1,2,24,3,30,0,4,79,1,84,1,6,103,4,114,82,0,82,196
04/24/2009,INT,NC,ASO,ES,Federal Contract Tower,0,2,40,0,42,0,2,97,0,99,0,4,137,0,141,74,0,74,215
04/25/2009,INT,NC,ASO,ES,Federal Contract Tower,0,0,14,0,14,0,7,76,1,84,0,7,90,1,98,68,0,68,166
04/26/2009,INT,NC,ASO,ES,Federal Contract Tower,1,3,26,0,30,0,7,84,2,93,1,10,110,2,123,30,2,32,155
04/27/2009,INT,NC,ASO,ES,Federal Contract Tower,1,1,30,1,33,0,8,65,1,74,1,9,95,2,107,12,0,12,119
04/28/2009,INT,NC,ASO,ES,Federal Contract Tower,1,2,56,0,59,0,2,74,0,76,1,4,130,0,135,52,0,52,187
04/29/2009,INT,NC,ASO,ES,Federal Contract Tower,1,2,31,0,34,0,0,52,2,54,1,2,83,2,88,58,6,64,152
04/30/2009,INT,NC,ASO,ES,Federal Contract Tower,1,0,33,0,34,0,0,15,3,18,1,0,48,3,52,42,4,46,98
05/01/2009,INT,NC,ASO,ES,Federal Contract Tower,1,1,20,3,25,0,3,62,1,66,1,4,82,4,91,26,0,26,117
05/02/2009,INT,NC,ASO,ES,Federal Contract Tower,0,1,19,1,21,0,1,64,0,65,0,2,83,1,86,32,0,32,118
05/03/2009,INT,NC,ASO,ES,Federal Contract Tower,2,2,15,0,19,0,5,27,0,32,2,7,42,0,51,40,0,40,91
05/04/2009,INT,NC,ASO,ES,Federal Contract Tower,1,3,19,0,23,0,1,52,0,53,1,4,71,0,76,36,0,36,112
05/05/2009,INT,NC,ASO,ES,Federal Contract Tower,0,7,17,0,24,0,0,0,0,0,0,7,17,0,24,0,0,0,24
05/06/2009,INT,NC,ASO,ES,Federal Contract Tower,1,5,27,0,33,0,1,4,0,5,1,6,31,0,38,2,0,2,40
05/07/2009,INT,NC,ASO,ES,Federal Contract Tower,2,3,39,0,44,0,1,32,0,33,2,4,71,0,77,54,0,54,131
05/08/2009,INT,NC,ASO,ES,Federal Contract Tower,1,6,29,0,36,0,3,48,1,52,1,9,77,1,88,36,0,36,124
05/09/2009,INT,NC,ASO,ES,Federal Contract Tower,0,1,23,0,24,0,3,45,0,48,0,4,68,0,72,6,0,6,78
05/10/2009,INT,NC,ASO,ES,Federal Contract Tower,2,5,18,0,25,0,3,30,0,33,2,8,48,0,58,22,0,22,80
05/11/2009,INT,NC,ASO,ES,Federal Contract Tower,0,1,31,0,32,0,0,7,0,7,0,1,38,0,39,6,0,6,45
05/12/2009,INT,NC,ASO,ES,Federal Contract Tower,0,0,33,0,33,0,2,88,0,90,0,2,121,0,123,54,0,54,177
05/13/2009,INT,NC,ASO,ES,Federal Contract Tower,4,1,28,0,33,0,4,87,1,92,4,5,115,1,125,60,0,60,185
05/14/2009,INT,NC,ASO,ES,Federal Contract Tower,4,4,33,1,42,0,1,96,1,98,4,5,129,2,140,110,2,112,252
05/15/2009,INT,NC,ASO,ES,Federal Contract Tower,2,6,19,0,27,0,0,14,0,14,2,6,33,0,41,36,0,36,77
05/16/2009,INT,NC,ASO,ES,Federal Contract Tower,1,4,13,2,20,0,1,41,0,42,1,5,54,2,62,10,2,12,74
05/17/2009,INT,NC,ASO,ES,Federal Contract Tower,1,5,19,0,25,0,2,0,0,2,1,7,19,0,27,0,0,0,27
05/18/2009,INT,NC,ASO,ES,Federal Contract Tower,0,19,44,0,63,0,3,37,2,42,0,22,81,2,105,36,0,36,141
05/19/2009,INT,NC,ASO,ES,Federal Contract Tower,1,7,34,0,42,0,4,94,0,98,1,11,128,0,140,80,0,80,220
05/20/2009,INT,NC,ASO,ES,Federal Contract Tower,4,2,40,0,46,0,2,87,1,90,4,4,127,1,136,42,0,42,178
05/21/2009,INT,NC,ASO,ES,Federal Contract Tower,6,1,41,0,48,0,0,102,0,102,6,1,143,0,150,88,0,88,238
05/22/2009,INT,NC,ASO,ES,Federal Contract Tower,1,2,30,0,33,0,0,110,0,110,1,2,140,0,143,104,0,104,247
05/23/2009,INT,NC,ASO,ES,Federal Contract Tower,3,0,12,0,15,0,2,63,0,65,3,2,75,0,80,30,0,30,110
05/24/2009,INT,NC,ASO,ES,Federal Contract Tower,1,0,18,0,19,0,0,5,0,5,1,0,23,0,24,4,0,4,28
05/25/2009,INT,NC,ASO,ES,Federal Contract Tower,1,0,23,0,24,0,0,15,0,15,1,0,38,0,39,6,0,6,45
05/26/2009,INT,NC,ASO,ES,Federal Contract Tower,0,4,24,0,28,0,0,8,0,8,0,4,32,0,36,0,0,0,36
05/27/2009,INT,NC,ASO,ES,Federal Contract Tower,0,4,30,3,37,0,0,39,0,39,0,4,69,3,76,64,0,64,140
05/28/2009,INT,NC,ASO,ES,Federal Contract Tower,2,3,37,0,42,0,0,35,0,35,2,3,72,0,77,54,0,54,131
05/29/2009,INT,NC,ASO,ES,Federal Contract Tower,2,4,37,0,43,0,0,49,0,49,2,4,86,0,92,68,0,68,160
05/30/2009,INT,NC,ASO,ES,Federal Contract Tower,0,0,23,0,23,0,1,77,0,78,0,1,100,0,101,88,0,88,189
05/31/2009,INT,NC,ASO,ES,Federal Contract Tower,6,1,24,0,31,0,0,46,0,46,6,1,70,0,77,74,0,74,151
06/01/2009,INT,NC,ASO,ES,Federal Contract Tower,1,4,17,0,22,0,0,40,0,40,1,4,57,0,62,22,0,22,84
06/02/2009,INT,NC,ASO,ES,Federal Contract Tower,0,4,38,0,42,0,0,73,0,73,0,4,111,0,115,24,0,24,139
06/03/2009,INT,NC,ASO,ES,Federal Contract Tower,2,4,28,0,34,0,0,30,0,30,2,4,58,0,64,44,0,44,108
06/04/2009,INT,NC,ASO,ES,Federal Contract Tower,5,7,41,0,53,0,0,32,0,32,5,7,73,0,85,62,0,62,147
06/05/2009,INT,NC,ASO,ES,Federal Contract Tower,0,0,32,0,32,0,0,15,0,15,0,0,47,0,47,0,0,0,47
06/06/2009,INT,NC,ASO,ES,Federal Contract Tower,1,0,28,0,29,0,1,83,0,84,1,1,111,0,113,42,0,42,155
06/07/2009,INT,NC,ASO,ES,Federal Contract Tower,2,3,14,0,19,0,0,51,0,51,2,3,65,0,70,14,0,14,84
06/08/2009,INT,NC,ASO,ES,Federal Contract Tower,0,1,26,0,27,0,3,62,0,65,0,4,88,0,92,58,0,58,150
06/09/2009,INT,NC,ASO,ES,Federal Contract Tower,0,10,27,0,37,0,8,42,0,50,0,18,69,0,87,2,0,2,89
06/10/2009,INT,NC,ASO,ES,Federal Contract Tower,0,11,34,0,45,0,0,54,0,54,0,11,88,0,99,22,0,22,121
06/11/2009,INT,NC,ASO,ES,Federal Contract Tower,5,5,33,0,43,0,0,20,0,20,5,5,53,0,63,44,0,44,107
06/12/2009,INT,NC,ASO,ES,Federal Contract Tower,1,2,39,0,42,0,0,36,0,36,1,2,75,0,78,58,0,58,136
06/13/2009,INT,NC,ASO,ES,Federal Contract Tower,3,0,18,0,21,0,1,55,0,56,3,1,73,0,77,20,0,20,97
06/14/2009,INT,NC,ASO,ES,Federal Contract Tower,2,3,16,0,21,0,1,35,3,39,2,4,51,3,60,8,0,8,68
06/15/2009,INT,NC,ASO,ES,Federal Contract Tower,1,6,29,0,36,0,0,66,0,66,1,6,95,0,102,50,0,50,152
06/16/2009,INT,NC,ASO,ES,Federal Contract Tower,0,6,45,0,51,0,0,2,0,2,0,6,47,0,53,0,0,0,53
06/17/2009,INT,NC,ASO,ES,Federal Contract Tower,2,1,40,0,43,0,0,2,0,2,2,1,42,0,45,0,0,0,45
06/18/2009,INT,NC,ASO,ES,Federal Contract Tower,1,2,37,0,40,0,0,31,0,31,1,2,68,0,71,66,0,66,137
06/19/2009,INT,NC,ASO,ES,Federal Contract Tower,3,0,32,1,36,0,0,77,3,80,3,0,109,4,116,22,24,46,162
06/20/2009,INT,NC,ASO,ES,Federal Contract Tower,1,1,17,0,19,0,2,31,0,33,1,3,48,0,52,6,0,6,58
06/21/2009,INT,NC,ASO,ES,Federal Contract Tower,0,1,16,0,17,0,2,22,0,24,0,3,38,0,41,0,0,0,41
06/22/2009,INT,NC,ASO,ES,Federal Contract Tower,0,5,17,0,22,0,2,60,0,62,0,7,77,0,84,10,2,12,96
06/23/2009,INT,NC,ASO,ES,Federal Contract Tower,0,4,30,0,34,0,0,53,0,53,0,4,83,0,87,0,0,0,87
06/24/2009,INT,NC,ASO,ES,Federal Contract Tower,5,3,36,0,44,0,0,39,0,39,5,3,75,0,83,0,0,0,83
06/25/2009,INT,NC,ASO,ES,Federal Contract Tower,1,8,43,0,52,0,0,72,2,74,1,8,115,2,126,30,0,30,156
06/26/2009,INT,NC,ASO,ES,Federal Contract Tower,0,3,27,0,30,0,0,66,2,68,0,3,93,2,98,16,0,16,114
06/27/2009,INT,NC,ASO,ES,Federal Contract Tower,2,1,15,0,18,0,1,43,0,44,2,2,58,0,62,10,0,10,72
06/28/2009,INT,NC,ASO,ES,Federal Contract Tower,5,1,13,0,19,0,3,41,0,44,5,4,54,0,63,24,0,24,87
06/29/2009,INT,NC,ASO,ES,Federal Contract Tower,1,3,19,1,24,0,1,102,0,103,1,4,121,1,127,68,0,68,195
06/30/2009,INT,NC,ASO,ES,Federal Contract Tower,1,2,37,0,40,0,1,84,0,85,1,3,121,0,125,14,0,14,139
07/01/2009,INT,NC,ASO,ES,Federal Contract Tower,2,5,19,0,26,0,2,74,0,76,2,7,93,0,102,32,0,32,134
07/02/2009,INT,NC,ASO,ES,Federal Contract Tower,1,7,31,0,39,0,0,66,0,66,1,7,97,0,105,20,0,20,125
07/03/2009,INT,NC,ASO,ES,Federal Contract Tower,1,0,12,0,13,0,1,45,3,49,1,1,57,3,62,16,0,16,78
07/04/2009,INT,NC,ASO,ES,Federal Contract Tower,1,0,7,0,8,0,1,22,0,23,1,1,29,0,31,14,0,14,45
07/05/2009,INT,NC,ASO,ES,Federal Contract Tower,0,2,16,0,18,0,0,11,0,11,0,2,27,0,29,2,0,2,31
07/06/2009,INT,NC,ASO,ES,Federal Contract Tower,1,4,34,0,39,0,2,30,0,32,1,6,64,0,71,16,0,16,87
07/07/2009,INT,NC,ASO,ES,Federal Contract Tower,0,8,27,1,36,0,0,70,10,80,0,8,97,11,116,18,2,20,136
07/08/2009,INT,NC,ASO,ES,Federal Contract Tower,0,1,27,0,28,0,0,49,1,50,0,1,76,1,78,16,0,16,94
07/09/2009,INT,NC,ASO,ES,Federal Contract Tower,1,2,39,0,42,0,1,30,2,33,1,3,69,2,75,42,0,42,117
07/10/2009,INT,NC,ASO,ES,Federal Contract Tower,0,2,32,1,35,0,1,49,0,50,0,3,81,1,85,12,0,12,97
07/11/2009,INT,NC,ASO,ES,Federal Contract Tower,0,1,11,1,13,0,1,44,4,49,0,2,55,5,62,16,0,16,78
07/12/2009,INT,NC,ASO,ES,Federal Contract Tower,0,9,13,0,22,0,0,8,0,8,0,9,21,0,30,16,0,16,46
07/13/2009,INT,NC,ASO,ES,Federal Contract Tower,0,4,27,0,31,0,1,45,0,46,0,5,72,0,77,52,0,52,129
07/14/2009,INT,NC,ASO,ES,Federal Contract Tower,2,0,36,0,38,10,0,89,0,99,12,0,125,0,137,96,0,96,233
07/15/2009,INT,NC,ASO,ES,Federal Contract Tower,1,6,30,0,37,0,0,60,0,60,1,6,90,0,97,46,0,46,143
07/16/2009,INT,NC,ASO,ES,Federal Contract Tower,0,8,44,0,52,0,1,63,2,66,0,9,107,2,118,60,0,60,178
07/17/2009,INT,NC,ASO,ES,Federal Contract Tower,2,8,29,0,39,0,2,37,0,39,2,10,66,0,78,12,0,12,90
07/18/2009,INT,NC,ASO,ES,Federal Contract Tower,0,1,18,0,19,0,6,49,0,55,0,7,67,0,74,18,0,18,92
07/19/2009,INT,NC,ASO,ES,Federal Contract Tower,2,4,20,0,26,0,10,53,0,63,2,14,73,0,89,32,0,32,121
07/20/2009,INT,NC,ASO,ES,Federal Contract Tower,0,2,25,0,27,0,1,32,0,33,0,3,57,0,60,32,0,32,92
07/21/2009,INT,NC,ASO,ES,Federal Contract Tower,2,3,31,0,36,0,7,54,0,61,2,10,85,0,97,42,0,42,139
07/22/2009,INT,NC,ASO,ES,Federal Contract Tower,4,2,20,0,26,0,1,49,1,51,4,3,69,1,77,104,0,104,181
07/23/2009,INT,NC,ASO,ES,Federal Contract Tower,0,6,44,0,50,0,16,15,0,31,0,22,59,0,81,42,0,42,123
07/24/2009,INT,NC,ASO,ES,Federal Contract Tower,1,1,27,0,29,0,0,63,0,63,1,1,90,0,92,10,0,10,102
07/25/2009,INT,NC,ASO,ES,Federal Contract Tower,0,3,15,1,19,0,3,39,1,43,0,6,54,2,62,24,2,26,88
07/26/2009,INT,NC,ASO,ES,Federal Contract Tower,2,3,18,0,23,0,3,39,0,42,2,6,57,0,65,26,0,26,91
07/27/2009,INT,NC,ASO,ES,Federal Contract Tower,0,1,43,0,44,0,1,89,0,90,0,2,132,0,134,82,0,82,216
07/28/2009,INT,NC,ASO,ES,Federal Contract Tower,1,1,39,1,42,0,5,86,18,109,1,6,125,19,151,28,0,28,179
07/29/2009,INT,NC,ASO,ES,Federal Contract Tower,0,10,39,0,49,0,0,3,0,3,0,10,42,0,52,0,0,0,52
07/30/2009,INT,NC,ASO,ES,Federal Contract Tower,0,5,38,0,43,0,0,50,9,59,0,5,88,9,102,44,0,44,146
07/31/2009,INT,NC,ASO,ES,Federal Contract Tower,2,6,28,0,36,0,0,28,0,28,2,6,56,0,64,24,0,24,88
08/01/2009,INT,NC,ASO,ES,Federal Contract Tower,2,1,11,0,14,0,2,61,0,63,2,3,72,0,77,0,0,0,77
08/02/2009,INT,NC,ASO,ES,Federal Contract Tower,0,5,7,0,12,0,0,34,0,34,0,5,41,0,46,36,0,36,82
08/03/2009,INT,NC,ASO,ES,Federal Contract Tower,4,3,25,0,32,0,2,79,0,81,4,5,104,0,113,20,0,20,133
08/04/2009,INT,NC,ASO,ES,Federal Contract Tower,1,4,35,0,40,0,1,78,0,79,1,5,113,0,119,46,0,46,165
08/05/2009,INT,NC,ASO,ES,Federal Contract Tower,1,3,43,0,47,0,2,60,1,63,1,5,103,1,110,46,0,46,156
08/06/2009,INT,NC,ASO,ES,Federal Contract Tower,0,10,38,0,48,0,3,40,0,43,0,13,78,0,91,22,0,22,113
08/07/2009,INT,NC,ASO,ES,Federal Contract Tower,1,1,43,0,45,0,5,59,2,66,1,6,102,2,111,22,0,22,133
08/08/2009,INT,NC,ASO,ES,Federal Contract Tower,0,1,19,0,20,0,2,50,0,52,0,3,69,0,72,44,0,44,116
08/09/2009,INT,NC,ASO,ES,Federal Contract Tower,1,1,28,0,30,0,0,57,0,57,1,1,85,0,87,50,0,50,137
08/10/2009,INT,NC,ASO,ES,Federal Contract Tower,3,2,23,0,28,0,5,62,0,67,3,7,85,0,95,70,0,70,165
08/11/2009,INT,NC,ASO,ES,Federal Contract Tower,0,3,30,0,33,0,0,51,0,51,0,3,81,0,84,26,0,26,110
08/12/2009,INT,NC,ASO,ES,Federal Contract Tower,0,3,35,0,38,0,1,54,0,55,0,4,89,0,93,26,0,26,119
08/13/2009,INT,NC,ASO,ES,Federal Contract Tower,6,6,42,0,54,0,2,35,2,39,6,8,77,2,93,36,2,38,131
08/14/2009,INT,NC,ASO,ES,Federal Contract Tower,3,2,30,0,35,0,9,38,0,47,3,11,68,0,82,34,0,34,116
08/15/2009,INT,NC,ASO,ES,Federal Contract Tower,0,5,25,0,30,0,2,56,0,58,0,7,81,0,88,34,0,34,122
08/16/2009,INT,NC,ASO,ES,Federal Contract Tower,3,0,27,0,30,0,0,69,0,69,3,0,96,0,99,24,0,24,123
08/17/2009,INT,NC,ASO,ES,Federal Contract Tower,2,4,36,0,42,0,2,72,0,74,2,6,108,0,116,22,0,22,138
08/18/2009,INT,NC,ASO,ES,Federal Contract Tower,0,3,39,0,42,0,4,63,0,67,0,7,102,0,109,18,0,18,127
08/19/2009,INT,NC,ASO,ES,Federal Contract Tower,1,0,39,0,40,0,5,75,1,81,1,5,114,1,121,52,0,52,173
08/20/2009,INT,NC,ASO,ES,Federal Contract Tower,0,4,55,1,60,0,0,10,1,11,0,4,65,2,71,0,0,0,71
08/21/2009,INT,NC,ASO,ES,Federal Contract Tower,1,6,26,0,33,0,3,37,0,40,1,9,63,0,73,20,0,20,93
08/22/2009,INT,NC,ASO,ES,Federal Contract Tower,1,4,9,0,14,0,2,48,0,50,1,6,57,0,64,28,0,28,92
08/23/2009,INT,NC,ASO,ES,Federal Contract Tower,2,3,13,0,18,0,1,76,0,77,2,4,89,0,95,10,0,10,105
08/24/2009,INT,NC,ASO,ES,Federal Contract Tower,1,0,33,0,34,0,6,39,1,46,1,6,72,1,80,16,0,16,96
08/25/2009,INT,NC,ASO,ES,Federal Contract Tower,0,7,48,0,55,0,0,88,2,90,0,7,136,2,145,32,14,46,191
08/26/2009,INT,NC,ASO,ES,Federal Contract Tower,0,6,39,0,45,0,0,45,0,45,0,6,84,0,90,28,0,28,118
08/27/2009,INT,NC,ASO,ES,Federal Contract Tower,1,3,22,0,26,0,3,69,2,74,1,6,91,2,100,26,0,26,126
08/28/2009,INT,NC,ASO,ES,Federal Contract Tower,0,5,25,0,30,0,3,50,0,53,0,8,75,0,83,8,0,8,91
08/29/2009,INT,NC,ASO,ES,Federal Contract Tower,0,2,15,0,17,0,1,82,0,83,0,3,97,0,100,64,0,64,164
08/30/2009,INT,NC,ASO,ES,Federal Contract Tower,0,1,19,0,20,0,2,107,0,109,0,3,126,0,129,56,0,56,185
08/31/2009,INT,NC,ASO,ES,Federal Contract Tower,1,1,31,0,33,0,0,14,0,14,1,1,45,0,47,4,0,4,51
09/01/2009,INT,NC,ASO,ES,Federal Contract Tower,1,2,28,0,31,0,0,60,2,62,1,2,88,2,93,16,0,16,109
09/02/2009,INT,NC,ASO,ES,Federal Contract Tower,0,3,22,0,25,0,2,56,0,58,0,5,78,0,83,2,0,2,85
09/03/2009,INT,NC,ASO,ES,Federal Contract Tower,1,8,26,0,35,0,2,99,0,101,1,10,125,0,136,48,0,48,184
09/04/2009,INT,NC,ASO,ES,Federal Contract Tower,0,4,26,0,30,0,4,92,0,96,0,8,118,0,126,66,0,66,192
09/05/2009,INT,NC,ASO,ES,Federal Contract Tower,0,2,24,0,26,0,3,111,0,114,0,5,135,0,140,64,0,64,204
09/06/2009,INT,NC,ASO,ES,Federal Contract Tower,0,3,11,0,14,0,0,36,0,36,0,3,47,0,50,16,0,16,66
09/07/2009,INT,NC,ASO,ES,Federal Contract Tower,0,6,29,0,35,0,0,32,0,32,0,6,61,0,67,28,0,28,95
09/08/2009,INT,NC,ASO,ES,Federal Contract Tower,0,3,38,0,41,0,1,54,15,70,0,4,92,15,111,14,6,20,131
09/09/2009,INT,NC,ASO,ES,Federal Contract Tower,0,4,51,0,55,0,5,49,0,54,0,9,100,0,109,28,0,28,137
09/10/2009,INT,NC,ASO,ES,Federal Contract Tower,0,4,52,0,56,0,0,68,0,68,0,4,120,0,124,38,0,38,162
09/11/2009,INT,NC,ASO,ES,Federal Contract Tower,1,9,40,2,52,0,7,179,8,194,1,16,219,10,246,106,6,112,358
09/12/2009,INT,NC,ASO,ES,Federal Contract Tower,0,1,16,1,18,0,2,94,0,96,0,3,110,1,114,16,0,16,130
09/13/2009,INT,NC,ASO,ES,Federal Contract Tower,0,3,10,2,15,0,3,105,13,121,0,6,115,15,136,14,2,16,152
09/14/2009,INT,NC,ASO,ES,Federal Contract Tower,0,6,27,1,34,0,3,60,7,70,0,9,87,8,104,22,0,22,126
09/15/2009,INT,NC,ASO,ES,Federal Contract Tower,0,3,50,0,53,0,0,71,1,72,0,3,121,1,125,68,0,68,193
09/16/2009,INT,NC,ASO,ES,Federal Contract Tower,0,4,53,0,57,0,1,20,0,21,0,5,73,0,78,2,0,2,80
09/17/2009,INT,NC,ASO,ES,Federal Contract Tower,0,4,32,0,36,0,3,0,0,3,0,7,32,0,39,0,0,0,39
09/18/2009,INT,NC,ASO,ES,Federal Contract Tower,1,7,38,1,47,0,0,1,0,1,1,7,39,1,48,0,0,0,48
09/19/2009,INT,NC,ASO,ES,Federal Contract Tower,0,3,15,0,18,0,0,15,0,15,0,3,30,0,33,2,0,2,35
09/20/2009,INT,NC,ASO,ES,Federal Contract Tower,0,0,15,0,15,0,3,36,0,39,0,3,51,0,54,18,0,18,72
09/21/2009,INT,NC,ASO,ES,Federal Contract Tower,0,1,27,0,28,0,0,33,0,33,0,1,60,0,61,20,0,20,81
09/22/2009,INT,NC,ASO,ES,Federal Contract Tower,0,3,37,0,40,0,0,0,0,0,0,3,37,0,40,0,0,0,40
09/23/2009,INT,NC,ASO,ES,Federal Contract Tower,0,2,35,0,37,0,3,54,0,57,0,5,89,0,94,12,0,12,106
09/24/2009,INT,NC,ASO,ES,Federal Contract Tower,1,1,37,0,39,0,6,70,0,76,1,7,107,0,115,54,0,54,169
09/25/2009,INT,NC,ASO,ES,Federal Contract Tower,0,1,35,0,36,0,0,0,0,0,0,1,35,0,36,0,0,0,36
09/26/2009,INT,NC,ASO,ES,Federal Contract Tower,0,0,16,0,16,0,0,0,0,0,0,0,16,0,16,0,0,0,16
09/27/2009,INT,NC,ASO,ES,Federal Contract Tower,1,3,24,0,28,0,1,49,0,50,1,4,73,0,78,34,0,34,112
09/28/2009,INT,NC,ASO,ES,Federal Contract Tower,0,3,22,0,25,0,4,37,0,41,0,7,59,0,66,8,0,8,74
09/29/2009,INT,NC,ASO,ES,Federal Contract Tower,0,1,36,0,37,0,0,75,5,80,0,1,111,5,117,64,0,64,181
09/30/2009,INT,NC,ASO,ES,Federal Contract Tower,0,1,49,0,50,0,0,85,0,85,0,1,134,0,135,68,0,68,203
10/01/2009,INT,NC,ASO,ES,Federal Contract Tower,1,7,49,0,57,0,1,118,0,119,1,8,167,0,176,114,0,114,290
10/02/2009,INT,NC,ASO,ES,Federal Contract Tower,0,3,37,0,40,0,5,63,0,68,0,8,100,0,108,54,0,54,162
10/03/2009,INT,NC,ASO,ES,Federal Contract Tower,0,6,21,0,27,0,4,67,0,71,0,10,88,0,98,46,0,46,144
10/04/2009,INT,NC,ASO,ES,Federal Contract Tower,0,7,25,0,32,1,2,60,2,65,1,9,85,2,97,4,0,4,101
10/05/2009,INT,NC,ASO,ES,Federal Contract Tower,0,4,21,0,25,0,0,13,0,13,0,4,34,0,38,0,0,0,38
10/06/2009,INT,NC,ASO,ES,Federal Contract Tower,0,6,54,0,60,0,0,4,0,4,0,6,58,0,64,0,0,0,64
10/07/2009,INT,NC,ASO,ES,Federal Contract Tower,0,5,28,0,33,0,0,48,0,48,0,5,76,0,81,44,0,44,125
10/08/2009,INT,NC,ASO,ES,Federal Contract Tower,1,6,44,0,51,0,7,104,1,112,1,13,148,1,163,90,2,92,255
10/09/2009,INT,NC,ASO,ES,Federal Contract Tower,0,1,34,0,35,0,0,46,0,46,0,1,80,0,81,34,0,34,115
10/10/2009,INT,NC,ASO,ES,Federal Contract Tower,1,6,11,0,18,0,6,36,0,42,1,12,47,0,60,50,0,50,110
10/11/2009,INT,NC,ASO,ES,Federal Contract Tower,0,5,18,0,23,0,3,33,0,36,0,8,51,0,59,34,0,34,93
10/12/2009,INT,NC,ASO,ES,Federal Contract Tower,0,4,34,0,38,0,0,17,0,17,0,4,51,0,55,8,0,8,63
10/13/2009,INT,NC,ASO,ES,Federal Contract Tower,0,0,42,0,42,0,2,67,0,69,0,2,109,0,111,42,0,42,153
10/14/2009,INT,NC,ASO,ES,Federal Contract Tower,1,8,46,0,55,0,3,12,0,15,1,11,58,0,70,2,0,2,72
10/15/2009,INT,NC,ASO,ES,Federal Contract Tower,0,9,42,0,51,0,0,0,0,0,0,9,42,0,51,0,0,0,51
10/16/2009,INT,NC,ASO,ES,Federal Contract Tower,0,8,34,0,42,0,3,31,0,34,0,11,65,0,76,52,0,52,128
10/17/2009,INT,NC,ASO,ES,Federal Contract Tower,0,6,5,0,11,0,3,41,0,44,0,9,46,0,55,42,0,42,97
10/18/2009,INT,NC,ASO,ES,Federal Contract Tower,0,2,21,0,23,0,28,38,1,67,0,30,59,1,90,26,0,26,116
10/19/2009,INT,NC,ASO,ES,Federal Contract Tower,0,3,25,0,28,0,1,56,0,57,0,4,81,0,85,96,0,96,181
10/20/2009,INT,NC,ASO,ES,Federal Contract Tower,0,10,34,0,44,0,2,120,0,122,0,12,154,0,166,66,0,66,232
10/21/2009,INT,NC,ASO,ES,Federal Contract Tower,0,8,28,0,36,0,3,157,2,162,0,11,185,2,198,66,0,66,264
10/22/2009,INT,NC,ASO,ES,Federal Contract Tower,0,10,38,0,48,0,1,65,0,66,0,11,103,0,114,32,0,32,146
10/23/2009,INT,NC,ASO,ES,Federal Contract Tower,0,9,44,0,53,0,4,9,0,13,0,13,53,0,66,8,0,8,74
10/24/2009,INT,NC,ASO,ES,Federal Contract Tower,0,1,11,0,12,0,0,9,0,9,0,1,20,0,21,0,0,0,21
10/25/2009,INT,NC,ASO,ES,Federal Contract Tower,0,3,25,0,28,0,3,85,0,88,0,6,110,0,116,4,0,4,120
10/26/2009,INT,NC,ASO,ES,Federal Contract Tower,0,5,26,0,31,0,1,56,0,57,0,6,82,0,88,58,0,58,146
10/27/2009,INT,NC,ASO,ES,Federal Contract Tower,0,7,53,4,64,0,1,8,0,9,0,8,61,4,73,0,0,0,73
10/28/2009,INT,NC,ASO,ES,Federal Contract Tower,0,9,31,0,40,0,2,32,0,34,0,11,63,0,74,10,0,10,84
10/29/2009,INT,NC,ASO,ES,Federal Contract Tower,0,6,52,0,58,0,2,66,2,70,0,8,118,2,128,10,0,10,138
10/30/2009,INT,NC,ASO,ES,Federal Contract Tower,0,9,41,0,50,0,1,20,0,21,0,10,61,0,71,0,0,0,71
10/31/2009,INT,NC,ASO,ES,Federal Contract Tower,0,5,18,0,23,0,0,0,0,0,0,5,18,0,23,0,0,0,23
11/01/2009,INT,NC,ASO,ES,Federal Contract Tower,1,12,35,0,48,0,2,0,0,2,1,14,35,0,50,0,0,0,50
11/02/2009,INT,NC,ASO,ES,Federal Contract Tower,0,5,26,0,31,0,7,71,0,78,0,12,97,0,109,34,0,34,143
11/03/2009,INT,NC,ASO,ES,Federal Contract Tower,1,0,35,6,42,0,2,117,0,119,1,2,152,6,161,64,4,68,229
11/04/2009,INT,NC,ASO,ES,Federal Contract Tower,0,2,32,0,34,0,0,120,0,120,0,2,152,0,154,34,0,34,188
11/05/2009,INT,NC,ASO,ES,Federal Contract Tower,2,3,30,0,35,0,1,110,0,111,2,4,140,0,146,0,0,0,146
11/06/2009,INT,NC,ASO,ES,Federal Contract Tower,0,4,30,0,34,0,3,64,0,67,0,7,94,0,101,14,0,14,115
11/07/2009,INT,NC,ASO,ES,Federal Contract Tower,0,6,11,0,17,0,8,63,0,71,0,14,74,0,88,48,0,48,136
11/08/2009,INT,NC,ASO,ES,Federal Contract Tower,0,10,13,0,23,0,3,60,0,63,0,13,73,0,86,44,0,44,130
11/09/2009,INT,NC,ASO,ES,Federal Contract Tower,0,3,31,0,34,0,1,59,0,60,0,4,90,0,94,28,0,28,122
11/10/2009,INT,NC,ASO,ES,Federal Contract Tower,0,6,29,0,35,0,2,11,0,13,0,8,40,0,48,16,0,16,64
11/11/2009,INT,NC,ASO,ES,Federal Contract Tower,0,5,15,0,20,0,0,0,0,0,0,5,15,0,20,0,0,0,20
11/12/2009,INT,NC,ASO,ES,Federal Contract Tower,2,5,17,0,24,0,0,0,0,0,2,5,17,0,24,0,0,0,24
11/13/2009,INT,NC,ASO,ES,Federal Contract Tower,0,9,23,0,32,0,0,18,0,18,0,9,41,0,50,0,0,0,50
11/14/2009,INT,NC,ASO,ES,Federal Contract Tower,0,5,23,0,28,0,12,82,0,94,0,17,105,0,122,12,0,12,134
11/15/2009,INT,NC,ASO,ES,Federal Contract Tower,2,6,12,2,22,0,1,76,2,79,2,7,88,4,101,28,0,28,129
11/16/2009,INT,NC,ASO,ES,Federal Contract Tower,0,4,17,0,21,0,2,53,0,55,0,6,70,0,76,36,0,36,112
11/17/2009,INT,NC,ASO,ES,Federal Contract Tower,0,0,35,0,35,0,1,82,0,83,0,1,117,0,118,48,0,48,166
11/18/2009,INT,NC,ASO,ES,Federal Contract Tower,0,0,23,0,23,0,0,0,0,0,0,0,23,0,23,0,0,0,23
11/19/2009,INT,NC,ASO,ES,Federal Contract Tower,0,2,17,0,19,0,0,0,0,0,0,2,17,0,19,0,0,0,19
11/20/2009,INT,NC,ASO,ES,Federal Contract Tower,0,6,34,0,40,0,1,68,1,70,0,7,102,1,110,34,0,34,144
11/21/2009,INT,NC,ASO,ES,Federal Contract Tower,0,4,19,0,23,0,7,53,0,60,0,11,72,0,83,52,0,52,135
11/22/2009,INT,NC,ASO,ES,Federal Contract Tower,0,3,13,1,17,0,5,49,1,55,0,8,62,2,72,44,6,50,122
11/23/2009,INT,NC,ASO,ES,Federal Contract Tower,0,3,19,2,24,0,0,0,0,0,0,3,19,2,24,0,0,0,24
11/24/2009,INT,NC,ASO,ES,Federal Contract Tower,2,8,42,0,52,6,0,34,0,40,8,8,76,0,92,8,0,8,100
11/25/2009,INT,NC,ASO,ES,Federal Contract Tower,1,9,34,0,44,0,0,21,0,21,1,9,55,0,65,46,0,46,111
11/26/2009,INT,NC,ASO,ES,Federal Contract Tower,0,4,18,0,22,0,2,7,0,9,0,6,25,0,31,0,0,0,31
11/27/2009,INT,NC,ASO,ES,Federal Contract Tower,0,5,14,0,19,0,3,47,1,51,0,8,61,1,70,4,0,4,74
11/28/2009,INT,NC,ASO,ES,Federal Contract Tower,0,2,15,0,17,0,6,60,0,66,0,8,75,0,83,38,0,38,121
11/29/2009,INT,NC,ASO,ES,Federal Contract Tower,0,10,22,0,32,0,2,50,0,52,0,12,72,0,84,26,0,26,110
11/30/2009,INT,NC,ASO,ES,Federal Contract Tower,1,7,17,0,25,0,1,5,0,6,1,8,22,0,31,4,0,4,35
12/01/2009,INT,NC,ASO,ES,Federal Contract Tower,1,2,42,0,45,0,1,95,4,100,1,3,137,4,145,54,0,54,199
12/02/2009,INT,NC,ASO,ES,Federal Contract Tower,0,2,30,0,32,0,0,0,0,0,0,2,30,0,32,0,0,0,32
12/03/2009,INT,NC,ASO,ES,Federal Contract Tower,0,1,29,0,30,0,2,46,0,48,0,3,75,0,78,26,0,26,104
12/04/2009,INT,NC,ASO,ES,Federal Contract Tower,0,3,42,0,45,0,2,28,1,31,0,5,70,1,76,4,0,4,80
12/05/2009,INT,NC,ASO,ES,Federal Contract Tower,0,0,7,0,7,0,0,1,0,1,0,0,8,0,8,0,0,0,8
12/06/2009,INT,NC,ASO,ES,Federal Contract Tower,0,2,17,0,19,0,4,83,0,87,0,6,100,0,106,30,0,30,136
12/07/2009,INT,NC,ASO,ES,Federal Contract Tower,0,2,28,0,30,0,1,69,0,70,0,3,97,0,100,22,2,24,124
12/08/2009,INT,NC,ASO,ES,Federal Contract Tower,0,3,42,0,45,0,1,76,0,77,0,4,118,0,122,22,0,22,144
12/09/2009,INT,NC,ASO,ES,Federal Contract Tower,0,3,23,0,26,0,0,1,0,1,0,3,24,0,27,4,0,4,31
12/10/2009,INT,NC,ASO,ES,Federal Contract Tower,0,7,39,0,46,0,3,49,0,52,0,10,88,0,98,10,0,10,108
12/11/2009,INT,NC,ASO,ES,Federal Contract Tower,0,0,25,0,25,0,4,46,0,50,0,4,71,0,75,44,0,44,119
12/12/2009,INT,NC,ASO,ES,Federal Contract Tower,0,2,5,0,7,0,2,70,0,72,0,4,75,0,79,34,0,34,113
12/13/2009,INT,NC,ASO,ES,Federal Contract Tower,0,3,8,0,11,0,0,0,0,0,0,3,8,0,11,0,0,0,11
12/14/2009,INT,NC,ASO,ES,Federal Contract Tower,0,10,27,0,37,0,0,38,0,38,0,10,65,0,75,30,0,30,105
12/15/2009,INT,NC,ASO,ES,Federal Contract Tower,0,5,38,0,43,0,1,12,0,13,0,6,50,0,56,20,0,20,76
12/16/2009,INT,NC,ASO,ES,Federal Contract Tower,0,5,38,0,43,0,0,98,1,99,0,5,136,1,142,80,0,80,222
12/17/2009,INT,NC,ASO,ES,Federal Contract Tower,0,1,29,0,30,0,0,65,0,65,0,1,94,0,95,68,0,68,163
12/18/2009,INT,NC,ASO,ES,Federal Contract Tower,0,7,18,0,25,0,0,7,0,7,0,7,25,0,32,0,0,0,32
12/19/2009,INT,NC,ASO,ES,Federal Contract Tower,0,1,5,0,6,0,0,0,0,0,0,1,5,0,6,0,0,0,6
12/20/2009,INT,NC,ASO,ES,Federal Contract Tower,0,1,14,0,15,0,3,13,0,16,0,4,27,0,31,6,0,6,37
12/21/2009,INT,NC,ASO,ES,Federal Contract Tower,0,1,18,0,19,0,0,44,0,44,0,1,62,0,63,36,4,40,103
12/22/2009,INT,NC,ASO,ES,Federal Contract Tower,0,1,35,0,36,0,0,60,0,60,0,1,95,0,96,18,0,18,114
12/23/2009,INT,NC,ASO,ES,Federal Contract Tower,0,3,28,0,31,0,0,83,0,83,0,3,111,0,114,10,0,10,124
12/24/2009,INT,NC,ASO,ES,Federal Contract Tower,0,0,5,0,5,0,0,11,0,11,0,0,16,0,16,2,0,2,18
12/25/2009,INT,NC,ASO,ES,Federal Contract Tower,0,2,0,0,2,0,0,0,0,0,0,2,0,0,2,0,0,0,2
12/26/2009,INT,NC,ASO,ES,Federal Contract Tower,0,4,10,0,14,0,5,23,0,28,0,9,33,0,42,12,0,12,54
12/27/2009,INT,NC,ASO,ES,Federal Contract Tower,0,8,10,0,18,0,0,33,0,33,0,8,43,0,51,14,0,14,65
12/28/2009,INT,NC,ASO,ES,Federal Contract Tower,0,4,11,0,15,0,3,35,2,40,0,7,46,2,55,2,0,2,57
12/29/2009,INT,NC,ASO,ES,Federal Contract Tower,0,4,16,0,20,0,0,53,2,55,0,4,69,2,75,24,2,26,101
12/30/2009,INT,NC,ASO,ES,Federal Contract Tower,0,4,21,0,25,0,1,49,0,50,0,5,70,0,75,2,0,2,77
12/31/2009,INT,NC,ASO,ES,Federal Contract Tower,1,4,6,0,11,0,0,11,0,11,1,4,17,0,22,0,0,0,22
01/01/2010,INT,NC,ASO,ES,Federal Contract Tower,0,0,2,0,2,0,2,24,0,26,0,2,26,0,28,50,0,50,78
01/02/2010,INT,NC,ASO,ES,Federal Contract Tower,1,2,10,0,13,0,0,15,0,15,1,2,25,0,28,8,0,8,36
01/03/2010,INT,NC,ASO,ES,Federal Contract Tower,0,3,11,0,14,0,5,22,0,27,0,8,33,0,41,24,0,24,65
01/04/2010,INT,NC,ASO,ES,Federal Contract Tower,0,0,17,0,17,0,0,26,0,26,0,0,43,0,43,10,0,10,53
01/05/2010,INT,NC,ASO,ES,Federal Contract Tower,0,4,22,0,26,0,0,55,0,55,0,4,77,0,81,30,0,30,111
01/06/2010,INT,NC,ASO,ES,Federal Contract Tower,0,1,27,0,28,0,3,45,1,49,0,4,72,1,77,6,0,6,83
01/07/2010,INT,NC,ASO,ES,Federal Contract Tower,0,7,17,0,24,0,0,83,0,83,0,7,100,0,107,48,0,48,155
01/08/2010,INT,NC,ASO,ES,Federal Contract Tower,0,1,20,0,21,0,1,23,0,24,0,2,43,0,45,16,0,16,61
01/09/2010,INT,NC,ASO,ES,Federal Contract Tower,0,0,15,0,15,0,4,66,0,70,0,4,81,0,85,50,8,58,143
01/10/2010,INT,NC,ASO,ES,Federal Contract Tower,0,0,7,0,7,0,3,51,0,54,0,3,58,0,61,40,0,40,101
01/11/2010,INT,NC,ASO,ES,Federal Contract Tower,0,3,15,0,18,0,2,39,0,41,0,5,54,0,59,16,0,16,75
01/12/2010,INT,NC,ASO,ES,Federal Contract Tower,0,8,32,0,40,0,0,31,0,31,0,8,63,0,71,12,0,12,83
01/13/2010,INT,NC,ASO,ES,Federal Contract Tower,0,2,25,0,27,0,0,70,0,70,0,2,95,0,97,26,0,26,123
01/14/2010,INT,NC,ASO,ES,Federal Contract Tower,0,3,35,0,38,0,3,52,2,57,0,6,87,2,95,8,6,14,109
01/15/2010,INT,NC,ASO,ES,Federal Contract Tower,0,6,28,2,36,0,2,78,0,80,0,8,106,2,116,60,0,60,176
01/16/2010,INT,NC,ASO,ES,Federal Contract Tower,0,2,14,1,17,0,2,95,3,100,0,4,109,4,117,28,0,28,145
01/17/2010,INT,NC,ASO,ES,Federal Contract Tower,0,1,5,0,6,0,0,0,0,0,0,1,5,0,6,0,0,0,6
01/18/2010,INT,NC,ASO,ES,Federal Contract Tower,0,0,32,0,32,0,1,65,3,69,0,1,97,3,101,24,0,24,125
01/19/2010,INT,NC,ASO,ES,Federal Contract Tower,0,1,28,0,29,0,2,65,2,69,0,3,93,2,98,42,0,42,140
01/20/2010,INT,NC,ASO,ES,Federal Contract Tower,0,1,28,0,29,0,3,46,0,49,0,4,74,0,78,32,0,32,110
01/21/2010,INT,NC,ASO,ES,Federal Contract Tower,0,0,27,0,27,0,0,0,0,0,0,0,27,0,27,0,0,0,27
01/22/2010,INT,NC,ASO,ES,Federal Contract Tower,0,0,22,0,22,0,0,1,0,1,0,0,23,0,23,0,0,0,23
01/23/2010,INT,NC,ASO,ES,Federal Contract Tower,0,6,29,1,36,0,2,52,1,55,0,8,81,2,91,20,6,26,117
01/24/2010,INT,NC,ASO,ES,Federal Contract Tower,0,1,15,0,16,0,0,0,0,0,0,1,15,0,16,0,0,0,16
01/25/2010,INT,NC,ASO,ES,Federal Contract Tower,0,3,10,0,13,0,4,11,0,15,0,7,21,0,28,0,0,0,28
01/26/2010,INT,NC,ASO,ES,Federal Contract Tower,0,20,37,0,57,0,3,45,0,48,0,23,82,0,105,2,0,2,107
01/27/2010,INT,NC,ASO,ES,Federal Contract Tower,1,4,34,0,39,0,8,124,4,136,1,12,158,4,175,20,0,20,195
01/28/2010,INT,NC,ASO,ES,Federal Contract Tower,0,4,31,0,35,0,2,53,0,55,0,6,84,0,90,6,0,6,96
01/29/2010,INT,NC,ASO,ES,Federal Contract Tower,0,4,24,0,28,0,1,43,0,44,0,5,67,0,72,14,0,14,86
01/30/2010,INT,NC,ASO,ES,Federal Contract Tower,0,0,1,0,1,0,0,0,0,0,0,0,1,0,1,0,0,0,1
01/31/2010,INT,NC,ASO,ES,Federal Contract Tower,0,0,10,0,10,0,2,5,0,7,0,2,15,0,17,0,0,0,17
02/01/2010,INT,NC,ASO,ES,Federal Contract Tower,0,2,23,0,25,0,0,24,1,25,0,2,47,1,50,0,0,0,50
02/02/2010,INT,NC,ASO,ES,Federal Contract Tower,0,3,12,2,17,0,0,0,0,0,0,3,12,2,17,0,0,0,17
02/03/2010,INT,NC,ASO,ES,Federal Contract Tower,1,6,27,0,34,0,3,125,1,129,1,9,152,1,163,66,0,66,229
02/04/2010,INT,NC,ASO,ES,Federal Contract Tower,0,7,37,0,44,0,1,56,0,57,0,8,93,0,101,76,0,76,177
02/05/2010,INT,NC,ASO,ES,Federal Contract Tower,0,1,6,0,7,0,0,0,0,0,0,1,6,0,7,0,0,0,7
02/06/2010,INT,NC,ASO,ES,Federal Contract Tower,0,0,3,0,3,0,0,0,0,0,0,0,3,0,3,0,0,0,3
02/07/2010,INT,NC,ASO,ES,Federal Contract Tower,0,0,17,0,17,0,0,51,0,51,0,0,68,0,68,6,0,6,74
02/08/2010,INT,NC,ASO,ES,Federal Contract Tower,0,2,25,0,27,0,0,60,0,60,0,2,85,0,87,40,0,40,127
02/09/2010,INT,NC,ASO,ES,Federal Contract Tower,0,5,16,0,21,0,1,4,0,5,0,6,20,0,26,4,0,4,30
02/10/2010,INT,NC,ASO,ES,Federal Contract Tower,0,4,13,0,17,0,0,0,0,0,0,4,13,0,17,0,0,0,17
02/11/2010,INT,NC,ASO,ES,Federal Contract Tower,1,7,25,0,33,0,2,60,0,62,1,9,85,0,95,6,0,6,101
02/12/2010,INT,NC,ASO,ES,Federal Contract Tower,0,6,28,0,34,0,2,69,0,71,0,8,97,0,105,40,4,44,149
02/13/2010,INT,NC,ASO,ES,Federal Contract Tower,0,2,12,0,14,0,2,18,6,26,0,4,30,6,40,12,4,16,56
02/14/2010,INT,NC,ASO,ES,Federal Contract Tower,0,9,17,0,26,0,1,68,0,69,0,10,85,0,95,32,0,32,127
02/15/2010,INT,NC,ASO,ES,Federal Contract Tower,0,4,20,0,24,0,0,7,0,7,0,4,27,0,31,0,0,0,31
02/16/2010,INT,NC,ASO,ES,Federal Contract Tower,0,7,18,0,25,0,2,36,0,38,0,9,54,0,63,16,0,16,79
02/17/2010,INT,NC,ASO,ES,Federal Contract Tower,1,0,35,0,36,0,0,45,0,45,1,0,80,0,81,36,0,36,117
02/18/2010,INT,NC,ASO,ES,Federal Contract Tower,0,8,37,0,45,0,0,63,2,65,0,8,100,2,110,42,0,42,152
02/19/2010,INT,NC,ASO,ES,Federal Contract Tower,0,5,36,0,41,0,3,81,2,86,0,8,117,2,127,78,6,84,211
02/20/2010,INT,NC,ASO,ES,Federal Contract Tower,0,4,16,0,20,0,6,86,2,94,0,10,102,2,114,38,0,38,152
02/21/2010,INT,NC,ASO,ES,Federal Contract Tower,0,7,17,0,24,0,3,79,0,82,0,10,96,0,106,14,0,14,120
02/22/2010,INT,NC,ASO,ES,Federal Contract Tower,0,5,23,0,28,0,1,1,0,2,0,6,24,0,30,0,0,0,30
02/23/2010,INT,NC,ASO,ES,Federal Contract Tower,0,4,27,0,31,0,2,23,0,25,0,6,50,0,56,14,0,14,70
02/24/2010,INT,NC,ASO,ES,Federal Contract Tower,0,3,20,1,24,0,0,0,0,0,0,3,20,1,24,0,0,0,24
02/25/2010,INT,NC,ASO,ES,Federal Contract Tower,0,10,23,0,33,0,1,36,0,37,0,11,59,0,70,8,0,8,78
02/26/2010,INT,NC,ASO,ES,Federal Contract Tower,0,4,31,1,36,0,0,12,0,12,0,4,43,1,48,2,0,2,50
02/27/2010,INT,NC,ASO,ES,Federal Contract Tower,0,3,20,4,27,0,1,32,0,33,0,4,52,4,60,22,0,22,82
02/28/2010,INT,NC,ASO,ES,Federal Contract Tower,0,2,22,1,25,0,0,23,2,25,0,2,45,3,50,0,2,2,52
03/01/2010,INT,NC,ASO,ES,Federal Contract Tower,0,6,17,2,25,0,2,57,0,59,0,8,74,2,84,26,8,34,118
03/02/2010,INT,NC,ASO,ES,Federal Contract Tower,0,5,13,0,18,0,0,3,0,3,0,5,16,0,21,0,0,0,21
03/03/2010,INT,NC,ASO,ES,Federal Contract Tower,0,8,29,0,37,0,5,34,0,39,0,13,63,0,76,6,0,6,82
03/04/2010,INT,NC,ASO,ES,Federal Contract Tower,1,5,46,0,52,0,5,41,1,47,1,10,87,1,99,10,0,10,109
03/05/2010,INT,NC,ASO,ES,Federal Contract Tower,0,5,32,0,37,0,2,69,2,73,0,7,101,2,110,104,0,104,214
03/06/2010,INT,NC,ASO,ES,Federal Contract Tower,0,1,27,0,28,0,2,66,0,68,0,3,93,0,96,54,0,54,150
03/07/2010,INT,NC,ASO,ES,Federal Contract Tower,0,4,17,1,22,0,3,108,2,113,0,7,125,3,135,60,0,60,195
03/08/2010,INT,NC,ASO,ES,Federal Contract Tower,0,7,23,0,30,0,2,64,0,66,0,9,87,0,96,40,0,40,136
03/09/2010,INT,NC,ASO,ES,Federal Contract Tower,0,1,23,0,24,0,1,87,0,88,0,2,110,0,112,46,0,46,158
03/10/2010,INT,NC,ASO,ES,Federal Contract Tower,0,3,36,0,39,0,0,44,0,44,0,3,80,0,83,16,0,16,99
03/11/2010,INT,NC,ASO,ES,Federal Contract Tower,0,4,26,0,30,0,0,11,0,11,0,4,37,0,41,8,0,8,49
03/12/2010,INT,NC,ASO,ES,Federal Contract Tower,0,2,19,0,21,0,0,0,0,0,0,2,19,0,21,0,0,0,21
03/13/2010,INT,NC,ASO,ES,Federal Contract Tower,0,1,11,0,12,0,2,26,0,28,0,3,37,0,40,14,0,14,54
03/14/2010,INT,NC,ASO,ES,Federal Contract Tower,0,7,20,0,27,0,0,48,0,48,0,7,68,0,75,30,0,30,105
03/15/2010,INT,NC,ASO,ES,Federal Contract Tower,0,6,26,0,32,0,2,42,0,44,0,8,68,0,76,6,0,6,82
03/16/2010,INT,NC,ASO,ES,Federal Contract Tower,0,6,42,0,48,0,4,47,3,54,0,10,89,3,102,14,0,14,116
03/17/2010,INT,NC,ASO,ES,Federal Contract Tower,0,6,45,0,51,0,0,82,0,82,0,6,127,0,133,86,0,86,219
03/18/2010,INT,NC,ASO,ES,Federal Contract Tower,0,2,48,0,50,0,5,120,7,132,0,7,168,7,182,64,0,64,246
03/19/2010,INT,NC,ASO,ES,Federal Contract Tower,0,5,37,0,42,0,1,87,5,93,0,6,124,5,135,28,0,28,163
03/20/2010,INT,NC,ASO,ES,Federal Contract Tower,0,0,13,1,14,0,1,73,4,78,0,1,86,5,92,16,0,16,108
03/21/2010,INT,NC,ASO,ES,Federal Contract Tower,1,4,28,0,33,0,0,13,4,17,1,4,41,4,50,18,0,18,68
03/22/2010,INT,NC,ASO,ES,Federal Contract Tower,0,3,14,0,17,0,4,12,0,16,0,7,26,0,33,0,0,0,33
03/23/2010,INT,NC,ASO,ES,Federal Contract Tower,0,2,33,0,35,0,1,33,2,36,0,3,66,2,71,0,0,0,71
03/24/2010,INT,NC,ASO,ES,Federal Contract Tower,0,7,30,0,37,0,3,86,0,89,0,10,116,0,126,20,0,20,146
03/25/2010,INT,NC,ASO,ES,Federal Contract Tower,0,7,28,0,35,0,2,61,0,63,0,9,89,0,98,10,0,10,108
03/26/2010,INT,NC,ASO,ES,Federal Contract Tower,0,2,21,2,25,0,0,43,2,45,0,2,64,4,70,42,2,44,114
03/27/2010,INT,NC,ASO,ES,Federal Contract Tower,0,3,10,0,13,0,2,70,1,73,0,5,80,1,86,36,0,36,122
03/28/2010,INT,NC,ASO,ES,Federal Contract Tower,0,0,11,0,11,0,0,0,0,0,0,0,11,0,11,0,0,0,11
03/29/2010,INT,NC,ASO,ES,Federal Contract Tower,0,6,27,0,33,0,7,14,0,21,0,13,41,0,54,0,0,0,54
03/30/2010,INT,NC,ASO,ES,Federal Contract Tower,0,6,31,0,37,0,6,36,0,42,0,12,67,0,79,16,0,16,95
03/31/2010,INT,NC,ASO,ES,Federal Contract Tower,0,0,46,0,46,0,1,98,1,100,0,1,144,1,146,72,0,72,218
04/01/2010,INT,NC,ASO,ES,Federal Contract Tower,0,6,35,0,41,0,9,68,0,77,0,15,103,0,118,38,0,38,156
04/02/2010,INT,NC,ASO,ES,Federal Contract Tower,0,3,19,0,22,1,4,95,0,100,1,7,114,0,122,106,0,106,228
04/03/2010,INT,NC,ASO,ES,Federal Contract Tower,0,0,11,0,11,0,2,78,0,80,0,2,89,0,91,92,0,92,183
04/04/2010,INT,NC,ASO,ES,Federal Contract Tower,0,5,14,0,19,0,5,37,0,42,0,10,51,0,61,2,0,2,63
04/05/2010,INT,NC,ASO,ES,Federal Contract Tower,0,5,30,0,35,0,6,80,2,88,0,11,110,2,123,60,0,60,183
04/06/2010,INT,NC,ASO,ES,Federal Contract Tower,0,5,32,0,37,0,4,46,0,50,0,9,78,0,87,24,0,24,111
04/07/2010,INT,NC,ASO,ES,Federal Contract Tower,1,15,30,0,46,0,4,52,0,56,1,19,82,0,102,38,0,38,140
04/08/2010,INT,NC,ASO,ES,Federal Contract Tower,0,1,23,0,24,0,1,12,0,13,0,2,35,0,37,10,0,10,47
04/09/2010,INT,NC,ASO,ES,Federal Contract Tower,0,2,29,0,31,0,3,26,0,29,0,5,55,0,60,6,0,6,66
04/10/2010,INT,NC,ASO,ES,Federal Contract Tower,0,1,19,0,20,0,2,91,0,93,0,3,110,0,113,66,0,66,179
04/11/2010,INT,NC,ASO,ES,Federal Contract Tower,0,0,16,0,16,0,0,58,0,58,0,0,74,0,74,74,0,74,148
04/12/2010,INT,NC,ASO,ES,Federal Contract Tower,0,3,22,0,25,0,2,63,0,65,0,5,85,0,90,18,0,18,108
04/13/2010,INT,NC,ASO,ES,Federal Contract Tower,0,3,33,0,36,0,1,41,0,42,0,4,74,0,78,46,0,46,124
04/14/2010,INT,NC,ASO,ES,Federal Contract Tower,0,5,40,0,45,0,3,23,0,26,0,8,63,0,71,42,0,42,113
04/15/2010,INT,NC,ASO,ES,Federal Contract Tower,0,9,34,0,43,0,10,79,5,94,0,19,113,5,137,64,6,70,207
04/16/2010,INT,NC,ASO,ES,Federal Contract Tower,0,4,41,0,45,0,4,55,4,63,0,8,96,4,108,40,12,52,160
04/17/2010,INT,NC,ASO,ES,Federal Contract Tower,0,2,11,0,13,0,2,45,1,48,0,4,56,1,61,24,0,24,85
04/18/2010,INT,NC,ASO,ES,Federal Contract Tower,0,1,25,0,26,0,13,78,0,91,0,14,103,0,117,40,0,40,157
04/19/2010,INT,NC,ASO,ES,Federal Contract Tower,0,4,25,0,29,0,6,53,2,61,0,10,78,2,90,84,0,84,174
04/20/2010,INT,NC,ASO,ES,Federal Contract Tower,0,3,21,0,24,0,5,43,0,48,0,8,64,0,72,40,0,40,112
04/21/2010,INT,NC,ASO,ES,Federal Contract Tower,0,2,32,0,34,0,1,60,0,61,0,3,92,0,95,42,0,42,137
04/22/2010,INT,NC,ASO,ES,Federal Contract Tower,1,9,33,0,43,0,1,129,1,131,1,10,162,1,174,54,4,58,232
04/23/2010,INT,NC,ASO,ES,Federal Contract Tower,0,6,25,0,31,0,0,64,0,64,0,6,89,0,95,36,0,36,131
04/24/2010,INT,NC,ASO,ES,Federal Contract Tower,0,2,9,0,11,0,0,19,0,19,0,2,28,0,30,0,0,0,30
04/25/2010,INT,NC,ASO,ES,Federal Contract Tower,0,4,4,0,8,0,1,4,0,5,0,5,8,0,13,0,0,0,13
04/26/2010,INT,NC,ASO,ES,Federal Contract Tower,0,4,25,4,33,0,2,14,0,16,0,6,39,4,49,2,6,8,57
04/27/2010,INT,NC,ASO,ES,Federal Contract Tower,0,12,37,0,49,0,1,37,0,38,0,13,74,0,87,48,0,48,135
04/28/2010,INT,NC,ASO,ES,Federal Contract Tower,0,9,32,0,41,0,1,75,3,79,0,10,107,3,120,46,4,50,170
04/29/2010,INT,NC,ASO,ES,Federal Contract Tower,0,9,45,0,54,0,4,78,1,83,0,13,123,1,137,22,12,34,171
04/30/2010,INT,NC,ASO,ES,Federal Contract Tower,0,7,40,1,48,0,3,56,2,61,0,10,96,3,109,32,0,32,141
05/01/2010,INT,NC,ASO,ES,Federal Contract Tower,0,1,10,0,11,0,2,17,0,19,0,3,27,0,30,30,0,30,60
05/02/2010,INT,NC,ASO,ES,Federal Contract Tower,0,3,26,0,29,0,8,4,0,12,0,11,30,0,41,0,0,0,41
05/03/2010,INT,NC,ASO,ES,Federal Contract Tower,0,4,12,0,16,0,3,4,0,7,0,7,16,0,23,2,0,2,25
05/04/2010,INT,NC,ASO,ES,Federal Contract Tower,0,2,19,0,21,0,0,57,0,57,0,2,76,0,78,12,0,12,90
05/05/2010,INT,NC,ASO,ES,Federal Contract Tower,0,1,34,0,35,0,2,90,0,92,0,3,124,0,127,40,0,40,167
05/06/2010,INT,NC,ASO,ES,Federal Contract Tower,0,7,36,0,43,0,1,86,1,88,0,8,122,1,131,26,0,26,157
05/07/2010,INT,NC,ASO,ES,Federal Contract Tower,0,6,28,1,35,0,2,61,0,63,0,8,89,1,98,54,0,54,152
05/08/2010,INT,NC,ASO,ES,Federal Contract Tower,0,3,12,0,15,0,7,75,0,82,0,10,87,0,97,38,0,38,135
05/09/2010,INT,NC,ASO,ES,Federal Contract Tower,0,4,14,0,18,0,1,18,0,19,0,5,32,0,37,12,0,12,49
05/10/2010,INT,NC,ASO,ES,Federal Contract Tower,0,2,28,0,30,0,5,78,0,83,0,7,106,0,113,26,0,26,139
05/11/2010,INT,NC,ASO,ES,Federal Contract Tower,0,1,36,0,37,0,0,33,0,33,0,1,69,0,70,32,0,32,102
05/12/2010,INT,NC,ASO,ES,Federal Contract Tower,0,1,49,1,51,0,2,52,1,55,0,3,101,2,106,48,0,48,154
05/13/2010,INT,NC,ASO,ES,Federal Contract Tower,1,4,64,0,69,0,2,115,2,119,1,6,179,2,188,38,0,38,226
05/14/2010,INT,NC,ASO,ES,Federal Contract Tower,0,4,17,0,21,0,1,33,4,38,0,5,50,4,59,32,0,32,91
05/15/2010,INT,NC,ASO,ES,Federal Contract Tower,0,13,25,0,38,0,13,24,0,37,0,26,49,0,75,20,0,20,95
05/16/2010,INT,NC,ASO,ES,Federal Contract Tower,0,12,39,0,51,0,2,7,0,9,0,14,46,0,60,14,0,14,74
05/17/2010,INT,NC,ASO,ES,Federal Contract Tower,0,20,30,0,50,0,0,0,0,0,0,20,30,0,50,0,0,0,50
05/18/2010,INT,NC,ASO,ES,Federal Contract Tower,0,2,33,0,35,0,2,5,0,7,0,4,38,0,42,34,0,34,76
05/19/2010,INT,NC,ASO,ES,Federal Contract Tower,0,2,33,0,35,0,0,44,0,44,0,2,77,0,79,20,0,20,99
05/20/2010,INT,NC,ASO,ES,Federal Contract Tower,0,3,30,0,33,0,2,60,0,62,0,5,90,0,95,70,0,70,165
05/21/2010,INT,NC,ASO,ES,Federal Contract Tower,0,3,30,1,34,0,1,100,0,101,0,4,130,1,135,86,0,86,221
05/22/2010,INT,NC,ASO,ES,Federal Contract Tower,0,5,20,0,25,0,3,7,0,10,0,8,27,0,35,0,0,0,35
05/23/2010,INT,NC,ASO,ES,Federal Contract Tower,0,4,12,0,16,0,0,12,6,18,0,4,24,6,34,18,0,18,52
05/24/2010,INT,NC,ASO,ES,Federal Contract Tower,0,8,25,0,33,0,2,3,0,5,0,10,28,0,38,0,0,0,38
05/25/2010,INT,NC,ASO,ES,Federal Contract Tower,0,8,42,0,50,0,2,14,0,16,0,10,56,0,66,0,0,0,66
05/26/2010,INT,NC,ASO,ES,Federal Contract Tower,0,4,36,0,40,0,1,98,0,99,0,5,134,0,139,42,0,42,181
05/27/2010,INT,NC,ASO,ES,Federal Contract Tower,0,10,32,0,42,0,0,92,0,92,0,10,124,0,134,128,0,128,262
05/28/2010,INT,NC,ASO,ES,Federal Contract Tower,0,7,31,0,38,0,1,37,0,38,0,8,68,0,76,10,0,10,86
05/29/2010,INT,NC,ASO,ES,Federal Contract Tower,0,2,9,0,11,0,2,59,0,61,0,4,68,0,72,10,0,10,82
05/30/2010,INT,NC,ASO,ES,Federal Contract Tower,0,0,8,0,8,0,10,19,0,29,0,10,27,0,37,32,0,32,69
05/31/2010,INT,NC,ASO,ES,Federal Contract Tower,0,2,11,0,13,0,0,42,0,42,0,2,53,0,55,4,0,4,59
06/01/2010,INT,NC,ASO,ES,Federal Contract Tower,0,1,40,0,41,0,9,6,0,15,0,10,46,0,56,8,0,8,64
06/02/2010,INT,NC,ASO,ES,Federal Contract Tower,0,3,43,0,46,0,0,54,0,54,0,3,97,0,100,36,0,36,136
06/03/2010,INT,NC,ASO,ES,Federal Contract Tower,2,5,33,0,40,0,1,39,0,40,2,6,72,0,80,4,0,4,84
06/04/2010,INT,NC,ASO,ES,Federal Contract Tower,0,5,29,0,34,0,1,40,3,44,0,6,69,3,78,20,0,20,98
06/05/2010,INT,NC,ASO,ES,Federal Contract Tower,0,1,16,0,17,0,3,83,0,86,0,4,99,0,103,16,0,16,119
06/06/2010,INT,NC,ASO,ES,Federal Contract Tower,0,3,17,0,20,0,6,10,0,16,0,9,27,0,36,4,0,4,40
06/07/2010,INT,NC,ASO,ES,Federal Contract Tower,0,5,23,0,28,0,2,55,5,62,0,7,78,5,90,24,0,24,114
06/08/2010,INT,NC,ASO,ES,Federal Contract Tower,0,4,35,0,39,0,4,64,0,68,0,8,99,0,107,60,0,60,167
06/09/2010,INT,NC,ASO,ES,Federal Contract Tower,0,11,42,0,53,0,0,24,0,24,0,11,66,0,77,6,0,6,83
06/10/2010,INT,NC,ASO,ES,Federal Contract Tower,1,1,29,0,31,0,1,49,0,50,1,2,78,0,81,18,0,18,99
06/11/2010,INT,NC,ASO,ES,Federal Contract Tower,0,0,21,0,21,0,2,83,22,107,0,2,104,22,128,50,0,50,178
06/12/2010,INT,NC,ASO,ES,Federal Contract Tower,0,0,25,0,25,0,2,30,0,32,0,2,55,0,57,16,0,16,73
06/13/2010,INT,NC,ASO,ES,Federal Contract Tower,0,2,20,0,22,0,2,32,0,34,0,4,52,0,56,30,0,30,86
06/14/2010,INT,NC,ASO,ES,Federal Contract Tower,0,0,26,0,26,0,6,43,0,49,0,6,69,0,75,30,0,30,105
06/15/2010,INT,NC,ASO,ES,Federal Contract Tower,0,0,24,0,24,0,1,56,2,59,0,1,80,2,83,32,6,38,121
06/16/2010,INT,NC,ASO,ES,Federal Contract Tower,0,2,34,0,36,0,2,53,0,55,0,4,87,0,91,42,0,42,133
06/17/2010,INT,NC,ASO,ES,Federal Contract Tower,0,3,30,0,33,0,1,47,1,49,0,4,77,1,82,38,8,46,128
06/18/2010,INT,NC,ASO,ES,Federal Contract Tower,0,1,32,0,33,0,2,89,0,91,0,3,121,0,124,106,0,106,230
06/19/2010,INT,NC,ASO,ES,Federal Contract Tower,0,0,26,0,26,0,0,60,0,60,0,0,86,0,86,74,0,74,160
06/20/2010,INT,NC,ASO,ES,Federal Contract Tower,0,0,14,0,14,0,4,27,0,31,0,4,41,0,45,2,0,2,47
06/21/2010,INT,NC,ASO,ES,Federal Contract Tower,0,1,25,0,26,0,8,17,8,33,0,9,42,8,59,8,0,8,67
06/22/2010,INT,NC,ASO,ES,Federal Contract Tower,0,9,47,0,56,0,6,51,0,57,0,15,98,0,113,44,0,44,157
06/23/2010,INT,NC,ASO,ES,Federal Contract Tower,2,16,24,0,42,0,0,73,0,73,2,16,97,0,115,84,0,84,199
06/24/2010,INT,NC,ASO,ES,Federal Contract Tower,1,4,39,0,44,0,3,51,0,54,1,7,90,0,98,10,0,10,108
06/25/2010,INT,NC,ASO,ES,Federal Contract Tower,0,7,39,0,46,0,4,57,0,61,0,11,96,0,107,86,0,86,193
06/26/2010,INT,NC,ASO,ES,Federal Contract Tower,0,3,10,0,13,0,4,65,1,70,0,7,75,1,83,34,0,34,117
06/27/2010,INT,NC,ASO,ES,Federal Contract Tower,0,3,13,0,16,0,7,29,0,36,0,10,42,0,52,0,0,0,52
06/28/2010,INT,NC,ASO,ES,Federal Contract Tower,0,1,26,0,27,0,5,33,1,39,0,6,59,1,66,6,0,6,72
06/29/2010,INT,NC,ASO,ES,Federal Contract Tower,0,6,30,0,36,0,3,26,3,32,0,9,56,3,68,40,6,46,114
06/30/2010,INT,NC,ASO,ES,Federal Contract Tower,2,7,45,0,54,0,3,66,0,69,2,10,111,0,123,36,0,36,159
07/01/2010,INT,NC,ASO,ES,Federal Contract Tower,0,6,20,0,26,0,3,80,0,83,0,9,100,0,109,46,0,46,155
07/02/2010,INT,NC,ASO,ES,Federal Contract Tower,0,5,24,0,29,0,2,67,0,69,0,7,91,0,98,40,0,40,138
07/03/2010,INT,NC,ASO,ES,Federal Contract Tower,0,1,14,0,15,0,7,41,0,48,0,8,55,0,63,2,0,2,65
07/04/2010,INT,NC,ASO,ES,Federal Contract Tower,0,4,2,0,6,0,3,31,0,34,0,7,33,0,40,6,0,6,46
07/05/2010,INT,NC,ASO,ES,Federal Contract Tower,0,1,22,0,23,0,0,55,0,55,0,1,77,0,78,32,0,32,110
07/06/2010,INT,NC,ASO,ES,Federal Contract Tower,0,5,21,0,26,0,0,37,0,37,0,5,58,0,63,0,0,0,63
07/07/2010,INT,NC,ASO,ES,Federal Contract Tower,0,6,17,1,24,0,0,57,1,58,0,6,74,2,82,12,0,12,94
07/08/2010,INT,NC,ASO,ES,Federal Contract Tower,1,5,30,0,36,0,0,58,0,58,1,5,88,0,94,52,0,52,146
07/09/2010,INT,NC,ASO,ES,Federal Contract Tower,0,5,31,0,36,0,7,13,6,26,0,12,44,6,62,12,0,12,74
07/10/2010,INT,NC,ASO,ES,Federal Contract Tower,0,2,11,0,13,0,5,29,0,34,0,7,40,0,47,22,0,22,69
07/11/2010,INT,NC,ASO,ES,Federal Contract Tower,0,6,12,0,18,0,6,46,0,52,0,12,58,0,70,29,0,29,99
07/12/2010,INT,NC,ASO,ES,Federal Contract Tower,0,4,22,5,31,0,0,7,3,10,0,4,29,8,41,2,0,2,43
07/13/2010,INT,NC,ASO,ES,Federal Contract Tower,0,2,41,0,43,0,0,10,0,10,0,2,51,0,53,0,0,0,53
07/14/2010,INT,NC,ASO,ES,Federal Contract Tower,0,12,26,0,38,0,1,86,0,87,0,13,112,0,125,62,0,62,187
07/15/2010,INT,NC,ASO,ES,Federal Contract Tower,0,3,35,0,38,0,0,74,1,75,0,3,109,1,113,58,0,58,171
07/16/2010,INT,NC,ASO,ES,Federal Contract Tower,0,5,25,0,30,0,2,52,0,54,0,7,77,0,84,50,0,50,134
07/17/2010,INT,NC,ASO,ES,Federal Contract Tower,0,6,17,0,23,0,0,27,0,27,0,6,44,0,50,18,0,18,68
07/18/2010,INT,NC,ASO,ES,Federal Contract Tower,0,9,13,0,22,0,1,42,1,44,0,10,55,1,66,50,0,50,116
07/19/2010,INT,NC,ASO,ES,Federal Contract Tower,0,2,28,0,30,0,7,11,0,18,0,9,39,0,48,10,0,10,58
07/20/2010,INT,NC,ASO,ES,Federal Contract Tower,0,4,23,0,27,0,3,30,0,33,0,7,53,0,60,16,0,16,76
07/21/2010,INT,NC,ASO,ES,Federal Contract Tower,0,3,28,0,31,0,0,57,0,57,0,3,85,0,88,34,0,34,122
07/22/2010,INT,NC,ASO,ES,Federal Contract Tower,1,6,28,0,35,0,5,79,0,84,1,11,107,0,119,68,0,68,187
07/23/2010,INT,NC,ASO,ES,Federal Contract Tower,0,4,18,0,22,0,2,61,5,68,0,6,79,5,90,68,0,68,158
07/24/2010,INT,NC,ASO,ES,Federal Contract Tower,0,1,9,0,10,0,0,51,0,51,0,1,60,0,61,24,0,24,85
07/25/2010,INT,NC,ASO,ES,Federal Contract Tower,2,6,24,0,32,0,4,45,2,51,2,10,69,2,83,12,0,12,95
07/26/2010,INT,NC,ASO,ES,Federal Contract Tower,0,4,39,0,43,0,0,50,0,50,0,4,89,0,93,36,0,36,129
07/27/2010,INT,NC,ASO,ES,Federal Contract Tower,0,5,31,0,36,0,6,13,0,19,0,11,44,0,55,26,0,26,81
07/28/2010,INT,NC,ASO,ES,Federal Contract Tower,0,10,40,0,50,0,0,80,2,82,0,10,120,2,132,46,0,46,178
07/29/2010,INT,NC,ASO,ES,Federal Contract Tower,1,6,40,0,47,0,0,81,0,81,1,6,121,0,128,8,0,8,136
07/30/2010,INT,NC,ASO,ES,Federal Contract Tower,0,2,43,0,45,0,2,86,0,88,0,4,129,0,133,64,0,64,197
07/31/2010,INT,NC,ASO,ES,Federal Contract Tower,0,2,13,3,18,0,0,36,0,36,0,2,49,3,54,14,0,14,68
08/01/2010,INT,NC,ASO,ES,Federal Contract Tower,0,0,22,0,22,0,0,0,0,0,0,0,22,0,22,0,0,0,22
08/02/2010,INT,NC,ASO,ES,Federal Contract Tower,0,5,14,0,19,0,2,18,0,20,0,7,32,0,39,22,0,22,61
08/03/2010,INT,NC,ASO,ES,Federal Contract Tower,0,4,12,0,16,0,1,55,5,61,0,5,67,5,77,42,30,72,149
08/04/2010,INT,NC,ASO,ES,Federal Contract Tower,0,3,21,0,24,0,2,50,3,55,0,5,71,3,79,80,0,80,159
08/05/2010,INT,NC,ASO,ES,Federal Contract Tower,2,3,13,0,18,0,2,41,3,46,2,5,54,3,64,52,10,62,126
08/06/2010,INT,NC,ASO,ES,Federal Contract Tower,0,2,23,0,25,0,5,45,2,52,0,7,68,2,77,28,0,28,105
08/07/2010,INT,NC,ASO,ES,Federal Contract Tower,0,0,12,0,12,0,3,51,0,54,0,3,63,0,66,46,0,46,112
08/08/2010,INT,NC,ASO,ES,Federal Contract Tower,0,3,16,0,19,0,4,36,0,40,0,7,52,0,59,26,0,26,85
08/09/2010,INT,NC,ASO,ES,Federal Contract Tower,0,1,18,0,19,0,5,45,0,50,0,6,63,0,69,16,0,16,85
08/10/2010,INT,NC,ASO,ES,Federal Contract Tower,0,8,25,0,33,0,4,34,0,38,0,12,59,0,71,46,0,46,117
08/11/2010,INT,NC,ASO,ES,Federal Contract Tower,0,7,42,0,49,0,2,62,0,64,0,9,104,0,113,42,0,42,155
08/12/2010,INT,NC,ASO,ES,Federal Contract Tower,2,6,27,0,35,0,3,59,0,62,2,9,86,0,97,26,0,26,123
08/13/2010,INT,NC,ASO,ES,Federal Contract Tower,0,1,33,0,34,0,3,48,3,54,0,4,81,3,88,18,0,18,106
08/14/2010,INT,NC,ASO,ES,Federal Contract Tower,0,3,15,0,18,0,0,26,0,26,0,3,41,0,44,38,0,38,82
08/15/2010,INT,NC,ASO,ES,Federal Contract Tower,0,4,15,0,19,0,5,6,0,11,0,9,21,0,30,0,0,0,30
08/16/2010,INT,NC,ASO,ES,Federal Contract Tower,0,2,39,0,41,0,8,34,4,46,0,10,73,4,87,6,0,6,93
08/17/2010,INT,NC,ASO,ES,Federal Contract Tower,0,0,25,0,25,0,10,26,0,36,0,10,51,0,61,30,0,30,91
08/18/2010,INT,NC,ASO,ES,Federal Contract Tower,0,8,37,0,45,0,1,20,7,28,0,9,57,7,73,30,0,30,103
08/19/2010,INT,NC,ASO,ES,Federal Contract Tower,0,7,40,0,47,0,0,1,0,1,0,7,41,0,48,0,0,0,48
08/20/2010,INT,NC,ASO,ES,Federal Contract Tower,0,11,35,0,46,0,4,62,1,67,0,15,97,1,113,50,0,50,163
08/21/2010,INT,NC,ASO,ES,Federal Contract Tower,0,4,18,0,22,0,4,74,0,78,0,8,92,0,100,32,0,32,132
08/22/2010,INT,NC,ASO,ES,Federal Contract Tower,0,1,11,0,12,0,3,8,0,11,0,4,19,0,23,0,0,0,23
08/23/2010,INT,NC,ASO,ES,Federal Contract Tower,0,1,39,1,41,0,9,40,0,49,0,10,79,1,90,8,2,10,100
08/24/2010,INT,NC,ASO,ES,Federal Contract Tower,0,8,31,0,39,0,1,6,2,9,0,9,37,2,48,2,2,4,52
08/25/2010,INT,NC,ASO,ES,Federal Contract Tower,0,5,33,0,38,0,0,9,0,9,0,5,42,0,47,12,0,12,59
08/26/2010,INT,NC,ASO,ES,Federal Contract Tower,0,3,24,0,27,0,3,59,0,62,0,6,83,0,89,28,0,28,117
08/27/2010,INT,NC,ASO,ES,Federal Contract Tower,0,6,30,0,36,0,9,78,4,91,0,15,108,4,127,58,0,58,185
08/28/2010,INT,NC,ASO,ES,Federal Contract Tower,0,0,19,0,19,0,1,59,16,76,0,1,78,16,95,48,0,48,143
08/29/2010,INT,NC,ASO,ES,Federal Contract Tower,0,1,21,0,22,0,0,33,2,35,0,1,54,2,57,14,6,20,77
08/30/2010,INT,NC,ASO,ES,Federal Contract Tower,0,5,20,0,25,0,1,70,2,73,0,6,90,2,98,26,0,26,124
08/31/2010,INT,NC,ASO,ES,Federal Contract Tower,0,6,25,0,31,0,4,74,1,79,0,10,99,1,110,12,6,18,128
09/01/2010,INT,NC,ASO,ES,Federal Contract Tower,0,3,37,0,40,0,3,74,0,77,0,6,111,0,117,28,0,28,145
09/02/2010,INT,NC,ASO,ES,Federal Contract Tower,1,3,44,0,48,0,1,62,0,63,1,4,106,0,111,44,0,44,155
09/03/2010,INT,NC,ASO,ES,Federal Contract Tower,2,4,30,0,36,0,0,73,2,75,2,4,103,2,111,36,0,36,147
09/04/2010,INT,NC,ASO,ES,Federal Contract Tower,0,2,13,0,15,0,2,55,0,57,0,4,68,0,72,34,0,34,106
09/05/2010,INT,NC,ASO,ES,Federal Contract Tower,0,2,12,0,14,0,6,46,0,52,0,8,58,0,66,18,0,18,84
09/06/2010,INT,NC,ASO,ES,Federal Contract Tower,0,0,17,0,17,0,17,56,1,74,0,17,73,1,91,22,0,22,113
09/07/2010,INT,NC,ASO,ES,Federal Contract Tower,0,3,26,0,29,0,0,42,10,52,0,3,68,10,81,72,0,72,153
09/08/2010,INT,NC,ASO,ES,Federal Contract Tower,0,7,26,0,33,0,1,44,0,45,0,8,70,0,78,42,0,42,120
09/09/2010,INT,NC,ASO,ES,Federal Contract Tower,0,7,33,0,40,0,22,92,0,114,0,29,125,0,154,52,0,52,206
09/10/2010,INT,NC,ASO,ES,Federal Contract Tower,0,6,39,8,53,0,0,158,3,161,0,6,197,11,214,58,8,66,280
09/11/2010,INT,NC,ASO,ES,Federal Contract Tower,0,1,15,0,16,0,1,60,0,61,0,2,75,0,77,38,32,70,147
09/12/2010,INT,NC,ASO,ES,Federal Contract Tower,0,1,10,2,13,0,3,81,0,84,0,4,91,2,97,18,0,18,115
09/13/2010,INT,NC,ASO,ES,Federal Contract Tower,0,7,18,3,28,0,7,68,8,83,0,14,86,11,111,38,6,44,155
09/14/2010,INT,NC,ASO,ES,Federal Contract Tower,0,6,36,0,42,0,2,35,0,37,0,8,71,0,79,40,0,40,119
09/15/2010,INT,NC,ASO,ES,Federal Contract Tower,0,4,52,0,56,0,3,72,2,77,0,7,124,2,133,50,0,50,183
09/16/2010,INT,NC,ASO,ES,Federal Contract Tower,1,5,45,0,51,0,2,54,0,56,1,7,99,0,107,0,0,0,107
09/17/2010,INT,NC,ASO,ES,Federal Contract Tower,0,4,30,2,36,0,2,41,0,43,0,6,71,2,79,30,0,30,109
09/18/2010,INT,NC,ASO,ES,Federal Contract Tower,0,2,21,1,24,0,0,62,0,62,0,2,83,1,86,58,0,58,144
09/19/2010,INT,NC,ASO,ES,Federal Contract Tower,0,1,21,0,22,0,4,66,0,70,0,5,87,0,92,32,0,32,124
09/20/2010,INT,NC,ASO,ES,Federal Contract Tower,0,4,35,0,39,0,5,56,0,61,0,9,91,0,100,22,0,22,122
09/21/2010,INT,NC,ASO,ES,Federal Contract Tower,0,5,30,0,35,0,0,18,0,18,0,5,48,0,53,48,0,48,101
09/22/2010,INT,NC,ASO,ES,Federal Contract Tower,0,2,42,0,44,0,0,31,0,31,0,2,73,0,75,32,0,32,107
09/23/2010,INT,NC,ASO,ES,Federal Contract Tower,1,8,48,0,57,0,2,64,6,72,1,10,112,6,129,52,0,52,181
09/24/2010,INT,NC,ASO,ES,Federal Contract Tower,0,1,52,0,53,0,2,64,1,67,0,3,116,1,120,50,0,50,170
09/25/2010,INT,NC,ASO,ES,Federal Contract Tower,0,2,21,0,23,0,4,39,0,43,0,6,60,0,66,44,0,44,110
09/26/2010,INT,NC,ASO,ES,Federal Contract Tower,0,10,30,0,40,0,0,6,0,6,0,10,36,0,46,0,0,0,46
09/27/2010,INT,NC,ASO,ES,Federal Contract Tower,1,8,30,0,39,0,0,0,0,0,1,8,30,0,39,2,0,2,41
09/28/2010,INT,NC,ASO,ES,Federal Contract Tower,0,3,28,0,31,0,4,26,0,30,0,7,54,0,61,46,0,46,107
09/29/2010,INT,NC,ASO,ES,Federal Contract Tower,0,2,28,0,30,0,1,1,0,2,0,3,29,0,32,0,0,0,32
09/30/2010,INT,NC,ASO,ES,Federal Contract Tower,2,9,13,0,24,0,2,23,0,25,2,11,36,0,49,6,0,6,55
10/01/2010,INT,NC,ASO,ES,Federal Contract Tower,0,14,32,0,46,0,6,37,1,44,0,20,69,1,90,32,0,32,122
10/02/2010,INT,NC,ASO,ES,Federal Contract Tower,0,6,23,0,29,0,0,74,2,76,0,6,97,2,105,36,0,36,141
10/03/2010,INT,NC,ASO,ES,Federal Contract Tower,0,17,36,0,53,0,4,33,0,37,0,21,69,0,90,18,0,18,108
10/04/2010,INT,NC,ASO,ES,Federal Contract Tower,0,3,38,0,41,0,2,29,0,31,0,5,67,0,72,22,0,22,94
10/05/2010,INT,NC,ASO,ES,Federal Contract Tower,0,1,34,0,35,0,2,34,0,36,0,3,68,0,71,6,10,16,87
10/06/2010,INT,NC,ASO,ES,Federal Contract Tower,0,2,36,0,38,0,3,57,1,61,0,5,93,1,99,34,0,34,133
10/07/2010,INT,NC,ASO,ES,Federal Contract Tower,1,9,29,0,39,0,3,75,1,79,1,12,104,1,118,62,0,62,180
10/08/2010,INT,NC,ASO,ES,Federal Contract Tower,2,3,43,0,48,0,0,73,0,73,2,3,116,0,121,90,4,94,215
10/09/2010,INT,NC,ASO,ES,Federal Contract Tower,1,4,32,0,37,0,5,97,0,102,1,9,129,0,139,68,6,74,213
10/10/2010,INT,NC,ASO,ES,Federal Contract Tower,0,3,19,0,22,0,5,68,0,73,0,8,87,0,95,30,0,30,125
10/11/2010,INT,NC,ASO,ES,Federal Contract Tower,0,8,27,0,35,0,4,48,2,54,0,12,75,2,89,24,0,24,113
10/12/2010,INT,NC,ASO,ES,Federal Contract Tower,0,10,33,0,43,0,2,47,0,49,0,12,80,0,92,58,0,58,150
10/13/2010,INT,NC,ASO,ES,Federal Contract Tower,0,5,36,0,41,0,6,57,1,64,0,11,93,1,105,38,6,44,149
10/14/2010,INT,NC,ASO,ES,Federal Contract Tower,0,7,48,0,55,0,0,41,0,41,0,7,89,0,96,32,0,32,128
10/15/2010,INT,NC,ASO,ES,Federal Contract Tower,0,8,40,0,48,0,4,45,2,51,0,12,85,2,99,24,0,24,123
10/16/2010,INT,NC,ASO,ES,Federal Contract Tower,0,3,29,0,32,0,4,61,0,65,0,7,90,0,97,46,0,46,143
10/17/2010,INT,NC,ASO,ES,Federal Contract Tower,0,2,27,0,29,0,4,35,0,39,0,6,62,0,68,48,0,48,116
10/18/2010,INT,NC,ASO,ES,Federal Contract Tower,0,0,37,0,37,0,2,54,2,58,0,2,91,2,95,68,10,78,173
10/19/2010,INT,NC,ASO,ES,Federal Contract Tower,0,2,30,0,32,0,0,33,0,33,0,2,63,0,65,32,0,32,97
10/20/2010,INT,NC,ASO,ES,Federal Contract Tower,0,0,46,0,46,0,0,8,0,8,0,0,54,0,54,0,0,0,54
10/21/2010,INT,NC,ASO,ES,Federal Contract Tower,0,5,20,0,25,0,0,82,2,84,0,5,102,2,109,52,12,64,173
10/22/2010,INT,NC,ASO,ES,Federal Contract Tower,0,8,28,1,37,0,0,64,0,64,0,8,92,1,101,44,2,46,147
10/23/2010,INT,NC,ASO,ES,Federal Contract Tower,0,7,15,0,22,0,5,95,3,103,0,12,110,3,125,96,4,100,225
10/24/2010,INT,NC,ASO,ES,Federal Contract Tower,0,4,33,0,37,0,3,84,0,87,0,7,117,0,124,50,0,50,174
10/25/2010,INT,NC,ASO,ES,Federal Contract Tower,0,6,34,0,40,0,6,1,0,7,0,12,35,0,47,0,0,0,47
10/26/2010,INT,NC,ASO,ES,Federal Contract Tower,0,5,31,0,36,0,1,4,0,5,0,6,35,0,41,0,0,0,41
10/27/2010,INT,NC,ASO,ES,Federal Contract Tower,0,3,26,1,30,0,1,2,2,5,0,4,28,3,35,0,0,0,35
10/28/2010,INT,NC,ASO,ES,Federal Contract Tower,1,4,48,0,53,0,2,31,0,33,1,6,79,0,86,42,0,42,128
10/29/2010,INT,NC,ASO,ES,Federal Contract Tower,0,4,41,0,45,0,1,84,0,85,0,5,125,0,130,4,0,4,134
10/30/2010,INT,NC,ASO,ES,Federal Contract Tower,1,2,29,0,32,0,0,63,1,64,1,2,92,1,96,14,0,14,110
10/31/2010,INT,NC,ASO,ES,Federal Contract Tower,0,12,29,0,41,0,0,62,0,62,0,12,91,0,103,26,0,26,129
11/01/2010,INT,NC,ASO,ES,Federal Contract Tower,2,1,35,0,38,0,2,45,0,47,2,3,80,0,85,2,0,2,87
11/02/2010,INT,NC,ASO,ES,Federal Contract Tower,2,1,19,0,22,0,0,37,2,39,2,1,56,2,61,10,6,16,77
11/03/2010,INT,NC,ASO,ES,Federal Contract Tower,0,5,24,0,29,0,1,40,0,41,0,6,64,0,70,26,0,26,96
11/04/2010,INT,NC,ASO,ES,Federal Contract Tower,1,7,21,0,29,0,0,3,0,3,1,7,24,0,32,0,0,0,32
11/05/2010,INT,NC,ASO,ES,Federal Contract Tower,0,5,42,0,47,0,0,97,0,97,0,5,139,0,144,44,0,44,188
11/06/2010,INT,NC,ASO,ES,Federal Contract Tower,0,1,27,0,28,0,0,51,1,52,0,1,78,1,80,32,0,32,112
11/07/2010,INT,NC,ASO,ES,Federal Contract Tower,0,4,24,0,28,0,3,60,0,63,0,7,84,0,91,56,0,56,147
11/08/2010,INT,NC,ASO,ES,Federal Contract Tower,0,6,30,0,36,0,0,62,2,64,0,6,92,2,100,32,0,32,132
11/09/2010,INT,NC,ASO,ES,Federal Contract Tower,0,5,51,2,58,0,0,69,0,69,0,5,120,2,127,22,0,22,149
11/10/2010,INT,NC,ASO,ES,Federal Contract Tower,1,4,37,0,42,0,4,86,0,90,1,8,123,0,132,70,0,70,202
11/11/2010,INT,NC,ASO,ES,Federal Contract Tower,0,5,39,0,44,0,0,99,1,100,0,5,138,1,144,74,0,74,218
11/12/2010,INT,NC,ASO,ES,Federal Contract Tower,0,5,36,0,41,0,0,66,3,69,0,5,102,3,110,60,2,62,172
11/13/2010,INT,NC,ASO,ES,Federal Contract Tower,0,5,13,0,18,0,0,110,0,110,0,5,123,0,128,48,0,48,176
11/14/2010,INT,NC,ASO,ES,Federal Contract Tower,0,0,19,0,19,0,6,55,1,62,0,6,74,1,81,32,0,32,113
11/15/2010,INT,NC,ASO,ES,Federal Contract Tower,0,8,28,0,36,0,2,50,0,52,0,10,78,0,88,6,0,6,94
11/16/2010,INT,NC,ASO,ES,Federal Contract Tower,0,4,32,0,36,0,0,0,0,0,0,4,32,0,36,0,0,0,36
11/17/2010,INT,NC,ASO,ES,Federal Contract Tower,0,3,35,0,38,0,2,49,0,51,0,5,84,0,89,40,0,40,129
11/18/2010,INT,NC,ASO,ES,Federal Contract Tower,0,5,28,0,33,0,1,67,0,68,0,6,95,0,101,80,0,80,181
11/19/2010,INT,NC,ASO,ES,Federal Contract Tower,0,8,36,0,44,0,0,57,0,57,0,8,93,0,101,60,0,60,161
11/20/2010,INT,NC,ASO,ES,Federal Contract Tower,6,1,26,0,33,0,0,95,0,95,6,1,121,0,128,70,0,70,198
11/21/2010,INT,NC,ASO,ES,Federal Contract Tower,0,5,14,0,19,0,1,55,2,58,0,6,69,2,77,44,0,44,121
11/22/2010,INT,NC,ASO,ES,Federal Contract Tower,0,5,24,0,29,0,3,70,0,73,0,8,94,0,102,40,0,40,142
11/23/2010,INT,NC,ASO,ES,Federal Contract Tower,0,10,26,0,36,0,0,0,0,0,0,10,26,0,36,0,0,0,36
11/24/2010,INT,NC,ASO,ES,Federal Contract Tower,0,5,16,0,21,0,7,57,1,65,0,12,73,1,86,68,0,68,154
11/25/2010,INT,NC,ASO,ES,Federal Contract Tower,1,6,4,0,11,0,0,0,0,0,1,6,4,0,11,0,0,0,11
11/26/2010,INT,NC,ASO,ES,Federal Contract Tower,0,0,12,0,12,0,0,21,0,21,0,0,33,0,33,28,0,28,61
11/27/2010,INT,NC,ASO,ES,Federal Contract Tower,0,1,12,0,13,0,0,46,0,46,0,1,58,0,59,46,0,46,105
11/28/2010,INT,NC,ASO,ES,Federal Contract Tower,0,12,27,0,39,0,0,60,0,60,0,12,87,0,99,28,0,28,127
11/29/2010,INT,NC,ASO,ES,Federal Contract Tower,0,11,32,0,43,0,2,61,0,63,0,13,93,0,106,34,0,34,140
11/30/2010,INT,NC,ASO,ES,Federal Contract Tower,0,10,23,0,33,0,0,0,0,0,0,10,23,0,33,0,0,0,33
12/01/2010,INT,NC,ASO,ES,Federal Contract Tower,0,4,32,0,36,0,1,48,10,59,0,5,80,10,95,20,14,34,129
12/02/2010,INT,NC,ASO,ES,Federal Contract Tower,0,5,49,0,54,0,3,83,2,88,0,8,132,2,142,68,0,68,210
12/03/2010,INT,NC,ASO,ES,Federal Contract Tower,0,6,32,0,38,0,2,37,4,43,0,8,69,4,81,54,0,54,135
12/04/2010,INT,NC,ASO,ES,Federal Contract Tower,0,2,9,0,11,0,0,46,0,46,0,2,55,0,57,48,0,48,105
12/05/2010,INT,NC,ASO,ES,Federal Contract Tower,0,2,17,0,19,0,1,10,0,11,0,3,27,0,30,0,0,0,30
12/06/2010,INT,NC,ASO,ES,Federal Contract Tower,0,7,31,0,38,0,3,18,3,24,0,10,49,3,62,8,4,12,74
12/07/2010,INT,NC,ASO,ES,Federal Contract Tower,0,5,35,0,40,0,5,11,0,16,0,10,46,0,56,0,0,0,56
12/08/2010,INT,NC,ASO,ES,Federal Contract Tower,0,8,39,0,47,0,0,57,6,63,0,8,96,6,110,64,0,64,174
12/09/2010,INT,NC,ASO,ES,Federal Contract Tower,0,4,32,0,36,0,0,90,2,92,0,4,122,2,128,86,0,86,214
12/10/2010,INT,NC,ASO,ES,Federal Contract Tower,0,2,20,1,23,0,0,74,0,74,0,2,94,1,97,52,0,52,149
12/11/2010,INT,NC,ASO,ES,Federal Contract Tower,0,1,5,0,6,0,0,46,0,46,0,1,51,0,52,46,0,46,98
12/12/2010,INT,NC,ASO,ES,Federal Contract Tower,0,0,7,0,7,0,0,0,0,0,0,0,7,0,7,0,0,0,7
12/13/2010,INT,NC,ASO,ES,Federal Contract Tower,0,6,23,0,29,0,1,7,0,8,0,7,30,0,37,0,0,0,37
12/14/2010,INT,NC,ASO,ES,Federal Contract Tower,0,12,33,0,45,0,0,16,2,18,0,12,49,2,63,6,0,6,69
12/15/2010,INT,NC,ASO,ES,Federal Contract Tower,0,3,38,0,41,0,6,43,0,49,0,9,81,0,90,6,0,6,96
12/16/2010,INT,NC,ASO,ES,Federal Contract Tower,0,7,9,0,16,0,0,0,0,0,0,7,9,0,16,0,0,0,16
12/17/2010,INT,NC,ASO,ES,Federal Contract Tower,0,7,41,0,48,0,0,28,0,28,0,7,69,0,76,6,0,6,82
12/18/2010,INT,NC,ASO,ES,Federal Contract Tower,0,9,15,0,24,0,0,36,0,36,0,9,51,0,60,66,0,66,126
12/19/2010,INT,NC,ASO,ES,Federal Contract Tower,0,8,14,0,22,0,2,49,0,51,0,10,63,0,73,38,0,38,111
12/20/2010,INT,NC,ASO,ES,Federal Contract Tower,0,5,27,0,32,0,5,27,0,32,0,10,54,0,64,24,0,24,88
12/21/2010,INT,NC,ASO,ES,Federal Contract Tower,0,11,14,2,27,0,3,38,2,43,0,14,52,4,70,16,0,16,86
12/22/2010,INT,NC,ASO,ES,Federal Contract Tower,0,5,12,0,17,0,3,28,0,31,0,8,40,0,48,6,0,6,54
12/23/2010,INT,NC,ASO,ES,Federal Contract Tower,0,1,13,0,14,0,0,25,1,26,0,1,38,1,40,16,0,16,56
12/24/2010,INT,NC,ASO,ES,Federal Contract Tower,0,0,4,0,4,0,0,18,0,18,0,0,22,0,22,20,0,20,42
12/25/2010,INT,NC,ASO,ES,Federal Contract Tower,0,1,3,0,4,0,0,0,0,0,0,1,3,0,4,0,0,0,4
12/26/2010,INT,NC,ASO,ES,Federal Contract Tower,0,0,6,0,6,0,0,0,0,0,0,0,6,0,6,0,0,0,6
12/27/2010,INT,NC,ASO,ES,Federal Contract Tower,0,2,13,0,15,0,4,12,0,16,0,6,25,0,31,6,0,6,37
12/28/2010,INT,NC,ASO,ES,Federal Contract Tower,0,2,13,0,15,0,2,51,0,53,0,4,64,0,68,38,0,38,106
12/29/2010,INT,NC,ASO,ES,Federal Contract Tower,0,4,15,0,19,0,3,80,0,83,0,7,95,0,102,46,0,46,148
12/30/2010,INT,NC,ASO,ES,Federal Contract Tower,0,2,14,0,16,0,0,51,0,51,0,2,65,0,67,56,0,56,123
12/31/2010,INT,NC,ASO,ES,Federal Contract Tower,0,2,18,0,20,0,2,57,0,59,0,4,75,0,79,72,0,72,151
01/01/2011,INT,NC,ASO,ES,Federal Contract Tower,0,1,2,0,3,0,0,0,0,0,0,1,2,0,3,0,0,0,3
01/02/2011,INT,NC,ASO,ES,Federal Contract Tower,0,2,12,0,14,0,0,4,0,4,0,2,16,0,18,14,0,14,32
01/03/2011,INT,NC,ASO,ES,Federal Contract Tower,0,6,13,0,19,0,5,38,0,43,0,11,51,0,62,28,0,28,90
01/04/2011,INT,NC,ASO,ES,Federal Contract Tower,0,7,23,0,30,0,1,37,0,38,0,8,60,0,68,12,0,12,80
01/05/2011,INT,NC,ASO,ES,Federal Contract Tower,0,5,28,0,33,0,0,64,0,64,0,5,92,0,97,42,0,42,139
01/06/2011,INT,NC,ASO,ES,Federal Contract Tower,0,6,22,0,28,0,1,57,0,58,0,7,79,0,86,80,0,80,166
01/07/2011,INT,NC,ASO,ES,Federal Contract Tower,0,1,23,1,25,0,1,35,1,37,0,2,58,2,62,68,0,68,130
01/08/2011,INT,NC,ASO,ES,Federal Contract Tower,0,0,12,0,12,0,0,33,0,33,0,0,45,0,45,38,0,38,83
01/09/2011,INT,NC,ASO,ES,Federal Contract Tower,0,1,16,0,17,0,0,40,0,40,0,1,56,0,57,14,0,14,71
01/10/2011,INT,NC,ASO,ES,Federal Contract Tower,0,7,12,0,19,0,1,2,0,3,0,8,14,0,22,0,0,0,22
01/11/2011,INT,NC,ASO,ES,Federal Contract Tower,0,0,3,0,3,0,0,0,0,0,0,0,3,0,3,0,0,0,3
01/12/2011,INT,NC,ASO,ES,Federal Contract Tower,0,4,10,0,14,0,2,16,0,18,0,6,26,0,32,0,0,0,32
01/13/2011,INT,NC,ASO,ES,Federal Contract Tower,0,10,38,0,48,0,8,30,0,38,0,18,68,0,86,4,0,4,90
01/14/2011,INT,NC,ASO,ES,Federal Contract Tower,0,4,19,0,23,0,2,84,3,89,0,6,103,3,112,58,0,58,170
01/15/2011,INT,NC,ASO,ES,Federal Contract Tower,0,5,14,1,20,0,0,65,1,66,0,5,79,2,86,36,0,36,122
01/16/2011,INT,NC,ASO,ES,Federal Contract Tower,0,1,12,0,13,0,0,77,0,77,0,1,89,0,90,48,0,48,138
01/17/2011,INT,NC,ASO,ES,Federal Contract Tower,0,4,19,0,23,0,3,12,0,15,0,7,31,0,38,8,0,8,46
01/18/2011,INT,NC,ASO,ES,Federal Contract Tower,0,2,25,0,27,0,0,0,0,0,0,2,25,0,27,0,0,0,27
01/19/2011,INT,NC,ASO,ES,Federal Contract Tower,0,2,28,2,32,0,0,29,2,31,0,2,57,4,63,20,28,48,111
01/20/2011,INT,NC,ASO,ES,Federal Contract Tower,0,0,27,0,27,0,0,41,0,41,0,0,68,0,68,34,0,34,102
01/21/2011,INT,NC,ASO,ES,Federal Contract Tower,0,1,25,0,26,0,4,47,0,51,0,5,72,0,77,34,0,34,111
01/22/2011,INT,NC,ASO,ES,Federal Contract Tower,0,6,18,0,24,0,0,62,0,62,0,6,80,0,86,78,0,78,164
01/23/2011,INT,NC,ASO,ES,Federal Contract Tower,0,0,14,0,14,0,3,38,0,41,0,3,52,0,55,34,0,34,89
01/24/2011,INT,NC,ASO,ES,Federal Contract Tower,0,2,28,0,30,0,3,35,0,38,0,5,63,0,68,0,0,0,68
01/25/2011,INT,NC,ASO,ES,Federal Contract Tower,0,12,25,0,37,0,6,13,0,19,0,18,38,0,56,0,0,0,56
01/26/2011,INT,NC,ASO,ES,Federal Contract Tower,0,4,14,0,18,0,0,0,0,0,0,4,14,0,18,0,0,0,18
01/27/2011,INT,NC,ASO,ES,Federal Contract Tower,0,2,25,0,27,0,1,56,0,57,0,3,81,0,84,50,0,50,134
01/28/2011,INT,NC,ASO,ES,Federal Contract Tower,0,4,28,0,32,0,0,37,2,39,0,4,65,2,71,24,6,30,101
01/29/2011,INT,NC,ASO,ES,Federal Contract Tower,0,6,9,0,15,0,0,83,0,83,0,6,92,0,98,36,0,36,134
01/30/2011,INT,NC,ASO,ES,Federal Contract Tower,0,6,18,0,24,0,4,60,0,64,0,10,78,0,88,32,0,32,120
01/31/2011,INT,NC,ASO,ES,Federal Contract Tower,0,9,12,0,21,0,0,9,0,9,0,9,21,0,30,14,0,14,44
02/01/2011,INT,NC,ASO,ES,Federal Contract Tower,0,3,22,0,25,0,3,16,0,19,0,6,38,0,44,14,0,14,58
02/02/2011,INT,NC,ASO,ES,Federal Contract Tower,0,2,19,0,21,0,0,3,0,3,0,2,22,0,24,0,0,0,24
02/03/2011,INT,NC,ASO,ES,Federal Contract Tower,0,8,36,0,44,0,1,93,2,96,0,9,129,2,140,82,0,82,222
02/04/2011,INT,NC,ASO,ES,Federal Contract Tower,0,14,13,0,27,0,1,1,0,2,0,15,14,0,29,0,0,0,29
02/05/2011,INT,NC,ASO,ES,Federal Contract Tower,0,2,12,0,14,0,0,0,0,0,0,2,12,0,14,0,0,0,14
02/06/2011,INT,NC,ASO,ES,Federal Contract Tower,0,3,16,0,19,0,4,58,0,62,0,7,74,0,81,40,0,40,121
02/07/2011,INT,NC,ASO,ES,Federal Contract Tower,0,6,33,0,39,9,9,38,2,58,9,15,71,2,97,18,2,20,117
02/08/2011,INT,NC,ASO,ES,Federal Contract Tower,0,4,35,0,39,0,4,19,0,23,0,8,54,0,62,4,0,4,66
02/09/2011,INT,NC,ASO,ES,Federal Contract Tower,0,4,34,0,38,0,0,87,0,87,0,4,121,0,125,56,0,56,181
02/10/2011,INT,NC,ASO,ES,Federal Contract Tower,0,4,28,0,32,0,3,61,0,64,0,7,89,0,96,50,0,50,146
02/11/2011,INT,NC,ASO,ES,Federal Contract Tower,0,4,33,0,37,0,2,79,0,81,0,6,112,0,118,62,0,62,180
02/12/2011,INT,NC,ASO,ES,Federal Contract Tower,0,3,5,0,8,0,0,43,1,44,0,3,48,1,52,44,0,44,96
02/13/2011,INT,NC,ASO,ES,Federal Contract Tower,0,6,10,1,17,0,0,41,5,46,0,6,51,6,63,36,2,38,101
02/14/2011,INT,NC,ASO,ES,Federal Contract Tower,0,1,4,0,5,0,4,11,0,15,0,5,15,0,20,4,0,4,24
02/15/2011,INT,NC,ASO,ES,Federal Contract Tower,0,5,27,2,34,0,4,87,2,93,0,9,114,4,127,50,16,66,193
02/16/2011,INT,NC,ASO,ES,Federal Contract Tower,2,1,46,0,49,0,5,107,0,112,2,6,153,0,161,68,0,68,229
02/17/2011,INT,NC,ASO,ES,Federal Contract Tower,1,7,32,0,40,0,0,31,0,31,1,7,63,0,71,14,0,14,85
02/18/2011,INT,NC,ASO,ES,Federal Contract Tower,2,7,45,0,54,0,0,110,0,110,2,7,155,0,164,20,0,20,184
02/19/2011,INT,NC,ASO,ES,Federal Contract Tower,2,2,14,0,18,0,54,3,0,57,2,56,17,0,75,48,4,52,127
02/20/2011,INT,NC,ASO,ES,Federal Contract Tower,0,3,21,0,24,0,0,85,2,87,0,3,106,2,111,44,0,44,155
02/21/2011,INT,NC,ASO,ES,Federal Contract Tower,0,2,35,0,37,0,0,36,3,39,0,2,71,3,76,2,0,2,78
02/22/2011,INT,NC,ASO,ES,Federal Contract Tower,0,10,32,0,42,0,0,49,2,51,0,10,81,2,93,28,4,32,125
02/23/2011,INT,NC,ASO,ES,Federal Contract Tower,0,4,34,0,38,0,11,99,0,110,0,15,133,0,148,66,0,66,214
02/24/2011,INT,NC,ASO,ES,Federal Contract Tower,0,2,35,0,37,0,0,60,0,60,0,2,95,0,97,70,0,70,167
02/25/2011,INT,NC,ASO,ES,Federal Contract Tower,0,5,13,0,18,0,0,2,0,2,0,5,15,0,20,0,0,0,20
02/26/2011,INT,NC,ASO,ES,Federal Contract Tower,0,0,27,0,27,0,2,76,0,78,0,2,103,0,105,48,0,48,153
02/27/2011,INT,NC,ASO,ES,Federal Contract Tower,0,1,15,0,16,0,4,67,0,71,0,5,82,0,87,46,0,46,133
02/28/2011,INT,NC,ASO,ES,Federal Contract Tower,0,2,24,0,26,0,0,12,0,12,0,2,36,0,38,0,0,0,38
03/01/2011,INT,NC,ASO,ES,Federal Contract Tower,0,0,13,0,13,0,0,48,0,48,0,0,61,0,61,10,0,10,71
03/02/2011,INT,NC,ASO,ES,Federal Contract Tower,0,7,40,0,47,0,0,72,2,74,0,7,112,2,121,86,14,100,221
03/03/2011,INT,NC,ASO,ES,Federal Contract Tower,0,8,23,2,33,0,1,44,1,46,0,9,67,3,79,28,0,28,107
03/04/2011,INT,NC,ASO,ES,Federal Contract Tower,0,8,27,0,35,0,2,78,4,84,0,10,105,4,119,48,0,48,167
03/05/2011,INT,NC,ASO,ES,Federal Contract Tower,1,2,13,0,16,0,0,35,0,35,1,2,48,0,51,40,0,40,91
03/06/2011,INT,NC,ASO,ES,Federal Contract Tower,0,11,6,0,17,0,1,0,0,1,0,12,6,0,18,4,0,4,22
03/07/2011,INT,NC,ASO,ES,Federal Contract Tower,0,6,21,0,27,0,5,42,0,47,0,11,63,0,74,56,0,56,130
03/08/2011,INT,NC,ASO,ES,Federal Contract Tower,0,4,28,0,32,0,5,87,3,95,0,9,115,3,127,24,10,34,161
03/09/2011,INT,NC,ASO,ES,Federal Contract Tower,0,3,32,0,35,0,0,24,0,24,0,3,56,0,59,14,0,14,73
03/10/2011,INT,NC,ASO,ES,Federal Contract Tower,0,3,20,0,23,0,0,1,0,1,0,3,21,0,24,0,0,0,24
03/11/2011,INT,NC,ASO,ES,Federal Contract Tower,0,4,30,0,34,0,5,31,0,36,0,9,61,0,70,12,0,12,82
03/12/2011,INT,NC,ASO,ES,Federal Contract Tower,0,5,12,0,17,0,0,90,2,92,0,5,102,2,109,38,0,38,147
03/13/2011,INT,NC,ASO,ES,Federal Contract Tower,0,6,24,0,30,0,2,57,0,59,0,8,81,0,89,26,0,26,115
03/14/2011,INT,NC,ASO,ES,Federal Contract Tower,0,6,22,0,28,0,0,60,0,60,0,6,82,0,88,30,0,30,118
03/15/2011,INT,NC,ASO,ES,Federal Contract Tower,0,3,28,0,31,0,2,14,0,16,0,5,42,0,47,18,0,18,65
03/16/2011,INT,NC,ASO,ES,Federal Contract Tower,0,4,32,0,36,0,4,59,2,65,0,8,91,2,101,32,0,32,133
03/17/2011,INT,NC,ASO,ES,Federal Contract Tower,0,2,51,0,53,0,6,104,0,110,0,8,155,0,163,80,0,80,243
03/18/2011,INT,NC,ASO,ES,Federal Contract Tower,0,8,16,0,24,0,6,68,3,77,0,14,84,3,101,54,0,54,155
03/19/2011,INT,NC,ASO,ES,Federal Contract Tower,0,6,21,0,27,0,0,55,0,55,0,6,76,0,82,26,0,26,108
03/20/2011,INT,NC,ASO,ES,Federal Contract Tower,0,3,9,0,12,0,3,44,4,51,0,6,53,4,63,34,0,34,97
03/21/2011,INT,NC,ASO,ES,Federal Contract Tower,0,4,30,0,34,0,2,25,0,27,0,6,55,0,61,4,0,4,65
03/22/2011,INT,NC,ASO,ES,Federal Contract Tower,0,0,34,0,34,0,1,40,0,41,0,1,74,0,75,16,0,16,91
03/23/2011,INT,NC,ASO,ES,Federal Contract Tower,0,3,28,0,31,0,0,33,2,35,0,3,61,2,66,14,0,14,80
03/24/2011,INT,NC,ASO,ES,Federal Contract Tower,0,5,23,0,28,0,7,29,0,36,0,12,52,0,64,2,0,2,66
03/25/2011,INT,NC,ASO,ES,Federal Contract Tower,0,7,42,0,49,0,1,120,0,121,0,8,162,0,170,88,0,88,258
03/26/2011,INT,NC,ASO,ES,Federal Contract Tower,0,5,14,0,19,0,0,35,0,35,0,5,49,0,54,22,0,22,76
03/27/2011,INT,NC,ASO,ES,Federal Contract Tower,0,7,18,0,25,0,4,0,0,4,0,11,18,0,29,0,0,0,29
03/28/2011,INT,NC,ASO,ES,Federal Contract Tower,0,5,13,0,18,0,3,15,0,18,0,8,28,0,36,0,0,0,36
03/29/2011,INT,NC,ASO,ES,Federal Contract Tower,0,5,46,0,51,0,2,102,0,104,0,7,148,0,155,56,0,56,211
03/30/2011,INT,NC,ASO,ES,Federal Contract Tower,1,3,31,0,35,0,0,0,0,0,1,3,31,0,35,0,0,0,35
03/31/2011,INT,NC,ASO,ES,Federal Contract Tower,0,0,2,0,2,0,0,5,0,5,0,0,7,0,7,8,0,8,15
04/01/2011,INT,NC,ASO,ES,Federal Contract Tower,0,3,22,0,25,0,0,49,0,49,0,3,71,0,74,48,0,48,122
04/02/2011,INT,NC,ASO,ES,Federal Contract Tower,0,2,8,0,10,0,0,9,0,9,0,2,17,0,19,0,0,0,19
04/03/2011,INT,NC,ASO,ES,Federal Contract Tower,0,3,42,0,45,0,0,62,0,62,0,3,104,0,107,64,0,64,171
04/04/2011,INT,NC,ASO,ES,Federal Contract Tower,0,0,16,0,16,0,2,8,0,10,0,2,24,0,26,0,0,0,26
04/05/2011,INT,NC,ASO,ES,Federal Contract Tower,0,3,26,2,31,0,2,6,0,8,0,5,32,2,39,0,0,0,39
04/06/2011,INT,NC,ASO,ES,Federal Contract Tower,0,7,36,0,43,0,7,75,4,86,0,14,111,4,129,56,0,56,185
04/07/2011,INT,NC,ASO,ES,Federal Contract Tower,0,12,44,0,56,0,4,170,2,176,0,16,214,2,232,66,0,66,298
04/08/2011,INT,NC,ASO,ES,Federal Contract Tower,1,9,31,0,41,0,1,68,3,72,1,10,99,3,113,56,0,56,169
04/09/2011,INT,NC,ASO,ES,Federal Contract Tower,0,2,13,0,15,0,0,0,0,0,0,2,13,0,15,0,0,0,15
04/10/2011,INT,NC,ASO,ES,Federal Contract Tower,0,3,18,0,21,0,7,31,0,38,0,10,49,0,59,18,0,18,77
04/11/2011,INT,NC,ASO,ES,Federal Contract Tower,0,2,28,2,32,0,1,13,0,14,0,3,41,2,46,8,2,10,56
04/12/2011,INT,NC,ASO,ES,Federal Contract Tower,0,3,25,0,28,0,3,4,0,7,0,6,29,0,35,0,0,0,35
04/13/2011,INT,NC,ASO,ES,Federal Contract Tower,0,5,52,0,57,0,0,125,0,125,0,5,177,0,182,42,0,42,224
04/14/2011,INT,NC,ASO,ES,Federal Contract Tower,0,5,42,0,47,0,3,105,1,109,0,8,147,1,156,64,0,64,220
04/15/2011,INT,NC,ASO,ES,Federal Contract Tower,0,7,30,1,38,0,4,135,1,140,0,11,165,2,178,44,0,44,222
04/16/2011,INT,NC,ASO,ES,Federal Contract Tower,0,3,5,0,8,0,1,0,0,1,0,4,5,0,9,0,0,0,9
04/17/2011,INT,NC,ASO,ES,Federal Contract Tower,0,7,22,0,29,0,2,38,0,40,0,9,60,0,69,0,0,0,69
04/18/2011,INT,NC,ASO,ES,Federal Contract Tower,0,3,49,0,52,0,18,49,2,69,0,21,98,2,121,18,0,18,139
04/19/2011,INT,NC,ASO,ES,Federal Contract Tower,0,3,24,0,27,0,4,46,0,50,0,7,70,0,77,18,0,18,95
04/20/2011,INT,NC,ASO,ES,Federal Contract Tower,0,4,22,0,26,0,3,54,3,60,0,7,76,3,86,6,0,6,92
04/21/2011,INT,NC,ASO,ES,Federal Contract Tower,0,5,37,0,42,0,2,76,0,78,0,7,113,0,120,32,0,32,152
04/22/2011,INT,NC,ASO,ES,Federal Contract Tower,0,9,22,0,31,0,0,19,0,19,0,9,41,0,50,16,0,16,66
04/23/2011,INT,NC,ASO,ES,Federal Contract Tower,2,3,8,1,14,0,0,9,3,12,2,3,17,4,26,0,0,0,26
04/24/2011,INT,NC,ASO,ES,Federal Contract Tower,0,3,15,0,18,0,2,29,0,31,0,5,44,0,49,6,0,6,55
04/25/2011,INT,NC,ASO,ES,Federal Contract Tower,0,8,45,0,53,0,4,46,0,50,0,12,91,0,103,50,0,50,153
04/26/2011,INT,NC,ASO,ES,Federal Contract Tower,0,8,38,0,46,0,2,11,0,13,0,10,49,0,59,0,0,0,59
04/27/2011,INT,NC,ASO,ES,Federal Contract Tower,0,10,22,0,32,0,1,22,0,23,0,11,44,0,55,6,0,6,61
04/28/2011,INT,NC,ASO,ES,Federal Contract Tower,0,6,27,0,33,0,5,31,0,36,0,11,58,0,69,52,0,52,121
04/29/2011,INT,NC,ASO,ES,Federal Contract Tower,1,6,29,0,36,0,2,96,0,98,1,8,125,0,134,22,0,22,156
04/30/2011,INT,NC,ASO,ES,Federal Contract Tower,0,2,21,0,23,0,2,68,1,71,0,4,89,1,94,70,0,70,164
05/01/2011,INT,NC,ASO,ES,Federal Contract Tower,1,6,18,0,25,0,4,48,0,52,1,10,66,0,77,26,0,26,103
05/02/2011,INT,NC,ASO,ES,Federal Contract Tower,0,4,15,6,25,0,4,29,0,33,0,8,44,6,58,12,4,16,74
05/03/2011,INT,NC,ASO,ES,Federal Contract Tower,0,0,28,0,28,0,5,17,0,22,0,5,45,0,50,18,0,18,68
05/04/2011,INT,NC,ASO,ES,Federal Contract Tower,0,0,31,0,31,0,1,61,0,62,0,1,92,0,93,64,0,64,157
05/05/2011,INT,NC,ASO,ES,Federal Contract Tower,1,10,42,0,53,0,2,108,2,112,1,12,150,2,165,80,0,80,245
05/06/2011,INT,NC,ASO,ES,Federal Contract Tower,0,7,32,0,39,0,0,48,0,48,0,7,80,0,87,50,0,50,137
05/07/2011,INT,NC,ASO,ES,Federal Contract Tower,0,1,21,1,23,0,0,88,9,97,0,1,109,10,120,56,10,66,186
05/08/2011,INT,NC,ASO,ES,Federal Contract Tower,0,2,16,0,18,0,0,17,0,17,0,2,33,0,35,2,0,2,37
05/09/2011,INT,NC,ASO,ES,Federal Contract Tower,0,4,16,0,20,0,2,64,0,66,0,6,80,0,86,24,0,24,110
05/10/2011,INT,NC,ASO,ES,Federal Contract Tower,0,4,21,0,25,0,5,32,0,37,0,9,53,0,62,30,0,30,92
05/11/2011,INT,NC,ASO,ES,Federal Contract Tower,0,5,28,0,33,0,2,28,0,30,0,7,56,0,63,16,0,16,79
05/12/2011,INT,NC,ASO,ES,Federal Contract Tower,1,3,24,0,28,0,0,0,0,0,1,3,24,0,28,0,0,0,28
05/13/2011,INT,NC,ASO,ES,Federal Contract Tower,0,5,34,0,39,0,0,4,0,4,0,5,38,0,43,14,0,14,57
05/14/2011,INT,NC,ASO,ES,Federal Contract Tower,0,8,10,0,18,0,0,23,0,23,0,8,33,0,41,6,0,6,47
05/15/2011,INT,NC,ASO,ES,Federal Contract Tower,0,6,22,0,28,0,13,42,0,55,0,19,64,0,83,20,0,20,103
05/16/2011,INT,NC,ASO,ES,Federal Contract Tower,0,18,50,0,68,0,4,32,0,36,0,22,82,0,104,22,0,22,126
05/17/2011,INT,NC,ASO,ES,Federal Contract Tower,0,6,27,0,33,0,0,0,0,0,0,6,27,0,33,0,0,0,33
05/18/2011,INT,NC,ASO,ES,Federal Contract Tower,1,9,20,0,30,0,0,39,0,39,1,9,59,0,69,32,0,32,101
05/19/2011,INT,NC,ASO,ES,Federal Contract Tower,0,21,25,0,46,0,4,77,11,92,0,25,102,11,138,68,2,70,208
05/20/2011,INT,NC,ASO,ES,Federal Contract Tower,0,5,28,0,33,0,4,91,6,101,0,9,119,6,134,40,0,40,174
05/21/2011,INT,NC,ASO,ES,Federal Contract Tower,0,3,8,0,11,0,0,82,8,90,0,3,90,8,101,34,0,34,135
05/22/2011,INT,NC,ASO,ES,Federal Contract Tower,0,8,7,0,15,0,5,60,0,65,0,13,67,0,80,26,0,26,106
05/23/2011,INT,NC,ASO,ES,Federal Contract Tower,0,3,33,0,36,0,1,35,0,36,0,4,68,0,72,0,0,0,72
05/24/2011,INT,NC,ASO,ES,Federal Contract Tower,0,3,29,0,32,0,7,44,9,60,0,10,73,9,92,10,0,10,102
05/25/2011,INT,NC,ASO,ES,Federal Contract Tower,0,4,44,0,48,0,3,89,5,97,0,7,133,5,145,42,0,42,187
05/26/2011,INT,NC,ASO,ES,Federal Contract Tower,0,14,48,0,62,0,2,83,7,92,0,16,131,7,154,56,10,66,220
05/27/2011,INT,NC,ASO,ES,Federal Contract Tower,0,3,19,0,22,0,0,41,0,41,0,3,60,0,63,46,0,46,109
05/28/2011,INT,NC,ASO,ES,Federal Contract Tower,0,0,14,0,14,0,0,35,0,35,0,0,49,0,49,84,0,84,133
05/29/2011,INT,NC,ASO,ES,Federal Contract Tower,1,0,14,0,15,0,3,23,1,27,1,3,37,1,42,34,0,34,76
05/30/2011,INT,NC,ASO,ES,Federal Contract Tower,0,4,9,0,13,0,2,47,0,49,0,6,56,0,62,52,0,52,114
05/31/2011,INT,NC,ASO,ES,Federal Contract Tower,0,2,24,0,26,0,0,30,0,30,0,2,54,0,56,22,0,22,78
06/01/2011,INT,NC,ASO,ES,Federal Contract Tower,0,4,28,0,32,0,1,79,0,80,0,5,107,0,112,52,0,52,164
06/02/2011,INT,NC,ASO,ES,Federal Contract Tower,0,6,26,0,32,0,0,78,1,79,0,6,104,1,111,74,0,74,185
06/03/2011,INT,NC,ASO,ES,Federal Contract Tower,0,4,33,0,37,0,0,93,0,93,0,4,126,0,130,92,0,92,222
06/04/2011,INT,NC,ASO,ES,Federal Contract Tower,0,3,11,0,14,0,0,81,0,81,0,3,92,0,95,88,0,88,183
06/05/2011,INT,NC,ASO,ES,Federal Contract Tower,0,2,9,0,11,0,1,32,0,33,0,3,41,0,44,18,0,18,62
06/06/2011,INT,NC,ASO,ES,Federal Contract Tower,1,6,30,0,37,0,2,35,0,37,1,8,65,0,74,16,0,16,90
06/07/2011,INT,NC,ASO,ES,Federal Contract Tower,0,2,42,0,44,0,5,62,0,67,0,7,104,0,111,44,0,44,155
06/08/2011,INT,NC,ASO,ES,Federal Contract Tower,0,4,42,0,46,0,0,112,2,114,0,4,154,2,160,68,0,68,228
06/09/2011,INT,NC,ASO,ES,Federal Contract Tower,0,3,48,0,51,0,0,63,0,63,0,3,111,0,114,52,0,52,166
06/10/2011,INT,NC,ASO,ES,Federal Contract Tower,1,7,22,0,30,0,0,53,3,56,1,7,75,3,86,14,0,14,100
06/11/2011,INT,NC,ASO,ES,Federal Contract Tower,0,1,14,0,15,0,0,50,0,50,0,1,64,0,65,68,0,68,133
06/12/2011,INT,NC,ASO,ES,Federal Contract Tower,1,4,23,0,28,0,3,25,0,28,1,7,48,0,56,12,0,12,68
06/13/2011,INT,NC,ASO,ES,Federal Contract Tower,0,4,28,0,32,0,0,47,2,49,0,4,75,2,81,4,0,4,85
06/14/2011,INT,NC,ASO,ES,Federal Contract Tower,0,3,22,0,25,0,1,70,5,76,0,4,92,5,101,50,0,50,151
06/15/2011,INT,NC,ASO,ES,Federal Contract Tower,0,5,27,0,32,0,3,90,2,95,0,8,117,2,127,78,0,78,205
06/16/2011,INT,NC,ASO,ES,Federal Contract Tower,1,16,30,0,47,0,1,68,3,72,1,17,98,3,119,86,0,86,205
06/17/2011,INT,NC,ASO,ES,Federal Contract Tower,0,4,23,0,27,0,2,84,0,86,0,6,107,0,113,62,0,62,175
06/18/2011,INT,NC,ASO,ES,Federal Contract Tower,0,3,13,0,16,0,0,68,0,68,0,3,81,0,84,76,0,76,160
06/19/2011,INT,NC,ASO,ES,Federal Contract Tower,0,10,8,0,18,0,4,8,0,12,0,14,16,0,30,0,0,0,30
06/20/2011,INT,NC,ASO,ES,Federal Contract Tower,0,4,18,0,22,0,1,30,0,31,0,5,48,0,53,8,0,8,61
06/21/2011,INT,NC,ASO,ES,Federal Contract Tower,1,10,36,0,47,0,0,29,0,29,1,10,65,0,76,14,0,14,90
06/22/2011,INT,NC,ASO,ES,Federal Contract Tower,0,3,32,0,35,0,1,48,0,49,0,4,80,0,84,22,0,22,106
06/23/2011,INT,NC,ASO,ES,Federal Contract Tower,1,2,20,2,25,0,5,62,1,68,1,7,82,3,93,32,0,32,125
06/24/2011,INT,NC,ASO,ES,Federal Contract Tower,1,3,33,0,37,0,0,154,2,156,1,3,187,2,193,42,0,42,235
06/25/2011,INT,NC,ASO,ES,Federal Contract Tower,0,1,12,0,13,0,0,41,0,41,0,1,53,0,54,22,0,22,76
06/26/2011,INT,NC,ASO,ES,Federal Contract Tower,0,10,13,0,23,0,9,27,0,36,0,19,40,0,59,22,0,22,81
06/27/2011,INT,NC,ASO,ES,Federal Contract Tower,1,11,33,0,45,0,4,37,2,43,1,15,70,2,88,6,0,6,94
06/28/2011,INT,NC,ASO,ES,Federal Contract Tower,0,2,28,0,30,0,7,43,1,51,0,9,71,1,81,80,0,80,161
06/29/2011,INT,NC,ASO,ES,Federal Contract Tower,0,9,40,0,49,0,1,71,0,72,0,10,111,0,121,74,0,74,195
06/30/2011,INT,NC,ASO,ES,Federal Contract Tower,1,5,35,0,41,0,6,105,0,111,1,11,140,0,152,50,0,50,202
07/01/2011,INT,NC,ASO,ES,Federal Contract Tower,0,2,29,0,31,0,0,131,0,131,0,2,160,0,162,52,0,52,214
07/02/2011,INT,NC,ASO,ES,Federal Contract Tower,0,1,12,0,13,0,0,40,0,40,0,1,52,0,53,66,0,66,119
07/03/2011,INT,NC,ASO,ES,Federal Contract Tower,0,3,9,0,12,0,4,15,0,19,0,7,24,0,31,24,0,24,55
07/04/2011,INT,NC,ASO,ES,Federal Contract Tower,0,2,3,0,5,0,0,9,0,9,0,2,12,0,14,0,0,0,14
07/05/2011,INT,NC,ASO,ES,Federal Contract Tower,1,4,32,0,37,0,0,36,0,36,1,4,68,0,73,40,0,40,113
07/06/2011,INT,NC,ASO,ES,Federal Contract Tower,0,3,23,0,26,0,0,50,0,50,0,3,73,0,76,76,0,76,152
07/07/2011,INT,NC,ASO,ES,Federal Contract Tower,1,7,33,0,41,0,0,37,0,37,1,7,70,0,78,38,0,38,116
07/08/2011,INT,NC,ASO,ES,Federal Contract Tower,0,2,16,0,18,0,0,68,0,68,0,2,84,0,86,40,0,40,126
07/09/2011,INT,NC,ASO,ES,Federal Contract Tower,1,0,11,0,12,0,0,50,0,50,1,0,61,0,62,86,0,86,148
07/10/2011,INT,NC,ASO,ES,Federal Contract Tower,1,2,20,0,23,0,0,36,0,36,1,2,56,0,59,28,0,28,87
07/11/2011,INT,NC,ASO,ES,Federal Contract Tower,0,5,28,0,33,0,5,39,0,44,0,10,67,0,77,2,0,2,79
07/12/2011,INT,NC,ASO,ES,Federal Contract Tower,0,0,36,2,38,0,2,30,0,32,0,2,66,2,70,10,0,10,80
07/13/2011,INT,NC,ASO,ES,Federal Contract Tower,0,5,38,0,43,0,4,72,0,76,0,9,110,0,119,56,0,56,175
07/14/2011,INT,NC,ASO,ES,Federal Contract Tower,0,8,29,2,39,0,0,65,2,67,0,8,94,4,106,66,0,66,172
07/15/2011,INT,NC,ASO,ES,Federal Contract Tower,2,5,27,0,34,0,1,95,2,98,2,6,122,2,132,56,0,56,188
07/16/2011,INT,NC,ASO,ES,Federal Contract Tower,0,5,20,0,25,0,1,74,1,76,0,6,94,1,101,90,0,90,191
07/17/2011,INT,NC,ASO,ES,Federal Contract Tower,0,10,9,0,19,0,2,88,0,90,0,12,97,0,109,34,0,34,143
07/18/2011,INT,NC,ASO,ES,Federal Contract Tower,0,0,20,0,20,0,5,49,4,58,0,5,69,4,78,48,4,52,130
07/19/2011,INT,NC,ASO,ES,Federal Contract Tower,0,3,26,0,29,0,1,33,4,38,0,4,59,4,67,24,0,24,91
07/20/2011,INT,NC,ASO,ES,Federal Contract Tower,0,4,29,3,36,0,0,64,5,69,0,4,93,8,105,60,0,60,165
07/21/2011,INT,NC,ASO,ES,Federal Contract Tower,0,4,21,3,28,0,1,77,1,79,0,5,98,4,107,64,0,64,171
07/22/2011,INT,NC,ASO,ES,Federal Contract Tower,0,5,26,0,31,0,2,54,0,56,0,7,80,0,87,38,0,38,125
07/23/2011,INT,NC,ASO,ES,Federal Contract Tower,0,2,16,0,18,0,0,47,0,47,0,2,63,0,65,54,0,54,119
07/24/2011,INT,NC,ASO,ES,Federal Contract Tower,0,2,17,0,19,0,5,34,0,39,0,7,51,0,58,18,0,18,76
07/25/2011,INT,NC,ASO,ES,Federal Contract Tower,0,6,38,0,44,0,0,23,0,23,0,6,61,0,67,0,0,0,67
07/26/2011,INT,NC,ASO,ES,Federal Contract Tower,0,2,30,0,32,0,2,53,0,55,0,4,83,0,87,44,0,44,131
07/27/2011,INT,NC,ASO,ES,Federal Contract Tower,1,4,25,2,32,0,2,54,17,73,1,6,79,19,105,40,0,40,145
07/28/2011,INT,NC,ASO,ES,Federal Contract Tower,0,3,34,0,37,0,0,62,0,62,0,3,96,0,99,48,0,48,147
07/29/2011,INT,NC,ASO,ES,Federal Contract Tower,0,2,21,0,23,0,2,54,0,56,0,4,75,0,79,58,0,58,137
07/30/2011,INT,NC,ASO,ES,Federal Contract Tower,1,2,13,0,16,0,0,62,0,62,1,2,75,0,78,66,0,66,144
07/31/2011,INT,NC,ASO,ES,Federal Contract Tower,0,0,14,0,14,0,0,34,0,34,0,0,48,0,48,20,0,20,68
08/01/2011,INT,NC,ASO,ES,Federal Contract Tower,0,3,19,2,24,0,2,30,4,36,0,5,49,6,60,4,6,10,70
08/02/2011,INT,NC,ASO,ES,Federal Contract Tower,0,7,30,0,37,0,2,68,6,76,0,9,98,6,113,38,0,38,151
08/03/2011,INT,NC,ASO,ES,Federal Contract Tower,0,5,21,0,26,0,0,73,4,77,0,5,94,4,103,8,0,8,111
08/04/2011,INT,NC,ASO,ES,Federal Contract Tower,0,5,45,0,50,0,0,106,2,108,0,5,151,2,158,110,0,110,268
08/05/2011,INT,NC,ASO,ES,Federal Contract Tower,4,6,32,0,42,0,0,15,0,15,4,6,47,0,57,0,0,0,57
08/06/2011,INT,NC,ASO,ES,Federal Contract Tower,0,3,15,0,18,0,1,60,0,61,0,4,75,0,79,54,0,54,133
08/07/2011,INT,NC,ASO,ES,Federal Contract Tower,0,4,16,0,20,0,4,8,7,19,0,8,24,7,39,0,2,2,41
08/08/2011,INT,NC,ASO,ES,Federal Contract Tower,0,6,25,0,31,0,0,71,1,72,0,6,96,1,103,46,0,46,149
08/09/2011,INT,NC,ASO,ES,Federal Contract Tower,1,5,30,0,36,0,8,44,0,52,1,13,74,0,88,24,0,24,112
08/10/2011,INT,NC,ASO,ES,Federal Contract Tower,0,6,32,0,38,0,1,69,0,70,0,7,101,0,108,6,0,6,114
08/11/2011,INT,NC,ASO,ES,Federal Contract Tower,1,2,34,0,37,0,2,87,0,89,1,4,121,0,126,94,0,94,220
08/12/2011,INT,NC,ASO,ES,Federal Contract Tower,1,2,19,0,22,0,2,81,0,83,1,4,100,0,105,92,0,92,197
08/13/2011,INT,NC,ASO,ES,Federal Contract Tower,1,2,16,0,19,0,4,32,0,36,1,6,48,0,55,54,0,54,109
08/14/2011,INT,NC,ASO,ES,Federal Contract Tower,0,2,15,0,17,0,2,53,0,55,0,4,68,0,72,22,0,22,94
08/15/2011,INT,NC,ASO,ES,Federal Contract Tower,0,1,25,0,26,0,2,39,0,41,0,3,64,0,67,96,0,96,163
08/16/2011,INT,NC,ASO,ES,Federal Contract Tower,0,4,26,0,30,0,9,57,0,66,0,13,83,0,96,54,0,54,150
08/17/2011,INT,NC,ASO,ES,Federal Contract Tower,0,6,31,0,37,0,0,84,0,84,0,6,115,0,121,136,0,136,257
08/18/2011,INT,NC,ASO,ES,Federal Contract Tower,0,7,26,0,33,0,2,79,0,81,0,9,105,0,114,78,0,78,192
08/19/2011,INT,NC,ASO,ES,Federal Contract Tower,0,6,21,1,28,0,0,45,0,45,0,6,66,1,73,76,2,78,151
08/20/2011,INT,NC,ASO,ES,Federal Contract Tower,0,2,9,0,11,0,2,59,0,61,0,4,68,0,72,20,0,20,92
08/21/2011,INT,NC,ASO,ES,Federal Contract Tower,0,2,15,3,20,0,0,76,4,80,0,2,91,7,100,32,4,36,136
08/22/2011,INT,NC,ASO,ES,Federal Contract Tower,0,4,26,0,30,0,0,43,0,43,0,4,69,0,73,20,0,20,93
08/23/2011,INT,NC,ASO,ES,Federal Contract Tower,0,17,39,0,56,0,7,91,2,100,0,24,130,2,156,48,0,48,204
08/24/2011,INT,NC,ASO,ES,Federal Contract Tower,0,7,37,0,44,0,3,64,1,68,0,10,101,1,112,34,6,40,152
08/25/2011,INT,NC,ASO,ES,Federal Contract Tower,0,11,40,2,53,0,2,77,2,81,0,13,117,4,134,76,4,80,214
08/26/2011,INT,NC,ASO,ES,Federal Contract Tower,0,17,25,0,42,0,0,21,1,22,0,17,46,1,64,0,0,0,64
08/27/2011,INT,NC,ASO,ES,Federal Contract Tower,0,7,8,0,15,0,0,4,0,4,0,7,12,0,19,0,0,0,19
08/28/2011,INT,NC,ASO,ES,Federal Contract Tower,0,3,13,0,16,0,4,40,4,48,0,7,53,4,64,18,2,20,84
08/29/2011,INT,NC,ASO,ES,Federal Contract Tower,1,6,31,0,38,0,2,35,1,38,1,8,66,1,76,42,0,42,118
08/30/2011,INT,NC,ASO,ES,Federal Contract Tower,1,7,32,0,40,0,6,35,0,41,1,13,67,0,81,12,0,12,93
08/31/2011,INT,NC,ASO,ES,Federal Contract Tower,0,4,25,0,29,0,2,61,0,63,0,6,86,0,92,52,0,52,144
09/01/2011,INT,NC,ASO,ES,Federal Contract Tower,0,1,30,5,36,0,3,63,0,66,0,4,93,5,102,34,0,34,136
09/02/2011,INT,NC,ASO,ES,Federal Contract Tower,0,10,32,0,42,0,0,45,0,45,0,10,77,0,87,10,0,10,97
09/03/2011,INT,NC,ASO,ES,Federal Contract Tower,0,6,11,0,17,0,0,23,0,23,0,6,34,0,40,10,0,10,50
09/04/2011,INT,NC,ASO,ES,Federal Contract Tower,0,0,7,0,7,0,0,30,0,30,0,0,37,0,37,28,0,28,65
09/05/2011,INT,NC,ASO,ES,Federal Contract Tower,0,3,9,0,12,0,0,0,0,0,0,3,9,0,12,0,0,0,12
09/06/2011,INT,NC,ASO,ES,Federal Contract Tower,0,12,15,0,27,0,0,0,0,0,0,12,15,0,27,0,0,0,27
09/07/2011,INT,NC,ASO,ES,Federal Contract Tower,6,2,20,0,28,0,0,52,0,52,6,2,72,0,80,54,0,54,134
09/08/2011,INT,NC,ASO,ES,Federal Contract Tower,0,6,29,8,43,0,2,66,5,73,0,8,95,13,116,20,0,20,136
09/09/2011,INT,NC,ASO,ES,Federal Contract Tower,1,7,29,1,38,0,0,107,15,122,1,7,136,16,160,72,18,90,250
09/10/2011,INT,NC,ASO,ES,Federal Contract Tower,0,0,23,0,23,0,2,52,3,57,0,2,75,3,80,30,0,30,110
09/11/2011,INT,NC,ASO,ES,Federal Contract Tower,1,5,5,0,11,0,4,91,2,97,1,9,96,2,108,26,0,26,134
09/12/2011,INT,NC,ASO,ES,Federal Contract Tower,0,6,32,2,40,0,3,68,16,87,0,9,100,18,127,32,28,60,187
09/13/2011,INT,NC,ASO,ES,Federal Contract Tower,0,7,30,1,38,0,2,66,12,80,0,9,96,13,118,10,2,12,130
09/14/2011,INT,NC,ASO,ES,Federal Contract Tower,0,5,59,0,64,0,0,90,0,90,0,5,149,0,154,66,0,66,220
09/15/2011,INT,NC,ASO,ES,Federal Contract Tower,0,13,46,0,59,0,6,44,0,50,0,19,90,0,109,38,0,38,147
09/16/2011,INT,NC,ASO,ES,Federal Contract Tower,0,14,57,0,71,0,0,64,0,64,0,14,121,0,135,0,0,0,135
09/17/2011,INT,NC,ASO,ES,Federal Contract Tower,0,9,18,0,27,0,0,26,0,26,0,9,44,0,53,36,0,36,89
09/18/2011,INT,NC,ASO,ES,Federal Contract Tower,0,10,27,0,37,0,0,55,0,55,0,10,82,0,92,40,0,40,132
09/19/2011,INT,NC,ASO,ES,Federal Contract Tower,0,5,19,0,24,0,7,27,0,34,0,12,46,0,58,2,0,2,60
09/20/2011,INT,NC,ASO,ES,Federal Contract Tower,0,6,32,0,38,0,0,48,0,48,0,6,80,0,86,38,0,38,124
09/21/2011,INT,NC,ASO,ES,Federal Contract Tower,1,4,25,0,30,0,0,0,0,0,1,4,25,0,30,0,0,0,30
09/22/2011,INT,NC,ASO,ES,Federal Contract Tower,0,7,20,0,27,0,7,25,0,32,0,14,45,0,59,34,0,34,93
09/23/2011,INT,NC,ASO,ES,Federal Contract Tower,0,5,21,2,28,0,0,14,0,14,0,5,35,2,42,48,0,48,90
09/24/2011,INT,NC,ASO,ES,Federal Contract Tower,0,4,15,0,19,0,0,0,0,0,0,4,15,0,19,0,0,0,19
09/25/2011,INT,NC,ASO,ES,Federal Contract Tower,0,1,18,0,19,0,3,8,0,11,0,4,26,0,30,10,0,10,40
09/26/2011,INT,NC,ASO,ES,Federal Contract Tower,0,7,35,0,42,0,0,14,0,14,0,7,49,0,56,10,0,10,66
09/27/2011,INT,NC,ASO,ES,Federal Contract Tower,0,6,15,0,21,0,2,44,0,46,0,8,59,0,67,32,0,32,99
09/28/2011,INT,NC,ASO,ES,Federal Contract Tower,0,5,34,0,39,0,0,66,0,66,0,5,100,0,105,102,0,102,207
09/29/2011,INT,NC,ASO,ES,Federal Contract Tower,0,3,28,0,31,0,6,56,7,69,0,9,84,7,100,40,0,40,140
09/30/2011,INT,NC,ASO,ES,Federal Contract Tower,0,4,35,0,39,0,2,87,0,89,0,6,122,0,128,76,0,76,204
10/01/2011,INT,NC,ASO,ES,Federal Contract Tower,0,6,19,0,25,0,2,58,0,60,0,8,77,0,85,58,0,58,143
10/02/2011,INT,NC,ASO,ES,Federal Contract Tower,0,7,25,0,32,0,0,19,0,19,0,7,44,0,51,10,0,10,61
10/03/2011,INT,NC,ASO,ES,Federal Contract Tower,0,1,34,0,35,0,5,58,0,63,0,6,92,0,98,18,0,18,116
10/04/2011,INT,NC,ASO,ES,Federal Contract Tower,0,6,24,0,30,0,4,60,0,64,0,10,84,0,94,24,0,24,118
10/05/2011,INT,NC,ASO,ES,Federal Contract Tower,0,6,31,8,45,0,1,67,0,68,0,7,98,8,113,82,4,86,199
10/06/2011,INT,NC,ASO,ES,Federal Contract Tower,0,10,41,0,51,0,0,86,0,86,0,10,127,0,137,88,0,88,225
10/07/2011,INT,NC,ASO,ES,Federal Contract Tower,0,7,40,0,47,0,0,106,0,106,0,7,146,0,153,116,0,116,269
10/08/2011,INT,NC,ASO,ES,Federal Contract Tower,0,3,29,0,32,0,1,74,0,75,0,4,103,0,107,34,0,34,141
10/09/2011,INT,NC,ASO,ES,Federal Contract Tower,0,9,28,0,37,0,4,68,0,72,0,13,96,0,109,46,0,46,155
10/10/2011,INT,NC,ASO,ES,Federal Contract Tower,0,2,14,0,16,0,3,73,0,76,0,5,87,0,92,48,0,48,140
10/11/2011,INT,NC,ASO,ES,Federal Contract Tower,0,5,15,0,20,0,0,0,0,0,0,5,15,0,20,0,0,0,20
10/12/2011,INT,NC,ASO,ES,Federal Contract Tower,0,4,22,0,26,0,0,0,0,0,0,4,22,0,26,0,0,0,26
10/13/2011,INT,NC,ASO,ES,Federal Contract Tower,0,8,19,0,27,0,1,25,0,26,0,9,44,0,53,12,0,12,65
10/14/2011,INT,NC,ASO,ES,Federal Contract Tower,0,9,22,0,31,0,0,30,0,30,0,9,52,0,61,68,0,68,129
10/15/2011,INT,NC,ASO,ES,Federal Contract Tower,0,4,23,0,27,0,0,55,4,59,0,4,78,4,86,28,2,30,116
10/16/2011,INT,NC,ASO,ES,Federal Contract Tower,0,7,21,0,28,0,5,63,3,71,0,12,84,3,99,42,8,50,149
10/17/2011,INT,NC,ASO,ES,Federal Contract Tower,0,9,27,0,36,0,2,36,4,42,0,11,63,4,78,42,0,42,120
10/18/2011,INT,NC,ASO,ES,Federal Contract Tower,0,5,32,0,37,0,2,17,0,19,0,7,49,0,56,12,0,12,68
10/19/2011,INT,NC,ASO,ES,Federal Contract Tower,0,11,21,0,32,0,0,0,0,0,0,11,21,0,32,0,0,0,32
10/20/2011,INT,NC,ASO,ES,Federal Contract Tower,0,12,24,0,36,0,2,43,0,45,0,14,67,0,81,24,0,24,105
10/21/2011,INT,NC,ASO,ES,Federal Contract Tower,0,10,40,0,50,0,0,95,3,98,0,10,135,3,148,102,2,104,252
10/22/2011,INT,NC,ASO,ES,Federal Contract Tower,0,7,6,0,13,0,8,189,0,197,0,15,195,0,210,32,0,32,242
10/23/2011,INT,NC,ASO,ES,Federal Contract Tower,0,3,33,0,36,0,4,44,0,48,0,7,77,0,84,38,0,38,122
10/24/2011,INT,NC,ASO,ES,Federal Contract Tower,0,6,24,7,37,0,2,59,1,62,0,8,83,8,99,74,0,74,173
10/25/2011,INT,NC,ASO,ES,Federal Contract Tower,0,11,35,1,47,0,4,56,1,61,0,15,91,2,108,38,0,38,146
10/26/2011,INT,NC,ASO,ES,Federal Contract Tower,0,5,31,1,37,0,3,64,7,74,0,8,95,8,111,62,10,72,183
10/27/2011,INT,NC,ASO,ES,Federal Contract Tower,0,1,33,0,34,0,2,64,0,66,0,3,97,0,100,80,0,80,180
10/28/2011,INT,NC,ASO,ES,Federal Contract Tower,0,5,20,0,25,0,0,52,0,52,0,5,72,0,77,0,0,0,77
10/29/2011,INT,NC,ASO,ES,Federal Contract Tower,0,4,5,0,9,0,0,12,0,12,0,4,17,0,21,0,0,0,21
10/30/2011,INT,NC,ASO,ES,Federal Contract Tower,0,8,14,0,22,0,0,41,0,41,0,8,55,0,63,18,0,18,81
10/31/2011,INT,NC,ASO,ES,Federal Contract Tower,0,3,17,0,20,0,3,55,0,58,0,6,72,0,78,40,0,40,118
11/01/2011,INT,NC,ASO,ES,Federal Contract Tower,0,1,26,0,27,0,1,30,0,31,0,2,56,0,58,20,0,20,78
11/02/2011,INT,NC,ASO,ES,Federal Contract Tower,0,8,34,0,42,0,3,79,3,85,0,11,113,3,127,46,0,46,173
11/03/2011,INT,NC,ASO,ES,Federal Contract Tower,0,9,32,0,41,0,1,65,5,71,0,10,97,5,112,34,0,34,146
11/04/2011,INT,NC,ASO,ES,Federal Contract Tower,0,12,29,0,41,0,0,9,3,12,0,12,38,3,53,0,0,0,53
11/05/2011,INT,NC,ASO,ES,Federal Contract Tower,0,6,29,0,35,0,0,82,0,82,0,6,111,0,117,68,0,68,185
11/06/2011,INT,NC,ASO,ES,Federal Contract Tower,0,15,28,0,43,0,2,66,0,68,0,17,94,0,111,16,0,16,127
11/07/2011,INT,NC,ASO,ES,Federal Contract Tower,0,3,19,0,22,0,3,60,0,63,0,6,79,0,85,58,0,58,143
11/08/2011,INT,NC,ASO,ES,Federal Contract Tower,0,10,23,0,33,0,4,89,0,93,0,14,112,0,126,20,0,20,146
11/09/2011,INT,NC,ASO,ES,Federal Contract Tower,1,3,21,0,25,0,5,87,0,92,1,8,108,0,117,114,0,114,231
11/10/2011,INT,NC,ASO,ES,Federal Contract Tower,0,10,29,0,39,0,2,65,0,67,0,12,94,0,106,78,0,78,184
11/11/2011,INT,NC,ASO,ES,Federal Contract Tower,0,10,32,0,42,0,1,65,2,68,0,11,97,2,110,42,0,42,152
11/12/2011,INT,NC,ASO,ES,Federal Contract Tower,0,6,16,0,22,1,0,83,0,84,1,6,99,0,106,70,0,70,176
11/13/2011,INT,NC,ASO,ES,Federal Contract Tower,0,9,16,0,25,0,2,36,0,38,0,11,52,0,63,16,0,16,79
11/14/2011,INT,NC,ASO,ES,Federal Contract Tower,0,11,27,0,38,0,0,39,2,41,0,11,66,2,79,12,0,12,91
11/15/2011,INT,NC,ASO,ES,Federal Contract Tower,0,9,41,0,50,0,7,32,0,39,0,16,73,0,89,14,0,14,103
11/16/2011,INT,NC,ASO,ES,Federal Contract Tower,0,5,45,0,50,0,0,0,0,0,0,5,45,0,50,0,0,0,50
11/17/2011,INT,NC,ASO,ES,Federal Contract Tower,0,3,18,2,23,0,2,34,0,36,0,5,52,2,59,18,6,24,83
11/18/2011,INT,NC,ASO,ES,Federal Contract Tower,1,14,52,5,72,0,5,63,7,75,1,19,115,12,147,78,12,90,237
11/19/2011,INT,NC,ASO,ES,Federal Contract Tower,1,6,29,0,36,0,0,81,0,81,1,6,110,0,117,126,0,126,243
11/20/2011,INT,NC,ASO,ES,Federal Contract Tower,0,4,15,0,19,0,0,42,0,42,0,4,57,0,61,80,0,80,141
11/21/2011,INT,NC,ASO,ES,Federal Contract Tower,0,12,25,0,37,0,4,41,0,45,0,16,66,0,82,60,0,60,142
11/22/2011,INT,NC,ASO,ES,Federal Contract Tower,0,12,29,0,41,0,2,17,0,19,0,14,46,0,60,44,0,44,104
11/23/2011,INT,NC,ASO,ES,Federal Contract Tower,0,5,9,0,14,0,3,56,0,59,0,8,65,0,73,52,0,52,125
11/24/2011,INT,NC,ASO,ES,Federal Contract Tower,0,2,4,0,6,0,0,10,0,10,0,2,14,0,16,0,0,0,16
11/25/2011,INT,NC,ASO,ES,Federal Contract Tower,0,3,11,0,14,0,0,72,2,74,0,3,83,2,88,74,0,74,162
11/26/2011,INT,NC,ASO,ES,Federal Contract Tower,0,3,34,0,37,0,0,45,0,45,0,3,79,0,82,60,0,60,142
11/27/2011,INT,NC,ASO,ES,Federal Contract Tower,0,7,19,0,26,0,2,15,0,17,0,9,34,0,43,0,0,0,43
11/28/2011,INT,NC,ASO,ES,Federal Contract Tower,0,7,17,0,24,0,1,25,0,26,0,8,42,0,50,6,0,6,56
11/29/2011,INT,NC,ASO,ES,Federal Contract Tower,2,4,14,0,20,0,0,24,0,24,2,4,38,0,44,28,0,28,72
11/30/2011,INT,NC,ASO,ES,Federal Contract Tower,2,10,40,0,52,0,0,31,0,31,2,10,71,0,83,12,0,12,95
12/01/2011,INT,NC,ASO,ES,Federal Contract Tower,0,10,31,0,41,0,2,78,7,87,0,12,109,7,128,46,0,46,174
12/02/2011,INT,NC,ASO,ES,Federal Contract Tower,2,8,24,0,34,0,2,102,0,104,2,10,126,0,138,118,0,118,256
12/03/2011,INT,NC,ASO,ES,Federal Contract Tower,2,0,18,1,21,0,0,74,2,76,2,0,92,3,97,78,0,78,175
12/04/2011,INT,NC,ASO,ES,Federal Contract Tower,0,5,8,0,13,0,0,53,0,53,0,5,61,0,66,88,0,88,154
12/05/2011,INT,NC,ASO,ES,Federal Contract Tower,0,3,25,1,29,0,0,44,0,44,0,3,69,1,73,0,2,2,75
12/06/2011,INT,NC,ASO,ES,Federal Contract Tower,0,9,19,0,28,0,0,0,0,0,0,9,19,0,28,0,0,0,28
12/07/2011,INT,NC,ASO,ES,Federal Contract Tower,2,24,18,0,44,0,0,0,0,0,2,24,18,0,44,0,0,0,44
12/08/2011,INT,NC,ASO,ES,Federal Contract Tower,0,5,25,0,30,0,3,68,0,71,0,8,93,0,101,66,0,66,167
12/09/2011,INT,NC,ASO,ES,Federal Contract Tower,2,8,28,6,44,0,1,76,2,79,2,9,104,8,123,60,0,60,183
12/10/2011,INT,NC,ASO,ES,Federal Contract Tower,1,2,12,0,15,0,0,31,0,31,1,2,43,0,46,78,0,78,124
12/11/2011,INT,NC,ASO,ES,Federal Contract Tower,0,0,8,0,8,0,3,44,0,47,0,3,52,0,55,42,0,42,97
12/12/2011,INT,NC,ASO,ES,Federal Contract Tower,0,3,23,1,27,0,0,42,2,44,0,3,65,3,71,20,0,20,91
12/13/2011,INT,NC,ASO,ES,Federal Contract Tower,0,16,39,0,55,0,2,46,0,48,0,18,85,0,103,52,0,52,155
12/14/2011,INT,NC,ASO,ES,Federal Contract Tower,0,6,32,0,38,0,2,51,0,53,0,8,83,0,91,78,0,78,169
12/15/2011,INT,NC,ASO,ES,Federal Contract Tower,0,7,29,0,36,0,2,34,2,38,0,9,63,2,74,16,0,16,90
12/16/2011,INT,NC,ASO,ES,Federal Contract Tower,0,16,56,0,72,0,1,39,0,40,0,17,95,0,112,34,0,34,146
12/17/2011,INT,NC,ASO,ES,Federal Contract Tower,0,4,17,0,21,0,0,46,0,46,0,4,63,0,67,86,0,86,153
12/18/2011,INT,NC,ASO,ES,Federal Contract Tower,0,2,20,0,22,0,0,57,4,61,0,2,77,4,83,42,0,42,125
12/19/2011,INT,NC,ASO,ES,Federal Contract Tower,1,9,24,0,34,0,2,45,5,52,1,11,69,5,86,20,20,40,126
12/20/2011,INT,NC,ASO,ES,Federal Contract Tower,0,4,13,0,17,0,0,49,0,49,0,4,62,0,66,48,0,48,114
12/21/2011,INT,NC,ASO,ES,Federal Contract Tower,1,8,13,0,22,0,0,0,0,0,1,8,13,0,22,0,0,0,22
12/22/2011,INT,NC,ASO,ES,Federal Contract Tower,1,7,28,0,36,0,0,3,0,3,1,7,31,0,39,22,0,22,61
12/23/2011,INT,NC,ASO,ES,Federal Contract Tower,0,4,14,0,18,0,5,59,0,64,0,9,73,0,82,50,0,50,132
12/24/2011,INT,NC,ASO,ES,Federal Contract Tower,0,0,3,0,3,0,0,16,0,16,0,0,19,0,19,18,0,18,37
12/25/2011,INT,NC,ASO,ES,Federal Contract Tower,0,0,4,0,4,0,0,19,0,19,0,0,23,0,23,14,0,14,37
12/26/2011,INT,NC,ASO,ES,Federal Contract Tower,0,1,12,3,16,0,2,64,1,67,0,3,76,4,83,38,8,46,129
12/27/2011,INT,NC,ASO,ES,Federal Contract Tower,0,0,5,0,5,0,0,0,0,0,0,0,5,0,5,0,0,0,5
12/28/2011,INT,NC,ASO,ES,Federal Contract Tower,0,12,19,0,31,0,5,41,2,48,0,17,60,2,79,24,0,24,103
12/29/2011,INT,NC,ASO,ES,Federal Contract Tower,0,4,22,0,26,0,4,61,0,65,0,8,83,0,91,68,0,68,159
12/30/2011,INT,NC,ASO,ES,Federal Contract Tower,0,1,17,0,18,0,0,44,0,44,0,1,61,0,62,0,0,0,62
12/31/2011,INT,NC,ASO,ES,Federal Contract Tower,0,3,10,0,13,0,1,61,0,62,0,4,71,0,75,0,0,0,75
01/01/2012,INT,NC,ASO,ES,Federal Contract Tower,0,2,4,0,6,0,0,12,0,12,0,2,16,0,18,0,0,0,18
01/02/2012,INT,NC,ASO,ES,Federal Contract Tower,0,2,16,5,23,0,0,27,4,31,0,2,43,9,54,22,10,32,86
01/03/2012,INT,NC,ASO,ES,Federal Contract Tower,0,6,36,0,42,0,1,13,0,14,0,7,49,0,56,12,0,12,68
01/04/2012,INT,NC,ASO,ES,Federal Contract Tower,0,4,14,0,18,0,0,34,0,34,0,4,48,0,52,6,0,6,58
01/05/2012,INT,NC,ASO,ES,Federal Contract Tower,0,4,18,0,22,0,7,62,0,69,0,11,80,0,91,50,0,50,141
01/06/2012,INT,NC,ASO,ES,Federal Contract Tower,0,4,20,0,24,0,0,77,1,78,0,4,97,1,102,72,18,90,192
01/07/2012,INT,NC,ASO,ES,Federal Contract Tower,0,2,25,1,28,0,0,79,1,80,0,2,104,2,108,78,0,78,186
01/08/2012,INT,NC,ASO,ES,Federal Contract Tower,1,4,10,0,15,0,7,21,0,28,1,11,31,0,43,2,0,2,45
01/09/2012,INT,NC,ASO,ES,Federal Contract Tower,1,3,9,0,13,0,0,0,0,0,1,3,9,0,13,0,0,0,13
01/10/2012,INT,NC,ASO,ES,Federal Contract Tower,0,7,27,0,34,0,30,0,0,30,0,37,27,0,64,14,0,14,78
01/11/2012,INT,NC,ASO,ES,Federal Contract Tower,0,3,7,0,10,0,0,0,0,0,0,3,7,0,10,0,0,0,10
01/12/2012,INT,NC,ASO,ES,Federal Contract Tower,0,6,29,0,35,0,0,24,0,24,0,6,53,0,59,32,0,32,91
01/13/2012,INT,NC,ASO,ES,Federal Contract Tower,0,2,20,1,23,0,1,15,1,17,0,3,35,2,40,6,2,8,48
01/14/2012,INT,NC,ASO,ES,Federal Contract Tower,2,5,19,5,31,0,1,88,5,94,2,6,107,10,125,46,0,46,171
01/15/2012,INT,NC,ASO,ES,Federal Contract Tower,0,5,10,0,15,0,2,32,1,35,0,7,42,1,50,10,0,10,60
01/16/2012,INT,NC,ASO,ES,Federal Contract Tower,0,7,27,0,34,0,2,44,0,46,0,9,71,0,80,14,0,14,94
01/17/2012,INT,NC,ASO,ES,Federal Contract Tower,0,2,20,0,22,0,0,4,0,4,0,2,24,0,26,0,0,0,26
01/18/2012,INT,NC,ASO,ES,Federal Contract Tower,1,7,28,3,39,0,2,45,2,49,1,9,73,5,88,20,6,26,114
01/19/2012,INT,NC,ASO,ES,Federal Contract Tower,0,5,21,0,26,0,0,45,0,45,0,5,66,0,71,26,0,26,97
01/20/2012,INT,NC,ASO,ES,Federal Contract Tower,0,2,28,0,30,0,0,70,4,74,0,2,98,4,104,46,0,46,150
01/21/2012,INT,NC,ASO,ES,Federal Contract Tower,2,1,0,0,3,0,0,0,0,0,2,1,0,0,3,0,0,0,3
01/22/2012,INT,NC,ASO,ES,Federal Contract Tower,0,4,11,0,15,0,0,0,0,0,0,4,11,0,15,2,0,2,17
01/23/2012,INT,NC,ASO,ES,Federal Contract Tower,0,5,6,0,11,0,0,0,0,0,0,5,6,0,11,0,0,0,11
01/24/2012,INT,NC,ASO,ES,Federal Contract Tower,2,11,40,0,53,0,4,56,0,60,2,15,96,0,113,20,0,20,133
01/25/2012,INT,NC,ASO,ES,Federal Contract Tower,3,5,19,0,27,0,1,99,0,100,3,6,118,0,127,52,0,52,179
01/26/2012,INT,NC,ASO,ES,Federal Contract Tower,0,8,22,0,30,0,1,74,0,75,0,9,96,0,105,58,0,58,163
01/27/2012,INT,NC,ASO,ES,Federal Contract Tower,2,5,24,0,31,0,1,22,0,23,2,6,46,0,54,4,0,4,58
01/28/2012,INT,NC,ASO,ES,Federal Contract Tower,1,0,15,0,16,0,0,86,0,86,1,0,101,0,102,72,0,72,174
01/29/2012,INT,NC,ASO,ES,Federal Contract Tower,0,3,15,1,19,0,5,40,1,46,0,8,55,2,65,0,0,0,65
01/30/2012,INT,NC,ASO,ES,Federal Contract Tower,0,9,9,5,23,0,3,71,4,78,0,12,80,9,101,20,4,24,125
01/31/2012,INT,NC,ASO,ES,Federal Contract Tower,0,6,21,0,27,0,0,58,0,58,0,6,79,0,85,24,0,24,109
02/01/2012,INT,NC,ASO,ES,Federal Contract Tower,0,8,38,3,49,0,0,25,5,30,0,8,63,8,79,6,0,6,85
02/02/2012,INT,NC,ASO,ES,Federal Contract Tower,0,7,26,0,33,0,0,56,0,56,0,7,82,0,89,42,0,42,131
02/03/2012,INT,NC,ASO,ES,Federal Contract Tower,0,4,44,0,48,0,0,79,4,83,0,4,123,4,131,82,10,92,223
02/04/2012,INT,NC,ASO,ES,Federal Contract Tower,0,5,22,0,27,0,0,23,2,25,0,5,45,2,52,24,2,26,78
02/05/2012,INT,NC,ASO,ES,Federal Contract Tower,0,0,12,0,12,0,0,0,0,0,0,0,12,0,12,0,0,0,12
02/06/2012,INT,NC,ASO,ES,Federal Contract Tower,0,6,15,0,21,0,6,28,0,34,0,12,43,0,55,30,0,30,85
02/07/2012,INT,NC,ASO,ES,Federal Contract Tower,0,11,19,0,30,0,2,40,0,42,0,13,59,0,72,46,0,46,118
02/08/2012,INT,NC,ASO,ES,Federal Contract Tower,1,7,25,1,34,0,1,43,1,45,1,8,68,2,79,22,3,25,104
02/09/2012,INT,NC,ASO,ES,Federal Contract Tower,0,1,30,0,31,0,2,62,12,76,0,3,92,12,107,54,0,54,161
02/10/2012,INT,NC,ASO,ES,Federal Contract Tower,0,5,35,0,40,0,2,45,0,47,0,7,80,0,87,26,0,26,113
02/11/2012,INT,NC,ASO,ES,Federal Contract Tower,0,3,12,0,15,0,0,22,0,22,0,3,34,0,37,14,0,14,51
02/12/2012,INT,NC,ASO,ES,Federal Contract Tower,0,6,13,0,19,0,2,14,2,18,0,8,27,2,37,2,0,2,39
02/13/2012,INT,NC,ASO,ES,Federal Contract Tower,0,4,21,0,25,0,3,37,2,42,0,7,58,2,67,28,6,34,101
02/14/2012,INT,NC,ASO,ES,Federal Contract Tower,2,10,12,0,24,0,4,14,0,18,2,14,26,0,42,6,0,6,48
02/15/2012,INT,NC,ASO,ES,Federal Contract Tower,0,10,39,0,49,0,0,80,2,82,0,10,119,2,131,52,10,62,193
02/16/2012,INT,NC,ASO,ES,Federal Contract Tower,0,8,25,0,33,0,3,8,0,11,0,11,33,0,44,0,0,0,44
02/17/2012,INT,NC,ASO,ES,Federal Contract Tower,0,6,40,0,46,0,0,47,0,47,0,6,87,0,93,84,0,84,177
02/18/2012,INT,NC,ASO,ES,Federal Contract Tower,0,5,30,0,35,0,0,69,4,73,0,5,99,4,108,76,8,84,192
02/19/2012,INT,NC,ASO,ES,Federal Contract Tower,0,1,8,0,9,0,0,0,0,0,0,1,8,0,9,0,0,0,9
02/20/2012,INT,NC,ASO,ES,Federal Contract Tower,1,9,20,0,30,0,2,44,0,46,1,11,64,0,76,14,0,14,90
02/21/2012,INT,NC,ASO,ES,Federal Contract Tower,0,13,34,0,47,0,2,29,0,31,0,15,63,0,78,34,0,34,112
02/22/2012,INT,NC,ASO,ES,Federal Contract Tower,0,14,21,0,35,0,0,37,0,37,0,14,58,0,72,10,0,10,82
02/23/2012,INT,NC,ASO,ES,Federal Contract Tower,1,4,17,1,23,0,0,24,2,26,1,4,41,3,49,6,0,6,55
02/24/2012,INT,NC,ASO,ES,Federal Contract Tower,3,5,17,0,25,0,1,9,0,10,3,6,26,0,35,2,0,2,37
02/25/2012,INT,NC,ASO,ES,Federal Contract Tower,0,4,6,0,10,0,0,10,0,10,0,4,16,0,20,0,0,0,20
02/26/2012,INT,NC,ASO,ES,Federal Contract Tower,0,3,11,0,14,0,1,64,8,73,0,4,75,8,87,38,6,44,131
02/27/2012,INT,NC,ASO,ES,Federal Contract Tower,0,5,25,0,30,0,2,43,0,45,0,7,68,0,75,36,0,36,111
02/28/2012,INT,NC,ASO,ES,Federal Contract Tower,0,18,22,0,40,0,0,70,0,70,0,18,92,0,110,24,0,24,134
02/29/2012,INT,NC,ASO,ES,Federal Contract Tower,0,6,16,0,22,0,0,20,0,20,0,6,36,0,42,18,0,18,60
03/01/2012,INT,NC,ASO,ES,Federal Contract Tower,0,7,38,0,45,0,1,80,2,83,0,8,118,2,128,86,0,86,214
03/02/2012,INT,NC,ASO,ES,Federal Contract Tower,0,7,20,0,27,0,1,22,0,23,0,8,42,0,50,26,0,26,76
03/03/2012,INT,NC,ASO,ES,Federal Contract Tower,0,2,17,0,19,0,0,51,0,51,0,2,68,0,70,56,0,56,126
03/04/2012,INT,NC,ASO,ES,Federal Contract Tower,0,8,16,0,24,0,6,36,2,44,0,14,52,2,68,54,12,66,134
03/05/2012,INT,NC,ASO,ES,Federal Contract Tower,0,3,18,0,21,0,3,15,0,18,0,6,33,0,39,18,0,18,57
03/06/2012,INT,NC,ASO,ES,Federal Contract Tower,2,7,30,2,41,0,8,40,5,53,2,15,70,7,94,10,0,10,104
03/07/2012,INT,NC,ASO,ES,Federal Contract Tower,0,6,34,0,40,0,3,39,1,43,0,9,73,1,83,20,8,28,111
03/08/2012,INT,NC,ASO,ES,Federal Contract Tower,1,10,35,0,46,0,0,59,1,60,1,10,94,1,106,64,0,64,170
03/09/2012,INT,NC,ASO,ES,Federal Contract Tower,0,9,19,0,28,0,7,29,0,36,0,16,48,0,64,60,0,60,124
03/10/2012,INT,NC,ASO,ES,Federal Contract Tower,0,8,13,1,22,0,5,72,6,83,0,13,85,7,105,70,0,70,175
03/11/2012,INT,NC,ASO,ES,Federal Contract Tower,0,3,18,0,21,0,2,81,0,83,0,5,99,0,104,24,0,24,128
03/12/2012,INT,NC,ASO,ES,Federal Contract Tower,0,2,18,0,20,0,6,27,0,33,0,8,45,0,53,6,0,6,59
03/13/2012,INT,NC,ASO,ES,Federal Contract Tower,0,4,22,0,26,0,0,43,0,43,0,4,65,0,69,6,0,6,75
03/14/2012,INT,NC,ASO,ES,Federal Contract Tower,0,7,40,0,47,0,1,88,1,90,0,8,128,1,137,66,0,66,203
03/15/2012,INT,NC,ASO,ES,Federal Contract Tower,0,13,18,0,31,0,0,75,0,75,0,13,93,0,106,110,0,110,216
03/16/2012,INT,NC,ASO,ES,Federal Contract Tower,0,6,29,0,35,2,2,67,0,71,2,8,96,0,106,22,0,22,128
03/17/2012,INT,NC,ASO,ES,Federal Contract Tower,0,5,16,0,21,0,0,55,1,56,0,5,71,1,77,22,0,22,99
03/18/2012,INT,NC,ASO,ES,Federal Contract Tower,0,2,16,0,18,0,2,3,0,5,0,4,19,0,23,16,0,16,39
03/19/2012,INT,NC,ASO,ES,Federal Contract Tower,0,5,25,0,30,0,1,16,2,19,0,6,41,2,49,18,4,22,71
03/20/2012,INT,NC,ASO,ES,Federal Contract Tower,0,5,22,0,27,0,2,32,2,36,0,7,54,2,63,32,16,48,111
03/21/2012,INT,NC,ASO,ES,Federal Contract Tower,0,11,28,0,39,0,0,24,0,24,0,11,52,0,63,0,0,0,63
03/22/2012,INT,NC,ASO,ES,Federal Contract Tower,1,6,35,0,42,0,2,63,0,65,1,8,98,0,107,62,0,62,169
03/23/2012,INT,NC,ASO,ES,Federal Contract Tower,0,8,16,1,25,0,0,57,1,58,0,8,73,2,83,74,0,74,157
03/24/2012,INT,NC,ASO,ES,Federal Contract Tower,0,6,4,0,10,0,0,7,0,7,0,6,11,0,17,2,0,2,19
03/25/2012,INT,NC,ASO,ES,Federal Contract Tower,0,5,25,0,30,0,1,21,1,23,0,6,46,1,53,16,0,16,69
03/26/2012,INT,NC,ASO,ES,Federal Contract Tower,0,4,25,0,29,0,0,64,0,64,0,4,89,0,93,20,0,20,113
03/27/2012,INT,NC,ASO,ES,Federal Contract Tower,0,9,25,2,36,0,11,75,3,89,0,20,100,5,125,14,12,26,151
03/28/2012,INT,NC,ASO,ES,Federal Contract Tower,0,7,19,0,26,0,3,41,0,44,0,10,60,0,70,0,0,0,70
03/29/2012,INT,NC,ASO,ES,Federal Contract Tower,0,5,27,0,32,0,0,114,4,118,0,5,141,4,150,38,2,40,190
03/30/2012,INT,NC,ASO,ES,Federal Contract Tower,1,4,32,0,37,0,0,71,0,71,1,4,103,0,108,22,0,22,130
03/31/2012,INT,NC,ASO,ES,Federal Contract Tower,0,4,13,0,17,0,0,11,0,11,0,4,24,0,28,0,0,0,28
04/01/2012,INT,NC,ASO,ES,Federal Contract Tower,0,3,23,0,26,0,8,39,2,49,0,11,62,2,75,8,0,8,83
04/02/2012,INT,NC,ASO,ES,Federal Contract Tower,0,5,32,0,37,0,0,54,0,54,0,5,86,0,91,24,0,24,115
04/03/2012,INT,NC,ASO,ES,Federal Contract Tower,0,5,26,0,31,0,2,71,2,75,0,7,97,2,106,14,6,20,126
04/04/2012,INT,NC,ASO,ES,Federal Contract Tower,0,8,17,0,25,0,0,17,0,17,0,8,34,0,42,12,0,12,54
04/05/2012,INT,NC,ASO,ES,Federal Contract Tower,0,7,34,0,41,0,0,19,1,20,0,7,53,1,61,0,0,0,61
04/06/2012,INT,NC,ASO,ES,Federal Contract Tower,0,4,13,1,18,0,0,48,3,51,0,4,61,4,69,26,4,30,99
04/07/2012,INT,NC,ASO,ES,Federal Contract Tower,0,0,16,0,16,0,0,84,0,84,0,0,100,0,100,50,0,50,150
04/08/2012,INT,NC,ASO,ES,Federal Contract Tower,0,10,14,0,24,0,4,15,0,19,0,14,29,0,43,0,0,0,43
04/09/2012,INT,NC,ASO,ES,Federal Contract Tower,0,9,36,1,46,0,2,57,0,59,0,11,93,1,105,10,0,10,115
04/10/2012,INT,NC,ASO,ES,Federal Contract Tower,0,6,25,0,31,0,6,47,0,53,0,12,72,0,84,14,0,14,98
04/11/2012,INT,NC,ASO,ES,Federal Contract Tower,0,11,29,0,40,0,0,37,0,37,0,11,66,0,77,10,0,10,87
04/12/2012,INT,NC,ASO,ES,Federal Contract Tower,0,6,17,0,23,0,0,82,1,83,0,6,99,1,106,40,2,42,148
04/13/2012,INT,NC,ASO,ES,Federal Contract Tower,0,0,12,6,18,0,0,86,1,87,0,0,98,7,105,38,6,44,149
04/14/2012,INT,NC,ASO,ES,Federal Contract Tower,0,1,19,0,20,0,0,70,3,73,0,1,89,3,93,34,0,34,127
04/15/2012,INT,NC,ASO,ES,Federal Contract Tower,0,2,20,0,22,0,4,15,2,21,0,6,35,2,43,0,0,0,43
04/16/2012,INT,NC,ASO,ES,Federal Contract Tower,0,4,12,2,18,0,1,23,8,32,0,5,35,10,50,6,2,8,58
04/17/2012,INT,NC,ASO,ES,Federal Contract Tower,0,7,33,4,44,0,10,55,2,67,0,17,88,6,111,16,0,16,127
04/18/2012,INT,NC,ASO,ES,Federal Contract Tower,0,1,28,0,29,0,0,4,0,4,0,1,32,0,33,0,0,0,33
04/19/2012,INT,NC,ASO,ES,Federal Contract Tower,0,11,41,8,60,0,0,51,0,51,0,11,92,8,111,68,0,68,179
04/20/2012,INT,NC,ASO,ES,Federal Contract Tower,1,10,40,0,51,0,2,70,1,73,1,12,110,1,124,46,0,46,170
04/21/2012,INT,NC,ASO,ES,Federal Contract Tower,0,5,11,0,16,0,1,55,3,59,0,6,66,3,75,24,0,24,99
04/22/2012,INT,NC,ASO,ES,Federal Contract Tower,1,8,17,0,26,0,5,0,0,5,1,13,17,0,31,2,0,2,33
04/23/2012,INT,NC,ASO,ES,Federal Contract Tower,0,11,36,2,49,0,0,29,0,29,0,11,65,2,78,2,0,2,80
04/24/2012,INT,NC,ASO,ES,Federal Contract Tower,0,16,31,0,47,0,0,32,2,34,0,16,63,2,81,6,4,10,91
04/25/2012,INT,NC,ASO,ES,Federal Contract Tower,0,5,32,0,37,0,2,64,2,68,0,7,96,2,105,20,8,28,133
04/26/2012,INT,NC,ASO,ES,Federal Contract Tower,0,6,32,0,38,0,4,72,0,76,0,10,104,0,114,34,0,34,148
04/27/2012,INT,NC,ASO,ES,Federal Contract Tower,0,5,27,0,32,0,0,62,9,71,0,5,89,9,103,46,18,64,167
04/28/2012,INT,NC,ASO,ES,Federal Contract Tower,1,4,9,0,14,0,0,56,0,56,1,4,65,0,70,32,0,32,102
04/29/2012,INT,NC,ASO,ES,Federal Contract Tower,0,2,25,0,27,0,0,69,7,76,0,2,94,7,103,36,0,36,139
04/30/2012,INT,NC,ASO,ES,Federal Contract Tower,0,8,27,0,35,0,0,34,0,34,0,8,61,0,69,42,0,42,111
05/01/2012,INT,NC,ASO,ES,Federal Contract Tower,0,11,20,2,33,0,4,26,2,32,0,15,46,4,65,0,0,0,65
05/02/2012,INT,NC,ASO,ES,Federal Contract Tower,0,9,23,0,32,0,5,65,5,75,0,14,88,5,107,10,0,10,117
05/03/2012,INT,NC,ASO,ES,Federal Contract Tower,1,9,35,0,45,0,2,82,3,87,1,11,117,3,132,66,0,66,198
05/04/2012,INT,NC,ASO,ES,Federal Contract Tower,0,4,24,0,28,0,0,49,0,49,0,4,73,0,77,42,0,42,119
05/05/2012,INT,NC,ASO,ES,Federal Contract Tower,0,4,10,0,14,0,1,51,0,52,0,5,61,0,66,22,0,22,88
05/06/2012,INT,NC,ASO,ES,Federal Contract Tower,0,3,17,0,20,0,3,30,1,34,0,6,47,1,54,6,0,6,60
05/07/2012,INT,NC,ASO,ES,Federal Contract Tower,0,11,33,0,44,0,0,15,0,15,0,11,48,0,59,8,0,8,67
05/08/2012,INT,NC,ASO,ES,Federal Contract Tower,0,8,17,0,25,0,0,15,0,15,0,8,32,0,40,10,0,10,50
05/09/2012,INT,NC,ASO,ES,Federal Contract Tower,0,10,21,2,33,0,0,0,0,0,0,10,21,2,33,0,0,0,33
05/10/2012,INT,NC,ASO,ES,Federal Contract Tower,0,10,37,4,51,0,0,94,16,110,0,10,131,20,161,36,0,36,197
05/11/2012,INT,NC,ASO,ES,Federal Contract Tower,0,8,29,0,37,0,1,74,1,76,0,9,103,1,113,96,0,96,209
05/12/2012,INT,NC,ASO,ES,Federal Contract Tower,0,2,17,2,21,0,2,72,0,74,0,4,89,2,95,44,0,44,139
05/13/2012,INT,NC,ASO,ES,Federal Contract Tower,1,5,10,0,16,0,0,14,0,14,1,5,24,0,30,4,0,4,34
05/14/2012,INT,NC,ASO,ES,Federal Contract Tower,0,6,19,0,25,0,3,0,0,3,0,9,19,0,28,0,0,0,28
05/15/2012,INT,NC,ASO,ES,Federal Contract Tower,0,9,24,0,33,0,3,14,0,17,0,12,38,0,50,2,0,2,52
05/16/2012,INT,NC,ASO,ES,Federal Contract Tower,0,9,22,0,31,0,0,63,0,63,0,9,85,0,94,56,0,56,150
05/17/2012,INT,NC,ASO,ES,Federal Contract Tower,2,11,29,0,42,0,3,77,0,80,2,14,106,0,122,38,0,38,160
05/18/2012,INT,NC,ASO,ES,Federal Contract Tower,0,3,25,0,28,0,2,67,0,69,0,5,92,0,97,56,0,56,153
05/19/2012,INT,NC,ASO,ES,Federal Contract Tower,0,9,30,0,39,0,7,78,1,86,0,16,108,1,125,46,0,46,171
05/20/2012,INT,NC,ASO,ES,Federal Contract Tower,0,7,23,0,30,0,1,45,0,46,0,8,68,0,76,38,0,38,114
05/21/2012,INT,NC,ASO,ES,Federal Contract Tower,0,16,30,0,46,0,0,28,2,30,0,16,58,2,76,10,4,14,90
05/22/2012,INT,NC,ASO,ES,Federal Contract Tower,0,9,35,0,44,0,2,24,0,26,0,11,59,0,70,10,0,10,80
05/23/2012,INT,NC,ASO,ES,Federal Contract Tower,1,6,32,0,39,0,0,6,0,6,1,6,38,0,45,0,0,0,45
05/24/2012,INT,NC,ASO,ES,Federal Contract Tower,0,9,43,0,52,0,0,42,2,44,0,9,85,2,96,22,12,34,130
05/25/2012,INT,NC,ASO,ES,Federal Contract Tower,0,8,44,0,52,0,5,93,2,100,0,13,137,2,152,86,0,86,238
05/26/2012,INT,NC,ASO,ES,Federal Contract Tower,0,8,16,0,24,0,3,75,0,78,0,11,91,0,102,20,0,20,122
05/27/2012,INT,NC,ASO,ES,Federal Contract Tower,0,3,5,0,8,0,3,25,0,28,0,6,30,0,36,4,0,4,40
05/28/2012,INT,NC,ASO,ES,Federal Contract Tower,0,3,22,0,25,0,1,24,0,25,0,4,46,0,50,14,0,14,64
05/29/2012,INT,NC,ASO,ES,Federal Contract Tower,0,8,14,2,24,0,1,13,0,14,0,9,27,2,38,4,0,4,42
05/30/2012,INT,NC,ASO,ES,Federal Contract Tower,0,4,27,0,31,0,3,41,0,44,0,7,68,0,75,24,0,24,99
05/31/2012,INT,NC,ASO,ES,Federal Contract Tower,0,0,37,2,39,0,0,105,0,105,0,0,142,2,144,62,0,62,206
06/01/2012,INT,NC,ASO,ES,Federal Contract Tower,0,4,18,0,22,0,1,72,0,73,0,5,90,0,95,24,0,24,119
06/02/2012,INT,NC,ASO,ES,Federal Contract Tower,0,0,19,1,20,0,4,80,3,87,0,4,99,4,107,18,0,18,125
06/03/2012,INT,NC,ASO,ES,Federal Contract Tower,2,1,15,0,18,0,0,26,0,26,2,1,41,0,44,2,0,2,46
06/04/2012,INT,NC,ASO,ES,Federal Contract Tower,0,7,19,0,26,0,2,52,1,55,0,9,71,1,81,28,0,28,109
06/05/2012,INT,NC,ASO,ES,Federal Contract Tower,0,5,19,2,26,0,2,44,1,47,0,7,63,3,73,10,0,10,83
06/06/2012,INT,NC,ASO,ES,Federal Contract Tower,0,8,18,3,29,0,1,13,1,15,0,9,31,4,44,0,0,0,44
06/07/2012,INT,NC,ASO,ES,Federal Contract Tower,0,9,36,0,45,0,0,70,0,70,0,9,106,0,115,30,0,30,145
06/08/2012,INT,NC,ASO,ES,Federal Contract Tower,0,9,31,0,40,0,1,97,2,100,0,10,128,2,140,54,20,74,214
06/09/2012,INT,NC,ASO,ES,Federal Contract Tower,0,1,12,0,13,0,0,65,0,65,0,1,77,0,78,52,0,52,130
06/10/2012,INT,NC,ASO,ES,Federal Contract Tower,0,13,12,0,25,0,0,45,0,45,0,13,57,0,70,32,0,32,102
06/11/2012,INT,NC,ASO,ES,Federal Contract Tower,0,7,28,0,35,0,0,0,0,0,0,7,28,0,35,6,0,6,41
06/12/2012,INT,NC,ASO,ES,Federal Contract Tower,0,11,26,0,37,0,0,2,0,2,0,11,28,0,39,18,0,18,57
06/13/2012,INT,NC,ASO,ES,Federal Contract Tower,0,7,29,0,36,0,2,42,0,44,0,9,71,0,80,4,0,4,84
06/14/2012,INT,NC,ASO,ES,Federal Contract Tower,0,6,26,0,32,0,0,72,3,75,0,6,98,3,107,26,0,26,133
06/15/2012,INT,NC,ASO,ES,Federal Contract Tower,0,4,28,4,36,0,4,37,0,41,0,8,65,4,77,6,6,12,89
06/16/2012,INT,NC,ASO,ES,Federal Contract Tower,0,1,20,1,22,0,0,73,0,73,0,1,93,1,95,24,0,24,119
06/17/2012,INT,NC,ASO,ES,Federal Contract Tower,0,0,18,1,19,0,5,76,2,83,0,5,94,3,102,28,0,28,130
06/18/2012,INT,NC,ASO,ES,Federal Contract Tower,0,7,22,0,29,0,6,54,0,60,0,13,76,0,89,50,0,50,139
06/19/2012,INT,NC,ASO,ES,Federal Contract Tower,0,8,22,1,31,0,2,21,1,24,0,10,43,2,55,12,2,14,69
06/20/2012,INT,NC,ASO,ES,Federal Contract Tower,0,6,25,0,31,0,6,84,0,90,0,12,109,0,121,54,0,54,175
06/21/2012,INT,NC,ASO,ES,Federal Contract Tower,3,3,30,0,36,0,3,95,0,98,3,6,125,0,134,74,0,74,208
06/22/2012,INT,NC,ASO,ES,Federal Contract Tower,0,3,21,0,24,0,0,99,0,99,0,3,120,0,123,44,0,44,167
06/23/2012,INT,NC,ASO,ES,Federal Contract Tower,0,0,17,2,19,0,0,63,0,63,0,0,80,2,82,32,0,32,114
06/24/2012,INT,NC,ASO,ES,Federal Contract Tower,0,1,25,0,26,0,3,22,0,25,0,4,47,0,51,0,0,0,51
06/25/2012,INT,NC,ASO,ES,Federal Contract Tower,0,8,15,0,23,0,1,71,2,74,0,9,86,2,97,12,2,14,111
06/26/2012,INT,NC,ASO,ES,Federal Contract Tower,0,7,28,1,36,0,3,32,3,38,0,10,60,4,74,14,0,14,88
06/27/2012,INT,NC,ASO,ES,Federal Contract Tower,0,9,21,0,30,0,1,88,5,94,0,10,109,5,124,52,8,60,184
06/28/2012,INT,NC,ASO,ES,Federal Contract Tower,0,8,31,2,41,0,0,79,2,81,0,8,110,4,122,54,4,58,180
06/29/2012,INT,NC,ASO,ES,Federal Contract Tower,0,8,30,0,38,0,0,108,0,108,0,8,138,0,146,36,0,36,182
06/30/2012,INT,NC,ASO,ES,Federal Contract Tower,0,7,18,0,25,0,0,85,3,88,0,7,103,3,113,50,4,54,167
07/01/2012,INT,NC,ASO,ES,Federal Contract Tower,0,7,14,0,21,0,0,24,0,24,0,7,38,0,45,0,0,0,45
07/02/2012,INT,NC,ASO,ES,Federal Contract Tower,0,2,12,0,14,0,0,31,0,31,0,2,43,0,45,0,0,0,45
07/03/2012,INT,NC,ASO,ES,Federal Contract Tower,0,7,7,0,14,0,2,17,0,19,0,9,24,0,33,6,0,6,39
07/04/2012,INT,NC,ASO,ES,Federal Contract Tower,0,4,2,0,6,0,0,10,0,10,0,4,12,0,16,14,0,14,30
07/05/2012,INT,NC,ASO,ES,Federal Contract Tower,0,14,12,0,26,0,0,84,0,84,0,14,96,0,110,40,0,40,150
07/06/2012,INT,NC,ASO,ES,Federal Contract Tower,0,15,18,0,33,0,0,41,0,41,0,15,59,0,74,30,0,30,104
07/07/2012,INT,NC,ASO,ES,Federal Contract Tower,0,0,15,0,15,0,0,38,0,38,0,0,53,0,53,12,0,12,65
07/08/2012,INT,NC,ASO,ES,Federal Contract Tower,0,2,16,0,18,0,5,49,0,54,0,7,65,0,72,16,0,16,88
07/09/2012,INT,NC,ASO,ES,Federal Contract Tower,0,0,15,0,15,0,9,36,7,52,0,9,51,7,67,34,0,34,101
07/10/2012,INT,NC,ASO,ES,Federal Contract Tower,0,5,22,0,27,0,0,23,2,25,0,5,45,2,52,32,18,50,102
07/11/2012,INT,NC,ASO,ES,Federal Contract Tower,0,7,20,0,27,0,0,25,0,25,0,7,45,0,52,0,0,0,52
07/12/2012,INT,NC,ASO,ES,Federal Contract Tower,0,6,16,0,22,0,3,60,3,66,0,9,76,3,88,42,0,42,130
07/13/2012,INT,NC,ASO,ES,Federal Contract Tower,0,4,22,0,26,0,2,83,4,89,0,6,105,4,115,66,0,66,181
07/14/2012,INT,NC,ASO,ES,Federal Contract Tower,1,1,19,0,21,0,1,41,0,42,1,2,60,0,63,24,0,24,87
07/15/2012,INT,NC,ASO,ES,Federal Contract Tower,0,3,10,1,14,0,0,54,0,54,0,3,64,1,68,28,0,28,96
07/16/2012,INT,NC,ASO,ES,Federal Contract Tower,0,4,12,0,16,0,1,49,0,50,0,5,61,0,66,12,0,12,78
07/17/2012,INT,NC,ASO,ES,Federal Contract Tower,1,6,25,0,32,0,0,54,6,60,1,6,79,6,92,26,0,26,118
07/18/2012,INT,NC,ASO,ES,Federal Contract Tower,0,1,28,0,29,0,1,51,4,56,0,2,79,4,85,6,0,6,91
07/19/2012,INT,NC,ASO,ES,Federal Contract Tower,0,13,32,0,45,0,0,82,0,82,0,13,114,0,127,52,0,52,179
07/20/2012,INT,NC,ASO,ES,Federal Contract Tower,0,9,27,6,42,0,1,26,6,33,0,10,53,12,75,4,0,4,79
07/21/2012,INT,NC,ASO,ES,Federal Contract Tower,0,11,0,0,11,0,0,19,0,19,0,11,19,0,30,12,0,12,42
07/22/2012,INT,NC,ASO,ES,Federal Contract Tower,0,1,11,0,12,0,0,18,0,18,0,1,29,0,30,6,0,6,36
07/23/2012,INT,NC,ASO,ES,Federal Contract Tower,0,7,38,0,45,0,0,50,0,50,0,7,88,0,95,16,0,16,111
07/24/2012,INT,NC,ASO,ES,Federal Contract Tower,2,9,24,0,35,0,0,52,1,53,2,9,76,1,88,52,0,52,140
07/25/2012,INT,NC,ASO,ES,Federal Contract Tower,2,10,28,0,40,0,1,70,2,73,2,11,98,2,113,30,0,30,143
07/26/2012,INT,NC,ASO,ES,Federal Contract Tower,0,4,33,2,39,0,2,82,0,84,0,6,115,2,123,86,0,86,209
07/27/2012,INT,NC,ASO,ES,Federal Contract Tower,2,0,30,0,32,0,0,46,2,48,2,0,76,2,80,48,0,48,128
07/28/2012,INT,NC,ASO,ES,Federal Contract Tower,0,0,8,0,8,0,0,59,1,60,0,0,67,1,68,42,0,42,110
07/29/2012,INT,NC,ASO,ES,Federal Contract Tower,0,4,18,0,22,0,0,36,2,38,0,4,54,2,60,0,0,0,60
07/30/2012,INT,NC,ASO,ES,Federal Contract Tower,1,8,19,0,28,0,2,27,0,29,1,10,46,0,57,32,0,32,89
07/31/2012,INT,NC,ASO,ES,Federal Contract Tower,0,3,32,0,35,0,1,16,1,18,0,4,48,1,53,14,0,14,67
08/01/2012,INT,NC,ASO,ES,Federal Contract Tower,0,2,14,0,16,0,0,47,1,48,0,2,61,1,64,50,6,56,120
08/02/2012,INT,NC,ASO,ES,Federal Contract Tower,1,2,24,0,27,0,1,86,0,87,1,3,110,0,114,64,0,64,178
08/03/2012,INT,NC,ASO,ES,Federal Contract Tower,0,3,27,0,30,0,0,36,0,36,0,3,63,0,66,38,0,38,104
08/04/2012,INT,NC,ASO,ES,Federal Contract Tower,0,4,12,2,18,0,2,39,4,45,0,6,51,6,63,34,8,42,105
08/05/2012,INT,NC,ASO,ES,Federal Contract Tower,0,3,18,0,21,0,6,23,2,31,0,9,41,2,52,2,0,2,54
08/06/2012,INT,NC,ASO,ES,Federal Contract Tower,1,3,12,0,16,0,0,21,0,21,1,3,33,0,37,42,0,42,79
08/07/2012,INT,NC,ASO,ES,Federal Contract Tower,0,11,15,0,26,0,1,6,0,7,0,12,21,0,33,4,0,4,37
08/08/2012,INT,NC,ASO,ES,Federal Contract Tower,0,8,18,0,26,0,1,33,0,34,0,9,51,0,60,64,0,64,124
08/09/2012,INT,NC,ASO,ES,Federal Contract Tower,2,7,18,1,28,0,3,73,0,76,2,10,91,1,104,38,0,38,142
08/10/2012,INT,NC,ASO,ES,Federal Contract Tower,1,10,25,5,41,0,3,34,2,39,1,13,59,7,80,20,0,20,100
08/11/2012,INT,NC,ASO,ES,Federal Contract Tower,2,1,9,0,12,0,0,24,0,24,2,1,33,0,36,12,0,12,48
08/12/2012,INT,NC,ASO,ES,Federal Contract Tower,0,3,6,0,9,0,3,26,1,30,0,6,32,1,39,4,0,4,43
08/13/2012,INT,NC,ASO,ES,Federal Contract Tower,0,7,13,0,20,0,3,66,0,69,0,10,79,0,89,62,0,62,151
08/14/2012,INT,NC,ASO,ES,Federal Contract Tower,0,2,43,0,45,0,3,47,3,53,0,5,90,3,98,14,0,14,112
08/15/2012,INT,NC,ASO,ES,Federal Contract Tower,0,8,37,0,45,0,1,52,0,53,0,9,89,0,98,20,0,20,118
08/16/2012,INT,NC,ASO,ES,Federal Contract Tower,0,5,27,0,32,0,24,74,0,98,0,29,101,0,130,62,0,62,192
08/17/2012,INT,NC,ASO,ES,Federal Contract Tower,0,7,30,4,41,0,4,58,2,64,0,11,88,6,105,40,0,40,145
08/18/2012,INT,NC,ASO,ES,Federal Contract Tower,0,5,24,0,29,0,0,82,19,101,0,5,106,19,130,84,0,84,214
08/19/2012,INT,NC,ASO,ES,Federal Contract Tower,0,2,7,2,11,0,0,0,0,0,0,2,7,2,11,0,0,0,11
08/20/2012,INT,NC,ASO,ES,Federal Contract Tower,0,4,18,0,22,0,4,16,0,20,0,8,34,0,42,2,0,2,44
08/21/2012,INT,NC,ASO,ES,Federal Contract Tower,0,3,27,0,30,0,1,26,4,31,0,4,53,4,61,38,0,38,99
08/22/2012,INT,NC,ASO,ES,Federal Contract Tower,0,7,35,2,44,0,0,31,1,32,0,7,66,3,76,0,0,0,76
08/23/2012,INT,NC,ASO,ES,Federal Contract Tower,0,7,29,0,36,0,0,86,1,87,0,7,115,1,123,80,2,82,205
08/24/2012,INT,NC,ASO,ES,Federal Contract Tower,1,11,29,1,42,0,3,60,16,79,1,14,89,17,121,94,16,110,231
08/25/2012,INT,NC,ASO,ES,Federal Contract Tower,0,2,16,0,18,0,1,97,0,98,0,3,113,0,116,214,0,214,330
08/26/2012,INT,NC,ASO,ES,Federal Contract Tower,1,4,8,2,15,0,0,40,2,42,1,4,48,4,57,270,16,286,343
08/27/2012,INT,NC,ASO,ES,Federal Contract Tower,0,11,30,3,44,0,6,36,3,45,0,17,66,6,89,26,0,26,115
08/28/2012,INT,NC,ASO,ES,Federal Contract Tower,0,8,26,0,34,0,2,20,2,24,0,10,46,2,58,6,0,6,64
08/29/2012,INT,NC,ASO,ES,Federal Contract Tower,0,12,23,0,35,0,0,14,4,18,0,12,37,4,53,18,0,18,71
08/30/2012,INT,NC,ASO,ES,Federal Contract Tower,1,21,40,0,62,0,2,24,0,26,1,23,64,0,88,30,0,30,118
08/31/2012,INT,NC,ASO,ES,Federal Contract Tower,0,6,34,0,40,0,1,74,0,75,0,7,108,0,115,22,0,22,137
09/01/2012,INT,NC,ASO,ES,Federal Contract Tower,0,2,12,0,14,0,0,49,2,51,0,2,61,2,65,4,0,4,69
09/02/2012,INT,NC,ASO,ES,Federal Contract Tower,0,2,15,3,20,0,0,46,1,47,0,2,61,4,67,74,0,74,141
09/03/2012,INT,NC,ASO,ES,Federal Contract Tower,1,5,23,3,32,0,0,14,0,14,1,5,37,3,46,6,2,8,54
09/04/2012,INT,NC,ASO,ES,Federal Contract Tower,0,4,26,0,30,0,0,11,0,11,0,4,37,0,41,36,0,36,77
09/05/2012,INT,NC,ASO,ES,Federal Contract Tower,0,5,37,0,42,0,4,29,0,33,0,9,66,0,75,34,0,34,109
09/06/2012,INT,NC,ASO,ES,Federal Contract Tower,0,5,34,0,39,0,0,46,7,53,0,5,80,7,92,46,0,46,138
09/07/2012,INT,NC,ASO,ES,Federal Contract Tower,0,1,45,0,46,0,1,82,1,84,0,2,127,1,130,120,0,120,250
09/08/2012,INT,NC,ASO,ES,Federal Contract Tower,0,0,22,1,23,0,0,39,1,40,0,0,61,2,63,56,0,56,119
09/09/2012,INT,NC,ASO,ES,Federal Contract Tower,0,5,21,0,26,0,5,63,1,69,0,10,84,1,95,20,0,20,115
09/10/2012,INT,NC,ASO,ES,Federal Contract Tower,0,7,26,2,35,0,3,55,0,58,0,10,81,2,93,24,0,24,117
09/11/2012,INT,NC,ASO,ES,Federal Contract Tower,0,11,38,0,49,0,2,46,2,50,0,13,84,2,99,14,0,14,113
09/12/2012,INT,NC,ASO,ES,Federal Contract Tower,0,10,30,0,40,0,0,74,0,74,0,10,104,0,114,94,0,94,208
09/13/2012,INT,NC,ASO,ES,Federal Contract Tower,0,7,30,2,39,0,0,96,2,98,0,7,126,4,137,42,2,44,181
09/14/2012,INT,NC,ASO,ES,Federal Contract Tower,0,3,34,0,37,0,0,47,0,47,0,3,81,0,84,40,0,40,124
09/15/2012,INT,NC,ASO,ES,Federal Contract Tower,0,0,22,0,22,0,0,66,0,66,0,0,88,0,88,74,0,74,162
09/16/2012,INT,NC,ASO,ES,Federal Contract Tower,0,4,30,1,35,0,0,0,0,0,0,4,30,1,35,0,0,0,35
09/17/2012,INT,NC,ASO,ES,Federal Contract Tower,0,2,41,0,43,0,1,0,0,1,0,3,41,0,44,0,0,0,44
09/18/2012,INT,NC,ASO,ES,Federal Contract Tower,0,6,16,0,22,0,0,0,0,0,0,6,16,0,22,0,0,0,22
09/19/2012,INT,NC,ASO,ES,Federal Contract Tower,0,2,29,0,31,0,0,73,0,73,0,2,102,0,104,110,0,110,214
09/20/2012,INT,NC,ASO,ES,Federal Contract Tower,1,13,43,0,57,0,1,99,0,100,1,14,142,0,157,40,0,40,197
09/21/2012,INT,NC,ASO,ES,Federal Contract Tower,0,7,35,0,42,0,0,84,0,84,0,7,119,0,126,66,0,66,192
09/22/2012,INT,NC,ASO,ES,Federal Contract Tower,0,3,23,0,26,0,5,57,8,70,0,8,80,8,96,38,0,38,134
09/23/2012,INT,NC,ASO,ES,Federal Contract Tower,0,10,26,0,36,0,0,37,0,37,0,10,63,0,73,4,0,4,77
09/24/2012,INT,NC,ASO,ES,Federal Contract Tower,0,8,39,0,47,0,1,52,0,53,0,9,91,0,100,8,0,8,108
09/25/2012,INT,NC,ASO,ES,Federal Contract Tower,0,13,32,5,50,0,0,55,0,55,0,13,87,5,105,50,0,50,155
09/26/2012,INT,NC,ASO,ES,Federal Contract Tower,0,4,44,0,48,0,2,75,0,77,0,6,119,0,125,58,0,58,183
09/27/2012,INT,NC,ASO,ES,Federal Contract Tower,1,10,45,2,58,0,1,61,4,66,1,11,106,6,124,42,6,48,172
09/28/2012,INT,NC,ASO,ES,Federal Contract Tower,1,14,44,0,59,0,1,62,0,63,1,15,106,0,122,12,0,12,134
09/29/2012,INT,NC,ASO,ES,Federal Contract Tower,0,11,27,0,38,0,2,27,0,29,0,13,54,0,67,2,0,2,69
09/30/2012,INT,NC,ASO,ES,Federal Contract Tower,1,13,47,0,61,0,2,33,0,35,1,15,80,0,96,8,0,8,104
10/01/2012,INT,NC,ASO,ES,Federal Contract Tower,0,3,29,0,32,0,0,6,0,6,0,3,35,0,38,0,0,0,38
10/02/2012,INT,NC,ASO,ES,Federal Contract Tower,0,4,27,0,31,0,0,8,0,8,0,4,35,0,39,8,0,8,47
10/03/2012,INT,NC,ASO,ES,Federal Contract Tower,0,4,29,0,33,0,2,73,0,75,0,6,102,0,108,58,0,58,166
10/04/2012,INT,NC,ASO,ES,Federal Contract Tower,0,5,22,0,27,0,5,111,0,116,0,10,133,0,143,44,0,44,187
10/05/2012,INT,NC,ASO,ES,Federal Contract Tower,0,10,31,0,41,0,3,146,0,149,0,13,177,0,190,124,0,124,314
10/06/2012,INT,NC,ASO,ES,Federal Contract Tower,1,2,30,1,34,0,1,71,1,73,1,3,101,2,107,32,0,32,139
10/07/2012,INT,NC,ASO,ES,Federal Contract Tower,1,4,27,0,32,0,0,0,0,0,1,4,27,0,32,0,0,0,32
10/08/2012,INT,NC,ASO,ES,Federal Contract Tower,0,5,30,0,35,0,1,9,0,10,0,6,39,0,45,0,0,0,45
10/09/2012,INT,NC,ASO,ES,Federal Contract Tower,1,5,36,0,42,0,2,36,0,38,1,7,72,0,80,20,0,20,100
10/10/2012,INT,NC,ASO,ES,Federal Contract Tower,2,5,36,0,43,0,2,94,0,96,2,7,130,0,139,32,0,32,171
10/11/2012,INT,NC,ASO,ES,Federal Contract Tower,0,7,31,0,38,0,3,77,0,80,0,10,108,0,118,44,0,44,162
10/12/2012,INT,NC,ASO,ES,Federal Contract Tower,1,3,37,0,41,0,3,92,4,99,1,6,129,4,140,62,0,62,202
10/13/2012,INT,NC,ASO,ES,Federal Contract Tower,0,3,27,0,30,0,0,78,0,78,0,3,105,0,108,62,0,62,170
10/14/2012,INT,NC,ASO,ES,Federal Contract Tower,0,4,13,0,17,0,0,47,2,49,0,4,60,2,66,26,0,26,92
10/15/2012,INT,NC,ASO,ES,Federal Contract Tower,0,2,20,0,22,0,4,7,0,11,0,6,27,0,33,0,0,0,33
10/16/2012,INT,NC,ASO,ES,Federal Contract Tower,0,8,27,0,35,0,7,57,3,67,0,15,84,3,102,46,0,46,148
10/17/2012,INT,NC,ASO,ES,Federal Contract Tower,0,5,33,0,38,0,0,79,2,81,0,5,112,2,119,38,0,38,157
10/18/2012,INT,NC,ASO,ES,Federal Contract Tower,0,6,41,0,47,0,2,63,0,65,0,8,104,0,112,50,0,50,162
10/19/2012,INT,NC,ASO,ES,Federal Contract Tower,1,4,23,0,28,0,1,98,0,99,1,5,121,0,127,46,0,46,173
10/20/2012,INT,NC,ASO,ES,Federal Contract Tower,0,2,18,1,21,0,0,66,0,66,0,2,84,1,87,30,0,30,117
10/21/2012,INT,NC,ASO,ES,Federal Contract Tower,1,5,33,0,39,0,5,75,2,82,1,10,108,2,121,40,8,48,169
10/22/2012,INT,NC,ASO,ES,Federal Contract Tower,0,1,23,0,24,0,1,58,0,59,0,2,81,0,83,22,0,22,105
10/23/2012,INT,NC,ASO,ES,Federal Contract Tower,2,5,22,0,29,0,0,47,0,47,2,5,69,0,76,0,0,0,76
10/24/2012,INT,NC,ASO,ES,Federal Contract Tower,1,7,29,0,37,0,6,64,0,70,1,13,93,0,107,44,0,44,151
10/25/2012,INT,NC,ASO,ES,Federal Contract Tower,0,9,47,0,56,0,3,82,1,86,0,12,129,1,142,28,0,28,170
10/26/2012,INT,NC,ASO,ES,Federal Contract Tower,0,15,31,0,46,0,0,11,0,11,0,15,42,0,57,24,0,24,81
10/27/2012,INT,NC,ASO,ES,Federal Contract Tower,0,3,17,0,20,0,0,16,0,16,0,3,33,0,36,0,0,0,36
10/28/2012,INT,NC,ASO,ES,Federal Contract Tower,1,2,19,0,22,0,5,32,2,39,1,7,51,2,61,28,0,28,89
10/29/2012,INT,NC,ASO,ES,Federal Contract Tower,0,5,19,0,24,0,0,2,0,2,0,5,21,0,26,0,0,0,26
10/30/2012,INT,NC,ASO,ES,Federal Contract Tower,0,2,12,0,14,0,0,4,0,4,0,2,16,0,18,0,0,0,18
10/31/2012,INT,NC,ASO,ES,Federal Contract Tower,0,2,34,0,36,0,2,25,0,27,0,4,59,0,63,24,0,24,87
11/01/2012,INT,NC,ASO,ES,Federal Contract Tower,1,6,28,3,38,0,0,34,0,34,1,6,62,3,72,0,0,0,72
11/02/2012,INT,NC,ASO,ES,Federal Contract Tower,1,4,37,0,42,0,0,95,0,95,1,4,132,0,137,10,0,10,147
11/03/2012,INT,NC,ASO,ES,Federal Contract Tower,2,2,24,0,28,0,4,58,0,62,2,6,82,0,90,4,0,4,94
11/04/2012,INT,NC,ASO,ES,Federal Contract Tower,0,6,26,0,32,0,0,36,0,36,0,6,62,0,68,8,0,8,76
11/05/2012,INT,NC,ASO,ES,Federal Contract Tower,0,7,23,12,42,0,1,43,7,51,0,8,66,19,93,62,28,90,183
11/06/2012,INT,NC,ASO,ES,Federal Contract Tower,0,6,25,0,31,0,2,87,1,90,0,8,112,1,121,46,0,46,167
11/07/2012,INT,NC,ASO,ES,Federal Contract Tower,1,4,30,0,35,0,1,63,0,64,1,5,93,0,99,32,0,32,131
11/08/2012,INT,NC,ASO,ES,Federal Contract Tower,1,7,44,5,57,0,0,54,2,56,1,7,98,7,113,12,8,20,133
11/09/2012,INT,NC,ASO,ES,Federal Contract Tower,0,3,37,0,40,0,1,90,4,95,0,4,127,4,135,36,4,40,175
11/10/2012,INT,NC,ASO,ES,Federal Contract Tower,0,2,22,0,24,0,0,48,10,58,0,2,70,10,82,8,6,14,96
11/11/2012,INT,NC,ASO,ES,Federal Contract Tower,0,13,12,0,25,0,2,64,0,66,0,15,76,0,91,26,0,26,117
11/12/2012,INT,NC,ASO,ES,Federal Contract Tower,0,7,14,0,21,0,0,36,0,36,0,7,50,0,57,24,0,24,81
11/13/2012,INT,NC,ASO,ES,Federal Contract Tower,0,5,23,0,28,0,2,57,0,59,0,7,80,0,87,48,0,48,135
11/14/2012,INT,NC,ASO,ES,Federal Contract Tower,0,12,28,2,42,0,5,60,0,65,0,17,88,2,107,20,0,20,127
11/15/2012,INT,NC,ASO,ES,Federal Contract Tower,0,5,41,2,48,0,1,42,0,43,0,6,83,2,91,28,0,28,119
11/16/2012,INT,NC,ASO,ES,Federal Contract Tower,0,1,21,0,22,0,2,40,0,42,0,3,61,0,64,22,0,22,86
11/17/2012,INT,NC,ASO,ES,Federal Contract Tower,2,6,34,2,44,0,1,81,0,82,2,7,115,2,126,60,2,62,188
11/18/2012,INT,NC,ASO,ES,Federal Contract Tower,2,1,13,2,18,0,1,19,1,21,2,2,32,3,39,2,0,2,41
11/19/2012,INT,NC,ASO,ES,Federal Contract Tower,0,4,24,0,28,0,10,24,1,35,0,14,48,1,63,12,0,12,75
11/20/2012,INT,NC,ASO,ES,Federal Contract Tower,1,8,41,0,50,0,0,41,0,41,1,8,82,0,91,52,14,66,157
11/21/2012,INT,NC,ASO,ES,Federal Contract Tower,1,4,21,0,26,0,0,69,0,69,1,4,90,0,95,112,0,112,207
11/22/2012,INT,NC,ASO,ES,Federal Contract Tower,0,4,12,0,16,0,1,28,0,29,0,5,40,0,45,14,0,14,59
11/23/2012,INT,NC,ASO,ES,Federal Contract Tower,0,6,14,3,23,0,0,52,2,54,0,6,66,5,77,8,6,14,91
11/24/2012,INT,NC,ASO,ES,Federal Contract Tower,0,4,33,0,37,0,0,65,0,65,0,4,98,0,102,38,0,38,140
11/25/2012,INT,NC,ASO,ES,Federal Contract Tower,0,3,21,0,24,0,4,56,5,65,0,7,77,5,89,32,0,32,121
11/26/2012,INT,NC,ASO,ES,Federal Contract Tower,3,6,24,0,33,0,1,40,0,41,3,7,64,0,74,6,0,6,80
11/27/2012,INT,NC,ASO,ES,Federal Contract Tower,0,12,35,0,47,0,0,7,0,7,0,12,42,0,54,0,0,0,54
11/28/2012,INT,NC,ASO,ES,Federal Contract Tower,1,6,23,0,30,0,4,70,1,75,1,10,93,1,105,52,0,52,157
11/29/2012,INT,NC,ASO,ES,Federal Contract Tower,0,7,37,0,44,0,0,46,2,48,0,7,83,2,92,18,0,18,110
11/30/2012,INT,NC,ASO,ES,Federal Contract Tower,3,12,19,0,34,0,0,53,5,58,3,12,72,5,92,42,14,56,148
12/01/2012,INT,NC,ASO,ES,Federal Contract Tower,0,1,19,0,20,0,0,73,0,73,0,1,92,0,93,70,0,70,163
12/02/2012,INT,NC,ASO,ES,Federal Contract Tower,2,4,14,2,22,0,4,43,0,47,2,8,57,2,69,30,0,30,99
12/03/2012,INT,NC,ASO,ES,Federal Contract Tower,1,5,15,0,21,0,1,55,0,56,1,6,70,0,77,4,0,4,81
12/04/2012,INT,NC,ASO,ES,Federal Contract Tower,0,7,29,0,36,0,0,25,0,25,0,7,54,0,61,10,0,10,71
12/05/2012,INT,NC,ASO,ES,Federal Contract Tower,0,4,29,0,33,0,0,32,0,32,0,4,61,0,65,44,0,44,109
12/06/2012,INT,NC,ASO,ES,Federal Contract Tower,0,6,12,0,18,0,3,45,2,50,0,9,57,2,68,8,0,8,76
12/07/2012,INT,NC,ASO,ES,Federal Contract Tower,1,6,24,0,31,0,1,10,0,11,1,7,34,0,42,6,0,6,48
12/08/2012,INT,NC,ASO,ES,Federal Contract Tower,2,4,16,1,23,0,0,21,2,23,2,4,37,3,46,12,4,16,62
12/09/2012,INT,NC,ASO,ES,Federal Contract Tower,0,2,23,0,25,9,1,7,0,17,9,3,30,0,42,0,0,0,42
12/10/2012,INT,NC,ASO,ES,Federal Contract Tower,0,0,27,1,28,0,1,4,0,5,0,1,31,1,33,0,2,2,35
12/11/2012,INT,NC,ASO,ES,Federal Contract Tower,0,7,43,3,53,0,1,26,2,29,0,8,69,5,82,18,4,22,104
12/12/2012,INT,NC,ASO,ES,Federal Contract Tower,2,2,24,0,28,0,1,32,0,33,2,3,56,0,61,20,0,20,81
12/13/2012,INT,NC,ASO,ES,Federal Contract Tower,1,7,26,3,37,0,2,50,10,62,1,9,76,13,99,24,0,24,123
12/14/2012,INT,NC,ASO,ES,Federal Contract Tower,0,4,33,0,37,0,0,47,2,49,0,4,80,2,86,22,2,24,110
12/15/2012,INT,NC,ASO,ES,Federal Contract Tower,2,5,17,0,24,0,0,47,6,53,2,5,64,6,77,40,0,40,117
12/16/2012,INT,NC,ASO,ES,Federal Contract Tower,1,1,12,0,14,0,0,4,0,4,1,1,16,0,18,0,0,0,18
12/17/2012,INT,NC,ASO,ES,Federal Contract Tower,2,2,29,0,33,0,0,0,0,0,2,2,29,0,33,0,0,0,33
12/18/2012,INT,NC,ASO,ES,Federal Contract Tower,0,4,47,0,51,0,5,29,2,36,0,9,76,2,87,18,4,22,109
12/19/2012,INT,NC,ASO,ES,Federal Contract Tower,0,6,37,0,43,0,8,62,0,70,0,14,99,0,113,46,0,46,159
12/20/2012,INT,NC,ASO,ES,Federal Contract Tower,0,3,24,1,28,0,3,29,1,33,0,6,53,2,61,22,0,22,83
12/21/2012,INT,NC,ASO,ES,Federal Contract Tower,1,3,14,0,18,0,1,3,1,5,1,4,17,1,23,0,0,0,23
12/22/2012,INT,NC,ASO,ES,Federal Contract Tower,0,1,14,0,15,0,2,24,8,34,0,3,38,8,49,0,4,4,53
12/23/2012,INT,NC,ASO,ES,Federal Contract Tower,0,3,30,0,33,0,7,22,0,29,0,10,52,0,62,14,0,14,76
12/24/2012,INT,NC,ASO,ES,Federal Contract Tower,0,3,5,0,8,0,0,0,0,0,0,3,5,0,8,0,0,0,8
12/25/2012,INT,NC,ASO,ES,Federal Contract Tower,2,0,3,0,5,0,0,0,0,0,2,0,3,0,5,0,0,0,5
12/26/2012,INT,NC,ASO,ES,Federal Contract Tower,0,3,2,0,5,0,0,0,0,0,0,3,2,0,5,0,0,0,5
12/27/2012,INT,NC,ASO,ES,Federal Contract Tower,0,1,19,2,22,0,2,28,6,36,0,3,47,8,58,24,12,36,94
12/28/2012,INT,NC,ASO,ES,Federal Contract Tower,0,4,26,0,30,0,1,54,0,55,0,5,80,0,85,10,0,10,95
12/29/2012,INT,NC,ASO,ES,Federal Contract Tower,0,0,5,0,5,0,1,4,0,5,0,1,9,0,10,2,0,2,12
12/30/2012,INT,NC,ASO,ES,Federal Contract Tower,1,0,10,0,11,0,6,32,2,40,1,6,42,2,51,30,0,30,81
12/31/2012,INT,NC,ASO,ES,Federal Contract Tower,1,0,14,0,15,0,1,51,0,52,1,1,65,0,67,24,0,24,91
01/01/2013,INT,NC,ASO,ES,Federal Contract Tower,0,0,6,0,6,0,1,0,0,1,0,1,6,0,7,0,0,0,7
01/02/2013,INT,NC,ASO,ES,Federal Contract Tower,1,3,29,0,33,0,0,46,0,46,1,3,75,0,79,0,0,0,79
01/03/2013,INT,NC,ASO,ES,Federal Contract Tower,0,3,26,0,29,0,0,27,0,27,0,3,53,0,56,22,0,22,78
01/04/2013,INT,NC,ASO,ES,Federal Contract Tower,3,1,35,0,39,0,0,60,2,62,3,1,95,2,101,50,0,50,151
01/05/2013,INT,NC,ASO,ES,Federal Contract Tower,1,1,16,1,19,0,0,63,9,72,1,1,79,10,91,56,0,56,147
01/06/2013,INT,NC,ASO,ES,Federal Contract Tower,0,1,9,0,10,0,1,25,0,26,0,2,34,0,36,14,0,14,50
01/07/2013,INT,NC,ASO,ES,Federal Contract Tower,0,4,7,0,11,0,13,23,0,36,0,17,30,0,47,16,0,16,63
01/08/2013,INT,NC,ASO,ES,Federal Contract Tower,1,5,22,0,28,0,0,39,0,39,1,5,61,0,67,40,0,40,107
01/09/2013,INT,NC,ASO,ES,Federal Contract Tower,0,4,25,0,29,0,1,59,0,60,0,5,84,0,89,72,0,72,161
01/10/2013,INT,NC,ASO,ES,Federal Contract Tower,0,9,28,2,39,0,4,52,2,58,0,13,80,4,97,48,0,48,145
01/11/2013,INT,NC,ASO,ES,Federal Contract Tower,1,4,21,2,28,0,0,0,0,0,1,4,21,2,28,0,0,0,28
01/12/2013,INT,NC,ASO,ES,Federal Contract Tower,2,3,21,0,26,0,2,27,2,31,2,5,48,2,57,0,0,0,57
01/13/2013,INT,NC,ASO,ES,Federal Contract Tower,0,3,24,2,29,0,5,20,0,25,0,8,44,2,54,32,0,32,86
01/14/2013,INT,NC,ASO,ES,Federal Contract Tower,0,4,35,0,39,0,0,1,0,1,0,4,36,0,40,0,0,0,40
01/15/2013,INT,NC,ASO,ES,Federal Contract Tower,1,8,27,0,36,0,0,0,0,0,1,8,27,0,36,0,0,0,36
01/16/2013,INT,NC,ASO,ES,Federal Contract Tower,0,5,21,0,26,0,0,0,0,0,0,5,21,0,26,0,0,0,26
01/17/2013,INT,NC,ASO,ES,Federal Contract Tower,2,7,17,0,26,0,0,0,0,0,2,7,17,0,26,0,0,0,26
01/18/2013,INT,NC,ASO,ES,Federal Contract Tower,1,9,26,1,37,0,5,77,2,84,1,14,103,3,121,0,0,0,121
01/19/2013,INT,NC,ASO,ES,Federal Contract Tower,0,2,19,2,23,0,0,104,0,104,0,2,123,2,127,48,0,48,175
01/20/2013,INT,NC,ASO,ES,Federal Contract Tower,0,1,8,0,9,0,10,58,2,70,0,11,66,2,79,26,0,26,105
01/21/2013,INT,NC,ASO,ES,Federal Contract Tower,1,1,37,0,39,0,0,59,4,63,1,1,96,4,102,26,0,26,128
01/22/2013,INT,NC,ASO,ES,Federal Contract Tower,2,10,48,0,60,0,0,48,0,48,2,10,96,0,108,56,0,56,164
01/23/2013,INT,NC,ASO,ES,Federal Contract Tower,2,3,19,1,25,0,3,57,3,63,2,6,76,4,88,62,0,62,150
01/24/2013,INT,NC,ASO,ES,Federal Contract Tower,0,5,27,1,33,0,0,57,1,58,0,5,84,2,91,22,0,22,113
01/25/2013,INT,NC,ASO,ES,Federal Contract Tower,1,0,10,0,11,0,0,0,0,0,1,0,10,0,11,0,0,0,11
01/26/2013,INT,NC,ASO,ES,Federal Contract Tower,1,4,18,0,23,0,0,18,0,18,1,4,36,0,41,34,0,34,75
01/27/2013,INT,NC,ASO,ES,Federal Contract Tower,0,0,19,0,19,0,0,42,0,42,0,0,61,0,61,26,0,26,87
01/28/2013,INT,NC,ASO,ES,Federal Contract Tower,0,1,37,0,38,0,3,21,0,24,0,4,58,0,62,20,0,20,82
01/29/2013,INT,NC,ASO,ES,Federal Contract Tower,0,5,23,0,28,0,5,42,0,47,0,10,65,0,75,24,0,24,99
01/30/2013,INT,NC,ASO,ES,Federal Contract Tower,3,6,16,0,25,0,0,0,0,0,3,6,16,0,25,0,0,0,25
01/31/2013,INT,NC,ASO,ES,Federal Contract Tower,4,6,21,1,32,0,0,52,0,52,4,6,73,1,84,18,0,18,102
02/01/2013,INT,NC,ASO,ES,Federal Contract Tower,1,6,23,0,30,0,0,41,1,42,1,6,64,1,72,6,0,6,78
02/02/2013,INT,NC,ASO,ES,Federal Contract Tower,3,4,12,0,19,0,0,63,0,63,3,4,75,0,82,16,0,16,98
02/03/2013,INT,NC,ASO,ES,Federal Contract Tower,0,4,9,0,13,0,6,26,0,32,0,10,35,0,45,10,0,10,55
02/04/2013,INT,NC,ASO,ES,Federal Contract Tower,0,7,24,2,33,0,5,49,0,54,0,12,73,2,87,30,2,32,119
02/05/2013,INT,NC,ASO,ES,Federal Contract Tower,0,12,21,0,33,0,2,33,0,35,0,14,54,0,68,34,0,34,102
02/06/2013,INT,NC,ASO,ES,Federal Contract Tower,0,4,30,0,34,0,7,43,0,50,0,11,73,0,84,42,0,42,126
02/07/2013,INT,NC,ASO,ES,Federal Contract Tower,0,18,27,0,45,0,0,12,0,12,0,18,39,0,57,0,0,0,57
02/08/2013,INT,NC,ASO,ES,Federal Contract Tower,2,13,26,0,41,0,0,18,2,20,2,13,44,2,61,0,8,8,69
02/09/2013,INT,NC,ASO,ES,Federal Contract Tower,2,2,21,0,25,0,0,78,0,78,2,2,99,0,103,82,0,82,185
02/10/2013,INT,NC,ASO,ES,Federal Contract Tower,1,4,17,0,22,0,4,26,0,30,1,8,43,0,52,6,0,6,58
02/11/2013,INT,NC,ASO,ES,Federal Contract Tower,1,4,17,0,22,0,0,0,0,0,1,4,17,0,22,0,0,0,22
02/12/2013,INT,NC,ASO,ES,Federal Contract Tower,3,4,24,0,31,0,1,38,3,42,3,5,62,3,73,42,0,42,115
02/13/2013,INT,NC,ASO,ES,Federal Contract Tower,2,9,32,0,43,0,0,4,0,4,2,9,36,0,47,0,0,0,47
02/14/2013,INT,NC,ASO,ES,Federal Contract Tower,0,4,29,6,39,0,0,73,3,76,0,4,102,9,115,52,8,60,175
02/15/2013,INT,NC,ASO,ES,Federal Contract Tower,2,2,47,0,51,0,0,48,0,48,2,2,95,0,99,48,0,48,147
02/16/2013,INT,NC,ASO,ES,Federal Contract Tower,2,0,11,0,13,0,0,7,0,7,2,0,18,0,20,0,0,0,20
02/17/2013,INT,NC,ASO,ES,Federal Contract Tower,0,1,22,0,23,0,3,10,0,13,0,4,32,0,36,12,0,12,48
02/18/2013,INT,NC,ASO,ES,Federal Contract Tower,0,3,30,1,34,0,1,33,5,39,0,4,63,6,73,24,0,24,97
02/19/2013,INT,NC,ASO,ES,Federal Contract Tower,0,4,18,0,22,0,2,2,0,4,0,6,20,0,26,20,0,20,46
02/20/2013,INT,NC,ASO,ES,Federal Contract Tower,1,8,37,0,46,0,1,44,0,45,1,9,81,0,91,22,0,22,113
02/21/2013,INT,NC,ASO,ES,Federal Contract Tower,2,8,45,0,55,0,0,85,2,87,2,8,130,2,142,32,6,38,180
02/22/2013,INT,NC,ASO,ES,Federal Contract Tower,2,9,23,0,34,0,0,0,0,0,2,9,23,0,34,0,0,0,34
02/23/2013,INT,NC,ASO,ES,Federal Contract Tower,1,3,5,0,9,0,0,0,0,0,1,3,5,0,9,0,0,0,9
02/24/2013,INT,NC,ASO,ES,Federal Contract Tower,1,9,30,0,40,0,3,75,6,84,1,12,105,6,124,28,6,34,158
02/25/2013,INT,NC,ASO,ES,Federal Contract Tower,2,2,23,0,27,0,0,24,5,29,2,2,47,5,56,18,4,22,78
02/26/2013,INT,NC,ASO,ES,Federal Contract Tower,1,6,31,0,38,0,0,0,0,0,1,6,31,0,38,2,0,2,40
02/27/2013,INT,NC,ASO,ES,Federal Contract Tower,0,1,31,0,32,0,0,52,0,52,0,1,83,0,84,38,0,38,122
02/28/2013,INT,NC,ASO,ES,Federal Contract Tower,2,4,48,0,54,0,4,48,0,52,2,8,96,0,106,48,0,48,154
03/01/2013,INT,NC,ASO,ES,Federal Contract Tower,0,2,28,0,30,0,0,49,2,51,0,2,77,2,81,10,0,10,91
03/02/2013,INT,NC,ASO,ES,Federal Contract Tower,1,5,32,0,38,0,0,32,5,37,1,5,64,5,75,22,0,22,97
03/03/2013,INT,NC,ASO,ES,Federal Contract Tower,0,6,18,0,24,0,0,38,1,39,0,6,56,1,63,16,0,16,79
03/04/2013,INT,NC,ASO,ES,Federal Contract Tower,0,8,12,2,22,0,0,29,0,29,0,8,41,2,51,18,4,22,73
03/05/2013,INT,NC,ASO,ES,Federal Contract Tower,0,7,26,2,35,0,0,11,0,11,0,7,37,2,46,12,0,12,58
03/06/2013,INT,NC,ASO,ES,Federal Contract Tower,3,9,24,0,36,0,1,5,0,6,3,10,29,0,42,0,0,0,42
03/07/2013,INT,NC,ASO,ES,Federal Contract Tower,0,8,26,0,34,0,3,71,2,76,0,11,97,2,110,78,0,78,188
03/08/2013,INT,NC,ASO,ES,Federal Contract Tower,0,4,35,0,39,0,0,30,0,30,0,4,65,0,69,26,0,26,95
03/09/2013,INT,NC,ASO,ES,Federal Contract Tower,0,7,26,1,34,0,0,111,6,117,0,7,137,7,151,128,18,146,297
03/10/2013,INT,NC,ASO,ES,Federal Contract Tower,2,6,28,0,36,0,0,47,0,47,2,6,75,0,83,4,0,4,87
03/11/2013,INT,NC,ASO,ES,Federal Contract Tower,0,8,22,1,31,0,4,14,0,18,0,12,36,1,49,0,0,0,49
03/12/2013,INT,NC,ASO,ES,Federal Contract Tower,0,2,32,0,34,0,4,19,0,23,0,6,51,0,57,6,0,6,63
03/13/2013,INT,NC,ASO,ES,Federal Contract Tower,1,5,8,0,14,0,8,24,0,32,1,13,32,0,46,24,0,24,70
03/14/2013,INT,NC,ASO,ES,Federal Contract Tower,0,8,36,0,44,0,1,70,0,71,0,9,106,0,115,60,0,60,175
03/15/2013,INT,NC,ASO,ES,Federal Contract Tower,1,4,29,0,34,0,1,60,0,61,1,5,89,0,95,22,0,22,117
03/16/2013,INT,NC,ASO,ES,Federal Contract Tower,1,4,27,0,32,0,0,55,1,56,1,4,82,1,88,48,0,48,136
03/17/2013,INT,NC,ASO,ES,Federal Contract Tower,0,8,32,0,40,0,2,4,0,6,0,10,36,0,46,30,0,30,76
03/18/2013,INT,NC,ASO,ES,Federal Contract Tower,0,2,9,0,11,0,0,0,0,0,0,2,9,0,11,0,0,0,11
03/19/2013,INT,NC,ASO,ES,Federal Contract Tower,0,0,35,0,35,0,5,32,2,39,0,5,67,2,74,34,2,36,110
03/20/2013,INT,NC,ASO,ES,Federal Contract Tower,0,8,22,0,30,0,0,49,2,51,0,8,71,2,81,48,0,48,129
03/21/2013,INT,NC,ASO,ES,Federal Contract Tower,0,3,28,0,31,0,0,60,2,62,0,3,88,2,93,18,0,18,111
03/22/2013,INT,NC,ASO,ES,Federal Contract Tower,2,6,37,0,45,0,0,89,4,93,2,6,126,4,138,72,4,76,214
03/23/2013,INT,NC,ASO,ES,Federal Contract Tower,2,4,22,0,28,0,2,50,0,52,2,6,72,0,80,86,2,88,168
03/24/2013,INT,NC,ASO,ES,Federal Contract Tower,0,0,7,0,7,0,0,0,0,0,0,0,7,0,7,0,0,0,7
03/25/2013,INT,NC,ASO,ES,Federal Contract Tower,0,2,27,0,29,0,7,3,0,10,0,9,30,0,39,0,0,0,39
03/26/2013,INT,NC,ASO,ES,Federal Contract Tower,0,2,44,0,46,0,0,40,1,41,0,2,84,1,87,30,0,30,117
03/27/2013,INT,NC,ASO,ES,Federal Contract Tower,0,2,32,0,34,0,0,39,0,39,0,2,71,0,73,28,0,28,101
03/28/2013,INT,NC,ASO,ES,Federal Contract Tower,0,10,40,1,51,0,8,85,9,102,0,18,125,10,153,44,0,44,197
03/29/2013,INT,NC,ASO,ES,Federal Contract Tower,0,3,28,0,31,0,0,57,7,64,0,3,85,7,95,62,2,64,159
03/30/2013,INT,NC,ASO,ES,Federal Contract Tower,2,2,12,0,16,0,2,81,6,89,2,4,93,6,105,64,0,64,169
03/31/2013,INT,NC,ASO,ES,Federal Contract Tower,0,0,10,0,10,0,5,7,0,12,0,5,17,0,22,12,0,12,34
04/01/2013,INT,NC,ASO,ES,Federal Contract Tower,1,9,17,0,27,0,2,25,1,28,1,11,42,1,55,0,0,0,55
04/02/2013,INT,NC,ASO,ES,Federal Contract Tower,0,10,38,0,48,0,2,61,0,63,0,12,99,0,111,24,0,24,135
04/03/2013,INT,NC,ASO,ES,Federal Contract Tower,0,5,30,0,35,0,2,51,0,53,0,7,81,0,88,46,0,46,134
04/04/2013,INT,NC,ASO,ES,Federal Contract Tower,0,5,23,0,28,0,0,16,0,16,0,5,39,0,44,30,0,30,74
04/05/2013,INT,NC,ASO,ES,Federal Contract Tower,0,6,16,0,22,0,0,50,5,55,0,6,66,5,77,34,0,34,111
04/06/2013,INT,NC,ASO,ES,Federal Contract Tower,0,14,19,0,33,0,0,70,5,75,0,14,89,5,108,28,8,36,144
04/07/2013,INT,NC,ASO,ES,Federal Contract Tower,2,10,15,0,27,0,4,50,0,54,2,14,65,0,81,10,0,10,91
04/08/2013,INT,NC,ASO,ES,Federal Contract Tower,0,5,28,0,33,0,7,24,0,31,0,12,52,0,64,14,0,14,78
04/09/2013,INT,NC,ASO,ES,Federal Contract Tower,2,1,21,0,24,0,2,45,0,47,2,3,66,0,71,12,0,12,83
04/10/2013,INT,NC,ASO,ES,Federal Contract Tower,0,9,56,3,68,0,1,58,1,60,0,10,114,4,128,58,8,66,194
04/11/2013,INT,NC,ASO,ES,Federal Contract Tower,2,9,27,0,38,0,5,48,0,53,2,14,75,0,91,26,0,26,117
04/12/2013,INT,NC,ASO,ES,Federal Contract Tower,0,4,37,0,41,0,6,31,0,37,0,10,68,0,78,12,0,12,90
04/13/2013,INT,NC,ASO,ES,Federal Contract Tower,0,6,16,1,23,0,0,70,2,72,0,6,86,3,95,44,0,44,139
04/14/2013,INT,NC,ASO,ES,Federal Contract Tower,0,8,21,0,29,0,2,56,1,59,0,10,77,1,88,14,0,14,102
04/15/2013,INT,NC,ASO,ES,Federal Contract Tower,0,7,26,0,33,0,0,5,0,5,0,7,31,0,38,4,0,4,42
04/16/2013,INT,NC,ASO,ES,Federal Contract Tower,1,3,20,0,24,0,0,36,2,38,1,3,56,2,62,48,12,60,122
04/17/2013,INT,NC,ASO,ES,Federal Contract Tower,0,8,35,0,43,0,4,80,0,84,0,12,115,0,127,60,0,60,187
04/18/2013,INT,NC,ASO,ES,Federal Contract Tower,1,8,26,0,35,0,10,46,10,66,1,18,72,10,101,14,6,20,121
04/19/2013,INT,NC,ASO,ES,Federal Contract Tower,0,10,15,0,25,0,0,9,0,9,0,10,24,0,34,0,0,0,34
04/20/2013,INT,NC,ASO,ES,Federal Contract Tower,2,3,22,1,28,0,0,56,3,59,2,3,78,4,87,42,0,42,129
04/21/2013,INT,NC,ASO,ES,Federal Contract Tower,0,9,21,0,30,0,2,27,1,30,0,11,48,1,60,38,0,38,98
04/22/2013,INT,NC,ASO,ES,Federal Contract Tower,0,2,30,0,32,0,2,14,0,16,0,4,44,0,48,24,0,24,72
04/23/2013,INT,NC,ASO,ES,Federal Contract Tower,1,5,35,0,41,0,4,49,4,57,1,9,84,4,98,74,0,74,172
04/24/2013,INT,NC,ASO,ES,Federal Contract Tower,0,6,25,2,33,0,4,45,0,49,0,10,70,2,82,52,2,54,136
04/25/2013,INT,NC,ASO,ES,Federal Contract Tower,2,16,32,0,50,0,16,69,6,91,2,32,101,6,141,96,34,130,271
04/26/2013,INT,NC,ASO,ES,Federal Contract Tower,0,5,32,0,37,0,0,64,12,76,0,5,96,12,113,72,0,72,185
04/27/2013,INT,NC,ASO,ES,Federal Contract Tower,0,5,18,0,23,0,0,77,1,78,0,5,95,1,101,102,0,102,203
04/28/2013,INT,NC,ASO,ES,Federal Contract Tower,2,2,9,0,13,0,0,1,0,1,2,2,10,0,14,0,0,0,14
04/29/2013,INT,NC,ASO,ES,Federal Contract Tower,0,8,18,0,26,0,0,8,0,8,0,8,26,0,34,32,0,32,66
04/30/2013,INT,NC,ASO,ES,Federal Contract Tower,0,3,50,0,53,0,4,16,0,20,0,7,66,0,73,0,0,0,73
05/01/2013,INT,NC,ASO,ES,Federal Contract Tower,0,1,34,0,35,0,1,21,0,22,0,2,55,0,57,34,0,34,91
05/02/2013,INT,NC,ASO,ES,Federal Contract Tower,0,4,30,0,34,0,0,35,0,35,0,4,65,0,69,38,0,38,107
05/03/2013,INT,NC,ASO,ES,Federal Contract Tower,1,7,16,1,25,0,0,52,8,60,1,7,68,9,85,28,6,34,119
05/04/2013,INT,NC,ASO,ES,Federal Contract Tower,0,0,13,0,13,0,0,27,0,27,0,0,40,0,40,2,0,2,42
05/05/2013,INT,NC,ASO,ES,Federal Contract Tower,0,5,22,0,27,0,0,0,0,0,0,5,22,0,27,0,0,0,27
05/06/2013,INT,NC,ASO,ES,Federal Contract Tower,2,6,27,0,35,0,0,0,0,0,2,6,27,0,35,0,0,0,35
05/07/2013,INT,NC,ASO,ES,Federal Contract Tower,2,8,24,0,34,0,1,9,0,10,2,9,33,0,44,16,0,16,60
05/08/2013,INT,NC,ASO,ES,Federal Contract Tower,0,13,29,0,42,0,0,9,0,9,0,13,38,0,51,0,0,0,51
05/09/2013,INT,NC,ASO,ES,Federal Contract Tower,2,6,31,2,41,0,1,79,5,85,2,7,110,7,126,38,10,48,174
05/10/2013,INT,NC,ASO,ES,Federal Contract Tower,0,7,38,0,45,0,1,58,1,60,0,8,96,1,105,73,0,73,178
05/11/2013,INT,NC,ASO,ES,Federal Contract Tower,2,1,15,0,18,0,0,125,18,143,2,1,140,18,161,112,26,138,299
05/12/2013,INT,NC,ASO,ES,Federal Contract Tower,0,6,18,0,24,0,3,23,0,26,0,9,41,0,50,0,0,0,50
05/13/2013,INT,NC,ASO,ES,Federal Contract Tower,2,4,32,0,38,0,0,36,0,36,2,4,68,0,74,26,0,26,100
05/14/2013,INT,NC,ASO,ES,Federal Contract Tower,0,5,30,0,35,0,84,0,0,84,0,89,30,0,119,60,0,60,179
05/15/2013,INT,NC,ASO,ES,Federal Contract Tower,1,6,35,2,44,0,3,77,2,82,1,9,112,4,126,44,0,44,170
05/16/2013,INT,NC,ASO,ES,Federal Contract Tower,0,11,35,0,46,0,3,60,0,63,0,14,95,0,109,60,6,66,175
05/17/2013,INT,NC,ASO,ES,Federal Contract Tower,0,1,38,0,39,0,1,58,0,59,0,2,96,0,98,61,0,61,159
05/18/2013,INT,NC,ASO,ES,Federal Contract Tower,1,7,20,1,29,0,0,11,0,11,1,7,31,1,40,0,0,0,40
05/19/2013,INT,NC,ASO,ES,Federal Contract Tower,0,5,25,0,30,0,0,1,0,1,0,5,26,0,31,0,0,0,31
05/20/2013,INT,NC,ASO,ES,Federal Contract Tower,2,5,37,0,44,0,3,30,0,33,2,8,67,0,77,20,0,20,97
05/21/2013,INT,NC,ASO,ES,Federal Contract Tower,0,8,29,0,37,0,3,39,0,42,0,11,68,0,79,26,0,26,105
05/22/2013,INT,NC,ASO,ES,Federal Contract Tower,0,5,19,0,24,0,0,39,1,40,0,5,58,1,64,48,0,48,112
05/23/2013,INT,NC,ASO,ES,Federal Contract Tower,0,7,33,0,40,0,1,48,0,49,0,8,81,0,89,26,6,32,121
05/24/2013,INT,NC,ASO,ES,Federal Contract Tower,0,9,30,0,39,0,0,28,0,28,0,9,58,0,67,10,0,10,77
05/25/2013,INT,NC,ASO,ES,Federal Contract Tower,0,2,15,0,17,0,2,74,0,76,0,4,89,0,93,56,0,56,149
05/26/2013,INT,NC,ASO,ES,Federal Contract Tower,0,0,7,0,7,0,4,58,0,62,0,4,65,0,69,24,0,24,93
05/27/2013,INT,NC,ASO,ES,Federal Contract Tower,0,2,20,0,22,0,8,36,0,44,0,10,56,0,66,42,0,42,108
05/28/2013,INT,NC,ASO,ES,Federal Contract Tower,2,7,27,2,38,0,1,34,0,35,2,8,61,2,73,30,0,30,103
05/29/2013,INT,NC,ASO,ES,Federal Contract Tower,0,6,32,0,38,0,7,81,0,88,0,13,113,0,126,64,0,64,190
05/30/2013,INT,NC,ASO,ES,Federal Contract Tower,1,4,30,0,35,0,3,91,0,94,1,7,121,0,129,36,0,36,165
05/31/2013,INT,NC,ASO,ES,Federal Contract Tower,0,2,43,4,49,0,0,61,3,64,0,2,104,7,113,60,6,66,179
06/01/2013,INT,NC,ASO,ES,Federal Contract Tower,2,1,31,0,34,0,1,53,2,56,2,2,84,2,90,66,0,66,156
06/02/2013,INT,NC,ASO,ES,Federal Contract Tower,0,5,11,0,16,0,0,9,0,9,0,5,20,0,25,24,0,24,49
06/03/2013,INT,NC,ASO,ES,Federal Contract Tower,0,10,20,0,30,0,2,16,0,18,0,12,36,0,48,30,0,30,78
06/04/2013,INT,NC,ASO,ES,Federal Contract Tower,0,1,21,0,22,0,2,71,2,75,0,3,92,2,97,62,0,62,159
06/05/2013,INT,NC,ASO,ES,Federal Contract Tower,2,8,28,0,38,0,0,46,0,46,2,8,74,0,84,102,0,102,186
06/06/2013,INT,NC,ASO,ES,Federal Contract Tower,0,8,40,0,48,0,0,0,0,0,0,8,40,0,48,0,0,0,48
06/07/2013,INT,NC,ASO,ES,Federal Contract Tower,0,5,11,0,16,0,0,0,0,0,0,5,11,0,16,0,0,0,16
06/08/2013,INT,NC,ASO,ES,Federal Contract Tower,0,1,20,0,21,0,7,48,5,60,0,8,68,5,81,54,10,64,145
06/09/2013,INT,NC,ASO,ES,Federal Contract Tower,0,5,19,0,24,0,4,40,5,49,0,9,59,5,73,18,0,18,91
06/10/2013,INT,NC,ASO,ES,Federal Contract Tower,2,8,15,0,25,0,1,5,0,6,2,9,20,0,31,0,0,0,31
06/11/2013,INT,NC,ASO,ES,Federal Contract Tower,0,13,29,0,42,0,5,67,1,73,0,18,96,1,115,36,0,36,151
06/12/2013,INT,NC,ASO,ES,Federal Contract Tower,0,6,35,0,41,0,0,50,10,60,0,6,85,10,101,98,8,106,207
06/13/2013,INT,NC,ASO,ES,Federal Contract Tower,0,2,29,0,31,0,3,51,0,54,0,5,80,0,85,18,0,18,103
06/14/2013,INT,NC,ASO,ES,Federal Contract Tower,2,2,23,0,27,0,2,42,16,60,2,4,65,16,87,28,0,28,115
06/15/2013,INT,NC,ASO,ES,Federal Contract Tower,1,2,14,0,17,0,0,70,0,70,1,2,84,0,87,40,0,40,127
06/16/2013,INT,NC,ASO,ES,Federal Contract Tower,0,7,17,0,24,0,2,27,0,29,0,9,44,0,53,4,0,4,57
06/17/2013,INT,NC,ASO,ES,Federal Contract Tower,0,7,36,0,43,0,0,43,1,44,0,7,79,1,87,36,0,36,123
06/18/2013,INT,NC,ASO,ES,Federal Contract Tower,0,8,21,0,29,0,2,5,0,7,0,10,26,0,36,32,0,32,68
06/19/2013,INT,NC,ASO,ES,Federal Contract Tower,4,11,34,3,52,0,3,80,6,89,4,14,114,9,141,100,8,108,249
06/20/2013,INT,NC,ASO,ES,Federal Contract Tower,1,10,22,0,33,0,0,90,6,96,1,10,112,6,129,126,0,126,255
06/21/2013,INT,NC,ASO,ES,Federal Contract Tower,0,16,20,0,36,0,4,146,0,150,0,20,166,0,186,44,0,44,230
06/22/2013,INT,NC,ASO,ES,Federal Contract Tower,2,5,19,0,26,0,0,13,1,14,2,5,32,1,40,28,0,28,68
06/23/2013,INT,NC,ASO,ES,Federal Contract Tower,0,5,17,1,23,0,7,37,1,45,0,12,54,2,68,6,0,6,74
06/24/2013,INT,NC,ASO,ES,Federal Contract Tower,2,10,19,0,31,0,2,28,1,31,2,12,47,1,62,28,0,28,90
06/25/2013,INT,NC,ASO,ES,Federal Contract Tower,0,18,35,2,55,0,3,52,1,56,0,21,87,3,111,54,0,54,165
06/26/2013,INT,NC,ASO,ES,Federal Contract Tower,2,13,34,0,49,0,4,34,0,38,2,17,68,0,87,48,0,48,135
06/27/2013,INT,NC,ASO,ES,Federal Contract Tower,0,6,31,0,37,0,0,61,0,61,0,6,92,0,98,50,0,50,148
06/28/2013,INT,NC,ASO,ES,Federal Contract Tower,0,6,22,0,28,0,0,112,0,112,0,6,134,0,140,58,0,58,198
06/29/2013,INT,NC,ASO,ES,Federal Contract Tower,0,1,20,0,21,0,0,61,0,61,0,1,81,0,82,68,0,68,150
06/30/2013,INT,NC,ASO,ES,Federal Contract Tower,2,7,27,0,36,0,0,16,0,16,2,7,43,0,52,26,0,26,78
07/01/2013,INT,NC,ASO,ES,Federal Contract Tower,0,2,22,0,24,0,2,43,0,45,0,4,65,0,69,48,0,48,117
07/02/2013,INT,NC,ASO,ES,Federal Contract Tower,1,9,19,0,29,0,0,0,0,0,1,9,19,0,29,2,0,2,31
07/03/2013,INT,NC,ASO,ES,Federal Contract Tower,0,6,20,0,26,0,0,2,0,2,0,6,22,0,28,4,0,4,32
07/04/2013,INT,NC,ASO,ES,Federal Contract Tower,0,0,10,0,10,0,0,18,1,19,0,0,28,1,29,40,6,46,75
07/05/2013,INT,NC,ASO,ES,Federal Contract Tower,0,2,27,0,29,0,0,31,0,31,0,2,58,0,60,10,0,10,70
07/06/2013,INT,NC,ASO,ES,Federal Contract Tower,0,2,7,3,12,0,0,27,3,30,0,2,34,6,42,34,0,34,76
07/07/2013,INT,NC,ASO,ES,Federal Contract Tower,0,5,16,0,21,0,4,11,0,15,0,9,27,0,36,22,0,22,58
07/08/2013,INT,NC,ASO,ES,Federal Contract Tower,1,2,20,2,25,0,4,20,3,27,1,6,40,5,52,30,0,30,82
07/09/2013,INT,NC,ASO,ES,Federal Contract Tower,0,10,35,0,45,0,4,49,2,55,0,14,84,2,100,114,0,114,214
07/10/2013,INT,NC,ASO,ES,Federal Contract Tower,0,2,33,0,35,0,2,74,6,82,0,4,107,6,117,102,0,102,219
07/11/2013,INT,NC,ASO,ES,Federal Contract Tower,4,2,25,5,36,0,0,2,0,2,4,2,27,5,38,6,0,6,44
07/12/2013,INT,NC,ASO,ES,Federal Contract Tower,0,4,27,0,31,0,2,29,0,31,0,6,56,0,62,54,0,54,116
07/13/2013,INT,NC,ASO,ES,Federal Contract Tower,0,4,16,0,20,0,0,4,0,4,0,4,20,0,24,8,0,8,32
07/14/2013,INT,NC,ASO,ES,Federal Contract Tower,0,3,16,2,21,0,0,24,3,27,0,3,40,5,48,16,0,16,64
07/15/2013,INT,NC,ASO,ES,Federal Contract Tower,0,6,28,0,34,0,0,90,6,96,0,6,118,6,130,68,0,68,198
07/16/2013,INT,NC,ASO,ES,Federal Contract Tower,0,6,33,0,39,0,0,106,2,108,0,6,139,2,147,74,8,82,229
07/17/2013,INT,NC,ASO,ES,Federal Contract Tower,0,2,29,0,31,0,0,56,0,56,0,2,85,0,87,76,0,76,163
07/18/2013,INT,NC,ASO,ES,Federal Contract Tower,1,4,43,0,48,0,4,117,1,122,1,8,160,1,170,136,0,136,306
07/19/2013,INT,NC,ASO,ES,Federal Contract Tower,3,4,30,0,37,0,1,57,0,58,3,5,87,0,95,36,0,36,131
07/20/2013,INT,NC,ASO,ES,Federal Contract Tower,0,1,13,0,14,0,0,8,6,14,0,1,21,6,28,60,0,60,88
07/21/2013,INT,NC,ASO,ES,Federal Contract Tower,2,5,20,0,27,0,0,72,2,74,2,5,92,2,101,56,12,68,169
07/22/2013,INT,NC,ASO,ES,Federal Contract Tower,0,3,27,0,30,0,0,19,0,19,0,3,46,0,49,36,0,36,85
07/23/2013,INT,NC,ASO,ES,Federal Contract Tower,2,1,52,0,55,0,0,100,5,105,2,1,152,5,160,78,8,86,246
07/24/2013,INT,NC,ASO,ES,Federal Contract Tower,0,3,25,1,29,0,0,72,1,73,0,3,97,2,102,74,0,74,176
07/25/2013,INT,NC,ASO,ES,Federal Contract Tower,0,2,41,4,47,0,0,99,20,119,0,2,140,24,166,116,36,152,318
07/26/2013,INT,NC,ASO,ES,Federal Contract Tower,0,1,21,2,24,0,0,69,3,72,0,1,90,5,96,40,0,40,136
07/27/2013,INT,NC,ASO,ES,Federal Contract Tower,0,1,19,0,20,0,0,0,0,0,0,1,19,0,20,0,0,0,20
07/28/2013,INT,NC,ASO,ES,Federal Contract Tower,0,2,27,0,29,0,1,4,2,7,0,3,31,2,36,2,0,2,38
07/29/2013,INT,NC,ASO,ES,Federal Contract Tower,0,3,22,0,25,0,2,63,5,70,0,5,85,5,95,32,8,40,135
07/30/2013,INT,NC,ASO,ES,Federal Contract Tower,2,6,26,0,34,0,2,54,7,63,2,8,80,7,97,50,8,58,155
07/31/2013,INT,NC,ASO,ES,Federal Contract Tower,2,11,20,1,34,0,4,53,2,59,2,15,73,3,93,8,0,8,101
08/01/2013,INT,NC,ASO,ES,Federal Contract Tower,0,9,28,4,41,0,4,62,3,69,0,13,90,7,110,38,0,38,148
08/02/2013,INT,NC,ASO,ES,Federal Contract Tower,0,7,23,0,30,0,5,116,2,123,0,12,139,2,153,112,8,120,273
08/03/2013,INT,NC,ASO,ES,Federal Contract Tower,0,3,18,0,21,0,0,56,0,56,0,3,74,0,77,38,0,38,115
08/04/2013,INT,NC,ASO,ES,Federal Contract Tower,0,4,17,0,21,0,9,48,2,59,0,13,65,2,80,16,0,16,96
08/05/2013,INT,NC,ASO,ES,Federal Contract Tower,0,1,17,0,18,0,2,70,2,74,0,3,87,2,92,20,8,28,120
08/06/2013,INT,NC,ASO,ES,Federal Contract Tower,0,10,36,1,47,0,3,33,1,37,0,13,69,2,84,58,0,58,142
08/07/2013,INT,NC,ASO,ES,Federal Contract Tower,0,7,43,0,50,0,2,19,2,23,0,9,62,2,73,24,0,24,97
08/08/2013,INT,NC,ASO,ES,Federal Contract Tower,3,3,31,6,43,0,0,79,2,81,3,3,110,8,124,114,6,120,244
08/09/2013,INT,NC,ASO,ES,Federal Contract Tower,0,6,35,0,41,0,0,57,0,57,0,6,92,0,98,62,0,62,160
08/10/2013,INT,NC,ASO,ES,Federal Contract Tower,0,1,17,0,18,0,0,29,0,29,0,1,46,0,47,38,0,38,85
08/11/2013,INT,NC,ASO,ES,Federal Contract Tower,0,8,15,0,23,0,4,14,0,18,0,12,29,0,41,2,0,2,43
08/12/2013,INT,NC,ASO,ES,Federal Contract Tower,0,1,38,0,39,0,2,37,1,40,0,3,75,1,79,48,0,48,127
08/13/2013,INT,NC,ASO,ES,Federal Contract Tower,2,2,29,0,33,0,2,38,0,40,2,4,67,0,73,48,0,48,121
08/14/2013,INT,NC,ASO,ES,Federal Contract Tower,0,10,32,0,42,0,3,50,0,53,0,13,82,0,95,66,0,66,161
08/15/2013,INT,NC,ASO,ES,Federal Contract Tower,0,3,31,5,39,0,3,107,4,114,0,6,138,9,153,92,8,100,253
08/16/2013,INT,NC,ASO,ES,Federal Contract Tower,2,7,26,0,35,0,0,63,0,63,2,7,89,0,98,86,0,86,184
08/17/2013,INT,NC,ASO,ES,Federal Contract Tower,0,3,10,8,21,0,0,3,0,3,0,3,13,8,24,0,0,0,24
08/18/2013,INT,NC,ASO,ES,Federal Contract Tower,0,5,26,0,31,0,2,11,0,13,0,7,37,0,44,22,0,22,66
08/19/2013,INT,NC,ASO,ES,Federal Contract Tower,0,6,19,0,25,0,2,0,0,2,0,8,19,0,27,0,0,0,27
08/20/2013,INT,NC,ASO,ES,Federal Contract Tower,0,4,31,0,35,0,1,37,0,38,0,5,68,0,73,36,0,36,109
08/21/2013,INT,NC,ASO,ES,Federal Contract Tower,0,5,31,0,36,0,0,31,0,31,0,5,62,0,67,32,0,32,99
08/22/2013,INT,NC,ASO,ES,Federal Contract Tower,0,4,35,2,41,0,3,81,4,88,0,7,116,6,129,70,0,70,199
08/23/2013,INT,NC,ASO,ES,Federal Contract Tower,0,8,33,0,41,0,3,87,0,90,0,11,120,0,131,66,0,66,197
08/24/2013,INT,NC,ASO,ES,Federal Contract Tower,0,4,30,3,37,0,0,79,7,86,0,4,109,10,123,82,4,86,209
08/25/2013,INT,NC,ASO,ES,Federal Contract Tower,0,4,24,0,28,0,0,73,7,80,0,4,97,7,108,18,0,18,126
08/26/2013,INT,NC,ASO,ES,Federal Contract Tower,0,4,31,2,37,0,2,113,4,119,0,6,144,6,156,78,2,80,236
08/27/2013,INT,NC,ASO,ES,Federal Contract Tower,2,3,58,0,63,0,1,82,0,83,2,4,140,0,146,52,0,52,198
08/28/2013,INT,NC,ASO,ES,Federal Contract Tower,0,6,24,3,33,0,4,93,4,101,0,10,117,7,134,82,4,86,220
08/29/2013,INT,NC,ASO,ES,Federal Contract Tower,1,4,38,0,43,0,1,84,0,85,1,5,122,0,128,130,0,130,258
08/30/2013,INT,NC,ASO,ES,Federal Contract Tower,0,5,35,0,40,0,0,58,0,58,0,5,93,0,98,58,0,58,156
08/31/2013,INT,NC,ASO,ES,Federal Contract Tower,0,1,6,0,7,0,0,21,0,21,0,1,27,0,28,8,0,8,36
09/01/2013,INT,NC,ASO,ES,Federal Contract Tower,0,1,8,0,9,0,0,18,0,18,0,1,26,0,27,22,0,22,49
09/02/2013,INT,NC,ASO,ES,Federal Contract Tower,0,5,20,0,25,0,0,35,0,35,0,5,55,0,60,36,0,36,96
09/03/2013,INT,NC,ASO,ES,Federal Contract Tower,2,2,26,0,30,0,0,57,0,57,2,2,83,0,87,68,0,68,155
09/04/2013,INT,NC,ASO,ES,Federal Contract Tower,0,11,30,4,45,0,0,80,14,94,0,11,110,18,139,66,14,80,219
09/05/2013,INT,NC,ASO,ES,Federal Contract Tower,0,5,32,2,39,0,0,69,8,77,0,5,101,10,116,52,18,70,186
09/06/2013,INT,NC,ASO,ES,Federal Contract Tower,0,2,29,0,31,0,1,60,4,65,0,3,89,4,96,54,0,54,150
09/07/2013,INT,NC,ASO,ES,Federal Contract Tower,0,2,18,1,21,0,0,68,1,69,0,2,86,2,90,40,0,40,130
09/08/2013,INT,NC,ASO,ES,Federal Contract Tower,0,2,20,0,22,0,1,58,0,59,0,3,78,0,81,36,0,36,117
09/09/2013,INT,NC,ASO,ES,Federal Contract Tower,0,2,21,0,23,0,8,38,0,46,0,10,59,0,69,18,0,18,87
09/10/2013,INT,NC,ASO,ES,Federal Contract Tower,0,12,30,0,42,0,7,51,0,58,0,19,81,0,100,74,0,74,174
09/11/2013,INT,NC,ASO,ES,Federal Contract Tower,2,8,27,2,39,0,2,65,10,77,2,10,92,12,116,28,4,32,148
09/12/2013,INT,NC,ASO,ES,Federal Contract Tower,0,17,27,1,45,0,2,42,1,45,0,19,69,2,90,14,0,14,104
09/13/2013,INT,NC,ASO,ES,Federal Contract Tower,0,7,36,0,43,0,1,50,0,51,0,8,86,0,94,30,0,30,124
09/14/2013,INT,NC,ASO,ES,Federal Contract Tower,1,5,20,0,26,0,0,73,4,77,1,5,93,4,103,22,0,22,125
09/15/2013,INT,NC,ASO,ES,Federal Contract Tower,0,7,28,0,35,0,4,58,2,64,0,11,86,2,99,24,0,24,123
09/16/2013,INT,NC,ASO,ES,Federal Contract Tower,0,1,26,0,27,0,0,48,0,48,0,1,74,0,75,28,0,28,103
09/17/2013,INT,NC,ASO,ES,Federal Contract Tower,0,9,31,0,40,0,4,68,0,72,0,13,99,0,112,54,0,54,166
09/18/2013,INT,NC,ASO,ES,Federal Contract Tower,0,4,39,0,43,0,0,48,0,48,0,4,87,0,91,42,0,42,133
09/19/2013,INT,NC,ASO,ES,Federal Contract Tower,0,8,50,2,60,0,0,121,2,123,0,8,171,4,183,94,4,98,281
09/20/2013,INT,NC,ASO,ES,Federal Contract Tower,2,6,35,1,44,0,2,61,8,71,2,8,96,9,115,20,0,20,135
09/21/2013,INT,NC,ASO,ES,Federal Contract Tower,0,2,2,0,4,0,0,0,0,0,0,2,2,0,4,0,0,0,4
09/22/2013,INT,NC,ASO,ES,Federal Contract Tower,0,1,12,0,13,0,6,73,13,92,0,7,85,13,105,0,66,66,171
09/23/2013,INT,NC,ASO,ES,Federal Contract Tower,0,3,25,0,28,0,3,80,1,84,0,6,105,1,112,12,0,12,124
09/24/2013,INT,NC,ASO,ES,Federal Contract Tower,0,12,26,0,38,0,9,41,0,50,0,21,67,0,88,18,0,18,106
09/25/2013,INT,NC,ASO,ES,Federal Contract Tower,0,4,35,0,39,0,1,36,1,38,0,5,71,1,77,18,0,18,95
09/26/2013,INT,NC,ASO,ES,Federal Contract Tower,0,5,44,0,49,0,4,88,0,92,0,9,132,0,141,50,0,50,191
09/27/2013,INT,NC,ASO,ES,Federal Contract Tower,0,8,41,0,49,0,2,111,0,113,0,10,152,0,162,50,0,50,212
09/28/2013,INT,NC,ASO,ES,Federal Contract Tower,0,3,18,0,21,0,1,51,0,52,0,4,69,0,73,32,0,32,105
09/29/2013,INT,NC,ASO,ES,Federal Contract Tower,0,4,19,0,23,0,7,59,1,67,0,11,78,1,90,26,0,26,116
09/30/2013,INT,NC,ASO,ES,Federal Contract Tower,0,9,22,0,31,0,6,41,2,49,0,15,63,2,80,16,0,16,96
10/01/2013,INT,NC,ASO,ES,Federal Contract Tower,0,13,34,0,47,0,4,38,0,42,0,17,72,0,89,20,0,20,109
10/02/2013,INT,NC,ASO,ES,Federal Contract Tower,0,8,25,0,33,0,4,91,0,95,0,12,116,0,128,2,0,2,130
10/03/2013,INT,NC,ASO,ES,Federal Contract Tower,0,9,27,0,36,0,7,55,0,62,0,16,82,0,98,46,0,46,144
10/04/2013,INT,NC,ASO,ES,Federal Contract Tower,0,19,41,0,60,0,9,99,0,108,0,28,140,0,168,28,0,28,196
10/05/2013,INT,NC,ASO,ES,Federal Contract Tower,2,4,28,0,34,0,0,73,0,73,2,4,101,0,107,4,0,4,111
10/06/2013,INT,NC,ASO,ES,Federal Contract Tower,0,18,38,0,56,0,8,32,0,40,0,26,70,0,96,4,0,4,100
10/07/2013,INT,NC,ASO,ES,Federal Contract Tower,0,6,16,0,22,0,5,9,0,14,0,11,25,0,36,14,0,14,50
10/08/2013,INT,NC,ASO,ES,Federal Contract Tower,0,4,24,0,28,0,4,26,0,30,0,8,50,0,58,16,0,16,74
10/09/2013,INT,NC,ASO,ES,Federal Contract Tower,2,4,44,0,50,0,1,57,0,58,2,5,101,0,108,32,0,32,140
10/10/2013,INT,NC,ASO,ES,Federal Contract Tower,0,12,37,0,49,0,0,31,0,31,0,12,68,0,80,20,0,20,100
10/11/2013,INT,NC,ASO,ES,Federal Contract Tower,0,8,42,0,50,0,0,40,0,40,0,8,82,0,90,52,0,52,142
10/12/2013,INT,NC,ASO,ES,Federal Contract Tower,0,1,16,0,17,0,2,42,0,44,0,3,58,0,61,48,0,48,109
10/13/2013,INT,NC,ASO,ES,Federal Contract Tower,0,6,32,0,38,0,1,0,0,1,0,7,32,0,39,0,0,0,39
10/14/2013,INT,NC,ASO,ES,Federal Contract Tower,1,5,35,0,41,0,1,12,0,13,1,6,47,0,54,14,0,14,68
10/15/2013,INT,NC,ASO,ES,Federal Contract Tower,0,11,45,0,56,0,0,81,0,81,0,11,126,0,137,40,0,40,177
10/16/2013,INT,NC,ASO,ES,Federal Contract Tower,0,10,46,0,56,0,7,70,0,77,0,17,116,0,133,48,0,48,181
10/17/2013,INT,NC,ASO,ES,Federal Contract Tower,0,3,23,0,26,0,1,60,0,61,0,4,83,0,87,60,0,60,147
10/18/2013,INT,NC,ASO,ES,Federal Contract Tower,0,7,41,4,52,0,2,117,1,120,0,9,158,5,172,48,0,48,220
10/19/2013,INT,NC,ASO,ES,Federal Contract Tower,0,6,30,0,36,0,1,1,0,2,0,7,31,0,38,0,0,0,38
10/20/2013,INT,NC,ASO,ES,Federal Contract Tower,0,5,34,0,39,0,1,65,0,66,0,6,99,0,105,8,0,8,113
10/21/2013,INT,NC,ASO,ES,Federal Contract Tower,0,5,33,0,38,0,3,67,0,70,0,8,100,0,108,46,0,46,154
10/22/2013,INT,NC,ASO,ES,Federal Contract Tower,2,3,37,0,42,0,2,66,0,68,2,5,103,0,110,22,0,22,132
10/23/2013,INT,NC,ASO,ES,Federal Contract Tower,0,7,23,0,30,0,3,20,0,23,0,10,43,0,53,0,0,0,53
10/24/2013,INT,NC,ASO,ES,Federal Contract Tower,1,7,37,0,45,0,2,66,0,68,1,9,103,0,113,18,0,18,131
10/25/2013,INT,NC,ASO,ES,Federal Contract Tower,0,9,26,0,35,0,10,43,0,53,0,19,69,0,88,38,0,38,126
10/26/2013,INT,NC,ASO,ES,Federal Contract Tower,0,6,14,0,20,0,3,62,4,69,0,9,76,4,89,22,6,28,117
10/27/2013,INT,NC,ASO,ES,Federal Contract Tower,0,6,19,0,25,0,6,63,3,72,0,12,82,3,97,24,0,24,121
10/28/2013,INT,NC,ASO,ES,Federal Contract Tower,0,4,23,0,27,0,3,45,1,49,0,7,68,1,76,28,0,28,104
10/29/2013,INT,NC,ASO,ES,Federal Contract Tower,0,9,37,0,46,0,0,100,0,100,0,9,137,0,146,30,0,30,176
10/30/2013,INT,NC,ASO,ES,Federal Contract Tower,0,0,43,0,43,0,3,69,12,84,0,3,112,12,127,58,0,58,185
10/31/2013,INT,NC,ASO,ES,Federal Contract Tower,1,5,34,1,41,0,5,64,2,71,1,10,98,3,112,54,0,54,166
11/01/2013,INT,NC,ASO,ES,Federal Contract Tower,0,5,49,0,54,0,0,4,0,4,0,5,53,0,58,8,0,8,66
11/02/2013,INT,NC,ASO,ES,Federal Contract Tower,0,3,13,0,16,0,0,37,0,37,0,3,50,0,53,2,0,2,55
11/03/2013,INT,NC,ASO,ES,Federal Contract Tower,0,2,18,0,20,0,1,41,1,43,0,3,59,1,63,40,0,40,103
11/04/2013,INT,NC,ASO,ES,Federal Contract Tower,1,1,16,0,18,0,4,29,2,35,1,5,45,2,53,46,0,46,99
11/05/2013,INT,NC,ASO,ES,Federal Contract Tower,0,4,25,0,29,0,0,23,0,23,0,4,48,0,52,52,0,52,104
11/06/2013,INT,NC,ASO,ES,Federal Contract Tower,0,11,17,0,28,0,3,47,0,50,0,14,64,0,78,34,0,34,112
11/07/2013,INT,NC,ASO,ES,Federal Contract Tower,0,18,30,0,48,0,4,53,0,57,0,22,83,0,105,50,6,56,161
11/08/2013,INT,NC,ASO,ES,Federal Contract Tower,1,13,36,0,50,0,4,61,0,65,1,17,97,0,115,12,0,12,127
11/09/2013,INT,NC,ASO,ES,Federal Contract Tower,0,7,31,0,38,0,12,60,16,88,0,19,91,16,126,42,16,58,184
11/10/2013,INT,NC,ASO,ES,Federal Contract Tower,0,14,25,0,39,0,10,42,3,55,0,24,67,3,94,44,0,44,138
11/11/2013,INT,NC,ASO,ES,Federal Contract Tower,1,4,10,0,15,0,2,76,0,78,1,6,86,0,93,50,0,50,143
11/12/2013,INT,NC,ASO,ES,Federal Contract Tower,0,6,18,0,24,0,3,19,0,22,0,9,37,0,46,20,0,20,66
11/13/2013,INT,NC,ASO,ES,Federal Contract Tower,0,5,29,1,35,0,0,77,1,78,0,5,106,2,113,78,6,84,197
11/14/2013,INT,NC,ASO,ES,Federal Contract Tower,0,12,43,0,55,0,0,106,0,106,0,12,149,0,161,80,0,80,241
11/15/2013,INT,NC,ASO,ES,Federal Contract Tower,2,5,23,1,31,0,1,66,3,70,2,6,89,4,101,52,0,52,153
11/16/2013,INT,NC,ASO,ES,Federal Contract Tower,0,7,10,0,17,0,0,0,0,0,0,7,10,0,17,0,0,0,17
11/17/2013,INT,NC,ASO,ES,Federal Contract Tower,3,9,15,0,27,0,0,0,0,0,3,9,15,0,27,0,0,0,27
11/18/2013,INT,NC,ASO,ES,Federal Contract Tower,0,4,15,0,19,0,3,41,0,44,0,7,56,0,63,26,0,26,89
11/19/2013,INT,NC,ASO,ES,Federal Contract Tower,0,5,25,3,33,0,4,47,0,51,0,9,72,3,84,58,8,66,150
11/20/2013,INT,NC,ASO,ES,Federal Contract Tower,0,7,22,0,29,0,3,40,2,45,0,10,62,2,74,58,0,58,132
11/21/2013,INT,NC,ASO,ES,Federal Contract Tower,0,13,29,0,42,0,6,93,0,99,0,19,122,0,141,90,0,90,231
11/22/2013,INT,NC,ASO,ES,Federal Contract Tower,0,1,33,0,34,0,0,20,2,22,0,1,53,2,56,26,0,26,82
11/23/2013,INT,NC,ASO,ES,Federal Contract Tower,0,3,21,0,24,0,3,59,6,68,0,6,80,6,92,20,0,20,112
11/24/2013,INT,NC,ASO,ES,Federal Contract Tower,0,3,20,0,23,0,0,34,2,36,0,3,54,2,59,54,0,54,113
11/25/2013,INT,NC,ASO,ES,Federal Contract Tower,0,7,35,0,42,0,0,55,0,55,0,7,90,0,97,14,0,14,111
11/26/2013,INT,NC,ASO,ES,Federal Contract Tower,0,11,12,0,23,0,0,0,0,0,0,11,12,0,23,0,0,0,23
11/27/2013,INT,NC,ASO,ES,Federal Contract Tower,0,7,14,0,21,0,6,13,0,19,0,13,27,0,40,2,0,2,42
11/28/2013,INT,NC,ASO,ES,Federal Contract Tower,0,0,6,0,6,0,2,13,0,15,0,2,19,0,21,6,0,6,27
11/29/2013,INT,NC,ASO,ES,Federal Contract Tower,0,2,16,0,18,0,0,49,0,49,0,2,65,0,67,2,0,2,69
11/30/2013,INT,NC,ASO,ES,Federal Contract Tower,2,3,24,0,29,0,1,99,0,100,2,4,123,0,129,40,0,40,169
12/01/2013,INT,NC,ASO,ES,Federal Contract Tower,2,7,27,0,36,0,0,58,0,58,2,7,85,0,94,22,0,22,116
12/02/2013,INT,NC,ASO,ES,Federal Contract Tower,0,8,36,0,44,0,2,16,2,20,0,10,52,2,64,0,0,0,64
12/03/2013,INT,NC,ASO,ES,Federal Contract Tower,2,12,23,0,37,0,1,49,0,50,2,13,72,0,87,2,0,2,89
12/04/2013,INT,NC,ASO,ES,Federal Contract Tower,1,9,34,0,44,0,0,0,0,0,1,9,34,0,44,0,0,0,44
12/05/2013,INT,NC,ASO,ES,Federal Contract Tower,0,18,37,0,55,0,0,0,0,0,0,18,37,0,55,0,0,0,55
12/06/2013,INT,NC,ASO,ES,Federal Contract Tower,0,6,29,0,35,0,0,24,0,24,0,6,53,0,59,10,0,10,69
12/07/2013,INT,NC,ASO,ES,Federal Contract Tower,0,3,12,0,15,0,0,17,0,17,0,3,29,0,32,2,0,2,34
12/08/2013,INT,NC,ASO,ES,Federal Contract Tower,0,1,4,0,5,0,0,0,0,0,0,1,4,0,5,0,0,0,5
12/09/2013,INT,NC,ASO,ES,Federal Contract Tower,0,3,7,0,10,0,0,0,0,0,0,3,7,0,10,0,0,0,10
12/10/2013,INT,NC,ASO,ES,Federal Contract Tower,0,8,24,0,32,0,0,10,0,10,0,8,34,0,42,4,0,4,46
12/11/2013,INT,NC,ASO,ES,Federal Contract Tower,2,7,32,0,41,0,6,55,0,61,2,13,87,0,102,44,0,44,146
12/12/2013,INT,NC,ASO,ES,Federal Contract Tower,0,2,29,0,31,0,2,51,2,55,0,4,80,2,86,10,0,10,96
12/13/2013,INT,NC,ASO,ES,Federal Contract Tower,0,4,25,1,30,0,1,71,4,76,0,5,96,5,106,36,0,36,142
12/14/2013,INT,NC,ASO,ES,Federal Contract Tower,0,6,21,0,27,0,0,0,0,0,0,6,21,0,27,0,0,0,27
12/15/2013,INT,NC,ASO,ES,Federal Contract Tower,0,8,15,0,23,0,2,32,0,34,0,10,47,0,57,36,0,36,93
12/16/2013,INT,NC,ASO,ES,Federal Contract Tower,0,8,31,2,41,0,7,43,3,53,0,15,74,5,94,18,4,22,116
12/17/2013,INT,NC,ASO,ES,Federal Contract Tower,0,12,40,5,57,0,9,45,19,73,0,21,85,24,130,36,2,38,168
12/18/2013,INT,NC,ASO,ES,Federal Contract Tower,0,8,33,1,42,0,2,64,0,66,0,10,97,1,108,58,0,58,166
12/19/2013,INT,NC,ASO,ES,Federal Contract Tower,0,9,39,0,48,0,0,73,10,83,0,9,112,10,131,38,0,38,169
12/20/2013,INT,NC,ASO,ES,Federal Contract Tower,0,2,20,0,22,0,5,46,0,51,0,7,66,0,73,44,0,44,117
12/21/2013,INT,NC,ASO,ES,Federal Contract Tower,0,5,23,0,28,0,0,67,0,67,0,5,90,0,95,108,0,108,203
12/22/2013,INT,NC,ASO,ES,Federal Contract Tower,0,2,11,0,13,0,0,0,0,0,0,2,11,0,13,0,0,0,13
12/23/2013,INT,NC,ASO,ES,Federal Contract Tower,0,2,17,0,19,0,2,1,0,3,0,4,18,0,22,0,0,0,22
12/24/2013,INT,NC,ASO,ES,Federal Contract Tower,0,0,7,0,7,0,2,23,0,25,0,2,30,0,32,0,0,0,32
12/25/2013,INT,NC,ASO,ES,Federal Contract Tower,0,0,4,0,4,0,4,7,0,11,0,4,11,0,15,0,0,0,15
12/26/2013,INT,NC,ASO,ES,Federal Contract Tower,2,0,14,0,16,0,0,62,5,67,2,0,76,5,83,24,0,24,107
12/27/2013,INT,NC,ASO,ES,Federal Contract Tower,0,4,17,0,21,0,0,74,3,77,0,4,91,3,98,34,4,38,136
12/28/2013,INT,NC,ASO,ES,Federal Contract Tower,0,1,12,0,13,0,0,49,0,49,0,1,61,0,62,64,0,64,126
12/29/2013,INT,NC,ASO,ES,Federal Contract Tower,0,6,5,0,11,0,4,11,0,15,0,10,16,0,26,6,0,6,32
12/30/2013,INT,NC,ASO,ES,Federal Contract Tower,0,2,12,0,14,0,7,55,0,62,0,9,67,0,76,48,0,48,124
12/31/2013,INT,NC,ASO,ES,Federal Contract Tower,0,4,12,0,16,0,2,38,0,40,0,6,50,0,56,18,0,18,74
01/01/2014,INT,NC,ASO,ES,Federal Contract Tower,0,9,13,0,22,0,2,46,0,48,0,11,59,0,70,4,0,4,74
01/02/2014,INT,NC,ASO,ES,Federal Contract Tower,0,5,17,0,22,0,0,27,0,27,0,5,44,0,49,34,0,34,83
01/03/2014,INT,NC,ASO,ES,Federal Contract Tower,0,3,14,0,17,0,0,28,0,28,0,3,42,0,45,40,0,40,85
01/04/2014,INT,NC,ASO,ES,Federal Contract Tower,2,3,14,0,19,0,3,48,0,51,2,6,62,0,70,48,0,48,118
01/05/2014,INT,NC,ASO,ES,Federal Contract Tower,0,2,1,0,3,0,0,0,0,0,0,2,1,0,3,0,0,0,3
01/06/2014,INT,NC,ASO,ES,Federal Contract Tower,0,4,10,0,14,0,4,5,2,11,0,8,15,2,25,0,0,0,25
01/07/2014,INT,NC,ASO,ES,Federal Contract Tower,0,4,16,0,20,0,2,17,0,19,0,6,33,0,39,8,0,8,47
01/08/2014,INT,NC,ASO,ES,Federal Contract Tower,0,5,15,0,20,0,1,80,0,81,0,6,95,0,101,64,0,64,165
01/09/2014,INT,NC,ASO,ES,Federal Contract Tower,2,3,26,0,31,0,6,57,2,65,2,9,83,2,96,52,2,54,150
01/10/2014,INT,NC,ASO,ES,Federal Contract Tower,0,5,12,0,17,0,0,0,0,0,0,5,12,0,17,0,0,0,17
01/11/2014,INT,NC,ASO,ES,Federal Contract Tower,2,3,4,0,9,0,0,0,0,0,2,3,4,0,9,0,0,0,9
01/12/2014,INT,NC,ASO,ES,Federal Contract Tower,0,4,9,2,15,0,1,40,0,41,0,5,49,2,56,18,0,18,74
01/13/2014,INT,NC,ASO,ES,Federal Contract Tower,0,2,29,0,31,0,0,51,3,54,0,2,80,3,85,16,0,16,101
01/14/2014,INT,NC,ASO,ES,Federal Contract Tower,2,3,20,0,25,0,0,29,0,29,2,3,49,0,54,0,0,0,54
01/15/2014,INT,NC,ASO,ES,Federal Contract Tower,2,8,26,0,36,0,1,62,0,63,2,9,88,0,99,14,0,14,113
01/16/2014,INT,NC,ASO,ES,Federal Contract Tower,0,2,29,2,33,0,2,70,12,84,0,4,99,14,117,26,6,32,149
01/17/2014,INT,NC,ASO,ES,Federal Contract Tower,2,2,26,0,30,0,0,56,0,56,2,2,82,0,86,50,0,50,136
01/18/2014,INT,NC,ASO,ES,Federal Contract Tower,0,0,11,0,11,0,4,71,0,75,0,4,82,0,86,14,0,14,100
01/19/2014,INT,NC,ASO,ES,Federal Contract Tower,0,1,18,0,19,0,4,37,0,41,0,5,55,0,60,34,0,34,94
01/20/2014,INT,NC,ASO,ES,Federal Contract Tower,0,6,28,5,39,0,3,75,1,79,0,9,103,6,118,30,0,30,148
01/21/2014,INT,NC,ASO,ES,Federal Contract Tower,0,3,32,0,35,0,0,14,0,14,0,3,46,0,49,12,0,12,61
01/22/2014,INT,NC,ASO,ES,Federal Contract Tower,0,6,18,0,24,0,2,51,0,53,0,8,69,0,77,34,0,34,111
01/23/2014,INT,NC,ASO,ES,Federal Contract Tower,0,2,39,1,42,0,0,66,0,66,0,2,105,1,108,38,0,38,146
01/24/2014,INT,NC,ASO,ES,Federal Contract Tower,3,3,21,1,28,0,1,41,1,43,3,4,62,2,71,6,0,6,77
01/25/2014,INT,NC,ASO,ES,Federal Contract Tower,4,5,13,0,22,0,2,11,0,13,4,7,24,0,35,10,0,10,45
01/26/2014,INT,NC,ASO,ES,Federal Contract Tower,0,1,14,0,15,0,6,67,10,83,0,7,81,10,98,54,6,60,158
01/27/2014,INT,NC,ASO,ES,Federal Contract Tower,0,0,23,0,23,0,0,48,2,50,0,0,71,2,73,22,0,22,95
01/28/2014,INT,NC,ASO,ES,Federal Contract Tower,2,8,32,0,42,0,0,2,0,2,2,8,34,0,44,0,0,0,44
01/29/2014,INT,NC,ASO,ES,Federal Contract Tower,3,1,20,0,24,0,2,40,0,42,3,3,60,0,66,60,0,60,126
01/30/2014,INT,NC,ASO,ES,Federal Contract Tower,0,1,30,0,31,0,0,54,4,58,0,1,84,4,89,36,0,36,125
01/31/2014,INT,NC,ASO,ES,Federal Contract Tower,2,6,24,2,34,0,1,97,5,103,2,7,121,7,137,134,8,142,279
02/01/2014,INT,NC,ASO,ES,Federal Contract Tower,2,2,27,0,31,0,0,73,4,77,2,2,100,4,108,62,0,62,170
02/02/2014,INT,NC,ASO,ES,Federal Contract Tower,2,2,10,0,14,0,5,29,0,34,2,7,39,0,48,8,0,8,56
02/03/2014,INT,NC,ASO,ES,Federal Contract Tower,0,5,18,0,23,0,1,1,0,2,0,6,19,0,25,0,0,0,25
02/04/2014,INT,NC,ASO,ES,Federal Contract Tower,0,5,18,0,23,0,3,8,0,11,0,8,26,0,34,0,0,0,34
02/05/2014,INT,NC,ASO,ES,Federal Contract Tower,1,6,16,0,23,0,0,8,0,8,1,6,24,0,31,4,0,4,35
02/06/2014,INT,NC,ASO,ES,Federal Contract Tower,0,8,16,1,25,0,2,64,6,72,0,10,80,7,97,24,4,28,125
02/07/2014,INT,NC,ASO,ES,Federal Contract Tower,0,13,24,0,37,0,5,64,2,71,0,18,88,2,108,72,0,72,180
02/08/2014,INT,NC,ASO,ES,Federal Contract Tower,0,5,8,0,13,0,1,24,6,31,0,6,32,6,44,26,0,26,70
02/09/2014,INT,NC,ASO,ES,Federal Contract Tower,0,2,13,0,15,0,7,29,6,42,0,9,42,6,57,44,4,48,105
02/10/2014,INT,NC,ASO,ES,Federal Contract Tower,1,4,13,0,18,0,2,10,0,12,1,6,23,0,30,22,0,22,52
02/11/2014,INT,NC,ASO,ES,Federal Contract Tower,0,7,12,0,19,0,1,21,2,24,0,8,33,2,43,14,0,14,57
02/12/2014,INT,NC,ASO,ES,Federal Contract Tower,0,4,7,0,11,0,0,4,0,4,0,4,11,0,15,0,0,0,15
02/13/2014,INT,NC,ASO,ES,Federal Contract Tower,0,1,1,0,2,0,0,0,0,0,0,1,1,0,2,0,0,0,2
02/14/2014,INT,NC,ASO,ES,Federal Contract Tower,2,6,27,0,35,0,2,45,0,47,2,8,72,0,82,48,0,48,130
02/15/2014,INT,NC,ASO,ES,Federal Contract Tower,0,3,11,0,14,0,1,15,0,16,0,4,26,0,30,30,0,30,60
02/16/2014,INT,NC,ASO,ES,Federal Contract Tower,0,7,24,0,31,0,5,38,4,47,0,12,62,4,78,44,6,50,128
02/17/2014,INT,NC,ASO,ES,Federal Contract Tower,1,4,26,0,31,0,0,82,3,85,1,4,108,3,116,32,0,32,148
02/18/2014,INT,NC,ASO,ES,Federal Contract Tower,0,6,34,0,40,0,2,57,6,65,0,8,91,6,105,44,14,58,163
02/19/2014,INT,NC,ASO,ES,Federal Contract Tower,4,8,34,0,46,0,1,47,0,48,4,9,81,0,94,68,0,68,162
02/20/2014,INT,NC,ASO,ES,Federal Contract Tower,0,6,34,0,40,0,2,57,6,65,0,8,91,6,105,44,14,58,163
02/21/2014,INT,NC,ASO,ES,Federal Contract Tower,0,10,14,0,24,0,0,13,0,13,0,10,27,0,37,14,0,14,51
02/22/2014,INT,NC,ASO,ES,Federal Contract Tower,0,0,25,0,25,0,0,109,24,133,0,0,134,24,158,80,4,84,242
02/23/2014,INT,NC,ASO,ES,Federal Contract Tower,0,4,24,0,28,0,0,69,0,69,0,4,93,0,97,54,0,54,151
02/24/2014,INT,NC,ASO,ES,Federal Contract Tower,2,7,26,2,37,0,0,49,6,55,2,7,75,8,92,10,0,10,102
02/25/2014,INT,NC,ASO,ES,Federal Contract Tower,0,10,30,0,40,0,6,46,4,56,0,16,76,4,96,22,8,30,126
02/26/2014,INT,NC,ASO,ES,Federal Contract Tower,0,15,31,0,46,0,2,60,2,64,0,17,91,2,110,58,2,60,170
02/27/2014,INT,NC,ASO,ES,Federal Contract Tower,0,11,41,4,56,0,4,77,9,90,0,15,118,13,146,40,16,56,202
02/28/2014,INT,NC,ASO,ES,Federal Contract Tower,0,13,44,1,58,0,2,82,3,87,0,15,126,4,145,44,0,44,189
03/01/2014,INT,NC,ASO,ES,Federal Contract Tower,2,7,18,0,27,0,3,110,0,113,2,10,128,0,140,38,0,38,178
03/02/2014,INT,NC,ASO,ES,Federal Contract Tower,0,5,19,0,24,0,0,83,0,83,0,5,102,0,107,28,0,28,135
03/03/2014,INT,NC,ASO,ES,Federal Contract Tower,0,0,5,0,5,0,0,0,0,0,0,0,5,0,5,0,0,0,5
03/04/2014,INT,NC,ASO,ES,Federal Contract Tower,0,11,26,0,37,0,2,46,0,48,0,13,72,0,85,14,0,14,99
03/05/2014,INT,NC,ASO,ES,Federal Contract Tower,0,9,29,0,38,0,7,95,0,102,0,16,124,0,140,92,0,92,232
03/06/2014,INT,NC,ASO,ES,Federal Contract Tower,0,4,15,0,19,0,0,30,0,30,0,4,45,0,49,0,0,0,49
03/07/2014,INT,NC,ASO,ES,Federal Contract Tower,0,8,21,0,29,0,0,1,0,1,0,8,22,0,30,0,0,0,30
03/08/2014,INT,NC,ASO,ES,Federal Contract Tower,2,6,28,5,41,0,5,87,14,106,2,11,115,19,147,114,0,114,261
03/09/2014,INT,NC,ASO,ES,Federal Contract Tower,0,3,11,0,14,0,2,40,1,43,0,5,51,1,57,34,0,34,91
03/10/2014,INT,NC,ASO,ES,Federal Contract Tower,0,6,27,0,33,0,4,59,0,63,0,10,86,0,96,14,0,14,110
03/11/2014,INT,NC,ASO,ES,Federal Contract Tower,0,2,30,0,32,0,6,69,0,75,0,8,99,0,107,24,0,24,131
03/12/2014,INT,NC,ASO,ES,Federal Contract Tower,0,13,13,0,26,0,0,0,0,0,0,13,13,0,26,0,0,0,26
03/13/2014,INT,NC,ASO,ES,Federal Contract Tower,0,9,22,0,31,0,5,26,4,35,0,14,48,4,66,8,0,8,74
03/14/2014,INT,NC,ASO,ES,Federal Contract Tower,0,8,26,1,35,0,0,84,6,90,0,8,110,7,125,82,0,82,207
03/15/2014,INT,NC,ASO,ES,Federal Contract Tower,0,0,15,0,15,0,0,57,6,63,0,0,72,6,78,32,0,32,110
03/16/2014,INT,NC,ASO,ES,Federal Contract Tower,0,7,20,0,27,0,0,6,0,6,0,7,26,0,33,0,0,0,33
03/17/2014,INT,NC,ASO,ES,Federal Contract Tower,0,6,8,0,14,0,0,0,0,0,0,6,8,0,14,0,0,0,14
03/18/2014,INT,NC,ASO,ES,Federal Contract Tower,0,5,8,0,13,0,0,1,0,1,0,5,9,0,14,0,0,0,14
03/19/2014,INT,NC,ASO,ES,Federal Contract Tower,0,8,20,0,28,0,0,0,0,0,0,8,20,0,28,0,0,0,28
03/20/2014,INT,NC,ASO,ES,Federal Contract Tower,0,8,41,0,49,0,0,81,8,89,0,8,122,8,138,70,6,76,214
03/21/2014,INT,NC,ASO,ES,Federal Contract Tower,0,6,40,3,49,0,0,111,10,121,0,6,151,13,170,32,8,40,210
03/22/2014,INT,NC,ASO,ES,Federal Contract Tower,0,3,15,4,22,0,0,52,3,55,0,3,67,7,77,10,0,10,87
03/23/2014,INT,NC,ASO,ES,Federal Contract Tower,0,7,14,0,21,0,2,13,0,15,0,9,27,0,36,0,0,0,36
03/24/2014,INT,NC,ASO,ES,Federal Contract Tower,0,6,18,0,24,0,4,54,2,60,0,10,72,2,84,22,0,22,106
03/25/2014,INT,NC,ASO,ES,Federal Contract Tower,0,10,24,0,34,0,0,4,0,4,0,10,28,0,38,0,0,0,38
03/26/2014,INT,NC,ASO,ES,Federal Contract Tower,0,7,22,2,31,0,2,43,6,51,0,9,65,8,82,22,6,28,110
03/27/2014,INT,NC,ASO,ES,Federal Contract Tower,0,8,43,0,51,0,3,59,2,64,0,11,102,2,115,32,0,32,147
03/28/2014,INT,NC,ASO,ES,Federal Contract Tower,0,9,30,0,39,0,0,19,0,19,0,9,49,0,58,22,0,22,80
03/29/2014,INT,NC,ASO,ES,Federal Contract Tower,0,0,5,0,5,0,0,0,0,0,0,0,5,0,5,0,0,0,5
03/30/2014,INT,NC,ASO,ES,Federal Contract Tower,0,9,14,0,23,0,2,7,0,9,0,11,21,0,32,0,0,0,32
03/31/2014,INT,NC,ASO,ES,Federal Contract Tower,0,6,19,1,26,0,3,53,10,66,0,9,72,11,92,50,10,60,152
04/01/2014,INT,NC,ASO,ES,Federal Contract Tower,0,2,24,0,26,0,0,75,4,79,0,2,99,4,105,32,0,32,137
04/02/2014,INT,NC,ASO,ES,Federal Contract Tower,0,6,30,0,36,0,0,80,8,88,0,6,110,8,124,44,0,44,168
04/03/2014,INT,NC,ASO,ES,Federal Contract Tower,1,10,30,0,41,0,1,56,3,60,1,11,86,3,101,24,6,30,131
04/04/2014,INT,NC,ASO,ES,Federal Contract Tower,0,10,30,0,40,0,0,13,0,13,0,10,43,0,53,0,0,0,53
04/05/2014,INT,NC,ASO,ES,Federal Contract Tower,0,4,17,0,21,0,0,61,2,63,0,4,78,2,84,28,0,28,112
04/06/2014,INT,NC,ASO,ES,Federal Contract Tower,0,8,25,2,35,0,2,34,0,36,0,10,59,2,71,18,0,18,89
04/07/2014,INT,NC,ASO,ES,Federal Contract Tower,0,5,18,0,23,0,0,0,0,0,0,5,18,0,23,0,0,0,23
04/08/2014,INT,NC,ASO,ES,Federal Contract Tower,1,10,29,0,40,0,0,35,2,37,1,10,64,2,77,2,0,2,79
04/09/2014,INT,NC,ASO,ES,Federal Contract Tower,0,5,41,0,46,0,7,58,0,65,0,12,99,0,111,20,0,20,131
04/10/2014,INT,NC,ASO,ES,Federal Contract Tower,2,3,34,0,39,0,0,59,2,61,2,3,93,2,100,44,0,44,144
04/11/2014,INT,NC,ASO,ES,Federal Contract Tower,0,10,44,1,55,0,6,102,3,111,0,16,146,4,166,64,0,64,230
04/12/2014,INT,NC,ASO,ES,Federal Contract Tower,1,7,21,0,29,0,3,103,11,117,1,10,124,11,146,72,4,76,222
04/13/2014,INT,NC,ASO,ES,Federal Contract Tower,0,6,35,0,41,0,3,48,0,51,0,9,83,0,92,0,0,0,92
04/14/2014,INT,NC,ASO,ES,Federal Contract Tower,0,10,11,0,21,0,3,5,0,8,0,13,16,0,29,0,0,0,29
04/15/2014,INT,NC,ASO,ES,Federal Contract Tower,0,7,16,0,23,0,0,0,0,0,0,7,16,0,23,0,0,0,23
04/16/2014,INT,NC,ASO,ES,Federal Contract Tower,0,7,34,0,41,0,1,50,0,51,0,8,84,0,92,30,0,30,122
04/17/2014,INT,NC,ASO,ES,Federal Contract Tower,0,6,32,0,38,0,2,59,5,66,0,8,91,5,104,14,0,14,118
04/18/2014,INT,NC,ASO,ES,Federal Contract Tower,0,5,23,0,28,0,0,92,0,92,0,5,115,0,120,32,8,40,160
04/19/2014,INT,NC,ASO,ES,Federal Contract Tower,0,2,10,0,12,0,1,21,0,22,0,3,31,0,34,22,0,22,56
04/20/2014,INT,NC,ASO,ES,Federal Contract Tower,0,5,20,0,25,0,8,15,1,24,0,13,35,1,49,0,0,0,49
04/21/2014,INT,NC,ASO,ES,Federal Contract Tower,0,6,24,1,31,0,7,90,10,107,0,13,114,11,138,48,0,48,186
04/22/2014,INT,NC,ASO,ES,Federal Contract Tower,0,9,34,0,43,0,0,48,0,48,0,9,82,0,91,22,0,22,113
04/23/2014,INT,NC,ASO,ES,Federal Contract Tower,1,3,27,1,32,0,0,48,5,53,1,3,75,6,85,4,0,4,89
04/24/2014,INT,NC,ASO,ES,Federal Contract Tower,0,9,51,2,62,0,5,127,16,148,0,14,178,18,210,42,12,54,264
04/25/2014,INT,NC,ASO,ES,Federal Contract Tower,0,6,27,0,33,0,0,1,0,1,0,6,28,0,34,0,0,0,34
04/26/2014,INT,NC,ASO,ES,Federal Contract Tower,0,5,15,1,21,0,3,96,10,109,0,8,111,11,130,70,0,70,200
04/27/2014,INT,NC,ASO,ES,Federal Contract Tower,0,5,22,1,28,0,2,72,1,75,0,7,94,2,103,30,0,30,133
04/28/2014,INT,NC,ASO,ES,Federal Contract Tower,0,4,35,0,39,0,0,23,0,23,0,4,58,0,62,2,0,2,64
04/29/2014,INT,NC,ASO,ES,Federal Contract Tower,0,8,14,0,22,0,0,0,0,0,0,8,14,0,22,0,0,0,22
04/30/2014,INT,NC,ASO,ES,Federal Contract Tower,0,5,16,0,21,0,1,15,0,16,0,6,31,0,37,8,0,8,45
05/01/2014,INT,NC,ASO,ES,Federal Contract Tower,0,6,42,3,51,0,0,44,5,49,0,6,86,8,100,44,0,44,144
05/02/2014,INT,NC,ASO,ES,Federal Contract Tower,0,1,41,0,42,0,1,88,0,89,0,2,129,0,131,34,0,34,165
05/03/2014,INT,NC,ASO,ES,Federal Contract Tower,1,1,20,0,22,0,0,91,0,91,1,1,111,0,113,56,0,56,169
05/04/2014,INT,NC,ASO,ES,Federal Contract Tower,0,10,20,0,30,0,1,35,1,37,0,11,55,1,67,20,0,20,87
05/05/2014,INT,NC,ASO,ES,Federal Contract Tower,0,2,26,0,28,0,6,70,4,80,0,8,96,4,108,38,0,38,146
05/06/2014,INT,NC,ASO,ES,Federal Contract Tower,0,13,23,2,38,0,1,69,9,79,0,14,92,11,117,42,4,46,163
05/07/2014,INT,NC,ASO,ES,Federal Contract Tower,0,13,43,0,56,0,3,58,0,61,0,16,101,0,117,42,0,42,159
05/08/2014,INT,NC,ASO,ES,Federal Contract Tower,0,13,52,2,67,0,0,66,1,67,0,13,118,3,134,50,6,56,190
05/09/2014,INT,NC,ASO,ES,Federal Contract Tower,0,5,34,2,41,0,0,48,0,48,0,5,82,2,89,54,0,54,143
05/10/2014,INT,NC,ASO,ES,Federal Contract Tower,0,2,12,0,14,0,0,30,2,32,0,2,42,2,46,34,0,34,80
05/11/2014,INT,NC,ASO,ES,Federal Contract Tower,0,6,21,0,27,0,0,28,8,36,0,6,49,8,63,14,12,26,89
05/12/2014,INT,NC,ASO,ES,Federal Contract Tower,0,5,32,0,37,0,24,39,0,63,0,29,71,0,100,40,0,40,140
05/13/2014,INT,NC,ASO,ES,Federal Contract Tower,0,7,16,0,23,0,5,38,3,46,0,12,54,3,69,10,0,10,79
05/14/2014,INT,NC,ASO,ES,Federal Contract Tower,0,8,21,0,29,0,0,48,4,52,0,8,69,4,81,66,2,68,149
05/15/2014,INT,NC,ASO,ES,Federal Contract Tower,2,5,17,0,24,0,0,0,0,0,2,5,17,0,24,0,0,0,24
05/16/2014,INT,NC,ASO,ES,Federal Contract Tower,0,13,32,3,48,0,0,65,3,68,0,13,97,6,116,42,18,60,176
05/17/2014,INT,NC,ASO,ES,Federal Contract Tower,0,17,17,0,34,0,0,61,6,67,0,17,78,6,101,28,20,48,149
05/18/2014,INT,NC,ASO,ES,Federal Contract Tower,0,19,16,0,35,0,4,31,2,37,0,23,47,2,72,6,0,6,78
05/19/2014,INT,NC,ASO,ES,Federal Contract Tower,2,21,39,0,62,0,1,57,0,58,2,22,96,0,120,10,0,10,130
05/20/2014,INT,NC,ASO,ES,Federal Contract Tower,0,13,32,0,45,0,2,51,6,59,0,15,83,6,104,42,0,42,146
05/21/2014,INT,NC,ASO,ES,Federal Contract Tower,0,7,25,0,32,0,2,55,2,59,0,9,80,2,91,14,0,14,105
05/22/2014,INT,NC,ASO,ES,Federal Contract Tower,1,16,21,0,38,0,3,63,2,68,1,19,84,2,106,42,6,48,154
05/23/2014,INT,NC,ASO,ES,Federal Contract Tower,0,2,31,0,33,0,0,99,2,101,0,2,130,2,134,56,0,56,190
05/24/2014,INT,NC,ASO,ES,Federal Contract Tower,1,0,15,0,16,0,0,46,0,46,1,0,61,0,62,40,0,40,102
05/25/2014,INT,NC,ASO,ES,Federal Contract Tower,0,2,9,0,11,0,1,34,0,35,0,3,43,0,46,12,0,12,58
05/26/2014,INT,NC,ASO,ES,Federal Contract Tower,0,3,15,0,18,0,0,68,0,68,0,3,83,0,86,6,0,6,92
05/27/2014,INT,NC,ASO,ES,Federal Contract Tower,0,4,17,0,21,0,1,29,2,32,0,5,46,2,53,0,0,0,53
05/28/2014,INT,NC,ASO,ES,Federal Contract Tower,0,7,27,0,34,0,0,63,0,63,0,7,90,0,97,32,0,32,129
05/29/2014,INT,NC,ASO,ES,Federal Contract Tower,0,4,23,0,27,0,0,78,2,80,0,4,101,2,107,8,2,10,117
05/30/2014,INT,NC,ASO,ES,Federal Contract Tower,0,7,29,0,36,0,0,36,0,36,0,7,65,0,72,22,0,22,94
05/31/2014,INT,NC,ASO,ES,Federal Contract Tower,0,6,9,0,15,0,0,71,8,79,0,6,80,8,94,42,32,74,168
06/01/2014,INT,NC,ASO,ES,Federal Contract Tower,0,6,15,0,21,0,3,76,1,80,0,9,91,1,101,42,0,42,143
06/02/2014,INT,NC,ASO,ES,Federal Contract Tower,0,4,23,0,27,0,5,44,1,50,0,9,67,1,77,24,0,24,101
06/03/2014,INT,NC,ASO,ES,Federal Contract Tower,0,6,14,0,20,0,2,52,0,54,0,8,66,0,74,12,0,12,86
06/04/2014,INT,NC,ASO,ES,Federal Contract Tower,1,4,27,0,32,0,2,60,0,62,1,6,87,0,94,34,0,34,128
06/05/2014,INT,NC,ASO,ES,Federal Contract Tower,0,12,27,2,41,0,4,43,4,51,0,16,70,6,92,12,0,12,104
06/06/2014,INT,NC,ASO,ES,Federal Contract Tower,0,5,22,0,27,0,3,59,2,64,0,8,81,2,91,12,14,26,117
06/07/2014,INT,NC,ASO,ES,Federal Contract Tower,1,12,15,3,31,0,0,39,1,40,1,12,54,4,71,14,0,14,85
06/08/2014,INT,NC,ASO,ES,Federal Contract Tower,0,0,19,0,19,0,0,28,0,28,0,0,47,0,47,18,0,18,65
06/09/2014,INT,NC,ASO,ES,Federal Contract Tower,0,8,16,0,24,0,6,31,0,37,0,14,47,0,61,16,0,16,77
06/10/2014,INT,NC,ASO,ES,Federal Contract Tower,0,5,28,0,33,0,1,44,0,45,0,6,72,0,78,38,0,38,116
06/11/2014,INT,NC,ASO,ES,Federal Contract Tower,2,7,30,0,39,0,3,47,0,50,2,10,77,0,89,36,0,36,125
06/12/2014,INT,NC,ASO,ES,Federal Contract Tower,0,3,25,0,28,0,0,19,5,24,0,3,44,5,52,20,0,20,72
06/13/2014,INT,NC,ASO,ES,Federal Contract Tower,0,5,27,1,33,0,0,58,1,59,0,5,85,2,92,6,0,6,98
06/14/2014,INT,NC,ASO,ES,Federal Contract Tower,0,4,14,0,18,0,3,75,3,81,0,7,89,3,99,38,0,38,137
06/15/2014,INT,NC,ASO,ES,Federal Contract Tower,0,8,20,0,28,0,1,40,2,43,0,9,60,2,71,16,0,16,87
06/16/2014,INT,NC,ASO,ES,Federal Contract Tower,2,4,21,0,27,0,4,26,2,32,2,8,47,2,59,20,0,20,79
06/17/2014,INT,NC,ASO,ES,Federal Contract Tower,0,7,32,0,39,0,2,27,2,31,0,9,59,2,70,6,0,6,76
06/18/2014,INT,NC,ASO,ES,Federal Contract Tower,0,3,21,0,24,0,3,35,1,39,0,6,56,1,63,22,6,28,91
06/19/2014,INT,NC,ASO,ES,Federal Contract Tower,0,2,23,0,25,0,1,59,2,62,0,3,82,2,87,40,0,40,127
06/20/2014,INT,NC,ASO,ES,Federal Contract Tower,2,3,26,0,31,0,0,52,0,52,2,3,78,0,83,22,0,22,105
06/21/2014,INT,NC,ASO,ES,Federal Contract Tower,0,2,33,0,35,0,0,77,3,80,0,2,110,3,115,62,0,62,177
06/22/2014,INT,NC,ASO,ES,Federal Contract Tower,0,3,18,0,21,0,0,38,0,38,0,3,56,0,59,24,0,24,83
06/23/2014,INT,NC,ASO,ES,Federal Contract Tower,0,4,24,0,28,0,0,21,2,23,0,4,45,2,51,4,0,4,55
06/24/2014,INT,NC,ASO,ES,Federal Contract Tower,0,6,49,0,55,0,4,24,0,28,0,10,73,0,83,36,0,36,119
06/25/2014,INT,NC,ASO,ES,Federal Contract Tower,0,11,18,0,29,0,1,43,2,46,0,12,61,2,75,20,0,20,95
06/26/2014,INT,NC,ASO,ES,Federal Contract Tower,0,16,32,2,50,0,1,69,4,74,0,17,101,6,124,26,0,26,150
06/27/2014,INT,NC,ASO,ES,Federal Contract Tower,0,10,26,0,36,0,0,74,0,74,0,10,100,0,110,38,0,38,148
06/28/2014,INT,NC,ASO,ES,Federal Contract Tower,0,3,23,0,26,0,0,33,0,33,0,3,56,0,59,0,0,0,59
06/29/2014,INT,NC,ASO,ES,Federal Contract Tower,0,1,18,0,19,0,0,54,0,54,0,1,72,0,73,36,0,36,109
06/30/2014,INT,NC,ASO,ES,Federal Contract Tower,0,3,22,0,25,0,0,58,0,58,0,3,80,0,83,50,0,50,133
07/01/2014,INT,NC,ASO,ES,Federal Contract Tower,0,1,23,0,24,0,2,53,0,55,0,3,76,0,79,10,0,10,89
07/02/2014,INT,NC,ASO,ES,Federal Contract Tower,0,6,22,0,28,0,1,73,0,74,0,7,95,0,102,6,0,6,108
07/03/2014,INT,NC,ASO,ES,Federal Contract Tower,0,1,18,3,22,0,1,49,2,52,0,2,67,5,74,4,0,4,78
07/04/2014,INT,NC,ASO,ES,Federal Contract Tower,0,3,13,0,16,0,0,37,0,37,0,3,50,0,53,26,0,26,79
07/05/2014,INT,NC,ASO,ES,Federal Contract Tower,2,2,19,0,23,0,11,43,0,54,2,13,62,0,77,30,0,30,107
07/06/2014,INT,NC,ASO,ES,Federal Contract Tower,0,2,23,4,29,0,4,60,0,64,0,6,83,4,93,2,0,2,95
07/07/2014,INT,NC,ASO,ES,Federal Contract Tower,0,3,28,0,31,0,3,48,0,51,0,6,76,0,82,24,0,24,106
07/08/2014,INT,NC,ASO,ES,Federal Contract Tower,2,4,19,0,25,0,8,33,0,41,2,12,52,0,66,18,0,18,84
07/09/2014,INT,NC,ASO,ES,Federal Contract Tower,0,0,40,3,43,0,3,103,0,106,0,3,143,3,149,56,0,56,205
07/10/2014,INT,NC,ASO,ES,Federal Contract Tower,0,8,31,5,44,0,6,57,2,65,0,14,88,7,109,34,8,42,151
07/11/2014,INT,NC,ASO,ES,Federal Contract Tower,0,1,24,0,25,0,6,133,2,141,0,7,157,2,166,30,0,30,196
07/12/2014,INT,NC,ASO,ES,Federal Contract Tower,0,4,22,0,26,0,1,84,2,87,0,5,106,2,113,64,0,64,177
07/13/2014,INT,NC,ASO,ES,Federal Contract Tower,2,3,10,0,15,0,6,57,0,63,2,9,67,0,78,44,0,44,122
07/14/2014,INT,NC,ASO,ES,Federal Contract Tower,0,1,24,0,25,0,4,42,6,52,0,5,66,6,77,18,4,22,99
07/15/2014,INT,NC,ASO,ES,Federal Contract Tower,0,11,20,0,31,0,4,32,1,37,0,15,52,1,68,50,0,50,118
07/16/2014,INT,NC,ASO,ES,Federal Contract Tower,1,18,19,1,39,0,5,99,3,107,1,23,118,4,146,58,0,58,204
07/17/2014,INT,NC,ASO,ES,Federal Contract Tower,0,9,28,3,40,0,4,119,3,126,0,13,147,6,166,10,0,10,176
07/18/2014,INT,NC,ASO,ES,Federal Contract Tower,0,1,26,0,27,0,3,113,6,122,0,4,139,6,149,28,0,28,177
07/19/2014,INT,NC,ASO,ES,Federal Contract Tower,0,3,8,0,11,0,0,28,0,28,0,3,36,0,39,8,0,8,47
07/20/2014,INT,NC,ASO,ES,Federal Contract Tower,0,7,16,0,23,0,0,24,0,24,0,7,40,0,47,14,0,14,61
07/21/2014,INT,NC,ASO,ES,Federal Contract Tower,1,4,29,0,34,0,0,4,0,4,1,4,33,0,38,0,0,0,38
07/22/2014,INT,NC,ASO,ES,Federal Contract Tower,0,17,38,0,55,0,0,18,2,20,0,17,56,2,75,8,0,8,83
07/23/2014,INT,NC,ASO,ES,Federal Contract Tower,0,11,33,1,45,0,6,79,13,98,0,17,112,14,143,12,4,16,159
07/24/2014,INT,NC,ASO,ES,Federal Contract Tower,0,5,44,0,49,0,0,53,5,58,0,5,97,5,107,34,0,34,141
07/25/2014,INT,NC,ASO,ES,Federal Contract Tower,0,13,30,0,43,0,0,50,0,50,0,13,80,0,93,42,0,42,135
07/26/2014,INT,NC,ASO,ES,Federal Contract Tower,2,2,25,0,29,0,0,53,0,53,2,2,78,0,82,0,0,0,82
07/27/2014,INT,NC,ASO,ES,Federal Contract Tower,0,3,28,0,31,0,0,36,0,36,0,3,64,0,67,16,0,16,83
07/28/2014,INT,NC,ASO,ES,Federal Contract Tower,0,5,20,3,28,0,0,11,0,11,0,5,31,3,39,0,0,0,39
07/29/2014,INT,NC,ASO,ES,Federal Contract Tower,0,12,26,2,40,0,0,81,12,93,0,12,107,14,133,44,12,56,189
07/30/2014,INT,NC,ASO,ES,Federal Contract Tower,0,5,16,0,21,0,2,65,4,71,0,7,81,4,92,60,0,60,152
07/31/2014,INT,NC,ASO,ES,Federal Contract Tower,2,13,37,0,52,0,11,88,5,104,2,24,125,5,156,90,18,108,264
08/01/2014,INT,NC,ASO,ES,Federal Contract Tower,1,1,13,3,18,0,0,0,0,0,1,1,13,3,18,0,0,0,18
08/02/2014,INT,NC,ASO,ES,Federal Contract Tower,0,3,8,0,11,0,0,1,0,1,0,3,9,0,12,0,0,0,12
08/03/2014,INT,NC,ASO,ES,Federal Contract Tower,0,6,23,0,29,0,0,46,1,47,0,6,69,1,76,26,0,26,102
08/04/2014,INT,NC,ASO,ES,Federal Contract Tower,0,5,22,0,27,0,0,51,5,56,0,5,73,5,83,6,4,10,93
08/05/2014,INT,NC,ASO,ES,Federal Contract Tower,0,5,25,0,30,0,0,53,2,55,0,5,78,2,85,24,0,24,109
08/06/2014,INT,NC,ASO,ES,Federal Contract Tower,2,9,27,0,38,0,0,64,7,71,2,9,91,7,109,4,0,4,113
08/07/2014,INT,NC,ASO,ES,Federal Contract Tower,0,6,29,1,36,0,2,73,21,96,0,8,102,22,132,36,0,36,168
08/08/2014,INT,NC,ASO,ES,Federal Contract Tower,0,4,25,0,29,0,0,0,0,0,0,4,25,0,29,2,0,2,31
08/09/2014,INT,NC,ASO,ES,Federal Contract Tower,2,2,6,0,10,0,0,0,0,0,2,2,6,0,10,0,0,0,10
08/10/2014,INT,NC,ASO,ES,Federal Contract Tower,0,2,15,0,17,0,0,0,0,0,0,2,15,0,17,0,0,0,17
08/11/2014,INT,NC,ASO,ES,Federal Contract Tower,0,9,28,0,37,0,0,2,0,2,0,9,30,0,39,6,10,16,55
08/12/2014,INT,NC,ASO,ES,Federal Contract Tower,0,4,13,0,17,0,0,2,0,2,0,4,15,0,19,0,0,0,19
08/13/2014,INT,NC,ASO,ES,Federal Contract Tower,0,15,19,0,34,0,4,79,7,90,0,19,98,7,124,76,0,76,200
08/14/2014,INT,NC,ASO,ES,Federal Contract Tower,0,2,31,2,35,0,0,100,7,107,0,2,131,9,142,56,2,58,200
08/15/2014,INT,NC,ASO,ES,Federal Contract Tower,0,3,22,0,25,0,0,49,2,51,0,3,71,2,76,28,0,28,104
08/16/2014,INT,NC,ASO,ES,Federal Contract Tower,0,4,7,0,11,0,0,76,2,78,0,4,83,2,89,30,0,30,119
08/17/2014,INT,NC,ASO,ES,Federal Contract Tower,2,6,17,0,25,0,6,42,0,48,2,12,59,0,73,20,0,20,93
08/18/2014,INT,NC,ASO,ES,Federal Contract Tower,0,10,14,0,24,0,0,17,0,17,0,10,31,0,41,0,0,0,41
08/19/2014,INT,NC,ASO,ES,Federal Contract Tower,0,9,15,2,26,0,4,23,6,33,0,13,38,8,59,18,18,36,95
08/20/2014,INT,NC,ASO,ES,Federal Contract Tower,0,19,35,1,55,0,7,71,9,87,0,26,106,10,142,48,0,48,190
08/21/2014,INT,NC,ASO,ES,Federal Contract Tower,2,11,23,1,37,0,4,63,8,75,2,15,86,9,112,38,6,44,156
08/22/2014,INT,NC,ASO,ES,Federal Contract Tower,0,15,29,1,45,0,1,35,20,56,0,16,64,21,101,20,0,20,121
08/23/2014,INT,NC,ASO,ES,Federal Contract Tower,0,14,27,0,41,0,1,63,6,70,0,15,90,6,111,62,0,62,173
08/24/2014,INT,NC,ASO,ES,Federal Contract Tower,0,7,17,0,24,0,1,8,0,9,0,8,25,0,33,16,0,16,49
08/25/2014,INT,NC,ASO,ES,Federal Contract Tower,0,5,24,0,29,0,0,37,2,39,0,5,61,2,68,26,0,26,94
08/26/2014,INT,NC,ASO,ES,Federal Contract Tower,0,7,48,1,56,0,0,34,1,35,0,7,82,2,91,2,0,2,93
08/27/2014,INT,NC,ASO,ES,Federal Contract Tower,1,4,26,0,31,0,0,92,2,94,1,4,118,2,125,36,0,36,161
08/28/2014,INT,NC,ASO,ES,Federal Contract Tower,2,8,38,2,50,0,7,63,4,74,2,15,101,6,124,12,0,12,136
08/29/2014,INT,NC,ASO,ES,Federal Contract Tower,0,8,33,1,42,0,0,45,5,50,0,8,78,6,92,0,0,0,92
08/30/2014,INT,NC,ASO,ES,Federal Contract Tower,0,3,19,0,22,0,2,31,2,35,0,5,50,2,57,18,6,24,81
08/31/2014,INT,NC,ASO,ES,Federal Contract Tower,0,2,9,0,11,0,0,12,0,12,0,2,21,0,23,6,0,6,29
09/01/2014,INT,NC,ASO,ES,Federal Contract Tower,0,2,16,0,18,0,0,22,2,24,0,2,38,2,42,2,0,2,44
09/02/2014,INT,NC,ASO,ES,Federal Contract Tower,2,3,17,0,22,0,3,38,2,43,2,6,55,2,65,8,0,8,73
09/03/2014,INT,NC,ASO,ES,Federal Contract Tower,1,12,31,0,44,0,5,48,1,54,1,17,79,1,98,40,0,40,138
09/04/2014,INT,NC,ASO,ES,Federal Contract Tower,4,14,30,0,48,0,2,27,6,35,4,16,57,6,83,16,0,16,99
09/05/2014,INT,NC,ASO,ES,Federal Contract Tower,1,10,28,0,39,0,0,44,0,44,1,10,72,0,83,38,0,38,121
09/06/2014,INT,NC,ASO,ES,Federal Contract Tower,0,2,23,0,25,0,0,56,4,60,0,2,79,4,85,44,0,44,129
09/07/2014,INT,NC,ASO,ES,Federal Contract Tower,0,5,22,0,27,0,4,9,0,13,0,9,31,0,40,22,4,26,66
09/08/2014,INT,NC,ASO,ES,Federal Contract Tower,2,3,21,0,26,0,0,1,0,1,2,3,22,0,27,0,0,0,27
09/09/2014,INT,NC,ASO,ES,Federal Contract Tower,0,5,20,0,25,0,0,26,9,35,0,5,46,9,60,2,0,2,62
09/10/2014,INT,NC,ASO,ES,Federal Contract Tower,0,5,32,0,37,0,1,36,9,46,0,6,68,9,83,10,0,10,93
09/11/2014,INT,NC,ASO,ES,Federal Contract Tower,0,8,20,2,30,0,6,64,8,78,0,14,84,10,108,52,0,52,160
09/12/2014,INT,NC,ASO,ES,Federal Contract Tower,2,6,28,3,39,0,0,31,6,37,2,6,59,9,76,24,2,26,102
09/13/2014,INT,NC,ASO,ES,Federal Contract Tower,0,0,4,0,4,0,0,11,28,39,0,0,15,28,43,2,6,8,51
09/14/2014,INT,NC,ASO,ES,Federal Contract Tower,0,3,21,1,25,0,5,42,43,90,0,8,63,44,115,14,32,46,161
09/15/2014,INT,NC,ASO,ES,Federal Contract Tower,0,7,25,0,32,0,1,32,0,33,0,8,57,0,65,40,0,40,105
09/16/2014,INT,NC,ASO,ES,Federal Contract Tower,0,5,38,0,43,0,4,48,0,52,0,9,86,0,95,8,0,8,103
09/17/2014,INT,NC,ASO,ES,Federal Contract Tower,0,9,36,0,45,0,1,34,0,35,0,10,70,0,80,40,0,40,120
09/18/2014,INT,NC,ASO,ES,Federal Contract Tower,0,15,44,5,64,0,7,52,0,59,0,22,96,5,123,26,0,26,149
09/19/2014,INT,NC,ASO,ES,Federal Contract Tower,4,13,37,0,54,0,3,47,2,52,4,16,84,2,106,34,0,34,140
09/20/2014,INT,NC,ASO,ES,Federal Contract Tower,1,12,30,4,47,0,0,61,9,70,1,12,91,13,117,32,4,36,153
09/21/2014,INT,NC,ASO,ES,Federal Contract Tower,0,9,19,0,28,0,2,58,2,62,0,11,77,2,90,20,0,20,110
09/22/2014,INT,NC,ASO,ES,Federal Contract Tower,0,7,22,0,29,0,9,71,0,80,0,16,93,0,109,12,0,12,121
09/23/2014,INT,NC,ASO,ES,Federal Contract Tower,0,11,27,0,38,0,3,34,3,40,0,14,61,3,78,18,0,18,96
09/24/2014,INT,NC,ASO,ES,Federal Contract Tower,0,6,28,2,36,0,0,9,2,11,0,6,37,4,47,0,12,12,59
09/25/2014,INT,NC,ASO,ES,Federal Contract Tower,0,4,35,0,39,0,0,24,2,26,0,4,59,2,65,4,0,4,69
09/26/2014,INT,NC,ASO,ES,Federal Contract Tower,0,8,47,0,55,0,0,15,0,15,0,8,62,0,70,24,0,24,94
09/27/2014,INT,NC,ASO,ES,Federal Contract Tower,1,3,20,0,24,0,0,66,3,69,1,3,86,3,93,58,0,58,151
09/28/2014,INT,NC,ASO,ES,Federal Contract Tower,0,9,24,0,33,0,2,53,0,55,0,11,77,0,88,8,0,8,96
09/29/2014,INT,NC,ASO,ES,Federal Contract Tower,0,3,32,2,37,0,2,5,0,7,0,5,37,2,44,18,0,18,62
09/30/2014,INT,NC,ASO,ES,Federal Contract Tower,0,6,29,1,36,0,3,29,13,45,0,9,58,14,81,22,0,22,103
10/01/2014,INT,NC,ASO,ES,Federal Contract Tower,0,17,25,0,42,0,0,39,2,41,0,17,64,2,83,36,0,36,119
10/02/2014,INT,NC,ASO,ES,Federal Contract Tower,0,10,44,0,54,0,2,90,5,97,0,12,134,5,151,42,0,42,193
10/03/2014,INT,NC,ASO,ES,Federal Contract Tower,0,9,31,0,40,0,1,105,0,106,0,10,136,0,146,0,0,0,146
10/04/2014,INT,NC,ASO,ES,Federal Contract Tower,1,2,19,0,22,0,0,39,0,39,1,2,58,0,61,18,0,18,79
10/05/2014,INT,NC,ASO,ES,Federal Contract Tower,0,6,20,0,26,0,5,62,0,67,0,11,82,0,93,4,0,4,97
10/06/2014,INT,NC,ASO,ES,Federal Contract Tower,0,4,34,2,40,0,2,30,1,33,0,6,64,3,73,10,2,12,85
10/07/2014,INT,NC,ASO,ES,Federal Contract Tower,0,11,30,0,41,0,0,27,0,27,0,11,57,0,68,20,0,20,88
10/08/2014,INT,NC,ASO,ES,Federal Contract Tower,0,7,40,0,47,0,0,39,7,46,0,7,79,7,93,18,0,18,111
10/09/2014,INT,NC,ASO,ES,Federal Contract Tower,0,10,31,0,41,0,1,86,2,89,0,11,117,2,130,66,4,70,200
10/10/2014,INT,NC,ASO,ES,Federal Contract Tower,0,10,34,0,44,0,5,53,2,60,0,15,87,2,104,0,0,0,104
10/11/2014,INT,NC,ASO,ES,Federal Contract Tower,2,2,12,0,16,0,0,20,0,20,2,2,32,0,36,12,0,12,48
10/12/2014,INT,NC,ASO,ES,Federal Contract Tower,1,4,18,0,23,0,0,0,0,0,1,4,18,0,23,0,0,0,23
10/13/2014,INT,NC,ASO,ES,Federal Contract Tower,0,5,16,0,21,0,0,0,0,0,0,5,16,0,21,0,0,0,21
10/14/2014,INT,NC,ASO,ES,Federal Contract Tower,0,9,19,2,30,0,0,4,0,4,0,9,23,2,34,34,0,34,68
10/15/2014,INT,NC,ASO,ES,Federal Contract Tower,2,6,19,0,27,0,0,51,0,51,2,6,70,0,78,46,0,46,124
10/16/2014,INT,NC,ASO,ES,Federal Contract Tower,0,9,40,0,49,0,5,83,13,101,0,14,123,13,150,72,2,74,224
10/17/2014,INT,NC,ASO,ES,Federal Contract Tower,1,13,29,0,43,0,0,103,6,109,1,13,132,6,152,48,0,48,200
10/18/2014,INT,NC,ASO,ES,Federal Contract Tower,1,4,20,2,27,0,1,77,0,78,1,5,97,2,105,0,0,0,105
10/19/2014,INT,NC,ASO,ES,Federal Contract Tower,0,8,37,0,45,0,4,75,2,81,0,12,112,2,126,42,0,42,168
10/20/2014,INT,NC,ASO,ES,Federal Contract Tower,0,10,23,1,34,0,7,48,3,58,0,17,71,4,92,6,0,6,98
10/21/2014,INT,NC,ASO,ES,Federal Contract Tower,2,7,31,0,40,0,17,29,0,46,2,24,60,0,86,6,0,6,92
10/22/2014,INT,NC,ASO,ES,Federal Contract Tower,0,13,30,0,43,0,13,57,0,70,0,26,87,0,113,56,0,56,169
10/23/2014,INT,NC,ASO,ES,Federal Contract Tower,1,14,53,4,72,0,20,96,16,132,1,34,149,20,204,56,0,56,260
10/24/2014,INT,NC,ASO,ES,Federal Contract Tower,0,19,40,1,60,0,2,122,6,130,0,21,162,7,190,42,0,42,232
10/25/2014,INT,NC,ASO,ES,Federal Contract Tower,0,7,39,2,48,0,1,72,7,80,0,8,111,9,128,14,0,14,142
10/26/2014,INT,NC,ASO,ES,Federal Contract Tower,0,18,30,1,49,0,1,55,7,63,0,19,85,8,112,30,0,30,142
10/27/2014,INT,NC,ASO,ES,Federal Contract Tower,0,2,39,0,41,0,5,53,1,59,0,7,92,1,100,32,0,32,132
10/28/2014,INT,NC,ASO,ES,Federal Contract Tower,0,6,23,0,29,0,0,42,1,43,0,6,65,1,72,10,0,10,82
10/29/2014,INT,NC,ASO,ES,Federal Contract Tower,0,1,29,0,30,0,0,66,0,66,0,1,95,0,96,58,0,58,154
10/30/2014,INT,NC,ASO,ES,Federal Contract Tower,1,2,29,6,38,0,0,123,8,131,1,2,152,14,169,40,0,40,209
10/31/2014,INT,NC,ASO,ES,Federal Contract Tower,0,1,22,1,24,0,0,52,5,57,0,1,74,6,81,4,0,4,85
11/01/2014,INT,NC,ASO,ES,Federal Contract Tower,0,1,10,0,11,0,0,0,0,0,0,1,10,0,11,0,0,0,11
11/02/2014,INT,NC,ASO,ES,Federal Contract Tower,2,5,26,0,33,0,1,28,0,29,2,6,54,0,62,2,0,2,64
11/03/2014,INT,NC,ASO,ES,Federal Contract Tower,0,5,21,0,26,0,1,43,0,44,0,6,64,0,70,16,0,16,86
11/04/2014,INT,NC,ASO,ES,Federal Contract Tower,0,0,28,0,28,0,0,23,0,23,0,0,51,0,51,0,0,0,51
11/05/2014,INT,NC,ASO,ES,Federal Contract Tower,0,3,32,0,35,0,1,71,1,73,0,4,103,1,108,46,0,46,154
11/06/2014,INT,NC,ASO,ES,Federal Contract Tower,2,15,43,0,60,0,4,10,0,14,2,19,53,0,74,0,0,0,74
11/07/2014,INT,NC,ASO,ES,Federal Contract Tower,0,8,17,2,27,0,1,27,0,28,0,9,44,2,55,12,10,22,77
11/08/2014,INT,NC,ASO,ES,Federal Contract Tower,0,6,22,0,28,0,0,100,2,102,0,6,122,2,130,52,0,52,182
11/09/2014,INT,NC,ASO,ES,Federal Contract Tower,0,8,8,0,16,0,2,56,0,58,0,10,64,0,74,24,0,24,98
11/10/2014,INT,NC,ASO,ES,Federal Contract Tower,0,6,15,0,21,0,2,56,2,60,0,8,71,2,81,22,0,22,103
11/11/2014,INT,NC,ASO,ES,Federal Contract Tower,0,12,20,0,32,0,0,48,2,50,0,12,68,2,82,48,0,48,130
11/12/2014,INT,NC,ASO,ES,Federal Contract Tower,0,1,35,0,36,0,5,77,0,82,0,6,112,0,118,64,0,64,182
11/13/2014,INT,NC,ASO,ES,Federal Contract Tower,0,6,34,1,41,0,1,47,0,48,0,7,81,1,89,28,0,28,117
11/14/2014,INT,NC,ASO,ES,Federal Contract Tower,0,9,32,0,41,0,0,25,0,25,0,9,57,0,66,24,0,24,90
11/15/2014,INT,NC,ASO,ES,Federal Contract Tower,0,11,22,2,35,0,0,71,29,100,0,11,93,31,135,52,22,74,209
11/16/2014,INT,NC,ASO,ES,Federal Contract Tower,2,9,26,0,37,0,5,45,8,58,2,14,71,8,95,14,4,18,113
11/17/2014,INT,NC,ASO,ES,Federal Contract Tower,0,7,8,0,15,0,0,0,0,0,0,7,8,0,15,0,0,0,15
11/18/2014,INT,NC,ASO,ES,Federal Contract Tower,0,8,14,0,22,0,1,23,3,27,0,9,37,3,49,20,0,20,69
11/19/2014,INT,NC,ASO,ES,Federal Contract Tower,0,1,17,0,18,0,0,38,0,38,0,1,55,0,56,10,0,10,66
11/20/2014,INT,NC,ASO,ES,Federal Contract Tower,0,14,26,4,44,0,0,48,0,48,0,14,74,4,92,0,4,4,96
11/21/2014,INT,NC,ASO,ES,Federal Contract Tower,0,10,31,0,41,0,2,68,6,76,0,12,99,6,117,34,4,38,155
11/22/2014,INT,NC,ASO,ES,Federal Contract Tower,0,7,30,2,39,0,2,96,2,100,0,9,126,4,139,32,0,32,171
11/23/2014,INT,NC,ASO,ES,Federal Contract Tower,1,10,8,0,19,0,0,27,0,27,1,10,35,0,46,10,0,10,56
11/24/2014,INT,NC,ASO,ES,Federal Contract Tower,0,4,31,0,35,0,8,13,0,21,0,12,44,0,56,10,0,10,66
11/25/2014,INT,NC,ASO,ES,Federal Contract Tower,0,18,49,14,81,0,2,31,16,49,0,20,80,30,130,32,36,68,198
11/26/2014,INT,NC,ASO,ES,Federal Contract Tower,0,7,9,0,16,0,0,18,0,18,0,7,27,0,34,16,0,16,50
11/27/2014,INT,NC,ASO,ES,Federal Contract Tower,0,2,8,0,10,0,0,5,1,6,0,2,13,1,16,0,0,0,16
11/28/2014,INT,NC,ASO,ES,Federal Contract Tower,2,3,19,0,24,0,0,67,2,69,2,3,86,2,93,26,0,26,119
11/29/2014,INT,NC,ASO,ES,Federal Contract Tower,0,5,20,2,27,0,1,78,4,83,0,6,98,6,110,80,0,80,190
11/30/2014,INT,NC,ASO,ES,Federal Contract Tower,0,9,41,0,50,0,4,45,0,49,0,13,86,0,99,2,0,2,101
12/01/2014,INT,NC,ASO,ES,Federal Contract Tower,3,2,22,0,27,0,4,52,0,56,3,6,74,0,83,70,0,70,153
12/02/2014,INT,NC,ASO,ES,Federal Contract Tower,3,11,17,0,31,0,2,3,0,5,3,13,20,0,36,0,0,0,36
12/03/2014,INT,NC,ASO,ES,Federal Contract Tower,1,10,22,0,33,0,0,2,0,2,1,10,24,0,35,0,0,0,35
12/04/2014,INT,NC,ASO,ES,Federal Contract Tower,1,12,26,4,43,0,4,79,6,89,1,16,105,10,132,84,4,88,220
12/05/2014,INT,NC,ASO,ES,Federal Contract Tower,0,8,13,0,21,0,2,44,0,46,0,10,57,0,67,80,0,80,147
12/06/2014,INT,NC,ASO,ES,Federal Contract Tower,0,1,15,0,16,0,0,0,0,0,0,1,15,0,16,0,0,0,16
12/07/2014,INT,NC,ASO,ES,Federal Contract Tower,1,0,11,0,12,0,6,10,0,16,1,6,21,0,28,0,0,0,28
12/08/2014,INT,NC,ASO,ES,Federal Contract Tower,0,4,26,0,30,0,1,11,0,12,0,5,37,0,42,0,0,0,42
12/09/2014,INT,NC,ASO,ES,Federal Contract Tower,0,10,23,0,33,0,0,38,0,38,0,10,61,0,71,22,0,22,93
12/10/2014,INT,NC,ASO,ES,Federal Contract Tower,1,6,31,0,38,0,0,16,0,16,1,6,47,0,54,16,0,16,70
12/11/2014,INT,NC,ASO,ES,Federal Contract Tower,1,10,32,6,49,0,5,89,7,101,1,15,121,13,150,66,0,66,216
12/12/2014,INT,NC,ASO,ES,Federal Contract Tower,0,11,35,0,46,0,0,70,2,72,0,11,105,2,118,62,0,62,180
12/13/2014,INT,NC,ASO,ES,Federal Contract Tower,1,1,27,0,29,0,0,119,4,123,1,1,146,4,152,62,0,62,214
12/14/2014,INT,NC,ASO,ES,Federal Contract Tower,3,8,8,0,19,0,7,86,4,97,3,15,94,4,116,62,0,62,178
12/15/2014,INT,NC,ASO,ES,Federal Contract Tower,1,1,39,0,41,0,3,53,1,57,1,4,92,1,98,40,0,40,138
12/16/2014,INT,NC,ASO,ES,Federal Contract Tower,0,9,41,0,50,0,0,0,0,0,0,9,41,0,50,0,0,0,50
12/17/2014,INT,NC,ASO,ES,Federal Contract Tower,0,5,31,0,36,0,0,65,6,71,0,5,96,6,107,20,0,20,127
12/18/2014,INT,NC,ASO,ES,Federal Contract Tower,1,18,44,2,65,0,7,87,4,98,1,25,131,6,163,50,0,50,213
12/19/2014,INT,NC,ASO,ES,Federal Contract Tower,1,6,16,1,24,0,0,79,2,81,1,6,95,3,105,78,0,78,183
12/20/2014,INT,NC,ASO,ES,Federal Contract Tower,1,4,6,0,11,0,0,24,0,24,1,4,30,0,35,14,0,14,49
12/21/2014,INT,NC,ASO,ES,Federal Contract Tower,1,7,16,0,24,0,0,45,0,45,1,7,61,0,69,62,0,62,131
12/22/2014,INT,NC,ASO,ES,Federal Contract Tower,0,5,17,0,22,0,0,0,0,0,0,5,17,0,22,2,0,2,24
12/23/2014,INT,NC,ASO,ES,Federal Contract Tower,0,1,21,0,22,0,0,0,0,0,0,1,21,0,22,0,0,0,22
12/24/2014,INT,NC,ASO,ES,Federal Contract Tower,0,3,0,0,3,0,0,0,0,0,0,3,0,0,3,0,0,0,3
12/25/2014,INT,NC,ASO,ES,Federal Contract Tower,0,4,2,0,6,0,0,5,0,5,0,4,7,0,11,0,0,0,11
12/26/2014,INT,NC,ASO,ES,Federal Contract Tower,0,5,21,1,27,0,0,56,3,59,0,5,77,4,86,58,0,58,144
12/27/2014,INT,NC,ASO,ES,Federal Contract Tower,0,5,10,0,15,0,0,90,0,90,0,5,100,0,105,20,0,20,125
12/28/2014,INT,NC,ASO,ES,Federal Contract Tower,0,2,8,0,10,0,4,0,0,4,0,6,8,0,14,0,0,0,14
12/29/2014,INT,NC,ASO,ES,Federal Contract Tower,0,5,4,0,9,0,1,0,0,1,0,6,4,0,10,0,0,0,10
12/30/2014,INT,NC,ASO,ES,Federal Contract Tower,0,7,12,0,19,0,0,9,0,9,0,7,21,0,28,10,0,10,38
12/31/2014,INT,NC,ASO,ES,Federal Contract Tower,2,3,22,0,27,0,0,56,0,56,2,3,78,0,83,82,0,82,165
01/01/2015,INT,NC,ASO,ES,Federal Contract Tower,0,7,14,0,21,0,1,64,0,65,0,8,78,0,86,62,0,62,148
01/02/2015,INT,NC,ASO,ES,Federal Contract Tower,0,3,17,1,21,0,0,62,1,63,0,3,79,2,84,40,2,42,126
01/03/2015,INT,NC,ASO,ES,Federal Contract Tower,0,0,0,0,0,0,0,0,0,0,0,0,0,0,0,0,0,0,0
01/04/2015,INT,NC,ASO,ES,Federal Contract Tower,0,7,9,0,16,0,0,0,0,0,0,7,9,0,16,0,0,0,16
01/05/2015,INT,NC,ASO,ES,Federal Contract Tower,0,5,14,4,23,0,6,40,3,49,0,11,54,7,72,22,4,26,98
01/06/2015,INT,NC,ASO,ES,Federal Contract Tower,0,4,29,0,33,0,6,51,0,57,0,10,80,0,90,18,0,18,108
01/07/2015,INT,NC,ASO,ES,Federal Contract Tower,0,9,13,0,22,0,1,31,0,32,0,10,44,0,54,14,0,14,68
01/08/2015,INT,NC,ASO,ES,Federal Contract Tower,0,4,28,0,32,0,0,54,0,54,0,4,82,0,86,26,0,26,112
01/09/2015,INT,NC,ASO,ES,Federal Contract Tower,2,4,18,1,25,0,0,33,2,35,2,4,51,3,60,30,0,30,90
01/10/2015,INT,NC,ASO,ES,Federal Contract Tower,4,1,19,2,26,0,0,94,3,97,4,1,113,5,123,38,0,38,161
01/11/2015,INT,NC,ASO,ES,Federal Contract Tower,0,7,16,0,23,0,4,57,8,69,0,11,73,8,92,38,4,42,134
01/12/2015,INT,NC,ASO,ES,Federal Contract Tower,0,10,6,0,16,0,0,0,0,0,0,10,6,0,16,0,0,0,16
01/13/2015,INT,NC,ASO,ES,Federal Contract Tower,2,8,19,0,29,0,0,0,0,0,2,8,19,0,29,0,0,0,29
01/14/2015,INT,NC,ASO,ES,Federal Contract Tower,2,1,6,0,9,0,0,23,0,23,2,1,29,0,32,36,0,36,68
01/15/2015,INT,NC,ASO,ES,Federal Contract Tower,0,11,27,5,43,0,0,46,0,46,0,11,73,5,89,68,8,76,165
01/16/2015,INT,NC,ASO,ES,Federal Contract Tower,1,5,22,0,28,0,0,55,2,57,1,5,77,2,85,68,0,68,153
01/17/2015,INT,NC,ASO,ES,Federal Contract Tower,0,3,19,0,22,0,0,73,1,74,0,3,92,1,96,94,0,94,190
01/18/2015,INT,NC,ASO,ES,Federal Contract Tower,0,1,10,0,11,0,0,20,2,22,0,1,30,2,33,8,0,8,41
01/19/2015,INT,NC,ASO,ES,Federal Contract Tower,0,4,32,3,39,0,1,72,15,88,0,5,104,18,127,48,0,48,175
01/20/2015,INT,NC,ASO,ES,Federal Contract Tower,0,6,31,0,37,0,0,48,10,58,0,6,79,10,95,20,0,20,115
01/21/2015,INT,NC,ASO,ES,Federal Contract Tower,0,3,18,0,21,0,2,70,0,72,0,5,88,0,93,86,0,86,179
01/22/2015,INT,NC,ASO,ES,Federal Contract Tower,0,1,32,1,34,0,7,91,7,105,0,8,123,8,139,54,0,54,193
01/23/2015,INT,NC,ASO,ES,Federal Contract Tower,0,12,11,0,23,0,0,0,0,0,0,12,11,0,23,2,0,2,25
01/24/2015,INT,NC,ASO,ES,Federal Contract Tower,1,3,6,0,10,0,0,2,0,2,1,3,8,0,12,14,0,14,26
01/25/2015,INT,NC,ASO,ES,Federal Contract Tower,0,1,8,1,10,0,5,61,8,74,0,6,69,9,84,22,0,22,106
01/26/2015,INT,NC,ASO,ES,Federal Contract Tower,0,4,18,1,23,0,4,1,1,6,0,8,19,2,29,2,0,2,31
01/27/2015,INT,NC,ASO,ES,Federal Contract Tower,0,11,31,0,42,0,3,52,0,55,0,14,83,0,97,46,0,46,143
01/28/2015,INT,NC,ASO,ES,Federal Contract Tower,5,6,20,3,34,0,0,77,1,78,5,6,97,4,112,92,0,92,204
01/29/2015,INT,NC,ASO,ES,Federal Contract Tower,0,12,30,2,44,0,2,56,5,63,0,14,86,7,107,52,6,58,165
01/30/2015,INT,NC,ASO,ES,Federal Contract Tower,1,6,19,0,26,0,0,3,0,3,1,6,22,0,29,0,0,0,29
01/31/2015,INT,NC,ASO,ES,Federal Contract Tower,1,7,25,0,33,0,0,82,0,82,1,7,107,0,115,54,0,54,169
02/01/2015,INT,NC,ASO,ES,Federal Contract Tower,0,11,12,0,23,0,2,43,0,45,0,13,55,0,68,10,0,10,78
02/02/2015,INT,NC,ASO,ES,Federal Contract Tower,0,6,17,0,23,0,0,3,0,3,0,6,20,0,26,0,0,0,26
02/03/2015,INT,NC,ASO,ES,Federal Contract Tower,0,7,27,0,34,0,5,60,0,65,0,12,87,0,99,24,2,26,125
02/04/2015,INT,NC,ASO,ES,Federal Contract Tower,0,4,38,0,42,0,7,58,0,65,0,11,96,0,107,12,0,12,119
02/05/2015,INT,NC,ASO,ES,Federal Contract Tower,1,5,14,0,20,0,0,49,10,59,1,5,63,10,79,36,6,42,121
02/06/2015,INT,NC,ASO,ES,Federal Contract Tower,2,4,27,0,33,0,0,49,0,49,2,4,76,0,82,20,0,20,102
02/07/2015,INT,NC,ASO,ES,Federal Contract Tower,2,2,25,0,29,0,0,74,4,78,2,2,99,4,107,56,2,58,165
02/08/2015,INT,NC,ASO,ES,Federal Contract Tower,2,6,18,2,28,0,6,36,0,42,2,12,54,2,70,28,2,30,100
02/09/2015,INT,NC,ASO,ES,Federal Contract Tower,0,3,26,0,29,0,0,19,0,19,0,3,45,0,48,32,0,32,80
02/10/2015,INT,NC,ASO,ES,Federal Contract Tower,1,3,28,0,32,0,0,12,0,12,1,3,40,0,44,0,0,0,44
02/11/2015,INT,NC,ASO,ES,Federal Contract Tower,2,4,27,0,33,0,0,76,0,76,2,4,103,0,109,66,0,66,175
02/12/2015,INT,NC,ASO,ES,Federal Contract Tower,0,17,24,0,41,0,0,7,0,7,0,17,31,0,48,0,0,0,48
02/13/2015,INT,NC,ASO,ES,Federal Contract Tower,2,5,31,0,38,0,2,78,0,80,2,7,109,0,118,6,0,6,124
02/14/2015,INT,NC,ASO,ES,Federal Contract Tower,1,5,7,0,13,0,0,67,0,67,1,5,74,0,80,28,0,28,108
02/15/2015,INT,NC,ASO,ES,Federal Contract Tower,0,9,13,0,22,0,7,6,0,13,0,16,19,0,35,0,0,0,35
02/16/2015,INT,NC,ASO,ES,Federal Contract Tower,0,6,16,0,22,0,0,11,0,11,0,6,27,0,33,0,0,0,33
02/17/2015,INT,NC,ASO,ES,Federal Contract Tower,3,10,13,0,26,0,1,13,0,14,3,11,26,0,40,4,0,4,44
02/18/2015,INT,NC,ASO,ES,Federal Contract Tower,1,8,6,0,15,0,0,1,0,1,1,8,7,0,16,0,0,0,16
02/19/2015,INT,NC,ASO,ES,Federal Contract Tower,4,14,19,1,38,0,2,13,5,20,4,16,32,6,58,2,0,2,60
02/20/2015,INT,NC,ASO,ES,Federal Contract Tower,1,2,17,0,20,0,0,17,3,20,1,2,34,3,40,0,0,0,40
02/21/2015,INT,NC,ASO,ES,Federal Contract Tower,0,4,2,0,6,0,0,1,0,1,0,4,3,0,7,0,0,0,7
02/22/2015,INT,NC,ASO,ES,Federal Contract Tower,0,5,16,0,21,0,1,16,0,17,0,6,32,0,38,2,0,2,40
02/23/2015,INT,NC,ASO,ES,Federal Contract Tower,0,1,14,0,15,0,12,10,0,22,0,13,24,0,37,2,0,2,39
02/24/2015,INT,NC,ASO,ES,Federal Contract Tower,1,3,17,0,21,0,0,2,0,2,1,3,19,0,23,2,0,2,25
02/25/2015,INT,NC,ASO,ES,Federal Contract Tower,2,10,29,0,41,0,0,42,0,42,2,10,71,0,83,46,0,46,129
02/26/2015,INT,NC,ASO,ES,Federal Contract Tower,0,4,13,0,17,0,0,0,0,0,0,4,13,0,17,0,0,0,17
02/27/2015,INT,NC,ASO,ES,Federal Contract Tower,0,6,22,0,28,0,1,61,0,62,0,7,83,0,90,20,0,20,110
02/28/2015,INT,NC,ASO,ES,Federal Contract Tower,3,6,14,0,23,0,0,71,5,76,3,6,85,5,99,54,0,54,153
03/01/2015,INT,NC,ASO,ES,Federal Contract Tower,0,3,13,0,16,0,0,0,0,0,0,3,13,0,16,0,0,0,16
03/02/2015,INT,NC,ASO,ES,Federal Contract Tower,0,10,19,2,31,0,1,27,0,28,0,11,46,2,59,34,0,34,93
03/03/2015,INT,NC,ASO,ES,Federal Contract Tower,0,1,19,0,20,0,0,3,0,3,0,1,22,0,23,0,0,0,23
03/04/2015,INT,NC,ASO,ES,Federal Contract Tower,0,7,21,0,28,0,0,15,0,15,0,7,36,0,43,0,0,0,43
03/05/2015,INT,NC,ASO,ES,Federal Contract Tower,0,7,12,0,19,0,0,0,0,0,0,7,12,0,19,0,0,0,19
03/06/2015,INT,NC,ASO,ES,Federal Contract Tower,2,7,33,0,42,0,3,64,2,69,2,10,97,2,111,18,0,18,129
03/07/2015,INT,NC,ASO,ES,Federal Contract Tower,1,7,15,0,23,0,0,91,0,91,1,7,106,0,114,34,0,34,148
03/08/2015,INT,NC,ASO,ES,Federal Contract Tower,1,6,11,0,18,0,0,47,0,47,1,6,58,0,65,6,0,6,71
03/09/2015,INT,NC,ASO,ES,Federal Contract Tower,0,1,20,0,21,0,4,34,12,50,0,5,54,12,71,10,0,10,81
03/10/2015,INT,NC,ASO,ES,Federal Contract Tower,0,7,24,5,36,0,1,37,8,46,0,8,61,13,82,0,0,0,82
03/11/2015,INT,NC,ASO,ES,Federal Contract Tower,0,2,30,0,32,0,1,78,0,79,0,3,108,0,111,54,0,54,165
03/12/2015,INT,NC,ASO,ES,Federal Contract Tower,0,7,44,0,51,0,8,68,9,85,0,15,112,9,136,72,8,80,216
03/13/2015,INT,NC,ASO,ES,Federal Contract Tower,0,2,19,0,21,0,0,35,0,35,0,2,54,0,56,28,0,28,84
03/14/2015,INT,NC,ASO,ES,Federal Contract Tower,0,6,13,0,19,0,0,2,0,2,0,6,15,0,21,6,0,6,27
03/15/2015,INT,NC,ASO,ES,Federal Contract Tower,0,8,23,0,31,0,6,69,3,78,0,14,92,3,109,2,0,2,111
03/16/2015,INT,NC,ASO,ES,Federal Contract Tower,0,4,32,0,36,0,9,57,2,68,0,13,89,2,104,8,0,8,112
03/17/2015,INT,NC,ASO,ES,Federal Contract Tower,0,2,24,0,26,0,12,32,21,65,0,14,56,21,91,18,0,18,109
03/18/2015,INT,NC,ASO,ES,Federal Contract Tower,0,6,23,1,30,0,4,98,3,105,0,10,121,4,135,60,2,62,197
03/19/2015,INT,NC,ASO,ES,Federal Contract Tower,0,10,25,0,35,0,6,19,0,25,0,16,44,0,60,16,0,16,76
03/20/2015,INT,NC,ASO,ES,Federal Contract Tower,0,4,23,0,27,0,0,22,8,30,0,4,45,8,57,4,0,4,61
03/21/2015,INT,NC,ASO,ES,Federal Contract Tower,0,10,22,0,32,0,1,69,7,77,0,11,91,7,109,40,0,40,149
03/22/2015,INT,NC,ASO,ES,Federal Contract Tower,0,7,32,0,39,0,5,99,0,104,0,12,131,0,143,42,0,42,185
03/23/2015,INT,NC,ASO,ES,Federal Contract Tower,0,7,27,0,34,0,5,42,2,49,0,12,69,2,83,20,0,20,103
03/24/2015,INT,NC,ASO,ES,Federal Contract Tower,0,10,37,0,47,0,3,76,9,88,0,13,113,9,135,30,0,30,165
03/25/2015,INT,NC,ASO,ES,Federal Contract Tower,0,7,30,0,37,0,1,29,0,30,0,8,59,0,67,10,0,10,77
03/26/2015,INT,NC,ASO,ES,Federal Contract Tower,0,8,38,0,46,0,0,27,0,27,0,8,65,0,73,6,0,6,79
03/27/2015,INT,NC,ASO,ES,Federal Contract Tower,0,9,23,0,32,0,2,8,0,10,0,11,31,0,42,0,0,0,42
03/28/2015,INT,NC,ASO,ES,Federal Contract Tower,0,3,20,3,26,0,0,68,13,81,0,3,88,16,107,10,0,10,117
03/29/2015,INT,NC,ASO,ES,Federal Contract Tower,0,8,31,0,39,0,4,100,0,104,0,12,131,0,143,28,0,28,171
03/30/2015,INT,NC,ASO,ES,Federal Contract Tower,2,9,19,5,35,0,0,17,2,19,2,9,36,7,54,14,0,14,68
03/31/2015,INT,NC,ASO,ES,Federal Contract Tower,0,4,27,0,31,0,3,55,13,71,0,7,82,13,102,28,0,28,130
04/01/2015,INT,NC,ASO,ES,Federal Contract Tower,0,1,22,4,27,0,0,66,10,76,0,1,88,14,103,42,2,44,147
04/02/2015,INT,NC,ASO,ES,Federal Contract Tower,0,7,42,0,49,0,0,41,2,43,0,7,83,2,92,12,0,12,104
04/03/2015,INT,NC,ASO,ES,Federal Contract Tower,3,7,28,0,38,0,0,18,0,18,3,7,46,0,56,0,0,0,56
04/04/2015,INT,NC,ASO,ES,Federal Contract Tower,0,3,8,1,12,0,0,15,4,19,0,3,23,5,31,24,2,26,57
04/05/2015,INT,NC,ASO,ES,Federal Contract Tower,0,6,22,0,28,0,5,38,3,46,0,11,60,3,74,8,0,8,82
04/06/2015,INT,NC,ASO,ES,Federal Contract Tower,0,5,24,0,29,0,1,63,6,70,0,6,87,6,99,12,0,12,111
04/07/2015,INT,NC,ASO,ES,Federal Contract Tower,1,12,22,0,35,0,2,15,0,17,1,14,37,0,52,2,0,2,54
04/08/2015,INT,NC,ASO,ES,Federal Contract Tower,0,7,38,2,47,0,2,72,3,77,0,9,110,5,124,26,0,26,150
04/09/2015,INT,NC,ASO,ES,Federal Contract Tower,0,9,26,3,38,0,0,29,12,41,0,9,55,15,79,6,4,10,89
04/10/2015,INT,NC,ASO,ES,Federal Contract Tower,1,5,28,0,34,0,2,14,4,20,1,7,42,4,54,0,0,0,54
04/11/2015,INT,NC,ASO,ES,Federal Contract Tower,0,5,31,0,36,0,0,137,17,154,0,5,168,17,190,74,8,82,272
04/12/2015,INT,NC,ASO,ES,Federal Contract Tower,0,1,19,0,20,0,2,79,7,88,0,3,98,7,108,38,0,38,146
04/13/2015,INT,NC,ASO,ES,Federal Contract Tower,1,3,24,0,28,0,4,41,0,45,1,7,65,0,73,24,0,24,97
04/14/2015,INT,NC,ASO,ES,Federal Contract Tower,0,6,28,0,34,0,1,2,0,3,0,7,30,0,37,4,4,8,45
04/15/2015,INT,NC,ASO,ES,Federal Contract Tower,2,1,21,0,24,0,0,1,0,1,2,1,22,0,25,0,0,0,25
04/16/2015,INT,NC,ASO,ES,Federal Contract Tower,0,7,31,0,38,0,0,0,0,0,0,7,31,0,38,0,0,0,38
04/17/2015,INT,NC,ASO,ES,Federal Contract Tower,2,6,21,0,29,0,1,54,0,55,2,7,75,0,84,66,0,66,150
04/18/2015,INT,NC,ASO,ES,Federal Contract Tower,0,4,20,0,24,0,4,53,3,60,0,8,73,3,84,28,0,28,112
04/19/2015,INT,NC,ASO,ES,Federal Contract Tower,0,5,15,0,20,0,0,1,0,1,0,5,16,0,21,0,0,0,21
04/20/2015,INT,NC,ASO,ES,Federal Contract Tower,0,11,17,0,28,0,3,3,0,6,0,14,20,0,34,4,0,4,38
04/21/2015,INT,NC,ASO,ES,Federal Contract Tower,0,1,31,2,34,0,11,82,0,93,0,12,113,2,127,62,0,62,189
04/22/2015,INT,NC,ASO,ES,Federal Contract Tower,0,11,30,3,44,0,3,41,5,49,0,14,71,8,93,20,0,20,113
04/23/2015,INT,NC,ASO,ES,Federal Contract Tower,0,3,25,2,30,0,1,58,2,61,0,4,83,4,91,30,0,30,121
04/24/2015,INT,NC,ASO,ES,Federal Contract Tower,2,3,41,3,49,0,1,134,2,137,2,4,175,5,186,110,0,110,296
04/25/2015,INT,NC,ASO,ES,Federal Contract Tower,0,1,17,1,19,0,1,15,0,16,0,2,32,1,35,30,0,30,65
04/26/2015,INT,NC,ASO,ES,Federal Contract Tower,0,4,29,0,33,0,1,0,0,1,0,5,29,0,34,2,0,2,36
04/27/2015,INT,NC,ASO,ES,Federal Contract Tower,0,3,35,0,38,0,5,48,6,59,0,8,83,6,97,46,0,46,143
04/28/2015,INT,NC,ASO,ES,Federal Contract Tower,0,2,39,0,41,0,1,73,7,81,0,3,112,7,122,54,2,56,178
04/29/2015,INT,NC,ASO,ES,Federal Contract Tower,0,0,37,0,37,0,1,35,0,36,0,1,72,0,73,2,0,2,75
04/30/2015,INT,NC,ASO,ES,Federal Contract Tower,0,7,39,0,46,0,3,30,0,33,0,10,69,0,79,20,0,20,99
05/01/2015,INT,NC,ASO,ES,Federal Contract Tower,3,11,14,0,28,0,0,5,4,9,3,11,19,4,37,0,10,10,47
05/02/2015,INT,NC,ASO,ES,Federal Contract Tower,1,5,22,0,28,0,0,105,4,109,1,5,127,4,137,46,0,46,183
05/03/2015,INT,NC,ASO,ES,Federal Contract Tower,0,5,17,0,22,0,0,84,2,86,0,5,101,2,108,44,0,44,152
05/04/2015,INT,NC,ASO,ES,Federal Contract Tower,0,7,23,3,33,0,1,57,3,61,0,8,80,6,94,40,0,40,134
05/05/2015,INT,NC,ASO,ES,Federal Contract Tower,0,8,43,0,51,0,2,92,2,96,0,10,135,2,147,56,0,56,203
05/06/2015,INT,NC,ASO,ES,Federal Contract Tower,0,10,40,1,51,0,2,53,7,62,0,12,93,8,113,2,0,2,115
05/07/2015,INT,NC,ASO,ES,Federal Contract Tower,0,16,29,3,48,0,6,92,5,103,0,22,121,8,151,40,0,40,191
05/08/2015,INT,NC,ASO,ES,Federal Contract Tower,2,4,30,1,37,0,2,98,9,109,2,6,128,10,146,80,0,80,226
05/09/2015,INT,NC,ASO,ES,Federal Contract Tower,2,6,8,0,16,0,0,66,0,66,2,6,74,0,82,4,0,4,86
05/10/2015,INT,NC,ASO,ES,Federal Contract Tower,0,5,14,0,19,0,0,1,0,1,0,5,15,0,20,2,0,2,22
05/11/2015,INT,NC,ASO,ES,Federal Contract Tower,0,3,26,0,29,0,0,37,0,37,0,3,63,0,66,36,0,36,102
05/12/2015,INT,NC,ASO,ES,Federal Contract Tower,0,2,13,1,16,0,3,48,2,53,0,5,61,3,69,22,0,22,91
05/13/2015,INT,NC,ASO,ES,Federal Contract Tower,0,9,32,3,44,0,5,67,5,77,0,14,99,8,121,68,14,82,203
05/14/2015,INT,NC,ASO,ES,Federal Contract Tower,0,3,27,9,39,0,0,86,6,92,0,3,113,15,131,126,0,126,257
05/15/2015,INT,NC,ASO,ES,Federal Contract Tower,0,3,35,1,39,0,1,37,0,38,0,4,72,1,77,32,0,32,109
05/16/2015,INT,NC,ASO,ES,Federal Contract Tower,0,13,32,0,45,0,0,65,0,65,0,13,97,0,110,20,0,20,130
05/17/2015,INT,NC,ASO,ES,Federal Contract Tower,1,11,17,0,29,0,0,81,1,82,1,11,98,1,111,34,2,36,147
05/18/2015,INT,NC,ASO,ES,Federal Contract Tower,0,19,32,0,51,0,1,28,0,29,0,20,60,0,80,8,0,8,88
05/19/2015,INT,NC,ASO,ES,Federal Contract Tower,0,5,37,0,42,0,1,70,4,75,0,6,107,4,117,34,0,34,151
05/20/2015,INT,NC,ASO,ES,Federal Contract Tower,0,8,37,0,45,0,1,71,0,72,0,9,108,0,117,46,0,46,163
05/21/2015,INT,NC,ASO,ES,Federal Contract Tower,0,11,26,7,44,0,0,27,4,31,0,11,53,11,75,48,2,50,125
05/22/2015,INT,NC,ASO,ES,Federal Contract Tower,0,4,33,0,37,0,0,144,0,144,0,4,177,0,181,54,0,54,235
05/23/2015,INT,NC,ASO,ES,Federal Contract Tower,1,2,23,0,26,0,0,103,2,105,1,2,126,2,131,90,0,90,221
05/24/2015,INT,NC,ASO,ES,Federal Contract Tower,0,1,9,0,10,0,2,58,0,60,0,3,67,0,70,12,0,12,82
05/25/2015,INT,NC,ASO,ES,Federal Contract Tower,0,1,26,0,27,0,2,69,0,71,0,3,95,0,98,26,0,26,124
05/26/2015,INT,NC,ASO,ES,Federal Contract Tower,0,2,29,2,33,0,5,43,0,48,0,7,72,2,81,52,0,52,133
05/27/2015,INT,NC,ASO,ES,Federal Contract Tower,0,10,21,0,31,0,3,51,0,54,0,13,72,0,85,76,0,76,161
05/28/2015,INT,NC,ASO,ES,Federal Contract Tower,1,13,25,0,39,0,1,96,1,98,1,14,121,1,137,76,0,76,213
05/29/2015,INT,NC,ASO,ES,Federal Contract Tower,0,3,26,2,31,0,0,49,1,50,0,3,75,3,81,46,0,46,127
05/30/2015,INT,NC,ASO,ES,Federal Contract Tower,0,4,13,0,17,0,1,104,1,106,0,5,117,1,123,66,0,66,189
05/31/2015,INT,NC,ASO,ES,Federal Contract Tower,0,6,18,0,24,0,0,50,2,52,0,6,68,2,76,32,0,32,108
06/01/2015,INT,NC,ASO,ES,Federal Contract Tower,0,0,23,0,23,0,0,49,2,51,0,0,72,2,74,16,0,16,90
06/02/2015,INT,NC,ASO,ES,Federal Contract Tower,0,4,33,0,37,0,0,25,0,25,0,4,58,0,62,6,0,6,68
06/03/2015,INT,NC,ASO,ES,Federal Contract Tower,0,4,26,0,30,0,0,0,0,0,0,4,26,0,30,0,0,0,30
06/04/2015,INT,NC,ASO,ES,Federal Contract Tower,0,6,44,0,50,0,0,39,0,39,0,6,83,0,89,26,0,26,115
06/05/2015,INT,NC,ASO,ES,Federal Contract Tower,0,6,29,0,35,0,2,51,12,65,0,8,80,12,100,36,6,42,142
06/06/2015,INT,NC,ASO,ES,Federal Contract Tower,1,2,15,1,19,0,0,68,2,70,1,2,83,3,89,56,0,56,145
06/07/2015,INT,NC,ASO,ES,Federal Contract Tower,0,2,34,0,36,0,2,59,0,61,0,4,93,0,97,30,0,30,127
06/08/2015,INT,NC,ASO,ES,Federal Contract Tower,0,7,32,0,39,0,1,27,0,28,0,8,59,0,67,10,0,10,77
06/09/2015,INT,NC,ASO,ES,Federal Contract Tower,0,5,36,0,41,0,0,65,0,65,0,5,101,0,106,68,0,68,174
06/10/2015,INT,NC,ASO,ES,Federal Contract Tower,0,6,40,2,48,0,0,136,4,140,0,6,176,6,188,80,0,80,268
06/11/2015,INT,NC,ASO,ES,Federal Contract Tower,2,14,45,0,61,0,3,139,0,142,2,17,184,0,203,60,0,60,263
06/12/2015,INT,NC,ASO,ES,Federal Contract Tower,0,7,26,0,33,0,0,73,0,73,0,7,99,0,106,80,0,80,186
06/13/2015,INT,NC,ASO,ES,Federal Contract Tower,0,4,11,0,15,0,2,80,0,82,0,6,91,0,97,42,0,42,139
06/14/2015,INT,NC,ASO,ES,Federal Contract Tower,0,7,23,0,30,0,0,40,0,40,0,7,63,0,70,42,0,42,112
06/15/2015,INT,NC,ASO,ES,Federal Contract Tower,0,3,28,0,31,0,3,57,0,60,0,6,85,0,91,30,0,30,121
06/16/2015,INT,NC,ASO,ES,Federal Contract Tower,0,8,23,0,31,0,2,54,0,56,0,10,77,0,87,32,0,32,119
06/17/2015,INT,NC,ASO,ES,Federal Contract Tower,0,13,22,0,35,0,9,67,0,76,0,22,89,0,111,80,0,80,191
06/18/2015,INT,NC,ASO,ES,Federal Contract Tower,0,2,21,0,23,0,0,74,0,74,0,2,95,0,97,10,6,16,113
06/19/2015,INT,NC,ASO,ES,Federal Contract Tower,2,11,21,0,34,0,1,79,1,81,2,12,100,1,115,50,0,50,165
06/20/2015,INT,NC,ASO,ES,Federal Contract Tower,0,2,12,0,14,0,0,39,0,39,0,2,51,0,53,30,0,30,83
06/21/2015,INT,NC,ASO,ES,Federal Contract Tower,0,4,18,0,22,0,3,33,0,36,0,7,51,0,58,14,0,14,72
06/22/2015,INT,NC,ASO,ES,Federal Contract Tower,0,0,26,2,28,0,0,60,0,60,0,0,86,2,88,32,6,38,126
06/23/2015,INT,NC,ASO,ES,Federal Contract Tower,0,6,32,0,38,0,2,38,0,40,0,8,70,0,78,34,0,34,112
06/24/2015,INT,NC,ASO,ES,Federal Contract Tower,0,8,24,0,32,0,2,64,0,66,0,10,88,0,98,30,0,30,128
06/25/2015,INT,NC,ASO,ES,Federal Contract Tower,1,6,26,0,33,0,1,65,1,67,1,7,91,1,100,66,0,66,166
06/26/2015,INT,NC,ASO,ES,Federal Contract Tower,0,10,15,0,25,0,0,109,0,109,0,10,124,0,134,34,0,34,168
06/27/2015,INT,NC,ASO,ES,Federal Contract Tower,0,2,9,0,11,0,0,3,0,3,0,2,12,0,14,0,0,0,14
06/28/2015,INT,NC,ASO,ES,Federal Contract Tower,1,3,17,0,21,0,0,67,0,67,1,3,84,0,88,38,4,42,130
06/29/2015,INT,NC,ASO,ES,Federal Contract Tower,0,8,31,0,39,0,0,97,0,97,0,8,128,0,136,58,0,58,194
06/30/2015,INT,NC,ASO,ES,Federal Contract Tower,0,1,29,0,30,0,0,57,0,57,0,1,86,0,87,48,0,48,135
07/01/2015,INT,NC,ASO,ES,Federal Contract Tower,1,2,32,2,37,0,0,81,2,83,1,2,113,4,120,58,0,58,178
07/02/2015,INT,NC,ASO,ES,Federal Contract Tower,1,4,26,0,31,0,0,40,0,40,1,4,66,0,71,36,0,36,107
07/03/2015,INT,NC,ASO,ES,Federal Contract Tower,1,2,14,0,17,0,0,102,0,102,1,2,116,0,119,0,0,0,119
07/04/2015,INT,NC,ASO,ES,Federal Contract Tower,0,0,11,0,11,0,0,61,0,61,0,0,72,0,72,14,0,14,86
07/05/2015,INT,NC,ASO,ES,Federal Contract Tower,0,0,12,0,12,0,0,68,0,68,0,0,80,0,80,66,0,66,146
07/06/2015,INT,NC,ASO,ES,Federal Contract Tower,0,5,25,1,31,0,0,73,1,74,0,5,98,2,105,32,0,32,137
07/07/2015,INT,NC,ASO,ES,Federal Contract Tower,0,1,28,1,30,0,2,88,4,94,0,3,116,5,124,62,0,62,186
07/08/2015,INT,NC,ASO,ES,Federal Contract Tower,0,2,15,0,17,0,0,111,0,111,0,2,126,0,128,64,0,64,192
07/09/2015,INT,NC,ASO,ES,Federal Contract Tower,1,3,36,0,40,0,2,81,5,88,1,5,117,5,128,70,0,70,198
07/10/2015,INT,NC,ASO,ES,Federal Contract Tower,0,2,20,0,22,0,0,60,3,63,0,2,80,3,85,84,0,84,169
07/11/2015,INT,NC,ASO,ES,Federal Contract Tower,0,2,14,0,16,0,0,78,2,80,0,2,92,2,96,64,0,64,160
07/12/2015,INT,NC,ASO,ES,Federal Contract Tower,1,4,25,0,30,0,2,78,3,83,1,6,103,3,113,44,0,44,157
07/13/2015,INT,NC,ASO,ES,Federal Contract Tower,0,7,12,0,19,0,0,81,0,81,0,7,93,0,100,30,0,30,130
07/14/2015,INT,NC,ASO,ES,Federal Contract Tower,0,8,28,1,37,0,1,53,1,55,0,9,81,2,92,42,0,42,134
07/15/2015,INT,NC,ASO,ES,Federal Contract Tower,1,8,24,0,33,0,1,113,8,122,1,9,137,8,155,104,6,110,265
07/16/2015,INT,NC,ASO,ES,Federal Contract Tower,0,9,32,2,43,0,0,134,2,136,0,9,166,4,179,74,0,74,253
07/17/2015,INT,NC,ASO,ES,Federal Contract Tower,0,2,24,0,26,0,0,94,2,96,0,2,118,2,122,56,0,56,178
07/18/2015,INT,NC,ASO,ES,Federal Contract Tower,0,4,20,0,24,0,0,58,1,59,0,4,78,1,83,56,0,56,139
07/19/2015,INT,NC,ASO,ES,Federal Contract Tower,0,1,16,0,17,0,7,66,0,73,0,8,82,0,90,26,0,26,116
07/20/2015,INT,NC,ASO,ES,Federal Contract Tower,0,7,24,0,31,0,3,51,0,54,0,10,75,0,85,88,0,88,173
07/21/2015,INT,NC,ASO,ES,Federal Contract Tower,0,5,33,0,38,0,11,60,7,78,0,16,93,7,116,56,0,56,172
07/22/2015,INT,NC,ASO,ES,Federal Contract Tower,0,4,33,1,38,0,9,114,2,125,0,13,147,3,163,144,0,144,307
07/23/2015,INT,NC,ASO,ES,Federal Contract Tower,0,6,46,0,52,0,2,41,9,52,0,8,87,9,104,48,6,54,158
07/24/2015,INT,NC,ASO,ES,Federal Contract Tower,0,2,31,2,35,0,0,74,6,80,0,2,105,8,115,74,8,82,197
07/25/2015,INT,NC,ASO,ES,Federal Contract Tower,0,6,20,0,26,0,2,73,0,75,0,8,93,0,101,56,0,56,157
07/26/2015,INT,NC,ASO,ES,Federal Contract Tower,0,4,11,1,16,0,6,34,0,40,0,10,45,1,56,20,2,22,78
07/27/2015,INT,NC,ASO,ES,Federal Contract Tower,0,9,24,0,33,0,3,46,0,49,0,12,70,0,82,60,0,60,142
07/28/2015,INT,NC,ASO,ES,Federal Contract Tower,0,4,25,0,29,0,0,59,0,59,0,4,84,0,88,22,0,22,110
07/29/2015,INT,NC,ASO,ES,Federal Contract Tower,0,3,47,2,52,0,2,53,0,55,0,5,100,2,107,78,0,78,185
07/30/2015,INT,NC,ASO,ES,Federal Contract Tower,0,7,24,0,31,0,2,60,0,62,0,9,84,0,93,68,0,68,161
07/31/2015,INT,NC,ASO,ES,Federal Contract Tower,0,5,19,0,24,0,0,70,1,71,0,5,89,1,95,28,0,28,123
08/01/2015,INT,NC,ASO,ES,Federal Contract Tower,0,0,8,0,8,0,0,75,0,75,0,0,83,0,83,72,0,72,155
08/02/2015,INT,NC,ASO,ES,Federal Contract Tower,0,2,15,0,17,0,0,64,3,67,0,2,79,3,84,38,0,38,122
08/03/2015,INT,NC,ASO,ES,Federal Contract Tower,3,0,23,0,26,0,6,48,0,54,3,6,71,0,80,64,0,64,144
08/04/2015,INT,NC,ASO,ES,Federal Contract Tower,0,8,50,0,58,0,0,79,3,82,0,8,129,3,140,102,0,102,242
08/05/2015,INT,NC,ASO,ES,Federal Contract Tower,0,1,16,0,17,0,0,76,0,76,0,1,92,0,93,70,0,70,163
08/06/2015,INT,NC,ASO,ES,Federal Contract Tower,1,1,40,0,42,0,3,101,10,114,1,4,141,10,156,64,0,64,220
08/07/2015,INT,NC,ASO,ES,Federal Contract Tower,0,14,21,0,35,0,0,1,2,3,0,14,22,2,38,0,8,8,46
08/08/2015,INT,NC,ASO,ES,Federal Contract Tower,2,1,12,0,15,0,0,81,2,83,2,1,93,2,98,62,0,62,160
08/09/2015,INT,NC,ASO,ES,Federal Contract Tower,0,4,16,0,20,0,3,99,0,102,0,7,115,0,122,54,0,54,176
08/10/2015,INT,NC,ASO,ES,Federal Contract Tower,0,7,13,2,22,0,0,35,10,45,0,7,48,12,67,22,0,22,89
08/11/2015,INT,NC,ASO,ES,Federal Contract Tower,0,2,27,0,29,0,3,23,0,26,0,5,50,0,55,24,0,24,79
08/12/2015,INT,NC,ASO,ES,Federal Contract Tower,1,6,37,0,44,0,3,105,2,110,1,9,142,2,154,74,0,74,228
08/13/2015,INT,NC,ASO,ES,Federal Contract Tower,0,14,26,0,40,0,2,78,1,81,0,16,104,1,121,94,0,94,215
08/14/2015,INT,NC,ASO,ES,Federal Contract Tower,0,0,23,1,24,0,0,87,0,87,0,0,110,1,111,44,0,44,155
08/15/2015,INT,NC,ASO,ES,Federal Contract Tower,0,5,16,1,22,0,0,74,1,75,0,5,90,2,97,22,0,22,119
08/16/2015,INT,NC,ASO,ES,Federal Contract Tower,0,3,19,0,22,0,5,60,2,67,0,8,79,2,89,36,0,36,125
08/17/2015,INT,NC,ASO,ES,Federal Contract Tower,0,5,22,0,27,0,0,76,4,80,0,5,98,4,107,112,10,122,229
08/18/2015,INT,NC,ASO,ES,Federal Contract Tower,2,1,24,0,27,0,0,31,0,31,2,1,55,0,58,28,0,28,86
08/19/2015,INT,NC,ASO,ES,Federal Contract Tower,0,4,30,0,34,0,0,30,2,32,0,4,60,2,66,24,0,24,90
08/20/2015,INT,NC,ASO,ES,Federal Contract Tower,0,7,55,0,62,0,5,37,2,44,0,12,92,2,106,14,0,14,120
08/21/2015,INT,NC,ASO,ES,Federal Contract Tower,0,8,33,0,41,0,3,76,0,79,0,11,109,0,120,64,0,64,184
08/22/2015,INT,NC,ASO,ES,Federal Contract Tower,0,8,23,0,31,0,0,77,1,78,0,8,100,1,109,56,0,56,165
08/23/2015,INT,NC,ASO,ES,Federal Contract Tower,0,4,24,0,28,0,2,41,0,43,0,6,65,0,71,20,0,20,91
08/24/2015,INT,NC,ASO,ES,Federal Contract Tower,2,9,24,0,35,0,0,39,0,39,2,9,63,0,74,46,0,46,120
08/25/2015,INT,NC,ASO,ES,Federal Contract Tower,1,9,44,0,54,0,1,74,0,75,1,10,118,0,129,50,0,50,179
08/26/2015,INT,NC,ASO,ES,Federal Contract Tower,0,3,29,0,32,0,4,50,0,54,0,7,79,0,86,52,0,52,138
08/27/2015,INT,NC,ASO,ES,Federal Contract Tower,0,5,32,0,37,0,1,64,0,65,0,6,96,0,102,98,0,98,200
08/28/2015,INT,NC,ASO,ES,Federal Contract Tower,0,2,53,0,55,0,0,91,7,98,0,2,144,7,153,54,0,54,207
08/29/2015,INT,NC,ASO,ES,Federal Contract Tower,2,14,27,0,43,0,0,54,0,54,2,14,81,0,97,80,0,80,177
08/30/2015,INT,NC,ASO,ES,Federal Contract Tower,0,4,19,0,23,0,5,110,0,115,0,9,129,0,138,28,0,28,166
08/31/2015,INT,NC,ASO,ES,Federal Contract Tower,0,4,33,0,37,0,2,53,0,55,0,6,86,0,92,36,0,36,128
09/01/2015,INT,NC,ASO,ES,Federal Contract Tower,0,3,28,0,31,0,4,42,1,47,0,7,70,1,78,28,12,40,118
09/02/2015,INT,NC,ASO,ES,Federal Contract Tower,0,3,39,0,42,0,0,51,0,51,0,3,90,0,93,58,0,58,151
09/03/2015,INT,NC,ASO,ES,Federal Contract Tower,0,3,30,0,33,0,2,100,2,104,0,5,130,2,137,98,0,98,235
09/04/2015,INT,NC,ASO,ES,Federal Contract Tower,2,2,24,0,28,0,0,70,0,70,2,2,94,0,98,28,0,28,126
09/05/2015,INT,NC,ASO,ES,Federal Contract Tower,2,1,17,0,20,0,2,18,0,20,2,3,35,0,40,6,0,6,46
09/06/2015,INT,NC,ASO,ES,Federal Contract Tower,0,0,14,0,14,0,4,41,0,45,0,4,55,0,59,14,0,14,73
09/07/2015,INT,NC,ASO,ES,Federal Contract Tower,1,4,24,2,31,0,2,30,0,32,1,6,54,2,63,26,0,26,89
09/08/2015,INT,NC,ASO,ES,Federal Contract Tower,1,6,26,0,33,0,3,50,4,57,1,9,76,4,90,4,0,4,94
09/09/2015,INT,NC,ASO,ES,Federal Contract Tower,0,2,21,0,23,0,3,32,2,37,0,5,53,2,60,20,0,20,80
09/10/2015,INT,NC,ASO,ES,Federal Contract Tower,0,9,24,0,33,0,0,17,4,21,0,9,41,4,54,4,8,12,66
09/11/2015,INT,NC,ASO,ES,Federal Contract Tower,0,4,31,0,35,0,0,106,8,114,0,4,137,8,149,96,0,96,245
09/12/2015,INT,NC,ASO,ES,Federal Contract Tower,0,2,4,0,6,0,0,28,0,28,0,2,32,0,34,58,0,58,92
09/13/2015,INT,NC,ASO,ES,Federal Contract Tower,0,1,24,2,27,0,9,61,0,70,0,10,85,2,97,54,2,56,153
09/14/2015,INT,NC,ASO,ES,Federal Contract Tower,0,4,42,0,46,0,3,88,0,91,0,7,130,0,137,40,0,40,177
09/15/2015,INT,NC,ASO,ES,Federal Contract Tower,0,7,32,0,39,0,1,87,2,90,0,8,119,2,129,74,0,74,203
09/16/2015,INT,NC,ASO,ES,Federal Contract Tower,2,2,32,0,36,0,5,100,0,105,2,7,132,0,141,80,0,80,221
09/17/2015,INT,NC,ASO,ES,Federal Contract Tower,2,4,27,0,33,0,1,142,2,145,2,5,169,2,178,72,6,78,256
09/18/2015,INT,NC,ASO,ES,Federal Contract Tower,0,6,24,1,31,0,5,83,9,97,0,11,107,10,128,48,8,56,184
09/19/2015,INT,NC,ASO,ES,Federal Contract Tower,0,2,12,0,14,0,0,62,44,106,0,2,74,44,120,14,36,50,170
09/20/2015,INT,NC,ASO,ES,Federal Contract Tower,0,1,12,1,14,0,8,64,48,120,0,9,76,49,134,14,0,14,148
09/21/2015,INT,NC,ASO,ES,Federal Contract Tower,1,5,26,5,37,0,0,0,0,0,1,5,26,5,37,4,0,4,41
09/22/2015,INT,NC,ASO,ES,Federal Contract Tower,0,7,17,1,25,0,0,13,0,13,0,7,30,1,38,16,0,16,54
09/23/2015,INT,NC,ASO,ES,Federal Contract Tower,0,5,18,1,24,0,2,72,4,78,0,7,90,5,102,138,0,138,240
09/24/2015,INT,NC,ASO,ES,Federal Contract Tower,1,12,16,0,29,0,9,52,0,61,1,21,68,0,90,10,0,10,100
09/25/2015,INT,NC,ASO,ES,Federal Contract Tower,0,11,22,0,33,0,0,0,0,0,0,11,22,0,33,0,0,0,33
09/26/2015,INT,NC,ASO,ES,Federal Contract Tower,2,6,7,0,15,0,0,0,0,0,2,6,7,0,15,0,0,0,15
09/27/2015,INT,NC,ASO,ES,Federal Contract Tower,0,9,24,0,33,0,0,0,0,0,0,9,24,0,33,0,0,0,33
09/28/2015,INT,NC,ASO,ES,Federal Contract Tower,1,12,20,0,33,0,0,0,0,0,1,12,20,0,33,0,0,0,33
09/29/2015,INT,NC,ASO,ES,Federal Contract Tower,1,4,39,0,44,0,0,1,0,1,1,4,40,0,45,0,0,0,45
09/30/2015,INT,NC,ASO,ES,Federal Contract Tower,0,2,18,0,20,0,0,47,0,47,0,2,65,0,67,64,0,64,131
10/01/2015,INT,NC,ASO,ES,Federal Contract Tower,0,18,34,0,52,0,0,0,0,0,0,18,34,0,52,0,0,0,52
10/02/2015,INT,NC,ASO,ES,Federal Contract Tower,0,10,32,0,42,0,0,0,0,0,0,10,32,0,42,2,0,2,44
10/03/2015,INT,NC,ASO,ES,Federal Contract Tower,0,3,3,0,6,0,0,0,0,0,0,3,3,0,6,0,0,0,6
10/04/2015,INT,NC,ASO,ES,Federal Contract Tower,0,8,19,0,27,0,0,0,0,0,0,8,19,0,27,0,0,0,27
10/05/2015,INT,NC,ASO,ES,Federal Contract Tower,0,10,18,0,28,0,6,5,0,11,0,16,23,0,39,2,0,2,41
10/06/2015,INT,NC,ASO,ES,Federal Contract Tower,0,2,27,0,29,0,0,100,2,102,0,2,127,2,131,46,0,46,177
10/07/2015,INT,NC,ASO,ES,Federal Contract Tower,0,4,24,0,28,0,0,121,0,121,0,4,145,0,149,110,0,110,259
10/08/2015,INT,NC,ASO,ES,Federal Contract Tower,0,5,45,0,50,0,0,86,2,88,0,5,131,2,138,70,0,70,208
10/09/2015,INT,NC,ASO,ES,Federal Contract Tower,0,6,32,0,38,0,0,79,0,79,0,6,111,0,117,70,0,70,187
10/10/2015,INT,NC,ASO,ES,Federal Contract Tower,0,6,13,0,19,0,0,1,0,1,0,6,14,0,20,0,0,0,20
10/11/2015,INT,NC,ASO,ES,Federal Contract Tower,1,8,22,0,31,0,3,78,1,82,1,11,100,1,113,70,0,70,183
10/12/2015,INT,NC,ASO,ES,Federal Contract Tower,1,6,30,0,37,0,6,113,0,119,1,12,143,0,156,82,0,82,238
10/13/2015,INT,NC,ASO,ES,Federal Contract Tower,1,4,16,0,21,0,1,41,2,44,1,5,57,2,65,56,4,60,125
10/14/2015,INT,NC,ASO,ES,Federal Contract Tower,0,11,30,2,43,0,10,67,0,77,0,21,97,2,120,68,0,68,188
10/15/2015,INT,NC,ASO,ES,Federal Contract Tower,0,18,30,0,48,0,0,76,2,78,0,18,106,2,126,36,0,36,162
10/16/2015,INT,NC,ASO,ES,Federal Contract Tower,0,5,37,0,42,0,0,91,0,91,0,5,128,0,133,38,0,38,171
10/17/2015,INT,NC,ASO,ES,Federal Contract Tower,0,0,30,0,30,0,0,75,4,79,0,0,105,4,109,26,0,26,135
10/18/2015,INT,NC,ASO,ES,Federal Contract Tower,0,6,36,0,42,0,3,49,0,52,0,9,85,0,94,0,0,0,94
10/19/2015,INT,NC,ASO,ES,Federal Contract Tower,0,3,17,0,20,0,6,56,2,64,0,9,73,2,84,60,0,60,144
10/20/2015,INT,NC,ASO,ES,Federal Contract Tower,0,5,40,1,46,0,2,80,1,83,0,7,120,2,129,28,2,30,159
10/21/2015,INT,NC,ASO,ES,Federal Contract Tower,0,9,30,0,39,0,3,104,0,107,0,12,134,0,146,84,0,84,230
10/22/2015,INT,NC,ASO,ES,Federal Contract Tower,0,6,29,0,35,0,7,84,1,92,0,13,113,1,127,44,0,44,171
10/23/2015,INT,NC,ASO,ES,Federal Contract Tower,0,6,47,0,53,0,0,91,2,93,0,6,138,2,146,60,0,60,206
10/24/2015,INT,NC,ASO,ES,Federal Contract Tower,1,6,25,0,32,0,0,18,2,20,1,6,43,2,52,4,0,4,56
10/25/2015,INT,NC,ASO,ES,Federal Contract Tower,0,8,33,0,41,0,5,21,1,27,0,13,54,1,68,20,0,20,88
10/26/2015,INT,NC,ASO,ES,Federal Contract Tower,1,7,43,0,51,0,2,30,0,32,1,9,73,0,83,66,0,66,149
10/27/2015,INT,NC,ASO,ES,Federal Contract Tower,0,5,29,0,34,0,0,0,0,0,0,5,29,0,34,0,0,0,34
10/28/2015,INT,NC,ASO,ES,Federal Contract Tower,0,5,23,0,28,0,0,0,0,0,0,5,23,0,28,0,0,0,28
10/29/2015,INT,NC,ASO,ES,Federal Contract Tower,1,17,36,5,59,0,11,98,12,121,1,28,134,17,180,60,2,62,242
10/30/2015,INT,NC,ASO,ES,Federal Contract Tower,0,9,45,0,54,0,0,64,4,68,0,9,109,4,122,62,0,62,184
10/31/2015,INT,NC,ASO,ES,Federal Contract Tower,0,4,35,0,39,0,0,85,4,89,0,4,120,4,128,76,0,76,204
11/01/2015,INT,NC,ASO,ES,Federal Contract Tower,0,5,18,0,23,0,0,0,0,0,0,5,18,0,23,2,0,2,25
11/02/2015,INT,NC,ASO,ES,Federal Contract Tower,0,3,14,0,17,0,0,0,0,0,0,3,14,0,17,0,0,0,17
11/03/2015,INT,NC,ASO,ES,Federal Contract Tower,0,3,32,0,35,0,0,2,0,2,0,3,34,0,37,6,0,6,43
11/04/2015,INT,NC,ASO,ES,Federal Contract Tower,1,2,26,0,29,0,0,39,0,39,1,2,65,0,68,14,0,14,82
11/05/2015,INT,NC,ASO,ES,Federal Contract Tower,0,7,37,0,44,0,1,79,8,88,0,8,116,8,132,68,0,68,200
11/06/2015,INT,NC,ASO,ES,Federal Contract Tower,0,6,46,0,52,0,0,0,0,0,0,6,46,0,52,0,0,0,52
11/07/2015,INT,NC,ASO,ES,Federal Contract Tower,0,3,17,0,20,0,0,2,0,2,0,3,19,0,22,0,0,0,22
11/08/2015,INT,NC,ASO,ES,Federal Contract Tower,0,4,21,0,25,0,9,51,2,62,0,13,72,2,87,28,0,28,115
11/09/2015,INT,NC,ASO,ES,Federal Contract Tower,1,8,22,0,31,0,0,0,0,0,1,8,22,0,31,0,0,0,31
11/10/2015,INT,NC,ASO,ES,Federal Contract Tower,0,11,32,0,43,0,1,80,0,81,0,12,112,0,124,30,0,30,154
11/11/2015,INT,NC,ASO,ES,Federal Contract Tower,0,10,28,0,38,0,4,90,5,99,0,14,118,5,137,54,0,54,191
11/12/2015,INT,NC,ASO,ES,Federal Contract Tower,0,15,31,1,47,0,3,104,1,108,0,18,135,2,155,46,0,46,201
11/13/2015,INT,NC,ASO,ES,Federal Contract Tower,0,12,25,0,37,0,0,63,0,63,0,12,88,0,100,76,0,76,176
11/14/2015,INT,NC,ASO,ES,Federal Contract Tower,4,5,19,0,28,0,1,92,5,98,4,6,111,5,126,78,0,78,204
11/15/2015,INT,NC,ASO,ES,Federal Contract Tower,2,6,23,0,31,0,2,82,4,88,2,8,105,4,119,32,0,32,151
11/16/2015,INT,NC,ASO,ES,Federal Contract Tower,1,6,23,2,32,0,9,99,4,112,1,15,122,6,144,16,2,18,162
11/17/2015,INT,NC,ASO,ES,Federal Contract Tower,0,2,30,2,34,0,3,60,0,63,0,5,90,2,97,6,0,6,103
11/18/2015,INT,NC,ASO,ES,Federal Contract Tower,2,1,33,0,36,0,2,20,0,22,2,3,53,0,58,26,0,26,84
11/19/2015,INT,NC,ASO,ES,Federal Contract Tower,0,15,27,0,42,0,2,42,2,46,0,17,69,2,88,38,0,38,126
11/20/2015,INT,NC,ASO,ES,Federal Contract Tower,2,5,30,0,37,0,0,77,2,79,2,5,107,2,116,38,0,38,154
11/21/2015,INT,NC,ASO,ES,Federal Contract Tower,0,2,14,0,16,0,0,78,0,78,0,2,92,0,94,58,0,58,152
11/22/2015,INT,NC,ASO,ES,Federal Contract Tower,0,0,22,0,22,0,0,76,0,76,0,0,98,0,98,62,0,62,160
11/23/2015,INT,NC,ASO,ES,Federal Contract Tower,1,11,19,0,31,0,0,51,0,51,1,11,70,0,82,54,0,54,136
11/24/2015,INT,NC,ASO,ES,Federal Contract Tower,0,7,46,0,53,0,0,106,0,106,0,7,152,0,159,82,0,82,241
11/25/2015,INT,NC,ASO,ES,Federal Contract Tower,1,3,23,1,28,0,0,43,4,47,1,3,66,5,75,14,0,14,89
11/26/2015,INT,NC,ASO,ES,Federal Contract Tower,0,0,6,0,6,0,0,21,0,21,0,0,27,0,27,8,0,8,35
11/27/2015,INT,NC,ASO,ES,Federal Contract Tower,2,1,11,0,14,0,0,78,0,78,2,1,89,0,92,34,0,34,126
11/28/2015,INT,NC,ASO,ES,Federal Contract Tower,0,8,23,0,31,0,0,55,0,55,0,8,78,0,86,0,0,0,86
11/29/2015,INT,NC,ASO,ES,Federal Contract Tower,2,6,31,0,39,0,4,41,0,45,2,10,72,0,84,20,0,20,104
11/30/2015,INT,NC,ASO,ES,Federal Contract Tower,0,14,18,0,32,0,0,0,0,0,0,14,18,0,32,0,0,0,32
12/01/2015,INT,NC,ASO,ES,Federal Contract Tower,1,11,14,0,26,0,0,0,0,0,1,11,14,0,26,0,0,0,26
12/02/2015,INT,NC,ASO,ES,Federal Contract Tower,0,4,30,0,34,0,0,4,0,4,0,4,34,0,38,0,0,0,38
12/03/2015,INT,NC,ASO,ES,Federal Contract Tower,0,6,34,0,40,0,4,140,3,147,0,10,174,3,187,62,8,70,257
12/04/2015,INT,NC,ASO,ES,Federal Contract Tower,0,7,44,0,51,0,0,79,1,80,0,7,123,1,131,54,0,54,185
12/05/2015,INT,NC,ASO,ES,Federal Contract Tower,0,5,21,1,27,0,1,65,7,73,0,6,86,8,100,0,0,0,100
12/06/2015,INT,NC,ASO,ES,Federal Contract Tower,0,6,18,0,24,0,5,58,0,63,0,11,76,0,87,34,0,34,121
12/07/2015,INT,NC,ASO,ES,Federal Contract Tower,0,3,16,0,19,0,1,37,0,38,0,4,53,0,57,46,0,46,103
12/08/2015,INT,NC,ASO,ES,Federal Contract Tower,0,3,38,0,41,0,0,85,0,85,0,3,123,0,126,26,0,26,152
12/09/2015,INT,NC,ASO,ES,Federal Contract Tower,0,4,31,0,35,0,4,61,1,66,0,8,92,1,101,42,0,42,143
12/10/2015,INT,NC,ASO,ES,Federal Contract Tower,0,3,39,1,43,0,0,88,7,95,0,3,127,8,138,56,0,56,194
12/11/2015,INT,NC,ASO,ES,Federal Contract Tower,2,9,43,1,55,0,0,78,2,80,2,9,121,3,135,56,0,56,191
12/12/2015,INT,NC,ASO,ES,Federal Contract Tower,0,5,21,0,26,0,0,41,12,53,0,5,62,12,79,26,2,28,107
12/13/2015,INT,NC,ASO,ES,Federal Contract Tower,0,11,21,0,32,0,3,27,0,30,0,14,48,0,62,6,0,6,68
12/14/2015,INT,NC,ASO,ES,Federal Contract Tower,0,10,21,2,33,0,0,0,0,0,0,10,21,2,33,0,0,0,33
12/15/2015,INT,NC,ASO,ES,Federal Contract Tower,0,9,54,2,65,0,2,60,2,64,0,11,114,4,129,14,0,14,143
12/16/2015,INT,NC,ASO,ES,Federal Contract Tower,2,7,26,0,35,0,21,45,4,70,2,28,71,4,105,26,0,26,131
12/17/2015,INT,NC,ASO,ES,Federal Contract Tower,0,10,17,0,27,0,0,0,0,0,0,10,17,0,27,0,0,0,27
12/18/2015,INT,NC,ASO,ES,Federal Contract Tower,0,13,20,0,33,0,0,38,0,38,0,13,58,0,71,56,0,56,127
12/19/2015,INT,NC,ASO,ES,Federal Contract Tower,1,4,11,0,16,0,1,68,4,73,1,5,79,4,89,92,0,92,181
12/20/2015,INT,NC,ASO,ES,Federal Contract Tower,3,8,15,0,26,0,0,64,2,66,3,8,79,2,92,46,0,46,138
12/21/2015,INT,NC,ASO,ES,Federal Contract Tower,2,6,12,0,20,0,5,87,0,92,2,11,99,0,112,88,0,88,200
12/22/2015,INT,NC,ASO,ES,Federal Contract Tower,0,7,15,0,22,0,0,0,0,0,0,7,15,0,22,0,0,0,22
12/23/2015,INT,NC,ASO,ES,Federal Contract Tower,0,7,11,0,18,0,0,0,0,0,0,7,11,0,18,0,0,0,18
12/24/2015,INT,NC,ASO,ES,Federal Contract Tower,0,3,2,0,5,0,0,0,0,0,0,3,2,0,5,0,0,0,5
12/25/2015,INT,NC,ASO,ES,Federal Contract Tower,0,1,6,0,7,0,0,2,0,2,0,1,8,0,9,0,0,0,9
12/26/2015,INT,NC,ASO,ES,Federal Contract Tower,0,2,23,0,25,0,0,37,2,39,0,2,60,2,64,34,2,36,100
12/27/2015,INT,NC,ASO,ES,Federal Contract Tower,0,5,15,0,20,0,3,14,0,17,0,8,29,0,37,4,0,4,41
12/28/2015,INT,NC,ASO,ES,Federal Contract Tower,2,7,7,0,16,0,0,0,0,0,2,7,7,0,16,0,0,0,16
12/29/2015,INT,NC,ASO,ES,Federal Contract Tower,0,5,10,0,15,0,0,0,0,0,0,5,10,0,15,0,0,0,15
12/30/2015,INT,NC,ASO,ES,Federal Contract Tower,0,1,6,0,7,0,0,0,0,0,0,1,6,0,7,0,0,0,7
12/31/2015,INT,NC,ASO,ES,Federal Contract Tower,0,1,17,0,18,0,0,99,4,103,0,1,116,4,121,66,0,66,187
01/01/2016,INT,NC,ASO,ES,Federal Contract Tower,0,0,12,0,12,0,0,32,0,32,0,0,44,0,44,18,0,18,62
01/02/2016,INT,NC,ASO,ES,Federal Contract Tower,1,5,15,0,21,0,0,73,6,79,1,5,88,6,100,32,0,32,132
01/03/2016,INT,NC,ASO,ES,Federal Contract Tower,0,4,11,0,15,0,6,56,2,64,0,10,67,2,79,28,0,28,107
01/04/2016,INT,NC,ASO,ES,Federal Contract Tower,1,1,17,0,19,0,4,44,0,48,1,5,61,0,67,8,0,8,75
01/05/2016,INT,NC,ASO,ES,Federal Contract Tower,1,2,15,0,18,0,0,39,2,41,1,2,54,2,59,38,2,40,99
01/06/2016,INT,NC,ASO,ES,Federal Contract Tower,0,14,29,0,43,0,6,88,0,94,0,20,117,0,137,92,0,92,229
01/07/2016,INT,NC,ASO,ES,Federal Contract Tower,1,9,18,0,28,0,0,63,2,65,1,9,81,2,93,76,4,80,173
01/08/2016,INT,NC,ASO,ES,Federal Contract Tower,0,3,7,0,10,0,0,0,0,0,0,3,7,0,10,0,0,0,10
01/09/2016,INT,NC,ASO,ES,Federal Contract Tower,0,2,5,0,7,0,0,0,0,0,0,2,5,0,7,0,0,0,7
01/10/2016,INT,NC,ASO,ES,Federal Contract Tower,0,5,20,0,25,0,1,21,2,24,0,6,41,2,49,24,0,24,73
01/11/2016,INT,NC,ASO,ES,Federal Contract Tower,0,9,35,1,45,0,7,64,4,75,0,16,99,5,120,32,0,32,152
01/12/2016,INT,NC,ASO,ES,Federal Contract Tower,0,5,16,0,21,0,3,22,0,25,0,8,38,0,46,26,0,26,72
01/13/2016,INT,NC,ASO,ES,Federal Contract Tower,0,12,20,0,32,0,2,80,4,86,0,14,100,4,118,64,6,70,188
01/14/2016,INT,NC,ASO,ES,Federal Contract Tower,1,16,23,0,40,0,0,68,2,70,1,16,91,2,110,66,0,66,176
01/15/2016,INT,NC,ASO,ES,Federal Contract Tower,0,11,36,0,47,0,2,21,1,24,0,13,57,1,71,24,0,24,95
01/16/2016,INT,NC,ASO,ES,Federal Contract Tower,1,8,31,0,40,0,1,50,9,60,1,9,81,9,100,72,6,78,178
01/17/2016,INT,NC,ASO,ES,Federal Contract Tower,1,1,7,0,9,0,0,3,0,3,1,1,10,0,12,0,0,0,12
01/18/2016,INT,NC,ASO,ES,Federal Contract Tower,0,13,17,0,30,0,7,36,2,45,0,20,53,2,75,10,0,10,85
01/19/2016,INT,NC,ASO,ES,Federal Contract Tower,0,7,17,0,24,0,5,27,0,32,0,12,44,0,56,14,0,14,70
01/20/2016,INT,NC,ASO,ES,Federal Contract Tower,0,4,16,0,20,0,1,17,0,18,0,5,33,0,38,42,0,42,80
01/21/2016,INT,NC,ASO,ES,Federal Contract Tower,0,7,22,0,29,2,67,2,0,71,2,74,24,0,100,52,0,52,152
01/22/2016,INT,NC,ASO,ES,Federal Contract Tower,0,0,0,0,0,0,0,0,0,0,0,0,0,0,0,0,0,0,0
01/23/2016,INT,NC,ASO,ES,Federal Contract Tower,0,0,0,0,0,0,2,0,0,2,0,2,0,0,2,0,0,0,2
01/24/2016,INT,NC,ASO,ES,Federal Contract Tower,0,4,7,0,11,0,2,5,0,7,0,6,12,0,18,2,0,2,20
01/25/2016,INT,NC,ASO,ES,Federal Contract Tower,2,12,30,0,44,0,4,42,0,46,2,16,72,0,90,22,0,22,112
01/26/2016,INT,NC,ASO,ES,Federal Contract Tower,1,16,35,0,52,0,2,41,4,47,1,18,76,4,99,28,0,28,127
01/27/2016,INT,NC,ASO,ES,Federal Contract Tower,2,11,22,1,36,0,2,74,2,78,2,13,96,3,114,70,0,70,184
01/28/2016,INT,NC,ASO,ES,Federal Contract Tower,0,16,30,0,46,0,3,40,4,47,0,19,70,4,93,6,0,6,99
01/29/2016,INT,NC,ASO,ES,Federal Contract Tower,0,10,30,1,41,0,4,68,4,76,0,14,98,5,117,42,0,42,159
01/30/2016,INT,NC,ASO,ES,Federal Contract Tower,2,1,24,0,27,0,0,83,6,89,2,1,107,6,116,68,0,68,184
01/31/2016,INT,NC,ASO,ES,Federal Contract Tower,3,4,24,0,31,0,2,76,0,78,3,6,100,0,109,36,0,36,145
02/01/2016,INT,NC,ASO,ES,Federal Contract Tower,0,13,17,0,30,0,1,28,0,29,0,14,45,0,59,16,0,16,75
02/02/2016,INT,NC,ASO,ES,Federal Contract Tower,0,9,28,0,37,0,2,15,0,17,0,11,43,0,54,58,0,58,112
02/03/2016,INT,NC,ASO,ES,Federal Contract Tower,2,4,9,0,15,0,0,0,0,0,2,4,9,0,15,0,0,0,15
02/04/2016,INT,NC,ASO,ES,Federal Contract Tower,0,14,28,5,47,0,3,77,7,87,0,17,105,12,134,40,0,40,174
02/05/2016,INT,NC,ASO,ES,Federal Contract Tower,2,12,41,0,55,0,0,99,0,99,2,12,140,0,154,74,0,74,228
02/06/2016,INT,NC,ASO,ES,Federal Contract Tower,3,6,19,0,28,0,0,116,5,121,3,6,135,5,149,42,0,42,191
02/07/2016,INT,NC,ASO,ES,Federal Contract Tower,1,6,22,0,29,0,2,56,0,58,1,8,78,0,87,22,0,22,109
02/08/2016,INT,NC,ASO,ES,Federal Contract Tower,1,6,26,0,33,0,2,41,9,52,1,8,67,9,85,44,0,44,129
02/09/2016,INT,NC,ASO,ES,Federal Contract Tower,3,9,17,0,29,0,0,29,0,29,3,9,46,0,58,8,0,8,66
02/10/2016,INT,NC,ASO,ES,Federal Contract Tower,0,4,32,0,36,0,0,36,0,36,0,4,68,0,72,18,0,18,90
02/11/2016,INT,NC,ASO,ES,Federal Contract Tower,0,5,29,0,34,0,0,59,1,60,0,5,88,1,94,68,0,68,162
02/12/2016,INT,NC,ASO,ES,Federal Contract Tower,2,3,40,0,45,0,1,75,0,76,2,4,115,0,121,96,0,96,217
02/13/2016,INT,NC,ASO,ES,Federal Contract Tower,0,3,12,0,15,0,0,71,0,71,0,3,83,0,86,38,0,38,124
02/14/2016,INT,NC,ASO,ES,Federal Contract Tower,0,7,22,1,30,0,0,42,1,43,0,7,64,2,73,50,0,50,123
02/15/2016,INT,NC,ASO,ES,Federal Contract Tower,0,0,2,0,2,0,0,0,0,0,0,0,2,0,2,0,0,0,2
02/16/2016,INT,NC,ASO,ES,Federal Contract Tower,0,13,39,0,52,0,2,17,0,19,0,15,56,0,71,12,0,12,83
02/17/2016,INT,NC,ASO,ES,Federal Contract Tower,2,3,37,0,42,0,2,43,0,45,2,5,80,0,87,28,0,28,115
02/18/2016,INT,NC,ASO,ES,Federal Contract Tower,0,3,26,0,29,0,1,96,8,105,0,4,122,8,134,88,0,88,222
02/19/2016,INT,NC,ASO,ES,Federal Contract Tower,0,6,37,0,43,0,1,83,0,84,0,7,120,0,127,62,0,62,189
02/20/2016,INT,NC,ASO,ES,Federal Contract Tower,2,6,19,0,27,0,0,80,6,86,2,6,99,6,113,60,0,60,173
02/21/2016,INT,NC,ASO,ES,Federal Contract Tower,0,15,28,0,43,0,3,23,0,26,0,18,51,0,69,16,0,16,85
02/22/2016,INT,NC,ASO,ES,Federal Contract Tower,0,8,32,0,40,0,0,0,0,0,0,8,32,0,40,0,0,0,40
02/23/2016,INT,NC,ASO,ES,Federal Contract Tower,0,14,47,2,63,0,0,0,0,0,0,14,47,2,63,0,0,0,63
02/24/2016,INT,NC,ASO,ES,Federal Contract Tower,0,4,13,0,17,0,0,0,0,0,0,4,13,0,17,0,0,0,17
02/25/2016,INT,NC,ASO,ES,Federal Contract Tower,1,7,23,0,31,0,2,11,0,13,1,9,34,0,44,4,0,4,48
02/26/2016,INT,NC,ASO,ES,Federal Contract Tower,0,7,25,1,33,0,0,53,21,74,0,7,78,22,107,12,10,22,129
02/27/2016,INT,NC,ASO,ES,Federal Contract Tower,0,5,23,0,28,0,5,49,6,60,0,10,72,6,88,34,0,34,122
02/28/2016,INT,NC,ASO,ES,Federal Contract Tower,1,7,30,0,38,0,0,80,2,82,1,7,110,2,120,76,0,76,196
02/29/2016,INT,NC,ASO,ES,Federal Contract Tower,0,6,22,1,29,0,5,54,9,68,0,11,76,10,97,60,2,62,159
03/01/2016,INT,NC,ASO,ES,Federal Contract Tower,0,1,25,0,26,0,2,36,2,40,0,3,61,2,66,18,0,18,84
03/02/2016,INT,NC,ASO,ES,Federal Contract Tower,1,8,35,0,44,0,0,2,0,2,1,8,37,0,46,42,0,42,88
03/03/2016,INT,NC,ASO,ES,Federal Contract Tower,0,7,30,0,37,0,4,74,7,85,0,11,104,7,122,82,10,92,214
03/04/2016,INT,NC,ASO,ES,Federal Contract Tower,2,11,27,0,40,0,2,82,0,84,2,13,109,0,124,54,0,54,178
03/05/2016,INT,NC,ASO,ES,Federal Contract Tower,0,2,21,3,26,0,0,79,0,79,0,2,100,3,105,126,0,126,231
03/06/2016,INT,NC,ASO,ES,Federal Contract Tower,0,2,36,0,38,0,6,101,1,108,0,8,137,1,146,96,8,104,250
03/07/2016,INT,NC,ASO,ES,Federal Contract Tower,1,15,22,0,38,0,0,53,0,53,1,15,75,0,91,92,0,92,183
03/08/2016,INT,NC,ASO,ES,Federal Contract Tower,0,5,18,0,23,0,8,54,2,64,0,13,72,2,87,24,0,24,111
03/09/2016,INT,NC,ASO,ES,Federal Contract Tower,0,4,20,0,24,0,0,96,4,100,0,4,116,4,124,72,2,74,198
03/11/2016,INT,NC,ASO,ES,Federal Contract Tower,1,3,19,3,26,0,2,67,4,73,1,5,86,7,99,88,0,88,187
03/12/2016,INT,NC,ASO,ES,Federal Contract Tower,0,3,31,0,34,0,13,106,7,126,0,16,137,7,160,92,0,92,252
03/13/2016,INT,NC,ASO,ES,Federal Contract Tower,0,9,26,0,35,0,0,14,0,14,0,9,40,0,49,12,0,12,61
03/14/2016,INT,NC,ASO,ES,Federal Contract Tower,1,8,20,0,29,0,9,20,0,29,1,17,40,0,58,28,0,28,86
03/15/2016,INT,NC,ASO,ES,Federal Contract Tower,0,4,32,0,36,0,0,50,3,53,0,4,82,3,89,22,0,22,111
03/16/2016,INT,NC,ASO,ES,Federal Contract Tower,0,8,14,0,22,0,2,41,1,44,0,10,55,1,66,12,0,12,78
03/17/2016,INT,NC,ASO,ES,Federal Contract Tower,0,2,28,0,30,0,0,51,0,51,0,2,79,0,81,66,0,66,147
03/18/2016,INT,NC,ASO,ES,Federal Contract Tower,0,0,28,0,28,0,2,93,0,95,0,2,121,0,123,90,0,90,213
03/19/2016,INT,NC,ASO,ES,Federal Contract Tower,0,6,31,1,38,0,0,22,1,23,0,6,53,2,61,20,0,20,81
03/20/2016,INT,NC,ASO,ES,Federal Contract Tower,0,6,34,0,40,0,0,16,0,16,0,6,50,0,56,30,0,30,86
03/21/2016,INT,NC,ASO,ES,Federal Contract Tower,0,8,16,0,24,0,6,49,0,55,0,14,65,0,79,8,0,8,87
03/22/2016,INT,NC,ASO,ES,Federal Contract Tower,0,5,38,0,43,0,0,63,14,77,0,5,101,14,120,80,0,80,200
03/23/2016,INT,NC,ASO,ES,Federal Contract Tower,0,8,39,0,47,0,5,93,9,107,0,13,132,9,154,62,0,62,216
03/24/2016,INT,NC,ASO,ES,Federal Contract Tower,0,11,34,0,45,0,5,72,0,77,0,16,106,0,122,80,0,80,202
03/25/2016,INT,NC,ASO,ES,Federal Contract Tower,0,9,22,1,32,0,2,100,8,110,0,11,122,9,142,120,6,126,268
03/26/2016,INT,NC,ASO,ES,Federal Contract Tower,0,3,11,1,15,0,0,78,5,83,0,3,89,6,98,86,2,88,186
03/27/2016,INT,NC,ASO,ES,Federal Contract Tower,0,7,17,0,24,0,0,0,0,0,0,7,17,0,24,0,0,0,24
03/28/2016,INT,NC,ASO,ES,Federal Contract Tower,0,11,26,0,37,0,6,17,0,23,0,17,43,0,60,54,0,54,114
03/29/2016,INT,NC,ASO,ES,Federal Contract Tower,0,5,55,0,60,0,7,57,14,78,0,12,112,14,138,32,6,38,176
03/30/2016,INT,NC,ASO,ES,Federal Contract Tower,0,3,31,0,34,0,4,61,13,78,0,7,92,13,112,72,0,72,184
03/31/2016,INT,NC,ASO,ES,Federal Contract Tower,0,8,27,0,35,0,13,0,0,13,0,21,27,0,48,2,2,4,52
04/01/2016,INT,NC,ASO,ES,Federal Contract Tower,0,11,7,0,18,0,1,1,0,2,0,12,8,0,20,0,0,0,20
04/02/2016,INT,NC,ASO,ES,Federal Contract Tower,0,7,18,0,25,0,3,32,9,44,0,10,50,9,69,16,0,16,85
04/03/2016,INT,NC,ASO,ES,Federal Contract Tower,2,10,14,0,26,0,9,31,0,40,2,19,45,0,66,34,0,34,100
04/04/2016,INT,NC,ASO,ES,Federal Contract Tower,0,8,16,0,24,0,2,38,7,47,0,10,54,7,71,28,0,28,99
04/05/2016,INT,NC,ASO,ES,Federal Contract Tower,0,4,20,0,24,0,2,29,2,33,0,6,49,2,57,34,0,34,91
04/06/2016,INT,NC,ASO,ES,Federal Contract Tower,0,2,21,0,23,0,2,43,4,49,0,4,64,4,72,16,0,16,88
04/07/2016,INT,NC,ASO,ES,Federal Contract Tower,0,11,26,0,37,0,2,25,0,27,0,13,51,0,64,6,0,6,70
04/08/2016,INT,NC,ASO,ES,Federal Contract Tower,0,14,53,0,67,0,1,53,2,56,0,15,106,2,123,16,0,16,139
04/09/2016,INT,NC,ASO,ES,Federal Contract Tower,0,2,14,0,16,0,0,17,0,17,0,2,31,0,33,4,0,4,37
04/10/2016,INT,NC,ASO,ES,Federal Contract Tower,1,4,27,3,35,0,4,80,5,89,1,8,107,8,124,50,0,50,174
04/11/2016,INT,NC,ASO,ES,Federal Contract Tower,2,11,26,0,39,0,1,36,2,39,2,12,62,2,78,52,0,52,130
04/12/2016,INT,NC,ASO,ES,Federal Contract Tower,0,2,30,0,32,0,2,3,0,5,0,4,33,0,37,0,0,0,37
04/13/2016,INT,NC,ASO,ES,Federal Contract Tower,0,19,26,0,45,0,1,42,2,45,0,20,68,2,90,52,2,54,144
04/14/2016,INT,NC,ASO,ES,Federal Contract Tower,1,33,34,0,68,0,8,65,2,75,1,41,99,2,143,76,0,76,219
04/15/2016,INT,NC,ASO,ES,Federal Contract Tower,2,12,38,0,52,0,0,43,6,49,2,12,81,6,101,6,0,6,107
04/16/2016,INT,NC,ASO,ES,Federal Contract Tower,1,7,24,1,33,0,2,85,3,90,1,9,109,4,123,84,0,84,207
04/17/2016,INT,NC,ASO,ES,Federal Contract Tower,2,8,23,0,33,0,5,90,2,97,2,13,113,2,130,62,0,62,192
04/18/2016,INT,NC,ASO,ES,Federal Contract Tower,2,6,17,1,26,0,12,127,0,139,2,18,144,1,165,92,0,92,257
04/19/2016,INT,NC,ASO,ES,Federal Contract Tower,0,7,30,2,39,0,5,35,2,42,0,12,65,4,81,4,0,4,85
04/20/2016,INT,NC,ASO,ES,Federal Contract Tower,0,17,23,1,41,0,5,49,2,56,0,22,72,3,97,40,0,40,137
04/21/2016,INT,NC,ASO,ES,Federal Contract Tower,0,12,23,0,35,0,0,28,0,28,0,12,51,0,63,32,0,32,95
04/22/2016,INT,NC,ASO,ES,Federal Contract Tower,0,11,29,0,40,0,0,6,0,6,0,11,35,0,46,0,0,0,46
04/23/2016,INT,NC,ASO,ES,Federal Contract Tower,0,3,18,0,21,0,0,67,0,67,0,3,85,0,88,94,0,94,182
04/24/2016,INT,NC,ASO,ES,Federal Contract Tower,1,11,34,0,46,0,3,56,0,59,1,14,90,0,105,42,0,42,147
04/25/2016,INT,NC,ASO,ES,Federal Contract Tower,0,13,32,3,48,0,10,77,1,88,0,23,109,4,136,18,0,18,154
04/26/2016,INT,NC,ASO,ES,Federal Contract Tower,0,3,43,3,49,0,3,51,0,54,0,6,94,3,103,92,0,92,195
04/27/2016,INT,NC,ASO,ES,Federal Contract Tower,0,4,37,0,41,0,0,20,0,20,0,4,57,0,61,12,0,12,73
04/28/2016,INT,NC,ASO,ES,Federal Contract Tower,0,7,30,8,45,0,0,3,1,4,0,7,33,9,49,0,6,6,55
04/29/2016,INT,NC,ASO,ES,Federal Contract Tower,0,21,31,2,54,0,3,94,1,98,0,24,125,3,152,70,0,70,222
04/30/2016,INT,NC,ASO,ES,Federal Contract Tower,0,5,18,0,23,0,0,0,0,0,0,5,18,0,23,0,0,0,23
05/01/2016,INT,NC,ASO,ES,Federal Contract Tower,0,6,25,0,31,0,3,15,0,18,0,9,40,0,49,46,0,46,95
05/02/2016,INT,NC,ASO,ES,Federal Contract Tower,0,11,28,0,39,0,0,11,2,13,0,11,39,2,52,0,0,0,52
05/03/2016,INT,NC,ASO,ES,Federal Contract Tower,0,23,23,1,47,0,4,17,17,38,0,27,40,18,85,44,0,44,129
05/04/2016,INT,NC,ASO,ES,Federal Contract Tower,1,15,19,5,40,0,10,28,7,45,1,25,47,12,85,8,0,8,93
05/05/2016,INT,NC,ASO,ES,Federal Contract Tower,0,10,30,0,40,0,3,5,0,8,0,13,35,0,48,32,0,32,80
05/06/2016,INT,NC,ASO,ES,Federal Contract Tower,1,16,36,0,53,0,2,53,0,55,1,18,89,0,108,16,0,16,124
05/07/2016,INT,NC,ASO,ES,Federal Contract Tower,0,11,31,1,43,0,0,63,10,73,0,11,94,11,116,60,6,66,182
05/08/2016,INT,NC,ASO,ES,Federal Contract Tower,1,8,19,0,28,0,7,51,0,58,1,15,70,0,86,54,0,54,140
05/09/2016,INT,NC,ASO,ES,Federal Contract Tower,0,14,16,0,30,0,5,48,1,54,0,19,64,1,84,106,0,106,190
05/10/2016,INT,NC,ASO,ES,Federal Contract Tower,1,10,32,0,43,0,6,54,0,60,1,16,86,0,103,38,0,38,141
05/11/2016,INT,NC,ASO,ES,Federal Contract Tower,0,22,34,0,56,0,1,19,0,20,0,23,53,0,76,26,0,26,102
05/12/2016,INT,NC,ASO,ES,Federal Contract Tower,1,6,25,0,32,0,0,8,1,9,1,6,33,1,41,0,0,0,41
05/13/2016,INT,NC,ASO,ES,Federal Contract Tower,0,22,16,2,40,0,3,64,0,67,0,25,80,2,107,50,0,50,157
05/14/2016,INT,NC,ASO,ES,Federal Contract Tower,1,11,29,0,41,0,1,61,2,64,1,12,90,2,105,70,0,70,175
05/15/2016,INT,NC,ASO,ES,Federal Contract Tower,0,14,27,0,41,0,1,51,0,52,0,15,78,0,93,132,0,132,225
05/16/2016,INT,NC,ASO,ES,Federal Contract Tower,0,31,44,0,75,0,5,75,3,83,0,36,119,3,158,102,0,102,260
05/17/2016,INT,NC,ASO,ES,Federal Contract Tower,2,37,19,2,60,0,0,1,0,1,2,37,20,2,61,0,0,0,61
05/18/2016,INT,NC,ASO,ES,Federal Contract Tower,2,7,30,0,39,0,0,14,1,15,2,7,44,1,54,20,0,20,74
05/19/2016,INT,NC,ASO,ES,Federal Contract Tower,0,22,31,3,56,0,0,1,0,1,0,22,32,3,57,2,0,2,59
05/20/2016,INT,NC,ASO,ES,Federal Contract Tower,0,22,30,1,53,0,0,34,0,34,0,22,64,1,87,24,0,24,111
05/21/2016,INT,NC,ASO,ES,Federal Contract Tower,0,2,18,0,20,0,2,39,0,41,0,4,57,0,61,40,0,40,101
05/22/2016,INT,NC,ASO,ES,Federal Contract Tower,2,6,12,0,20,0,0,51,0,51,2,6,63,0,71,82,0,82,153
05/23/2016,INT,NC,ASO,ES,Federal Contract Tower,0,18,22,0,40,0,8,49,4,61,0,26,71,4,101,48,0,48,149
05/24/2016,INT,NC,ASO,ES,Federal Contract Tower,0,8,29,0,37,0,4,62,6,72,0,12,91,6,109,86,2,88,197
05/25/2016,INT,NC,ASO,ES,Federal Contract Tower,0,8,30,1,39,0,3,82,7,92,0,11,112,8,131,74,10,84,215
05/26/2016,INT,NC,ASO,ES,Federal Contract Tower,0,10,41,0,51,0,3,48,2,53,0,13,89,2,104,34,0,34,138
05/27/2016,INT,NC,ASO,ES,Federal Contract Tower,0,7,30,0,37,0,2,83,0,85,0,9,113,0,122,38,0,38,160
05/28/2016,INT,NC,ASO,ES,Federal Contract Tower,0,6,20,0,26,0,3,53,1,57,0,9,73,1,83,90,0,90,173
05/29/2016,INT,NC,ASO,ES,Federal Contract Tower,0,2,7,0,9,0,0,11,0,11,0,2,18,0,20,16,0,16,36
05/30/2016,INT,NC,ASO,ES,Federal Contract Tower,0,6,18,0,24,0,6,26,0,32,0,12,44,0,56,32,0,32,88
05/31/2016,INT,NC,ASO,ES,Federal Contract Tower,0,10,23,0,33,0,8,45,0,53,0,18,68,0,86,76,0,76,162
06/01/2016,INT,NC,ASO,ES,Federal Contract Tower,1,12,28,0,41,0,6,80,0,86,1,18,108,0,127,14,0,14,141
06/02/2016,INT,NC,ASO,ES,Federal Contract Tower,1,19,21,0,41,0,4,24,15,43,1,23,45,15,84,32,2,34,118
06/03/2016,INT,NC,ASO,ES,Federal Contract Tower,2,22,20,0,44,0,5,51,0,56,2,27,71,0,100,44,0,44,144
06/04/2016,INT,NC,ASO,ES,Federal Contract Tower,0,4,5,0,9,0,2,63,18,83,0,6,68,18,92,70,24,94,186
06/05/2016,INT,NC,ASO,ES,Federal Contract Tower,0,2,17,0,19,0,0,16,0,16,0,2,33,0,35,4,0,4,39
06/06/2016,INT,NC,ASO,ES,Federal Contract Tower,0,15,15,0,30,0,12,43,5,60,0,27,58,5,90,8,0,8,98
06/07/2016,INT,NC,ASO,ES,Federal Contract Tower,1,19,24,0,44,0,5,40,4,49,1,24,64,4,93,28,0,28,121
06/08/2016,INT,NC,ASO,ES,Federal Contract Tower,0,14,49,1,64,0,4,44,2,50,0,18,93,3,114,62,0,62,176
06/09/2016,INT,NC,ASO,ES,Federal Contract Tower,1,10,32,0,43,0,4,44,5,53,1,14,76,5,96,62,0,62,158
06/10/2016,INT,NC,ASO,ES,Federal Contract Tower,2,24,39,0,65,0,7,73,1,81,2,31,112,1,146,74,0,74,220
06/11/2016,INT,NC,ASO,ES,Federal Contract Tower,2,7,26,0,35,0,0,65,2,67,2,7,91,2,102,80,0,80,182
06/12/2016,INT,NC,ASO,ES,Federal Contract Tower,0,9,19,0,28,0,16,41,0,57,0,25,60,0,85,20,0,20,105
06/13/2016,INT,NC,ASO,ES,Federal Contract Tower,0,11,24,0,35,0,12,41,0,53,0,23,65,0,88,56,0,56,144
06/14/2016,INT,NC,ASO,ES,Federal Contract Tower,0,8,22,0,30,0,4,40,0,44,0,12,62,0,74,38,0,38,112
06/15/2016,INT,NC,ASO,ES,Federal Contract Tower,1,7,41,0,49,0,1,42,0,43,1,8,83,0,92,86,0,86,178
06/16/2016,INT,NC,ASO,ES,Federal Contract Tower,0,18,40,6,64,0,5,56,0,61,0,23,96,6,125,28,4,32,157
06/17/2016,INT,NC,ASO,ES,Federal Contract Tower,1,12,26,0,39,0,9,26,0,35,1,21,52,0,74,44,0,44,118
06/18/2016,INT,NC,ASO,ES,Federal Contract Tower,0,8,20,0,28,0,11,32,0,43,0,19,52,0,71,40,0,40,111
06/19/2016,INT,NC,ASO,ES,Federal Contract Tower,0,14,28,2,44,0,14,54,6,74,0,28,82,8,118,14,0,14,132
06/20/2016,INT,NC,ASO,ES,Federal Contract Tower,3,14,13,5,35,0,5,46,4,55,3,19,59,9,90,36,24,60,150
06/21/2016,INT,NC,ASO,ES,Federal Contract Tower,1,10,14,1,26,0,6,35,4,45,1,16,49,5,71,34,0,34,105
06/22/2016,INT,NC,ASO,ES,Federal Contract Tower,1,18,18,3,40,0,12,21,8,41,1,30,39,11,81,4,0,4,85
06/23/2016,INT,NC,ASO,ES,Federal Contract Tower,0,12,14,1,27,0,8,46,0,54,0,20,60,1,81,20,0,20,101
06/24/2016,INT,NC,ASO,ES,Federal Contract Tower,2,20,13,0,35,0,3,101,0,104,2,23,114,0,139,20,0,20,159
06/25/2016,INT,NC,ASO,ES,Federal Contract Tower,0,5,14,1,20,0,2,13,0,15,0,7,27,1,35,22,0,22,57
06/26/2016,INT,NC,ASO,ES,Federal Contract Tower,0,7,29,1,37,0,12,61,7,80,0,19,90,8,117,72,0,72,189
06/27/2016,INT,NC,ASO,ES,Federal Contract Tower,0,5,2,0,7,0,26,1,0,27,0,31,3,0,34,26,0,26,60
06/28/2016,INT,NC,ASO,ES,Federal Contract Tower,0,8,14,0,22,0,0,17,0,17,0,8,31,0,39,44,0,44,83
06/29/2016,INT,NC,ASO,ES,Federal Contract Tower,0,15,25,0,40,0,16,50,0,66,0,31,75,0,106,98,0,98,204
06/30/2016,INT,NC,ASO,ES,Federal Contract Tower,2,20,37,0,59,0,2,30,7,39,2,22,67,7,98,10,0,10,108
07/01/2016,INT,NC,ASO,ES,Federal Contract Tower,0,14,15,0,29,0,21,144,4,169,0,35,159,4,198,12,0,12,210
07/02/2016,INT,NC,ASO,ES,Federal Contract Tower,0,2,3,1,6,0,4,49,2,55,0,6,52,3,61,40,0,40,101
07/03/2016,INT,NC,ASO,ES,Federal Contract Tower,0,2,5,0,7,0,0,0,0,0,0,2,5,0,7,0,0,0,7
07/04/2016,INT,NC,ASO,ES,Federal Contract Tower,0,5,5,0,10,0,0,11,0,11,0,5,16,0,21,8,0,8,29
07/05/2016,INT,NC,ASO,ES,Federal Contract Tower,0,14,8,0,22,0,1,18,0,19,0,15,26,0,41,6,0,6,47
07/06/2016,INT,NC,ASO,ES,Federal Contract Tower,0,5,11,0,16,0,0,37,0,37,0,5,48,0,53,74,0,74,127
07/07/2016,INT,NC,ASO,ES,Federal Contract Tower,1,5,15,0,21,0,3,42,1,46,1,8,57,1,67,34,0,34,101
07/08/2016,INT,NC,ASO,ES,Federal Contract Tower,1,4,15,0,20,0,1,66,0,67,1,5,81,0,87,60,0,60,147
07/09/2016,INT,NC,ASO,ES,Federal Contract Tower,1,4,16,0,21,0,2,59,0,61,1,6,75,0,82,54,0,54,136
07/10/2016,INT,NC,ASO,ES,Federal Contract Tower,0,11,14,0,25,0,4,42,2,48,0,15,56,2,73,36,0,36,109
07/11/2016,INT,NC,ASO,ES,Federal Contract Tower,0,17,7,0,24,0,0,57,4,61,0,17,64,4,85,66,0,66,151
07/12/2016,INT,NC,ASO,ES,Federal Contract Tower,0,37,21,0,58,0,0,32,4,36,0,37,53,4,94,8,0,8,102
07/13/2016,INT,NC,ASO,ES,Federal Contract Tower,0,4,23,0,27,0,0,62,0,62,0,4,85,0,89,80,0,80,169
07/14/2016,INT,NC,ASO,ES,Federal Contract Tower,0,17,27,0,44,0,1,71,2,74,0,18,98,2,118,54,0,54,172
07/15/2016,INT,NC,ASO,ES,Federal Contract Tower,0,15,19,0,34,0,1,52,0,53,0,16,71,0,87,36,0,36,123
07/16/2016,INT,NC,ASO,ES,Federal Contract Tower,0,5,9,2,16,0,4,29,0,33,0,9,38,2,49,20,0,20,69
07/17/2016,INT,NC,ASO,ES,Federal Contract Tower,0,6,20,0,26,0,14,33,12,59,0,20,53,12,85,12,0,12,97
07/18/2016,INT,NC,ASO,ES,Federal Contract Tower,0,25,11,0,36,0,9,34,0,43,0,34,45,0,79,40,0,40,119
07/19/2016,INT,NC,ASO,ES,Federal Contract Tower,0,11,12,0,23,0,2,38,8,48,0,13,50,8,71,14,0,14,85
07/20/2016,INT,NC,ASO,ES,Federal Contract Tower,0,8,40,0,48,0,1,64,5,70,0,9,104,5,118,78,8,86,204
07/21/2016,INT,NC,ASO,ES,Federal Contract Tower,1,14,23,0,38,0,1,69,1,71,1,15,92,1,109,74,0,74,183
07/22/2016,INT,NC,ASO,ES,Federal Contract Tower,0,2,23,0,25,0,7,103,0,110,0,9,126,0,135,82,0,82,217
07/23/2016,INT,NC,ASO,ES,Federal Contract Tower,2,1,21,3,27,0,0,56,4,60,2,1,77,7,87,52,14,66,153
07/24/2016,INT,NC,ASO,ES,Federal Contract Tower,0,6,4,1,11,0,2,46,2,50,0,8,50,3,61,36,0,36,97
07/25/2016,INT,NC,ASO,ES,Federal Contract Tower,1,17,11,0,29,0,3,29,3,35,1,20,40,3,64,0,0,0,64
07/26/2016,INT,NC,ASO,ES,Federal Contract Tower,0,23,19,0,42,0,6,31,0,37,0,29,50,0,79,24,0,24,103
07/27/2016,INT,NC,ASO,ES,Federal Contract Tower,0,11,27,1,39,0,6,56,2,64,0,17,83,3,103,32,4,36,139
07/28/2016,INT,NC,ASO,ES,Federal Contract Tower,0,15,9,0,24,0,0,52,0,52,0,15,61,0,76,22,0,22,98
07/29/2016,INT,NC,ASO,ES,Federal Contract Tower,0,4,22,3,29,0,14,60,2,76,0,18,82,5,105,44,0,44,149
07/30/2016,INT,NC,ASO,ES,Federal Contract Tower,0,8,15,3,26,0,8,51,1,60,0,16,66,4,86,42,0,42,128
07/31/2016,INT,NC,ASO,ES,Federal Contract Tower,0,7,15,0,22,0,5,42,0,47,0,12,57,0,69,18,0,18,87
08/01/2016,INT,NC,ASO,ES,Federal Contract Tower,0,14,15,0,29,0,0,15,0,15,0,14,30,0,44,16,0,16,60
08/02/2016,INT,NC,ASO,ES,Federal Contract Tower,2,4,19,0,25,0,2,18,2,22,2,6,37,2,47,8,0,8,55
08/03/2016,INT,NC,ASO,ES,Federal Contract Tower,0,12,23,0,35,0,0,0,0,0,0,12,23,0,35,0,0,0,35
08/04/2016,INT,NC,ASO,ES,Federal Contract Tower,2,13,26,0,41,0,0,23,2,25,2,13,49,2,66,68,0,68,134
08/05/2016,INT,NC,ASO,ES,Federal Contract Tower,1,18,13,2,34,0,7,16,0,23,1,25,29,2,57,12,0,12,69
08/06/2016,INT,NC,ASO,ES,Federal Contract Tower,0,8,14,0,22,0,19,53,0,72,0,27,67,0,94,58,0,58,152
08/07/2016,INT,NC,ASO,ES,Federal Contract Tower,0,8,14,3,25,0,0,25,0,25,0,8,39,3,50,20,0,20,70
08/08/2016,INT,NC,ASO,ES,Federal Contract Tower,0,23,32,0,55,0,2,3,0,5,0,25,35,0,60,0,0,0,60
08/09/2016,INT,NC,ASO,ES,Federal Contract Tower,0,10,15,0,25,0,0,15,3,18,0,10,30,3,43,2,0,2,45
08/10/2016,INT,NC,ASO,ES,Federal Contract Tower,0,10,18,0,28,0,6,56,0,62,0,16,74,0,90,58,0,58,148
08/11/2016,INT,NC,ASO,ES,Federal Contract Tower,0,8,20,0,28,0,0,47,6,53,0,8,67,6,81,32,0,32,113
08/12/2016,INT,NC,ASO,ES,Federal Contract Tower,0,8,14,1,23,0,1,48,3,52,0,9,62,4,75,42,4,46,121
08/13/2016,INT,NC,ASO,ES,Federal Contract Tower,0,11,6,2,19,0,10,88,0,98,0,21,94,2,117,66,0,66,183
08/14/2016,INT,NC,ASO,ES,Federal Contract Tower,0,5,16,1,22,0,17,39,2,58,0,22,55,3,80,24,0,24,104
08/15/2016,INT,NC,ASO,ES,Federal Contract Tower,0,16,11,0,27,0,16,25,2,43,0,32,36,2,70,24,0,24,94
08/16/2016,INT,NC,ASO,ES,Federal Contract Tower,0,22,11,0,33,0,10,35,0,45,0,32,46,0,78,12,0,12,90
08/17/2016,INT,NC,ASO,ES,Federal Contract Tower,0,17,15,0,32,0,4,25,0,29,0,21,40,0,61,48,0,48,109
08/18/2016,INT,NC,ASO,ES,Federal Contract Tower,0,17,16,0,33,0,5,53,2,60,0,22,69,2,93,62,0,62,155
08/19/2016,INT,NC,ASO,ES,Federal Contract Tower,1,10,23,1,35,0,8,48,3,59,1,18,71,4,94,28,0,28,122
08/20/2016,INT,NC,ASO,ES,Federal Contract Tower,1,14,10,0,25,0,16,69,1,86,1,30,79,1,111,28,0,28,139
08/21/2016,INT,NC,ASO,ES,Federal Contract Tower,0,9,11,0,20,0,18,34,0,52,0,27,45,0,72,12,0,12,84
08/22/2016,INT,NC,ASO,ES,Federal Contract Tower,0,17,10,0,27,0,15,44,0,59,0,32,54,0,86,30,0,30,116
08/23/2016,INT,NC,ASO,ES,Federal Contract Tower,1,17,32,1,51,0,7,57,12,76,1,24,89,13,127,10,0,10,137
08/24/2016,INT,NC,ASO,ES,Federal Contract Tower,1,17,26,2,46,0,2,57,0,59,1,19,83,2,105,32,0,32,137
08/25/2016,INT,NC,ASO,ES,Federal Contract Tower,1,23,36,0,60,0,1,65,5,71,1,24,101,5,131,6,0,6,137
08/26/2016,INT,NC,ASO,ES,Federal Contract Tower,1,20,23,0,44,0,12,49,0,61,1,32,72,0,105,70,0,70,175
08/27/2016,INT,NC,ASO,ES,Federal Contract Tower,0,27,15,0,42,0,10,38,6,54,0,37,53,6,96,26,0,26,122
08/28/2016,INT,NC,ASO,ES,Federal Contract Tower,0,9,8,0,17,0,4,23,0,27,0,13,31,0,44,2,0,2,46
08/29/2016,INT,NC,ASO,ES,Federal Contract Tower,1,21,16,0,38,0,5,41,0,46,1,26,57,0,84,34,0,34,118
08/30/2016,INT,NC,ASO,ES,Federal Contract Tower,3,16,16,0,35,0,10,49,0,59,3,26,65,0,94,38,0,38,132
08/31/2016,INT,NC,ASO,ES,Federal Contract Tower,1,9,20,0,30,0,2,58,0,60,1,11,78,0,90,16,0,16,106
09/01/2016,INT,NC,ASO,ES,Federal Contract Tower,0,11,25,9,45,0,1,51,8,60,0,12,76,17,105,36,18,54,159
09/02/2016,INT,NC,ASO,ES,Federal Contract Tower,1,25,10,0,36,0,4,2,0,6,1,29,12,0,42,0,0,0,42
09/03/2016,INT,NC,ASO,ES,Federal Contract Tower,0,8,9,0,17,0,10,26,0,36,0,18,35,0,53,68,0,68,121
09/04/2016,INT,NC,ASO,ES,Federal Contract Tower,0,6,8,0,14,0,19,55,0,74,0,25,63,0,88,38,0,38,126
09/05/2016,INT,NC,ASO,ES,Federal Contract Tower,0,5,29,1,35,0,3,39,4,46,0,8,68,5,81,8,0,8,89
09/06/2016,INT,NC,ASO,ES,Federal Contract Tower,0,25,18,3,46,0,6,38,0,44,0,31,56,3,90,18,0,18,108
09/07/2016,INT,NC,ASO,ES,Federal Contract Tower,0,3,17,0,20,0,0,52,0,52,0,3,69,0,72,38,0,38,110
09/08/2016,INT,NC,ASO,ES,Federal Contract Tower,1,14,22,0,37,0,0,66,3,69,1,14,88,3,106,66,0,66,172
09/09/2016,INT,NC,ASO,ES,Federal Contract Tower,0,20,17,0,37,0,8,51,5,64,0,28,68,5,101,42,6,48,149
09/10/2016,INT,NC,ASO,ES,Federal Contract Tower,3,3,16,1,23,0,0,82,3,85,3,3,98,4,108,112,0,112,220
09/11/2016,INT,NC,ASO,ES,Federal Contract Tower,0,7,21,1,29,0,9,53,4,66,0,16,74,5,95,34,0,34,129
09/12/2016,INT,NC,ASO,ES,Federal Contract Tower,0,14,12,0,26,0,6,33,1,40,0,20,45,1,66,52,0,52,118
09/13/2016,INT,NC,ASO,ES,Federal Contract Tower,0,16,23,4,43,0,1,16,5,22,0,17,39,9,65,14,0,14,79
09/14/2016,INT,NC,ASO,ES,Federal Contract Tower,0,16,37,0,53,0,2,44,2,48,0,18,81,2,101,30,0,30,131
09/15/2016,INT,NC,ASO,ES,Federal Contract Tower,0,23,36,1,60,0,1,60,6,67,0,24,96,7,127,58,0,58,185
09/16/2016,INT,NC,ASO,ES,Federal Contract Tower,0,31,32,0,63,0,5,48,5,58,0,36,80,5,121,52,4,56,177
09/17/2016,INT,NC,ASO,ES,Federal Contract Tower,0,6,22,0,28,0,0,28,4,32,0,6,50,4,60,40,0,40,100
09/18/2016,INT,NC,ASO,ES,Federal Contract Tower,0,10,24,2,36,0,10,34,7,51,0,20,58,9,87,8,6,14,101
09/19/2016,INT,NC,ASO,ES,Federal Contract Tower,0,13,15,0,28,0,12,20,2,34,0,25,35,2,62,58,0,58,120
09/20/2016,INT,NC,ASO,ES,Federal Contract Tower,0,21,22,2,45,0,3,30,2,35,0,24,52,4,80,32,0,32,112
09/21/2016,INT,NC,ASO,ES,Federal Contract Tower,0,9,33,0,42,0,0,21,0,21,0,9,54,0,63,42,0,42,105
09/22/2016,INT,NC,ASO,ES,Federal Contract Tower,1,6,34,0,41,0,0,10,0,10,1,6,44,0,51,0,0,0,51
09/23/2016,INT,NC,ASO,ES,Federal Contract Tower,1,14,28,0,43,0,13,39,2,54,1,27,67,2,97,42,0,42,139
09/24/2016,INT,NC,ASO,ES,Federal Contract Tower,0,2,11,2,15,0,0,75,2,77,0,2,86,4,92,70,0,70,162
09/25/2016,INT,NC,ASO,ES,Federal Contract Tower,0,15,17,0,32,0,0,11,0,11,0,15,28,0,43,0,0,0,43
09/26/2016,INT,NC,ASO,ES,Federal Contract Tower,0,13,11,0,24,0,0,2,3,5,0,13,13,3,29,0,0,0,29
09/27/2016,INT,NC,ASO,ES,Federal Contract Tower,1,11,20,0,32,0,1,10,0,11,1,12,30,0,43,32,0,32,75
09/28/2016,INT,NC,ASO,ES,Federal Contract Tower,0,9,24,0,33,0,0,13,1,14,0,9,37,1,47,0,0,0,47
09/29/2016,INT,NC,ASO,ES,Federal Contract Tower,1,10,23,2,36,0,0,38,8,46,1,10,61,10,82,68,12,80,162
09/30/2016,INT,NC,ASO,ES,Federal Contract Tower,0,25,24,4,53,0,5,53,7,65,0,30,77,11,118,88,6,94,212
10/01/2016,INT,NC,ASO,ES,Federal Contract Tower,0,6,14,0,20,0,10,56,0,66,0,16,70,0,86,20,0,20,106
10/02/2016,INT,NC,ASO,ES,Federal Contract Tower,0,11,7,0,18,0,4,45,0,49,0,15,52,0,67,20,0,20,87
10/03/2016,INT,NC,ASO,ES,Federal Contract Tower,0,15,13,0,28,0,12,52,0,64,0,27,65,0,92,56,0,56,148
10/04/2016,INT,NC,ASO,ES,Federal Contract Tower,0,20,22,0,42,0,6,30,0,36,0,26,52,0,78,0,0,0,78
10/05/2016,INT,NC,ASO,ES,Federal Contract Tower,0,7,32,0,39,0,0,53,0,53,0,7,85,0,92,66,0,66,158
10/06/2016,INT,NC,ASO,ES,Federal Contract Tower,0,36,26,0,62,0,1,47,0,48,0,37,73,0,110,46,0,46,156
10/07/2016,INT,NC,ASO,ES,Federal Contract Tower,0,53,9,0,62,0,0,0,0,0,0,53,9,0,62,0,0,0,62
10/08/2016,INT,NC,ASO,ES,Federal Contract Tower,0,7,1,0,8,0,0,0,0,0,0,7,1,0,8,0,0,0,8
10/09/2016,INT,NC,ASO,ES,Federal Contract Tower,0,47,23,0,70,0,1,39,4,44,0,48,62,4,114,14,0,14,128
10/10/2016,INT,NC,ASO,ES,Federal Contract Tower,0,4,19,0,23,0,8,79,3,90,0,12,98,3,113,26,0,26,139
10/11/2016,INT,NC,ASO,ES,Federal Contract Tower,0,26,16,1,43,0,6,19,2,27,0,32,35,3,70,20,0,20,90
10/12/2016,INT,NC,ASO,ES,Federal Contract Tower,0,6,34,1,41,0,6,51,1,58,0,12,85,2,99,28,0,28,127
10/13/2016,INT,NC,ASO,ES,Federal Contract Tower,0,18,21,0,39,0,0,59,4,63,0,18,80,4,102,70,0,70,172
10/14/2016,INT,NC,ASO,ES,Federal Contract Tower,1,23,14,0,38,0,5,47,2,54,1,28,61,2,92,100,0,100,192
10/15/2016,INT,NC,ASO,ES,Federal Contract Tower,1,11,7,1,20,0,12,44,1,57,1,23,51,2,77,92,0,92,169
10/16/2016,INT,NC,ASO,ES,Federal Contract Tower,0,13,11,1,25,0,4,89,2,95,0,17,100,3,120,46,0,46,166
10/17/2016,INT,NC,ASO,ES,Federal Contract Tower,0,11,10,0,21,0,3,53,0,56,0,14,63,0,77,30,0,30,107
10/18/2016,INT,NC,ASO,ES,Federal Contract Tower,1,11,10,2,24,0,5,104,0,109,1,16,114,2,133,54,0,54,187
10/19/2016,INT,NC,ASO,ES,Federal Contract Tower,3,19,34,0,56,0,0,62,0,62,3,19,96,0,118,62,0,62,180
10/20/2016,INT,NC,ASO,ES,Federal Contract Tower,0,26,36,0,62,0,1,42,7,50,0,27,78,7,112,34,4,38,150
10/21/2016,INT,NC,ASO,ES,Federal Contract Tower,0,37,13,0,50,0,5,14,0,19,0,42,27,0,69,0,0,0,69
10/22/2016,INT,NC,ASO,ES,Federal Contract Tower,0,13,11,0,24,0,9,24,2,35,0,22,35,2,59,0,6,6,65
10/23/2016,INT,NC,ASO,ES,Federal Contract Tower,0,27,15,2,44,0,31,42,0,73,0,58,57,2,117,34,0,34,151
10/24/2016,INT,NC,ASO,ES,Federal Contract Tower,0,10,13,1,24,0,12,27,26,65,0,22,40,27,89,16,2,18,107
10/25/2016,INT,NC,ASO,ES,Federal Contract Tower,0,10,20,0,30,0,5,47,0,52,0,15,67,0,82,52,0,52,134
10/26/2016,INT,NC,ASO,ES,Federal Contract Tower,0,13,13,0,26,0,3,33,0,36,0,16,46,0,62,55,0,55,117
10/27/2016,INT,NC,ASO,ES,Federal Contract Tower,4,25,33,2,64,0,1,32,0,33,4,26,65,2,97,14,0,14,111
10/28/2016,INT,NC,ASO,ES,Federal Contract Tower,5,29,16,0,50,0,5,53,4,62,5,34,69,4,112,62,2,64,176
10/29/2016,INT,NC,ASO,ES,Federal Contract Tower,0,19,11,1,31,0,14,69,6,89,0,33,80,7,120,22,0,22,142
10/30/2016,INT,NC,ASO,ES,Federal Contract Tower,0,20,19,0,39,0,14,65,0,79,0,34,84,0,118,40,0,40,158
10/31/2016,INT,NC,ASO,ES,Federal Contract Tower,0,10,15,0,25,0,8,45,0,53,0,18,60,0,78,56,0,56,134
11/01/2016,INT,NC,ASO,ES,Federal Contract Tower,1,12,32,0,45,0,3,2,0,5,1,15,34,0,50,0,0,0,50
11/02/2016,INT,NC,ASO,ES,Federal Contract Tower,0,18,33,0,51,0,0,56,0,56,0,18,89,0,107,62,0,62,169
11/03/2016,INT,NC,ASO,ES,Federal Contract Tower,0,20,13,0,33,0,4,38,7,49,0,24,51,7,82,48,0,48,130
11/04/2016,INT,NC,ASO,ES,Federal Contract Tower,0,38,16,0,54,0,13,80,0,93,0,51,96,0,147,72,0,72,219
11/05/2016,INT,NC,ASO,ES,Federal Contract Tower,0,18,19,0,37,0,0,78,2,80,0,18,97,2,117,44,0,44,161
11/06/2016,INT,NC,ASO,ES,Federal Contract Tower,0,25,17,0,42,0,24,42,2,68,0,49,59,2,110,24,0,24,134
11/07/2016,INT,NC,ASO,ES,Federal Contract Tower,0,16,13,0,29,0,9,40,0,49,0,25,53,0,78,8,0,8,86
11/08/2016,INT,NC,ASO,ES,Federal Contract Tower,0,15,11,0,26,0,12,43,4,59,0,27,54,4,85,22,0,22,107
11/09/2016,INT,NC,ASO,ES,Federal Contract Tower,0,18,23,0,41,0,0,29,0,29,0,18,52,0,70,0,0,0,70
11/10/2016,INT,NC,ASO,ES,Federal Contract Tower,0,18,21,0,39,0,1,59,3,63,0,19,80,3,102,82,0,82,184
11/11/2016,INT,NC,ASO,ES,Federal Contract Tower,0,20,10,0,30,0,9,52,3,64,0,29,62,3,94,60,0,60,154
11/12/2016,INT,NC,ASO,ES,Federal Contract Tower,1,11,8,0,20,0,4,46,3,53,1,15,54,3,73,46,0,46,119
11/13/2016,INT,NC,ASO,ES,Federal Contract Tower,0,19,19,0,38,0,18,45,2,65,0,37,64,2,103,24,0,24,127
11/14/2016,INT,NC,ASO,ES,Federal Contract Tower,0,18,19,0,37,0,17,20,2,39,0,35,39,2,76,22,0,22,98
11/15/2016,INT,NC,ASO,ES,Federal Contract Tower,1,13,29,0,43,0,11,34,0,45,1,24,63,0,88,24,0,24,112
11/16/2016,INT,NC,ASO,ES,Federal Contract Tower,0,16,37,0,53,0,0,65,0,65,0,16,102,0,118,16,0,16,134
11/17/2016,INT,NC,ASO,ES,Federal Contract Tower,0,24,32,3,59,0,4,59,3,66,0,28,91,6,125,74,0,74,199
11/18/2016,INT,NC,ASO,ES,Federal Contract Tower,0,25,17,1,43,0,7,72,2,81,0,32,89,3,124,104,0,104,228
11/19/2016,INT,NC,ASO,ES,Federal Contract Tower,0,13,17,2,32,0,0,48,3,51,0,13,65,5,83,12,0,12,95
11/20/2016,INT,NC,ASO,ES,Federal Contract Tower,0,19,11,0,30,0,8,30,0,38,0,27,41,0,68,52,0,52,120
11/21/2016,INT,NC,ASO,ES,Federal Contract Tower,1,21,10,0,32,0,3,59,0,62,1,24,69,0,94,38,0,38,132
11/22/2016,INT,NC,ASO,ES,Federal Contract Tower,0,18,16,0,34,0,4,60,0,64,0,22,76,0,98,10,0,10,108
11/23/2016,INT,NC,ASO,ES,Federal Contract Tower,2,14,25,0,41,0,4,70,0,74,2,18,95,0,115,44,0,44,159
11/24/2016,INT,NC,ASO,ES,Federal Contract Tower,0,3,7,0,10,0,3,12,0,15,0,6,19,0,25,0,0,0,25
11/25/2016,INT,NC,ASO,ES,Federal Contract Tower,2,4,21,0,27,0,6,63,0,69,2,10,84,0,96,20,0,20,116
11/26/2016,INT,NC,ASO,ES,Federal Contract Tower,0,15,12,0,27,0,0,60,3,63,0,15,72,3,90,12,0,12,102
11/27/2016,INT,NC,ASO,ES,Federal Contract Tower,0,37,21,0,58,0,7,82,6,95,0,44,103,6,153,70,6,76,229
11/28/2016,INT,NC,ASO,ES,Federal Contract Tower,0,19,25,0,44,0,0,50,0,50,0,19,75,0,94,66,0,66,160
11/29/2016,INT,NC,ASO,ES,Federal Contract Tower,1,14,13,0,28,0,0,1,0,1,1,14,14,0,29,2,0,2,31
11/30/2016,INT,NC,ASO,ES,Federal Contract Tower,0,33,14,0,47,0,0,7,0,7,0,33,21,0,54,16,0,16,70
12/01/2016,INT,NC,ASO,ES,Federal Contract Tower,0,23,17,1,41,0,13,45,4,62,0,36,62,5,103,106,0,106,209
12/02/2016,INT,NC,ASO,ES,Federal Contract Tower,0,20,17,0,37,0,0,70,0,70,0,20,87,0,107,120,0,120,227
12/03/2016,INT,NC,ASO,ES,Federal Contract Tower,3,11,18,0,32,0,1,94,2,97,3,12,112,2,129,130,0,130,259
12/04/2016,INT,NC,ASO,ES,Federal Contract Tower,0,15,4,0,19,0,0,8,1,9,0,15,12,1,28,12,8,20,48
12/05/2016,INT,NC,ASO,ES,Federal Contract Tower,0,10,13,0,23,0,10,49,0,59,0,20,62,0,82,84,0,84,166
12/06/2016,INT,NC,ASO,ES,Federal Contract Tower,0,16,12,0,28,0,0,0,0,0,0,16,12,0,28,0,0,0,28
12/08/2016,INT,NC,ASO,ES,Federal Contract Tower,1,30,13,2,46,0,2,39,2,43,1,32,52,4,89,26,6,32,121
12/09/2016,INT,NC,ASO,ES,Federal Contract Tower,0,20,16,2,38,0,15,48,3,66,0,35,64,5,104,84,0,84,188
12/10/2016,INT,NC,ASO,ES,Federal Contract Tower,0,9,15,0,24,0,18,133,5,156,0,27,148,5,180,98,0,98,278
12/11/2016,INT,NC,ASO,ES,Federal Contract Tower,1,13,10,0,24,0,3,60,3,66,1,16,70,3,90,28,0,28,118
12/12/2016,INT,NC,ASO,ES,Federal Contract Tower,2,19,12,0,33,3,3,0,0,6,5,22,12,0,39,14,0,14,53
12/13/2016,INT,NC,ASO,ES,Federal Contract Tower,2,13,12,0,27,0,6,32,0,38,2,19,44,0,65,50,0,50,115
12/14/2016,INT,NC,ASO,ES,Federal Contract Tower,0,15,23,0,38,0,3,50,0,53,0,18,73,0,91,28,0,28,119
12/15/2016,INT,NC,ASO,ES,Federal Contract Tower,1,25,19,0,45,0,0,32,0,32,1,25,51,0,77,30,0,30,107
12/16/2016,INT,NC,ASO,ES,Federal Contract Tower,0,42,13,0,55,0,12,52,3,67,0,54,65,3,122,54,6,60,182
12/17/2016,INT,NC,ASO,ES,Federal Contract Tower,1,13,4,0,18,0,8,0,0,8,1,21,4,0,26,0,0,0,26
12/18/2016,INT,NC,ASO,ES,Federal Contract Tower,0,16,4,0,20,0,0,5,0,5,0,16,9,0,25,18,0,18,43
12/19/2016,INT,NC,ASO,ES,Federal Contract Tower,3,14,5,0,22,0,14,19,0,33,3,28,24,0,55,48,0,48,103
12/20/2016,INT,NC,ASO,ES,Federal Contract Tower,1,21,24,0,46,0,6,65,0,71,1,27,89,0,117,62,0,62,179
12/21/2016,INT,NC,ASO,ES,Federal Contract Tower,0,9,31,0,40,0,5,49,0,54,0,14,80,0,94,52,0,52,146
12/22/2016,INT,NC,ASO,ES,Federal Contract Tower,1,8,6,0,15,0,5,49,3,57,1,13,55,3,72,86,0,86,158
12/23/2016,INT,NC,ASO,ES,Federal Contract Tower,2,14,8,0,24,0,0,52,0,52,2,14,60,0,76,86,0,86,162
12/24/2016,INT,NC,ASO,ES,Federal Contract Tower,0,3,5,0,8,0,2,13,0,15,0,5,18,0,23,0,0,0,23
12/25/2016,INT,NC,ASO,ES,Federal Contract Tower,0,3,2,0,5,0,8,1,0,9,0,11,3,0,14,0,0,0,14
12/26/2016,INT,NC,ASO,ES,Federal Contract Tower,0,15,16,0,31,0,9,11,0,20,0,24,27,0,51,2,0,2,53
12/27/2016,INT,NC,ASO,ES,Federal Contract Tower,1,11,11,0,23,0,1,25,0,26,1,12,36,0,49,0,0,0,49
12/28/2016,INT,NC,ASO,ES,Federal Contract Tower,1,9,17,1,28,0,0,110,5,115,1,9,127,6,143,66,6,72,215
12/29/2016,INT,NC,ASO,ES,Federal Contract Tower,0,4,12,0,16,0,6,61,0,67,0,10,73,0,83,34,0,34,117
12/30/2016,INT,NC,ASO,ES,Federal Contract Tower,2,12,9,0,23,0,0,15,0,15,2,12,24,0,38,0,0,0,38
12/31/2016,INT,NC,ASO,ES,Federal Contract Tower,2,9,13,0,24,0,11,57,5,73,2,20,70,5,97,74,6,80,177
01/01/2017,INT,NC,ASO,ES,Federal Contract Tower,0,9,12,0,21,0,0,2,0,2,0,9,14,0,23,6,0,6,29
01/02/2017,INT,NC,ASO,ES,Federal Contract Tower,2,14,13,0,29,0,0,0,0,0,2,14,13,0,29,0,0,0,29
01/03/2017,INT,NC,ASO,ES,Federal Contract Tower,1,9,8,0,18,0,0,0,0,0,1,9,8,0,18,0,0,0,18
01/04/2017,INT,NC,ASO,ES,Federal Contract Tower,0,17,35,2,54,0,1,64,1,66,0,18,99,3,120,54,0,54,174
01/05/2017,INT,NC,ASO,ES,Federal Contract Tower,0,16,20,3,39,0,6,81,0,87,0,22,101,3,126,62,0,62,188
01/06/2017,INT,NC,ASO,ES,Federal Contract Tower,0,11,4,1,16,0,3,18,0,21,0,14,22,1,37,58,0,58,95
01/07/2017,INT,NC,ASO,ES,Federal Contract Tower,0,0,0,0,0,0,0,0,0,0,0,0,0,0,0,0,0,0,0
01/08/2017,INT,NC,ASO,ES,Federal Contract Tower,1,13,9,0,23,0,7,14,0,21,1,20,23,0,44,8,0,8,52
01/09/2017,INT,NC,ASO,ES,Federal Contract Tower,1,16,16,0,33,0,4,32,0,36,1,20,48,0,69,28,0,28,97
01/10/2017,INT,NC,ASO,ES,Federal Contract Tower,1,26,26,0,53,0,6,34,0,40,1,32,60,0,93,68,0,68,161
01/11/2017,INT,NC,ASO,ES,Federal Contract Tower,0,18,23,0,41,0,0,34,0,34,0,18,57,0,75,38,0,38,113
01/12/2017,INT,NC,ASO,ES,Federal Contract Tower,2,16,16,2,36,0,0,39,5,44,2,16,55,7,80,38,4,42,122
01/13/2017,INT,NC,ASO,ES,Federal Contract Tower,0,10,17,0,27,0,0,112,2,114,0,10,129,2,141,100,6,106,247
01/14/2017,INT,NC,ASO,ES,Federal Contract Tower,0,4,19,0,23,0,11,122,0,133,0,15,141,0,156,44,0,44,200
01/15/2017,INT,NC,ASO,ES,Federal Contract Tower,1,4,7,0,12,0,11,51,6,68,1,15,58,6,80,50,0,50,130
01/16/2017,INT,NC,ASO,ES,Federal Contract Tower,0,13,36,0,49,0,3,25,0,28,0,16,61,0,77,48,0,48,125
01/17/2017,INT,NC,ASO,ES,Federal Contract Tower,0,13,21,0,34,0,0,0,0,0,0,13,21,0,34,0,0,0,34
01/18/2017,INT,NC,ASO,ES,Federal Contract Tower,0,15,20,6,41,0,5,56,5,66,0,20,76,11,107,16,0,16,123
01/19/2017,INT,NC,ASO,ES,Federal Contract Tower,0,9,13,0,22,0,0,92,4,96,0,9,105,4,118,68,0,68,186
01/20/2017,INT,NC,ASO,ES,Federal Contract Tower,0,31,10,0,41,0,0,0,0,0,0,31,10,0,41,0,0,0,41
01/21/2017,INT,NC,ASO,ES,Federal Contract Tower,0,2,0,0,2,0,0,0,0,0,0,2,0,0,2,0,0,0,2
01/22/2017,INT,NC,ASO,ES,Federal Contract Tower,0,7,8,0,15,0,0,0,0,0,0,7,8,0,15,0,0,0,15
01/23/2017,INT,NC,ASO,ES,Federal Contract Tower,4,12,9,0,25,0,0,0,0,0,4,12,9,0,25,0,0,0,25
01/24/2017,INT,NC,ASO,ES,Federal Contract Tower,0,16,25,5,46,0,1,26,0,27,0,17,51,5,73,18,0,18,91
01/25/2017,INT,NC,ASO,ES,Federal Contract Tower,0,11,16,0,27,0,1,62,7,70,0,12,78,7,97,40,6,46,143
01/26/2017,INT,NC,ASO,ES,Federal Contract Tower,1,14,17,0,32,0,0,22,7,29,1,14,39,7,61,4,14,18,79
01/27/2017,INT,NC,ASO,ES,Federal Contract Tower,2,22,14,0,38,0,12,42,2,56,2,34,56,2,94,34,0,34,128
01/28/2017,INT,NC,ASO,ES,Federal Contract Tower,0,14,18,0,32,0,21,55,3,79,0,35,73,3,111,18,0,18,129
01/29/2017,INT,NC,ASO,ES,Federal Contract Tower,1,14,14,0,29,0,9,35,1,45,1,23,49,1,74,48,0,48,122
01/30/2017,INT,NC,ASO,ES,Federal Contract Tower,2,19,11,0,32,0,6,21,0,27,2,25,32,0,59,28,0,28,87
01/31/2017,INT,NC,ASO,ES,Federal Contract Tower,1,12,11,0,24,0,8,5,1,14,1,20,16,1,38,0,0,0,38
02/01/2017,INT,NC,ASO,ES,Federal Contract Tower,0,13,22,1,36,0,7,54,3,64,0,20,76,4,100,12,0,12,112
02/02/2017,INT,NC,ASO,ES,Federal Contract Tower,0,22,33,1,56,0,0,66,5,71,0,22,99,6,127,84,0,84,211
02/03/2017,INT,NC,ASO,ES,Federal Contract Tower,1,38,15,0,54,0,13,31,0,44,1,51,46,0,98,52,0,52,150
02/04/2017,INT,NC,ASO,ES,Federal Contract Tower,3,23,15,0,41,0,3,92,2,97,3,26,107,2,138,86,0,86,224
02/05/2017,INT,NC,ASO,ES,Federal Contract Tower,1,5,5,0,11,0,14,30,0,44,1,19,35,0,55,34,0,34,89
02/06/2017,INT,NC,ASO,ES,Federal Contract Tower,1,20,7,1,29,0,26,65,10,101,1,46,72,11,130,46,0,46,176
02/07/2017,INT,NC,ASO,ES,Federal Contract Tower,0,16,24,3,43,0,3,7,2,12,0,19,31,5,55,24,0,24,79
02/08/2017,INT,NC,ASO,ES,Federal Contract Tower,0,15,31,0,46,0,0,60,2,62,0,15,91,2,108,44,0,44,152
02/09/2017,INT,NC,ASO,ES,Federal Contract Tower,2,7,10,0,19,0,4,3,0,7,2,11,13,0,26,0,0,0,26
02/10/2017,INT,NC,ASO,ES,Federal Contract Tower,0,24,23,0,47,0,28,76,0,104,0,52,99,0,151,68,0,68,219
02/11/2017,INT,NC,ASO,ES,Federal Contract Tower,0,16,9,1,26,0,10,49,10,69,0,26,58,11,95,90,8,98,193
02/12/2017,INT,NC,ASO,ES,Federal Contract Tower,0,10,18,0,28,0,24,45,3,72,0,34,63,3,100,36,2,38,138
02/13/2017,INT,NC,ASO,ES,Federal Contract Tower,0,9,11,2,22,0,9,55,6,70,0,18,66,8,92,52,16,68,160
02/14/2017,INT,NC,ASO,ES,Federal Contract Tower,0,9,16,0,25,0,0,68,2,70,0,9,84,2,95,56,0,56,151
02/15/2017,INT,NC,ASO,ES,Federal Contract Tower,1,10,20,0,31,0,0,24,0,24,1,10,44,0,55,10,0,10,65
02/16/2017,INT,NC,ASO,ES,Federal Contract Tower,0,15,15,0,30,0,1,22,0,23,0,16,37,0,53,6,0,6,59
02/17/2017,INT,NC,ASO,ES,Federal Contract Tower,1,15,17,0,33,0,8,43,1,52,1,23,60,1,85,30,0,30,115
02/18/2017,INT,NC,ASO,ES,Federal Contract Tower,0,9,12,0,21,0,10,71,7,88,0,19,83,7,109,76,0,76,185
02/19/2017,INT,NC,ASO,ES,Federal Contract Tower,0,15,15,0,30,0,12,52,2,66,0,27,67,2,96,50,0,50,146
02/20/2017,INT,NC,ASO,ES,Federal Contract Tower,0,20,25,0,45,0,8,80,0,88,0,28,105,0,133,56,0,56,189
02/21/2017,INT,NC,ASO,ES,Federal Contract Tower,4,20,12,0,36,0,1,46,0,47,4,21,58,0,83,20,0,20,103
02/22/2017,INT,NC,ASO,ES,Federal Contract Tower,1,18,24,0,43,0,0,15,0,15,1,18,39,0,58,22,0,22,80
02/23/2017,INT,NC,ASO,ES,Federal Contract Tower,0,10,15,0,25,0,2,57,2,61,0,12,72,2,86,74,0,74,160
02/24/2017,INT,NC,ASO,ES,Federal Contract Tower,0,28,12,0,40,0,7,69,14,90,0,35,81,14,130,102,12,114,244
02/25/2017,INT,NC,ASO,ES,Federal Contract Tower,0,17,4,2,23,0,5,31,4,40,0,22,35,6,63,14,0,14,77
02/26/2017,INT,NC,ASO,ES,Federal Contract Tower,0,26,25,2,53,0,11,85,4,100,0,37,110,6,153,30,0,30,183
02/27/2017,INT,NC,ASO,ES,Federal Contract Tower,0,17,11,0,28,0,11,35,0,46,0,28,46,0,74,24,0,24,98
02/28/2017,INT,NC,ASO,ES,Federal Contract Tower,0,17,11,0,28,0,2,51,4,57,0,19,62,4,85,24,0,24,109
03/01/2017,INT,NC,ASO,ES,Federal Contract Tower,1,21,14,0,36,0,3,2,0,5,1,24,16,0,41,0,0,0,41
03/02/2017,INT,NC,ASO,ES,Federal Contract Tower,0,27,23,4,54,0,0,28,2,30,0,27,51,6,84,12,0,12,96
03/03/2017,INT,NC,ASO,ES,Federal Contract Tower,0,35,10,0,45,0,5,13,0,18,0,40,23,0,63,0,0,0,63
03/04/2017,INT,NC,ASO,ES,Federal Contract Tower,1,20,18,0,39,0,4,77,0,81,1,24,95,0,120,78,0,78,198
03/05/2017,INT,NC,ASO,ES,Federal Contract Tower,2,10,8,2,22,0,19,50,2,71,2,29,58,4,93,26,0,26,119
03/06/2017,INT,NC,ASO,ES,Federal Contract Tower,0,13,13,1,27,0,6,81,2,89,0,19,94,3,116,46,0,46,162
03/07/2017,INT,NC,ASO,ES,Federal Contract Tower,0,6,20,0,26,0,8,16,2,26,0,14,36,2,52,2,0,2,54
03/08/2017,INT,NC,ASO,ES,Federal Contract Tower,0,18,20,0,38,0,0,54,0,54,0,18,74,0,92,30,0,30,122
03/09/2017,INT,NC,ASO,ES,Federal Contract Tower,3,10,20,0,33,0,5,63,0,68,3,15,83,0,101,46,0,46,147
03/10/2017,INT,NC,ASO,ES,Federal Contract Tower,0,14,2,0,16,0,11,16,1,28,0,25,18,1,44,12,0,12,56
03/11/2017,INT,NC,ASO,ES,Federal Contract Tower,0,4,15,0,19,0,11,79,0,90,0,15,94,0,109,42,0,42,151
03/12/2017,INT,NC,ASO,ES,Federal Contract Tower,0,8,18,0,26,0,1,31,2,34,0,9,49,2,60,6,0,6,66
03/13/2017,INT,NC,ASO,ES,Federal Contract Tower,1,24,16,0,41,0,11,19,0,30,1,35,35,0,71,18,0,18,89
03/14/2017,INT,NC,ASO,ES,Federal Contract Tower,0,13,14,0,27,0,3,10,0,13,0,16,24,0,40,2,0,2,42
03/15/2017,INT,NC,ASO,ES,Federal Contract Tower,0,17,14,0,31,0,0,11,0,11,0,17,25,0,42,0,0,0,42
03/16/2017,INT,NC,ASO,ES,Federal Contract Tower,0,17,28,0,45,0,2,61,6,69,0,19,89,6,114,38,4,42,156
03/17/2017,INT,NC,ASO,ES,Federal Contract Tower,1,15,13,0,29,0,10,60,8,78,1,25,73,8,107,48,4,52,159
03/18/2017,INT,NC,ASO,ES,Federal Contract Tower,0,5,7,0,12,0,0,16,0,16,0,5,23,0,28,28,0,28,56
03/19/2017,INT,NC,ASO,ES,Federal Contract Tower,0,18,12,0,30,0,15,39,0,54,0,33,51,0,84,32,0,32,116
03/20/2017,INT,NC,ASO,ES,Federal Contract Tower,0,24,5,4,33,0,6,71,1,78,0,30,76,5,111,48,0,48,159
03/21/2017,INT,NC,ASO,ES,Federal Contract Tower,0,14,14,0,28,0,12,29,2,43,0,26,43,2,71,10,0,10,81
03/22/2017,INT,NC,ASO,ES,Federal Contract Tower,0,14,17,0,31,0,2,39,0,41,0,16,56,0,72,24,0,24,96
03/23/2017,INT,NC,ASO,ES,Federal Contract Tower,3,21,26,0,50,0,6,61,4,71,3,27,87,4,121,14,0,14,135
03/24/2017,INT,NC,ASO,ES,Federal Contract Tower,0,25,25,0,50,0,12,59,6,77,0,37,84,6,127,76,16,92,219
03/25/2017,INT,NC,ASO,ES,Federal Contract Tower,0,8,10,0,18,0,5,68,10,83,0,13,78,10,101,30,0,30,131
03/26/2017,INT,NC,ASO,ES,Federal Contract Tower,0,16,12,0,28,0,1,34,0,35,0,17,46,0,63,66,0,66,129
03/27/2017,INT,NC,ASO,ES,Federal Contract Tower,0,16,8,0,24,0,4,19,0,23,0,20,27,0,47,60,0,60,107
03/28/2017,INT,NC,ASO,ES,Federal Contract Tower,0,12,29,0,41,0,1,11,0,12,0,13,40,0,53,16,0,16,69
03/29/2017,INT,NC,ASO,ES,Federal Contract Tower,0,16,30,1,47,0,0,71,2,73,0,16,101,3,120,16,0,16,136
03/30/2017,INT,NC,ASO,ES,Federal Contract Tower,0,26,25,0,51,0,3,49,0,52,0,29,74,0,103,38,0,38,141
03/31/2017,INT,NC,ASO,ES,Federal Contract Tower,0,18,11,0,29,0,3,30,0,33,0,21,41,0,62,6,0,6,68
04/01/2017,INT,NC,ASO,ES,Federal Contract Tower,0,12,12,0,24,0,6,39,5,50,0,18,51,5,74,42,6,48,122
04/02/2017,INT,NC,ASO,ES,Federal Contract Tower,0,17,17,0,34,0,20,95,3,118,0,37,112,3,152,62,0,62,214
04/03/2017,INT,NC,ASO,ES,Federal Contract Tower,0,17,6,0,23,0,6,0,0,6,0,23,6,0,29,0,0,0,29
04/04/2017,INT,NC,ASO,ES,Federal Contract Tower,0,6,27,1,34,0,6,60,3,69,0,12,87,4,103,34,0,34,137
04/05/2017,INT,NC,ASO,ES,Federal Contract Tower,1,14,23,1,39,0,0,30,3,33,1,14,53,4,72,6,2,8,80
04/06/2017,INT,NC,ASO,ES,Federal Contract Tower,0,27,13,0,40,0,0,2,0,2,0,27,15,0,42,0,0,0,42
04/07/2017,INT,NC,ASO,ES,Federal Contract Tower,0,44,26,0,70,0,7,14,0,21,0,51,40,0,91,6,0,6,97
04/08/2017,INT,NC,ASO,ES,Federal Contract Tower,0,25,13,0,38,0,15,64,3,82,0,40,77,3,120,50,0,50,170
04/09/2017,INT,NC,ASO,ES,Federal Contract Tower,0,11,15,0,26,0,3,76,0,79,0,14,91,0,105,58,0,58,163
04/10/2017,INT,NC,ASO,ES,Federal Contract Tower,0,16,9,0,25,0,11,66,2,79,0,27,75,2,104,72,4,76,180
04/11/2017,INT,NC,ASO,ES,Federal Contract Tower,0,14,24,0,38,0,8,67,5,80,0,22,91,5,118,54,0,54,172
04/12/2017,INT,NC,ASO,ES,Federal Contract Tower,0,21,16,0,37,0,1,68,2,71,0,22,84,2,108,54,0,54,162
04/13/2017,INT,NC,ASO,ES,Federal Contract Tower,0,40,31,0,71,0,0,89,2,91,0,40,120,2,162,74,0,74,236
04/14/2017,INT,NC,ASO,ES,Federal Contract Tower,0,23,25,0,48,0,1,63,1,65,0,24,88,1,113,122,0,122,235
04/15/2017,INT,NC,ASO,ES,Federal Contract Tower,0,4,2,3,9,0,4,54,3,61,0,8,56,6,70,42,2,44,114
04/16/2017,INT,NC,ASO,ES,Federal Contract Tower,0,28,17,0,45,0,5,44,0,49,0,33,61,0,94,46,0,46,140
04/17/2017,INT,NC,ASO,ES,Federal Contract Tower,0,12,6,0,18,0,15,57,4,76,0,27,63,4,94,14,0,14,108
04/18/2017,INT,NC,ASO,ES,Federal Contract Tower,0,17,7,1,25,0,1,7,1,9,0,18,14,2,34,4,0,4,38
04/19/2017,INT,NC,ASO,ES,Federal Contract Tower,0,23,7,0,30,0,0,0,0,0,0,23,7,0,30,0,0,0,30
04/20/2017,INT,NC,ASO,ES,Federal Contract Tower,0,28,22,0,50,0,2,37,5,44,0,30,59,5,94,66,6,72,166
04/21/2017,INT,NC,ASO,ES,Federal Contract Tower,0,37,33,0,70,0,1,66,0,67,0,38,99,0,137,86,0,86,223
04/22/2017,INT,NC,ASO,ES,Federal Contract Tower,0,19,7,2,28,0,2,30,0,32,0,21,37,2,60,68,0,68,128
04/23/2017,INT,NC,ASO,ES,Federal Contract Tower,0,20,3,0,23,0,2,0,0,2,0,22,3,0,25,0,0,0,25
04/24/2017,INT,NC,ASO,ES,Federal Contract Tower,0,28,4,0,32,0,0,0,0,0,0,28,4,0,32,0,0,0,32
04/25/2017,INT,NC,ASO,ES,Federal Contract Tower,0,15,16,0,31,0,0,0,0,0,0,15,16,0,31,0,0,0,31
04/26/2017,INT,NC,ASO,ES,Federal Contract Tower,0,16,19,0,35,0,4,59,0,63,0,20,78,0,98,72,0,72,170
04/27/2017,INT,NC,ASO,ES,Federal Contract Tower,0,29,12,0,41,0,2,28,0,30,0,31,40,0,71,28,0,28,99
04/28/2017,INT,NC,ASO,ES,Federal Contract Tower,0,22,20,4,46,0,9,65,0,74,0,31,85,4,120,132,4,136,256
04/29/2017,INT,NC,ASO,ES,Federal Contract Tower,0,6,14,0,20,0,10,48,1,59,0,16,62,1,79,64,0,64,143
04/30/2017,INT,NC,ASO,ES,Federal Contract Tower,0,16,17,0,33,0,8,34,1,43,0,24,51,1,76,18,0,18,94
05/01/2017,INT,NC,ASO,ES,Federal Contract Tower,0,8,15,0,23,0,0,0,0,0,0,8,15,0,23,0,0,0,23
05/02/2017,INT,NC,ASO,ES,Federal Contract Tower,0,25,25,0,50,0,50,41,0,91,0,75,66,0,141,8,0,8,149
05/03/2017,INT,NC,ASO,ES,Federal Contract Tower,0,31,18,0,49,0,1,80,1,82,0,32,98,1,131,120,0,120,251
05/04/2017,INT,NC,ASO,ES,Federal Contract Tower,0,41,15,10,66,0,1,35,0,36,0,42,50,10,102,36,0,36,138
05/05/2017,INT,NC,ASO,ES,Federal Contract Tower,0,31,10,0,41,0,30,14,1,45,0,61,24,1,86,8,0,8,94
05/06/2017,INT,NC,ASO,ES,Federal Contract Tower,0,4,5,0,9,0,1,23,1,25,0,5,28,1,34,10,0,10,44
05/07/2017,INT,NC,ASO,ES,Federal Contract Tower,0,20,9,2,31,0,7,34,13,54,0,27,43,15,85,14,7,21,106
05/08/2017,INT,NC,ASO,ES,Federal Contract Tower,0,17,22,0,39,0,2,37,6,45,0,19,59,6,84,16,4,20,104
05/09/2017,INT,NC,ASO,ES,Federal Contract Tower,0,13,17,0,30,0,2,42,0,44,0,15,59,0,74,30,0,30,104
05/10/2017,INT,NC,ASO,ES,Federal Contract Tower,0,27,16,1,44,0,0,52,2,54,0,27,68,3,98,56,0,56,154
05/11/2017,INT,NC,ASO,ES,Federal Contract Tower,0,9,10,4,23,0,1,52,3,56,0,10,62,7,79,42,0,42,121
05/12/2017,INT,NC,ASO,ES,Federal Contract Tower,0,22,8,1,31,0,0,0,0,0,0,22,8,1,31,0,0,0,31
05/13/2017,INT,NC,ASO,ES,Federal Contract Tower,0,16,11,0,27,0,9,34,0,43,0,25,45,0,70,0,0,0,70
05/14/2017,INT,NC,ASO,ES,Federal Contract Tower,0,25,21,0,46,0,15,31,4,50,0,40,52,4,96,0,0,0,96
05/15/2017,INT,NC,ASO,ES,Federal Contract Tower,0,39,34,0,73,0,16,50,12,78,0,55,84,12,151,26,0,26,177
05/16/2017,INT,NC,ASO,ES,Federal Contract Tower,0,35,23,0,58,0,18,73,0,91,0,53,96,0,149,76,0,76,225
05/17/2017,INT,NC,ASO,ES,Federal Contract Tower,0,11,18,0,29,0,8,73,0,81,0,19,91,0,110,86,0,86,196
05/18/2017,INT,NC,ASO,ES,Federal Contract Tower,0,34,18,2,54,0,2,51,2,55,0,36,69,4,109,90,0,90,199
05/19/2017,INT,NC,ASO,ES,Federal Contract Tower,0,12,21,0,33,0,17,43,3,63,0,29,64,3,96,18,0,18,114
05/20/2017,INT,NC,ASO,ES,Federal Contract Tower,0,13,12,0,25,0,16,42,2,60,0,29,54,2,85,50,0,50,135
05/21/2017,INT,NC,ASO,ES,Federal Contract Tower,0,11,6,0,17,0,0,0,0,0,0,11,6,0,17,0,0,0,17
05/22/2017,INT,NC,ASO,ES,Federal Contract Tower,0,18,21,0,39,0,4,26,0,30,0,22,47,0,69,108,0,108,177
05/23/2017,INT,NC,ASO,ES,Federal Contract Tower,0,12,15,0,27,0,0,0,0,0,0,12,15,0,27,0,0,0,27
05/24/2017,INT,NC,ASO,ES,Federal Contract Tower,0,20,12,0,32,0,0,0,0,0,0,20,12,0,32,0,0,0,32
05/25/2017,INT,NC,ASO,ES,Federal Contract Tower,0,18,20,2,40,0,0,24,0,24,0,18,44,2,64,42,0,42,106
05/26/2017,INT,NC,ASO,ES,Federal Contract Tower,0,23,13,0,36,0,20,89,12,121,0,43,102,12,157,96,0,96,253
05/27/2017,INT,NC,ASO,ES,Federal Contract Tower,0,5,12,0,17,0,6,41,0,47,0,11,53,0,64,46,0,46,110
05/28/2017,INT,NC,ASO,ES,Federal Contract Tower,0,5,6,0,11,0,19,43,0,62,0,24,49,0,73,28,0,28,101
05/29/2017,INT,NC,ASO,ES,Federal Contract Tower,0,9,21,0,30,0,0,39,0,39,0,9,60,0,69,28,0,28,97
05/30/2017,INT,NC,ASO,ES,Federal Contract Tower,0,13,26,0,39,0,14,36,0,50,0,27,62,0,89,44,0,44,133
05/31/2017,INT,NC,ASO,ES,Federal Contract Tower,0,20,13,0,33,0,1,45,0,46,0,21,58,0,79,36,0,36,115
06/01/2017,INT,NC,ASO,ES,Federal Contract Tower,0,24,31,0,55,0,1,78,13,92,0,25,109,13,147,80,12,92,239
06/02/2017,INT,NC,ASO,ES,Federal Contract Tower,0,17,27,0,44,0,3,80,0,83,0,20,107,0,127,72,0,72,199
06/03/2017,INT,NC,ASO,ES,Federal Contract Tower,0,2,7,0,9,0,19,79,9,107,0,21,86,9,116,82,8,90,206
06/04/2017,INT,NC,ASO,ES,Federal Contract Tower,0,12,14,0,26,0,11,53,0,64,0,23,67,0,90,64,0,64,154
06/05/2017,INT,NC,ASO,ES,Federal Contract Tower,0,21,6,0,27,0,0,1,0,1,0,21,7,0,28,0,0,0,28
06/06/2017,INT,NC,ASO,ES,Federal Contract Tower,0,17,20,2,39,0,1,63,0,64,0,18,83,2,103,98,0,98,201
06/07/2017,INT,NC,ASO,ES,Federal Contract Tower,0,13,15,0,28,0,3,57,0,60,0,16,72,0,88,66,0,66,154
06/08/2017,INT,NC,ASO,ES,Federal Contract Tower,1,13,23,1,38,0,0,58,6,64,1,13,81,7,102,102,12,114,216
06/09/2017,INT,NC,ASO,ES,Federal Contract Tower,0,28,22,1,51,0,3,70,10,83,0,31,92,11,134,36,0,36,170
06/10/2017,INT,NC,ASO,ES,Federal Contract Tower,0,5,18,0,23,0,1,57,0,58,0,6,75,0,81,101,0,101,182
06/11/2017,INT,NC,ASO,ES,Federal Contract Tower,0,3,24,0,27,0,2,71,0,73,0,5,95,0,100,51,0,51,151
06/12/2017,INT,NC,ASO,ES,Federal Contract Tower,0,16,20,0,36,0,1,67,0,68,0,17,87,0,104,66,0,66,170
06/13/2017,INT,NC,ASO,ES,Federal Contract Tower,0,27,20,0,47,0,0,54,0,54,0,27,74,0,101,56,0,56,157
06/14/2017,INT,NC,ASO,ES,Federal Contract Tower,0,19,24,0,43,0,2,78,0,80,0,21,102,0,123,61,0,61,184
06/15/2017,INT,NC,ASO,ES,Federal Contract Tower,0,23,8,0,31,0,1,46,3,50,0,24,54,3,81,60,0,60,141
06/16/2017,INT,NC,ASO,ES,Federal Contract Tower,0,24,8,0,32,0,2,32,0,34,0,26,40,0,66,62,0,62,128
06/17/2017,INT,NC,ASO,ES,Federal Contract Tower,0,6,5,2,13,0,6,25,0,31,0,12,30,2,44,76,0,76,120
06/18/2017,INT,NC,ASO,ES,Federal Contract Tower,0,5,7,0,12,0,14,30,0,44,0,19,37,0,56,18,2,20,76
06/19/2017,INT,NC,ASO,ES,Federal Contract Tower,0,20,14,0,34,0,4,19,0,23,0,24,33,0,57,20,0,20,77
06/20/2017,INT,NC,ASO,ES,Federal Contract Tower,0,5,17,0,22,0,7,64,2,73,0,12,81,2,95,14,0,14,109
06/21/2017,INT,NC,ASO,ES,Federal Contract Tower,0,19,21,0,40,0,0,38,0,38,0,19,59,0,78,50,0,50,128
06/22/2017,INT,NC,ASO,ES,Federal Contract Tower,0,24,13,0,37,0,3,72,2,77,0,27,85,2,114,48,0,48,162
06/23/2017,INT,NC,ASO,ES,Federal Contract Tower,0,32,7,0,39,0,24,34,0,58,0,56,41,0,97,10,0,10,107
06/24/2017,INT,NC,ASO,ES,Federal Contract Tower,0,7,15,2,24,0,1,39,0,40,0,8,54,2,64,30,0,30,94
06/25/2017,INT,NC,ASO,ES,Federal Contract Tower,0,16,18,0,34,0,31,66,2,99,0,47,84,2,133,58,0,58,191
06/26/2017,INT,NC,ASO,ES,Federal Contract Tower,0,12,8,5,25,0,4,45,4,53,0,16,53,9,78,38,4,42,120
06/27/2017,INT,NC,ASO,ES,Federal Contract Tower,0,30,29,0,59,0,8,61,0,69,0,38,90,0,128,18,0,18,146
06/28/2017,INT,NC,ASO,ES,Federal Contract Tower,0,24,29,0,53,0,1,74,0,75,0,25,103,0,128,48,0,48,176
06/29/2017,INT,NC,ASO,ES,Federal Contract Tower,0,15,17,0,32,0,1,64,0,65,0,16,81,0,97,62,0,62,159
06/30/2017,INT,NC,ASO,ES,Federal Contract Tower,0,10,15,0,25,0,3,87,0,90,0,13,102,0,115,30,0,30,145
07/01/2017,INT,NC,ASO,ES,Federal Contract Tower,0,7,14,1,22,0,2,22,0,24,0,9,36,1,46,44,0,44,90
07/02/2017,INT,NC,ASO,ES,Federal Contract Tower,0,11,9,0,20,0,18,33,0,51,0,29,42,0,71,33,0,33,104
07/03/2017,INT,NC,ASO,ES,Federal Contract Tower,0,9,5,0,14,0,11,92,0,103,0,20,97,0,117,26,0,26,143
07/04/2017,INT,NC,ASO,ES,Federal Contract Tower,0,9,8,0,17,0,1,17,0,18,0,10,25,0,35,0,0,0,35
07/05/2017,INT,NC,ASO,ES,Federal Contract Tower,0,9,16,2,27,0,0,34,0,34,0,9,50,2,61,86,0,86,147
07/06/2017,INT,NC,ASO,ES,Federal Contract Tower,0,17,32,0,49,0,1,61,14,76,0,18,93,14,125,52,8,60,185
07/07/2017,INT,NC,ASO,ES,Federal Contract Tower,0,17,14,0,31,0,2,44,0,46,0,19,58,0,77,65,0,65,142
07/08/2017,INT,NC,ASO,ES,Federal Contract Tower,0,3,10,0,13,0,0,59,0,59,0,3,69,0,72,57,0,57,129
07/09/2017,INT,NC,ASO,ES,Federal Contract Tower,0,4,27,1,32,0,2,44,1,47,0,6,71,2,79,12,0,12,91
07/10/2017,INT,NC,ASO,ES,Federal Contract Tower,0,12,21,0,33,0,5,35,1,41,0,17,56,1,74,55,0,55,129
07/11/2017,INT,NC,ASO,ES,Federal Contract Tower,0,18,8,1,27,0,2,39,8,49,0,20,47,9,76,38,0,38,114
07/12/2017,INT,NC,ASO,ES,Federal Contract Tower,0,29,32,0,61,0,2,53,2,57,0,31,85,2,118,128,0,128,246
07/13/2017,INT,NC,ASO,ES,Federal Contract Tower,0,33,16,0,49,0,3,74,2,79,0,36,90,2,128,46,6,52,180
07/14/2017,INT,NC,ASO,ES,Federal Contract Tower,0,28,8,0,36,0,5,90,4,99,0,33,98,4,135,58,0,58,193
07/15/2017,INT,NC,ASO,ES,Federal Contract Tower,0,6,19,3,28,0,0,69,0,69,0,6,88,3,97,50,0,50,147
07/16/2017,INT,NC,ASO,ES,Federal Contract Tower,0,19,12,0,31,0,0,69,0,69,0,19,81,0,100,72,0,72,172
07/17/2017,INT,NC,ASO,ES,Federal Contract Tower,0,21,8,0,29,0,5,58,0,63,0,26,66,0,92,88,0,88,180
07/18/2017,INT,NC,ASO,ES,Federal Contract Tower,0,12,19,0,31,0,14,44,0,58,0,26,63,0,89,26,0,26,115
07/19/2017,INT,NC,ASO,ES,Federal Contract Tower,0,13,26,0,39,0,0,95,2,97,0,13,121,2,136,114,0,114,250
07/20/2017,INT,NC,ASO,ES,Federal Contract Tower,0,17,32,2,51,0,3,72,8,83,0,20,104,10,134,62,2,64,198
07/21/2017,INT,NC,ASO,ES,Federal Contract Tower,0,16,12,0,28,0,7,75,2,84,0,23,87,2,112,104,0,104,216
07/22/2017,INT,NC,ASO,ES,Federal Contract Tower,0,6,16,0,22,0,4,45,2,51,0,10,61,2,73,44,0,44,117
07/23/2017,INT,NC,ASO,ES,Federal Contract Tower,0,15,8,0,23,0,11,32,0,43,0,26,40,0,66,2,0,2,68
07/24/2017,INT,NC,ASO,ES,Federal Contract Tower,0,25,4,0,29,0,11,25,2,38,0,36,29,2,67,0,0,0,67
07/25/2017,INT,NC,ASO,ES,Federal Contract Tower,0,11,24,0,35,0,11,48,2,61,0,22,72,2,96,37,0,37,133
07/26/2017,INT,NC,ASO,ES,Federal Contract Tower,0,9,32,0,41,0,1,66,0,67,0,10,98,0,108,107,0,107,215
07/27/2017,INT,NC,ASO,ES,Federal Contract Tower,0,15,21,0,36,0,0,30,0,30,0,15,51,0,66,42,0,42,108
07/28/2017,INT,NC,ASO,ES,Federal Contract Tower,0,21,12,0,33,0,7,41,0,48,0,28,53,0,81,53,0,53,134
07/29/2017,INT,NC,ASO,ES,Federal Contract Tower,0,4,10,0,14,0,28,53,0,81,0,32,63,0,95,38,0,38,133
07/30/2017,INT,NC,ASO,ES,Federal Contract Tower,0,6,10,0,16,0,6,46,2,54,0,12,56,2,70,38,4,42,112
07/31/2017,INT,NC,ASO,ES,Federal Contract Tower,0,20,17,0,37,0,9,86,2,97,0,29,103,2,134,72,0,72,206
08/01/2017,INT,NC,ASO,ES,Federal Contract Tower,1,16,10,0,27,0,10,72,0,82,1,26,82,0,109,70,0,70,179
08/02/2017,INT,NC,ASO,ES,Federal Contract Tower,0,10,30,4,44,0,1,78,1,80,0,11,108,5,124,62,0,62,186
08/03/2017,INT,NC,ASO,ES,Federal Contract Tower,0,7,17,0,24,0,0,46,0,46,0,7,63,0,70,66,0,66,136
08/04/2017,INT,NC,ASO,ES,Federal Contract Tower,1,12,5,0,18,0,0,51,0,51,1,12,56,0,69,60,0,60,129
08/05/2017,INT,NC,ASO,ES,Federal Contract Tower,0,8,15,0,23,0,0,43,2,45,0,8,58,2,68,36,0,36,104
08/06/2017,INT,NC,ASO,ES,Federal Contract Tower,1,4,11,0,16,0,3,51,0,54,1,7,62,0,70,39,0,39,109
08/07/2017,INT,NC,ASO,ES,Federal Contract Tower,0,8,18,0,26,0,1,6,0,7,0,9,24,0,33,2,0,2,35
08/08/2017,INT,NC,ASO,ES,Federal Contract Tower,0,16,20,0,36,0,1,14,0,15,0,17,34,0,51,22,0,22,73
08/09/2017,INT,NC,ASO,ES,Federal Contract Tower,1,18,24,0,43,0,1,44,6,51,1,19,68,6,94,24,0,24,118
08/10/2017,INT,NC,ASO,ES,Federal Contract Tower,0,8,23,0,31,0,0,91,2,93,0,8,114,2,124,104,0,104,228
08/11/2017,INT,NC,ASO,ES,Federal Contract Tower,0,19,19,0,38,0,4,39,0,43,0,23,58,0,81,28,0,28,109
08/12/2017,INT,NC,ASO,ES,Federal Contract Tower,0,12,9,0,21,0,12,26,0,38,0,24,35,0,59,6,0,6,65
08/13/2017,INT,NC,ASO,ES,Federal Contract Tower,1,13,6,0,20,0,2,34,2,38,1,15,40,2,58,54,0,54,112
08/14/2017,INT,NC,ASO,ES,Federal Contract Tower,0,14,13,0,27,0,0,5,0,5,0,14,18,0,32,2,0,2,34
08/15/2017,INT,NC,ASO,ES,Federal Contract Tower,0,20,18,1,39,0,0,43,0,43,0,20,61,1,82,50,0,50,132
08/16/2017,INT,NC,ASO,ES,Federal Contract Tower,0,14,17,0,31,0,1,49,4,54,0,15,66,4,85,32,0,32,117
08/17/2017,INT,NC,ASO,ES,Federal Contract Tower,0,22,17,2,41,0,1,72,7,80,0,23,89,9,121,34,6,40,161
08/18/2017,INT,NC,ASO,ES,Federal Contract Tower,0,21,19,3,43,0,4,40,1,45,0,25,59,4,88,28,0,28,116
08/19/2017,INT,NC,ASO,ES,Federal Contract Tower,0,5,12,0,17,0,4,77,0,81,0,9,89,0,98,46,0,46,144
08/20/2017,INT,NC,ASO,ES,Federal Contract Tower,0,11,15,2,28,0,17,44,13,74,0,28,59,15,102,20,2,22,124
08/21/2017,INT,NC,ASO,ES,Federal Contract Tower,0,7,16,0,23,0,9,57,2,68,0,16,73,2,91,16,0,16,107
08/22/2017,INT,NC,ASO,ES,Federal Contract Tower,0,40,33,0,73,0,4,50,3,57,0,44,83,3,130,12,0,12,142
08/23/2017,INT,NC,ASO,ES,Federal Contract Tower,0,30,24,0,54,0,0,51,2,53,0,30,75,2,107,8,0,8,115
08/24/2017,INT,NC,ASO,ES,Federal Contract Tower,0,33,23,0,56,0,5,43,4,52,0,38,66,4,108,26,0,26,134
08/25/2017,INT,NC,ASO,ES,Federal Contract Tower,0,47,22,1,70,0,11,67,0,78,0,58,89,1,148,25,0,25,173
08/26/2017,INT,NC,ASO,ES,Federal Contract Tower,0,15,10,1,26,0,11,74,0,85,0,26,84,1,111,64,0,64,175
08/27/2017,INT,NC,ASO,ES,Federal Contract Tower,0,15,10,0,25,0,14,47,3,64,0,29,57,3,89,12,8,20,109
08/28/2017,INT,NC,ASO,ES,Federal Contract Tower,0,20,12,0,32,0,10,72,0,82,0,30,84,0,114,24,0,24,138
08/29/2017,INT,NC,ASO,ES,Federal Contract Tower,0,12,27,0,39,0,0,23,0,23,0,12,50,0,62,0,0,0,62
08/30/2017,INT,NC,ASO,ES,Federal Contract Tower,0,21,14,0,35,0,1,64,3,68,0,22,78,3,103,106,0,106,209
08/31/2017,INT,NC,ASO,ES,Federal Contract Tower,0,21,27,0,48,0,0,47,12,59,0,21,74,12,107,16,12,28,135
09/01/2017,INT,NC,ASO,ES,Federal Contract Tower,0,10,21,0,31,0,0,0,0,0,0,10,21,0,31,0,0,0,31
09/02/2017,INT,NC,ASO,ES,Federal Contract Tower,0,0,10,0,10,0,0,3,0,3,0,0,13,0,13,0,0,0,13
09/03/2017,INT,NC,ASO,ES,Federal Contract Tower,0,3,9,0,12,0,5,39,0,44,0,8,48,0,56,14,0,14,70
09/04/2017,INT,NC,ASO,ES,Federal Contract Tower,0,6,13,0,19,0,3,78,2,83,0,9,91,2,102,30,0,30,132
09/05/2017,INT,NC,ASO,ES,Federal Contract Tower,0,9,16,0,25,0,3,32,0,35,0,12,48,0,60,55,0,55,115
09/06/2017,INT,NC,ASO,ES,Federal Contract Tower,0,28,17,0,45,0,0,1,0,1,0,28,18,0,46,0,0,0,46
09/07/2017,INT,NC,ASO,ES,Federal Contract Tower,0,21,17,0,38,0,0,82,9,91,0,21,99,9,129,48,8,56,185
09/08/2017,INT,NC,ASO,ES,Federal Contract Tower,0,25,30,0,55,0,3,62,6,71,0,28,92,6,126,72,8,80,206
09/09/2017,INT,NC,ASO,ES,Federal Contract Tower,0,12,11,0,23,0,0,61,0,61,0,12,72,0,84,50,0,50,134
09/10/2017,INT,NC,ASO,ES,Federal Contract Tower,0,5,10,0,15,0,4,32,0,36,0,9,42,0,51,26,0,26,77
09/11/2017,INT,NC,ASO,ES,Federal Contract Tower,0,4,8,0,12,0,1,1,0,2,0,5,9,0,14,0,0,0,14
09/12/2017,INT,NC,ASO,ES,Federal Contract Tower,0,14,7,0,21,0,0,0,0,0,0,14,7,0,21,0,0,0,21
09/13/2017,INT,NC,ASO,ES,Federal Contract Tower,0,26,20,0,46,0,1,42,3,46,0,27,62,3,92,40,0,40,132
09/14/2017,INT,NC,ASO,ES,Federal Contract Tower,0,26,17,0,43,0,1,67,7,75,0,27,84,7,118,86,0,86,204
09/15/2017,INT,NC,ASO,ES,Federal Contract Tower,1,33,23,0,57,0,14,57,0,71,1,47,80,0,128,40,0,40,168
09/16/2017,INT,NC,ASO,ES,Federal Contract Tower,0,18,27,2,47,0,5,62,2,69,0,23,89,4,116,0,0,0,116
09/17/2017,INT,NC,ASO,ES,Federal Contract Tower,0,20,22,0,42,0,20,32,5,57,0,40,54,5,99,2,0,2,101
09/18/2017,INT,NC,ASO,ES,Federal Contract Tower,0,23,12,1,36,0,16,49,4,69,0,39,61,5,105,42,0,42,147
09/19/2017,INT,NC,ASO,ES,Federal Contract Tower,0,14,32,0,46,0,7,55,4,66,0,21,87,4,112,16,0,16,128
09/20/2017,INT,NC,ASO,ES,Federal Contract Tower,0,20,17,2,39,0,1,57,9,67,0,21,74,11,106,48,4,52,158
09/21/2017,INT,NC,ASO,ES,Federal Contract Tower,0,20,32,0,52,0,9,58,5,72,0,29,90,5,124,80,0,80,204
09/22/2017,INT,NC,ASO,ES,Federal Contract Tower,0,30,40,1,71,0,6,73,6,85,0,36,113,7,156,50,10,60,216
09/23/2017,INT,NC,ASO,ES,Federal Contract Tower,0,3,28,1,32,0,0,64,1,65,0,3,92,2,97,0,0,0,97
09/24/2017,INT,NC,ASO,ES,Federal Contract Tower,0,11,16,0,27,0,17,51,8,76,0,28,67,8,103,24,0,24,127
09/25/2017,INT,NC,ASO,ES,Federal Contract Tower,0,13,11,0,24,0,3,41,2,46,0,16,52,2,70,58,2,60,130
09/26/2017,INT,NC,ASO,ES,Federal Contract Tower,0,19,13,0,32,0,11,42,10,63,0,30,55,10,95,36,12,48,143
09/27/2017,INT,NC,ASO,ES,Federal Contract Tower,0,11,22,0,33,0,2,57,3,62,0,13,79,3,95,72,4,76,171
09/28/2017,INT,NC,ASO,ES,Federal Contract Tower,0,17,19,2,38,0,2,74,1,77,0,19,93,3,115,12,0,12,127
09/29/2017,INT,NC,ASO,ES,Federal Contract Tower,0,23,46,0,69,0,3,68,3,74,0,26,114,3,143,46,0,46,189
09/30/2017,INT,NC,ASO,ES,Federal Contract Tower,0,17,35,0,52,0,0,71,0,71,0,17,106,0,123,0,0,0,123
10/01/2017,INT,NC,ASO,ES,Federal Contract Tower,0,10,27,0,37,0,0,35,3,38,0,10,62,3,75,20,6,26,101
10/02/2017,INT,NC,ASO,ES,Federal Contract Tower,0,13,27,0,40,0,6,44,0,50,0,19,71,0,90,34,0,34,124
10/03/2017,INT,NC,ASO,ES,Federal Contract Tower,0,12,19,0,31,0,2,50,1,53,0,14,69,1,84,10,6,16,100
10/04/2017,INT,NC,ASO,ES,Federal Contract Tower,0,12,24,4,40,0,3,62,1,66,0,15,86,5,106,42,0,42,148
10/05/2017,INT,NC,ASO,ES,Federal Contract Tower,0,27,20,0,47,0,6,76,0,82,0,33,96,0,129,48,0,48,177
10/06/2017,INT,NC,ASO,ES,Federal Contract Tower,0,44,29,0,73,0,9,65,0,74,0,53,94,0,147,68,0,68,215
10/07/2017,INT,NC,ASO,ES,Federal Contract Tower,0,12,13,0,25,0,1,1,0,2,0,13,14,0,27,0,0,0,27
10/08/2017,INT,NC,ASO,ES,Federal Contract Tower,0,24,13,0,37,0,11,3,0,14,0,35,16,0,51,0,0,0,51
10/09/2017,INT,NC,ASO,ES,Federal Contract Tower,0,12,20,0,32,0,6,3,0,9,0,18,23,0,41,0,0,0,41
10/10/2017,INT,NC,ASO,ES,Federal Contract Tower,0,15,20,1,36,0,1,3,1,5,0,16,23,2,41,4,0,4,45
10/11/2017,INT,NC,ASO,ES,Federal Contract Tower,0,25,17,0,42,0,1,37,2,40,0,26,54,2,82,48,0,48,130
10/12/2017,INT,NC,ASO,ES,Federal Contract Tower,0,33,34,0,67,0,0,15,0,15,0,33,49,0,82,32,0,32,114
10/13/2017,INT,NC,ASO,ES,Federal Contract Tower,0,39,13,0,52,0,0,0,0,0,0,39,13,0,52,0,0,0,52
10/14/2017,INT,NC,ASO,ES,Federal Contract Tower,2,19,25,0,46,0,4,28,0,32,2,23,53,0,78,30,0,30,108
10/15/2017,INT,NC,ASO,ES,Federal Contract Tower,1,26,21,0,48,0,8,18,3,29,1,34,39,3,77,6,0,6,83
10/16/2017,INT,NC,ASO,ES,Federal Contract Tower,0,20,15,0,35,0,3,15,2,20,0,23,30,2,55,16,0,16,71
10/17/2017,INT,NC,ASO,ES,Federal Contract Tower,1,21,31,0,53,0,3,57,2,62,1,24,88,2,115,90,0,90,205
10/18/2017,INT,NC,ASO,ES,Federal Contract Tower,0,16,27,2,45,0,0,69,9,78,0,16,96,11,123,52,2,54,177
10/20/2017,INT,NC,ASO,ES,Federal Contract Tower,0,20,21,2,43,0,4,132,0,136,0,24,153,2,179,110,0,110,289
10/21/2017,INT,NC,ASO,ES,Federal Contract Tower,0,2,14,1,17,0,3,85,0,88,0,5,99,1,105,100,0,100,205
10/22/2017,INT,NC,ASO,ES,Federal Contract Tower,0,19,9,1,29,0,18,48,1,67,0,37,57,2,96,48,0,48,144
10/23/2017,INT,NC,ASO,ES,Federal Contract Tower,0,11,13,0,24,0,0,0,0,0,0,11,13,0,24,0,0,0,24
10/24/2017,INT,NC,ASO,ES,Federal Contract Tower,0,12,31,1,44,0,0,20,0,20,0,12,51,1,64,24,0,24,88
10/25/2017,INT,NC,ASO,ES,Federal Contract Tower,0,25,23,0,48,0,15,77,0,92,0,40,100,0,140,58,0,58,198
10/26/2017,INT,NC,ASO,ES,Federal Contract Tower,0,42,24,1,67,0,1,75,9,85,0,43,99,10,152,98,6,104,256
10/27/2017,INT,NC,ASO,ES,Federal Contract Tower,0,42,35,0,77,0,3,57,4,64,0,45,92,4,141,83,0,83,224
10/28/2017,INT,NC,ASO,ES,Federal Contract Tower,0,12,24,0,36,0,0,41,0,41,0,12,65,0,77,12,0,12,89
10/29/2017,INT,NC,ASO,ES,Federal Contract Tower,0,20,40,0,60,0,0,2,0,2,0,20,42,0,62,0,0,0,62
10/30/2017,INT,NC,ASO,ES,Federal Contract Tower,0,12,28,1,41,0,7,63,2,72,0,19,91,3,113,52,0,52,165
10/31/2017,INT,NC,ASO,ES,Federal Contract Tower,0,7,21,0,28,0,3,80,3,86,0,10,101,3,114,32,4,36,150
11/01/2017,INT,NC,ASO,ES,Federal Contract Tower,0,19,24,0,43,0,1,55,1,57,0,20,79,1,100,54,0,54,154
11/02/2017,INT,NC,ASO,ES,Federal Contract Tower,0,15,28,0,43,0,6,76,8,90,0,21,104,8,133,46,8,54,187
11/03/2017,INT,NC,ASO,ES,Federal Contract Tower,0,23,19,1,43,0,6,93,1,100,0,29,112,2,143,36,0,36,179
11/04/2017,INT,NC,ASO,ES,Federal Contract Tower,0,8,7,0,15,0,0,0,0,0,0,8,7,0,15,0,0,0,15
11/05/2017,INT,NC,ASO,ES,Federal Contract Tower,0,11,14,0,25,0,0,0,0,0,0,11,14,0,25,0,0,0,25
11/06/2017,INT,NC,ASO,ES,Federal Contract Tower,0,27,24,1,52,0,1,5,0,6,0,28,29,1,58,6,0,6,64
11/07/2017,INT,NC,ASO,ES,Federal Contract Tower,1,18,16,0,35,0,0,0,0,0,1,18,16,0,35,0,0,0,35
11/08/2017,INT,NC,ASO,ES,Federal Contract Tower,0,19,15,0,34,0,0,0,0,0,0,19,15,0,34,0,0,0,34
11/09/2017,INT,NC,ASO,ES,Federal Contract Tower,0,19,18,0,37,0,0,5,0,5,0,19,23,0,42,0,0,0,42
11/10/2017,INT,NC,ASO,ES,Federal Contract Tower,0,17,30,1,48,0,9,73,1,83,0,26,103,2,131,106,0,106,237
11/11/2017,INT,NC,ASO,ES,Federal Contract Tower,0,10,25,1,36,0,19,65,2,86,0,29,90,3,122,106,0,106,228
11/12/2017,INT,NC,ASO,ES,Federal Contract Tower,0,13,16,0,29,0,10,58,0,68,0,23,74,0,97,68,0,68,165
11/13/2017,INT,NC,ASO,ES,Federal Contract Tower,0,16,16,0,32,0,5,50,1,56,0,21,66,1,88,24,0,24,112
11/14/2017,INT,NC,ASO,ES,Federal Contract Tower,0,21,25,0,46,0,9,44,1,54,0,30,69,1,100,86,0,86,186
11/15/2017,INT,NC,ASO,ES,Federal Contract Tower,0,28,32,0,60,0,0,78,0,78,0,28,110,0,138,90,0,90,228
11/16/2017,INT,NC,ASO,ES,Federal Contract Tower,0,30,24,0,54,0,1,68,0,69,0,31,92,0,123,70,0,70,193
11/17/2017,INT,NC,ASO,ES,Federal Contract Tower,0,27,15,0,42,0,4,65,0,69,0,31,80,0,111,101,0,101,212
11/18/2017,INT,NC,ASO,ES,Federal Contract Tower,0,19,6,0,25,0,3,2,0,5,0,22,8,0,30,0,0,0,30
11/19/2017,INT,NC,ASO,ES,Federal Contract Tower,1,22,12,0,35,0,3,33,0,36,1,25,45,0,71,10,0,10,81
11/20/2017,INT,NC,ASO,ES,Federal Contract Tower,1,12,16,0,29,0,14,61,0,75,1,26,77,0,104,108,0,108,212
11/21/2017,INT,NC,ASO,ES,Federal Contract Tower,0,26,38,0,64,0,7,55,0,62,0,33,93,0,126,118,0,118,244
11/22/2017,INT,NC,ASO,ES,Federal Contract Tower,0,18,33,0,51,0,0,69,0,69,0,18,102,0,120,40,0,40,160
11/23/2017,INT,NC,ASO,ES,Federal Contract Tower,0,8,5,0,13,0,0,22,0,22,0,8,27,0,35,2,0,2,37
11/24/2017,INT,NC,ASO,ES,Federal Contract Tower,0,13,15,0,28,0,5,84,4,93,0,18,99,4,121,74,6,80,201
11/25/2017,INT,NC,ASO,ES,Federal Contract Tower,0,22,17,0,39,0,8,55,1,64,0,30,72,1,103,2,0,2,105
11/26/2017,INT,NC,ASO,ES,Federal Contract Tower,0,21,17,0,38,0,8,52,2,62,0,29,69,2,100,50,6,56,156
11/27/2017,INT,NC,ASO,ES,Federal Contract Tower,2,12,32,0,46,0,4,41,0,45,2,16,73,0,91,36,0,36,127
11/28/2017,INT,NC,ASO,ES,Federal Contract Tower,1,25,14,2,42,0,10,49,0,59,1,35,63,2,101,50,0,50,151
11/29/2017,INT,NC,ASO,ES,Federal Contract Tower,0,23,31,0,54,0,0,93,0,93,0,23,124,0,147,66,0,66,213
11/30/2017,INT,NC,ASO,ES,Federal Contract Tower,0,26,28,1,55,0,2,70,0,72,0,28,98,1,127,40,0,40,167
12/01/2017,INT,NC,ASO,ES,Federal Contract Tower,0,22,28,0,50,0,6,56,0,62,0,28,84,0,112,18,0,18,130
12/02/2017,INT,NC,ASO,ES,Federal Contract Tower,0,14,3,1,18,0,14,69,1,84,0,28,72,2,102,134,0,134,236
12/03/2017,INT,NC,ASO,ES,Federal Contract Tower,0,8,13,0,21,0,2,50,2,54,0,10,63,2,75,28,0,28,103
12/04/2017,INT,NC,ASO,ES,Federal Contract Tower,1,18,11,0,30,0,10,62,4,76,1,28,73,4,106,28,0,28,134
12/05/2017,INT,NC,ASO,ES,Federal Contract Tower,0,28,12,0,40,0,1,9,0,10,0,29,21,0,50,0,0,0,50
12/06/2017,INT,NC,ASO,ES,Federal Contract Tower,0,19,21,1,41,0,3,61,1,65,0,22,82,2,106,64,0,64,170
12/07/2017,INT,NC,ASO,ES,Federal Contract Tower,0,23,19,6,48,0,4,39,7,50,0,27,58,13,98,2,8,10,108
12/08/2017,INT,NC,ASO,ES,Federal Contract Tower,0,14,3,0,17,0,0,1,0,1,0,14,4,0,18,0,0,0,18
12/10/2017,INT,NC,ASO,ES,Federal Contract Tower,0,9,8,2,19,0,11,48,6,65,0,20,56,8,84,36,0,36,120
12/11/2017,INT,NC,ASO,ES,Federal Contract Tower,0,12,12,0,24,0,19,53,4,76,0,31,65,4,100,54,0,54,154
12/12/2017,INT,NC,ASO,ES,Federal Contract Tower,0,10,7,1,18,0,8,35,1,44,0,18,42,2,62,20,0,20,82
12/13/2017,INT,NC,ASO,ES,Federal Contract Tower,0,28,18,0,46,0,2,44,3,49,0,30,62,3,95,36,0,36,131
12/14/2017,INT,NC,ASO,ES,Federal Contract Tower,0,16,30,0,46,0,5,68,2,75,0,21,98,2,121,60,0,60,181
12/15/2017,INT,NC,ASO,ES,Federal Contract Tower,0,21,20,0,41,0,22,50,3,75,0,43,70,3,116,72,0,72,188
12/16/2017,INT,NC,ASO,ES,Federal Contract Tower,0,12,18,1,31,0,8,44,4,56,0,20,62,5,87,56,6,62,149
12/17/2017,INT,NC,ASO,ES,Federal Contract Tower,0,5,11,0,16,0,0,68,2,70,0,5,79,2,86,26,0,26,112
12/18/2017,INT,NC,ASO,ES,Federal Contract Tower,1,9,16,0,26,0,6,23,2,31,1,15,39,2,57,2,0,2,59
12/19/2017,INT,NC,ASO,ES,Federal Contract Tower,0,26,31,0,57,0,7,54,1,62,0,33,85,1,119,16,0,16,135
12/21/2017,INT,NC,ASO,ES,Federal Contract Tower,0,19,22,0,41,0,1,65,2,68,0,20,87,2,109,64,0,64,173
12/22/2017,INT,NC,ASO,ES,Federal Contract Tower,0,9,14,0,23,0,0,62,0,62,0,9,76,0,85,86,0,86,171
12/23/2017,INT,NC,ASO,ES,Federal Contract Tower,1,7,1,0,9,0,0,0,0,0,1,7,1,0,9,0,0,0,9
12/24/2017,INT,NC,ASO,ES,Federal Contract Tower,1,3,3,0,7,0,2,6,0,8,1,5,9,0,15,4,0,4,19
12/25/2017,INT,NC,ASO,ES,Federal Contract Tower,0,0,5,0,5,0,6,2,0,8,0,6,7,0,13,0,0,0,13
12/26/2017,INT,NC,ASO,ES,Federal Contract Tower,0,11,12,0,23,0,1,31,0,32,0,12,43,0,55,68,0,68,123
12/27/2017,INT,NC,ASO,ES,Federal Contract Tower,0,10,14,0,24,0,0,57,2,59,0,10,71,2,83,30,0,30,113
12/28/2017,INT,NC,ASO,ES,Federal Contract Tower,0,11,19,0,30,0,2,40,4,46,0,13,59,4,76,36,0,36,112
12/29/2017,INT,NC,ASO,ES,Federal Contract Tower,0,14,19,0,33,0,2,75,4,81,0,16,94,4,114,48,0,48,162
12/30/2017,INT,NC,ASO,ES,Federal Contract Tower,1,11,12,0,24,0,1,48,4,53,1,12,60,4,77,48,0,48,125
12/31/2017,INT,NC,ASO,ES,Federal Contract Tower,0,11,3,0,14,0,0,4,0,4,0,11,7,0,18,0,0,0,18
01/01/2018,INT,NC,ASO,ES,Federal Contract Tower,0,10,8,0,18,0,3,37,0,40,0,13,45,0,58,38,0,38,96
01/02/2018,INT,NC,ASO,ES,Federal Contract Tower,1,11,9,0,21,0,2,23,3,28,1,13,32,3,49,68,0,68,117
01/03/2018,INT,NC,ASO,ES,Federal Contract Tower,0,14,19,1,34,0,25,1,0,26,0,39,20,1,60,24,0,24,84
01/04/2018,INT,NC,ASO,ES,Federal Contract Tower,0,7,15,0,22,0,2,6,3,11,0,9,21,3,33,0,6,6,39
01/05/2018,INT,NC,ASO,ES,Federal Contract Tower,2,11,18,0,31,0,4,56,0,60,2,15,74,0,91,60,0,60,151
01/06/2018,INT,NC,ASO,ES,Federal Contract Tower,0,9,11,1,21,0,15,63,1,79,0,24,74,2,100,32,0,32,132
01/07/2018,INT,NC,ASO,ES,Federal Contract Tower,1,7,9,0,17,0,15,49,6,70,1,22,58,6,87,32,0,32,119
01/08/2018,INT,NC,ASO,ES,Federal Contract Tower,0,12,6,0,18,0,2,1,0,3,0,14,7,0,21,2,0,2,23
01/09/2018,INT,NC,ASO,ES,Federal Contract Tower,0,13,28,1,42,0,14,66,5,85,0,27,94,6,127,36,0,36,163
01/10/2018,INT,NC,ASO,ES,Federal Contract Tower,1,16,17,0,34,0,1,67,3,71,1,17,84,3,105,14,0,14,119
01/11/2018,INT,NC,ASO,ES,Federal Contract Tower,0,11,8,0,19,0,0,0,0,0,0,11,8,0,19,0,0,0,19
01/12/2018,INT,NC,ASO,ES,Federal Contract Tower,0,12,8,0,20,0,0,0,0,0,0,12,8,0,20,0,0,0,20
01/13/2018,INT,NC,ASO,ES,Federal Contract Tower,0,7,11,0,18,0,5,13,0,18,0,12,24,0,36,6,0,6,42
01/14/2018,INT,NC,ASO,ES,Federal Contract Tower,0,8,15,0,23,0,12,60,12,84,0,20,75,12,107,4,0,4,111
01/15/2018,INT,NC,ASO,ES,Federal Contract Tower,0,17,26,0,43,0,9,64,2,75,0,26,90,2,118,18,0,18,136
01/16/2018,INT,NC,ASO,ES,Federal Contract Tower,0,18,19,0,37,0,16,67,10,93,0,34,86,10,130,20,0,20,150
01/17/2018,INT,NC,ASO,ES,Federal Contract Tower,0,2,0,0,2,0,0,0,0,0,0,2,0,0,2,0,0,0,2
01/18/2018,INT,NC,ASO,ES,Federal Contract Tower,1,15,6,0,22,0,0,12,0,12,1,15,18,0,34,0,0,0,34
01/19/2018,INT,NC,ASO,ES,Federal Contract Tower,1,13,15,1,30,0,0,46,1,47,1,13,61,2,77,59,0,59,136
01/20/2018,INT,NC,ASO,ES,Federal Contract Tower,0,3,19,0,22,0,0,78,10,88,0,3,97,10,110,78,0,78,188
01/21/2018,INT,NC,ASO,ES,Federal Contract Tower,0,2,24,1,27,0,4,59,5,68,0,6,83,6,95,23,0,23,118
01/22/2018,INT,NC,ASO,ES,Federal Contract Tower,0,10,15,0,25,0,7,23,2,32,0,17,38,2,57,6,0,6,63
01/23/2018,INT,NC,ASO,ES,Federal Contract Tower,0,12,25,0,37,0,2,12,0,14,0,14,37,0,51,0,0,0,51
01/24/2018,INT,NC,ASO,ES,Federal Contract Tower,0,19,25,2,46,0,1,62,0,63,0,20,87,2,109,20,0,20,129
01/25/2018,INT,NC,ASO,ES,Federal Contract Tower,0,13,23,0,36,0,6,78,2,86,0,19,101,2,122,38,0,38,160
01/26/2018,INT,NC,ASO,ES,Federal Contract Tower,2,25,11,0,38,0,5,67,2,74,2,30,78,2,112,38,0,38,150
01/27/2018,INT,NC,ASO,ES,Federal Contract Tower,1,6,16,0,23,0,2,63,2,67,1,8,79,2,90,54,0,54,144
01/28/2018,INT,NC,ASO,ES,Federal Contract Tower,0,6,4,0,10,0,0,0,0,0,0,6,4,0,10,0,0,0,10
01/29/2018,INT,NC,ASO,ES,Federal Contract Tower,0,7,6,0,13,0,5,2,0,7,0,12,8,0,20,0,0,0,20
01/30/2018,INT,NC,ASO,ES,Federal Contract Tower,3,15,16,0,34,0,5,20,0,25,3,20,36,0,59,0,0,0,59
01/31/2018,INT,NC,ASO,ES,Federal Contract Tower,1,32,24,1,58,0,3,89,9,101,1,35,113,10,159,48,10,58,217
02/01/2018,INT,NC,ASO,ES,Federal Contract Tower,0,27,18,0,45,0,0,55,2,57,0,27,73,2,102,10,0,10,112
02/02/2018,INT,NC,ASO,ES,Federal Contract Tower,0,27,14,2,43,0,9,39,0,48,0,36,53,2,91,56,0,56,147
02/03/2018,INT,NC,ASO,ES,Federal Contract Tower,0,14,14,0,28,0,10,78,7,95,0,24,92,7,123,126,0,126,249
02/04/2018,INT,NC,ASO,ES,Federal Contract Tower,0,10,3,0,13,0,0,0,0,0,0,10,3,0,13,0,0,0,13
02/05/2018,INT,NC,ASO,ES,Federal Contract Tower,0,21,17,0,38,0,16,58,1,75,0,37,75,1,113,44,0,44,157
02/06/2018,INT,NC,ASO,ES,Federal Contract Tower,0,20,23,0,43,0,4,82,3,89,0,24,105,3,132,56,0,56,188
02/07/2018,INT,NC,ASO,ES,Federal Contract Tower,3,14,4,0,21,0,0,0,0,0,3,14,4,0,21,4,0,4,25
02/08/2018,INT,NC,ASO,ES,Federal Contract Tower,0,24,19,5,48,0,4,100,6,110,0,28,119,11,158,90,0,90,248
02/09/2018,INT,NC,ASO,ES,Federal Contract Tower,0,21,19,0,40,0,5,73,7,85,0,26,92,7,125,94,0,94,219
02/10/2018,INT,NC,ASO,ES,Federal Contract Tower,2,13,3,0,18,0,0,0,0,0,2,13,3,0,18,0,0,0,18
02/11/2018,INT,NC,ASO,ES,Federal Contract Tower,1,14,11,0,26,0,0,0,0,0,1,14,11,0,26,0,0,0,26
02/12/2018,INT,NC,ASO,ES,Federal Contract Tower,0,14,14,1,29,0,0,0,0,0,0,14,14,1,29,4,0,4,33
02/13/2018,INT,NC,ASO,ES,Federal Contract Tower,0,29,13,4,46,0,2,13,0,15,0,31,26,4,61,28,0,28,89
02/14/2018,INT,NC,ASO,ES,Federal Contract Tower,1,23,21,2,47,0,7,79,15,101,1,30,100,17,148,44,0,44,192
02/15/2018,INT,NC,ASO,ES,Federal Contract Tower,0,25,37,1,63,0,0,29,0,29,0,25,66,1,92,52,0,52,144
02/16/2018,INT,NC,ASO,ES,Federal Contract Tower,0,27,15,0,42,0,1,12,4,17,0,28,27,4,59,0,4,4,63
02/17/2018,INT,NC,ASO,ES,Federal Contract Tower,0,15,11,0,26,0,0,7,0,7,0,15,18,0,33,10,0,10,43
02/18/2018,INT,NC,ASO,ES,Federal Contract Tower,0,10,30,2,42,0,3,83,2,88,0,13,113,4,130,48,0,48,178
02/19/2018,INT,NC,ASO,ES,Federal Contract Tower,0,14,28,0,42,0,0,0,0,0,0,14,28,0,42,0,0,0,42
02/20/2018,INT,NC,ASO,ES,Federal Contract Tower,0,16,20,2,38,0,0,6,0,6,0,16,26,2,44,0,0,0,44
02/21/2018,INT,NC,ASO,ES,Federal Contract Tower,0,31,19,3,53,0,4,15,0,19,0,35,34,3,72,30,0,30,102
02/22/2018,INT,NC,ASO,ES,Federal Contract Tower,0,21,28,2,51,0,1,33,2,36,0,22,61,4,87,28,0,28,115
02/23/2018,INT,NC,ASO,ES,Federal Contract Tower,2,56,16,0,74,0,18,30,0,48,2,74,46,0,122,28,0,28,150
02/24/2018,INT,NC,ASO,ES,Federal Contract Tower,1,14,9,1,25,0,12,21,0,33,1,26,30,1,58,34,0,34,92
02/25/2018,INT,NC,ASO,ES,Federal Contract Tower,2,33,11,0,46,0,5,21,0,26,2,38,32,0,72,10,0,10,82
02/26/2018,INT,NC,ASO,ES,Federal Contract Tower,0,19,19,2,40,0,1,34,8,43,0,20,53,10,83,62,0,62,145
02/27/2018,INT,NC,ASO,ES,Federal Contract Tower,0,13,28,3,44,0,4,64,13,81,0,17,92,16,125,52,0,52,177
03/01/2018,INT,NC,ASO,ES,Federal Contract Tower,0,23,12,0,35,0,0,0,0,0,0,23,12,0,35,0,0,0,35
03/02/2018,INT,NC,ASO,ES,Federal Contract Tower,0,35,9,0,44,0,4,8,0,12,0,39,17,0,56,0,0,0,56
03/03/2018,INT,NC,ASO,ES,Federal Contract Tower,0,11,7,0,18,0,6,41,2,49,0,17,48,2,67,28,0,28,95
03/04/2018,INT,NC,ASO,ES,Federal Contract Tower,0,11,16,1,28,0,9,57,2,68,0,20,73,3,96,90,0,90,186
03/05/2018,INT,NC,ASO,ES,Federal Contract Tower,2,19,6,1,28,0,10,106,4,120,2,29,112,5,148,72,0,72,220
03/06/2018,INT,NC,ASO,ES,Federal Contract Tower,0,24,9,0,33,0,1,44,0,45,0,25,53,0,78,2,0,2,80
03/07/2018,INT,NC,ASO,ES,Federal Contract Tower,0,22,18,1,41,0,0,22,0,22,0,22,40,1,63,0,0,0,63
03/08/2018,INT,NC,ASO,ES,Federal Contract Tower,0,21,26,0,47,0,3,42,0,45,0,24,68,0,92,38,0,38,130
03/09/2018,INT,NC,ASO,ES,Federal Contract Tower,1,17,12,2,32,0,7,49,0,56,1,24,61,2,88,34,0,34,122
03/10/2018,INT,NC,ASO,ES,Federal Contract Tower,0,22,17,3,42,0,22,53,2,77,0,44,70,5,119,72,0,72,191
03/11/2018,INT,NC,ASO,ES,Federal Contract Tower,0,15,10,2,27,0,6,2,0,8,0,21,12,2,35,4,0,4,39
03/12/2018,INT,NC,ASO,ES,Federal Contract Tower,0,8,7,0,15,0,0,0,0,0,0,8,7,0,15,0,0,0,15
03/13/2018,INT,NC,ASO,ES,Federal Contract Tower,0,19,28,1,48,0,4,36,7,47,0,23,64,8,95,16,0,16,111
03/14/2018,INT,NC,ASO,ES,Federal Contract Tower,0,10,11,2,23,0,1,28,4,33,0,11,39,6,56,0,0,0,56
03/15/2018,INT,NC,ASO,ES,Federal Contract Tower,0,21,13,1,35,0,1,22,1,24,0,22,35,2,59,10,0,10,69
03/16/2018,INT,NC,ASO,ES,Federal Contract Tower,0,12,19,0,31,0,0,48,2,50,0,12,67,2,81,51,0,51,132
03/17/2018,INT,NC,ASO,ES,Federal Contract Tower,0,8,14,1,23,0,0,71,3,74,0,8,85,4,97,94,0,94,191
03/18/2018,INT,NC,ASO,ES,Federal Contract Tower,0,4,17,0,21,0,0,49,2,51,0,4,66,2,72,72,0,72,144
03/19/2018,INT,NC,ASO,ES,Federal Contract Tower,0,12,20,2,34,0,9,22,0,31,0,21,42,2,65,94,0,94,159
03/20/2018,INT,NC,ASO,ES,Federal Contract Tower,0,11,23,0,34,0,0,1,0,1,0,11,24,0,35,0,0,0,35
03/21/2018,INT,NC,ASO,ES,Federal Contract Tower,0,21,8,0,29,0,0,0,0,0,0,21,8,0,29,0,0,0,29
03/22/2018,INT,NC,ASO,ES,Federal Contract Tower,0,34,29,2,65,0,3,54,0,57,0,37,83,2,122,28,0,28,150
03/23/2018,INT,NC,ASO,ES,Federal Contract Tower,0,36,8,3,47,0,22,90,4,116,0,58,98,7,163,56,0,56,219
03/24/2018,INT,NC,ASO,ES,Federal Contract Tower,2,15,1,0,18,0,6,12,0,18,2,21,13,0,36,78,0,78,114
03/25/2018,INT,NC,ASO,ES,Federal Contract Tower,0,8,5,0,13,0,17,9,0,26,0,25,14,0,39,30,0,30,69
03/26/2018,INT,NC,ASO,ES,Federal Contract Tower,1,8,16,2,27,0,19,37,5,61,1,27,53,7,88,0,2,2,90
03/27/2018,INT,NC,ASO,ES,Federal Contract Tower,0,12,20,0,32,0,0,62,0,62,0,12,82,0,94,68,0,68,162
03/28/2018,INT,NC,ASO,ES,Federal Contract Tower,0,14,24,1,39,0,3,31,3,37,0,17,55,4,76,42,0,42,118
03/29/2018,INT,NC,ASO,ES,Federal Contract Tower,0,29,17,2,48,0,0,62,0,62,0,29,79,2,110,22,0,22,132
03/30/2018,INT,NC,ASO,ES,Federal Contract Tower,0,23,16,0,39,0,33,0,0,33,0,56,16,0,72,24,0,24,96
03/31/2018,INT,NC,ASO,ES,Federal Contract Tower,0,7,28,0,35,0,15,110,9,134,0,22,138,9,169,96,0,96,265
04/01/2018,INT,NC,ASO,ES,Federal Contract Tower,0,17,20,0,37,0,10,30,2,42,0,27,50,2,79,26,0,26,105
04/02/2018,INT,NC,ASO,ES,Federal Contract Tower,0,9,23,1,33,0,5,48,0,53,0,14,71,1,86,56,0,56,142
04/03/2018,INT,NC,ASO,ES,Federal Contract Tower,0,11,24,0,35,0,0,41,0,41,0,11,65,0,76,18,0,18,94
04/04/2018,INT,NC,ASO,ES,Federal Contract Tower,0,12,10,1,23,0,11,1,0,12,0,23,11,1,35,0,0,0,35
04/05/2018,INT,NC,ASO,ES,Federal Contract Tower,0,10,31,0,41,0,4,85,0,89,0,14,116,0,130,88,0,88,218
04/06/2018,INT,NC,ASO,ES,Federal Contract Tower,0,31,20,0,51,0,2,44,0,46,0,33,64,0,97,24,0,24,121
04/07/2018,INT,NC,ASO,ES,Federal Contract Tower,0,11,0,0,11,0,0,0,0,0,0,11,0,0,11,0,0,0,11
04/08/2018,INT,NC,ASO,ES,Federal Contract Tower,0,9,33,0,42,0,9,59,0,68,0,18,92,0,110,64,0,64,174
04/09/2018,INT,NC,ASO,ES,Federal Contract Tower,0,15,14,0,29,0,0,63,0,63,0,15,77,0,92,38,0,38,130
04/10/2018,INT,NC,ASO,ES,Federal Contract Tower,0,14,16,2,32,0,2,79,4,85,0,16,95,6,117,54,0,54,171
04/11/2018,INT,NC,ASO,ES,Federal Contract Tower,0,23,22,2,47,0,0,96,1,97,0,23,118,3,144,68,0,68,212
04/12/2018,INT,NC,ASO,ES,Federal Contract Tower,0,28,18,0,46,0,3,60,0,63,0,31,78,0,109,18,0,18,127
04/13/2018,INT,NC,ASO,ES,Federal Contract Tower,0,23,37,0,60,0,0,49,0,49,0,23,86,0,109,0,0,0,109
04/14/2018,INT,NC,ASO,ES,Federal Contract Tower,2,11,22,0,35,0,0,26,0,26,2,11,48,0,61,6,0,6,67
04/15/2018,INT,NC,ASO,ES,Federal Contract Tower,0,6,17,0,23,0,0,5,0,5,0,6,22,0,28,0,0,0,28
04/16/2018,INT,NC,ASO,ES,Federal Contract Tower,0,16,24,0,40,0,1,11,0,12,0,17,35,0,52,0,0,0,52
04/17/2018,INT,NC,ASO,ES,Federal Contract Tower,0,9,26,0,35,0,4,21,4,29,0,13,47,4,64,16,4,20,84
04/18/2018,INT,NC,ASO,ES,Federal Contract Tower,2,13,28,0,43,0,2,87,0,89,2,15,115,0,132,40,0,40,172
04/19/2018,INT,NC,ASO,ES,Federal Contract Tower,0,24,19,0,43,0,3,20,0,23,0,27,39,0,66,2,0,2,68
04/20/2018,INT,NC,ASO,ES,Federal Contract Tower,0,27,12,2,41,0,14,103,1,118,0,41,115,3,159,120,4,124,283
04/21/2018,INT,NC,ASO,ES,Federal Contract Tower,0,8,19,1,28,0,4,96,7,107,0,12,115,8,135,110,2,112,247
04/22/2018,INT,NC,ASO,ES,Federal Contract Tower,1,14,19,2,36,0,14,56,1,71,1,28,75,3,107,76,0,76,183
04/23/2018,INT,NC,ASO,ES,Federal Contract Tower,0,19,15,0,34,0,7,8,0,15,0,26,23,0,49,4,0,4,53
04/24/2018,INT,NC,ASO,ES,Federal Contract Tower,0,17,9,0,26,0,0,0,0,0,0,17,9,0,26,0,0,0,26
04/25/2018,INT,NC,ASO,ES,Federal Contract Tower,0,21,24,5,50,0,0,31,1,32,0,21,55,6,82,12,0,12,94
04/26/2018,INT,NC,ASO,ES,Federal Contract Tower,0,38,16,0,54,0,3,71,2,76,0,41,87,2,130,94,0,94,224
04/27/2018,INT,NC,ASO,ES,Federal Contract Tower,0,31,12,2,45,0,12,47,7,66,0,43,59,9,111,66,0,66,177
04/28/2018,INT,NC,ASO,ES,Federal Contract Tower,0,14,12,2,28,0,20,61,2,83,0,34,73,4,111,84,0,84,195
04/29/2018,INT,NC,ASO,ES,Federal Contract Tower,0,12,15,0,27,0,19,63,3,85,0,31,78,3,112,86,0,86,198
04/30/2018,INT,NC,ASO,ES,Federal Contract Tower,1,10,12,1,24,0,7,70,3,80,1,17,82,4,104,36,2,38,142
05/01/2018,INT,NC,ASO,ES,Federal Contract Tower,0,16,14,0,30,0,15,59,0,74,0,31,73,0,104,22,0,22,126
05/02/2018,INT,NC,ASO,ES,Federal Contract Tower,0,17,27,1,45,0,4,75,1,80,0,21,102,2,125,68,0,68,193
05/03/2018,INT,NC,ASO,ES,Federal Contract Tower,0,22,28,2,52,0,3,61,0,64,0,25,89,2,116,18,0,18,134
05/04/2018,INT,NC,ASO,ES,Federal Contract Tower,0,12,20,0,32,0,12,39,2,53,0,24,59,2,85,30,0,30,115
05/05/2018,INT,NC,ASO,ES,Federal Contract Tower,0,7,17,0,24,0,4,55,6,65,0,11,72,6,89,74,8,82,171
05/06/2018,INT,NC,ASO,ES,Federal Contract Tower,0,18,14,2,34,0,9,39,0,48,0,27,53,2,82,34,0,34,116
05/07/2018,INT,NC,ASO,ES,Federal Contract Tower,0,10,14,4,28,0,7,48,5,60,0,17,62,9,88,42,4,46,134
05/08/2018,INT,NC,ASO,ES,Federal Contract Tower,0,31,28,1,60,0,0,88,8,96,0,31,116,9,156,70,10,80,236
05/09/2018,INT,NC,ASO,ES,Federal Contract Tower,0,36,33,1,70,0,1,68,4,73,0,37,101,5,143,124,0,124,267
05/10/2018,INT,NC,ASO,ES,Federal Contract Tower,0,31,25,0,56,0,0,26,0,26,0,31,51,0,82,30,0,30,112
05/11/2018,INT,NC,ASO,ES,Federal Contract Tower,1,23,28,4,56,0,0,65,4,69,1,23,93,8,125,99,0,99,224
05/12/2018,INT,NC,ASO,ES,Federal Contract Tower,0,11,10,1,22,0,3,70,6,79,0,14,80,7,101,62,0,62,163
05/13/2018,INT,NC,ASO,ES,Federal Contract Tower,0,6,17,1,24,0,1,43,5,49,0,7,60,6,73,34,0,34,107
05/14/2018,INT,NC,ASO,ES,Federal Contract Tower,0,10,19,2,31,0,5,72,2,79,0,15,91,4,110,82,0,82,192
05/15/2018,INT,NC,ASO,ES,Federal Contract Tower,0,13,20,4,37,0,7,29,0,36,0,20,49,4,73,28,0,28,101
05/16/2018,INT,NC,ASO,ES,Federal Contract Tower,0,22,4,0,26,0,0,0,0,0,0,22,4,0,26,0,0,0,26
05/17/2018,INT,NC,ASO,ES,Federal Contract Tower,0,16,22,2,40,0,0,19,0,19,0,16,41,2,59,34,0,34,93
05/18/2018,INT,NC,ASO,ES,Federal Contract Tower,0,21,5,0,26,0,0,2,0,2,0,21,7,0,28,4,0,4,32
05/19/2018,INT,NC,ASO,ES,Federal Contract Tower,0,17,14,1,32,0,18,7,0,25,0,35,21,1,57,12,0,12,69
05/20/2018,INT,NC,ASO,ES,Federal Contract Tower,0,36,16,0,52,0,1,29,17,47,0,37,45,17,99,42,12,54,153
05/21/2018,INT,NC,ASO,ES,Federal Contract Tower,0,50,13,0,63,0,1,7,0,8,0,51,20,0,71,2,0,2,73
05/22/2018,INT,NC,ASO,ES,Federal Contract Tower,0,27,25,0,52,0,2,51,2,55,0,29,76,2,107,44,0,44,151
05/23/2018,INT,NC,ASO,ES,Federal Contract Tower,0,18,20,0,38,0,4,35,0,39,0,22,55,0,77,44,0,44,121
05/24/2018,INT,NC,ASO,ES,Federal Contract Tower,0,22,27,0,49,0,0,66,4,70,0,22,93,4,119,60,0,60,179
05/25/2018,INT,NC,ASO,ES,Federal Contract Tower,0,25,11,2,38,0,5,58,0,63,0,30,69,2,101,24,0,24,125
05/26/2018,INT,NC,ASO,ES,Federal Contract Tower,0,5,11,2,18,0,0,2,0,2,0,5,13,2,20,4,0,4,24
05/27/2018,INT,NC,ASO,ES,Federal Contract Tower,0,18,7,0,25,0,5,22,0,27,0,23,29,0,52,34,0,34,86
05/28/2018,INT,NC,ASO,ES,Federal Contract Tower,0,4,12,0,16,0,1,0,0,1,0,5,12,0,17,0,0,0,17
05/29/2018,INT,NC,ASO,ES,Federal Contract Tower,0,12,9,2,23,0,0,2,0,2,0,12,11,2,25,24,0,24,49
05/30/2018,INT,NC,ASO,ES,Federal Contract Tower,0,10,15,1,26,0,0,26,0,26,0,10,41,1,52,44,0,44,96
05/31/2018,INT,NC,ASO,ES,Federal Contract Tower,0,29,29,2,60,0,3,45,0,48,0,32,74,2,108,98,0,98,206
06/01/2018,INT,NC,ASO,ES,Federal Contract Tower,0,10,10,0,20,0,1,55,0,56,0,11,65,0,76,57,0,57,133
06/02/2018,INT,NC,ASO,ES,Federal Contract Tower,0,10,9,0,19,0,14,59,5,78,0,24,68,5,97,64,0,64,161
06/03/2018,INT,NC,ASO,ES,Federal Contract Tower,0,16,23,1,40,0,5,61,0,66,0,21,84,1,106,33,0,33,139
06/04/2018,INT,NC,ASO,ES,Federal Contract Tower,1,17,9,2,29,0,18,81,0,99,1,35,90,2,128,58,0,58,186
06/05/2018,INT,NC,ASO,ES,Federal Contract Tower,1,14,17,3,35,0,6,83,6,95,1,20,100,9,130,52,2,54,184
06/06/2018,INT,NC,ASO,ES,Federal Contract Tower,0,16,8,1,25,0,3,56,4,63,0,19,64,5,88,96,14,110,198
06/07/2018,INT,NC,ASO,ES,Federal Contract Tower,0,17,24,1,42,0,7,65,2,74,0,24,89,3,116,62,0,62,178
06/08/2018,INT,NC,ASO,ES,Federal Contract Tower,0,5,20,0,25,0,0,50,0,50,0,5,70,0,75,72,0,72,147
06/09/2018,INT,NC,ASO,ES,Federal Contract Tower,2,5,27,0,34,0,0,37,3,40,2,5,64,3,74,33,0,33,107
06/10/2018,INT,NC,ASO,ES,Federal Contract Tower,0,15,18,0,33,0,8,26,0,34,0,23,44,0,67,30,0,30,97
06/11/2018,INT,NC,ASO,ES,Federal Contract Tower,0,5,10,0,15,0,1,32,0,33,0,6,42,0,48,36,0,36,84
06/12/2018,INT,NC,ASO,ES,Federal Contract Tower,0,18,29,2,49,0,2,0,0,2,0,20,29,2,51,0,0,0,51
06/13/2018,INT,NC,ASO,ES,Federal Contract Tower,0,21,26,4,51,0,9,47,1,57,0,30,73,5,108,48,0,48,156
06/14/2018,INT,NC,ASO,ES,Federal Contract Tower,0,14,17,0,31,0,3,59,2,64,0,17,76,2,95,90,0,90,185
06/15/2018,INT,NC,ASO,ES,Federal Contract Tower,1,29,10,0,40,0,15,60,0,75,1,44,70,0,115,78,0,78,193
06/16/2018,INT,NC,ASO,ES,Federal Contract Tower,0,16,11,0,27,0,22,80,8,110,0,38,91,8,137,50,0,50,187
06/17/2018,INT,NC,ASO,ES,Federal Contract Tower,0,12,12,0,24,0,2,44,0,46,0,14,56,0,70,16,0,16,86
06/18/2018,INT,NC,ASO,ES,Federal Contract Tower,1,19,15,0,35,0,13,37,2,52,1,32,52,2,87,40,0,40,127
06/19/2018,INT,NC,ASO,ES,Federal Contract Tower,1,20,16,0,37,0,7,122,3,132,1,27,138,3,169,24,6,30,199
06/20/2018,INT,NC,ASO,ES,Federal Contract Tower,0,20,12,2,34,0,0,101,0,101,0,20,113,2,135,32,0,32,167
06/21/2018,INT,NC,ASO,ES,Federal Contract Tower,0,25,10,0,35,0,8,94,4,106,0,33,104,4,141,86,0,86,227
06/22/2018,INT,NC,ASO,ES,Federal Contract Tower,0,25,13,0,38,0,10,47,0,57,0,35,60,0,95,46,0,46,141
06/23/2018,INT,NC,ASO,ES,Federal Contract Tower,0,13,11,0,24,0,18,27,0,45,0,31,38,0,69,20,0,20,89
06/24/2018,INT,NC,ASO,ES,Federal Contract Tower,2,12,14,3,31,0,9,57,0,66,2,21,71,3,97,4,0,4,101
06/25/2018,INT,NC,ASO,ES,Federal Contract Tower,0,27,15,1,43,0,9,80,1,90,0,36,95,2,133,90,0,90,223
06/26/2018,INT,NC,ASO,ES,Federal Contract Tower,0,47,27,0,74,0,3,36,0,39,0,50,63,0,113,12,0,12,125
06/27/2018,INT,NC,ASO,ES,Federal Contract Tower,0,15,7,0,22,0,1,19,0,20,0,16,26,0,42,62,0,62,104
06/28/2018,INT,NC,ASO,ES,Federal Contract Tower,0,23,19,3,45,0,0,69,0,69,0,23,88,3,114,66,0,66,180
06/29/2018,INT,NC,ASO,ES,Federal Contract Tower,0,21,33,1,55,0,10,94,3,107,0,31,127,4,162,86,0,86,248
06/30/2018,INT,NC,ASO,ES,Federal Contract Tower,0,4,11,0,15,0,7,74,0,81,0,11,85,0,96,40,0,40,136
07/01/2018,INT,NC,ASO,ES,Federal Contract Tower,0,10,13,0,23,0,3,66,0,69,0,13,79,0,92,38,0,38,130
07/02/2018,INT,NC,ASO,ES,Federal Contract Tower,0,17,10,1,28,0,8,109,2,119,0,25,119,3,147,50,0,50,197
07/03/2018,INT,NC,ASO,ES,Federal Contract Tower,0,17,8,0,25,0,2,53,10,65,0,19,61,10,90,26,0,26,116
07/04/2018,INT,NC,ASO,ES,Federal Contract Tower,0,2,11,0,13,0,4,55,0,59,0,6,66,0,72,52,0,52,124
07/05/2018,INT,NC,ASO,ES,Federal Contract Tower,0,7,14,0,21,0,0,51,0,51,0,7,65,0,72,26,0,26,98
07/06/2018,INT,NC,ASO,ES,Federal Contract Tower,0,12,9,2,23,0,0,27,0,27,0,12,36,2,50,20,0,20,70
07/07/2018,INT,NC,ASO,ES,Federal Contract Tower,0,8,8,0,16,0,0,29,0,29,0,8,37,0,45,63,0,63,108
07/08/2018,INT,NC,ASO,ES,Federal Contract Tower,1,7,17,1,26,0,5,54,2,61,1,12,71,3,87,28,0,28,115
07/09/2018,INT,NC,ASO,ES,Federal Contract Tower,0,16,19,2,37,0,2,61,1,64,0,18,80,3,101,52,0,52,153
07/10/2018,INT,NC,ASO,ES,Federal Contract Tower,0,11,27,1,39,0,0,82,0,82,0,11,109,1,121,70,0,70,191
07/11/2018,INT,NC,ASO,ES,Federal Contract Tower,0,27,20,0,47,0,0,60,0,60,0,27,80,0,107,84,0,84,191
07/12/2018,INT,NC,ASO,ES,Federal Contract Tower,0,11,11,3,25,0,0,124,1,125,0,11,135,4,150,73,0,73,223
07/13/2018,INT,NC,ASO,ES,Federal Contract Tower,0,9,21,0,30,0,3,108,0,111,0,12,129,0,141,106,0,106,247
07/14/2018,INT,NC,ASO,ES,Federal Contract Tower,0,7,6,3,16,0,21,100,3,124,0,28,106,6,140,105,0,105,245
07/15/2018,INT,NC,ASO,ES,Federal Contract Tower,2,4,15,0,21,0,14,45,1,60,2,18,60,1,81,34,0,34,115
07/16/2018,INT,NC,ASO,ES,Federal Contract Tower,0,8,5,0,13,0,10,76,1,87,0,18,81,1,100,36,0,36,136
07/17/2018,INT,NC,ASO,ES,Federal Contract Tower,0,12,12,0,24,0,6,37,1,44,0,18,49,1,68,32,0,32,100
07/18/2018,INT,NC,ASO,ES,Federal Contract Tower,2,11,19,0,32,0,0,89,1,90,2,11,108,1,122,150,0,150,272
07/19/2018,INT,NC,ASO,ES,Federal Contract Tower,0,16,26,2,44,0,9,79,3,91,0,25,105,5,135,116,0,116,251
07/20/2018,INT,NC,ASO,ES,Federal Contract Tower,2,13,12,0,27,0,17,86,2,105,2,30,98,2,132,40,2,42,174
07/21/2018,INT,NC,ASO,ES,Federal Contract Tower,0,6,8,1,15,0,2,76,1,79,0,8,84,2,94,68,0,68,162
07/22/2018,INT,NC,ASO,ES,Federal Contract Tower,0,7,12,0,19,0,0,0,0,0,0,7,12,0,19,0,0,0,19
07/23/2018,INT,NC,ASO,ES,Federal Contract Tower,0,11,2,0,13,0,0,6,0,6,0,11,8,0,19,16,0,16,35
07/24/2018,INT,NC,ASO,ES,Federal Contract Tower,0,24,13,0,37,0,0,7,0,7,0,24,20,0,44,6,0,6,50
07/25/2018,INT,NC,ASO,ES,Federal Contract Tower,0,18,6,0,24,0,21,8,0,29,0,39,14,0,53,30,0,30,83
07/26/2018,INT,NC,ASO,ES,Federal Contract Tower,0,22,39,0,61,0,3,72,4,79,0,25,111,4,140,68,0,68,208
07/27/2018,INT,NC,ASO,ES,Federal Contract Tower,0,19,15,0,34,0,12,80,0,92,0,31,95,0,126,124,0,124,250
07/28/2018,INT,NC,ASO,ES,Federal Contract Tower,0,12,18,3,33,0,6,103,1,110,0,18,121,4,143,82,0,82,225
07/29/2018,INT,NC,ASO,ES,Federal Contract Tower,0,8,6,0,14,0,4,67,0,71,0,12,73,0,85,72,0,72,157
07/30/2018,INT,NC,ASO,ES,Federal Contract Tower,0,11,14,0,25,0,6,10,0,16,0,17,24,0,41,42,0,42,83
07/31/2018,INT,NC,ASO,ES,Federal Contract Tower,1,32,1,0,34,0,1,1,0,2,1,33,2,0,36,2,0,2,38
08/01/2018,INT,NC,ASO,ES,Federal Contract Tower,0,15,6,2,23,0,0,17,0,17,0,15,23,2,40,46,0,46,86
08/02/2018,INT,NC,ASO,ES,Federal Contract Tower,0,26,12,0,38,0,15,0,0,15,0,41,12,0,53,32,0,32,85
08/03/2018,INT,NC,ASO,ES,Federal Contract Tower,0,17,9,0,26,0,0,1,0,1,0,17,10,0,27,0,0,0,27
08/04/2018,INT,NC,ASO,ES,Federal Contract Tower,1,5,21,0,27,0,0,50,0,50,1,5,71,0,77,61,0,61,138
08/05/2018,INT,NC,ASO,ES,Federal Contract Tower,0,2,16,2,20,0,3,40,5,48,0,5,56,7,68,77,0,77,145
08/06/2018,INT,NC,ASO,ES,Federal Contract Tower,0,9,17,0,26,0,0,59,2,61,0,9,76,2,87,72,0,72,159
08/07/2018,INT,NC,ASO,ES,Federal Contract Tower,0,23,13,0,36,0,1,34,0,35,0,24,47,0,71,84,0,84,155
08/08/2018,INT,NC,ASO,ES,Federal Contract Tower,0,44,17,0,61,0,2,42,2,46,0,46,59,2,107,20,0,20,127
08/09/2018,INT,NC,ASO,ES,Federal Contract Tower,0,28,27,5,60,0,0,89,0,89,0,28,116,5,149,76,4,80,229
08/10/2018,INT,NC,ASO,ES,Federal Contract Tower,0,22,12,2,36,0,0,64,0,64,0,22,76,2,100,40,0,40,140
08/11/2018,INT,NC,ASO,ES,Federal Contract Tower,0,11,15,2,28,0,8,60,0,68,0,19,75,2,96,30,0,30,126
08/12/2018,INT,NC,ASO,ES,Federal Contract Tower,0,12,13,0,25,0,9,48,0,57,0,21,61,0,82,72,0,72,154
08/13/2018,INT,NC,ASO,ES,Federal Contract Tower,0,13,6,1,20,0,10,59,1,70,0,23,65,2,90,38,0,38,128
08/14/2018,INT,NC,ASO,ES,Federal Contract Tower,0,11,11,2,24,0,6,66,3,75,0,17,77,5,99,26,0,26,125
08/15/2018,INT,NC,ASO,ES,Federal Contract Tower,0,17,20,3,40,0,5,53,0,58,0,22,73,3,98,38,0,38,136
08/16/2018,INT,NC,ASO,ES,Federal Contract Tower,0,14,14,0,28,0,2,77,1,80,0,16,91,1,108,124,0,124,232
08/17/2018,INT,NC,ASO,ES,Federal Contract Tower,0,22,25,1,48,0,2,62,0,64,0,24,87,1,112,54,2,56,168
08/18/2018,INT,NC,ASO,ES,Federal Contract Tower,0,16,12,0,28,0,3,9,0,12,0,19,21,0,40,6,0,6,46
08/19/2018,INT,NC,ASO,ES,Federal Contract Tower,0,16,24,0,40,0,5,55,2,62,0,21,79,2,102,36,0,36,138
08/20/2018,INT,NC,ASO,ES,Federal Contract Tower,0,21,10,0,31,0,7,3,0,10,0,28,13,0,41,0,0,0,41
08/21/2018,INT,NC,ASO,ES,Federal Contract Tower,0,28,15,0,43,0,2,6,0,8,0,30,21,0,51,28,0,28,79
08/22/2018,INT,NC,ASO,ES,Federal Contract Tower,0,44,27,0,71,0,2,78,3,83,0,46,105,3,154,96,0,96,250
08/23/2018,INT,NC,ASO,ES,Federal Contract Tower,1,46,21,0,68,0,6,109,2,117,1,52,130,2,185,50,0,50,235
08/24/2018,INT,NC,ASO,ES,Federal Contract Tower,0,43,29,0,72,0,12,98,4,114,0,55,127,4,186,46,0,46,232
08/25/2018,INT,NC,ASO,ES,Federal Contract Tower,0,20,14,2,36,0,12,84,3,99,0,32,98,5,135,48,0,48,183
08/26/2018,INT,NC,ASO,ES,Federal Contract Tower,0,13,15,0,28,0,9,92,2,103,0,22,107,2,131,42,0,42,173
08/27/2018,INT,NC,ASO,ES,Federal Contract Tower,0,9,12,1,22,0,4,58,7,69,0,13,70,8,91,50,2,52,143
08/28/2018,INT,NC,ASO,ES,Federal Contract Tower,0,22,15,2,39,0,14,66,7,87,0,36,81,9,126,16,0,16,142
08/29/2018,INT,NC,ASO,ES,Federal Contract Tower,0,15,17,0,32,0,2,65,0,67,0,17,82,0,99,18,0,18,117
08/30/2018,INT,NC,ASO,ES,Federal Contract Tower,0,19,10,1,30,0,3,78,5,86,0,22,88,6,116,38,0,38,154
08/31/2018,INT,NC,ASO,ES,Federal Contract Tower,0,3,30,12,45,0,0,60,8,68,0,3,90,20,113,80,14,94,207
09/01/2018,INT,NC,ASO,ES,Federal Contract Tower,0,10,10,1,21,0,0,53,1,54,0,10,63,2,75,60,0,60,135
09/02/2018,INT,NC,ASO,ES,Federal Contract Tower,0,3,14,0,17,0,4,33,0,37,0,7,47,0,54,45,0,45,99
09/03/2018,INT,NC,ASO,ES,Federal Contract Tower,0,5,16,0,21,0,0,60,9,69,0,5,76,9,90,22,2,24,114
09/04/2018,INT,NC,ASO,ES,Federal Contract Tower,0,13,25,0,38,0,8,58,0,66,0,21,83,0,104,6,0,6,110
09/05/2018,INT,NC,ASO,ES,Federal Contract Tower,0,34,16,0,50,0,2,51,1,54,0,36,67,1,104,14,0,14,118
09/06/2018,INT,NC,ASO,ES,Federal Contract Tower,0,29,28,0,57,0,7,69,2,78,0,36,97,2,135,38,0,38,173
09/07/2018,INT,NC,ASO,ES,Federal Contract Tower,0,16,25,0,41,0,3,100,0,103,0,19,125,0,144,24,0,24,168
09/08/2018,INT,NC,ASO,ES,Federal Contract Tower,0,17,15,0,32,0,0,51,0,51,0,17,66,0,83,20,0,20,103
09/09/2018,INT,NC,ASO,ES,Federal Contract Tower,0,8,16,0,24,2,0,0,0,2,2,8,16,0,26,0,0,0,26
09/10/2018,INT,NC,ASO,ES,Federal Contract Tower,0,16,9,0,25,0,0,0,0,0,0,16,9,0,25,0,0,0,25
09/11/2018,INT,NC,ASO,ES,Federal Contract Tower,0,31,14,1,46,0,0,8,3,11,0,31,22,4,57,0,0,0,57
09/12/2018,INT,NC,ASO,ES,Federal Contract Tower,0,23,9,2,34,0,0,16,0,16,0,23,25,2,50,0,0,0,50
09/13/2018,INT,NC,ASO,ES,Federal Contract Tower,1,18,2,0,21,0,10,4,0,14,1,28,6,0,35,0,0,0,35
09/14/2018,INT,NC,ASO,ES,Federal Contract Tower,0,2,0,0,2,0,1,0,0,1,0,3,0,0,3,0,0,0,3
09/15/2018,INT,NC,ASO,ES,Federal Contract Tower,0,1,0,2,3,0,0,0,2,2,0,1,0,4,5,0,0,0,5
09/16/2018,INT,NC,ASO,ES,Federal Contract Tower,0,2,0,0,2,0,0,0,0,0,0,2,0,0,2,0,0,0,2
09/17/2018,INT,NC,ASO,ES,Federal Contract Tower,0,10,0,0,10,0,4,30,1,35,0,14,30,1,45,6,0,6,51
09/18/2018,INT,NC,ASO,ES,Federal Contract Tower,0,5,10,1,16,0,5,40,2,47,0,10,50,3,63,10,0,10,73
09/19/2018,INT,NC,ASO,ES,Federal Contract Tower,0,25,23,1,49,0,7,69,0,76,0,32,92,1,125,58,0,58,183
09/20/2018,INT,NC,ASO,ES,Federal Contract Tower,0,34,24,0,58,0,3,71,4,78,0,37,95,4,136,46,0,46,182
09/21/2018,INT,NC,ASO,ES,Federal Contract Tower,0,46,16,0,62,0,17,53,0,70,0,63,69,0,132,28,0,28,160
09/22/2018,INT,NC,ASO,ES,Federal Contract Tower,0,33,29,1,63,0,5,74,2,81,0,38,103,3,144,16,0,16,160
09/23/2018,INT,NC,ASO,ES,Federal Contract Tower,0,22,15,0,37,0,1,1,0,2,0,23,16,0,39,0,0,0,39
09/24/2018,INT,NC,ASO,ES,Federal Contract Tower,0,29,10,1,40,0,0,0,0,0,0,29,10,1,40,0,0,0,40
09/25/2018,INT,NC,ASO,ES,Federal Contract Tower,1,15,13,3,32,0,2,21,5,28,1,17,34,8,60,18,0,18,78
09/26/2018,INT,NC,ASO,ES,Federal Contract Tower,0,24,20,0,44,0,5,41,2,48,0,29,61,2,92,16,0,16,108
09/27/2018,INT,NC,ASO,ES,Federal Contract Tower,0,42,12,0,54,0,0,8,0,8,0,42,20,0,62,0,0,0,62
09/28/2018,INT,NC,ASO,ES,Federal Contract Tower,0,41,42,2,85,0,0,42,0,42,0,41,84,2,127,47,0,47,174
09/29/2018,INT,NC,ASO,ES,Federal Contract Tower,0,29,20,0,49,0,0,54,1,55,0,29,74,1,104,48,0,48,152
09/30/2018,INT,NC,ASO,ES,Federal Contract Tower,0,24,37,0,61,0,3,45,0,48,0,27,82,0,109,51,0,51,160
10/01/2018,INT,NC,ASO,ES,Federal Contract Tower,0,15,15,0,30,0,6,79,1,86,0,21,94,1,116,71,0,71,187
10/02/2018,INT,NC,ASO,ES,Federal Contract Tower,0,11,18,1,30,0,0,75,0,75,0,11,93,1,105,76,0,76,181
10/03/2018,INT,NC,ASO,ES,Federal Contract Tower,0,26,23,2,51,1,3,83,1,88,1,29,106,3,139,40,0,40,179
10/04/2018,INT,NC,ASO,ES,Federal Contract Tower,0,22,35,0,57,0,4,84,0,88,0,26,119,0,145,36,0,36,181
10/05/2018,INT,NC,ASO,ES,Federal Contract Tower,0,31,13,0,44,0,12,95,1,108,0,43,108,1,152,72,0,72,224
10/06/2018,INT,NC,ASO,ES,Federal Contract Tower,0,34,13,0,47,0,17,13,0,30,0,51,26,0,77,6,0,6,83
10/07/2018,INT,NC,ASO,ES,Federal Contract Tower,0,24,19,0,43,0,12,52,3,67,0,36,71,3,110,38,2,40,150
10/08/2018,INT,NC,ASO,ES,Federal Contract Tower,0,18,10,0,28,0,0,56,0,56,0,18,66,0,84,76,0,76,160
10/09/2018,INT,NC,ASO,ES,Federal Contract Tower,0,26,23,0,49,0,1,65,2,68,0,27,88,2,117,4,0,4,121
10/10/2018,INT,NC,ASO,ES,Federal Contract Tower,0,41,10,0,51,0,0,0,0,0,0,41,10,0,51,0,0,0,51
10/11/2018,INT,NC,ASO,ES,Federal Contract Tower,0,23,2,0,25,0,0,0,0,0,0,23,2,0,25,0,0,0,25
10/12/2018,INT,NC,ASO,ES,Federal Contract Tower,0,34,26,0,60,0,2,69,0,71,0,36,95,0,131,98,0,98,229
10/13/2018,INT,NC,ASO,ES,Federal Contract Tower,0,16,28,0,44,0,9,60,0,69,0,25,88,0,113,62,0,62,175
10/14/2018,INT,NC,ASO,ES,Federal Contract Tower,0,24,22,0,46,0,4,12,0,16,0,28,34,0,62,4,0,4,66
10/15/2018,INT,NC,ASO,ES,Federal Contract Tower,0,23,11,0,34,0,3,26,2,31,0,26,37,2,65,65,0,65,130
10/16/2018,INT,NC,ASO,ES,Federal Contract Tower,0,19,15,0,34,0,4,46,2,52,0,23,61,2,86,38,0,38,124
10/17/2018,INT,NC,ASO,ES,Federal Contract Tower,0,23,12,0,35,0,9,49,2,60,0,32,61,2,95,8,0,8,103
10/18/2018,INT,NC,ASO,ES,Federal Contract Tower,0,39,24,0,63,0,3,86,0,89,0,42,110,0,152,54,0,54,206
10/19/2018,INT,NC,ASO,ES,Federal Contract Tower,0,7,28,2,37,0,0,83,0,83,0,7,111,2,120,100,0,100,220
10/20/2018,INT,NC,ASO,ES,Federal Contract Tower,2,6,12,2,22,0,0,50,3,53,2,6,62,5,75,48,8,56,131
10/21/2018,INT,NC,ASO,ES,Federal Contract Tower,0,16,10,0,26,0,16,44,0,60,0,32,54,0,86,28,0,28,114
10/22/2018,INT,NC,ASO,ES,Federal Contract Tower,0,17,14,0,31,0,20,64,0,84,0,37,78,0,115,130,0,130,245
10/23/2018,INT,NC,ASO,ES,Federal Contract Tower,0,21,12,0,33,0,8,88,0,96,0,29,100,0,129,16,0,16,145
10/24/2018,INT,NC,ASO,ES,Federal Contract Tower,0,28,28,0,56,0,6,71,5,82,0,34,99,5,138,78,0,78,216
10/25/2018,INT,NC,ASO,ES,Federal Contract Tower,0,16,13,0,29,0,0,91,2,93,0,16,104,2,122,42,0,42,164
10/26/2018,INT,NC,ASO,ES,Federal Contract Tower,0,8,15,0,23,0,0,0,0,0,0,8,15,0,23,0,0,0,23
10/27/2018,INT,NC,ASO,ES,Federal Contract Tower,0,7,23,0,30,0,1,9,0,10,0,8,32,0,40,10,0,10,50
10/28/2018,INT,NC,ASO,ES,Federal Contract Tower,0,9,13,0,22,0,6,35,0,41,0,15,48,0,63,19,0,19,82
10/29/2018,INT,NC,ASO,ES,Federal Contract Tower,0,16,13,1,30,0,11,60,5,76,0,27,73,6,106,62,0,62,168
10/30/2018,INT,NC,ASO,ES,Federal Contract Tower,0,19,25,0,44,0,3,65,7,75,0,22,90,7,119,30,0,30,149
10/31/2018,INT,NC,ASO,ES,Federal Contract Tower,0,32,26,1,59,0,11,62,1,74,0,43,88,2,133,62,0,62,195
11/01/2018,INT,NC,ASO,ES,Federal Contract Tower,0,22,15,1,38,0,0,14,0,14,0,22,29,1,52,48,0,48,100
11/02/2018,INT,NC,ASO,ES,Federal Contract Tower,0,37,20,0,57,0,3,4,0,7,0,40,24,0,64,2,0,2,66
11/03/2018,INT,NC,ASO,ES,Federal Contract Tower,0,21,21,0,42,0,2,108,2,112,0,23,129,2,154,22,0,22,176
11/04/2018,INT,NC,ASO,ES,Federal Contract Tower,0,37,20,0,57,0,16,59,0,75,0,53,79,0,132,38,0,38,170
11/05/2018,INT,NC,ASO,ES,Federal Contract Tower,0,15,0,0,15,0,0,0,0,0,0,15,0,0,15,0,0,0,15
11/06/2018,INT,NC,ASO,ES,Federal Contract Tower,0,9,6,0,15,0,0,2,0,2,0,9,8,0,17,0,0,0,17
11/07/2018,INT,NC,ASO,ES,Federal Contract Tower,0,15,22,0,37,0,9,96,2,107,0,24,118,2,144,66,0,66,210
11/08/2018,INT,NC,ASO,ES,Federal Contract Tower,0,15,25,0,40,0,0,101,0,101,0,15,126,0,141,80,0,80,221
11/09/2018,INT,NC,ASO,ES,Federal Contract Tower,0,22,13,0,35,0,1,1,0,2,0,23,14,0,37,0,0,0,37
11/10/2018,INT,NC,ASO,ES,Federal Contract Tower,0,5,11,0,16,1,9,73,2,85,1,14,84,2,101,46,0,46,147
11/11/2018,INT,NC,ASO,ES,Federal Contract Tower,0,16,11,0,27,0,21,132,0,153,0,37,143,0,180,22,0,22,202
11/12/2018,INT,NC,ASO,ES,Federal Contract Tower,0,22,6,0,28,0,2,15,0,17,0,24,21,0,45,0,0,0,45
11/13/2018,INT,NC,ASO,ES,Federal Contract Tower,0,20,7,0,27,0,0,4,0,4,0,20,11,0,31,0,0,0,31
11/14/2018,INT,NC,ASO,ES,Federal Contract Tower,0,27,22,0,49,0,0,115,0,115,0,27,137,0,164,76,0,76,240
11/15/2018,INT,NC,ASO,ES,Federal Contract Tower,0,14,6,0,20,0,0,0,0,0,0,14,6,0,20,0,0,0,20
11/16/2018,INT,NC,ASO,ES,Federal Contract Tower,0,27,39,0,66,0,5,110,6,121,0,32,149,6,187,66,4,70,257
11/17/2018,INT,NC,ASO,ES,Federal Contract Tower,0,26,22,0,48,0,20,80,16,116,0,46,102,16,164,10,0,10,174
11/18/2018,INT,NC,ASO,ES,Federal Contract Tower,0,19,7,0,26,0,21,100,0,121,0,40,107,0,147,46,0,46,193
11/19/2018,INT,NC,ASO,ES,Federal Contract Tower,0,24,17,0,41,0,8,99,0,107,0,32,116,0,148,58,0,58,206
11/20/2018,INT,NC,ASO,ES,Federal Contract Tower,2,18,19,0,39,0,6,45,0,51,2,24,64,0,90,44,0,44,134
11/21/2018,INT,NC,ASO,ES,Federal Contract Tower,1,18,18,0,37,0,4,88,1,93,1,22,106,1,130,78,0,78,208
11/22/2018,INT,NC,ASO,ES,Federal Contract Tower,0,0,5,0,5,0,0,20,1,21,0,0,25,1,26,16,0,16,42
11/23/2018,INT,NC,ASO,ES,Federal Contract Tower,0,7,13,0,20,0,1,65,1,67,0,8,78,1,87,60,0,60,147
11/24/2018,INT,NC,ASO,ES,Federal Contract Tower,0,6,6,0,12,0,0,0,0,0,0,6,6,0,12,0,0,0,12
11/25/2018,INT,NC,ASO,ES,Federal Contract Tower,0,23,12,0,35,0,2,36,0,38,0,25,48,0,73,16,0,16,89
11/26/2018,INT,NC,ASO,ES,Federal Contract Tower,0,16,7,0,23,0,8,4,0,12,0,24,11,0,35,0,0,0,35
11/27/2018,INT,NC,ASO,ES,Federal Contract Tower,0,13,13,0,26,0,9,47,0,56,0,22,60,0,82,8,0,8,90
11/28/2018,INT,NC,ASO,ES,Federal Contract Tower,0,35,14,0,49,0,4,33,0,37,0,39,47,0,86,16,0,16,102
11/29/2018,INT,NC,ASO,ES,Federal Contract Tower,0,27,17,3,47,0,8,80,4,92,0,35,97,7,139,60,2,62,201
11/30/2018,INT,NC,ASO,ES,Federal Contract Tower,0,24,17,1,42,0,6,89,0,95,0,30,106,1,137,68,0,68,205
12/01/2018,INT,NC,ASO,ES,Federal Contract Tower,1,2,19,1,23,0,0,13,0,13,1,2,32,1,36,14,0,14,50
12/02/2018,INT,NC,ASO,ES,Federal Contract Tower,0,11,3,0,14,0,0,0,0,0,0,11,3,0,14,0,0,0,14
12/04/2018,INT,NC,ASO,ES,Federal Contract Tower,0,20,12,0,32,0,19,55,4,78,0,39,67,4,110,66,0,66,176
12/05/2018,INT,NC,ASO,ES,Federal Contract Tower,0,16,15,0,31,0,3,26,0,29,0,19,41,0,60,44,0,44,104
12/06/2018,INT,NC,ASO,ES,Federal Contract Tower,0,26,10,0,36,0,9,68,4,81,0,35,78,4,117,24,0,24,141
12/07/2018,INT,NC,ASO,ES,Federal Contract Tower,0,27,6,0,33,0,25,80,0,105,0,52,86,0,138,88,0,88,226
12/08/2018,INT,NC,ASO,ES,Federal Contract Tower,1,9,4,0,14,0,10,64,0,74,1,19,68,0,88,54,0,54,142
12/09/2018,INT,NC,ASO,ES,Federal Contract Tower,0,0,0,0,0,0,0,0,0,0,0,0,0,0,0,0,0,0,0
12/10/2018,INT,NC,ASO,ES,Federal Contract Tower,0,5,2,0,7,0,0,5,0,5,0,5,7,0,12,2,0,2,14
12/11/2018,INT,NC,ASO,ES,Federal Contract Tower,4,21,2,0,27,0,6,38,0,44,4,27,40,0,71,14,0,14,85
12/12/2018,INT,NC,ASO,ES,Federal Contract Tower,0,22,4,0,26,0,4,30,0,34,0,26,34,0,60,36,0,36,96
12/13/2018,INT,NC,ASO,ES,Federal Contract Tower,0,13,13,0,26,0,1,42,0,43,0,14,55,0,69,18,0,18,87
12/14/2018,INT,NC,ASO,ES,Federal Contract Tower,0,22,3,0,25,0,0,0,0,0,0,22,3,0,25,0,0,0,25
12/15/2018,INT,NC,ASO,ES,Federal Contract Tower,0,6,4,0,10,0,0,0,0,0,0,6,4,0,10,0,0,0,10
12/16/2018,INT,NC,ASO,ES,Federal Contract Tower,2,15,10,0,27,0,10,47,0,57,2,25,57,0,84,16,0,16,100
12/17/2018,INT,NC,ASO,ES,Federal Contract Tower,1,21,14,0,36,0,15,54,0,69,1,36,68,0,105,58,0,58,163
12/18/2018,INT,NC,ASO,ES,Federal Contract Tower,1,46,6,0,53,0,22,50,1,73,1,68,56,1,126,74,0,74,200
12/19/2018,INT,NC,ASO,ES,Federal Contract Tower,0,33,15,0,48,0,9,61,2,72,0,42,76,2,120,50,0,50,170
12/20/2018,INT,NC,ASO,ES,Federal Contract Tower,0,18,2,0,20,0,0,0,0,0,0,18,2,0,20,0,0,0,20
12/21/2018,INT,NC,ASO,ES,Federal Contract Tower,2,22,5,0,29,0,0,0,0,0,2,22,5,0,29,0,0,0,29
12/22/2018,INT,NC,ASO,ES,Federal Contract Tower,0,28,16,0,44,0,0,46,0,46,0,28,62,0,90,30,0,30,120
12/23/2018,INT,NC,ASO,ES,Federal Contract Tower,0,11,4,0,15,0,0,36,0,36,0,11,40,0,51,14,0,14,65
12/24/2018,INT,NC,ASO,ES,Federal Contract Tower,0,4,4,0,8,0,0,20,0,20,0,4,24,0,28,2,0,2,30
12/25/2018,INT,NC,ASO,ES,Federal Contract Tower,0,5,5,0,10,0,7,6,0,13,0,12,11,0,23,12,0,12,35
12/26/2018,INT,NC,ASO,ES,Federal Contract Tower,0,11,19,0,30,0,1,76,3,80,0,12,95,3,110,42,0,42,152
12/27/2018,INT,NC,ASO,ES,Federal Contract Tower,0,28,7,0,35,0,3,36,0,39,0,31,43,0,74,26,0,26,100
12/28/2018,INT,NC,ASO,ES,Federal Contract Tower,0,8,1,0,9,0,0,0,0,0,0,8,1,0,9,0,0,0,9
12/29/2018,INT,NC,ASO,ES,Federal Contract Tower,0,12,13,0,25,0,8,67,3,78,0,20,80,3,103,40,0,40,143
12/31/2018,INT,NC,ASO,ES,Federal Contract Tower,0,3,0,0,3,0,0,0,0,0,0,3,0,0,3,0,0,0,3
01/01/2019,INT,NC,ASO,ES,Federal Contract Tower,0,9,3,0,12,0,4,33,2,39,0,13,36,2,51,6,8,14,65
01/02/2019,INT,NC,ASO,ES,Federal Contract Tower,0,18,11,0,29,0,1,42,2,45,0,19,53,2,74,0,0,0,74
01/03/2019,INT,NC,ASO,ES,Federal Contract Tower,0,11,15,0,26,0,0,0,0,0,0,11,15,0,26,0,0,0,26
01/04/2019,INT,NC,ASO,ES,Federal Contract Tower,2,24,3,0,29,0,0,0,0,0,2,24,3,0,29,0,0,0,29
01/05/2019,INT,NC,ASO,ES,Federal Contract Tower,1,13,12,0,26,0,18,19,0,37,1,31,31,0,63,2,0,2,65
01/06/2019,INT,NC,ASO,ES,Federal Contract Tower,0,17,17,0,34,0,19,88,0,107,0,36,105,0,141,16,0,16,157
01/07/2019,INT,NC,ASO,ES,Federal Contract Tower,0,15,11,0,26,0,5,58,2,65,0,20,69,2,91,22,0,22,113
01/08/2019,INT,NC,ASO,ES,Federal Contract Tower,0,24,3,0,27,0,1,12,0,13,0,25,15,0,40,20,0,20,60
01/09/2019,INT,NC,ASO,ES,Federal Contract Tower,0,26,6,0,32,0,2,3,2,7,0,28,9,2,39,0,0,0,39
01/10/2019,INT,NC,ASO,ES,Federal Contract Tower,0,29,26,0,55,0,4,54,0,58,0,33,80,0,113,22,0,22,135
01/11/2019,INT,NC,ASO,ES,Federal Contract Tower,3,18,21,0,42,0,19,66,7,92,3,37,87,7,134,44,0,44,178
01/12/2019,INT,NC,ASO,ES,Federal Contract Tower,0,9,13,0,22,0,5,44,1,50,0,14,57,1,72,0,0,0,72
01/13/2019,INT,NC,ASO,ES,Federal Contract Tower,0,12,2,0,14,0,0,0,0,0,0,12,2,0,14,0,0,0,14
01/15/2019,INT,NC,ASO,ES,Federal Contract Tower,0,23,22,0,45,0,13,38,3,54,0,36,60,3,99,46,0,46,145
01/16/2019,INT,NC,ASO,ES,Federal Contract Tower,0,20,28,0,48,0,2,74,6,82,0,22,102,6,130,34,8,42,172
01/17/2019,INT,NC,ASO,ES,Federal Contract Tower,0,22,14,2,38,0,3,39,0,42,0,25,53,2,80,42,0,42,122
01/18/2019,INT,NC,ASO,ES,Federal Contract Tower,0,18,20,0,38,0,0,42,0,42,0,18,62,0,80,30,0,30,110
01/19/2019,INT,NC,ASO,ES,Federal Contract Tower,0,2,5,0,7,0,0,7,0,7,0,2,12,0,14,4,0,4,18
01/20/2019,INT,NC,ASO,ES,Federal Contract Tower,0,7,3,0,10,0,4,1,0,5,0,11,4,0,15,0,0,0,15
01/21/2019,INT,NC,ASO,ES,Federal Contract Tower,0,23,36,0,59,0,7,46,0,53,0,30,82,0,112,24,0,24,136
01/22/2019,INT,NC,ASO,ES,Federal Contract Tower,0,12,18,0,30,0,1,37,1,39,0,13,55,1,69,8,0,8,77
01/23/2019,INT,NC,ASO,ES,Federal Contract Tower,0,14,3,0,17,0,0,0,0,0,0,14,3,0,17,0,0,0,17
01/24/2019,INT,NC,ASO,ES,Federal Contract Tower,0,14,11,0,25,0,0,9,0,9,0,14,20,0,34,0,0,0,34
01/25/2019,INT,NC,ASO,ES,Federal Contract Tower,0,16,20,0,36,0,8,83,2,93,0,24,103,2,129,40,0,40,169
01/26/2019,INT,NC,ASO,ES,Federal Contract Tower,0,18,26,0,44,0,13,114,21,148,0,31,140,21,192,96,0,96,288
01/27/2019,INT,NC,ASO,ES,Federal Contract Tower,1,11,10,0,22,0,12,64,10,86,1,23,74,10,108,12,0,12,120
01/29/2019,INT,NC,ASO,ES,Federal Contract Tower,0,22,1,0,23,0,0,10,0,10,0,22,11,0,33,8,0,8,41
01/30/2019,INT,NC,ASO,ES,Federal Contract Tower,1,32,3,0,36,0,0,14,0,14,1,32,17,0,50,0,2,2,52
01/31/2019,INT,NC,ASO,ES,Federal Contract Tower,0,15,29,0,44,0,5,53,3,61,0,20,82,3,105,52,0,52,157
02/01/2019,INT,NC,ASO,ES,Federal Contract Tower,0,26,9,1,36,0,20,78,0,98,0,46,87,1,134,54,2,56,190
02/02/2019,INT,NC,ASO,ES,Federal Contract Tower,0,17,16,1,34,0,10,73,3,86,0,27,89,4,120,66,6,72,192
02/03/2019,INT,NC,ASO,ES,Federal Contract Tower,0,18,13,0,31,0,11,71,0,82,0,29,84,0,113,54,0,54,167
02/04/2019,INT,NC,ASO,ES,Federal Contract Tower,1,23,10,2,36,0,5,47,1,53,1,28,57,3,89,10,0,10,99
02/05/2019,INT,NC,ASO,ES,Federal Contract Tower,0,21,21,2,44,0,6,73,1,80,0,27,94,3,124,12,0,12,136
02/06/2019,INT,NC,ASO,ES,Federal Contract Tower,0,28,17,0,45,0,0,22,0,22,0,28,39,0,67,0,0,0,67
02/07/2019,INT,NC,ASO,ES,Federal Contract Tower,0,25,13,0,38,0,2,46,0,48,0,27,59,0,86,32,0,32,118
02/08/2019,INT,NC,ASO,ES,Federal Contract Tower,0,19,9,0,28,0,23,23,1,47,0,42,32,1,75,14,0,14,89
02/09/2019,INT,NC,ASO,ES,Federal Contract Tower,1,9,4,0,14,0,24,70,0,94,1,33,74,0,108,60,0,60,168
02/10/2019,INT,NC,ASO,ES,Federal Contract Tower,0,18,9,0,27,0,0,68,0,68,0,18,77,0,95,16,0,16,111
02/12/2019,INT,NC,ASO,ES,Federal Contract Tower,2,13,3,0,18,0,0,0,0,0,2,13,3,0,18,0,0,0,18
02/14/2019,INT,NC,ASO,ES,Federal Contract Tower,0,26,19,0,45,0,2,41,2,45,0,28,60,2,90,54,0,54,144
02/15/2019,INT,NC,ASO,ES,Federal Contract Tower,0,13,21,2,36,0,0,62,5,67,0,13,83,7,103,42,0,42,145
02/16/2019,INT,NC,ASO,ES,Federal Contract Tower,0,5,5,0,10,0,0,0,0,0,0,5,5,0,10,0,0,0,10
02/17/2019,INT,NC,ASO,ES,Federal Contract Tower,0,15,4,0,19,0,0,16,0,16,0,15,20,0,35,24,0,24,59
02/19/2019,INT,NC,ASO,ES,Federal Contract Tower,1,17,24,0,42,0,4,69,15,88,1,21,93,15,130,46,0,46,176
02/20/2019,INT,NC,ASO,ES,Federal Contract Tower,1,13,0,0,14,0,0,0,0,0,1,13,0,0,14,0,0,0,14
02/21/2019,INT,NC,ASO,ES,Federal Contract Tower,0,42,12,0,54,0,0,8,1,9,0,42,20,1,63,16,0,16,79
02/22/2019,INT,NC,ASO,ES,Federal Contract Tower,9,39,4,0,52,0,0,0,0,0,9,39,4,0,52,0,0,0,52
02/23/2019,INT,NC,ASO,ES,Federal Contract Tower,0,8,2,0,10,0,0,0,0,0,0,8,2,0,10,0,0,0,10
02/24/2019,INT,NC,ASO,ES,Federal Contract Tower,1,10,4,0,15,0,8,2,0,10,1,18,6,0,25,2,0,2,27
02/25/2019,INT,NC,ASO,ES,Federal Contract Tower,0,46,12,0,58,0,22,42,2,66,0,68,54,2,124,0,0,0,124
02/26/2019,INT,NC,ASO,ES,Federal Contract Tower,0,28,15,2,45,0,16,81,20,117,0,44,96,22,162,48,4,52,214
02/27/2019,INT,NC,ASO,ES,Federal Contract Tower,2,37,17,3,59,0,2,6,4,12,2,39,23,7,71,12,2,14,85
02/28/2019,INT,NC,ASO,ES,Federal Contract Tower,2,23,9,0,34,0,6,58,8,72,2,29,67,8,106,76,12,88,194
03/01/2019,INT,NC,ASO,ES,Federal Contract Tower,4,35,7,0,46,0,0,0,0,0,4,35,7,0,46,0,0,0,46
03/02/2019,INT,NC,ASO,ES,Federal Contract Tower,2,17,20,0,39,0,6,112,2,120,2,23,132,2,159,52,0,52,211
03/03/2019,INT,NC,ASO,ES,Federal Contract Tower,0,12,4,0,16,0,0,0,0,0,0,12,4,0,16,0,0,0,16
03/04/2019,INT,NC,ASO,ES,Federal Contract Tower,0,14,9,0,23,0,24,89,4,117,0,38,98,4,140,24,0,24,164
03/05/2019,INT,NC,ASO,ES,Federal Contract Tower,0,18,17,0,35,0,23,87,11,121,0,41,104,11,156,16,0,16,172
03/06/2019,INT,NC,ASO,ES,Federal Contract Tower,0,26,17,0,43,0,5,64,6,75,0,31,81,6,118,22,0,22,140
03/07/2019,INT,NC,ASO,ES,Federal Contract Tower,0,28,18,2,48,0,2,81,6,89,0,30,99,8,137,58,12,70,207
03/08/2019,INT,NC,ASO,ES,Federal Contract Tower,1,29,10,1,41,0,2,20,1,23,1,31,30,2,64,38,0,38,102
03/09/2019,INT,NC,ASO,ES,Federal Contract Tower,1,9,1,0,11,0,0,0,0,0,1,9,1,0,11,0,0,0,11
03/10/2019,INT,NC,ASO,ES,Federal Contract Tower,0,10,16,0,26,0,13,24,4,41,0,23,40,4,67,36,0,36,103
03/11/2019,INT,NC,ASO,ES,Federal Contract Tower,0,10,11,2,23,0,10,87,4,101,0,20,98,6,124,34,0,34,158
03/12/2019,INT,NC,ASO,ES,Federal Contract Tower,0,33,4,0,37,0,2,106,4,112,0,35,110,4,149,68,0,68,217
03/13/2019,INT,NC,ASO,ES,Federal Contract Tower,0,19,8,0,27,0,2,64,4,70,0,21,72,4,97,32,0,32,129
03/14/2019,INT,NC,ASO,ES,Federal Contract Tower,0,36,16,2,54,0,4,44,2,50,0,40,60,4,104,38,0,38,142
03/15/2019,INT,NC,ASO,ES,Federal Contract Tower,0,17,10,0,27,0,0,0,0,0,0,17,10,0,27,0,0,0,27
03/16/2019,INT,NC,ASO,ES,Federal Contract Tower,0,5,16,0,21,0,2,68,1,71,0,7,84,1,92,98,0,98,190
03/17/2019,INT,NC,ASO,ES,Federal Contract Tower,0,9,32,0,41,0,1,72,0,73,0,10,104,0,114,49,0,49,163
03/18/2019,INT,NC,ASO,ES,Federal Contract Tower,0,14,11,1,26,0,9,61,7,77,0,23,72,8,103,112,6,118,221
03/19/2019,INT,NC,ASO,ES,Federal Contract Tower,1,20,14,2,37,0,7,57,5,69,1,27,71,7,106,36,0,36,142
03/20/2019,INT,NC,ASO,ES,Federal Contract Tower,0,30,16,1,47,0,1,73,3,77,0,31,89,4,124,92,0,92,216
03/21/2019,INT,NC,ASO,ES,Federal Contract Tower,0,35,7,0,42,0,0,17,0,17,0,35,24,0,59,14,0,14,73
03/22/2019,INT,NC,ASO,ES,Federal Contract Tower,1,17,17,0,35,0,1,25,1,27,1,18,42,1,62,24,6,30,92
03/23/2019,INT,NC,ASO,ES,Federal Contract Tower,0,11,14,10,35,0,16,111,2,129,0,27,125,12,164,144,0,144,308
03/24/2019,INT,NC,ASO,ES,Federal Contract Tower,1,14,15,0,30,0,21,57,0,78,1,35,72,0,108,96,0,96,204
03/25/2019,INT,NC,ASO,ES,Federal Contract Tower,1,24,5,0,30,0,3,34,0,37,1,27,39,0,67,70,0,70,137
03/26/2019,INT,NC,ASO,ES,Federal Contract Tower,0,13,9,3,25,0,6,24,5,35,0,19,33,8,60,22,0,22,82
03/27/2019,INT,NC,ASO,ES,Federal Contract Tower,0,20,15,0,35,0,2,111,2,115,0,22,126,2,150,94,0,94,244
03/28/2019,INT,NC,ASO,ES,Federal Contract Tower,0,24,14,2,40,0,9,88,2,99,0,33,102,4,139,48,0,48,187
03/29/2019,INT,NC,ASO,ES,Federal Contract Tower,0,12,17,0,29,0,2,77,8,87,0,14,94,8,116,128,0,128,244
03/30/2019,INT,NC,ASO,ES,Federal Contract Tower,0,5,8,0,13,0,11,58,2,71,0,16,66,2,84,64,0,64,148
04/02/2019,INT,NC,ASO,ES,Federal Contract Tower,1,7,6,0,14,0,0,7,0,7,1,7,13,0,21,4,0,4,25
04/03/2019,INT,NC,ASO,ES,Federal Contract Tower,0,32,26,0,58,0,3,72,0,75,0,35,98,0,133,78,0,78,211
04/04/2019,INT,NC,ASO,ES,Federal Contract Tower,0,26,28,0,54,0,2,86,6,94,0,28,114,6,148,86,0,86,234
04/05/2019,INT,NC,ASO,ES,Federal Contract Tower,1,36,9,0,46,0,0,1,0,1,1,36,10,0,47,0,0,0,47
04/06/2019,INT,NC,ASO,ES,Federal Contract Tower,0,10,14,0,24,0,12,84,0,96,0,22,98,0,120,88,0,88,208
04/07/2019,INT,NC,ASO,ES,Federal Contract Tower,0,25,6,0,31,0,1,19,0,20,0,26,25,0,51,76,0,76,127
04/08/2019,INT,NC,ASO,ES,Federal Contract Tower,1,19,12,0,32,0,4,2,0,6,1,23,14,0,38,2,0,2,40
04/09/2019,INT,NC,ASO,ES,Federal Contract Tower,0,34,18,0,52,0,1,18,0,19,0,35,36,0,71,38,0,38,109
04/10/2019,INT,NC,ASO,ES,Federal Contract Tower,0,20,25,0,45,0,5,106,0,111,0,25,131,0,156,146,0,146,302
04/11/2019,INT,NC,ASO,ES,Federal Contract Tower,0,29,25,2,56,0,2,56,4,62,0,31,81,6,118,68,12,80,198
04/12/2019,INT,NC,ASO,ES,Federal Contract Tower,0,35,19,0,54,0,0,0,0,0,0,35,19,0,54,24,0,24,78
04/13/2019,INT,NC,ASO,ES,Federal Contract Tower,0,12,12,0,24,0,0,8,0,8,0,12,20,0,32,24,0,24,56
04/14/2019,INT,NC,ASO,ES,Federal Contract Tower,0,5,7,0,12,0,0,0,0,0,0,5,7,0,12,0,0,0,12
04/16/2019,INT,NC,ASO,ES,Federal Contract Tower,0,23,23,1,47,0,5,84,4,93,0,28,107,5,140,78,0,78,218
04/17/2019,INT,NC,ASO,ES,Federal Contract Tower,0,27,18,0,45,0,1,55,2,58,0,28,73,2,103,60,0,60,163
04/18/2019,INT,NC,ASO,ES,Federal Contract Tower,0,47,17,0,64,0,6,54,0,60,0,53,71,0,124,76,0,76,200
04/19/2019,INT,NC,ASO,ES,Federal Contract Tower,0,11,0,0,11,0,0,0,0,0,0,11,0,0,11,0,0,0,11
04/20/2019,INT,NC,ASO,ES,Federal Contract Tower,1,9,7,0,17,0,12,23,0,35,1,21,30,0,52,32,0,32,84
04/21/2019,INT,NC,ASO,ES,Federal Contract Tower,0,28,10,0,38,0,15,75,0,90,0,43,85,0,128,90,0,90,218
04/22/2019,INT,NC,ASO,ES,Federal Contract Tower,0,23,8,0,31,0,12,65,5,82,0,35,73,5,113,94,0,94,207
04/23/2019,INT,NC,ASO,ES,Federal Contract Tower,0,10,23,0,33,0,1,56,3,60,0,11,79,3,93,122,0,122,215
04/24/2019,INT,NC,ASO,ES,Federal Contract Tower,1,45,14,0,60,0,6,72,0,78,1,51,86,0,138,104,0,104,242
04/25/2019,INT,NC,ASO,ES,Federal Contract Tower,0,16,21,0,37,0,8,81,0,89,0,24,102,0,126,34,0,34,160
04/26/2019,INT,NC,ASO,ES,Federal Contract Tower,0,38,4,0,42,0,3,3,0,6,0,41,7,0,48,40,0,40,88
04/27/2019,INT,NC,ASO,ES,Federal Contract Tower,1,14,11,0,26,0,22,71,0,93,1,36,82,0,119,72,0,72,191
04/28/2019,INT,NC,ASO,ES,Federal Contract Tower,0,16,9,0,25,0,11,59,0,70,0,27,68,0,95,86,0,86,181
04/29/2019,INT,NC,ASO,ES,Federal Contract Tower,0,28,13,0,41,0,24,50,5,79,0,52,63,5,120,60,0,60,180
04/30/2019,INT,NC,ASO,ES,Federal Contract Tower,0,20,19,2,41,0,4,71,1,76,0,24,90,3,117,64,0,64,181
05/01/2019,INT,NC,ASO,ES,Federal Contract Tower,0,28,9,0,37,0,1,50,2,53,0,29,59,2,90,56,0,56,146
05/02/2019,INT,NC,ASO,ES,Federal Contract Tower,0,24,20,3,47,0,2,74,1,77,0,26,94,4,124,74,0,74,198
05/03/2019,INT,NC,ASO,ES,Federal Contract Tower,0,32,16,0,48,0,4,51,4,59,0,36,67,4,107,42,0,42,149
05/04/2019,INT,NC,ASO,ES,Federal Contract Tower,0,4,12,0,16,0,0,49,2,51,0,4,61,2,67,94,6,100,167
05/05/2019,INT,NC,ASO,ES,Federal Contract Tower,0,20,15,0,35,0,6,5,0,11,0,26,20,0,46,22,0,22,68
05/06/2019,INT,NC,ASO,ES,Federal Contract Tower,0,16,15,0,31,0,8,73,0,81,0,24,88,0,112,100,0,100,212
05/07/2019,INT,NC,ASO,ES,Federal Contract Tower,0,32,15,3,50,0,2,61,0,63,0,34,76,3,113,54,0,54,167
05/08/2019,INT,NC,ASO,ES,Federal Contract Tower,0,47,15,0,62,0,1,59,0,60,0,48,74,0,122,88,0,88,210
05/09/2019,INT,NC,ASO,ES,Federal Contract Tower,0,27,17,0,44,0,6,69,2,77,0,33,86,2,121,32,0,32,153
05/10/2019,INT,NC,ASO,ES,Federal Contract Tower,0,28,30,0,58,0,0,11,0,11,0,28,41,0,69,45,0,45,114
05/11/2019,INT,NC,ASO,ES,Federal Contract Tower,0,7,6,0,13,0,0,2,0,2,0,7,8,0,15,0,0,0,15
05/12/2019,INT,NC,ASO,ES,Federal Contract Tower,0,7,18,0,25,0,2,4,0,6,0,9,22,0,31,12,0,12,43
05/13/2019,INT,NC,ASO,ES,Federal Contract Tower,0,12,23,0,35,0,1,51,6,58,0,13,74,6,93,26,0,26,119
05/14/2019,INT,NC,ASO,ES,Federal Contract Tower,0,17,15,0,32,0,2,69,17,88,0,19,84,17,120,66,6,72,192
05/15/2019,INT,NC,ASO,ES,Federal Contract Tower,0,27,8,0,35,0,6,68,0,74,0,33,76,0,109,62,0,62,171
05/16/2019,INT,NC,ASO,ES,Federal Contract Tower,0,33,20,0,53,0,3,54,2,59,0,36,74,2,112,124,0,124,236
05/17/2019,INT,NC,ASO,ES,Federal Contract Tower,0,21,13,1,35,0,13,64,0,77,0,34,77,1,112,64,0,64,176
05/18/2019,INT,NC,ASO,ES,Federal Contract Tower,0,23,16,1,40,0,37,103,0,140,0,60,119,1,180,82,0,82,262
05/19/2019,INT,NC,ASO,ES,Federal Contract Tower,0,18,19,0,37,0,21,51,5,77,0,39,70,5,114,40,0,40,154
05/20/2019,INT,NC,ASO,ES,Federal Contract Tower,0,50,4,0,54,0,26,29,0,55,0,76,33,0,109,46,0,46,155
05/21/2019,INT,NC,ASO,ES,Federal Contract Tower,0,31,6,0,37,0,10,95,0,105,0,41,101,0,142,62,0,62,204
05/22/2019,INT,NC,ASO,ES,Federal Contract Tower,0,11,8,0,19,0,4,30,0,34,0,15,38,0,53,38,0,38,91
05/23/2019,INT,NC,ASO,ES,Federal Contract Tower,3,33,26,0,62,0,0,34,0,34,3,33,60,0,96,70,0,70,166
05/24/2019,INT,NC,ASO,ES,Federal Contract Tower,0,10,13,0,23,0,3,53,0,56,0,13,66,0,79,110,0,110,189
05/25/2019,INT,NC,ASO,ES,Federal Contract Tower,0,3,5,0,8,0,24,80,1,105,0,27,85,1,113,20,0,20,133
05/26/2019,INT,NC,ASO,ES,Federal Contract Tower,0,1,5,0,6,0,13,48,0,61,0,14,53,0,67,42,0,42,109
05/27/2019,INT,NC,ASO,ES,Federal Contract Tower,0,8,14,0,22,0,7,77,0,84,0,15,91,0,106,66,0,66,172
05/28/2019,INT,NC,ASO,ES,Federal Contract Tower,0,23,18,4,45,0,20,40,0,60,0,43,58,4,105,28,2,30,135
05/29/2019,INT,NC,ASO,ES,Federal Contract Tower,0,20,8,0,28,0,3,50,0,53,0,23,58,0,81,34,0,34,115
05/30/2019,INT,NC,ASO,ES,Federal Contract Tower,0,24,15,4,43,0,2,49,7,58,0,26,64,11,101,40,8,48,149
05/31/2019,INT,NC,ASO,ES,Federal Contract Tower,0,19,21,0,40,0,5,39,3,47,0,24,60,3,87,28,0,28,115
06/01/2019,INT,NC,ASO,ES,Federal Contract Tower,0,6,15,0,21,0,3,67,2,72,0,9,82,2,93,106,6,112,205
06/02/2019,INT,NC,ASO,ES,Federal Contract Tower,0,15,15,0,30,0,9,94,0,103,0,24,109,0,133,134,0,134,267
06/03/2019,INT,NC,ASO,ES,Federal Contract Tower,0,24,12,0,36,0,6,45,0,51,0,30,57,0,87,50,0,50,137
06/04/2019,INT,NC,ASO,ES,Federal Contract Tower,0,29,22,0,51,0,13,63,3,79,0,42,85,3,130,40,0,40,170
06/05/2019,INT,NC,ASO,ES,Federal Contract Tower,0,19,12,0,31,0,1,23,0,24,0,20,35,0,55,46,0,46,101
06/06/2019,INT,NC,ASO,ES,Federal Contract Tower,0,21,41,0,62,0,3,59,3,65,0,24,100,3,127,36,0,36,163
06/07/2019,INT,NC,ASO,ES,Federal Contract Tower,0,10,18,0,28,0,0,6,0,6,0,10,24,0,34,4,0,4,38
06/08/2019,INT,NC,ASO,ES,Federal Contract Tower,0,1,5,0,6,0,0,0,0,0,0,1,5,0,6,0,0,0,6
06/09/2019,INT,NC,ASO,ES,Federal Contract Tower,0,4,5,0,9,0,0,0,0,0,0,4,5,0,9,0,0,0,9
06/10/2019,INT,NC,ASO,ES,Federal Contract Tower,0,10,22,1,33,0,0,8,0,8,0,10,30,1,41,20,0,20,61
06/11/2019,INT,NC,ASO,ES,Federal Contract Tower,0,20,26,0,46,0,0,68,1,69,0,20,94,1,115,76,0,76,191
06/12/2019,INT,NC,ASO,ES,Federal Contract Tower,0,26,12,0,38,0,0,73,0,73,0,26,85,0,111,98,0,98,209
06/13/2019,INT,NC,ASO,ES,Federal Contract Tower,0,24,18,1,43,0,0,80,3,83,0,24,98,4,126,4,6,10,136
06/14/2019,INT,NC,ASO,ES,Federal Contract Tower,0,26,13,0,39,0,13,83,4,100,0,39,96,4,139,44,0,44,183
06/15/2019,INT,NC,ASO,ES,Federal Contract Tower,0,17,16,0,33,0,7,101,4,112,0,24,117,4,145,48,0,48,193
06/16/2019,INT,NC,ASO,ES,Federal Contract Tower,0,9,11,0,20,0,19,54,8,81,0,28,65,8,101,36,2,38,139
06/17/2019,INT,NC,ASO,ES,Federal Contract Tower,0,27,8,0,35,0,0,69,5,74,0,27,77,5,109,62,0,62,171
06/18/2019,INT,NC,ASO,ES,Federal Contract Tower,0,18,16,0,34,0,0,53,3,56,0,18,69,3,90,46,0,46,136
06/19/2019,INT,NC,ASO,ES,Federal Contract Tower,0,21,11,0,32,0,0,33,0,33,0,21,44,0,65,50,0,50,115
06/20/2019,INT,NC,ASO,ES,Federal Contract Tower,0,15,9,0,24,0,0,33,0,33,0,15,42,0,57,12,2,14,71
06/21/2019,INT,NC,ASO,ES,Federal Contract Tower,0,12,11,0,23,0,2,51,0,53,0,14,62,0,76,28,0,28,104
06/22/2019,INT,NC,ASO,ES,Federal Contract Tower,0,10,20,0,30,0,6,55,0,61,0,16,75,0,91,28,0,28,119
06/23/2019,INT,NC,ASO,ES,Federal Contract Tower,0,13,12,0,25,0,6,61,0,67,0,19,73,0,92,20,0,20,112
06/24/2019,INT,NC,ASO,ES,Federal Contract Tower,0,26,12,0,38,0,11,62,1,74,0,37,74,1,112,38,0,38,150
06/25/2019,INT,NC,ASO,ES,Federal Contract Tower,0,29,23,0,52,0,0,116,2,118,0,29,139,2,170,124,0,124,294
06/26/2019,INT,NC,ASO,ES,Federal Contract Tower,0,29,26,0,55,0,2,68,0,70,0,31,94,0,125,90,0,90,215
06/27/2019,INT,NC,ASO,ES,Federal Contract Tower,0,21,16,0,37,0,2,82,0,84,0,23,98,0,121,108,0,108,229
06/28/2019,INT,NC,ASO,ES,Federal Contract Tower,0,35,10,0,45,0,11,65,0,76,0,46,75,0,121,52,0,52,173
06/29/2019,INT,NC,ASO,ES,Federal Contract Tower,0,11,10,0,21,0,18,65,0,83,0,29,75,0,104,38,0,38,142
06/30/2019,INT,NC,ASO,ES,Federal Contract Tower,0,8,8,0,16,0,1,33,0,34,0,9,41,0,50,20,0,20,70
07/01/2019,INT,NC,ASO,ES,Federal Contract Tower,0,18,10,0,28,0,3,79,0,82,0,21,89,0,110,86,0,86,196
07/02/2019,INT,NC,ASO,ES,Federal Contract Tower,0,22,14,0,36,0,3,51,0,54,0,25,65,0,90,78,0,78,168
07/03/2019,INT,NC,ASO,ES,Federal Contract Tower,0,13,25,0,38,0,1,63,0,64,0,14,88,0,102,34,0,34,136
07/04/2019,INT,NC,ASO,ES,Federal Contract Tower,0,2,8,0,10,0,1,19,0,20,0,3,27,0,30,24,0,24,54
07/05/2019,INT,NC,ASO,ES,Federal Contract Tower,0,3,6,0,9,0,0,9,0,9,0,3,15,0,18,26,0,26,44
07/06/2019,INT,NC,ASO,ES,Federal Contract Tower,0,6,13,0,19,0,0,23,0,23,0,6,36,0,42,28,0,28,70
07/07/2019,INT,NC,ASO,ES,Federal Contract Tower,0,3,11,0,14,0,0,36,0,36,0,3,47,0,50,8,0,8,58
07/08/2019,INT,NC,ASO,ES,Federal Contract Tower,0,12,11,0,23,0,0,52,3,55,0,12,63,3,78,68,0,68,146
07/09/2019,INT,NC,ASO,ES,Federal Contract Tower,1,11,11,2,25,0,0,28,6,34,1,11,39,8,59,72,0,72,131
07/10/2019,INT,NC,ASO,ES,Federal Contract Tower,0,28,12,0,40,0,1,56,4,61,0,29,68,4,101,46,0,46,147
07/11/2019,INT,NC,ASO,ES,Federal Contract Tower,1,23,15,0,39,0,0,61,5,66,1,23,76,5,105,20,0,20,125
07/12/2019,INT,NC,ASO,ES,Federal Contract Tower,0,18,19,0,37,0,1,125,0,126,0,19,144,0,163,36,0,36,199
07/13/2019,INT,NC,ASO,ES,Federal Contract Tower,0,7,2,0,9,0,16,60,2,78,0,23,62,2,87,50,0,50,137
07/14/2019,INT,NC,ASO,ES,Federal Contract Tower,1,7,4,0,12,0,11,63,0,74,1,18,67,0,86,18,0,18,104
07/15/2019,INT,NC,ASO,ES,Federal Contract Tower,0,15,7,0,22,0,4,71,0,75,0,19,78,0,97,32,0,32,129
07/16/2019,INT,NC,ASO,ES,Federal Contract Tower,0,20,23,0,43,0,6,51,0,57,0,26,74,0,100,42,0,42,142
07/17/2019,INT,NC,ASO,ES,Federal Contract Tower,0,20,11,0,31,0,4,33,0,37,0,24,44,0,68,34,0,34,102
07/18/2019,INT,NC,ASO,ES,Federal Contract Tower,1,21,11,0,33,0,1,85,9,95,1,22,96,9,128,76,0,76,204
07/19/2019,INT,NC,ASO,ES,Federal Contract Tower,0,9,12,0,21,0,8,77,7,92,0,17,89,7,113,32,0,32,145
07/20/2019,INT,NC,ASO,ES,Federal Contract Tower,0,9,6,0,15,0,2,39,4,45,0,11,45,4,60,58,0,58,118
07/21/2019,INT,NC,ASO,ES,Federal Contract Tower,0,5,20,0,25,10,77,1,0,88,10,82,21,0,113,48,0,48,161
07/22/2019,INT,NC,ASO,ES,Federal Contract Tower,0,4,16,0,20,0,2,36,3,41,0,6,52,3,61,26,0,26,87
07/23/2019,INT,NC,ASO,ES,Federal Contract Tower,0,8,10,0,18,0,0,0,0,0,0,8,10,0,18,0,0,0,18
07/24/2019,INT,NC,ASO,ES,Federal Contract Tower,0,27,12,0,39,0,1,77,6,84,0,28,89,6,123,26,0,26,149
07/25/2019,INT,NC,ASO,ES,Federal Contract Tower,0,25,10,0,35,0,7,99,2,108,0,32,109,2,143,64,0,64,207
07/26/2019,INT,NC,ASO,ES,Federal Contract Tower,1,29,23,0,53,0,21,69,1,91,1,50,92,1,144,30,0,30,174
07/27/2019,INT,NC,ASO,ES,Federal Contract Tower,0,6,22,0,28,0,0,61,6,67,0,6,83,6,95,23,6,29,124
07/28/2019,INT,NC,ASO,ES,Federal Contract Tower,0,11,9,0,20,0,13,80,0,93,0,24,89,0,113,51,0,51,164
07/29/2019,INT,NC,ASO,ES,Federal Contract Tower,0,20,16,0,36,0,15,76,4,95,0,35,92,4,131,64,0,64,195
07/30/2019,INT,NC,ASO,ES,Federal Contract Tower,0,14,14,0,28,0,2,57,2,61,0,16,71,2,89,48,0,48,137
07/31/2019,INT,NC,ASO,ES,Federal Contract Tower,0,15,18,0,33,0,0,36,2,38,0,15,54,2,71,12,0,12,83
08/01/2019,INT,NC,ASO,ES,Federal Contract Tower,1,28,13,0,42,0,2,38,4,44,1,30,51,4,86,70,0,70,156
08/02/2019,INT,NC,ASO,ES,Federal Contract Tower,0,9,18,0,27,0,5,39,0,44,0,14,57,0,71,62,0,62,133
08/03/2019,INT,NC,ASO,ES,Federal Contract Tower,0,3,14,0,17,0,0,19,0,19,0,3,33,0,36,10,0,10,46
08/04/2019,INT,NC,ASO,ES,Federal Contract Tower,1,11,11,0,23,0,1,65,0,66,1,12,76,0,89,75,0,75,164
08/05/2019,INT,NC,ASO,ES,Federal Contract Tower,0,13,16,0,29,0,0,51,0,51,0,13,67,0,80,42,0,42,122
08/06/2019,INT,NC,ASO,ES,Federal Contract Tower,0,11,19,0,30,0,0,80,2,82,0,11,99,2,112,84,0,84,196
08/07/2019,INT,NC,ASO,ES,Federal Contract Tower,1,15,12,0,28,0,0,65,3,68,1,15,77,3,96,18,0,18,114
08/08/2019,INT,NC,ASO,ES,Federal Contract Tower,0,14,14,1,29,0,1,69,0,70,0,15,83,1,99,74,0,74,173
08/09/2019,INT,NC,ASO,ES,Federal Contract Tower,0,14,8,1,23,0,4,60,0,64,0,18,68,1,87,46,0,46,133
08/10/2019,INT,NC,ASO,ES,Federal Contract Tower,2,5,8,0,15,0,10,48,0,58,2,15,56,0,73,12,0,12,85
08/11/2019,INT,NC,ASO,ES,Federal Contract Tower,0,14,16,0,30,0,0,80,0,80,0,14,96,0,110,68,0,68,178
08/12/2019,INT,NC,ASO,ES,Federal Contract Tower,1,11,21,0,33,0,1,49,0,50,1,12,70,0,83,70,13,83,166
08/13/2019,INT,NC,ASO,ES,Federal Contract Tower,1,14,14,0,29,0,3,33,2,38,1,17,47,2,67,50,2,52,119
08/14/2019,INT,NC,ASO,ES,Federal Contract Tower,0,23,10,0,33,0,0,56,2,58,0,23,66,2,91,42,0,42,133
08/15/2019,INT,NC,ASO,ES,Federal Contract Tower,0,28,9,0,37,0,0,74,6,80,0,28,83,6,117,92,0,92,209
08/16/2019,INT,NC,ASO,ES,Federal Contract Tower,0,25,22,1,48,0,0,39,2,41,0,25,61,3,89,28,0,28,117
08/17/2019,INT,NC,ASO,ES,Federal Contract Tower,0,8,5,1,14,0,0,65,2,67,0,8,70,3,81,36,0,36,117
08/18/2019,INT,NC,ASO,ES,Federal Contract Tower,1,13,6,0,20,0,4,63,0,67,1,17,69,0,87,50,0,50,137
08/19/2019,INT,NC,ASO,ES,Federal Contract Tower,1,28,9,1,39,0,2,53,4,59,1,30,62,5,98,30,0,30,128
08/20/2019,INT,NC,ASO,ES,Federal Contract Tower,0,33,19,0,52,0,5,42,3,50,0,38,61,3,102,40,0,40,142
08/21/2019,INT,NC,ASO,ES,Federal Contract Tower,0,26,17,0,43,0,0,25,0,25,0,26,42,0,68,0,0,0,68
08/22/2019,INT,NC,ASO,ES,Federal Contract Tower,1,47,14,0,62,0,2,47,4,53,1,49,61,4,115,2,0,2,117
08/23/2019,INT,NC,ASO,ES,Federal Contract Tower,0,45,17,0,62,0,5,37,0,42,0,50,54,0,104,0,0,0,104
08/24/2019,INT,NC,ASO,ES,Federal Contract Tower,0,17,10,0,27,0,0,2,0,2,0,17,12,0,29,0,0,0,29
08/25/2019,INT,NC,ASO,ES,Federal Contract Tower,1,13,12,1,27,0,22,55,6,83,1,35,67,7,110,34,4,38,148
08/26/2019,INT,NC,ASO,ES,Federal Contract Tower,2,31,17,1,51,0,10,43,8,61,2,41,60,9,112,34,0,34,146
08/27/2019,INT,NC,ASO,ES,Federal Contract Tower,0,17,15,0,32,0,1,16,0,17,0,18,31,0,49,20,0,20,69
08/28/2019,INT,NC,ASO,ES,Federal Contract Tower,0,23,14,1,38,0,2,35,0,37,0,25,49,1,75,22,0,22,97
08/29/2019,INT,NC,ASO,ES,Federal Contract Tower,0,20,22,3,45,0,0,77,3,80,0,20,99,6,125,42,0,42,167
08/30/2019,INT,NC,ASO,ES,Federal Contract Tower,1,15,26,0,42,0,2,62,2,66,1,17,88,2,108,18,0,18,126
08/31/2019,INT,NC,ASO,ES,Federal Contract Tower,0,8,12,0,20,0,2,54,0,56,0,10,66,0,76,14,0,14,90
09/01/2019,INT,NC,ASO,ES,Federal Contract Tower,0,6,7,0,13,0,6,31,0,37,0,12,38,0,50,21,0,21,71
09/02/2019,INT,NC,ASO,ES,Federal Contract Tower,0,10,18,0,28,0,5,50,1,56,0,15,68,1,84,24,2,26,110
09/03/2019,INT,NC,ASO,ES,Federal Contract Tower,0,13,11,0,24,0,1,44,2,47,0,14,55,2,71,32,0,32,103
09/04/2019,INT,NC,ASO,ES,Federal Contract Tower,1,32,11,0,44,0,4,33,1,38,1,36,44,1,82,4,0,4,86
09/05/2019,INT,NC,ASO,ES,Federal Contract Tower,0,30,0,0,30,0,0,22,0,22,0,30,22,0,52,8,0,8,60
09/06/2019,INT,NC,ASO,ES,Federal Contract Tower,1,10,7,1,19,0,17,53,1,71,1,27,60,2,90,38,0,38,128
09/07/2019,INT,NC,ASO,ES,Federal Contract Tower,0,6,15,0,21,0,8,65,0,73,0,14,80,0,94,8,0,8,102
09/08/2019,INT,NC,ASO,ES,Federal Contract Tower,0,11,4,0,15,0,15,62,0,77,0,26,66,0,92,20,0,20,112
09/09/2019,INT,NC,ASO,ES,Federal Contract Tower,0,17,6,0,23,0,8,27,2,37,0,25,33,2,60,40,0,40,100
09/10/2019,INT,NC,ASO,ES,Federal Contract Tower,0,17,20,0,37,0,4,29,3,36,0,21,49,3,73,28,0,28,101
09/11/2019,INT,NC,ASO,ES,Federal Contract Tower,0,36,10,0,46,0,9,44,0,53,0,45,54,0,99,36,0,36,135
09/12/2019,INT,NC,ASO,ES,Federal Contract Tower,0,33,16,0,49,0,4,48,1,53,0,37,64,1,102,30,0,30,132
09/13/2019,INT,NC,ASO,ES,Federal Contract Tower,0,62,11,0,73,0,2,21,0,23,0,64,32,0,96,20,0,20,116
09/14/2019,INT,NC,ASO,ES,Federal Contract Tower,0,20,11,0,31,0,15,9,0,24,0,35,20,0,55,44,0,44,99
09/15/2019,INT,NC,ASO,ES,Federal Contract Tower,0,5,5,0,10,0,23,60,0,83,0,28,65,0,93,50,0,50,143
09/16/2019,INT,NC,ASO,ES,Federal Contract Tower,0,7,16,0,23,0,9,44,5,58,0,16,60,5,81,32,0,32,113
09/17/2019,INT,NC,ASO,ES,Federal Contract Tower,0,15,20,1,36,0,1,52,5,58,0,16,72,6,94,78,0,78,172
09/18/2019,INT,NC,ASO,ES,Federal Contract Tower,0,16,5,0,21,0,5,44,1,50,0,21,49,1,71,70,0,70,141
09/19/2019,INT,NC,ASO,ES,Federal Contract Tower,0,35,30,0,65,0,1,53,0,54,0,36,83,0,119,70,0,70,189
09/20/2019,INT,NC,ASO,ES,Federal Contract Tower,0,26,23,1,50,0,3,39,3,45,0,29,62,4,95,10,0,10,105
09/21/2019,INT,NC,ASO,ES,Federal Contract Tower,0,8,12,0,20,0,0,59,0,59,0,8,71,0,79,10,0,10,89
09/22/2019,INT,NC,ASO,ES,Federal Contract Tower,0,17,9,1,27,0,15,49,5,69,0,32,58,6,96,48,0,48,144
09/23/2019,INT,NC,ASO,ES,Federal Contract Tower,0,21,19,0,40,0,22,45,10,77,0,43,64,10,117,36,0,36,153
09/24/2019,INT,NC,ASO,ES,Federal Contract Tower,0,21,8,1,30,0,2,46,2,50,0,23,54,3,80,46,0,46,126
09/25/2019,INT,NC,ASO,ES,Federal Contract Tower,0,16,16,2,34,0,6,22,2,30,0,22,38,4,64,48,6,54,118
09/26/2019,INT,NC,ASO,ES,Federal Contract Tower,0,13,5,1,19,0,4,44,0,48,0,17,49,1,67,56,0,56,123
09/27/2019,INT,NC,ASO,ES,Federal Contract Tower,0,12,17,2,31,0,1,36,0,37,0,13,53,2,68,18,0,18,86
09/28/2019,INT,NC,ASO,ES,Federal Contract Tower,0,2,14,0,16,0,0,37,0,37,0,2,51,0,53,30,0,30,83
09/29/2019,INT,NC,ASO,ES,Federal Contract Tower,0,15,4,0,19,0,9,26,0,35,0,24,30,0,54,38,0,38,92
09/30/2019,INT,NC,ASO,ES,Federal Contract Tower,0,14,19,0,33,0,2,12,0,14,0,16,31,0,47,36,0,36,83
10/01/2019,INT,NC,ASO,ES,Federal Contract Tower,0,15,14,0,29,0,3,40,2,45,0,18,54,2,74,42,0,42,116
10/02/2019,INT,NC,ASO,ES,Federal Contract Tower,0,29,13,0,42,0,6,68,0,74,0,35,81,0,116,50,0,50,166
10/03/2019,INT,NC,ASO,ES,Federal Contract Tower,0,21,10,0,31,0,0,72,0,72,0,21,82,0,103,96,0,96,199
10/04/2019,INT,NC,ASO,ES,Federal Contract Tower,0,25,13,0,38,0,10,41,6,57,0,35,54,6,95,8,0,8,103
10/05/2019,INT,NC,ASO,ES,Federal Contract Tower,0,8,10,0,18,0,6,44,0,50,0,14,54,0,68,56,0,56,124
10/06/2019,INT,NC,ASO,ES,Federal Contract Tower,1,19,6,0,26,0,14,52,0,66,1,33,58,0,92,52,0,52,144
10/07/2019,INT,NC,ASO,ES,Federal Contract Tower,0,6,10,0,16,0,9,56,0,65,0,15,66,0,81,28,0,28,109
10/08/2019,INT,NC,ASO,ES,Federal Contract Tower,0,27,5,0,32,0,5,0,0,5,0,32,5,0,37,2,0,2,39
10/09/2019,INT,NC,ASO,ES,Federal Contract Tower,0,23,25,0,48,0,3,60,0,63,0,26,85,0,111,76,0,76,187
10/10/2019,INT,NC,ASO,ES,Federal Contract Tower,0,33,15,2,50,0,7,90,1,98,0,40,105,3,148,76,0,76,224
10/11/2019,INT,NC,ASO,ES,Federal Contract Tower,1,20,14,0,35,0,10,106,0,116,1,30,120,0,151,34,0,34,185
10/12/2019,INT,NC,ASO,ES,Federal Contract Tower,0,12,10,0,22,0,46,40,0,86,0,58,50,0,108,32,0,32,140
10/13/2019,INT,NC,ASO,ES,Federal Contract Tower,0,35,7,0,42,0,0,3,0,3,0,35,10,0,45,12,0,12,57
10/15/2019,INT,NC,ASO,ES,Federal Contract Tower,0,24,12,0,36,0,10,50,1,61,0,34,62,1,97,48,0,48,145
10/16/2019,INT,NC,ASO,ES,Federal Contract Tower,0,15,13,0,28,0,2,6,0,8,0,17,19,0,36,0,0,0,36
10/17/2019,INT,NC,ASO,ES,Federal Contract Tower,0,41,10,0,51,0,13,42,0,55,0,54,52,0,106,22,0,22,128
10/18/2019,INT,NC,ASO,ES,Federal Contract Tower,0,31,6,1,38,0,11,50,2,63,0,42,56,3,101,56,0,56,157
10/19/2019,INT,NC,ASO,ES,Federal Contract Tower,0,12,17,1,30,0,2,66,0,68,0,14,83,1,98,10,0,10,108
10/20/2019,INT,NC,ASO,ES,Federal Contract Tower,0,20,14,0,34,0,21,2,0,23,0,41,16,0,57,0,0,0,57
10/21/2019,INT,NC,ASO,ES,Federal Contract Tower,0,14,10,0,24,0,9,42,0,51,0,23,52,0,75,50,0,50,125
10/22/2019,INT,NC,ASO,ES,Federal Contract Tower,0,41,2,2,45,0,0,11,0,11,0,41,13,2,56,28,0,28,84
10/23/2019,INT,NC,ASO,ES,Federal Contract Tower,0,19,16,2,37,0,4,79,0,83,0,23,95,2,120,68,0,68,188
10/24/2019,INT,NC,ASO,ES,Federal Contract Tower,0,23,15,0,38,0,3,49,0,52,0,26,64,0,90,94,0,94,184
10/25/2019,INT,NC,ASO,ES,Federal Contract Tower,0,16,26,0,42,0,0,38,0,38,0,16,64,0,80,38,0,38,118
10/26/2019,INT,NC,ASO,ES,Federal Contract Tower,0,6,27,1,34,0,0,64,0,64,0,6,91,1,98,46,0,46,144
10/27/2019,INT,NC,ASO,ES,Federal Contract Tower,0,23,17,0,40,0,2,15,0,17,0,25,32,0,57,14,0,14,71
10/28/2019,INT,NC,ASO,ES,Federal Contract Tower,0,16,14,0,30,0,4,34,2,40,0,20,48,2,70,61,0,61,131
10/29/2019,INT,NC,ASO,ES,Federal Contract Tower,0,19,15,0,34,0,1,8,0,9,0,20,23,0,43,0,0,0,43
10/30/2019,INT,NC,ASO,ES,Federal Contract Tower,0,15,4,0,19,0,0,0,0,0,0,15,4,0,19,0,0,0,19
10/31/2019,INT,NC,ASO,ES,Federal Contract Tower,0,26,1,0,27,0,0,0,0,0,0,26,1,0,27,0,0,0,27
11/01/2019,INT,NC,ASO,ES,Federal Contract Tower,0,54,20,0,74,0,24,62,1,87,0,78,82,1,161,82,0,82,243
11/02/2019,INT,NC,ASO,ES,Federal Contract Tower,0,28,15,0,43,0,27,45,1,73,0,55,60,1,116,0,0,0,116
11/03/2019,INT,NC,ASO,ES,Federal Contract Tower,0,64,11,0,75,0,21,63,2,86,0,85,74,2,161,30,0,30,191
11/04/2019,INT,NC,ASO,ES,Federal Contract Tower,0,18,10,0,28,0,9,37,4,50,0,27,47,4,78,8,0,8,86
11/05/2019,INT,NC,ASO,ES,Federal Contract Tower,2,28,13,0,43,0,2,34,1,37,2,30,47,1,80,42,0,42,122
11/06/2019,INT,NC,ASO,ES,Federal Contract Tower,0,34,22,0,56,0,7,48,0,55,0,41,70,0,111,30,0,30,141
11/07/2019,INT,NC,ASO,ES,Federal Contract Tower,1,31,20,0,52,0,0,29,0,29,1,31,49,0,81,82,0,82,163
11/08/2019,INT,NC,ASO,ES,Federal Contract Tower,0,27,13,1,41,0,2,61,1,64,0,29,74,2,105,62,0,62,167
11/09/2019,INT,NC,ASO,ES,Federal Contract Tower,1,13,6,0,20,0,25,43,5,73,1,38,49,5,93,2,0,2,95
11/10/2019,INT,NC,ASO,ES,Federal Contract Tower,0,28,16,0,44,0,20,36,7,63,0,48,52,7,107,16,0,16,123
11/11/2019,INT,NC,ASO,ES,Federal Contract Tower,0,28,7,0,35,0,14,48,3,65,0,42,55,3,100,20,0,20,120
11/12/2019,INT,NC,ASO,ES,Federal Contract Tower,0,18,7,0,25,0,0,6,0,6,0,18,13,0,31,12,0,12,43
11/13/2019,INT,NC,ASO,ES,Federal Contract Tower,0,20,20,0,40,0,1,48,0,49,0,21,68,0,89,62,0,62,151
11/14/2019,INT,NC,ASO,ES,Federal Contract Tower,0,24,13,0,37,0,2,39,0,41,0,26,52,0,78,22,0,22,100
11/15/2019,INT,NC,ASO,ES,Federal Contract Tower,0,14,17,0,31,0,12,42,0,54,0,26,59,0,85,4,0,4,89
11/16/2019,INT,NC,ASO,ES,Federal Contract Tower,0,9,7,0,16,0,4,13,0,17,0,13,20,0,33,26,0,26,59
11/17/2019,INT,NC,ASO,ES,Federal Contract Tower,0,20,13,0,33,0,2,19,0,21,0,22,32,0,54,6,0,6,60
11/18/2019,INT,NC,ASO,ES,Federal Contract Tower,0,18,3,0,21,0,0,0,0,0,0,18,3,0,21,0,0,0,21
11/19/2019,INT,NC,ASO,ES,Federal Contract Tower,0,21,14,0,35,0,2,19,0,21,0,23,33,0,56,36,0,36,92
11/20/2019,INT,NC,ASO,ES,Federal Contract Tower,0,32,12,1,45,0,2,72,2,76,0,34,84,3,121,44,0,44,165
11/21/2019,INT,NC,ASO,ES,Federal Contract Tower,0,18,20,1,39,0,1,73,0,74,0,19,93,1,113,70,0,70,183
11/22/2019,INT,NC,ASO,ES,Federal Contract Tower,0,11,35,0,46,0,12,42,1,55,0,23,77,1,101,41,0,41,142
11/23/2019,INT,NC,ASO,ES,Federal Contract Tower,0,8,11,0,19,0,0,0,0,0,0,8,11,0,19,0,0,0,19
11/24/2019,INT,NC,ASO,ES,Federal Contract Tower,0,12,10,0,22,0,0,42,0,42,0,12,52,0,64,32,0,32,96
11/25/2019,INT,NC,ASO,ES,Federal Contract Tower,0,19,31,2,52,0,3,42,2,47,0,22,73,4,99,106,0,106,205
11/26/2019,INT,NC,ASO,ES,Federal Contract Tower,0,32,20,2,54,0,1,70,0,71,0,33,90,2,125,74,0,74,199
11/27/2019,INT,NC,ASO,ES,Federal Contract Tower,0,12,23,0,35,0,0,0,0,0,0,12,23,0,35,0,0,0,35
11/28/2019,INT,NC,ASO,ES,Federal Contract Tower,0,2,10,0,12,0,0,8,0,8,0,2,18,0,20,0,0,0,20
11/29/2019,INT,NC,ASO,ES,Federal Contract Tower,0,3,20,0,23,0,0,56,0,56,0,3,76,0,79,51,0,51,130
11/30/2019,INT,NC,ASO,ES,Federal Contract Tower,0,7,11,0,18,0,0,0,0,0,0,7,11,0,18,0,0,0,18
12/01/2019,INT,NC,ASO,ES,Federal Contract Tower,0,32,6,0,38,0,0,0,0,0,0,32,6,0,38,0,0,0,38
12/02/2019,INT,NC,ASO,ES,Federal Contract Tower,0,20,14,0,34,0,11,16,4,31,0,31,30,4,65,4,2,6,71
12/03/2019,INT,NC,ASO,ES,Federal Contract Tower,0,16,15,2,33,0,8,73,0,81,0,24,88,2,114,90,0,90,204
12/04/2019,INT,NC,ASO,ES,Federal Contract Tower,0,38,7,0,45,0,4,45,7,56,0,42,52,7,101,22,0,22,123
12/05/2019,INT,NC,ASO,ES,Federal Contract Tower,0,22,13,0,35,0,1,79,0,80,0,23,92,0,115,192,0,192,307
12/06/2019,INT,NC,ASO,ES,Federal Contract Tower,2,22,11,6,41,0,1,47,0,48,2,23,58,6,89,56,0,56,145
12/07/2019,INT,NC,ASO,ES,Federal Contract Tower,0,15,12,1,28,0,0,90,0,90,0,15,102,1,118,40,0,40,158
12/08/2019,INT,NC,ASO,ES,Federal Contract Tower,0,12,12,0,24,0,0,43,0,43,0,12,55,0,67,38,0,38,105
12/09/2019,INT,NC,ASO,ES,Federal Contract Tower,0,14,7,0,21,0,0,0,0,0,0,14,7,0,21,0,0,0,21
12/10/2019,INT,NC,ASO,ES,Federal Contract Tower,1,14,5,0,20,0,0,1,0,1,1,14,6,0,21,0,0,0,21
12/11/2019,INT,NC,ASO,ES,Federal Contract Tower,0,23,14,0,37,0,1,38,6,45,0,24,52,6,82,34,0,34,116
12/12/2019,INT,NC,ASO,ES,Federal Contract Tower,0,26,14,2,42,0,5,76,7,88,0,31,90,9,130,36,0,36,166
12/13/2019,INT,NC,ASO,ES,Federal Contract Tower,1,15,6,0,22,0,0,0,0,0,1,15,6,0,22,0,0,0,22
12/14/2019,INT,NC,ASO,ES,Federal Contract Tower,1,11,4,0,16,0,16,3,0,19,1,27,7,0,35,4,0,4,39
12/15/2019,INT,NC,ASO,ES,Federal Contract Tower,0,24,8,0,32,0,35,85,0,120,0,59,93,0,152,60,0,60,212
12/16/2019,INT,NC,ASO,ES,Federal Contract Tower,1,20,5,0,26,0,2,29,0,31,1,22,34,0,57,38,0,38,95
12/17/2019,INT,NC,ASO,ES,Federal Contract Tower,0,11,4,0,15,0,0,2,0,2,0,11,6,0,17,0,0,0,17
12/18/2019,INT,NC,ASO,ES,Federal Contract Tower,0,20,8,0,28,0,3,39,2,44,0,23,47,2,72,16,0,16,88
12/19/2019,INT,NC,ASO,ES,Federal Contract Tower,0,4,11,0,15,0,4,59,0,63,0,8,70,0,78,55,0,55,133
12/20/2019,INT,NC,ASO,ES,Federal Contract Tower,1,12,13,0,26,0,1,62,0,63,1,13,75,0,89,21,0,21,110
12/21/2019,INT,NC,ASO,ES,Federal Contract Tower,0,5,10,0,15,0,0,33,1,34,0,5,43,1,49,54,0,54,103
12/22/2019,INT,NC,ASO,ES,Federal Contract Tower,0,11,8,0,19,0,0,34,0,34,0,11,42,0,53,62,0,62,115
12/23/2019,INT,NC,ASO,ES,Federal Contract Tower,0,7,6,0,13,0,0,3,0,3,0,7,9,0,16,0,0,0,16
12/24/2019,INT,NC,ASO,ES,Federal Contract Tower,0,8,1,0,9,0,0,18,0,18,0,8,19,0,27,0,0,0,27
12/25/2019,INT,NC,ASO,ES,Federal Contract Tower,0,12,1,0,13,0,2,3,0,5,0,14,4,0,18,2,0,2,20
12/26/2019,INT,NC,ASO,ES,Federal Contract Tower,0,10,12,0,22,0,3,61,1,65,0,13,73,1,87,4,0,4,91
12/27/2019,INT,NC,ASO,ES,Federal Contract Tower,0,16,9,0,25,0,4,41,2,47,0,20,50,2,72,40,0,40,112
12/28/2019,INT,NC,ASO,ES,Federal Contract Tower,0,14,15,0,29,0,3,29,0,32,0,17,44,0,61,38,0,38,99
12/29/2019,INT,NC,ASO,ES,Federal Contract Tower,0,12,1,0,13,0,0,0,0,0,0,12,1,0,13,0,0,0,13
12/30/2019,INT,NC,ASO,ES,Federal Contract Tower,0,14,5,0,19,0,11,21,0,32,0,25,26,0,51,18,0,18,69
12/31/2019,INT,NC,ASO,ES,Federal Contract Tower,1,5,4,1,11,0,11,43,0,54,1,16,47,1,65,28,0,28,93
01/01/2020,INT,NC,ASO,ES,Federal Contract Tower,0,5,2,0,7,0,4,32,0,36,0,9,34,0,43,26,0,26,69
01/02/2020,INT,NC,ASO,ES,Federal Contract Tower,0,17,17,0,34,0,4,36,0,40,0,21,53,0,74,20,0,20,94
01/03/2020,INT,NC,ASO,ES,Federal Contract Tower,0,8,4,0,12,0,0,2,0,2,0,8,6,0,14,0,0,0,14
01/04/2020,INT,NC,ASO,ES,Federal Contract Tower,0,7,9,0,16,0,0,6,0,6,0,7,15,0,22,0,0,0,22
01/05/2020,INT,NC,ASO,ES,Federal Contract Tower,0,13,9,0,22,0,30,58,0,88,0,43,67,0,110,100,0,100,210
01/06/2020,INT,NC,ASO,ES,Federal Contract Tower,1,22,14,0,37,0,13,54,0,67,1,35,68,0,104,104,0,104,208
01/07/2020,INT,NC,ASO,ES,Federal Contract Tower,2,28,8,0,38,0,2,17,0,19,2,30,25,0,57,6,0,6,63
01/08/2020,INT,NC,ASO,ES,Federal Contract Tower,0,12,21,0,33,0,0,33,0,33,0,12,54,0,66,22,0,22,88
01/09/2020,INT,NC,ASO,ES,Federal Contract Tower,0,6,15,4,25,0,1,83,5,89,0,7,98,9,114,24,0,24,138
01/10/2020,INT,NC,ASO,ES,Federal Contract Tower,0,16,10,0,26,0,2,50,6,58,0,18,60,6,84,64,0,64,148
01/11/2020,INT,NC,ASO,ES,Federal Contract Tower,0,8,1,0,9,0,2,0,0,2,0,10,1,0,11,0,0,0,11
01/12/2020,INT,NC,ASO,ES,Federal Contract Tower,0,19,12,2,33,0,11,111,2,124,0,30,123,4,157,38,8,46,203
01/13/2020,INT,NC,ASO,ES,Federal Contract Tower,0,12,6,0,18,0,6,0,0,6,0,18,6,0,24,0,0,0,24
01/14/2020,INT,NC,ASO,ES,Federal Contract Tower,0,7,15,0,22,0,0,0,0,0,0,7,15,0,22,0,0,0,22
01/15/2020,INT,NC,ASO,ES,Federal Contract Tower,0,11,9,0,20,0,0,21,2,23,0,11,30,2,43,30,0,30,73
01/16/2020,INT,NC,ASO,ES,Federal Contract Tower,0,21,9,0,30,0,1,9,0,10,0,22,18,0,40,6,0,6,46
01/17/2020,INT,NC,ASO,ES,Federal Contract Tower,0,10,12,0,22,0,0,68,5,73,0,10,80,5,95,46,0,46,141
01/18/2020,INT,NC,ASO,ES,Federal Contract Tower,2,3,7,0,12,0,0,8,0,8,2,3,15,0,20,0,0,0,20
01/19/2020,INT,NC,ASO,ES,Federal Contract Tower,0,6,5,0,11,0,0,24,0,24,0,6,29,0,35,20,0,20,55
01/20/2020,INT,NC,ASO,ES,Federal Contract Tower,0,15,10,0,25,0,0,59,3,62,0,15,69,3,87,118,0,118,205
01/21/2020,INT,NC,ASO,ES,Federal Contract Tower,0,18,15,0,33,0,0,35,0,35,0,18,50,0,68,92,0,92,160
01/22/2020,INT,NC,ASO,ES,Federal Contract Tower,2,10,17,1,30,0,4,60,9,73,2,14,77,10,103,65,0,65,168
01/23/2020,INT,NC,ASO,ES,Federal Contract Tower,1,26,21,0,48,0,2,53,7,62,1,28,74,7,110,131,2,133,243
01/24/2020,INT,NC,ASO,ES,Federal Contract Tower,0,9,5,0,14,0,0,1,0,1,0,9,6,0,15,0,0,0,15
01/25/2020,INT,NC,ASO,ES,Federal Contract Tower,3,5,10,0,18,0,3,35,2,40,3,8,45,2,58,32,0,32,90
01/26/2020,INT,NC,ASO,ES,Federal Contract Tower,0,8,16,0,24,0,5,36,1,42,0,13,52,1,66,14,0,14,80
01/27/2020,INT,NC,ASO,ES,Federal Contract Tower,0,20,8,0,28,0,1,39,4,44,0,21,47,4,72,76,0,76,148
01/28/2020,INT,NC,ASO,ES,Federal Contract Tower,0,20,17,1,38,0,13,46,8,67,0,33,63,9,105,62,6,68,173
01/29/2020,INT,NC,ASO,ES,Federal Contract Tower,0,33,12,1,46,0,1,66,1,68,0,34,78,2,114,56,0,56,170
01/30/2020,INT,NC,ASO,ES,Federal Contract Tower,0,33,13,0,46,0,0,41,5,46,0,33,54,5,92,30,0,30,122
01/31/2020,INT,NC,ASO,ES,Federal Contract Tower,2,28,15,0,45,0,2,21,2,25,2,30,36,2,70,38,0,38,108
02/01/2020,INT,NC,ASO,ES,Federal Contract Tower,0,12,8,0,20,0,1,22,6,29,0,13,30,6,49,53,0,53,102
02/02/2020,INT,NC,ASO,ES,Federal Contract Tower,0,7,9,0,16,0,0,23,0,23,0,7,32,0,39,0,0,0,39
02/03/2020,INT,NC,ASO,ES,Federal Contract Tower,0,14,12,0,26,0,0,55,7,62,0,14,67,7,88,136,0,136,224
02/04/2020,INT,NC,ASO,ES,Federal Contract Tower,0,7,16,0,23,0,0,46,3,49,0,7,62,3,72,146,0,146,218
02/05/2020,INT,NC,ASO,ES,Federal Contract Tower,2,16,2,0,20,0,0,0,0,0,2,16,2,0,20,0,0,0,20
02/06/2020,INT,NC,ASO,ES,Federal Contract Tower,0,12,2,0,14,0,0,0,0,0,0,12,2,0,14,0,0,0,14
02/07/2020,INT,NC,ASO,ES,Federal Contract Tower,0,23,5,0,28,0,12,0,0,12,0,35,5,0,40,0,0,0,40
02/08/2020,INT,NC,ASO,ES,Federal Contract Tower,0,11,4,0,15,0,0,50,0,50,0,11,54,0,65,96,0,96,161
02/09/2020,INT,NC,ASO,ES,Federal Contract Tower,0,23,8,2,33,0,8,74,1,83,0,31,82,3,116,170,0,170,286
02/10/2020,INT,NC,ASO,ES,Federal Contract Tower,0,6,9,0,15,0,1,19,1,21,0,7,28,1,36,38,0,38,74
02/11/2020,INT,NC,ASO,ES,Federal Contract Tower,0,13,17,0,30,0,0,3,0,3,0,13,20,0,33,12,0,12,45
02/12/2020,INT,NC,ASO,ES,Federal Contract Tower,0,24,16,2,42,0,0,14,0,14,0,24,30,2,56,50,0,50,106
02/13/2020,INT,NC,ASO,ES,Federal Contract Tower,0,25,10,0,35,0,0,0,2,2,0,25,10,2,37,0,0,0,37
02/14/2020,INT,NC,ASO,ES,Federal Contract Tower,1,23,14,0,38,0,2,49,0,51,1,25,63,0,89,28,0,28,117
02/15/2020,INT,NC,ASO,ES,Federal Contract Tower,0,4,23,0,27,0,7,51,2,60,0,11,74,2,87,54,0,54,141
02/16/2020,INT,NC,ASO,ES,Federal Contract Tower,2,14,13,0,29,0,0,0,0,0,2,14,13,0,29,48,0,48,77
02/17/2020,INT,NC,ASO,ES,Federal Contract Tower,0,18,27,1,46,0,0,46,7,53,0,18,73,8,99,84,0,84,183
02/18/2020,INT,NC,ASO,ES,Federal Contract Tower,1,13,18,0,32,0,13,0,0,13,1,26,18,0,45,124,0,124,169
02/19/2020,INT,NC,ASO,ES,Federal Contract Tower,0,19,20,2,41,0,0,26,0,26,0,19,46,2,67,116,0,116,183
02/20/2020,INT,NC,ASO,ES,Federal Contract Tower,0,23,7,0,30,0,5,13,0,18,0,28,20,0,48,30,0,30,78
02/21/2020,INT,NC,ASO,ES,Federal Contract Tower,0,36,25,0,61,0,5,38,2,45,0,41,63,2,106,66,0,66,172
02/23/2020,INT,NC,ASO,ES,Federal Contract Tower,0,18,9,0,27,0,10,60,0,70,0,28,69,0,97,132,0,132,229
02/24/2020,INT,NC,ASO,ES,Federal Contract Tower,1,33,7,0,41,0,8,21,0,29,1,41,28,0,70,136,0,136,206
02/25/2020,INT,NC,ASO,ES,Federal Contract Tower,0,25,7,0,32,0,0,7,0,7,0,25,14,0,39,0,0,0,39
02/26/2020,INT,NC,ASO,ES,Federal Contract Tower,0,19,20,0,39,0,0,30,0,30,0,19,50,0,69,78,0,78,147
02/27/2020,INT,NC,ASO,ES,Federal Contract Tower,0,33,13,0,46,0,0,33,3,36,0,33,46,3,82,66,12,78,160
02/28/2020,INT,NC,ASO,ES,Federal Contract Tower,1,23,26,0,50,0,4,51,6,61,1,27,77,6,111,93,0,93,204
03/01/2020,INT,NC,ASO,ES,Federal Contract Tower,0,13,25,0,38,0,1,63,0,64,0,14,88,0,102,65,0,65,167
03/02/2020,INT,NC,ASO,ES,Federal Contract Tower,0,14,15,0,29,0,5,22,0,27,0,19,37,0,56,91,0,91,147
03/03/2020,INT,NC,ASO,ES,Federal Contract Tower,0,20,17,0,37,0,0,23,0,23,0,20,40,0,60,56,0,56,116
03/04/2020,INT,NC,ASO,ES,Federal Contract Tower,1,35,10,2,48,0,0,50,0,50,1,35,60,2,98,50,0,50,148
03/05/2020,INT,NC,ASO,ES,Federal Contract Tower,1,34,7,0,42,0,4,29,0,33,1,38,36,0,75,46,0,46,121
03/06/2020,INT,NC,ASO,ES,Federal Contract Tower,0,32,11,0,43,0,14,10,0,24,0,46,21,0,67,10,0,10,77
03/07/2020,INT,NC,ASO,ES,Federal Contract Tower,0,10,2,0,12,0,18,90,0,108,0,28,92,0,120,82,0,82,202
03/08/2020,INT,NC,ASO,ES,Federal Contract Tower,0,11,5,0,16,0,17,64,0,81,0,28,69,0,97,78,0,78,175
03/09/2020,INT,NC,ASO,ES,Federal Contract Tower,0,19,10,0,29,0,12,58,5,75,0,31,68,5,104,38,0,38,142
03/10/2020,INT,NC,ASO,ES,Federal Contract Tower,0,21,4,0,25,0,1,10,0,11,0,22,14,0,36,0,0,0,36
03/11/2020,INT,NC,ASO,ES,Federal Contract Tower,0,12,15,0,27,0,12,46,3,61,0,24,61,3,88,58,0,58,146
03/12/2020,INT,NC,ASO,ES,Federal Contract Tower,0,15,16,1,32,0,1,74,1,76,0,16,90,2,108,98,0,98,206
03/13/2020,INT,NC,ASO,ES,Federal Contract Tower,0,18,12,0,30,0,0,35,0,35,0,18,47,0,65,56,0,56,121
03/14/2020,INT,NC,ASO,ES,Federal Contract Tower,0,15,19,1,35,0,0,66,1,67,0,15,85,2,102,44,0,44,146
03/15/2020,INT,NC,ASO,ES,Federal Contract Tower,1,15,6,0,22,0,0,39,0,39,1,15,45,0,61,32,0,32,93
03/16/2020,INT,NC,ASO,ES,Federal Contract Tower,0,17,14,1,32,0,1,22,0,23,0,18,36,1,55,85,0,85,140
03/17/2020,INT,NC,ASO,ES,Federal Contract Tower,0,3,7,0,10,0,0,4,0,4,0,3,11,0,14,16,0,16,30
03/18/2020,INT,NC,ASO,ES,Federal Contract Tower,0,11,17,0,28,0,0,39,0,39,0,11,56,0,67,83,0,83,150
03/19/2020,INT,NC,ASO,ES,Federal Contract Tower,0,6,12,0,18,0,0,13,0,13,0,6,25,0,31,18,0,18,49
03/20/2020,INT,NC,ASO,ES,Federal Contract Tower,0,0,7,0,7,0,7,38,0,45,0,7,45,0,52,0,0,0,52
03/21/2020,INT,NC,ASO,ES,Federal Contract Tower,0,9,7,1,17,0,20,59,0,79,0,29,66,1,96,97,0,97,193
03/22/2020,INT,NC,ASO,ES,Federal Contract Tower,0,10,10,0,20,0,4,46,0,50,0,14,56,0,70,33,0,33,103
03/23/2020,INT,NC,ASO,ES,Federal Contract Tower,0,1,0,0,1,0,0,0,0,0,0,1,0,0,1,0,0,0,1
03/24/2020,INT,NC,ASO,ES,Federal Contract Tower,0,6,3,0,9,0,0,4,0,4,0,6,7,0,13,48,0,48,61
03/25/2020,INT,NC,ASO,ES,Federal Contract Tower,0,2,7,0,9,0,0,35,0,35,0,2,42,0,44,18,0,18,62
03/26/2020,INT,NC,ASO,ES,Federal Contract Tower,0,21,15,1,37,0,1,57,1,59,0,22,72,2,96,84,0,84,180
03/27/2020,INT,NC,ASO,ES,Federal Contract Tower,0,1,22,0,23,0,6,37,0,43,0,7,59,0,66,58,0,58,124
03/28/2020,INT,NC,ASO,ES,Federal Contract Tower,0,1,13,0,14,0,0,46,0,46,0,1,59,0,60,24,0,24,84
03/29/2020,INT,NC,ASO,ES,Federal Contract Tower,1,1,4,0,6,0,0,20,0,20,1,1,24,0,26,0,0,0,26
03/30/2020,INT,NC,ASO,ES,Federal Contract Tower,0,0,7,0,7,0,0,28,0,28,0,0,35,0,35,10,0,10,45
03/31/2020,INT,NC,ASO,ES,Federal Contract Tower,0,5,3,0,8,0,0,15,0,15,0,5,18,0,23,77,0,77,100
04/01/2020,INT,NC,ASO,ES,Federal Contract Tower,2,2,5,0,9,0,0,34,0,34,2,2,39,0,43,64,0,64,107
04/02/2020,INT,NC,ASO,ES,Federal Contract Tower,0,6,5,0,11,0,0,27,0,27,0,6,32,0,38,42,0,42,80
04/03/2020,INT,NC,ASO,ES,Federal Contract Tower,2,6,7,0,15,0,2,32,0,34,2,8,39,0,49,22,0,22,71
04/04/2020,INT,NC,ASO,ES,Federal Contract Tower,0,3,6,0,9,0,12,71,0,83,0,15,77,0,92,62,0,62,154
04/05/2020,INT,NC,ASO,ES,Federal Contract Tower,0,4,0,0,4,0,2,47,0,49,0,6,47,0,53,60,0,60,113
04/06/2020,INT,NC,ASO,ES,Federal Contract Tower,0,2,10,0,12,0,9,41,0,50,0,11,51,0,62,8,0,8,70
04/07/2020,INT,NC,ASO,ES,Federal Contract Tower,0,3,0,0,3,0,3,27,0,30,0,6,27,0,33,22,0,22,55
04/08/2020,INT,NC,ASO,ES,Federal Contract Tower,0,1,11,0,12,0,0,50,2,52,0,1,61,2,64,72,0,72,136
04/09/2020,INT,NC,ASO,ES,Federal Contract Tower,0,5,4,0,9,0,0,10,0,10,0,5,14,0,19,16,0,16,35
04/10/2020,INT,NC,ASO,ES,Federal Contract Tower,0,3,3,0,6,0,0,1,0,1,0,3,4,0,7,0,0,0,7
04/11/2020,INT,NC,ASO,ES,Federal Contract Tower,0,0,7,0,7,0,1,104,0,105,0,1,111,0,112,92,0,92,204
04/12/2020,INT,NC,ASO,ES,Federal Contract Tower,0,0,2,0,2,0,0,0,0,0,0,0,2,0,2,0,0,0,2
04/13/2020,INT,NC,ASO,ES,Federal Contract Tower,0,6,2,0,8,0,0,0,0,0,0,6,2,0,8,0,0,0,8
04/14/2020,INT,NC,ASO,ES,Federal Contract Tower,0,2,9,2,13,0,0,35,0,35,0,2,44,2,48,50,0,50,98
04/15/2020,INT,NC,ASO,ES,Federal Contract Tower,0,5,8,0,13,0,0,12,5,17,0,5,20,5,30,14,0,14,44
04/16/2020,INT,NC,ASO,ES,Federal Contract Tower,0,1,16,3,20,0,1,33,0,34,0,2,49,3,54,40,22,62,116
04/17/2020,INT,NC,ASO,ES,Federal Contract Tower,0,3,5,0,8,0,0,23,0,23,0,3,28,0,31,30,0,30,61
04/18/2020,INT,NC,ASO,ES,Federal Contract Tower,0,0,6,0,6,0,0,17,0,17,0,0,23,0,23,18,0,18,41
04/19/2020,INT,NC,ASO,ES,Federal Contract Tower,0,3,12,0,15,0,3,66,0,69,0,6,78,0,84,70,0,70,154
04/20/2020,INT,NC,ASO,ES,Federal Contract Tower,0,0,8,0,8,0,0,13,0,13,0,0,21,0,21,24,0,24,45
04/21/2020,INT,NC,ASO,ES,Federal Contract Tower,0,1,5,0,6,0,5,19,0,24,0,6,24,0,30,20,0,20,50
04/22/2020,INT,NC,ASO,ES,Federal Contract Tower,0,6,9,0,15,0,3,62,0,65,0,9,71,0,80,94,0,94,174
04/23/2020,INT,NC,ASO,ES,Federal Contract Tower,0,7,0,0,7,0,0,0,0,0,0,7,0,0,7,0,0,0,7
04/24/2020,INT,NC,ASO,ES,Federal Contract Tower,0,4,3,0,7,0,0,20,0,20,0,4,23,0,27,18,0,18,45
04/25/2020,INT,NC,ASO,ES,Federal Contract Tower,0,1,15,0,16,0,0,23,0,23,0,1,38,0,39,54,0,54,93
04/26/2020,INT,NC,ASO,ES,Federal Contract Tower,0,1,8,0,9,0,0,4,0,4,0,1,12,0,13,18,0,18,31
04/27/2020,INT,NC,ASO,ES,Federal Contract Tower,2,4,3,0,9,0,8,20,0,28,2,12,23,0,37,38,0,38,75
04/28/2020,INT,NC,ASO,ES,Federal Contract Tower,2,3,11,0,16,0,4,55,0,59,2,7,66,0,75,58,0,58,133
04/29/2020,INT,NC,ASO,ES,Federal Contract Tower,2,11,9,0,22,0,3,5,0,8,2,14,14,0,30,0,0,0,30
04/30/2020,INT,NC,ASO,ES,Federal Contract Tower,2,3,17,0,22,0,1,12,0,13,2,4,29,0,35,36,0,36,71
05/01/2020,INT,NC,ASO,ES,Federal Contract Tower,2,6,8,0,16,0,8,25,0,33,2,14,33,0,49,54,0,54,103
05/02/2020,INT,NC,ASO,ES,Federal Contract Tower,0,7,6,0,13,0,10,93,0,103,0,17,99,0,116,78,0,78,194
05/03/2020,INT,NC,ASO,ES,Federal Contract Tower,0,5,5,0,10,0,2,47,0,49,0,7,52,0,59,18,0,18,77
05/04/2020,INT,NC,ASO,ES,Federal Contract Tower,0,7,4,0,11,0,7,33,0,40,0,14,37,0,51,28,0,28,79
05/05/2020,INT,NC,ASO,ES,Federal Contract Tower,0,12,4,0,16,0,0,0,0,0,0,12,4,0,16,8,0,8,24
05/06/2020,INT,NC,ASO,ES,Federal Contract Tower,2,9,10,0,21,0,0,33,0,33,2,9,43,0,54,14,0,14,68
05/07/2020,INT,NC,ASO,ES,Federal Contract Tower,1,6,18,0,25,0,0,47,0,47,1,6,65,0,72,58,0,58,130
05/08/2020,INT,NC,ASO,ES,Federal Contract Tower,1,10,9,0,20,0,0,20,0,20,1,10,29,0,40,34,0,34,74
05/09/2020,INT,NC,ASO,ES,Federal Contract Tower,0,13,4,0,17,0,0,42,0,42,0,13,46,0,59,44,0,44,103
05/10/2020,INT,NC,ASO,ES,Federal Contract Tower,0,2,5,0,7,0,0,23,2,25,0,2,28,2,32,8,0,8,40
05/11/2020,INT,NC,ASO,ES,Federal Contract Tower,1,4,13,0,18,0,1,9,0,10,1,5,22,0,28,0,0,0,28
05/12/2020,INT,NC,ASO,ES,Federal Contract Tower,1,4,8,0,13,0,0,52,0,52,1,4,60,0,65,54,0,54,119
05/13/2020,INT,NC,ASO,ES,Federal Contract Tower,0,8,17,0,25,0,1,55,0,56,0,9,72,0,81,62,0,62,143
05/14/2020,INT,NC,ASO,ES,Federal Contract Tower,0,6,15,0,21,3,26,0,0,29,3,32,15,0,50,30,0,30,80
05/15/2020,INT,NC,ASO,ES,Federal Contract Tower,0,8,12,0,20,0,24,50,3,77,0,32,62,3,97,27,4,31,128
05/16/2020,INT,NC,ASO,ES,Federal Contract Tower,0,2,10,0,12,0,7,45,0,52,0,9,55,0,64,120,0,120,184
05/17/2020,INT,NC,ASO,ES,Federal Contract Tower,0,5,7,0,12,0,4,34,1,39,0,9,41,1,51,57,0,57,108
05/18/2020,INT,NC,ASO,ES,Federal Contract Tower,0,14,6,0,20,0,4,0,0,4,0,18,6,0,24,2,0,2,26
05/19/2020,INT,NC,ASO,ES,Federal Contract Tower,0,10,2,0,12,0,0,0,0,0,0,10,2,0,12,0,0,0,12
05/20/2020,INT,NC,ASO,ES,Federal Contract Tower,0,15,3,0,18,0,0,0,0,0,0,15,3,0,18,0,0,0,18
05/21/2020,INT,NC,ASO,ES,Federal Contract Tower,0,17,4,0,21,0,0,0,0,0,0,17,4,0,21,0,0,0,21
05/22/2020,INT,NC,ASO,ES,Federal Contract Tower,0,15,5,0,20,0,2,28,0,30,0,17,33,0,50,38,0,38,88
05/23/2020,INT,NC,ASO,ES,Federal Contract Tower,0,2,13,0,15,0,6,24,0,30,0,8,37,0,45,78,0,78,123
05/24/2020,INT,NC,ASO,ES,Federal Contract Tower,0,1,3,0,4,0,0,29,0,29,0,1,32,0,33,36,0,36,69
05/25/2020,INT,NC,ASO,ES,Federal Contract Tower,0,11,9,0,20,0,0,0,0,0,0,11,9,0,20,0,0,0,20
05/26/2020,INT,NC,ASO,ES,Federal Contract Tower,0,7,23,1,31,0,4,15,1,20,0,11,38,2,51,20,8,28,79
05/27/2020,INT,NC,ASO,ES,Federal Contract Tower,0,8,3,0,11,0,0,0,0,0,0,8,3,0,11,0,0,0,11
05/28/2020,INT,NC,ASO,ES,Federal Contract Tower,0,1,13,1,15,0,0,13,0,13,0,1,26,1,28,0,0,0,28
05/29/2020,INT,NC,ASO,ES,Federal Contract Tower,0,5,6,0,11,0,10,3,0,13,0,15,9,0,24,4,0,4,28
05/30/2020,INT,NC,ASO,ES,Federal Contract Tower,0,9,4,0,13,0,1,84,0,85,0,10,88,0,98,52,0,52,150
05/31/2020,INT,NC,ASO,ES,Federal Contract Tower,0,10,9,0,19,0,2,82,0,84,0,12,91,0,103,82,0,82,185
06/01/2020,INT,NC,ASO,ES,Federal Contract Tower,0,2,7,0,9,0,7,65,2,74,0,9,72,2,83,50,0,50,133
06/02/2020,INT,NC,ASO,ES,Federal Contract Tower,0,8,17,0,25,0,0,55,0,55,0,8,72,0,80,98,0,98,178
06/03/2020,INT,NC,ASO,ES,Federal Contract Tower,0,11,7,0,18,0,2,36,0,38,0,13,43,0,56,34,0,34,90
06/04/2020,INT,NC,ASO,ES,Federal Contract Tower,0,2,13,0,15,0,0,29,0,29,0,2,42,0,44,10,0,10,54
06/05/2020,INT,NC,ASO,ES,Federal Contract Tower,0,2,9,0,11,0,0,15,0,15,0,2,24,0,26,14,0,14,40
06/06/2020,INT,NC,ASO,ES,Federal Contract Tower,0,5,6,0,11,0,0,60,0,60,0,5,66,0,71,84,0,84,155
06/07/2020,INT,NC,ASO,ES,Federal Contract Tower,0,2,7,0,9,0,0,41,0,41,0,2,48,0,50,55,0,55,105
06/08/2020,INT,NC,ASO,ES,Federal Contract Tower,0,3,8,0,11,0,0,23,0,23,0,3,31,0,34,61,0,61,95
06/09/2020,INT,NC,ASO,ES,Federal Contract Tower,0,5,16,0,21,0,0,10,0,10,0,5,26,0,31,2,0,2,33
06/10/2020,INT,NC,ASO,ES,Federal Contract Tower,0,4,13,0,17,0,0,14,0,14,0,4,27,0,31,34,0,34,65
06/11/2020,INT,NC,ASO,ES,Federal Contract Tower,0,8,15,2,25,0,0,24,0,24,0,8,39,2,49,69,0,69,118
06/12/2020,INT,NC,ASO,ES,Federal Contract Tower,0,8,19,3,30,0,17,51,0,68,0,25,70,3,98,15,8,23,121
06/13/2020,INT,NC,ASO,ES,Federal Contract Tower,0,5,6,0,11,0,10,41,0,51,0,15,47,0,62,68,0,68,130
06/14/2020,INT,NC,ASO,ES,Federal Contract Tower,0,6,6,0,12,0,16,39,0,55,0,22,45,0,67,24,0,24,91
06/15/2020,INT,NC,ASO,ES,Federal Contract Tower,0,13,14,0,27,0,0,2,0,2,0,13,16,0,29,2,0,2,31
06/16/2020,INT,NC,ASO,ES,Federal Contract Tower,0,6,6,0,12,0,0,0,0,0,0,6,6,0,12,0,0,0,12
06/17/2020,INT,NC,ASO,ES,Federal Contract Tower,1,12,9,0,22,0,0,0,0,0,1,12,9,0,22,2,0,2,24
06/18/2020,INT,NC,ASO,ES,Federal Contract Tower,0,17,9,0,26,0,0,2,0,2,0,17,11,0,28,0,0,0,28
06/19/2020,INT,NC,ASO,ES,Federal Contract Tower,0,7,26,0,33,0,1,10,0,11,0,8,36,0,44,50,0,50,94
06/20/2020,INT,NC,ASO,ES,Federal Contract Tower,0,11,13,0,24,0,0,36,0,36,0,11,49,0,60,20,0,20,80
06/21/2020,INT,NC,ASO,ES,Federal Contract Tower,0,9,10,0,19,0,0,47,0,47,0,9,57,0,66,34,0,34,100
06/22/2020,INT,NC,ASO,ES,Federal Contract Tower,0,4,17,0,21,0,3,43,0,46,0,7,60,0,67,34,0,34,101
06/23/2020,INT,NC,ASO,ES,Federal Contract Tower,0,7,6,0,13,0,6,23,0,29,0,13,29,0,42,70,0,70,112
06/24/2020,INT,NC,ASO,ES,Federal Contract Tower,0,19,29,0,48,0,0,51,0,51,0,19,80,0,99,50,0,50,149
06/25/2020,INT,NC,ASO,ES,Federal Contract Tower,0,17,7,0,24,0,3,17,0,20,0,20,24,0,44,16,0,16,60
06/26/2020,INT,NC,ASO,ES,Federal Contract Tower,0,29,19,0,48,0,6,54,0,60,0,35,73,0,108,38,0,38,146
06/27/2020,INT,NC,ASO,ES,Federal Contract Tower,2,7,8,0,17,0,0,52,0,52,2,7,60,0,69,10,0,10,79
06/28/2020,INT,NC,ASO,ES,Federal Contract Tower,0,10,6,0,16,0,2,15,0,17,0,12,21,0,33,20,0,20,53
06/29/2020,INT,NC,ASO,ES,Federal Contract Tower,0,13,12,2,27,0,6,30,6,42,0,19,42,8,69,72,0,72,141
06/30/2020,INT,NC,ASO,ES,Federal Contract Tower,0,13,8,0,21,0,5,23,4,32,0,18,31,4,53,16,0,16,69
07/01/2020,INT,NC,ASO,ES,Federal Contract Tower,0,7,9,0,16,0,0,21,2,23,0,7,30,2,39,13,2,15,54
07/02/2020,INT,NC,ASO,ES,Federal Contract Tower,0,5,18,0,23,0,10,46,0,56,0,15,64,0,79,36,0,36,115
07/03/2020,INT,NC,ASO,ES,Federal Contract Tower,0,3,13,0,16,0,2,45,0,47,0,5,58,0,63,50,0,50,113
07/04/2020,INT,NC,ASO,ES,Federal Contract Tower,0,1,5,0,6,0,0,51,0,51,0,1,56,0,57,20,0,20,77
07/05/2020,INT,NC,ASO,ES,Federal Contract Tower,0,2,6,0,8,0,0,42,0,42,0,2,48,0,50,46,0,46,96
07/06/2020,INT,NC,ASO,ES,Federal Contract Tower,0,9,13,2,24,0,1,37,0,38,0,10,50,2,62,49,4,53,115
07/07/2020,INT,NC,ASO,ES,Federal Contract Tower,0,11,7,0,18,0,0,13,0,13,0,11,20,0,31,38,0,38,69
07/08/2020,INT,NC,ASO,ES,Federal Contract Tower,0,8,20,2,30,0,0,31,0,31,0,8,51,2,61,28,2,30,91
07/09/2020,INT,NC,ASO,ES,Federal Contract Tower,0,9,22,0,31,0,0,8,2,10,0,9,30,2,41,49,0,49,90
07/10/2020,INT,NC,ASO,ES,Federal Contract Tower,0,13,9,0,22,0,2,37,0,39,0,15,46,0,61,90,0,90,151
07/11/2020,INT,NC,ASO,ES,Federal Contract Tower,0,6,16,0,22,0,0,37,0,37,0,6,53,0,59,43,0,43,102
07/12/2020,INT,NC,ASO,ES,Federal Contract Tower,0,13,27,0,40,0,0,44,0,44,0,13,71,0,84,98,0,98,182
07/13/2020,INT,NC,ASO,ES,Federal Contract Tower,0,19,4,0,23,0,9,51,0,60,0,28,55,0,83,86,0,86,169
07/14/2020,INT,NC,ASO,ES,Federal Contract Tower,0,13,12,0,25,0,20,56,1,77,0,33,68,1,102,70,0,70,172
07/15/2020,INT,NC,ASO,ES,Federal Contract Tower,0,3,3,0,6,0,0,48,0,48,0,3,51,0,54,32,0,32,86
07/16/2020,INT,NC,ASO,ES,Federal Contract Tower,0,12,9,0,21,0,0,18,0,18,0,12,27,0,39,34,0,34,73
07/17/2020,INT,NC,ASO,ES,Federal Contract Tower,0,17,7,0,24,0,0,40,2,42,0,17,47,2,66,10,0,10,76
07/18/2020,INT,NC,ASO,ES,Federal Contract Tower,0,5,11,0,16,0,0,28,3,31,0,5,39,3,47,100,2,102,149
07/19/2020,INT,NC,ASO,ES,Federal Contract Tower,0,5,14,0,19,0,2,40,0,42,0,7,54,0,61,54,0,54,115
07/20/2020,INT,NC,ASO,ES,Federal Contract Tower,1,2,12,1,16,0,2,37,1,40,1,4,49,2,56,97,0,97,153
07/21/2020,INT,NC,ASO,ES,Federal Contract Tower,0,11,21,0,32,0,0,47,0,47,0,11,68,0,79,74,0,74,153
07/22/2020,INT,NC,ASO,ES,Federal Contract Tower,0,10,19,0,29,0,0,35,0,35,0,10,54,0,64,22,0,22,86
07/23/2020,INT,NC,ASO,ES,Federal Contract Tower,1,5,5,0,11,0,1,29,0,30,1,6,34,0,41,48,0,48,89
07/24/2020,INT,NC,ASO,ES,Federal Contract Tower,0,12,7,0,19,0,3,17,0,20,0,15,24,0,39,18,0,18,57
07/25/2020,INT,NC,ASO,ES,Federal Contract Tower,0,1,8,0,9,0,10,52,0,62,0,11,60,0,71,52,0,52,123
07/26/2020,INT,NC,ASO,ES,Federal Contract Tower,0,13,4,0,17,0,23,39,0,62,0,36,43,0,79,22,0,22,101
07/27/2020,INT,NC,ASO,ES,Federal Contract Tower,0,4,2,0,6,0,17,41,0,58,0,21,43,0,64,92,0,92,156
07/28/2020,INT,NC,ASO,ES,Federal Contract Tower,0,12,3,0,15,0,0,45,0,45,0,12,48,0,60,84,0,84,144
07/29/2020,INT,NC,ASO,ES,Federal Contract Tower,0,13,8,0,21,0,0,45,2,47,0,13,53,2,68,62,0,62,130
07/30/2020,INT,NC,ASO,ES,Federal Contract Tower,0,16,14,0,30,0,5,44,4,53,0,21,58,4,83,24,0,24,107
07/31/2020,INT,NC,ASO,ES,Federal Contract Tower,0,5,14,0,19,0,0,32,1,33,0,5,46,1,52,24,0,24,76
08/01/2020,INT,NC,ASO,ES,Federal Contract Tower,0,7,15,0,22,0,0,28,3,31,0,7,43,3,53,66,4,70,123
08/02/2020,INT,NC,ASO,ES,Federal Contract Tower,1,10,9,0,20,0,0,15,0,15,1,10,24,0,35,27,0,27,62
08/03/2020,INT,NC,ASO,ES,Federal Contract Tower,0,3,11,0,14,0,0,4,0,4,0,3,15,0,18,35,0,35,53
08/04/2020,INT,NC,ASO,ES,Federal Contract Tower,0,5,7,0,12,0,2,54,0,56,0,7,61,0,68,119,0,119,187
08/05/2020,INT,NC,ASO,ES,Federal Contract Tower,0,7,17,0,24,0,0,35,2,37,0,7,52,2,61,45,0,45,106
08/06/2020,INT,NC,ASO,ES,Federal Contract Tower,0,6,23,4,33,0,1,11,0,12,0,7,34,4,45,28,0,28,73
08/07/2020,INT,NC,ASO,ES,Federal Contract Tower,0,9,10,0,19,0,15,38,0,53,0,24,48,0,72,80,0,80,152
08/08/2020,INT,NC,ASO,ES,Federal Contract Tower,0,2,21,0,23,0,6,34,2,42,0,8,55,2,65,99,0,99,164
08/09/2020,INT,NC,ASO,ES,Federal Contract Tower,0,10,12,0,22,0,12,41,5,58,0,22,53,5,80,48,0,48,128
08/10/2020,INT,NC,ASO,ES,Federal Contract Tower,0,11,5,1,17,0,16,55,5,76,0,27,60,6,93,60,0,60,153
08/11/2020,INT,NC,ASO,ES,Federal Contract Tower,0,8,13,0,21,0,0,54,0,54,0,8,67,0,75,98,0,98,173
08/12/2020,INT,NC,ASO,ES,Federal Contract Tower,0,5,7,1,13,0,0,43,1,44,0,5,50,2,57,66,0,66,123
08/13/2020,INT,NC,ASO,ES,Federal Contract Tower,0,9,17,1,27,0,3,10,0,13,0,12,27,1,40,12,0,12,52
08/14/2020,INT,NC,ASO,ES,Federal Contract Tower,0,2,19,0,21,0,0,1,2,3,0,2,20,2,24,10,0,10,34
08/15/2020,INT,NC,ASO,ES,Federal Contract Tower,0,8,10,0,18,0,0,0,0,0,0,8,10,0,18,0,0,0,18
08/16/2020,INT,NC,ASO,ES,Federal Contract Tower,0,11,9,0,20,0,0,13,0,13,0,11,22,0,33,48,0,48,81
08/17/2020,INT,NC,ASO,ES,Federal Contract Tower,0,12,9,0,21,0,2,23,0,25,0,14,32,0,46,88,0,88,134
08/18/2020,INT,NC,ASO,ES,Federal Contract Tower,0,29,22,0,51,0,1,52,0,53,0,30,74,0,104,82,0,82,186
08/19/2020,INT,NC,ASO,ES,Federal Contract Tower,2,19,22,2,45,0,0,36,0,36,2,19,58,2,81,54,0,54,135
08/20/2020,INT,NC,ASO,ES,Federal Contract Tower,0,29,14,0,43,0,1,10,0,11,0,30,24,0,54,38,0,38,92
08/21/2020,INT,NC,ASO,ES,Federal Contract Tower,0,14,6,0,20,0,8,14,0,22,0,22,20,0,42,32,0,32,74
08/22/2020,INT,NC,ASO,ES,Federal Contract Tower,0,9,11,0,20,0,2,34,0,36,0,11,45,0,56,48,0,48,104
08/23/2020,INT,NC,ASO,ES,Federal Contract Tower,0,24,6,0,30,0,7,47,1,55,0,31,53,1,85,68,0,68,153
08/24/2020,INT,NC,ASO,ES,Federal Contract Tower,0,11,9,0,20,0,8,35,5,48,0,19,44,5,68,62,6,68,136
08/25/2020,INT,NC,ASO,ES,Federal Contract Tower,0,8,15,0,23,0,5,42,1,48,0,13,57,1,71,56,0,56,127
08/26/2020,INT,NC,ASO,ES,Federal Contract Tower,0,20,19,0,39,0,2,51,0,53,0,22,70,0,92,50,0,50,142
08/27/2020,INT,NC,ASO,ES,Federal Contract Tower,0,15,23,0,38,0,0,69,1,70,0,15,92,1,108,48,0,48,156
08/28/2020,INT,NC,ASO,ES,Federal Contract Tower,0,5,8,1,14,0,0,31,0,31,0,5,39,1,45,42,0,42,87
08/29/2020,INT,NC,ASO,ES,Federal Contract Tower,0,1,11,0,12,0,0,4,0,4,0,1,15,0,16,10,0,10,26
08/30/2020,INT,NC,ASO,ES,Federal Contract Tower,2,8,13,0,23,0,2,59,0,61,2,10,72,0,84,48,0,48,132
08/31/2020,INT,NC,ASO,ES,Federal Contract Tower,0,1,14,0,15,0,0,0,0,0,0,1,14,0,15,2,0,2,17
09/01/2020,INT,NC,ASO,ES,Federal Contract Tower,0,11,15,0,26,0,5,9,0,14,0,16,24,0,40,30,0,30,70
09/02/2020,INT,NC,ASO,ES,Federal Contract Tower,0,13,16,0,29,0,0,47,0,47,0,13,63,0,76,74,0,74,150
09/03/2020,INT,NC,ASO,ES,Federal Contract Tower,1,11,16,4,32,0,0,52,5,57,1,11,68,9,89,52,0,52,141
09/04/2020,INT,NC,ASO,ES,Federal Contract Tower,0,10,14,1,25,0,13,51,5,69,0,23,65,6,94,70,0,70,164
09/05/2020,INT,NC,ASO,ES,Federal Contract Tower,0,4,5,0,9,0,25,90,1,116,0,29,95,1,125,46,0,46,171
09/06/2020,INT,NC,ASO,ES,Federal Contract Tower,0,4,11,2,17,0,26,41,2,69,0,30,52,4,86,31,0,31,117
09/07/2020,INT,NC,ASO,ES,Federal Contract Tower,0,11,7,4,22,0,4,46,3,53,0,15,53,7,75,8,0,8,83
09/08/2020,INT,NC,ASO,ES,Federal Contract Tower,2,17,8,0,27,0,6,16,2,24,2,23,24,2,51,8,0,8,59
09/09/2020,INT,NC,ASO,ES,Federal Contract Tower,1,4,17,4,26,0,0,3,0,3,1,4,20,4,29,14,0,14,43
09/10/2020,INT,NC,ASO,ES,Federal Contract Tower,3,15,18,0,36,0,0,39,0,39,3,15,57,0,75,24,0,24,99
09/11/2020,INT,NC,ASO,ES,Federal Contract Tower,0,12,15,0,27,0,0,53,2,55,0,12,68,2,82,81,0,81,163
09/12/2020,INT,NC,ASO,ES,Federal Contract Tower,0,11,21,0,32,0,0,2,0,2,0,11,23,0,34,0,0,0,34
09/13/2020,INT,NC,ASO,ES,Federal Contract Tower,0,4,10,0,14,0,0,44,2,46,0,4,54,2,60,86,0,86,146
09/14/2020,INT,NC,ASO,ES,Federal Contract Tower,1,8,12,0,21,0,0,28,7,35,1,8,40,7,56,92,0,92,148
09/15/2020,INT,NC,ASO,ES,Federal Contract Tower,1,10,14,2,27,0,1,63,4,68,1,11,77,6,95,64,0,64,159
09/16/2020,INT,NC,ASO,ES,Federal Contract Tower,1,15,11,0,27,0,0,57,0,57,1,15,68,0,84,128,0,128,212
09/17/2020,INT,NC,ASO,ES,Federal Contract Tower,1,10,3,0,14,0,0,0,0,0,1,10,3,0,14,0,0,0,14
09/18/2020,INT,NC,ASO,ES,Federal Contract Tower,1,12,15,0,28,0,15,13,0,28,1,27,28,0,56,30,0,30,86
09/19/2020,INT,NC,ASO,ES,Federal Contract Tower,0,11,5,0,16,0,13,53,0,66,0,24,58,0,82,46,0,46,128
09/20/2020,INT,NC,ASO,ES,Federal Contract Tower,0,15,10,0,25,0,7,54,0,61,0,22,64,0,86,24,0,24,110
09/21/2020,INT,NC,ASO,ES,Federal Contract Tower,1,17,7,0,25,0,10,53,2,65,1,27,60,2,90,44,0,44,134
09/22/2020,INT,NC,ASO,ES,Federal Contract Tower,2,9,5,0,16,0,3,40,5,48,2,12,45,5,64,102,0,102,166
09/23/2020,INT,NC,ASO,ES,Federal Contract Tower,3,9,10,0,22,0,1,67,0,68,3,10,77,0,90,64,0,64,154
09/24/2020,INT,NC,ASO,ES,Federal Contract Tower,1,15,16,1,33,0,0,50,0,50,1,15,66,1,83,120,0,120,203
09/25/2020,INT,NC,ASO,ES,Federal Contract Tower,1,6,14,0,21,0,0,0,0,0,1,6,14,0,21,0,0,0,21
09/26/2020,INT,NC,ASO,ES,Federal Contract Tower,3,4,12,0,19,0,0,5,0,5,3,4,17,0,24,19,0,19,43
09/27/2020,INT,NC,ASO,ES,Federal Contract Tower,0,7,12,0,19,0,0,20,0,20,0,7,32,0,39,69,0,69,108
09/28/2020,INT,NC,ASO,ES,Federal Contract Tower,1,8,12,0,21,0,0,6,0,6,1,8,18,0,27,78,0,78,105
09/30/2020,INT,NC,ASO,ES,Federal Contract Tower,2,8,12,0,22,0,1,41,0,42,2,9,53,0,64,109,0,109,173
10/01/2020,INT,NC,ASO,ES,Federal Contract Tower,0,14,20,0,34,0,2,75,0,77,0,16,95,0,111,23,0,23,134
10/02/2020,INT,NC,ASO,ES,Federal Contract Tower,0,12,13,0,25,0,11,69,0,80,0,23,82,0,105,42,0,42,147
10/03/2020,INT,NC,ASO,ES,Federal Contract Tower,0,13,11,0,24,0,22,69,2,93,0,35,80,2,117,62,0,62,179
10/04/2020,INT,NC,ASO,ES,Federal Contract Tower,1,21,19,0,41,0,3,68,0,71,1,24,87,0,112,46,0,46,158
10/05/2020,INT,NC,ASO,ES,Federal Contract Tower,0,16,4,0,20,0,8,45,0,53,0,24,49,0,73,102,0,102,175
10/06/2020,INT,NC,ASO,ES,Federal Contract Tower,0,8,1,0,9,0,16,50,1,67,0,24,51,1,76,48,0,48,124
10/07/2020,INT,NC,ASO,ES,Federal Contract Tower,0,9,10,0,19,0,4,53,0,57,0,13,63,0,76,40,0,40,116
10/08/2020,INT,NC,ASO,ES,Federal Contract Tower,0,21,11,0,32,0,6,71,0,77,0,27,82,0,109,44,0,44,153
10/09/2020,INT,NC,ASO,ES,Federal Contract Tower,0,16,19,0,35,0,7,57,0,64,0,23,76,0,99,96,0,96,195
10/10/2020,INT,NC,ASO,ES,Federal Contract Tower,2,8,15,0,25,0,0,0,0,0,2,8,15,0,25,0,0,0,25
10/11/2020,INT,NC,ASO,ES,Federal Contract Tower,0,15,5,0,20,0,0,0,0,0,0,15,5,0,20,0,0,0,20
10/12/2020,INT,NC,ASO,ES,Federal Contract Tower,0,9,3,0,12,0,0,0,0,0,0,9,3,0,12,0,0,0,12
10/13/2020,INT,NC,ASO,ES,Federal Contract Tower,0,11,24,0,35,0,0,49,0,49,0,11,73,0,84,90,0,90,174
10/14/2020,INT,NC,ASO,ES,Federal Contract Tower,0,12,5,0,17,0,4,50,2,56,0,16,55,2,73,46,0,46,119
10/15/2020,INT,NC,ASO,ES,Federal Contract Tower,0,19,11,0,30,0,0,13,0,13,0,19,24,0,43,2,0,2,45
10/16/2020,INT,NC,ASO,ES,Federal Contract Tower,0,14,14,0,28,0,6,41,0,47,0,20,55,0,75,77,0,77,152
10/17/2020,INT,NC,ASO,ES,Federal Contract Tower,0,14,11,0,25,0,9,54,0,63,0,23,65,0,88,16,0,16,104
10/18/2020,INT,NC,ASO,ES,Federal Contract Tower,0,30,8,0,38,0,11,72,2,85,0,41,80,2,123,54,0,54,177
10/19/2020,INT,NC,ASO,ES,Federal Contract Tower,0,10,7,0,17,0,8,58,4,70,0,18,65,4,87,108,0,108,195
10/20/2020,INT,NC,ASO,ES,Federal Contract Tower,0,8,15,0,23,0,5,52,0,57,0,13,67,0,80,78,0,78,158
10/21/2020,INT,NC,ASO,ES,Federal Contract Tower,0,17,18,0,35,0,0,38,0,38,0,17,56,0,73,104,0,104,177
10/22/2020,INT,NC,ASO,ES,Federal Contract Tower,0,19,6,0,25,0,6,59,2,67,0,25,65,2,92,70,0,70,162
10/23/2020,INT,NC,ASO,ES,Federal Contract Tower,0,15,15,0,30,0,0,76,0,76,0,15,91,0,106,131,0,131,237
10/24/2020,INT,NC,ASO,ES,Federal Contract Tower,3,9,13,0,25,0,0,69,0,69,3,9,82,0,94,10,0,10,104
10/26/2020,INT,NC,ASO,ES,Federal Contract Tower,0,10,16,0,26,0,7,6,2,15,0,17,22,2,41,52,0,52,93
10/27/2020,INT,NC,ASO,ES,Federal Contract Tower,0,10,11,0,21,0,0,23,0,23,0,10,34,0,44,40,0,40,84
10/28/2020,INT,NC,ASO,ES,Federal Contract Tower,0,12,18,0,30,0,0,0,0,0,0,12,18,0,30,2,0,2,32
10/29/2020,INT,NC,ASO,ES,Federal Contract Tower,2,7,8,0,17,0,0,0,0,0,2,7,8,0,17,0,0,0,17
10/30/2020,INT,NC,ASO,ES,Federal Contract Tower,2,2,4,2,10,0,0,23,0,23,2,2,27,2,33,30,6,36,69
10/31/2020,INT,NC,ASO,ES,Federal Contract Tower,1,3,14,0,18,0,0,49,0,49,1,3,63,0,67,33,0,33,100
11/01/2020,INT,NC,ASO,ES,Federal Contract Tower,0,16,5,0,21,0,19,14,0,33,0,35,19,0,54,20,0,20,74
11/02/2020,INT,NC,ASO,ES,Federal Contract Tower,0,10,1,0,11,0,10,37,2,49,0,20,38,2,60,54,4,58,118
11/03/2020,INT,NC,ASO,ES,Federal Contract Tower,0,6,2,0,8,0,2,89,0,91,0,8,91,0,99,90,0,90,189
11/04/2020,INT,NC,ASO,ES,Federal Contract Tower,0,15,8,0,23,0,1,72,0,73,0,16,80,0,96,70,0,70,166
11/05/2020,INT,NC,ASO,ES,Federal Contract Tower,0,21,13,4,38,0,0,40,1,41,0,21,53,5,79,18,0,18,97
11/06/2020,INT,NC,ASO,ES,Federal Contract Tower,3,17,20,0,40,0,1,67,0,68,3,18,87,0,108,114,0,114,222
11/07/2020,INT,NC,ASO,ES,Federal Contract Tower,0,11,12,2,25,0,0,82,2,84,0,11,94,4,109,74,0,74,183
11/08/2020,INT,NC,ASO,ES,Federal Contract Tower,0,7,11,0,18,0,0,53,0,53,0,7,64,0,71,96,0,96,167
11/09/2020,INT,NC,ASO,ES,Federal Contract Tower,0,7,17,0,24,0,4,27,1,32,0,11,44,1,56,130,0,130,186
11/10/2020,INT,NC,ASO,ES,Federal Contract Tower,0,5,15,0,20,0,0,18,2,20,0,5,33,2,40,94,0,94,134
11/11/2020,INT,NC,ASO,ES,Federal Contract Tower,0,4,0,0,4,0,0,0,0,0,0,4,0,0,4,0,0,0,4
11/12/2020,INT,NC,ASO,ES,Federal Contract Tower,0,10,4,0,14,0,0,0,0,0,0,10,4,0,14,0,0,0,14
11/13/2020,INT,NC,ASO,ES,Federal Contract Tower,0,9,18,0,27,0,11,74,2,87,0,20,92,2,114,70,0,70,184
11/14/2020,INT,NC,ASO,ES,Federal Contract Tower,2,16,14,0,32,0,11,78,0,89,2,27,92,0,121,146,0,146,267
11/15/2020,INT,NC,ASO,ES,Federal Contract Tower,0,12,6,0,18,0,0,4,0,4,0,12,10,0,22,2,0,2,24
11/16/2020,INT,NC,ASO,ES,Federal Contract Tower,0,20,4,0,24,0,5,73,0,78,0,25,77,0,102,54,0,54,156
11/17/2020,INT,NC,ASO,ES,Federal Contract Tower,1,17,7,0,25,0,11,30,0,41,1,28,37,0,66,18,0,18,84
11/18/2020,INT,NC,ASO,ES,Federal Contract Tower,0,10,10,0,20,0,1,50,0,51,0,11,60,0,71,64,0,64,135
11/19/2020,INT,NC,ASO,ES,Federal Contract Tower,2,14,18,0,34,0,2,91,0,93,2,16,109,0,127,60,0,60,187
11/20/2020,INT,NC,ASO,ES,Federal Contract Tower,1,15,14,1,31,0,0,71,2,73,1,15,85,3,104,82,0,82,186
11/21/2020,INT,NC,ASO,ES,Federal Contract Tower,2,12,17,0,31,0,0,115,0,115,2,12,132,0,146,95,0,95,241
11/22/2020,INT,NC,ASO,ES,Federal Contract Tower,0,13,14,0,27,0,0,38,0,38,0,13,52,0,65,116,0,116,181
11/23/2020,INT,NC,ASO,ES,Federal Contract Tower,1,13,5,0,19,0,0,32,0,32,1,13,37,0,51,20,0,20,71
11/24/2020,INT,NC,ASO,ES,Federal Contract Tower,0,24,9,0,33,0,4,58,0,62,0,28,67,0,95,112,0,112,207
11/25/2020,INT,NC,ASO,ES,Federal Contract Tower,0,17,14,2,33,0,0,35,0,35,0,17,49,2,68,44,0,44,112
11/26/2020,INT,NC,ASO,ES,Federal Contract Tower,0,1,7,0,8,0,0,0,0,0,0,1,7,0,8,0,0,0,8
11/27/2020,INT,NC,ASO,ES,Federal Contract Tower,0,15,10,0,25,0,2,15,0,17,0,17,25,0,42,98,0,98,140
11/28/2020,INT,NC,ASO,ES,Federal Contract Tower,0,9,15,0,24,0,3,43,0,46,0,12,58,0,70,52,0,52,122
11/29/2020,INT,NC,ASO,ES,Federal Contract Tower,0,20,15,0,35,0,8,52,0,60,0,28,67,0,95,110,0,110,205
11/30/2020,INT,NC,ASO,ES,Federal Contract Tower,0,14,3,0,17,0,1,0,0,1,0,15,3,0,18,18,0,18,36
12/01/2020,INT,NC,ASO,ES,Federal Contract Tower,1,13,19,2,35,0,4,33,0,37,1,17,52,2,72,32,2,34,106
12/02/2020,INT,NC,ASO,ES,Federal Contract Tower,0,13,17,1,31,0,3,51,0,54,0,16,68,1,85,38,0,38,123
12/03/2020,INT,NC,ASO,ES,Federal Contract Tower,0,5,24,0,29,0,0,58,0,58,0,5,82,0,87,130,0,130,217
12/04/2020,INT,NC,ASO,ES,Federal Contract Tower,0,14,8,0,22,0,2,14,0,16,0,16,22,0,38,20,0,20,58
12/05/2020,INT,NC,ASO,ES,Federal Contract Tower,0,2,3,0,5,0,0,8,0,8,0,2,11,0,13,0,0,0,13
12/06/2020,INT,NC,ASO,ES,Federal Contract Tower,0,7,22,1,30,0,0,42,0,42,0,7,64,1,72,52,0,52,124
12/07/2020,INT,NC,ASO,ES,Federal Contract Tower,2,3,2,0,7,0,0,8,0,8,2,3,10,0,15,108,0,108,123
12/08/2020,INT,NC,ASO,ES,Federal Contract Tower,0,4,10,1,15,0,0,69,0,69,0,4,79,1,84,38,0,38,122
12/09/2020,INT,NC,ASO,ES,Federal Contract Tower,0,15,12,1,28,0,2,74,3,79,0,17,86,4,107,70,0,70,177
12/10/2020,INT,NC,ASO,ES,Federal Contract Tower,0,6,33,4,43,0,0,44,0,44,0,6,77,4,87,136,0,136,223
12/11/2020,INT,NC,ASO,ES,Federal Contract Tower,0,10,21,0,31,0,7,43,0,50,0,17,64,0,81,80,0,80,161
12/12/2020,INT,NC,ASO,ES,Federal Contract Tower,1,13,7,0,21,0,12,42,0,54,1,25,49,0,75,40,0,40,115
12/13/2020,INT,NC,ASO,ES,Federal Contract Tower,2,10,8,0,20,0,3,57,3,63,2,13,65,3,83,74,0,74,157
12/14/2020,INT,NC,ASO,ES,Federal Contract Tower,0,9,0,0,9,0,2,2,0,4,0,11,2,0,13,14,0,14,27
12/15/2020,INT,NC,ASO,ES,Federal Contract Tower,0,12,14,2,28,0,2,39,0,41,0,14,53,2,69,98,0,98,167
12/16/2020,INT,NC,ASO,ES,Federal Contract Tower,0,4,2,0,6,0,0,0,0,0,0,4,2,0,6,0,0,0,6
12/17/2020,INT,NC,ASO,ES,Federal Contract Tower,0,5,14,0,19,0,0,18,0,18,0,5,32,0,37,84,0,84,121
12/18/2020,INT,NC,ASO,ES,Federal Contract Tower,1,8,12,1,22,0,0,39,1,40,1,8,51,2,62,106,0,106,168
12/19/2020,INT,NC,ASO,ES,Federal Contract Tower,0,4,10,0,14,0,0,43,3,46,0,4,53,3,60,52,0,52,112
12/20/2020,INT,NC,ASO,ES,Federal Contract Tower,0,9,4,0,13,0,0,0,0,0,0,9,4,0,13,0,0,0,13
12/21/2020,INT,NC,ASO,ES,Federal Contract Tower,0,6,10,0,16,0,8,29,0,37,0,14,39,0,53,42,0,42,95
12/22/2020,INT,NC,ASO,ES,Federal Contract Tower,0,10,13,0,23,0,0,30,0,30,0,10,43,0,53,50,0,50,103
12/23/2020,INT,NC,ASO,ES,Federal Contract Tower,2,11,14,0,27,0,2,32,1,35,2,13,46,1,62,42,0,42,104
12/24/2020,INT,NC,ASO,ES,Federal Contract Tower,0,0,1,0,1,0,0,0,0,0,0,0,1,0,1,0,0,0,1
12/25/2020,INT,NC,ASO,ES,Federal Contract Tower,0,0,0,0,0,0,0,2,0,2,0,0,2,0,2,5,0,5,7
12/26/2020,INT,NC,ASO,ES,Federal Contract Tower,0,4,8,0,12,0,23,24,0,47,0,27,32,0,59,0,0,0,59
12/27/2020,INT,NC,ASO,ES,Federal Contract Tower,0,4,5,0,9,0,4,61,0,65,0,8,66,0,74,48,0,48,122
12/28/2020,INT,NC,ASO,ES,Federal Contract Tower,0,11,1,0,12,0,0,44,0,44,0,11,45,0,56,58,0,58,114
12/29/2020,INT,NC,ASO,ES,Federal Contract Tower,0,11,10,0,21,0,5,41,0,46,0,16,51,0,67,56,0,56,123
12/30/2020,INT,NC,ASO,ES,Federal Contract Tower,0,2,1,0,3,0,0,19,2,21,0,2,20,2,24,88,0,88,112
12/31/2020,INT,NC,ASO,ES,Federal Contract Tower,0,4,2,0,6,0,0,0,0,0,0,4,2,0,6,0,0,0,6
01/01/2021,INT,NC,ASO,ES,Federal Contract Tower,0,2,2,0,4,0,0,0,0,0,0,2,2,0,4,0,0,0,4
01/02/2021,INT,NC,ASO,ES,Federal Contract Tower,1,5,1,0,7,0,0,0,0,0,1,5,1,0,7,0,0,0,7
01/03/2021,INT,NC,ASO,ES,Federal Contract Tower,2,9,11,0,22,0,0,0,0,0,2,9,11,0,22,0,0,0,22
01/04/2021,INT,NC,ASO,ES,Federal Contract Tower,1,5,12,0,18,0,0,36,2,38,1,5,48,2,56,102,0,102,158
01/05/2021,INT,NC,ASO,ES,Federal Contract Tower,1,1,8,0,10,0,0,48,4,52,1,1,56,4,62,146,0,146,208
01/06/2021,INT,NC,ASO,ES,Federal Contract Tower,1,7,8,1,17,0,0,55,1,56,1,7,63,2,73,74,10,84,157
01/07/2021,INT,NC,ASO,ES,Federal Contract Tower,0,13,5,2,20,0,0,30,5,35,0,13,35,7,55,39,0,39,94
01/08/2021,INT,NC,ASO,ES,Federal Contract Tower,0,3,1,0,4,0,0,0,0,0,0,3,1,0,4,0,0,0,4
01/09/2021,INT,NC,ASO,ES,Federal Contract Tower,1,14,8,0,23,0,8,75,0,83,1,22,83,0,106,30,0,30,136
01/10/2021,INT,NC,ASO,ES,Federal Contract Tower,1,9,9,0,19,1,8,69,0,78,2,17,78,0,97,72,0,72,169
01/11/2021,INT,NC,ASO,ES,Federal Contract Tower,0,8,1,0,9,0,4,30,0,34,0,12,31,0,43,26,0,26,69
01/12/2021,INT,NC,ASO,ES,Federal Contract Tower,2,4,10,0,16,0,5,42,0,47,2,9,52,0,63,130,0,130,193
01/13/2021,INT,NC,ASO,ES,Federal Contract Tower,1,13,23,0,37,0,0,44,0,44,1,13,67,0,81,42,0,42,123
01/14/2021,INT,NC,ASO,ES,Federal Contract Tower,1,8,13,2,24,0,2,39,2,43,1,10,52,4,67,42,0,42,109
01/15/2021,INT,NC,ASO,ES,Federal Contract Tower,0,11,11,0,22,0,0,7,0,7,0,11,18,0,29,16,0,16,45
01/16/2021,INT,NC,ASO,ES,Federal Contract Tower,0,8,4,0,12,0,0,18,0,18,0,8,22,0,30,14,0,14,44
01/17/2021,INT,NC,ASO,ES,Federal Contract Tower,0,7,9,0,16,0,2,47,0,49,0,9,56,0,65,47,0,47,112
01/18/2021,INT,NC,ASO,ES,Federal Contract Tower,0,4,9,1,14,0,0,44,2,46,0,4,53,3,60,74,0,74,134
01/19/2021,INT,NC,ASO,ES,Federal Contract Tower,0,7,6,0,13,0,0,56,0,56,0,7,62,0,69,26,0,26,95
01/20/2021,INT,NC,ASO,ES,Federal Contract Tower,0,12,11,0,23,0,1,34,4,39,0,13,45,4,62,54,0,54,116
01/21/2021,INT,NC,ASO,ES,Federal Contract Tower,0,1,17,0,18,0,0,35,0,35,0,1,52,0,53,42,0,42,95
01/22/2021,INT,NC,ASO,ES,Federal Contract Tower,1,8,14,0,23,0,9,56,0,65,1,17,70,0,88,57,0,57,145
01/23/2021,INT,NC,ASO,ES,Federal Contract Tower,2,4,13,0,19,0,0,39,0,39,2,4,52,0,58,85,0,85,143
01/24/2021,INT,NC,ASO,ES,Federal Contract Tower,2,10,15,0,27,0,6,55,1,62,2,16,70,1,89,59,4,63,152
01/25/2021,INT,NC,ASO,ES,Federal Contract Tower,0,12,5,0,17,0,2,0,0,2,0,14,5,0,19,0,0,0,19
01/26/2021,INT,NC,ASO,ES,Federal Contract Tower,0,15,8,0,23,0,0,0,0,0,0,15,8,0,23,0,0,0,23
01/27/2021,INT,NC,ASO,ES,Federal Contract Tower,2,11,13,0,26,0,2,36,0,38,2,13,49,0,64,28,0,28,92
01/28/2021,INT,NC,ASO,ES,Federal Contract Tower,1,14,7,0,22,0,2,29,0,31,1,16,36,0,53,20,0,20,73
01/29/2021,INT,NC,ASO,ES,Federal Contract Tower,1,10,12,0,23,0,5,57,0,62,1,15,69,0,85,62,0,62,147
01/30/2021,INT,NC,ASO,ES,Federal Contract Tower,3,9,9,0,21,0,0,90,0,90,3,9,99,0,111,62,0,62,173
01/31/2021,INT,NC,ASO,ES,Federal Contract Tower,0,3,4,0,7,0,0,0,0,0,0,3,4,0,7,0,0,0,7
02/01/2021,INT,NC,ASO,ES,Federal Contract Tower,5,5,9,0,19,0,1,1,0,2,5,6,10,0,21,48,0,48,69
02/02/2021,INT,NC,ASO,ES,Federal Contract Tower,0,4,4,0,8,0,0,10,0,10,0,4,14,0,18,0,0,0,18
02/03/2021,INT,NC,ASO,ES,Federal Contract Tower,0,17,8,0,25,0,1,44,0,45,0,18,52,0,70,16,0,16,86
02/04/2021,INT,NC,ASO,ES,Federal Contract Tower,0,13,18,0,31,0,3,66,0,69,0,16,84,0,100,108,0,108,208
02/05/2021,INT,NC,ASO,ES,Federal Contract Tower,2,17,2,2,23,0,14,54,2,70,2,31,56,4,93,38,10,48,141
02/06/2021,INT,NC,ASO,ES,Federal Contract Tower,1,13,9,0,23,0,4,65,0,69,1,17,74,0,92,54,0,54,146
02/07/2021,INT,NC,ASO,ES,Federal Contract Tower,0,4,1,0,5,0,6,36,0,42,0,10,37,0,47,44,0,44,91
02/08/2021,INT,NC,ASO,ES,Federal Contract Tower,0,9,9,1,19,0,8,52,1,61,0,17,61,2,80,88,0,88,168
02/09/2021,INT,NC,ASO,ES,Federal Contract Tower,3,8,22,2,35,0,0,18,2,20,3,8,40,4,55,40,0,40,95
02/10/2021,INT,NC,ASO,ES,Federal Contract Tower,0,16,13,0,29,0,4,15,0,19,0,20,28,0,48,56,0,56,104
02/11/2021,INT,NC,ASO,ES,Federal Contract Tower,0,10,3,0,13,0,0,0,0,0,0,10,3,0,13,0,0,0,13
02/12/2021,INT,NC,ASO,ES,Federal Contract Tower,0,11,7,0,18,0,0,0,0,0,0,11,7,0,18,0,0,0,18
02/13/2021,INT,NC,ASO,ES,Federal Contract Tower,0,4,0,0,4,0,0,0,0,0,0,4,0,0,4,0,0,0,4
02/14/2021,INT,NC,ASO,ES,Federal Contract Tower,1,16,8,0,25,0,0,0,0,0,1,16,8,0,25,0,0,0,25
02/15/2021,INT,NC,ASO,ES,Federal Contract Tower,1,7,2,0,10,0,0,0,0,0,1,7,2,0,10,0,0,0,10
02/16/2021,INT,NC,ASO,ES,Federal Contract Tower,0,8,9,1,18,0,0,15,5,20,0,8,24,6,38,24,0,24,62
02/17/2021,INT,NC,ASO,ES,Federal Contract Tower,0,3,15,2,20,0,0,50,2,52,0,3,65,4,72,46,0,46,118
02/18/2021,INT,NC,ASO,ES,Federal Contract Tower,0,1,3,0,4,0,0,0,0,0,0,1,3,0,4,0,0,0,4
02/19/2021,INT,NC,ASO,ES,Federal Contract Tower,2,9,11,0,22,0,1,16,0,17,2,10,27,0,39,63,0,63,102
02/20/2021,INT,NC,ASO,ES,Federal Contract Tower,2,4,27,0,33,0,2,61,0,63,2,6,88,0,96,83,0,83,179
02/21/2021,INT,NC,ASO,ES,Federal Contract Tower,0,12,16,0,28,0,13,56,0,69,0,25,72,0,97,62,0,62,159
02/22/2021,INT,NC,ASO,ES,Federal Contract Tower,4,4,1,0,9,0,0,8,0,8,4,4,9,0,17,14,0,14,31
02/23/2021,INT,NC,ASO,ES,Federal Contract Tower,0,18,23,2,43,0,8,30,0,38,0,26,53,2,81,70,0,70,151
02/24/2021,INT,NC,ASO,ES,Federal Contract Tower,2,22,24,0,48,0,0,43,0,43,2,22,67,0,91,34,0,34,125
02/25/2021,INT,NC,ASO,ES,Federal Contract Tower,0,21,20,0,41,0,0,88,0,88,0,21,108,0,129,140,0,140,269
02/26/2021,INT,NC,ASO,ES,Federal Contract Tower,2,18,5,0,25,0,1,14,2,17,2,19,19,2,42,4,0,4,46
02/27/2021,INT,NC,ASO,ES,Federal Contract Tower,0,9,6,0,15,0,0,1,0,1,0,9,7,0,16,0,0,0,16
02/28/2021,INT,NC,ASO,ES,Federal Contract Tower,0,9,21,0,30,0,0,2,0,2,0,9,23,0,32,0,0,0,32
03/01/2021,INT,NC,ASO,ES,Federal Contract Tower,0,5,10,0,15,0,2,15,0,17,0,7,25,0,32,10,0,10,42
03/02/2021,INT,NC,ASO,ES,Federal Contract Tower,0,18,17,0,35,0,2,55,0,57,0,20,72,0,92,60,0,60,152
03/03/2021,INT,NC,ASO,ES,Federal Contract Tower,1,23,9,0,33,0,1,62,0,63,1,24,71,0,96,52,0,52,148
03/04/2021,INT,NC,ASO,ES,Federal Contract Tower,1,15,8,0,24,0,0,41,2,43,1,15,49,2,67,18,0,18,85
03/05/2021,INT,NC,ASO,ES,Federal Contract Tower,0,17,17,0,34,0,11,60,0,71,0,28,77,0,105,37,0,37,142
03/06/2021,INT,NC,ASO,ES,Federal Contract Tower,0,7,4,0,11,0,14,61,0,75,0,21,65,0,86,64,0,64,150
03/07/2021,INT,NC,ASO,ES,Federal Contract Tower,0,19,10,1,30,0,13,60,2,75,0,32,70,3,105,46,4,50,155
03/08/2021,INT,NC,ASO,ES,Federal Contract Tower,0,14,9,0,23,0,8,41,0,49,0,22,50,0,72,73,0,73,145
03/09/2021,INT,NC,ASO,ES,Federal Contract Tower,2,8,14,4,28,0,0,42,3,45,2,8,56,7,73,64,10,74,147
03/10/2021,INT,NC,ASO,ES,Federal Contract Tower,0,19,12,0,31,0,8,68,0,76,0,27,80,0,107,94,0,94,201
03/11/2021,INT,NC,ASO,ES,Federal Contract Tower,0,9,10,0,19,0,1,44,3,48,0,10,54,3,67,34,0,34,101
03/12/2021,INT,NC,ASO,ES,Federal Contract Tower,0,13,20,0,33,0,0,44,2,46,0,13,64,2,79,74,0,74,153
03/13/2021,INT,NC,ASO,ES,Federal Contract Tower,1,10,11,0,22,0,0,84,0,84,1,10,95,0,106,62,0,62,168
03/14/2021,INT,NC,ASO,ES,Federal Contract Tower,0,10,5,0,15,0,2,43,0,45,0,12,48,0,60,98,0,98,158
03/15/2021,INT,NC,ASO,ES,Federal Contract Tower,3,12,2,0,17,0,2,21,0,23,3,14,23,0,40,87,0,87,127
03/16/2021,INT,NC,ASO,ES,Federal Contract Tower,1,1,13,0,15,0,0,1,0,1,1,1,14,0,16,0,0,0,16
03/17/2021,INT,NC,ASO,ES,Federal Contract Tower,0,15,15,0,30,0,3,3,0,6,0,18,18,0,36,10,0,10,46
03/18/2021,INT,NC,ASO,ES,Federal Contract Tower,0,1,10,0,11,0,0,0,0,0,0,1,10,0,11,0,0,0,11
03/19/2021,INT,NC,ASO,ES,Federal Contract Tower,2,16,11,0,29,0,0,5,0,5,2,16,16,0,34,2,0,2,36
03/20/2021,INT,NC,ASO,ES,Federal Contract Tower,0,8,17,1,26,0,13,25,1,39,0,21,42,2,65,20,0,20,85
03/21/2021,INT,NC,ASO,ES,Federal Contract Tower,0,3,19,0,22,0,5,44,2,51,0,8,63,2,73,44,0,44,117
03/22/2021,INT,NC,ASO,ES,Federal Contract Tower,0,11,12,0,23,0,9,44,2,55,0,20,56,2,78,70,0,70,148
03/23/2021,INT,NC,ASO,ES,Federal Contract Tower,0,9,13,2,24,0,0,4,0,4,0,9,17,2,28,110,0,110,138
03/24/2021,INT,NC,ASO,ES,Federal Contract Tower,0,12,12,0,24,0,1,12,0,13,0,13,24,0,37,22,0,22,59
03/25/2021,INT,NC,ASO,ES,Federal Contract Tower,0,9,23,0,32,0,0,1,3,4,0,9,24,3,36,39,0,39,75
03/26/2021,INT,NC,ASO,ES,Federal Contract Tower,1,11,25,0,37,0,1,46,0,47,1,12,71,0,84,98,0,98,182
03/27/2021,INT,NC,ASO,ES,Federal Contract Tower,0,9,12,0,21,0,0,37,0,37,0,9,49,0,58,44,0,44,102
03/28/2021,INT,NC,ASO,ES,Federal Contract Tower,0,4,9,0,13,0,0,1,0,1,0,4,10,0,14,0,0,0,14
03/29/2021,INT,NC,ASO,ES,Federal Contract Tower,0,6,24,0,30,0,2,75,2,79,0,8,99,2,109,82,0,82,191
03/30/2021,INT,NC,ASO,ES,Federal Contract Tower,0,5,21,0,26,0,2,64,2,68,0,7,85,2,94,84,0,84,178
03/31/2021,INT,NC,ASO,ES,Federal Contract Tower,0,12,9,0,21,0,0,0,0,0,0,12,9,0,21,0,0,0,21
04/01/2021,INT,NC,ASO,ES,Federal Contract Tower,0,13,16,0,29,0,0,33,1,34,0,13,49,1,63,86,0,86,149
04/02/2021,INT,NC,ASO,ES,Federal Contract Tower,0,29,8,1,38,0,1,48,5,54,0,30,56,6,92,82,0,82,174
04/03/2021,INT,NC,ASO,ES,Federal Contract Tower,0,15,6,0,21,0,9,52,0,61,0,24,58,0,82,38,0,38,120
04/04/2021,INT,NC,ASO,ES,Federal Contract Tower,0,10,7,0,17,0,14,19,1,34,0,24,26,1,51,4,0,4,55
04/05/2021,INT,NC,ASO,ES,Federal Contract Tower,0,22,9,0,31,0,3,46,0,49,0,25,55,0,80,83,0,83,163
04/06/2021,INT,NC,ASO,ES,Federal Contract Tower,0,29,15,0,44,0,5,63,0,68,0,34,78,0,112,74,0,74,186
04/07/2021,INT,NC,ASO,ES,Federal Contract Tower,2,13,19,0,34,0,7,89,0,96,2,20,108,0,130,78,2,80,210
04/08/2021,INT,NC,ASO,ES,Federal Contract Tower,0,17,10,0,27,0,4,68,0,72,0,21,78,0,99,204,0,204,303
04/09/2021,INT,NC,ASO,ES,Federal Contract Tower,0,27,10,0,37,0,13,64,0,77,0,40,74,0,114,88,0,88,202
04/10/2021,INT,NC,ASO,ES,Federal Contract Tower,2,8,14,0,24,0,0,5,0,5,2,8,19,0,29,86,0,86,115
04/11/2021,INT,NC,ASO,ES,Federal Contract Tower,0,11,18,0,29,0,0,8,0,8,0,11,26,0,37,48,0,48,85
04/12/2021,INT,NC,ASO,ES,Federal Contract Tower,0,11,21,0,32,0,1,36,0,37,0,12,57,0,69,78,0,78,147
04/13/2021,INT,NC,ASO,ES,Federal Contract Tower,4,7,13,0,24,0,3,50,0,53,4,10,63,0,77,126,0,126,203
04/14/2021,INT,NC,ASO,ES,Federal Contract Tower,0,7,20,0,27,0,0,50,0,50,0,7,70,0,77,49,0,49,126
04/15/2021,INT,NC,ASO,ES,Federal Contract Tower,0,12,16,0,28,0,2,24,0,26,0,14,40,0,54,86,0,86,140
04/16/2021,INT,NC,ASO,ES,Federal Contract Tower,0,15,15,0,30,0,5,55,1,61,0,20,70,1,91,73,0,73,164
04/17/2021,INT,NC,ASO,ES,Federal Contract Tower,0,1,11,0,12,0,0,46,0,46,0,1,57,0,58,106,0,106,164
04/18/2021,INT,NC,ASO,ES,Federal Contract Tower,0,17,10,0,27,0,2,81,5,88,0,19,91,5,115,96,0,96,211
04/19/2021,INT,NC,ASO,ES,Federal Contract Tower,1,6,8,0,15,0,3,49,0,52,1,9,57,0,67,110,0,110,177
04/20/2021,INT,NC,ASO,ES,Federal Contract Tower,0,5,35,2,42,0,1,37,0,38,0,6,72,2,80,58,0,58,138
04/21/2021,INT,NC,ASO,ES,Federal Contract Tower,1,15,16,0,32,0,0,18,0,18,1,15,34,0,50,20,0,20,70
04/22/2021,INT,NC,ASO,ES,Federal Contract Tower,0,20,11,0,31,0,10,34,0,44,0,30,45,0,75,40,0,40,115
04/23/2021,INT,NC,ASO,ES,Federal Contract Tower,0,20,12,0,32,0,5,42,0,47,0,25,54,0,79,94,0,94,173
04/24/2021,INT,NC,ASO,ES,Federal Contract Tower,0,6,7,0,13,0,3,15,0,18,0,9,22,0,31,8,0,8,39
04/25/2021,INT,NC,ASO,ES,Federal Contract Tower,1,16,20,0,37,0,36,0,0,36,1,52,20,0,73,102,0,102,175
04/26/2021,INT,NC,ASO,ES,Federal Contract Tower,0,14,15,0,29,0,3,47,3,53,0,17,62,3,82,93,4,97,179
04/27/2021,INT,NC,ASO,ES,Federal Contract Tower,0,16,8,0,24,0,1,49,0,50,0,17,57,0,74,38,0,38,112
04/28/2021,INT,NC,ASO,ES,Federal Contract Tower,0,23,6,2,31,0,2,51,0,53,0,25,57,2,84,74,0,74,158
04/29/2021,INT,NC,ASO,ES,Federal Contract Tower,3,18,13,0,34,0,0,19,0,19,3,18,32,0,53,32,0,32,85
04/30/2021,INT,NC,ASO,ES,Federal Contract Tower,0,10,7,0,17,0,23,25,2,50,0,33,32,2,67,30,0,30,97
05/01/2021,INT,NC,ASO,ES,Federal Contract Tower,0,22,16,0,38,0,11,86,0,97,0,33,102,0,135,52,0,52,187
05/02/2021,INT,NC,ASO,ES,Federal Contract Tower,0,21,12,0,33,0,2,51,0,53,0,23,63,0,86,70,0,70,156
05/03/2021,INT,NC,ASO,ES,Federal Contract Tower,0,8,11,0,19,0,2,2,0,4,0,10,13,0,23,0,0,0,23
05/04/2021,INT,NC,ASO,ES,Federal Contract Tower,0,13,11,0,24,0,5,14,0,19,0,18,25,0,43,46,0,46,89
05/05/2021,INT,NC,ASO,ES,Federal Contract Tower,3,22,29,0,54,0,3,54,0,57,3,25,83,0,111,84,0,84,195
05/06/2021,INT,NC,ASO,ES,Federal Contract Tower,0,18,28,3,49,0,0,74,2,76,0,18,102,5,125,158,0,158,283
05/07/2021,INT,NC,ASO,ES,Federal Contract Tower,1,17,17,0,35,0,0,30,0,30,1,17,47,0,65,42,0,42,107
05/08/2021,INT,NC,ASO,ES,Federal Contract Tower,0,16,15,0,31,0,0,25,0,25,0,16,40,0,56,27,0,27,83
05/09/2021,INT,NC,ASO,ES,Federal Contract Tower,0,9,19,0,28,0,0,25,0,25,0,9,44,0,53,8,0,8,61
05/10/2021,INT,NC,ASO,ES,Federal Contract Tower,0,2,8,2,12,0,0,13,0,13,0,2,21,2,25,22,0,22,47
05/11/2021,INT,NC,ASO,ES,Federal Contract Tower,0,23,22,0,45,0,4,46,7,57,0,27,68,7,102,90,0,90,192
05/12/2021,INT,NC,ASO,ES,Federal Contract Tower,0,16,16,0,32,0,0,20,0,20,0,16,36,0,52,58,0,58,110
05/13/2021,INT,NC,ASO,ES,Federal Contract Tower,0,14,31,0,45,0,0,45,0,45,0,14,76,0,90,108,0,108,198
05/14/2021,INT,NC,ASO,ES,Federal Contract Tower,0,29,25,0,54,0,10,40,0,50,0,39,65,0,104,103,0,103,207
05/15/2021,INT,NC,ASO,ES,Federal Contract Tower,0,26,17,0,43,0,6,67,0,73,0,32,84,0,116,71,0,71,187
05/16/2021,INT,NC,ASO,ES,Federal Contract Tower,0,28,24,0,52,0,11,38,2,51,0,39,62,2,103,39,0,39,142
05/17/2021,INT,NC,ASO,ES,Federal Contract Tower,0,34,13,1,48,0,1,38,0,39,0,35,51,1,87,96,0,96,183
05/18/2021,INT,NC,ASO,ES,Federal Contract Tower,1,17,19,2,39,0,12,48,0,60,1,29,67,2,99,118,0,118,217
05/19/2021,INT,NC,ASO,ES,Federal Contract Tower,1,16,26,0,43,0,0,74,0,74,1,16,100,0,117,88,0,88,205
05/20/2021,INT,NC,ASO,ES,Federal Contract Tower,0,23,12,0,35,0,0,51,4,55,0,23,63,4,90,54,0,54,144
05/21/2021,INT,NC,ASO,ES,Federal Contract Tower,2,20,13,0,35,0,1,63,0,64,2,21,76,0,99,42,0,42,141
05/22/2021,INT,NC,ASO,ES,Federal Contract Tower,0,8,16,0,24,0,4,51,0,55,0,12,67,0,79,28,0,28,107
05/23/2021,INT,NC,ASO,ES,Federal Contract Tower,0,8,10,0,18,0,1,54,0,55,0,9,64,0,73,68,0,68,141
05/24/2021,INT,NC,ASO,ES,Federal Contract Tower,1,7,13,0,21,0,3,30,0,33,1,10,43,0,54,62,0,62,116
05/25/2021,INT,NC,ASO,ES,Federal Contract Tower,0,17,31,0,48,0,0,29,0,29,0,17,60,0,77,130,0,130,207
05/26/2021,INT,NC,ASO,ES,Federal Contract Tower,0,12,21,5,38,0,1,59,0,60,0,13,80,5,98,52,0,52,150
05/27/2021,INT,NC,ASO,ES,Federal Contract Tower,0,12,20,0,32,0,1,49,2,52,0,13,69,2,84,90,0,90,174
05/28/2021,INT,NC,ASO,ES,Federal Contract Tower,0,12,17,0,29,0,9,23,0,32,0,21,40,0,61,20,0,20,81
05/29/2021,INT,NC,ASO,ES,Federal Contract Tower,1,7,10,0,18,0,1,15,0,16,1,8,25,0,34,32,0,32,66
05/30/2021,INT,NC,ASO,ES,Federal Contract Tower,0,10,4,0,14,0,22,41,2,65,0,32,45,2,79,36,0,36,115
05/31/2021,INT,NC,ASO,ES,Federal Contract Tower,0,13,21,0,34,0,10,36,2,48,0,23,57,2,82,56,0,56,138
06/01/2021,INT,NC,ASO,ES,Federal Contract Tower,2,14,17,0,33,0,6,43,0,49,2,20,60,0,82,60,0,60,142
06/02/2021,INT,NC,ASO,ES,Federal Contract Tower,1,7,18,0,26,0,0,32,0,32,1,7,50,0,58,6,0,6,64
06/03/2021,INT,NC,ASO,ES,Federal Contract Tower,0,22,12,0,34,0,3,8,0,11,0,25,20,0,45,36,0,36,81
06/04/2021,INT,NC,ASO,ES,Federal Contract Tower,0,8,11,0,19,0,2,38,3,43,0,10,49,3,62,72,0,72,134
06/05/2021,INT,NC,ASO,ES,Federal Contract Tower,0,7,11,0,18,0,0,52,0,52,0,7,63,0,70,28,0,28,98
06/06/2021,INT,NC,ASO,ES,Federal Contract Tower,0,13,22,0,35,0,0,24,0,24,0,13,46,0,59,79,0,79,138
06/07/2021,INT,NC,ASO,ES,Federal Contract Tower,1,8,12,0,21,0,0,8,0,8,1,8,20,0,29,18,0,18,47
06/08/2021,INT,NC,ASO,ES,Federal Contract Tower,0,4,10,1,15,0,0,6,1,7,0,4,16,2,22,34,0,34,56
06/09/2021,INT,NC,ASO,ES,Federal Contract Tower,0,8,14,0,22,0,0,23,0,23,0,8,37,0,45,20,0,20,65
06/10/2021,INT,NC,ASO,ES,Federal Contract Tower,0,4,24,0,28,0,0,12,0,12,0,4,36,0,40,34,0,34,74
06/11/2021,INT,NC,ASO,ES,Federal Contract Tower,0,17,14,0,31,0,5,12,0,17,0,22,26,0,48,30,0,30,78
06/12/2021,INT,NC,ASO,ES,Federal Contract Tower,0,9,12,0,21,0,1,1,0,2,0,10,13,0,23,10,0,10,33
06/13/2021,INT,NC,ASO,ES,Federal Contract Tower,0,8,27,0,35,0,6,38,0,44,0,14,65,0,79,84,0,84,163
06/14/2021,INT,NC,ASO,ES,Federal Contract Tower,1,3,8,0,12,0,8,39,3,50,1,11,47,3,62,20,0,20,82
06/15/2021,INT,NC,ASO,ES,Federal Contract Tower,0,9,9,0,18,0,9,34,0,43,0,18,43,0,61,40,0,40,101
06/16/2021,INT,NC,ASO,ES,Federal Contract Tower,0,14,14,0,28,0,0,40,6,46,0,14,54,6,74,70,0,70,144
06/17/2021,INT,NC,ASO,ES,Federal Contract Tower,0,27,13,0,40,0,0,44,2,46,0,27,57,2,86,82,0,82,168
06/18/2021,INT,NC,ASO,ES,Federal Contract Tower,2,22,22,0,46,0,0,54,0,54,2,22,76,0,100,92,0,92,192
06/19/2021,INT,NC,ASO,ES,Federal Contract Tower,0,10,13,2,25,0,2,48,0,50,0,12,61,2,75,36,0,36,111
06/20/2021,INT,NC,ASO,ES,Federal Contract Tower,0,9,20,0,29,0,0,2,0,2,0,9,22,0,31,0,0,0,31
06/21/2021,INT,NC,ASO,ES,Federal Contract Tower,0,10,20,0,30,0,2,37,0,39,0,12,57,0,69,13,0,13,82
06/22/2021,INT,NC,ASO,ES,Federal Contract Tower,0,8,12,0,20,0,8,12,2,22,0,16,24,2,42,56,0,56,98
06/23/2021,INT,NC,ASO,ES,Federal Contract Tower,0,18,21,0,39,0,4,82,0,86,0,22,103,0,125,154,0,154,279
06/24/2021,INT,NC,ASO,ES,Federal Contract Tower,0,27,23,2,52,0,6,62,0,68,0,33,85,2,120,86,0,86,206
06/25/2021,INT,NC,ASO,ES,Federal Contract Tower,0,9,28,3,40,0,0,71,0,71,0,9,99,3,111,75,0,75,186
06/26/2021,INT,NC,ASO,ES,Federal Contract Tower,0,6,21,0,27,0,2,23,0,25,0,8,44,0,52,48,0,48,100
06/27/2021,INT,NC,ASO,ES,Federal Contract Tower,0,17,12,1,30,0,5,32,0,37,0,22,44,1,67,70,0,70,137
06/28/2021,INT,NC,ASO,ES,Federal Contract Tower,0,13,10,0,23,0,10,75,2,87,0,23,85,2,110,104,0,104,214
06/29/2021,INT,NC,ASO,ES,Federal Contract Tower,2,2,25,0,29,0,0,35,4,39,2,2,60,4,68,20,0,20,88
06/30/2021,INT,NC,ASO,ES,Federal Contract Tower,0,20,8,1,29,0,1,38,2,41,0,21,46,3,70,24,0,24,94
07/01/2021,INT,NC,ASO,ES,Federal Contract Tower,0,17,6,0,23,0,2,24,0,26,0,19,30,0,49,20,0,20,69
07/02/2021,INT,NC,ASO,ES,Federal Contract Tower,0,8,8,0,16,0,0,17,0,17,0,8,25,0,33,116,0,116,149
07/03/2021,INT,NC,ASO,ES,Federal Contract Tower,0,1,19,0,20,0,0,44,0,44,0,1,63,0,64,23,0,23,87
07/04/2021,INT,NC,ASO,ES,Federal Contract Tower,0,3,4,0,7,0,0,22,0,22,0,3,26,0,29,32,0,32,61
07/05/2021,INT,NC,ASO,ES,Federal Contract Tower,0,2,11,0,13,0,1,28,0,29,0,3,39,0,42,16,0,16,58
07/06/2021,INT,NC,ASO,ES,Federal Contract Tower,0,5,14,0,19,0,1,55,0,56,0,6,69,0,75,52,0,52,127
07/07/2021,INT,NC,ASO,ES,Federal Contract Tower,1,14,15,0,30,0,0,64,2,66,1,14,79,2,96,16,0,16,112
07/08/2021,INT,NC,ASO,ES,Federal Contract Tower,0,4,7,0,11,0,0,0,0,0,0,4,7,0,11,0,0,0,11
07/09/2021,INT,NC,ASO,ES,Federal Contract Tower,0,19,15,1,35,0,10,44,0,54,0,29,59,1,89,49,0,49,138
07/10/2021,INT,NC,ASO,ES,Federal Contract Tower,0,3,18,0,21,0,0,54,0,54,0,3,72,0,75,52,0,52,127
07/11/2021,INT,NC,ASO,ES,Federal Contract Tower,0,11,22,0,33,0,10,54,0,64,0,21,76,0,97,40,0,40,137
07/12/2021,INT,NC,ASO,ES,Federal Contract Tower,0,12,12,1,25,0,5,30,5,40,0,17,42,6,65,46,2,48,113
07/13/2021,INT,NC,ASO,ES,Federal Contract Tower,0,10,17,0,27,0,4,27,0,31,0,14,44,0,58,54,0,54,112
07/14/2021,INT,NC,ASO,ES,Federal Contract Tower,2,16,14,0,32,0,0,39,0,39,2,16,53,0,71,66,0,66,137
07/15/2021,INT,NC,ASO,ES,Federal Contract Tower,0,18,18,0,36,0,0,60,0,60,0,18,78,0,96,50,0,50,146
07/16/2021,INT,NC,ASO,ES,Federal Contract Tower,0,9,10,0,19,0,2,61,0,63,0,11,71,0,82,64,0,64,146
07/17/2021,INT,NC,ASO,ES,Federal Contract Tower,1,5,23,0,29,0,0,24,0,24,1,5,47,0,53,11,0,11,64
07/18/2021,INT,NC,ASO,ES,Federal Contract Tower,1,14,18,0,33,0,0,19,0,19,1,14,37,0,52,20,0,20,72
07/19/2021,INT,NC,ASO,ES,Federal Contract Tower,0,8,9,0,17,0,0,3,0,3,0,8,12,0,20,54,0,54,74
07/20/2021,INT,NC,ASO,ES,Federal Contract Tower,0,6,18,2,26,0,1,42,2,45,0,7,60,4,71,160,0,160,231
07/21/2021,INT,NC,ASO,ES,Federal Contract Tower,0,23,6,1,30,0,4,37,1,42,0,27,43,2,72,54,0,54,126
07/22/2021,INT,NC,ASO,ES,Federal Contract Tower,0,39,36,1,76,0,5,70,1,76,0,44,106,2,152,92,0,92,244
07/23/2021,INT,NC,ASO,ES,Federal Contract Tower,2,26,16,0,44,0,7,117,0,124,2,33,133,0,168,96,0,96,264
07/24/2021,INT,NC,ASO,ES,Federal Contract Tower,1,9,11,0,21,0,14,59,0,73,1,23,70,0,94,30,0,30,124
07/25/2021,INT,NC,ASO,ES,Federal Contract Tower,0,9,23,0,32,0,14,54,3,71,0,23,77,3,103,46,0,46,149
07/26/2021,INT,NC,ASO,ES,Federal Contract Tower,0,9,2,0,11,0,0,14,0,14,0,9,16,0,25,24,0,24,49
07/27/2021,INT,NC,ASO,ES,Federal Contract Tower,0,12,10,0,22,0,4,50,0,54,0,16,60,0,76,54,0,54,130
07/28/2021,INT,NC,ASO,ES,Federal Contract Tower,0,12,13,2,27,0,0,68,4,72,0,12,81,6,99,102,0,102,201
07/29/2021,INT,NC,ASO,ES,Federal Contract Tower,0,18,12,2,32,0,0,49,2,51,0,18,61,4,83,36,0,36,119
07/30/2021,INT,NC,ASO,ES,Federal Contract Tower,0,5,8,1,14,0,0,42,0,42,0,5,50,1,56,36,0,36,92
07/31/2021,INT,NC,ASO,ES,Federal Contract Tower,0,6,27,0,33,0,0,56,4,60,0,6,83,4,93,45,0,45,138
08/01/2021,INT,NC,ASO,ES,Federal Contract Tower,0,10,14,0,24,0,0,10,3,13,0,10,24,3,37,36,18,54,91
08/02/2021,INT,NC,ASO,ES,Federal Contract Tower,0,7,19,0,26,0,5,35,1,41,0,12,54,1,67,157,0,157,224
08/03/2021,INT,NC,ASO,ES,Federal Contract Tower,0,12,12,2,26,0,0,30,0,30,0,12,42,2,56,44,0,44,100
08/04/2021,INT,NC,ASO,ES,Federal Contract Tower,0,15,24,0,39,0,0,41,2,43,0,15,65,2,82,100,0,100,182
08/05/2021,INT,NC,ASO,ES,Federal Contract Tower,1,2,13,0,16,0,2,47,3,52,1,4,60,3,68,93,0,93,161
08/06/2021,INT,NC,ASO,ES,Federal Contract Tower,0,13,18,0,31,0,12,82,0,94,0,25,100,0,125,143,0,143,268
08/07/2021,INT,NC,ASO,ES,Federal Contract Tower,0,10,9,0,19,0,0,18,0,18,0,10,27,0,37,56,0,56,93
08/08/2021,INT,NC,ASO,ES,Federal Contract Tower,0,7,24,0,31,0,7,49,0,56,0,14,73,0,87,72,0,72,159
08/09/2021,INT,NC,ASO,ES,Federal Contract Tower,2,15,17,0,34,0,1,72,5,78,2,16,89,5,112,58,0,58,170
08/10/2021,INT,NC,ASO,ES,Federal Contract Tower,0,10,6,1,17,0,26,40,1,67,0,36,46,2,84,42,0,42,126
08/11/2021,INT,NC,ASO,ES,Federal Contract Tower,0,16,6,0,22,0,1,33,2,36,0,17,39,2,58,94,0,94,152
08/12/2021,INT,NC,ASO,ES,Federal Contract Tower,0,18,12,3,33,0,5,54,2,61,0,23,66,5,94,64,0,64,158
08/13/2021,INT,NC,ASO,ES,Federal Contract Tower,0,13,23,4,40,0,7,56,0,63,0,20,79,4,103,64,0,64,167
08/14/2021,INT,NC,ASO,ES,Federal Contract Tower,0,8,8,2,18,0,0,37,0,37,0,8,45,2,55,68,0,68,123
08/15/2021,INT,NC,ASO,ES,Federal Contract Tower,0,9,10,1,20,0,0,0,0,0,0,9,10,1,20,14,0,14,34
08/16/2021,INT,NC,ASO,ES,Federal Contract Tower,0,3,19,0,22,0,0,1,0,1,0,3,20,0,23,0,0,0,23
08/17/2021,INT,NC,ASO,ES,Federal Contract Tower,2,6,20,0,28,0,0,0,0,0,2,6,20,0,28,0,0,0,28
08/18/2021,INT,NC,ASO,ES,Federal Contract Tower,1,21,20,0,42,0,4,31,0,35,1,25,51,0,77,34,0,34,111
08/19/2021,INT,NC,ASO,ES,Federal Contract Tower,0,30,23,0,53,0,0,48,0,48,0,30,71,0,101,20,0,20,121
08/20/2021,INT,NC,ASO,ES,Federal Contract Tower,3,37,16,3,59,0,4,31,3,38,3,41,47,6,97,38,0,38,135
08/21/2021,INT,NC,ASO,ES,Federal Contract Tower,0,24,23,1,48,0,2,55,0,57,0,26,78,1,105,120,0,120,225
08/22/2021,INT,NC,ASO,ES,Federal Contract Tower,0,12,10,0,22,0,25,71,2,98,0,37,81,2,120,22,0,22,142
08/23/2021,INT,NC,ASO,ES,Federal Contract Tower,0,2,10,0,12,0,0,41,0,41,0,2,51,0,53,2,0,2,55
08/24/2021,INT,NC,ASO,ES,Federal Contract Tower,0,10,15,1,26,0,1,42,3,46,0,11,57,4,72,12,2,14,86
08/25/2021,INT,NC,ASO,ES,Federal Contract Tower,0,12,8,0,20,0,1,45,0,46,0,13,53,0,66,78,0,78,144
08/26/2021,INT,NC,ASO,ES,Federal Contract Tower,0,9,21,0,30,0,0,38,0,38,0,9,59,0,68,80,0,80,148
08/27/2021,INT,NC,ASO,ES,Federal Contract Tower,0,10,23,0,33,0,3,60,0,63,0,13,83,0,96,67,0,67,163
08/28/2021,INT,NC,ASO,ES,Federal Contract Tower,2,3,18,2,25,0,0,39,1,40,2,3,57,3,65,103,0,103,168
08/29/2021,INT,NC,ASO,ES,Federal Contract Tower,0,3,10,0,13,0,0,30,2,32,0,3,40,2,45,39,0,39,84
08/30/2021,INT,NC,ASO,ES,Federal Contract Tower,2,6,16,0,24,0,0,25,1,26,2,6,41,1,50,84,0,84,134
08/31/2021,INT,NC,ASO,ES,Federal Contract Tower,0,9,6,0,15,0,0,27,0,27,0,9,33,0,42,96,0,96,138
09/01/2021,INT,NC,ASO,ES,Federal Contract Tower,0,9,12,0,21,0,0,2,0,2,0,9,14,0,23,0,0,0,23
09/02/2021,INT,NC,ASO,ES,Federal Contract Tower,0,13,20,0,33,0,1,53,0,54,0,14,73,0,87,38,0,38,125
09/03/2021,INT,NC,ASO,ES,Federal Contract Tower,3,16,19,0,38,0,2,66,0,68,3,18,85,0,106,82,0,82,188
09/04/2021,INT,NC,ASO,ES,Federal Contract Tower,0,3,20,0,23,0,1,34,0,35,0,4,54,0,58,40,0,40,98
09/05/2021,INT,NC,ASO,ES,Federal Contract Tower,0,8,11,0,19,0,19,42,0,61,0,27,53,0,80,62,0,62,142
09/06/2021,INT,NC,ASO,ES,Federal Contract Tower,0,11,13,0,24,0,0,55,1,56,0,11,68,1,80,78,0,78,158
09/07/2021,INT,NC,ASO,ES,Federal Contract Tower,0,20,14,0,34,0,25,54,0,79,0,45,68,0,113,44,0,44,157
09/08/2021,INT,NC,ASO,ES,Federal Contract Tower,0,6,10,0,16,0,0,12,0,12,0,6,22,0,28,16,0,16,44
09/09/2021,INT,NC,ASO,ES,Federal Contract Tower,0,22,14,0,36,0,0,54,0,54,0,22,68,0,90,92,0,92,182
09/10/2021,INT,NC,ASO,ES,Federal Contract Tower,0,11,21,1,33,0,3,46,0,49,0,14,67,1,82,72,0,72,154
09/11/2021,INT,NC,ASO,ES,Federal Contract Tower,0,7,21,0,28,0,1,47,1,49,0,8,68,1,77,10,0,10,87
09/12/2021,INT,NC,ASO,ES,Federal Contract Tower,0,4,22,0,26,0,0,50,2,52,0,4,72,2,78,36,0,36,114
09/13/2021,INT,NC,ASO,ES,Federal Contract Tower,0,12,19,0,31,0,3,36,1,40,0,15,55,1,71,64,0,64,135
09/14/2021,INT,NC,ASO,ES,Federal Contract Tower,0,18,23,0,41,0,1,37,0,38,0,19,60,0,79,40,0,40,119
09/15/2021,INT,NC,ASO,ES,Federal Contract Tower,0,17,14,1,32,0,0,33,1,34,0,17,47,2,66,66,0,66,132
09/16/2021,INT,NC,ASO,ES,Federal Contract Tower,0,25,20,0,45,0,1,32,0,33,0,26,52,0,78,22,0,22,100
09/17/2021,INT,NC,ASO,ES,Federal Contract Tower,0,45,25,2,72,0,11,25,2,38,0,56,50,4,110,2,0,2,112
09/18/2021,INT,NC,ASO,ES,Federal Contract Tower,0,36,21,0,57,0,10,46,0,56,0,46,67,0,113,56,0,56,169
09/19/2021,INT,NC,ASO,ES,Federal Contract Tower,2,36,14,1,53,0,19,50,1,70,2,55,64,2,123,110,0,110,233
09/20/2021,INT,NC,ASO,ES,Federal Contract Tower,0,27,19,1,47,0,4,21,3,28,0,31,40,4,75,60,10,70,145
09/21/2021,INT,NC,ASO,ES,Federal Contract Tower,0,15,14,0,29,0,0,0,0,0,0,15,14,0,29,0,0,0,29
09/22/2021,INT,NC,ASO,ES,Federal Contract Tower,0,19,2,0,21,0,0,2,0,2,0,19,4,0,23,0,0,0,23
09/23/2021,INT,NC,ASO,ES,Federal Contract Tower,0,26,17,0,43,0,0,60,0,60,0,26,77,0,103,70,0,70,173
09/24/2021,INT,NC,ASO,ES,Federal Contract Tower,0,28,14,0,42,0,3,69,0,72,0,31,83,0,114,61,0,61,175
09/25/2021,INT,NC,ASO,ES,Federal Contract Tower,2,6,14,0,22,0,0,40,3,43,2,6,54,3,65,46,2,48,113
09/26/2021,INT,NC,ASO,ES,Federal Contract Tower,0,13,15,0,28,0,0,69,2,71,0,13,84,2,99,18,6,24,123
09/27/2021,INT,NC,ASO,ES,Federal Contract Tower,2,15,22,0,39,0,5,53,0,58,2,20,75,0,97,88,0,88,185
09/28/2021,INT,NC,ASO,ES,Federal Contract Tower,0,12,12,0,24,0,0,33,2,35,0,12,45,2,59,68,0,68,127
09/29/2021,INT,NC,ASO,ES,Federal Contract Tower,0,15,18,0,33,0,0,54,0,54,0,15,72,0,87,44,0,44,131
09/30/2021,INT,NC,ASO,ES,Federal Contract Tower,0,33,22,0,55,0,2,11,0,13,0,35,33,0,68,0,0,0,68
10/01/2021,INT,NC,ASO,ES,Federal Contract Tower,0,59,45,0,104,0,32,52,0,84,0,91,97,0,188,18,0,18,206
10/02/2021,INT,NC,ASO,ES,Federal Contract Tower,2,31,18,0,51,0,25,56,0,81,2,56,74,0,132,4,0,4,136
10/03/2021,INT,NC,ASO,ES,Federal Contract Tower,0,58,62,0,120,0,5,36,0,41,0,63,98,0,161,10,0,10,171
10/04/2021,INT,NC,ASO,ES,Federal Contract Tower,0,7,13,0,20,0,0,6,0,6,0,7,19,0,26,39,0,39,65
10/05/2021,INT,NC,ASO,ES,Federal Contract Tower,0,19,17,0,36,0,13,11,2,26,0,32,28,2,62,58,0,58,120
10/06/2021,INT,NC,ASO,ES,Federal Contract Tower,0,20,11,1,32,0,3,3,1,7,0,23,14,2,39,4,0,4,43
10/07/2021,INT,NC,ASO,ES,Federal Contract Tower,0,17,17,0,34,0,0,2,0,2,0,17,19,0,36,0,0,0,36
10/08/2021,INT,NC,ASO,ES,Federal Contract Tower,2,19,24,0,45,0,0,0,0,0,2,19,24,0,45,0,0,0,45
10/09/2021,INT,NC,ASO,ES,Federal Contract Tower,0,8,2,0,10,0,0,1,0,1,0,8,3,0,11,10,0,10,21
10/10/2021,INT,NC,ASO,ES,Federal Contract Tower,2,12,37,0,51,0,0,13,0,13,2,12,50,0,64,14,0,14,78
10/11/2021,INT,NC,ASO,ES,Federal Contract Tower,0,12,34,0,46,0,0,36,0,36,0,12,70,0,82,76,0,76,158
10/12/2021,INT,NC,ASO,ES,Federal Contract Tower,0,10,34,0,44,0,0,26,0,26,0,10,60,0,70,94,0,94,164
10/13/2021,INT,NC,ASO,ES,Federal Contract Tower,1,18,24,4,47,0,0,48,0,48,1,18,72,4,95,100,0,100,195
10/14/2021,INT,NC,ASO,ES,Federal Contract Tower,1,23,17,0,41,0,2,72,0,74,1,25,89,0,115,42,0,42,157
10/15/2021,INT,NC,ASO,ES,Federal Contract Tower,0,20,23,0,43,0,3,60,0,63,0,23,83,0,106,50,0,50,156
10/16/2021,INT,NC,ASO,ES,Federal Contract Tower,0,6,13,0,19,0,0,13,0,13,0,6,26,0,32,14,0,14,46
10/17/2021,INT,NC,ASO,ES,Federal Contract Tower,0,16,10,0,26,0,2,35,0,37,0,18,45,0,63,14,0,14,77
10/18/2021,INT,NC,ASO,ES,Federal Contract Tower,0,18,16,0,34,0,9,56,4,69,0,27,72,4,103,38,2,40,143
10/19/2021,INT,NC,ASO,ES,Federal Contract Tower,0,7,15,0,22,0,17,70,2,89,0,24,85,2,111,112,2,114,225
10/20/2021,INT,NC,ASO,ES,Federal Contract Tower,0,15,23,0,38,0,0,55,0,55,0,15,78,0,93,104,0,104,197
10/21/2021,INT,NC,ASO,ES,Federal Contract Tower,0,16,20,0,36,0,1,59,0,60,0,17,79,0,96,76,0,76,172
10/22/2021,INT,NC,ASO,ES,Federal Contract Tower,0,27,24,0,51,0,0,58,2,60,0,27,82,2,111,28,0,28,139
10/23/2021,INT,NC,ASO,ES,Federal Contract Tower,0,4,16,0,20,0,1,99,0,100,0,5,115,0,120,46,0,46,166
10/24/2021,INT,NC,ASO,ES,Federal Contract Tower,2,24,19,0,45,0,0,39,0,39,2,24,58,0,84,38,0,38,122
10/25/2021,INT,NC,ASO,ES,Federal Contract Tower,0,8,26,0,34,0,0,13,0,13,0,8,39,0,47,2,0,2,49
10/26/2021,INT,NC,ASO,ES,Federal Contract Tower,0,5,10,0,15,0,0,10,0,10,0,5,20,0,25,0,0,0,25
10/27/2021,INT,NC,ASO,ES,Federal Contract Tower,2,14,26,1,43,0,1,67,3,71,2,15,93,4,114,92,0,92,206
10/28/2021,INT,NC,ASO,ES,Federal Contract Tower,0,18,31,0,49,0,0,29,0,29,0,18,60,0,78,72,0,72,150
10/29/2021,INT,NC,ASO,ES,Federal Contract Tower,1,21,26,1,49,0,18,15,0,33,1,39,41,1,82,56,0,56,138
10/30/2021,INT,NC,ASO,ES,Federal Contract Tower,0,19,11,2,32,0,8,40,0,48,0,27,51,2,80,32,0,32,112
10/31/2021,INT,NC,ASO,ES,Federal Contract Tower,0,23,11,1,35,0,20,35,0,55,0,43,46,1,90,4,0,4,94
11/01/2021,INT,NC,ASO,ES,Federal Contract Tower,1,9,16,0,26,0,16,45,4,65,1,25,61,4,91,100,0,100,191
11/02/2021,INT,NC,ASO,ES,Federal Contract Tower,0,11,13,0,24,0,9,48,2,59,0,20,61,2,83,94,0,94,177
11/03/2021,INT,NC,ASO,ES,Federal Contract Tower,4,19,23,1,47,0,0,30,0,30,4,19,53,1,77,36,0,36,113
11/04/2021,INT,NC,ASO,ES,Federal Contract Tower,0,19,15,0,34,0,6,15,0,21,0,25,30,0,55,6,0,6,61
11/05/2021,INT,NC,ASO,ES,Federal Contract Tower,0,10,23,0,33,0,0,43,0,43,0,10,66,0,76,50,0,50,126
11/06/2021,INT,NC,ASO,ES,Federal Contract Tower,0,4,19,0,23,0,1,18,1,20,0,5,37,1,43,22,0,22,65
11/07/2021,INT,NC,ASO,ES,Federal Contract Tower,0,10,43,0,53,0,2,29,0,31,0,12,72,0,84,2,0,2,86
11/08/2021,INT,NC,ASO,ES,Federal Contract Tower,2,7,17,0,26,0,3,60,0,63,2,10,77,0,89,68,0,68,157
11/09/2021,INT,NC,ASO,ES,Federal Contract Tower,0,9,16,1,26,0,0,43,2,45,0,9,59,3,71,166,0,166,237
11/10/2021,INT,NC,ASO,ES,Federal Contract Tower,1,35,11,0,47,0,19,73,0,92,1,54,84,0,139,66,4,70,209
11/11/2021,INT,NC,ASO,ES,Federal Contract Tower,0,7,16,0,23,0,1,29,2,32,0,8,45,2,55,36,0,36,91
11/12/2021,INT,NC,ASO,ES,Federal Contract Tower,0,30,13,0,43,0,19,63,0,82,0,49,76,0,125,54,2,56,181
11/13/2021,INT,NC,ASO,ES,Federal Contract Tower,0,13,10,0,23,0,30,16,0,46,0,43,26,0,69,20,0,20,89
11/14/2021,INT,NC,ASO,ES,Federal Contract Tower,0,24,8,0,32,0,10,39,0,49,0,34,47,0,81,62,0,62,143
11/15/2021,INT,NC,ASO,ES,Federal Contract Tower,0,24,7,0,31,0,7,31,0,38,0,31,38,0,69,66,0,66,135
11/16/2021,INT,NC,ASO,ES,Federal Contract Tower,0,15,9,0,24,0,2,51,0,53,0,17,60,0,77,112,0,112,189
11/17/2021,INT,NC,ASO,ES,Federal Contract Tower,2,18,12,1,33,0,0,49,2,51,2,18,61,3,84,66,0,66,150
11/18/2021,INT,NC,ASO,ES,Federal Contract Tower,0,20,12,0,32,0,0,18,0,18,0,20,30,0,50,22,0,22,72
11/19/2021,INT,NC,ASO,ES,Federal Contract Tower,2,15,14,0,31,0,4,40,1,45,2,19,54,1,76,54,0,54,130
11/20/2021,INT,NC,ASO,ES,Federal Contract Tower,0,16,31,0,47,0,0,50,0,50,0,16,81,0,97,22,0,22,119
11/21/2021,INT,NC,ASO,ES,Federal Contract Tower,0,10,15,0,25,0,0,35,0,35,0,10,50,0,60,94,0,94,154
11/22/2021,INT,NC,ASO,ES,Federal Contract Tower,2,17,28,0,47,0,7,11,1,19,2,24,39,1,66,78,10,88,154
11/23/2021,INT,NC,ASO,ES,Federal Contract Tower,0,28,12,0,40,0,0,33,2,35,0,28,45,2,75,90,0,90,165
11/24/2021,INT,NC,ASO,ES,Federal Contract Tower,1,12,35,0,48,0,0,50,2,52,1,12,85,2,100,46,0,46,146
11/25/2021,INT,NC,ASO,ES,Federal Contract Tower,0,3,8,0,11,0,0,5,0,5,0,3,13,0,16,0,0,0,16
11/26/2021,INT,NC,ASO,ES,Federal Contract Tower,1,7,13,0,21,0,0,2,0,2,1,7,15,0,23,0,0,0,23
11/27/2021,INT,NC,ASO,ES,Federal Contract Tower,0,16,18,0,34,0,4,36,0,40,0,20,54,0,74,18,0,18,92
11/28/2021,INT,NC,ASO,ES,Federal Contract Tower,0,27,29,0,56,0,13,41,3,57,0,40,70,3,113,38,0,38,151
11/29/2021,INT,NC,ASO,ES,Federal Contract Tower,1,20,13,0,34,0,2,31,6,39,1,22,44,6,73,38,4,42,115
11/30/2021,INT,NC,ASO,ES,Federal Contract Tower,0,24,17,0,41,0,9,37,4,50,0,33,54,4,91,62,0,62,153
12/01/2021,INT,NC,ASO,ES,Federal Contract Tower,0,25,16,1,42,0,0,71,1,72,0,25,87,2,114,118,0,118,232
12/02/2021,INT,NC,ASO,ES,Federal Contract Tower,2,30,18,0,50,0,2,50,0,52,2,32,68,0,102,50,0,50,152
12/03/2021,INT,NC,ASO,ES,Federal Contract Tower,2,19,10,4,35,0,0,81,0,81,2,19,91,4,116,122,0,122,238
12/04/2021,INT,NC,ASO,ES,Federal Contract Tower,0,10,24,0,34,0,0,46,0,46,0,10,70,0,80,119,0,119,199
12/05/2021,INT,NC,ASO,ES,Federal Contract Tower,0,11,15,0,26,0,0,26,0,26,0,11,41,0,52,32,0,32,84
12/06/2021,INT,NC,ASO,ES,Federal Contract Tower,0,10,17,0,27,0,2,8,0,10,0,12,25,0,37,24,0,24,61
12/07/2021,INT,NC,ASO,ES,Federal Contract Tower,0,17,18,0,35,0,4,39,0,43,0,21,57,0,78,94,0,94,172
12/08/2021,INT,NC,ASO,ES,Federal Contract Tower,0,30,14,0,44,0,0,49,0,49,0,30,63,0,93,86,0,86,179
12/09/2021,INT,NC,ASO,ES,Federal Contract Tower,0,23,13,0,36,0,0,50,2,52,0,23,63,2,88,118,0,118,206
12/10/2021,INT,NC,ASO,ES,Federal Contract Tower,0,19,6,0,25,0,2,5,0,7,0,21,11,0,32,107,0,107,139
12/11/2021,INT,NC,ASO,ES,Federal Contract Tower,0,8,1,0,9,0,0,0,0,0,0,8,1,0,9,0,0,0,9
12/12/2021,INT,NC,ASO,ES,Federal Contract Tower,0,17,12,0,29,0,23,42,9,74,0,40,54,9,103,72,0,72,175
12/13/2021,INT,NC,ASO,ES,Federal Contract Tower,0,18,16,0,34,0,1,49,4,54,0,19,65,4,88,72,2,74,162
12/14/2021,INT,NC,ASO,ES,Federal Contract Tower,0,7,13,0,20,0,1,53,3,57,0,8,66,3,77,76,0,76,153
12/15/2021,INT,NC,ASO,ES,Federal Contract Tower,2,20,14,0,36,0,0,44,0,44,2,20,58,0,80,66,0,66,146
12/16/2021,INT,NC,ASO,ES,Federal Contract Tower,0,18,14,2,34,0,2,29,6,37,0,20,43,8,71,68,0,68,139
12/17/2021,INT,NC,ASO,ES,Federal Contract Tower,1,19,22,0,42,0,0,26,0,26,1,19,48,0,68,30,0,30,98
12/18/2021,INT,NC,ASO,ES,Federal Contract Tower,2,4,12,0,18,0,0,0,0,0,2,4,12,0,18,0,0,0,18
12/19/2021,INT,NC,ASO,ES,Federal Contract Tower,0,16,4,0,20,0,0,9,0,9,0,16,13,0,29,22,0,22,51
12/20/2021,INT,NC,ASO,ES,Federal Contract Tower,0,4,17,0,21,0,1,46,0,47,0,5,63,0,68,64,0,64,132
12/21/2021,INT,NC,ASO,ES,Federal Contract Tower,0,8,13,0,21,0,1,16,2,19,0,9,29,2,40,60,0,60,100
12/22/2021,INT,NC,ASO,ES,Federal Contract Tower,0,13,19,0,32,0,0,31,2,33,0,13,50,2,65,54,0,54,119
12/23/2021,INT,NC,ASO,ES,Federal Contract Tower,0,8,13,0,21,0,2,49,1,52,0,10,62,1,73,38,0,38,111
12/24/2021,INT,NC,ASO,ES,Federal Contract Tower,0,4,4,0,8,0,21,23,0,44,0,25,27,0,52,14,0,14,66
12/25/2021,INT,NC,ASO,ES,Federal Contract Tower,0,0,2,0,2,0,20,4,0,24,0,20,6,0,26,2,0,2,28
12/26/2021,INT,NC,ASO,ES,Federal Contract Tower,0,11,9,0,20,0,12,9,0,21,0,23,18,0,41,16,0,16,57
12/27/2021,INT,NC,ASO,ES,Federal Contract Tower,0,18,5,0,23,0,13,21,0,34,0,31,26,0,57,18,0,18,75
12/28/2021,INT,NC,ASO,ES,Federal Contract Tower,0,12,7,0,19,0,0,20,0,20,0,12,27,0,39,6,0,6,45
12/29/2021,INT,NC,ASO,ES,Federal Contract Tower,2,8,13,0,23,0,1,4,0,5,2,9,17,0,28,0,0,0,28
12/30/2021,INT,NC,ASO,ES,Federal Contract Tower,1,9,15,0,25,0,0,0,0,0,1,9,15,0,25,0,0,0,25
12/31/2021,INT,NC,ASO,ES,Federal Contract Tower,2,8,8,0,18,0,0,12,0,12,2,8,20,0,30,20,0,20,50
01/01/2022,INT,NC,ASO,ES,Federal Contract Tower,0,4,7,0,11,0,0,6,0,6,0,4,13,0,17,2,0,2,19
01/02/2022,INT,NC,ASO,ES,Federal Contract Tower,0,6,8,6,20,0,1,0,1,2,0,7,8,7,22,0,0,0,22
01/03/2022,INT,NC,ASO,ES,Federal Contract Tower,0,8,5,0,13,0,0,5,9,14,0,8,10,9,27,0,0,0,27
01/04/2022,INT,NC,ASO,ES,Federal Contract Tower,4,15,23,1,43,0,0,33,4,37,4,15,56,5,80,58,0,58,138
01/05/2022,INT,NC,ASO,ES,Federal Contract Tower,1,10,12,0,23,0,0,26,3,29,1,10,38,3,52,8,0,8,60
01/06/2022,INT,NC,ASO,ES,Federal Contract Tower,2,12,32,0,46,0,0,52,0,52,2,12,84,0,98,48,0,48,146
01/07/2022,INT,NC,ASO,ES,Federal Contract Tower,0,16,3,0,19,0,16,38,0,54,0,32,41,0,73,16,0,16,89
01/08/2022,INT,NC,ASO,ES,Federal Contract Tower,2,22,14,0,38,0,5,66,0,71,2,27,80,0,109,42,0,42,151
01/09/2022,INT,NC,ASO,ES,Federal Contract Tower,0,12,7,0,19,0,0,0,0,0,0,12,7,0,19,2,0,2,21
01/10/2022,INT,NC,ASO,ES,Federal Contract Tower,1,12,5,0,18,0,2,32,0,34,1,14,37,0,52,19,0,19,71
01/11/2022,INT,NC,ASO,ES,Federal Contract Tower,0,10,16,0,26,0,9,30,0,39,0,19,46,0,65,42,0,42,107
01/12/2022,INT,NC,ASO,ES,Federal Contract Tower,0,23,15,0,38,0,0,61,0,61,0,23,76,0,99,38,0,38,137
01/13/2022,INT,NC,ASO,ES,Federal Contract Tower,1,15,37,0,53,0,0,39,0,39,1,15,76,0,92,88,0,88,180
01/14/2022,INT,NC,ASO,ES,Federal Contract Tower,0,16,14,0,30,0,9,23,0,32,0,25,37,0,62,88,0,88,150
01/15/2022,INT,NC,ASO,ES,Federal Contract Tower,0,11,13,0,24,0,0,35,0,35,0,11,48,0,59,40,0,40,99
01/16/2022,INT,NC,ASO,ES,Federal Contract Tower,0,0,0,0,0,0,0,0,0,0,0,0,0,0,0,0,0,0,0
01/17/2022,INT,NC,ASO,ES,Federal Contract Tower,0,0,0,0,0,0,0,0,0,0,0,0,0,0,0,0,0,0,0
01/18/2022,INT,NC,ASO,ES,Federal Contract Tower,0,2,0,0,2,0,0,0,0,0,0,2,0,0,2,0,0,0,2
01/19/2022,INT,NC,ASO,ES,Federal Contract Tower,2,15,24,0,41,0,1,28,0,29,2,16,52,0,70,24,0,24,94
01/20/2022,INT,NC,ASO,ES,Federal Contract Tower,0,13,7,0,20,0,0,0,0,0,0,13,7,0,20,0,0,0,20
01/21/2022,INT,NC,ASO,ES,Federal Contract Tower,0,0,9,0,9,0,4,5,0,9,0,4,14,0,18,6,0,6,24
01/22/2022,INT,NC,ASO,ES,Federal Contract Tower,0,8,9,0,17,0,14,20,0,34,0,22,29,0,51,18,0,18,69
01/23/2022,INT,NC,ASO,ES,Federal Contract Tower,0,13,18,0,31,0,6,56,2,64,0,19,74,2,95,58,0,58,153
01/24/2022,INT,NC,ASO,ES,Federal Contract Tower,0,7,16,0,23,0,0,68,4,72,0,7,84,4,95,86,2,88,183
01/25/2022,INT,NC,ASO,ES,Federal Contract Tower,0,9,21,0,30,0,1,44,0,45,0,10,65,0,75,36,0,36,111
01/26/2022,INT,NC,ASO,ES,Federal Contract Tower,0,17,26,0,43,0,2,53,0,55,0,19,79,0,98,70,0,70,168
01/27/2022,INT,NC,ASO,ES,Federal Contract Tower,0,14,21,0,35,0,2,61,0,63,0,16,82,0,98,72,2,74,172
01/28/2022,INT,NC,ASO,ES,Federal Contract Tower,5,16,25,0,46,0,0,26,0,26,5,16,51,0,72,40,0,40,112
01/29/2022,INT,NC,ASO,ES,Federal Contract Tower,2,2,4,0,8,0,0,2,0,2,2,2,6,0,10,0,0,0,10
01/30/2022,INT,NC,ASO,ES,Federal Contract Tower,0,4,26,0,30,0,0,44,0,44,0,4,70,0,74,16,0,16,90
01/31/2022,INT,NC,ASO,ES,Federal Contract Tower,0,4,19,0,23,0,4,36,0,40,0,8,55,0,63,68,0,68,131
02/01/2022,INT,NC,ASO,ES,Federal Contract Tower,0,7,17,0,24,0,1,70,6,77,0,8,87,6,101,52,0,52,153
02/02/2022,INT,NC,ASO,ES,Federal Contract Tower,1,23,27,0,51,0,9,59,1,69,1,32,86,1,120,36,0,36,156
02/03/2022,INT,NC,ASO,ES,Federal Contract Tower,1,26,5,0,32,0,0,0,0,0,1,26,5,0,32,0,0,0,32
02/04/2022,INT,NC,ASO,ES,Federal Contract Tower,2,23,0,0,25,0,4,16,0,20,2,27,16,0,45,22,0,22,67
02/05/2022,INT,NC,ASO,ES,Federal Contract Tower,4,9,9,0,22,0,10,53,0,63,4,19,62,0,85,64,0,64,149
02/06/2022,INT,NC,ASO,ES,Federal Contract Tower,0,14,11,0,25,0,12,69,0,81,0,26,80,0,106,30,0,30,136
02/07/2022,INT,NC,ASO,ES,Federal Contract Tower,2,13,9,0,24,0,0,0,0,0,2,13,9,0,24,0,0,0,24
02/08/2022,INT,NC,ASO,ES,Federal Contract Tower,0,13,14,0,27,0,0,49,3,52,0,13,63,3,79,52,4,56,135
02/09/2022,INT,NC,ASO,ES,Federal Contract Tower,0,11,22,0,33,0,0,53,2,55,0,11,75,2,88,52,0,52,140
02/10/2022,INT,NC,ASO,ES,Federal Contract Tower,0,13,20,0,33,0,0,35,0,35,0,13,55,0,68,6,0,6,74
02/11/2022,INT,NC,ASO,ES,Federal Contract Tower,2,17,14,0,33,0,2,38,0,40,2,19,52,0,73,18,0,18,91
02/12/2022,INT,NC,ASO,ES,Federal Contract Tower,0,18,21,1,40,0,0,79,1,80,0,18,100,2,120,14,0,14,134
02/13/2022,INT,NC,ASO,ES,Federal Contract Tower,0,10,10,0,20,0,0,0,0,0,0,10,10,0,20,0,0,0,20
02/14/2022,INT,NC,ASO,ES,Federal Contract Tower,4,8,19,0,31,0,0,49,2,51,4,8,68,2,82,56,0,56,138
02/15/2022,INT,NC,ASO,ES,Federal Contract Tower,0,16,22,4,42,0,0,57,1,58,0,16,79,5,100,48,0,48,148
02/16/2022,INT,NC,ASO,ES,Federal Contract Tower,0,16,27,0,43,0,1,63,2,66,0,17,90,2,109,86,0,86,195
02/17/2022,INT,NC,ASO,ES,Federal Contract Tower,0,15,21,0,36,0,0,1,0,1,0,15,22,0,37,0,0,0,37
02/18/2022,INT,NC,ASO,ES,Federal Contract Tower,0,26,18,0,44,0,1,8,0,9,0,27,26,0,53,16,0,16,69
02/19/2022,INT,NC,ASO,ES,Federal Contract Tower,2,15,14,0,31,0,0,25,0,25,2,15,39,0,56,32,0,32,88
02/20/2022,INT,NC,ASO,ES,Federal Contract Tower,1,12,21,0,34,0,20,58,0,78,1,32,79,0,112,32,0,32,144
02/21/2022,INT,NC,ASO,ES,Federal Contract Tower,0,16,14,0,30,0,2,47,0,49,0,18,61,0,79,88,0,88,167
02/22/2022,INT,NC,ASO,ES,Federal Contract Tower,0,14,7,0,21,0,0,0,0,0,0,14,7,0,21,2,0,2,23
02/23/2022,INT,NC,ASO,ES,Federal Contract Tower,2,2,10,0,14,0,0,49,0,49,2,2,59,0,63,12,0,12,75
02/24/2022,INT,NC,ASO,ES,Federal Contract Tower,0,10,18,0,28,0,0,0,0,0,0,10,18,0,28,0,0,0,28
02/25/2022,INT,NC,ASO,ES,Federal Contract Tower,0,27,9,0,36,0,0,12,0,12,0,27,21,0,48,9,0,9,57
02/26/2022,INT,NC,ASO,ES,Federal Contract Tower,4,12,19,0,35,0,0,44,0,44,4,12,63,0,79,76,0,76,155
02/27/2022,INT,NC,ASO,ES,Federal Contract Tower,3,15,11,0,29,0,0,22,0,22,3,15,33,0,51,6,0,6,57
02/28/2022,INT,NC,ASO,ES,Federal Contract Tower,0,4,25,0,29,0,1,49,2,52,0,5,74,2,81,102,0,102,183
03/01/2022,INT,NC,ASO,ES,Federal Contract Tower,0,11,20,0,31,0,6,34,2,42,0,17,54,2,73,30,0,30,103
03/02/2022,INT,NC,ASO,ES,Federal Contract Tower,0,28,20,0,48,0,0,41,2,43,0,28,61,2,91,44,0,44,135
03/03/2022,INT,NC,ASO,ES,Federal Contract Tower,0,14,23,0,37,0,0,22,0,22,0,14,45,0,59,12,0,12,71
03/04/2022,INT,NC,ASO,ES,Federal Contract Tower,0,14,22,0,36,0,4,50,0,54,0,18,72,0,90,72,0,72,162
03/05/2022,INT,NC,ASO,ES,Federal Contract Tower,2,5,27,0,34,0,0,31,3,34,2,5,58,3,68,60,12,72,140
03/06/2022,INT,NC,ASO,ES,Federal Contract Tower,0,11,18,0,29,0,9,9,0,18,0,20,27,0,47,0,0,0,47
03/07/2022,INT,NC,ASO,ES,Federal Contract Tower,3,10,9,0,22,0,6,0,0,6,3,16,9,0,28,0,0,0,28
03/08/2022,INT,NC,ASO,ES,Federal Contract Tower,0,17,12,1,30,0,0,40,3,43,0,17,52,4,73,38,0,38,111
03/09/2022,INT,NC,ASO,ES,Federal Contract Tower,2,11,4,0,17,0,0,9,0,9,2,11,13,0,26,0,0,0,26
03/10/2022,INT,NC,ASO,ES,Federal Contract Tower,7,12,16,2,37,0,0,38,0,38,7,12,54,2,75,114,2,116,191
03/11/2022,INT,NC,ASO,ES,Federal Contract Tower,1,16,6,0,23,0,0,20,4,24,1,16,26,4,47,21,0,21,68
03/12/2022,INT,NC,ASO,ES,Federal Contract Tower,3,13,1,0,17,0,0,0,0,0,3,13,1,0,17,0,0,0,17
03/13/2022,INT,NC,ASO,ES,Federal Contract Tower,0,21,22,0,43,0,0,44,2,46,0,21,66,2,89,32,0,32,121
03/14/2022,INT,NC,ASO,ES,Federal Contract Tower,2,10,17,0,29,0,4,41,1,46,2,14,58,1,75,138,0,138,213
03/15/2022,INT,NC,ASO,ES,Federal Contract Tower,0,12,30,0,42,0,0,68,2,70,0,12,98,2,112,121,0,121,233
03/16/2022,INT,NC,ASO,ES,Federal Contract Tower,0,13,15,4,32,0,0,13,0,13,0,13,28,4,45,8,0,8,53
03/17/2022,INT,NC,ASO,ES,Federal Contract Tower,1,11,18,0,30,0,0,17,0,17,1,11,35,0,47,26,0,26,73
03/18/2022,INT,NC,ASO,ES,Federal Contract Tower,0,6,14,0,20,0,22,54,0,76,0,28,68,0,96,28,0,28,124
03/19/2022,INT,NC,ASO,ES,Federal Contract Tower,0,12,3,0,15,0,14,3,0,17,0,26,6,0,32,0,0,0,32
03/20/2022,INT,NC,ASO,ES,Federal Contract Tower,0,9,13,0,22,0,9,12,1,22,0,18,25,1,44,22,0,22,66
03/21/2022,INT,NC,ASO,ES,Federal Contract Tower,0,11,25,0,36,0,9,68,0,77,0,20,93,0,113,36,0,36,149
03/22/2022,INT,NC,ASO,ES,Federal Contract Tower,0,16,7,0,23,0,3,45,3,51,0,19,52,3,74,54,0,54,128
03/23/2022,INT,NC,ASO,ES,Federal Contract Tower,0,19,7,0,26,0,0,1,0,1,0,19,8,0,27,0,0,0,27
03/24/2022,INT,NC,ASO,ES,Federal Contract Tower,2,21,23,0,46,0,4,45,0,49,2,25,68,0,95,56,0,56,151
03/25/2022,INT,NC,ASO,ES,Federal Contract Tower,0,25,17,1,43,0,1,48,0,49,0,26,65,1,92,34,0,34,126
03/26/2022,INT,NC,ASO,ES,Federal Contract Tower,0,22,5,0,27,0,4,1,0,5,0,26,6,0,32,0,0,0,32
03/27/2022,INT,NC,ASO,ES,Federal Contract Tower,2,8,21,0,31,0,1,28,0,29,2,9,49,0,60,14,0,14,74
03/28/2022,INT,NC,ASO,ES,Federal Contract Tower,3,6,24,0,33,0,7,22,0,29,3,13,46,0,62,0,0,0,62
03/29/2022,INT,NC,ASO,ES,Federal Contract Tower,1,7,14,0,22,0,3,44,7,54,1,10,58,7,76,72,0,72,148
03/30/2022,INT,NC,ASO,ES,Federal Contract Tower,1,25,21,0,47,0,0,7,0,7,1,25,28,0,54,2,0,2,56
03/31/2022,INT,NC,ASO,ES,Federal Contract Tower,0,13,6,0,19,0,0,0,0,0,0,13,6,0,19,0,0,0,19
04/01/2022,INT,NC,ASO,ES,Federal Contract Tower,2,24,4,0,30,0,14,4,0,18,2,38,8,0,48,0,0,0,48
04/02/2022,INT,NC,ASO,ES,Federal Contract Tower,1,10,20,0,31,0,19,76,2,97,1,29,96,2,128,48,0,48,176
04/03/2022,INT,NC,ASO,ES,Federal Contract Tower,2,22,8,0,32,0,9,23,0,32,2,31,31,0,64,28,0,28,92
04/04/2022,INT,NC,ASO,ES,Federal Contract Tower,0,21,14,0,35,0,6,61,0,67,0,27,75,0,102,58,0,58,160
04/05/2022,INT,NC,ASO,ES,Federal Contract Tower,2,21,20,0,43,0,0,3,0,3,2,21,23,0,46,28,0,28,74
04/06/2022,INT,NC,ASO,ES,Federal Contract Tower,0,20,29,0,49,0,2,54,0,56,0,22,83,0,105,118,2,120,225
04/07/2022,INT,NC,ASO,ES,Federal Contract Tower,0,19,20,1,40,0,0,8,0,8,0,19,28,1,48,12,0,12,60
04/08/2022,INT,NC,ASO,ES,Federal Contract Tower,2,24,19,1,46,0,2,29,0,31,2,26,48,1,77,42,0,42,119
04/09/2022,INT,NC,ASO,ES,Federal Contract Tower,1,14,15,0,30,0,0,24,0,24,1,14,39,0,54,18,0,18,72
04/10/2022,INT,NC,ASO,ES,Federal Contract Tower,2,21,20,0,43,0,2,37,0,39,2,23,57,0,82,0,0,0,82
04/11/2022,INT,NC,ASO,ES,Federal Contract Tower,3,4,27,0,34,0,5,44,0,49,3,9,71,0,83,72,10,82,165
04/12/2022,INT,NC,ASO,ES,Federal Contract Tower,0,11,20,0,31,0,2,35,0,37,0,13,55,0,68,104,0,104,172
04/13/2022,INT,NC,ASO,ES,Federal Contract Tower,0,16,32,0,48,0,1,45,2,48,0,17,77,2,96,60,4,64,160
04/14/2022,INT,NC,ASO,ES,Federal Contract Tower,1,17,29,2,49,0,0,1,0,1,1,17,30,2,50,0,0,0,50
04/15/2022,INT,NC,ASO,ES,Federal Contract Tower,0,15,13,0,28,0,0,45,0,45,0,15,58,0,73,70,0,70,143
04/16/2022,INT,NC,ASO,ES,Federal Contract Tower,0,4,10,0,14,0,1,17,0,18,0,5,27,0,32,38,0,38,70
04/17/2022,INT,NC,ASO,ES,Federal Contract Tower,0,12,9,0,21,0,4,9,0,13,0,16,18,0,34,0,0,0,34
04/18/2022,INT,NC,ASO,ES,Federal Contract Tower,0,20,11,0,31,0,0,2,0,2,0,20,13,0,33,20,0,20,53
04/19/2022,INT,NC,ASO,ES,Federal Contract Tower,0,16,20,0,36,0,3,41,0,44,0,19,61,0,80,2,0,2,82
04/20/2022,INT,NC,ASO,ES,Federal Contract Tower,2,13,29,0,44,0,0,59,6,65,2,13,88,6,109,88,0,88,197
04/21/2022,INT,NC,ASO,ES,Federal Contract Tower,1,17,10,0,28,0,2,44,0,46,1,19,54,0,74,96,0,96,170
04/22/2022,INT,NC,ASO,ES,Federal Contract Tower,0,24,23,0,47,0,0,56,0,56,0,24,79,0,103,102,0,102,205
04/23/2022,INT,NC,ASO,ES,Federal Contract Tower,1,8,13,1,23,0,1,88,1,90,1,9,101,2,113,50,0,50,163
04/24/2022,INT,NC,ASO,ES,Federal Contract Tower,2,12,21,0,35,0,1,62,0,63,2,13,83,0,98,34,0,34,132
04/25/2022,INT,NC,ASO,ES,Federal Contract Tower,1,4,15,0,20,0,0,46,2,48,1,4,61,2,68,58,0,58,126
04/26/2022,INT,NC,ASO,ES,Federal Contract Tower,0,14,22,0,36,0,1,17,0,18,0,15,39,0,54,56,0,56,110
04/27/2022,INT,NC,ASO,ES,Federal Contract Tower,2,24,7,1,34,0,0,24,1,25,2,24,31,2,59,50,0,50,109
04/28/2022,INT,NC,ASO,ES,Federal Contract Tower,2,31,29,0,62,0,0,35,2,37,2,31,64,2,99,22,6,28,127
04/29/2022,INT,NC,ASO,ES,Federal Contract Tower,2,38,19,0,59,0,15,74,0,89,2,53,93,0,148,88,0,88,236
04/30/2022,INT,NC,ASO,ES,Federal Contract Tower,2,8,2,0,12,0,0,40,2,42,2,8,42,2,54,74,0,74,128
05/01/2022,INT,NC,ASO,ES,Federal Contract Tower,0,10,12,0,22,0,10,18,0,28,0,20,30,0,50,14,0,14,64
05/02/2022,INT,NC,ASO,ES,Federal Contract Tower,1,15,18,0,34,0,14,47,0,61,1,29,65,0,95,44,0,44,139
05/03/2022,INT,NC,ASO,ES,Federal Contract Tower,2,9,9,0,20,0,4,27,3,34,2,13,36,3,54,6,0,6,60
05/04/2022,INT,NC,ASO,ES,Federal Contract Tower,0,23,26,0,49,0,0,40,0,40,0,23,66,0,89,60,0,60,149
05/05/2022,INT,NC,ASO,ES,Federal Contract Tower,0,26,15,0,41,0,0,63,0,63,0,26,78,0,104,112,0,112,216
05/06/2022,INT,NC,ASO,ES,Federal Contract Tower,1,21,15,0,37,0,0,3,0,3,1,21,18,0,40,0,0,0,40
05/07/2022,INT,NC,ASO,ES,Federal Contract Tower,0,19,13,0,32,0,0,7,0,7,0,19,20,0,39,32,0,32,71
05/08/2022,INT,NC,ASO,ES,Federal Contract Tower,1,8,13,0,22,0,0,6,0,6,1,8,19,0,28,6,0,6,34
05/09/2022,INT,NC,ASO,ES,Federal Contract Tower,1,9,23,0,33,0,2,36,5,43,1,11,59,5,76,62,0,62,138
05/10/2022,INT,NC,ASO,ES,Federal Contract Tower,2,10,19,0,31,0,0,31,0,31,2,10,50,0,62,32,0,32,94
05/11/2022,INT,NC,ASO,ES,Federal Contract Tower,4,11,29,0,44,0,0,47,0,47,4,11,76,0,91,52,0,52,143
05/12/2022,INT,NC,ASO,ES,Federal Contract Tower,1,11,24,0,36,0,0,6,0,6,1,11,30,0,42,38,0,38,80
05/13/2022,INT,NC,ASO,ES,Federal Contract Tower,0,12,15,0,27,0,13,6,0,19,0,25,21,0,46,2,0,2,48
05/14/2022,INT,NC,ASO,ES,Federal Contract Tower,0,24,31,0,55,0,7,0,0,7,0,31,31,0,62,10,0,10,72
05/15/2022,INT,NC,ASO,ES,Federal Contract Tower,0,16,26,0,42,0,5,36,0,41,0,21,62,0,83,56,0,56,139
05/16/2022,INT,NC,ASO,ES,Federal Contract Tower,0,32,33,0,65,0,3,21,3,27,0,35,54,3,92,4,0,4,96
05/17/2022,INT,NC,ASO,ES,Federal Contract Tower,0,18,33,0,51,0,2,47,2,51,0,20,80,2,102,72,0,72,174
05/18/2022,INT,NC,ASO,ES,Federal Contract Tower,2,10,16,1,29,0,3,61,2,66,2,13,77,3,95,108,0,108,203
05/19/2022,INT,NC,ASO,ES,Federal Contract Tower,0,19,20,0,39,0,1,35,2,38,0,20,55,2,77,92,0,92,169
05/20/2022,INT,NC,ASO,ES,Federal Contract Tower,2,12,26,0,40,0,4,29,0,33,2,16,55,0,73,14,0,14,87
05/21/2022,INT,NC,ASO,ES,Federal Contract Tower,2,12,32,0,46,0,6,37,2,45,2,18,69,2,91,68,0,68,159
05/22/2022,INT,NC,ASO,ES,Federal Contract Tower,1,18,20,0,39,0,0,10,0,10,1,18,30,0,49,16,0,16,65
05/23/2022,INT,NC,ASO,ES,Federal Contract Tower,0,10,21,0,31,0,0,4,0,4,0,10,25,0,35,24,0,24,59
05/24/2022,INT,NC,ASO,ES,Federal Contract Tower,1,8,35,0,44,0,0,0,0,0,1,8,35,0,44,0,0,0,44
05/25/2022,INT,NC,ASO,ES,Federal Contract Tower,0,18,30,0,48,0,0,6,0,6,0,18,36,0,54,8,0,8,62
05/26/2022,INT,NC,ASO,ES,Federal Contract Tower,0,16,23,0,39,0,0,9,6,15,0,16,32,6,54,18,0,18,72
05/27/2022,INT,NC,ASO,ES,Federal Contract Tower,0,17,16,0,33,0,5,9,0,14,0,22,25,0,47,16,0,16,63
05/28/2022,INT,NC,ASO,ES,Federal Contract Tower,2,7,6,0,15,0,11,72,0,83,2,18,78,0,98,62,0,62,160
05/29/2022,INT,NC,ASO,ES,Federal Contract Tower,1,6,13,0,20,0,7,59,0,66,1,13,72,0,86,20,0,20,106
05/30/2022,INT,NC,ASO,ES,Federal Contract Tower,0,9,23,0,32,0,4,54,0,58,0,13,77,0,90,64,0,64,154
05/31/2022,INT,NC,ASO,ES,Federal Contract Tower,0,17,29,1,47,0,15,68,2,85,0,32,97,3,132,98,0,98,230
06/01/2022,INT,NC,ASO,ES,Federal Contract Tower,2,11,6,1,20,0,4,64,1,69,2,15,70,2,89,66,0,66,155
06/02/2022,INT,NC,ASO,ES,Federal Contract Tower,0,14,16,2,32,0,0,45,0,45,0,14,61,2,77,80,0,80,157
06/03/2022,INT,NC,ASO,ES,Federal Contract Tower,1,9,20,0,30,0,1,47,2,50,1,10,67,2,80,82,0,82,162
06/04/2022,INT,NC,ASO,ES,Federal Contract Tower,2,5,9,0,16,0,0,43,0,43,2,5,52,0,59,85,0,85,144
06/05/2022,INT,NC,ASO,ES,Federal Contract Tower,0,3,7,0,10,0,0,24,0,24,0,3,31,0,34,21,0,21,55
06/06/2022,INT,NC,ASO,ES,Federal Contract Tower,0,1,16,0,17,0,0,45,1,46,0,1,61,1,63,49,0,49,112
06/07/2022,INT,NC,ASO,ES,Federal Contract Tower,0,0,12,5,17,0,0,31,0,31,0,0,43,5,48,8,0,8,56
06/08/2022,INT,NC,ASO,ES,Federal Contract Tower,0,2,4,1,7,0,0,33,0,33,0,2,37,1,40,52,0,52,92
06/09/2022,INT,NC,ASO,ES,Federal Contract Tower,0,3,14,2,19,0,3,27,0,30,0,6,41,2,49,2,0,2,51
06/10/2022,INT,NC,ASO,ES,Federal Contract Tower,0,5,9,0,14,0,1,39,0,40,0,6,48,0,54,62,0,62,116
06/11/2022,INT,NC,ASO,ES,Federal Contract Tower,0,1,3,0,4,0,24,16,0,40,0,25,19,0,44,0,0,0,44
06/12/2022,INT,NC,ASO,ES,Federal Contract Tower,0,6,9,0,15,0,8,30,0,38,0,14,39,0,53,0,0,0,53
06/13/2022,INT,NC,ASO,ES,Federal Contract Tower,0,8,5,0,13,0,13,47,0,60,0,21,52,0,73,10,0,10,83
06/14/2022,INT,NC,ASO,ES,Federal Contract Tower,0,2,10,2,14,0,5,24,0,29,0,7,34,2,43,4,0,4,47
06/15/2022,INT,NC,ASO,ES,Federal Contract Tower,0,6,5,3,14,0,5,30,0,35,0,11,35,3,49,16,0,16,65
06/16/2022,INT,NC,ASO,ES,Federal Contract Tower,0,5,8,0,13,0,0,15,0,15,0,5,23,0,28,10,0,10,38
06/17/2022,INT,NC,ASO,ES,Federal Contract Tower,0,10,6,0,16,0,0,45,0,45,0,10,51,0,61,10,0,10,71
06/18/2022,INT,NC,ASO,ES,Federal Contract Tower,0,2,8,0,10,0,0,28,0,28,0,2,36,0,38,8,0,8,46
06/19/2022,INT,NC,ASO,ES,Federal Contract Tower,0,2,3,0,5,0,3,49,0,52,0,5,52,0,57,8,0,8,65
06/20/2022,INT,NC,ASO,ES,Federal Contract Tower,0,0,0,0,0,0,0,4,0,4,0,0,4,0,4,0,0,0,4
06/21/2022,INT,NC,ASO,ES,Federal Contract Tower,0,0,0,0,0,0,0,0,0,0,0,0,0,0,0,0,0,0,0
06/22/2022,INT,NC,ASO,ES,Federal Contract Tower,0,0,0,0,0,0,0,0,0,0,0,0,0,0,0,0,0,0,0
06/23/2022,INT,NC,ASO,ES,Federal Contract Tower,0,0,5,0,5,0,0,5,1,6,0,0,10,1,11,0,0,0,11
06/24/2022,INT,NC,ASO,ES,Federal Contract Tower,0,6,12,0,18,0,13,60,3,76,0,19,72,3,94,6,0,6,100
06/25/2022,INT,NC,ASO,ES,Federal Contract Tower,0,2,5,0,7,0,6,61,0,67,0,8,66,0,74,2,0,2,76
06/26/2022,INT,NC,ASO,ES,Federal Contract Tower,0,4,3,1,8,0,18,39,0,57,0,22,42,1,65,16,0,16,81
06/27/2022,INT,NC,ASO,ES,Federal Contract Tower,0,5,5,0,10,0,3,44,0,47,0,8,49,0,57,40,0,40,97
06/28/2022,INT,NC,ASO,ES,Federal Contract Tower,0,3,8,0,11,0,0,64,2,66,0,3,72,2,77,72,0,72,149
06/29/2022,INT,NC,ASO,ES,Federal Contract Tower,0,2,12,0,14,0,0,85,0,85,0,2,97,0,99,60,0,60,159
06/30/2022,INT,NC,ASO,ES,Federal Contract Tower,0,14,26,0,40,0,0,47,0,47,0,14,73,0,87,86,0,86,173
07/01/2022,INT,NC,ASO,ES,Federal Contract Tower,0,5,16,0,21,0,0,60,0,60,0,5,76,0,81,69,0,69,150
07/02/2022,INT,NC,ASO,ES,Federal Contract Tower,0,1,11,0,12,0,0,36,0,36,0,1,47,0,48,18,0,18,66
07/03/2022,INT,NC,ASO,ES,Federal Contract Tower,0,1,7,0,8,0,0,13,0,13,0,1,20,0,21,2,0,2,23
07/04/2022,INT,NC,ASO,ES,Federal Contract Tower,0,4,14,0,18,0,1,22,0,23,0,5,36,0,41,22,0,22,63
07/05/2022,INT,NC,ASO,ES,Federal Contract Tower,2,7,9,1,19,0,0,29,2,31,2,7,38,3,50,116,0,116,166
07/06/2022,INT,NC,ASO,ES,Federal Contract Tower,0,13,7,2,22,0,1,47,0,48,0,14,54,2,70,40,0,40,110
07/07/2022,INT,NC,ASO,ES,Federal Contract Tower,0,12,4,0,16,0,4,44,0,48,0,16,48,0,64,44,0,44,108
07/08/2022,INT,NC,ASO,ES,Federal Contract Tower,1,3,14,0,18,0,0,29,0,29,1,3,43,0,47,22,0,22,69
07/09/2022,INT,NC,ASO,ES,Federal Contract Tower,0,5,16,0,21,0,0,28,0,28,0,5,44,0,49,90,0,90,139
07/10/2022,INT,NC,ASO,ES,Federal Contract Tower,0,16,12,0,28,0,1,3,0,4,0,17,15,0,32,2,0,2,34
07/11/2022,INT,NC,ASO,ES,Federal Contract Tower,0,16,14,0,30,0,7,53,0,60,0,23,67,0,90,74,0,74,164
07/12/2022,INT,NC,ASO,ES,Federal Contract Tower,0,10,16,0,26,0,0,53,0,53,0,10,69,0,79,18,0,18,97
07/13/2022,INT,NC,ASO,ES,Federal Contract Tower,1,6,22,1,30,0,0,27,0,27,1,6,49,1,57,58,0,58,115
07/14/2022,INT,NC,ASO,ES,Federal Contract Tower,0,9,26,0,35,0,0,70,0,70,0,9,96,0,105,46,0,46,151
07/15/2022,INT,NC,ASO,ES,Federal Contract Tower,0,5,13,0,18,0,3,68,0,71,0,8,81,0,89,40,0,40,129
07/16/2022,INT,NC,ASO,ES,Federal Contract Tower,0,9,15,0,24,0,2,36,0,38,0,11,51,0,62,10,0,10,72
07/17/2022,INT,NC,ASO,ES,Federal Contract Tower,0,6,15,0,21,0,0,21,0,21,0,6,36,0,42,22,0,22,64
07/18/2022,INT,NC,ASO,ES,Federal Contract Tower,0,8,13,0,21,0,1,30,0,31,0,9,43,0,52,50,0,50,102
07/19/2022,INT,NC,ASO,ES,Federal Contract Tower,0,1,20,0,21,0,0,48,0,48,0,1,68,0,69,86,0,86,155
07/20/2022,INT,NC,ASO,ES,Federal Contract Tower,0,20,9,0,29,0,0,68,0,68,0,20,77,0,97,66,0,66,163
07/21/2022,INT,NC,ASO,ES,Federal Contract Tower,0,10,7,0,17,0,6,39,1,46,0,16,46,1,63,82,0,82,145
07/22/2022,INT,NC,ASO,ES,Federal Contract Tower,0,3,28,0,31,0,0,51,0,51,0,3,79,0,82,82,0,82,164
07/23/2022,INT,NC,ASO,ES,Federal Contract Tower,1,8,4,0,13,0,0,66,0,66,1,8,70,0,79,30,0,30,109
07/24/2022,INT,NC,ASO,ES,Federal Contract Tower,0,1,20,0,21,0,0,25,0,25,0,1,45,0,46,41,0,41,87
07/25/2022,INT,NC,ASO,ES,Federal Contract Tower,1,5,20,0,26,0,2,20,2,24,1,7,40,2,50,36,0,36,86
07/26/2022,INT,NC,ASO,ES,Federal Contract Tower,0,2,10,0,12,0,0,4,0,4,0,2,14,0,16,0,0,0,16
07/27/2022,INT,NC,ASO,ES,Federal Contract Tower,1,7,21,0,29,2,1,52,2,57,3,8,73,2,86,48,0,48,134
07/28/2022,INT,NC,ASO,ES,Federal Contract Tower,0,9,16,0,25,0,0,50,2,52,0,9,66,2,77,54,2,56,133
07/29/2022,INT,NC,ASO,ES,Federal Contract Tower,0,10,11,0,21,0,0,46,2,48,0,10,57,2,69,40,0,40,109
07/30/2022,INT,NC,ASO,ES,Federal Contract Tower,0,2,15,0,17,0,0,47,2,49,0,2,62,2,66,54,0,54,120
07/31/2022,INT,NC,ASO,ES,Federal Contract Tower,0,0,14,0,14,0,0,9,0,9,0,0,23,0,23,0,0,0,23
08/01/2022,INT,NC,ASO,ES,Federal Contract Tower,1,10,15,0,26,0,0,23,2,25,1,10,38,2,51,36,0,36,87
08/02/2022,INT,NC,ASO,ES,Federal Contract Tower,0,2,22,0,24,0,0,58,2,60,0,2,80,2,84,108,0,108,192
08/03/2022,INT,NC,ASO,ES,Federal Contract Tower,0,6,19,0,25,0,0,29,0,29,0,6,48,0,54,48,0,48,102
08/04/2022,INT,NC,ASO,ES,Federal Contract Tower,0,3,17,1,21,0,0,87,1,88,0,3,104,2,109,122,0,122,231
08/05/2022,INT,NC,ASO,ES,Federal Contract Tower,1,11,13,0,25,0,11,22,0,33,1,22,35,0,58,52,0,52,110
08/06/2022,INT,NC,ASO,ES,Federal Contract Tower,0,3,19,0,22,0,1,15,0,16,0,4,34,0,38,10,0,10,48
08/07/2022,INT,NC,ASO,ES,Federal Contract Tower,1,3,11,0,15,0,0,34,0,34,1,3,45,0,49,0,0,0,49
08/08/2022,INT,NC,ASO,ES,Federal Contract Tower,2,7,11,0,20,0,0,42,0,42,2,7,53,0,62,147,0,147,209
08/09/2022,INT,NC,ASO,ES,Federal Contract Tower,0,13,16,0,29,0,0,25,2,27,0,13,41,2,56,108,0,108,164
08/10/2022,INT,NC,ASO,ES,Federal Contract Tower,0,15,21,0,36,0,2,60,2,64,0,17,81,2,100,64,0,64,164
08/11/2022,INT,NC,ASO,ES,Federal Contract Tower,0,7,9,0,16,0,2,21,0,23,0,9,30,0,39,56,0,56,95
08/12/2022,INT,NC,ASO,ES,Federal Contract Tower,0,7,17,0,24,0,0,44,2,46,0,7,61,2,70,52,0,52,122
08/13/2022,INT,NC,ASO,ES,Federal Contract Tower,0,4,21,0,25,0,0,72,0,72,0,4,93,0,97,62,0,62,159
08/14/2022,INT,NC,ASO,ES,Federal Contract Tower,2,8,15,0,25,0,0,28,0,28,2,8,43,0,53,22,0,22,75
08/15/2022,INT,NC,ASO,ES,Federal Contract Tower,0,7,14,0,21,0,0,0,0,0,0,7,14,0,21,60,0,60,81
08/16/2022,INT,NC,ASO,ES,Federal Contract Tower,0,16,28,4,48,0,0,18,0,18,0,16,46,4,66,20,6,26,92
08/17/2022,INT,NC,ASO,ES,Federal Contract Tower,0,23,17,0,40,0,0,79,0,79,0,23,96,0,119,106,0,106,225
08/18/2022,INT,NC,ASO,ES,Federal Contract Tower,1,33,11,2,47,0,0,65,0,65,1,33,76,2,112,126,0,126,238
08/19/2022,INT,NC,ASO,ES,Federal Contract Tower,1,22,23,0,46,0,0,60,2,62,1,22,83,2,108,34,0,34,142
08/20/2022,INT,NC,ASO,ES,Federal Contract Tower,1,17,15,2,35,0,1,47,0,48,1,18,62,2,83,80,0,80,163
08/21/2022,INT,NC,ASO,ES,Federal Contract Tower,0,9,9,0,18,0,0,3,0,3,0,9,12,0,21,8,0,8,29
08/22/2022,INT,NC,ASO,ES,Federal Contract Tower,0,9,22,0,31,0,0,18,0,18,0,9,40,0,49,92,0,92,141
08/23/2022,INT,NC,ASO,ES,Federal Contract Tower,0,14,19,0,33,0,0,50,2,52,0,14,69,2,85,78,0,78,163
08/24/2022,INT,NC,ASO,ES,Federal Contract Tower,0,18,22,0,40,0,1,53,5,59,0,19,75,5,99,40,0,40,139
08/25/2022,INT,NC,ASO,ES,Federal Contract Tower,0,9,29,0,38,0,1,76,2,79,0,10,105,2,117,106,0,106,223
08/26/2022,INT,NC,ASO,ES,Federal Contract Tower,0,15,11,0,26,0,0,25,0,25,0,15,36,0,51,34,0,34,85
08/27/2022,INT,NC,ASO,ES,Federal Contract Tower,1,8,6,0,15,0,0,74,0,74,1,8,80,0,89,19,0,19,108
08/28/2022,INT,NC,ASO,ES,Federal Contract Tower,1,2,4,0,7,0,1,39,0,40,1,3,43,0,47,18,0,18,65
08/29/2022,INT,NC,ASO,ES,Federal Contract Tower,1,13,16,0,30,0,1,38,0,39,1,14,54,0,69,113,0,113,182
08/30/2022,INT,NC,ASO,ES,Federal Contract Tower,0,15,6,0,21,0,0,16,2,18,0,15,22,2,39,64,0,64,103
08/31/2022,INT,NC,ASO,ES,Federal Contract Tower,0,12,20,0,32,0,0,73,0,73,0,12,93,0,105,50,0,50,155
09/01/2022,INT,NC,ASO,ES,Federal Contract Tower,0,18,31,0,49,0,0,68,0,68,0,18,99,0,117,58,0,58,175
09/02/2022,INT,NC,ASO,ES,Federal Contract Tower,0,6,36,0,42,0,1,66,1,68,0,7,102,1,110,47,0,47,157
09/03/2022,INT,NC,ASO,ES,Federal Contract Tower,0,4,11,0,15,0,3,34,1,38,0,7,45,1,53,68,0,68,121
09/04/2022,INT,NC,ASO,ES,Federal Contract Tower,0,0,17,0,17,0,0,16,0,16,0,0,33,0,33,26,0,26,59
09/05/2022,INT,NC,ASO,ES,Federal Contract Tower,0,3,19,1,23,0,0,1,0,1,0,3,20,1,24,0,0,0,24
09/06/2022,INT,NC,ASO,ES,Federal Contract Tower,1,18,27,0,46,0,0,38,0,38,1,18,65,0,84,68,0,68,152
09/07/2022,INT,NC,ASO,ES,Federal Contract Tower,1,15,17,2,35,0,4,51,0,55,1,19,68,2,90,80,0,80,170
09/08/2022,INT,NC,ASO,ES,Federal Contract Tower,0,9,16,0,25,0,0,24,0,24,0,9,40,0,49,54,2,56,105
09/09/2022,INT,NC,ASO,ES,Federal Contract Tower,0,29,18,0,47,0,0,56,1,57,0,29,74,1,104,74,0,74,178
09/10/2022,INT,NC,ASO,ES,Federal Contract Tower,2,11,6,2,21,0,0,1,0,1,2,11,7,2,22,0,0,0,22
09/11/2022,INT,NC,ASO,ES,Federal Contract Tower,0,6,16,0,22,0,0,0,0,0,0,6,16,0,22,0,0,0,22
09/12/2022,INT,NC,ASO,ES,Federal Contract Tower,0,10,24,0,34,0,0,25,0,25,0,10,49,0,59,58,0,58,117
09/13/2022,INT,NC,ASO,ES,Federal Contract Tower,0,3,25,0,28,0,0,59,0,59,0,3,84,0,87,54,0,54,141
09/14/2022,INT,NC,ASO,ES,Federal Contract Tower,0,20,25,0,45,0,1,65,0,66,0,21,90,0,111,30,0,30,141
09/15/2022,INT,NC,ASO,ES,Federal Contract Tower,3,14,20,0,37,0,0,111,2,113,3,14,131,2,150,52,0,52,202
09/16/2022,INT,NC,ASO,ES,Federal Contract Tower,0,11,31,0,42,0,2,70,0,72,0,13,101,0,114,42,0,42,156
09/17/2022,INT,NC,ASO,ES,Federal Contract Tower,1,14,12,0,27,0,0,75,0,75,1,14,87,0,102,55,0,55,157
09/18/2022,INT,NC,ASO,ES,Federal Contract Tower,1,15,15,0,31,0,0,61,0,61,1,15,76,0,92,18,0,18,110
09/19/2022,INT,NC,ASO,ES,Federal Contract Tower,0,6,18,0,24,0,1,39,0,40,0,7,57,0,64,44,0,44,108
09/20/2022,INT,NC,ASO,ES,Federal Contract Tower,1,3,17,0,21,0,1,46,1,48,1,4,63,1,69,35,0,35,104
09/21/2022,INT,NC,ASO,ES,Federal Contract Tower,1,7,17,1,26,0,0,86,0,86,1,7,103,1,112,34,0,34,146
09/22/2022,INT,NC,ASO,ES,Federal Contract Tower,0,8,8,0,16,0,2,27,0,29,0,10,35,0,45,16,0,16,61
09/23/2022,INT,NC,ASO,ES,Federal Contract Tower,2,32,22,0,56,0,0,69,2,71,2,32,91,2,127,34,0,34,161
09/24/2022,INT,NC,ASO,ES,Federal Contract Tower,4,25,24,0,53,0,0,45,0,45,4,25,69,0,98,20,0,20,118
09/25/2022,INT,NC,ASO,ES,Federal Contract Tower,0,35,18,0,53,0,4,32,2,38,0,39,50,2,91,0,0,0,91
09/26/2022,INT,NC,ASO,ES,Federal Contract Tower,4,11,15,0,30,0,2,64,2,68,4,13,79,2,98,74,0,74,172
09/27/2022,INT,NC,ASO,ES,Federal Contract Tower,2,8,15,0,25,0,0,68,0,68,2,8,83,0,93,36,0,36,129
09/28/2022,INT,NC,ASO,ES,Federal Contract Tower,1,12,23,1,37,0,1,51,0,52,1,13,74,1,89,92,0,92,181
09/29/2022,INT,NC,ASO,ES,Federal Contract Tower,3,17,13,0,33,0,6,12,0,18,3,23,25,0,51,0,0,0,51
09/30/2022,INT,NC,ASO,ES,Federal Contract Tower,0,0,0,0,0,0,0,0,0,0,0,0,0,0,0,0,0,0,0
10/01/2022,INT,NC,ASO,ES,Federal Contract Tower,0,2,2,0,4,0,0,1,0,1,0,2,3,0,5,0,0,0,5
10/02/2022,INT,NC,ASO,ES,Federal Contract Tower,0,1,4,0,5,0,0,3,0,3,0,1,7,0,8,2,0,2,10
10/03/2022,INT,NC,ASO,ES,Federal Contract Tower,0,5,22,3,30,0,3,21,0,24,0,8,43,3,54,4,0,4,58
10/04/2022,INT,NC,ASO,ES,Federal Contract Tower,0,5,25,0,30,0,3,47,0,50,0,8,72,0,80,86,0,86,166
10/05/2022,INT,NC,ASO,ES,Federal Contract Tower,0,13,14,0,27,0,16,73,0,89,0,29,87,0,116,26,0,26,142
10/06/2022,INT,NC,ASO,ES,Federal Contract Tower,2,45,12,2,61,0,0,78,1,79,2,45,90,3,140,44,0,44,184
10/07/2022,INT,NC,ASO,ES,Federal Contract Tower,3,48,26,0,77,0,0,67,1,68,3,48,93,1,145,42,0,42,187
10/08/2022,INT,NC,ASO,ES,Federal Contract Tower,0,21,21,0,42,0,0,44,0,44,0,21,65,0,86,10,0,10,96
10/09/2022,INT,NC,ASO,ES,Federal Contract Tower,4,42,38,0,84,0,2,49,0,51,4,44,87,0,135,32,0,32,167
10/10/2022,INT,NC,ASO,ES,Federal Contract Tower,0,8,22,0,30,0,0,64,0,64,0,8,86,0,94,140,0,140,234
10/11/2022,INT,NC,ASO,ES,Federal Contract Tower,1,5,25,0,31,0,0,53,0,53,1,5,78,0,84,122,0,122,206
10/12/2022,INT,NC,ASO,ES,Federal Contract Tower,1,9,24,11,45,0,0,52,0,52,1,9,76,11,97,70,0,70,167
10/13/2022,INT,NC,ASO,ES,Federal Contract Tower,1,6,31,0,38,0,0,33,0,33,1,6,64,0,71,6,4,10,81
10/14/2022,INT,NC,ASO,ES,Federal Contract Tower,0,16,12,0,28,0,10,84,0,94,0,26,96,0,122,48,0,48,170
10/15/2022,INT,NC,ASO,ES,Federal Contract Tower,0,0,5,0,5,0,4,59,0,63,0,4,64,0,68,22,0,22,90
10/16/2022,INT,NC,ASO,ES,Federal Contract Tower,1,5,28,0,34,0,4,38,0,42,1,9,66,0,76,30,0,30,106
10/17/2022,INT,NC,ASO,ES,Federal Contract Tower,0,12,20,1,33,0,7,20,1,28,0,19,40,2,61,66,0,66,127
10/18/2022,INT,NC,ASO,ES,Federal Contract Tower,0,15,18,0,33,0,1,46,3,50,0,16,64,3,83,40,0,40,123
10/19/2022,INT,NC,ASO,ES,Federal Contract Tower,0,21,19,2,42,0,3,65,2,70,0,24,84,4,112,78,0,78,190
10/20/2022,INT,NC,ASO,ES,Federal Contract Tower,4,26,25,0,55,0,0,58,2,60,4,26,83,2,115,96,0,96,211
10/21/2022,INT,NC,ASO,ES,Federal Contract Tower,1,23,20,0,44,0,0,60,2,62,1,23,80,2,106,28,0,28,134
10/22/2022,INT,NC,ASO,ES,Federal Contract Tower,0,26,23,0,49,0,2,70,0,72,0,28,93,0,121,12,0,12,133
10/23/2022,INT,NC,ASO,ES,Federal Contract Tower,1,14,24,0,39,0,3,51,0,54,1,17,75,0,93,17,0,17,110
10/24/2022,INT,NC,ASO,ES,Federal Contract Tower,0,7,13,1,21,0,2,52,1,55,0,9,65,2,76,70,0,70,146
10/25/2022,INT,NC,ASO,ES,Federal Contract Tower,0,12,18,2,32,0,3,60,0,63,0,15,78,2,95,42,0,42,137
10/26/2022,INT,NC,ASO,ES,Federal Contract Tower,1,20,26,0,47,0,0,4,0,4,1,20,30,0,51,16,0,16,67
10/27/2022,INT,NC,ASO,ES,Federal Contract Tower,1,18,30,0,49,0,1,68,0,69,1,19,98,0,118,84,0,84,202
10/28/2022,INT,NC,ASO,ES,Federal Contract Tower,0,26,26,0,52,0,3,53,0,56,0,29,79,0,108,99,0,99,207
10/29/2022,INT,NC,ASO,ES,Federal Contract Tower,0,5,24,0,29,0,3,34,0,37,0,8,58,0,66,12,0,12,78
10/30/2022,INT,NC,ASO,ES,Federal Contract Tower,4,11,16,0,31,0,7,11,0,18,4,18,27,0,49,4,0,4,53
10/31/2022,INT,NC,ASO,ES,Federal Contract Tower,3,6,4,2,15,0,0,0,0,0,3,6,4,2,15,0,0,0,15
11/01/2022,INT,NC,ASO,ES,Federal Contract Tower,1,11,8,0,20,0,1,52,0,53,1,12,60,0,73,58,0,58,131
11/02/2022,INT,NC,ASO,ES,Federal Contract Tower,0,13,22,0,35,0,0,86,0,86,0,13,108,0,121,94,0,94,215
11/03/2022,INT,NC,ASO,ES,Federal Contract Tower,0,20,14,0,34,0,0,67,0,67,0,20,81,0,101,72,0,72,173
11/04/2022,INT,NC,ASO,ES,Federal Contract Tower,0,20,16,0,36,0,0,46,0,46,0,20,62,0,82,100,0,100,182
11/05/2022,INT,NC,ASO,ES,Federal Contract Tower,0,10,5,0,15,0,0,2,0,2,0,10,7,0,17,0,0,0,17
11/06/2022,INT,NC,ASO,ES,Federal Contract Tower,1,7,16,0,24,0,0,0,0,0,1,7,16,0,24,0,0,0,24
11/07/2022,INT,NC,ASO,ES,Federal Contract Tower,0,10,18,0,28,0,3,44,1,48,0,13,62,1,76,42,0,42,118
11/08/2022,INT,NC,ASO,ES,Federal Contract Tower,0,12,12,0,24,0,0,16,0,16,0,12,28,0,40,2,0,2,42
11/09/2022,INT,NC,ASO,ES,Federal Contract Tower,0,14,15,0,29,0,0,77,0,77,0,14,92,0,106,68,0,68,174
11/10/2022,INT,NC,ASO,ES,Federal Contract Tower,1,16,23,0,40,0,0,28,0,28,1,16,51,0,68,80,0,80,148
11/11/2022,INT,NC,ASO,ES,Federal Contract Tower,0,11,13,0,24,0,0,0,0,0,0,11,13,0,24,0,0,0,24
11/12/2022,INT,NC,ASO,ES,Federal Contract Tower,1,20,13,0,34,0,3,31,0,34,1,23,44,0,68,50,0,50,118
11/13/2022,INT,NC,ASO,ES,Federal Contract Tower,0,16,24,0,40,0,5,29,0,34,0,21,53,0,74,0,0,0,74
11/14/2022,INT,NC,ASO,ES,Federal Contract Tower,0,5,30,0,35,0,2,51,0,53,0,7,81,0,88,58,0,58,146
11/15/2022,INT,NC,ASO,ES,Federal Contract Tower,2,10,15,0,27,0,0,3,0,3,2,10,18,0,30,12,0,12,42
11/16/2022,INT,NC,ASO,ES,Federal Contract Tower,0,22,16,1,39,0,0,45,0,45,0,22,61,1,84,100,0,100,184
11/17/2022,INT,NC,ASO,ES,Federal Contract Tower,0,17,18,0,35,0,6,62,1,69,0,23,80,1,104,76,0,76,180
11/18/2022,INT,NC,ASO,ES,Federal Contract Tower,1,15,20,0,36,0,1,57,0,58,1,16,77,0,94,57,0,57,151
11/19/2022,INT,NC,ASO,ES,Federal Contract Tower,0,8,9,0,17,0,0,47,0,47,0,8,56,0,64,27,0,27,91
11/20/2022,INT,NC,ASO,ES,Federal Contract Tower,2,11,17,0,30,0,0,19,0,19,2,11,36,0,49,58,0,58,107
11/21/2022,INT,NC,ASO,ES,Federal Contract Tower,0,5,16,0,21,0,2,57,0,59,0,7,73,0,80,104,0,104,184
11/22/2022,INT,NC,ASO,ES,Federal Contract Tower,0,21,21,0,42,0,1,61,0,62,0,22,82,0,104,156,0,156,260
11/23/2022,INT,NC,ASO,ES,Federal Contract Tower,1,9,22,0,32,0,4,91,0,95,1,13,113,0,127,112,0,112,239
11/24/2022,INT,NC,ASO,ES,Federal Contract Tower,0,0,1,0,1,0,0,3,0,3,0,0,4,0,4,0,0,0,4
11/25/2022,INT,NC,ASO,ES,Federal Contract Tower,0,3,11,0,14,0,13,2,0,15,0,16,13,0,29,0,0,0,29
11/26/2022,INT,NC,ASO,ES,Federal Contract Tower,0,12,34,0,46,0,7,57,0,64,0,19,91,0,110,38,0,38,148
11/27/2022,INT,NC,ASO,ES,Federal Contract Tower,0,23,14,0,37,0,0,1,0,1,0,23,15,0,38,0,0,0,38
11/28/2022,INT,NC,ASO,ES,Federal Contract Tower,3,18,21,0,42,0,0,62,0,62,3,18,83,0,104,132,0,132,236
11/29/2022,INT,NC,ASO,ES,Federal Contract Tower,2,6,19,0,27,0,3,47,5,55,2,9,66,5,82,86,0,86,168
11/30/2022,INT,NC,ASO,ES,Federal Contract Tower,1,18,17,2,38,0,0,1,0,1,1,18,18,2,39,0,0,0,39
12/01/2022,INT,NC,ASO,ES,Federal Contract Tower,1,20,14,0,35,0,0,65,0,65,1,20,79,0,100,44,0,44,144
12/02/2022,INT,NC,ASO,ES,Federal Contract Tower,1,21,23,2,47,0,0,94,0,94,1,21,117,2,141,110,12,122,263
12/03/2022,INT,NC,ASO,ES,Federal Contract Tower,0,12,10,0,22,0,0,0,0,0,0,12,10,0,22,6,0,6,28
12/04/2022,INT,NC,ASO,ES,Federal Contract Tower,0,2,20,0,22,0,0,50,0,50,0,2,70,0,72,18,0,18,90
12/05/2022,INT,NC,ASO,ES,Federal Contract Tower,2,9,27,1,39,0,0,48,1,49,2,9,75,2,88,90,0,90,178
12/06/2022,INT,NC,ASO,ES,Federal Contract Tower,0,17,19,0,36,0,0,0,0,0,0,17,19,0,36,0,0,0,36
12/07/2022,INT,NC,ASO,ES,Federal Contract Tower,0,21,16,0,37,0,0,0,0,0,0,21,16,0,37,0,0,0,37
12/08/2022,INT,NC,ASO,ES,Federal Contract Tower,0,14,29,4,47,0,0,17,1,18,0,14,46,5,65,28,0,28,93
12/09/2022,INT,NC,ASO,ES,Federal Contract Tower,0,15,12,0,27,0,0,2,0,2,0,15,14,0,29,0,0,0,29
12/10/2022,INT,NC,ASO,ES,Federal Contract Tower,1,5,16,0,22,0,3,17,0,20,1,8,33,0,42,106,0,106,148
12/11/2022,INT,NC,ASO,ES,Federal Contract Tower,0,10,14,0,24,0,0,17,0,17,0,10,31,0,41,46,0,46,87
12/12/2022,INT,NC,ASO,ES,Federal Contract Tower,0,10,21,0,31,0,10,52,7,69,0,20,73,7,100,76,44,120,220
12/13/2022,INT,NC,ASO,ES,Federal Contract Tower,1,3,15,0,19,0,6,45,5,56,1,9,60,5,75,86,10,96,171
12/14/2022,INT,NC,ASO,ES,Federal Contract Tower,0,13,3,0,16,0,1,9,2,12,0,14,12,2,28,78,0,78,106
12/15/2022,INT,NC,ASO,ES,Federal Contract Tower,3,8,8,0,19,0,0,0,0,0,3,8,8,0,19,0,0,0,19
12/16/2022,INT,NC,ASO,ES,Federal Contract Tower,1,13,22,0,36,0,1,51,1,53,1,14,73,1,89,55,0,55,144
12/17/2022,INT,NC,ASO,ES,Federal Contract Tower,3,7,17,0,27,0,5,52,1,58,3,12,69,1,85,29,0,29,114
12/18/2022,INT,NC,ASO,ES,Federal Contract Tower,2,5,8,0,15,0,3,26,1,30,2,8,34,1,45,12,0,12,57
12/19/2022,INT,NC,ASO,ES,Federal Contract Tower,0,8,15,0,23,0,0,45,0,45,0,8,60,0,68,78,0,78,146
12/20/2022,INT,NC,ASO,ES,Federal Contract Tower,3,20,20,0,43,0,0,54,0,54,3,20,74,0,97,98,0,98,195
12/21/2022,INT,NC,ASO,ES,Federal Contract Tower,0,19,37,1,57,0,0,54,0,54,0,19,91,1,111,30,0,30,141
12/22/2022,INT,NC,ASO,ES,Federal Contract Tower,0,8,7,0,15,0,0,0,0,0,0,8,7,0,15,0,0,0,15
12/23/2022,INT,NC,ASO,ES,Federal Contract Tower,0,6,4,0,10,0,0,0,0,0,0,6,4,0,10,0,0,0,10
12/24/2022,INT,NC,ASO,ES,Federal Contract Tower,0,3,3,0,6,0,1,2,0,3,0,4,5,0,9,2,0,2,11
12/25/2022,INT,NC,ASO,ES,Federal Contract Tower,0,0,2,0,2,0,0,2,0,2,0,0,4,0,4,0,0,0,4
12/26/2022,INT,NC,ASO,ES,Federal Contract Tower,0,7,12,0,19,0,3,12,0,15,0,10,24,0,34,2,0,2,36
12/27/2022,INT,NC,ASO,ES,Federal Contract Tower,0,8,20,0,28,0,2,40,2,44,0,10,60,2,72,42,0,42,114
12/28/2022,INT,NC,ASO,ES,Federal Contract Tower,1,12,20,0,33,0,4,51,2,57,1,16,71,2,90,50,0,50,140
12/29/2022,INT,NC,ASO,ES,Federal Contract Tower,0,11,18,1,30,0,0,57,1,58,0,11,75,2,88,56,0,56,144
12/30/2022,INT,NC,ASO,ES,Federal Contract Tower,0,3,13,0,16,0,0,33,0,33,0,3,46,0,49,44,0,44,93
12/31/2022,INT,NC,ASO,ES,Federal Contract Tower,0,4,0,0,4,0,0,0,0,0,0,4,0,0,4,0,0,0,4
01/01/2023,INT,NC,ASO,ES,Federal Contract Tower,0,2,5,0,7,0,0,9,0,9,0,2,14,0,16,6,0,6,22
01/02/2023,INT,NC,ASO,ES,Federal Contract Tower,0,3,26,0,29,0,0,3,0,3,0,3,29,0,32,10,0,10,42
01/03/2023,INT,NC,ASO,ES,Federal Contract Tower,0,8,19,0,27,0,0,0,0,0,0,8,19,0,27,0,0,0,27
01/04/2023,INT,NC,ASO,ES,Federal Contract Tower,0,6,9,0,15,0,1,0,0,1,0,7,9,0,16,0,0,0,16
01/05/2023,INT,NC,ASO,ES,Federal Contract Tower,0,4,21,0,25,0,2,60,0,62,0,6,81,0,87,78,0,78,165
01/06/2023,INT,NC,ASO,ES,Federal Contract Tower,0,13,19,0,32,0,5,91,0,96,0,18,110,0,128,126,0,126,254
01/07/2023,INT,NC,ASO,ES,Federal Contract Tower,2,4,20,0,26,0,2,28,0,30,2,6,48,0,56,70,0,70,126
01/08/2023,INT,NC,ASO,ES,Federal Contract Tower,0,10,17,0,27,0,0,4,0,4,0,10,21,0,31,45,0,45,76
01/09/2023,INT,NC,ASO,ES,Federal Contract Tower,1,5,10,0,16,0,0,43,3,46,1,5,53,3,62,39,0,39,101
01/10/2023,INT,NC,ASO,ES,Federal Contract Tower,0,10,21,0,31,0,0,65,3,68,0,10,86,3,99,82,0,82,181
01/11/2023,INT,NC,ASO,ES,Federal Contract Tower,2,13,8,0,23,0,0,75,2,77,2,13,83,2,100,114,0,114,214
01/12/2023,INT,NC,ASO,ES,Federal Contract Tower,0,12,9,0,21,0,1,1,0,2,0,13,10,0,23,16,0,16,39
01/13/2023,INT,NC,ASO,ES,Federal Contract Tower,3,7,18,0,28,0,3,30,0,33,3,10,48,0,61,8,0,8,69
01/14/2023,INT,NC,ASO,ES,Federal Contract Tower,1,4,23,0,28,0,0,12,0,12,1,4,35,0,40,7,0,7,47
01/15/2023,INT,NC,ASO,ES,Federal Contract Tower,1,14,8,0,23,0,1,74,0,75,1,15,82,0,98,68,0,68,166
01/16/2023,INT,NC,ASO,ES,Federal Contract Tower,0,10,20,0,30,0,0,70,0,70,0,10,90,0,100,119,0,119,219
01/17/2023,INT,NC,ASO,ES,Federal Contract Tower,0,16,24,0,40,0,0,0,0,0,0,16,24,0,40,0,0,0,40
01/18/2023,INT,NC,ASO,ES,Federal Contract Tower,0,25,26,0,51,0,2,40,0,42,0,27,66,0,93,32,0,32,125
01/19/2023,INT,NC,ASO,ES,Federal Contract Tower,4,8,11,0,23,0,0,1,0,1,4,8,12,0,24,0,0,0,24
01/20/2023,INT,NC,ASO,ES,Federal Contract Tower,0,19,15,0,34,0,3,53,0,56,0,22,68,0,90,46,0,46,136
01/21/2023,INT,NC,ASO,ES,Federal Contract Tower,0,8,13,1,22,0,1,92,1,94,0,9,105,2,116,126,0,126,242
01/22/2023,INT,NC,ASO,ES,Federal Contract Tower,0,7,5,0,12,0,0,0,0,0,0,7,5,0,12,0,0,0,12
01/23/2023,INT,NC,ASO,ES,Federal Contract Tower,2,7,22,0,31,0,0,27,0,27,2,7,49,0,58,28,0,28,86
01/24/2023,INT,NC,ASO,ES,Federal Contract Tower,2,7,19,0,28,0,3,105,0,108,2,10,124,0,136,114,0,114,250
01/25/2023,INT,NC,ASO,ES,Federal Contract Tower,0,15,6,0,21,0,0,0,0,0,0,15,6,0,21,0,0,0,21
01/26/2023,INT,NC,ASO,ES,Federal Contract Tower,1,15,17,0,33,0,0,59,0,59,1,15,76,0,92,80,0,80,172
01/27/2023,INT,NC,ASO,ES,Federal Contract Tower,0,24,22,0,46,0,0,75,0,75,0,24,97,0,121,66,0,66,187
01/28/2023,INT,NC,ASO,ES,Federal Contract Tower,2,12,13,0,27,0,0,63,0,63,2,12,76,0,90,38,0,38,128
01/29/2023,INT,NC,ASO,ES,Federal Contract Tower,1,9,11,0,21,0,0,19,0,19,1,9,30,0,40,40,0,40,80
01/30/2023,INT,NC,ASO,ES,Federal Contract Tower,0,7,13,0,20,0,0,23,0,23,0,7,36,0,43,90,0,90,133
02/01/2023,INT,NC,ASO,ES,Federal Contract Tower,4,10,6,0,20,0,0,0,0,0,4,10,6,0,20,0,0,0,20
02/02/2023,INT,NC,ASO,ES,Federal Contract Tower,0,14,6,0,20,0,0,0,0,0,0,14,6,0,20,0,0,0,20
02/03/2023,INT,NC,ASO,ES,Federal Contract Tower,5,20,17,0,42,0,4,50,0,54,5,24,67,0,96,16,2,18,114
02/04/2023,INT,NC,ASO,ES,Federal Contract Tower,2,4,17,0,23,0,4,76,0,80,2,8,93,0,103,20,0,20,123
02/05/2023,INT,NC,ASO,ES,Federal Contract Tower,0,6,10,2,18,0,1,33,0,34,0,7,43,2,52,25,0,25,77
02/06/2023,INT,NC,ASO,ES,Federal Contract Tower,0,14,15,0,29,0,7,51,0,58,0,21,66,0,87,86,0,86,173
02/07/2023,INT,NC,ASO,ES,Federal Contract Tower,0,14,37,0,51,0,1,69,17,87,0,15,106,17,138,134,0,134,272
02/08/2023,INT,NC,ASO,ES,Federal Contract Tower,0,23,12,0,35,0,3,79,4,86,0,26,91,4,121,88,0,88,209
02/09/2023,INT,NC,ASO,ES,Federal Contract Tower,1,9,8,0,18,0,0,15,0,15,1,9,23,0,33,22,0,22,55
02/10/2023,INT,NC,ASO,ES,Federal Contract Tower,4,16,31,0,51,0,2,43,0,45,4,18,74,0,96,53,0,53,149
02/11/2023,INT,NC,ASO,ES,Federal Contract Tower,2,9,14,0,25,0,3,45,0,48,2,12,59,0,73,49,0,49,122
02/12/2023,INT,NC,ASO,ES,Federal Contract Tower,0,6,4,0,10,0,2,0,0,2,0,8,4,0,12,0,0,0,12
02/13/2023,INT,NC,ASO,ES,Federal Contract Tower,2,15,21,0,38,0,4,46,0,50,2,19,67,0,88,111,0,111,199
02/14/2023,INT,NC,ASO,ES,Federal Contract Tower,0,4,14,0,18,0,1,64,0,65,0,5,78,0,83,138,0,138,221
02/15/2023,INT,NC,ASO,ES,Federal Contract Tower,2,13,6,0,21,0,0,44,0,44,2,13,50,0,65,122,0,122,187
02/16/2023,INT,NC,ASO,ES,Federal Contract Tower,2,11,24,0,37,0,0,6,0,6,2,11,30,0,43,98,0,98,141
02/17/2023,INT,NC,ASO,ES,Federal Contract Tower,2,14,14,0,30,0,1,0,0,1,2,15,14,0,31,0,0,0,31
02/18/2023,INT,NC,ASO,ES,Federal Contract Tower,2,4,13,0,19,0,3,67,0,70,2,7,80,0,89,70,0,70,159
02/19/2023,INT,NC,ASO,ES,Federal Contract Tower,2,3,13,0,18,0,6,21,0,27,2,9,34,0,45,12,0,12,57
02/20/2023,INT,NC,ASO,ES,Federal Contract Tower,0,19,21,0,40,0,5,74,0,79,0,24,95,0,119,146,0,146,265
02/21/2023,INT,NC,ASO,ES,Federal Contract Tower,2,9,13,0,24,0,1,42,0,43,2,10,55,0,67,34,0,34,101
02/22/2023,INT,NC,ASO,ES,Federal Contract Tower,2,11,17,1,31,0,1,17,1,19,2,12,34,2,50,36,1,37,87
02/23/2023,INT,NC,ASO,ES,Federal Contract Tower,1,17,14,0,32,0,1,22,0,23,1,18,36,0,55,12,0,12,67
02/24/2023,INT,NC,ASO,ES,Federal Contract Tower,1,23,25,2,51,0,0,31,0,31,1,23,56,2,82,34,0,34,116
02/25/2023,INT,NC,ASO,ES,Federal Contract Tower,4,20,7,0,31,0,0,1,0,1,4,20,8,0,32,0,0,0,32
02/26/2023,INT,NC,ASO,ES,Federal Contract Tower,0,14,17,0,31,0,0,10,0,10,0,14,27,0,41,73,0,73,114
02/27/2023,INT,NC,ASO,ES,Federal Contract Tower,2,20,13,0,35,0,1,18,0,19,2,21,31,0,54,48,0,48,102
02/28/2023,INT,NC,ASO,ES,Federal Contract Tower,2,15,27,0,44,0,0,37,0,37,2,15,64,0,81,82,0,82,163
03/01/2023,INT,NC,ASO,ES,Federal Contract Tower,3,10,30,0,43,0,0,63,0,63,3,10,93,0,106,104,0,104,210
03/02/2023,INT,NC,ASO,ES,Federal Contract Tower,0,15,33,0,48,0,0,6,0,6,0,15,39,0,54,10,0,10,64
03/03/2023,INT,NC,ASO,ES,Federal Contract Tower,2,7,10,0,19,0,0,0,0,0,2,7,10,0,19,0,0,0,19
03/04/2023,INT,NC,ASO,ES,Federal Contract Tower,0,7,8,0,15,0,9,46,0,55,0,16,54,0,70,10,0,10,80
03/05/2023,INT,NC,ASO,ES,Federal Contract Tower,1,2,13,0,16,0,1,68,0,69,1,3,81,0,85,108,0,108,193
03/06/2023,INT,NC,ASO,ES,Federal Contract Tower,2,6,12,0,20,0,1,66,0,67,2,7,78,0,87,144,0,144,231
03/07/2023,INT,NC,ASO,ES,Federal Contract Tower,0,5,16,0,21,0,9,34,2,45,0,14,50,2,66,58,0,58,124
03/08/2023,INT,NC,ASO,ES,Federal Contract Tower,0,6,12,4,22,0,2,86,3,91,0,8,98,7,113,134,0,134,247
03/09/2023,INT,NC,ASO,ES,Federal Contract Tower,2,7,13,0,22,0,0,91,1,92,2,7,104,1,114,168,0,168,282
03/10/2023,INT,NC,ASO,ES,Federal Contract Tower,0,9,19,0,28,0,0,0,0,0,0,9,19,0,28,0,0,0,28
03/11/2023,INT,NC,ASO,ES,Federal Contract Tower,0,8,11,0,19,0,0,35,0,35,0,8,46,0,54,15,0,15,69
03/12/2023,INT,NC,ASO,ES,Federal Contract Tower,1,12,6,0,19,0,0,0,0,0,1,12,6,0,19,0,0,0,19
03/13/2023,INT,NC,ASO,ES,Federal Contract Tower,2,12,16,0,30,0,6,24,0,30,2,18,40,0,60,24,0,24,84
03/14/2023,INT,NC,ASO,ES,Federal Contract Tower,1,15,17,6,39,0,2,20,0,22,1,17,37,6,61,30,6,36,97
03/15/2023,INT,NC,ASO,ES,Federal Contract Tower,0,10,19,1,30,0,0,59,1,60,0,10,78,2,90,100,0,100,190
03/16/2023,INT,NC,ASO,ES,Federal Contract Tower,0,8,26,0,34,0,4,68,0,72,0,12,94,0,106,138,0,138,244
03/17/2023,INT,NC,ASO,ES,Federal Contract Tower,2,17,18,0,37,0,1,4,0,5,2,18,22,0,42,8,0,8,50
03/18/2023,INT,NC,ASO,ES,Federal Contract Tower,2,16,15,0,33,0,4,28,0,32,2,20,43,0,65,32,0,32,97
03/19/2023,INT,NC,ASO,ES,Federal Contract Tower,0,16,26,0,42,0,2,55,2,59,0,18,81,2,101,42,0,42,143
03/20/2023,INT,NC,ASO,ES,Federal Contract Tower,2,15,23,0,40,0,4,74,0,78,2,19,97,0,118,110,0,110,228
03/21/2023,INT,NC,ASO,ES,Federal Contract Tower,2,13,17,0,32,0,2,84,0,86,2,15,101,0,118,100,0,100,218
03/22/2023,INT,NC,ASO,ES,Federal Contract Tower,0,18,26,0,44,0,0,28,0,28,0,18,54,0,72,10,0,10,82
03/23/2023,INT,NC,ASO,ES,Federal Contract Tower,0,10,17,0,27,0,6,16,0,22,0,16,33,0,49,36,0,36,85
03/24/2023,INT,NC,ASO,ES,Federal Contract Tower,2,16,15,0,33,0,2,53,0,55,2,18,68,0,88,50,0,50,138
03/25/2023,INT,NC,ASO,ES,Federal Contract Tower,0,9,8,0,17,0,0,1,0,1,0,9,9,0,18,0,0,0,18
03/26/2023,INT,NC,ASO,ES,Federal Contract Tower,0,9,22,0,31,0,8,68,0,76,0,17,90,0,107,86,0,86,193
03/27/2023,INT,NC,ASO,ES,Federal Contract Tower,0,10,28,0,38,0,6,17,0,23,0,16,45,0,61,66,0,66,127
03/28/2023,INT,NC,ASO,ES,Federal Contract Tower,2,11,27,0,40,0,3,31,0,34,2,14,58,0,74,104,0,104,178
03/29/2023,INT,NC,ASO,ES,Federal Contract Tower,1,34,14,0,49,0,0,101,2,103,1,34,115,2,152,148,0,148,300
03/30/2023,INT,NC,ASO,ES,Federal Contract Tower,1,18,22,0,41,0,1,89,2,92,1,19,111,2,133,84,0,84,217
03/31/2023,INT,NC,ASO,ES,Federal Contract Tower,2,13,13,0,28,0,5,26,0,31,2,18,39,0,59,30,0,30,89
04/01/2023,INT,NC,ASO,ES,Federal Contract Tower,2,11,8,0,21,0,1,1,0,2,2,12,9,0,23,0,0,0,23
04/02/2023,INT,NC,ASO,ES,Federal Contract Tower,0,11,27,0,38,0,1,75,0,76,0,12,102,0,114,78,0,78,192
04/03/2023,INT,NC,ASO,ES,Federal Contract Tower,2,10,27,5,44,0,10,38,0,48,2,20,65,5,92,56,0,56,148
04/04/2023,INT,NC,ASO,ES,Federal Contract Tower,0,6,18,0,24,0,4,58,0,62,0,10,76,0,86,144,0,144,230
04/05/2023,INT,NC,ASO,ES,Federal Contract Tower,0,14,20,0,34,0,1,23,0,24,0,15,43,0,58,152,0,152,210
04/06/2023,INT,NC,ASO,ES,Federal Contract Tower,2,20,14,2,38,0,1,37,1,39,2,21,51,3,77,54,0,54,131
04/07/2023,INT,NC,ASO,ES,Federal Contract Tower,1,14,8,0,23,0,0,0,0,0,1,14,8,0,23,0,0,0,23
04/08/2023,INT,NC,ASO,ES,Federal Contract Tower,0,10,6,0,16,0,0,0,0,0,0,10,6,0,16,0,0,0,16
04/09/2023,INT,NC,ASO,ES,Federal Contract Tower,2,15,14,0,31,0,1,19,0,20,2,16,33,0,51,24,0,24,75
04/10/2023,INT,NC,ASO,ES,Federal Contract Tower,0,17,16,0,33,0,6,72,0,78,0,23,88,0,111,90,0,90,201
04/11/2023,INT,NC,ASO,ES,Federal Contract Tower,2,10,26,0,38,0,3,77,0,80,2,13,103,0,118,124,0,124,242
04/12/2023,INT,NC,ASO,ES,Federal Contract Tower,2,11,37,0,50,0,9,73,0,82,2,20,110,0,132,112,0,112,244
04/13/2023,INT,NC,ASO,ES,Federal Contract Tower,0,19,23,0,42,0,3,77,0,80,0,22,100,0,122,90,0,90,212
04/14/2023,INT,NC,ASO,ES,Federal Contract Tower,2,12,20,0,34,0,0,2,0,2,2,12,22,0,36,0,0,0,36
04/15/2023,INT,NC,ASO,ES,Federal Contract Tower,2,9,17,0,28,0,0,24,0,24,2,9,41,0,52,12,0,12,64
04/16/2023,INT,NC,ASO,ES,Federal Contract Tower,0,10,38,0,48,0,2,46,0,48,0,12,84,0,96,44,0,44,140
04/17/2023,INT,NC,ASO,ES,Federal Contract Tower,0,2,19,0,21,0,5,34,0,39,0,7,53,0,60,36,0,36,96
04/18/2023,INT,NC,ASO,ES,Federal Contract Tower,3,8,24,0,35,0,1,56,0,57,3,9,80,0,92,54,0,54,146
04/19/2023,INT,NC,ASO,ES,Federal Contract Tower,0,11,17,0,28,0,10,98,0,108,0,21,115,0,136,158,0,158,294
04/20/2023,INT,NC,ASO,ES,Federal Contract Tower,2,17,33,0,52,0,5,69,4,78,2,22,102,4,130,120,0,120,250
04/21/2023,INT,NC,ASO,ES,Federal Contract Tower,0,24,35,0,59,0,0,57,0,57,0,24,92,0,116,38,0,38,154
04/22/2023,INT,NC,ASO,ES,Federal Contract Tower,1,7,5,0,13,0,6,9,0,15,1,13,14,0,28,6,0,6,34
04/23/2023,INT,NC,ASO,ES,Federal Contract Tower,0,10,19,0,29,0,6,45,0,51,0,16,64,0,80,37,0,37,117
04/24/2023,INT,NC,ASO,ES,Federal Contract Tower,0,8,25,0,33,0,1,42,2,45,0,9,67,2,78,50,0,50,128
04/25/2023,INT,NC,ASO,ES,Federal Contract Tower,0,10,20,0,30,0,9,61,1,71,0,19,81,1,101,94,0,94,195
04/26/2023,INT,NC,ASO,ES,Federal Contract Tower,1,15,13,0,29,0,1,56,0,57,1,16,69,0,86,74,0,74,160
04/27/2023,INT,NC,ASO,ES,Federal Contract Tower,3,18,15,0,36,0,0,0,0,0,3,18,15,0,36,0,0,0,36
04/28/2023,INT,NC,ASO,ES,Federal Contract Tower,1,7,10,0,18,0,3,3,0,6,1,10,13,0,24,0,0,0,24
04/29/2023,INT,NC,ASO,ES,Federal Contract Tower,0,7,24,0,31,0,4,53,0,57,0,11,77,0,88,22,0,22,110
04/30/2023,INT,NC,ASO,ES,Federal Contract Tower,0,24,15,0,39,0,6,5,0,11,0,30,20,0,50,28,0,28,78
05/01/2023,INT,NC,ASO,ES,Federal Contract Tower,1,7,22,0,30,0,9,34,0,43,1,16,56,0,73,48,0,48,121
05/02/2023,INT,NC,ASO,ES,Federal Contract Tower,0,15,12,0,27,0,10,9,0,19,0,25,21,0,46,26,0,26,72
05/03/2023,INT,NC,ASO,ES,Federal Contract Tower,4,17,20,2,43,0,0,24,0,24,4,17,44,2,67,22,0,22,89
05/04/2023,INT,NC,ASO,ES,Federal Contract Tower,2,25,19,0,46,0,3,106,2,111,2,28,125,2,157,116,0,116,273
05/05/2023,INT,NC,ASO,ES,Federal Contract Tower,2,26,6,0,34,0,9,81,0,90,2,35,87,0,124,102,0,102,226
05/06/2023,INT,NC,ASO,ES,Federal Contract Tower,1,2,10,0,13,0,14,42,0,56,1,16,52,0,69,16,0,16,85
05/07/2023,INT,NC,ASO,ES,Federal Contract Tower,0,4,10,0,14,0,3,27,0,30,0,7,37,0,44,76,0,76,120
05/08/2023,INT,NC,ASO,ES,Federal Contract Tower,1,7,17,0,25,0,10,62,1,73,1,17,79,1,98,104,0,104,202
05/09/2023,INT,NC,ASO,ES,Federal Contract Tower,0,14,12,0,26,0,4,34,0,38,0,18,46,0,64,38,0,38,102
05/10/2023,INT,NC,ASO,ES,Federal Contract Tower,2,19,24,0,45,0,1,90,2,93,2,20,114,2,138,68,0,68,206
05/11/2023,INT,NC,ASO,ES,Federal Contract Tower,0,2,22,0,24,0,0,59,0,59,0,2,81,0,83,166,0,166,249
05/12/2023,INT,NC,ASO,ES,Federal Contract Tower,1,29,27,0,57,0,7,19,0,26,1,36,46,0,83,30,0,30,113
05/13/2023,INT,NC,ASO,ES,Federal Contract Tower,0,24,20,0,44,0,4,9,0,13,0,28,29,0,57,0,0,0,57
05/14/2023,INT,NC,ASO,ES,Federal Contract Tower,0,28,26,0,54,0,5,14,0,19,0,33,40,0,73,24,0,24,97
05/15/2023,INT,NC,ASO,ES,Federal Contract Tower,0,55,31,0,86,0,7,48,2,57,0,62,79,2,143,26,0,26,169
05/16/2023,INT,NC,ASO,ES,Federal Contract Tower,0,15,25,0,40,0,4,24,1,29,0,19,49,1,69,66,0,66,135
05/17/2023,INT,NC,ASO,ES,Federal Contract Tower,0,14,33,0,47,0,0,106,0,106,0,14,139,0,153,52,0,52,205
05/18/2023,INT,NC,ASO,ES,Federal Contract Tower,0,21,18,0,39,0,1,58,0,59,0,22,76,0,98,56,0,56,154
05/19/2023,INT,NC,ASO,ES,Federal Contract Tower,0,24,24,0,48,0,0,22,0,22,0,24,46,0,70,68,0,68,138
05/20/2023,INT,NC,ASO,ES,Federal Contract Tower,1,6,12,0,19,0,0,25,0,25,1,6,37,0,44,56,0,56,100
05/21/2023,INT,NC,ASO,ES,Federal Contract Tower,1,14,12,0,27,0,4,41,0,45,1,18,53,0,72,10,0,10,82
05/22/2023,INT,NC,ASO,ES,Federal Contract Tower,1,4,23,0,28,0,9,58,1,68,1,13,81,1,96,84,0,84,180
05/23/2023,INT,NC,ASO,ES,Federal Contract Tower,1,10,25,2,38,0,1,70,0,71,1,11,95,2,109,34,0,34,143
05/24/2023,INT,NC,ASO,ES,Federal Contract Tower,2,17,22,0,41,0,0,51,0,51,2,17,73,0,92,72,0,72,164
05/25/2023,INT,NC,ASO,ES,Federal Contract Tower,0,17,24,0,41,0,0,36,0,36,0,17,60,0,77,22,0,22,99
05/26/2023,INT,NC,ASO,ES,Federal Contract Tower,1,8,25,0,34,0,1,20,0,21,1,9,45,0,55,0,0,0,55
05/27/2023,INT,NC,ASO,ES,Federal Contract Tower,1,5,4,0,10,0,1,5,0,6,1,6,9,0,16,0,0,0,16
05/28/2023,INT,NC,ASO,ES,Federal Contract Tower,0,2,3,0,5,0,0,0,0,0,0,2,3,0,5,0,0,0,5
05/29/2023,INT,NC,ASO,ES,Federal Contract Tower,0,5,9,0,14,0,4,0,0,4,0,9,9,0,18,0,0,0,18
05/30/2023,INT,NC,ASO,ES,Federal Contract Tower,0,11,14,0,25,0,2,1,0,3,0,13,15,0,28,0,0,0,28
05/31/2023,INT,NC,ASO,ES,Federal Contract Tower,2,17,15,0,34,0,0,69,2,71,2,17,84,2,105,90,0,90,195
06/01/2023,INT,NC,ASO,ES,Federal Contract Tower,0,21,25,1,47,0,3,87,3,93,0,24,112,4,140,58,0,58,198
06/02/2023,INT,NC,ASO,ES,Federal Contract Tower,0,27,22,0,49,0,0,79,2,81,0,27,101,2,130,35,0,35,165
06/03/2023,INT,NC,ASO,ES,Federal Contract Tower,0,11,10,0,21,0,1,74,1,76,0,12,84,1,97,49,0,49,146
06/04/2023,INT,NC,ASO,ES,Federal Contract Tower,0,17,16,0,33,0,3,9,0,12,0,20,25,0,45,20,0,20,65
06/05/2023,INT,NC,ASO,ES,Federal Contract Tower,2,14,16,1,33,0,10,35,1,46,2,24,51,2,79,169,0,169,248
06/06/2023,INT,NC,ASO,ES,Federal Contract Tower,1,6,6,0,13,0,4,64,2,70,1,10,70,2,83,136,0,136,219
06/07/2023,INT,NC,ASO,ES,Federal Contract Tower,1,11,25,0,37,0,2,11,0,13,1,13,36,0,50,78,0,78,128
06/08/2023,INT,NC,ASO,ES,Federal Contract Tower,2,13,24,0,39,0,3,63,2,68,2,16,87,2,107,158,0,158,265
06/09/2023,INT,NC,ASO,ES,Federal Contract Tower,0,19,12,0,31,0,5,63,2,70,0,24,75,2,101,128,0,128,229
06/10/2023,INT,NC,ASO,ES,Federal Contract Tower,2,9,12,1,24,0,7,39,0,46,2,16,51,1,70,6,0,6,76
06/11/2023,INT,NC,ASO,ES,Federal Contract Tower,0,10,18,0,28,0,5,30,0,35,0,15,48,0,63,40,0,40,103
06/12/2023,INT,NC,ASO,ES,Federal Contract Tower,2,9,11,0,22,0,2,17,0,19,2,11,28,0,41,20,0,20,61
06/13/2023,INT,NC,ASO,ES,Federal Contract Tower,0,8,7,0,15,0,2,60,0,62,0,10,67,0,77,80,0,80,157
06/14/2023,INT,NC,ASO,ES,Federal Contract Tower,1,14,15,0,30,0,0,46,0,46,1,14,61,0,76,26,0,26,102
06/15/2023,INT,NC,ASO,ES,Federal Contract Tower,0,15,12,2,29,0,0,64,4,68,0,15,76,6,97,62,0,62,159
06/16/2023,INT,NC,ASO,ES,Federal Contract Tower,1,17,12,12,42,0,0,47,1,48,1,17,59,13,90,96,0,96,186
06/17/2023,INT,NC,ASO,ES,Federal Contract Tower,1,10,17,0,28,0,1,68,0,69,1,11,85,0,97,28,0,28,125
06/18/2023,INT,NC,ASO,ES,Federal Contract Tower,1,7,13,0,21,0,0,46,0,46,1,7,59,0,67,94,0,94,161
06/19/2023,INT,NC,ASO,ES,Federal Contract Tower,1,4,17,0,22,0,0,0,0,0,1,4,17,0,22,0,0,0,22
06/20/2023,INT,NC,ASO,ES,Federal Contract Tower,0,4,18,0,22,0,0,2,0,2,0,4,20,0,24,0,0,0,24
06/21/2023,INT,NC,ASO,ES,Federal Contract Tower,1,19,15,0,35,0,0,0,0,0,1,19,15,0,35,0,0,0,35
06/22/2023,INT,NC,ASO,ES,Federal Contract Tower,3,22,11,0,36,0,0,0,0,0,3,22,11,0,36,0,0,0,36
06/23/2023,INT,NC,ASO,ES,Federal Contract Tower,2,37,2,0,41,0,3,5,0,8,2,40,7,0,49,0,0,0,49
06/24/2023,INT,NC,ASO,ES,Federal Contract Tower,0,8,7,1,16,0,1,51,0,52,0,9,58,1,68,102,0,102,170
06/25/2023,INT,NC,ASO,ES,Federal Contract Tower,0,12,15,0,27,0,2,50,0,52,0,14,65,0,79,52,0,52,131
06/26/2023,INT,NC,ASO,ES,Federal Contract Tower,0,6,11,0,17,0,14,33,0,47,0,20,44,0,64,66,0,66,130
06/27/2023,INT,NC,ASO,ES,Federal Contract Tower,0,21,37,1,59,0,8,59,1,68,0,29,96,2,127,108,6,114,241
06/28/2023,INT,NC,ASO,ES,Federal Contract Tower,1,21,27,1,50,0,0,67,1,68,1,21,94,2,118,90,0,90,208
06/29/2023,INT,NC,ASO,ES,Federal Contract Tower,0,12,24,0,36,0,0,43,2,45,0,12,67,2,81,230,0,230,311
06/30/2023,INT,NC,ASO,ES,Federal Contract Tower,1,5,28,0,34,0,0,38,0,38,1,5,66,0,72,94,0,94,166
07/01/2023,INT,NC,ASO,ES,Federal Contract Tower,0,4,9,0,13,0,0,18,0,18,0,4,27,0,31,54,0,54,85
07/02/2023,INT,NC,ASO,ES,Federal Contract Tower,0,5,13,0,18,0,2,28,0,30,0,7,41,0,48,15,0,15,63
07/03/2023,INT,NC,ASO,ES,Federal Contract Tower,3,1,8,0,12,0,2,32,2,36,3,3,40,2,48,108,0,108,156
07/04/2023,INT,NC,ASO,ES,Federal Contract Tower,0,2,5,0,7,0,2,58,1,61,0,4,63,1,68,76,0,76,144
07/05/2023,INT,NC,ASO,ES,Federal Contract Tower,0,6,18,0,24,0,0,54,2,56,0,6,72,2,80,86,0,86,166
07/06/2023,INT,NC,ASO,ES,Federal Contract Tower,0,5,32,0,37,0,2,39,0,41,0,7,71,0,78,70,0,70,148
07/07/2023,INT,NC,ASO,ES,Federal Contract Tower,0,9,30,1,40,0,7,39,0,46,0,16,69,1,86,44,0,44,130
07/08/2023,INT,NC,ASO,ES,Federal Contract Tower,0,7,5,0,12,0,6,37,0,43,0,13,42,0,55,66,0,66,121
07/09/2023,INT,NC,ASO,ES,Federal Contract Tower,0,15,15,0,30,0,2,14,0,16,0,17,29,0,46,30,0,30,76
07/10/2023,INT,NC,ASO,ES,Federal Contract Tower,0,19,22,0,41,0,0,49,0,49,0,19,71,0,90,114,0,114,204
07/11/2023,INT,NC,ASO,ES,Federal Contract Tower,0,12,18,0,30,0,6,57,0,63,0,18,75,0,93,102,0,102,195
07/12/2023,INT,NC,ASO,ES,Federal Contract Tower,0,28,15,0,43,0,0,64,0,64,0,28,79,0,107,112,0,112,219
07/13/2023,INT,NC,ASO,ES,Federal Contract Tower,0,9,13,1,23,0,0,90,5,95,0,9,103,6,118,133,0,133,251
07/14/2023,INT,NC,ASO,ES,Federal Contract Tower,0,14,15,0,29,0,0,38,0,38,0,14,53,0,67,132,0,132,199
07/15/2023,INT,NC,ASO,ES,Federal Contract Tower,1,3,10,0,14,0,4,23,0,27,1,7,33,0,41,64,0,64,105
07/16/2023,INT,NC,ASO,ES,Federal Contract Tower,1,9,19,0,29,0,0,41,0,41,1,9,60,0,70,78,0,78,148
07/17/2023,INT,NC,ASO,ES,Federal Contract Tower,0,15,25,0,40,0,0,24,0,24,0,15,49,0,64,72,0,72,136
07/18/2023,INT,NC,ASO,ES,Federal Contract Tower,0,18,32,0,50,0,2,38,1,41,0,20,70,1,91,150,0,150,241
07/19/2023,INT,NC,ASO,ES,Federal Contract Tower,0,10,16,0,26,0,5,81,0,86,0,15,97,0,112,134,0,134,246
07/20/2023,INT,NC,ASO,ES,Federal Contract Tower,0,21,14,0,35,0,6,98,0,104,0,27,112,0,139,104,0,104,243
07/22/2023,INT,NC,ASO,ES,Federal Contract Tower,0,8,7,4,19,0,7,53,0,60,0,15,60,4,79,92,0,92,171
07/23/2023,INT,NC,ASO,ES,Federal Contract Tower,1,13,8,0,22,0,6,42,1,49,1,19,50,1,71,60,0,60,131
07/24/2023,INT,NC,ASO,ES,Federal Contract Tower,0,8,21,0,29,0,9,30,1,40,0,17,51,1,69,22,0,22,91
07/25/2023,INT,NC,ASO,ES,Federal Contract Tower,2,11,21,0,34,0,4,52,5,61,2,15,73,5,95,48,2,50,145
07/26/2023,INT,NC,ASO,ES,Federal Contract Tower,1,12,17,0,30,0,5,62,4,71,1,17,79,4,101,64,0,64,165
07/27/2023,INT,NC,ASO,ES,Federal Contract Tower,1,11,19,0,31,0,4,43,0,47,1,15,62,0,78,97,0,97,175
07/28/2023,INT,NC,ASO,ES,Federal Contract Tower,0,13,14,0,27,0,3,28,2,33,0,16,42,2,60,20,0,20,80
07/29/2023,INT,NC,ASO,ES,Federal Contract Tower,1,11,12,1,25,0,14,27,4,45,1,25,39,5,70,42,0,42,112
07/30/2023,INT,NC,ASO,ES,Federal Contract Tower,0,1,9,1,11,0,5,54,0,59,0,6,63,1,70,16,0,16,86
07/31/2023,INT,NC,ASO,ES,Federal Contract Tower,0,13,13,1,27,0,8,34,2,44,0,21,47,3,71,64,0,64,135
08/01/2023,INT,NC,ASO,ES,Federal Contract Tower,1,8,36,0,45,0,8,48,0,56,1,16,84,0,101,88,0,88,189
08/02/2023,INT,NC,ASO,ES,Federal Contract Tower,1,8,24,0,33,0,3,49,0,52,1,11,73,0,85,80,0,80,165
08/03/2023,INT,NC,ASO,ES,Federal Contract Tower,0,6,22,0,28,0,0,0,0,0,0,6,22,0,28,0,0,0,28
08/04/2023,INT,NC,ASO,ES,Federal Contract Tower,0,11,10,0,21,0,0,9,0,9,0,11,19,0,30,82,0,82,112
08/05/2023,INT,NC,ASO,ES,Federal Contract Tower,0,10,17,0,27,0,2,58,3,63,0,12,75,3,90,78,0,78,168
08/06/2023,INT,NC,ASO,ES,Federal Contract Tower,1,7,9,0,17,0,0,27,0,27,1,7,36,0,44,14,0,14,58
08/07/2023,INT,NC,ASO,ES,Federal Contract Tower,0,4,18,0,22,0,5,2,0,7,0,9,20,0,29,2,0,2,31
08/08/2023,INT,NC,ASO,ES,Federal Contract Tower,0,6,15,0,21,0,3,41,0,44,0,9,56,0,65,132,0,132,197
08/09/2023,INT,NC,ASO,ES,Federal Contract Tower,0,28,17,2,47,0,4,60,0,64,0,32,77,2,111,98,0,98,209
08/10/2023,INT,NC,ASO,ES,Federal Contract Tower,0,12,8,0,20,0,0,24,0,24,0,12,32,0,44,38,0,38,82
08/11/2023,INT,NC,ASO,ES,Federal Contract Tower,0,5,14,0,19,0,3,62,0,65,0,8,76,0,84,64,0,64,148
08/12/2023,INT,NC,ASO,ES,Federal Contract Tower,0,6,8,0,14,0,0,63,1,64,0,6,71,1,78,112,0,112,190
08/13/2023,INT,NC,ASO,ES,Federal Contract Tower,0,3,7,0,10,0,2,73,0,75,0,5,80,0,85,132,0,132,217
08/14/2023,INT,NC,ASO,ES,Federal Contract Tower,0,9,13,0,22,0,3,40,1,44,0,12,53,1,66,36,0,36,102
08/15/2023,INT,NC,ASO,ES,Federal Contract Tower,1,10,13,0,24,0,0,30,1,31,1,10,43,1,55,12,0,12,67
08/16/2023,INT,NC,ASO,ES,Federal Contract Tower,1,12,9,4,26,0,2,96,5,103,1,14,105,9,129,86,0,86,215
08/17/2023,INT,NC,ASO,ES,Federal Contract Tower,2,15,22,0,39,0,3,84,7,94,2,18,106,7,133,100,0,100,233
08/18/2023,INT,NC,ASO,ES,Federal Contract Tower,0,16,15,1,32,0,2,54,0,56,0,18,69,1,88,92,0,92,180
08/19/2023,INT,NC,ASO,ES,Federal Contract Tower,0,6,8,6,20,0,0,72,15,87,0,6,80,21,107,30,0,30,137
08/20/2023,INT,NC,ASO,ES,Federal Contract Tower,0,9,6,0,15,0,4,87,0,91,0,13,93,0,106,34,0,34,140
08/21/2023,INT,NC,ASO,ES,Federal Contract Tower,0,12,14,0,26,0,3,50,0,53,0,15,64,0,79,64,0,64,143
08/22/2023,INT,NC,ASO,ES,Federal Contract Tower,0,7,19,0,26,0,2,54,0,56,0,9,73,0,82,62,0,62,144
08/23/2023,INT,NC,ASO,ES,Federal Contract Tower,0,17,13,0,30,0,6,62,0,68,0,23,75,0,98,82,0,82,180
08/24/2023,INT,NC,ASO,ES,Federal Contract Tower,1,9,19,0,29,0,2,70,2,74,1,11,89,2,103,76,0,76,179
08/25/2023,INT,NC,ASO,ES,Federal Contract Tower,0,21,11,1,33,0,0,34,11,45,0,21,45,12,78,50,0,50,128
08/26/2023,INT,NC,ASO,ES,Federal Contract Tower,0,28,19,0,47,0,0,34,2,36,0,28,53,2,83,46,0,46,129
08/27/2023,INT,NC,ASO,ES,Federal Contract Tower,0,13,20,0,33,0,0,4,0,4,0,13,24,0,37,0,0,0,37
08/28/2023,INT,NC,ASO,ES,Federal Contract Tower,0,6,16,0,22,0,1,1,0,2,0,7,17,0,24,0,0,0,24
08/29/2023,INT,NC,ASO,ES,Federal Contract Tower,0,6,15,0,21,0,0,1,0,1,0,6,16,0,22,0,0,0,22
08/30/2023,INT,NC,ASO,ES,Federal Contract Tower,0,16,13,0,29,0,0,5,0,5,0,16,18,0,34,34,0,34,68
08/31/2023,INT,NC,ASO,ES,Federal Contract Tower,2,22,20,0,44,0,0,33,0,33,2,22,53,0,77,0,0,0,77
