01/01/2000,IPT,PA,AEA,EN,Federal Contract Tower,0,8,3,0,11,0,0,10,0,10,0,8,13,0,21,8,0,8,29
01/02/2000,IPT,PA,AEA,EN,Federal Contract Tower,0,12,7,0,19,0,0,18,0,18,0,12,25,0,37,2,0,2,39
01/03/2000,IPT,PA,AEA,EN,Federal Contract Tower,0,16,10,1,27,0,0,9,1,10,0,16,19,2,37,0,0,0,37
01/04/2000,IPT,PA,AEA,EN,Federal Contract Tower,0,20,10,0,30,0,0,7,0,7,0,20,17,0,37,0,0,0,37
01/05/2000,IPT,PA,AEA,EN,Federal Contract Tower,0,17,11,9,37,0,3,25,1,29,0,20,36,10,66,0,0,0,66
01/06/2000,IPT,PA,AEA,EN,Federal Contract Tower,0,16,8,0,24,0,4,57,0,61,0,20,65,0,85,26,0,26,111
01/07/2000,IPT,PA,AEA,EN,Federal Contract Tower,0,15,7,0,22,0,5,13,0,18,0,20,20,0,40,8,0,8,48
01/08/2000,IPT,PA,AEA,EN,Federal Contract Tower,0,13,6,1,20,0,1,55,3,59,0,14,61,4,79,34,0,34,113
01/09/2000,IPT,PA,AEA,EN,Federal Contract Tower,0,11,5,0,16,0,0,30,0,30,0,11,35,0,46,26,0,26,72
01/10/2000,IPT,PA,AEA,EN,Federal Contract Tower,0,17,6,0,23,0,2,0,0,2,0,19,6,0,25,0,0,0,25
01/11/2000,IPT,PA,AEA,EN,Federal Contract Tower,0,22,10,0,32,0,0,15,0,15,0,22,25,0,47,0,0,0,47
01/12/2000,IPT,PA,AEA,EN,Federal Contract Tower,0,18,7,0,25,0,2,43,0,45,0,20,50,0,70,32,0,32,102
01/13/2000,IPT,PA,AEA,EN,Federal Contract Tower,0,20,10,0,30,0,0,13,0,13,0,20,23,0,43,0,0,0,43
01/14/2000,IPT,PA,AEA,EN,Federal Contract Tower,0,15,6,0,21,0,4,14,2,20,0,19,20,2,41,28,0,28,69
01/15/2000,IPT,PA,AEA,EN,Federal Contract Tower,0,13,6,0,19,0,3,58,0,61,0,16,64,0,80,24,0,24,104
01/16/2000,IPT,PA,AEA,EN,Federal Contract Tower,0,9,4,0,13,0,3,19,0,22,0,12,23,0,35,34,0,34,69
01/17/2000,IPT,PA,AEA,EN,Federal Contract Tower,0,17,7,0,24,0,1,14,0,15,0,18,21,0,39,0,0,0,39
01/18/2000,IPT,PA,AEA,EN,Federal Contract Tower,0,14,6,0,20,0,4,39,0,43,0,18,45,0,63,26,0,26,89
01/19/2000,IPT,PA,AEA,EN,Federal Contract Tower,0,20,9,0,29,0,0,34,0,34,0,20,43,0,63,30,0,30,93
01/20/2000,IPT,PA,AEA,EN,Federal Contract Tower,0,13,6,0,19,0,0,2,0,2,0,13,8,0,21,0,0,0,21
01/21/2000,IPT,PA,AEA,EN,Federal Contract Tower,0,18,8,0,26,0,1,17,0,18,0,19,25,0,44,0,0,0,44
01/22/2000,IPT,PA,AEA,EN,Federal Contract Tower,0,13,5,0,18,0,2,40,0,42,0,15,45,0,60,18,0,18,78
01/23/2000,IPT,PA,AEA,EN,Federal Contract Tower,0,9,1,0,10,0,2,0,0,2,0,11,1,0,12,0,0,0,12
01/24/2000,IPT,PA,AEA,EN,Federal Contract Tower,0,17,8,0,25,0,0,24,0,24,0,17,32,0,49,0,0,0,49
01/25/2000,IPT,PA,AEA,EN,Federal Contract Tower,0,9,3,0,12,0,0,0,0,0,0,9,3,0,12,0,0,0,12
01/26/2000,IPT,PA,AEA,EN,Federal Contract Tower,0,18,9,0,27,0,0,10,2,12,0,18,19,2,39,6,0,6,45
01/27/2000,IPT,PA,AEA,EN,Federal Contract Tower,0,19,10,0,29,0,0,30,2,32,0,19,40,2,61,0,0,0,61
01/28/2000,IPT,PA,AEA,EN,Federal Contract Tower,0,17,7,0,24,0,2,23,0,25,0,19,30,0,49,30,0,30,79
01/29/2000,IPT,PA,AEA,EN,Federal Contract Tower,0,14,7,0,21,0,0,66,0,66,0,14,73,0,87,60,0,60,147
01/30/2000,IPT,PA,AEA,EN,Federal Contract Tower,0,7,2,0,9,0,0,5,0,5,0,7,7,0,14,50,0,50,64
01/31/2000,IPT,PA,AEA,EN,Federal Contract Tower,0,17,8,0,25,0,1,7,0,8,0,18,15,0,33,0,0,0,33
02/01/2000,IPT,PA,AEA,EN,Federal Contract Tower,0,17,11,0,28,0,3,20,0,23,0,20,31,0,51,16,0,16,67
02/02/2000,IPT,PA,AEA,EN,Federal Contract Tower,0,17,10,0,27,0,4,44,0,48,0,21,54,0,75,32,0,32,107
02/03/2000,IPT,PA,AEA,EN,Federal Contract Tower,0,19,12,0,31,0,5,0,0,5,0,24,12,0,36,16,0,16,52
02/04/2000,IPT,PA,AEA,EN,Federal Contract Tower,0,19,12,0,31,0,0,5,0,5,0,19,17,0,36,20,0,20,56
02/05/2000,IPT,PA,AEA,EN,Federal Contract Tower,0,12,8,0,20,0,4,59,0,63,0,16,67,0,83,46,0,46,129
02/06/2000,IPT,PA,AEA,EN,Federal Contract Tower,0,11,7,0,18,0,0,48,0,48,0,11,55,0,66,48,0,48,114
02/07/2000,IPT,PA,AEA,EN,Federal Contract Tower,0,14,8,0,22,0,3,17,0,20,0,17,25,0,42,0,0,0,42
02/08/2000,IPT,PA,AEA,EN,Federal Contract Tower,0,14,8,0,22,0,6,56,0,62,0,20,64,0,84,32,0,32,116
02/09/2000,IPT,PA,AEA,EN,Federal Contract Tower,0,17,11,0,28,0,9,27,0,36,0,26,38,0,64,38,0,38,102
02/10/2000,IPT,PA,AEA,EN,Federal Contract Tower,0,23,14,0,37,0,1,33,2,36,0,24,47,2,73,36,0,36,109
02/11/2000,IPT,PA,AEA,EN,Federal Contract Tower,0,19,14,1,34,0,0,7,1,8,0,19,21,2,42,0,0,0,42
02/12/2000,IPT,PA,AEA,EN,Federal Contract Tower,0,10,6,0,16,0,2,66,0,68,0,12,72,0,84,64,0,64,148
02/13/2000,IPT,PA,AEA,EN,Federal Contract Tower,0,9,7,0,16,0,0,22,0,22,0,9,29,0,38,20,0,20,58
02/14/2000,IPT,PA,AEA,EN,Federal Contract Tower,0,17,8,0,25,0,2,0,0,2,0,19,8,0,27,0,0,0,27
02/15/2000,IPT,PA,AEA,EN,Federal Contract Tower,0,16,9,0,25,0,4,45,0,49,0,20,54,0,74,30,0,30,104
02/16/2000,IPT,PA,AEA,EN,Federal Contract Tower,0,20,10,0,30,0,0,22,0,22,0,20,32,0,52,10,0,10,62
02/17/2000,IPT,PA,AEA,EN,Federal Contract Tower,0,19,11,0,30,0,0,53,0,53,0,19,64,0,83,26,0,26,109
02/18/2000,IPT,PA,AEA,EN,Federal Contract Tower,0,2,1,0,3,0,0,0,0,0,0,2,1,0,3,0,0,0,3
02/19/2000,IPT,PA,AEA,EN,Federal Contract Tower,0,11,5,0,16,0,3,1,0,4,0,14,6,0,20,16,0,16,36
02/20/2000,IPT,PA,AEA,EN,Federal Contract Tower,0,10,7,0,17,0,0,24,0,24,0,10,31,0,41,4,0,4,45
02/21/2000,IPT,PA,AEA,EN,Federal Contract Tower,0,12,6,0,18,0,5,20,0,25,0,17,26,0,43,28,0,28,71
02/22/2000,IPT,PA,AEA,EN,Federal Contract Tower,0,16,9,0,25,0,4,54,0,58,0,20,63,0,83,26,0,26,109
02/23/2000,IPT,PA,AEA,EN,Federal Contract Tower,0,22,11,0,33,0,0,34,0,34,0,22,45,0,67,30,0,30,97
02/24/2000,IPT,PA,AEA,EN,Federal Contract Tower,0,20,13,0,33,0,0,34,0,34,0,20,47,0,67,12,0,12,79
02/25/2000,IPT,PA,AEA,EN,Federal Contract Tower,0,19,13,0,32,0,0,23,2,25,0,19,36,2,57,22,0,22,79
02/26/2000,IPT,PA,AEA,EN,Federal Contract Tower,0,16,9,0,25,0,0,1,0,1,0,16,10,0,26,0,0,0,26
02/27/2000,IPT,PA,AEA,EN,Federal Contract Tower,0,8,2,0,10,0,2,0,0,2,0,10,2,0,12,0,0,0,12
02/28/2000,IPT,PA,AEA,EN,Federal Contract Tower,0,17,9,0,26,0,0,36,0,36,0,17,45,0,62,8,0,8,70
02/29/2000,IPT,PA,AEA,EN,Federal Contract Tower,0,17,9,0,26,0,3,55,0,58,0,20,64,0,84,40,0,40,124
03/01/2000,IPT,PA,AEA,EN,Federal Contract Tower,0,19,15,0,34,0,2,18,0,20,0,21,33,0,54,2,0,2,56
03/02/2000,IPT,PA,AEA,EN,Federal Contract Tower,0,20,15,0,35,0,1,7,0,8,0,21,22,0,43,0,0,0,43
03/03/2000,IPT,PA,AEA,EN,Federal Contract Tower,0,15,11,1,27,0,3,30,1,34,0,18,41,2,61,4,4,8,69
03/04/2000,IPT,PA,AEA,EN,Federal Contract Tower,0,10,8,0,18,0,4,61,0,65,0,14,69,0,83,68,0,68,151
03/05/2000,IPT,PA,AEA,EN,Federal Contract Tower,0,10,8,0,18,0,0,52,0,52,0,10,60,0,70,68,0,68,138
03/06/2000,IPT,PA,AEA,EN,Federal Contract Tower,0,15,11,0,26,0,2,57,0,59,0,17,68,0,85,4,0,4,89
03/07/2000,IPT,PA,AEA,EN,Federal Contract Tower,0,17,13,0,30,0,6,45,0,51,0,23,58,0,81,32,0,32,113
03/08/2000,IPT,PA,AEA,EN,Federal Contract Tower,0,13,10,0,23,0,7,54,0,61,0,20,64,0,84,26,0,26,110
03/09/2000,IPT,PA,AEA,EN,Federal Contract Tower,0,19,15,0,34,0,3,20,0,23,0,22,35,0,57,4,0,4,61
03/10/2000,IPT,PA,AEA,EN,Federal Contract Tower,0,19,18,0,37,0,0,29,0,29,0,19,47,0,66,44,0,44,110
03/11/2000,IPT,PA,AEA,EN,Federal Contract Tower,0,10,7,0,17,0,4,2,0,6,0,14,9,0,23,18,0,18,41
03/12/2000,IPT,PA,AEA,EN,Federal Contract Tower,0,7,5,0,12,0,3,0,0,3,0,10,5,0,15,0,0,0,15
03/13/2000,IPT,PA,AEA,EN,Federal Contract Tower,0,15,11,0,26,0,2,25,0,27,0,17,36,0,53,16,0,16,69
03/14/2000,IPT,PA,AEA,EN,Federal Contract Tower,0,16,13,1,30,0,8,24,1,33,0,24,37,2,63,0,0,0,63
03/15/2000,IPT,PA,AEA,EN,Federal Contract Tower,0,21,17,1,39,0,0,25,1,26,0,21,42,2,65,8,0,8,73
03/16/2000,IPT,PA,AEA,EN,Federal Contract Tower,0,18,14,1,33,0,2,3,1,6,0,20,17,2,39,4,0,4,43
03/17/2000,IPT,PA,AEA,EN,Federal Contract Tower,0,14,10,1,25,0,7,8,1,16,0,21,18,2,41,16,0,16,57
03/18/2000,IPT,PA,AEA,EN,Federal Contract Tower,0,11,8,0,19,0,2,66,0,68,0,13,74,0,87,42,0,42,129
03/19/2000,IPT,PA,AEA,EN,Federal Contract Tower,0,10,6,0,16,0,0,30,2,32,0,10,36,2,48,20,0,20,68
03/20/2000,IPT,PA,AEA,EN,Federal Contract Tower,0,15,13,0,28,0,0,31,0,31,0,15,44,0,59,4,0,4,63
03/21/2000,IPT,PA,AEA,EN,Federal Contract Tower,0,18,13,0,31,0,0,1,0,1,0,18,14,0,32,0,0,0,32
03/22/2000,IPT,PA,AEA,EN,Federal Contract Tower,0,20,19,0,39,0,0,49,0,49,0,20,68,0,88,38,0,38,126
03/23/2000,IPT,PA,AEA,EN,Federal Contract Tower,0,21,15,0,36,0,1,52,0,53,0,22,67,0,89,38,0,38,127
03/24/2000,IPT,PA,AEA,EN,Federal Contract Tower,0,19,13,0,32,0,0,54,2,56,0,19,67,2,88,14,0,14,102
03/25/2000,IPT,PA,AEA,EN,Federal Contract Tower,0,11,7,0,18,0,1,22,0,23,0,12,29,0,41,32,0,32,73
03/26/2000,IPT,PA,AEA,EN,Federal Contract Tower,0,10,10,0,20,0,0,31,4,35,0,10,41,4,55,50,0,50,105
03/27/2000,IPT,PA,AEA,EN,Federal Contract Tower,0,15,10,0,25,0,3,14,2,19,0,18,24,2,44,0,0,0,44
03/28/2000,IPT,PA,AEA,EN,Federal Contract Tower,0,20,14,0,34,0,2,19,0,21,0,22,33,0,55,18,0,18,73
03/29/2000,IPT,PA,AEA,EN,Federal Contract Tower,0,19,14,0,33,0,1,8,0,9,0,20,22,0,42,0,0,0,42
03/30/2000,IPT,PA,AEA,EN,Federal Contract Tower,0,18,13,0,31,0,4,54,0,58,0,22,67,0,89,40,0,40,129
03/31/2000,IPT,PA,AEA,EN,Federal Contract Tower,0,11,8,0,19,0,8,57,4,69,0,19,65,4,88,52,0,52,140
04/01/2000,IPT,PA,AEA,EN,Federal Contract Tower,0,12,10,0,22,0,0,73,0,73,0,12,83,0,95,28,0,28,123
04/02/2000,IPT,PA,AEA,EN,Federal Contract Tower,0,9,10,0,19,0,1,12,2,15,0,10,22,2,34,0,4,4,38
04/03/2000,IPT,PA,AEA,EN,Federal Contract Tower,0,18,16,0,34,0,0,21,0,21,0,18,37,0,55,2,0,2,57
04/04/2000,IPT,PA,AEA,EN,Federal Contract Tower,0,20,17,0,37,0,1,7,1,9,0,21,24,1,46,0,0,0,46
04/05/2000,IPT,PA,AEA,EN,Federal Contract Tower,0,18,15,0,33,0,4,19,1,24,0,22,34,1,57,0,0,0,57
04/06/2000,IPT,PA,AEA,EN,Federal Contract Tower,0,14,12,0,26,0,6,16,0,22,0,20,28,0,48,0,0,0,48
04/07/2000,IPT,PA,AEA,EN,Federal Contract Tower,0,23,18,0,41,0,11,25,0,36,0,34,43,0,77,16,0,16,93
04/08/2000,IPT,PA,AEA,EN,Federal Contract Tower,0,10,7,0,17,0,5,2,0,7,0,15,9,0,24,0,0,0,24
04/09/2000,IPT,PA,AEA,EN,Federal Contract Tower,0,9,6,0,15,0,3,4,0,7,0,12,10,0,22,0,0,0,22
04/10/2000,IPT,PA,AEA,EN,Federal Contract Tower,0,16,12,0,28,0,2,27,0,29,0,18,39,0,57,4,0,4,61
04/11/2000,IPT,PA,AEA,EN,Federal Contract Tower,0,20,18,0,38,0,0,16,0,16,0,20,34,0,54,16,0,16,70
04/12/2000,IPT,PA,AEA,EN,Federal Contract Tower,0,18,14,1,33,0,1,25,1,27,0,19,39,2,60,12,0,12,72
04/13/2000,IPT,PA,AEA,EN,Federal Contract Tower,0,14,10,0,24,0,8,63,0,71,0,22,73,0,95,56,0,56,151
04/14/2000,IPT,PA,AEA,EN,Federal Contract Tower,0,17,13,0,30,0,4,40,5,49,0,21,53,5,79,8,10,18,97
04/15/2000,IPT,PA,AEA,EN,Federal Contract Tower,0,14,10,0,24,0,3,14,0,17,0,17,24,0,41,36,0,36,77
04/16/2000,IPT,PA,AEA,EN,Federal Contract Tower,0,10,9,0,19,0,0,41,0,41,0,10,50,0,60,6,0,6,66
04/17/2000,IPT,PA,AEA,EN,Federal Contract Tower,0,17,10,0,27,0,3,0,0,3,0,20,10,0,30,0,0,0,30
04/18/2000,IPT,PA,AEA,EN,Federal Contract Tower,0,23,21,0,44,0,0,8,0,8,0,23,29,0,52,20,0,20,72
04/19/2000,IPT,PA,AEA,EN,Federal Contract Tower,0,21,20,0,41,0,0,47,2,49,0,21,67,2,90,74,0,74,164
04/20/2000,IPT,PA,AEA,EN,Federal Contract Tower,0,20,20,0,40,0,0,16,0,16,0,20,36,0,56,2,0,2,58
04/21/2000,IPT,PA,AEA,EN,Federal Contract Tower,0,16,13,0,29,0,0,3,0,3,0,16,16,0,32,0,0,0,32
04/22/2000,IPT,PA,AEA,EN,Federal Contract Tower,0,11,8,0,19,0,4,0,0,4,0,15,8,0,23,8,0,8,31
04/23/2000,IPT,PA,AEA,EN,Federal Contract Tower,0,10,7,0,17,0,0,13,0,13,0,10,20,0,30,8,0,8,38
04/24/2000,IPT,PA,AEA,EN,Federal Contract Tower,0,18,13,0,31,0,0,58,0,58,0,18,71,0,89,14,0,14,103
04/25/2000,IPT,PA,AEA,EN,Federal Contract Tower,0,15,10,0,25,0,5,54,0,59,0,20,64,0,84,16,0,16,100
04/26/2000,IPT,PA,AEA,EN,Federal Contract Tower,0,22,17,0,39,0,3,47,2,52,0,25,64,2,91,34,0,34,125
04/27/2000,IPT,PA,AEA,EN,Federal Contract Tower,0,23,25,0,48,0,0,17,0,17,0,23,42,0,65,34,0,34,99
04/28/2000,IPT,PA,AEA,EN,Federal Contract Tower,0,17,13,0,30,0,1,37,0,38,0,18,50,0,68,26,0,26,94
04/29/2000,IPT,PA,AEA,EN,Federal Contract Tower,0,14,11,0,25,0,0,65,0,65,0,14,76,0,90,36,0,36,126
04/30/2000,IPT,PA,AEA,EN,Federal Contract Tower,0,10,7,0,17,0,0,40,0,40,0,10,47,0,57,10,0,10,67
05/01/2000,IPT,PA,AEA,EN,Federal Contract Tower,0,13,11,0,24,0,4,22,0,26,0,17,33,0,50,12,0,12,62
05/02/2000,IPT,PA,AEA,EN,Federal Contract Tower,0,14,12,0,26,0,6,35,0,41,0,20,47,0,67,26,0,26,93
05/03/2000,IPT,PA,AEA,EN,Federal Contract Tower,0,15,13,0,28,0,3,73,0,76,0,18,86,0,104,34,0,34,138
05/04/2000,IPT,PA,AEA,EN,Federal Contract Tower,0,15,13,0,28,0,4,33,0,37,0,19,46,0,65,8,0,8,73
05/05/2000,IPT,PA,AEA,EN,Federal Contract Tower,0,20,22,0,42,0,0,44,0,44,0,20,66,0,86,54,0,54,140
05/06/2000,IPT,PA,AEA,EN,Federal Contract Tower,0,9,9,0,18,0,7,30,0,37,0,16,39,0,55,28,0,28,83
05/07/2000,IPT,PA,AEA,EN,Federal Contract Tower,0,8,8,0,16,0,2,43,0,45,0,10,51,0,61,24,0,24,85
05/08/2000,IPT,PA,AEA,EN,Federal Contract Tower,0,13,12,0,25,0,0,44,0,44,0,13,56,0,69,26,0,26,95
05/09/2000,IPT,PA,AEA,EN,Federal Contract Tower,0,14,13,0,27,0,6,42,0,48,0,20,55,0,75,58,0,58,133
05/10/2000,IPT,PA,AEA,EN,Federal Contract Tower,0,16,14,0,30,0,4,10,0,14,0,20,24,0,44,4,0,4,48
05/11/2000,IPT,PA,AEA,EN,Federal Contract Tower,0,16,14,0,30,0,3,52,2,57,0,19,66,2,87,20,0,20,107
05/12/2000,IPT,PA,AEA,EN,Federal Contract Tower,0,22,18,0,40,0,0,40,0,40,0,22,58,0,80,64,0,64,144
05/13/2000,IPT,PA,AEA,EN,Federal Contract Tower,0,13,11,0,24,0,0,12,0,12,0,13,23,0,36,18,0,18,54
05/14/2000,IPT,PA,AEA,EN,Federal Contract Tower,0,11,8,0,19,0,0,43,0,43,0,11,51,0,62,18,0,18,80
05/15/2000,IPT,PA,AEA,EN,Federal Contract Tower,0,16,12,0,28,0,2,64,0,66,0,18,76,0,94,32,0,32,126
05/16/2000,IPT,PA,AEA,EN,Federal Contract Tower,0,15,11,0,26,0,5,41,0,46,0,20,52,0,72,28,0,28,100
05/17/2000,IPT,PA,AEA,EN,Federal Contract Tower,0,17,12,0,29,0,2,47,0,49,0,19,59,0,78,30,0,30,108
05/18/2000,IPT,PA,AEA,EN,Federal Contract Tower,0,22,19,0,41,0,0,16,2,18,0,22,35,2,59,7,0,7,66
05/19/2000,IPT,PA,AEA,EN,Federal Contract Tower,0,19,20,0,39,0,0,10,0,10,0,19,30,0,49,0,0,0,49
05/20/2000,IPT,PA,AEA,EN,Federal Contract Tower,0,13,11,0,24,0,0,3,0,3,0,13,14,0,27,0,0,0,27
05/21/2000,IPT,PA,AEA,EN,Federal Contract Tower,0,12,12,0,24,0,0,11,2,13,0,12,23,2,37,24,0,24,61
05/22/2000,IPT,PA,AEA,EN,Federal Contract Tower,0,15,8,0,23,0,4,0,0,4,0,19,8,0,27,0,0,0,27
05/23/2000,IPT,PA,AEA,EN,Federal Contract Tower,0,20,21,0,41,0,0,7,0,7,0,20,28,0,48,0,0,0,48
05/24/2000,IPT,PA,AEA,EN,Federal Contract Tower,0,20,16,0,36,0,0,18,0,18,0,20,34,0,54,36,0,36,90
05/25/2000,IPT,PA,AEA,EN,Federal Contract Tower,0,18,13,0,31,0,2,52,0,54,0,20,65,0,85,40,0,40,125
05/26/2000,IPT,PA,AEA,EN,Federal Contract Tower,0,19,15,0,34,0,4,69,0,73,0,23,84,0,107,58,0,58,165
05/27/2000,IPT,PA,AEA,EN,Federal Contract Tower,0,12,9,0,21,0,2,62,0,64,0,14,71,0,85,38,0,38,123
05/28/2000,IPT,PA,AEA,EN,Federal Contract Tower,0,8,6,0,14,0,3,43,0,46,0,11,49,0,60,24,0,24,84
05/29/2000,IPT,PA,AEA,EN,Federal Contract Tower,0,12,9,0,21,0,0,39,0,39,0,12,48,0,60,18,0,18,78
05/30/2000,IPT,PA,AEA,EN,Federal Contract Tower,0,14,10,0,24,0,4,35,0,39,0,18,45,0,63,58,0,58,121
05/31/2000,IPT,PA,AEA,EN,Federal Contract Tower,0,19,14,0,33,0,3,39,0,42,0,22,53,0,75,10,0,10,85
06/01/2000,IPT,PA,AEA,EN,Federal Contract Tower,0,21,20,0,41,0,6,40,0,46,0,27,60,0,87,32,0,32,119
06/02/2000,IPT,PA,AEA,EN,Federal Contract Tower,0,15,16,0,31,0,0,9,0,9,0,15,25,0,40,24,0,24,64
06/03/2000,IPT,PA,AEA,EN,Federal Contract Tower,0,9,10,0,19,0,5,59,0,64,0,14,69,0,83,38,0,38,121
06/04/2000,IPT,PA,AEA,EN,Federal Contract Tower,0,10,13,0,23,0,0,74,0,74,0,10,87,0,97,32,0,32,129
06/05/2000,IPT,PA,AEA,EN,Federal Contract Tower,0,22,29,0,51,0,0,12,0,12,0,22,41,0,63,0,0,0,63
06/06/2000,IPT,PA,AEA,EN,Federal Contract Tower,0,20,20,0,40,0,0,6,0,6,0,20,26,0,46,0,0,0,46
06/07/2000,IPT,PA,AEA,EN,Federal Contract Tower,0,14,15,0,29,0,6,50,0,56,0,20,65,0,85,42,0,42,127
06/08/2000,IPT,PA,AEA,EN,Federal Contract Tower,0,17,17,0,34,0,3,66,0,69,0,20,83,0,103,28,0,28,131
06/09/2000,IPT,PA,AEA,EN,Federal Contract Tower,0,17,17,0,34,0,4,70,0,74,0,21,87,0,108,18,0,18,126
06/10/2000,IPT,PA,AEA,EN,Federal Contract Tower,0,12,13,0,25,0,4,40,0,44,0,16,53,0,69,12,0,12,81
06/11/2000,IPT,PA,AEA,EN,Federal Contract Tower,0,11,14,0,25,0,0,28,0,28,0,11,42,0,53,4,0,4,57
06/12/2000,IPT,PA,AEA,EN,Federal Contract Tower,0,16,16,0,32,0,5,4,0,9,0,21,20,0,41,6,0,6,47
06/13/2000,IPT,PA,AEA,EN,Federal Contract Tower,0,21,18,0,39,0,1,0,0,1,0,22,18,0,40,0,0,0,40
06/14/2000,IPT,PA,AEA,EN,Federal Contract Tower,0,19,23,0,42,0,0,6,0,6,0,19,29,0,48,0,0,0,48
06/15/2000,IPT,PA,AEA,EN,Federal Contract Tower,0,20,20,0,40,0,0,3,0,3,0,20,23,0,43,0,0,0,43
06/16/2000,IPT,PA,AEA,EN,Federal Contract Tower,0,14,12,0,26,0,1,14,1,16,0,15,26,1,42,2,0,2,44
06/17/2000,IPT,PA,AEA,EN,Federal Contract Tower,0,11,10,0,21,0,3,14,1,18,0,14,24,1,39,22,0,22,61
06/18/2000,IPT,PA,AEA,EN,Federal Contract Tower,0,10,9,0,19,0,0,4,0,4,0,10,13,0,23,0,0,0,23
06/19/2000,IPT,PA,AEA,EN,Federal Contract Tower,0,15,14,0,29,0,3,46,0,49,0,18,60,0,78,30,0,30,108
06/20/2000,IPT,PA,AEA,EN,Federal Contract Tower,0,17,16,0,33,0,3,66,0,69,0,20,82,0,102,34,0,34,136
06/21/2000,IPT,PA,AEA,EN,Federal Contract Tower,0,16,15,0,31,0,0,15,0,15,0,16,30,0,46,0,0,0,46
06/22/2000,IPT,PA,AEA,EN,Federal Contract Tower,0,19,17,0,36,0,3,22,0,25,0,22,39,0,61,6,0,6,67
06/23/2000,IPT,PA,AEA,EN,Federal Contract Tower,0,13,11,0,24,0,3,75,0,78,0,16,86,0,102,38,0,38,140
06/24/2000,IPT,PA,AEA,EN,Federal Contract Tower,0,11,10,0,21,0,1,57,0,58,0,12,67,0,79,54,0,54,133
06/25/2000,IPT,PA,AEA,EN,Federal Contract Tower,0,8,7,0,15,0,2,10,2,14,0,10,17,2,29,20,0,20,49
06/26/2000,IPT,PA,AEA,EN,Federal Contract Tower,0,17,20,0,37,0,0,26,0,26,0,17,46,0,63,24,0,24,87
06/27/2000,IPT,PA,AEA,EN,Federal Contract Tower,0,21,19,0,40,0,6,17,0,23,0,27,36,0,63,46,0,46,109
06/28/2000,IPT,PA,AEA,EN,Federal Contract Tower,0,21,18,0,39,0,4,79,0,83,0,25,97,0,122,80,0,80,202
06/29/2000,IPT,PA,AEA,EN,Federal Contract Tower,0,21,19,0,40,0,0,35,0,35,0,21,54,0,75,28,0,28,103
06/30/2000,IPT,PA,AEA,EN,Federal Contract Tower,0,12,10,0,22,0,6,65,0,71,0,18,75,0,93,14,0,14,107
07/01/2000,IPT,PA,AEA,EN,Federal Contract Tower,0,9,7,0,16,0,4,64,0,68,0,13,71,0,84,48,0,48,132
07/02/2000,IPT,PA,AEA,EN,Federal Contract Tower,0,9,9,0,18,0,1,49,0,50,0,10,58,0,68,76,0,76,144
07/03/2000,IPT,PA,AEA,EN,Federal Contract Tower,0,12,11,0,23,0,2,15,0,17,0,14,26,0,40,24,0,24,64
07/04/2000,IPT,PA,AEA,EN,Federal Contract Tower,0,8,8,0,16,0,2,12,0,14,0,10,20,0,30,0,0,0,30
07/05/2000,IPT,PA,AEA,EN,Federal Contract Tower,0,14,13,0,27,0,4,51,0,55,0,18,64,0,82,36,0,36,118
07/06/2000,IPT,PA,AEA,EN,Federal Contract Tower,0,12,12,0,24,0,10,65,0,75,0,22,77,0,99,44,0,44,143
07/07/2000,IPT,PA,AEA,EN,Federal Contract Tower,0,14,13,0,27,0,5,43,0,48,0,19,56,0,75,22,0,22,97
07/08/2000,IPT,PA,AEA,EN,Federal Contract Tower,0,9,10,0,19,0,5,62,2,69,0,14,72,2,88,24,0,24,112
07/09/2000,IPT,PA,AEA,EN,Federal Contract Tower,0,9,7,0,16,0,1,34,1,36,0,10,41,1,52,32,0,32,84
07/10/2000,IPT,PA,AEA,EN,Federal Contract Tower,0,16,13,0,29,0,3,18,0,21,0,19,31,0,50,32,0,32,82
07/11/2000,IPT,PA,AEA,EN,Federal Contract Tower,0,14,9,0,23,0,9,50,0,59,0,23,59,0,82,26,0,26,108
07/12/2000,IPT,PA,AEA,EN,Federal Contract Tower,0,14,10,0,24,0,6,52,0,58,0,20,62,0,82,44,0,44,126
07/13/2000,IPT,PA,AEA,EN,Federal Contract Tower,0,19,14,0,33,0,2,54,4,60,0,21,68,4,93,8,0,8,101
07/14/2000,IPT,PA,AEA,EN,Federal Contract Tower,0,22,15,0,37,0,1,15,0,16,0,23,30,0,53,12,0,12,65
07/15/2000,IPT,PA,AEA,EN,Federal Contract Tower,0,12,9,0,21,0,0,11,0,11,0,12,20,0,32,0,0,0,32
07/16/2000,IPT,PA,AEA,EN,Federal Contract Tower,0,12,12,0,24,0,0,15,0,15,0,12,27,0,39,12,0,12,51
07/17/2000,IPT,PA,AEA,EN,Federal Contract Tower,0,16,14,0,30,0,0,30,0,30,0,16,44,0,60,6,0,6,66
07/18/2000,IPT,PA,AEA,EN,Federal Contract Tower,0,18,14,0,32,0,0,45,0,45,0,18,59,0,77,0,0,0,77
07/19/2000,IPT,PA,AEA,EN,Federal Contract Tower,0,19,14,0,33,0,0,19,0,19,0,19,33,0,52,0,0,0,52
07/20/2000,IPT,PA,AEA,EN,Federal Contract Tower,0,21,14,0,35,0,2,68,2,72,0,23,82,2,107,18,0,18,125
07/21/2000,IPT,PA,AEA,EN,Federal Contract Tower,0,19,14,0,33,0,1,32,0,33,0,20,46,0,66,12,0,12,78
07/22/2000,IPT,PA,AEA,EN,Federal Contract Tower,0,16,14,0,30,0,0,44,0,44,0,16,58,0,74,6,0,6,80
07/23/2000,IPT,PA,AEA,EN,Federal Contract Tower,0,12,8,0,20,0,0,53,0,53,0,12,61,0,73,12,0,12,85
07/24/2000,IPT,PA,AEA,EN,Federal Contract Tower,0,19,13,0,32,0,1,36,0,37,0,20,49,0,69,24,0,24,93
07/25/2000,IPT,PA,AEA,EN,Federal Contract Tower,0,20,14,0,34,0,2,37,2,41,0,22,51,2,75,30,0,30,105
07/26/2000,IPT,PA,AEA,EN,Federal Contract Tower,0,27,19,0,46,0,0,28,0,28,0,27,47,0,74,26,0,26,100
07/27/2000,IPT,PA,AEA,EN,Federal Contract Tower,0,27,20,0,47,0,0,26,0,26,0,27,46,0,73,16,0,16,89
07/28/2000,IPT,PA,AEA,EN,Federal Contract Tower,0,16,11,0,27,0,2,5,0,7,0,18,16,0,34,4,0,4,38
07/29/2000,IPT,PA,AEA,EN,Federal Contract Tower,0,14,9,0,23,0,3,7,0,10,0,17,16,0,33,8,0,8,41
07/30/2000,IPT,PA,AEA,EN,Federal Contract Tower,0,11,12,0,23,0,0,7,0,7,0,11,19,0,30,0,0,0,30
07/31/2000,IPT,PA,AEA,EN,Federal Contract Tower,0,17,11,0,28,0,0,9,0,9,0,17,20,0,37,2,0,2,39
08/01/2000,IPT,PA,AEA,EN,Federal Contract Tower,0,19,21,0,40,0,0,14,0,14,0,19,35,0,54,0,0,0,54
08/02/2000,IPT,PA,AEA,EN,Federal Contract Tower,0,18,19,0,37,0,4,12,0,16,0,22,31,0,53,12,0,12,65
08/03/2000,IPT,PA,AEA,EN,Federal Contract Tower,0,25,27,0,52,0,0,14,0,14,0,25,41,0,66,6,0,6,72
08/04/2000,IPT,PA,AEA,EN,Federal Contract Tower,0,23,23,0,46,0,0,59,0,59,0,23,82,0,105,12,0,12,117
08/05/2000,IPT,PA,AEA,EN,Federal Contract Tower,0,9,10,0,19,0,6,61,0,67,0,15,71,0,86,20,0,20,106
08/06/2000,IPT,PA,AEA,EN,Federal Contract Tower,0,10,13,0,23,0,0,11,0,11,0,10,24,0,34,0,0,0,34
08/07/2000,IPT,PA,AEA,EN,Federal Contract Tower,0,18,18,0,36,0,1,28,0,29,0,19,46,0,65,6,0,6,71
08/08/2000,IPT,PA,AEA,EN,Federal Contract Tower,0,20,22,0,42,0,0,32,0,32,0,20,54,0,74,16,0,16,90
08/09/2000,IPT,PA,AEA,EN,Federal Contract Tower,0,19,19,0,38,0,6,10,0,16,0,25,29,0,54,0,0,0,54
08/10/2000,IPT,PA,AEA,EN,Federal Contract Tower,0,13,13,0,26,0,6,44,0,50,0,19,57,0,76,14,0,14,90
08/11/2000,IPT,PA,AEA,EN,Federal Contract Tower,0,19,22,0,41,0,0,32,9,41,0,19,54,9,82,24,0,24,106
08/12/2000,IPT,PA,AEA,EN,Federal Contract Tower,0,14,13,0,27,0,3,25,0,28,0,17,38,0,55,28,0,28,83
08/13/2000,IPT,PA,AEA,EN,Federal Contract Tower,0,11,11,1,23,0,0,26,3,29,0,11,37,4,52,6,0,6,58
08/14/2000,IPT,PA,AEA,EN,Federal Contract Tower,0,13,13,1,27,0,5,32,1,38,0,18,45,2,65,4,0,4,69
08/15/2000,IPT,PA,AEA,EN,Federal Contract Tower,0,17,17,0,34,0,5,35,0,40,0,22,52,0,74,2,0,2,76
08/16/2000,IPT,PA,AEA,EN,Federal Contract Tower,0,13,12,0,25,0,7,46,0,53,0,20,58,0,78,6,0,6,84
08/17/2000,IPT,PA,AEA,EN,Federal Contract Tower,0,21,20,0,41,0,2,49,0,51,0,23,69,0,92,0,0,0,92
08/18/2000,IPT,PA,AEA,EN,Federal Contract Tower,0,17,21,0,38,0,0,16,0,16,0,17,37,0,54,0,0,0,54
08/19/2000,IPT,PA,AEA,EN,Federal Contract Tower,0,14,13,0,27,0,2,63,0,65,0,16,76,0,92,30,0,30,122
08/20/2000,IPT,PA,AEA,EN,Federal Contract Tower,0,11,10,0,21,0,0,79,0,79,0,11,89,0,100,30,0,30,130
08/21/2000,IPT,PA,AEA,EN,Federal Contract Tower,0,13,11,0,24,0,5,62,0,67,0,18,73,0,91,54,0,54,145
08/22/2000,IPT,PA,AEA,EN,Federal Contract Tower,0,16,15,0,31,0,7,49,2,58,0,23,64,2,89,28,0,28,117
08/23/2000,IPT,PA,AEA,EN,Federal Contract Tower,0,22,20,0,42,0,1,3,0,4,0,23,23,0,46,0,0,0,46
08/24/2000,IPT,PA,AEA,EN,Federal Contract Tower,0,20,20,0,40,0,0,29,0,29,0,20,49,0,69,14,0,14,83
08/25/2000,IPT,PA,AEA,EN,Federal Contract Tower,0,19,19,0,38,0,0,47,0,47,0,19,66,0,85,18,0,18,103
08/26/2000,IPT,PA,AEA,EN,Federal Contract Tower,0,17,16,0,33,0,0,72,0,72,0,17,88,0,105,10,0,10,115
08/27/2000,IPT,PA,AEA,EN,Federal Contract Tower,0,12,13,0,25,0,0,9,0,9,0,12,22,0,34,22,0,22,56
08/28/2000,IPT,PA,AEA,EN,Federal Contract Tower,0,19,21,0,40,0,0,9,4,13,0,19,30,4,53,4,0,4,57
08/29/2000,IPT,PA,AEA,EN,Federal Contract Tower,0,20,18,0,38,0,3,29,0,32,0,23,47,0,70,8,0,8,78
08/30/2000,IPT,PA,AEA,EN,Federal Contract Tower,0,21,25,0,46,0,0,48,0,48,0,21,73,0,94,40,0,40,134
08/31/2000,IPT,PA,AEA,EN,Federal Contract Tower,0,21,20,0,41,0,0,38,4,42,0,21,58,4,83,6,0,6,89
09/01/2000,IPT,PA,AEA,EN,Federal Contract Tower,0,17,19,0,36,0,0,12,0,12,0,17,31,0,48,0,0,0,48
09/02/2000,IPT,PA,AEA,EN,Federal Contract Tower,0,14,13,0,27,0,4,2,0,6,0,18,15,0,33,0,0,0,33
09/03/2000,IPT,PA,AEA,EN,Federal Contract Tower,0,11,13,0,24,0,0,15,0,15,0,11,28,0,39,8,0,8,47
09/04/2000,IPT,PA,AEA,EN,Federal Contract Tower,0,12,12,0,24,0,0,28,0,28,0,12,40,0,52,4,0,4,56
09/05/2000,IPT,PA,AEA,EN,Federal Contract Tower,0,13,13,0,26,0,6,38,0,44,0,19,51,0,70,12,0,12,82
09/06/2000,IPT,PA,AEA,EN,Federal Contract Tower,0,13,12,0,25,0,8,30,0,38,0,21,42,0,63,18,0,18,81
09/07/2000,IPT,PA,AEA,EN,Federal Contract Tower,0,21,21,0,42,0,0,45,0,45,0,21,66,0,87,14,0,14,101
09/08/2000,IPT,PA,AEA,EN,Federal Contract Tower,0,17,17,0,34,0,3,36,0,39,0,20,53,0,73,44,0,44,117
09/09/2000,IPT,PA,AEA,EN,Federal Contract Tower,0,14,14,0,28,0,5,13,0,18,0,19,27,0,46,12,0,12,58
09/10/2000,IPT,PA,AEA,EN,Federal Contract Tower,0,10,10,0,20,0,1,17,4,22,0,11,27,4,42,16,0,16,58
09/11/2000,IPT,PA,AEA,EN,Federal Contract Tower,0,18,20,0,38,0,0,7,0,7,0,18,27,0,45,2,0,2,47
09/12/2000,IPT,PA,AEA,EN,Federal Contract Tower,0,15,14,0,29,0,4,1,0,5,0,19,15,0,34,0,0,0,34
09/13/2000,IPT,PA,AEA,EN,Federal Contract Tower,0,15,14,0,29,0,6,29,0,35,0,21,43,0,64,22,0,22,86
09/14/2000,IPT,PA,AEA,EN,Federal Contract Tower,0,21,23,1,45,0,0,45,3,48,0,21,68,4,93,32,0,32,125
09/15/2000,IPT,PA,AEA,EN,Federal Contract Tower,0,17,20,0,37,0,0,32,0,32,0,17,52,0,69,0,0,0,69
09/16/2000,IPT,PA,AEA,EN,Federal Contract Tower,0,15,13,0,28,0,1,25,0,26,0,16,38,0,54,6,0,6,60
09/17/2000,IPT,PA,AEA,EN,Federal Contract Tower,0,11,9,0,20,0,1,63,0,64,0,12,72,0,84,12,0,12,96
09/18/2000,IPT,PA,AEA,EN,Federal Contract Tower,0,14,12,0,26,0,4,58,0,62,0,18,70,0,88,24,0,24,112
09/19/2000,IPT,PA,AEA,EN,Federal Contract Tower,0,16,13,0,29,0,2,15,0,17,0,18,28,0,46,34,0,34,80
09/20/2000,IPT,PA,AEA,EN,Federal Contract Tower,0,20,19,0,39,0,0,47,1,48,0,20,66,1,87,42,0,42,129
09/21/2000,IPT,PA,AEA,EN,Federal Contract Tower,0,21,19,0,40,0,2,27,0,29,0,23,46,0,69,0,0,0,69
09/22/2000,IPT,PA,AEA,EN,Federal Contract Tower,0,16,14,0,30,0,2,72,0,74,0,18,86,0,104,36,0,36,140
09/23/2000,IPT,PA,AEA,EN,Federal Contract Tower,0,16,15,0,31,0,0,11,2,13,0,16,26,2,44,4,0,4,48
09/24/2000,IPT,PA,AEA,EN,Federal Contract Tower,0,14,18,0,32,0,0,12,0,12,0,14,30,0,44,0,0,0,44
09/25/2000,IPT,PA,AEA,EN,Federal Contract Tower,0,18,15,0,33,0,1,25,0,26,0,19,40,0,59,28,0,28,87
09/26/2000,IPT,PA,AEA,EN,Federal Contract Tower,0,22,20,0,42,0,0,7,0,7,0,22,27,0,49,0,0,0,49
09/27/2000,IPT,PA,AEA,EN,Federal Contract Tower,0,16,14,0,30,0,5,43,0,48,0,21,57,0,78,14,0,14,92
09/28/2000,IPT,PA,AEA,EN,Federal Contract Tower,0,22,22,0,44,0,0,54,0,54,0,22,76,0,98,22,0,22,120
09/29/2000,IPT,PA,AEA,EN,Federal Contract Tower,0,22,20,0,42,0,0,60,0,60,0,22,80,0,102,22,0,22,124
09/30/2000,IPT,PA,AEA,EN,Federal Contract Tower,0,15,13,0,28,0,2,50,0,52,0,17,63,0,80,14,0,14,94
10/01/2000,IPT,PA,AEA,EN,Federal Contract Tower,0,10,9,0,19,0,0,39,0,39,0,10,48,0,58,20,0,20,78
10/02/2000,IPT,PA,AEA,EN,Federal Contract Tower,0,10,10,0,20,0,2,18,0,20,0,12,28,0,40,0,0,0,40
10/03/2000,IPT,PA,AEA,EN,Federal Contract Tower,0,19,19,0,38,0,0,34,0,34,0,19,53,0,72,32,0,32,104
10/04/2000,IPT,PA,AEA,EN,Federal Contract Tower,0,18,17,0,35,0,2,18,0,20,0,20,35,0,55,12,0,12,67
10/05/2000,IPT,PA,AEA,EN,Federal Contract Tower,0,21,20,0,41,0,0,7,0,7,0,21,27,0,48,0,0,0,48
10/06/2000,IPT,PA,AEA,EN,Federal Contract Tower,0,18,14,0,32,0,3,13,0,16,0,21,27,0,48,2,0,2,50
10/07/2000,IPT,PA,AEA,EN,Federal Contract Tower,0,15,12,0,27,0,3,40,0,43,0,18,52,0,70,10,0,10,80
10/08/2000,IPT,PA,AEA,EN,Federal Contract Tower,0,10,8,0,18,0,1,31,4,36,0,11,39,4,54,20,0,20,74
10/09/2000,IPT,PA,AEA,EN,Federal Contract Tower,0,13,10,0,23,0,5,31,0,36,0,18,41,0,59,32,0,32,91
10/10/2000,IPT,PA,AEA,EN,Federal Contract Tower,0,21,17,0,38,0,0,23,0,23,0,21,40,0,61,4,0,4,65
10/11/2000,IPT,PA,AEA,EN,Federal Contract Tower,0,18,14,0,32,0,4,41,2,47,0,22,55,2,79,2,0,2,81
10/12/2000,IPT,PA,AEA,EN,Federal Contract Tower,0,21,16,0,37,0,4,67,0,71,0,25,83,0,108,2,0,2,110
10/13/2000,IPT,PA,AEA,EN,Federal Contract Tower,0,18,14,0,32,0,6,59,0,65,0,24,73,0,97,10,0,10,107
10/14/2000,IPT,PA,AEA,EN,Federal Contract Tower,0,13,10,0,23,0,4,83,0,87,0,17,93,0,110,26,0,26,136
10/15/2000,IPT,PA,AEA,EN,Federal Contract Tower,0,12,10,0,22,0,0,67,0,67,0,12,77,0,89,22,0,22,111
10/16/2000,IPT,PA,AEA,EN,Federal Contract Tower,0,20,19,0,39,0,0,20,0,20,0,20,39,0,59,10,0,10,69
10/17/2000,IPT,PA,AEA,EN,Federal Contract Tower,0,27,16,0,43,0,3,0,0,3,0,30,16,0,46,0,0,0,46
10/18/2000,IPT,PA,AEA,EN,Federal Contract Tower,0,25,20,0,45,2,0,15,0,17,2,25,35,0,62,4,0,4,66
10/19/2000,IPT,PA,AEA,EN,Federal Contract Tower,0,17,12,0,29,0,6,54,0,60,0,23,66,0,89,14,0,14,103
10/20/2000,IPT,PA,AEA,EN,Federal Contract Tower,0,20,14,0,34,0,3,49,2,54,0,23,63,2,88,30,2,32,120
10/21/2000,IPT,PA,AEA,EN,Federal Contract Tower,0,15,11,0,26,0,0,17,0,17,0,15,28,0,43,8,0,8,51
10/22/2000,IPT,PA,AEA,EN,Federal Contract Tower,0,12,8,0,20,0,0,69,0,69,0,12,77,0,89,18,0,18,107
10/23/2000,IPT,PA,AEA,EN,Federal Contract Tower,0,16,12,0,28,0,4,37,0,41,0,20,49,0,69,6,0,6,75
10/24/2000,IPT,PA,AEA,EN,Federal Contract Tower,0,20,15,0,35,0,1,20,0,21,0,21,35,0,56,42,0,42,98
10/25/2000,IPT,PA,AEA,EN,Federal Contract Tower,0,22,16,0,38,0,4,16,0,20,0,26,32,0,58,20,0,20,78
10/26/2000,IPT,PA,AEA,EN,Federal Contract Tower,0,21,18,0,39,0,0,30,0,30,0,21,48,0,69,14,0,14,83
10/27/2000,IPT,PA,AEA,EN,Federal Contract Tower,0,22,17,0,39,0,0,45,0,45,0,22,62,0,84,50,0,50,134
10/28/2000,IPT,PA,AEA,EN,Federal Contract Tower,0,16,12,0,28,0,1,0,0,1,0,17,12,0,29,14,0,14,43
10/29/2000,IPT,PA,AEA,EN,Federal Contract Tower,0,10,7,0,17,0,1,15,0,16,0,11,22,0,33,10,0,10,43
10/30/2000,IPT,PA,AEA,EN,Federal Contract Tower,0,14,9,0,23,0,6,28,2,36,0,20,37,2,59,14,0,14,73
10/31/2000,IPT,PA,AEA,EN,Federal Contract Tower,0,14,10,0,24,0,8,27,0,35,0,22,37,0,59,30,0,30,89
11/01/2000,IPT,PA,AEA,EN,Federal Contract Tower,0,15,11,0,26,0,8,30,0,38,0,23,41,0,64,12,0,12,76
11/02/2000,IPT,PA,AEA,EN,Federal Contract Tower,0,18,15,0,33,0,4,44,4,52,0,22,59,4,85,20,0,20,105
11/03/2000,IPT,PA,AEA,EN,Federal Contract Tower,0,22,19,0,41,0,0,40,0,40,0,22,59,0,81,54,0,54,135
11/04/2000,IPT,PA,AEA,EN,Federal Contract Tower,0,15,11,0,26,0,2,38,0,40,0,17,49,0,66,8,0,8,74
11/05/2000,IPT,PA,AEA,EN,Federal Contract Tower,0,9,10,0,19,0,0,30,0,30,0,9,40,0,49,2,0,2,51
11/06/2000,IPT,PA,AEA,EN,Federal Contract Tower,0,13,10,0,23,0,2,40,0,42,0,15,50,0,65,24,0,24,89
11/07/2000,IPT,PA,AEA,EN,Federal Contract Tower,0,18,14,0,32,0,8,46,0,54,0,26,60,0,86,34,0,34,120
11/08/2000,IPT,PA,AEA,EN,Federal Contract Tower,0,23,17,0,40,0,0,40,2,42,0,23,57,2,82,38,0,38,120
11/09/2000,IPT,PA,AEA,EN,Federal Contract Tower,0,21,23,0,44,0,0,11,0,11,0,21,34,0,55,0,0,0,55
11/10/2000,IPT,PA,AEA,EN,Federal Contract Tower,0,18,17,0,35,0,0,9,0,9,0,18,26,0,44,0,0,0,44
11/11/2000,IPT,PA,AEA,EN,Federal Contract Tower,0,13,10,0,23,0,4,7,0,11,0,17,17,0,34,2,0,2,36
11/12/2000,IPT,PA,AEA,EN,Federal Contract Tower,0,11,13,0,24,0,0,14,0,14,0,11,27,0,38,22,0,22,60
11/13/2000,IPT,PA,AEA,EN,Federal Contract Tower,0,22,18,0,40,0,0,9,0,9,0,22,27,0,49,0,0,0,49
11/14/2000,IPT,PA,AEA,EN,Federal Contract Tower,0,18,13,0,31,0,1,4,0,5,0,19,17,0,36,0,0,0,36
11/15/2000,IPT,PA,AEA,EN,Federal Contract Tower,0,18,13,0,31,0,6,14,0,20,0,24,27,0,51,28,0,28,79
11/16/2000,IPT,PA,AEA,EN,Federal Contract Tower,0,23,17,1,41,0,1,46,3,50,0,24,63,4,91,10,0,10,101
11/17/2000,IPT,PA,AEA,EN,Federal Contract Tower,0,20,14,0,34,0,3,20,0,23,0,23,34,0,57,0,0,0,57
11/18/2000,IPT,PA,AEA,EN,Federal Contract Tower,0,17,11,0,28,0,2,11,0,13,0,19,22,0,41,6,0,6,47
11/19/2000,IPT,PA,AEA,EN,Federal Contract Tower,0,13,9,0,22,0,0,48,0,48,0,13,57,0,70,28,0,28,98
11/20/2000,IPT,PA,AEA,EN,Federal Contract Tower,0,18,12,0,30,0,3,9,2,14,0,21,21,2,44,2,0,2,46
11/21/2000,IPT,PA,AEA,EN,Federal Contract Tower,0,22,16,0,38,0,0,16,0,16,0,22,32,0,54,10,0,10,64
11/22/2000,IPT,PA,AEA,EN,Federal Contract Tower,0,21,15,0,36,0,2,20,0,22,0,23,35,0,58,0,0,0,58
11/23/2000,IPT,PA,AEA,EN,Federal Contract Tower,0,8,5,0,13,0,4,9,0,13,0,12,14,0,26,0,0,0,26
11/24/2000,IPT,PA,AEA,EN,Federal Contract Tower,0,11,7,0,18,0,3,47,0,50,0,14,54,0,68,40,0,40,108
11/25/2000,IPT,PA,AEA,EN,Federal Contract Tower,0,12,8,0,20,0,2,34,0,36,0,14,42,0,56,34,0,34,90
11/26/2000,IPT,PA,AEA,EN,Federal Contract Tower,0,18,12,0,30,0,0,0,0,0,0,18,12,0,30,0,0,0,30
11/27/2000,IPT,PA,AEA,EN,Federal Contract Tower,0,18,13,0,31,0,0,9,0,9,0,18,22,0,40,0,0,0,40
11/28/2000,IPT,PA,AEA,EN,Federal Contract Tower,0,24,17,0,41,0,1,19,0,20,0,25,36,0,61,20,0,20,81
11/29/2000,IPT,PA,AEA,EN,Federal Contract Tower,0,17,11,0,28,0,5,10,0,15,0,22,21,0,43,8,0,8,51
11/30/2000,IPT,PA,AEA,EN,Federal Contract Tower,0,22,15,0,37,0,3,11,0,14,0,25,26,0,51,18,0,18,69
12/01/2000,IPT,PA,AEA,EN,Federal Contract Tower,0,16,10,0,26,0,3,23,2,28,0,19,33,2,54,56,0,56,110
12/02/2000,IPT,PA,AEA,EN,Federal Contract Tower,0,14,9,0,23,0,3,19,2,24,0,17,28,2,47,6,0,6,53
12/03/2000,IPT,PA,AEA,EN,Federal Contract Tower,0,10,9,0,19,0,0,49,0,49,0,10,58,0,68,28,0,28,96
12/04/2000,IPT,PA,AEA,EN,Federal Contract Tower,0,18,10,0,28,0,0,34,0,34,0,18,44,0,62,12,0,12,74
12/05/2000,IPT,PA,AEA,EN,Federal Contract Tower,0,22,13,0,35,0,0,8,0,8,0,22,21,0,43,0,0,0,43
12/06/2000,IPT,PA,AEA,EN,Federal Contract Tower,0,20,11,0,31,0,2,29,0,31,0,22,40,0,62,2,0,2,64
12/07/2000,IPT,PA,AEA,EN,Federal Contract Tower,0,22,15,0,37,0,0,22,2,24,0,22,37,2,61,4,0,4,65
12/08/2000,IPT,PA,AEA,EN,Federal Contract Tower,0,19,13,0,32,0,0,3,0,3,0,19,16,0,35,0,0,0,35
12/09/2000,IPT,PA,AEA,EN,Federal Contract Tower,0,13,8,0,21,0,2,29,1,32,0,15,37,1,53,6,0,6,59
12/10/2000,IPT,PA,AEA,EN,Federal Contract Tower,0,10,6,0,16,0,0,6,0,6,0,10,12,0,22,0,0,0,22
12/11/2000,IPT,PA,AEA,EN,Federal Contract Tower,0,15,12,0,27,0,0,10,0,10,0,15,22,0,37,0,0,0,37
12/12/2000,IPT,PA,AEA,EN,Federal Contract Tower,0,17,9,0,26,0,0,13,0,13,0,17,22,0,39,0,0,0,39
12/13/2000,IPT,PA,AEA,EN,Federal Contract Tower,0,22,11,1,34,0,1,25,1,27,0,23,36,2,61,20,0,20,81
12/14/2000,IPT,PA,AEA,EN,Federal Contract Tower,0,18,9,0,27,0,3,0,0,3,0,21,9,0,30,0,0,0,30
12/15/2000,IPT,PA,AEA,EN,Federal Contract Tower,0,18,9,0,27,0,0,44,0,44,0,18,53,0,71,18,2,20,91
12/16/2000,IPT,PA,AEA,EN,Federal Contract Tower,0,14,4,0,18,0,3,0,0,3,0,17,4,0,21,0,0,0,21
12/17/2000,IPT,PA,AEA,EN,Federal Contract Tower,0,9,2,0,11,0,2,0,0,2,0,11,2,0,13,0,0,0,13
12/18/2000,IPT,PA,AEA,EN,Federal Contract Tower,0,19,12,0,31,0,0,37,0,37,0,19,49,0,68,26,0,26,94
12/19/2000,IPT,PA,AEA,EN,Federal Contract Tower,0,15,10,0,25,0,0,8,0,8,0,15,18,0,33,0,0,0,33
12/20/2000,IPT,PA,AEA,EN,Federal Contract Tower,0,24,12,0,36,0,2,21,0,23,0,26,33,0,59,24,0,24,83
12/21/2000,IPT,PA,AEA,EN,Federal Contract Tower,0,23,12,0,35,0,2,28,0,30,0,25,40,0,65,10,0,10,75
12/22/2000,IPT,PA,AEA,EN,Federal Contract Tower,0,16,4,0,20,0,6,0,0,6,0,22,4,0,26,0,0,0,26
12/23/2000,IPT,PA,AEA,EN,Federal Contract Tower,0,16,8,0,24,0,2,20,0,22,0,18,28,0,46,16,0,16,62
12/24/2000,IPT,PA,AEA,EN,Federal Contract Tower,0,9,4,0,13,0,2,6,0,8,0,11,10,0,21,12,0,12,33
12/25/2000,IPT,PA,AEA,EN,Federal Contract Tower,0,7,2,0,9,0,4,0,0,4,0,11,2,0,13,0,0,0,13
12/26/2000,IPT,PA,AEA,EN,Federal Contract Tower,0,18,9,0,27,0,2,16,0,18,0,20,25,0,45,38,0,38,83
12/27/2000,IPT,PA,AEA,EN,Federal Contract Tower,0,23,11,0,34,0,5,20,0,25,0,28,31,0,59,52,0,52,111
12/28/2000,IPT,PA,AEA,EN,Federal Contract Tower,0,15,7,0,22,0,6,26,2,34,0,21,33,2,56,32,0,32,88
12/29/2000,IPT,PA,AEA,EN,Federal Contract Tower,0,17,9,0,26,0,4,21,0,25,0,21,30,0,51,28,0,28,79
12/30/2000,IPT,PA,AEA,EN,Federal Contract Tower,0,10,5,0,15,0,3,10,0,13,0,13,15,0,28,22,0,22,50
12/31/2000,IPT,PA,AEA,EN,Federal Contract Tower,0,10,4,0,14,0,2,1,0,3,0,12,5,0,17,0,0,0,17
01/01/2001,IPT,PA,AEA,EN,Federal Contract Tower,0,10,6,0,16,0,3,27,0,30,0,13,33,0,46,24,0,24,70
01/02/2001,IPT,PA,AEA,EN,Federal Contract Tower,0,19,12,0,31,0,2,22,0,24,0,21,34,0,55,18,0,18,73
01/03/2001,IPT,PA,AEA,EN,Federal Contract Tower,0,17,11,0,28,0,4,36,2,42,0,21,47,2,70,46,0,46,116
01/04/2001,IPT,PA,AEA,EN,Federal Contract Tower,0,20,12,0,32,0,3,28,1,32,0,23,40,1,64,24,0,24,88
01/05/2001,IPT,PA,AEA,EN,Federal Contract Tower,0,15,9,0,24,0,0,0,0,0,0,15,9,0,24,0,0,0,24
01/06/2001,IPT,PA,AEA,EN,Federal Contract Tower,0,8,6,0,14,0,7,21,0,28,0,15,27,0,42,32,0,32,74
01/07/2001,IPT,PA,AEA,EN,Federal Contract Tower,0,9,5,0,14,0,0,16,0,16,0,9,21,0,30,24,0,24,54
01/08/2001,IPT,PA,AEA,EN,Federal Contract Tower,0,18,10,0,28,0,0,7,0,7,0,18,17,0,35,0,0,0,35
01/09/2001,IPT,PA,AEA,EN,Federal Contract Tower,0,26,12,0,38,0,0,29,0,29,0,26,41,0,67,0,0,0,67
01/10/2001,IPT,PA,AEA,EN,Federal Contract Tower,0,21,10,0,31,0,1,27,0,28,0,22,37,0,59,20,0,20,79
01/11/2001,IPT,PA,AEA,EN,Federal Contract Tower,0,19,9,1,29,0,5,43,3,51,0,24,52,4,80,12,0,12,92
01/12/2001,IPT,PA,AEA,EN,Federal Contract Tower,0,26,12,0,38,0,7,42,0,49,0,33,54,0,87,16,0,16,103
01/13/2001,IPT,PA,AEA,EN,Federal Contract Tower,0,20,9,0,29,0,0,62,0,62,0,20,71,0,91,44,0,44,135
01/14/2001,IPT,PA,AEA,EN,Federal Contract Tower,0,9,5,0,14,0,0,7,0,7,0,9,12,0,21,0,0,0,21
01/15/2001,IPT,PA,AEA,EN,Federal Contract Tower,0,16,3,0,19,0,4,0,0,4,0,20,3,0,23,0,0,0,23
01/16/2001,IPT,PA,AEA,EN,Federal Contract Tower,0,24,12,0,36,0,0,12,2,14,0,24,24,2,50,18,0,18,68
01/17/2001,IPT,PA,AEA,EN,Federal Contract Tower,0,21,10,0,31,0,0,21,0,21,0,21,31,0,52,2,0,2,54
01/18/2001,IPT,PA,AEA,EN,Federal Contract Tower,0,24,11,0,35,0,0,11,0,11,0,24,22,0,46,0,0,0,46
01/19/2001,IPT,PA,AEA,EN,Federal Contract Tower,0,17,6,0,23,0,2,0,0,2,0,19,6,0,25,0,0,0,25
01/20/2001,IPT,PA,AEA,EN,Federal Contract Tower,0,13,2,0,15,0,4,0,0,4,0,17,2,0,19,0,0,0,19
01/21/2001,IPT,PA,AEA,EN,Federal Contract Tower,0,9,3,0,12,0,0,8,2,10,0,9,11,2,22,6,0,6,28
01/22/2001,IPT,PA,AEA,EN,Federal Contract Tower,0,19,9,0,28,0,2,47,0,49,0,21,56,0,77,20,0,20,97
01/23/2001,IPT,PA,AEA,EN,Federal Contract Tower,0,25,12,0,37,0,0,32,0,32,0,25,44,0,69,24,0,24,93
01/24/2001,IPT,PA,AEA,EN,Federal Contract Tower,0,22,11,0,33,0,0,20,0,20,0,22,31,0,53,2,0,2,55
01/25/2001,IPT,PA,AEA,EN,Federal Contract Tower,0,22,10,0,32,0,0,29,2,31,0,22,39,2,63,20,0,20,83
01/26/2001,IPT,PA,AEA,EN,Federal Contract Tower,0,18,8,0,26,0,5,36,0,41,0,23,44,0,67,12,0,12,79
01/27/2001,IPT,PA,AEA,EN,Federal Contract Tower,0,15,5,0,20,0,3,0,0,3,0,18,5,0,23,0,0,0,23
01/28/2001,IPT,PA,AEA,EN,Federal Contract Tower,0,10,6,0,16,0,0,61,0,61,0,10,67,0,77,10,0,10,87
01/29/2001,IPT,PA,AEA,EN,Federal Contract Tower,0,19,10,0,29,0,0,29,0,29,0,19,39,0,58,14,0,14,72
01/30/2001,IPT,PA,AEA,EN,Federal Contract Tower,0,21,8,0,29,0,1,0,0,1,0,22,8,0,30,0,0,0,30
01/31/2001,IPT,PA,AEA,EN,Federal Contract Tower,0,19,10,0,29,0,0,6,0,6,0,19,16,0,35,0,0,0,35
02/01/2001,IPT,PA,AEA,EN,Federal Contract Tower,0,18,13,0,31,0,2,30,0,32,0,20,43,0,63,14,0,14,77
02/02/2001,IPT,PA,AEA,EN,Federal Contract Tower,0,19,13,0,32,0,4,4,0,8,0,23,17,0,40,18,0,18,58
02/03/2001,IPT,PA,AEA,EN,Federal Contract Tower,0,18,13,0,31,0,1,50,4,55,0,19,63,4,86,38,0,38,124
02/04/2001,IPT,PA,AEA,EN,Federal Contract Tower,0,7,5,0,12,0,3,21,0,24,0,10,26,0,36,2,0,2,38
02/05/2001,IPT,PA,AEA,EN,Federal Contract Tower,0,13,9,0,22,0,0,0,0,0,0,13,9,0,22,0,0,0,22
02/06/2001,IPT,PA,AEA,EN,Federal Contract Tower,0,16,11,0,27,0,0,8,0,8,0,16,19,0,35,0,0,0,35
02/07/2001,IPT,PA,AEA,EN,Federal Contract Tower,0,19,17,0,36,0,0,49,2,51,0,19,66,2,87,22,2,24,111
02/08/2001,IPT,PA,AEA,EN,Federal Contract Tower,0,19,13,0,32,0,0,34,0,34,0,19,47,0,66,10,0,10,76
02/09/2001,IPT,PA,AEA,EN,Federal Contract Tower,0,20,13,0,33,0,0,11,0,11,0,20,24,0,44,0,0,0,44
02/10/2001,IPT,PA,AEA,EN,Federal Contract Tower,0,10,6,0,16,0,7,3,0,10,0,17,9,0,26,0,0,0,26
02/11/2001,IPT,PA,AEA,EN,Federal Contract Tower,0,10,6,1,17,0,1,37,3,41,0,11,43,4,58,0,0,0,58
02/12/2001,IPT,PA,AEA,EN,Federal Contract Tower,0,16,10,1,27,0,0,31,1,32,0,16,41,2,59,4,0,4,63
02/13/2001,IPT,PA,AEA,EN,Federal Contract Tower,0,21,14,0,35,0,2,44,0,46,0,23,58,0,81,46,0,46,127
02/14/2001,IPT,PA,AEA,EN,Federal Contract Tower,0,22,17,0,39,0,0,6,0,6,0,22,23,0,45,0,0,0,45
02/15/2001,IPT,PA,AEA,EN,Federal Contract Tower,0,20,12,0,32,0,1,25,0,26,0,21,37,0,58,14,0,14,72
02/16/2001,IPT,PA,AEA,EN,Federal Contract Tower,0,19,14,0,33,0,0,5,0,5,0,19,19,0,38,0,0,0,38
02/17/2001,IPT,PA,AEA,EN,Federal Contract Tower,0,11,6,0,17,0,3,4,0,7,0,14,10,0,24,0,0,0,24
02/18/2001,IPT,PA,AEA,EN,Federal Contract Tower,0,11,8,0,19,0,0,38,0,38,0,11,46,0,57,12,0,12,69
02/19/2001,IPT,PA,AEA,EN,Federal Contract Tower,0,13,8,0,21,0,3,34,0,37,0,16,42,0,58,6,0,6,64
02/20/2001,IPT,PA,AEA,EN,Federal Contract Tower,0,18,14,0,32,0,0,37,0,37,0,18,51,0,69,8,0,8,77
02/21/2001,IPT,PA,AEA,EN,Federal Contract Tower,0,17,11,0,28,0,4,13,5,22,0,21,24,5,50,0,0,0,50
02/22/2001,IPT,PA,AEA,EN,Federal Contract Tower,0,15,9,0,24,0,0,21,0,21,0,15,30,0,45,2,0,2,47
02/23/2001,IPT,PA,AEA,EN,Federal Contract Tower,0,19,12,0,31,0,0,11,0,11,0,19,23,0,42,0,0,0,42
02/24/2001,IPT,PA,AEA,EN,Federal Contract Tower,0,12,7,0,19,0,4,37,0,41,0,16,44,0,60,46,0,46,106
02/25/2001,IPT,PA,AEA,EN,Federal Contract Tower,0,9,0,0,9,0,5,0,0,5,0,14,0,0,14,0,0,0,14
02/26/2001,IPT,PA,AEA,EN,Federal Contract Tower,0,15,9,0,24,0,1,12,0,13,0,16,21,0,37,0,0,0,37
02/27/2001,IPT,PA,AEA,EN,Federal Contract Tower,0,16,11,0,27,0,0,43,0,43,0,16,54,0,70,32,0,32,102
02/28/2001,IPT,PA,AEA,EN,Federal Contract Tower,0,17,10,0,27,0,3,31,2,36,0,20,41,2,63,8,0,8,71
03/01/2001,IPT,PA,AEA,EN,Federal Contract Tower,0,17,12,0,29,0,1,21,0,22,0,18,33,0,51,2,0,2,53
03/02/2001,IPT,PA,AEA,EN,Federal Contract Tower,0,20,14,0,34,0,0,8,0,8,0,20,22,0,42,26,0,26,68
03/03/2001,IPT,PA,AEA,EN,Federal Contract Tower,0,15,11,0,26,0,2,25,0,27,0,17,36,0,53,26,0,26,79
03/04/2001,IPT,PA,AEA,EN,Federal Contract Tower,0,4,4,0,8,0,0,0,0,0,0,4,4,0,8,0,0,0,8
03/05/2001,IPT,PA,AEA,EN,Federal Contract Tower,0,8,3,0,11,0,3,0,0,3,0,11,3,0,14,0,0,0,14
03/06/2001,IPT,PA,AEA,EN,Federal Contract Tower,0,14,7,0,21,0,4,0,0,4,0,18,7,0,25,0,0,0,25
03/07/2001,IPT,PA,AEA,EN,Federal Contract Tower,0,19,14,0,33,0,5,34,0,39,0,24,48,0,72,34,0,34,106
03/08/2001,IPT,PA,AEA,EN,Federal Contract Tower,0,21,16,0,37,0,3,23,0,26,0,24,39,0,63,0,0,0,63
03/09/2001,IPT,PA,AEA,EN,Federal Contract Tower,0,17,13,0,30,0,1,4,0,5,0,18,17,0,35,0,0,0,35
03/10/2001,IPT,PA,AEA,EN,Federal Contract Tower,0,15,12,0,27,0,0,38,0,38,0,15,50,0,65,24,0,24,89
03/11/2001,IPT,PA,AEA,EN,Federal Contract Tower,0,6,5,0,11,0,4,16,0,20,0,10,21,0,31,12,0,12,43
03/12/2001,IPT,PA,AEA,EN,Federal Contract Tower,0,14,11,0,25,0,4,47,0,51,0,18,58,0,76,24,0,24,100
03/13/2001,IPT,PA,AEA,EN,Federal Contract Tower,0,20,14,0,34,0,1,5,0,6,0,21,19,0,40,16,0,16,56
03/14/2001,IPT,PA,AEA,EN,Federal Contract Tower,0,20,14,0,34,0,1,24,0,25,0,21,38,0,59,8,0,8,67
03/15/2001,IPT,PA,AEA,EN,Federal Contract Tower,0,21,14,0,35,0,3,44,2,49,0,24,58,2,84,8,0,8,92
03/16/2001,IPT,PA,AEA,EN,Federal Contract Tower,0,18,13,0,31,0,0,14,0,14,0,18,27,0,45,0,0,0,45
03/17/2001,IPT,PA,AEA,EN,Federal Contract Tower,0,16,9,0,25,0,2,0,0,2,0,18,9,0,27,0,0,0,27
03/18/2001,IPT,PA,AEA,EN,Federal Contract Tower,0,10,8,0,18,0,0,27,0,27,0,10,35,0,45,22,0,22,67
03/19/2001,IPT,PA,AEA,EN,Federal Contract Tower,0,15,10,0,25,0,1,46,0,47,0,16,56,0,72,10,0,10,82
03/20/2001,IPT,PA,AEA,EN,Federal Contract Tower,0,21,15,0,36,0,0,72,0,72,0,21,87,0,108,36,0,36,144
03/21/2001,IPT,PA,AEA,EN,Federal Contract Tower,0,17,13,0,30,0,0,8,0,8,0,17,21,0,38,0,0,0,38
03/22/2001,IPT,PA,AEA,EN,Federal Contract Tower,0,21,14,0,35,0,2,6,0,8,0,23,20,0,43,0,0,0,43
03/23/2001,IPT,PA,AEA,EN,Federal Contract Tower,0,13,8,0,21,0,4,18,0,22,0,17,26,0,43,10,0,10,53
03/24/2001,IPT,PA,AEA,EN,Federal Contract Tower,0,13,8,0,21,0,5,1,0,6,0,18,9,0,27,4,0,4,31
03/25/2001,IPT,PA,AEA,EN,Federal Contract Tower,0,10,7,0,17,0,0,27,0,27,0,10,34,0,44,12,0,12,56
03/26/2001,IPT,PA,AEA,EN,Federal Contract Tower,0,14,13,0,27,0,0,14,0,14,0,14,27,0,41,0,0,0,41
03/27/2001,IPT,PA,AEA,EN,Federal Contract Tower,0,15,10,0,25,0,4,29,0,33,0,19,39,0,58,4,0,4,62
03/28/2001,IPT,PA,AEA,EN,Federal Contract Tower,0,17,11,0,28,0,3,46,0,49,0,20,57,0,77,8,0,8,85
03/29/2001,IPT,PA,AEA,EN,Federal Contract Tower,0,18,15,0,33,0,0,15,0,15,0,18,30,0,48,0,0,0,48
03/30/2001,IPT,PA,AEA,EN,Federal Contract Tower,0,22,15,0,37,0,4,3,0,7,0,26,18,0,44,24,0,24,68
03/31/2001,IPT,PA,AEA,EN,Federal Contract Tower,0,16,11,0,27,0,0,39,0,39,0,16,50,0,66,6,0,6,72
04/01/2001,IPT,PA,AEA,EN,Federal Contract Tower,0,9,6,0,15,0,0,9,0,9,0,9,15,0,24,30,0,30,54
04/02/2001,IPT,PA,AEA,EN,Federal Contract Tower,0,18,13,0,31,0,0,17,0,17,0,18,30,0,48,8,0,8,56
04/03/2001,IPT,PA,AEA,EN,Federal Contract Tower,0,21,20,0,41,0,0,42,0,42,0,21,62,0,83,16,0,16,99
04/04/2001,IPT,PA,AEA,EN,Federal Contract Tower,0,16,13,4,33,0,3,55,4,62,0,19,68,8,95,8,0,8,103
04/05/2001,IPT,PA,AEA,EN,Federal Contract Tower,0,16,13,0,29,0,2,64,0,66,0,18,77,0,95,20,0,20,115
04/06/2001,IPT,PA,AEA,EN,Federal Contract Tower,0,17,21,0,38,0,0,2,0,2,0,17,23,0,40,0,0,0,40
04/07/2001,IPT,PA,AEA,EN,Federal Contract Tower,0,15,10,0,25,0,1,6,0,7,0,16,16,0,32,0,0,0,32
04/08/2001,IPT,PA,AEA,EN,Federal Contract Tower,0,10,11,2,23,0,0,14,0,14,0,10,25,2,37,16,0,16,53
04/09/2001,IPT,PA,AEA,EN,Federal Contract Tower,0,11,11,0,22,0,0,5,0,5,0,11,16,0,27,2,0,2,29
04/10/2001,IPT,PA,AEA,EN,Federal Contract Tower,0,18,20,0,38,0,1,29,0,30,0,19,49,0,68,14,0,14,82
04/11/2001,IPT,PA,AEA,EN,Federal Contract Tower,0,18,18,0,36,0,0,5,0,5,0,18,23,0,41,0,0,0,41
04/12/2001,IPT,PA,AEA,EN,Federal Contract Tower,0,21,17,0,38,0,0,0,0,0,0,21,17,0,38,0,0,0,38
04/13/2001,IPT,PA,AEA,EN,Federal Contract Tower,0,18,7,0,25,0,2,37,0,39,0,20,44,0,64,14,0,14,78
04/14/2001,IPT,PA,AEA,EN,Federal Contract Tower,0,15,1,0,16,0,1,55,0,56,0,16,56,0,72,24,0,24,96
04/15/2001,IPT,PA,AEA,EN,Federal Contract Tower,0,10,5,0,15,0,0,16,0,16,0,10,21,0,31,12,0,12,43
04/16/2001,IPT,PA,AEA,EN,Federal Contract Tower,0,16,11,0,27,0,0,13,0,13,0,16,24,0,40,50,0,50,90
04/17/2001,IPT,PA,AEA,EN,Federal Contract Tower,0,19,9,0,28,0,2,3,0,5,0,21,12,0,33,26,0,26,59
04/18/2001,IPT,PA,AEA,EN,Federal Contract Tower,0,19,17,0,36,0,1,18,0,19,0,20,35,0,55,2,0,2,57
04/19/2001,IPT,PA,AEA,EN,Federal Contract Tower,0,16,3,0,19,0,4,55,0,59,0,20,58,0,78,4,0,4,82
04/20/2001,IPT,PA,AEA,EN,Federal Contract Tower,0,17,11,0,28,0,1,32,0,33,0,18,43,0,61,44,0,44,105
04/21/2001,IPT,PA,AEA,EN,Federal Contract Tower,0,20,8,0,28,0,0,24,0,24,0,20,32,0,52,18,0,18,70
04/22/2001,IPT,PA,AEA,EN,Federal Contract Tower,0,11,11,0,22,0,0,43,0,43,0,11,54,0,65,14,0,14,79
04/23/2001,IPT,PA,AEA,EN,Federal Contract Tower,0,15,9,0,24,0,0,47,0,47,0,15,56,0,71,30,0,30,101
04/24/2001,IPT,PA,AEA,EN,Federal Contract Tower,0,17,16,2,35,0,1,24,0,25,0,18,40,2,60,0,0,0,60
04/25/2001,IPT,PA,AEA,EN,Federal Contract Tower,0,19,7,0,26,0,4,50,0,54,0,23,57,0,80,16,0,16,96
04/26/2001,IPT,PA,AEA,EN,Federal Contract Tower,0,18,12,0,30,0,4,65,0,69,0,22,77,0,99,22,0,22,121
04/27/2001,IPT,PA,AEA,EN,Federal Contract Tower,0,18,12,2,32,0,1,45,2,48,0,19,57,4,80,8,0,8,88
04/28/2001,IPT,PA,AEA,EN,Federal Contract Tower,0,17,6,0,23,0,1,42,0,43,0,18,48,0,66,6,0,6,72
04/29/2001,IPT,PA,AEA,EN,Federal Contract Tower,0,11,8,0,19,0,0,82,0,82,0,11,90,0,101,4,0,4,105
04/30/2001,IPT,PA,AEA,EN,Federal Contract Tower,0,16,8,0,24,0,0,48,0,48,0,16,56,0,72,32,0,32,104
05/01/2001,IPT,PA,AEA,EN,Federal Contract Tower,0,21,10,0,31,0,1,78,0,79,0,22,88,0,110,56,0,56,166
05/02/2001,IPT,PA,AEA,EN,Federal Contract Tower,0,19,7,0,26,0,0,63,0,63,0,19,70,0,89,20,0,20,109
05/03/2001,IPT,PA,AEA,EN,Federal Contract Tower,0,22,11,0,33,0,0,57,5,62,0,22,68,5,95,50,0,50,145
05/04/2001,IPT,PA,AEA,EN,Federal Contract Tower,0,19,14,0,33,0,0,38,0,38,0,19,52,0,71,22,0,22,93
05/05/2001,IPT,PA,AEA,EN,Federal Contract Tower,0,15,12,0,27,0,0,38,0,38,0,15,50,0,65,28,0,28,93
05/06/2001,IPT,PA,AEA,EN,Federal Contract Tower,0,12,8,0,20,0,0,98,0,98,0,12,106,0,118,14,0,14,132
05/07/2001,IPT,PA,AEA,EN,Federal Contract Tower,0,22,16,0,38,0,0,42,0,42,0,22,58,0,80,22,0,22,102
05/08/2001,IPT,PA,AEA,EN,Federal Contract Tower,0,18,22,0,40,0,2,53,0,55,0,20,75,0,95,54,0,54,149
05/09/2001,IPT,PA,AEA,EN,Federal Contract Tower,0,23,16,0,39,0,2,49,0,51,0,25,65,0,90,36,0,36,126
05/10/2001,IPT,PA,AEA,EN,Federal Contract Tower,0,21,9,1,31,0,1,39,1,41,0,22,48,2,72,20,0,20,92
05/11/2001,IPT,PA,AEA,EN,Federal Contract Tower,0,21,7,0,28,0,1,36,0,37,0,22,43,0,65,20,0,20,85
05/12/2001,IPT,PA,AEA,EN,Federal Contract Tower,0,16,6,0,22,0,2,13,0,15,0,18,19,0,37,10,0,10,47
05/13/2001,IPT,PA,AEA,EN,Federal Contract Tower,0,11,3,0,14,0,0,36,0,36,0,11,39,0,50,8,0,8,58
05/14/2001,IPT,PA,AEA,EN,Federal Contract Tower,0,18,14,0,32,0,0,58,0,58,0,18,72,0,90,14,0,14,104
05/15/2001,IPT,PA,AEA,EN,Federal Contract Tower,0,18,12,0,30,0,0,46,0,46,0,18,58,0,76,10,0,10,86
05/16/2001,IPT,PA,AEA,EN,Federal Contract Tower,0,19,15,0,34,0,1,42,0,43,0,20,57,0,77,14,0,14,91
05/17/2001,IPT,PA,AEA,EN,Federal Contract Tower,0,18,29,0,47,0,1,10,0,11,0,19,39,0,58,0,0,0,58
05/18/2001,IPT,PA,AEA,EN,Federal Contract Tower,0,24,24,0,48,0,0,4,0,4,0,24,28,0,52,0,0,0,52
05/19/2001,IPT,PA,AEA,EN,Federal Contract Tower,0,18,3,0,21,0,0,54,0,54,0,18,57,0,75,52,0,52,127
05/20/2001,IPT,PA,AEA,EN,Federal Contract Tower,0,11,9,0,20,0,0,26,0,26,0,11,35,0,46,8,0,8,54
05/21/2001,IPT,PA,AEA,EN,Federal Contract Tower,0,16,27,0,43,0,0,1,0,1,0,16,28,0,44,0,0,0,44
05/22/2001,IPT,PA,AEA,EN,Federal Contract Tower,0,24,20,0,44,0,0,3,0,3,0,24,23,0,47,2,0,2,49
05/23/2001,IPT,PA,AEA,EN,Federal Contract Tower,0,21,12,0,33,0,1,37,0,38,0,22,49,0,71,18,0,18,89
05/24/2001,IPT,PA,AEA,EN,Federal Contract Tower,0,22,15,0,37,0,3,28,0,31,0,25,43,0,68,0,0,0,68
05/25/2001,IPT,PA,AEA,EN,Federal Contract Tower,0,22,11,0,33,0,0,8,0,8,0,22,19,0,41,14,0,14,55
05/26/2001,IPT,PA,AEA,EN,Federal Contract Tower,0,16,5,0,21,0,0,1,0,1,0,16,6,0,22,0,0,0,22
05/27/2001,IPT,PA,AEA,EN,Federal Contract Tower,0,10,6,0,16,0,0,4,0,4,0,10,10,0,20,2,0,2,22
05/28/2001,IPT,PA,AEA,EN,Federal Contract Tower,0,15,6,0,21,0,0,26,0,26,0,15,32,0,47,10,0,10,57
05/29/2001,IPT,PA,AEA,EN,Federal Contract Tower,0,21,15,0,36,0,0,32,0,32,0,21,47,0,68,2,0,2,70
05/30/2001,IPT,PA,AEA,EN,Federal Contract Tower,0,19,10,0,29,0,5,39,0,44,0,24,49,0,73,14,0,14,87
05/31/2001,IPT,PA,AEA,EN,Federal Contract Tower,0,18,17,2,37,0,2,69,0,71,0,20,86,2,108,4,0,4,112
06/01/2001,IPT,PA,AEA,EN,Federal Contract Tower,0,18,14,0,32,0,1,24,0,25,0,19,38,0,57,18,0,18,75
06/02/2001,IPT,PA,AEA,EN,Federal Contract Tower,0,19,6,0,25,0,0,19,0,19,0,19,25,0,44,40,0,40,84
06/03/2001,IPT,PA,AEA,EN,Federal Contract Tower,0,10,10,0,20,0,0,16,0,16,0,10,26,0,36,6,0,6,42
06/04/2001,IPT,PA,AEA,EN,Federal Contract Tower,0,19,16,0,35,0,0,53,0,53,0,19,69,0,88,16,0,16,104
06/05/2001,IPT,PA,AEA,EN,Federal Contract Tower,0,19,21,0,40,0,1,64,0,65,0,20,85,0,105,84,0,84,189
06/06/2001,IPT,PA,AEA,EN,Federal Contract Tower,0,22,20,0,42,0,8,38,0,46,0,30,58,0,88,34,0,34,122
06/07/2001,IPT,PA,AEA,EN,Federal Contract Tower,0,19,22,0,41,0,3,69,0,72,0,22,91,0,113,18,0,18,131
06/08/2001,IPT,PA,AEA,EN,Federal Contract Tower,0,21,10,1,32,0,1,60,3,64,0,22,70,4,96,4,0,4,100
06/09/2001,IPT,PA,AEA,EN,Federal Contract Tower,0,16,8,0,24,0,2,70,0,72,0,18,78,0,96,34,0,34,130
06/10/2001,IPT,PA,AEA,EN,Federal Contract Tower,0,11,10,0,21,0,0,34,0,34,0,11,44,0,55,10,0,10,65
06/11/2001,IPT,PA,AEA,EN,Federal Contract Tower,0,16,9,0,25,0,0,39,0,39,0,16,48,0,64,26,0,26,90
06/12/2001,IPT,PA,AEA,EN,Federal Contract Tower,0,21,24,0,45,0,0,28,0,28,0,21,52,0,73,6,0,6,79
06/13/2001,IPT,PA,AEA,EN,Federal Contract Tower,0,21,8,0,29,0,0,36,0,36,0,21,44,0,65,16,0,16,81
06/14/2001,IPT,PA,AEA,EN,Federal Contract Tower,0,17,30,0,47,0,1,19,0,20,0,18,49,0,67,22,0,22,89
06/15/2001,IPT,PA,AEA,EN,Federal Contract Tower,0,18,13,0,31,0,2,25,0,27,0,20,38,0,58,48,0,48,106
06/16/2001,IPT,PA,AEA,EN,Federal Contract Tower,0,17,9,0,26,0,1,6,0,7,0,18,15,0,33,0,0,0,33
06/17/2001,IPT,PA,AEA,EN,Federal Contract Tower,0,12,8,0,20,0,0,48,0,48,0,12,56,0,68,8,0,8,76
06/18/2001,IPT,PA,AEA,EN,Federal Contract Tower,0,18,14,2,34,0,0,61,0,61,0,18,75,2,95,36,0,36,131
06/19/2001,IPT,PA,AEA,EN,Federal Contract Tower,0,16,17,4,37,0,2,53,0,55,0,18,70,4,92,28,6,34,126
06/20/2001,IPT,PA,AEA,EN,Federal Contract Tower,0,19,10,0,29,0,2,41,0,43,0,21,51,0,72,26,0,26,98
06/21/2001,IPT,PA,AEA,EN,Federal Contract Tower,0,15,43,0,58,0,2,18,0,20,0,17,61,0,78,18,0,18,96
06/22/2001,IPT,PA,AEA,EN,Federal Contract Tower,0,22,13,0,35,0,3,6,0,9,0,25,19,0,44,14,0,14,58
06/23/2001,IPT,PA,AEA,EN,Federal Contract Tower,0,19,9,0,28,0,0,2,0,2,0,19,11,0,30,0,0,0,30
06/24/2001,IPT,PA,AEA,EN,Federal Contract Tower,0,11,11,0,22,0,0,56,0,56,0,11,67,0,78,14,0,14,92
06/25/2001,IPT,PA,AEA,EN,Federal Contract Tower,0,23,8,2,33,0,1,52,0,53,0,24,60,2,86,8,0,8,94
06/26/2001,IPT,PA,AEA,EN,Federal Contract Tower,0,21,17,2,40,0,3,59,0,62,0,24,76,2,102,34,0,34,136
06/27/2001,IPT,PA,AEA,EN,Federal Contract Tower,0,17,13,0,30,0,1,47,0,48,0,18,60,0,78,22,0,22,100
06/28/2001,IPT,PA,AEA,EN,Federal Contract Tower,0,20,28,0,48,0,0,28,2,30,0,20,56,2,78,0,0,0,78
06/29/2001,IPT,PA,AEA,EN,Federal Contract Tower,0,20,4,0,24,0,0,23,0,23,0,20,27,0,47,30,0,30,77
06/30/2001,IPT,PA,AEA,EN,Federal Contract Tower,0,15,8,0,23,0,0,13,0,13,0,15,21,0,36,34,0,34,70
07/01/2001,IPT,PA,AEA,EN,Federal Contract Tower,0,5,11,0,16,0,1,13,0,14,0,6,24,0,30,2,0,2,32
07/02/2001,IPT,PA,AEA,EN,Federal Contract Tower,0,21,20,0,41,0,1,61,0,62,0,22,81,0,103,40,0,40,143
07/03/2001,IPT,PA,AEA,EN,Federal Contract Tower,0,20,14,0,34,0,0,72,2,74,0,20,86,2,108,32,0,32,140
07/04/2001,IPT,PA,AEA,EN,Federal Contract Tower,0,14,2,0,16,0,0,14,0,14,0,14,16,0,30,0,0,0,30
07/05/2001,IPT,PA,AEA,EN,Federal Contract Tower,0,18,15,0,33,0,0,30,0,30,0,18,45,0,63,22,0,22,85
07/06/2001,IPT,PA,AEA,EN,Federal Contract Tower,0,18,11,0,29,0,2,56,0,58,0,20,67,0,87,10,0,10,97
07/07/2001,IPT,PA,AEA,EN,Federal Contract Tower,0,14,3,0,17,0,1,58,0,59,0,15,61,0,76,40,0,40,116
07/08/2001,IPT,PA,AEA,EN,Federal Contract Tower,0,12,14,4,30,0,0,13,0,13,0,12,27,4,43,34,0,34,77
07/09/2001,IPT,PA,AEA,EN,Federal Contract Tower,0,20,11,0,31,0,0,50,0,50,0,20,61,0,81,90,0,90,171
07/10/2001,IPT,PA,AEA,EN,Federal Contract Tower,0,20,18,0,38,0,2,17,0,19,0,22,35,0,57,48,0,48,105
07/11/2001,IPT,PA,AEA,EN,Federal Contract Tower,0,26,21,0,47,0,3,44,0,47,0,29,65,0,94,88,0,88,182
07/12/2001,IPT,PA,AEA,EN,Federal Contract Tower,0,22,11,0,33,0,2,44,0,46,0,24,55,0,79,44,0,44,123
07/13/2001,IPT,PA,AEA,EN,Federal Contract Tower,0,18,11,0,29,0,2,70,0,72,0,20,81,0,101,76,0,76,177
07/14/2001,IPT,PA,AEA,EN,Federal Contract Tower,0,15,9,0,24,0,1,47,0,48,0,16,56,0,72,36,0,36,108
07/15/2001,IPT,PA,AEA,EN,Federal Contract Tower,0,11,10,0,21,0,0,75,0,75,0,11,85,0,96,28,0,28,124
07/16/2001,IPT,PA,AEA,EN,Federal Contract Tower,0,18,11,6,35,0,0,47,0,47,0,18,58,6,82,18,0,18,100
07/17/2001,IPT,PA,AEA,EN,Federal Contract Tower,0,20,17,0,37,0,0,15,0,15,0,20,32,0,52,10,0,10,62
07/18/2001,IPT,PA,AEA,EN,Federal Contract Tower,0,23,25,0,48,0,1,25,0,26,0,24,50,0,74,30,0,30,104
07/19/2001,IPT,PA,AEA,EN,Federal Contract Tower,0,22,20,0,42,0,0,43,1,44,0,22,63,1,86,40,0,40,126
07/20/2001,IPT,PA,AEA,EN,Federal Contract Tower,0,23,19,0,42,0,1,54,1,56,0,24,73,1,98,54,0,54,152
07/21/2001,IPT,PA,AEA,EN,Federal Contract Tower,0,15,5,0,20,0,2,66,0,68,0,17,71,0,88,14,0,14,102
07/22/2001,IPT,PA,AEA,EN,Federal Contract Tower,0,11,7,0,18,0,0,53,0,53,0,11,60,0,71,12,0,12,83
07/23/2001,IPT,PA,AEA,EN,Federal Contract Tower,0,19,15,0,34,0,0,45,0,45,0,19,60,0,79,48,0,48,127
07/24/2001,IPT,PA,AEA,EN,Federal Contract Tower,0,21,12,0,33,0,0,26,0,26,0,21,38,0,59,38,0,38,97
07/25/2001,IPT,PA,AEA,EN,Federal Contract Tower,0,19,20,0,39,0,1,18,0,19,0,20,38,0,58,0,0,0,58
07/26/2001,IPT,PA,AEA,EN,Federal Contract Tower,0,19,18,0,37,0,0,27,0,27,0,19,45,0,64,0,0,0,64
07/27/2001,IPT,PA,AEA,EN,Federal Contract Tower,0,20,5,0,25,0,1,55,0,56,0,21,60,0,81,52,0,52,133
07/28/2001,IPT,PA,AEA,EN,Federal Contract Tower,0,18,6,0,24,0,0,48,0,48,0,18,54,0,72,32,0,32,104
07/29/2001,IPT,PA,AEA,EN,Federal Contract Tower,0,11,14,0,25,0,0,22,0,22,0,11,36,0,47,10,0,10,57
07/30/2001,IPT,PA,AEA,EN,Federal Contract Tower,0,18,18,2,38,0,0,20,0,20,0,18,38,2,58,32,0,32,90
07/31/2001,IPT,PA,AEA,EN,Federal Contract Tower,0,20,17,0,37,0,0,44,0,44,0,20,61,0,81,4,0,4,85
08/01/2001,IPT,PA,AEA,EN,Federal Contract Tower,0,19,14,0,33,0,0,50,2,52,0,19,64,2,85,42,0,42,127
08/02/2001,IPT,PA,AEA,EN,Federal Contract Tower,0,22,4,0,26,0,0,24,0,24,0,22,28,0,50,22,0,22,72
08/03/2001,IPT,PA,AEA,EN,Federal Contract Tower,0,20,11,0,31,0,0,11,0,11,0,20,22,0,42,14,0,14,56
08/04/2001,IPT,PA,AEA,EN,Federal Contract Tower,0,15,17,0,32,0,0,17,0,17,0,15,34,0,49,6,0,6,55
08/05/2001,IPT,PA,AEA,EN,Federal Contract Tower,0,11,10,0,21,0,2,47,0,49,0,13,57,0,70,22,0,22,92
08/06/2001,IPT,PA,AEA,EN,Federal Contract Tower,0,19,16,0,35,0,0,39,0,39,0,19,55,0,74,2,0,2,76
08/07/2001,IPT,PA,AEA,EN,Federal Contract Tower,0,20,15,0,35,0,0,42,0,42,0,20,57,0,77,6,0,6,83
08/08/2001,IPT,PA,AEA,EN,Federal Contract Tower,0,20,22,2,44,0,0,67,0,67,0,20,89,2,111,12,0,12,123
08/09/2001,IPT,PA,AEA,EN,Federal Contract Tower,0,20,14,0,34,0,0,32,4,36,0,20,46,4,70,16,0,16,86
08/10/2001,IPT,PA,AEA,EN,Federal Contract Tower,0,16,18,0,34,0,0,11,0,11,0,16,29,0,45,0,0,0,45
08/11/2001,IPT,PA,AEA,EN,Federal Contract Tower,0,19,21,0,40,0,1,41,0,42,0,20,62,0,82,4,0,4,86
08/12/2001,IPT,PA,AEA,EN,Federal Contract Tower,0,13,24,0,37,0,0,16,0,16,0,13,40,0,53,36,0,36,89
08/13/2001,IPT,PA,AEA,EN,Federal Contract Tower,0,19,27,0,46,0,0,15,0,15,0,19,42,0,61,0,0,0,61
08/14/2001,IPT,PA,AEA,EN,Federal Contract Tower,0,21,8,0,29,0,0,59,0,59,0,21,67,0,88,32,0,32,120
08/15/2001,IPT,PA,AEA,EN,Federal Contract Tower,0,22,24,0,46,0,0,61,2,63,0,22,85,2,109,16,0,16,125
08/16/2001,IPT,PA,AEA,EN,Federal Contract Tower,0,24,13,0,37,0,0,23,0,23,0,24,36,0,60,42,0,42,102
08/17/2001,IPT,PA,AEA,EN,Federal Contract Tower,0,22,21,0,43,0,0,26,2,28,0,22,47,2,71,28,0,28,99
08/18/2001,IPT,PA,AEA,EN,Federal Contract Tower,0,18,11,0,29,0,1,47,0,48,0,19,58,0,77,32,0,32,109
08/19/2001,IPT,PA,AEA,EN,Federal Contract Tower,0,11,14,0,25,0,0,18,0,18,0,11,32,0,43,16,0,16,59
08/20/2001,IPT,PA,AEA,EN,Federal Contract Tower,0,21,12,4,37,0,0,29,0,29,0,21,41,4,66,22,0,22,88
08/21/2001,IPT,PA,AEA,EN,Federal Contract Tower,0,23,9,0,32,0,0,30,0,30,0,23,39,0,62,20,0,20,82
08/22/2001,IPT,PA,AEA,EN,Federal Contract Tower,0,24,13,6,43,0,5,40,0,45,0,29,53,6,88,24,0,24,112
08/23/2001,IPT,PA,AEA,EN,Federal Contract Tower,0,24,20,6,50,0,0,12,0,12,0,24,32,6,62,6,0,6,68
08/24/2001,IPT,PA,AEA,EN,Federal Contract Tower,0,22,12,1,35,0,0,52,2,54,0,22,64,3,89,14,0,14,103
08/25/2001,IPT,PA,AEA,EN,Federal Contract Tower,0,17,19,1,37,0,0,22,0,22,0,17,41,1,59,12,0,12,71
08/26/2001,IPT,PA,AEA,EN,Federal Contract Tower,0,10,20,3,33,0,1,23,0,24,0,11,43,3,57,0,0,0,57
08/27/2001,IPT,PA,AEA,EN,Federal Contract Tower,0,18,19,5,42,0,0,12,0,12,0,18,31,5,54,12,2,14,68
08/28/2001,IPT,PA,AEA,EN,Federal Contract Tower,0,24,17,0,41,0,0,18,0,18,0,24,35,0,59,14,0,14,73
08/29/2001,IPT,PA,AEA,EN,Federal Contract Tower,0,20,28,1,49,0,0,53,3,56,0,20,81,4,105,18,0,18,123
08/30/2001,IPT,PA,AEA,EN,Federal Contract Tower,0,20,26,0,46,0,0,31,0,31,0,20,57,0,77,6,0,6,83
08/31/2001,IPT,PA,AEA,EN,Federal Contract Tower,2,20,16,2,40,0,0,7,0,7,2,20,23,2,47,0,0,0,47
09/01/2001,IPT,PA,AEA,EN,Federal Contract Tower,1,16,2,0,19,0,2,35,0,37,1,18,37,0,56,0,0,0,56
09/02/2001,IPT,PA,AEA,EN,Federal Contract Tower,0,13,4,0,17,0,0,46,0,46,0,13,50,0,63,14,0,14,77
09/03/2001,IPT,PA,AEA,EN,Federal Contract Tower,0,11,5,0,16,0,1,56,0,57,0,12,61,0,73,8,0,8,81
09/04/2001,IPT,PA,AEA,EN,Federal Contract Tower,0,17,21,0,38,0,0,11,0,11,0,17,32,0,49,0,0,0,49
09/05/2001,IPT,PA,AEA,EN,Federal Contract Tower,0,22,14,0,36,0,0,56,0,56,0,22,70,0,92,36,0,36,128
09/06/2001,IPT,PA,AEA,EN,Federal Contract Tower,2,25,17,0,44,0,0,54,0,54,2,25,71,0,98,16,0,16,114
09/07/2001,IPT,PA,AEA,EN,Federal Contract Tower,0,23,18,0,41,0,3,30,0,33,0,26,48,0,74,6,0,6,80
09/08/2001,IPT,PA,AEA,EN,Federal Contract Tower,2,17,9,2,30,0,0,34,0,34,2,17,43,2,64,18,0,18,82
09/09/2001,IPT,PA,AEA,EN,Federal Contract Tower,0,11,11,0,22,0,0,25,0,25,0,11,36,0,47,16,0,16,63
09/10/2001,IPT,PA,AEA,EN,Federal Contract Tower,1,18,18,0,37,0,0,13,0,13,1,18,31,0,50,20,0,20,70
09/11/2001,IPT,PA,AEA,EN,Federal Contract Tower,0,8,3,0,11,0,0,5,0,5,0,8,8,0,16,0,0,0,16
09/12/2001,IPT,PA,AEA,EN,Federal Contract Tower,0,0,1,0,1,0,0,2,0,2,0,0,3,0,3,0,0,0,3
09/13/2001,IPT,PA,AEA,EN,Federal Contract Tower,0,12,0,0,12,0,0,0,0,0,0,12,0,0,12,0,0,0,12
09/14/2001,IPT,PA,AEA,EN,Federal Contract Tower,0,22,3,0,25,0,0,2,5,7,0,22,5,5,32,0,0,0,32
09/15/2001,IPT,PA,AEA,EN,Federal Contract Tower,0,16,6,0,22,0,0,0,0,0,0,16,6,0,22,0,0,0,22
09/16/2001,IPT,PA,AEA,EN,Federal Contract Tower,0,9,26,0,35,0,0,0,0,0,0,9,26,0,35,0,0,0,35
09/17/2001,IPT,PA,AEA,EN,Federal Contract Tower,0,15,17,0,32,0,0,3,0,3,0,15,20,0,35,0,0,0,35
09/18/2001,IPT,PA,AEA,EN,Federal Contract Tower,0,21,26,0,47,0,0,9,0,9,0,21,35,0,56,0,0,0,56
09/19/2001,IPT,PA,AEA,EN,Federal Contract Tower,0,18,31,0,49,0,0,5,0,5,0,18,36,0,54,0,0,0,54
09/20/2001,IPT,PA,AEA,EN,Federal Contract Tower,0,16,17,0,33,0,0,3,0,3,0,16,20,0,36,2,0,2,38
09/21/2001,IPT,PA,AEA,EN,Federal Contract Tower,0,18,16,0,34,0,0,18,0,18,0,18,34,0,52,10,0,10,62
09/22/2001,IPT,PA,AEA,EN,Federal Contract Tower,0,11,18,0,29,0,0,24,0,24,0,11,42,0,53,16,0,16,69
09/23/2001,IPT,PA,AEA,EN,Federal Contract Tower,0,6,23,0,29,0,2,33,0,35,0,8,56,0,64,4,0,4,68
09/24/2001,IPT,PA,AEA,EN,Federal Contract Tower,0,16,11,0,27,0,0,0,0,0,0,16,11,0,27,0,0,0,27
09/25/2001,IPT,PA,AEA,EN,Federal Contract Tower,0,21,20,0,41,0,0,13,0,13,0,21,33,0,54,2,0,2,56
09/26/2001,IPT,PA,AEA,EN,Federal Contract Tower,0,26,8,0,34,0,0,30,2,32,0,26,38,2,66,14,0,14,80
09/27/2001,IPT,PA,AEA,EN,Federal Contract Tower,0,22,11,0,33,0,2,22,2,26,0,24,33,2,59,6,0,6,65
09/28/2001,IPT,PA,AEA,EN,Federal Contract Tower,0,19,12,0,31,0,0,14,0,14,0,19,26,0,45,38,0,38,83
09/29/2001,IPT,PA,AEA,EN,Federal Contract Tower,0,12,14,0,26,0,0,32,0,32,0,12,46,0,58,6,0,6,64
09/30/2001,IPT,PA,AEA,EN,Federal Contract Tower,0,6,17,0,23,0,0,44,0,44,0,6,61,0,67,12,0,12,79
10/01/2001,IPT,PA,AEA,EN,Federal Contract Tower,0,13,8,0,21,0,0,47,0,47,0,13,55,0,68,0,0,0,68
10/02/2001,IPT,PA,AEA,EN,Federal Contract Tower,0,22,18,0,40,0,1,54,0,55,0,23,72,0,95,18,0,18,113
10/03/2001,IPT,PA,AEA,EN,Federal Contract Tower,0,18,15,2,35,0,0,57,0,57,0,18,72,2,92,22,0,22,114
10/04/2001,IPT,PA,AEA,EN,Federal Contract Tower,0,20,22,0,42,0,0,71,2,73,0,20,93,2,115,10,0,10,125
10/05/2001,IPT,PA,AEA,EN,Federal Contract Tower,0,20,9,0,29,0,0,23,0,23,0,20,32,0,52,14,0,14,66
10/06/2001,IPT,PA,AEA,EN,Federal Contract Tower,0,10,1,0,11,0,0,8,0,8,0,10,9,0,19,0,0,0,19
10/07/2001,IPT,PA,AEA,EN,Federal Contract Tower,0,11,6,0,17,0,0,26,0,26,0,11,32,0,43,2,0,2,45
10/08/2001,IPT,PA,AEA,EN,Federal Contract Tower,0,16,16,0,32,0,0,41,0,41,0,16,57,0,73,8,0,8,81
10/09/2001,IPT,PA,AEA,EN,Federal Contract Tower,0,19,28,0,47,0,1,39,0,40,0,20,67,0,87,14,0,14,101
10/10/2001,IPT,PA,AEA,EN,Federal Contract Tower,0,17,20,2,39,0,2,49,0,51,0,19,69,2,90,22,0,22,112
10/11/2001,IPT,PA,AEA,EN,Federal Contract Tower,0,18,18,0,36,0,1,53,0,54,0,19,71,0,90,12,0,12,102
10/12/2001,IPT,PA,AEA,EN,Federal Contract Tower,0,19,12,0,31,0,0,30,2,32,0,19,42,2,63,2,0,2,65
10/13/2001,IPT,PA,AEA,EN,Federal Contract Tower,0,16,8,0,24,0,0,63,0,63,0,16,71,0,87,8,0,8,95
10/14/2001,IPT,PA,AEA,EN,Federal Contract Tower,0,9,14,0,23,0,0,1,0,1,0,9,15,0,24,0,0,0,24
10/15/2001,IPT,PA,AEA,EN,Federal Contract Tower,0,22,15,0,37,0,0,41,0,41,0,22,56,0,78,12,0,12,90
10/16/2001,IPT,PA,AEA,EN,Federal Contract Tower,0,18,17,0,35,0,0,23,0,23,0,18,40,0,58,0,0,0,58
10/17/2001,IPT,PA,AEA,EN,Federal Contract Tower,0,20,17,0,37,0,0,8,0,8,0,20,25,0,45,4,0,4,49
10/18/2001,IPT,PA,AEA,EN,Federal Contract Tower,0,20,18,0,38,0,0,57,1,58,0,20,75,1,96,22,0,22,118
10/19/2001,IPT,PA,AEA,EN,Federal Contract Tower,0,20,13,0,33,0,1,42,1,44,0,21,55,1,77,30,0,30,107
10/20/2001,IPT,PA,AEA,EN,Federal Contract Tower,0,17,12,0,29,0,1,56,0,57,0,18,68,0,86,22,0,22,108
10/21/2001,IPT,PA,AEA,EN,Federal Contract Tower,0,11,12,0,23,0,1,63,2,66,0,12,75,2,89,40,0,40,129
10/22/2001,IPT,PA,AEA,EN,Federal Contract Tower,0,16,29,0,45,0,0,31,2,33,0,16,60,2,78,22,0,22,100
10/23/2001,IPT,PA,AEA,EN,Federal Contract Tower,0,17,17,0,34,0,0,16,0,16,0,17,33,0,50,0,0,0,50
10/24/2001,IPT,PA,AEA,EN,Federal Contract Tower,0,18,18,0,36,0,0,14,0,14,0,18,32,0,50,0,0,0,50
10/25/2001,IPT,PA,AEA,EN,Federal Contract Tower,0,18,7,0,25,0,0,16,0,16,0,18,23,0,41,0,0,0,41
10/26/2001,IPT,PA,AEA,EN,Federal Contract Tower,0,17,9,0,26,0,0,10,0,10,0,17,19,0,36,0,0,0,36
10/27/2001,IPT,PA,AEA,EN,Federal Contract Tower,0,15,4,0,19,0,0,16,0,16,0,15,20,0,35,0,0,0,35
10/28/2001,IPT,PA,AEA,EN,Federal Contract Tower,0,9,6,0,15,0,0,51,0,51,0,9,57,0,66,16,0,16,82
10/29/2001,IPT,PA,AEA,EN,Federal Contract Tower,0,16,6,0,22,0,0,29,0,29,0,16,35,0,51,26,0,26,77
10/30/2001,IPT,PA,AEA,EN,Federal Contract Tower,0,17,22,0,39,0,0,39,0,39,0,17,61,0,78,0,0,0,78
10/31/2001,IPT,PA,AEA,EN,Federal Contract Tower,0,17,22,0,39,0,0,17,0,17,0,17,39,0,56,0,0,0,56
11/01/2001,IPT,PA,AEA,EN,Federal Contract Tower,0,17,27,0,44,0,0,30,0,30,0,17,57,0,74,8,0,8,82
11/02/2001,IPT,PA,AEA,EN,Federal Contract Tower,0,24,13,0,37,0,1,38,0,39,0,25,51,0,76,28,0,28,104
11/03/2001,IPT,PA,AEA,EN,Federal Contract Tower,0,16,9,0,25,0,0,44,0,44,0,16,53,0,69,14,0,14,83
11/04/2001,IPT,PA,AEA,EN,Federal Contract Tower,0,11,16,0,27,0,0,51,0,51,0,11,67,0,78,10,0,10,88
11/05/2001,IPT,PA,AEA,EN,Federal Contract Tower,0,16,13,0,29,0,0,11,0,11,0,16,24,0,40,0,0,0,40
11/06/2001,IPT,PA,AEA,EN,Federal Contract Tower,0,17,19,2,38,0,0,19,0,19,0,17,38,2,57,4,0,4,61
11/07/2001,IPT,PA,AEA,EN,Federal Contract Tower,0,20,8,0,28,0,0,21,2,23,0,20,29,2,51,4,4,8,59
11/08/2001,IPT,PA,AEA,EN,Federal Contract Tower,0,19,18,0,37,0,0,25,0,25,0,19,43,0,62,16,0,16,78
11/09/2001,IPT,PA,AEA,EN,Federal Contract Tower,0,19,16,0,35,0,0,19,0,19,0,19,35,0,54,10,0,10,64
11/10/2001,IPT,PA,AEA,EN,Federal Contract Tower,0,18,22,0,40,0,0,57,0,57,0,18,79,0,97,42,0,42,139
11/11/2001,IPT,PA,AEA,EN,Federal Contract Tower,0,9,9,0,18,0,0,24,0,24,0,9,33,0,42,0,0,0,42
11/12/2001,IPT,PA,AEA,EN,Federal Contract Tower,0,14,16,0,30,0,0,41,0,41,0,14,57,0,71,16,0,16,87
11/13/2001,IPT,PA,AEA,EN,Federal Contract Tower,0,22,11,0,33,0,2,37,0,39,0,24,48,0,72,50,0,50,122
11/14/2001,IPT,PA,AEA,EN,Federal Contract Tower,0,22,16,0,38,0,0,52,0,52,0,22,68,0,90,26,0,26,116
11/15/2001,IPT,PA,AEA,EN,Federal Contract Tower,0,19,7,0,26,0,0,32,0,32,0,19,39,0,58,22,0,22,80
11/16/2001,IPT,PA,AEA,EN,Federal Contract Tower,0,18,19,0,37,0,2,42,0,44,0,20,61,0,81,18,0,18,99
11/17/2001,IPT,PA,AEA,EN,Federal Contract Tower,0,14,2,0,16,0,0,88,0,88,0,14,90,0,104,32,0,32,136
11/18/2001,IPT,PA,AEA,EN,Federal Contract Tower,0,8,10,0,18,0,0,33,0,33,0,8,43,0,51,6,0,6,57
11/19/2001,IPT,PA,AEA,EN,Federal Contract Tower,0,19,13,0,32,0,0,11,0,11,0,19,24,0,43,2,0,2,45
11/20/2001,IPT,PA,AEA,EN,Federal Contract Tower,0,19,18,0,37,0,0,19,0,19,0,19,37,0,56,0,0,0,56
11/21/2001,IPT,PA,AEA,EN,Federal Contract Tower,0,15,9,0,24,0,1,35,0,36,0,16,44,0,60,10,0,10,70
11/22/2001,IPT,PA,AEA,EN,Federal Contract Tower,0,13,1,0,14,0,0,23,0,23,0,13,24,0,37,0,0,0,37
11/23/2001,IPT,PA,AEA,EN,Federal Contract Tower,0,16,5,0,21,0,1,73,0,74,0,17,78,0,95,10,0,10,105
11/24/2001,IPT,PA,AEA,EN,Federal Contract Tower,0,12,14,0,26,0,0,0,0,0,0,12,14,0,26,0,0,0,26
11/25/2001,IPT,PA,AEA,EN,Federal Contract Tower,0,14,11,0,25,0,0,3,0,3,0,14,14,0,28,0,0,0,28
11/26/2001,IPT,PA,AEA,EN,Federal Contract Tower,0,16,16,0,32,0,0,22,0,22,0,16,38,0,54,8,0,8,62
11/27/2001,IPT,PA,AEA,EN,Federal Contract Tower,0,19,16,0,35,0,0,6,0,6,0,19,22,0,41,14,0,14,55
11/28/2001,IPT,PA,AEA,EN,Federal Contract Tower,0,17,17,0,34,0,0,7,0,7,0,17,24,0,41,0,0,0,41
11/29/2001,IPT,PA,AEA,EN,Federal Contract Tower,0,16,14,0,30,0,0,0,0,0,0,16,14,0,30,0,0,0,30
11/30/2001,IPT,PA,AEA,EN,Federal Contract Tower,0,18,11,0,29,0,0,1,0,1,0,18,12,0,30,0,0,0,30
12/01/2001,IPT,PA,AEA,EN,Federal Contract Tower,0,19,16,0,35,0,0,34,0,34,0,19,50,0,69,30,0,30,99
12/02/2001,IPT,PA,AEA,EN,Federal Contract Tower,0,8,11,0,19,0,0,72,0,72,0,8,83,0,91,12,0,12,103
12/03/2001,IPT,PA,AEA,EN,Federal Contract Tower,0,14,11,0,25,0,1,17,0,18,0,15,28,0,43,30,0,30,73
12/04/2001,IPT,PA,AEA,EN,Federal Contract Tower,0,15,12,0,27,0,2,39,0,41,0,17,51,0,68,12,0,12,80
12/05/2001,IPT,PA,AEA,EN,Federal Contract Tower,0,20,12,0,32,0,2,49,0,51,0,22,61,0,83,2,0,2,85
12/06/2001,IPT,PA,AEA,EN,Federal Contract Tower,0,25,16,0,41,0,4,21,0,25,0,29,37,0,66,0,0,0,66
12/07/2001,IPT,PA,AEA,EN,Federal Contract Tower,0,21,21,0,42,0,2,20,0,22,0,23,41,0,64,12,0,12,76
12/08/2001,IPT,PA,AEA,EN,Federal Contract Tower,0,12,1,0,13,0,0,8,0,8,0,12,9,0,21,6,0,6,27
12/09/2001,IPT,PA,AEA,EN,Federal Contract Tower,0,7,13,0,20,0,0,20,0,20,0,7,33,0,40,8,0,8,48
12/10/2001,IPT,PA,AEA,EN,Federal Contract Tower,0,16,19,0,35,0,1,33,0,34,0,17,52,0,69,4,0,4,73
12/11/2001,IPT,PA,AEA,EN,Federal Contract Tower,0,25,14,0,39,0,2,25,0,27,0,27,39,0,66,6,0,6,72
12/12/2001,IPT,PA,AEA,EN,Federal Contract Tower,0,13,8,0,21,0,1,20,0,21,0,14,28,0,42,0,0,0,42
12/13/2001,IPT,PA,AEA,EN,Federal Contract Tower,0,28,11,0,39,0,0,1,0,1,0,28,12,0,40,0,0,0,40
12/14/2001,IPT,PA,AEA,EN,Federal Contract Tower,0,16,14,0,30,0,0,0,0,0,0,16,14,0,30,0,0,0,30
12/15/2001,IPT,PA,AEA,EN,Federal Contract Tower,0,15,9,0,24,0,0,29,0,29,0,15,38,0,53,10,0,10,63
12/16/2001,IPT,PA,AEA,EN,Federal Contract Tower,0,9,4,0,13,0,0,53,0,53,0,9,57,0,66,48,0,48,114
12/17/2001,IPT,PA,AEA,EN,Federal Contract Tower,0,16,12,0,28,0,0,2,0,2,0,16,14,0,30,0,0,0,30
12/18/2001,IPT,PA,AEA,EN,Federal Contract Tower,0,20,7,0,27,0,0,1,0,1,0,20,8,0,28,0,0,0,28
12/19/2001,IPT,PA,AEA,EN,Federal Contract Tower,0,16,10,0,26,0,4,33,0,37,0,20,43,0,63,8,0,8,71
12/20/2001,IPT,PA,AEA,EN,Federal Contract Tower,0,17,11,0,28,0,0,2,0,2,0,17,13,0,30,0,0,0,30
12/21/2001,IPT,PA,AEA,EN,Federal Contract Tower,0,18,9,0,27,0,0,22,0,22,0,18,31,0,49,0,0,0,49
12/22/2001,IPT,PA,AEA,EN,Federal Contract Tower,0,15,4,0,19,0,0,62,0,62,0,15,66,0,81,18,0,18,99
12/23/2001,IPT,PA,AEA,EN,Federal Contract Tower,0,7,2,0,9,0,0,20,0,20,0,7,22,0,29,0,0,0,29
12/24/2001,IPT,PA,AEA,EN,Federal Contract Tower,0,17,2,0,19,0,0,7,0,7,0,17,9,0,26,0,0,0,26
12/25/2001,IPT,PA,AEA,EN,Federal Contract Tower,0,9,0,0,9,0,0,0,0,0,0,9,0,0,9,0,0,0,9
12/26/2001,IPT,PA,AEA,EN,Federal Contract Tower,0,19,11,2,32,0,1,24,0,25,0,20,35,2,57,20,0,20,77
12/27/2001,IPT,PA,AEA,EN,Federal Contract Tower,0,18,7,0,25,0,0,15,0,15,0,18,22,0,40,0,0,0,40
12/28/2001,IPT,PA,AEA,EN,Federal Contract Tower,0,18,10,2,30,0,0,8,2,10,0,18,18,4,40,0,0,0,40
12/29/2001,IPT,PA,AEA,EN,Federal Contract Tower,0,15,2,0,17,0,0,14,0,14,0,15,16,0,31,4,0,4,35
12/30/2001,IPT,PA,AEA,EN,Federal Contract Tower,0,9,4,0,13,0,0,5,0,5,0,9,9,0,18,0,0,0,18
12/31/2001,IPT,PA,AEA,EN,Federal Contract Tower,0,16,5,0,21,0,0,33,0,33,0,16,38,0,54,14,0,14,68
01/01/2002,IPT,PA,AEA,EN,Federal Contract Tower,0,10,1,0,11,0,0,14,0,14,0,10,15,0,25,4,0,4,29
01/02/2002,IPT,PA,AEA,EN,Federal Contract Tower,0,16,8,0,24,0,1,35,0,36,0,17,43,0,60,50,0,50,110
01/03/2002,IPT,PA,AEA,EN,Federal Contract Tower,0,21,4,0,25,0,0,24,0,24,0,21,28,0,49,10,0,10,59
01/04/2002,IPT,PA,AEA,EN,Federal Contract Tower,0,17,8,0,25,0,2,31,0,33,0,19,39,0,58,2,0,2,60
01/05/2002,IPT,PA,AEA,EN,Federal Contract Tower,0,15,9,0,24,0,0,37,0,37,0,15,46,0,61,58,0,58,119
01/06/2002,IPT,PA,AEA,EN,Federal Contract Tower,0,2,3,0,5,0,0,5,0,5,0,2,8,0,10,8,0,8,18
01/07/2002,IPT,PA,AEA,EN,Federal Contract Tower,0,15,4,0,19,0,1,1,0,2,0,16,5,0,21,0,0,0,21
01/08/2002,IPT,PA,AEA,EN,Federal Contract Tower,0,20,7,0,27,0,0,9,0,9,0,20,16,0,36,16,0,16,52
01/09/2002,IPT,PA,AEA,EN,Federal Contract Tower,0,16,4,0,20,0,0,7,0,7,0,16,11,0,27,2,0,2,29
01/10/2002,IPT,PA,AEA,EN,Federal Contract Tower,0,18,14,0,32,0,1,23,0,24,0,19,37,0,56,36,0,36,92
01/11/2002,IPT,PA,AEA,EN,Federal Contract Tower,0,18,9,0,27,0,0,8,0,8,0,18,17,0,35,0,4,4,39
01/12/2002,IPT,PA,AEA,EN,Federal Contract Tower,0,15,5,0,20,0,0,53,0,53,0,15,58,0,73,26,0,26,99
01/13/2002,IPT,PA,AEA,EN,Federal Contract Tower,0,9,3,0,12,0,0,3,0,3,0,9,6,0,15,0,0,0,15
01/14/2002,IPT,PA,AEA,EN,Federal Contract Tower,0,15,3,0,18,0,1,32,0,33,0,16,35,0,51,34,0,34,85
01/15/2002,IPT,PA,AEA,EN,Federal Contract Tower,0,20,8,0,28,0,0,19,0,19,0,20,27,0,47,2,0,2,49
01/16/2002,IPT,PA,AEA,EN,Federal Contract Tower,0,19,13,0,32,0,0,18,0,18,0,19,31,0,50,0,0,0,50
01/17/2002,IPT,PA,AEA,EN,Federal Contract Tower,0,22,6,0,28,0,1,11,0,12,0,23,17,0,40,0,0,0,40
01/18/2002,IPT,PA,AEA,EN,Federal Contract Tower,0,23,17,0,40,0,0,33,2,35,0,23,50,2,75,6,0,6,81
01/19/2002,IPT,PA,AEA,EN,Federal Contract Tower,0,11,7,0,18,0,0,0,0,0,0,11,7,0,18,0,0,0,18
01/20/2002,IPT,PA,AEA,EN,Federal Contract Tower,0,10,4,0,14,0,0,9,0,9,0,10,13,0,23,4,0,4,27
01/21/2002,IPT,PA,AEA,EN,Federal Contract Tower,0,16,7,0,23,0,0,2,0,2,0,16,9,0,25,0,0,0,25
01/22/2002,IPT,PA,AEA,EN,Federal Contract Tower,0,17,16,0,33,0,0,36,2,38,0,17,52,2,71,6,0,6,77
01/23/2002,IPT,PA,AEA,EN,Federal Contract Tower,0,22,3,2,27,0,0,10,0,10,0,22,13,2,37,0,0,0,37
01/24/2002,IPT,PA,AEA,EN,Federal Contract Tower,0,19,5,0,24,0,0,0,0,0,0,19,5,0,24,0,0,0,24
01/25/2002,IPT,PA,AEA,EN,Federal Contract Tower,0,20,8,0,28,0,3,18,0,21,0,23,26,0,49,2,0,2,51
01/26/2002,IPT,PA,AEA,EN,Federal Contract Tower,0,15,7,0,22,0,0,85,0,85,0,15,92,0,107,56,0,56,163
01/27/2002,IPT,PA,AEA,EN,Federal Contract Tower,0,7,8,0,15,0,0,73,0,73,0,7,81,0,88,58,0,58,146
01/28/2002,IPT,PA,AEA,EN,Federal Contract Tower,0,14,9,2,25,0,0,50,0,50,0,14,59,2,75,14,0,14,89
01/29/2002,IPT,PA,AEA,EN,Federal Contract Tower,0,20,7,0,27,0,0,19,0,19,0,20,26,0,46,2,0,2,48
01/30/2002,IPT,PA,AEA,EN,Federal Contract Tower,0,17,7,0,24,0,0,4,0,4,0,17,11,0,28,0,0,0,28
01/31/2002,IPT,PA,AEA,EN,Federal Contract Tower,0,19,5,0,24,0,0,0,0,0,0,19,5,0,24,0,0,0,24
02/01/2002,IPT,PA,AEA,EN,Federal Contract Tower,0,24,4,0,28,0,0,1,0,1,0,24,5,0,29,0,0,0,29
02/02/2002,IPT,PA,AEA,EN,Federal Contract Tower,0,15,8,0,23,0,1,13,0,14,0,16,21,0,37,6,0,6,43
02/03/2002,IPT,PA,AEA,EN,Federal Contract Tower,0,9,1,0,10,0,0,32,0,32,0,9,33,0,42,32,0,32,74
02/04/2002,IPT,PA,AEA,EN,Federal Contract Tower,0,16,6,0,22,0,1,16,0,17,0,17,22,0,39,6,0,6,45
02/05/2002,IPT,PA,AEA,EN,Federal Contract Tower,0,22,15,0,37,0,0,16,4,20,0,22,31,4,57,0,0,0,57
02/06/2002,IPT,PA,AEA,EN,Federal Contract Tower,0,22,12,0,34,0,1,50,0,51,0,23,62,0,85,4,0,4,89
02/07/2002,IPT,PA,AEA,EN,Federal Contract Tower,0,19,14,3,36,0,1,11,5,17,0,20,25,8,53,4,18,22,75
02/08/2002,IPT,PA,AEA,EN,Federal Contract Tower,0,23,11,0,34,0,0,40,0,40,0,23,51,0,74,34,0,34,108
02/09/2002,IPT,PA,AEA,EN,Federal Contract Tower,0,17,9,0,26,0,0,77,0,77,0,17,86,0,103,84,0,84,187
02/10/2002,IPT,PA,AEA,EN,Federal Contract Tower,0,11,3,0,14,0,0,0,2,2,0,11,3,2,16,0,0,0,16
02/11/2002,IPT,PA,AEA,EN,Federal Contract Tower,0,18,10,0,28,0,0,8,0,8,0,18,18,0,36,0,0,0,36
02/12/2002,IPT,PA,AEA,EN,Federal Contract Tower,0,21,13,0,34,0,0,31,0,31,0,21,44,0,65,6,0,6,71
02/13/2002,IPT,PA,AEA,EN,Federal Contract Tower,0,19,12,0,31,0,1,12,0,13,0,20,24,0,44,2,0,2,46
02/14/2002,IPT,PA,AEA,EN,Federal Contract Tower,0,19,9,0,28,0,0,37,0,37,0,19,46,0,65,14,0,14,79
02/15/2002,IPT,PA,AEA,EN,Federal Contract Tower,0,17,8,0,25,0,1,29,0,30,0,18,37,0,55,24,0,24,79
02/16/2002,IPT,PA,AEA,EN,Federal Contract Tower,0,17,10,0,27,0,0,41,0,41,0,17,51,0,68,80,0,80,148
02/17/2002,IPT,PA,AEA,EN,Federal Contract Tower,0,10,3,0,13,0,0,9,0,9,0,10,12,0,22,2,0,2,24
02/18/2002,IPT,PA,AEA,EN,Federal Contract Tower,0,16,14,0,30,0,0,52,0,52,0,16,66,0,82,18,0,18,100
02/19/2002,IPT,PA,AEA,EN,Federal Contract Tower,0,19,12,0,31,0,3,42,6,51,0,22,54,6,82,44,0,44,126
02/20/2002,IPT,PA,AEA,EN,Federal Contract Tower,0,19,21,0,40,0,1,15,0,16,0,20,36,0,56,0,0,0,56
02/21/2002,IPT,PA,AEA,EN,Federal Contract Tower,0,19,20,0,39,0,0,22,0,22,0,19,42,0,61,16,0,16,77
02/22/2002,IPT,PA,AEA,EN,Federal Contract Tower,0,21,6,0,27,0,2,16,2,20,0,23,22,2,47,2,0,2,49
02/23/2002,IPT,PA,AEA,EN,Federal Contract Tower,0,16,16,2,34,0,0,64,0,64,0,16,80,2,98,60,0,60,158
02/24/2002,IPT,PA,AEA,EN,Federal Contract Tower,0,11,7,0,18,0,0,74,0,74,0,11,81,0,92,24,0,24,116
02/25/2002,IPT,PA,AEA,EN,Federal Contract Tower,0,18,12,0,30,0,1,35,0,36,0,19,47,0,66,20,0,20,86
02/26/2002,IPT,PA,AEA,EN,Federal Contract Tower,0,19,14,2,35,0,0,20,0,20,0,19,34,2,55,8,0,8,63
02/27/2002,IPT,PA,AEA,EN,Federal Contract Tower,0,21,15,0,36,0,0,17,0,17,0,21,32,0,53,0,0,0,53
02/28/2002,IPT,PA,AEA,EN,Federal Contract Tower,0,21,18,0,39,0,3,24,2,29,0,24,42,2,68,2,0,2,70
03/01/2002,IPT,PA,AEA,EN,Federal Contract Tower,0,19,16,2,37,0,3,41,0,44,0,22,57,2,81,0,0,0,81
03/02/2002,IPT,PA,AEA,EN,Federal Contract Tower,0,16,2,0,18,0,0,16,0,16,0,16,18,0,34,12,0,12,46
03/03/2002,IPT,PA,AEA,EN,Federal Contract Tower,0,12,2,0,14,0,0,2,0,2,0,12,4,0,16,0,0,0,16
03/04/2002,IPT,PA,AEA,EN,Federal Contract Tower,0,24,10,0,34,0,1,7,0,8,0,25,17,0,42,6,0,6,48
03/05/2002,IPT,PA,AEA,EN,Federal Contract Tower,0,23,11,0,34,0,0,13,0,13,0,23,24,0,47,0,0,0,47
03/06/2002,IPT,PA,AEA,EN,Federal Contract Tower,0,23,14,0,37,0,0,52,0,52,0,23,66,0,89,32,0,32,121
03/07/2002,IPT,PA,AEA,EN,Federal Contract Tower,0,25,15,2,42,0,0,42,2,44,0,25,57,4,86,8,0,8,94
03/08/2002,IPT,PA,AEA,EN,Federal Contract Tower,0,21,10,0,31,0,0,43,0,43,0,21,53,0,74,0,0,0,74
03/09/2002,IPT,PA,AEA,EN,Federal Contract Tower,0,14,9,0,23,0,0,7,0,7,0,14,16,0,30,8,0,8,38
03/10/2002,IPT,PA,AEA,EN,Federal Contract Tower,0,12,3,0,15,0,0,3,0,3,0,12,6,0,18,0,0,0,18
03/11/2002,IPT,PA,AEA,EN,Federal Contract Tower,0,24,20,0,44,0,0,53,2,55,0,24,73,2,99,28,0,28,127
03/12/2002,IPT,PA,AEA,EN,Federal Contract Tower,0,24,12,0,36,0,4,16,0,20,0,28,28,0,56,24,0,24,80
03/13/2002,IPT,PA,AEA,EN,Federal Contract Tower,0,25,18,0,43,0,0,1,0,1,0,25,19,0,44,0,0,0,44
03/14/2002,IPT,PA,AEA,EN,Federal Contract Tower,0,26,16,0,42,0,0,26,0,26,0,26,42,0,68,8,0,8,76
03/15/2002,IPT,PA,AEA,EN,Federal Contract Tower,0,23,21,0,44,0,0,25,2,27,0,23,46,2,71,0,0,0,71
03/16/2002,IPT,PA,AEA,EN,Federal Contract Tower,0,17,4,0,21,0,0,15,0,15,0,17,19,0,36,60,0,60,96
03/17/2002,IPT,PA,AEA,EN,Federal Contract Tower,0,12,10,0,22,0,0,15,0,15,0,12,25,0,37,42,0,42,79
03/18/2002,IPT,PA,AEA,EN,Federal Contract Tower,0,20,4,0,24,0,0,1,0,1,0,20,5,0,25,0,0,0,25
03/19/2002,IPT,PA,AEA,EN,Federal Contract Tower,0,19,6,0,25,0,2,24,0,26,0,21,30,0,51,12,0,12,63
03/20/2002,IPT,PA,AEA,EN,Federal Contract Tower,0,29,7,0,36,0,0,0,0,0,0,29,7,0,36,0,0,0,36
03/21/2002,IPT,PA,AEA,EN,Federal Contract Tower,0,25,14,0,39,0,1,16,0,17,0,26,30,0,56,18,0,18,74
03/22/2002,IPT,PA,AEA,EN,Federal Contract Tower,0,23,9,2,34,0,0,12,2,14,0,23,21,4,48,0,0,0,48
03/23/2002,IPT,PA,AEA,EN,Federal Contract Tower,0,15,5,0,20,0,0,30,0,30,0,15,35,0,50,2,0,2,52
03/24/2002,IPT,PA,AEA,EN,Federal Contract Tower,0,15,10,0,25,0,0,34,0,34,0,15,44,0,59,42,0,42,101
03/25/2002,IPT,PA,AEA,EN,Federal Contract Tower,0,20,10,0,30,0,0,0,0,0,0,20,10,0,30,0,0,0,30
03/26/2002,IPT,PA,AEA,EN,Federal Contract Tower,0,13,8,0,21,0,0,0,0,0,0,13,8,0,21,0,0,0,21
03/27/2002,IPT,PA,AEA,EN,Federal Contract Tower,0,24,13,0,37,0,0,22,0,22,0,24,35,0,59,4,0,4,63
03/28/2002,IPT,PA,AEA,EN,Federal Contract Tower,0,25,16,0,41,0,1,79,2,82,0,26,95,2,123,32,0,32,155
03/29/2002,IPT,PA,AEA,EN,Federal Contract Tower,0,22,5,0,27,0,0,32,0,32,0,22,37,0,59,20,0,20,79
03/30/2002,IPT,PA,AEA,EN,Federal Contract Tower,0,16,7,0,23,0,0,59,0,59,0,16,66,0,82,40,0,40,122
03/31/2002,IPT,PA,AEA,EN,Federal Contract Tower,0,11,10,0,21,0,0,23,0,23,0,11,33,0,44,12,0,12,56
04/01/2002,IPT,PA,AEA,EN,Federal Contract Tower,0,14,10,0,24,0,1,14,2,17,0,15,24,2,41,0,0,0,41
04/02/2002,IPT,PA,AEA,EN,Federal Contract Tower,0,18,12,0,30,0,2,22,0,24,0,20,34,0,54,8,0,8,62
04/03/2002,IPT,PA,AEA,EN,Federal Contract Tower,0,26,12,0,38,0,2,16,0,18,0,28,28,0,56,0,0,0,56
04/04/2002,IPT,PA,AEA,EN,Federal Contract Tower,0,21,13,0,34,0,3,42,0,45,0,24,55,0,79,12,0,12,91
04/05/2002,IPT,PA,AEA,EN,Federal Contract Tower,0,19,13,0,32,0,0,18,0,18,0,19,31,0,50,6,0,6,56
04/06/2002,IPT,PA,AEA,EN,Federal Contract Tower,0,13,1,0,14,0,0,12,0,12,0,13,13,0,26,36,0,36,62
04/07/2002,IPT,PA,AEA,EN,Federal Contract Tower,0,10,7,0,17,0,0,42,0,42,0,10,49,0,59,22,0,22,81
04/08/2002,IPT,PA,AEA,EN,Federal Contract Tower,0,12,17,0,29,0,2,13,0,15,0,14,30,0,44,0,0,0,44
04/09/2002,IPT,PA,AEA,EN,Federal Contract Tower,0,24,20,0,44,0,2,4,0,6,0,26,24,0,50,0,0,0,50
04/10/2002,IPT,PA,AEA,EN,Federal Contract Tower,0,16,5,2,23,0,1,48,0,49,0,17,53,2,72,10,0,10,82
04/11/2002,IPT,PA,AEA,EN,Federal Contract Tower,0,18,7,0,25,0,0,35,0,35,0,18,42,0,60,38,0,38,98
04/12/2002,IPT,PA,AEA,EN,Federal Contract Tower,0,17,19,0,36,0,0,16,0,16,0,17,35,0,52,0,0,0,52
04/13/2002,IPT,PA,AEA,EN,Federal Contract Tower,0,12,22,0,34,0,0,1,0,1,0,12,23,0,35,0,0,0,35
04/14/2002,IPT,PA,AEA,EN,Federal Contract Tower,0,9,4,0,13,0,0,11,0,11,0,9,15,0,24,6,0,6,30
04/15/2002,IPT,PA,AEA,EN,Federal Contract Tower,0,21,8,0,29,0,0,39,0,39,0,21,47,0,68,8,0,8,76
04/16/2002,IPT,PA,AEA,EN,Federal Contract Tower,0,21,15,2,38,0,2,30,0,32,0,23,45,2,70,2,0,2,72
04/17/2002,IPT,PA,AEA,EN,Federal Contract Tower,0,23,12,0,35,0,2,45,0,47,0,25,57,0,82,12,0,12,94
04/18/2002,IPT,PA,AEA,EN,Federal Contract Tower,0,19,9,0,28,0,1,44,0,45,0,20,53,0,73,2,0,2,75
04/19/2002,IPT,PA,AEA,EN,Federal Contract Tower,0,21,7,0,28,0,0,21,0,21,0,21,28,0,49,2,0,2,51
04/20/2002,IPT,PA,AEA,EN,Federal Contract Tower,0,14,4,0,18,0,0,14,0,14,0,14,18,0,32,32,0,32,64
04/21/2002,IPT,PA,AEA,EN,Federal Contract Tower,0,12,5,0,17,0,0,18,0,18,0,12,23,0,35,34,0,34,69
04/22/2002,IPT,PA,AEA,EN,Federal Contract Tower,0,19,15,0,34,0,0,5,0,5,0,19,20,0,39,16,0,16,55
04/23/2002,IPT,PA,AEA,EN,Federal Contract Tower,0,20,13,0,33,0,1,42,0,43,0,21,55,0,76,10,0,10,86
04/24/2002,IPT,PA,AEA,EN,Federal Contract Tower,0,20,9,0,29,0,3,54,0,57,0,23,63,0,86,6,0,6,92
04/25/2002,IPT,PA,AEA,EN,Federal Contract Tower,0,21,14,0,35,0,1,6,0,7,0,22,20,0,42,16,0,16,58
04/26/2002,IPT,PA,AEA,EN,Federal Contract Tower,0,15,10,0,25,0,0,53,0,53,0,15,63,0,78,2,0,2,80
04/27/2002,IPT,PA,AEA,EN,Federal Contract Tower,0,14,6,0,20,0,0,71,0,71,0,14,77,0,91,38,0,38,129
04/28/2002,IPT,PA,AEA,EN,Federal Contract Tower,0,12,4,0,16,0,0,6,0,6,0,12,10,0,22,4,0,4,26
04/29/2002,IPT,PA,AEA,EN,Federal Contract Tower,0,21,10,0,31,0,0,19,0,19,0,21,29,0,50,20,0,20,70
04/30/2002,IPT,PA,AEA,EN,Federal Contract Tower,0,20,17,0,37,0,0,28,0,28,0,20,45,0,65,0,0,0,65
05/01/2002,IPT,PA,AEA,EN,Federal Contract Tower,0,24,12,0,36,0,1,39,0,40,0,25,51,0,76,28,0,28,104
05/02/2002,IPT,PA,AEA,EN,Federal Contract Tower,0,20,20,0,40,0,1,0,0,1,0,21,20,0,41,0,0,0,41
05/03/2002,IPT,PA,AEA,EN,Federal Contract Tower,0,15,6,0,21,0,1,30,0,31,0,16,36,0,52,0,0,0,52
05/04/2002,IPT,PA,AEA,EN,Federal Contract Tower,0,13,7,0,20,0,1,68,0,69,0,14,75,0,89,40,0,40,129
05/05/2002,IPT,PA,AEA,EN,Federal Contract Tower,0,11,8,0,19,0,0,54,0,54,0,11,62,0,73,18,0,18,91
05/06/2002,IPT,PA,AEA,EN,Federal Contract Tower,0,18,12,0,30,0,0,30,0,30,0,18,42,0,60,16,0,16,76
05/07/2002,IPT,PA,AEA,EN,Federal Contract Tower,0,18,10,0,28,0,1,22,0,23,0,19,32,0,51,6,0,6,57
05/08/2002,IPT,PA,AEA,EN,Federal Contract Tower,0,23,11,0,34,0,1,26,0,27,0,24,37,0,61,2,0,2,63
05/09/2002,IPT,PA,AEA,EN,Federal Contract Tower,0,15,21,0,36,0,0,0,0,0,0,15,21,0,36,0,0,0,36
05/10/2002,IPT,PA,AEA,EN,Federal Contract Tower,0,23,5,0,28,0,0,26,0,26,0,23,31,0,54,0,0,0,54
05/11/2002,IPT,PA,AEA,EN,Federal Contract Tower,0,13,5,0,18,0,0,77,0,77,0,13,82,0,95,20,0,20,115
05/12/2002,IPT,PA,AEA,EN,Federal Contract Tower,0,10,2,0,12,0,0,0,0,0,0,10,2,0,12,0,0,0,12
05/13/2002,IPT,PA,AEA,EN,Federal Contract Tower,0,19,8,2,29,0,0,0,0,0,0,19,8,2,29,0,0,0,29
05/14/2002,IPT,PA,AEA,EN,Federal Contract Tower,0,26,14,0,40,0,2,23,0,25,0,28,37,0,65,0,0,0,65
05/15/2002,IPT,PA,AEA,EN,Federal Contract Tower,0,22,10,0,32,0,2,38,0,40,0,24,48,0,72,10,0,10,82
05/16/2002,IPT,PA,AEA,EN,Federal Contract Tower,0,20,9,0,29,0,2,25,4,31,0,22,34,4,60,16,0,16,76
05/17/2002,IPT,PA,AEA,EN,Federal Contract Tower,0,19,9,0,28,0,0,22,0,22,0,19,31,0,50,0,0,0,50
05/18/2002,IPT,PA,AEA,EN,Federal Contract Tower,0,13,2,0,15,0,0,20,0,20,0,13,22,0,35,54,0,54,89
05/19/2002,IPT,PA,AEA,EN,Federal Contract Tower,0,10,4,0,14,0,0,42,2,44,0,10,46,2,58,10,0,10,68
05/20/2002,IPT,PA,AEA,EN,Federal Contract Tower,0,17,8,0,25,0,0,24,0,24,0,17,32,0,49,6,0,6,55
05/21/2002,IPT,PA,AEA,EN,Federal Contract Tower,0,22,12,0,34,0,2,50,0,52,0,24,62,0,86,44,0,44,130
05/22/2002,IPT,PA,AEA,EN,Federal Contract Tower,0,18,12,0,30,0,2,60,0,62,0,20,72,0,92,64,0,64,156
05/23/2002,IPT,PA,AEA,EN,Federal Contract Tower,0,23,23,0,46,0,0,46,0,46,0,23,69,0,92,2,0,2,94
05/24/2002,IPT,PA,AEA,EN,Federal Contract Tower,0,17,13,0,30,0,1,34,2,37,0,18,47,2,67,8,0,8,75
05/25/2002,IPT,PA,AEA,EN,Federal Contract Tower,0,13,3,0,16,0,0,35,0,35,0,13,38,0,51,44,0,44,95
05/26/2002,IPT,PA,AEA,EN,Federal Contract Tower,0,9,13,0,22,0,0,12,0,12,0,9,25,0,34,6,0,6,40
05/27/2002,IPT,PA,AEA,EN,Federal Contract Tower,0,12,8,0,20,0,0,42,0,42,0,12,50,0,62,22,0,22,84
05/28/2002,IPT,PA,AEA,EN,Federal Contract Tower,0,20,17,0,37,0,1,35,0,36,0,21,52,0,73,16,0,16,89
05/29/2002,IPT,PA,AEA,EN,Federal Contract Tower,0,20,21,0,41,0,0,7,0,7,0,20,28,0,48,14,0,14,62
05/30/2002,IPT,PA,AEA,EN,Federal Contract Tower,0,21,15,0,36,0,0,26,0,26,0,21,41,0,62,0,0,0,62
05/31/2002,IPT,PA,AEA,EN,Federal Contract Tower,0,23,11,0,34,0,0,22,0,22,0,23,33,0,56,2,0,2,58
06/01/2002,IPT,PA,AEA,EN,Federal Contract Tower,0,15,9,0,24,0,0,45,0,45,0,15,54,0,69,24,0,24,93
06/02/2002,IPT,PA,AEA,EN,Federal Contract Tower,0,14,9,0,23,0,1,24,0,25,0,15,33,0,48,24,0,24,72
06/03/2002,IPT,PA,AEA,EN,Federal Contract Tower,0,18,14,2,34,0,1,46,0,47,0,19,60,2,81,10,0,10,91
06/04/2002,IPT,PA,AEA,EN,Federal Contract Tower,0,21,17,0,38,0,2,19,2,23,0,23,36,2,61,22,4,26,87
06/05/2002,IPT,PA,AEA,EN,Federal Contract Tower,0,23,18,0,41,0,0,5,0,5,0,23,23,0,46,0,0,0,46
06/06/2002,IPT,PA,AEA,EN,Federal Contract Tower,0,21,19,0,40,0,0,6,0,6,0,21,25,0,46,0,0,0,46
06/07/2002,IPT,PA,AEA,EN,Federal Contract Tower,0,23,13,2,38,0,3,49,0,52,0,26,62,2,90,42,0,42,132
06/08/2002,IPT,PA,AEA,EN,Federal Contract Tower,0,15,14,0,29,0,0,41,0,41,0,15,55,0,70,18,0,18,88
06/09/2002,IPT,PA,AEA,EN,Federal Contract Tower,0,10,10,0,20,0,0,52,0,52,0,10,62,0,72,4,0,4,76
06/10/2002,IPT,PA,AEA,EN,Federal Contract Tower,0,20,10,0,30,0,0,44,0,44,0,20,54,0,74,8,0,8,82
06/11/2002,IPT,PA,AEA,EN,Federal Contract Tower,0,19,16,0,35,0,0,21,0,21,0,19,37,0,56,26,0,26,82
06/12/2002,IPT,PA,AEA,EN,Federal Contract Tower,0,24,11,0,35,0,7,30,0,37,0,31,41,0,72,0,0,0,72
06/13/2002,IPT,PA,AEA,EN,Federal Contract Tower,0,27,12,0,39,0,0,17,0,17,0,27,29,0,56,0,0,0,56
06/14/2002,IPT,PA,AEA,EN,Federal Contract Tower,0,21,11,0,32,0,0,0,0,0,0,21,11,0,32,0,0,0,32
06/15/2002,IPT,PA,AEA,EN,Federal Contract Tower,0,21,9,0,30,0,0,6,0,6,0,21,15,0,36,12,0,12,48
06/16/2002,IPT,PA,AEA,EN,Federal Contract Tower,0,10,11,0,21,0,0,22,0,22,0,10,33,0,43,4,0,4,47
06/17/2002,IPT,PA,AEA,EN,Federal Contract Tower,0,19,3,0,22,0,0,31,1,32,0,19,34,1,54,50,0,50,104
06/18/2002,IPT,PA,AEA,EN,Federal Contract Tower,0,25,14,0,39,0,1,60,2,63,0,26,74,2,102,22,0,22,124
06/19/2002,IPT,PA,AEA,EN,Federal Contract Tower,0,20,10,0,30,0,3,50,1,54,0,23,60,1,84,62,0,62,146
06/20/2002,IPT,PA,AEA,EN,Federal Contract Tower,0,20,14,0,34,0,0,54,0,54,0,20,68,0,88,8,0,8,96
06/21/2002,IPT,PA,AEA,EN,Federal Contract Tower,0,21,13,0,34,0,0,46,0,46,0,21,59,0,80,50,0,50,130
06/22/2002,IPT,PA,AEA,EN,Federal Contract Tower,0,17,19,0,36,0,3,54,0,57,0,20,73,0,93,0,0,0,93
06/23/2002,IPT,PA,AEA,EN,Federal Contract Tower,0,12,14,0,26,0,0,33,0,33,0,12,47,0,59,18,0,18,77
06/24/2002,IPT,PA,AEA,EN,Federal Contract Tower,0,17,15,0,32,0,0,22,0,22,0,17,37,0,54,34,0,34,88
06/25/2002,IPT,PA,AEA,EN,Federal Contract Tower,0,22,11,0,33,0,0,14,2,16,0,22,25,2,49,0,0,0,49
06/26/2002,IPT,PA,AEA,EN,Federal Contract Tower,0,21,15,0,36,0,0,9,0,9,0,21,24,0,45,24,0,24,69
06/27/2002,IPT,PA,AEA,EN,Federal Contract Tower,0,19,12,0,31,0,0,18,0,18,0,19,30,0,49,14,0,14,63
06/28/2002,IPT,PA,AEA,EN,Federal Contract Tower,0,20,17,0,37,0,2,32,0,34,0,22,49,0,71,42,0,42,113
06/29/2002,IPT,PA,AEA,EN,Federal Contract Tower,0,13,10,0,23,0,1,50,0,51,0,14,60,0,74,54,0,54,128
06/30/2002,IPT,PA,AEA,EN,Federal Contract Tower,0,10,19,0,29,0,0,37,0,37,0,10,56,0,66,24,0,24,90
07/01/2002,IPT,PA,AEA,EN,Federal Contract Tower,0,19,12,0,31,0,0,24,0,24,0,19,36,0,55,66,0,66,121
07/02/2002,IPT,PA,AEA,EN,Federal Contract Tower,0,19,21,0,40,0,0,24,0,24,0,19,45,0,64,44,0,44,108
07/03/2002,IPT,PA,AEA,EN,Federal Contract Tower,0,16,11,0,27,0,1,38,0,39,0,17,49,0,66,46,0,46,112
07/04/2002,IPT,PA,AEA,EN,Federal Contract Tower,0,11,3,0,14,0,0,31,0,31,0,11,34,0,45,4,0,4,49
07/05/2002,IPT,PA,AEA,EN,Federal Contract Tower,0,14,1,0,15,0,4,45,0,49,0,18,46,0,64,8,0,8,72
07/06/2002,IPT,PA,AEA,EN,Federal Contract Tower,0,13,11,0,24,0,0,34,0,34,0,13,45,0,58,10,0,10,68
07/07/2002,IPT,PA,AEA,EN,Federal Contract Tower,0,10,25,0,35,0,0,21,0,21,0,10,46,0,56,0,0,0,56
07/08/2002,IPT,PA,AEA,EN,Federal Contract Tower,0,19,18,0,37,0,0,30,0,30,0,19,48,0,67,64,0,64,131
07/09/2002,IPT,PA,AEA,EN,Federal Contract Tower,0,20,17,0,37,0,1,8,0,9,0,21,25,0,46,0,0,0,46
07/10/2002,IPT,PA,AEA,EN,Federal Contract Tower,0,20,13,0,33,0,1,54,2,57,0,21,67,2,90,52,0,52,142
07/11/2002,IPT,PA,AEA,EN,Federal Contract Tower,0,20,12,2,34,0,1,50,1,52,0,21,62,3,86,26,8,34,120
07/12/2002,IPT,PA,AEA,EN,Federal Contract Tower,0,17,7,0,24,0,0,51,2,53,0,17,58,2,77,40,0,40,117
07/13/2002,IPT,PA,AEA,EN,Federal Contract Tower,0,13,4,0,17,0,0,46,0,46,0,13,50,0,63,4,0,4,67
07/14/2002,IPT,PA,AEA,EN,Federal Contract Tower,0,11,14,0,25,0,0,31,0,31,0,11,45,0,56,52,0,52,108
07/15/2002,IPT,PA,AEA,EN,Federal Contract Tower,0,14,16,0,30,0,1,33,0,34,0,15,49,0,64,18,0,18,82
07/16/2002,IPT,PA,AEA,EN,Federal Contract Tower,0,20,12,0,32,0,2,52,2,56,0,22,64,2,88,10,0,10,98
07/17/2002,IPT,PA,AEA,EN,Federal Contract Tower,0,23,17,0,40,0,1,33,1,35,0,24,50,1,75,30,0,30,105
07/18/2002,IPT,PA,AEA,EN,Federal Contract Tower,0,20,14,0,34,0,1,19,0,20,0,21,33,0,54,0,0,0,54
07/19/2002,IPT,PA,AEA,EN,Federal Contract Tower,0,17,17,0,34,0,0,13,0,13,0,17,30,0,47,0,0,0,47
07/20/2002,IPT,PA,AEA,EN,Federal Contract Tower,0,14,20,0,34,0,0,50,0,50,0,14,70,0,84,34,0,34,118
07/21/2002,IPT,PA,AEA,EN,Federal Contract Tower,0,10,10,0,20,0,0,20,0,20,0,10,30,0,40,40,0,40,80
07/22/2002,IPT,PA,AEA,EN,Federal Contract Tower,0,19,11,0,30,0,0,26,0,26,0,19,37,0,56,8,0,8,64
07/23/2002,IPT,PA,AEA,EN,Federal Contract Tower,0,20,13,0,33,0,1,8,0,9,0,21,21,0,42,0,0,0,42
07/24/2002,IPT,PA,AEA,EN,Federal Contract Tower,0,18,9,2,29,0,3,49,0,52,0,21,58,2,81,30,0,30,111
07/25/2002,IPT,PA,AEA,EN,Federal Contract Tower,0,20,12,0,32,0,5,36,0,41,0,25,48,0,73,32,0,32,105
07/26/2002,IPT,PA,AEA,EN,Federal Contract Tower,0,22,14,0,36,0,1,14,0,15,0,23,28,0,51,10,0,10,61
07/27/2002,IPT,PA,AEA,EN,Federal Contract Tower,0,15,17,0,32,0,0,2,0,2,0,15,19,0,34,0,0,0,34
07/28/2002,IPT,PA,AEA,EN,Federal Contract Tower,0,9,2,0,11,0,0,5,0,5,0,9,7,0,16,12,0,12,28
07/29/2002,IPT,PA,AEA,EN,Federal Contract Tower,0,14,16,0,30,0,2,41,0,43,0,16,57,0,73,26,0,26,99
07/30/2002,IPT,PA,AEA,EN,Federal Contract Tower,0,17,10,0,27,0,1,29,0,30,0,18,39,0,57,14,0,14,71
07/31/2002,IPT,PA,AEA,EN,Federal Contract Tower,0,18,22,0,40,0,2,51,0,53,0,20,73,0,93,20,0,20,113
08/01/2002,IPT,PA,AEA,EN,Federal Contract Tower,0,20,12,0,32,0,1,55,0,56,0,21,67,0,88,12,0,12,100
08/02/2002,IPT,PA,AEA,EN,Federal Contract Tower,0,18,10,0,28,0,1,29,0,30,0,19,39,0,58,4,0,4,62
08/03/2002,IPT,PA,AEA,EN,Federal Contract Tower,0,13,1,0,14,0,0,39,0,39,0,13,40,0,53,8,0,8,61
08/04/2002,IPT,PA,AEA,EN,Federal Contract Tower,0,12,9,0,21,0,0,32,0,32,0,12,41,0,53,12,0,12,65
08/05/2002,IPT,PA,AEA,EN,Federal Contract Tower,0,17,10,0,27,0,4,18,0,22,0,21,28,0,49,18,0,18,67
08/06/2002,IPT,PA,AEA,EN,Federal Contract Tower,0,18,14,0,32,0,4,31,2,37,0,22,45,2,69,2,0,2,71
08/07/2002,IPT,PA,AEA,EN,Federal Contract Tower,0,20,15,0,35,0,1,35,0,36,0,21,50,0,71,0,0,0,71
08/08/2002,IPT,PA,AEA,EN,Federal Contract Tower,0,21,8,2,31,0,2,44,0,46,0,23,52,2,77,10,0,10,87
08/09/2002,IPT,PA,AEA,EN,Federal Contract Tower,0,19,13,0,32,0,0,65,0,65,0,19,78,0,97,18,0,18,115
08/10/2002,IPT,PA,AEA,EN,Federal Contract Tower,0,16,18,0,34,0,0,57,0,57,0,16,75,0,91,4,0,4,95
08/11/2002,IPT,PA,AEA,EN,Federal Contract Tower,0,11,7,0,18,0,0,57,0,57,0,11,64,0,75,6,0,6,81
08/12/2002,IPT,PA,AEA,EN,Federal Contract Tower,0,19,8,0,27,0,0,30,0,30,0,19,38,0,57,52,0,52,109
08/13/2002,IPT,PA,AEA,EN,Federal Contract Tower,0,26,25,0,51,0,0,32,2,34,0,26,57,2,85,16,0,16,101
08/14/2002,IPT,PA,AEA,EN,Federal Contract Tower,0,22,16,0,38,0,1,15,2,18,0,23,31,2,56,0,0,0,56
08/15/2002,IPT,PA,AEA,EN,Federal Contract Tower,0,20,15,0,35,0,3,23,0,26,0,23,38,0,61,12,0,12,73
08/16/2002,IPT,PA,AEA,EN,Federal Contract Tower,0,27,24,0,51,0,0,11,0,11,0,27,35,0,62,0,0,0,62
08/17/2002,IPT,PA,AEA,EN,Federal Contract Tower,0,13,13,0,26,0,0,36,2,38,0,13,49,2,64,16,0,16,80
08/18/2002,IPT,PA,AEA,EN,Federal Contract Tower,0,10,8,0,18,0,0,16,0,16,0,10,24,0,34,8,0,8,42
08/19/2002,IPT,PA,AEA,EN,Federal Contract Tower,0,15,15,0,30,0,1,41,0,42,0,16,56,0,72,28,0,28,100
08/20/2002,IPT,PA,AEA,EN,Federal Contract Tower,0,23,17,0,40,0,2,27,2,31,0,25,44,2,71,18,0,18,89
08/21/2002,IPT,PA,AEA,EN,Federal Contract Tower,0,18,11,0,29,0,3,51,0,54,0,21,62,0,83,2,0,2,85
08/22/2002,IPT,PA,AEA,EN,Federal Contract Tower,0,19,5,2,26,0,0,14,4,18,0,19,19,6,44,8,0,8,52
08/23/2002,IPT,PA,AEA,EN,Federal Contract Tower,0,18,9,2,29,0,1,14,0,15,0,19,23,2,44,20,0,20,64
08/24/2002,IPT,PA,AEA,EN,Federal Contract Tower,0,15,14,0,29,0,0,4,2,6,0,15,18,2,35,0,0,0,35
08/25/2002,IPT,PA,AEA,EN,Federal Contract Tower,0,10,25,0,35,0,0,38,2,40,0,10,63,2,75,10,0,10,85
08/26/2002,IPT,PA,AEA,EN,Federal Contract Tower,0,19,12,5,36,0,1,69,8,78,0,20,81,13,114,22,0,22,136
08/27/2002,IPT,PA,AEA,EN,Federal Contract Tower,0,20,20,0,40,0,0,43,9,52,0,20,63,9,92,28,0,28,120
08/28/2002,IPT,PA,AEA,EN,Federal Contract Tower,0,19,16,2,37,0,0,30,0,30,0,19,46,2,67,38,0,38,105
08/29/2002,IPT,PA,AEA,EN,Federal Contract Tower,0,22,11,0,33,0,1,7,0,8,0,23,18,0,41,0,0,0,41
08/30/2002,IPT,PA,AEA,EN,Federal Contract Tower,0,21,14,0,35,0,2,13,0,15,0,23,27,0,50,6,0,6,56
08/31/2002,IPT,PA,AEA,EN,Federal Contract Tower,0,13,6,0,19,0,0,37,0,37,0,13,43,0,56,14,0,14,70
09/01/2002,IPT,PA,AEA,EN,Federal Contract Tower,0,11,8,0,19,0,0,6,0,6,0,11,14,0,25,8,0,8,33
09/02/2002,IPT,PA,AEA,EN,Federal Contract Tower,0,11,5,0,16,0,0,23,0,23,0,11,28,0,39,12,0,12,51
09/03/2002,IPT,PA,AEA,EN,Federal Contract Tower,0,18,16,0,34,0,0,21,0,21,0,18,37,0,55,20,0,20,75
09/04/2002,IPT,PA,AEA,EN,Federal Contract Tower,0,16,19,0,35,0,5,30,0,35,0,21,49,0,70,22,0,22,92
09/05/2002,IPT,PA,AEA,EN,Federal Contract Tower,0,18,7,0,25,0,3,34,0,37,0,21,41,0,62,0,0,0,62
09/06/2002,IPT,PA,AEA,EN,Federal Contract Tower,0,17,6,0,23,0,0,82,0,82,0,17,88,0,105,10,0,10,115
09/07/2002,IPT,PA,AEA,EN,Federal Contract Tower,0,11,10,0,21,0,0,68,0,68,0,11,78,0,89,10,0,10,99
09/08/2002,IPT,PA,AEA,EN,Federal Contract Tower,0,11,8,0,19,0,0,42,0,42,0,11,50,0,61,10,0,10,71
09/09/2002,IPT,PA,AEA,EN,Federal Contract Tower,0,17,5,0,22,0,1,36,0,37,0,18,41,0,59,22,0,22,81
09/10/2002,IPT,PA,AEA,EN,Federal Contract Tower,0,21,9,0,30,0,1,43,0,44,0,22,52,0,74,8,0,8,82
09/11/2002,IPT,PA,AEA,EN,Federal Contract Tower,0,15,8,0,23,0,2,16,2,20,0,17,24,2,43,0,0,0,43
09/12/2002,IPT,PA,AEA,EN,Federal Contract Tower,0,20,13,0,33,0,1,50,0,51,0,21,63,0,84,24,0,24,108
09/13/2002,IPT,PA,AEA,EN,Federal Contract Tower,0,18,9,0,27,0,6,48,2,56,0,24,57,2,83,44,0,44,127
09/14/2002,IPT,PA,AEA,EN,Federal Contract Tower,0,12,7,0,19,0,0,37,0,37,0,12,44,0,56,2,0,2,58
09/15/2002,IPT,PA,AEA,EN,Federal Contract Tower,0,11,5,0,16,0,0,2,0,2,0,11,7,0,18,0,0,0,18
09/16/2002,IPT,PA,AEA,EN,Federal Contract Tower,0,19,15,0,34,0,0,21,0,21,0,19,36,0,55,32,0,32,87
09/17/2002,IPT,PA,AEA,EN,Federal Contract Tower,0,14,26,0,40,0,4,42,0,46,0,18,68,0,86,44,0,44,130
09/18/2002,IPT,PA,AEA,EN,Federal Contract Tower,0,20,12,0,32,0,2,44,0,46,0,22,56,0,78,14,0,14,92
09/19/2002,IPT,PA,AEA,EN,Federal Contract Tower,0,22,20,0,42,0,0,2,0,2,0,22,22,0,44,0,0,0,44
09/20/2002,IPT,PA,AEA,EN,Federal Contract Tower,0,21,15,0,36,0,1,19,0,20,0,22,34,0,56,0,0,0,56
09/21/2002,IPT,PA,AEA,EN,Federal Contract Tower,0,12,16,0,28,0,0,3,0,3,0,12,19,0,31,0,0,0,31
09/22/2002,IPT,PA,AEA,EN,Federal Contract Tower,0,11,19,0,30,0,0,0,0,0,0,11,19,0,30,0,0,0,30
09/23/2002,IPT,PA,AEA,EN,Federal Contract Tower,0,17,18,0,35,0,0,15,0,15,0,17,33,0,50,12,0,12,62
09/24/2002,IPT,PA,AEA,EN,Federal Contract Tower,0,21,9,5,35,0,0,47,0,47,0,21,56,5,82,58,12,70,152
09/25/2002,IPT,PA,AEA,EN,Federal Contract Tower,0,17,13,0,30,0,2,29,1,32,0,19,42,1,62,46,0,46,108
09/26/2002,IPT,PA,AEA,EN,Federal Contract Tower,0,21,13,0,34,0,0,12,0,12,0,21,25,0,46,2,0,2,48
09/27/2002,IPT,PA,AEA,EN,Federal Contract Tower,0,17,14,0,31,0,0,3,0,3,0,17,17,0,34,0,0,0,34
09/28/2002,IPT,PA,AEA,EN,Federal Contract Tower,0,14,11,0,25,0,0,15,0,15,0,14,26,0,40,0,0,0,40
09/29/2002,IPT,PA,AEA,EN,Federal Contract Tower,0,10,8,0,18,0,0,65,2,67,0,10,73,2,85,26,0,26,111
09/30/2002,IPT,PA,AEA,EN,Federal Contract Tower,0,18,8,0,26,0,0,13,0,13,0,18,21,0,39,18,0,18,57
10/01/2002,IPT,PA,AEA,EN,Federal Contract Tower,0,22,16,2,40,0,0,37,0,37,0,22,53,2,77,44,0,44,121
10/02/2002,IPT,PA,AEA,EN,Federal Contract Tower,0,17,18,0,35,0,0,24,0,24,0,17,42,0,59,24,0,24,83
10/03/2002,IPT,PA,AEA,EN,Federal Contract Tower,0,25,21,0,46,0,0,18,0,18,0,25,39,0,64,0,0,0,64
10/04/2002,IPT,PA,AEA,EN,Federal Contract Tower,0,23,17,0,40,0,0,7,0,7,0,23,24,0,47,0,0,0,47
10/05/2002,IPT,PA,AEA,EN,Federal Contract Tower,0,14,5,0,19,0,0,22,0,22,0,14,27,0,41,8,0,8,49
10/06/2002,IPT,PA,AEA,EN,Federal Contract Tower,0,10,13,0,23,0,0,50,0,50,0,10,63,0,73,26,0,26,99
10/07/2002,IPT,PA,AEA,EN,Federal Contract Tower,0,20,7,0,27,0,0,31,0,31,0,20,38,0,58,6,0,6,64
10/08/2002,IPT,PA,AEA,EN,Federal Contract Tower,0,26,12,0,38,0,1,31,0,32,0,27,43,0,70,40,0,40,110
10/09/2002,IPT,PA,AEA,EN,Federal Contract Tower,0,19,14,3,36,0,0,33,3,36,0,19,47,6,72,28,0,28,100
10/10/2002,IPT,PA,AEA,EN,Federal Contract Tower,0,23,29,0,52,0,0,5,0,5,0,23,34,0,57,0,0,0,57
10/11/2002,IPT,PA,AEA,EN,Federal Contract Tower,0,19,17,0,36,0,0,2,0,2,0,19,19,0,38,0,0,0,38
10/12/2002,IPT,PA,AEA,EN,Federal Contract Tower,0,13,15,0,28,0,0,2,0,2,0,13,17,0,30,5,0,5,35
10/13/2002,IPT,PA,AEA,EN,Federal Contract Tower,0,12,8,0,20,0,0,2,0,2,0,12,10,0,22,0,0,0,22
10/14/2002,IPT,PA,AEA,EN,Federal Contract Tower,0,17,8,0,25,0,0,40,0,40,0,17,48,0,65,6,0,6,71
10/15/2002,IPT,PA,AEA,EN,Federal Contract Tower,0,21,9,0,30,0,1,22,0,23,0,22,31,0,53,2,0,2,55
10/16/2002,IPT,PA,AEA,EN,Federal Contract Tower,0,21,14,0,35,0,0,4,0,4,0,21,18,0,39,0,0,0,39
10/17/2002,IPT,PA,AEA,EN,Federal Contract Tower,0,18,19,2,39,0,1,26,0,27,0,19,45,2,66,44,0,44,110
10/18/2002,IPT,PA,AEA,EN,Federal Contract Tower,0,20,10,0,30,0,0,43,0,43,0,20,53,0,73,60,0,60,133
10/19/2002,IPT,PA,AEA,EN,Federal Contract Tower,0,15,14,0,29,0,0,9,0,9,0,15,23,0,38,0,0,0,38
10/20/2002,IPT,PA,AEA,EN,Federal Contract Tower,0,10,18,0,28,0,0,64,0,64,0,10,82,0,92,20,0,20,112
10/21/2002,IPT,PA,AEA,EN,Federal Contract Tower,0,16,12,0,28,0,0,29,0,29,0,16,41,0,57,8,0,8,65
10/22/2002,IPT,PA,AEA,EN,Federal Contract Tower,0,23,13,0,36,0,0,52,0,52,0,23,65,0,88,40,0,40,128
10/23/2002,IPT,PA,AEA,EN,Federal Contract Tower,0,21,9,0,30,0,0,46,0,46,0,21,55,0,76,26,0,26,102
10/24/2002,IPT,PA,AEA,EN,Federal Contract Tower,0,19,22,2,43,0,0,18,2,20,0,19,40,4,63,10,0,10,73
10/25/2002,IPT,PA,AEA,EN,Federal Contract Tower,0,18,8,0,26,0,0,0,0,0,0,18,8,0,26,0,0,0,26
10/26/2002,IPT,PA,AEA,EN,Federal Contract Tower,0,15,7,0,22,0,0,3,0,3,0,15,10,0,25,0,0,0,25
10/27/2002,IPT,PA,AEA,EN,Federal Contract Tower,0,9,8,0,17,0,0,61,0,61,0,9,69,0,78,6,0,6,84
10/28/2002,IPT,PA,AEA,EN,Federal Contract Tower,0,16,10,0,26,0,0,44,0,44,0,16,54,0,70,36,0,36,106
10/29/2002,IPT,PA,AEA,EN,Federal Contract Tower,0,16,14,0,30,0,0,17,2,19,0,16,31,2,49,32,0,32,81
10/30/2002,IPT,PA,AEA,EN,Federal Contract Tower,0,19,13,0,32,0,0,0,0,0,0,19,13,0,32,0,0,0,32
10/31/2002,IPT,PA,AEA,EN,Federal Contract Tower,0,18,17,0,35,0,1,38,0,39,0,19,55,0,74,12,0,12,86
11/01/2002,IPT,PA,AEA,EN,Federal Contract Tower,0,19,8,8,35,0,0,8,0,8,0,19,16,8,43,0,0,0,43
11/02/2002,IPT,PA,AEA,EN,Federal Contract Tower,0,13,8,0,21,0,0,12,0,12,0,13,20,0,33,0,0,0,33
11/03/2002,IPT,PA,AEA,EN,Federal Contract Tower,0,10,11,0,21,0,0,30,0,30,0,10,41,0,51,32,0,32,83
11/04/2002,IPT,PA,AEA,EN,Federal Contract Tower,0,13,15,0,28,0,0,10,0,10,0,13,25,0,38,0,0,0,38
11/05/2002,IPT,PA,AEA,EN,Federal Contract Tower,0,21,15,0,36,0,0,30,0,30,0,21,45,0,66,24,0,24,90
11/06/2002,IPT,PA,AEA,EN,Federal Contract Tower,0,25,17,0,42,0,0,8,0,8,0,25,25,0,50,0,0,0,50
11/07/2002,IPT,PA,AEA,EN,Federal Contract Tower,0,19,8,2,29,0,1,31,0,32,0,20,39,2,61,0,0,0,61
11/08/2002,IPT,PA,AEA,EN,Federal Contract Tower,0,19,9,6,34,0,0,39,0,39,0,19,48,6,73,2,0,2,75
11/09/2002,IPT,PA,AEA,EN,Federal Contract Tower,0,14,3,0,17,0,0,48,0,48,0,14,51,0,65,25,0,25,90
11/10/2002,IPT,PA,AEA,EN,Federal Contract Tower,0,11,14,0,25,0,0,0,0,0,0,11,14,0,25,2,0,2,27
11/11/2002,IPT,PA,AEA,EN,Federal Contract Tower,0,17,8,0,25,0,0,13,0,13,0,17,21,0,38,10,0,10,48
11/12/2002,IPT,PA,AEA,EN,Federal Contract Tower,0,22,11,0,33,0,0,1,0,1,0,22,12,0,34,0,0,0,34
11/13/2002,IPT,PA,AEA,EN,Federal Contract Tower,0,21,24,0,45,0,0,16,0,16,0,21,40,0,61,16,0,16,77
11/14/2002,IPT,PA,AEA,EN,Federal Contract Tower,0,21,15,0,36,0,0,59,0,59,0,21,74,0,95,30,0,30,125
11/15/2002,IPT,PA,AEA,EN,Federal Contract Tower,0,18,4,0,22,0,1,28,0,29,0,19,32,0,51,26,0,26,77
11/16/2002,IPT,PA,AEA,EN,Federal Contract Tower,0,12,4,0,16,0,1,0,0,1,0,13,4,0,17,0,0,0,17
11/17/2002,IPT,PA,AEA,EN,Federal Contract Tower,0,10,1,0,11,0,0,0,0,0,0,10,1,0,11,0,0,0,11
11/18/2002,IPT,PA,AEA,EN,Federal Contract Tower,0,16,2,0,18,0,2,16,0,18,0,18,18,0,36,44,0,44,80
11/19/2002,IPT,PA,AEA,EN,Federal Contract Tower,0,27,15,0,42,0,1,17,0,18,0,28,32,0,60,6,0,6,66
11/20/2002,IPT,PA,AEA,EN,Federal Contract Tower,0,24,26,2,52,0,0,27,0,27,0,24,53,2,79,36,0,36,115
11/21/2002,IPT,PA,AEA,EN,Federal Contract Tower,0,23,27,0,50,0,1,3,0,4,0,24,30,0,54,0,0,0,54
11/22/2002,IPT,PA,AEA,EN,Federal Contract Tower,0,25,10,0,35,0,0,1,0,1,0,25,11,0,36,0,0,0,36
11/23/2002,IPT,PA,AEA,EN,Federal Contract Tower,0,12,13,0,25,0,1,3,0,4,0,13,16,0,29,4,0,4,33
11/24/2002,IPT,PA,AEA,EN,Federal Contract Tower,0,10,4,0,14,0,0,33,0,33,0,10,37,0,47,10,0,10,57
11/25/2002,IPT,PA,AEA,EN,Federal Contract Tower,0,18,14,0,32,0,1,15,0,16,0,19,29,0,48,24,0,24,72
11/26/2002,IPT,PA,AEA,EN,Federal Contract Tower,0,18,12,0,30,0,1,35,0,36,0,19,47,0,66,24,0,24,90
11/27/2002,IPT,PA,AEA,EN,Federal Contract Tower,0,19,5,0,24,0,2,6,0,8,0,21,11,0,32,0,0,0,32
11/28/2002,IPT,PA,AEA,EN,Federal Contract Tower,0,7,1,0,8,0,0,12,0,12,0,7,13,0,20,0,0,0,20
11/29/2002,IPT,PA,AEA,EN,Federal Contract Tower,0,18,5,0,23,0,0,11,0,11,0,18,16,0,34,12,0,12,46
11/30/2002,IPT,PA,AEA,EN,Federal Contract Tower,0,14,2,0,16,0,0,11,0,11,0,14,13,0,27,0,0,0,27
12/01/2002,IPT,PA,AEA,EN,Federal Contract Tower,0,12,12,0,24,0,0,14,0,14,0,12,26,0,38,0,0,0,38
12/02/2002,IPT,PA,AEA,EN,Federal Contract Tower,0,21,6,0,27,0,0,12,0,12,0,21,18,0,39,26,0,26,65
12/03/2002,IPT,PA,AEA,EN,Federal Contract Tower,0,18,8,0,26,0,2,30,24,56,0,20,38,24,82,12,0,12,94
12/04/2002,IPT,PA,AEA,EN,Federal Contract Tower,0,16,7,6,29,0,1,28,0,29,0,17,35,6,58,6,2,8,66
12/05/2002,IPT,PA,AEA,EN,Federal Contract Tower,0,9,0,0,9,0,0,0,0,0,0,9,0,0,9,0,0,0,9
12/06/2002,IPT,PA,AEA,EN,Federal Contract Tower,0,18,4,0,22,0,1,2,2,5,0,19,6,2,27,0,0,0,27
12/07/2002,IPT,PA,AEA,EN,Federal Contract Tower,0,12,7,0,19,0,1,25,0,26,0,13,32,0,45,4,0,4,49
12/08/2002,IPT,PA,AEA,EN,Federal Contract Tower,0,8,3,0,11,0,0,1,0,1,0,8,4,0,12,0,0,0,12
12/09/2002,IPT,PA,AEA,EN,Federal Contract Tower,0,13,12,0,25,0,4,19,0,23,0,17,31,0,48,6,0,6,54
12/10/2002,IPT,PA,AEA,EN,Federal Contract Tower,0,19,12,0,31,0,2,43,2,47,0,21,55,2,78,22,0,22,100
12/11/2002,IPT,PA,AEA,EN,Federal Contract Tower,0,10,9,0,19,0,1,2,0,3,0,11,11,0,22,0,0,0,22
12/12/2002,IPT,PA,AEA,EN,Federal Contract Tower,0,19,17,0,36,0,0,2,0,2,0,19,19,0,38,0,0,0,38
12/13/2002,IPT,PA,AEA,EN,Federal Contract Tower,0,21,11,0,32,0,0,0,0,0,0,21,11,0,32,0,0,0,32
12/14/2002,IPT,PA,AEA,EN,Federal Contract Tower,0,13,3,0,16,0,0,0,0,0,0,13,3,0,16,0,0,0,16
12/15/2002,IPT,PA,AEA,EN,Federal Contract Tower,0,8,11,0,19,0,0,20,0,20,0,8,31,0,39,10,0,10,49
12/16/2002,IPT,PA,AEA,EN,Federal Contract Tower,0,15,11,0,26,0,0,11,2,13,0,15,22,2,39,8,0,8,47
12/17/2002,IPT,PA,AEA,EN,Federal Contract Tower,0,19,15,0,34,0,1,53,0,54,0,20,68,0,88,46,0,46,134
12/18/2002,IPT,PA,AEA,EN,Federal Contract Tower,0,17,16,0,33,0,2,43,2,47,0,19,59,2,80,52,0,52,132
12/19/2002,IPT,PA,AEA,EN,Federal Contract Tower,0,17,16,0,33,0,2,10,0,12,0,19,26,0,45,6,0,6,51
12/20/2002,IPT,PA,AEA,EN,Federal Contract Tower,0,21,19,0,40,0,0,4,0,4,0,21,23,0,44,0,0,0,44
12/21/2002,IPT,PA,AEA,EN,Federal Contract Tower,0,13,7,0,20,0,0,5,4,9,0,13,12,4,29,6,0,6,35
12/22/2002,IPT,PA,AEA,EN,Federal Contract Tower,0,8,3,0,11,0,0,18,0,18,0,8,21,0,29,16,0,16,45
12/23/2002,IPT,PA,AEA,EN,Federal Contract Tower,0,14,8,0,22,0,1,12,0,13,0,15,20,0,35,0,0,0,35
12/24/2002,IPT,PA,AEA,EN,Federal Contract Tower,0,16,2,0,18,0,2,22,0,24,0,18,24,0,42,6,0,6,48
12/25/2002,IPT,PA,AEA,EN,Federal Contract Tower,0,6,0,0,6,0,0,0,0,0,0,6,0,0,6,0,0,0,6
12/26/2002,IPT,PA,AEA,EN,Federal Contract Tower,0,16,8,0,24,0,1,1,0,2,0,17,9,0,26,0,0,0,26
12/27/2002,IPT,PA,AEA,EN,Federal Contract Tower,0,17,4,2,23,0,0,5,0,5,0,17,9,2,28,26,0,26,54
12/28/2002,IPT,PA,AEA,EN,Federal Contract Tower,0,13,3,0,16,0,0,25,0,25,0,13,28,0,41,0,0,0,41
12/29/2002,IPT,PA,AEA,EN,Federal Contract Tower,0,8,1,0,9,0,0,32,0,32,0,8,33,0,41,30,0,30,71
12/30/2002,IPT,PA,AEA,EN,Federal Contract Tower,0,14,7,0,21,0,1,25,0,26,0,15,32,0,47,30,0,30,77
12/31/2002,IPT,PA,AEA,EN,Federal Contract Tower,0,17,4,0,21,0,0,15,0,15,0,17,19,0,36,4,0,4,40
01/01/2003,IPT,PA,AEA,EN,Federal Contract Tower,0,9,1,0,10,0,0,0,0,0,0,9,1,0,10,0,0,0,10
01/02/2003,IPT,PA,AEA,EN,Federal Contract Tower,0,19,9,0,28,0,0,1,0,1,0,19,10,0,29,0,0,0,29
01/03/2003,IPT,PA,AEA,EN,Federal Contract Tower,0,9,1,0,10,0,0,0,0,0,0,9,1,0,10,0,0,0,10
01/04/2003,IPT,PA,AEA,EN,Federal Contract Tower,0,11,2,0,13,0,0,2,0,2,0,11,4,0,15,0,0,0,15
01/05/2003,IPT,PA,AEA,EN,Federal Contract Tower,0,10,4,0,14,0,0,8,0,8,0,10,12,0,22,0,0,0,22
01/06/2003,IPT,PA,AEA,EN,Federal Contract Tower,0,15,14,0,29,0,0,0,0,0,0,15,14,0,29,0,0,0,29
01/07/2003,IPT,PA,AEA,EN,Federal Contract Tower,0,16,12,0,28,0,3,36,2,41,0,19,48,2,69,56,0,56,125
01/08/2003,IPT,PA,AEA,EN,Federal Contract Tower,0,17,15,0,32,0,0,7,0,7,0,17,22,0,39,26,0,26,65
01/09/2003,IPT,PA,AEA,EN,Federal Contract Tower,0,16,11,0,27,0,2,26,0,28,0,18,37,0,55,24,0,24,79
01/10/2003,IPT,PA,AEA,EN,Federal Contract Tower,0,17,9,0,26,0,2,9,0,11,0,19,18,0,37,20,0,20,57
01/11/2003,IPT,PA,AEA,EN,Federal Contract Tower,0,12,2,0,14,0,0,14,0,14,0,12,16,0,28,22,0,22,50
01/12/2003,IPT,PA,AEA,EN,Federal Contract Tower,0,8,5,0,13,0,0,38,0,38,0,8,43,0,51,40,0,40,91
01/13/2003,IPT,PA,AEA,EN,Federal Contract Tower,0,18,7,0,25,0,2,11,0,13,0,20,18,0,38,0,0,0,38
01/14/2003,IPT,PA,AEA,EN,Federal Contract Tower,0,18,15,0,33,0,1,25,0,26,0,19,40,0,59,28,0,28,87
01/15/2003,IPT,PA,AEA,EN,Federal Contract Tower,0,14,20,0,34,0,3,19,0,22,0,17,39,0,56,34,0,34,90
01/16/2003,IPT,PA,AEA,EN,Federal Contract Tower,0,19,10,0,29,0,1,25,0,26,0,20,35,0,55,0,0,0,55
01/17/2003,IPT,PA,AEA,EN,Federal Contract Tower,0,20,7,0,27,0,2,8,0,10,0,22,15,0,37,14,0,14,51
01/18/2003,IPT,PA,AEA,EN,Federal Contract Tower,0,11,6,0,17,0,0,45,0,45,0,11,51,0,62,68,0,68,130
01/19/2003,IPT,PA,AEA,EN,Federal Contract Tower,0,8,3,0,11,0,0,19,0,19,0,8,22,0,30,2,0,2,32
01/20/2003,IPT,PA,AEA,EN,Federal Contract Tower,0,11,3,0,14,0,1,7,0,8,0,12,10,0,22,0,0,0,22
01/21/2003,IPT,PA,AEA,EN,Federal Contract Tower,0,16,4,0,20,0,3,24,0,27,0,19,28,0,47,0,0,0,47
01/22/2003,IPT,PA,AEA,EN,Federal Contract Tower,0,16,12,0,28,0,1,24,0,25,0,17,36,0,53,0,0,0,53
01/23/2003,IPT,PA,AEA,EN,Federal Contract Tower,0,21,15,0,36,0,1,12,0,13,0,22,27,0,49,0,0,0,49
01/24/2003,IPT,PA,AEA,EN,Federal Contract Tower,0,20,5,2,27,0,3,28,0,31,0,23,33,2,58,10,0,10,68
01/25/2003,IPT,PA,AEA,EN,Federal Contract Tower,0,10,10,0,20,0,0,49,0,49,0,10,59,0,69,64,0,64,133
01/26/2003,IPT,PA,AEA,EN,Federal Contract Tower,0,9,3,0,12,0,0,0,0,0,0,9,3,0,12,0,0,0,12
01/27/2003,IPT,PA,AEA,EN,Federal Contract Tower,0,15,14,2,31,0,2,26,0,28,0,17,40,2,59,0,0,0,59
01/28/2003,IPT,PA,AEA,EN,Federal Contract Tower,0,15,14,0,29,0,1,24,0,25,0,16,38,0,54,40,0,40,94
01/29/2003,IPT,PA,AEA,EN,Federal Contract Tower,0,17,11,0,28,0,0,6,2,8,0,17,17,2,36,60,0,60,96
01/30/2003,IPT,PA,AEA,EN,Federal Contract Tower,0,19,9,0,28,0,5,45,0,50,0,24,54,0,78,18,0,18,96
01/31/2003,IPT,PA,AEA,EN,Federal Contract Tower,0,19,11,0,30,0,1,7,0,8,0,20,18,0,38,2,0,2,40
02/01/2003,IPT,PA,AEA,EN,Federal Contract Tower,0,14,0,0,14,0,0,0,0,0,0,14,0,0,14,0,0,0,14
02/02/2003,IPT,PA,AEA,EN,Federal Contract Tower,0,8,4,0,12,0,0,22,0,22,0,8,26,0,34,42,0,42,76
02/03/2003,IPT,PA,AEA,EN,Federal Contract Tower,0,17,2,0,19,0,0,30,0,30,0,17,32,0,49,88,0,88,137
02/04/2003,IPT,PA,AEA,EN,Federal Contract Tower,0,21,3,2,26,0,0,7,0,7,0,21,10,2,33,0,0,0,33
02/05/2003,IPT,PA,AEA,EN,Federal Contract Tower,0,21,12,0,33,0,0,21,2,23,0,21,33,2,56,22,0,22,78
02/06/2003,IPT,PA,AEA,EN,Federal Contract Tower,0,21,11,0,32,0,1,30,0,31,0,22,41,0,63,0,0,0,63
02/07/2003,IPT,PA,AEA,EN,Federal Contract Tower,0,20,8,0,28,0,1,2,0,3,0,21,10,0,31,20,0,20,51
02/08/2003,IPT,PA,AEA,EN,Federal Contract Tower,0,9,11,0,20,0,0,42,0,42,0,9,53,0,62,78,0,78,140
02/09/2003,IPT,PA,AEA,EN,Federal Contract Tower,0,8,5,0,13,0,0,23,0,23,0,8,28,0,36,56,0,56,92
02/10/2003,IPT,PA,AEA,EN,Federal Contract Tower,0,13,16,0,29,0,0,2,0,2,0,13,18,0,31,0,0,0,31
02/11/2003,IPT,PA,AEA,EN,Federal Contract Tower,0,17,23,0,40,0,2,10,0,12,0,19,33,0,52,4,0,4,56
02/12/2003,IPT,PA,AEA,EN,Federal Contract Tower,0,17,7,0,24,0,2,1,0,3,0,19,8,0,27,0,0,0,27
02/13/2003,IPT,PA,AEA,EN,Federal Contract Tower,0,16,3,0,19,0,3,14,0,17,0,19,17,0,36,10,0,10,46
02/14/2003,IPT,PA,AEA,EN,Federal Contract Tower,0,17,14,0,31,0,0,21,0,21,0,17,35,0,52,32,0,32,84
02/15/2003,IPT,PA,AEA,EN,Federal Contract Tower,0,10,4,0,14,0,0,23,0,23,0,10,27,0,37,8,0,8,45
02/16/2003,IPT,PA,AEA,EN,Federal Contract Tower,0,7,1,0,8,0,0,11,0,11,0,7,12,0,19,32,0,32,51
02/17/2003,IPT,PA,AEA,EN,Federal Contract Tower,0,0,0,0,0,0,0,0,0,0,0,0,0,0,0,0,0,0,0
02/18/2003,IPT,PA,AEA,EN,Federal Contract Tower,0,16,7,0,23,0,0,10,0,10,0,16,17,0,33,12,0,12,45
02/19/2003,IPT,PA,AEA,EN,Federal Contract Tower,0,21,18,0,39,0,0,20,0,20,0,21,38,0,59,48,0,48,107
02/20/2003,IPT,PA,AEA,EN,Federal Contract Tower,0,16,12,0,28,0,1,32,2,35,0,17,44,2,63,20,6,26,89
02/21/2003,IPT,PA,AEA,EN,Federal Contract Tower,0,19,10,0,29,0,1,31,0,32,0,20,41,0,61,34,0,34,95
02/22/2003,IPT,PA,AEA,EN,Federal Contract Tower,0,10,3,0,13,0,0,0,0,0,0,10,3,0,13,0,0,0,13
02/23/2003,IPT,PA,AEA,EN,Federal Contract Tower,0,9,2,0,11,0,0,0,0,0,0,9,2,0,11,0,0,0,11
02/24/2003,IPT,PA,AEA,EN,Federal Contract Tower,0,14,8,0,22,0,1,11,0,12,0,15,19,0,34,14,0,14,48
02/25/2003,IPT,PA,AEA,EN,Federal Contract Tower,0,16,9,0,25,0,1,24,0,25,0,17,33,0,50,6,0,6,56
02/26/2003,IPT,PA,AEA,EN,Federal Contract Tower,0,14,21,0,35,0,3,8,0,11,0,17,29,0,46,4,0,4,50
02/27/2003,IPT,PA,AEA,EN,Federal Contract Tower,0,22,19,0,41,0,0,10,0,10,0,22,29,0,51,40,0,40,91
02/28/2003,IPT,PA,AEA,EN,Federal Contract Tower,0,21,13,0,34,0,7,13,0,20,0,28,26,0,54,22,0,22,76
03/01/2003,IPT,PA,AEA,EN,Federal Contract Tower,0,9,5,0,14,0,0,1,0,1,0,9,6,0,15,0,0,0,15
03/02/2003,IPT,PA,AEA,EN,Federal Contract Tower,0,10,9,0,19,0,0,5,0,5,0,10,14,0,24,0,0,0,24
03/03/2003,IPT,PA,AEA,EN,Federal Contract Tower,0,13,13,0,26,0,2,27,0,29,0,15,40,0,55,38,0,38,93
03/04/2003,IPT,PA,AEA,EN,Federal Contract Tower,0,20,8,0,28,0,0,34,0,34,0,20,42,0,62,26,0,26,88
03/05/2003,IPT,PA,AEA,EN,Federal Contract Tower,0,19,7,0,26,0,0,13,0,13,0,19,20,0,39,30,0,30,69
03/06/2003,IPT,PA,AEA,EN,Federal Contract Tower,0,17,10,0,27,0,0,0,0,0,0,17,10,0,27,0,0,0,27
03/07/2003,IPT,PA,AEA,EN,Federal Contract Tower,0,22,13,0,35,0,1,45,0,46,0,23,58,0,81,30,0,30,111
03/08/2003,IPT,PA,AEA,EN,Federal Contract Tower,0,10,4,0,14,0,1,49,0,50,0,11,53,0,64,72,0,72,136
03/09/2003,IPT,PA,AEA,EN,Federal Contract Tower,0,8,10,0,18,0,0,22,0,22,0,8,32,0,40,6,0,6,46
03/10/2003,IPT,PA,AEA,EN,Federal Contract Tower,0,13,16,2,31,0,4,30,0,34,0,17,46,2,65,8,0,8,73
03/11/2003,IPT,PA,AEA,EN,Federal Contract Tower,0,18,4,0,22,0,1,30,2,33,0,19,34,2,55,12,0,12,67
03/12/2003,IPT,PA,AEA,EN,Federal Contract Tower,0,17,13,0,30,0,0,26,0,26,0,17,39,0,56,28,0,28,84
03/13/2003,IPT,PA,AEA,EN,Federal Contract Tower,0,15,9,0,24,0,0,2,0,2,0,15,11,0,26,0,0,0,26
03/14/2003,IPT,PA,AEA,EN,Federal Contract Tower,0,17,14,0,31,0,1,61,0,62,0,18,75,0,93,62,0,62,155
03/15/2003,IPT,PA,AEA,EN,Federal Contract Tower,0,12,11,0,23,0,2,104,2,108,0,14,115,2,131,52,4,56,187
03/16/2003,IPT,PA,AEA,EN,Federal Contract Tower,0,12,14,0,26,0,0,49,0,49,0,12,63,0,75,12,0,12,87
03/17/2003,IPT,PA,AEA,EN,Federal Contract Tower,0,15,16,2,33,0,0,16,0,16,0,15,32,2,49,20,8,28,77
03/18/2003,IPT,PA,AEA,EN,Federal Contract Tower,0,24,21,0,45,0,0,18,0,18,0,24,39,0,63,20,0,20,83
03/19/2003,IPT,PA,AEA,EN,Federal Contract Tower,0,21,9,0,30,0,2,20,0,22,0,23,29,0,52,0,0,0,52
03/20/2003,IPT,PA,AEA,EN,Federal Contract Tower,0,17,8,0,25,0,0,0,0,0,0,17,8,0,25,0,0,0,25
03/21/2003,IPT,PA,AEA,EN,Federal Contract Tower,0,22,13,0,35,0,0,4,0,4,0,22,17,0,39,0,0,0,39
03/22/2003,IPT,PA,AEA,EN,Federal Contract Tower,0,10,10,0,20,0,1,54,0,55,0,11,64,0,75,50,0,50,125
03/23/2003,IPT,PA,AEA,EN,Federal Contract Tower,0,9,5,0,14,0,0,59,0,59,0,9,64,0,73,52,0,52,125
03/24/2003,IPT,PA,AEA,EN,Federal Contract Tower,0,14,17,0,31,0,3,44,0,47,0,17,61,0,78,10,0,10,88
03/25/2003,IPT,PA,AEA,EN,Federal Contract Tower,0,19,14,4,37,0,1,34,0,35,0,20,48,4,72,2,0,2,74
03/26/2003,IPT,PA,AEA,EN,Federal Contract Tower,0,17,20,0,37,0,0,19,0,19,0,17,39,0,56,4,0,4,60
03/27/2003,IPT,PA,AEA,EN,Federal Contract Tower,0,23,8,0,31,0,0,44,0,44,0,23,52,0,75,74,0,74,149
03/28/2003,IPT,PA,AEA,EN,Federal Contract Tower,0,21,16,0,37,0,0,20,1,21,0,21,36,1,58,0,0,0,58
03/29/2003,IPT,PA,AEA,EN,Federal Contract Tower,0,9,3,0,12,0,0,1,0,1,0,9,4,0,13,0,0,0,13
03/30/2003,IPT,PA,AEA,EN,Federal Contract Tower,0,4,3,0,7,0,0,0,0,0,0,4,3,0,7,0,0,0,7
03/31/2003,IPT,PA,AEA,EN,Federal Contract Tower,0,19,9,0,28,0,2,21,0,23,0,21,30,0,51,40,0,40,91
04/01/2003,IPT,PA,AEA,EN,Federal Contract Tower,0,22,17,0,39,0,1,28,0,29,0,23,45,0,68,50,0,50,118
04/02/2003,IPT,PA,AEA,EN,Federal Contract Tower,0,21,18,0,39,0,2,40,0,42,0,23,58,0,81,64,0,64,145
04/03/2003,IPT,PA,AEA,EN,Federal Contract Tower,0,14,11,0,25,0,2,22,0,24,0,16,33,0,49,28,0,28,77
04/04/2003,IPT,PA,AEA,EN,Federal Contract Tower,0,19,18,0,37,0,0,3,0,3,0,19,21,0,40,0,0,0,40
04/05/2003,IPT,PA,AEA,EN,Federal Contract Tower,0,11,4,0,15,0,0,0,0,0,0,11,4,0,15,0,0,0,15
04/06/2003,IPT,PA,AEA,EN,Federal Contract Tower,0,7,8,0,15,0,0,48,0,48,0,7,56,0,63,10,0,10,73
04/07/2003,IPT,PA,AEA,EN,Federal Contract Tower,0,5,5,0,10,0,0,0,0,0,0,5,5,0,10,0,0,0,10
04/08/2003,IPT,PA,AEA,EN,Federal Contract Tower,0,17,8,0,25,0,0,2,0,2,0,17,10,0,27,0,0,0,27
04/09/2003,IPT,PA,AEA,EN,Federal Contract Tower,0,21,16,0,37,0,0,8,0,8,0,21,24,0,45,0,0,0,45
04/10/2003,IPT,PA,AEA,EN,Federal Contract Tower,0,21,14,0,35,0,0,48,0,48,0,21,62,0,83,90,0,90,173
04/11/2003,IPT,PA,AEA,EN,Federal Contract Tower,0,17,4,0,21,0,0,4,0,4,0,17,8,0,25,0,0,0,25
04/12/2003,IPT,PA,AEA,EN,Federal Contract Tower,0,10,4,0,14,0,0,34,0,34,0,10,38,0,48,0,0,0,48
04/13/2003,IPT,PA,AEA,EN,Federal Contract Tower,0,8,16,0,24,0,0,72,0,72,0,8,88,0,96,60,0,60,156
04/14/2003,IPT,PA,AEA,EN,Federal Contract Tower,0,14,17,0,31,0,4,35,0,39,0,18,52,0,70,70,0,70,140
04/15/2003,IPT,PA,AEA,EN,Federal Contract Tower,0,16,15,0,31,0,4,32,0,36,0,20,47,0,67,78,0,78,145
04/16/2003,IPT,PA,AEA,EN,Federal Contract Tower,0,17,8,0,25,0,1,33,0,34,0,18,41,0,59,0,0,0,59
04/17/2003,IPT,PA,AEA,EN,Federal Contract Tower,0,19,16,0,35,0,1,8,0,9,0,20,24,0,44,0,0,0,44
04/18/2003,IPT,PA,AEA,EN,Federal Contract Tower,0,21,16,0,37,0,0,2,0,2,0,21,18,0,39,0,0,0,39
04/19/2003,IPT,PA,AEA,EN,Federal Contract Tower,0,11,7,0,18,0,0,35,0,35,0,11,42,0,53,38,0,38,91
04/20/2003,IPT,PA,AEA,EN,Federal Contract Tower,0,6,5,0,11,0,0,25,0,25,0,6,30,0,36,12,0,12,48
04/21/2003,IPT,PA,AEA,EN,Federal Contract Tower,0,19,9,0,28,0,0,10,0,10,0,19,19,0,38,0,0,0,38
04/22/2003,IPT,PA,AEA,EN,Federal Contract Tower,0,19,9,0,28,0,0,9,0,9,0,19,18,0,37,6,0,6,43
04/23/2003,IPT,PA,AEA,EN,Federal Contract Tower,0,17,9,0,26,0,0,10,0,10,0,17,19,0,36,0,0,0,36
04/24/2003,IPT,PA,AEA,EN,Federal Contract Tower,0,19,9,0,28,0,2,42,0,44,0,21,51,0,72,24,0,24,96
04/25/2003,IPT,PA,AEA,EN,Federal Contract Tower,0,15,14,0,29,0,3,39,0,42,0,18,53,0,71,32,0,32,103
04/26/2003,IPT,PA,AEA,EN,Federal Contract Tower,0,13,5,0,18,0,0,0,0,0,0,13,5,0,18,0,0,0,18
04/27/2003,IPT,PA,AEA,EN,Federal Contract Tower,0,8,7,0,15,0,0,49,0,49,0,8,56,0,64,54,0,54,118
04/28/2003,IPT,PA,AEA,EN,Federal Contract Tower,0,13,7,0,20,0,3,49,0,52,0,16,56,0,72,56,0,56,128
04/29/2003,IPT,PA,AEA,EN,Federal Contract Tower,0,22,17,1,40,0,0,42,0,42,0,22,59,1,82,56,0,56,138
04/30/2003,IPT,PA,AEA,EN,Federal Contract Tower,0,18,13,0,31,0,1,48,1,50,0,19,61,1,81,100,0,100,181
05/01/2003,IPT,PA,AEA,EN,Federal Contract Tower,0,17,14,0,31,0,0,8,0,8,0,17,22,0,39,2,0,2,41
05/02/2003,IPT,PA,AEA,EN,Federal Contract Tower,0,20,8,0,28,0,2,14,0,16,0,22,22,0,44,20,0,20,64
05/03/2003,IPT,PA,AEA,EN,Federal Contract Tower,0,10,9,0,19,0,1,38,0,39,0,11,47,0,58,38,0,38,96
05/04/2003,IPT,PA,AEA,EN,Federal Contract Tower,0,8,24,0,32,0,0,64,0,64,0,8,88,0,96,72,0,72,168
05/05/2003,IPT,PA,AEA,EN,Federal Contract Tower,0,16,7,0,23,0,1,8,0,9,0,17,15,0,32,18,0,18,50
05/06/2003,IPT,PA,AEA,EN,Federal Contract Tower,0,23,12,2,37,0,1,12,0,13,0,24,24,2,50,14,0,14,64
05/07/2003,IPT,PA,AEA,EN,Federal Contract Tower,0,20,21,0,41,0,0,22,0,22,0,20,43,0,63,2,0,2,65
05/08/2003,IPT,PA,AEA,EN,Federal Contract Tower,0,17,19,4,40,0,0,13,0,13,0,17,32,4,53,10,0,10,63
05/09/2003,IPT,PA,AEA,EN,Federal Contract Tower,0,22,17,0,39,0,1,17,0,18,0,23,34,0,57,0,0,0,57
05/10/2003,IPT,PA,AEA,EN,Federal Contract Tower,0,17,11,0,28,0,0,19,0,19,0,17,30,0,47,32,0,32,79
05/11/2003,IPT,PA,AEA,EN,Federal Contract Tower,0,8,4,0,12,0,0,3,0,3,0,8,7,0,15,0,0,0,15
05/12/2003,IPT,PA,AEA,EN,Federal Contract Tower,0,18,13,0,31,0,1,14,0,15,0,19,27,0,46,0,0,0,46
05/13/2003,IPT,PA,AEA,EN,Federal Contract Tower,0,19,17,0,36,0,1,8,0,9,0,20,25,0,45,4,0,4,49
05/14/2003,IPT,PA,AEA,EN,Federal Contract Tower,0,19,11,0,30,0,2,38,0,40,0,21,49,0,70,58,0,58,128
05/15/2003,IPT,PA,AEA,EN,Federal Contract Tower,0,20,16,0,36,0,3,26,0,29,0,23,42,0,65,14,0,14,79
05/16/2003,IPT,PA,AEA,EN,Federal Contract Tower,0,21,13,0,34,0,0,5,0,5,0,21,18,0,39,4,0,4,43
05/17/2003,IPT,PA,AEA,EN,Federal Contract Tower,0,12,21,0,33,0,0,13,0,13,0,12,34,0,46,40,0,40,86
05/18/2003,IPT,PA,AEA,EN,Federal Contract Tower,0,9,12,0,21,0,0,52,0,52,0,9,64,0,73,50,0,50,123
05/19/2003,IPT,PA,AEA,EN,Federal Contract Tower,0,14,9,0,23,0,2,47,0,49,0,16,56,0,72,30,0,30,102
05/20/2003,IPT,PA,AEA,EN,Federal Contract Tower,0,20,13,0,33,0,1,41,0,42,0,21,54,0,75,42,0,42,117
05/21/2003,IPT,PA,AEA,EN,Federal Contract Tower,0,18,24,0,42,0,1,18,0,19,0,19,42,0,61,56,0,56,117
05/22/2003,IPT,PA,AEA,EN,Federal Contract Tower,0,16,20,0,36,0,1,25,0,26,0,17,45,0,62,48,0,48,110
05/23/2003,IPT,PA,AEA,EN,Federal Contract Tower,0,19,14,0,33,0,0,12,0,12,0,19,26,0,45,10,0,10,55
05/24/2003,IPT,PA,AEA,EN,Federal Contract Tower,0,9,10,0,19,0,0,0,0,0,0,9,10,0,19,0,0,0,19
05/25/2003,IPT,PA,AEA,EN,Federal Contract Tower,0,5,0,0,5,0,0,11,0,11,0,5,11,0,16,38,0,38,54
05/26/2003,IPT,PA,AEA,EN,Federal Contract Tower,0,9,4,0,13,0,0,5,0,5,0,9,9,0,18,26,0,26,44
05/27/2003,IPT,PA,AEA,EN,Federal Contract Tower,0,16,2,0,18,0,1,25,0,26,0,17,27,0,44,18,0,18,62
05/28/2003,IPT,PA,AEA,EN,Federal Contract Tower,0,22,16,0,38,0,2,12,2,16,0,24,28,2,54,4,0,4,58
05/29/2003,IPT,PA,AEA,EN,Federal Contract Tower,0,18,14,4,36,0,0,27,0,27,0,18,41,4,63,12,0,12,75
05/30/2003,IPT,PA,AEA,EN,Federal Contract Tower,0,26,12,0,38,0,1,36,4,41,0,27,48,4,79,12,0,12,91
05/31/2003,IPT,PA,AEA,EN,Federal Contract Tower,0,10,5,0,15,0,0,1,0,1,0,10,6,0,16,0,0,0,16
06/01/2003,IPT,PA,AEA,EN,Federal Contract Tower,0,12,8,0,20,0,0,7,0,7,0,12,15,0,27,20,0,20,47
06/02/2003,IPT,PA,AEA,EN,Federal Contract Tower,0,13,13,0,26,0,2,45,0,47,0,15,58,0,73,30,0,30,103
06/03/2003,IPT,PA,AEA,EN,Federal Contract Tower,0,18,12,0,30,0,1,8,0,9,0,19,20,0,39,0,0,0,39
06/04/2003,IPT,PA,AEA,EN,Federal Contract Tower,0,21,14,0,35,0,0,12,0,12,0,21,26,0,47,44,0,44,91
06/05/2003,IPT,PA,AEA,EN,Federal Contract Tower,0,18,8,0,26,0,1,24,0,25,0,19,32,0,51,26,0,26,77
06/06/2003,IPT,PA,AEA,EN,Federal Contract Tower,0,16,15,0,31,0,2,52,0,54,0,18,67,0,85,40,0,40,125
06/07/2003,IPT,PA,AEA,EN,Federal Contract Tower,0,10,0,0,10,0,0,0,0,0,0,10,0,0,10,0,0,0,10
06/08/2003,IPT,PA,AEA,EN,Federal Contract Tower,0,10,23,0,33,0,0,16,0,16,0,10,39,0,49,0,0,0,49
06/09/2003,IPT,PA,AEA,EN,Federal Contract Tower,0,14,20,2,36,0,3,32,0,35,0,17,52,2,71,54,0,54,125
06/10/2003,IPT,PA,AEA,EN,Federal Contract Tower,0,18,12,0,30,0,1,53,0,54,0,19,65,0,84,64,0,64,148
06/11/2003,IPT,PA,AEA,EN,Federal Contract Tower,0,22,14,0,36,0,2,11,0,13,0,24,25,0,49,0,0,0,49
06/12/2003,IPT,PA,AEA,EN,Federal Contract Tower,0,19,14,0,33,0,0,8,0,8,0,19,22,0,41,4,0,4,45
06/13/2003,IPT,PA,AEA,EN,Federal Contract Tower,0,19,9,0,28,0,0,15,0,15,0,19,24,0,43,32,0,32,75
06/14/2003,IPT,PA,AEA,EN,Federal Contract Tower,0,12,16,0,28,0,0,7,0,7,0,12,23,0,35,6,0,6,41
06/15/2003,IPT,PA,AEA,EN,Federal Contract Tower,0,8,4,0,12,0,0,49,0,49,0,8,53,0,61,58,0,58,119
06/16/2003,IPT,PA,AEA,EN,Federal Contract Tower,0,10,11,0,21,0,5,52,0,57,0,15,63,0,78,28,0,28,106
06/17/2003,IPT,PA,AEA,EN,Federal Contract Tower,0,18,26,0,44,0,4,28,0,32,0,22,54,0,76,12,0,12,88
06/18/2003,IPT,PA,AEA,EN,Federal Contract Tower,0,17,29,0,46,0,1,4,0,5,0,18,33,0,51,0,0,0,51
06/19/2003,IPT,PA,AEA,EN,Federal Contract Tower,0,12,10,0,22,0,0,19,0,19,0,12,29,0,41,0,0,0,41
06/20/2003,IPT,PA,AEA,EN,Federal Contract Tower,0,12,21,0,33,0,1,9,0,10,0,13,30,0,43,4,0,4,47
06/21/2003,IPT,PA,AEA,EN,Federal Contract Tower,0,6,14,0,20,0,0,4,0,4,0,6,18,0,24,4,0,4,28
06/22/2003,IPT,PA,AEA,EN,Federal Contract Tower,0,5,3,0,8,0,0,38,0,38,0,5,41,0,46,52,0,52,98
06/23/2003,IPT,PA,AEA,EN,Federal Contract Tower,0,9,5,0,14,0,2,50,4,56,0,11,55,4,70,32,0,32,102
06/24/2003,IPT,PA,AEA,EN,Federal Contract Tower,0,18,10,0,28,0,4,77,4,85,0,22,87,4,113,16,0,16,129
06/25/2003,IPT,PA,AEA,EN,Federal Contract Tower,0,12,20,0,32,0,3,45,2,50,0,15,65,2,82,32,0,32,114
06/26/2003,IPT,PA,AEA,EN,Federal Contract Tower,0,13,13,0,26,0,0,49,5,54,0,13,62,5,80,48,0,48,128
06/27/2003,IPT,PA,AEA,EN,Federal Contract Tower,0,21,10,0,31,0,0,28,1,29,0,21,38,1,60,42,0,42,102
06/28/2003,IPT,PA,AEA,EN,Federal Contract Tower,0,5,12,0,17,0,1,49,0,50,0,6,61,0,67,14,0,14,81
06/29/2003,IPT,PA,AEA,EN,Federal Contract Tower,0,8,9,0,17,0,0,25,0,25,0,8,34,0,42,10,0,10,52
06/30/2003,IPT,PA,AEA,EN,Federal Contract Tower,0,14,11,1,26,0,1,34,5,40,0,15,45,6,66,26,0,26,92
07/01/2003,IPT,PA,AEA,EN,Federal Contract Tower,0,14,9,0,23,0,0,52,4,56,0,14,61,4,79,10,0,10,89
07/02/2003,IPT,PA,AEA,EN,Federal Contract Tower,0,17,7,0,24,0,2,27,4,33,0,19,34,4,57,4,0,4,61
07/03/2003,IPT,PA,AEA,EN,Federal Contract Tower,0,13,18,0,31,0,0,24,0,24,0,13,42,0,55,14,0,14,69
07/04/2003,IPT,PA,AEA,EN,Federal Contract Tower,0,6,13,0,19,0,0,16,0,16,0,6,29,0,35,6,0,6,41
07/05/2003,IPT,PA,AEA,EN,Federal Contract Tower,0,6,3,0,9,0,0,28,0,28,0,6,31,0,37,28,0,28,65
07/06/2003,IPT,PA,AEA,EN,Federal Contract Tower,0,5,11,0,16,0,0,38,0,38,0,5,49,0,54,30,0,30,84
07/07/2003,IPT,PA,AEA,EN,Federal Contract Tower,0,10,14,0,24,0,1,18,0,19,0,11,32,0,43,26,0,26,69
07/08/2003,IPT,PA,AEA,EN,Federal Contract Tower,0,19,10,0,29,0,0,26,2,28,0,19,36,2,57,48,2,50,107
07/09/2003,IPT,PA,AEA,EN,Federal Contract Tower,0,22,13,0,35,0,0,12,0,12,0,22,25,0,47,0,0,0,47
07/10/2003,IPT,PA,AEA,EN,Federal Contract Tower,0,13,11,0,24,0,0,26,0,26,0,13,37,0,50,52,0,52,102
07/11/2003,IPT,PA,AEA,EN,Federal Contract Tower,0,16,10,0,26,0,1,19,0,20,0,17,29,0,46,24,0,24,70
07/12/2003,IPT,PA,AEA,EN,Federal Contract Tower,0,6,7,0,13,0,0,51,0,51,0,6,58,0,64,22,0,22,86
07/13/2003,IPT,PA,AEA,EN,Federal Contract Tower,0,5,7,0,12,0,0,84,0,84,0,5,91,0,96,24,0,24,120
07/14/2003,IPT,PA,AEA,EN,Federal Contract Tower,0,10,15,0,25,0,2,41,0,43,0,12,56,0,68,16,0,16,84
07/15/2003,IPT,PA,AEA,EN,Federal Contract Tower,0,16,13,0,29,0,0,23,1,24,0,16,36,1,53,28,0,28,81
07/16/2003,IPT,PA,AEA,EN,Federal Contract Tower,0,17,15,1,33,0,2,29,5,36,0,19,44,6,69,24,0,24,93
07/17/2003,IPT,PA,AEA,EN,Federal Contract Tower,0,15,11,0,26,0,1,40,0,41,0,16,51,0,67,14,0,14,81
07/18/2003,IPT,PA,AEA,EN,Federal Contract Tower,0,18,12,0,30,0,1,21,0,22,0,19,33,0,52,22,0,22,74
07/19/2003,IPT,PA,AEA,EN,Federal Contract Tower,0,6,9,0,15,0,0,47,0,47,0,6,56,0,62,46,0,46,108
07/20/2003,IPT,PA,AEA,EN,Federal Contract Tower,0,5,16,0,21,0,0,45,0,45,0,5,61,0,66,22,0,22,88
07/21/2003,IPT,PA,AEA,EN,Federal Contract Tower,0,9,13,0,22,0,1,8,2,11,0,10,21,2,33,0,0,0,33
07/22/2003,IPT,PA,AEA,EN,Federal Contract Tower,0,14,9,0,23,0,0,1,0,1,0,14,10,0,24,0,0,0,24
07/23/2003,IPT,PA,AEA,EN,Federal Contract Tower,0,23,14,0,37,0,1,9,0,10,0,24,23,0,47,18,0,18,65
07/24/2003,IPT,PA,AEA,EN,Federal Contract Tower,0,13,14,0,27,0,1,13,0,14,0,14,27,0,41,32,0,32,73
07/25/2003,IPT,PA,AEA,EN,Federal Contract Tower,0,20,14,0,34,0,1,69,0,70,0,21,83,0,104,22,0,22,126
07/26/2003,IPT,PA,AEA,EN,Federal Contract Tower,0,7,7,0,14,0,1,33,0,34,0,8,40,0,48,4,0,4,52
07/27/2003,IPT,PA,AEA,EN,Federal Contract Tower,0,5,8,0,13,0,0,8,0,8,0,5,16,0,21,0,0,0,21
07/28/2003,IPT,PA,AEA,EN,Federal Contract Tower,0,9,19,0,28,0,2,32,2,36,0,11,51,2,64,22,0,22,86
07/29/2003,IPT,PA,AEA,EN,Federal Contract Tower,0,20,11,0,31,0,0,71,0,71,0,20,82,0,102,24,0,24,126
07/30/2003,IPT,PA,AEA,EN,Federal Contract Tower,0,12,19,0,31,0,3,58,0,61,0,15,77,0,92,12,0,12,104
07/31/2003,IPT,PA,AEA,EN,Federal Contract Tower,0,13,14,0,27,0,0,26,0,26,0,13,40,0,53,22,0,22,75
08/01/2003,IPT,PA,AEA,EN,Federal Contract Tower,0,21,12,0,33,0,0,10,1,11,0,21,22,1,44,0,0,0,44
08/02/2003,IPT,PA,AEA,EN,Federal Contract Tower,0,6,12,0,18,0,0,14,0,14,0,6,26,0,32,6,0,6,38
08/03/2003,IPT,PA,AEA,EN,Federal Contract Tower,0,5,3,0,8,0,0,4,0,4,0,5,7,0,12,10,0,10,22
08/04/2003,IPT,PA,AEA,EN,Federal Contract Tower,0,21,11,0,32,0,0,20,1,21,0,21,31,1,53,38,0,38,91
08/05/2003,IPT,PA,AEA,EN,Federal Contract Tower,0,19,10,0,29,0,0,14,0,14,0,19,24,0,43,36,0,36,79
08/06/2003,IPT,PA,AEA,EN,Federal Contract Tower,0,19,7,0,26,0,0,25,0,25,0,19,32,0,51,20,0,20,71
08/07/2003,IPT,PA,AEA,EN,Federal Contract Tower,0,18,8,0,26,0,0,24,2,26,0,18,32,2,52,10,6,16,68
08/08/2003,IPT,PA,AEA,EN,Federal Contract Tower,0,16,13,0,29,0,1,15,0,16,0,17,28,0,45,16,0,16,61
08/09/2003,IPT,PA,AEA,EN,Federal Contract Tower,0,9,14,0,23,0,0,5,0,5,0,9,19,0,28,16,0,16,44
08/10/2003,IPT,PA,AEA,EN,Federal Contract Tower,0,6,16,0,22,0,0,9,0,9,0,6,25,0,31,20,0,20,51
08/11/2003,IPT,PA,AEA,EN,Federal Contract Tower,0,15,11,0,26,0,0,4,0,4,0,15,15,0,30,0,0,0,30
08/12/2003,IPT,PA,AEA,EN,Federal Contract Tower,0,21,21,0,42,0,0,21,5,26,0,21,42,5,68,4,2,6,74
08/13/2003,IPT,PA,AEA,EN,Federal Contract Tower,0,18,11,0,29,0,0,30,3,33,0,18,41,3,62,28,0,28,90
08/14/2003,IPT,PA,AEA,EN,Federal Contract Tower,0,18,18,3,39,0,1,39,9,49,0,19,57,12,88,0,22,22,110
08/15/2003,IPT,PA,AEA,EN,Federal Contract Tower,0,13,21,1,35,0,2,42,4,48,0,15,63,5,83,12,2,14,97
08/16/2003,IPT,PA,AEA,EN,Federal Contract Tower,0,6,5,0,11,0,0,6,0,6,0,6,11,0,17,0,0,0,17
08/17/2003,IPT,PA,AEA,EN,Federal Contract Tower,0,10,23,0,33,0,0,47,0,47,0,10,70,0,80,34,0,34,114
08/18/2003,IPT,PA,AEA,EN,Federal Contract Tower,0,10,7,0,17,0,1,49,0,50,0,11,56,0,67,46,0,46,113
08/19/2003,IPT,PA,AEA,EN,Federal Contract Tower,0,16,22,0,38,0,1,56,0,57,0,17,78,0,95,26,0,26,121
08/20/2003,IPT,PA,AEA,EN,Federal Contract Tower,0,21,16,0,37,0,1,36,3,40,0,22,52,3,77,8,0,8,85
08/21/2003,IPT,PA,AEA,EN,Federal Contract Tower,0,16,19,0,35,0,1,18,0,19,0,17,37,0,54,6,0,6,60
08/22/2003,IPT,PA,AEA,EN,Federal Contract Tower,0,12,23,0,35,0,0,9,0,9,0,12,32,0,44,20,0,20,64
08/23/2003,IPT,PA,AEA,EN,Federal Contract Tower,0,6,21,2,29,0,0,58,0,58,0,6,79,2,87,22,0,22,109
08/24/2003,IPT,PA,AEA,EN,Federal Contract Tower,0,5,10,1,16,0,0,79,2,81,0,5,89,3,97,22,0,22,119
08/25/2003,IPT,PA,AEA,EN,Federal Contract Tower,0,15,14,1,30,0,2,48,0,50,0,17,62,1,80,10,0,10,90
08/26/2003,IPT,PA,AEA,EN,Federal Contract Tower,0,18,27,0,45,0,0,14,0,14,0,18,41,0,59,26,0,26,85
08/27/2003,IPT,PA,AEA,EN,Federal Contract Tower,0,22,9,0,31,0,0,27,0,27,0,22,36,0,58,14,0,14,72
08/28/2003,IPT,PA,AEA,EN,Federal Contract Tower,0,18,14,0,32,0,3,49,0,52,0,21,63,0,84,40,0,40,124
08/29/2003,IPT,PA,AEA,EN,Federal Contract Tower,0,12,6,0,18,0,1,11,0,12,0,13,17,0,30,30,0,30,60
08/30/2003,IPT,PA,AEA,EN,Federal Contract Tower,0,6,8,0,14,0,0,5,0,5,0,6,13,0,19,0,0,0,19
08/31/2003,IPT,PA,AEA,EN,Federal Contract Tower,0,4,10,0,14,0,0,42,0,42,0,4,52,0,56,12,0,12,68
09/01/2003,IPT,PA,AEA,EN,Federal Contract Tower,0,5,6,0,11,0,0,0,0,0,0,5,6,0,11,0,0,0,11
09/02/2003,IPT,PA,AEA,EN,Federal Contract Tower,0,11,7,0,18,0,1,8,0,9,0,12,15,0,27,24,0,24,51
09/03/2003,IPT,PA,AEA,EN,Federal Contract Tower,0,20,4,0,24,0,0,1,0,1,0,20,5,0,25,0,0,0,25
09/04/2003,IPT,PA,AEA,EN,Federal Contract Tower,0,15,18,0,33,0,0,21,0,21,0,15,39,0,54,28,0,28,82
09/05/2003,IPT,PA,AEA,EN,Federal Contract Tower,0,14,9,0,23,0,1,27,0,28,0,15,36,0,51,2,0,2,53
09/06/2003,IPT,PA,AEA,EN,Federal Contract Tower,0,6,10,0,16,0,0,57,0,57,0,6,67,0,73,30,0,30,103
09/07/2003,IPT,PA,AEA,EN,Federal Contract Tower,0,7,4,0,11,0,0,58,0,58,0,7,62,0,69,22,0,22,91
09/08/2003,IPT,PA,AEA,EN,Federal Contract Tower,0,14,19,0,33,0,1,29,0,30,0,15,48,0,63,14,0,14,77
09/09/2003,IPT,PA,AEA,EN,Federal Contract Tower,0,16,15,0,31,0,0,44,2,46,0,16,59,2,77,16,0,16,93
09/10/2003,IPT,PA,AEA,EN,Federal Contract Tower,0,20,15,0,35,0,2,52,0,54,0,22,67,0,89,8,0,8,97
09/11/2003,IPT,PA,AEA,EN,Federal Contract Tower,0,17,12,4,33,0,0,24,0,24,0,17,36,4,57,30,0,30,87
09/12/2003,IPT,PA,AEA,EN,Federal Contract Tower,0,15,15,0,30,0,2,42,0,44,0,17,57,0,74,16,0,16,90
09/13/2003,IPT,PA,AEA,EN,Federal Contract Tower,0,10,25,0,35,0,0,7,0,7,0,10,32,0,42,4,0,4,46
09/14/2003,IPT,PA,AEA,EN,Federal Contract Tower,0,7,6,0,13,0,0,23,0,23,0,7,29,0,36,10,0,10,46
09/15/2003,IPT,PA,AEA,EN,Federal Contract Tower,0,15,14,0,29,0,0,5,0,5,0,15,19,0,34,0,0,0,34
09/16/2003,IPT,PA,AEA,EN,Federal Contract Tower,0,14,8,0,22,0,4,32,0,36,0,18,40,0,58,26,0,26,84
09/17/2003,IPT,PA,AEA,EN,Federal Contract Tower,0,15,7,0,22,0,0,56,1,57,0,15,63,1,79,32,2,34,113
09/18/2003,IPT,PA,AEA,EN,Federal Contract Tower,0,14,10,0,24,0,0,13,0,13,0,14,23,0,37,2,0,2,39
09/19/2003,IPT,PA,AEA,EN,Federal Contract Tower,0,12,2,0,14,0,0,1,0,1,0,12,3,0,15,0,0,0,15
09/20/2003,IPT,PA,AEA,EN,Federal Contract Tower,0,8,5,0,13,0,0,22,0,22,0,8,27,0,35,0,0,0,35
09/21/2003,IPT,PA,AEA,EN,Federal Contract Tower,0,7,11,0,18,0,0,61,0,61,0,7,72,0,79,42,0,42,121
09/22/2003,IPT,PA,AEA,EN,Federal Contract Tower,0,12,11,0,23,0,0,12,0,12,0,12,23,0,35,0,0,0,35
09/23/2003,IPT,PA,AEA,EN,Federal Contract Tower,0,12,13,0,25,0,2,26,0,28,0,14,39,0,53,20,0,20,73
09/24/2003,IPT,PA,AEA,EN,Federal Contract Tower,0,16,26,0,42,0,5,74,2,81,0,21,100,2,123,8,0,8,131
09/25/2003,IPT,PA,AEA,EN,Federal Contract Tower,0,14,19,0,33,0,3,12,0,15,0,17,31,0,48,4,0,4,52
09/26/2003,IPT,PA,AEA,EN,Federal Contract Tower,0,19,25,0,44,0,0,29,0,29,0,19,54,0,73,30,0,30,103
09/27/2003,IPT,PA,AEA,EN,Federal Contract Tower,0,8,0,0,8,0,0,8,0,8,0,8,8,0,16,8,0,8,24
09/28/2003,IPT,PA,AEA,EN,Federal Contract Tower,0,7,6,0,13,0,0,27,0,27,0,7,33,0,40,28,0,28,68
09/29/2003,IPT,PA,AEA,EN,Federal Contract Tower,0,10,8,0,18,0,1,19,0,20,0,11,27,0,38,2,0,2,40
09/30/2003,IPT,PA,AEA,EN,Federal Contract Tower,0,19,16,0,35,0,0,49,0,49,0,19,65,0,84,76,0,76,160
10/01/2003,IPT,PA,AEA,EN,Federal Contract Tower,0,18,16,0,34,0,2,24,0,26,0,20,40,0,60,22,0,22,82
10/02/2003,IPT,PA,AEA,EN,Federal Contract Tower,0,16,12,0,28,0,1,12,0,13,0,17,24,0,41,16,0,16,57
10/03/2003,IPT,PA,AEA,EN,Federal Contract Tower,0,16,8,0,24,0,0,36,0,36,0,16,44,0,60,6,0,6,66
10/04/2003,IPT,PA,AEA,EN,Federal Contract Tower,0,8,2,0,10,0,0,6,0,6,0,8,8,0,16,0,0,0,16
10/05/2003,IPT,PA,AEA,EN,Federal Contract Tower,0,7,7,0,14,0,0,55,0,55,0,7,62,0,69,28,0,28,97
10/06/2003,IPT,PA,AEA,EN,Federal Contract Tower,0,18,12,0,30,0,1,37,0,38,0,19,49,0,68,72,0,72,140
10/07/2003,IPT,PA,AEA,EN,Federal Contract Tower,0,17,11,0,28,0,0,44,0,44,0,17,55,0,72,36,0,36,108
10/08/2003,IPT,PA,AEA,EN,Federal Contract Tower,0,14,9,0,23,0,1,51,0,52,0,15,60,0,75,58,0,58,133
10/09/2003,IPT,PA,AEA,EN,Federal Contract Tower,0,14,21,0,35,0,0,23,0,23,0,14,44,0,58,8,0,8,66
10/10/2003,IPT,PA,AEA,EN,Federal Contract Tower,0,15,22,0,37,0,0,28,0,28,0,15,50,0,65,24,0,24,89
10/11/2003,IPT,PA,AEA,EN,Federal Contract Tower,0,8,7,0,15,0,0,60,0,60,0,8,67,0,75,70,0,70,145
10/12/2003,IPT,PA,AEA,EN,Federal Contract Tower,0,7,10,0,17,0,0,27,0,27,0,7,37,0,44,28,0,28,72
10/13/2003,IPT,PA,AEA,EN,Federal Contract Tower,0,13,6,0,19,0,0,84,0,84,0,13,90,0,103,72,0,72,175
10/14/2003,IPT,PA,AEA,EN,Federal Contract Tower,0,17,4,1,22,0,1,16,1,18,0,18,20,2,40,26,0,26,66
10/15/2003,IPT,PA,AEA,EN,Federal Contract Tower,0,21,3,0,24,0,4,2,0,6,0,25,5,0,30,0,0,0,30
10/16/2003,IPT,PA,AEA,EN,Federal Contract Tower,0,22,18,0,40,0,1,31,0,32,0,23,49,0,72,6,0,6,78
10/17/2003,IPT,PA,AEA,EN,Federal Contract Tower,0,17,11,0,28,0,0,17,0,17,0,17,28,0,45,0,0,0,45
10/18/2003,IPT,PA,AEA,EN,Federal Contract Tower,0,10,8,0,18,0,0,37,0,37,0,10,45,0,55,50,0,50,105
10/19/2003,IPT,PA,AEA,EN,Federal Contract Tower,0,8,11,0,19,0,0,35,0,35,0,8,46,0,54,14,0,14,68
10/20/2003,IPT,PA,AEA,EN,Federal Contract Tower,0,16,20,0,36,0,3,41,0,44,0,19,61,0,80,60,0,60,140
10/21/2003,IPT,PA,AEA,EN,Federal Contract Tower,0,16,19,0,35,0,2,22,0,24,0,18,41,0,59,64,0,64,123
10/22/2003,IPT,PA,AEA,EN,Federal Contract Tower,0,19,10,0,29,0,0,5,0,5,0,19,15,0,34,22,0,22,56
10/23/2003,IPT,PA,AEA,EN,Federal Contract Tower,0,14,19,0,33,0,1,20,0,21,0,15,39,0,54,18,0,18,72
10/24/2003,IPT,PA,AEA,EN,Federal Contract Tower,0,15,13,0,28,0,2,52,0,54,0,17,65,0,82,24,0,24,106
10/25/2003,IPT,PA,AEA,EN,Federal Contract Tower,0,8,10,0,18,0,0,23,0,23,0,8,33,0,41,14,0,14,55
10/26/2003,IPT,PA,AEA,EN,Federal Contract Tower,0,9,18,0,27,0,0,10,0,10,0,9,28,0,37,0,0,0,37
10/27/2003,IPT,PA,AEA,EN,Federal Contract Tower,0,16,11,0,27,0,0,3,0,3,0,16,14,0,30,0,0,0,30
10/28/2003,IPT,PA,AEA,EN,Federal Contract Tower,0,20,12,0,32,0,1,34,0,35,0,21,46,0,67,82,0,82,149
10/29/2003,IPT,PA,AEA,EN,Federal Contract Tower,0,22,18,0,40,0,1,1,0,2,0,23,19,0,42,0,0,0,42
10/30/2003,IPT,PA,AEA,EN,Federal Contract Tower,0,14,14,0,28,0,5,50,0,55,0,19,64,0,83,66,0,66,149
10/31/2003,IPT,PA,AEA,EN,Federal Contract Tower,0,15,4,0,19,0,2,60,0,62,0,17,64,0,81,66,0,66,147
11/01/2003,IPT,PA,AEA,EN,Federal Contract Tower,0,8,9,0,17,0,0,56,0,56,0,8,65,0,73,36,0,36,109
11/02/2003,IPT,PA,AEA,EN,Federal Contract Tower,0,10,20,0,30,0,0,20,0,20,0,10,40,0,50,20,0,20,70
11/03/2003,IPT,PA,AEA,EN,Federal Contract Tower,0,8,8,0,16,0,1,31,0,32,0,9,39,0,48,18,0,18,66
11/04/2003,IPT,PA,AEA,EN,Federal Contract Tower,0,20,12,0,32,0,0,27,0,27,0,20,39,0,59,24,0,24,83
11/05/2003,IPT,PA,AEA,EN,Federal Contract Tower,0,16,12,0,28,0,0,0,0,0,0,16,12,0,28,0,0,0,28
11/06/2003,IPT,PA,AEA,EN,Federal Contract Tower,0,23,18,2,43,0,0,3,0,3,0,23,21,2,46,0,0,0,46
11/07/2003,IPT,PA,AEA,EN,Federal Contract Tower,0,18,9,0,27,0,3,40,0,43,0,21,49,0,70,18,0,18,88
11/08/2003,IPT,PA,AEA,EN,Federal Contract Tower,1,8,8,0,17,0,1,43,0,44,1,9,51,0,61,30,0,30,91
11/09/2003,IPT,PA,AEA,EN,Federal Contract Tower,0,9,6,0,15,0,0,54,0,54,0,9,60,0,69,48,0,48,117
11/10/2003,IPT,PA,AEA,EN,Federal Contract Tower,0,13,8,0,21,0,2,49,0,51,0,15,57,0,72,22,0,22,94
11/11/2003,IPT,PA,AEA,EN,Federal Contract Tower,0,22,15,0,37,0,0,3,0,3,0,22,18,0,40,0,0,0,40
11/12/2003,IPT,PA,AEA,EN,Federal Contract Tower,0,24,18,0,42,0,0,0,0,0,0,24,18,0,42,0,0,0,42
11/13/2003,IPT,PA,AEA,EN,Federal Contract Tower,0,18,13,0,31,0,1,1,0,2,0,19,14,0,33,0,0,0,33
11/14/2003,IPT,PA,AEA,EN,Federal Contract Tower,0,16,11,0,27,0,1,10,0,11,0,17,21,0,38,0,0,0,38
11/15/2003,IPT,PA,AEA,EN,Federal Contract Tower,0,9,11,0,20,0,0,32,0,32,0,9,43,0,52,2,0,2,54
11/16/2003,IPT,PA,AEA,EN,Federal Contract Tower,0,9,9,0,18,0,0,31,0,31,0,9,40,0,49,30,0,30,79
11/17/2003,IPT,PA,AEA,EN,Federal Contract Tower,0,16,12,0,28,0,0,22,0,22,0,16,34,0,50,54,0,54,104
11/18/2003,IPT,PA,AEA,EN,Federal Contract Tower,0,24,14,0,38,0,0,2,0,2,0,24,16,0,40,4,0,4,44
11/19/2003,IPT,PA,AEA,EN,Federal Contract Tower,0,17,3,0,20,0,0,1,1,2,0,17,4,1,22,0,0,0,22
11/20/2003,IPT,PA,AEA,EN,Federal Contract Tower,0,21,9,0,30,0,2,16,1,19,0,23,25,1,49,0,0,0,49
11/21/2003,IPT,PA,AEA,EN,Federal Contract Tower,0,12,17,0,29,0,2,59,0,61,0,14,76,0,90,18,0,18,108
11/22/2003,IPT,PA,AEA,EN,Federal Contract Tower,0,8,7,0,15,0,0,74,0,74,0,8,81,0,89,14,0,14,103
11/23/2003,IPT,PA,AEA,EN,Federal Contract Tower,0,9,5,0,14,0,0,49,0,49,0,9,54,0,63,10,0,10,73
11/24/2003,IPT,PA,AEA,EN,Federal Contract Tower,0,17,4,0,21,0,0,7,0,7,0,17,11,0,28,0,0,0,28
11/25/2003,IPT,PA,AEA,EN,Federal Contract Tower,0,28,4,0,32,0,2,46,2,50,0,30,50,2,82,26,0,26,108
11/26/2003,IPT,PA,AEA,EN,Federal Contract Tower,0,15,11,0,26,0,2,39,0,41,0,17,50,0,67,98,0,98,165
11/27/2003,IPT,PA,AEA,EN,Federal Contract Tower,0,6,8,0,14,0,0,16,0,16,0,6,24,0,30,8,0,8,38
11/28/2003,IPT,PA,AEA,EN,Federal Contract Tower,1,14,5,0,20,0,0,0,0,0,1,14,5,0,20,0,0,0,20
11/29/2003,IPT,PA,AEA,EN,Federal Contract Tower,1,11,3,0,15,0,0,9,0,9,1,11,12,0,24,0,0,0,24
11/30/2003,IPT,PA,AEA,EN,Federal Contract Tower,0,11,12,0,23,0,0,43,0,43,0,11,55,0,66,20,0,20,86
12/01/2003,IPT,PA,AEA,EN,Federal Contract Tower,0,17,16,0,33,0,1,5,0,6,0,18,21,0,39,0,0,0,39
12/02/2003,IPT,PA,AEA,EN,Federal Contract Tower,0,17,12,0,29,0,3,1,0,4,0,20,13,0,33,0,0,0,33
12/03/2003,IPT,PA,AEA,EN,Federal Contract Tower,0,17,12,0,29,0,2,30,0,32,0,19,42,0,61,12,0,12,73
12/04/2003,IPT,PA,AEA,EN,Federal Contract Tower,0,15,3,2,20,0,4,59,0,63,0,19,62,2,83,56,0,56,139
12/05/2003,IPT,PA,AEA,EN,Federal Contract Tower,0,17,6,0,23,0,0,5,0,5,0,17,11,0,28,0,0,0,28
12/06/2003,IPT,PA,AEA,EN,Federal Contract Tower,0,5,6,0,11,0,0,0,0,0,0,5,6,0,11,0,0,0,11
12/07/2003,IPT,PA,AEA,EN,Federal Contract Tower,0,9,3,0,12,0,0,5,0,5,0,9,8,0,17,0,0,0,17
12/08/2003,IPT,PA,AEA,EN,Federal Contract Tower,0,15,4,0,19,0,2,33,0,35,0,17,37,0,54,52,0,52,106
12/09/2003,IPT,PA,AEA,EN,Federal Contract Tower,0,18,39,0,57,0,2,28,0,30,0,20,67,0,87,30,0,30,117
12/10/2003,IPT,PA,AEA,EN,Federal Contract Tower,0,14,19,0,33,0,2,15,0,17,0,16,34,0,50,0,0,0,50
12/11/2003,IPT,PA,AEA,EN,Federal Contract Tower,0,18,13,0,31,0,0,5,0,5,0,18,18,0,36,0,0,0,36
12/12/2003,IPT,PA,AEA,EN,Federal Contract Tower,0,18,10,0,28,0,1,25,0,26,0,19,35,0,54,38,0,38,92
12/13/2003,IPT,PA,AEA,EN,Federal Contract Tower,0,9,18,0,27,0,0,47,0,47,0,9,65,0,74,76,0,76,150
12/14/2003,IPT,PA,AEA,EN,Federal Contract Tower,0,2,0,0,2,0,0,0,0,0,0,2,0,0,2,0,0,0,2
12/15/2003,IPT,PA,AEA,EN,Federal Contract Tower,0,15,7,0,22,0,0,5,0,5,0,15,12,0,27,0,0,0,27
12/16/2003,IPT,PA,AEA,EN,Federal Contract Tower,0,21,19,0,40,0,0,47,0,47,0,21,66,0,87,26,0,26,113
12/17/2003,IPT,PA,AEA,EN,Federal Contract Tower,0,16,15,0,31,0,0,4,0,4,0,16,19,0,35,0,0,0,35
12/18/2003,IPT,PA,AEA,EN,Federal Contract Tower,0,18,10,4,32,0,3,19,0,22,0,21,29,4,54,26,0,26,80
12/19/2003,IPT,PA,AEA,EN,Federal Contract Tower,0,16,10,0,26,0,1,32,0,33,0,17,42,0,59,54,0,54,113
12/20/2003,IPT,PA,AEA,EN,Federal Contract Tower,0,6,13,0,19,0,0,14,0,14,0,6,27,0,33,42,0,42,75
12/21/2003,IPT,PA,AEA,EN,Federal Contract Tower,0,10,6,0,16,0,0,31,0,31,0,10,37,0,47,52,0,52,99
12/22/2003,IPT,PA,AEA,EN,Federal Contract Tower,0,17,11,0,28,0,0,26,2,28,0,17,37,2,56,108,0,108,164
12/23/2003,IPT,PA,AEA,EN,Federal Contract Tower,0,19,3,0,22,0,2,29,0,31,0,21,32,0,53,18,0,18,71
12/24/2003,IPT,PA,AEA,EN,Federal Contract Tower,0,15,3,0,18,0,0,0,0,0,0,15,3,0,18,0,0,0,18
12/25/2003,IPT,PA,AEA,EN,Federal Contract Tower,0,7,2,0,9,0,0,2,0,2,0,7,4,0,11,0,0,0,11
12/26/2003,IPT,PA,AEA,EN,Federal Contract Tower,0,16,3,0,19,0,2,10,0,12,0,18,13,0,31,24,0,24,55
12/27/2003,IPT,PA,AEA,EN,Federal Contract Tower,0,8,4,0,12,0,0,47,0,47,0,8,51,0,59,82,0,82,141
12/28/2003,IPT,PA,AEA,EN,Federal Contract Tower,0,9,2,0,11,0,0,53,0,53,0,9,55,0,64,52,0,52,116
12/29/2003,IPT,PA,AEA,EN,Federal Contract Tower,0,15,6,0,21,0,0,42,0,42,0,15,48,0,63,42,0,42,105
12/30/2003,IPT,PA,AEA,EN,Federal Contract Tower,0,17,3,0,20,0,0,7,0,7,0,17,10,0,27,0,0,0,27
12/31/2003,IPT,PA,AEA,EN,Federal Contract Tower,0,13,3,4,20,0,2,50,0,52,0,15,53,4,72,58,0,58,130
01/01/2004,IPT,PA,AEA,EN,Federal Contract Tower,0,7,3,0,10,0,0,40,0,40,0,7,43,0,50,142,0,142,192
01/02/2004,IPT,PA,AEA,EN,Federal Contract Tower,0,17,6,0,23,0,0,5,0,5,0,17,11,0,28,0,0,0,28
01/03/2004,IPT,PA,AEA,EN,Federal Contract Tower,0,8,11,0,19,0,0,0,0,0,0,8,11,0,19,0,0,0,19
01/04/2004,IPT,PA,AEA,EN,Federal Contract Tower,0,11,5,0,16,0,0,0,0,0,0,11,5,0,16,0,0,0,16
01/05/2004,IPT,PA,AEA,EN,Federal Contract Tower,0,18,3,0,21,0,0,1,0,1,0,18,4,0,22,0,0,0,22
01/06/2004,IPT,PA,AEA,EN,Federal Contract Tower,0,21,19,0,40,0,2,15,0,17,0,23,34,0,57,4,0,4,61
01/07/2004,IPT,PA,AEA,EN,Federal Contract Tower,0,17,7,0,24,0,2,20,0,22,0,19,27,0,46,12,0,12,58
01/08/2004,IPT,PA,AEA,EN,Federal Contract Tower,0,16,15,2,33,0,3,14,0,17,0,19,29,2,50,90,2,92,142
01/09/2004,IPT,PA,AEA,EN,Federal Contract Tower,0,19,10,0,29,0,2,18,2,22,0,21,28,2,51,4,0,4,55
01/10/2004,IPT,PA,AEA,EN,Federal Contract Tower,0,8,8,0,16,0,0,18,0,18,0,8,26,0,34,14,0,14,48
01/11/2004,IPT,PA,AEA,EN,Federal Contract Tower,0,9,3,0,12,0,0,40,0,40,0,9,43,0,52,56,0,56,108
01/12/2004,IPT,PA,AEA,EN,Federal Contract Tower,0,16,11,0,27,0,0,4,0,4,0,16,15,0,31,6,0,6,37
01/13/2004,IPT,PA,AEA,EN,Federal Contract Tower,0,20,14,4,38,0,1,2,0,3,0,21,16,4,41,0,0,0,41
01/14/2004,IPT,PA,AEA,EN,Federal Contract Tower,0,16,13,0,29,0,1,4,0,5,0,17,17,0,34,0,0,0,34
01/15/2004,IPT,PA,AEA,EN,Federal Contract Tower,0,22,6,0,28,0,3,5,0,8,0,25,11,0,36,0,0,0,36
01/16/2004,IPT,PA,AEA,EN,Federal Contract Tower,0,16,2,0,18,0,1,9,0,10,0,17,11,0,28,0,0,0,28
01/17/2004,IPT,PA,AEA,EN,Federal Contract Tower,0,7,7,0,14,0,1,27,0,28,0,8,34,0,42,12,0,12,54
01/18/2004,IPT,PA,AEA,EN,Federal Contract Tower,0,9,4,0,13,0,0,0,0,0,0,9,4,0,13,0,0,0,13
01/19/2004,IPT,PA,AEA,EN,Federal Contract Tower,0,13,8,0,21,0,0,8,0,8,0,13,16,0,29,34,0,34,63
01/20/2004,IPT,PA,AEA,EN,Federal Contract Tower,0,21,4,0,25,0,1,28,0,29,0,22,32,0,54,44,0,44,98
01/21/2004,IPT,PA,AEA,EN,Federal Contract Tower,0,17,15,0,32,0,2,37,2,41,0,19,52,2,73,8,0,8,81
01/22/2004,IPT,PA,AEA,EN,Federal Contract Tower,0,24,8,0,32,0,1,11,0,12,0,25,19,0,44,2,0,2,46
01/23/2004,IPT,PA,AEA,EN,Federal Contract Tower,0,18,4,0,22,0,1,14,0,15,0,19,18,0,37,0,0,0,37
01/24/2004,IPT,PA,AEA,EN,Federal Contract Tower,0,7,18,0,25,0,0,15,0,15,0,7,33,0,40,34,0,34,74
01/25/2004,IPT,PA,AEA,EN,Federal Contract Tower,0,9,2,0,11,0,0,30,0,30,0,9,32,0,41,54,0,54,95
01/26/2004,IPT,PA,AEA,EN,Federal Contract Tower,0,13,6,0,19,0,0,0,0,0,0,13,6,0,19,0,0,0,19
01/27/2004,IPT,PA,AEA,EN,Federal Contract Tower,0,15,5,0,20,0,0,0,0,0,0,15,5,0,20,0,0,0,20
01/28/2004,IPT,PA,AEA,EN,Federal Contract Tower,0,20,4,2,26,0,0,3,0,3,0,20,7,2,29,0,0,0,29
01/29/2004,IPT,PA,AEA,EN,Federal Contract Tower,0,15,7,0,22,0,3,13,0,16,0,18,20,0,38,24,0,24,62
01/30/2004,IPT,PA,AEA,EN,Federal Contract Tower,0,16,3,0,19,0,5,11,0,16,0,21,14,0,35,0,0,0,35
01/31/2004,IPT,PA,AEA,EN,Federal Contract Tower,0,8,8,0,16,0,0,13,0,13,0,8,21,0,29,34,0,34,63
02/01/2004,IPT,PA,AEA,EN,Federal Contract Tower,0,7,1,0,8,0,0,59,0,59,0,7,60,0,67,114,0,114,181
02/02/2004,IPT,PA,AEA,EN,Federal Contract Tower,0,16,15,4,35,0,3,21,0,24,0,19,36,4,59,68,0,68,127
02/03/2004,IPT,PA,AEA,EN,Federal Contract Tower,0,13,4,0,17,0,0,1,0,1,0,13,5,0,18,0,0,0,18
02/04/2004,IPT,PA,AEA,EN,Federal Contract Tower,0,15,15,0,30,0,2,11,0,13,0,17,26,0,43,0,0,0,43
02/05/2004,IPT,PA,AEA,EN,Federal Contract Tower,0,15,10,0,25,0,2,12,0,14,0,17,22,0,39,0,0,0,39
02/06/2004,IPT,PA,AEA,EN,Federal Contract Tower,0,13,1,0,14,0,0,0,0,0,0,13,1,0,14,0,0,0,14
02/07/2004,IPT,PA,AEA,EN,Federal Contract Tower,0,7,2,0,9,0,0,6,4,10,0,7,8,4,19,0,0,0,19
02/08/2004,IPT,PA,AEA,EN,Federal Contract Tower,0,9,3,0,12,0,0,52,2,54,0,9,55,2,66,110,0,110,176
02/09/2004,IPT,PA,AEA,EN,Federal Contract Tower,0,14,4,0,18,0,3,23,0,26,0,17,27,0,44,64,0,64,108
02/10/2004,IPT,PA,AEA,EN,Federal Contract Tower,0,22,17,0,39,0,1,17,0,18,0,23,34,0,57,26,0,26,83
02/11/2004,IPT,PA,AEA,EN,Federal Contract Tower,0,15,12,0,27,0,2,18,0,20,0,17,30,0,47,4,0,4,51
02/12/2004,IPT,PA,AEA,EN,Federal Contract Tower,0,16,8,0,24,0,4,29,0,33,0,20,37,0,57,48,0,48,105
02/13/2004,IPT,PA,AEA,EN,Federal Contract Tower,0,23,9,0,32,0,1,22,0,23,0,24,31,0,55,0,0,0,55
02/14/2004,IPT,PA,AEA,EN,Federal Contract Tower,0,7,6,0,13,0,1,41,0,42,0,8,47,0,55,8,0,8,63
02/15/2004,IPT,PA,AEA,EN,Federal Contract Tower,0,10,4,0,14,0,0,36,0,36,0,10,40,0,50,10,0,10,60
02/16/2004,IPT,PA,AEA,EN,Federal Contract Tower,0,15,7,0,22,0,0,41,0,41,0,15,48,0,63,62,0,62,125
02/17/2004,IPT,PA,AEA,EN,Federal Contract Tower,0,21,13,0,34,0,1,32,0,33,0,22,45,0,67,46,0,46,113
02/18/2004,IPT,PA,AEA,EN,Federal Contract Tower,0,20,12,0,32,0,2,28,2,32,0,22,40,2,64,42,6,48,112
02/19/2004,IPT,PA,AEA,EN,Federal Contract Tower,0,15,8,1,24,0,1,12,0,13,0,16,20,1,37,0,0,0,37
02/20/2004,IPT,PA,AEA,EN,Federal Contract Tower,0,19,11,0,30,0,0,21,1,22,0,19,32,1,52,12,0,12,64
02/21/2004,IPT,PA,AEA,EN,Federal Contract Tower,0,8,7,0,15,0,0,2,0,2,0,8,9,0,17,16,0,16,33
02/22/2004,IPT,PA,AEA,EN,Federal Contract Tower,0,14,7,0,21,0,0,24,0,24,0,14,31,0,45,28,0,28,73
02/23/2004,IPT,PA,AEA,EN,Federal Contract Tower,0,16,2,0,18,0,1,31,0,32,0,17,33,0,50,30,0,30,80
02/24/2004,IPT,PA,AEA,EN,Federal Contract Tower,0,14,10,0,24,0,1,3,0,4,0,15,13,0,28,0,0,0,28
02/25/2004,IPT,PA,AEA,EN,Federal Contract Tower,0,15,8,0,23,0,4,35,0,39,0,19,43,0,62,24,0,24,86
02/26/2004,IPT,PA,AEA,EN,Federal Contract Tower,0,15,11,0,26,0,2,45,2,49,0,17,56,2,75,40,0,40,115
02/27/2004,IPT,PA,AEA,EN,Federal Contract Tower,0,17,9,0,26,0,4,41,0,45,0,21,50,0,71,48,0,48,119
02/28/2004,IPT,PA,AEA,EN,Federal Contract Tower,0,7,9,0,16,0,1,60,0,61,0,8,69,0,77,44,0,44,121
02/29/2004,IPT,PA,AEA,EN,Federal Contract Tower,0,9,13,0,22,0,0,56,0,56,0,9,69,0,78,50,0,50,128
03/01/2004,IPT,PA,AEA,EN,Federal Contract Tower,0,13,24,0,37,0,3,36,2,41,0,16,60,2,78,40,0,40,118
03/02/2004,IPT,PA,AEA,EN,Federal Contract Tower,0,18,19,5,42,0,2,13,3,18,0,20,32,8,60,2,0,2,62
03/03/2004,IPT,PA,AEA,EN,Federal Contract Tower,0,18,12,0,30,0,3,30,0,33,0,21,42,0,63,44,0,44,107
03/04/2004,IPT,PA,AEA,EN,Federal Contract Tower,0,20,11,0,31,0,1,9,0,10,0,21,20,0,41,16,0,16,57
03/05/2004,IPT,PA,AEA,EN,Federal Contract Tower,0,24,13,0,37,0,0,1,0,1,0,24,14,0,38,0,0,0,38
03/06/2004,IPT,PA,AEA,EN,Federal Contract Tower,0,12,3,0,15,0,0,7,0,7,0,12,10,0,22,0,0,0,22
03/07/2004,IPT,PA,AEA,EN,Federal Contract Tower,0,8,11,0,19,0,0,35,0,35,0,8,46,0,54,36,0,36,90
03/08/2004,IPT,PA,AEA,EN,Federal Contract Tower,0,17,8,0,25,0,0,7,0,7,0,17,15,0,32,24,0,24,56
03/09/2004,IPT,PA,AEA,EN,Federal Contract Tower,0,16,9,0,25,0,1,14,0,15,0,17,23,0,40,38,0,38,78
03/10/2004,IPT,PA,AEA,EN,Federal Contract Tower,0,17,15,1,33,0,0,27,1,28,0,17,42,2,61,4,0,4,65
03/11/2004,IPT,PA,AEA,EN,Federal Contract Tower,0,18,16,0,34,0,4,50,4,58,0,22,66,4,92,24,0,24,116
03/12/2004,IPT,PA,AEA,EN,Federal Contract Tower,0,19,8,0,27,0,0,4,3,7,0,19,12,3,34,28,0,28,62
03/13/2004,IPT,PA,AEA,EN,Federal Contract Tower,0,8,10,0,18,0,0,25,2,27,0,8,35,2,45,2,0,2,47
03/14/2004,IPT,PA,AEA,EN,Federal Contract Tower,0,9,6,0,15,0,0,28,0,28,0,9,34,0,43,2,0,2,45
03/15/2004,IPT,PA,AEA,EN,Federal Contract Tower,0,14,9,0,23,0,2,45,0,47,0,16,54,0,70,32,0,32,102
03/16/2004,IPT,PA,AEA,EN,Federal Contract Tower,0,6,2,0,8,0,1,3,0,4,0,7,5,0,12,0,0,0,12
03/17/2004,IPT,PA,AEA,EN,Federal Contract Tower,0,20,9,0,29,0,0,3,0,3,0,20,12,0,32,0,0,0,32
03/18/2004,IPT,PA,AEA,EN,Federal Contract Tower,0,25,4,0,29,0,0,13,6,19,0,25,17,6,48,18,0,18,66
03/19/2004,IPT,PA,AEA,EN,Federal Contract Tower,0,19,5,0,24,0,2,27,0,29,0,21,32,0,53,12,0,12,65
03/20/2004,IPT,PA,AEA,EN,Federal Contract Tower,0,7,5,0,12,0,1,17,0,18,0,8,22,0,30,20,0,20,50
03/21/2004,IPT,PA,AEA,EN,Federal Contract Tower,0,15,6,0,21,0,0,4,0,4,0,15,10,0,25,8,0,8,33
03/22/2004,IPT,PA,AEA,EN,Federal Contract Tower,0,16,12,0,28,0,2,23,0,25,0,18,35,0,53,10,0,10,63
03/23/2004,IPT,PA,AEA,EN,Federal Contract Tower,0,21,8,0,29,0,1,28,0,29,0,22,36,0,58,28,0,28,86
03/24/2004,IPT,PA,AEA,EN,Federal Contract Tower,0,18,17,0,35,0,0,32,0,32,0,18,49,0,67,36,0,36,103
03/25/2004,IPT,PA,AEA,EN,Federal Contract Tower,0,21,6,2,29,0,0,18,0,18,0,21,24,2,47,32,0,32,79
03/26/2004,IPT,PA,AEA,EN,Federal Contract Tower,0,18,11,0,29,0,1,38,1,40,0,19,49,1,69,68,2,70,139
03/27/2004,IPT,PA,AEA,EN,Federal Contract Tower,0,8,4,0,12,0,0,51,0,51,0,8,55,0,63,68,0,68,131
03/28/2004,IPT,PA,AEA,EN,Federal Contract Tower,0,9,5,0,14,0,0,75,0,75,0,9,80,0,89,68,0,68,157
03/29/2004,IPT,PA,AEA,EN,Federal Contract Tower,0,15,7,0,22,0,0,32,2,34,0,15,39,2,56,30,0,30,86
03/30/2004,IPT,PA,AEA,EN,Federal Contract Tower,0,21,20,0,41,0,0,11,0,11,0,21,31,0,52,0,0,0,52
03/31/2004,IPT,PA,AEA,EN,Federal Contract Tower,0,21,20,0,41,0,0,11,0,11,0,21,31,0,52,12,0,12,64
04/01/2004,IPT,PA,AEA,EN,Federal Contract Tower,0,17,12,0,29,0,0,12,0,12,0,17,24,0,41,0,0,0,41
04/02/2004,IPT,PA,AEA,EN,Federal Contract Tower,0,21,1,0,22,0,0,17,0,17,0,21,18,0,39,108,0,108,147
04/03/2004,IPT,PA,AEA,EN,Federal Contract Tower,0,8,7,0,15,0,0,22,0,22,0,8,29,0,37,52,0,52,89
04/04/2004,IPT,PA,AEA,EN,Federal Contract Tower,0,11,7,0,18,0,0,2,0,2,0,11,9,0,20,0,0,0,20
04/05/2004,IPT,PA,AEA,EN,Federal Contract Tower,0,16,6,0,22,0,1,6,0,7,0,17,12,0,29,0,0,0,29
04/06/2004,IPT,PA,AEA,EN,Federal Contract Tower,0,23,9,0,32,0,0,48,0,48,0,23,57,0,80,48,0,48,128
04/07/2004,IPT,PA,AEA,EN,Federal Contract Tower,0,30,10,0,40,0,0,43,0,43,0,30,53,0,83,22,0,22,105
04/08/2004,IPT,PA,AEA,EN,Federal Contract Tower,0,27,22,0,49,0,3,18,0,21,0,30,40,0,70,0,0,0,70
04/09/2004,IPT,PA,AEA,EN,Federal Contract Tower,0,17,9,0,26,0,0,33,0,33,0,17,42,0,59,74,0,74,133
04/10/2004,IPT,PA,AEA,EN,Federal Contract Tower,0,8,9,0,17,0,0,61,0,61,0,8,70,0,78,88,0,88,166
04/11/2004,IPT,PA,AEA,EN,Federal Contract Tower,0,12,4,0,16,0,0,5,0,5,0,12,9,0,21,0,0,0,21
04/12/2004,IPT,PA,AEA,EN,Federal Contract Tower,0,18,6,0,24,0,0,18,0,18,0,18,24,0,42,50,0,50,92
04/13/2004,IPT,PA,AEA,EN,Federal Contract Tower,0,25,17,0,42,0,0,0,0,0,0,25,17,0,42,0,0,0,42
04/14/2004,IPT,PA,AEA,EN,Federal Contract Tower,0,19,19,0,38,0,0,7,0,7,0,19,26,0,45,2,0,2,47
04/15/2004,IPT,PA,AEA,EN,Federal Contract Tower,0,15,17,0,32,0,0,24,6,30,0,15,41,6,62,26,0,26,88
04/16/2004,IPT,PA,AEA,EN,Federal Contract Tower,0,19,6,0,25,0,2,77,2,81,0,21,83,2,106,78,0,78,184
04/17/2004,IPT,PA,AEA,EN,Federal Contract Tower,0,6,12,0,18,0,0,60,0,60,0,6,72,0,78,16,0,16,94
04/18/2004,IPT,PA,AEA,EN,Federal Contract Tower,0,11,14,0,25,0,0,61,0,61,0,11,75,0,86,36,0,36,122
04/19/2004,IPT,PA,AEA,EN,Federal Contract Tower,0,15,8,0,23,0,0,16,0,16,0,15,24,0,39,18,0,18,57
04/20/2004,IPT,PA,AEA,EN,Federal Contract Tower,0,21,18,0,39,0,0,41,1,42,0,21,59,1,81,48,0,48,129
04/21/2004,IPT,PA,AEA,EN,Federal Contract Tower,0,17,13,1,31,0,0,8,1,9,0,17,21,2,40,8,0,8,48
04/22/2004,IPT,PA,AEA,EN,Federal Contract Tower,0,17,8,0,25,0,0,23,0,23,0,17,31,0,48,42,0,42,90
04/23/2004,IPT,PA,AEA,EN,Federal Contract Tower,0,19,13,0,32,0,0,1,0,1,0,19,14,0,33,0,0,0,33
04/24/2004,IPT,PA,AEA,EN,Federal Contract Tower,0,8,5,0,13,0,0,63,0,63,0,8,68,0,76,44,0,44,120
04/25/2004,IPT,PA,AEA,EN,Federal Contract Tower,0,11,10,0,21,0,0,11,0,11,0,11,21,0,32,0,0,0,32
04/26/2004,IPT,PA,AEA,EN,Federal Contract Tower,0,18,14,0,32,0,0,2,0,2,0,18,16,0,34,0,0,0,34
04/27/2004,IPT,PA,AEA,EN,Federal Contract Tower,0,19,11,0,30,0,0,21,2,23,0,19,32,2,53,26,0,26,79
04/28/2004,IPT,PA,AEA,EN,Federal Contract Tower,0,17,13,0,30,0,2,38,4,44,0,19,51,4,74,22,0,22,96
04/29/2004,IPT,PA,AEA,EN,Federal Contract Tower,0,17,3,0,20,0,0,47,0,47,0,17,50,0,67,30,0,30,97
04/30/2004,IPT,PA,AEA,EN,Federal Contract Tower,0,19,11,0,30,0,2,35,2,39,0,21,46,2,69,26,0,26,95
05/01/2004,IPT,PA,AEA,EN,Federal Contract Tower,0,7,6,0,13,0,0,34,0,34,0,7,40,0,47,22,0,22,69
05/02/2004,IPT,PA,AEA,EN,Federal Contract Tower,0,13,8,0,21,0,0,1,0,1,0,13,9,0,22,0,0,0,22
05/03/2004,IPT,PA,AEA,EN,Federal Contract Tower,0,15,4,0,19,0,0,21,0,21,0,15,25,0,40,78,0,78,118
05/04/2004,IPT,PA,AEA,EN,Federal Contract Tower,0,17,10,0,27,0,1,41,0,42,0,18,51,0,69,54,0,54,123
05/05/2004,IPT,PA,AEA,EN,Federal Contract Tower,0,19,20,1,40,0,0,15,1,16,0,19,35,2,56,4,2,6,62
05/06/2004,IPT,PA,AEA,EN,Federal Contract Tower,0,18,14,0,32,0,0,67,0,67,0,18,81,0,99,48,0,48,147
05/07/2004,IPT,PA,AEA,EN,Federal Contract Tower,0,18,13,0,31,0,0,23,0,23,0,18,36,0,54,34,0,34,88
05/08/2004,IPT,PA,AEA,EN,Federal Contract Tower,0,13,2,0,15,0,0,34,0,34,0,13,36,0,49,10,0,10,59
05/09/2004,IPT,PA,AEA,EN,Federal Contract Tower,0,10,0,0,10,0,0,23,0,23,0,10,23,0,33,86,0,86,119
05/10/2004,IPT,PA,AEA,EN,Federal Contract Tower,0,21,10,0,31,0,1,15,0,16,0,22,25,0,47,26,0,26,73
05/11/2004,IPT,PA,AEA,EN,Federal Contract Tower,0,20,14,0,34,0,0,33,0,33,0,20,47,0,67,14,0,14,81
05/12/2004,IPT,PA,AEA,EN,Federal Contract Tower,0,20,14,0,34,0,0,20,0,20,0,20,34,0,54,14,0,14,68
05/13/2004,IPT,PA,AEA,EN,Federal Contract Tower,0,20,16,0,36,0,0,37,0,37,0,20,53,0,73,80,0,80,153
05/14/2004,IPT,PA,AEA,EN,Federal Contract Tower,0,22,20,0,42,0,0,9,1,10,0,22,29,1,52,0,0,0,52
05/15/2004,IPT,PA,AEA,EN,Federal Contract Tower,0,14,5,0,19,0,0,3,4,7,0,14,8,4,26,0,2,2,28
05/16/2004,IPT,PA,AEA,EN,Federal Contract Tower,0,10,15,0,25,0,0,29,1,30,0,10,44,1,55,30,0,30,85
05/17/2004,IPT,PA,AEA,EN,Federal Contract Tower,0,18,11,0,29,0,0,31,2,33,0,18,42,2,62,26,0,26,88
05/18/2004,IPT,PA,AEA,EN,Federal Contract Tower,0,21,9,0,30,0,0,11,0,11,0,21,20,0,41,0,0,0,41
05/19/2004,IPT,PA,AEA,EN,Federal Contract Tower,0,19,16,0,35,0,0,27,0,27,0,19,43,0,62,70,0,70,132
05/20/2004,IPT,PA,AEA,EN,Federal Contract Tower,0,21,18,0,39,0,3,9,0,12,0,24,27,0,51,16,0,16,67
05/21/2004,IPT,PA,AEA,EN,Federal Contract Tower,0,26,9,0,35,0,0,26,0,26,0,26,35,0,61,10,0,10,71
05/22/2004,IPT,PA,AEA,EN,Federal Contract Tower,0,12,10,0,22,0,0,14,0,14,0,12,24,0,36,0,0,0,36
05/23/2004,IPT,PA,AEA,EN,Federal Contract Tower,0,10,15,0,25,0,0,16,0,16,0,10,31,0,41,26,0,26,67
05/24/2004,IPT,PA,AEA,EN,Federal Contract Tower,0,18,18,0,36,0,0,23,0,23,0,18,41,0,59,0,0,0,59
05/25/2004,IPT,PA,AEA,EN,Federal Contract Tower,0,28,7,0,35,0,0,44,0,44,0,28,51,0,79,34,0,34,113
05/26/2004,IPT,PA,AEA,EN,Federal Contract Tower,0,17,15,0,32,0,0,14,0,14,0,17,29,0,46,26,0,26,72
05/27/2004,IPT,PA,AEA,EN,Federal Contract Tower,0,24,19,0,43,0,1,34,0,35,0,25,53,0,78,12,0,12,90
05/28/2004,IPT,PA,AEA,EN,Federal Contract Tower,0,21,13,0,34,0,0,23,0,23,0,21,36,0,57,10,0,10,67
05/29/2004,IPT,PA,AEA,EN,Federal Contract Tower,0,10,7,0,17,0,1,63,0,64,0,11,70,0,81,48,0,48,129
05/30/2004,IPT,PA,AEA,EN,Federal Contract Tower,0,8,14,0,22,0,0,60,0,60,0,8,74,0,82,76,0,76,158
05/31/2004,IPT,PA,AEA,EN,Federal Contract Tower,0,11,8,0,19,0,0,0,0,0,0,11,8,0,19,0,0,0,19
06/01/2004,IPT,PA,AEA,EN,Federal Contract Tower,0,20,5,0,25,0,1,9,0,10,0,21,14,0,35,30,0,30,65
06/02/2004,IPT,PA,AEA,EN,Federal Contract Tower,0,17,15,0,32,0,1,18,2,21,0,18,33,2,53,2,0,2,55
06/03/2004,IPT,PA,AEA,EN,Federal Contract Tower,0,19,20,0,39,0,1,53,0,54,0,20,73,0,93,24,0,24,117
06/04/2004,IPT,PA,AEA,EN,Federal Contract Tower,0,23,8,0,31,0,1,91,0,92,0,24,99,0,123,30,0,30,153
06/05/2004,IPT,PA,AEA,EN,Federal Contract Tower,0,11,2,0,13,0,1,3,0,4,0,12,5,0,17,0,0,0,17
06/06/2004,IPT,PA,AEA,EN,Federal Contract Tower,0,20,8,0,28,0,0,20,0,20,0,20,28,0,48,14,0,14,62
06/07/2004,IPT,PA,AEA,EN,Federal Contract Tower,0,20,14,0,34,0,0,35,0,35,0,20,49,0,69,58,0,58,127
06/08/2004,IPT,PA,AEA,EN,Federal Contract Tower,0,19,12,0,31,0,0,40,0,40,0,19,52,0,71,54,0,54,125
06/09/2004,IPT,PA,AEA,EN,Federal Contract Tower,0,22,13,3,38,0,0,34,1,35,0,22,47,4,73,8,0,8,81
06/10/2004,IPT,PA,AEA,EN,Federal Contract Tower,0,20,17,0,37,0,0,10,0,10,0,20,27,0,47,34,0,34,81
06/11/2004,IPT,PA,AEA,EN,Federal Contract Tower,0,25,15,0,40,0,1,36,0,37,0,26,51,0,77,56,0,56,133
06/12/2004,IPT,PA,AEA,EN,Federal Contract Tower,0,15,8,0,23,0,0,59,0,59,0,15,67,0,82,50,0,50,132
06/13/2004,IPT,PA,AEA,EN,Federal Contract Tower,0,17,12,0,29,0,0,19,0,19,0,17,31,0,48,18,0,18,66
06/14/2004,IPT,PA,AEA,EN,Federal Contract Tower,0,21,14,0,35,0,0,19,0,19,0,21,33,0,54,40,0,40,94
06/15/2004,IPT,PA,AEA,EN,Federal Contract Tower,0,19,19,0,38,0,2,33,0,35,0,21,52,0,73,96,0,96,169
06/16/2004,IPT,PA,AEA,EN,Federal Contract Tower,0,23,14,0,37,0,1,41,2,44,0,24,55,2,81,78,0,78,159
06/17/2004,IPT,PA,AEA,EN,Federal Contract Tower,0,20,16,0,36,0,0,15,0,15,0,20,31,0,51,26,0,26,77
06/18/2004,IPT,PA,AEA,EN,Federal Contract Tower,0,22,12,0,34,0,3,35,0,38,0,25,47,0,72,0,0,0,72
06/19/2004,IPT,PA,AEA,EN,Federal Contract Tower,0,11,4,0,15,0,0,68,0,68,0,11,72,0,83,22,0,22,105
06/20/2004,IPT,PA,AEA,EN,Federal Contract Tower,0,14,7,0,21,0,0,60,0,60,0,14,67,0,81,2,0,2,83
06/21/2004,IPT,PA,AEA,EN,Federal Contract Tower,0,21,6,0,27,0,3,74,0,77,0,24,80,0,104,10,0,10,114
06/22/2004,IPT,PA,AEA,EN,Federal Contract Tower,0,20,15,0,35,0,0,5,0,5,0,20,20,0,40,8,0,8,48
06/23/2004,IPT,PA,AEA,EN,Federal Contract Tower,0,24,16,0,40,0,2,58,0,60,0,26,74,0,100,94,0,94,194
06/24/2004,IPT,PA,AEA,EN,Federal Contract Tower,0,23,16,2,41,0,1,43,2,46,0,24,59,4,87,60,0,60,147
06/25/2004,IPT,PA,AEA,EN,Federal Contract Tower,0,21,9,2,32,0,1,26,0,27,0,22,35,2,59,48,0,48,107
06/26/2004,IPT,PA,AEA,EN,Federal Contract Tower,0,15,11,0,26,0,0,30,0,30,0,15,41,0,56,24,0,24,80
06/27/2004,IPT,PA,AEA,EN,Federal Contract Tower,0,14,12,0,26,0,0,66,0,66,0,14,78,0,92,92,0,92,184
06/28/2004,IPT,PA,AEA,EN,Federal Contract Tower,0,25,14,0,39,0,0,22,0,22,0,25,36,0,61,40,0,40,101
06/29/2004,IPT,PA,AEA,EN,Federal Contract Tower,0,20,9,0,29,0,2,31,0,33,0,22,40,0,62,22,0,22,84
06/30/2004,IPT,PA,AEA,EN,Federal Contract Tower,0,20,8,0,28,0,1,54,0,55,0,21,62,0,83,74,0,74,157
07/01/2004,IPT,PA,AEA,EN,Federal Contract Tower,0,18,9,1,28,0,1,18,2,21,0,19,27,3,49,90,0,90,139
07/02/2004,IPT,PA,AEA,EN,Federal Contract Tower,0,16,2,0,18,0,1,33,0,34,0,17,35,0,52,22,0,22,74
07/03/2004,IPT,PA,AEA,EN,Federal Contract Tower,0,12,5,0,17,0,0,49,0,49,0,12,54,0,66,52,0,52,118
07/04/2004,IPT,PA,AEA,EN,Federal Contract Tower,0,8,4,0,12,0,0,4,0,4,0,8,8,0,16,0,0,0,16
07/05/2004,IPT,PA,AEA,EN,Federal Contract Tower,0,12,4,0,16,0,0,19,0,19,0,12,23,0,35,20,0,20,55
07/06/2004,IPT,PA,AEA,EN,Federal Contract Tower,0,18,13,0,31,0,2,36,2,40,0,20,49,2,71,26,0,26,97
07/07/2004,IPT,PA,AEA,EN,Federal Contract Tower,0,16,9,0,25,0,1,15,0,16,0,17,24,0,41,26,0,26,67
07/08/2004,IPT,PA,AEA,EN,Federal Contract Tower,0,21,8,0,29,0,0,29,0,29,0,21,37,0,58,12,0,12,70
07/09/2004,IPT,PA,AEA,EN,Federal Contract Tower,0,22,12,0,34,0,0,40,0,40,0,22,52,0,74,34,0,34,108
07/10/2004,IPT,PA,AEA,EN,Federal Contract Tower,0,13,9,0,22,0,0,41,0,41,0,13,50,0,63,20,0,20,83
07/11/2004,IPT,PA,AEA,EN,Federal Contract Tower,0,14,7,1,22,0,0,30,5,35,0,14,37,6,57,24,0,24,81
07/12/2004,IPT,PA,AEA,EN,Federal Contract Tower,0,17,11,0,28,0,0,7,0,7,0,17,18,0,35,30,0,30,65
07/13/2004,IPT,PA,AEA,EN,Federal Contract Tower,0,22,17,0,39,0,0,12,0,12,0,22,29,0,51,6,0,6,57
07/14/2004,IPT,PA,AEA,EN,Federal Contract Tower,0,21,13,0,34,0,0,2,0,2,0,21,15,0,36,0,0,0,36
07/15/2004,IPT,PA,AEA,EN,Federal Contract Tower,0,23,7,1,31,0,0,25,2,27,0,23,32,3,58,14,0,14,72
07/16/2004,IPT,PA,AEA,EN,Federal Contract Tower,0,20,12,2,34,0,0,6,2,8,0,20,18,4,42,0,0,0,42
07/17/2004,IPT,PA,AEA,EN,Federal Contract Tower,0,13,10,0,23,0,0,42,0,42,0,13,52,0,65,10,0,10,75
07/18/2004,IPT,PA,AEA,EN,Federal Contract Tower,0,14,2,0,16,0,0,6,0,6,0,14,8,0,22,8,0,8,30
07/19/2004,IPT,PA,AEA,EN,Federal Contract Tower,0,22,5,0,27,0,0,15,0,15,0,22,20,0,42,22,0,22,64
07/20/2004,IPT,PA,AEA,EN,Federal Contract Tower,0,26,17,0,43,0,2,31,2,35,0,28,48,2,78,26,0,26,104
07/21/2004,IPT,PA,AEA,EN,Federal Contract Tower,0,19,16,0,35,0,0,35,0,35,0,19,51,0,70,58,0,58,128
07/22/2004,IPT,PA,AEA,EN,Federal Contract Tower,0,20,8,0,28,0,0,4,0,4,0,20,12,0,32,0,0,0,32
07/23/2004,IPT,PA,AEA,EN,Federal Contract Tower,0,19,12,0,31,0,0,4,2,6,0,19,16,2,37,0,0,0,37
07/24/2004,IPT,PA,AEA,EN,Federal Contract Tower,0,10,6,0,16,0,2,27,0,29,0,12,33,0,45,10,0,10,55
07/25/2004,IPT,PA,AEA,EN,Federal Contract Tower,0,16,19,0,35,0,0,40,0,40,0,16,59,0,75,40,0,40,115
07/26/2004,IPT,PA,AEA,EN,Federal Contract Tower,0,20,8,0,28,0,1,9,0,10,0,21,17,0,38,0,0,0,38
07/27/2004,IPT,PA,AEA,EN,Federal Contract Tower,0,21,9,0,30,0,0,0,0,0,0,21,9,0,30,0,0,0,30
07/28/2004,IPT,PA,AEA,EN,Federal Contract Tower,0,20,18,0,38,0,0,18,0,18,0,20,36,0,56,36,0,36,92
07/29/2004,IPT,PA,AEA,EN,Federal Contract Tower,0,20,27,0,47,0,0,40,0,40,0,20,67,0,87,34,0,34,121
07/30/2004,IPT,PA,AEA,EN,Federal Contract Tower,0,18,20,0,38,0,0,10,4,14,0,18,30,4,52,0,0,0,52
07/31/2004,IPT,PA,AEA,EN,Federal Contract Tower,0,12,7,0,19,0,0,6,0,6,0,12,13,0,25,2,0,2,27
08/01/2004,IPT,PA,AEA,EN,Federal Contract Tower,0,14,19,0,33,0,0,22,0,22,0,14,41,0,55,10,0,10,65
08/02/2004,IPT,PA,AEA,EN,Federal Contract Tower,0,17,15,0,32,0,0,27,0,27,0,17,42,0,59,32,0,32,91
08/03/2004,IPT,PA,AEA,EN,Federal Contract Tower,0,15,11,0,26,0,0,14,0,14,0,15,25,0,40,30,0,30,70
08/04/2004,IPT,PA,AEA,EN,Federal Contract Tower,0,26,11,0,37,0,0,17,2,19,0,26,28,2,56,6,0,6,62
08/05/2004,IPT,PA,AEA,EN,Federal Contract Tower,0,17,16,0,33,0,2,27,0,29,0,19,43,0,62,6,0,6,68
08/06/2004,IPT,PA,AEA,EN,Federal Contract Tower,0,17,16,0,33,0,1,41,0,42,0,18,57,0,75,36,0,36,111
08/07/2004,IPT,PA,AEA,EN,Federal Contract Tower,0,12,17,0,29,0,0,44,0,44,0,12,61,0,73,18,0,18,91
08/08/2004,IPT,PA,AEA,EN,Federal Contract Tower,0,16,9,0,25,0,0,70,0,70,0,16,79,0,95,36,0,36,131
08/09/2004,IPT,PA,AEA,EN,Federal Contract Tower,0,18,4,0,22,0,1,38,0,39,0,19,42,0,61,70,0,70,131
08/10/2004,IPT,PA,AEA,EN,Federal Contract Tower,0,25,10,0,35,0,0,11,0,11,0,25,21,0,46,12,0,12,58
08/11/2004,IPT,PA,AEA,EN,Federal Contract Tower,0,25,9,0,34,0,3,11,0,14,0,28,20,0,48,34,0,34,82
08/12/2004,IPT,PA,AEA,EN,Federal Contract Tower,0,18,13,0,31,0,1,7,0,8,0,19,20,0,39,8,0,8,47
08/13/2004,IPT,PA,AEA,EN,Federal Contract Tower,0,25,12,0,37,0,0,13,0,13,0,25,25,0,50,0,0,0,50
08/14/2004,IPT,PA,AEA,EN,Federal Contract Tower,0,15,7,0,22,0,0,31,0,31,0,15,38,0,53,4,0,4,57
08/15/2004,IPT,PA,AEA,EN,Federal Contract Tower,0,14,12,0,26,0,0,20,0,20,0,14,32,0,46,4,0,4,50
08/16/2004,IPT,PA,AEA,EN,Federal Contract Tower,0,20,14,0,34,0,0,32,0,32,0,20,46,0,66,24,0,24,90
08/17/2004,IPT,PA,AEA,EN,Federal Contract Tower,0,29,9,0,38,0,0,32,0,32,0,29,41,0,70,26,0,26,96
08/18/2004,IPT,PA,AEA,EN,Federal Contract Tower,0,23,22,0,45,0,0,9,0,9,0,23,31,0,54,2,0,2,56
08/19/2004,IPT,PA,AEA,EN,Federal Contract Tower,0,23,11,0,34,0,0,16,0,16,0,23,27,0,50,42,0,42,92
08/20/2004,IPT,PA,AEA,EN,Federal Contract Tower,0,21,16,0,37,0,0,21,0,21,0,21,37,0,58,18,0,18,76
08/21/2004,IPT,PA,AEA,EN,Federal Contract Tower,0,12,11,0,23,0,0,9,0,9,0,12,20,0,32,0,0,0,32
08/22/2004,IPT,PA,AEA,EN,Federal Contract Tower,0,17,11,4,32,0,0,61,0,61,0,17,72,4,93,52,0,52,145
08/23/2004,IPT,PA,AEA,EN,Federal Contract Tower,0,19,7,0,26,0,2,58,0,60,0,21,65,0,86,18,0,18,104
08/24/2004,IPT,PA,AEA,EN,Federal Contract Tower,0,22,17,0,39,0,0,61,0,61,0,22,78,0,100,12,0,12,112
08/25/2004,IPT,PA,AEA,EN,Federal Contract Tower,0,26,16,2,44,0,0,25,0,25,0,26,41,2,69,24,0,24,93
08/26/2004,IPT,PA,AEA,EN,Federal Contract Tower,0,23,16,0,39,0,0,30,0,30,0,23,46,0,69,20,0,20,89
08/27/2004,IPT,PA,AEA,EN,Federal Contract Tower,0,24,20,0,44,0,0,18,2,20,0,24,38,2,64,12,0,12,76
08/28/2004,IPT,PA,AEA,EN,Federal Contract Tower,0,14,8,0,22,0,0,42,0,42,0,14,50,0,64,28,0,28,92
08/29/2004,IPT,PA,AEA,EN,Federal Contract Tower,0,13,14,0,27,0,0,21,0,21,0,13,35,0,48,4,0,4,52
08/30/2004,IPT,PA,AEA,EN,Federal Contract Tower,0,23,17,0,40,0,1,8,0,9,0,24,25,0,49,12,0,12,61
08/31/2004,IPT,PA,AEA,EN,Federal Contract Tower,0,20,15,0,35,0,2,42,0,44,0,22,57,0,79,50,0,50,129
09/01/2004,IPT,PA,AEA,EN,Federal Contract Tower,0,22,17,0,39,0,1,54,2,57,0,23,71,2,96,18,0,18,114
09/02/2004,IPT,PA,AEA,EN,Federal Contract Tower,0,24,8,0,32,0,0,59,0,59,0,24,67,0,91,4,0,4,95
09/03/2004,IPT,PA,AEA,EN,Federal Contract Tower,0,23,19,0,42,0,0,32,2,34,0,23,51,2,76,10,0,10,86
09/04/2004,IPT,PA,AEA,EN,Federal Contract Tower,0,9,11,0,20,0,0,34,0,34,0,9,45,0,54,28,0,28,82
09/05/2004,IPT,PA,AEA,EN,Federal Contract Tower,0,10,9,0,19,0,0,13,0,13,0,10,22,0,32,0,0,0,32
09/06/2004,IPT,PA,AEA,EN,Federal Contract Tower,0,11,7,0,18,0,0,31,0,31,0,11,38,0,49,16,0,16,65
09/07/2004,IPT,PA,AEA,EN,Federal Contract Tower,0,25,16,0,41,0,0,9,0,9,0,25,25,0,50,0,0,0,50
09/08/2004,IPT,PA,AEA,EN,Federal Contract Tower,0,21,5,0,26,0,0,2,0,2,0,21,7,0,28,0,0,0,28
09/09/2004,IPT,PA,AEA,EN,Federal Contract Tower,0,21,16,0,37,0,0,6,0,6,0,21,22,0,43,0,0,0,43
09/10/2004,IPT,PA,AEA,EN,Federal Contract Tower,0,25,5,0,30,0,1,37,0,38,0,26,42,0,68,12,0,12,80
09/11/2004,IPT,PA,AEA,EN,Federal Contract Tower,0,15,12,0,27,0,0,35,0,35,0,15,47,0,62,32,0,32,94
09/12/2004,IPT,PA,AEA,EN,Federal Contract Tower,0,13,10,0,23,0,0,36,0,36,0,13,46,0,59,8,0,8,67
09/13/2004,IPT,PA,AEA,EN,Federal Contract Tower,0,20,10,0,30,0,0,23,0,23,0,20,33,0,53,4,0,4,57
09/14/2004,IPT,PA,AEA,EN,Federal Contract Tower,0,22,9,0,31,0,1,30,0,31,0,23,39,0,62,54,0,54,116
09/15/2004,IPT,PA,AEA,EN,Federal Contract Tower,0,16,8,0,24,0,2,15,3,20,0,18,23,3,44,12,0,12,56
09/16/2004,IPT,PA,AEA,EN,Federal Contract Tower,0,21,17,0,38,0,0,10,0,10,0,21,27,0,48,14,0,14,62
09/17/2004,IPT,PA,AEA,EN,Federal Contract Tower,0,21,9,0,30,0,0,0,0,0,0,21,9,0,30,0,0,0,30
09/18/2004,IPT,PA,AEA,EN,Federal Contract Tower,0,12,1,0,13,0,0,17,0,17,0,12,18,0,30,0,0,0,30
09/19/2004,IPT,PA,AEA,EN,Federal Contract Tower,0,12,4,0,16,0,3,54,0,57,0,15,58,0,73,12,0,12,85
09/20/2004,IPT,PA,AEA,EN,Federal Contract Tower,0,16,10,0,26,0,3,36,0,39,0,19,46,0,65,6,0,6,71
09/21/2004,IPT,PA,AEA,EN,Federal Contract Tower,0,25,9,0,34,0,2,35,0,37,0,27,44,0,71,8,0,8,79
09/22/2004,IPT,PA,AEA,EN,Federal Contract Tower,0,19,5,0,24,0,2,54,0,56,0,21,59,0,80,96,0,96,176
09/23/2004,IPT,PA,AEA,EN,Federal Contract Tower,0,21,11,2,34,0,2,61,0,63,0,23,72,2,97,28,12,40,137
09/24/2004,IPT,PA,AEA,EN,Federal Contract Tower,0,23,16,0,39,0,1,47,0,48,0,24,63,0,87,28,0,28,115
09/25/2004,IPT,PA,AEA,EN,Federal Contract Tower,0,13,4,0,17,0,0,16,0,16,0,13,20,0,33,2,0,2,35
09/26/2004,IPT,PA,AEA,EN,Federal Contract Tower,0,12,12,0,24,0,0,50,0,50,0,12,62,0,74,24,0,24,98
09/27/2004,IPT,PA,AEA,EN,Federal Contract Tower,0,17,14,0,31,0,0,18,0,18,0,17,32,0,49,2,0,2,51
09/28/2004,IPT,PA,AEA,EN,Federal Contract Tower,0,16,7,0,23,0,0,1,0,1,0,16,8,0,24,0,0,0,24
09/29/2004,IPT,PA,AEA,EN,Federal Contract Tower,0,22,11,0,33,0,0,16,0,16,0,22,27,0,49,16,0,16,65
09/30/2004,IPT,PA,AEA,EN,Federal Contract Tower,0,22,13,0,35,0,0,30,0,30,0,22,43,0,65,50,0,50,115
10/01/2004,IPT,PA,AEA,EN,Federal Contract Tower,0,26,10,0,36,0,0,38,0,38,0,26,48,0,74,62,0,62,136
10/02/2004,IPT,PA,AEA,EN,Federal Contract Tower,0,16,4,0,20,0,0,4,0,4,0,16,8,0,24,6,0,6,30
10/03/2004,IPT,PA,AEA,EN,Federal Contract Tower,0,15,12,0,27,0,0,60,0,60,0,15,72,0,87,62,0,62,149
10/04/2004,IPT,PA,AEA,EN,Federal Contract Tower,0,17,2,0,19,0,0,31,0,31,0,17,33,0,50,48,0,48,98
10/05/2004,IPT,PA,AEA,EN,Federal Contract Tower,0,20,10,0,30,0,1,40,0,41,0,21,50,0,71,40,0,40,111
10/06/2004,IPT,PA,AEA,EN,Federal Contract Tower,0,17,10,0,27,0,0,41,0,41,0,17,51,0,68,10,0,10,78
10/07/2004,IPT,PA,AEA,EN,Federal Contract Tower,0,17,20,0,37,0,1,53,0,54,0,18,73,0,91,52,0,52,143
10/08/2004,IPT,PA,AEA,EN,Federal Contract Tower,0,16,12,0,28,0,0,44,0,44,0,16,56,0,72,24,0,24,96
10/09/2004,IPT,PA,AEA,EN,Federal Contract Tower,0,12,6,0,18,0,2,30,0,32,0,14,36,0,50,14,0,14,64
10/10/2004,IPT,PA,AEA,EN,Federal Contract Tower,0,13,17,0,30,0,0,25,0,25,0,13,42,0,55,0,0,0,55
10/11/2004,IPT,PA,AEA,EN,Federal Contract Tower,0,15,6,0,21,0,0,35,0,35,0,15,41,0,56,72,0,72,128
10/12/2004,IPT,PA,AEA,EN,Federal Contract Tower,0,20,7,0,27,0,3,35,0,38,0,23,42,0,65,42,0,42,107
10/13/2004,IPT,PA,AEA,EN,Federal Contract Tower,0,21,17,1,39,0,1,45,1,47,0,22,62,2,86,30,2,32,118
10/14/2004,IPT,PA,AEA,EN,Federal Contract Tower,0,22,26,0,48,0,4,4,0,8,0,26,30,0,56,54,0,54,110
10/15/2004,IPT,PA,AEA,EN,Federal Contract Tower,0,19,5,0,24,0,0,0,0,0,0,19,5,0,24,0,0,0,24
10/16/2004,IPT,PA,AEA,EN,Federal Contract Tower,0,14,5,0,19,0,2,11,0,13,0,16,16,0,32,12,0,12,44
10/17/2004,IPT,PA,AEA,EN,Federal Contract Tower,0,12,8,0,20,0,0,35,0,35,0,12,43,0,55,80,0,80,135
10/18/2004,IPT,PA,AEA,EN,Federal Contract Tower,0,16,8,0,24,0,2,35,0,37,0,18,43,0,61,46,0,46,107
10/19/2004,IPT,PA,AEA,EN,Federal Contract Tower,0,23,8,0,31,0,0,0,0,0,0,23,8,0,31,0,0,0,31
10/20/2004,IPT,PA,AEA,EN,Federal Contract Tower,0,29,17,0,46,0,0,0,0,0,0,29,17,0,46,0,0,0,46
10/21/2004,IPT,PA,AEA,EN,Federal Contract Tower,0,23,18,0,41,0,0,0,0,0,0,23,18,0,41,0,0,0,41
10/22/2004,IPT,PA,AEA,EN,Federal Contract Tower,0,19,11,0,30,0,0,21,1,22,0,19,32,1,52,86,0,86,138
10/23/2004,IPT,PA,AEA,EN,Federal Contract Tower,0,14,9,0,23,0,0,60,0,60,0,14,69,0,83,68,0,68,151
10/24/2004,IPT,PA,AEA,EN,Federal Contract Tower,0,11,14,0,25,0,0,9,0,9,0,11,23,0,34,10,0,10,44
10/25/2004,IPT,PA,AEA,EN,Federal Contract Tower,0,15,12,0,27,0,1,8,0,9,0,16,20,0,36,34,0,34,70
10/26/2004,IPT,PA,AEA,EN,Federal Contract Tower,0,20,11,0,31,0,0,26,0,26,0,20,37,0,57,72,0,72,129
10/27/2004,IPT,PA,AEA,EN,Federal Contract Tower,0,21,12,0,33,0,0,68,0,68,0,21,80,0,101,42,0,42,143
10/28/2004,IPT,PA,AEA,EN,Federal Contract Tower,0,20,15,3,38,0,0,66,0,66,0,20,81,3,104,72,0,72,176
10/29/2004,IPT,PA,AEA,EN,Federal Contract Tower,0,22,22,1,45,0,0,7,0,7,0,22,29,1,52,0,0,0,52
10/30/2004,IPT,PA,AEA,EN,Federal Contract Tower,0,9,9,2,20,0,0,3,0,3,0,9,12,2,23,0,0,0,23
10/31/2004,IPT,PA,AEA,EN,Federal Contract Tower,0,11,12,2,25,0,0,29,0,29,0,11,41,2,54,0,0,0,54
11/01/2004,IPT,PA,AEA,EN,Federal Contract Tower,0,20,10,0,30,0,1,29,0,30,0,21,39,0,60,22,0,22,82
11/02/2004,IPT,PA,AEA,EN,Federal Contract Tower,0,19,9,0,28,0,1,17,0,18,0,20,26,0,46,2,0,2,48
11/03/2004,IPT,PA,AEA,EN,Federal Contract Tower,0,22,8,2,32,0,4,33,0,37,0,26,41,2,69,60,0,60,129
11/04/2004,IPT,PA,AEA,EN,Federal Contract Tower,0,25,10,0,35,0,1,9,0,10,0,26,19,0,45,2,0,2,47
11/05/2004,IPT,PA,AEA,EN,Federal Contract Tower,0,17,7,0,24,0,1,7,0,8,0,18,14,0,32,0,0,0,32
11/06/2004,IPT,PA,AEA,EN,Federal Contract Tower,0,12,12,0,24,0,0,45,0,45,0,12,57,0,69,20,0,20,89
11/07/2004,IPT,PA,AEA,EN,Federal Contract Tower,0,8,14,0,22,0,0,62,0,62,0,8,76,0,84,48,0,48,132
11/08/2004,IPT,PA,AEA,EN,Federal Contract Tower,0,14,8,0,22,0,1,12,2,15,0,15,20,2,37,0,0,0,37
11/09/2004,IPT,PA,AEA,EN,Federal Contract Tower,0,17,12,1,30,0,1,26,4,31,0,18,38,5,61,12,0,12,73
11/10/2004,IPT,PA,AEA,EN,Federal Contract Tower,0,18,15,2,35,0,1,56,2,59,0,19,71,4,94,24,0,24,118
11/11/2004,IPT,PA,AEA,EN,Federal Contract Tower,0,17,10,0,27,0,0,35,0,35,0,17,45,0,62,22,0,22,84
11/12/2004,IPT,PA,AEA,EN,Federal Contract Tower,0,20,4,0,24,0,0,1,0,1,0,20,5,0,25,0,0,0,25
11/13/2004,IPT,PA,AEA,EN,Federal Contract Tower,0,10,20,0,30,0,0,41,0,41,0,10,61,0,71,18,0,18,89
11/14/2004,IPT,PA,AEA,EN,Federal Contract Tower,0,4,12,0,16,0,0,60,0,60,0,4,72,0,76,62,0,62,138
11/15/2004,IPT,PA,AEA,EN,Federal Contract Tower,0,15,13,2,30,0,3,47,0,50,0,18,60,2,80,84,0,84,164
11/16/2004,IPT,PA,AEA,EN,Federal Contract Tower,0,15,10,0,25,0,1,66,0,67,0,16,76,0,92,78,0,78,170
11/17/2004,IPT,PA,AEA,EN,Federal Contract Tower,0,18,15,0,33,0,1,33,0,34,0,19,48,0,67,34,0,34,101
11/18/2004,IPT,PA,AEA,EN,Federal Contract Tower,0,15,14,0,29,0,0,9,0,9,0,15,23,0,38,14,0,14,52
11/19/2004,IPT,PA,AEA,EN,Federal Contract Tower,0,14,16,0,30,0,0,28,0,28,0,14,44,0,58,46,0,46,104
11/20/2004,IPT,PA,AEA,EN,Federal Contract Tower,0,10,8,0,18,0,0,0,0,0,0,10,8,0,18,0,0,0,18
11/21/2004,IPT,PA,AEA,EN,Federal Contract Tower,0,7,8,0,15,0,0,38,0,38,0,7,46,0,53,44,0,44,97
11/22/2004,IPT,PA,AEA,EN,Federal Contract Tower,0,22,9,0,31,0,1,36,0,37,0,23,45,0,68,20,0,20,88
11/23/2004,IPT,PA,AEA,EN,Federal Contract Tower,0,17,14,0,31,0,0,4,0,4,0,17,18,0,35,0,0,0,35
11/24/2004,IPT,PA,AEA,EN,Federal Contract Tower,0,14,7,0,21,0,0,0,0,0,0,14,7,0,21,0,0,0,21
11/25/2004,IPT,PA,AEA,EN,Federal Contract Tower,0,8,4,0,12,0,0,1,0,1,0,8,5,0,13,0,0,0,13
11/26/2004,IPT,PA,AEA,EN,Federal Contract Tower,0,13,9,0,22,0,1,39,0,40,0,14,48,0,62,20,0,20,82
11/27/2004,IPT,PA,AEA,EN,Federal Contract Tower,0,10,7,0,17,0,0,34,0,34,0,10,41,0,51,32,0,32,83
11/28/2004,IPT,PA,AEA,EN,Federal Contract Tower,0,8,8,0,16,0,2,0,0,2,0,10,8,0,18,0,0,0,18
11/29/2004,IPT,PA,AEA,EN,Federal Contract Tower,0,12,10,0,22,0,2,52,0,54,0,14,62,0,76,8,0,8,84
11/30/2004,IPT,PA,AEA,EN,Federal Contract Tower,0,15,7,0,22,0,1,35,0,36,0,16,42,0,58,12,0,12,70
12/01/2004,IPT,PA,AEA,EN,Federal Contract Tower,0,12,6,0,18,0,0,1,0,1,0,12,7,0,19,0,0,0,19
12/02/2004,IPT,PA,AEA,EN,Federal Contract Tower,0,13,16,0,29,0,2,28,0,30,0,15,44,0,59,2,0,2,61
12/03/2004,IPT,PA,AEA,EN,Federal Contract Tower,0,14,8,0,22,0,0,15,0,15,0,14,23,0,37,14,0,14,51
12/04/2004,IPT,PA,AEA,EN,Federal Contract Tower,0,10,8,0,18,0,0,30,0,30,0,10,38,0,48,14,0,14,62
12/05/2004,IPT,PA,AEA,EN,Federal Contract Tower,0,8,7,0,15,0,2,54,0,56,0,10,61,0,71,32,0,32,103
12/06/2004,IPT,PA,AEA,EN,Federal Contract Tower,0,15,1,0,16,0,0,0,0,0,0,15,1,0,16,0,0,0,16
12/07/2004,IPT,PA,AEA,EN,Federal Contract Tower,0,9,8,0,17,0,0,0,0,0,0,9,8,0,17,0,0,0,17
12/08/2004,IPT,PA,AEA,EN,Federal Contract Tower,0,14,22,0,36,0,1,18,0,19,0,15,40,0,55,18,0,18,73
12/09/2004,IPT,PA,AEA,EN,Federal Contract Tower,0,14,29,0,43,0,1,15,0,16,0,15,44,0,59,0,0,0,59
12/10/2004,IPT,PA,AEA,EN,Federal Contract Tower,0,12,11,0,23,0,0,0,0,0,0,12,11,0,23,0,0,0,23
12/11/2004,IPT,PA,AEA,EN,Federal Contract Tower,0,10,2,0,12,0,0,3,4,7,0,10,5,4,19,0,0,0,19
12/12/2004,IPT,PA,AEA,EN,Federal Contract Tower,0,6,9,0,15,0,0,11,4,15,0,6,20,4,30,10,0,10,40
12/13/2004,IPT,PA,AEA,EN,Federal Contract Tower,0,15,6,0,21,0,0,11,0,11,0,15,17,0,32,14,0,14,46
12/14/2004,IPT,PA,AEA,EN,Federal Contract Tower,0,17,11,0,28,0,0,20,0,20,0,17,31,0,48,26,0,26,74
12/15/2004,IPT,PA,AEA,EN,Federal Contract Tower,0,12,16,1,29,0,3,28,1,32,0,15,44,2,61,16,0,16,77
12/16/2004,IPT,PA,AEA,EN,Federal Contract Tower,0,14,18,0,32,0,0,49,0,49,0,14,67,0,81,10,0,10,91
12/17/2004,IPT,PA,AEA,EN,Federal Contract Tower,0,14,6,0,20,0,1,17,0,18,0,15,23,0,38,0,0,0,38
12/18/2004,IPT,PA,AEA,EN,Federal Contract Tower,0,10,4,0,14,0,0,50,0,50,0,10,54,0,64,20,0,20,84
12/19/2004,IPT,PA,AEA,EN,Federal Contract Tower,0,5,4,0,9,0,0,9,0,9,0,5,13,0,18,0,0,0,18
12/20/2004,IPT,PA,AEA,EN,Federal Contract Tower,0,13,8,3,24,0,1,8,1,10,0,14,16,4,34,10,0,10,44
12/21/2004,IPT,PA,AEA,EN,Federal Contract Tower,0,16,7,0,23,0,0,14,2,16,0,16,21,2,39,4,0,4,43
12/22/2004,IPT,PA,AEA,EN,Federal Contract Tower,0,19,6,0,25,0,1,23,0,24,0,20,29,0,49,24,0,24,73
12/23/2004,IPT,PA,AEA,EN,Federal Contract Tower,0,12,0,0,12,0,0,0,0,0,0,12,0,0,12,0,0,0,12
12/24/2004,IPT,PA,AEA,EN,Federal Contract Tower,0,14,3,0,17,0,2,11,0,13,0,16,14,0,30,0,0,0,30
12/25/2004,IPT,PA,AEA,EN,Federal Contract Tower,0,8,1,0,9,0,0,0,0,0,0,8,1,0,9,0,0,0,9
12/26/2004,IPT,PA,AEA,EN,Federal Contract Tower,0,6,4,0,10,0,0,16,0,16,0,6,20,0,26,24,0,24,50
12/27/2004,IPT,PA,AEA,EN,Federal Contract Tower,0,14,3,0,17,0,0,21,0,21,0,14,24,0,38,4,0,4,42
12/28/2004,IPT,PA,AEA,EN,Federal Contract Tower,0,14,10,0,24,0,0,33,0,33,0,14,43,0,57,6,0,6,63
12/29/2004,IPT,PA,AEA,EN,Federal Contract Tower,0,16,10,0,26,0,0,10,0,10,0,16,20,0,36,20,0,20,56
12/30/2004,IPT,PA,AEA,EN,Federal Contract Tower,0,16,6,0,22,0,0,14,0,14,0,16,20,0,36,16,0,16,52
12/31/2004,IPT,PA,AEA,EN,Federal Contract Tower,0,12,6,0,18,0,0,5,0,5,0,12,11,0,23,6,0,6,29
01/01/2005,IPT,PA,AEA,EN,Federal Contract Tower,0,6,9,0,15,0,0,27,0,27,0,6,36,0,42,12,0,12,54
01/02/2005,IPT,PA,AEA,EN,Federal Contract Tower,0,5,9,0,14,0,4,8,0,12,0,9,17,0,26,8,0,8,34
01/03/2005,IPT,PA,AEA,EN,Federal Contract Tower,0,15,8,0,23,0,0,0,0,0,0,15,8,0,23,0,0,0,23
01/04/2005,IPT,PA,AEA,EN,Federal Contract Tower,0,19,10,0,29,0,2,19,0,21,0,21,29,0,50,66,0,66,116
01/05/2005,IPT,PA,AEA,EN,Federal Contract Tower,0,11,1,0,12,0,0,0,0,0,0,11,1,0,12,0,0,0,12
01/06/2005,IPT,PA,AEA,EN,Federal Contract Tower,0,15,2,0,17,0,0,0,0,0,0,15,2,0,17,0,0,0,17
01/07/2005,IPT,PA,AEA,EN,Federal Contract Tower,0,14,11,0,25,0,2,27,0,29,0,16,38,0,54,24,0,24,78
01/08/2005,IPT,PA,AEA,EN,Federal Contract Tower,0,12,1,0,13,0,0,0,0,0,0,12,1,0,13,0,0,0,13
01/09/2005,IPT,PA,AEA,EN,Federal Contract Tower,0,6,12,0,18,0,0,9,0,9,0,6,21,0,27,28,0,28,55
01/10/2005,IPT,PA,AEA,EN,Federal Contract Tower,0,16,9,0,25,0,2,9,0,11,0,18,18,0,36,10,0,10,46
01/11/2005,IPT,PA,AEA,EN,Federal Contract Tower,0,18,13,0,31,0,1,0,0,1,0,19,13,0,32,0,0,0,32
01/12/2005,IPT,PA,AEA,EN,Federal Contract Tower,0,20,18,0,38,0,0,1,0,1,0,20,19,0,39,8,0,8,47
01/13/2005,IPT,PA,AEA,EN,Federal Contract Tower,0,21,9,0,30,0,0,0,0,0,0,21,9,0,30,0,0,0,30
01/14/2005,IPT,PA,AEA,EN,Federal Contract Tower,0,16,15,0,31,0,0,15,0,15,0,16,30,0,46,28,0,28,74
01/15/2005,IPT,PA,AEA,EN,Federal Contract Tower,0,8,10,0,18,0,0,60,0,60,0,8,70,0,78,32,0,32,110
01/16/2005,IPT,PA,AEA,EN,Federal Contract Tower,0,6,6,0,12,0,0,10,18,28,0,6,16,18,40,20,0,20,60
01/17/2005,IPT,PA,AEA,EN,Federal Contract Tower,0,12,13,0,25,0,0,8,0,8,0,12,21,0,33,0,0,0,33
01/18/2005,IPT,PA,AEA,EN,Federal Contract Tower,0,16,18,0,34,0,2,10,0,12,0,18,28,0,46,0,0,0,46
01/19/2005,IPT,PA,AEA,EN,Federal Contract Tower,0,17,5,0,22,0,0,3,0,3,0,17,8,0,25,0,0,0,25
01/20/2005,IPT,PA,AEA,EN,Federal Contract Tower,0,17,11,0,28,0,2,18,0,20,0,19,29,0,48,0,0,0,48
01/21/2005,IPT,PA,AEA,EN,Federal Contract Tower,0,16,12,0,28,0,5,20,0,25,0,21,32,0,53,24,0,24,77
01/22/2005,IPT,PA,AEA,EN,Federal Contract Tower,0,4,0,0,4,0,0,0,0,0,0,4,0,0,4,0,0,0,4
01/23/2005,IPT,PA,AEA,EN,Federal Contract Tower,0,4,0,0,4,0,2,3,0,5,0,6,3,0,9,0,0,0,9
01/24/2005,IPT,PA,AEA,EN,Federal Contract Tower,0,9,11,0,20,0,2,0,0,2,0,11,11,0,22,0,0,0,22
01/25/2005,IPT,PA,AEA,EN,Federal Contract Tower,0,18,11,0,29,0,0,24,1,25,0,18,35,1,54,10,0,10,64
01/26/2005,IPT,PA,AEA,EN,Federal Contract Tower,0,17,10,0,27,0,0,7,1,8,0,17,17,1,35,0,0,0,35
01/27/2005,IPT,PA,AEA,EN,Federal Contract Tower,0,17,8,0,25,0,2,23,0,25,0,19,31,0,50,0,0,0,50
01/28/2005,IPT,PA,AEA,EN,Federal Contract Tower,0,13,12,0,25,0,3,51,0,54,0,16,63,0,79,30,0,30,109
01/29/2005,IPT,PA,AEA,EN,Federal Contract Tower,0,7,4,0,11,0,1,46,0,47,0,8,50,0,58,10,0,10,68
01/30/2005,IPT,PA,AEA,EN,Federal Contract Tower,0,6,1,0,7,0,0,17,0,17,0,6,18,0,24,10,0,10,34
01/31/2005,IPT,PA,AEA,EN,Federal Contract Tower,0,13,6,0,19,0,2,38,0,40,0,15,44,0,59,20,0,20,79
02/01/2005,IPT,PA,AEA,EN,Federal Contract Tower,0,12,15,0,27,0,4,40,0,44,0,16,55,0,71,22,0,22,93
02/02/2005,IPT,PA,AEA,EN,Federal Contract Tower,0,15,8,0,23,0,3,45,0,48,0,18,53,0,71,16,0,16,87
02/03/2005,IPT,PA,AEA,EN,Federal Contract Tower,0,14,14,0,28,0,2,16,2,20,0,16,30,2,48,0,0,0,48
02/04/2005,IPT,PA,AEA,EN,Federal Contract Tower,0,13,2,0,15,0,3,25,0,28,0,16,27,0,43,26,0,26,69
02/05/2005,IPT,PA,AEA,EN,Federal Contract Tower,0,8,7,0,15,0,0,50,0,50,0,8,57,0,65,2,0,2,67
02/06/2005,IPT,PA,AEA,EN,Federal Contract Tower,0,7,15,0,22,0,0,41,0,41,0,7,56,0,63,12,0,12,75
02/07/2005,IPT,PA,AEA,EN,Federal Contract Tower,0,15,4,0,19,0,2,47,2,51,0,17,51,2,70,46,0,46,116
02/08/2005,IPT,PA,AEA,EN,Federal Contract Tower,0,20,12,0,32,0,0,2,0,2,0,20,14,0,34,0,0,0,34
02/09/2005,IPT,PA,AEA,EN,Federal Contract Tower,0,15,5,0,20,0,0,6,0,6,0,15,11,0,26,6,0,6,32
02/10/2005,IPT,PA,AEA,EN,Federal Contract Tower,0,20,9,0,29,0,0,4,6,10,0,20,13,6,39,0,0,0,39
02/11/2005,IPT,PA,AEA,EN,Federal Contract Tower,0,17,4,0,21,0,3,33,0,36,0,20,37,0,57,22,0,22,79
02/12/2005,IPT,PA,AEA,EN,Federal Contract Tower,0,9,1,0,10,0,0,9,0,9,0,9,10,0,19,14,0,14,33
02/13/2005,IPT,PA,AEA,EN,Federal Contract Tower,0,9,7,0,16,0,0,68,0,68,0,9,75,0,84,52,0,52,136
02/14/2005,IPT,PA,AEA,EN,Federal Contract Tower,0,15,4,0,19,0,0,0,0,0,0,15,4,0,19,0,0,0,19
02/15/2005,IPT,PA,AEA,EN,Federal Contract Tower,0,16,22,0,38,0,3,32,0,35,0,19,54,0,73,26,0,26,99
02/16/2005,IPT,PA,AEA,EN,Federal Contract Tower,0,20,10,0,30,0,2,7,0,9,0,22,17,0,39,20,0,20,59
02/17/2005,IPT,PA,AEA,EN,Federal Contract Tower,0,22,19,0,41,0,0,22,2,24,0,22,41,2,65,34,0,34,99
02/18/2005,IPT,PA,AEA,EN,Federal Contract Tower,0,14,11,0,25,0,2,15,0,17,0,16,26,0,42,12,0,12,54
02/19/2005,IPT,PA,AEA,EN,Federal Contract Tower,0,12,8,0,20,0,0,31,0,31,0,12,39,0,51,48,0,48,99
02/20/2005,IPT,PA,AEA,EN,Federal Contract Tower,0,10,12,0,22,0,2,20,0,22,0,12,32,0,44,42,0,42,86
02/21/2005,IPT,PA,AEA,EN,Federal Contract Tower,0,13,1,0,14,0,0,0,0,0,0,13,1,0,14,0,0,0,14
02/22/2005,IPT,PA,AEA,EN,Federal Contract Tower,0,20,16,0,36,0,0,13,0,13,0,20,29,0,49,4,0,4,53
02/23/2005,IPT,PA,AEA,EN,Federal Contract Tower,0,15,9,0,24,0,2,23,0,25,0,17,32,0,49,16,0,16,65
02/24/2005,IPT,PA,AEA,EN,Federal Contract Tower,0,20,20,0,40,0,0,5,0,5,0,20,25,0,45,0,0,0,45
02/25/2005,IPT,PA,AEA,EN,Federal Contract Tower,0,15,13,0,28,0,4,11,0,15,0,19,24,0,43,6,2,8,51
02/26/2005,IPT,PA,AEA,EN,Federal Contract Tower,0,9,7,0,16,0,0,4,0,4,0,9,11,0,20,12,0,12,32
02/27/2005,IPT,PA,AEA,EN,Federal Contract Tower,0,8,19,0,27,0,0,58,0,58,0,8,77,0,85,34,0,34,119
02/28/2005,IPT,PA,AEA,EN,Federal Contract Tower,0,11,6,0,17,0,0,2,0,2,0,11,8,0,19,8,0,8,27
03/01/2005,IPT,PA,AEA,EN,Federal Contract Tower,0,18,3,0,21,0,0,0,0,0,0,18,3,0,21,2,0,2,23
03/02/2005,IPT,PA,AEA,EN,Federal Contract Tower,0,20,8,0,28,0,0,5,0,5,0,20,13,0,33,10,0,10,43
03/03/2005,IPT,PA,AEA,EN,Federal Contract Tower,0,20,12,0,32,0,2,10,2,14,0,22,22,2,46,8,0,8,54
03/04/2005,IPT,PA,AEA,EN,Federal Contract Tower,0,17,18,0,35,0,2,43,0,45,0,19,61,0,80,46,2,48,128
03/05/2005,IPT,PA,AEA,EN,Federal Contract Tower,0,9,2,0,11,0,2,45,0,47,0,11,47,0,58,30,0,30,88
03/06/2005,IPT,PA,AEA,EN,Federal Contract Tower,0,10,4,0,14,0,0,13,0,13,0,10,17,0,27,18,0,18,45
03/07/2005,IPT,PA,AEA,EN,Federal Contract Tower,0,16,10,0,26,0,1,6,0,7,0,17,16,0,33,0,0,0,33
03/08/2005,IPT,PA,AEA,EN,Federal Contract Tower,0,15,6,0,21,0,0,5,0,5,0,15,11,0,26,6,0,6,32
03/09/2005,IPT,PA,AEA,EN,Federal Contract Tower,0,20,15,0,35,0,2,23,4,29,0,22,38,4,64,14,2,16,80
03/10/2005,IPT,PA,AEA,EN,Federal Contract Tower,0,16,12,0,28,0,4,34,6,44,0,20,46,6,72,40,0,40,112
03/11/2005,IPT,PA,AEA,EN,Federal Contract Tower,0,19,4,2,25,0,0,1,0,1,0,19,5,2,26,0,0,0,26
03/12/2005,IPT,PA,AEA,EN,Federal Contract Tower,0,8,2,0,10,0,0,9,0,9,0,8,11,0,19,6,0,6,25
03/13/2005,IPT,PA,AEA,EN,Federal Contract Tower,0,8,10,4,22,0,1,36,0,37,0,9,46,4,59,50,0,50,109
03/14/2005,IPT,PA,AEA,EN,Federal Contract Tower,0,16,9,6,31,0,3,32,0,35,0,19,41,6,66,52,0,52,118
03/15/2005,IPT,PA,AEA,EN,Federal Contract Tower,0,18,12,0,30,0,0,30,0,30,0,18,42,0,60,18,0,18,78
03/16/2005,IPT,PA,AEA,EN,Federal Contract Tower,0,15,14,0,29,0,4,36,0,40,0,19,50,0,69,18,0,18,87
03/17/2005,IPT,PA,AEA,EN,Federal Contract Tower,0,20,6,0,26,0,7,40,0,47,0,27,46,0,73,16,0,16,89
03/18/2005,IPT,PA,AEA,EN,Federal Contract Tower,0,17,12,0,29,0,0,17,0,17,0,17,29,0,46,14,0,14,60
03/19/2005,IPT,PA,AEA,EN,Federal Contract Tower,0,8,8,0,16,0,0,65,0,65,0,8,73,0,81,70,0,70,151
03/20/2005,IPT,PA,AEA,EN,Federal Contract Tower,0,10,5,0,15,0,0,0,0,0,0,10,5,0,15,0,0,0,15
03/21/2005,IPT,PA,AEA,EN,Federal Contract Tower,0,15,12,0,27,0,0,11,0,11,0,15,23,0,38,0,0,0,38
03/22/2005,IPT,PA,AEA,EN,Federal Contract Tower,0,21,15,0,36,0,3,47,0,50,0,24,62,0,86,16,0,16,102
03/23/2005,IPT,PA,AEA,EN,Federal Contract Tower,0,16,5,0,21,0,0,1,0,1,0,16,6,0,22,2,0,2,24
03/24/2005,IPT,PA,AEA,EN,Federal Contract Tower,0,14,14,0,28,0,3,17,4,24,0,17,31,4,52,8,0,8,60
03/25/2005,IPT,PA,AEA,EN,Federal Contract Tower,0,15,7,0,22,0,1,5,0,6,0,16,12,0,28,6,0,6,34
03/26/2005,IPT,PA,AEA,EN,Federal Contract Tower,0,8,2,0,10,0,1,27,0,28,0,9,29,0,38,20,0,20,58
03/27/2005,IPT,PA,AEA,EN,Federal Contract Tower,0,8,6,0,14,0,0,0,0,0,0,8,6,0,14,0,0,0,14
03/28/2005,IPT,PA,AEA,EN,Federal Contract Tower,0,18,13,0,31,0,0,0,0,0,0,18,13,0,31,0,0,0,31
03/29/2005,IPT,PA,AEA,EN,Federal Contract Tower,0,19,14,2,35,0,3,40,4,47,0,22,54,6,82,46,0,46,128
03/30/2005,IPT,PA,AEA,EN,Federal Contract Tower,0,15,14,0,29,0,4,36,0,40,0,19,50,0,69,22,0,22,91
03/31/2005,IPT,PA,AEA,EN,Federal Contract Tower,0,15,7,0,22,0,5,28,0,33,0,20,35,0,55,24,0,24,79
04/01/2005,IPT,PA,AEA,EN,Federal Contract Tower,0,15,7,0,22,0,3,30,0,33,0,18,37,0,55,20,0,20,75
04/02/2005,IPT,PA,AEA,EN,Federal Contract Tower,0,8,8,0,16,0,0,2,0,2,0,8,10,0,18,0,0,0,18
04/03/2005,IPT,PA,AEA,EN,Federal Contract Tower,0,6,2,0,8,0,10,2,0,12,0,16,4,0,20,4,0,4,24
04/04/2005,IPT,PA,AEA,EN,Federal Contract Tower,0,13,6,0,19,0,3,15,8,26,0,16,21,8,45,4,2,6,51
04/05/2005,IPT,PA,AEA,EN,Federal Contract Tower,0,16,5,0,21,0,6,56,0,62,0,22,61,0,83,58,0,58,141
04/06/2005,IPT,PA,AEA,EN,Federal Contract Tower,0,15,12,0,27,0,2,70,0,72,0,17,82,0,99,52,0,52,151
04/07/2005,IPT,PA,AEA,EN,Federal Contract Tower,0,20,18,0,38,0,7,29,0,36,0,27,47,0,74,0,0,0,74
04/08/2005,IPT,PA,AEA,EN,Federal Contract Tower,0,15,11,0,26,0,6,35,0,41,0,21,46,0,67,8,0,8,75
04/09/2005,IPT,PA,AEA,EN,Federal Contract Tower,0,8,3,0,11,0,4,81,0,85,0,12,84,0,96,86,0,86,182
04/10/2005,IPT,PA,AEA,EN,Federal Contract Tower,0,8,7,0,15,0,4,56,0,60,0,12,63,0,75,36,0,36,111
04/11/2005,IPT,PA,AEA,EN,Federal Contract Tower,0,13,6,0,19,0,10,28,0,38,0,23,34,0,57,22,0,22,79
04/12/2005,IPT,PA,AEA,EN,Federal Contract Tower,0,14,10,2,26,0,5,52,5,62,0,19,62,7,88,48,0,48,136
04/13/2005,IPT,PA,AEA,EN,Federal Contract Tower,0,13,15,0,28,0,7,64,0,71,0,20,79,0,99,56,0,56,155
04/14/2005,IPT,PA,AEA,EN,Federal Contract Tower,0,17,10,0,27,0,6,41,0,47,0,23,51,0,74,52,0,52,126
04/15/2005,IPT,PA,AEA,EN,Federal Contract Tower,0,14,9,0,23,0,5,52,4,61,0,19,61,4,84,52,0,52,136
04/16/2005,IPT,PA,AEA,EN,Federal Contract Tower,0,9,4,0,13,0,3,82,0,85,0,12,86,0,98,62,0,62,160
04/17/2005,IPT,PA,AEA,EN,Federal Contract Tower,0,9,15,0,24,0,11,70,2,83,0,20,85,2,107,62,10,72,179
04/18/2005,IPT,PA,AEA,EN,Federal Contract Tower,0,12,13,0,25,0,10,48,0,58,0,22,61,0,83,30,0,30,113
04/19/2005,IPT,PA,AEA,EN,Federal Contract Tower,0,22,12,0,34,0,6,50,8,64,0,28,62,8,98,40,4,44,142
04/20/2005,IPT,PA,AEA,EN,Federal Contract Tower,0,16,20,1,37,0,5,30,1,36,0,21,50,2,73,8,0,8,81
04/21/2005,IPT,PA,AEA,EN,Federal Contract Tower,0,23,5,0,28,0,5,43,2,50,0,28,48,2,78,14,0,14,92
04/22/2005,IPT,PA,AEA,EN,Federal Contract Tower,0,17,20,0,37,0,3,13,0,16,0,20,33,0,53,0,0,0,53
04/23/2005,IPT,PA,AEA,EN,Federal Contract Tower,0,10,4,0,14,0,0,0,0,0,0,10,4,0,14,0,0,0,14
04/24/2005,IPT,PA,AEA,EN,Federal Contract Tower,0,10,11,0,21,0,2,7,0,9,0,12,18,0,30,0,0,0,30
04/25/2005,IPT,PA,AEA,EN,Federal Contract Tower,0,16,11,0,27,0,11,20,0,31,0,27,31,0,58,18,0,18,76
04/26/2005,IPT,PA,AEA,EN,Federal Contract Tower,0,16,19,2,37,0,1,44,0,45,0,17,63,2,82,32,0,32,114
04/27/2005,IPT,PA,AEA,EN,Federal Contract Tower,0,13,19,0,32,0,4,19,3,26,0,17,38,3,58,18,0,18,76
04/28/2005,IPT,PA,AEA,EN,Federal Contract Tower,0,16,22,0,38,0,3,31,0,34,0,19,53,0,72,12,0,12,84
04/29/2005,IPT,PA,AEA,EN,Federal Contract Tower,0,14,13,0,27,0,9,29,0,38,0,23,42,0,65,74,0,74,139
04/30/2005,IPT,PA,AEA,EN,Federal Contract Tower,0,11,8,0,19,0,0,0,0,0,0,11,8,0,19,0,0,0,19
05/01/2005,IPT,PA,AEA,EN,Federal Contract Tower,0,10,5,0,15,0,6,14,0,20,0,16,19,0,35,10,0,10,45
05/02/2005,IPT,PA,AEA,EN,Federal Contract Tower,0,19,12,0,31,0,4,7,0,11,0,23,19,0,42,4,0,4,46
05/03/2005,IPT,PA,AEA,EN,Federal Contract Tower,0,14,10,0,24,0,7,39,4,50,0,21,49,4,74,26,6,32,106
05/04/2005,IPT,PA,AEA,EN,Federal Contract Tower,0,16,3,0,19,0,5,35,10,50,0,21,38,10,69,18,0,18,87
05/05/2005,IPT,PA,AEA,EN,Federal Contract Tower,0,14,19,0,33,0,7,40,0,47,0,21,59,0,80,40,0,40,120
05/06/2005,IPT,PA,AEA,EN,Federal Contract Tower,0,13,9,0,22,0,4,65,2,71,0,17,74,2,93,40,0,40,133
05/07/2005,IPT,PA,AEA,EN,Federal Contract Tower,0,8,13,0,21,0,13,75,5,93,0,21,88,5,114,36,0,36,150
05/08/2005,IPT,PA,AEA,EN,Federal Contract Tower,0,8,7,0,15,0,2,57,0,59,0,10,64,0,74,8,0,8,82
05/09/2005,IPT,PA,AEA,EN,Federal Contract Tower,0,13,8,0,21,0,6,64,0,70,0,19,72,0,91,18,0,18,109
05/10/2005,IPT,PA,AEA,EN,Federal Contract Tower,0,14,11,3,28,0,6,40,5,51,0,20,51,8,79,10,14,24,103
05/11/2005,IPT,PA,AEA,EN,Federal Contract Tower,0,14,14,0,28,0,4,22,0,26,0,18,36,0,54,24,0,24,78
05/12/2005,IPT,PA,AEA,EN,Federal Contract Tower,0,18,12,0,30,0,6,18,0,24,0,24,30,0,54,0,0,0,54
05/13/2005,IPT,PA,AEA,EN,Federal Contract Tower,0,13,16,0,29,0,6,41,0,47,0,19,57,0,76,32,0,32,108
05/14/2005,IPT,PA,AEA,EN,Federal Contract Tower,0,9,12,0,21,0,3,18,0,21,0,12,30,0,42,2,2,4,46
05/15/2005,IPT,PA,AEA,EN,Federal Contract Tower,0,8,14,1,23,0,3,34,0,37,0,11,48,1,60,24,0,24,84
05/16/2005,IPT,PA,AEA,EN,Federal Contract Tower,0,13,10,0,23,0,9,41,0,50,0,22,51,0,73,28,0,28,101
05/17/2005,IPT,PA,AEA,EN,Federal Contract Tower,0,15,7,0,22,0,6,45,0,51,0,21,52,0,73,50,0,50,123
05/18/2005,IPT,PA,AEA,EN,Federal Contract Tower,0,16,9,0,25,0,2,46,0,48,0,18,55,0,73,16,0,16,89
05/19/2005,IPT,PA,AEA,EN,Federal Contract Tower,0,14,16,0,30,0,9,40,4,53,0,23,56,4,83,30,0,30,113
05/20/2005,IPT,PA,AEA,EN,Federal Contract Tower,0,18,10,0,28,0,4,16,0,20,0,22,26,0,48,6,0,6,54
05/21/2005,IPT,PA,AEA,EN,Federal Contract Tower,0,11,4,1,16,0,1,29,2,32,0,12,33,3,48,22,0,22,70
05/22/2005,IPT,PA,AEA,EN,Federal Contract Tower,0,8,6,0,14,0,1,31,0,32,0,9,37,0,46,34,0,34,80
05/23/2005,IPT,PA,AEA,EN,Federal Contract Tower,0,15,13,0,28,0,4,24,2,30,0,19,37,2,58,6,0,6,64
05/24/2005,IPT,PA,AEA,EN,Federal Contract Tower,0,22,21,0,43,0,3,12,2,17,0,25,33,2,60,30,0,30,90
05/25/2005,IPT,PA,AEA,EN,Federal Contract Tower,0,17,6,0,23,0,1,16,0,17,0,18,22,0,40,20,0,20,60
05/26/2005,IPT,PA,AEA,EN,Federal Contract Tower,0,18,13,0,31,0,5,44,0,49,0,23,57,0,80,20,0,20,100
05/27/2005,IPT,PA,AEA,EN,Federal Contract Tower,0,13,14,0,27,0,7,38,0,45,0,20,52,0,72,24,0,24,96
05/28/2005,IPT,PA,AEA,EN,Federal Contract Tower,0,10,5,0,15,0,5,16,0,21,0,15,21,0,36,8,0,8,44
05/29/2005,IPT,PA,AEA,EN,Federal Contract Tower,0,7,8,0,15,0,3,32,0,35,0,10,40,0,50,4,0,4,54
05/30/2005,IPT,PA,AEA,EN,Federal Contract Tower,2,10,9,0,21,0,3,10,0,13,2,13,19,0,34,8,0,8,42
05/31/2005,IPT,PA,AEA,EN,Federal Contract Tower,0,23,19,0,42,0,7,45,0,52,0,30,64,0,94,44,2,46,140
06/01/2005,IPT,PA,AEA,EN,Federal Contract Tower,0,23,14,0,37,0,0,57,2,59,0,23,71,2,96,26,0,26,122
06/02/2005,IPT,PA,AEA,EN,Federal Contract Tower,0,16,5,0,21,0,12,46,0,58,0,28,51,0,79,64,0,64,143
06/03/2005,IPT,PA,AEA,EN,Federal Contract Tower,0,19,32,0,51,0,1,3,0,4,0,20,35,0,55,8,0,8,63
06/04/2005,IPT,PA,AEA,EN,Federal Contract Tower,0,8,13,2,23,0,1,11,0,12,0,9,24,2,35,32,0,32,67
06/05/2005,IPT,PA,AEA,EN,Federal Contract Tower,0,7,12,0,19,0,6,44,0,50,0,13,56,0,69,26,0,26,95
06/06/2005,IPT,PA,AEA,EN,Federal Contract Tower,0,14,7,0,21,0,1,3,0,4,0,15,10,0,25,14,0,14,39
06/07/2005,IPT,PA,AEA,EN,Federal Contract Tower,0,17,10,0,27,0,8,26,4,38,0,25,36,4,65,10,0,10,75
06/08/2005,IPT,PA,AEA,EN,Federal Contract Tower,0,15,18,0,33,0,12,45,0,57,0,27,63,0,90,14,0,14,104
06/09/2005,IPT,PA,AEA,EN,Federal Contract Tower,0,16,16,0,32,0,4,29,0,33,0,20,45,0,65,2,0,2,67
06/10/2005,IPT,PA,AEA,EN,Federal Contract Tower,0,16,12,0,28,0,0,20,2,22,0,16,32,2,50,18,0,18,68
06/11/2005,IPT,PA,AEA,EN,Federal Contract Tower,0,10,10,0,20,0,4,2,0,6,0,14,12,0,26,0,0,0,26
06/12/2005,IPT,PA,AEA,EN,Federal Contract Tower,0,8,9,0,17,0,3,17,2,22,0,11,26,2,39,16,0,16,55
06/13/2005,IPT,PA,AEA,EN,Federal Contract Tower,0,13,2,0,15,0,6,36,0,42,0,19,38,0,57,6,0,6,63
06/14/2005,IPT,PA,AEA,EN,Federal Contract Tower,0,18,16,0,34,0,0,29,4,33,0,18,45,4,67,10,0,10,77
06/15/2005,IPT,PA,AEA,EN,Federal Contract Tower,0,17,12,0,29,0,7,21,0,28,0,24,33,0,57,6,0,6,63
06/16/2005,IPT,PA,AEA,EN,Federal Contract Tower,0,15,16,0,31,0,5,14,6,25,0,20,30,6,56,18,0,18,74
06/17/2005,IPT,PA,AEA,EN,Federal Contract Tower,0,16,9,0,25,0,7,27,1,35,0,23,36,1,60,0,0,0,60
06/18/2005,IPT,PA,AEA,EN,Federal Contract Tower,0,9,23,0,32,0,7,35,0,42,0,16,58,0,74,36,0,36,110
06/19/2005,IPT,PA,AEA,EN,Federal Contract Tower,0,8,9,2,19,0,2,49,0,51,0,10,58,2,70,50,0,50,120
06/20/2005,IPT,PA,AEA,EN,Federal Contract Tower,0,14,22,0,36,0,6,64,0,70,0,20,86,0,106,40,0,40,146
06/21/2005,IPT,PA,AEA,EN,Federal Contract Tower,0,18,11,0,29,0,4,52,0,56,0,22,63,0,85,56,0,56,141
06/22/2005,IPT,PA,AEA,EN,Federal Contract Tower,0,14,13,1,28,0,7,51,1,59,0,21,64,2,87,34,0,34,121
06/23/2005,IPT,PA,AEA,EN,Federal Contract Tower,0,14,5,0,19,0,3,94,2,99,0,17,99,2,118,128,0,128,246
06/24/2005,IPT,PA,AEA,EN,Federal Contract Tower,0,18,14,0,32,0,6,52,0,58,0,24,66,0,90,6,0,6,96
06/25/2005,IPT,PA,AEA,EN,Federal Contract Tower,0,9,5,0,14,0,6,75,0,81,0,15,80,0,95,56,0,56,151
06/26/2005,IPT,PA,AEA,EN,Federal Contract Tower,0,7,14,0,21,0,1,28,0,29,0,8,42,0,50,0,0,0,50
06/27/2005,IPT,PA,AEA,EN,Federal Contract Tower,0,17,5,0,22,0,0,34,0,34,0,17,39,0,56,48,0,48,104
06/28/2005,IPT,PA,AEA,EN,Federal Contract Tower,0,17,15,0,32,0,2,17,0,19,0,19,32,0,51,82,0,82,133
06/29/2005,IPT,PA,AEA,EN,Federal Contract Tower,0,23,21,0,44,0,3,25,0,28,0,26,46,0,72,34,0,34,106
06/30/2005,IPT,PA,AEA,EN,Federal Contract Tower,0,21,15,2,38,0,0,21,0,21,0,21,36,2,59,20,0,20,79
07/01/2005,IPT,PA,AEA,EN,Federal Contract Tower,0,20,5,0,25,0,6,30,0,36,0,26,35,0,61,0,0,0,61
07/02/2005,IPT,PA,AEA,EN,Federal Contract Tower,0,8,8,0,16,0,1,51,3,55,0,9,59,3,71,36,0,36,107
07/03/2005,IPT,PA,AEA,EN,Federal Contract Tower,0,8,10,0,18,0,5,54,0,59,0,13,64,0,77,26,0,26,103
07/04/2005,IPT,PA,AEA,EN,Federal Contract Tower,0,9,5,0,14,0,3,48,0,51,0,12,53,0,65,52,0,52,117
07/05/2005,IPT,PA,AEA,EN,Federal Contract Tower,0,17,18,0,35,0,0,10,2,12,0,17,28,2,47,38,10,48,95
07/06/2005,IPT,PA,AEA,EN,Federal Contract Tower,0,19,16,0,35,0,5,25,0,30,0,24,41,0,65,70,0,70,135
07/07/2005,IPT,PA,AEA,EN,Federal Contract Tower,0,18,8,0,26,0,6,56,0,62,0,24,64,0,88,32,0,32,120
07/08/2005,IPT,PA,AEA,EN,Federal Contract Tower,0,17,11,0,28,0,0,12,1,13,0,17,23,1,41,0,0,0,41
07/09/2005,IPT,PA,AEA,EN,Federal Contract Tower,0,10,5,0,15,0,1,43,0,44,0,11,48,0,59,18,0,18,77
07/10/2005,IPT,PA,AEA,EN,Federal Contract Tower,0,8,7,0,15,0,1,71,2,74,0,9,78,2,89,56,0,56,145
07/11/2005,IPT,PA,AEA,EN,Federal Contract Tower,0,16,5,1,22,0,5,53,0,58,0,21,58,1,80,44,0,44,124
07/12/2005,IPT,PA,AEA,EN,Federal Contract Tower,0,16,14,0,30,0,5,39,0,44,0,21,53,0,74,28,0,28,102
07/13/2005,IPT,PA,AEA,EN,Federal Contract Tower,0,20,16,0,36,0,0,20,0,20,0,20,36,0,56,16,0,16,72
07/14/2005,IPT,PA,AEA,EN,Federal Contract Tower,0,17,20,0,37,0,1,22,0,23,0,18,42,0,60,50,0,50,110
07/15/2005,IPT,PA,AEA,EN,Federal Contract Tower,0,15,14,0,29,0,7,13,2,22,0,22,27,2,51,12,0,12,63
07/16/2005,IPT,PA,AEA,EN,Federal Contract Tower,0,9,8,0,17,0,2,8,0,10,0,11,16,0,27,0,0,0,27
07/17/2005,IPT,PA,AEA,EN,Federal Contract Tower,0,9,17,0,26,0,2,12,0,14,0,11,29,0,40,16,0,16,56
07/18/2005,IPT,PA,AEA,EN,Federal Contract Tower,0,13,24,0,37,0,3,15,0,18,0,16,39,0,55,0,0,0,55
07/19/2005,IPT,PA,AEA,EN,Federal Contract Tower,0,18,17,0,35,0,6,20,0,26,0,24,37,0,61,70,0,70,131
07/20/2005,IPT,PA,AEA,EN,Federal Contract Tower,0,14,20,0,34,0,8,78,0,86,0,22,98,0,120,72,0,72,192
07/21/2005,IPT,PA,AEA,EN,Federal Contract Tower,0,18,12,0,30,0,5,51,1,57,0,23,63,1,87,54,0,54,141
07/22/2005,IPT,PA,AEA,EN,Federal Contract Tower,0,15,17,3,35,0,1,31,5,37,0,16,48,8,72,50,2,52,124
07/23/2005,IPT,PA,AEA,EN,Federal Contract Tower,0,11,3,0,14,0,3,78,1,82,0,14,81,1,96,60,0,60,156
07/24/2005,IPT,PA,AEA,EN,Federal Contract Tower,0,9,12,0,21,0,4,57,0,61,0,13,69,0,82,58,0,58,140
07/25/2005,IPT,PA,AEA,EN,Federal Contract Tower,0,16,13,0,29,0,2,29,0,31,0,18,42,0,60,30,0,30,90
07/26/2005,IPT,PA,AEA,EN,Federal Contract Tower,0,17,10,0,27,0,4,15,0,19,0,21,25,0,46,22,0,22,68
07/27/2005,IPT,PA,AEA,EN,Federal Contract Tower,0,20,13,0,33,0,5,27,0,32,0,25,40,0,65,16,0,16,81
07/28/2005,IPT,PA,AEA,EN,Federal Contract Tower,0,16,13,0,29,0,9,60,4,73,0,25,73,4,102,20,0,20,122
07/29/2005,IPT,PA,AEA,EN,Federal Contract Tower,0,21,13,1,35,0,12,27,3,42,0,33,40,4,77,6,0,6,83
07/30/2005,IPT,PA,AEA,EN,Federal Contract Tower,0,12,11,0,23,0,4,39,2,45,0,16,50,2,68,10,6,16,84
07/31/2005,IPT,PA,AEA,EN,Federal Contract Tower,0,10,15,0,25,0,4,45,0,49,0,14,60,0,74,40,0,40,114
08/01/2005,IPT,PA,AEA,EN,Federal Contract Tower,0,20,11,0,31,0,1,29,0,30,0,21,40,0,61,6,0,6,67
08/02/2005,IPT,PA,AEA,EN,Federal Contract Tower,0,17,17,0,34,0,5,53,2,60,0,22,70,2,94,6,0,6,100
08/03/2005,IPT,PA,AEA,EN,Federal Contract Tower,0,20,9,0,29,0,8,57,2,67,0,28,66,2,96,50,0,50,146
08/04/2005,IPT,PA,AEA,EN,Federal Contract Tower,0,18,13,0,31,0,10,38,8,56,0,28,51,8,87,28,0,28,115
08/05/2005,IPT,PA,AEA,EN,Federal Contract Tower,0,15,5,0,20,0,1,19,0,20,0,16,24,0,40,20,0,20,60
08/06/2005,IPT,PA,AEA,EN,Federal Contract Tower,0,9,1,0,10,0,8,72,3,83,0,17,73,3,93,34,0,34,127
08/07/2005,IPT,PA,AEA,EN,Federal Contract Tower,0,16,12,0,28,0,2,27,0,29,0,18,39,0,57,10,0,10,67
08/08/2005,IPT,PA,AEA,EN,Federal Contract Tower,0,11,16,0,27,0,0,4,0,4,0,11,20,0,31,0,0,0,31
08/09/2005,IPT,PA,AEA,EN,Federal Contract Tower,0,17,7,0,24,0,5,29,0,34,0,22,36,0,58,24,0,24,82
08/10/2005,IPT,PA,AEA,EN,Federal Contract Tower,0,23,11,0,34,0,6,29,0,35,0,29,40,0,69,64,0,64,133
08/11/2005,IPT,PA,AEA,EN,Federal Contract Tower,0,16,10,2,28,0,4,40,0,44,0,20,50,2,72,44,0,44,116
08/12/2005,IPT,PA,AEA,EN,Federal Contract Tower,0,20,10,0,30,0,5,37,0,42,0,25,47,0,72,44,0,44,116
08/13/2005,IPT,PA,AEA,EN,Federal Contract Tower,0,10,18,1,29,0,1,17,0,18,0,11,35,1,47,32,0,32,79
08/14/2005,IPT,PA,AEA,EN,Federal Contract Tower,0,9,10,0,19,0,5,38,0,43,0,14,48,0,62,12,0,12,74
08/15/2005,IPT,PA,AEA,EN,Federal Contract Tower,0,13,14,1,28,0,7,33,0,40,0,20,47,1,68,30,20,50,118
08/16/2005,IPT,PA,AEA,EN,Federal Contract Tower,0,18,21,0,39,0,1,3,0,4,0,19,24,0,43,0,0,0,43
08/17/2005,IPT,PA,AEA,EN,Federal Contract Tower,0,17,8,0,25,0,4,69,0,73,0,21,77,0,98,46,0,46,144
08/18/2005,IPT,PA,AEA,EN,Federal Contract Tower,0,19,19,1,39,0,9,70,3,82,0,28,89,4,121,106,0,106,227
08/19/2005,IPT,PA,AEA,EN,Federal Contract Tower,0,20,18,1,39,0,1,17,3,21,0,21,35,4,60,2,0,2,62
08/20/2005,IPT,PA,AEA,EN,Federal Contract Tower,0,9,17,0,26,0,4,12,0,16,0,13,29,0,42,6,0,6,48
08/21/2005,IPT,PA,AEA,EN,Federal Contract Tower,0,5,14,0,19,0,3,39,0,42,0,8,53,0,61,20,0,20,81
08/22/2005,IPT,PA,AEA,EN,Federal Contract Tower,0,13,11,0,24,0,5,48,0,53,0,18,59,0,77,12,0,12,89
08/23/2005,IPT,PA,AEA,EN,Federal Contract Tower,0,16,20,0,36,0,8,46,0,54,0,24,66,0,90,16,0,16,106
08/24/2005,IPT,PA,AEA,EN,Federal Contract Tower,0,18,11,0,29,0,4,64,0,68,0,22,75,0,97,36,0,36,133
08/25/2005,IPT,PA,AEA,EN,Federal Contract Tower,0,17,10,0,27,0,5,79,2,86,0,22,89,2,113,64,0,64,177
08/26/2005,IPT,PA,AEA,EN,Federal Contract Tower,0,24,12,0,36,0,2,55,0,57,0,26,67,0,93,24,0,24,117
08/27/2005,IPT,PA,AEA,EN,Federal Contract Tower,0,8,9,0,17,0,1,12,0,13,0,9,21,0,30,34,0,34,64
08/28/2005,IPT,PA,AEA,EN,Federal Contract Tower,0,8,6,0,14,0,3,10,0,13,0,11,16,0,27,2,0,2,29
08/29/2005,IPT,PA,AEA,EN,Federal Contract Tower,0,22,10,0,32,0,4,6,0,10,0,26,16,0,42,4,0,4,46
08/30/2005,IPT,PA,AEA,EN,Federal Contract Tower,0,21,12,0,33,0,0,2,0,2,0,21,14,0,35,0,0,0,35
08/31/2005,IPT,PA,AEA,EN,Federal Contract Tower,0,20,7,0,27,0,1,1,0,2,0,21,8,0,29,0,0,0,29
09/01/2005,IPT,PA,AEA,EN,Federal Contract Tower,0,15,15,1,31,0,8,36,1,45,0,23,51,2,76,72,2,74,150
09/02/2005,IPT,PA,AEA,EN,Federal Contract Tower,0,10,16,0,26,0,5,47,2,54,0,15,63,2,80,24,0,24,104
09/03/2005,IPT,PA,AEA,EN,Federal Contract Tower,0,7,12,0,19,0,5,49,0,54,0,12,61,0,73,22,0,22,95
09/04/2005,IPT,PA,AEA,EN,Federal Contract Tower,0,7,3,0,10,0,10,45,0,55,0,17,48,0,65,8,0,8,73
09/05/2005,IPT,PA,AEA,EN,Federal Contract Tower,0,10,11,0,21,0,3,42,0,45,0,13,53,0,66,46,0,46,112
09/06/2005,IPT,PA,AEA,EN,Federal Contract Tower,0,13,13,0,26,0,5,47,0,52,0,18,60,0,78,18,0,18,96
09/07/2005,IPT,PA,AEA,EN,Federal Contract Tower,0,17,14,0,31,0,6,49,4,59,0,23,63,4,90,38,0,38,128
09/08/2005,IPT,PA,AEA,EN,Federal Contract Tower,0,18,20,0,38,0,4,52,2,58,0,22,72,2,96,50,0,50,146
09/09/2005,IPT,PA,AEA,EN,Federal Contract Tower,0,16,11,0,27,0,7,32,0,39,0,23,43,0,66,14,0,14,80
09/10/2005,IPT,PA,AEA,EN,Federal Contract Tower,0,8,10,0,18,0,7,71,2,80,0,15,81,2,98,22,0,22,120
09/11/2005,IPT,PA,AEA,EN,Federal Contract Tower,0,8,10,0,18,0,5,46,0,51,0,13,56,0,69,40,0,40,109
09/12/2005,IPT,PA,AEA,EN,Federal Contract Tower,0,13,9,0,22,0,5,23,3,31,0,18,32,3,53,20,0,20,73
09/13/2005,IPT,PA,AEA,EN,Federal Contract Tower,0,16,13,0,29,0,11,41,2,54,0,27,54,2,83,0,48,48,131
09/14/2005,IPT,PA,AEA,EN,Federal Contract Tower,0,15,11,0,26,0,10,25,0,35,0,25,36,0,61,0,0,0,61
09/15/2005,IPT,PA,AEA,EN,Federal Contract Tower,0,17,12,3,32,0,5,12,3,20,0,22,24,6,52,24,2,26,78
09/16/2005,IPT,PA,AEA,EN,Federal Contract Tower,0,16,8,0,24,0,18,11,0,29,0,34,19,0,53,20,0,20,73
09/17/2005,IPT,PA,AEA,EN,Federal Contract Tower,0,14,6,1,21,0,18,13,5,36,0,32,19,6,57,14,0,14,71
09/18/2005,IPT,PA,AEA,EN,Federal Contract Tower,0,6,10,0,16,0,4,41,3,48,0,10,51,3,64,24,0,24,88
09/19/2005,IPT,PA,AEA,EN,Federal Contract Tower,0,14,9,0,23,0,5,27,2,34,0,19,36,2,57,12,8,20,77
09/20/2005,IPT,PA,AEA,EN,Federal Contract Tower,0,19,25,0,44,0,11,20,2,33,0,30,45,2,77,8,0,8,85
09/21/2005,IPT,PA,AEA,EN,Federal Contract Tower,0,18,16,0,34,0,10,58,0,68,0,28,74,0,102,14,0,14,116
09/22/2005,IPT,PA,AEA,EN,Federal Contract Tower,0,18,6,0,24,0,7,41,3,51,0,25,47,3,75,32,2,34,109
09/23/2005,IPT,PA,AEA,EN,Federal Contract Tower,0,17,12,0,29,0,9,33,0,42,0,26,45,0,71,8,0,8,79
09/24/2005,IPT,PA,AEA,EN,Federal Contract Tower,0,10,4,0,14,0,3,57,2,62,0,13,61,2,76,14,0,14,90
09/25/2005,IPT,PA,AEA,EN,Federal Contract Tower,0,8,25,0,33,0,6,21,0,27,0,14,46,0,60,14,0,14,74
09/26/2005,IPT,PA,AEA,EN,Federal Contract Tower,0,15,5,0,20,0,3,0,0,3,0,18,5,0,23,0,0,0,23
09/27/2005,IPT,PA,AEA,EN,Federal Contract Tower,0,18,8,0,26,0,6,47,0,53,0,24,55,0,79,16,0,16,95
09/28/2005,IPT,PA,AEA,EN,Federal Contract Tower,0,21,9,0,30,0,2,38,1,41,0,23,47,1,71,22,0,22,93
09/29/2005,IPT,PA,AEA,EN,Federal Contract Tower,0,15,3,0,18,0,1,5,0,6,0,16,8,0,24,6,0,6,30
09/30/2005,IPT,PA,AEA,EN,Federal Contract Tower,0,17,17,0,34,0,5,50,2,57,0,22,67,2,91,42,0,42,133
10/01/2005,IPT,PA,AEA,EN,Federal Contract Tower,0,13,17,1,31,0,6,72,2,80,0,19,89,3,111,40,0,40,151
10/02/2005,IPT,PA,AEA,EN,Federal Contract Tower,0,12,25,2,39,0,0,55,0,55,0,12,80,2,94,34,0,34,128
10/03/2005,IPT,PA,AEA,EN,Federal Contract Tower,0,11,8,0,19,0,0,54,0,54,0,11,62,0,73,4,0,4,77
10/04/2005,IPT,PA,AEA,EN,Federal Contract Tower,0,13,18,2,33,0,3,16,0,19,0,16,34,2,52,10,0,10,62
10/05/2005,IPT,PA,AEA,EN,Federal Contract Tower,0,12,6,2,20,0,5,24,0,29,0,17,30,2,49,16,0,16,65
10/06/2005,IPT,PA,AEA,EN,Federal Contract Tower,0,20,9,0,29,0,0,13,0,13,0,20,22,0,42,30,0,30,72
10/07/2005,IPT,PA,AEA,EN,Federal Contract Tower,0,15,12,0,27,0,0,0,0,0,0,15,12,0,27,0,0,0,27
10/08/2005,IPT,PA,AEA,EN,Federal Contract Tower,0,10,9,0,19,0,11,28,0,39,0,21,37,0,58,0,0,0,58
10/09/2005,IPT,PA,AEA,EN,Federal Contract Tower,0,9,6,0,15,0,6,75,0,81,0,15,81,0,96,28,0,28,124
10/10/2005,IPT,PA,AEA,EN,Federal Contract Tower,0,14,14,0,28,0,10,4,0,14,0,24,18,0,42,0,0,0,42
10/11/2005,IPT,PA,AEA,EN,Federal Contract Tower,0,21,11,0,32,0,3,5,0,8,0,24,16,0,40,14,0,14,54
10/12/2005,IPT,PA,AEA,EN,Federal Contract Tower,0,17,24,0,41,0,2,6,0,8,0,19,30,0,49,12,0,12,61
10/13/2005,IPT,PA,AEA,EN,Federal Contract Tower,0,23,11,0,34,0,0,0,0,0,0,23,11,0,34,0,0,0,34
10/14/2005,IPT,PA,AEA,EN,Federal Contract Tower,0,14,19,0,33,0,5,7,0,12,0,19,26,0,45,20,0,20,65
10/15/2005,IPT,PA,AEA,EN,Federal Contract Tower,0,10,15,0,25,0,6,41,0,47,0,16,56,0,72,63,0,63,135
10/16/2005,IPT,PA,AEA,EN,Federal Contract Tower,0,11,5,0,16,0,2,18,0,20,0,13,23,0,36,0,0,0,36
10/17/2005,IPT,PA,AEA,EN,Federal Contract Tower,0,13,13,0,26,0,4,33,0,37,0,17,46,0,63,8,0,8,71
10/18/2005,IPT,PA,AEA,EN,Federal Contract Tower,0,24,4,0,28,0,7,32,3,42,0,31,36,3,70,50,8,58,128
10/19/2005,IPT,PA,AEA,EN,Federal Contract Tower,0,19,13,0,32,0,11,50,2,63,0,30,63,2,95,38,0,38,133
10/20/2005,IPT,PA,AEA,EN,Federal Contract Tower,0,17,11,0,28,0,10,53,1,64,0,27,64,1,92,14,2,16,108
10/21/2005,IPT,PA,AEA,EN,Federal Contract Tower,0,16,3,0,19,0,7,25,4,36,0,23,28,4,55,4,8,12,67
10/22/2005,IPT,PA,AEA,EN,Federal Contract Tower,0,7,10,0,17,0,0,0,0,0,0,7,10,0,17,4,0,4,21
10/23/2005,IPT,PA,AEA,EN,Federal Contract Tower,0,9,6,0,15,0,2,19,0,21,0,11,25,0,36,6,0,6,42
10/24/2005,IPT,PA,AEA,EN,Federal Contract Tower,0,16,10,0,26,0,0,0,0,0,0,16,10,0,26,0,0,0,26
10/25/2005,IPT,PA,AEA,EN,Federal Contract Tower,0,26,4,0,30,0,1,2,0,3,0,27,6,0,33,0,0,0,33
10/26/2005,IPT,PA,AEA,EN,Federal Contract Tower,0,17,9,2,28,0,8,8,0,16,0,25,17,2,44,0,0,0,44
10/27/2005,IPT,PA,AEA,EN,Federal Contract Tower,0,19,8,2,29,0,4,18,2,24,0,23,26,4,53,0,0,0,53
10/28/2005,IPT,PA,AEA,EN,Federal Contract Tower,0,20,3,2,25,0,3,34,4,41,0,23,37,6,66,24,0,24,90
10/29/2005,IPT,PA,AEA,EN,Federal Contract Tower,0,10,5,0,15,0,2,41,5,48,0,12,46,5,63,46,0,46,109
10/30/2005,IPT,PA,AEA,EN,Federal Contract Tower,0,8,7,0,15,0,3,53,0,56,0,11,60,0,71,36,0,36,107
10/31/2005,IPT,PA,AEA,EN,Federal Contract Tower,0,15,2,0,17,0,4,44,2,50,0,19,46,2,67,50,0,50,117
11/01/2005,IPT,PA,AEA,EN,Federal Contract Tower,0,16,7,0,23,0,5,24,0,29,0,21,31,0,52,24,0,24,76
11/02/2005,IPT,PA,AEA,EN,Federal Contract Tower,0,16,19,0,35,0,5,23,0,28,0,21,42,0,63,24,0,24,87
11/03/2005,IPT,PA,AEA,EN,Federal Contract Tower,0,16,7,0,23,0,5,58,0,63,0,21,65,0,86,12,0,12,98
11/04/2005,IPT,PA,AEA,EN,Federal Contract Tower,0,14,6,0,20,0,5,52,2,59,0,19,58,2,79,20,10,30,109
11/05/2005,IPT,PA,AEA,EN,Federal Contract Tower,0,10,12,0,22,0,6,41,0,47,0,16,53,0,69,60,0,60,129
11/06/2005,IPT,PA,AEA,EN,Federal Contract Tower,0,8,12,0,20,0,3,16,2,21,0,11,28,2,41,0,0,0,41
11/07/2005,IPT,PA,AEA,EN,Federal Contract Tower,0,10,6,0,16,0,6,34,0,40,0,16,40,0,56,38,0,38,94
11/08/2005,IPT,PA,AEA,EN,Federal Contract Tower,0,19,5,0,24,0,6,52,0,58,0,25,57,0,82,36,0,36,118
11/09/2005,IPT,PA,AEA,EN,Federal Contract Tower,0,16,5,0,21,0,4,10,0,14,0,20,15,0,35,2,0,2,37
11/10/2005,IPT,PA,AEA,EN,Federal Contract Tower,0,16,7,0,23,0,3,24,2,29,0,19,31,2,52,0,0,0,52
11/11/2005,IPT,PA,AEA,EN,Federal Contract Tower,0,12,12,0,24,0,0,39,2,41,0,12,51,2,65,68,0,68,133
11/12/2005,IPT,PA,AEA,EN,Federal Contract Tower,0,9,9,0,18,0,2,75,0,77,0,11,84,0,95,64,0,64,159
11/13/2005,IPT,PA,AEA,EN,Federal Contract Tower,0,8,3,0,11,0,2,28,1,31,0,10,31,1,42,12,0,12,54
11/14/2005,IPT,PA,AEA,EN,Federal Contract Tower,0,12,5,1,18,0,7,41,1,49,0,19,46,2,67,58,0,58,125
11/15/2005,IPT,PA,AEA,EN,Federal Contract Tower,0,19,12,0,31,0,0,0,0,0,0,19,12,0,31,0,0,0,31
11/16/2005,IPT,PA,AEA,EN,Federal Contract Tower,0,16,10,0,26,0,6,4,0,10,0,22,14,0,36,0,0,0,36
11/17/2005,IPT,PA,AEA,EN,Federal Contract Tower,0,22,12,0,34,0,4,21,0,25,0,26,33,0,59,24,0,24,83
11/18/2005,IPT,PA,AEA,EN,Federal Contract Tower,0,14,6,1,21,0,9,34,1,44,0,23,40,2,65,46,0,46,111
11/19/2005,IPT,PA,AEA,EN,Federal Contract Tower,0,11,8,0,19,0,1,44,0,45,0,12,52,0,64,42,0,42,106
11/20/2005,IPT,PA,AEA,EN,Federal Contract Tower,0,8,7,0,15,0,1,76,10,87,0,9,83,10,102,32,0,32,134
11/21/2005,IPT,PA,AEA,EN,Federal Contract Tower,0,17,9,0,26,0,2,25,0,27,0,19,34,0,53,32,0,32,85
11/22/2005,IPT,PA,AEA,EN,Federal Contract Tower,0,18,13,0,31,0,6,1,0,7,0,24,14,0,38,0,0,0,38
11/23/2005,IPT,PA,AEA,EN,Federal Contract Tower,0,17,10,0,27,0,4,25,0,29,0,21,35,0,56,24,0,24,80
11/24/2005,IPT,PA,AEA,EN,Federal Contract Tower,0,10,0,0,10,0,0,2,0,2,0,10,2,0,12,0,0,0,12
11/25/2005,IPT,PA,AEA,EN,Federal Contract Tower,0,16,1,0,17,0,3,20,0,23,0,19,21,0,40,40,0,40,80
11/26/2005,IPT,PA,AEA,EN,Federal Contract Tower,0,8,2,1,11,0,5,16,1,22,0,13,18,2,33,22,0,22,55
11/27/2005,IPT,PA,AEA,EN,Federal Contract Tower,0,8,11,0,19,0,1,28,0,29,0,9,39,0,48,24,0,24,72
11/28/2005,IPT,PA,AEA,EN,Federal Contract Tower,0,19,8,0,27,0,0,0,0,0,0,19,8,0,27,0,0,0,27
11/29/2005,IPT,PA,AEA,EN,Federal Contract Tower,0,19,0,0,19,0,0,0,0,0,0,19,0,0,19,0,0,0,19
11/30/2005,IPT,PA,AEA,EN,Federal Contract Tower,0,21,5,3,29,0,7,17,1,25,0,28,22,4,54,12,0,12,66
12/01/2005,IPT,PA,AEA,EN,Federal Contract Tower,0,23,6,0,29,0,4,24,2,30,0,27,30,2,59,24,0,24,83
12/02/2005,IPT,PA,AEA,EN,Federal Contract Tower,0,15,4,0,19,0,3,4,0,7,0,18,8,0,26,0,0,0,26
12/03/2005,IPT,PA,AEA,EN,Federal Contract Tower,0,14,3,0,17,0,5,27,1,33,0,19,30,1,50,50,0,50,100
12/04/2005,IPT,PA,AEA,EN,Federal Contract Tower,0,6,3,0,9,0,2,6,0,8,0,8,9,0,17,10,0,10,27
12/05/2005,IPT,PA,AEA,EN,Federal Contract Tower,0,20,4,0,24,0,5,10,0,15,0,25,14,0,39,0,0,0,39
12/06/2005,IPT,PA,AEA,EN,Federal Contract Tower,0,16,15,0,31,0,5,16,0,21,0,21,31,0,52,22,3,25,77
12/07/2005,IPT,PA,AEA,EN,Federal Contract Tower,0,15,10,0,25,0,10,21,0,31,0,25,31,0,56,8,0,8,64
12/08/2005,IPT,PA,AEA,EN,Federal Contract Tower,0,16,10,0,26,0,4,25,0,29,0,20,35,0,55,46,0,46,101
12/09/2005,IPT,PA,AEA,EN,Federal Contract Tower,0,15,2,0,17,0,1,0,0,1,0,16,2,0,18,0,0,0,18
12/10/2005,IPT,PA,AEA,EN,Federal Contract Tower,0,8,6,0,14,0,1,14,1,16,0,9,20,1,30,4,0,4,34
12/11/2005,IPT,PA,AEA,EN,Federal Contract Tower,0,8,8,0,16,0,0,6,0,6,0,8,14,0,22,4,0,4,26
12/12/2005,IPT,PA,AEA,EN,Federal Contract Tower,0,15,11,0,26,0,2,10,0,12,0,17,21,0,38,24,0,24,62
12/13/2005,IPT,PA,AEA,EN,Federal Contract Tower,0,12,9,0,21,0,6,35,0,41,0,18,44,0,62,44,0,44,106
12/14/2005,IPT,PA,AEA,EN,Federal Contract Tower,0,15,3,0,18,0,2,29,0,31,0,17,32,0,49,40,0,40,89
12/15/2005,IPT,PA,AEA,EN,Federal Contract Tower,0,14,7,0,21,0,3,8,0,11,0,17,15,0,32,18,0,18,50
12/16/2005,IPT,PA,AEA,EN,Federal Contract Tower,0,21,8,0,29,0,5,9,0,14,0,26,17,0,43,12,0,12,55
12/17/2005,IPT,PA,AEA,EN,Federal Contract Tower,0,10,3,0,13,0,3,29,1,33,0,13,32,1,46,18,0,18,64
12/18/2005,IPT,PA,AEA,EN,Federal Contract Tower,0,9,5,0,14,0,4,20,0,24,0,13,25,0,38,2,0,2,40
12/19/2005,IPT,PA,AEA,EN,Federal Contract Tower,0,16,9,0,25,0,4,6,0,10,0,20,15,0,35,0,0,0,35
12/20/2005,IPT,PA,AEA,EN,Federal Contract Tower,0,17,12,0,29,0,6,36,2,44,0,23,48,2,73,36,0,36,109
12/21/2005,IPT,PA,AEA,EN,Federal Contract Tower,0,18,12,0,30,0,6,29,2,37,0,24,41,2,67,60,0,60,127
12/22/2005,IPT,PA,AEA,EN,Federal Contract Tower,0,21,6,0,27,0,7,24,0,31,0,28,30,0,58,56,0,56,114
12/23/2005,IPT,PA,AEA,EN,Federal Contract Tower,0,15,3,0,18,0,2,34,0,36,0,17,37,0,54,66,0,66,120
12/24/2005,IPT,PA,AEA,EN,Federal Contract Tower,0,9,1,0,10,0,5,19,0,24,0,14,20,0,34,10,0,10,44
12/25/2005,IPT,PA,AEA,EN,Federal Contract Tower,0,4,2,0,6,0,0,0,0,0,0,4,2,0,6,0,0,0,6
12/26/2005,IPT,PA,AEA,EN,Federal Contract Tower,0,10,5,0,15,0,0,8,0,8,0,10,13,0,23,2,0,2,25
12/27/2005,IPT,PA,AEA,EN,Federal Contract Tower,0,15,3,0,18,0,2,20,2,24,0,17,23,2,42,12,0,12,54
12/28/2005,IPT,PA,AEA,EN,Federal Contract Tower,0,15,11,0,26,0,7,29,0,36,0,22,40,0,62,36,0,36,98
12/29/2005,IPT,PA,AEA,EN,Federal Contract Tower,0,22,6,0,28,0,1,0,0,1,0,23,6,0,29,0,0,0,29
12/30/2005,IPT,PA,AEA,EN,Federal Contract Tower,0,18,7,0,25,0,1,12,0,13,0,19,19,0,38,0,0,0,38
12/31/2005,IPT,PA,AEA,EN,Federal Contract Tower,0,11,3,0,14,0,0,0,0,0,0,11,3,0,14,0,0,0,14
01/01/2006,IPT,PA,AEA,EN,Federal Contract Tower,0,8,3,0,11,0,2,4,0,6,0,10,7,0,17,6,0,6,23
01/02/2006,IPT,PA,AEA,EN,Federal Contract Tower,0,7,7,0,14,0,0,2,0,2,0,7,9,0,16,22,0,22,38
01/03/2006,IPT,PA,AEA,EN,Federal Contract Tower,0,16,7,0,23,0,6,1,0,7,0,22,8,0,30,0,0,0,30
01/04/2006,IPT,PA,AEA,EN,Federal Contract Tower,0,16,11,0,27,0,0,0,0,0,0,16,11,0,27,0,0,0,27
01/05/2006,IPT,PA,AEA,EN,Federal Contract Tower,0,15,7,0,22,0,5,21,0,26,0,20,28,0,48,70,0,70,118
01/06/2006,IPT,PA,AEA,EN,Federal Contract Tower,0,15,9,0,24,0,8,11,0,19,0,23,20,0,43,10,0,10,53
01/07/2006,IPT,PA,AEA,EN,Federal Contract Tower,0,11,11,1,23,0,7,24,3,34,0,18,35,4,57,12,0,12,69
01/08/2006,IPT,PA,AEA,EN,Federal Contract Tower,0,6,6,2,14,0,6,23,1,30,0,12,29,3,44,8,0,8,52
01/09/2006,IPT,PA,AEA,EN,Federal Contract Tower,0,13,4,0,17,0,12,23,2,37,0,25,27,2,54,50,2,52,106
01/10/2006,IPT,PA,AEA,EN,Federal Contract Tower,0,14,4,0,18,0,5,47,2,54,0,19,51,2,72,46,2,48,120
01/11/2006,IPT,PA,AEA,EN,Federal Contract Tower,0,18,1,0,19,0,2,0,0,2,0,20,1,0,21,0,0,0,21
01/12/2006,IPT,PA,AEA,EN,Federal Contract Tower,0,13,13,1,27,0,2,53,9,64,0,15,66,10,91,118,0,118,209
01/13/2006,IPT,PA,AEA,EN,Federal Contract Tower,0,11,10,0,21,0,5,22,0,27,0,16,32,0,48,12,0,12,60
01/14/2006,IPT,PA,AEA,EN,Federal Contract Tower,0,8,1,0,9,0,2,0,0,2,0,10,1,0,11,0,0,0,11
01/15/2006,IPT,PA,AEA,EN,Federal Contract Tower,0,12,2,0,14,0,5,7,0,12,0,17,9,0,26,0,0,0,26
01/16/2006,IPT,PA,AEA,EN,Federal Contract Tower,0,16,17,0,33,0,0,38,0,38,0,16,55,0,71,96,0,96,167
01/17/2006,IPT,PA,AEA,EN,Federal Contract Tower,0,20,6,0,26,0,1,7,0,8,0,21,13,0,34,0,0,0,34
01/18/2006,IPT,PA,AEA,EN,Federal Contract Tower,0,16,6,0,22,0,3,2,0,5,0,19,8,0,27,0,0,0,27
01/19/2006,IPT,PA,AEA,EN,Federal Contract Tower,0,12,12,0,24,0,6,47,0,53,0,18,59,0,77,78,0,78,155
01/20/2006,IPT,PA,AEA,EN,Federal Contract Tower,0,17,9,0,26,0,4,39,0,43,0,21,48,0,69,20,0,20,89
01/21/2006,IPT,PA,AEA,EN,Federal Contract Tower,0,8,1,0,9,0,3,16,0,19,0,11,17,0,28,60,0,60,88
01/22/2006,IPT,PA,AEA,EN,Federal Contract Tower,0,8,9,0,17,0,4,45,1,50,0,12,54,1,67,44,0,44,111
01/23/2006,IPT,PA,AEA,EN,Federal Contract Tower,0,16,7,0,23,0,0,0,0,0,0,16,7,0,23,0,0,0,23
01/24/2006,IPT,PA,AEA,EN,Federal Contract Tower,0,18,11,0,29,0,2,26,0,28,0,20,37,0,57,4,0,4,61
01/25/2006,IPT,PA,AEA,EN,Federal Contract Tower,0,13,5,0,18,0,3,3,0,6,0,16,8,0,24,0,0,0,24
01/26/2006,IPT,PA,AEA,EN,Federal Contract Tower,0,13,14,0,27,0,2,33,2,37,0,15,47,2,64,14,12,26,90
01/27/2006,IPT,PA,AEA,EN,Federal Contract Tower,0,12,6,0,18,0,6,48,0,54,0,18,54,0,72,22,0,22,94
01/28/2006,IPT,PA,AEA,EN,Federal Contract Tower,0,8,4,1,13,0,7,76,2,85,0,15,80,3,98,88,0,88,186
01/29/2006,IPT,PA,AEA,EN,Federal Contract Tower,0,8,9,0,17,0,3,8,2,13,0,11,17,2,30,10,0,10,40
01/30/2006,IPT,PA,AEA,EN,Federal Contract Tower,0,14,8,0,22,0,1,19,0,20,0,15,27,0,42,0,0,0,42
01/31/2006,IPT,PA,AEA,EN,Federal Contract Tower,0,17,9,0,26,0,1,3,1,5,0,18,12,1,31,10,2,12,43
02/01/2006,IPT,PA,AEA,EN,Federal Contract Tower,0,17,15,0,32,0,3,27,0,30,0,20,42,0,62,16,0,16,78
02/02/2006,IPT,PA,AEA,EN,Federal Contract Tower,0,20,6,0,26,0,7,41,2,50,0,27,47,2,76,42,6,48,124
02/03/2006,IPT,PA,AEA,EN,Federal Contract Tower,0,15,10,0,25,0,1,8,0,9,0,16,18,0,34,12,0,12,46
02/04/2006,IPT,PA,AEA,EN,Federal Contract Tower,0,7,7,0,14,0,0,11,0,11,0,7,18,0,25,32,0,32,57
02/05/2006,IPT,PA,AEA,EN,Federal Contract Tower,0,8,10,0,18,0,0,0,0,0,0,8,10,0,18,0,0,0,18
02/06/2006,IPT,PA,AEA,EN,Federal Contract Tower,0,16,6,0,22,0,1,8,0,9,0,17,14,0,31,0,0,0,31
02/07/2006,IPT,PA,AEA,EN,Federal Contract Tower,0,16,3,0,19,0,7,16,1,24,0,23,19,1,43,32,0,32,75
02/08/2006,IPT,PA,AEA,EN,Federal Contract Tower,0,17,10,0,27,0,4,26,0,30,0,21,36,0,57,14,0,14,71
02/09/2006,IPT,PA,AEA,EN,Federal Contract Tower,0,16,17,0,33,0,6,24,0,30,0,22,41,0,63,0,0,0,63
02/10/2006,IPT,PA,AEA,EN,Federal Contract Tower,0,20,10,0,30,0,2,32,2,36,0,22,42,2,66,22,0,22,88
02/11/2006,IPT,PA,AEA,EN,Federal Contract Tower,0,8,2,0,10,0,5,24,0,29,0,13,26,0,39,22,0,22,61
02/12/2006,IPT,PA,AEA,EN,Federal Contract Tower,0,5,0,0,5,0,0,4,0,4,0,5,4,0,9,22,0,22,31
02/13/2006,IPT,PA,AEA,EN,Federal Contract Tower,0,8,2,0,10,0,5,15,0,20,0,13,17,0,30,0,0,0,30
02/14/2006,IPT,PA,AEA,EN,Federal Contract Tower,0,18,9,0,27,0,5,12,0,17,0,23,21,0,44,0,0,0,44
02/15/2006,IPT,PA,AEA,EN,Federal Contract Tower,0,19,9,3,31,0,3,41,1,45,0,22,50,4,76,26,6,32,108
02/16/2006,IPT,PA,AEA,EN,Federal Contract Tower,0,25,13,1,39,0,3,33,4,40,0,28,46,5,79,20,4,24,103
02/17/2006,IPT,PA,AEA,EN,Federal Contract Tower,0,15,6,4,25,0,2,4,0,6,0,17,10,4,31,0,0,0,31
02/18/2006,IPT,PA,AEA,EN,Federal Contract Tower,0,12,4,0,16,0,1,13,0,14,0,13,17,0,30,4,0,4,34
02/19/2006,IPT,PA,AEA,EN,Federal Contract Tower,0,8,8,3,19,0,0,17,0,17,0,8,25,3,36,0,0,0,36
02/20/2006,IPT,PA,AEA,EN,Federal Contract Tower,0,17,17,0,34,0,1,44,1,46,0,18,61,1,80,48,0,48,128
02/21/2006,IPT,PA,AEA,EN,Federal Contract Tower,0,14,5,0,19,0,4,18,0,22,0,18,23,0,41,12,0,12,53
02/22/2006,IPT,PA,AEA,EN,Federal Contract Tower,0,15,2,0,17,0,4,25,0,29,0,19,27,0,46,32,0,32,78
02/23/2006,IPT,PA,AEA,EN,Federal Contract Tower,0,23,12,1,36,0,1,5,0,6,0,24,17,1,42,0,0,0,42
02/24/2006,IPT,PA,AEA,EN,Federal Contract Tower,0,17,4,0,21,0,2,16,1,19,0,19,20,1,40,28,0,28,68
02/25/2006,IPT,PA,AEA,EN,Federal Contract Tower,0,12,5,0,17,0,1,4,0,5,0,13,9,0,22,2,0,2,24
02/26/2006,IPT,PA,AEA,EN,Federal Contract Tower,0,10,12,0,22,0,0,6,0,6,0,10,18,0,28,0,0,0,28
02/27/2006,IPT,PA,AEA,EN,Federal Contract Tower,0,12,7,0,19,0,3,5,0,8,0,15,12,0,27,0,0,0,27
02/28/2006,IPT,PA,AEA,EN,Federal Contract Tower,0,18,8,0,26,0,8,23,0,31,0,26,31,0,57,18,0,18,75
03/01/2006,IPT,PA,AEA,EN,Federal Contract Tower,0,16,8,1,25,0,4,45,4,53,0,20,53,5,78,42,2,44,122
03/02/2006,IPT,PA,AEA,EN,Federal Contract Tower,0,18,0,0,18,0,0,0,0,0,0,18,0,0,18,0,0,0,18
03/03/2006,IPT,PA,AEA,EN,Federal Contract Tower,0,16,9,1,26,0,6,18,0,24,0,22,27,1,50,28,0,28,78
03/04/2006,IPT,PA,AEA,EN,Federal Contract Tower,0,17,8,0,25,0,2,12,0,14,0,19,20,0,39,20,0,20,59
03/05/2006,IPT,PA,AEA,EN,Federal Contract Tower,0,10,8,0,18,0,4,27,0,31,0,14,35,0,49,32,0,32,81
03/06/2006,IPT,PA,AEA,EN,Federal Contract Tower,0,13,11,0,24,0,6,32,0,38,0,19,43,0,62,18,0,18,80
03/07/2006,IPT,PA,AEA,EN,Federal Contract Tower,0,20,8,0,28,0,5,43,2,50,0,25,51,2,78,26,0,26,104
03/08/2006,IPT,PA,AEA,EN,Federal Contract Tower,0,14,2,0,16,0,0,29,0,29,0,14,31,0,45,48,0,48,93
03/09/2006,IPT,PA,AEA,EN,Federal Contract Tower,0,18,11,1,30,0,0,12,0,12,0,18,23,1,42,34,0,34,76
03/10/2006,IPT,PA,AEA,EN,Federal Contract Tower,0,20,14,0,34,0,7,11,0,18,0,27,25,0,52,4,0,4,56
03/11/2006,IPT,PA,AEA,EN,Federal Contract Tower,0,7,6,2,15,0,4,57,3,64,0,11,63,5,79,36,0,36,115
03/12/2006,IPT,PA,AEA,EN,Federal Contract Tower,0,6,7,0,13,0,0,0,0,0,0,6,7,0,13,0,0,0,13
03/13/2006,IPT,PA,AEA,EN,Federal Contract Tower,0,18,0,0,18,0,8,3,0,11,0,26,3,0,29,0,0,0,29
03/14/2006,IPT,PA,AEA,EN,Federal Contract Tower,0,17,5,0,22,0,2,2,0,4,0,19,7,0,26,0,0,0,26
03/15/2006,IPT,PA,AEA,EN,Federal Contract Tower,0,14,10,0,24,0,5,4,3,12,0,19,14,3,36,0,0,0,36
03/16/2006,IPT,PA,AEA,EN,Federal Contract Tower,0,18,5,1,24,0,5,43,1,49,0,23,48,2,73,48,0,48,121
03/17/2006,IPT,PA,AEA,EN,Federal Contract Tower,0,14,7,2,23,0,5,41,0,46,0,19,48,2,69,50,0,50,119
03/18/2006,IPT,PA,AEA,EN,Federal Contract Tower,0,9,1,0,10,0,3,30,0,33,0,12,31,0,43,6,0,6,49
03/19/2006,IPT,PA,AEA,EN,Federal Contract Tower,0,10,14,0,24,0,2,12,0,14,0,12,26,0,38,20,0,20,58
03/20/2006,IPT,PA,AEA,EN,Federal Contract Tower,0,13,7,0,20,0,5,23,0,28,0,18,30,0,48,40,0,40,88
03/21/2006,IPT,PA,AEA,EN,Federal Contract Tower,0,13,7,0,20,0,8,41,0,49,0,21,48,0,69,24,0,24,93
03/22/2006,IPT,PA,AEA,EN,Federal Contract Tower,0,16,10,0,26,0,15,22,0,37,0,31,32,0,63,26,0,26,89
03/23/2006,IPT,PA,AEA,EN,Federal Contract Tower,0,16,10,0,26,0,6,25,0,31,0,22,35,0,57,68,0,68,125
03/24/2006,IPT,PA,AEA,EN,Federal Contract Tower,0,18,7,0,25,0,4,21,0,25,0,22,28,0,50,40,0,40,90
03/25/2006,IPT,PA,AEA,EN,Federal Contract Tower,0,11,6,0,17,0,0,35,0,35,0,11,41,0,52,72,0,72,124
03/26/2006,IPT,PA,AEA,EN,Federal Contract Tower,0,7,10,0,17,0,4,22,0,26,0,11,32,0,43,12,0,12,55
03/27/2006,IPT,PA,AEA,EN,Federal Contract Tower,0,12,9,0,21,0,11,47,0,58,0,23,56,0,79,26,0,26,105
03/28/2006,IPT,PA,AEA,EN,Federal Contract Tower,0,12,2,1,15,0,5,38,7,50,0,17,40,8,65,30,0,30,95
03/29/2006,IPT,PA,AEA,EN,Federal Contract Tower,0,15,11,1,27,0,6,41,1,48,0,21,52,2,75,12,0,12,87
03/30/2006,IPT,PA,AEA,EN,Federal Contract Tower,0,17,6,0,23,0,7,51,2,60,0,24,57,2,83,34,0,34,117
03/31/2006,IPT,PA,AEA,EN,Federal Contract Tower,0,16,9,0,25,0,3,38,0,41,0,19,47,0,66,14,0,14,80
04/01/2006,IPT,PA,AEA,EN,Federal Contract Tower,0,6,5,0,11,0,1,5,0,6,0,7,10,0,17,0,0,0,17
04/02/2006,IPT,PA,AEA,EN,Federal Contract Tower,0,9,13,1,23,0,11,94,3,108,0,20,107,4,131,76,0,76,207
04/03/2006,IPT,PA,AEA,EN,Federal Contract Tower,0,12,4,0,16,0,5,2,0,7,0,17,6,0,23,0,0,0,23
04/04/2006,IPT,PA,AEA,EN,Federal Contract Tower,0,14,5,0,19,0,6,18,0,24,0,20,23,0,43,6,0,6,49
04/05/2006,IPT,PA,AEA,EN,Federal Contract Tower,0,18,8,1,27,0,3,12,1,16,0,21,20,2,43,0,0,0,43
04/06/2006,IPT,PA,AEA,EN,Federal Contract Tower,0,15,14,0,29,0,7,36,0,43,0,22,50,0,72,50,0,50,122
04/07/2006,IPT,PA,AEA,EN,Federal Contract Tower,0,12,8,0,20,0,0,4,0,4,0,12,12,0,24,0,0,0,24
04/08/2006,IPT,PA,AEA,EN,Federal Contract Tower,0,7,12,0,19,0,3,29,0,32,0,10,41,0,51,44,0,44,95
04/09/2006,IPT,PA,AEA,EN,Federal Contract Tower,0,9,4,2,15,0,8,52,0,60,0,17,56,2,75,20,0,20,95
04/10/2006,IPT,PA,AEA,EN,Federal Contract Tower,0,13,17,0,30,0,5,45,0,50,0,18,62,0,80,60,0,60,140
04/11/2006,IPT,PA,AEA,EN,Federal Contract Tower,0,18,11,0,29,0,2,60,0,62,0,20,71,0,91,72,0,72,163
04/12/2006,IPT,PA,AEA,EN,Federal Contract Tower,0,16,11,0,27,0,2,24,0,26,0,18,35,0,53,4,0,4,57
04/13/2006,IPT,PA,AEA,EN,Federal Contract Tower,0,17,8,0,25,0,4,44,2,50,0,21,52,2,75,38,0,38,113
04/14/2006,IPT,PA,AEA,EN,Federal Contract Tower,0,15,10,0,25,0,5,7,0,12,0,20,17,0,37,0,0,0,37
04/15/2006,IPT,PA,AEA,EN,Federal Contract Tower,0,10,7,1,18,0,2,44,0,46,0,12,51,1,64,26,0,26,90
04/16/2006,IPT,PA,AEA,EN,Federal Contract Tower,0,9,3,0,12,0,3,26,0,29,0,12,29,0,41,4,0,4,45
04/17/2006,IPT,PA,AEA,EN,Federal Contract Tower,0,12,10,0,22,0,3,31,2,36,0,15,41,2,58,12,2,14,72
04/18/2006,IPT,PA,AEA,EN,Federal Contract Tower,0,16,13,0,29,0,7,41,6,54,0,23,54,6,83,44,2,46,129
04/19/2006,IPT,PA,AEA,EN,Federal Contract Tower,0,11,16,0,27,0,4,47,0,51,0,15,63,0,78,32,0,32,110
04/20/2006,IPT,PA,AEA,EN,Federal Contract Tower,0,14,10,0,24,0,7,51,4,62,0,21,61,4,86,38,0,38,124
04/21/2006,IPT,PA,AEA,EN,Federal Contract Tower,0,15,13,0,28,0,4,38,0,42,0,19,51,0,70,34,0,34,104
04/22/2006,IPT,PA,AEA,EN,Federal Contract Tower,0,11,4,0,15,0,0,0,0,0,0,11,4,0,15,0,0,0,15
04/23/2006,IPT,PA,AEA,EN,Federal Contract Tower,0,8,11,0,19,0,2,12,0,14,0,10,23,0,33,0,6,6,39
04/24/2006,IPT,PA,AEA,EN,Federal Contract Tower,0,11,10,1,22,0,6,18,1,25,0,17,28,2,47,18,0,18,65
04/25/2006,IPT,PA,AEA,EN,Federal Contract Tower,0,17,9,0,26,0,11,24,0,35,0,28,33,0,61,8,0,8,69
04/26/2006,IPT,PA,AEA,EN,Federal Contract Tower,0,21,11,0,32,0,9,73,0,82,0,30,84,0,114,56,0,56,170
04/27/2006,IPT,PA,AEA,EN,Federal Contract Tower,0,15,10,2,27,0,11,51,2,64,0,26,61,4,91,52,0,52,143
04/28/2006,IPT,PA,AEA,EN,Federal Contract Tower,0,12,5,2,19,0,6,49,1,56,0,18,54,3,75,28,0,28,103
04/29/2006,IPT,PA,AEA,EN,Federal Contract Tower,0,10,6,0,16,0,10,36,3,49,0,20,42,3,65,18,0,18,83
04/30/2006,IPT,PA,AEA,EN,Federal Contract Tower,0,8,6,0,14,0,0,58,0,58,0,8,64,0,72,54,0,54,126
05/01/2006,IPT,PA,AEA,EN,Federal Contract Tower,0,12,13,0,25,0,2,37,0,39,0,14,50,0,64,70,0,70,134
05/02/2006,IPT,PA,AEA,EN,Federal Contract Tower,0,18,4,0,22,0,3,53,8,64,0,21,57,8,86,44,0,44,130
05/03/2006,IPT,PA,AEA,EN,Federal Contract Tower,0,17,12,0,29,0,7,32,4,43,0,24,44,4,72,14,0,14,86
05/04/2006,IPT,PA,AEA,EN,Federal Contract Tower,0,17,13,0,30,0,4,34,0,38,0,21,47,0,68,62,0,62,130
05/05/2006,IPT,PA,AEA,EN,Federal Contract Tower,0,15,3,0,18,0,3,79,0,82,0,18,82,0,100,74,0,74,174
05/06/2006,IPT,PA,AEA,EN,Federal Contract Tower,0,8,7,1,16,0,4,115,0,119,0,12,122,1,135,40,0,40,175
05/07/2006,IPT,PA,AEA,EN,Federal Contract Tower,0,6,11,0,17,0,3,71,0,74,0,9,82,0,91,52,0,52,143
05/08/2006,IPT,PA,AEA,EN,Federal Contract Tower,0,14,6,0,20,0,2,48,0,50,0,16,54,0,70,8,0,8,78
05/09/2006,IPT,PA,AEA,EN,Federal Contract Tower,0,20,11,0,31,0,4,52,0,56,0,24,63,0,87,44,0,44,131
05/10/2006,IPT,PA,AEA,EN,Federal Contract Tower,0,18,9,0,27,0,3,40,0,43,0,21,49,0,70,38,0,38,108
05/11/2006,IPT,PA,AEA,EN,Federal Contract Tower,0,16,5,0,21,0,3,1,0,4,0,19,6,0,25,0,0,0,25
05/12/2006,IPT,PA,AEA,EN,Federal Contract Tower,0,15,13,0,28,0,5,33,0,38,0,20,46,0,66,44,0,44,110
05/13/2006,IPT,PA,AEA,EN,Federal Contract Tower,0,11,1,2,14,0,4,13,0,17,0,15,14,2,31,4,0,4,35
05/14/2006,IPT,PA,AEA,EN,Federal Contract Tower,0,10,9,0,19,0,6,8,0,14,0,16,17,0,33,6,0,6,39
05/15/2006,IPT,PA,AEA,EN,Federal Contract Tower,0,14,11,0,25,0,2,0,0,2,0,16,11,0,27,0,0,0,27
05/16/2006,IPT,PA,AEA,EN,Federal Contract Tower,0,20,3,0,23,0,13,26,0,39,0,33,29,0,62,38,0,38,100
05/17/2006,IPT,PA,AEA,EN,Federal Contract Tower,0,21,14,0,35,0,5,19,0,24,0,26,33,0,59,56,0,56,115
05/18/2006,IPT,PA,AEA,EN,Federal Contract Tower,0,17,11,0,28,0,7,12,0,19,0,24,23,0,47,14,0,14,61
05/19/2006,IPT,PA,AEA,EN,Federal Contract Tower,0,16,12,0,28,0,6,20,0,26,0,22,32,0,54,22,0,22,76
05/20/2006,IPT,PA,AEA,EN,Federal Contract Tower,0,14,8,0,22,0,2,23,0,25,0,16,31,0,47,36,0,36,83
05/21/2006,IPT,PA,AEA,EN,Federal Contract Tower,0,8,9,0,17,0,0,9,0,9,0,8,18,0,26,0,0,0,26
05/22/2006,IPT,PA,AEA,EN,Federal Contract Tower,0,16,8,0,24,0,2,21,0,23,0,18,29,0,47,0,0,0,47
05/23/2006,IPT,PA,AEA,EN,Federal Contract Tower,0,16,10,0,26,0,4,64,2,70,0,20,74,2,96,16,0,16,112
05/24/2006,IPT,PA,AEA,EN,Federal Contract Tower,0,16,6,1,23,0,10,70,1,81,0,26,76,2,104,44,0,44,148
05/25/2006,IPT,PA,AEA,EN,Federal Contract Tower,0,16,8,0,24,0,6,31,0,37,0,22,39,0,61,24,0,24,85
05/26/2006,IPT,PA,AEA,EN,Federal Contract Tower,0,15,5,0,20,0,1,7,0,8,0,16,12,0,28,0,0,0,28
05/27/2006,IPT,PA,AEA,EN,Federal Contract Tower,0,9,9,0,18,0,10,23,2,35,0,19,32,2,53,8,0,8,61
05/28/2006,IPT,PA,AEA,EN,Federal Contract Tower,0,10,6,0,16,0,0,49,0,49,0,10,55,0,65,10,0,10,75
05/29/2006,IPT,PA,AEA,EN,Federal Contract Tower,0,11,10,0,21,0,3,29,2,34,0,14,39,2,55,18,0,18,73
05/30/2006,IPT,PA,AEA,EN,Federal Contract Tower,0,14,13,0,27,0,3,22,1,26,0,17,35,1,53,8,2,10,63
05/31/2006,IPT,PA,AEA,EN,Federal Contract Tower,0,20,12,0,32,0,7,35,1,43,0,27,47,1,75,36,0,36,111
06/01/2006,IPT,PA,AEA,EN,Federal Contract Tower,0,21,10,0,31,0,4,11,1,16,0,25,21,1,47,6,0,6,53
06/02/2006,IPT,PA,AEA,EN,Federal Contract Tower,0,15,6,0,21,0,2,5,0,7,0,17,11,0,28,6,0,6,34
06/03/2006,IPT,PA,AEA,EN,Federal Contract Tower,0,9,6,0,15,0,2,9,2,13,0,11,15,2,28,0,0,0,28
06/04/2006,IPT,PA,AEA,EN,Federal Contract Tower,0,9,11,2,22,0,4,12,3,19,0,13,23,5,41,4,4,8,49
06/05/2006,IPT,PA,AEA,EN,Federal Contract Tower,0,14,7,0,21,0,10,46,2,58,0,24,53,2,79,40,4,44,123
06/06/2006,IPT,PA,AEA,EN,Federal Contract Tower,0,14,10,0,24,0,10,42,0,52,0,24,52,0,76,64,0,64,140
06/07/2006,IPT,PA,AEA,EN,Federal Contract Tower,0,14,7,0,21,0,4,33,0,37,0,18,40,0,58,18,0,18,76
06/08/2006,IPT,PA,AEA,EN,Federal Contract Tower,0,18,11,1,30,0,7,36,0,43,0,25,47,1,73,14,2,16,89
06/09/2006,IPT,PA,AEA,EN,Federal Contract Tower,0,17,9,0,26,0,3,20,3,26,0,20,29,3,52,12,2,14,66
06/10/2006,IPT,PA,AEA,EN,Federal Contract Tower,0,11,6,0,17,0,6,41,0,47,0,17,47,0,64,2,0,2,66
06/11/2006,IPT,PA,AEA,EN,Federal Contract Tower,0,11,12,1,24,0,8,46,0,54,0,19,58,1,78,22,0,22,100
06/12/2006,IPT,PA,AEA,EN,Federal Contract Tower,0,17,8,0,25,0,9,42,0,51,0,26,50,0,76,68,0,68,144
06/13/2006,IPT,PA,AEA,EN,Federal Contract Tower,0,14,16,1,31,0,6,84,0,90,0,20,100,1,121,102,0,102,223
06/14/2006,IPT,PA,AEA,EN,Federal Contract Tower,0,16,10,0,26,0,4,32,0,36,0,20,42,0,62,38,0,38,100
06/15/2006,IPT,PA,AEA,EN,Federal Contract Tower,0,12,12,1,25,0,16,42,0,58,0,28,54,1,83,38,0,38,121
06/16/2006,IPT,PA,AEA,EN,Federal Contract Tower,2,14,2,1,19,0,5,62,3,70,2,19,64,4,89,14,0,14,103
06/17/2006,IPT,PA,AEA,EN,Federal Contract Tower,0,8,6,0,14,0,8,37,0,45,0,16,43,0,59,20,0,20,79
06/18/2006,IPT,PA,AEA,EN,Federal Contract Tower,3,8,5,0,16,0,6,27,0,33,3,14,32,0,49,6,0,6,55
06/19/2006,IPT,PA,AEA,EN,Federal Contract Tower,1,15,13,0,29,0,7,7,0,14,1,22,20,0,43,38,0,38,81
06/20/2006,IPT,PA,AEA,EN,Federal Contract Tower,0,20,13,0,33,0,3,32,2,37,0,23,45,2,70,32,8,40,110
06/21/2006,IPT,PA,AEA,EN,Federal Contract Tower,0,12,12,0,24,0,10,66,6,82,0,22,78,6,106,36,2,38,144
06/22/2006,IPT,PA,AEA,EN,Federal Contract Tower,0,23,15,0,38,0,3,35,0,38,0,26,50,0,76,36,0,36,112
06/23/2006,IPT,PA,AEA,EN,Federal Contract Tower,0,15,14,0,29,0,1,20,0,21,0,16,34,0,50,0,0,0,50
06/24/2006,IPT,PA,AEA,EN,Federal Contract Tower,0,7,8,0,15,0,3,22,0,25,0,10,30,0,40,32,0,32,72
06/25/2006,IPT,PA,AEA,EN,Federal Contract Tower,0,9,8,0,17,0,0,0,0,0,0,9,8,0,17,0,0,0,17
06/26/2006,IPT,PA,AEA,EN,Federal Contract Tower,0,13,11,0,24,0,0,8,0,8,0,13,19,0,32,0,0,0,32
06/27/2006,IPT,PA,AEA,EN,Federal Contract Tower,0,19,21,0,40,0,0,3,0,3,0,19,24,0,43,2,0,2,45
06/28/2006,IPT,PA,AEA,EN,Federal Contract Tower,0,16,7,0,23,0,7,15,2,24,0,23,22,2,47,36,0,36,83
06/29/2006,IPT,PA,AEA,EN,Federal Contract Tower,0,11,15,0,26,0,7,27,4,38,0,18,42,4,64,0,2,2,66
06/30/2006,IPT,PA,AEA,EN,Federal Contract Tower,0,14,11,0,25,0,5,44,2,51,0,19,55,2,76,24,0,24,100
07/01/2006,IPT,PA,AEA,EN,Federal Contract Tower,0,10,10,0,20,0,3,29,0,32,0,13,39,0,52,32,0,32,84
07/02/2006,IPT,PA,AEA,EN,Federal Contract Tower,0,7,13,0,20,0,6,8,0,14,0,13,21,0,34,10,0,10,44
07/03/2006,IPT,PA,AEA,EN,Federal Contract Tower,0,14,9,0,23,0,10,17,0,27,0,24,26,0,50,10,0,10,60
07/04/2006,IPT,PA,AEA,EN,Federal Contract Tower,0,8,2,0,10,0,3,9,0,12,0,11,11,0,22,4,0,4,26
07/05/2006,IPT,PA,AEA,EN,Federal Contract Tower,0,15,10,1,26,0,7,41,3,51,0,22,51,4,77,36,0,36,113
07/06/2006,IPT,PA,AEA,EN,Federal Contract Tower,0,14,16,1,31,0,15,62,8,85,0,29,78,9,116,30,0,30,146
07/07/2006,IPT,PA,AEA,EN,Federal Contract Tower,0,14,10,0,24,0,5,55,7,67,0,19,65,7,91,38,0,38,129
07/08/2006,IPT,PA,AEA,EN,Federal Contract Tower,0,9,4,0,13,0,5,70,0,75,0,14,74,0,88,28,0,28,116
07/09/2006,IPT,PA,AEA,EN,Federal Contract Tower,0,9,8,0,17,0,6,33,0,39,0,15,41,0,56,0,0,0,56
07/10/2006,IPT,PA,AEA,EN,Federal Contract Tower,0,16,9,1,26,0,4,14,0,18,0,20,23,1,44,0,0,0,44
07/11/2006,IPT,PA,AEA,EN,Federal Contract Tower,0,19,10,0,29,0,2,22,0,24,0,21,32,0,53,20,0,20,73
07/12/2006,IPT,PA,AEA,EN,Federal Contract Tower,0,15,6,1,22,0,5,7,0,12,0,20,13,1,34,30,0,30,64
07/13/2006,IPT,PA,AEA,EN,Federal Contract Tower,0,24,13,0,37,0,8,43,0,51,0,32,56,0,88,42,0,42,130
07/14/2006,IPT,PA,AEA,EN,Federal Contract Tower,0,21,8,2,31,0,7,52,3,62,0,28,60,5,93,38,0,38,131
07/15/2006,IPT,PA,AEA,EN,Federal Contract Tower,0,7,6,1,14,0,5,7,2,14,0,12,13,3,28,6,0,6,34
07/16/2006,IPT,PA,AEA,EN,Federal Contract Tower,0,6,12,0,18,0,8,47,0,55,0,14,59,0,73,36,0,36,109
07/17/2006,IPT,PA,AEA,EN,Federal Contract Tower,0,18,2,2,22,0,6,54,5,65,0,24,56,7,87,8,0,8,95
07/18/2006,IPT,PA,AEA,EN,Federal Contract Tower,0,20,14,1,35,0,4,35,0,39,0,24,49,1,74,68,0,68,142
07/19/2006,IPT,PA,AEA,EN,Federal Contract Tower,0,20,8,0,28,0,10,73,3,86,0,30,81,3,114,48,0,48,162
07/20/2006,IPT,PA,AEA,EN,Federal Contract Tower,0,22,21,0,43,0,7,40,0,47,0,29,61,0,90,42,0,42,132
07/21/2006,IPT,PA,AEA,EN,Federal Contract Tower,0,16,17,4,37,0,3,33,10,46,0,19,50,14,83,30,0,30,113
07/22/2006,IPT,PA,AEA,EN,Federal Contract Tower,0,11,1,0,12,0,2,0,0,2,0,13,1,0,14,0,0,0,14
07/23/2006,IPT,PA,AEA,EN,Federal Contract Tower,0,8,15,0,23,0,10,36,2,48,0,18,51,2,71,14,0,14,85
07/24/2006,IPT,PA,AEA,EN,Federal Contract Tower,0,15,7,0,22,0,7,57,0,64,0,22,64,0,86,2,0,2,88
07/25/2006,IPT,PA,AEA,EN,Federal Contract Tower,0,19,8,1,28,0,7,29,6,42,0,26,37,7,70,12,0,12,82
07/26/2006,IPT,PA,AEA,EN,Federal Contract Tower,0,19,18,0,37,0,9,33,1,43,0,28,51,1,80,6,0,6,86
07/27/2006,IPT,PA,AEA,EN,Federal Contract Tower,0,15,10,0,25,0,8,14,0,22,0,23,24,0,47,8,0,8,55
07/28/2006,IPT,PA,AEA,EN,Federal Contract Tower,0,14,9,0,23,0,4,8,0,12,0,18,17,0,35,0,0,0,35
07/29/2006,IPT,PA,AEA,EN,Federal Contract Tower,0,11,3,0,14,0,3,44,2,49,0,14,47,2,63,32,0,32,95
07/30/2006,IPT,PA,AEA,EN,Federal Contract Tower,0,12,5,0,17,0,5,31,0,36,0,17,36,0,53,6,0,6,59
07/31/2006,IPT,PA,AEA,EN,Federal Contract Tower,0,17,4,2,23,0,7,38,0,45,0,24,42,2,68,32,0,32,100
08/01/2006,IPT,PA,AEA,EN,Federal Contract Tower,0,23,12,1,36,0,6,43,4,53,0,29,55,5,89,14,2,16,105
08/02/2006,IPT,PA,AEA,EN,Federal Contract Tower,0,17,8,0,25,0,4,28,0,32,0,21,36,0,57,0,0,0,57
08/03/2006,IPT,PA,AEA,EN,Federal Contract Tower,0,14,3,0,17,0,5,35,0,40,0,19,38,0,57,40,0,40,97
08/04/2006,IPT,PA,AEA,EN,Federal Contract Tower,0,16,7,0,23,0,9,25,1,35,0,25,32,1,58,36,0,36,94
08/05/2006,IPT,PA,AEA,EN,Federal Contract Tower,0,9,8,0,17,0,4,77,0,81,0,13,85,0,98,32,0,32,130
08/06/2006,IPT,PA,AEA,EN,Federal Contract Tower,0,7,10,0,17,0,2,47,2,51,0,9,57,2,68,32,0,32,100
08/07/2006,IPT,PA,AEA,EN,Federal Contract Tower,0,15,5,0,20,0,3,13,0,16,0,18,18,0,36,0,0,0,36
08/08/2006,IPT,PA,AEA,EN,Federal Contract Tower,0,18,16,0,34,0,8,44,4,56,0,26,60,4,90,38,2,40,130
08/09/2006,IPT,PA,AEA,EN,Federal Contract Tower,0,23,16,4,43,0,5,50,2,57,0,28,66,6,100,40,0,40,140
08/10/2006,IPT,PA,AEA,EN,Federal Contract Tower,0,14,15,0,29,0,16,15,0,31,0,30,30,0,60,2,0,2,62
08/11/2006,IPT,PA,AEA,EN,Federal Contract Tower,0,13,8,0,21,0,13,33,0,46,0,26,41,0,67,24,0,24,91
08/12/2006,IPT,PA,AEA,EN,Federal Contract Tower,0,9,9,0,18,0,5,55,0,60,0,14,64,0,78,32,0,32,110
08/13/2006,IPT,PA,AEA,EN,Federal Contract Tower,0,7,8,0,15,0,6,54,0,60,0,13,62,0,75,28,0,28,103
08/14/2006,IPT,PA,AEA,EN,Federal Contract Tower,0,15,8,0,23,0,6,52,2,60,0,21,60,2,83,18,0,18,101
08/15/2006,IPT,PA,AEA,EN,Federal Contract Tower,0,20,9,1,30,0,13,43,3,59,0,33,52,4,89,48,0,48,137
08/16/2006,IPT,PA,AEA,EN,Federal Contract Tower,0,14,21,2,37,0,6,59,7,72,0,20,80,9,109,74,0,74,183
08/17/2006,IPT,PA,AEA,EN,Federal Contract Tower,0,13,7,3,23,0,5,53,8,66,0,18,60,11,89,57,0,57,146
08/18/2006,IPT,PA,AEA,EN,Federal Contract Tower,0,13,10,0,23,0,9,31,2,42,0,22,41,2,65,2,0,2,67
08/19/2006,IPT,PA,AEA,EN,Federal Contract Tower,0,9,15,0,24,0,4,2,0,6,0,13,17,0,30,10,0,10,40
08/20/2006,IPT,PA,AEA,EN,Federal Contract Tower,0,8,8,0,16,0,3,14,2,19,0,11,22,2,35,0,0,0,35
08/21/2006,IPT,PA,AEA,EN,Federal Contract Tower,0,15,11,0,26,0,11,37,0,48,0,26,48,0,74,0,0,0,74
08/22/2006,IPT,PA,AEA,EN,Federal Contract Tower,0,14,19,0,33,0,7,22,4,33,0,21,41,4,66,36,0,36,102
08/23/2006,IPT,PA,AEA,EN,Federal Contract Tower,0,18,9,0,27,0,5,45,6,56,0,23,54,6,83,34,4,38,121
08/24/2006,IPT,PA,AEA,EN,Federal Contract Tower,0,17,23,1,41,0,5,36,2,43,0,22,59,3,84,22,0,22,106
08/25/2006,IPT,PA,AEA,EN,Federal Contract Tower,0,15,17,0,32,0,5,21,2,28,0,20,38,2,60,26,4,30,90
08/26/2006,IPT,PA,AEA,EN,Federal Contract Tower,0,11,24,3,38,0,1,6,0,7,0,12,30,3,45,10,0,10,55
08/27/2006,IPT,PA,AEA,EN,Federal Contract Tower,0,8,15,3,26,0,0,0,0,0,0,8,15,3,26,0,0,0,26
08/28/2006,IPT,PA,AEA,EN,Federal Contract Tower,0,18,8,0,26,0,4,10,0,14,0,22,18,0,40,0,0,0,40
08/29/2006,IPT,PA,AEA,EN,Federal Contract Tower,0,17,13,0,30,0,1,1,0,2,0,18,14,0,32,0,0,0,32
08/30/2006,IPT,PA,AEA,EN,Federal Contract Tower,0,17,23,1,41,0,6,25,0,31,0,23,48,1,72,20,0,20,92
08/31/2006,IPT,PA,AEA,EN,Federal Contract Tower,0,14,9,0,23,0,6,36,3,45,0,20,45,3,68,74,2,76,144
09/01/2006,IPT,PA,AEA,EN,Federal Contract Tower,0,15,6,0,21,0,1,15,0,16,0,16,21,0,37,0,0,0,37
09/02/2006,IPT,PA,AEA,EN,Federal Contract Tower,0,7,3,0,10,0,0,0,0,0,0,7,3,0,10,0,0,0,10
09/03/2006,IPT,PA,AEA,EN,Federal Contract Tower,0,8,7,0,15,0,6,9,0,15,0,14,16,0,30,14,0,14,44
09/04/2006,IPT,PA,AEA,EN,Federal Contract Tower,0,10,10,1,21,0,3,39,1,43,0,13,49,2,64,16,0,16,80
09/05/2006,IPT,PA,AEA,EN,Federal Contract Tower,0,17,2,0,19,0,1,5,0,6,0,18,7,0,25,6,0,6,31
09/06/2006,IPT,PA,AEA,EN,Federal Contract Tower,0,18,13,0,31,0,2,28,2,32,0,20,41,2,63,26,0,26,89
09/07/2006,IPT,PA,AEA,EN,Federal Contract Tower,0,18,17,1,36,0,3,46,1,50,0,21,63,2,86,38,0,38,124
09/08/2006,IPT,PA,AEA,EN,Federal Contract Tower,0,12,9,1,22,0,3,33,1,37,0,15,42,2,59,32,0,32,91
09/09/2006,IPT,PA,AEA,EN,Federal Contract Tower,0,9,6,0,15,0,8,19,1,28,0,17,25,1,43,4,0,4,47
09/10/2006,IPT,PA,AEA,EN,Federal Contract Tower,0,9,16,0,25,0,10,21,0,31,0,19,37,0,56,26,0,26,82
09/11/2006,IPT,PA,AEA,EN,Federal Contract Tower,0,12,7,1,20,0,10,29,6,45,0,22,36,7,65,22,20,42,107
09/12/2006,IPT,PA,AEA,EN,Federal Contract Tower,0,13,12,0,25,0,8,37,5,50,0,21,49,5,75,34,0,34,109
09/13/2006,IPT,PA,AEA,EN,Federal Contract Tower,0,18,16,2,36,0,1,7,0,8,0,19,23,2,44,0,0,0,44
09/14/2006,IPT,PA,AEA,EN,Federal Contract Tower,0,14,11,0,25,0,6,10,0,16,0,20,21,0,41,0,0,0,41
09/15/2006,IPT,PA,AEA,EN,Federal Contract Tower,0,12,12,1,25,0,6,18,1,25,0,18,30,2,50,8,0,8,58
09/16/2006,IPT,PA,AEA,EN,Federal Contract Tower,0,11,5,0,16,0,5,111,0,116,0,16,116,0,132,8,0,8,140
09/17/2006,IPT,PA,AEA,EN,Federal Contract Tower,0,12,13,1,26,0,5,93,6,104,0,17,106,7,130,6,2,8,138
09/18/2006,IPT,PA,AEA,EN,Federal Contract Tower,0,14,8,1,23,0,7,25,2,34,0,21,33,3,57,14,0,14,71
09/19/2006,IPT,PA,AEA,EN,Federal Contract Tower,0,16,18,0,34,0,6,10,0,16,0,22,28,0,50,8,0,8,58
09/20/2006,IPT,PA,AEA,EN,Federal Contract Tower,0,15,5,0,20,0,9,23,0,32,0,24,28,0,52,34,0,34,86
09/21/2006,IPT,PA,AEA,EN,Federal Contract Tower,0,22,11,0,33,0,12,74,0,86,0,34,85,0,119,54,0,54,173
09/22/2006,IPT,PA,AEA,EN,Federal Contract Tower,0,19,13,0,32,0,5,36,2,43,0,24,49,2,75,48,0,48,123
09/23/2006,IPT,PA,AEA,EN,Federal Contract Tower,0,11,11,0,22,0,4,4,0,8,0,15,15,0,30,0,0,0,30
09/24/2006,IPT,PA,AEA,EN,Federal Contract Tower,0,9,5,0,14,0,9,16,0,25,0,18,21,0,39,16,0,16,55
09/25/2006,IPT,PA,AEA,EN,Federal Contract Tower,0,17,9,0,26,0,15,27,2,44,0,32,36,2,70,22,0,22,92
09/26/2006,IPT,PA,AEA,EN,Federal Contract Tower,0,17,7,2,26,0,7,54,0,61,0,24,61,2,87,68,0,68,155
09/27/2006,IPT,PA,AEA,EN,Federal Contract Tower,0,14,11,0,25,0,11,58,2,71,0,25,69,2,96,38,0,38,134
09/28/2006,IPT,PA,AEA,EN,Federal Contract Tower,0,21,9,0,30,0,1,3,0,4,0,22,12,0,34,0,0,0,34
09/29/2006,IPT,PA,AEA,EN,Federal Contract Tower,0,14,7,0,21,0,6,29,0,35,0,20,36,0,56,70,0,70,126
09/30/2006,IPT,PA,AEA,EN,Federal Contract Tower,0,11,14,3,28,0,5,9,0,14,0,16,23,3,42,6,0,6,48
10/01/2006,IPT,PA,AEA,EN,Federal Contract Tower,0,12,15,0,27,0,3,14,0,17,0,15,29,0,44,8,0,8,52
10/02/2006,IPT,PA,AEA,EN,Federal Contract Tower,0,13,7,4,24,0,4,34,1,39,0,17,41,5,63,14,0,14,77
10/03/2006,IPT,PA,AEA,EN,Federal Contract Tower,0,12,8,0,20,0,3,25,0,28,0,15,33,0,48,32,0,32,80
10/04/2006,IPT,PA,AEA,EN,Federal Contract Tower,0,15,6,0,21,0,0,3,0,3,0,15,9,0,24,20,0,20,44
10/05/2006,IPT,PA,AEA,EN,Federal Contract Tower,0,18,10,0,28,0,6,37,0,43,0,24,47,0,71,48,0,48,119
10/06/2006,IPT,PA,AEA,EN,Federal Contract Tower,0,13,10,0,23,0,1,48,0,49,0,14,58,0,72,50,0,50,122
10/07/2006,IPT,PA,AEA,EN,Federal Contract Tower,0,9,4,2,15,0,10,60,10,80,0,19,64,12,95,64,0,64,159
10/08/2006,IPT,PA,AEA,EN,Federal Contract Tower,0,10,4,0,14,0,10,78,0,88,0,20,82,0,102,36,0,36,138
10/09/2006,IPT,PA,AEA,EN,Federal Contract Tower,0,11,11,0,22,0,4,41,0,45,0,15,52,0,67,34,0,34,101
10/10/2006,IPT,PA,AEA,EN,Federal Contract Tower,0,15,13,4,32,0,13,46,2,61,0,28,59,6,93,70,12,82,175
10/11/2006,IPT,PA,AEA,EN,Federal Contract Tower,0,15,8,0,23,0,1,9,0,10,0,16,17,0,33,4,0,4,37
10/12/2006,IPT,PA,AEA,EN,Federal Contract Tower,0,14,18,0,32,0,10,14,0,24,0,24,32,0,56,18,0,18,74
10/13/2006,IPT,PA,AEA,EN,Federal Contract Tower,0,16,6,0,22,0,15,27,0,42,0,31,33,0,64,2,0,2,66
10/14/2006,IPT,PA,AEA,EN,Federal Contract Tower,0,11,7,0,18,0,4,30,0,34,0,15,37,0,52,12,0,12,64
10/15/2006,IPT,PA,AEA,EN,Federal Contract Tower,0,10,12,0,22,0,1,50,0,51,0,11,62,0,73,58,0,58,131
10/16/2006,IPT,PA,AEA,EN,Federal Contract Tower,0,11,10,0,21,0,5,38,0,43,0,16,48,0,64,102,0,102,166
10/17/2006,IPT,PA,AEA,EN,Federal Contract Tower,0,13,15,0,28,0,0,1,0,1,0,13,16,0,29,4,0,4,33
10/18/2006,IPT,PA,AEA,EN,Federal Contract Tower,0,16,19,0,35,0,1,21,0,22,0,17,40,0,57,36,0,36,93
10/19/2006,IPT,PA,AEA,EN,Federal Contract Tower,0,15,14,3,32,0,4,17,3,24,0,19,31,6,56,10,8,18,74
10/20/2006,IPT,PA,AEA,EN,Federal Contract Tower,0,10,7,0,17,0,1,2,6,9,0,11,9,6,26,0,0,0,26
10/21/2006,IPT,PA,AEA,EN,Federal Contract Tower,0,11,10,0,21,0,2,29,0,31,0,13,39,0,52,32,0,32,84
10/22/2006,IPT,PA,AEA,EN,Federal Contract Tower,0,9,7,0,16,0,5,14,0,19,0,14,21,0,35,0,0,0,35
10/23/2006,IPT,PA,AEA,EN,Federal Contract Tower,0,14,4,0,18,0,6,26,0,32,0,20,30,0,50,6,0,6,56
10/24/2006,IPT,PA,AEA,EN,Federal Contract Tower,0,18,8,0,26,0,1,16,0,17,0,19,24,0,43,10,0,10,53
10/25/2006,IPT,PA,AEA,EN,Federal Contract Tower,0,12,5,0,17,0,8,23,0,31,0,20,28,0,48,14,0,14,62
10/26/2006,IPT,PA,AEA,EN,Federal Contract Tower,0,19,4,0,23,0,5,30,0,35,0,24,34,0,58,20,0,20,78
10/27/2006,IPT,PA,AEA,EN,Federal Contract Tower,0,17,13,0,30,0,2,18,0,20,0,19,31,0,50,70,0,70,120
10/28/2006,IPT,PA,AEA,EN,Federal Contract Tower,0,9,1,0,10,0,0,4,0,4,0,9,5,0,14,0,0,0,14
10/29/2006,IPT,PA,AEA,EN,Federal Contract Tower,0,10,5,0,15,0,6,3,0,9,0,16,8,0,24,0,0,0,24
10/30/2006,IPT,PA,AEA,EN,Federal Contract Tower,0,10,4,0,14,0,6,53,0,59,0,16,57,0,73,72,0,72,145
10/31/2006,IPT,PA,AEA,EN,Federal Contract Tower,0,16,4,3,23,0,13,35,1,49,0,29,39,4,72,20,0,20,92
11/01/2006,IPT,PA,AEA,EN,Federal Contract Tower,0,16,5,0,21,0,3,50,0,53,0,19,55,0,74,76,0,76,150
11/02/2006,IPT,PA,AEA,EN,Federal Contract Tower,0,20,11,0,31,0,5,26,0,31,0,25,37,0,62,72,0,72,134
11/03/2006,IPT,PA,AEA,EN,Federal Contract Tower,0,16,10,0,26,0,5,18,0,23,0,21,28,0,49,10,0,10,59
11/04/2006,IPT,PA,AEA,EN,Federal Contract Tower,0,11,6,0,17,0,19,51,7,77,0,30,57,7,94,38,0,38,132
11/05/2006,IPT,PA,AEA,EN,Federal Contract Tower,0,10,13,0,23,0,7,46,0,53,0,17,59,0,76,44,0,44,120
11/06/2006,IPT,PA,AEA,EN,Federal Contract Tower,0,13,10,0,23,0,7,33,2,42,0,20,43,2,65,12,0,12,77
11/07/2006,IPT,PA,AEA,EN,Federal Contract Tower,0,18,14,0,32,0,1,15,0,16,0,19,29,0,48,10,0,10,58
11/08/2006,IPT,PA,AEA,EN,Federal Contract Tower,0,20,10,0,30,0,0,0,0,0,0,20,10,0,30,0,0,0,30
11/09/2006,IPT,PA,AEA,EN,Federal Contract Tower,0,15,16,2,33,0,13,17,1,31,0,28,33,3,64,42,0,42,106
11/10/2006,IPT,PA,AEA,EN,Federal Contract Tower,0,16,8,0,24,0,6,31,6,43,0,22,39,6,67,12,2,14,81
11/11/2006,IPT,PA,AEA,EN,Federal Contract Tower,0,13,9,0,22,0,2,22,0,24,0,15,31,0,46,34,0,34,80
11/12/2006,IPT,PA,AEA,EN,Federal Contract Tower,0,9,17,0,26,0,7,0,0,7,0,16,17,0,33,0,0,0,33
11/13/2006,IPT,PA,AEA,EN,Federal Contract Tower,0,15,15,0,30,0,0,0,0,0,0,15,15,0,30,0,0,0,30
11/14/2006,IPT,PA,AEA,EN,Federal Contract Tower,0,21,4,0,25,0,3,11,0,14,0,24,15,0,39,0,0,0,39
11/15/2006,IPT,PA,AEA,EN,Federal Contract Tower,0,24,12,0,36,0,5,6,0,11,0,29,18,0,47,2,0,2,49
11/16/2006,IPT,PA,AEA,EN,Federal Contract Tower,0,20,7,0,27,0,0,0,0,0,0,20,7,0,27,0,0,0,27
11/17/2006,IPT,PA,AEA,EN,Federal Contract Tower,0,15,11,0,26,0,9,15,0,24,0,24,26,0,50,24,0,24,74
11/18/2006,IPT,PA,AEA,EN,Federal Contract Tower,0,9,10,0,19,0,4,33,2,39,0,13,43,2,58,6,0,6,64
11/19/2006,IPT,PA,AEA,EN,Federal Contract Tower,0,11,10,0,21,0,0,13,0,13,0,11,23,0,34,20,0,20,54
11/20/2006,IPT,PA,AEA,EN,Federal Contract Tower,0,14,7,0,21,0,8,19,0,27,0,22,26,0,48,20,0,20,68
11/21/2006,IPT,PA,AEA,EN,Federal Contract Tower,0,17,16,0,33,0,9,58,0,67,0,26,74,0,100,4,0,4,104
11/22/2006,IPT,PA,AEA,EN,Federal Contract Tower,0,19,7,2,28,0,8,54,0,62,0,27,61,2,90,40,0,40,130
11/23/2006,IPT,PA,AEA,EN,Federal Contract Tower,0,4,1,0,5,0,3,2,0,5,0,7,3,0,10,0,0,0,10
11/24/2006,IPT,PA,AEA,EN,Federal Contract Tower,0,9,3,1,13,0,6,47,1,54,0,15,50,2,67,24,0,24,91
11/25/2006,IPT,PA,AEA,EN,Federal Contract Tower,0,7,4,0,11,0,2,38,0,40,0,9,42,0,51,4,0,4,55
11/26/2006,IPT,PA,AEA,EN,Federal Contract Tower,0,6,12,0,18,0,4,23,0,27,0,10,35,0,45,24,0,24,69
11/27/2006,IPT,PA,AEA,EN,Federal Contract Tower,0,12,4,0,16,0,8,24,0,32,0,20,28,0,48,10,0,10,58
11/28/2006,IPT,PA,AEA,EN,Federal Contract Tower,0,17,13,0,30,0,7,13,0,20,0,24,26,0,50,18,0,18,68
11/29/2006,IPT,PA,AEA,EN,Federal Contract Tower,0,22,13,0,35,0,2,2,0,4,0,24,15,0,39,32,0,32,71
11/30/2006,IPT,PA,AEA,EN,Federal Contract Tower,0,16,11,0,27,0,3,12,0,15,0,19,23,0,42,64,0,64,106
12/01/2006,IPT,PA,AEA,EN,Federal Contract Tower,0,14,6,0,20,0,1,5,0,6,0,15,11,0,26,0,0,0,26
12/02/2006,IPT,PA,AEA,EN,Federal Contract Tower,0,8,6,0,14,0,2,17,2,21,0,10,23,2,35,30,0,30,65
12/03/2006,IPT,PA,AEA,EN,Federal Contract Tower,0,6,3,0,9,0,1,42,0,43,0,7,45,0,52,40,0,40,92
12/04/2006,IPT,PA,AEA,EN,Federal Contract Tower,0,15,9,0,24,0,18,9,0,27,0,33,18,0,51,0,0,0,51
12/05/2006,IPT,PA,AEA,EN,Federal Contract Tower,0,16,11,0,27,0,7,9,0,16,0,23,20,0,43,0,0,0,43
12/06/2006,IPT,PA,AEA,EN,Federal Contract Tower,0,20,11,0,31,0,8,22,0,30,0,28,33,0,61,8,0,8,69
12/07/2006,IPT,PA,AEA,EN,Federal Contract Tower,0,20,2,0,22,0,5,10,0,15,0,25,12,0,37,0,0,0,37
12/08/2006,IPT,PA,AEA,EN,Federal Contract Tower,0,14,10,0,24,0,6,14,0,20,0,20,24,0,44,0,0,0,44
12/09/2006,IPT,PA,AEA,EN,Federal Contract Tower,0,9,0,0,9,0,5,52,4,61,0,14,52,4,70,36,0,36,106
12/10/2006,IPT,PA,AEA,EN,Federal Contract Tower,0,10,5,0,15,0,2,42,4,48,0,12,47,4,63,10,0,10,73
12/11/2006,IPT,PA,AEA,EN,Federal Contract Tower,0,17,6,1,24,0,5,42,3,50,0,22,48,4,74,26,6,32,106
12/12/2006,IPT,PA,AEA,EN,Federal Contract Tower,0,18,7,0,25,0,2,34,4,40,0,20,41,4,65,8,0,8,73
12/13/2006,IPT,PA,AEA,EN,Federal Contract Tower,0,15,7,0,22,0,4,19,0,23,0,19,26,0,45,28,0,28,73
12/14/2006,IPT,PA,AEA,EN,Federal Contract Tower,0,13,4,2,19,0,8,18,0,26,0,21,22,2,45,14,0,14,59
12/15/2006,IPT,PA,AEA,EN,Federal Contract Tower,0,14,6,2,22,0,9,8,0,17,0,23,14,2,39,14,0,14,53
12/16/2006,IPT,PA,AEA,EN,Federal Contract Tower,0,10,2,0,12,0,6,40,2,48,0,16,42,2,60,24,0,24,84
12/17/2006,IPT,PA,AEA,EN,Federal Contract Tower,0,10,6,0,16,0,2,32,0,34,0,12,38,0,50,8,0,8,58
12/18/2006,IPT,PA,AEA,EN,Federal Contract Tower,0,17,8,0,25,0,6,14,0,20,0,23,22,0,45,26,0,26,71
12/19/2006,IPT,PA,AEA,EN,Federal Contract Tower,0,14,14,1,29,0,6,45,1,52,0,20,59,2,81,24,0,24,105
12/20/2006,IPT,PA,AEA,EN,Federal Contract Tower,0,20,7,1,28,0,4,54,7,65,0,24,61,8,93,8,6,14,107
12/21/2006,IPT,PA,AEA,EN,Federal Contract Tower,0,17,5,0,22,0,4,15,0,19,0,21,20,0,41,0,0,0,41
12/22/2006,IPT,PA,AEA,EN,Federal Contract Tower,0,14,6,0,20,0,1,0,0,1,0,15,6,0,21,0,0,0,21
12/23/2006,IPT,PA,AEA,EN,Federal Contract Tower,0,12,5,0,17,0,2,6,0,8,0,14,11,0,25,0,0,0,25
12/24/2006,IPT,PA,AEA,EN,Federal Contract Tower,0,8,3,0,11,0,0,18,0,18,0,8,21,0,29,44,0,44,73
12/25/2006,IPT,PA,AEA,EN,Federal Contract Tower,0,10,1,0,11,0,0,0,0,0,0,10,1,0,11,0,0,0,11
12/26/2006,IPT,PA,AEA,EN,Federal Contract Tower,0,13,2,0,15,0,0,3,0,3,0,13,5,0,18,0,0,0,18
12/27/2006,IPT,PA,AEA,EN,Federal Contract Tower,0,15,5,0,20,0,9,21,0,30,0,24,26,0,50,26,0,26,76
12/28/2006,IPT,PA,AEA,EN,Federal Contract Tower,0,15,9,0,24,0,10,38,4,52,0,25,47,4,76,18,0,18,94
12/29/2006,IPT,PA,AEA,EN,Federal Contract Tower,0,17,6,0,23,0,5,39,0,44,0,22,45,0,67,14,0,14,81
12/30/2006,IPT,PA,AEA,EN,Federal Contract Tower,0,7,4,0,11,0,0,14,4,18,0,7,18,4,29,22,0,22,51
12/31/2006,IPT,PA,AEA,EN,Federal Contract Tower,0,8,0,0,8,0,4,39,0,43,0,12,39,0,51,28,0,28,79
01/01/2007,IPT,PA,AEA,EN,Federal Contract Tower,0,12,0,0,12,0,3,0,0,3,0,15,0,0,15,0,0,0,15
01/02/2007,IPT,PA,AEA,EN,Federal Contract Tower,0,11,7,0,18,0,5,12,0,17,0,16,19,0,35,10,0,10,45
01/03/2007,IPT,PA,AEA,EN,Federal Contract Tower,0,15,4,0,19,0,8,38,0,46,0,23,42,0,65,80,0,80,145
01/04/2007,IPT,PA,AEA,EN,Federal Contract Tower,0,13,6,0,19,0,11,42,4,57,0,24,48,4,76,66,0,66,142
01/05/2007,IPT,PA,AEA,EN,Federal Contract Tower,0,16,10,0,26,0,0,0,0,0,0,16,10,0,26,0,0,0,26
01/06/2007,IPT,PA,AEA,EN,Federal Contract Tower,0,7,3,0,10,0,11,8,1,20,0,18,11,1,30,18,0,18,48
01/07/2007,IPT,PA,AEA,EN,Federal Contract Tower,0,8,8,0,16,0,6,41,6,53,0,14,49,6,69,48,0,48,117
01/08/2007,IPT,PA,AEA,EN,Federal Contract Tower,0,17,5,0,22,0,4,4,0,8,0,21,9,0,30,2,0,2,32
01/09/2007,IPT,PA,AEA,EN,Federal Contract Tower,0,13,11,0,24,0,4,15,1,20,0,17,26,1,44,28,0,28,72
01/10/2007,IPT,PA,AEA,EN,Federal Contract Tower,0,16,7,0,23,0,5,14,0,19,0,21,21,0,42,16,0,16,58
01/11/2007,IPT,PA,AEA,EN,Federal Contract Tower,0,12,8,0,20,0,6,24,2,32,0,18,32,2,52,26,0,26,78
01/12/2007,IPT,PA,AEA,EN,Federal Contract Tower,0,12,1,0,13,0,5,8,0,13,0,17,9,0,26,12,0,12,38
01/13/2007,IPT,PA,AEA,EN,Federal Contract Tower,0,8,0,0,8,0,3,0,0,3,0,11,0,0,11,0,0,0,11
01/14/2007,IPT,PA,AEA,EN,Federal Contract Tower,0,11,0,0,11,0,0,0,0,0,0,11,0,0,11,0,0,0,11
01/15/2007,IPT,PA,AEA,EN,Federal Contract Tower,0,13,2,0,15,0,0,0,0,0,0,13,2,0,15,0,0,0,15
01/16/2007,IPT,PA,AEA,EN,Federal Contract Tower,0,15,5,2,22,0,6,10,0,16,0,21,15,2,38,2,0,2,40
01/17/2007,IPT,PA,AEA,EN,Federal Contract Tower,0,14,6,0,20,0,6,24,2,32,0,20,30,2,52,24,0,24,76
01/18/2007,IPT,PA,AEA,EN,Federal Contract Tower,0,12,2,1,15,0,2,31,3,36,0,14,33,4,51,12,2,14,65
01/19/2007,IPT,PA,AEA,EN,Federal Contract Tower,0,16,3,0,19,0,5,7,0,12,0,21,10,0,31,0,0,0,31
01/20/2007,IPT,PA,AEA,EN,Federal Contract Tower,0,9,4,0,13,0,1,2,0,3,0,10,6,0,16,0,0,0,16
01/21/2007,IPT,PA,AEA,EN,Federal Contract Tower,0,9,13,1,23,0,3,27,3,33,0,12,40,4,56,20,0,20,76
01/22/2007,IPT,PA,AEA,EN,Federal Contract Tower,0,12,7,0,19,0,3,0,0,3,0,15,7,0,22,0,0,0,22
01/23/2007,IPT,PA,AEA,EN,Federal Contract Tower,0,13,6,0,19,0,8,16,0,24,0,21,22,0,43,8,0,8,51
01/24/2007,IPT,PA,AEA,EN,Federal Contract Tower,0,11,14,0,25,0,7,29,0,36,0,18,43,0,61,26,0,26,87
01/25/2007,IPT,PA,AEA,EN,Federal Contract Tower,0,14,8,0,22,0,22,7,0,29,0,36,15,0,51,28,0,28,79
01/26/2007,IPT,PA,AEA,EN,Federal Contract Tower,0,12,7,0,19,0,9,15,0,24,0,21,22,0,43,14,0,14,57
01/27/2007,IPT,PA,AEA,EN,Federal Contract Tower,0,11,12,0,23,0,3,12,0,15,0,14,24,0,38,14,0,14,52
01/28/2007,IPT,PA,AEA,EN,Federal Contract Tower,0,10,3,0,13,0,3,0,0,3,0,13,3,0,16,0,0,0,16
01/29/2007,IPT,PA,AEA,EN,Federal Contract Tower,0,15,12,0,27,0,2,13,0,15,0,17,25,0,42,2,0,2,44
01/30/2007,IPT,PA,AEA,EN,Federal Contract Tower,0,12,4,0,16,0,1,4,0,5,0,13,8,0,21,10,0,10,31
01/31/2007,IPT,PA,AEA,EN,Federal Contract Tower,0,13,14,0,27,0,6,25,0,31,0,19,39,0,58,26,0,26,84
02/01/2007,IPT,PA,AEA,EN,Federal Contract Tower,0,18,12,0,30,0,3,14,0,17,0,21,26,0,47,12,0,12,59
02/02/2007,IPT,PA,AEA,EN,Federal Contract Tower,0,10,5,0,15,0,3,0,0,3,0,13,5,0,18,0,0,0,18
02/03/2007,IPT,PA,AEA,EN,Federal Contract Tower,0,8,6,0,14,0,5,12,2,19,0,13,18,2,33,0,0,0,33
02/04/2007,IPT,PA,AEA,EN,Federal Contract Tower,0,10,0,0,10,0,0,6,0,6,0,10,6,0,16,0,0,0,16
02/05/2007,IPT,PA,AEA,EN,Federal Contract Tower,0,15,5,0,20,0,10,10,0,20,0,25,15,0,40,0,0,0,40
02/06/2007,IPT,PA,AEA,EN,Federal Contract Tower,0,11,6,0,17,0,4,3,0,7,0,15,9,0,24,0,0,0,24
02/07/2007,IPT,PA,AEA,EN,Federal Contract Tower,0,14,3,0,17,0,5,24,4,33,0,19,27,4,50,70,0,70,120
02/08/2007,IPT,PA,AEA,EN,Federal Contract Tower,0,16,5,0,21,0,3,12,2,17,0,19,17,2,38,22,0,22,60
02/09/2007,IPT,PA,AEA,EN,Federal Contract Tower,0,16,10,0,26,0,12,13,2,27,0,28,23,2,53,0,0,0,53
02/10/2007,IPT,PA,AEA,EN,Federal Contract Tower,0,8,4,0,12,0,6,31,0,37,0,14,35,0,49,18,0,18,67
02/11/2007,IPT,PA,AEA,EN,Federal Contract Tower,0,11,9,0,20,0,0,30,0,30,0,11,39,0,50,72,0,72,122
02/12/2007,IPT,PA,AEA,EN,Federal Contract Tower,0,14,7,0,21,0,4,32,2,38,0,18,39,2,59,10,0,10,69
02/13/2007,IPT,PA,AEA,EN,Federal Contract Tower,0,9,1,0,10,0,0,0,0,0,0,9,1,0,10,0,0,0,10
02/14/2007,IPT,PA,AEA,EN,Federal Contract Tower,0,5,1,0,6,0,0,0,0,0,0,5,1,0,6,0,0,0,6
02/15/2007,IPT,PA,AEA,EN,Federal Contract Tower,0,8,6,0,14,0,4,5,0,9,0,12,11,0,23,0,0,0,23
02/16/2007,IPT,PA,AEA,EN,Federal Contract Tower,0,18,4,0,22,0,3,7,0,10,0,21,11,0,32,0,0,0,32
02/17/2007,IPT,PA,AEA,EN,Federal Contract Tower,0,9,6,0,15,0,2,3,0,5,0,11,9,0,20,2,0,2,22
02/18/2007,IPT,PA,AEA,EN,Federal Contract Tower,0,8,5,0,13,0,0,0,0,0,0,8,5,0,13,0,0,0,13
02/19/2007,IPT,PA,AEA,EN,Federal Contract Tower,0,12,5,3,20,0,6,25,3,34,0,18,30,6,54,40,0,40,94
02/20/2007,IPT,PA,AEA,EN,Federal Contract Tower,0,14,11,0,25,0,3,11,0,14,0,17,22,0,39,14,0,14,53
02/21/2007,IPT,PA,AEA,EN,Federal Contract Tower,0,13,9,0,22,0,5,26,2,33,0,18,35,2,55,28,2,30,85
02/22/2007,IPT,PA,AEA,EN,Federal Contract Tower,0,11,4,0,15,0,2,3,0,5,0,13,7,0,20,0,0,0,20
02/23/2007,IPT,PA,AEA,EN,Federal Contract Tower,0,13,8,0,21,0,5,11,2,18,0,18,19,2,39,0,0,0,39
02/24/2007,IPT,PA,AEA,EN,Federal Contract Tower,0,9,6,0,15,0,4,31,4,39,0,13,37,4,54,30,0,30,84
02/25/2007,IPT,PA,AEA,EN,Federal Contract Tower,0,7,1,0,8,0,0,2,0,2,0,7,3,0,10,0,0,0,10
02/26/2007,IPT,PA,AEA,EN,Federal Contract Tower,0,15,8,0,23,0,2,2,0,4,0,17,10,0,27,2,0,2,29
02/27/2007,IPT,PA,AEA,EN,Federal Contract Tower,0,16,4,0,20,0,6,8,0,14,0,22,12,0,34,22,0,22,56
02/28/2007,IPT,PA,AEA,EN,Federal Contract Tower,0,14,6,0,20,0,6,22,2,30,0,20,28,2,50,14,0,14,64
03/01/2007,IPT,PA,AEA,EN,Federal Contract Tower,0,18,6,0,24,0,5,6,0,11,0,23,12,0,35,10,0,10,45
03/02/2007,IPT,PA,AEA,EN,Federal Contract Tower,0,12,4,0,16,0,4,14,0,18,0,16,18,0,34,0,0,0,34
03/03/2007,IPT,PA,AEA,EN,Federal Contract Tower,0,9,3,0,12,0,6,8,0,14,0,15,11,0,26,14,0,14,40
03/04/2007,IPT,PA,AEA,EN,Federal Contract Tower,0,10,4,0,14,0,4,6,0,10,0,14,10,0,24,12,0,12,36
03/05/2007,IPT,PA,AEA,EN,Federal Contract Tower,0,15,4,0,19,0,14,3,0,17,0,29,7,0,36,0,0,0,36
03/06/2007,IPT,PA,AEA,EN,Federal Contract Tower,0,12,8,0,20,0,4,16,0,20,0,16,24,0,40,0,0,0,40
03/07/2007,IPT,PA,AEA,EN,Federal Contract Tower,0,12,8,0,20,0,2,16,0,18,0,14,24,0,38,4,0,4,42
03/08/2007,IPT,PA,AEA,EN,Federal Contract Tower,0,20,4,0,24,0,4,35,2,41,0,24,39,2,65,30,2,32,97
03/09/2007,IPT,PA,AEA,EN,Federal Contract Tower,0,15,7,2,24,0,11,36,4,51,0,26,43,6,75,14,0,14,89
03/10/2007,IPT,PA,AEA,EN,Federal Contract Tower,0,8,5,0,13,0,2,7,0,9,0,10,12,0,22,16,0,16,38
03/11/2007,IPT,PA,AEA,EN,Federal Contract Tower,0,9,6,0,15,0,8,27,0,35,0,17,33,0,50,56,0,56,106
03/12/2007,IPT,PA,AEA,EN,Federal Contract Tower,0,15,13,0,28,0,10,50,1,61,0,25,63,1,89,16,0,16,105
03/13/2007,IPT,PA,AEA,EN,Federal Contract Tower,0,19,11,0,30,0,7,55,2,64,0,26,66,2,94,84,8,92,186
03/14/2007,IPT,PA,AEA,EN,Federal Contract Tower,0,16,15,1,32,0,1,15,1,17,0,17,30,2,49,38,0,38,87
03/15/2007,IPT,PA,AEA,EN,Federal Contract Tower,0,17,9,0,26,0,4,0,0,4,0,21,9,0,30,0,0,0,30
03/16/2007,IPT,PA,AEA,EN,Federal Contract Tower,0,3,1,0,4,0,0,0,0,0,0,3,1,0,4,0,0,0,4
03/17/2007,IPT,PA,AEA,EN,Federal Contract Tower,0,6,0,0,6,0,3,3,0,6,0,9,3,0,12,0,0,0,12
03/18/2007,IPT,PA,AEA,EN,Federal Contract Tower,0,8,1,0,9,0,9,8,2,19,0,17,9,2,28,0,0,0,28
03/19/2007,IPT,PA,AEA,EN,Federal Contract Tower,0,16,8,0,24,0,3,5,0,8,0,19,13,0,32,6,0,6,38
03/20/2007,IPT,PA,AEA,EN,Federal Contract Tower,0,14,7,0,21,0,3,23,0,26,0,17,30,0,47,26,0,26,73
03/21/2007,IPT,PA,AEA,EN,Federal Contract Tower,0,14,8,0,22,0,4,37,3,44,0,18,45,3,66,2,2,4,70
03/22/2007,IPT,PA,AEA,EN,Federal Contract Tower,0,13,8,0,21,0,4,9,0,13,0,17,17,0,34,4,0,4,38
03/23/2007,IPT,PA,AEA,EN,Federal Contract Tower,0,14,7,2,23,0,1,3,0,4,0,15,10,2,27,0,2,2,29
03/24/2007,IPT,PA,AEA,EN,Federal Contract Tower,0,11,8,0,19,0,6,14,0,20,0,17,22,0,39,6,0,6,45
03/25/2007,IPT,PA,AEA,EN,Federal Contract Tower,0,8,8,0,16,0,8,34,1,43,0,16,42,1,59,46,0,46,105
03/26/2007,IPT,PA,AEA,EN,Federal Contract Tower,0,15,7,0,22,0,9,15,0,24,0,24,22,0,46,4,0,4,50
03/27/2007,IPT,PA,AEA,EN,Federal Contract Tower,0,18,13,0,31,0,3,37,5,45,0,21,50,5,76,18,0,18,94
03/28/2007,IPT,PA,AEA,EN,Federal Contract Tower,0,20,2,0,22,0,12,29,0,41,0,32,31,0,63,16,0,16,79
03/29/2007,IPT,PA,AEA,EN,Federal Contract Tower,0,11,6,0,17,0,3,42,0,45,0,14,48,0,62,4,0,4,66
03/30/2007,IPT,PA,AEA,EN,Federal Contract Tower,0,14,9,0,23,0,3,55,0,58,0,17,64,0,81,2,0,2,83
03/31/2007,IPT,PA,AEA,EN,Federal Contract Tower,0,8,6,1,15,0,5,38,1,44,0,13,44,2,59,12,0,12,71
04/01/2007,IPT,PA,AEA,EN,Federal Contract Tower,0,8,7,0,15,0,2,2,0,4,0,10,9,0,19,4,0,4,23
04/02/2007,IPT,PA,AEA,EN,Federal Contract Tower,0,17,6,1,24,0,3,9,1,13,0,20,15,2,37,24,0,24,61
04/03/2007,IPT,PA,AEA,EN,Federal Contract Tower,0,15,12,2,29,0,8,71,20,99,0,23,83,22,128,22,0,22,150
04/04/2007,IPT,PA,AEA,EN,Federal Contract Tower,0,13,13,0,26,0,6,0,0,6,0,19,13,0,32,0,0,0,32
04/05/2007,IPT,PA,AEA,EN,Federal Contract Tower,0,14,12,0,26,0,5,2,0,7,0,19,14,0,33,2,0,2,35
04/06/2007,IPT,PA,AEA,EN,Federal Contract Tower,0,14,9,0,23,0,4,14,0,18,0,18,23,0,41,6,0,6,47
04/07/2007,IPT,PA,AEA,EN,Federal Contract Tower,0,9,6,2,17,0,1,14,0,15,0,10,20,2,32,0,0,0,32
04/08/2007,IPT,PA,AEA,EN,Federal Contract Tower,0,10,5,0,15,0,5,6,0,11,0,15,11,0,26,14,0,14,40
04/09/2007,IPT,PA,AEA,EN,Federal Contract Tower,0,15,12,0,27,0,5,24,2,31,0,20,36,2,58,4,0,4,62
04/10/2007,IPT,PA,AEA,EN,Federal Contract Tower,0,18,5,0,23,0,5,38,2,45,0,23,43,2,68,20,0,20,88
04/11/2007,IPT,PA,AEA,EN,Federal Contract Tower,0,16,10,0,26,0,4,19,4,27,0,20,29,4,53,4,0,4,57
04/12/2007,IPT,PA,AEA,EN,Federal Contract Tower,0,15,9,0,24,0,3,6,1,10,0,18,15,1,34,2,0,2,36
04/13/2007,IPT,PA,AEA,EN,Federal Contract Tower,0,13,7,0,20,0,8,12,0,20,0,21,19,0,40,16,0,16,56
04/14/2007,IPT,PA,AEA,EN,Federal Contract Tower,0,12,8,0,20,0,4,48,0,52,0,16,56,0,72,18,0,18,90
04/15/2007,IPT,PA,AEA,EN,Federal Contract Tower,0,6,2,0,8,0,0,1,0,1,0,6,3,0,9,0,0,0,9
04/16/2007,IPT,PA,AEA,EN,Federal Contract Tower,0,12,3,0,15,0,0,4,0,4,0,12,7,0,19,4,0,4,23
04/17/2007,IPT,PA,AEA,EN,Federal Contract Tower,0,17,2,0,19,0,2,10,0,12,0,19,12,0,31,10,0,10,41
04/18/2007,IPT,PA,AEA,EN,Federal Contract Tower,0,14,9,0,23,0,6,21,0,27,0,20,30,0,50,6,0,6,56
04/19/2007,IPT,PA,AEA,EN,Federal Contract Tower,0,15,11,0,26,0,6,23,4,33,0,21,34,4,59,16,2,18,77
04/20/2007,IPT,PA,AEA,EN,Federal Contract Tower,0,14,12,0,26,0,10,32,2,44,0,24,44,2,70,8,0,8,78
04/21/2007,IPT,PA,AEA,EN,Federal Contract Tower,0,8,8,1,17,0,3,42,0,45,0,11,50,1,62,50,0,50,112
04/22/2007,IPT,PA,AEA,EN,Federal Contract Tower,0,9,2,1,12,0,3,67,0,70,0,12,69,1,82,38,0,38,120
04/23/2007,IPT,PA,AEA,EN,Federal Contract Tower,0,12,6,0,18,0,3,29,4,36,0,15,35,4,54,10,0,10,64
04/24/2007,IPT,PA,AEA,EN,Federal Contract Tower,0,14,13,0,27,0,2,20,0,22,0,16,33,0,49,0,0,0,49
04/25/2007,IPT,PA,AEA,EN,Federal Contract Tower,0,18,13,0,31,0,1,11,0,12,0,19,24,0,43,0,0,0,43
04/26/2007,IPT,PA,AEA,EN,Federal Contract Tower,0,21,15,0,36,0,8,7,0,15,0,29,22,0,51,10,0,10,61
04/27/2007,IPT,PA,AEA,EN,Federal Contract Tower,0,15,16,0,31,0,1,3,0,4,0,16,19,0,35,0,0,0,35
04/28/2007,IPT,PA,AEA,EN,Federal Contract Tower,0,9,2,1,12,0,4,16,0,20,0,13,18,1,32,18,0,18,50
04/29/2007,IPT,PA,AEA,EN,Federal Contract Tower,0,10,16,0,26,0,5,48,0,53,0,15,64,0,79,46,0,46,125
04/30/2007,IPT,PA,AEA,EN,Federal Contract Tower,0,13,3,0,16,0,5,27,0,32,0,18,30,0,48,6,0,6,54
05/01/2007,IPT,PA,AEA,EN,Federal Contract Tower,0,13,12,0,25,0,8,11,0,19,0,21,23,0,44,0,0,0,44
05/02/2007,IPT,PA,AEA,EN,Federal Contract Tower,0,16,5,0,21,0,5,34,4,43,0,21,39,4,64,16,2,18,82
05/03/2007,IPT,PA,AEA,EN,Federal Contract Tower,0,19,2,0,21,0,2,68,0,70,0,21,70,0,91,52,0,52,143
05/04/2007,IPT,PA,AEA,EN,Federal Contract Tower,0,16,6,0,22,0,17,45,6,68,0,33,51,6,90,60,2,62,152
05/05/2007,IPT,PA,AEA,EN,Federal Contract Tower,0,8,9,2,19,0,10,42,2,54,0,18,51,4,73,12,0,12,85
05/06/2007,IPT,PA,AEA,EN,Federal Contract Tower,0,7,4,0,11,0,4,44,2,50,0,11,48,2,61,10,0,10,71
05/07/2007,IPT,PA,AEA,EN,Federal Contract Tower,0,16,5,0,21,0,32,34,0,66,0,48,39,0,87,36,0,36,123
05/08/2007,IPT,PA,AEA,EN,Federal Contract Tower,0,12,6,0,18,0,8,34,15,57,0,20,40,15,75,6,0,6,81
05/09/2007,IPT,PA,AEA,EN,Federal Contract Tower,0,10,13,4,27,0,8,38,0,46,0,18,51,4,73,36,2,38,111
05/10/2007,IPT,PA,AEA,EN,Federal Contract Tower,0,20,8,3,31,0,5,14,1,20,0,25,22,4,51,20,0,20,71
05/11/2007,IPT,PA,AEA,EN,Federal Contract Tower,0,19,7,0,26,0,14,23,2,39,0,33,30,2,65,34,10,44,109
05/12/2007,IPT,PA,AEA,EN,Federal Contract Tower,0,13,4,0,17,0,3,20,0,23,0,16,24,0,40,2,0,2,42
05/13/2007,IPT,PA,AEA,EN,Federal Contract Tower,0,10,3,0,13,0,7,33,11,51,0,17,36,11,64,18,0,18,82
05/14/2007,IPT,PA,AEA,EN,Federal Contract Tower,0,10,3,0,13,0,10,57,5,72,0,20,60,5,85,12,0,12,97
05/15/2007,IPT,PA,AEA,EN,Federal Contract Tower,0,16,13,0,29,0,12,48,5,65,0,28,61,5,94,16,0,16,110
05/16/2007,IPT,PA,AEA,EN,Federal Contract Tower,0,13,5,0,18,0,9,4,0,13,0,22,9,0,31,0,0,0,31
05/17/2007,IPT,PA,AEA,EN,Federal Contract Tower,0,18,11,0,29,0,9,23,0,32,0,27,34,0,61,6,0,6,67
05/18/2007,IPT,PA,AEA,EN,Federal Contract Tower,0,13,5,0,18,0,6,25,0,31,0,19,30,0,49,24,0,24,73
05/19/2007,IPT,PA,AEA,EN,Federal Contract Tower,0,11,6,0,17,0,6,21,2,29,0,17,27,2,46,2,6,8,54
05/20/2007,IPT,PA,AEA,EN,Federal Contract Tower,0,17,13,0,30,0,6,13,0,19,0,23,26,0,49,0,0,0,49
05/21/2007,IPT,PA,AEA,EN,Federal Contract Tower,0,13,8,1,22,0,30,60,7,97,0,43,68,8,119,16,0,16,135
05/22/2007,IPT,PA,AEA,EN,Federal Contract Tower,0,19,9,2,30,0,6,56,0,62,0,25,65,2,92,20,0,20,112
05/23/2007,IPT,PA,AEA,EN,Federal Contract Tower,0,18,5,2,25,0,3,44,0,47,0,21,49,2,72,2,2,4,76
05/24/2007,IPT,PA,AEA,EN,Federal Contract Tower,0,20,6,0,26,0,2,55,3,60,0,22,61,3,86,22,0,22,108
05/25/2007,IPT,PA,AEA,EN,Federal Contract Tower,0,17,10,0,27,0,9,45,6,60,0,26,55,6,87,20,0,20,107
05/26/2007,IPT,PA,AEA,EN,Federal Contract Tower,0,9,15,0,24,0,5,26,0,31,0,14,41,0,55,10,0,10,65
05/27/2007,IPT,PA,AEA,EN,Federal Contract Tower,0,7,5,0,12,0,5,26,0,31,0,12,31,0,43,0,0,0,43
05/28/2007,IPT,PA,AEA,EN,Federal Contract Tower,0,8,2,0,10,0,5,21,0,26,0,13,23,0,36,10,0,10,46
05/29/2007,IPT,PA,AEA,EN,Federal Contract Tower,0,13,10,2,25,0,11,45,0,56,0,24,55,2,81,58,0,58,139
05/30/2007,IPT,PA,AEA,EN,Federal Contract Tower,0,18,14,0,32,0,6,48,0,54,0,24,62,0,86,16,0,16,102
05/31/2007,IPT,PA,AEA,EN,Federal Contract Tower,0,14,15,0,29,0,6,36,0,42,0,20,51,0,71,14,16,30,101
06/01/2007,IPT,PA,AEA,EN,Federal Contract Tower,0,17,5,0,22,0,6,16,0,22,0,23,21,0,44,0,0,0,44
06/02/2007,IPT,PA,AEA,EN,Federal Contract Tower,0,11,2,0,13,0,3,12,1,16,0,14,14,1,29,0,0,0,29
06/03/2007,IPT,PA,AEA,EN,Federal Contract Tower,0,9,7,0,16,0,5,14,0,19,0,14,21,0,35,20,0,20,55
06/04/2007,IPT,PA,AEA,EN,Federal Contract Tower,0,13,18,0,31,0,2,12,0,14,0,15,30,0,45,12,0,12,57
06/05/2007,IPT,PA,AEA,EN,Federal Contract Tower,0,15,15,0,30,0,4,20,0,24,0,19,35,0,54,0,0,0,54
06/06/2007,IPT,PA,AEA,EN,Federal Contract Tower,0,21,10,0,31,0,4,47,2,53,0,25,57,2,84,28,0,28,112
06/07/2007,IPT,PA,AEA,EN,Federal Contract Tower,0,16,12,0,28,0,1,47,0,48,0,17,59,0,76,28,0,28,104
06/08/2007,IPT,PA,AEA,EN,Federal Contract Tower,0,16,10,0,26,0,2,16,0,18,0,18,26,0,44,2,0,2,46
06/09/2007,IPT,PA,AEA,EN,Federal Contract Tower,0,7,13,0,20,0,5,90,5,100,0,12,103,5,120,24,0,24,144
06/10/2007,IPT,PA,AEA,EN,Federal Contract Tower,0,10,12,0,22,0,5,55,0,60,0,15,67,0,82,44,0,44,126
06/11/2007,IPT,PA,AEA,EN,Federal Contract Tower,0,9,9,0,18,0,8,30,6,44,0,17,39,6,62,52,0,52,114
06/12/2007,IPT,PA,AEA,EN,Federal Contract Tower,0,10,7,0,17,0,6,34,2,42,0,16,41,2,59,8,0,8,67
06/13/2007,IPT,PA,AEA,EN,Federal Contract Tower,0,21,22,0,43,0,3,13,0,16,0,24,35,0,59,10,0,10,69
06/14/2007,IPT,PA,AEA,EN,Federal Contract Tower,0,15,13,0,28,0,1,26,0,27,0,16,39,0,55,10,0,10,65
06/15/2007,IPT,PA,AEA,EN,Federal Contract Tower,0,13,15,0,28,0,5,26,6,37,0,18,41,6,65,20,0,20,85
06/16/2007,IPT,PA,AEA,EN,Federal Contract Tower,0,10,5,0,15,0,12,53,2,67,0,22,58,2,82,38,0,38,120
06/17/2007,IPT,PA,AEA,EN,Federal Contract Tower,0,12,12,0,24,0,17,21,3,41,0,29,33,3,65,20,6,26,91
06/18/2007,IPT,PA,AEA,EN,Federal Contract Tower,0,13,5,0,18,0,5,24,0,29,0,18,29,0,47,6,0,6,53
06/19/2007,IPT,PA,AEA,EN,Federal Contract Tower,0,14,5,0,19,0,3,15,0,18,0,17,20,0,37,0,0,0,37
06/20/2007,IPT,PA,AEA,EN,Federal Contract Tower,0,18,10,0,28,0,10,36,2,48,0,28,46,2,76,18,0,18,94
06/21/2007,IPT,PA,AEA,EN,Federal Contract Tower,0,17,12,0,29,0,8,18,0,26,0,25,30,0,55,4,0,4,59
06/22/2007,IPT,PA,AEA,EN,Federal Contract Tower,0,13,7,0,20,0,9,28,2,39,0,22,35,2,59,10,0,10,69
06/23/2007,IPT,PA,AEA,EN,Federal Contract Tower,0,9,11,0,20,0,4,60,0,64,0,13,71,0,84,22,0,22,106
06/24/2007,IPT,PA,AEA,EN,Federal Contract Tower,0,8,4,0,12,0,8,60,4,72,0,16,64,4,84,18,0,18,102
06/25/2007,IPT,PA,AEA,EN,Federal Contract Tower,0,12,8,0,20,0,6,21,0,27,0,18,29,0,47,16,0,16,63
06/26/2007,IPT,PA,AEA,EN,Federal Contract Tower,0,14,8,0,22,0,16,20,4,40,0,30,28,4,62,14,0,14,76
06/27/2007,IPT,PA,AEA,EN,Federal Contract Tower,0,16,11,0,27,0,5,18,0,23,0,21,29,0,50,0,0,0,50
06/28/2007,IPT,PA,AEA,EN,Federal Contract Tower,0,12,16,2,30,0,11,17,1,29,0,23,33,3,59,32,0,32,91
06/29/2007,IPT,PA,AEA,EN,Federal Contract Tower,0,12,8,0,20,0,4,50,4,58,0,16,58,4,78,18,0,18,96
06/30/2007,IPT,PA,AEA,EN,Federal Contract Tower,0,10,10,0,20,0,6,34,6,46,0,16,44,6,66,18,0,18,84
07/01/2007,IPT,PA,AEA,EN,Federal Contract Tower,0,9,2,0,11,0,5,46,0,51,0,14,48,0,62,10,0,10,72
07/02/2007,IPT,PA,AEA,EN,Federal Contract Tower,0,15,10,0,25,0,7,50,0,57,0,22,60,0,82,28,0,28,110
07/03/2007,IPT,PA,AEA,EN,Federal Contract Tower,0,17,3,0,20,0,6,52,0,58,0,23,55,0,78,26,0,26,104
07/04/2007,IPT,PA,AEA,EN,Federal Contract Tower,0,5,4,0,9,0,0,3,0,3,0,5,7,0,12,0,0,0,12
07/05/2007,IPT,PA,AEA,EN,Federal Contract Tower,0,19,3,0,22,0,1,15,0,16,0,20,18,0,38,0,0,0,38
07/06/2007,IPT,PA,AEA,EN,Federal Contract Tower,0,14,11,0,25,0,7,34,0,41,0,21,45,0,66,16,0,16,82
07/07/2007,IPT,PA,AEA,EN,Federal Contract Tower,0,7,5,2,14,0,6,51,1,58,0,13,56,3,72,40,0,40,112
07/08/2007,IPT,PA,AEA,EN,Federal Contract Tower,0,11,8,0,19,0,0,37,0,37,0,11,45,0,56,14,0,14,70
07/09/2007,IPT,PA,AEA,EN,Federal Contract Tower,0,10,6,0,16,0,3,20,0,23,0,13,26,0,39,0,0,0,39
07/10/2007,IPT,PA,AEA,EN,Federal Contract Tower,0,12,8,1,21,0,3,15,2,20,0,15,23,3,41,0,0,0,41
07/11/2007,IPT,PA,AEA,EN,Federal Contract Tower,0,14,9,0,23,0,5,10,0,15,0,19,19,0,38,8,0,8,46
07/12/2007,IPT,PA,AEA,EN,Federal Contract Tower,0,12,5,0,17,0,6,50,4,60,0,18,55,4,77,6,0,6,83
07/13/2007,IPT,PA,AEA,EN,Federal Contract Tower,0,13,6,0,19,0,7,57,2,66,0,20,63,2,85,60,0,60,145
07/14/2007,IPT,PA,AEA,EN,Federal Contract Tower,0,8,5,0,13,0,6,39,0,45,0,14,44,0,58,16,0,16,74
07/15/2007,IPT,PA,AEA,EN,Federal Contract Tower,0,11,9,0,20,0,5,40,1,46,0,16,49,1,66,2,0,2,68
07/16/2007,IPT,PA,AEA,EN,Federal Contract Tower,0,13,13,0,26,0,11,66,5,82,0,24,79,5,108,66,0,66,174
07/17/2007,IPT,PA,AEA,EN,Federal Contract Tower,0,23,10,0,33,0,7,51,0,58,0,30,61,0,91,10,0,10,101
07/18/2007,IPT,PA,AEA,EN,Federal Contract Tower,0,12,10,0,22,0,3,2,2,7,0,15,12,2,29,2,0,2,31
07/19/2007,IPT,PA,AEA,EN,Federal Contract Tower,0,11,12,0,23,0,2,13,0,15,0,13,25,0,38,0,0,0,38
07/20/2007,IPT,PA,AEA,EN,Federal Contract Tower,0,16,9,0,25,0,4,35,0,39,0,20,44,0,64,4,0,4,68
07/21/2007,IPT,PA,AEA,EN,Federal Contract Tower,0,10,6,0,16,0,2,46,0,48,0,12,52,0,64,10,0,10,74
07/22/2007,IPT,PA,AEA,EN,Federal Contract Tower,0,12,15,0,27,0,4,55,1,60,0,16,70,1,87,6,0,6,93
07/23/2007,IPT,PA,AEA,EN,Federal Contract Tower,0,14,12,3,29,0,1,9,0,10,0,15,21,3,39,10,0,10,49
07/24/2007,IPT,PA,AEA,EN,Federal Contract Tower,0,12,12,0,24,0,1,35,2,38,0,13,47,2,62,16,0,16,78
07/25/2007,IPT,PA,AEA,EN,Federal Contract Tower,0,16,9,1,26,0,13,34,14,61,0,29,43,15,87,14,4,18,105
07/26/2007,IPT,PA,AEA,EN,Federal Contract Tower,0,18,9,1,28,0,4,30,3,37,0,22,39,4,65,20,2,22,87
07/27/2007,IPT,PA,AEA,EN,Federal Contract Tower,0,20,9,0,29,0,4,17,2,23,0,24,26,2,52,0,0,0,52
07/28/2007,IPT,PA,AEA,EN,Federal Contract Tower,0,8,3,1,12,0,1,18,1,20,0,9,21,2,32,14,0,14,46
07/29/2007,IPT,PA,AEA,EN,Federal Contract Tower,0,9,19,1,29,0,2,27,3,32,0,11,46,4,61,4,6,10,71
07/30/2007,IPT,PA,AEA,EN,Federal Contract Tower,0,13,4,0,17,0,6,24,0,30,0,19,28,0,47,30,0,30,77
07/31/2007,IPT,PA,AEA,EN,Federal Contract Tower,0,21,7,2,30,0,3,48,1,52,0,24,55,3,82,14,0,14,96
08/01/2007,IPT,PA,AEA,EN,Federal Contract Tower,0,17,22,0,39,0,7,52,3,62,0,24,74,3,101,18,0,18,119
08/02/2007,IPT,PA,AEA,EN,Federal Contract Tower,0,13,5,0,18,0,9,60,1,70,0,22,65,1,88,8,6,14,102
08/03/2007,IPT,PA,AEA,EN,Federal Contract Tower,0,13,15,1,29,0,12,43,15,70,0,25,58,16,99,2,2,4,103
08/04/2007,IPT,PA,AEA,EN,Federal Contract Tower,0,8,1,0,9,0,10,34,2,46,0,18,35,2,55,40,0,40,95
08/05/2007,IPT,PA,AEA,EN,Federal Contract Tower,0,10,11,0,21,0,1,22,0,23,0,11,33,0,44,28,0,28,72
08/06/2007,IPT,PA,AEA,EN,Federal Contract Tower,0,9,11,2,22,0,8,14,0,22,0,17,25,2,44,2,10,12,56
08/07/2007,IPT,PA,AEA,EN,Federal Contract Tower,0,21,11,0,32,0,3,24,0,27,0,24,35,0,59,6,0,6,65
08/08/2007,IPT,PA,AEA,EN,Federal Contract Tower,0,19,17,0,36,0,7,35,0,42,0,26,52,0,78,6,0,6,84
08/09/2007,IPT,PA,AEA,EN,Federal Contract Tower,0,11,1,0,12,0,4,25,2,31,0,15,26,2,43,18,8,26,69
08/10/2007,IPT,PA,AEA,EN,Federal Contract Tower,0,16,10,0,26,0,5,34,0,39,0,21,44,0,65,14,0,14,79
08/11/2007,IPT,PA,AEA,EN,Federal Contract Tower,0,8,7,0,15,0,4,55,2,61,0,12,62,2,76,12,0,12,88
08/12/2007,IPT,PA,AEA,EN,Federal Contract Tower,0,8,5,0,13,0,6,52,0,58,0,14,57,0,71,14,0,14,85
08/13/2007,IPT,PA,AEA,EN,Federal Contract Tower,0,13,13,0,26,0,7,25,0,32,0,20,38,0,58,28,0,28,86
08/14/2007,IPT,PA,AEA,EN,Federal Contract Tower,0,15,8,0,23,0,2,55,1,58,0,17,63,1,81,36,2,38,119
08/15/2007,IPT,PA,AEA,EN,Federal Contract Tower,0,16,20,0,36,0,4,41,1,46,0,20,61,1,82,0,0,0,82
08/16/2007,IPT,PA,AEA,EN,Federal Contract Tower,0,15,18,0,33,0,11,26,0,37,0,26,44,0,70,18,0,18,88
08/17/2007,IPT,PA,AEA,EN,Federal Contract Tower,0,13,8,0,21,0,9,27,0,36,0,22,35,0,57,10,0,10,67
08/18/2007,IPT,PA,AEA,EN,Federal Contract Tower,0,6,6,0,12,0,7,51,1,59,0,13,57,1,71,52,0,52,123
08/19/2007,IPT,PA,AEA,EN,Federal Contract Tower,0,12,19,0,31,0,5,39,0,44,0,17,58,0,75,20,0,20,95
08/20/2007,IPT,PA,AEA,EN,Federal Contract Tower,0,17,4,0,21,0,1,8,0,9,0,18,12,0,30,0,0,0,30
08/21/2007,IPT,PA,AEA,EN,Federal Contract Tower,0,13,12,4,29,0,0,0,0,0,0,13,12,4,29,0,0,0,29
08/22/2007,IPT,PA,AEA,EN,Federal Contract Tower,0,22,28,0,50,0,3,3,0,6,0,25,31,0,56,2,0,2,58
08/23/2007,IPT,PA,AEA,EN,Federal Contract Tower,0,19,10,0,29,0,4,1,0,5,0,23,11,0,34,0,0,0,34
08/24/2007,IPT,PA,AEA,EN,Federal Contract Tower,0,18,14,0,32,0,4,16,0,20,0,22,30,0,52,18,0,18,70
08/25/2007,IPT,PA,AEA,EN,Federal Contract Tower,0,5,17,0,22,0,4,28,4,36,0,9,45,4,58,4,0,4,62
08/26/2007,IPT,PA,AEA,EN,Federal Contract Tower,0,9,9,0,18,0,10,34,7,51,0,19,43,7,69,10,2,12,81
08/27/2007,IPT,PA,AEA,EN,Federal Contract Tower,0,15,7,0,22,0,3,41,0,44,0,18,48,0,66,42,0,42,108
08/28/2007,IPT,PA,AEA,EN,Federal Contract Tower,0,17,11,0,28,0,1,58,4,63,0,18,69,4,91,78,0,78,169
08/29/2007,IPT,PA,AEA,EN,Federal Contract Tower,0,11,15,0,26,0,7,36,2,45,0,18,51,2,71,4,0,4,75
08/30/2007,IPT,PA,AEA,EN,Federal Contract Tower,0,15,15,4,34,0,0,13,0,13,0,15,28,4,47,8,0,8,55
08/31/2007,IPT,PA,AEA,EN,Federal Contract Tower,0,14,14,0,28,0,2,42,4,48,0,16,56,4,76,22,2,24,100
09/01/2007,IPT,PA,AEA,EN,Federal Contract Tower,0,6,7,1,14,0,9,54,0,63,0,15,61,1,77,20,0,20,97
09/02/2007,IPT,PA,AEA,EN,Federal Contract Tower,0,3,7,0,10,0,1,46,6,53,0,4,53,6,63,8,0,8,71
09/03/2007,IPT,PA,AEA,EN,Federal Contract Tower,0,3,4,0,7,0,7,46,0,53,0,10,50,0,60,16,0,16,76
09/04/2007,IPT,PA,AEA,EN,Federal Contract Tower,0,12,4,1,17,0,5,66,1,72,0,17,70,2,89,66,0,66,155
09/05/2007,IPT,PA,AEA,EN,Federal Contract Tower,0,17,12,0,29,0,14,48,0,62,0,31,60,0,91,18,0,18,109
09/06/2007,IPT,PA,AEA,EN,Federal Contract Tower,0,17,18,0,35,0,8,30,0,38,0,25,48,0,73,12,0,12,85
09/07/2007,IPT,PA,AEA,EN,Federal Contract Tower,0,15,13,0,28,0,4,53,0,57,0,19,66,0,85,40,0,40,125
09/08/2007,IPT,PA,AEA,EN,Federal Contract Tower,0,9,7,0,16,0,2,41,2,45,0,11,48,2,61,40,0,40,101
09/09/2007,IPT,PA,AEA,EN,Federal Contract Tower,0,13,14,0,27,0,2,7,0,9,0,15,21,0,36,10,0,10,46
09/10/2007,IPT,PA,AEA,EN,Federal Contract Tower,0,13,12,0,25,0,2,29,0,31,0,15,41,0,56,24,0,24,80
09/11/2007,IPT,PA,AEA,EN,Federal Contract Tower,0,11,15,0,26,0,4,7,0,11,0,15,22,0,37,6,0,6,43
09/12/2007,IPT,PA,AEA,EN,Federal Contract Tower,0,14,14,0,28,0,6,50,0,56,0,20,64,0,84,60,0,60,144
09/13/2007,IPT,PA,AEA,EN,Federal Contract Tower,0,22,9,2,33,0,9,39,0,48,0,31,48,2,81,52,8,60,141
09/14/2007,IPT,PA,AEA,EN,Federal Contract Tower,0,17,5,1,23,0,3,15,1,19,0,20,20,2,42,0,0,0,42
09/15/2007,IPT,PA,AEA,EN,Federal Contract Tower,0,7,3,0,10,0,4,35,3,42,0,11,38,3,52,2,2,4,56
09/16/2007,IPT,PA,AEA,EN,Federal Contract Tower,0,13,4,0,17,0,0,104,4,108,0,13,108,4,125,18,0,18,143
09/17/2007,IPT,PA,AEA,EN,Federal Contract Tower,0,8,11,0,19,0,8,38,8,54,0,16,49,8,73,12,0,12,85
09/18/2007,IPT,PA,AEA,EN,Federal Contract Tower,0,15,9,2,26,0,11,49,14,74,0,26,58,16,100,2,20,22,122
09/19/2007,IPT,PA,AEA,EN,Federal Contract Tower,0,16,9,1,26,0,8,31,9,48,0,24,40,10,74,22,4,26,100
09/20/2007,IPT,PA,AEA,EN,Federal Contract Tower,0,16,4,0,20,0,3,43,2,48,0,19,47,2,68,20,0,20,88
09/21/2007,IPT,PA,AEA,EN,Federal Contract Tower,0,11,15,0,26,0,10,27,2,39,0,21,42,2,65,16,0,16,81
09/22/2007,IPT,PA,AEA,EN,Federal Contract Tower,0,8,11,0,19,0,3,87,0,90,0,11,98,0,109,134,0,134,243
09/23/2007,IPT,PA,AEA,EN,Federal Contract Tower,0,12,8,0,20,0,7,70,0,77,0,19,78,0,97,0,0,0,97
09/24/2007,IPT,PA,AEA,EN,Federal Contract Tower,0,14,3,0,17,0,3,39,4,46,0,17,42,4,63,14,0,14,77
09/25/2007,IPT,PA,AEA,EN,Federal Contract Tower,0,16,9,0,25,0,9,30,1,40,0,25,39,1,65,22,0,22,87
09/26/2007,IPT,PA,AEA,EN,Federal Contract Tower,0,13,7,0,20,0,6,28,1,35,0,19,35,1,55,4,0,4,59
09/27/2007,IPT,PA,AEA,EN,Federal Contract Tower,0,16,10,2,28,0,1,6,1,8,0,17,16,3,36,26,0,26,62
09/28/2007,IPT,PA,AEA,EN,Federal Contract Tower,0,25,13,2,40,0,3,10,1,14,0,28,23,3,54,2,0,2,56
09/29/2007,IPT,PA,AEA,EN,Federal Contract Tower,0,9,9,0,18,0,3,42,12,57,0,12,51,12,75,12,0,12,87
09/30/2007,IPT,PA,AEA,EN,Federal Contract Tower,0,10,9,0,19,0,1,33,0,34,0,11,42,0,53,24,0,24,77
10/01/2007,IPT,PA,AEA,EN,Federal Contract Tower,0,13,3,0,16,0,6,32,2,40,0,19,35,2,56,0,0,0,56
10/02/2007,IPT,PA,AEA,EN,Federal Contract Tower,0,17,11,0,28,0,3,22,0,25,0,20,33,0,53,0,0,0,53
10/03/2007,IPT,PA,AEA,EN,Federal Contract Tower,0,17,15,6,38,0,9,23,0,32,0,26,38,6,70,26,0,26,96
10/04/2007,IPT,PA,AEA,EN,Federal Contract Tower,0,14,10,0,24,0,10,57,2,69,0,24,67,2,93,50,0,50,143
10/05/2007,IPT,PA,AEA,EN,Federal Contract Tower,0,18,18,0,36,0,12,44,0,56,0,30,62,0,92,20,0,20,112
10/06/2007,IPT,PA,AEA,EN,Federal Contract Tower,0,6,9,0,15,0,4,29,4,37,0,10,38,4,52,0,0,0,52
10/07/2007,IPT,PA,AEA,EN,Federal Contract Tower,0,11,13,0,24,0,7,41,0,48,0,18,54,0,72,6,0,6,78
10/08/2007,IPT,PA,AEA,EN,Federal Contract Tower,0,16,8,0,24,0,6,27,0,33,0,22,35,0,57,26,0,26,83
10/09/2007,IPT,PA,AEA,EN,Federal Contract Tower,0,17,9,2,28,0,9,18,2,29,0,26,27,4,57,22,0,22,79
10/10/2007,IPT,PA,AEA,EN,Federal Contract Tower,0,17,12,0,29,0,8,41,2,51,0,25,53,2,80,30,2,32,112
10/11/2007,IPT,PA,AEA,EN,Federal Contract Tower,0,17,16,0,33,0,1,1,0,2,0,18,17,0,35,0,0,0,35
10/12/2007,IPT,PA,AEA,EN,Federal Contract Tower,0,22,10,0,32,0,8,22,0,30,0,30,32,0,62,46,0,46,108
10/13/2007,IPT,PA,AEA,EN,Federal Contract Tower,0,9,5,0,14,0,4,39,2,45,0,13,44,2,59,28,0,28,87
10/14/2007,IPT,PA,AEA,EN,Federal Contract Tower,0,10,6,0,16,0,6,36,0,42,0,16,42,0,58,26,0,26,84
10/15/2007,IPT,PA,AEA,EN,Federal Contract Tower,0,14,6,0,20,0,7,47,0,54,0,21,53,0,74,20,0,20,94
10/16/2007,IPT,PA,AEA,EN,Federal Contract Tower,0,22,10,0,32,0,15,42,8,65,0,37,52,8,97,28,2,30,127
10/17/2007,IPT,PA,AEA,EN,Federal Contract Tower,0,19,21,4,44,0,12,31,0,43,0,31,52,4,87,10,18,28,115
10/18/2007,IPT,PA,AEA,EN,Federal Contract Tower,0,14,11,0,25,0,5,14,2,21,0,19,25,2,46,12,0,12,58
10/19/2007,IPT,PA,AEA,EN,Federal Contract Tower,0,18,5,0,23,0,3,0,0,3,0,21,5,0,26,0,0,0,26
10/20/2007,IPT,PA,AEA,EN,Federal Contract Tower,0,11,6,0,17,0,1,13,0,14,0,12,19,0,31,0,0,0,31
10/21/2007,IPT,PA,AEA,EN,Federal Contract Tower,0,10,8,0,18,0,4,41,5,50,0,14,49,5,68,48,0,48,116
10/22/2007,IPT,PA,AEA,EN,Federal Contract Tower,0,10,1,0,11,0,28,48,0,76,0,38,49,0,87,40,0,40,127
10/23/2007,IPT,PA,AEA,EN,Federal Contract Tower,0,10,8,0,18,0,1,5,0,6,0,11,13,0,24,2,0,2,26
10/24/2007,IPT,PA,AEA,EN,Federal Contract Tower,0,13,15,0,28,0,1,8,0,9,0,14,23,0,37,16,0,16,53
10/25/2007,IPT,PA,AEA,EN,Federal Contract Tower,0,14,8,0,22,0,5,45,1,51,0,19,53,1,73,20,0,20,93
10/26/2007,IPT,PA,AEA,EN,Federal Contract Tower,0,13,8,0,21,0,1,7,0,8,0,14,15,0,29,0,0,0,29
10/27/2007,IPT,PA,AEA,EN,Federal Contract Tower,0,16,3,0,19,0,4,8,0,12,0,20,11,0,31,20,0,20,51
10/28/2007,IPT,PA,AEA,EN,Federal Contract Tower,0,11,12,0,23,0,2,36,6,44,0,13,48,6,67,0,0,0,67
10/29/2007,IPT,PA,AEA,EN,Federal Contract Tower,0,12,11,0,23,0,12,33,2,47,0,24,44,2,70,14,0,14,84
10/30/2007,IPT,PA,AEA,EN,Federal Contract Tower,0,15,10,0,25,0,6,43,0,49,0,21,53,0,74,28,0,28,102
10/31/2007,IPT,PA,AEA,EN,Federal Contract Tower,0,25,12,0,37,0,0,35,0,35,0,25,47,0,72,50,0,50,122
11/01/2007,IPT,PA,AEA,EN,Federal Contract Tower,0,15,11,0,26,0,6,29,0,35,0,21,40,0,61,40,0,40,101
11/02/2007,IPT,PA,AEA,EN,Federal Contract Tower,0,16,9,0,25,0,7,48,0,55,0,23,57,0,80,54,0,54,134
11/03/2007,IPT,PA,AEA,EN,Federal Contract Tower,0,8,4,0,12,0,3,48,2,53,0,11,52,2,65,34,0,34,99
11/04/2007,IPT,PA,AEA,EN,Federal Contract Tower,0,13,13,0,26,0,3,57,5,65,0,16,70,5,91,30,0,30,121
11/05/2007,IPT,PA,AEA,EN,Federal Contract Tower,0,12,5,0,17,0,5,17,0,22,0,17,22,0,39,0,0,0,39
11/06/2007,IPT,PA,AEA,EN,Federal Contract Tower,0,13,5,0,18,0,8,13,4,25,0,21,18,4,43,28,0,28,71
11/07/2007,IPT,PA,AEA,EN,Federal Contract Tower,0,14,5,0,19,0,6,22,6,34,0,20,27,6,53,12,4,16,69
11/08/2007,IPT,PA,AEA,EN,Federal Contract Tower,0,11,12,0,23,0,5,18,4,27,0,16,30,4,50,6,2,8,58
11/09/2007,IPT,PA,AEA,EN,Federal Contract Tower,0,20,4,0,24,0,1,10,0,11,0,21,14,0,35,0,0,0,35
11/10/2007,IPT,PA,AEA,EN,Federal Contract Tower,0,9,3,0,12,0,0,16,2,18,0,9,19,2,30,24,0,24,54
11/11/2007,IPT,PA,AEA,EN,Federal Contract Tower,0,12,5,0,17,0,4,40,3,47,0,16,45,3,64,52,0,52,116
11/12/2007,IPT,PA,AEA,EN,Federal Contract Tower,0,14,13,0,27,0,0,8,0,8,0,14,21,0,35,16,0,16,51
11/13/2007,IPT,PA,AEA,EN,Federal Contract Tower,0,15,9,0,24,0,8,33,0,41,0,23,42,0,65,42,0,42,107
11/14/2007,IPT,PA,AEA,EN,Federal Contract Tower,0,20,9,1,30,0,18,10,1,29,0,38,19,2,59,12,0,12,71
11/15/2007,IPT,PA,AEA,EN,Federal Contract Tower,0,16,4,0,20,0,4,4,0,8,0,20,8,0,28,4,0,4,32
11/16/2007,IPT,PA,AEA,EN,Federal Contract Tower,0,16,7,2,25,0,5,10,4,19,0,21,17,6,44,0,20,20,64
11/17/2007,IPT,PA,AEA,EN,Federal Contract Tower,0,7,8,0,15,0,0,28,2,30,0,7,36,2,45,22,0,22,67
11/18/2007,IPT,PA,AEA,EN,Federal Contract Tower,0,1,2,0,3,0,0,0,0,0,0,1,2,0,3,0,0,0,3
11/19/2007,IPT,PA,AEA,EN,Federal Contract Tower,0,15,12,0,27,0,0,0,0,0,0,15,12,0,27,0,0,0,27
11/20/2007,IPT,PA,AEA,EN,Federal Contract Tower,0,17,13,0,30,0,0,1,0,1,0,17,14,0,31,0,0,0,31
11/21/2007,IPT,PA,AEA,EN,Federal Contract Tower,0,14,19,0,33,0,1,11,0,12,0,15,30,0,45,0,0,0,45
11/22/2007,IPT,PA,AEA,EN,Federal Contract Tower,0,8,0,0,8,0,3,2,0,5,0,11,2,0,13,0,0,0,13
11/23/2007,IPT,PA,AEA,EN,Federal Contract Tower,0,9,4,0,13,0,3,18,0,21,0,12,22,0,34,0,0,0,34
11/24/2007,IPT,PA,AEA,EN,Federal Contract Tower,0,7,5,0,12,0,0,59,1,60,0,7,64,1,72,64,0,64,136
11/25/2007,IPT,PA,AEA,EN,Federal Contract Tower,0,12,8,0,20,0,2,41,0,43,0,14,49,0,63,2,0,2,65
11/26/2007,IPT,PA,AEA,EN,Federal Contract Tower,0,14,11,0,25,0,0,0,0,0,0,14,11,0,25,0,0,0,25
11/27/2007,IPT,PA,AEA,EN,Federal Contract Tower,0,16,8,0,24,0,9,14,0,23,0,25,22,0,47,14,0,14,61
11/28/2007,IPT,PA,AEA,EN,Federal Contract Tower,0,16,11,0,27,0,5,35,2,42,0,21,46,2,69,28,0,28,97
11/29/2007,IPT,PA,AEA,EN,Federal Contract Tower,0,14,8,0,22,0,8,13,0,21,0,22,21,0,43,0,0,0,43
11/30/2007,IPT,PA,AEA,EN,Federal Contract Tower,0,10,14,0,24,0,15,22,0,37,0,25,36,0,61,0,0,0,61
12/01/2007,IPT,PA,AEA,EN,Federal Contract Tower,0,9,1,0,10,0,15,32,12,59,0,24,33,12,69,36,0,36,105
12/02/2007,IPT,PA,AEA,EN,Federal Contract Tower,0,10,1,0,11,0,0,0,0,0,0,10,1,0,11,0,0,0,11
12/03/2007,IPT,PA,AEA,EN,Federal Contract Tower,0,13,10,0,23,0,1,9,0,10,0,14,19,0,33,20,0,20,53
12/04/2007,IPT,PA,AEA,EN,Federal Contract Tower,0,19,9,0,28,0,6,1,0,7,0,25,10,0,35,0,0,0,35
12/05/2007,IPT,PA,AEA,EN,Federal Contract Tower,0,12,8,0,20,0,1,1,0,2,0,13,9,0,22,0,0,0,22
12/06/2007,IPT,PA,AEA,EN,Federal Contract Tower,0,15,8,0,23,0,8,40,0,48,0,23,48,0,71,0,0,0,71
12/07/2007,IPT,PA,AEA,EN,Federal Contract Tower,0,17,4,0,21,0,7,7,0,14,0,24,11,0,35,0,0,0,35
12/08/2007,IPT,PA,AEA,EN,Federal Contract Tower,0,7,12,0,19,0,4,0,0,4,0,11,12,0,23,6,0,6,29
12/09/2007,IPT,PA,AEA,EN,Federal Contract Tower,0,7,2,0,9,0,0,0,0,0,0,7,2,0,9,0,0,0,9
12/10/2007,IPT,PA,AEA,EN,Federal Contract Tower,0,10,4,0,14,0,0,5,0,5,0,10,9,0,19,0,0,0,19
12/11/2007,IPT,PA,AEA,EN,Federal Contract Tower,0,14,18,0,32,0,0,1,0,1,0,14,19,0,33,0,0,0,33
12/12/2007,IPT,PA,AEA,EN,Federal Contract Tower,0,10,12,0,22,0,6,20,0,26,0,16,32,0,48,0,0,0,48
12/13/2007,IPT,PA,AEA,EN,Federal Contract Tower,0,9,1,0,10,0,0,0,0,0,0,9,1,0,10,0,0,0,10
12/14/2007,IPT,PA,AEA,EN,Federal Contract Tower,0,12,6,0,18,0,8,14,0,22,0,20,20,0,40,42,0,42,82
12/15/2007,IPT,PA,AEA,EN,Federal Contract Tower,0,9,8,0,17,0,1,9,0,10,0,10,17,0,27,0,0,0,27
12/16/2007,IPT,PA,AEA,EN,Federal Contract Tower,0,7,0,0,7,0,0,0,0,0,0,7,0,0,7,0,0,0,7
12/17/2007,IPT,PA,AEA,EN,Federal Contract Tower,0,12,13,0,25,0,12,13,0,25,0,24,26,0,50,0,0,0,50
12/18/2007,IPT,PA,AEA,EN,Federal Contract Tower,0,15,20,2,37,0,1,34,4,39,0,16,54,6,76,8,2,10,86
12/19/2007,IPT,PA,AEA,EN,Federal Contract Tower,0,17,10,0,27,0,1,12,0,13,0,18,22,0,40,4,0,4,44
12/20/2007,IPT,PA,AEA,EN,Federal Contract Tower,0,17,7,0,24,0,6,29,2,37,0,23,36,2,61,22,0,22,83
12/21/2007,IPT,PA,AEA,EN,Federal Contract Tower,0,18,3,0,21,0,8,24,0,32,0,26,27,0,53,0,0,0,53
12/22/2007,IPT,PA,AEA,EN,Federal Contract Tower,0,10,2,0,12,0,2,6,0,8,0,12,8,0,20,2,0,2,22
12/23/2007,IPT,PA,AEA,EN,Federal Contract Tower,0,4,0,0,4,0,0,1,0,1,0,4,1,0,5,0,0,0,5
12/24/2007,IPT,PA,AEA,EN,Federal Contract Tower,0,9,1,0,10,0,4,0,0,4,0,13,1,0,14,0,0,0,14
12/25/2007,IPT,PA,AEA,EN,Federal Contract Tower,0,6,0,0,6,0,2,3,0,5,0,8,3,0,11,0,0,0,11
12/26/2007,IPT,PA,AEA,EN,Federal Contract Tower,0,15,9,0,24,0,5,25,4,34,0,20,34,4,58,26,0,26,84
12/27/2007,IPT,PA,AEA,EN,Federal Contract Tower,0,18,2,0,20,0,2,1,0,3,0,20,3,0,23,0,0,0,23
12/28/2007,IPT,PA,AEA,EN,Federal Contract Tower,0,16,2,0,18,0,5,26,0,31,0,21,28,0,49,10,0,10,59
12/29/2007,IPT,PA,AEA,EN,Federal Contract Tower,0,8,6,0,14,0,4,39,0,43,0,12,45,0,57,10,0,10,67
12/30/2007,IPT,PA,AEA,EN,Federal Contract Tower,0,7,0,0,7,0,2,17,0,19,0,9,17,0,26,4,0,4,30
12/31/2007,IPT,PA,AEA,EN,Federal Contract Tower,0,10,3,0,13,0,6,6,0,12,0,16,9,0,25,2,0,2,27
01/01/2008,IPT,PA,AEA,EN,Federal Contract Tower,0,6,0,0,6,0,2,0,0,2,0,8,0,0,8,0,0,0,8
01/02/2008,IPT,PA,AEA,EN,Federal Contract Tower,0,14,6,0,20,0,14,7,0,21,0,28,13,0,41,0,0,0,41
01/03/2008,IPT,PA,AEA,EN,Federal Contract Tower,0,14,4,0,18,0,11,24,0,35,0,25,28,0,53,18,0,18,71
01/04/2008,IPT,PA,AEA,EN,Federal Contract Tower,0,15,5,0,20,0,5,38,0,43,0,20,43,0,63,18,0,18,81
01/05/2008,IPT,PA,AEA,EN,Federal Contract Tower,0,9,1,1,11,0,7,39,2,48,0,16,40,3,59,54,2,56,115
01/06/2008,IPT,PA,AEA,EN,Federal Contract Tower,0,10,7,0,17,0,5,2,0,7,0,15,9,0,24,0,0,0,24
01/07/2008,IPT,PA,AEA,EN,Federal Contract Tower,0,13,4,0,17,0,3,19,2,24,0,16,23,2,41,20,0,20,61
01/08/2008,IPT,PA,AEA,EN,Federal Contract Tower,0,12,14,2,28,0,0,43,0,43,0,12,57,2,71,22,0,22,93
01/09/2008,IPT,PA,AEA,EN,Federal Contract Tower,0,15,11,0,26,0,7,13,0,20,0,22,24,0,46,2,0,2,48
01/10/2008,IPT,PA,AEA,EN,Federal Contract Tower,0,16,8,0,24,0,5,40,0,45,0,21,48,0,69,20,0,20,89
01/11/2008,IPT,PA,AEA,EN,Federal Contract Tower,0,21,1,0,22,0,0,1,0,1,0,21,2,0,23,0,0,0,23
01/12/2008,IPT,PA,AEA,EN,Federal Contract Tower,0,9,9,0,18,0,3,42,0,45,0,12,51,0,63,12,0,12,75
01/13/2008,IPT,PA,AEA,EN,Federal Contract Tower,0,11,5,0,16,0,4,26,0,30,0,15,31,0,46,4,0,4,50
01/14/2008,IPT,PA,AEA,EN,Federal Contract Tower,0,17,9,0,26,0,0,15,0,15,0,17,24,0,41,10,0,10,51
01/15/2008,IPT,PA,AEA,EN,Federal Contract Tower,0,15,4,0,19,0,2,7,0,9,0,17,11,0,28,2,0,2,30
01/16/2008,IPT,PA,AEA,EN,Federal Contract Tower,0,14,9,0,23,0,2,24,2,28,0,16,33,2,51,0,0,0,51
01/17/2008,IPT,PA,AEA,EN,Federal Contract Tower,0,11,7,0,18,0,1,10,0,11,0,12,17,0,29,2,0,2,31
01/18/2008,IPT,PA,AEA,EN,Federal Contract Tower,0,14,3,0,17,0,3,3,0,6,0,17,6,0,23,0,0,0,23
01/19/2008,IPT,PA,AEA,EN,Federal Contract Tower,0,7,1,0,8,0,3,13,3,19,0,10,14,3,27,0,0,0,27
01/20/2008,IPT,PA,AEA,EN,Federal Contract Tower,0,9,2,0,11,0,0,10,0,10,0,9,12,0,21,0,0,0,21
01/21/2008,IPT,PA,AEA,EN,Federal Contract Tower,0,14,11,0,25,0,2,15,0,17,0,16,26,0,42,0,0,0,42
01/22/2008,IPT,PA,AEA,EN,Federal Contract Tower,0,19,6,0,25,0,2,15,0,17,0,21,21,0,42,0,0,0,42
01/23/2008,IPT,PA,AEA,EN,Federal Contract Tower,0,16,7,0,23,0,3,27,0,30,0,19,34,0,53,0,0,0,53
01/24/2008,IPT,PA,AEA,EN,Federal Contract Tower,0,19,10,0,29,0,2,2,2,6,0,21,12,2,35,0,0,0,35
01/25/2008,IPT,PA,AEA,EN,Federal Contract Tower,0,13,3,0,16,0,8,16,0,24,0,21,19,0,40,0,0,0,40
01/26/2008,IPT,PA,AEA,EN,Federal Contract Tower,0,12,4,0,16,0,6,11,0,17,0,18,15,0,33,12,0,12,45
01/27/2008,IPT,PA,AEA,EN,Federal Contract Tower,0,13,3,0,16,0,1,23,0,24,0,14,26,0,40,30,0,30,70
01/28/2008,IPT,PA,AEA,EN,Federal Contract Tower,0,16,8,0,24,0,7,36,4,47,0,23,44,4,71,36,0,36,107
01/29/2008,IPT,PA,AEA,EN,Federal Contract Tower,0,14,6,0,20,0,1,0,0,1,0,15,6,0,21,0,0,0,21
01/30/2008,IPT,PA,AEA,EN,Federal Contract Tower,0,13,6,0,19,0,6,17,0,23,0,19,23,0,42,6,0,6,48
01/31/2008,IPT,PA,AEA,EN,Federal Contract Tower,0,16,9,0,25,0,13,55,2,70,0,29,64,2,95,14,0,14,109
02/01/2008,IPT,PA,AEA,EN,Federal Contract Tower,0,10,4,0,14,0,0,0,0,0,0,10,4,0,14,0,0,0,14
02/02/2008,IPT,PA,AEA,EN,Federal Contract Tower,0,10,5,0,15,0,9,15,0,24,0,19,20,0,39,32,0,32,71
02/03/2008,IPT,PA,AEA,EN,Federal Contract Tower,0,9,7,0,16,0,2,17,0,19,0,11,24,0,35,28,0,28,63
02/04/2008,IPT,PA,AEA,EN,Federal Contract Tower,0,15,14,0,29,0,0,0,0,0,0,15,14,0,29,0,0,0,29
02/05/2008,IPT,PA,AEA,EN,Federal Contract Tower,0,16,3,0,19,0,0,0,0,0,0,16,3,0,19,0,0,0,19
02/06/2008,IPT,PA,AEA,EN,Federal Contract Tower,0,12,11,0,23,0,0,0,0,0,0,12,11,0,23,0,0,0,23
02/07/2008,IPT,PA,AEA,EN,Federal Contract Tower,0,12,9,0,21,0,3,11,0,14,0,15,20,0,35,0,0,0,35
02/08/2008,IPT,PA,AEA,EN,Federal Contract Tower,0,13,15,2,30,0,4,17,2,23,0,17,32,4,53,12,0,12,65
02/09/2008,IPT,PA,AEA,EN,Federal Contract Tower,0,8,1,0,9,0,0,0,0,0,0,8,1,0,9,0,0,0,9
02/10/2008,IPT,PA,AEA,EN,Federal Contract Tower,0,7,2,0,9,0,1,0,0,1,0,8,2,0,10,0,0,0,10
02/11/2008,IPT,PA,AEA,EN,Federal Contract Tower,0,13,6,0,19,0,8,21,0,29,0,21,27,0,48,16,0,16,64
02/12/2008,IPT,PA,AEA,EN,Federal Contract Tower,0,6,3,0,9,0,0,1,0,1,0,6,4,0,10,0,0,0,10
02/13/2008,IPT,PA,AEA,EN,Federal Contract Tower,0,12,3,0,15,0,1,1,0,2,0,13,4,0,17,0,0,0,17
02/14/2008,IPT,PA,AEA,EN,Federal Contract Tower,0,18,4,0,22,0,1,20,0,21,0,19,24,0,43,10,0,10,53
02/15/2008,IPT,PA,AEA,EN,Federal Contract Tower,0,12,13,0,25,0,5,20,0,25,0,17,33,0,50,0,0,0,50
02/16/2008,IPT,PA,AEA,EN,Federal Contract Tower,0,9,7,0,16,0,8,43,3,54,0,17,50,3,70,48,0,48,118
02/17/2008,IPT,PA,AEA,EN,Federal Contract Tower,0,7,1,0,8,0,0,4,0,4,0,7,5,0,12,0,0,0,12
02/18/2008,IPT,PA,AEA,EN,Federal Contract Tower,0,10,4,0,14,0,2,0,0,2,0,12,4,0,16,0,0,0,16
02/19/2008,IPT,PA,AEA,EN,Federal Contract Tower,0,16,13,0,29,0,6,6,0,12,0,22,19,0,41,12,2,14,55
02/20/2008,IPT,PA,AEA,EN,Federal Contract Tower,0,15,2,0,17,0,8,12,0,20,0,23,14,0,37,16,0,16,53
02/21/2008,IPT,PA,AEA,EN,Federal Contract Tower,0,14,13,0,27,0,6,40,2,48,0,20,53,2,75,20,0,20,95
02/22/2008,IPT,PA,AEA,EN,Federal Contract Tower,0,6,3,0,9,0,0,0,0,0,0,6,3,0,9,0,0,0,9
02/23/2008,IPT,PA,AEA,EN,Federal Contract Tower,0,9,1,0,10,0,4,7,0,11,0,13,8,0,21,10,0,10,31
02/24/2008,IPT,PA,AEA,EN,Federal Contract Tower,0,8,9,0,17,0,6,46,4,56,0,14,55,4,73,68,0,68,141
02/25/2008,IPT,PA,AEA,EN,Federal Contract Tower,0,16,7,0,23,0,5,19,0,24,0,21,26,0,47,14,0,14,61
02/26/2008,IPT,PA,AEA,EN,Federal Contract Tower,0,11,0,0,11,0,0,0,0,0,0,11,0,0,11,0,0,0,11
02/27/2008,IPT,PA,AEA,EN,Federal Contract Tower,0,17,8,0,25,0,6,15,0,21,0,23,23,0,46,12,0,12,58
02/28/2008,IPT,PA,AEA,EN,Federal Contract Tower,0,16,20,1,37,0,7,26,5,38,0,23,46,6,75,6,12,18,93
02/29/2008,IPT,PA,AEA,EN,Federal Contract Tower,0,16,8,0,24,0,4,9,0,13,0,20,17,0,37,0,0,0,37
03/01/2008,IPT,PA,AEA,EN,Federal Contract Tower,0,10,6,0,16,0,10,0,0,10,0,20,6,0,26,0,0,0,26
03/02/2008,IPT,PA,AEA,EN,Federal Contract Tower,0,8,4,0,12,0,2,37,0,39,0,10,41,0,51,50,0,50,101
03/03/2008,IPT,PA,AEA,EN,Federal Contract Tower,0,18,10,0,28,0,11,32,3,46,0,29,42,3,74,50,6,56,130
03/04/2008,IPT,PA,AEA,EN,Federal Contract Tower,0,13,7,0,20,0,0,0,0,0,0,13,7,0,20,0,0,0,20
03/05/2008,IPT,PA,AEA,EN,Federal Contract Tower,0,18,6,0,24,0,10,7,0,17,0,28,13,0,41,0,0,0,41
03/06/2008,IPT,PA,AEA,EN,Federal Contract Tower,0,18,13,0,31,0,4,36,2,42,0,22,49,2,73,32,0,32,105
03/07/2008,IPT,PA,AEA,EN,Federal Contract Tower,0,14,7,0,21,0,4,1,0,5,0,18,8,0,26,0,0,0,26
03/08/2008,IPT,PA,AEA,EN,Federal Contract Tower,0,7,0,0,7,0,0,0,0,0,0,7,0,0,7,0,0,0,7
03/09/2008,IPT,PA,AEA,EN,Federal Contract Tower,0,10,0,0,10,0,3,7,0,10,0,13,7,0,20,2,0,2,22
03/10/2008,IPT,PA,AEA,EN,Federal Contract Tower,0,17,3,0,20,0,7,25,0,32,0,24,28,0,52,2,0,2,54
03/11/2008,IPT,PA,AEA,EN,Federal Contract Tower,0,12,7,0,19,0,5,31,0,36,0,17,38,0,55,8,0,8,63
03/12/2008,IPT,PA,AEA,EN,Federal Contract Tower,0,12,7,0,19,0,4,14,2,20,0,16,21,2,39,2,0,2,41
03/13/2008,IPT,PA,AEA,EN,Federal Contract Tower,0,14,6,0,20,0,11,36,1,48,0,25,42,1,68,20,0,20,88
03/14/2008,IPT,PA,AEA,EN,Federal Contract Tower,0,17,2,2,21,0,6,11,4,21,0,23,13,6,42,12,0,12,54
03/15/2008,IPT,PA,AEA,EN,Federal Contract Tower,0,6,3,0,9,0,13,18,0,31,0,19,21,0,40,12,0,12,52
03/16/2008,IPT,PA,AEA,EN,Federal Contract Tower,0,10,4,0,14,0,5,7,0,12,0,15,11,0,26,16,0,16,42
03/17/2008,IPT,PA,AEA,EN,Federal Contract Tower,0,9,5,0,14,0,12,32,0,44,0,21,37,0,58,24,0,24,82
03/18/2008,IPT,PA,AEA,EN,Federal Contract Tower,0,14,8,1,23,0,4,8,1,13,0,18,16,2,36,0,0,0,36
03/19/2008,IPT,PA,AEA,EN,Federal Contract Tower,0,26,7,0,33,0,0,0,0,0,0,26,7,0,33,0,0,0,33
03/20/2008,IPT,PA,AEA,EN,Federal Contract Tower,0,16,6,0,22,0,6,15,0,21,0,22,21,0,43,0,0,0,43
03/21/2008,IPT,PA,AEA,EN,Federal Contract Tower,2,14,2,0,18,0,5,32,2,39,2,19,34,2,57,0,0,0,57
03/22/2008,IPT,PA,AEA,EN,Federal Contract Tower,0,8,2,0,10,0,6,35,0,41,0,14,37,0,51,8,0,8,59
03/23/2008,IPT,PA,AEA,EN,Federal Contract Tower,2,11,4,0,17,0,5,40,0,45,2,16,44,0,62,22,0,22,84
03/24/2008,IPT,PA,AEA,EN,Federal Contract Tower,0,9,10,0,19,0,8,39,0,47,0,17,49,0,66,6,0,6,72
03/25/2008,IPT,PA,AEA,EN,Federal Contract Tower,0,14,5,2,21,0,5,54,0,59,0,19,59,2,80,24,2,26,106
03/26/2008,IPT,PA,AEA,EN,Federal Contract Tower,0,13,6,2,21,0,7,44,0,51,0,20,50,2,72,44,0,44,116
03/27/2008,IPT,PA,AEA,EN,Federal Contract Tower,0,14,7,0,21,0,0,18,0,18,0,14,25,0,39,0,0,0,39
03/28/2008,IPT,PA,AEA,EN,Federal Contract Tower,0,11,7,0,18,0,3,10,0,13,0,14,17,0,31,32,0,32,63
03/29/2008,IPT,PA,AEA,EN,Federal Contract Tower,0,8,9,0,17,0,10,62,0,72,0,18,71,0,89,22,0,22,111
03/30/2008,IPT,PA,AEA,EN,Federal Contract Tower,0,9,6,0,15,0,3,67,0,70,0,12,73,0,85,10,0,10,95
03/31/2008,IPT,PA,AEA,EN,Federal Contract Tower,0,10,10,0,20,0,0,12,0,12,0,10,22,0,32,0,0,0,32
04/01/2008,IPT,PA,AEA,EN,Federal Contract Tower,0,12,9,0,21,0,0,2,0,2,0,12,11,0,23,0,0,0,23
04/02/2008,IPT,PA,AEA,EN,Federal Contract Tower,0,11,12,2,25,0,9,44,0,53,0,20,56,2,78,62,0,62,140
04/03/2008,IPT,PA,AEA,EN,Federal Contract Tower,0,14,7,0,21,0,6,36,0,42,0,20,43,0,63,10,0,10,73
04/04/2008,IPT,PA,AEA,EN,Federal Contract Tower,0,15,9,0,24,0,0,6,0,6,0,15,15,0,30,10,0,10,40
04/05/2008,IPT,PA,AEA,EN,Federal Contract Tower,0,6,6,0,12,0,1,25,0,26,0,7,31,0,38,0,0,0,38
04/06/2008,IPT,PA,AEA,EN,Federal Contract Tower,0,9,13,0,22,0,3,62,0,65,0,12,75,0,87,48,0,48,135
04/07/2008,IPT,PA,AEA,EN,Federal Contract Tower,0,12,10,0,22,0,5,27,0,32,0,17,37,0,54,46,0,46,100
04/08/2008,IPT,PA,AEA,EN,Federal Contract Tower,0,11,16,0,27,0,1,34,2,37,0,12,50,2,64,42,0,42,106
04/09/2008,IPT,PA,AEA,EN,Federal Contract Tower,0,14,17,0,31,0,7,23,0,30,0,21,40,0,61,2,0,2,63
04/10/2008,IPT,PA,AEA,EN,Federal Contract Tower,0,13,12,0,25,0,8,59,0,67,0,21,71,0,92,68,0,68,160
04/11/2008,IPT,PA,AEA,EN,Federal Contract Tower,0,20,16,0,36,0,1,16,0,17,0,21,32,0,53,10,0,10,63
04/12/2008,IPT,PA,AEA,EN,Federal Contract Tower,0,7,7,0,14,0,6,33,4,43,0,13,40,4,57,22,0,22,79
04/13/2008,IPT,PA,AEA,EN,Federal Contract Tower,0,11,5,0,16,0,6,9,0,15,0,17,14,0,31,0,0,0,31
04/14/2008,IPT,PA,AEA,EN,Federal Contract Tower,0,14,6,0,20,0,0,31,0,31,0,14,37,0,51,16,0,16,67
04/15/2008,IPT,PA,AEA,EN,Federal Contract Tower,0,14,11,0,25,0,4,43,0,47,0,18,54,0,72,18,0,18,90
04/16/2008,IPT,PA,AEA,EN,Federal Contract Tower,0,13,6,0,19,0,8,55,0,63,0,21,61,0,82,62,2,64,146
04/17/2008,IPT,PA,AEA,EN,Federal Contract Tower,0,15,12,0,27,0,11,65,0,76,0,26,77,0,103,68,0,68,171
04/18/2008,IPT,PA,AEA,EN,Federal Contract Tower,2,12,6,0,20,0,0,67,2,69,2,12,73,2,89,14,0,14,103
04/19/2008,IPT,PA,AEA,EN,Federal Contract Tower,0,7,8,0,15,0,5,65,0,70,0,12,73,0,85,8,0,8,93
04/20/2008,IPT,PA,AEA,EN,Federal Contract Tower,0,7,9,0,16,0,4,18,0,22,0,11,27,0,38,12,0,12,50
04/21/2008,IPT,PA,AEA,EN,Federal Contract Tower,0,11,18,0,29,0,4,32,0,36,0,15,50,0,65,22,0,22,87
04/22/2008,IPT,PA,AEA,EN,Federal Contract Tower,0,11,8,1,20,0,8,47,0,55,0,19,55,1,75,48,2,50,125
04/23/2008,IPT,PA,AEA,EN,Federal Contract Tower,0,12,13,0,25,0,15,30,0,45,0,27,43,0,70,44,2,46,116
04/24/2008,IPT,PA,AEA,EN,Federal Contract Tower,0,14,17,0,31,0,9,47,0,56,0,23,64,0,87,28,2,30,117
04/25/2008,IPT,PA,AEA,EN,Federal Contract Tower,0,14,5,0,19,0,5,46,0,51,0,19,51,0,70,56,0,56,126
04/26/2008,IPT,PA,AEA,EN,Federal Contract Tower,0,6,0,0,6,0,7,27,0,34,0,13,27,0,40,6,0,6,46
04/27/2008,IPT,PA,AEA,EN,Federal Contract Tower,0,12,8,0,20,0,2,39,0,41,0,14,47,0,61,22,0,22,83
04/28/2008,IPT,PA,AEA,EN,Federal Contract Tower,0,7,10,0,17,0,1,2,0,3,0,8,12,0,20,0,0,0,20
04/29/2008,IPT,PA,AEA,EN,Federal Contract Tower,0,13,7,0,20,0,6,31,0,37,0,19,38,0,57,0,0,0,57
04/30/2008,IPT,PA,AEA,EN,Federal Contract Tower,0,12,9,0,21,0,4,51,2,57,0,16,60,2,78,34,0,34,112
05/01/2008,IPT,PA,AEA,EN,Federal Contract Tower,0,14,9,1,24,0,4,37,1,42,0,18,46,2,66,44,0,44,110
05/02/2008,IPT,PA,AEA,EN,Federal Contract Tower,0,14,10,0,24,0,9,25,0,34,0,23,35,0,58,24,0,24,82
05/03/2008,IPT,PA,AEA,EN,Federal Contract Tower,0,7,7,0,14,0,6,15,0,21,0,13,22,0,35,10,0,10,45
05/04/2008,IPT,PA,AEA,EN,Federal Contract Tower,0,9,6,0,15,0,1,22,0,23,0,10,28,0,38,28,0,28,66
05/05/2008,IPT,PA,AEA,EN,Federal Contract Tower,0,14,9,0,23,0,1,61,0,62,0,15,70,0,85,6,0,6,91
05/06/2008,IPT,PA,AEA,EN,Federal Contract Tower,0,12,17,0,29,0,8,64,0,72,0,20,81,0,101,44,0,44,145
05/07/2008,IPT,PA,AEA,EN,Federal Contract Tower,0,15,3,0,18,0,4,32,0,36,0,19,35,0,54,0,0,0,54
05/08/2008,IPT,PA,AEA,EN,Federal Contract Tower,0,17,7,0,24,0,0,18,0,18,0,17,25,0,42,28,0,28,70
05/09/2008,IPT,PA,AEA,EN,Federal Contract Tower,0,9,11,2,22,0,1,6,0,7,0,10,17,2,29,2,0,2,31
05/10/2008,IPT,PA,AEA,EN,Federal Contract Tower,0,9,8,0,17,0,3,15,0,18,0,12,23,0,35,0,0,0,35
05/11/2008,IPT,PA,AEA,EN,Federal Contract Tower,0,9,4,0,13,0,4,19,0,23,0,13,23,0,36,0,0,0,36
05/12/2008,IPT,PA,AEA,EN,Federal Contract Tower,0,10,5,0,15,0,0,11,0,11,0,10,16,0,26,0,0,0,26
05/13/2008,IPT,PA,AEA,EN,Federal Contract Tower,0,15,12,0,27,0,9,58,5,72,0,24,70,5,99,42,4,46,145
05/14/2008,IPT,PA,AEA,EN,Federal Contract Tower,0,12,7,0,19,0,6,42,1,49,0,18,49,1,68,14,2,16,84
05/15/2008,IPT,PA,AEA,EN,Federal Contract Tower,0,13,5,1,19,0,11,37,1,49,0,24,42,2,68,48,0,48,116
05/16/2008,IPT,PA,AEA,EN,Federal Contract Tower,0,10,13,0,23,0,0,0,0,0,0,10,13,0,23,0,0,0,23
05/17/2008,IPT,PA,AEA,EN,Federal Contract Tower,0,7,15,0,22,0,4,48,0,52,0,11,63,0,74,26,0,26,100
05/18/2008,IPT,PA,AEA,EN,Federal Contract Tower,0,8,13,0,21,0,6,13,0,19,0,14,26,0,40,22,0,22,62
05/19/2008,IPT,PA,AEA,EN,Federal Contract Tower,0,17,15,0,32,0,4,22,3,29,0,21,37,3,61,28,0,28,89
05/20/2008,IPT,PA,AEA,EN,Federal Contract Tower,0,11,17,0,28,0,6,33,4,43,0,17,50,4,71,30,0,30,101
05/21/2008,IPT,PA,AEA,EN,Federal Contract Tower,0,12,11,0,23,0,5,20,0,25,0,17,31,0,48,0,0,0,48
05/22/2008,IPT,PA,AEA,EN,Federal Contract Tower,0,11,15,0,26,0,1,29,0,30,0,12,44,0,56,0,0,0,56
05/23/2008,IPT,PA,AEA,EN,Federal Contract Tower,0,13,11,0,24,0,4,39,0,43,0,17,50,0,67,18,0,18,85
05/24/2008,IPT,PA,AEA,EN,Federal Contract Tower,0,7,8,0,15,0,7,80,0,87,0,14,88,0,102,28,0,28,130
05/25/2008,IPT,PA,AEA,EN,Federal Contract Tower,0,9,7,0,16,0,8,64,1,73,0,17,71,1,89,36,0,36,125
05/26/2008,IPT,PA,AEA,EN,Federal Contract Tower,0,8,4,0,12,0,7,58,0,65,0,15,62,0,77,16,0,16,93
05/27/2008,IPT,PA,AEA,EN,Federal Contract Tower,0,14,13,0,27,0,1,23,2,26,0,15,36,2,53,0,0,0,53
05/28/2008,IPT,PA,AEA,EN,Federal Contract Tower,2,11,11,0,24,0,5,63,0,68,2,16,74,0,92,24,0,24,116
05/29/2008,IPT,PA,AEA,EN,Federal Contract Tower,0,13,24,0,37,0,6,64,6,76,0,19,88,6,113,52,0,52,165
05/30/2008,IPT,PA,AEA,EN,Federal Contract Tower,0,16,9,0,25,0,4,55,0,59,0,20,64,0,84,40,0,40,124
05/31/2008,IPT,PA,AEA,EN,Federal Contract Tower,0,10,6,0,16,0,10,36,0,46,0,20,42,0,62,0,0,0,62
06/01/2008,IPT,PA,AEA,EN,Federal Contract Tower,0,7,4,0,11,0,9,47,0,56,0,16,51,0,67,4,0,4,71
06/02/2008,IPT,PA,AEA,EN,Federal Contract Tower,0,12,4,0,16,0,4,72,0,76,0,16,76,0,92,30,0,30,122
06/03/2008,IPT,PA,AEA,EN,Federal Contract Tower,0,11,13,1,25,0,2,52,1,55,0,13,65,2,80,6,0,6,86
06/04/2008,IPT,PA,AEA,EN,Federal Contract Tower,0,9,17,0,26,0,1,3,0,4,0,10,20,0,30,0,0,0,30
06/05/2008,IPT,PA,AEA,EN,Federal Contract Tower,0,9,14,0,23,0,3,41,1,45,0,12,55,1,68,60,2,62,130
06/06/2008,IPT,PA,AEA,EN,Federal Contract Tower,0,13,19,0,32,0,4,33,0,37,0,17,52,0,69,42,0,42,111
06/07/2008,IPT,PA,AEA,EN,Federal Contract Tower,0,4,8,0,12,0,6,53,0,59,0,10,61,0,71,18,0,18,89
06/08/2008,IPT,PA,AEA,EN,Federal Contract Tower,0,8,6,0,14,0,5,45,0,50,0,13,51,0,64,42,0,42,106
06/09/2008,IPT,PA,AEA,EN,Federal Contract Tower,0,10,10,0,20,0,8,43,0,51,0,18,53,0,71,8,0,8,79
06/10/2008,IPT,PA,AEA,EN,Federal Contract Tower,0,15,11,0,26,0,6,43,0,49,0,21,54,0,75,12,0,12,87
06/11/2008,IPT,PA,AEA,EN,Federal Contract Tower,0,15,13,0,28,0,2,77,0,79,0,17,90,0,107,38,0,38,145
06/12/2008,IPT,PA,AEA,EN,Federal Contract Tower,0,15,13,0,28,0,12,75,0,87,0,27,88,0,115,48,0,48,163
06/13/2008,IPT,PA,AEA,EN,Federal Contract Tower,0,12,10,0,22,0,2,53,0,55,0,14,63,0,77,10,0,10,87
06/14/2008,IPT,PA,AEA,EN,Federal Contract Tower,0,7,20,0,27,0,4,42,0,46,0,11,62,0,73,6,0,6,79
06/15/2008,IPT,PA,AEA,EN,Federal Contract Tower,0,8,4,0,12,0,0,61,0,61,0,8,65,0,73,10,0,10,83
06/16/2008,IPT,PA,AEA,EN,Federal Contract Tower,0,10,6,0,16,0,3,34,0,37,0,13,40,0,53,30,0,30,83
06/17/2008,IPT,PA,AEA,EN,Federal Contract Tower,0,16,8,3,27,0,2,37,5,44,0,18,45,8,71,58,0,58,129
06/18/2008,IPT,PA,AEA,EN,Federal Contract Tower,0,13,11,0,24,0,3,57,0,60,0,16,68,0,84,66,0,66,150
06/19/2008,IPT,PA,AEA,EN,Federal Contract Tower,0,11,15,0,26,0,4,49,2,55,0,15,64,2,81,36,0,36,117
06/20/2008,IPT,PA,AEA,EN,Federal Contract Tower,0,13,10,0,23,0,12,56,4,72,0,25,66,4,95,32,0,32,127
06/21/2008,IPT,PA,AEA,EN,Federal Contract Tower,0,10,2,1,13,0,3,38,0,41,0,13,40,1,54,26,0,26,80
06/22/2008,IPT,PA,AEA,EN,Federal Contract Tower,0,6,2,0,8,0,6,26,0,32,0,12,28,0,40,20,0,20,60
06/23/2008,IPT,PA,AEA,EN,Federal Contract Tower,0,13,9,0,22,0,4,45,0,49,0,17,54,0,71,4,0,4,75
06/24/2008,IPT,PA,AEA,EN,Federal Contract Tower,0,16,11,0,27,0,0,58,0,58,0,16,69,0,85,36,0,36,121
06/25/2008,IPT,PA,AEA,EN,Federal Contract Tower,0,13,10,1,24,0,5,57,3,65,0,18,67,4,89,52,0,52,141
06/26/2008,IPT,PA,AEA,EN,Federal Contract Tower,0,14,5,0,19,0,11,52,2,65,0,25,57,2,84,6,0,6,90
06/27/2008,IPT,PA,AEA,EN,Federal Contract Tower,0,11,11,0,22,0,3,40,0,43,0,14,51,0,65,0,0,0,65
06/28/2008,IPT,PA,AEA,EN,Federal Contract Tower,0,7,7,0,14,0,2,32,0,34,0,9,39,0,48,0,0,0,48
06/29/2008,IPT,PA,AEA,EN,Federal Contract Tower,0,7,5,0,12,0,1,21,0,22,0,8,26,0,34,4,0,4,38
06/30/2008,IPT,PA,AEA,EN,Federal Contract Tower,0,11,11,0,22,0,1,50,0,51,0,12,61,0,73,18,0,18,91
07/01/2008,IPT,PA,AEA,EN,Federal Contract Tower,0,15,15,0,30,0,1,55,2,58,0,16,70,2,88,6,0,6,94
07/02/2008,IPT,PA,AEA,EN,Federal Contract Tower,0,13,3,0,16,0,10,81,0,91,0,23,84,0,107,38,0,38,145
07/03/2008,IPT,PA,AEA,EN,Federal Contract Tower,0,12,2,0,14,0,1,26,0,27,0,13,28,0,41,2,0,2,43
07/04/2008,IPT,PA,AEA,EN,Federal Contract Tower,0,3,0,0,3,0,2,12,0,14,0,5,12,0,17,22,0,22,39
07/05/2008,IPT,PA,AEA,EN,Federal Contract Tower,0,8,3,0,11,0,1,26,0,27,0,9,29,0,38,2,0,2,40
07/06/2008,IPT,PA,AEA,EN,Federal Contract Tower,0,7,2,0,9,0,3,43,0,46,0,10,45,0,55,18,0,18,73
07/07/2008,IPT,PA,AEA,EN,Federal Contract Tower,0,11,5,0,16,0,2,29,0,31,0,13,34,0,47,0,0,0,47
07/08/2008,IPT,PA,AEA,EN,Federal Contract Tower,0,13,7,0,20,0,16,44,0,60,0,29,51,0,80,44,0,44,124
07/09/2008,IPT,PA,AEA,EN,Federal Contract Tower,0,19,10,2,31,0,4,43,2,49,0,23,53,4,80,14,0,14,94
07/10/2008,IPT,PA,AEA,EN,Federal Contract Tower,0,13,12,0,25,0,5,58,5,68,0,18,70,5,93,56,6,62,155
07/11/2008,IPT,PA,AEA,EN,Federal Contract Tower,0,12,10,0,22,0,4,57,0,61,0,16,67,0,83,38,0,38,121
07/12/2008,IPT,PA,AEA,EN,Federal Contract Tower,0,7,8,0,15,0,8,61,2,71,0,15,69,2,86,24,0,24,110
07/13/2008,IPT,PA,AEA,EN,Federal Contract Tower,0,7,10,0,17,0,0,14,4,18,0,7,24,4,35,0,10,10,45
07/14/2008,IPT,PA,AEA,EN,Federal Contract Tower,0,12,6,0,18,0,1,44,1,46,0,13,50,1,64,12,0,12,76
07/15/2008,IPT,PA,AEA,EN,Federal Contract Tower,0,15,11,0,26,0,2,58,0,60,0,17,69,0,86,4,0,4,90
07/16/2008,IPT,PA,AEA,EN,Federal Contract Tower,0,12,11,0,23,0,1,54,1,56,0,13,65,1,79,4,2,6,85
07/17/2008,IPT,PA,AEA,EN,Federal Contract Tower,0,13,10,0,23,0,1,27,2,30,0,14,37,2,53,24,0,24,77
07/18/2008,IPT,PA,AEA,EN,Federal Contract Tower,0,10,14,0,24,0,1,33,0,34,0,11,47,0,58,98,0,98,156
07/19/2008,IPT,PA,AEA,EN,Federal Contract Tower,0,7,11,1,19,0,4,36,7,47,0,11,47,8,66,8,14,22,88
07/20/2008,IPT,PA,AEA,EN,Federal Contract Tower,0,7,7,0,14,0,6,26,0,32,0,13,33,0,46,0,0,0,46
07/21/2008,IPT,PA,AEA,EN,Federal Contract Tower,0,9,10,0,19,0,2,42,0,44,0,11,52,0,63,6,0,6,69
07/22/2008,IPT,PA,AEA,EN,Federal Contract Tower,0,15,8,0,23,0,7,28,0,35,0,22,36,0,58,22,0,22,80
07/23/2008,IPT,PA,AEA,EN,Federal Contract Tower,0,12,17,0,29,0,0,2,0,2,0,12,19,0,31,4,0,4,35
07/24/2008,IPT,PA,AEA,EN,Federal Contract Tower,0,18,11,0,29,0,0,26,4,30,0,18,37,4,59,50,0,50,109
07/25/2008,IPT,PA,AEA,EN,Federal Contract Tower,0,9,3,0,12,0,3,46,0,49,0,12,49,0,61,38,0,38,99
07/26/2008,IPT,PA,AEA,EN,Federal Contract Tower,0,7,5,0,12,0,7,52,0,59,0,14,57,0,71,6,0,6,77
07/27/2008,IPT,PA,AEA,EN,Federal Contract Tower,0,4,7,0,11,0,4,47,0,51,0,8,54,0,62,12,0,12,74
07/28/2008,IPT,PA,AEA,EN,Federal Contract Tower,0,10,12,0,22,0,4,52,0,56,0,14,64,0,78,32,0,32,110
07/29/2008,IPT,PA,AEA,EN,Federal Contract Tower,0,17,7,0,24,0,7,36,0,43,0,24,43,0,67,18,0,18,85
07/30/2008,IPT,PA,AEA,EN,Federal Contract Tower,0,14,21,0,35,0,2,25,0,27,0,16,46,0,62,6,0,6,68
07/31/2008,IPT,PA,AEA,EN,Federal Contract Tower,0,15,11,0,26,0,7,49,0,56,0,22,60,0,82,20,0,20,102
08/01/2008,IPT,PA,AEA,EN,Federal Contract Tower,0,15,5,0,20,0,3,43,0,46,0,18,48,0,66,32,0,32,98
08/02/2008,IPT,PA,AEA,EN,Federal Contract Tower,0,8,2,0,10,0,1,39,2,42,0,9,41,2,52,18,0,18,70
08/03/2008,IPT,PA,AEA,EN,Federal Contract Tower,0,6,3,0,9,0,0,44,0,44,0,6,47,0,53,0,0,0,53
08/04/2008,IPT,PA,AEA,EN,Federal Contract Tower,0,10,8,0,18,0,2,63,0,65,0,12,71,0,83,12,0,12,95
08/05/2008,IPT,PA,AEA,EN,Federal Contract Tower,0,16,15,0,31,0,10,21,0,31,0,26,36,0,62,0,0,0,62
08/06/2008,IPT,PA,AEA,EN,Federal Contract Tower,0,14,9,0,23,0,9,33,0,42,0,23,42,0,65,2,0,2,67
08/07/2008,IPT,PA,AEA,EN,Federal Contract Tower,0,18,9,0,27,0,6,34,0,40,0,24,43,0,67,6,0,6,73
08/08/2008,IPT,PA,AEA,EN,Federal Contract Tower,0,13,5,0,18,0,4,55,0,59,0,17,60,0,77,4,0,4,81
08/09/2008,IPT,PA,AEA,EN,Federal Contract Tower,0,8,9,0,17,0,2,68,1,71,0,10,77,1,88,30,2,32,120
08/10/2008,IPT,PA,AEA,EN,Federal Contract Tower,0,7,8,0,15,0,4,32,2,38,0,11,40,2,53,22,0,22,75
08/11/2008,IPT,PA,AEA,EN,Federal Contract Tower,0,14,8,0,22,0,2,13,0,15,0,16,21,0,37,24,0,24,61
08/12/2008,IPT,PA,AEA,EN,Federal Contract Tower,0,17,17,0,34,0,4,45,2,51,0,21,62,2,85,8,2,10,95
08/13/2008,IPT,PA,AEA,EN,Federal Contract Tower,0,17,8,0,25,0,1,40,0,41,0,18,48,0,66,26,0,26,92
08/14/2008,IPT,PA,AEA,EN,Federal Contract Tower,0,14,15,0,29,0,3,51,0,54,0,17,66,0,83,48,0,48,131
08/15/2008,IPT,PA,AEA,EN,Federal Contract Tower,0,15,17,0,32,0,7,41,0,48,0,22,58,0,80,32,0,32,112
08/16/2008,IPT,PA,AEA,EN,Federal Contract Tower,0,9,4,0,13,0,74,5,0,79,0,83,9,0,92,16,0,16,108
08/17/2008,IPT,PA,AEA,EN,Federal Contract Tower,0,7,11,0,18,0,1,47,3,51,0,8,58,3,69,12,0,12,81
08/18/2008,IPT,PA,AEA,EN,Federal Contract Tower,0,13,14,1,28,0,2,45,4,51,0,15,59,5,79,14,2,16,95
08/19/2008,IPT,PA,AEA,EN,Federal Contract Tower,0,13,10,0,23,0,3,54,0,57,0,16,64,0,80,42,0,42,122
08/20/2008,IPT,PA,AEA,EN,Federal Contract Tower,0,15,11,0,26,0,5,66,0,71,0,20,77,0,97,60,0,60,157
08/21/2008,IPT,PA,AEA,EN,Federal Contract Tower,0,13,8,2,23,0,10,54,0,64,0,23,62,2,87,52,0,52,139
08/22/2008,IPT,PA,AEA,EN,Federal Contract Tower,0,14,8,0,22,0,7,44,0,51,0,21,52,0,73,44,0,44,117
08/23/2008,IPT,PA,AEA,EN,Federal Contract Tower,0,8,8,0,16,0,3,75,3,81,0,11,83,3,97,98,0,98,195
08/24/2008,IPT,PA,AEA,EN,Federal Contract Tower,0,7,11,0,18,0,1,64,3,68,0,8,75,3,86,18,0,18,104
08/25/2008,IPT,PA,AEA,EN,Federal Contract Tower,0,13,19,0,32,0,8,60,0,68,0,21,79,0,100,14,0,14,114
08/26/2008,IPT,PA,AEA,EN,Federal Contract Tower,0,14,12,0,26,0,1,73,0,74,0,15,85,0,100,36,0,36,136
08/27/2008,IPT,PA,AEA,EN,Federal Contract Tower,0,17,13,0,30,0,8,57,0,65,0,25,70,0,95,12,0,12,107
08/28/2008,IPT,PA,AEA,EN,Federal Contract Tower,0,16,8,0,24,0,3,29,0,32,0,19,37,0,56,20,0,20,76
08/29/2008,IPT,PA,AEA,EN,Federal Contract Tower,0,12,16,0,28,0,3,7,0,10,0,15,23,0,38,0,0,0,38
08/30/2008,IPT,PA,AEA,EN,Federal Contract Tower,0,8,15,0,23,0,4,17,0,21,0,12,32,0,44,30,0,30,74
08/31/2008,IPT,PA,AEA,EN,Federal Contract Tower,0,6,10,0,16,0,4,51,0,55,0,10,61,0,71,32,0,32,103
09/01/2008,IPT,PA,AEA,EN,Federal Contract Tower,0,11,1,0,12,0,1,35,0,36,0,12,36,0,48,24,0,24,72
09/02/2008,IPT,PA,AEA,EN,Federal Contract Tower,0,10,12,0,22,0,4,53,0,57,0,14,65,0,79,60,0,60,139
09/03/2008,IPT,PA,AEA,EN,Federal Contract Tower,0,9,12,0,21,0,7,36,5,48,0,16,48,5,69,74,4,78,147
09/04/2008,IPT,PA,AEA,EN,Federal Contract Tower,0,15,9,1,25,0,10,35,7,52,0,25,44,8,77,8,0,8,85
09/05/2008,IPT,PA,AEA,EN,Federal Contract Tower,0,16,7,0,23,0,3,38,0,41,0,19,45,0,64,36,0,36,100
09/06/2008,IPT,PA,AEA,EN,Federal Contract Tower,0,8,2,0,10,0,2,0,0,2,0,10,2,0,12,0,0,0,12
09/07/2008,IPT,PA,AEA,EN,Federal Contract Tower,0,5,6,0,11,0,2,49,3,54,0,7,55,3,65,62,0,62,127
09/08/2008,IPT,PA,AEA,EN,Federal Contract Tower,0,7,12,0,19,0,2,39,0,41,0,9,51,0,60,68,0,68,128
09/09/2008,IPT,PA,AEA,EN,Federal Contract Tower,0,8,6,0,14,0,2,19,2,23,0,10,25,2,37,8,6,14,51
09/10/2008,IPT,PA,AEA,EN,Federal Contract Tower,0,13,9,2,24,0,3,48,3,54,0,16,57,5,78,52,4,56,134
09/11/2008,IPT,PA,AEA,EN,Federal Contract Tower,0,12,8,4,24,0,3,50,0,53,0,15,58,4,77,86,0,86,163
09/12/2008,IPT,PA,AEA,EN,Federal Contract Tower,0,11,10,0,21,0,0,4,0,4,0,11,14,0,25,0,0,0,25
09/13/2008,IPT,PA,AEA,EN,Federal Contract Tower,0,7,11,0,18,0,0,90,7,97,0,7,101,7,115,40,0,40,155
09/14/2008,IPT,PA,AEA,EN,Federal Contract Tower,0,5,14,0,19,0,13,83,0,96,0,18,97,0,115,50,0,50,165
09/15/2008,IPT,PA,AEA,EN,Federal Contract Tower,0,8,15,1,24,0,3,37,2,42,0,11,52,3,66,2,0,2,68
09/16/2008,IPT,PA,AEA,EN,Federal Contract Tower,0,11,8,0,19,0,4,37,0,41,0,15,45,0,60,64,0,64,124
09/17/2008,IPT,PA,AEA,EN,Federal Contract Tower,0,9,5,4,18,0,6,45,2,53,0,15,50,6,71,10,0,10,81
09/18/2008,IPT,PA,AEA,EN,Federal Contract Tower,0,11,9,0,20,0,4,36,0,40,0,15,45,0,60,66,0,66,126
09/19/2008,IPT,PA,AEA,EN,Federal Contract Tower,0,11,15,2,28,0,1,59,0,60,0,12,74,2,88,10,0,10,98
09/20/2008,IPT,PA,AEA,EN,Federal Contract Tower,0,7,9,0,16,0,7,57,0,64,0,14,66,0,80,12,0,12,92
09/21/2008,IPT,PA,AEA,EN,Federal Contract Tower,0,4,13,0,17,0,2,35,0,37,0,6,48,0,54,18,0,18,72
09/22/2008,IPT,PA,AEA,EN,Federal Contract Tower,0,5,9,0,14,0,3,31,2,36,0,8,40,2,50,30,0,30,80
09/23/2008,IPT,PA,AEA,EN,Federal Contract Tower,0,11,16,2,29,0,8,34,0,42,0,19,50,2,71,18,0,18,89
09/24/2008,IPT,PA,AEA,EN,Federal Contract Tower,0,10,7,0,17,0,3,47,0,50,0,13,54,0,67,26,0,26,93
09/25/2008,IPT,PA,AEA,EN,Federal Contract Tower,0,17,2,0,19,0,1,28,0,29,0,18,30,0,48,40,0,40,88
09/26/2008,IPT,PA,AEA,EN,Federal Contract Tower,0,16,5,0,21,0,2,2,0,4,0,18,7,0,25,14,0,14,39
09/27/2008,IPT,PA,AEA,EN,Federal Contract Tower,0,7,5,0,12,0,0,17,0,17,0,7,22,0,29,4,0,4,33
09/28/2008,IPT,PA,AEA,EN,Federal Contract Tower,0,5,15,0,20,0,7,5,0,12,0,12,20,0,32,18,0,18,50
09/29/2008,IPT,PA,AEA,EN,Federal Contract Tower,0,7,13,2,22,0,4,26,10,40,0,11,39,12,62,16,0,16,78
09/30/2008,IPT,PA,AEA,EN,Federal Contract Tower,0,10,21,2,33,0,2,25,4,31,0,12,46,6,64,0,0,0,64
10/01/2008,IPT,PA,AEA,EN,Federal Contract Tower,0,9,14,0,23,0,0,17,0,17,0,9,31,0,40,16,2,18,58
10/02/2008,IPT,PA,AEA,EN,Federal Contract Tower,0,13,9,0,22,0,2,20,4,26,0,15,29,4,48,2,2,4,52
10/03/2008,IPT,PA,AEA,EN,Federal Contract Tower,0,15,14,0,29,0,4,29,0,33,0,19,43,0,62,18,0,18,80
10/04/2008,IPT,PA,AEA,EN,Federal Contract Tower,0,11,3,0,14,0,12,32,0,44,0,23,35,0,58,12,0,12,70
10/05/2008,IPT,PA,AEA,EN,Federal Contract Tower,0,5,10,0,15,0,3,32,4,39,0,8,42,4,54,48,0,48,102
10/06/2008,IPT,PA,AEA,EN,Federal Contract Tower,0,7,2,0,9,0,2,39,0,41,0,9,41,0,50,22,0,22,72
10/07/2008,IPT,PA,AEA,EN,Federal Contract Tower,0,12,11,0,23,0,4,52,0,56,0,16,63,0,79,44,0,44,123
10/08/2008,IPT,PA,AEA,EN,Federal Contract Tower,0,13,6,0,19,0,2,54,0,56,0,15,60,0,75,22,0,22,97
10/09/2008,IPT,PA,AEA,EN,Federal Contract Tower,0,12,10,0,22,0,4,35,0,39,0,16,45,0,61,22,0,22,83
10/10/2008,IPT,PA,AEA,EN,Federal Contract Tower,0,9,9,0,18,0,5,39,0,44,0,14,48,0,62,6,0,6,68
10/11/2008,IPT,PA,AEA,EN,Federal Contract Tower,0,8,2,0,10,0,4,42,1,47,0,12,44,1,57,36,0,36,93
10/12/2008,IPT,PA,AEA,EN,Federal Contract Tower,0,5,5,0,10,0,5,51,0,56,0,10,56,0,66,32,0,32,98
10/13/2008,IPT,PA,AEA,EN,Federal Contract Tower,0,8,2,0,10,0,4,30,0,34,0,12,32,0,44,20,0,20,64
10/14/2008,IPT,PA,AEA,EN,Federal Contract Tower,0,9,11,0,20,0,7,38,4,49,0,16,49,4,69,68,0,68,137
10/15/2008,IPT,PA,AEA,EN,Federal Contract Tower,0,12,1,0,13,0,2,48,0,50,0,14,49,0,63,34,0,34,97
10/16/2008,IPT,PA,AEA,EN,Federal Contract Tower,0,13,15,0,28,0,4,35,0,39,0,17,50,0,67,38,0,38,105
10/17/2008,IPT,PA,AEA,EN,Federal Contract Tower,0,10,12,1,23,0,4,52,2,58,0,14,64,3,81,52,0,52,133
10/18/2008,IPT,PA,AEA,EN,Federal Contract Tower,0,6,5,0,11,0,4,35,0,39,0,10,40,0,50,36,0,36,86
10/19/2008,IPT,PA,AEA,EN,Federal Contract Tower,0,4,8,0,12,0,2,58,2,62,0,6,66,2,74,94,0,94,168
10/20/2008,IPT,PA,AEA,EN,Federal Contract Tower,0,7,12,0,19,0,5,38,0,43,0,12,50,0,62,88,0,88,150
10/21/2008,IPT,PA,AEA,EN,Federal Contract Tower,0,8,12,0,20,0,2,25,0,27,0,10,37,0,47,0,0,0,47
10/22/2008,IPT,PA,AEA,EN,Federal Contract Tower,0,13,5,2,20,0,4,19,0,23,0,17,24,2,43,12,2,14,57
10/23/2008,IPT,PA,AEA,EN,Federal Contract Tower,0,11,2,0,13,0,2,55,0,57,0,13,57,0,70,20,0,20,90
10/24/2008,IPT,PA,AEA,EN,Federal Contract Tower,0,12,5,0,17,0,0,20,0,20,0,12,25,0,37,6,0,6,43
10/25/2008,IPT,PA,AEA,EN,Federal Contract Tower,0,6,7,0,13,0,0,0,0,0,0,6,7,0,13,0,0,0,13
10/26/2008,IPT,PA,AEA,EN,Federal Contract Tower,0,9,2,0,11,0,7,21,0,28,0,16,23,0,39,26,0,26,65
10/27/2008,IPT,PA,AEA,EN,Federal Contract Tower,0,9,5,0,14,0,3,27,4,34,0,12,32,4,48,0,2,2,50
10/28/2008,IPT,PA,AEA,EN,Federal Contract Tower,0,8,2,0,10,0,5,11,0,16,0,13,13,0,26,0,0,0,26
10/29/2008,IPT,PA,AEA,EN,Federal Contract Tower,0,14,6,0,20,0,8,23,0,31,0,22,29,0,51,0,0,0,51
10/30/2008,IPT,PA,AEA,EN,Federal Contract Tower,4,11,11,0,26,0,0,27,5,32,4,11,38,5,58,8,0,8,66
10/31/2008,IPT,PA,AEA,EN,Federal Contract Tower,0,16,1,0,17,0,7,38,0,45,0,23,39,0,62,38,0,38,100
11/01/2008,IPT,PA,AEA,EN,Federal Contract Tower,0,9,9,0,18,0,4,53,2,59,0,13,62,2,77,2,0,2,79
11/02/2008,IPT,PA,AEA,EN,Federal Contract Tower,0,5,12,0,17,0,2,63,2,67,0,7,75,2,84,20,0,20,104
11/03/2008,IPT,PA,AEA,EN,Federal Contract Tower,0,8,5,0,13,0,3,21,4,28,0,11,26,4,41,28,0,28,69
11/04/2008,IPT,PA,AEA,EN,Federal Contract Tower,0,11,10,0,21,0,3,17,0,20,0,14,27,0,41,0,0,0,41
11/05/2008,IPT,PA,AEA,EN,Federal Contract Tower,0,8,3,0,11,0,1,25,0,26,0,9,28,0,37,12,0,12,49
11/06/2008,IPT,PA,AEA,EN,Federal Contract Tower,0,7,9,0,16,0,0,24,0,24,0,7,33,0,40,40,0,40,80
11/07/2008,IPT,PA,AEA,EN,Federal Contract Tower,0,13,15,0,28,0,1,27,4,32,0,14,42,4,60,38,0,38,98
11/08/2008,IPT,PA,AEA,EN,Federal Contract Tower,0,9,6,0,15,0,1,14,0,15,0,10,20,0,30,12,0,12,42
11/09/2008,IPT,PA,AEA,EN,Federal Contract Tower,0,7,5,0,12,0,2,22,6,30,0,9,27,6,42,2,0,2,44
11/10/2008,IPT,PA,AEA,EN,Federal Contract Tower,0,11,10,0,21,0,3,15,0,18,0,14,25,0,39,26,0,26,65
11/11/2008,IPT,PA,AEA,EN,Federal Contract Tower,0,9,8,0,17,0,3,35,3,41,0,12,43,3,58,50,0,50,108
11/12/2008,IPT,PA,AEA,EN,Federal Contract Tower,0,11,8,0,19,0,0,38,0,38,0,11,46,0,57,2,0,2,59
11/13/2008,IPT,PA,AEA,EN,Federal Contract Tower,0,9,5,0,14,0,0,0,0,0,0,9,5,0,14,0,0,0,14
11/14/2008,IPT,PA,AEA,EN,Federal Contract Tower,0,10,13,0,23,0,0,0,0,0,0,10,13,0,23,0,0,0,23
11/15/2008,IPT,PA,AEA,EN,Federal Contract Tower,0,8,7,0,15,0,1,3,0,4,0,9,10,0,19,0,0,0,19
11/16/2008,IPT,PA,AEA,EN,Federal Contract Tower,0,5,7,0,12,0,4,11,0,15,0,9,18,0,27,0,0,0,27
11/17/2008,IPT,PA,AEA,EN,Federal Contract Tower,0,7,2,0,9,0,0,11,0,11,0,7,13,0,20,14,0,14,34
11/18/2008,IPT,PA,AEA,EN,Federal Contract Tower,0,11,9,0,20,0,5,5,0,10,0,16,14,0,30,12,0,12,42
11/19/2008,IPT,PA,AEA,EN,Federal Contract Tower,0,9,4,0,13,0,2,24,0,26,0,11,28,0,39,24,0,24,63
11/20/2008,IPT,PA,AEA,EN,Federal Contract Tower,0,15,9,0,24,0,1,11,0,12,0,16,20,0,36,56,0,56,92
11/21/2008,IPT,PA,AEA,EN,Federal Contract Tower,0,9,13,0,22,0,9,11,4,24,0,18,24,4,46,0,2,2,48
11/22/2008,IPT,PA,AEA,EN,Federal Contract Tower,0,8,6,0,14,0,2,23,0,25,0,10,29,0,39,24,0,24,63
11/23/2008,IPT,PA,AEA,EN,Federal Contract Tower,0,6,11,0,17,0,1,26,3,30,0,7,37,3,47,46,0,46,93
11/24/2008,IPT,PA,AEA,EN,Federal Contract Tower,0,6,3,0,9,0,5,12,0,17,0,11,15,0,26,20,0,20,46
11/25/2008,IPT,PA,AEA,EN,Federal Contract Tower,0,18,10,0,28,0,3,6,0,9,0,21,16,0,37,0,0,0,37
11/26/2008,IPT,PA,AEA,EN,Federal Contract Tower,0,12,0,0,12,0,2,11,0,13,0,14,11,0,25,0,0,0,25
11/27/2008,IPT,PA,AEA,EN,Federal Contract Tower,0,1,4,0,5,0,2,22,0,24,0,3,26,0,29,34,0,34,63
11/28/2008,IPT,PA,AEA,EN,Federal Contract Tower,0,14,4,0,18,0,6,22,0,28,0,20,26,0,46,32,0,32,78
11/29/2008,IPT,PA,AEA,EN,Federal Contract Tower,0,10,15,0,25,0,5,43,0,48,0,15,58,0,73,12,0,12,85
11/30/2008,IPT,PA,AEA,EN,Federal Contract Tower,0,6,5,0,11,0,0,0,0,0,0,6,5,0,11,0,0,0,11
12/01/2008,IPT,PA,AEA,EN,Federal Contract Tower,0,9,3,0,12,0,13,7,0,20,0,22,10,0,32,2,0,2,34
12/02/2008,IPT,PA,AEA,EN,Federal Contract Tower,0,13,8,0,21,0,6,25,0,31,0,19,33,0,52,22,0,22,74
12/03/2008,IPT,PA,AEA,EN,Federal Contract Tower,0,10,11,0,21,0,4,33,0,37,0,14,44,0,58,2,2,4,62
12/04/2008,IPT,PA,AEA,EN,Federal Contract Tower,0,13,1,0,14,0,0,0,0,0,0,13,1,0,14,0,0,0,14
12/05/2008,IPT,PA,AEA,EN,Federal Contract Tower,0,12,2,0,14,0,18,16,0,34,0,30,18,0,48,16,0,16,64
12/06/2008,IPT,PA,AEA,EN,Federal Contract Tower,0,6,4,0,10,0,0,25,2,27,0,6,29,2,37,2,0,2,39
12/07/2008,IPT,PA,AEA,EN,Federal Contract Tower,0,6,0,0,6,0,0,4,0,4,0,6,4,0,10,0,0,0,10
12/08/2008,IPT,PA,AEA,EN,Federal Contract Tower,0,10,2,0,12,0,9,22,0,31,0,19,24,0,43,10,0,10,53
12/09/2008,IPT,PA,AEA,EN,Federal Contract Tower,0,11,3,0,14,0,5,20,0,25,0,16,23,0,39,16,0,16,55
12/10/2008,IPT,PA,AEA,EN,Federal Contract Tower,0,16,3,0,19,0,0,4,0,4,0,16,7,0,23,10,0,10,33
12/11/2008,IPT,PA,AEA,EN,Federal Contract Tower,0,12,2,0,14,0,0,0,0,0,0,12,2,0,14,0,0,0,14
12/12/2008,IPT,PA,AEA,EN,Federal Contract Tower,0,12,11,0,23,0,5,9,2,16,0,17,20,2,39,12,0,12,51
12/13/2008,IPT,PA,AEA,EN,Federal Contract Tower,0,7,0,0,7,0,3,20,2,25,0,10,20,2,32,14,0,14,46
12/14/2008,IPT,PA,AEA,EN,Federal Contract Tower,0,4,5,0,9,0,2,33,2,37,0,6,38,2,46,62,0,62,108
12/15/2008,IPT,PA,AEA,EN,Federal Contract Tower,0,8,6,2,16,0,4,8,0,12,0,12,14,2,28,0,0,0,28
12/16/2008,IPT,PA,AEA,EN,Federal Contract Tower,0,12,5,0,17,0,5,15,0,20,0,17,20,0,37,0,0,0,37
12/17/2008,IPT,PA,AEA,EN,Federal Contract Tower,0,15,5,0,20,0,0,0,0,0,0,15,5,0,20,0,0,0,20
12/18/2008,IPT,PA,AEA,EN,Federal Contract Tower,0,17,15,2,34,0,3,25,0,28,0,20,40,2,62,0,0,0,62
12/19/2008,IPT,PA,AEA,EN,Federal Contract Tower,0,5,0,0,5,0,0,0,0,0,0,5,0,0,5,0,0,0,5
12/20/2008,IPT,PA,AEA,EN,Federal Contract Tower,0,6,4,0,10,0,6,4,0,10,0,12,8,0,20,6,0,6,26
12/21/2008,IPT,PA,AEA,EN,Federal Contract Tower,0,5,4,0,9,0,5,1,0,6,0,10,5,0,15,0,0,0,15
12/22/2008,IPT,PA,AEA,EN,Federal Contract Tower,0,10,4,0,14,0,0,12,0,12,0,10,16,0,26,2,0,2,28
12/23/2008,IPT,PA,AEA,EN,Federal Contract Tower,0,13,3,0,16,0,9,18,2,29,0,22,21,2,45,10,0,10,55
12/24/2008,IPT,PA,AEA,EN,Federal Contract Tower,0,7,2,0,9,0,2,0,0,2,0,9,2,0,11,0,0,0,11
12/25/2008,IPT,PA,AEA,EN,Federal Contract Tower,0,8,2,0,10,0,3,3,0,6,0,11,5,0,16,0,0,0,16
12/26/2008,IPT,PA,AEA,EN,Federal Contract Tower,0,13,1,0,14,0,4,8,0,12,0,17,9,0,26,4,0,4,30
12/27/2008,IPT,PA,AEA,EN,Federal Contract Tower,0,8,0,0,8,0,0,4,0,4,0,8,4,0,12,10,0,10,22
12/28/2008,IPT,PA,AEA,EN,Federal Contract Tower,0,5,6,0,11,0,5,5,0,10,0,10,11,0,21,0,0,0,21
12/29/2008,IPT,PA,AEA,EN,Federal Contract Tower,0,6,5,0,11,0,6,27,0,33,0,12,32,0,44,2,0,2,46
12/30/2008,IPT,PA,AEA,EN,Federal Contract Tower,0,11,4,0,15,0,4,23,2,29,0,15,27,2,44,10,0,10,54
12/31/2008,IPT,PA,AEA,EN,Federal Contract Tower,0,8,1,0,9,0,2,0,0,2,0,10,1,0,11,0,0,0,11
01/01/2009,IPT,PA,AEA,EN,Federal Contract Tower,0,9,2,0,11,0,8,17,0,25,0,17,19,0,36,4,0,4,40
01/02/2009,IPT,PA,AEA,EN,Federal Contract Tower,0,12,3,0,15,0,3,6,0,9,0,15,9,0,24,0,0,0,24
01/03/2009,IPT,PA,AEA,EN,Federal Contract Tower,0,8,1,0,9,0,2,32,4,38,0,10,33,4,47,28,0,28,75
01/04/2009,IPT,PA,AEA,EN,Federal Contract Tower,0,5,1,0,6,0,1,29,0,30,0,6,30,0,36,16,0,16,52
01/05/2009,IPT,PA,AEA,EN,Federal Contract Tower,0,7,1,0,8,0,3,9,0,12,0,10,10,0,20,0,0,0,20
01/06/2009,IPT,PA,AEA,EN,Federal Contract Tower,0,11,3,0,14,0,2,3,0,5,0,13,6,0,19,0,0,0,19
01/07/2009,IPT,PA,AEA,EN,Federal Contract Tower,0,7,0,0,7,0,0,0,0,0,0,7,0,0,7,0,0,0,7
01/08/2009,IPT,PA,AEA,EN,Federal Contract Tower,0,10,5,0,15,0,2,4,0,6,0,12,9,0,21,0,0,0,21
01/09/2009,IPT,PA,AEA,EN,Federal Contract Tower,0,9,3,0,12,0,2,7,2,11,0,11,10,2,23,0,0,0,23
01/10/2009,IPT,PA,AEA,EN,Federal Contract Tower,0,6,0,0,6,0,0,0,0,0,0,6,0,0,6,0,0,0,6
01/11/2009,IPT,PA,AEA,EN,Federal Contract Tower,0,4,2,0,6,0,0,1,0,1,0,4,3,0,7,0,0,0,7
01/12/2009,IPT,PA,AEA,EN,Federal Contract Tower,0,9,6,2,17,0,0,12,1,13,0,9,18,3,30,2,4,6,36
01/13/2009,IPT,PA,AEA,EN,Federal Contract Tower,0,9,6,0,15,0,1,3,0,4,0,10,9,0,19,2,0,2,21
01/14/2009,IPT,PA,AEA,EN,Federal Contract Tower,0,9,5,0,14,0,2,8,0,10,0,11,13,0,24,12,0,12,36
01/15/2009,IPT,PA,AEA,EN,Federal Contract Tower,0,10,4,0,14,0,9,2,0,11,0,19,6,0,25,2,0,2,27
01/16/2009,IPT,PA,AEA,EN,Federal Contract Tower,0,11,3,0,14,0,1,6,0,7,0,12,9,0,21,10,0,10,31
01/17/2009,IPT,PA,AEA,EN,Federal Contract Tower,0,6,3,0,9,0,2,23,2,27,0,8,26,2,36,12,0,12,48
01/18/2009,IPT,PA,AEA,EN,Federal Contract Tower,3,0,0,0,3,0,0,5,0,5,3,0,5,0,8,0,0,0,8
01/19/2009,IPT,PA,AEA,EN,Federal Contract Tower,0,6,4,0,10,0,8,5,0,13,0,14,9,0,23,0,0,0,23
01/20/2009,IPT,PA,AEA,EN,Federal Contract Tower,0,9,6,0,15,0,1,14,0,15,0,10,20,0,30,2,0,2,32
01/21/2009,IPT,PA,AEA,EN,Federal Contract Tower,0,11,4,2,17,0,0,17,1,18,0,11,21,3,35,16,0,16,51
01/22/2009,IPT,PA,AEA,EN,Federal Contract Tower,0,9,6,0,15,0,1,27,0,28,0,10,33,0,43,22,0,22,65
01/23/2009,IPT,PA,AEA,EN,Federal Contract Tower,0,8,10,0,18,0,5,23,0,28,0,13,33,0,46,0,0,0,46
01/24/2009,IPT,PA,AEA,EN,Federal Contract Tower,0,8,2,0,10,0,0,10,4,14,0,8,12,4,24,0,0,0,24
01/25/2009,IPT,PA,AEA,EN,Federal Contract Tower,0,6,4,0,10,0,15,19,0,34,0,21,23,0,44,12,0,12,56
01/26/2009,IPT,PA,AEA,EN,Federal Contract Tower,0,8,7,0,15,0,5,22,0,27,0,13,29,0,42,20,0,20,62
01/27/2009,IPT,PA,AEA,EN,Federal Contract Tower,0,9,6,0,15,0,0,14,0,14,0,9,20,0,29,10,0,10,39
01/28/2009,IPT,PA,AEA,EN,Federal Contract Tower,0,7,0,0,7,0,0,0,0,0,0,7,0,0,7,0,0,0,7
01/29/2009,IPT,PA,AEA,EN,Federal Contract Tower,0,9,4,0,13,0,3,9,0,12,0,12,13,0,25,4,0,4,29
01/30/2009,IPT,PA,AEA,EN,Federal Contract Tower,0,10,3,0,13,0,2,3,0,5,0,12,6,0,18,0,0,0,18
01/31/2009,IPT,PA,AEA,EN,Federal Contract Tower,0,6,0,0,6,0,4,21,2,27,0,10,21,2,33,42,0,42,75
02/01/2009,IPT,PA,AEA,EN,Federal Contract Tower,0,4,1,0,5,0,4,31,0,35,0,8,32,0,40,32,0,32,72
02/02/2009,IPT,PA,AEA,EN,Federal Contract Tower,0,9,3,0,12,0,5,5,0,10,0,14,8,0,22,8,0,8,30
02/03/2009,IPT,PA,AEA,EN,Federal Contract Tower,0,7,4,0,11,0,3,11,0,14,0,10,15,0,25,14,0,14,39
02/04/2009,IPT,PA,AEA,EN,Federal Contract Tower,0,9,4,0,13,0,0,20,0,20,0,9,24,0,33,0,0,0,33
02/05/2009,IPT,PA,AEA,EN,Federal Contract Tower,0,11,8,0,19,0,1,18,4,23,0,12,26,4,42,6,0,6,48
02/06/2009,IPT,PA,AEA,EN,Federal Contract Tower,0,10,9,0,19,0,3,26,0,29,0,13,35,0,48,10,0,10,58
02/07/2009,IPT,PA,AEA,EN,Federal Contract Tower,0,7,5,0,12,0,5,42,4,51,0,12,47,4,63,52,0,52,115
02/08/2009,IPT,PA,AEA,EN,Federal Contract Tower,0,4,5,0,9,0,8,9,0,17,0,12,14,0,26,4,0,4,30
02/09/2009,IPT,PA,AEA,EN,Federal Contract Tower,0,10,2,0,12,0,4,50,6,60,0,14,52,6,72,28,0,28,100
02/10/2009,IPT,PA,AEA,EN,Federal Contract Tower,0,9,10,0,19,0,0,4,0,4,0,9,14,0,23,20,0,20,43
02/11/2009,IPT,PA,AEA,EN,Federal Contract Tower,0,11,2,0,13,0,1,14,0,15,0,12,16,0,28,0,0,0,28
02/12/2009,IPT,PA,AEA,EN,Federal Contract Tower,0,5,1,0,6,0,0,0,0,0,0,5,1,0,6,0,0,0,6
02/13/2009,IPT,PA,AEA,EN,Federal Contract Tower,0,9,16,0,25,0,3,6,0,9,0,12,22,0,34,2,0,2,36
02/14/2009,IPT,PA,AEA,EN,Federal Contract Tower,0,8,2,0,10,0,0,16,7,23,0,8,18,7,33,2,2,4,37
02/15/2009,IPT,PA,AEA,EN,Federal Contract Tower,0,6,5,0,11,0,1,51,0,52,0,7,56,0,63,2,0,2,65
02/16/2009,IPT,PA,AEA,EN,Federal Contract Tower,0,7,7,0,14,0,0,17,0,17,0,7,24,0,31,0,0,0,31
02/17/2009,IPT,PA,AEA,EN,Federal Contract Tower,0,10,13,0,23,0,10,47,2,59,0,20,60,2,82,36,0,36,118
02/18/2009,IPT,PA,AEA,EN,Federal Contract Tower,0,11,2,0,13,0,0,0,0,0,0,11,2,0,13,0,0,0,13
02/19/2009,IPT,PA,AEA,EN,Federal Contract Tower,0,8,6,0,14,0,8,0,0,8,0,16,6,0,22,0,0,0,22
02/20/2009,IPT,PA,AEA,EN,Federal Contract Tower,0,8,2,0,10,0,4,9,0,13,0,12,11,0,23,0,0,0,23
02/21/2009,IPT,PA,AEA,EN,Federal Contract Tower,0,6,4,0,10,0,2,48,0,50,0,8,52,0,60,44,0,44,104
02/22/2009,IPT,PA,AEA,EN,Federal Contract Tower,0,3,0,0,3,0,9,6,0,15,0,12,6,0,18,0,0,0,18
02/23/2009,IPT,PA,AEA,EN,Federal Contract Tower,0,7,2,0,9,0,1,6,0,7,0,8,8,0,16,0,0,0,16
02/24/2009,IPT,PA,AEA,EN,Federal Contract Tower,0,8,0,2,10,0,5,40,4,49,0,13,40,6,59,22,12,34,93
02/25/2009,IPT,PA,AEA,EN,Federal Contract Tower,0,13,10,1,24,0,4,43,1,48,0,17,53,2,72,16,0,16,88
02/26/2009,IPT,PA,AEA,EN,Federal Contract Tower,0,14,7,0,21,0,4,35,0,39,0,18,42,0,60,26,0,26,86
02/27/2009,IPT,PA,AEA,EN,Federal Contract Tower,0,12,5,0,17,0,0,1,0,1,0,12,6,0,18,0,0,0,18
02/28/2009,IPT,PA,AEA,EN,Federal Contract Tower,0,9,3,0,12,0,1,51,7,59,0,10,54,7,71,16,0,16,87
03/01/2009,IPT,PA,AEA,EN,Federal Contract Tower,0,3,1,0,4,0,2,26,0,28,0,5,27,0,32,22,0,22,54
03/02/2009,IPT,PA,AEA,EN,Federal Contract Tower,0,5,3,0,8,0,3,0,0,3,0,8,3,0,11,0,0,0,11
03/03/2009,IPT,PA,AEA,EN,Federal Contract Tower,0,10,3,0,13,0,2,12,0,14,0,12,15,0,27,2,0,2,29
03/04/2009,IPT,PA,AEA,EN,Federal Contract Tower,0,12,6,0,18,0,2,42,0,44,0,14,48,0,62,22,0,22,84
03/05/2009,IPT,PA,AEA,EN,Federal Contract Tower,0,11,3,0,14,0,3,36,0,39,0,14,39,0,53,10,0,10,63
03/06/2009,IPT,PA,AEA,EN,Federal Contract Tower,0,10,3,0,13,0,18,19,0,37,0,28,22,0,50,0,0,0,50
03/07/2009,IPT,PA,AEA,EN,Federal Contract Tower,0,7,2,0,9,0,2,6,0,8,0,9,8,0,17,10,0,10,27
03/08/2009,IPT,PA,AEA,EN,Federal Contract Tower,0,6,6,0,12,0,0,5,0,5,0,6,11,0,17,4,0,4,21
03/09/2009,IPT,PA,AEA,EN,Federal Contract Tower,0,6,2,0,8,0,3,4,0,7,0,9,6,0,15,0,0,0,15
03/10/2009,IPT,PA,AEA,EN,Federal Contract Tower,0,10,8,2,20,0,1,16,0,17,0,11,24,2,37,0,0,0,37
03/11/2009,IPT,PA,AEA,EN,Federal Contract Tower,0,8,1,0,9,0,2,2,0,4,0,10,3,0,13,0,0,0,13
03/12/2009,IPT,PA,AEA,EN,Federal Contract Tower,0,9,0,0,9,0,4,37,0,41,0,13,37,0,50,54,0,54,104
03/13/2009,IPT,PA,AEA,EN,Federal Contract Tower,0,13,4,0,17,0,2,37,0,39,0,15,41,0,56,44,0,44,100
03/14/2009,IPT,PA,AEA,EN,Federal Contract Tower,0,5,11,0,16,0,6,41,6,53,0,11,52,6,69,32,0,32,101
03/15/2009,IPT,PA,AEA,EN,Federal Contract Tower,0,11,16,0,27,0,5,42,0,47,0,16,58,0,74,4,0,4,78
03/16/2009,IPT,PA,AEA,EN,Federal Contract Tower,0,9,7,0,16,0,2,20,0,22,0,11,27,0,38,12,0,12,50
03/17/2009,IPT,PA,AEA,EN,Federal Contract Tower,0,9,2,0,11,0,3,41,3,47,0,12,43,3,58,56,0,56,114
03/18/2009,IPT,PA,AEA,EN,Federal Contract Tower,0,13,7,0,20,0,4,24,1,29,0,17,31,1,49,24,2,26,75
03/19/2009,IPT,PA,AEA,EN,Federal Contract Tower,0,9,7,0,16,0,6,22,0,28,0,15,29,0,44,0,0,0,44
03/20/2009,IPT,PA,AEA,EN,Federal Contract Tower,0,9,6,0,15,0,20,26,0,46,0,29,32,0,61,32,0,32,93
03/21/2009,IPT,PA,AEA,EN,Federal Contract Tower,0,6,5,0,11,0,2,59,2,63,0,8,64,2,74,32,0,32,106
03/22/2009,IPT,PA,AEA,EN,Federal Contract Tower,0,4,10,0,14,0,6,36,2,44,0,10,46,2,58,8,0,8,66
03/23/2009,IPT,PA,AEA,EN,Federal Contract Tower,0,7,7,0,14,0,2,30,0,32,0,9,37,0,46,8,0,8,54
03/24/2009,IPT,PA,AEA,EN,Federal Contract Tower,0,10,6,0,16,0,7,34,0,41,0,17,40,0,57,24,0,24,81
03/25/2009,IPT,PA,AEA,EN,Federal Contract Tower,0,10,6,0,16,0,1,42,4,47,0,11,48,4,63,10,0,10,73
03/26/2009,IPT,PA,AEA,EN,Federal Contract Tower,0,8,7,0,15,0,0,6,0,6,0,8,13,0,21,0,0,0,21
03/27/2009,IPT,PA,AEA,EN,Federal Contract Tower,0,7,9,0,16,0,3,31,0,34,0,10,40,0,50,42,0,42,92
03/28/2009,IPT,PA,AEA,EN,Federal Contract Tower,0,6,10,0,16,0,0,30,0,30,0,6,40,0,46,0,0,0,46
03/29/2009,IPT,PA,AEA,EN,Federal Contract Tower,0,3,2,0,5,0,0,0,0,0,0,3,2,0,5,0,0,0,5
03/30/2009,IPT,PA,AEA,EN,Federal Contract Tower,0,11,6,0,17,0,3,8,0,11,0,14,14,0,28,0,0,0,28
03/31/2009,IPT,PA,AEA,EN,Federal Contract Tower,0,9,8,0,17,0,2,50,6,58,0,11,58,6,75,70,0,70,145
04/01/2009,IPT,PA,AEA,EN,Federal Contract Tower,0,8,12,0,20,0,0,0,0,0,0,8,12,0,20,0,0,0,20
04/02/2009,IPT,PA,AEA,EN,Federal Contract Tower,0,8,13,0,21,0,2,23,0,25,0,10,36,0,46,12,0,12,58
04/03/2009,IPT,PA,AEA,EN,Federal Contract Tower,0,16,2,0,18,0,1,0,0,1,0,17,2,0,19,0,0,0,19
04/04/2009,IPT,PA,AEA,EN,Federal Contract Tower,0,6,2,0,8,0,2,0,0,2,0,8,2,0,10,0,0,0,10
04/05/2009,IPT,PA,AEA,EN,Federal Contract Tower,0,6,6,0,12,0,5,39,2,46,0,11,45,2,58,48,0,48,106
04/06/2009,IPT,PA,AEA,EN,Federal Contract Tower,0,6,3,0,9,0,0,6,0,6,0,6,9,0,15,0,0,0,15
04/07/2009,IPT,PA,AEA,EN,Federal Contract Tower,0,9,0,0,9,0,4,4,0,8,0,13,4,0,17,0,0,0,17
04/08/2009,IPT,PA,AEA,EN,Federal Contract Tower,0,11,4,0,15,0,2,7,0,9,0,13,11,0,24,0,0,0,24
04/09/2009,IPT,PA,AEA,EN,Federal Contract Tower,0,13,11,0,24,0,5,29,0,34,0,18,40,0,58,8,0,8,66
04/10/2009,IPT,PA,AEA,EN,Federal Contract Tower,0,12,6,0,18,0,2,13,0,15,0,14,19,0,33,22,0,22,55
04/11/2009,IPT,PA,AEA,EN,Federal Contract Tower,0,6,3,0,9,0,11,16,0,27,0,17,19,0,36,22,0,22,58
04/12/2009,IPT,PA,AEA,EN,Federal Contract Tower,0,6,4,0,10,0,9,32,0,41,0,15,36,0,51,14,0,14,65
04/13/2009,IPT,PA,AEA,EN,Federal Contract Tower,0,7,6,0,13,0,0,65,0,65,0,7,71,0,78,30,0,30,108
04/14/2009,IPT,PA,AEA,EN,Federal Contract Tower,0,9,13,2,24,0,0,8,0,8,0,9,21,2,32,8,16,24,56
04/15/2009,IPT,PA,AEA,EN,Federal Contract Tower,0,10,11,0,21,0,5,13,0,18,0,15,24,0,39,40,0,40,79
04/16/2009,IPT,PA,AEA,EN,Federal Contract Tower,0,9,7,0,16,0,1,47,0,48,0,10,54,0,64,16,0,16,80
04/17/2009,IPT,PA,AEA,EN,Federal Contract Tower,0,9,11,0,20,0,1,57,0,58,0,10,68,0,78,34,0,34,112
04/18/2009,IPT,PA,AEA,EN,Federal Contract Tower,0,8,5,0,13,0,2,48,6,56,0,10,53,6,69,12,0,12,81
04/19/2009,IPT,PA,AEA,EN,Federal Contract Tower,0,8,5,0,13,0,2,30,0,32,0,10,35,0,45,2,0,2,47
04/20/2009,IPT,PA,AEA,EN,Federal Contract Tower,0,6,8,0,14,0,0,2,0,2,0,6,10,0,16,0,0,0,16
04/21/2009,IPT,PA,AEA,EN,Federal Contract Tower,0,8,3,0,11,0,2,13,0,15,0,10,16,0,26,0,0,0,26
04/22/2009,IPT,PA,AEA,EN,Federal Contract Tower,0,13,4,0,17,0,0,12,0,12,0,13,16,0,29,2,0,2,31
04/23/2009,IPT,PA,AEA,EN,Federal Contract Tower,0,6,18,0,24,0,9,33,0,42,0,15,51,0,66,10,0,10,76
04/24/2009,IPT,PA,AEA,EN,Federal Contract Tower,0,9,7,0,16,0,12,37,0,49,0,21,44,0,65,16,0,16,81
04/25/2009,IPT,PA,AEA,EN,Federal Contract Tower,0,6,6,0,12,0,5,49,3,57,0,11,55,3,69,0,0,0,69
04/26/2009,IPT,PA,AEA,EN,Federal Contract Tower,0,5,4,0,9,0,5,51,0,56,0,10,55,0,65,6,0,6,71
04/27/2009,IPT,PA,AEA,EN,Federal Contract Tower,0,7,7,0,14,0,11,66,0,77,0,18,73,0,91,40,0,40,131
04/28/2009,IPT,PA,AEA,EN,Federal Contract Tower,0,11,11,0,22,0,2,43,0,45,0,13,54,0,67,16,0,16,83
04/29/2009,IPT,PA,AEA,EN,Federal Contract Tower,0,13,13,0,26,0,9,18,0,27,0,22,31,0,53,22,0,22,75
04/30/2009,IPT,PA,AEA,EN,Federal Contract Tower,0,9,5,0,14,0,13,25,2,40,0,22,30,2,54,34,0,34,88
05/01/2009,IPT,PA,AEA,EN,Federal Contract Tower,0,5,9,0,14,0,1,5,0,6,0,6,14,0,20,0,0,0,20
05/02/2009,IPT,PA,AEA,EN,Federal Contract Tower,0,6,8,1,15,0,6,38,1,45,0,12,46,2,60,22,0,22,82
05/03/2009,IPT,PA,AEA,EN,Federal Contract Tower,0,5,14,0,19,0,2,49,0,51,0,7,63,0,70,30,0,30,100
05/04/2009,IPT,PA,AEA,EN,Federal Contract Tower,0,6,9,0,15,0,2,0,0,2,0,8,9,0,17,0,0,0,17
05/05/2009,IPT,PA,AEA,EN,Federal Contract Tower,0,6,9,4,19,0,12,20,0,32,0,18,29,4,51,22,2,24,75
05/06/2009,IPT,PA,AEA,EN,Federal Contract Tower,0,10,14,1,25,0,2,9,0,11,0,12,23,1,36,0,0,0,36
05/07/2009,IPT,PA,AEA,EN,Federal Contract Tower,0,10,5,0,15,0,8,25,0,33,0,18,30,0,48,2,0,2,50
05/08/2009,IPT,PA,AEA,EN,Federal Contract Tower,0,8,16,0,24,0,5,20,3,28,0,13,36,3,52,30,0,30,82
05/09/2009,IPT,PA,AEA,EN,Federal Contract Tower,0,7,4,0,11,0,0,20,3,23,0,7,24,3,34,0,0,0,34
05/10/2009,IPT,PA,AEA,EN,Federal Contract Tower,0,5,0,0,5,0,7,18,0,25,0,12,18,0,30,20,0,20,50
05/11/2009,IPT,PA,AEA,EN,Federal Contract Tower,0,7,7,0,14,0,1,39,0,40,0,8,46,0,54,0,0,0,54
05/12/2009,IPT,PA,AEA,EN,Federal Contract Tower,0,11,9,2,22,0,0,0,0,0,0,11,9,2,22,32,0,32,54
05/13/2009,IPT,PA,AEA,EN,Federal Contract Tower,0,9,13,1,23,0,2,36,1,39,0,11,49,2,62,8,0,8,70
05/14/2009,IPT,PA,AEA,EN,Federal Contract Tower,0,12,2,0,14,0,0,0,0,0,0,12,2,0,14,0,0,0,14
05/15/2009,IPT,PA,AEA,EN,Federal Contract Tower,0,11,12,0,23,0,1,52,0,53,0,12,64,0,76,28,0,28,104
05/16/2009,IPT,PA,AEA,EN,Federal Contract Tower,0,6,9,0,15,0,6,12,0,18,0,12,21,0,33,0,0,0,33
05/17/2009,IPT,PA,AEA,EN,Federal Contract Tower,0,7,6,0,13,0,2,29,0,31,0,9,35,0,44,6,0,6,50
05/18/2009,IPT,PA,AEA,EN,Federal Contract Tower,0,7,9,0,16,0,6,50,0,56,0,13,59,0,72,20,0,20,92
05/19/2009,IPT,PA,AEA,EN,Federal Contract Tower,0,11,3,0,14,0,9,43,0,52,0,20,46,0,66,32,0,32,98
05/20/2009,IPT,PA,AEA,EN,Federal Contract Tower,0,12,4,0,16,0,0,0,0,0,0,12,4,0,16,24,0,24,40
05/21/2009,IPT,PA,AEA,EN,Federal Contract Tower,0,10,5,0,15,0,15,51,0,66,0,25,56,0,81,2,0,2,83
05/22/2009,IPT,PA,AEA,EN,Federal Contract Tower,0,10,3,0,13,0,7,58,0,65,0,17,61,0,78,32,0,32,110
05/23/2009,IPT,PA,AEA,EN,Federal Contract Tower,0,10,4,0,14,0,10,49,0,59,0,20,53,0,73,0,0,0,73
05/24/2009,IPT,PA,AEA,EN,Federal Contract Tower,0,5,4,0,9,0,12,28,0,40,0,17,32,0,49,0,0,0,49
05/25/2009,IPT,PA,AEA,EN,Federal Contract Tower,0,5,2,0,7,0,6,39,0,45,0,11,41,0,52,8,0,8,60
05/26/2009,IPT,PA,AEA,EN,Federal Contract Tower,0,8,7,4,19,0,0,16,0,16,0,8,23,4,35,0,16,16,51
05/27/2009,IPT,PA,AEA,EN,Federal Contract Tower,0,12,11,1,24,0,6,2,0,8,0,18,13,1,32,0,0,0,32
05/28/2009,IPT,PA,AEA,EN,Federal Contract Tower,0,4,12,0,16,0,3,0,0,3,0,7,12,0,19,0,0,0,19
05/29/2009,IPT,PA,AEA,EN,Federal Contract Tower,0,9,16,0,25,0,4,24,3,31,0,13,40,3,56,4,0,4,60
05/30/2009,IPT,PA,AEA,EN,Federal Contract Tower,0,9,3,0,12,0,4,48,0,52,0,13,51,0,64,38,0,38,102
05/31/2009,IPT,PA,AEA,EN,Federal Contract Tower,0,5,1,0,6,0,2,33,0,35,0,7,34,0,41,28,0,28,69
06/01/2009,IPT,PA,AEA,EN,Federal Contract Tower,0,8,2,0,10,0,6,41,0,47,0,14,43,0,57,6,0,6,63
06/02/2009,IPT,PA,AEA,EN,Federal Contract Tower,0,13,13,0,26,0,6,21,0,27,0,19,34,0,53,10,0,10,63
06/03/2009,IPT,PA,AEA,EN,Federal Contract Tower,0,10,13,0,23,0,4,11,0,15,0,14,24,0,38,0,0,0,38
06/04/2009,IPT,PA,AEA,EN,Federal Contract Tower,0,14,9,0,23,0,11,37,0,48,0,25,46,0,71,86,0,86,157
06/05/2009,IPT,PA,AEA,EN,Federal Contract Tower,0,9,11,0,20,0,4,0,0,4,0,13,11,0,24,0,0,0,24
06/06/2009,IPT,PA,AEA,EN,Federal Contract Tower,0,6,2,0,8,0,0,1,0,1,0,6,3,0,9,34,0,34,43
06/07/2009,IPT,PA,AEA,EN,Federal Contract Tower,0,4,8,0,12,0,5,40,0,45,0,9,48,0,57,8,0,8,65
06/08/2009,IPT,PA,AEA,EN,Federal Contract Tower,0,5,13,0,18,0,4,31,0,35,0,9,44,0,53,0,0,0,53
06/09/2009,IPT,PA,AEA,EN,Federal Contract Tower,0,11,3,0,14,0,11,22,0,33,0,22,25,0,47,2,0,2,49
06/10/2009,IPT,PA,AEA,EN,Federal Contract Tower,0,8,12,0,20,0,4,39,0,43,0,12,51,0,63,2,0,2,65
06/11/2009,IPT,PA,AEA,EN,Federal Contract Tower,0,7,10,0,17,0,4,16,0,20,0,11,26,0,37,0,0,0,37
06/12/2009,IPT,PA,AEA,EN,Federal Contract Tower,0,10,6,0,16,0,2,45,0,47,0,12,51,0,63,32,0,32,95
06/13/2009,IPT,PA,AEA,EN,Federal Contract Tower,0,7,17,0,24,0,7,148,5,160,0,14,165,5,184,36,0,36,220
06/14/2009,IPT,PA,AEA,EN,Federal Contract Tower,0,3,6,0,9,0,8,50,0,58,0,11,56,0,67,14,0,14,81
06/15/2009,IPT,PA,AEA,EN,Federal Contract Tower,0,6,6,0,12,0,5,25,1,31,0,11,31,1,43,4,0,4,47
06/16/2009,IPT,PA,AEA,EN,Federal Contract Tower,0,12,22,0,34,0,0,30,0,30,0,12,52,0,64,6,0,6,70
06/17/2009,IPT,PA,AEA,EN,Federal Contract Tower,0,12,7,0,19,0,1,27,1,29,0,13,34,1,48,0,0,0,48
06/18/2009,IPT,PA,AEA,EN,Federal Contract Tower,0,6,19,0,25,0,0,11,2,13,0,6,30,2,38,0,0,0,38
06/19/2009,IPT,PA,AEA,EN,Federal Contract Tower,0,9,6,0,15,0,4,52,1,57,0,13,58,1,72,42,0,42,114
06/20/2009,IPT,PA,AEA,EN,Federal Contract Tower,0,6,9,0,15,0,0,0,0,0,0,6,9,0,15,0,0,0,15
06/21/2009,IPT,PA,AEA,EN,Federal Contract Tower,0,4,5,0,9,0,5,13,0,18,0,9,18,0,27,0,0,0,27
06/22/2009,IPT,PA,AEA,EN,Federal Contract Tower,0,6,11,0,17,0,8,26,0,34,0,14,37,0,51,10,0,10,61
06/23/2009,IPT,PA,AEA,EN,Federal Contract Tower,0,9,7,2,18,0,9,37,0,46,0,18,44,2,64,26,0,26,90
06/24/2009,IPT,PA,AEA,EN,Federal Contract Tower,0,9,5,0,14,0,7,43,0,50,0,16,48,0,64,30,0,30,94
06/25/2009,IPT,PA,AEA,EN,Federal Contract Tower,0,9,8,0,17,0,0,34,0,34,0,9,42,0,51,4,0,4,55
06/26/2009,IPT,PA,AEA,EN,Federal Contract Tower,0,9,3,0,12,0,6,32,0,38,0,15,35,0,50,2,2,4,54
06/27/2009,IPT,PA,AEA,EN,Federal Contract Tower,0,6,6,1,13,0,1,35,4,40,0,7,41,5,53,8,0,8,61
06/28/2009,IPT,PA,AEA,EN,Federal Contract Tower,0,4,10,0,14,0,2,41,0,43,0,6,51,0,57,20,0,20,77
06/29/2009,IPT,PA,AEA,EN,Federal Contract Tower,0,7,8,0,15,0,2,49,0,51,0,9,57,0,66,46,0,46,112
06/30/2009,IPT,PA,AEA,EN,Federal Contract Tower,0,4,11,5,20,0,2,4,1,7,0,6,15,6,27,0,4,4,31
07/01/2009,IPT,PA,AEA,EN,Federal Contract Tower,0,12,16,0,28,0,0,0,0,0,0,12,16,0,28,4,0,4,32
07/02/2009,IPT,PA,AEA,EN,Federal Contract Tower,0,8,12,0,20,0,4,25,2,31,0,12,37,2,51,6,12,18,69
07/03/2009,IPT,PA,AEA,EN,Federal Contract Tower,0,7,8,0,15,0,1,20,0,21,0,8,28,0,36,18,0,18,54
07/04/2009,IPT,PA,AEA,EN,Federal Contract Tower,0,5,3,0,8,0,6,38,0,44,0,11,41,0,52,12,0,12,64
07/05/2009,IPT,PA,AEA,EN,Federal Contract Tower,0,4,6,0,10,0,2,40,0,42,0,6,46,0,52,0,0,0,52
07/06/2009,IPT,PA,AEA,EN,Federal Contract Tower,0,13,4,0,17,0,9,47,3,59,0,22,51,3,76,12,0,12,88
07/07/2009,IPT,PA,AEA,EN,Federal Contract Tower,0,14,9,0,23,0,10,23,0,33,0,24,32,0,56,32,0,32,88
07/08/2009,IPT,PA,AEA,EN,Federal Contract Tower,0,12,7,0,19,0,2,45,2,49,0,14,52,2,68,4,0,4,72
07/09/2009,IPT,PA,AEA,EN,Federal Contract Tower,0,8,8,0,16,0,6,46,6,58,0,14,54,6,74,2,0,2,76
07/10/2009,IPT,PA,AEA,EN,Federal Contract Tower,0,8,8,0,16,0,9,31,0,40,0,17,39,0,56,10,0,10,66
07/11/2009,IPT,PA,AEA,EN,Federal Contract Tower,0,6,9,0,15,0,10,13,0,23,0,16,22,0,38,6,0,6,44
07/12/2009,IPT,PA,AEA,EN,Federal Contract Tower,0,5,7,0,12,0,5,60,2,67,0,10,67,2,79,48,0,48,127
07/13/2009,IPT,PA,AEA,EN,Federal Contract Tower,0,6,5,0,11,0,4,27,1,32,0,10,32,1,43,18,0,18,61
07/14/2009,IPT,PA,AEA,EN,Federal Contract Tower,0,11,8,0,19,0,2,46,0,48,0,13,54,0,67,46,0,46,113
07/15/2009,IPT,PA,AEA,EN,Federal Contract Tower,0,10,3,0,13,0,3,40,4,47,0,13,43,4,60,40,2,42,102
07/16/2009,IPT,PA,AEA,EN,Federal Contract Tower,0,11,6,0,17,0,10,33,0,43,0,21,39,0,60,10,0,10,70
07/17/2009,IPT,PA,AEA,EN,Federal Contract Tower,0,8,6,0,14,0,4,23,0,27,0,12,29,0,41,10,0,10,51
07/18/2009,IPT,PA,AEA,EN,Federal Contract Tower,0,6,10,1,17,0,6,37,2,45,0,12,47,3,62,24,0,24,86
07/19/2009,IPT,PA,AEA,EN,Federal Contract Tower,0,5,13,0,18,0,8,41,0,49,0,13,54,0,67,4,0,4,71
07/20/2009,IPT,PA,AEA,EN,Federal Contract Tower,0,6,3,0,9,0,4,29,0,33,0,10,32,0,42,30,0,30,72
07/21/2009,IPT,PA,AEA,EN,Federal Contract Tower,0,12,2,0,14,0,5,22,2,29,0,17,24,2,43,2,0,2,45
07/22/2009,IPT,PA,AEA,EN,Federal Contract Tower,0,10,14,0,24,0,8,27,0,35,0,18,41,0,59,22,0,22,81
07/23/2009,IPT,PA,AEA,EN,Federal Contract Tower,0,9,9,0,18,0,2,15,0,17,0,11,24,0,35,10,0,10,45
07/24/2009,IPT,PA,AEA,EN,Federal Contract Tower,0,8,12,0,20,0,5,17,0,22,0,13,29,0,42,0,0,0,42
07/25/2009,IPT,PA,AEA,EN,Federal Contract Tower,0,8,7,0,15,0,0,24,2,26,0,8,31,2,41,8,0,8,49
07/26/2009,IPT,PA,AEA,EN,Federal Contract Tower,0,5,7,0,12,0,1,25,0,26,0,6,32,0,38,16,0,16,54
07/27/2009,IPT,PA,AEA,EN,Federal Contract Tower,0,10,5,2,17,0,11,35,2,48,0,21,40,4,65,8,0,8,73
07/28/2009,IPT,PA,AEA,EN,Federal Contract Tower,0,16,7,0,23,0,4,60,0,64,0,20,67,0,87,4,0,4,91
07/29/2009,IPT,PA,AEA,EN,Federal Contract Tower,0,6,9,0,15,0,2,7,0,9,0,8,16,0,24,0,0,0,24
07/30/2009,IPT,PA,AEA,EN,Federal Contract Tower,0,11,7,0,18,0,1,51,0,52,0,12,58,0,70,18,0,18,88
07/31/2009,IPT,PA,AEA,EN,Federal Contract Tower,0,9,7,0,16,0,2,3,0,5,0,11,10,0,21,2,0,2,23
08/01/2009,IPT,PA,AEA,EN,Federal Contract Tower,0,10,16,0,26,0,2,31,0,33,0,12,47,0,59,40,0,40,99
08/02/2009,IPT,PA,AEA,EN,Federal Contract Tower,0,5,10,0,15,0,1,7,0,8,0,6,17,0,23,0,0,0,23
08/03/2009,IPT,PA,AEA,EN,Federal Contract Tower,0,7,8,0,15,0,7,48,0,55,0,14,56,0,70,6,0,6,76
08/04/2009,IPT,PA,AEA,EN,Federal Contract Tower,0,10,11,0,21,0,7,54,2,63,0,17,65,2,84,6,0,6,90
08/05/2009,IPT,PA,AEA,EN,Federal Contract Tower,0,9,8,0,17,0,0,29,0,29,0,9,37,0,46,0,0,0,46
08/06/2009,IPT,PA,AEA,EN,Federal Contract Tower,0,8,4,0,12,0,12,39,9,60,0,20,43,9,72,0,0,0,72
08/07/2009,IPT,PA,AEA,EN,Federal Contract Tower,0,10,5,0,15,0,11,59,0,70,0,21,64,0,85,0,0,0,85
08/08/2009,IPT,PA,AEA,EN,Federal Contract Tower,0,6,11,0,17,0,4,41,2,47,0,10,52,2,64,0,0,0,64
08/09/2009,IPT,PA,AEA,EN,Federal Contract Tower,0,2,8,0,10,0,0,0,0,0,0,2,8,0,10,0,0,0,10
08/10/2009,IPT,PA,AEA,EN,Federal Contract Tower,0,5,6,0,11,0,1,23,0,24,0,6,29,0,35,2,0,2,37
08/11/2009,IPT,PA,AEA,EN,Federal Contract Tower,0,10,2,0,12,0,4,37,2,43,0,14,39,2,55,2,0,2,57
08/12/2009,IPT,PA,AEA,EN,Federal Contract Tower,0,8,10,2,20,0,1,25,0,26,0,9,35,2,46,0,0,0,46
08/13/2009,IPT,PA,AEA,EN,Federal Contract Tower,0,8,7,0,15,0,6,26,0,32,0,14,33,0,47,18,0,18,65
08/14/2009,IPT,PA,AEA,EN,Federal Contract Tower,0,11,8,2,21,0,14,44,7,65,0,25,52,9,86,40,6,46,132
08/15/2009,IPT,PA,AEA,EN,Federal Contract Tower,0,6,7,0,13,0,7,46,0,53,0,13,53,0,66,0,0,0,66
08/16/2009,IPT,PA,AEA,EN,Federal Contract Tower,0,4,11,0,15,0,7,29,0,36,0,11,40,0,51,0,0,0,51
08/17/2009,IPT,PA,AEA,EN,Federal Contract Tower,0,6,6,0,12,0,5,41,0,46,0,11,47,0,58,4,0,4,62
08/18/2009,IPT,PA,AEA,EN,Federal Contract Tower,0,9,5,0,14,0,0,29,0,29,0,9,34,0,43,10,0,10,53
08/19/2009,IPT,PA,AEA,EN,Federal Contract Tower,0,8,18,0,26,0,1,27,2,30,0,9,45,2,56,24,0,24,80
08/20/2009,IPT,PA,AEA,EN,Federal Contract Tower,0,12,15,0,27,0,0,18,0,18,0,12,33,0,45,0,0,0,45
08/21/2009,IPT,PA,AEA,EN,Federal Contract Tower,0,8,15,0,23,0,0,26,0,26,0,8,41,0,49,12,0,12,61
08/22/2009,IPT,PA,AEA,EN,Federal Contract Tower,0,4,5,0,9,0,3,31,0,34,0,7,36,0,43,16,0,16,59
08/23/2009,IPT,PA,AEA,EN,Federal Contract Tower,0,4,7,0,11,0,0,44,2,46,0,4,51,2,57,2,0,2,59
08/24/2009,IPT,PA,AEA,EN,Federal Contract Tower,0,9,2,0,11,0,8,51,0,59,0,17,53,0,70,6,0,6,76
08/25/2009,IPT,PA,AEA,EN,Federal Contract Tower,0,9,17,0,26,0,3,51,0,54,0,12,68,0,80,50,0,50,130
08/26/2009,IPT,PA,AEA,EN,Federal Contract Tower,0,9,12,0,21,0,1,31,4,36,0,10,43,4,57,14,0,14,71
08/27/2009,IPT,PA,AEA,EN,Federal Contract Tower,0,11,14,0,25,0,4,29,0,33,0,15,43,0,58,2,0,2,60
08/28/2009,IPT,PA,AEA,EN,Federal Contract Tower,0,10,5,0,15,0,0,1,0,1,0,10,6,0,16,0,0,0,16
08/29/2009,IPT,PA,AEA,EN,Federal Contract Tower,0,8,8,1,17,0,2,3,0,5,0,10,11,1,22,0,0,0,22
08/30/2009,IPT,PA,AEA,EN,Federal Contract Tower,2,5,5,1,13,0,3,18,0,21,2,8,23,1,34,6,0,6,40
08/31/2009,IPT,PA,AEA,EN,Federal Contract Tower,0,6,11,0,17,0,3,44,0,47,0,9,55,0,64,4,0,4,68
09/01/2009,IPT,PA,AEA,EN,Federal Contract Tower,0,8,3,0,11,0,6,57,4,67,0,14,60,4,78,58,2,60,138
09/02/2009,IPT,PA,AEA,EN,Federal Contract Tower,0,11,10,0,21,0,5,67,4,76,0,16,77,4,97,32,6,38,135
09/03/2009,IPT,PA,AEA,EN,Federal Contract Tower,0,12,5,0,17,0,2,60,11,73,0,14,65,11,90,38,2,40,130
09/04/2009,IPT,PA,AEA,EN,Federal Contract Tower,0,11,9,0,20,0,8,64,3,75,0,19,73,3,95,28,0,28,123
09/05/2009,IPT,PA,AEA,EN,Federal Contract Tower,0,8,4,0,12,0,14,37,0,51,0,22,41,0,63,0,0,0,63
09/06/2009,IPT,PA,AEA,EN,Federal Contract Tower,0,3,5,0,8,0,4,44,0,48,0,7,49,0,56,20,0,20,76
09/07/2009,IPT,PA,AEA,EN,Federal Contract Tower,0,4,4,0,8,0,1,19,0,20,0,5,23,0,28,0,0,0,28
09/08/2009,IPT,PA,AEA,EN,Federal Contract Tower,0,7,3,0,10,0,10,36,0,46,0,17,39,0,56,8,0,8,64
09/09/2009,IPT,PA,AEA,EN,Federal Contract Tower,0,9,6,0,15,0,0,51,4,55,0,9,57,4,70,30,0,30,100
09/10/2009,IPT,PA,AEA,EN,Federal Contract Tower,0,10,11,0,21,0,0,44,0,44,0,10,55,0,65,30,0,30,95
09/11/2009,IPT,PA,AEA,EN,Federal Contract Tower,0,8,5,0,13,0,0,5,0,5,0,8,10,0,18,0,0,0,18
09/12/2009,IPT,PA,AEA,EN,Federal Contract Tower,0,8,17,0,25,0,4,19,0,23,0,12,36,0,48,0,0,0,48
09/13/2009,IPT,PA,AEA,EN,Federal Contract Tower,0,5,9,0,14,0,6,43,0,49,0,11,52,0,63,40,0,40,103
09/14/2009,IPT,PA,AEA,EN,Federal Contract Tower,0,9,7,0,16,0,4,37,0,41,0,13,44,0,57,22,0,22,79
09/15/2009,IPT,PA,AEA,EN,Federal Contract Tower,0,11,3,0,14,0,2,54,4,60,0,13,57,4,74,12,0,12,86
09/16/2009,IPT,PA,AEA,EN,Federal Contract Tower,0,8,20,0,28,0,4,42,0,46,0,12,62,0,74,10,0,10,84
09/17/2009,IPT,PA,AEA,EN,Federal Contract Tower,0,10,19,0,29,0,0,19,0,19,0,10,38,0,48,24,0,24,72
09/18/2009,IPT,PA,AEA,EN,Federal Contract Tower,0,8,2,0,10,0,0,37,0,37,0,8,39,0,47,0,0,0,47
09/19/2009,IPT,PA,AEA,EN,Federal Contract Tower,0,6,14,0,20,0,5,84,0,89,0,11,98,0,109,54,0,54,163
09/20/2009,IPT,PA,AEA,EN,Federal Contract Tower,0,4,18,0,22,0,3,43,0,46,0,7,61,0,68,66,0,66,134
09/21/2009,IPT,PA,AEA,EN,Federal Contract Tower,0,7,3,0,10,0,16,37,0,53,0,23,40,0,63,2,0,2,65
09/22/2009,IPT,PA,AEA,EN,Federal Contract Tower,0,14,7,0,21,0,3,23,0,26,0,17,30,0,47,12,0,12,59
09/23/2009,IPT,PA,AEA,EN,Federal Contract Tower,0,9,10,0,19,0,3,23,0,26,0,12,33,0,45,0,0,0,45
09/24/2009,IPT,PA,AEA,EN,Federal Contract Tower,0,11,9,2,22,0,5,31,0,36,0,16,40,2,58,74,0,74,132
09/25/2009,IPT,PA,AEA,EN,Federal Contract Tower,0,13,4,0,17,0,2,47,0,49,0,15,51,0,66,24,0,24,90
09/26/2009,IPT,PA,AEA,EN,Federal Contract Tower,0,7,6,1,14,0,2,13,4,19,0,9,19,5,33,2,0,2,35
09/27/2009,IPT,PA,AEA,EN,Federal Contract Tower,0,7,7,0,14,0,2,3,0,5,0,9,10,0,19,0,0,0,19
09/28/2009,IPT,PA,AEA,EN,Federal Contract Tower,0,7,4,0,11,0,8,16,0,24,0,15,20,0,35,0,0,0,35
09/29/2009,IPT,PA,AEA,EN,Federal Contract Tower,0,11,11,0,22,0,10,27,6,43,0,21,38,6,65,4,0,4,69
09/30/2009,IPT,PA,AEA,EN,Federal Contract Tower,0,10,18,0,28,0,2,21,0,23,0,12,39,0,51,16,0,16,67
10/01/2009,IPT,PA,AEA,EN,Federal Contract Tower,0,9,2,0,11,0,4,21,0,25,0,13,23,0,36,0,0,0,36
10/02/2009,IPT,PA,AEA,EN,Federal Contract Tower,0,7,5,0,12,0,0,7,2,9,0,7,12,2,21,0,0,0,21
10/03/2009,IPT,PA,AEA,EN,Federal Contract Tower,0,6,2,0,8,0,2,34,0,36,0,8,36,0,44,10,0,10,54
10/04/2009,IPT,PA,AEA,EN,Federal Contract Tower,0,4,9,0,13,0,0,0,0,0,0,4,9,0,13,0,0,0,13
10/05/2009,IPT,PA,AEA,EN,Federal Contract Tower,0,8,2,0,10,0,4,38,0,42,0,12,40,0,52,10,0,10,62
10/06/2009,IPT,PA,AEA,EN,Federal Contract Tower,0,10,19,0,29,0,1,31,3,35,0,11,50,3,64,2,0,2,66
10/07/2009,IPT,PA,AEA,EN,Federal Contract Tower,0,13,5,0,18,0,0,21,0,21,0,13,26,0,39,0,0,0,39
10/08/2009,IPT,PA,AEA,EN,Federal Contract Tower,0,13,1,0,14,0,3,51,0,54,0,16,52,0,68,22,0,22,90
10/09/2009,IPT,PA,AEA,EN,Federal Contract Tower,0,20,5,0,25,0,0,0,0,0,0,20,5,0,25,0,0,0,25
10/10/2009,IPT,PA,AEA,EN,Federal Contract Tower,0,8,3,0,11,0,5,40,0,45,0,13,43,0,56,0,0,0,56
10/11/2009,IPT,PA,AEA,EN,Federal Contract Tower,0,6,6,0,12,0,12,30,2,44,0,18,36,2,56,46,0,46,102
10/12/2009,IPT,PA,AEA,EN,Federal Contract Tower,0,9,8,0,17,0,4,61,0,65,0,13,69,0,82,24,0,24,106
10/13/2009,IPT,PA,AEA,EN,Federal Contract Tower,0,9,11,2,22,0,2,26,0,28,0,11,37,2,50,16,0,16,66
10/14/2009,IPT,PA,AEA,EN,Federal Contract Tower,0,11,7,0,18,0,3,25,0,28,0,14,32,0,46,22,0,22,68
10/15/2009,IPT,PA,AEA,EN,Federal Contract Tower,0,10,7,0,17,0,2,4,0,6,0,12,11,0,23,2,0,2,25
10/16/2009,IPT,PA,AEA,EN,Federal Contract Tower,0,9,4,0,13,0,0,0,0,0,0,9,4,0,13,0,0,0,13
10/17/2009,IPT,PA,AEA,EN,Federal Contract Tower,0,6,2,0,8,0,0,0,0,0,0,6,2,0,8,0,0,0,8
10/18/2009,IPT,PA,AEA,EN,Federal Contract Tower,0,4,3,0,7,0,0,25,0,25,0,4,28,0,32,0,0,0,32
10/19/2009,IPT,PA,AEA,EN,Federal Contract Tower,0,7,4,0,11,0,2,51,0,53,0,9,55,0,64,44,0,44,108
10/20/2009,IPT,PA,AEA,EN,Federal Contract Tower,0,11,7,0,18,0,8,37,0,45,0,19,44,0,63,32,0,32,95
10/21/2009,IPT,PA,AEA,EN,Federal Contract Tower,0,9,13,0,22,0,4,53,0,57,0,13,66,0,79,38,0,38,117
10/22/2009,IPT,PA,AEA,EN,Federal Contract Tower,0,9,8,0,17,0,2,38,0,40,0,11,46,0,57,10,0,10,67
10/23/2009,IPT,PA,AEA,EN,Federal Contract Tower,0,7,2,0,9,0,4,19,0,23,0,11,21,0,32,0,0,0,32
10/24/2009,IPT,PA,AEA,EN,Federal Contract Tower,0,8,4,0,12,0,5,2,0,7,0,13,6,0,19,0,0,0,19
10/25/2009,IPT,PA,AEA,EN,Federal Contract Tower,0,6,7,0,13,0,4,59,0,63,0,10,66,0,76,18,0,18,94
10/26/2009,IPT,PA,AEA,EN,Federal Contract Tower,0,8,2,0,10,0,8,44,0,52,0,16,46,0,62,12,0,12,74
10/27/2009,IPT,PA,AEA,EN,Federal Contract Tower,0,9,14,0,23,0,0,12,0,12,0,9,26,0,35,6,0,6,41
10/28/2009,IPT,PA,AEA,EN,Federal Contract Tower,0,15,8,0,23,0,0,7,0,7,0,15,15,0,30,28,0,28,58
10/29/2009,IPT,PA,AEA,EN,Federal Contract Tower,0,8,9,0,17,0,2,2,0,4,0,10,11,0,21,0,0,0,21
10/30/2009,IPT,PA,AEA,EN,Federal Contract Tower,0,13,15,0,28,0,3,3,0,6,0,16,18,0,34,0,0,0,34
10/31/2009,IPT,PA,AEA,EN,Federal Contract Tower,0,6,1,0,7,0,4,3,0,7,0,10,4,0,14,2,0,2,16
11/01/2009,IPT,PA,AEA,EN,Federal Contract Tower,0,3,12,0,15,0,2,43,0,45,0,5,55,0,60,0,0,0,60
11/02/2009,IPT,PA,AEA,EN,Federal Contract Tower,0,6,5,0,11,0,3,46,0,49,0,9,51,0,60,24,0,24,84
11/03/2009,IPT,PA,AEA,EN,Federal Contract Tower,0,9,8,0,17,0,4,28,0,32,0,13,36,0,49,24,2,26,75
11/04/2009,IPT,PA,AEA,EN,Federal Contract Tower,0,9,11,0,20,0,1,45,2,48,0,10,56,2,68,34,0,34,102
11/05/2009,IPT,PA,AEA,EN,Federal Contract Tower,0,8,10,0,18,0,7,17,0,24,0,15,27,0,42,2,0,2,44
11/06/2009,IPT,PA,AEA,EN,Federal Contract Tower,0,9,7,0,16,0,4,24,0,28,0,13,31,0,44,28,0,28,72
11/07/2009,IPT,PA,AEA,EN,Federal Contract Tower,0,6,6,0,12,0,0,53,2,55,0,6,59,2,67,40,0,40,107
11/08/2009,IPT,PA,AEA,EN,Federal Contract Tower,0,6,8,0,14,0,5,48,0,53,0,11,56,0,67,66,0,66,133
11/09/2009,IPT,PA,AEA,EN,Federal Contract Tower,0,9,14,0,23,0,1,27,2,30,0,10,41,2,53,8,0,8,61
11/10/2009,IPT,PA,AEA,EN,Federal Contract Tower,0,10,6,0,16,0,2,29,2,33,0,12,35,2,49,30,0,30,79
11/11/2009,IPT,PA,AEA,EN,Federal Contract Tower,0,10,4,0,14,0,2,28,0,30,0,12,32,0,44,4,0,4,48
11/12/2009,IPT,PA,AEA,EN,Federal Contract Tower,0,9,10,2,21,0,3,35,0,38,0,12,45,2,59,10,0,10,69
11/13/2009,IPT,PA,AEA,EN,Federal Contract Tower,0,11,1,4,16,0,4,26,0,30,0,15,27,4,46,6,0,6,52
11/14/2009,IPT,PA,AEA,EN,Federal Contract Tower,0,8,7,0,15,0,2,6,0,8,0,10,13,0,23,20,0,20,43
11/15/2009,IPT,PA,AEA,EN,Federal Contract Tower,0,5,6,0,11,0,1,23,0,24,0,6,29,0,35,22,0,22,57
11/16/2009,IPT,PA,AEA,EN,Federal Contract Tower,0,8,4,0,12,0,0,37,0,37,0,8,41,0,49,2,0,2,51
11/17/2009,IPT,PA,AEA,EN,Federal Contract Tower,0,9,7,0,16,0,6,44,0,50,0,15,51,0,66,78,0,78,144
11/18/2009,IPT,PA,AEA,EN,Federal Contract Tower,0,8,21,1,30,0,3,34,1,38,0,11,55,2,68,24,0,24,92
11/19/2009,IPT,PA,AEA,EN,Federal Contract Tower,0,6,10,0,16,0,0,0,0,0,0,6,10,0,16,0,0,0,16
11/20/2009,IPT,PA,AEA,EN,Federal Contract Tower,0,9,7,0,16,0,2,20,0,22,0,11,27,0,38,20,0,20,58
11/21/2009,IPT,PA,AEA,EN,Federal Contract Tower,0,6,4,0,10,0,3,29,0,32,0,9,33,0,42,14,0,14,56
11/22/2009,IPT,PA,AEA,EN,Federal Contract Tower,0,5,15,0,20,0,4,36,0,40,0,9,51,0,60,26,0,26,86
11/23/2009,IPT,PA,AEA,EN,Federal Contract Tower,0,11,4,0,15,0,1,23,0,24,0,12,27,0,39,6,0,6,45
11/24/2009,IPT,PA,AEA,EN,Federal Contract Tower,0,10,6,0,16,0,0,0,0,0,0,10,6,0,16,0,0,0,16
11/25/2009,IPT,PA,AEA,EN,Federal Contract Tower,0,14,9,0,23,0,0,0,0,0,0,14,9,0,23,0,0,0,23
11/26/2009,IPT,PA,AEA,EN,Federal Contract Tower,0,2,0,0,2,0,0,0,0,0,0,2,0,0,2,0,0,0,2
11/27/2009,IPT,PA,AEA,EN,Federal Contract Tower,0,13,4,0,17,0,0,18,0,18,0,13,22,0,35,0,0,0,35
11/28/2009,IPT,PA,AEA,EN,Federal Contract Tower,0,8,2,0,10,0,7,12,0,19,0,15,14,0,29,0,0,0,29
11/29/2009,IPT,PA,AEA,EN,Federal Contract Tower,0,3,10,0,13,0,2,62,3,67,0,5,72,3,80,36,0,36,116
11/30/2009,IPT,PA,AEA,EN,Federal Contract Tower,0,6,3,0,9,0,6,5,0,11,0,12,8,0,20,0,0,0,20
12/01/2009,IPT,PA,AEA,EN,Federal Contract Tower,0,12,2,0,14,0,2,15,0,17,0,14,17,0,31,20,0,20,51
12/02/2009,IPT,PA,AEA,EN,Federal Contract Tower,0,10,7,0,17,0,0,0,0,0,0,10,7,0,17,0,0,0,17
12/03/2009,IPT,PA,AEA,EN,Federal Contract Tower,0,11,1,0,12,0,0,14,0,14,0,11,15,0,26,26,0,26,52
12/04/2009,IPT,PA,AEA,EN,Federal Contract Tower,0,10,5,0,15,0,0,32,0,32,0,10,37,0,47,42,0,42,89
12/05/2009,IPT,PA,AEA,EN,Federal Contract Tower,0,4,3,0,7,0,4,2,0,6,0,8,5,0,13,0,0,0,13
12/06/2009,IPT,PA,AEA,EN,Federal Contract Tower,0,4,6,0,10,0,3,34,0,37,0,7,40,0,47,44,0,44,91
12/07/2009,IPT,PA,AEA,EN,Federal Contract Tower,0,10,6,0,16,0,0,8,0,8,0,10,14,0,24,0,0,0,24
12/08/2009,IPT,PA,AEA,EN,Federal Contract Tower,0,14,7,0,21,0,2,25,0,27,0,16,32,0,48,6,0,6,54
12/09/2009,IPT,PA,AEA,EN,Federal Contract Tower,0,8,4,0,12,0,0,0,0,0,0,8,4,0,12,0,0,0,12
12/10/2009,IPT,PA,AEA,EN,Federal Contract Tower,0,13,6,0,19,0,3,9,0,12,0,16,15,0,31,4,0,4,35
12/11/2009,IPT,PA,AEA,EN,Federal Contract Tower,0,11,5,0,16,0,2,14,7,23,0,13,19,7,39,0,6,6,45
12/12/2009,IPT,PA,AEA,EN,Federal Contract Tower,0,5,8,0,13,0,3,34,1,38,0,8,42,1,51,12,0,12,63
12/13/2009,IPT,PA,AEA,EN,Federal Contract Tower,0,1,1,0,2,0,0,0,0,0,0,1,1,0,2,0,0,0,2
12/14/2009,IPT,PA,AEA,EN,Federal Contract Tower,0,10,14,0,24,0,2,21,0,23,0,12,35,0,47,4,0,4,51
12/15/2009,IPT,PA,AEA,EN,Federal Contract Tower,0,14,3,0,17,0,7,10,0,17,0,21,13,0,34,6,0,6,40
12/16/2009,IPT,PA,AEA,EN,Federal Contract Tower,0,15,5,0,20,0,1,15,1,17,0,16,20,1,37,0,0,0,37
12/17/2009,IPT,PA,AEA,EN,Federal Contract Tower,0,16,5,0,21,0,0,35,3,38,0,16,40,3,59,0,0,0,59
12/18/2009,IPT,PA,AEA,EN,Federal Contract Tower,0,9,4,0,13,0,0,0,0,0,0,9,4,0,13,36,2,38,51
12/19/2009,IPT,PA,AEA,EN,Federal Contract Tower,0,5,0,0,5,0,2,7,0,9,0,7,7,0,14,6,0,6,20
12/20/2009,IPT,PA,AEA,EN,Federal Contract Tower,0,6,8,0,14,0,0,18,0,18,0,6,26,0,32,6,0,6,38
12/21/2009,IPT,PA,AEA,EN,Federal Contract Tower,0,8,2,0,10,0,0,13,0,13,0,8,15,0,23,0,0,0,23
12/22/2009,IPT,PA,AEA,EN,Federal Contract Tower,0,11,4,0,15,0,4,13,0,17,0,15,17,0,32,2,0,2,34
12/23/2009,IPT,PA,AEA,EN,Federal Contract Tower,0,13,2,0,15,0,4,28,0,32,0,17,30,0,47,24,0,24,71
12/24/2009,IPT,PA,AEA,EN,Federal Contract Tower,0,8,1,0,9,0,2,12,0,14,0,10,13,0,23,0,0,0,23
12/25/2009,IPT,PA,AEA,EN,Federal Contract Tower,0,3,0,0,3,0,0,0,0,0,0,3,0,0,3,0,0,0,3
12/26/2009,IPT,PA,AEA,EN,Federal Contract Tower,0,8,2,0,10,0,3,0,0,3,0,11,2,0,13,0,0,0,13
12/27/2009,IPT,PA,AEA,EN,Federal Contract Tower,0,6,1,0,7,0,0,14,0,14,0,6,15,0,21,8,0,8,29
12/28/2009,IPT,PA,AEA,EN,Federal Contract Tower,0,6,6,0,12,0,4,6,0,10,0,10,12,0,22,0,0,0,22
12/29/2009,IPT,PA,AEA,EN,Federal Contract Tower,0,18,2,0,20,0,5,20,0,25,0,23,22,0,45,2,0,2,47
12/30/2009,IPT,PA,AEA,EN,Federal Contract Tower,0,9,9,0,18,0,2,33,2,37,0,11,42,2,55,14,0,14,69
12/31/2009,IPT,PA,AEA,EN,Federal Contract Tower,0,8,1,0,9,0,0,1,0,1,0,8,2,0,10,0,0,0,10
01/01/2010,IPT,PA,AEA,EN,Federal Contract Tower,0,5,2,0,7,0,0,0,0,0,0,5,2,0,7,0,0,0,7
01/02/2010,IPT,PA,AEA,EN,Federal Contract Tower,0,6,6,0,12,0,0,10,0,10,0,6,16,0,22,2,0,2,24
01/03/2010,IPT,PA,AEA,EN,Federal Contract Tower,0,5,4,0,9,0,1,3,0,4,0,6,7,0,13,0,0,0,13
01/04/2010,IPT,PA,AEA,EN,Federal Contract Tower,0,6,2,0,8,0,5,4,4,13,0,11,6,4,21,2,0,2,23
01/05/2010,IPT,PA,AEA,EN,Federal Contract Tower,0,11,7,0,18,0,4,10,0,14,0,15,17,0,32,0,0,0,32
01/06/2010,IPT,PA,AEA,EN,Federal Contract Tower,0,11,2,0,13,0,9,16,0,25,0,20,18,0,38,4,0,4,42
01/07/2010,IPT,PA,AEA,EN,Federal Contract Tower,0,9,2,0,11,0,4,16,0,20,0,13,18,0,31,6,0,6,37
01/08/2010,IPT,PA,AEA,EN,Federal Contract Tower,0,10,2,0,12,0,0,0,0,0,0,10,2,0,12,0,0,0,12
01/09/2010,IPT,PA,AEA,EN,Federal Contract Tower,0,4,5,0,9,0,2,16,0,18,0,6,21,0,27,12,0,12,39
01/10/2010,IPT,PA,AEA,EN,Federal Contract Tower,0,6,2,0,8,0,10,29,2,41,0,16,31,2,49,10,8,18,67
01/11/2010,IPT,PA,AEA,EN,Federal Contract Tower,0,7,8,0,15,0,0,14,0,14,0,7,22,0,29,0,0,0,29
01/12/2010,IPT,PA,AEA,EN,Federal Contract Tower,0,9,5,0,14,0,0,21,2,23,0,9,26,2,37,0,0,0,37
01/13/2010,IPT,PA,AEA,EN,Federal Contract Tower,0,9,7,0,16,0,0,28,0,28,0,9,35,0,44,32,0,32,76
01/14/2010,IPT,PA,AEA,EN,Federal Contract Tower,0,9,9,0,18,0,0,45,2,47,0,9,54,2,65,64,0,64,129
01/15/2010,IPT,PA,AEA,EN,Federal Contract Tower,0,9,2,0,11,0,2,11,0,13,0,11,13,0,24,24,0,24,48
01/16/2010,IPT,PA,AEA,EN,Federal Contract Tower,0,4,6,0,10,0,5,51,0,56,0,9,57,0,66,56,0,56,122
01/17/2010,IPT,PA,AEA,EN,Federal Contract Tower,0,4,4,0,8,0,2,4,0,6,0,6,8,0,14,2,0,2,16
01/18/2010,IPT,PA,AEA,EN,Federal Contract Tower,0,9,9,0,18,0,1,25,0,26,0,10,34,0,44,6,0,6,50
01/19/2010,IPT,PA,AEA,EN,Federal Contract Tower,0,9,3,0,12,0,2,10,2,14,0,11,13,2,26,0,0,0,26
01/20/2010,IPT,PA,AEA,EN,Federal Contract Tower,0,9,7,0,16,0,0,16,0,16,0,9,23,0,32,10,0,10,42
01/21/2010,IPT,PA,AEA,EN,Federal Contract Tower,0,9,8,0,17,0,4,27,2,33,0,13,35,2,50,20,0,20,70
01/22/2010,IPT,PA,AEA,EN,Federal Contract Tower,0,9,9,0,18,0,2,18,0,20,0,11,27,0,38,2,0,2,40
01/23/2010,IPT,PA,AEA,EN,Federal Contract Tower,0,4,7,0,11,0,2,74,6,82,0,6,81,6,93,22,0,22,115
01/24/2010,IPT,PA,AEA,EN,Federal Contract Tower,0,8,6,0,14,0,2,6,0,8,0,10,12,0,22,20,0,20,42
01/25/2010,IPT,PA,AEA,EN,Federal Contract Tower,0,4,8,0,12,0,5,9,0,14,0,9,17,0,26,2,0,2,28
01/26/2010,IPT,PA,AEA,EN,Federal Contract Tower,0,9,5,0,14,0,6,15,1,22,0,15,20,1,36,28,2,30,66
01/27/2010,IPT,PA,AEA,EN,Federal Contract Tower,0,11,7,0,18,0,2,28,0,30,0,13,35,0,48,20,0,20,68
01/28/2010,IPT,PA,AEA,EN,Federal Contract Tower,0,8,7,0,15,0,4,6,0,10,0,12,13,0,25,2,0,2,27
01/29/2010,IPT,PA,AEA,EN,Federal Contract Tower,0,9,10,0,19,0,4,23,4,31,0,13,33,4,50,0,0,0,50
01/30/2010,IPT,PA,AEA,EN,Federal Contract Tower,0,4,6,2,12,0,1,20,0,21,0,5,26,2,33,4,0,4,37
01/31/2010,IPT,PA,AEA,EN,Federal Contract Tower,0,6,7,0,13,0,2,44,0,46,0,8,51,0,59,0,0,0,59
02/01/2010,IPT,PA,AEA,EN,Federal Contract Tower,0,8,6,0,14,0,1,31,0,32,0,9,37,0,46,0,0,0,46
02/02/2010,IPT,PA,AEA,EN,Federal Contract Tower,0,9,3,0,12,0,2,28,0,30,0,11,31,0,42,0,0,0,42
02/03/2010,IPT,PA,AEA,EN,Federal Contract Tower,0,11,6,0,17,0,5,10,0,15,0,16,16,0,32,10,0,10,42
02/04/2010,IPT,PA,AEA,EN,Federal Contract Tower,0,11,4,0,15,0,3,49,3,55,0,14,53,3,70,50,2,52,122
02/05/2010,IPT,PA,AEA,EN,Federal Contract Tower,0,5,1,0,6,0,1,14,0,15,0,6,15,0,21,4,0,4,25
02/06/2010,IPT,PA,AEA,EN,Federal Contract Tower,0,4,1,0,5,0,4,5,0,9,0,8,6,0,14,0,0,0,14
02/07/2010,IPT,PA,AEA,EN,Federal Contract Tower,0,4,3,0,7,0,0,20,0,20,0,4,23,0,27,10,0,10,37
02/08/2010,IPT,PA,AEA,EN,Federal Contract Tower,0,6,4,0,10,0,1,25,0,26,0,7,29,0,36,0,0,0,36
02/09/2010,IPT,PA,AEA,EN,Federal Contract Tower,0,6,5,0,11,0,0,18,0,18,0,6,23,0,29,4,0,4,33
02/10/2010,IPT,PA,AEA,EN,Federal Contract Tower,0,0,0,0,0,0,0,0,0,0,0,0,0,0,0,0,0,0,0
02/11/2010,IPT,PA,AEA,EN,Federal Contract Tower,0,7,2,0,9,0,4,5,0,9,0,11,7,0,18,0,0,0,18
02/12/2010,IPT,PA,AEA,EN,Federal Contract Tower,0,10,4,0,14,0,6,15,0,21,0,16,19,0,35,2,0,2,37
02/13/2010,IPT,PA,AEA,EN,Federal Contract Tower,0,4,7,0,11,0,0,20,0,20,0,4,27,0,31,14,0,14,45
02/14/2010,IPT,PA,AEA,EN,Federal Contract Tower,0,5,3,2,10,0,0,22,2,24,0,5,25,4,34,4,0,4,38
02/15/2010,IPT,PA,AEA,EN,Federal Contract Tower,0,6,4,0,10,0,2,17,0,19,0,8,21,0,29,24,0,24,53
02/16/2010,IPT,PA,AEA,EN,Federal Contract Tower,0,8,5,0,13,0,2,1,0,3,0,10,6,0,16,0,0,0,16
02/17/2010,IPT,PA,AEA,EN,Federal Contract Tower,0,8,8,0,16,0,2,12,0,14,0,10,20,0,30,0,0,0,30
02/18/2010,IPT,PA,AEA,EN,Federal Contract Tower,0,10,5,0,15,0,0,18,0,18,0,10,23,0,33,0,0,0,33
02/19/2010,IPT,PA,AEA,EN,Federal Contract Tower,0,9,5,0,14,0,2,15,1,18,0,11,20,1,32,0,2,2,34
02/20/2010,IPT,PA,AEA,EN,Federal Contract Tower,0,8,5,0,13,0,3,30,0,33,0,11,35,0,46,0,0,0,46
02/21/2010,IPT,PA,AEA,EN,Federal Contract Tower,0,2,5,0,7,0,5,31,0,36,0,7,36,0,43,28,0,28,71
02/22/2010,IPT,PA,AEA,EN,Federal Contract Tower,0,7,7,0,14,0,2,21,0,23,0,9,28,0,37,0,0,0,37
02/23/2010,IPT,PA,AEA,EN,Federal Contract Tower,0,4,0,0,4,0,0,0,0,0,0,4,0,0,4,0,0,0,4
02/24/2010,IPT,PA,AEA,EN,Federal Contract Tower,0,5,4,0,9,0,5,15,2,22,0,10,19,2,31,2,0,2,33
02/25/2010,IPT,PA,AEA,EN,Federal Contract Tower,0,2,3,0,5,0,0,0,0,0,0,2,3,0,5,0,0,0,5
02/26/2010,IPT,PA,AEA,EN,Federal Contract Tower,0,6,1,0,7,0,0,0,0,0,0,6,1,0,7,0,0,0,7
02/27/2010,IPT,PA,AEA,EN,Federal Contract Tower,0,4,4,0,8,0,4,5,2,11,0,8,9,2,19,0,0,0,19
02/28/2010,IPT,PA,AEA,EN,Federal Contract Tower,0,2,1,0,3,0,0,3,2,5,0,2,4,2,8,0,0,0,8
03/01/2010,IPT,PA,AEA,EN,Federal Contract Tower,0,7,1,0,8,0,1,24,2,27,0,8,25,2,35,20,0,20,55
03/02/2010,IPT,PA,AEA,EN,Federal Contract Tower,0,7,7,0,14,0,4,15,0,19,0,11,22,0,33,0,0,0,33
03/03/2010,IPT,PA,AEA,EN,Federal Contract Tower,0,12,15,0,27,0,0,2,0,2,0,12,17,0,29,0,0,0,29
03/04/2010,IPT,PA,AEA,EN,Federal Contract Tower,0,13,5,0,18,0,1,32,0,33,0,14,37,0,51,0,0,0,51
03/05/2010,IPT,PA,AEA,EN,Federal Contract Tower,0,9,7,0,16,0,2,24,0,26,0,11,31,0,42,0,0,0,42
03/06/2010,IPT,PA,AEA,EN,Federal Contract Tower,0,4,3,0,7,0,8,49,2,59,0,12,52,2,66,54,2,56,122
03/07/2010,IPT,PA,AEA,EN,Federal Contract Tower,0,6,9,1,16,0,3,54,0,57,0,9,63,1,73,30,0,30,103
03/08/2010,IPT,PA,AEA,EN,Federal Contract Tower,0,7,7,0,14,0,1,45,0,46,0,8,52,0,60,4,0,4,64
03/09/2010,IPT,PA,AEA,EN,Federal Contract Tower,0,13,4,0,17,0,46,0,0,46,0,59,4,0,63,10,0,10,73
03/10/2010,IPT,PA,AEA,EN,Federal Contract Tower,0,12,8,0,20,0,0,55,0,55,0,12,63,0,75,0,0,0,75
03/11/2010,IPT,PA,AEA,EN,Federal Contract Tower,9,8,0,0,17,0,5,41,1,47,9,13,41,1,64,72,2,74,138
03/12/2010,IPT,PA,AEA,EN,Federal Contract Tower,0,7,5,0,12,0,4,1,0,5,0,11,6,0,17,2,0,2,19
03/13/2010,IPT,PA,AEA,EN,Federal Contract Tower,0,6,0,0,6,0,0,0,0,0,0,6,0,0,6,0,0,0,6
03/14/2010,IPT,PA,AEA,EN,Federal Contract Tower,0,7,1,2,10,0,0,2,0,2,0,7,3,2,12,0,2,2,14
03/15/2010,IPT,PA,AEA,EN,Federal Contract Tower,0,7,2,0,9,0,5,5,0,10,0,12,7,0,19,2,0,2,21
03/16/2010,IPT,PA,AEA,EN,Federal Contract Tower,0,13,7,1,21,0,7,45,3,55,0,20,52,4,76,32,2,34,110
03/17/2010,IPT,PA,AEA,EN,Federal Contract Tower,0,11,4,0,15,0,1,52,2,55,0,12,56,2,70,30,0,30,100
03/18/2010,IPT,PA,AEA,EN,Federal Contract Tower,0,8,4,0,12,0,2,45,3,50,0,10,49,3,62,8,2,10,72
03/19/2010,IPT,PA,AEA,EN,Federal Contract Tower,0,10,12,0,22,0,3,57,0,60,0,13,69,0,82,6,0,6,88
03/20/2010,IPT,PA,AEA,EN,Federal Contract Tower,0,6,1,0,7,0,4,62,2,68,0,10,63,2,75,64,0,64,139
03/21/2010,IPT,PA,AEA,EN,Federal Contract Tower,0,8,4,0,12,0,2,48,2,52,0,10,52,2,64,2,0,2,66
03/22/2010,IPT,PA,AEA,EN,Federal Contract Tower,0,8,12,0,20,0,4,19,0,23,0,12,31,0,43,0,0,0,43
03/23/2010,IPT,PA,AEA,EN,Federal Contract Tower,0,11,10,0,21,0,6,20,1,27,0,17,30,1,48,2,6,8,56
03/24/2010,IPT,PA,AEA,EN,Federal Contract Tower,0,9,15,0,24,0,4,39,0,43,0,13,54,0,67,10,0,10,77
03/25/2010,IPT,PA,AEA,EN,Federal Contract Tower,0,9,8,0,17,0,0,20,2,22,0,9,28,2,39,34,0,34,73
03/26/2010,IPT,PA,AEA,EN,Federal Contract Tower,0,9,2,0,11,0,6,12,0,18,0,15,14,0,29,0,0,0,29
03/27/2010,IPT,PA,AEA,EN,Federal Contract Tower,0,4,10,0,14,0,2,79,0,81,0,6,89,0,95,16,0,16,111
03/28/2010,IPT,PA,AEA,EN,Federal Contract Tower,0,5,4,0,9,0,2,20,0,22,0,7,24,0,31,10,0,10,41
03/29/2010,IPT,PA,AEA,EN,Federal Contract Tower,0,5,6,0,11,0,9,9,0,18,0,14,15,0,29,18,0,18,47
03/30/2010,IPT,PA,AEA,EN,Federal Contract Tower,0,7,6,0,13,0,1,14,0,15,0,8,20,0,28,0,0,0,28
03/31/2010,IPT,PA,AEA,EN,Federal Contract Tower,0,11,3,0,14,0,12,58,2,72,0,23,61,2,86,0,0,0,86
04/01/2010,IPT,PA,AEA,EN,Federal Contract Tower,0,8,6,0,14,0,1,50,0,51,0,9,56,0,65,30,0,30,95
04/02/2010,IPT,PA,AEA,EN,Federal Contract Tower,0,9,7,0,16,0,2,51,0,53,0,11,58,0,69,30,0,30,99
04/03/2010,IPT,PA,AEA,EN,Federal Contract Tower,0,6,8,0,14,0,3,48,2,53,0,9,56,2,67,14,0,14,81
04/04/2010,IPT,PA,AEA,EN,Federal Contract Tower,0,6,5,0,11,0,9,36,0,45,0,15,41,0,56,0,0,0,56
04/05/2010,IPT,PA,AEA,EN,Federal Contract Tower,0,8,5,0,13,0,2,50,0,52,0,10,55,0,65,22,0,22,87
04/06/2010,IPT,PA,AEA,EN,Federal Contract Tower,0,16,5,4,25,0,5,30,0,35,0,21,35,4,60,20,0,20,80
04/07/2010,IPT,PA,AEA,EN,Federal Contract Tower,0,12,13,0,25,0,2,37,0,39,0,14,50,0,64,22,0,22,86
04/08/2010,IPT,PA,AEA,EN,Federal Contract Tower,0,9,4,0,13,0,1,23,0,24,0,10,27,0,37,0,0,0,37
04/09/2010,IPT,PA,AEA,EN,Federal Contract Tower,0,10,6,0,16,0,2,26,0,28,0,12,32,0,44,0,0,0,44
04/10/2010,IPT,PA,AEA,EN,Federal Contract Tower,0,6,7,0,13,0,7,43,4,54,0,13,50,4,67,4,0,4,71
04/11/2010,IPT,PA,AEA,EN,Federal Contract Tower,0,6,8,0,14,0,6,46,0,52,0,12,54,0,66,16,0,16,82
04/12/2010,IPT,PA,AEA,EN,Federal Contract Tower,0,7,9,0,16,0,3,44,0,47,0,10,53,0,63,0,0,0,63
04/13/2010,IPT,PA,AEA,EN,Federal Contract Tower,0,7,19,0,26,0,2,31,2,35,0,9,50,2,61,10,0,10,71
04/14/2010,IPT,PA,AEA,EN,Federal Contract Tower,0,8,11,0,19,0,13,60,2,75,0,21,71,2,94,46,2,48,142
04/15/2010,IPT,PA,AEA,EN,Federal Contract Tower,0,8,2,3,13,0,4,46,3,53,0,12,48,6,66,10,0,10,76
04/16/2010,IPT,PA,AEA,EN,Federal Contract Tower,0,11,6,1,18,0,10,27,1,38,0,21,33,2,56,2,2,4,60
04/17/2010,IPT,PA,AEA,EN,Federal Contract Tower,0,4,6,0,10,0,1,24,0,25,0,5,30,0,35,2,0,2,37
04/18/2010,IPT,PA,AEA,EN,Federal Contract Tower,0,6,6,0,12,0,1,27,2,30,0,7,33,2,42,18,0,18,60
04/19/2010,IPT,PA,AEA,EN,Federal Contract Tower,0,7,2,3,12,0,0,38,0,38,0,7,40,3,50,0,0,0,50
04/20/2010,IPT,PA,AEA,EN,Federal Contract Tower,0,9,6,0,15,0,4,38,0,42,0,13,44,0,57,34,0,34,91
04/21/2010,IPT,PA,AEA,EN,Federal Contract Tower,0,10,16,0,26,0,3,44,0,47,0,13,60,0,73,2,0,2,75
04/22/2010,IPT,PA,AEA,EN,Federal Contract Tower,0,11,9,0,20,0,1,37,0,38,0,12,46,0,58,26,0,26,84
04/23/2010,IPT,PA,AEA,EN,Federal Contract Tower,0,12,12,0,24,0,3,62,3,68,0,15,74,3,92,10,0,10,102
04/24/2010,IPT,PA,AEA,EN,Federal Contract Tower,0,6,10,0,16,0,6,52,0,58,0,12,62,0,74,16,0,16,90
04/25/2010,IPT,PA,AEA,EN,Federal Contract Tower,0,9,11,0,20,0,0,0,0,0,0,9,11,0,20,0,0,0,20
04/26/2010,IPT,PA,AEA,EN,Federal Contract Tower,0,8,4,0,12,0,0,4,0,4,0,8,8,0,16,0,0,0,16
04/27/2010,IPT,PA,AEA,EN,Federal Contract Tower,0,9,7,0,16,0,0,21,2,23,0,9,28,2,39,2,0,2,41
04/28/2010,IPT,PA,AEA,EN,Federal Contract Tower,0,9,9,0,18,0,4,33,8,45,0,13,42,8,63,0,0,0,63
04/29/2010,IPT,PA,AEA,EN,Federal Contract Tower,0,13,7,0,20,0,4,54,0,58,0,17,61,0,78,32,0,32,110
04/30/2010,IPT,PA,AEA,EN,Federal Contract Tower,0,9,4,0,13,0,4,56,0,60,0,13,60,0,73,38,0,38,111
05/01/2010,IPT,PA,AEA,EN,Federal Contract Tower,0,6,12,1,19,0,4,47,3,54,0,10,59,4,73,32,0,32,105
05/02/2010,IPT,PA,AEA,EN,Federal Contract Tower,0,7,2,0,9,0,9,33,0,42,0,16,35,0,51,10,0,10,61
05/03/2010,IPT,PA,AEA,EN,Federal Contract Tower,0,4,10,0,14,0,0,36,0,36,0,4,46,0,50,12,0,12,62
05/04/2010,IPT,PA,AEA,EN,Federal Contract Tower,0,9,8,0,17,0,0,43,0,43,0,9,51,0,60,20,0,20,80
05/05/2010,IPT,PA,AEA,EN,Federal Contract Tower,0,9,6,0,15,0,0,42,1,43,0,9,48,1,58,40,0,40,98
05/06/2010,IPT,PA,AEA,EN,Federal Contract Tower,0,9,11,0,20,0,7,48,0,55,0,16,59,0,75,2,0,2,77
05/07/2010,IPT,PA,AEA,EN,Federal Contract Tower,0,13,8,0,21,0,2,36,1,39,0,15,44,1,60,30,2,32,92
05/08/2010,IPT,PA,AEA,EN,Federal Contract Tower,0,4,1,0,5,0,0,6,2,8,0,4,7,2,13,0,0,0,13
05/09/2010,IPT,PA,AEA,EN,Federal Contract Tower,0,5,4,0,9,0,3,19,0,22,0,8,23,0,31,0,0,0,31
05/10/2010,IPT,PA,AEA,EN,Federal Contract Tower,0,6,3,0,9,0,9,32,0,41,0,15,35,0,50,0,0,0,50
05/11/2010,IPT,PA,AEA,EN,Federal Contract Tower,0,9,10,0,19,0,0,17,0,17,0,9,27,0,36,0,0,0,36
05/12/2010,IPT,PA,AEA,EN,Federal Contract Tower,0,8,19,0,27,0,2,0,0,2,0,10,19,0,29,0,0,0,29
05/13/2010,IPT,PA,AEA,EN,Federal Contract Tower,0,8,6,4,18,0,4,52,0,56,0,12,58,4,74,18,0,18,92
05/14/2010,IPT,PA,AEA,EN,Federal Contract Tower,0,9,7,0,16,0,6,29,0,35,0,15,36,0,51,10,0,10,61
05/15/2010,IPT,PA,AEA,EN,Federal Contract Tower,0,4,4,0,8,0,2,53,0,55,0,6,57,0,63,26,0,26,89
05/16/2010,IPT,PA,AEA,EN,Federal Contract Tower,0,4,6,0,10,0,0,69,2,71,0,4,75,2,81,20,0,20,101
05/17/2010,IPT,PA,AEA,EN,Federal Contract Tower,0,8,5,0,13,0,2,28,0,30,0,10,33,0,43,0,0,0,43
05/18/2010,IPT,PA,AEA,EN,Federal Contract Tower,0,8,7,0,15,0,2,0,0,2,0,10,7,0,17,0,0,0,17
05/19/2010,IPT,PA,AEA,EN,Federal Contract Tower,0,12,14,0,26,0,0,11,0,11,0,12,25,0,37,0,0,0,37
05/20/2010,IPT,PA,AEA,EN,Federal Contract Tower,0,10,8,0,18,0,9,52,0,61,0,19,60,0,79,14,0,14,93
05/21/2010,IPT,PA,AEA,EN,Federal Contract Tower,0,10,4,0,14,0,12,37,0,49,0,22,41,0,63,26,0,26,89
05/22/2010,IPT,PA,AEA,EN,Federal Contract Tower,0,4,4,1,9,0,0,38,0,38,0,4,42,1,47,16,0,16,63
05/23/2010,IPT,PA,AEA,EN,Federal Contract Tower,0,10,4,0,14,0,0,35,0,35,0,10,39,0,49,0,0,0,49
05/24/2010,IPT,PA,AEA,EN,Federal Contract Tower,0,6,7,0,13,0,3,35,0,38,0,9,42,0,51,4,0,4,55
05/25/2010,IPT,PA,AEA,EN,Federal Contract Tower,0,17,18,0,35,0,4,53,0,57,0,21,71,0,92,30,0,30,122
05/26/2010,IPT,PA,AEA,EN,Federal Contract Tower,0,12,12,0,24,0,3,46,2,51,0,15,58,2,75,42,0,42,117
05/27/2010,IPT,PA,AEA,EN,Federal Contract Tower,0,10,6,0,16,0,8,31,0,39,0,18,37,0,55,4,0,4,59
05/28/2010,IPT,PA,AEA,EN,Federal Contract Tower,0,9,12,0,21,0,0,17,0,17,0,9,29,0,38,12,0,12,50
05/29/2010,IPT,PA,AEA,EN,Federal Contract Tower,0,6,9,0,15,0,3,40,0,43,0,9,49,0,58,14,0,14,72
05/30/2010,IPT,PA,AEA,EN,Federal Contract Tower,0,3,5,0,8,0,3,47,0,50,0,6,52,0,58,28,0,28,86
05/31/2010,IPT,PA,AEA,EN,Federal Contract Tower,0,3,2,0,5,0,4,31,0,35,0,7,33,0,40,20,0,20,60
06/01/2010,IPT,PA,AEA,EN,Federal Contract Tower,0,6,13,0,19,0,2,31,2,35,0,8,44,2,54,36,0,36,90
06/02/2010,IPT,PA,AEA,EN,Federal Contract Tower,0,10,13,0,23,0,1,39,3,43,0,11,52,3,66,22,0,22,88
06/03/2010,IPT,PA,AEA,EN,Federal Contract Tower,0,9,12,0,21,0,9,30,2,41,0,18,42,2,62,0,0,0,62
06/04/2010,IPT,PA,AEA,EN,Federal Contract Tower,0,11,8,0,19,0,2,39,0,41,0,13,47,0,60,14,0,14,74
06/05/2010,IPT,PA,AEA,EN,Federal Contract Tower,0,10,3,0,13,0,12,25,0,37,0,22,28,0,50,0,0,0,50
06/06/2010,IPT,PA,AEA,EN,Federal Contract Tower,0,7,4,0,11,0,3,14,0,17,0,10,18,0,28,0,0,0,28
06/07/2010,IPT,PA,AEA,EN,Federal Contract Tower,0,8,6,0,14,0,4,45,0,49,0,12,51,0,63,0,0,0,63
06/08/2010,IPT,PA,AEA,EN,Federal Contract Tower,0,11,12,0,23,0,4,62,0,66,0,15,74,0,89,10,0,10,99
06/09/2010,IPT,PA,AEA,EN,Federal Contract Tower,0,9,8,0,17,0,0,1,0,1,0,9,9,0,18,0,0,0,18
06/10/2010,IPT,PA,AEA,EN,Federal Contract Tower,0,9,11,0,20,0,10,34,0,44,0,19,45,0,64,28,0,28,92
06/11/2010,IPT,PA,AEA,EN,Federal Contract Tower,0,9,8,0,17,0,5,59,3,67,0,14,67,3,84,8,2,10,94
06/12/2010,IPT,PA,AEA,EN,Federal Contract Tower,0,5,6,0,11,0,5,31,2,38,0,10,37,2,49,4,0,4,53
06/13/2010,IPT,PA,AEA,EN,Federal Contract Tower,0,6,12,0,18,0,2,26,0,28,0,8,38,0,46,4,0,4,50
06/14/2010,IPT,PA,AEA,EN,Federal Contract Tower,0,7,10,0,17,0,7,36,1,44,0,14,46,1,61,6,2,8,69
06/15/2010,IPT,PA,AEA,EN,Federal Contract Tower,0,9,5,0,14,0,3,42,2,47,0,12,47,2,61,16,0,16,77
06/16/2010,IPT,PA,AEA,EN,Federal Contract Tower,0,8,13,0,21,0,0,18,0,18,0,8,31,0,39,12,0,12,51
06/17/2010,IPT,PA,AEA,EN,Federal Contract Tower,0,10,8,0,18,0,14,57,0,71,0,24,65,0,89,6,0,6,95
06/18/2010,IPT,PA,AEA,EN,Federal Contract Tower,0,11,10,0,21,0,1,84,0,85,0,12,94,0,106,24,0,24,130
06/19/2010,IPT,PA,AEA,EN,Federal Contract Tower,0,5,7,1,13,0,10,65,2,77,0,15,72,3,90,14,2,16,106
06/20/2010,IPT,PA,AEA,EN,Federal Contract Tower,0,5,5,0,10,0,5,57,1,63,0,10,62,1,73,6,0,6,79
06/21/2010,IPT,PA,AEA,EN,Federal Contract Tower,0,6,7,0,13,0,5,38,2,45,0,11,45,2,58,34,2,36,94
06/22/2010,IPT,PA,AEA,EN,Federal Contract Tower,0,12,6,0,18,0,1,19,0,20,0,13,25,0,38,54,0,54,92
06/23/2010,IPT,PA,AEA,EN,Federal Contract Tower,0,12,10,0,22,0,9,53,0,62,0,21,63,0,84,12,0,12,96
06/24/2010,IPT,PA,AEA,EN,Federal Contract Tower,0,10,12,0,22,0,4,22,0,26,0,14,34,0,48,0,2,2,50
06/25/2010,IPT,PA,AEA,EN,Federal Contract Tower,0,7,7,1,15,0,1,40,0,41,0,8,47,1,56,28,0,28,84
06/26/2010,IPT,PA,AEA,EN,Federal Contract Tower,0,6,5,0,11,0,3,22,0,25,0,9,27,0,36,4,0,4,40
06/27/2010,IPT,PA,AEA,EN,Federal Contract Tower,0,6,11,0,17,0,2,20,0,22,0,8,31,0,39,10,0,10,49
06/28/2010,IPT,PA,AEA,EN,Federal Contract Tower,0,6,9,0,15,0,2,10,0,12,0,8,19,0,27,12,0,12,39
06/29/2010,IPT,PA,AEA,EN,Federal Contract Tower,0,8,11,3,22,0,3,28,0,31,0,11,39,3,53,8,2,10,63
06/30/2010,IPT,PA,AEA,EN,Federal Contract Tower,0,11,10,0,21,0,56,3,0,59,0,67,13,0,80,36,0,36,116
07/01/2010,IPT,PA,AEA,EN,Federal Contract Tower,0,8,3,0,11,0,1,40,0,41,0,9,43,0,52,22,2,24,76
07/02/2010,IPT,PA,AEA,EN,Federal Contract Tower,0,12,2,0,14,0,4,35,0,39,0,16,37,0,53,38,0,38,91
07/03/2010,IPT,PA,AEA,EN,Federal Contract Tower,0,6,2,0,8,0,0,35,0,35,0,6,37,0,43,14,0,14,57
07/04/2010,IPT,PA,AEA,EN,Federal Contract Tower,0,3,0,0,3,0,5,25,0,30,0,8,25,0,33,8,0,8,41
07/05/2010,IPT,PA,AEA,EN,Federal Contract Tower,0,5,2,0,7,0,2,54,2,58,0,7,56,2,65,10,0,10,75
07/06/2010,IPT,PA,AEA,EN,Federal Contract Tower,0,7,3,0,10,0,7,36,0,43,0,14,39,0,53,30,0,30,83
07/07/2010,IPT,PA,AEA,EN,Federal Contract Tower,0,7,7,0,14,0,4,38,5,47,0,11,45,5,61,4,0,4,65
07/08/2010,IPT,PA,AEA,EN,Federal Contract Tower,0,10,9,2,21,0,9,41,2,52,0,19,50,4,73,2,0,2,75
07/09/2010,IPT,PA,AEA,EN,Federal Contract Tower,0,11,8,0,19,0,2,34,2,38,0,13,42,2,57,2,0,2,59
07/10/2010,IPT,PA,AEA,EN,Federal Contract Tower,0,5,1,0,6,0,2,33,0,35,0,7,34,0,41,2,0,2,43
07/11/2010,IPT,PA,AEA,EN,Federal Contract Tower,0,5,6,0,11,0,5,65,0,70,0,10,71,0,81,18,0,18,99
07/12/2010,IPT,PA,AEA,EN,Federal Contract Tower,0,8,13,0,21,0,2,24,0,26,0,10,37,0,47,0,0,0,47
07/13/2010,IPT,PA,AEA,EN,Federal Contract Tower,0,11,4,0,15,0,0,12,0,12,0,11,16,0,27,0,0,0,27
07/14/2010,IPT,PA,AEA,EN,Federal Contract Tower,0,7,8,2,17,0,4,23,0,27,0,11,31,2,44,0,0,0,44
07/15/2010,IPT,PA,AEA,EN,Federal Contract Tower,0,17,11,2,30,0,4,49,0,53,0,21,60,2,83,24,0,24,107
07/16/2010,IPT,PA,AEA,EN,Federal Contract Tower,0,8,5,0,13,0,2,22,0,24,0,10,27,0,37,6,0,6,43
07/17/2010,IPT,PA,AEA,EN,Federal Contract Tower,0,4,5,0,9,0,4,52,0,56,0,8,57,0,65,6,0,6,71
07/18/2010,IPT,PA,AEA,EN,Federal Contract Tower,0,5,8,0,13,0,10,54,0,64,0,15,62,0,77,24,0,24,101
07/19/2010,IPT,PA,AEA,EN,Federal Contract Tower,0,6,13,0,19,0,5,39,0,44,0,11,52,0,63,0,0,0,63
07/20/2010,IPT,PA,AEA,EN,Federal Contract Tower,0,12,9,0,21,0,0,20,0,20,0,12,29,0,41,16,0,16,57
07/21/2010,IPT,PA,AEA,EN,Federal Contract Tower,0,9,9,0,18,0,0,27,0,27,0,9,36,0,45,2,0,2,47
07/22/2010,IPT,PA,AEA,EN,Federal Contract Tower,0,8,8,0,16,0,4,46,11,61,0,12,54,11,77,4,2,6,83
07/23/2010,IPT,PA,AEA,EN,Federal Contract Tower,0,8,14,0,22,0,7,28,0,35,0,15,42,0,57,0,0,0,57
07/24/2010,IPT,PA,AEA,EN,Federal Contract Tower,0,5,6,0,11,0,1,59,0,60,0,6,65,0,71,14,0,14,85
07/25/2010,IPT,PA,AEA,EN,Federal Contract Tower,0,5,9,0,14,0,0,38,0,38,0,5,47,0,52,10,0,10,62
07/26/2010,IPT,PA,AEA,EN,Federal Contract Tower,0,6,8,0,14,0,12,49,0,61,0,18,57,0,75,28,0,28,103
07/27/2010,IPT,PA,AEA,EN,Federal Contract Tower,0,13,10,0,23,0,6,55,0,61,0,19,65,0,84,30,0,30,114
07/28/2010,IPT,PA,AEA,EN,Federal Contract Tower,0,11,12,0,23,0,4,35,0,39,0,15,47,0,62,20,0,20,82
07/29/2010,IPT,PA,AEA,EN,Federal Contract Tower,0,8,5,0,13,0,0,28,0,28,0,8,33,0,41,2,0,2,43
07/30/2010,IPT,PA,AEA,EN,Federal Contract Tower,0,9,2,0,11,0,2,45,0,47,0,11,47,0,58,4,0,4,62
07/31/2010,IPT,PA,AEA,EN,Federal Contract Tower,0,4,13,0,17,0,4,58,0,62,0,8,71,0,79,2,0,2,81
08/01/2010,IPT,PA,AEA,EN,Federal Contract Tower,0,6,8,0,14,0,3,26,0,29,0,9,34,0,43,0,0,0,43
08/02/2010,IPT,PA,AEA,EN,Federal Contract Tower,0,6,9,0,15,0,5,35,0,40,0,11,44,0,55,0,0,0,55
08/03/2010,IPT,PA,AEA,EN,Federal Contract Tower,0,10,16,0,26,0,1,29,0,30,0,11,45,0,56,2,0,2,58
08/04/2010,IPT,PA,AEA,EN,Federal Contract Tower,0,7,9,0,16,0,2,37,0,39,0,9,46,0,55,18,0,18,73
08/05/2010,IPT,PA,AEA,EN,Federal Contract Tower,0,11,8,0,19,0,4,15,0,19,0,15,23,0,38,0,0,0,38
08/06/2010,IPT,PA,AEA,EN,Federal Contract Tower,0,10,13,0,23,0,6,61,0,67,0,16,74,0,90,6,0,6,96
08/07/2010,IPT,PA,AEA,EN,Federal Contract Tower,0,6,10,0,16,0,4,67,0,71,0,10,77,0,87,18,0,18,105
08/08/2010,IPT,PA,AEA,EN,Federal Contract Tower,0,5,7,0,12,0,1,52,8,61,0,6,59,8,73,2,0,2,75
08/09/2010,IPT,PA,AEA,EN,Federal Contract Tower,0,9,5,0,14,0,5,26,0,31,0,14,31,0,45,2,0,2,47
08/10/2010,IPT,PA,AEA,EN,Federal Contract Tower,0,9,12,0,21,0,4,38,0,42,0,13,50,0,63,16,0,16,79
08/11/2010,IPT,PA,AEA,EN,Federal Contract Tower,0,9,17,0,26,0,2,38,0,40,0,11,55,0,66,14,0,14,80
08/12/2010,IPT,PA,AEA,EN,Federal Contract Tower,0,12,4,0,16,0,1,5,0,6,0,13,9,0,22,0,0,0,22
08/13/2010,IPT,PA,AEA,EN,Federal Contract Tower,0,9,13,0,22,0,1,39,3,43,0,10,52,3,65,2,0,2,67
08/14/2010,IPT,PA,AEA,EN,Federal Contract Tower,0,5,8,0,13,0,7,48,5,60,0,12,56,5,73,20,0,20,93
08/15/2010,IPT,PA,AEA,EN,Federal Contract Tower,0,3,11,0,14,0,0,0,0,0,0,3,11,0,14,0,0,0,14
08/16/2010,IPT,PA,AEA,EN,Federal Contract Tower,0,7,10,0,17,0,3,14,0,17,0,10,24,0,34,18,0,18,52
08/17/2010,IPT,PA,AEA,EN,Federal Contract Tower,0,11,10,2,23,0,1,38,2,41,0,12,48,4,64,16,0,16,80
08/18/2010,IPT,PA,AEA,EN,Federal Contract Tower,0,14,4,0,18,0,1,17,0,18,0,15,21,0,36,8,0,8,44
08/19/2010,IPT,PA,AEA,EN,Federal Contract Tower,0,12,12,0,24,0,2,39,0,41,0,14,51,0,65,12,0,12,77
08/20/2010,IPT,PA,AEA,EN,Federal Contract Tower,0,15,9,0,24,0,5,49,2,56,0,20,58,2,80,0,0,0,80
08/21/2010,IPT,PA,AEA,EN,Federal Contract Tower,0,10,12,0,22,0,3,43,2,48,0,13,55,2,70,6,0,6,76
08/22/2010,IPT,PA,AEA,EN,Federal Contract Tower,0,2,14,0,16,0,4,15,0,19,0,6,29,0,35,2,0,2,37
08/23/2010,IPT,PA,AEA,EN,Federal Contract Tower,0,6,8,0,14,0,3,13,0,16,0,9,21,0,30,0,0,0,30
08/24/2010,IPT,PA,AEA,EN,Federal Contract Tower,0,8,6,0,14,0,6,21,0,27,0,14,27,0,41,8,0,8,49
08/25/2010,IPT,PA,AEA,EN,Federal Contract Tower,0,8,9,0,17,0,5,38,0,43,0,13,47,0,60,0,0,0,60
08/26/2010,IPT,PA,AEA,EN,Federal Contract Tower,0,10,15,0,25,0,7,40,1,48,0,17,55,1,73,6,2,8,81
08/27/2010,IPT,PA,AEA,EN,Federal Contract Tower,0,9,18,0,27,0,4,47,5,56,0,13,65,5,83,10,2,12,95
08/28/2010,IPT,PA,AEA,EN,Federal Contract Tower,0,6,16,0,22,0,0,52,2,54,0,6,68,2,76,40,0,40,116
08/29/2010,IPT,PA,AEA,EN,Federal Contract Tower,0,6,5,1,12,0,5,65,0,70,0,11,70,1,82,28,0,28,110
08/30/2010,IPT,PA,AEA,EN,Federal Contract Tower,0,12,10,3,25,0,2,37,2,41,0,14,47,5,66,0,0,0,66
08/31/2010,IPT,PA,AEA,EN,Federal Contract Tower,0,8,12,0,20,0,4,35,4,43,0,12,47,4,63,16,0,16,79
09/01/2010,IPT,PA,AEA,EN,Federal Contract Tower,0,8,12,0,20,0,1,37,0,38,0,9,49,0,58,12,0,12,70
09/02/2010,IPT,PA,AEA,EN,Federal Contract Tower,0,9,2,0,11,0,4,39,0,43,0,13,41,0,54,0,0,0,54
09/03/2010,IPT,PA,AEA,EN,Federal Contract Tower,0,8,6,0,14,0,0,0,0,0,0,8,6,0,14,36,0,36,50
09/04/2010,IPT,PA,AEA,EN,Federal Contract Tower,0,7,2,0,9,0,2,21,0,23,0,9,23,0,32,0,0,0,32
09/05/2010,IPT,PA,AEA,EN,Federal Contract Tower,0,4,6,0,10,0,0,41,0,41,0,4,47,0,51,8,0,8,59
09/06/2010,IPT,PA,AEA,EN,Federal Contract Tower,0,5,7,1,13,0,5,41,0,46,0,10,48,1,59,0,0,0,59
09/07/2010,IPT,PA,AEA,EN,Federal Contract Tower,0,10,4,0,14,0,3,50,0,53,0,13,54,0,67,0,0,0,67
09/08/2010,IPT,PA,AEA,EN,Federal Contract Tower,0,8,11,0,19,0,4,31,0,35,0,12,42,0,54,22,0,22,76
09/09/2010,IPT,PA,AEA,EN,Federal Contract Tower,0,8,13,0,21,0,6,19,2,27,0,14,32,2,48,0,0,0,48
09/10/2010,IPT,PA,AEA,EN,Federal Contract Tower,0,10,12,0,22,0,3,31,4,38,0,13,43,4,60,0,0,0,60
09/11/2010,IPT,PA,AEA,EN,Federal Contract Tower,0,5,4,0,9,0,4,49,4,57,0,9,53,4,66,16,0,16,82
09/12/2010,IPT,PA,AEA,EN,Federal Contract Tower,0,5,9,0,14,0,3,14,0,17,0,8,23,0,31,0,0,0,31
09/13/2010,IPT,PA,AEA,EN,Federal Contract Tower,0,7,7,0,14,0,1,53,2,56,0,8,60,2,70,0,0,0,70
09/14/2010,IPT,PA,AEA,EN,Federal Contract Tower,0,12,13,0,25,0,6,52,2,60,0,18,65,2,85,12,2,14,99
09/15/2010,IPT,PA,AEA,EN,Federal Contract Tower,15,11,0,0,26,0,4,33,0,37,15,15,33,0,63,14,0,14,77
09/16/2010,IPT,PA,AEA,EN,Federal Contract Tower,0,10,17,2,29,0,1,14,0,15,0,11,31,2,44,0,0,0,44
09/17/2010,IPT,PA,AEA,EN,Federal Contract Tower,0,9,12,2,23,0,0,40,0,40,0,9,52,2,63,0,0,0,63
09/18/2010,IPT,PA,AEA,EN,Federal Contract Tower,0,5,6,0,11,0,5,83,1,89,0,10,89,1,100,16,0,16,116
09/19/2010,IPT,PA,AEA,EN,Federal Contract Tower,0,4,8,0,12,0,2,78,0,80,0,6,86,0,92,6,0,6,98
09/20/2010,IPT,PA,AEA,EN,Federal Contract Tower,0,7,6,0,13,0,4,45,0,49,0,11,51,0,62,0,0,0,62
09/21/2010,IPT,PA,AEA,EN,Federal Contract Tower,0,8,5,1,14,0,4,25,0,29,0,12,30,1,43,0,0,0,43
09/22/2010,IPT,PA,AEA,EN,Federal Contract Tower,0,11,14,0,25,0,2,17,3,22,0,13,31,3,47,8,0,8,55
09/23/2010,IPT,PA,AEA,EN,Federal Contract Tower,13,11,0,0,24,0,4,31,2,37,13,15,31,2,61,0,0,0,61
09/24/2010,IPT,PA,AEA,EN,Federal Contract Tower,0,10,13,0,23,0,0,42,0,42,0,10,55,0,65,2,0,2,67
09/25/2010,IPT,PA,AEA,EN,Federal Contract Tower,0,7,16,0,23,0,3,64,0,67,0,10,80,0,90,0,0,0,90
09/26/2010,IPT,PA,AEA,EN,Federal Contract Tower,0,8,12,0,20,0,2,46,0,48,0,10,58,0,68,26,0,26,94
09/27/2010,IPT,PA,AEA,EN,Federal Contract Tower,0,6,13,0,19,0,0,2,0,2,0,6,15,0,21,0,0,0,21
09/28/2010,IPT,PA,AEA,EN,Federal Contract Tower,0,8,6,0,14,0,1,11,1,13,0,9,17,1,27,0,2,2,29
09/29/2010,IPT,PA,AEA,EN,Federal Contract Tower,0,9,14,0,23,0,2,26,3,31,0,11,40,3,54,0,0,0,54
09/30/2010,IPT,PA,AEA,EN,Federal Contract Tower,0,10,6,0,16,0,0,0,0,0,0,10,6,0,16,0,0,0,16
10/01/2010,IPT,PA,AEA,EN,Federal Contract Tower,0,9,20,0,29,0,0,30,41,71,0,9,50,41,100,0,0,0,100
10/02/2010,IPT,PA,AEA,EN,Federal Contract Tower,0,12,12,0,24,0,4,43,0,47,0,16,55,0,71,24,0,24,95
10/03/2010,IPT,PA,AEA,EN,Federal Contract Tower,0,4,11,0,15,0,0,45,0,45,0,4,56,0,60,14,0,14,74
10/04/2010,IPT,PA,AEA,EN,Federal Contract Tower,0,10,7,0,17,0,2,0,0,2,0,12,7,0,19,0,0,0,19
10/05/2010,IPT,PA,AEA,EN,Federal Contract Tower,0,12,12,0,24,0,0,3,1,4,0,12,15,1,28,0,0,0,28
10/06/2010,IPT,PA,AEA,EN,Federal Contract Tower,0,14,9,0,23,0,4,2,0,6,0,18,11,0,29,0,0,0,29
10/07/2010,IPT,PA,AEA,EN,Federal Contract Tower,0,12,10,0,22,0,0,56,4,60,0,12,66,4,82,0,0,0,82
10/08/2010,IPT,PA,AEA,EN,Federal Contract Tower,0,14,15,0,29,0,4,47,0,51,0,18,62,0,80,4,0,4,84
10/09/2010,IPT,PA,AEA,EN,Federal Contract Tower,0,7,14,0,21,0,2,50,1,53,0,9,64,1,74,38,0,38,112
10/10/2010,IPT,PA,AEA,EN,Federal Contract Tower,0,2,12,0,14,0,1,46,0,47,0,3,58,0,61,10,0,10,71
10/11/2010,IPT,PA,AEA,EN,Federal Contract Tower,0,10,3,0,13,0,0,19,0,19,0,10,22,0,32,12,0,12,44
10/12/2010,IPT,PA,AEA,EN,Federal Contract Tower,0,11,2,0,13,0,3,20,0,23,0,14,22,0,36,40,0,40,76
10/13/2010,IPT,PA,AEA,EN,Federal Contract Tower,0,15,9,0,24,0,1,43,0,44,0,16,52,0,68,12,0,12,80
10/14/2010,IPT,PA,AEA,EN,Federal Contract Tower,0,10,7,0,17,0,0,0,0,0,0,10,7,0,17,0,0,0,17
10/15/2010,IPT,PA,AEA,EN,Federal Contract Tower,18,7,0,0,25,0,0,23,0,23,18,7,23,0,48,4,0,4,52
10/16/2010,IPT,PA,AEA,EN,Federal Contract Tower,0,6,4,0,10,0,4,17,0,21,0,10,21,0,31,0,0,0,31
10/17/2010,IPT,PA,AEA,EN,Federal Contract Tower,0,4,7,0,11,0,2,43,0,45,0,6,50,0,56,0,0,0,56
10/18/2010,IPT,PA,AEA,EN,Federal Contract Tower,0,12,7,0,19,0,5,27,0,32,0,17,34,0,51,18,0,18,69
10/19/2010,IPT,PA,AEA,EN,Federal Contract Tower,0,12,15,1,28,0,4,11,0,15,0,16,26,1,43,4,0,4,47
10/20/2010,IPT,PA,AEA,EN,Federal Contract Tower,0,9,3,0,12,0,4,23,0,27,0,13,26,0,39,14,2,16,55
10/21/2010,IPT,PA,AEA,EN,Federal Contract Tower,0,9,3,0,12,0,5,28,2,35,0,14,31,2,47,2,4,6,53
10/22/2010,IPT,PA,AEA,EN,Federal Contract Tower,0,12,5,0,17,0,0,35,0,35,0,12,40,0,52,2,0,2,54
10/23/2010,IPT,PA,AEA,EN,Federal Contract Tower,0,6,11,0,17,0,0,44,0,44,0,6,55,0,61,18,0,18,79
10/24/2010,IPT,PA,AEA,EN,Federal Contract Tower,0,5,6,0,11,0,0,41,0,41,0,5,47,0,52,6,0,6,58
10/25/2010,IPT,PA,AEA,EN,Federal Contract Tower,0,7,8,0,15,0,2,8,0,10,0,9,16,0,25,0,0,0,25
10/26/2010,IPT,PA,AEA,EN,Federal Contract Tower,0,7,8,1,16,0,0,22,1,23,0,7,30,2,39,20,0,20,59
10/27/2010,IPT,PA,AEA,EN,Federal Contract Tower,0,8,5,1,14,0,2,28,2,32,0,10,33,3,46,8,2,10,56
10/28/2010,IPT,PA,AEA,EN,Federal Contract Tower,0,11,7,2,20,0,4,23,2,29,0,15,30,4,49,20,6,26,75
10/29/2010,IPT,PA,AEA,EN,Federal Contract Tower,0,12,7,0,19,0,2,24,0,26,0,14,31,0,45,8,0,8,53
10/30/2010,IPT,PA,AEA,EN,Federal Contract Tower,6,9,0,0,15,0,10,32,3,45,6,19,32,3,60,8,0,8,68
10/31/2010,IPT,PA,AEA,EN,Federal Contract Tower,0,5,2,0,7,0,2,49,0,51,0,7,51,0,58,22,0,22,80
11/01/2010,IPT,PA,AEA,EN,Federal Contract Tower,0,7,8,0,15,0,1,25,0,26,0,8,33,0,41,0,0,0,41
11/02/2010,IPT,PA,AEA,EN,Federal Contract Tower,0,9,9,0,18,0,0,40,6,46,0,9,49,6,64,40,2,42,106
11/03/2010,IPT,PA,AEA,EN,Federal Contract Tower,0,16,14,0,30,0,1,35,0,36,0,17,49,0,66,10,0,10,76
11/04/2010,IPT,PA,AEA,EN,Federal Contract Tower,0,7,11,0,18,0,0,0,0,0,0,7,11,0,18,0,0,0,18
11/05/2010,IPT,PA,AEA,EN,Federal Contract Tower,0,11,4,0,15,0,0,13,0,13,0,11,17,0,28,26,0,26,54
11/06/2010,IPT,PA,AEA,EN,Federal Contract Tower,0,7,5,0,12,0,6,35,1,42,0,13,40,1,54,48,0,48,102
11/07/2010,IPT,PA,AEA,EN,Federal Contract Tower,0,4,8,0,12,0,0,20,2,22,0,4,28,2,34,8,0,8,42
11/08/2010,IPT,PA,AEA,EN,Federal Contract Tower,0,8,5,0,13,0,3,26,0,29,0,11,31,0,42,2,0,2,44
11/09/2010,IPT,PA,AEA,EN,Federal Contract Tower,0,10,8,0,18,0,5,14,2,21,0,15,22,2,39,8,0,8,47
11/10/2010,IPT,PA,AEA,EN,Federal Contract Tower,0,9,7,0,16,0,4,17,0,21,0,13,24,0,37,6,0,6,43
11/11/2010,IPT,PA,AEA,EN,Federal Contract Tower,1,11,15,0,27,0,2,25,0,27,1,13,40,0,54,10,0,10,64
11/12/2010,IPT,PA,AEA,EN,Federal Contract Tower,0,9,10,0,19,0,5,32,2,39,0,14,42,2,58,8,0,8,66
11/13/2010,IPT,PA,AEA,EN,Federal Contract Tower,0,10,13,0,23,0,0,50,0,50,0,10,63,0,73,34,0,34,107
11/14/2010,IPT,PA,AEA,EN,Federal Contract Tower,0,5,13,0,18,0,2,39,0,41,0,7,52,0,59,6,0,6,65
11/15/2010,IPT,PA,AEA,EN,Federal Contract Tower,0,6,7,0,13,0,5,18,0,23,0,11,25,0,36,8,0,8,44
11/16/2010,IPT,PA,AEA,EN,Federal Contract Tower,0,7,13,0,20,0,0,0,0,0,0,7,13,0,20,0,0,0,20
11/17/2010,IPT,PA,AEA,EN,Federal Contract Tower,0,8,8,0,16,0,1,10,0,11,0,9,18,0,27,8,0,8,35
11/18/2010,IPT,PA,AEA,EN,Federal Contract Tower,0,10,7,0,17,0,0,16,0,16,0,10,23,0,33,0,0,0,33
11/19/2010,IPT,PA,AEA,EN,Federal Contract Tower,0,13,5,0,18,0,1,33,0,34,0,14,38,0,52,0,0,0,52
11/20/2010,IPT,PA,AEA,EN,Federal Contract Tower,0,6,7,0,13,0,2,27,1,30,0,8,34,1,43,30,0,30,73
11/21/2010,IPT,PA,AEA,EN,Federal Contract Tower,0,4,9,1,14,0,2,30,0,32,0,6,39,1,46,14,0,14,60
11/22/2010,IPT,PA,AEA,EN,Federal Contract Tower,0,8,3,0,11,0,0,27,0,27,0,8,30,0,38,0,0,0,38
11/23/2010,IPT,PA,AEA,EN,Federal Contract Tower,0,13,9,0,22,0,0,9,0,9,0,13,18,0,31,16,0,16,47
11/24/2010,IPT,PA,AEA,EN,Federal Contract Tower,1,11,7,0,19,0,4,27,0,31,1,15,34,0,50,10,0,10,60
11/25/2010,IPT,PA,AEA,EN,Federal Contract Tower,0,2,1,0,3,0,0,0,0,0,0,2,1,0,3,0,0,0,3
11/26/2010,IPT,PA,AEA,EN,Federal Contract Tower,0,11,0,0,11,0,4,5,0,9,0,15,5,0,20,0,0,0,20
11/27/2010,IPT,PA,AEA,EN,Federal Contract Tower,0,7,8,0,15,0,2,19,0,21,0,9,27,0,36,20,0,20,56
11/28/2010,IPT,PA,AEA,EN,Federal Contract Tower,0,9,9,0,18,0,3,45,0,48,0,12,54,0,66,38,0,38,104
11/29/2010,IPT,PA,AEA,EN,Federal Contract Tower,0,8,7,0,15,0,5,27,0,32,0,13,34,0,47,24,0,24,71
11/30/2010,IPT,PA,AEA,EN,Federal Contract Tower,0,13,4,0,17,0,0,0,0,0,0,13,4,0,17,0,0,0,17
12/01/2010,IPT,PA,AEA,EN,Federal Contract Tower,0,8,4,0,12,0,0,0,0,0,0,8,4,0,12,0,0,0,12
12/02/2010,IPT,PA,AEA,EN,Federal Contract Tower,0,10,6,0,16,0,1,17,0,18,0,11,23,0,34,10,0,10,44
12/03/2010,IPT,PA,AEA,EN,Federal Contract Tower,0,13,9,0,22,0,5,30,0,35,0,18,39,0,57,20,0,20,77
12/04/2010,IPT,PA,AEA,EN,Federal Contract Tower,0,5,2,0,7,0,2,22,0,24,0,7,24,0,31,36,0,36,67
12/05/2010,IPT,PA,AEA,EN,Federal Contract Tower,0,4,1,0,5,0,2,10,0,12,0,6,11,0,17,0,0,0,17
12/06/2010,IPT,PA,AEA,EN,Federal Contract Tower,0,10,5,0,15,0,0,2,0,2,0,10,7,0,17,0,0,0,17
12/07/2010,IPT,PA,AEA,EN,Federal Contract Tower,11,4,0,0,15,0,3,9,0,12,11,7,9,0,27,6,0,6,33
12/08/2010,IPT,PA,AEA,EN,Federal Contract Tower,0,8,9,0,17,0,0,19,0,19,0,8,28,0,36,0,0,0,36
12/09/2010,IPT,PA,AEA,EN,Federal Contract Tower,0,9,13,0,22,0,2,33,0,35,0,11,46,0,57,6,0,6,63
12/10/2010,IPT,PA,AEA,EN,Federal Contract Tower,0,12,11,0,23,0,2,11,0,13,0,14,22,0,36,6,0,6,42
12/11/2010,IPT,PA,AEA,EN,Federal Contract Tower,0,5,4,0,9,0,0,25,3,28,0,5,29,3,37,46,0,46,83
12/12/2010,IPT,PA,AEA,EN,Federal Contract Tower,0,5,1,0,6,0,3,1,0,4,0,8,2,0,10,0,0,0,10
12/13/2010,IPT,PA,AEA,EN,Federal Contract Tower,0,10,4,0,14,0,2,5,0,7,0,12,9,0,21,2,0,2,23
12/14/2010,IPT,PA,AEA,EN,Federal Contract Tower,0,16,3,0,19,0,9,3,2,14,0,25,6,2,33,4,0,4,37
12/15/2010,IPT,PA,AEA,EN,Federal Contract Tower,0,13,11,0,24,0,3,14,0,17,0,16,25,0,41,0,0,0,41
12/16/2010,IPT,PA,AEA,EN,Federal Contract Tower,0,9,8,0,17,0,0,16,3,19,0,9,24,3,36,10,0,10,46
12/17/2010,IPT,PA,AEA,EN,Federal Contract Tower,0,9,5,0,14,0,3,14,0,17,0,12,19,0,31,0,0,0,31
12/18/2010,IPT,PA,AEA,EN,Federal Contract Tower,0,5,10,0,15,0,4,23,0,27,0,9,33,0,42,6,0,6,48
12/19/2010,IPT,PA,AEA,EN,Federal Contract Tower,0,5,3,0,8,0,2,19,0,21,0,7,22,0,29,10,0,10,39
12/20/2010,IPT,PA,AEA,EN,Federal Contract Tower,0,6,1,0,7,0,7,12,2,21,0,13,13,2,28,4,0,4,32
12/21/2010,IPT,PA,AEA,EN,Federal Contract Tower,0,9,15,0,24,0,1,19,2,22,0,10,34,2,46,8,0,8,54
12/22/2010,IPT,PA,AEA,EN,Federal Contract Tower,0,11,3,0,14,0,1,30,0,31,0,12,33,0,45,24,0,24,69
12/23/2010,IPT,PA,AEA,EN,Federal Contract Tower,0,10,6,0,16,0,4,12,0,16,0,14,18,0,32,0,0,0,32
12/24/2010,IPT,PA,AEA,EN,Federal Contract Tower,0,5,1,0,6,0,2,15,0,17,0,7,16,0,23,14,0,14,37
12/25/2010,IPT,PA,AEA,EN,Federal Contract Tower,0,3,1,0,4,0,7,0,0,7,0,10,1,0,11,22,0,22,33
12/26/2010,IPT,PA,AEA,EN,Federal Contract Tower,0,0,5,0,5,0,0,0,0,0,0,0,5,0,5,0,0,0,5
12/27/2010,IPT,PA,AEA,EN,Federal Contract Tower,0,5,2,0,7,0,4,10,0,14,0,9,12,0,21,0,0,0,21
12/28/2010,IPT,PA,AEA,EN,Federal Contract Tower,0,12,6,2,20,0,4,9,0,13,0,16,15,2,33,4,0,4,37
12/29/2010,IPT,PA,AEA,EN,Federal Contract Tower,0,11,7,0,18,0,7,31,0,38,0,18,38,0,56,14,0,14,70
12/30/2010,IPT,PA,AEA,EN,Federal Contract Tower,0,10,10,1,21,0,4,24,0,28,0,14,34,1,49,0,0,0,49
12/31/2010,IPT,PA,AEA,EN,Federal Contract Tower,0,8,4,0,12,0,2,18,0,20,0,10,22,0,32,26,0,26,58
01/01/2011,IPT,PA,AEA,EN,Federal Contract Tower,0,4,1,0,5,0,4,7,0,11,0,8,8,0,16,4,0,4,20
01/02/2011,IPT,PA,AEA,EN,Federal Contract Tower,0,8,6,0,14,0,5,28,0,33,0,13,34,0,47,4,0,4,51
01/03/2011,IPT,PA,AEA,EN,Federal Contract Tower,0,7,3,0,10,0,1,10,0,11,0,8,13,0,21,22,0,22,43
01/04/2011,IPT,PA,AEA,EN,Federal Contract Tower,0,9,2,0,11,0,1,25,1,27,0,10,27,1,38,6,2,8,46
01/05/2011,IPT,PA,AEA,EN,Federal Contract Tower,0,9,8,0,17,0,4,19,1,24,0,13,27,1,41,2,2,4,45
01/06/2011,IPT,PA,AEA,EN,Federal Contract Tower,0,8,6,0,14,0,4,11,0,15,0,12,17,0,29,6,0,6,35
01/07/2011,IPT,PA,AEA,EN,Federal Contract Tower,0,10,4,0,14,0,1,8,0,9,0,11,12,0,23,0,0,0,23
01/08/2011,IPT,PA,AEA,EN,Federal Contract Tower,0,7,2,0,9,0,2,0,0,2,0,9,2,0,11,0,0,0,11
01/09/2011,IPT,PA,AEA,EN,Federal Contract Tower,0,5,4,0,9,0,4,16,0,20,0,9,20,0,29,18,0,18,47
01/10/2011,IPT,PA,AEA,EN,Federal Contract Tower,0,9,4,0,13,0,6,26,0,32,0,15,30,0,45,18,0,18,63
01/11/2011,IPT,PA,AEA,EN,Federal Contract Tower,0,6,0,0,6,0,7,10,0,17,0,13,10,0,23,24,0,24,47
01/12/2011,IPT,PA,AEA,EN,Federal Contract Tower,0,4,9,0,13,0,0,0,0,0,0,4,9,0,13,0,0,0,13
01/13/2011,IPT,PA,AEA,EN,Federal Contract Tower,0,11,1,0,12,0,4,8,0,12,0,15,9,0,24,0,0,0,24
01/14/2011,IPT,PA,AEA,EN,Federal Contract Tower,0,9,6,0,15,0,5,18,0,23,0,14,24,0,38,4,0,4,42
01/15/2011,IPT,PA,AEA,EN,Federal Contract Tower,0,5,1,0,6,0,0,11,0,11,0,5,12,0,17,16,0,16,33
01/16/2011,IPT,PA,AEA,EN,Federal Contract Tower,0,5,3,0,8,0,0,27,0,27,0,5,30,0,35,8,0,8,43
01/17/2011,IPT,PA,AEA,EN,Federal Contract Tower,0,6,7,0,13,0,1,20,0,21,0,7,27,0,34,2,0,2,36
01/18/2011,IPT,PA,AEA,EN,Federal Contract Tower,0,13,10,0,23,0,0,0,0,0,0,13,10,0,23,0,0,0,23
01/19/2011,IPT,PA,AEA,EN,Federal Contract Tower,0,8,6,0,14,0,0,2,0,2,0,8,8,0,16,0,0,0,16
01/20/2011,IPT,PA,AEA,EN,Federal Contract Tower,0,11,5,0,16,0,3,15,0,18,0,14,20,0,34,16,0,16,50
01/21/2011,IPT,PA,AEA,EN,Federal Contract Tower,0,9,5,0,14,0,3,9,0,12,0,12,14,0,26,0,0,0,26
01/22/2011,IPT,PA,AEA,EN,Federal Contract Tower,0,6,14,0,20,0,2,26,2,30,0,8,40,2,50,4,0,4,54
01/23/2011,IPT,PA,AEA,EN,Federal Contract Tower,0,3,6,0,9,0,1,24,0,25,0,4,30,0,34,12,0,12,46
01/24/2011,IPT,PA,AEA,EN,Federal Contract Tower,0,7,3,0,10,0,4,9,0,13,0,11,12,0,23,0,0,0,23
01/25/2011,IPT,PA,AEA,EN,Federal Contract Tower,0,16,5,0,21,0,6,5,4,15,0,22,10,4,36,0,0,0,36
01/26/2011,IPT,PA,AEA,EN,Federal Contract Tower,0,8,3,0,11,0,0,0,0,0,0,8,3,0,11,0,0,0,11
01/27/2011,IPT,PA,AEA,EN,Federal Contract Tower,0,10,2,0,12,0,4,4,0,8,0,14,6,0,20,8,0,8,28
01/28/2011,IPT,PA,AEA,EN,Federal Contract Tower,0,9,0,0,9,0,0,0,0,0,0,9,0,0,9,0,0,0,9
01/29/2011,IPT,PA,AEA,EN,Federal Contract Tower,0,6,1,0,7,0,0,0,0,0,0,6,1,0,7,0,0,0,7
01/30/2011,IPT,PA,AEA,EN,Federal Contract Tower,0,6,1,0,7,0,0,8,0,8,0,6,9,0,15,20,0,20,35
01/31/2011,IPT,PA,AEA,EN,Federal Contract Tower,0,7,10,0,17,0,3,19,3,25,0,10,29,3,42,8,0,8,50
02/01/2011,IPT,PA,AEA,EN,Federal Contract Tower,0,6,4,0,10,0,0,0,0,0,0,6,4,0,10,0,0,0,10
02/02/2011,IPT,PA,AEA,EN,Federal Contract Tower,0,6,0,0,6,0,0,0,0,0,0,6,0,0,6,0,0,0,6
02/03/2011,IPT,PA,AEA,EN,Federal Contract Tower,0,11,7,0,18,0,5,31,0,36,0,16,38,0,54,16,0,16,70
02/04/2011,IPT,PA,AEA,EN,Federal Contract Tower,0,9,12,0,21,0,7,32,0,39,0,16,44,0,60,36,0,36,96
02/05/2011,IPT,PA,AEA,EN,Federal Contract Tower,0,7,2,0,9,0,0,0,0,0,0,7,2,0,9,0,0,0,9
02/06/2011,IPT,PA,AEA,EN,Federal Contract Tower,0,11,2,0,13,0,0,16,0,16,0,11,18,0,29,38,0,38,67
02/07/2011,IPT,PA,AEA,EN,Federal Contract Tower,0,10,14,0,24,0,0,10,0,10,0,10,24,0,34,0,0,0,34
02/08/2011,IPT,PA,AEA,EN,Federal Contract Tower,0,14,3,0,17,0,0,7,0,7,0,14,10,0,24,0,0,0,24
02/09/2011,IPT,PA,AEA,EN,Federal Contract Tower,0,12,7,0,19,0,7,26,0,33,0,19,33,0,52,0,0,0,52
02/10/2011,IPT,PA,AEA,EN,Federal Contract Tower,0,12,7,0,19,0,1,27,0,28,0,13,34,0,47,38,0,38,85
02/11/2011,IPT,PA,AEA,EN,Federal Contract Tower,0,11,7,0,18,0,6,27,0,33,0,17,34,0,51,30,0,30,81
02/12/2011,IPT,PA,AEA,EN,Federal Contract Tower,0,7,2,0,9,0,4,4,0,8,0,11,6,0,17,0,0,0,17
02/13/2011,IPT,PA,AEA,EN,Federal Contract Tower,0,5,3,0,8,0,0,20,0,20,0,5,23,0,28,16,0,16,44
02/14/2011,IPT,PA,AEA,EN,Federal Contract Tower,0,7,4,0,11,0,4,3,0,7,0,11,7,0,18,0,0,0,18
02/15/2011,IPT,PA,AEA,EN,Federal Contract Tower,0,9,0,0,9,0,4,31,5,40,0,13,31,5,49,8,0,8,57
02/16/2011,IPT,PA,AEA,EN,Federal Contract Tower,0,8,8,0,16,0,6,40,0,46,0,14,48,0,62,24,0,24,86
02/17/2011,IPT,PA,AEA,EN,Federal Contract Tower,0,9,13,2,24,0,10,29,0,39,0,19,42,2,63,8,0,8,71
02/18/2011,IPT,PA,AEA,EN,Federal Contract Tower,0,9,7,0,16,0,6,20,0,26,0,15,27,0,42,14,0,14,56
02/19/2011,IPT,PA,AEA,EN,Federal Contract Tower,0,5,3,0,8,0,0,0,0,0,0,5,3,0,8,0,0,0,8
02/20/2011,IPT,PA,AEA,EN,Federal Contract Tower,0,6,8,0,14,0,3,42,0,45,0,9,50,0,59,36,0,36,95
02/21/2011,IPT,PA,AEA,EN,Federal Contract Tower,0,7,1,0,8,0,2,3,0,5,0,9,4,0,13,0,0,0,13
02/22/2011,IPT,PA,AEA,EN,Federal Contract Tower,0,11,5,0,16,0,4,33,0,37,0,15,38,0,53,12,0,12,65
02/23/2011,IPT,PA,AEA,EN,Federal Contract Tower,0,10,5,2,17,0,0,24,0,24,0,10,29,2,41,6,0,6,47
02/24/2011,IPT,PA,AEA,EN,Federal Contract Tower,0,9,12,0,21,0,2,13,0,15,0,11,25,0,36,0,0,0,36
02/25/2011,IPT,PA,AEA,EN,Federal Contract Tower,0,10,1,0,11,0,2,2,0,4,0,12,3,0,15,0,0,0,15
02/26/2011,IPT,PA,AEA,EN,Federal Contract Tower,0,8,12,0,20,0,6,33,0,39,0,14,45,0,59,42,0,42,101
02/27/2011,IPT,PA,AEA,EN,Federal Contract Tower,0,8,2,0,10,0,2,15,0,17,0,10,17,0,27,2,0,2,29
02/28/2011,IPT,PA,AEA,EN,Federal Contract Tower,0,7,7,0,14,0,4,3,0,7,0,11,10,0,21,0,0,0,21
03/01/2011,IPT,PA,AEA,EN,Federal Contract Tower,0,11,8,0,19,0,2,37,1,40,0,13,45,1,59,16,2,18,77
03/02/2011,IPT,PA,AEA,EN,Federal Contract Tower,0,9,3,0,12,0,0,16,0,16,0,9,19,0,28,0,0,0,28
03/03/2011,IPT,PA,AEA,EN,Federal Contract Tower,0,12,3,0,15,0,1,22,0,23,0,13,25,0,38,18,0,18,56
03/04/2011,IPT,PA,AEA,EN,Federal Contract Tower,0,9,4,0,13,0,0,19,0,19,0,9,23,0,32,0,0,0,32
03/05/2011,IPT,PA,AEA,EN,Federal Contract Tower,0,10,7,0,17,0,0,10,0,10,0,10,17,0,27,0,0,0,27
03/06/2011,IPT,PA,AEA,EN,Federal Contract Tower,0,3,0,0,3,0,0,0,0,0,0,3,0,0,3,0,0,0,3
03/07/2011,IPT,PA,AEA,EN,Federal Contract Tower,0,7,4,0,11,0,3,8,2,13,0,10,12,2,24,18,0,18,42
03/08/2011,IPT,PA,AEA,EN,Federal Contract Tower,0,11,6,0,17,0,6,32,0,38,0,17,38,0,55,58,0,58,113
03/09/2011,IPT,PA,AEA,EN,Federal Contract Tower,0,10,6,0,16,0,0,0,0,0,0,10,6,0,16,22,0,22,38
03/10/2011,IPT,PA,AEA,EN,Federal Contract Tower,0,11,4,0,15,0,0,0,0,0,0,11,4,0,15,0,0,0,15
03/11/2011,IPT,PA,AEA,EN,Federal Contract Tower,0,12,10,0,22,0,1,1,0,2,0,13,11,0,24,0,0,0,24
03/12/2011,IPT,PA,AEA,EN,Federal Contract Tower,0,6,2,0,8,0,2,28,0,30,0,8,30,0,38,8,0,8,46
03/13/2011,IPT,PA,AEA,EN,Federal Contract Tower,0,6,2,0,8,0,8,16,0,24,0,14,18,0,32,14,0,14,46
03/14/2011,IPT,PA,AEA,EN,Federal Contract Tower,0,9,8,0,17,0,8,29,0,37,0,17,37,0,54,0,0,0,54
03/15/2011,IPT,PA,AEA,EN,Federal Contract Tower,0,11,5,1,17,0,0,21,1,22,0,11,26,2,39,16,0,16,55
03/16/2011,IPT,PA,AEA,EN,Federal Contract Tower,0,11,10,0,21,0,0,4,0,4,0,11,14,0,25,0,0,0,25
03/17/2011,IPT,PA,AEA,EN,Federal Contract Tower,0,9,14,2,25,0,4,28,2,34,0,13,42,4,59,0,0,0,59
03/18/2011,IPT,PA,AEA,EN,Federal Contract Tower,0,10,3,0,13,0,5,21,1,27,0,15,24,1,40,12,2,14,54
03/19/2011,IPT,PA,AEA,EN,Federal Contract Tower,0,5,3,0,8,0,1,31,0,32,0,6,34,0,40,4,0,4,44
03/20/2011,IPT,PA,AEA,EN,Federal Contract Tower,0,8,4,0,12,0,2,59,0,61,0,10,63,0,73,36,0,36,109
03/21/2011,IPT,PA,AEA,EN,Federal Contract Tower,0,9,12,0,21,0,0,0,0,0,0,9,12,0,21,0,0,0,21
03/22/2011,IPT,PA,AEA,EN,Federal Contract Tower,0,12,3,0,15,0,3,23,0,26,0,15,26,0,41,26,0,26,67
03/23/2011,IPT,PA,AEA,EN,Federal Contract Tower,0,3,11,0,14,0,0,0,0,0,0,3,11,0,14,0,0,0,14
03/24/2011,IPT,PA,AEA,EN,Federal Contract Tower,0,9,9,0,18,0,1,24,0,25,0,10,33,0,43,6,0,6,49
03/25/2011,IPT,PA,AEA,EN,Federal Contract Tower,0,10,12,0,22,0,8,32,0,40,0,18,44,0,62,2,0,2,64
03/26/2011,IPT,PA,AEA,EN,Federal Contract Tower,0,6,7,0,13,0,9,42,1,52,0,15,49,1,65,18,0,18,83
03/27/2011,IPT,PA,AEA,EN,Federal Contract Tower,0,5,4,0,9,0,1,26,2,29,0,6,30,2,38,16,0,16,54
03/28/2011,IPT,PA,AEA,EN,Federal Contract Tower,0,7,12,0,19,0,6,27,0,33,0,13,39,0,52,24,0,24,76
03/29/2011,IPT,PA,AEA,EN,Federal Contract Tower,0,13,7,1,21,0,1,31,1,33,0,14,38,2,54,28,0,28,82
03/30/2011,IPT,PA,AEA,EN,Federal Contract Tower,0,10,6,1,17,0,1,24,1,26,0,11,30,2,43,24,2,26,69
03/31/2011,IPT,PA,AEA,EN,Federal Contract Tower,0,8,5,0,13,0,0,0,0,0,0,8,5,0,13,0,0,0,13
04/01/2011,IPT,PA,AEA,EN,Federal Contract Tower,0,10,6,0,16,0,0,0,0,0,0,10,6,0,16,0,0,0,16
04/02/2011,IPT,PA,AEA,EN,Federal Contract Tower,0,6,6,0,12,0,2,16,0,18,0,8,22,0,30,0,0,0,30
04/03/2011,IPT,PA,AEA,EN,Federal Contract Tower,0,8,6,0,14,0,0,0,0,0,0,8,6,0,14,4,0,4,18
04/04/2011,IPT,PA,AEA,EN,Federal Contract Tower,0,6,5,0,11,0,2,1,0,3,0,8,6,0,14,0,0,0,14
04/05/2011,IPT,PA,AEA,EN,Federal Contract Tower,0,10,2,0,12,0,1,5,0,6,0,11,7,0,18,0,0,0,18
04/06/2011,IPT,PA,AEA,EN,Federal Contract Tower,0,13,9,0,22,0,1,6,0,7,0,14,15,0,29,0,0,0,29
04/07/2011,IPT,PA,AEA,EN,Federal Contract Tower,0,8,17,0,25,0,0,0,0,0,0,8,17,0,25,4,0,4,29
04/08/2011,IPT,PA,AEA,EN,Federal Contract Tower,0,19,6,0,25,0,0,11,0,11,0,19,17,0,36,0,0,0,36
04/09/2011,IPT,PA,AEA,EN,Federal Contract Tower,0,7,14,0,21,0,3,10,2,15,0,10,24,2,36,0,6,6,42
04/10/2011,IPT,PA,AEA,EN,Federal Contract Tower,0,4,14,0,18,0,1,4,0,5,0,5,18,0,23,10,0,10,33
04/11/2011,IPT,PA,AEA,EN,Federal Contract Tower,0,6,6,0,12,0,3,7,0,10,0,9,13,0,22,0,0,0,22
04/12/2011,IPT,PA,AEA,EN,Federal Contract Tower,0,7,6,0,13,0,4,8,1,13,0,11,14,1,26,0,0,0,26
04/13/2011,IPT,PA,AEA,EN,Federal Contract Tower,0,7,12,4,23,0,0,13,1,14,0,7,25,5,37,8,0,8,45
04/14/2011,IPT,PA,AEA,EN,Federal Contract Tower,0,10,13,0,23,0,0,68,0,68,0,10,81,0,91,30,0,30,121
04/15/2011,IPT,PA,AEA,EN,Federal Contract Tower,0,14,9,0,23,0,1,24,0,25,0,15,33,0,48,12,0,12,60
04/16/2011,IPT,PA,AEA,EN,Federal Contract Tower,0,7,1,0,8,0,0,0,0,0,0,7,1,0,8,0,0,0,8
04/17/2011,IPT,PA,AEA,EN,Federal Contract Tower,0,6,4,0,10,0,3,5,0,8,0,9,9,0,18,12,0,12,30
04/18/2011,IPT,PA,AEA,EN,Federal Contract Tower,10,6,0,0,16,0,12,11,0,23,10,18,11,0,39,8,0,8,47
04/19/2011,IPT,PA,AEA,EN,Federal Contract Tower,0,10,12,0,22,0,1,4,0,5,0,11,16,0,27,0,0,0,27
04/20/2011,IPT,PA,AEA,EN,Federal Contract Tower,0,8,11,0,19,0,0,19,0,19,0,8,30,0,38,4,0,4,42
04/21/2011,IPT,PA,AEA,EN,Federal Contract Tower,0,11,8,0,19,0,3,20,2,25,0,14,28,2,44,0,0,0,44
04/22/2011,IPT,PA,AEA,EN,Federal Contract Tower,0,9,19,0,28,0,5,12,0,17,0,14,31,0,45,0,0,0,45
04/23/2011,IPT,PA,AEA,EN,Federal Contract Tower,0,7,6,0,13,0,0,6,0,6,0,7,12,0,19,0,0,0,19
04/24/2011,IPT,PA,AEA,EN,Federal Contract Tower,0,7,5,0,12,0,0,5,0,5,0,7,10,0,17,0,0,0,17
04/25/2011,IPT,PA,AEA,EN,Federal Contract Tower,0,7,7,0,14,0,8,25,0,33,0,15,32,0,47,8,0,8,55
04/26/2011,IPT,PA,AEA,EN,Federal Contract Tower,0,9,7,0,16,0,0,30,0,30,0,9,37,0,46,0,0,0,46
04/27/2011,IPT,PA,AEA,EN,Federal Contract Tower,0,8,10,0,18,0,2,12,0,14,0,10,22,0,32,8,0,8,40
04/28/2011,IPT,PA,AEA,EN,Federal Contract Tower,0,8,9,2,19,0,7,14,0,21,0,15,23,2,40,0,0,0,40
04/29/2011,IPT,PA,AEA,EN,Federal Contract Tower,0,15,11,0,26,0,4,41,2,47,0,19,52,2,73,44,0,44,117
04/30/2011,IPT,PA,AEA,EN,Federal Contract Tower,0,8,4,0,12,0,2,53,0,55,0,10,57,0,67,56,0,56,123
05/01/2011,IPT,PA,AEA,EN,Federal Contract Tower,0,7,4,0,11,0,1,35,0,36,0,8,39,0,47,24,0,24,71
05/02/2011,IPT,PA,AEA,EN,Federal Contract Tower,0,9,11,0,20,0,0,0,0,0,0,9,11,0,20,6,0,6,26
05/03/2011,IPT,PA,AEA,EN,Federal Contract Tower,0,9,14,2,25,0,0,9,0,9,0,9,23,2,34,2,12,14,48
05/04/2011,IPT,PA,AEA,EN,Federal Contract Tower,0,9,16,0,25,0,6,10,0,16,0,15,26,0,41,16,0,16,57
05/05/2011,IPT,PA,AEA,EN,Federal Contract Tower,0,9,3,0,12,0,2,20,0,22,0,11,23,0,34,14,0,14,48
05/06/2011,IPT,PA,AEA,EN,Federal Contract Tower,0,9,9,0,18,0,2,45,0,47,0,11,54,0,65,22,0,22,87
05/07/2011,IPT,PA,AEA,EN,Federal Contract Tower,0,5,5,0,10,0,6,24,1,31,0,11,29,1,41,0,0,0,41
05/08/2011,IPT,PA,AEA,EN,Federal Contract Tower,0,6,8,0,14,0,1,36,0,37,0,7,44,0,51,6,0,6,57
05/09/2011,IPT,PA,AEA,EN,Federal Contract Tower,0,7,5,0,12,0,3,34,0,37,0,10,39,0,49,14,0,14,63
05/10/2011,IPT,PA,AEA,EN,Federal Contract Tower,0,10,4,0,14,0,5,34,6,45,0,15,38,6,59,2,0,2,61
05/11/2011,IPT,PA,AEA,EN,Federal Contract Tower,0,9,13,0,22,0,2,41,0,43,0,11,54,0,65,20,0,20,85
05/12/2011,IPT,PA,AEA,EN,Federal Contract Tower,0,10,11,0,21,0,6,37,0,43,0,16,48,0,64,18,0,18,82
05/13/2011,IPT,PA,AEA,EN,Federal Contract Tower,0,9,11,2,22,0,7,12,0,19,0,16,23,2,41,0,0,0,41
05/14/2011,IPT,PA,AEA,EN,Federal Contract Tower,0,5,14,0,19,0,0,3,0,3,0,5,17,0,22,0,0,0,22
05/15/2011,IPT,PA,AEA,EN,Federal Contract Tower,0,3,7,0,10,0,0,5,0,5,0,3,12,0,15,0,0,0,15
05/16/2011,IPT,PA,AEA,EN,Federal Contract Tower,0,8,7,0,15,0,0,12,0,12,0,8,19,0,27,36,0,36,63
05/17/2011,IPT,PA,AEA,EN,Federal Contract Tower,0,8,9,0,17,0,0,2,0,2,0,8,11,0,19,0,0,0,19
05/18/2011,IPT,PA,AEA,EN,Federal Contract Tower,0,13,15,0,28,0,0,14,0,14,0,13,29,0,42,4,0,4,46
05/19/2011,IPT,PA,AEA,EN,Federal Contract Tower,0,15,8,0,23,0,5,14,0,19,0,20,22,0,42,0,0,0,42
05/20/2011,IPT,PA,AEA,EN,Federal Contract Tower,0,8,10,0,18,0,1,22,0,23,0,9,32,0,41,0,0,0,41
05/21/2011,IPT,PA,AEA,EN,Federal Contract Tower,0,7,18,0,25,0,2,44,0,46,0,9,62,0,71,6,0,6,77
05/22/2011,IPT,PA,AEA,EN,Federal Contract Tower,0,6,7,0,13,0,4,13,1,18,0,10,20,1,31,4,0,4,35
05/23/2011,IPT,PA,AEA,EN,Federal Contract Tower,0,6,16,0,22,0,2,5,0,7,0,8,21,0,29,0,0,0,29
05/24/2011,IPT,PA,AEA,EN,Federal Contract Tower,0,10,15,0,25,0,2,28,0,30,0,12,43,0,55,2,0,2,57
05/25/2011,IPT,PA,AEA,EN,Federal Contract Tower,0,11,15,0,26,0,0,47,0,47,0,11,62,0,73,0,0,0,73
05/26/2011,IPT,PA,AEA,EN,Federal Contract Tower,0,8,10,1,19,0,2,28,1,31,0,10,38,2,50,28,0,28,78
05/27/2011,IPT,PA,AEA,EN,Federal Contract Tower,0,11,5,0,16,0,2,26,0,28,0,13,31,0,44,0,0,0,44
05/28/2011,IPT,PA,AEA,EN,Federal Contract Tower,0,8,8,0,16,0,4,10,0,14,0,12,18,0,30,0,0,0,30
05/29/2011,IPT,PA,AEA,EN,Federal Contract Tower,0,3,8,0,11,0,9,33,0,42,0,12,41,0,53,10,0,10,63
05/30/2011,IPT,PA,AEA,EN,Federal Contract Tower,0,7,1,0,8,0,5,34,0,39,0,12,35,0,47,0,0,0,47
05/31/2011,IPT,PA,AEA,EN,Federal Contract Tower,0,7,11,0,18,0,6,32,0,38,0,13,43,0,56,4,0,4,60
06/01/2011,IPT,PA,AEA,EN,Federal Contract Tower,0,17,11,0,28,0,11,38,0,49,0,28,49,0,77,2,0,2,79
06/02/2011,IPT,PA,AEA,EN,Federal Contract Tower,0,14,3,0,17,0,3,47,0,50,0,17,50,0,67,20,0,20,87
06/03/2011,IPT,PA,AEA,EN,Federal Contract Tower,2,9,16,0,27,0,1,42,0,43,2,10,58,0,70,6,0,6,76
06/04/2011,IPT,PA,AEA,EN,Federal Contract Tower,2,13,17,0,32,0,6,37,0,43,2,19,54,0,75,26,0,26,101
06/05/2011,IPT,PA,AEA,EN,Federal Contract Tower,0,8,7,0,15,0,2,27,2,31,0,10,34,2,46,44,0,44,90
06/06/2011,IPT,PA,AEA,EN,Federal Contract Tower,0,7,4,0,11,0,4,49,0,53,0,11,53,0,64,20,0,20,84
06/07/2011,IPT,PA,AEA,EN,Federal Contract Tower,0,9,5,0,14,0,1,25,0,26,0,10,30,0,40,16,0,16,56
06/08/2011,IPT,PA,AEA,EN,Federal Contract Tower,0,14,14,0,28,0,7,38,2,47,0,21,52,2,75,10,0,10,85
06/09/2011,IPT,PA,AEA,EN,Federal Contract Tower,2,7,9,1,19,0,4,12,1,17,2,11,21,2,36,0,0,0,36
06/10/2011,IPT,PA,AEA,EN,Federal Contract Tower,0,5,9,1,15,0,5,22,0,27,0,10,31,1,42,16,0,16,58
06/11/2011,IPT,PA,AEA,EN,Federal Contract Tower,0,9,9,0,18,0,2,11,0,13,0,11,20,0,31,0,0,0,31
06/12/2011,IPT,PA,AEA,EN,Federal Contract Tower,0,8,7,2,17,0,5,26,0,31,0,13,33,2,48,6,0,6,54
06/13/2011,IPT,PA,AEA,EN,Federal Contract Tower,0,14,4,0,18,0,3,30,0,33,0,17,34,0,51,10,0,10,61
06/14/2011,IPT,PA,AEA,EN,Federal Contract Tower,0,11,2,0,13,0,9,18,0,27,0,20,20,0,40,0,0,0,40
06/15/2011,IPT,PA,AEA,EN,Federal Contract Tower,0,10,6,0,16,0,4,50,3,57,0,14,56,3,73,2,0,2,75
06/16/2011,IPT,PA,AEA,EN,Federal Contract Tower,0,10,9,0,19,0,3,14,0,17,0,13,23,0,36,6,0,6,42
06/17/2011,IPT,PA,AEA,EN,Federal Contract Tower,0,9,7,0,16,0,5,19,0,24,0,14,26,0,40,0,0,0,40
06/18/2011,IPT,PA,AEA,EN,Federal Contract Tower,0,6,11,0,17,0,7,22,0,29,0,13,33,0,46,16,0,16,62
06/19/2011,IPT,PA,AEA,EN,Federal Contract Tower,0,6,3,0,9,0,17,35,1,53,0,23,38,1,62,8,0,8,70
06/20/2011,IPT,PA,AEA,EN,Federal Contract Tower,0,8,3,0,11,0,4,35,0,39,0,12,38,0,50,4,0,4,54
06/21/2011,IPT,PA,AEA,EN,Federal Contract Tower,0,14,6,0,20,0,0,28,2,30,0,14,34,2,50,0,0,0,50
06/22/2011,IPT,PA,AEA,EN,Federal Contract Tower,0,14,6,0,20,0,10,13,0,23,0,24,19,0,43,8,0,8,51
06/23/2011,IPT,PA,AEA,EN,Federal Contract Tower,0,14,13,1,28,0,7,21,5,33,0,21,34,6,61,6,0,6,67
06/24/2011,IPT,PA,AEA,EN,Federal Contract Tower,0,7,10,0,17,0,1,26,0,27,0,8,36,0,44,10,0,10,54
06/25/2011,IPT,PA,AEA,EN,Federal Contract Tower,0,5,14,0,19,0,3,33,2,38,0,8,47,2,57,16,0,16,73
06/26/2011,IPT,PA,AEA,EN,Federal Contract Tower,0,7,18,0,25,0,0,38,0,38,0,7,56,0,63,10,0,10,73
06/27/2011,IPT,PA,AEA,EN,Federal Contract Tower,0,9,11,0,20,0,0,0,0,0,0,9,11,0,20,0,0,0,20
06/28/2011,IPT,PA,AEA,EN,Federal Contract Tower,0,10,12,0,22,0,10,14,0,24,0,20,26,0,46,2,0,2,48
06/29/2011,IPT,PA,AEA,EN,Federal Contract Tower,0,11,11,4,26,0,0,0,0,0,0,11,11,4,26,0,0,0,26
06/30/2011,IPT,PA,AEA,EN,Federal Contract Tower,0,11,13,1,25,0,10,42,1,53,0,21,55,2,78,10,0,10,88
07/01/2011,IPT,PA,AEA,EN,Federal Contract Tower,0,9,6,0,15,0,5,61,1,67,0,14,67,1,82,34,0,34,116
07/02/2011,IPT,PA,AEA,EN,Federal Contract Tower,0,7,4,0,11,0,2,54,0,56,0,9,58,0,67,38,0,38,105
07/03/2011,IPT,PA,AEA,EN,Federal Contract Tower,0,3,4,0,7,0,2,34,0,36,0,5,38,0,43,0,0,0,43
07/04/2011,IPT,PA,AEA,EN,Federal Contract Tower,0,7,4,0,11,0,2,44,0,46,0,9,48,0,57,4,0,4,61
07/05/2011,IPT,PA,AEA,EN,Federal Contract Tower,0,9,4,1,14,0,5,37,2,44,0,14,41,3,58,0,0,0,58
07/06/2011,IPT,PA,AEA,EN,Federal Contract Tower,0,8,7,0,15,0,42,4,0,46,0,50,11,0,61,18,0,18,79
07/07/2011,IPT,PA,AEA,EN,Federal Contract Tower,0,8,7,0,15,0,4,35,2,41,0,12,42,2,56,12,0,12,68
07/08/2011,IPT,PA,AEA,EN,Federal Contract Tower,0,6,16,0,22,0,6,27,0,33,0,12,43,0,55,8,0,8,63
07/09/2011,IPT,PA,AEA,EN,Federal Contract Tower,0,6,6,0,12,0,2,56,0,58,0,8,62,0,70,2,0,2,72
07/10/2011,IPT,PA,AEA,EN,Federal Contract Tower,0,6,6,0,12,0,4,37,0,41,0,10,43,0,53,2,0,2,55
07/11/2011,IPT,PA,AEA,EN,Federal Contract Tower,0,11,10,0,21,0,8,33,5,46,0,19,43,5,67,6,0,6,73
07/12/2011,IPT,PA,AEA,EN,Federal Contract Tower,0,8,10,2,20,0,6,35,2,43,0,14,45,4,63,6,0,6,69
07/13/2011,IPT,PA,AEA,EN,Federal Contract Tower,0,9,13,0,22,0,2,38,0,40,0,11,51,0,62,12,0,12,74
07/14/2011,IPT,PA,AEA,EN,Federal Contract Tower,0,10,8,0,18,0,2,44,4,50,0,12,52,4,68,40,0,40,108
07/15/2011,IPT,PA,AEA,EN,Federal Contract Tower,0,13,10,0,23,0,0,45,2,47,0,13,55,2,70,0,0,0,70
07/16/2011,IPT,PA,AEA,EN,Federal Contract Tower,0,7,2,0,9,0,6,54,0,60,0,13,56,0,69,4,0,4,73
07/17/2011,IPT,PA,AEA,EN,Federal Contract Tower,0,8,11,2,21,0,3,37,0,40,0,11,48,2,61,0,0,0,61
07/18/2011,IPT,PA,AEA,EN,Federal Contract Tower,0,10,10,0,20,0,1,16,0,17,0,11,26,0,37,4,0,4,41
07/19/2011,IPT,PA,AEA,EN,Federal Contract Tower,0,11,6,0,17,0,5,30,0,35,0,16,36,0,52,28,0,28,80
07/20/2011,IPT,PA,AEA,EN,Federal Contract Tower,0,14,14,2,30,0,0,45,0,45,0,14,59,2,75,28,2,30,105
07/21/2011,IPT,PA,AEA,EN,Federal Contract Tower,0,9,18,0,27,0,0,40,4,44,0,9,58,4,71,24,4,28,99
07/22/2011,IPT,PA,AEA,EN,Federal Contract Tower,0,6,10,0,16,0,3,38,0,41,0,9,48,0,57,4,0,4,61
07/23/2011,IPT,PA,AEA,EN,Federal Contract Tower,0,4,6,0,10,0,5,41,0,46,0,9,47,0,56,14,0,14,70
07/24/2011,IPT,PA,AEA,EN,Federal Contract Tower,0,5,7,0,12,0,3,23,0,26,0,8,30,0,38,0,0,0,38
07/25/2011,IPT,PA,AEA,EN,Federal Contract Tower,0,7,8,0,15,0,0,19,0,19,0,7,27,0,34,4,0,4,38
07/26/2011,IPT,PA,AEA,EN,Federal Contract Tower,0,9,12,0,21,0,5,43,0,48,0,14,55,0,69,0,0,0,69
07/27/2011,IPT,PA,AEA,EN,Federal Contract Tower,0,13,15,0,28,0,6,57,2,65,0,19,72,2,93,22,0,22,115
07/28/2011,IPT,PA,AEA,EN,Federal Contract Tower,0,9,11,0,20,0,3,28,0,31,0,12,39,0,51,14,0,14,65
07/29/2011,IPT,PA,AEA,EN,Federal Contract Tower,0,8,12,0,20,0,1,20,0,21,0,9,32,0,41,40,0,40,81
07/30/2011,IPT,PA,AEA,EN,Federal Contract Tower,0,6,8,0,14,0,6,37,6,49,0,12,45,6,63,2,4,6,69
07/31/2011,IPT,PA,AEA,EN,Federal Contract Tower,0,4,6,0,10,0,6,32,0,38,0,10,38,0,48,32,0,32,80
08/01/2011,IPT,PA,AEA,EN,Federal Contract Tower,0,8,6,0,14,0,1,27,2,30,0,9,33,2,44,0,0,0,44
08/02/2011,IPT,PA,AEA,EN,Federal Contract Tower,0,9,22,0,31,0,2,51,0,53,0,11,73,0,84,0,0,0,84
08/03/2011,IPT,PA,AEA,EN,Federal Contract Tower,0,10,17,0,27,0,7,17,0,24,0,17,34,0,51,0,0,0,51
08/04/2011,IPT,PA,AEA,EN,Federal Contract Tower,0,10,11,2,23,0,2,32,0,34,0,12,43,2,57,6,0,6,63
08/05/2011,IPT,PA,AEA,EN,Federal Contract Tower,0,9,6,2,17,0,0,0,0,0,0,9,6,2,17,12,0,12,29
08/06/2011,IPT,PA,AEA,EN,Federal Contract Tower,0,7,6,0,13,0,0,0,0,0,0,7,6,0,13,0,0,0,13
08/07/2011,IPT,PA,AEA,EN,Federal Contract Tower,0,5,6,0,11,0,0,16,0,16,0,5,22,0,27,0,0,0,27
08/08/2011,IPT,PA,AEA,EN,Federal Contract Tower,0,11,11,0,22,0,3,31,0,34,0,14,42,0,56,0,0,0,56
08/09/2011,IPT,PA,AEA,EN,Federal Contract Tower,0,9,8,0,17,0,0,12,0,12,0,9,20,0,29,0,0,0,29
08/10/2011,IPT,PA,AEA,EN,Federal Contract Tower,0,14,2,0,16,0,0,30,0,30,0,14,32,0,46,6,0,6,52
08/11/2011,IPT,PA,AEA,EN,Federal Contract Tower,0,13,7,0,20,0,32,4,0,36,0,45,11,0,56,10,0,10,66
08/12/2011,IPT,PA,AEA,EN,Federal Contract Tower,0,14,5,0,19,0,2,40,0,42,0,16,45,0,61,0,0,0,61
08/13/2011,IPT,PA,AEA,EN,Federal Contract Tower,0,7,11,0,18,0,2,37,0,39,0,9,48,0,57,34,0,34,91
08/14/2011,IPT,PA,AEA,EN,Federal Contract Tower,0,3,10,0,13,0,0,2,0,2,0,3,12,0,15,0,0,0,15
08/15/2011,IPT,PA,AEA,EN,Federal Contract Tower,0,4,8,0,12,0,2,5,0,7,0,6,13,0,19,0,0,0,19
08/16/2011,IPT,PA,AEA,EN,Federal Contract Tower,14,10,0,0,24,0,0,29,7,36,14,10,29,7,60,6,0,6,66
08/17/2011,IPT,PA,AEA,EN,Federal Contract Tower,0,13,12,1,26,0,3,57,2,62,0,16,69,3,88,22,4,26,114
08/18/2011,IPT,PA,AEA,EN,Federal Contract Tower,0,10,11,0,21,0,3,36,0,39,0,13,47,0,60,0,0,0,60
08/19/2011,IPT,PA,AEA,EN,Federal Contract Tower,0,7,12,1,20,0,6,15,1,22,0,13,27,2,42,0,0,0,42
08/20/2011,IPT,PA,AEA,EN,Federal Contract Tower,0,6,11,0,17,0,5,30,2,37,0,11,41,2,54,0,0,0,54
08/21/2011,IPT,PA,AEA,EN,Federal Contract Tower,0,4,10,0,14,0,2,22,0,24,0,6,32,0,38,0,0,0,38
08/22/2011,IPT,PA,AEA,EN,Federal Contract Tower,0,8,7,1,16,0,1,43,0,44,0,9,50,1,60,6,0,6,66
08/23/2011,IPT,PA,AEA,EN,Federal Contract Tower,0,11,5,0,16,0,8,44,4,56,0,19,49,4,72,70,0,70,142
08/24/2011,IPT,PA,AEA,EN,Federal Contract Tower,0,9,6,3,18,0,4,20,2,26,0,13,26,5,44,0,0,0,44
08/25/2011,IPT,PA,AEA,EN,Federal Contract Tower,0,7,11,0,18,0,0,11,0,11,0,7,22,0,29,0,2,2,31
08/26/2011,IPT,PA,AEA,EN,Federal Contract Tower,0,11,15,0,26,0,5,60,0,65,0,16,75,0,91,20,0,20,111
08/27/2011,IPT,PA,AEA,EN,Federal Contract Tower,0,6,8,0,14,0,1,17,0,18,0,7,25,0,32,0,0,0,32
08/28/2011,IPT,PA,AEA,EN,Federal Contract Tower,0,1,1,0,2,0,5,10,0,15,0,6,11,0,17,0,0,0,17
08/29/2011,IPT,PA,AEA,EN,Federal Contract Tower,14,6,0,0,20,0,0,73,0,73,14,6,73,0,93,12,0,12,105
08/30/2011,IPT,PA,AEA,EN,Federal Contract Tower,0,15,17,0,32,0,2,40,0,42,0,17,57,0,74,6,0,6,80
08/31/2011,IPT,PA,AEA,EN,Federal Contract Tower,0,12,8,3,23,0,0,0,0,0,0,12,8,3,23,28,8,36,59
09/01/2011,IPT,PA,AEA,EN,Federal Contract Tower,0,16,22,0,38,0,3,36,0,39,0,19,58,0,77,20,0,20,97
09/02/2011,IPT,PA,AEA,EN,Federal Contract Tower,0,9,12,0,21,0,0,35,0,35,0,9,47,0,56,38,0,38,94
09/03/2011,IPT,PA,AEA,EN,Federal Contract Tower,0,6,7,0,13,0,0,35,0,35,0,6,42,0,48,14,0,14,62
09/04/2011,IPT,PA,AEA,EN,Federal Contract Tower,0,5,1,0,6,0,2,11,0,13,0,7,12,0,19,0,0,0,19
09/05/2011,IPT,PA,AEA,EN,Federal Contract Tower,0,7,8,0,15,0,0,1,0,1,0,7,9,0,16,0,0,0,16
09/06/2011,IPT,PA,AEA,EN,Federal Contract Tower,0,7,9,0,16,0,2,0,0,2,0,9,9,0,18,0,0,0,18
09/07/2011,IPT,PA,AEA,EN,Federal Contract Tower,0,8,9,0,17,0,0,3,0,3,0,8,12,0,20,0,0,0,20
09/08/2011,IPT,PA,AEA,EN,Federal Contract Tower,0,2,2,1,5,0,8,51,14,73,0,10,53,15,78,18,0,18,96
09/09/2011,IPT,PA,AEA,EN,Federal Contract Tower,0,6,4,0,10,0,2,45,10,57,0,8,49,10,67,0,0,0,67
09/10/2011,IPT,PA,AEA,EN,Federal Contract Tower,0,2,4,0,6,0,7,47,2,56,0,9,51,2,62,18,0,18,80
09/11/2011,IPT,PA,AEA,EN,Federal Contract Tower,0,5,2,0,7,0,0,11,0,11,0,5,13,0,18,0,0,0,18
09/12/2011,IPT,PA,AEA,EN,Federal Contract Tower,0,7,7,0,14,0,3,24,0,27,0,10,31,0,41,4,0,4,45
09/13/2011,IPT,PA,AEA,EN,Federal Contract Tower,0,9,14,0,23,0,2,22,1,25,0,11,36,1,48,8,0,8,56
09/14/2011,IPT,PA,AEA,EN,Federal Contract Tower,0,11,14,0,25,0,3,17,2,22,0,14,31,2,47,0,0,0,47
09/15/2011,IPT,PA,AEA,EN,Federal Contract Tower,0,9,8,3,20,0,0,6,0,6,0,9,14,3,26,0,8,8,34
09/16/2011,IPT,PA,AEA,EN,Federal Contract Tower,0,9,10,0,19,0,4,73,2,79,0,13,83,2,98,2,0,2,100
09/17/2011,IPT,PA,AEA,EN,Federal Contract Tower,0,7,6,0,13,0,4,122,1,127,0,11,128,1,140,10,2,12,152
09/18/2011,IPT,PA,AEA,EN,Federal Contract Tower,0,7,11,0,18,0,2,157,0,159,0,9,168,0,177,6,0,6,183
09/19/2011,IPT,PA,AEA,EN,Federal Contract Tower,0,11,3,0,14,0,11,40,0,51,0,22,43,0,65,18,0,18,83
09/20/2011,IPT,PA,AEA,EN,Federal Contract Tower,0,11,8,0,19,0,3,7,0,10,0,14,15,0,29,0,0,0,29
09/21/2011,IPT,PA,AEA,EN,Federal Contract Tower,2,12,12,0,26,0,1,8,0,9,2,13,20,0,35,0,0,0,35
09/22/2011,IPT,PA,AEA,EN,Federal Contract Tower,0,10,11,0,21,0,2,24,0,26,0,12,35,0,47,12,0,12,59
09/23/2011,IPT,PA,AEA,EN,Federal Contract Tower,0,7,9,0,16,0,0,0,0,0,0,7,9,0,16,0,0,0,16
09/24/2011,IPT,PA,AEA,EN,Federal Contract Tower,0,8,12,0,20,0,4,18,0,22,0,12,30,0,42,6,0,6,48
09/25/2011,IPT,PA,AEA,EN,Federal Contract Tower,0,7,10,0,17,0,3,45,0,48,0,10,55,0,65,6,0,6,71
09/26/2011,IPT,PA,AEA,EN,Federal Contract Tower,0,8,5,0,13,0,0,26,0,26,0,8,31,0,39,0,0,0,39
09/27/2011,IPT,PA,AEA,EN,Federal Contract Tower,0,11,7,0,18,0,0,5,0,5,0,11,12,0,23,0,0,0,23
09/28/2011,IPT,PA,AEA,EN,Federal Contract Tower,0,12,13,0,25,0,1,6,0,7,0,13,19,0,32,8,0,8,40
09/29/2011,IPT,PA,AEA,EN,Federal Contract Tower,0,7,13,0,20,0,2,15,0,17,0,9,28,0,37,8,0,8,45
09/30/2011,IPT,PA,AEA,EN,Federal Contract Tower,0,17,11,1,29,0,53,2,0,55,0,70,13,1,84,2,0,2,86
10/01/2011,IPT,PA,AEA,EN,Federal Contract Tower,0,14,19,0,33,0,7,12,0,19,0,21,31,0,52,0,0,0,52
10/02/2011,IPT,PA,AEA,EN,Federal Contract Tower,0,3,7,0,10,0,0,1,0,1,0,3,8,0,11,0,0,0,11
10/03/2011,IPT,PA,AEA,EN,Federal Contract Tower,0,10,7,0,17,0,5,8,0,13,0,15,15,0,30,0,0,0,30
10/04/2011,IPT,PA,AEA,EN,Federal Contract Tower,0,9,14,0,23,0,1,22,2,25,0,10,36,2,48,36,0,36,84
10/05/2011,IPT,PA,AEA,EN,Federal Contract Tower,0,11,18,0,29,0,1,53,3,57,0,12,71,3,86,4,2,6,92
10/06/2011,IPT,PA,AEA,EN,Federal Contract Tower,0,10,6,0,16,0,2,37,1,40,0,12,43,1,56,28,2,30,86
10/07/2011,IPT,PA,AEA,EN,Federal Contract Tower,0,9,8,3,20,0,4,42,3,49,0,13,50,6,69,2,4,6,75
10/08/2011,IPT,PA,AEA,EN,Federal Contract Tower,0,6,6,0,12,0,5,49,0,54,0,11,55,0,66,24,0,24,90
10/09/2011,IPT,PA,AEA,EN,Federal Contract Tower,0,6,3,0,9,0,3,31,0,34,0,9,34,0,43,0,0,0,43
10/10/2011,IPT,PA,AEA,EN,Federal Contract Tower,0,9,8,0,17,0,0,38,0,38,0,9,46,0,55,28,0,28,83
10/11/2011,IPT,PA,AEA,EN,Federal Contract Tower,0,10,6,0,16,0,3,28,2,33,0,13,34,2,49,32,0,32,81
10/12/2011,IPT,PA,AEA,EN,Federal Contract Tower,0,8,6,0,14,0,2,0,0,2,0,10,6,0,16,0,0,0,16
10/13/2011,IPT,PA,AEA,EN,Federal Contract Tower,0,7,5,0,12,0,0,0,0,0,0,7,5,0,12,0,0,0,12
10/14/2011,IPT,PA,AEA,EN,Federal Contract Tower,0,9,4,0,13,0,1,1,0,2,0,10,5,0,15,0,0,0,15
10/15/2011,IPT,PA,AEA,EN,Federal Contract Tower,0,8,6,0,14,0,2,14,2,18,0,10,20,2,32,2,0,2,34
10/16/2011,IPT,PA,AEA,EN,Federal Contract Tower,0,8,4,0,12,0,2,22,0,24,0,10,26,0,36,0,0,0,36
10/17/2011,IPT,PA,AEA,EN,Federal Contract Tower,0,8,7,0,15,0,5,40,0,45,0,13,47,0,60,0,0,0,60
10/18/2011,IPT,PA,AEA,EN,Federal Contract Tower,0,12,10,0,22,0,6,41,2,49,0,18,51,2,71,44,0,44,115
10/19/2011,IPT,PA,AEA,EN,Federal Contract Tower,0,8,11,0,19,0,2,9,0,11,0,10,20,0,30,0,0,0,30
10/20/2011,IPT,PA,AEA,EN,Federal Contract Tower,0,10,8,0,18,0,3,15,0,18,0,13,23,0,36,0,0,0,36
10/21/2011,IPT,PA,AEA,EN,Federal Contract Tower,0,8,11,0,19,0,0,25,2,27,0,8,36,2,46,6,0,6,52
10/22/2011,IPT,PA,AEA,EN,Federal Contract Tower,0,8,11,0,19,0,0,50,2,52,0,8,61,2,71,2,0,2,73
10/23/2011,IPT,PA,AEA,EN,Federal Contract Tower,0,6,15,0,21,0,2,33,0,35,0,8,48,0,56,0,0,0,56
10/24/2011,IPT,PA,AEA,EN,Federal Contract Tower,0,10,11,0,21,0,4,33,0,37,0,14,44,0,58,22,0,22,80
10/25/2011,IPT,PA,AEA,EN,Federal Contract Tower,0,11,10,1,22,0,3,49,2,54,0,14,59,3,76,22,0,22,98
10/26/2011,IPT,PA,AEA,EN,Federal Contract Tower,0,10,9,0,19,0,3,27,0,30,0,13,36,0,49,14,0,14,63
10/27/2011,IPT,PA,AEA,EN,Federal Contract Tower,0,8,10,0,18,0,0,0,0,0,0,8,10,0,18,0,0,0,18
10/28/2011,IPT,PA,AEA,EN,Federal Contract Tower,0,13,10,0,23,0,2,47,2,51,0,15,57,2,74,18,0,18,92
10/29/2011,IPT,PA,AEA,EN,Federal Contract Tower,0,3,3,0,6,0,0,1,0,1,0,3,4,0,7,0,0,0,7
10/30/2011,IPT,PA,AEA,EN,Federal Contract Tower,0,7,8,0,15,0,1,36,0,37,0,8,44,0,52,6,0,6,58
10/31/2011,IPT,PA,AEA,EN,Federal Contract Tower,0,9,9,0,18,0,2,25,0,27,0,11,34,0,45,6,0,6,51
11/01/2011,IPT,PA,AEA,EN,Federal Contract Tower,0,9,7,2,18,0,3,33,0,36,0,12,40,2,54,10,0,10,64
11/02/2011,IPT,PA,AEA,EN,Federal Contract Tower,0,7,13,0,20,0,2,32,0,34,0,9,45,0,54,24,0,24,78
11/03/2011,IPT,PA,AEA,EN,Federal Contract Tower,0,8,6,0,14,0,3,26,0,29,0,11,32,0,43,20,4,24,67
11/04/2011,IPT,PA,AEA,EN,Federal Contract Tower,0,9,4,4,17,0,2,27,0,29,0,11,31,4,46,0,0,0,46
11/05/2011,IPT,PA,AEA,EN,Federal Contract Tower,0,8,3,0,11,0,4,61,0,65,0,12,64,0,76,28,0,28,104
11/06/2011,IPT,PA,AEA,EN,Federal Contract Tower,0,6,12,0,18,0,2,34,0,36,0,8,46,0,54,24,0,24,78
11/07/2011,IPT,PA,AEA,EN,Federal Contract Tower,0,6,6,0,12,0,3,26,0,29,0,9,32,0,41,8,0,8,49
11/08/2011,IPT,PA,AEA,EN,Federal Contract Tower,0,10,8,0,18,0,0,28,1,29,0,10,36,1,47,18,4,22,69
11/09/2011,IPT,PA,AEA,EN,Federal Contract Tower,8,17,0,0,25,0,2,30,0,32,8,19,30,0,57,24,0,24,81
11/10/2011,IPT,PA,AEA,EN,Federal Contract Tower,0,7,4,0,11,0,8,14,0,22,0,15,18,0,33,0,0,0,33
11/11/2011,IPT,PA,AEA,EN,Federal Contract Tower,0,15,8,0,23,0,14,22,4,40,0,29,30,4,63,6,8,14,77
11/12/2011,IPT,PA,AEA,EN,Federal Contract Tower,0,7,11,0,18,0,3,26,0,29,0,10,37,0,47,10,0,10,57
11/13/2011,IPT,PA,AEA,EN,Federal Contract Tower,0,7,2,0,9,0,0,18,0,18,0,7,20,0,27,4,0,4,31
11/14/2011,IPT,PA,AEA,EN,Federal Contract Tower,2,8,3,0,13,0,0,1,0,1,2,8,4,0,14,4,0,4,18
11/15/2011,IPT,PA,AEA,EN,Federal Contract Tower,0,9,21,0,30,0,6,18,0,24,0,15,39,0,54,0,0,0,54
11/16/2011,IPT,PA,AEA,EN,Federal Contract Tower,0,6,7,0,13,0,0,0,0,0,0,6,7,0,13,0,0,0,13
11/17/2011,IPT,PA,AEA,EN,Federal Contract Tower,0,11,4,0,15,0,0,43,0,43,0,11,47,0,58,8,0,8,66
11/18/2011,IPT,PA,AEA,EN,Federal Contract Tower,0,12,7,0,19,0,5,42,2,49,0,17,49,2,68,22,0,22,90
11/19/2011,IPT,PA,AEA,EN,Federal Contract Tower,0,6,10,0,16,0,1,29,0,30,0,7,39,0,46,12,0,12,58
11/20/2011,IPT,PA,AEA,EN,Federal Contract Tower,0,6,8,0,14,0,4,16,0,20,0,10,24,0,34,38,0,38,72
11/21/2011,IPT,PA,AEA,EN,Federal Contract Tower,0,8,10,0,18,0,2,18,0,20,0,10,28,0,38,0,0,0,38
11/22/2011,IPT,PA,AEA,EN,Federal Contract Tower,0,20,9,0,29,0,0,0,0,0,0,20,9,0,29,0,0,0,29
11/23/2011,IPT,PA,AEA,EN,Federal Contract Tower,0,9,7,0,16,0,1,4,0,5,0,10,11,0,21,0,0,0,21
11/24/2011,IPT,PA,AEA,EN,Federal Contract Tower,0,1,0,0,1,0,6,10,0,16,0,7,10,0,17,0,0,0,17
11/25/2011,IPT,PA,AEA,EN,Federal Contract Tower,0,6,6,0,12,0,1,35,0,36,0,7,41,0,48,14,0,14,62
11/26/2011,IPT,PA,AEA,EN,Federal Contract Tower,0,10,13,0,23,0,5,49,0,54,0,15,62,0,77,30,0,30,107
11/27/2011,IPT,PA,AEA,EN,Federal Contract Tower,0,7,10,0,17,0,3,32,0,35,0,10,42,0,52,10,0,10,62
11/28/2011,IPT,PA,AEA,EN,Federal Contract Tower,0,9,6,0,15,0,0,16,0,16,0,9,22,0,31,6,0,6,37
11/29/2011,IPT,PA,AEA,EN,Federal Contract Tower,0,8,6,0,14,0,1,0,0,1,0,9,6,0,15,0,0,0,15
11/30/2011,IPT,PA,AEA,EN,Federal Contract Tower,0,9,5,0,14,0,1,10,4,15,0,10,15,4,29,0,0,0,29
12/01/2011,IPT,PA,AEA,EN,Federal Contract Tower,0,11,7,0,18,0,5,44,0,49,0,16,51,0,67,4,0,4,71
12/02/2011,IPT,PA,AEA,EN,Federal Contract Tower,0,9,4,0,13,0,2,29,2,33,0,11,33,2,46,24,0,24,70
12/03/2011,IPT,PA,AEA,EN,Federal Contract Tower,0,7,5,0,12,0,1,53,2,56,0,8,58,2,68,24,8,32,100
12/04/2011,IPT,PA,AEA,EN,Federal Contract Tower,0,6,7,0,13,0,1,23,0,24,0,7,30,0,37,4,0,4,41
12/05/2011,IPT,PA,AEA,EN,Federal Contract Tower,0,8,3,0,11,0,0,18,0,18,0,8,21,0,29,2,0,2,31
12/06/2011,IPT,PA,AEA,EN,Federal Contract Tower,0,9,8,0,17,0,0,0,0,0,0,9,8,0,17,0,0,0,17
12/07/2011,IPT,PA,AEA,EN,Federal Contract Tower,0,7,6,0,13,0,0,0,0,0,0,7,6,0,13,0,0,0,13
12/08/2011,IPT,PA,AEA,EN,Federal Contract Tower,0,12,5,0,17,0,5,20,0,25,0,17,25,0,42,12,0,12,54
12/09/2011,IPT,PA,AEA,EN,Federal Contract Tower,0,9,8,0,17,0,2,27,1,30,0,11,35,1,47,6,2,8,55
12/10/2011,IPT,PA,AEA,EN,Federal Contract Tower,0,6,7,0,13,0,6,26,2,34,0,12,33,2,47,2,0,2,49
12/11/2011,IPT,PA,AEA,EN,Federal Contract Tower,0,6,6,0,12,0,3,35,3,41,0,9,41,3,53,22,0,22,75
12/12/2011,IPT,PA,AEA,EN,Federal Contract Tower,0,9,8,0,17,0,2,25,0,27,0,11,33,0,44,6,0,6,50
12/13/2011,IPT,PA,AEA,EN,Federal Contract Tower,0,8,14,2,24,0,4,29,2,35,0,12,43,4,59,4,0,4,63
12/14/2011,IPT,PA,AEA,EN,Federal Contract Tower,0,11,11,0,22,0,4,20,0,24,0,15,31,0,46,20,0,20,66
12/15/2011,IPT,PA,AEA,EN,Federal Contract Tower,0,11,6,0,17,0,3,2,0,5,0,14,8,0,22,0,0,0,22
12/16/2011,IPT,PA,AEA,EN,Federal Contract Tower,0,11,7,0,18,0,3,17,0,20,0,14,24,0,38,34,0,34,72
12/17/2011,IPT,PA,AEA,EN,Federal Contract Tower,0,7,7,0,14,0,3,24,4,31,0,10,31,4,45,22,0,22,67
12/18/2011,IPT,PA,AEA,EN,Federal Contract Tower,0,6,5,0,11,0,0,36,0,36,0,6,41,0,47,18,0,18,65
12/19/2011,IPT,PA,AEA,EN,Federal Contract Tower,0,10,10,0,20,0,2,36,0,38,0,12,46,0,58,10,0,10,68
12/20/2011,IPT,PA,AEA,EN,Federal Contract Tower,0,10,2,0,12,0,0,9,0,9,0,10,11,0,21,0,0,0,21
12/21/2011,IPT,PA,AEA,EN,Federal Contract Tower,0,10,3,0,13,0,0,0,0,0,0,10,3,0,13,0,0,0,13
12/22/2011,IPT,PA,AEA,EN,Federal Contract Tower,0,14,10,0,24,0,0,0,0,0,0,14,10,0,24,6,0,6,30
12/23/2011,IPT,PA,AEA,EN,Federal Contract Tower,0,9,9,0,18,0,3,12,0,15,0,12,21,0,33,14,0,14,47
12/24/2011,IPT,PA,AEA,EN,Federal Contract Tower,0,6,4,0,10,0,2,16,0,18,0,8,20,0,28,0,0,0,28
12/25/2011,IPT,PA,AEA,EN,Federal Contract Tower,0,6,1,0,7,0,0,2,0,2,0,6,3,0,9,0,0,0,9
12/26/2011,IPT,PA,AEA,EN,Federal Contract Tower,0,7,4,0,11,0,5,33,0,38,0,12,37,0,49,10,0,10,59
12/27/2011,IPT,PA,AEA,EN,Federal Contract Tower,0,10,4,1,15,0,0,1,1,2,0,10,5,2,17,0,2,2,19
12/28/2011,IPT,PA,AEA,EN,Federal Contract Tower,0,13,8,0,21,0,4,6,0,10,0,17,14,0,31,0,0,0,31
12/29/2011,IPT,PA,AEA,EN,Federal Contract Tower,0,12,5,0,17,0,4,32,0,36,0,16,37,0,53,22,0,22,75
12/30/2011,IPT,PA,AEA,EN,Federal Contract Tower,0,9,3,2,14,0,2,25,0,27,0,11,28,2,41,6,0,6,47
12/31/2011,IPT,PA,AEA,EN,Federal Contract Tower,0,6,4,0,10,0,2,9,0,11,0,8,13,0,21,0,0,0,21
01/01/2012,IPT,PA,AEA,EN,Federal Contract Tower,0,6,5,0,11,0,6,8,0,14,0,12,13,0,25,0,0,0,25
01/02/2012,IPT,PA,AEA,EN,Federal Contract Tower,0,8,4,0,12,0,0,0,0,0,0,8,4,0,12,0,0,0,12
01/03/2012,IPT,PA,AEA,EN,Federal Contract Tower,0,8,3,0,11,0,0,4,0,4,0,8,7,0,15,0,0,0,15
01/04/2012,IPT,PA,AEA,EN,Federal Contract Tower,0,12,1,0,13,0,2,15,3,20,0,14,16,3,33,6,0,6,39
01/05/2012,IPT,PA,AEA,EN,Federal Contract Tower,0,9,7,0,16,0,0,6,0,6,0,9,13,0,22,0,0,0,22
01/06/2012,IPT,PA,AEA,EN,Federal Contract Tower,0,11,4,0,15,0,1,36,0,37,0,12,40,0,52,6,0,6,58
01/07/2012,IPT,PA,AEA,EN,Federal Contract Tower,0,5,4,0,9,0,1,36,0,37,0,6,40,0,46,0,0,0,46
01/08/2012,IPT,PA,AEA,EN,Federal Contract Tower,0,6,4,0,10,0,19,0,0,19,0,25,4,0,29,14,0,14,43
01/09/2012,IPT,PA,AEA,EN,Federal Contract Tower,0,9,17,0,26,0,2,20,0,22,0,11,37,0,48,0,0,0,48
01/10/2012,IPT,PA,AEA,EN,Federal Contract Tower,0,12,7,0,19,0,2,25,0,27,0,14,32,0,46,4,0,4,50
01/11/2012,IPT,PA,AEA,EN,Federal Contract Tower,0,10,8,2,20,0,0,15,4,19,0,10,23,6,39,0,0,0,39
01/12/2012,IPT,PA,AEA,EN,Federal Contract Tower,0,9,12,0,21,0,0,0,0,0,0,9,12,0,21,0,0,0,21
01/13/2012,IPT,PA,AEA,EN,Federal Contract Tower,0,7,5,0,12,0,0,3,0,3,0,7,8,0,15,0,0,0,15
01/14/2012,IPT,PA,AEA,EN,Federal Contract Tower,0,6,9,0,15,0,9,9,0,18,0,15,18,0,33,4,0,4,37
01/15/2012,IPT,PA,AEA,EN,Federal Contract Tower,0,6,4,0,10,0,3,31,0,34,0,9,35,0,44,8,0,8,52
01/16/2012,IPT,PA,AEA,EN,Federal Contract Tower,6,3,0,0,9,0,2,12,0,14,6,5,12,0,23,0,0,0,23
01/17/2012,IPT,PA,AEA,EN,Federal Contract Tower,0,11,2,0,13,0,1,2,0,3,0,12,4,0,16,0,0,0,16
01/18/2012,IPT,PA,AEA,EN,Federal Contract Tower,0,8,9,0,17,0,0,7,10,17,0,8,16,10,34,4,0,4,38
01/19/2012,IPT,PA,AEA,EN,Federal Contract Tower,0,8,9,3,20,0,2,4,2,8,0,10,13,5,28,4,0,4,32
01/20/2012,IPT,PA,AEA,EN,Federal Contract Tower,0,11,7,0,18,0,4,26,8,38,0,15,33,8,56,0,0,0,56
01/21/2012,IPT,PA,AEA,EN,Federal Contract Tower,0,6,2,0,8,0,6,6,0,12,0,12,8,0,20,6,0,6,26
01/22/2012,IPT,PA,AEA,EN,Federal Contract Tower,0,5,3,0,8,0,0,18,0,18,0,5,21,0,26,4,0,4,30
01/23/2012,IPT,PA,AEA,EN,Federal Contract Tower,0,5,5,0,10,0,0,0,0,0,0,5,5,0,10,0,0,0,10
01/24/2012,IPT,PA,AEA,EN,Federal Contract Tower,0,8,6,0,14,0,3,7,4,14,0,11,13,4,28,8,0,8,36
01/25/2012,IPT,PA,AEA,EN,Federal Contract Tower,0,14,10,0,24,0,2,16,0,18,0,16,26,0,42,0,0,0,42
01/26/2012,IPT,PA,AEA,EN,Federal Contract Tower,0,9,2,0,11,0,0,1,0,1,0,9,3,0,12,0,0,0,12
01/27/2012,IPT,PA,AEA,EN,Federal Contract Tower,0,9,6,0,15,0,1,0,0,1,0,10,6,0,16,8,0,8,24
01/28/2012,IPT,PA,AEA,EN,Federal Contract Tower,0,6,1,0,7,0,4,27,0,31,0,10,28,0,38,16,0,16,54
01/29/2012,IPT,PA,AEA,EN,Federal Contract Tower,0,5,2,0,7,0,3,31,0,34,0,8,33,0,41,0,0,0,41
01/30/2012,IPT,PA,AEA,EN,Federal Contract Tower,0,9,9,2,20,0,2,21,0,23,0,11,30,2,43,22,0,22,65
01/31/2012,IPT,PA,AEA,EN,Federal Contract Tower,0,10,10,0,20,0,1,25,4,30,0,11,35,4,50,16,0,16,66
02/01/2012,IPT,PA,AEA,EN,Federal Contract Tower,0,9,10,0,19,0,5,15,0,20,0,14,25,0,39,10,0,10,49
02/02/2012,IPT,PA,AEA,EN,Federal Contract Tower,0,13,5,0,18,0,3,13,0,16,0,16,18,0,34,0,0,0,34
02/03/2012,IPT,PA,AEA,EN,Federal Contract Tower,0,14,3,0,17,0,3,27,0,30,0,17,30,0,47,16,0,16,63
02/04/2012,IPT,PA,AEA,EN,Federal Contract Tower,0,7,5,0,12,0,1,49,1,51,0,8,54,1,63,14,0,14,77
02/05/2012,IPT,PA,AEA,EN,Federal Contract Tower,0,11,6,0,17,0,4,41,0,45,0,15,47,0,62,12,0,12,74
02/06/2012,IPT,PA,AEA,EN,Federal Contract Tower,0,11,5,0,16,0,5,23,0,28,0,16,28,0,44,20,0,20,64
02/07/2012,IPT,PA,AEA,EN,Federal Contract Tower,0,9,9,0,18,0,3,15,0,18,0,12,24,0,36,0,0,0,36
02/08/2012,IPT,PA,AEA,EN,Federal Contract Tower,0,10,4,0,14,0,0,3,0,3,0,10,7,0,17,0,0,0,17
02/09/2012,IPT,PA,AEA,EN,Federal Contract Tower,0,9,5,0,14,0,31,3,0,34,0,40,8,0,48,0,0,0,48
02/10/2012,IPT,PA,AEA,EN,Federal Contract Tower,0,10,4,0,14,0,1,34,0,35,0,11,38,0,49,6,0,6,55
02/11/2012,IPT,PA,AEA,EN,Federal Contract Tower,0,8,0,0,8,0,0,2,0,2,0,8,2,0,10,0,0,0,10
02/12/2012,IPT,PA,AEA,EN,Federal Contract Tower,0,7,5,0,12,0,4,5,0,9,0,11,10,0,21,0,0,0,21
02/13/2012,IPT,PA,AEA,EN,Federal Contract Tower,0,7,2,0,9,0,2,25,0,27,0,9,27,0,36,2,0,2,38
02/14/2012,IPT,PA,AEA,EN,Federal Contract Tower,0,9,4,0,13,0,1,10,0,11,0,10,14,0,24,0,0,0,24
02/15/2012,IPT,PA,AEA,EN,Federal Contract Tower,0,11,6,1,18,0,3,10,1,14,0,14,16,2,32,14,0,14,46
02/16/2012,IPT,PA,AEA,EN,Federal Contract Tower,0,7,6,0,13,0,0,0,0,0,0,7,6,0,13,0,0,0,13
02/17/2012,IPT,PA,AEA,EN,Federal Contract Tower,0,10,5,0,15,0,3,37,0,40,0,13,42,0,55,10,0,10,65
02/18/2012,IPT,PA,AEA,EN,Federal Contract Tower,0,6,11,0,17,0,1,23,6,30,0,7,34,6,47,18,0,18,65
02/19/2012,IPT,PA,AEA,EN,Federal Contract Tower,0,6,7,0,13,0,7,38,2,47,0,13,45,2,60,44,0,44,104
02/20/2012,IPT,PA,AEA,EN,Federal Contract Tower,0,11,6,0,17,0,4,35,3,42,0,15,41,3,59,42,0,42,101
02/21/2012,IPT,PA,AEA,EN,Federal Contract Tower,0,11,14,0,25,0,2,18,2,22,0,13,32,2,47,16,0,16,63
02/22/2012,IPT,PA,AEA,EN,Federal Contract Tower,0,10,3,0,13,0,4,22,0,26,0,14,25,0,39,8,0,8,47
02/23/2012,IPT,PA,AEA,EN,Federal Contract Tower,0,11,9,0,20,0,1,21,0,22,0,12,30,0,42,0,0,0,42
02/24/2012,IPT,PA,AEA,EN,Federal Contract Tower,0,11,7,0,18,0,2,1,0,3,0,13,8,0,21,0,0,0,21
02/25/2012,IPT,PA,AEA,EN,Federal Contract Tower,0,9,5,0,14,0,7,7,0,14,0,16,12,0,28,0,0,0,28
02/26/2012,IPT,PA,AEA,EN,Federal Contract Tower,0,6,8,0,14,0,0,41,3,44,0,6,49,3,58,92,0,92,150
02/27/2012,IPT,PA,AEA,EN,Federal Contract Tower,0,7,8,1,16,0,0,0,0,0,0,7,8,1,16,42,0,42,58
02/28/2012,IPT,PA,AEA,EN,Federal Contract Tower,0,9,4,0,13,0,0,28,0,28,0,9,32,0,41,34,0,34,75
02/29/2012,IPT,PA,AEA,EN,Federal Contract Tower,0,8,2,0,10,0,0,0,0,0,0,8,2,0,10,0,0,0,10
03/01/2012,IPT,PA,AEA,EN,Federal Contract Tower,0,12,9,0,21,0,0,18,0,18,0,12,27,0,39,2,0,2,41
03/02/2012,IPT,PA,AEA,EN,Federal Contract Tower,13,8,0,0,21,0,1,5,2,8,13,9,5,2,29,0,0,0,29
03/03/2012,IPT,PA,AEA,EN,Federal Contract Tower,0,6,7,0,13,0,1,14,3,18,0,7,21,3,31,10,0,10,41
03/04/2012,IPT,PA,AEA,EN,Federal Contract Tower,0,8,4,0,12,0,2,14,3,19,0,10,18,3,31,28,0,28,59
03/05/2012,IPT,PA,AEA,EN,Federal Contract Tower,0,9,3,0,12,0,0,17,0,17,0,9,20,0,29,22,0,22,51
03/06/2012,IPT,PA,AEA,EN,Federal Contract Tower,0,10,17,0,27,0,2,46,0,48,0,12,63,0,75,16,0,16,91
03/07/2012,IPT,PA,AEA,EN,Federal Contract Tower,0,9,8,2,19,0,4,22,0,26,0,13,30,2,45,34,0,34,79
03/08/2012,IPT,PA,AEA,EN,Federal Contract Tower,0,10,6,0,16,0,2,4,0,6,0,12,10,0,22,2,0,2,24
03/09/2012,IPT,PA,AEA,EN,Federal Contract Tower,0,11,8,0,19,0,9,13,1,23,0,20,21,1,42,16,0,16,58
03/10/2012,IPT,PA,AEA,EN,Federal Contract Tower,0,6,7,0,13,0,0,34,0,34,0,6,41,0,47,16,0,16,63
03/11/2012,IPT,PA,AEA,EN,Federal Contract Tower,0,6,0,0,6,0,2,39,3,44,0,8,39,3,50,0,0,0,50
03/12/2012,IPT,PA,AEA,EN,Federal Contract Tower,0,4,5,2,11,0,6,25,0,31,0,10,30,2,42,6,0,6,48
03/13/2012,IPT,PA,AEA,EN,Federal Contract Tower,0,9,4,0,13,0,4,20,0,24,0,13,24,0,37,0,0,0,37
03/14/2012,IPT,PA,AEA,EN,Federal Contract Tower,0,15,5,0,20,0,0,35,0,35,0,15,40,0,55,4,0,4,59
03/15/2012,IPT,PA,AEA,EN,Federal Contract Tower,0,9,9,0,18,0,2,22,0,24,0,11,31,0,42,0,0,0,42
03/16/2012,IPT,PA,AEA,EN,Federal Contract Tower,0,9,5,0,14,0,0,3,4,7,0,9,8,4,21,0,0,0,21
03/17/2012,IPT,PA,AEA,EN,Federal Contract Tower,0,6,10,0,16,0,0,39,0,39,0,6,49,0,55,28,0,28,83
03/18/2012,IPT,PA,AEA,EN,Federal Contract Tower,0,9,8,0,17,0,0,5,0,5,0,9,13,0,22,2,0,2,24
03/19/2012,IPT,PA,AEA,EN,Federal Contract Tower,0,10,5,0,15,0,2,10,0,12,0,12,15,0,27,0,0,0,27
03/20/2012,IPT,PA,AEA,EN,Federal Contract Tower,0,11,8,0,19,0,3,14,1,18,0,14,22,1,37,4,2,6,43
03/21/2012,IPT,PA,AEA,EN,Federal Contract Tower,0,15,11,0,26,0,6,20,2,28,0,21,31,2,54,4,0,4,58
03/22/2012,IPT,PA,AEA,EN,Federal Contract Tower,0,11,14,0,25,0,0,21,0,21,0,11,35,0,46,28,0,28,74
03/23/2012,IPT,PA,AEA,EN,Federal Contract Tower,0,10,5,1,16,0,4,22,1,27,0,14,27,2,43,12,0,12,55
03/24/2012,IPT,PA,AEA,EN,Federal Contract Tower,0,6,3,0,9,0,3,6,0,9,0,9,9,0,18,42,0,42,60
03/25/2012,IPT,PA,AEA,EN,Federal Contract Tower,0,6,5,0,11,0,4,14,0,18,0,10,19,0,29,14,0,14,43
03/26/2012,IPT,PA,AEA,EN,Federal Contract Tower,0,9,5,0,14,0,3,23,0,26,0,12,28,0,40,0,0,0,40
03/27/2012,IPT,PA,AEA,EN,Federal Contract Tower,0,9,1,0,10,0,1,35,4,40,0,10,36,4,50,6,0,6,56
03/28/2012,IPT,PA,AEA,EN,Federal Contract Tower,1,11,5,0,17,2,4,13,6,25,3,15,18,6,42,0,4,4,46
03/29/2012,IPT,PA,AEA,EN,Federal Contract Tower,0,9,4,0,13,0,2,20,0,22,0,11,24,0,35,8,0,8,43
03/30/2012,IPT,PA,AEA,EN,Federal Contract Tower,0,12,6,0,18,0,5,43,0,48,0,17,49,0,66,0,0,0,66
03/31/2012,IPT,PA,AEA,EN,Federal Contract Tower,0,10,1,0,11,0,0,9,0,9,0,10,10,0,20,16,0,16,36
04/01/2012,IPT,PA,AEA,EN,Federal Contract Tower,0,6,8,0,14,0,4,8,0,12,0,10,16,0,26,28,0,28,54
04/02/2012,IPT,PA,AEA,EN,Federal Contract Tower,0,9,2,0,11,0,6,14,0,20,0,15,16,0,31,8,0,8,39
04/03/2012,IPT,PA,AEA,EN,Federal Contract Tower,2,12,6,0,20,0,4,18,0,22,2,16,24,0,42,0,0,0,42
04/04/2012,IPT,PA,AEA,EN,Federal Contract Tower,0,9,9,0,18,0,0,21,0,21,0,9,30,0,39,10,0,10,49
04/05/2012,IPT,PA,AEA,EN,Federal Contract Tower,0,10,12,0,22,0,2,28,0,30,0,12,40,0,52,8,0,8,60
04/06/2012,IPT,PA,AEA,EN,Federal Contract Tower,0,11,4,0,15,0,1,35,0,36,0,12,39,0,51,6,0,6,57
04/07/2012,IPT,PA,AEA,EN,Federal Contract Tower,0,8,2,0,10,0,2,35,2,39,0,10,37,2,49,24,0,24,73
04/08/2012,IPT,PA,AEA,EN,Federal Contract Tower,0,8,5,0,13,0,4,36,0,40,0,12,41,0,53,2,0,2,55
04/09/2012,IPT,PA,AEA,EN,Federal Contract Tower,0,6,12,0,18,0,2,24,0,26,0,8,36,0,44,6,0,6,50
04/10/2012,IPT,PA,AEA,EN,Federal Contract Tower,0,14,1,0,15,0,1,2,0,3,0,15,3,0,18,0,0,0,18
04/11/2012,IPT,PA,AEA,EN,Federal Contract Tower,0,9,6,0,15,0,3,15,0,18,0,12,21,0,33,0,0,0,33
04/12/2012,IPT,PA,AEA,EN,Federal Contract Tower,0,11,11,3,25,0,1,34,1,36,0,12,45,4,61,6,0,6,67
04/13/2012,IPT,PA,AEA,EN,Federal Contract Tower,0,9,8,0,17,0,3,49,4,56,0,12,57,4,73,32,0,32,105
04/14/2012,IPT,PA,AEA,EN,Federal Contract Tower,0,8,7,0,15,0,6,47,6,59,0,14,54,6,74,2,0,2,76
04/15/2012,IPT,PA,AEA,EN,Federal Contract Tower,0,6,5,0,11,0,2,13,0,15,0,8,18,0,26,0,0,0,26
04/16/2012,IPT,PA,AEA,EN,Federal Contract Tower,0,11,3,0,14,0,2,17,0,19,0,13,20,0,33,6,0,6,39
04/17/2012,IPT,PA,AEA,EN,Federal Contract Tower,0,10,8,0,18,0,4,21,0,25,0,14,29,0,43,0,0,0,43
04/18/2012,IPT,PA,AEA,EN,Federal Contract Tower,0,9,10,1,20,0,2,25,0,27,0,11,35,1,47,10,0,10,57
04/19/2012,IPT,PA,AEA,EN,Federal Contract Tower,0,12,10,0,22,0,14,37,2,53,0,26,47,2,75,0,0,0,75
04/20/2012,IPT,PA,AEA,EN,Federal Contract Tower,0,13,8,0,21,0,5,47,3,55,0,18,55,3,76,6,0,6,82
04/21/2012,IPT,PA,AEA,EN,Federal Contract Tower,0,7,9,0,16,0,0,26,0,26,0,7,35,0,42,2,0,2,44
04/22/2012,IPT,PA,AEA,EN,Federal Contract Tower,0,5,7,0,12,0,0,0,0,0,0,5,7,0,12,0,0,0,12
04/23/2012,IPT,PA,AEA,EN,Federal Contract Tower,0,7,6,0,13,0,0,0,0,0,0,7,6,0,13,0,0,0,13
04/24/2012,IPT,PA,AEA,EN,Federal Contract Tower,0,9,4,0,13,0,2,7,0,9,0,11,11,0,22,0,0,0,22
04/25/2012,IPT,PA,AEA,EN,Federal Contract Tower,0,11,7,2,20,0,1,40,1,42,0,12,47,3,62,0,0,0,62
04/26/2012,IPT,PA,AEA,EN,Federal Contract Tower,0,11,6,0,17,0,0,29,0,29,0,11,35,0,46,24,0,24,70
04/27/2012,IPT,PA,AEA,EN,Federal Contract Tower,0,11,6,2,19,0,5,43,0,48,0,16,49,2,67,0,0,0,67
04/28/2012,IPT,PA,AEA,EN,Federal Contract Tower,0,6,8,0,14,0,1,27,0,28,0,7,35,0,42,12,0,12,54
04/29/2012,IPT,PA,AEA,EN,Federal Contract Tower,0,6,7,0,13,0,1,38,0,39,0,7,45,0,52,10,0,10,62
04/30/2012,IPT,PA,AEA,EN,Federal Contract Tower,0,10,4,0,14,0,6,36,2,44,0,16,40,2,58,0,2,2,60
05/01/2012,IPT,PA,AEA,EN,Federal Contract Tower,0,9,10,0,19,0,3,32,0,35,0,12,42,0,54,0,0,0,54
05/02/2012,IPT,PA,AEA,EN,Federal Contract Tower,0,10,12,0,22,0,0,1,0,1,0,10,13,0,23,2,0,2,25
05/03/2012,IPT,PA,AEA,EN,Federal Contract Tower,0,7,14,0,21,0,2,26,4,32,0,9,40,4,53,0,0,0,53
05/04/2012,IPT,PA,AEA,EN,Federal Contract Tower,0,11,0,0,11,0,5,21,0,26,0,16,21,0,37,0,0,0,37
05/05/2012,IPT,PA,AEA,EN,Federal Contract Tower,0,6,9,0,15,0,5,29,5,39,0,11,38,5,54,2,0,2,56
05/06/2012,IPT,PA,AEA,EN,Federal Contract Tower,0,8,5,0,13,0,1,31,0,32,0,9,36,0,45,0,0,0,45
05/07/2012,IPT,PA,AEA,EN,Federal Contract Tower,0,7,6,0,13,0,0,4,0,4,0,7,10,0,17,0,0,0,17
05/08/2012,IPT,PA,AEA,EN,Federal Contract Tower,0,13,13,0,26,0,0,0,0,0,0,13,13,0,26,0,0,0,26
05/09/2012,IPT,PA,AEA,EN,Federal Contract Tower,0,13,13,0,26,0,0,31,0,31,0,13,44,0,57,6,0,6,63
05/10/2012,IPT,PA,AEA,EN,Federal Contract Tower,0,9,6,0,15,0,6,30,0,36,0,15,36,0,51,12,0,12,63
05/11/2012,IPT,PA,AEA,EN,Federal Contract Tower,0,8,2,0,10,0,5,45,3,53,0,13,47,3,63,2,0,2,65
05/12/2012,IPT,PA,AEA,EN,Federal Contract Tower,0,5,5,0,10,0,1,59,1,61,0,6,64,1,71,8,0,8,79
05/13/2012,IPT,PA,AEA,EN,Federal Contract Tower,0,7,5,0,12,0,5,49,0,54,0,12,54,0,66,0,0,0,66
05/14/2012,IPT,PA,AEA,EN,Federal Contract Tower,0,9,5,0,14,0,3,0,0,3,0,12,5,0,17,0,0,0,17
05/15/2012,IPT,PA,AEA,EN,Federal Contract Tower,0,9,4,0,13,0,6,9,0,15,0,15,13,0,28,0,0,0,28
05/16/2012,IPT,PA,AEA,EN,Federal Contract Tower,0,11,13,0,24,0,0,12,0,12,0,11,25,0,36,6,0,6,42
05/17/2012,IPT,PA,AEA,EN,Federal Contract Tower,0,10,8,2,20,0,4,20,0,24,0,14,28,2,44,4,0,4,48
05/18/2012,IPT,PA,AEA,EN,Federal Contract Tower,0,10,9,0,19,0,4,42,0,46,0,14,51,0,65,14,0,14,79
05/19/2012,IPT,PA,AEA,EN,Federal Contract Tower,0,10,8,0,18,0,2,60,2,64,0,12,68,2,82,50,0,50,132
05/20/2012,IPT,PA,AEA,EN,Federal Contract Tower,0,9,10,1,20,0,4,55,0,59,0,13,65,1,79,22,0,22,101
05/21/2012,IPT,PA,AEA,EN,Federal Contract Tower,0,10,6,0,16,0,1,21,0,22,0,11,27,0,38,16,0,16,54
05/22/2012,IPT,PA,AEA,EN,Federal Contract Tower,0,7,8,0,15,0,0,23,1,24,0,7,31,1,39,0,2,2,41
05/23/2012,IPT,PA,AEA,EN,Federal Contract Tower,0,8,10,0,18,0,1,18,0,19,0,9,28,0,37,12,0,12,49
05/24/2012,IPT,PA,AEA,EN,Federal Contract Tower,0,8,16,1,25,0,4,14,1,19,0,12,30,2,44,0,2,2,46
05/25/2012,IPT,PA,AEA,EN,Federal Contract Tower,0,10,7,0,17,0,0,17,0,17,0,10,24,0,34,0,0,0,34
05/26/2012,IPT,PA,AEA,EN,Federal Contract Tower,0,6,8,0,14,0,3,45,3,51,0,9,53,3,65,18,0,18,83
05/27/2012,IPT,PA,AEA,EN,Federal Contract Tower,0,5,3,0,8,0,0,39,0,39,0,5,42,0,47,24,0,24,71
05/28/2012,IPT,PA,AEA,EN,Federal Contract Tower,0,8,2,0,10,0,1,57,0,58,0,9,59,0,68,14,0,14,82
05/29/2012,IPT,PA,AEA,EN,Federal Contract Tower,0,8,4,0,12,0,0,11,0,11,0,8,15,0,23,12,0,12,35
05/30/2012,IPT,PA,AEA,EN,Federal Contract Tower,0,10,6,1,17,0,1,29,1,31,0,11,35,2,48,0,0,0,48
05/31/2012,IPT,PA,AEA,EN,Federal Contract Tower,0,10,10,0,20,0,4,42,0,46,0,14,52,0,66,18,0,18,84
06/01/2012,IPT,PA,AEA,EN,Federal Contract Tower,0,8,25,0,33,0,1,12,2,15,0,9,37,2,48,10,0,10,58
06/02/2012,IPT,PA,AEA,EN,Federal Contract Tower,0,6,20,0,26,0,2,83,0,85,0,8,103,0,111,10,0,10,121
06/03/2012,IPT,PA,AEA,EN,Federal Contract Tower,0,7,21,0,28,0,4,85,0,89,0,11,106,0,117,28,0,28,145
06/04/2012,IPT,PA,AEA,EN,Federal Contract Tower,0,8,8,0,16,0,2,22,2,26,0,10,30,2,42,20,0,20,62
06/05/2012,IPT,PA,AEA,EN,Federal Contract Tower,0,11,7,0,18,0,2,26,0,28,0,13,33,0,46,16,0,16,62
06/06/2012,IPT,PA,AEA,EN,Federal Contract Tower,0,11,11,0,22,0,2,24,0,26,0,13,35,0,48,26,0,26,74
06/07/2012,IPT,PA,AEA,EN,Federal Contract Tower,0,9,3,0,12,0,3,23,0,26,0,12,26,0,38,20,0,20,58
06/08/2012,IPT,PA,AEA,EN,Federal Contract Tower,0,8,6,0,14,0,6,44,0,50,0,14,50,0,64,16,0,16,80
06/09/2012,IPT,PA,AEA,EN,Federal Contract Tower,0,9,14,0,23,0,13,35,4,52,0,22,49,4,75,38,0,38,113
06/10/2012,IPT,PA,AEA,EN,Federal Contract Tower,0,7,2,0,9,0,2,36,4,42,0,9,38,4,51,24,0,24,75
06/11/2012,IPT,PA,AEA,EN,Federal Contract Tower,0,9,8,2,19,0,3,17,1,21,0,12,25,3,40,0,2,2,42
06/12/2012,IPT,PA,AEA,EN,Federal Contract Tower,0,11,8,0,19,0,3,0,0,3,0,14,8,0,22,0,0,0,22
06/13/2012,IPT,PA,AEA,EN,Federal Contract Tower,0,11,13,0,24,0,2,41,0,43,0,13,54,0,67,38,0,38,105
06/14/2012,IPT,PA,AEA,EN,Federal Contract Tower,0,8,12,0,20,0,2,63,0,65,0,10,75,0,85,12,0,12,97
06/15/2012,IPT,PA,AEA,EN,Federal Contract Tower,0,11,6,0,17,0,6,50,0,56,0,17,56,0,73,30,0,30,103
06/16/2012,IPT,PA,AEA,EN,Federal Contract Tower,0,8,8,0,16,0,6,48,17,71,0,14,56,17,87,18,14,32,119
06/17/2012,IPT,PA,AEA,EN,Federal Contract Tower,0,6,5,0,11,0,3,37,0,40,0,9,42,0,51,10,0,10,61
06/18/2012,IPT,PA,AEA,EN,Federal Contract Tower,0,8,14,0,22,0,0,10,0,10,0,8,24,0,32,2,0,2,34
06/19/2012,IPT,PA,AEA,EN,Federal Contract Tower,0,10,9,0,19,0,0,29,0,29,0,10,38,0,48,20,0,20,68
06/20/2012,IPT,PA,AEA,EN,Federal Contract Tower,0,10,7,0,17,0,7,39,0,46,0,17,46,0,63,12,2,14,77
06/21/2012,IPT,PA,AEA,EN,Federal Contract Tower,0,11,17,0,28,0,0,41,0,41,0,11,58,0,69,28,0,28,97
06/22/2012,IPT,PA,AEA,EN,Federal Contract Tower,0,10,5,0,15,0,3,33,0,36,0,13,38,0,51,34,0,34,85
06/23/2012,IPT,PA,AEA,EN,Federal Contract Tower,0,7,5,0,12,0,5,41,1,47,0,12,46,1,59,8,0,8,67
06/24/2012,IPT,PA,AEA,EN,Federal Contract Tower,0,8,4,0,12,0,3,39,0,42,0,11,43,0,54,0,0,0,54
06/25/2012,IPT,PA,AEA,EN,Federal Contract Tower,0,12,6,0,18,0,3,22,0,25,0,15,28,0,43,40,0,40,83
06/26/2012,IPT,PA,AEA,EN,Federal Contract Tower,0,13,4,1,18,0,1,30,4,35,0,14,34,5,53,0,2,2,55
06/27/2012,IPT,PA,AEA,EN,Federal Contract Tower,0,10,18,2,30,0,3,43,1,47,0,13,61,3,77,12,10,22,99
06/28/2012,IPT,PA,AEA,EN,Federal Contract Tower,0,8,30,0,38,0,5,34,0,39,0,13,64,0,77,2,0,2,79
06/29/2012,IPT,PA,AEA,EN,Federal Contract Tower,0,12,9,0,21,0,0,41,0,41,0,12,50,0,62,30,0,30,92
06/30/2012,IPT,PA,AEA,EN,Federal Contract Tower,0,6,2,0,8,0,1,35,0,36,0,7,37,0,44,2,0,2,46
07/01/2012,IPT,PA,AEA,EN,Federal Contract Tower,0,5,2,0,7,0,3,30,1,34,0,8,32,1,41,22,0,22,63
07/02/2012,IPT,PA,AEA,EN,Federal Contract Tower,0,7,2,0,9,0,2,37,0,39,0,9,39,0,48,22,0,22,70
07/03/2012,IPT,PA,AEA,EN,Federal Contract Tower,0,8,7,0,15,0,2,41,0,43,0,10,48,0,58,2,4,6,64
07/04/2012,IPT,PA,AEA,EN,Federal Contract Tower,0,4,2,0,6,0,3,34,0,37,0,7,36,0,43,8,0,8,51
07/05/2012,IPT,PA,AEA,EN,Federal Contract Tower,0,9,5,0,14,0,4,36,0,40,0,13,41,0,54,14,0,14,68
07/06/2012,IPT,PA,AEA,EN,Federal Contract Tower,0,9,6,0,15,0,8,39,0,47,0,17,45,0,62,36,0,36,98
07/07/2012,IPT,PA,AEA,EN,Federal Contract Tower,0,8,5,0,13,0,4,46,0,50,0,12,51,0,63,0,0,0,63
07/08/2012,IPT,PA,AEA,EN,Federal Contract Tower,0,6,1,0,7,0,3,40,0,43,0,9,41,0,50,16,0,16,66
07/09/2012,IPT,PA,AEA,EN,Federal Contract Tower,0,13,10,0,23,0,2,32,0,34,0,15,42,0,57,12,0,12,69
07/10/2012,IPT,PA,AEA,EN,Federal Contract Tower,0,11,8,0,19,0,2,33,2,37,0,13,41,2,56,20,0,20,76
07/11/2012,IPT,PA,AEA,EN,Federal Contract Tower,0,10,10,0,20,0,7,38,1,46,0,17,48,1,66,12,0,12,78
07/12/2012,IPT,PA,AEA,EN,Federal Contract Tower,0,11,14,0,25,0,2,38,3,43,0,13,52,3,68,6,0,6,74
07/13/2012,IPT,PA,AEA,EN,Federal Contract Tower,0,9,10,0,19,0,9,30,0,39,0,18,40,0,58,12,0,12,70
07/14/2012,IPT,PA,AEA,EN,Federal Contract Tower,0,5,6,0,11,0,5,36,0,41,0,10,42,0,52,0,0,0,52
07/15/2012,IPT,PA,AEA,EN,Federal Contract Tower,0,4,5,0,9,0,7,22,0,29,0,11,27,0,38,0,0,0,38
07/16/2012,IPT,PA,AEA,EN,Federal Contract Tower,0,7,12,6,25,0,8,29,2,39,0,15,41,8,64,2,2,4,68
07/17/2012,IPT,PA,AEA,EN,Federal Contract Tower,0,10,6,0,16,0,5,45,2,52,0,15,51,2,68,6,0,6,74
07/18/2012,IPT,PA,AEA,EN,Federal Contract Tower,0,11,7,0,18,0,4,35,0,39,0,15,42,0,57,12,0,12,69
07/19/2012,IPT,PA,AEA,EN,Federal Contract Tower,0,9,11,0,20,0,3,29,2,34,0,12,40,2,54,0,0,0,54
07/20/2012,IPT,PA,AEA,EN,Federal Contract Tower,0,13,8,2,23,0,0,0,0,0,0,13,8,2,23,0,0,0,23
07/21/2012,IPT,PA,AEA,EN,Federal Contract Tower,0,5,8,0,13,0,1,48,0,49,0,6,56,0,62,22,0,22,84
07/22/2012,IPT,PA,AEA,EN,Federal Contract Tower,0,6,11,1,18,0,4,35,3,42,0,10,46,4,60,36,2,38,98
07/23/2012,IPT,PA,AEA,EN,Federal Contract Tower,0,12,12,0,24,0,35,6,0,41,0,47,18,0,65,24,0,24,89
07/24/2012,IPT,PA,AEA,EN,Federal Contract Tower,0,14,12,0,26,0,3,46,8,57,0,17,58,8,83,0,0,0,83
07/25/2012,IPT,PA,AEA,EN,Federal Contract Tower,0,13,12,0,25,0,3,44,2,49,0,16,56,2,74,16,0,16,90
07/26/2012,IPT,PA,AEA,EN,Federal Contract Tower,0,7,4,0,11,0,1,27,4,32,0,8,31,4,43,0,0,0,43
07/27/2012,IPT,PA,AEA,EN,Federal Contract Tower,0,10,4,0,14,0,7,32,4,43,0,17,36,4,57,0,0,0,57
07/28/2012,IPT,PA,AEA,EN,Federal Contract Tower,0,7,11,0,18,0,1,27,0,28,0,8,38,0,46,0,0,0,46
07/29/2012,IPT,PA,AEA,EN,Federal Contract Tower,0,4,9,0,13,0,7,48,0,55,0,11,57,0,68,12,0,12,80
07/30/2012,IPT,PA,AEA,EN,Federal Contract Tower,0,7,15,0,22,0,2,51,4,57,0,9,66,4,79,14,0,14,93
07/31/2012,IPT,PA,AEA,EN,Federal Contract Tower,0,10,11,0,21,0,0,24,0,24,0,10,35,0,45,6,0,6,51
08/01/2012,IPT,PA,AEA,EN,Federal Contract Tower,0,11,9,2,22,0,3,10,0,13,0,14,19,2,35,0,0,0,35
08/02/2012,IPT,PA,AEA,EN,Federal Contract Tower,0,8,5,0,13,0,2,30,2,34,0,10,35,2,47,22,0,22,69
08/03/2012,IPT,PA,AEA,EN,Federal Contract Tower,0,9,8,0,17,0,4,43,0,47,0,13,51,0,64,10,0,10,74
08/04/2012,IPT,PA,AEA,EN,Federal Contract Tower,0,6,12,2,20,0,3,21,2,26,0,9,33,4,46,30,0,30,76
08/05/2012,IPT,PA,AEA,EN,Federal Contract Tower,0,8,6,0,14,0,2,12,0,14,0,10,18,0,28,14,0,14,42
08/06/2012,IPT,PA,AEA,EN,Federal Contract Tower,0,9,9,1,19,0,0,49,3,52,0,9,58,4,71,40,0,40,111
08/07/2012,IPT,PA,AEA,EN,Federal Contract Tower,0,10,12,1,23,0,1,40,5,46,0,11,52,6,69,4,0,4,73
08/08/2012,IPT,PA,AEA,EN,Federal Contract Tower,0,14,5,0,19,0,4,49,2,55,0,18,54,2,74,14,0,14,88
08/09/2012,IPT,PA,AEA,EN,Federal Contract Tower,0,12,2,0,14,0,0,40,1,41,0,12,42,1,55,14,6,20,75
08/10/2012,IPT,PA,AEA,EN,Federal Contract Tower,0,8,4,2,14,0,0,14,1,15,0,8,18,3,29,6,0,6,35
08/11/2012,IPT,PA,AEA,EN,Federal Contract Tower,0,5,10,0,15,0,1,37,0,38,0,6,47,0,53,22,0,22,75
08/12/2012,IPT,PA,AEA,EN,Federal Contract Tower,0,4,13,0,17,0,3,50,0,53,0,7,63,0,70,30,0,30,100
08/13/2012,IPT,PA,AEA,EN,Federal Contract Tower,0,8,17,0,25,0,1,51,2,54,0,9,68,2,79,32,0,32,111
08/14/2012,IPT,PA,AEA,EN,Federal Contract Tower,0,10,11,1,22,0,0,43,5,48,0,10,54,6,70,2,0,2,72
08/15/2012,IPT,PA,AEA,EN,Federal Contract Tower,0,12,19,3,34,0,1,35,1,37,0,13,54,4,71,0,0,0,71
08/16/2012,IPT,PA,AEA,EN,Federal Contract Tower,0,8,6,0,14,0,2,45,9,56,0,10,51,9,70,54,0,54,124
08/17/2012,IPT,PA,AEA,EN,Federal Contract Tower,0,6,14,0,20,0,1,27,0,28,0,7,41,0,48,0,0,0,48
08/18/2012,IPT,PA,AEA,EN,Federal Contract Tower,0,4,10,0,14,0,4,72,9,85,0,8,82,9,99,14,10,24,123
08/19/2012,IPT,PA,AEA,EN,Federal Contract Tower,0,7,3,0,10,0,2,55,0,57,0,9,58,0,67,16,0,16,83
08/20/2012,IPT,PA,AEA,EN,Federal Contract Tower,0,11,4,0,15,0,2,22,0,24,0,13,26,0,39,0,0,0,39
08/21/2012,IPT,PA,AEA,EN,Federal Contract Tower,0,10,9,0,19,0,1,33,0,34,0,11,42,0,53,0,0,0,53
08/22/2012,IPT,PA,AEA,EN,Federal Contract Tower,0,6,11,0,17,0,3,46,1,50,0,9,57,1,67,6,0,6,73
08/23/2012,IPT,PA,AEA,EN,Federal Contract Tower,0,7,10,0,17,0,2,48,1,51,0,9,58,1,68,36,0,36,104
08/24/2012,IPT,PA,AEA,EN,Federal Contract Tower,0,9,10,0,19,0,2,53,0,55,0,11,63,0,74,8,0,8,82
08/25/2012,IPT,PA,AEA,EN,Federal Contract Tower,0,5,8,0,13,0,4,42,1,47,0,9,50,1,60,20,0,20,80
08/26/2012,IPT,PA,AEA,EN,Federal Contract Tower,0,5,9,0,14,0,2,28,3,33,0,7,37,3,47,2,0,2,49
08/27/2012,IPT,PA,AEA,EN,Federal Contract Tower,0,12,6,0,18,0,0,23,3,26,0,12,29,3,44,0,0,0,44
08/28/2012,IPT,PA,AEA,EN,Federal Contract Tower,0,9,5,3,17,0,1,40,2,43,0,10,45,5,60,8,0,8,68
08/29/2012,IPT,PA,AEA,EN,Federal Contract Tower,0,11,8,0,19,0,4,35,6,45,0,15,43,6,64,16,0,16,80
08/30/2012,IPT,PA,AEA,EN,Federal Contract Tower,0,9,15,0,24,0,0,33,4,37,0,9,48,4,61,8,0,8,69
08/31/2012,IPT,PA,AEA,EN,Federal Contract Tower,0,10,9,0,19,0,0,33,0,33,0,10,42,0,52,22,0,22,74
09/01/2012,IPT,PA,AEA,EN,Federal Contract Tower,0,3,3,0,6,0,0,34,0,34,0,3,37,0,40,30,0,30,70
09/02/2012,IPT,PA,AEA,EN,Federal Contract Tower,0,3,9,0,12,0,3,37,0,40,0,6,46,0,52,10,0,10,62
09/03/2012,IPT,PA,AEA,EN,Federal Contract Tower,0,14,4,0,18,0,0,0,0,0,0,14,4,0,18,0,0,0,18
09/04/2012,IPT,PA,AEA,EN,Federal Contract Tower,0,9,13,0,22,0,0,4,0,4,0,9,17,0,26,0,0,0,26
09/05/2012,IPT,PA,AEA,EN,Federal Contract Tower,0,10,7,0,17,0,4,32,0,36,0,14,39,0,53,8,0,8,61
09/06/2012,IPT,PA,AEA,EN,Federal Contract Tower,0,7,10,1,18,0,3,28,1,32,0,10,38,2,50,16,0,16,66
09/07/2012,IPT,PA,AEA,EN,Federal Contract Tower,0,10,17,0,27,0,7,36,8,51,0,17,53,8,78,18,0,18,96
09/08/2012,IPT,PA,AEA,EN,Federal Contract Tower,0,4,5,0,9,0,2,8,0,10,0,6,13,0,19,0,0,0,19
09/09/2012,IPT,PA,AEA,EN,Federal Contract Tower,0,8,14,0,22,0,5,34,0,39,0,13,48,0,61,0,0,0,61
09/10/2012,IPT,PA,AEA,EN,Federal Contract Tower,0,10,6,0,16,0,3,40,0,43,0,13,46,0,59,4,0,4,63
09/11/2012,IPT,PA,AEA,EN,Federal Contract Tower,0,9,8,0,17,0,0,51,4,55,0,9,59,4,72,40,0,40,112
09/12/2012,IPT,PA,AEA,EN,Federal Contract Tower,0,10,4,0,14,0,3,35,3,41,0,13,39,3,55,18,0,18,73
09/13/2012,IPT,PA,AEA,EN,Federal Contract Tower,0,5,10,1,16,0,2,27,4,33,0,7,37,5,49,30,0,30,79
09/14/2012,IPT,PA,AEA,EN,Federal Contract Tower,0,6,10,0,16,0,4,52,0,56,0,10,62,0,72,10,0,10,82
09/15/2012,IPT,PA,AEA,EN,Federal Contract Tower,0,4,6,0,10,0,7,160,3,170,0,11,166,3,180,18,0,18,198
09/16/2012,IPT,PA,AEA,EN,Federal Contract Tower,0,10,15,1,26,0,3,70,1,74,0,13,85,2,100,40,0,40,140
09/17/2012,IPT,PA,AEA,EN,Federal Contract Tower,0,8,1,0,9,0,4,33,0,37,0,12,34,0,46,24,0,24,70
09/18/2012,IPT,PA,AEA,EN,Federal Contract Tower,0,4,10,2,16,0,1,1,0,2,0,5,11,2,18,2,10,12,30
09/19/2012,IPT,PA,AEA,EN,Federal Contract Tower,0,7,5,0,12,0,2,36,0,38,0,9,41,0,50,10,10,20,70
09/20/2012,IPT,PA,AEA,EN,Federal Contract Tower,0,9,9,0,18,0,4,37,0,41,0,13,46,0,59,44,0,44,103
09/21/2012,IPT,PA,AEA,EN,Federal Contract Tower,0,8,16,2,26,0,4,15,3,22,0,12,31,5,48,0,12,12,60
09/22/2012,IPT,PA,AEA,EN,Federal Contract Tower,0,5,8,0,13,0,4,32,0,36,0,9,40,0,49,0,0,0,49
09/23/2012,IPT,PA,AEA,EN,Federal Contract Tower,0,6,9,0,15,0,6,35,1,42,0,12,44,1,57,10,0,10,67
09/24/2012,IPT,PA,AEA,EN,Federal Contract Tower,0,8,6,0,14,0,4,46,0,50,0,12,52,0,64,26,0,26,90
09/25/2012,IPT,PA,AEA,EN,Federal Contract Tower,0,6,8,4,18,0,2,29,0,31,0,8,37,4,49,4,0,4,53
09/26/2012,IPT,PA,AEA,EN,Federal Contract Tower,0,9,9,0,18,0,2,5,0,7,0,11,14,0,25,4,0,4,29
09/27/2012,IPT,PA,AEA,EN,Federal Contract Tower,0,10,10,0,20,0,6,28,0,34,0,16,38,0,54,26,0,26,80
09/28/2012,IPT,PA,AEA,EN,Federal Contract Tower,0,9,18,0,27,0,2,21,2,25,0,11,39,2,52,0,0,0,52
09/29/2012,IPT,PA,AEA,EN,Federal Contract Tower,0,9,12,0,21,0,9,30,3,42,0,18,42,3,63,16,0,16,79
09/30/2012,IPT,PA,AEA,EN,Federal Contract Tower,0,7,10,0,17,0,5,27,0,32,0,12,37,0,49,6,0,6,55
10/01/2012,IPT,PA,AEA,EN,Federal Contract Tower,0,6,5,0,11,0,0,33,0,33,0,6,38,0,44,6,0,6,50
10/02/2012,IPT,PA,AEA,EN,Federal Contract Tower,0,10,6,0,16,0,0,0,0,0,0,10,6,0,16,0,0,0,16
10/03/2012,IPT,PA,AEA,EN,Federal Contract Tower,0,11,19,0,30,0,2,30,0,32,0,13,49,0,62,0,0,0,62
10/04/2012,IPT,PA,AEA,EN,Federal Contract Tower,0,8,7,0,15,0,0,13,0,13,0,8,20,0,28,2,0,2,30
10/05/2012,IPT,PA,AEA,EN,Federal Contract Tower,0,9,7,0,16,0,0,41,0,41,0,9,48,0,57,12,0,12,69
10/06/2012,IPT,PA,AEA,EN,Federal Contract Tower,0,6,4,0,10,0,0,21,0,21,0,6,25,0,31,0,0,0,31
10/07/2012,IPT,PA,AEA,EN,Federal Contract Tower,0,5,11,0,16,0,3,33,0,36,0,8,44,0,52,14,0,14,66
10/08/2012,IPT,PA,AEA,EN,Federal Contract Tower,0,6,4,0,10,0,0,28,0,28,0,6,32,0,38,10,0,10,48
10/09/2012,IPT,PA,AEA,EN,Federal Contract Tower,0,12,12,0,24,0,2,41,0,43,0,14,53,0,67,26,0,26,93
10/10/2012,IPT,PA,AEA,EN,Federal Contract Tower,0,11,11,0,22,0,4,26,0,30,0,15,37,0,52,0,0,0,52
10/11/2012,IPT,PA,AEA,EN,Federal Contract Tower,0,6,13,0,19,0,4,52,1,57,0,10,65,1,76,32,0,32,108
10/12/2012,IPT,PA,AEA,EN,Federal Contract Tower,0,9,6,0,15,0,2,37,0,39,0,11,43,0,54,12,0,12,66
10/13/2012,IPT,PA,AEA,EN,Federal Contract Tower,0,7,9,0,16,0,3,65,0,68,0,10,74,0,84,30,0,30,114
10/14/2012,IPT,PA,AEA,EN,Federal Contract Tower,0,7,11,0,18,0,4,29,1,34,0,11,40,1,52,16,0,16,68
10/15/2012,IPT,PA,AEA,EN,Federal Contract Tower,0,5,2,0,7,0,0,17,0,17,0,5,19,0,24,0,0,0,24
10/16/2012,IPT,PA,AEA,EN,Federal Contract Tower,0,11,12,2,25,0,4,24,0,28,0,15,36,2,53,26,0,26,79
10/17/2012,IPT,PA,AEA,EN,Federal Contract Tower,0,10,7,0,17,0,1,45,0,46,0,11,52,0,63,0,0,0,63
10/18/2012,IPT,PA,AEA,EN,Federal Contract Tower,0,7,8,0,15,0,0,23,0,23,0,7,31,0,38,0,0,0,38
10/19/2012,IPT,PA,AEA,EN,Federal Contract Tower,0,7,6,0,13,0,2,4,0,6,0,9,10,0,19,0,0,0,19
10/20/2012,IPT,PA,AEA,EN,Federal Contract Tower,0,6,6,0,12,0,3,18,1,22,0,9,24,1,34,10,0,10,44
10/21/2012,IPT,PA,AEA,EN,Federal Contract Tower,0,6,5,0,11,0,3,36,0,39,0,9,41,0,50,12,0,12,62
10/22/2012,IPT,PA,AEA,EN,Federal Contract Tower,0,7,4,0,11,0,4,32,0,36,0,11,36,0,47,20,0,20,67
10/23/2012,IPT,PA,AEA,EN,Federal Contract Tower,0,7,3,1,11,0,5,26,5,36,0,12,29,6,47,24,0,24,71
10/24/2012,IPT,PA,AEA,EN,Federal Contract Tower,0,10,5,1,16,0,0,18,7,25,0,10,23,8,41,8,0,8,49
10/25/2012,IPT,PA,AEA,EN,Federal Contract Tower,0,16,16,4,36,0,5,21,0,26,0,21,37,4,62,12,0,12,74
10/26/2012,IPT,PA,AEA,EN,Federal Contract Tower,0,10,10,0,20,0,3,9,0,12,0,13,19,0,32,2,0,2,34
10/27/2012,IPT,PA,AEA,EN,Federal Contract Tower,0,6,17,4,27,0,2,6,0,8,0,8,23,4,35,0,0,0,35
10/28/2012,IPT,PA,AEA,EN,Federal Contract Tower,0,6,4,0,10,0,4,3,0,7,0,10,7,0,17,0,0,0,17
10/29/2012,IPT,PA,AEA,EN,Federal Contract Tower,0,0,0,0,0,0,0,13,0,13,0,0,13,0,13,0,0,0,13
10/30/2012,IPT,PA,AEA,EN,Federal Contract Tower,0,1,0,0,1,0,0,0,0,0,0,1,0,0,1,0,0,0,1
10/31/2012,IPT,PA,AEA,EN,Federal Contract Tower,0,11,4,0,15,0,2,2,0,4,0,13,6,0,19,0,0,0,19
11/01/2012,IPT,PA,AEA,EN,Federal Contract Tower,0,13,5,0,18,0,5,22,0,27,0,18,27,0,45,12,0,12,57
11/02/2012,IPT,PA,AEA,EN,Federal Contract Tower,0,7,4,0,11,0,0,17,0,17,0,7,21,0,28,10,0,10,38
11/03/2012,IPT,PA,AEA,EN,Federal Contract Tower,0,8,11,0,19,0,1,31,0,32,0,9,42,0,51,62,0,62,113
11/04/2012,IPT,PA,AEA,EN,Federal Contract Tower,0,7,9,0,16,0,3,34,2,39,0,10,43,2,55,32,0,32,87
11/05/2012,IPT,PA,AEA,EN,Federal Contract Tower,0,6,3,0,9,0,0,34,0,34,0,6,37,0,43,14,0,14,57
11/06/2012,IPT,PA,AEA,EN,Federal Contract Tower,0,12,9,0,21,0,14,27,0,41,0,26,36,0,62,6,0,6,68
11/07/2012,IPT,PA,AEA,EN,Federal Contract Tower,0,8,5,0,13,0,3,12,0,15,0,11,17,0,28,14,0,14,42
11/08/2012,IPT,PA,AEA,EN,Federal Contract Tower,6,7,0,0,13,0,4,22,2,28,6,11,22,2,41,0,8,8,49
11/09/2012,IPT,PA,AEA,EN,Federal Contract Tower,0,8,8,0,16,0,2,38,0,40,0,10,46,0,56,8,0,8,64
11/10/2012,IPT,PA,AEA,EN,Federal Contract Tower,0,4,10,0,14,0,0,27,0,27,0,4,37,0,41,0,0,0,41
11/11/2012,IPT,PA,AEA,EN,Federal Contract Tower,0,5,5,0,10,0,1,54,0,55,0,6,59,0,65,16,0,16,81
11/12/2012,IPT,PA,AEA,EN,Federal Contract Tower,0,10,2,0,12,0,2,22,0,24,0,12,24,0,36,16,0,16,52
11/13/2012,IPT,PA,AEA,EN,Federal Contract Tower,0,11,7,0,18,0,6,27,2,35,0,17,34,2,53,32,0,32,85
11/14/2012,IPT,PA,AEA,EN,Federal Contract Tower,0,10,10,0,20,0,6,25,0,31,0,16,35,0,51,22,0,22,73
11/15/2012,IPT,PA,AEA,EN,Federal Contract Tower,0,9,13,0,22,0,7,34,0,41,0,16,47,0,63,24,0,24,87
11/16/2012,IPT,PA,AEA,EN,Federal Contract Tower,0,8,2,2,12,0,3,37,0,40,0,11,39,2,52,24,0,24,76
11/17/2012,IPT,PA,AEA,EN,Federal Contract Tower,0,5,4,0,9,0,1,53,0,54,0,6,57,0,63,14,0,14,77
11/18/2012,IPT,PA,AEA,EN,Federal Contract Tower,0,8,8,0,16,0,6,38,0,44,0,14,46,0,60,6,0,6,66
11/19/2012,IPT,PA,AEA,EN,Federal Contract Tower,0,9,6,0,15,0,1,36,0,37,0,10,42,0,52,2,0,2,54
11/20/2012,IPT,PA,AEA,EN,Federal Contract Tower,0,9,6,0,15,0,5,24,0,29,0,14,30,0,44,12,0,12,56
11/21/2012,IPT,PA,AEA,EN,Federal Contract Tower,0,11,8,0,19,0,1,37,0,38,0,12,45,0,57,20,0,20,77
11/22/2012,IPT,PA,AEA,EN,Federal Contract Tower,0,3,2,0,5,0,5,13,0,18,0,8,15,0,23,8,0,8,31
11/23/2012,IPT,PA,AEA,EN,Federal Contract Tower,0,4,4,0,8,0,4,3,0,7,0,8,7,0,15,0,0,0,15
11/24/2012,IPT,PA,AEA,EN,Federal Contract Tower,0,4,0,0,4,0,4,15,0,19,0,8,15,0,23,14,0,14,37
11/25/2012,IPT,PA,AEA,EN,Federal Contract Tower,0,13,12,0,25,0,0,17,0,17,0,13,29,0,42,28,0,28,70
11/26/2012,IPT,PA,AEA,EN,Federal Contract Tower,0,8,2,0,10,0,0,25,0,25,0,8,27,0,35,2,0,2,37
11/27/2012,IPT,PA,AEA,EN,Federal Contract Tower,0,6,5,0,11,0,0,0,0,0,0,6,5,0,11,0,0,0,11
11/28/2012,IPT,PA,AEA,EN,Federal Contract Tower,0,10,5,0,15,0,4,20,0,24,0,14,25,0,39,4,0,4,43
11/29/2012,IPT,PA,AEA,EN,Federal Contract Tower,0,10,9,0,19,0,0,28,0,28,0,10,37,0,47,6,0,6,53
11/30/2012,IPT,PA,AEA,EN,Federal Contract Tower,0,7,2,0,9,0,2,32,0,34,0,9,34,0,43,12,0,12,55
12/01/2012,IPT,PA,AEA,EN,Federal Contract Tower,0,6,8,0,14,0,0,0,0,0,0,6,8,0,14,0,0,0,14
12/02/2012,IPT,PA,AEA,EN,Federal Contract Tower,0,7,5,0,12,0,0,0,0,0,0,7,5,0,12,0,0,0,12
12/03/2012,IPT,PA,AEA,EN,Federal Contract Tower,0,1,4,0,5,0,0,0,0,0,0,1,4,0,5,0,0,0,5
12/04/2012,IPT,PA,AEA,EN,Federal Contract Tower,0,9,8,0,17,0,0,10,0,10,0,9,18,0,27,0,0,0,27
12/05/2012,IPT,PA,AEA,EN,Federal Contract Tower,0,7,4,0,11,0,5,13,0,18,0,12,17,0,29,18,0,18,47
12/06/2012,IPT,PA,AEA,EN,Federal Contract Tower,0,7,2,1,10,0,0,19,1,20,0,7,21,2,30,2,0,2,32
12/07/2012,IPT,PA,AEA,EN,Federal Contract Tower,0,7,4,0,11,0,0,0,0,0,0,7,4,0,11,0,0,0,11
12/08/2012,IPT,PA,AEA,EN,Federal Contract Tower,0,6,0,0,6,0,0,0,0,0,0,6,0,0,6,0,0,0,6
12/09/2012,IPT,PA,AEA,EN,Federal Contract Tower,0,6,3,0,9,0,0,7,0,7,0,6,10,0,16,16,0,16,32
12/10/2012,IPT,PA,AEA,EN,Federal Contract Tower,0,10,4,0,14,0,0,0,0,0,0,10,4,0,14,0,0,0,14
12/11/2012,IPT,PA,AEA,EN,Federal Contract Tower,0,11,8,0,19,0,1,11,0,12,0,12,19,0,31,10,0,10,41
12/12/2012,IPT,PA,AEA,EN,Federal Contract Tower,0,7,10,0,17,0,0,34,0,34,0,7,44,0,51,0,0,0,51
12/13/2012,IPT,PA,AEA,EN,Federal Contract Tower,0,7,4,0,11,0,0,33,8,41,0,7,37,8,52,14,16,30,82
12/14/2012,IPT,PA,AEA,EN,Federal Contract Tower,0,7,14,2,23,0,0,29,2,31,0,7,43,4,54,18,0,18,72
12/15/2012,IPT,PA,AEA,EN,Federal Contract Tower,0,5,8,0,13,0,1,43,0,44,0,6,51,0,57,34,0,34,91
12/16/2012,IPT,PA,AEA,EN,Federal Contract Tower,0,5,2,0,7,0,2,3,0,5,0,7,5,0,12,4,0,4,16
12/17/2012,IPT,PA,AEA,EN,Federal Contract Tower,0,5,5,0,10,0,0,0,0,0,0,5,5,0,10,0,0,0,10
12/18/2012,IPT,PA,AEA,EN,Federal Contract Tower,0,7,6,0,13,0,1,0,0,1,0,8,6,0,14,0,0,0,14
12/19/2012,IPT,PA,AEA,EN,Federal Contract Tower,0,8,9,0,17,0,0,20,0,20,0,8,29,0,37,22,0,22,59
12/20/2012,IPT,PA,AEA,EN,Federal Contract Tower,0,6,11,0,17,0,1,23,0,24,0,7,34,0,41,6,0,6,47
12/21/2012,IPT,PA,AEA,EN,Federal Contract Tower,0,7,0,0,7,0,0,3,0,3,0,7,3,0,10,0,0,0,10
12/22/2012,IPT,PA,AEA,EN,Federal Contract Tower,0,4,4,0,8,0,0,2,0,2,0,4,6,0,10,20,0,20,30
12/23/2012,IPT,PA,AEA,EN,Federal Contract Tower,0,5,3,2,10,0,1,31,0,32,0,6,34,2,42,16,0,16,58
12/24/2012,IPT,PA,AEA,EN,Federal Contract Tower,0,7,3,0,10,0,3,15,0,18,0,10,18,0,28,6,0,6,34
12/25/2012,IPT,PA,AEA,EN,Federal Contract Tower,0,6,1,0,7,0,3,0,0,3,0,9,1,0,10,0,0,0,10
12/26/2012,IPT,PA,AEA,EN,Federal Contract Tower,0,2,2,0,4,0,0,1,0,1,0,2,3,0,5,0,0,0,5
12/27/2012,IPT,PA,AEA,EN,Federal Contract Tower,0,8,6,0,14,0,0,1,0,1,0,8,7,0,15,0,0,0,15
12/28/2012,IPT,PA,AEA,EN,Federal Contract Tower,0,7,3,0,10,0,7,2,0,9,0,14,5,0,19,0,0,0,19
12/29/2012,IPT,PA,AEA,EN,Federal Contract Tower,0,4,0,0,4,0,0,0,0,0,0,4,0,0,4,0,0,0,4
12/30/2012,IPT,PA,AEA,EN,Federal Contract Tower,0,5,3,0,8,0,0,2,0,2,0,5,5,0,10,0,0,0,10
12/31/2012,IPT,PA,AEA,EN,Federal Contract Tower,0,10,0,0,10,0,2,23,0,25,0,12,23,0,35,0,0,0,35
01/01/2013,IPT,PA,AEA,EN,Federal Contract Tower,0,6,2,0,8,0,3,3,0,6,0,9,5,0,14,0,0,0,14
01/02/2013,IPT,PA,AEA,EN,Federal Contract Tower,0,9,7,0,16,0,5,11,0,16,0,14,18,0,32,18,0,18,50
01/03/2013,IPT,PA,AEA,EN,Federal Contract Tower,0,7,9,2,18,0,0,18,2,20,0,7,27,4,38,6,0,6,44
01/04/2013,IPT,PA,AEA,EN,Federal Contract Tower,0,11,7,0,18,0,0,18,0,18,0,11,25,0,36,2,0,2,38
01/05/2013,IPT,PA,AEA,EN,Federal Contract Tower,0,5,2,0,7,0,0,30,0,30,0,5,32,0,37,0,0,0,37
01/06/2013,IPT,PA,AEA,EN,Federal Contract Tower,0,5,2,0,7,0,0,31,0,31,0,5,33,0,38,20,0,20,58
01/07/2013,IPT,PA,AEA,EN,Federal Contract Tower,0,8,2,0,10,0,1,41,0,42,0,9,43,0,52,38,0,38,90
01/08/2013,IPT,PA,AEA,EN,Federal Contract Tower,0,5,10,0,15,0,2,24,2,28,0,7,34,2,43,24,0,24,67
01/09/2013,IPT,PA,AEA,EN,Federal Contract Tower,0,13,19,0,32,0,0,7,0,7,0,13,26,0,39,8,0,8,47
01/10/2013,IPT,PA,AEA,EN,Federal Contract Tower,0,10,11,0,21,0,2,34,2,38,0,12,45,2,59,0,0,0,59
01/11/2013,IPT,PA,AEA,EN,Federal Contract Tower,0,6,6,0,12,0,0,4,0,4,0,6,10,0,16,0,0,0,16
01/12/2013,IPT,PA,AEA,EN,Federal Contract Tower,0,4,11,0,15,0,0,0,0,0,0,4,11,0,15,0,0,0,15
01/13/2013,IPT,PA,AEA,EN,Federal Contract Tower,0,2,5,0,7,0,0,0,0,0,0,2,5,0,7,0,0,0,7
01/14/2013,IPT,PA,AEA,EN,Federal Contract Tower,0,6,6,0,12,0,4,23,0,27,0,10,29,0,39,6,0,6,45
01/15/2013,IPT,PA,AEA,EN,Federal Contract Tower,0,9,2,0,11,0,9,14,0,23,0,18,16,0,34,6,10,16,50
01/16/2013,IPT,PA,AEA,EN,Federal Contract Tower,0,8,5,0,13,0,0,0,0,0,0,8,5,0,13,0,0,0,13
01/17/2013,IPT,PA,AEA,EN,Federal Contract Tower,0,13,7,0,20,0,0,14,0,14,0,13,21,0,34,16,0,16,50
01/18/2013,IPT,PA,AEA,EN,Federal Contract Tower,0,11,5,0,16,0,8,22,0,30,0,19,27,0,46,8,0,8,54
01/19/2013,IPT,PA,AEA,EN,Federal Contract Tower,0,5,6,0,11,0,2,38,0,40,0,7,44,0,51,32,0,32,83
01/20/2013,IPT,PA,AEA,EN,Federal Contract Tower,0,5,4,0,9,0,2,18,0,20,0,7,22,0,29,10,0,10,39
01/21/2013,IPT,PA,AEA,EN,Federal Contract Tower,0,9,3,0,12,0,0,7,0,7,0,9,10,0,19,2,0,2,21
01/22/2013,IPT,PA,AEA,EN,Federal Contract Tower,0,10,5,2,17,0,2,4,0,6,0,12,9,2,23,0,0,0,23
01/23/2013,IPT,PA,AEA,EN,Federal Contract Tower,0,8,14,0,22,0,3,14,0,17,0,11,28,0,39,18,0,18,57
01/24/2013,IPT,PA,AEA,EN,Federal Contract Tower,0,11,7,0,18,0,1,26,0,27,0,12,33,0,45,22,0,22,67
01/25/2013,IPT,PA,AEA,EN,Federal Contract Tower,0,5,5,0,10,0,0,7,0,7,0,5,12,0,17,0,0,0,17
01/26/2013,IPT,PA,AEA,EN,Federal Contract Tower,0,6,8,0,14,0,0,25,0,25,0,6,33,0,39,24,0,24,63
01/27/2013,IPT,PA,AEA,EN,Federal Contract Tower,0,6,2,0,8,0,34,4,0,38,0,40,6,0,46,64,0,64,110
01/28/2013,IPT,PA,AEA,EN,Federal Contract Tower,0,4,3,0,7,0,0,0,0,0,0,4,3,0,7,0,0,0,7
01/29/2013,IPT,PA,AEA,EN,Federal Contract Tower,0,4,3,1,8,0,0,0,0,0,0,4,3,1,8,0,0,0,8
01/30/2013,IPT,PA,AEA,EN,Federal Contract Tower,0,6,5,0,11,0,0,0,0,0,0,6,5,0,11,0,0,0,11
01/31/2013,IPT,PA,AEA,EN,Federal Contract Tower,0,6,5,0,11,0,0,4,0,4,0,6,9,0,15,0,0,0,15
02/01/2013,IPT,PA,AEA,EN,Federal Contract Tower,0,7,3,0,10,0,0,7,0,7,0,7,10,0,17,2,0,2,19
02/02/2013,IPT,PA,AEA,EN,Federal Contract Tower,0,4,7,0,11,0,0,23,1,24,0,4,30,1,35,24,0,24,59
02/03/2013,IPT,PA,AEA,EN,Federal Contract Tower,0,5,6,0,11,0,0,0,0,0,0,5,6,0,11,0,0,0,11
02/04/2013,IPT,PA,AEA,EN,Federal Contract Tower,0,10,6,0,16,0,2,24,0,26,0,12,30,0,42,16,0,16,58
02/05/2013,IPT,PA,AEA,EN,Federal Contract Tower,0,7,4,1,12,0,0,2,1,3,0,7,6,2,15,0,0,0,15
02/06/2013,IPT,PA,AEA,EN,Federal Contract Tower,0,8,4,0,12,0,1,14,0,15,0,9,18,0,27,20,0,20,47
02/07/2013,IPT,PA,AEA,EN,Federal Contract Tower,0,12,4,0,16,0,3,27,0,30,0,15,31,0,46,16,0,16,62
02/08/2013,IPT,PA,AEA,EN,Federal Contract Tower,0,4,2,0,6,0,0,0,0,0,0,4,2,0,6,0,0,0,6
02/09/2013,IPT,PA,AEA,EN,Federal Contract Tower,0,4,2,0,6,0,2,6,0,8,0,6,8,0,14,18,0,18,32
02/10/2013,IPT,PA,AEA,EN,Federal Contract Tower,0,5,7,0,12,0,0,52,0,52,0,5,59,0,64,36,0,36,100
02/11/2013,IPT,PA,AEA,EN,Federal Contract Tower,0,5,1,0,6,0,0,0,0,0,0,5,1,0,6,0,0,0,6
02/12/2013,IPT,PA,AEA,EN,Federal Contract Tower,0,11,11,0,22,0,0,17,2,19,0,11,28,2,41,8,0,8,49
02/13/2013,IPT,PA,AEA,EN,Federal Contract Tower,0,8,14,0,22,0,1,27,0,28,0,9,41,0,50,24,0,24,74
02/14/2013,IPT,PA,AEA,EN,Federal Contract Tower,0,7,5,0,12,0,0,23,0,23,0,7,28,0,35,22,0,22,57
02/15/2013,IPT,PA,AEA,EN,Federal Contract Tower,0,7,12,0,19,0,1,18,0,19,0,8,30,0,38,2,0,2,40
02/16/2013,IPT,PA,AEA,EN,Federal Contract Tower,0,6,4,0,10,0,0,26,0,26,0,6,30,0,36,16,0,16,52
02/17/2013,IPT,PA,AEA,EN,Federal Contract Tower,0,7,3,0,10,0,0,10,0,10,0,7,13,0,20,14,0,14,34
02/18/2013,IPT,PA,AEA,EN,Federal Contract Tower,0,6,8,0,14,0,1,29,2,32,0,7,37,2,46,16,0,16,62
02/19/2013,IPT,PA,AEA,EN,Federal Contract Tower,0,7,7,0,14,0,0,0,0,0,0,7,7,0,14,0,0,0,14
02/20/2013,IPT,PA,AEA,EN,Federal Contract Tower,0,7,3,0,10,0,0,1,0,1,0,7,4,0,11,0,0,0,11
02/21/2013,IPT,PA,AEA,EN,Federal Contract Tower,0,7,10,5,22,0,0,17,3,20,0,7,27,8,42,26,0,26,68
02/22/2013,IPT,PA,AEA,EN,Federal Contract Tower,0,7,5,0,12,0,0,7,0,7,0,7,12,0,19,12,0,12,31
02/23/2013,IPT,PA,AEA,EN,Federal Contract Tower,0,6,0,0,6,0,0,0,0,0,0,6,0,0,6,0,0,0,6
02/24/2013,IPT,PA,AEA,EN,Federal Contract Tower,0,4,4,0,8,0,0,4,4,8,0,4,8,4,16,12,0,12,28
02/25/2013,IPT,PA,AEA,EN,Federal Contract Tower,0,9,10,0,19,0,0,43,2,45,0,9,53,2,64,0,24,24,88
02/26/2013,IPT,PA,AEA,EN,Federal Contract Tower,0,9,3,0,12,0,0,4,0,4,0,9,7,0,16,0,0,0,16
02/27/2013,IPT,PA,AEA,EN,Federal Contract Tower,0,15,8,0,23,0,0,0,0,0,0,15,8,0,23,0,0,0,23
02/28/2013,IPT,PA,AEA,EN,Federal Contract Tower,0,7,4,0,11,0,0,7,0,7,0,7,11,0,18,24,0,24,42
03/01/2013,IPT,PA,AEA,EN,Federal Contract Tower,0,6,8,0,14,0,0,20,0,20,0,6,28,0,34,16,0,16,50
03/02/2013,IPT,PA,AEA,EN,Federal Contract Tower,0,7,2,0,9,0,3,29,4,36,0,10,31,4,45,22,2,24,69
03/03/2013,IPT,PA,AEA,EN,Federal Contract Tower,0,5,6,0,11,0,4,23,0,27,0,9,29,0,38,32,0,32,70
03/04/2013,IPT,PA,AEA,EN,Federal Contract Tower,0,8,6,0,14,0,0,30,0,30,0,8,36,0,44,20,0,20,64
03/05/2013,IPT,PA,AEA,EN,Federal Contract Tower,0,11,4,5,20,0,1,0,1,2,0,12,4,6,22,14,0,14,36
03/06/2013,IPT,PA,AEA,EN,Federal Contract Tower,0,11,10,0,21,0,0,3,0,3,0,11,13,0,24,6,0,6,30
03/07/2013,IPT,PA,AEA,EN,Federal Contract Tower,0,7,6,0,13,0,0,24,0,24,0,7,30,0,37,0,0,0,37
03/08/2013,IPT,PA,AEA,EN,Federal Contract Tower,0,8,14,3,25,0,0,12,3,15,0,8,26,6,40,0,18,18,58
03/09/2013,IPT,PA,AEA,EN,Federal Contract Tower,0,7,4,0,11,0,0,61,1,62,0,7,65,1,73,22,0,22,95
03/10/2013,IPT,PA,AEA,EN,Federal Contract Tower,0,6,9,0,15,0,0,61,0,61,0,6,70,0,76,2,0,2,78
03/11/2013,IPT,PA,AEA,EN,Federal Contract Tower,0,6,6,0,12,0,0,10,0,10,0,6,16,0,22,0,0,0,22
03/12/2013,IPT,PA,AEA,EN,Federal Contract Tower,0,9,3,0,12,0,2,0,0,2,0,11,3,0,14,0,0,0,14
03/13/2013,IPT,PA,AEA,EN,Federal Contract Tower,0,8,5,5,18,0,4,3,0,7,0,12,8,5,25,0,2,2,27
03/14/2013,IPT,PA,AEA,EN,Federal Contract Tower,0,14,5,0,19,0,0,20,0,20,0,14,25,0,39,10,0,10,49
03/15/2013,IPT,PA,AEA,EN,Federal Contract Tower,0,5,6,2,13,0,1,30,0,31,0,6,36,2,44,16,0,16,60
03/16/2013,IPT,PA,AEA,EN,Federal Contract Tower,0,4,3,0,7,0,0,0,0,0,0,4,3,0,7,14,0,14,21
03/17/2013,IPT,PA,AEA,EN,Federal Contract Tower,0,6,6,0,12,0,2,42,0,44,0,8,48,0,56,20,0,20,76
03/18/2013,IPT,PA,AEA,EN,Federal Contract Tower,0,5,0,0,5,0,0,3,0,3,0,5,3,0,8,0,0,0,8
03/19/2013,IPT,PA,AEA,EN,Federal Contract Tower,2,6,7,0,15,0,0,10,0,10,2,6,17,0,25,0,0,0,25
03/20/2013,IPT,PA,AEA,EN,Federal Contract Tower,0,7,11,0,18,0,0,2,0,2,0,7,13,0,20,0,0,0,20
03/21/2013,IPT,PA,AEA,EN,Federal Contract Tower,0,7,6,0,13,0,0,26,0,26,0,7,32,0,39,18,0,18,57
03/22/2013,IPT,PA,AEA,EN,Federal Contract Tower,0,7,4,2,13,0,0,28,2,30,0,7,32,4,43,0,2,2,45
03/23/2013,IPT,PA,AEA,EN,Federal Contract Tower,0,4,7,0,11,0,3,50,0,53,0,7,57,0,64,20,2,22,86
03/24/2013,IPT,PA,AEA,EN,Federal Contract Tower,0,6,11,0,17,0,3,55,0,58,0,9,66,0,75,60,0,60,135
03/25/2013,IPT,PA,AEA,EN,Federal Contract Tower,0,3,6,0,9,0,0,0,0,0,0,3,6,0,9,0,0,0,9
03/26/2013,IPT,PA,AEA,EN,Federal Contract Tower,0,9,5,0,14,0,0,24,2,26,0,9,29,2,40,30,0,30,70
03/27/2013,IPT,PA,AEA,EN,Federal Contract Tower,0,7,19,0,26,0,0,34,0,34,0,7,53,0,60,26,0,26,86
03/28/2013,IPT,PA,AEA,EN,Federal Contract Tower,0,9,4,0,13,0,0,23,0,23,0,9,27,0,36,28,0,28,64
03/29/2013,IPT,PA,AEA,EN,Federal Contract Tower,0,7,7,0,14,0,2,42,0,44,0,9,49,0,58,48,0,48,106
03/30/2013,IPT,PA,AEA,EN,Federal Contract Tower,0,4,19,0,23,0,3,42,0,45,0,7,61,0,68,46,0,46,114
03/31/2013,IPT,PA,AEA,EN,Federal Contract Tower,0,8,1,0,9,0,0,0,0,0,0,8,1,0,9,0,0,0,9
04/01/2013,IPT,PA,AEA,EN,Federal Contract Tower,0,10,4,0,14,0,8,14,0,22,0,18,18,0,36,0,0,0,36
04/02/2013,IPT,PA,AEA,EN,Federal Contract Tower,0,9,5,0,14,0,7,24,2,33,0,16,29,2,47,0,0,0,47
04/03/2013,IPT,PA,AEA,EN,Federal Contract Tower,0,16,8,4,28,0,7,34,3,44,0,23,42,7,72,0,14,14,86
04/04/2013,IPT,PA,AEA,EN,Federal Contract Tower,9,4,0,0,13,0,1,30,1,32,9,5,30,1,45,20,2,22,67
04/05/2013,IPT,PA,AEA,EN,Federal Contract Tower,0,7,2,0,9,0,1,20,0,21,0,8,22,0,30,12,0,12,42
04/06/2013,IPT,PA,AEA,EN,Federal Contract Tower,0,5,11,0,16,0,2,56,2,60,0,7,67,2,76,28,0,28,104
04/07/2013,IPT,PA,AEA,EN,Federal Contract Tower,0,6,6,0,12,0,0,12,0,12,0,6,18,0,24,0,0,0,24
04/08/2013,IPT,PA,AEA,EN,Federal Contract Tower,0,6,6,0,12,0,2,38,0,40,0,8,44,0,52,30,0,30,82
04/09/2013,IPT,PA,AEA,EN,Federal Contract Tower,0,12,16,0,28,0,4,52,0,56,0,16,68,0,84,34,0,34,118
04/10/2013,IPT,PA,AEA,EN,Federal Contract Tower,0,8,6,0,14,0,0,6,0,6,0,8,12,0,20,0,0,0,20
04/11/2013,IPT,PA,AEA,EN,Federal Contract Tower,0,7,7,0,14,0,0,11,0,11,0,7,18,0,25,28,0,28,53
04/12/2013,IPT,PA,AEA,EN,Federal Contract Tower,0,7,6,2,15,0,0,0,0,0,0,7,6,2,15,0,0,0,15
04/13/2013,IPT,PA,AEA,EN,Federal Contract Tower,0,5,8,0,13,0,3,45,0,48,0,8,53,0,61,14,0,14,75
04/14/2013,IPT,PA,AEA,EN,Federal Contract Tower,0,6,8,0,14,0,7,44,2,53,0,13,52,2,67,18,0,18,85
04/15/2013,IPT,PA,AEA,EN,Federal Contract Tower,0,8,3,0,11,0,3,19,0,22,0,11,22,0,33,14,0,14,47
04/16/2013,IPT,PA,AEA,EN,Federal Contract Tower,0,10,12,2,24,0,5,17,0,22,0,15,29,2,46,0,0,0,46
04/17/2013,IPT,PA,AEA,EN,Federal Contract Tower,0,9,16,0,25,0,7,46,0,53,0,16,62,0,78,52,0,52,130
04/18/2013,IPT,PA,AEA,EN,Federal Contract Tower,0,8,12,0,20,0,2,4,0,6,0,10,16,0,26,10,0,10,36
04/19/2013,IPT,PA,AEA,EN,Federal Contract Tower,0,6,5,0,11,0,0,0,0,0,0,6,5,0,11,0,0,0,11
04/20/2013,IPT,PA,AEA,EN,Federal Contract Tower,0,3,5,0,8,0,1,24,3,28,0,4,29,3,36,20,0,20,56
04/21/2013,IPT,PA,AEA,EN,Federal Contract Tower,0,3,10,0,13,0,0,60,0,60,0,3,70,0,73,16,0,16,89
04/22/2013,IPT,PA,AEA,EN,Federal Contract Tower,0,8,6,0,14,0,0,36,0,36,0,8,42,0,50,40,0,40,90
04/23/2013,IPT,PA,AEA,EN,Federal Contract Tower,0,9,4,0,13,0,0,56,1,57,0,9,60,1,70,54,0,54,124
04/24/2013,IPT,PA,AEA,EN,Federal Contract Tower,0,11,4,0,15,0,2,5,0,7,0,13,9,0,22,0,0,0,22
04/25/2013,IPT,PA,AEA,EN,Federal Contract Tower,0,9,9,0,18,0,2,34,0,36,0,11,43,0,54,24,0,24,78
04/26/2013,IPT,PA,AEA,EN,Federal Contract Tower,0,8,9,0,17,0,4,48,0,52,0,12,57,0,69,34,0,34,103
04/27/2013,IPT,PA,AEA,EN,Federal Contract Tower,0,6,7,0,13,0,2,56,2,60,0,8,63,2,73,22,0,22,95
04/28/2013,IPT,PA,AEA,EN,Federal Contract Tower,0,6,12,0,18,0,1,39,0,40,0,7,51,0,58,0,0,0,58
04/29/2013,IPT,PA,AEA,EN,Federal Contract Tower,0,11,5,0,16,0,0,0,0,0,0,11,5,0,16,0,0,0,16
04/30/2013,IPT,PA,AEA,EN,Federal Contract Tower,0,11,16,0,27,0,2,14,1,17,0,13,30,1,44,28,2,30,74
05/01/2013,IPT,PA,AEA,EN,Federal Contract Tower,0,5,9,0,14,0,5,40,0,45,0,10,49,0,59,20,0,20,79
05/02/2013,IPT,PA,AEA,EN,Federal Contract Tower,0,7,8,0,15,0,1,43,0,44,0,8,51,0,59,40,0,40,99
05/03/2013,IPT,PA,AEA,EN,Federal Contract Tower,0,7,5,0,12,0,2,38,0,40,0,9,43,0,52,24,0,24,76
05/04/2013,IPT,PA,AEA,EN,Federal Contract Tower,0,4,8,0,12,0,2,59,0,61,0,6,67,0,73,36,0,36,109
05/05/2013,IPT,PA,AEA,EN,Federal Contract Tower,0,6,9,3,18,0,0,44,1,45,0,6,53,4,63,14,22,36,99
05/06/2013,IPT,PA,AEA,EN,Federal Contract Tower,0,8,9,0,17,0,2,51,2,55,0,10,60,2,72,2,0,2,74
05/07/2013,IPT,PA,AEA,EN,Federal Contract Tower,0,9,9,4,22,0,1,25,0,26,0,10,34,4,48,48,0,48,96
05/08/2013,IPT,PA,AEA,EN,Federal Contract Tower,0,6,6,0,12,0,0,3,0,3,0,6,9,0,15,0,0,0,15
05/09/2013,IPT,PA,AEA,EN,Federal Contract Tower,0,7,17,0,24,0,4,7,0,11,0,11,24,0,35,0,0,0,35
05/10/2013,IPT,PA,AEA,EN,Federal Contract Tower,0,6,8,0,14,0,1,10,0,11,0,7,18,0,25,0,0,0,25
05/11/2013,IPT,PA,AEA,EN,Federal Contract Tower,0,7,7,0,14,0,3,11,0,14,0,10,18,0,28,0,0,0,28
05/12/2013,IPT,PA,AEA,EN,Federal Contract Tower,0,7,10,0,17,0,1,19,0,20,0,8,29,0,37,0,0,0,37
05/13/2013,IPT,PA,AEA,EN,Federal Contract Tower,0,8,8,0,16,0,1,22,0,23,0,9,30,0,39,4,0,4,43
05/14/2013,IPT,PA,AEA,EN,Federal Contract Tower,0,10,11,0,21,0,4,40,2,46,0,14,51,2,67,20,0,20,87
05/15/2013,IPT,PA,AEA,EN,Federal Contract Tower,0,12,10,0,22,0,6,38,0,44,0,18,48,0,66,16,0,16,82
05/16/2013,IPT,PA,AEA,EN,Federal Contract Tower,0,9,17,0,26,0,2,43,0,45,0,11,60,0,71,0,0,0,71
05/17/2013,IPT,PA,AEA,EN,Federal Contract Tower,0,7,6,0,13,0,6,60,1,67,0,13,66,1,80,0,0,0,80
05/18/2013,IPT,PA,AEA,EN,Federal Contract Tower,0,6,10,0,16,0,1,42,0,43,0,7,52,0,59,2,0,2,61
05/19/2013,IPT,PA,AEA,EN,Federal Contract Tower,0,13,10,0,23,0,2,9,0,11,0,15,19,0,34,0,0,0,34
05/20/2013,IPT,PA,AEA,EN,Federal Contract Tower,0,8,13,0,21,0,1,22,0,23,0,9,35,0,44,16,0,16,60
05/21/2013,IPT,PA,AEA,EN,Federal Contract Tower,0,7,8,0,15,0,1,19,0,20,0,8,27,0,35,6,0,6,41
05/22/2013,IPT,PA,AEA,EN,Federal Contract Tower,0,6,7,0,13,0,2,35,0,37,0,8,42,0,50,0,0,0,50
05/23/2013,IPT,PA,AEA,EN,Federal Contract Tower,0,6,7,0,13,0,2,4,0,6,0,8,11,0,19,14,0,14,33
05/24/2013,IPT,PA,AEA,EN,Federal Contract Tower,0,14,10,0,24,0,2,4,0,6,0,16,14,0,30,0,0,0,30
05/25/2013,IPT,PA,AEA,EN,Federal Contract Tower,0,3,7,0,10,0,9,11,0,20,0,12,18,0,30,0,0,0,30
05/26/2013,IPT,PA,AEA,EN,Federal Contract Tower,0,6,2,0,8,0,0,33,0,33,0,6,35,0,41,16,0,16,57
05/27/2013,IPT,PA,AEA,EN,Federal Contract Tower,0,9,5,0,14,0,3,63,0,66,0,12,68,0,80,8,0,8,88
05/28/2013,IPT,PA,AEA,EN,Federal Contract Tower,0,8,26,0,34,0,0,2,0,2,0,8,28,0,36,6,0,6,42
05/29/2013,IPT,PA,AEA,EN,Federal Contract Tower,0,8,15,0,23,0,4,34,2,40,0,12,49,2,63,8,0,8,71
05/30/2013,IPT,PA,AEA,EN,Federal Contract Tower,0,12,20,4,36,0,1,51,7,59,0,13,71,11,95,30,4,34,129
05/31/2013,IPT,PA,AEA,EN,Federal Contract Tower,0,7,23,0,30,0,1,64,0,65,0,8,87,0,95,20,0,20,115
06/01/2013,IPT,PA,AEA,EN,Federal Contract Tower,0,5,2,0,7,0,1,89,0,90,0,6,91,0,97,60,0,60,157
06/02/2013,IPT,PA,AEA,EN,Federal Contract Tower,0,5,24,0,29,0,3,97,0,100,0,8,121,0,129,40,0,40,169
06/03/2013,IPT,PA,AEA,EN,Federal Contract Tower,0,6,17,0,23,0,0,34,0,34,0,6,51,0,57,10,0,10,67
06/04/2013,IPT,PA,AEA,EN,Federal Contract Tower,0,12,12,0,24,0,2,52,0,54,0,14,64,0,78,40,0,40,118
06/05/2013,IPT,PA,AEA,EN,Federal Contract Tower,0,11,7,1,19,0,1,55,0,56,0,12,62,1,75,24,0,24,99
06/06/2013,IPT,PA,AEA,EN,Federal Contract Tower,0,5,11,0,16,0,4,8,0,12,0,9,19,0,28,0,0,0,28
06/07/2013,IPT,PA,AEA,EN,Federal Contract Tower,0,6,0,0,6,0,0,0,0,0,0,6,0,0,6,22,0,22,28
06/08/2013,IPT,PA,AEA,EN,Federal Contract Tower,0,2,11,0,13,0,0,27,0,27,0,2,38,0,40,0,0,0,40
06/09/2013,IPT,PA,AEA,EN,Federal Contract Tower,0,6,6,0,12,0,2,46,3,51,0,8,52,3,63,2,0,2,65
06/10/2013,IPT,PA,AEA,EN,Federal Contract Tower,0,9,1,0,10,0,0,0,0,0,0,9,1,0,10,0,0,0,10
06/11/2013,IPT,PA,AEA,EN,Federal Contract Tower,0,5,3,0,8,0,4,10,2,16,0,9,13,2,24,38,0,38,62
06/12/2013,IPT,PA,AEA,EN,Federal Contract Tower,0,8,7,1,16,0,7,46,0,53,0,15,53,1,69,28,2,30,99
06/13/2013,IPT,PA,AEA,EN,Federal Contract Tower,0,9,1,0,10,0,0,1,0,1,0,9,2,0,11,0,0,0,11
06/14/2013,IPT,PA,AEA,EN,Federal Contract Tower,0,10,14,0,24,0,1,24,0,25,0,11,38,0,49,10,0,10,59
06/15/2013,IPT,PA,AEA,EN,Federal Contract Tower,0,7,14,0,21,0,6,51,0,57,0,13,65,0,78,12,0,12,90
06/16/2013,IPT,PA,AEA,EN,Federal Contract Tower,0,9,4,0,13,0,2,27,0,29,0,11,31,0,42,2,0,2,44
06/17/2013,IPT,PA,AEA,EN,Federal Contract Tower,0,10,5,0,15,0,2,35,2,39,0,12,40,2,54,20,2,22,76
06/18/2013,IPT,PA,AEA,EN,Federal Contract Tower,0,9,12,0,21,0,2,14,0,16,0,11,26,0,37,0,0,0,37
06/19/2013,IPT,PA,AEA,EN,Federal Contract Tower,0,10,9,0,19,0,7,44,4,55,0,17,53,4,74,24,0,24,98
06/20/2013,IPT,PA,AEA,EN,Federal Contract Tower,0,8,11,0,19,0,1,32,0,33,0,9,43,0,52,24,0,24,76
06/21/2013,IPT,PA,AEA,EN,Federal Contract Tower,0,10,9,0,19,0,0,31,2,33,0,10,40,2,52,22,0,22,74
06/22/2013,IPT,PA,AEA,EN,Federal Contract Tower,0,5,11,0,16,0,3,45,0,48,0,8,56,0,64,16,0,16,80
06/23/2013,IPT,PA,AEA,EN,Federal Contract Tower,0,7,10,0,17,0,3,33,0,36,0,10,43,0,53,8,0,8,61
06/24/2013,IPT,PA,AEA,EN,Federal Contract Tower,0,8,8,0,16,0,2,29,1,32,0,10,37,1,48,8,0,8,56
06/25/2013,IPT,PA,AEA,EN,Federal Contract Tower,0,15,10,0,25,0,6,34,0,40,0,21,44,0,65,44,0,44,109
06/26/2013,IPT,PA,AEA,EN,Federal Contract Tower,0,10,5,0,15,0,2,24,0,26,0,12,29,0,41,16,0,16,57
06/27/2013,IPT,PA,AEA,EN,Federal Contract Tower,0,8,9,0,17,0,7,0,0,7,0,15,9,0,24,0,0,0,24
06/28/2013,IPT,PA,AEA,EN,Federal Contract Tower,0,4,10,0,14,0,8,5,0,13,0,12,15,0,27,0,0,0,27
06/29/2013,IPT,PA,AEA,EN,Federal Contract Tower,0,6,4,0,10,0,3,35,2,40,0,9,39,2,50,10,0,10,60
06/30/2013,IPT,PA,AEA,EN,Federal Contract Tower,0,6,4,0,10,0,1,37,0,38,0,7,41,0,48,26,0,26,74
07/01/2013,IPT,PA,AEA,EN,Federal Contract Tower,0,6,9,0,15,0,7,7,0,14,0,13,16,0,29,10,0,10,39
07/02/2013,IPT,PA,AEA,EN,Federal Contract Tower,0,9,10,1,20,0,2,3,1,6,0,11,13,2,26,0,2,2,28
07/03/2013,IPT,PA,AEA,EN,Federal Contract Tower,0,11,9,0,20,0,4,20,0,24,0,15,29,0,44,24,0,24,68
07/04/2013,IPT,PA,AEA,EN,Federal Contract Tower,0,7,6,0,13,0,2,30,0,32,0,9,36,0,45,44,0,44,89
07/05/2013,IPT,PA,AEA,EN,Federal Contract Tower,0,7,4,0,11,0,10,38,0,48,0,17,42,0,59,0,0,0,59
07/06/2013,IPT,PA,AEA,EN,Federal Contract Tower,0,7,5,0,12,0,4,27,2,33,0,11,32,2,45,22,0,22,67
07/07/2013,IPT,PA,AEA,EN,Federal Contract Tower,0,6,13,0,19,0,0,27,0,27,0,6,40,0,46,6,0,6,52
07/08/2013,IPT,PA,AEA,EN,Federal Contract Tower,0,8,8,0,16,0,2,17,1,20,0,10,25,1,36,14,0,14,50
07/09/2013,IPT,PA,AEA,EN,Federal Contract Tower,0,8,5,0,13,0,3,15,0,18,0,11,20,0,31,10,0,10,41
07/10/2013,IPT,PA,AEA,EN,Federal Contract Tower,0,10,15,0,25,0,9,0,0,9,0,19,15,0,34,0,0,0,34
07/11/2013,IPT,PA,AEA,EN,Federal Contract Tower,0,11,9,0,20,0,2,40,0,42,0,13,49,0,62,32,0,32,94
07/12/2013,IPT,PA,AEA,EN,Federal Contract Tower,0,8,6,0,14,0,0,26,0,26,0,8,32,0,40,8,0,8,48
07/13/2013,IPT,PA,AEA,EN,Federal Contract Tower,0,8,8,0,16,0,2,17,0,19,0,10,25,0,35,0,0,0,35
07/14/2013,IPT,PA,AEA,EN,Federal Contract Tower,0,3,17,0,20,0,2,30,0,32,0,5,47,0,52,0,0,0,52
07/15/2013,IPT,PA,AEA,EN,Federal Contract Tower,0,6,4,0,10,0,6,27,0,33,0,12,31,0,43,38,0,38,81
07/16/2013,IPT,PA,AEA,EN,Federal Contract Tower,0,9,3,0,12,0,0,38,2,40,0,9,41,2,52,18,0,18,70
07/17/2013,IPT,PA,AEA,EN,Federal Contract Tower,0,8,9,0,17,0,0,58,0,58,0,8,67,0,75,8,0,8,83
07/18/2013,IPT,PA,AEA,EN,Federal Contract Tower,0,11,14,0,25,0,4,45,2,51,0,15,59,2,76,0,0,0,76
07/19/2013,IPT,PA,AEA,EN,Federal Contract Tower,0,7,6,0,13,0,1,25,0,26,0,8,31,0,39,32,0,32,71
07/20/2013,IPT,PA,AEA,EN,Federal Contract Tower,0,4,1,0,5,0,6,23,0,29,0,10,24,0,34,18,0,18,52
07/21/2013,IPT,PA,AEA,EN,Federal Contract Tower,0,6,10,0,16,0,0,38,0,38,0,6,48,0,54,8,0,8,62
07/22/2013,IPT,PA,AEA,EN,Federal Contract Tower,0,12,12,0,24,0,0,19,0,19,0,12,31,0,43,62,0,62,105
07/23/2013,IPT,PA,AEA,EN,Federal Contract Tower,0,10,10,0,20,0,2,29,2,33,0,12,39,2,53,12,0,12,65
07/24/2013,IPT,PA,AEA,EN,Federal Contract Tower,0,9,8,1,18,0,8,37,1,46,0,17,45,2,64,4,0,4,68
07/25/2013,IPT,PA,AEA,EN,Federal Contract Tower,0,12,7,0,19,0,7,50,1,58,0,19,57,1,77,36,0,36,113
07/26/2013,IPT,PA,AEA,EN,Federal Contract Tower,0,8,7,0,15,0,4,54,2,60,0,12,61,2,75,28,0,28,103
07/27/2013,IPT,PA,AEA,EN,Federal Contract Tower,0,4,7,0,11,0,1,34,0,35,0,5,41,0,46,2,0,2,48
07/28/2013,IPT,PA,AEA,EN,Federal Contract Tower,0,8,4,0,12,0,6,25,0,31,0,14,29,0,43,18,0,18,61
07/29/2013,IPT,PA,AEA,EN,Federal Contract Tower,0,11,10,0,21,0,0,59,0,59,0,11,69,0,80,6,0,6,86
07/30/2013,IPT,PA,AEA,EN,Federal Contract Tower,0,12,5,0,17,0,1,47,0,48,0,13,52,0,65,10,0,10,75
07/31/2013,IPT,PA,AEA,EN,Federal Contract Tower,0,8,16,0,24,0,2,37,0,39,0,10,53,0,63,12,0,12,75
08/01/2013,IPT,PA,AEA,EN,Federal Contract Tower,0,11,6,1,18,0,4,13,1,18,0,15,19,2,36,8,0,8,44
08/02/2013,IPT,PA,AEA,EN,Federal Contract Tower,0,7,11,0,18,0,1,46,0,47,0,8,57,0,65,18,0,18,83
08/03/2013,IPT,PA,AEA,EN,Federal Contract Tower,0,4,8,0,12,0,4,27,0,31,0,8,35,0,43,22,0,22,65
08/04/2013,IPT,PA,AEA,EN,Federal Contract Tower,0,6,8,0,14,0,1,38,0,39,0,7,46,0,53,28,0,28,81
08/05/2013,IPT,PA,AEA,EN,Federal Contract Tower,0,10,9,0,19,0,2,58,0,60,0,12,67,0,79,16,0,16,95
08/06/2013,IPT,PA,AEA,EN,Federal Contract Tower,0,8,11,0,19,0,0,45,0,45,0,8,56,0,64,14,0,14,78
08/07/2013,IPT,PA,AEA,EN,Federal Contract Tower,0,6,13,0,19,0,3,11,2,16,0,9,24,2,35,0,0,0,35
08/08/2013,IPT,PA,AEA,EN,Federal Contract Tower,0,11,12,0,23,0,7,6,0,13,0,18,18,0,36,20,0,20,56
08/09/2013,IPT,PA,AEA,EN,Federal Contract Tower,0,11,11,0,22,0,3,3,0,6,0,14,14,0,28,6,0,6,34
08/10/2013,IPT,PA,AEA,EN,Federal Contract Tower,0,6,8,0,14,0,5,50,0,55,0,11,58,0,69,14,0,14,83
08/11/2013,IPT,PA,AEA,EN,Federal Contract Tower,0,7,9,0,16,0,6,52,0,58,0,13,61,0,74,28,0,28,102
08/12/2013,IPT,PA,AEA,EN,Federal Contract Tower,0,8,11,0,19,0,2,34,0,36,0,10,45,0,55,28,0,28,83
08/13/2013,IPT,PA,AEA,EN,Federal Contract Tower,0,10,7,0,17,0,0,22,0,22,0,10,29,0,39,20,0,20,59
08/14/2013,IPT,PA,AEA,EN,Federal Contract Tower,0,9,8,0,17,0,6,36,0,42,0,15,44,0,59,20,0,20,79
08/15/2013,IPT,PA,AEA,EN,Federal Contract Tower,0,6,21,0,27,0,5,46,2,53,0,11,67,2,80,24,0,24,104
08/16/2013,IPT,PA,AEA,EN,Federal Contract Tower,0,7,9,0,16,0,3,41,0,44,0,10,50,0,60,0,0,0,60
08/17/2013,IPT,PA,AEA,EN,Federal Contract Tower,0,5,7,0,12,0,1,45,0,46,0,6,52,0,58,8,0,8,66
08/18/2013,IPT,PA,AEA,EN,Federal Contract Tower,0,6,11,0,17,0,2,49,0,51,0,8,60,0,68,0,0,0,68
08/19/2013,IPT,PA,AEA,EN,Federal Contract Tower,0,9,12,0,21,0,3,30,7,40,0,12,42,7,61,0,0,0,61
08/20/2013,IPT,PA,AEA,EN,Federal Contract Tower,0,11,6,4,21,0,3,35,2,40,0,14,41,6,61,40,14,54,115
08/21/2013,IPT,PA,AEA,EN,Federal Contract Tower,0,9,8,0,17,0,0,32,6,38,0,9,40,6,55,22,0,22,77
08/22/2013,IPT,PA,AEA,EN,Federal Contract Tower,0,7,10,2,19,0,2,25,0,27,0,9,35,2,46,10,0,10,56
08/23/2013,IPT,PA,AEA,EN,Federal Contract Tower,0,7,11,0,18,0,4,32,2,38,0,11,43,2,56,24,0,24,80
08/24/2013,IPT,PA,AEA,EN,Federal Contract Tower,0,4,10,0,14,0,2,45,1,48,0,6,55,1,62,36,6,42,104
08/25/2013,IPT,PA,AEA,EN,Federal Contract Tower,0,6,4,0,10,0,6,54,1,61,0,12,58,1,71,18,0,18,89
08/26/2013,IPT,PA,AEA,EN,Federal Contract Tower,0,8,8,0,16,0,2,18,1,21,0,10,26,1,37,0,0,0,37
08/27/2013,IPT,PA,AEA,EN,Federal Contract Tower,0,6,12,0,18,0,8,28,4,40,0,14,40,4,58,24,0,24,82
08/28/2013,IPT,PA,AEA,EN,Federal Contract Tower,0,6,11,0,17,0,1,6,0,7,0,7,17,0,24,8,0,8,32
08/29/2013,IPT,PA,AEA,EN,Federal Contract Tower,0,7,15,0,22,0,5,9,0,14,0,12,24,0,36,10,0,10,46
08/30/2013,IPT,PA,AEA,EN,Federal Contract Tower,0,8,5,0,13,0,4,13,0,17,0,12,18,0,30,0,0,0,30
08/31/2013,IPT,PA,AEA,EN,Federal Contract Tower,0,6,2,0,8,0,7,24,0,31,0,13,26,0,39,6,0,6,45
09/01/2013,IPT,PA,AEA,EN,Federal Contract Tower,6,4,0,0,10,0,6,18,0,24,6,10,18,0,34,0,0,0,34
09/02/2013,IPT,PA,AEA,EN,Federal Contract Tower,0,10,5,0,15,0,4,15,0,19,0,14,20,0,34,20,0,20,54
09/03/2013,IPT,PA,AEA,EN,Federal Contract Tower,0,6,7,0,13,0,1,35,0,36,0,7,42,0,49,2,0,2,51
09/04/2013,IPT,PA,AEA,EN,Federal Contract Tower,0,11,7,2,20,0,8,35,0,43,0,19,42,2,63,12,0,12,75
09/05/2013,IPT,PA,AEA,EN,Federal Contract Tower,0,11,8,1,20,0,2,42,1,45,0,13,50,2,65,46,0,46,111
09/06/2013,IPT,PA,AEA,EN,Federal Contract Tower,0,7,1,0,8,0,6,57,1,64,0,13,58,1,72,28,0,28,100
09/07/2013,IPT,PA,AEA,EN,Federal Contract Tower,0,4,6,0,10,0,1,37,0,38,0,5,43,0,48,28,0,28,76
09/08/2013,IPT,PA,AEA,EN,Federal Contract Tower,0,6,4,0,10,0,2,31,0,33,0,8,35,0,43,14,0,14,57
09/09/2013,IPT,PA,AEA,EN,Federal Contract Tower,0,6,7,0,13,0,3,19,0,22,0,9,26,0,35,14,0,14,49
09/10/2013,IPT,PA,AEA,EN,Federal Contract Tower,0,7,10,1,18,0,4,26,1,31,0,11,36,2,49,20,0,20,69
09/11/2013,IPT,PA,AEA,EN,Federal Contract Tower,0,9,8,0,17,0,5,37,0,42,0,14,45,0,59,0,0,0,59
09/12/2013,IPT,PA,AEA,EN,Federal Contract Tower,0,5,12,0,17,0,0,6,0,6,0,5,18,0,23,0,0,0,23
09/13/2013,IPT,PA,AEA,EN,Federal Contract Tower,0,8,18,0,26,0,5,45,0,50,0,13,63,0,76,14,0,14,90
09/14/2013,IPT,PA,AEA,EN,Federal Contract Tower,0,4,14,2,20,0,4,121,0,125,0,8,135,2,145,18,0,18,163
09/15/2013,IPT,PA,AEA,EN,Federal Contract Tower,0,6,20,0,26,0,1,31,0,32,0,7,51,0,58,28,0,28,86
09/16/2013,IPT,PA,AEA,EN,Federal Contract Tower,0,8,11,0,19,0,4,13,0,17,0,12,24,0,36,8,0,8,44
09/17/2013,IPT,PA,AEA,EN,Federal Contract Tower,0,9,10,0,19,0,5,56,0,61,0,14,66,0,80,8,0,8,88
09/18/2013,IPT,PA,AEA,EN,Federal Contract Tower,0,9,8,0,17,0,7,34,0,41,0,16,42,0,58,38,0,38,96
09/19/2013,IPT,PA,AEA,EN,Federal Contract Tower,0,11,9,0,20,0,4,37,0,41,0,15,46,0,61,20,0,20,81
09/20/2013,IPT,PA,AEA,EN,Federal Contract Tower,0,7,5,0,12,0,0,15,0,15,0,7,20,0,27,6,0,6,33
09/21/2013,IPT,PA,AEA,EN,Federal Contract Tower,0,4,7,0,11,0,2,5,0,7,0,6,12,0,18,0,0,0,18
09/22/2013,IPT,PA,AEA,EN,Federal Contract Tower,0,6,6,0,12,0,2,27,0,29,0,8,33,0,41,6,0,6,47
09/23/2013,IPT,PA,AEA,EN,Federal Contract Tower,0,6,5,0,11,0,5,33,0,38,0,11,38,0,49,8,0,8,57
09/24/2013,IPT,PA,AEA,EN,Federal Contract Tower,0,9,3,0,12,0,5,47,1,53,0,14,50,1,65,46,0,46,111
09/25/2013,IPT,PA,AEA,EN,Federal Contract Tower,0,7,9,0,16,0,0,37,0,37,0,7,46,0,53,38,0,38,91
09/26/2013,IPT,PA,AEA,EN,Federal Contract Tower,0,8,14,0,22,0,8,36,0,44,0,16,50,0,66,32,0,32,98
09/27/2013,IPT,PA,AEA,EN,Federal Contract Tower,0,9,9,5,23,0,4,30,4,38,0,13,39,9,61,34,0,34,95
09/28/2013,IPT,PA,AEA,EN,Federal Contract Tower,0,4,9,0,13,0,6,61,0,67,0,10,70,0,80,46,0,46,126
09/29/2013,IPT,PA,AEA,EN,Federal Contract Tower,0,16,12,0,28,0,2,42,0,44,0,18,54,0,72,24,0,24,96
09/30/2013,IPT,PA,AEA,EN,Federal Contract Tower,0,6,8,0,14,0,1,26,4,31,0,7,34,4,45,14,0,14,59
10/01/2013,IPT,PA,AEA,EN,Federal Contract Tower,0,8,8,0,16,0,1,41,0,42,0,9,49,0,58,0,0,0,58
10/02/2013,IPT,PA,AEA,EN,Federal Contract Tower,0,7,11,0,18,0,1,46,0,47,0,8,57,0,65,10,0,10,75
10/03/2013,IPT,PA,AEA,EN,Federal Contract Tower,0,16,15,0,31,0,1,32,0,33,0,17,47,0,64,82,0,82,146
10/04/2013,IPT,PA,AEA,EN,Federal Contract Tower,0,8,4,0,12,0,2,18,0,20,0,10,22,0,32,6,0,6,38
10/05/2013,IPT,PA,AEA,EN,Federal Contract Tower,0,10,11,0,21,0,4,20,0,24,0,14,31,0,45,6,0,6,51
10/06/2013,IPT,PA,AEA,EN,Federal Contract Tower,0,5,13,0,18,0,4,37,0,41,0,9,50,0,59,26,0,26,85
10/07/2013,IPT,PA,AEA,EN,Federal Contract Tower,0,6,1,0,7,0,2,3,0,5,0,8,4,0,12,12,0,12,24
10/08/2013,IPT,PA,AEA,EN,Federal Contract Tower,0,7,2,0,9,0,8,49,0,57,0,15,51,0,66,34,0,34,100
10/09/2013,IPT,PA,AEA,EN,Federal Contract Tower,0,7,2,0,9,0,2,36,0,38,0,9,38,0,47,32,0,32,79
10/10/2013,IPT,PA,AEA,EN,Federal Contract Tower,0,6,6,1,13,0,4,5,0,9,0,10,11,1,22,0,0,0,22
10/11/2013,IPT,PA,AEA,EN,Federal Contract Tower,0,9,15,0,24,0,4,11,0,15,0,13,26,0,39,4,0,4,43
10/12/2013,IPT,PA,AEA,EN,Federal Contract Tower,0,8,7,0,15,0,2,50,0,52,0,10,57,0,67,8,0,8,75
10/13/2013,IPT,PA,AEA,EN,Federal Contract Tower,0,8,7,0,15,0,1,47,0,48,0,9,54,0,63,4,0,4,67
10/14/2013,IPT,PA,AEA,EN,Federal Contract Tower,0,10,9,0,19,0,2,13,0,15,0,12,22,0,34,24,0,24,58
10/15/2013,IPT,PA,AEA,EN,Federal Contract Tower,0,12,7,1,20,0,4,35,1,40,0,16,42,2,60,26,0,26,86
10/16/2013,IPT,PA,AEA,EN,Federal Contract Tower,0,15,7,0,22,0,6,8,0,14,0,21,15,0,36,0,0,0,36
10/17/2013,IPT,PA,AEA,EN,Federal Contract Tower,0,11,13,6,30,0,1,12,2,15,0,12,25,8,45,22,2,24,69
10/18/2013,IPT,PA,AEA,EN,Federal Contract Tower,0,12,10,0,22,0,4,26,0,30,0,16,36,0,52,30,0,30,82
10/19/2013,IPT,PA,AEA,EN,Federal Contract Tower,0,4,21,0,25,0,0,41,0,41,0,4,62,0,66,18,0,18,84
10/20/2013,IPT,PA,AEA,EN,Federal Contract Tower,0,8,21,0,29,0,2,63,0,65,0,10,84,0,94,20,0,20,114
10/21/2013,IPT,PA,AEA,EN,Federal Contract Tower,0,10,15,0,25,0,3,33,2,38,0,13,48,2,63,18,0,18,81
10/22/2013,IPT,PA,AEA,EN,Federal Contract Tower,0,10,10,0,20,0,8,42,2,52,0,18,52,2,72,28,0,28,100
10/23/2013,IPT,PA,AEA,EN,Federal Contract Tower,0,7,16,2,25,0,4,6,0,10,0,11,22,2,35,34,0,34,69
10/24/2013,IPT,PA,AEA,EN,Federal Contract Tower,0,8,17,0,25,0,5,2,0,7,0,13,19,0,32,0,4,4,36
10/25/2013,IPT,PA,AEA,EN,Federal Contract Tower,0,8,8,0,16,0,3,33,2,38,0,11,41,2,54,28,0,28,82
10/26/2013,IPT,PA,AEA,EN,Federal Contract Tower,0,6,3,0,9,0,0,0,0,0,0,6,3,0,9,0,0,0,9
10/27/2013,IPT,PA,AEA,EN,Federal Contract Tower,0,7,7,0,14,0,5,38,0,43,0,12,45,0,57,24,0,24,81
10/28/2013,IPT,PA,AEA,EN,Federal Contract Tower,0,9,9,0,18,0,0,39,0,39,0,9,48,0,57,28,0,28,85
10/29/2013,IPT,PA,AEA,EN,Federal Contract Tower,0,10,16,3,29,0,1,31,1,33,0,11,47,4,62,18,0,18,80
10/30/2013,IPT,PA,AEA,EN,Federal Contract Tower,0,9,11,0,20,0,0,0,0,0,0,9,11,0,20,0,0,0,20
10/31/2013,IPT,PA,AEA,EN,Federal Contract Tower,0,7,14,0,21,0,2,0,0,2,0,9,14,0,23,0,0,0,23
11/01/2013,IPT,PA,AEA,EN,Federal Contract Tower,0,6,2,0,8,0,6,20,0,26,0,12,22,0,34,2,0,2,36
11/02/2013,IPT,PA,AEA,EN,Federal Contract Tower,0,4,5,0,9,0,2,24,2,28,0,6,29,2,37,14,0,14,51
11/03/2013,IPT,PA,AEA,EN,Federal Contract Tower,0,8,14,0,22,0,5,23,0,28,0,13,37,0,50,10,0,10,60
11/04/2013,IPT,PA,AEA,EN,Federal Contract Tower,0,7,4,0,11,0,2,23,0,25,0,9,27,0,36,12,0,12,48
11/05/2013,IPT,PA,AEA,EN,Federal Contract Tower,0,7,4,0,11,0,8,23,0,31,0,15,27,0,42,8,0,8,50
11/06/2013,IPT,PA,AEA,EN,Federal Contract Tower,0,7,5,3,15,0,3,14,1,18,0,10,19,4,33,0,0,0,33
11/07/2013,IPT,PA,AEA,EN,Federal Contract Tower,0,7,4,0,11,0,6,3,0,9,0,13,7,0,20,10,0,10,30
11/08/2013,IPT,PA,AEA,EN,Federal Contract Tower,6,12,0,0,18,0,2,7,0,9,6,14,7,0,27,2,0,2,29
11/09/2013,IPT,PA,AEA,EN,Federal Contract Tower,0,4,12,0,16,0,2,25,2,29,0,6,37,2,45,16,0,16,61
11/10/2013,IPT,PA,AEA,EN,Federal Contract Tower,0,6,3,0,9,0,4,9,0,13,0,10,12,0,22,0,0,0,22
11/11/2013,IPT,PA,AEA,EN,Federal Contract Tower,0,10,13,0,23,0,3,36,0,39,0,13,49,0,62,18,0,18,80
11/12/2013,IPT,PA,AEA,EN,Federal Contract Tower,0,7,1,0,8,0,3,28,0,31,0,10,29,0,39,8,0,8,47
11/13/2013,IPT,PA,AEA,EN,Federal Contract Tower,0,7,13,0,20,0,2,40,0,42,0,9,53,0,62,48,0,48,110
11/14/2013,IPT,PA,AEA,EN,Federal Contract Tower,0,8,10,0,18,0,2,45,0,47,0,10,55,0,65,32,0,32,97
11/15/2013,IPT,PA,AEA,EN,Federal Contract Tower,0,7,6,0,13,0,4,41,0,45,0,11,47,0,58,16,0,16,74
11/16/2013,IPT,PA,AEA,EN,Federal Contract Tower,0,5,11,0,16,0,0,49,2,51,0,5,60,2,67,24,0,24,91
11/17/2013,IPT,PA,AEA,EN,Federal Contract Tower,0,6,4,0,10,0,0,0,0,0,0,6,4,0,10,0,0,0,10
11/18/2013,IPT,PA,AEA,EN,Federal Contract Tower,0,6,1,0,7,0,6,10,0,16,0,12,11,0,23,0,0,0,23
11/19/2013,IPT,PA,AEA,EN,Federal Contract Tower,0,9,2,0,11,0,0,22,0,22,0,9,24,0,33,10,0,10,43
11/20/2013,IPT,PA,AEA,EN,Federal Contract Tower,0,8,8,2,18,0,4,43,0,47,0,12,51,2,65,24,0,24,89
11/21/2013,IPT,PA,AEA,EN,Federal Contract Tower,0,13,9,0,22,0,2,35,0,37,0,15,44,0,59,0,0,0,59
11/22/2013,IPT,PA,AEA,EN,Federal Contract Tower,0,11,3,0,14,0,0,0,0,0,0,11,3,0,14,0,0,0,14
11/23/2013,IPT,PA,AEA,EN,Federal Contract Tower,0,4,7,0,11,0,4,11,0,15,0,8,18,0,26,4,0,4,30
11/24/2013,IPT,PA,AEA,EN,Federal Contract Tower,0,8,2,0,10,0,4,4,0,8,0,12,6,0,18,0,0,0,18
11/25/2013,IPT,PA,AEA,EN,Federal Contract Tower,0,6,14,0,20,0,1,16,1,18,0,7,30,1,38,2,0,2,40
11/26/2013,IPT,PA,AEA,EN,Federal Contract Tower,0,7,4,0,11,0,0,0,0,0,0,7,4,0,11,0,0,0,11
11/27/2013,IPT,PA,AEA,EN,Federal Contract Tower,0,7,3,0,10,0,0,2,0,2,0,7,5,0,12,0,0,0,12
11/28/2013,IPT,PA,AEA,EN,Federal Contract Tower,0,1,1,0,2,0,8,2,0,10,0,9,3,0,12,0,0,0,12
11/29/2013,IPT,PA,AEA,EN,Federal Contract Tower,0,3,3,0,6,0,4,16,2,22,0,7,19,2,28,2,0,2,30
11/30/2013,IPT,PA,AEA,EN,Federal Contract Tower,0,6,7,0,13,0,2,29,0,31,0,8,36,0,44,10,0,10,54
12/01/2013,IPT,PA,AEA,EN,Federal Contract Tower,0,12,7,0,19,0,0,9,4,13,0,12,16,4,32,2,0,2,34
12/02/2013,IPT,PA,AEA,EN,Federal Contract Tower,0,8,4,0,12,0,10,8,0,18,0,18,12,0,30,0,0,0,30
12/03/2013,IPT,PA,AEA,EN,Federal Contract Tower,0,7,7,0,14,0,0,14,0,14,0,7,21,0,28,6,0,6,34
12/04/2013,IPT,PA,AEA,EN,Federal Contract Tower,0,9,8,0,17,0,6,4,0,10,0,15,12,0,27,0,0,0,27
12/05/2013,IPT,PA,AEA,EN,Federal Contract Tower,0,9,7,0,16,0,0,0,0,0,0,9,7,0,16,0,0,0,16
12/06/2013,IPT,PA,AEA,EN,Federal Contract Tower,0,9,3,0,12,0,4,1,0,5,0,13,4,0,17,0,0,0,17
12/07/2013,IPT,PA,AEA,EN,Federal Contract Tower,0,4,0,0,4,0,0,20,0,20,0,4,20,0,24,8,0,8,32
12/08/2013,IPT,PA,AEA,EN,Federal Contract Tower,0,4,1,0,5,0,1,8,0,9,0,5,9,0,14,8,0,8,22
12/09/2013,IPT,PA,AEA,EN,Federal Contract Tower,0,11,2,0,13,0,0,0,0,0,0,11,2,0,13,8,0,8,21
12/10/2013,IPT,PA,AEA,EN,Federal Contract Tower,0,8,1,0,9,0,0,8,0,8,0,8,9,0,17,0,0,0,17
12/11/2013,IPT,PA,AEA,EN,Federal Contract Tower,0,10,3,0,13,0,2,21,0,23,0,12,24,0,36,4,0,4,40
12/12/2013,IPT,PA,AEA,EN,Federal Contract Tower,0,11,8,0,19,0,0,23,0,23,0,11,31,0,42,16,0,16,58
12/13/2013,IPT,PA,AEA,EN,Federal Contract Tower,0,7,2,0,9,0,2,27,0,29,0,9,29,0,38,16,0,16,54
12/14/2013,IPT,PA,AEA,EN,Federal Contract Tower,0,1,1,0,2,0,0,0,0,0,0,1,1,0,2,0,0,0,2
12/15/2013,IPT,PA,AEA,EN,Federal Contract Tower,0,6,5,0,11,0,2,2,0,4,0,8,7,0,15,0,0,0,15
12/16/2013,IPT,PA,AEA,EN,Federal Contract Tower,0,6,12,0,18,0,3,13,0,16,0,9,25,0,34,0,0,0,34
12/17/2013,IPT,PA,AEA,EN,Federal Contract Tower,0,6,6,0,12,0,0,0,0,0,0,6,6,0,12,0,0,0,12
12/18/2013,IPT,PA,AEA,EN,Federal Contract Tower,0,8,6,0,14,0,1,17,6,24,0,9,23,6,38,0,0,0,38
12/19/2013,IPT,PA,AEA,EN,Federal Contract Tower,0,10,10,0,20,0,4,22,0,26,0,14,32,0,46,4,0,4,50
12/20/2013,IPT,PA,AEA,EN,Federal Contract Tower,0,7,7,0,14,0,2,8,0,10,0,9,15,0,24,10,0,10,34
12/21/2013,IPT,PA,AEA,EN,Federal Contract Tower,0,5,6,0,11,0,0,0,0,0,0,5,6,0,11,0,0,0,11
12/22/2013,IPT,PA,AEA,EN,Federal Contract Tower,0,5,2,0,7,0,0,0,0,0,0,5,2,0,7,0,0,0,7
12/23/2013,IPT,PA,AEA,EN,Federal Contract Tower,0,4,2,0,6,0,5,1,0,6,0,9,3,0,12,0,0,0,12
12/24/2013,IPT,PA,AEA,EN,Federal Contract Tower,0,7,1,0,8,0,2,4,0,6,0,9,5,0,14,0,0,0,14
12/25/2013,IPT,PA,AEA,EN,Federal Contract Tower,0,4,3,0,7,0,2,0,0,2,0,6,3,0,9,0,0,0,9
12/26/2013,IPT,PA,AEA,EN,Federal Contract Tower,0,7,4,0,11,0,1,6,2,9,0,8,10,2,20,0,0,0,20
12/27/2013,IPT,PA,AEA,EN,Federal Contract Tower,0,7,8,0,15,0,3,27,0,30,0,10,35,0,45,12,0,12,57
12/28/2013,IPT,PA,AEA,EN,Federal Contract Tower,0,5,5,0,10,0,3,28,3,34,0,8,33,3,44,2,0,2,46
12/29/2013,IPT,PA,AEA,EN,Federal Contract Tower,0,5,0,0,5,0,3,4,0,7,0,8,4,0,12,2,0,2,14
12/30/2013,IPT,PA,AEA,EN,Federal Contract Tower,0,6,3,0,9,0,3,14,2,19,0,9,17,2,28,16,0,16,44
12/31/2013,IPT,PA,AEA,EN,Federal Contract Tower,0,9,6,0,15,0,0,5,0,5,0,9,11,0,20,0,0,0,20
01/01/2014,IPT,PA,AEA,EN,Federal Contract Tower,0,6,4,0,10,0,0,2,0,2,0,6,6,0,12,0,0,0,12
01/02/2014,IPT,PA,AEA,EN,Federal Contract Tower,0,4,0,0,4,0,0,2,0,2,0,4,2,0,6,4,0,4,10
01/03/2014,IPT,PA,AEA,EN,Federal Contract Tower,0,9,2,2,13,0,2,5,3,10,0,11,7,5,23,2,6,8,31
01/04/2014,IPT,PA,AEA,EN,Federal Contract Tower,0,4,13,0,17,0,1,17,0,18,0,5,30,0,35,0,0,0,35
01/05/2014,IPT,PA,AEA,EN,Federal Contract Tower,0,5,3,0,8,0,2,4,0,6,0,7,7,0,14,2,0,2,16
01/06/2014,IPT,PA,AEA,EN,Federal Contract Tower,0,9,0,0,9,0,2,6,0,8,0,11,6,0,17,10,0,10,27
01/07/2014,IPT,PA,AEA,EN,Federal Contract Tower,0,10,2,2,14,0,0,4,0,4,0,10,6,2,18,0,0,0,18
01/08/2014,IPT,PA,AEA,EN,Federal Contract Tower,0,11,1,0,12,0,2,20,0,22,0,13,21,0,34,0,0,0,34
01/09/2014,IPT,PA,AEA,EN,Federal Contract Tower,0,9,8,0,17,0,4,35,0,39,0,13,43,0,56,0,0,0,56
01/10/2014,IPT,PA,AEA,EN,Federal Contract Tower,0,4,0,0,4,0,2,2,0,4,0,6,2,0,8,2,0,2,10
01/11/2014,IPT,PA,AEA,EN,Federal Contract Tower,0,4,1,0,5,0,0,0,0,0,0,4,1,0,5,0,0,0,5
01/12/2014,IPT,PA,AEA,EN,Federal Contract Tower,0,7,2,0,9,0,0,8,0,8,0,7,10,0,17,0,0,0,17
01/13/2014,IPT,PA,AEA,EN,Federal Contract Tower,0,10,7,0,17,0,0,16,0,16,0,10,23,0,33,0,0,0,33
01/14/2014,IPT,PA,AEA,EN,Federal Contract Tower,0,12,12,0,24,0,0,0,0,0,0,12,12,0,24,0,0,0,24
01/15/2014,IPT,PA,AEA,EN,Federal Contract Tower,0,15,5,0,20,0,3,5,0,8,0,18,10,0,28,0,0,0,28
01/16/2014,IPT,PA,AEA,EN,Federal Contract Tower,0,11,1,0,12,0,2,15,0,17,0,13,16,0,29,0,0,0,29
01/17/2014,IPT,PA,AEA,EN,Federal Contract Tower,0,8,1,0,9,0,5,15,0,20,0,13,16,0,29,0,0,0,29
01/18/2014,IPT,PA,AEA,EN,Federal Contract Tower,0,3,4,0,7,0,0,2,0,2,0,3,6,0,9,0,0,0,9
01/19/2014,IPT,PA,AEA,EN,Federal Contract Tower,0,7,5,0,12,0,3,3,0,6,0,10,8,0,18,0,0,0,18
01/20/2014,IPT,PA,AEA,EN,Federal Contract Tower,0,9,2,0,11,0,3,6,0,9,0,12,8,0,20,0,0,0,20
01/21/2014,IPT,PA,AEA,EN,Federal Contract Tower,0,2,3,0,5,0,4,6,0,10,0,6,9,0,15,0,0,0,15
01/22/2014,IPT,PA,AEA,EN,Federal Contract Tower,0,12,8,0,20,0,3,7,0,10,0,15,15,0,30,14,0,14,44
01/23/2014,IPT,PA,AEA,EN,Federal Contract Tower,0,10,7,0,17,0,0,3,0,3,0,10,10,0,20,8,0,8,28
01/24/2014,IPT,PA,AEA,EN,Federal Contract Tower,0,8,2,0,10,0,1,14,5,20,0,9,16,5,30,10,0,10,40
01/25/2014,IPT,PA,AEA,EN,Federal Contract Tower,0,2,3,0,5,0,0,0,0,0,0,2,3,0,5,0,0,0,5
01/26/2014,IPT,PA,AEA,EN,Federal Contract Tower,0,7,5,0,12,0,0,2,0,2,0,7,7,0,14,0,0,0,14
01/27/2014,IPT,PA,AEA,EN,Federal Contract Tower,0,7,8,0,15,0,7,4,0,11,0,14,12,0,26,8,0,8,34
01/28/2014,IPT,PA,AEA,EN,Federal Contract Tower,0,12,7,3,22,0,2,17,0,19,0,14,24,3,41,0,0,0,41
01/29/2014,IPT,PA,AEA,EN,Federal Contract Tower,0,14,12,0,26,0,5,19,1,25,0,19,31,1,51,6,2,8,59
01/30/2014,IPT,PA,AEA,EN,Federal Contract Tower,0,16,13,0,29,0,7,12,0,19,0,23,25,0,48,12,0,12,60
01/31/2014,IPT,PA,AEA,EN,Federal Contract Tower,0,8,9,0,17,0,4,19,0,23,0,12,28,0,40,10,0,10,50
02/01/2014,IPT,PA,AEA,EN,Federal Contract Tower,0,3,4,0,7,0,4,6,0,10,0,7,10,0,17,0,0,0,17
02/02/2014,IPT,PA,AEA,EN,Federal Contract Tower,0,6,4,4,14,0,0,4,0,4,0,6,8,4,18,10,0,10,28
02/03/2014,IPT,PA,AEA,EN,Federal Contract Tower,0,5,2,0,7,0,1,0,0,1,0,6,2,0,8,0,0,0,8
02/04/2014,IPT,PA,AEA,EN,Federal Contract Tower,0,8,16,0,24,0,1,7,0,8,0,9,23,0,32,4,0,4,36
02/05/2014,IPT,PA,AEA,EN,Federal Contract Tower,0,7,3,0,10,0,0,0,0,0,0,7,3,0,10,0,0,0,10
02/06/2014,IPT,PA,AEA,EN,Federal Contract Tower,0,8,6,0,14,0,6,25,0,31,0,14,31,0,45,16,0,16,61
02/07/2014,IPT,PA,AEA,EN,Federal Contract Tower,0,6,5,0,11,0,1,15,0,16,0,7,20,0,27,0,0,0,27
02/08/2014,IPT,PA,AEA,EN,Federal Contract Tower,0,4,5,1,10,0,0,22,0,22,0,4,27,1,32,12,0,12,44
02/09/2014,IPT,PA,AEA,EN,Federal Contract Tower,0,5,2,0,7,0,0,2,0,2,0,5,4,0,9,0,0,0,9
02/10/2014,IPT,PA,AEA,EN,Federal Contract Tower,0,7,5,1,13,0,11,10,0,21,0,18,15,1,34,4,0,4,38
02/11/2014,IPT,PA,AEA,EN,Federal Contract Tower,0,9,6,0,15,0,5,15,0,20,0,14,21,0,35,10,0,10,45
02/12/2014,IPT,PA,AEA,EN,Federal Contract Tower,0,11,7,2,20,0,6,30,0,36,0,17,37,2,56,38,0,38,94
02/13/2014,IPT,PA,AEA,EN,Federal Contract Tower,0,0,3,0,3,0,0,0,0,0,0,0,3,0,3,0,0,0,3
02/14/2014,IPT,PA,AEA,EN,Federal Contract Tower,0,12,4,0,16,0,3,9,0,12,0,15,13,0,28,24,0,24,52
02/15/2014,IPT,PA,AEA,EN,Federal Contract Tower,0,5,1,0,6,0,0,0,0,0,0,5,1,0,6,0,0,0,6
02/16/2014,IPT,PA,AEA,EN,Federal Contract Tower,0,8,0,0,8,0,0,0,0,0,0,8,0,0,8,0,0,0,8
02/17/2014,IPT,PA,AEA,EN,Federal Contract Tower,0,9,8,0,17,0,3,19,0,22,0,12,27,0,39,16,0,16,55
02/18/2014,IPT,PA,AEA,EN,Federal Contract Tower,0,8,5,0,13,0,9,1,0,10,0,17,6,0,23,18,0,18,41
02/19/2014,IPT,PA,AEA,EN,Federal Contract Tower,0,13,5,0,18,0,0,0,0,0,0,13,5,0,18,0,0,0,18
02/20/2014,IPT,PA,AEA,EN,Federal Contract Tower,0,9,8,1,18,0,4,18,2,24,0,13,26,3,42,20,0,20,62
02/21/2014,IPT,PA,AEA,EN,Federal Contract Tower,0,5,6,0,11,0,8,13,0,21,0,13,19,0,32,12,0,12,44
02/22/2014,IPT,PA,AEA,EN,Federal Contract Tower,0,7,6,0,13,0,5,11,0,16,0,12,17,0,29,0,0,0,29
02/23/2014,IPT,PA,AEA,EN,Federal Contract Tower,0,9,5,0,14,0,2,32,0,34,0,11,37,0,48,16,0,16,64
02/24/2014,IPT,PA,AEA,EN,Federal Contract Tower,0,7,1,0,8,0,7,11,0,18,0,14,12,0,26,10,0,10,36
02/25/2014,IPT,PA,AEA,EN,Federal Contract Tower,0,8,2,0,10,0,5,10,0,15,0,13,12,0,25,26,0,26,51
02/26/2014,IPT,PA,AEA,EN,Federal Contract Tower,0,10,2,0,12,0,0,18,0,18,0,10,20,0,30,10,0,10,40
02/27/2014,IPT,PA,AEA,EN,Federal Contract Tower,0,10,4,0,14,0,1,7,0,8,0,11,11,0,22,0,0,0,22
02/28/2014,IPT,PA,AEA,EN,Federal Contract Tower,0,9,4,1,14,0,2,29,1,32,0,11,33,2,46,20,0,20,66
03/01/2014,IPT,PA,AEA,EN,Federal Contract Tower,0,4,7,0,11,0,0,19,0,19,0,4,26,0,30,0,0,0,30
03/02/2014,IPT,PA,AEA,EN,Federal Contract Tower,0,7,5,0,12,0,0,3,0,3,0,7,8,0,15,0,0,0,15
03/03/2014,IPT,PA,AEA,EN,Federal Contract Tower,0,11,5,0,16,0,0,15,0,15,0,11,20,0,31,12,0,12,43
03/04/2014,IPT,PA,AEA,EN,Federal Contract Tower,0,10,11,0,21,0,0,25,0,25,0,10,36,0,46,22,0,22,68
03/05/2014,IPT,PA,AEA,EN,Federal Contract Tower,0,11,3,0,14,0,3,30,2,35,0,14,33,2,49,18,0,18,67
03/06/2014,IPT,PA,AEA,EN,Federal Contract Tower,0,10,11,0,21,0,2,30,0,32,0,12,41,0,53,8,0,8,61
03/07/2014,IPT,PA,AEA,EN,Federal Contract Tower,0,10,9,0,19,0,5,24,4,33,0,15,33,4,52,22,8,30,82
03/08/2014,IPT,PA,AEA,EN,Federal Contract Tower,0,4,12,0,16,0,4,26,3,33,0,8,38,3,49,4,0,4,53
03/09/2014,IPT,PA,AEA,EN,Federal Contract Tower,0,6,6,0,12,0,5,16,2,23,0,11,22,2,35,0,4,4,39
03/10/2014,IPT,PA,AEA,EN,Federal Contract Tower,0,6,7,0,13,0,0,19,0,19,0,6,26,0,32,2,0,2,34
03/11/2014,IPT,PA,AEA,EN,Federal Contract Tower,0,9,0,0,9,0,4,39,0,43,0,13,39,0,52,12,0,12,64
03/12/2014,IPT,PA,AEA,EN,Federal Contract Tower,0,13,2,0,15,0,0,1,0,1,0,13,3,0,16,0,0,0,16
03/13/2014,IPT,PA,AEA,EN,Federal Contract Tower,0,10,2,1,13,0,6,5,3,14,0,16,7,4,27,10,2,12,39
03/14/2014,IPT,PA,AEA,EN,Federal Contract Tower,0,10,6,0,16,0,1,28,0,29,0,11,34,0,45,22,0,22,67
03/15/2014,IPT,PA,AEA,EN,Federal Contract Tower,0,4,7,0,11,0,9,18,2,29,0,13,25,2,40,0,0,0,40
03/16/2014,IPT,PA,AEA,EN,Federal Contract Tower,0,5,4,0,9,0,6,20,2,28,0,11,24,2,37,14,0,14,51
03/17/2014,IPT,PA,AEA,EN,Federal Contract Tower,0,12,4,0,16,0,0,19,0,19,0,12,23,0,35,24,0,24,59
03/18/2014,IPT,PA,AEA,EN,Federal Contract Tower,0,10,9,0,19,0,5,34,3,42,0,15,43,3,61,22,6,28,89
03/19/2014,IPT,PA,AEA,EN,Federal Contract Tower,0,9,6,0,15,0,0,4,2,6,0,9,10,2,21,0,0,0,21
03/20/2014,IPT,PA,AEA,EN,Federal Contract Tower,0,8,11,0,19,0,3,6,0,9,0,11,17,0,28,0,0,0,28
03/21/2014,IPT,PA,AEA,EN,Federal Contract Tower,0,8,8,0,16,0,3,31,0,34,0,11,39,0,50,30,0,30,80
03/22/2014,IPT,PA,AEA,EN,Federal Contract Tower,0,6,5,0,11,0,0,22,0,22,0,6,27,0,33,0,0,0,33
03/23/2014,IPT,PA,AEA,EN,Federal Contract Tower,0,6,5,0,11,0,5,29,2,36,0,11,34,2,47,8,0,8,55
03/24/2014,IPT,PA,AEA,EN,Federal Contract Tower,0,7,10,0,17,0,4,30,0,34,0,11,40,0,51,28,0,28,79
03/25/2014,IPT,PA,AEA,EN,Federal Contract Tower,0,7,4,0,11,0,0,18,2,20,0,7,22,2,31,56,0,56,87
03/26/2014,IPT,PA,AEA,EN,Federal Contract Tower,0,11,4,0,15,0,0,12,0,12,0,11,16,0,27,0,0,0,27
03/27/2014,IPT,PA,AEA,EN,Federal Contract Tower,0,9,8,2,19,0,2,21,2,25,0,11,29,4,44,48,0,48,92
03/28/2014,IPT,PA,AEA,EN,Federal Contract Tower,0,11,5,0,16,0,0,1,0,1,0,11,6,0,17,0,0,0,17
03/29/2014,IPT,PA,AEA,EN,Federal Contract Tower,0,6,3,0,9,0,1,12,0,13,0,7,15,0,22,12,0,12,34
03/30/2014,IPT,PA,AEA,EN,Federal Contract Tower,0,6,5,0,11,0,3,0,0,3,0,9,5,0,14,0,0,0,14
03/31/2014,IPT,PA,AEA,EN,Federal Contract Tower,0,8,5,0,13,0,2,34,0,36,0,10,39,0,49,24,0,24,73
04/01/2014,IPT,PA,AEA,EN,Federal Contract Tower,0,13,4,1,18,0,3,45,3,51,0,16,49,4,69,30,0,30,99
04/02/2014,IPT,PA,AEA,EN,Federal Contract Tower,0,9,24,2,35,0,1,29,0,30,0,10,53,2,65,28,0,28,93
04/03/2014,IPT,PA,AEA,EN,Federal Contract Tower,0,10,6,2,18,0,0,34,0,34,0,10,40,2,52,6,0,6,58
04/04/2014,IPT,PA,AEA,EN,Federal Contract Tower,0,10,10,0,20,0,0,0,0,0,0,10,10,0,20,0,0,0,20
04/05/2014,IPT,PA,AEA,EN,Federal Contract Tower,0,5,8,0,13,0,1,21,0,22,0,6,29,0,35,0,0,0,35
04/06/2014,IPT,PA,AEA,EN,Federal Contract Tower,0,6,7,5,18,0,2,65,1,68,0,8,72,6,86,34,0,34,120
04/07/2014,IPT,PA,AEA,EN,Federal Contract Tower,0,10,1,2,13,0,0,8,0,8,0,10,9,2,21,0,0,0,21
04/08/2014,IPT,PA,AEA,EN,Federal Contract Tower,0,9,10,0,19,0,0,0,0,0,0,9,10,0,19,20,0,20,39
04/09/2014,IPT,PA,AEA,EN,Federal Contract Tower,0,8,8,0,16,0,2,26,1,29,0,10,34,1,45,42,0,42,87
04/10/2014,IPT,PA,AEA,EN,Federal Contract Tower,0,11,5,0,16,0,0,22,6,28,0,11,27,6,44,32,0,32,76
04/11/2014,IPT,PA,AEA,EN,Federal Contract Tower,0,8,11,0,19,0,0,16,0,16,0,8,27,0,35,24,0,24,59
04/12/2014,IPT,PA,AEA,EN,Federal Contract Tower,0,4,6,0,10,0,0,55,0,55,0,4,61,0,65,48,0,48,113
04/13/2014,IPT,PA,AEA,EN,Federal Contract Tower,0,5,5,0,10,0,2,36,0,38,0,7,41,0,48,2,0,2,50
04/14/2014,IPT,PA,AEA,EN,Federal Contract Tower,0,10,5,2,17,0,2,3,0,5,0,12,8,2,22,0,0,0,22
04/15/2014,IPT,PA,AEA,EN,Federal Contract Tower,0,13,7,0,20,0,1,0,0,1,0,14,7,0,21,0,0,0,21
04/16/2014,IPT,PA,AEA,EN,Federal Contract Tower,0,9,5,0,14,0,1,34,1,36,0,10,39,1,50,52,0,52,102
04/17/2014,IPT,PA,AEA,EN,Federal Contract Tower,0,12,7,0,19,0,2,39,0,41,0,14,46,0,60,16,0,16,76
04/18/2014,IPT,PA,AEA,EN,Federal Contract Tower,0,5,8,2,15,0,0,39,0,39,0,5,47,2,54,32,0,32,86
04/19/2014,IPT,PA,AEA,EN,Federal Contract Tower,0,6,9,0,15,0,0,53,5,58,0,6,62,5,73,30,0,30,103
04/20/2014,IPT,PA,AEA,EN,Federal Contract Tower,0,8,2,0,10,0,3,22,0,25,0,11,24,0,35,28,0,28,63
04/21/2014,IPT,PA,AEA,EN,Federal Contract Tower,0,6,5,2,13,0,5,31,2,38,0,11,36,4,51,26,0,26,77
04/22/2014,IPT,PA,AEA,EN,Federal Contract Tower,0,11,9,0,20,0,3,3,0,6,0,14,12,0,26,0,0,0,26
04/23/2014,IPT,PA,AEA,EN,Federal Contract Tower,0,13,7,1,21,0,7,23,3,33,0,20,30,4,54,18,4,22,76
04/24/2014,IPT,PA,AEA,EN,Federal Contract Tower,0,13,19,2,34,0,1,44,1,46,0,14,63,3,80,32,0,32,112
04/25/2014,IPT,PA,AEA,EN,Federal Contract Tower,0,10,10,0,20,0,0,14,0,14,0,10,24,0,34,0,0,0,34
04/26/2014,IPT,PA,AEA,EN,Federal Contract Tower,0,5,6,0,11,0,3,27,2,32,0,8,33,2,43,34,0,34,77
04/27/2014,IPT,PA,AEA,EN,Federal Contract Tower,0,7,12,0,19,0,2,31,0,33,0,9,43,0,52,26,0,26,78
04/28/2014,IPT,PA,AEA,EN,Federal Contract Tower,0,10,6,0,16,0,2,29,0,31,0,12,35,0,47,26,0,26,73
04/29/2014,IPT,PA,AEA,EN,Federal Contract Tower,0,10,6,0,16,0,0,0,0,0,0,10,6,0,16,0,0,0,16
04/30/2014,IPT,PA,AEA,EN,Federal Contract Tower,0,11,8,0,19,0,0,0,0,0,0,11,8,0,19,0,0,0,19
05/01/2014,IPT,PA,AEA,EN,Federal Contract Tower,0,8,11,0,19,0,3,27,0,30,0,11,38,0,49,56,0,56,105
05/02/2014,IPT,PA,AEA,EN,Federal Contract Tower,0,10,8,0,18,0,2,24,0,26,0,12,32,0,44,46,0,46,90
05/03/2014,IPT,PA,AEA,EN,Federal Contract Tower,0,4,4,0,8,0,1,26,0,27,0,5,30,0,35,22,0,22,57
05/04/2014,IPT,PA,AEA,EN,Federal Contract Tower,0,6,4,0,10,0,1,30,0,31,0,7,34,0,41,6,0,6,47
05/05/2014,IPT,PA,AEA,EN,Federal Contract Tower,0,7,8,0,15,0,2,52,0,54,0,9,60,0,69,44,0,44,113
05/06/2014,IPT,PA,AEA,EN,Federal Contract Tower,0,9,7,0,16,0,0,42,0,42,0,9,49,0,58,16,0,16,74
05/07/2014,IPT,PA,AEA,EN,Federal Contract Tower,0,13,12,0,25,0,0,31,0,31,0,13,43,0,56,18,0,18,74
05/08/2014,IPT,PA,AEA,EN,Federal Contract Tower,0,11,5,0,16,0,0,30,0,30,0,11,35,0,46,10,0,10,56
05/09/2014,IPT,PA,AEA,EN,Federal Contract Tower,0,9,6,0,15,0,5,23,2,30,0,14,29,2,45,0,0,0,45
05/10/2014,IPT,PA,AEA,EN,Federal Contract Tower,0,4,3,0,7,0,3,25,0,28,0,7,28,0,35,18,0,18,53
05/11/2014,IPT,PA,AEA,EN,Federal Contract Tower,0,8,3,0,11,0,5,33,0,38,0,13,36,0,49,26,0,26,75
05/12/2014,IPT,PA,AEA,EN,Federal Contract Tower,0,10,9,0,19,0,3,28,0,31,0,13,37,0,50,58,0,58,108
05/13/2014,IPT,PA,AEA,EN,Federal Contract Tower,0,9,7,0,16,0,2,35,0,37,0,11,42,0,53,50,0,50,103
05/14/2014,IPT,PA,AEA,EN,Federal Contract Tower,0,12,8,0,20,0,0,26,0,26,0,12,34,0,46,46,0,46,92
05/15/2014,IPT,PA,AEA,EN,Federal Contract Tower,0,12,9,2,23,0,2,2,0,4,0,14,11,2,27,0,0,0,27
05/16/2014,IPT,PA,AEA,EN,Federal Contract Tower,0,16,5,0,21,0,1,9,0,10,0,17,14,0,31,8,0,8,39
05/17/2014,IPT,PA,AEA,EN,Federal Contract Tower,0,3,8,0,11,0,5,39,1,45,0,8,47,1,56,36,0,36,92
05/18/2014,IPT,PA,AEA,EN,Federal Contract Tower,0,9,7,0,16,0,4,40,0,44,0,13,47,0,60,16,0,16,76
05/19/2014,IPT,PA,AEA,EN,Federal Contract Tower,0,6,8,0,14,0,2,49,2,53,0,8,57,2,67,26,2,28,95
05/20/2014,IPT,PA,AEA,EN,Federal Contract Tower,0,8,8,0,16,0,2,48,3,53,0,10,56,3,69,46,2,48,117
05/21/2014,IPT,PA,AEA,EN,Federal Contract Tower,0,10,5,0,15,0,0,2,0,2,0,10,7,0,17,4,0,4,21
05/22/2014,IPT,PA,AEA,EN,Federal Contract Tower,0,9,24,0,33,0,0,7,0,7,0,9,31,0,40,6,0,6,46
05/23/2014,IPT,PA,AEA,EN,Federal Contract Tower,0,10,6,0,16,0,0,32,3,35,0,10,38,3,51,40,0,40,91
05/24/2014,IPT,PA,AEA,EN,Federal Contract Tower,0,4,7,0,11,0,0,39,0,39,0,4,46,0,50,22,0,22,72
05/25/2014,IPT,PA,AEA,EN,Federal Contract Tower,0,3,4,0,7,0,0,53,0,53,0,3,57,0,60,10,0,10,70
05/26/2014,IPT,PA,AEA,EN,Federal Contract Tower,0,8,6,0,14,0,0,47,0,47,0,8,53,0,61,22,0,22,83
05/27/2014,IPT,PA,AEA,EN,Federal Contract Tower,0,8,5,0,13,0,0,20,0,20,0,8,25,0,33,0,0,0,33
05/28/2014,IPT,PA,AEA,EN,Federal Contract Tower,0,11,9,0,20,0,1,27,0,28,0,12,36,0,48,8,0,8,56
05/29/2014,IPT,PA,AEA,EN,Federal Contract Tower,0,11,9,0,20,0,0,0,0,0,0,11,9,0,20,0,0,0,20
05/30/2014,IPT,PA,AEA,EN,Federal Contract Tower,0,10,25,0,35,0,2,51,0,53,0,12,76,0,88,30,0,30,118
05/31/2014,IPT,PA,AEA,EN,Federal Contract Tower,0,5,8,0,13,0,6,98,0,104,0,11,106,0,117,30,0,30,147
06/01/2014,IPT,PA,AEA,EN,Federal Contract Tower,0,6,21,0,27,0,2,132,0,134,0,8,153,0,161,44,0,44,205
06/02/2014,IPT,PA,AEA,EN,Federal Contract Tower,0,7,3,0,10,0,3,30,4,37,0,10,33,4,47,28,0,28,75
06/03/2014,IPT,PA,AEA,EN,Federal Contract Tower,0,9,7,0,16,0,0,21,0,21,0,9,28,0,37,22,0,22,59
06/04/2014,IPT,PA,AEA,EN,Federal Contract Tower,0,13,9,0,22,0,4,31,1,36,0,17,40,1,58,54,2,56,114
06/05/2014,IPT,PA,AEA,EN,Federal Contract Tower,0,9,8,0,17,0,0,0,0,0,0,9,8,0,17,22,0,22,39
06/06/2014,IPT,PA,AEA,EN,Federal Contract Tower,0,9,8,0,17,0,4,47,0,51,0,13,55,0,68,6,0,6,74
06/07/2014,IPT,PA,AEA,EN,Federal Contract Tower,0,5,4,1,10,0,4,71,4,79,0,9,75,5,89,28,2,30,119
06/08/2014,IPT,PA,AEA,EN,Federal Contract Tower,0,8,7,0,15,0,2,30,4,36,0,10,37,4,51,6,2,8,59
06/09/2014,IPT,PA,AEA,EN,Federal Contract Tower,0,6,2,2,10,0,0,2,0,2,0,6,4,2,12,0,0,0,12
06/10/2014,IPT,PA,AEA,EN,Federal Contract Tower,0,9,6,0,15,0,3,18,0,21,0,12,24,0,36,12,0,12,48
06/11/2014,IPT,PA,AEA,EN,Federal Contract Tower,0,10,12,0,22,0,0,13,0,13,0,10,25,0,35,8,0,8,43
06/12/2014,IPT,PA,AEA,EN,Federal Contract Tower,0,4,9,0,13,0,0,0,0,0,0,4,9,0,13,0,0,0,13
06/13/2014,IPT,PA,AEA,EN,Federal Contract Tower,0,9,9,0,18,0,1,47,6,54,0,10,56,6,72,26,0,26,98
06/14/2014,IPT,PA,AEA,EN,Federal Contract Tower,0,4,7,0,11,0,3,57,0,60,0,7,64,0,71,40,0,40,111
06/15/2014,IPT,PA,AEA,EN,Federal Contract Tower,0,5,1,0,6,0,7,37,0,44,0,12,38,0,50,36,0,36,86
06/16/2014,IPT,PA,AEA,EN,Federal Contract Tower,0,6,5,0,11,0,1,19,0,20,0,7,24,0,31,6,0,6,37
06/17/2014,IPT,PA,AEA,EN,Federal Contract Tower,0,9,5,0,14,0,3,39,0,42,0,12,44,0,56,20,0,20,76
06/18/2014,IPT,PA,AEA,EN,Federal Contract Tower,0,10,9,0,19,0,3,41,0,44,0,13,50,0,63,20,0,20,83
06/19/2014,IPT,PA,AEA,EN,Federal Contract Tower,0,8,9,0,17,0,4,23,0,27,0,12,32,0,44,18,0,18,62
06/20/2014,IPT,PA,AEA,EN,Federal Contract Tower,0,7,8,0,15,0,2,48,0,50,0,9,56,0,65,20,0,20,85
06/21/2014,IPT,PA,AEA,EN,Federal Contract Tower,0,6,9,0,15,0,3,40,0,43,0,9,49,0,58,8,0,8,66
06/22/2014,IPT,PA,AEA,EN,Federal Contract Tower,0,6,2,0,8,0,7,54,0,61,0,13,56,0,69,12,0,12,81
06/23/2014,IPT,PA,AEA,EN,Federal Contract Tower,0,8,11,0,19,0,2,38,2,42,0,10,49,2,61,20,0,20,81
06/24/2014,IPT,PA,AEA,EN,Federal Contract Tower,0,3,10,0,13,0,0,30,0,30,0,3,40,0,43,0,0,0,43
06/25/2014,IPT,PA,AEA,EN,Federal Contract Tower,0,14,12,0,26,0,0,16,0,16,0,14,28,0,42,20,0,20,62
06/26/2014,IPT,PA,AEA,EN,Federal Contract Tower,8,10,0,0,18,0,0,36,0,36,8,10,36,0,54,20,0,20,74
06/27/2014,IPT,PA,AEA,EN,Federal Contract Tower,0,7,10,4,21,0,2,37,2,41,0,9,47,6,62,32,6,38,100
06/28/2014,IPT,PA,AEA,EN,Federal Contract Tower,0,7,4,0,11,0,0,25,0,25,0,7,29,0,36,18,0,18,54
06/29/2014,IPT,PA,AEA,EN,Federal Contract Tower,0,6,7,0,13,0,4,48,0,52,0,10,55,0,65,2,0,2,67
06/30/2014,IPT,PA,AEA,EN,Federal Contract Tower,0,9,3,0,12,0,2,26,0,28,0,11,29,0,40,40,0,40,80
07/01/2014,IPT,PA,AEA,EN,Federal Contract Tower,0,6,9,0,15,0,1,37,0,38,0,7,46,0,53,14,0,14,67
07/02/2014,IPT,PA,AEA,EN,Federal Contract Tower,0,3,8,0,11,0,6,29,1,36,0,9,37,1,47,8,2,10,57
07/03/2014,IPT,PA,AEA,EN,Federal Contract Tower,0,6,4,0,10,0,4,14,0,18,0,10,18,0,28,0,0,0,28
07/04/2014,IPT,PA,AEA,EN,Federal Contract Tower,0,5,9,0,14,0,3,26,0,29,0,8,35,0,43,0,0,0,43
07/05/2014,IPT,PA,AEA,EN,Federal Contract Tower,0,3,9,0,12,0,3,57,0,60,0,6,66,0,72,48,0,48,120
07/06/2014,IPT,PA,AEA,EN,Federal Contract Tower,0,6,2,0,8,0,2,68,0,70,0,8,70,0,78,24,0,24,102
07/07/2014,IPT,PA,AEA,EN,Federal Contract Tower,0,13,9,0,22,0,0,28,0,28,0,13,37,0,50,16,0,16,66
07/08/2014,IPT,PA,AEA,EN,Federal Contract Tower,0,6,6,0,12,0,0,25,0,25,0,6,31,0,37,20,0,20,57
07/09/2014,IPT,PA,AEA,EN,Federal Contract Tower,0,6,18,0,24,0,2,37,0,39,0,8,55,0,63,82,0,82,145
07/10/2014,IPT,PA,AEA,EN,Federal Contract Tower,0,8,8,0,16,0,3,29,0,32,0,11,37,0,48,30,0,30,78
07/11/2014,IPT,PA,AEA,EN,Federal Contract Tower,0,7,10,0,17,0,3,56,0,59,0,10,66,0,76,56,0,56,132
07/12/2014,IPT,PA,AEA,EN,Federal Contract Tower,0,4,12,7,23,0,4,49,1,54,0,8,61,8,77,12,0,12,89
07/13/2014,IPT,PA,AEA,EN,Federal Contract Tower,0,5,10,0,15,0,3,19,0,22,0,8,29,0,37,18,0,18,55
07/14/2014,IPT,PA,AEA,EN,Federal Contract Tower,0,7,8,0,15,0,2,18,0,20,0,9,26,0,35,0,0,0,35
07/15/2014,IPT,PA,AEA,EN,Federal Contract Tower,0,15,7,0,22,0,5,16,0,21,0,20,23,0,43,42,0,42,85
07/16/2014,IPT,PA,AEA,EN,Federal Contract Tower,0,8,9,1,18,0,5,62,1,68,0,13,71,2,86,12,2,14,100
07/17/2014,IPT,PA,AEA,EN,Federal Contract Tower,0,8,11,0,19,0,9,30,0,39,0,17,41,0,58,30,0,30,88
07/18/2014,IPT,PA,AEA,EN,Federal Contract Tower,0,7,7,4,18,0,5,47,4,56,0,12,54,8,74,36,0,36,110
07/19/2014,IPT,PA,AEA,EN,Federal Contract Tower,0,6,0,0,6,0,2,43,0,45,0,8,43,0,51,34,0,34,85
07/20/2014,IPT,PA,AEA,EN,Federal Contract Tower,0,4,10,0,14,0,3,40,0,43,0,7,50,0,57,20,0,20,77
07/21/2014,IPT,PA,AEA,EN,Federal Contract Tower,0,8,9,0,17,0,2,38,0,40,0,10,47,0,57,0,0,0,57
07/22/2014,IPT,PA,AEA,EN,Federal Contract Tower,0,8,4,4,16,0,4,23,4,31,0,12,27,8,47,58,8,66,113
07/23/2014,IPT,PA,AEA,EN,Federal Contract Tower,0,7,12,0,19,0,2,16,0,18,0,9,28,0,37,46,0,46,83
07/24/2014,IPT,PA,AEA,EN,Federal Contract Tower,0,11,10,0,21,0,2,40,0,42,0,13,50,0,63,34,0,34,97
07/25/2014,IPT,PA,AEA,EN,Federal Contract Tower,0,12,3,2,17,0,0,54,1,55,0,12,57,3,72,50,6,56,128
07/26/2014,IPT,PA,AEA,EN,Federal Contract Tower,0,5,4,0,9,0,2,62,0,64,0,7,66,0,73,36,0,36,109
07/27/2014,IPT,PA,AEA,EN,Federal Contract Tower,0,5,4,0,9,0,3,33,0,36,0,8,37,0,45,10,0,10,55
07/28/2014,IPT,PA,AEA,EN,Federal Contract Tower,0,4,3,0,7,0,0,28,0,28,0,4,31,0,35,10,0,10,45
07/29/2014,IPT,PA,AEA,EN,Federal Contract Tower,0,13,10,0,23,0,6,43,12,61,0,19,53,12,84,66,0,66,150
07/30/2014,IPT,PA,AEA,EN,Federal Contract Tower,0,11,10,0,21,0,2,21,2,25,0,13,31,2,46,36,0,36,82
07/31/2014,IPT,PA,AEA,EN,Federal Contract Tower,0,8,4,0,12,0,6,25,2,33,0,14,29,2,45,48,0,48,93
08/01/2014,IPT,PA,AEA,EN,Federal Contract Tower,0,10,5,2,17,0,2,29,0,31,0,12,34,2,48,18,0,18,66
08/02/2014,IPT,PA,AEA,EN,Federal Contract Tower,0,4,5,0,9,0,1,31,0,32,0,5,36,0,41,22,0,22,63
08/03/2014,IPT,PA,AEA,EN,Federal Contract Tower,0,8,6,0,14,0,0,5,0,5,0,8,11,0,19,16,0,16,35
08/04/2014,IPT,PA,AEA,EN,Federal Contract Tower,0,8,9,0,17,0,4,47,2,53,0,12,56,2,70,40,0,40,110
08/05/2014,IPT,PA,AEA,EN,Federal Contract Tower,0,9,17,0,26,0,4,30,0,34,0,13,47,0,60,4,0,4,64
08/06/2014,IPT,PA,AEA,EN,Federal Contract Tower,0,7,3,0,10,0,5,29,0,34,0,12,32,0,44,24,0,24,68
08/07/2014,IPT,PA,AEA,EN,Federal Contract Tower,0,7,6,0,13,0,5,54,0,59,0,12,60,0,72,12,0,12,84
08/08/2014,IPT,PA,AEA,EN,Federal Contract Tower,0,7,4,0,11,0,4,65,0,69,0,11,69,0,80,30,0,30,110
08/09/2014,IPT,PA,AEA,EN,Federal Contract Tower,0,4,7,0,11,0,1,47,0,48,0,5,54,0,59,40,0,40,99
08/10/2014,IPT,PA,AEA,EN,Federal Contract Tower,0,6,5,1,12,0,14,49,0,63,0,20,54,1,75,36,0,36,111
08/11/2014,IPT,PA,AEA,EN,Federal Contract Tower,0,8,4,0,12,0,8,30,0,38,0,16,34,0,50,14,0,14,64
08/12/2014,IPT,PA,AEA,EN,Federal Contract Tower,0,10,2,0,12,0,0,0,0,0,0,10,2,0,12,0,0,0,12
08/13/2014,IPT,PA,AEA,EN,Federal Contract Tower,0,8,7,0,15,0,3,28,0,31,0,11,35,0,46,44,0,44,90
08/14/2014,IPT,PA,AEA,EN,Federal Contract Tower,0,9,11,0,20,0,3,41,0,44,0,12,52,0,64,22,0,22,86
08/15/2014,IPT,PA,AEA,EN,Federal Contract Tower,0,7,10,0,17,0,3,54,0,57,0,10,64,0,74,48,0,48,122
08/16/2014,IPT,PA,AEA,EN,Federal Contract Tower,0,6,11,0,17,0,1,38,0,39,0,7,49,0,56,52,0,52,108
08/17/2014,IPT,PA,AEA,EN,Federal Contract Tower,0,10,8,0,18,0,3,29,0,32,0,13,37,0,50,54,0,54,104
08/18/2014,IPT,PA,AEA,EN,Federal Contract Tower,0,8,2,0,10,0,0,31,0,31,0,8,33,0,41,64,0,64,105
08/19/2014,IPT,PA,AEA,EN,Federal Contract Tower,0,5,10,0,15,0,1,49,0,50,0,6,59,0,65,106,0,106,171
08/20/2014,IPT,PA,AEA,EN,Federal Contract Tower,0,9,13,0,22,0,4,30,0,34,0,13,43,0,56,22,0,22,78
08/21/2014,IPT,PA,AEA,EN,Federal Contract Tower,0,10,8,0,18,0,0,27,0,27,0,10,35,0,45,24,0,24,69
08/22/2014,IPT,PA,AEA,EN,Federal Contract Tower,0,7,9,0,16,0,0,14,0,14,0,7,23,0,30,34,0,34,64
08/23/2014,IPT,PA,AEA,EN,Federal Contract Tower,0,3,18,0,21,0,5,13,0,18,0,8,31,0,39,32,0,32,71
08/24/2014,IPT,PA,AEA,EN,Federal Contract Tower,0,6,3,0,9,0,4,47,0,51,0,10,50,0,60,16,0,16,76
08/25/2014,IPT,PA,AEA,EN,Federal Contract Tower,0,6,9,0,15,0,1,35,0,36,0,7,44,0,51,32,0,32,83
08/26/2014,IPT,PA,AEA,EN,Federal Contract Tower,0,7,7,0,14,0,3,56,0,59,0,10,63,0,73,20,0,20,93
08/27/2014,IPT,PA,AEA,EN,Federal Contract Tower,0,8,8,0,16,0,2,50,0,52,0,10,58,0,68,58,0,58,126
08/28/2014,IPT,PA,AEA,EN,Federal Contract Tower,0,7,7,4,18,0,2,34,4,40,0,9,41,8,58,26,16,42,100
08/29/2014,IPT,PA,AEA,EN,Federal Contract Tower,0,7,10,0,17,0,4,44,0,48,0,11,54,0,65,22,0,22,87
08/30/2014,IPT,PA,AEA,EN,Federal Contract Tower,0,4,10,0,14,0,8,21,0,29,0,12,31,0,43,14,0,14,57
08/31/2014,IPT,PA,AEA,EN,Federal Contract Tower,0,4,0,0,4,0,0,0,0,0,0,4,0,0,4,2,0,2,6
09/01/2014,IPT,PA,AEA,EN,Federal Contract Tower,0,7,6,0,13,0,1,17,0,18,0,8,23,0,31,30,0,30,61
09/02/2014,IPT,PA,AEA,EN,Federal Contract Tower,0,7,8,0,15,0,4,16,0,20,0,11,24,0,35,36,0,36,71
09/03/2014,IPT,PA,AEA,EN,Federal Contract Tower,0,6,5,0,11,0,1,54,0,55,0,7,59,0,66,14,0,14,80
09/04/2014,IPT,PA,AEA,EN,Federal Contract Tower,0,9,9,0,18,0,4,25,0,29,0,13,34,0,47,8,0,8,55
09/05/2014,IPT,PA,AEA,EN,Federal Contract Tower,0,7,9,0,16,0,0,18,0,18,0,7,27,0,34,30,0,30,64
09/06/2014,IPT,PA,AEA,EN,Federal Contract Tower,0,7,7,0,14,0,3,16,0,19,0,10,23,0,33,4,0,4,37
09/07/2014,IPT,PA,AEA,EN,Federal Contract Tower,0,9,8,0,17,0,5,47,0,52,0,14,55,0,69,8,0,8,77
09/08/2014,IPT,PA,AEA,EN,Federal Contract Tower,0,4,6,0,10,0,3,37,0,40,0,7,43,0,50,4,0,4,54
09/09/2014,IPT,PA,AEA,EN,Federal Contract Tower,0,7,8,3,18,0,2,28,0,30,0,9,36,3,48,40,2,42,90
09/10/2014,IPT,PA,AEA,EN,Federal Contract Tower,0,7,13,0,20,0,0,9,0,9,0,7,22,0,29,6,0,6,35
09/11/2014,IPT,PA,AEA,EN,Federal Contract Tower,0,6,10,0,16,0,5,7,0,12,0,11,17,0,28,0,0,0,28
09/12/2014,IPT,PA,AEA,EN,Federal Contract Tower,0,10,12,0,22,0,0,46,0,46,0,10,58,0,68,2,0,2,70
09/13/2014,IPT,PA,AEA,EN,Federal Contract Tower,0,4,12,0,16,0,4,23,0,27,0,8,35,0,43,2,0,2,45
09/14/2014,IPT,PA,AEA,EN,Federal Contract Tower,0,6,6,0,12,0,2,55,0,57,0,8,61,0,69,14,0,14,83
09/15/2014,IPT,PA,AEA,EN,Federal Contract Tower,0,9,2,0,11,0,4,37,0,41,0,13,39,0,52,80,0,80,132
09/16/2014,IPT,PA,AEA,EN,Federal Contract Tower,0,9,7,0,16,0,2,28,0,30,0,11,35,0,46,108,0,108,154
09/17/2014,IPT,PA,AEA,EN,Federal Contract Tower,0,7,14,2,23,0,3,25,2,30,0,10,39,4,53,2,0,2,55
09/18/2014,IPT,PA,AEA,EN,Federal Contract Tower,0,7,8,0,15,0,4,33,0,37,0,11,41,0,52,28,0,28,80
09/19/2014,IPT,PA,AEA,EN,Federal Contract Tower,0,8,4,0,12,0,0,50,0,50,0,8,54,0,62,16,0,16,78
09/20/2014,IPT,PA,AEA,EN,Federal Contract Tower,0,4,4,0,8,0,2,28,0,30,0,6,32,0,38,0,0,0,38
09/21/2014,IPT,PA,AEA,EN,Federal Contract Tower,0,6,4,0,10,0,2,28,0,30,0,8,32,0,40,18,0,18,58
09/22/2014,IPT,PA,AEA,EN,Federal Contract Tower,0,6,5,0,11,0,2,31,4,37,0,8,36,4,48,28,0,28,76
09/23/2014,IPT,PA,AEA,EN,Federal Contract Tower,0,9,19,0,28,0,5,44,0,49,0,14,63,0,77,16,0,16,93
09/24/2014,IPT,PA,AEA,EN,Federal Contract Tower,0,7,6,0,13,0,2,36,2,40,0,9,42,2,53,28,0,28,81
09/25/2014,IPT,PA,AEA,EN,Federal Contract Tower,0,8,7,2,17,0,2,37,2,41,0,10,44,4,58,28,0,28,86
09/26/2014,IPT,PA,AEA,EN,Federal Contract Tower,0,9,7,0,16,0,6,60,0,66,0,15,67,0,82,20,0,20,102
09/27/2014,IPT,PA,AEA,EN,Federal Contract Tower,0,1,6,1,8,0,6,30,0,36,0,7,36,1,44,16,0,16,60
09/28/2014,IPT,PA,AEA,EN,Federal Contract Tower,0,8,9,0,17,0,2,36,0,38,0,10,45,0,55,12,0,12,67
09/29/2014,IPT,PA,AEA,EN,Federal Contract Tower,0,8,10,0,18,0,2,33,0,35,0,10,43,0,53,24,0,24,77
09/30/2014,IPT,PA,AEA,EN,Federal Contract Tower,0,8,2,0,10,0,3,14,0,17,0,11,16,0,27,4,0,4,31
10/01/2014,IPT,PA,AEA,EN,Federal Contract Tower,0,7,5,0,12,0,2,22,0,24,0,9,27,0,36,8,0,8,44
10/02/2014,IPT,PA,AEA,EN,Federal Contract Tower,0,10,9,2,21,0,4,25,0,29,0,14,34,2,50,24,0,24,74
10/03/2014,IPT,PA,AEA,EN,Federal Contract Tower,0,9,8,0,17,0,0,22,0,22,0,9,30,0,39,0,0,0,39
10/04/2014,IPT,PA,AEA,EN,Federal Contract Tower,0,4,6,0,10,0,0,23,0,23,0,4,29,0,33,18,0,18,51
10/05/2014,IPT,PA,AEA,EN,Federal Contract Tower,0,6,7,0,13,0,0,35,0,35,0,6,42,0,48,42,0,42,90
10/06/2014,IPT,PA,AEA,EN,Federal Contract Tower,0,9,4,0,13,0,0,15,2,17,0,9,19,2,30,4,14,18,48
10/07/2014,IPT,PA,AEA,EN,Federal Contract Tower,0,7,6,0,13,0,4,20,0,24,0,11,26,0,37,0,0,0,37
10/08/2014,IPT,PA,AEA,EN,Federal Contract Tower,0,7,6,0,13,0,8,30,0,38,0,15,36,0,51,0,0,0,51
10/09/2014,IPT,PA,AEA,EN,Federal Contract Tower,0,5,8,0,13,0,4,38,2,44,0,9,46,2,57,14,0,14,71
10/10/2014,IPT,PA,AEA,EN,Federal Contract Tower,0,9,2,0,11,0,0,26,0,26,0,9,28,0,37,10,0,10,47
10/11/2014,IPT,PA,AEA,EN,Federal Contract Tower,0,4,13,0,17,0,3,23,0,26,0,7,36,0,43,38,0,38,81
10/12/2014,IPT,PA,AEA,EN,Federal Contract Tower,0,6,7,0,13,0,3,29,0,32,0,9,36,0,45,6,0,6,51
10/13/2014,IPT,PA,AEA,EN,Federal Contract Tower,0,6,10,0,16,0,0,0,0,0,0,6,10,0,16,0,0,0,16
10/14/2014,IPT,PA,AEA,EN,Federal Contract Tower,0,11,14,0,25,0,5,8,0,13,0,16,22,0,38,0,0,0,38
10/15/2014,IPT,PA,AEA,EN,Federal Contract Tower,0,13,8,0,21,0,0,0,0,0,0,13,8,0,21,0,0,0,21
10/16/2014,IPT,PA,AEA,EN,Federal Contract Tower,0,16,11,0,27,0,2,28,0,30,0,18,39,0,57,20,0,20,77
10/17/2014,IPT,PA,AEA,EN,Federal Contract Tower,0,10,9,0,19,0,0,32,2,34,0,10,41,2,53,18,0,18,71
10/18/2014,IPT,PA,AEA,EN,Federal Contract Tower,0,6,5,0,11,0,2,11,0,13,0,8,16,0,24,2,0,2,26
10/19/2014,IPT,PA,AEA,EN,Federal Contract Tower,0,8,4,0,12,0,2,29,0,31,0,10,33,0,43,24,0,24,67
10/20/2014,IPT,PA,AEA,EN,Federal Contract Tower,0,8,10,0,18,0,5,30,0,35,0,13,40,0,53,8,0,8,61
10/21/2014,IPT,PA,AEA,EN,Federal Contract Tower,0,12,4,0,16,0,0,24,0,24,0,12,28,0,40,12,0,12,52
10/22/2014,IPT,PA,AEA,EN,Federal Contract Tower,0,9,16,0,25,0,0,17,0,17,0,9,33,0,42,14,0,14,56
10/23/2014,IPT,PA,AEA,EN,Federal Contract Tower,0,8,7,0,15,0,0,23,0,23,0,8,30,0,38,8,0,8,46
10/24/2014,IPT,PA,AEA,EN,Federal Contract Tower,0,9,11,0,20,0,0,47,0,47,0,9,58,0,67,44,0,44,111
10/25/2014,IPT,PA,AEA,EN,Federal Contract Tower,0,4,3,0,7,0,1,39,0,40,0,5,42,0,47,38,0,38,85
10/26/2014,IPT,PA,AEA,EN,Federal Contract Tower,0,5,7,0,12,0,4,13,0,17,0,9,20,0,29,16,0,16,45
10/27/2014,IPT,PA,AEA,EN,Federal Contract Tower,0,8,8,0,16,0,3,41,0,44,0,11,49,0,60,42,0,42,102
10/28/2014,IPT,PA,AEA,EN,Federal Contract Tower,0,11,9,0,20,0,3,44,0,47,0,14,53,0,67,28,0,28,95
10/29/2014,IPT,PA,AEA,EN,Federal Contract Tower,0,8,3,0,11,0,2,8,0,10,0,10,11,0,21,16,0,16,37
10/30/2014,IPT,PA,AEA,EN,Federal Contract Tower,0,7,19,0,26,0,8,19,0,27,0,15,38,0,53,50,0,50,103
10/31/2014,IPT,PA,AEA,EN,Federal Contract Tower,0,7,5,0,12,0,4,20,0,24,0,11,25,0,36,14,0,14,50
11/01/2014,IPT,PA,AEA,EN,Federal Contract Tower,0,4,1,0,5,0,8,12,1,21,0,12,13,1,26,8,0,8,34
11/02/2014,IPT,PA,AEA,EN,Federal Contract Tower,0,6,4,0,10,0,3,14,0,17,0,9,18,0,27,0,0,0,27
11/03/2014,IPT,PA,AEA,EN,Federal Contract Tower,0,6,6,0,12,0,6,26,0,32,0,12,32,0,44,4,0,4,48
11/04/2014,IPT,PA,AEA,EN,Federal Contract Tower,0,9,15,0,24,0,3,44,0,47,0,12,59,0,71,32,0,32,103
11/05/2014,IPT,PA,AEA,EN,Federal Contract Tower,0,7,3,0,10,0,2,18,0,20,0,9,21,0,30,0,0,0,30
11/06/2014,IPT,PA,AEA,EN,Federal Contract Tower,0,10,8,0,18,0,0,2,0,2,0,10,10,0,20,0,0,0,20
11/07/2014,IPT,PA,AEA,EN,Federal Contract Tower,0,10,4,0,14,0,3,8,0,11,0,13,12,0,25,0,0,0,25
11/08/2014,IPT,PA,AEA,EN,Federal Contract Tower,0,4,5,0,9,0,1,64,0,65,0,5,69,0,74,8,0,8,82
11/09/2014,IPT,PA,AEA,EN,Federal Contract Tower,0,5,1,0,6,0,7,30,0,37,0,12,31,0,43,36,0,36,79
11/10/2014,IPT,PA,AEA,EN,Federal Contract Tower,0,8,5,0,13,0,1,34,0,35,0,9,39,0,48,10,0,10,58
11/11/2014,IPT,PA,AEA,EN,Federal Contract Tower,0,8,4,0,12,0,5,31,0,36,0,13,35,0,48,0,0,0,48
11/12/2014,IPT,PA,AEA,EN,Federal Contract Tower,0,10,4,0,14,0,1,17,0,18,0,11,21,0,32,18,0,18,50
11/13/2014,IPT,PA,AEA,EN,Federal Contract Tower,0,10,3,0,13,0,4,20,0,24,0,14,23,0,37,6,0,6,43
11/14/2014,IPT,PA,AEA,EN,Federal Contract Tower,0,10,4,0,14,0,2,20,0,22,0,12,24,0,36,6,0,6,42
11/15/2014,IPT,PA,AEA,EN,Federal Contract Tower,0,5,3,0,8,0,5,39,0,44,0,10,42,0,52,12,0,12,64
11/16/2014,IPT,PA,AEA,EN,Federal Contract Tower,0,7,0,0,7,0,0,27,0,27,0,7,27,0,34,26,0,26,60
11/17/2014,IPT,PA,AEA,EN,Federal Contract Tower,0,6,2,0,8,0,1,0,0,1,0,7,2,0,9,0,0,0,9
11/18/2014,IPT,PA,AEA,EN,Federal Contract Tower,0,7,3,0,10,0,4,11,0,15,0,11,14,0,25,2,0,2,27
11/19/2014,IPT,PA,AEA,EN,Federal Contract Tower,0,9,10,0,19,0,1,30,0,31,0,10,40,0,50,16,0,16,66
11/20/2014,IPT,PA,AEA,EN,Federal Contract Tower,0,10,8,0,18,0,0,9,2,11,0,10,17,2,29,0,0,0,29
11/21/2014,IPT,PA,AEA,EN,Federal Contract Tower,0,7,7,0,14,0,6,23,0,29,0,13,30,0,43,34,0,34,77
11/22/2014,IPT,PA,AEA,EN,Federal Contract Tower,0,6,7,0,13,0,2,24,0,26,0,8,31,0,39,34,0,34,73
11/23/2014,IPT,PA,AEA,EN,Federal Contract Tower,0,6,6,0,12,0,2,27,0,29,0,8,33,0,41,32,0,32,73
11/24/2014,IPT,PA,AEA,EN,Federal Contract Tower,0,8,2,0,10,0,5,7,0,12,0,13,9,0,22,4,0,4,26
11/25/2014,IPT,PA,AEA,EN,Federal Contract Tower,0,11,16,0,27,0,5,36,0,41,0,16,52,0,68,48,0,48,116
11/26/2014,IPT,PA,AEA,EN,Federal Contract Tower,0,5,3,0,8,0,0,0,0,0,0,5,3,0,8,0,0,0,8
11/27/2014,IPT,PA,AEA,EN,Federal Contract Tower,0,1,1,0,2,0,1,5,0,6,0,2,6,0,8,0,0,0,8
11/28/2014,IPT,PA,AEA,EN,Federal Contract Tower,0,4,0,0,4,0,2,38,0,40,0,6,38,0,44,6,0,6,50
11/29/2014,IPT,PA,AEA,EN,Federal Contract Tower,0,4,0,0,4,0,0,17,0,17,0,4,17,0,21,0,0,0,21
11/30/2014,IPT,PA,AEA,EN,Federal Contract Tower,0,6,19,2,27,0,8,13,1,22,0,14,32,3,49,14,6,20,69
12/01/2014,IPT,PA,AEA,EN,Federal Contract Tower,0,6,4,0,10,0,0,12,0,12,0,6,16,0,22,16,0,16,38
12/02/2014,IPT,PA,AEA,EN,Federal Contract Tower,0,6,9,0,15,0,0,7,0,7,0,6,16,0,22,12,0,12,34
12/03/2014,IPT,PA,AEA,EN,Federal Contract Tower,0,8,11,0,19,0,1,5,0,6,0,9,16,0,25,8,0,8,33
12/04/2014,IPT,PA,AEA,EN,Federal Contract Tower,0,9,11,0,20,0,3,54,0,57,0,12,65,0,77,28,0,28,105
12/05/2014,IPT,PA,AEA,EN,Federal Contract Tower,0,8,3,0,11,0,0,2,0,2,0,8,5,0,13,0,0,0,13
12/06/2014,IPT,PA,AEA,EN,Federal Contract Tower,0,6,0,0,6,0,0,0,0,0,0,6,0,0,6,0,0,0,6
12/07/2014,IPT,PA,AEA,EN,Federal Contract Tower,0,5,6,0,11,0,2,27,0,29,0,7,33,0,40,74,0,74,114
12/08/2014,IPT,PA,AEA,EN,Federal Contract Tower,0,10,4,0,14,0,4,10,0,14,0,14,14,0,28,6,0,6,34
12/09/2014,IPT,PA,AEA,EN,Federal Contract Tower,0,6,1,0,7,0,0,0,0,0,0,6,1,0,7,0,0,0,7
12/10/2014,IPT,PA,AEA,EN,Federal Contract Tower,0,9,0,0,9,0,0,0,0,0,0,9,0,0,9,0,0,0,9
12/11/2014,IPT,PA,AEA,EN,Federal Contract Tower,0,11,6,0,17,0,0,2,0,2,0,11,8,0,19,0,0,0,19
12/12/2014,IPT,PA,AEA,EN,Federal Contract Tower,7,2,0,0,9,0,5,31,2,38,7,7,31,2,47,0,0,0,47
12/13/2014,IPT,PA,AEA,EN,Federal Contract Tower,0,4,2,0,6,0,0,13,0,13,0,4,15,0,19,30,0,30,49
12/14/2014,IPT,PA,AEA,EN,Federal Contract Tower,0,8,2,0,10,0,0,5,0,5,0,8,7,0,15,6,0,6,21
12/15/2014,IPT,PA,AEA,EN,Federal Contract Tower,0,6,6,0,12,0,2,9,0,11,0,8,15,0,23,6,0,6,29
12/16/2014,IPT,PA,AEA,EN,Federal Contract Tower,0,7,5,0,12,0,2,0,0,2,0,9,5,0,14,0,0,0,14
12/17/2014,IPT,PA,AEA,EN,Federal Contract Tower,0,8,1,0,9,0,4,2,0,6,0,12,3,0,15,8,0,8,23
12/18/2014,IPT,PA,AEA,EN,Federal Contract Tower,0,7,10,0,17,0,1,27,0,28,0,8,37,0,45,28,0,28,73
12/19/2014,IPT,PA,AEA,EN,Federal Contract Tower,0,7,5,0,12,0,4,20,0,24,0,11,25,0,36,0,0,0,36
12/20/2014,IPT,PA,AEA,EN,Federal Contract Tower,0,5,9,0,14,0,6,32,0,38,0,11,41,0,52,16,0,16,68
12/21/2014,IPT,PA,AEA,EN,Federal Contract Tower,7,4,0,0,11,0,4,33,0,37,7,8,33,0,48,12,0,12,60
12/22/2014,IPT,PA,AEA,EN,Federal Contract Tower,0,5,7,0,12,0,6,14,0,20,0,11,21,0,32,14,0,14,46
12/23/2014,IPT,PA,AEA,EN,Federal Contract Tower,0,14,8,0,22,0,0,0,0,0,0,14,8,0,22,0,0,0,22
12/24/2014,IPT,PA,AEA,EN,Federal Contract Tower,5,5,0,0,10,0,0,0,0,0,5,5,0,0,10,0,0,0,10
12/25/2014,IPT,PA,AEA,EN,Federal Contract Tower,0,4,2,0,6,0,1,2,0,3,0,5,4,0,9,0,0,0,9
12/26/2014,IPT,PA,AEA,EN,Federal Contract Tower,0,8,7,0,15,0,2,49,0,51,0,10,56,0,66,6,0,6,72
12/27/2014,IPT,PA,AEA,EN,Federal Contract Tower,0,4,7,0,11,0,8,46,0,54,0,12,53,0,65,10,0,10,75
12/28/2014,IPT,PA,AEA,EN,Federal Contract Tower,3,6,7,0,16,0,8,0,0,8,3,14,7,0,24,0,0,0,24
12/29/2014,IPT,PA,AEA,EN,Federal Contract Tower,0,8,6,0,14,0,1,28,0,29,0,9,34,0,43,20,0,20,63
12/30/2014,IPT,PA,AEA,EN,Federal Contract Tower,0,7,11,0,18,0,2,24,0,26,0,9,35,0,44,4,0,4,48
12/31/2014,IPT,PA,AEA,EN,Federal Contract Tower,0,8,8,0,16,0,3,19,0,22,0,11,27,0,38,8,0,8,46
01/01/2015,IPT,PA,AEA,EN,Federal Contract Tower,0,2,6,0,8,0,4,5,0,9,0,6,11,0,17,0,0,0,17
01/02/2015,IPT,PA,AEA,EN,Federal Contract Tower,0,6,2,0,8,0,3,24,0,27,0,9,26,0,35,22,0,22,57
01/03/2015,IPT,PA,AEA,EN,Federal Contract Tower,0,6,2,0,8,0,0,5,0,5,0,6,7,0,13,0,0,0,13
01/04/2015,IPT,PA,AEA,EN,Federal Contract Tower,0,6,2,0,8,0,0,0,0,0,0,6,2,0,8,0,0,0,8
01/05/2015,IPT,PA,AEA,EN,Federal Contract Tower,0,7,0,0,7,0,2,0,0,2,0,9,0,0,9,0,0,0,9
01/06/2015,IPT,PA,AEA,EN,Federal Contract Tower,0,4,3,0,7,0,2,1,0,3,0,6,4,0,10,0,0,0,10
01/07/2015,IPT,PA,AEA,EN,Federal Contract Tower,0,3,8,0,11,0,9,2,2,13,0,12,10,2,24,8,0,8,32
01/08/2015,IPT,PA,AEA,EN,Federal Contract Tower,0,11,6,0,17,0,8,19,2,29,0,19,25,2,46,22,0,22,68
01/09/2015,IPT,PA,AEA,EN,Federal Contract Tower,0,8,1,2,11,0,0,4,0,4,0,8,5,2,15,0,2,2,17
01/10/2015,IPT,PA,AEA,EN,Federal Contract Tower,0,3,4,0,7,0,0,21,0,21,0,3,25,0,28,4,0,4,32
01/11/2015,IPT,PA,AEA,EN,Federal Contract Tower,0,6,5,0,11,0,4,26,2,32,0,10,31,2,43,26,0,26,69
01/12/2015,IPT,PA,AEA,EN,Federal Contract Tower,0,6,3,0,9,0,0,0,0,0,0,6,3,0,9,0,0,0,9
01/13/2015,IPT,PA,AEA,EN,Federal Contract Tower,0,7,5,0,12,0,5,15,0,20,0,12,20,0,32,22,0,22,54
01/14/2015,IPT,PA,AEA,EN,Federal Contract Tower,0,4,10,0,14,0,3,4,0,7,0,7,14,0,21,4,0,4,25
01/15/2015,IPT,PA,AEA,EN,Federal Contract Tower,0,4,6,0,10,0,3,20,0,23,0,7,26,0,33,30,0,30,63
01/16/2015,IPT,PA,AEA,EN,Federal Contract Tower,0,4,5,0,9,0,5,12,0,17,0,9,17,0,26,14,0,14,40
01/17/2015,IPT,PA,AEA,EN,Federal Contract Tower,0,3,3,0,6,0,1,47,0,48,0,4,50,0,54,0,0,0,54
01/18/2015,IPT,PA,AEA,EN,Federal Contract Tower,0,8,3,0,11,0,0,2,0,2,0,8,5,0,13,14,0,14,27
01/19/2015,IPT,PA,AEA,EN,Federal Contract Tower,0,7,5,0,12,0,11,22,0,33,0,18,27,0,45,6,0,6,51
01/20/2015,IPT,PA,AEA,EN,Federal Contract Tower,0,9,2,0,11,0,3,13,0,16,0,12,15,0,27,20,0,20,47
01/21/2015,IPT,PA,AEA,EN,Federal Contract Tower,0,6,9,0,15,0,0,5,0,5,0,6,14,0,20,2,0,2,22
01/22/2015,IPT,PA,AEA,EN,Federal Contract Tower,0,7,2,0,9,0,1,0,0,1,0,8,2,0,10,0,0,0,10
01/23/2015,IPT,PA,AEA,EN,Federal Contract Tower,0,5,8,0,13,0,5,28,2,35,0,10,36,2,48,4,0,4,52
01/24/2015,IPT,PA,AEA,EN,Federal Contract Tower,0,3,3,0,6,0,1,6,0,7,0,4,9,0,13,0,0,0,13
01/25/2015,IPT,PA,AEA,EN,Federal Contract Tower,0,4,3,0,7,0,2,20,0,22,0,6,23,0,29,8,0,8,37
01/26/2015,IPT,PA,AEA,EN,Federal Contract Tower,0,4,2,0,6,0,0,0,0,0,0,4,2,0,6,0,0,0,6
01/27/2015,IPT,PA,AEA,EN,Federal Contract Tower,0,6,0,0,6,0,0,7,0,7,0,6,7,0,13,0,0,0,13
01/28/2015,IPT,PA,AEA,EN,Federal Contract Tower,0,6,13,0,19,0,6,27,0,33,0,12,40,0,52,2,0,2,54
01/29/2015,IPT,PA,AEA,EN,Federal Contract Tower,0,7,3,0,10,0,1,3,0,4,0,8,6,0,14,0,0,0,14
01/30/2015,IPT,PA,AEA,EN,Federal Contract Tower,0,9,4,0,13,0,4,5,0,9,0,13,9,0,22,0,0,0,22
01/31/2015,IPT,PA,AEA,EN,Federal Contract Tower,0,3,7,0,10,0,5,6,6,17,0,8,13,6,27,0,0,0,27
02/01/2015,IPT,PA,AEA,EN,Federal Contract Tower,0,7,1,0,8,0,1,8,0,9,0,8,9,0,17,26,0,26,43
02/02/2015,IPT,PA,AEA,EN,Federal Contract Tower,0,4,4,0,8,0,0,0,0,0,0,4,4,0,8,0,0,0,8
02/03/2015,IPT,PA,AEA,EN,Federal Contract Tower,0,5,1,0,6,0,0,24,0,24,0,5,25,0,30,0,0,0,30
02/04/2015,IPT,PA,AEA,EN,Federal Contract Tower,0,5,10,0,15,0,0,19,0,19,0,5,29,0,34,0,0,0,34
02/05/2015,IPT,PA,AEA,EN,Federal Contract Tower,0,5,2,0,7,0,4,20,0,24,0,9,22,0,31,18,0,18,49
02/06/2015,IPT,PA,AEA,EN,Federal Contract Tower,0,7,4,0,11,0,3,15,3,21,0,10,19,3,32,2,0,2,34
02/07/2015,IPT,PA,AEA,EN,Federal Contract Tower,0,2,8,0,10,0,1,30,0,31,0,3,38,0,41,32,0,32,73
02/08/2015,IPT,PA,AEA,EN,Federal Contract Tower,0,8,5,0,13,0,2,15,0,17,0,10,20,0,30,4,0,4,34
02/09/2015,IPT,PA,AEA,EN,Federal Contract Tower,0,2,1,0,3,0,0,0,0,0,0,2,1,0,3,0,0,0,3
02/10/2015,IPT,PA,AEA,EN,Federal Contract Tower,0,7,8,0,15,0,0,9,0,9,0,7,17,0,24,0,0,0,24
02/11/2015,IPT,PA,AEA,EN,Federal Contract Tower,0,6,14,9,29,0,0,34,3,37,0,6,48,12,66,10,6,16,82
02/12/2015,IPT,PA,AEA,EN,Federal Contract Tower,0,7,11,0,18,0,2,5,0,7,0,9,16,0,25,0,0,0,25
02/13/2015,IPT,PA,AEA,EN,Federal Contract Tower,0,5,3,0,8,0,3,25,0,28,0,8,28,0,36,2,0,2,38
02/14/2015,IPT,PA,AEA,EN,Federal Contract Tower,0,2,0,0,2,0,0,0,0,0,0,2,0,0,2,0,0,0,2
02/15/2015,IPT,PA,AEA,EN,Federal Contract Tower,0,4,1,0,5,0,3,0,0,3,0,7,1,0,8,0,0,0,8
02/16/2015,IPT,PA,AEA,EN,Federal Contract Tower,0,5,1,0,6,0,1,22,0,23,0,6,23,0,29,32,0,32,61
02/17/2015,IPT,PA,AEA,EN,Federal Contract Tower,0,7,13,0,20,0,1,6,1,8,0,8,19,1,28,0,2,2,30
02/18/2015,IPT,PA,AEA,EN,Federal Contract Tower,0,6,2,0,8,0,0,0,0,0,0,6,2,0,8,8,0,8,16
02/19/2015,IPT,PA,AEA,EN,Federal Contract Tower,0,5,4,0,9,0,5,2,0,7,0,10,6,0,16,0,0,0,16
02/20/2015,IPT,PA,AEA,EN,Federal Contract Tower,0,9,11,0,20,0,5,11,0,16,0,14,22,0,36,0,0,0,36
02/21/2015,IPT,PA,AEA,EN,Federal Contract Tower,0,2,0,0,2,0,0,2,0,2,0,2,2,0,4,0,0,0,4
02/22/2015,IPT,PA,AEA,EN,Federal Contract Tower,0,6,1,0,7,0,4,5,0,9,0,10,6,0,16,6,0,6,22
02/23/2015,IPT,PA,AEA,EN,Federal Contract Tower,0,4,7,0,11,0,5,14,0,19,0,9,21,0,30,0,0,0,30
02/24/2015,IPT,PA,AEA,EN,Federal Contract Tower,0,7,2,0,9,0,3,12,2,17,0,10,14,2,26,4,6,10,36
02/25/2015,IPT,PA,AEA,EN,Federal Contract Tower,0,6,10,0,16,0,0,17,0,17,0,6,27,0,33,14,0,14,47
02/26/2015,IPT,PA,AEA,EN,Federal Contract Tower,0,5,10,0,15,0,15,1,0,16,0,20,11,0,31,34,2,36,67
02/27/2015,IPT,PA,AEA,EN,Federal Contract Tower,0,5,3,0,8,0,7,9,0,16,0,12,12,0,24,0,0,0,24
02/28/2015,IPT,PA,AEA,EN,Federal Contract Tower,0,3,4,0,7,0,1,46,0,47,0,4,50,0,54,56,0,56,110
03/01/2015,IPT,PA,AEA,EN,Federal Contract Tower,0,1,3,0,4,0,0,0,0,0,0,1,3,0,4,0,0,0,4
03/02/2015,IPT,PA,AEA,EN,Federal Contract Tower,0,4,4,0,8,0,2,2,0,4,0,6,6,0,12,0,0,0,12
03/03/2015,IPT,PA,AEA,EN,Federal Contract Tower,0,5,4,0,9,0,3,0,0,3,0,8,4,0,12,0,0,0,12
03/04/2015,IPT,PA,AEA,EN,Federal Contract Tower,0,12,3,0,15,0,0,4,0,4,0,12,7,0,19,2,0,2,21
03/05/2015,IPT,PA,AEA,EN,Federal Contract Tower,0,2,2,0,4,0,5,5,0,10,0,7,7,0,14,2,0,2,16
03/06/2015,IPT,PA,AEA,EN,Federal Contract Tower,0,7,11,0,18,0,2,39,0,41,0,9,50,0,59,30,0,30,89
03/07/2015,IPT,PA,AEA,EN,Federal Contract Tower,0,3,13,0,16,0,2,28,0,30,0,5,41,0,46,22,0,22,68
03/08/2015,IPT,PA,AEA,EN,Federal Contract Tower,0,4,1,0,5,0,5,6,4,15,0,9,7,4,20,8,0,8,28
03/10/2015,IPT,PA,AEA,EN,Federal Contract Tower,0,8,5,0,13,0,0,15,0,15,0,8,20,0,28,16,0,16,44
03/11/2015,IPT,PA,AEA,EN,Federal Contract Tower,0,6,2,3,11,0,4,25,0,29,0,10,27,3,40,10,0,10,50
03/12/2015,IPT,PA,AEA,EN,Federal Contract Tower,0,5,9,0,14,0,2,27,0,29,0,7,36,0,43,2,0,2,45
03/13/2015,IPT,PA,AEA,EN,Federal Contract Tower,0,6,6,0,12,0,6,27,0,33,0,12,33,0,45,12,0,12,57
03/14/2015,IPT,PA,AEA,EN,Federal Contract Tower,0,4,2,0,6,0,0,0,0,0,0,4,2,0,6,0,0,0,6
03/15/2015,IPT,PA,AEA,EN,Federal Contract Tower,0,3,3,0,6,0,0,2,0,2,0,3,5,0,8,0,0,0,8
03/16/2015,IPT,PA,AEA,EN,Federal Contract Tower,0,5,5,0,10,0,6,18,0,24,0,11,23,0,34,10,0,10,44
03/17/2015,IPT,PA,AEA,EN,Federal Contract Tower,0,14,7,0,21,0,4,11,0,15,0,18,18,0,36,0,0,0,36
03/18/2015,IPT,PA,AEA,EN,Federal Contract Tower,0,5,5,0,10,0,3,23,2,28,0,8,28,2,38,0,0,0,38
03/19/2015,IPT,PA,AEA,EN,Federal Contract Tower,0,6,11,0,17,0,2,41,0,43,0,8,52,0,60,20,0,20,80
03/20/2015,IPT,PA,AEA,EN,Federal Contract Tower,0,3,5,0,8,0,0,0,0,0,0,3,5,0,8,0,0,0,8
03/21/2015,IPT,PA,AEA,EN,Federal Contract Tower,0,3,2,0,5,0,5,2,0,7,0,8,4,0,12,6,0,6,18
03/22/2015,IPT,PA,AEA,EN,Federal Contract Tower,0,3,7,0,10,0,2,33,0,35,0,5,40,0,45,26,0,26,71
03/23/2015,IPT,PA,AEA,EN,Federal Contract Tower,0,4,9,0,13,0,0,41,0,41,0,4,50,0,54,12,0,12,66
03/24/2015,IPT,PA,AEA,EN,Federal Contract Tower,0,9,2,1,12,0,4,36,2,42,0,13,38,3,54,12,0,12,66
03/25/2015,IPT,PA,AEA,EN,Federal Contract Tower,0,8,4,0,12,0,0,3,2,5,0,8,7,2,17,0,0,0,17
03/26/2015,IPT,PA,AEA,EN,Federal Contract Tower,0,5,3,0,8,0,0,12,0,12,0,5,15,0,20,0,0,0,20
03/27/2015,IPT,PA,AEA,EN,Federal Contract Tower,0,5,4,0,9,0,4,14,1,19,0,9,18,1,28,2,2,4,32
03/28/2015,IPT,PA,AEA,EN,Federal Contract Tower,0,5,10,0,15,0,7,16,0,23,0,12,26,0,38,0,0,0,38
03/29/2015,IPT,PA,AEA,EN,Federal Contract Tower,4,5,4,0,13,0,0,47,0,47,4,5,51,0,60,24,0,24,84
03/30/2015,IPT,PA,AEA,EN,Federal Contract Tower,0,6,3,0,9,0,2,6,2,10,0,8,9,2,19,6,0,6,25
03/31/2015,IPT,PA,AEA,EN,Federal Contract Tower,0,2,2,0,4,0,0,0,0,0,0,2,2,0,4,0,0,0,4
04/01/2015,IPT,PA,AEA,EN,Federal Contract Tower,0,8,10,0,18,0,15,35,0,50,0,23,45,0,68,4,0,4,72
04/02/2015,IPT,PA,AEA,EN,Federal Contract Tower,0,5,4,0,9,0,3,24,6,33,0,8,28,6,42,22,2,24,66
04/03/2015,IPT,PA,AEA,EN,Federal Contract Tower,0,3,7,0,10,0,0,1,0,1,0,3,8,0,11,0,0,0,11
04/04/2015,IPT,PA,AEA,EN,Federal Contract Tower,0,2,4,0,6,0,2,11,0,13,0,4,15,0,19,6,0,6,25
04/05/2015,IPT,PA,AEA,EN,Federal Contract Tower,0,3,3,0,6,0,3,12,0,15,0,6,15,0,21,4,0,4,25
04/06/2015,IPT,PA,AEA,EN,Federal Contract Tower,0,4,6,0,10,0,1,32,2,35,0,5,38,2,45,12,0,12,57
04/07/2015,IPT,PA,AEA,EN,Federal Contract Tower,0,9,6,0,15,0,0,1,0,1,0,9,7,0,16,0,0,0,16
04/08/2015,IPT,PA,AEA,EN,Federal Contract Tower,0,5,10,0,15,0,0,0,0,0,0,5,10,0,15,2,0,2,17
04/09/2015,IPT,PA,AEA,EN,Federal Contract Tower,0,5,3,0,8,0,0,0,0,0,0,5,3,0,8,0,0,0,8
04/10/2015,IPT,PA,AEA,EN,Federal Contract Tower,0,6,6,0,12,0,1,0,0,1,0,7,6,0,13,0,0,0,13
04/11/2015,IPT,PA,AEA,EN,Federal Contract Tower,0,3,3,0,6,0,2,39,0,41,0,5,42,0,47,36,0,36,83
04/12/2015,IPT,PA,AEA,EN,Federal Contract Tower,0,3,3,0,6,0,2,72,0,74,0,5,75,0,80,70,0,70,150
04/13/2015,IPT,PA,AEA,EN,Federal Contract Tower,0,4,5,0,9,0,4,58,0,62,0,8,63,0,71,20,0,20,91
04/14/2015,IPT,PA,AEA,EN,Federal Contract Tower,0,5,4,0,9,0,3,43,0,46,0,8,47,0,55,4,0,4,59
04/15/2015,IPT,PA,AEA,EN,Federal Contract Tower,0,5,4,0,9,0,3,37,0,40,0,8,41,0,49,52,0,52,101
04/16/2015,IPT,PA,AEA,EN,Federal Contract Tower,0,5,4,0,9,0,25,2,0,27,0,30,6,0,36,32,0,32,68
04/17/2015,IPT,PA,AEA,EN,Federal Contract Tower,0,5,6,4,15,0,1,17,0,18,0,6,23,4,33,10,0,10,43
04/18/2015,IPT,PA,AEA,EN,Federal Contract Tower,0,4,5,2,11,0,10,76,0,86,0,14,81,2,97,52,0,52,149
04/19/2015,IPT,PA,AEA,EN,Federal Contract Tower,0,4,2,0,6,0,7,44,0,51,0,11,46,0,57,6,0,6,63
04/20/2015,IPT,PA,AEA,EN,Federal Contract Tower,0,6,4,0,10,0,8,13,0,21,0,14,17,0,31,26,0,26,57
04/21/2015,IPT,PA,AEA,EN,Federal Contract Tower,0,6,7,0,13,0,2,14,13,29,0,8,21,13,42,12,0,12,54
04/22/2015,IPT,PA,AEA,EN,Federal Contract Tower,0,7,7,0,14,0,2,3,2,7,0,9,10,2,21,2,6,8,29
04/23/2015,IPT,PA,AEA,EN,Federal Contract Tower,0,5,1,0,6,0,6,9,10,25,0,11,10,10,31,18,0,18,49
04/24/2015,IPT,PA,AEA,EN,Federal Contract Tower,0,7,7,0,14,0,0,8,0,8,0,7,15,0,22,2,0,2,24
04/25/2015,IPT,PA,AEA,EN,Federal Contract Tower,0,5,8,0,13,0,5,51,0,56,0,10,59,0,69,30,0,30,99
04/26/2015,IPT,PA,AEA,EN,Federal Contract Tower,0,5,4,0,9,0,5,41,0,46,0,10,45,0,55,4,0,4,59
04/27/2015,IPT,PA,AEA,EN,Federal Contract Tower,0,4,0,0,4,0,4,21,0,25,0,8,21,0,29,0,0,0,29
04/28/2015,IPT,PA,AEA,EN,Federal Contract Tower,0,5,10,0,15,0,3,29,2,34,0,8,39,2,49,0,2,2,51
04/29/2015,IPT,PA,AEA,EN,Federal Contract Tower,0,10,14,0,24,0,2,43,3,48,0,12,57,3,72,14,2,16,88
04/30/2015,IPT,PA,AEA,EN,Federal Contract Tower,0,7,2,0,9,0,4,28,0,32,0,11,30,0,41,12,0,12,53
05/01/2015,IPT,PA,AEA,EN,Federal Contract Tower,0,5,7,0,12,0,6,17,0,23,0,11,24,0,35,0,0,0,35
05/02/2015,IPT,PA,AEA,EN,Federal Contract Tower,0,3,11,0,14,0,6,54,0,60,0,9,65,0,74,22,0,22,96
05/03/2015,IPT,PA,AEA,EN,Federal Contract Tower,0,4,10,0,14,0,2,33,0,35,0,6,43,0,49,10,0,10,59
05/04/2015,IPT,PA,AEA,EN,Federal Contract Tower,0,5,3,0,8,0,7,30,0,37,0,12,33,0,45,30,0,30,75
05/05/2015,IPT,PA,AEA,EN,Federal Contract Tower,0,6,3,0,9,0,2,13,0,15,0,8,16,0,24,0,0,0,24
05/06/2015,IPT,PA,AEA,EN,Federal Contract Tower,0,6,11,0,17,0,0,0,0,0,0,6,11,0,17,0,0,0,17
05/07/2015,IPT,PA,AEA,EN,Federal Contract Tower,0,5,16,0,21,0,4,32,0,36,0,9,48,0,57,38,0,38,95
05/08/2015,IPT,PA,AEA,EN,Federal Contract Tower,0,7,5,0,12,0,14,42,0,56,0,21,47,0,68,26,0,26,94
05/09/2015,IPT,PA,AEA,EN,Federal Contract Tower,0,4,6,0,10,0,8,39,0,47,0,12,45,0,57,22,0,22,79
05/10/2015,IPT,PA,AEA,EN,Federal Contract Tower,0,5,0,0,5,0,0,16,0,16,0,5,16,0,21,0,0,0,21
05/11/2015,IPT,PA,AEA,EN,Federal Contract Tower,0,6,4,0,10,0,2,22,0,24,0,8,26,0,34,34,0,34,68
05/12/2015,IPT,PA,AEA,EN,Federal Contract Tower,0,8,4,0,12,0,2,21,0,23,0,10,25,0,35,8,0,8,43
05/13/2015,IPT,PA,AEA,EN,Federal Contract Tower,0,17,9,0,26,0,3,29,2,34,0,20,38,2,60,0,0,0,60
05/14/2015,IPT,PA,AEA,EN,Federal Contract Tower,0,7,15,2,24,0,1,68,2,71,0,8,83,4,95,94,0,94,189
05/15/2015,IPT,PA,AEA,EN,Federal Contract Tower,0,9,5,0,14,0,5,22,0,27,0,14,27,0,41,24,0,24,65
05/16/2015,IPT,PA,AEA,EN,Federal Contract Tower,0,6,8,0,14,0,2,16,0,18,0,8,24,0,32,0,0,0,32
05/17/2015,IPT,PA,AEA,EN,Federal Contract Tower,0,9,3,0,12,0,2,17,0,19,0,11,20,0,31,0,0,0,31
05/18/2015,IPT,PA,AEA,EN,Federal Contract Tower,0,7,4,0,11,0,0,18,0,18,0,7,22,0,29,36,0,36,65
05/19/2015,IPT,PA,AEA,EN,Federal Contract Tower,0,8,18,0,26,0,5,22,0,27,0,13,40,0,53,22,8,30,83
05/20/2015,IPT,PA,AEA,EN,Federal Contract Tower,0,10,8,0,18,0,3,20,0,23,0,13,28,0,41,12,0,12,53
05/21/2015,IPT,PA,AEA,EN,Federal Contract Tower,0,7,7,2,16,0,9,36,0,45,0,16,43,2,61,66,0,66,127
05/22/2015,IPT,PA,AEA,EN,Federal Contract Tower,0,9,9,0,18,0,5,43,0,48,0,14,52,0,66,14,0,14,80
05/23/2015,IPT,PA,AEA,EN,Federal Contract Tower,0,4,7,0,11,0,6,50,0,56,0,10,57,0,67,4,0,4,71
05/24/2015,IPT,PA,AEA,EN,Federal Contract Tower,0,5,2,0,7,0,8,39,0,47,0,13,41,0,54,6,0,6,60
05/25/2015,IPT,PA,AEA,EN,Federal Contract Tower,0,6,6,0,12,0,4,42,0,46,0,10,48,0,58,18,0,18,76
05/26/2015,IPT,PA,AEA,EN,Federal Contract Tower,0,6,3,0,9,0,15,33,4,52,0,21,36,4,61,0,2,2,63
05/27/2015,IPT,PA,AEA,EN,Federal Contract Tower,0,11,10,0,21,0,12,2,0,14,0,23,12,0,35,4,0,4,39
05/28/2015,IPT,PA,AEA,EN,Federal Contract Tower,0,7,7,0,14,0,4,35,0,39,0,11,42,0,53,10,0,10,63
05/29/2015,IPT,PA,AEA,EN,Federal Contract Tower,0,7,32,0,39,0,8,51,0,59,0,15,83,0,98,0,0,0,98
05/30/2015,IPT,PA,AEA,EN,Federal Contract Tower,0,6,13,0,19,0,1,65,0,66,0,7,78,0,85,64,0,64,149
05/31/2015,IPT,PA,AEA,EN,Federal Contract Tower,0,3,56,0,59,0,0,24,0,24,0,3,80,0,83,20,0,20,103
06/01/2015,IPT,PA,AEA,EN,Federal Contract Tower,0,6,15,0,21,0,1,4,0,5,0,7,19,0,26,36,0,36,62
06/02/2015,IPT,PA,AEA,EN,Federal Contract Tower,0,9,8,0,17,0,0,8,0,8,0,9,16,0,25,0,0,0,25
06/03/2015,IPT,PA,AEA,EN,Federal Contract Tower,0,7,15,0,22,0,5,38,0,43,0,12,53,0,65,66,0,66,131
06/04/2015,IPT,PA,AEA,EN,Federal Contract Tower,0,7,17,0,24,0,1,43,0,44,0,8,60,0,68,40,0,40,108
06/05/2015,IPT,PA,AEA,EN,Federal Contract Tower,0,8,4,0,12,0,2,52,0,54,0,10,56,0,66,12,0,12,78
06/06/2015,IPT,PA,AEA,EN,Federal Contract Tower,0,9,7,0,16,0,12,33,0,45,0,21,40,0,61,0,0,0,61
06/07/2015,IPT,PA,AEA,EN,Federal Contract Tower,0,7,2,0,9,0,3,26,0,29,0,10,28,0,38,26,0,26,64
06/08/2015,IPT,PA,AEA,EN,Federal Contract Tower,0,4,3,0,7,0,0,1,0,1,0,4,4,0,8,0,0,0,8
06/09/2015,IPT,PA,AEA,EN,Federal Contract Tower,0,10,1,0,11,0,13,20,0,33,0,23,21,0,44,2,0,2,46
06/10/2015,IPT,PA,AEA,EN,Federal Contract Tower,0,17,10,0,27,0,14,44,0,58,0,31,54,0,85,22,0,22,107
06/11/2015,IPT,PA,AEA,EN,Federal Contract Tower,0,13,7,0,20,0,9,31,0,40,0,22,38,0,60,30,0,30,90
06/12/2015,IPT,PA,AEA,EN,Federal Contract Tower,0,7,7,0,14,0,4,18,0,22,0,11,25,0,36,44,0,44,80
06/13/2015,IPT,PA,AEA,EN,Federal Contract Tower,0,8,10,0,18,0,0,34,0,34,0,8,44,0,52,4,0,4,56
06/14/2015,IPT,PA,AEA,EN,Federal Contract Tower,0,6,4,0,10,0,11,21,0,32,0,17,25,0,42,0,0,0,42
06/15/2015,IPT,PA,AEA,EN,Federal Contract Tower,0,6,10,6,22,0,1,22,0,23,0,7,32,6,45,4,0,4,49
06/16/2015,IPT,PA,AEA,EN,Federal Contract Tower,0,10,2,0,12,0,2,9,0,11,0,12,11,0,23,6,0,6,29
06/17/2015,IPT,PA,AEA,EN,Federal Contract Tower,0,8,10,0,18,0,6,56,0,62,0,14,66,0,80,26,0,26,106
06/18/2015,IPT,PA,AEA,EN,Federal Contract Tower,0,7,14,0,21,0,2,0,0,2,0,9,14,0,23,0,0,0,23
06/19/2015,IPT,PA,AEA,EN,Federal Contract Tower,0,7,11,0,18,0,5,22,0,27,0,12,33,0,45,6,0,6,51
06/20/2015,IPT,PA,AEA,EN,Federal Contract Tower,0,7,6,0,13,0,0,14,0,14,0,7,20,0,27,20,0,20,47
06/21/2015,IPT,PA,AEA,EN,Federal Contract Tower,0,8,6,0,14,0,0,10,0,10,0,8,16,0,24,4,0,4,28
06/22/2015,IPT,PA,AEA,EN,Federal Contract Tower,0,6,2,2,10,0,4,41,0,45,0,10,43,2,55,14,0,14,69
06/23/2015,IPT,PA,AEA,EN,Federal Contract Tower,0,4,5,0,9,0,3,11,0,14,0,7,16,0,23,18,0,18,41
06/24/2015,IPT,PA,AEA,EN,Federal Contract Tower,0,7,7,0,14,0,5,42,2,49,0,12,49,2,63,14,6,20,83
06/25/2015,IPT,PA,AEA,EN,Federal Contract Tower,0,7,12,0,19,0,3,37,0,40,0,10,49,0,59,26,0,26,85
06/26/2015,IPT,PA,AEA,EN,Federal Contract Tower,0,7,9,0,16,0,3,32,0,35,0,10,41,0,51,34,0,34,85
06/27/2015,IPT,PA,AEA,EN,Federal Contract Tower,0,8,5,0,13,0,0,0,0,0,0,8,5,0,13,0,0,0,13
06/29/2015,IPT,PA,AEA,EN,Federal Contract Tower,0,11,7,0,18,0,10,43,0,53,0,21,50,0,71,22,0,22,93
06/30/2015,IPT,PA,AEA,EN,Federal Contract Tower,0,7,7,0,14,0,4,1,0,5,0,11,8,0,19,0,0,0,19
07/01/2015,IPT,PA,AEA,EN,Federal Contract Tower,0,12,9,0,21,0,3,26,0,29,0,15,35,0,50,14,0,14,64
07/02/2015,IPT,PA,AEA,EN,Federal Contract Tower,0,14,7,0,21,0,5,47,0,52,0,19,54,0,73,80,0,80,153
07/03/2015,IPT,PA,AEA,EN,Federal Contract Tower,0,6,4,0,10,0,5,60,0,65,0,11,64,0,75,8,0,8,83
07/04/2015,IPT,PA,AEA,EN,Federal Contract Tower,0,2,0,0,2,0,1,6,0,7,0,3,6,0,9,0,0,0,9
07/05/2015,IPT,PA,AEA,EN,Federal Contract Tower,0,6,7,0,13,0,0,30,0,30,0,6,37,0,43,10,0,10,53
07/06/2015,IPT,PA,AEA,EN,Federal Contract Tower,0,6,13,0,19,0,1,26,0,27,0,7,39,0,46,46,0,46,92
07/07/2015,IPT,PA,AEA,EN,Federal Contract Tower,0,5,2,0,7,0,0,20,0,20,0,5,22,0,27,12,0,12,39
07/08/2015,IPT,PA,AEA,EN,Federal Contract Tower,0,6,7,0,13,0,0,26,4,30,0,6,33,4,43,28,0,28,71
07/09/2015,IPT,PA,AEA,EN,Federal Contract Tower,0,7,20,0,27,0,4,15,0,19,0,11,35,0,46,0,0,0,46
07/10/2015,IPT,PA,AEA,EN,Federal Contract Tower,0,8,6,0,14,0,4,65,0,69,0,12,71,0,83,56,0,56,139
07/11/2015,IPT,PA,AEA,EN,Federal Contract Tower,0,2,9,0,11,0,12,43,1,56,0,14,52,1,67,4,2,6,73
07/12/2015,IPT,PA,AEA,EN,Federal Contract Tower,0,6,3,1,10,0,2,31,1,34,0,8,34,2,44,6,0,6,50
07/13/2015,IPT,PA,AEA,EN,Federal Contract Tower,0,6,0,0,6,0,1,34,0,35,0,7,34,0,41,10,0,10,51
07/14/2015,IPT,PA,AEA,EN,Federal Contract Tower,0,7,7,0,14,0,0,4,0,4,0,7,11,0,18,14,0,14,32
07/15/2015,IPT,PA,AEA,EN,Federal Contract Tower,0,6,13,0,19,0,3,45,0,48,0,9,58,0,67,4,0,4,71
07/16/2015,IPT,PA,AEA,EN,Federal Contract Tower,0,10,8,0,18,0,4,57,2,63,0,14,65,2,81,20,0,20,101
07/17/2015,IPT,PA,AEA,EN,Federal Contract Tower,0,7,10,0,17,0,3,30,0,33,0,10,40,0,50,6,0,6,56
07/18/2015,IPT,PA,AEA,EN,Federal Contract Tower,0,2,6,0,8,0,5,14,0,19,0,7,20,0,27,0,0,0,27
07/19/2015,IPT,PA,AEA,EN,Federal Contract Tower,0,7,2,0,9,0,0,12,0,12,0,7,14,0,21,4,0,4,25
07/20/2015,IPT,PA,AEA,EN,Federal Contract Tower,0,6,8,0,14,0,2,40,2,44,0,8,48,2,58,8,0,8,66
07/21/2015,IPT,PA,AEA,EN,Federal Contract Tower,0,10,2,0,12,0,1,33,3,37,0,11,35,3,49,0,0,0,49
07/22/2015,IPT,PA,AEA,EN,Federal Contract Tower,0,10,16,1,27,0,2,59,1,62,0,12,75,2,89,16,0,16,105
07/23/2015,IPT,PA,AEA,EN,Federal Contract Tower,0,7,15,0,22,0,2,53,2,57,0,9,68,2,79,16,0,16,95
07/24/2015,IPT,PA,AEA,EN,Federal Contract Tower,0,7,6,0,13,0,6,54,0,60,0,13,60,0,73,48,0,48,121
07/25/2015,IPT,PA,AEA,EN,Federal Contract Tower,0,3,9,0,12,0,4,34,0,38,0,7,43,0,50,10,0,10,60
07/26/2015,IPT,PA,AEA,EN,Federal Contract Tower,0,6,7,0,13,0,1,29,0,30,0,7,36,0,43,10,0,10,53
07/27/2015,IPT,PA,AEA,EN,Federal Contract Tower,0,6,3,0,9,0,4,21,0,25,0,10,24,0,34,56,0,56,90
07/28/2015,IPT,PA,AEA,EN,Federal Contract Tower,0,7,5,2,14,0,4,33,1,38,0,11,38,3,52,38,0,38,90
07/29/2015,IPT,PA,AEA,EN,Federal Contract Tower,0,6,12,0,18,0,2,46,0,48,0,8,58,0,66,32,0,32,98
07/30/2015,IPT,PA,AEA,EN,Federal Contract Tower,0,9,4,0,13,0,0,39,0,39,0,9,43,0,52,4,0,4,56
07/31/2015,IPT,PA,AEA,EN,Federal Contract Tower,0,6,7,0,13,0,6,44,0,50,0,12,51,0,63,28,0,28,91
08/01/2015,IPT,PA,AEA,EN,Federal Contract Tower,0,6,5,0,11,0,5,45,0,50,0,11,50,0,61,12,0,12,73
08/02/2015,IPT,PA,AEA,EN,Federal Contract Tower,0,9,3,0,12,0,5,46,8,59,0,14,49,8,71,0,0,0,71
08/03/2015,IPT,PA,AEA,EN,Federal Contract Tower,0,8,2,0,10,0,1,32,0,33,0,9,34,0,43,20,0,20,63
08/04/2015,IPT,PA,AEA,EN,Federal Contract Tower,0,8,11,0,19,0,8,27,0,35,0,16,38,0,54,34,0,34,88
08/05/2015,IPT,PA,AEA,EN,Federal Contract Tower,0,11,10,0,21,0,2,53,0,55,0,13,63,0,76,12,0,12,88
08/06/2015,IPT,PA,AEA,EN,Federal Contract Tower,0,13,12,0,25,0,4,41,0,45,0,17,53,0,70,6,0,6,76
08/07/2015,IPT,PA,AEA,EN,Federal Contract Tower,0,7,7,0,14,0,3,48,0,51,0,10,55,0,65,44,0,44,109
08/08/2015,IPT,PA,AEA,EN,Federal Contract Tower,0,5,10,0,15,0,5,66,0,71,0,10,76,0,86,18,0,18,104
08/09/2015,IPT,PA,AEA,EN,Federal Contract Tower,0,5,4,0,9,0,14,49,0,63,0,19,53,0,72,6,0,6,78
08/10/2015,IPT,PA,AEA,EN,Federal Contract Tower,0,6,7,0,13,0,10,10,0,20,0,16,17,0,33,46,0,46,79
08/11/2015,IPT,PA,AEA,EN,Federal Contract Tower,0,5,4,1,10,0,3,28,0,31,0,8,32,1,41,12,0,12,53
08/12/2015,IPT,PA,AEA,EN,Federal Contract Tower,0,7,12,0,19,0,1,37,0,38,0,8,49,0,57,18,0,18,75
08/13/2015,IPT,PA,AEA,EN,Federal Contract Tower,0,8,12,0,20,0,7,42,1,50,0,15,54,1,70,4,2,6,76
08/14/2015,IPT,PA,AEA,EN,Federal Contract Tower,0,10,7,1,18,0,3,47,1,51,0,13,54,2,69,10,2,12,81
08/15/2015,IPT,PA,AEA,EN,Federal Contract Tower,0,3,9,0,12,0,1,66,4,71,0,4,75,4,83,2,0,2,85
08/16/2015,IPT,PA,AEA,EN,Federal Contract Tower,0,8,13,0,21,0,11,43,0,54,0,19,56,0,75,12,0,12,87
08/17/2015,IPT,PA,AEA,EN,Federal Contract Tower,0,7,5,0,12,0,6,37,0,43,0,13,42,0,55,4,0,4,59
08/18/2015,IPT,PA,AEA,EN,Federal Contract Tower,0,13,4,0,17,0,9,8,0,17,0,22,12,0,34,16,0,16,50
08/19/2015,IPT,PA,AEA,EN,Federal Contract Tower,0,5,7,0,12,0,6,20,0,26,0,11,27,0,38,40,0,40,78
08/20/2015,IPT,PA,AEA,EN,Federal Contract Tower,0,9,6,0,15,0,0,20,0,20,0,9,26,0,35,0,0,0,35
08/21/2015,IPT,PA,AEA,EN,Federal Contract Tower,0,9,8,0,17,0,4,56,0,60,0,13,64,0,77,32,0,32,109
08/22/2015,IPT,PA,AEA,EN,Federal Contract Tower,0,5,14,0,19,0,8,54,0,62,0,13,68,0,81,6,0,6,87
08/23/2015,IPT,PA,AEA,EN,Federal Contract Tower,0,6,11,0,17,0,9,40,0,49,0,15,51,0,66,30,0,30,96
08/24/2015,IPT,PA,AEA,EN,Federal Contract Tower,0,7,2,1,10,0,5,45,3,53,0,12,47,4,63,26,0,26,89
08/25/2015,IPT,PA,AEA,EN,Federal Contract Tower,0,13,16,0,29,0,0,34,0,34,0,13,50,0,63,12,0,12,75
08/26/2015,IPT,PA,AEA,EN,Federal Contract Tower,0,7,8,4,19,0,2,61,2,65,0,9,69,6,84,32,0,32,116
08/27/2015,IPT,PA,AEA,EN,Federal Contract Tower,0,9,16,1,26,0,0,40,1,41,0,9,56,2,67,0,0,0,67
08/28/2015,IPT,PA,AEA,EN,Federal Contract Tower,0,10,11,0,21,0,6,68,0,74,0,16,79,0,95,44,0,44,139
08/29/2015,IPT,PA,AEA,EN,Federal Contract Tower,0,4,7,0,11,0,3,54,0,57,0,7,61,0,68,0,0,0,68
08/30/2015,IPT,PA,AEA,EN,Federal Contract Tower,0,6,15,0,21,0,8,36,0,44,0,14,51,0,65,0,0,0,65
08/31/2015,IPT,PA,AEA,EN,Federal Contract Tower,0,6,14,0,20,0,3,51,0,54,0,9,65,0,74,26,0,26,100
09/01/2015,IPT,PA,AEA,EN,Federal Contract Tower,0,7,15,0,22,0,2,27,0,29,0,9,42,0,51,0,0,0,51
09/02/2015,IPT,PA,AEA,EN,Federal Contract Tower,0,7,3,0,10,0,7,24,0,31,0,14,27,0,41,0,0,0,41
09/03/2015,IPT,PA,AEA,EN,Federal Contract Tower,0,9,6,0,15,0,0,32,0,32,0,9,38,0,47,0,0,0,47
09/04/2015,IPT,PA,AEA,EN,Federal Contract Tower,0,12,8,0,20,0,0,33,5,38,0,12,41,5,58,16,0,16,74
09/05/2015,IPT,PA,AEA,EN,Federal Contract Tower,0,4,6,0,10,0,4,30,0,34,0,8,36,0,44,0,0,0,44
09/06/2015,IPT,PA,AEA,EN,Federal Contract Tower,0,0,7,0,7,0,4,25,0,29,0,4,32,0,36,0,0,0,36
09/07/2015,IPT,PA,AEA,EN,Federal Contract Tower,0,4,2,0,6,0,3,30,2,35,0,7,32,2,41,8,0,8,49
09/08/2015,IPT,PA,AEA,EN,Federal Contract Tower,0,7,7,0,14,0,1,37,0,38,0,8,44,0,52,14,0,14,66
09/09/2015,IPT,PA,AEA,EN,Federal Contract Tower,0,9,9,0,18,0,4,39,0,43,0,13,48,0,61,8,0,8,69
09/10/2015,IPT,PA,AEA,EN,Federal Contract Tower,0,9,10,0,19,0,2,1,0,3,0,11,11,0,22,0,0,0,22
09/11/2015,IPT,PA,AEA,EN,Federal Contract Tower,0,9,9,0,18,0,4,76,0,80,0,13,85,0,98,2,0,2,100
09/12/2015,IPT,PA,AEA,EN,Federal Contract Tower,0,8,7,0,15,0,0,26,0,26,0,8,33,0,41,0,0,0,41
09/13/2015,IPT,PA,AEA,EN,Federal Contract Tower,0,11,9,0,20,0,0,17,0,17,0,11,26,0,37,0,0,0,37
09/14/2015,IPT,PA,AEA,EN,Federal Contract Tower,0,6,4,0,10,0,6,37,0,43,0,12,41,0,53,12,0,12,65
09/15/2015,IPT,PA,AEA,EN,Federal Contract Tower,0,7,14,0,21,0,5,56,0,61,0,12,70,0,82,26,0,26,108
09/16/2015,IPT,PA,AEA,EN,Federal Contract Tower,0,9,6,0,15,0,5,42,2,49,0,14,48,2,64,16,0,16,80
09/17/2015,IPT,PA,AEA,EN,Federal Contract Tower,0,4,9,0,13,0,4,39,0,43,0,8,48,0,56,6,0,6,62
09/18/2015,IPT,PA,AEA,EN,Federal Contract Tower,0,10,14,0,24,0,3,32,0,35,0,13,46,0,59,58,0,58,117
09/19/2015,IPT,PA,AEA,EN,Federal Contract Tower,0,5,7,0,12,0,3,24,0,27,0,8,31,0,39,2,0,2,41
09/20/2015,IPT,PA,AEA,EN,Federal Contract Tower,0,8,10,0,18,0,0,37,0,37,0,8,47,0,55,8,0,8,63
09/21/2015,IPT,PA,AEA,EN,Federal Contract Tower,0,12,4,0,16,0,3,32,0,35,0,15,36,0,51,50,0,50,101
09/22/2015,IPT,PA,AEA,EN,Federal Contract Tower,0,11,9,0,20,0,6,42,6,54,0,17,51,6,74,56,0,56,130
09/23/2015,IPT,PA,AEA,EN,Federal Contract Tower,0,11,8,0,19,0,3,43,0,46,0,14,51,0,65,38,0,38,103
09/24/2015,IPT,PA,AEA,EN,Federal Contract Tower,0,9,15,0,24,0,5,44,6,55,0,14,59,6,79,18,0,18,97
09/25/2015,IPT,PA,AEA,EN,Federal Contract Tower,0,9,8,0,17,0,8,48,0,56,0,17,56,0,73,0,0,0,73
09/26/2015,IPT,PA,AEA,EN,Federal Contract Tower,0,6,2,0,8,0,4,37,0,41,0,10,39,0,49,8,0,8,57
09/28/2015,IPT,PA,AEA,EN,Federal Contract Tower,0,6,4,0,10,0,2,21,0,23,0,8,25,0,33,0,0,0,33
09/29/2015,IPT,PA,AEA,EN,Federal Contract Tower,0,7,8,0,15,0,0,0,0,0,0,7,8,0,15,0,0,0,15
09/30/2015,IPT,PA,AEA,EN,Federal Contract Tower,0,11,5,0,16,0,2,3,0,5,0,13,8,0,21,8,0,8,29
10/01/2015,IPT,PA,AEA,EN,Federal Contract Tower,0,8,8,0,16,0,1,8,0,9,0,9,16,0,25,0,0,0,25
10/02/2015,IPT,PA,AEA,EN,Federal Contract Tower,0,11,4,0,15,0,3,11,0,14,0,14,15,0,29,0,0,0,29
10/03/2015,IPT,PA,AEA,EN,Federal Contract Tower,0,9,7,0,16,0,0,0,0,0,0,9,7,0,16,0,0,0,16
10/04/2015,IPT,PA,AEA,EN,Federal Contract Tower,0,10,2,0,12,0,11,27,0,38,0,21,29,0,50,34,0,34,84
10/05/2015,IPT,PA,AEA,EN,Federal Contract Tower,0,6,3,0,9,0,5,41,0,46,0,11,44,0,55,8,0,8,63
10/06/2015,IPT,PA,AEA,EN,Federal Contract Tower,0,7,9,0,16,0,7,30,0,37,0,14,39,0,53,18,0,18,71
10/07/2015,IPT,PA,AEA,EN,Federal Contract Tower,0,8,10,0,18,0,8,28,0,36,0,16,38,0,54,12,0,12,66
10/08/2015,IPT,PA,AEA,EN,Federal Contract Tower,0,6,6,0,12,0,4,30,0,34,0,10,36,0,46,8,0,8,54
10/09/2015,IPT,PA,AEA,EN,Federal Contract Tower,0,8,9,0,17,0,2,7,0,9,0,10,16,0,26,0,0,0,26
10/10/2015,IPT,PA,AEA,EN,Federal Contract Tower,0,4,5,0,9,0,6,39,0,45,0,10,44,0,54,10,0,10,64
10/11/2015,IPT,PA,AEA,EN,Federal Contract Tower,0,5,6,0,11,0,7,33,0,40,0,12,39,0,51,0,0,0,51
10/12/2015,IPT,PA,AEA,EN,Federal Contract Tower,0,6,3,0,9,0,0,28,0,28,0,6,31,0,37,34,0,34,71
10/13/2015,IPT,PA,AEA,EN,Federal Contract Tower,0,12,7,0,19,0,1,4,1,6,0,13,11,1,25,22,2,24,49
10/14/2015,IPT,PA,AEA,EN,Federal Contract Tower,0,7,12,0,19,0,0,17,0,17,0,7,29,0,36,28,0,28,64
10/15/2015,IPT,PA,AEA,EN,Federal Contract Tower,0,7,7,0,14,0,0,33,0,33,0,7,40,0,47,0,0,0,47
10/16/2015,IPT,PA,AEA,EN,Federal Contract Tower,0,10,8,0,18,0,0,33,0,33,0,10,41,0,51,0,0,0,51
10/17/2015,IPT,PA,AEA,EN,Federal Contract Tower,0,4,1,0,5,0,8,35,0,43,0,12,36,0,48,68,0,68,116
10/18/2015,IPT,PA,AEA,EN,Federal Contract Tower,0,6,4,0,10,0,6,20,0,26,0,12,24,0,36,8,0,8,44
10/19/2015,IPT,PA,AEA,EN,Federal Contract Tower,0,5,3,0,8,0,1,32,0,33,0,6,35,0,41,0,0,0,41
10/20/2015,IPT,PA,AEA,EN,Federal Contract Tower,0,12,13,0,25,0,0,46,4,50,0,12,59,4,75,36,0,36,111
10/21/2015,IPT,PA,AEA,EN,Federal Contract Tower,0,8,15,0,23,0,2,51,0,53,0,10,66,0,76,50,0,50,126
10/22/2015,IPT,PA,AEA,EN,Federal Contract Tower,0,9,3,0,12,0,2,36,0,38,0,11,39,0,50,46,0,46,96
10/23/2015,IPT,PA,AEA,EN,Federal Contract Tower,0,8,3,0,11,0,2,52,0,54,0,10,55,0,65,36,0,36,101
10/24/2015,IPT,PA,AEA,EN,Federal Contract Tower,0,4,9,0,13,0,6,26,0,32,0,10,35,0,45,6,0,6,51
10/25/2015,IPT,PA,AEA,EN,Federal Contract Tower,0,5,4,0,9,0,1,2,0,3,0,6,6,0,12,0,0,0,12
10/26/2015,IPT,PA,AEA,EN,Federal Contract Tower,0,4,8,0,12,0,2,44,0,46,0,6,52,0,58,20,0,20,78
10/27/2015,IPT,PA,AEA,EN,Federal Contract Tower,0,8,6,0,14,0,1,37,0,38,0,9,43,0,52,24,0,24,76
10/28/2015,IPT,PA,AEA,EN,Federal Contract Tower,0,9,0,0,9,0,0,0,0,0,0,9,0,0,9,0,0,0,9
10/29/2015,IPT,PA,AEA,EN,Federal Contract Tower,0,11,7,0,18,0,0,18,0,18,0,11,25,0,36,0,0,0,36
10/30/2015,IPT,PA,AEA,EN,Federal Contract Tower,0,7,6,0,13,0,10,28,0,38,0,17,34,0,51,0,0,0,51
10/31/2015,IPT,PA,AEA,EN,Federal Contract Tower,0,4,6,0,10,0,0,24,2,26,0,4,30,2,36,6,0,6,42
11/01/2015,IPT,PA,AEA,EN,Federal Contract Tower,0,5,2,0,7,0,4,10,0,14,0,9,12,0,21,4,0,4,25
11/02/2015,IPT,PA,AEA,EN,Federal Contract Tower,0,8,15,0,23,0,2,29,0,31,0,10,44,0,54,42,0,42,96
11/03/2015,IPT,PA,AEA,EN,Federal Contract Tower,0,7,9,0,16,0,1,41,0,42,0,8,50,0,58,26,0,26,84
11/04/2015,IPT,PA,AEA,EN,Federal Contract Tower,0,7,5,0,12,0,4,41,0,45,0,11,46,0,57,44,0,44,101
11/05/2015,IPT,PA,AEA,EN,Federal Contract Tower,0,6,4,0,10,0,8,34,0,42,0,14,38,0,52,18,0,18,70
11/06/2015,IPT,PA,AEA,EN,Federal Contract Tower,0,6,6,2,14,0,7,10,0,17,0,13,16,2,31,2,0,2,33
11/07/2015,IPT,PA,AEA,EN,Federal Contract Tower,0,5,11,0,16,0,0,39,0,39,0,5,50,0,55,18,0,18,73
11/08/2015,IPT,PA,AEA,EN,Federal Contract Tower,0,5,6,0,11,0,2,46,0,48,0,7,52,0,59,60,0,60,119
11/09/2015,IPT,PA,AEA,EN,Federal Contract Tower,0,6,10,0,16,0,16,24,0,40,0,22,34,0,56,8,0,8,64
11/10/2015,IPT,PA,AEA,EN,Federal Contract Tower,0,10,3,0,13,0,0,0,0,0,0,10,3,0,13,0,0,0,13
11/11/2015,IPT,PA,AEA,EN,Federal Contract Tower,0,10,10,0,20,0,6,2,0,8,0,16,12,0,28,0,0,0,28
11/12/2015,IPT,PA,AEA,EN,Federal Contract Tower,0,10,12,0,22,0,0,3,0,3,0,10,15,0,25,0,0,0,25
11/13/2015,IPT,PA,AEA,EN,Federal Contract Tower,0,7,4,0,11,0,1,4,0,5,0,8,8,0,16,0,0,0,16
11/14/2015,IPT,PA,AEA,EN,Federal Contract Tower,0,4,1,0,5,0,7,5,2,14,0,11,6,2,19,6,6,12,31
11/15/2015,IPT,PA,AEA,EN,Federal Contract Tower,0,5,9,0,14,0,7,51,0,58,0,12,60,0,72,2,0,2,74
11/16/2015,IPT,PA,AEA,EN,Federal Contract Tower,0,7,9,0,16,0,3,36,0,39,0,10,45,0,55,50,0,50,105
11/17/2015,IPT,PA,AEA,EN,Federal Contract Tower,0,10,9,0,19,0,0,34,0,34,0,10,43,0,53,42,0,42,95
11/18/2015,IPT,PA,AEA,EN,Federal Contract Tower,0,10,10,0,20,0,9,5,0,14,0,19,15,0,34,18,0,18,52
11/19/2015,IPT,PA,AEA,EN,Federal Contract Tower,0,6,7,0,13,0,0,0,0,0,0,6,7,0,13,0,0,0,13
11/20/2015,IPT,PA,AEA,EN,Federal Contract Tower,0,9,12,0,21,0,5,38,0,43,0,14,50,0,64,30,0,30,94
11/21/2015,IPT,PA,AEA,EN,Federal Contract Tower,0,3,4,0,7,0,7,45,0,52,0,10,49,0,59,20,0,20,79
11/22/2015,IPT,PA,AEA,EN,Federal Contract Tower,0,4,6,0,10,0,0,20,0,20,0,4,26,0,30,4,0,4,34
11/23/2015,IPT,PA,AEA,EN,Federal Contract Tower,0,11,3,0,14,0,2,29,0,31,0,13,32,0,45,24,0,24,69
11/24/2015,IPT,PA,AEA,EN,Federal Contract Tower,0,12,7,1,20,0,1,41,1,43,0,13,48,2,63,32,0,32,95
11/25/2015,IPT,PA,AEA,EN,Federal Contract Tower,0,10,9,0,19,0,10,45,0,55,0,20,54,0,74,16,0,16,90
11/26/2015,IPT,PA,AEA,EN,Federal Contract Tower,0,2,0,0,2,0,2,3,0,5,0,4,3,0,7,0,0,0,7
11/27/2015,IPT,PA,AEA,EN,Federal Contract Tower,0,4,4,0,8,0,2,26,0,28,0,6,30,0,36,12,0,12,48
11/28/2015,IPT,PA,AEA,EN,Federal Contract Tower,0,7,3,0,10,0,0,0,0,0,0,7,3,0,10,0,0,0,10
11/29/2015,IPT,PA,AEA,EN,Federal Contract Tower,0,9,16,0,25,0,0,35,0,35,0,9,51,0,60,22,0,22,82
11/30/2015,IPT,PA,AEA,EN,Federal Contract Tower,0,5,3,0,8,0,6,15,0,21,0,11,18,0,29,0,0,0,29
12/01/2015,IPT,PA,AEA,EN,Federal Contract Tower,0,10,2,0,12,0,0,0,0,0,0,10,2,0,12,0,0,0,12
12/02/2015,IPT,PA,AEA,EN,Federal Contract Tower,0,12,4,0,16,0,0,1,0,1,0,12,5,0,17,0,0,0,17
12/03/2015,IPT,PA,AEA,EN,Federal Contract Tower,0,8,4,2,14,0,3,5,0,8,0,11,9,2,22,8,0,8,30
12/04/2015,IPT,PA,AEA,EN,Federal Contract Tower,0,7,0,0,7,0,2,34,0,36,0,9,34,0,43,8,0,8,51
12/05/2015,IPT,PA,AEA,EN,Federal Contract Tower,0,5,7,0,12,0,4,36,0,40,0,9,43,0,52,32,0,32,84
12/06/2015,IPT,PA,AEA,EN,Federal Contract Tower,0,6,1,0,7,0,0,0,0,0,0,6,1,0,7,0,0,0,7
12/07/2015,IPT,PA,AEA,EN,Federal Contract Tower,0,4,1,0,5,0,0,11,0,11,0,4,12,0,16,6,0,6,22
12/08/2015,IPT,PA,AEA,EN,Federal Contract Tower,0,9,13,2,24,0,6,9,1,16,0,15,22,3,40,0,6,6,46
12/09/2015,IPT,PA,AEA,EN,Federal Contract Tower,0,6,13,0,19,0,0,1,0,1,0,6,14,0,20,0,0,0,20
12/10/2015,IPT,PA,AEA,EN,Federal Contract Tower,0,14,10,2,26,0,1,1,0,2,0,15,11,2,28,0,0,0,28
12/11/2015,IPT,PA,AEA,EN,Federal Contract Tower,0,8,7,0,15,0,0,12,0,12,0,8,19,0,27,14,0,14,41
12/12/2015,IPT,PA,AEA,EN,Federal Contract Tower,0,5,3,0,8,0,0,4,0,4,0,5,7,0,12,22,0,22,34
12/13/2015,IPT,PA,AEA,EN,Federal Contract Tower,0,5,2,0,7,0,2,32,0,34,0,7,34,0,41,12,0,12,53
12/14/2015,IPT,PA,AEA,EN,Federal Contract Tower,0,7,9,0,16,0,2,2,0,4,0,9,11,0,20,0,0,0,20
12/15/2015,IPT,PA,AEA,EN,Federal Contract Tower,0,6,3,0,9,0,5,8,0,13,0,11,11,0,22,10,0,10,32
12/16/2015,IPT,PA,AEA,EN,Federal Contract Tower,0,11,12,0,23,0,4,26,0,30,0,15,38,0,53,24,0,24,77
12/17/2015,IPT,PA,AEA,EN,Federal Contract Tower,0,7,10,0,17,0,0,0,0,0,0,7,10,0,17,0,0,0,17
12/18/2015,IPT,PA,AEA,EN,Federal Contract Tower,0,6,1,0,7,0,2,3,0,5,0,8,4,0,12,0,0,0,12
12/19/2015,IPT,PA,AEA,EN,Federal Contract Tower,0,4,6,0,10,0,6,13,0,19,0,10,19,0,29,2,0,2,31
12/20/2015,IPT,PA,AEA,EN,Federal Contract Tower,0,5,4,0,9,0,0,63,0,63,0,5,67,0,72,42,0,42,114
12/21/2015,IPT,PA,AEA,EN,Federal Contract Tower,0,9,9,0,18,0,1,17,0,18,0,10,26,0,36,2,0,2,38
12/22/2015,IPT,PA,AEA,EN,Federal Contract Tower,0,8,7,0,15,0,0,0,0,0,0,8,7,0,15,0,0,0,15
12/23/2015,IPT,PA,AEA,EN,Federal Contract Tower,0,7,4,0,11,0,1,0,0,1,0,8,4,0,12,0,0,0,12
12/24/2015,IPT,PA,AEA,EN,Federal Contract Tower,0,7,2,0,9,0,6,5,0,11,0,13,7,0,20,0,0,0,20
12/25/2015,IPT,PA,AEA,EN,Federal Contract Tower,0,2,2,0,4,0,6,0,0,6,0,8,2,0,10,0,0,0,10
12/26/2015,IPT,PA,AEA,EN,Federal Contract Tower,0,5,14,0,19,0,1,12,0,13,0,6,26,0,32,0,0,0,32
12/27/2015,IPT,PA,AEA,EN,Federal Contract Tower,0,9,2,0,11,0,0,0,0,0,0,9,2,0,11,0,0,0,11
12/28/2015,IPT,PA,AEA,EN,Federal Contract Tower,0,5,2,0,7,0,0,6,0,6,0,5,8,0,13,0,0,0,13
12/29/2015,IPT,PA,AEA,EN,Federal Contract Tower,0,5,2,0,7,0,0,0,0,0,0,5,2,0,7,0,0,0,7
12/30/2015,IPT,PA,AEA,EN,Federal Contract Tower,0,9,7,0,16,0,0,0,0,0,0,9,7,0,16,0,0,0,16
12/31/2015,IPT,PA,AEA,EN,Federal Contract Tower,0,13,2,0,15,0,4,30,0,34,0,17,32,0,49,42,0,42,91
01/01/2016,IPT,PA,AEA,EN,Federal Contract Tower,0,4,0,0,4,0,6,4,0,10,0,10,4,0,14,8,0,8,22
01/02/2016,IPT,PA,AEA,EN,Federal Contract Tower,0,4,7,0,11,0,1,17,0,18,0,5,24,0,29,16,0,16,45
01/03/2016,IPT,PA,AEA,EN,Federal Contract Tower,0,5,5,0,10,0,1,16,0,17,0,6,21,0,27,2,0,2,29
01/04/2016,IPT,PA,AEA,EN,Federal Contract Tower,0,6,3,0,9,0,5,14,2,21,0,11,17,2,30,30,6,36,66
01/05/2016,IPT,PA,AEA,EN,Federal Contract Tower,0,5,2,2,9,0,6,30,0,36,0,11,32,2,45,14,0,14,59
01/06/2016,IPT,PA,AEA,EN,Federal Contract Tower,0,6,2,0,8,0,7,30,0,37,0,13,32,0,45,0,0,0,45
01/07/2016,IPT,PA,AEA,EN,Federal Contract Tower,0,5,7,0,12,0,2,30,0,32,0,7,37,0,44,6,0,6,50
01/08/2016,IPT,PA,AEA,EN,Federal Contract Tower,0,6,4,0,10,0,2,1,0,3,0,8,5,0,13,0,0,0,13
01/09/2016,IPT,PA,AEA,EN,Federal Contract Tower,0,2,0,0,2,0,0,0,0,0,0,2,0,0,2,0,0,0,2
01/10/2016,IPT,PA,AEA,EN,Federal Contract Tower,0,5,2,0,7,0,0,3,0,3,0,5,5,0,10,0,0,0,10
01/11/2016,IPT,PA,AEA,EN,Federal Contract Tower,0,4,9,0,13,0,3,15,0,18,0,7,24,0,31,4,0,4,35
01/12/2016,IPT,PA,AEA,EN,Federal Contract Tower,0,4,2,0,6,0,0,0,0,0,0,4,2,0,6,0,0,0,6
01/13/2016,IPT,PA,AEA,EN,Federal Contract Tower,0,9,9,1,19,0,1,10,2,13,0,10,19,3,32,8,0,8,40
01/14/2016,IPT,PA,AEA,EN,Federal Contract Tower,0,6,2,1,9,0,0,12,0,12,0,6,14,1,21,0,0,0,21
01/15/2016,IPT,PA,AEA,EN,Federal Contract Tower,0,6,6,0,12,0,0,34,0,34,0,6,40,0,46,24,0,24,70
01/16/2016,IPT,PA,AEA,EN,Federal Contract Tower,0,3,3,0,6,0,0,8,0,8,0,3,11,0,14,8,0,8,22
01/17/2016,IPT,PA,AEA,EN,Federal Contract Tower,0,2,4,0,6,0,2,27,0,29,0,4,31,0,35,26,0,26,61
01/18/2016,IPT,PA,AEA,EN,Federal Contract Tower,0,8,6,1,15,0,3,3,0,6,0,11,9,1,21,0,0,0,21
01/19/2016,IPT,PA,AEA,EN,Federal Contract Tower,0,6,3,0,9,0,6,12,1,19,0,12,15,1,28,14,0,14,42
01/20/2016,IPT,PA,AEA,EN,Federal Contract Tower,0,5,5,0,10,0,0,25,3,28,0,5,30,3,38,8,2,10,48
01/21/2016,IPT,PA,AEA,EN,Federal Contract Tower,0,5,4,0,9,0,2,15,4,21,0,7,19,4,30,6,0,6,36
01/22/2016,IPT,PA,AEA,EN,Federal Contract Tower,0,9,6,0,15,0,6,27,1,34,0,15,33,1,49,10,2,12,61
01/23/2016,IPT,PA,AEA,EN,Federal Contract Tower,0,0,0,0,0,0,2,0,0,2,0,2,0,0,2,0,0,0,2
01/24/2016,IPT,PA,AEA,EN,Federal Contract Tower,0,3,4,0,7,0,2,25,0,27,0,5,29,0,34,20,0,20,54
01/25/2016,IPT,PA,AEA,EN,Federal Contract Tower,0,5,3,0,8,0,0,24,0,24,0,5,27,0,32,12,0,12,44
01/26/2016,IPT,PA,AEA,EN,Federal Contract Tower,0,6,8,0,14,0,14,24,0,38,0,20,32,0,52,20,0,20,72
01/27/2016,IPT,PA,AEA,EN,Federal Contract Tower,0,6,7,0,13,0,8,16,0,24,0,14,23,0,37,10,0,10,47
01/28/2016,IPT,PA,AEA,EN,Federal Contract Tower,0,7,8,0,15,0,2,30,1,33,0,9,38,1,48,12,6,18,66
01/29/2016,IPT,PA,AEA,EN,Federal Contract Tower,0,7,3,0,10,0,2,10,0,12,0,9,13,0,22,0,0,0,22
01/30/2016,IPT,PA,AEA,EN,Federal Contract Tower,0,3,9,0,12,0,0,33,0,33,0,3,42,0,45,6,0,6,51
01/31/2016,IPT,PA,AEA,EN,Federal Contract Tower,0,2,5,0,7,0,0,40,0,40,0,2,45,0,47,12,0,12,59
02/01/2016,IPT,PA,AEA,EN,Federal Contract Tower,0,5,7,1,13,0,7,18,1,26,0,12,25,2,39,8,0,8,47
02/02/2016,IPT,PA,AEA,EN,Federal Contract Tower,0,9,7,1,17,0,0,38,0,38,0,9,45,1,55,38,0,38,93
02/03/2016,IPT,PA,AEA,EN,Federal Contract Tower,0,6,2,0,8,0,0,0,0,0,0,6,2,0,8,0,0,0,8
02/04/2016,IPT,PA,AEA,EN,Federal Contract Tower,0,5,8,0,13,0,7,25,0,32,0,12,33,0,45,20,0,20,65
02/05/2016,IPT,PA,AEA,EN,Federal Contract Tower,0,5,7,4,16,0,0,8,0,8,0,5,15,4,24,0,0,0,24
02/06/2016,IPT,PA,AEA,EN,Federal Contract Tower,0,10,9,0,19,0,6,39,0,45,0,16,48,0,64,30,0,30,94
02/07/2016,IPT,PA,AEA,EN,Federal Contract Tower,0,1,7,0,8,0,3,39,0,42,0,4,46,0,50,4,0,4,54
02/08/2016,IPT,PA,AEA,EN,Federal Contract Tower,0,7,15,0,22,0,1,25,2,28,0,8,40,2,50,6,0,6,56
02/09/2016,IPT,PA,AEA,EN,Federal Contract Tower,0,4,2,0,6,0,0,1,0,1,0,4,3,0,7,0,0,0,7
02/10/2016,IPT,PA,AEA,EN,Federal Contract Tower,0,9,6,0,15,0,0,10,0,10,0,9,16,0,25,10,0,10,35
02/11/2016,IPT,PA,AEA,EN,Federal Contract Tower,0,6,8,0,14,0,1,9,2,12,0,7,17,2,26,0,0,0,26
02/12/2016,IPT,PA,AEA,EN,Federal Contract Tower,0,5,4,0,9,0,7,8,2,17,0,12,12,2,26,10,0,10,36
02/13/2016,IPT,PA,AEA,EN,Federal Contract Tower,0,2,3,0,5,0,5,1,0,6,0,7,4,0,11,0,0,0,11
02/14/2016,IPT,PA,AEA,EN,Federal Contract Tower,0,3,4,0,7,0,5,10,0,15,0,8,14,0,22,0,0,0,22
02/15/2016,IPT,PA,AEA,EN,Federal Contract Tower,0,7,3,0,10,0,0,0,0,0,0,7,3,0,10,0,0,0,10
02/16/2016,IPT,PA,AEA,EN,Federal Contract Tower,0,5,1,0,6,0,2,0,0,2,0,7,1,0,8,0,0,0,8
02/17/2016,IPT,PA,AEA,EN,Federal Contract Tower,0,6,3,2,11,0,2,19,0,21,0,8,22,2,32,42,0,42,74
02/18/2016,IPT,PA,AEA,EN,Federal Contract Tower,0,6,11,0,17,0,1,18,0,19,0,7,29,0,36,22,0,22,58
02/19/2016,IPT,PA,AEA,EN,Federal Contract Tower,0,5,6,0,11,0,4,11,0,15,0,9,17,0,26,0,0,0,26
02/20/2016,IPT,PA,AEA,EN,Federal Contract Tower,0,3,4,0,7,0,9,33,4,46,0,12,37,4,53,10,0,10,63
02/21/2016,IPT,PA,AEA,EN,Federal Contract Tower,0,3,6,0,9,0,1,25,0,26,0,4,31,0,35,16,0,16,51
02/22/2016,IPT,PA,AEA,EN,Federal Contract Tower,0,5,5,0,10,0,1,15,0,16,0,6,20,0,26,0,0,0,26
02/23/2016,IPT,PA,AEA,EN,Federal Contract Tower,0,5,2,2,9,0,0,6,0,6,0,5,8,2,15,0,0,0,15
02/24/2016,IPT,PA,AEA,EN,Federal Contract Tower,0,4,6,0,10,0,0,0,0,0,0,4,6,0,10,0,0,0,10
02/25/2016,IPT,PA,AEA,EN,Federal Contract Tower,0,5,4,0,9,0,2,0,0,2,0,7,4,0,11,0,0,0,11
02/26/2016,IPT,PA,AEA,EN,Federal Contract Tower,0,6,2,0,8,0,3,7,0,10,0,9,9,0,18,0,0,0,18
02/27/2016,IPT,PA,AEA,EN,Federal Contract Tower,0,3,1,0,4,0,1,19,0,20,0,4,20,0,24,16,0,16,40
02/28/2016,IPT,PA,AEA,EN,Federal Contract Tower,0,4,9,0,13,0,2,33,0,35,0,6,42,0,48,14,0,14,62
02/29/2016,IPT,PA,AEA,EN,Federal Contract Tower,0,8,8,0,16,0,6,17,0,23,0,14,25,0,39,0,0,0,39
03/01/2016,IPT,PA,AEA,EN,Federal Contract Tower,0,9,7,0,16,0,9,30,0,39,0,18,37,0,55,16,0,16,71
03/02/2016,IPT,PA,AEA,EN,Federal Contract Tower,0,7,7,0,14,0,4,8,0,12,0,11,15,0,26,0,0,0,26
03/03/2016,IPT,PA,AEA,EN,Federal Contract Tower,0,5,8,0,13,0,5,22,0,27,0,10,30,0,40,30,0,30,70
03/04/2016,IPT,PA,AEA,EN,Federal Contract Tower,0,5,10,0,15,0,4,5,0,9,0,9,15,0,24,0,0,0,24
03/05/2016,IPT,PA,AEA,EN,Federal Contract Tower,0,6,5,2,13,0,3,22,7,32,0,9,27,9,45,4,0,4,49
03/06/2016,IPT,PA,AEA,EN,Federal Contract Tower,0,5,2,0,7,0,3,38,1,42,0,8,40,1,49,68,0,68,117
03/07/2016,IPT,PA,AEA,EN,Federal Contract Tower,0,8,3,0,11,0,5,24,0,29,0,13,27,0,40,16,0,16,56
03/08/2016,IPT,PA,AEA,EN,Federal Contract Tower,0,8,8,0,16,0,1,25,0,26,0,9,33,0,42,40,0,40,82
03/09/2016,IPT,PA,AEA,EN,Federal Contract Tower,0,5,6,0,11,0,0,27,0,27,0,5,33,0,38,44,0,44,82
03/10/2016,IPT,PA,AEA,EN,Federal Contract Tower,0,4,6,0,10,0,0,14,0,14,0,4,20,0,24,14,0,14,38
03/11/2016,IPT,PA,AEA,EN,Federal Contract Tower,0,5,5,0,10,0,0,33,0,33,0,5,38,0,43,6,0,6,49
03/12/2016,IPT,PA,AEA,EN,Federal Contract Tower,0,2,8,0,10,0,4,63,1,68,0,6,71,1,78,32,0,32,110
03/13/2016,IPT,PA,AEA,EN,Federal Contract Tower,0,2,8,0,10,0,0,17,1,18,0,2,25,1,28,0,0,0,28
03/14/2016,IPT,PA,AEA,EN,Federal Contract Tower,0,1,5,1,7,0,7,1,0,8,0,8,6,1,15,0,0,0,15
03/15/2016,IPT,PA,AEA,EN,Federal Contract Tower,0,4,13,0,17,0,1,10,0,11,0,5,23,0,28,32,0,32,60
03/16/2016,IPT,PA,AEA,EN,Federal Contract Tower,0,7,6,0,13,0,2,6,0,8,0,9,12,0,21,12,0,12,33
03/17/2016,IPT,PA,AEA,EN,Federal Contract Tower,0,7,5,2,14,0,0,7,2,9,0,7,12,4,23,6,0,6,29
03/18/2016,IPT,PA,AEA,EN,Federal Contract Tower,0,6,2,0,8,0,2,5,0,7,0,8,7,0,15,0,0,0,15
03/19/2016,IPT,PA,AEA,EN,Federal Contract Tower,0,4,9,0,13,0,3,29,2,34,0,7,38,2,47,8,0,8,55
03/20/2016,IPT,PA,AEA,EN,Federal Contract Tower,0,3,2,0,5,0,8,35,0,43,0,11,37,0,48,2,0,2,50
03/22/2016,IPT,PA,AEA,EN,Federal Contract Tower,0,10,3,0,13,0,4,22,0,26,0,14,25,0,39,10,0,10,49
03/23/2016,IPT,PA,AEA,EN,Federal Contract Tower,0,6,1,0,7,0,1,22,1,24,0,7,23,1,31,14,2,16,47
03/24/2016,IPT,PA,AEA,EN,Federal Contract Tower,0,5,2,2,9,0,0,16,0,16,0,5,18,2,25,4,0,4,29
03/25/2016,IPT,PA,AEA,EN,Federal Contract Tower,0,5,7,0,12,0,2,13,0,15,0,7,20,0,27,14,0,14,41
03/26/2016,IPT,PA,AEA,EN,Federal Contract Tower,0,3,10,0,13,0,3,49,2,54,0,6,59,2,67,16,0,16,83
03/27/2016,IPT,PA,AEA,EN,Federal Contract Tower,0,3,2,0,5,0,0,0,0,0,0,3,2,0,5,0,0,0,5
03/28/2016,IPT,PA,AEA,EN,Federal Contract Tower,0,6,2,0,8,0,0,2,0,2,0,6,4,0,10,16,0,16,26
03/29/2016,IPT,PA,AEA,EN,Federal Contract Tower,0,6,11,0,17,0,6,20,2,28,0,12,31,2,45,2,4,6,51
03/30/2016,IPT,PA,AEA,EN,Federal Contract Tower,0,6,7,0,13,0,0,35,2,37,0,6,42,2,50,0,2,2,52
03/31/2016,IPT,PA,AEA,EN,Federal Contract Tower,0,7,7,0,14,0,2,2,0,4,0,9,9,0,18,0,0,0,18
04/01/2016,IPT,PA,AEA,EN,Federal Contract Tower,0,9,7,0,16,0,5,1,0,6,0,14,8,0,22,0,0,0,22
04/02/2016,IPT,PA,AEA,EN,Federal Contract Tower,0,6,6,0,12,0,2,16,0,18,0,8,22,0,30,16,0,16,46
04/03/2016,IPT,PA,AEA,EN,Federal Contract Tower,0,4,1,0,5,0,0,1,0,1,0,4,2,0,6,0,0,0,6
04/04/2016,IPT,PA,AEA,EN,Federal Contract Tower,0,5,6,0,11,0,0,2,0,2,0,5,8,0,13,0,0,0,13
04/05/2016,IPT,PA,AEA,EN,Federal Contract Tower,0,5,5,0,10,0,5,26,2,33,0,10,31,2,43,20,0,20,63
04/06/2016,IPT,PA,AEA,EN,Federal Contract Tower,0,5,3,3,11,0,2,12,2,16,0,7,15,5,27,0,0,0,27
04/07/2016,IPT,PA,AEA,EN,Federal Contract Tower,0,5,7,0,12,0,0,6,0,6,0,5,13,0,18,8,0,8,26
04/08/2016,IPT,PA,AEA,EN,Federal Contract Tower,0,6,5,0,11,0,6,6,0,12,0,12,11,0,23,0,0,0,23
04/09/2016,IPT,PA,AEA,EN,Federal Contract Tower,0,4,4,0,8,0,0,0,0,0,0,4,4,0,8,0,0,0,8
04/10/2016,IPT,PA,AEA,EN,Federal Contract Tower,0,3,5,0,8,0,5,37,0,42,0,8,42,0,50,20,0,20,70
04/11/2016,IPT,PA,AEA,EN,Federal Contract Tower,0,6,1,0,7,0,2,3,0,5,0,8,4,0,12,0,0,0,12
04/12/2016,IPT,PA,AEA,EN,Federal Contract Tower,0,5,8,0,13,0,5,13,0,18,0,10,21,0,31,6,0,6,37
04/13/2016,IPT,PA,AEA,EN,Federal Contract Tower,0,5,4,1,10,0,0,29,1,30,0,5,33,2,40,2,0,2,42
04/14/2016,IPT,PA,AEA,EN,Federal Contract Tower,0,5,9,0,14,0,8,40,0,48,0,13,49,0,62,36,0,36,98
04/15/2016,IPT,PA,AEA,EN,Federal Contract Tower,0,5,7,0,12,0,3,38,2,43,0,8,45,2,55,2,0,2,57
04/16/2016,IPT,PA,AEA,EN,Federal Contract Tower,0,3,12,0,15,0,6,46,1,53,0,9,58,1,68,40,0,40,108
04/17/2016,IPT,PA,AEA,EN,Federal Contract Tower,0,5,6,0,11,0,4,43,0,47,0,9,49,0,58,2,0,2,60
04/18/2016,IPT,PA,AEA,EN,Federal Contract Tower,0,4,0,0,4,0,6,25,0,31,0,10,25,0,35,0,0,0,35
04/19/2016,IPT,PA,AEA,EN,Federal Contract Tower,0,7,1,0,8,0,2,21,0,23,0,9,22,0,31,0,0,0,31
04/20/2016,IPT,PA,AEA,EN,Federal Contract Tower,0,9,9,0,18,0,1,40,0,41,0,10,49,0,59,10,0,10,69
04/21/2016,IPT,PA,AEA,EN,Federal Contract Tower,0,5,11,0,16,0,3,36,1,40,0,8,47,1,56,8,2,10,66
04/22/2016,IPT,PA,AEA,EN,Federal Contract Tower,0,6,6,0,12,0,1,21,0,22,0,7,27,0,34,0,0,0,34
04/23/2016,IPT,PA,AEA,EN,Federal Contract Tower,0,4,5,0,9,0,6,18,0,24,0,10,23,0,33,18,0,18,51
04/24/2016,IPT,PA,AEA,EN,Federal Contract Tower,0,3,9,0,12,0,2,45,2,49,0,5,54,2,61,22,0,22,83
04/25/2016,IPT,PA,AEA,EN,Federal Contract Tower,0,5,4,2,11,0,5,51,1,57,0,10,55,3,68,0,0,0,68
04/26/2016,IPT,PA,AEA,EN,Federal Contract Tower,0,3,6,0,9,0,6,1,1,8,0,9,7,1,17,0,2,2,19
04/27/2016,IPT,PA,AEA,EN,Federal Contract Tower,0,8,7,0,15,0,3,40,0,43,0,11,47,0,58,16,0,16,74
04/28/2016,IPT,PA,AEA,EN,Federal Contract Tower,0,8,8,0,16,0,0,5,0,5,0,8,13,0,21,0,0,0,21
04/29/2016,IPT,PA,AEA,EN,Federal Contract Tower,0,11,6,0,17,0,0,4,0,4,0,11,10,0,21,0,0,0,21
04/30/2016,IPT,PA,AEA,EN,Federal Contract Tower,0,4,8,1,13,0,2,26,0,28,0,6,34,1,41,42,0,42,83
05/01/2016,IPT,PA,AEA,EN,Federal Contract Tower,0,5,2,0,7,0,0,0,0,0,0,5,2,0,7,0,0,0,7
05/02/2016,IPT,PA,AEA,EN,Federal Contract Tower,0,5,7,0,12,0,0,6,0,6,0,5,13,0,18,0,0,0,18
05/03/2016,IPT,PA,AEA,EN,Federal Contract Tower,0,11,9,0,20,0,1,14,0,15,0,12,23,0,35,0,0,0,35
05/04/2016,IPT,PA,AEA,EN,Federal Contract Tower,0,7,9,1,17,0,0,4,0,4,0,7,13,1,21,16,0,16,37
05/05/2016,IPT,PA,AEA,EN,Federal Contract Tower,0,9,12,0,21,0,0,42,2,44,0,9,54,2,65,16,0,16,81
05/06/2016,IPT,PA,AEA,EN,Federal Contract Tower,0,7,4,0,11,0,0,2,0,2,0,7,6,0,13,0,0,0,13
05/07/2016,IPT,PA,AEA,EN,Federal Contract Tower,0,5,12,0,17,0,4,17,0,21,0,9,29,0,38,42,0,42,80
05/08/2016,IPT,PA,AEA,EN,Federal Contract Tower,0,5,1,0,6,0,2,21,0,23,0,7,22,0,29,52,0,52,81
05/09/2016,IPT,PA,AEA,EN,Federal Contract Tower,0,8,1,0,9,0,2,28,0,30,0,10,29,0,39,26,0,26,65
05/10/2016,IPT,PA,AEA,EN,Federal Contract Tower,0,9,7,0,16,0,8,22,0,30,0,17,29,0,46,2,0,2,48
05/11/2016,IPT,PA,AEA,EN,Federal Contract Tower,0,9,4,1,14,0,3,41,0,44,0,12,45,1,58,32,0,32,90
05/12/2016,IPT,PA,AEA,EN,Federal Contract Tower,0,7,13,0,20,0,5,22,2,29,0,12,35,2,49,0,0,0,49
05/13/2016,IPT,PA,AEA,EN,Federal Contract Tower,0,8,13,0,21,0,4,7,0,11,0,12,20,0,32,0,0,0,32
05/14/2016,IPT,PA,AEA,EN,Federal Contract Tower,0,5,3,0,8,0,0,181,0,181,0,5,184,0,189,22,0,22,211
05/15/2016,IPT,PA,AEA,EN,Federal Contract Tower,0,5,9,0,14,0,1,31,0,32,0,6,40,0,46,12,0,12,58
05/16/2016,IPT,PA,AEA,EN,Federal Contract Tower,0,10,2,0,12,0,5,31,0,36,0,15,33,0,48,0,0,0,48
05/17/2016,IPT,PA,AEA,EN,Federal Contract Tower,0,13,5,0,18,0,1,13,3,17,0,14,18,3,35,2,0,2,37
05/18/2016,IPT,PA,AEA,EN,Federal Contract Tower,0,7,5,0,12,0,1,20,1,22,0,8,25,1,34,18,0,18,52
05/19/2016,IPT,PA,AEA,EN,Federal Contract Tower,0,10,5,0,15,0,1,39,0,40,0,11,44,0,55,0,0,0,55
05/20/2016,IPT,PA,AEA,EN,Federal Contract Tower,0,8,2,0,10,0,0,35,1,36,0,8,37,1,46,2,2,4,50
05/21/2016,IPT,PA,AEA,EN,Federal Contract Tower,0,8,10,0,18,0,0,13,0,13,0,8,23,0,31,10,0,10,41
05/22/2016,IPT,PA,AEA,EN,Federal Contract Tower,0,13,7,0,20,0,0,2,0,2,0,13,9,0,22,0,0,0,22
05/23/2016,IPT,PA,AEA,EN,Federal Contract Tower,0,6,3,0,9,0,4,27,0,31,0,10,30,0,40,30,0,30,70
05/24/2016,IPT,PA,AEA,EN,Federal Contract Tower,0,7,6,1,14,0,0,39,1,40,0,7,45,2,54,26,0,26,80
05/25/2016,IPT,PA,AEA,EN,Federal Contract Tower,0,7,7,0,14,0,1,40,0,41,0,8,47,0,55,20,0,20,75
05/26/2016,IPT,PA,AEA,EN,Federal Contract Tower,0,7,6,0,13,0,1,25,0,26,0,8,31,0,39,0,0,0,39
05/27/2016,IPT,PA,AEA,EN,Federal Contract Tower,0,10,4,0,14,0,5,24,0,29,0,15,28,0,43,0,0,0,43
05/28/2016,IPT,PA,AEA,EN,Federal Contract Tower,0,3,7,0,10,0,4,45,0,49,0,7,52,0,59,20,0,20,79
05/29/2016,IPT,PA,AEA,EN,Federal Contract Tower,0,6,3,0,9,0,5,49,0,54,0,11,52,0,63,12,0,12,75
05/30/2016,IPT,PA,AEA,EN,Federal Contract Tower,0,7,4,0,11,0,0,33,0,33,0,7,37,0,44,0,0,0,44
05/31/2016,IPT,PA,AEA,EN,Federal Contract Tower,0,6,4,0,10,0,3,30,0,33,0,9,34,0,43,42,0,42,85
06/01/2016,IPT,PA,AEA,EN,Federal Contract Tower,0,7,6,0,13,0,2,36,1,39,0,9,42,1,52,26,2,28,80
06/02/2016,IPT,PA,AEA,EN,Federal Contract Tower,0,11,7,0,18,0,0,30,0,30,0,11,37,0,48,4,0,4,52
06/03/2016,IPT,PA,AEA,EN,Federal Contract Tower,0,10,13,0,23,0,0,33,0,33,0,10,46,0,56,4,0,4,60
06/04/2016,IPT,PA,AEA,EN,Federal Contract Tower,0,7,10,0,17,0,2,16,0,18,0,9,26,0,35,30,0,30,65
06/05/2016,IPT,PA,AEA,EN,Federal Contract Tower,0,3,4,0,7,0,0,0,0,0,0,3,4,0,7,0,0,0,7
06/06/2016,IPT,PA,AEA,EN,Federal Contract Tower,0,6,9,0,15,0,0,41,0,41,0,6,50,0,56,0,0,0,56
06/07/2016,IPT,PA,AEA,EN,Federal Contract Tower,0,9,10,1,20,0,2,22,0,24,0,11,32,1,44,40,0,40,84
06/08/2016,IPT,PA,AEA,EN,Federal Contract Tower,0,6,5,0,11,0,2,13,0,15,0,8,18,0,26,22,0,22,48
06/09/2016,IPT,PA,AEA,EN,Federal Contract Tower,0,10,16,0,26,0,0,30,0,30,0,10,46,0,56,4,0,4,60
06/10/2016,IPT,PA,AEA,EN,Federal Contract Tower,0,8,28,0,36,0,1,74,0,75,0,9,102,0,111,6,0,6,117
06/11/2016,IPT,PA,AEA,EN,Federal Contract Tower,0,6,5,0,11,0,4,77,0,81,0,10,82,0,92,26,0,26,118
06/12/2016,IPT,PA,AEA,EN,Federal Contract Tower,0,5,19,0,24,0,9,142,0,151,0,14,161,0,175,10,0,10,185
06/13/2016,IPT,PA,AEA,EN,Federal Contract Tower,0,5,6,0,11,0,1,27,6,34,0,6,33,6,45,38,0,38,83
06/14/2016,IPT,PA,AEA,EN,Federal Contract Tower,0,11,7,0,18,0,3,60,0,63,0,14,67,0,81,68,0,68,149
06/15/2016,IPT,PA,AEA,EN,Federal Contract Tower,0,15,6,0,21,0,0,29,2,31,0,15,35,2,52,4,0,4,56
06/16/2016,IPT,PA,AEA,EN,Federal Contract Tower,0,14,6,0,20,0,0,3,0,3,0,14,9,0,23,0,0,0,23
06/17/2016,IPT,PA,AEA,EN,Federal Contract Tower,0,8,6,0,14,0,0,35,0,35,0,8,41,0,49,38,0,38,87
06/18/2016,IPT,PA,AEA,EN,Federal Contract Tower,0,5,9,0,14,0,0,49,2,51,0,5,58,2,65,8,0,8,73
06/19/2016,IPT,PA,AEA,EN,Federal Contract Tower,0,5,3,0,8,0,1,38,0,39,0,6,41,0,47,10,0,10,57
06/20/2016,IPT,PA,AEA,EN,Federal Contract Tower,0,7,7,1,15,0,1,35,1,37,0,8,42,2,52,2,0,2,54
06/21/2016,IPT,PA,AEA,EN,Federal Contract Tower,0,8,16,0,24,0,2,38,0,40,0,10,54,0,64,2,0,2,66
06/22/2016,IPT,PA,AEA,EN,Federal Contract Tower,0,6,10,0,16,0,7,38,0,45,0,13,48,0,61,26,0,26,87
06/23/2016,IPT,PA,AEA,EN,Federal Contract Tower,0,8,8,0,16,0,2,19,1,22,0,10,27,1,38,0,0,0,38
06/24/2016,IPT,PA,AEA,EN,Federal Contract Tower,0,12,8,0,20,0,2,48,0,50,0,14,56,0,70,48,0,48,118
06/25/2016,IPT,PA,AEA,EN,Federal Contract Tower,0,5,5,0,10,0,1,59,0,60,0,6,64,0,70,18,0,18,88
06/26/2016,IPT,PA,AEA,EN,Federal Contract Tower,0,4,7,0,11,0,1,52,1,54,0,5,59,1,65,0,0,0,65
06/27/2016,IPT,PA,AEA,EN,Federal Contract Tower,0,4,3,0,7,0,0,33,0,33,0,4,36,0,40,32,0,32,72
06/28/2016,IPT,PA,AEA,EN,Federal Contract Tower,0,6,6,0,12,0,2,21,0,23,0,8,27,0,35,66,0,66,101
06/30/2016,IPT,PA,AEA,EN,Federal Contract Tower,0,9,14,0,23,0,4,45,0,49,0,13,59,0,72,8,0,8,80
07/01/2016,IPT,PA,AEA,EN,Federal Contract Tower,0,5,11,0,16,0,1,35,0,36,0,6,46,0,52,14,0,14,66
07/02/2016,IPT,PA,AEA,EN,Federal Contract Tower,0,6,5,0,11,0,4,44,0,48,0,10,49,0,59,12,0,12,71
07/03/2016,IPT,PA,AEA,EN,Federal Contract Tower,0,5,7,0,12,0,1,29,0,30,0,6,36,0,42,0,0,0,42
07/04/2016,IPT,PA,AEA,EN,Federal Contract Tower,0,4,6,0,10,0,4,12,0,16,0,8,18,0,26,0,0,0,26
07/05/2016,IPT,PA,AEA,EN,Federal Contract Tower,0,7,8,0,15,0,0,20,0,20,0,7,28,0,35,46,0,46,81
07/06/2016,IPT,PA,AEA,EN,Federal Contract Tower,0,6,6,0,12,0,6,48,0,54,0,12,54,0,66,26,0,26,92
07/07/2016,IPT,PA,AEA,EN,Federal Contract Tower,0,8,6,0,14,0,6,21,0,27,0,14,27,0,41,12,0,12,53
07/08/2016,IPT,PA,AEA,EN,Federal Contract Tower,0,8,9,0,17,0,1,20,0,21,0,9,29,0,38,6,0,6,44
07/09/2016,IPT,PA,AEA,EN,Federal Contract Tower,0,10,15,0,25,0,5,27,0,32,0,15,42,0,57,20,0,20,77
07/10/2016,IPT,PA,AEA,EN,Federal Contract Tower,0,5,12,0,17,0,2,32,0,34,0,7,44,0,51,8,0,8,59
07/11/2016,IPT,PA,AEA,EN,Federal Contract Tower,0,5,5,0,10,0,5,49,0,54,0,10,54,0,64,42,0,42,106
07/12/2016,IPT,PA,AEA,EN,Federal Contract Tower,0,8,7,0,15,0,5,49,0,54,0,13,56,0,69,20,0,20,89
07/13/2016,IPT,PA,AEA,EN,Federal Contract Tower,0,6,10,0,16,0,5,26,4,35,0,11,36,4,51,18,4,22,73
07/14/2016,IPT,PA,AEA,EN,Federal Contract Tower,0,8,11,5,24,0,0,22,8,30,0,8,33,13,54,38,12,50,104
07/15/2016,IPT,PA,AEA,EN,Federal Contract Tower,0,11,16,0,27,0,0,38,0,38,0,11,54,0,65,40,0,40,105
07/16/2016,IPT,PA,AEA,EN,Federal Contract Tower,0,6,14,0,20,0,3,49,0,52,0,9,63,0,72,26,0,26,98
07/17/2016,IPT,PA,AEA,EN,Federal Contract Tower,0,5,7,0,12,0,4,32,0,36,0,9,39,0,48,8,0,8,56
07/18/2016,IPT,PA,AEA,EN,Federal Contract Tower,0,5,2,0,7,0,4,37,0,41,0,9,39,0,48,54,0,54,102
07/19/2016,IPT,PA,AEA,EN,Federal Contract Tower,0,8,10,0,18,0,8,36,2,46,0,16,46,2,64,14,0,14,78
07/20/2016,IPT,PA,AEA,EN,Federal Contract Tower,0,12,9,2,23,0,0,59,0,59,0,12,68,2,82,62,0,62,144
07/21/2016,IPT,PA,AEA,EN,Federal Contract Tower,0,7,10,0,17,0,6,32,0,38,0,13,42,0,55,12,0,12,67
07/22/2016,IPT,PA,AEA,EN,Federal Contract Tower,0,9,7,2,18,0,4,30,2,36,0,13,37,4,54,14,0,14,68
07/23/2016,IPT,PA,AEA,EN,Federal Contract Tower,0,5,8,0,13,0,2,22,2,26,0,7,30,2,39,0,0,0,39
07/24/2016,IPT,PA,AEA,EN,Federal Contract Tower,0,5,14,0,19,0,5,41,0,46,0,10,55,0,65,4,0,4,69
07/25/2016,IPT,PA,AEA,EN,Federal Contract Tower,0,4,8,0,12,0,0,0,0,0,0,4,8,0,12,6,0,6,18
07/26/2016,IPT,PA,AEA,EN,Federal Contract Tower,0,12,8,0,20,0,1,43,0,44,0,13,51,0,64,0,0,0,64
07/27/2016,IPT,PA,AEA,EN,Federal Contract Tower,0,8,13,0,21,0,2,41,1,44,0,10,54,1,65,6,0,6,71
07/28/2016,IPT,PA,AEA,EN,Federal Contract Tower,0,8,14,0,22,0,5,17,0,22,0,13,31,0,44,4,0,4,48
07/29/2016,IPT,PA,AEA,EN,Federal Contract Tower,0,8,18,0,26,0,2,32,2,36,0,10,50,2,62,22,0,22,84
07/30/2016,IPT,PA,AEA,EN,Federal Contract Tower,0,9,10,0,19,0,11,11,0,22,0,20,21,0,41,20,0,20,61
07/31/2016,IPT,PA,AEA,EN,Federal Contract Tower,0,6,12,0,18,0,0,12,0,12,0,6,24,0,30,0,0,0,30
08/01/2016,IPT,PA,AEA,EN,Federal Contract Tower,0,3,11,0,14,0,0,24,0,24,0,3,35,0,38,52,0,52,90
08/02/2016,IPT,PA,AEA,EN,Federal Contract Tower,0,9,9,0,18,0,3,33,0,36,0,12,42,0,54,32,0,32,86
08/03/2016,IPT,PA,AEA,EN,Federal Contract Tower,0,5,10,0,15,0,7,32,0,39,0,12,42,0,54,36,0,36,90
08/04/2016,IPT,PA,AEA,EN,Federal Contract Tower,0,9,15,0,24,0,8,43,4,55,0,17,58,4,79,52,0,52,131
08/05/2016,IPT,PA,AEA,EN,Federal Contract Tower,0,6,3,0,9,0,4,17,0,21,0,10,20,0,30,2,0,2,32
08/06/2016,IPT,PA,AEA,EN,Federal Contract Tower,0,3,9,0,12,0,6,18,0,24,0,9,27,0,36,2,0,2,38
08/07/2016,IPT,PA,AEA,EN,Federal Contract Tower,0,3,12,0,15,0,2,46,0,48,0,5,58,0,63,0,0,0,63
08/08/2016,IPT,PA,AEA,EN,Federal Contract Tower,0,3,3,0,6,0,4,44,0,48,0,7,47,0,54,20,0,20,74
08/09/2016,IPT,PA,AEA,EN,Federal Contract Tower,0,6,7,0,13,0,6,26,0,32,0,12,33,0,45,8,0,8,53
08/10/2016,IPT,PA,AEA,EN,Federal Contract Tower,0,6,7,0,13,0,0,11,0,11,0,6,18,0,24,20,0,20,44
08/11/2016,IPT,PA,AEA,EN,Federal Contract Tower,0,7,10,0,17,0,2,17,0,19,0,9,27,0,36,10,0,10,46
08/12/2016,IPT,PA,AEA,EN,Federal Contract Tower,0,9,8,0,17,0,4,12,0,16,0,13,20,0,33,12,0,12,45
08/13/2016,IPT,PA,AEA,EN,Federal Contract Tower,0,4,11,0,15,0,2,25,1,28,0,6,36,1,43,16,0,16,59
08/14/2016,IPT,PA,AEA,EN,Federal Contract Tower,0,3,4,0,7,0,3,14,0,17,0,6,18,0,24,2,0,2,26
08/15/2016,IPT,PA,AEA,EN,Federal Contract Tower,0,4,7,0,11,0,9,23,0,32,0,13,30,0,43,44,0,44,87
08/16/2016,IPT,PA,AEA,EN,Federal Contract Tower,0,11,6,0,17,0,1,13,0,14,0,12,19,0,31,6,0,6,37
08/17/2016,IPT,PA,AEA,EN,Federal Contract Tower,0,5,11,0,16,0,2,30,0,32,0,7,41,0,48,50,0,50,98
08/18/2016,IPT,PA,AEA,EN,Federal Contract Tower,0,7,14,0,21,0,1,30,0,31,0,8,44,0,52,26,0,26,78
08/19/2016,IPT,PA,AEA,EN,Federal Contract Tower,0,6,15,0,21,0,1,42,0,43,0,7,57,0,64,38,0,38,102
08/20/2016,IPT,PA,AEA,EN,Federal Contract Tower,0,4,14,1,19,0,9,36,1,46,0,13,50,2,65,12,0,12,77
08/21/2016,IPT,PA,AEA,EN,Federal Contract Tower,0,7,5,0,12,0,0,1,0,1,0,7,6,0,13,0,0,0,13
08/22/2016,IPT,PA,AEA,EN,Federal Contract Tower,0,8,8,0,16,0,1,25,0,26,0,9,33,0,42,2,0,2,44
08/23/2016,IPT,PA,AEA,EN,Federal Contract Tower,0,6,7,0,13,0,6,49,0,55,0,12,56,0,68,22,0,22,90
08/24/2016,IPT,PA,AEA,EN,Federal Contract Tower,0,8,5,1,14,0,1,43,4,48,0,9,48,5,62,14,0,14,76
08/25/2016,IPT,PA,AEA,EN,Federal Contract Tower,0,9,11,1,21,0,2,30,0,32,0,11,41,1,53,0,0,0,53
08/26/2016,IPT,PA,AEA,EN,Federal Contract Tower,0,6,11,0,17,0,2,45,0,47,0,8,56,0,64,40,0,40,104
08/27/2016,IPT,PA,AEA,EN,Federal Contract Tower,0,3,10,0,13,0,5,33,0,38,0,8,43,0,51,0,0,0,51
08/28/2016,IPT,PA,AEA,EN,Federal Contract Tower,0,6,9,0,15,0,9,27,0,36,0,15,36,0,51,0,0,0,51
08/29/2016,IPT,PA,AEA,EN,Federal Contract Tower,9,1,2,0,12,0,0,34,2,36,9,1,36,2,48,0,0,0,48
08/30/2016,IPT,PA,AEA,EN,Federal Contract Tower,0,7,1,1,9,0,2,30,1,33,0,9,31,2,42,12,0,12,54
08/31/2016,IPT,PA,AEA,EN,Federal Contract Tower,0,8,3,0,11,0,1,17,0,18,0,9,20,0,29,22,0,22,51
09/01/2016,IPT,PA,AEA,EN,Federal Contract Tower,0,10,11,0,21,0,2,9,2,13,0,12,20,2,34,0,8,8,42
09/02/2016,IPT,PA,AEA,EN,Federal Contract Tower,0,9,11,0,20,0,4,29,0,33,0,13,40,0,53,16,0,16,69
09/03/2016,IPT,PA,AEA,EN,Federal Contract Tower,0,6,8,0,14,0,4,34,0,38,0,10,42,0,52,0,0,0,52
09/04/2016,IPT,PA,AEA,EN,Federal Contract Tower,0,5,6,0,11,0,2,37,0,39,0,7,43,0,50,22,0,22,72
09/05/2016,IPT,PA,AEA,EN,Federal Contract Tower,0,8,4,0,12,0,5,28,0,33,0,13,32,0,45,0,0,0,45
09/06/2016,IPT,PA,AEA,EN,Federal Contract Tower,0,6,6,0,12,0,6,21,0,27,0,12,27,0,39,2,0,2,41
09/07/2016,IPT,PA,AEA,EN,Federal Contract Tower,0,8,3,0,11,0,0,20,2,22,0,8,23,2,33,2,2,4,37
09/08/2016,IPT,PA,AEA,EN,Federal Contract Tower,0,11,4,0,15,0,0,17,0,17,0,11,21,0,32,0,0,0,32
09/09/2016,IPT,PA,AEA,EN,Federal Contract Tower,0,10,8,1,19,0,4,16,0,20,0,14,24,1,39,2,0,2,41
09/10/2016,IPT,PA,AEA,EN,Federal Contract Tower,0,7,4,0,11,0,7,21,0,28,0,14,25,0,39,0,0,0,39
09/11/2016,IPT,PA,AEA,EN,Federal Contract Tower,0,7,4,0,11,0,5,33,0,38,0,12,37,0,49,48,0,48,97
09/12/2016,IPT,PA,AEA,EN,Federal Contract Tower,0,10,3,2,15,0,1,34,2,37,0,11,37,4,52,20,2,22,74
09/13/2016,IPT,PA,AEA,EN,Federal Contract Tower,0,10,4,0,14,0,10,28,6,44,0,20,32,6,58,10,0,10,68
09/14/2016,IPT,PA,AEA,EN,Federal Contract Tower,0,7,12,0,19,0,2,27,0,29,0,9,39,0,48,24,0,24,72
09/15/2016,IPT,PA,AEA,EN,Federal Contract Tower,0,12,8,0,20,0,1,31,0,32,0,13,39,0,52,44,0,44,96
09/16/2016,IPT,PA,AEA,EN,Federal Contract Tower,0,8,7,0,15,0,1,33,0,34,0,9,40,0,49,14,0,14,63
09/17/2016,IPT,PA,AEA,EN,Federal Contract Tower,0,5,7,0,12,0,3,16,0,19,0,8,23,0,31,0,0,0,31
09/18/2016,IPT,PA,AEA,EN,Federal Contract Tower,0,3,3,0,6,0,0,0,0,0,0,3,3,0,6,0,0,0,6
09/19/2016,IPT,PA,AEA,EN,Federal Contract Tower,0,7,3,2,12,0,0,0,0,0,0,7,3,2,12,0,0,0,12
09/20/2016,IPT,PA,AEA,EN,Federal Contract Tower,0,8,2,0,10,0,0,15,0,15,0,8,17,0,25,12,0,12,37
09/21/2016,IPT,PA,AEA,EN,Federal Contract Tower,0,9,6,0,15,0,1,48,0,49,0,10,54,0,64,34,0,34,98
09/22/2016,IPT,PA,AEA,EN,Federal Contract Tower,0,11,5,0,16,0,2,49,0,51,0,13,54,0,67,40,0,40,107
09/23/2016,IPT,PA,AEA,EN,Federal Contract Tower,0,8,4,2,14,0,2,38,0,40,0,10,42,2,54,50,0,50,104
09/24/2016,IPT,PA,AEA,EN,Federal Contract Tower,0,5,11,0,16,0,1,26,0,27,0,6,37,0,43,20,0,20,63
09/25/2016,IPT,PA,AEA,EN,Federal Contract Tower,0,6,8,0,14,0,4,48,0,52,0,10,56,0,66,14,0,14,80
09/26/2016,IPT,PA,AEA,EN,Federal Contract Tower,0,7,3,0,10,0,4,2,0,6,0,11,5,0,16,0,0,0,16
09/27/2016,IPT,PA,AEA,EN,Federal Contract Tower,0,8,9,2,19,0,6,19,2,27,0,14,28,4,46,14,0,14,60
09/28/2016,IPT,PA,AEA,EN,Federal Contract Tower,0,8,10,0,18,0,0,19,0,19,0,8,29,0,37,32,0,32,69
09/29/2016,IPT,PA,AEA,EN,Federal Contract Tower,0,7,5,0,12,0,6,3,0,9,0,13,8,0,21,16,0,16,37
09/30/2016,IPT,PA,AEA,EN,Federal Contract Tower,0,9,9,0,18,0,0,0,0,0,0,9,9,0,18,0,0,0,18
10/01/2016,IPT,PA,AEA,EN,Federal Contract Tower,0,5,6,0,11,0,0,0,0,0,0,5,6,0,11,0,0,0,11
10/02/2016,IPT,PA,AEA,EN,Federal Contract Tower,0,3,6,0,9,0,0,3,0,3,0,3,9,0,12,0,0,0,12
10/03/2016,IPT,PA,AEA,EN,Federal Contract Tower,0,5,5,0,10,0,4,6,0,10,0,9,11,0,20,8,0,8,28
10/04/2016,IPT,PA,AEA,EN,Federal Contract Tower,0,7,12,0,19,0,6,9,0,15,0,13,21,0,34,0,0,0,34
10/05/2016,IPT,PA,AEA,EN,Federal Contract Tower,0,6,5,0,11,0,9,25,4,38,0,15,30,4,49,10,0,10,59
10/06/2016,IPT,PA,AEA,EN,Federal Contract Tower,0,6,15,2,23,0,0,25,0,25,0,6,40,2,48,36,0,36,84
10/07/2016,IPT,PA,AEA,EN,Federal Contract Tower,0,7,6,0,13,0,2,23,0,25,0,9,29,0,38,2,0,2,40
10/08/2016,IPT,PA,AEA,EN,Federal Contract Tower,0,8,10,0,18,0,1,1,0,2,0,9,11,0,20,6,0,6,26
10/09/2016,IPT,PA,AEA,EN,Federal Contract Tower,0,4,6,0,10,0,1,19,0,20,0,5,25,0,30,32,0,32,62
10/10/2016,IPT,PA,AEA,EN,Federal Contract Tower,0,7,4,0,11,0,6,14,0,20,0,13,18,0,31,12,0,12,43
10/11/2016,IPT,PA,AEA,EN,Federal Contract Tower,0,6,5,1,12,0,2,27,2,31,0,8,32,3,43,10,0,10,53
10/12/2016,IPT,PA,AEA,EN,Federal Contract Tower,0,6,7,0,13,0,2,26,1,29,0,8,33,1,42,2,0,2,44
10/13/2016,IPT,PA,AEA,EN,Federal Contract Tower,0,10,10,0,20,0,1,8,0,9,0,11,18,0,29,14,0,14,43
10/14/2016,IPT,PA,AEA,EN,Federal Contract Tower,0,9,5,2,16,0,0,28,2,30,0,9,33,4,46,10,0,10,56
10/15/2016,IPT,PA,AEA,EN,Federal Contract Tower,0,13,7,0,20,0,4,32,0,36,0,17,39,0,56,0,0,0,56
10/16/2016,IPT,PA,AEA,EN,Federal Contract Tower,0,9,3,0,12,0,6,27,0,33,0,15,30,0,45,14,0,14,59
10/17/2016,IPT,PA,AEA,EN,Federal Contract Tower,0,5,0,2,7,0,0,10,0,10,0,5,10,2,17,0,0,0,17
10/18/2016,IPT,PA,AEA,EN,Federal Contract Tower,0,6,2,0,8,0,4,26,0,30,0,10,28,0,38,0,0,0,38
10/19/2016,IPT,PA,AEA,EN,Federal Contract Tower,0,6,10,0,16,0,1,40,0,41,0,7,50,0,57,4,0,4,61
10/20/2016,IPT,PA,AEA,EN,Federal Contract Tower,0,8,5,0,13,0,6,24,0,30,0,14,29,0,43,0,0,0,43
10/21/2016,IPT,PA,AEA,EN,Federal Contract Tower,0,8,3,3,14,0,3,32,8,43,0,11,35,11,57,0,2,2,59
10/22/2016,IPT,PA,AEA,EN,Federal Contract Tower,0,8,3,0,11,0,8,12,0,20,0,16,15,0,31,6,0,6,37
10/23/2016,IPT,PA,AEA,EN,Federal Contract Tower,0,6,3,0,9,0,11,18,0,29,0,17,21,0,38,4,0,4,42
10/24/2016,IPT,PA,AEA,EN,Federal Contract Tower,0,6,4,0,10,0,0,13,0,13,0,6,17,0,23,0,0,0,23
10/25/2016,IPT,PA,AEA,EN,Federal Contract Tower,0,6,3,1,10,0,4,31,1,36,0,10,34,2,46,20,0,20,66
10/26/2016,IPT,PA,AEA,EN,Federal Contract Tower,0,10,7,0,17,0,1,25,0,26,0,11,32,0,43,8,0,8,51
10/27/2016,IPT,PA,AEA,EN,Federal Contract Tower,0,13,4,0,17,0,0,2,0,2,0,13,6,0,19,2,0,2,21
10/28/2016,IPT,PA,AEA,EN,Federal Contract Tower,0,6,1,0,7,0,3,12,2,17,0,9,13,2,24,24,6,30,54
10/29/2016,IPT,PA,AEA,EN,Federal Contract Tower,0,7,5,2,14,0,8,28,0,36,0,15,33,2,50,30,0,30,80
10/30/2016,IPT,PA,AEA,EN,Federal Contract Tower,0,5,4,2,11,0,3,13,0,16,0,8,17,2,27,0,0,0,27
10/31/2016,IPT,PA,AEA,EN,Federal Contract Tower,0,5,12,0,17,0,7,38,2,47,0,12,50,2,64,0,6,6,70
11/01/2016,IPT,PA,AEA,EN,Federal Contract Tower,0,10,6,0,16,0,15,25,0,40,0,25,31,0,56,6,0,6,62
11/02/2016,IPT,PA,AEA,EN,Federal Contract Tower,0,10,8,2,20,0,4,17,3,24,0,14,25,5,44,40,0,40,84
11/03/2016,IPT,PA,AEA,EN,Federal Contract Tower,0,9,5,2,16,0,0,20,0,20,0,9,25,2,36,16,0,16,52
11/04/2016,IPT,PA,AEA,EN,Federal Contract Tower,0,8,5,1,14,0,1,24,0,25,0,9,29,1,39,30,0,30,69
11/05/2016,IPT,PA,AEA,EN,Federal Contract Tower,0,4,4,0,8,0,4,42,0,46,0,8,46,0,54,24,0,24,78
11/06/2016,IPT,PA,AEA,EN,Federal Contract Tower,0,4,3,0,7,0,11,32,0,43,0,15,35,0,50,38,0,38,88
11/07/2016,IPT,PA,AEA,EN,Federal Contract Tower,0,6,4,1,11,0,2,34,1,37,0,8,38,2,48,26,0,26,74
11/08/2016,IPT,PA,AEA,EN,Federal Contract Tower,0,7,1,0,8,0,4,42,0,46,0,11,43,0,54,12,0,12,66
11/09/2016,IPT,PA,AEA,EN,Federal Contract Tower,0,10,12,0,22,0,0,1,0,1,0,10,13,0,23,0,0,0,23
11/10/2016,IPT,PA,AEA,EN,Federal Contract Tower,0,6,12,0,18,0,0,24,0,24,0,6,36,0,42,44,0,44,86
11/11/2016,IPT,PA,AEA,EN,Federal Contract Tower,0,7,7,0,14,0,7,6,0,13,0,14,13,0,27,0,0,0,27
11/12/2016,IPT,PA,AEA,EN,Federal Contract Tower,0,5,8,0,13,0,5,45,2,52,0,10,53,2,65,10,0,10,75
11/13/2016,IPT,PA,AEA,EN,Federal Contract Tower,0,4,12,0,16,0,0,0,0,0,0,4,12,0,16,0,0,0,16
11/14/2016,IPT,PA,AEA,EN,Federal Contract Tower,0,5,4,0,9,0,2,22,0,24,0,7,26,0,33,0,0,0,33
11/15/2016,IPT,PA,AEA,EN,Federal Contract Tower,0,7,5,2,14,0,3,31,2,36,0,10,36,4,50,10,0,10,60
11/16/2016,IPT,PA,AEA,EN,Federal Contract Tower,0,8,13,0,21,0,1,9,0,10,0,9,22,0,31,36,0,36,67
11/17/2016,IPT,PA,AEA,EN,Federal Contract Tower,0,12,7,3,22,0,1,19,1,21,0,13,26,4,43,14,0,14,57
11/18/2016,IPT,PA,AEA,EN,Federal Contract Tower,0,7,5,0,12,0,4,40,0,44,0,11,45,0,56,30,0,30,86
11/19/2016,IPT,PA,AEA,EN,Federal Contract Tower,0,5,2,0,7,0,0,0,0,0,0,5,2,0,7,0,0,0,7
11/20/2016,IPT,PA,AEA,EN,Federal Contract Tower,0,5,1,0,6,0,2,0,0,2,0,7,1,0,8,0,0,0,8
11/21/2016,IPT,PA,AEA,EN,Federal Contract Tower,0,6,0,0,6,0,2,2,0,4,0,8,2,0,10,2,0,2,12
11/22/2016,IPT,PA,AEA,EN,Federal Contract Tower,0,11,6,0,17,0,2,11,0,13,0,13,17,0,30,6,0,6,36
11/23/2016,IPT,PA,AEA,EN,Federal Contract Tower,0,9,3,0,12,0,3,32,0,35,0,12,35,0,47,54,0,54,101
11/24/2016,IPT,PA,AEA,EN,Federal Contract Tower,0,2,2,0,4,0,0,0,0,0,0,2,2,0,4,0,0,0,4
11/25/2016,IPT,PA,AEA,EN,Federal Contract Tower,0,4,5,0,9,0,0,21,0,21,0,4,26,0,30,44,0,44,74
11/26/2016,IPT,PA,AEA,EN,Federal Contract Tower,0,6,2,0,8,0,0,17,0,17,0,6,19,0,25,6,0,6,31
11/27/2016,IPT,PA,AEA,EN,Federal Contract Tower,0,6,3,0,9,0,2,15,1,18,0,8,18,1,27,26,0,26,53
11/28/2016,IPT,PA,AEA,EN,Federal Contract Tower,0,5,1,0,6,0,6,13,0,19,0,11,14,0,25,0,0,0,25
11/29/2016,IPT,PA,AEA,EN,Federal Contract Tower,0,8,4,0,12,0,1,2,0,3,0,9,6,0,15,0,0,0,15
11/30/2016,IPT,PA,AEA,EN,Federal Contract Tower,0,6,8,0,14,0,0,0,0,0,0,6,8,0,14,0,0,0,14
12/01/2016,IPT,PA,AEA,EN,Federal Contract Tower,0,10,9,0,19,0,2,17,0,19,0,12,26,0,38,0,0,0,38
12/02/2016,IPT,PA,AEA,EN,Federal Contract Tower,0,9,4,0,13,0,1,17,0,18,0,10,21,0,31,10,0,10,41
12/03/2016,IPT,PA,AEA,EN,Federal Contract Tower,0,7,1,0,8,0,0,9,0,9,0,7,10,0,17,4,0,4,21
12/04/2016,IPT,PA,AEA,EN,Federal Contract Tower,0,4,4,0,8,0,2,32,0,34,0,6,36,0,42,28,0,28,70
12/05/2016,IPT,PA,AEA,EN,Federal Contract Tower,0,5,0,0,5,0,1,11,0,12,0,6,11,0,17,0,0,0,17
12/06/2016,IPT,PA,AEA,EN,Federal Contract Tower,0,6,3,0,9,0,0,0,0,0,0,6,3,0,9,0,0,0,9
12/07/2016,IPT,PA,AEA,EN,Federal Contract Tower,0,7,3,1,11,0,2,21,1,24,0,9,24,2,35,34,0,34,69
12/08/2016,IPT,PA,AEA,EN,Federal Contract Tower,0,5,12,2,19,0,0,20,5,25,0,5,32,7,44,0,0,0,44
12/09/2016,IPT,PA,AEA,EN,Federal Contract Tower,0,6,2,0,8,0,6,5,0,11,0,12,7,0,19,2,0,2,21
12/10/2016,IPT,PA,AEA,EN,Federal Contract Tower,0,5,8,0,13,0,1,15,0,16,0,6,23,0,29,40,0,40,69
12/11/2016,IPT,PA,AEA,EN,Federal Contract Tower,0,1,3,0,4,0,1,0,0,1,0,2,3,0,5,0,0,0,5
12/12/2016,IPT,PA,AEA,EN,Federal Contract Tower,0,8,3,0,11,0,2,2,0,4,0,10,5,0,15,16,0,16,31
12/13/2016,IPT,PA,AEA,EN,Federal Contract Tower,0,11,4,0,15,0,0,5,0,5,0,11,9,0,20,0,0,0,20
12/14/2016,IPT,PA,AEA,EN,Federal Contract Tower,0,7,5,0,12,0,2,21,2,25,0,9,26,2,37,30,0,30,67
12/15/2016,IPT,PA,AEA,EN,Federal Contract Tower,0,6,5,0,11,0,7,9,0,16,0,13,14,0,27,24,0,24,51
12/16/2016,IPT,PA,AEA,EN,Federal Contract Tower,0,6,2,0,8,0,3,23,0,26,0,9,25,0,34,8,0,8,42
12/17/2016,IPT,PA,AEA,EN,Federal Contract Tower,0,2,1,0,3,0,0,0,0,0,0,2,1,0,3,0,0,0,3
12/18/2016,IPT,PA,AEA,EN,Federal Contract Tower,0,4,0,0,4,0,2,2,0,4,0,6,2,0,8,0,0,0,8
12/19/2016,IPT,PA,AEA,EN,Federal Contract Tower,0,7,5,0,12,0,2,28,0,30,0,9,33,0,42,20,0,20,62
12/20/2016,IPT,PA,AEA,EN,Federal Contract Tower,0,6,5,0,11,0,1,27,2,30,0,7,32,2,41,46,0,46,87
12/21/2016,IPT,PA,AEA,EN,Federal Contract Tower,0,7,1,1,9,0,10,23,2,35,0,17,24,3,44,0,2,2,46
12/22/2016,IPT,PA,AEA,EN,Federal Contract Tower,0,8,8,0,16,0,0,20,0,20,0,8,28,0,36,0,0,0,36
12/23/2016,IPT,PA,AEA,EN,Federal Contract Tower,0,10,4,0,14,0,1,37,0,38,0,11,41,0,52,10,0,10,62
12/24/2016,IPT,PA,AEA,EN,Federal Contract Tower,0,5,1,0,6,0,0,2,0,2,0,5,3,0,8,8,0,8,16
12/25/2016,IPT,PA,AEA,EN,Federal Contract Tower,0,2,2,0,4,0,8,18,0,26,0,10,20,0,30,4,0,4,34
12/26/2016,IPT,PA,AEA,EN,Federal Contract Tower,0,7,5,0,12,0,0,0,0,0,0,7,5,0,12,0,0,0,12
12/27/2016,IPT,PA,AEA,EN,Federal Contract Tower,0,5,8,0,13,0,0,0,0,0,0,5,8,0,13,2,0,2,15
12/28/2016,IPT,PA,AEA,EN,Federal Contract Tower,0,0,0,0,0,0,2,28,4,34,0,2,28,4,34,52,0,52,86
12/29/2016,IPT,PA,AEA,EN,Federal Contract Tower,0,6,0,0,6,0,0,4,0,4,0,6,4,0,10,8,0,8,18
12/30/2016,IPT,PA,AEA,EN,Federal Contract Tower,0,7,0,0,7,0,0,8,0,8,0,7,8,0,15,0,0,0,15
12/31/2016,IPT,PA,AEA,EN,Federal Contract Tower,0,8,3,0,11,0,1,28,0,29,0,9,31,0,40,4,0,4,44
01/01/2017,IPT,PA,AEA,EN,Federal Contract Tower,0,6,4,0,10,0,4,19,0,23,0,10,23,0,33,0,0,0,33
01/02/2017,IPT,PA,AEA,EN,Federal Contract Tower,0,6,2,0,8,0,0,0,0,0,0,6,2,0,8,12,0,12,20
01/03/2017,IPT,PA,AEA,EN,Federal Contract Tower,0,5,0,0,5,0,0,0,0,0,0,5,0,0,5,0,0,0,5
01/04/2017,IPT,PA,AEA,EN,Federal Contract Tower,0,6,5,0,11,0,1,12,0,13,0,7,17,0,24,66,0,66,90
01/05/2017,IPT,PA,AEA,EN,Federal Contract Tower,0,9,4,0,13,0,1,14,0,15,0,10,18,0,28,10,0,10,38
01/06/2017,IPT,PA,AEA,EN,Federal Contract Tower,0,6,3,0,9,0,1,22,0,23,0,7,25,0,32,24,0,24,56
01/07/2017,IPT,PA,AEA,EN,Federal Contract Tower,0,5,5,0,10,0,1,21,2,24,0,6,26,2,34,32,4,36,70
01/08/2017,IPT,PA,AEA,EN,Federal Contract Tower,0,5,4,0,9,0,0,8,0,8,0,5,12,0,17,2,0,2,19
01/09/2017,IPT,PA,AEA,EN,Federal Contract Tower,0,5,7,0,12,0,3,20,14,37,0,8,27,14,49,8,0,8,57
01/10/2017,IPT,PA,AEA,EN,Federal Contract Tower,0,5,3,0,8,0,2,0,0,2,0,7,3,0,10,0,0,0,10
01/11/2017,IPT,PA,AEA,EN,Federal Contract Tower,0,6,3,1,10,0,5,2,1,8,0,11,5,2,18,0,0,0,18
01/12/2017,IPT,PA,AEA,EN,Federal Contract Tower,0,4,4,0,8,0,0,3,0,3,0,4,7,0,11,16,0,16,27
01/13/2017,IPT,PA,AEA,EN,Federal Contract Tower,0,5,5,0,10,0,5,24,0,29,0,10,29,0,39,22,0,22,61
01/14/2017,IPT,PA,AEA,EN,Federal Contract Tower,0,4,2,0,6,0,1,2,0,3,0,5,4,0,9,12,0,12,21
01/15/2017,IPT,PA,AEA,EN,Federal Contract Tower,0,4,7,0,11,0,0,19,0,19,0,4,26,0,30,16,0,16,46
01/16/2017,IPT,PA,AEA,EN,Federal Contract Tower,0,4,5,1,10,0,0,15,0,15,0,4,20,1,25,24,0,24,49
01/17/2017,IPT,PA,AEA,EN,Federal Contract Tower,0,5,2,0,7,0,0,0,0,0,0,5,2,0,7,0,0,0,7
01/18/2017,IPT,PA,AEA,EN,Federal Contract Tower,0,4,3,0,7,0,0,4,0,4,0,4,7,0,11,40,0,40,51
01/19/2017,IPT,PA,AEA,EN,Federal Contract Tower,0,7,7,4,18,0,10,18,2,30,0,17,25,6,48,50,0,50,98
01/21/2017,IPT,PA,AEA,EN,Federal Contract Tower,0,5,10,0,15,0,0,0,0,0,0,5,10,0,15,0,0,0,15
01/22/2017,IPT,PA,AEA,EN,Federal Contract Tower,0,4,2,0,6,0,0,0,0,0,0,4,2,0,6,0,0,0,6
01/23/2017,IPT,PA,AEA,EN,Federal Contract Tower,0,5,1,0,6,0,0,0,0,0,0,5,1,0,6,0,0,0,6
01/24/2017,IPT,PA,AEA,EN,Federal Contract Tower,0,7,1,0,8,0,0,0,0,0,0,7,1,0,8,0,0,0,8
01/25/2017,IPT,PA,AEA,EN,Federal Contract Tower,0,6,2,1,9,0,3,27,1,31,0,9,29,2,40,6,2,8,48
01/26/2017,IPT,PA,AEA,EN,Federal Contract Tower,0,7,5,0,12,0,11,8,2,21,0,18,13,2,33,10,0,10,43
01/27/2017,IPT,PA,AEA,EN,Federal Contract Tower,0,6,3,0,9,0,5,5,0,10,0,11,8,0,19,0,0,0,19
01/28/2017,IPT,PA,AEA,EN,Federal Contract Tower,0,5,5,0,10,0,0,13,0,13,0,5,18,0,23,14,0,14,37
01/29/2017,IPT,PA,AEA,EN,Federal Contract Tower,0,3,2,0,5,0,4,29,0,33,0,7,31,0,38,40,0,40,78
01/30/2017,IPT,PA,AEA,EN,Federal Contract Tower,0,4,2,0,6,0,0,6,0,6,0,4,8,0,12,28,0,28,40
01/31/2017,IPT,PA,AEA,EN,Federal Contract Tower,0,3,2,0,5,0,0,0,0,0,0,3,2,0,5,0,0,0,5
02/01/2017,IPT,PA,AEA,EN,Federal Contract Tower,0,9,2,0,11,0,0,17,0,17,0,9,19,0,28,8,0,8,36
02/02/2017,IPT,PA,AEA,EN,Federal Contract Tower,0,8,8,0,16,0,0,0,0,0,0,8,8,0,16,28,0,28,44
02/03/2017,IPT,PA,AEA,EN,Federal Contract Tower,0,6,4,0,10,0,4,18,0,22,0,10,22,0,32,14,0,14,46
02/04/2017,IPT,PA,AEA,EN,Federal Contract Tower,0,4,8,0,12,0,2,37,0,39,0,6,45,0,51,66,0,66,117
02/05/2017,IPT,PA,AEA,EN,Federal Contract Tower,0,3,2,0,5,0,1,13,0,14,0,4,15,0,19,42,0,42,61
02/06/2017,IPT,PA,AEA,EN,Federal Contract Tower,0,6,6,0,12,0,2,20,1,23,0,8,26,1,35,18,4,22,57
02/07/2017,IPT,PA,AEA,EN,Federal Contract Tower,0,8,3,0,11,0,0,0,0,0,0,8,3,0,11,0,0,0,11
02/08/2017,IPT,PA,AEA,EN,Federal Contract Tower,0,11,5,1,17,0,7,16,3,26,0,18,21,4,43,30,0,30,73
02/09/2017,IPT,PA,AEA,EN,Federal Contract Tower,0,6,3,0,9,0,1,0,0,1,0,7,3,0,10,0,0,0,10
02/10/2017,IPT,PA,AEA,EN,Federal Contract Tower,0,5,3,0,8,0,2,6,0,8,0,7,9,0,16,0,0,0,16
02/11/2017,IPT,PA,AEA,EN,Federal Contract Tower,0,6,5,0,11,0,2,33,4,39,0,8,38,4,50,6,0,6,56
02/12/2017,IPT,PA,AEA,EN,Federal Contract Tower,0,4,0,0,4,0,0,0,0,0,0,4,0,0,4,0,0,0,4
02/13/2017,IPT,PA,AEA,EN,Federal Contract Tower,0,4,9,0,13,0,0,1,0,1,0,4,10,0,14,0,0,0,14
02/14/2017,IPT,PA,AEA,EN,Federal Contract Tower,0,6,5,0,11,0,0,28,0,28,0,6,33,0,39,26,0,26,65
02/15/2017,IPT,PA,AEA,EN,Federal Contract Tower,0,7,3,0,10,0,3,8,0,11,0,10,11,0,21,24,0,24,45
02/16/2017,IPT,PA,AEA,EN,Federal Contract Tower,0,5,1,0,6,0,2,6,2,10,0,7,7,2,16,2,0,2,18
02/17/2017,IPT,PA,AEA,EN,Federal Contract Tower,0,6,9,0,15,0,1,28,0,29,0,7,37,0,44,12,0,12,56
02/18/2017,IPT,PA,AEA,EN,Federal Contract Tower,0,4,4,0,8,0,0,35,0,35,0,4,39,0,43,64,0,64,107
02/19/2017,IPT,PA,AEA,EN,Federal Contract Tower,0,4,6,0,10,0,1,42,0,43,0,5,48,0,53,30,0,30,83
02/20/2017,IPT,PA,AEA,EN,Federal Contract Tower,0,4,8,0,12,0,0,29,0,29,0,4,37,0,41,6,0,6,47
02/21/2017,IPT,PA,AEA,EN,Federal Contract Tower,0,5,5,0,10,0,1,27,0,28,0,6,32,0,38,0,0,0,38
02/22/2017,IPT,PA,AEA,EN,Federal Contract Tower,0,7,11,2,20,0,2,27,0,29,0,9,38,2,49,0,0,0,49
02/23/2017,IPT,PA,AEA,EN,Federal Contract Tower,0,8,11,2,21,0,1,23,4,28,0,9,34,6,49,28,0,28,77
02/24/2017,IPT,PA,AEA,EN,Federal Contract Tower,0,6,9,0,15,0,5,15,0,20,0,11,24,0,35,0,0,0,35
02/25/2017,IPT,PA,AEA,EN,Federal Contract Tower,0,1,4,0,5,0,0,1,0,1,0,1,5,0,6,0,0,0,6
02/26/2017,IPT,PA,AEA,EN,Federal Contract Tower,0,3,5,0,8,0,10,19,3,32,0,13,24,3,40,18,0,18,58
02/27/2017,IPT,PA,AEA,EN,Federal Contract Tower,0,5,4,0,9,0,0,16,0,16,0,5,20,0,25,24,0,24,49
02/28/2017,IPT,PA,AEA,EN,Federal Contract Tower,0,5,1,0,6,0,2,7,0,9,0,7,8,0,15,0,0,0,15
03/01/2017,IPT,PA,AEA,EN,Federal Contract Tower,0,7,5,0,12,0,4,4,0,8,0,11,9,0,20,0,0,0,20
03/02/2017,IPT,PA,AEA,EN,Federal Contract Tower,0,5,3,0,8,0,7,9,0,16,0,12,12,0,24,0,0,0,24
03/03/2017,IPT,PA,AEA,EN,Federal Contract Tower,0,6,4,0,10,0,7,10,0,17,0,13,14,0,27,2,0,2,29
03/04/2017,IPT,PA,AEA,EN,Federal Contract Tower,0,3,10,0,13,0,7,23,0,30,0,10,33,0,43,6,0,6,49
03/05/2017,IPT,PA,AEA,EN,Federal Contract Tower,0,4,5,0,9,0,0,37,0,37,0,4,42,0,46,44,0,44,90
03/06/2017,IPT,PA,AEA,EN,Federal Contract Tower,0,4,4,0,8,0,2,24,0,26,0,6,28,0,34,40,0,40,74
03/07/2017,IPT,PA,AEA,EN,Federal Contract Tower,0,3,6,0,9,0,0,0,0,0,0,3,6,0,9,0,0,0,9
03/08/2017,IPT,PA,AEA,EN,Federal Contract Tower,0,8,2,0,10,0,3,9,0,12,0,11,11,0,22,0,0,0,22
03/09/2017,IPT,PA,AEA,EN,Federal Contract Tower,0,5,1,0,6,0,2,10,0,12,0,7,11,0,18,0,0,0,18
03/10/2017,IPT,PA,AEA,EN,Federal Contract Tower,0,11,2,0,13,0,0,0,0,0,0,11,2,0,13,0,0,0,13
03/11/2017,IPT,PA,AEA,EN,Federal Contract Tower,0,3,6,0,9,0,8,27,0,35,0,11,33,0,44,12,0,12,56
03/12/2017,IPT,PA,AEA,EN,Federal Contract Tower,0,5,5,0,10,0,3,16,0,19,0,8,21,0,29,36,0,36,65
03/13/2017,IPT,PA,AEA,EN,Federal Contract Tower,0,5,5,0,10,0,4,14,0,18,0,9,19,0,28,14,0,14,42
03/14/2017,IPT,PA,AEA,EN,Federal Contract Tower,0,0,0,0,0,0,0,0,0,0,0,0,0,0,0,0,0,0,0
03/15/2017,IPT,PA,AEA,EN,Federal Contract Tower,0,4,1,0,5,0,2,0,0,2,0,6,1,0,7,6,0,6,13
03/16/2017,IPT,PA,AEA,EN,Federal Contract Tower,0,7,8,0,15,0,6,8,0,14,0,13,16,0,29,0,0,0,29
03/17/2017,IPT,PA,AEA,EN,Federal Contract Tower,0,6,6,0,12,0,0,28,0,28,0,6,34,0,40,36,0,36,76
03/18/2017,IPT,PA,AEA,EN,Federal Contract Tower,0,3,0,0,3,0,0,0,0,0,0,3,0,0,3,0,0,0,3
03/19/2017,IPT,PA,AEA,EN,Federal Contract Tower,0,4,6,0,10,0,0,10,0,10,0,4,16,0,20,6,0,6,26
03/20/2017,IPT,PA,AEA,EN,Federal Contract Tower,0,6,3,0,9,0,5,24,0,29,0,11,27,0,38,32,0,32,70
03/21/2017,IPT,PA,AEA,EN,Federal Contract Tower,0,5,5,1,11,0,5,24,2,31,0,10,29,3,42,22,0,22,64
03/22/2017,IPT,PA,AEA,EN,Federal Contract Tower,0,6,3,0,9,0,2,13,0,15,0,8,16,0,24,4,6,10,34
03/23/2017,IPT,PA,AEA,EN,Federal Contract Tower,0,8,4,0,12,0,1,35,0,36,0,9,39,0,48,44,0,44,92
03/24/2017,IPT,PA,AEA,EN,Federal Contract Tower,0,7,6,0,13,0,5,10,1,16,0,12,16,1,29,2,0,2,31
03/25/2017,IPT,PA,AEA,EN,Federal Contract Tower,0,6,6,0,12,0,0,24,0,24,0,6,30,0,36,16,0,16,52
03/26/2017,IPT,PA,AEA,EN,Federal Contract Tower,0,6,9,0,15,0,2,1,0,3,0,8,10,0,18,10,0,10,28
03/27/2017,IPT,PA,AEA,EN,Federal Contract Tower,0,4,3,0,7,0,0,13,0,13,0,4,16,0,20,24,0,24,44
03/28/2017,IPT,PA,AEA,EN,Federal Contract Tower,0,4,2,0,6,0,0,0,0,0,0,4,2,0,6,0,0,0,6
03/29/2017,IPT,PA,AEA,EN,Federal Contract Tower,0,10,5,0,15,0,5,33,0,38,0,15,38,0,53,16,0,16,69
03/30/2017,IPT,PA,AEA,EN,Federal Contract Tower,0,8,4,0,12,0,1,17,0,18,0,9,21,0,30,0,0,0,30
03/31/2017,IPT,PA,AEA,EN,Federal Contract Tower,0,9,3,0,12,0,0,0,0,0,0,9,3,0,12,0,0,0,12
04/01/2017,IPT,PA,AEA,EN,Federal Contract Tower,0,2,4,0,6,0,5,13,2,20,0,7,17,2,26,16,0,16,42
04/02/2017,IPT,PA,AEA,EN,Federal Contract Tower,0,6,8,0,14,0,3,38,2,43,0,9,46,2,57,50,0,50,107
04/03/2017,IPT,PA,AEA,EN,Federal Contract Tower,0,5,2,1,8,0,0,15,1,16,0,5,17,2,24,10,0,10,34
04/04/2017,IPT,PA,AEA,EN,Federal Contract Tower,0,6,6,0,12,0,0,3,0,3,0,6,9,0,15,0,0,0,15
04/05/2017,IPT,PA,AEA,EN,Federal Contract Tower,0,9,16,0,25,0,1,26,0,27,0,10,42,0,52,22,0,22,74
04/06/2017,IPT,PA,AEA,EN,Federal Contract Tower,0,7,5,0,12,0,0,0,0,0,0,7,5,0,12,0,0,0,12
04/07/2017,IPT,PA,AEA,EN,Federal Contract Tower,0,7,8,0,15,0,2,3,0,5,0,9,11,0,20,2,0,2,22
04/08/2017,IPT,PA,AEA,EN,Federal Contract Tower,0,3,4,0,7,0,4,26,0,30,0,7,30,0,37,4,0,4,41
04/09/2017,IPT,PA,AEA,EN,Federal Contract Tower,0,5,6,1,12,0,2,55,1,58,0,7,61,2,70,20,2,22,92
04/10/2017,IPT,PA,AEA,EN,Federal Contract Tower,0,5,9,0,14,0,2,37,0,39,0,7,46,0,53,36,0,36,89
04/11/2017,IPT,PA,AEA,EN,Federal Contract Tower,0,10,15,0,25,0,0,34,0,34,0,10,49,0,59,14,0,14,73
04/12/2017,IPT,PA,AEA,EN,Federal Contract Tower,0,10,5,0,15,0,1,29,0,30,0,11,34,0,45,22,0,22,67
04/13/2017,IPT,PA,AEA,EN,Federal Contract Tower,0,6,5,0,11,0,3,39,0,42,0,9,44,0,53,22,0,22,75
04/14/2017,IPT,PA,AEA,EN,Federal Contract Tower,0,8,7,0,15,0,4,36,0,40,0,12,43,0,55,76,0,76,131
04/15/2017,IPT,PA,AEA,EN,Federal Contract Tower,0,3,3,0,6,0,7,26,0,33,0,10,29,0,39,38,0,38,77
04/16/2017,IPT,PA,AEA,EN,Federal Contract Tower,0,5,1,0,6,0,2,8,0,10,0,7,9,0,16,4,0,4,20
04/17/2017,IPT,PA,AEA,EN,Federal Contract Tower,0,5,10,0,15,0,0,34,0,34,0,5,44,0,49,28,0,28,77
04/18/2017,IPT,PA,AEA,EN,Federal Contract Tower,0,6,10,0,16,0,8,41,0,49,0,14,51,0,65,22,0,22,87
04/19/2017,IPT,PA,AEA,EN,Federal Contract Tower,0,7,10,0,17,0,1,2,0,3,0,8,12,0,20,0,0,0,20
04/20/2017,IPT,PA,AEA,EN,Federal Contract Tower,0,5,22,0,27,0,0,16,0,16,0,5,38,0,43,6,0,6,49
04/21/2017,IPT,PA,AEA,EN,Federal Contract Tower,0,6,22,0,28,0,0,17,1,18,0,6,39,1,46,16,2,18,64
04/22/2017,IPT,PA,AEA,EN,Federal Contract Tower,0,3,7,0,10,0,5,26,0,31,0,8,33,0,41,10,0,10,51
04/23/2017,IPT,PA,AEA,EN,Federal Contract Tower,0,6,16,0,22,0,0,64,0,64,0,6,80,0,86,40,0,40,126
04/24/2017,IPT,PA,AEA,EN,Federal Contract Tower,0,6,4,0,10,0,5,29,0,34,0,11,33,0,44,28,0,28,72
04/25/2017,IPT,PA,AEA,EN,Federal Contract Tower,0,10,2,2,14,0,0,0,0,0,0,10,2,2,14,0,0,0,14
04/26/2017,IPT,PA,AEA,EN,Federal Contract Tower,0,5,10,2,17,0,3,17,0,20,0,8,27,2,37,42,0,42,79
04/27/2017,IPT,PA,AEA,EN,Federal Contract Tower,0,8,13,0,21,0,1,13,0,14,0,9,26,0,35,10,0,10,45
04/28/2017,IPT,PA,AEA,EN,Federal Contract Tower,0,8,4,0,12,0,1,33,0,34,0,9,37,0,46,32,0,32,78
04/29/2017,IPT,PA,AEA,EN,Federal Contract Tower,0,6,3,0,9,0,2,13,8,23,0,8,16,8,32,8,0,8,40
04/30/2017,IPT,PA,AEA,EN,Federal Contract Tower,0,4,6,0,10,0,4,21,0,25,0,8,27,0,35,44,0,44,79
05/01/2017,IPT,PA,AEA,EN,Federal Contract Tower,0,4,5,0,9,0,0,0,0,0,0,4,5,0,9,0,0,0,9
05/02/2017,IPT,PA,AEA,EN,Federal Contract Tower,0,8,2,0,10,0,0,7,0,7,0,8,9,0,17,0,0,0,17
05/03/2017,IPT,PA,AEA,EN,Federal Contract Tower,0,6,7,0,13,0,0,16,0,16,0,6,23,0,29,0,0,0,29
05/04/2017,IPT,PA,AEA,EN,Federal Contract Tower,0,5,4,0,9,0,2,20,0,22,0,7,24,0,31,8,0,8,39
05/05/2017,IPT,PA,AEA,EN,Federal Contract Tower,0,10,1,0,11,0,0,0,0,0,0,10,1,0,11,0,0,0,11
05/06/2017,IPT,PA,AEA,EN,Federal Contract Tower,0,4,6,0,10,0,2,0,0,2,0,6,6,0,12,0,0,0,12
05/07/2017,IPT,PA,AEA,EN,Federal Contract Tower,0,4,5,0,9,0,7,15,0,22,0,11,20,0,31,24,0,24,55
05/08/2017,IPT,PA,AEA,EN,Federal Contract Tower,0,5,7,0,12,0,0,16,0,16,0,5,23,0,28,6,0,6,34
05/09/2017,IPT,PA,AEA,EN,Federal Contract Tower,0,7,3,0,10,0,1,39,4,44,0,8,42,4,54,48,0,48,102
05/10/2017,IPT,PA,AEA,EN,Federal Contract Tower,0,6,7,0,13,0,1,30,0,31,0,7,37,0,44,20,0,20,64
05/11/2017,IPT,PA,AEA,EN,Federal Contract Tower,0,8,8,0,16,0,10,19,0,29,0,18,27,0,45,10,0,10,55
05/12/2017,IPT,PA,AEA,EN,Federal Contract Tower,0,8,3,0,11,0,9,33,0,42,0,17,36,0,53,28,0,28,81
05/13/2017,IPT,PA,AEA,EN,Federal Contract Tower,0,3,1,0,4,0,0,0,0,0,0,3,1,0,4,0,0,0,4
05/14/2017,IPT,PA,AEA,EN,Federal Contract Tower,0,4,7,0,11,0,1,6,0,7,0,5,13,0,18,4,0,4,22
05/15/2017,IPT,PA,AEA,EN,Federal Contract Tower,0,5,4,0,9,0,2,22,0,24,0,7,26,0,33,8,0,8,41
05/16/2017,IPT,PA,AEA,EN,Federal Contract Tower,0,6,1,0,7,0,2,49,0,51,0,8,50,0,58,22,0,22,80
05/17/2017,IPT,PA,AEA,EN,Federal Contract Tower,0,6,9,1,16,0,2,44,1,47,0,8,53,2,63,16,0,16,79
05/18/2017,IPT,PA,AEA,EN,Federal Contract Tower,0,7,9,0,16,0,2,31,0,33,0,9,40,0,49,28,0,28,77
05/19/2017,IPT,PA,AEA,EN,Federal Contract Tower,0,5,4,0,9,0,0,24,2,26,0,5,28,2,35,8,0,8,43
05/20/2017,IPT,PA,AEA,EN,Federal Contract Tower,0,7,7,1,15,0,5,14,0,19,0,12,21,1,34,14,0,14,48
05/21/2017,IPT,PA,AEA,EN,Federal Contract Tower,0,4,4,0,8,0,6,8,0,14,0,10,12,0,22,0,0,0,22
05/22/2017,IPT,PA,AEA,EN,Federal Contract Tower,0,6,3,2,11,0,6,6,0,12,0,12,9,2,23,0,0,0,23
05/23/2017,IPT,PA,AEA,EN,Federal Contract Tower,0,9,10,0,19,0,12,39,4,55,0,21,49,4,74,12,0,12,86
05/24/2017,IPT,PA,AEA,EN,Federal Contract Tower,0,6,7,2,15,0,0,26,3,29,0,6,33,5,44,8,0,8,52
05/25/2017,IPT,PA,AEA,EN,Federal Contract Tower,0,10,5,0,15,0,1,0,0,1,0,11,5,0,16,0,0,0,16
05/26/2017,IPT,PA,AEA,EN,Federal Contract Tower,0,6,13,0,19,0,2,14,0,16,0,8,27,0,35,48,0,48,83
05/27/2017,IPT,PA,AEA,EN,Federal Contract Tower,0,3,9,0,12,0,2,17,0,19,0,5,26,0,31,20,0,20,51
05/28/2017,IPT,PA,AEA,EN,Federal Contract Tower,0,4,9,0,13,0,0,18,0,18,0,4,27,0,31,26,0,26,57
05/29/2017,IPT,PA,AEA,EN,Federal Contract Tower,0,4,6,0,10,0,0,6,0,6,0,4,12,0,16,38,0,38,54
05/30/2017,IPT,PA,AEA,EN,Federal Contract Tower,0,4,1,0,5,0,0,0,0,0,0,4,1,0,5,0,0,0,5
05/31/2017,IPT,PA,AEA,EN,Federal Contract Tower,0,7,6,0,13,0,0,18,0,18,0,7,24,0,31,26,0,26,57
06/01/2017,IPT,PA,AEA,EN,Federal Contract Tower,0,10,10,0,20,0,2,59,2,63,0,12,69,2,83,40,0,40,123
06/02/2017,IPT,PA,AEA,EN,Federal Contract Tower,1,14,8,0,23,0,0,54,0,54,1,14,62,0,77,24,0,24,101
06/03/2017,IPT,PA,AEA,EN,Federal Contract Tower,0,5,6,11,22,0,2,39,0,41,0,7,45,11,63,38,0,38,101
06/04/2017,IPT,PA,AEA,EN,Federal Contract Tower,0,7,7,0,14,0,0,5,0,5,0,7,12,0,19,46,0,46,65
06/05/2017,IPT,PA,AEA,EN,Federal Contract Tower,0,7,5,0,12,0,3,5,0,8,0,10,10,0,20,14,0,14,34
06/06/2017,IPT,PA,AEA,EN,Federal Contract Tower,0,7,1,0,8,0,0,21,0,21,0,7,22,0,29,22,0,22,51
06/07/2017,IPT,PA,AEA,EN,Federal Contract Tower,0,10,3,0,13,0,0,0,0,0,0,10,3,0,13,10,0,10,23
06/08/2017,IPT,PA,AEA,EN,Federal Contract Tower,0,11,11,0,22,0,4,45,0,49,0,15,56,0,71,36,0,36,107
06/09/2017,IPT,PA,AEA,EN,Federal Contract Tower,0,9,27,0,36,0,2,57,0,59,0,11,84,0,95,38,0,38,133
06/10/2017,IPT,PA,AEA,EN,Federal Contract Tower,0,5,10,0,15,0,4,96,0,100,0,9,106,0,115,16,0,16,131
06/11/2017,IPT,PA,AEA,EN,Federal Contract Tower,0,4,16,0,20,0,4,116,0,120,0,8,132,0,140,30,0,30,170
06/12/2017,IPT,PA,AEA,EN,Federal Contract Tower,0,5,8,0,13,0,3,52,0,55,0,8,60,0,68,34,0,34,102
06/13/2017,IPT,PA,AEA,EN,Federal Contract Tower,0,6,2,0,8,0,0,34,0,34,0,6,36,0,42,18,0,18,60
06/14/2017,IPT,PA,AEA,EN,Federal Contract Tower,0,9,3,0,12,0,2,29,1,32,0,11,32,1,44,90,2,92,136
06/15/2017,IPT,PA,AEA,EN,Federal Contract Tower,0,8,4,3,15,0,3,17,0,20,0,11,21,3,35,4,0,4,39
06/16/2017,IPT,PA,AEA,EN,Federal Contract Tower,0,7,5,0,12,0,2,2,0,4,0,9,7,0,16,0,0,0,16
06/17/2017,IPT,PA,AEA,EN,Federal Contract Tower,0,8,7,0,15,0,2,7,0,9,0,10,14,0,24,0,0,0,24
06/18/2017,IPT,PA,AEA,EN,Federal Contract Tower,0,3,5,0,8,0,2,18,0,20,0,5,23,0,28,6,0,6,34
06/19/2017,IPT,PA,AEA,EN,Federal Contract Tower,0,1,4,0,5,0,0,4,0,4,0,1,8,0,9,12,0,12,21
06/20/2017,IPT,PA,AEA,EN,Federal Contract Tower,0,10,9,2,21,0,2,17,0,19,0,12,26,2,40,8,8,16,56
06/21/2017,IPT,PA,AEA,EN,Federal Contract Tower,0,6,6,1,13,0,7,31,0,38,0,13,37,1,51,20,0,20,71
06/22/2017,IPT,PA,AEA,EN,Federal Contract Tower,0,6,8,0,14,0,2,26,0,28,0,8,34,0,42,16,0,16,58
06/23/2017,IPT,PA,AEA,EN,Federal Contract Tower,2,8,10,0,20,0,1,10,0,11,2,9,20,0,31,34,0,34,65
06/24/2017,IPT,PA,AEA,EN,Federal Contract Tower,0,5,4,0,9,0,0,0,0,0,0,5,4,0,9,70,0,70,79
06/25/2017,IPT,PA,AEA,EN,Federal Contract Tower,0,4,7,0,11,0,4,60,0,64,0,8,67,0,75,68,0,68,143
06/26/2017,IPT,PA,AEA,EN,Federal Contract Tower,0,7,5,0,12,0,11,19,0,30,0,18,24,0,42,26,0,26,68
06/27/2017,IPT,PA,AEA,EN,Federal Contract Tower,0,8,7,0,15,0,2,24,0,26,0,10,31,0,41,38,0,38,79
06/28/2017,IPT,PA,AEA,EN,Federal Contract Tower,0,9,14,0,23,0,0,35,0,35,0,9,49,0,58,16,0,16,74
06/29/2017,IPT,PA,AEA,EN,Federal Contract Tower,0,6,19,0,25,0,1,24,2,27,0,7,43,2,52,42,0,42,94
06/30/2017,IPT,PA,AEA,EN,Federal Contract Tower,0,6,7,0,13,0,8,19,2,29,0,14,26,2,42,54,0,54,96
07/01/2017,IPT,PA,AEA,EN,Federal Contract Tower,0,5,6,0,11,0,1,20,0,21,0,6,26,0,32,36,0,36,68
07/02/2017,IPT,PA,AEA,EN,Federal Contract Tower,0,4,9,0,13,0,4,42,0,46,0,8,51,0,59,28,0,28,87
07/03/2017,IPT,PA,AEA,EN,Federal Contract Tower,0,5,3,0,8,0,4,24,0,28,0,9,27,0,36,28,0,28,64
07/04/2017,IPT,PA,AEA,EN,Federal Contract Tower,0,3,1,0,4,0,3,22,0,25,0,6,23,0,29,18,0,18,47
07/05/2017,IPT,PA,AEA,EN,Federal Contract Tower,0,7,5,0,12,0,0,41,0,41,0,7,46,0,53,38,0,38,91
07/06/2017,IPT,PA,AEA,EN,Federal Contract Tower,0,6,15,0,21,0,4,27,0,31,0,10,42,0,52,74,0,74,126
07/07/2017,IPT,PA,AEA,EN,Federal Contract Tower,0,9,9,0,18,0,1,34,0,35,0,10,43,0,53,0,0,0,53
07/08/2017,IPT,PA,AEA,EN,Federal Contract Tower,0,4,11,0,15,0,9,46,0,55,0,13,57,0,70,18,0,18,88
07/09/2017,IPT,PA,AEA,EN,Federal Contract Tower,0,4,8,0,12,0,0,57,0,57,0,4,65,0,69,50,0,50,119
07/10/2017,IPT,PA,AEA,EN,Federal Contract Tower,0,6,3,0,9,0,0,34,0,34,0,6,37,0,43,26,0,26,69
07/11/2017,IPT,PA,AEA,EN,Federal Contract Tower,0,9,9,0,18,0,2,15,0,17,0,11,24,0,35,68,0,68,103
07/12/2017,IPT,PA,AEA,EN,Federal Contract Tower,0,6,14,0,20,0,5,33,0,38,0,11,47,0,58,56,0,56,114
07/13/2017,IPT,PA,AEA,EN,Federal Contract Tower,0,10,6,0,16,0,7,10,0,17,0,17,16,0,33,28,0,28,61
07/14/2017,IPT,PA,AEA,EN,Federal Contract Tower,0,4,4,0,8,0,4,7,0,11,0,8,11,0,19,0,0,0,19
07/15/2017,IPT,PA,AEA,EN,Federal Contract Tower,0,5,15,0,20,0,5,49,0,54,0,10,64,0,74,34,0,34,108
07/16/2017,IPT,PA,AEA,EN,Federal Contract Tower,0,4,5,0,9,0,4,34,0,38,0,8,39,0,47,2,0,2,49
07/17/2017,IPT,PA,AEA,EN,Federal Contract Tower,0,4,5,0,9,0,0,6,0,6,0,4,11,0,15,2,0,2,17
07/18/2017,IPT,PA,AEA,EN,Federal Contract Tower,0,8,11,1,20,0,5,30,0,35,0,13,41,1,55,28,0,28,83
07/19/2017,IPT,PA,AEA,EN,Federal Contract Tower,0,6,10,0,16,0,2,43,0,45,0,8,53,0,61,36,0,36,97
07/20/2017,IPT,PA,AEA,EN,Federal Contract Tower,0,9,5,0,14,0,1,34,0,35,0,10,39,0,49,30,0,30,79
07/21/2017,IPT,PA,AEA,EN,Federal Contract Tower,0,7,7,0,14,0,1,43,2,46,0,8,50,2,60,0,0,0,60
07/22/2017,IPT,PA,AEA,EN,Federal Contract Tower,0,6,1,0,7,0,2,16,0,18,0,8,17,0,25,36,0,36,61
07/23/2017,IPT,PA,AEA,EN,Federal Contract Tower,0,5,4,0,9,0,1,4,0,5,0,6,8,0,14,0,0,0,14
07/24/2017,IPT,PA,AEA,EN,Federal Contract Tower,0,7,7,0,14,0,3,13,0,16,0,10,20,0,30,34,0,34,64
07/25/2017,IPT,PA,AEA,EN,Federal Contract Tower,0,7,5,0,12,0,13,37,0,50,0,20,42,0,62,2,0,2,64
07/26/2017,IPT,PA,AEA,EN,Federal Contract Tower,0,7,16,0,23,0,2,30,0,32,0,9,46,0,55,4,0,4,59
07/27/2017,IPT,PA,AEA,EN,Federal Contract Tower,0,8,3,0,11,0,4,31,0,35,0,12,34,0,46,24,0,24,70
07/28/2017,IPT,PA,AEA,EN,Federal Contract Tower,0,8,2,0,10,0,0,20,0,20,0,8,22,0,30,22,0,22,52
07/29/2017,IPT,PA,AEA,EN,Federal Contract Tower,0,5,2,0,7,0,0,24,0,24,0,5,26,0,31,22,0,22,53
07/30/2017,IPT,PA,AEA,EN,Federal Contract Tower,0,4,8,0,12,0,9,54,0,63,0,13,62,0,75,34,0,34,109
07/31/2017,IPT,PA,AEA,EN,Federal Contract Tower,0,12,5,0,17,0,3,40,0,43,0,15,45,0,60,24,0,24,84
08/01/2017,IPT,PA,AEA,EN,Federal Contract Tower,0,12,6,0,18,0,3,31,0,34,0,15,37,0,52,28,0,28,80
08/02/2017,IPT,PA,AEA,EN,Federal Contract Tower,0,6,1,0,7,0,2,34,7,43,0,8,35,7,50,36,0,36,86
08/03/2017,IPT,PA,AEA,EN,Federal Contract Tower,0,9,4,0,13,0,0,25,2,27,0,9,29,2,40,36,0,36,76
08/04/2017,IPT,PA,AEA,EN,Federal Contract Tower,0,9,6,2,17,0,2,6,0,8,0,11,12,2,25,4,0,4,29
08/05/2017,IPT,PA,AEA,EN,Federal Contract Tower,0,5,7,0,12,0,5,31,0,36,0,10,38,0,48,38,0,38,86
08/06/2017,IPT,PA,AEA,EN,Federal Contract Tower,0,6,7,0,13,0,2,38,8,48,0,8,45,8,61,20,0,20,81
08/07/2017,IPT,PA,AEA,EN,Federal Contract Tower,0,7,14,0,21,0,0,0,0,0,0,7,14,0,21,0,0,0,21
08/08/2017,IPT,PA,AEA,EN,Federal Contract Tower,0,8,7,0,15,0,5,28,3,36,0,13,35,3,51,40,0,40,91
08/09/2017,IPT,PA,AEA,EN,Federal Contract Tower,0,7,5,0,12,0,0,41,2,43,0,7,46,2,55,22,0,22,77
08/10/2017,IPT,PA,AEA,EN,Federal Contract Tower,0,7,5,0,12,0,2,43,0,45,0,9,48,0,57,4,0,4,61
08/11/2017,IPT,PA,AEA,EN,Federal Contract Tower,0,7,7,0,14,0,0,10,0,10,0,7,17,0,24,0,0,0,24
08/12/2017,IPT,PA,AEA,EN,Federal Contract Tower,0,6,10,0,16,0,1,25,0,26,0,7,35,0,42,78,0,78,120
08/13/2017,IPT,PA,AEA,EN,Federal Contract Tower,0,4,8,0,12,0,3,42,2,47,0,7,50,2,59,16,0,16,75
08/14/2017,IPT,PA,AEA,EN,Federal Contract Tower,0,5,14,2,21,0,2,15,0,17,0,7,29,2,38,22,0,22,60
08/15/2017,IPT,PA,AEA,EN,Federal Contract Tower,0,6,11,0,17,0,0,0,0,0,0,6,11,0,17,30,0,30,47
08/16/2017,IPT,PA,AEA,EN,Federal Contract Tower,0,7,4,0,11,0,6,34,0,40,0,13,38,0,51,16,0,16,67
08/17/2017,IPT,PA,AEA,EN,Federal Contract Tower,0,8,11,3,22,0,5,18,0,23,0,13,29,3,45,10,0,10,55
08/18/2017,IPT,PA,AEA,EN,Federal Contract Tower,0,9,8,2,19,0,0,15,0,15,0,9,23,2,34,34,0,34,68
08/19/2017,IPT,PA,AEA,EN,Federal Contract Tower,0,5,6,0,11,0,5,51,0,56,0,10,57,0,67,46,0,46,113
08/20/2017,IPT,PA,AEA,EN,Federal Contract Tower,5,8,29,0,42,0,1,50,1,52,5,9,79,1,94,20,2,22,116
08/21/2017,IPT,PA,AEA,EN,Federal Contract Tower,1,4,6,0,11,0,4,24,0,28,1,8,30,0,39,4,0,4,43
08/22/2017,IPT,PA,AEA,EN,Federal Contract Tower,0,6,2,2,10,0,1,8,0,9,0,7,10,2,19,0,0,0,19
08/23/2017,IPT,PA,AEA,EN,Federal Contract Tower,0,7,14,1,22,0,2,37,1,40,0,9,51,2,62,0,0,0,62
08/24/2017,IPT,PA,AEA,EN,Federal Contract Tower,0,5,7,0,12,0,0,35,0,35,0,5,42,0,47,16,0,16,63
08/25/2017,IPT,PA,AEA,EN,Federal Contract Tower,0,5,12,0,17,0,5,40,0,45,0,10,52,0,62,4,0,4,66
08/26/2017,IPT,PA,AEA,EN,Federal Contract Tower,0,5,11,0,16,0,4,32,0,36,0,9,43,0,52,34,0,34,86
08/27/2017,IPT,PA,AEA,EN,Federal Contract Tower,0,4,8,0,12,0,2,46,0,48,0,6,54,0,60,36,0,36,96
08/28/2017,IPT,PA,AEA,EN,Federal Contract Tower,0,7,13,2,22,0,2,26,0,28,0,9,39,2,50,64,0,64,114
08/29/2017,IPT,PA,AEA,EN,Federal Contract Tower,0,9,2,0,11,0,0,9,0,9,0,9,11,0,20,12,0,12,32
08/30/2017,IPT,PA,AEA,EN,Federal Contract Tower,0,8,7,0,15,0,3,20,0,23,0,11,27,0,38,60,0,60,98
08/31/2017,IPT,PA,AEA,EN,Federal Contract Tower,0,6,8,0,14,0,5,23,0,28,0,11,31,0,42,0,0,0,42
09/01/2017,IPT,PA,AEA,EN,Federal Contract Tower,0,7,5,0,12,0,6,35,0,41,0,13,40,0,53,22,0,22,75
09/02/2017,IPT,PA,AEA,EN,Federal Contract Tower,0,4,5,0,9,0,2,19,0,21,0,6,24,0,30,52,0,52,82
09/03/2017,IPT,PA,AEA,EN,Federal Contract Tower,0,4,2,0,6,0,1,3,0,4,0,5,5,0,10,10,0,10,20
09/04/2017,IPT,PA,AEA,EN,Federal Contract Tower,0,3,4,0,7,0,3,37,0,40,0,6,41,0,47,4,0,4,51
09/05/2017,IPT,PA,AEA,EN,Federal Contract Tower,0,7,7,0,14,0,0,0,0,0,0,7,7,0,14,0,0,0,14
09/06/2017,IPT,PA,AEA,EN,Federal Contract Tower,0,6,6,0,12,0,1,8,0,9,0,7,14,0,21,26,0,26,47
09/07/2017,IPT,PA,AEA,EN,Federal Contract Tower,0,9,10,0,19,0,2,28,0,30,0,11,38,0,49,32,0,32,81
09/08/2017,IPT,PA,AEA,EN,Federal Contract Tower,0,6,14,0,20,0,2,26,0,28,0,8,40,0,48,40,0,40,88
09/09/2017,IPT,PA,AEA,EN,Federal Contract Tower,0,5,16,0,21,0,2,20,1,23,0,7,36,1,44,18,2,20,64
09/10/2017,IPT,PA,AEA,EN,Federal Contract Tower,0,4,7,0,11,0,1,50,0,51,0,5,57,0,62,20,0,20,82
09/11/2017,IPT,PA,AEA,EN,Federal Contract Tower,0,5,5,0,10,0,2,59,0,61,0,7,64,0,71,50,0,50,121
09/12/2017,IPT,PA,AEA,EN,Federal Contract Tower,0,7,8,0,15,0,1,46,0,47,0,8,54,0,62,30,0,30,92
09/13/2017,IPT,PA,AEA,EN,Federal Contract Tower,0,6,7,0,13,0,0,0,0,0,0,6,7,0,13,0,0,0,13
09/14/2017,IPT,PA,AEA,EN,Federal Contract Tower,0,7,15,0,22,0,0,21,0,21,0,7,36,0,43,0,0,0,43
09/15/2017,IPT,PA,AEA,EN,Federal Contract Tower,0,10,8,0,18,0,8,29,0,37,0,18,37,0,55,10,0,10,65
09/16/2017,IPT,PA,AEA,EN,Federal Contract Tower,0,4,6,0,10,0,7,40,0,47,0,11,46,0,57,12,0,12,69
09/17/2017,IPT,PA,AEA,EN,Federal Contract Tower,0,3,12,0,15,0,3,6,0,9,0,6,18,0,24,24,0,24,48
09/18/2017,IPT,PA,AEA,EN,Federal Contract Tower,0,7,14,0,21,0,2,10,0,12,0,9,24,0,33,50,0,50,83
09/19/2017,IPT,PA,AEA,EN,Federal Contract Tower,0,6,7,0,13,0,5,19,0,24,0,11,26,0,37,0,0,0,37
09/20/2017,IPT,PA,AEA,EN,Federal Contract Tower,0,11,17,0,28,0,1,44,0,45,0,12,61,0,73,28,0,28,101
09/21/2017,IPT,PA,AEA,EN,Federal Contract Tower,0,8,8,0,16,0,4,41,3,48,0,12,49,3,64,8,0,8,72
09/22/2017,IPT,PA,AEA,EN,Federal Contract Tower,0,8,9,0,17,0,2,41,0,43,0,10,50,0,60,38,0,38,98
09/23/2017,IPT,PA,AEA,EN,Federal Contract Tower,0,7,7,0,14,0,0,31,5,36,0,7,38,5,50,18,0,18,68
09/24/2017,IPT,PA,AEA,EN,Federal Contract Tower,0,5,13,0,18,0,1,49,0,50,0,6,62,0,68,14,0,14,82
09/25/2017,IPT,PA,AEA,EN,Federal Contract Tower,0,4,6,0,10,0,4,31,0,35,0,8,37,0,45,20,0,20,65
09/26/2017,IPT,PA,AEA,EN,Federal Contract Tower,0,5,10,0,15,0,0,41,0,41,0,5,51,0,56,4,0,4,60
09/27/2017,IPT,PA,AEA,EN,Federal Contract Tower,0,11,9,0,20,0,1,37,0,38,0,12,46,0,58,32,0,32,90
09/28/2017,IPT,PA,AEA,EN,Federal Contract Tower,0,7,6,0,13,0,4,20,0,24,0,11,26,0,37,0,0,0,37
09/29/2017,IPT,PA,AEA,EN,Federal Contract Tower,0,5,12,0,17,0,1,32,0,33,0,6,44,0,50,6,0,6,56
09/30/2017,IPT,PA,AEA,EN,Federal Contract Tower,0,6,5,0,11,0,11,20,4,35,0,17,25,4,46,20,0,20,66
10/01/2017,IPT,PA,AEA,EN,Federal Contract Tower,0,8,14,0,22,0,3,41,0,44,0,11,55,0,66,16,0,16,82
10/02/2017,IPT,PA,AEA,EN,Federal Contract Tower,0,5,2,0,7,0,7,24,0,31,0,12,26,0,38,18,0,18,56
10/03/2017,IPT,PA,AEA,EN,Federal Contract Tower,0,7,6,0,13,0,3,26,0,29,0,10,32,0,42,0,0,0,42
10/04/2017,IPT,PA,AEA,EN,Federal Contract Tower,0,4,5,0,9,0,2,30,2,34,0,6,35,2,43,20,0,20,63
10/05/2017,IPT,PA,AEA,EN,Federal Contract Tower,0,7,10,0,17,0,0,9,0,9,0,7,19,0,26,0,0,0,26
10/06/2017,IPT,PA,AEA,EN,Federal Contract Tower,0,7,9,0,16,0,0,4,0,4,0,7,13,0,20,10,0,10,30
10/07/2017,IPT,PA,AEA,EN,Federal Contract Tower,0,6,2,0,8,0,2,18,0,20,0,8,20,0,28,6,0,6,34
10/08/2017,IPT,PA,AEA,EN,Federal Contract Tower,0,4,7,0,11,0,5,11,0,16,0,9,18,0,27,10,0,10,37
10/09/2017,IPT,PA,AEA,EN,Federal Contract Tower,0,8,5,0,13,0,0,0,0,0,0,8,5,0,13,0,0,0,13
10/10/2017,IPT,PA,AEA,EN,Federal Contract Tower,0,6,12,0,18,0,2,12,0,14,0,8,24,0,32,24,0,24,56
10/11/2017,IPT,PA,AEA,EN,Federal Contract Tower,0,5,9,0,14,0,0,5,0,5,0,5,14,0,19,0,0,0,19
10/12/2017,IPT,PA,AEA,EN,Federal Contract Tower,0,9,6,0,15,0,1,5,0,6,0,10,11,0,21,0,0,0,21
10/13/2017,IPT,PA,AEA,EN,Federal Contract Tower,0,5,13,0,18,0,0,7,0,7,0,5,20,0,25,16,0,16,41
10/14/2017,IPT,PA,AEA,EN,Federal Contract Tower,0,6,14,0,20,0,0,15,0,15,0,6,29,0,35,0,0,0,35
10/15/2017,IPT,PA,AEA,EN,Federal Contract Tower,0,7,8,0,15,0,5,6,0,11,0,12,14,0,26,0,0,0,26
10/16/2017,IPT,PA,AEA,EN,Federal Contract Tower,0,4,10,2,16,0,9,29,0,38,0,13,39,2,54,0,0,0,54
10/17/2017,IPT,PA,AEA,EN,Federal Contract Tower,0,6,11,0,17,0,4,28,1,33,0,10,39,1,50,0,0,0,50
10/18/2017,IPT,PA,AEA,EN,Federal Contract Tower,0,8,7,0,15,0,0,25,0,25,0,8,32,0,40,0,0,0,40
10/19/2017,IPT,PA,AEA,EN,Federal Contract Tower,0,5,11,0,16,0,1,27,0,28,0,6,38,0,44,0,0,0,44
10/20/2017,IPT,PA,AEA,EN,Federal Contract Tower,0,8,6,0,14,0,4,44,0,48,0,12,50,0,62,0,0,0,62
10/21/2017,IPT,PA,AEA,EN,Federal Contract Tower,0,5,5,0,10,0,2,46,0,48,0,7,51,0,58,0,0,0,58
10/22/2017,IPT,PA,AEA,EN,Federal Contract Tower,0,6,10,0,16,0,3,59,0,62,0,9,69,0,78,0,0,0,78
10/23/2017,IPT,PA,AEA,EN,Federal Contract Tower,0,5,3,0,8,0,0,0,0,0,0,5,3,0,8,0,0,0,8
10/24/2017,IPT,PA,AEA,EN,Federal Contract Tower,0,7,3,0,10,0,2,0,0,2,0,9,3,0,12,0,0,0,12
10/25/2017,IPT,PA,AEA,EN,Federal Contract Tower,0,12,4,1,17,0,1,28,1,30,0,13,32,2,47,0,0,0,47
10/26/2017,IPT,PA,AEA,EN,Federal Contract Tower,0,9,7,0,16,0,0,7,0,7,0,9,14,0,23,0,0,0,23
10/27/2017,IPT,PA,AEA,EN,Federal Contract Tower,0,9,5,0,14,0,1,38,2,41,0,10,43,2,55,0,0,0,55
10/28/2017,IPT,PA,AEA,EN,Federal Contract Tower,0,4,7,0,11,0,4,20,0,24,0,8,27,0,35,0,0,0,35
10/29/2017,IPT,PA,AEA,EN,Federal Contract Tower,0,6,2,0,8,0,0,0,0,0,0,6,2,0,8,0,0,0,8
10/30/2017,IPT,PA,AEA,EN,Federal Contract Tower,0,3,3,0,6,0,2,3,0,5,0,5,6,0,11,0,0,0,11
10/31/2017,IPT,PA,AEA,EN,Federal Contract Tower,0,8,4,0,12,0,2,24,0,26,0,10,28,0,38,0,0,0,38
11/01/2017,IPT,PA,AEA,EN,Federal Contract Tower,0,8,10,0,18,0,0,0,0,0,0,8,10,0,18,0,0,0,18
11/02/2017,IPT,PA,AEA,EN,Federal Contract Tower,0,5,11,0,16,0,2,13,0,15,0,7,24,0,31,0,0,0,31
11/03/2017,IPT,PA,AEA,EN,Federal Contract Tower,0,6,8,0,14,0,0,10,0,10,0,6,18,0,24,4,0,4,28
11/04/2017,IPT,PA,AEA,EN,Federal Contract Tower,0,4,8,0,12,0,3,37,0,40,0,7,45,0,52,4,0,4,56
11/05/2017,IPT,PA,AEA,EN,Federal Contract Tower,0,4,1,0,5,0,0,0,0,0,0,4,1,0,5,0,0,0,5
11/06/2017,IPT,PA,AEA,EN,Federal Contract Tower,0,4,5,0,9,0,2,0,0,2,0,6,5,0,11,0,0,0,11
11/07/2017,IPT,PA,AEA,EN,Federal Contract Tower,0,8,5,0,13,0,0,0,0,0,0,8,5,0,13,0,0,0,13
11/08/2017,IPT,PA,AEA,EN,Federal Contract Tower,0,7,7,0,14,0,3,53,0,56,0,10,60,0,70,34,0,34,104
11/09/2017,IPT,PA,AEA,EN,Federal Contract Tower,0,12,10,0,22,0,0,0,0,0,0,12,10,0,22,0,0,0,22
11/10/2017,IPT,PA,AEA,EN,Federal Contract Tower,0,9,2,0,11,0,1,11,0,12,0,10,13,0,23,0,0,0,23
11/11/2017,IPT,PA,AEA,EN,Federal Contract Tower,0,5,2,0,7,0,2,45,0,47,0,7,47,0,54,4,0,4,58
11/12/2017,IPT,PA,AEA,EN,Federal Contract Tower,0,4,7,0,11,0,4,15,0,19,0,8,22,0,30,4,0,4,34
11/13/2017,IPT,PA,AEA,EN,Federal Contract Tower,0,5,0,0,5,0,0,6,0,6,0,5,6,0,11,8,0,8,19
11/14/2017,IPT,PA,AEA,EN,Federal Contract Tower,0,10,3,0,13,0,8,15,0,23,0,18,18,0,36,0,0,0,36
11/15/2017,IPT,PA,AEA,EN,Federal Contract Tower,0,5,1,0,6,0,5,24,0,29,0,10,25,0,35,6,0,6,41
11/16/2017,IPT,PA,AEA,EN,Federal Contract Tower,0,7,5,0,12,0,2,12,0,14,0,9,17,0,26,10,0,10,36
11/17/2017,IPT,PA,AEA,EN,Federal Contract Tower,0,6,7,0,13,0,3,32,0,35,0,9,39,0,48,38,0,38,86
11/18/2017,IPT,PA,AEA,EN,Federal Contract Tower,0,5,1,0,6,0,2,2,0,4,0,7,3,0,10,0,0,0,10
11/19/2017,IPT,PA,AEA,EN,Federal Contract Tower,0,4,2,0,6,0,4,0,0,4,0,8,2,0,10,0,0,0,10
11/20/2017,IPT,PA,AEA,EN,Federal Contract Tower,0,6,10,0,16,0,1,14,2,17,0,7,24,2,33,24,0,24,57
11/21/2017,IPT,PA,AEA,EN,Federal Contract Tower,0,5,5,0,10,0,0,17,0,17,0,5,22,0,27,4,0,4,31
11/22/2017,IPT,PA,AEA,EN,Federal Contract Tower,0,7,10,0,17,0,0,15,0,15,0,7,25,0,32,0,0,0,32
11/23/2017,IPT,PA,AEA,EN,Federal Contract Tower,0,3,0,0,3,0,2,9,0,11,0,5,9,0,14,0,0,0,14
11/24/2017,IPT,PA,AEA,EN,Federal Contract Tower,0,5,5,0,10,0,0,34,0,34,0,5,39,0,44,18,0,18,62
11/25/2017,IPT,PA,AEA,EN,Federal Contract Tower,0,4,6,0,10,0,0,24,0,24,0,4,30,0,34,40,0,40,74
11/26/2017,IPT,PA,AEA,EN,Federal Contract Tower,0,3,3,0,6,0,0,15,0,15,0,3,18,0,21,0,0,0,21
11/27/2017,IPT,PA,AEA,EN,Federal Contract Tower,0,5,2,0,7,0,2,19,2,23,0,7,21,2,30,18,0,18,48
11/28/2017,IPT,PA,AEA,EN,Federal Contract Tower,0,7,11,0,18,0,0,0,0,0,0,7,11,0,18,0,0,0,18
11/29/2017,IPT,PA,AEA,EN,Federal Contract Tower,0,7,9,0,16,0,5,26,0,31,0,12,35,0,47,0,0,0,47
11/30/2017,IPT,PA,AEA,EN,Federal Contract Tower,0,10,7,0,17,0,2,16,0,18,0,12,23,0,35,0,0,0,35
12/01/2017,IPT,PA,AEA,EN,Federal Contract Tower,0,8,3,0,11,0,3,22,0,25,0,11,25,0,36,2,0,2,38
12/02/2017,IPT,PA,AEA,EN,Federal Contract Tower,0,5,8,0,13,0,4,22,22,48,0,9,30,22,61,38,0,38,99
12/03/2017,IPT,PA,AEA,EN,Federal Contract Tower,0,6,4,0,10,0,4,38,0,42,0,10,42,0,52,24,0,24,76
12/04/2017,IPT,PA,AEA,EN,Federal Contract Tower,0,7,4,0,11,0,2,30,0,32,0,9,34,0,43,6,0,6,49
12/05/2017,IPT,PA,AEA,EN,Federal Contract Tower,0,7,7,0,14,0,0,0,0,0,0,7,7,0,14,0,0,0,14
12/06/2017,IPT,PA,AEA,EN,Federal Contract Tower,0,10,15,0,25,0,0,14,0,14,0,10,29,0,39,0,0,0,39
12/07/2017,IPT,PA,AEA,EN,Federal Contract Tower,0,8,4,0,12,0,1,21,0,22,0,9,25,0,34,8,0,8,42
12/08/2017,IPT,PA,AEA,EN,Federal Contract Tower,0,7,9,0,16,0,6,23,0,29,0,13,32,0,45,18,0,18,63
12/09/2017,IPT,PA,AEA,EN,Federal Contract Tower,0,7,2,0,9,0,6,25,0,31,0,13,27,0,40,34,0,34,74
12/10/2017,IPT,PA,AEA,EN,Federal Contract Tower,0,4,0,0,4,0,10,7,0,17,0,14,7,0,21,22,0,22,43
12/11/2017,IPT,PA,AEA,EN,Federal Contract Tower,0,6,6,0,12,0,2,16,0,18,0,8,22,0,30,6,0,6,36
12/12/2017,IPT,PA,AEA,EN,Federal Contract Tower,0,11,4,0,15,0,1,9,0,10,0,12,13,0,25,2,0,2,27
12/13/2017,IPT,PA,AEA,EN,Federal Contract Tower,0,13,3,0,16,0,7,2,0,9,0,20,5,0,25,0,0,0,25
12/14/2017,IPT,PA,AEA,EN,Federal Contract Tower,0,10,2,1,13,0,2,6,38,46,0,12,8,39,59,2,0,2,61
12/15/2017,IPT,PA,AEA,EN,Federal Contract Tower,0,5,2,0,7,0,3,16,0,19,0,8,18,0,26,14,0,14,40
12/16/2017,IPT,PA,AEA,EN,Federal Contract Tower,0,5,7,0,12,0,2,14,0,16,0,7,21,0,28,14,0,14,42
12/17/2017,IPT,PA,AEA,EN,Federal Contract Tower,0,4,3,0,7,0,4,30,2,36,0,8,33,2,43,20,0,20,63
12/18/2017,IPT,PA,AEA,EN,Federal Contract Tower,0,5,0,0,5,0,2,6,0,8,0,7,6,0,13,16,0,16,29
12/19/2017,IPT,PA,AEA,EN,Federal Contract Tower,0,10,7,0,17,0,2,1,0,3,0,12,8,0,20,8,0,8,28
12/20/2017,IPT,PA,AEA,EN,Federal Contract Tower,0,8,3,0,11,0,6,15,1,22,0,14,18,1,33,14,0,14,47
12/21/2017,IPT,PA,AEA,EN,Federal Contract Tower,0,6,1,0,7,0,3,50,4,57,0,9,51,4,64,4,0,4,68
12/22/2017,IPT,PA,AEA,EN,Federal Contract Tower,0,7,1,0,8,0,2,0,0,2,0,9,1,0,10,0,0,0,10
12/23/2017,IPT,PA,AEA,EN,Federal Contract Tower,0,5,4,0,9,0,0,0,0,0,0,5,4,0,9,0,0,0,9
12/24/2017,IPT,PA,AEA,EN,Federal Contract Tower,0,6,0,0,6,0,0,19,0,19,0,6,19,0,25,10,0,10,35
12/25/2017,IPT,PA,AEA,EN,Federal Contract Tower,0,6,1,0,7,0,0,0,0,0,0,6,1,0,7,0,0,0,7
12/26/2017,IPT,PA,AEA,EN,Federal Contract Tower,0,5,2,0,7,0,2,8,0,10,0,7,10,0,17,0,0,0,17
12/27/2017,IPT,PA,AEA,EN,Federal Contract Tower,0,6,9,0,15,0,6,34,0,40,0,12,43,0,55,2,0,2,57
12/28/2017,IPT,PA,AEA,EN,Federal Contract Tower,0,6,3,0,9,0,1,26,0,27,0,7,29,0,36,16,0,16,52
12/29/2017,IPT,PA,AEA,EN,Federal Contract Tower,0,6,6,0,12,0,4,16,0,20,0,10,22,0,32,20,0,20,52
12/30/2017,IPT,PA,AEA,EN,Federal Contract Tower,0,4,0,0,4,0,0,1,0,1,0,4,1,0,5,0,0,0,5
12/31/2017,IPT,PA,AEA,EN,Federal Contract Tower,0,7,3,0,10,0,2,2,0,4,0,9,5,0,14,0,0,0,14
01/01/2018,IPT,PA,AEA,EN,Federal Contract Tower,0,4,0,0,4,0,0,12,0,12,0,4,12,0,16,12,0,12,28
01/02/2018,IPT,PA,AEA,EN,Federal Contract Tower,0,5,5,0,10,0,8,8,0,16,0,13,13,0,26,0,0,0,26
01/03/2018,IPT,PA,AEA,EN,Federal Contract Tower,0,8,2,0,10,0,6,15,0,21,0,14,17,0,31,2,0,2,33
01/04/2018,IPT,PA,AEA,EN,Federal Contract Tower,0,3,5,0,8,0,0,1,0,1,0,3,6,0,9,0,0,0,9
01/05/2018,IPT,PA,AEA,EN,Federal Contract Tower,0,6,0,0,6,0,4,2,0,6,0,10,2,0,12,0,0,0,12
01/06/2018,IPT,PA,AEA,EN,Federal Contract Tower,0,5,0,0,5,0,2,4,0,6,0,7,4,0,11,8,0,8,19
01/07/2018,IPT,PA,AEA,EN,Federal Contract Tower,0,4,2,0,6,0,2,27,0,29,0,6,29,0,35,0,0,0,35
01/08/2018,IPT,PA,AEA,EN,Federal Contract Tower,0,4,2,0,6,0,3,0,0,3,0,7,2,0,9,0,0,0,9
01/09/2018,IPT,PA,AEA,EN,Federal Contract Tower,0,11,4,0,15,0,5,28,0,33,0,16,32,0,48,14,0,14,62
01/10/2018,IPT,PA,AEA,EN,Federal Contract Tower,0,10,2,0,12,0,4,20,0,24,0,14,22,0,36,10,0,10,46
01/11/2018,IPT,PA,AEA,EN,Federal Contract Tower,0,9,6,0,15,0,2,2,0,4,0,11,8,0,19,0,0,0,19
01/12/2018,IPT,PA,AEA,EN,Federal Contract Tower,0,5,2,0,7,0,0,1,0,1,0,5,3,0,8,6,0,6,14
01/13/2018,IPT,PA,AEA,EN,Federal Contract Tower,0,3,2,0,5,0,1,2,0,3,0,4,4,0,8,8,0,8,16
01/14/2018,IPT,PA,AEA,EN,Federal Contract Tower,0,4,2,0,6,0,4,22,0,26,0,8,24,0,32,2,0,2,34
01/15/2018,IPT,PA,AEA,EN,Federal Contract Tower,0,4,7,0,11,0,4,12,0,16,0,8,19,0,27,4,0,4,31
01/16/2018,IPT,PA,AEA,EN,Federal Contract Tower,0,1,2,0,3,0,0,0,0,0,0,1,2,0,3,0,0,0,3
01/17/2018,IPT,PA,AEA,EN,Federal Contract Tower,0,2,9,0,11,0,0,3,0,3,0,2,12,0,14,0,0,0,14
01/18/2018,IPT,PA,AEA,EN,Federal Contract Tower,0,3,6,2,11,0,4,1,0,5,0,7,7,2,16,4,0,4,20
01/19/2018,IPT,PA,AEA,EN,Federal Contract Tower,0,9,4,3,16,0,4,16,1,21,0,13,20,4,37,12,6,18,55
01/20/2018,IPT,PA,AEA,EN,Federal Contract Tower,0,6,2,0,8,0,6,10,0,16,0,12,12,0,24,28,0,28,52
01/21/2018,IPT,PA,AEA,EN,Federal Contract Tower,0,7,4,0,11,0,5,5,0,10,0,12,9,0,21,8,0,8,29
01/22/2018,IPT,PA,AEA,EN,Federal Contract Tower,0,10,3,0,13,0,7,10,0,17,0,17,13,0,30,0,0,0,30
01/23/2018,IPT,PA,AEA,EN,Federal Contract Tower,0,9,1,0,10,0,0,2,0,2,0,9,3,0,12,0,0,0,12
01/24/2018,IPT,PA,AEA,EN,Federal Contract Tower,0,11,4,2,17,0,2,10,6,18,0,13,14,8,35,12,0,12,47
01/25/2018,IPT,PA,AEA,EN,Federal Contract Tower,0,6,5,0,11,0,0,25,0,25,0,6,30,0,36,4,0,4,40
01/26/2018,IPT,PA,AEA,EN,Federal Contract Tower,0,6,9,0,15,0,0,0,0,0,0,6,9,0,15,0,0,0,15
01/27/2018,IPT,PA,AEA,EN,Federal Contract Tower,0,5,1,0,6,0,0,28,0,28,0,5,29,0,34,44,0,44,78
01/28/2018,IPT,PA,AEA,EN,Federal Contract Tower,0,4,2,0,6,0,2,19,0,21,0,6,21,0,27,34,0,34,61
01/29/2018,IPT,PA,AEA,EN,Federal Contract Tower,0,5,7,0,12,0,0,32,0,32,0,5,39,0,44,16,0,16,60
01/30/2018,IPT,PA,AEA,EN,Federal Contract Tower,0,6,2,0,8,0,3,3,0,6,0,9,5,0,14,0,0,0,14
01/31/2018,IPT,PA,AEA,EN,Federal Contract Tower,0,6,1,0,7,0,0,43,0,43,0,6,44,0,50,0,0,0,50
02/01/2018,IPT,PA,AEA,EN,Federal Contract Tower,0,8,10,0,18,0,0,10,0,10,0,8,20,0,28,2,0,2,30
02/02/2018,IPT,PA,AEA,EN,Federal Contract Tower,0,4,10,0,14,0,1,7,0,8,0,5,17,0,22,0,0,0,22
02/03/2018,IPT,PA,AEA,EN,Federal Contract Tower,0,7,3,0,10,0,0,25,0,25,0,7,28,0,35,56,0,56,91
02/04/2018,IPT,PA,AEA,EN,Federal Contract Tower,0,4,4,0,8,0,0,0,0,0,0,4,4,0,8,0,0,0,8
02/05/2018,IPT,PA,AEA,EN,Federal Contract Tower,0,5,2,1,8,0,0,12,0,12,0,5,14,1,20,0,2,2,22
02/06/2018,IPT,PA,AEA,EN,Federal Contract Tower,0,4,10,0,14,0,9,19,0,28,0,13,29,0,42,0,0,0,42
02/07/2018,IPT,PA,AEA,EN,Federal Contract Tower,0,1,0,0,1,0,2,0,0,2,0,3,0,0,3,0,0,0,3
02/08/2018,IPT,PA,AEA,EN,Federal Contract Tower,0,7,4,0,11,0,7,16,0,23,0,14,20,0,34,0,0,0,34
02/09/2018,IPT,PA,AEA,EN,Federal Contract Tower,0,6,4,0,10,0,2,0,0,2,0,8,4,0,12,0,0,0,12
02/10/2018,IPT,PA,AEA,EN,Federal Contract Tower,0,5,2,0,7,0,2,11,0,13,0,7,13,0,20,44,0,44,64
02/11/2018,IPT,PA,AEA,EN,Federal Contract Tower,0,1,0,0,1,0,0,0,0,0,0,1,0,0,1,0,0,0,1
02/12/2018,IPT,PA,AEA,EN,Federal Contract Tower,0,6,6,0,12,0,3,27,0,30,0,9,33,0,42,6,0,6,48
02/13/2018,IPT,PA,AEA,EN,Federal Contract Tower,0,8,8,0,16,0,6,34,2,42,0,14,42,2,58,2,0,2,60
02/14/2018,IPT,PA,AEA,EN,Federal Contract Tower,0,6,1,0,7,0,3,16,0,19,0,9,17,0,26,30,0,30,56
02/15/2018,IPT,PA,AEA,EN,Federal Contract Tower,0,7,7,0,14,0,0,6,0,6,0,7,13,0,20,0,0,0,20
02/16/2018,IPT,PA,AEA,EN,Federal Contract Tower,0,4,12,1,17,0,0,7,2,9,0,4,19,3,26,6,0,6,32
02/17/2018,IPT,PA,AEA,EN,Federal Contract Tower,0,4,3,0,7,0,0,16,0,16,0,4,19,0,23,18,0,18,41
02/18/2018,IPT,PA,AEA,EN,Federal Contract Tower,0,3,6,0,9,0,8,25,0,33,0,11,31,0,42,16,0,16,58
02/19/2018,IPT,PA,AEA,EN,Federal Contract Tower,0,5,2,0,7,0,1,0,0,1,0,6,2,0,8,0,0,0,8
02/20/2018,IPT,PA,AEA,EN,Federal Contract Tower,0,5,5,0,10,0,0,11,0,11,0,5,16,0,21,8,0,8,29
02/21/2018,IPT,PA,AEA,EN,Federal Contract Tower,0,4,4,0,8,0,5,22,0,27,0,9,26,0,35,14,0,14,49
02/22/2018,IPT,PA,AEA,EN,Federal Contract Tower,0,7,1,0,8,0,0,0,0,0,0,7,1,0,8,0,0,0,8
02/23/2018,IPT,PA,AEA,EN,Federal Contract Tower,0,2,2,0,4,0,0,0,0,0,0,2,2,0,4,0,0,0,4
02/24/2018,IPT,PA,AEA,EN,Federal Contract Tower,0,5,4,0,9,0,0,0,0,0,0,5,4,0,9,0,0,0,9
02/25/2018,IPT,PA,AEA,EN,Federal Contract Tower,0,2,3,0,5,0,0,3,0,3,0,2,6,0,8,0,0,0,8
02/26/2018,IPT,PA,AEA,EN,Federal Contract Tower,0,5,2,0,7,0,5,30,3,38,0,10,32,3,45,40,0,40,85
02/27/2018,IPT,PA,AEA,EN,Federal Contract Tower,0,12,4,0,16,0,8,37,0,45,0,20,41,0,61,22,0,22,83
02/28/2018,IPT,PA,AEA,EN,Federal Contract Tower,0,12,5,1,18,0,3,34,1,38,0,15,39,2,56,0,0,0,56
03/01/2018,IPT,PA,AEA,EN,Federal Contract Tower,0,10,0,0,10,0,2,4,0,6,0,12,4,0,16,0,0,0,16
03/02/2018,IPT,PA,AEA,EN,Federal Contract Tower,0,3,0,0,3,0,0,0,0,0,0,3,0,0,3,0,0,0,3
03/03/2018,IPT,PA,AEA,EN,Federal Contract Tower,0,9,3,0,12,0,5,3,0,8,0,14,6,0,20,0,0,0,20
03/04/2018,IPT,PA,AEA,EN,Federal Contract Tower,0,4,3,0,7,0,10,11,0,21,0,14,14,0,28,10,0,10,38
03/05/2018,IPT,PA,AEA,EN,Federal Contract Tower,0,9,7,0,16,0,3,22,0,25,0,12,29,0,41,4,0,4,45
03/06/2018,IPT,PA,AEA,EN,Federal Contract Tower,0,5,8,0,13,0,10,22,0,32,0,15,30,0,45,4,0,4,49
03/07/2018,IPT,PA,AEA,EN,Federal Contract Tower,0,4,0,0,4,0,0,0,0,0,0,4,0,0,4,0,0,0,4
03/08/2018,IPT,PA,AEA,EN,Federal Contract Tower,0,9,7,0,16,0,3,10,2,15,0,12,17,2,31,0,0,0,31
03/09/2018,IPT,PA,AEA,EN,Federal Contract Tower,0,7,9,0,16,0,2,6,0,8,0,9,15,0,24,0,0,0,24
03/10/2018,IPT,PA,AEA,EN,Federal Contract Tower,0,5,3,0,8,0,4,20,0,24,0,9,23,0,32,42,0,42,74
03/11/2018,IPT,PA,AEA,EN,Federal Contract Tower,0,1,6,0,7,0,1,42,0,43,0,2,48,0,50,0,0,0,50
03/12/2018,IPT,PA,AEA,EN,Federal Contract Tower,0,4,6,0,10,0,2,27,0,29,0,6,33,0,39,14,0,14,53
03/13/2018,IPT,PA,AEA,EN,Federal Contract Tower,0,4,1,0,5,0,4,5,0,9,0,8,6,0,14,0,0,0,14
03/14/2018,IPT,PA,AEA,EN,Federal Contract Tower,0,11,6,0,17,0,6,1,0,7,0,17,7,0,24,0,0,0,24
03/15/2018,IPT,PA,AEA,EN,Federal Contract Tower,0,7,7,0,14,0,2,6,0,8,0,9,13,0,22,4,0,4,26
03/16/2018,IPT,PA,AEA,EN,Federal Contract Tower,0,10,2,0,12,0,4,0,0,4,0,14,2,0,16,0,0,0,16
03/17/2018,IPT,PA,AEA,EN,Federal Contract Tower,0,5,7,0,12,0,5,14,0,19,0,10,21,0,31,0,0,0,31
03/18/2018,IPT,PA,AEA,EN,Federal Contract Tower,0,4,6,0,10,0,4,37,0,41,0,8,43,0,51,40,0,40,91
03/19/2018,IPT,PA,AEA,EN,Federal Contract Tower,0,4,6,1,11,0,2,46,1,49,0,6,52,2,60,4,0,4,64
03/20/2018,IPT,PA,AEA,EN,Federal Contract Tower,0,3,6,0,9,0,0,5,0,5,0,3,11,0,14,0,0,0,14
03/21/2018,IPT,PA,AEA,EN,Federal Contract Tower,0,0,3,0,3,0,0,7,0,7,0,0,10,0,10,12,0,12,22
03/22/2018,IPT,PA,AEA,EN,Federal Contract Tower,0,5,3,0,8,0,3,16,0,19,0,8,19,0,27,2,0,2,29
03/23/2018,IPT,PA,AEA,EN,Federal Contract Tower,0,6,4,0,10,0,3,18,4,25,0,9,22,4,35,20,0,20,55
03/24/2018,IPT,PA,AEA,EN,Federal Contract Tower,0,4,9,0,13,0,0,0,0,0,0,4,9,0,13,20,0,20,33
03/25/2018,IPT,PA,AEA,EN,Federal Contract Tower,0,5,8,0,13,0,2,37,0,39,0,7,45,0,52,16,0,16,68
03/26/2018,IPT,PA,AEA,EN,Federal Contract Tower,0,4,5,1,10,0,2,45,0,47,0,6,50,1,57,34,0,34,91
03/27/2018,IPT,PA,AEA,EN,Federal Contract Tower,0,8,2,0,10,0,0,19,0,19,0,8,21,0,29,0,0,0,29
03/28/2018,IPT,PA,AEA,EN,Federal Contract Tower,0,5,5,0,10,0,0,0,0,0,0,5,5,0,10,0,0,0,10
03/29/2018,IPT,PA,AEA,EN,Federal Contract Tower,0,9,5,0,14,0,0,0,0,0,0,9,5,0,14,0,0,0,14
03/30/2018,IPT,PA,AEA,EN,Federal Contract Tower,0,6,7,0,13,0,0,4,0,4,0,6,11,0,17,16,0,16,33
03/31/2018,IPT,PA,AEA,EN,Federal Contract Tower,0,4,9,0,13,0,0,42,0,42,0,4,51,0,55,16,0,16,71
04/01/2018,IPT,PA,AEA,EN,Federal Contract Tower,0,2,2,0,4,0,3,10,0,13,0,5,12,0,17,0,0,0,17
04/02/2018,IPT,PA,AEA,EN,Federal Contract Tower,0,4,3,0,7,0,2,15,0,17,0,6,18,0,24,14,0,14,38
04/03/2018,IPT,PA,AEA,EN,Federal Contract Tower,0,7,3,0,10,0,0,0,0,0,0,7,3,0,10,0,0,0,10
04/04/2018,IPT,PA,AEA,EN,Federal Contract Tower,0,5,0,0,5,0,0,0,0,0,0,5,0,0,5,0,0,0,5
04/05/2018,IPT,PA,AEA,EN,Federal Contract Tower,0,6,1,0,7,0,1,8,0,9,0,7,9,0,16,6,0,6,22
04/06/2018,IPT,PA,AEA,EN,Federal Contract Tower,0,5,2,0,7,0,5,5,0,10,0,10,7,0,17,0,0,0,17
04/07/2018,IPT,PA,AEA,EN,Federal Contract Tower,0,5,9,0,14,0,3,17,0,20,0,8,26,0,34,6,0,6,40
04/08/2018,IPT,PA,AEA,EN,Federal Contract Tower,0,7,2,0,9,0,9,40,0,49,0,16,42,0,58,0,0,0,58
04/09/2018,IPT,PA,AEA,EN,Federal Contract Tower,0,8,9,0,17,0,0,32,0,32,0,8,41,0,49,0,0,0,49
04/10/2018,IPT,PA,AEA,EN,Federal Contract Tower,0,11,10,0,21,0,7,30,0,37,0,18,40,0,58,10,0,10,68
04/11/2018,IPT,PA,AEA,EN,Federal Contract Tower,0,7,12,8,27,0,0,16,3,19,0,7,28,11,46,14,10,24,70
04/12/2018,IPT,PA,AEA,EN,Federal Contract Tower,0,7,13,0,20,0,1,13,0,14,0,8,26,0,34,0,0,0,34
04/13/2018,IPT,PA,AEA,EN,Federal Contract Tower,0,12,5,0,17,0,3,26,0,29,0,15,31,0,46,0,0,0,46
04/14/2018,IPT,PA,AEA,EN,Federal Contract Tower,0,4,7,0,11,0,2,42,0,44,0,6,49,0,55,34,0,34,89
04/15/2018,IPT,PA,AEA,EN,Federal Contract Tower,0,3,8,0,11,0,0,1,0,1,0,3,9,0,12,0,0,0,12
04/16/2018,IPT,PA,AEA,EN,Federal Contract Tower,0,3,4,0,7,0,0,0,0,0,0,3,4,0,7,0,0,0,7
04/17/2018,IPT,PA,AEA,EN,Federal Contract Tower,0,5,14,0,19,0,4,1,0,5,0,9,15,0,24,2,0,2,26
04/18/2018,IPT,PA,AEA,EN,Federal Contract Tower,0,6,14,0,20,0,0,35,0,35,0,6,49,0,55,40,0,40,95
04/19/2018,IPT,PA,AEA,EN,Federal Contract Tower,0,5,1,0,6,0,2,0,0,2,0,7,1,0,8,0,0,0,8
04/20/2018,IPT,PA,AEA,EN,Federal Contract Tower,0,8,14,0,22,0,0,30,0,30,0,8,44,0,52,0,0,0,52
04/21/2018,IPT,PA,AEA,EN,Federal Contract Tower,0,4,6,0,10,0,1,63,0,64,0,5,69,0,74,66,0,66,140
04/22/2018,IPT,PA,AEA,EN,Federal Contract Tower,0,5,8,0,13,0,0,70,1,71,0,5,78,1,84,46,2,48,132
04/23/2018,IPT,PA,AEA,EN,Federal Contract Tower,0,6,2,0,8,0,0,36,0,36,0,6,38,0,44,8,0,8,52
04/24/2018,IPT,PA,AEA,EN,Federal Contract Tower,0,7,6,0,13,0,2,30,0,32,0,9,36,0,45,0,0,0,45
04/25/2018,IPT,PA,AEA,EN,Federal Contract Tower,0,16,3,0,19,0,0,1,0,1,0,16,4,0,20,0,0,0,20
04/26/2018,IPT,PA,AEA,EN,Federal Contract Tower,0,12,7,0,19,0,2,35,0,37,0,14,42,0,56,10,0,10,66
04/27/2018,IPT,PA,AEA,EN,Federal Contract Tower,0,9,9,0,18,0,2,12,0,14,0,11,21,0,32,12,0,12,44
04/28/2018,IPT,PA,AEA,EN,Federal Contract Tower,0,4,3,0,7,0,0,0,0,0,0,4,3,0,7,6,0,6,13
04/29/2018,IPT,PA,AEA,EN,Federal Contract Tower,0,6,6,0,12,0,4,34,0,38,0,10,40,0,50,0,0,0,50
04/30/2018,IPT,PA,AEA,EN,Federal Contract Tower,0,6,6,0,12,0,2,28,0,30,0,8,34,0,42,0,0,0,42
05/01/2018,IPT,PA,AEA,EN,Federal Contract Tower,0,7,3,0,10,0,4,42,0,46,0,11,45,0,56,24,0,24,80
05/02/2018,IPT,PA,AEA,EN,Federal Contract Tower,0,8,11,0,19,0,0,35,0,35,0,8,46,0,54,10,0,10,64
05/03/2018,IPT,PA,AEA,EN,Federal Contract Tower,0,7,5,0,12,0,1,14,2,17,0,8,19,2,29,0,0,0,29
05/04/2018,IPT,PA,AEA,EN,Federal Contract Tower,0,5,2,0,7,0,4,3,0,7,0,9,5,0,14,6,0,6,20
05/05/2018,IPT,PA,AEA,EN,Federal Contract Tower,0,4,1,0,5,0,1,40,1,42,0,5,41,1,47,20,0,20,67
05/06/2018,IPT,PA,AEA,EN,Federal Contract Tower,0,0,2,0,2,0,0,1,0,1,0,0,3,0,3,0,0,0,3
05/07/2018,IPT,PA,AEA,EN,Federal Contract Tower,0,5,3,0,8,0,1,35,0,36,0,6,38,0,44,6,0,6,50
05/08/2018,IPT,PA,AEA,EN,Federal Contract Tower,0,8,0,2,10,0,1,43,0,44,0,9,43,2,54,10,0,10,64
05/09/2018,IPT,PA,AEA,EN,Federal Contract Tower,0,11,7,2,20,0,5,45,2,52,0,16,52,4,72,24,8,32,104
05/10/2018,IPT,PA,AEA,EN,Federal Contract Tower,0,7,4,0,11,0,2,5,0,7,0,9,9,0,18,12,0,12,30
05/11/2018,IPT,PA,AEA,EN,Federal Contract Tower,0,4,11,1,16,0,6,24,0,30,0,10,35,1,46,0,0,0,46
05/12/2018,IPT,PA,AEA,EN,Federal Contract Tower,0,6,4,0,10,0,0,2,0,2,0,6,6,0,12,0,0,0,12
05/13/2018,IPT,PA,AEA,EN,Federal Contract Tower,0,3,7,0,10,0,0,1,0,1,0,3,8,0,11,0,0,0,11
05/14/2018,IPT,PA,AEA,EN,Federal Contract Tower,0,4,4,0,8,0,1,27,0,28,0,5,31,0,36,22,0,22,58
05/15/2018,IPT,PA,AEA,EN,Federal Contract Tower,0,10,3,0,13,0,8,14,0,22,0,18,17,0,35,14,0,14,49
05/16/2018,IPT,PA,AEA,EN,Federal Contract Tower,0,6,9,0,15,0,0,0,0,0,0,6,9,0,15,6,0,6,21
05/17/2018,IPT,PA,AEA,EN,Federal Contract Tower,0,6,11,0,17,0,4,24,0,28,0,10,35,0,45,36,0,36,81
05/18/2018,IPT,PA,AEA,EN,Federal Contract Tower,0,9,15,2,26,0,2,28,0,30,0,11,43,2,56,8,0,8,64
05/19/2018,IPT,PA,AEA,EN,Federal Contract Tower,0,7,4,0,11,0,0,0,0,0,0,7,4,0,11,0,0,0,11
05/20/2018,IPT,PA,AEA,EN,Federal Contract Tower,0,4,14,0,18,0,2,19,0,21,0,6,33,0,39,8,0,8,47
05/21/2018,IPT,PA,AEA,EN,Federal Contract Tower,0,4,8,0,12,0,0,44,0,44,0,4,52,0,56,14,0,14,70
05/22/2018,IPT,PA,AEA,EN,Federal Contract Tower,0,5,7,0,12,0,0,0,0,0,0,5,7,0,12,0,0,0,12
05/23/2018,IPT,PA,AEA,EN,Federal Contract Tower,0,7,6,0,13,0,1,32,0,33,0,8,38,0,46,6,0,6,52
05/24/2018,IPT,PA,AEA,EN,Federal Contract Tower,0,7,12,0,19,0,2,51,0,53,0,9,63,0,72,0,0,0,72
05/25/2018,IPT,PA,AEA,EN,Federal Contract Tower,0,5,0,0,5,0,4,41,0,45,0,9,41,0,50,0,0,0,50
05/26/2018,IPT,PA,AEA,EN,Federal Contract Tower,0,6,3,0,9,0,3,17,0,20,0,9,20,0,29,0,0,0,29
05/27/2018,IPT,PA,AEA,EN,Federal Contract Tower,0,3,0,0,3,0,0,0,0,0,0,3,0,0,3,0,0,0,3
05/28/2018,IPT,PA,AEA,EN,Federal Contract Tower,0,12,11,0,23,0,2,22,0,24,0,14,33,0,47,0,0,0,47
05/29/2018,IPT,PA,AEA,EN,Federal Contract Tower,0,9,6,0,15,0,2,28,2,32,0,11,34,2,47,28,0,28,75
05/30/2018,IPT,PA,AEA,EN,Federal Contract Tower,0,5,14,0,19,0,2,25,0,27,0,7,39,0,46,0,0,0,46
05/31/2018,IPT,PA,AEA,EN,Federal Contract Tower,0,5,2,0,7,0,0,0,0,0,0,5,2,0,7,0,0,0,7
06/01/2018,IPT,PA,AEA,EN,Federal Contract Tower,0,7,2,0,9,0,7,17,2,26,0,14,19,2,35,8,0,8,43
06/02/2018,IPT,PA,AEA,EN,Federal Contract Tower,0,11,5,0,16,0,2,12,0,14,0,13,17,0,30,6,0,6,36
06/03/2018,IPT,PA,AEA,EN,Federal Contract Tower,0,4,4,0,8,0,2,19,0,21,0,6,23,0,29,0,0,0,29
06/04/2018,IPT,PA,AEA,EN,Federal Contract Tower,0,4,12,0,16,0,1,44,0,45,0,5,56,0,61,0,2,2,63
06/05/2018,IPT,PA,AEA,EN,Federal Contract Tower,0,7,4,0,11,0,0,39,2,41,0,7,43,2,52,4,0,4,56
06/06/2018,IPT,PA,AEA,EN,Federal Contract Tower,0,8,9,0,17,0,2,25,0,27,0,10,34,0,44,8,0,8,52
06/07/2018,IPT,PA,AEA,EN,Federal Contract Tower,0,6,11,0,17,0,1,38,0,39,0,7,49,0,56,6,0,6,62
06/08/2018,IPT,PA,AEA,EN,Federal Contract Tower,0,4,25,0,29,0,2,49,0,51,0,6,74,0,80,0,0,0,80
06/09/2018,IPT,PA,AEA,EN,Federal Contract Tower,0,4,6,0,10,0,8,73,0,81,0,12,79,0,91,46,0,46,137
06/10/2018,IPT,PA,AEA,EN,Federal Contract Tower,0,4,62,0,66,0,0,1,0,1,0,4,63,0,67,0,0,0,67
06/11/2018,IPT,PA,AEA,EN,Federal Contract Tower,0,5,15,0,20,0,3,46,0,49,0,8,61,0,69,14,0,14,83
06/12/2018,IPT,PA,AEA,EN,Federal Contract Tower,0,11,5,0,16,0,4,43,4,51,0,15,48,4,67,0,0,0,67
06/13/2018,IPT,PA,AEA,EN,Federal Contract Tower,0,6,13,0,19,0,2,6,0,8,0,8,19,0,27,10,0,10,37
06/14/2018,IPT,PA,AEA,EN,Federal Contract Tower,0,9,6,0,15,0,14,20,1,35,0,23,26,1,50,0,0,0,50
06/15/2018,IPT,PA,AEA,EN,Federal Contract Tower,0,9,5,0,14,0,4,33,3,40,0,13,38,3,54,12,0,12,66
06/16/2018,IPT,PA,AEA,EN,Federal Contract Tower,0,4,7,0,11,0,1,47,0,48,0,5,54,0,59,20,0,20,79
06/17/2018,IPT,PA,AEA,EN,Federal Contract Tower,0,5,6,0,11,0,2,54,0,56,0,7,60,0,67,20,0,20,87
06/18/2018,IPT,PA,AEA,EN,Federal Contract Tower,0,5,4,0,9,0,0,32,0,32,0,5,36,0,41,10,0,10,51
06/19/2018,IPT,PA,AEA,EN,Federal Contract Tower,0,6,10,0,16,0,2,33,0,35,0,8,43,0,51,6,0,6,57
06/20/2018,IPT,PA,AEA,EN,Federal Contract Tower,0,6,3,0,9,0,4,24,0,28,0,10,27,0,37,2,0,2,39
06/21/2018,IPT,PA,AEA,EN,Federal Contract Tower,0,8,3,0,11,0,2,36,0,38,0,10,39,0,49,0,0,0,49
06/22/2018,IPT,PA,AEA,EN,Federal Contract Tower,0,5,6,0,11,0,5,21,0,26,0,10,27,0,37,2,0,2,39
06/23/2018,IPT,PA,AEA,EN,Federal Contract Tower,0,4,6,0,10,0,0,2,0,2,0,4,8,0,12,0,0,0,12
06/24/2018,IPT,PA,AEA,EN,Federal Contract Tower,0,7,4,2,13,0,1,10,0,11,0,8,14,2,24,18,0,18,42
06/25/2018,IPT,PA,AEA,EN,Federal Contract Tower,0,11,12,0,23,0,4,35,0,39,0,15,47,0,62,6,0,6,68
06/26/2018,IPT,PA,AEA,EN,Federal Contract Tower,0,12,7,0,19,0,3,43,0,46,0,15,50,0,65,32,0,32,97
06/27/2018,IPT,PA,AEA,EN,Federal Contract Tower,0,7,5,0,12,0,0,0,0,0,0,7,5,0,12,0,0,0,12
06/28/2018,IPT,PA,AEA,EN,Federal Contract Tower,0,9,8,0,17,0,1,25,0,26,0,10,33,0,43,14,0,14,57
06/29/2018,IPT,PA,AEA,EN,Federal Contract Tower,0,5,7,0,12,0,6,37,0,43,0,11,44,0,55,10,0,10,65
06/30/2018,IPT,PA,AEA,EN,Federal Contract Tower,0,6,13,0,19,0,1,42,0,43,0,7,55,0,62,68,0,68,130
07/01/2018,IPT,PA,AEA,EN,Federal Contract Tower,0,5,5,0,10,0,2,32,0,34,0,7,37,0,44,0,0,0,44
07/02/2018,IPT,PA,AEA,EN,Federal Contract Tower,0,4,6,2,12,0,0,34,0,34,0,4,40,2,46,4,0,4,50
07/03/2018,IPT,PA,AEA,EN,Federal Contract Tower,0,4,5,0,9,0,6,34,0,40,0,10,39,0,49,0,0,0,49
07/04/2018,IPT,PA,AEA,EN,Federal Contract Tower,0,1,2,0,3,0,4,26,0,30,0,5,28,0,33,0,0,0,33
07/05/2018,IPT,PA,AEA,EN,Federal Contract Tower,0,6,8,0,14,0,0,10,0,10,0,6,18,0,24,6,0,6,30
07/06/2018,IPT,PA,AEA,EN,Federal Contract Tower,0,4,15,0,19,0,2,27,0,29,0,6,42,0,48,0,0,0,48
07/07/2018,IPT,PA,AEA,EN,Federal Contract Tower,0,3,2,0,5,0,4,33,0,37,0,7,35,0,42,0,0,0,42
07/08/2018,IPT,PA,AEA,EN,Federal Contract Tower,0,6,6,0,12,0,4,30,0,34,0,10,36,0,46,0,0,0,46
07/09/2018,IPT,PA,AEA,EN,Federal Contract Tower,0,5,12,0,17,0,3,38,0,41,0,8,50,0,58,2,0,2,60
07/10/2018,IPT,PA,AEA,EN,Federal Contract Tower,0,7,7,1,15,0,2,39,0,41,0,9,46,1,56,2,0,2,58
07/11/2018,IPT,PA,AEA,EN,Federal Contract Tower,0,11,6,0,17,0,0,30,0,30,0,11,36,0,47,0,0,0,47
07/12/2018,IPT,PA,AEA,EN,Federal Contract Tower,0,13,13,0,26,0,2,28,0,30,0,15,41,0,56,0,0,0,56
07/13/2018,IPT,PA,AEA,EN,Federal Contract Tower,0,7,7,0,14,0,0,19,0,19,0,7,26,0,33,6,0,6,39
07/14/2018,IPT,PA,AEA,EN,Federal Contract Tower,0,5,10,0,15,0,4,30,0,34,0,9,40,0,49,4,0,4,53
07/15/2018,IPT,PA,AEA,EN,Federal Contract Tower,0,7,6,0,13,0,8,23,0,31,0,15,29,0,44,12,0,12,56
07/16/2018,IPT,PA,AEA,EN,Federal Contract Tower,0,6,4,0,10,0,2,29,1,32,0,8,33,1,42,0,0,0,42
07/17/2018,IPT,PA,AEA,EN,Federal Contract Tower,0,4,7,0,11,0,2,2,0,4,0,6,9,0,15,0,0,0,15
07/18/2018,IPT,PA,AEA,EN,Federal Contract Tower,0,12,9,0,21,0,1,38,0,39,0,13,47,0,60,6,0,6,66
07/19/2018,IPT,PA,AEA,EN,Federal Contract Tower,0,7,4,0,11,0,0,36,0,36,0,7,40,0,47,0,0,0,47
07/20/2018,IPT,PA,AEA,EN,Federal Contract Tower,0,7,5,0,12,0,3,32,0,35,0,10,37,0,47,0,0,0,47
07/21/2018,IPT,PA,AEA,EN,Federal Contract Tower,0,6,2,0,8,0,0,16,0,16,0,6,18,0,24,10,0,10,34
07/22/2018,IPT,PA,AEA,EN,Federal Contract Tower,0,5,7,0,12,0,0,7,0,7,0,5,14,0,19,0,0,0,19
07/23/2018,IPT,PA,AEA,EN,Federal Contract Tower,0,2,8,0,10,0,0,5,0,5,0,2,13,0,15,0,0,0,15
07/24/2018,IPT,PA,AEA,EN,Federal Contract Tower,0,6,4,0,10,0,0,2,0,2,0,6,6,0,12,0,0,0,12
07/25/2018,IPT,PA,AEA,EN,Federal Contract Tower,0,5,4,0,9,0,0,0,0,0,0,5,4,0,9,0,0,0,9
07/26/2018,IPT,PA,AEA,EN,Federal Contract Tower,0,6,17,0,23,0,0,24,0,24,0,6,41,0,47,0,0,0,47
07/27/2018,IPT,PA,AEA,EN,Federal Contract Tower,0,6,7,0,13,0,2,19,0,21,0,8,26,0,34,0,0,0,34
07/28/2018,IPT,PA,AEA,EN,Federal Contract Tower,0,5,6,0,11,0,2,29,0,31,0,7,35,0,42,18,0,18,60
07/29/2018,IPT,PA,AEA,EN,Federal Contract Tower,0,4,2,0,6,0,6,34,0,40,0,10,36,0,46,22,0,22,68
07/30/2018,IPT,PA,AEA,EN,Federal Contract Tower,0,8,2,0,10,0,2,11,0,13,0,10,13,0,23,0,0,0,23
07/31/2018,IPT,PA,AEA,EN,Federal Contract Tower,0,8,2,0,10,0,0,32,0,32,0,8,34,0,42,18,0,18,60
08/01/2018,IPT,PA,AEA,EN,Federal Contract Tower,0,6,11,0,17,0,0,16,0,16,0,6,27,0,33,6,0,6,39
08/02/2018,IPT,PA,AEA,EN,Federal Contract Tower,0,8,19,0,27,0,2,13,0,15,0,10,32,0,42,6,0,6,48
08/03/2018,IPT,PA,AEA,EN,Federal Contract Tower,0,6,9,0,15,0,1,0,0,1,0,7,9,0,16,0,0,0,16
08/04/2018,IPT,PA,AEA,EN,Federal Contract Tower,0,7,3,0,10,0,7,29,0,36,0,14,32,0,46,44,0,44,90
08/05/2018,IPT,PA,AEA,EN,Federal Contract Tower,0,5,3,0,8,0,3,35,0,38,0,8,38,0,46,32,0,32,78
08/06/2018,IPT,PA,AEA,EN,Federal Contract Tower,0,7,8,0,15,0,4,23,0,27,0,11,31,0,42,12,0,12,54
08/07/2018,IPT,PA,AEA,EN,Federal Contract Tower,0,9,14,0,23,0,0,13,0,13,0,9,27,0,36,0,0,0,36
08/08/2018,IPT,PA,AEA,EN,Federal Contract Tower,0,7,4,0,11,0,0,1,0,1,0,7,5,0,12,0,0,0,12
08/09/2018,IPT,PA,AEA,EN,Federal Contract Tower,0,10,10,2,22,0,5,28,0,33,0,15,38,2,55,10,4,14,69
08/10/2018,IPT,PA,AEA,EN,Federal Contract Tower,0,7,8,0,15,0,3,22,0,25,0,10,30,0,40,4,0,4,44
08/11/2018,IPT,PA,AEA,EN,Federal Contract Tower,0,5,5,0,10,0,1,15,0,16,0,6,20,0,26,6,0,6,32
08/12/2018,IPT,PA,AEA,EN,Federal Contract Tower,0,5,5,0,10,0,3,16,0,19,0,8,21,0,29,8,0,8,37
08/13/2018,IPT,PA,AEA,EN,Federal Contract Tower,0,5,8,0,13,0,0,1,10,11,0,5,9,10,24,0,0,0,24
08/14/2018,IPT,PA,AEA,EN,Federal Contract Tower,0,8,4,2,14,0,2,5,8,15,0,10,9,10,29,0,0,0,29
08/15/2018,IPT,PA,AEA,EN,Federal Contract Tower,0,10,13,5,28,0,2,44,1,47,0,12,57,6,75,0,4,4,79
08/16/2018,IPT,PA,AEA,EN,Federal Contract Tower,0,8,6,0,14,0,3,15,2,20,0,11,21,2,34,8,0,8,42
08/17/2018,IPT,PA,AEA,EN,Federal Contract Tower,0,11,8,0,19,0,0,5,0,5,0,11,13,0,24,0,0,0,24
08/18/2018,IPT,PA,AEA,EN,Federal Contract Tower,0,4,6,0,10,0,4,13,0,17,0,8,19,0,27,4,0,4,31
08/19/2018,IPT,PA,AEA,EN,Federal Contract Tower,3,12,22,0,37,0,2,31,0,33,3,14,53,0,70,0,0,0,70
08/20/2018,IPT,PA,AEA,EN,Federal Contract Tower,0,8,14,0,22,0,2,33,0,35,0,10,47,0,57,20,0,20,77
08/21/2018,IPT,PA,AEA,EN,Federal Contract Tower,0,8,6,0,14,0,0,0,0,0,0,8,6,0,14,0,0,0,14
08/22/2018,IPT,PA,AEA,EN,Federal Contract Tower,0,8,9,0,17,0,1,26,2,29,0,9,35,2,46,0,0,0,46
08/23/2018,IPT,PA,AEA,EN,Federal Contract Tower,0,8,6,0,14,0,9,42,0,51,0,17,48,0,65,28,0,28,93
08/24/2018,IPT,PA,AEA,EN,Federal Contract Tower,0,8,3,0,11,0,6,28,0,34,0,14,31,0,45,22,0,22,67
08/25/2018,IPT,PA,AEA,EN,Federal Contract Tower,0,9,9,0,18,0,4,55,0,59,0,13,64,0,77,0,0,0,77
08/26/2018,IPT,PA,AEA,EN,Federal Contract Tower,0,7,9,0,16,0,7,54,0,61,0,14,63,0,77,30,0,30,107
08/27/2018,IPT,PA,AEA,EN,Federal Contract Tower,0,6,0,0,6,0,6,22,0,28,0,12,22,0,34,14,0,14,48
08/28/2018,IPT,PA,AEA,EN,Federal Contract Tower,0,7,9,0,16,0,4,29,4,37,0,11,38,4,53,16,4,20,73
08/29/2018,IPT,PA,AEA,EN,Federal Contract Tower,0,7,2,0,9,0,1,29,0,30,0,8,31,0,39,10,0,10,49
08/30/2018,IPT,PA,AEA,EN,Federal Contract Tower,0,11,9,0,20,0,0,26,0,26,0,11,35,0,46,16,0,16,62
08/31/2018,IPT,PA,AEA,EN,Federal Contract Tower,0,6,11,0,17,0,0,0,0,0,0,6,11,0,17,0,0,0,17
09/01/2018,IPT,PA,AEA,EN,Federal Contract Tower,0,4,12,0,16,0,0,0,0,0,0,4,12,0,16,10,0,10,26
09/02/2018,IPT,PA,AEA,EN,Federal Contract Tower,0,6,15,0,21,0,0,16,0,16,0,6,31,0,37,12,0,12,49
09/03/2018,IPT,PA,AEA,EN,Federal Contract Tower,0,2,2,0,4,0,2,21,2,25,0,4,23,2,29,0,0,0,29
09/04/2018,IPT,PA,AEA,EN,Federal Contract Tower,0,7,9,0,16,0,3,18,0,21,0,10,27,0,37,2,0,2,39
09/05/2018,IPT,PA,AEA,EN,Federal Contract Tower,0,7,10,0,17,0,4,38,0,42,0,11,48,0,59,22,0,22,81
09/06/2018,IPT,PA,AEA,EN,Federal Contract Tower,0,5,6,0,11,0,4,15,0,19,0,9,21,0,30,24,0,24,54
09/07/2018,IPT,PA,AEA,EN,Federal Contract Tower,0,4,9,0,13,0,4,33,0,37,0,8,42,0,50,20,0,20,70
09/08/2018,IPT,PA,AEA,EN,Federal Contract Tower,0,4,7,0,11,0,2,13,0,15,0,6,20,0,26,38,0,38,64
09/09/2018,IPT,PA,AEA,EN,Federal Contract Tower,0,6,6,0,12,0,0,0,0,0,0,6,6,0,12,0,0,0,12
09/10/2018,IPT,PA,AEA,EN,Federal Contract Tower,0,9,0,0,9,0,0,0,0,0,0,9,0,0,9,0,0,0,9
09/11/2018,IPT,PA,AEA,EN,Federal Contract Tower,0,4,8,0,12,0,1,17,0,18,0,5,25,0,30,0,0,0,30
09/12/2018,IPT,PA,AEA,EN,Federal Contract Tower,0,11,12,0,23,0,0,5,0,5,0,11,17,0,28,0,0,0,28
09/13/2018,IPT,PA,AEA,EN,Federal Contract Tower,0,5,5,0,10,0,2,10,0,12,0,7,15,0,22,4,0,4,26
09/14/2018,IPT,PA,AEA,EN,Federal Contract Tower,0,10,11,0,21,0,4,49,0,53,0,14,60,0,74,8,0,8,82
09/15/2018,IPT,PA,AEA,EN,Federal Contract Tower,0,4,7,0,11,0,4,54,0,58,0,8,61,0,69,24,0,24,93
09/16/2018,IPT,PA,AEA,EN,Federal Contract Tower,0,3,11,0,14,0,4,43,0,47,0,7,54,0,61,6,0,6,67
09/17/2018,IPT,PA,AEA,EN,Federal Contract Tower,0,5,5,0,10,0,0,6,0,6,0,5,11,0,16,0,0,0,16
09/18/2018,IPT,PA,AEA,EN,Federal Contract Tower,0,4,6,0,10,0,2,18,0,20,0,6,24,0,30,32,0,32,62
09/19/2018,IPT,PA,AEA,EN,Federal Contract Tower,0,5,3,0,8,0,3,34,0,37,0,8,37,0,45,16,0,16,61
09/20/2018,IPT,PA,AEA,EN,Federal Contract Tower,0,6,5,0,11,0,0,56,0,56,0,6,61,0,67,24,0,24,91
09/21/2018,IPT,PA,AEA,EN,Federal Contract Tower,0,8,7,0,15,0,3,2,0,5,0,11,9,0,20,0,0,0,20
09/22/2018,IPT,PA,AEA,EN,Federal Contract Tower,0,7,6,0,13,0,1,44,8,53,0,8,50,8,66,10,0,10,76
09/23/2018,IPT,PA,AEA,EN,Federal Contract Tower,0,5,9,0,14,0,2,46,0,48,0,7,55,0,62,2,0,2,64
09/24/2018,IPT,PA,AEA,EN,Federal Contract Tower,0,5,6,2,13,0,2,21,8,31,0,7,27,10,44,0,0,0,44
09/25/2018,IPT,PA,AEA,EN,Federal Contract Tower,0,10,0,0,10,0,0,0,0,0,0,10,0,0,10,0,0,0,10
09/26/2018,IPT,PA,AEA,EN,Federal Contract Tower,0,8,3,0,11,0,0,3,0,3,0,8,6,0,14,0,0,0,14
09/27/2018,IPT,PA,AEA,EN,Federal Contract Tower,0,8,10,0,18,0,0,56,0,56,0,8,66,0,74,58,0,58,132
09/28/2018,IPT,PA,AEA,EN,Federal Contract Tower,0,6,6,0,12,0,0,0,0,0,0,6,6,0,12,24,0,24,36
09/29/2018,IPT,PA,AEA,EN,Federal Contract Tower,0,8,10,0,18,0,1,42,0,43,0,9,52,0,61,4,0,4,65
09/30/2018,IPT,PA,AEA,EN,Federal Contract Tower,0,3,6,0,9,0,2,39,0,41,0,5,45,0,50,4,0,4,54
10/01/2018,IPT,PA,AEA,EN,Federal Contract Tower,0,9,6,0,15,0,5,12,0,17,0,14,18,0,32,0,0,0,32
10/02/2018,IPT,PA,AEA,EN,Federal Contract Tower,0,3,6,0,9,0,1,0,0,1,0,4,6,0,10,0,0,0,10
10/03/2018,IPT,PA,AEA,EN,Federal Contract Tower,0,6,9,5,20,0,0,34,4,38,0,6,43,9,58,48,4,52,110
10/04/2018,IPT,PA,AEA,EN,Federal Contract Tower,0,4,7,0,11,0,9,0,0,9,0,13,7,0,20,0,0,0,20
10/05/2018,IPT,PA,AEA,EN,Federal Contract Tower,0,8,9,0,17,0,4,42,0,46,0,12,51,0,63,30,0,30,93
10/06/2018,IPT,PA,AEA,EN,Federal Contract Tower,0,5,13,0,18,0,1,3,0,4,0,6,16,0,22,0,0,0,22
10/07/2018,IPT,PA,AEA,EN,Federal Contract Tower,0,4,7,0,11,0,3,11,0,14,0,7,18,0,25,40,0,40,65
10/08/2018,IPT,PA,AEA,EN,Federal Contract Tower,0,4,9,0,13,0,1,6,0,7,0,5,15,0,20,14,0,14,34
10/09/2018,IPT,PA,AEA,EN,Federal Contract Tower,0,5,8,0,13,0,1,9,0,10,0,6,17,0,23,12,0,12,35
10/10/2018,IPT,PA,AEA,EN,Federal Contract Tower,0,6,4,0,10,0,1,35,0,36,0,7,39,0,46,28,0,28,74
10/11/2018,IPT,PA,AEA,EN,Federal Contract Tower,0,6,0,0,6,0,2,0,0,2,0,8,0,0,8,0,0,0,8
10/12/2018,IPT,PA,AEA,EN,Federal Contract Tower,0,9,8,2,19,0,1,24,0,25,0,10,32,2,44,8,0,8,52
10/13/2018,IPT,PA,AEA,EN,Federal Contract Tower,0,8,2,0,10,0,0,6,0,6,0,8,8,0,16,0,0,0,16
10/14/2018,IPT,PA,AEA,EN,Federal Contract Tower,0,2,10,0,12,0,0,22,0,22,0,2,32,0,34,2,0,2,36
10/15/2018,IPT,PA,AEA,EN,Federal Contract Tower,0,1,5,0,6,0,0,0,0,0,0,1,5,0,6,0,0,0,6
10/16/2018,IPT,PA,AEA,EN,Federal Contract Tower,0,9,12,1,22,0,2,30,1,33,0,11,42,2,55,14,0,14,69
10/17/2018,IPT,PA,AEA,EN,Federal Contract Tower,0,9,5,1,15,0,0,5,1,6,0,9,10,2,21,0,0,0,21
10/18/2018,IPT,PA,AEA,EN,Federal Contract Tower,0,5,11,0,16,0,0,0,0,0,0,5,11,0,16,12,0,12,28
10/19/2018,IPT,PA,AEA,EN,Federal Contract Tower,0,7,10,0,17,0,4,35,2,41,0,11,45,2,58,14,0,14,72
10/20/2018,IPT,PA,AEA,EN,Federal Contract Tower,0,9,7,0,16,0,2,17,0,19,0,11,24,0,35,34,0,34,69
10/21/2018,IPT,PA,AEA,EN,Federal Contract Tower,0,4,2,0,6,0,4,4,0,8,0,8,6,0,14,0,0,0,14
10/22/2018,IPT,PA,AEA,EN,Federal Contract Tower,0,3,6,0,9,0,1,19,0,20,0,4,25,0,29,4,0,4,33
10/23/2018,IPT,PA,AEA,EN,Federal Contract Tower,0,9,4,0,13,0,1,29,0,30,0,10,33,0,43,10,0,10,53
10/24/2018,IPT,PA,AEA,EN,Federal Contract Tower,0,6,6,0,12,0,3,25,0,28,0,9,31,0,40,8,0,8,48
10/25/2018,IPT,PA,AEA,EN,Federal Contract Tower,0,11,7,5,23,0,1,37,0,38,0,12,44,5,61,22,10,32,93
10/26/2018,IPT,PA,AEA,EN,Federal Contract Tower,0,6,4,0,10,0,0,27,0,27,0,6,31,0,37,0,0,0,37
10/27/2018,IPT,PA,AEA,EN,Federal Contract Tower,0,7,2,0,9,0,0,0,0,0,0,7,2,0,9,0,0,0,9
10/28/2018,IPT,PA,AEA,EN,Federal Contract Tower,0,6,2,0,8,0,4,12,0,16,0,10,14,0,24,28,0,28,52
10/29/2018,IPT,PA,AEA,EN,Federal Contract Tower,0,4,4,0,8,0,0,1,0,1,0,4,5,0,9,0,0,0,9
10/30/2018,IPT,PA,AEA,EN,Federal Contract Tower,0,6,4,0,10,0,0,31,0,31,0,6,35,0,41,6,0,6,47
10/31/2018,IPT,PA,AEA,EN,Federal Contract Tower,0,7,2,0,9,0,5,10,0,15,0,12,12,0,24,16,0,16,40
11/01/2018,IPT,PA,AEA,EN,Federal Contract Tower,0,8,13,0,21,0,2,10,0,12,0,10,23,0,33,20,0,20,53
11/02/2018,IPT,PA,AEA,EN,Federal Contract Tower,0,5,0,0,5,0,0,8,0,8,0,5,8,0,13,8,0,8,21
11/03/2018,IPT,PA,AEA,EN,Federal Contract Tower,0,3,5,0,8,0,4,0,0,4,0,7,5,0,12,0,0,0,12
11/04/2018,IPT,PA,AEA,EN,Federal Contract Tower,0,3,2,0,5,0,2,42,0,44,0,5,44,0,49,0,0,0,49
11/05/2018,IPT,PA,AEA,EN,Federal Contract Tower,0,4,6,0,10,0,0,2,0,2,0,4,8,0,12,0,0,0,12
11/06/2018,IPT,PA,AEA,EN,Federal Contract Tower,0,3,4,0,7,0,3,1,0,4,0,6,5,0,11,10,0,10,21
11/07/2018,IPT,PA,AEA,EN,Federal Contract Tower,0,9,9,0,18,0,2,30,0,32,0,11,39,0,50,6,0,6,56
11/08/2018,IPT,PA,AEA,EN,Federal Contract Tower,0,5,4,0,9,0,1,29,0,30,0,6,33,0,39,12,0,12,51
11/09/2018,IPT,PA,AEA,EN,Federal Contract Tower,0,4,4,0,8,0,0,0,0,0,0,4,4,0,8,0,0,0,8
11/10/2018,IPT,PA,AEA,EN,Federal Contract Tower,0,3,8,0,11,0,4,7,0,11,0,7,15,0,22,0,0,0,22
11/11/2018,IPT,PA,AEA,EN,Federal Contract Tower,0,3,6,0,9,0,0,31,0,31,0,3,37,0,40,14,0,14,54
11/12/2018,IPT,PA,AEA,EN,Federal Contract Tower,0,3,4,0,7,0,8,17,0,25,0,11,21,0,32,0,0,0,32
11/13/2018,IPT,PA,AEA,EN,Federal Contract Tower,0,6,5,0,11,0,8,11,0,19,0,14,16,0,30,0,0,0,30
11/14/2018,IPT,PA,AEA,EN,Federal Contract Tower,0,3,6,0,9,0,1,21,0,22,0,4,27,0,31,4,0,4,35
11/15/2018,IPT,PA,AEA,EN,Federal Contract Tower,0,5,1,0,6,0,0,0,0,0,0,5,1,0,6,0,0,0,6
11/16/2018,IPT,PA,AEA,EN,Federal Contract Tower,0,5,9,0,14,0,2,4,0,6,0,7,13,0,20,0,0,0,20
11/17/2018,IPT,PA,AEA,EN,Federal Contract Tower,0,4,6,0,10,0,0,19,0,19,0,4,25,0,29,18,0,18,47
11/18/2018,IPT,PA,AEA,EN,Federal Contract Tower,0,4,2,0,6,0,9,5,0,14,0,13,7,0,20,0,0,0,20
11/19/2018,IPT,PA,AEA,EN,Federal Contract Tower,0,4,4,0,8,0,0,0,0,0,0,4,4,0,8,0,0,0,8
11/20/2018,IPT,PA,AEA,EN,Federal Contract Tower,0,10,6,0,16,0,8,5,0,13,0,18,11,0,29,0,0,0,29
11/21/2018,IPT,PA,AEA,EN,Federal Contract Tower,0,5,7,0,12,0,0,13,0,13,0,5,20,0,25,0,0,0,25
11/22/2018,IPT,PA,AEA,EN,Federal Contract Tower,0,1,4,0,5,0,1,6,0,7,0,2,10,0,12,0,0,0,12
11/23/2018,IPT,PA,AEA,EN,Federal Contract Tower,0,3,3,0,6,0,2,12,0,14,0,5,15,0,20,6,0,6,26
11/24/2018,IPT,PA,AEA,EN,Federal Contract Tower,0,4,1,0,5,0,0,0,0,0,0,4,1,0,5,0,0,0,5
11/25/2018,IPT,PA,AEA,EN,Federal Contract Tower,0,3,2,0,5,0,4,9,0,13,0,7,11,0,18,12,0,12,30
11/26/2018,IPT,PA,AEA,EN,Federal Contract Tower,0,2,4,0,6,0,1,0,0,1,0,3,4,0,7,0,0,0,7
11/27/2018,IPT,PA,AEA,EN,Federal Contract Tower,0,5,5,0,10,0,7,2,0,9,0,12,7,0,19,0,0,0,19
11/28/2018,IPT,PA,AEA,EN,Federal Contract Tower,0,4,9,0,13,0,3,4,0,7,0,7,13,0,20,0,0,0,20
11/29/2018,IPT,PA,AEA,EN,Federal Contract Tower,0,5,6,1,12,0,1,24,1,26,0,6,30,2,38,10,18,28,66
11/30/2018,IPT,PA,AEA,EN,Federal Contract Tower,0,5,3,0,8,0,2,7,0,9,0,7,10,0,17,4,0,4,21
12/01/2018,IPT,PA,AEA,EN,Federal Contract Tower,0,5,8,0,13,0,0,0,1,1,0,5,8,1,14,0,0,0,14
12/02/2018,IPT,PA,AEA,EN,Federal Contract Tower,0,2,2,0,4,0,0,0,0,0,0,2,2,0,4,0,0,0,4
12/03/2018,IPT,PA,AEA,EN,Federal Contract Tower,0,6,8,0,14,0,2,14,0,16,0,8,22,0,30,10,0,10,40
12/04/2018,IPT,PA,AEA,EN,Federal Contract Tower,0,9,5,0,14,0,32,6,0,38,0,41,11,0,52,12,0,12,64
12/05/2018,IPT,PA,AEA,EN,Federal Contract Tower,0,7,10,0,17,0,0,28,0,28,0,7,38,0,45,0,0,0,45
12/06/2018,IPT,PA,AEA,EN,Federal Contract Tower,0,9,6,0,15,0,6,10,2,18,0,15,16,2,33,0,0,0,33
12/07/2018,IPT,PA,AEA,EN,Federal Contract Tower,0,10,10,0,20,0,1,12,0,13,0,11,22,0,33,22,0,22,55
12/08/2018,IPT,PA,AEA,EN,Federal Contract Tower,0,4,7,0,11,0,2,35,0,37,0,6,42,0,48,20,0,20,68
12/09/2018,IPT,PA,AEA,EN,Federal Contract Tower,0,3,3,0,6,0,3,18,0,21,0,6,21,0,27,0,0,0,27
12/10/2018,IPT,PA,AEA,EN,Federal Contract Tower,0,6,2,1,9,0,3,14,11,28,0,9,16,12,37,6,2,8,45
12/11/2018,IPT,PA,AEA,EN,Federal Contract Tower,0,9,1,0,10,0,0,14,0,14,0,9,15,0,24,1,8,9,33
12/12/2018,IPT,PA,AEA,EN,Federal Contract Tower,0,10,3,0,13,0,1,13,0,14,0,11,16,0,27,0,0,0,27
12/13/2018,IPT,PA,AEA,EN,Federal Contract Tower,0,4,12,0,16,0,0,5,0,5,0,4,17,0,21,0,0,0,21
12/14/2018,IPT,PA,AEA,EN,Federal Contract Tower,0,6,9,0,15,0,0,0,0,0,0,6,9,0,15,0,0,0,15
12/15/2018,IPT,PA,AEA,EN,Federal Contract Tower,0,5,7,0,12,0,2,7,0,9,0,7,14,0,21,6,0,6,27
12/16/2018,IPT,PA,AEA,EN,Federal Contract Tower,0,5,5,0,10,0,0,0,0,0,0,5,5,0,10,0,0,0,10
12/17/2018,IPT,PA,AEA,EN,Federal Contract Tower,0,5,3,0,8,0,2,13,0,15,0,7,16,0,23,28,0,28,51
12/18/2018,IPT,PA,AEA,EN,Federal Contract Tower,0,5,3,0,8,0,0,28,0,28,0,5,31,0,36,12,0,12,48
12/19/2018,IPT,PA,AEA,EN,Federal Contract Tower,0,5,5,0,10,0,1,31,0,32,0,6,36,0,42,10,0,10,52
12/20/2018,IPT,PA,AEA,EN,Federal Contract Tower,0,5,3,0,8,0,0,14,0,14,0,5,17,0,22,18,0,18,40
12/21/2018,IPT,PA,AEA,EN,Federal Contract Tower,0,2,3,0,5,0,0,0,0,0,0,2,3,0,5,0,0,0,5
12/22/2018,IPT,PA,AEA,EN,Federal Contract Tower,0,4,5,0,9,0,2,10,0,12,0,6,15,0,21,6,0,6,27
12/23/2018,IPT,PA,AEA,EN,Federal Contract Tower,0,4,9,0,13,0,6,13,0,19,0,10,22,0,32,6,0,6,38
12/24/2018,IPT,PA,AEA,EN,Federal Contract Tower,0,4,1,0,5,0,2,22,0,24,0,6,23,0,29,0,0,0,29
12/25/2018,IPT,PA,AEA,EN,Federal Contract Tower,0,2,2,0,4,0,1,9,0,10,0,3,11,0,14,0,0,0,14
12/26/2018,IPT,PA,AEA,EN,Federal Contract Tower,0,6,14,0,20,0,2,11,0,13,0,8,25,0,33,12,0,12,45
12/27/2018,IPT,PA,AEA,EN,Federal Contract Tower,0,6,1,0,7,0,5,17,0,22,0,11,18,0,29,26,0,26,55
12/28/2018,IPT,PA,AEA,EN,Federal Contract Tower,0,2,3,0,5,0,0,0,0,0,0,2,3,0,5,0,0,0,5
12/29/2018,IPT,PA,AEA,EN,Federal Contract Tower,0,5,11,0,16,0,3,11,0,14,0,8,22,0,30,8,0,8,38
12/30/2018,IPT,PA,AEA,EN,Federal Contract Tower,0,3,1,0,4,0,0,12,0,12,0,3,13,0,16,26,0,26,42
12/31/2018,IPT,PA,AEA,EN,Federal Contract Tower,0,6,0,0,6,0,3,0,0,3,0,9,0,0,9,0,0,0,9
01/01/2019,IPT,PA,AEA,EN,Federal Contract Tower,0,1,5,0,6,0,1,3,0,4,0,2,8,0,10,0,0,0,10
01/02/2019,IPT,PA,AEA,EN,Federal Contract Tower,0,8,4,0,12,0,0,9,0,9,0,8,13,0,21,26,0,26,47
01/03/2019,IPT,PA,AEA,EN,Federal Contract Tower,0,8,3,5,16,0,2,28,5,35,0,10,31,10,51,16,14,30,81
01/04/2019,IPT,PA,AEA,EN,Federal Contract Tower,0,5,11,0,16,0,4,22,0,26,0,9,33,0,42,20,0,20,62
01/05/2019,IPT,PA,AEA,EN,Federal Contract Tower,0,6,2,0,8,0,2,12,0,14,0,8,14,0,22,24,0,24,46
01/06/2019,IPT,PA,AEA,EN,Federal Contract Tower,0,2,3,0,5,0,1,3,0,4,0,3,6,0,9,16,0,16,25
01/07/2019,IPT,PA,AEA,EN,Federal Contract Tower,0,5,5,0,10,0,0,18,0,18,0,5,23,0,28,24,0,24,52
01/08/2019,IPT,PA,AEA,EN,Federal Contract Tower,0,7,7,4,18,0,0,7,4,11,0,7,14,8,29,14,0,14,43
01/09/2019,IPT,PA,AEA,EN,Federal Contract Tower,0,4,9,0,13,0,2,25,0,27,0,6,34,0,40,4,0,4,44
01/10/2019,IPT,PA,AEA,EN,Federal Contract Tower,0,6,1,0,7,0,6,8,2,16,0,12,9,2,23,0,0,0,23
01/11/2019,IPT,PA,AEA,EN,Federal Contract Tower,0,3,6,0,9,0,4,28,2,34,0,7,34,2,43,16,0,16,59
01/13/2019,IPT,PA,AEA,EN,Federal Contract Tower,0,2,2,0,4,0,0,3,0,3,0,2,5,0,7,0,0,0,7
01/14/2019,IPT,PA,AEA,EN,Federal Contract Tower,0,3,8,0,11,0,0,25,0,25,0,3,33,0,36,4,0,4,40
01/15/2019,IPT,PA,AEA,EN,Federal Contract Tower,0,4,3,0,7,0,0,28,0,28,0,4,31,0,35,8,0,8,43
01/16/2019,IPT,PA,AEA,EN,Federal Contract Tower,0,6,8,0,14,0,1,27,0,28,0,7,35,0,42,12,0,12,54
01/17/2019,IPT,PA,AEA,EN,Federal Contract Tower,0,4,5,0,9,0,0,0,0,0,0,4,5,0,9,10,0,10,19
01/18/2019,IPT,PA,AEA,EN,Federal Contract Tower,0,4,0,0,4,0,6,7,0,13,0,10,7,0,17,0,0,0,17
01/19/2019,IPT,PA,AEA,EN,Federal Contract Tower,0,1,0,0,1,0,0,6,0,6,0,1,6,0,7,0,0,0,7
01/20/2019,IPT,PA,AEA,EN,Federal Contract Tower,0,2,0,0,2,0,4,0,0,4,0,6,0,0,6,0,0,0,6
01/21/2019,IPT,PA,AEA,EN,Federal Contract Tower,0,5,1,0,6,0,2,0,0,2,0,7,1,0,8,0,0,0,8
01/22/2019,IPT,PA,AEA,EN,Federal Contract Tower,0,4,6,0,10,0,0,12,2,14,0,4,18,2,24,0,12,12,36
01/23/2019,IPT,PA,AEA,EN,Federal Contract Tower,0,4,2,0,6,0,0,7,0,7,0,4,9,0,13,0,0,0,13
01/24/2019,IPT,PA,AEA,EN,Federal Contract Tower,0,2,2,0,4,0,2,4,2,8,0,4,6,2,12,0,0,0,12
01/25/2019,IPT,PA,AEA,EN,Federal Contract Tower,0,6,10,0,16,0,8,32,4,44,0,14,42,4,60,0,0,0,60
01/26/2019,IPT,PA,AEA,EN,Federal Contract Tower,0,6,2,0,8,0,0,17,0,17,0,6,19,0,25,32,0,32,57
01/27/2019,IPT,PA,AEA,EN,Federal Contract Tower,0,4,4,0,8,0,2,3,0,5,0,6,7,0,13,0,0,0,13
01/28/2019,IPT,PA,AEA,EN,Federal Contract Tower,0,7,3,0,10,0,3,18,0,21,0,10,21,0,31,0,0,0,31
01/29/2019,IPT,PA,AEA,EN,Federal Contract Tower,0,4,2,0,6,0,0,2,0,2,0,4,4,0,8,0,0,0,8
01/30/2019,IPT,PA,AEA,EN,Federal Contract Tower,0,6,6,1,13,0,3,0,1,4,0,9,6,2,17,0,0,0,17
01/31/2019,IPT,PA,AEA,EN,Federal Contract Tower,0,4,3,0,7,0,7,18,0,25,0,11,21,0,32,0,0,0,32
02/01/2019,IPT,PA,AEA,EN,Federal Contract Tower,0,4,1,0,5,0,0,6,0,6,0,4,7,0,11,0,0,0,11
02/02/2019,IPT,PA,AEA,EN,Federal Contract Tower,0,2,7,0,9,0,6,15,0,21,0,8,22,0,30,2,0,2,32
02/03/2019,IPT,PA,AEA,EN,Federal Contract Tower,0,2,6,0,8,0,8,17,0,25,0,10,23,0,33,4,0,4,37
02/04/2019,IPT,PA,AEA,EN,Federal Contract Tower,0,4,1,0,5,0,0,27,0,27,0,4,28,0,32,26,0,26,58
02/05/2019,IPT,PA,AEA,EN,Federal Contract Tower,0,5,5,0,10,0,2,22,0,24,0,7,27,0,34,0,0,0,34
02/06/2019,IPT,PA,AEA,EN,Federal Contract Tower,0,5,4,0,9,0,3,3,0,6,0,8,7,0,15,0,0,0,15
02/07/2019,IPT,PA,AEA,EN,Federal Contract Tower,0,6,7,0,13,0,0,0,0,0,0,6,7,0,13,0,0,0,13
02/08/2019,IPT,PA,AEA,EN,Federal Contract Tower,0,6,9,0,15,0,4,6,2,12,0,10,15,2,27,0,0,0,27
02/09/2019,IPT,PA,AEA,EN,Federal Contract Tower,0,3,1,0,4,0,5,15,0,20,0,8,16,0,24,0,0,0,24
02/10/2019,IPT,PA,AEA,EN,Federal Contract Tower,0,2,7,0,9,0,3,36,1,40,0,5,43,1,49,52,0,52,101
02/11/2019,IPT,PA,AEA,EN,Federal Contract Tower,0,5,4,0,9,0,0,2,0,2,0,5,6,0,11,0,0,0,11
02/12/2019,IPT,PA,AEA,EN,Federal Contract Tower,0,0,1,0,1,0,0,0,0,0,0,0,1,0,1,0,0,0,1
02/13/2019,IPT,PA,AEA,EN,Federal Contract Tower,0,2,4,0,6,0,0,0,0,0,0,2,4,0,6,0,0,0,6
02/14/2019,IPT,PA,AEA,EN,Federal Contract Tower,0,6,0,2,8,0,4,20,12,36,0,10,20,14,44,0,0,0,44
02/15/2019,IPT,PA,AEA,EN,Federal Contract Tower,0,5,6,0,11,0,5,11,0,16,0,10,17,0,27,10,0,10,37
02/16/2019,IPT,PA,AEA,EN,Federal Contract Tower,0,4,2,0,6,0,8,35,0,43,0,12,37,0,49,6,0,6,55
02/17/2019,IPT,PA,AEA,EN,Federal Contract Tower,0,6,4,2,12,0,1,35,0,36,0,7,39,2,48,22,0,22,70
02/18/2019,IPT,PA,AEA,EN,Federal Contract Tower,0,6,1,0,7,0,2,2,0,4,0,8,3,0,11,0,0,0,11
02/19/2019,IPT,PA,AEA,EN,Federal Contract Tower,0,9,9,0,18,0,0,36,0,36,0,9,45,0,54,2,0,2,56
02/20/2019,IPT,PA,AEA,EN,Federal Contract Tower,0,1,3,0,4,0,0,0,0,0,0,1,3,0,4,0,0,0,4
02/21/2019,IPT,PA,AEA,EN,Federal Contract Tower,0,5,7,0,12,0,2,6,0,8,0,7,13,0,20,4,0,4,24
02/22/2019,IPT,PA,AEA,EN,Federal Contract Tower,0,7,12,0,19,0,3,36,0,39,0,10,48,0,58,8,0,8,66
02/23/2019,IPT,PA,AEA,EN,Federal Contract Tower,0,4,12,0,16,0,1,24,0,25,0,5,36,0,41,10,0,10,51
02/24/2019,IPT,PA,AEA,EN,Federal Contract Tower,0,0,2,0,2,0,0,2,0,2,0,0,4,0,4,0,0,0,4
02/25/2019,IPT,PA,AEA,EN,Federal Contract Tower,0,1,3,0,4,0,1,3,0,4,0,2,6,0,8,0,0,0,8
02/26/2019,IPT,PA,AEA,EN,Federal Contract Tower,0,3,10,0,13,0,4,20,0,24,0,7,30,0,37,0,0,0,37
02/27/2019,IPT,PA,AEA,EN,Federal Contract Tower,0,10,3,0,13,0,4,15,0,19,0,14,18,0,32,0,0,0,32
02/28/2019,IPT,PA,AEA,EN,Federal Contract Tower,0,6,13,0,19,0,6,31,0,37,0,12,44,0,56,6,0,6,62
03/01/2019,IPT,PA,AEA,EN,Federal Contract Tower,0,5,4,0,9,0,3,2,0,5,0,8,6,0,14,0,0,0,14
03/02/2019,IPT,PA,AEA,EN,Federal Contract Tower,0,4,4,0,8,0,2,8,0,10,0,6,12,0,18,18,0,18,36
03/03/2019,IPT,PA,AEA,EN,Federal Contract Tower,0,2,5,0,7,0,0,8,0,8,0,2,13,0,15,34,0,34,49
03/04/2019,IPT,PA,AEA,EN,Federal Contract Tower,0,7,2,0,9,0,0,17,0,17,0,7,19,0,26,14,0,14,40
03/05/2019,IPT,PA,AEA,EN,Federal Contract Tower,0,9,5,0,14,0,1,19,0,20,0,10,24,0,34,0,0,0,34
03/06/2019,IPT,PA,AEA,EN,Federal Contract Tower,0,7,2,0,9,0,2,10,0,12,0,9,12,0,21,0,0,0,21
03/07/2019,IPT,PA,AEA,EN,Federal Contract Tower,0,5,3,0,8,0,2,6,0,8,0,7,9,0,16,0,0,0,16
03/08/2019,IPT,PA,AEA,EN,Federal Contract Tower,0,8,13,0,21,0,4,25,1,30,0,12,38,1,51,4,0,4,55
03/09/2019,IPT,PA,AEA,EN,Federal Contract Tower,0,5,11,0,16,0,3,45,1,49,0,8,56,1,65,4,0,4,69
03/10/2019,IPT,PA,AEA,EN,Federal Contract Tower,0,2,1,0,3,0,0,2,0,2,0,2,3,0,5,0,0,0,5
03/11/2019,IPT,PA,AEA,EN,Federal Contract Tower,0,5,3,0,8,0,2,29,0,31,0,7,32,0,39,4,0,4,43
03/12/2019,IPT,PA,AEA,EN,Federal Contract Tower,0,8,3,0,11,0,1,25,2,28,0,9,28,2,39,12,0,12,51
03/13/2019,IPT,PA,AEA,EN,Federal Contract Tower,0,8,6,2,16,0,4,40,0,44,0,12,46,2,60,8,0,8,68
03/14/2019,IPT,PA,AEA,EN,Federal Contract Tower,0,9,3,0,12,0,11,25,0,36,0,20,28,0,48,2,0,2,50
03/15/2019,IPT,PA,AEA,EN,Federal Contract Tower,0,7,8,0,15,0,0,6,0,6,0,7,14,0,21,0,0,0,21
03/16/2019,IPT,PA,AEA,EN,Federal Contract Tower,0,5,3,0,8,0,4,7,0,11,0,9,10,0,19,0,0,0,19
03/17/2019,IPT,PA,AEA,EN,Federal Contract Tower,0,4,4,0,8,0,4,22,0,26,0,8,26,0,34,12,0,12,46
03/18/2019,IPT,PA,AEA,EN,Federal Contract Tower,0,4,9,2,15,0,1,33,0,34,0,5,42,2,49,16,0,16,65
03/19/2019,IPT,PA,AEA,EN,Federal Contract Tower,0,10,9,0,19,0,1,49,0,50,0,11,58,0,69,28,0,28,97
03/20/2019,IPT,PA,AEA,EN,Federal Contract Tower,0,10,11,2,23,0,4,31,0,35,0,14,42,2,58,18,0,18,76
03/21/2019,IPT,PA,AEA,EN,Federal Contract Tower,0,8,16,0,24,0,0,0,0,0,0,8,16,0,24,0,0,0,24
03/22/2019,IPT,PA,AEA,EN,Federal Contract Tower,0,7,2,0,9,0,0,6,0,6,0,7,8,0,15,0,0,0,15
03/23/2019,IPT,PA,AEA,EN,Federal Contract Tower,0,6,2,0,8,0,1,9,2,12,0,7,11,2,20,0,0,0,20
03/24/2019,IPT,PA,AEA,EN,Federal Contract Tower,0,4,13,0,17,0,1,23,0,24,0,5,36,0,41,18,0,18,59
03/25/2019,IPT,PA,AEA,EN,Federal Contract Tower,0,5,6,0,11,0,1,19,0,20,0,6,25,0,31,16,0,16,47
03/26/2019,IPT,PA,AEA,EN,Federal Contract Tower,0,6,7,0,13,0,0,26,0,26,0,6,33,0,39,14,0,14,53
03/27/2019,IPT,PA,AEA,EN,Federal Contract Tower,0,10,5,0,15,0,8,39,0,47,0,18,44,0,62,16,0,16,78
03/28/2019,IPT,PA,AEA,EN,Federal Contract Tower,0,6,11,0,17,0,2,17,0,19,0,8,28,0,36,0,0,0,36
03/29/2019,IPT,PA,AEA,EN,Federal Contract Tower,0,6,8,0,14,0,0,1,0,1,0,6,9,0,15,0,0,0,15
03/30/2019,IPT,PA,AEA,EN,Federal Contract Tower,0,6,6,0,12,0,2,17,0,19,0,8,23,0,31,28,0,28,59
03/31/2019,IPT,PA,AEA,EN,Federal Contract Tower,0,4,5,0,9,0,6,2,0,8,0,10,7,0,17,0,0,0,17
04/01/2019,IPT,PA,AEA,EN,Federal Contract Tower,0,5,5,0,10,0,0,31,0,31,0,5,36,0,41,36,0,36,77
04/02/2019,IPT,PA,AEA,EN,Federal Contract Tower,0,3,1,0,4,0,8,20,2,30,0,11,21,2,34,8,0,8,42
04/03/2019,IPT,PA,AEA,EN,Federal Contract Tower,0,11,3,0,14,0,14,10,0,24,0,25,13,0,38,0,0,0,38
04/04/2019,IPT,PA,AEA,EN,Federal Contract Tower,0,7,4,2,13,0,1,24,4,29,0,8,28,6,42,28,0,28,70
04/05/2019,IPT,PA,AEA,EN,Federal Contract Tower,0,8,3,0,11,0,0,0,0,0,0,8,3,0,11,0,0,0,11
04/06/2019,IPT,PA,AEA,EN,Federal Contract Tower,0,7,5,0,12,0,1,19,2,22,0,8,24,2,34,18,0,18,52
04/07/2019,IPT,PA,AEA,EN,Federal Contract Tower,0,4,4,2,10,0,5,26,0,31,0,9,30,2,41,16,4,20,61
04/08/2019,IPT,PA,AEA,EN,Federal Contract Tower,0,6,4,0,10,0,1,22,0,23,0,7,26,0,33,2,0,2,35
04/09/2019,IPT,PA,AEA,EN,Federal Contract Tower,0,6,4,0,10,0,0,23,0,23,0,6,27,0,33,0,0,0,33
04/10/2019,IPT,PA,AEA,EN,Federal Contract Tower,0,4,6,0,10,0,0,19,0,19,0,4,25,0,29,12,0,12,41
04/11/2019,IPT,PA,AEA,EN,Federal Contract Tower,0,11,11,0,22,0,2,20,0,22,0,13,31,0,44,6,0,6,50
04/12/2019,IPT,PA,AEA,EN,Federal Contract Tower,0,9,21,0,30,0,0,0,0,0,0,9,21,0,30,0,0,0,30
04/14/2019,IPT,PA,AEA,EN,Federal Contract Tower,0,6,11,0,17,0,2,0,0,2,0,8,11,0,19,0,0,0,19
04/15/2019,IPT,PA,AEA,EN,Federal Contract Tower,0,7,1,0,8,0,0,0,0,0,0,7,1,0,8,0,0,0,8
04/16/2019,IPT,PA,AEA,EN,Federal Contract Tower,0,4,7,0,11,0,1,28,0,29,0,5,35,0,40,2,0,2,42
04/17/2019,IPT,PA,AEA,EN,Federal Contract Tower,0,4,11,0,15,0,1,29,0,30,0,5,40,0,45,0,0,0,45
04/18/2019,IPT,PA,AEA,EN,Federal Contract Tower,0,8,8,0,16,0,1,13,0,14,0,9,21,0,30,16,0,16,46
04/19/2019,IPT,PA,AEA,EN,Federal Contract Tower,0,6,2,0,8,0,1,6,0,7,0,7,8,0,15,0,0,0,15
04/20/2019,IPT,PA,AEA,EN,Federal Contract Tower,0,4,0,0,4,0,4,2,0,6,0,8,2,0,10,0,0,0,10
04/21/2019,IPT,PA,AEA,EN,Federal Contract Tower,0,4,7,0,11,0,7,26,0,33,0,11,33,0,44,8,0,8,52
04/22/2019,IPT,PA,AEA,EN,Federal Contract Tower,0,7,4,0,11,0,3,35,0,38,0,10,39,0,49,10,0,10,59
04/23/2019,IPT,PA,AEA,EN,Federal Contract Tower,0,4,8,0,12,0,5,23,0,28,0,9,31,0,40,16,0,16,56
04/24/2019,IPT,PA,AEA,EN,Federal Contract Tower,0,10,5,0,15,0,8,29,2,39,0,18,34,2,54,14,0,14,68
04/25/2019,IPT,PA,AEA,EN,Federal Contract Tower,0,8,11,4,23,0,1,32,2,35,0,9,43,6,58,30,0,30,88
04/26/2019,IPT,PA,AEA,EN,Federal Contract Tower,0,6,8,0,14,0,0,2,0,2,0,6,10,0,16,10,0,10,26
04/27/2019,IPT,PA,AEA,EN,Federal Contract Tower,0,6,4,0,10,0,1,3,0,4,0,7,7,0,14,0,0,0,14
04/28/2019,IPT,PA,AEA,EN,Federal Contract Tower,0,2,1,0,3,0,4,5,0,9,0,6,6,0,12,0,0,0,12
04/29/2019,IPT,PA,AEA,EN,Federal Contract Tower,0,5,4,0,9,0,0,39,0,39,0,5,43,0,48,12,0,12,60
04/30/2019,IPT,PA,AEA,EN,Federal Contract Tower,0,4,5,0,9,0,5,27,2,34,0,9,32,2,43,14,0,14,57
05/01/2019,IPT,PA,AEA,EN,Federal Contract Tower,0,7,5,0,12,0,1,16,0,17,0,8,21,0,29,14,0,14,43
05/02/2019,IPT,PA,AEA,EN,Federal Contract Tower,0,6,2,0,8,0,8,6,0,14,0,14,8,0,22,0,0,0,22
05/03/2019,IPT,PA,AEA,EN,Federal Contract Tower,0,6,9,0,15,0,2,1,0,3,0,8,10,0,18,0,0,0,18
05/04/2019,IPT,PA,AEA,EN,Federal Contract Tower,0,5,3,0,8,0,6,10,0,16,0,11,13,0,24,30,0,30,54
05/05/2019,IPT,PA,AEA,EN,Federal Contract Tower,0,6,7,0,13,0,0,0,0,0,0,6,7,0,13,0,0,0,13
05/06/2019,IPT,PA,AEA,EN,Federal Contract Tower,0,7,12,0,19,0,1,37,0,38,0,8,49,0,57,52,0,52,109
05/07/2019,IPT,PA,AEA,EN,Federal Contract Tower,0,9,5,0,14,0,2,24,2,28,0,11,29,2,42,0,0,0,42
05/08/2019,IPT,PA,AEA,EN,Federal Contract Tower,0,11,8,0,19,0,1,51,2,54,0,12,59,2,73,22,0,22,95
05/09/2019,IPT,PA,AEA,EN,Federal Contract Tower,0,14,6,0,20,0,0,4,0,4,0,14,10,0,24,0,0,0,24
05/10/2019,IPT,PA,AEA,EN,Federal Contract Tower,0,10,4,0,14,0,4,5,0,9,0,14,9,0,23,14,0,14,37
05/11/2019,IPT,PA,AEA,EN,Federal Contract Tower,0,6,13,0,19,0,4,39,0,43,0,10,52,0,62,32,0,32,94
05/12/2019,IPT,PA,AEA,EN,Federal Contract Tower,0,4,4,0,8,0,0,0,0,0,0,4,4,0,8,0,0,0,8
05/13/2019,IPT,PA,AEA,EN,Federal Contract Tower,0,4,4,0,8,0,0,0,0,0,0,4,4,0,8,0,0,0,8
05/14/2019,IPT,PA,AEA,EN,Federal Contract Tower,0,10,9,0,19,0,3,16,0,19,0,13,25,0,38,0,0,0,38
05/15/2019,IPT,PA,AEA,EN,Federal Contract Tower,0,8,6,0,14,0,3,35,2,40,0,11,41,2,54,50,2,52,106
05/17/2019,IPT,PA,AEA,EN,Federal Contract Tower,0,8,20,2,30,0,0,6,0,6,0,8,26,2,36,0,0,0,36
05/18/2019,IPT,PA,AEA,EN,Federal Contract Tower,0,7,8,0,15,0,6,83,0,89,0,13,91,0,104,16,0,16,120
05/19/2019,IPT,PA,AEA,EN,Federal Contract Tower,0,9,16,1,26,0,4,19,0,23,0,13,35,1,49,0,0,0,49
05/20/2019,IPT,PA,AEA,EN,Federal Contract Tower,0,6,5,6,17,0,1,12,0,13,0,7,17,6,30,6,0,6,36
05/21/2019,IPT,PA,AEA,EN,Federal Contract Tower,0,7,3,2,12,0,4,11,1,16,0,11,14,3,28,0,0,0,28
05/22/2019,IPT,PA,AEA,EN,Federal Contract Tower,0,10,13,6,29,0,2,36,4,42,0,12,49,10,71,22,0,22,93
05/23/2019,IPT,PA,AEA,EN,Federal Contract Tower,0,10,7,0,17,0,4,27,0,31,0,14,34,0,48,0,0,0,48
05/24/2019,IPT,PA,AEA,EN,Federal Contract Tower,0,10,9,0,19,0,6,19,0,25,0,16,28,0,44,0,0,0,44
05/25/2019,IPT,PA,AEA,EN,Federal Contract Tower,0,8,2,0,10,0,4,27,0,31,0,12,29,0,41,4,0,4,45
05/26/2019,IPT,PA,AEA,EN,Federal Contract Tower,0,2,7,0,9,0,3,9,0,12,0,5,16,0,21,6,0,6,27
05/27/2019,IPT,PA,AEA,EN,Federal Contract Tower,0,5,5,0,10,0,9,42,0,51,0,14,47,0,61,46,0,46,107
05/28/2019,IPT,PA,AEA,EN,Federal Contract Tower,0,7,6,0,13,0,0,0,0,0,0,7,6,0,13,0,0,0,13
05/29/2019,IPT,PA,AEA,EN,Federal Contract Tower,0,7,9,0,16,0,0,10,0,10,0,7,19,0,26,6,0,6,32
05/30/2019,IPT,PA,AEA,EN,Federal Contract Tower,0,5,2,10,17,0,0,9,0,9,0,5,11,10,26,4,0,4,30
05/31/2019,IPT,PA,AEA,EN,Federal Contract Tower,0,8,3,0,11,0,2,31,0,33,0,10,34,0,44,26,0,26,70
06/01/2019,IPT,PA,AEA,EN,Federal Contract Tower,0,5,0,0,5,0,4,14,0,18,0,9,14,0,23,2,0,2,25
06/02/2019,IPT,PA,AEA,EN,Federal Contract Tower,0,5,7,1,13,0,0,10,0,10,0,5,17,1,23,0,0,0,23
06/03/2019,IPT,PA,AEA,EN,Federal Contract Tower,0,7,3,0,10,0,6,33,0,39,0,13,36,0,49,38,0,38,87
06/04/2019,IPT,PA,AEA,EN,Federal Contract Tower,0,11,9,1,21,0,3,38,1,42,0,14,47,2,63,0,0,0,63
06/05/2019,IPT,PA,AEA,EN,Federal Contract Tower,0,10,5,0,15,0,3,12,0,15,0,13,17,0,30,0,0,0,30
06/06/2019,IPT,PA,AEA,EN,Federal Contract Tower,0,8,3,1,12,0,5,33,1,39,0,13,36,2,51,0,0,0,51
06/07/2019,IPT,PA,AEA,EN,Federal Contract Tower,0,6,30,0,36,0,4,74,0,78,0,10,104,0,114,30,0,30,144
06/08/2019,IPT,PA,AEA,EN,Federal Contract Tower,0,4,9,0,13,0,2,93,0,95,0,6,102,0,108,28,0,28,136
06/09/2019,IPT,PA,AEA,EN,Federal Contract Tower,0,4,30,0,34,0,1,101,0,102,0,5,131,0,136,12,0,12,148
06/10/2019,IPT,PA,AEA,EN,Federal Contract Tower,0,5,15,0,20,0,0,1,0,1,0,5,16,0,21,0,0,0,21
06/11/2019,IPT,PA,AEA,EN,Federal Contract Tower,0,4,9,0,13,0,0,35,0,35,0,4,44,0,48,4,0,4,52
06/12/2019,IPT,PA,AEA,EN,Federal Contract Tower,0,9,9,0,18,0,1,52,0,53,0,10,61,0,71,12,0,12,83
06/13/2019,IPT,PA,AEA,EN,Federal Contract Tower,0,7,1,0,8,0,0,1,0,1,0,7,2,0,9,0,0,0,9
06/14/2019,IPT,PA,AEA,EN,Federal Contract Tower,0,11,10,0,21,0,7,18,0,25,0,18,28,0,46,0,0,0,46
06/15/2019,IPT,PA,AEA,EN,Federal Contract Tower,0,4,4,0,8,0,2,43,0,45,0,6,47,0,53,8,0,8,61
06/16/2019,IPT,PA,AEA,EN,Federal Contract Tower,0,7,11,0,18,0,1,13,0,14,0,8,24,0,32,8,0,8,40
06/17/2019,IPT,PA,AEA,EN,Federal Contract Tower,0,5,9,0,14,0,1,2,0,3,0,6,11,0,17,0,0,0,17
06/18/2019,IPT,PA,AEA,EN,Federal Contract Tower,0,7,5,2,14,0,0,10,2,12,0,7,15,4,26,0,16,16,42
06/19/2019,IPT,PA,AEA,EN,Federal Contract Tower,0,4,10,0,14,0,11,28,0,39,0,15,38,0,53,20,0,20,73
06/20/2019,IPT,PA,AEA,EN,Federal Contract Tower,0,7,9,0,16,0,2,5,0,7,0,9,14,0,23,0,0,0,23
06/21/2019,IPT,PA,AEA,EN,Federal Contract Tower,0,6,8,0,14,0,4,22,0,26,0,10,30,0,40,0,0,0,40
06/22/2019,IPT,PA,AEA,EN,Federal Contract Tower,0,4,1,0,5,0,2,40,0,42,0,6,41,0,47,6,0,6,53
06/23/2019,IPT,PA,AEA,EN,Federal Contract Tower,0,4,7,0,11,0,0,52,0,52,0,4,59,0,63,46,0,46,109
06/25/2019,IPT,PA,AEA,EN,Federal Contract Tower,0,4,7,0,11,0,1,40,0,41,0,5,47,0,52,14,0,14,66
06/26/2019,IPT,PA,AEA,EN,Federal Contract Tower,0,5,8,0,13,0,0,31,0,31,0,5,39,0,44,18,0,18,62
06/27/2019,IPT,PA,AEA,EN,Federal Contract Tower,0,8,4,0,12,0,2,56,0,58,0,10,60,0,70,0,0,0,70
06/28/2019,IPT,PA,AEA,EN,Federal Contract Tower,0,7,3,0,10,0,5,35,0,40,0,12,38,0,50,6,0,6,56
06/29/2019,IPT,PA,AEA,EN,Federal Contract Tower,0,4,4,0,8,0,4,28,0,32,0,8,32,0,40,16,0,16,56
06/30/2019,IPT,PA,AEA,EN,Federal Contract Tower,0,6,4,0,10,0,5,38,0,43,0,11,42,0,53,0,0,0,53
07/01/2019,IPT,PA,AEA,EN,Federal Contract Tower,0,7,12,0,19,0,0,53,0,53,0,7,65,0,72,8,0,8,80
07/02/2019,IPT,PA,AEA,EN,Federal Contract Tower,0,6,2,0,8,0,0,13,0,13,0,6,15,0,21,0,0,0,21
07/03/2019,IPT,PA,AEA,EN,Federal Contract Tower,0,8,4,0,12,0,3,2,0,5,0,11,6,0,17,0,0,0,17
07/04/2019,IPT,PA,AEA,EN,Federal Contract Tower,0,5,3,0,8,0,2,10,0,12,0,7,13,0,20,0,0,0,20
07/05/2019,IPT,PA,AEA,EN,Federal Contract Tower,0,7,6,0,13,0,2,10,0,12,0,9,16,0,25,0,0,0,25
07/06/2019,IPT,PA,AEA,EN,Federal Contract Tower,0,5,1,0,6,0,3,9,0,12,0,8,10,0,18,2,0,2,20
07/07/2019,IPT,PA,AEA,EN,Federal Contract Tower,0,6,9,0,15,0,3,33,0,36,0,9,42,0,51,0,0,0,51
07/09/2019,IPT,PA,AEA,EN,Federal Contract Tower,0,9,8,0,17,0,0,41,0,41,0,9,49,0,58,32,0,32,90
07/10/2019,IPT,PA,AEA,EN,Federal Contract Tower,0,12,9,1,22,0,2,51,2,55,0,14,60,3,77,10,0,10,87
07/11/2019,IPT,PA,AEA,EN,Federal Contract Tower,0,3,7,0,10,0,1,20,0,21,0,4,27,0,31,30,0,30,61
07/12/2019,IPT,PA,AEA,EN,Federal Contract Tower,0,6,15,0,21,0,4,41,0,45,0,10,56,0,66,10,0,10,76
07/13/2019,IPT,PA,AEA,EN,Federal Contract Tower,0,4,7,0,11,0,6,59,4,69,0,10,66,4,80,58,0,58,138
07/14/2019,IPT,PA,AEA,EN,Federal Contract Tower,0,5,6,0,11,0,5,51,0,56,0,10,57,0,67,26,0,26,93
07/15/2019,IPT,PA,AEA,EN,Federal Contract Tower,0,6,7,2,15,0,0,61,0,61,0,6,68,2,76,36,0,36,112
07/16/2019,IPT,PA,AEA,EN,Federal Contract Tower,0,5,6,0,11,0,7,37,0,44,0,12,43,0,55,0,0,0,55
07/17/2019,IPT,PA,AEA,EN,Federal Contract Tower,0,4,5,0,9,0,0,12,0,12,0,4,17,0,21,4,0,4,25
07/18/2019,IPT,PA,AEA,EN,Federal Contract Tower,0,7,12,0,19,0,4,42,0,46,0,11,54,0,65,0,0,0,65
07/19/2019,IPT,PA,AEA,EN,Federal Contract Tower,0,6,18,0,24,0,0,53,0,53,0,6,71,0,77,6,0,6,83
07/20/2019,IPT,PA,AEA,EN,Federal Contract Tower,0,4,4,0,8,0,2,44,0,46,0,6,48,0,54,36,0,36,90
07/21/2019,IPT,PA,AEA,EN,Federal Contract Tower,0,4,6,0,10,0,2,40,0,42,0,6,46,0,52,12,0,12,64
07/22/2019,IPT,PA,AEA,EN,Federal Contract Tower,0,3,3,0,6,0,0,0,0,0,0,3,3,0,6,0,0,0,6
07/23/2019,IPT,PA,AEA,EN,Federal Contract Tower,0,8,10,0,18,0,2,33,0,35,0,10,43,0,53,0,0,0,53
07/24/2019,IPT,PA,AEA,EN,Federal Contract Tower,0,8,15,0,23,0,4,54,0,58,0,12,69,0,81,12,0,12,93
07/25/2019,IPT,PA,AEA,EN,Federal Contract Tower,0,6,9,0,15,0,5,45,0,50,0,11,54,0,65,24,0,24,89
07/26/2019,IPT,PA,AEA,EN,Federal Contract Tower,0,7,15,1,23,0,0,37,1,38,0,7,52,2,61,18,0,18,79
07/27/2019,IPT,PA,AEA,EN,Federal Contract Tower,0,2,11,0,13,0,2,43,0,45,0,4,54,0,58,20,0,20,78
07/28/2019,IPT,PA,AEA,EN,Federal Contract Tower,0,5,4,0,9,0,4,33,0,37,0,9,37,0,46,24,0,24,70
07/29/2019,IPT,PA,AEA,EN,Federal Contract Tower,0,6,3,0,9,0,1,40,0,41,0,7,43,0,50,38,0,38,88
07/30/2019,IPT,PA,AEA,EN,Federal Contract Tower,0,10,2,0,12,0,2,22,0,24,0,12,24,0,36,0,0,0,36
07/31/2019,IPT,PA,AEA,EN,Federal Contract Tower,0,8,3,0,11,0,0,29,0,29,0,8,32,0,40,30,0,30,70
08/01/2019,IPT,PA,AEA,EN,Federal Contract Tower,0,4,10,0,14,0,0,37,0,37,0,4,47,0,51,46,0,46,97
08/02/2019,IPT,PA,AEA,EN,Federal Contract Tower,0,4,3,0,7,0,4,18,0,22,0,8,21,0,29,18,0,18,47
08/03/2019,IPT,PA,AEA,EN,Federal Contract Tower,0,4,6,0,10,0,0,11,0,11,0,4,17,0,21,20,0,20,41
08/04/2019,IPT,PA,AEA,EN,Federal Contract Tower,0,5,12,0,17,0,4,35,0,39,0,9,47,0,56,22,0,22,78
08/05/2019,IPT,PA,AEA,EN,Federal Contract Tower,0,8,8,0,16,0,1,34,0,35,0,9,42,0,51,22,0,22,73
08/06/2019,IPT,PA,AEA,EN,Federal Contract Tower,0,6,10,0,16,0,1,26,0,27,0,7,36,0,43,6,0,6,49
08/07/2019,IPT,PA,AEA,EN,Federal Contract Tower,0,8,10,0,18,0,0,6,0,6,0,8,16,0,24,2,0,2,26
08/08/2019,IPT,PA,AEA,EN,Federal Contract Tower,0,11,6,0,17,0,0,17,0,17,0,11,23,0,34,14,0,14,48
08/09/2019,IPT,PA,AEA,EN,Federal Contract Tower,0,9,10,0,19,0,0,25,0,25,0,9,35,0,44,0,0,0,44
08/10/2019,IPT,PA,AEA,EN,Federal Contract Tower,0,3,6,0,9,0,0,40,0,40,0,3,46,0,49,24,0,24,73
08/11/2019,IPT,PA,AEA,EN,Federal Contract Tower,0,7,7,0,14,0,2,42,0,44,0,9,49,0,58,6,0,6,64
08/12/2019,IPT,PA,AEA,EN,Federal Contract Tower,0,6,12,0,18,0,1,32,0,33,0,7,44,0,51,16,0,16,67
08/13/2019,IPT,PA,AEA,EN,Federal Contract Tower,0,5,0,0,5,0,3,7,0,10,0,8,7,0,15,10,0,10,25
08/14/2019,IPT,PA,AEA,EN,Federal Contract Tower,0,8,12,0,20,0,1,28,2,31,0,9,40,2,51,18,0,18,69
08/15/2019,IPT,PA,AEA,EN,Federal Contract Tower,0,7,7,0,14,0,1,15,0,16,0,8,22,0,30,12,0,12,42
08/16/2019,IPT,PA,AEA,EN,Federal Contract Tower,0,7,11,0,18,0,0,21,0,21,0,7,32,0,39,14,0,14,53
08/17/2019,IPT,PA,AEA,EN,Federal Contract Tower,0,3,5,0,8,0,0,23,0,23,0,3,28,0,31,10,0,10,41
08/18/2019,IPT,PA,AEA,EN,Federal Contract Tower,4,4,14,0,22,0,2,16,0,18,4,6,30,0,40,0,0,0,40
08/19/2019,IPT,PA,AEA,EN,Federal Contract Tower,0,6,8,0,14,0,2,23,0,25,0,8,31,0,39,6,0,6,45
08/20/2019,IPT,PA,AEA,EN,Federal Contract Tower,0,7,6,2,15,0,4,19,0,23,0,11,25,2,38,0,0,0,38
08/21/2019,IPT,PA,AEA,EN,Federal Contract Tower,0,10,8,0,18,0,1,22,0,23,0,11,30,0,41,10,0,10,51
08/22/2019,IPT,PA,AEA,EN,Federal Contract Tower,0,11,4,0,15,0,2,27,0,29,0,13,31,0,44,14,0,14,58
08/23/2019,IPT,PA,AEA,EN,Federal Contract Tower,0,10,16,0,26,0,2,35,0,37,0,12,51,0,63,12,0,12,75
08/24/2019,IPT,PA,AEA,EN,Federal Contract Tower,0,12,7,0,19,0,1,52,0,53,0,13,59,0,72,20,0,20,92
08/25/2019,IPT,PA,AEA,EN,Federal Contract Tower,0,9,13,0,22,0,3,40,0,43,0,12,53,0,65,32,0,32,97
08/26/2019,IPT,PA,AEA,EN,Federal Contract Tower,0,10,13,0,23,0,0,52,0,52,0,10,65,0,75,8,0,8,83
08/27/2019,IPT,PA,AEA,EN,Federal Contract Tower,0,8,9,0,17,0,0,0,0,0,0,8,9,0,17,0,0,0,17
08/28/2019,IPT,PA,AEA,EN,Federal Contract Tower,0,7,18,0,25,0,4,5,0,9,0,11,23,0,34,14,0,14,48
08/29/2019,IPT,PA,AEA,EN,Federal Contract Tower,0,9,8,0,17,0,0,23,2,25,0,9,31,2,42,22,0,22,64
08/30/2019,IPT,PA,AEA,EN,Federal Contract Tower,0,8,10,0,18,0,4,22,0,26,0,12,32,0,44,0,0,0,44
08/31/2019,IPT,PA,AEA,EN,Federal Contract Tower,0,7,1,0,8,0,2,36,0,38,0,9,37,0,46,24,0,24,70
09/01/2019,IPT,PA,AEA,EN,Federal Contract Tower,0,4,4,0,8,0,5,25,0,30,0,9,29,0,38,16,0,16,54
09/02/2019,IPT,PA,AEA,EN,Federal Contract Tower,0,9,9,0,18,0,0,32,0,32,0,9,41,0,50,14,0,14,64
09/03/2019,IPT,PA,AEA,EN,Federal Contract Tower,0,5,5,0,10,0,5,14,0,19,0,10,19,0,29,0,0,0,29
09/04/2019,IPT,PA,AEA,EN,Federal Contract Tower,0,6,7,0,13,0,0,26,0,26,0,6,33,0,39,10,0,10,49
09/05/2019,IPT,PA,AEA,EN,Federal Contract Tower,0,3,4,0,7,0,2,27,4,33,0,5,31,4,40,20,2,22,62
09/06/2019,IPT,PA,AEA,EN,Federal Contract Tower,0,5,7,0,12,0,0,22,4,26,0,5,29,4,38,0,0,0,38
09/07/2019,IPT,PA,AEA,EN,Federal Contract Tower,0,6,15,0,21,0,0,44,0,44,0,6,59,0,65,2,0,2,67
09/08/2019,IPT,PA,AEA,EN,Federal Contract Tower,0,2,6,0,8,0,6,32,0,38,0,8,38,0,46,0,0,0,46
09/09/2019,IPT,PA,AEA,EN,Federal Contract Tower,0,3,5,0,8,0,1,36,0,37,0,4,41,0,45,18,0,18,63
09/10/2019,IPT,PA,AEA,EN,Federal Contract Tower,0,10,9,0,19,0,0,40,0,40,0,10,49,0,59,0,0,0,59
09/11/2019,IPT,PA,AEA,EN,Federal Contract Tower,0,4,7,0,11,0,1,42,0,43,0,5,49,0,54,4,0,4,58
09/12/2019,IPT,PA,AEA,EN,Federal Contract Tower,0,7,6,1,14,0,0,23,0,23,0,7,29,1,37,28,0,28,65
09/13/2019,IPT,PA,AEA,EN,Federal Contract Tower,0,8,9,0,17,0,0,23,0,23,0,8,32,0,40,0,0,0,40
09/14/2019,IPT,PA,AEA,EN,Federal Contract Tower,0,4,7,0,11,0,3,17,0,20,0,7,24,0,31,0,0,0,31
09/15/2019,IPT,PA,AEA,EN,Federal Contract Tower,0,5,7,0,12,0,0,43,0,43,0,5,50,0,55,10,0,10,65
09/16/2019,IPT,PA,AEA,EN,Federal Contract Tower,0,1,5,1,7,0,5,37,0,42,0,6,42,1,49,50,0,50,99
09/17/2019,IPT,PA,AEA,EN,Federal Contract Tower,0,6,7,0,13,0,0,66,0,66,0,6,73,0,79,12,0,12,91
09/18/2019,IPT,PA,AEA,EN,Federal Contract Tower,0,4,6,0,10,0,1,39,0,40,0,5,45,0,50,4,0,4,54
09/19/2019,IPT,PA,AEA,EN,Federal Contract Tower,0,5,4,0,9,0,1,53,0,54,0,6,57,0,63,2,0,2,65
09/20/2019,IPT,PA,AEA,EN,Federal Contract Tower,0,5,5,0,10,0,7,40,0,47,0,12,45,0,57,0,0,0,57
09/21/2019,IPT,PA,AEA,EN,Federal Contract Tower,0,5,4,0,9,0,2,49,0,51,0,7,53,0,60,0,0,0,60
09/22/2019,IPT,PA,AEA,EN,Federal Contract Tower,0,4,5,0,9,0,1,39,0,40,0,5,44,0,49,0,0,0,49
09/23/2019,IPT,PA,AEA,EN,Federal Contract Tower,0,1,6,0,7,0,0,25,0,25,0,1,31,0,32,24,0,24,56
09/24/2019,IPT,PA,AEA,EN,Federal Contract Tower,0,7,8,0,15,0,0,45,0,45,0,7,53,0,60,32,0,32,92
09/25/2019,IPT,PA,AEA,EN,Federal Contract Tower,0,5,4,0,9,0,0,47,0,47,0,5,51,0,56,28,0,28,84
09/26/2019,IPT,PA,AEA,EN,Federal Contract Tower,0,4,6,0,10,0,7,21,0,28,0,11,27,0,38,6,0,6,44
09/27/2019,IPT,PA,AEA,EN,Federal Contract Tower,0,9,6,0,15,0,0,16,0,16,0,9,22,0,31,0,0,0,31
09/28/2019,IPT,PA,AEA,EN,Federal Contract Tower,0,5,4,0,9,0,3,27,0,30,0,8,31,0,39,18,0,18,57
09/29/2019,IPT,PA,AEA,EN,Federal Contract Tower,0,9,5,0,14,0,6,28,0,34,0,15,33,0,48,4,0,4,52
09/30/2019,IPT,PA,AEA,EN,Federal Contract Tower,0,1,4,0,5,0,6,1,0,7,0,7,5,0,12,0,0,0,12
10/01/2019,IPT,PA,AEA,EN,Federal Contract Tower,0,7,13,0,20,0,4,3,0,7,0,11,16,0,27,4,0,4,31
10/02/2019,IPT,PA,AEA,EN,Federal Contract Tower,0,7,12,2,21,0,4,19,0,23,0,11,31,2,44,0,0,0,44
10/03/2019,IPT,PA,AEA,EN,Federal Contract Tower,0,12,4,0,16,0,0,0,0,0,0,12,4,0,16,0,0,0,16
10/04/2019,IPT,PA,AEA,EN,Federal Contract Tower,0,5,5,0,10,0,2,23,0,25,0,7,28,0,35,22,0,22,57
10/05/2019,IPT,PA,AEA,EN,Federal Contract Tower,0,3,12,0,15,0,0,62,0,62,0,3,74,0,77,16,0,16,93
10/06/2019,IPT,PA,AEA,EN,Federal Contract Tower,0,4,13,0,17,0,0,0,0,0,0,4,13,0,17,0,0,0,17
10/07/2019,IPT,PA,AEA,EN,Federal Contract Tower,0,3,1,0,4,0,1,0,0,1,0,4,1,0,5,0,0,0,5
10/08/2019,IPT,PA,AEA,EN,Federal Contract Tower,0,7,4,1,12,0,4,32,1,37,0,11,36,2,49,6,16,22,71
10/09/2019,IPT,PA,AEA,EN,Federal Contract Tower,0,4,23,0,27,0,1,33,0,34,0,5,56,0,61,14,0,14,75
10/10/2019,IPT,PA,AEA,EN,Federal Contract Tower,0,5,9,0,14,0,5,33,6,44,0,10,42,6,58,10,0,10,68
10/11/2019,IPT,PA,AEA,EN,Federal Contract Tower,0,4,2,0,6,0,2,19,0,21,0,6,21,0,27,0,0,0,27
10/12/2019,IPT,PA,AEA,EN,Federal Contract Tower,0,4,3,0,7,0,2,13,0,15,0,6,16,0,22,4,0,4,26
10/13/2019,IPT,PA,AEA,EN,Federal Contract Tower,0,5,7,0,12,0,1,35,0,36,0,6,42,0,48,0,0,0,48
10/14/2019,IPT,PA,AEA,EN,Federal Contract Tower,0,3,5,0,8,0,5,32,0,37,0,8,37,0,45,0,0,0,45
10/15/2019,IPT,PA,AEA,EN,Federal Contract Tower,0,7,11,0,18,0,6,32,0,38,0,13,43,0,56,12,0,12,68
10/16/2019,IPT,PA,AEA,EN,Federal Contract Tower,0,5,9,0,14,0,2,2,0,4,0,7,11,0,18,0,0,0,18
10/17/2019,IPT,PA,AEA,EN,Federal Contract Tower,0,4,4,0,8,0,0,0,0,0,0,4,4,0,8,0,0,0,8
10/18/2019,IPT,PA,AEA,EN,Federal Contract Tower,0,7,9,0,16,0,1,32,0,33,0,8,41,0,49,54,0,54,103
10/19/2019,IPT,PA,AEA,EN,Federal Contract Tower,0,4,4,0,8,0,2,28,0,30,0,6,32,0,38,4,0,4,42
10/20/2019,IPT,PA,AEA,EN,Federal Contract Tower,0,2,6,0,8,0,3,1,0,4,0,5,7,0,12,0,0,0,12
10/21/2019,IPT,PA,AEA,EN,Federal Contract Tower,0,3,5,0,8,0,5,10,0,15,0,8,15,0,23,0,0,0,23
10/22/2019,IPT,PA,AEA,EN,Federal Contract Tower,0,5,0,0,5,0,0,0,0,0,0,5,0,0,5,0,0,0,5
10/23/2019,IPT,PA,AEA,EN,Federal Contract Tower,0,5,6,0,11,0,2,21,0,23,0,7,27,0,34,20,0,20,54
10/24/2019,IPT,PA,AEA,EN,Federal Contract Tower,0,7,8,4,19,0,0,33,0,33,0,7,41,4,52,0,0,0,52
10/25/2019,IPT,PA,AEA,EN,Federal Contract Tower,0,6,6,0,12,0,0,25,0,25,0,6,31,0,37,0,0,0,37
10/26/2019,IPT,PA,AEA,EN,Federal Contract Tower,0,5,6,0,11,0,3,20,0,23,0,8,26,0,34,4,0,4,38
10/27/2019,IPT,PA,AEA,EN,Federal Contract Tower,0,6,3,0,9,0,2,0,0,2,0,8,3,0,11,0,0,0,11
10/28/2019,IPT,PA,AEA,EN,Federal Contract Tower,0,3,6,0,9,0,2,52,3,57,0,5,58,3,66,36,8,44,110
10/29/2019,IPT,PA,AEA,EN,Federal Contract Tower,0,7,11,1,19,0,4,15,0,19,0,11,26,1,38,14,0,14,52
10/30/2019,IPT,PA,AEA,EN,Federal Contract Tower,0,6,9,0,15,0,2,4,0,6,0,8,13,0,21,6,0,6,27
10/31/2019,IPT,PA,AEA,EN,Federal Contract Tower,0,6,3,0,9,0,0,0,0,0,0,6,3,0,9,0,0,0,9
11/01/2019,IPT,PA,AEA,EN,Federal Contract Tower,0,3,6,0,9,0,1,10,0,11,0,4,16,0,20,14,0,14,34
11/02/2019,IPT,PA,AEA,EN,Federal Contract Tower,0,4,4,0,8,0,1,40,1,42,0,5,44,1,50,30,0,30,80
11/03/2019,IPT,PA,AEA,EN,Federal Contract Tower,0,8,7,0,15,0,0,24,0,24,0,8,31,0,39,6,0,6,45
11/04/2019,IPT,PA,AEA,EN,Federal Contract Tower,0,6,9,1,16,0,6,18,1,25,0,12,27,2,41,0,0,0,41
11/05/2019,IPT,PA,AEA,EN,Federal Contract Tower,0,4,3,0,7,0,7,15,0,22,0,11,18,0,29,0,0,0,29
11/06/2019,IPT,PA,AEA,EN,Federal Contract Tower,0,8,7,0,15,0,0,55,0,55,0,8,62,0,70,6,0,6,76
11/07/2019,IPT,PA,AEA,EN,Federal Contract Tower,0,4,4,0,8,0,0,0,0,0,0,4,4,0,8,0,0,0,8
11/08/2019,IPT,PA,AEA,EN,Federal Contract Tower,0,8,1,0,9,0,0,6,0,6,0,8,7,0,15,0,0,0,15
11/09/2019,IPT,PA,AEA,EN,Federal Contract Tower,0,3,1,0,4,0,2,40,0,42,0,5,41,0,46,10,0,10,56
11/10/2019,IPT,PA,AEA,EN,Federal Contract Tower,0,5,4,0,9,0,3,22,0,25,0,8,26,0,34,24,0,24,58
11/11/2019,IPT,PA,AEA,EN,Federal Contract Tower,0,4,12,0,16,0,4,24,0,28,0,8,36,0,44,4,20,24,68
11/12/2019,IPT,PA,AEA,EN,Federal Contract Tower,0,6,0,0,6,0,4,3,0,7,0,10,3,0,13,0,0,0,13
11/13/2019,IPT,PA,AEA,EN,Federal Contract Tower,0,9,8,0,17,0,3,27,0,30,0,12,35,0,47,28,0,28,75
11/14/2019,IPT,PA,AEA,EN,Federal Contract Tower,0,10,7,0,17,0,2,14,4,20,0,12,21,4,37,4,0,4,41
11/15/2019,IPT,PA,AEA,EN,Federal Contract Tower,0,4,7,0,11,0,2,29,0,31,0,6,36,0,42,6,0,6,48
11/16/2019,IPT,PA,AEA,EN,Federal Contract Tower,0,4,3,0,7,0,4,26,0,30,0,8,29,0,37,50,0,50,87
11/17/2019,IPT,PA,AEA,EN,Federal Contract Tower,0,2,2,0,4,0,0,6,0,6,0,2,8,0,10,10,0,10,20
11/18/2019,IPT,PA,AEA,EN,Federal Contract Tower,0,4,9,0,13,0,5,4,0,9,0,9,13,0,22,62,0,62,84
11/19/2019,IPT,PA,AEA,EN,Federal Contract Tower,0,5,4,0,9,0,4,22,2,28,0,9,26,2,37,12,0,12,49
11/20/2019,IPT,PA,AEA,EN,Federal Contract Tower,0,9,5,1,15,0,1,13,4,18,0,10,18,5,33,26,0,26,59
11/21/2019,IPT,PA,AEA,EN,Federal Contract Tower,0,4,5,3,12,0,0,24,1,25,0,4,29,4,37,26,0,26,63
11/22/2019,IPT,PA,AEA,EN,Federal Contract Tower,0,3,9,0,12,0,1,0,0,1,0,4,9,0,13,0,0,0,13
11/23/2019,IPT,PA,AEA,EN,Federal Contract Tower,0,3,8,0,11,0,2,22,0,24,0,5,30,0,35,58,0,58,93
11/24/2019,IPT,PA,AEA,EN,Federal Contract Tower,0,3,6,0,9,0,2,1,0,3,0,5,7,0,12,0,0,0,12
11/25/2019,IPT,PA,AEA,EN,Federal Contract Tower,0,3,5,0,8,0,16,27,0,43,0,19,32,0,51,30,0,30,81
11/26/2019,IPT,PA,AEA,EN,Federal Contract Tower,0,4,5,0,9,0,2,24,3,29,0,6,29,3,38,0,0,0,38
11/27/2019,IPT,PA,AEA,EN,Federal Contract Tower,0,5,2,2,9,0,4,2,0,6,0,9,4,2,15,0,0,0,15
11/28/2019,IPT,PA,AEA,EN,Federal Contract Tower,0,4,0,0,4,0,0,0,0,0,0,4,0,0,4,0,0,0,4
11/29/2019,IPT,PA,AEA,EN,Federal Contract Tower,0,4,1,0,5,0,4,18,0,22,0,8,19,0,27,8,0,8,35
11/30/2019,IPT,PA,AEA,EN,Federal Contract Tower,0,2,4,0,6,0,3,31,0,34,0,5,35,0,40,30,0,30,70
12/01/2019,IPT,PA,AEA,EN,Federal Contract Tower,0,1,0,0,1,0,0,0,0,0,0,1,0,0,1,0,0,0,1
12/02/2019,IPT,PA,AEA,EN,Federal Contract Tower,0,4,0,0,4,0,4,0,0,4,0,8,0,0,8,0,0,0,8
12/03/2019,IPT,PA,AEA,EN,Federal Contract Tower,0,5,9,0,14,0,1,19,0,20,0,6,28,0,34,0,0,0,34
12/04/2019,IPT,PA,AEA,EN,Federal Contract Tower,0,11,3,0,14,0,1,8,0,9,0,12,11,0,23,2,0,2,25
12/05/2019,IPT,PA,AEA,EN,Federal Contract Tower,0,4,1,0,5,0,0,6,2,8,0,4,7,2,13,0,0,0,13
12/06/2019,IPT,PA,AEA,EN,Federal Contract Tower,0,5,6,0,11,0,1,8,0,9,0,6,14,0,20,0,0,0,20
12/07/2019,IPT,PA,AEA,EN,Federal Contract Tower,0,4,2,0,6,0,2,25,0,27,0,6,27,0,33,20,0,20,53
12/08/2019,IPT,PA,AEA,EN,Federal Contract Tower,0,3,5,0,8,0,3,16,0,19,0,6,21,0,27,0,0,0,27
12/09/2019,IPT,PA,AEA,EN,Federal Contract Tower,0,3,2,0,5,0,0,0,0,0,0,3,2,0,5,0,0,0,5
12/10/2019,IPT,PA,AEA,EN,Federal Contract Tower,0,6,5,0,11,0,0,0,0,0,0,6,5,0,11,0,0,0,11
12/11/2019,IPT,PA,AEA,EN,Federal Contract Tower,0,6,7,0,13,0,1,22,0,23,0,7,29,0,36,2,0,2,38
12/12/2019,IPT,PA,AEA,EN,Federal Contract Tower,0,8,4,0,12,0,0,32,0,32,0,8,36,0,44,6,0,6,50
12/13/2019,IPT,PA,AEA,EN,Federal Contract Tower,0,4,4,0,8,0,0,3,0,3,0,4,7,0,11,0,0,0,11
12/14/2019,IPT,PA,AEA,EN,Federal Contract Tower,0,7,4,0,11,0,0,0,0,0,0,7,4,0,11,0,0,0,11
12/15/2019,IPT,PA,AEA,EN,Federal Contract Tower,0,2,2,0,4,0,8,4,0,12,0,10,6,0,16,0,0,0,16
12/16/2019,IPT,PA,AEA,EN,Federal Contract Tower,0,4,2,0,6,0,0,11,0,11,0,4,13,0,17,22,0,22,39
12/17/2019,IPT,PA,AEA,EN,Federal Contract Tower,0,9,2,0,11,0,0,0,0,0,0,9,2,0,11,0,0,0,11
12/18/2019,IPT,PA,AEA,EN,Federal Contract Tower,0,4,8,0,12,0,4,5,0,9,0,8,13,0,21,4,0,4,25
12/19/2019,IPT,PA,AEA,EN,Federal Contract Tower,0,9,9,0,18,0,1,18,0,19,0,10,27,0,37,6,0,6,43
12/20/2019,IPT,PA,AEA,EN,Federal Contract Tower,0,5,5,0,10,0,2,24,0,26,0,7,29,0,36,12,0,12,48
12/21/2019,IPT,PA,AEA,EN,Federal Contract Tower,0,6,9,0,15,0,2,23,0,25,0,8,32,0,40,10,0,10,50
12/22/2019,IPT,PA,AEA,EN,Federal Contract Tower,0,4,1,0,5,0,0,20,0,20,0,4,21,0,25,2,0,2,27
12/23/2019,IPT,PA,AEA,EN,Federal Contract Tower,0,5,7,2,14,0,6,33,0,39,0,11,40,2,53,6,0,6,59
12/24/2019,IPT,PA,AEA,EN,Federal Contract Tower,0,4,5,0,9,0,2,18,0,20,0,6,23,0,29,18,0,18,47
12/25/2019,IPT,PA,AEA,EN,Federal Contract Tower,0,3,1,0,4,0,5,4,0,9,0,8,5,0,13,0,0,0,13
12/26/2019,IPT,PA,AEA,EN,Federal Contract Tower,0,5,10,0,15,0,1,15,0,16,0,6,25,0,31,10,0,10,41
12/27/2019,IPT,PA,AEA,EN,Federal Contract Tower,0,4,6,0,10,0,0,0,0,0,0,4,6,0,10,0,0,0,10
12/28/2019,IPT,PA,AEA,EN,Federal Contract Tower,0,6,2,0,8,0,0,32,0,32,0,6,34,0,40,8,0,8,48
12/29/2019,IPT,PA,AEA,EN,Federal Contract Tower,0,3,3,0,6,0,0,0,0,0,0,3,3,0,6,0,0,0,6
12/30/2019,IPT,PA,AEA,EN,Federal Contract Tower,0,1,5,0,6,0,2,0,0,2,0,3,5,0,8,0,0,0,8
12/31/2019,IPT,PA,AEA,EN,Federal Contract Tower,0,4,2,0,6,0,0,5,0,5,0,4,7,0,11,18,0,18,29
01/01/2020,IPT,PA,AEA,EN,Federal Contract Tower,0,3,3,0,6,0,0,5,0,5,0,3,8,0,11,0,0,0,11
01/02/2020,IPT,PA,AEA,EN,Federal Contract Tower,0,4,4,0,8,0,2,32,0,34,0,6,36,0,42,8,0,8,50
01/03/2020,IPT,PA,AEA,EN,Federal Contract Tower,0,6,4,0,10,0,2,0,0,2,0,8,4,0,12,0,0,0,12
01/04/2020,IPT,PA,AEA,EN,Federal Contract Tower,0,7,2,0,9,0,0,2,0,2,0,7,4,0,11,0,0,0,11
01/05/2020,IPT,PA,AEA,EN,Federal Contract Tower,0,4,4,0,8,0,5,3,0,8,0,9,7,0,16,18,0,18,34
01/06/2020,IPT,PA,AEA,EN,Federal Contract Tower,0,5,8,0,13,0,1,8,0,9,0,6,16,0,22,2,0,2,24
01/07/2020,IPT,PA,AEA,EN,Federal Contract Tower,0,4,1,0,5,0,4,5,0,9,0,8,6,0,14,10,0,10,24
01/08/2020,IPT,PA,AEA,EN,Federal Contract Tower,0,8,5,0,13,0,0,8,0,8,0,8,13,0,21,14,0,14,35
01/09/2020,IPT,PA,AEA,EN,Federal Contract Tower,0,7,3,0,10,0,1,27,0,28,0,8,30,0,38,68,0,68,106
01/10/2020,IPT,PA,AEA,EN,Federal Contract Tower,0,5,2,0,7,0,6,4,0,10,0,11,6,0,17,0,0,0,17
01/11/2020,IPT,PA,AEA,EN,Federal Contract Tower,0,3,1,0,4,0,1,0,0,1,0,4,1,0,5,0,0,0,5
01/12/2020,IPT,PA,AEA,EN,Federal Contract Tower,0,3,1,0,4,0,4,5,0,9,0,7,6,0,13,2,0,2,15
01/13/2020,IPT,PA,AEA,EN,Federal Contract Tower,0,6,5,0,11,0,2,32,0,34,0,8,37,0,45,22,0,22,67
01/14/2020,IPT,PA,AEA,EN,Federal Contract Tower,0,5,4,0,9,0,0,0,0,0,0,5,4,0,9,0,0,0,9
01/15/2020,IPT,PA,AEA,EN,Federal Contract Tower,0,9,9,0,18,0,2,31,0,33,0,11,40,0,51,24,0,24,75
01/16/2020,IPT,PA,AEA,EN,Federal Contract Tower,0,6,2,0,8,0,0,2,0,2,0,6,4,0,10,4,0,4,14
01/17/2020,IPT,PA,AEA,EN,Federal Contract Tower,0,4,14,0,18,0,1,16,0,17,0,5,30,0,35,2,0,2,37
01/18/2020,IPT,PA,AEA,EN,Federal Contract Tower,0,1,0,0,1,0,0,0,0,0,0,1,0,0,1,0,0,0,1
01/19/2020,IPT,PA,AEA,EN,Federal Contract Tower,0,4,1,0,5,0,0,1,0,1,0,4,2,0,6,0,0,0,6
01/20/2020,IPT,PA,AEA,EN,Federal Contract Tower,0,2,7,0,9,0,2,16,0,18,0,4,23,0,27,8,0,8,35
01/21/2020,IPT,PA,AEA,EN,Federal Contract Tower,0,5,5,0,10,0,1,19,1,21,0,6,24,1,31,6,0,6,37
01/22/2020,IPT,PA,AEA,EN,Federal Contract Tower,0,8,7,0,15,0,1,34,0,35,0,9,41,0,50,74,0,74,124
01/23/2020,IPT,PA,AEA,EN,Federal Contract Tower,0,11,8,0,19,0,6,36,4,46,0,17,44,4,65,46,0,46,111
01/24/2020,IPT,PA,AEA,EN,Federal Contract Tower,0,3,11,0,14,0,3,4,0,7,0,6,15,0,21,8,0,8,29
01/25/2020,IPT,PA,AEA,EN,Federal Contract Tower,0,3,0,0,3,0,1,0,0,1,0,4,0,0,4,0,0,0,4
01/26/2020,IPT,PA,AEA,EN,Federal Contract Tower,0,3,2,0,5,0,3,7,0,10,0,6,9,0,15,32,0,32,47
01/27/2020,IPT,PA,AEA,EN,Federal Contract Tower,0,8,2,0,10,0,0,6,0,6,0,8,8,0,16,0,0,0,16
01/28/2020,IPT,PA,AEA,EN,Federal Contract Tower,0,5,3,0,8,0,0,0,0,0,0,5,3,0,8,0,0,0,8
01/29/2020,IPT,PA,AEA,EN,Federal Contract Tower,0,6,4,2,12,0,10,34,0,44,0,16,38,2,56,6,0,6,62
01/30/2020,IPT,PA,AEA,EN,Federal Contract Tower,0,8,4,0,12,0,2,36,1,39,0,10,40,1,51,14,0,14,65
01/31/2020,IPT,PA,AEA,EN,Federal Contract Tower,0,4,3,0,7,0,2,5,4,11,0,6,8,4,18,0,0,0,18
02/01/2020,IPT,PA,AEA,EN,Federal Contract Tower,0,4,4,0,8,0,2,10,0,12,0,6,14,0,20,30,0,30,50
02/02/2020,IPT,PA,AEA,EN,Federal Contract Tower,0,3,1,0,4,0,3,0,0,3,0,6,1,0,7,0,0,0,7
02/03/2020,IPT,PA,AEA,EN,Federal Contract Tower,0,1,8,0,9,0,7,12,2,21,0,8,20,2,30,22,0,22,52
02/04/2020,IPT,PA,AEA,EN,Federal Contract Tower,0,6,11,0,17,0,0,3,0,3,0,6,14,0,20,0,0,0,20
02/05/2020,IPT,PA,AEA,EN,Federal Contract Tower,0,4,8,0,12,0,7,25,0,32,0,11,33,0,44,4,0,4,48
02/06/2020,IPT,PA,AEA,EN,Federal Contract Tower,0,4,2,0,6,0,0,0,0,0,0,4,2,0,6,0,0,0,6
02/07/2020,IPT,PA,AEA,EN,Federal Contract Tower,0,5,3,0,8,0,3,0,0,3,0,8,3,0,11,0,0,0,11
02/08/2020,IPT,PA,AEA,EN,Federal Contract Tower,0,5,3,0,8,0,3,10,0,13,0,8,13,0,21,16,0,16,37
02/09/2020,IPT,PA,AEA,EN,Federal Contract Tower,0,5,5,0,10,0,0,14,0,14,0,5,19,0,24,6,0,6,30
02/10/2020,IPT,PA,AEA,EN,Federal Contract Tower,0,4,8,0,12,0,0,0,0,0,0,4,8,0,12,24,0,24,36
02/11/2020,IPT,PA,AEA,EN,Federal Contract Tower,0,5,4,2,11,0,0,2,0,2,0,5,6,2,13,16,0,16,29
02/12/2020,IPT,PA,AEA,EN,Federal Contract Tower,0,5,8,0,13,0,2,33,1,36,0,7,41,1,49,56,4,60,109
02/13/2020,IPT,PA,AEA,EN,Federal Contract Tower,0,4,3,0,7,0,0,1,0,1,0,4,4,0,8,0,0,0,8
02/14/2020,IPT,PA,AEA,EN,Federal Contract Tower,0,3,4,0,7,0,3,13,0,16,0,6,17,0,23,0,0,0,23
02/15/2020,IPT,PA,AEA,EN,Federal Contract Tower,0,3,9,0,12,0,2,25,0,27,0,5,34,0,39,54,0,54,93
02/16/2020,IPT,PA,AEA,EN,Federal Contract Tower,0,2,3,0,5,0,0,5,0,5,0,2,8,0,10,0,0,0,10
02/17/2020,IPT,PA,AEA,EN,Federal Contract Tower,0,3,4,0,7,0,7,25,0,32,0,10,29,0,39,10,0,10,49
02/18/2020,IPT,PA,AEA,EN,Federal Contract Tower,0,4,4,0,8,0,0,0,0,0,0,4,4,0,8,0,0,0,8
02/19/2020,IPT,PA,AEA,EN,Federal Contract Tower,0,6,5,0,11,0,0,19,0,19,0,6,24,0,30,16,0,16,46
02/20/2020,IPT,PA,AEA,EN,Federal Contract Tower,0,6,2,0,8,0,0,7,0,7,0,6,9,0,15,10,0,10,25
02/21/2020,IPT,PA,AEA,EN,Federal Contract Tower,0,8,13,0,21,0,2,31,0,33,0,10,44,0,54,18,0,18,72
02/22/2020,IPT,PA,AEA,EN,Federal Contract Tower,0,5,5,0,10,0,2,37,0,39,0,7,42,0,49,22,0,22,71
02/23/2020,IPT,PA,AEA,EN,Federal Contract Tower,0,0,9,0,9,0,2,39,0,41,0,2,48,0,50,20,0,20,70
02/24/2020,IPT,PA,AEA,EN,Federal Contract Tower,0,5,5,0,10,0,6,26,0,32,0,11,31,0,42,14,0,14,56
02/25/2020,IPT,PA,AEA,EN,Federal Contract Tower,0,4,8,0,12,0,0,0,0,0,0,4,8,0,12,6,0,6,18
02/26/2020,IPT,PA,AEA,EN,Federal Contract Tower,0,4,0,0,4,0,0,0,0,0,0,4,0,0,4,0,0,0,4
02/27/2020,IPT,PA,AEA,EN,Federal Contract Tower,0,2,0,0,2,0,2,0,0,2,0,4,0,0,4,0,0,0,4
02/28/2020,IPT,PA,AEA,EN,Federal Contract Tower,0,4,7,0,11,0,0,21,0,21,0,4,28,0,32,0,0,0,32
02/29/2020,IPT,PA,AEA,EN,Federal Contract Tower,0,1,4,0,5,0,4,8,0,12,0,5,12,0,17,0,0,0,17
03/01/2020,IPT,PA,AEA,EN,Federal Contract Tower,0,2,7,0,9,0,3,29,0,32,0,5,36,0,41,12,0,12,53
03/02/2020,IPT,PA,AEA,EN,Federal Contract Tower,0,3,4,0,7,0,5,26,0,31,0,8,30,0,38,2,0,2,40
03/03/2020,IPT,PA,AEA,EN,Federal Contract Tower,0,5,4,0,9,0,0,2,0,2,0,5,6,0,11,4,0,4,15
03/04/2020,IPT,PA,AEA,EN,Federal Contract Tower,0,3,8,0,11,0,5,9,0,14,0,8,17,0,25,12,0,12,37
03/05/2020,IPT,PA,AEA,EN,Federal Contract Tower,0,4,5,0,9,0,2,17,0,19,0,6,22,0,28,4,0,4,32
03/06/2020,IPT,PA,AEA,EN,Federal Contract Tower,0,6,5,0,11,0,1,2,0,3,0,7,7,0,14,0,0,0,14
03/07/2020,IPT,PA,AEA,EN,Federal Contract Tower,0,3,3,0,6,0,0,27,0,27,0,3,30,0,33,30,0,30,63
03/08/2020,IPT,PA,AEA,EN,Federal Contract Tower,0,2,4,0,6,0,5,37,0,42,0,7,41,0,48,28,0,28,76
03/09/2020,IPT,PA,AEA,EN,Federal Contract Tower,0,3,4,0,7,0,5,50,0,55,0,8,54,0,62,24,0,24,86
03/10/2020,IPT,PA,AEA,EN,Federal Contract Tower,0,6,0,0,6,0,0,3,0,3,0,6,3,0,9,0,0,0,9
03/11/2020,IPT,PA,AEA,EN,Federal Contract Tower,0,4,5,0,9,0,1,29,0,30,0,5,34,0,39,46,0,46,85
03/12/2020,IPT,PA,AEA,EN,Federal Contract Tower,0,4,6,0,10,0,6,19,0,25,0,10,25,0,35,6,0,6,41
03/13/2020,IPT,PA,AEA,EN,Federal Contract Tower,0,4,5,0,9,0,0,4,0,4,0,4,9,0,13,0,0,0,13
03/14/2020,IPT,PA,AEA,EN,Federal Contract Tower,0,4,4,0,8,0,2,30,0,32,0,6,34,0,40,20,0,20,60
03/15/2020,IPT,PA,AEA,EN,Federal Contract Tower,0,2,5,0,7,0,3,47,0,50,0,5,52,0,57,12,0,12,69
03/16/2020,IPT,PA,AEA,EN,Federal Contract Tower,0,4,3,0,7,0,2,27,0,29,0,6,30,0,36,4,0,4,40
03/17/2020,IPT,PA,AEA,EN,Federal Contract Tower,0,5,0,0,5,0,3,2,0,5,0,8,2,0,10,22,0,22,32
03/18/2020,IPT,PA,AEA,EN,Federal Contract Tower,0,5,4,0,9,0,3,31,0,34,0,8,35,0,43,52,0,52,95
03/19/2020,IPT,PA,AEA,EN,Federal Contract Tower,0,4,0,0,4,0,0,0,0,0,0,4,0,0,4,0,0,0,4
03/20/2020,IPT,PA,AEA,EN,Federal Contract Tower,0,4,3,0,7,0,0,1,0,1,0,4,4,0,8,0,0,0,8
03/21/2020,IPT,PA,AEA,EN,Federal Contract Tower,0,3,1,0,4,0,0,8,0,8,0,3,9,0,12,0,0,0,12
03/22/2020,IPT,PA,AEA,EN,Federal Contract Tower,0,4,5,0,9,0,3,27,0,30,0,7,32,0,39,12,0,12,51
03/23/2020,IPT,PA,AEA,EN,Federal Contract Tower,0,1,0,0,1,0,0,0,0,0,0,1,0,0,1,0,0,0,1
03/24/2020,IPT,PA,AEA,EN,Federal Contract Tower,0,2,1,0,3,0,1,7,0,8,0,3,8,0,11,20,0,20,31
03/25/2020,IPT,PA,AEA,EN,Federal Contract Tower,0,4,3,0,7,0,0,3,0,3,0,4,6,0,10,0,0,0,10
03/26/2020,IPT,PA,AEA,EN,Federal Contract Tower,0,2,3,0,5,0,0,1,0,1,0,2,4,0,6,40,0,40,46
03/27/2020,IPT,PA,AEA,EN,Federal Contract Tower,0,4,0,0,4,0,1,15,0,16,0,5,15,0,20,18,0,18,38
03/28/2020,IPT,PA,AEA,EN,Federal Contract Tower,0,3,2,0,5,0,0,0,0,0,0,3,2,0,5,0,0,0,5
03/29/2020,IPT,PA,AEA,EN,Federal Contract Tower,0,3,3,0,6,0,1,0,0,1,0,4,3,0,7,0,0,0,7
03/30/2020,IPT,PA,AEA,EN,Federal Contract Tower,0,3,1,0,4,0,0,2,0,2,0,3,3,0,6,2,0,2,8
03/31/2020,IPT,PA,AEA,EN,Federal Contract Tower,0,2,6,0,8,0,0,15,0,15,0,2,21,0,23,60,0,60,83
04/01/2020,IPT,PA,AEA,EN,Federal Contract Tower,0,4,0,0,4,0,5,5,0,10,0,9,5,0,14,18,0,18,32
04/02/2020,IPT,PA,AEA,EN,Federal Contract Tower,0,4,4,0,8,0,4,4,0,8,0,8,8,0,16,0,0,0,16
04/03/2020,IPT,PA,AEA,EN,Federal Contract Tower,0,4,3,0,7,0,1,5,0,6,0,5,8,0,13,10,0,10,23
04/04/2020,IPT,PA,AEA,EN,Federal Contract Tower,0,3,0,0,3,0,2,6,0,8,0,5,6,0,11,0,0,0,11
04/05/2020,IPT,PA,AEA,EN,Federal Contract Tower,0,0,5,0,5,0,2,14,0,16,0,2,19,0,21,8,0,8,29
04/06/2020,IPT,PA,AEA,EN,Federal Contract Tower,0,3,5,0,8,0,0,28,0,28,0,3,33,0,36,0,0,0,36
04/07/2020,IPT,PA,AEA,EN,Federal Contract Tower,0,2,5,0,7,0,7,30,0,37,0,9,35,0,44,0,0,0,44
04/08/2020,IPT,PA,AEA,EN,Federal Contract Tower,0,5,1,0,6,0,4,4,0,8,0,9,5,0,14,8,0,8,22
04/09/2020,IPT,PA,AEA,EN,Federal Contract Tower,0,4,0,0,4,0,2,2,0,4,0,6,2,0,8,0,0,0,8
04/10/2020,IPT,PA,AEA,EN,Federal Contract Tower,0,3,4,0,7,0,0,0,0,0,0,3,4,0,7,0,0,0,7
04/11/2020,IPT,PA,AEA,EN,Federal Contract Tower,0,3,2,0,5,0,3,15,0,18,0,6,17,0,23,0,0,0,23
04/12/2020,IPT,PA,AEA,EN,Federal Contract Tower,0,2,2,0,4,0,0,6,0,6,0,2,8,0,10,0,0,0,10
04/13/2020,IPT,PA,AEA,EN,Federal Contract Tower,0,1,0,0,1,0,0,0,0,0,0,1,0,0,1,0,0,0,1
04/14/2020,IPT,PA,AEA,EN,Federal Contract Tower,0,4,3,0,7,0,0,14,0,14,0,4,17,0,21,0,0,0,21
04/15/2020,IPT,PA,AEA,EN,Federal Contract Tower,0,4,0,0,4,0,0,0,0,0,0,4,0,0,4,0,0,0,4
04/16/2020,IPT,PA,AEA,EN,Federal Contract Tower,0,2,2,0,4,0,6,0,0,6,0,8,2,0,10,0,0,0,10
04/17/2020,IPT,PA,AEA,EN,Federal Contract Tower,0,2,6,0,8,0,0,0,0,0,0,2,6,0,8,0,0,0,8
04/18/2020,IPT,PA,AEA,EN,Federal Contract Tower,0,1,2,0,3,0,0,2,0,2,0,1,4,0,5,0,0,0,5
04/19/2020,IPT,PA,AEA,EN,Federal Contract Tower,0,0,0,0,0,0,0,7,0,7,0,0,7,0,7,0,0,0,7
04/20/2020,IPT,PA,AEA,EN,Federal Contract Tower,0,1,18,0,19,0,0,25,0,25,0,1,43,0,44,4,0,4,48
04/21/2020,IPT,PA,AEA,EN,Federal Contract Tower,0,4,0,0,4,0,5,2,0,7,0,9,2,0,11,0,0,0,11
04/22/2020,IPT,PA,AEA,EN,Federal Contract Tower,0,2,0,0,2,0,8,4,2,14,0,10,4,2,16,0,0,0,16
04/23/2020,IPT,PA,AEA,EN,Federal Contract Tower,0,4,1,0,5,0,3,2,0,5,0,7,3,0,10,0,0,0,10
04/24/2020,IPT,PA,AEA,EN,Federal Contract Tower,0,5,2,0,7,0,0,1,0,1,0,5,3,0,8,0,0,0,8
04/25/2020,IPT,PA,AEA,EN,Federal Contract Tower,0,1,7,0,8,0,0,16,0,16,0,1,23,0,24,14,0,14,38
04/26/2020,IPT,PA,AEA,EN,Federal Contract Tower,0,8,0,0,8,0,0,0,0,0,0,8,0,0,8,0,0,0,8
04/27/2020,IPT,PA,AEA,EN,Federal Contract Tower,0,3,2,0,5,0,5,8,0,13,0,8,10,0,18,0,0,0,18
04/28/2020,IPT,PA,AEA,EN,Federal Contract Tower,0,4,10,0,14,0,3,28,0,31,0,7,38,0,45,6,0,6,51
04/29/2020,IPT,PA,AEA,EN,Federal Contract Tower,0,5,3,0,8,0,0,2,0,2,0,5,5,0,10,0,0,0,10
04/30/2020,IPT,PA,AEA,EN,Federal Contract Tower,0,2,2,0,4,0,0,0,0,0,0,2,2,0,4,0,0,0,4
05/01/2020,IPT,PA,AEA,EN,Federal Contract Tower,0,6,2,0,8,0,0,9,0,9,0,6,11,0,17,0,0,0,17
05/02/2020,IPT,PA,AEA,EN,Federal Contract Tower,0,1,3,0,4,0,1,35,0,36,0,2,38,0,40,14,0,14,54
05/03/2020,IPT,PA,AEA,EN,Federal Contract Tower,0,2,3,0,5,0,3,28,0,31,0,5,31,0,36,0,0,0,36
05/04/2020,IPT,PA,AEA,EN,Federal Contract Tower,0,3,7,0,10,0,0,20,0,20,0,3,27,0,30,0,0,0,30
05/05/2020,IPT,PA,AEA,EN,Federal Contract Tower,0,2,4,0,6,0,0,15,0,15,0,2,19,0,21,0,0,0,21
05/06/2020,IPT,PA,AEA,EN,Federal Contract Tower,0,2,5,2,9,0,0,4,0,4,0,2,9,2,13,20,0,20,33
05/07/2020,IPT,PA,AEA,EN,Federal Contract Tower,0,3,4,0,7,0,0,12,0,12,0,3,16,0,19,2,0,2,21
05/08/2020,IPT,PA,AEA,EN,Federal Contract Tower,0,8,2,2,12,0,0,0,0,0,0,8,2,2,12,0,0,0,12
05/09/2020,IPT,PA,AEA,EN,Federal Contract Tower,0,1,1,0,2,0,2,5,0,7,0,3,6,0,9,12,0,12,21
05/10/2020,IPT,PA,AEA,EN,Federal Contract Tower,0,2,4,0,6,0,0,12,0,12,0,2,16,0,18,0,0,0,18
05/11/2020,IPT,PA,AEA,EN,Federal Contract Tower,0,3,3,0,6,0,3,16,0,19,0,6,19,0,25,40,0,40,65
05/12/2020,IPT,PA,AEA,EN,Federal Contract Tower,0,2,0,0,2,0,1,19,3,23,0,3,19,3,25,6,0,6,31
05/13/2020,IPT,PA,AEA,EN,Federal Contract Tower,0,3,8,0,11,0,3,45,0,48,0,6,53,0,59,38,0,38,97
05/14/2020,IPT,PA,AEA,EN,Federal Contract Tower,0,4,2,0,6,0,2,29,2,33,0,6,31,2,39,40,0,40,79
05/15/2020,IPT,PA,AEA,EN,Federal Contract Tower,0,4,1,0,5,0,0,7,0,7,0,4,8,0,12,0,0,0,12
05/16/2020,IPT,PA,AEA,EN,Federal Contract Tower,0,2,5,0,7,0,5,30,0,35,0,7,35,0,42,28,0,28,70
05/17/2020,IPT,PA,AEA,EN,Federal Contract Tower,0,2,4,0,6,0,0,11,0,11,0,2,15,0,17,18,0,18,35
05/18/2020,IPT,PA,AEA,EN,Federal Contract Tower,0,4,2,0,6,0,0,24,0,24,0,4,26,0,30,0,0,0,30
05/19/2020,IPT,PA,AEA,EN,Federal Contract Tower,0,8,2,2,12,0,0,20,3,23,0,8,22,5,35,12,0,12,47
05/20/2020,IPT,PA,AEA,EN,Federal Contract Tower,0,6,12,0,18,0,1,19,0,20,0,7,31,0,38,22,0,22,60
05/21/2020,IPT,PA,AEA,EN,Federal Contract Tower,0,6,7,0,13,0,0,44,2,46,0,6,51,2,59,28,0,28,87
05/22/2020,IPT,PA,AEA,EN,Federal Contract Tower,0,4,3,2,9,0,2,1,2,5,0,6,4,4,14,12,2,14,28
05/23/2020,IPT,PA,AEA,EN,Federal Contract Tower,0,3,3,0,6,0,2,7,0,9,0,5,10,0,15,10,0,10,25
05/24/2020,IPT,PA,AEA,EN,Federal Contract Tower,0,3,3,0,6,0,5,33,0,38,0,8,36,0,44,14,0,14,58
05/25/2020,IPT,PA,AEA,EN,Federal Contract Tower,0,3,4,0,7,0,3,36,0,39,0,6,40,0,46,30,0,30,76
05/26/2020,IPT,PA,AEA,EN,Federal Contract Tower,0,1,3,6,10,0,2,38,0,40,0,3,41,6,50,26,0,26,76
05/27/2020,IPT,PA,AEA,EN,Federal Contract Tower,0,4,4,0,8,0,1,23,0,24,0,5,27,0,32,36,0,36,68
05/28/2020,IPT,PA,AEA,EN,Federal Contract Tower,0,5,5,0,10,0,0,3,0,3,0,5,8,0,13,0,0,0,13
05/29/2020,IPT,PA,AEA,EN,Federal Contract Tower,0,5,6,0,11,0,0,2,0,2,0,5,8,0,13,10,0,10,23
05/30/2020,IPT,PA,AEA,EN,Federal Contract Tower,0,1,10,0,11,0,0,36,0,36,0,1,46,0,47,44,0,44,91
05/31/2020,IPT,PA,AEA,EN,Federal Contract Tower,0,2,1,0,3,0,2,25,0,27,0,4,26,0,30,6,0,6,36
06/01/2020,IPT,PA,AEA,EN,Federal Contract Tower,0,3,12,0,15,0,1,34,0,35,0,4,46,0,50,22,0,22,72
06/02/2020,IPT,PA,AEA,EN,Federal Contract Tower,0,3,5,0,8,0,3,25,0,28,0,6,30,0,36,2,0,2,38
06/03/2020,IPT,PA,AEA,EN,Federal Contract Tower,0,4,4,0,8,0,0,6,0,6,0,4,10,0,14,14,0,14,28
06/04/2020,IPT,PA,AEA,EN,Federal Contract Tower,0,3,3,0,6,0,0,15,0,15,0,3,18,0,21,48,0,48,69
06/05/2020,IPT,PA,AEA,EN,Federal Contract Tower,0,9,6,0,15,0,5,5,0,10,0,14,11,0,25,26,0,26,51
06/06/2020,IPT,PA,AEA,EN,Federal Contract Tower,0,1,2,0,3,0,7,12,0,19,0,8,14,0,22,24,0,24,46
06/07/2020,IPT,PA,AEA,EN,Federal Contract Tower,0,2,2,0,4,0,3,21,0,24,0,5,23,0,28,0,0,0,28
06/08/2020,IPT,PA,AEA,EN,Federal Contract Tower,0,3,4,0,7,0,8,24,0,32,0,11,28,0,39,18,0,18,57
06/09/2020,IPT,PA,AEA,EN,Federal Contract Tower,0,8,6,0,14,0,8,36,0,44,0,16,42,0,58,10,0,10,68
06/10/2020,IPT,PA,AEA,EN,Federal Contract Tower,0,5,3,0,8,0,0,24,0,24,0,5,27,0,32,4,0,4,36
06/11/2020,IPT,PA,AEA,EN,Federal Contract Tower,0,4,6,0,10,0,0,15,0,15,0,4,21,0,25,10,2,12,37
06/12/2020,IPT,PA,AEA,EN,Federal Contract Tower,0,5,10,0,15,0,0,37,0,37,0,5,47,0,52,2,0,2,54
06/13/2020,IPT,PA,AEA,EN,Federal Contract Tower,0,3,4,0,7,0,1,28,0,29,0,4,32,0,36,52,0,52,88
06/14/2020,IPT,PA,AEA,EN,Federal Contract Tower,0,3,3,0,6,0,2,41,0,43,0,5,44,0,49,20,0,20,69
06/15/2020,IPT,PA,AEA,EN,Federal Contract Tower,0,3,4,2,9,0,4,33,0,37,0,7,37,2,46,86,0,86,132
06/16/2020,IPT,PA,AEA,EN,Federal Contract Tower,0,5,5,0,10,0,1,26,0,27,0,6,31,0,37,26,0,26,63
06/17/2020,IPT,PA,AEA,EN,Federal Contract Tower,0,4,4,0,8,0,0,37,0,37,0,4,41,0,45,16,0,16,61
06/18/2020,IPT,PA,AEA,EN,Federal Contract Tower,0,2,7,1,10,0,1,8,0,9,0,3,15,1,19,0,0,0,19
06/19/2020,IPT,PA,AEA,EN,Federal Contract Tower,0,4,6,0,10,0,4,5,0,9,0,8,11,0,19,8,0,8,27
06/20/2020,IPT,PA,AEA,EN,Federal Contract Tower,0,1,4,1,6,0,2,6,1,9,0,3,10,2,15,0,0,0,15
06/21/2020,IPT,PA,AEA,EN,Federal Contract Tower,0,5,3,0,8,0,2,14,0,16,0,7,17,0,24,12,0,12,36
06/22/2020,IPT,PA,AEA,EN,Federal Contract Tower,0,3,5,0,8,0,0,28,0,28,0,3,33,0,36,12,0,12,48
06/23/2020,IPT,PA,AEA,EN,Federal Contract Tower,0,2,7,0,9,0,0,10,0,10,0,2,17,0,19,0,0,0,19
06/24/2020,IPT,PA,AEA,EN,Federal Contract Tower,0,5,4,0,9,0,0,22,0,22,0,5,26,0,31,8,0,8,39
06/25/2020,IPT,PA,AEA,EN,Federal Contract Tower,0,5,3,1,9,0,3,33,1,37,0,8,36,2,46,30,10,40,86
06/26/2020,IPT,PA,AEA,EN,Federal Contract Tower,0,4,14,0,18,0,2,18,0,20,0,6,32,0,38,0,0,0,38
06/27/2020,IPT,PA,AEA,EN,Federal Contract Tower,0,1,1,0,2,0,2,0,0,2,0,3,1,0,4,0,0,0,4
06/28/2020,IPT,PA,AEA,EN,Federal Contract Tower,0,3,17,0,20,0,4,44,0,48,0,7,61,0,68,0,0,0,68
06/29/2020,IPT,PA,AEA,EN,Federal Contract Tower,0,6,3,2,11,0,11,41,0,52,0,17,44,2,63,0,6,6,69
06/30/2020,IPT,PA,AEA,EN,Federal Contract Tower,0,2,3,0,5,0,10,27,0,37,0,12,30,0,42,0,0,0,42
07/01/2020,IPT,PA,AEA,EN,Federal Contract Tower,0,4,11,0,15,0,4,35,0,39,0,8,46,0,54,46,0,46,100
07/02/2020,IPT,PA,AEA,EN,Federal Contract Tower,0,6,6,3,15,0,2,42,0,44,0,8,48,3,59,10,0,10,69
07/03/2020,IPT,PA,AEA,EN,Federal Contract Tower,0,3,9,0,12,0,2,34,0,36,0,5,43,0,48,0,0,0,48
07/04/2020,IPT,PA,AEA,EN,Federal Contract Tower,0,0,4,0,4,0,0,20,2,22,0,0,24,2,26,4,0,4,30
07/05/2020,IPT,PA,AEA,EN,Federal Contract Tower,0,3,4,0,7,0,2,39,2,43,0,5,43,2,50,22,0,22,72
07/06/2020,IPT,PA,AEA,EN,Federal Contract Tower,0,3,3,0,6,0,2,51,0,53,0,5,54,0,59,54,0,54,113
07/07/2020,IPT,PA,AEA,EN,Federal Contract Tower,0,6,9,0,15,0,0,22,0,22,0,6,31,0,37,0,0,0,37
07/08/2020,IPT,PA,AEA,EN,Federal Contract Tower,0,7,5,2,14,0,0,21,0,21,0,7,26,2,35,50,0,50,85
07/09/2020,IPT,PA,AEA,EN,Federal Contract Tower,0,4,7,0,11,0,0,17,0,17,0,4,24,0,28,14,0,14,42
07/10/2020,IPT,PA,AEA,EN,Federal Contract Tower,0,4,7,0,11,0,2,17,0,19,0,6,24,0,30,4,0,4,34
07/11/2020,IPT,PA,AEA,EN,Federal Contract Tower,0,5,3,0,8,0,0,12,0,12,0,5,15,0,20,18,0,18,38
07/12/2020,IPT,PA,AEA,EN,Federal Contract Tower,0,2,7,0,9,0,1,23,0,24,0,3,30,0,33,0,0,0,33
07/13/2020,IPT,PA,AEA,EN,Federal Contract Tower,0,4,4,0,8,0,1,23,0,24,0,5,27,0,32,8,0,8,40
07/14/2020,IPT,PA,AEA,EN,Federal Contract Tower,0,4,9,0,13,0,0,35,0,35,0,4,44,0,48,4,0,4,52
07/15/2020,IPT,PA,AEA,EN,Federal Contract Tower,0,6,11,2,19,0,0,43,0,43,0,6,54,2,62,30,0,30,92
07/16/2020,IPT,PA,AEA,EN,Federal Contract Tower,0,3,5,0,8,0,0,11,0,11,0,3,16,0,19,16,0,16,35
07/17/2020,IPT,PA,AEA,EN,Federal Contract Tower,0,4,7,2,13,0,2,16,0,18,0,6,23,2,31,0,0,0,31
07/18/2020,IPT,PA,AEA,EN,Federal Contract Tower,0,3,4,0,7,0,4,47,0,51,0,7,51,0,58,30,0,30,88
07/19/2020,IPT,PA,AEA,EN,Federal Contract Tower,0,2,3,2,7,0,3,32,0,35,0,5,35,2,42,6,0,6,48
07/20/2020,IPT,PA,AEA,EN,Federal Contract Tower,0,3,5,0,8,0,1,36,0,37,0,4,41,0,45,14,0,14,59
07/21/2020,IPT,PA,AEA,EN,Federal Contract Tower,0,4,6,0,10,0,1,47,0,48,0,5,53,0,58,42,0,42,100
07/22/2020,IPT,PA,AEA,EN,Federal Contract Tower,0,4,7,0,11,0,0,31,0,31,0,4,38,0,42,66,0,66,108
07/23/2020,IPT,PA,AEA,EN,Federal Contract Tower,0,4,8,1,13,0,10,23,2,35,0,14,31,3,48,18,22,40,88
07/24/2020,IPT,PA,AEA,EN,Federal Contract Tower,0,4,8,0,12,0,0,26,0,26,0,4,34,0,38,6,0,6,44
07/25/2020,IPT,PA,AEA,EN,Federal Contract Tower,0,5,3,0,8,0,2,28,0,30,0,7,31,0,38,0,0,0,38
07/26/2020,IPT,PA,AEA,EN,Federal Contract Tower,0,4,2,0,6,0,2,31,4,37,0,6,33,4,43,0,0,0,43
07/27/2020,IPT,PA,AEA,EN,Federal Contract Tower,0,3,10,0,13,0,0,30,0,30,0,3,40,0,43,20,0,20,63
07/28/2020,IPT,PA,AEA,EN,Federal Contract Tower,0,4,9,0,13,0,1,20,0,21,0,5,29,0,34,6,0,6,40
07/29/2020,IPT,PA,AEA,EN,Federal Contract Tower,0,8,21,0,29,0,3,66,0,69,0,11,87,0,98,4,0,4,102
07/30/2020,IPT,PA,AEA,EN,Federal Contract Tower,0,5,11,0,16,0,6,32,0,38,0,11,43,0,54,20,0,20,74
07/31/2020,IPT,PA,AEA,EN,Federal Contract Tower,0,4,4,0,8,0,6,41,2,49,0,10,45,2,57,0,0,0,57
08/01/2020,IPT,PA,AEA,EN,Federal Contract Tower,0,3,3,0,6,0,2,38,0,40,0,5,41,0,46,10,0,10,56
08/02/2020,IPT,PA,AEA,EN,Federal Contract Tower,0,3,4,0,7,0,2,1,0,3,0,5,5,0,10,0,0,0,10
08/03/2020,IPT,PA,AEA,EN,Federal Contract Tower,0,5,9,0,14,0,7,35,0,42,0,12,44,0,56,40,0,40,96
08/04/2020,IPT,PA,AEA,EN,Federal Contract Tower,0,10,3,0,13,0,0,1,0,1,0,10,4,0,14,0,0,0,14
08/05/2020,IPT,PA,AEA,EN,Federal Contract Tower,0,4,7,0,11,0,0,47,0,47,0,4,54,0,58,6,0,6,64
08/06/2020,IPT,PA,AEA,EN,Federal Contract Tower,0,4,10,2,16,0,2,33,1,36,0,6,43,3,52,2,12,14,66
08/07/2020,IPT,PA,AEA,EN,Federal Contract Tower,0,4,4,0,8,0,3,0,2,5,0,7,4,2,13,0,0,0,13
08/08/2020,IPT,PA,AEA,EN,Federal Contract Tower,0,3,11,0,14,0,2,16,0,18,0,5,27,0,32,4,0,4,36
08/09/2020,IPT,PA,AEA,EN,Federal Contract Tower,0,2,5,1,8,0,4,31,7,42,0,6,36,8,50,12,10,22,72
08/10/2020,IPT,PA,AEA,EN,Federal Contract Tower,0,3,5,0,8,0,0,66,0,66,0,3,71,0,74,4,0,4,78
08/11/2020,IPT,PA,AEA,EN,Federal Contract Tower,0,5,10,0,15,0,0,33,0,33,0,5,43,0,48,12,0,12,60
08/12/2020,IPT,PA,AEA,EN,Federal Contract Tower,0,4,2,0,6,0,0,27,0,27,0,4,29,0,33,82,0,82,115
08/13/2020,IPT,PA,AEA,EN,Federal Contract Tower,0,4,10,0,14,0,1,28,0,29,0,5,38,0,43,0,0,0,43
08/14/2020,IPT,PA,AEA,EN,Federal Contract Tower,0,5,14,0,19,0,1,19,0,20,0,6,33,0,39,10,0,10,49
08/15/2020,IPT,PA,AEA,EN,Federal Contract Tower,0,3,8,0,11,0,1,27,0,28,0,4,35,0,39,16,0,16,55
08/16/2020,IPT,PA,AEA,EN,Federal Contract Tower,0,3,3,0,6,0,4,22,0,26,0,7,25,0,32,0,0,0,32
08/17/2020,IPT,PA,AEA,EN,Federal Contract Tower,0,3,5,0,8,0,5,31,0,36,0,8,36,0,44,14,0,14,58
08/18/2020,IPT,PA,AEA,EN,Federal Contract Tower,0,6,5,0,11,0,4,51,0,55,0,10,56,0,66,10,0,10,76
08/19/2020,IPT,PA,AEA,EN,Federal Contract Tower,0,12,8,0,20,0,5,36,0,41,0,17,44,0,61,4,0,4,65
08/20/2020,IPT,PA,AEA,EN,Federal Contract Tower,0,6,10,0,16,0,5,42,0,47,0,11,52,0,63,12,0,12,75
08/21/2020,IPT,PA,AEA,EN,Federal Contract Tower,0,6,8,0,14,0,10,32,0,42,0,16,40,0,56,12,0,12,68
08/22/2020,IPT,PA,AEA,EN,Federal Contract Tower,0,4,3,0,7,0,5,30,0,35,0,9,33,0,42,4,0,4,46
08/23/2020,IPT,PA,AEA,EN,Federal Contract Tower,0,4,8,0,12,0,2,27,0,29,0,6,35,0,41,4,0,4,45
08/24/2020,IPT,PA,AEA,EN,Federal Contract Tower,0,7,7,0,14,0,6,19,0,25,0,13,26,0,39,20,0,20,59
08/25/2020,IPT,PA,AEA,EN,Federal Contract Tower,0,10,2,0,12,0,0,22,0,22,0,10,24,0,34,2,0,2,36
08/26/2020,IPT,PA,AEA,EN,Federal Contract Tower,0,3,12,1,16,0,2,38,1,41,0,5,50,2,57,4,0,4,61
08/27/2020,IPT,PA,AEA,EN,Federal Contract Tower,0,8,9,0,17,0,1,20,0,21,0,9,29,0,38,0,0,0,38
08/28/2020,IPT,PA,AEA,EN,Federal Contract Tower,0,5,2,0,7,0,0,8,0,8,0,5,10,0,15,4,0,4,19
08/29/2020,IPT,PA,AEA,EN,Federal Contract Tower,0,5,0,0,5,0,2,2,0,4,0,7,2,0,9,4,0,4,13
08/30/2020,IPT,PA,AEA,EN,Federal Contract Tower,0,4,3,0,7,0,0,38,0,38,0,4,41,0,45,0,0,0,45
08/31/2020,IPT,PA,AEA,EN,Federal Contract Tower,0,5,5,0,10,0,5,20,0,25,0,10,25,0,35,0,0,0,35
09/01/2020,IPT,PA,AEA,EN,Federal Contract Tower,0,6,10,0,16,0,0,20,0,20,0,6,30,0,36,22,0,22,58
09/02/2020,IPT,PA,AEA,EN,Federal Contract Tower,0,6,3,0,9,0,0,0,0,0,0,6,3,0,9,0,0,0,9
09/03/2020,IPT,PA,AEA,EN,Federal Contract Tower,0,6,17,0,23,0,0,9,0,9,0,6,26,0,32,2,0,2,34
09/04/2020,IPT,PA,AEA,EN,Federal Contract Tower,0,7,5,0,12,0,5,29,0,34,0,12,34,0,46,4,0,4,50
09/05/2020,IPT,PA,AEA,EN,Federal Contract Tower,0,6,7,0,13,0,1,69,0,70,0,7,76,0,83,12,0,12,95
09/06/2020,IPT,PA,AEA,EN,Federal Contract Tower,0,3,9,0,12,0,4,38,0,42,0,7,47,0,54,0,0,0,54
09/07/2020,IPT,PA,AEA,EN,Federal Contract Tower,0,4,6,0,10,0,7,24,0,31,0,11,30,0,41,14,0,14,55
09/08/2020,IPT,PA,AEA,EN,Federal Contract Tower,0,3,7,0,10,0,0,29,0,29,0,3,36,0,39,0,0,0,39
09/09/2020,IPT,PA,AEA,EN,Federal Contract Tower,0,4,2,0,6,0,3,35,0,38,0,7,37,0,44,20,0,20,64
09/10/2020,IPT,PA,AEA,EN,Federal Contract Tower,0,7,4,0,11,0,0,14,0,14,0,7,18,0,25,12,0,12,37
09/11/2020,IPT,PA,AEA,EN,Federal Contract Tower,0,4,22,0,26,0,0,32,0,32,0,4,54,0,58,0,0,0,58
09/12/2020,IPT,PA,AEA,EN,Federal Contract Tower,0,2,9,0,11,0,1,61,0,62,0,3,70,0,73,0,0,0,73
09/13/2020,IPT,PA,AEA,EN,Federal Contract Tower,0,5,10,0,15,0,1,12,0,13,0,6,22,0,28,0,0,0,28
09/14/2020,IPT,PA,AEA,EN,Federal Contract Tower,0,4,5,0,9,0,2,24,0,26,0,6,29,0,35,0,0,0,35
09/15/2020,IPT,PA,AEA,EN,Federal Contract Tower,0,7,10,0,17,0,1,42,0,43,0,8,52,0,60,20,0,20,80
09/16/2020,IPT,PA,AEA,EN,Federal Contract Tower,0,5,13,0,18,0,1,48,0,49,0,6,61,0,67,22,0,22,89
09/17/2020,IPT,PA,AEA,EN,Federal Contract Tower,0,11,1,2,14,0,4,28,0,32,0,15,29,2,46,2,14,16,62
09/18/2020,IPT,PA,AEA,EN,Federal Contract Tower,0,4,5,1,10,0,0,16,0,16,0,4,21,1,26,2,0,2,28
09/19/2020,IPT,PA,AEA,EN,Federal Contract Tower,0,2,7,0,9,0,4,31,2,37,0,6,38,2,46,4,0,4,50
09/20/2020,IPT,PA,AEA,EN,Federal Contract Tower,0,2,7,0,9,0,5,26,0,31,0,7,33,0,40,0,0,0,40
09/21/2020,IPT,PA,AEA,EN,Federal Contract Tower,0,4,3,2,9,0,1,29,0,30,0,5,32,2,39,8,0,8,47
09/22/2020,IPT,PA,AEA,EN,Federal Contract Tower,0,4,15,0,19,0,3,21,0,24,0,7,36,0,43,14,0,14,57
09/23/2020,IPT,PA,AEA,EN,Federal Contract Tower,0,4,7,1,12,0,11,32,1,44,0,15,39,2,56,0,14,14,70
09/24/2020,IPT,PA,AEA,EN,Federal Contract Tower,0,5,9,0,14,0,5,27,0,32,0,10,36,0,46,6,0,6,52
09/25/2020,IPT,PA,AEA,EN,Federal Contract Tower,0,6,6,0,12,0,4,24,0,28,0,10,30,0,40,24,0,24,64
09/26/2020,IPT,PA,AEA,EN,Federal Contract Tower,0,3,5,0,8,0,1,21,0,22,0,4,26,0,30,12,0,12,42
09/27/2020,IPT,PA,AEA,EN,Federal Contract Tower,0,2,6,0,8,0,0,13,0,13,0,2,19,0,21,0,0,0,21
09/28/2020,IPT,PA,AEA,EN,Federal Contract Tower,0,4,10,0,14,0,2,22,0,24,0,6,32,0,38,2,0,2,40
09/29/2020,IPT,PA,AEA,EN,Federal Contract Tower,0,2,9,0,11,0,2,2,0,4,0,4,11,0,15,0,0,0,15
09/30/2020,IPT,PA,AEA,EN,Federal Contract Tower,0,3,6,0,9,0,4,10,0,14,0,7,16,0,23,0,0,0,23
10/01/2020,IPT,PA,AEA,EN,Federal Contract Tower,0,7,6,0,13,0,1,27,0,28,0,8,33,0,41,0,0,0,41
10/02/2020,IPT,PA,AEA,EN,Federal Contract Tower,0,2,9,0,11,0,5,10,0,15,0,7,19,0,26,0,0,0,26
10/03/2020,IPT,PA,AEA,EN,Federal Contract Tower,0,4,2,0,6,0,0,38,0,38,0,4,40,0,44,44,0,44,88
10/04/2020,IPT,PA,AEA,EN,Federal Contract Tower,0,1,3,0,4,0,0,29,3,32,0,1,32,3,36,0,0,0,36
10/05/2020,IPT,PA,AEA,EN,Federal Contract Tower,0,4,5,2,11,0,0,33,4,37,0,4,38,6,48,4,4,8,56
10/06/2020,IPT,PA,AEA,EN,Federal Contract Tower,0,2,2,0,4,0,5,36,0,41,0,7,38,0,45,0,0,0,45
10/07/2020,IPT,PA,AEA,EN,Federal Contract Tower,0,4,9,0,13,0,1,11,0,12,0,5,20,0,25,0,0,0,25
10/08/2020,IPT,PA,AEA,EN,Federal Contract Tower,0,7,1,0,8,0,2,31,0,33,0,9,32,0,41,18,0,18,59
10/09/2020,IPT,PA,AEA,EN,Federal Contract Tower,0,2,7,0,9,0,2,38,0,40,0,4,45,0,49,24,0,24,73
10/10/2020,IPT,PA,AEA,EN,Federal Contract Tower,0,1,3,0,4,0,2,22,0,24,0,3,25,0,28,48,0,48,76
10/11/2020,IPT,PA,AEA,EN,Federal Contract Tower,0,0,0,0,0,0,3,6,0,9,0,3,6,0,9,4,0,4,13
10/12/2020,IPT,PA,AEA,EN,Federal Contract Tower,0,1,4,0,5,0,4,0,0,4,0,5,4,0,9,0,0,0,9
10/13/2020,IPT,PA,AEA,EN,Federal Contract Tower,0,2,4,0,6,0,2,14,0,16,0,4,18,0,22,0,0,0,22
10/14/2020,IPT,PA,AEA,EN,Federal Contract Tower,0,2,4,0,6,0,2,27,0,29,0,4,31,0,35,0,0,0,35
10/15/2020,IPT,PA,AEA,EN,Federal Contract Tower,0,2,3,0,5,0,6,16,0,22,0,8,19,0,27,0,0,0,27
10/16/2020,IPT,PA,AEA,EN,Federal Contract Tower,0,1,9,0,10,0,2,9,0,11,0,3,18,0,21,2,0,2,23
10/17/2020,IPT,PA,AEA,EN,Federal Contract Tower,0,0,12,0,12,0,1,35,0,36,0,1,47,0,48,6,0,6,54
10/18/2020,IPT,PA,AEA,EN,Federal Contract Tower,0,2,4,0,6,0,2,28,0,30,0,4,32,0,36,4,0,4,40
10/19/2020,IPT,PA,AEA,EN,Federal Contract Tower,0,1,3,0,4,0,0,4,0,4,0,1,7,0,8,4,0,4,12
10/20/2020,IPT,PA,AEA,EN,Federal Contract Tower,0,0,8,0,8,0,0,5,0,5,0,0,13,0,13,0,0,0,13
10/21/2020,IPT,PA,AEA,EN,Federal Contract Tower,0,2,12,0,14,0,1,16,0,17,0,3,28,0,31,18,0,18,49
10/22/2020,IPT,PA,AEA,EN,Federal Contract Tower,0,1,4,4,9,0,0,22,0,22,0,1,26,4,31,32,0,32,63
10/23/2020,IPT,PA,AEA,EN,Federal Contract Tower,0,2,4,0,6,0,1,2,0,3,0,3,6,0,9,0,0,0,9
10/24/2020,IPT,PA,AEA,EN,Federal Contract Tower,0,0,7,0,7,0,2,12,0,14,0,2,19,0,21,20,0,20,41
10/25/2020,IPT,PA,AEA,EN,Federal Contract Tower,0,0,7,0,7,0,8,22,0,30,0,8,29,0,37,6,0,6,43
10/26/2020,IPT,PA,AEA,EN,Federal Contract Tower,0,5,4,0,9,0,0,0,0,0,0,5,4,0,9,0,0,0,9
10/27/2020,IPT,PA,AEA,EN,Federal Contract Tower,0,1,5,0,6,0,0,10,0,10,0,1,15,0,16,24,0,24,40
10/28/2020,IPT,PA,AEA,EN,Federal Contract Tower,0,2,3,0,5,0,0,3,0,3,0,2,6,0,8,26,0,26,34
10/29/2020,IPT,PA,AEA,EN,Federal Contract Tower,0,4,3,0,7,0,0,0,0,0,0,4,3,0,7,0,0,0,7
10/30/2020,IPT,PA,AEA,EN,Federal Contract Tower,0,1,6,4,11,0,0,8,0,8,0,1,14,4,19,4,0,4,23
10/31/2020,IPT,PA,AEA,EN,Federal Contract Tower,2,3,2,2,9,0,0,30,1,31,2,3,32,3,40,14,0,14,54
11/01/2020,IPT,PA,AEA,EN,Federal Contract Tower,2,5,1,6,14,0,0,1,0,1,2,5,2,6,15,0,0,0,15
11/02/2020,IPT,PA,AEA,EN,Federal Contract Tower,0,2,1,0,3,0,1,5,0,6,0,3,6,0,9,0,0,0,9
11/03/2020,IPT,PA,AEA,EN,Federal Contract Tower,0,2,0,0,2,0,0,15,0,15,0,2,15,0,17,10,0,10,27
11/04/2020,IPT,PA,AEA,EN,Federal Contract Tower,0,2,3,0,5,0,10,34,0,44,0,12,37,0,49,12,0,12,61
11/05/2020,IPT,PA,AEA,EN,Federal Contract Tower,0,2,8,0,10,0,1,33,0,34,0,3,41,0,44,46,0,46,90
11/06/2020,IPT,PA,AEA,EN,Federal Contract Tower,0,2,6,0,8,0,3,15,0,18,0,5,21,0,26,12,2,14,40
11/07/2020,IPT,PA,AEA,EN,Federal Contract Tower,0,2,3,0,5,0,3,53,0,56,0,5,56,0,61,48,0,48,109
11/08/2020,IPT,PA,AEA,EN,Federal Contract Tower,0,0,9,0,9,0,2,35,0,37,0,2,44,0,46,56,0,56,102
11/09/2020,IPT,PA,AEA,EN,Federal Contract Tower,0,1,4,0,5,0,7,40,4,51,0,8,44,4,56,54,0,54,110
11/10/2020,IPT,PA,AEA,EN,Federal Contract Tower,0,2,10,0,12,0,4,30,2,36,0,6,40,2,48,0,0,0,48
11/11/2020,IPT,PA,AEA,EN,Federal Contract Tower,0,2,6,0,8,0,0,0,0,0,0,2,6,0,8,0,0,0,8
11/12/2020,IPT,PA,AEA,EN,Federal Contract Tower,0,2,6,0,8,0,0,21,0,21,0,2,27,0,29,18,0,18,47
11/13/2020,IPT,PA,AEA,EN,Federal Contract Tower,0,3,13,0,16,0,0,13,0,13,0,3,26,0,29,24,0,24,53
11/14/2020,IPT,PA,AEA,EN,Federal Contract Tower,0,0,4,0,4,0,2,24,0,26,0,2,28,0,30,2,0,2,32
11/15/2020,IPT,PA,AEA,EN,Federal Contract Tower,0,0,1,0,1,0,0,0,0,0,0,0,1,0,1,0,0,0,1
11/16/2020,IPT,PA,AEA,EN,Federal Contract Tower,0,2,11,0,13,0,1,30,0,31,0,3,41,0,44,32,0,32,76
11/17/2020,IPT,PA,AEA,EN,Federal Contract Tower,0,4,4,0,8,0,0,2,0,2,0,4,6,0,10,0,0,0,10
11/18/2020,IPT,PA,AEA,EN,Federal Contract Tower,0,2,5,0,7,0,2,7,0,9,0,4,12,0,16,6,0,6,22
11/19/2020,IPT,PA,AEA,EN,Federal Contract Tower,0,2,10,0,12,0,3,38,0,41,0,5,48,0,53,18,0,18,71
11/20/2020,IPT,PA,AEA,EN,Federal Contract Tower,0,3,5,4,12,0,5,33,0,38,0,8,38,4,50,10,0,10,60
11/21/2020,IPT,PA,AEA,EN,Federal Contract Tower,0,1,5,0,6,0,5,26,0,31,0,6,31,0,37,24,0,24,61
11/22/2020,IPT,PA,AEA,EN,Federal Contract Tower,0,1,2,0,3,0,2,2,0,4,0,3,4,0,7,0,0,0,7
11/23/2020,IPT,PA,AEA,EN,Federal Contract Tower,0,1,7,0,8,0,3,3,0,6,0,4,10,0,14,0,0,0,14
11/24/2020,IPT,PA,AEA,EN,Federal Contract Tower,0,1,7,0,8,0,1,36,0,37,0,2,43,0,45,4,0,4,49
11/25/2020,IPT,PA,AEA,EN,Federal Contract Tower,0,2,6,0,8,0,3,15,0,18,0,5,21,0,26,0,0,0,26
11/26/2020,IPT,PA,AEA,EN,Federal Contract Tower,0,0,3,0,3,0,0,0,0,0,0,0,3,0,3,0,0,0,3
11/27/2020,IPT,PA,AEA,EN,Federal Contract Tower,0,1,3,0,4,0,0,12,0,12,0,1,15,0,16,10,0,10,26
11/28/2020,IPT,PA,AEA,EN,Federal Contract Tower,0,2,1,0,3,0,0,22,0,22,0,2,23,0,25,4,0,4,29
11/29/2020,IPT,PA,AEA,EN,Federal Contract Tower,0,0,3,0,3,0,2,28,0,30,0,2,31,0,33,0,0,0,33
11/30/2020,IPT,PA,AEA,EN,Federal Contract Tower,0,1,0,0,1,0,0,0,0,0,0,1,0,0,1,0,0,0,1
12/01/2020,IPT,PA,AEA,EN,Federal Contract Tower,0,1,6,0,7,0,0,0,0,0,0,1,6,0,7,0,0,0,7
12/02/2020,IPT,PA,AEA,EN,Federal Contract Tower,0,2,3,0,5,0,2,1,0,3,0,4,4,0,8,8,0,8,16
12/03/2020,IPT,PA,AEA,EN,Federal Contract Tower,0,2,2,0,4,0,5,23,0,28,0,7,25,0,32,2,0,2,34
12/04/2020,IPT,PA,AEA,EN,Federal Contract Tower,0,4,1,2,7,0,4,6,8,18,0,8,7,10,25,0,12,12,37
12/05/2020,IPT,PA,AEA,EN,Federal Contract Tower,0,0,1,0,1,0,0,2,0,2,0,0,3,0,3,0,0,0,3
12/06/2020,IPT,PA,AEA,EN,Federal Contract Tower,0,0,5,0,5,0,2,18,0,20,0,2,23,0,25,0,0,0,25
12/07/2020,IPT,PA,AEA,EN,Federal Contract Tower,0,2,4,0,6,0,10,32,0,42,0,12,36,0,48,56,0,56,104
12/08/2020,IPT,PA,AEA,EN,Federal Contract Tower,0,3,8,0,11,0,4,16,6,26,0,7,24,6,37,0,0,0,37
12/09/2020,IPT,PA,AEA,EN,Federal Contract Tower,0,1,1,0,2,0,2,0,0,2,0,3,1,0,4,14,0,14,18
12/10/2020,IPT,PA,AEA,EN,Federal Contract Tower,0,3,5,0,8,0,1,13,0,14,0,4,18,0,22,16,2,18,40
12/11/2020,IPT,PA,AEA,EN,Federal Contract Tower,0,2,12,0,14,0,5,25,0,30,0,7,37,0,44,0,0,0,44
12/12/2020,IPT,PA,AEA,EN,Federal Contract Tower,0,0,3,0,3,0,0,0,0,0,0,0,3,0,3,0,0,0,3
12/13/2020,IPT,PA,AEA,EN,Federal Contract Tower,0,4,2,0,6,0,6,14,0,20,0,10,16,0,26,0,0,0,26
12/14/2020,IPT,PA,AEA,EN,Federal Contract Tower,0,3,2,0,5,0,1,2,0,3,0,4,4,0,8,0,0,0,8
12/15/2020,IPT,PA,AEA,EN,Federal Contract Tower,0,2,3,0,5,0,3,22,0,25,0,5,25,0,30,20,0,20,50
12/16/2020,IPT,PA,AEA,EN,Federal Contract Tower,0,1,0,0,1,0,0,0,0,0,0,1,0,0,1,0,0,0,1
12/17/2020,IPT,PA,AEA,EN,Federal Contract Tower,0,0,1,0,1,0,2,0,0,2,0,2,1,0,3,0,0,0,3
12/18/2020,IPT,PA,AEA,EN,Federal Contract Tower,0,3,1,0,4,0,0,0,0,0,0,3,1,0,4,0,0,0,4
12/19/2020,IPT,PA,AEA,EN,Federal Contract Tower,0,1,5,0,6,0,2,5,0,7,0,3,10,0,13,0,0,0,13
12/20/2020,IPT,PA,AEA,EN,Federal Contract Tower,0,0,0,0,0,0,9,0,0,9,0,9,0,0,9,0,0,0,9
12/21/2020,IPT,PA,AEA,EN,Federal Contract Tower,0,1,7,0,8,0,0,1,0,1,0,1,8,0,9,0,0,0,9
12/22/2020,IPT,PA,AEA,EN,Federal Contract Tower,0,2,8,0,10,0,0,5,0,5,0,2,13,0,15,0,0,0,15
12/23/2020,IPT,PA,AEA,EN,Federal Contract Tower,0,1,13,0,14,0,2,22,0,24,0,3,35,0,38,6,0,6,44
12/24/2020,IPT,PA,AEA,EN,Federal Contract Tower,0,1,2,0,3,0,0,0,0,0,0,1,2,0,3,0,0,0,3
12/25/2020,IPT,PA,AEA,EN,Federal Contract Tower,0,1,0,0,1,0,0,0,0,0,0,1,0,0,1,0,0,0,1
12/26/2020,IPT,PA,AEA,EN,Federal Contract Tower,0,3,5,0,8,0,4,9,0,13,0,7,14,0,21,8,0,8,29
12/27/2020,IPT,PA,AEA,EN,Federal Contract Tower,0,2,2,0,4,0,2,25,0,27,0,4,27,0,31,14,0,14,45
12/28/2020,IPT,PA,AEA,EN,Federal Contract Tower,0,1,2,0,3,0,8,24,0,32,0,9,26,0,35,26,0,26,61
12/29/2020,IPT,PA,AEA,EN,Federal Contract Tower,0,2,13,0,15,0,0,20,0,20,0,2,33,0,35,0,0,0,35
12/30/2020,IPT,PA,AEA,EN,Federal Contract Tower,0,2,6,0,8,0,0,15,0,15,0,2,21,0,23,8,0,8,31
12/31/2020,IPT,PA,AEA,EN,Federal Contract Tower,0,1,7,0,8,0,2,8,0,10,0,3,15,0,18,26,0,26,44
01/01/2021,IPT,PA,AEA,EN,Federal Contract Tower,0,0,1,0,1,0,0,3,0,3,0,0,4,0,4,0,0,0,4
01/02/2021,IPT,PA,AEA,EN,Federal Contract Tower,0,2,5,0,7,0,0,4,0,4,0,2,9,0,11,12,0,12,23
01/03/2021,IPT,PA,AEA,EN,Federal Contract Tower,0,0,1,0,1,0,0,0,0,0,0,0,1,0,1,0,0,0,1
01/04/2021,IPT,PA,AEA,EN,Federal Contract Tower,0,1,6,0,7,0,3,11,0,14,0,4,17,0,21,22,0,22,43
01/05/2021,IPT,PA,AEA,EN,Federal Contract Tower,0,4,5,0,9,0,0,0,0,0,0,4,5,0,9,0,0,0,9
01/06/2021,IPT,PA,AEA,EN,Federal Contract Tower,0,4,2,0,6,0,1,11,0,12,0,5,13,0,18,20,0,20,38
01/07/2021,IPT,PA,AEA,EN,Federal Contract Tower,0,4,2,0,6,0,4,32,0,36,0,8,34,0,42,30,0,30,72
01/08/2021,IPT,PA,AEA,EN,Federal Contract Tower,0,3,10,0,13,0,2,17,0,19,0,5,27,0,32,0,0,0,32
01/09/2021,IPT,PA,AEA,EN,Federal Contract Tower,0,5,6,0,11,0,9,32,0,41,0,14,38,0,52,28,0,28,80
01/10/2021,IPT,PA,AEA,EN,Federal Contract Tower,0,3,2,0,5,0,3,47,0,50,0,6,49,0,55,12,0,12,67
01/11/2021,IPT,PA,AEA,EN,Federal Contract Tower,0,5,1,2,8,0,0,23,0,23,0,5,24,2,31,0,0,0,31
01/12/2021,IPT,PA,AEA,EN,Federal Contract Tower,0,5,4,0,9,0,1,20,0,21,0,6,24,0,30,14,0,14,44
01/13/2021,IPT,PA,AEA,EN,Federal Contract Tower,0,4,2,0,6,0,8,13,0,21,0,12,15,0,27,18,0,18,45
01/14/2021,IPT,PA,AEA,EN,Federal Contract Tower,0,5,2,2,9,0,3,15,0,18,0,8,17,2,27,0,0,0,27
01/15/2021,IPT,PA,AEA,EN,Federal Contract Tower,0,5,6,0,11,0,1,4,0,5,0,6,10,0,16,0,0,0,16
01/16/2021,IPT,PA,AEA,EN,Federal Contract Tower,0,3,3,0,6,0,5,12,0,17,0,8,15,0,23,22,0,22,45
01/17/2021,IPT,PA,AEA,EN,Federal Contract Tower,0,2,4,0,6,0,4,7,0,11,0,6,11,0,17,0,0,0,17
01/18/2021,IPT,PA,AEA,EN,Federal Contract Tower,0,3,4,0,7,0,0,18,0,18,0,3,22,0,25,14,0,14,39
01/19/2021,IPT,PA,AEA,EN,Federal Contract Tower,0,4,3,0,7,0,2,23,0,25,0,6,26,0,32,0,0,0,32
01/20/2021,IPT,PA,AEA,EN,Federal Contract Tower,0,8,13,0,21,0,7,6,0,13,0,15,19,0,34,0,0,0,34
01/21/2021,IPT,PA,AEA,EN,Federal Contract Tower,0,3,4,0,7,0,2,9,0,11,0,5,13,0,18,2,0,2,20
01/22/2021,IPT,PA,AEA,EN,Federal Contract Tower,0,5,1,0,6,0,0,6,0,6,0,5,7,0,12,2,0,2,14
01/23/2021,IPT,PA,AEA,EN,Federal Contract Tower,0,2,4,0,6,0,0,5,0,5,0,2,9,0,11,0,0,0,11
01/24/2021,IPT,PA,AEA,EN,Federal Contract Tower,0,2,4,0,6,0,0,35,0,35,0,2,39,0,41,14,0,14,55
01/25/2021,IPT,PA,AEA,EN,Federal Contract Tower,0,3,2,0,5,0,0,33,0,33,0,3,35,0,38,32,0,32,70
01/26/2021,IPT,PA,AEA,EN,Federal Contract Tower,0,0,3,0,3,0,0,0,0,0,0,0,3,0,3,0,0,0,3
01/27/2021,IPT,PA,AEA,EN,Federal Contract Tower,0,3,6,0,9,0,0,6,0,6,0,3,12,0,15,0,0,0,15
01/28/2021,IPT,PA,AEA,EN,Federal Contract Tower,0,4,5,0,9,0,5,9,6,20,0,9,14,6,29,0,0,0,29
01/29/2021,IPT,PA,AEA,EN,Federal Contract Tower,0,6,5,0,11,0,5,5,0,10,0,11,10,0,21,0,0,0,21
01/30/2021,IPT,PA,AEA,EN,Federal Contract Tower,0,3,15,0,18,0,0,42,0,42,0,3,57,0,60,8,0,8,68
01/31/2021,IPT,PA,AEA,EN,Federal Contract Tower,0,0,0,0,0,0,0,0,0,0,0,0,0,0,0,0,0,0,0
02/01/2021,IPT,PA,AEA,EN,Federal Contract Tower,0,0,0,0,0,0,0,0,0,0,0,0,0,0,0,0,0,0,0
02/02/2021,IPT,PA,AEA,EN,Federal Contract Tower,0,2,3,0,5,0,2,0,3,5,0,4,3,3,10,0,0,0,10
02/03/2021,IPT,PA,AEA,EN,Federal Contract Tower,0,5,2,0,7,0,8,3,0,11,0,13,5,0,18,18,0,18,36
02/04/2021,IPT,PA,AEA,EN,Federal Contract Tower,0,4,8,0,12,0,1,21,0,22,0,5,29,0,34,50,0,50,84
02/05/2021,IPT,PA,AEA,EN,Federal Contract Tower,0,4,1,0,5,0,0,4,0,4,0,4,5,0,9,14,0,14,23
02/06/2021,IPT,PA,AEA,EN,Federal Contract Tower,0,2,6,0,8,0,2,9,0,11,0,4,15,0,19,16,0,16,35
02/07/2021,IPT,PA,AEA,EN,Federal Contract Tower,0,0,1,0,1,0,2,0,0,2,0,2,1,0,3,0,0,0,3
02/08/2021,IPT,PA,AEA,EN,Federal Contract Tower,0,3,13,0,16,0,1,28,0,29,0,4,41,0,45,36,0,36,81
02/09/2021,IPT,PA,AEA,EN,Federal Contract Tower,0,2,5,0,7,0,0,2,0,2,0,2,7,0,9,0,0,0,9
02/10/2021,IPT,PA,AEA,EN,Federal Contract Tower,0,4,8,0,12,0,1,33,0,34,0,5,41,0,46,36,0,36,82
02/11/2021,IPT,PA,AEA,EN,Federal Contract Tower,0,3,3,0,6,0,2,0,2,4,0,5,3,2,10,0,8,8,18
02/12/2021,IPT,PA,AEA,EN,Federal Contract Tower,0,3,2,0,5,0,2,10,0,12,0,5,12,0,17,44,0,44,61
02/13/2021,IPT,PA,AEA,EN,Federal Contract Tower,0,4,3,0,7,0,2,8,0,10,0,6,11,0,17,4,0,4,21
02/14/2021,IPT,PA,AEA,EN,Federal Contract Tower,0,2,2,0,4,0,7,0,0,7,0,9,2,0,11,0,0,0,11
02/15/2021,IPT,PA,AEA,EN,Federal Contract Tower,0,2,3,0,5,0,0,0,0,0,0,2,3,0,5,0,0,0,5
02/16/2021,IPT,PA,AEA,EN,Federal Contract Tower,0,1,0,0,1,0,2,0,0,2,0,3,0,0,3,0,0,0,3
02/17/2021,IPT,PA,AEA,EN,Federal Contract Tower,0,5,0,0,5,0,13,22,0,35,0,18,22,0,40,46,0,46,86
02/18/2021,IPT,PA,AEA,EN,Federal Contract Tower,0,1,0,0,1,0,0,0,0,0,0,1,0,0,1,0,0,0,1
02/19/2021,IPT,PA,AEA,EN,Federal Contract Tower,0,3,4,0,7,0,0,0,0,0,0,3,4,0,7,0,0,0,7
02/20/2021,IPT,PA,AEA,EN,Federal Contract Tower,0,3,4,0,7,0,4,8,0,12,0,7,12,0,19,60,0,60,79
02/21/2021,IPT,PA,AEA,EN,Federal Contract Tower,0,3,10,0,13,0,0,44,0,44,0,3,54,0,57,6,0,6,63
02/22/2021,IPT,PA,AEA,EN,Federal Contract Tower,0,1,3,0,4,0,0,0,0,0,0,1,3,0,4,0,0,0,4
02/23/2021,IPT,PA,AEA,EN,Federal Contract Tower,0,1,7,0,8,0,8,0,0,8,0,9,7,0,16,0,0,0,16
02/24/2021,IPT,PA,AEA,EN,Federal Contract Tower,0,2,8,0,10,0,4,18,0,22,0,6,26,0,32,2,0,2,34
02/25/2021,IPT,PA,AEA,EN,Federal Contract Tower,0,5,3,0,8,0,5,21,0,26,0,10,24,0,34,8,0,8,42
02/26/2021,IPT,PA,AEA,EN,Federal Contract Tower,0,5,3,0,8,0,2,32,0,34,0,7,35,0,42,48,0,48,90
02/27/2021,IPT,PA,AEA,EN,Federal Contract Tower,0,6,2,0,8,0,0,4,0,4,0,6,6,0,12,0,0,0,12
02/28/2021,IPT,PA,AEA,EN,Federal Contract Tower,0,3,1,0,4,0,0,0,0,0,0,3,1,0,4,0,0,0,4
03/01/2021,IPT,PA,AEA,EN,Federal Contract Tower,0,3,2,0,5,0,2,6,0,8,0,5,8,0,13,26,0,26,39
03/02/2021,IPT,PA,AEA,EN,Federal Contract Tower,0,1,4,0,5,0,2,25,0,27,0,3,29,0,32,28,0,28,60
03/03/2021,IPT,PA,AEA,EN,Federal Contract Tower,0,4,7,2,13,0,0,40,0,40,0,4,47,2,53,22,0,22,75
03/04/2021,IPT,PA,AEA,EN,Federal Contract Tower,0,4,1,0,5,0,1,10,0,11,0,5,11,0,16,10,0,10,26
03/05/2021,IPT,PA,AEA,EN,Federal Contract Tower,0,4,1,0,5,0,0,11,0,11,0,4,12,0,16,0,0,0,16
03/06/2021,IPT,PA,AEA,EN,Federal Contract Tower,0,3,2,0,5,0,2,16,0,18,0,5,18,0,23,40,0,40,63
03/07/2021,IPT,PA,AEA,EN,Federal Contract Tower,0,2,7,0,9,0,0,40,0,40,0,2,47,0,49,12,0,12,61
03/08/2021,IPT,PA,AEA,EN,Federal Contract Tower,0,5,4,0,9,0,0,27,0,27,0,5,31,0,36,14,0,14,50
03/09/2021,IPT,PA,AEA,EN,Federal Contract Tower,0,4,7,0,11,0,8,41,0,49,0,12,48,0,60,22,0,22,82
03/10/2021,IPT,PA,AEA,EN,Federal Contract Tower,0,2,6,0,8,0,0,42,0,42,0,2,48,0,50,12,0,12,62
03/11/2021,IPT,PA,AEA,EN,Federal Contract Tower,0,3,9,0,12,0,1,14,0,15,0,4,23,0,27,10,0,10,37
03/12/2021,IPT,PA,AEA,EN,Federal Contract Tower,0,4,12,0,16,0,2,13,0,15,0,6,25,0,31,32,4,36,67
03/13/2021,IPT,PA,AEA,EN,Federal Contract Tower,0,5,2,0,7,0,0,29,0,29,0,5,31,0,36,4,0,4,40
03/14/2021,IPT,PA,AEA,EN,Federal Contract Tower,0,2,5,0,7,0,0,18,0,18,0,2,23,0,25,0,0,0,25
03/15/2021,IPT,PA,AEA,EN,Federal Contract Tower,0,3,9,0,12,0,3,19,0,22,0,6,28,0,34,2,0,2,36
03/16/2021,IPT,PA,AEA,EN,Federal Contract Tower,0,2,0,0,2,0,0,0,0,0,0,2,0,0,2,0,0,0,2
03/17/2021,IPT,PA,AEA,EN,Federal Contract Tower,0,4,7,0,11,0,4,4,0,8,0,8,11,0,19,0,0,0,19
03/18/2021,IPT,PA,AEA,EN,Federal Contract Tower,0,4,3,0,7,0,0,0,0,0,0,4,3,0,7,0,0,0,7
03/19/2021,IPT,PA,AEA,EN,Federal Contract Tower,0,4,9,0,13,0,0,10,0,10,0,4,19,0,23,0,0,0,23
03/20/2021,IPT,PA,AEA,EN,Federal Contract Tower,0,5,8,0,13,0,0,42,2,44,0,5,50,2,57,20,0,20,77
03/21/2021,IPT,PA,AEA,EN,Federal Contract Tower,0,2,2,0,4,0,4,37,0,41,0,6,39,0,45,10,0,10,55
03/22/2021,IPT,PA,AEA,EN,Federal Contract Tower,0,5,9,0,14,0,6,54,0,60,0,11,63,0,74,16,0,16,90
03/23/2021,IPT,PA,AEA,EN,Federal Contract Tower,0,8,9,0,17,0,4,42,0,46,0,12,51,0,63,22,0,22,85
03/24/2021,IPT,PA,AEA,EN,Federal Contract Tower,0,4,8,0,12,0,0,0,0,0,0,4,8,0,12,0,0,0,12
03/25/2021,IPT,PA,AEA,EN,Federal Contract Tower,0,5,7,2,14,0,2,3,0,5,0,7,10,2,19,28,0,28,47
03/26/2021,IPT,PA,AEA,EN,Federal Contract Tower,0,5,4,0,9,0,0,2,0,2,0,5,6,0,11,0,0,0,11
03/27/2021,IPT,PA,AEA,EN,Federal Contract Tower,0,3,13,0,16,0,3,41,0,44,0,6,54,0,60,48,0,48,108
03/28/2021,IPT,PA,AEA,EN,Federal Contract Tower,0,2,5,0,7,0,0,3,0,3,0,2,8,0,10,0,0,0,10
03/29/2021,IPT,PA,AEA,EN,Federal Contract Tower,0,3,2,0,5,0,4,14,1,19,0,7,16,1,24,6,0,6,30
03/30/2021,IPT,PA,AEA,EN,Federal Contract Tower,0,4,2,0,6,0,0,35,2,37,0,4,37,2,43,26,0,26,69
03/31/2021,IPT,PA,AEA,EN,Federal Contract Tower,0,3,8,0,11,0,0,15,0,15,0,3,23,0,26,24,0,24,50
04/01/2021,IPT,PA,AEA,EN,Federal Contract Tower,0,6,12,0,18,0,0,9,0,9,0,6,21,0,27,4,0,4,31
04/02/2021,IPT,PA,AEA,EN,Federal Contract Tower,0,4,4,0,8,0,3,11,0,14,0,7,15,0,22,2,0,2,24
04/03/2021,IPT,PA,AEA,EN,Federal Contract Tower,0,2,5,0,7,0,0,26,0,26,0,2,31,0,33,20,0,20,53
04/04/2021,IPT,PA,AEA,EN,Federal Contract Tower,0,2,4,0,6,0,1,21,0,22,0,3,25,0,28,0,0,0,28
04/05/2021,IPT,PA,AEA,EN,Federal Contract Tower,0,1,6,0,7,0,2,30,0,32,0,3,36,0,39,24,0,24,63
04/06/2021,IPT,PA,AEA,EN,Federal Contract Tower,0,1,7,1,9,0,12,32,2,46,0,13,39,3,55,42,14,56,111
04/07/2021,IPT,PA,AEA,EN,Federal Contract Tower,0,10,5,0,15,0,6,28,0,34,0,16,33,0,49,8,0,8,57
04/08/2021,IPT,PA,AEA,EN,Federal Contract Tower,0,6,6,0,12,0,1,26,0,27,0,7,32,0,39,28,0,28,67
04/09/2021,IPT,PA,AEA,EN,Federal Contract Tower,0,6,7,0,13,0,3,12,2,17,0,9,19,2,30,6,0,6,36
04/10/2021,IPT,PA,AEA,EN,Federal Contract Tower,0,8,11,0,19,0,0,2,0,2,0,8,13,0,21,0,0,0,21
04/11/2021,IPT,PA,AEA,EN,Federal Contract Tower,0,2,6,0,8,0,3,0,0,3,0,5,6,0,11,0,0,0,11
04/12/2021,IPT,PA,AEA,EN,Federal Contract Tower,0,3,11,0,14,0,3,0,0,3,0,6,11,0,17,0,0,0,17
04/13/2021,IPT,PA,AEA,EN,Federal Contract Tower,0,4,12,0,16,0,0,30,0,30,0,4,42,0,46,14,0,14,60
04/14/2021,IPT,PA,AEA,EN,Federal Contract Tower,0,6,8,0,14,0,11,25,0,36,0,17,33,0,50,6,0,6,56
04/15/2021,IPT,PA,AEA,EN,Federal Contract Tower,0,8,10,2,20,0,2,27,0,29,0,10,37,2,49,20,0,20,69
04/16/2021,IPT,PA,AEA,EN,Federal Contract Tower,0,10,7,0,17,0,0,0,0,0,0,10,7,0,17,0,0,0,17
04/17/2021,IPT,PA,AEA,EN,Federal Contract Tower,0,5,5,0,10,0,3,16,0,19,0,8,21,0,29,2,8,10,39
04/18/2021,IPT,PA,AEA,EN,Federal Contract Tower,0,4,1,0,5,0,0,29,0,29,0,4,30,0,34,2,0,2,36
04/19/2021,IPT,PA,AEA,EN,Federal Contract Tower,0,2,10,0,12,0,0,24,0,24,0,2,34,0,36,66,0,66,102
04/20/2021,IPT,PA,AEA,EN,Federal Contract Tower,0,3,6,0,9,0,5,35,0,40,0,8,41,0,49,2,0,2,51
04/21/2021,IPT,PA,AEA,EN,Federal Contract Tower,0,2,2,0,4,0,5,0,0,5,0,7,2,0,9,0,0,0,9
04/22/2021,IPT,PA,AEA,EN,Federal Contract Tower,0,10,0,0,10,0,3,14,0,17,0,13,14,0,27,0,0,0,27
04/23/2021,IPT,PA,AEA,EN,Federal Contract Tower,0,5,8,0,13,0,2,27,0,29,0,7,35,0,42,6,0,6,48
04/24/2021,IPT,PA,AEA,EN,Federal Contract Tower,0,4,9,0,13,0,2,22,0,24,0,6,31,0,37,36,0,36,73
04/25/2021,IPT,PA,AEA,EN,Federal Contract Tower,0,2,3,0,5,0,4,17,0,21,0,6,20,0,26,4,0,4,30
04/26/2021,IPT,PA,AEA,EN,Federal Contract Tower,0,8,1,0,9,0,5,33,2,40,0,13,34,2,49,58,0,58,107
04/27/2021,IPT,PA,AEA,EN,Federal Contract Tower,0,12,3,0,15,0,11,27,0,38,0,23,30,0,53,36,0,36,89
04/28/2021,IPT,PA,AEA,EN,Federal Contract Tower,0,6,8,0,14,0,6,23,12,41,0,12,31,12,55,0,0,0,55
04/29/2021,IPT,PA,AEA,EN,Federal Contract Tower,0,4,11,0,15,0,0,2,0,2,0,4,13,0,17,0,0,0,17
04/30/2021,IPT,PA,AEA,EN,Federal Contract Tower,0,7,2,0,9,0,0,0,0,0,0,7,2,0,9,0,0,0,9
05/01/2021,IPT,PA,AEA,EN,Federal Contract Tower,0,5,1,0,6,0,2,18,0,20,0,7,19,0,26,20,0,20,46
05/02/2021,IPT,PA,AEA,EN,Federal Contract Tower,0,2,6,0,8,0,15,27,0,42,0,17,33,0,50,14,0,14,64
05/03/2021,IPT,PA,AEA,EN,Federal Contract Tower,0,4,6,0,10,0,0,20,0,20,0,4,26,0,30,2,0,2,32
05/04/2021,IPT,PA,AEA,EN,Federal Contract Tower,0,3,4,0,7,0,4,12,0,16,0,7,16,0,23,0,0,0,23
05/05/2021,IPT,PA,AEA,EN,Federal Contract Tower,0,2,1,0,3,0,4,6,0,10,0,6,7,0,13,4,0,4,17
05/06/2021,IPT,PA,AEA,EN,Federal Contract Tower,0,5,5,0,10,0,0,26,0,26,0,5,31,0,36,24,0,24,60
05/07/2021,IPT,PA,AEA,EN,Federal Contract Tower,0,6,2,0,8,0,0,10,0,10,0,6,12,0,18,2,0,2,20
05/08/2021,IPT,PA,AEA,EN,Federal Contract Tower,0,3,5,0,8,0,5,8,0,13,0,8,13,0,21,28,0,28,49
05/09/2021,IPT,PA,AEA,EN,Federal Contract Tower,0,2,7,0,9,0,1,7,0,8,0,3,14,0,17,16,0,16,33
05/10/2021,IPT,PA,AEA,EN,Federal Contract Tower,0,3,4,0,7,0,7,32,0,39,0,10,36,0,46,42,0,42,88
05/11/2021,IPT,PA,AEA,EN,Federal Contract Tower,0,3,7,0,10,0,3,25,2,30,0,6,32,2,40,0,6,6,46
05/12/2021,IPT,PA,AEA,EN,Federal Contract Tower,0,2,5,0,7,0,0,0,0,0,0,2,5,0,7,0,0,0,7
05/13/2021,IPT,PA,AEA,EN,Federal Contract Tower,0,4,10,0,14,0,0,42,0,42,0,4,52,0,56,8,1,9,65
05/14/2021,IPT,PA,AEA,EN,Federal Contract Tower,0,4,5,0,9,0,9,55,0,64,0,13,60,0,73,10,0,10,83
05/15/2021,IPT,PA,AEA,EN,Federal Contract Tower,0,2,7,0,9,0,15,24,0,39,0,17,31,0,48,18,0,18,66
05/16/2021,IPT,PA,AEA,EN,Federal Contract Tower,0,2,7,0,9,0,6,19,0,25,0,8,26,0,34,2,0,2,36
05/17/2021,IPT,PA,AEA,EN,Federal Contract Tower,0,3,7,0,10,0,4,35,0,39,0,7,42,0,49,6,0,6,55
05/18/2021,IPT,PA,AEA,EN,Federal Contract Tower,0,3,4,0,7,0,8,43,0,51,0,11,47,0,58,0,0,0,58
05/19/2021,IPT,PA,AEA,EN,Federal Contract Tower,0,3,5,0,8,0,1,47,0,48,0,4,52,0,56,14,12,26,82
05/20/2021,IPT,PA,AEA,EN,Federal Contract Tower,0,5,4,0,9,0,5,32,0,37,0,10,36,0,46,24,0,24,70
05/21/2021,IPT,PA,AEA,EN,Federal Contract Tower,0,4,7,0,11,0,8,23,0,31,0,12,30,0,42,34,0,34,76
05/22/2021,IPT,PA,AEA,EN,Federal Contract Tower,0,4,4,0,8,0,5,11,0,16,0,9,15,0,24,4,0,4,28
05/23/2021,IPT,PA,AEA,EN,Federal Contract Tower,0,2,1,0,3,0,7,15,0,22,0,9,16,0,25,2,0,2,27
05/24/2021,IPT,PA,AEA,EN,Federal Contract Tower,0,7,7,0,14,0,4,6,0,10,0,11,13,0,24,4,0,4,28
05/25/2021,IPT,PA,AEA,EN,Federal Contract Tower,0,14,1,0,15,0,0,8,0,8,0,14,9,0,23,6,0,6,29
05/26/2021,IPT,PA,AEA,EN,Federal Contract Tower,0,4,2,0,6,0,0,10,0,10,0,4,12,0,16,0,0,0,16
05/27/2021,IPT,PA,AEA,EN,Federal Contract Tower,0,7,15,0,22,0,1,46,0,47,0,8,61,0,69,26,0,26,95
05/28/2021,IPT,PA,AEA,EN,Federal Contract Tower,0,5,2,0,7,0,4,11,0,15,0,9,13,0,22,18,0,18,40
05/29/2021,IPT,PA,AEA,EN,Federal Contract Tower,0,3,0,0,3,0,0,8,0,8,0,3,8,0,11,0,0,0,11
05/30/2021,IPT,PA,AEA,EN,Federal Contract Tower,0,2,8,0,10,0,1,8,0,9,0,3,16,0,19,0,0,0,19
05/31/2021,IPT,PA,AEA,EN,Federal Contract Tower,0,3,3,0,6,0,8,37,0,45,0,11,40,0,51,28,0,28,79
06/01/2021,IPT,PA,AEA,EN,Federal Contract Tower,0,1,4,0,5,0,4,58,2,64,0,5,62,2,69,6,6,12,81
06/02/2021,IPT,PA,AEA,EN,Federal Contract Tower,0,5,5,0,10,0,2,15,0,17,0,7,20,0,27,20,0,20,47
06/03/2021,IPT,PA,AEA,EN,Federal Contract Tower,0,8,3,0,11,0,1,3,0,4,0,9,6,0,15,0,0,0,15
06/04/2021,IPT,PA,AEA,EN,Federal Contract Tower,0,4,11,0,15,0,3,10,0,13,0,7,21,0,28,20,0,20,48
06/05/2021,IPT,PA,AEA,EN,Federal Contract Tower,0,3,4,0,7,0,3,29,0,32,0,6,33,0,39,22,0,22,61
06/06/2021,IPT,PA,AEA,EN,Federal Contract Tower,0,2,7,0,9,0,6,31,0,37,0,8,38,0,46,14,0,14,60
06/07/2021,IPT,PA,AEA,EN,Federal Contract Tower,0,5,2,2,9,0,2,30,0,32,0,7,32,2,41,10,0,10,51
06/08/2021,IPT,PA,AEA,EN,Federal Contract Tower,0,2,2,0,4,0,1,21,0,22,0,3,23,0,26,29,0,29,55
06/09/2021,IPT,PA,AEA,EN,Federal Contract Tower,0,5,7,0,12,0,0,23,0,23,0,5,30,0,35,12,0,12,47
06/10/2021,IPT,PA,AEA,EN,Federal Contract Tower,0,4,8,0,12,0,1,23,0,24,0,5,31,0,36,8,0,8,44
06/11/2021,IPT,PA,AEA,EN,Federal Contract Tower,0,4,24,0,28,0,0,1,0,1,0,4,25,0,29,0,0,0,29
06/12/2021,IPT,PA,AEA,EN,Federal Contract Tower,0,3,10,0,13,0,2,55,0,57,0,5,65,0,70,12,0,12,82
06/13/2021,IPT,PA,AEA,EN,Federal Contract Tower,0,2,10,0,12,0,2,50,0,52,0,4,60,0,64,0,0,0,64
06/14/2021,IPT,PA,AEA,EN,Federal Contract Tower,0,3,5,0,8,0,9,6,2,17,0,12,11,2,25,0,0,0,25
06/15/2021,IPT,PA,AEA,EN,Federal Contract Tower,0,1,7,0,8,0,1,13,0,14,0,2,20,0,22,4,4,8,30
06/16/2021,IPT,PA,AEA,EN,Federal Contract Tower,0,4,5,0,9,0,3,34,0,37,0,7,39,0,46,6,0,6,52
06/17/2021,IPT,PA,AEA,EN,Federal Contract Tower,0,5,4,0,9,0,2,34,1,37,0,7,38,1,46,14,0,14,60
06/18/2021,IPT,PA,AEA,EN,Federal Contract Tower,0,4,2,0,6,0,1,28,0,29,0,5,30,0,35,0,0,0,35
06/19/2021,IPT,PA,AEA,EN,Federal Contract Tower,0,4,10,0,14,0,1,6,0,7,0,5,16,0,21,0,0,0,21
06/20/2021,IPT,PA,AEA,EN,Federal Contract Tower,0,8,5,0,13,0,1,29,0,30,0,9,34,0,43,4,0,4,47
06/21/2021,IPT,PA,AEA,EN,Federal Contract Tower,0,2,5,0,7,0,3,28,0,31,0,5,33,0,38,0,0,0,38
06/22/2021,IPT,PA,AEA,EN,Federal Contract Tower,0,2,6,0,8,0,0,11,0,11,0,2,17,0,19,4,0,4,23
06/23/2021,IPT,PA,AEA,EN,Federal Contract Tower,0,4,10,0,14,0,5,65,0,70,0,9,75,0,84,46,0,46,130
06/24/2021,IPT,PA,AEA,EN,Federal Contract Tower,0,7,4,0,11,0,6,65,0,71,0,13,69,0,82,48,6,54,136
06/25/2021,IPT,PA,AEA,EN,Federal Contract Tower,0,3,7,0,10,0,2,64,0,66,0,5,71,0,76,0,0,0,76
06/26/2021,IPT,PA,AEA,EN,Federal Contract Tower,0,7,8,0,15,0,3,41,0,44,0,10,49,0,59,4,0,4,63
06/27/2021,IPT,PA,AEA,EN,Federal Contract Tower,0,2,3,0,5,0,6,37,0,43,0,8,40,0,48,18,0,18,66
06/28/2021,IPT,PA,AEA,EN,Federal Contract Tower,0,4,6,0,10,0,2,38,0,40,0,6,44,0,50,2,0,2,52
06/29/2021,IPT,PA,AEA,EN,Federal Contract Tower,0,2,5,0,7,0,0,35,0,35,0,2,40,0,42,12,0,12,54
06/30/2021,IPT,PA,AEA,EN,Federal Contract Tower,0,1,1,0,2,0,0,29,0,29,0,1,30,0,31,2,0,2,33
07/01/2021,IPT,PA,AEA,EN,Federal Contract Tower,0,2,4,0,6,0,2,7,0,9,0,4,11,0,15,0,0,0,15
07/02/2021,IPT,PA,AEA,EN,Federal Contract Tower,0,3,13,0,16,0,8,13,0,21,0,11,26,0,37,6,0,6,43
07/03/2021,IPT,PA,AEA,EN,Federal Contract Tower,0,2,10,0,12,0,3,14,0,17,0,5,24,0,29,8,0,8,37
07/04/2021,IPT,PA,AEA,EN,Federal Contract Tower,0,2,1,0,3,0,1,30,0,31,0,3,31,0,34,0,0,0,34
07/05/2021,IPT,PA,AEA,EN,Federal Contract Tower,0,2,12,0,14,0,6,59,0,65,0,8,71,0,79,16,0,16,95
07/06/2021,IPT,PA,AEA,EN,Federal Contract Tower,0,2,7,0,9,0,1,40,0,41,0,3,47,0,50,16,0,16,66
07/07/2021,IPT,PA,AEA,EN,Federal Contract Tower,0,2,0,0,2,0,4,15,0,19,0,6,15,0,21,0,0,0,21
07/08/2021,IPT,PA,AEA,EN,Federal Contract Tower,0,8,15,0,23,0,0,10,0,10,0,8,25,0,33,20,2,22,55
07/09/2021,IPT,PA,AEA,EN,Federal Contract Tower,0,6,14,0,20,0,7,18,0,25,0,13,32,0,45,24,0,24,69
07/10/2021,IPT,PA,AEA,EN,Federal Contract Tower,0,3,6,0,9,0,1,53,0,54,0,4,59,0,63,12,0,12,75
07/11/2021,IPT,PA,AEA,EN,Federal Contract Tower,0,2,8,0,10,0,0,1,0,1,0,2,9,0,11,0,0,0,11
07/12/2021,IPT,PA,AEA,EN,Federal Contract Tower,0,3,7,0,10,0,7,18,0,25,0,10,25,0,35,10,0,10,45
07/13/2021,IPT,PA,AEA,EN,Federal Contract Tower,0,4,0,0,4,0,0,20,0,20,0,4,20,0,24,16,0,16,40
07/14/2021,IPT,PA,AEA,EN,Federal Contract Tower,0,4,8,0,12,0,0,22,0,22,0,4,30,0,34,12,0,12,46
07/15/2021,IPT,PA,AEA,EN,Federal Contract Tower,0,4,14,0,18,0,2,29,0,31,0,6,43,0,49,18,0,18,67
07/16/2021,IPT,PA,AEA,EN,Federal Contract Tower,0,2,6,0,8,0,1,25,0,26,0,3,31,0,34,14,0,14,48
07/17/2021,IPT,PA,AEA,EN,Federal Contract Tower,0,5,12,0,17,0,2,13,0,15,0,7,25,0,32,0,0,0,32
07/18/2021,IPT,PA,AEA,EN,Federal Contract Tower,0,4,7,0,11,0,1,15,0,16,0,5,22,0,27,14,0,14,41
07/19/2021,IPT,PA,AEA,EN,Federal Contract Tower,0,3,2,0,5,0,0,35,0,35,0,3,37,0,40,8,0,8,48
07/20/2021,IPT,PA,AEA,EN,Federal Contract Tower,0,5,8,0,13,0,0,18,0,18,0,5,26,0,31,10,0,10,41
07/21/2021,IPT,PA,AEA,EN,Federal Contract Tower,0,3,7,0,10,0,13,21,0,34,0,16,28,0,44,16,0,16,60
07/22/2021,IPT,PA,AEA,EN,Federal Contract Tower,0,4,7,0,11,0,4,37,0,41,0,8,44,0,52,32,0,32,84
07/23/2021,IPT,PA,AEA,EN,Federal Contract Tower,0,3,4,0,7,0,8,61,0,69,0,11,65,0,76,12,0,12,88
07/24/2021,IPT,PA,AEA,EN,Federal Contract Tower,0,5,5,0,10,0,0,30,0,30,0,5,35,0,40,0,0,0,40
07/26/2021,IPT,PA,AEA,EN,Federal Contract Tower,0,7,13,0,20,0,0,39,0,39,0,7,52,0,59,12,0,12,71
07/27/2021,IPT,PA,AEA,EN,Federal Contract Tower,0,2,9,0,11,0,0,23,2,25,0,2,32,2,36,0,10,10,46
07/28/2021,IPT,PA,AEA,EN,Federal Contract Tower,0,2,16,0,18,0,3,35,0,38,0,5,51,0,56,6,0,6,62
07/29/2021,IPT,PA,AEA,EN,Federal Contract Tower,0,4,10,0,14,0,0,13,0,13,0,4,23,0,27,0,0,0,27
07/30/2021,IPT,PA,AEA,EN,Federal Contract Tower,0,6,9,0,15,0,0,27,0,27,0,6,36,0,42,6,0,6,48
07/31/2021,IPT,PA,AEA,EN,Federal Contract Tower,0,3,4,0,7,0,5,29,0,34,0,8,33,0,41,0,0,0,41
08/01/2021,IPT,PA,AEA,EN,Federal Contract Tower,0,2,6,0,8,0,8,17,0,25,0,10,23,0,33,0,0,0,33
08/02/2021,IPT,PA,AEA,EN,Federal Contract Tower,0,3,5,0,8,0,6,38,0,44,0,9,43,0,52,0,0,0,52
08/03/2021,IPT,PA,AEA,EN,Federal Contract Tower,0,2,3,0,5,0,2,24,0,26,0,4,27,0,31,10,0,10,41
08/04/2021,IPT,PA,AEA,EN,Federal Contract Tower,0,1,6,0,7,0,0,32,0,32,0,1,38,0,39,10,0,10,49
08/05/2021,IPT,PA,AEA,EN,Federal Contract Tower,0,4,2,0,6,0,0,23,0,23,0,4,25,0,29,2,0,2,31
08/06/2021,IPT,PA,AEA,EN,Federal Contract Tower,0,4,13,0,17,0,8,28,0,36,0,12,41,0,53,10,0,10,63
08/07/2021,IPT,PA,AEA,EN,Federal Contract Tower,0,4,6,0,10,0,6,25,0,31,0,10,31,0,41,0,0,0,41
08/08/2021,IPT,PA,AEA,EN,Federal Contract Tower,0,1,4,1,6,0,0,32,0,32,0,1,36,1,38,0,0,0,38
08/09/2021,IPT,PA,AEA,EN,Federal Contract Tower,0,3,8,0,11,0,5,39,0,44,0,8,47,0,55,6,0,6,61
08/10/2021,IPT,PA,AEA,EN,Federal Contract Tower,0,2,3,0,5,0,0,1,0,1,0,2,4,0,6,0,0,0,6
08/12/2021,IPT,PA,AEA,EN,Federal Contract Tower,0,5,12,0,17,0,0,19,0,19,0,5,31,0,36,0,0,0,36
08/13/2021,IPT,PA,AEA,EN,Federal Contract Tower,0,7,5,0,12,0,2,18,0,20,0,9,23,0,32,0,0,0,32
08/14/2021,IPT,PA,AEA,EN,Federal Contract Tower,0,3,5,0,8,0,4,18,0,22,0,7,23,0,30,0,0,0,30
08/15/2021,IPT,PA,AEA,EN,Federal Contract Tower,2,4,6,0,12,0,5,37,0,42,2,9,43,0,54,6,0,6,60
08/16/2021,IPT,PA,AEA,EN,Federal Contract Tower,0,3,7,0,10,0,2,41,0,43,0,5,48,0,53,8,0,8,61
08/17/2021,IPT,PA,AEA,EN,Federal Contract Tower,0,2,5,0,7,0,4,1,0,5,0,6,6,0,12,0,0,0,12
08/18/2021,IPT,PA,AEA,EN,Federal Contract Tower,0,3,4,0,7,0,0,1,0,1,0,3,5,0,8,0,0,0,8
08/19/2021,IPT,PA,AEA,EN,Federal Contract Tower,0,4,12,0,16,0,9,16,0,25,0,13,28,0,41,24,0,24,65
08/20/2021,IPT,PA,AEA,EN,Federal Contract Tower,0,4,13,0,17,0,0,45,0,45,0,4,58,0,62,32,0,32,94
08/21/2021,IPT,PA,AEA,EN,Federal Contract Tower,0,3,10,0,13,0,0,45,0,45,0,3,55,0,58,6,0,6,64
08/22/2021,IPT,PA,AEA,EN,Federal Contract Tower,6,4,9,0,19,0,2,16,0,18,6,6,25,0,37,0,0,0,37
08/23/2021,IPT,PA,AEA,EN,Federal Contract Tower,0,2,9,0,11,0,5,22,0,27,0,7,31,0,38,0,0,0,38
08/24/2021,IPT,PA,AEA,EN,Federal Contract Tower,0,3,4,0,7,0,0,45,0,45,0,3,49,0,52,36,0,36,88
08/25/2021,IPT,PA,AEA,EN,Federal Contract Tower,0,4,6,0,10,0,0,27,0,27,0,4,33,0,37,36,0,36,73
08/26/2021,IPT,PA,AEA,EN,Federal Contract Tower,0,6,4,0,10,0,0,0,0,0,0,6,4,0,10,0,0,0,10
08/27/2021,IPT,PA,AEA,EN,Federal Contract Tower,0,5,4,0,9,0,0,20,0,20,0,5,24,0,29,0,0,0,29
08/28/2021,IPT,PA,AEA,EN,Federal Contract Tower,0,5,13,0,18,0,6,16,0,22,0,11,29,0,40,10,0,10,50
08/29/2021,IPT,PA,AEA,EN,Federal Contract Tower,0,5,5,0,10,0,4,27,0,31,0,9,32,0,41,12,0,12,53
08/30/2021,IPT,PA,AEA,EN,Federal Contract Tower,0,3,10,0,13,0,2,24,2,28,0,5,34,2,41,0,0,0,41
08/31/2021,IPT,PA,AEA,EN,Federal Contract Tower,0,6,4,0,10,0,2,37,4,43,0,8,41,4,53,8,18,26,79
09/01/2021,IPT,PA,AEA,EN,Federal Contract Tower,0,6,0,0,6,0,0,0,0,0,0,6,0,0,6,0,0,0,6
09/02/2021,IPT,PA,AEA,EN,Federal Contract Tower,0,7,0,0,7,0,1,19,0,20,0,8,19,0,27,18,0,18,45
09/03/2021,IPT,PA,AEA,EN,Federal Contract Tower,0,4,4,0,8,0,5,28,0,33,0,9,32,0,41,6,0,6,47
09/04/2021,IPT,PA,AEA,EN,Federal Contract Tower,0,4,4,0,8,0,4,50,0,54,0,8,54,0,62,8,0,8,70
09/05/2021,IPT,PA,AEA,EN,Federal Contract Tower,0,3,2,0,5,0,8,8,0,16,0,11,10,0,21,16,0,16,37
09/06/2021,IPT,PA,AEA,EN,Federal Contract Tower,0,2,9,0,11,0,10,33,0,43,0,12,42,0,54,8,0,8,62
09/07/2021,IPT,PA,AEA,EN,Federal Contract Tower,0,1,2,0,3,0,0,5,2,7,0,1,7,2,10,0,0,0,10
09/08/2021,IPT,PA,AEA,EN,Federal Contract Tower,0,1,7,0,8,0,2,3,0,5,0,3,10,0,13,0,0,0,13
09/09/2021,IPT,PA,AEA,EN,Federal Contract Tower,0,4,8,0,12,0,3,13,0,16,0,7,21,0,28,0,0,0,28
09/10/2021,IPT,PA,AEA,EN,Federal Contract Tower,0,3,6,0,9,0,0,59,0,59,0,3,65,0,68,18,0,18,86
09/11/2021,IPT,PA,AEA,EN,Federal Contract Tower,0,4,5,0,9,0,2,54,0,56,0,6,59,0,65,14,0,14,79
09/12/2021,IPT,PA,AEA,EN,Federal Contract Tower,0,2,9,0,11,0,8,30,0,38,0,10,39,0,49,0,0,0,49
09/13/2021,IPT,PA,AEA,EN,Federal Contract Tower,0,3,13,0,16,0,2,39,0,41,0,5,52,0,57,34,0,34,91
09/14/2021,IPT,PA,AEA,EN,Federal Contract Tower,0,2,8,0,10,0,1,10,2,13,0,3,18,2,23,2,6,8,31
09/15/2021,IPT,PA,AEA,EN,Federal Contract Tower,0,1,3,0,4,0,2,4,0,6,0,3,7,0,10,0,0,0,10
09/16/2021,IPT,PA,AEA,EN,Federal Contract Tower,0,3,9,1,13,0,5,16,0,21,0,8,25,1,34,16,0,16,50
09/17/2021,IPT,PA,AEA,EN,Federal Contract Tower,0,14,17,0,31,0,8,19,0,27,0,22,36,0,58,8,0,8,66
09/18/2021,IPT,PA,AEA,EN,Federal Contract Tower,0,10,13,0,23,0,12,29,0,41,0,22,42,0,64,2,0,2,66
09/19/2021,IPT,PA,AEA,EN,Federal Contract Tower,0,12,9,0,21,0,6,51,0,57,0,18,60,0,78,6,0,6,84
09/20/2021,IPT,PA,AEA,EN,Federal Contract Tower,0,4,5,0,9,0,7,44,0,51,0,11,49,0,60,2,0,2,62
09/21/2021,IPT,PA,AEA,EN,Federal Contract Tower,0,2,8,0,10,0,2,25,0,27,0,4,33,0,37,12,0,12,49
09/22/2021,IPT,PA,AEA,EN,Federal Contract Tower,0,1,1,0,2,0,1,4,0,5,0,2,5,0,7,0,0,0,7
09/23/2021,IPT,PA,AEA,EN,Federal Contract Tower,0,7,4,0,11,0,4,8,0,12,0,11,12,0,23,0,0,0,23
09/24/2021,IPT,PA,AEA,EN,Federal Contract Tower,0,8,11,0,19,0,8,26,0,34,0,16,37,0,53,20,0,20,73
09/25/2021,IPT,PA,AEA,EN,Federal Contract Tower,0,4,3,0,7,0,9,27,0,36,0,13,30,0,43,8,0,8,51
09/26/2021,IPT,PA,AEA,EN,Federal Contract Tower,0,2,6,0,8,0,7,45,5,57,0,9,51,5,65,10,0,10,75
09/27/2021,IPT,PA,AEA,EN,Federal Contract Tower,0,3,5,0,8,0,3,44,0,47,0,6,49,0,55,12,0,12,67
09/28/2021,IPT,PA,AEA,EN,Federal Contract Tower,0,2,5,0,7,0,0,9,0,9,0,2,14,0,16,6,0,6,22
09/29/2021,IPT,PA,AEA,EN,Federal Contract Tower,0,6,16,0,22,0,4,37,0,41,0,10,53,0,63,6,0,6,69
09/30/2021,IPT,PA,AEA,EN,Federal Contract Tower,0,3,11,0,14,0,3,24,0,27,0,6,35,0,41,38,0,38,79
10/01/2021,IPT,PA,AEA,EN,Federal Contract Tower,0,3,13,0,16,0,3,40,0,43,0,6,53,0,59,10,0,10,69
10/02/2021,IPT,PA,AEA,EN,Federal Contract Tower,0,0,8,0,8,0,3,40,0,43,0,3,48,0,51,12,0,12,63
10/03/2021,IPT,PA,AEA,EN,Federal Contract Tower,0,0,7,0,7,0,4,0,0,4,0,4,7,0,11,0,0,0,11
10/04/2021,IPT,PA,AEA,EN,Federal Contract Tower,0,1,12,0,13,0,0,6,0,6,0,1,18,0,19,4,0,4,23
10/05/2021,IPT,PA,AEA,EN,Federal Contract Tower,0,1,13,0,14,0,0,13,0,13,0,1,26,0,27,0,0,0,27
10/06/2021,IPT,PA,AEA,EN,Federal Contract Tower,0,9,3,0,12,0,4,11,0,15,0,13,14,0,27,32,0,32,59
10/07/2021,IPT,PA,AEA,EN,Federal Contract Tower,0,2,14,0,16,0,4,21,0,25,0,6,35,0,41,32,0,32,73
10/08/2021,IPT,PA,AEA,EN,Federal Contract Tower,0,1,11,0,12,0,7,25,0,32,0,8,36,0,44,36,0,36,80
10/09/2021,IPT,PA,AEA,EN,Federal Contract Tower,0,3,6,0,9,0,5,16,0,21,0,8,22,0,30,2,0,2,32
10/10/2021,IPT,PA,AEA,EN,Federal Contract Tower,0,0,5,0,5,0,0,0,0,0,0,0,5,0,5,0,0,0,5
10/11/2021,IPT,PA,AEA,EN,Federal Contract Tower,0,1,16,0,17,0,2,8,0,10,0,3,24,0,27,0,0,0,27
10/12/2021,IPT,PA,AEA,EN,Federal Contract Tower,0,2,16,0,18,0,3,9,0,12,0,5,25,0,30,0,0,0,30
10/13/2021,IPT,PA,AEA,EN,Federal Contract Tower,0,4,8,0,12,0,2,10,0,12,0,6,18,0,24,6,2,8,32
10/14/2021,IPT,PA,AEA,EN,Federal Contract Tower,0,2,11,0,13,0,32,0,0,32,0,34,11,0,45,18,0,18,63
10/15/2021,IPT,PA,AEA,EN,Federal Contract Tower,0,2,12,0,14,0,6,24,0,30,0,8,36,0,44,2,0,2,46
10/16/2021,IPT,PA,AEA,EN,Federal Contract Tower,0,1,1,0,2,0,0,0,0,0,0,1,1,0,2,0,0,0,2
10/17/2021,IPT,PA,AEA,EN,Federal Contract Tower,0,0,2,0,2,0,4,10,0,14,0,4,12,0,16,0,0,0,16
10/18/2021,IPT,PA,AEA,EN,Federal Contract Tower,0,4,8,0,12,0,8,2,0,10,0,12,10,0,22,0,0,0,22
10/19/2021,IPT,PA,AEA,EN,Federal Contract Tower,0,1,8,0,9,0,1,31,0,32,0,2,39,0,41,36,0,36,77
10/20/2021,IPT,PA,AEA,EN,Federal Contract Tower,0,1,8,0,9,0,2,37,0,39,0,3,45,0,48,18,0,18,66
10/21/2021,IPT,PA,AEA,EN,Federal Contract Tower,0,4,5,0,9,0,5,33,0,38,0,9,38,0,47,0,0,0,47
10/22/2021,IPT,PA,AEA,EN,Federal Contract Tower,0,9,12,0,21,0,4,24,0,28,0,13,36,0,49,0,0,0,49
10/23/2021,IPT,PA,AEA,EN,Federal Contract Tower,0,3,3,0,6,0,4,15,0,19,0,7,18,0,25,6,0,6,31
10/24/2021,IPT,PA,AEA,EN,Federal Contract Tower,0,2,4,0,6,0,0,6,0,6,0,2,10,0,12,0,0,0,12
10/25/2021,IPT,PA,AEA,EN,Federal Contract Tower,0,5,4,0,9,0,0,27,2,29,0,5,31,2,38,2,0,2,40
10/26/2021,IPT,PA,AEA,EN,Federal Contract Tower,0,10,6,2,18,0,0,0,0,0,0,10,6,2,18,0,0,0,18
10/27/2021,IPT,PA,AEA,EN,Federal Contract Tower,0,6,5,1,12,0,3,19,1,23,0,9,24,2,35,16,0,16,51
10/28/2021,IPT,PA,AEA,EN,Federal Contract Tower,0,3,3,0,6,0,7,29,0,36,0,10,32,0,42,4,0,4,46
10/29/2021,IPT,PA,AEA,EN,Federal Contract Tower,0,5,1,0,6,0,0,0,0,0,0,5,1,0,6,0,0,0,6
10/30/2021,IPT,PA,AEA,EN,Federal Contract Tower,0,2,13,0,15,0,0,0,0,0,0,2,13,0,15,0,0,0,15
10/31/2021,IPT,PA,AEA,EN,Federal Contract Tower,0,0,4,0,4,0,2,0,0,2,0,2,4,0,6,0,0,0,6
11/01/2021,IPT,PA,AEA,EN,Federal Contract Tower,0,1,1,0,2,0,5,28,0,33,0,6,29,0,35,0,0,0,35
11/02/2021,IPT,PA,AEA,EN,Federal Contract Tower,0,4,2,0,6,0,0,12,0,12,0,4,14,0,18,10,0,10,28
11/03/2021,IPT,PA,AEA,EN,Federal Contract Tower,0,2,3,4,9,0,0,0,0,0,0,2,3,4,9,2,0,2,11
11/04/2021,IPT,PA,AEA,EN,Federal Contract Tower,0,6,6,0,12,0,2,22,0,24,0,8,28,0,36,14,0,14,50
11/05/2021,IPT,PA,AEA,EN,Federal Contract Tower,0,2,9,0,11,0,5,19,0,24,0,7,28,0,35,14,0,14,49
11/06/2021,IPT,PA,AEA,EN,Federal Contract Tower,0,3,8,0,11,0,12,58,0,70,0,15,66,0,81,52,0,52,133
11/07/2021,IPT,PA,AEA,EN,Federal Contract Tower,0,0,6,0,6,0,5,40,0,45,0,5,46,0,51,34,0,34,85
11/08/2021,IPT,PA,AEA,EN,Federal Contract Tower,0,5,6,0,11,0,7,52,0,59,0,12,58,0,70,10,0,10,80
11/09/2021,IPT,PA,AEA,EN,Federal Contract Tower,0,2,6,0,8,0,9,43,0,52,0,11,49,0,60,10,0,10,70
11/10/2021,IPT,PA,AEA,EN,Federal Contract Tower,0,4,9,0,13,0,5,22,0,27,0,9,31,0,40,18,0,18,58
11/11/2021,IPT,PA,AEA,EN,Federal Contract Tower,0,2,4,0,6,0,2,17,0,19,0,4,21,0,25,14,0,14,39
11/12/2021,IPT,PA,AEA,EN,Federal Contract Tower,0,5,7,0,12,0,5,16,0,21,0,10,23,0,33,2,0,2,35
11/13/2021,IPT,PA,AEA,EN,Federal Contract Tower,0,0,6,0,6,0,0,8,0,8,0,0,14,0,14,0,0,0,14
11/14/2021,IPT,PA,AEA,EN,Federal Contract Tower,0,0,2,0,2,0,0,16,0,16,0,0,18,0,18,4,0,4,22
11/15/2021,IPT,PA,AEA,EN,Federal Contract Tower,0,1,4,0,5,0,5,15,0,20,0,6,19,0,25,0,0,0,25
11/16/2021,IPT,PA,AEA,EN,Federal Contract Tower,0,2,4,0,6,0,6,22,0,28,0,8,26,0,34,28,0,28,62
11/17/2021,IPT,PA,AEA,EN,Federal Contract Tower,0,2,14,0,16,0,1,17,0,18,0,3,31,0,34,6,0,6,40
11/18/2021,IPT,PA,AEA,EN,Federal Contract Tower,0,2,7,0,9,0,2,5,0,7,0,4,12,0,16,28,0,28,44
11/19/2021,IPT,PA,AEA,EN,Federal Contract Tower,0,2,7,0,9,0,8,15,0,23,0,10,22,0,32,4,0,4,36
11/20/2021,IPT,PA,AEA,EN,Federal Contract Tower,0,3,3,0,6,0,7,26,0,33,0,10,29,0,39,6,0,6,45
11/21/2021,IPT,PA,AEA,EN,Federal Contract Tower,0,0,5,0,5,0,2,12,0,14,0,2,17,0,19,12,0,12,31
11/22/2021,IPT,PA,AEA,EN,Federal Contract Tower,0,1,2,0,3,0,0,8,0,8,0,1,10,0,11,0,0,0,11
11/23/2021,IPT,PA,AEA,EN,Federal Contract Tower,0,2,2,0,4,0,3,13,0,16,0,5,15,0,20,0,0,0,20
11/24/2021,IPT,PA,AEA,EN,Federal Contract Tower,0,3,4,3,10,0,0,0,0,0,0,3,4,3,10,28,0,28,38
11/25/2021,IPT,PA,AEA,EN,Federal Contract Tower,0,0,0,0,0,0,1,15,0,16,0,1,15,0,16,28,0,28,44
11/26/2021,IPT,PA,AEA,EN,Federal Contract Tower,0,2,3,0,5,0,0,3,0,3,0,2,6,0,8,0,0,0,8
11/27/2021,IPT,PA,AEA,EN,Federal Contract Tower,0,1,4,0,5,0,2,9,0,11,0,3,13,0,16,0,0,0,16
11/28/2021,IPT,PA,AEA,EN,Federal Contract Tower,0,2,6,0,8,0,0,2,0,2,0,2,8,0,10,0,0,0,10
11/29/2021,IPT,PA,AEA,EN,Federal Contract Tower,0,1,7,2,10,0,7,18,0,25,0,8,25,2,35,0,0,0,35
11/30/2021,IPT,PA,AEA,EN,Federal Contract Tower,0,2,4,0,6,0,0,0,0,0,0,2,4,0,6,0,0,0,6
12/01/2021,IPT,PA,AEA,EN,Federal Contract Tower,0,5,3,0,8,0,3,14,0,17,0,8,17,0,25,36,0,36,61
12/02/2021,IPT,PA,AEA,EN,Federal Contract Tower,0,4,6,0,10,0,2,5,0,7,0,6,11,0,17,0,0,0,17
12/03/2021,IPT,PA,AEA,EN,Federal Contract Tower,0,3,5,0,8,0,0,33,0,33,0,3,38,0,41,6,0,6,47
12/04/2021,IPT,PA,AEA,EN,Federal Contract Tower,0,1,4,0,5,0,0,24,0,24,0,1,28,0,29,10,0,10,39
12/05/2021,IPT,PA,AEA,EN,Federal Contract Tower,0,0,4,0,4,0,4,22,0,26,0,4,26,0,30,0,0,0,30
12/06/2021,IPT,PA,AEA,EN,Federal Contract Tower,0,1,6,0,7,0,1,4,0,5,0,2,10,0,12,0,0,0,12
12/07/2021,IPT,PA,AEA,EN,Federal Contract Tower,0,2,4,0,6,0,11,22,0,33,0,13,26,0,39,0,0,0,39
12/08/2021,IPT,PA,AEA,EN,Federal Contract Tower,0,2,3,0,5,0,0,0,0,0,0,2,3,0,5,0,0,0,5
12/09/2021,IPT,PA,AEA,EN,Federal Contract Tower,0,2,8,0,10,0,1,21,6,28,0,3,29,6,38,16,4,20,58
12/10/2021,IPT,PA,AEA,EN,Federal Contract Tower,0,2,9,0,11,0,2,11,0,13,0,4,20,0,24,0,0,0,24
12/11/2021,IPT,PA,AEA,EN,Federal Contract Tower,0,1,0,0,1,0,0,0,0,0,0,1,0,0,1,0,0,0,1
12/12/2021,IPT,PA,AEA,EN,Federal Contract Tower,0,0,4,0,4,0,0,35,0,35,0,0,39,0,39,4,0,4,43
12/13/2021,IPT,PA,AEA,EN,Federal Contract Tower,0,1,1,0,2,0,14,33,0,47,0,15,34,0,49,22,0,22,71
12/14/2021,IPT,PA,AEA,EN,Federal Contract Tower,0,2,1,0,3,0,0,47,0,47,0,2,48,0,50,6,0,6,56
12/15/2021,IPT,PA,AEA,EN,Federal Contract Tower,0,2,4,0,6,0,3,15,0,18,0,5,19,0,24,0,0,0,24
12/16/2021,IPT,PA,AEA,EN,Federal Contract Tower,0,2,4,0,6,0,8,22,0,30,0,10,26,0,36,8,0,8,44
12/17/2021,IPT,PA,AEA,EN,Federal Contract Tower,0,2,6,0,8,0,9,23,0,32,0,11,29,0,40,8,0,8,48
12/18/2021,IPT,PA,AEA,EN,Federal Contract Tower,0,1,3,0,4,0,0,0,0,0,0,1,3,0,4,0,0,0,4
12/19/2021,IPT,PA,AEA,EN,Federal Contract Tower,0,0,2,0,2,0,10,22,0,32,0,10,24,0,34,0,0,0,34
12/20/2021,IPT,PA,AEA,EN,Federal Contract Tower,0,1,4,2,7,0,1,32,0,33,0,2,36,2,40,0,0,0,40
12/21/2021,IPT,PA,AEA,EN,Federal Contract Tower,0,6,5,0,11,0,6,48,0,54,0,12,53,0,65,0,0,0,65
12/22/2021,IPT,PA,AEA,EN,Federal Contract Tower,0,7,2,0,9,0,2,9,4,15,0,9,11,4,24,0,0,0,24
12/23/2021,IPT,PA,AEA,EN,Federal Contract Tower,0,5,6,0,11,0,1,14,0,15,0,6,20,0,26,32,0,32,58
12/24/2021,IPT,PA,AEA,EN,Federal Contract Tower,0,1,2,0,3,0,9,15,0,24,0,10,17,0,27,14,0,14,41
12/25/2021,IPT,PA,AEA,EN,Federal Contract Tower,0,0,1,0,1,0,0,0,0,0,0,0,1,0,1,0,0,0,1
12/26/2021,IPT,PA,AEA,EN,Federal Contract Tower,0,1,2,0,3,0,0,19,0,19,0,1,21,0,22,6,0,6,28
12/27/2021,IPT,PA,AEA,EN,Federal Contract Tower,0,1,2,0,3,0,0,4,0,4,0,1,6,0,7,0,0,0,7
12/28/2021,IPT,PA,AEA,EN,Federal Contract Tower,0,7,5,0,12,0,0,4,0,4,0,7,9,0,16,0,0,0,16
12/29/2021,IPT,PA,AEA,EN,Federal Contract Tower,0,4,13,0,17,0,0,0,0,0,0,4,13,0,17,6,0,6,23
12/31/2021,IPT,PA,AEA,EN,Federal Contract Tower,0,0,4,0,4,0,0,3,0,3,0,0,7,0,7,10,0,10,17
01/01/2022,IPT,PA,AEA,EN,Federal Contract Tower,0,0,2,0,2,0,0,0,0,0,0,0,2,0,2,0,0,0,2
01/02/2022,IPT,PA,AEA,EN,Federal Contract Tower,0,0,2,0,2,0,0,0,0,0,0,0,2,0,2,0,0,0,2
01/03/2022,IPT,PA,AEA,EN,Federal Contract Tower,0,3,2,0,5,0,6,20,0,26,0,9,22,0,31,0,0,0,31
01/04/2022,IPT,PA,AEA,EN,Federal Contract Tower,0,2,3,0,5,0,0,22,10,32,0,2,25,10,37,24,8,32,69
01/05/2022,IPT,PA,AEA,EN,Federal Contract Tower,0,2,3,0,5,0,3,8,0,11,0,5,11,0,16,0,0,0,16
01/06/2022,IPT,PA,AEA,EN,Federal Contract Tower,0,4,4,0,8,0,2,12,0,14,0,6,16,0,22,6,0,6,28
01/07/2022,IPT,PA,AEA,EN,Federal Contract Tower,0,3,7,0,10,0,3,0,0,3,0,6,7,0,13,0,0,0,13
01/08/2022,IPT,PA,AEA,EN,Federal Contract Tower,0,3,5,0,8,0,4,28,0,32,0,7,33,0,40,46,0,46,86
01/09/2022,IPT,PA,AEA,EN,Federal Contract Tower,0,2,1,0,3,0,0,0,0,0,0,2,1,0,3,0,0,0,3
01/10/2022,IPT,PA,AEA,EN,Federal Contract Tower,0,2,2,0,4,0,3,3,0,6,0,5,5,0,10,0,0,0,10
01/11/2022,IPT,PA,AEA,EN,Federal Contract Tower,0,2,3,0,5,0,2,6,0,8,0,4,9,0,13,0,0,0,13
01/12/2022,IPT,PA,AEA,EN,Federal Contract Tower,0,2,0,0,2,0,2,5,0,7,0,4,5,0,9,4,0,4,13
01/13/2022,IPT,PA,AEA,EN,Federal Contract Tower,0,2,3,0,5,0,2,8,0,10,0,4,11,0,15,30,0,30,45
01/14/2022,IPT,PA,AEA,EN,Federal Contract Tower,0,3,3,0,6,0,8,2,0,10,0,11,5,0,16,0,0,0,16
01/15/2022,IPT,PA,AEA,EN,Federal Contract Tower,0,1,6,0,7,0,17,13,0,30,0,18,19,0,37,6,0,6,43
01/16/2022,IPT,PA,AEA,EN,Federal Contract Tower,0,0,4,0,4,0,0,5,0,5,0,0,9,0,9,4,0,4,13
01/17/2022,IPT,PA,AEA,EN,Federal Contract Tower,0,1,2,0,3,0,0,0,0,0,0,1,2,0,3,0,0,0,3
01/18/2022,IPT,PA,AEA,EN,Federal Contract Tower,0,2,5,0,7,0,5,0,0,5,0,7,5,0,12,0,0,0,12
01/19/2022,IPT,PA,AEA,EN,Federal Contract Tower,0,2,5,0,7,0,5,21,0,26,0,7,26,0,33,6,0,6,39
01/20/2022,IPT,PA,AEA,EN,Federal Contract Tower,0,2,2,3,7,0,5,9,6,20,0,7,11,9,27,4,16,20,47
01/21/2022,IPT,PA,AEA,EN,Federal Contract Tower,0,4,7,0,11,0,2,13,0,15,0,6,20,0,26,0,0,0,26
01/22/2022,IPT,PA,AEA,EN,Federal Contract Tower,0,1,2,0,3,0,2,11,0,13,0,3,13,0,16,8,0,8,24
01/23/2022,IPT,PA,AEA,EN,Federal Contract Tower,0,0,0,0,0,0,2,6,0,8,0,2,6,0,8,14,0,14,22
01/24/2022,IPT,PA,AEA,EN,Federal Contract Tower,0,1,5,0,6,0,5,9,0,14,0,6,14,0,20,26,0,26,46
01/25/2022,IPT,PA,AEA,EN,Federal Contract Tower,0,7,5,0,12,0,0,0,0,0,0,7,5,0,12,0,0,0,12
01/26/2022,IPT,PA,AEA,EN,Federal Contract Tower,0,2,8,0,10,0,5,15,0,20,0,7,23,0,30,0,2,2,32
01/27/2022,IPT,PA,AEA,EN,Federal Contract Tower,0,2,14,0,16,0,4,24,0,28,0,6,38,0,44,4,0,4,48
01/28/2022,IPT,PA,AEA,EN,Federal Contract Tower,0,2,1,0,3,0,0,0,0,0,0,2,1,0,3,0,0,0,3
01/29/2022,IPT,PA,AEA,EN,Federal Contract Tower,0,1,0,0,1,0,0,3,0,3,0,1,3,0,4,0,0,0,4
01/30/2022,IPT,PA,AEA,EN,Federal Contract Tower,0,0,7,0,7,0,5,22,0,27,0,5,29,0,34,24,0,24,58
01/31/2022,IPT,PA,AEA,EN,Federal Contract Tower,0,0,8,0,8,0,16,14,0,30,0,16,22,0,38,6,0,6,44
02/01/2022,IPT,PA,AEA,EN,Federal Contract Tower,0,2,9,0,11,0,0,35,0,35,0,2,44,0,46,0,0,0,46
02/02/2022,IPT,PA,AEA,EN,Federal Contract Tower,0,6,3,0,9,0,3,5,0,8,0,9,8,0,17,0,0,0,17
02/03/2022,IPT,PA,AEA,EN,Federal Contract Tower,0,0,1,0,1,0,0,0,0,0,0,0,1,0,1,0,0,0,1
02/04/2022,IPT,PA,AEA,EN,Federal Contract Tower,0,0,0,0,0,0,0,1,0,1,0,0,1,0,1,0,0,0,1
02/05/2022,IPT,PA,AEA,EN,Federal Contract Tower,0,0,2,0,2,0,0,3,0,3,0,0,5,0,5,0,0,0,5
02/06/2022,IPT,PA,AEA,EN,Federal Contract Tower,0,0,2,0,2,0,1,37,0,38,0,1,39,0,40,8,0,8,48
02/07/2022,IPT,PA,AEA,EN,Federal Contract Tower,0,3,10,2,15,0,2,20,0,22,0,5,30,2,37,0,0,0,37
02/08/2022,IPT,PA,AEA,EN,Federal Contract Tower,0,3,6,0,9,0,0,2,0,2,0,3,8,0,11,0,0,0,11
02/09/2022,IPT,PA,AEA,EN,Federal Contract Tower,0,3,13,0,16,0,0,43,0,43,0,3,56,0,59,8,0,8,67
02/10/2022,IPT,PA,AEA,EN,Federal Contract Tower,0,3,5,0,8,0,2,6,0,8,0,5,11,0,16,0,0,0,16
02/11/2022,IPT,PA,AEA,EN,Federal Contract Tower,0,3,4,0,7,0,10,28,0,38,0,13,32,0,45,0,0,0,45
02/12/2022,IPT,PA,AEA,EN,Federal Contract Tower,0,1,1,0,2,0,2,11,0,13,0,3,12,0,15,0,0,0,15
02/13/2022,IPT,PA,AEA,EN,Federal Contract Tower,0,0,3,0,3,0,6,20,0,26,0,6,23,0,29,30,0,30,59
02/14/2022,IPT,PA,AEA,EN,Federal Contract Tower,0,0,5,0,5,0,7,21,0,28,0,7,26,0,33,2,0,2,35
02/15/2022,IPT,PA,AEA,EN,Federal Contract Tower,0,3,7,0,10,0,0,28,0,28,0,3,35,0,38,0,0,0,38
02/16/2022,IPT,PA,AEA,EN,Federal Contract Tower,0,2,11,0,13,0,4,18,0,22,0,6,29,0,35,0,0,0,35
02/17/2022,IPT,PA,AEA,EN,Federal Contract Tower,0,4,7,0,11,0,0,0,0,0,0,4,7,0,11,0,0,0,11
02/18/2022,IPT,PA,AEA,EN,Federal Contract Tower,0,1,4,0,5,0,3,11,0,14,0,4,15,0,19,0,0,0,19
02/19/2022,IPT,PA,AEA,EN,Federal Contract Tower,0,0,6,0,6,0,0,0,0,0,0,0,6,0,6,0,0,0,6
02/20/2022,IPT,PA,AEA,EN,Federal Contract Tower,0,0,2,0,2,0,5,22,0,27,0,5,24,0,29,16,0,16,45
02/21/2022,IPT,PA,AEA,EN,Federal Contract Tower,0,1,14,0,15,0,2,56,0,58,0,3,70,0,73,2,0,2,75
02/22/2022,IPT,PA,AEA,EN,Federal Contract Tower,0,2,8,0,10,0,1,1,0,2,0,3,9,0,12,0,0,0,12
02/23/2022,IPT,PA,AEA,EN,Federal Contract Tower,0,2,14,0,16,0,2,4,6,12,0,4,18,6,28,0,0,0,28
02/24/2022,IPT,PA,AEA,EN,Federal Contract Tower,0,1,8,0,9,0,4,13,0,17,0,5,21,0,26,0,0,0,26
02/25/2022,IPT,PA,AEA,EN,Federal Contract Tower,0,1,0,0,1,0,0,0,0,0,0,1,0,0,1,0,0,0,1
02/26/2022,IPT,PA,AEA,EN,Federal Contract Tower,0,3,3,0,6,0,6,22,0,28,0,9,25,0,34,6,0,6,40
02/27/2022,IPT,PA,AEA,EN,Federal Contract Tower,0,1,14,0,15,0,4,12,0,16,0,5,26,0,31,0,0,0,31
02/28/2022,IPT,PA,AEA,EN,Federal Contract Tower,0,3,8,0,11,0,2,38,0,40,0,5,46,0,51,10,0,10,61
03/01/2022,IPT,PA,AEA,EN,Federal Contract Tower,0,4,7,0,11,0,0,16,0,16,0,4,23,0,27,0,0,0,27
03/02/2022,IPT,PA,AEA,EN,Federal Contract Tower,0,2,7,0,9,0,7,41,0,48,0,9,48,0,57,28,0,28,85
03/03/2022,IPT,PA,AEA,EN,Federal Contract Tower,0,3,5,0,8,0,0,20,2,22,0,3,25,2,30,2,0,2,32
03/04/2022,IPT,PA,AEA,EN,Federal Contract Tower,0,6,7,0,13,0,9,31,0,40,0,15,38,0,53,2,0,2,55
03/05/2022,IPT,PA,AEA,EN,Federal Contract Tower,0,0,10,0,10,0,4,24,0,28,0,4,34,0,38,6,0,6,44
03/06/2022,IPT,PA,AEA,EN,Federal Contract Tower,0,0,5,0,5,0,2,4,0,6,0,2,9,0,11,0,0,0,11
03/07/2022,IPT,PA,AEA,EN,Federal Contract Tower,0,1,3,0,4,0,0,0,0,0,0,1,3,0,4,0,0,0,4
03/08/2022,IPT,PA,AEA,EN,Federal Contract Tower,0,2,1,0,3,0,3,10,2,15,0,5,11,2,18,0,0,0,18
03/09/2022,IPT,PA,AEA,EN,Federal Contract Tower,0,1,4,0,5,0,0,0,0,0,0,1,4,0,5,0,0,0,5
03/10/2022,IPT,PA,AEA,EN,Federal Contract Tower,0,4,7,1,12,0,2,3,1,6,0,6,10,2,18,0,0,0,18
03/11/2022,IPT,PA,AEA,EN,Federal Contract Tower,0,3,9,0,12,0,6,23,0,29,0,9,32,0,41,40,0,40,81
03/12/2022,IPT,PA,AEA,EN,Federal Contract Tower,0,4,2,0,6,0,0,0,0,0,0,4,2,0,6,0,0,0,6
03/13/2022,IPT,PA,AEA,EN,Federal Contract Tower,0,0,0,0,0,0,6,2,0,8,0,6,2,0,8,0,0,0,8
03/14/2022,IPT,PA,AEA,EN,Federal Contract Tower,0,1,3,0,4,0,8,34,0,42,0,9,37,0,46,10,0,10,56
03/15/2022,IPT,PA,AEA,EN,Federal Contract Tower,0,2,1,0,3,0,1,23,0,24,0,3,24,0,27,0,0,0,27
03/16/2022,IPT,PA,AEA,EN,Federal Contract Tower,0,3,7,0,10,0,0,41,0,41,0,3,48,0,51,6,0,6,57
03/17/2022,IPT,PA,AEA,EN,Federal Contract Tower,0,2,11,0,13,0,5,11,0,16,0,7,22,0,29,10,0,10,39
03/18/2022,IPT,PA,AEA,EN,Federal Contract Tower,0,2,6,0,8,0,4,28,0,32,0,6,34,0,40,20,0,20,60
03/19/2022,IPT,PA,AEA,EN,Federal Contract Tower,0,4,2,0,6,0,0,6,0,6,0,4,8,0,12,0,0,0,12
03/20/2022,IPT,PA,AEA,EN,Federal Contract Tower,0,0,10,0,10,0,7,14,0,21,0,7,24,0,31,32,0,32,63
03/21/2022,IPT,PA,AEA,EN,Federal Contract Tower,0,1,7,0,8,0,5,36,0,41,0,6,43,0,49,2,0,2,51
03/22/2022,IPT,PA,AEA,EN,Federal Contract Tower,0,2,2,0,4,0,0,25,2,27,0,2,27,2,31,12,2,14,45
03/23/2022,IPT,PA,AEA,EN,Federal Contract Tower,0,3,1,0,4,0,1,12,0,13,0,4,13,0,17,0,0,0,17
03/24/2022,IPT,PA,AEA,EN,Federal Contract Tower,0,3,10,0,13,0,0,0,0,0,0,3,10,0,13,0,0,0,13
03/25/2022,IPT,PA,AEA,EN,Federal Contract Tower,0,1,12,0,13,0,3,18,0,21,0,4,30,0,34,8,0,8,42
03/26/2022,IPT,PA,AEA,EN,Federal Contract Tower,0,1,3,0,4,0,2,1,0,3,0,3,4,0,7,0,0,0,7
03/27/2022,IPT,PA,AEA,EN,Federal Contract Tower,0,0,1,0,1,0,0,0,0,0,0,0,1,0,1,0,0,0,1
03/28/2022,IPT,PA,AEA,EN,Federal Contract Tower,0,1,6,0,7,0,2,3,0,5,0,3,9,0,12,0,0,0,12
03/29/2022,IPT,PA,AEA,EN,Federal Contract Tower,0,2,6,0,8,0,2,23,2,27,0,4,29,2,35,0,8,8,43
03/30/2022,IPT,PA,AEA,EN,Federal Contract Tower,0,6,1,0,7,0,2,4,0,6,0,8,5,0,13,0,0,0,13
03/31/2022,IPT,PA,AEA,EN,Federal Contract Tower,0,2,1,0,3,0,1,2,0,3,0,3,3,0,6,0,0,0,6
04/01/2022,IPT,PA,AEA,EN,Federal Contract Tower,0,6,1,0,7,0,4,5,0,9,0,10,6,0,16,18,0,18,34
04/02/2022,IPT,PA,AEA,EN,Federal Contract Tower,0,3,8,0,11,0,3,45,0,48,0,6,53,0,59,8,0,8,67
04/03/2022,IPT,PA,AEA,EN,Federal Contract Tower,0,1,4,0,5,0,4,1,0,5,0,5,5,0,10,0,0,0,10
04/04/2022,IPT,PA,AEA,EN,Federal Contract Tower,0,1,6,0,7,0,13,55,2,70,0,14,61,2,77,26,0,26,103
04/05/2022,IPT,PA,AEA,EN,Federal Contract Tower,0,1,11,0,12,0,2,33,0,35,0,3,44,0,47,0,0,0,47
04/06/2022,IPT,PA,AEA,EN,Federal Contract Tower,0,3,10,0,13,0,2,3,0,5,0,5,13,0,18,10,0,10,28
04/07/2022,IPT,PA,AEA,EN,Federal Contract Tower,0,3,3,0,6,0,0,0,0,0,0,3,3,0,6,0,0,0,6
04/08/2022,IPT,PA,AEA,EN,Federal Contract Tower,0,2,5,0,7,0,0,24,0,24,0,2,29,0,31,12,0,12,43
04/09/2022,IPT,PA,AEA,EN,Federal Contract Tower,0,1,2,0,3,0,0,5,0,5,0,1,7,0,8,26,0,26,34
04/10/2022,IPT,PA,AEA,EN,Federal Contract Tower,0,0,0,0,0,0,0,12,0,12,0,0,12,0,12,8,0,8,20
04/11/2022,IPT,PA,AEA,EN,Federal Contract Tower,0,1,6,0,7,0,4,68,4,76,0,5,74,4,83,0,0,0,83
04/12/2022,IPT,PA,AEA,EN,Federal Contract Tower,0,4,15,0,19,0,0,47,2,49,0,4,62,2,68,14,0,14,82
04/13/2022,IPT,PA,AEA,EN,Federal Contract Tower,0,4,8,1,13,0,4,21,1,26,0,8,29,2,39,0,0,0,39
04/14/2022,IPT,PA,AEA,EN,Federal Contract Tower,0,2,7,0,9,0,2,16,0,18,0,4,23,0,27,6,0,6,33
04/15/2022,IPT,PA,AEA,EN,Federal Contract Tower,0,2,2,0,4,0,0,26,0,26,0,2,28,0,30,0,0,0,30
04/16/2022,IPT,PA,AEA,EN,Federal Contract Tower,0,1,8,0,9,0,1,6,0,7,0,2,14,0,16,22,0,22,38
04/17/2022,IPT,PA,AEA,EN,Federal Contract Tower,0,2,0,0,2,0,0,3,0,3,0,2,3,0,5,0,0,0,5
04/18/2022,IPT,PA,AEA,EN,Federal Contract Tower,0,0,4,0,4,0,0,9,0,9,0,0,13,0,13,0,0,0,13
04/19/2022,IPT,PA,AEA,EN,Federal Contract Tower,0,1,8,0,9,0,0,5,0,5,0,1,13,0,14,0,2,2,16
04/20/2022,IPT,PA,AEA,EN,Federal Contract Tower,0,6,9,0,15,0,5,28,2,35,0,11,37,2,50,12,0,12,62
04/21/2022,IPT,PA,AEA,EN,Federal Contract Tower,0,4,5,0,9,0,1,6,0,7,0,5,11,0,16,4,0,4,20
04/22/2022,IPT,PA,AEA,EN,Federal Contract Tower,0,5,5,0,10,0,12,36,0,48,0,17,41,0,58,8,0,8,66
04/23/2022,IPT,PA,AEA,EN,Federal Contract Tower,0,0,7,0,7,0,1,16,0,17,0,1,23,0,24,10,0,10,34
04/24/2022,IPT,PA,AEA,EN,Federal Contract Tower,0,1,9,0,10,0,3,41,0,44,0,4,50,0,54,10,0,10,64
04/25/2022,IPT,PA,AEA,EN,Federal Contract Tower,0,1,11,0,12,0,5,38,0,43,0,6,49,0,55,0,0,0,55
04/26/2022,IPT,PA,AEA,EN,Federal Contract Tower,0,3,6,0,9,0,0,1,0,1,0,3,7,0,10,0,0,0,10
04/27/2022,IPT,PA,AEA,EN,Federal Contract Tower,0,2,2,1,5,0,1,2,7,10,0,3,4,8,15,0,0,0,15
04/28/2022,IPT,PA,AEA,EN,Federal Contract Tower,0,2,8,2,12,0,13,4,1,18,0,15,12,3,30,0,0,0,30
04/29/2022,IPT,PA,AEA,EN,Federal Contract Tower,0,2,9,0,11,0,15,27,0,42,0,17,36,0,53,0,0,0,53
04/30/2022,IPT,PA,AEA,EN,Federal Contract Tower,0,4,3,0,7,0,6,30,0,36,0,10,33,0,43,12,0,12,55
05/01/2022,IPT,PA,AEA,EN,Federal Contract Tower,0,0,5,0,5,0,2,30,0,32,0,2,35,0,37,0,0,0,37
05/02/2022,IPT,PA,AEA,EN,Federal Contract Tower,0,1,23,0,24,0,0,19,0,19,0,1,42,0,43,18,0,18,61
05/03/2022,IPT,PA,AEA,EN,Federal Contract Tower,0,2,4,0,6,0,0,25,0,25,0,2,29,0,31,6,0,6,37
05/04/2022,IPT,PA,AEA,EN,Federal Contract Tower,0,2,5,0,7,0,0,0,0,0,0,2,5,0,7,0,0,0,7
05/05/2022,IPT,PA,AEA,EN,Federal Contract Tower,0,3,2,0,5,0,1,45,0,46,0,4,47,0,51,32,0,32,83
05/06/2022,IPT,PA,AEA,EN,Federal Contract Tower,0,6,9,0,15,0,0,0,0,0,0,6,9,0,15,0,0,0,15
05/07/2022,IPT,PA,AEA,EN,Federal Contract Tower,0,1,2,0,3,0,7,1,0,8,0,8,3,0,11,0,0,0,11
05/08/2022,IPT,PA,AEA,EN,Federal Contract Tower,0,0,7,0,7,0,5,34,0,39,0,5,41,0,46,20,0,20,66
05/09/2022,IPT,PA,AEA,EN,Federal Contract Tower,0,1,10,1,12,0,9,62,6,77,0,10,72,7,89,8,8,16,105
05/10/2022,IPT,PA,AEA,EN,Federal Contract Tower,0,2,5,1,8,0,2,39,4,45,0,4,44,5,53,44,2,46,99
05/11/2022,IPT,PA,AEA,EN,Federal Contract Tower,0,3,8,0,11,0,4,43,0,47,0,7,51,0,58,10,0,10,68
05/12/2022,IPT,PA,AEA,EN,Federal Contract Tower,0,2,10,0,12,0,6,24,2,32,0,8,34,2,44,8,0,8,52
05/13/2022,IPT,PA,AEA,EN,Federal Contract Tower,0,2,9,0,11,0,4,14,0,18,0,6,23,0,29,14,0,14,43
05/14/2022,IPT,PA,AEA,EN,Federal Contract Tower,0,1,6,0,7,0,5,4,0,9,0,6,10,0,16,0,0,0,16
05/15/2022,IPT,PA,AEA,EN,Federal Contract Tower,0,0,7,0,7,0,10,42,0,52,0,10,49,0,59,0,0,0,59
05/16/2022,IPT,PA,AEA,EN,Federal Contract Tower,0,5,0,0,5,0,10,20,0,30,0,15,20,0,35,0,0,0,35
05/17/2022,IPT,PA,AEA,EN,Federal Contract Tower,0,2,5,7,14,0,4,28,1,33,0,6,33,8,47,2,0,2,49
05/18/2022,IPT,PA,AEA,EN,Federal Contract Tower,0,2,7,0,9,0,7,36,0,43,0,9,43,0,52,12,0,12,64
05/19/2022,IPT,PA,AEA,EN,Federal Contract Tower,0,2,10,0,12,0,3,21,0,24,0,5,31,0,36,0,0,0,36
05/20/2022,IPT,PA,AEA,EN,Federal Contract Tower,0,4,8,0,12,0,5,22,0,27,0,9,30,0,39,6,0,6,45
05/21/2022,IPT,PA,AEA,EN,Federal Contract Tower,0,3,5,0,8,0,3,30,0,33,0,6,35,0,41,8,0,8,49
05/22/2022,IPT,PA,AEA,EN,Federal Contract Tower,0,2,4,0,6,0,9,17,0,26,0,11,21,0,32,0,0,0,32
05/23/2022,IPT,PA,AEA,EN,Federal Contract Tower,0,1,6,0,7,0,7,32,0,39,0,8,38,0,46,0,0,0,46
05/24/2022,IPT,PA,AEA,EN,Federal Contract Tower,0,2,13,0,15,0,1,37,4,42,0,3,50,4,57,16,0,16,73
05/25/2022,IPT,PA,AEA,EN,Federal Contract Tower,0,3,13,0,16,0,2,31,2,35,0,5,44,2,51,2,0,2,53
05/26/2022,IPT,PA,AEA,EN,Federal Contract Tower,0,4,13,0,17,0,3,15,2,20,0,7,28,2,37,0,0,0,37
05/27/2022,IPT,PA,AEA,EN,Federal Contract Tower,0,3,4,0,7,0,4,7,0,11,0,7,11,0,18,0,0,0,18
05/28/2022,IPT,PA,AEA,EN,Federal Contract Tower,0,3,4,0,7,0,2,18,0,20,0,5,22,0,27,4,0,4,31
05/29/2022,IPT,PA,AEA,EN,Federal Contract Tower,0,0,5,0,5,0,2,26,0,28,0,2,31,0,33,4,0,4,37
05/30/2022,IPT,PA,AEA,EN,Federal Contract Tower,0,0,3,0,3,0,4,61,0,65,0,4,64,0,68,10,0,10,78
05/31/2022,IPT,PA,AEA,EN,Federal Contract Tower,0,1,1,3,5,0,2,41,1,44,0,3,42,4,49,16,0,16,65
06/01/2022,IPT,PA,AEA,EN,Federal Contract Tower,0,8,11,0,19,0,1,44,0,45,0,9,55,0,64,8,0,8,72
06/02/2022,IPT,PA,AEA,EN,Federal Contract Tower,0,2,9,0,11,0,2,6,0,8,0,4,15,0,19,0,0,0,19
06/03/2022,IPT,PA,AEA,EN,Federal Contract Tower,0,6,7,0,13,0,9,40,0,49,0,15,47,0,62,2,0,2,64
06/04/2022,IPT,PA,AEA,EN,Federal Contract Tower,0,7,9,0,16,0,6,27,0,33,0,13,36,0,49,6,0,6,55
06/05/2022,IPT,PA,AEA,EN,Federal Contract Tower,0,8,6,0,14,0,5,35,0,40,0,13,41,0,54,4,0,4,58
06/06/2022,IPT,PA,AEA,EN,Federal Contract Tower,0,1,3,0,4,0,9,38,0,47,0,10,41,0,51,6,0,6,57
06/07/2022,IPT,PA,AEA,EN,Federal Contract Tower,0,2,1,0,3,0,0,1,0,1,0,2,2,0,4,0,0,0,4
06/08/2022,IPT,PA,AEA,EN,Federal Contract Tower,0,4,7,0,11,0,2,39,2,43,0,6,46,2,54,22,0,22,76
06/09/2022,IPT,PA,AEA,EN,Federal Contract Tower,0,4,6,0,10,0,1,35,0,36,0,5,41,0,46,0,0,0,46
06/10/2022,IPT,PA,AEA,EN,Federal Contract Tower,0,1,9,0,10,0,5,59,0,64,0,6,68,0,74,6,0,6,80
06/11/2022,IPT,PA,AEA,EN,Federal Contract Tower,0,0,4,0,4,0,7,61,0,68,0,7,65,0,72,22,0,22,94
06/12/2022,IPT,PA,AEA,EN,Federal Contract Tower,0,0,9,0,9,0,4,16,0,20,0,4,25,0,29,0,0,0,29
06/13/2022,IPT,PA,AEA,EN,Federal Contract Tower,0,0,7,0,7,0,6,32,0,38,0,6,39,0,45,8,0,8,53
06/14/2022,IPT,PA,AEA,EN,Federal Contract Tower,0,3,5,0,8,0,2,25,0,27,0,5,30,0,35,0,0,0,35
06/15/2022,IPT,PA,AEA,EN,Federal Contract Tower,0,2,11,0,13,0,5,21,0,26,0,7,32,0,39,0,0,0,39
06/16/2022,IPT,PA,AEA,EN,Federal Contract Tower,0,2,14,0,16,0,2,11,0,13,0,4,25,0,29,0,0,0,29
06/17/2022,IPT,PA,AEA,EN,Federal Contract Tower,0,5,1,2,8,0,5,52,4,61,0,10,53,6,69,0,0,0,69
06/18/2022,IPT,PA,AEA,EN,Federal Contract Tower,0,2,5,0,7,0,3,62,0,65,0,5,67,0,72,0,0,0,72
06/19/2022,IPT,PA,AEA,EN,Federal Contract Tower,0,2,5,0,7,0,6,39,0,45,0,8,44,0,52,4,0,4,56
06/20/2022,IPT,PA,AEA,EN,Federal Contract Tower,0,1,10,0,11,0,10,59,0,69,0,11,69,0,80,26,0,26,106
06/21/2022,IPT,PA,AEA,EN,Federal Contract Tower,0,3,10,0,13,0,0,46,0,46,0,3,56,0,59,14,0,14,73
06/22/2022,IPT,PA,AEA,EN,Federal Contract Tower,0,4,5,0,9,0,5,21,2,28,0,9,26,2,37,0,0,0,37
06/23/2022,IPT,PA,AEA,EN,Federal Contract Tower,0,2,10,0,12,0,2,6,0,8,0,4,16,0,20,0,0,0,20
06/24/2022,IPT,PA,AEA,EN,Federal Contract Tower,0,2,15,0,17,0,6,40,0,46,0,8,55,0,63,22,0,22,85
06/25/2022,IPT,PA,AEA,EN,Federal Contract Tower,0,1,6,0,7,0,8,47,0,55,0,9,53,0,62,10,0,10,72
06/26/2022,IPT,PA,AEA,EN,Federal Contract Tower,0,0,5,0,5,0,2,35,0,37,0,2,40,0,42,0,0,0,42
06/27/2022,IPT,PA,AEA,EN,Federal Contract Tower,0,1,11,2,14,0,8,34,0,42,0,9,45,2,56,0,0,0,56
06/28/2022,IPT,PA,AEA,EN,Federal Contract Tower,0,2,0,0,2,0,5,32,0,37,0,7,32,0,39,18,0,18,57
06/29/2022,IPT,PA,AEA,EN,Federal Contract Tower,0,2,2,0,4,0,8,39,0,47,0,10,41,0,51,22,0,22,73
06/30/2022,IPT,PA,AEA,EN,Federal Contract Tower,0,2,6,0,8,0,4,47,0,51,0,6,53,0,59,30,0,30,89
07/01/2022,IPT,PA,AEA,EN,Federal Contract Tower,0,4,6,0,10,0,15,32,0,47,0,19,38,0,57,8,0,8,65
07/02/2022,IPT,PA,AEA,EN,Federal Contract Tower,0,1,2,0,3,0,7,23,0,30,0,8,25,0,33,10,0,10,43
07/03/2022,IPT,PA,AEA,EN,Federal Contract Tower,0,0,1,0,1,0,2,31,0,33,0,2,32,0,34,16,0,16,50
07/04/2022,IPT,PA,AEA,EN,Federal Contract Tower,0,1,5,0,6,0,3,52,0,55,0,4,57,0,61,32,0,32,93
07/05/2022,IPT,PA,AEA,EN,Federal Contract Tower,0,2,5,0,7,0,0,36,0,36,0,2,41,0,43,4,0,4,47
07/06/2022,IPT,PA,AEA,EN,Federal Contract Tower,0,5,4,0,9,0,4,32,0,36,0,9,36,0,45,4,0,4,49
07/07/2022,IPT,PA,AEA,EN,Federal Contract Tower,0,3,5,0,8,0,2,26,0,28,0,5,31,0,36,0,0,0,36
07/08/2022,IPT,PA,AEA,EN,Federal Contract Tower,0,4,12,0,16,0,4,27,0,31,0,8,39,0,47,10,0,10,57
07/09/2022,IPT,PA,AEA,EN,Federal Contract Tower,0,1,8,0,9,0,0,48,0,48,0,1,56,0,57,24,0,24,81
07/10/2022,IPT,PA,AEA,EN,Federal Contract Tower,0,2,6,0,8,0,0,72,0,72,0,2,78,0,80,14,0,14,94
07/11/2022,IPT,PA,AEA,EN,Federal Contract Tower,0,1,7,0,8,0,8,51,0,59,0,9,58,0,67,8,0,8,75
07/12/2022,IPT,PA,AEA,EN,Federal Contract Tower,0,4,2,0,6,0,0,2,0,2,0,4,4,0,8,0,0,0,8
07/13/2022,IPT,PA,AEA,EN,Federal Contract Tower,0,2,8,1,11,0,0,33,1,34,0,2,41,2,45,6,0,6,51
07/14/2022,IPT,PA,AEA,EN,Federal Contract Tower,0,4,12,0,16,0,0,24,0,24,0,4,36,0,40,20,0,20,60
07/15/2022,IPT,PA,AEA,EN,Federal Contract Tower,0,4,12,0,16,0,4,34,0,38,0,8,46,0,54,4,0,4,58
07/16/2022,IPT,PA,AEA,EN,Federal Contract Tower,0,3,6,0,9,0,4,27,0,31,0,7,33,0,40,6,0,6,46
07/17/2022,IPT,PA,AEA,EN,Federal Contract Tower,0,0,13,0,13,0,0,36,0,36,0,0,49,0,49,0,0,0,49
07/18/2022,IPT,PA,AEA,EN,Federal Contract Tower,0,1,4,0,5,0,7,2,0,9,0,8,6,0,14,0,0,0,14
07/19/2022,IPT,PA,AEA,EN,Federal Contract Tower,0,0,4,0,4,0,16,45,4,65,0,16,49,4,69,8,0,8,77
07/20/2022,IPT,PA,AEA,EN,Federal Contract Tower,0,2,6,0,8,0,6,32,0,38,0,8,38,0,46,2,2,4,50
07/21/2022,IPT,PA,AEA,EN,Federal Contract Tower,0,2,8,0,10,0,5,18,0,23,0,7,26,0,33,0,0,0,33
07/22/2022,IPT,PA,AEA,EN,Federal Contract Tower,0,3,6,0,9,0,4,18,0,22,0,7,24,0,31,6,0,6,37
07/23/2022,IPT,PA,AEA,EN,Federal Contract Tower,0,3,3,0,6,0,1,18,0,19,0,4,21,0,25,0,2,2,27
07/24/2022,IPT,PA,AEA,EN,Federal Contract Tower,0,2,5,0,7,0,0,28,0,28,0,2,33,0,35,0,0,0,35
07/25/2022,IPT,PA,AEA,EN,Federal Contract Tower,0,1,8,0,9,0,6,12,0,18,0,7,20,0,27,6,0,6,33
07/26/2022,IPT,PA,AEA,EN,Federal Contract Tower,0,5,8,0,13,0,10,51,0,61,0,15,59,0,74,0,0,0,74
07/27/2022,IPT,PA,AEA,EN,Federal Contract Tower,0,2,9,0,11,0,6,22,0,28,0,8,31,0,39,34,0,34,73
07/28/2022,IPT,PA,AEA,EN,Federal Contract Tower,0,5,14,0,19,0,4,18,0,22,0,9,32,0,41,24,0,24,65
07/29/2022,IPT,PA,AEA,EN,Federal Contract Tower,0,4,7,0,11,0,4,12,0,16,0,8,19,0,27,0,8,8,35
07/30/2022,IPT,PA,AEA,EN,Federal Contract Tower,0,1,6,0,7,0,4,38,0,42,0,5,44,0,49,6,0,6,55
07/31/2022,IPT,PA,AEA,EN,Federal Contract Tower,0,1,8,0,9,0,0,37,0,37,0,1,45,0,46,4,0,4,50
08/01/2022,IPT,PA,AEA,EN,Federal Contract Tower,0,3,9,0,12,0,6,41,0,47,0,9,50,0,59,4,0,4,63
08/02/2022,IPT,PA,AEA,EN,Federal Contract Tower,0,2,8,0,10,0,7,41,0,48,0,9,49,0,58,2,0,2,60
08/03/2022,IPT,PA,AEA,EN,Federal Contract Tower,0,2,8,0,10,0,10,48,0,58,0,12,56,0,68,8,0,8,76
08/05/2022,IPT,PA,AEA,EN,Federal Contract Tower,0,2,4,0,6,0,1,8,0,9,0,3,12,0,15,0,0,0,15
08/06/2022,IPT,PA,AEA,EN,Federal Contract Tower,0,1,4,0,5,0,3,10,0,13,0,4,14,0,18,16,0,16,34
08/07/2022,IPT,PA,AEA,EN,Federal Contract Tower,0,0,3,0,3,0,5,18,0,23,0,5,21,0,26,14,0,14,40
08/08/2022,IPT,PA,AEA,EN,Federal Contract Tower,0,1,10,0,11,0,0,18,0,18,0,1,28,0,29,12,0,12,41
08/09/2022,IPT,PA,AEA,EN,Federal Contract Tower,0,2,7,0,9,0,15,8,0,23,0,17,15,0,32,12,0,12,44
08/10/2022,IPT,PA,AEA,EN,Federal Contract Tower,0,4,3,0,7,0,8,30,0,38,0,12,33,0,45,0,0,0,45
08/11/2022,IPT,PA,AEA,EN,Federal Contract Tower,0,4,9,0,13,0,6,26,0,32,0,10,35,0,45,6,0,6,51
08/12/2022,IPT,PA,AEA,EN,Federal Contract Tower,0,3,5,0,8,0,4,30,2,36,0,7,35,2,44,48,0,48,92
08/13/2022,IPT,PA,AEA,EN,Federal Contract Tower,0,3,1,0,4,0,2,30,0,32,0,5,31,0,36,34,0,34,70
08/14/2022,IPT,PA,AEA,EN,Federal Contract Tower,0,0,8,0,8,0,3,39,0,42,0,3,47,0,50,0,0,0,50
08/15/2022,IPT,PA,AEA,EN,Federal Contract Tower,0,3,6,0,9,0,2,17,0,19,0,5,23,0,28,18,0,18,46
08/16/2022,IPT,PA,AEA,EN,Federal Contract Tower,0,4,11,0,15,0,2,23,0,25,0,6,34,0,40,0,0,0,40
08/17/2022,IPT,PA,AEA,EN,Federal Contract Tower,0,1,11,0,12,0,3,31,0,34,0,4,42,0,46,2,0,2,48
08/18/2022,IPT,PA,AEA,EN,Federal Contract Tower,0,1,10,0,11,0,2,26,0,28,0,3,36,0,39,4,0,4,43
08/19/2022,IPT,PA,AEA,EN,Federal Contract Tower,0,1,11,0,12,0,2,38,0,40,0,3,49,0,52,20,0,20,72
08/20/2022,IPT,PA,AEA,EN,Federal Contract Tower,0,2,10,0,12,0,0,46,0,46,0,2,56,0,58,12,0,12,70
08/21/2022,IPT,PA,AEA,EN,Federal Contract Tower,4,6,18,0,28,0,2,25,6,33,4,8,43,6,61,0,0,0,61
08/22/2022,IPT,PA,AEA,EN,Federal Contract Tower,0,4,11,0,15,0,2,4,0,6,0,6,15,0,21,0,0,0,21
08/23/2022,IPT,PA,AEA,EN,Federal Contract Tower,0,2,3,0,5,0,0,28,0,28,0,2,31,0,33,0,0,0,33
08/24/2022,IPT,PA,AEA,EN,Federal Contract Tower,0,1,6,0,7,0,2,39,0,41,0,3,45,0,48,8,0,8,56
08/25/2022,IPT,PA,AEA,EN,Federal Contract Tower,0,10,4,0,14,0,0,18,0,18,0,10,22,0,32,10,0,10,42
08/26/2022,IPT,PA,AEA,EN,Federal Contract Tower,0,3,7,0,10,0,1,13,0,14,0,4,20,0,24,10,0,10,34
08/27/2022,IPT,PA,AEA,EN,Federal Contract Tower,0,2,9,0,11,0,6,37,0,43,0,8,46,0,54,20,0,20,74
08/28/2022,IPT,PA,AEA,EN,Federal Contract Tower,0,0,7,0,7,0,8,36,0,44,0,8,43,0,51,2,0,2,53
08/29/2022,IPT,PA,AEA,EN,Federal Contract Tower,0,3,9,0,12,0,4,19,0,23,0,7,28,0,35,0,0,0,35
08/30/2022,IPT,PA,AEA,EN,Federal Contract Tower,0,4,3,0,7,0,4,20,0,24,0,8,23,0,31,18,0,18,49
08/31/2022,IPT,PA,AEA,EN,Federal Contract Tower,0,2,2,0,4,0,7,27,2,36,0,9,29,2,40,0,0,0,40
09/01/2022,IPT,PA,AEA,EN,Federal Contract Tower,0,4,5,0,9,0,0,27,0,27,0,4,32,0,36,2,0,2,38
09/02/2022,IPT,PA,AEA,EN,Federal Contract Tower,0,3,4,0,7,0,1,13,0,14,0,4,17,0,21,20,0,20,41
09/03/2022,IPT,PA,AEA,EN,Federal Contract Tower,0,4,12,0,16,0,0,20,0,20,0,4,32,0,36,14,0,14,50
09/04/2022,IPT,PA,AEA,EN,Federal Contract Tower,0,0,1,0,1,0,2,2,0,4,0,2,3,0,5,0,0,0,5
09/05/2022,IPT,PA,AEA,EN,Federal Contract Tower,0,3,4,0,7,0,0,0,0,0,0,3,4,0,7,0,0,0,7
09/06/2022,IPT,PA,AEA,EN,Federal Contract Tower,0,3,5,0,8,0,3,0,0,3,0,6,5,0,11,0,0,0,11
09/07/2022,IPT,PA,AEA,EN,Federal Contract Tower,0,9,5,0,14,0,0,0,0,0,0,9,5,0,14,0,0,0,14
09/08/2022,IPT,PA,AEA,EN,Federal Contract Tower,0,4,6,0,10,0,1,15,0,16,0,5,21,0,26,0,2,2,28
09/09/2022,IPT,PA,AEA,EN,Federal Contract Tower,0,5,10,0,15,0,7,43,0,50,0,12,53,0,65,8,0,8,73
09/10/2022,IPT,PA,AEA,EN,Federal Contract Tower,0,1,6,0,7,0,2,57,0,59,0,3,63,0,66,18,0,18,84
09/11/2022,IPT,PA,AEA,EN,Federal Contract Tower,0,1,3,2,6,0,0,0,0,0,0,1,3,2,6,0,0,0,6
09/12/2022,IPT,PA,AEA,EN,Federal Contract Tower,0,5,5,2,12,0,2,0,0,2,0,7,5,2,14,0,0,0,14
09/13/2022,IPT,PA,AEA,EN,Federal Contract Tower,0,3,6,2,11,0,2,22,0,24,0,5,28,2,35,12,0,12,47
09/14/2022,IPT,PA,AEA,EN,Federal Contract Tower,0,2,11,0,13,0,6,35,0,41,0,8,46,0,54,10,0,10,64
09/15/2022,IPT,PA,AEA,EN,Federal Contract Tower,0,4,1,0,5,0,0,17,0,17,0,4,18,0,22,4,0,4,26
09/16/2022,IPT,PA,AEA,EN,Federal Contract Tower,0,5,9,0,14,0,0,36,0,36,0,5,45,0,50,24,0,24,74
09/17/2022,IPT,PA,AEA,EN,Federal Contract Tower,0,4,3,0,7,0,0,27,2,29,0,4,30,2,36,48,6,54,90
09/18/2022,IPT,PA,AEA,EN,Federal Contract Tower,0,2,8,0,10,0,0,34,0,34,0,2,42,0,44,14,0,14,58
09/19/2022,IPT,PA,AEA,EN,Federal Contract Tower,0,1,6,0,7,0,0,13,0,13,0,1,19,0,20,6,0,6,26
09/20/2022,IPT,PA,AEA,EN,Federal Contract Tower,0,1,15,0,16,0,0,29,0,29,0,1,44,0,45,4,0,4,49
09/21/2022,IPT,PA,AEA,EN,Federal Contract Tower,0,1,4,0,5,0,10,5,0,15,0,11,9,0,20,4,0,4,24
09/22/2022,IPT,PA,AEA,EN,Federal Contract Tower,0,2,7,0,9,0,2,5,0,7,0,4,12,0,16,0,0,0,16
09/23/2022,IPT,PA,AEA,EN,Federal Contract Tower,0,2,3,0,5,0,5,28,0,33,0,7,31,0,38,0,0,0,38
09/24/2022,IPT,PA,AEA,EN,Federal Contract Tower,0,1,1,0,2,0,0,30,0,30,0,1,31,0,32,34,0,34,66
09/25/2022,IPT,PA,AEA,EN,Federal Contract Tower,0,0,2,0,2,0,5,1,0,6,0,5,3,0,8,0,0,0,8
09/26/2022,IPT,PA,AEA,EN,Federal Contract Tower,0,1,4,0,5,0,3,12,0,15,0,4,16,0,20,2,0,2,22
09/27/2022,IPT,PA,AEA,EN,Federal Contract Tower,0,7,11,0,18,0,5,19,0,24,0,12,30,0,42,6,0,6,48
09/28/2022,IPT,PA,AEA,EN,Federal Contract Tower,0,2,12,0,14,0,4,9,0,13,0,6,21,0,27,0,0,0,27
09/29/2022,IPT,PA,AEA,EN,Federal Contract Tower,0,2,5,0,7,0,5,26,0,31,0,7,31,0,38,0,0,0,38
09/30/2022,IPT,PA,AEA,EN,Federal Contract Tower,0,1,11,0,12,0,1,21,0,22,0,2,32,0,34,8,0,8,42
10/01/2022,IPT,PA,AEA,EN,Federal Contract Tower,0,1,7,0,8,0,2,6,0,8,0,3,13,0,16,0,0,0,16
10/02/2022,IPT,PA,AEA,EN,Federal Contract Tower,0,0,8,0,8,0,4,10,0,14,0,4,18,0,22,2,0,2,24
10/03/2022,IPT,PA,AEA,EN,Federal Contract Tower,0,1,12,0,13,0,6,17,0,23,0,7,29,0,36,10,0,10,46
10/04/2022,IPT,PA,AEA,EN,Federal Contract Tower,0,2,11,0,13,0,0,0,0,0,0,2,11,0,13,0,0,0,13
10/05/2022,IPT,PA,AEA,EN,Federal Contract Tower,0,2,6,0,8,0,5,10,2,17,0,7,16,2,25,16,0,16,41
10/06/2022,IPT,PA,AEA,EN,Federal Contract Tower,0,3,6,0,9,0,4,31,0,35,0,7,37,0,44,0,0,0,44
10/07/2022,IPT,PA,AEA,EN,Federal Contract Tower,0,0,12,0,12,0,3,11,0,14,0,3,23,0,26,0,0,0,26
10/08/2022,IPT,PA,AEA,EN,Federal Contract Tower,0,1,2,0,3,0,4,15,0,19,0,5,17,0,22,10,0,10,32
10/09/2022,IPT,PA,AEA,EN,Federal Contract Tower,0,2,2,0,4,0,7,25,0,32,0,9,27,0,36,16,0,16,52
10/10/2022,IPT,PA,AEA,EN,Federal Contract Tower,0,1,6,0,7,0,0,41,0,41,0,1,47,0,48,0,0,0,48
10/11/2022,IPT,PA,AEA,EN,Federal Contract Tower,0,5,10,0,15,0,0,13,0,13,0,5,23,0,28,0,0,0,28
10/12/2022,IPT,PA,AEA,EN,Federal Contract Tower,0,6,3,0,9,0,0,13,0,13,0,6,16,0,22,0,0,0,22
10/13/2022,IPT,PA,AEA,EN,Federal Contract Tower,0,3,11,0,14,0,0,4,0,4,0,3,15,0,18,0,0,0,18
10/14/2022,IPT,PA,AEA,EN,Federal Contract Tower,0,1,13,0,14,0,3,35,2,40,0,4,48,2,54,14,0,14,68
10/15/2022,IPT,PA,AEA,EN,Federal Contract Tower,0,0,5,0,5,0,5,26,0,31,0,5,31,0,36,12,0,12,48
10/16/2022,IPT,PA,AEA,EN,Federal Contract Tower,0,0,8,0,8,0,0,45,0,45,0,0,53,0,53,2,0,2,55
10/17/2022,IPT,PA,AEA,EN,Federal Contract Tower,0,1,9,0,10,0,6,7,0,13,0,7,16,0,23,0,0,0,23
10/18/2022,IPT,PA,AEA,EN,Federal Contract Tower,0,3,5,0,8,0,7,17,0,24,0,10,22,0,32,0,0,0,32
10/19/2022,IPT,PA,AEA,EN,Federal Contract Tower,0,3,7,0,10,0,5,13,4,22,0,8,20,4,32,10,0,10,42
10/20/2022,IPT,PA,AEA,EN,Federal Contract Tower,0,3,11,0,14,0,3,13,0,16,0,6,24,0,30,0,0,0,30
10/21/2022,IPT,PA,AEA,EN,Federal Contract Tower,0,6,5,0,11,0,4,31,1,36,0,10,36,1,47,2,0,2,49
10/22/2022,IPT,PA,AEA,EN,Federal Contract Tower,0,1,5,0,6,0,0,21,0,21,0,1,26,0,27,20,0,20,47
10/23/2022,IPT,PA,AEA,EN,Federal Contract Tower,0,0,7,0,7,0,0,29,0,29,0,0,36,0,36,10,0,10,46
10/24/2022,IPT,PA,AEA,EN,Federal Contract Tower,0,4,13,0,17,0,1,14,0,15,0,5,27,0,32,0,0,0,32
10/25/2022,IPT,PA,AEA,EN,Federal Contract Tower,0,1,11,0,12,0,3,2,0,5,0,4,13,0,17,0,0,0,17
10/26/2022,IPT,PA,AEA,EN,Federal Contract Tower,0,4,6,0,10,0,4,4,0,8,0,8,10,0,18,0,0,0,18
10/27/2022,IPT,PA,AEA,EN,Federal Contract Tower,0,2,4,0,6,0,3,8,1,12,0,5,12,1,18,4,0,4,22
10/28/2022,IPT,PA,AEA,EN,Federal Contract Tower,0,2,8,0,10,0,6,43,0,49,0,8,51,0,59,8,0,8,67
10/29/2022,IPT,PA,AEA,EN,Federal Contract Tower,0,2,8,0,10,0,0,38,0,38,0,2,46,0,48,10,0,10,58
10/30/2022,IPT,PA,AEA,EN,Federal Contract Tower,0,2,2,0,4,0,1,33,0,34,0,3,35,0,38,12,0,12,50
10/31/2022,IPT,PA,AEA,EN,Federal Contract Tower,0,4,4,0,8,0,8,14,1,23,0,12,18,1,31,0,0,0,31
11/01/2022,IPT,PA,AEA,EN,Federal Contract Tower,0,0,6,0,6,0,1,3,0,4,0,1,9,0,10,2,0,2,12
11/02/2022,IPT,PA,AEA,EN,Federal Contract Tower,0,1,11,0,12,0,2,28,0,30,0,3,39,0,42,16,0,16,58
11/03/2022,IPT,PA,AEA,EN,Federal Contract Tower,0,1,6,0,7,0,8,7,0,15,0,9,13,0,22,0,0,0,22
11/04/2022,IPT,PA,AEA,EN,Federal Contract Tower,0,1,12,0,13,0,3,18,0,21,0,4,30,0,34,0,0,0,34
11/05/2022,IPT,PA,AEA,EN,Federal Contract Tower,0,1,10,0,11,0,0,4,0,4,0,1,14,0,15,0,0,0,15
11/06/2022,IPT,PA,AEA,EN,Federal Contract Tower,0,0,7,0,7,0,5,6,0,11,0,5,13,0,18,0,0,0,18
11/07/2022,IPT,PA,AEA,EN,Federal Contract Tower,0,1,5,0,6,0,5,7,0,12,0,6,12,0,18,0,0,0,18
11/08/2022,IPT,PA,AEA,EN,Federal Contract Tower,0,3,0,0,3,0,0,11,0,11,0,3,11,0,14,0,0,0,14
11/09/2022,IPT,PA,AEA,EN,Federal Contract Tower,0,2,6,0,8,0,4,16,0,20,0,6,22,0,28,6,0,6,34
11/10/2022,IPT,PA,AEA,EN,Federal Contract Tower,0,2,17,0,19,0,8,37,0,45,0,10,54,0,64,8,0,8,72
11/11/2022,IPT,PA,AEA,EN,Federal Contract Tower,0,6,5,0,11,0,0,0,0,0,0,6,5,0,11,0,0,0,11
11/12/2022,IPT,PA,AEA,EN,Federal Contract Tower,0,1,5,0,6,0,6,13,0,19,0,7,18,0,25,0,0,0,25
11/13/2022,IPT,PA,AEA,EN,Federal Contract Tower,0,0,0,0,0,0,12,7,0,19,0,12,7,0,19,6,0,6,25
11/14/2022,IPT,PA,AEA,EN,Federal Contract Tower,0,1,5,0,6,0,8,24,0,32,0,9,29,0,38,10,0,10,48
11/15/2022,IPT,PA,AEA,EN,Federal Contract Tower,0,2,0,0,2,0,0,1,0,1,0,2,1,0,3,0,0,0,3
11/16/2022,IPT,PA,AEA,EN,Federal Contract Tower,0,4,4,0,8,0,2,8,0,10,0,6,12,0,18,0,0,0,18
11/17/2022,IPT,PA,AEA,EN,Federal Contract Tower,0,4,3,0,7,0,3,6,0,9,0,7,9,0,16,4,0,4,20
11/18/2022,IPT,PA,AEA,EN,Federal Contract Tower,0,2,5,2,9,0,9,5,0,14,0,11,10,2,23,0,0,0,23
11/19/2022,IPT,PA,AEA,EN,Federal Contract Tower,0,3,2,0,5,0,11,16,0,27,0,14,18,0,32,6,0,6,38
11/20/2022,IPT,PA,AEA,EN,Federal Contract Tower,0,1,4,0,5,0,6,9,0,15,0,7,13,0,20,0,0,0,20
11/21/2022,IPT,PA,AEA,EN,Federal Contract Tower,0,1,4,0,5,0,1,24,0,25,0,2,28,0,30,2,0,2,32
11/22/2022,IPT,PA,AEA,EN,Federal Contract Tower,0,2,7,0,9,0,4,32,0,36,0,6,39,0,45,0,0,0,45
11/23/2022,IPT,PA,AEA,EN,Federal Contract Tower,0,4,6,0,10,0,0,32,2,34,0,4,38,2,44,6,0,6,50
11/24/2022,IPT,PA,AEA,EN,Federal Contract Tower,0,0,0,0,0,0,0,3,0,3,0,0,3,0,3,0,0,0,3
11/25/2022,IPT,PA,AEA,EN,Federal Contract Tower,0,2,2,0,4,0,0,0,0,0,0,2,2,0,4,0,0,0,4
11/26/2022,IPT,PA,AEA,EN,Federal Contract Tower,0,1,2,0,3,0,0,21,0,21,0,1,23,0,24,20,0,20,44
11/27/2022,IPT,PA,AEA,EN,Federal Contract Tower,0,5,3,0,8,0,0,0,0,0,0,5,3,0,8,0,0,0,8
11/28/2022,IPT,PA,AEA,EN,Federal Contract Tower,0,2,5,0,7,0,0,3,2,5,0,2,8,2,12,0,0,0,12
11/29/2022,IPT,PA,AEA,EN,Federal Contract Tower,0,3,1,0,4,0,3,18,6,27,0,6,19,6,31,0,0,0,31
11/30/2022,IPT,PA,AEA,EN,Federal Contract Tower,0,4,3,0,7,0,0,3,0,3,0,4,6,0,10,0,0,0,10
12/01/2022,IPT,PA,AEA,EN,Federal Contract Tower,0,2,6,0,8,0,4,12,0,16,0,6,18,0,24,0,0,0,24
12/02/2022,IPT,PA,AEA,EN,Federal Contract Tower,0,2,8,0,10,0,4,24,0,28,0,6,32,0,38,10,0,10,48
12/03/2022,IPT,PA,AEA,EN,Federal Contract Tower,0,1,2,0,3,0,4,0,0,4,0,5,2,0,7,0,0,0,7
12/04/2022,IPT,PA,AEA,EN,Federal Contract Tower,0,0,0,0,0,0,6,37,0,43,0,6,37,0,43,32,0,32,75
12/05/2022,IPT,PA,AEA,EN,Federal Contract Tower,0,3,8,0,11,0,0,29,0,29,0,3,37,0,40,6,0,6,46
12/07/2022,IPT,PA,AEA,EN,Federal Contract Tower,0,1,4,0,5,0,0,0,0,0,0,1,4,0,5,0,0,0,5
12/08/2022,IPT,PA,AEA,EN,Federal Contract Tower,0,3,10,0,13,0,2,11,0,13,0,5,21,0,26,0,0,0,26
12/09/2022,IPT,PA,AEA,EN,Federal Contract Tower,0,2,9,0,11,0,5,12,0,17,0,7,21,0,28,18,0,18,46
12/10/2022,IPT,PA,AEA,EN,Federal Contract Tower,0,1,4,0,5,0,0,40,0,40,0,1,44,0,45,26,0,26,71
12/11/2022,IPT,PA,AEA,EN,Federal Contract Tower,0,0,1,0,1,0,0,0,0,0,0,0,1,0,1,0,0,0,1
12/12/2022,IPT,PA,AEA,EN,Federal Contract Tower,0,1,10,0,11,0,0,1,0,1,0,1,11,0,12,0,0,0,12
12/13/2022,IPT,PA,AEA,EN,Federal Contract Tower,0,5,5,0,10,0,11,21,2,34,0,16,26,2,44,0,0,0,44
12/14/2022,IPT,PA,AEA,EN,Federal Contract Tower,0,3,3,0,6,0,4,23,1,28,0,7,26,1,34,8,0,8,42
12/15/2022,IPT,PA,AEA,EN,Federal Contract Tower,0,0,0,0,0,0,0,0,0,0,0,0,0,0,0,0,0,0,0
12/16/2022,IPT,PA,AEA,EN,Federal Contract Tower,0,1,4,0,5,0,3,2,0,5,0,4,6,0,10,0,0,0,10
12/17/2022,IPT,PA,AEA,EN,Federal Contract Tower,0,1,4,0,5,0,1,3,0,4,0,2,7,0,9,0,0,0,9
12/18/2022,IPT,PA,AEA,EN,Federal Contract Tower,0,0,3,0,3,0,2,12,0,14,0,2,15,0,17,0,0,0,17
12/19/2022,IPT,PA,AEA,EN,Federal Contract Tower,0,1,9,0,10,0,0,14,4,18,0,1,23,4,28,0,0,0,28
12/20/2022,IPT,PA,AEA,EN,Federal Contract Tower,0,1,10,0,11,0,5,21,4,30,0,6,31,4,41,4,0,4,45
12/21/2022,IPT,PA,AEA,EN,Federal Contract Tower,0,1,8,0,9,0,7,36,0,43,0,8,44,0,52,20,0,20,72
12/22/2022,IPT,PA,AEA,EN,Federal Contract Tower,0,5,1,0,6,0,3,0,0,3,0,8,1,0,9,0,0,0,9
12/23/2022,IPT,PA,AEA,EN,Federal Contract Tower,0,0,1,0,1,0,0,0,0,0,0,0,1,0,1,0,0,0,1
12/24/2022,IPT,PA,AEA,EN,Federal Contract Tower,0,0,1,0,1,0,4,3,0,7,0,4,4,0,8,0,0,0,8
12/25/2022,IPT,PA,AEA,EN,Federal Contract Tower,0,2,0,0,2,0,2,0,0,2,0,4,0,0,4,0,0,0,4
12/26/2022,IPT,PA,AEA,EN,Federal Contract Tower,0,0,3,0,3,0,5,18,0,23,0,5,21,0,26,0,0,0,26
12/27/2022,IPT,PA,AEA,EN,Federal Contract Tower,0,1,1,0,2,0,13,6,0,19,0,14,7,0,21,0,0,0,21
12/28/2022,IPT,PA,AEA,EN,Federal Contract Tower,0,3,1,0,4,0,1,21,0,22,0,4,22,0,26,10,0,10,36
12/29/2022,IPT,PA,AEA,EN,Federal Contract Tower,0,2,9,0,11,0,0,18,0,18,0,2,27,0,29,8,0,8,37
12/30/2022,IPT,PA,AEA,EN,Federal Contract Tower,0,4,7,0,11,0,1,18,0,19,0,5,25,0,30,12,0,12,42
12/31/2022,IPT,PA,AEA,EN,Federal Contract Tower,0,2,7,0,9,0,0,0,0,0,0,2,7,0,9,0,0,0,9
01/01/2023,IPT,PA,AEA,EN,Federal Contract Tower,0,2,4,0,6,0,12,15,0,27,0,14,19,0,33,2,0,2,35
01/02/2023,IPT,PA,AEA,EN,Federal Contract Tower,0,0,8,0,8,0,2,14,0,16,0,2,22,0,24,4,0,4,28
01/03/2023,IPT,PA,AEA,EN,Federal Contract Tower,0,1,4,0,5,0,0,0,0,0,0,1,4,0,5,0,0,0,5
01/04/2023,IPT,PA,AEA,EN,Federal Contract Tower,0,2,8,0,10,0,0,0,0,0,0,2,8,0,10,0,0,0,10
01/05/2023,IPT,PA,AEA,EN,Federal Contract Tower,0,3,8,1,12,0,3,23,1,27,0,6,31,2,39,4,0,4,43
01/06/2023,IPT,PA,AEA,EN,Federal Contract Tower,0,5,1,0,6,0,0,1,2,3,0,5,2,2,9,0,0,0,9
01/07/2023,IPT,PA,AEA,EN,Federal Contract Tower,0,1,3,0,4,0,2,4,0,6,0,3,7,0,10,0,0,0,10
01/08/2023,IPT,PA,AEA,EN,Federal Contract Tower,0,0,5,0,5,0,1,29,0,30,0,1,34,0,35,38,0,38,73
01/09/2023,IPT,PA,AEA,EN,Federal Contract Tower,0,3,4,0,7,0,8,14,0,22,0,11,18,0,29,0,2,2,31
01/10/2023,IPT,PA,AEA,EN,Federal Contract Tower,0,2,8,0,10,0,5,7,0,12,0,7,15,0,22,10,0,10,32
01/11/2023,IPT,PA,AEA,EN,Federal Contract Tower,0,1,5,0,6,0,5,25,0,30,0,6,30,0,36,6,0,6,42
01/12/2023,IPT,PA,AEA,EN,Federal Contract Tower,0,1,2,0,3,0,0,0,0,0,0,1,2,0,3,0,0,0,3
01/13/2023,IPT,PA,AEA,EN,Federal Contract Tower,0,1,3,0,4,0,0,3,0,3,0,1,6,0,7,0,0,0,7
01/14/2023,IPT,PA,AEA,EN,Federal Contract Tower,0,1,2,0,3,0,1,3,0,4,0,2,5,0,7,14,0,14,21
01/15/2023,IPT,PA,AEA,EN,Federal Contract Tower,0,2,10,0,12,0,4,14,0,18,0,6,24,0,30,14,0,14,44
01/16/2023,IPT,PA,AEA,EN,Federal Contract Tower,0,3,14,0,17,0,8,25,0,33,0,11,39,0,50,6,0,6,56
01/17/2023,IPT,PA,AEA,EN,Federal Contract Tower,0,4,4,0,8,0,0,2,0,2,0,4,6,0,10,0,0,0,10
01/18/2023,IPT,PA,AEA,EN,Federal Contract Tower,0,2,2,0,4,0,0,7,0,7,0,2,9,0,11,0,0,0,11
01/19/2023,IPT,PA,AEA,EN,Federal Contract Tower,0,2,1,0,3,0,0,0,0,0,0,2,1,0,3,0,0,0,3
01/20/2023,IPT,PA,AEA,EN,Federal Contract Tower,0,2,2,0,4,0,0,0,0,0,0,2,2,0,4,0,0,0,4
01/21/2023,IPT,PA,AEA,EN,Federal Contract Tower,0,1,3,0,4,0,0,16,0,16,0,1,19,0,20,0,0,0,20
01/22/2023,IPT,PA,AEA,EN,Federal Contract Tower,0,0,2,0,2,0,1,2,0,3,0,1,4,0,5,0,0,0,5
01/23/2023,IPT,PA,AEA,EN,Federal Contract Tower,0,1,2,0,3,0,3,0,0,3,0,4,2,0,6,0,0,0,6
01/24/2023,IPT,PA,AEA,EN,Federal Contract Tower,0,2,4,1,7,0,11,25,1,37,0,13,29,2,44,0,0,0,44
01/25/2023,IPT,PA,AEA,EN,Federal Contract Tower,0,2,0,0,2,0,0,0,0,0,0,2,0,0,2,0,0,0,2
01/26/2023,IPT,PA,AEA,EN,Federal Contract Tower,0,2,5,0,7,0,0,0,0,0,0,2,5,0,7,0,0,0,7
01/27/2023,IPT,PA,AEA,EN,Federal Contract Tower,0,1,5,0,6,0,2,7,8,17,0,3,12,8,23,10,0,10,33
01/28/2023,IPT,PA,AEA,EN,Federal Contract Tower,0,1,8,0,9,0,7,26,0,33,0,8,34,0,42,6,0,6,48
01/29/2023,IPT,PA,AEA,EN,Federal Contract Tower,0,0,2,0,2,0,0,8,0,8,0,0,10,0,10,6,0,6,16
01/30/2023,IPT,PA,AEA,EN,Federal Contract Tower,0,1,3,0,4,0,5,2,0,7,0,6,5,0,11,0,0,0,11
01/31/2023,IPT,PA,AEA,EN,Federal Contract Tower,0,2,1,0,3,0,7,6,2,15,0,9,7,2,18,20,0,20,38
02/01/2023,IPT,PA,AEA,EN,Federal Contract Tower,0,1,7,0,8,0,5,26,3,34,0,6,33,3,42,4,0,4,46
02/02/2023,IPT,PA,AEA,EN,Federal Contract Tower,0,3,8,1,12,0,24,19,1,44,0,27,27,2,56,0,0,0,56
02/03/2023,IPT,PA,AEA,EN,Federal Contract Tower,0,6,2,0,8,0,1,3,2,6,0,7,5,2,14,0,0,0,14
02/04/2023,IPT,PA,AEA,EN,Federal Contract Tower,0,1,7,0,8,0,0,27,0,27,0,1,34,0,35,6,0,6,41
02/05/2023,IPT,PA,AEA,EN,Federal Contract Tower,0,0,3,0,3,0,7,14,2,23,0,7,17,2,26,10,0,10,36
02/06/2023,IPT,PA,AEA,EN,Federal Contract Tower,0,3,2,0,5,0,4,4,0,8,0,7,6,0,13,0,0,0,13
02/07/2023,IPT,PA,AEA,EN,Federal Contract Tower,0,2,2,0,4,0,0,25,2,27,0,2,27,2,31,8,0,8,39
02/08/2023,IPT,PA,AEA,EN,Federal Contract Tower,0,2,3,0,5,0,0,13,0,13,0,2,16,0,18,0,0,0,18
02/09/2023,IPT,PA,AEA,EN,Federal Contract Tower,0,4,3,0,7,0,1,10,0,11,0,5,13,0,18,10,0,10,28
02/10/2023,IPT,PA,AEA,EN,Federal Contract Tower,0,1,6,0,7,0,2,7,0,9,0,3,13,0,16,0,0,0,16
02/11/2023,IPT,PA,AEA,EN,Federal Contract Tower,0,1,2,0,3,0,3,24,0,27,0,4,26,0,30,14,0,14,44
02/12/2023,IPT,PA,AEA,EN,Federal Contract Tower,0,2,2,0,4,0,3,42,2,47,0,5,44,2,51,34,0,34,85
02/13/2023,IPT,PA,AEA,EN,Federal Contract Tower,0,1,5,0,6,0,4,28,0,32,0,5,33,0,38,0,0,0,38
02/14/2023,IPT,PA,AEA,EN,Federal Contract Tower,0,2,12,0,14,0,10,30,2,42,0,12,42,2,56,12,0,12,68
02/15/2023,IPT,PA,AEA,EN,Federal Contract Tower,0,2,4,0,6,0,4,6,2,12,0,6,10,2,18,0,0,0,18
02/16/2023,IPT,PA,AEA,EN,Federal Contract Tower,0,5,7,0,12,0,2,2,0,4,0,7,9,0,16,0,0,0,16
02/17/2023,IPT,PA,AEA,EN,Federal Contract Tower,0,3,3,0,6,0,0,3,0,3,0,3,6,0,9,0,0,0,9
02/18/2023,IPT,PA,AEA,EN,Federal Contract Tower,0,1,4,0,5,0,3,26,0,29,0,4,30,0,34,2,0,2,36
02/19/2023,IPT,PA,AEA,EN,Federal Contract Tower,0,0,4,0,4,0,2,13,0,15,0,2,17,0,19,0,0,0,19
02/20/2023,IPT,PA,AEA,EN,Federal Contract Tower,0,2,4,0,6,0,11,13,0,24,0,13,17,0,30,0,0,0,30
02/21/2023,IPT,PA,AEA,EN,Federal Contract Tower,0,4,8,0,12,0,0,1,0,1,0,4,9,0,13,0,0,0,13
02/22/2023,IPT,PA,AEA,EN,Federal Contract Tower,0,3,2,0,5,0,0,0,0,0,0,3,2,0,5,0,0,0,5
02/23/2023,IPT,PA,AEA,EN,Federal Contract Tower,0,2,5,0,7,0,15,5,0,20,0,17,10,0,27,8,0,8,35
02/24/2023,IPT,PA,AEA,EN,Federal Contract Tower,0,2,5,0,7,0,0,7,0,7,0,2,12,0,14,0,0,0,14
02/25/2023,IPT,PA,AEA,EN,Federal Contract Tower,0,2,1,0,3,0,3,6,0,9,0,5,7,0,12,0,0,0,12
02/26/2023,IPT,PA,AEA,EN,Federal Contract Tower,0,6,6,0,12,0,0,20,0,20,0,6,26,0,32,0,0,0,32
02/27/2023,IPT,PA,AEA,EN,Federal Contract Tower,0,0,5,0,5,0,3,18,0,21,0,3,23,0,26,8,0,8,34
02/28/2023,IPT,PA,AEA,EN,Federal Contract Tower,0,7,1,0,8,0,1,0,0,1,0,8,1,0,9,0,0,0,9
03/01/2023,IPT,PA,AEA,EN,Federal Contract Tower,0,3,11,0,14,0,2,9,0,11,0,5,20,0,25,0,0,0,25
03/02/2023,IPT,PA,AEA,EN,Federal Contract Tower,0,2,3,0,5,0,2,7,0,9,0,4,10,0,14,0,0,0,14
03/03/2023,IPT,PA,AEA,EN,Federal Contract Tower,0,3,1,0,4,0,1,2,0,3,0,4,3,0,7,0,0,0,7
03/04/2023,IPT,PA,AEA,EN,Federal Contract Tower,0,1,2,0,3,0,5,0,0,5,0,6,2,0,8,0,0,0,8
03/05/2023,IPT,PA,AEA,EN,Federal Contract Tower,0,1,7,0,8,0,4,17,0,21,0,5,24,0,29,14,0,14,43
03/06/2023,IPT,PA,AEA,EN,Federal Contract Tower,0,1,10,2,13,0,2,17,0,19,0,3,27,2,32,4,0,4,36
03/07/2023,IPT,PA,AEA,EN,Federal Contract Tower,0,1,7,0,8,0,5,7,0,12,0,6,14,0,20,0,0,0,20
03/08/2023,IPT,PA,AEA,EN,Federal Contract Tower,0,2,6,1,9,0,3,11,3,17,0,5,17,4,26,0,0,0,26
03/09/2023,IPT,PA,AEA,EN,Federal Contract Tower,0,1,8,1,10,0,3,20,9,32,0,4,28,10,42,14,0,14,56
03/10/2023,IPT,PA,AEA,EN,Federal Contract Tower,0,2,2,0,4,0,0,0,0,0,0,2,2,0,4,0,0,0,4
03/11/2023,IPT,PA,AEA,EN,Federal Contract Tower,0,1,3,0,4,0,3,1,0,4,0,4,4,0,8,0,0,0,8
03/12/2023,IPT,PA,AEA,EN,Federal Contract Tower,0,2,6,0,8,0,4,13,0,17,0,6,19,0,25,0,0,0,25
03/13/2023,IPT,PA,AEA,EN,Federal Contract Tower,0,1,5,0,6,0,0,0,1,1,0,1,5,1,7,0,0,0,7
03/14/2023,IPT,PA,AEA,EN,Federal Contract Tower,0,1,5,0,6,0,0,0,1,1,0,1,5,1,7,0,0,0,7
03/15/2023,IPT,PA,AEA,EN,Federal Contract Tower,0,2,5,0,7,0,6,4,0,10,0,8,9,0,17,4,0,4,21
03/16/2023,IPT,PA,AEA,EN,Federal Contract Tower,0,2,3,0,5,0,2,43,0,45,0,4,46,0,50,14,0,14,64
03/17/2023,IPT,PA,AEA,EN,Federal Contract Tower,0,4,11,0,15,0,0,1,0,1,0,4,12,0,16,0,0,0,16
03/18/2023,IPT,PA,AEA,EN,Federal Contract Tower,0,3,2,0,5,0,3,8,0,11,0,6,10,0,16,0,0,0,16
03/19/2023,IPT,PA,AEA,EN,Federal Contract Tower,0,0,6,0,6,0,2,11,0,13,0,2,17,0,19,0,2,2,21
03/20/2023,IPT,PA,AEA,EN,Federal Contract Tower,0,1,5,0,6,0,5,44,1,50,0,6,49,1,56,30,0,30,86
03/21/2023,IPT,PA,AEA,EN,Federal Contract Tower,0,3,2,0,5,0,2,30,4,36,0,5,32,4,41,6,2,8,49
03/22/2023,IPT,PA,AEA,EN,Federal Contract Tower,0,2,2,0,4,0,0,20,0,20,0,2,22,0,24,4,0,4,28
03/23/2023,IPT,PA,AEA,EN,Federal Contract Tower,0,4,2,0,6,0,0,4,0,4,0,4,6,0,10,0,0,0,10
03/24/2023,IPT,PA,AEA,EN,Federal Contract Tower,0,2,20,0,22,0,1,29,0,30,0,3,49,0,52,0,0,0,52
03/25/2023,IPT,PA,AEA,EN,Federal Contract Tower,0,1,3,0,4,0,0,2,0,2,0,1,5,0,6,0,0,0,6
03/26/2023,IPT,PA,AEA,EN,Federal Contract Tower,0,0,11,0,11,0,2,18,0,20,0,2,29,0,31,16,0,16,47
03/27/2023,IPT,PA,AEA,EN,Federal Contract Tower,0,1,2,0,3,0,2,1,0,3,0,3,3,0,6,0,0,0,6
03/28/2023,IPT,PA,AEA,EN,Federal Contract Tower,0,2,10,0,12,0,5,14,0,19,0,7,24,0,31,0,0,0,31
03/29/2023,IPT,PA,AEA,EN,Federal Contract Tower,0,1,6,0,7,0,8,17,0,25,0,9,23,0,32,32,0,32,64
03/30/2023,IPT,PA,AEA,EN,Federal Contract Tower,0,2,14,0,16,0,2,16,0,18,0,4,30,0,34,2,0,2,36
03/31/2023,IPT,PA,AEA,EN,Federal Contract Tower,0,3,2,0,5,0,1,1,0,2,0,4,3,0,7,0,0,0,7
04/01/2023,IPT,PA,AEA,EN,Federal Contract Tower,0,1,2,0,3,0,1,7,0,8,0,2,9,0,11,14,0,14,25
04/02/2023,IPT,PA,AEA,EN,Federal Contract Tower,0,1,11,0,12,0,7,22,0,29,0,8,33,0,41,32,0,32,73
04/03/2023,IPT,PA,AEA,EN,Federal Contract Tower,0,4,4,0,8,0,5,6,0,11,0,9,10,0,19,2,0,2,21
04/04/2023,IPT,PA,AEA,EN,Federal Contract Tower,0,4,4,3,11,0,3,26,3,32,0,7,30,6,43,0,0,0,43
04/05/2023,IPT,PA,AEA,EN,Federal Contract Tower,0,2,2,0,4,0,3,2,0,5,0,5,4,0,9,0,0,0,9
04/06/2023,IPT,PA,AEA,EN,Federal Contract Tower,0,2,6,0,8,0,0,6,0,6,0,2,12,0,14,6,0,6,20
04/07/2023,IPT,PA,AEA,EN,Federal Contract Tower,0,4,3,0,7,0,0,29,0,29,0,4,32,0,36,12,0,12,48
04/08/2023,IPT,PA,AEA,EN,Federal Contract Tower,0,3,1,0,4,0,2,48,0,50,0,5,49,0,54,78,0,78,132
04/09/2023,IPT,PA,AEA,EN,Federal Contract Tower,0,0,2,0,2,0,2,38,3,43,0,2,40,3,45,30,0,30,75
04/10/2023,IPT,PA,AEA,EN,Federal Contract Tower,0,3,8,2,13,0,5,41,0,46,0,8,49,2,59,14,0,14,73
04/11/2023,IPT,PA,AEA,EN,Federal Contract Tower,0,2,7,1,10,0,5,25,17,47,0,7,32,18,57,2,0,2,59
04/12/2023,IPT,PA,AEA,EN,Federal Contract Tower,0,4,1,0,5,0,5,20,1,26,0,9,21,1,31,0,0,0,31
04/13/2023,IPT,PA,AEA,EN,Federal Contract Tower,0,9,6,0,15,0,3,27,0,30,0,12,33,0,45,4,0,4,49
04/14/2023,IPT,PA,AEA,EN,Federal Contract Tower,0,4,9,0,13,0,2,45,0,47,0,6,54,0,60,26,0,26,86
04/15/2023,IPT,PA,AEA,EN,Federal Contract Tower,0,1,4,0,5,0,2,8,0,10,0,3,12,0,15,20,0,20,35
04/16/2023,IPT,PA,AEA,EN,Federal Contract Tower,0,0,7,0,7,0,5,23,0,28,0,5,30,0,35,0,0,0,35
04/17/2023,IPT,PA,AEA,EN,Federal Contract Tower,0,1,2,0,3,0,8,0,0,8,0,9,2,0,11,0,0,0,11
04/18/2023,IPT,PA,AEA,EN,Federal Contract Tower,0,6,11,0,17,0,4,5,0,9,0,10,16,0,26,0,0,0,26
04/19/2023,IPT,PA,AEA,EN,Federal Contract Tower,0,2,2,0,4,0,6,22,0,28,0,8,24,0,32,4,0,4,36
04/20/2023,IPT,PA,AEA,EN,Federal Contract Tower,0,4,5,1,10,0,6,32,1,39,0,10,37,2,49,0,0,0,49
04/21/2023,IPT,PA,AEA,EN,Federal Contract Tower,0,4,9,0,13,0,8,18,2,28,0,12,27,2,41,12,0,12,53
04/22/2023,IPT,PA,AEA,EN,Federal Contract Tower,0,1,1,0,2,0,3,4,0,7,0,4,5,0,9,0,0,0,9
04/23/2023,IPT,PA,AEA,EN,Federal Contract Tower,0,0,3,0,3,0,8,23,0,31,0,8,26,0,34,10,0,10,44
04/24/2023,IPT,PA,AEA,EN,Federal Contract Tower,0,1,7,0,8,0,4,14,2,20,0,5,21,2,28,0,0,0,28
04/25/2023,IPT,PA,AEA,EN,Federal Contract Tower,0,4,9,0,13,0,11,24,2,37,0,15,33,2,50,10,0,10,60
04/26/2023,IPT,PA,AEA,EN,Federal Contract Tower,0,2,3,0,5,0,8,17,0,25,0,10,20,0,30,14,0,14,44
04/27/2023,IPT,PA,AEA,EN,Federal Contract Tower,0,1,17,0,18,0,3,29,2,34,0,4,46,2,52,16,0,16,68
04/28/2023,IPT,PA,AEA,EN,Federal Contract Tower,0,5,6,0,11,0,0,1,1,2,0,5,7,1,13,0,0,0,13
04/29/2023,IPT,PA,AEA,EN,Federal Contract Tower,0,5,0,0,5,0,0,1,0,1,0,5,1,0,6,0,0,0,6
04/30/2023,IPT,PA,AEA,EN,Federal Contract Tower,0,0,2,0,2,0,0,0,0,0,0,0,2,0,2,0,0,0,2
05/01/2023,IPT,PA,AEA,EN,Federal Contract Tower,0,1,3,0,4,0,0,1,0,1,0,1,4,0,5,0,0,0,5
05/02/2023,IPT,PA,AEA,EN,Federal Contract Tower,0,2,6,0,8,0,0,0,0,0,0,2,6,0,8,0,0,0,8
05/03/2023,IPT,PA,AEA,EN,Federal Contract Tower,0,2,5,0,7,0,0,4,0,4,0,2,9,0,11,0,0,0,11
05/04/2023,IPT,PA,AEA,EN,Federal Contract Tower,0,1,9,0,10,0,2,6,1,9,0,3,15,1,19,0,0,0,19
05/05/2023,IPT,PA,AEA,EN,Federal Contract Tower,0,2,11,2,15,0,7,18,0,25,0,9,29,2,40,0,0,0,40
05/06/2023,IPT,PA,AEA,EN,Federal Contract Tower,0,1,10,0,11,0,3,33,0,36,0,4,43,0,47,8,0,8,55
05/07/2023,IPT,PA,AEA,EN,Federal Contract Tower,0,0,7,0,7,0,0,25,2,27,0,0,32,2,34,0,0,0,34
05/08/2023,IPT,PA,AEA,EN,Federal Contract Tower,0,0,13,0,13,0,4,36,0,40,0,4,49,0,53,2,0,2,55
05/09/2023,IPT,PA,AEA,EN,Federal Contract Tower,0,8,16,0,24,0,3,20,0,23,0,11,36,0,47,6,0,6,53
05/10/2023,IPT,PA,AEA,EN,Federal Contract Tower,0,2,7,0,9,0,1,20,0,21,0,3,27,0,30,12,0,12,42
05/11/2023,IPT,PA,AEA,EN,Federal Contract Tower,0,4,12,0,16,0,2,19,0,21,0,6,31,0,37,0,0,0,37
05/12/2023,IPT,PA,AEA,EN,Federal Contract Tower,0,6,4,0,10,0,6,17,1,24,0,12,21,1,34,8,0,8,42
05/13/2023,IPT,PA,AEA,EN,Federal Contract Tower,0,2,6,0,8,0,2,10,0,12,0,4,16,0,20,2,0,2,22
05/14/2023,IPT,PA,AEA,EN,Federal Contract Tower,0,2,7,0,9,0,4,29,0,33,0,6,36,0,42,0,0,0,42
05/15/2023,IPT,PA,AEA,EN,Federal Contract Tower,0,5,6,1,12,0,5,35,1,41,0,10,41,2,53,10,0,10,63
05/16/2023,IPT,PA,AEA,EN,Federal Contract Tower,0,2,6,0,8,0,17,22,0,39,0,19,28,0,47,0,0,0,47
05/17/2023,IPT,PA,AEA,EN,Federal Contract Tower,0,1,5,2,8,0,4,18,2,24,0,5,23,4,32,0,0,0,32
05/18/2023,IPT,PA,AEA,EN,Federal Contract Tower,0,2,14,0,16,0,4,32,0,36,0,6,46,0,52,34,0,34,86
05/19/2023,IPT,PA,AEA,EN,Federal Contract Tower,0,2,10,0,12,0,2,20,0,22,0,4,30,0,34,6,0,6,40
05/20/2023,IPT,PA,AEA,EN,Federal Contract Tower,0,1,7,0,8,0,3,2,0,5,0,4,9,0,13,6,0,6,19
05/21/2023,IPT,PA,AEA,EN,Federal Contract Tower,0,0,0,0,0,0,11,16,0,27,0,11,16,0,27,0,0,0,27
05/22/2023,IPT,PA,AEA,EN,Federal Contract Tower,0,1,5,0,6,0,9,27,0,36,0,10,32,0,42,28,0,28,70
05/23/2023,IPT,PA,AEA,EN,Federal Contract Tower,0,2,12,0,14,0,4,29,0,33,0,6,41,0,47,0,0,0,47
05/24/2023,IPT,PA,AEA,EN,Federal Contract Tower,0,2,7,0,9,0,6,27,2,35,0,8,34,2,44,0,0,0,44
05/25/2023,IPT,PA,AEA,EN,Federal Contract Tower,0,2,3,0,5,0,3,24,0,27,0,5,27,0,32,6,0,6,38
05/26/2023,IPT,PA,AEA,EN,Federal Contract Tower,0,1,0,0,1,0,5,40,0,45,0,6,40,0,46,12,0,12,58
05/27/2023,IPT,PA,AEA,EN,Federal Contract Tower,0,2,3,0,5,0,2,27,0,29,0,4,30,0,34,24,0,24,58
05/28/2023,IPT,PA,AEA,EN,Federal Contract Tower,0,0,0,0,0,0,10,38,0,48,0,10,38,0,48,12,0,12,60
05/29/2023,IPT,PA,AEA,EN,Federal Contract Tower,0,0,1,0,1,0,5,45,0,50,0,5,46,0,51,10,0,10,61
05/30/2023,IPT,PA,AEA,EN,Federal Contract Tower,0,0,6,0,6,0,2,38,0,40,0,2,44,0,46,4,0,4,50
05/31/2023,IPT,PA,AEA,EN,Federal Contract Tower,0,4,11,0,15,0,0,25,0,25,0,4,36,0,40,14,0,14,54
06/01/2023,IPT,PA,AEA,EN,Federal Contract Tower,0,1,10,0,11,0,2,52,0,54,0,3,62,0,65,16,0,16,81
06/02/2023,IPT,PA,AEA,EN,Federal Contract Tower,0,0,8,1,9,0,0,58,0,58,0,0,66,1,67,12,0,12,79
06/03/2023,IPT,PA,AEA,EN,Federal Contract Tower,0,2,2,0,4,0,2,45,0,47,0,4,47,0,51,14,0,14,65
06/04/2023,IPT,PA,AEA,EN,Federal Contract Tower,0,3,9,0,12,0,4,55,0,59,0,7,64,0,71,4,0,4,75
06/05/2023,IPT,PA,AEA,EN,Federal Contract Tower,0,2,5,0,7,0,0,46,0,46,0,2,51,0,53,18,0,18,71
06/06/2023,IPT,PA,AEA,EN,Federal Contract Tower,0,0,13,0,13,0,4,34,0,38,0,4,47,0,51,2,0,2,53
06/07/2023,IPT,PA,AEA,EN,Federal Contract Tower,0,2,5,2,9,0,0,3,0,3,0,2,8,2,12,0,0,0,12
06/08/2023,IPT,PA,AEA,EN,Federal Contract Tower,0,1,16,0,17,0,5,18,0,23,0,6,34,0,40,0,0,0,40
06/09/2023,IPT,PA,AEA,EN,Federal Contract Tower,0,1,9,0,10,4,22,0,0,26,4,23,9,0,36,14,0,14,50
06/10/2023,IPT,PA,AEA,EN,Federal Contract Tower,0,2,3,0,5,0,7,17,2,26,0,9,20,2,31,24,0,24,55
06/11/2023,IPT,PA,AEA,EN,Federal Contract Tower,0,2,6,0,8,0,9,29,0,38,0,11,35,0,46,6,0,6,52
06/12/2023,IPT,PA,AEA,EN,Federal Contract Tower,0,0,2,0,2,0,5,0,0,5,0,5,2,0,7,0,0,0,7
06/13/2023,IPT,PA,AEA,EN,Federal Contract Tower,0,2,8,0,10,0,5,32,0,37,0,7,40,0,47,32,0,32,79
06/15/2023,IPT,PA,AEA,EN,Federal Contract Tower,0,1,8,0,9,0,5,31,0,36,0,6,39,0,45,2,0,2,47
06/16/2023,IPT,PA,AEA,EN,Federal Contract Tower,0,3,4,0,7,0,1,4,0,5,0,4,8,0,12,0,0,0,12
06/17/2023,IPT,PA,AEA,EN,Federal Contract Tower,0,0,11,0,11,0,4,19,0,23,0,4,30,0,34,6,0,6,40
06/18/2023,IPT,PA,AEA,EN,Federal Contract Tower,0,0,6,0,6,0,4,32,0,36,0,4,38,0,42,18,0,18,60
06/19/2023,IPT,PA,AEA,EN,Federal Contract Tower,0,2,7,0,9,0,6,34,0,40,0,8,41,0,49,16,0,16,65
06/20/2023,IPT,PA,AEA,EN,Federal Contract Tower,0,1,10,0,11,0,11,33,0,44,0,12,43,0,55,8,0,8,63
06/21/2023,IPT,PA,AEA,EN,Federal Contract Tower,0,2,5,0,7,0,6,36,0,42,0,8,41,0,49,4,0,4,53
06/22/2023,IPT,PA,AEA,EN,Federal Contract Tower,0,2,8,0,10,0,4,3,0,7,0,6,11,0,17,0,0,0,17
06/23/2023,IPT,PA,AEA,EN,Federal Contract Tower,0,2,5,2,9,0,0,1,0,1,0,2,6,2,10,0,0,0,10
06/24/2023,IPT,PA,AEA,EN,Federal Contract Tower,0,0,7,0,7,0,2,12,0,14,0,2,19,0,21,0,0,0,21
06/25/2023,IPT,PA,AEA,EN,Federal Contract Tower,0,0,3,0,3,0,13,18,0,31,0,13,21,0,34,0,0,0,34
06/26/2023,IPT,PA,AEA,EN,Federal Contract Tower,0,0,5,0,5,0,0,0,0,0,0,0,5,0,5,0,0,0,5
06/27/2023,IPT,PA,AEA,EN,Federal Contract Tower,0,2,3,0,5,0,0,2,0,2,0,2,5,0,7,0,0,0,7
06/28/2023,IPT,PA,AEA,EN,Federal Contract Tower,0,0,10,2,12,0,2,5,0,7,0,2,15,2,19,20,0,20,39
06/29/2023,IPT,PA,AEA,EN,Federal Contract Tower,0,1,24,0,25,0,0,6,0,6,0,1,30,0,31,8,0,8,39
06/30/2023,IPT,PA,AEA,EN,Federal Contract Tower,0,2,4,0,6,0,2,4,0,6,0,4,8,0,12,0,0,0,12
07/01/2023,IPT,PA,AEA,EN,Federal Contract Tower,0,1,2,0,3,0,1,7,0,8,0,2,9,0,11,0,0,0,11
07/02/2023,IPT,PA,AEA,EN,Federal Contract Tower,0,0,1,0,1,0,0,4,0,4,0,0,5,0,5,0,0,0,5
07/03/2023,IPT,PA,AEA,EN,Federal Contract Tower,0,2,3,0,5,0,4,3,0,7,0,6,6,0,12,0,0,0,12
07/04/2023,IPT,PA,AEA,EN,Federal Contract Tower,0,0,3,0,3,0,7,25,0,32,0,7,28,0,35,4,0,4,39
07/05/2023,IPT,PA,AEA,EN,Federal Contract Tower,0,1,9,1,11,0,0,38,1,39,0,1,47,2,50,6,12,18,68
07/06/2023,IPT,PA,AEA,EN,Federal Contract Tower,0,0,1,0,1,0,4,22,0,26,0,4,23,0,27,4,0,4,31
07/07/2023,IPT,PA,AEA,EN,Federal Contract Tower,0,3,1,0,4,0,0,6,0,6,0,3,7,0,10,0,0,0,10
07/08/2023,IPT,PA,AEA,EN,Federal Contract Tower,0,0,7,0,7,0,7,35,0,42,0,7,42,0,49,16,2,18,67
07/09/2023,IPT,PA,AEA,EN,Federal Contract Tower,0,0,6,0,6,0,0,0,0,0,0,0,6,0,6,0,0,0,6
07/10/2023,IPT,PA,AEA,EN,Federal Contract Tower,0,0,7,0,7,0,2,28,0,30,0,2,35,0,37,0,0,0,37
07/11/2023,IPT,PA,AEA,EN,Federal Contract Tower,0,0,8,1,9,0,2,41,2,45,0,2,49,3,54,0,8,8,62
07/12/2023,IPT,PA,AEA,EN,Federal Contract Tower,0,0,13,0,13,0,2,26,0,28,0,2,39,0,41,0,0,0,41
07/13/2023,IPT,PA,AEA,EN,Federal Contract Tower,0,2,4,0,6,0,3,26,0,29,0,5,30,0,35,0,0,0,35
07/14/2023,IPT,PA,AEA,EN,Federal Contract Tower,0,3,13,0,16,0,2,7,0,9,0,5,20,0,25,0,0,0,25
07/15/2023,IPT,PA,AEA,EN,Federal Contract Tower,0,0,4,0,4,0,0,17,0,17,0,0,21,0,21,32,0,32,53
07/16/2023,IPT,PA,AEA,EN,Federal Contract Tower,0,1,3,0,4,0,5,23,0,28,0,6,26,0,32,4,0,4,36
07/17/2023,IPT,PA,AEA,EN,Federal Contract Tower,0,2,9,0,11,0,0,31,0,31,0,2,40,0,42,0,0,0,42
07/18/2023,IPT,PA,AEA,EN,Federal Contract Tower,0,0,6,0,6,0,3,15,0,18,0,3,21,0,24,0,0,0,24
07/19/2023,IPT,PA,AEA,EN,Federal Contract Tower,0,0,6,0,6,0,3,33,0,36,0,3,39,0,42,0,0,0,42
07/20/2023,IPT,PA,AEA,EN,Federal Contract Tower,0,0,3,0,3,0,6,25,0,31,0,6,28,0,34,4,0,4,38
07/21/2023,IPT,PA,AEA,EN,Federal Contract Tower,0,0,9,0,9,0,2,9,0,11,0,2,18,0,20,10,0,10,30
07/22/2023,IPT,PA,AEA,EN,Federal Contract Tower,0,0,4,0,4,0,5,32,0,37,0,5,36,0,41,16,0,16,57
07/23/2023,IPT,PA,AEA,EN,Federal Contract Tower,0,1,8,0,9,0,2,29,0,31,0,3,37,0,40,0,0,0,40
07/24/2023,IPT,PA,AEA,EN,Federal Contract Tower,0,0,3,2,5,0,3,15,0,18,0,3,18,2,23,4,0,4,27
07/25/2023,IPT,PA,AEA,EN,Federal Contract Tower,0,0,10,0,10,0,0,9,0,9,0,0,19,0,19,2,2,4,23
07/26/2023,IPT,PA,AEA,EN,Federal Contract Tower,0,3,8,0,11,0,0,30,0,30,0,3,38,0,41,4,0,4,45
07/27/2023,IPT,PA,AEA,EN,Federal Contract Tower,0,9,5,0,14,0,4,12,0,16,0,13,17,0,30,0,0,0,30
07/28/2023,IPT,PA,AEA,EN,Federal Contract Tower,0,0,6,0,6,0,1,20,0,21,0,1,26,0,27,4,0,4,31
07/29/2023,IPT,PA,AEA,EN,Federal Contract Tower,0,0,7,0,7,0,2,5,0,7,0,2,12,0,14,0,0,0,14
07/30/2023,IPT,PA,AEA,EN,Federal Contract Tower,0,0,14,0,14,0,3,27,0,30,0,3,41,0,44,2,0,2,46
07/31/2023,IPT,PA,AEA,EN,Federal Contract Tower,0,0,7,0,7,0,2,27,0,29,0,2,34,0,36,6,0,6,42
08/01/2023,IPT,PA,AEA,EN,Federal Contract Tower,0,0,12,0,12,0,0,27,0,27,0,0,39,0,39,8,0,8,47
08/02/2023,IPT,PA,AEA,EN,Federal Contract Tower,0,0,4,1,5,0,1,43,0,44,0,1,47,1,49,30,0,30,79
08/03/2023,IPT,PA,AEA,EN,Federal Contract Tower,0,0,12,0,12,0,2,23,0,25,0,2,35,0,37,2,0,2,39
08/04/2023,IPT,PA,AEA,EN,Federal Contract Tower,0,0,1,0,1,0,3,13,0,16,0,3,14,0,17,0,0,0,17
08/05/2023,IPT,PA,AEA,EN,Federal Contract Tower,0,0,3,0,3,0,8,16,0,24,0,8,19,0,27,20,0,20,47
08/06/2023,IPT,PA,AEA,EN,Federal Contract Tower,0,0,5,0,5,0,3,19,0,22,0,3,24,0,27,16,0,16,43
08/07/2023,IPT,PA,AEA,EN,Federal Contract Tower,0,0,1,0,1,0,0,0,0,0,0,0,1,0,1,0,0,0,1
08/08/2023,IPT,PA,AEA,EN,Federal Contract Tower,0,0,4,0,4,0,5,11,0,16,0,5,15,0,20,0,0,0,20
08/09/2023,IPT,PA,AEA,EN,Federal Contract Tower,0,1,12,0,13,0,7,29,0,36,0,8,41,0,49,12,0,12,61
08/10/2023,IPT,PA,AEA,EN,Federal Contract Tower,0,0,6,0,6,0,2,5,0,7,0,2,11,0,13,0,0,0,13
08/11/2023,IPT,PA,AEA,EN,Federal Contract Tower,0,3,11,1,15,0,4,22,4,30,0,7,33,5,45,12,0,12,57
08/12/2023,IPT,PA,AEA,EN,Federal Contract Tower,0,3,2,0,5,0,0,9,0,9,0,3,11,0,14,10,0,10,24
08/13/2023,IPT,PA,AEA,EN,Federal Contract Tower,0,1,7,0,8,0,10,28,0,38,0,11,35,0,46,28,0,28,74
08/14/2023,IPT,PA,AEA,EN,Federal Contract Tower,0,0,9,0,9,0,6,13,2,21,0,6,22,2,30,0,0,0,30
08/15/2023,IPT,PA,AEA,EN,Federal Contract Tower,0,0,11,0,11,0,2,4,0,6,0,2,15,0,17,0,0,0,17
08/16/2023,IPT,PA,AEA,EN,Federal Contract Tower,0,1,16,3,20,0,1,13,7,21,0,2,29,10,41,0,0,0,41
08/17/2023,IPT,PA,AEA,EN,Federal Contract Tower,0,2,10,0,12,0,0,2,0,2,0,2,12,0,14,0,0,0,14
08/18/2023,IPT,PA,AEA,EN,Federal Contract Tower,0,2,6,0,8,0,6,19,0,25,0,8,25,0,33,0,0,0,33
08/19/2023,IPT,PA,AEA,EN,Federal Contract Tower,0,6,8,0,14,0,4,27,0,31,0,10,35,0,45,6,0,6,51
08/20/2023,IPT,PA,AEA,EN,Federal Contract Tower,2,2,4,0,8,0,0,30,0,30,2,2,34,0,38,0,0,0,38
08/21/2023,IPT,PA,AEA,EN,Federal Contract Tower,0,0,9,0,9,0,6,36,0,42,0,6,45,0,51,28,0,28,79
08/22/2023,IPT,PA,AEA,EN,Federal Contract Tower,0,0,5,0,5,0,9,27,2,38,0,9,32,2,43,20,0,20,63
08/23/2023,IPT,PA,AEA,EN,Federal Contract Tower,0,2,7,0,9,0,1,16,0,17,0,3,23,0,26,10,0,10,36
08/24/2023,IPT,PA,AEA,EN,Federal Contract Tower,0,0,6,0,6,0,2,1,0,3,0,2,7,0,9,0,0,0,9
08/25/2023,IPT,PA,AEA,EN,Federal Contract Tower,0,0,8,0,8,0,6,3,0,9,0,6,11,0,17,0,0,0,17
08/26/2023,IPT,PA,AEA,EN,Federal Contract Tower,0,3,11,0,14,0,1,25,0,26,0,4,36,0,40,10,0,10,50
08/27/2023,IPT,PA,AEA,EN,Federal Contract Tower,0,4,11,0,15,0,8,30,5,43,0,12,41,5,58,0,0,0,58
08/28/2023,IPT,PA,AEA,EN,Federal Contract Tower,0,0,15,0,15,0,4,11,0,15,0,4,26,0,30,18,0,18,48
08/29/2023,IPT,PA,AEA,EN,Federal Contract Tower,0,4,10,0,14,0,4,8,0,12,0,8,18,0,26,12,0,12,38
08/30/2023,IPT,PA,AEA,EN,Federal Contract Tower,0,0,9,0,9,0,4,17,0,21,0,4,26,0,30,0,0,0,30
08/31/2023,IPT,PA,AEA,EN,Federal Contract Tower,0,0,9,0,9,0,5,21,0,26,0,5,30,0,35,1,0,1,36
