01/01/2000,ISO,NC,ASO,EN,Federal Contract Tower,0,0,3,0,3,0,2,22,0,24,0,2,25,0,27,10,0,10,37
01/02/2000,ISO,NC,ASO,EN,Federal Contract Tower,0,5,11,4,20,0,0,35,0,35,0,5,46,4,55,0,0,0,55
01/03/2000,ISO,NC,ASO,EN,Federal Contract Tower,0,3,7,0,10,0,2,40,0,42,0,5,47,0,52,12,0,12,64
01/04/2000,ISO,NC,ASO,EN,Federal Contract Tower,0,4,11,4,19,0,0,4,7,11,0,4,15,11,30,0,0,0,30
01/05/2000,ISO,NC,ASO,EN,Federal Contract Tower,0,4,10,4,18,0,0,36,6,42,0,4,46,10,60,0,12,12,72
01/06/2000,ISO,NC,ASO,EN,Federal Contract Tower,0,4,12,3,19,0,0,69,18,87,0,4,81,21,106,32,0,32,138
01/07/2000,ISO,NC,ASO,EN,Federal Contract Tower,1,6,16,6,29,1,1,25,10,37,2,7,41,16,66,0,0,0,66
01/08/2000,ISO,NC,ASO,EN,Federal Contract Tower,0,2,9,0,11,0,0,76,0,76,0,2,85,0,87,14,0,14,101
01/09/2000,ISO,NC,ASO,EN,Federal Contract Tower,0,0,9,0,9,2,0,12,0,14,2,0,21,0,23,0,0,0,23
01/10/2000,ISO,NC,ASO,EN,Federal Contract Tower,0,2,7,3,12,0,0,15,1,16,0,2,22,4,28,8,0,8,36
01/11/2000,ISO,NC,ASO,EN,Federal Contract Tower,0,4,21,8,33,0,0,54,16,70,0,4,75,24,103,0,0,0,103
01/12/2000,ISO,NC,ASO,EN,Federal Contract Tower,0,4,16,7,27,0,0,51,26,77,0,4,67,33,104,14,12,26,130
01/13/2000,ISO,NC,ASO,EN,Federal Contract Tower,0,5,12,5,22,0,1,18,21,40,0,6,30,26,62,0,12,12,74
01/14/2000,ISO,NC,ASO,EN,Federal Contract Tower,0,5,13,0,18,2,2,26,0,30,2,7,39,0,48,4,0,4,52
01/15/2000,ISO,NC,ASO,EN,Federal Contract Tower,0,2,8,0,10,2,0,25,0,27,2,2,33,0,37,10,0,10,47
01/16/2000,ISO,NC,ASO,EN,Federal Contract Tower,0,0,7,2,9,0,0,28,0,28,0,0,35,2,37,4,2,6,43
01/17/2000,ISO,NC,ASO,EN,Federal Contract Tower,0,2,9,0,11,0,0,55,0,55,0,2,64,0,66,28,0,28,94
01/18/2000,ISO,NC,ASO,EN,Federal Contract Tower,0,2,7,0,9,0,0,2,0,2,0,2,9,0,11,0,0,0,11
01/19/2000,ISO,NC,ASO,EN,Federal Contract Tower,0,4,16,0,20,0,0,40,0,40,0,4,56,0,60,12,0,12,72
01/20/2000,ISO,NC,ASO,EN,Federal Contract Tower,0,3,11,5,19,0,3,13,11,27,0,6,24,16,46,6,4,10,56
01/21/2000,ISO,NC,ASO,EN,Federal Contract Tower,0,4,16,6,26,0,0,37,23,60,0,4,53,29,86,14,4,18,104
01/22/2000,ISO,NC,ASO,EN,Federal Contract Tower,0,1,4,1,6,0,1,57,9,67,0,2,61,10,73,40,0,40,113
01/23/2000,ISO,NC,ASO,EN,Federal Contract Tower,0,0,7,0,7,0,0,0,0,0,0,0,7,0,7,0,0,0,7
01/24/2000,ISO,NC,ASO,EN,Federal Contract Tower,0,2,13,5,20,0,0,2,5,7,0,2,15,10,27,0,0,0,27
01/25/2000,ISO,NC,ASO,EN,Federal Contract Tower,0,0,0,0,0,0,0,0,0,0,0,0,0,0,0,0,0,0,0
01/26/2000,ISO,NC,ASO,EN,Federal Contract Tower,0,3,11,5,19,0,2,14,5,21,0,5,25,10,40,0,0,0,40
01/27/2000,ISO,NC,ASO,EN,Federal Contract Tower,0,3,12,2,17,0,1,49,0,50,0,4,61,2,67,14,0,14,81
01/28/2000,ISO,NC,ASO,EN,Federal Contract Tower,0,3,10,0,13,0,5,45,0,50,0,8,55,0,63,8,0,8,71
01/29/2000,ISO,NC,ASO,EN,Federal Contract Tower,0,0,2,0,2,0,2,36,4,42,0,2,38,4,44,12,0,12,56
01/30/2000,ISO,NC,ASO,EN,Federal Contract Tower,0,0,4,0,4,0,0,2,0,2,0,0,6,0,6,0,0,0,6
01/31/2000,ISO,NC,ASO,EN,Federal Contract Tower,0,2,9,4,15,0,0,22,8,30,0,2,31,12,45,0,0,0,45
02/01/2000,ISO,NC,ASO,EN,Federal Contract Tower,0,2,14,4,20,0,0,59,6,65,0,2,73,10,85,24,0,24,109
02/02/2000,ISO,NC,ASO,EN,Federal Contract Tower,0,3,12,3,18,0,1,44,3,48,0,4,56,6,66,34,8,42,108
02/03/2000,ISO,NC,ASO,EN,Federal Contract Tower,0,4,14,4,22,0,0,51,20,71,0,4,65,24,93,16,0,16,109
02/04/2000,ISO,NC,ASO,EN,Federal Contract Tower,0,3,14,3,20,0,0,60,1,61,0,3,74,4,81,8,0,8,89
02/05/2000,ISO,NC,ASO,EN,Federal Contract Tower,0,2,15,4,21,0,0,59,14,73,0,2,74,18,94,26,0,26,120
02/06/2000,ISO,NC,ASO,EN,Federal Contract Tower,0,0,7,1,8,0,0,38,11,49,0,0,45,12,57,26,4,30,87
02/07/2000,ISO,NC,ASO,EN,Federal Contract Tower,0,0,15,4,19,0,0,26,22,48,0,0,41,26,67,30,20,50,117
02/08/2000,ISO,NC,ASO,EN,Federal Contract Tower,0,5,22,6,33,0,7,55,10,72,0,12,77,16,105,44,12,56,161
02/09/2000,ISO,NC,ASO,EN,Federal Contract Tower,0,3,16,5,24,0,1,40,3,44,0,4,56,8,68,14,0,14,82
02/10/2000,ISO,NC,ASO,EN,Federal Contract Tower,0,2,20,6,28,0,0,64,8,72,0,2,84,14,100,58,0,58,158
02/11/2000,ISO,NC,ASO,EN,Federal Contract Tower,1,2,12,4,19,1,0,53,12,66,2,2,65,16,85,64,0,64,149
02/12/2000,ISO,NC,ASO,EN,Federal Contract Tower,0,0,8,0,8,0,0,8,0,8,0,0,16,0,16,0,0,0,16
02/13/2000,ISO,NC,ASO,EN,Federal Contract Tower,0,7,25,4,36,2,9,1,0,12,2,16,26,4,48,0,0,0,48
02/14/2000,ISO,NC,ASO,EN,Federal Contract Tower,0,3,20,6,29,0,0,16,7,23,0,3,36,13,52,0,12,12,64
02/15/2000,ISO,NC,ASO,EN,Federal Contract Tower,0,5,25,8,38,0,0,66,10,76,0,5,91,18,114,26,32,58,172
02/16/2000,ISO,NC,ASO,EN,Federal Contract Tower,0,4,20,0,24,0,0,80,0,80,0,4,100,0,104,30,0,30,134
02/17/2000,ISO,NC,ASO,EN,Federal Contract Tower,0,4,15,3,22,0,0,62,5,67,0,4,77,8,89,6,0,6,95
02/18/2000,ISO,NC,ASO,EN,Federal Contract Tower,0,4,15,4,23,2,0,0,12,14,2,4,15,16,37,0,0,0,37
02/19/2000,ISO,NC,ASO,EN,Federal Contract Tower,0,1,4,0,5,0,1,24,0,25,0,2,28,0,30,2,0,2,32
02/20/2000,ISO,NC,ASO,EN,Federal Contract Tower,0,0,19,4,23,0,0,62,0,62,0,0,81,4,85,10,0,10,95
02/21/2000,ISO,NC,ASO,EN,Federal Contract Tower,0,2,10,0,12,0,0,54,0,54,0,2,64,0,66,34,0,34,100
02/22/2000,ISO,NC,ASO,EN,Federal Contract Tower,0,5,24,7,36,0,4,83,1,88,0,9,107,8,124,42,0,42,166
02/23/2000,ISO,NC,ASO,EN,Federal Contract Tower,0,3,13,4,20,0,3,73,2,78,0,6,86,6,98,10,0,10,108
02/24/2000,ISO,NC,ASO,EN,Federal Contract Tower,0,4,22,7,33,0,2,60,17,79,0,6,82,24,112,4,46,50,162
02/25/2000,ISO,NC,ASO,EN,Federal Contract Tower,0,3,15,4,22,2,3,51,12,68,2,6,66,16,90,54,14,68,158
02/26/2000,ISO,NC,ASO,EN,Federal Contract Tower,0,2,14,2,18,4,0,78,0,82,4,2,92,2,100,16,0,16,116
02/27/2000,ISO,NC,ASO,EN,Federal Contract Tower,0,0,10,3,13,2,0,16,5,23,2,0,26,8,36,0,0,0,36
02/28/2000,ISO,NC,ASO,EN,Federal Contract Tower,0,2,17,4,23,0,0,64,0,64,0,2,81,4,87,16,18,34,121
02/29/2000,ISO,NC,ASO,EN,Federal Contract Tower,0,6,25,7,38,0,2,96,6,104,0,8,121,13,142,22,4,26,168
03/01/2000,ISO,NC,ASO,EN,Federal Contract Tower,0,5,21,3,29,0,3,57,8,68,0,8,78,11,97,18,8,26,123
03/02/2000,ISO,NC,ASO,EN,Federal Contract Tower,0,3,15,2,20,0,3,62,0,65,0,6,77,2,85,18,0,18,103
03/03/2000,ISO,NC,ASO,EN,Federal Contract Tower,1,2,14,2,19,1,4,113,2,120,2,6,127,4,139,30,0,30,169
03/04/2000,ISO,NC,ASO,EN,Federal Contract Tower,0,2,16,0,18,0,0,44,0,44,0,2,60,0,62,32,0,32,94
03/05/2000,ISO,NC,ASO,EN,Federal Contract Tower,1,0,17,0,18,1,0,79,0,80,2,0,96,0,98,18,0,18,116
03/06/2000,ISO,NC,ASO,EN,Federal Contract Tower,0,4,14,2,20,0,3,66,0,69,0,7,80,2,89,24,16,40,129
03/07/2000,ISO,NC,ASO,EN,Federal Contract Tower,0,5,20,3,28,0,15,62,1,78,0,20,82,4,106,30,0,30,136
03/08/2000,ISO,NC,ASO,EN,Federal Contract Tower,0,4,11,2,17,0,2,62,4,68,0,6,73,6,85,30,0,30,115
03/09/2000,ISO,NC,ASO,EN,Federal Contract Tower,0,3,13,2,18,0,2,104,0,106,0,5,117,2,124,38,0,38,162
03/10/2000,ISO,NC,ASO,EN,Federal Contract Tower,0,3,13,3,19,0,2,94,14,110,0,5,107,17,129,40,8,48,177
03/11/2000,ISO,NC,ASO,EN,Federal Contract Tower,0,2,4,0,6,0,0,42,0,42,0,2,46,0,48,8,0,8,56
03/12/2000,ISO,NC,ASO,EN,Federal Contract Tower,0,0,6,0,6,0,0,24,0,24,0,0,30,0,30,8,0,8,38
03/13/2000,ISO,NC,ASO,EN,Federal Contract Tower,0,4,16,3,23,0,0,98,1,99,0,4,114,4,122,12,0,12,134
03/14/2000,ISO,NC,ASO,EN,Federal Contract Tower,0,5,20,4,29,0,1,93,14,108,0,6,113,18,137,56,8,64,201
03/15/2000,ISO,NC,ASO,EN,Federal Contract Tower,0,4,16,3,23,0,2,84,6,92,0,6,100,9,115,56,6,62,177
03/16/2000,ISO,NC,ASO,EN,Federal Contract Tower,0,5,20,3,28,0,1,29,0,30,0,6,49,3,58,22,0,22,80
03/17/2000,ISO,NC,ASO,EN,Federal Contract Tower,0,5,20,2,27,2,1,22,0,25,2,6,42,2,52,2,0,2,54
03/18/2000,ISO,NC,ASO,EN,Federal Contract Tower,0,2,4,1,7,1,0,30,1,32,1,2,34,2,39,8,0,8,47
03/19/2000,ISO,NC,ASO,EN,Federal Contract Tower,0,0,12,3,15,0,0,38,3,41,0,0,50,6,56,42,10,52,108
03/20/2000,ISO,NC,ASO,EN,Federal Contract Tower,0,6,23,4,33,0,0,18,6,24,0,6,41,10,57,0,0,0,57
03/21/2000,ISO,NC,ASO,EN,Federal Contract Tower,0,6,31,6,43,0,0,2,0,2,0,6,33,6,45,0,8,8,53
03/22/2000,ISO,NC,ASO,EN,Federal Contract Tower,0,5,26,4,35,0,0,45,8,53,0,5,71,12,88,52,14,66,154
03/23/2000,ISO,NC,ASO,EN,Federal Contract Tower,0,4,28,3,35,0,0,59,0,59,0,4,87,3,94,20,0,20,114
03/24/2000,ISO,NC,ASO,EN,Federal Contract Tower,0,2,12,0,14,0,0,61,0,61,0,2,73,0,75,24,0,24,99
03/25/2000,ISO,NC,ASO,EN,Federal Contract Tower,0,0,9,0,9,0,0,45,0,45,0,0,54,0,54,18,0,18,72
03/26/2000,ISO,NC,ASO,EN,Federal Contract Tower,0,1,5,0,6,0,3,35,0,38,0,4,40,0,44,0,0,0,44
03/27/2000,ISO,NC,ASO,EN,Federal Contract Tower,0,4,12,1,17,0,0,27,7,34,0,4,39,8,51,16,0,16,67
03/28/2000,ISO,NC,ASO,EN,Federal Contract Tower,0,3,13,2,18,0,5,39,8,52,0,8,52,10,70,38,0,38,108
03/29/2000,ISO,NC,ASO,EN,Federal Contract Tower,0,4,15,0,19,0,4,72,0,76,0,8,87,0,95,8,0,8,103
03/30/2000,ISO,NC,ASO,EN,Federal Contract Tower,0,5,20,2,27,0,1,36,0,37,0,6,56,2,64,24,0,24,88
03/31/2000,ISO,NC,ASO,EN,Federal Contract Tower,0,0,0,0,0,0,0,0,0,0,0,0,0,0,0,0,0,0,0
04/01/2000,ISO,NC,ASO,EN,Federal Contract Tower,0,0,3,0,3,0,2,86,10,98,0,2,89,10,101,66,0,66,167
04/02/2000,ISO,NC,ASO,EN,Federal Contract Tower,0,0,7,2,9,0,0,15,7,22,0,0,22,9,31,0,0,0,31
04/03/2000,ISO,NC,ASO,EN,Federal Contract Tower,0,3,13,2,18,0,1,43,0,44,0,4,56,2,62,24,0,24,86
04/04/2000,ISO,NC,ASO,EN,Federal Contract Tower,0,3,15,4,22,0,3,14,6,23,0,6,29,10,45,0,0,0,45
04/05/2000,ISO,NC,ASO,EN,Federal Contract Tower,0,1,12,3,16,0,7,62,1,70,0,8,74,4,86,16,0,16,102
04/06/2000,ISO,NC,ASO,EN,Federal Contract Tower,0,3,16,3,22,0,3,90,7,100,0,6,106,10,122,10,0,10,132
04/07/2000,ISO,NC,ASO,EN,Federal Contract Tower,0,5,28,6,39,4,0,88,16,108,4,5,116,22,147,0,16,16,163
04/08/2000,ISO,NC,ASO,EN,Federal Contract Tower,0,3,15,0,18,0,1,52,0,53,0,4,67,0,71,4,0,4,75
04/09/2000,ISO,NC,ASO,EN,Federal Contract Tower,0,0,11,0,11,2,0,26,0,28,2,0,37,0,39,0,0,0,39
04/10/2000,ISO,NC,ASO,EN,Federal Contract Tower,0,3,15,0,18,0,1,90,0,91,0,4,105,0,109,38,0,38,147
04/11/2000,ISO,NC,ASO,EN,Federal Contract Tower,0,5,27,6,38,0,3,38,21,62,0,8,65,27,100,0,36,36,136
04/12/2000,ISO,NC,ASO,EN,Federal Contract Tower,0,6,26,4,36,0,0,44,10,54,0,6,70,14,90,42,20,62,152
04/13/2000,ISO,NC,ASO,EN,Federal Contract Tower,0,7,28,2,37,0,0,13,0,13,0,7,41,2,50,0,0,0,50
04/14/2000,ISO,NC,ASO,EN,Federal Contract Tower,2,6,28,6,42,0,0,23,0,23,2,6,51,6,65,24,0,24,89
04/15/2000,ISO,NC,ASO,EN,Federal Contract Tower,0,2,13,0,15,4,0,0,0,4,4,2,13,0,19,0,0,0,19
04/16/2000,ISO,NC,ASO,EN,Federal Contract Tower,0,0,16,2,18,0,0,39,2,41,0,0,55,4,59,12,0,12,71
04/17/2000,ISO,NC,ASO,EN,Federal Contract Tower,0,4,17,3,24,0,0,35,9,44,0,4,52,12,68,30,0,30,98
04/18/2000,ISO,NC,ASO,EN,Federal Contract Tower,0,5,16,3,24,0,1,0,9,10,0,6,16,12,34,0,0,0,34
04/19/2000,ISO,NC,ASO,EN,Federal Contract Tower,0,8,32,6,46,0,0,76,10,86,0,8,108,16,132,56,0,56,188
04/20/2000,ISO,NC,ASO,EN,Federal Contract Tower,0,5,21,4,30,0,0,79,14,93,0,5,100,18,123,54,12,66,189
04/21/2000,ISO,NC,ASO,EN,Federal Contract Tower,0,4,15,2,21,0,2,17,14,33,0,6,32,16,54,2,18,20,74
04/22/2000,ISO,NC,ASO,EN,Federal Contract Tower,0,2,16,0,18,0,0,50,0,50,0,2,66,0,68,0,0,0,68
04/23/2000,ISO,NC,ASO,EN,Federal Contract Tower,0,0,9,1,10,0,0,34,1,35,0,0,43,2,45,28,0,28,73
04/24/2000,ISO,NC,ASO,EN,Federal Contract Tower,0,4,16,3,23,0,0,48,3,51,0,4,64,6,74,46,0,46,120
04/25/2000,ISO,NC,ASO,EN,Federal Contract Tower,0,4,13,2,19,0,2,0,4,6,0,6,13,6,25,0,0,0,25
04/26/2000,ISO,NC,ASO,EN,Federal Contract Tower,0,4,16,2,22,0,2,49,2,53,0,6,65,4,75,54,0,54,129
04/27/2000,ISO,NC,ASO,EN,Federal Contract Tower,0,4,16,2,22,0,2,33,0,35,0,6,49,2,57,8,0,8,65
04/28/2000,ISO,NC,ASO,EN,Federal Contract Tower,0,5,23,0,28,0,1,7,0,8,0,6,30,0,36,0,0,0,36
04/29/2000,ISO,NC,ASO,EN,Federal Contract Tower,0,2,12,0,14,2,0,30,0,32,2,2,42,0,46,0,0,0,46
04/30/2000,ISO,NC,ASO,EN,Federal Contract Tower,0,0,16,3,19,2,0,45,7,54,2,0,61,10,73,4,0,4,77
05/01/2000,ISO,NC,ASO,EN,Federal Contract Tower,0,4,16,5,25,0,0,59,22,81,0,4,75,27,106,40,8,48,154
05/02/2000,ISO,NC,ASO,EN,Federal Contract Tower,0,4,15,4,23,0,2,29,5,36,0,6,44,9,59,0,0,0,59
05/03/2000,ISO,NC,ASO,EN,Federal Contract Tower,0,2,13,2,17,0,4,77,0,81,0,6,90,2,98,30,20,50,148
05/04/2000,ISO,NC,ASO,EN,Federal Contract Tower,0,4,15,5,24,0,2,52,0,54,0,6,67,5,78,2,0,2,80
05/05/2000,ISO,NC,ASO,EN,Federal Contract Tower,0,6,19,3,28,0,0,101,0,101,0,6,120,3,129,16,0,16,145
05/06/2000,ISO,NC,ASO,EN,Federal Contract Tower,1,1,5,1,8,1,1,36,0,38,2,2,41,1,46,8,0,8,54
05/07/2000,ISO,NC,ASO,EN,Federal Contract Tower,0,0,8,2,10,0,0,47,0,47,0,0,55,2,57,4,0,4,61
05/08/2000,ISO,NC,ASO,EN,Federal Contract Tower,0,2,9,3,14,0,0,51,15,66,0,2,60,18,80,6,0,6,86
05/09/2000,ISO,NC,ASO,EN,Federal Contract Tower,0,7,17,7,31,0,7,72,7,86,0,14,89,14,117,6,0,6,123
05/10/2000,ISO,NC,ASO,EN,Federal Contract Tower,0,6,14,6,26,0,4,33,9,46,0,10,47,15,72,6,16,22,94
05/11/2000,ISO,NC,ASO,EN,Federal Contract Tower,0,7,16,6,29,0,1,50,16,67,0,8,66,22,96,46,24,70,166
05/12/2000,ISO,NC,ASO,EN,Federal Contract Tower,0,7,18,7,32,2,1,53,9,65,2,8,71,16,97,12,36,48,145
05/13/2000,ISO,NC,ASO,EN,Federal Contract Tower,0,2,6,2,10,2,0,72,0,74,2,2,78,2,84,24,0,24,108
05/14/2000,ISO,NC,ASO,EN,Federal Contract Tower,0,0,4,0,4,0,0,50,0,50,0,0,54,0,54,0,0,0,54
05/15/2000,ISO,NC,ASO,EN,Federal Contract Tower,0,4,12,5,21,0,0,49,17,66,0,4,61,22,87,12,28,40,127
05/16/2000,ISO,NC,ASO,EN,Federal Contract Tower,0,6,18,7,31,0,0,61,1,62,0,6,79,8,93,8,14,22,115
05/17/2000,ISO,NC,ASO,EN,Federal Contract Tower,0,6,17,6,29,0,0,40,20,60,0,6,57,26,89,18,16,34,123
05/18/2000,ISO,NC,ASO,EN,Federal Contract Tower,0,6,17,7,30,0,0,49,20,69,0,6,66,27,99,6,28,34,133
05/19/2000,ISO,NC,ASO,EN,Federal Contract Tower,0,5,13,5,23,2,1,73,13,89,2,6,86,18,112,2,0,2,114
05/20/2000,ISO,NC,ASO,EN,Federal Contract Tower,0,3,5,0,8,2,1,45,0,48,2,4,50,0,56,4,0,4,60
05/21/2000,ISO,NC,ASO,EN,Federal Contract Tower,0,0,6,0,6,2,0,12,0,14,2,0,18,0,20,0,0,0,20
05/22/2000,ISO,NC,ASO,EN,Federal Contract Tower,0,3,8,0,11,0,5,14,0,19,0,8,22,0,30,14,0,14,44
05/23/2000,ISO,NC,ASO,EN,Federal Contract Tower,0,8,20,6,34,0,1,27,6,34,0,9,47,12,68,0,12,12,80
05/24/2000,ISO,NC,ASO,EN,Federal Contract Tower,0,5,12,3,20,0,1,44,3,48,0,6,56,6,68,0,0,0,68
05/25/2000,ISO,NC,ASO,EN,Federal Contract Tower,0,7,19,6,32,0,1,45,18,64,0,8,64,24,96,4,0,4,100
05/26/2000,ISO,NC,ASO,EN,Federal Contract Tower,0,5,14,2,21,0,1,45,0,46,0,6,59,2,67,12,0,12,79
05/27/2000,ISO,NC,ASO,EN,Federal Contract Tower,0,2,6,0,8,0,0,23,0,23,0,2,29,0,31,6,0,6,37
05/28/2000,ISO,NC,ASO,EN,Federal Contract Tower,0,0,2,0,2,0,0,0,0,0,0,0,2,0,2,0,0,0,2
05/29/2000,ISO,NC,ASO,EN,Federal Contract Tower,0,0,14,0,14,0,0,7,0,7,0,0,21,0,21,0,0,0,21
05/30/2000,ISO,NC,ASO,EN,Federal Contract Tower,0,8,23,7,38,0,0,37,9,46,0,8,60,16,84,24,8,32,116
05/31/2000,ISO,NC,ASO,EN,Federal Contract Tower,0,6,15,4,25,0,0,29,16,45,0,6,44,20,70,18,0,18,88
06/01/2000,ISO,NC,ASO,EN,Federal Contract Tower,0,4,13,5,22,0,4,42,3,49,0,8,55,8,71,14,14,28,99
06/02/2000,ISO,NC,ASO,EN,Federal Contract Tower,1,5,12,4,22,1,1,39,15,56,2,6,51,19,78,8,2,10,88
06/03/2000,ISO,NC,ASO,EN,Federal Contract Tower,0,2,6,0,8,0,0,33,0,33,0,2,39,0,41,6,0,6,47
06/04/2000,ISO,NC,ASO,EN,Federal Contract Tower,1,0,5,2,8,1,0,19,4,24,2,0,24,6,32,14,0,14,46
06/05/2000,ISO,NC,ASO,EN,Federal Contract Tower,0,4,16,6,26,0,0,10,0,10,0,4,26,6,36,0,0,0,36
06/06/2000,ISO,NC,ASO,EN,Federal Contract Tower,0,4,13,6,23,0,1,30,22,53,0,5,43,28,76,12,8,20,96
06/07/2000,ISO,NC,ASO,EN,Federal Contract Tower,0,2,7,2,11,0,2,61,0,63,0,4,68,2,74,26,0,26,100
06/08/2000,ISO,NC,ASO,EN,Federal Contract Tower,0,5,16,7,28,0,3,69,3,75,0,8,85,10,103,14,16,30,133
06/09/2000,ISO,NC,ASO,EN,Federal Contract Tower,0,4,10,4,18,0,4,59,0,63,0,8,69,4,81,2,0,2,83
06/10/2000,ISO,NC,ASO,EN,Federal Contract Tower,0,3,6,0,9,2,1,44,0,47,2,4,50,0,56,16,0,16,72
06/11/2000,ISO,NC,ASO,EN,Federal Contract Tower,0,2,7,0,9,0,0,32,0,32,0,2,39,0,41,12,0,12,53
06/12/2000,ISO,NC,ASO,EN,Federal Contract Tower,0,3,8,2,13,0,1,47,0,48,0,4,55,2,61,24,0,24,85
06/13/2000,ISO,NC,ASO,EN,Federal Contract Tower,0,6,16,6,28,0,4,29,20,53,0,10,45,26,81,0,0,0,81
06/14/2000,ISO,NC,ASO,EN,Federal Contract Tower,0,4,9,3,16,0,2,47,1,50,0,6,56,4,66,12,8,20,86
06/15/2000,ISO,NC,ASO,EN,Federal Contract Tower,0,4,10,3,17,0,4,25,5,34,0,8,35,8,51,6,0,6,57
06/16/2000,ISO,NC,ASO,EN,Federal Contract Tower,0,6,25,9,40,0,0,54,1,55,0,6,79,10,95,6,0,6,101
06/17/2000,ISO,NC,ASO,EN,Federal Contract Tower,0,2,5,0,7,0,0,11,0,11,0,2,16,0,18,0,0,0,18
06/18/2000,ISO,NC,ASO,EN,Federal Contract Tower,0,0,8,2,10,0,0,15,2,17,0,0,23,4,27,0,0,0,27
06/19/2000,ISO,NC,ASO,EN,Federal Contract Tower,0,2,10,3,15,0,0,21,1,22,0,2,31,4,37,0,0,0,37
06/20/2000,ISO,NC,ASO,EN,Federal Contract Tower,0,4,14,6,24,0,4,16,2,22,0,8,30,8,46,6,0,6,52
06/21/2000,ISO,NC,ASO,EN,Federal Contract Tower,0,7,23,9,39,0,8,32,9,49,0,15,55,18,88,26,34,60,148
06/22/2000,ISO,NC,ASO,EN,Federal Contract Tower,0,3,13,2,18,0,4,21,0,25,0,7,34,2,43,0,0,0,43
06/23/2000,ISO,NC,ASO,EN,Federal Contract Tower,0,5,18,7,30,0,1,46,8,55,0,6,64,15,85,16,10,26,111
06/24/2000,ISO,NC,ASO,EN,Federal Contract Tower,0,2,9,2,13,0,2,47,0,49,0,4,56,2,62,18,0,18,80
06/25/2000,ISO,NC,ASO,EN,Federal Contract Tower,0,2,9,0,11,0,0,13,0,13,0,2,22,0,24,0,0,0,24
06/26/2000,ISO,NC,ASO,EN,Federal Contract Tower,0,4,24,9,37,0,0,27,32,59,0,4,51,41,96,8,66,74,170
06/27/2000,ISO,NC,ASO,EN,Federal Contract Tower,0,3,10,4,17,0,5,43,13,61,0,8,53,17,78,12,16,28,106
06/28/2000,ISO,NC,ASO,EN,Federal Contract Tower,0,4,16,6,26,0,2,50,0,52,0,6,66,6,78,4,2,6,84
06/29/2000,ISO,NC,ASO,EN,Federal Contract Tower,0,6,24,9,39,0,0,10,10,20,0,6,34,19,59,0,18,18,77
06/30/2000,ISO,NC,ASO,EN,Federal Contract Tower,0,3,13,5,21,0,3,40,6,49,0,6,53,11,70,0,0,0,70
07/01/2000,ISO,NC,ASO,EN,Federal Contract Tower,0,2,11,0,13,0,0,41,0,41,0,2,52,0,54,22,0,22,76
07/02/2000,ISO,NC,ASO,EN,Federal Contract Tower,0,0,7,0,7,0,0,54,0,54,0,0,61,0,61,18,0,18,79
07/03/2000,ISO,NC,ASO,EN,Federal Contract Tower,0,0,4,0,4,0,2,26,0,28,0,2,30,0,32,20,0,20,52
07/04/2000,ISO,NC,ASO,EN,Federal Contract Tower,0,0,6,0,6,0,2,15,0,17,0,2,21,0,23,4,0,4,27
07/05/2000,ISO,NC,ASO,EN,Federal Contract Tower,0,2,12,2,16,0,2,60,0,62,0,4,72,2,78,24,0,24,102
07/06/2000,ISO,NC,ASO,EN,Federal Contract Tower,0,5,19,0,24,0,1,27,0,28,0,6,46,0,52,2,0,2,54
07/07/2000,ISO,NC,ASO,EN,Federal Contract Tower,1,7,24,7,39,1,1,35,13,50,2,8,59,20,89,4,0,4,93
07/08/2000,ISO,NC,ASO,EN,Federal Contract Tower,1,2,7,2,12,1,2,38,4,45,2,4,45,6,57,4,0,4,61
07/09/2000,ISO,NC,ASO,EN,Federal Contract Tower,0,1,8,0,9,0,1,11,0,12,0,2,19,0,21,0,0,0,21
07/10/2000,ISO,NC,ASO,EN,Federal Contract Tower,0,4,14,4,22,0,0,37,7,44,0,4,51,11,66,14,28,42,108
07/11/2000,ISO,NC,ASO,EN,Federal Contract Tower,0,6,19,6,31,0,0,38,1,39,0,6,57,7,70,0,0,0,70
07/12/2000,ISO,NC,ASO,EN,Federal Contract Tower,0,8,29,7,44,0,0,36,24,60,0,8,65,31,104,12,8,20,124
07/13/2000,ISO,NC,ASO,EN,Federal Contract Tower,0,5,14,4,23,0,1,40,0,41,0,6,54,4,64,32,0,32,96
07/14/2000,ISO,NC,ASO,EN,Federal Contract Tower,0,4,11,2,17,2,2,32,0,36,2,6,43,2,53,30,0,30,83
07/15/2000,ISO,NC,ASO,EN,Federal Contract Tower,0,2,7,0,9,2,0,15,0,17,2,2,22,0,26,0,0,0,26
07/16/2000,ISO,NC,ASO,EN,Federal Contract Tower,0,0,5,0,5,0,0,11,0,11,0,0,16,0,16,8,0,8,24
07/17/2000,ISO,NC,ASO,EN,Federal Contract Tower,0,4,13,4,21,0,0,47,15,62,0,4,60,19,83,18,24,42,125
07/18/2000,ISO,NC,ASO,EN,Federal Contract Tower,0,6,23,6,35,0,0,43,28,71,0,6,66,34,106,0,8,8,114
07/19/2000,ISO,NC,ASO,EN,Federal Contract Tower,0,6,22,2,30,0,0,34,0,34,0,6,56,2,64,0,0,0,64
07/20/2000,ISO,NC,ASO,EN,Federal Contract Tower,0,7,22,5,34,2,0,25,3,30,2,7,47,8,64,0,0,0,64
07/21/2000,ISO,NC,ASO,EN,Federal Contract Tower,0,5,23,6,34,0,0,13,2,15,0,5,36,8,49,0,0,0,49
07/22/2000,ISO,NC,ASO,EN,Federal Contract Tower,0,0,8,0,8,4,0,19,0,23,4,0,27,0,31,4,0,4,35
07/23/2000,ISO,NC,ASO,EN,Federal Contract Tower,0,0,11,0,11,2,0,16,0,18,2,0,27,0,29,0,0,0,29
07/24/2000,ISO,NC,ASO,EN,Federal Contract Tower,0,6,20,4,30,0,0,8,14,22,0,6,28,18,52,0,4,4,56
07/25/2000,ISO,NC,ASO,EN,Federal Contract Tower,0,5,14,3,22,0,3,0,3,6,0,8,14,6,28,0,0,0,28
07/26/2000,ISO,NC,ASO,EN,Federal Contract Tower,0,5,18,2,25,0,1,21,0,22,0,6,39,2,47,0,0,0,47
07/27/2000,ISO,NC,ASO,EN,Federal Contract Tower,0,5,18,4,27,0,0,47,23,70,0,5,65,27,97,4,2,6,103
07/28/2000,ISO,NC,ASO,EN,Federal Contract Tower,0,4,11,2,17,0,2,23,4,29,0,6,34,6,46,0,0,0,46
07/29/2000,ISO,NC,ASO,EN,Federal Contract Tower,0,0,5,0,5,0,2,12,0,14,0,2,17,0,19,0,0,0,19
07/30/2000,ISO,NC,ASO,EN,Federal Contract Tower,0,0,2,0,2,0,0,2,0,2,0,0,4,0,4,4,0,4,8
07/31/2000,ISO,NC,ASO,EN,Federal Contract Tower,0,4,15,3,22,0,0,7,19,26,0,4,22,22,48,22,0,22,70
08/01/2000,ISO,NC,ASO,EN,Federal Contract Tower,0,3,10,2,15,0,1,15,24,40,0,4,25,26,55,0,6,6,61
08/02/2000,ISO,NC,ASO,EN,Federal Contract Tower,0,5,20,4,29,0,1,57,0,58,0,6,77,4,87,10,0,10,97
08/03/2000,ISO,NC,ASO,EN,Federal Contract Tower,0,2,12,4,18,0,4,27,0,31,0,6,39,4,49,6,0,6,55
08/04/2000,ISO,NC,ASO,EN,Federal Contract Tower,0,2,10,2,14,0,4,10,0,14,0,6,20,2,28,2,0,2,30
08/05/2000,ISO,NC,ASO,EN,Federal Contract Tower,0,2,13,0,15,0,0,18,0,18,0,2,31,0,33,4,0,4,37
08/06/2000,ISO,NC,ASO,EN,Federal Contract Tower,1,1,11,0,13,1,0,35,0,36,2,1,46,0,49,0,0,0,49
08/07/2000,ISO,NC,ASO,EN,Federal Contract Tower,0,4,15,5,24,0,0,28,8,36,0,4,43,13,60,0,18,18,78
08/08/2000,ISO,NC,ASO,EN,Federal Contract Tower,1,6,24,9,40,1,0,32,37,70,2,6,56,46,110,16,0,16,126
08/09/2000,ISO,NC,ASO,EN,Federal Contract Tower,0,5,16,6,27,0,3,33,10,46,0,8,49,16,73,10,6,16,89
08/10/2000,ISO,NC,ASO,EN,Federal Contract Tower,0,6,22,7,35,0,0,29,29,58,0,6,51,36,93,0,0,0,93
08/11/2000,ISO,NC,ASO,EN,Federal Contract Tower,1,4,14,6,25,1,2,26,0,29,2,6,40,6,54,0,0,0,54
08/12/2000,ISO,NC,ASO,EN,Federal Contract Tower,1,2,10,0,13,1,0,54,0,55,2,2,64,0,68,30,0,30,98
08/13/2000,ISO,NC,ASO,EN,Federal Contract Tower,0,0,6,0,6,0,0,20,0,20,0,0,26,0,26,0,0,0,26
08/14/2000,ISO,NC,ASO,EN,Federal Contract Tower,0,4,16,6,26,0,0,63,0,63,0,4,79,6,89,30,0,30,119
08/15/2000,ISO,NC,ASO,EN,Federal Contract Tower,0,6,21,6,33,0,0,56,31,87,0,6,77,37,120,8,6,14,134
08/16/2000,ISO,NC,ASO,EN,Federal Contract Tower,0,6,20,6,32,0,0,56,18,74,0,6,76,24,106,32,4,36,142
08/17/2000,ISO,NC,ASO,EN,Federal Contract Tower,0,6,19,7,32,0,0,45,15,60,0,6,64,22,92,16,36,52,144
08/18/2000,ISO,NC,ASO,EN,Federal Contract Tower,0,8,24,2,34,2,0,24,0,26,2,8,48,2,60,4,0,4,64
08/19/2000,ISO,NC,ASO,EN,Federal Contract Tower,0,2,8,0,10,4,0,41,0,45,4,2,49,0,55,0,0,0,55
08/20/2000,ISO,NC,ASO,EN,Federal Contract Tower,0,0,9,0,9,2,0,26,0,28,2,0,35,0,37,0,0,0,37
08/21/2000,ISO,NC,ASO,EN,Federal Contract Tower,0,4,12,3,19,0,0,51,2,53,0,4,63,5,72,24,34,58,130
08/22/2000,ISO,NC,ASO,EN,Federal Contract Tower,0,5,15,4,24,0,1,54,16,71,0,6,69,20,95,6,8,14,109
08/23/2000,ISO,NC,ASO,EN,Federal Contract Tower,0,8,24,7,39,0,12,57,21,90,0,20,81,28,129,46,6,52,181
08/24/2000,ISO,NC,ASO,EN,Federal Contract Tower,0,7,19,5,31,0,11,28,8,47,0,18,47,13,78,4,10,14,92
08/25/2000,ISO,NC,ASO,EN,Federal Contract Tower,0,6,20,6,32,0,0,7,5,12,0,6,27,11,44,40,12,52,96
08/26/2000,ISO,NC,ASO,EN,Federal Contract Tower,0,2,10,0,12,0,0,43,0,43,0,2,53,0,55,18,0,18,73
08/27/2000,ISO,NC,ASO,EN,Federal Contract Tower,0,0,7,0,7,0,0,17,0,17,0,0,24,0,24,0,0,0,24
08/28/2000,ISO,NC,ASO,EN,Federal Contract Tower,0,4,17,5,26,0,0,16,3,19,0,4,33,8,45,4,6,10,55
08/29/2000,ISO,NC,ASO,EN,Federal Contract Tower,0,6,16,4,26,0,0,17,0,17,0,6,33,4,43,0,0,0,43
08/30/2000,ISO,NC,ASO,EN,Federal Contract Tower,0,5,14,0,19,0,3,2,0,5,0,8,16,0,24,0,0,0,24
08/31/2000,ISO,NC,ASO,EN,Federal Contract Tower,0,5,13,3,21,0,1,9,3,13,0,6,22,6,34,12,0,12,46
09/01/2000,ISO,NC,ASO,EN,Federal Contract Tower,0,4,14,6,24,0,2,45,2,49,0,6,59,8,73,20,0,20,93
09/02/2000,ISO,NC,ASO,EN,Federal Contract Tower,0,2,7,0,9,0,0,22,0,22,0,2,29,0,31,44,0,44,75
09/03/2000,ISO,NC,ASO,EN,Federal Contract Tower,0,0,3,0,3,0,0,11,0,11,0,0,14,0,14,12,0,12,26
09/04/2000,ISO,NC,ASO,EN,Federal Contract Tower,0,0,7,0,7,0,0,7,0,7,0,0,14,0,14,0,0,0,14
09/05/2000,ISO,NC,ASO,EN,Federal Contract Tower,0,6,23,0,29,0,0,20,0,20,0,6,43,0,49,0,0,0,49
09/06/2000,ISO,NC,ASO,EN,Federal Contract Tower,0,3,11,4,18,0,3,31,0,34,0,6,42,4,52,2,0,2,54
09/07/2000,ISO,NC,ASO,EN,Federal Contract Tower,0,7,24,9,40,0,1,59,7,67,0,8,83,16,107,18,26,44,151
09/08/2000,ISO,NC,ASO,EN,Federal Contract Tower,0,4,23,2,29,0,0,46,0,46,0,4,69,2,75,12,0,12,87
09/09/2000,ISO,NC,ASO,EN,Federal Contract Tower,0,3,11,4,18,0,5,75,19,99,0,8,86,23,117,20,14,34,151
09/10/2000,ISO,NC,ASO,EN,Federal Contract Tower,0,2,7,0,9,0,0,55,0,55,0,2,62,0,64,22,0,22,86
09/11/2000,ISO,NC,ASO,EN,Federal Contract Tower,0,4,21,8,33,0,0,40,42,82,0,4,61,50,115,30,8,38,153
09/12/2000,ISO,NC,ASO,EN,Federal Contract Tower,0,10,29,11,50,0,0,53,15,68,0,10,82,26,118,16,0,16,134
09/13/2000,ISO,NC,ASO,EN,Federal Contract Tower,0,5,16,7,28,0,1,42,3,46,0,6,58,10,74,6,0,6,80
09/14/2000,ISO,NC,ASO,EN,Federal Contract Tower,0,6,21,0,27,0,0,52,0,52,0,6,73,0,79,24,0,24,103
09/15/2000,ISO,NC,ASO,EN,Federal Contract Tower,0,6,20,7,33,0,2,71,3,76,0,8,91,10,109,32,0,32,141
09/16/2000,ISO,NC,ASO,EN,Federal Contract Tower,0,2,5,0,7,0,0,43,0,43,0,2,48,0,50,2,0,2,52
09/17/2000,ISO,NC,ASO,EN,Federal Contract Tower,0,0,4,0,4,0,0,45,0,45,0,0,49,0,49,24,0,24,73
09/18/2000,ISO,NC,ASO,EN,Federal Contract Tower,0,4,15,4,23,0,0,1,10,11,0,4,16,14,34,0,0,0,34
09/19/2000,ISO,NC,ASO,EN,Federal Contract Tower,0,5,17,6,28,0,2,26,7,35,0,7,43,13,63,24,20,44,107
09/20/2000,ISO,NC,ASO,EN,Federal Contract Tower,0,6,27,10,43,0,0,42,36,78,0,6,69,46,121,90,44,134,255
09/21/2000,ISO,NC,ASO,EN,Federal Contract Tower,0,4,15,5,24,0,3,35,0,38,0,7,50,5,62,4,0,4,66
09/22/2000,ISO,NC,ASO,EN,Federal Contract Tower,0,5,20,7,32,7,1,22,5,35,7,6,42,12,67,8,4,12,79
09/23/2000,ISO,NC,ASO,EN,Federal Contract Tower,0,1,6,0,7,0,1,3,0,4,0,2,9,0,11,0,0,0,11
09/24/2000,ISO,NC,ASO,EN,Federal Contract Tower,0,0,11,2,13,2,0,27,0,29,2,0,38,2,42,34,0,34,76
09/25/2000,ISO,NC,ASO,EN,Federal Contract Tower,0,2,14,5,21,0,0,20,7,27,0,2,34,12,48,4,0,4,52
09/26/2000,ISO,NC,ASO,EN,Federal Contract Tower,0,7,28,11,46,0,1,27,33,61,0,8,55,44,107,10,22,32,139
09/27/2000,ISO,NC,ASO,EN,Federal Contract Tower,0,6,24,9,39,0,0,46,13,59,0,6,70,22,98,48,30,78,176
09/28/2000,ISO,NC,ASO,EN,Federal Contract Tower,0,6,24,9,39,0,0,49,7,56,0,6,73,16,95,58,4,62,157
09/29/2000,ISO,NC,ASO,EN,Federal Contract Tower,0,5,18,6,29,0,0,60,6,66,0,5,78,12,95,16,2,18,113
09/30/2000,ISO,NC,ASO,EN,Federal Contract Tower,0,1,6,0,7,0,1,47,0,48,0,2,53,0,55,0,0,0,55
10/01/2000,ISO,NC,ASO,EN,Federal Contract Tower,0,0,10,2,12,0,0,18,0,18,0,0,28,2,30,0,0,0,30
10/02/2000,ISO,NC,ASO,EN,Federal Contract Tower,0,3,9,5,17,0,1,26,13,40,0,4,35,18,57,12,0,12,69
10/03/2000,ISO,NC,ASO,EN,Federal Contract Tower,0,6,18,9,33,0,0,65,13,78,0,6,83,22,111,8,0,8,119
10/04/2000,ISO,NC,ASO,EN,Federal Contract Tower,0,7,19,9,35,0,1,74,19,94,0,8,93,28,129,8,0,8,137
10/05/2000,ISO,NC,ASO,EN,Federal Contract Tower,0,5,25,10,40,0,0,51,0,51,0,5,76,10,91,4,0,4,95
10/06/2000,ISO,NC,ASO,EN,Federal Contract Tower,0,5,14,2,21,0,3,57,0,60,0,8,71,2,81,10,0,10,91
10/07/2000,ISO,NC,ASO,EN,Federal Contract Tower,0,2,10,0,12,0,0,37,0,37,0,2,47,0,49,8,0,8,57
10/08/2000,ISO,NC,ASO,EN,Federal Contract Tower,0,0,6,0,6,0,0,14,0,14,0,0,20,0,20,0,0,0,20
10/09/2000,ISO,NC,ASO,EN,Federal Contract Tower,0,2,12,0,14,0,0,32,0,32,0,2,44,0,46,28,0,28,74
10/10/2000,ISO,NC,ASO,EN,Federal Contract Tower,0,2,8,3,13,0,4,55,9,68,0,6,63,12,81,14,0,14,95
10/11/2000,ISO,NC,ASO,EN,Federal Contract Tower,0,4,18,8,30,0,3,41,8,52,0,7,59,16,82,42,12,54,136
10/12/2000,ISO,NC,ASO,EN,Federal Contract Tower,0,7,26,10,43,0,1,33,24,58,0,8,59,34,101,10,0,10,111
10/13/2000,ISO,NC,ASO,EN,Federal Contract Tower,0,6,20,7,33,2,0,76,5,83,2,6,96,12,116,38,6,44,160
10/14/2000,ISO,NC,ASO,EN,Federal Contract Tower,0,2,16,0,18,2,0,67,0,69,2,2,83,0,87,84,0,84,171
10/15/2000,ISO,NC,ASO,EN,Federal Contract Tower,0,2,17,4,23,0,0,66,0,66,0,2,83,4,89,44,0,44,133
10/16/2000,ISO,NC,ASO,EN,Federal Contract Tower,0,3,12,4,19,0,1,44,6,51,0,4,56,10,70,52,0,52,122
10/17/2000,ISO,NC,ASO,EN,Federal Contract Tower,0,6,31,14,51,0,0,14,14,28,0,6,45,28,79,16,0,16,95
10/18/2000,ISO,NC,ASO,EN,Federal Contract Tower,0,6,24,11,41,0,0,24,7,31,0,6,48,18,72,8,0,8,80
10/19/2000,ISO,NC,ASO,EN,Federal Contract Tower,0,5,22,10,37,0,1,58,20,79,0,6,80,30,116,42,40,82,198
10/20/2000,ISO,NC,ASO,EN,Federal Contract Tower,0,5,22,10,37,2,3,51,9,65,2,8,73,19,102,26,28,54,156
10/21/2000,ISO,NC,ASO,EN,Federal Contract Tower,0,2,13,6,21,4,0,52,2,58,4,2,65,8,79,0,0,0,79
10/22/2000,ISO,NC,ASO,EN,Federal Contract Tower,0,0,8,0,8,0,0,31,0,31,0,0,39,0,39,24,0,24,63
10/23/2000,ISO,NC,ASO,EN,Federal Contract Tower,0,3,14,6,23,0,1,38,22,61,0,4,52,28,84,20,0,20,104
10/24/2000,ISO,NC,ASO,EN,Federal Contract Tower,0,4,16,7,27,0,2,53,15,70,0,6,69,22,97,36,0,36,133
10/25/2000,ISO,NC,ASO,EN,Federal Contract Tower,0,5,20,8,33,0,1,46,10,57,0,6,66,18,90,40,6,46,136
10/26/2000,ISO,NC,ASO,EN,Federal Contract Tower,0,6,28,12,46,0,0,57,39,96,0,6,85,51,142,2,10,12,154
10/27/2000,ISO,NC,ASO,EN,Federal Contract Tower,0,4,16,7,27,2,0,43,7,52,2,4,59,14,79,36,0,36,115
10/28/2000,ISO,NC,ASO,EN,Federal Contract Tower,0,2,12,0,14,4,0,39,0,43,4,2,51,0,57,18,0,18,75
10/29/2000,ISO,NC,ASO,EN,Federal Contract Tower,0,0,6,2,8,0,0,52,0,52,0,0,58,2,60,8,0,8,68
10/30/2000,ISO,NC,ASO,EN,Federal Contract Tower,0,4,16,6,26,0,0,29,25,54,0,4,45,31,80,6,6,12,92
10/31/2000,ISO,NC,ASO,EN,Federal Contract Tower,0,3,13,6,22,0,3,54,8,65,0,6,67,14,87,22,24,46,133
11/01/2000,ISO,NC,ASO,EN,Federal Contract Tower,0,5,17,8,30,0,1,61,14,76,0,6,78,22,106,10,2,12,118
11/02/2000,ISO,NC,ASO,EN,Federal Contract Tower,0,4,14,2,20,0,4,43,0,47,0,8,57,2,67,16,0,16,83
11/03/2000,ISO,NC,ASO,EN,Federal Contract Tower,1,4,12,4,21,0,2,66,0,68,1,6,78,4,89,32,0,32,121
11/04/2000,ISO,NC,ASO,EN,Federal Contract Tower,0,1,4,2,7,0,1,17,0,18,0,2,21,2,25,0,0,0,25
11/05/2000,ISO,NC,ASO,EN,Federal Contract Tower,0,1,4,2,7,0,0,31,2,33,0,1,35,4,40,4,0,4,44
11/06/2000,ISO,NC,ASO,EN,Federal Contract Tower,0,4,15,7,26,0,0,52,9,61,0,4,67,16,87,54,4,58,145
11/07/2000,ISO,NC,ASO,EN,Federal Contract Tower,0,6,25,10,41,0,0,17,26,43,0,6,42,36,84,2,20,22,106
11/08/2000,ISO,NC,ASO,EN,Federal Contract Tower,0,6,20,0,26,0,0,36,0,36,0,6,56,0,62,50,4,54,116
11/09/2000,ISO,NC,ASO,EN,Federal Contract Tower,0,5,16,4,25,0,0,21,0,21,0,5,37,4,46,4,0,4,50
11/10/2000,ISO,NC,ASO,EN,Federal Contract Tower,1,5,16,2,24,3,1,44,0,48,4,6,60,2,72,4,0,4,76
11/11/2000,ISO,NC,ASO,EN,Federal Contract Tower,1,2,7,0,10,5,0,11,0,16,6,2,18,0,26,0,0,0,26
11/12/2000,ISO,NC,ASO,EN,Federal Contract Tower,0,3,8,4,15,0,1,58,4,63,0,4,66,8,78,52,14,66,144
11/13/2000,ISO,NC,ASO,EN,Federal Contract Tower,0,4,11,0,15,0,2,32,0,34,0,6,43,0,49,0,0,0,49
11/14/2000,ISO,NC,ASO,EN,Federal Contract Tower,1,0,14,0,15,0,0,44,0,44,1,0,58,0,59,18,0,18,77
11/15/2000,ISO,NC,ASO,EN,Federal Contract Tower,0,6,16,8,30,0,0,50,12,62,0,6,66,20,92,8,20,28,120
11/16/2000,ISO,NC,ASO,EN,Federal Contract Tower,0,5,12,2,19,0,1,45,0,46,0,6,57,2,65,14,0,14,79
11/17/2000,ISO,NC,ASO,EN,Federal Contract Tower,0,7,21,8,36,2,4,10,12,28,2,11,31,20,64,10,4,14,78
11/18/2000,ISO,NC,ASO,EN,Federal Contract Tower,0,2,4,0,6,0,0,40,2,42,0,2,44,2,48,4,0,4,52
11/19/2000,ISO,NC,ASO,EN,Federal Contract Tower,0,0,6,0,6,2,0,2,0,4,2,0,8,0,10,0,0,0,10
11/20/2000,ISO,NC,ASO,EN,Federal Contract Tower,0,4,10,3,17,0,0,45,1,46,0,4,55,4,63,26,0,26,89
11/21/2000,ISO,NC,ASO,EN,Federal Contract Tower,0,4,11,3,18,0,2,34,9,45,0,6,45,12,63,16,4,20,83
11/22/2000,ISO,NC,ASO,EN,Federal Contract Tower,0,5,16,6,27,0,1,21,16,38,0,6,37,22,65,0,22,22,87
11/23/2000,ISO,NC,ASO,EN,Federal Contract Tower,0,0,4,0,4,0,2,22,0,24,0,2,26,0,28,0,0,0,28
11/24/2000,ISO,NC,ASO,EN,Federal Contract Tower,0,5,12,0,17,0,3,38,0,41,0,8,50,0,58,6,0,6,64
11/25/2000,ISO,NC,ASO,EN,Federal Contract Tower,0,0,9,0,9,2,0,4,0,6,2,0,13,0,15,0,0,0,15
11/26/2000,ISO,NC,ASO,EN,Federal Contract Tower,0,2,12,4,18,0,0,17,0,17,0,2,29,4,35,8,0,8,43
11/27/2000,ISO,NC,ASO,EN,Federal Contract Tower,0,4,18,8,30,0,0,46,9,55,0,4,64,17,85,16,20,36,121
11/28/2000,ISO,NC,ASO,EN,Federal Contract Tower,0,3,9,2,14,0,3,52,0,55,0,6,61,2,69,26,0,26,95
11/29/2000,ISO,NC,ASO,EN,Federal Contract Tower,0,5,16,7,28,0,1,56,8,65,0,6,72,15,93,24,28,52,145
11/30/2000,ISO,NC,ASO,EN,Federal Contract Tower,0,5,17,8,30,0,1,23,16,40,0,6,40,24,70,4,16,20,90
12/01/2000,ISO,NC,ASO,EN,Federal Contract Tower,1,6,24,11,42,1,0,59,9,69,2,6,83,20,111,50,74,124,235
12/02/2000,ISO,NC,ASO,EN,Federal Contract Tower,1,2,9,0,12,1,0,38,0,39,2,2,47,0,51,0,0,0,51
12/03/2000,ISO,NC,ASO,EN,Federal Contract Tower,0,0,2,0,2,0,0,3,0,3,0,0,5,0,5,0,0,0,5
12/04/2000,ISO,NC,ASO,EN,Federal Contract Tower,1,4,11,2,18,1,2,52,0,55,2,6,63,2,73,24,0,24,97
12/05/2000,ISO,NC,ASO,EN,Federal Contract Tower,0,5,12,6,23,0,1,60,6,67,0,6,72,12,90,30,2,32,122
12/06/2000,ISO,NC,ASO,EN,Federal Contract Tower,0,4,11,6,21,0,2,43,4,49,0,6,54,10,70,24,8,32,102
12/07/2000,ISO,NC,ASO,EN,Federal Contract Tower,0,5,12,6,23,0,1,22,18,41,0,6,34,24,64,12,34,46,110
12/08/2000,ISO,NC,ASO,EN,Federal Contract Tower,0,6,16,7,29,0,0,40,18,58,0,6,56,25,87,18,18,36,123
12/09/2000,ISO,NC,ASO,EN,Federal Contract Tower,0,2,11,0,13,2,0,37,0,39,2,2,48,0,52,10,0,10,62
12/10/2000,ISO,NC,ASO,EN,Federal Contract Tower,0,0,6,3,9,0,0,13,1,14,0,0,19,4,23,0,0,0,23
12/11/2000,ISO,NC,ASO,EN,Federal Contract Tower,0,4,21,9,34,0,0,12,12,24,0,4,33,21,58,0,0,0,58
12/12/2000,ISO,NC,ASO,EN,Federal Contract Tower,0,6,13,2,21,0,0,28,0,28,0,6,41,2,49,0,0,0,49
12/13/2000,ISO,NC,ASO,EN,Federal Contract Tower,0,6,12,6,24,0,0,39,2,41,0,6,51,8,65,4,24,28,93
12/14/2000,ISO,NC,ASO,EN,Federal Contract Tower,0,4,9,0,13,0,4,1,0,5,0,8,10,0,18,0,0,0,18
12/15/2000,ISO,NC,ASO,EN,Federal Contract Tower,0,6,12,4,22,0,0,52,0,52,0,6,64,4,74,38,0,38,112
12/16/2000,ISO,NC,ASO,EN,Federal Contract Tower,0,2,9,0,11,0,0,0,0,0,0,2,9,0,11,0,0,0,11
12/17/2000,ISO,NC,ASO,EN,Federal Contract Tower,0,0,3,0,3,0,0,5,0,5,0,0,8,0,8,0,0,0,8
12/18/2000,ISO,NC,ASO,EN,Federal Contract Tower,0,2,5,1,8,0,2,46,1,49,0,4,51,2,57,22,0,22,79
12/19/2000,ISO,NC,ASO,EN,Federal Contract Tower,0,5,12,4,21,0,1,31,0,32,0,6,43,4,53,2,0,2,55
12/20/2000,ISO,NC,ASO,EN,Federal Contract Tower,0,5,12,2,19,0,3,47,0,50,0,8,59,2,69,10,0,10,79
12/21/2000,ISO,NC,ASO,EN,Federal Contract Tower,0,6,16,6,28,0,0,60,4,64,0,6,76,10,92,20,14,34,126
12/22/2000,ISO,NC,ASO,EN,Federal Contract Tower,0,6,15,5,26,0,0,18,15,33,0,6,33,20,59,12,6,18,77
12/23/2000,ISO,NC,ASO,EN,Federal Contract Tower,0,2,4,0,6,0,0,18,0,18,0,2,22,0,24,0,0,0,24
12/24/2000,ISO,NC,ASO,EN,Federal Contract Tower,0,0,1,0,1,0,0,19,0,19,0,0,20,0,20,0,0,0,20
12/25/2000,ISO,NC,ASO,EN,Federal Contract Tower,0,0,1,0,1,0,0,3,0,3,0,0,4,0,4,0,0,0,4
12/26/2000,ISO,NC,ASO,EN,Federal Contract Tower,0,3,10,5,18,0,4,37,3,44,0,7,47,8,62,20,6,26,88
12/27/2000,ISO,NC,ASO,EN,Federal Contract Tower,0,5,13,5,23,0,1,25,15,41,0,6,38,20,64,6,22,28,92
12/28/2000,ISO,NC,ASO,EN,Federal Contract Tower,0,6,17,2,25,0,4,29,0,33,0,10,46,2,58,50,0,50,108
12/29/2000,ISO,NC,ASO,EN,Federal Contract Tower,0,6,16,4,26,0,1,42,0,43,0,7,58,4,69,2,14,16,85
12/30/2000,ISO,NC,ASO,EN,Federal Contract Tower,0,0,4,0,4,0,2,23,2,27,0,2,27,2,31,18,0,18,49
12/31/2000,ISO,NC,ASO,EN,Federal Contract Tower,0,0,4,0,4,0,0,22,0,22,0,0,26,0,26,0,0,0,26
01/01/2001,ISO,NC,ASO,EN,Federal Contract Tower,0,0,3,0,3,0,0,22,0,22,0,0,25,0,25,2,0,2,27
01/02/2001,ISO,NC,ASO,EN,Federal Contract Tower,0,4,6,6,16,0,2,49,0,51,0,6,55,6,67,12,0,12,79
01/03/2001,ISO,NC,ASO,EN,Federal Contract Tower,0,6,8,7,21,0,0,57,2,59,0,6,65,9,80,14,10,24,104
01/04/2001,ISO,NC,ASO,EN,Federal Contract Tower,0,6,12,10,28,0,0,35,30,65,0,6,47,40,93,4,16,20,113
01/05/2001,ISO,NC,ASO,EN,Federal Contract Tower,1,6,8,7,22,1,0,58,1,60,2,6,66,8,82,4,0,4,86
01/06/2001,ISO,NC,ASO,EN,Federal Contract Tower,0,2,6,4,12,0,0,44,0,44,0,2,50,4,56,8,0,8,64
01/07/2001,ISO,NC,ASO,EN,Federal Contract Tower,1,1,2,0,4,1,0,39,0,40,2,1,41,0,44,2,0,2,46
01/08/2001,ISO,NC,ASO,EN,Federal Contract Tower,0,3,5,2,10,0,1,7,0,8,0,4,12,2,18,0,0,0,18
01/09/2001,ISO,NC,ASO,EN,Federal Contract Tower,1,6,11,7,25,0,0,13,19,32,1,6,24,26,57,0,8,8,65
01/10/2001,ISO,NC,ASO,EN,Federal Contract Tower,0,5,8,5,18,0,1,39,3,43,0,6,47,8,61,16,12,28,89
01/11/2001,ISO,NC,ASO,EN,Federal Contract Tower,0,7,12,8,27,0,1,49,9,59,0,8,61,17,86,10,10,20,106
01/12/2001,ISO,NC,ASO,EN,Federal Contract Tower,0,6,13,9,28,0,0,37,3,40,0,6,50,12,68,24,0,24,92
01/13/2001,ISO,NC,ASO,EN,Federal Contract Tower,1,2,8,6,17,1,0,62,6,69,2,2,70,12,86,26,22,48,134
01/14/2001,ISO,NC,ASO,EN,Federal Contract Tower,0,0,4,3,7,0,0,10,15,25,0,0,14,18,32,10,0,10,42
01/15/2001,ISO,NC,ASO,EN,Federal Contract Tower,0,4,9,0,13,0,0,55,0,55,0,4,64,0,68,20,0,20,88
01/16/2001,ISO,NC,ASO,EN,Federal Contract Tower,0,7,16,7,30,0,1,57,0,58,0,8,73,7,88,4,0,4,92
01/17/2001,ISO,NC,ASO,EN,Federal Contract Tower,0,6,15,10,31,0,0,30,16,46,0,6,45,26,77,2,24,26,103
01/18/2001,ISO,NC,ASO,EN,Federal Contract Tower,0,6,18,13,37,0,0,35,3,38,0,6,53,16,75,34,0,34,109
01/19/2001,ISO,NC,ASO,EN,Federal Contract Tower,0,4,14,10,28,2,0,18,5,25,2,4,32,15,53,8,32,40,93
01/20/2001,ISO,NC,ASO,EN,Federal Contract Tower,0,1,3,1,5,2,1,7,1,11,2,2,10,2,16,0,0,0,16
01/21/2001,ISO,NC,ASO,EN,Federal Contract Tower,0,1,4,0,5,0,0,33,0,33,0,1,37,0,38,16,0,16,54
01/22/2001,ISO,NC,ASO,EN,Federal Contract Tower,0,4,12,9,25,0,0,54,6,60,0,4,66,15,85,26,6,32,117
01/23/2001,ISO,NC,ASO,EN,Federal Contract Tower,0,3,8,5,16,0,3,30,1,34,0,6,38,6,50,8,0,8,58
01/24/2001,ISO,NC,ASO,EN,Federal Contract Tower,0,5,12,9,26,0,1,51,10,62,0,6,63,19,88,14,32,46,134
01/25/2001,ISO,NC,ASO,EN,Federal Contract Tower,0,5,12,8,25,0,1,31,6,38,0,6,43,14,63,0,4,4,67
01/26/2001,ISO,NC,ASO,EN,Federal Contract Tower,0,2,6,4,12,0,4,44,3,51,0,6,50,7,63,4,16,20,83
01/27/2001,ISO,NC,ASO,EN,Federal Contract Tower,0,2,6,0,8,2,0,39,0,41,2,2,45,0,49,6,0,6,55
01/28/2001,ISO,NC,ASO,EN,Federal Contract Tower,0,2,6,0,8,0,3,49,0,52,0,5,55,0,60,16,0,16,76
01/29/2001,ISO,NC,ASO,EN,Federal Contract Tower,0,4,11,7,22,0,0,39,6,45,0,4,50,13,67,22,8,30,97
01/30/2001,ISO,NC,ASO,EN,Federal Contract Tower,0,5,11,7,23,0,1,12,3,16,0,6,23,10,39,0,0,0,39
01/31/2001,ISO,NC,ASO,EN,Federal Contract Tower,0,6,15,10,31,0,0,33,14,47,0,6,48,24,78,18,8,26,104
02/01/2001,ISO,NC,ASO,EN,Federal Contract Tower,0,4,12,8,24,0,4,46,15,65,0,8,58,23,89,18,20,38,127
02/02/2001,ISO,NC,ASO,EN,Federal Contract Tower,1,5,10,6,22,1,1,25,6,33,2,6,35,12,55,8,26,34,89
02/03/2001,ISO,NC,ASO,EN,Federal Contract Tower,1,2,7,0,10,1,0,58,0,59,2,2,65,0,69,22,0,22,91
02/04/2001,ISO,NC,ASO,EN,Federal Contract Tower,1,0,4,0,5,1,0,4,0,5,2,0,8,0,10,0,0,0,10
02/05/2001,ISO,NC,ASO,EN,Federal Contract Tower,0,4,11,7,22,0,0,40,19,59,0,4,51,26,81,23,8,31,112
02/06/2001,ISO,NC,ASO,EN,Federal Contract Tower,0,6,14,8,28,0,0,45,17,62,0,6,59,25,90,18,22,40,130
02/07/2001,ISO,NC,ASO,EN,Federal Contract Tower,0,6,17,9,32,0,0,58,15,73,0,6,75,24,105,26,24,50,155
02/08/2001,ISO,NC,ASO,EN,Federal Contract Tower,0,5,14,8,27,0,1,54,12,67,0,6,68,20,94,30,12,42,136
02/09/2001,ISO,NC,ASO,EN,Federal Contract Tower,1,6,15,8,30,1,0,42,18,61,2,6,57,26,91,16,12,28,119
02/10/2001,ISO,NC,ASO,EN,Federal Contract Tower,1,2,6,0,9,3,0,25,0,28,4,2,31,0,37,4,0,4,41
02/11/2001,ISO,NC,ASO,EN,Federal Contract Tower,0,2,6,3,11,0,0,46,1,47,0,2,52,4,58,8,0,8,66
02/12/2001,ISO,NC,ASO,EN,Federal Contract Tower,0,4,13,7,24,0,0,1,3,4,0,4,14,10,28,0,0,0,28
02/13/2001,ISO,NC,ASO,EN,Federal Contract Tower,0,6,13,7,26,0,0,31,5,36,0,6,44,12,62,14,0,14,76
02/14/2001,ISO,NC,ASO,EN,Federal Contract Tower,0,6,24,13,43,0,0,8,20,28,0,6,32,33,71,0,66,66,137
02/15/2001,ISO,NC,ASO,EN,Federal Contract Tower,0,8,24,15,47,0,0,35,23,58,0,8,59,38,105,10,46,56,161
02/16/2001,ISO,NC,ASO,EN,Federal Contract Tower,0,7,26,16,49,0,0,45,31,76,0,7,71,47,125,44,26,70,195
02/17/2001,ISO,NC,ASO,EN,Federal Contract Tower,0,0,2,0,2,0,2,21,0,23,0,2,23,0,25,10,0,10,35
02/18/2001,ISO,NC,ASO,EN,Federal Contract Tower,0,0,6,0,6,0,0,33,0,33,0,0,39,0,39,52,0,52,91
02/19/2001,ISO,NC,ASO,EN,Federal Contract Tower,0,1,4,0,5,0,1,36,0,37,0,2,40,0,42,18,0,18,60
02/20/2001,ISO,NC,ASO,EN,Federal Contract Tower,0,6,18,11,35,0,0,78,5,83,0,6,96,16,118,32,18,50,168
02/21/2001,ISO,NC,ASO,EN,Federal Contract Tower,0,3,9,5,17,0,3,37,1,41,0,6,46,6,58,14,14,28,86
02/22/2001,ISO,NC,ASO,EN,Federal Contract Tower,0,3,11,0,14,0,3,4,0,7,0,6,15,0,21,0,0,0,21
02/23/2001,ISO,NC,ASO,EN,Federal Contract Tower,0,6,16,10,32,0,2,42,5,49,0,8,58,15,81,54,0,54,135
02/24/2001,ISO,NC,ASO,EN,Federal Contract Tower,0,0,10,0,10,0,0,0,0,0,0,0,10,0,10,0,0,0,10
02/25/2001,ISO,NC,ASO,EN,Federal Contract Tower,0,1,3,2,6,0,1,67,8,76,0,2,70,10,82,42,0,42,124
02/26/2001,ISO,NC,ASO,EN,Federal Contract Tower,0,4,18,11,33,0,0,48,21,69,0,4,66,32,102,26,16,42,144
02/27/2001,ISO,NC,ASO,EN,Federal Contract Tower,0,5,15,9,29,0,1,78,13,92,0,6,93,22,121,67,34,101,222
02/28/2001,ISO,NC,ASO,EN,Federal Contract Tower,0,5,13,8,26,0,1,6,31,38,0,6,19,39,64,0,22,22,86
03/01/2001,ISO,NC,ASO,EN,Federal Contract Tower,0,4,15,5,24,0,2,71,13,86,0,6,86,18,110,62,4,66,176
03/02/2001,ISO,NC,ASO,EN,Federal Contract Tower,1,5,19,6,31,1,0,45,4,50,2,5,64,10,81,26,4,30,111
03/03/2001,ISO,NC,ASO,EN,Federal Contract Tower,0,2,7,2,11,0,2,14,0,16,0,4,21,2,27,0,0,0,27
03/04/2001,ISO,NC,ASO,EN,Federal Contract Tower,1,0,6,0,7,1,0,3,0,4,2,0,9,0,11,0,0,0,11
03/05/2001,ISO,NC,ASO,EN,Federal Contract Tower,0,1,5,2,8,0,1,11,28,40,0,2,16,30,48,0,0,0,48
03/06/2001,ISO,NC,ASO,EN,Federal Contract Tower,0,4,14,6,24,0,0,0,10,10,0,4,14,16,34,0,0,0,34
03/07/2001,ISO,NC,ASO,EN,Federal Contract Tower,0,2,9,3,14,0,2,44,24,70,0,4,53,27,84,10,12,22,106
03/08/2001,ISO,NC,ASO,EN,Federal Contract Tower,0,3,12,4,19,0,3,48,12,63,0,6,60,16,82,94,58,152,234
03/09/2001,ISO,NC,ASO,EN,Federal Contract Tower,0,4,21,7,32,0,0,48,33,81,0,4,69,40,113,32,28,60,173
03/10/2001,ISO,NC,ASO,EN,Federal Contract Tower,0,1,4,2,7,0,1,56,2,59,0,2,60,4,66,26,2,28,94
03/11/2001,ISO,NC,ASO,EN,Federal Contract Tower,0,0,7,0,7,0,0,40,0,40,0,0,47,0,47,18,0,18,65
03/12/2001,ISO,NC,ASO,EN,Federal Contract Tower,0,2,11,4,17,0,0,32,0,32,0,2,43,4,49,2,2,4,53
03/13/2001,ISO,NC,ASO,EN,Federal Contract Tower,0,4,13,5,22,0,0,20,5,25,0,4,33,10,47,12,4,16,63
03/14/2001,ISO,NC,ASO,EN,Federal Contract Tower,0,4,13,5,22,0,0,68,15,83,0,4,81,20,105,20,28,48,153
03/15/2001,ISO,NC,ASO,EN,Federal Contract Tower,0,4,16,6,26,0,0,16,2,18,0,4,32,8,44,0,0,0,44
03/16/2001,ISO,NC,ASO,EN,Federal Contract Tower,0,7,22,4,33,2,1,26,0,29,2,8,48,4,62,18,0,18,80
03/17/2001,ISO,NC,ASO,EN,Federal Contract Tower,0,2,18,5,25,2,0,67,11,80,2,2,85,16,105,60,16,76,181
03/18/2001,ISO,NC,ASO,EN,Federal Contract Tower,0,0,6,0,6,0,0,33,0,33,0,0,39,0,39,4,0,4,43
03/19/2001,ISO,NC,ASO,EN,Federal Contract Tower,0,2,13,4,19,0,0,31,4,35,0,2,44,8,54,34,26,60,114
03/20/2001,ISO,NC,ASO,EN,Federal Contract Tower,0,3,11,0,14,0,1,14,0,15,0,4,25,0,29,8,0,8,37
03/21/2001,ISO,NC,ASO,EN,Federal Contract Tower,0,4,14,5,23,0,0,11,1,12,0,4,25,6,35,0,0,0,35
03/22/2001,ISO,NC,ASO,EN,Federal Contract Tower,0,5,20,7,32,0,1,24,13,38,0,6,44,20,70,2,32,34,104
03/23/2001,ISO,NC,ASO,EN,Federal Contract Tower,0,4,18,4,26,0,0,89,0,89,0,4,107,4,115,60,0,60,175
03/24/2001,ISO,NC,ASO,EN,Federal Contract Tower,0,1,6,2,9,2,1,36,0,39,2,2,42,2,48,6,0,6,54
03/25/2001,ISO,NC,ASO,EN,Federal Contract Tower,0,0,11,0,11,0,0,31,0,31,0,0,42,0,42,8,0,8,50
03/26/2001,ISO,NC,ASO,EN,Federal Contract Tower,0,1,7,2,10,0,3,35,8,46,0,4,42,10,56,0,0,0,56
03/27/2001,ISO,NC,ASO,EN,Federal Contract Tower,0,3,11,4,18,0,1,65,16,82,0,4,76,20,100,32,0,32,132
03/28/2001,ISO,NC,ASO,EN,Federal Contract Tower,0,6,20,7,33,0,3,50,24,77,0,9,70,31,110,20,38,58,168
03/29/2001,ISO,NC,ASO,EN,Federal Contract Tower,0,4,13,5,22,0,0,0,8,8,0,4,13,13,30,0,0,0,30
03/30/2001,ISO,NC,ASO,EN,Federal Contract Tower,0,4,16,5,25,0,0,24,17,41,0,4,40,22,66,20,14,34,100
03/31/2001,ISO,NC,ASO,EN,Federal Contract Tower,0,1,4,0,5,0,3,20,0,23,0,4,24,0,28,18,0,18,46
04/01/2001,ISO,NC,ASO,EN,Federal Contract Tower,0,0,8,0,8,0,0,1,0,1,0,0,9,0,9,0,0,0,9
04/02/2001,ISO,NC,ASO,EN,Federal Contract Tower,0,2,11,7,20,0,0,52,1,53,0,2,63,8,73,18,4,22,95
04/03/2001,ISO,NC,ASO,EN,Federal Contract Tower,0,4,22,9,35,0,0,26,10,36,0,4,48,19,71,20,22,42,113
04/04/2001,ISO,NC,ASO,EN,Federal Contract Tower,0,6,19,16,41,0,0,36,7,43,0,6,55,23,84,30,0,30,114
04/05/2001,ISO,NC,ASO,EN,Federal Contract Tower,0,6,17,8,31,0,0,84,3,87,0,6,101,11,118,46,14,60,178
04/06/2001,ISO,NC,ASO,EN,Federal Contract Tower,0,4,16,4,24,0,0,78,3,81,0,4,94,7,105,8,0,8,113
04/07/2001,ISO,NC,ASO,EN,Federal Contract Tower,0,2,16,0,18,0,0,47,0,47,0,2,63,0,65,12,0,12,77
04/08/2001,ISO,NC,ASO,EN,Federal Contract Tower,0,0,7,5,12,0,0,33,2,35,0,0,40,7,47,0,0,0,47
04/09/2001,ISO,NC,ASO,EN,Federal Contract Tower,0,2,19,11,32,0,0,59,22,81,0,2,78,33,113,10,10,20,133
04/10/2001,ISO,NC,ASO,EN,Federal Contract Tower,0,4,14,15,33,0,0,36,14,50,0,4,50,29,83,30,34,64,147
04/11/2001,ISO,NC,ASO,EN,Federal Contract Tower,0,3,19,2,24,0,3,63,2,68,0,6,82,4,92,20,0,20,112
04/12/2001,ISO,NC,ASO,EN,Federal Contract Tower,0,4,31,7,42,0,0,45,10,55,0,4,76,17,97,6,26,32,129
04/13/2001,ISO,NC,ASO,EN,Federal Contract Tower,0,4,13,4,21,0,0,37,0,37,0,4,50,4,58,2,0,2,60
04/14/2001,ISO,NC,ASO,EN,Federal Contract Tower,0,2,10,0,12,0,0,69,0,69,0,2,79,0,81,40,0,40,121
04/15/2001,ISO,NC,ASO,EN,Federal Contract Tower,0,0,8,0,8,0,0,23,0,23,0,0,31,0,31,31,0,31,62
04/16/2001,ISO,NC,ASO,EN,Federal Contract Tower,0,2,4,9,15,0,0,39,10,49,0,2,43,19,64,2,6,8,72
04/17/2001,ISO,NC,ASO,EN,Federal Contract Tower,0,5,16,19,40,0,1,7,17,25,0,6,23,36,65,0,6,6,71
04/18/2001,ISO,NC,ASO,EN,Federal Contract Tower,0,4,23,15,42,0,0,33,39,72,0,4,56,54,114,6,36,42,156
04/19/2001,ISO,NC,ASO,EN,Federal Contract Tower,0,4,27,23,54,0,0,70,38,108,0,4,97,61,162,4,72,76,238
04/20/2001,ISO,NC,ASO,EN,Federal Contract Tower,0,4,13,5,22,0,0,29,3,32,0,4,42,8,54,4,10,14,68
04/21/2001,ISO,NC,ASO,EN,Federal Contract Tower,0,2,2,0,4,0,0,39,0,39,0,2,41,0,43,6,0,6,49
04/22/2001,ISO,NC,ASO,EN,Federal Contract Tower,0,0,7,0,7,0,0,42,0,42,0,0,49,0,49,10,0,10,59
04/23/2001,ISO,NC,ASO,EN,Federal Contract Tower,0,2,12,15,29,0,0,62,21,83,0,2,74,36,112,4,36,40,152
04/24/2001,ISO,NC,ASO,EN,Federal Contract Tower,0,6,25,12,43,0,2,60,20,82,0,8,85,32,125,10,10,20,145
04/25/2001,ISO,NC,ASO,EN,Federal Contract Tower,0,6,26,30,62,0,0,5,32,37,0,6,31,62,99,0,0,0,99
04/26/2001,ISO,NC,ASO,EN,Federal Contract Tower,0,4,28,9,41,0,0,40,7,47,0,4,68,16,88,8,16,24,112
04/27/2001,ISO,NC,ASO,EN,Federal Contract Tower,2,4,24,10,40,0,0,72,16,88,2,4,96,26,128,10,6,16,144
04/28/2001,ISO,NC,ASO,EN,Federal Contract Tower,2,2,12,0,16,0,0,50,0,50,2,2,62,0,66,0,0,0,66
04/29/2001,ISO,NC,ASO,EN,Federal Contract Tower,0,0,17,0,17,0,0,54,0,54,0,0,71,0,71,4,0,4,75
04/30/2001,ISO,NC,ASO,EN,Federal Contract Tower,0,2,8,15,25,0,0,54,16,70,0,2,62,31,95,4,16,20,115
05/01/2001,ISO,NC,ASO,EN,Federal Contract Tower,0,4,14,4,22,0,0,63,6,69,0,4,77,10,91,32,24,56,147
05/02/2001,ISO,NC,ASO,EN,Federal Contract Tower,0,4,13,9,26,0,0,46,15,61,0,4,59,24,87,4,88,92,179
05/03/2001,ISO,NC,ASO,EN,Federal Contract Tower,0,4,14,21,39,0,0,55,13,68,0,4,69,34,107,42,40,82,189
05/04/2001,ISO,NC,ASO,EN,Federal Contract Tower,2,4,7,3,16,0,0,75,9,84,2,4,82,12,100,54,22,76,176
05/05/2001,ISO,NC,ASO,EN,Federal Contract Tower,0,2,7,0,9,4,0,74,0,78,4,2,81,0,87,20,6,26,113
05/06/2001,ISO,NC,ASO,EN,Federal Contract Tower,2,2,8,3,15,0,0,29,6,35,2,2,37,9,50,0,36,36,86
05/07/2001,ISO,NC,ASO,EN,Federal Contract Tower,0,2,14,12,28,0,0,38,18,56,0,2,52,30,84,8,46,54,138
05/08/2001,ISO,NC,ASO,EN,Federal Contract Tower,0,4,16,13,33,0,0,47,13,60,0,4,63,26,93,0,34,34,127
05/09/2001,ISO,NC,ASO,EN,Federal Contract Tower,0,4,15,12,31,0,0,43,10,53,0,4,58,22,84,6,46,52,136
05/10/2001,ISO,NC,ASO,EN,Federal Contract Tower,0,2,8,16,26,0,0,72,29,101,0,2,80,45,127,8,2,10,137
05/11/2001,ISO,NC,ASO,EN,Federal Contract Tower,0,6,30,2,38,0,0,69,4,73,0,6,99,6,111,4,0,4,115
05/12/2001,ISO,NC,ASO,EN,Federal Contract Tower,0,2,5,2,9,0,0,41,0,41,0,2,46,2,50,12,0,12,62
05/13/2001,ISO,NC,ASO,EN,Federal Contract Tower,0,0,7,0,7,0,0,41,0,41,0,0,48,0,48,0,0,0,48
05/14/2001,ISO,NC,ASO,EN,Federal Contract Tower,0,2,2,2,6,0,0,52,0,52,0,2,54,2,58,16,6,22,80
05/15/2001,ISO,NC,ASO,EN,Federal Contract Tower,0,5,15,5,25,0,1,51,6,58,0,6,66,11,83,4,14,18,101
05/16/2001,ISO,NC,ASO,EN,Federal Contract Tower,0,4,26,5,35,0,0,42,8,50,0,4,68,13,85,8,10,18,103
05/17/2001,ISO,NC,ASO,EN,Federal Contract Tower,0,4,27,2,33,0,0,18,2,20,0,4,45,4,53,2,0,2,55
05/18/2001,ISO,NC,ASO,EN,Federal Contract Tower,2,5,21,4,32,0,1,39,0,40,2,6,60,4,72,12,0,12,84
05/19/2001,ISO,NC,ASO,EN,Federal Contract Tower,2,1,8,2,13,0,1,36,0,37,2,2,44,2,50,2,10,12,62
05/20/2001,ISO,NC,ASO,EN,Federal Contract Tower,0,0,8,4,12,2,0,30,2,34,2,0,38,6,46,8,52,60,106
05/21/2001,ISO,NC,ASO,EN,Federal Contract Tower,0,2,11,2,15,0,0,12,0,12,0,2,23,2,27,16,6,22,49
05/22/2001,ISO,NC,ASO,EN,Federal Contract Tower,0,4,18,13,35,0,0,40,16,56,0,4,58,29,91,4,46,50,141
05/23/2001,ISO,NC,ASO,EN,Federal Contract Tower,0,4,21,3,28,0,0,50,3,53,0,4,71,6,81,4,0,4,85
05/24/2001,ISO,NC,ASO,EN,Federal Contract Tower,0,4,14,5,23,0,0,71,9,80,0,4,85,14,103,60,2,62,165
05/25/2001,ISO,NC,ASO,EN,Federal Contract Tower,0,4,17,5,26,0,0,40,7,47,0,4,57,12,73,12,14,26,99
05/26/2001,ISO,NC,ASO,EN,Federal Contract Tower,0,2,7,0,9,0,0,22,0,22,0,2,29,0,31,12,0,12,43
05/27/2001,ISO,NC,ASO,EN,Federal Contract Tower,0,0,4,0,4,0,0,46,0,46,0,0,50,0,50,16,0,16,66
05/28/2001,ISO,NC,ASO,EN,Federal Contract Tower,0,0,12,0,12,0,0,6,0,6,0,0,18,0,18,0,0,0,18
05/29/2001,ISO,NC,ASO,EN,Federal Contract Tower,0,2,34,15,51,0,0,42,15,57,0,2,76,30,108,36,20,56,164
05/30/2001,ISO,NC,ASO,EN,Federal Contract Tower,0,5,24,20,49,0,0,67,23,90,0,5,91,43,139,16,18,34,173
05/31/2001,ISO,NC,ASO,EN,Federal Contract Tower,2,4,29,9,44,0,0,61,14,75,2,4,90,23,119,48,22,70,189
06/01/2001,ISO,NC,ASO,EN,Federal Contract Tower,2,4,18,3,27,0,0,17,3,20,2,4,35,6,47,8,10,18,65
06/02/2001,ISO,NC,ASO,EN,Federal Contract Tower,0,2,12,0,14,0,0,16,0,16,0,2,28,0,30,0,0,0,30
06/03/2001,ISO,NC,ASO,EN,Federal Contract Tower,4,0,7,3,14,0,0,31,0,31,4,0,38,3,45,2,0,2,47
06/04/2001,ISO,NC,ASO,EN,Federal Contract Tower,0,2,13,7,22,0,0,33,4,37,0,2,46,11,59,52,38,90,149
06/05/2001,ISO,NC,ASO,EN,Federal Contract Tower,0,6,18,1,25,0,0,31,7,38,0,6,49,8,63,14,0,14,77
06/06/2001,ISO,NC,ASO,EN,Federal Contract Tower,0,4,20,9,33,0,0,40,23,63,0,4,60,32,96,30,12,42,138
06/07/2001,ISO,NC,ASO,EN,Federal Contract Tower,0,4,21,22,47,0,0,56,35,91,0,4,77,57,138,18,44,62,200
06/08/2001,ISO,NC,ASO,EN,Federal Contract Tower,0,6,20,7,33,0,0,25,13,38,0,6,45,20,71,38,20,58,129
06/09/2001,ISO,NC,ASO,EN,Federal Contract Tower,0,2,6,1,9,0,0,39,1,40,0,2,45,2,49,16,0,16,65
06/10/2001,ISO,NC,ASO,EN,Federal Contract Tower,0,0,8,1,9,0,0,16,1,17,0,0,24,2,26,0,0,0,26
06/11/2001,ISO,NC,ASO,EN,Federal Contract Tower,0,2,18,20,40,0,0,47,9,56,0,2,65,29,96,4,80,84,180
06/12/2001,ISO,NC,ASO,EN,Federal Contract Tower,0,4,16,0,20,0,0,50,0,50,0,4,66,0,70,2,0,2,72
06/13/2001,ISO,NC,ASO,EN,Federal Contract Tower,0,4,18,3,25,0,0,26,1,27,0,4,44,4,52,0,18,18,70
06/14/2001,ISO,NC,ASO,EN,Federal Contract Tower,0,4,23,0,27,0,0,1,0,1,0,4,24,0,28,0,0,0,28
06/15/2001,ISO,NC,ASO,EN,Federal Contract Tower,0,4,19,3,26,0,0,6,1,7,0,4,25,4,33,2,0,2,35
06/16/2001,ISO,NC,ASO,EN,Federal Contract Tower,0,2,6,0,8,0,0,57,0,57,0,2,63,0,65,8,0,8,73
06/17/2001,ISO,NC,ASO,EN,Federal Contract Tower,0,0,7,4,11,0,0,27,6,33,0,0,34,10,44,6,0,6,50
06/18/2001,ISO,NC,ASO,EN,Federal Contract Tower,0,2,12,0,14,0,0,51,2,53,0,2,63,2,67,18,0,18,85
06/19/2001,ISO,NC,ASO,EN,Federal Contract Tower,0,4,23,11,38,0,0,55,16,71,0,4,78,27,109,10,16,26,135
06/20/2001,ISO,NC,ASO,EN,Federal Contract Tower,0,4,21,13,38,0,0,43,13,56,0,4,64,26,94,2,36,38,132
06/21/2001,ISO,NC,ASO,EN,Federal Contract Tower,2,4,13,12,31,0,0,25,24,49,2,4,38,36,80,22,50,72,152
06/22/2001,ISO,NC,ASO,EN,Federal Contract Tower,0,4,20,6,30,0,3,36,11,50,0,7,56,17,80,6,0,6,86
06/23/2001,ISO,NC,ASO,EN,Federal Contract Tower,4,2,23,0,29,0,0,29,2,31,4,2,52,2,60,0,0,0,60
06/24/2001,ISO,NC,ASO,EN,Federal Contract Tower,0,2,7,4,13,0,0,8,4,12,0,2,15,8,25,14,0,14,39
06/25/2001,ISO,NC,ASO,EN,Federal Contract Tower,0,2,14,13,29,0,0,28,10,38,0,2,42,23,67,2,24,26,93
06/26/2001,ISO,NC,ASO,EN,Federal Contract Tower,0,4,21,5,30,0,0,15,9,24,0,4,36,14,54,6,8,14,68
06/27/2001,ISO,NC,ASO,EN,Federal Contract Tower,0,2,12,2,16,0,0,54,2,56,0,2,66,4,72,2,0,2,74
06/28/2001,ISO,NC,ASO,EN,Federal Contract Tower,0,4,18,8,30,0,0,52,19,71,0,4,70,27,101,4,34,38,139
06/29/2001,ISO,NC,ASO,EN,Federal Contract Tower,0,4,6,3,13,0,0,39,3,42,0,4,45,6,55,34,20,54,109
06/30/2001,ISO,NC,ASO,EN,Federal Contract Tower,0,2,10,0,12,0,0,24,0,24,0,2,34,0,36,10,0,10,46
07/01/2001,ISO,NC,ASO,EN,Federal Contract Tower,0,0,14,0,14,0,0,21,0,21,0,0,35,0,35,0,0,0,35
07/02/2001,ISO,NC,ASO,EN,Federal Contract Tower,0,2,10,10,22,0,0,23,14,37,0,2,33,24,59,22,0,22,81
07/03/2001,ISO,NC,ASO,EN,Federal Contract Tower,0,4,20,19,43,0,0,33,22,55,0,4,53,41,98,6,58,64,162
07/04/2001,ISO,NC,ASO,EN,Federal Contract Tower,0,1,6,0,7,0,1,16,0,17,0,2,22,0,24,6,0,6,30
07/05/2001,ISO,NC,ASO,EN,Federal Contract Tower,0,2,13,7,22,0,0,33,9,42,0,2,46,16,64,22,0,22,86
07/06/2001,ISO,NC,ASO,EN,Federal Contract Tower,2,4,13,9,28,0,0,34,9,43,2,4,47,18,71,18,38,56,127
07/07/2001,ISO,NC,ASO,EN,Federal Contract Tower,2,2,8,3,15,0,0,34,3,37,2,2,42,6,52,18,0,18,70
07/08/2001,ISO,NC,ASO,EN,Federal Contract Tower,2,2,6,0,10,0,0,14,0,14,2,2,20,0,24,0,0,0,24
07/09/2001,ISO,NC,ASO,EN,Federal Contract Tower,0,2,13,19,34,0,0,40,18,58,0,2,53,37,92,18,58,76,168
07/10/2001,ISO,NC,ASO,EN,Federal Contract Tower,0,4,14,14,32,0,0,38,15,53,0,4,52,29,85,54,64,118,203
07/11/2001,ISO,NC,ASO,EN,Federal Contract Tower,0,4,16,3,23,0,0,27,3,30,0,4,43,6,53,0,16,16,69
07/12/2001,ISO,NC,ASO,EN,Federal Contract Tower,0,4,15,4,23,0,0,67,4,71,0,4,82,8,94,60,10,70,164
07/13/2001,ISO,NC,ASO,EN,Federal Contract Tower,0,4,25,19,48,0,0,42,38,80,0,4,67,57,128,22,10,32,160
07/14/2001,ISO,NC,ASO,EN,Federal Contract Tower,0,2,7,0,9,0,0,41,2,43,0,2,48,2,52,20,0,20,72
07/15/2001,ISO,NC,ASO,EN,Federal Contract Tower,0,0,9,4,13,0,0,40,2,42,0,0,49,6,55,18,8,26,81
07/16/2001,ISO,NC,ASO,EN,Federal Contract Tower,0,0,11,6,17,0,0,39,4,43,0,0,50,10,60,2,16,18,78
07/17/2001,ISO,NC,ASO,EN,Federal Contract Tower,0,4,7,18,29,0,0,53,20,73,0,4,60,38,102,20,64,84,186
07/18/2001,ISO,NC,ASO,EN,Federal Contract Tower,0,4,23,9,36,0,0,28,12,40,0,4,51,21,76,6,16,22,98
07/19/2001,ISO,NC,ASO,EN,Federal Contract Tower,0,4,32,3,39,0,0,1,3,4,0,4,33,6,43,8,0,8,51
07/20/2001,ISO,NC,ASO,EN,Federal Contract Tower,2,4,26,9,41,0,0,29,9,38,2,4,55,18,79,8,20,28,107
07/21/2001,ISO,NC,ASO,EN,Federal Contract Tower,1,2,1,0,4,0,0,33,0,33,1,2,34,0,37,18,0,18,55
07/22/2001,ISO,NC,ASO,EN,Federal Contract Tower,0,0,5,0,5,0,0,16,0,16,0,0,21,0,21,6,0,6,27
07/23/2001,ISO,NC,ASO,EN,Federal Contract Tower,0,2,14,7,23,0,0,20,5,25,0,2,34,12,48,20,0,20,68
07/24/2001,ISO,NC,ASO,EN,Federal Contract Tower,0,2,17,0,19,0,0,16,5,21,0,2,33,5,40,32,0,32,72
07/25/2001,ISO,NC,ASO,EN,Federal Contract Tower,0,6,24,14,44,0,0,33,12,45,0,6,57,26,89,12,68,80,169
07/26/2001,ISO,NC,ASO,EN,Federal Contract Tower,0,6,25,8,39,0,0,31,14,45,0,6,56,22,84,26,8,34,118
07/27/2001,ISO,NC,ASO,EN,Federal Contract Tower,0,6,19,0,25,0,0,16,4,20,0,6,35,4,45,4,0,4,49
07/28/2001,ISO,NC,ASO,EN,Federal Contract Tower,0,2,1,6,9,0,0,57,6,63,0,2,58,12,72,16,0,16,88
07/29/2001,ISO,NC,ASO,EN,Federal Contract Tower,0,0,5,3,8,0,0,5,3,8,0,0,10,6,16,10,0,10,26
07/30/2001,ISO,NC,ASO,EN,Federal Contract Tower,0,4,31,11,46,0,0,23,9,32,0,4,54,20,78,2,18,20,98
07/31/2001,ISO,NC,ASO,EN,Federal Contract Tower,0,4,18,21,43,0,2,66,17,85,0,6,84,38,128,42,70,112,240
08/01/2001,ISO,NC,ASO,EN,Federal Contract Tower,0,6,19,18,43,0,0,56,14,70,0,6,75,32,113,36,0,36,149
08/02/2001,ISO,NC,ASO,EN,Federal Contract Tower,0,4,9,13,26,0,0,45,14,59,0,4,54,27,85,28,14,42,127
08/03/2001,ISO,NC,ASO,EN,Federal Contract Tower,0,2,15,0,17,2,0,33,0,35,2,2,48,0,52,16,0,16,68
08/04/2001,ISO,NC,ASO,EN,Federal Contract Tower,0,2,6,0,8,0,0,26,0,26,0,2,32,0,34,2,0,2,36
08/05/2001,ISO,NC,ASO,EN,Federal Contract Tower,0,2,12,0,14,0,4,53,26,83,0,6,65,26,97,82,22,104,201
08/06/2001,ISO,NC,ASO,EN,Federal Contract Tower,0,4,16,10,30,0,0,52,11,63,0,4,68,21,93,26,48,74,167
08/07/2001,ISO,NC,ASO,EN,Federal Contract Tower,0,6,14,14,34,0,0,39,12,51,0,6,53,26,85,16,24,40,125
08/08/2001,ISO,NC,ASO,EN,Federal Contract Tower,0,6,16,12,34,0,0,48,2,50,0,6,64,14,84,24,2,26,110
08/09/2001,ISO,NC,ASO,EN,Federal Contract Tower,0,6,13,20,39,0,0,25,20,45,0,6,38,40,84,32,55,87,171
08/10/2001,ISO,NC,ASO,EN,Federal Contract Tower,2,6,9,8,25,0,0,19,7,26,2,6,28,15,51,32,18,50,101
08/11/2001,ISO,NC,ASO,EN,Federal Contract Tower,0,2,8,0,10,0,0,16,0,16,0,2,24,0,26,20,0,20,46
08/12/2001,ISO,NC,ASO,EN,Federal Contract Tower,2,0,5,0,7,0,0,2,0,2,2,0,7,0,9,0,0,0,9
08/13/2001,ISO,NC,ASO,EN,Federal Contract Tower,0,4,15,2,21,0,0,16,2,18,0,4,31,4,39,12,0,12,51
08/14/2001,ISO,NC,ASO,EN,Federal Contract Tower,0,5,23,6,34,0,1,17,6,24,0,6,40,12,58,4,0,4,62
08/15/2001,ISO,NC,ASO,EN,Federal Contract Tower,3,6,20,13,42,2,0,41,13,56,5,6,61,26,98,16,14,30,128
08/16/2001,ISO,NC,ASO,EN,Federal Contract Tower,5,5,13,5,28,0,1,34,3,38,5,6,47,8,66,20,6,26,92
08/17/2001,ISO,NC,ASO,EN,Federal Contract Tower,0,6,8,5,19,0,0,34,4,38,0,6,42,9,57,36,8,44,101
08/18/2001,ISO,NC,ASO,EN,Federal Contract Tower,0,2,7,0,9,0,0,2,0,2,0,2,9,0,11,0,0,0,11
08/19/2001,ISO,NC,ASO,EN,Federal Contract Tower,0,0,9,0,9,0,0,7,0,7,0,0,16,0,16,2,0,2,18
08/20/2001,ISO,NC,ASO,EN,Federal Contract Tower,0,3,19,1,23,0,1,22,3,26,0,4,41,4,49,0,0,0,49
08/21/2001,ISO,NC,ASO,EN,Federal Contract Tower,0,5,14,8,27,0,1,66,7,74,0,6,80,15,101,54,22,76,177
08/22/2001,ISO,NC,ASO,EN,Federal Contract Tower,0,3,16,11,30,0,1,67,14,82,0,4,83,25,112,38,6,44,156
08/23/2001,ISO,NC,ASO,EN,Federal Contract Tower,0,4,14,3,21,0,2,61,3,66,0,6,75,6,87,16,0,16,103
08/24/2001,ISO,NC,ASO,EN,Federal Contract Tower,0,6,24,3,33,0,0,43,3,46,0,6,67,6,79,16,0,16,95
08/25/2001,ISO,NC,ASO,EN,Federal Contract Tower,0,2,11,1,14,0,0,18,1,19,0,2,29,2,33,4,0,4,37
08/26/2001,ISO,NC,ASO,EN,Federal Contract Tower,0,0,10,2,12,0,0,39,0,39,0,0,49,2,51,0,0,0,51
08/27/2001,ISO,NC,ASO,EN,Federal Contract Tower,0,3,13,10,26,0,1,31,7,39,0,4,44,17,65,36,16,52,117
08/28/2001,ISO,NC,ASO,EN,Federal Contract Tower,0,6,12,10,28,0,0,16,10,26,0,6,28,20,54,4,2,6,60
08/29/2001,ISO,NC,ASO,EN,Federal Contract Tower,0,6,23,10,39,0,0,28,13,41,0,6,51,23,80,26,18,44,124
08/30/2001,ISO,NC,ASO,EN,Federal Contract Tower,0,6,28,14,48,0,0,28,13,41,0,6,56,27,89,52,24,76,165
08/31/2001,ISO,NC,ASO,EN,Federal Contract Tower,0,6,17,3,26,0,0,34,3,37,0,6,51,6,63,40,0,40,103
09/01/2001,ISO,NC,ASO,EN,Federal Contract Tower,1,2,5,1,9,1,0,7,1,9,2,2,12,2,18,0,0,0,18
09/02/2001,ISO,NC,ASO,EN,Federal Contract Tower,0,2,1,0,3,0,0,16,0,16,0,2,17,0,19,0,0,0,19
09/03/2001,ISO,NC,ASO,EN,Federal Contract Tower,0,0,9,2,11,0,0,39,2,41,0,0,48,4,52,16,18,34,86
09/04/2001,ISO,NC,ASO,EN,Federal Contract Tower,0,4,14,2,20,0,0,38,2,40,0,4,52,4,60,12,6,18,78
09/05/2001,ISO,NC,ASO,EN,Federal Contract Tower,0,4,25,7,36,0,0,36,11,47,0,4,61,18,83,32,24,56,139
09/06/2001,ISO,NC,ASO,EN,Federal Contract Tower,0,6,15,5,26,0,0,58,9,67,0,6,73,14,93,10,0,10,103
09/07/2001,ISO,NC,ASO,EN,Federal Contract Tower,2,6,17,9,34,0,0,44,17,61,2,6,61,26,95,20,0,20,115
09/08/2001,ISO,NC,ASO,EN,Federal Contract Tower,0,2,4,0,6,0,0,65,0,65,0,2,69,0,71,26,0,26,97
09/09/2001,ISO,NC,ASO,EN,Federal Contract Tower,2,0,6,1,9,0,0,7,0,7,2,0,13,1,16,2,0,2,18
09/10/2001,ISO,NC,ASO,EN,Federal Contract Tower,0,2,21,7,30,0,0,73,3,76,0,2,94,10,106,32,8,40,146
09/11/2001,ISO,NC,ASO,EN,Federal Contract Tower,0,2,5,0,7,0,0,6,0,6,0,2,11,0,13,12,0,12,25
09/12/2001,ISO,NC,ASO,EN,Federal Contract Tower,0,0,0,0,0,0,0,4,0,4,0,0,4,0,4,0,0,0,4
09/13/2001,ISO,NC,ASO,EN,Federal Contract Tower,0,2,0,0,2,0,0,3,2,5,0,2,3,2,7,0,0,0,7
09/14/2001,ISO,NC,ASO,EN,Federal Contract Tower,0,16,1,8,25,0,0,5,8,13,0,16,6,16,38,0,18,18,56
09/15/2001,ISO,NC,ASO,EN,Federal Contract Tower,0,2,1,0,3,0,0,2,0,2,0,2,3,0,5,0,0,0,5
09/16/2001,ISO,NC,ASO,EN,Federal Contract Tower,0,0,10,5,15,0,0,4,9,13,0,0,14,14,28,0,0,0,28
09/17/2001,ISO,NC,ASO,EN,Federal Contract Tower,0,4,22,8,34,0,1,4,5,10,0,5,26,13,44,0,0,0,44
09/18/2001,ISO,NC,ASO,EN,Federal Contract Tower,0,8,21,13,42,0,3,10,11,24,0,11,31,24,66,0,0,0,66
09/19/2001,ISO,NC,ASO,EN,Federal Contract Tower,0,6,32,5,43,0,0,15,5,20,0,6,47,10,63,0,18,18,81
09/20/2001,ISO,NC,ASO,EN,Federal Contract Tower,0,6,20,9,35,0,0,7,1,8,0,6,27,10,43,0,44,44,87
09/21/2001,ISO,NC,ASO,EN,Federal Contract Tower,2,8,15,0,25,0,0,8,0,8,2,8,23,0,33,0,0,0,33
09/22/2001,ISO,NC,ASO,EN,Federal Contract Tower,2,2,9,9,22,0,0,15,9,24,2,2,24,18,46,0,0,0,46
09/23/2001,ISO,NC,ASO,EN,Federal Contract Tower,0,0,20,0,20,0,0,16,0,16,0,0,36,0,36,0,0,0,36
09/24/2001,ISO,NC,ASO,EN,Federal Contract Tower,0,4,20,7,31,0,0,5,7,12,0,4,25,14,43,0,8,8,51
09/25/2001,ISO,NC,ASO,EN,Federal Contract Tower,0,6,25,10,41,0,0,44,12,56,0,6,69,22,97,14,14,28,125
09/26/2001,ISO,NC,ASO,EN,Federal Contract Tower,0,7,26,14,47,0,0,62,12,74,0,7,88,26,121,12,32,44,165
09/27/2001,ISO,NC,ASO,EN,Federal Contract Tower,0,7,32,8,47,0,0,69,8,77,0,7,101,16,124,52,42,94,218
09/28/2001,ISO,NC,ASO,EN,Federal Contract Tower,0,6,21,4,31,0,1,49,2,52,0,7,70,6,83,16,18,34,117
09/29/2001,ISO,NC,ASO,EN,Federal Contract Tower,0,3,8,0,11,0,0,45,1,46,0,3,53,1,57,0,0,0,57
09/30/2001,ISO,NC,ASO,EN,Federal Contract Tower,0,2,10,0,12,0,0,24,0,24,0,2,34,0,36,0,0,0,36
10/01/2001,ISO,NC,ASO,EN,Federal Contract Tower,0,3,19,8,30,0,1,46,5,52,0,4,65,13,82,12,10,22,104
10/02/2001,ISO,NC,ASO,EN,Federal Contract Tower,0,4,14,9,27,0,2,39,6,47,0,6,53,15,74,34,8,42,116
10/03/2001,ISO,NC,ASO,EN,Federal Contract Tower,0,6,20,7,33,0,0,45,5,50,0,6,65,12,83,14,0,14,97
10/04/2001,ISO,NC,ASO,EN,Federal Contract Tower,0,7,23,5,35,0,1,48,5,54,0,8,71,10,89,50,12,62,151
10/05/2001,ISO,NC,ASO,EN,Federal Contract Tower,2,6,22,8,38,0,0,57,6,63,2,6,79,14,101,86,0,86,187
10/06/2001,ISO,NC,ASO,EN,Federal Contract Tower,0,2,5,0,7,0,0,6,0,6,0,2,11,0,13,0,0,0,13
10/07/2001,ISO,NC,ASO,EN,Federal Contract Tower,2,0,21,0,23,0,0,26,0,26,2,0,47,0,49,0,0,0,49
10/08/2001,ISO,NC,ASO,EN,Federal Contract Tower,0,2,9,2,13,0,0,29,0,29,0,2,38,2,42,10,12,22,64
10/09/2001,ISO,NC,ASO,EN,Federal Contract Tower,0,6,22,3,31,0,0,65,5,70,0,6,87,8,101,6,0,6,107
10/10/2001,ISO,NC,ASO,EN,Federal Contract Tower,0,5,24,8,37,0,1,53,4,58,0,6,77,12,95,34,12,46,141
10/11/2001,ISO,NC,ASO,EN,Federal Contract Tower,0,6,31,5,42,0,0,27,0,27,0,6,58,5,69,20,8,28,97
10/12/2001,ISO,NC,ASO,EN,Federal Contract Tower,0,5,20,5,30,0,1,42,3,46,0,6,62,8,76,30,0,30,106
10/13/2001,ISO,NC,ASO,EN,Federal Contract Tower,0,2,18,0,20,0,0,43,0,43,0,2,61,0,63,30,0,30,93
10/14/2001,ISO,NC,ASO,EN,Federal Contract Tower,0,0,6,0,6,0,0,13,0,13,0,0,19,0,19,0,0,0,19
10/15/2001,ISO,NC,ASO,EN,Federal Contract Tower,0,6,16,13,35,0,0,30,11,41,0,6,46,24,76,0,6,6,82
10/16/2001,ISO,NC,ASO,EN,Federal Contract Tower,0,5,17,8,30,0,3,28,6,37,0,8,45,14,67,28,10,38,105
10/17/2001,ISO,NC,ASO,EN,Federal Contract Tower,0,5,19,19,43,0,1,40,13,54,0,6,59,32,97,54,78,132,229
10/18/2001,ISO,NC,ASO,EN,Federal Contract Tower,2,5,12,7,26,0,1,43,15,59,2,6,55,22,85,16,16,32,117
10/19/2001,ISO,NC,ASO,EN,Federal Contract Tower,0,4,16,8,28,0,0,43,6,49,0,4,59,14,77,14,36,50,127
10/20/2001,ISO,NC,ASO,EN,Federal Contract Tower,4,2,8,0,14,0,0,62,2,64,4,2,70,2,78,30,0,30,108
10/21/2001,ISO,NC,ASO,EN,Federal Contract Tower,2,0,10,0,12,0,0,32,0,32,2,0,42,0,44,12,0,12,56
10/22/2001,ISO,NC,ASO,EN,Federal Contract Tower,0,3,21,4,28,0,1,58,4,63,0,4,79,8,91,24,0,24,115
10/23/2001,ISO,NC,ASO,EN,Federal Contract Tower,0,5,28,4,37,0,1,47,6,54,0,6,75,10,91,76,0,76,167
10/24/2001,ISO,NC,ASO,EN,Federal Contract Tower,0,5,24,3,32,0,1,55,3,59,0,6,79,6,91,26,14,40,131
10/25/2001,ISO,NC,ASO,EN,Federal Contract Tower,0,5,30,0,35,0,1,35,0,36,0,6,65,0,71,2,0,2,73
10/26/2001,ISO,NC,ASO,EN,Federal Contract Tower,0,5,16,4,25,0,1,60,4,65,0,6,76,8,90,22,6,28,118
10/27/2001,ISO,NC,ASO,EN,Federal Contract Tower,0,2,6,2,10,0,0,40,2,42,0,2,46,4,52,22,0,22,74
10/28/2001,ISO,NC,ASO,EN,Federal Contract Tower,0,0,13,0,13,0,0,29,0,29,0,0,42,0,42,0,0,0,42
10/29/2001,ISO,NC,ASO,EN,Federal Contract Tower,0,4,17,5,26,0,0,50,13,63,0,4,67,18,89,32,0,32,121
10/30/2001,ISO,NC,ASO,EN,Federal Contract Tower,0,6,11,5,22,0,0,65,9,74,0,6,76,14,96,61,0,61,157
10/31/2001,ISO,NC,ASO,EN,Federal Contract Tower,0,5,33,6,44,0,1,57,8,66,0,6,90,14,110,40,0,40,150
11/01/2001,ISO,NC,ASO,EN,Federal Contract Tower,0,4,28,0,32,0,0,53,4,57,0,4,81,4,89,82,0,82,171
11/02/2001,ISO,NC,ASO,EN,Federal Contract Tower,2,6,24,0,32,0,0,57,0,57,2,6,81,0,89,10,0,10,99
11/03/2001,ISO,NC,ASO,EN,Federal Contract Tower,0,2,12,0,14,0,0,39,4,43,0,2,51,4,57,58,0,58,115
11/04/2001,ISO,NC,ASO,EN,Federal Contract Tower,2,0,24,5,31,0,0,31,5,36,2,0,55,10,67,0,10,10,77
11/05/2001,ISO,NC,ASO,EN,Federal Contract Tower,0,6,9,9,24,0,0,43,17,60,0,6,52,26,84,18,0,18,102
11/06/2001,ISO,NC,ASO,EN,Federal Contract Tower,0,6,15,3,24,0,0,69,3,72,0,6,84,6,96,18,0,18,114
11/07/2001,ISO,NC,ASO,EN,Federal Contract Tower,0,6,21,7,34,0,0,68,11,79,0,6,89,18,113,76,14,90,203
11/08/2001,ISO,NC,ASO,EN,Federal Contract Tower,1,7,26,4,38,0,1,93,16,110,1,8,119,20,148,36,0,36,184
11/09/2001,ISO,NC,ASO,EN,Federal Contract Tower,0,5,12,2,19,0,1,55,2,58,0,6,67,4,77,22,0,22,99
11/10/2001,ISO,NC,ASO,EN,Federal Contract Tower,0,2,6,0,8,0,0,42,0,42,0,2,48,0,50,14,0,14,64
11/11/2001,ISO,NC,ASO,EN,Federal Contract Tower,0,1,12,0,13,0,0,53,4,57,0,1,65,4,70,8,10,18,88
11/12/2001,ISO,NC,ASO,EN,Federal Contract Tower,0,2,7,0,9,0,0,28,0,28,0,2,35,0,37,34,0,34,71
11/13/2001,ISO,NC,ASO,EN,Federal Contract Tower,0,5,31,6,42,0,1,80,0,81,0,6,111,6,123,32,12,44,167
11/14/2001,ISO,NC,ASO,EN,Federal Contract Tower,0,5,17,0,22,0,1,46,0,47,0,6,63,0,69,34,0,34,103
11/15/2001,ISO,NC,ASO,EN,Federal Contract Tower,2,5,20,3,30,0,1,48,4,53,2,6,68,7,83,16,18,34,117
11/16/2001,ISO,NC,ASO,EN,Federal Contract Tower,0,5,14,4,23,0,1,45,4,50,0,6,59,8,73,56,20,76,149
11/17/2001,ISO,NC,ASO,EN,Federal Contract Tower,4,2,16,0,22,0,0,56,0,56,4,2,72,0,78,48,0,48,126
11/18/2001,ISO,NC,ASO,EN,Federal Contract Tower,0,2,15,0,17,0,0,23,0,23,0,2,38,0,40,14,0,14,54
11/19/2001,ISO,NC,ASO,EN,Federal Contract Tower,0,3,18,12,33,0,0,53,18,71,0,3,71,30,104,32,24,56,160
11/20/2001,ISO,NC,ASO,EN,Federal Contract Tower,0,9,7,5,21,0,0,33,5,38,0,9,40,10,59,8,2,10,69
11/21/2001,ISO,NC,ASO,EN,Federal Contract Tower,0,5,24,1,30,0,1,55,1,57,0,6,79,2,87,10,0,10,97
11/22/2001,ISO,NC,ASO,EN,Federal Contract Tower,0,2,3,0,5,0,0,21,0,21,0,2,24,0,26,48,0,48,74
11/23/2001,ISO,NC,ASO,EN,Federal Contract Tower,0,5,9,0,14,0,1,31,0,32,0,6,40,0,46,52,0,52,98
11/24/2001,ISO,NC,ASO,EN,Federal Contract Tower,0,2,11,6,19,0,0,7,6,13,0,2,18,12,32,0,0,0,32
11/25/2001,ISO,NC,ASO,EN,Federal Contract Tower,0,0,5,2,7,0,0,14,2,16,0,0,19,4,23,2,8,10,33
11/26/2001,ISO,NC,ASO,EN,Federal Contract Tower,0,3,24,4,31,0,1,16,4,21,0,4,40,8,52,36,0,36,88
11/27/2001,ISO,NC,ASO,EN,Federal Contract Tower,0,3,24,0,27,0,1,22,0,23,0,4,46,0,50,28,0,28,78
11/28/2001,ISO,NC,ASO,EN,Federal Contract Tower,0,5,22,1,28,0,1,44,3,48,0,6,66,4,76,10,0,10,86
11/29/2001,ISO,NC,ASO,EN,Federal Contract Tower,0,3,11,7,21,0,1,21,8,30,0,4,32,15,51,4,0,4,55
11/30/2001,ISO,NC,ASO,EN,Federal Contract Tower,0,5,21,7,33,0,1,17,9,27,0,6,38,16,60,16,0,16,76
12/01/2001,ISO,NC,ASO,EN,Federal Contract Tower,0,1,14,1,16,0,1,33,3,37,0,2,47,4,53,14,0,14,67
12/02/2001,ISO,NC,ASO,EN,Federal Contract Tower,0,0,3,0,3,0,0,22,0,22,0,0,25,0,25,10,0,10,35
12/03/2001,ISO,NC,ASO,EN,Federal Contract Tower,0,3,17,11,31,0,1,25,11,37,0,4,42,22,68,12,38,50,118
12/04/2001,ISO,NC,ASO,EN,Federal Contract Tower,0,3,19,8,30,0,3,56,10,69,0,6,75,18,99,46,16,62,161
12/05/2001,ISO,NC,ASO,EN,Federal Contract Tower,0,5,17,7,29,0,3,36,11,50,0,8,53,18,79,10,32,42,121
12/06/2001,ISO,NC,ASO,EN,Federal Contract Tower,0,5,12,0,17,0,1,63,0,64,0,6,75,0,81,14,0,14,95
12/07/2001,ISO,NC,ASO,EN,Federal Contract Tower,0,7,23,9,39,0,1,36,7,44,0,8,59,16,83,12,12,24,107
12/08/2001,ISO,NC,ASO,EN,Federal Contract Tower,1,2,3,0,6,1,0,17,0,18,2,2,20,0,24,16,0,16,40
12/09/2001,ISO,NC,ASO,EN,Federal Contract Tower,0,4,12,0,16,0,0,13,0,13,0,4,25,0,29,0,0,0,29
12/10/2001,ISO,NC,ASO,EN,Federal Contract Tower,0,3,16,5,24,0,1,17,3,21,0,4,33,8,45,6,22,28,73
12/11/2001,ISO,NC,ASO,EN,Federal Contract Tower,0,10,9,6,25,0,0,0,6,6,0,10,9,12,31,0,0,0,31
12/12/2001,ISO,NC,ASO,EN,Federal Contract Tower,0,5,16,8,29,0,0,0,4,4,0,5,16,12,33,0,0,0,33
12/13/2001,ISO,NC,ASO,EN,Federal Contract Tower,0,4,16,1,21,0,0,2,1,3,0,4,18,2,24,0,0,0,24
12/14/2001,ISO,NC,ASO,EN,Federal Contract Tower,0,4,14,0,18,0,5,16,0,21,0,9,30,0,39,12,0,12,51
12/15/2001,ISO,NC,ASO,EN,Federal Contract Tower,0,2,8,1,11,0,0,32,5,37,0,2,40,6,48,8,4,12,60
12/16/2001,ISO,NC,ASO,EN,Federal Contract Tower,0,0,6,0,6,0,0,24,0,24,0,0,30,0,30,24,0,24,54
12/17/2001,ISO,NC,ASO,EN,Federal Contract Tower,0,5,23,4,32,0,0,26,6,32,0,5,49,10,64,2,12,14,78
12/18/2001,ISO,NC,ASO,EN,Federal Contract Tower,0,4,15,3,22,0,2,15,5,22,0,6,30,8,44,2,14,16,60
12/19/2001,ISO,NC,ASO,EN,Federal Contract Tower,0,5,12,2,19,0,1,54,2,57,0,6,66,4,76,10,0,10,86
12/20/2001,ISO,NC,ASO,EN,Federal Contract Tower,0,6,6,0,12,0,2,33,0,35,0,8,39,0,47,0,0,0,47
12/21/2001,ISO,NC,ASO,EN,Federal Contract Tower,0,6,6,0,12,0,0,35,0,35,0,6,41,0,47,8,0,8,55
12/22/2001,ISO,NC,ASO,EN,Federal Contract Tower,0,2,16,0,18,0,0,27,0,27,0,2,43,0,45,12,0,12,57
12/23/2001,ISO,NC,ASO,EN,Federal Contract Tower,0,0,5,0,5,0,0,16,0,16,0,0,21,0,21,0,0,0,21
12/24/2001,ISO,NC,ASO,EN,Federal Contract Tower,0,1,11,0,12,0,1,23,0,24,0,2,34,0,36,0,0,0,36
12/25/2001,ISO,NC,ASO,EN,Federal Contract Tower,0,0,1,0,1,0,0,6,0,6,0,0,7,0,7,0,0,0,7
12/26/2001,ISO,NC,ASO,EN,Federal Contract Tower,0,4,18,5,27,0,1,38,7,46,0,5,56,12,73,2,4,6,79
12/27/2001,ISO,NC,ASO,EN,Federal Contract Tower,0,6,12,2,20,0,4,15,0,19,0,10,27,2,39,8,0,8,47
12/28/2001,ISO,NC,ASO,EN,Federal Contract Tower,0,5,18,0,23,0,1,17,0,18,0,6,35,0,41,0,0,0,41
12/29/2001,ISO,NC,ASO,EN,Federal Contract Tower,1,2,8,0,11,1,0,35,0,36,2,2,43,0,47,2,0,2,49
12/30/2001,ISO,NC,ASO,EN,Federal Contract Tower,2,0,6,2,10,0,0,54,0,54,2,0,60,2,64,6,0,6,70
12/31/2001,ISO,NC,ASO,EN,Federal Contract Tower,0,3,3,0,6,0,0,32,0,32,0,3,35,0,38,64,0,64,102
01/01/2002,ISO,NC,ASO,EN,Federal Contract Tower,0,2,1,0,3,0,0,17,0,17,0,2,18,0,20,6,0,6,26
01/02/2002,ISO,NC,ASO,EN,Federal Contract Tower,0,4,10,5,19,0,1,17,4,22,0,5,27,9,41,22,18,40,81
01/03/2002,ISO,NC,ASO,EN,Federal Contract Tower,0,3,8,0,11,0,0,0,0,0,0,3,8,0,11,0,0,0,11
01/04/2002,ISO,NC,ASO,EN,Federal Contract Tower,0,5,14,1,20,0,0,33,1,34,0,5,47,2,54,0,0,0,54
01/05/2002,ISO,NC,ASO,EN,Federal Contract Tower,0,2,15,0,17,0,2,36,0,38,0,4,51,0,55,38,0,38,93
01/06/2002,ISO,NC,ASO,EN,Federal Contract Tower,0,2,2,0,4,0,0,5,2,7,0,2,7,2,11,0,0,0,11
01/07/2002,ISO,NC,ASO,EN,Federal Contract Tower,0,4,14,7,25,0,1,18,7,26,0,5,32,14,51,4,6,10,61
01/08/2002,ISO,NC,ASO,EN,Federal Contract Tower,0,5,23,4,32,0,0,25,3,28,0,5,48,7,60,16,22,38,98
01/09/2002,ISO,NC,ASO,EN,Federal Contract Tower,0,5,14,2,21,0,1,40,4,45,0,6,54,6,66,10,0,10,76
01/10/2002,ISO,NC,ASO,EN,Federal Contract Tower,0,5,16,6,27,0,1,53,5,59,0,6,69,11,86,24,0,24,110
01/11/2002,ISO,NC,ASO,EN,Federal Contract Tower,0,5,7,2,14,0,1,21,2,24,0,6,28,4,38,8,0,8,46
01/12/2002,ISO,NC,ASO,EN,Federal Contract Tower,2,2,15,0,19,0,0,49,0,49,2,2,64,0,68,22,0,22,90
01/13/2002,ISO,NC,ASO,EN,Federal Contract Tower,0,2,8,0,10,0,0,18,0,18,0,2,26,0,28,12,0,12,40
01/14/2002,ISO,NC,ASO,EN,Federal Contract Tower,0,3,22,11,36,0,1,27,8,36,0,4,49,19,72,26,60,86,158
01/15/2002,ISO,NC,ASO,EN,Federal Contract Tower,0,5,16,12,33,0,1,27,15,43,0,6,43,27,76,50,29,79,155
01/16/2002,ISO,NC,ASO,EN,Federal Contract Tower,0,5,15,1,21,0,1,39,5,45,0,6,54,6,66,16,0,16,82
01/17/2002,ISO,NC,ASO,EN,Federal Contract Tower,0,5,19,2,26,0,1,34,5,40,0,6,53,7,66,28,0,28,94
01/18/2002,ISO,NC,ASO,EN,Federal Contract Tower,0,3,5,0,8,0,0,0,0,0,0,3,5,0,8,4,0,4,12
01/19/2002,ISO,NC,ASO,EN,Federal Contract Tower,0,3,1,0,4,2,3,39,2,46,2,6,40,2,50,20,0,20,70
01/20/2002,ISO,NC,ASO,EN,Federal Contract Tower,0,0,11,4,15,0,0,24,4,28,0,0,35,8,43,20,0,20,63
01/21/2002,ISO,NC,ASO,EN,Federal Contract Tower,0,2,13,2,17,0,0,1,2,3,0,2,14,4,20,0,0,0,20
01/22/2002,ISO,NC,ASO,EN,Federal Contract Tower,0,4,17,1,22,0,0,59,3,62,0,4,76,4,84,50,8,58,142
01/23/2002,ISO,NC,ASO,EN,Federal Contract Tower,0,6,18,0,24,0,0,8,0,8,0,6,26,0,32,0,0,0,32
01/24/2002,ISO,NC,ASO,EN,Federal Contract Tower,0,7,14,8,29,0,0,7,14,21,0,7,21,22,50,2,0,2,52
01/25/2002,ISO,NC,ASO,EN,Federal Contract Tower,0,6,21,4,31,0,0,31,4,35,0,6,52,8,66,28,8,36,102
01/26/2002,ISO,NC,ASO,EN,Federal Contract Tower,0,2,4,2,8,0,0,54,0,54,0,2,58,2,62,38,0,38,100
01/27/2002,ISO,NC,ASO,EN,Federal Contract Tower,0,0,13,0,13,0,0,50,0,50,0,0,63,0,63,16,0,16,79
01/28/2002,ISO,NC,ASO,EN,Federal Contract Tower,0,3,15,3,21,0,1,38,5,44,0,4,53,8,65,30,0,30,95
01/29/2002,ISO,NC,ASO,EN,Federal Contract Tower,0,6,23,6,35,0,0,58,8,66,0,6,81,14,101,46,4,50,151
01/30/2002,ISO,NC,ASO,EN,Federal Contract Tower,0,7,15,4,26,0,0,66,2,68,0,7,81,6,94,32,0,32,126
01/31/2002,ISO,NC,ASO,EN,Federal Contract Tower,0,15,9,5,29,0,5,29,6,40,0,20,38,11,69,30,0,30,99
02/01/2002,ISO,NC,ASO,EN,Federal Contract Tower,2,5,10,5,22,0,2,27,5,34,2,7,37,10,56,2,0,2,58
02/02/2002,ISO,NC,ASO,EN,Federal Contract Tower,0,2,20,3,25,0,0,48,4,52,0,2,68,7,77,20,0,20,97
02/03/2002,ISO,NC,ASO,EN,Federal Contract Tower,2,0,17,0,19,0,0,26,2,28,2,0,43,2,47,0,0,0,47
02/04/2002,ISO,NC,ASO,EN,Federal Contract Tower,0,4,9,2,15,0,1,10,6,17,0,5,19,8,32,0,0,0,32
02/05/2002,ISO,NC,ASO,EN,Federal Contract Tower,0,5,13,7,25,0,1,38,13,52,0,6,51,20,77,2,12,14,91
02/06/2002,ISO,NC,ASO,EN,Federal Contract Tower,0,6,8,7,21,0,0,23,6,29,0,6,31,13,50,6,32,38,88
02/07/2002,ISO,NC,ASO,EN,Federal Contract Tower,0,6,15,0,21,0,0,9,0,9,0,6,24,0,30,0,0,0,30
02/08/2002,ISO,NC,ASO,EN,Federal Contract Tower,0,5,18,3,26,0,3,82,7,92,0,8,100,10,118,42,0,42,160
02/09/2002,ISO,NC,ASO,EN,Federal Contract Tower,2,2,4,0,8,0,0,37,2,39,2,2,41,2,47,4,0,4,51
02/10/2002,ISO,NC,ASO,EN,Federal Contract Tower,0,2,6,0,8,0,0,7,0,7,0,2,13,0,15,2,0,2,17
02/11/2002,ISO,NC,ASO,EN,Federal Contract Tower,0,2,11,2,15,0,2,22,2,26,0,4,33,4,41,2,0,2,43
02/12/2002,ISO,NC,ASO,EN,Federal Contract Tower,0,8,18,11,37,0,0,65,29,94,0,8,83,40,131,6,30,36,167
02/13/2002,ISO,NC,ASO,EN,Federal Contract Tower,0,7,11,14,32,0,0,60,24,84,0,7,71,38,116,40,6,46,162
02/14/2002,ISO,NC,ASO,EN,Federal Contract Tower,2,5,23,7,37,0,1,58,17,76,2,6,81,24,113,36,0,36,149
02/15/2002,ISO,NC,ASO,EN,Federal Contract Tower,0,6,18,5,29,0,0,52,7,59,0,6,70,12,88,14,14,28,116
02/16/2002,ISO,NC,ASO,EN,Federal Contract Tower,2,2,19,0,23,0,0,46,0,46,2,2,65,0,69,34,0,34,103
02/17/2002,ISO,NC,ASO,EN,Federal Contract Tower,0,0,12,2,14,0,0,12,2,14,0,0,24,4,28,0,0,0,28
02/18/2002,ISO,NC,ASO,EN,Federal Contract Tower,0,2,12,0,14,0,0,51,0,51,0,2,63,0,65,24,0,24,89
02/19/2002,ISO,NC,ASO,EN,Federal Contract Tower,0,5,7,9,21,0,1,47,7,55,0,6,54,16,76,44,10,54,130
02/20/2002,ISO,NC,ASO,EN,Federal Contract Tower,0,9,11,10,30,0,1,37,20,58,0,10,48,30,88,0,8,8,96
02/21/2002,ISO,NC,ASO,EN,Federal Contract Tower,0,10,16,5,31,0,3,30,7,40,0,13,46,12,71,18,6,24,95
02/22/2002,ISO,NC,ASO,EN,Federal Contract Tower,0,7,22,4,33,0,0,50,6,56,0,7,72,10,89,20,0,20,109
02/23/2002,ISO,NC,ASO,EN,Federal Contract Tower,0,2,14,3,19,0,0,30,1,31,0,2,44,4,50,26,4,30,80
02/24/2002,ISO,NC,ASO,EN,Federal Contract Tower,0,0,11,0,11,0,0,29,0,29,0,0,40,0,40,18,0,18,58
02/25/2002,ISO,NC,ASO,EN,Federal Contract Tower,0,3,10,11,24,0,1,51,15,67,0,4,61,26,91,42,28,70,161
02/26/2002,ISO,NC,ASO,EN,Federal Contract Tower,0,10,14,3,27,0,4,52,3,59,0,14,66,6,86,10,8,18,104
02/27/2002,ISO,NC,ASO,EN,Federal Contract Tower,0,5,9,8,22,0,1,33,8,42,0,6,42,16,64,0,10,10,74
02/28/2002,ISO,NC,ASO,EN,Federal Contract Tower,0,6,18,10,34,0,1,54,10,65,0,7,72,20,99,30,6,36,135
03/01/2002,ISO,NC,ASO,EN,Federal Contract Tower,1,6,8,4,19,1,0,60,6,67,2,6,68,10,86,40,6,46,132
03/02/2002,ISO,NC,ASO,EN,Federal Contract Tower,2,2,10,0,14,0,0,4,2,6,2,2,14,2,20,0,0,0,20
03/03/2002,ISO,NC,ASO,EN,Federal Contract Tower,2,2,13,2,19,0,0,5,0,5,2,2,18,2,24,0,0,0,24
03/04/2002,ISO,NC,ASO,EN,Federal Contract Tower,0,4,10,0,14,0,0,28,0,28,0,4,38,0,42,18,0,18,60
03/05/2002,ISO,NC,ASO,EN,Federal Contract Tower,0,6,13,9,28,0,0,42,9,51,0,6,55,18,79,40,14,54,133
03/06/2002,ISO,NC,ASO,EN,Federal Contract Tower,0,6,28,3,37,0,0,49,2,51,0,6,77,5,88,10,0,10,98
03/07/2002,ISO,NC,ASO,EN,Federal Contract Tower,0,6,18,0,24,0,0,90,0,90,0,6,108,0,114,102,0,102,216
03/08/2002,ISO,NC,ASO,EN,Federal Contract Tower,1,4,19,2,26,0,0,52,2,54,1,4,71,4,80,20,8,28,108
03/09/2002,ISO,NC,ASO,EN,Federal Contract Tower,0,2,10,0,12,0,0,26,0,26,0,2,36,0,38,32,0,32,70
03/10/2002,ISO,NC,ASO,EN,Federal Contract Tower,0,0,14,2,16,0,0,43,2,45,0,0,57,4,61,0,0,0,61
03/11/2002,ISO,NC,ASO,EN,Federal Contract Tower,2,4,18,4,28,0,0,31,6,37,2,4,49,10,65,38,0,38,103
03/12/2002,ISO,NC,ASO,EN,Federal Contract Tower,0,6,15,5,26,0,0,14,11,25,0,6,29,16,51,32,16,48,99
03/13/2002,ISO,NC,ASO,EN,Federal Contract Tower,0,6,26,6,38,0,0,1,8,9,0,6,27,14,47,0,0,0,47
03/14/2002,ISO,NC,ASO,EN,Federal Contract Tower,0,7,21,8,36,0,1,44,12,57,0,8,65,20,93,16,0,16,109
03/15/2002,ISO,NC,ASO,EN,Federal Contract Tower,4,4,11,4,23,0,0,43,4,47,4,4,54,8,70,2,8,10,80
03/16/2002,ISO,NC,ASO,EN,Federal Contract Tower,4,2,19,0,25,0,0,31,0,31,4,2,50,0,56,0,0,0,56
03/17/2002,ISO,NC,ASO,EN,Federal Contract Tower,2,0,13,0,15,0,0,14,0,14,2,0,27,0,29,0,0,0,29
03/18/2002,ISO,NC,ASO,EN,Federal Contract Tower,0,4,15,5,24,0,0,16,7,23,0,4,31,12,47,46,0,46,93
03/19/2002,ISO,NC,ASO,EN,Federal Contract Tower,0,6,11,5,22,0,0,13,7,20,0,6,24,12,42,4,0,4,46
03/20/2002,ISO,NC,ASO,EN,Federal Contract Tower,0,6,19,13,38,0,0,17,17,34,0,6,36,30,72,0,4,4,76
03/21/2002,ISO,NC,ASO,EN,Federal Contract Tower,0,6,20,10,36,0,0,16,12,28,0,6,36,22,64,2,0,2,66
03/22/2002,ISO,NC,ASO,EN,Federal Contract Tower,0,6,16,2,24,0,0,29,2,31,0,6,45,4,55,0,0,0,55
03/23/2002,ISO,NC,ASO,EN,Federal Contract Tower,0,2,22,0,24,0,0,51,0,51,0,2,73,0,75,12,0,12,87
03/24/2002,ISO,NC,ASO,EN,Federal Contract Tower,0,0,12,0,12,0,0,46,0,46,0,0,58,0,58,0,0,0,58
03/25/2002,ISO,NC,ASO,EN,Federal Contract Tower,0,4,12,2,18,0,0,40,2,42,0,4,52,4,60,16,0,16,76
03/26/2002,ISO,NC,ASO,EN,Federal Contract Tower,0,8,14,1,23,0,0,18,1,19,0,8,32,2,42,0,0,0,42
03/27/2002,ISO,NC,ASO,EN,Federal Contract Tower,0,6,15,5,26,0,0,35,9,44,0,6,50,14,70,6,0,6,76
03/28/2002,ISO,NC,ASO,EN,Federal Contract Tower,0,6,27,21,54,0,0,75,18,93,0,6,102,39,147,20,40,60,207
03/29/2002,ISO,NC,ASO,EN,Federal Contract Tower,0,6,23,0,29,0,0,41,2,43,0,6,64,2,72,22,16,38,110
03/30/2002,ISO,NC,ASO,EN,Federal Contract Tower,0,5,12,0,17,0,0,9,2,11,0,5,21,2,28,0,0,0,28
03/31/2002,ISO,NC,ASO,EN,Federal Contract Tower,0,0,6,0,6,0,0,2,0,2,0,0,8,0,8,0,0,0,8
04/01/2002,ISO,NC,ASO,EN,Federal Contract Tower,0,4,20,12,36,0,0,43,9,52,0,4,63,21,88,10,12,22,110
04/02/2002,ISO,NC,ASO,EN,Federal Contract Tower,0,6,15,12,33,0,0,55,21,76,0,6,70,33,109,32,32,64,173
04/03/2002,ISO,NC,ASO,EN,Federal Contract Tower,0,6,17,2,25,0,0,18,2,20,0,6,35,4,45,16,0,16,61
04/04/2002,ISO,NC,ASO,EN,Federal Contract Tower,1,6,11,7,25,0,0,35,11,46,1,6,46,18,71,0,0,0,71
04/05/2002,ISO,NC,ASO,EN,Federal Contract Tower,0,6,26,14,46,0,0,91,8,99,0,6,117,22,145,32,58,90,235
04/06/2002,ISO,NC,ASO,EN,Federal Contract Tower,2,2,13,0,17,0,0,78,0,78,2,2,91,0,95,18,0,18,113
04/07/2002,ISO,NC,ASO,EN,Federal Contract Tower,0,2,23,0,25,0,0,36,1,37,0,2,59,1,62,0,0,0,62
04/08/2002,ISO,NC,ASO,EN,Federal Contract Tower,0,4,21,14,39,0,0,47,19,66,0,4,68,33,105,0,14,14,119
04/09/2002,ISO,NC,ASO,EN,Federal Contract Tower,0,6,19,10,35,0,0,51,8,59,0,6,70,18,94,0,14,14,108
04/10/2002,ISO,NC,ASO,EN,Federal Contract Tower,0,6,13,4,23,0,0,5,6,11,0,6,18,10,34,0,0,0,34
04/11/2002,ISO,NC,ASO,EN,Federal Contract Tower,0,6,24,4,34,0,0,38,6,44,0,6,62,10,78,14,0,14,92
04/12/2002,ISO,NC,ASO,EN,Federal Contract Tower,0,8,26,7,41,0,0,29,7,36,0,8,55,14,77,2,6,8,85
04/13/2002,ISO,NC,ASO,EN,Federal Contract Tower,0,2,17,0,19,0,0,32,2,34,0,2,49,2,53,2,0,2,55
04/14/2002,ISO,NC,ASO,EN,Federal Contract Tower,0,0,14,0,14,0,0,8,0,8,0,0,22,0,22,0,0,0,22
04/15/2002,ISO,NC,ASO,EN,Federal Contract Tower,0,4,19,5,28,0,0,39,3,42,0,4,58,8,70,14,6,20,90
04/16/2002,ISO,NC,ASO,EN,Federal Contract Tower,0,6,16,4,26,0,0,69,10,79,0,6,85,14,105,16,18,34,139
04/17/2002,ISO,NC,ASO,EN,Federal Contract Tower,0,6,14,5,25,0,0,38,4,42,0,6,52,9,67,10,4,14,81
04/18/2002,ISO,NC,ASO,EN,Federal Contract Tower,2,6,15,8,31,0,0,37,12,49,2,6,52,20,80,6,4,10,90
04/19/2002,ISO,NC,ASO,EN,Federal Contract Tower,0,7,16,8,31,0,3,51,8,62,0,10,67,16,93,16,0,16,109
04/20/2002,ISO,NC,ASO,EN,Federal Contract Tower,4,2,21,1,28,0,0,12,5,17,4,2,33,6,45,0,0,0,45
04/21/2002,ISO,NC,ASO,EN,Federal Contract Tower,0,1,14,0,15,0,0,26,0,26,0,1,40,0,41,14,0,14,55
04/22/2002,ISO,NC,ASO,EN,Federal Contract Tower,0,4,17,17,38,0,0,32,15,47,0,4,49,32,85,0,4,4,89
04/23/2002,ISO,NC,ASO,EN,Federal Contract Tower,0,8,18,3,29,0,0,71,3,74,0,8,89,6,103,34,0,34,137
04/24/2002,ISO,NC,ASO,EN,Federal Contract Tower,0,6,15,2,23,0,2,79,10,91,0,8,94,12,114,4,0,4,118
04/25/2002,ISO,NC,ASO,EN,Federal Contract Tower,0,6,21,6,33,0,0,15,8,23,0,6,36,14,56,0,2,2,58
04/26/2002,ISO,NC,ASO,EN,Federal Contract Tower,0,6,17,2,25,0,0,36,2,38,0,6,53,4,63,0,0,0,63
04/27/2002,ISO,NC,ASO,EN,Federal Contract Tower,0,4,15,2,21,0,1,17,2,20,0,5,32,4,41,6,0,6,47
04/28/2002,ISO,NC,ASO,EN,Federal Contract Tower,0,0,14,2,16,0,0,2,0,2,0,0,16,2,18,0,0,0,18
04/29/2002,ISO,NC,ASO,EN,Federal Contract Tower,0,4,11,5,20,0,0,47,5,52,0,4,58,10,72,0,0,0,72
04/30/2002,ISO,NC,ASO,EN,Federal Contract Tower,0,8,13,19,40,0,0,77,13,90,0,8,90,32,130,16,50,66,196
05/01/2002,ISO,NC,ASO,EN,Federal Contract Tower,0,6,6,18,30,0,2,8,12,22,0,8,14,30,52,4,30,34,86
05/02/2002,ISO,NC,ASO,EN,Federal Contract Tower,0,6,10,5,21,0,0,22,7,29,0,6,32,12,50,0,54,54,104
05/03/2002,ISO,NC,ASO,EN,Federal Contract Tower,2,5,21,7,35,0,0,36,6,42,2,5,57,13,77,4,0,4,81
05/04/2002,ISO,NC,ASO,EN,Federal Contract Tower,0,2,7,4,13,0,0,1,4,5,0,2,8,8,18,0,0,0,18
05/05/2002,ISO,NC,ASO,EN,Federal Contract Tower,2,0,24,0,26,0,0,17,0,17,2,0,41,0,43,12,0,12,55
05/06/2002,ISO,NC,ASO,EN,Federal Contract Tower,0,4,15,7,26,0,0,35,6,41,0,4,50,13,67,12,6,18,85
05/07/2002,ISO,NC,ASO,EN,Federal Contract Tower,0,6,15,15,36,0,0,20,15,35,0,6,35,30,71,8,6,14,85
05/08/2002,ISO,NC,ASO,EN,Federal Contract Tower,0,6,15,7,28,0,0,36,5,41,0,6,51,12,69,0,0,0,69
05/09/2002,ISO,NC,ASO,EN,Federal Contract Tower,0,6,15,16,37,0,0,31,22,53,0,6,46,38,90,10,32,42,132
05/10/2002,ISO,NC,ASO,EN,Federal Contract Tower,0,6,17,8,31,0,0,37,8,45,0,6,54,16,76,6,12,18,94
05/11/2002,ISO,NC,ASO,EN,Federal Contract Tower,0,2,10,2,14,0,0,22,2,24,0,2,32,4,38,20,0,20,58
05/12/2002,ISO,NC,ASO,EN,Federal Contract Tower,0,0,10,0,10,0,0,30,0,30,0,0,40,0,40,16,0,16,56
05/13/2002,ISO,NC,ASO,EN,Federal Contract Tower,0,3,12,10,25,0,1,11,14,26,0,4,23,24,51,0,40,40,91
05/14/2002,ISO,NC,ASO,EN,Federal Contract Tower,3,6,12,30,51,0,0,21,34,55,3,6,33,64,106,6,32,38,144
05/15/2002,ISO,NC,ASO,EN,Federal Contract Tower,0,6,16,3,25,0,0,65,1,66,0,6,81,4,91,26,0,26,117
05/16/2002,ISO,NC,ASO,EN,Federal Contract Tower,0,10,14,13,37,0,0,48,10,58,0,10,62,23,95,14,10,24,119
05/17/2002,ISO,NC,ASO,EN,Federal Contract Tower,2,7,24,10,43,0,0,31,16,47,2,7,55,26,90,10,40,50,140
05/18/2002,ISO,NC,ASO,EN,Federal Contract Tower,2,5,1,2,10,0,0,3,4,7,2,5,4,6,17,0,0,0,17
05/19/2002,ISO,NC,ASO,EN,Federal Contract Tower,0,4,17,0,21,0,0,10,0,10,0,4,27,0,31,0,0,0,31
05/20/2002,ISO,NC,ASO,EN,Federal Contract Tower,0,4,13,12,29,0,0,30,10,40,0,4,43,22,69,0,16,16,85
05/21/2002,ISO,NC,ASO,EN,Federal Contract Tower,0,6,9,16,31,0,0,44,14,58,0,6,53,30,89,36,10,46,135
05/22/2002,ISO,NC,ASO,EN,Federal Contract Tower,0,6,8,9,23,0,0,44,10,54,0,6,52,19,77,0,6,6,83
05/23/2002,ISO,NC,ASO,EN,Federal Contract Tower,1,6,8,6,21,0,0,69,6,75,1,6,77,12,96,40,16,56,152
05/24/2002,ISO,NC,ASO,EN,Federal Contract Tower,0,8,15,3,26,0,0,50,5,55,0,8,65,8,81,6,16,22,103
05/25/2002,ISO,NC,ASO,EN,Federal Contract Tower,0,2,7,0,9,0,0,29,0,29,0,2,36,0,38,20,0,20,58
05/26/2002,ISO,NC,ASO,EN,Federal Contract Tower,0,0,12,2,14,0,0,36,2,38,0,0,48,4,52,10,0,10,62
05/27/2002,ISO,NC,ASO,EN,Federal Contract Tower,0,0,12,0,12,0,0,20,0,20,0,0,32,0,32,6,0,6,38
05/28/2002,ISO,NC,ASO,EN,Federal Contract Tower,0,4,8,0,12,0,0,35,0,35,0,4,43,0,47,10,0,10,57
05/29/2002,ISO,NC,ASO,EN,Federal Contract Tower,0,7,14,14,35,0,0,22,17,39,0,7,36,31,74,6,32,38,112
05/30/2002,ISO,NC,ASO,EN,Federal Contract Tower,0,12,10,4,26,0,3,17,8,28,0,15,27,12,54,6,0,6,60
05/31/2002,ISO,NC,ASO,EN,Federal Contract Tower,0,5,10,4,19,0,0,19,4,23,0,5,29,8,42,2,6,8,50
06/01/2002,ISO,NC,ASO,EN,Federal Contract Tower,2,1,17,4,24,0,1,35,2,38,2,2,52,6,62,8,6,14,76
06/02/2002,ISO,NC,ASO,EN,Federal Contract Tower,0,1,11,0,12,0,1,19,2,22,0,2,30,2,34,0,0,0,34
06/03/2002,ISO,NC,ASO,EN,Federal Contract Tower,0,4,11,3,18,0,0,32,3,35,0,4,43,6,53,10,0,10,63
06/04/2002,ISO,NC,ASO,EN,Federal Contract Tower,0,6,10,13,29,0,0,29,11,40,0,6,39,24,69,2,30,32,101
06/05/2002,ISO,NC,ASO,EN,Federal Contract Tower,1,6,16,8,31,0,0,29,9,38,1,6,45,17,69,8,6,14,83
06/06/2002,ISO,NC,ASO,EN,Federal Contract Tower,0,8,8,16,32,0,0,25,8,33,0,8,33,24,65,8,18,26,91
06/07/2002,ISO,NC,ASO,EN,Federal Contract Tower,2,6,18,0,26,0,0,25,0,25,2,6,43,0,51,4,0,4,55
06/08/2002,ISO,NC,ASO,EN,Federal Contract Tower,0,0,7,0,7,2,0,28,0,30,2,0,35,0,37,0,0,0,37
06/09/2002,ISO,NC,ASO,EN,Federal Contract Tower,0,0,9,0,9,0,2,32,10,44,0,2,41,10,53,0,12,12,65
06/10/2002,ISO,NC,ASO,EN,Federal Contract Tower,0,4,11,3,18,0,0,28,3,31,0,4,39,6,49,10,0,10,59
06/11/2002,ISO,NC,ASO,EN,Federal Contract Tower,1,6,11,8,26,0,0,58,12,70,1,6,69,20,96,18,16,34,130
06/12/2002,ISO,NC,ASO,EN,Federal Contract Tower,0,6,8,5,19,0,0,31,5,36,0,6,39,10,55,20,0,20,75
06/13/2002,ISO,NC,ASO,EN,Federal Contract Tower,0,6,12,11,29,0,0,17,11,28,0,6,29,22,57,8,0,8,65
06/14/2002,ISO,NC,ASO,EN,Federal Contract Tower,0,8,13,4,25,0,0,21,4,25,0,8,34,8,50,2,0,2,52
06/15/2002,ISO,NC,ASO,EN,Federal Contract Tower,0,2,5,0,7,0,0,21,0,21,0,2,26,0,28,10,0,10,38
06/16/2002,ISO,NC,ASO,EN,Federal Contract Tower,0,0,9,0,9,0,0,18,0,18,0,0,27,0,27,0,0,0,27
06/17/2002,ISO,NC,ASO,EN,Federal Contract Tower,0,4,15,13,32,0,0,41,13,54,0,4,56,26,86,8,20,28,114
06/18/2002,ISO,NC,ASO,EN,Federal Contract Tower,0,6,16,1,23,0,0,16,11,27,0,6,32,12,50,0,0,0,50
06/19/2002,ISO,NC,ASO,EN,Federal Contract Tower,0,6,12,1,19,0,0,27,1,28,0,6,39,2,47,4,0,4,51
06/20/2002,ISO,NC,ASO,EN,Federal Contract Tower,2,7,24,16,49,0,0,22,16,38,2,7,46,32,87,0,18,18,105
06/21/2002,ISO,NC,ASO,EN,Federal Contract Tower,0,6,13,1,20,0,0,39,1,40,0,6,52,2,60,14,0,14,74
06/22/2002,ISO,NC,ASO,EN,Federal Contract Tower,2,4,1,0,7,0,0,6,0,6,2,4,7,0,13,0,0,0,13
06/23/2002,ISO,NC,ASO,EN,Federal Contract Tower,0,2,16,0,18,0,0,16,0,16,0,2,32,0,34,6,0,6,40
06/24/2002,ISO,NC,ASO,EN,Federal Contract Tower,0,4,20,0,24,0,0,35,0,35,0,4,55,0,59,6,0,6,65
06/25/2002,ISO,NC,ASO,EN,Federal Contract Tower,0,8,24,6,38,0,0,38,4,42,0,8,62,10,80,10,2,12,92
06/26/2002,ISO,NC,ASO,EN,Federal Contract Tower,0,13,13,12,38,0,3,17,7,27,0,16,30,19,65,0,22,22,87
06/27/2002,ISO,NC,ASO,EN,Federal Contract Tower,0,8,25,5,38,0,2,17,4,23,0,10,42,9,61,0,0,0,61
06/28/2002,ISO,NC,ASO,EN,Federal Contract Tower,0,6,29,9,44,0,0,42,11,53,0,6,71,20,97,10,26,36,133
06/29/2002,ISO,NC,ASO,EN,Federal Contract Tower,0,3,10,0,13,0,0,18,2,20,0,3,28,2,33,0,0,0,33
06/30/2002,ISO,NC,ASO,EN,Federal Contract Tower,0,0,11,3,14,0,0,19,2,21,0,0,30,5,35,12,0,12,47
07/01/2002,ISO,NC,ASO,EN,Federal Contract Tower,0,3,20,6,29,0,1,19,5,25,0,4,39,11,54,6,2,8,62
07/02/2002,ISO,NC,ASO,EN,Federal Contract Tower,0,5,20,0,25,0,1,46,0,47,0,6,66,0,72,44,0,44,116
07/03/2002,ISO,NC,ASO,EN,Federal Contract Tower,0,5,13,3,21,0,1,18,4,23,0,6,31,7,44,6,14,20,64
07/04/2002,ISO,NC,ASO,EN,Federal Contract Tower,0,1,1,0,2,0,1,9,0,10,0,2,10,0,12,0,0,0,12
07/05/2002,ISO,NC,ASO,EN,Federal Contract Tower,0,2,11,0,13,0,0,19,0,19,0,2,30,0,32,2,0,2,34
07/06/2002,ISO,NC,ASO,EN,Federal Contract Tower,0,2,4,0,6,0,0,18,0,18,0,2,22,0,24,4,0,4,28
07/07/2002,ISO,NC,ASO,EN,Federal Contract Tower,0,0,10,0,10,0,0,27,0,27,0,0,37,0,37,0,0,0,37
07/08/2002,ISO,NC,ASO,EN,Federal Contract Tower,0,4,15,3,22,0,0,21,1,22,0,4,36,4,44,0,0,0,44
07/09/2002,ISO,NC,ASO,EN,Federal Contract Tower,0,6,8,3,17,0,0,24,3,27,0,6,32,6,44,0,10,10,54
07/10/2002,ISO,NC,ASO,EN,Federal Contract Tower,0,6,11,3,20,0,0,21,3,24,0,6,32,6,44,4,8,12,56
07/11/2002,ISO,NC,ASO,EN,Federal Contract Tower,0,10,13,6,29,0,0,12,0,12,0,10,25,6,41,4,12,16,57
07/12/2002,ISO,NC,ASO,EN,Federal Contract Tower,0,6,11,0,17,0,0,68,0,68,0,6,79,0,85,0,0,0,85
07/13/2002,ISO,NC,ASO,EN,Federal Contract Tower,0,4,19,0,23,0,0,22,0,22,0,4,41,0,45,0,0,0,45
07/14/2002,ISO,NC,ASO,EN,Federal Contract Tower,0,2,8,0,10,0,0,3,0,3,0,2,11,0,13,0,0,0,13
07/15/2002,ISO,NC,ASO,EN,Federal Contract Tower,0,5,21,9,35,0,0,15,5,20,0,5,36,14,55,6,0,6,61
07/16/2002,ISO,NC,ASO,EN,Federal Contract Tower,0,6,12,7,25,0,0,41,2,43,0,6,53,9,68,8,16,24,92
07/17/2002,ISO,NC,ASO,EN,Federal Contract Tower,0,6,18,10,34,0,0,19,7,26,0,6,37,17,60,0,24,24,84
07/18/2002,ISO,NC,ASO,EN,Federal Contract Tower,0,8,18,4,30,0,0,8,4,12,0,8,26,8,42,10,8,18,60
07/19/2002,ISO,NC,ASO,EN,Federal Contract Tower,3,6,22,11,42,0,0,20,9,29,3,6,42,20,71,2,40,42,113
07/20/2002,ISO,NC,ASO,EN,Federal Contract Tower,2,2,8,0,12,0,0,24,0,24,2,2,32,0,36,0,0,0,36
07/21/2002,ISO,NC,ASO,EN,Federal Contract Tower,0,0,6,0,6,0,0,10,0,10,0,0,16,0,16,0,0,0,16
07/22/2002,ISO,NC,ASO,EN,Federal Contract Tower,0,4,11,2,17,0,0,13,4,17,0,4,24,6,34,56,10,66,100
07/23/2002,ISO,NC,ASO,EN,Federal Contract Tower,0,6,11,4,21,0,0,14,8,22,0,6,25,12,43,28,0,28,71
07/24/2002,ISO,NC,ASO,EN,Federal Contract Tower,0,6,15,4,25,0,0,4,7,11,0,6,19,11,36,24,16,40,76
07/25/2002,ISO,NC,ASO,EN,Federal Contract Tower,0,4,12,0,16,0,0,10,0,10,0,4,22,0,26,26,0,26,52
07/26/2002,ISO,NC,ASO,EN,Federal Contract Tower,0,11,19,9,39,0,0,15,13,28,0,11,34,22,67,26,12,38,105
07/27/2002,ISO,NC,ASO,EN,Federal Contract Tower,0,2,11,3,16,0,0,13,5,18,0,2,24,8,34,12,0,12,46
07/28/2002,ISO,NC,ASO,EN,Federal Contract Tower,0,2,14,2,18,0,0,12,0,12,0,2,26,2,30,8,0,8,38
07/29/2002,ISO,NC,ASO,EN,Federal Contract Tower,0,7,23,8,38,0,0,24,13,37,0,7,47,21,75,10,14,24,99
07/30/2002,ISO,NC,ASO,EN,Federal Contract Tower,1,6,11,9,27,2,0,39,13,54,3,6,50,22,81,6,2,8,89
07/31/2002,ISO,NC,ASO,EN,Federal Contract Tower,0,6,14,1,21,0,0,29,5,34,0,6,43,6,55,12,0,12,67
08/01/2002,ISO,NC,ASO,EN,Federal Contract Tower,0,6,17,8,31,0,0,21,12,33,0,6,38,20,64,0,8,8,72
08/02/2002,ISO,NC,ASO,EN,Federal Contract Tower,0,6,23,1,30,0,0,50,3,53,0,6,73,4,83,4,0,4,87
08/03/2002,ISO,NC,ASO,EN,Federal Contract Tower,0,6,3,0,9,0,0,33,0,33,0,6,36,0,42,0,0,0,42
08/04/2002,ISO,NC,ASO,EN,Federal Contract Tower,0,0,2,0,2,0,0,33,0,33,0,0,35,0,35,4,0,4,39
08/05/2002,ISO,NC,ASO,EN,Federal Contract Tower,0,4,9,12,25,0,0,41,12,53,0,4,50,24,78,44,12,56,134
08/06/2002,ISO,NC,ASO,EN,Federal Contract Tower,0,7,13,7,27,0,0,17,21,38,0,7,30,28,65,2,26,28,93
08/07/2002,ISO,NC,ASO,EN,Federal Contract Tower,0,7,11,1,19,0,1,36,7,44,0,8,47,8,63,18,0,18,81
08/08/2002,ISO,NC,ASO,EN,Federal Contract Tower,0,7,13,8,28,0,1,38,14,53,0,8,51,22,81,0,0,0,81
08/09/2002,ISO,NC,ASO,EN,Federal Contract Tower,0,8,14,7,29,0,0,38,13,51,0,8,52,20,80,64,0,64,144
08/10/2002,ISO,NC,ASO,EN,Federal Contract Tower,0,2,8,0,10,0,0,45,0,45,0,2,53,0,55,2,0,2,57
08/11/2002,ISO,NC,ASO,EN,Federal Contract Tower,0,0,7,4,11,0,0,24,4,28,0,0,31,8,39,14,0,14,53
08/12/2002,ISO,NC,ASO,EN,Federal Contract Tower,0,6,13,14,33,0,0,36,16,52,0,6,49,30,85,20,0,20,105
08/13/2002,ISO,NC,ASO,EN,Federal Contract Tower,0,8,20,11,39,0,0,28,11,39,0,8,48,22,78,0,0,0,78
08/14/2002,ISO,NC,ASO,EN,Federal Contract Tower,0,8,16,1,25,0,0,24,1,25,0,8,40,2,50,22,18,40,90
08/15/2002,ISO,NC,ASO,EN,Federal Contract Tower,2,8,20,0,30,0,0,12,8,20,2,8,32,8,50,18,0,18,68
08/16/2002,ISO,NC,ASO,EN,Federal Contract Tower,0,7,7,1,15,0,0,16,1,17,0,7,23,2,32,28,0,28,60
08/17/2002,ISO,NC,ASO,EN,Federal Contract Tower,2,6,14,3,25,0,0,22,5,27,2,6,36,8,52,14,0,14,66
08/18/2002,ISO,NC,ASO,EN,Federal Contract Tower,0,0,7,0,7,0,0,16,2,18,0,0,23,2,25,0,0,0,25
08/19/2002,ISO,NC,ASO,EN,Federal Contract Tower,0,6,15,0,21,0,0,24,4,28,0,6,39,4,49,0,0,0,49
08/20/2002,ISO,NC,ASO,EN,Federal Contract Tower,0,8,20,2,30,0,0,29,2,31,0,8,49,4,61,18,0,18,79
08/21/2002,ISO,NC,ASO,EN,Federal Contract Tower,0,8,17,7,32,0,0,28,7,35,0,8,45,14,67,0,6,6,73
08/22/2002,ISO,NC,ASO,EN,Federal Contract Tower,0,8,11,2,21,0,0,44,2,46,0,8,55,4,67,46,0,46,113
08/23/2002,ISO,NC,ASO,EN,Federal Contract Tower,0,8,11,11,30,0,0,35,11,46,0,8,46,22,76,14,0,14,90
08/24/2002,ISO,NC,ASO,EN,Federal Contract Tower,0,2,7,0,9,0,2,31,0,33,0,4,38,0,42,14,0,14,56
08/25/2002,ISO,NC,ASO,EN,Federal Contract Tower,0,0,14,2,16,0,0,18,0,18,0,0,32,2,34,16,0,16,50
08/26/2002,ISO,NC,ASO,EN,Federal Contract Tower,0,7,16,2,25,0,0,20,0,20,0,7,36,2,45,0,0,0,45
08/27/2002,ISO,NC,ASO,EN,Federal Contract Tower,0,6,12,0,18,0,0,7,0,7,0,6,19,0,25,6,0,6,31
08/28/2002,ISO,NC,ASO,EN,Federal Contract Tower,0,7,18,0,25,0,0,10,0,10,0,7,28,0,35,24,0,24,59
08/29/2002,ISO,NC,ASO,EN,Federal Contract Tower,0,8,12,1,21,0,0,7,1,8,0,8,19,2,29,0,0,0,29
08/30/2002,ISO,NC,ASO,EN,Federal Contract Tower,0,8,14,1,23,0,0,2,1,3,0,8,16,2,26,14,0,14,40
08/31/2002,ISO,NC,ASO,EN,Federal Contract Tower,0,2,11,0,13,0,0,3,0,3,0,2,14,0,16,0,0,0,16
09/01/2002,ISO,NC,ASO,EN,Federal Contract Tower,0,0,12,0,12,0,0,2,0,2,0,0,14,0,14,0,0,0,14
09/02/2002,ISO,NC,ASO,EN,Federal Contract Tower,0,0,9,0,9,0,0,4,0,4,0,0,13,0,13,8,0,8,21
09/03/2002,ISO,NC,ASO,EN,Federal Contract Tower,0,6,7,8,21,0,0,35,10,45,0,6,42,18,66,36,4,40,106
09/04/2002,ISO,NC,ASO,EN,Federal Contract Tower,0,8,16,3,27,0,0,55,5,60,0,8,71,8,87,28,48,76,163
09/05/2002,ISO,NC,ASO,EN,Federal Contract Tower,0,9,17,10,36,0,1,35,14,50,0,10,52,24,86,20,8,28,114
09/06/2002,ISO,NC,ASO,EN,Federal Contract Tower,0,10,9,10,29,0,0,35,2,37,0,10,44,12,66,6,26,32,98
09/07/2002,ISO,NC,ASO,EN,Federal Contract Tower,0,2,3,0,5,0,0,43,0,43,0,2,46,0,48,0,0,0,48
09/08/2002,ISO,NC,ASO,EN,Federal Contract Tower,0,0,9,0,9,0,0,15,2,17,0,0,24,2,26,0,0,0,26
09/09/2002,ISO,NC,ASO,EN,Federal Contract Tower,0,6,11,0,17,0,0,28,0,28,0,6,39,0,45,6,0,6,51
09/10/2002,ISO,NC,ASO,EN,Federal Contract Tower,0,8,10,0,18,0,0,2,0,2,0,8,12,0,20,0,0,0,20
09/11/2002,ISO,NC,ASO,EN,Federal Contract Tower,0,7,16,4,27,0,1,34,2,37,0,8,50,6,64,12,2,14,78
09/12/2002,ISO,NC,ASO,EN,Federal Contract Tower,0,8,14,3,25,0,0,63,5,68,0,8,77,8,93,26,0,26,119
09/13/2002,ISO,NC,ASO,EN,Federal Contract Tower,0,8,12,2,22,0,0,43,2,45,0,8,55,4,67,32,0,32,99
09/14/2002,ISO,NC,ASO,EN,Federal Contract Tower,2,2,4,0,8,0,0,6,2,8,2,2,10,2,16,22,0,22,38
09/15/2002,ISO,NC,ASO,EN,Federal Contract Tower,0,2,7,0,9,0,0,6,0,6,0,2,13,0,15,0,0,0,15
09/16/2002,ISO,NC,ASO,EN,Federal Contract Tower,0,6,26,0,32,0,0,16,0,16,0,6,42,0,48,4,0,4,52
09/17/2002,ISO,NC,ASO,EN,Federal Contract Tower,0,8,18,5,31,0,0,28,7,35,0,8,46,12,66,16,0,16,82
09/18/2002,ISO,NC,ASO,EN,Federal Contract Tower,0,9,14,15,38,0,0,48,15,63,0,9,62,30,101,36,16,52,153
09/19/2002,ISO,NC,ASO,EN,Federal Contract Tower,0,8,13,12,33,0,0,56,9,65,0,8,69,21,98,70,10,80,178
09/20/2002,ISO,NC,ASO,EN,Federal Contract Tower,2,8,21,9,40,0,0,47,7,54,2,8,68,16,94,20,42,62,156
09/21/2002,ISO,NC,ASO,EN,Federal Contract Tower,2,2,8,3,15,0,0,50,3,53,2,2,58,6,68,38,4,42,110
09/22/2002,ISO,NC,ASO,EN,Federal Contract Tower,0,0,7,1,8,0,0,29,1,30,0,0,36,2,38,12,0,12,50
09/23/2002,ISO,NC,ASO,EN,Federal Contract Tower,0,6,17,9,32,0,1,24,11,36,0,7,41,20,68,20,6,26,94
09/24/2002,ISO,NC,ASO,EN,Federal Contract Tower,0,8,18,5,31,0,0,53,6,59,0,8,71,11,90,22,0,22,112
09/25/2002,ISO,NC,ASO,EN,Federal Contract Tower,0,11,22,7,40,0,1,35,11,47,0,12,57,18,87,40,10,50,137
09/26/2002,ISO,NC,ASO,EN,Federal Contract Tower,0,8,16,0,24,0,0,12,0,12,0,8,28,0,36,4,0,4,40
09/27/2002,ISO,NC,ASO,EN,Federal Contract Tower,0,8,18,0,26,0,0,25,0,25,0,8,43,0,51,14,0,14,65
09/28/2002,ISO,NC,ASO,EN,Federal Contract Tower,0,4,12,0,16,0,0,49,0,49,0,4,61,0,65,0,0,0,65
09/29/2002,ISO,NC,ASO,EN,Federal Contract Tower,0,2,7,0,9,0,0,20,0,20,0,2,27,0,29,6,0,6,35
09/30/2002,ISO,NC,ASO,EN,Federal Contract Tower,0,6,9,3,18,0,0,30,3,33,0,6,39,6,51,32,0,32,83
10/01/2002,ISO,NC,ASO,EN,Federal Contract Tower,0,6,20,13,39,0,0,39,17,56,0,6,59,30,95,28,30,58,153
10/02/2002,ISO,NC,ASO,EN,Federal Contract Tower,0,8,22,2,32,0,0,45,2,47,0,8,67,4,79,48,6,54,133
10/03/2002,ISO,NC,ASO,EN,Federal Contract Tower,0,8,25,4,37,0,0,29,6,35,0,8,54,10,72,22,2,24,96
10/04/2002,ISO,NC,ASO,EN,Federal Contract Tower,0,6,17,6,29,0,0,45,4,49,0,6,62,10,78,56,0,56,134
10/05/2002,ISO,NC,ASO,EN,Federal Contract Tower,0,2,7,0,9,0,0,40,0,40,0,2,47,0,49,18,0,18,67
10/06/2002,ISO,NC,ASO,EN,Federal Contract Tower,0,0,14,3,17,0,0,29,3,32,0,0,43,6,49,26,34,60,109
10/07/2002,ISO,NC,ASO,EN,Federal Contract Tower,0,6,19,10,35,0,0,20,8,28,0,6,39,18,63,0,2,2,65
10/08/2002,ISO,NC,ASO,EN,Federal Contract Tower,0,8,22,10,40,0,0,26,9,35,0,8,48,19,75,6,2,8,83
10/09/2002,ISO,NC,ASO,EN,Federal Contract Tower,0,10,24,5,39,0,2,50,5,57,0,12,74,10,96,64,0,64,160
10/10/2002,ISO,NC,ASO,EN,Federal Contract Tower,0,12,27,20,59,0,1,18,22,41,0,13,45,42,100,0,22,22,122
10/11/2002,ISO,NC,ASO,EN,Federal Contract Tower,0,8,14,3,25,0,0,1,3,4,0,8,15,6,29,0,0,0,29
10/12/2002,ISO,NC,ASO,EN,Federal Contract Tower,0,4,23,2,29,0,0,42,2,44,0,4,65,4,73,6,8,14,87
10/13/2002,ISO,NC,ASO,EN,Federal Contract Tower,0,2,11,0,13,0,0,6,0,6,0,2,17,0,19,12,0,12,31
10/14/2002,ISO,NC,ASO,EN,Federal Contract Tower,0,2,12,0,14,0,0,27,0,27,0,2,39,0,41,0,0,0,41
10/15/2002,ISO,NC,ASO,EN,Federal Contract Tower,0,10,14,3,27,0,0,6,1,7,0,10,20,4,34,0,0,0,34
10/16/2002,ISO,NC,ASO,EN,Federal Contract Tower,0,9,17,13,39,0,1,13,12,26,0,10,30,25,65,0,4,4,69
10/17/2002,ISO,NC,ASO,EN,Federal Contract Tower,0,8,16,10,34,0,0,142,11,153,0,8,158,21,187,90,0,90,277
10/18/2002,ISO,NC,ASO,EN,Federal Contract Tower,2,8,15,11,36,0,0,68,12,80,2,8,83,23,116,68,56,124,240
10/19/2002,ISO,NC,ASO,EN,Federal Contract Tower,2,2,4,2,10,0,0,26,2,28,2,2,30,4,38,6,0,6,44
10/20/2002,ISO,NC,ASO,EN,Federal Contract Tower,0,0,16,0,16,0,0,27,0,27,0,0,43,0,43,18,0,18,61
10/21/2002,ISO,NC,ASO,EN,Federal Contract Tower,0,6,15,2,23,0,0,9,2,11,0,6,24,4,34,0,0,0,34
10/22/2002,ISO,NC,ASO,EN,Federal Contract Tower,0,8,22,9,39,0,0,25,13,38,0,8,47,22,77,28,16,44,121
10/23/2002,ISO,NC,ASO,EN,Federal Contract Tower,0,6,28,8,42,0,0,47,16,63,0,6,75,24,105,64,32,96,201
10/24/2002,ISO,NC,ASO,EN,Federal Contract Tower,0,8,24,4,36,0,0,9,5,14,0,8,33,9,50,10,0,10,60
10/25/2002,ISO,NC,ASO,EN,Federal Contract Tower,0,10,20,3,33,0,0,13,3,16,0,10,33,6,49,28,0,28,77
10/26/2002,ISO,NC,ASO,EN,Federal Contract Tower,0,2,6,0,8,0,0,23,0,23,0,2,29,0,31,2,0,2,33
10/27/2002,ISO,NC,ASO,EN,Federal Contract Tower,0,2,8,3,13,0,0,19,3,22,0,2,27,6,35,0,0,0,35
10/28/2002,ISO,NC,ASO,EN,Federal Contract Tower,0,6,11,9,26,0,0,10,9,19,0,6,21,18,45,36,0,36,81
10/29/2002,ISO,NC,ASO,EN,Federal Contract Tower,0,6,16,0,22,0,0,0,0,0,0,6,16,0,22,0,0,0,22
10/30/2002,ISO,NC,ASO,EN,Federal Contract Tower,0,9,29,9,47,0,1,3,9,13,0,10,32,18,60,0,0,0,60
10/31/2002,ISO,NC,ASO,EN,Federal Contract Tower,0,11,12,6,29,0,0,46,19,65,0,11,58,25,94,14,4,18,112
11/01/2002,ISO,NC,ASO,EN,Federal Contract Tower,0,5,29,7,41,0,0,43,7,50,0,5,72,14,91,66,0,66,157
11/02/2002,ISO,NC,ASO,EN,Federal Contract Tower,0,2,10,0,12,0,0,21,0,21,0,2,31,0,33,26,0,26,59
11/03/2002,ISO,NC,ASO,EN,Federal Contract Tower,0,0,7,0,7,0,0,35,0,35,0,0,42,0,42,18,0,18,60
11/04/2002,ISO,NC,ASO,EN,Federal Contract Tower,0,6,33,15,54,0,0,11,23,34,0,6,44,38,88,0,6,6,94
11/05/2002,ISO,NC,ASO,EN,Federal Contract Tower,0,8,10,18,36,0,0,13,12,25,0,8,23,30,61,21,20,41,102
11/06/2002,ISO,NC,ASO,EN,Federal Contract Tower,0,6,8,15,29,0,0,4,13,17,0,6,12,28,46,0,10,10,56
11/07/2002,ISO,NC,ASO,EN,Federal Contract Tower,0,8,8,11,27,0,0,39,10,49,0,8,47,21,76,10,84,94,170
11/08/2002,ISO,NC,ASO,EN,Federal Contract Tower,0,8,24,9,41,0,0,44,9,53,0,8,68,18,94,46,26,72,166
11/09/2002,ISO,NC,ASO,EN,Federal Contract Tower,0,4,5,0,9,0,0,21,0,21,0,4,26,0,30,0,0,0,30
11/10/2002,ISO,NC,ASO,EN,Federal Contract Tower,0,4,9,0,13,0,0,32,0,32,0,4,41,0,45,8,0,8,53
11/11/2002,ISO,NC,ASO,EN,Federal Contract Tower,0,2,2,0,4,0,0,7,0,7,0,2,9,0,11,0,0,0,11
11/12/2002,ISO,NC,ASO,EN,Federal Contract Tower,0,8,7,6,21,0,2,3,6,11,0,10,10,12,32,0,2,2,34
11/13/2002,ISO,NC,ASO,EN,Federal Contract Tower,0,8,22,5,35,0,0,13,9,22,0,8,35,14,57,0,12,12,69
11/14/2002,ISO,NC,ASO,EN,Federal Contract Tower,2,8,11,12,33,0,0,37,34,71,2,8,48,46,104,6,34,40,144
11/15/2002,ISO,NC,ASO,EN,Federal Contract Tower,0,8,18,1,27,0,0,49,5,54,0,8,67,6,81,46,20,66,147
11/16/2002,ISO,NC,ASO,EN,Federal Contract Tower,2,2,6,0,10,0,0,0,0,0,2,2,6,0,10,0,0,0,10
11/17/2002,ISO,NC,ASO,EN,Federal Contract Tower,0,0,10,0,10,0,0,1,0,1,0,0,11,0,11,0,0,0,11
11/18/2002,ISO,NC,ASO,EN,Federal Contract Tower,0,6,10,3,19,0,0,24,5,29,0,6,34,8,48,24,18,42,90
11/19/2002,ISO,NC,ASO,EN,Federal Contract Tower,0,9,17,0,26,0,0,55,4,59,0,9,72,4,85,18,0,18,103
11/20/2002,ISO,NC,ASO,EN,Federal Contract Tower,0,8,15,9,32,0,0,48,9,57,0,8,63,18,89,72,18,90,179
11/21/2002,ISO,NC,ASO,EN,Federal Contract Tower,0,9,22,4,35,0,0,24,8,32,0,9,46,12,67,88,20,108,175
11/22/2002,ISO,NC,ASO,EN,Federal Contract Tower,0,11,15,5,31,0,0,32,5,37,0,11,47,10,68,12,18,30,98
11/23/2002,ISO,NC,ASO,EN,Federal Contract Tower,0,2,7,0,9,0,0,39,0,39,0,2,46,0,48,30,0,30,78
11/24/2002,ISO,NC,ASO,EN,Federal Contract Tower,0,2,14,2,18,0,0,50,6,56,0,2,64,8,74,30,2,32,106
11/25/2002,ISO,NC,ASO,EN,Federal Contract Tower,0,6,20,2,28,0,1,53,11,65,0,7,73,13,93,28,0,28,121
11/26/2002,ISO,NC,ASO,EN,Federal Contract Tower,0,8,14,0,22,0,0,42,0,42,0,8,56,0,64,64,0,64,128
11/27/2002,ISO,NC,ASO,EN,Federal Contract Tower,0,8,6,5,19,0,0,25,14,39,0,8,31,19,58,0,6,6,64
11/28/2002,ISO,NC,ASO,EN,Federal Contract Tower,0,0,1,0,1,0,0,18,0,18,0,0,19,0,19,0,0,0,19
11/29/2002,ISO,NC,ASO,EN,Federal Contract Tower,0,8,6,0,14,0,0,32,0,32,0,8,38,0,46,20,0,20,66
11/30/2002,ISO,NC,ASO,EN,Federal Contract Tower,0,2,6,0,8,0,0,13,0,13,0,2,19,0,21,0,0,0,21
12/01/2002,ISO,NC,ASO,EN,Federal Contract Tower,0,0,7,0,7,0,0,22,0,22,0,0,29,0,29,4,0,4,33
12/02/2002,ISO,NC,ASO,EN,Federal Contract Tower,0,5,9,2,16,0,0,32,0,32,0,5,41,2,48,14,0,14,62
12/03/2002,ISO,NC,ASO,EN,Federal Contract Tower,0,8,11,4,23,0,0,50,0,50,0,8,61,4,73,54,4,58,131
12/04/2002,ISO,NC,ASO,EN,Federal Contract Tower,0,4,6,5,15,0,0,22,1,23,0,4,28,6,38,62,18,80,118
12/05/2002,ISO,NC,ASO,EN,Federal Contract Tower,0,9,4,0,13,0,0,1,0,1,0,9,5,0,14,0,0,0,14
12/06/2002,ISO,NC,ASO,EN,Federal Contract Tower,0,8,15,4,27,0,3,27,2,32,0,11,42,6,59,58,0,58,117
12/07/2002,ISO,NC,ASO,EN,Federal Contract Tower,0,2,8,0,10,0,0,42,0,42,0,2,50,0,52,46,0,46,98
12/08/2002,ISO,NC,ASO,EN,Federal Contract Tower,0,2,10,0,12,0,0,28,0,28,0,2,38,0,40,20,0,20,60
12/09/2002,ISO,NC,ASO,EN,Federal Contract Tower,0,6,13,6,25,0,0,15,14,29,0,6,28,20,54,4,4,8,62
12/10/2002,ISO,NC,ASO,EN,Federal Contract Tower,0,8,3,24,35,0,0,0,0,0,0,8,3,24,35,0,0,0,35
12/11/2002,ISO,NC,ASO,EN,Federal Contract Tower,0,8,18,2,28,0,0,7,0,7,0,8,25,2,35,20,0,20,55
12/12/2002,ISO,NC,ASO,EN,Federal Contract Tower,0,8,24,13,45,0,0,24,13,37,0,8,48,26,82,58,18,76,158
12/13/2002,ISO,NC,ASO,EN,Federal Contract Tower,0,10,17,0,27,0,0,0,0,0,0,10,17,0,27,0,0,0,27
12/14/2002,ISO,NC,ASO,EN,Federal Contract Tower,0,2,7,0,9,0,0,10,0,10,0,2,17,0,19,0,0,0,19
12/15/2002,ISO,NC,ASO,EN,Federal Contract Tower,0,0,4,2,6,0,0,32,0,32,0,0,36,2,38,8,14,22,60
12/16/2002,ISO,NC,ASO,EN,Federal Contract Tower,0,6,20,12,38,0,0,27,13,40,0,6,47,25,78,4,50,54,132
12/17/2002,ISO,NC,ASO,EN,Federal Contract Tower,0,8,21,16,45,0,0,40,6,46,0,8,61,22,91,18,14,32,123
12/18/2002,ISO,NC,ASO,EN,Federal Contract Tower,0,8,21,18,47,0,0,50,0,50,0,8,71,18,97,8,18,26,123
12/19/2002,ISO,NC,ASO,EN,Federal Contract Tower,0,8,9,16,33,0,0,21,6,27,0,8,30,22,60,2,8,10,70
12/20/2002,ISO,NC,ASO,EN,Federal Contract Tower,0,12,14,0,26,0,0,11,0,11,0,12,25,0,37,0,0,0,37
12/21/2002,ISO,NC,ASO,EN,Federal Contract Tower,0,3,9,12,24,0,0,22,1,23,0,3,31,13,47,0,28,28,75
12/22/2002,ISO,NC,ASO,EN,Federal Contract Tower,0,0,7,0,7,0,0,18,0,18,0,0,25,0,25,0,0,0,25
12/23/2002,ISO,NC,ASO,EN,Federal Contract Tower,0,6,10,6,22,0,1,15,6,22,0,7,25,12,44,66,38,104,148
12/24/2002,ISO,NC,ASO,EN,Federal Contract Tower,0,6,13,0,19,0,0,1,0,1,0,6,14,0,20,0,0,0,20
12/25/2002,ISO,NC,ASO,EN,Federal Contract Tower,0,0,3,0,3,0,2,0,0,2,0,2,3,0,5,0,0,0,5
12/26/2002,ISO,NC,ASO,EN,Federal Contract Tower,0,10,7,4,21,0,0,22,1,23,0,10,29,5,44,0,0,0,44
12/27/2002,ISO,NC,ASO,EN,Federal Contract Tower,0,9,16,16,41,0,0,23,3,26,0,9,39,19,67,64,24,88,155
12/28/2002,ISO,NC,ASO,EN,Federal Contract Tower,0,3,14,0,17,0,0,28,0,28,0,3,42,0,45,32,0,32,77
12/29/2002,ISO,NC,ASO,EN,Federal Contract Tower,0,2,8,0,10,0,0,41,0,41,0,2,49,0,51,12,0,12,63
12/30/2002,ISO,NC,ASO,EN,Federal Contract Tower,0,6,13,24,43,0,0,35,2,37,0,6,48,26,80,26,22,48,128
12/31/2002,ISO,NC,ASO,EN,Federal Contract Tower,0,7,7,4,18,0,0,31,0,31,0,7,38,4,49,62,0,62,111
01/01/2003,ISO,NC,ASO,EN,Federal Contract Tower,0,3,5,0,8,0,0,6,0,6,0,3,11,0,14,0,0,0,14
01/02/2003,ISO,NC,ASO,EN,Federal Contract Tower,0,8,19,35,62,0,0,21,1,22,0,8,40,36,84,34,6,40,124
01/03/2003,ISO,NC,ASO,EN,Federal Contract Tower,0,8,14,11,33,0,0,16,1,17,0,8,30,12,50,64,0,64,114
01/04/2003,ISO,NC,ASO,EN,Federal Contract Tower,0,2,7,1,10,0,0,24,1,25,0,2,31,2,35,6,0,6,41
01/05/2003,ISO,NC,ASO,EN,Federal Contract Tower,0,0,20,0,20,0,0,16,0,16,0,0,36,0,36,0,0,0,36
01/06/2003,ISO,NC,ASO,EN,Federal Contract Tower,0,6,21,0,27,0,0,12,0,12,0,6,33,0,39,8,0,8,47
01/07/2003,ISO,NC,ASO,EN,Federal Contract Tower,0,8,18,16,42,0,0,16,0,16,0,8,34,16,58,4,4,8,66
01/08/2003,ISO,NC,ASO,EN,Federal Contract Tower,0,8,12,23,43,0,0,21,3,24,0,8,33,26,67,0,20,20,87
01/09/2003,ISO,NC,ASO,EN,Federal Contract Tower,0,9,22,14,45,0,0,28,6,34,0,9,50,20,79,32,38,70,149
01/10/2003,ISO,NC,ASO,EN,Federal Contract Tower,2,8,11,4,25,0,0,28,0,28,2,8,39,4,53,16,12,28,81
01/11/2003,ISO,NC,ASO,EN,Federal Contract Tower,0,4,13,0,17,0,0,40,2,42,0,4,53,2,59,22,0,22,81
01/12/2003,ISO,NC,ASO,EN,Federal Contract Tower,2,2,2,2,8,0,0,24,7,31,2,2,26,9,39,20,0,20,59
01/13/2003,ISO,NC,ASO,EN,Federal Contract Tower,0,6,13,4,23,0,0,38,2,40,0,6,51,6,63,64,6,70,133
01/14/2003,ISO,NC,ASO,EN,Federal Contract Tower,0,8,18,9,35,0,0,48,1,49,0,8,66,10,84,46,4,50,134
01/15/2003,ISO,NC,ASO,EN,Federal Contract Tower,0,8,14,2,24,0,0,31,0,31,0,8,45,2,55,22,0,22,77
01/16/2003,ISO,NC,ASO,EN,Federal Contract Tower,2,8,24,14,48,0,0,23,0,23,2,8,47,14,71,70,0,70,141
01/17/2003,ISO,NC,ASO,EN,Federal Contract Tower,0,8,8,2,18,0,0,3,0,3,0,8,11,2,21,0,0,0,21
01/18/2003,ISO,NC,ASO,EN,Federal Contract Tower,2,2,4,0,8,0,0,34,0,34,2,2,38,0,42,18,0,18,60
01/19/2003,ISO,NC,ASO,EN,Federal Contract Tower,0,0,6,0,6,0,0,9,0,9,0,0,15,0,15,12,0,12,27
01/20/2003,ISO,NC,ASO,EN,Federal Contract Tower,0,2,11,4,17,0,0,17,8,25,0,2,28,12,42,14,44,58,100
01/21/2003,ISO,NC,ASO,EN,Federal Contract Tower,0,5,13,6,24,0,3,4,0,7,0,8,17,6,31,10,6,16,47
01/22/2003,ISO,NC,ASO,EN,Federal Contract Tower,0,8,15,9,32,0,0,28,1,29,0,8,43,10,61,38,8,46,107
01/23/2003,ISO,NC,ASO,EN,Federal Contract Tower,0,8,3,0,11,0,0,7,0,7,0,8,10,0,18,0,0,0,18
01/24/2003,ISO,NC,ASO,EN,Federal Contract Tower,0,8,11,4,23,0,0,9,0,9,0,8,20,4,32,0,0,0,32
01/25/2003,ISO,NC,ASO,EN,Federal Contract Tower,0,2,10,0,12,0,0,31,0,31,0,2,41,0,43,30,0,30,73
01/26/2003,ISO,NC,ASO,EN,Federal Contract Tower,0,0,16,0,16,0,0,8,0,8,0,0,24,0,24,2,0,2,26
01/27/2003,ISO,NC,ASO,EN,Federal Contract Tower,0,5,7,16,28,0,1,23,8,32,0,6,30,24,60,2,14,16,76
01/28/2003,ISO,NC,ASO,EN,Federal Contract Tower,0,8,22,16,46,0,0,56,10,66,0,8,78,26,112,48,78,126,238
01/29/2003,ISO,NC,ASO,EN,Federal Contract Tower,0,4,25,5,34,0,0,81,6,87,0,4,106,11,121,6,20,26,147
01/30/2003,ISO,NC,ASO,EN,Federal Contract Tower,0,5,21,0,26,0,0,0,0,0,0,5,21,0,26,0,0,0,26
01/31/2003,ISO,NC,ASO,EN,Federal Contract Tower,0,7,13,2,22,0,0,0,0,0,0,7,13,2,22,0,0,0,22
02/01/2003,ISO,NC,ASO,EN,Federal Contract Tower,0,2,3,0,5,0,0,15,0,15,0,2,18,0,20,0,0,0,20
02/02/2003,ISO,NC,ASO,EN,Federal Contract Tower,0,2,16,0,18,0,0,56,0,56,0,2,72,0,74,20,0,20,94
02/03/2003,ISO,NC,ASO,EN,Federal Contract Tower,0,8,16,4,28,0,0,45,4,49,0,8,61,8,77,28,30,58,135
02/04/2003,ISO,NC,ASO,EN,Federal Contract Tower,0,9,6,2,17,0,0,8,0,8,0,9,14,2,25,6,0,6,31
02/05/2003,ISO,NC,ASO,EN,Federal Contract Tower,0,11,23,18,52,0,0,31,0,31,0,11,54,18,83,12,20,32,115
02/06/2003,ISO,NC,ASO,EN,Federal Contract Tower,0,8,13,10,31,0,0,10,0,10,0,8,23,10,41,6,6,12,53
02/07/2003,ISO,NC,ASO,EN,Federal Contract Tower,2,10,9,4,25,0,0,14,0,14,2,10,23,4,39,10,0,10,49
02/08/2003,ISO,NC,ASO,EN,Federal Contract Tower,0,2,11,4,17,0,0,24,0,24,0,2,35,4,41,2,0,2,43
02/09/2003,ISO,NC,ASO,EN,Federal Contract Tower,2,0,10,0,12,0,0,28,2,30,2,0,38,2,42,24,0,24,66
02/10/2003,ISO,NC,ASO,EN,Federal Contract Tower,0,6,16,4,26,0,0,5,0,5,0,6,21,4,31,0,0,0,31
02/11/2003,ISO,NC,ASO,EN,Federal Contract Tower,0,8,12,13,33,0,0,45,13,58,0,8,57,26,91,32,42,74,165
02/12/2003,ISO,NC,ASO,EN,Federal Contract Tower,0,8,13,4,25,0,0,25,0,25,0,8,38,4,50,22,0,22,72
02/13/2003,ISO,NC,ASO,EN,Federal Contract Tower,0,7,26,7,40,0,1,51,3,55,0,8,77,10,95,4,4,8,103
02/14/2003,ISO,NC,ASO,EN,Federal Contract Tower,0,8,17,18,43,0,0,33,2,35,0,8,50,20,78,62,4,66,144
02/15/2003,ISO,NC,ASO,EN,Federal Contract Tower,0,4,15,0,19,0,0,2,0,2,0,4,17,0,21,8,0,8,29
02/16/2003,ISO,NC,ASO,EN,Federal Contract Tower,0,0,16,0,16,0,0,4,0,4,0,0,20,0,20,0,0,0,20
02/17/2003,ISO,NC,ASO,EN,Federal Contract Tower,0,2,4,0,6,0,0,0,0,0,0,2,4,0,6,0,0,0,6
02/18/2003,ISO,NC,ASO,EN,Federal Contract Tower,0,10,28,16,54,0,0,30,6,36,0,10,58,22,90,46,12,58,148
02/19/2003,ISO,NC,ASO,EN,Federal Contract Tower,0,8,28,26,62,0,0,77,6,83,0,8,105,32,145,124,6,130,275
02/20/2003,ISO,NC,ASO,EN,Federal Contract Tower,0,6,16,10,32,0,0,42,6,48,0,6,58,16,80,44,20,64,144
02/21/2003,ISO,NC,ASO,EN,Federal Contract Tower,2,8,9,35,54,0,0,33,7,40,2,8,42,42,94,32,28,60,154
02/22/2003,ISO,NC,ASO,EN,Federal Contract Tower,0,0,2,0,2,0,0,2,0,2,0,0,4,0,4,0,0,0,4
02/23/2003,ISO,NC,ASO,EN,Federal Contract Tower,0,0,10,2,12,0,0,9,0,9,0,0,19,2,21,2,0,2,23
02/24/2003,ISO,NC,ASO,EN,Federal Contract Tower,0,6,12,16,34,0,0,35,2,37,0,6,47,18,71,92,16,108,179
02/25/2003,ISO,NC,ASO,EN,Federal Contract Tower,0,10,22,22,54,0,0,69,2,71,0,10,91,24,125,76,26,102,227
02/26/2003,ISO,NC,ASO,EN,Federal Contract Tower,0,8,6,4,18,0,0,7,0,7,0,8,13,4,25,0,0,0,25
02/27/2003,ISO,NC,ASO,EN,Federal Contract Tower,0,6,11,0,17,0,0,0,0,0,0,6,11,0,17,0,0,0,17
02/28/2003,ISO,NC,ASO,EN,Federal Contract Tower,0,9,29,0,38,0,1,12,0,13,0,10,41,0,51,82,0,82,133
03/01/2003,ISO,NC,ASO,EN,Federal Contract Tower,0,2,7,0,9,0,0,7,0,7,0,2,14,0,16,12,0,12,28
03/02/2003,ISO,NC,ASO,EN,Federal Contract Tower,0,2,3,12,17,0,0,15,4,19,0,2,18,16,36,0,0,0,36
03/03/2003,ISO,NC,ASO,EN,Federal Contract Tower,0,8,11,14,33,0,0,40,6,46,0,8,51,20,79,16,8,24,103
03/04/2003,ISO,NC,ASO,EN,Federal Contract Tower,0,8,22,20,50,0,0,40,12,52,0,8,62,32,102,4,38,42,144
03/05/2003,ISO,NC,ASO,EN,Federal Contract Tower,0,8,26,2,36,0,0,19,0,19,0,8,45,2,55,28,0,28,83
03/06/2003,ISO,NC,ASO,EN,Federal Contract Tower,0,8,14,11,33,0,0,15,11,26,0,8,29,22,59,2,2,4,63
03/07/2003,ISO,NC,ASO,EN,Federal Contract Tower,2,8,11,7,28,0,0,5,3,8,2,8,16,10,36,0,8,8,44
03/08/2003,ISO,NC,ASO,EN,Federal Contract Tower,0,6,3,0,9,0,0,76,0,76,0,6,79,0,85,14,0,14,99
03/09/2003,ISO,NC,ASO,EN,Federal Contract Tower,2,0,16,0,18,0,0,35,0,35,2,0,51,0,53,58,0,58,111
03/10/2003,ISO,NC,ASO,EN,Federal Contract Tower,0,6,14,37,57,0,0,64,13,77,0,6,78,50,134,29,28,57,191
03/11/2003,ISO,NC,ASO,EN,Federal Contract Tower,0,8,23,36,67,0,0,7,0,7,0,8,30,36,74,18,8,26,100
03/12/2003,ISO,NC,ASO,EN,Federal Contract Tower,0,6,16,8,30,0,0,57,4,61,0,6,73,12,91,44,16,60,151
03/13/2003,ISO,NC,ASO,EN,Federal Contract Tower,0,8,13,15,36,0,0,15,1,16,0,8,28,16,52,28,10,38,90
03/14/2003,ISO,NC,ASO,EN,Federal Contract Tower,0,8,16,8,32,0,0,23,2,25,0,8,39,10,57,2,0,2,59
03/15/2003,ISO,NC,ASO,EN,Federal Contract Tower,0,6,15,0,21,0,0,24,2,26,0,6,39,2,47,61,0,61,108
03/16/2003,ISO,NC,ASO,EN,Federal Contract Tower,0,2,17,0,19,0,0,17,2,19,0,2,34,2,38,2,0,2,40
03/17/2003,ISO,NC,ASO,EN,Federal Contract Tower,0,6,16,2,24,0,0,12,2,14,0,6,28,4,38,62,0,62,100
03/18/2003,ISO,NC,ASO,EN,Federal Contract Tower,0,7,26,2,35,0,1,35,6,42,0,8,61,8,77,10,0,10,87
03/19/2003,ISO,NC,ASO,EN,Federal Contract Tower,0,8,20,10,38,0,0,5,0,5,0,8,25,10,43,0,0,0,43
03/20/2003,ISO,NC,ASO,EN,Federal Contract Tower,2,8,3,0,13,0,0,4,0,4,2,8,7,0,17,0,0,0,17
03/21/2003,ISO,NC,ASO,EN,Federal Contract Tower,0,8,14,0,22,0,0,18,2,20,0,8,32,2,42,4,0,4,46
03/22/2003,ISO,NC,ASO,EN,Federal Contract Tower,2,2,18,3,25,0,0,77,1,78,2,2,95,4,103,18,8,26,129
03/23/2003,ISO,NC,ASO,EN,Federal Contract Tower,0,0,9,0,9,0,0,54,2,56,0,0,63,2,65,21,0,21,86
03/24/2003,ISO,NC,ASO,EN,Federal Contract Tower,0,6,9,4,19,0,0,66,2,68,0,6,75,6,87,54,6,60,147
03/25/2003,ISO,NC,ASO,EN,Federal Contract Tower,0,13,16,10,39,0,1,67,6,74,0,14,83,16,113,97,36,133,246
03/26/2003,ISO,NC,ASO,EN,Federal Contract Tower,0,8,27,5,40,0,0,28,5,33,0,8,55,10,73,12,14,26,99
03/27/2003,ISO,NC,ASO,EN,Federal Contract Tower,0,8,21,12,41,0,0,40,5,45,0,8,61,17,86,56,34,90,176
03/28/2003,ISO,NC,ASO,EN,Federal Contract Tower,0,10,13,4,27,0,0,40,0,40,0,10,53,4,67,10,2,12,79
03/29/2003,ISO,NC,ASO,EN,Federal Contract Tower,0,4,14,0,18,0,0,10,0,10,0,4,24,0,28,14,0,14,42
03/30/2003,ISO,NC,ASO,EN,Federal Contract Tower,0,0,8,0,8,0,0,0,0,0,0,0,8,0,8,0,0,0,8
03/31/2003,ISO,NC,ASO,EN,Federal Contract Tower,0,6,19,12,37,0,0,28,0,28,0,6,47,12,65,8,8,16,81
04/01/2003,ISO,NC,ASO,EN,Federal Contract Tower,0,8,13,6,27,0,0,37,4,41,0,8,50,10,68,32,4,36,104
04/02/2003,ISO,NC,ASO,EN,Federal Contract Tower,0,8,31,12,51,0,0,46,8,54,0,8,77,20,105,34,4,38,143
04/03/2003,ISO,NC,ASO,EN,Federal Contract Tower,0,10,18,16,44,0,0,47,3,50,0,10,65,19,94,6,34,40,134
04/04/2003,ISO,NC,ASO,EN,Federal Contract Tower,0,8,16,10,34,0,0,43,2,45,0,8,59,12,79,12,10,22,101
04/05/2003,ISO,NC,ASO,EN,Federal Contract Tower,0,2,9,4,15,0,0,24,2,26,0,2,33,6,41,14,8,22,63
04/06/2003,ISO,NC,ASO,EN,Federal Contract Tower,0,0,25,0,25,0,0,35,0,35,0,0,60,0,60,6,0,6,66
04/07/2003,ISO,NC,ASO,EN,Federal Contract Tower,0,6,13,2,21,0,0,2,2,4,0,6,15,4,25,0,0,0,25
04/08/2003,ISO,NC,ASO,EN,Federal Contract Tower,0,8,18,0,26,0,0,0,0,0,0,8,18,0,26,0,0,0,26
04/09/2003,ISO,NC,ASO,EN,Federal Contract Tower,0,10,22,0,32,0,0,0,0,0,0,10,22,0,32,0,0,0,32
04/10/2003,ISO,NC,ASO,EN,Federal Contract Tower,0,8,6,0,14,0,0,15,16,31,0,8,21,16,45,0,0,0,45
04/11/2003,ISO,NC,ASO,EN,Federal Contract Tower,0,8,6,0,14,0,0,0,0,0,0,8,6,0,14,0,0,0,14
04/12/2003,ISO,NC,ASO,EN,Federal Contract Tower,0,2,10,8,20,0,0,74,0,74,0,2,84,8,94,20,0,20,114
04/13/2003,ISO,NC,ASO,EN,Federal Contract Tower,0,0,22,0,22,0,0,40,0,40,0,0,62,0,62,16,0,16,78
04/14/2003,ISO,NC,ASO,EN,Federal Contract Tower,0,6,9,4,19,0,0,40,0,40,0,6,49,4,59,26,0,26,85
04/15/2003,ISO,NC,ASO,EN,Federal Contract Tower,0,8,13,4,25,0,0,43,0,43,0,8,56,4,68,14,8,22,90
04/16/2003,ISO,NC,ASO,EN,Federal Contract Tower,0,8,22,6,36,0,0,41,0,41,0,8,63,6,77,18,14,32,109
04/17/2003,ISO,NC,ASO,EN,Federal Contract Tower,0,8,18,4,30,0,0,22,0,22,0,8,40,4,52,20,6,26,78
04/18/2003,ISO,NC,ASO,EN,Federal Contract Tower,0,8,27,0,35,0,0,2,0,2,0,8,29,0,37,26,0,26,63
04/19/2003,ISO,NC,ASO,EN,Federal Contract Tower,0,2,26,2,30,0,0,20,0,20,0,2,46,2,50,50,0,50,100
04/20/2003,ISO,NC,ASO,EN,Federal Contract Tower,0,0,15,0,15,0,0,17,0,17,0,0,32,0,32,0,0,0,32
04/21/2003,ISO,NC,ASO,EN,Federal Contract Tower,0,6,35,13,54,0,0,25,8,33,0,6,60,21,87,40,14,54,141
04/22/2003,ISO,NC,ASO,EN,Federal Contract Tower,0,8,28,10,46,0,0,24,0,24,0,8,52,10,70,0,0,0,70
04/23/2003,ISO,NC,ASO,EN,Federal Contract Tower,0,8,13,6,27,0,0,50,8,58,0,8,63,14,85,26,30,56,141
04/24/2003,ISO,NC,ASO,EN,Federal Contract Tower,0,8,13,19,40,0,0,37,5,42,0,8,50,24,82,48,56,104,186
04/25/2003,ISO,NC,ASO,EN,Federal Contract Tower,2,8,5,12,27,0,0,11,2,13,2,8,16,14,40,10,0,10,50
04/26/2003,ISO,NC,ASO,EN,Federal Contract Tower,2,2,5,0,9,0,0,6,0,6,2,2,11,0,15,6,0,6,21
04/27/2003,ISO,NC,ASO,EN,Federal Contract Tower,0,2,19,0,21,0,0,17,0,17,0,2,36,0,38,22,0,22,60
04/28/2003,ISO,NC,ASO,EN,Federal Contract Tower,0,6,9,8,23,0,0,37,4,41,0,6,46,12,64,62,24,86,150
04/29/2003,ISO,NC,ASO,EN,Federal Contract Tower,0,8,20,9,37,0,0,50,5,55,0,8,70,14,92,30,14,44,136
04/30/2003,ISO,NC,ASO,EN,Federal Contract Tower,0,8,14,17,39,0,0,38,1,39,0,8,52,18,78,52,26,78,156
05/01/2003,ISO,NC,ASO,EN,Federal Contract Tower,0,8,22,16,46,0,0,39,2,41,0,8,61,18,87,8,12,20,107
05/02/2003,ISO,NC,ASO,EN,Federal Contract Tower,2,8,14,6,30,0,0,23,0,23,2,8,37,6,53,14,10,24,77
05/03/2003,ISO,NC,ASO,EN,Federal Contract Tower,2,2,3,0,7,0,0,21,5,26,2,2,24,5,33,2,0,2,35
05/04/2003,ISO,NC,ASO,EN,Federal Contract Tower,4,0,24,0,28,0,0,13,2,15,4,0,37,2,43,0,0,0,43
05/05/2003,ISO,NC,ASO,EN,Federal Contract Tower,0,6,5,20,31,0,0,29,2,31,0,6,34,22,62,4,22,26,88
05/06/2003,ISO,NC,ASO,EN,Federal Contract Tower,0,8,13,0,21,0,0,12,0,12,0,8,25,0,33,0,0,0,33
05/07/2003,ISO,NC,ASO,EN,Federal Contract Tower,0,8,21,8,37,0,0,42,4,46,0,8,63,12,83,62,4,66,149
05/08/2003,ISO,NC,ASO,EN,Federal Contract Tower,0,8,20,11,39,0,0,49,1,50,0,8,69,12,89,24,16,40,129
05/09/2003,ISO,NC,ASO,EN,Federal Contract Tower,0,10,18,16,44,0,0,21,2,23,0,10,39,18,67,14,0,14,81
05/10/2003,ISO,NC,ASO,EN,Federal Contract Tower,0,2,13,9,24,0,0,16,1,17,0,2,29,10,41,10,10,20,61
05/11/2003,ISO,NC,ASO,EN,Federal Contract Tower,0,0,14,0,14,0,0,7,0,7,0,0,21,0,21,20,0,20,41
05/12/2003,ISO,NC,ASO,EN,Federal Contract Tower,0,6,10,20,36,0,0,22,2,24,0,6,32,22,60,6,22,28,88
05/13/2003,ISO,NC,ASO,EN,Federal Contract Tower,0,8,9,6,23,0,0,33,2,35,0,8,42,8,58,22,0,22,80
05/14/2003,ISO,NC,ASO,EN,Federal Contract Tower,0,10,15,13,38,0,0,49,11,60,0,10,64,24,98,80,2,82,180
05/15/2003,ISO,NC,ASO,EN,Federal Contract Tower,0,8,20,12,40,0,0,34,0,34,0,8,54,12,74,14,0,14,88
05/16/2003,ISO,NC,ASO,EN,Federal Contract Tower,2,8,16,24,50,0,0,40,2,42,2,8,56,26,92,34,24,58,150
05/17/2003,ISO,NC,ASO,EN,Federal Contract Tower,2,2,22,6,32,0,0,6,0,6,2,2,28,6,38,0,0,0,38
05/18/2003,ISO,NC,ASO,EN,Federal Contract Tower,0,0,3,0,3,0,0,1,0,1,0,0,4,0,4,0,0,0,4
05/19/2003,ISO,NC,ASO,EN,Federal Contract Tower,0,6,17,0,23,0,0,11,2,13,0,6,28,2,36,2,0,2,38
05/20/2003,ISO,NC,ASO,EN,Federal Contract Tower,0,6,18,0,24,0,2,74,2,78,0,8,92,2,102,30,0,30,132
05/21/2003,ISO,NC,ASO,EN,Federal Contract Tower,0,8,16,26,50,0,0,40,8,48,0,8,56,34,98,30,18,48,146
05/22/2003,ISO,NC,ASO,EN,Federal Contract Tower,0,7,22,4,33,0,0,15,2,17,0,7,37,6,50,14,10,24,74
05/23/2003,ISO,NC,ASO,EN,Federal Contract Tower,0,10,9,0,19,0,0,0,0,0,0,10,9,0,19,0,0,0,19
05/24/2003,ISO,NC,ASO,EN,Federal Contract Tower,0,2,19,0,21,0,0,19,4,23,0,2,38,4,44,10,0,10,54
05/25/2003,ISO,NC,ASO,EN,Federal Contract Tower,0,2,2,0,4,0,0,8,0,8,0,2,10,0,12,2,0,2,14
05/26/2003,ISO,NC,ASO,EN,Federal Contract Tower,0,0,15,0,15,0,0,10,0,10,0,0,25,0,25,28,0,28,53
05/27/2003,ISO,NC,ASO,EN,Federal Contract Tower,0,6,16,2,24,0,0,1,0,1,0,6,17,2,25,0,0,0,25
05/28/2003,ISO,NC,ASO,EN,Federal Contract Tower,0,8,8,7,23,0,0,50,5,55,0,8,58,12,78,54,6,60,138
05/29/2003,ISO,NC,ASO,EN,Federal Contract Tower,0,12,18,12,42,0,0,37,2,39,0,12,55,14,81,22,18,40,121
05/30/2003,ISO,NC,ASO,EN,Federal Contract Tower,0,10,17,25,52,0,0,50,0,50,0,10,67,25,102,70,20,90,192
05/31/2003,ISO,NC,ASO,EN,Federal Contract Tower,0,2,4,0,6,0,0,6,0,6,0,2,10,0,12,2,0,2,14
06/01/2003,ISO,NC,ASO,EN,Federal Contract Tower,0,0,1,0,1,0,0,13,0,13,0,0,14,0,14,12,0,12,26
06/02/2003,ISO,NC,ASO,EN,Federal Contract Tower,0,6,10,5,21,0,0,61,1,62,0,6,71,6,83,36,0,36,119
06/03/2003,ISO,NC,ASO,EN,Federal Contract Tower,0,10,13,16,39,0,0,25,6,31,0,10,38,22,70,4,18,22,92
06/04/2003,ISO,NC,ASO,EN,Federal Contract Tower,0,12,6,23,41,0,0,5,3,8,0,12,11,26,49,0,0,0,49
06/05/2003,ISO,NC,ASO,EN,Federal Contract Tower,0,8,16,1,25,0,0,45,5,50,0,8,61,6,75,60,8,68,143
06/06/2003,ISO,NC,ASO,EN,Federal Contract Tower,2,8,21,8,39,0,0,46,2,48,2,8,67,10,87,30,12,42,129
06/07/2003,ISO,NC,ASO,EN,Federal Contract Tower,0,2,8,0,10,0,0,2,0,2,0,2,10,0,12,0,0,0,12
06/08/2003,ISO,NC,ASO,EN,Federal Contract Tower,2,2,11,0,15,0,0,0,0,0,2,2,11,0,15,0,0,0,15
06/09/2003,ISO,NC,ASO,EN,Federal Contract Tower,0,6,10,21,37,0,0,21,3,24,0,6,31,24,61,78,82,160,221
06/10/2003,ISO,NC,ASO,EN,Federal Contract Tower,0,12,28,19,59,0,0,38,1,39,0,12,66,20,98,10,48,58,156
06/11/2003,ISO,NC,ASO,EN,Federal Contract Tower,0,8,15,5,28,0,0,21,3,24,0,8,36,8,52,6,14,20,72
06/12/2003,ISO,NC,ASO,EN,Federal Contract Tower,0,14,34,1,49,0,0,0,1,1,0,14,34,2,50,44,0,44,94
06/13/2003,ISO,NC,ASO,EN,Federal Contract Tower,0,10,9,2,21,0,0,22,2,24,0,10,31,4,45,54,6,60,105
06/14/2003,ISO,NC,ASO,EN,Federal Contract Tower,0,2,9,0,11,0,1,12,0,13,0,3,21,0,24,8,0,8,32
06/15/2003,ISO,NC,ASO,EN,Federal Contract Tower,0,0,10,0,10,0,0,10,0,10,0,0,20,0,20,0,0,0,20
06/16/2003,ISO,NC,ASO,EN,Federal Contract Tower,0,6,6,0,12,0,0,3,4,7,0,6,9,4,19,12,0,12,31
06/17/2003,ISO,NC,ASO,EN,Federal Contract Tower,0,8,10,23,41,0,0,4,2,6,0,8,14,25,47,2,0,2,49
06/18/2003,ISO,NC,ASO,EN,Federal Contract Tower,0,8,15,18,41,0,0,11,6,17,0,8,26,24,58,30,42,72,130
06/19/2003,ISO,NC,ASO,EN,Federal Contract Tower,0,8,11,11,30,0,0,14,1,15,0,8,25,12,45,8,14,22,67
06/20/2003,ISO,NC,ASO,EN,Federal Contract Tower,0,7,13,0,20,2,1,21,0,24,2,8,34,0,44,14,0,14,58
06/21/2003,ISO,NC,ASO,EN,Federal Contract Tower,2,2,23,0,27,0,0,99,0,99,2,2,122,0,126,0,0,0,126
06/22/2003,ISO,NC,ASO,EN,Federal Contract Tower,0,0,15,4,19,0,0,24,6,30,0,0,39,10,49,16,12,28,77
06/23/2003,ISO,NC,ASO,EN,Federal Contract Tower,0,6,15,33,54,0,0,28,8,36,0,6,43,41,90,20,18,38,128
06/24/2003,ISO,NC,ASO,EN,Federal Contract Tower,0,7,8,16,31,0,1,37,10,48,0,8,45,26,79,30,16,46,125
06/25/2003,ISO,NC,ASO,EN,Federal Contract Tower,0,8,16,8,32,0,0,45,12,57,0,8,61,20,89,2,0,2,91
06/26/2003,ISO,NC,ASO,EN,Federal Contract Tower,0,8,19,12,39,0,0,30,2,32,0,8,49,14,71,40,0,40,111
06/27/2003,ISO,NC,ASO,EN,Federal Contract Tower,0,8,19,6,33,0,0,26,2,28,0,8,45,8,61,10,4,14,75
06/28/2003,ISO,NC,ASO,EN,Federal Contract Tower,0,4,9,0,13,0,0,7,0,7,0,4,16,0,20,4,0,4,24
06/29/2003,ISO,NC,ASO,EN,Federal Contract Tower,0,2,6,4,12,0,0,11,0,11,0,2,17,4,23,2,4,6,29
06/30/2003,ISO,NC,ASO,EN,Federal Contract Tower,0,6,17,8,31,0,0,26,0,26,0,6,43,8,57,10,0,10,67
07/01/2003,ISO,NC,ASO,EN,Federal Contract Tower,0,8,18,2,28,0,0,35,4,39,0,8,53,6,67,28,0,28,95
07/02/2003,ISO,NC,ASO,EN,Federal Contract Tower,0,5,8,0,13,0,1,1,0,2,0,6,9,0,15,0,0,0,15
07/03/2003,ISO,NC,ASO,EN,Federal Contract Tower,0,8,23,13,44,0,0,33,1,34,0,8,56,14,78,16,18,34,112
07/04/2003,ISO,NC,ASO,EN,Federal Contract Tower,0,2,4,0,6,0,0,22,0,22,0,2,26,0,28,4,0,4,32
07/05/2003,ISO,NC,ASO,EN,Federal Contract Tower,0,0,9,0,9,0,0,16,0,16,0,0,25,0,25,0,0,0,25
07/06/2003,ISO,NC,ASO,EN,Federal Contract Tower,0,0,4,0,4,0,0,7,0,7,0,0,11,0,11,0,0,0,11
07/07/2003,ISO,NC,ASO,EN,Federal Contract Tower,0,6,9,2,17,0,0,9,0,9,0,6,18,2,26,0,16,16,42
07/08/2003,ISO,NC,ASO,EN,Federal Contract Tower,0,6,7,4,17,0,2,44,0,46,0,8,51,4,63,28,0,28,91
07/09/2003,ISO,NC,ASO,EN,Federal Contract Tower,0,8,11,6,25,0,0,36,6,42,0,8,47,12,67,24,0,24,91
07/10/2003,ISO,NC,ASO,EN,Federal Contract Tower,0,8,11,14,33,0,0,25,0,25,0,8,36,14,58,12,0,12,70
07/11/2003,ISO,NC,ASO,EN,Federal Contract Tower,6,9,7,15,37,0,0,26,8,34,6,9,33,23,71,16,32,48,119
07/12/2003,ISO,NC,ASO,EN,Federal Contract Tower,0,2,17,0,19,0,0,21,0,21,0,2,38,0,40,30,0,30,70
07/13/2003,ISO,NC,ASO,EN,Federal Contract Tower,1,4,2,0,7,0,0,6,0,6,1,4,8,0,13,0,0,0,13
07/14/2003,ISO,NC,ASO,EN,Federal Contract Tower,1,6,7,8,22,0,0,9,0,9,1,6,16,8,31,0,4,4,35
07/15/2003,ISO,NC,ASO,EN,Federal Contract Tower,0,8,11,16,35,0,0,27,0,27,0,8,38,16,62,46,16,62,124
07/16/2003,ISO,NC,ASO,EN,Federal Contract Tower,0,9,15,7,31,0,1,26,3,30,0,10,41,10,61,4,12,16,77
07/17/2003,ISO,NC,ASO,EN,Federal Contract Tower,0,8,14,9,31,0,0,14,1,15,0,8,28,10,46,34,4,38,84
07/18/2003,ISO,NC,ASO,EN,Federal Contract Tower,2,8,15,30,55,0,0,27,0,27,2,8,42,30,82,14,18,32,114
07/19/2003,ISO,NC,ASO,EN,Federal Contract Tower,2,2,4,2,10,0,0,15,0,15,2,2,19,2,25,8,0,8,33
07/20/2003,ISO,NC,ASO,EN,Federal Contract Tower,0,0,3,0,3,0,0,24,0,24,0,0,27,0,27,10,0,10,37
07/21/2003,ISO,NC,ASO,EN,Federal Contract Tower,0,6,13,4,23,0,0,30,4,34,0,6,43,8,57,6,4,10,67
07/22/2003,ISO,NC,ASO,EN,Federal Contract Tower,0,8,7,12,27,0,0,26,2,28,0,8,33,14,55,18,2,20,75
07/23/2003,ISO,NC,ASO,EN,Federal Contract Tower,0,9,15,16,40,0,1,6,0,7,0,10,21,16,47,14,18,32,79
07/24/2003,ISO,NC,ASO,EN,Federal Contract Tower,0,8,13,15,36,0,0,25,3,28,0,8,38,18,64,0,18,18,82
07/25/2003,ISO,NC,ASO,EN,Federal Contract Tower,0,8,22,12,42,0,0,41,2,43,0,8,63,14,85,24,12,36,121
07/26/2003,ISO,NC,ASO,EN,Federal Contract Tower,0,4,6,0,10,0,0,28,0,28,0,4,34,0,38,10,0,10,48
07/27/2003,ISO,NC,ASO,EN,Federal Contract Tower,0,2,2,0,4,0,0,31,0,31,0,2,33,0,35,0,0,0,35
07/28/2003,ISO,NC,ASO,EN,Federal Contract Tower,0,6,19,23,48,0,0,19,3,22,0,6,38,26,70,10,68,78,148
07/29/2003,ISO,NC,ASO,EN,Federal Contract Tower,0,6,29,16,51,0,0,29,0,29,0,6,58,16,80,4,10,14,94
07/30/2003,ISO,NC,ASO,EN,Federal Contract Tower,0,8,12,13,33,0,0,18,7,25,0,8,30,20,58,2,22,24,82
07/31/2003,ISO,NC,ASO,EN,Federal Contract Tower,0,8,13,3,24,0,0,11,3,14,0,8,24,6,38,0,14,14,52
08/01/2003,ISO,NC,ASO,EN,Federal Contract Tower,0,8,12,20,40,0,0,29,2,31,0,8,41,22,71,6,14,20,91
08/02/2003,ISO,NC,ASO,EN,Federal Contract Tower,0,4,12,0,16,0,0,28,0,28,0,4,40,0,44,10,0,10,54
08/03/2003,ISO,NC,ASO,EN,Federal Contract Tower,0,0,11,1,12,0,0,15,8,23,0,0,26,9,35,0,0,0,35
08/04/2003,ISO,NC,ASO,EN,Federal Contract Tower,0,7,20,11,38,0,0,18,1,19,0,7,38,12,57,6,14,20,77
08/05/2003,ISO,NC,ASO,EN,Federal Contract Tower,0,11,13,10,34,0,1,20,0,21,0,12,33,10,55,18,4,22,77
08/06/2003,ISO,NC,ASO,EN,Federal Contract Tower,0,8,11,4,23,0,0,10,2,12,0,8,21,6,35,36,0,36,71
08/07/2003,ISO,NC,ASO,EN,Federal Contract Tower,0,10,14,10,34,0,0,10,2,12,0,10,24,12,46,6,44,50,96
08/08/2003,ISO,NC,ASO,EN,Federal Contract Tower,2,8,19,8,37,0,0,1,10,11,2,8,20,18,48,0,46,46,94
08/09/2003,ISO,NC,ASO,EN,Federal Contract Tower,0,2,13,0,15,0,0,2,0,2,0,2,15,0,17,0,0,0,17
08/10/2003,ISO,NC,ASO,EN,Federal Contract Tower,2,2,7,0,11,0,0,3,0,3,2,2,10,0,14,2,0,2,16
08/11/2003,ISO,NC,ASO,EN,Federal Contract Tower,0,6,12,29,47,0,0,22,0,22,0,6,34,29,69,52,42,94,163
08/12/2003,ISO,NC,ASO,EN,Federal Contract Tower,0,8,17,15,40,0,0,29,1,30,0,8,46,16,70,32,16,48,118
08/13/2003,ISO,NC,ASO,EN,Federal Contract Tower,0,8,6,9,23,0,0,43,1,44,0,8,49,10,67,14,10,24,91
08/14/2003,ISO,NC,ASO,EN,Federal Contract Tower,0,8,17,9,34,0,0,41,9,50,0,8,58,18,84,22,12,34,118
08/15/2003,ISO,NC,ASO,EN,Federal Contract Tower,2,8,7,1,18,0,0,43,1,44,2,8,50,2,62,28,0,28,90
08/16/2003,ISO,NC,ASO,EN,Federal Contract Tower,2,2,10,0,14,0,0,16,0,16,2,2,26,0,30,0,0,0,30
08/17/2003,ISO,NC,ASO,EN,Federal Contract Tower,0,0,3,0,3,0,0,20,0,20,0,0,23,0,23,18,0,18,41
08/18/2003,ISO,NC,ASO,EN,Federal Contract Tower,0,6,22,29,57,0,0,13,5,18,0,6,35,34,75,52,22,74,149
08/19/2003,ISO,NC,ASO,EN,Federal Contract Tower,0,8,23,4,35,0,0,26,2,28,0,8,49,6,63,0,18,18,81
08/20/2003,ISO,NC,ASO,EN,Federal Contract Tower,4,8,15,14,41,0,0,27,2,29,4,8,42,16,70,8,8,16,86
08/21/2003,ISO,NC,ASO,EN,Federal Contract Tower,0,8,34,12,54,0,1,56,6,63,0,9,90,18,117,58,12,70,187
08/22/2003,ISO,NC,ASO,EN,Federal Contract Tower,0,8,13,19,40,0,0,20,2,22,0,8,33,21,62,6,14,20,82
08/23/2003,ISO,NC,ASO,EN,Federal Contract Tower,0,2,15,0,17,0,0,22,0,22,0,2,37,0,39,10,0,10,49
08/24/2003,ISO,NC,ASO,EN,Federal Contract Tower,0,0,16,0,16,0,0,22,0,22,0,0,38,0,38,6,0,6,44
08/25/2003,ISO,NC,ASO,EN,Federal Contract Tower,0,8,11,11,30,0,1,41,7,49,0,9,52,18,79,16,28,44,123
08/26/2003,ISO,NC,ASO,EN,Federal Contract Tower,0,7,12,28,47,0,1,35,8,44,0,8,47,36,91,2,22,24,115
08/27/2003,ISO,NC,ASO,EN,Federal Contract Tower,0,6,30,12,48,0,1,30,4,35,0,7,60,16,83,18,8,26,109
08/28/2003,ISO,NC,ASO,EN,Federal Contract Tower,0,8,8,10,26,0,0,35,4,39,0,8,43,14,65,32,4,36,101
08/29/2003,ISO,NC,ASO,EN,Federal Contract Tower,2,7,6,7,22,0,1,64,1,66,2,8,70,8,88,32,20,52,140
08/30/2003,ISO,NC,ASO,EN,Federal Contract Tower,0,2,9,6,17,0,0,39,2,41,0,2,48,8,58,14,6,20,78
08/31/2003,ISO,NC,ASO,EN,Federal Contract Tower,0,2,11,0,13,0,1,10,0,11,0,3,21,0,24,2,0,2,26
09/01/2003,ISO,NC,ASO,EN,Federal Contract Tower,0,0,7,0,7,0,0,28,0,28,0,0,35,0,35,38,0,38,73
09/02/2003,ISO,NC,ASO,EN,Federal Contract Tower,0,6,17,22,45,0,0,24,2,26,0,6,41,24,71,18,18,36,107
09/03/2003,ISO,NC,ASO,EN,Federal Contract Tower,0,8,16,6,30,0,0,22,4,26,0,8,38,10,56,18,6,24,80
09/04/2003,ISO,NC,ASO,EN,Federal Contract Tower,0,8,17,3,28,0,0,19,3,22,0,8,36,6,50,20,10,30,80
09/05/2003,ISO,NC,ASO,EN,Federal Contract Tower,2,8,7,16,33,0,0,12,3,15,2,8,19,19,48,24,14,38,86
09/06/2003,ISO,NC,ASO,EN,Federal Contract Tower,0,2,21,0,23,0,0,25,0,25,0,2,46,0,48,20,0,20,68
09/07/2003,ISO,NC,ASO,EN,Federal Contract Tower,2,0,9,0,11,0,0,22,0,22,2,0,31,0,33,4,0,4,37
09/08/2003,ISO,NC,ASO,EN,Federal Contract Tower,0,7,33,42,82,0,0,2,4,6,0,7,35,46,88,18,6,24,112
09/09/2003,ISO,NC,ASO,EN,Federal Contract Tower,0,8,7,16,31,0,0,22,4,26,0,8,29,20,57,6,0,6,63
09/10/2003,ISO,NC,ASO,EN,Federal Contract Tower,0,8,26,20,54,0,0,31,1,32,0,8,57,21,86,4,6,10,96
09/11/2003,ISO,NC,ASO,EN,Federal Contract Tower,0,8,17,33,58,0,0,21,5,26,0,8,38,38,84,16,38,54,138
09/12/2003,ISO,NC,ASO,EN,Federal Contract Tower,0,8,30,0,38,0,0,6,0,6,0,8,36,0,44,0,0,0,44
09/13/2003,ISO,NC,ASO,EN,Federal Contract Tower,0,2,5,4,11,0,0,2,0,2,0,2,7,4,13,0,0,0,13
09/14/2003,ISO,NC,ASO,EN,Federal Contract Tower,0,0,9,0,9,0,0,20,0,20,0,0,29,0,29,64,0,64,93
09/15/2003,ISO,NC,ASO,EN,Federal Contract Tower,0,6,8,0,14,0,0,23,0,23,0,6,31,0,37,72,0,72,109
09/16/2003,ISO,NC,ASO,EN,Federal Contract Tower,0,7,13,16,36,0,1,31,2,34,0,8,44,18,70,10,12,22,92
09/17/2003,ISO,NC,ASO,EN,Federal Contract Tower,0,8,14,0,22,0,0,10,0,10,0,8,24,0,32,2,0,2,34
09/18/2003,ISO,NC,ASO,EN,Federal Contract Tower,0,0,0,0,0,0,0,0,0,0,0,0,0,0,0,0,0,0,0
09/19/2003,ISO,NC,ASO,EN,Federal Contract Tower,0,8,9,8,25,0,0,52,8,60,0,8,61,16,85,6,0,6,91
09/20/2003,ISO,NC,ASO,EN,Federal Contract Tower,2,2,9,3,16,0,0,60,2,62,2,2,69,5,78,40,0,40,118
09/21/2003,ISO,NC,ASO,EN,Federal Contract Tower,0,2,7,2,11,0,0,41,0,41,0,2,48,2,52,46,0,46,98
09/22/2003,ISO,NC,ASO,EN,Federal Contract Tower,0,7,6,2,15,0,0,15,0,15,0,7,21,2,30,6,0,6,36
09/23/2003,ISO,NC,ASO,EN,Federal Contract Tower,0,7,16,0,23,0,2,25,1,28,0,9,41,1,51,12,0,12,63
09/24/2003,ISO,NC,ASO,EN,Federal Contract Tower,0,8,24,26,58,0,0,69,7,76,0,8,93,33,134,12,0,12,146
09/25/2003,ISO,NC,ASO,EN,Federal Contract Tower,0,8,15,15,38,0,0,48,3,51,0,8,63,18,89,44,34,78,167
09/26/2003,ISO,NC,ASO,EN,Federal Contract Tower,0,8,16,14,38,0,0,56,2,58,0,8,72,16,96,4,16,20,116
09/27/2003,ISO,NC,ASO,EN,Federal Contract Tower,0,0,3,0,3,0,0,22,0,22,0,0,25,0,25,10,0,10,35
09/28/2003,ISO,NC,ASO,EN,Federal Contract Tower,0,0,23,4,27,0,0,16,2,18,0,0,39,6,45,0,0,0,45
09/29/2003,ISO,NC,ASO,EN,Federal Contract Tower,1,8,19,12,40,0,0,25,4,29,1,8,44,16,69,10,84,94,163
09/30/2003,ISO,NC,ASO,EN,Federal Contract Tower,0,8,16,0,24,0,0,39,0,39,0,8,55,0,63,32,0,32,95
10/01/2003,ISO,NC,ASO,EN,Federal Contract Tower,0,7,18,10,35,0,1,36,12,49,0,8,54,22,84,32,32,64,148
10/02/2003,ISO,NC,ASO,EN,Federal Contract Tower,0,3,8,0,11,0,5,50,0,55,0,8,58,0,66,22,0,22,88
10/03/2003,ISO,NC,ASO,EN,Federal Contract Tower,0,6,16,4,26,0,4,50,0,54,0,10,66,4,80,70,0,70,150
10/04/2003,ISO,NC,ASO,EN,Federal Contract Tower,0,2,8,4,14,0,0,27,4,31,0,2,35,8,45,16,0,16,61
10/05/2003,ISO,NC,ASO,EN,Federal Contract Tower,0,2,10,0,12,0,0,49,0,49,0,2,59,0,61,48,0,48,109
10/06/2003,ISO,NC,ASO,EN,Federal Contract Tower,0,8,23,4,35,0,0,73,0,73,0,8,96,4,108,8,4,12,120
10/07/2003,ISO,NC,ASO,EN,Federal Contract Tower,0,8,27,16,51,0,0,19,34,53,0,8,46,50,104,14,26,40,144
10/08/2003,ISO,NC,ASO,EN,Federal Contract Tower,0,8,21,12,41,0,0,3,2,5,0,8,24,14,46,0,0,0,46
10/09/2003,ISO,NC,ASO,EN,Federal Contract Tower,0,6,15,8,29,0,2,15,6,23,0,8,30,14,52,18,12,30,82
10/10/2003,ISO,NC,ASO,EN,Federal Contract Tower,0,8,24,4,36,0,0,13,0,13,0,8,37,4,49,0,0,0,49
10/11/2003,ISO,NC,ASO,EN,Federal Contract Tower,0,2,16,10,28,0,0,7,2,9,0,2,23,12,37,0,0,0,37
10/12/2003,ISO,NC,ASO,EN,Federal Contract Tower,0,0,4,0,4,0,0,28,0,28,0,0,32,0,32,46,0,46,78
10/13/2003,ISO,NC,ASO,EN,Federal Contract Tower,0,2,13,0,15,0,0,51,0,51,0,2,64,0,66,14,0,14,80
10/14/2003,ISO,NC,ASO,EN,Federal Contract Tower,0,9,19,2,30,0,1,11,0,12,0,10,30,2,42,0,0,0,42
10/15/2003,ISO,NC,ASO,EN,Federal Contract Tower,0,7,15,9,31,0,1,34,7,42,0,8,49,16,73,6,12,18,91
10/16/2003,ISO,NC,ASO,EN,Federal Contract Tower,0,8,17,10,35,0,0,58,9,67,0,8,75,19,102,34,10,44,146
10/17/2003,ISO,NC,ASO,EN,Federal Contract Tower,0,6,12,6,24,2,2,56,11,71,2,8,68,17,95,36,46,82,177
10/18/2003,ISO,NC,ASO,EN,Federal Contract Tower,0,2,22,0,24,4,0,43,0,47,4,2,65,0,71,26,0,26,97
10/19/2003,ISO,NC,ASO,EN,Federal Contract Tower,0,2,12,0,14,0,0,59,0,59,0,2,71,0,73,24,0,24,97
10/20/2003,ISO,NC,ASO,EN,Federal Contract Tower,0,5,11,4,20,0,3,37,0,40,0,8,48,4,60,14,0,14,74
10/21/2003,ISO,NC,ASO,EN,Federal Contract Tower,0,6,14,7,27,0,2,32,3,37,0,8,46,10,64,20,34,54,118
10/22/2003,ISO,NC,ASO,EN,Federal Contract Tower,0,8,20,10,38,0,0,10,20,30,0,8,30,30,68,4,46,50,118
10/23/2003,ISO,NC,ASO,EN,Federal Contract Tower,0,7,16,8,31,0,1,36,10,47,0,8,52,18,78,24,0,24,102
10/24/2003,ISO,NC,ASO,EN,Federal Contract Tower,0,7,15,7,29,0,1,44,9,54,0,8,59,16,83,36,20,56,139
10/25/2003,ISO,NC,ASO,EN,Federal Contract Tower,0,2,13,5,20,0,0,27,5,32,0,2,40,10,52,6,0,6,58
10/26/2003,ISO,NC,ASO,EN,Federal Contract Tower,0,0,8,0,8,0,0,18,0,18,0,0,26,0,26,6,0,6,32
10/27/2003,ISO,NC,ASO,EN,Federal Contract Tower,0,6,17,8,31,0,2,7,0,9,0,8,24,8,40,10,12,22,62
10/28/2003,ISO,NC,ASO,EN,Federal Contract Tower,0,8,18,13,39,0,0,0,7,7,0,8,18,20,46,0,0,0,46
10/29/2003,ISO,NC,ASO,EN,Federal Contract Tower,0,6,17,9,32,4,2,18,3,27,4,8,35,12,59,16,0,16,75
10/30/2003,ISO,NC,ASO,EN,Federal Contract Tower,0,4,11,4,19,0,4,54,0,58,0,8,65,4,77,12,0,12,89
10/31/2003,ISO,NC,ASO,EN,Federal Contract Tower,0,4,12,0,16,0,4,53,0,57,0,8,65,0,73,33,0,33,106
11/01/2003,ISO,NC,ASO,EN,Federal Contract Tower,0,2,7,0,9,0,2,46,0,48,0,4,53,0,57,30,0,30,87
11/02/2003,ISO,NC,ASO,EN,Federal Contract Tower,0,2,6,0,8,0,0,42,0,42,0,2,48,0,50,10,0,10,60
11/03/2003,ISO,NC,ASO,EN,Federal Contract Tower,0,7,18,11,36,0,1,26,11,38,0,8,44,22,74,42,6,48,122
11/04/2003,ISO,NC,ASO,EN,Federal Contract Tower,0,8,31,19,58,0,0,25,16,41,0,8,56,35,99,36,44,80,179
11/05/2003,ISO,NC,ASO,EN,Federal Contract Tower,0,8,28,17,53,0,0,21,7,28,0,8,49,24,81,18,30,48,129
11/06/2003,ISO,NC,ASO,EN,Federal Contract Tower,0,6,15,8,29,0,2,10,0,12,0,8,25,8,41,0,0,0,41
11/07/2003,ISO,NC,ASO,EN,Federal Contract Tower,1,8,27,4,40,1,0,30,0,31,2,8,57,4,71,18,10,28,99
11/08/2003,ISO,NC,ASO,EN,Federal Contract Tower,0,2,7,0,9,0,0,19,0,19,0,2,26,0,28,98,0,98,126
11/09/2003,ISO,NC,ASO,EN,Federal Contract Tower,0,0,8,0,8,2,0,27,0,29,2,0,35,0,37,28,0,28,65
11/10/2003,ISO,NC,ASO,EN,Federal Contract Tower,0,6,18,6,30,0,2,51,0,53,0,8,69,6,83,26,20,46,129
11/11/2003,ISO,NC,ASO,EN,Federal Contract Tower,0,3,9,0,12,0,1,45,0,46,0,4,54,0,58,58,0,58,116
11/12/2003,ISO,NC,ASO,EN,Federal Contract Tower,0,7,22,11,40,0,1,22,5,28,0,8,44,16,68,6,0,6,74
11/13/2003,ISO,NC,ASO,EN,Federal Contract Tower,0,6,18,10,34,0,4,6,8,18,0,10,24,18,52,0,0,0,52
11/14/2003,ISO,NC,ASO,EN,Federal Contract Tower,0,8,27,10,45,0,0,38,0,38,0,8,65,10,83,16,0,16,99
11/15/2003,ISO,NC,ASO,EN,Federal Contract Tower,0,2,11,0,13,0,0,45,0,45,0,2,56,0,58,26,0,26,84
11/16/2003,ISO,NC,ASO,EN,Federal Contract Tower,0,0,7,0,7,0,0,43,0,43,0,0,50,0,50,26,0,26,76
11/17/2003,ISO,NC,ASO,EN,Federal Contract Tower,0,8,31,18,57,0,0,17,24,41,0,8,48,42,98,4,58,62,160
11/18/2003,ISO,NC,ASO,EN,Federal Contract Tower,0,8,37,22,67,0,0,7,20,27,0,8,44,42,94,22,36,58,152
11/19/2003,ISO,NC,ASO,EN,Federal Contract Tower,0,3,6,4,13,0,5,0,0,5,0,8,6,4,18,0,2,2,20
11/20/2003,ISO,NC,ASO,EN,Federal Contract Tower,0,6,22,13,41,0,2,26,13,41,0,8,48,26,82,18,24,42,124
11/21/2003,ISO,NC,ASO,EN,Federal Contract Tower,0,7,24,2,33,2,1,57,0,60,2,8,81,2,93,42,2,44,137
11/22/2003,ISO,NC,ASO,EN,Federal Contract Tower,0,2,14,0,16,2,0,71,0,73,2,2,85,0,89,22,0,22,111
11/23/2003,ISO,NC,ASO,EN,Federal Contract Tower,0,0,11,0,11,0,0,52,0,52,0,0,63,0,63,88,0,88,151
11/24/2003,ISO,NC,ASO,EN,Federal Contract Tower,0,7,26,15,48,0,1,24,20,45,0,8,50,35,93,26,22,48,141
11/25/2003,ISO,NC,ASO,EN,Federal Contract Tower,0,10,31,18,59,0,0,13,26,39,0,10,44,44,98,12,72,84,182
11/26/2003,ISO,NC,ASO,EN,Federal Contract Tower,0,7,25,10,42,0,1,38,0,39,0,8,63,10,81,0,4,4,85
11/27/2003,ISO,NC,ASO,EN,Federal Contract Tower,0,0,3,0,3,0,0,13,0,13,0,0,16,0,16,0,0,0,16
11/28/2003,ISO,NC,ASO,EN,Federal Contract Tower,0,1,6,0,7,0,7,1,0,8,0,8,7,0,15,0,0,0,15
11/29/2003,ISO,NC,ASO,EN,Federal Contract Tower,0,1,5,0,6,0,1,21,0,22,0,2,26,0,28,2,0,2,30
11/30/2003,ISO,NC,ASO,EN,Federal Contract Tower,0,2,13,8,23,0,0,46,4,50,0,2,59,12,73,4,28,32,105
12/01/2003,ISO,NC,ASO,EN,Federal Contract Tower,0,3,9,7,19,0,5,28,1,34,0,8,37,8,53,26,18,44,97
12/02/2003,ISO,NC,ASO,EN,Federal Contract Tower,0,7,14,12,33,0,1,17,6,24,0,8,31,18,57,0,8,8,65
12/03/2003,ISO,NC,ASO,EN,Federal Contract Tower,0,5,9,4,18,0,3,33,0,36,0,8,42,4,54,16,0,16,70
12/04/2003,ISO,NC,ASO,EN,Federal Contract Tower,0,9,18,2,29,0,1,0,0,1,0,10,18,2,30,0,0,0,30
12/05/2003,ISO,NC,ASO,EN,Federal Contract Tower,0,8,15,8,31,0,2,4,0,6,0,10,19,8,37,0,0,0,37
12/06/2003,ISO,NC,ASO,EN,Federal Contract Tower,0,2,11,0,13,0,0,31,0,31,0,2,42,0,44,0,0,0,44
12/07/2003,ISO,NC,ASO,EN,Federal Contract Tower,0,0,8,0,8,0,0,26,0,26,0,0,34,0,34,14,0,14,48
12/08/2003,ISO,NC,ASO,EN,Federal Contract Tower,0,8,17,12,37,0,0,14,13,27,0,8,31,25,64,22,30,52,116
12/09/2003,ISO,NC,ASO,EN,Federal Contract Tower,0,8,31,22,61,0,0,36,26,62,0,8,67,48,123,18,40,58,181
12/10/2003,ISO,NC,ASO,EN,Federal Contract Tower,0,6,16,10,32,0,0,11,0,11,0,6,27,10,43,4,4,8,51
12/11/2003,ISO,NC,ASO,EN,Federal Contract Tower,0,7,16,6,29,0,1,29,0,30,0,8,45,6,59,8,8,16,75
12/12/2003,ISO,NC,ASO,EN,Federal Contract Tower,0,8,20,12,40,2,0,46,4,52,2,8,66,16,92,112,0,112,204
12/13/2003,ISO,NC,ASO,EN,Federal Contract Tower,0,2,9,0,11,0,0,34,0,34,0,2,43,0,45,34,0,34,79
12/14/2003,ISO,NC,ASO,EN,Federal Contract Tower,0,0,8,2,10,2,0,5,0,7,2,0,13,2,17,0,0,0,17
12/15/2003,ISO,NC,ASO,EN,Federal Contract Tower,0,8,19,12,39,0,0,23,22,45,0,8,42,34,84,34,90,124,208
12/16/2003,ISO,NC,ASO,EN,Federal Contract Tower,0,10,33,22,65,0,0,40,21,61,0,10,73,43,126,28,18,46,172
12/17/2003,ISO,NC,ASO,EN,Federal Contract Tower,0,3,10,0,13,0,5,9,0,14,0,8,19,0,27,0,0,0,27
12/18/2003,ISO,NC,ASO,EN,Federal Contract Tower,0,7,18,13,38,0,1,51,21,73,0,8,69,34,111,38,32,70,181
12/19/2003,ISO,NC,ASO,EN,Federal Contract Tower,0,8,25,4,37,0,0,23,0,23,0,8,48,4,60,0,0,0,60
12/20/2003,ISO,NC,ASO,EN,Federal Contract Tower,0,2,7,0,9,0,0,36,0,36,0,2,43,0,45,14,0,14,59
12/21/2003,ISO,NC,ASO,EN,Federal Contract Tower,0,0,10,0,10,0,0,43,0,43,0,0,53,0,53,44,0,44,97
12/22/2003,ISO,NC,ASO,EN,Federal Contract Tower,0,8,25,18,51,0,0,22,13,35,0,8,47,31,86,28,39,67,153
12/23/2003,ISO,NC,ASO,EN,Federal Contract Tower,0,6,17,6,29,0,9,30,0,39,0,15,47,6,68,6,4,10,78
12/24/2003,ISO,NC,ASO,EN,Federal Contract Tower,0,4,11,0,15,0,4,9,0,13,0,8,20,0,28,0,0,0,28
12/25/2003,ISO,NC,ASO,EN,Federal Contract Tower,0,0,1,0,1,0,0,12,0,12,0,0,13,0,13,0,0,0,13
12/26/2003,ISO,NC,ASO,EN,Federal Contract Tower,0,5,15,0,20,0,3,20,0,23,0,8,35,0,43,0,0,0,43
12/27/2003,ISO,NC,ASO,EN,Federal Contract Tower,0,2,7,0,9,0,1,60,0,61,0,3,67,0,70,12,0,12,82
12/28/2003,ISO,NC,ASO,EN,Federal Contract Tower,0,1,4,0,5,0,0,26,0,26,0,1,30,0,31,8,0,8,39
12/29/2003,ISO,NC,ASO,EN,Federal Contract Tower,0,4,10,7,21,0,5,28,9,42,0,9,38,16,63,10,40,50,113
12/30/2003,ISO,NC,ASO,EN,Federal Contract Tower,0,8,22,15,45,0,4,5,17,26,0,12,27,32,71,6,24,30,101
12/31/2003,ISO,NC,ASO,EN,Federal Contract Tower,0,5,16,10,31,10,0,51,0,61,10,5,67,10,92,42,16,58,150
01/01/2004,ISO,NC,ASO,EN,Federal Contract Tower,0,0,3,0,3,0,2,29,0,31,0,2,32,0,34,52,0,52,86
01/02/2004,ISO,NC,ASO,EN,Federal Contract Tower,0,3,2,0,5,0,7,51,0,58,0,10,53,0,63,30,0,30,93
01/03/2004,ISO,NC,ASO,EN,Federal Contract Tower,0,4,6,3,13,0,0,50,0,50,0,4,56,3,63,16,0,16,79
01/04/2004,ISO,NC,ASO,EN,Federal Contract Tower,0,0,3,2,5,0,0,37,0,37,0,0,40,2,42,16,0,16,58
01/05/2004,ISO,NC,ASO,EN,Federal Contract Tower,0,5,8,7,20,0,4,5,1,10,0,9,13,8,30,4,0,4,34
01/06/2004,ISO,NC,ASO,EN,Federal Contract Tower,0,8,13,8,29,0,0,29,0,29,0,8,42,8,58,6,12,18,76
01/07/2004,ISO,NC,ASO,EN,Federal Contract Tower,0,8,13,14,35,0,0,22,4,26,0,8,35,18,61,16,4,20,81
01/08/2004,ISO,NC,ASO,EN,Federal Contract Tower,0,6,9,10,25,0,1,22,2,25,0,7,31,12,50,2,32,34,84
01/09/2004,ISO,NC,ASO,EN,Federal Contract Tower,0,4,5,2,11,4,2,0,0,6,4,6,5,2,17,0,0,0,17
01/10/2004,ISO,NC,ASO,EN,Federal Contract Tower,0,2,3,0,5,0,0,16,0,16,0,2,19,0,21,14,0,14,35
01/11/2004,ISO,NC,ASO,EN,Federal Contract Tower,0,0,8,0,8,4,0,41,0,45,4,0,49,0,53,20,0,20,73
01/12/2004,ISO,NC,ASO,EN,Federal Contract Tower,0,6,10,11,27,0,2,44,5,51,0,8,54,16,78,50,32,82,160
01/13/2004,ISO,NC,ASO,EN,Federal Contract Tower,0,8,13,13,34,0,2,45,5,52,0,10,58,18,86,8,20,28,114
01/14/2004,ISO,NC,ASO,EN,Federal Contract Tower,0,8,26,24,58,0,0,16,24,40,0,8,42,48,98,44,24,68,166
01/15/2004,ISO,NC,ASO,EN,Federal Contract Tower,0,5,9,2,16,0,3,32,0,35,0,8,41,2,51,22,0,22,73
01/16/2004,ISO,NC,ASO,EN,Federal Contract Tower,2,8,21,18,49,0,0,31,16,47,2,8,52,34,96,56,26,82,178
01/17/2004,ISO,NC,ASO,EN,Federal Contract Tower,0,4,8,0,12,6,0,28,0,34,6,4,36,0,46,10,0,10,56
01/18/2004,ISO,NC,ASO,EN,Federal Contract Tower,0,2,6,0,8,0,0,8,0,8,0,2,14,0,16,0,0,0,16
01/19/2004,ISO,NC,ASO,EN,Federal Contract Tower,0,2,6,0,8,0,0,23,0,23,0,2,29,0,31,28,0,28,59
01/20/2004,ISO,NC,ASO,EN,Federal Contract Tower,0,4,8,8,20,0,6,25,2,33,0,10,33,10,53,28,12,40,93
01/21/2004,ISO,NC,ASO,EN,Federal Contract Tower,0,6,13,10,29,0,2,34,0,36,0,8,47,10,65,46,2,48,113
01/22/2004,ISO,NC,ASO,EN,Federal Contract Tower,0,8,16,16,40,0,0,38,8,46,0,8,54,24,86,20,30,50,136
01/23/2004,ISO,NC,ASO,EN,Federal Contract Tower,0,8,16,16,40,0,0,21,8,29,0,8,37,24,69,18,6,24,93
01/24/2004,ISO,NC,ASO,EN,Federal Contract Tower,0,2,9,4,15,0,0,21,0,21,0,2,30,4,36,2,10,12,48
01/25/2004,ISO,NC,ASO,EN,Federal Contract Tower,0,0,2,0,2,0,0,1,0,1,0,0,3,0,3,0,0,0,3
01/26/2004,ISO,NC,ASO,EN,Federal Contract Tower,0,0,0,0,0,0,0,0,0,0,0,0,0,0,0,0,0,0,0
01/27/2004,ISO,NC,ASO,EN,Federal Contract Tower,0,1,1,0,2,0,3,0,0,3,0,4,1,0,5,0,0,0,5
01/28/2004,ISO,NC,ASO,EN,Federal Contract Tower,0,6,15,15,36,0,0,14,1,15,0,6,29,16,51,0,8,8,59
01/29/2004,ISO,NC,ASO,EN,Federal Contract Tower,0,6,13,12,31,0,4,23,18,45,0,10,36,30,76,52,28,80,156
01/30/2004,ISO,NC,ASO,EN,Federal Contract Tower,0,8,25,22,55,0,0,47,14,61,0,8,72,36,116,50,56,106,222
01/31/2004,ISO,NC,ASO,EN,Federal Contract Tower,0,4,9,4,17,0,0,36,0,36,0,4,45,4,53,64,2,66,119
02/01/2004,ISO,NC,ASO,EN,Federal Contract Tower,0,2,6,2,10,0,0,22,0,22,0,2,28,2,32,4,0,4,36
02/02/2004,ISO,NC,ASO,EN,Federal Contract Tower,0,8,15,16,39,0,0,27,0,27,0,8,42,16,66,4,18,22,88
02/03/2004,ISO,NC,ASO,EN,Federal Contract Tower,0,8,20,21,49,0,0,13,3,16,0,8,33,24,65,2,8,10,75
02/04/2004,ISO,NC,ASO,EN,Federal Contract Tower,0,8,23,25,56,0,0,54,15,69,0,8,77,40,125,62,58,120,245
02/05/2004,ISO,NC,ASO,EN,Federal Contract Tower,0,10,26,28,64,0,0,25,10,35,0,10,51,38,99,28,30,58,157
02/06/2004,ISO,NC,ASO,EN,Federal Contract Tower,1,4,8,6,19,1,4,11,0,16,2,8,19,6,35,20,0,20,55
02/07/2004,ISO,NC,ASO,EN,Federal Contract Tower,0,2,3,5,10,0,0,19,3,22,0,2,22,8,32,4,6,10,42
02/08/2004,ISO,NC,ASO,EN,Federal Contract Tower,1,0,7,0,8,1,0,27,0,28,2,0,34,0,36,18,0,18,54
02/09/2004,ISO,NC,ASO,EN,Federal Contract Tower,0,8,24,22,54,0,0,21,20,41,0,8,45,42,95,48,68,116,211
02/10/2004,ISO,NC,ASO,EN,Federal Contract Tower,0,8,22,20,50,0,0,24,14,38,0,8,46,34,88,18,10,28,116
02/11/2004,ISO,NC,ASO,EN,Federal Contract Tower,0,8,19,16,43,0,0,37,0,37,0,8,56,16,80,48,4,52,132
02/12/2004,ISO,NC,ASO,EN,Federal Contract Tower,0,4,6,9,19,0,4,0,1,5,0,8,6,10,24,0,0,0,24
02/13/2004,ISO,NC,ASO,EN,Federal Contract Tower,0,6,12,11,29,0,4,50,1,55,0,10,62,12,84,75,12,87,171
02/14/2004,ISO,NC,ASO,EN,Federal Contract Tower,0,2,4,0,6,2,2,0,0,4,2,4,4,0,10,0,0,0,10
02/15/2004,ISO,NC,ASO,EN,Federal Contract Tower,0,0,4,1,5,1,0,13,0,14,1,0,17,1,19,10,0,10,29
02/16/2004,ISO,NC,ASO,EN,Federal Contract Tower,0,2,5,0,7,0,0,21,0,21,0,2,26,0,28,22,0,22,50
02/17/2004,ISO,NC,ASO,EN,Federal Contract Tower,0,4,6,10,20,0,4,0,0,4,0,8,6,10,24,0,0,0,24
02/18/2004,ISO,NC,ASO,EN,Federal Contract Tower,0,5,13,13,31,0,5,17,1,23,0,10,30,14,54,2,6,8,62
02/19/2004,ISO,NC,ASO,EN,Federal Contract Tower,0,7,18,17,42,0,1,50,11,62,0,8,68,28,104,70,26,96,200
02/20/2004,ISO,NC,ASO,EN,Federal Contract Tower,0,8,23,22,53,2,0,62,6,70,2,8,85,28,123,90,6,96,219
02/21/2004,ISO,NC,ASO,EN,Federal Contract Tower,0,1,5,0,6,0,1,25,0,26,0,2,30,0,32,0,0,0,32
02/22/2004,ISO,NC,ASO,EN,Federal Contract Tower,0,0,10,0,10,0,0,36,0,36,0,0,46,0,46,18,0,18,64
02/23/2004,ISO,NC,ASO,EN,Federal Contract Tower,0,8,23,23,54,0,0,47,29,76,0,8,70,52,130,166,60,226,356
02/24/2004,ISO,NC,ASO,EN,Federal Contract Tower,0,8,21,20,49,0,0,0,4,4,0,8,21,24,53,0,0,0,53
02/25/2004,ISO,NC,ASO,EN,Federal Contract Tower,0,8,21,20,49,0,0,31,16,47,0,8,52,36,96,34,36,70,166
02/26/2004,ISO,NC,ASO,EN,Federal Contract Tower,0,1,5,0,6,0,3,2,0,5,0,4,7,0,11,0,0,0,11
02/27/2004,ISO,NC,ASO,EN,Federal Contract Tower,0,2,5,2,9,0,2,3,0,5,0,4,8,2,14,0,10,10,24
02/28/2004,ISO,NC,ASO,EN,Federal Contract Tower,0,3,10,9,22,0,1,41,1,43,0,4,51,10,65,36,12,48,113
02/29/2004,ISO,NC,ASO,EN,Federal Contract Tower,0,2,11,8,21,0,0,39,0,39,0,2,50,8,60,18,2,20,80
03/01/2004,ISO,NC,ASO,EN,Federal Contract Tower,0,7,16,17,40,0,2,65,10,77,0,9,81,27,117,12,50,62,179
03/02/2004,ISO,NC,ASO,EN,Federal Contract Tower,0,7,18,17,42,0,0,29,23,52,0,7,47,40,94,34,36,70,164
03/03/2004,ISO,NC,ASO,EN,Federal Contract Tower,0,6,13,6,25,0,5,94,0,99,0,11,107,6,124,42,10,52,176
03/04/2004,ISO,NC,ASO,EN,Federal Contract Tower,0,5,12,8,25,0,16,54,0,70,0,21,66,8,95,52,8,60,155
03/05/2004,ISO,NC,ASO,EN,Federal Contract Tower,1,5,12,0,18,1,10,29,0,40,2,15,41,0,58,10,0,10,68
03/06/2004,ISO,NC,ASO,EN,Federal Contract Tower,0,2,4,0,6,0,0,18,0,18,0,2,22,0,24,6,0,6,30
03/07/2004,ISO,NC,ASO,EN,Federal Contract Tower,1,0,8,2,11,1,0,55,0,56,2,0,63,2,67,2,4,6,73
03/08/2004,ISO,NC,ASO,EN,Federal Contract Tower,0,6,12,6,24,0,5,46,0,51,0,11,58,6,75,14,4,18,93
03/09/2004,ISO,NC,ASO,EN,Federal Contract Tower,0,8,17,17,42,0,0,50,13,63,0,8,67,30,105,102,46,148,253
03/10/2004,ISO,NC,ASO,EN,Federal Contract Tower,0,7,15,16,38,0,1,2,12,15,0,8,17,28,53,0,2,2,55
03/11/2004,ISO,NC,ASO,EN,Federal Contract Tower,0,10,23,22,55,0,0,36,14,50,0,10,59,36,105,2,34,36,141
03/12/2004,ISO,NC,ASO,EN,Federal Contract Tower,0,9,19,19,47,0,3,46,11,60,0,12,65,30,107,24,44,68,175
03/13/2004,ISO,NC,ASO,EN,Federal Contract Tower,0,4,9,9,22,0,0,56,1,57,0,4,65,10,79,20,0,20,99
03/14/2004,ISO,NC,ASO,EN,Federal Contract Tower,0,2,7,0,9,0,0,42,0,42,0,2,49,0,51,28,0,28,79
03/15/2004,ISO,NC,ASO,EN,Federal Contract Tower,0,11,20,25,56,0,0,0,11,11,0,11,20,36,67,4,0,4,71
03/16/2004,ISO,NC,ASO,EN,Federal Contract Tower,0,8,18,16,42,0,0,7,0,7,0,8,25,16,49,4,0,4,53
03/17/2004,ISO,NC,ASO,EN,Federal Contract Tower,0,10,30,27,67,0,0,11,4,15,0,10,41,31,82,6,16,22,104
03/18/2004,ISO,NC,ASO,EN,Federal Contract Tower,0,8,20,18,46,0,0,20,6,26,0,8,40,24,72,6,34,40,112
03/19/2004,ISO,NC,ASO,EN,Federal Contract Tower,0,7,14,12,33,2,2,21,2,27,2,9,35,14,60,14,12,26,86
03/20/2004,ISO,NC,ASO,EN,Federal Contract Tower,0,2,12,6,20,1,0,72,0,73,1,2,84,6,93,40,40,80,173
03/21/2004,ISO,NC,ASO,EN,Federal Contract Tower,0,0,3,2,5,0,0,9,0,9,0,0,12,2,14,4,12,16,30
03/22/2004,ISO,NC,ASO,EN,Federal Contract Tower,0,8,21,20,49,0,0,23,4,27,0,8,44,24,76,6,20,26,102
03/23/2004,ISO,NC,ASO,EN,Federal Contract Tower,0,5,14,10,29,0,3,48,0,51,0,8,62,10,80,66,24,90,170
03/24/2004,ISO,NC,ASO,EN,Federal Contract Tower,0,7,19,18,44,0,0,70,12,82,0,7,89,30,126,64,16,80,206
03/25/2004,ISO,NC,ASO,EN,Federal Contract Tower,0,8,19,18,45,0,2,70,2,74,0,10,89,20,119,96,0,96,215
03/26/2004,ISO,NC,ASO,EN,Federal Contract Tower,0,6,15,8,29,0,4,88,0,92,0,10,103,8,121,30,22,52,173
03/27/2004,ISO,NC,ASO,EN,Federal Contract Tower,0,4,12,0,16,0,0,61,0,61,0,4,73,0,77,12,0,12,89
03/28/2004,ISO,NC,ASO,EN,Federal Contract Tower,0,2,8,0,10,0,0,38,0,38,0,2,46,0,48,22,0,22,70
03/29/2004,ISO,NC,ASO,EN,Federal Contract Tower,0,8,21,20,49,0,0,25,16,41,0,8,46,36,90,14,58,72,162
03/30/2004,ISO,NC,ASO,EN,Federal Contract Tower,0,8,21,20,49,0,0,18,24,42,0,8,39,44,91,42,68,110,201
03/31/2004,ISO,NC,ASO,EN,Federal Contract Tower,0,3,9,0,12,0,5,21,0,26,0,8,30,0,38,24,0,24,62
04/01/2004,ISO,NC,ASO,EN,Federal Contract Tower,0,3,9,0,12,0,5,27,0,32,0,8,36,0,44,16,0,16,60
04/02/2004,ISO,NC,ASO,EN,Federal Contract Tower,1,6,12,0,19,1,2,34,0,37,2,8,46,0,56,48,0,48,104
04/03/2004,ISO,NC,ASO,EN,Federal Contract Tower,0,2,3,4,9,0,0,28,3,31,0,2,31,7,40,2,78,80,120
04/04/2004,ISO,NC,ASO,EN,Federal Contract Tower,1,0,2,0,3,1,0,20,0,21,2,0,22,0,24,4,0,4,28
04/05/2004,ISO,NC,ASO,EN,Federal Contract Tower,0,4,8,4,16,0,4,14,0,18,0,8,22,4,34,0,8,8,42
04/06/2004,ISO,NC,ASO,EN,Federal Contract Tower,0,8,19,14,41,0,1,50,4,55,0,9,69,18,96,40,12,52,148
04/07/2004,ISO,NC,ASO,EN,Federal Contract Tower,0,8,24,17,49,0,0,52,7,59,0,8,76,24,108,62,42,104,212
04/08/2004,ISO,NC,ASO,EN,Federal Contract Tower,0,3,7,4,14,0,5,47,0,52,0,8,54,4,66,50,16,66,132
04/09/2004,ISO,NC,ASO,EN,Federal Contract Tower,0,7,14,9,30,0,0,38,5,43,0,7,52,14,73,40,0,40,113
04/10/2004,ISO,NC,ASO,EN,Federal Contract Tower,0,2,9,0,11,0,0,32,0,32,0,2,41,0,43,0,0,0,43
04/11/2004,ISO,NC,ASO,EN,Federal Contract Tower,0,0,4,0,4,0,0,3,0,3,0,0,7,0,7,0,0,0,7
04/12/2004,ISO,NC,ASO,EN,Federal Contract Tower,0,0,10,5,15,0,0,0,5,5,0,0,10,10,20,0,0,0,20
04/13/2004,ISO,NC,ASO,EN,Federal Contract Tower,0,3,3,0,6,0,7,0,0,7,0,10,3,0,13,0,0,0,13
04/14/2004,ISO,NC,ASO,EN,Federal Contract Tower,0,8,21,6,35,0,0,36,0,36,0,8,57,6,71,14,28,42,113
04/15/2004,ISO,NC,ASO,EN,Federal Contract Tower,0,7,18,11,36,0,1,36,7,44,0,8,54,18,80,0,0,0,80
04/16/2004,ISO,NC,ASO,EN,Federal Contract Tower,0,6,14,8,28,2,1,70,0,73,2,7,84,8,101,30,34,64,165
04/17/2004,ISO,NC,ASO,EN,Federal Contract Tower,0,2,6,0,8,2,0,57,0,59,2,2,63,0,67,16,0,16,83
04/18/2004,ISO,NC,ASO,EN,Federal Contract Tower,0,2,12,6,20,0,0,61,0,61,0,2,73,6,81,30,0,30,111
04/19/2004,ISO,NC,ASO,EN,Federal Contract Tower,0,4,12,0,16,0,4,76,0,80,0,8,88,0,96,36,0,36,132
04/20/2004,ISO,NC,ASO,EN,Federal Contract Tower,0,8,25,17,50,0,0,49,17,66,0,8,74,34,116,76,32,108,224
04/21/2004,ISO,NC,ASO,EN,Federal Contract Tower,0,8,27,18,53,0,0,25,31,56,0,8,52,49,109,26,66,92,201
04/22/2004,ISO,NC,ASO,EN,Federal Contract Tower,0,8,31,21,60,0,0,51,25,76,0,8,82,46,136,70,36,106,242
04/23/2004,ISO,NC,ASO,EN,Federal Contract Tower,0,5,14,8,27,0,3,122,0,125,0,8,136,8,152,78,0,78,230
04/24/2004,ISO,NC,ASO,EN,Federal Contract Tower,0,0,10,0,10,0,0,95,0,95,0,0,105,0,105,46,0,46,151
04/25/2004,ISO,NC,ASO,EN,Federal Contract Tower,0,2,13,0,15,0,0,73,0,73,0,2,86,0,88,0,0,0,88
04/26/2004,ISO,NC,ASO,EN,Federal Contract Tower,0,5,14,8,27,0,3,10,0,13,0,8,24,8,40,20,0,20,60
04/27/2004,ISO,NC,ASO,EN,Federal Contract Tower,0,8,24,16,48,0,0,18,13,31,0,8,42,29,79,24,26,50,129
04/28/2004,ISO,NC,ASO,EN,Federal Contract Tower,0,9,26,17,52,0,0,53,17,70,0,9,79,34,122,70,24,94,216
04/29/2004,ISO,NC,ASO,EN,Federal Contract Tower,0,8,28,19,55,0,0,35,9,44,0,8,63,28,99,10,0,10,109
04/30/2004,ISO,NC,ASO,EN,Federal Contract Tower,0,6,16,6,28,0,3,56,0,59,0,9,72,6,87,0,16,16,103
05/01/2004,ISO,NC,ASO,EN,Federal Contract Tower,1,2,10,0,13,0,0,18,0,18,1,2,28,0,31,0,0,0,31
05/02/2004,ISO,NC,ASO,EN,Federal Contract Tower,1,1,5,0,7,1,0,7,0,8,2,1,12,0,15,0,0,0,15
05/03/2004,ISO,NC,ASO,EN,Federal Contract Tower,0,4,8,4,16,0,4,2,0,6,0,8,10,4,22,0,0,0,22
05/04/2004,ISO,NC,ASO,EN,Federal Contract Tower,0,5,11,9,25,0,5,38,3,46,0,10,49,12,71,32,4,36,107
05/05/2004,ISO,NC,ASO,EN,Federal Contract Tower,0,8,20,15,43,0,0,26,10,36,0,8,46,25,79,64,74,138,217
05/06/2004,ISO,NC,ASO,EN,Federal Contract Tower,0,8,22,4,34,0,0,17,0,17,0,8,39,4,51,8,0,8,59
05/07/2004,ISO,NC,ASO,EN,Federal Contract Tower,0,8,17,13,38,0,2,44,17,63,0,10,61,30,101,64,78,142,243
05/08/2004,ISO,NC,ASO,EN,Federal Contract Tower,0,2,7,4,13,0,0,48,0,48,0,2,55,4,61,32,4,36,97
05/09/2004,ISO,NC,ASO,EN,Federal Contract Tower,0,2,6,2,10,0,0,32,0,32,0,2,38,2,42,12,0,12,54
05/10/2004,ISO,NC,ASO,EN,Federal Contract Tower,0,8,21,15,44,0,0,25,5,30,0,8,46,20,74,22,16,38,112
05/11/2004,ISO,NC,ASO,EN,Federal Contract Tower,0,8,28,19,55,0,0,26,28,54,0,8,54,47,109,8,36,44,153
05/12/2004,ISO,NC,ASO,EN,Federal Contract Tower,0,6,15,8,29,0,0,30,22,52,0,6,45,30,81,46,18,64,145
05/13/2004,ISO,NC,ASO,EN,Federal Contract Tower,0,7,27,17,51,1,0,13,37,51,1,7,40,54,102,66,42,108,210
05/14/2004,ISO,NC,ASO,EN,Federal Contract Tower,0,6,15,9,30,1,2,28,5,36,1,8,43,14,66,10,0,10,76
05/15/2004,ISO,NC,ASO,EN,Federal Contract Tower,0,4,10,0,14,0,0,42,0,42,0,4,52,0,56,60,0,60,116
05/16/2004,ISO,NC,ASO,EN,Federal Contract Tower,0,2,7,4,13,0,0,27,0,27,0,2,34,4,40,8,0,8,48
05/17/2004,ISO,NC,ASO,EN,Federal Contract Tower,0,8,20,12,40,0,0,29,19,48,0,8,49,31,88,28,20,48,136
05/18/2004,ISO,NC,ASO,EN,Federal Contract Tower,0,5,14,8,27,0,2,35,7,44,0,7,49,15,71,28,6,34,105
05/19/2004,ISO,NC,ASO,EN,Federal Contract Tower,0,6,15,10,31,0,0,21,22,43,0,6,36,32,74,16,44,60,134
05/20/2004,ISO,NC,ASO,EN,Federal Contract Tower,0,4,13,8,25,0,4,30,10,44,0,8,43,18,69,76,2,78,147
05/21/2004,ISO,NC,ASO,EN,Federal Contract Tower,0,8,25,16,49,4,0,21,37,62,4,8,46,53,111,6,84,90,201
05/22/2004,ISO,NC,ASO,EN,Federal Contract Tower,0,2,8,0,10,2,0,26,0,28,2,2,34,0,38,12,0,12,50
05/23/2004,ISO,NC,ASO,EN,Federal Contract Tower,0,0,6,0,6,0,0,26,0,26,0,0,32,0,32,10,0,10,42
05/24/2004,ISO,NC,ASO,EN,Federal Contract Tower,0,10,29,19,58,0,0,18,9,27,0,10,47,28,85,14,8,22,107
05/25/2004,ISO,NC,ASO,EN,Federal Contract Tower,0,8,23,16,47,0,1,40,3,44,0,9,63,19,91,20,4,24,115
05/26/2004,ISO,NC,ASO,EN,Federal Contract Tower,0,5,16,6,27,0,4,70,0,74,0,9,86,6,101,28,0,28,129
05/27/2004,ISO,NC,ASO,EN,Federal Contract Tower,0,6,17,11,34,0,2,52,0,54,0,8,69,11,88,8,4,12,100
05/28/2004,ISO,NC,ASO,EN,Federal Contract Tower,0,4,12,4,20,0,4,25,0,29,0,8,37,4,49,0,6,6,55
05/29/2004,ISO,NC,ASO,EN,Federal Contract Tower,0,1,5,0,6,0,3,27,0,30,0,4,32,0,36,8,0,8,44
05/30/2004,ISO,NC,ASO,EN,Federal Contract Tower,0,0,2,0,2,0,2,0,0,2,0,2,2,0,4,0,0,0,4
05/31/2004,ISO,NC,ASO,EN,Federal Contract Tower,0,0,3,0,3,0,0,17,0,17,0,0,20,0,20,0,0,0,20
06/01/2004,ISO,NC,ASO,EN,Federal Contract Tower,0,8,18,16,42,0,0,27,10,37,0,8,45,26,79,8,18,26,105
06/02/2004,ISO,NC,ASO,EN,Federal Contract Tower,0,8,15,15,38,0,0,18,10,28,0,8,33,25,66,0,24,24,90
06/03/2004,ISO,NC,ASO,EN,Federal Contract Tower,0,8,20,18,46,0,0,29,18,47,0,8,49,36,93,34,0,34,127
06/04/2004,ISO,NC,ASO,EN,Federal Contract Tower,1,5,11,8,25,1,3,9,0,13,2,8,20,8,38,0,0,0,38
06/05/2004,ISO,NC,ASO,EN,Federal Contract Tower,0,2,11,10,23,0,0,31,8,39,0,2,42,18,62,4,6,10,72
06/06/2004,ISO,NC,ASO,EN,Federal Contract Tower,1,0,5,5,11,1,0,26,0,27,2,0,31,5,38,4,0,4,42
06/07/2004,ISO,NC,ASO,EN,Federal Contract Tower,0,8,18,16,42,0,2,17,10,29,0,10,35,26,71,0,4,4,75
06/08/2004,ISO,NC,ASO,EN,Federal Contract Tower,0,6,13,13,32,0,2,9,21,32,0,8,22,34,64,0,36,36,100
06/09/2004,ISO,NC,ASO,EN,Federal Contract Tower,0,5,11,11,27,0,3,31,7,41,0,8,42,18,68,40,30,70,138
06/10/2004,ISO,NC,ASO,EN,Federal Contract Tower,0,6,14,14,34,0,2,34,17,53,0,8,48,31,87,16,42,58,145
06/11/2004,ISO,NC,ASO,EN,Federal Contract Tower,0,4,10,10,24,0,8,36,2,46,0,12,46,12,70,34,38,72,142
06/12/2004,ISO,NC,ASO,EN,Federal Contract Tower,0,2,10,8,20,0,0,27,0,27,0,2,37,8,47,0,0,0,47
06/13/2004,ISO,NC,ASO,EN,Federal Contract Tower,0,0,6,0,6,0,0,60,0,60,0,0,66,0,66,18,0,18,84
06/14/2004,ISO,NC,ASO,EN,Federal Contract Tower,1,6,14,12,33,1,2,26,0,29,2,8,40,12,62,32,4,36,98
06/15/2004,ISO,NC,ASO,EN,Federal Contract Tower,0,8,26,22,56,0,0,33,0,33,0,8,59,22,89,8,14,22,111
06/16/2004,ISO,NC,ASO,EN,Federal Contract Tower,0,7,14,13,34,0,1,1,9,11,0,8,15,22,45,32,8,40,85
06/17/2004,ISO,NC,ASO,EN,Federal Contract Tower,0,8,17,16,41,0,0,15,12,27,0,8,32,28,68,8,14,22,90
06/18/2004,ISO,NC,ASO,EN,Federal Contract Tower,0,6,13,12,31,2,2,19,0,23,2,8,32,12,54,18,2,20,74
06/19/2004,ISO,NC,ASO,EN,Federal Contract Tower,0,2,8,4,14,2,0,48,0,50,2,2,56,4,64,22,0,22,86
06/20/2004,ISO,NC,ASO,EN,Federal Contract Tower,0,0,3,1,4,0,0,27,3,30,0,0,30,4,34,14,0,14,48
06/21/2004,ISO,NC,ASO,EN,Federal Contract Tower,0,5,11,2,18,0,3,38,0,41,0,8,49,2,59,38,0,38,97
06/22/2004,ISO,NC,ASO,EN,Federal Contract Tower,0,5,10,8,23,0,3,22,2,27,0,8,32,10,50,52,16,68,118
06/23/2004,ISO,NC,ASO,EN,Federal Contract Tower,0,6,23,19,48,0,0,9,29,38,0,6,32,48,86,14,84,98,184
06/24/2004,ISO,NC,ASO,EN,Federal Contract Tower,0,5,11,4,20,0,3,23,0,26,0,8,34,4,46,0,0,0,46
06/25/2004,ISO,NC,ASO,EN,Federal Contract Tower,0,8,22,18,48,2,0,38,12,52,2,8,60,30,100,38,44,82,182
06/26/2004,ISO,NC,ASO,EN,Federal Contract Tower,0,3,7,0,10,0,1,28,0,29,0,4,35,0,39,4,0,4,43
06/27/2004,ISO,NC,ASO,EN,Federal Contract Tower,0,2,9,4,15,2,0,29,0,31,2,2,38,4,46,16,0,16,62
06/28/2004,ISO,NC,ASO,EN,Federal Contract Tower,0,7,16,12,35,0,1,6,0,7,0,8,22,12,42,8,0,8,50
06/29/2004,ISO,NC,ASO,EN,Federal Contract Tower,0,8,23,19,50,0,0,23,23,46,0,8,46,42,96,22,18,40,136
06/30/2004,ISO,NC,ASO,EN,Federal Contract Tower,0,7,15,10,32,0,1,25,0,26,0,8,40,10,58,24,0,24,82
07/01/2004,ISO,NC,ASO,EN,Federal Contract Tower,0,8,19,17,44,0,0,44,3,47,0,8,63,20,91,50,36,86,177
07/02/2004,ISO,NC,ASO,EN,Federal Contract Tower,0,5,7,7,19,0,3,26,0,29,0,8,33,7,48,0,8,8,56
07/03/2004,ISO,NC,ASO,EN,Federal Contract Tower,0,2,5,5,12,0,0,20,3,23,0,2,25,8,35,0,0,0,35
07/04/2004,ISO,NC,ASO,EN,Federal Contract Tower,0,0,1,0,1,0,0,20,0,20,0,0,21,0,21,0,0,0,21
07/05/2004,ISO,NC,ASO,EN,Federal Contract Tower,0,0,2,0,2,0,0,31,0,31,0,0,33,0,33,14,0,14,47
07/06/2004,ISO,NC,ASO,EN,Federal Contract Tower,0,6,10,6,22,0,2,39,0,41,0,8,49,6,63,6,0,6,69
07/07/2004,ISO,NC,ASO,EN,Federal Contract Tower,0,9,13,10,32,0,1,43,0,44,0,10,56,10,76,20,14,34,110
07/08/2004,ISO,NC,ASO,EN,Federal Contract Tower,0,6,9,5,20,0,3,36,0,39,0,9,45,5,59,20,0,20,79
07/09/2004,ISO,NC,ASO,EN,Federal Contract Tower,1,10,21,19,51,1,0,41,11,53,2,10,62,30,104,12,24,36,140
07/10/2004,ISO,NC,ASO,EN,Federal Contract Tower,0,2,11,11,24,0,0,12,13,25,0,2,23,24,49,20,0,20,69
07/11/2004,ISO,NC,ASO,EN,Federal Contract Tower,0,2,5,0,7,2,0,21,0,23,2,2,26,0,30,0,0,0,30
07/12/2004,ISO,NC,ASO,EN,Federal Contract Tower,0,8,19,16,43,0,0,1,32,33,0,8,20,48,76,60,62,122,198
07/13/2004,ISO,NC,ASO,EN,Federal Contract Tower,0,8,12,9,29,0,0,29,7,36,0,8,41,16,65,2,12,14,79
07/14/2004,ISO,NC,ASO,EN,Federal Contract Tower,0,7,10,8,25,0,1,38,5,44,0,8,48,13,69,14,14,28,97
07/15/2004,ISO,NC,ASO,EN,Federal Contract Tower,0,6,8,6,20,0,2,51,1,54,0,8,59,7,74,16,10,26,100
07/16/2004,ISO,NC,ASO,EN,Federal Contract Tower,0,8,12,7,27,2,0,40,0,42,2,8,52,7,69,6,20,26,95
07/17/2004,ISO,NC,ASO,EN,Federal Contract Tower,0,2,3,0,5,2,0,8,0,10,2,2,11,0,15,4,0,4,19
07/18/2004,ISO,NC,ASO,EN,Federal Contract Tower,0,0,2,0,2,0,0,10,0,10,0,0,12,0,12,0,0,0,12
07/19/2004,ISO,NC,ASO,EN,Federal Contract Tower,0,4,5,2,11,0,4,27,0,31,0,8,32,2,42,18,0,18,60
07/20/2004,ISO,NC,ASO,EN,Federal Contract Tower,0,7,10,7,24,0,1,37,9,47,0,8,47,16,71,48,24,72,143
07/21/2004,ISO,NC,ASO,EN,Federal Contract Tower,0,8,14,11,33,0,0,23,17,40,0,8,37,28,73,20,0,20,93
07/22/2004,ISO,NC,ASO,EN,Federal Contract Tower,0,8,12,8,28,0,0,11,17,28,0,8,23,25,56,36,10,46,102
07/23/2004,ISO,NC,ASO,EN,Federal Contract Tower,0,4,7,4,15,0,4,5,0,9,0,8,12,4,24,0,0,0,24
07/24/2004,ISO,NC,ASO,EN,Federal Contract Tower,0,1,3,0,4,0,1,19,0,20,0,2,22,0,24,2,0,2,26
07/25/2004,ISO,NC,ASO,EN,Federal Contract Tower,0,0,4,0,4,0,0,12,0,12,0,0,16,0,16,0,0,0,16
07/26/2004,ISO,NC,ASO,EN,Federal Contract Tower,0,4,7,6,17,0,4,13,0,17,0,8,20,6,34,6,0,6,40
07/27/2004,ISO,NC,ASO,EN,Federal Contract Tower,0,8,13,11,32,0,2,45,7,54,0,10,58,18,86,40,36,76,162
07/28/2004,ISO,NC,ASO,EN,Federal Contract Tower,0,8,14,12,34,0,0,18,2,20,0,8,32,14,54,8,0,8,62
07/29/2004,ISO,NC,ASO,EN,Federal Contract Tower,0,7,12,9,28,0,1,22,11,34,0,8,34,20,62,14,26,40,102
07/30/2004,ISO,NC,ASO,EN,Federal Contract Tower,0,6,11,9,26,2,2,13,4,21,2,8,24,13,47,38,2,40,87
07/31/2004,ISO,NC,ASO,EN,Federal Contract Tower,0,1,3,0,4,0,1,1,0,2,0,2,4,0,6,0,0,0,6
08/01/2004,ISO,NC,ASO,EN,Federal Contract Tower,0,0,3,0,3,0,0,6,0,6,0,0,9,0,9,0,0,0,9
08/02/2004,ISO,NC,ASO,EN,Federal Contract Tower,0,4,7,4,15,0,4,11,0,15,0,8,18,4,30,18,16,34,64
08/03/2004,ISO,NC,ASO,EN,Federal Contract Tower,0,4,7,0,11,0,4,4,0,8,0,8,11,0,19,0,0,0,19
08/04/2004,ISO,NC,ASO,EN,Federal Contract Tower,0,8,16,9,33,0,0,40,13,53,0,8,56,22,86,2,30,32,118
08/05/2004,ISO,NC,ASO,EN,Federal Contract Tower,0,6,10,6,22,0,2,15,13,30,0,8,25,19,52,28,20,48,100
08/06/2004,ISO,NC,ASO,EN,Federal Contract Tower,1,10,16,10,37,1,0,28,10,39,2,10,44,20,76,0,0,0,76
08/07/2004,ISO,NC,ASO,EN,Federal Contract Tower,0,2,7,0,9,0,0,47,0,47,0,2,54,0,56,4,0,4,60
08/08/2004,ISO,NC,ASO,EN,Federal Contract Tower,1,2,10,4,17,1,0,42,0,43,2,2,52,4,60,10,0,10,70
08/09/2004,ISO,NC,ASO,EN,Federal Contract Tower,0,8,11,4,23,0,1,29,0,30,0,9,40,4,53,6,32,38,91
08/10/2004,ISO,NC,ASO,EN,Federal Contract Tower,0,8,11,6,25,0,1,52,0,53,0,9,63,6,78,68,0,68,146
08/11/2004,ISO,NC,ASO,EN,Federal Contract Tower,0,8,11,6,25,0,0,32,29,61,0,8,43,35,86,72,22,94,180
08/12/2004,ISO,NC,ASO,EN,Federal Contract Tower,0,8,14,8,30,0,0,9,19,28,0,8,23,27,58,0,48,48,106
08/13/2004,ISO,NC,ASO,EN,Federal Contract Tower,0,4,5,0,9,2,6,4,0,12,2,10,9,0,21,0,0,0,21
08/14/2004,ISO,NC,ASO,EN,Federal Contract Tower,0,0,3,0,3,0,0,2,0,2,0,0,5,0,5,0,0,0,5
08/15/2004,ISO,NC,ASO,EN,Federal Contract Tower,0,0,2,0,2,0,0,3,0,3,0,0,5,0,5,0,0,0,5
08/16/2004,ISO,NC,ASO,EN,Federal Contract Tower,0,7,10,6,23,0,1,18,0,19,0,8,28,6,42,26,0,26,68
08/17/2004,ISO,NC,ASO,EN,Federal Contract Tower,0,6,10,4,20,0,0,39,0,39,0,6,49,4,59,18,2,20,79
08/18/2004,ISO,NC,ASO,EN,Federal Contract Tower,0,8,21,10,39,0,0,41,7,48,0,8,62,17,87,18,48,66,153
08/19/2004,ISO,NC,ASO,EN,Federal Contract Tower,0,5,9,4,18,0,3,35,0,38,0,8,44,4,56,34,10,44,100
08/20/2004,ISO,NC,ASO,EN,Federal Contract Tower,0,10,17,8,35,2,0,29,20,51,2,10,46,28,86,14,34,48,134
08/21/2004,ISO,NC,ASO,EN,Federal Contract Tower,0,2,8,3,13,0,0,20,5,25,0,2,28,8,38,6,0,6,44
08/22/2004,ISO,NC,ASO,EN,Federal Contract Tower,0,2,6,3,11,0,0,15,2,17,0,2,21,5,28,10,2,12,40
08/23/2004,ISO,NC,ASO,EN,Federal Contract Tower,0,8,12,6,26,0,1,31,10,42,0,9,43,16,68,54,20,74,142
08/24/2004,ISO,NC,ASO,EN,Federal Contract Tower,0,8,12,5,25,0,0,32,3,35,0,8,44,8,60,56,2,58,118
08/25/2004,ISO,NC,ASO,EN,Federal Contract Tower,0,6,11,5,22,0,4,21,1,26,0,10,32,6,48,24,0,24,72
08/26/2004,ISO,NC,ASO,EN,Federal Contract Tower,0,9,14,7,30,0,1,16,14,31,0,10,30,21,61,10,12,22,83
08/27/2004,ISO,NC,ASO,EN,Federal Contract Tower,0,8,15,7,30,0,0,32,1,33,0,8,47,8,63,20,6,26,89
08/28/2004,ISO,NC,ASO,EN,Federal Contract Tower,0,2,5,0,7,0,0,28,0,28,0,2,33,0,35,10,0,10,45
08/29/2004,ISO,NC,ASO,EN,Federal Contract Tower,0,2,7,0,9,0,0,11,0,11,0,2,18,0,20,0,0,0,20
08/30/2004,ISO,NC,ASO,EN,Federal Contract Tower,0,4,6,2,12,0,4,3,0,7,0,8,9,2,19,2,0,2,21
08/31/2004,ISO,NC,ASO,EN,Federal Contract Tower,0,8,12,6,26,0,0,12,10,22,0,8,24,16,48,10,6,16,64
09/01/2004,ISO,NC,ASO,EN,Federal Contract Tower,0,7,10,3,20,0,3,4,5,12,0,10,14,8,32,4,0,4,36
09/02/2004,ISO,NC,ASO,EN,Federal Contract Tower,0,6,10,2,18,0,4,33,0,37,0,10,43,2,55,38,0,38,93
09/03/2004,ISO,NC,ASO,EN,Federal Contract Tower,0,8,14,4,26,0,4,18,0,22,0,12,32,4,48,4,10,14,62
09/04/2004,ISO,NC,ASO,EN,Federal Contract Tower,0,0,3,0,3,0,2,11,0,13,0,2,14,0,16,0,0,0,16
09/05/2004,ISO,NC,ASO,EN,Federal Contract Tower,0,1,2,0,3,0,1,9,0,10,0,2,11,0,13,8,0,8,21
09/06/2004,ISO,NC,ASO,EN,Federal Contract Tower,0,0,3,0,3,0,0,12,0,12,0,0,15,0,15,14,0,14,29
09/07/2004,ISO,NC,ASO,EN,Federal Contract Tower,0,5,7,4,16,0,3,6,0,9,0,8,13,4,25,14,0,14,39
09/08/2004,ISO,NC,ASO,EN,Federal Contract Tower,0,7,6,4,17,0,1,0,2,3,0,8,6,6,20,4,0,4,24
09/09/2004,ISO,NC,ASO,EN,Federal Contract Tower,0,8,10,3,21,0,2,34,7,43,0,10,44,10,64,12,0,12,76
09/10/2004,ISO,NC,ASO,EN,Federal Contract Tower,1,8,12,4,25,1,0,49,6,56,2,8,61,10,81,54,22,76,157
09/11/2004,ISO,NC,ASO,EN,Federal Contract Tower,0,2,4,1,7,0,0,39,5,44,0,2,43,6,51,28,0,28,79
09/12/2004,ISO,NC,ASO,EN,Federal Contract Tower,1,0,8,3,12,1,0,50,3,54,2,0,58,6,66,10,0,10,76
09/13/2004,ISO,NC,ASO,EN,Federal Contract Tower,0,6,8,4,18,0,2,41,11,54,0,8,49,15,72,4,0,4,76
09/14/2004,ISO,NC,ASO,EN,Federal Contract Tower,0,10,13,6,29,0,0,24,2,26,0,10,37,8,55,22,0,22,77
09/15/2004,ISO,NC,ASO,EN,Federal Contract Tower,0,8,9,0,17,0,0,22,0,22,0,8,31,0,39,44,0,44,83
09/16/2004,ISO,NC,ASO,EN,Federal Contract Tower,0,7,8,4,19,0,0,19,4,23,0,7,27,8,42,40,0,40,82
09/17/2004,ISO,NC,ASO,EN,Federal Contract Tower,0,8,10,5,23,2,2,5,3,12,2,10,15,8,35,0,0,0,35
09/18/2004,ISO,NC,ASO,EN,Federal Contract Tower,0,2,3,2,7,2,0,0,0,2,2,2,3,2,9,0,0,0,9
09/19/2004,ISO,NC,ASO,EN,Federal Contract Tower,0,2,8,2,12,0,0,7,4,11,0,2,15,6,23,0,8,8,31
09/20/2004,ISO,NC,ASO,EN,Federal Contract Tower,0,8,14,4,26,0,0,21,5,26,0,8,35,9,52,6,50,56,108
09/21/2004,ISO,NC,ASO,EN,Federal Contract Tower,0,7,10,3,20,0,1,22,5,28,0,8,32,8,48,20,14,34,82
09/22/2004,ISO,NC,ASO,EN,Federal Contract Tower,0,6,9,3,18,0,4,49,3,56,0,10,58,6,74,10,0,10,84
09/23/2004,ISO,NC,ASO,EN,Federal Contract Tower,0,10,14,4,28,0,0,44,4,48,0,10,58,8,76,18,10,28,104
09/24/2004,ISO,NC,ASO,EN,Federal Contract Tower,0,10,18,6,34,2,0,32,7,41,2,10,50,13,75,4,32,36,111
09/25/2004,ISO,NC,ASO,EN,Federal Contract Tower,0,2,10,3,15,0,0,37,5,42,0,2,47,8,57,20,0,20,77
09/26/2004,ISO,NC,ASO,EN,Federal Contract Tower,0,0,7,0,7,2,0,28,0,30,2,0,35,0,37,0,0,0,37
09/27/2004,ISO,NC,ASO,EN,Federal Contract Tower,0,7,9,0,16,0,1,9,0,10,0,8,18,0,26,0,0,0,26
09/28/2004,ISO,NC,ASO,EN,Federal Contract Tower,0,6,9,3,18,0,2,1,1,4,0,8,10,4,22,0,0,0,22
09/29/2004,ISO,NC,ASO,EN,Federal Contract Tower,0,6,8,2,16,0,6,26,0,32,0,12,34,2,48,20,12,32,80
09/30/2004,ISO,NC,ASO,EN,Federal Contract Tower,0,8,10,3,21,0,0,52,3,55,0,8,62,6,76,66,0,66,142
10/01/2004,ISO,NC,ASO,EN,Federal Contract Tower,0,10,12,2,24,0,0,42,0,42,0,10,54,2,66,22,0,22,88
10/02/2004,ISO,NC,ASO,EN,Federal Contract Tower,0,0,11,0,11,0,0,24,0,24,0,0,35,0,35,12,0,12,47
10/03/2004,ISO,NC,ASO,EN,Federal Contract Tower,0,2,3,0,5,0,0,43,0,43,0,2,46,0,48,8,0,8,56
10/04/2004,ISO,NC,ASO,EN,Federal Contract Tower,0,8,16,8,32,0,0,24,4,28,0,8,40,12,60,62,0,62,122
10/05/2004,ISO,NC,ASO,EN,Federal Contract Tower,0,8,11,1,20,0,0,29,5,34,0,8,40,6,54,18,0,18,72
10/06/2004,ISO,NC,ASO,EN,Federal Contract Tower,0,8,7,13,28,0,0,39,7,46,0,8,46,20,74,6,30,36,110
10/07/2004,ISO,NC,ASO,EN,Federal Contract Tower,0,8,19,8,35,0,0,44,0,44,0,8,63,8,79,30,14,44,123
10/08/2004,ISO,NC,ASO,EN,Federal Contract Tower,0,8,19,2,29,0,0,48,0,48,0,8,67,2,77,30,2,32,109
10/09/2004,ISO,NC,ASO,EN,Federal Contract Tower,0,3,5,2,10,0,0,35,2,37,0,3,40,4,47,8,2,10,57
10/10/2004,ISO,NC,ASO,EN,Federal Contract Tower,0,1,8,0,9,0,0,36,0,36,0,1,44,0,45,16,0,16,61
10/11/2004,ISO,NC,ASO,EN,Federal Contract Tower,0,2,9,0,11,0,0,33,0,33,0,2,42,0,44,4,0,4,48
10/12/2004,ISO,NC,ASO,EN,Federal Contract Tower,0,10,12,12,34,0,0,33,0,33,0,10,45,12,67,32,6,38,105
10/13/2004,ISO,NC,ASO,EN,Federal Contract Tower,0,8,12,0,20,0,0,9,6,15,0,8,21,6,35,12,0,12,47
10/14/2004,ISO,NC,ASO,EN,Federal Contract Tower,0,8,6,10,24,0,0,48,0,48,0,8,54,10,72,20,16,36,108
10/15/2004,ISO,NC,ASO,EN,Federal Contract Tower,0,8,12,0,20,0,0,20,8,28,0,8,32,8,48,18,0,18,66
10/16/2004,ISO,NC,ASO,EN,Federal Contract Tower,0,2,21,7,30,0,0,34,1,35,0,2,55,8,65,2,12,14,79
10/17/2004,ISO,NC,ASO,EN,Federal Contract Tower,0,0,13,0,13,0,0,30,0,30,0,0,43,0,43,6,0,6,49
10/18/2004,ISO,NC,ASO,EN,Federal Contract Tower,0,8,8,9,25,0,0,35,5,40,0,8,43,14,65,6,4,10,75
10/19/2004,ISO,NC,ASO,EN,Federal Contract Tower,0,8,23,6,37,0,0,23,4,27,0,8,46,10,64,8,4,12,76
10/20/2004,ISO,NC,ASO,EN,Federal Contract Tower,0,8,15,6,29,0,0,3,0,3,0,8,18,6,32,0,0,0,32
10/21/2004,ISO,NC,ASO,EN,Federal Contract Tower,0,8,22,2,32,0,0,1,8,9,0,8,23,10,41,4,0,4,45
10/22/2004,ISO,NC,ASO,EN,Federal Contract Tower,2,10,22,8,42,0,0,27,0,27,2,10,49,8,69,2,14,16,85
10/23/2004,ISO,NC,ASO,EN,Federal Contract Tower,2,2,6,4,14,0,0,46,0,46,2,2,52,4,60,16,0,16,76
10/24/2004,ISO,NC,ASO,EN,Federal Contract Tower,0,2,5,0,7,0,0,19,0,19,0,2,24,0,26,10,0,10,36
10/25/2004,ISO,NC,ASO,EN,Federal Contract Tower,0,8,26,14,48,0,2,7,0,9,0,10,33,14,57,0,0,0,57
10/26/2004,ISO,NC,ASO,EN,Federal Contract Tower,0,14,18,9,41,0,0,26,3,29,0,14,44,12,70,36,10,46,116
10/27/2004,ISO,NC,ASO,EN,Federal Contract Tower,0,8,18,12,38,0,0,16,4,20,0,8,34,16,58,6,4,10,68
10/28/2004,ISO,NC,ASO,EN,Federal Contract Tower,0,9,9,33,51,0,1,27,15,43,0,10,36,48,94,14,42,56,150
10/29/2004,ISO,NC,ASO,EN,Federal Contract Tower,2,8,11,10,31,0,0,41,8,49,2,8,52,18,80,40,0,40,120
10/30/2004,ISO,NC,ASO,EN,Federal Contract Tower,0,2,14,0,16,0,0,16,2,18,0,2,30,2,34,32,0,32,66
10/31/2004,ISO,NC,ASO,EN,Federal Contract Tower,2,0,9,0,11,0,0,27,0,27,2,0,36,0,38,28,0,28,66
11/01/2004,ISO,NC,ASO,EN,Federal Contract Tower,0,8,12,17,37,0,0,41,5,46,0,8,53,22,83,10,22,32,115
11/02/2004,ISO,NC,ASO,EN,Federal Contract Tower,0,6,8,4,18,0,0,21,13,34,0,6,29,17,52,44,0,44,96
11/03/2004,ISO,NC,ASO,EN,Federal Contract Tower,0,8,11,20,39,0,0,12,18,30,0,8,23,38,69,24,46,70,139
11/04/2004,ISO,NC,ASO,EN,Federal Contract Tower,0,8,17,22,47,0,0,6,3,9,0,8,23,25,56,0,32,32,88
11/05/2004,ISO,NC,ASO,EN,Federal Contract Tower,4,10,13,12,39,0,0,39,12,51,4,10,52,24,90,22,4,26,116
11/06/2004,ISO,NC,ASO,EN,Federal Contract Tower,0,2,7,0,9,0,0,38,0,38,0,2,45,0,47,12,0,12,59
11/07/2004,ISO,NC,ASO,EN,Federal Contract Tower,2,2,9,4,17,0,0,45,2,47,2,2,54,6,64,20,66,86,150
11/08/2004,ISO,NC,ASO,EN,Federal Contract Tower,0,8,19,3,30,0,0,21,7,28,0,8,40,10,58,14,28,42,100
11/09/2004,ISO,NC,ASO,EN,Federal Contract Tower,0,8,16,8,32,0,0,37,4,41,0,8,53,12,73,22,20,42,115
11/10/2004,ISO,NC,ASO,EN,Federal Contract Tower,0,8,22,19,49,0,0,49,4,53,0,8,71,23,102,66,26,92,194
11/11/2004,ISO,NC,ASO,EN,Federal Contract Tower,0,4,17,0,21,0,0,45,0,45,0,4,62,0,66,24,0,24,90
11/12/2004,ISO,NC,ASO,EN,Federal Contract Tower,0,10,12,2,24,0,0,4,0,4,0,10,16,2,28,0,0,0,28
11/13/2004,ISO,NC,ASO,EN,Federal Contract Tower,0,2,10,0,12,0,0,6,0,6,0,2,16,0,18,0,0,0,18
11/14/2004,ISO,NC,ASO,EN,Federal Contract Tower,0,2,13,0,15,0,0,27,0,27,0,2,40,0,42,0,0,0,42
11/15/2004,ISO,NC,ASO,EN,Federal Contract Tower,0,8,14,10,32,0,0,35,0,35,0,8,49,10,67,4,20,24,91
11/16/2004,ISO,NC,ASO,EN,Federal Contract Tower,0,8,11,17,36,0,0,33,5,38,0,8,44,22,74,42,26,68,142
11/17/2004,ISO,NC,ASO,EN,Federal Contract Tower,0,8,26,15,49,0,0,49,14,63,0,8,75,29,112,48,60,108,220
11/18/2004,ISO,NC,ASO,EN,Federal Contract Tower,0,10,14,2,26,0,0,50,6,56,0,10,64,8,82,64,0,64,146
11/19/2004,ISO,NC,ASO,EN,Federal Contract Tower,2,7,23,5,37,0,1,51,9,61,2,8,74,14,98,22,0,22,120
11/20/2004,ISO,NC,ASO,EN,Federal Contract Tower,2,2,17,0,21,0,0,32,1,33,2,2,49,1,54,16,0,16,70
11/21/2004,ISO,NC,ASO,EN,Federal Contract Tower,0,0,16,1,17,0,0,8,0,8,0,0,24,1,25,22,0,22,47
11/22/2004,ISO,NC,ASO,EN,Federal Contract Tower,0,8,11,9,28,0,0,25,5,30,0,8,36,14,58,22,22,44,102
11/23/2004,ISO,NC,ASO,EN,Federal Contract Tower,0,8,22,12,42,0,0,4,4,8,0,8,26,16,50,0,20,20,70
11/24/2004,ISO,NC,ASO,EN,Federal Contract Tower,0,6,17,0,23,0,2,5,0,7,0,8,22,0,30,14,0,14,44
11/25/2004,ISO,NC,ASO,EN,Federal Contract Tower,0,0,3,0,3,0,0,14,0,14,0,0,17,0,17,0,0,0,17
11/26/2004,ISO,NC,ASO,EN,Federal Contract Tower,0,6,1,0,7,0,0,23,0,23,0,6,24,0,30,0,0,0,30
11/27/2004,ISO,NC,ASO,EN,Federal Contract Tower,0,2,19,10,31,0,0,7,2,9,0,2,26,12,40,0,12,12,52
11/28/2004,ISO,NC,ASO,EN,Federal Contract Tower,0,2,8,0,10,0,0,20,0,20,0,2,28,0,30,8,0,8,38
11/29/2004,ISO,NC,ASO,EN,Federal Contract Tower,0,8,21,23,52,0,0,49,1,50,0,8,70,24,102,24,8,32,134
11/30/2004,ISO,NC,ASO,EN,Federal Contract Tower,0,8,9,24,41,0,0,41,4,45,0,8,50,28,86,4,30,34,120
12/01/2004,ISO,NC,ASO,EN,Federal Contract Tower,0,8,10,4,22,0,0,9,6,15,0,8,19,10,37,0,8,8,45
12/02/2004,ISO,NC,ASO,EN,Federal Contract Tower,0,8,13,13,34,0,0,58,4,62,0,8,71,17,96,30,12,42,138
12/03/2004,ISO,NC,ASO,EN,Federal Contract Tower,3,10,23,5,41,0,0,27,2,29,3,10,50,7,70,18,0,18,88
12/04/2004,ISO,NC,ASO,EN,Federal Contract Tower,1,2,14,0,17,0,0,49,0,49,1,2,63,0,66,14,0,14,80
12/05/2004,ISO,NC,ASO,EN,Federal Contract Tower,2,2,5,0,9,0,0,20,0,20,2,2,25,0,29,0,0,0,29
12/06/2004,ISO,NC,ASO,EN,Federal Contract Tower,0,7,4,4,15,0,1,15,2,18,0,8,19,6,33,18,24,42,75
12/07/2004,ISO,NC,ASO,EN,Federal Contract Tower,0,8,8,0,16,0,0,16,4,20,0,8,24,4,36,10,0,10,46
12/08/2004,ISO,NC,ASO,EN,Federal Contract Tower,0,8,13,0,21,0,0,36,2,38,0,8,49,2,59,38,0,38,97
12/09/2004,ISO,NC,ASO,EN,Federal Contract Tower,0,8,14,8,30,0,0,7,0,7,0,8,21,8,37,4,0,4,41
12/10/2004,ISO,NC,ASO,EN,Federal Contract Tower,2,8,8,4,22,0,0,26,8,34,2,8,34,12,56,22,0,22,78
12/11/2004,ISO,NC,ASO,EN,Federal Contract Tower,2,2,5,0,9,0,0,18,0,18,2,2,23,0,27,4,0,4,31
12/12/2004,ISO,NC,ASO,EN,Federal Contract Tower,2,1,10,0,13,0,0,20,0,20,2,1,30,0,33,0,0,0,33
12/13/2004,ISO,NC,ASO,EN,Federal Contract Tower,0,8,10,3,21,0,0,10,7,17,0,8,20,10,38,0,32,32,70
12/14/2004,ISO,NC,ASO,EN,Federal Contract Tower,0,8,10,7,25,0,0,31,7,38,0,8,41,14,63,14,22,36,99
12/15/2004,ISO,NC,ASO,EN,Federal Contract Tower,0,10,7,13,30,0,0,23,5,28,0,10,30,18,58,4,4,8,66
12/16/2004,ISO,NC,ASO,EN,Federal Contract Tower,0,9,24,4,37,0,0,38,8,46,0,9,62,12,83,32,6,38,121
12/17/2004,ISO,NC,ASO,EN,Federal Contract Tower,0,8,7,7,22,0,0,36,3,39,0,8,43,10,61,10,26,36,97
12/18/2004,ISO,NC,ASO,EN,Federal Contract Tower,0,2,9,2,13,0,0,31,0,31,0,2,40,2,44,30,0,30,74
12/19/2004,ISO,NC,ASO,EN,Federal Contract Tower,0,0,1,0,1,0,0,6,0,6,0,0,7,0,7,0,0,0,7
12/20/2004,ISO,NC,ASO,EN,Federal Contract Tower,0,10,1,0,11,0,0,12,0,12,0,10,13,0,23,14,0,14,37
12/21/2004,ISO,NC,ASO,EN,Federal Contract Tower,0,6,6,6,18,0,3,16,10,29,0,9,22,16,47,6,10,16,63
12/22/2004,ISO,NC,ASO,EN,Federal Contract Tower,0,7,14,18,39,0,3,32,1,36,0,10,46,19,75,8,4,12,87
12/23/2004,ISO,NC,ASO,EN,Federal Contract Tower,0,6,8,0,14,0,0,3,0,3,0,6,11,0,17,10,0,10,27
12/24/2004,ISO,NC,ASO,EN,Federal Contract Tower,0,6,4,0,10,0,0,9,0,9,0,6,13,0,19,6,0,6,25
12/25/2004,ISO,NC,ASO,EN,Federal Contract Tower,0,0,1,0,1,0,0,5,0,5,0,0,6,0,6,2,0,2,8
12/26/2004,ISO,NC,ASO,EN,Federal Contract Tower,0,0,5,0,5,0,0,1,0,1,0,0,6,0,6,0,0,0,6
12/27/2004,ISO,NC,ASO,EN,Federal Contract Tower,0,10,15,0,25,0,0,15,0,15,0,10,30,0,40,4,0,4,44
12/28/2004,ISO,NC,ASO,EN,Federal Contract Tower,0,8,12,0,20,0,0,24,0,24,0,8,36,0,44,20,0,20,64
12/29/2004,ISO,NC,ASO,EN,Federal Contract Tower,0,8,11,7,26,0,0,26,1,27,0,8,37,8,53,14,10,24,77
12/30/2004,ISO,NC,ASO,EN,Federal Contract Tower,0,10,13,2,25,0,0,39,10,49,0,10,52,12,74,4,0,4,78
12/31/2004,ISO,NC,ASO,EN,Federal Contract Tower,0,8,7,0,15,0,0,18,0,18,0,8,25,0,33,8,0,8,41
01/01/2005,ISO,NC,ASO,EN,Federal Contract Tower,0,0,3,0,3,0,0,18,0,18,0,0,21,0,21,10,0,10,31
01/02/2005,ISO,NC,ASO,EN,Federal Contract Tower,0,0,11,0,11,0,0,23,0,23,0,0,34,0,34,24,0,24,58
01/03/2005,ISO,NC,ASO,EN,Federal Contract Tower,0,8,9,10,27,0,0,53,0,53,0,8,62,10,80,26,12,38,118
01/04/2005,ISO,NC,ASO,EN,Federal Contract Tower,0,10,7,0,17,0,0,24,5,29,0,10,31,5,46,2,0,2,48
01/05/2005,ISO,NC,ASO,EN,Federal Contract Tower,0,8,5,12,25,0,0,40,6,46,0,8,45,18,71,20,32,52,123
01/06/2005,ISO,NC,ASO,EN,Federal Contract Tower,0,8,5,18,31,0,0,27,6,33,0,8,32,24,64,10,28,38,102
01/07/2005,ISO,NC,ASO,EN,Federal Contract Tower,2,8,4,5,19,0,0,46,16,62,2,8,50,21,81,44,10,54,135
01/08/2005,ISO,NC,ASO,EN,Federal Contract Tower,0,0,3,3,6,0,0,5,1,6,0,0,8,4,12,0,42,42,54
01/09/2005,ISO,NC,ASO,EN,Federal Contract Tower,2,0,12,1,15,0,0,49,1,50,2,0,61,2,65,52,4,56,121
01/10/2005,ISO,NC,ASO,EN,Federal Contract Tower,0,8,7,10,25,0,2,33,4,39,0,10,40,14,64,32,60,92,156
01/11/2005,ISO,NC,ASO,EN,Federal Contract Tower,2,8,9,29,48,0,0,42,9,51,2,8,51,38,99,40,74,114,213
01/12/2005,ISO,NC,ASO,EN,Federal Contract Tower,1,8,9,24,42,0,0,21,16,37,1,8,30,40,79,12,44,56,135
01/13/2005,ISO,NC,ASO,EN,Federal Contract Tower,0,8,5,8,21,0,0,35,12,47,0,8,40,20,68,4,2,6,74
01/14/2005,ISO,NC,ASO,EN,Federal Contract Tower,2,8,4,6,20,0,0,0,2,2,2,8,4,8,22,0,2,2,24
01/15/2005,ISO,NC,ASO,EN,Federal Contract Tower,0,2,2,14,18,0,0,28,2,30,0,2,30,16,48,34,26,60,108
01/16/2005,ISO,NC,ASO,EN,Federal Contract Tower,2,0,6,2,10,0,0,6,0,6,2,0,12,2,16,0,38,38,54
01/17/2005,ISO,NC,ASO,EN,Federal Contract Tower,0,2,9,0,11,0,0,15,0,15,0,2,24,0,26,8,0,8,34
01/18/2005,ISO,NC,ASO,EN,Federal Contract Tower,0,10,14,19,43,0,0,45,13,58,0,10,59,32,101,2,28,30,131
01/19/2005,ISO,NC,ASO,EN,Federal Contract Tower,0,8,12,9,29,0,0,30,12,42,0,8,42,21,71,8,30,38,109
01/20/2005,ISO,NC,ASO,EN,Federal Contract Tower,0,8,8,14,30,0,0,17,6,23,0,8,25,20,53,0,2,2,55
01/21/2005,ISO,NC,ASO,EN,Federal Contract Tower,2,8,13,4,27,0,0,1,0,1,2,8,14,4,28,0,0,0,28
01/22/2005,ISO,NC,ASO,EN,Federal Contract Tower,0,2,4,0,6,0,0,0,0,0,0,2,4,0,6,0,0,0,6
01/23/2005,ISO,NC,ASO,EN,Federal Contract Tower,2,0,2,0,4,0,0,2,0,2,2,0,4,0,6,0,0,0,6
01/24/2005,ISO,NC,ASO,EN,Federal Contract Tower,0,8,3,0,11,0,0,23,8,31,0,8,26,8,42,12,0,12,54
01/25/2005,ISO,NC,ASO,EN,Federal Contract Tower,0,8,19,6,33,0,0,55,4,59,0,8,74,10,92,22,10,32,124
01/26/2005,ISO,NC,ASO,EN,Federal Contract Tower,0,8,7,23,38,0,0,35,3,38,0,8,42,26,76,28,38,66,142
01/27/2005,ISO,NC,ASO,EN,Federal Contract Tower,0,8,17,4,29,0,0,28,0,28,0,8,45,4,57,2,16,18,75
01/28/2005,ISO,NC,ASO,EN,Federal Contract Tower,0,10,15,18,43,0,0,49,2,51,0,10,64,20,94,12,34,46,140
01/29/2005,ISO,NC,ASO,EN,Federal Contract Tower,0,2,4,0,6,0,0,19,0,19,0,2,23,0,25,0,0,0,25
01/30/2005,ISO,NC,ASO,EN,Federal Contract Tower,0,2,5,0,7,0,0,1,0,1,0,2,6,0,8,0,0,0,8
01/31/2005,ISO,NC,ASO,EN,Federal Contract Tower,0,8,8,12,28,0,0,30,4,34,0,8,38,16,62,16,44,60,122
02/01/2005,ISO,NC,ASO,EN,Federal Contract Tower,0,8,7,23,38,0,0,29,5,34,0,8,36,28,72,18,34,52,124
02/02/2005,ISO,NC,ASO,EN,Federal Contract Tower,0,8,10,24,42,0,0,40,9,49,0,8,50,33,91,54,100,154,245
02/03/2005,ISO,NC,ASO,EN,Federal Contract Tower,0,6,8,8,22,0,0,0,0,0,0,6,8,8,22,0,0,0,22
02/04/2005,ISO,NC,ASO,EN,Federal Contract Tower,4,8,18,10,40,0,0,19,0,19,4,8,37,10,59,6,0,6,65
02/05/2005,ISO,NC,ASO,EN,Federal Contract Tower,0,2,8,2,12,0,0,35,8,43,0,2,43,10,55,10,6,16,71
02/06/2005,ISO,NC,ASO,EN,Federal Contract Tower,4,0,14,0,18,0,0,27,0,27,4,0,41,0,45,22,0,22,67
02/07/2005,ISO,NC,ASO,EN,Federal Contract Tower,0,8,11,13,32,0,0,39,7,46,0,8,50,20,78,18,22,40,118
02/08/2005,ISO,NC,ASO,EN,Federal Contract Tower,0,6,10,6,22,0,0,51,6,57,0,6,61,12,79,34,44,78,157
02/09/2005,ISO,NC,ASO,EN,Federal Contract Tower,0,8,12,24,44,0,0,15,6,21,0,8,27,30,65,2,62,64,129
02/10/2005,ISO,NC,ASO,EN,Federal Contract Tower,0,8,13,0,21,0,0,20,3,23,0,8,33,3,44,2,14,16,60
02/11/2005,ISO,NC,ASO,EN,Federal Contract Tower,0,8,14,4,26,0,0,26,1,27,0,8,40,5,53,8,12,20,73
02/12/2005,ISO,NC,ASO,EN,Federal Contract Tower,0,2,12,0,14,0,0,18,0,18,0,2,30,0,32,14,0,14,46
02/13/2005,ISO,NC,ASO,EN,Federal Contract Tower,0,0,7,4,11,0,0,30,1,31,0,0,37,5,42,8,0,8,50
02/14/2005,ISO,NC,ASO,EN,Federal Contract Tower,0,6,10,39,55,0,0,4,3,7,0,6,14,42,62,2,12,14,76
02/15/2005,ISO,NC,ASO,EN,Federal Contract Tower,0,8,12,15,35,0,0,38,1,39,0,8,50,16,74,16,18,34,108
02/16/2005,ISO,NC,ASO,EN,Federal Contract Tower,0,8,24,19,51,0,0,20,4,24,0,8,44,23,75,18,32,50,125
02/17/2005,ISO,NC,ASO,EN,Federal Contract Tower,0,8,17,4,29,0,0,51,0,51,0,8,68,4,80,52,0,52,132
02/18/2005,ISO,NC,ASO,EN,Federal Contract Tower,2,8,18,14,42,0,0,46,0,46,2,8,64,14,88,24,0,24,112
02/19/2005,ISO,NC,ASO,EN,Federal Contract Tower,0,2,2,0,4,0,0,61,0,61,0,2,63,0,65,40,0,40,105
02/20/2005,ISO,NC,ASO,EN,Federal Contract Tower,0,0,4,0,4,0,0,26,0,26,0,0,30,0,30,60,0,60,90
02/21/2005,ISO,NC,ASO,EN,Federal Contract Tower,0,4,13,4,21,0,0,1,0,1,0,4,14,4,22,0,0,0,22
02/22/2005,ISO,NC,ASO,EN,Federal Contract Tower,0,8,18,10,36,0,0,20,0,20,0,8,38,10,56,20,14,34,90
02/23/2005,ISO,NC,ASO,EN,Federal Contract Tower,0,6,11,25,42,0,0,41,7,48,0,6,52,32,90,30,40,70,160
02/24/2005,ISO,NC,ASO,EN,Federal Contract Tower,0,8,8,4,20,0,0,0,0,0,0,8,8,4,20,0,0,0,20
02/25/2005,ISO,NC,ASO,EN,Federal Contract Tower,0,10,27,0,37,0,0,27,0,27,0,10,54,0,64,18,0,18,82
02/26/2005,ISO,NC,ASO,EN,Federal Contract Tower,0,2,23,6,31,0,0,52,2,54,0,2,75,8,85,24,10,34,119
02/27/2005,ISO,NC,ASO,EN,Federal Contract Tower,0,0,6,0,6,0,0,10,0,10,0,0,16,0,16,4,0,4,20
02/28/2005,ISO,NC,ASO,EN,Federal Contract Tower,0,8,6,4,18,0,0,1,0,1,0,8,7,4,19,0,0,0,19
03/01/2005,ISO,NC,ASO,EN,Federal Contract Tower,0,8,6,20,34,0,0,29,4,33,0,8,35,24,67,10,42,52,119
03/02/2005,ISO,NC,ASO,EN,Federal Contract Tower,0,8,4,2,14,0,0,11,2,13,0,8,15,4,27,2,20,22,49
03/03/2005,ISO,NC,ASO,EN,Federal Contract Tower,0,8,5,8,21,0,0,34,5,39,0,8,39,13,60,12,70,82,142
03/04/2005,ISO,NC,ASO,EN,Federal Contract Tower,2,8,12,13,35,0,0,59,1,60,2,8,71,14,95,60,30,90,185
03/05/2005,ISO,NC,ASO,EN,Federal Contract Tower,2,2,5,14,23,0,0,14,3,17,2,2,19,17,40,2,26,28,68
03/06/2005,ISO,NC,ASO,EN,Federal Contract Tower,2,0,15,0,17,0,0,35,0,35,2,0,50,0,52,26,0,26,78
03/07/2005,ISO,NC,ASO,EN,Federal Contract Tower,0,8,7,29,44,0,0,50,10,60,0,8,57,39,104,16,80,96,200
03/08/2005,ISO,NC,ASO,EN,Federal Contract Tower,0,8,10,0,18,0,2,3,4,9,0,10,13,4,27,0,0,0,27
03/09/2005,ISO,NC,ASO,EN,Federal Contract Tower,0,7,11,11,29,0,1,50,8,59,0,8,61,19,88,10,50,60,148
03/10/2005,ISO,NC,ASO,EN,Federal Contract Tower,0,8,20,3,31,0,0,63,1,64,0,8,83,4,95,16,40,56,151
03/11/2005,ISO,NC,ASO,EN,Federal Contract Tower,0,8,1,8,17,0,0,18,3,21,0,8,19,11,38,12,14,26,64
03/12/2005,ISO,NC,ASO,EN,Federal Contract Tower,0,2,5,0,7,0,0,11,0,11,0,2,16,0,18,0,0,0,18
03/13/2005,ISO,NC,ASO,EN,Federal Contract Tower,0,0,5,0,5,0,0,37,0,37,0,0,42,0,42,8,0,8,50
03/14/2005,ISO,NC,ASO,EN,Federal Contract Tower,0,8,16,5,29,0,0,13,3,16,0,8,29,8,45,28,14,42,87
03/15/2005,ISO,NC,ASO,EN,Federal Contract Tower,0,8,18,17,43,0,0,57,17,74,0,8,75,34,117,26,84,110,227
03/16/2005,ISO,NC,ASO,EN,Federal Contract Tower,0,8,9,0,17,0,0,2,0,2,0,8,11,0,19,0,0,0,19
03/17/2005,ISO,NC,ASO,EN,Federal Contract Tower,0,6,5,0,11,0,0,0,0,0,0,6,5,0,11,0,0,0,11
03/18/2005,ISO,NC,ASO,EN,Federal Contract Tower,2,8,26,9,45,0,0,46,5,51,2,8,72,14,96,26,20,46,142
03/19/2005,ISO,NC,ASO,EN,Federal Contract Tower,2,2,18,2,24,0,0,51,0,51,2,2,69,2,75,70,0,70,145
03/20/2005,ISO,NC,ASO,EN,Federal Contract Tower,0,0,13,0,13,0,0,41,0,41,0,0,54,0,54,66,0,66,120
03/21/2005,ISO,NC,ASO,EN,Federal Contract Tower,0,9,8,7,24,0,0,45,7,52,0,9,53,14,76,28,18,46,122
03/22/2005,ISO,NC,ASO,EN,Federal Contract Tower,0,8,16,13,37,0,0,30,2,32,0,8,46,15,69,22,18,40,109
03/23/2005,ISO,NC,ASO,EN,Federal Contract Tower,0,8,5,5,18,0,0,8,1,9,0,8,13,6,27,14,26,40,67
03/24/2005,ISO,NC,ASO,EN,Federal Contract Tower,0,6,20,20,46,0,0,31,4,35,0,6,51,24,81,10,88,98,179
03/25/2005,ISO,NC,ASO,EN,Federal Contract Tower,0,8,20,2,30,0,0,40,0,40,0,8,60,2,70,12,0,12,82
03/26/2005,ISO,NC,ASO,EN,Federal Contract Tower,0,4,33,12,49,0,0,19,0,19,0,4,52,12,68,4,0,4,72
03/27/2005,ISO,NC,ASO,EN,Federal Contract Tower,0,0,1,0,1,0,0,1,4,5,0,0,2,4,6,0,0,0,6
03/28/2005,ISO,NC,ASO,EN,Federal Contract Tower,0,8,12,2,22,0,0,3,2,5,0,8,15,4,27,0,0,0,27
03/29/2005,ISO,NC,ASO,EN,Federal Contract Tower,0,8,28,11,47,0,0,35,3,38,0,8,63,14,85,14,16,30,115
03/30/2005,ISO,NC,ASO,EN,Federal Contract Tower,0,8,17,22,47,0,0,53,0,53,0,8,70,22,100,62,10,72,172
03/31/2005,ISO,NC,ASO,EN,Federal Contract Tower,1,8,5,18,32,0,0,32,2,34,1,8,37,20,66,38,14,52,118
04/01/2005,ISO,NC,ASO,EN,Federal Contract Tower,8,8,4,7,27,0,0,16,7,23,8,8,20,14,50,4,14,18,68
04/02/2005,ISO,NC,ASO,EN,Federal Contract Tower,6,2,1,0,9,0,0,0,4,4,6,2,1,4,13,4,0,4,17
04/03/2005,ISO,NC,ASO,EN,Federal Contract Tower,8,0,4,0,12,0,0,4,0,4,8,0,8,0,16,0,0,0,16
04/04/2005,ISO,NC,ASO,EN,Federal Contract Tower,6,8,9,10,33,0,0,47,0,47,6,8,56,10,80,36,0,36,116
04/05/2005,ISO,NC,ASO,EN,Federal Contract Tower,6,8,20,15,49,0,0,64,1,65,6,8,84,16,114,28,4,32,146
04/06/2005,ISO,NC,ASO,EN,Federal Contract Tower,6,10,24,6,46,0,0,52,2,54,6,10,76,8,100,14,0,14,114
04/07/2005,ISO,NC,ASO,EN,Federal Contract Tower,5,11,12,12,40,0,0,33,4,37,5,11,45,16,77,2,44,46,123
04/08/2005,ISO,NC,ASO,EN,Federal Contract Tower,5,8,14,8,35,0,0,21,0,21,5,8,35,8,56,58,0,58,114
04/09/2005,ISO,NC,ASO,EN,Federal Contract Tower,4,4,16,2,26,0,0,30,0,30,4,4,46,2,56,16,0,16,72
04/10/2005,ISO,NC,ASO,EN,Federal Contract Tower,6,0,13,0,19,0,0,37,0,37,6,0,50,0,56,18,0,18,74
04/11/2005,ISO,NC,ASO,EN,Federal Contract Tower,6,7,27,0,40,0,1,60,0,61,6,8,87,0,101,28,0,28,129
04/12/2005,ISO,NC,ASO,EN,Federal Contract Tower,0,13,22,31,66,0,1,25,13,39,0,14,47,44,105,16,22,38,143
04/13/2005,ISO,NC,ASO,EN,Federal Contract Tower,0,14,16,33,63,0,0,7,2,9,0,14,23,35,72,0,0,0,72
04/14/2005,ISO,NC,ASO,EN,Federal Contract Tower,0,14,23,22,59,0,1,39,4,44,0,15,62,26,103,0,26,26,129
04/15/2005,ISO,NC,ASO,EN,Federal Contract Tower,2,14,9,7,32,0,0,14,7,21,2,14,23,14,53,0,34,34,87
04/16/2005,ISO,NC,ASO,EN,Federal Contract Tower,2,8,13,0,23,0,0,30,0,30,2,8,43,0,53,18,0,18,71
04/17/2005,ISO,NC,ASO,EN,Federal Contract Tower,0,5,8,0,13,0,0,43,0,43,0,5,51,0,56,6,0,6,62
04/18/2005,ISO,NC,ASO,EN,Federal Contract Tower,0,14,30,11,55,0,0,63,12,75,0,14,93,23,130,38,38,76,206
04/19/2005,ISO,NC,ASO,EN,Federal Contract Tower,0,14,30,18,62,0,0,53,4,57,0,14,83,22,119,72,2,74,193
04/20/2005,ISO,NC,ASO,EN,Federal Contract Tower,0,15,10,16,41,0,0,49,0,49,0,15,59,16,90,26,8,34,124
04/21/2005,ISO,NC,ASO,EN,Federal Contract Tower,0,16,12,24,52,0,0,45,11,56,0,16,57,35,108,10,74,84,192
04/22/2005,ISO,NC,ASO,EN,Federal Contract Tower,0,11,17,0,28,0,0,55,0,55,0,11,72,0,83,4,0,4,87
04/23/2005,ISO,NC,ASO,EN,Federal Contract Tower,0,8,6,0,14,0,0,5,0,5,0,8,11,0,19,2,0,2,21
04/24/2005,ISO,NC,ASO,EN,Federal Contract Tower,0,6,11,0,17,0,0,32,0,32,0,6,43,0,49,6,0,6,55
04/25/2005,ISO,NC,ASO,EN,Federal Contract Tower,0,13,29,2,44,0,1,53,4,58,0,14,82,6,102,4,0,4,106
04/26/2005,ISO,NC,ASO,EN,Federal Contract Tower,0,14,23,10,47,0,2,45,3,50,0,16,68,13,97,20,20,40,137
04/27/2005,ISO,NC,ASO,EN,Federal Contract Tower,0,16,24,29,69,0,0,39,1,40,0,16,63,30,109,14,16,30,139
04/28/2005,ISO,NC,ASO,EN,Federal Contract Tower,0,14,20,18,52,0,2,30,10,42,0,16,50,28,94,2,28,30,124
04/29/2005,ISO,NC,ASO,EN,Federal Contract Tower,2,14,11,10,37,0,0,30,2,32,2,14,41,12,69,8,6,14,83
04/30/2005,ISO,NC,ASO,EN,Federal Contract Tower,0,7,4,0,11,0,0,10,2,12,0,7,14,2,23,2,0,2,25
05/01/2005,ISO,NC,ASO,EN,Federal Contract Tower,0,6,7,0,13,0,0,28,0,28,0,6,35,0,41,42,0,42,83
05/02/2005,ISO,NC,ASO,EN,Federal Contract Tower,0,11,11,20,42,0,3,18,26,47,0,14,29,46,89,8,26,34,123
05/03/2005,ISO,NC,ASO,EN,Federal Contract Tower,0,12,18,15,45,0,2,44,7,53,0,14,62,22,98,6,40,46,144
05/04/2005,ISO,NC,ASO,EN,Federal Contract Tower,0,13,20,29,62,0,1,27,9,37,0,14,47,38,99,16,26,42,141
05/05/2005,ISO,NC,ASO,EN,Federal Contract Tower,0,15,26,14,55,0,0,20,0,20,0,15,46,14,75,0,0,0,75
05/06/2005,ISO,NC,ASO,EN,Federal Contract Tower,0,16,2,0,18,0,0,0,0,0,0,16,2,0,18,0,0,0,18
05/07/2005,ISO,NC,ASO,EN,Federal Contract Tower,0,9,9,1,19,0,0,32,1,33,0,9,41,2,52,24,4,28,80
05/08/2005,ISO,NC,ASO,EN,Federal Contract Tower,0,7,10,0,17,0,0,17,0,17,0,7,27,0,34,16,0,16,50
05/09/2005,ISO,NC,ASO,EN,Federal Contract Tower,0,15,20,10,45,0,2,41,2,45,0,17,61,12,90,2,10,12,102
05/10/2005,ISO,NC,ASO,EN,Federal Contract Tower,0,13,23,30,66,0,1,36,2,39,0,14,59,32,105,24,44,68,173
05/11/2005,ISO,NC,ASO,EN,Federal Contract Tower,0,16,27,13,56,0,1,47,8,56,0,17,74,21,112,26,60,86,198
05/12/2005,ISO,NC,ASO,EN,Federal Contract Tower,0,15,31,12,58,0,2,53,4,59,0,17,84,16,117,38,14,52,169
05/13/2005,ISO,NC,ASO,EN,Federal Contract Tower,0,14,19,4,37,0,0,47,3,50,0,14,66,7,87,32,24,56,143
05/14/2005,ISO,NC,ASO,EN,Federal Contract Tower,0,8,11,0,19,0,0,43,0,43,0,8,54,0,62,18,0,18,80
05/15/2005,ISO,NC,ASO,EN,Federal Contract Tower,0,6,17,0,23,0,0,23,0,23,0,6,40,0,46,18,0,18,64
05/16/2005,ISO,NC,ASO,EN,Federal Contract Tower,0,14,15,20,49,0,0,34,10,44,0,14,49,30,93,14,52,66,159
05/17/2005,ISO,NC,ASO,EN,Federal Contract Tower,0,13,21,21,55,0,0,48,5,53,0,13,69,26,108,30,16,46,154
05/18/2005,ISO,NC,ASO,EN,Federal Contract Tower,0,17,17,21,55,0,3,46,5,54,0,20,63,26,109,4,48,52,161
05/19/2005,ISO,NC,ASO,EN,Federal Contract Tower,0,12,17,12,41,0,1,21,0,22,0,13,38,12,63,4,0,4,67
05/20/2005,ISO,NC,ASO,EN,Federal Contract Tower,0,15,8,2,25,0,0,9,0,9,0,15,17,2,34,0,0,0,34
05/21/2005,ISO,NC,ASO,EN,Federal Contract Tower,0,8,11,0,19,0,0,41,0,41,0,8,52,0,60,14,0,14,74
05/22/2005,ISO,NC,ASO,EN,Federal Contract Tower,0,8,6,0,14,0,0,29,0,29,0,8,35,0,43,20,0,20,63
05/23/2005,ISO,NC,ASO,EN,Federal Contract Tower,0,13,15,8,36,0,0,35,0,35,0,13,50,8,71,28,34,62,133
05/24/2005,ISO,NC,ASO,EN,Federal Contract Tower,0,13,25,43,81,0,1,28,3,32,0,14,53,46,113,18,42,60,173
05/25/2005,ISO,NC,ASO,EN,Federal Contract Tower,0,13,24,23,60,0,1,29,3,33,0,14,53,26,93,6,48,54,147
05/26/2005,ISO,NC,ASO,EN,Federal Contract Tower,0,16,12,16,44,0,1,41,4,46,0,17,53,20,90,8,0,8,98
05/27/2005,ISO,NC,ASO,EN,Federal Contract Tower,0,14,14,5,33,0,0,59,1,60,0,14,73,6,93,20,6,26,119
05/28/2005,ISO,NC,ASO,EN,Federal Contract Tower,0,8,2,0,10,0,0,28,0,28,0,8,30,0,38,20,0,20,58
05/29/2005,ISO,NC,ASO,EN,Federal Contract Tower,0,6,7,0,13,0,0,33,0,33,0,6,40,0,46,30,0,30,76
05/30/2005,ISO,NC,ASO,EN,Federal Contract Tower,0,6,15,0,21,0,0,13,0,13,0,6,28,0,34,26,0,26,60
05/31/2005,ISO,NC,ASO,EN,Federal Contract Tower,0,13,9,8,30,0,0,28,0,28,0,13,37,8,58,16,0,16,74
06/01/2005,ISO,NC,ASO,EN,Federal Contract Tower,0,13,6,9,28,0,0,8,1,9,0,13,14,10,37,20,6,26,63
06/02/2005,ISO,NC,ASO,EN,Federal Contract Tower,0,16,4,10,30,0,0,0,0,0,0,16,4,10,30,2,0,2,32
06/03/2005,ISO,NC,ASO,EN,Federal Contract Tower,2,13,18,8,41,0,0,0,2,2,2,13,18,10,43,0,2,2,45
06/04/2005,ISO,NC,ASO,EN,Federal Contract Tower,0,11,11,4,26,0,1,18,0,19,0,12,29,4,45,0,0,0,45
06/05/2005,ISO,NC,ASO,EN,Federal Contract Tower,2,6,6,0,14,0,0,10,0,10,2,6,16,0,24,8,0,8,32
06/06/2005,ISO,NC,ASO,EN,Federal Contract Tower,0,11,14,14,39,0,1,37,10,48,0,12,51,24,87,14,8,22,109
06/07/2005,ISO,NC,ASO,EN,Federal Contract Tower,0,14,24,8,46,0,0,25,4,29,0,14,49,12,75,16,0,16,91
06/08/2005,ISO,NC,ASO,EN,Federal Contract Tower,0,14,13,5,32,0,0,46,7,53,0,14,59,12,85,70,18,88,173
06/09/2005,ISO,NC,ASO,EN,Federal Contract Tower,0,15,11,8,34,0,0,9,11,20,0,15,20,19,54,0,6,6,60
06/10/2005,ISO,NC,ASO,EN,Federal Contract Tower,0,15,13,12,40,0,0,33,2,35,0,15,46,14,75,12,30,42,117
06/11/2005,ISO,NC,ASO,EN,Federal Contract Tower,0,8,16,3,27,0,0,36,3,39,0,8,52,6,66,44,0,44,110
06/12/2005,ISO,NC,ASO,EN,Federal Contract Tower,0,7,16,0,23,0,0,20,4,24,0,7,36,4,47,30,0,30,77
06/13/2005,ISO,NC,ASO,EN,Federal Contract Tower,0,12,2,12,26,0,0,28,4,32,0,12,30,16,58,4,10,14,72
06/14/2005,ISO,NC,ASO,EN,Federal Contract Tower,0,15,12,18,45,0,1,30,6,37,0,16,42,24,82,30,20,50,132
06/15/2005,ISO,NC,ASO,EN,Federal Contract Tower,0,13,17,8,38,0,1,42,2,45,0,14,59,10,83,22,36,58,141
06/16/2005,ISO,NC,ASO,EN,Federal Contract Tower,0,14,10,3,27,0,0,40,3,43,0,14,50,6,70,36,14,50,120
06/17/2005,ISO,NC,ASO,EN,Federal Contract Tower,2,12,10,7,31,0,0,51,9,60,2,12,61,16,91,60,44,104,195
06/18/2005,ISO,NC,ASO,EN,Federal Contract Tower,2,6,10,0,18,0,0,36,0,36,2,6,46,0,54,22,0,22,76
06/19/2005,ISO,NC,ASO,EN,Federal Contract Tower,0,6,11,0,17,0,1,34,0,35,0,7,45,0,52,0,0,0,52
06/20/2005,ISO,NC,ASO,EN,Federal Contract Tower,0,10,22,6,38,0,0,51,0,51,0,10,73,6,89,14,0,14,103
06/21/2005,ISO,NC,ASO,EN,Federal Contract Tower,0,9,8,35,52,0,0,41,3,44,0,9,49,38,96,6,40,46,142
06/22/2005,ISO,NC,ASO,EN,Federal Contract Tower,0,9,16,12,37,0,0,22,10,32,0,9,38,22,69,6,0,6,75
06/23/2005,ISO,NC,ASO,EN,Federal Contract Tower,0,10,19,34,63,0,0,45,7,52,0,10,64,41,115,10,48,58,173
06/24/2005,ISO,NC,ASO,EN,Federal Contract Tower,0,12,18,0,30,0,0,31,2,33,0,12,49,2,63,2,0,2,65
06/25/2005,ISO,NC,ASO,EN,Federal Contract Tower,0,8,7,18,33,0,0,11,0,11,0,8,18,18,44,4,0,4,48
06/26/2005,ISO,NC,ASO,EN,Federal Contract Tower,0,8,6,0,14,0,0,6,0,6,0,8,12,0,20,0,0,0,20
06/27/2005,ISO,NC,ASO,EN,Federal Contract Tower,0,10,10,4,24,0,0,16,0,16,0,10,26,4,40,4,10,14,54
06/28/2005,ISO,NC,ASO,EN,Federal Contract Tower,0,9,7,3,19,0,0,4,1,5,0,9,11,4,24,0,4,4,28
06/29/2005,ISO,NC,ASO,EN,Federal Contract Tower,0,10,13,8,31,0,0,10,2,12,0,10,23,10,43,16,12,28,71
06/30/2005,ISO,NC,ASO,EN,Federal Contract Tower,0,8,16,4,28,0,0,18,2,20,0,8,34,6,48,10,4,14,62
07/01/2005,ISO,NC,ASO,EN,Federal Contract Tower,0,9,8,0,17,0,2,33,0,35,0,11,41,0,52,8,0,8,60
07/02/2005,ISO,NC,ASO,EN,Federal Contract Tower,0,6,5,0,11,0,0,31,0,31,0,6,36,0,42,10,0,10,52
07/03/2005,ISO,NC,ASO,EN,Federal Contract Tower,0,5,3,0,8,0,0,19,0,19,0,5,22,0,27,8,0,8,35
07/04/2005,ISO,NC,ASO,EN,Federal Contract Tower,0,6,1,0,7,0,0,18,0,18,0,6,19,0,25,14,0,14,39
07/05/2005,ISO,NC,ASO,EN,Federal Contract Tower,0,10,16,4,30,0,0,15,0,15,0,10,31,4,45,10,0,10,55
07/06/2005,ISO,NC,ASO,EN,Federal Contract Tower,0,8,24,12,44,0,0,23,2,25,0,8,47,14,69,34,12,46,115
07/07/2005,ISO,NC,ASO,EN,Federal Contract Tower,0,10,15,19,44,0,0,25,3,28,0,10,40,22,72,28,16,44,116
07/08/2005,ISO,NC,ASO,EN,Federal Contract Tower,4,12,31,4,51,0,0,31,6,37,4,12,62,10,88,14,0,14,102
07/09/2005,ISO,NC,ASO,EN,Federal Contract Tower,0,4,17,0,21,0,0,31,0,31,0,4,48,0,52,8,0,8,60
07/10/2005,ISO,NC,ASO,EN,Federal Contract Tower,2,7,3,0,12,0,0,19,0,19,2,7,22,0,31,6,0,6,37
07/11/2005,ISO,NC,ASO,EN,Federal Contract Tower,0,10,16,2,28,0,0,37,4,41,0,10,53,6,69,24,6,30,99
07/12/2005,ISO,NC,ASO,EN,Federal Contract Tower,0,10,13,4,27,0,0,11,0,11,0,10,24,4,38,8,0,8,46
07/13/2005,ISO,NC,ASO,EN,Federal Contract Tower,0,8,8,2,18,0,0,6,0,6,0,8,14,2,24,0,2,2,26
07/14/2005,ISO,NC,ASO,EN,Federal Contract Tower,0,9,6,18,33,0,0,15,4,19,0,9,21,22,52,2,16,18,70
07/15/2005,ISO,NC,ASO,EN,Federal Contract Tower,0,9,27,14,50,0,0,33,5,38,0,9,60,19,88,14,36,50,138
07/16/2005,ISO,NC,ASO,EN,Federal Contract Tower,0,6,20,0,26,0,0,35,0,35,0,6,55,0,61,36,0,36,97
07/17/2005,ISO,NC,ASO,EN,Federal Contract Tower,0,7,9,0,16,0,0,17,2,19,0,7,26,2,35,12,0,12,47
07/18/2005,ISO,NC,ASO,EN,Federal Contract Tower,0,15,15,10,40,0,0,33,6,39,0,15,48,16,79,10,8,18,97
07/19/2005,ISO,NC,ASO,EN,Federal Contract Tower,0,11,18,15,44,0,0,41,13,54,0,11,59,28,98,26,44,70,168
07/20/2005,ISO,NC,ASO,EN,Federal Contract Tower,0,9,22,9,40,0,0,51,5,56,0,9,73,14,96,30,2,32,128
07/21/2005,ISO,NC,ASO,EN,Federal Contract Tower,0,9,19,10,38,0,0,26,6,32,0,9,45,16,70,4,6,10,80
07/22/2005,ISO,NC,ASO,EN,Federal Contract Tower,0,10,20,4,34,0,0,11,5,16,0,10,31,9,50,4,12,16,66
07/23/2005,ISO,NC,ASO,EN,Federal Contract Tower,0,5,4,0,9,0,0,12,0,12,0,5,16,0,21,0,0,0,21
07/24/2005,ISO,NC,ASO,EN,Federal Contract Tower,0,6,12,0,18,0,0,20,2,22,0,6,32,2,40,6,0,6,46
07/25/2005,ISO,NC,ASO,EN,Federal Contract Tower,0,10,14,12,36,0,0,32,2,34,0,10,46,14,70,12,14,26,96
07/26/2005,ISO,NC,ASO,EN,Federal Contract Tower,0,10,7,10,27,0,0,19,2,21,0,10,26,12,48,8,10,18,66
07/27/2005,ISO,NC,ASO,EN,Federal Contract Tower,0,7,18,13,38,0,0,26,3,29,0,7,44,16,67,22,52,74,141
07/28/2005,ISO,NC,ASO,EN,Federal Contract Tower,0,11,9,12,32,0,1,29,11,41,0,12,38,23,73,10,50,60,133
07/29/2005,ISO,NC,ASO,EN,Federal Contract Tower,0,10,21,30,61,0,0,17,2,19,0,10,38,32,80,4,40,44,124
07/30/2005,ISO,NC,ASO,EN,Federal Contract Tower,0,6,7,0,13,0,0,4,0,4,0,6,11,0,17,0,0,0,17
07/31/2005,ISO,NC,ASO,EN,Federal Contract Tower,0,6,9,0,15,0,0,1,0,1,0,6,10,0,16,6,0,6,22
08/01/2005,ISO,NC,ASO,EN,Federal Contract Tower,0,8,11,16,35,0,0,23,4,27,0,8,34,20,62,14,0,14,76
08/02/2005,ISO,NC,ASO,EN,Federal Contract Tower,0,8,7,14,29,0,0,41,6,47,0,8,48,20,76,50,64,114,190
08/03/2005,ISO,NC,ASO,EN,Federal Contract Tower,0,7,14,17,38,0,0,32,9,41,0,7,46,26,79,30,12,42,121
08/04/2005,ISO,NC,ASO,EN,Federal Contract Tower,0,10,8,18,36,0,0,0,2,2,0,10,8,20,38,20,26,46,84
08/05/2005,ISO,NC,ASO,EN,Federal Contract Tower,2,9,23,4,38,0,0,4,0,4,2,9,27,4,42,6,0,6,48
08/06/2005,ISO,NC,ASO,EN,Federal Contract Tower,0,6,14,4,24,0,0,25,1,26,0,6,39,5,50,2,12,14,64
08/07/2005,ISO,NC,ASO,EN,Federal Contract Tower,2,6,9,0,17,0,0,18,0,18,2,6,27,0,35,4,0,4,39
08/08/2005,ISO,NC,ASO,EN,Federal Contract Tower,0,9,6,7,22,0,0,19,3,22,0,9,25,10,44,4,26,30,74
08/09/2005,ISO,NC,ASO,EN,Federal Contract Tower,0,9,13,12,34,0,0,11,2,13,0,9,24,14,47,2,4,6,53
08/10/2005,ISO,NC,ASO,EN,Federal Contract Tower,0,10,16,4,30,0,0,24,4,28,0,10,40,8,58,8,26,34,92
08/11/2005,ISO,NC,ASO,EN,Federal Contract Tower,0,6,24,12,42,0,0,38,6,44,0,6,62,18,86,14,46,60,146
08/12/2005,ISO,NC,ASO,EN,Federal Contract Tower,2,10,12,8,32,0,2,27,2,31,2,12,39,10,63,8,0,8,71
08/13/2005,ISO,NC,ASO,EN,Federal Contract Tower,2,4,15,0,21,0,0,14,0,14,2,4,29,0,35,8,0,8,43
08/14/2005,ISO,NC,ASO,EN,Federal Contract Tower,0,5,4,0,9,0,0,10,0,10,0,5,14,0,19,6,0,6,25
08/15/2005,ISO,NC,ASO,EN,Federal Contract Tower,0,11,7,4,22,0,0,22,2,24,0,11,29,6,46,0,0,0,46
08/16/2005,ISO,NC,ASO,EN,Federal Contract Tower,0,9,12,6,27,0,0,34,2,36,0,9,46,8,63,8,8,16,79
08/17/2005,ISO,NC,ASO,EN,Federal Contract Tower,0,9,7,0,16,0,0,13,0,13,0,9,20,0,29,14,0,14,43
08/18/2005,ISO,NC,ASO,EN,Federal Contract Tower,0,8,13,4,25,0,1,37,0,38,0,9,50,4,63,38,0,38,101
08/19/2005,ISO,NC,ASO,EN,Federal Contract Tower,0,9,15,4,28,0,0,17,0,17,0,9,32,4,45,2,0,2,47
08/20/2005,ISO,NC,ASO,EN,Federal Contract Tower,0,8,7,6,21,0,0,19,2,21,0,8,26,8,42,16,6,22,64
08/21/2005,ISO,NC,ASO,EN,Federal Contract Tower,0,6,10,0,16,0,0,9,0,9,0,6,19,0,25,0,0,0,25
08/22/2005,ISO,NC,ASO,EN,Federal Contract Tower,0,10,8,24,42,0,0,28,9,37,0,10,36,33,79,8,40,48,127
08/23/2005,ISO,NC,ASO,EN,Federal Contract Tower,0,8,10,2,20,0,0,17,5,22,0,8,27,7,42,28,34,62,104
08/24/2005,ISO,NC,ASO,EN,Federal Contract Tower,0,14,6,14,34,0,0,15,4,19,0,14,21,18,53,8,6,14,67
08/25/2005,ISO,NC,ASO,EN,Federal Contract Tower,0,12,23,12,47,0,0,32,3,35,0,12,55,15,82,18,20,38,120
08/26/2005,ISO,NC,ASO,EN,Federal Contract Tower,0,10,6,17,33,0,0,34,3,37,0,10,40,20,70,36,10,46,116
08/27/2005,ISO,NC,ASO,EN,Federal Contract Tower,0,6,5,0,11,0,0,12,0,12,0,6,17,0,23,0,0,0,23
08/28/2005,ISO,NC,ASO,EN,Federal Contract Tower,0,6,4,3,13,0,0,24,1,25,0,6,28,4,38,8,10,18,56
08/29/2005,ISO,NC,ASO,EN,Federal Contract Tower,0,10,14,4,28,0,0,11,4,15,0,10,25,8,43,38,8,46,89
08/30/2005,ISO,NC,ASO,EN,Federal Contract Tower,0,10,10,14,34,0,0,15,2,17,0,10,25,16,51,10,10,20,71
08/31/2005,ISO,NC,ASO,EN,Federal Contract Tower,0,10,14,2,26,0,0,27,8,35,0,10,41,10,61,18,12,30,91
09/01/2005,ISO,NC,ASO,EN,Federal Contract Tower,0,12,17,1,30,0,0,41,3,44,0,12,58,4,74,2,0,2,76
09/02/2005,ISO,NC,ASO,EN,Federal Contract Tower,0,10,12,2,24,0,0,26,0,26,0,10,38,2,50,6,0,6,56
09/03/2005,ISO,NC,ASO,EN,Federal Contract Tower,0,4,9,0,13,0,0,15,0,15,0,4,24,0,28,44,0,44,72
09/04/2005,ISO,NC,ASO,EN,Federal Contract Tower,0,3,7,0,10,0,0,29,0,29,0,3,36,0,39,0,0,0,39
09/05/2005,ISO,NC,ASO,EN,Federal Contract Tower,0,6,12,0,18,0,0,13,0,13,0,6,25,0,31,8,0,8,39
09/06/2005,ISO,NC,ASO,EN,Federal Contract Tower,0,11,4,0,15,0,0,28,2,30,0,11,32,2,45,4,0,4,49
09/07/2005,ISO,NC,ASO,EN,Federal Contract Tower,0,12,25,2,39,0,0,12,6,18,0,12,37,8,57,6,0,6,63
09/08/2005,ISO,NC,ASO,EN,Federal Contract Tower,0,12,7,6,25,0,0,21,5,26,0,12,28,11,51,14,28,42,93
09/09/2005,ISO,NC,ASO,EN,Federal Contract Tower,2,10,23,15,50,0,0,31,10,41,2,10,54,25,91,8,20,28,119
09/10/2005,ISO,NC,ASO,EN,Federal Contract Tower,0,4,1,0,5,0,0,21,0,21,0,4,22,0,26,2,0,2,28
09/11/2005,ISO,NC,ASO,EN,Federal Contract Tower,2,7,6,0,15,0,0,20,0,20,2,7,26,0,35,2,0,2,37
09/12/2005,ISO,NC,ASO,EN,Federal Contract Tower,0,10,13,14,37,0,0,31,2,33,0,10,44,16,70,0,8,8,78
09/13/2005,ISO,NC,ASO,EN,Federal Contract Tower,0,10,10,9,29,0,0,4,3,7,0,10,14,12,36,0,14,14,50
09/14/2005,ISO,NC,ASO,EN,Federal Contract Tower,0,7,0,0,7,0,0,0,0,0,0,7,0,0,7,0,0,0,7
09/15/2005,ISO,NC,ASO,EN,Federal Contract Tower,0,8,7,0,15,0,0,7,2,9,0,8,14,2,24,0,0,0,24
09/16/2005,ISO,NC,ASO,EN,Federal Contract Tower,2,10,17,4,33,0,0,16,0,16,2,10,33,4,49,16,0,16,65
09/17/2005,ISO,NC,ASO,EN,Federal Contract Tower,2,4,2,0,8,0,0,27,0,27,2,4,29,0,35,22,0,22,57
09/18/2005,ISO,NC,ASO,EN,Federal Contract Tower,0,6,7,1,14,0,0,21,6,27,0,6,28,7,41,0,0,0,41
09/19/2005,ISO,NC,ASO,EN,Federal Contract Tower,0,9,8,18,35,0,0,14,4,18,0,9,22,22,53,2,36,38,91
09/20/2005,ISO,NC,ASO,EN,Federal Contract Tower,0,13,17,11,41,0,1,19,9,29,0,14,36,20,70,30,46,76,146
09/21/2005,ISO,NC,ASO,EN,Federal Contract Tower,0,12,12,18,42,0,0,26,9,35,0,12,38,27,77,24,10,34,111
09/22/2005,ISO,NC,ASO,EN,Federal Contract Tower,0,13,9,9,31,0,0,23,3,26,0,13,32,12,57,6,52,58,115
09/23/2005,ISO,NC,ASO,EN,Federal Contract Tower,0,10,7,11,28,0,0,28,5,33,0,10,35,16,61,28,22,50,111
09/24/2005,ISO,NC,ASO,EN,Federal Contract Tower,0,4,13,0,17,0,0,18,0,18,0,4,31,0,35,32,0,32,67
09/25/2005,ISO,NC,ASO,EN,Federal Contract Tower,0,8,13,0,21,0,0,18,0,18,0,8,31,0,39,2,0,2,41
09/26/2005,ISO,NC,ASO,EN,Federal Contract Tower,0,10,11,10,31,0,0,5,2,7,0,10,16,12,38,28,8,36,74
09/27/2005,ISO,NC,ASO,EN,Federal Contract Tower,0,10,14,7,31,0,0,34,6,40,0,10,48,13,71,80,0,80,151
09/28/2005,ISO,NC,ASO,EN,Federal Contract Tower,0,11,17,3,31,0,1,55,9,65,0,12,72,12,96,26,0,26,122
09/29/2005,ISO,NC,ASO,EN,Federal Contract Tower,0,10,11,0,21,0,0,24,0,24,0,10,35,0,45,10,0,10,55
09/30/2005,ISO,NC,ASO,EN,Federal Contract Tower,2,11,14,13,40,0,1,28,1,30,2,12,42,14,70,0,34,34,104
10/01/2005,ISO,NC,ASO,EN,Federal Contract Tower,0,4,11,0,15,0,0,23,0,23,0,4,34,0,38,12,0,12,50
10/02/2005,ISO,NC,ASO,EN,Federal Contract Tower,2,6,9,0,17,0,0,23,0,23,2,6,32,0,40,2,0,2,42
10/03/2005,ISO,NC,ASO,EN,Federal Contract Tower,0,12,15,19,46,0,0,31,1,32,0,12,46,20,78,24,4,28,106
10/04/2005,ISO,NC,ASO,EN,Federal Contract Tower,0,10,10,14,34,0,0,11,4,15,0,10,21,18,49,6,24,30,79
10/05/2005,ISO,NC,ASO,EN,Federal Contract Tower,0,11,15,20,46,0,0,14,1,15,0,11,29,21,61,0,38,38,99
10/06/2005,ISO,NC,ASO,EN,Federal Contract Tower,0,8,13,4,25,0,1,7,2,10,0,9,20,6,35,6,4,10,45
10/07/2005,ISO,NC,ASO,EN,Federal Contract Tower,2,11,13,0,26,0,0,0,0,0,2,11,13,0,26,0,0,0,26
10/08/2005,ISO,NC,ASO,EN,Federal Contract Tower,1,4,11,0,16,0,0,9,0,9,1,4,20,0,25,28,0,28,53
10/09/2005,ISO,NC,ASO,EN,Federal Contract Tower,0,5,5,0,10,0,0,0,0,0,0,5,5,0,10,0,0,0,10
10/10/2005,ISO,NC,ASO,EN,Federal Contract Tower,12,5,20,0,37,0,0,0,0,0,12,5,20,0,37,0,0,0,37
10/11/2005,ISO,NC,ASO,EN,Federal Contract Tower,12,11,13,14,50,0,0,0,0,0,12,11,13,14,50,0,0,0,50
10/12/2005,ISO,NC,ASO,EN,Federal Contract Tower,0,10,30,6,46,0,0,9,0,9,0,10,39,6,55,0,0,0,55
10/13/2005,ISO,NC,ASO,EN,Federal Contract Tower,0,10,22,14,46,0,0,17,4,21,0,10,39,18,67,30,100,130,197
10/14/2005,ISO,NC,ASO,EN,Federal Contract Tower,4,11,24,10,49,0,0,6,2,8,4,11,30,12,57,0,8,8,65
10/15/2005,ISO,NC,ASO,EN,Federal Contract Tower,2,4,13,0,19,0,0,21,0,21,2,4,34,0,40,16,0,16,56
10/16/2005,ISO,NC,ASO,EN,Federal Contract Tower,0,6,6,0,12,0,0,31,0,31,0,6,37,0,43,24,0,24,67
10/17/2005,ISO,NC,ASO,EN,Federal Contract Tower,0,10,11,6,27,0,0,25,4,29,0,10,36,10,56,4,60,64,120
10/18/2005,ISO,NC,ASO,EN,Federal Contract Tower,0,10,17,7,34,0,0,33,19,52,0,10,50,26,86,2,54,56,142
10/19/2005,ISO,NC,ASO,EN,Federal Contract Tower,0,10,16,6,32,0,0,42,4,46,0,10,58,10,78,36,68,104,182
10/20/2005,ISO,NC,ASO,EN,Federal Contract Tower,0,10,28,0,38,0,0,32,0,32,0,10,60,0,70,20,0,20,90
10/21/2005,ISO,NC,ASO,EN,Federal Contract Tower,2,12,26,4,44,0,0,11,2,13,2,12,37,6,57,14,24,38,95
10/22/2005,ISO,NC,ASO,EN,Federal Contract Tower,0,4,30,6,40,0,0,6,0,6,0,4,36,6,46,2,0,2,48
10/23/2005,ISO,NC,ASO,EN,Federal Contract Tower,0,6,10,0,16,0,0,13,0,13,0,6,23,0,29,10,0,10,39
10/24/2005,ISO,NC,ASO,EN,Federal Contract Tower,0,10,6,0,16,0,0,1,0,1,0,10,7,0,17,0,0,0,17
10/25/2005,ISO,NC,ASO,EN,Federal Contract Tower,0,10,10,72,92,0,0,16,8,24,0,10,26,80,116,6,74,80,196
10/26/2005,ISO,NC,ASO,EN,Federal Contract Tower,0,10,6,35,51,0,0,41,0,41,0,10,47,35,92,18,18,36,128
10/27/2005,ISO,NC,ASO,EN,Federal Contract Tower,0,10,13,18,41,0,0,31,2,33,0,10,44,20,74,20,34,54,128
10/28/2005,ISO,NC,ASO,EN,Federal Contract Tower,0,23,18,1,42,0,0,16,1,17,0,23,34,2,59,36,10,46,105
10/29/2005,ISO,NC,ASO,EN,Federal Contract Tower,0,4,4,6,14,0,0,36,0,36,0,4,40,6,50,20,0,20,70
10/30/2005,ISO,NC,ASO,EN,Federal Contract Tower,0,8,3,0,11,0,0,34,0,34,0,8,37,0,45,28,0,28,73
10/31/2005,ISO,NC,ASO,EN,Federal Contract Tower,0,10,20,11,41,0,0,29,3,32,0,10,49,14,73,10,52,62,135
11/01/2005,ISO,NC,ASO,EN,Federal Contract Tower,0,10,20,11,41,0,0,29,3,32,0,10,49,14,73,10,52,62,135
11/02/2005,ISO,NC,ASO,EN,Federal Contract Tower,0,33,10,20,63,0,0,17,8,25,0,33,27,28,88,12,26,38,126
11/03/2005,ISO,NC,ASO,EN,Federal Contract Tower,0,13,11,35,59,0,2,42,7,51,0,15,53,42,110,28,42,70,180
11/04/2005,ISO,NC,ASO,EN,Federal Contract Tower,4,10,10,38,62,0,0,46,2,48,4,10,56,40,110,42,22,64,174
11/05/2005,ISO,NC,ASO,EN,Federal Contract Tower,0,4,7,0,11,0,0,10,0,10,0,4,17,0,21,0,0,0,21
11/06/2005,ISO,NC,ASO,EN,Federal Contract Tower,2,6,5,0,13,0,0,19,0,19,2,6,24,0,32,20,0,20,52
11/07/2005,ISO,NC,ASO,EN,Federal Contract Tower,0,10,11,26,47,0,0,17,4,21,0,10,28,30,68,14,46,60,128
11/08/2005,ISO,NC,ASO,EN,Federal Contract Tower,0,9,12,11,32,0,1,30,3,34,0,10,42,14,66,14,12,26,92
11/09/2005,ISO,NC,ASO,EN,Federal Contract Tower,0,11,18,9,38,0,1,24,0,25,0,12,42,9,63,24,12,36,99
11/10/2005,ISO,NC,ASO,EN,Federal Contract Tower,0,10,8,9,27,0,0,11,1,12,0,10,19,10,39,16,0,16,55
11/11/2005,ISO,NC,ASO,EN,Federal Contract Tower,4,6,14,2,26,0,0,36,0,36,4,6,50,2,62,34,0,34,96
11/12/2005,ISO,NC,ASO,EN,Federal Contract Tower,2,4,7,0,13,0,0,49,0,49,2,4,56,0,62,44,0,44,106
11/13/2005,ISO,NC,ASO,EN,Federal Contract Tower,0,6,4,0,10,0,0,25,2,27,0,6,29,2,37,42,8,50,87
11/14/2005,ISO,NC,ASO,EN,Federal Contract Tower,0,10,26,17,53,0,0,32,13,45,0,10,58,30,98,56,76,132,230
11/15/2005,ISO,NC,ASO,EN,Federal Contract Tower,0,12,14,11,37,0,0,25,1,26,0,12,39,12,63,44,22,66,129
11/16/2005,ISO,NC,ASO,EN,Federal Contract Tower,0,9,10,19,38,0,0,13,2,15,0,9,23,21,53,12,16,28,81
11/17/2005,ISO,NC,ASO,EN,Federal Contract Tower,0,11,8,14,33,0,0,33,2,35,0,11,41,16,68,10,12,22,90
11/18/2005,ISO,NC,ASO,EN,Federal Contract Tower,2,10,9,4,25,0,0,28,16,44,2,10,37,20,69,66,4,70,139
11/19/2005,ISO,NC,ASO,EN,Federal Contract Tower,0,4,12,10,26,0,0,28,0,28,0,4,40,10,54,26,0,26,80
11/20/2005,ISO,NC,ASO,EN,Federal Contract Tower,0,8,9,0,17,0,0,3,0,3,0,8,12,0,20,18,0,18,38
11/21/2005,ISO,NC,ASO,EN,Federal Contract Tower,0,7,7,0,14,0,0,1,0,1,0,7,8,0,15,0,0,0,15
11/22/2005,ISO,NC,ASO,EN,Federal Contract Tower,0,9,5,14,28,0,0,19,6,25,0,9,24,20,53,14,10,24,77
11/23/2005,ISO,NC,ASO,EN,Federal Contract Tower,0,9,13,32,54,0,0,27,3,30,0,9,40,35,84,0,24,24,108
11/24/2005,ISO,NC,ASO,EN,Federal Contract Tower,0,6,2,0,8,0,0,22,0,22,0,6,24,0,30,0,0,0,30
11/25/2005,ISO,NC,ASO,EN,Federal Contract Tower,0,10,3,0,13,0,0,10,0,10,0,10,13,0,23,2,0,2,25
11/26/2005,ISO,NC,ASO,EN,Federal Contract Tower,0,4,13,0,17,0,0,18,0,18,0,4,31,0,35,16,0,16,51
11/27/2005,ISO,NC,ASO,EN,Federal Contract Tower,0,8,14,0,22,0,0,7,0,7,0,8,21,0,29,0,0,0,29
11/28/2005,ISO,NC,ASO,EN,Federal Contract Tower,0,10,17,8,35,0,0,3,0,3,0,10,20,8,38,0,20,20,58
11/29/2005,ISO,NC,ASO,EN,Federal Contract Tower,0,12,7,12,31,0,0,0,0,0,0,12,7,12,31,0,16,16,47
11/30/2005,ISO,NC,ASO,EN,Federal Contract Tower,0,10,27,36,73,0,0,34,4,38,0,10,61,40,111,20,48,68,179
12/01/2005,ISO,NC,ASO,EN,Federal Contract Tower,0,7,29,26,62,0,0,28,0,28,0,7,57,26,90,32,8,40,130
12/02/2005,ISO,NC,ASO,EN,Federal Contract Tower,2,9,19,4,34,0,0,25,2,27,2,9,44,6,61,0,0,0,61
12/03/2005,ISO,NC,ASO,EN,Federal Contract Tower,2,5,10,0,17,0,0,23,0,23,2,5,33,0,40,10,0,10,50
12/04/2005,ISO,NC,ASO,EN,Federal Contract Tower,0,4,5,0,9,0,0,10,0,10,0,4,15,0,19,6,0,6,25
12/05/2005,ISO,NC,ASO,EN,Federal Contract Tower,0,7,3,2,12,0,0,0,0,0,0,7,3,2,12,0,0,0,12
12/06/2005,ISO,NC,ASO,EN,Federal Contract Tower,0,10,10,4,24,0,0,16,4,20,0,10,26,8,44,22,16,38,82
12/07/2005,ISO,NC,ASO,EN,Federal Contract Tower,0,12,16,20,48,0,0,25,6,31,0,12,41,26,79,20,56,76,155
12/08/2005,ISO,NC,ASO,EN,Federal Contract Tower,0,8,25,0,33,0,0,37,4,41,0,8,62,4,74,20,10,30,104
12/09/2005,ISO,NC,ASO,EN,Federal Contract Tower,0,8,13,10,31,0,0,11,2,13,0,8,24,12,44,0,4,4,48
12/10/2005,ISO,NC,ASO,EN,Federal Contract Tower,0,6,13,0,19,0,0,28,0,28,0,6,41,0,47,8,0,8,55
12/11/2005,ISO,NC,ASO,EN,Federal Contract Tower,0,6,7,0,13,0,0,33,0,33,0,6,40,0,46,6,0,6,52
12/12/2005,ISO,NC,ASO,EN,Federal Contract Tower,0,8,13,5,26,0,0,20,7,27,0,8,33,12,53,2,18,20,73
12/13/2005,ISO,NC,ASO,EN,Federal Contract Tower,0,7,16,14,37,0,0,31,8,39,0,7,47,22,76,12,26,38,114
12/14/2005,ISO,NC,ASO,EN,Federal Contract Tower,0,9,29,16,54,0,0,21,4,25,0,9,50,20,79,7,22,29,108
12/15/2005,ISO,NC,ASO,EN,Federal Contract Tower,0,8,3,0,11,0,0,0,0,0,0,8,3,0,11,0,0,0,11
12/16/2005,ISO,NC,ASO,EN,Federal Contract Tower,0,8,17,2,27,0,0,18,3,21,0,8,35,5,48,18,2,20,68
12/17/2005,ISO,NC,ASO,EN,Federal Contract Tower,0,4,16,0,20,0,0,22,0,22,0,4,38,0,42,4,0,4,46
12/18/2005,ISO,NC,ASO,EN,Federal Contract Tower,0,6,4,0,10,0,0,0,0,0,0,6,4,0,10,0,0,0,10
12/19/2005,ISO,NC,ASO,EN,Federal Contract Tower,0,8,16,4,28,0,0,18,4,22,0,8,34,8,50,0,4,4,54
12/20/2005,ISO,NC,ASO,EN,Federal Contract Tower,0,11,14,23,48,0,0,36,3,39,0,11,50,26,87,16,22,38,125
12/21/2005,ISO,NC,ASO,EN,Federal Contract Tower,0,12,9,14,35,0,0,21,0,21,0,12,30,14,56,24,12,36,92
12/22/2005,ISO,NC,ASO,EN,Federal Contract Tower,0,8,9,21,38,0,0,17,6,23,0,8,26,27,61,24,36,60,121
12/23/2005,ISO,NC,ASO,EN,Federal Contract Tower,0,8,11,0,19,0,0,27,0,27,0,8,38,0,46,12,0,12,58
12/24/2005,ISO,NC,ASO,EN,Federal Contract Tower,0,4,5,0,9,0,0,16,0,16,0,4,21,0,25,18,0,18,43
12/25/2005,ISO,NC,ASO,EN,Federal Contract Tower,0,4,2,0,6,0,0,7,0,7,0,4,9,0,13,0,0,0,13
12/26/2005,ISO,NC,ASO,EN,Federal Contract Tower,0,4,12,0,16,0,0,6,0,6,0,4,18,0,22,2,0,2,24
12/27/2005,ISO,NC,ASO,EN,Federal Contract Tower,0,8,28,8,44,0,0,33,0,33,0,8,61,8,77,48,4,52,129
12/28/2005,ISO,NC,ASO,EN,Federal Contract Tower,0,7,16,8,31,0,0,25,1,26,0,7,41,9,57,42,26,68,125
12/29/2005,ISO,NC,ASO,EN,Federal Contract Tower,0,7,21,11,39,0,0,11,4,15,0,7,32,15,54,0,30,30,84
12/30/2005,ISO,NC,ASO,EN,Federal Contract Tower,0,7,23,14,44,0,0,24,6,30,0,7,47,20,74,4,14,18,92
12/31/2005,ISO,NC,ASO,EN,Federal Contract Tower,0,6,3,0,9,0,0,8,0,8,0,6,11,0,17,14,0,14,31
01/01/2006,ISO,NC,ASO,EN,Federal Contract Tower,0,3,7,0,10,0,0,40,0,40,0,3,47,0,50,40,0,40,90
01/02/2006,ISO,NC,ASO,EN,Federal Contract Tower,0,3,6,0,9,0,0,3,0,3,0,3,9,0,12,26,0,26,38
01/03/2006,ISO,NC,ASO,EN,Federal Contract Tower,0,8,10,27,45,0,0,18,5,23,0,8,28,32,68,22,36,58,126
01/04/2006,ISO,NC,ASO,EN,Federal Contract Tower,0,9,28,7,44,0,2,24,3,29,0,11,52,10,73,92,4,96,169
01/05/2006,ISO,NC,ASO,EN,Federal Contract Tower,0,7,11,27,45,0,0,26,5,31,0,7,37,32,76,24,46,70,146
01/06/2006,ISO,NC,ASO,EN,Federal Contract Tower,2,8,14,14,38,0,0,19,4,23,2,8,33,18,61,4,32,36,97
01/07/2006,ISO,NC,ASO,EN,Federal Contract Tower,0,4,10,0,14,0,0,19,0,19,0,4,29,0,33,18,0,18,51
01/08/2006,ISO,NC,ASO,EN,Federal Contract Tower,2,6,16,0,24,0,1,26,0,27,2,7,42,0,51,32,0,32,83
01/09/2006,ISO,NC,ASO,EN,Federal Contract Tower,0,8,6,25,39,0,0,23,5,28,0,8,29,30,67,4,40,44,111
01/10/2006,ISO,NC,ASO,EN,Federal Contract Tower,0,8,6,4,18,0,0,19,6,25,0,8,25,10,43,18,54,72,115
01/11/2006,ISO,NC,ASO,EN,Federal Contract Tower,0,8,8,19,35,0,0,16,3,19,0,8,24,22,54,2,40,42,96
01/12/2006,ISO,NC,ASO,EN,Federal Contract Tower,0,8,15,11,34,0,0,29,2,31,0,8,44,13,65,60,20,80,145
01/13/2006,ISO,NC,ASO,EN,Federal Contract Tower,2,7,21,2,32,0,0,16,0,16,2,7,37,2,48,10,0,10,58
01/14/2006,ISO,NC,ASO,EN,Federal Contract Tower,2,5,3,1,11,0,0,6,1,7,2,5,9,2,18,0,4,4,22
01/15/2006,ISO,NC,ASO,EN,Federal Contract Tower,0,4,2,0,6,0,0,4,0,4,0,4,6,0,10,0,0,0,10
01/16/2006,ISO,NC,ASO,EN,Federal Contract Tower,0,4,18,0,22,0,0,37,0,37,0,4,55,0,59,64,0,64,123
01/17/2006,ISO,NC,ASO,EN,Federal Contract Tower,0,8,9,17,34,0,0,21,3,24,0,8,30,20,58,52,4,56,114
01/18/2006,ISO,NC,ASO,EN,Federal Contract Tower,0,12,11,0,23,0,0,6,2,8,0,12,17,2,31,0,6,6,37
01/19/2006,ISO,NC,ASO,EN,Federal Contract Tower,0,8,7,1,16,0,0,53,3,56,0,8,60,4,72,92,0,92,164
01/20/2006,ISO,NC,ASO,EN,Federal Contract Tower,0,8,9,23,40,0,0,35,4,39,0,8,44,27,79,82,27,109,188
01/21/2006,ISO,NC,ASO,EN,Federal Contract Tower,0,5,5,0,10,0,0,17,0,17,0,5,22,0,27,80,0,80,107
01/22/2006,ISO,NC,ASO,EN,Federal Contract Tower,0,5,8,0,13,0,0,0,1,1,0,5,8,1,14,0,0,0,14
01/23/2006,ISO,NC,ASO,EN,Federal Contract Tower,0,8,15,10,33,0,0,1,0,1,0,8,16,10,34,0,0,0,34
01/24/2006,ISO,NC,ASO,EN,Federal Contract Tower,0,7,7,15,29,0,1,13,1,15,0,8,20,16,44,18,12,30,74
01/25/2006,ISO,NC,ASO,EN,Federal Contract Tower,0,8,1,32,41,0,0,11,20,31,0,8,12,52,72,0,48,48,120
01/26/2006,ISO,NC,ASO,EN,Federal Contract Tower,0,8,8,34,50,0,0,16,15,31,0,8,24,49,81,6,104,110,191
01/27/2006,ISO,NC,ASO,EN,Federal Contract Tower,2,8,20,18,48,0,0,22,5,27,2,8,42,23,75,6,16,22,97
01/28/2006,ISO,NC,ASO,EN,Federal Contract Tower,0,4,7,1,12,0,0,22,1,23,0,4,29,2,35,0,6,6,41
01/29/2006,ISO,NC,ASO,EN,Federal Contract Tower,2,6,4,0,12,0,0,3,0,3,2,6,7,0,15,0,0,0,15
01/30/2006,ISO,NC,ASO,EN,Federal Contract Tower,0,9,18,47,74,0,1,16,17,34,0,10,34,64,108,49,24,73,181
01/31/2006,ISO,NC,ASO,EN,Federal Contract Tower,0,8,7,11,26,0,0,10,3,13,0,8,17,14,39,4,42,46,85
02/01/2006,ISO,NC,ASO,EN,Federal Contract Tower,0,8,9,18,35,0,0,46,0,46,0,8,55,18,81,80,16,96,177
02/02/2006,ISO,NC,ASO,EN,Federal Contract Tower,0,8,17,14,39,0,0,37,5,42,0,8,54,19,81,90,40,130,211
02/03/2006,ISO,NC,ASO,EN,Federal Contract Tower,2,8,23,10,43,0,0,25,4,29,2,8,48,14,72,48,22,70,142
02/04/2006,ISO,NC,ASO,EN,Federal Contract Tower,0,4,2,0,6,0,0,9,0,9,0,4,11,0,15,16,0,16,31
02/05/2006,ISO,NC,ASO,EN,Federal Contract Tower,2,6,7,0,15,0,0,7,0,7,2,6,14,0,22,0,0,0,22
02/06/2006,ISO,NC,ASO,EN,Federal Contract Tower,0,8,26,27,61,0,0,41,7,48,0,8,67,34,109,50,46,96,205
02/07/2006,ISO,NC,ASO,EN,Federal Contract Tower,0,8,13,14,35,0,1,32,2,35,0,9,45,16,70,54,52,106,176
02/08/2006,ISO,NC,ASO,EN,Federal Contract Tower,0,8,23,50,81,0,0,28,9,37,0,8,51,59,118,8,74,82,200
02/09/2006,ISO,NC,ASO,EN,Federal Contract Tower,0,8,11,11,30,0,0,21,15,36,0,8,32,26,66,40,50,90,156
02/10/2006,ISO,NC,ASO,EN,Federal Contract Tower,0,11,17,19,47,0,0,30,7,37,0,11,47,26,84,6,22,28,112
02/11/2006,ISO,NC,ASO,EN,Federal Contract Tower,0,4,3,0,7,0,0,1,0,1,0,4,4,0,8,4,0,4,12
02/12/2006,ISO,NC,ASO,EN,Federal Contract Tower,0,4,2,2,8,0,0,5,0,5,0,4,7,2,13,2,0,2,15
02/13/2006,ISO,NC,ASO,EN,Federal Contract Tower,0,8,23,14,45,0,0,27,2,29,0,8,50,16,74,14,4,18,92
02/14/2006,ISO,NC,ASO,EN,Federal Contract Tower,0,10,21,16,47,0,0,43,11,54,0,10,64,27,101,30,70,100,201
02/15/2006,ISO,NC,ASO,EN,Federal Contract Tower,0,8,13,16,37,0,0,43,5,48,0,8,56,21,85,74,44,118,203
02/16/2006,ISO,NC,ASO,EN,Federal Contract Tower,0,8,10,14,32,0,0,20,4,24,0,8,30,18,56,6,8,14,70
02/17/2006,ISO,NC,ASO,EN,Federal Contract Tower,2,8,11,7,28,0,0,42,4,46,2,8,53,11,74,38,42,80,154
02/18/2006,ISO,NC,ASO,EN,Federal Contract Tower,0,2,3,0,5,0,0,7,0,7,0,2,10,0,12,2,0,2,14
02/19/2006,ISO,NC,ASO,EN,Federal Contract Tower,0,3,8,0,11,0,0,28,4,32,0,3,36,4,43,6,0,6,49
02/20/2006,ISO,NC,ASO,EN,Federal Contract Tower,0,2,11,0,13,0,0,4,0,4,0,2,15,0,17,30,0,30,47
02/21/2006,ISO,NC,ASO,EN,Federal Contract Tower,0,6,12,20,38,0,0,34,4,38,0,6,46,24,76,22,40,62,138
02/22/2006,ISO,NC,ASO,EN,Federal Contract Tower,0,7,20,6,33,0,1,1,0,2,0,8,21,6,35,0,0,0,35
02/23/2006,ISO,NC,ASO,EN,Federal Contract Tower,0,8,16,3,27,0,0,11,20,31,0,8,27,23,58,0,0,0,58
02/24/2006,ISO,NC,ASO,EN,Federal Contract Tower,2,8,11,23,44,0,0,27,27,54,2,8,38,50,98,46,25,71,169
02/25/2006,ISO,NC,ASO,EN,Federal Contract Tower,0,3,10,2,15,0,0,31,0,31,0,3,41,2,46,14,0,14,60
02/26/2006,ISO,NC,ASO,EN,Federal Contract Tower,2,4,7,0,13,0,0,7,0,7,2,4,14,0,20,0,0,0,20
02/27/2006,ISO,NC,ASO,EN,Federal Contract Tower,0,9,12,6,27,0,1,50,6,57,0,10,62,12,84,16,62,78,162
02/28/2006,ISO,NC,ASO,EN,Federal Contract Tower,0,7,7,13,27,0,0,36,3,39,0,7,43,16,66,10,20,30,96
03/01/2006,ISO,NC,ASO,EN,Federal Contract Tower,0,6,9,4,19,0,0,42,10,52,0,6,51,14,71,54,2,56,127
03/02/2006,ISO,NC,ASO,EN,Federal Contract Tower,0,8,15,32,55,0,0,26,4,30,0,8,41,36,85,12,12,24,109
03/03/2006,ISO,NC,ASO,EN,Federal Contract Tower,2,8,17,10,37,0,0,45,0,45,2,8,62,10,82,10,0,10,92
03/04/2006,ISO,NC,ASO,EN,Federal Contract Tower,0,6,9,6,21,0,0,48,4,52,0,6,57,10,73,14,0,14,87
03/05/2006,ISO,NC,ASO,EN,Federal Contract Tower,2,6,5,0,13,0,0,25,6,31,2,6,30,6,44,26,0,26,70
03/06/2006,ISO,NC,ASO,EN,Federal Contract Tower,0,10,13,10,33,0,0,2,0,2,0,10,15,10,35,0,4,4,39
03/07/2006,ISO,NC,ASO,EN,Federal Contract Tower,0,10,17,12,39,0,3,30,4,37,0,13,47,16,76,18,24,42,118
03/08/2006,ISO,NC,ASO,EN,Federal Contract Tower,0,10,12,31,53,0,0,52,1,53,0,10,64,32,106,0,14,14,120
03/09/2006,ISO,NC,ASO,EN,Federal Contract Tower,0,8,19,18,45,0,0,54,4,58,0,8,73,22,103,4,6,10,113
03/10/2006,ISO,NC,ASO,EN,Federal Contract Tower,0,8,14,18,40,0,0,19,0,19,0,8,33,18,59,2,20,22,81
03/11/2006,ISO,NC,ASO,EN,Federal Contract Tower,0,4,3,0,7,0,0,51,0,51,0,4,54,0,58,22,0,22,80
03/12/2006,ISO,NC,ASO,EN,Federal Contract Tower,0,6,10,0,16,0,0,19,4,23,0,6,29,4,39,12,0,12,51
03/13/2006,ISO,NC,ASO,EN,Federal Contract Tower,0,6,5,12,23,0,0,27,6,33,0,6,32,18,56,0,32,32,88
03/14/2006,ISO,NC,ASO,EN,Federal Contract Tower,0,8,7,7,22,0,1,14,1,16,0,9,21,8,38,12,8,20,58
03/15/2006,ISO,NC,ASO,EN,Federal Contract Tower,0,9,12,6,27,0,0,22,0,22,0,9,34,6,49,2,0,2,51
03/16/2006,ISO,NC,ASO,EN,Federal Contract Tower,0,8,9,39,56,0,0,52,0,52,0,8,61,39,108,68,54,122,230
03/17/2006,ISO,NC,ASO,EN,Federal Contract Tower,2,8,16,5,31,0,0,47,11,58,2,8,63,16,89,16,6,22,111
03/18/2006,ISO,NC,ASO,EN,Federal Contract Tower,2,4,15,0,21,0,0,56,8,64,2,4,71,8,85,24,0,24,109
03/19/2006,ISO,NC,ASO,EN,Federal Contract Tower,0,6,6,0,12,0,0,54,4,58,0,6,60,4,70,30,0,30,100
03/20/2006,ISO,NC,ASO,EN,Federal Contract Tower,0,8,12,34,54,0,0,26,6,32,0,8,38,40,86,12,38,50,136
03/21/2006,ISO,NC,ASO,EN,Federal Contract Tower,0,8,18,34,60,0,0,1,2,3,0,8,19,36,63,0,0,0,63
03/22/2006,ISO,NC,ASO,EN,Federal Contract Tower,0,10,15,28,53,0,1,16,1,18,0,11,31,29,71,4,56,60,131
03/23/2006,ISO,NC,ASO,EN,Federal Contract Tower,0,8,10,19,37,0,0,38,6,44,0,8,48,25,81,14,75,89,170
03/24/2006,ISO,NC,ASO,EN,Federal Contract Tower,2,10,16,22,50,0,0,18,2,20,2,10,34,24,70,10,34,44,114
03/25/2006,ISO,NC,ASO,EN,Federal Contract Tower,0,4,9,0,13,0,0,17,0,17,0,4,26,0,30,14,0,14,44
03/26/2006,ISO,NC,ASO,EN,Federal Contract Tower,2,8,11,0,21,0,0,26,2,28,2,8,37,2,49,18,0,18,67
03/27/2006,ISO,NC,ASO,EN,Federal Contract Tower,0,10,24,7,41,0,0,28,1,29,0,10,52,8,70,44,16,60,130
03/28/2006,ISO,NC,ASO,EN,Federal Contract Tower,0,8,25,17,50,0,0,28,3,31,0,8,53,20,81,40,2,42,123
03/29/2006,ISO,NC,ASO,EN,Federal Contract Tower,0,8,25,0,33,0,0,39,6,45,0,8,64,6,78,22,0,22,100
03/30/2006,ISO,NC,ASO,EN,Federal Contract Tower,0,8,19,0,27,0,0,46,2,48,0,8,65,2,75,38,0,38,113
03/31/2006,ISO,NC,ASO,EN,Federal Contract Tower,0,8,11,1,20,0,0,64,1,65,0,8,75,2,85,20,0,20,105
04/01/2006,ISO,NC,ASO,EN,Federal Contract Tower,0,4,20,0,24,0,0,16,0,16,0,4,36,0,40,18,0,18,58
04/02/2006,ISO,NC,ASO,EN,Federal Contract Tower,0,4,10,0,14,0,0,59,0,59,0,4,69,0,73,14,0,14,87
04/03/2006,ISO,NC,ASO,EN,Federal Contract Tower,0,7,12,0,19,0,0,18,0,18,0,7,30,0,37,0,0,0,37
04/04/2006,ISO,NC,ASO,EN,Federal Contract Tower,0,8,18,7,33,0,0,41,1,42,0,8,59,8,75,24,0,24,99
04/05/2006,ISO,NC,ASO,EN,Federal Contract Tower,0,8,14,2,24,0,0,39,2,41,0,8,53,4,65,8,4,12,77
04/06/2006,ISO,NC,ASO,EN,Federal Contract Tower,0,8,22,2,32,0,0,94,0,94,0,8,116,2,126,52,0,52,178
04/07/2006,ISO,NC,ASO,EN,Federal Contract Tower,2,10,15,2,29,0,1,49,4,54,2,11,64,6,83,10,30,40,123
04/08/2006,ISO,NC,ASO,EN,Federal Contract Tower,0,4,7,0,11,0,0,14,0,14,0,4,21,0,25,0,0,0,25
04/09/2006,ISO,NC,ASO,EN,Federal Contract Tower,2,6,21,1,30,0,0,50,2,52,2,6,71,3,82,12,12,24,106
04/10/2006,ISO,NC,ASO,EN,Federal Contract Tower,0,8,27,10,45,0,0,39,4,43,0,8,66,14,88,6,14,20,108
04/11/2006,ISO,NC,ASO,EN,Federal Contract Tower,0,8,28,21,57,0,0,42,1,43,0,8,70,22,100,124,10,134,234
04/12/2006,ISO,NC,ASO,EN,Federal Contract Tower,0,8,15,2,25,0,0,41,4,45,0,8,56,6,70,22,22,44,114
04/13/2006,ISO,NC,ASO,EN,Federal Contract Tower,0,9,16,1,26,0,0,56,3,59,0,9,72,4,85,33,18,51,136
04/14/2006,ISO,NC,ASO,EN,Federal Contract Tower,0,8,16,1,25,0,0,70,3,73,0,8,86,4,98,14,0,14,112
04/15/2006,ISO,NC,ASO,EN,Federal Contract Tower,0,4,5,0,9,0,0,31,0,31,0,4,36,0,40,26,0,26,66
04/16/2006,ISO,NC,ASO,EN,Federal Contract Tower,0,4,5,0,9,0,0,19,0,19,0,4,24,0,28,10,0,10,38
04/17/2006,ISO,NC,ASO,EN,Federal Contract Tower,0,8,9,0,17,0,0,22,0,22,0,8,31,0,39,4,0,4,43
04/18/2006,ISO,NC,ASO,EN,Federal Contract Tower,0,10,27,0,37,0,0,49,4,53,0,10,76,4,90,26,14,40,130
04/19/2006,ISO,NC,ASO,EN,Federal Contract Tower,0,7,16,2,25,0,0,32,0,32,0,7,48,2,57,6,0,6,63
04/20/2006,ISO,NC,ASO,EN,Federal Contract Tower,0,8,17,5,30,0,0,65,4,69,0,8,82,9,99,44,6,50,149
04/21/2006,ISO,NC,ASO,EN,Federal Contract Tower,2,9,18,11,40,0,0,23,3,26,2,9,41,14,66,16,12,28,94
04/22/2006,ISO,NC,ASO,EN,Federal Contract Tower,2,4,4,0,10,0,0,4,0,4,2,4,8,0,14,0,0,0,14
04/23/2006,ISO,NC,ASO,EN,Federal Contract Tower,0,8,13,0,21,0,0,18,2,20,0,8,31,2,41,4,0,4,45
04/24/2006,ISO,NC,ASO,EN,Federal Contract Tower,0,9,19,3,31,0,1,23,3,27,0,10,42,6,58,22,44,66,124
04/25/2006,ISO,NC,ASO,EN,Federal Contract Tower,0,8,17,10,35,0,0,29,4,33,0,8,46,14,68,36,0,36,104
04/26/2006,ISO,NC,ASO,EN,Federal Contract Tower,0,8,19,4,31,0,1,17,0,18,0,9,36,4,49,0,0,0,49
04/27/2006,ISO,NC,ASO,EN,Federal Contract Tower,0,8,13,0,21,0,0,0,0,0,0,8,13,0,21,0,0,0,21
04/28/2006,ISO,NC,ASO,EN,Federal Contract Tower,0,8,6,0,14,0,0,31,2,33,0,8,37,2,47,20,0,20,67
04/29/2006,ISO,NC,ASO,EN,Federal Contract Tower,2,4,1,0,7,0,0,38,0,38,2,4,39,0,45,8,0,8,53
04/30/2006,ISO,NC,ASO,EN,Federal Contract Tower,0,4,2,2,8,0,0,8,0,8,0,4,10,2,16,0,0,0,16
05/01/2006,ISO,NC,ASO,EN,Federal Contract Tower,0,8,22,4,34,0,0,16,0,16,0,8,38,4,50,4,0,4,54
05/02/2006,ISO,NC,ASO,EN,Federal Contract Tower,0,10,19,0,29,0,0,40,0,40,0,10,59,0,69,8,0,8,77
05/03/2006,ISO,NC,ASO,EN,Federal Contract Tower,0,8,15,8,31,0,0,38,2,40,0,8,53,10,71,0,6,6,77
05/04/2006,ISO,NC,ASO,EN,Federal Contract Tower,0,10,2,15,27,0,0,43,3,46,0,10,45,18,73,12,0,12,85
05/05/2006,ISO,NC,ASO,EN,Federal Contract Tower,2,12,8,5,27,0,0,29,7,36,2,12,37,12,63,6,70,76,139
05/06/2006,ISO,NC,ASO,EN,Federal Contract Tower,0,4,9,10,23,0,0,13,0,13,0,4,22,10,36,0,10,10,46
05/07/2006,ISO,NC,ASO,EN,Federal Contract Tower,2,4,10,0,16,0,0,7,2,9,2,4,17,2,25,0,0,0,25
05/08/2006,ISO,NC,ASO,EN,Federal Contract Tower,0,8,7,20,35,0,0,3,0,3,0,8,10,20,38,0,0,0,38
05/09/2006,ISO,NC,ASO,EN,Federal Contract Tower,0,8,11,12,31,0,0,33,5,38,0,8,44,17,69,54,0,54,123
05/10/2006,ISO,NC,ASO,EN,Federal Contract Tower,0,8,14,16,38,0,0,19,2,21,0,8,33,18,59,8,22,30,89
05/11/2006,ISO,NC,ASO,EN,Federal Contract Tower,0,8,15,9,32,0,0,7,3,10,0,8,22,12,42,4,0,4,46
05/12/2006,ISO,NC,ASO,EN,Federal Contract Tower,0,7,27,0,34,0,0,29,0,29,0,7,56,0,63,28,0,28,91
05/13/2006,ISO,NC,ASO,EN,Federal Contract Tower,0,4,3,0,7,0,0,16,0,16,0,4,19,0,23,22,0,22,45
05/14/2006,ISO,NC,ASO,EN,Federal Contract Tower,0,6,16,0,22,0,0,2,0,2,0,6,18,0,24,0,0,0,24
05/15/2006,ISO,NC,ASO,EN,Federal Contract Tower,0,10,16,24,50,0,0,3,6,9,0,10,19,30,59,14,20,34,93
05/16/2006,ISO,NC,ASO,EN,Federal Contract Tower,0,8,2,2,12,0,0,69,0,69,0,8,71,2,81,22,0,22,103
05/17/2006,ISO,NC,ASO,EN,Federal Contract Tower,0,7,31,10,48,0,0,39,0,39,0,7,70,10,87,56,0,56,143
05/18/2006,ISO,NC,ASO,EN,Federal Contract Tower,0,10,22,8,40,0,0,49,2,51,0,10,71,10,91,8,16,24,115
05/19/2006,ISO,NC,ASO,EN,Federal Contract Tower,2,8,11,12,33,0,0,26,6,32,2,8,37,18,65,18,10,28,93
05/20/2006,ISO,NC,ASO,EN,Federal Contract Tower,0,6,11,0,17,0,0,17,0,17,0,6,28,0,34,2,0,2,36
05/21/2006,ISO,NC,ASO,EN,Federal Contract Tower,0,7,13,0,20,0,0,15,0,15,0,7,28,0,35,0,0,0,35
05/22/2006,ISO,NC,ASO,EN,Federal Contract Tower,1,8,19,10,38,0,0,32,4,36,1,8,51,14,74,24,18,42,116
05/23/2006,ISO,NC,ASO,EN,Federal Contract Tower,0,10,11,10,31,0,1,34,5,40,0,11,45,15,71,36,20,56,127
05/24/2006,ISO,NC,ASO,EN,Federal Contract Tower,0,8,12,9,29,0,0,50,1,51,0,8,62,10,80,49,20,69,149
05/25/2006,ISO,NC,ASO,EN,Federal Contract Tower,0,11,26,14,51,0,0,26,2,28,0,11,52,16,79,14,34,48,127
05/26/2006,ISO,NC,ASO,EN,Federal Contract Tower,0,7,0,0,7,0,0,46,0,46,0,7,46,0,53,56,0,56,109
05/27/2006,ISO,NC,ASO,EN,Federal Contract Tower,0,3,10,0,13,0,0,24,0,24,0,3,34,0,37,24,0,24,61
05/28/2006,ISO,NC,ASO,EN,Federal Contract Tower,0,4,0,0,4,0,0,32,0,32,0,4,32,0,36,38,0,38,74
05/29/2006,ISO,NC,ASO,EN,Federal Contract Tower,0,4,16,0,20,0,0,25,0,25,0,4,41,0,45,56,0,56,101
05/30/2006,ISO,NC,ASO,EN,Federal Contract Tower,0,8,15,14,37,0,0,29,0,29,0,8,44,14,66,10,20,30,96
05/31/2006,ISO,NC,ASO,EN,Federal Contract Tower,0,8,11,4,23,0,0,23,9,32,0,8,34,13,55,60,32,92,147
06/01/2006,ISO,NC,ASO,EN,Federal Contract Tower,0,10,34,2,46,0,0,27,14,41,0,10,61,16,87,74,16,90,177
06/02/2006,ISO,NC,ASO,EN,Federal Contract Tower,0,7,14,11,32,0,0,24,5,29,0,7,38,16,61,58,36,94,155
06/03/2006,ISO,NC,ASO,EN,Federal Contract Tower,0,4,5,0,9,0,0,4,0,4,0,4,9,0,13,0,0,0,13
06/04/2006,ISO,NC,ASO,EN,Federal Contract Tower,0,4,6,4,14,0,0,16,2,18,0,4,22,6,32,0,0,0,32
06/05/2006,ISO,NC,ASO,EN,Federal Contract Tower,0,8,7,5,20,0,0,31,3,34,0,8,38,8,54,70,30,100,154
06/06/2006,ISO,NC,ASO,EN,Federal Contract Tower,0,8,17,13,38,0,0,28,5,33,0,8,45,18,71,28,30,58,129
06/07/2006,ISO,NC,ASO,EN,Federal Contract Tower,0,10,11,22,43,0,0,31,0,31,0,10,42,22,74,50,26,76,150
06/08/2006,ISO,NC,ASO,EN,Federal Contract Tower,0,8,9,0,17,0,0,45,2,47,0,8,54,2,64,52,0,52,116
06/09/2006,ISO,NC,ASO,EN,Federal Contract Tower,2,10,15,6,33,0,0,40,4,44,2,10,55,10,77,28,26,54,131
06/10/2006,ISO,NC,ASO,EN,Federal Contract Tower,2,4,7,0,13,0,0,25,0,25,2,4,32,0,38,22,0,22,60
06/11/2006,ISO,NC,ASO,EN,Federal Contract Tower,0,6,2,0,8,0,0,24,0,24,0,6,26,0,32,10,0,10,42
06/12/2006,ISO,NC,ASO,EN,Federal Contract Tower,0,7,10,8,25,0,0,8,4,12,0,7,18,12,37,2,36,38,75
06/13/2006,ISO,NC,ASO,EN,Federal Contract Tower,0,11,13,20,44,0,0,13,2,15,0,11,26,22,59,8,18,26,85
06/14/2006,ISO,NC,ASO,EN,Federal Contract Tower,0,8,5,0,13,0,0,2,0,2,0,8,7,0,15,0,0,0,15
06/15/2006,ISO,NC,ASO,EN,Federal Contract Tower,0,7,27,17,51,0,0,30,0,30,0,7,57,17,81,30,30,60,141
06/16/2006,ISO,NC,ASO,EN,Federal Contract Tower,0,7,27,19,53,0,0,36,5,41,0,7,63,24,94,28,46,74,168
06/17/2006,ISO,NC,ASO,EN,Federal Contract Tower,0,4,12,0,16,0,0,18,0,18,0,4,30,0,34,10,0,10,44
06/18/2006,ISO,NC,ASO,EN,Federal Contract Tower,0,6,3,0,9,0,0,17,0,17,0,6,20,0,26,0,0,0,26
06/19/2006,ISO,NC,ASO,EN,Federal Contract Tower,0,10,17,0,27,0,0,23,0,23,0,10,40,0,50,24,0,24,74
06/20/2006,ISO,NC,ASO,EN,Federal Contract Tower,0,8,24,16,48,0,0,26,9,35,0,8,50,25,83,14,24,38,121
06/21/2006,ISO,NC,ASO,EN,Federal Contract Tower,0,8,17,8,33,0,0,31,0,31,0,8,48,8,64,32,0,32,96
06/22/2006,ISO,NC,ASO,EN,Federal Contract Tower,0,10,19,29,58,0,1,69,7,77,0,11,88,36,135,18,16,34,169
06/23/2006,ISO,NC,ASO,EN,Federal Contract Tower,2,8,20,4,34,0,0,32,36,68,2,8,52,40,102,10,0,10,112
06/24/2006,ISO,NC,ASO,EN,Federal Contract Tower,0,4,8,0,12,0,0,18,0,18,0,4,26,0,30,32,0,32,62
06/25/2006,ISO,NC,ASO,EN,Federal Contract Tower,0,3,13,0,16,0,0,0,0,0,0,3,13,0,16,0,0,0,16
06/26/2006,ISO,NC,ASO,EN,Federal Contract Tower,3,7,13,9,32,0,0,7,0,7,3,7,20,9,39,0,28,28,67
06/27/2006,ISO,NC,ASO,EN,Federal Contract Tower,0,7,14,4,25,0,0,6,0,6,0,7,20,4,31,26,0,26,57
06/28/2006,ISO,NC,ASO,EN,Federal Contract Tower,0,8,31,0,39,0,0,40,2,42,0,8,71,2,81,38,8,46,127
06/29/2006,ISO,NC,ASO,EN,Federal Contract Tower,0,10,14,12,36,0,0,51,0,51,0,10,65,12,87,64,45,109,196
06/30/2006,ISO,NC,ASO,EN,Federal Contract Tower,0,7,37,0,44,0,0,47,0,47,0,7,84,0,91,56,0,56,147
07/01/2006,ISO,NC,ASO,EN,Federal Contract Tower,0,6,26,2,34,0,0,23,0,23,0,6,49,2,57,24,0,24,81
07/02/2006,ISO,NC,ASO,EN,Federal Contract Tower,0,4,2,0,6,0,0,12,0,12,0,4,14,0,18,0,0,0,18
07/03/2006,ISO,NC,ASO,EN,Federal Contract Tower,0,7,10,0,17,0,0,20,0,20,0,7,30,0,37,12,0,12,49
07/04/2006,ISO,NC,ASO,EN,Federal Contract Tower,0,4,0,0,4,0,0,7,0,7,0,4,7,0,11,20,0,20,31
07/05/2006,ISO,NC,ASO,EN,Federal Contract Tower,0,7,15,3,25,0,0,25,1,26,0,7,40,4,51,22,4,26,77
07/06/2006,ISO,NC,ASO,EN,Federal Contract Tower,0,10,6,0,16,0,0,1,0,1,0,10,7,0,17,0,0,0,17
07/07/2006,ISO,NC,ASO,EN,Federal Contract Tower,2,8,15,6,31,0,0,33,7,40,2,8,48,13,71,54,14,68,139
07/08/2006,ISO,NC,ASO,EN,Federal Contract Tower,0,4,8,0,12,0,0,22,0,22,0,4,30,0,34,2,0,2,36
07/09/2006,ISO,NC,ASO,EN,Federal Contract Tower,2,6,10,0,18,0,0,26,0,26,2,6,36,0,44,24,0,24,68
07/10/2006,ISO,NC,ASO,EN,Federal Contract Tower,0,8,12,35,55,0,0,23,4,27,0,8,35,39,82,32,16,48,130
07/11/2006,ISO,NC,ASO,EN,Federal Contract Tower,0,7,31,8,46,0,0,23,2,25,0,7,54,10,71,68,8,76,147
07/12/2006,ISO,NC,ASO,EN,Federal Contract Tower,0,7,12,10,29,0,0,25,0,25,0,7,37,10,54,28,26,54,108
07/13/2006,ISO,NC,ASO,EN,Federal Contract Tower,0,7,31,16,54,0,0,24,2,26,0,7,55,18,80,0,46,46,126
07/14/2006,ISO,NC,ASO,EN,Federal Contract Tower,1,9,22,10,42,0,0,34,0,34,1,9,56,10,76,24,20,44,120
07/15/2006,ISO,NC,ASO,EN,Federal Contract Tower,1,4,12,0,17,0,0,19,0,19,1,4,31,0,36,18,0,18,54
07/16/2006,ISO,NC,ASO,EN,Federal Contract Tower,1,5,4,0,10,0,0,8,4,12,1,5,12,4,22,4,0,4,26
07/17/2006,ISO,NC,ASO,EN,Federal Contract Tower,0,10,9,14,33,0,0,36,0,36,0,10,45,14,69,42,16,58,127
07/18/2006,ISO,NC,ASO,EN,Federal Contract Tower,0,8,25,8,41,0,0,35,4,39,0,8,60,12,80,38,14,52,132
07/19/2006,ISO,NC,ASO,EN,Federal Contract Tower,0,8,15,40,63,0,0,23,4,27,0,8,38,44,90,78,22,100,190
07/20/2006,ISO,NC,ASO,EN,Federal Contract Tower,0,8,19,17,44,0,0,18,3,21,0,8,37,20,65,58,10,68,133
07/21/2006,ISO,NC,ASO,EN,Federal Contract Tower,0,7,16,12,35,0,0,24,2,26,0,7,40,14,61,32,0,32,93
07/22/2006,ISO,NC,ASO,EN,Federal Contract Tower,0,4,5,7,16,0,0,2,0,2,0,4,7,7,18,2,0,2,20
07/23/2006,ISO,NC,ASO,EN,Federal Contract Tower,0,3,13,0,16,0,0,6,0,6,0,3,19,0,22,12,0,12,34
07/24/2006,ISO,NC,ASO,EN,Federal Contract Tower,0,9,9,41,59,0,0,14,3,17,0,9,23,44,76,34,46,80,156
07/25/2006,ISO,NC,ASO,EN,Federal Contract Tower,4,4,12,7,27,0,0,6,5,11,4,4,18,12,38,6,8,14,52
07/26/2006,ISO,NC,ASO,EN,Federal Contract Tower,4,4,13,12,33,0,0,31,4,35,4,4,44,16,68,48,4,52,120
07/27/2006,ISO,NC,ASO,EN,Federal Contract Tower,3,4,16,29,52,0,0,23,0,23,3,4,39,29,75,10,30,40,115
07/28/2006,ISO,NC,ASO,EN,Federal Contract Tower,5,6,10,12,33,0,0,17,0,17,5,6,27,12,50,8,4,12,62
07/29/2006,ISO,NC,ASO,EN,Federal Contract Tower,3,0,1,5,9,0,0,12,1,13,3,0,13,6,22,12,4,16,38
07/30/2006,ISO,NC,ASO,EN,Federal Contract Tower,6,2,8,0,16,0,0,23,0,23,6,2,31,0,39,32,0,32,71
07/31/2006,ISO,NC,ASO,EN,Federal Contract Tower,5,4,4,26,39,0,0,22,2,24,5,4,26,28,63,26,34,60,123
08/01/2006,ISO,NC,ASO,EN,Federal Contract Tower,3,4,13,16,36,0,0,13,8,21,3,4,26,24,57,8,46,54,111
08/02/2006,ISO,NC,ASO,EN,Federal Contract Tower,4,4,3,17,28,0,0,22,1,23,4,4,25,18,51,4,16,20,71
08/03/2006,ISO,NC,ASO,EN,Federal Contract Tower,3,4,10,4,21,0,0,20,0,20,3,4,30,4,41,42,8,50,91
08/04/2006,ISO,NC,ASO,EN,Federal Contract Tower,5,4,7,31,47,0,0,8,3,11,5,4,15,34,58,0,36,36,94
08/05/2006,ISO,NC,ASO,EN,Federal Contract Tower,3,0,7,3,13,0,0,13,7,20,3,0,20,10,33,0,4,4,37
08/06/2006,ISO,NC,ASO,EN,Federal Contract Tower,6,2,16,4,28,0,0,19,0,19,6,2,35,4,47,36,0,36,83
08/07/2006,ISO,NC,ASO,EN,Federal Contract Tower,4,6,6,23,39,0,0,16,4,20,4,6,22,27,59,26,42,68,127
08/08/2006,ISO,NC,ASO,EN,Federal Contract Tower,4,10,7,19,40,0,0,41,5,46,4,10,48,24,86,26,14,40,126
08/09/2006,ISO,NC,ASO,EN,Federal Contract Tower,3,4,10,11,28,0,0,20,3,23,3,4,30,14,51,24,0,24,75
08/10/2006,ISO,NC,ASO,EN,Federal Contract Tower,4,4,5,30,43,0,2,22,7,31,4,6,27,37,74,46,48,94,168
08/11/2006,ISO,NC,ASO,EN,Federal Contract Tower,5,4,16,14,39,0,0,5,2,7,5,4,21,16,46,16,6,22,68
08/12/2006,ISO,NC,ASO,EN,Federal Contract Tower,5,0,11,0,16,0,0,9,0,9,5,0,20,0,25,0,0,0,25
08/13/2006,ISO,NC,ASO,EN,Federal Contract Tower,3,0,20,0,23,0,0,26,0,26,3,0,46,0,49,36,0,36,85
08/14/2006,ISO,NC,ASO,EN,Federal Contract Tower,4,4,8,8,24,0,0,32,0,32,4,4,40,8,56,22,0,22,78
08/15/2006,ISO,NC,ASO,EN,Federal Contract Tower,5,6,9,37,57,0,1,17,13,31,5,7,26,50,88,28,58,86,174
08/16/2006,ISO,NC,ASO,EN,Federal Contract Tower,3,4,9,23,39,0,0,22,3,25,3,4,31,26,64,50,2,52,116
08/17/2006,ISO,NC,ASO,EN,Federal Contract Tower,4,4,5,35,48,0,0,12,4,16,4,4,17,39,64,10,12,22,86
08/18/2006,ISO,NC,ASO,EN,Federal Contract Tower,4,6,8,12,30,0,0,14,4,18,4,6,22,16,48,18,10,28,76
08/19/2006,ISO,NC,ASO,EN,Federal Contract Tower,4,0,18,4,26,0,0,12,0,12,4,0,30,4,38,4,0,4,42
08/20/2006,ISO,NC,ASO,EN,Federal Contract Tower,3,2,5,0,10,0,0,15,0,15,3,2,20,0,25,20,0,20,45
08/21/2006,ISO,NC,ASO,EN,Federal Contract Tower,4,4,14,11,33,0,0,3,3,6,4,4,17,14,39,0,10,10,49
08/22/2006,ISO,NC,ASO,EN,Federal Contract Tower,4,4,11,7,26,0,0,4,4,8,4,4,15,11,34,2,6,8,42
08/23/2006,ISO,NC,ASO,EN,Federal Contract Tower,3,4,15,50,72,0,0,29,20,49,3,4,44,70,121,52,56,108,229
08/24/2006,ISO,NC,ASO,EN,Federal Contract Tower,4,4,13,37,58,0,0,35,19,54,4,4,48,56,112,30,60,90,202
08/25/2006,ISO,NC,ASO,EN,Federal Contract Tower,6,4,25,18,53,0,0,32,10,42,6,4,57,28,95,50,34,84,179
08/26/2006,ISO,NC,ASO,EN,Federal Contract Tower,4,0,25,7,36,0,0,48,2,50,4,0,73,9,86,14,8,22,108
08/27/2006,ISO,NC,ASO,EN,Federal Contract Tower,6,2,9,0,17,0,0,15,0,15,6,2,24,0,32,14,0,14,46
08/28/2006,ISO,NC,ASO,EN,Federal Contract Tower,3,7,5,2,17,0,0,26,0,26,3,7,31,2,43,26,0,26,69
08/29/2006,ISO,NC,ASO,EN,Federal Contract Tower,3,4,12,34,53,0,0,50,2,52,3,4,62,36,105,32,24,56,161
08/30/2006,ISO,NC,ASO,EN,Federal Contract Tower,2,5,9,14,30,0,0,18,4,22,2,5,27,18,52,8,10,18,70
08/31/2006,ISO,NC,ASO,EN,Federal Contract Tower,3,2,3,0,8,0,0,0,0,0,3,2,3,0,8,0,0,0,8
09/01/2006,ISO,NC,ASO,EN,Federal Contract Tower,3,4,15,0,22,0,0,8,0,8,3,4,23,0,30,0,0,0,30
09/02/2006,ISO,NC,ASO,EN,Federal Contract Tower,3,0,1,0,4,0,0,20,0,20,3,0,21,0,24,20,0,20,44
09/03/2006,ISO,NC,ASO,EN,Federal Contract Tower,3,0,6,0,9,0,0,19,0,19,3,0,25,0,28,16,0,16,44
09/04/2006,ISO,NC,ASO,EN,Federal Contract Tower,4,0,6,0,10,0,0,13,0,13,4,0,19,0,23,8,0,8,31
09/05/2006,ISO,NC,ASO,EN,Federal Contract Tower,3,4,4,2,13,0,0,0,0,0,3,4,4,2,13,0,0,0,13
09/06/2006,ISO,NC,ASO,EN,Federal Contract Tower,4,6,16,11,37,0,0,14,3,17,4,6,30,14,54,8,10,18,72
09/07/2006,ISO,NC,ASO,EN,Federal Contract Tower,3,6,6,14,29,0,0,43,5,48,3,6,49,19,77,16,40,56,133
09/08/2006,ISO,NC,ASO,EN,Federal Contract Tower,8,6,12,8,34,0,0,22,3,25,8,6,34,11,59,32,16,48,107
09/09/2006,ISO,NC,ASO,EN,Federal Contract Tower,3,0,6,0,9,0,0,23,0,23,3,0,29,0,32,30,0,30,62
09/10/2006,ISO,NC,ASO,EN,Federal Contract Tower,5,0,13,0,18,0,0,25,0,25,5,0,38,0,43,12,0,12,55
09/11/2006,ISO,NC,ASO,EN,Federal Contract Tower,3,6,8,29,46,0,1,23,4,28,3,7,31,33,74,58,42,100,174
09/12/2006,ISO,NC,ASO,EN,Federal Contract Tower,4,4,16,9,33,0,0,36,3,39,4,4,52,12,72,26,12,38,110
09/13/2006,ISO,NC,ASO,EN,Federal Contract Tower,3,4,22,9,38,0,0,24,2,26,3,4,46,11,64,20,44,64,128
09/14/2006,ISO,NC,ASO,EN,Federal Contract Tower,3,6,9,4,22,0,0,10,4,14,3,6,19,8,36,14,0,14,50
09/15/2006,ISO,NC,ASO,EN,Federal Contract Tower,5,8,25,6,44,0,0,25,4,29,5,8,50,10,73,2,16,18,91
09/16/2006,ISO,NC,ASO,EN,Federal Contract Tower,5,2,38,20,65,0,0,25,4,29,5,2,63,24,94,2,2,4,98
09/17/2006,ISO,NC,ASO,EN,Federal Contract Tower,3,4,15,0,22,0,0,18,7,25,3,4,33,7,47,6,0,6,53
09/18/2006,ISO,NC,ASO,EN,Federal Contract Tower,3,4,9,10,26,0,0,22,2,24,3,4,31,12,50,8,0,8,58
09/19/2006,ISO,NC,ASO,EN,Federal Contract Tower,3,4,6,14,27,0,0,3,0,3,3,4,9,14,30,21,0,21,51
09/20/2006,ISO,NC,ASO,EN,Federal Contract Tower,4,4,10,17,35,0,0,39,5,44,4,4,49,22,79,28,2,30,109
09/21/2006,ISO,NC,ASO,EN,Federal Contract Tower,4,4,16,13,37,0,0,40,5,45,4,4,56,18,82,34,4,38,120
09/22/2006,ISO,NC,ASO,EN,Federal Contract Tower,3,6,10,16,35,0,0,32,4,36,3,6,42,20,71,24,98,122,193
09/23/2006,ISO,NC,ASO,EN,Federal Contract Tower,3,2,5,2,12,0,0,16,6,22,3,2,21,8,34,6,16,22,56
09/24/2006,ISO,NC,ASO,EN,Federal Contract Tower,2,0,7,2,11,0,0,1,0,1,2,0,8,2,12,0,14,14,26
09/25/2006,ISO,NC,ASO,EN,Federal Contract Tower,1,8,5,35,49,0,0,23,11,34,1,8,28,46,83,10,74,84,167
09/26/2006,ISO,NC,ASO,EN,Federal Contract Tower,4,4,6,4,18,0,0,37,0,37,4,4,43,4,55,26,0,26,81
09/27/2006,ISO,NC,ASO,EN,Federal Contract Tower,4,6,21,25,56,0,0,50,7,57,4,6,71,32,113,56,40,96,209
09/28/2006,ISO,NC,ASO,EN,Federal Contract Tower,3,6,7,17,33,0,0,21,11,32,3,6,28,28,65,14,74,88,153
09/29/2006,ISO,NC,ASO,EN,Federal Contract Tower,5,6,8,16,35,0,0,28,6,34,5,6,36,22,69,2,32,34,103
09/30/2006,ISO,NC,ASO,EN,Federal Contract Tower,3,0,22,0,25,0,0,27,0,27,3,0,49,0,52,14,0,14,66
10/01/2006,ISO,NC,ASO,EN,Federal Contract Tower,5,0,22,0,27,0,0,41,0,41,5,0,63,0,68,4,0,4,72
10/02/2006,ISO,NC,ASO,EN,Federal Contract Tower,4,5,7,26,42,0,0,28,0,28,4,5,35,26,70,14,44,58,128
10/03/2006,ISO,NC,ASO,EN,Federal Contract Tower,4,4,10,37,55,0,0,32,5,37,4,4,42,42,92,42,48,90,182
10/04/2006,ISO,NC,ASO,EN,Federal Contract Tower,3,4,10,20,37,0,0,47,1,48,3,4,57,21,85,70,40,110,195
10/05/2006,ISO,NC,ASO,EN,Federal Contract Tower,4,5,26,10,45,0,0,41,0,41,4,5,67,10,86,30,34,64,150
10/06/2006,ISO,NC,ASO,EN,Federal Contract Tower,6,5,36,0,47,0,0,7,0,7,6,5,43,0,54,8,0,8,62
10/07/2006,ISO,NC,ASO,EN,Federal Contract Tower,3,0,5,2,10,0,0,4,0,4,3,0,9,2,14,0,0,0,14
10/08/2006,ISO,NC,ASO,EN,Federal Contract Tower,5,2,7,0,14,0,0,1,2,3,5,2,8,2,17,0,0,0,17
10/09/2006,ISO,NC,ASO,EN,Federal Contract Tower,3,0,9,0,12,0,0,0,0,0,3,0,9,0,12,0,0,0,12
10/10/2006,ISO,NC,ASO,EN,Federal Contract Tower,4,4,45,2,55,0,0,50,0,50,4,4,95,2,105,12,4,16,121
10/11/2006,ISO,NC,ASO,EN,Federal Contract Tower,4,4,29,22,59,0,0,46,2,48,4,4,75,24,107,34,34,68,175
10/12/2006,ISO,NC,ASO,EN,Federal Contract Tower,4,5,35,2,46,0,1,59,4,64,4,6,94,6,110,64,26,90,200
10/13/2006,ISO,NC,ASO,EN,Federal Contract Tower,7,7,14,17,45,0,0,44,9,53,7,7,58,26,98,22,26,48,146
10/14/2006,ISO,NC,ASO,EN,Federal Contract Tower,6,0,2,2,10,0,0,16,2,18,6,0,18,4,28,2,0,2,30
10/15/2006,ISO,NC,ASO,EN,Federal Contract Tower,3,2,16,1,22,0,0,12,4,16,3,2,28,5,38,2,0,2,40
10/16/2006,ISO,NC,ASO,EN,Federal Contract Tower,4,5,27,20,56,0,0,41,2,43,4,5,68,22,99,48,46,94,193
10/17/2006,ISO,NC,ASO,EN,Federal Contract Tower,3,12,15,14,44,0,0,2,0,2,3,12,17,14,46,0,0,0,46
10/18/2006,ISO,NC,ASO,EN,Federal Contract Tower,2,7,26,26,61,0,0,21,0,21,2,7,47,26,82,4,4,8,90
10/19/2006,ISO,NC,ASO,EN,Federal Contract Tower,2,4,43,34,83,0,0,35,14,49,2,4,78,48,132,10,24,34,166
10/20/2006,ISO,NC,ASO,EN,Federal Contract Tower,0,6,9,18,33,0,0,23,6,29,0,6,32,24,62,24,46,70,132
10/21/2006,ISO,NC,ASO,EN,Federal Contract Tower,3,0,13,0,16,0,0,13,0,13,3,0,26,0,29,0,0,0,29
10/22/2006,ISO,NC,ASO,EN,Federal Contract Tower,3,4,14,0,21,0,0,3,0,3,3,4,17,0,24,2,0,2,26
10/23/2006,ISO,NC,ASO,EN,Federal Contract Tower,3,4,8,20,35,0,0,22,3,25,3,4,30,23,60,70,32,102,162
10/24/2006,ISO,NC,ASO,EN,Federal Contract Tower,4,4,8,0,16,0,0,18,2,20,4,4,26,2,36,32,0,32,68
10/25/2006,ISO,NC,ASO,EN,Federal Contract Tower,4,4,14,12,34,0,9,58,0,67,4,13,72,12,101,16,14,30,131
10/26/2006,ISO,NC,ASO,EN,Federal Contract Tower,4,6,7,12,29,0,0,47,4,51,4,6,54,16,80,30,76,106,186
10/27/2006,ISO,NC,ASO,EN,Federal Contract Tower,5,8,12,17,42,0,0,8,3,11,5,8,20,20,53,8,20,28,81
10/28/2006,ISO,NC,ASO,EN,Federal Contract Tower,2,0,21,4,27,0,0,10,0,10,2,0,31,4,37,0,10,10,47
10/29/2006,ISO,NC,ASO,EN,Federal Contract Tower,3,0,25,0,28,0,0,20,0,20,3,0,45,0,48,12,0,12,60
10/30/2006,ISO,NC,ASO,EN,Federal Contract Tower,4,4,23,12,43,0,0,64,5,69,4,4,87,17,112,38,28,66,178
10/31/2006,ISO,NC,ASO,EN,Federal Contract Tower,4,6,8,2,20,0,0,34,0,34,4,6,42,2,54,20,8,28,82
11/01/2006,ISO,NC,ASO,EN,Federal Contract Tower,3,4,9,6,22,0,0,13,4,17,3,4,22,10,39,40,4,44,83
11/02/2006,ISO,NC,ASO,EN,Federal Contract Tower,3,4,13,17,37,0,0,23,2,25,3,4,36,19,62,10,36,46,108
11/03/2006,ISO,NC,ASO,EN,Federal Contract Tower,7,6,9,16,38,0,0,32,3,35,7,6,41,19,73,20,24,44,117
11/04/2006,ISO,NC,ASO,EN,Federal Contract Tower,3,1,30,0,34,0,0,41,4,45,3,1,71,4,79,60,0,60,139
11/05/2006,ISO,NC,ASO,EN,Federal Contract Tower,4,0,10,0,14,0,0,31,2,33,4,0,41,2,47,24,0,24,71
11/06/2006,ISO,NC,ASO,EN,Federal Contract Tower,4,4,9,26,43,0,0,30,4,34,4,4,39,30,77,12,16,28,105
11/07/2006,ISO,NC,ASO,EN,Federal Contract Tower,4,6,6,7,23,0,0,7,7,14,4,6,13,14,37,4,10,14,51
11/08/2006,ISO,NC,ASO,EN,Federal Contract Tower,3,4,14,4,25,0,0,15,10,25,3,4,29,14,50,6,2,8,58
11/09/2006,ISO,NC,ASO,EN,Federal Contract Tower,4,4,7,13,28,0,0,37,2,39,4,4,44,15,67,44,16,60,127
11/10/2006,ISO,NC,ASO,EN,Federal Contract Tower,11,4,6,0,21,0,0,39,0,39,11,4,45,0,60,66,0,66,126
11/11/2006,ISO,NC,ASO,EN,Federal Contract Tower,4,4,16,0,24,0,0,9,0,9,4,4,25,0,33,24,0,24,57
11/12/2006,ISO,NC,ASO,EN,Federal Contract Tower,4,0,10,3,17,0,2,0,0,2,4,2,10,3,19,0,0,0,19
11/13/2006,ISO,NC,ASO,EN,Federal Contract Tower,8,4,9,29,50,0,0,16,7,23,8,4,25,36,73,0,6,6,79
11/14/2006,ISO,NC,ASO,EN,Federal Contract Tower,4,4,6,27,41,0,0,46,7,53,4,4,52,34,94,14,26,40,134
11/15/2006,ISO,NC,ASO,EN,Federal Contract Tower,3,4,16,16,39,0,0,41,6,47,3,4,57,22,86,20,34,54,140
11/16/2006,ISO,NC,ASO,EN,Federal Contract Tower,4,6,8,0,18,0,0,9,0,9,4,6,17,0,27,2,0,2,29
11/17/2006,ISO,NC,ASO,EN,Federal Contract Tower,8,7,14,18,47,0,0,44,10,54,8,7,58,28,101,34,26,60,161
11/18/2006,ISO,NC,ASO,EN,Federal Contract Tower,4,1,16,0,21,0,0,32,0,32,4,1,48,0,53,24,0,24,77
11/19/2006,ISO,NC,ASO,EN,Federal Contract Tower,3,0,9,2,14,0,0,27,0,27,3,0,36,2,41,8,0,8,49
11/20/2006,ISO,NC,ASO,EN,Federal Contract Tower,6,4,9,18,37,0,0,17,0,17,6,4,26,18,54,34,28,62,116
11/21/2006,ISO,NC,ASO,EN,Federal Contract Tower,3,8,7,1,19,0,0,0,0,0,3,8,7,1,19,0,0,0,19
11/22/2006,ISO,NC,ASO,EN,Federal Contract Tower,4,10,6,0,20,0,1,1,0,2,4,11,7,0,22,6,0,6,28
11/23/2006,ISO,NC,ASO,EN,Federal Contract Tower,4,0,4,0,8,0,0,1,0,1,4,0,5,0,9,0,0,0,9
11/24/2006,ISO,NC,ASO,EN,Federal Contract Tower,6,6,4,0,16,0,0,25,0,25,6,6,29,0,41,2,0,2,43
11/25/2006,ISO,NC,ASO,EN,Federal Contract Tower,4,0,7,0,11,0,0,18,0,18,4,0,25,0,29,21,0,21,50
11/26/2006,ISO,NC,ASO,EN,Federal Contract Tower,4,2,18,0,24,0,0,18,0,18,4,2,36,0,42,25,0,25,67
11/27/2006,ISO,NC,ASO,EN,Federal Contract Tower,6,4,12,7,29,0,0,25,3,28,6,4,37,10,57,16,24,40,97
11/28/2006,ISO,NC,ASO,EN,Federal Contract Tower,4,4,7,13,28,0,0,18,1,19,4,4,25,14,47,30,6,36,83
11/29/2006,ISO,NC,ASO,EN,Federal Contract Tower,4,2,5,12,23,0,0,22,16,38,4,2,27,28,61,16,38,54,115
11/30/2006,ISO,NC,ASO,EN,Federal Contract Tower,3,4,9,4,20,0,0,22,0,22,3,4,31,4,42,14,34,48,90
12/01/2006,ISO,NC,ASO,EN,Federal Contract Tower,8,4,3,1,16,0,0,1,1,2,8,4,4,2,18,0,2,2,20
12/02/2006,ISO,NC,ASO,EN,Federal Contract Tower,3,0,16,0,19,0,0,49,8,57,3,0,65,8,76,26,0,26,102
12/03/2006,ISO,NC,ASO,EN,Federal Contract Tower,4,0,6,0,10,0,0,5,0,5,4,0,11,0,15,0,0,0,15
12/04/2006,ISO,NC,ASO,EN,Federal Contract Tower,6,7,11,4,28,0,0,21,1,22,6,7,32,5,50,16,14,30,80
12/05/2006,ISO,NC,ASO,EN,Federal Contract Tower,4,7,4,0,15,0,1,35,6,42,4,8,39,6,57,44,16,60,117
12/06/2006,ISO,NC,ASO,EN,Federal Contract Tower,4,9,14,6,33,0,0,42,0,42,4,9,56,6,75,48,18,66,141
12/07/2006,ISO,NC,ASO,EN,Federal Contract Tower,4,4,9,22,39,0,0,45,6,51,4,4,54,28,90,16,24,40,130
12/08/2006,ISO,NC,ASO,EN,Federal Contract Tower,8,4,19,5,36,0,0,12,1,13,8,4,31,6,49,12,0,12,61
12/09/2006,ISO,NC,ASO,EN,Federal Contract Tower,3,0,5,2,10,0,0,24,0,24,3,0,29,2,34,10,0,10,44
12/10/2006,ISO,NC,ASO,EN,Federal Contract Tower,5,0,6,0,11,0,0,17,2,19,5,0,23,2,30,12,8,20,50
12/11/2006,ISO,NC,ASO,EN,Federal Contract Tower,5,4,8,34,51,0,0,47,4,51,5,4,55,38,102,18,26,44,146
12/12/2006,ISO,NC,ASO,EN,Federal Contract Tower,4,12,16,61,93,0,0,46,7,53,4,12,62,68,146,92,56,148,294
12/13/2006,ISO,NC,ASO,EN,Federal Contract Tower,4,3,8,8,23,0,0,6,0,6,4,3,14,8,29,8,8,16,45
12/14/2006,ISO,NC,ASO,EN,Federal Contract Tower,2,5,17,27,51,0,0,6,5,11,2,5,23,32,62,0,18,18,80
12/15/2006,ISO,NC,ASO,EN,Federal Contract Tower,6,4,10,18,38,0,0,11,5,16,6,4,21,23,54,2,20,22,76
12/16/2006,ISO,NC,ASO,EN,Federal Contract Tower,3,0,7,0,10,0,0,25,0,25,3,0,32,0,35,20,0,20,55
12/17/2006,ISO,NC,ASO,EN,Federal Contract Tower,3,0,7,0,10,0,0,25,0,25,3,0,32,0,35,8,0,8,43
12/18/2006,ISO,NC,ASO,EN,Federal Contract Tower,6,4,6,10,26,0,0,22,0,22,6,4,28,10,48,12,4,16,64
12/19/2006,ISO,NC,ASO,EN,Federal Contract Tower,6,6,10,8,30,0,0,35,4,39,6,6,45,12,69,6,14,20,89
12/20/2006,ISO,NC,ASO,EN,Federal Contract Tower,3,6,13,12,34,0,0,38,6,44,3,6,51,18,78,74,28,102,180
12/21/2006,ISO,NC,ASO,EN,Federal Contract Tower,4,4,17,34,59,0,0,27,0,27,4,4,44,34,86,34,24,58,144
12/22/2006,ISO,NC,ASO,EN,Federal Contract Tower,5,4,6,1,16,0,0,16,5,21,5,4,22,6,37,12,0,12,49
12/23/2006,ISO,NC,ASO,EN,Federal Contract Tower,7,0,13,0,20,0,0,3,0,3,7,0,16,0,23,0,0,0,23
12/24/2006,ISO,NC,ASO,EN,Federal Contract Tower,2,0,1,0,3,0,0,13,0,13,2,0,14,0,16,0,0,0,16
12/25/2006,ISO,NC,ASO,EN,Federal Contract Tower,4,0,2,0,6,0,0,0,0,0,4,0,2,0,6,0,0,0,6
12/26/2006,ISO,NC,ASO,EN,Federal Contract Tower,4,4,13,12,33,0,0,9,2,11,4,4,22,14,44,0,4,4,48
12/27/2006,ISO,NC,ASO,EN,Federal Contract Tower,4,4,12,20,40,0,0,46,1,47,4,4,58,21,87,46,64,110,197
12/28/2006,ISO,NC,ASO,EN,Federal Contract Tower,4,6,27,6,43,0,0,29,0,29,4,6,56,6,72,38,0,38,110
12/29/2006,ISO,NC,ASO,EN,Federal Contract Tower,6,4,21,0,31,0,0,32,0,32,6,4,53,0,63,10,0,10,73
12/30/2006,ISO,NC,ASO,EN,Federal Contract Tower,3,0,13,0,16,0,0,23,2,25,3,0,36,2,41,0,0,0,41
12/31/2006,ISO,NC,ASO,EN,Federal Contract Tower,2,2,4,0,8,0,0,2,0,2,2,2,6,0,10,4,0,4,14
01/01/2007,ISO,NC,ASO,EN,Federal Contract Tower,4,0,4,0,8,0,0,0,0,0,4,0,4,0,8,0,0,0,8
01/02/2007,ISO,NC,ASO,EN,Federal Contract Tower,4,4,12,0,20,0,0,25,0,25,4,4,37,0,45,0,0,0,45
01/03/2007,ISO,NC,ASO,EN,Federal Contract Tower,4,4,16,2,26,0,0,38,0,38,4,4,54,2,64,38,16,54,118
01/04/2007,ISO,NC,ASO,EN,Federal Contract Tower,4,4,23,20,51,0,0,36,0,36,4,4,59,20,87,60,8,68,155
01/05/2007,ISO,NC,ASO,EN,Federal Contract Tower,5,4,21,14,44,0,0,0,2,2,5,4,21,16,46,0,10,10,56
01/06/2007,ISO,NC,ASO,EN,Federal Contract Tower,0,0,9,24,33,0,0,14,1,15,0,0,23,25,48,34,10,44,92
01/07/2007,ISO,NC,ASO,EN,Federal Contract Tower,2,0,7,2,11,0,0,4,7,11,2,0,11,9,22,12,16,28,50
01/08/2007,ISO,NC,ASO,EN,Federal Contract Tower,2,4,1,18,25,0,0,5,2,7,2,4,6,20,32,6,26,32,64
01/09/2007,ISO,NC,ASO,EN,Federal Contract Tower,0,4,4,3,11,0,0,28,1,29,0,4,32,4,40,28,18,46,86
01/10/2007,ISO,NC,ASO,EN,Federal Contract Tower,0,8,6,6,20,0,0,31,0,31,0,8,37,6,51,44,30,74,125
01/11/2007,ISO,NC,ASO,EN,Federal Contract Tower,0,8,17,7,32,0,0,36,3,39,0,8,53,10,71,42,12,54,125
01/12/2007,ISO,NC,ASO,EN,Federal Contract Tower,4,9,4,1,18,0,0,38,1,39,4,9,42,2,57,6,22,28,85
01/13/2007,ISO,NC,ASO,EN,Federal Contract Tower,2,1,2,0,5,0,0,38,3,41,2,1,40,3,46,24,0,24,70
01/14/2007,ISO,NC,ASO,EN,Federal Contract Tower,0,4,2,0,6,0,0,16,0,16,0,4,18,0,22,22,0,22,44
01/15/2007,ISO,NC,ASO,EN,Federal Contract Tower,2,0,5,0,7,0,0,22,0,22,2,0,27,0,29,16,0,16,45
01/16/2007,ISO,NC,ASO,EN,Federal Contract Tower,0,7,9,22,38,0,1,14,4,19,0,8,23,26,57,0,20,20,77
01/17/2007,ISO,NC,ASO,EN,Federal Contract Tower,0,4,11,16,31,0,0,30,2,32,0,4,41,18,63,18,0,18,81
01/18/2007,ISO,NC,ASO,EN,Federal Contract Tower,0,2,10,0,12,0,0,2,0,2,0,2,12,0,14,0,0,0,14
01/19/2007,ISO,NC,ASO,EN,Federal Contract Tower,2,4,11,23,40,0,0,14,5,19,2,4,25,28,59,0,14,14,73
01/20/2007,ISO,NC,ASO,EN,Federal Contract Tower,0,0,6,0,6,0,0,10,0,10,0,0,16,0,16,16,0,16,32
01/21/2007,ISO,NC,ASO,EN,Federal Contract Tower,0,0,3,0,3,0,0,2,0,2,0,0,5,0,5,4,0,4,9
01/22/2007,ISO,NC,ASO,EN,Federal Contract Tower,2,4,8,10,24,0,0,0,2,2,2,4,8,12,26,0,0,0,26
01/23/2007,ISO,NC,ASO,EN,Federal Contract Tower,0,5,14,20,39,0,0,27,6,33,0,5,41,26,72,22,8,30,102
01/24/2007,ISO,NC,ASO,EN,Federal Contract Tower,0,6,14,2,22,0,0,45,0,45,0,6,59,2,67,58,0,58,125
01/25/2007,ISO,NC,ASO,EN,Federal Contract Tower,0,5,7,10,22,0,0,15,4,19,0,5,22,14,41,22,6,28,69
01/26/2007,ISO,NC,ASO,EN,Federal Contract Tower,4,4,13,10,31,0,0,33,2,35,4,4,46,12,66,80,0,80,146
01/27/2007,ISO,NC,ASO,EN,Federal Contract Tower,0,0,7,2,9,0,0,21,2,23,0,0,28,4,32,26,10,36,68
01/28/2007,ISO,NC,ASO,EN,Federal Contract Tower,2,0,10,0,12,0,0,14,0,14,2,0,24,0,26,60,0,60,86
01/29/2007,ISO,NC,ASO,EN,Federal Contract Tower,2,7,10,3,22,0,0,21,9,30,2,7,31,12,52,10,8,18,70
01/30/2007,ISO,NC,ASO,EN,Federal Contract Tower,0,5,19,13,37,0,0,42,2,44,0,5,61,15,81,64,24,88,169
01/31/2007,ISO,NC,ASO,EN,Federal Contract Tower,0,4,14,14,32,0,0,22,4,26,0,4,36,18,58,44,56,100,158
02/01/2007,ISO,NC,ASO,EN,Federal Contract Tower,0,6,5,0,11,0,0,1,0,1,0,6,6,0,12,0,0,0,12
02/02/2007,ISO,NC,ASO,EN,Federal Contract Tower,4,4,15,0,23,0,0,0,0,0,4,4,15,0,23,2,0,2,25
02/03/2007,ISO,NC,ASO,EN,Federal Contract Tower,0,0,7,18,25,0,0,16,1,17,0,0,23,19,42,12,20,32,74
02/04/2007,ISO,NC,ASO,EN,Federal Contract Tower,2,0,11,0,13,0,0,13,0,13,2,0,24,0,26,8,0,8,34
02/05/2007,ISO,NC,ASO,EN,Federal Contract Tower,2,4,6,10,22,0,0,16,4,20,2,4,22,14,42,0,4,4,46
02/06/2007,ISO,NC,ASO,EN,Federal Contract Tower,2,4,13,13,32,0,0,14,8,22,2,4,27,21,54,14,4,18,72
02/07/2007,ISO,NC,ASO,EN,Federal Contract Tower,0,4,8,12,24,0,0,26,8,34,0,4,34,20,58,32,26,58,116
02/08/2007,ISO,NC,ASO,EN,Federal Contract Tower,1,8,19,27,55,0,0,28,13,41,1,8,47,40,96,34,24,58,154
02/09/2007,ISO,NC,ASO,EN,Federal Contract Tower,3,4,9,11,27,0,0,43,5,48,3,4,52,16,75,30,8,38,113
02/10/2007,ISO,NC,ASO,EN,Federal Contract Tower,2,0,10,3,15,0,0,28,1,29,2,0,38,4,44,12,0,12,56
02/11/2007,ISO,NC,ASO,EN,Federal Contract Tower,2,0,13,0,15,0,0,28,0,28,2,0,41,0,43,14,0,14,57
02/12/2007,ISO,NC,ASO,EN,Federal Contract Tower,2,4,13,6,25,0,0,33,4,37,2,4,46,10,62,68,10,78,140
02/13/2007,ISO,NC,ASO,EN,Federal Contract Tower,0,4,5,32,41,0,0,12,0,12,0,4,17,32,53,8,24,32,85
02/14/2007,ISO,NC,ASO,EN,Federal Contract Tower,0,4,7,18,29,0,0,7,4,11,0,4,14,22,40,0,42,42,82
02/15/2007,ISO,NC,ASO,EN,Federal Contract Tower,0,6,11,15,32,0,0,39,1,40,0,6,50,16,72,52,2,54,126
02/16/2007,ISO,NC,ASO,EN,Federal Contract Tower,2,6,16,7,31,0,0,45,1,46,2,6,61,8,77,26,6,32,109
02/17/2007,ISO,NC,ASO,EN,Federal Contract Tower,0,0,17,0,17,0,0,29,0,29,0,0,46,0,46,14,0,14,60
02/18/2007,ISO,NC,ASO,EN,Federal Contract Tower,0,0,10,0,10,0,0,18,0,18,0,0,28,0,28,8,0,8,36
02/19/2007,ISO,NC,ASO,EN,Federal Contract Tower,2,0,10,8,20,0,0,39,0,39,2,0,49,8,59,32,18,50,109
02/20/2007,ISO,NC,ASO,EN,Federal Contract Tower,0,4,17,11,32,0,0,10,5,15,0,4,27,16,47,4,10,14,61
02/21/2007,ISO,NC,ASO,EN,Federal Contract Tower,0,4,11,24,39,0,0,29,8,37,0,4,40,32,76,22,44,66,142
02/22/2007,ISO,NC,ASO,EN,Federal Contract Tower,0,6,10,12,28,0,0,9,4,13,0,6,19,16,41,2,14,16,57
02/23/2007,ISO,NC,ASO,EN,Federal Contract Tower,4,4,16,11,35,0,2,29,1,32,4,6,45,12,67,2,2,4,71
02/24/2007,ISO,NC,ASO,EN,Federal Contract Tower,0,0,17,0,17,0,0,24,0,24,0,0,41,0,41,0,0,0,41
02/25/2007,ISO,NC,ASO,EN,Federal Contract Tower,2,0,0,6,8,0,0,3,0,3,2,0,3,6,11,0,0,0,11
02/26/2007,ISO,NC,ASO,EN,Federal Contract Tower,2,4,12,34,52,0,0,19,4,23,2,4,31,38,75,52,14,66,141
02/27/2007,ISO,NC,ASO,EN,Federal Contract Tower,0,6,9,26,41,0,0,31,8,39,0,6,40,34,80,64,20,84,164
02/28/2007,ISO,NC,ASO,EN,Federal Contract Tower,0,4,9,13,26,0,0,35,16,51,0,4,44,29,77,38,92,130,207
03/01/2007,ISO,NC,ASO,EN,Federal Contract Tower,0,4,7,23,34,0,0,25,7,32,0,4,32,30,66,8,2,10,76
03/02/2007,ISO,NC,ASO,EN,Federal Contract Tower,4,4,6,24,38,0,0,8,2,10,4,4,14,26,48,8,4,12,60
03/03/2007,ISO,NC,ASO,EN,Federal Contract Tower,2,0,6,2,10,0,0,10,2,12,2,0,16,4,22,0,2,2,24
03/04/2007,ISO,NC,ASO,EN,Federal Contract Tower,2,0,3,2,7,0,0,19,0,19,2,0,22,2,26,42,0,42,68
03/05/2007,ISO,NC,ASO,EN,Federal Contract Tower,2,4,10,2,18,0,0,32,0,32,2,4,42,2,50,2,0,2,52
03/06/2007,ISO,NC,ASO,EN,Federal Contract Tower,0,4,11,19,34,0,0,64,3,67,0,4,75,22,101,44,22,66,167
03/07/2007,ISO,NC,ASO,EN,Federal Contract Tower,0,6,2,14,22,0,0,18,5,23,0,6,20,19,45,0,54,54,99
03/08/2007,ISO,NC,ASO,EN,Federal Contract Tower,0,4,10,35,49,0,0,33,8,41,0,4,43,43,90,59,52,111,201
03/09/2007,ISO,NC,ASO,EN,Federal Contract Tower,4,4,14,23,45,0,0,41,3,44,4,4,55,26,89,10,52,62,151
03/10/2007,ISO,NC,ASO,EN,Federal Contract Tower,4,0,7,0,11,0,0,30,0,30,4,0,37,0,41,8,0,8,49
03/11/2007,ISO,NC,ASO,EN,Federal Contract Tower,0,0,9,0,9,0,0,30,0,30,0,0,39,0,39,16,0,16,55
03/12/2007,ISO,NC,ASO,EN,Federal Contract Tower,2,10,4,17,33,0,1,52,3,56,2,11,56,20,89,36,24,60,149
03/13/2007,ISO,NC,ASO,EN,Federal Contract Tower,0,5,11,14,30,0,1,35,6,42,0,6,46,20,72,64,0,64,136
03/14/2007,ISO,NC,ASO,EN,Federal Contract Tower,0,4,16,16,36,0,0,39,2,41,0,4,55,18,77,62,10,72,149
03/15/2007,ISO,NC,ASO,EN,Federal Contract Tower,0,4,13,9,26,0,0,18,9,27,0,4,31,18,53,14,10,24,77
03/16/2007,ISO,NC,ASO,EN,Federal Contract Tower,2,4,4,0,10,0,0,0,0,0,2,4,4,0,10,0,0,0,10
03/17/2007,ISO,NC,ASO,EN,Federal Contract Tower,0,0,17,0,17,0,0,0,0,0,0,0,17,0,17,0,0,0,17
03/18/2007,ISO,NC,ASO,EN,Federal Contract Tower,0,0,6,0,6,0,0,19,0,19,0,0,25,0,25,4,0,4,29
03/19/2007,ISO,NC,ASO,EN,Federal Contract Tower,2,4,11,18,35,0,0,44,12,56,2,4,55,30,91,2,38,40,131
03/20/2007,ISO,NC,ASO,EN,Federal Contract Tower,0,4,14,43,61,0,0,34,8,42,0,4,48,51,103,40,40,80,183
03/21/2007,ISO,NC,ASO,EN,Federal Contract Tower,0,6,6,23,35,0,0,14,5,19,0,6,20,28,54,16,22,38,92
03/22/2007,ISO,NC,ASO,EN,Federal Contract Tower,0,4,8,9,21,0,0,63,3,66,0,4,71,12,87,56,50,106,193
03/23/2007,ISO,NC,ASO,EN,Federal Contract Tower,4,4,11,9,28,0,0,83,5,88,4,4,94,14,116,52,16,68,184
03/24/2007,ISO,NC,ASO,EN,Federal Contract Tower,0,1,9,0,10,0,0,46,0,46,0,1,55,0,56,0,0,0,56
03/25/2007,ISO,NC,ASO,EN,Federal Contract Tower,2,1,6,0,9,0,0,30,0,30,2,1,36,0,39,6,0,6,45
03/26/2007,ISO,NC,ASO,EN,Federal Contract Tower,2,8,13,31,54,0,0,43,10,53,2,8,56,41,107,22,72,94,201
03/27/2007,ISO,NC,ASO,EN,Federal Contract Tower,0,4,17,18,39,0,0,22,0,22,0,4,39,18,61,38,24,62,123
03/28/2007,ISO,NC,ASO,EN,Federal Contract Tower,0,4,7,20,31,0,0,51,0,51,0,4,58,20,82,42,6,48,130
03/29/2007,ISO,NC,ASO,EN,Federal Contract Tower,0,4,9,12,25,0,0,5,6,11,0,4,14,18,36,8,4,12,48
03/30/2007,ISO,NC,ASO,EN,Federal Contract Tower,4,6,7,9,26,0,0,34,1,35,4,6,41,10,61,16,10,26,87
03/31/2007,ISO,NC,ASO,EN,Federal Contract Tower,0,0,10,0,10,0,0,42,0,42,0,0,52,0,52,24,0,24,76
04/01/2007,ISO,NC,ASO,EN,Federal Contract Tower,4,2,11,6,23,0,0,15,0,15,4,2,26,6,38,0,0,0,38
04/02/2007,ISO,NC,ASO,EN,Federal Contract Tower,2,4,6,3,15,0,0,48,1,49,2,4,54,4,64,26,4,30,94
04/03/2007,ISO,NC,ASO,EN,Federal Contract Tower,0,6,17,31,54,0,0,42,7,49,0,6,59,38,103,26,30,56,159
04/04/2007,ISO,NC,ASO,EN,Federal Contract Tower,0,4,4,6,14,0,0,47,2,49,0,4,51,8,63,26,20,46,109
04/05/2007,ISO,NC,ASO,EN,Federal Contract Tower,0,4,15,18,37,0,0,28,20,48,0,4,43,38,85,0,42,42,127
04/06/2007,ISO,NC,ASO,EN,Federal Contract Tower,2,4,16,4,26,0,0,36,2,38,2,4,52,6,64,20,16,36,100
04/07/2007,ISO,NC,ASO,EN,Federal Contract Tower,0,0,6,0,6,0,0,11,0,11,0,0,17,0,17,0,0,0,17
04/08/2007,ISO,NC,ASO,EN,Federal Contract Tower,0,0,5,0,5,0,0,36,0,36,0,0,41,0,41,0,0,0,41
04/09/2007,ISO,NC,ASO,EN,Federal Contract Tower,2,5,6,16,29,0,3,46,10,59,2,8,52,26,88,14,10,24,112
04/10/2007,ISO,NC,ASO,EN,Federal Contract Tower,0,4,13,17,34,0,0,54,11,65,0,4,67,28,99,90,12,102,201
04/11/2007,ISO,NC,ASO,EN,Federal Contract Tower,0,4,16,12,32,0,0,6,2,8,0,4,22,14,40,0,52,52,92
04/12/2007,ISO,NC,ASO,EN,Federal Contract Tower,0,4,11,39,54,0,0,21,17,38,0,4,32,56,92,2,24,26,118
04/13/2007,ISO,NC,ASO,EN,Federal Contract Tower,4,4,14,21,43,0,0,50,21,71,4,4,64,42,114,24,12,36,150
04/14/2007,ISO,NC,ASO,EN,Federal Contract Tower,0,0,11,7,18,0,0,52,4,56,0,0,63,11,74,18,4,22,96
04/15/2007,ISO,NC,ASO,EN,Federal Contract Tower,0,0,3,0,3,0,0,2,0,2,0,0,5,0,5,0,0,0,5
04/16/2007,ISO,NC,ASO,EN,Federal Contract Tower,2,4,2,0,8,0,0,2,2,4,2,4,4,2,12,0,0,0,12
04/17/2007,ISO,NC,ASO,EN,Federal Contract Tower,0,4,2,55,61,0,0,22,19,41,0,4,24,74,102,0,48,48,150
04/18/2007,ISO,NC,ASO,EN,Federal Contract Tower,0,8,23,8,39,0,0,47,14,61,0,8,70,22,100,70,54,124,224
04/19/2007,ISO,NC,ASO,EN,Federal Contract Tower,0,6,15,21,42,0,0,12,9,21,0,6,27,30,63,26,36,62,125
04/20/2007,ISO,NC,ASO,EN,Federal Contract Tower,2,6,22,1,31,0,0,63,1,64,2,6,85,2,95,18,0,18,113
04/21/2007,ISO,NC,ASO,EN,Federal Contract Tower,0,2,6,0,8,0,0,59,4,63,0,2,65,4,71,60,0,60,131
04/22/2007,ISO,NC,ASO,EN,Federal Contract Tower,0,0,25,0,25,0,0,33,6,39,0,0,58,6,64,0,0,0,64
04/23/2007,ISO,NC,ASO,EN,Federal Contract Tower,2,5,9,21,37,0,0,55,13,68,2,5,64,34,105,34,58,92,197
04/24/2007,ISO,NC,ASO,EN,Federal Contract Tower,0,6,13,10,29,0,0,35,2,37,0,6,48,12,66,42,6,48,114
04/25/2007,ISO,NC,ASO,EN,Federal Contract Tower,0,4,24,0,28,0,0,63,8,71,0,4,87,8,99,42,0,42,141
04/26/2007,ISO,NC,ASO,EN,Federal Contract Tower,1,4,8,18,31,0,0,63,12,75,1,4,71,30,106,30,44,74,180
04/27/2007,ISO,NC,ASO,EN,Federal Contract Tower,2,4,13,19,38,0,0,30,0,30,2,4,43,19,68,10,34,44,112
04/28/2007,ISO,NC,ASO,EN,Federal Contract Tower,1,0,10,0,11,0,0,39,4,43,1,0,49,4,54,48,0,48,102
04/29/2007,ISO,NC,ASO,EN,Federal Contract Tower,0,0,11,0,11,0,0,42,2,44,0,0,53,2,55,0,0,0,55
04/30/2007,ISO,NC,ASO,EN,Federal Contract Tower,2,4,9,20,35,0,0,44,28,72,2,4,53,48,107,18,12,30,137
05/01/2007,ISO,NC,ASO,EN,Federal Contract Tower,0,4,17,10,31,0,0,32,10,42,0,4,49,20,73,10,50,60,133
05/02/2007,ISO,NC,ASO,EN,Federal Contract Tower,0,4,6,10,20,0,0,44,2,46,0,4,50,12,66,30,18,48,114
05/03/2007,ISO,NC,ASO,EN,Federal Contract Tower,0,6,13,7,26,0,0,32,1,33,0,6,45,8,59,34,4,38,97
05/04/2007,ISO,NC,ASO,EN,Federal Contract Tower,4,4,8,0,16,0,0,5,2,7,4,4,13,2,23,0,0,0,23
05/05/2007,ISO,NC,ASO,EN,Federal Contract Tower,0,0,14,10,24,0,0,13,5,18,0,0,27,15,42,14,0,14,56
05/06/2007,ISO,NC,ASO,EN,Federal Contract Tower,2,0,6,0,8,0,0,4,0,4,2,0,10,0,12,0,0,0,12
05/07/2007,ISO,NC,ASO,EN,Federal Contract Tower,2,5,7,22,36,0,0,11,6,17,2,5,18,28,53,0,10,10,63
05/08/2007,ISO,NC,ASO,EN,Federal Contract Tower,0,7,7,12,26,0,0,3,0,3,0,7,10,12,29,0,0,0,29
05/09/2007,ISO,NC,ASO,EN,Federal Contract Tower,0,4,3,8,15,0,0,14,4,18,0,4,17,12,33,26,20,46,79
05/10/2007,ISO,NC,ASO,EN,Federal Contract Tower,0,4,13,0,17,0,0,34,0,34,0,4,47,0,51,26,0,26,77
05/11/2007,ISO,NC,ASO,EN,Federal Contract Tower,6,4,13,2,25,0,1,47,6,54,6,5,60,8,79,38,8,46,125
05/12/2007,ISO,NC,ASO,EN,Federal Contract Tower,0,0,0,0,0,0,0,6,0,6,0,0,6,0,6,8,0,8,14
05/13/2007,ISO,NC,ASO,EN,Federal Contract Tower,0,0,13,0,13,0,2,6,0,8,0,2,19,0,21,0,0,0,21
05/14/2007,ISO,NC,ASO,EN,Federal Contract Tower,2,4,10,6,22,0,0,30,2,32,2,4,40,8,54,6,8,14,68
05/15/2007,ISO,NC,ASO,EN,Federal Contract Tower,0,4,22,18,44,0,0,27,8,35,0,4,49,26,79,8,26,34,113
05/16/2007,ISO,NC,ASO,EN,Federal Contract Tower,1,4,15,24,44,0,0,19,6,25,1,4,34,30,69,6,30,36,105
05/17/2007,ISO,NC,ASO,EN,Federal Contract Tower,1,4,8,18,31,0,0,8,0,8,1,4,16,18,39,0,0,0,39
05/18/2007,ISO,NC,ASO,EN,Federal Contract Tower,2,4,10,8,24,0,0,21,2,23,2,4,31,10,47,26,0,26,73
05/19/2007,ISO,NC,ASO,EN,Federal Contract Tower,2,0,3,0,5,0,0,24,0,24,2,0,27,0,29,8,0,8,37
05/20/2007,ISO,NC,ASO,EN,Federal Contract Tower,0,0,9,0,9,0,0,14,0,14,0,0,23,0,23,22,0,22,45
05/21/2007,ISO,NC,ASO,EN,Federal Contract Tower,2,4,4,36,46,0,0,18,6,24,2,4,22,42,70,10,26,36,106
05/22/2007,ISO,NC,ASO,EN,Federal Contract Tower,0,4,19,13,36,0,0,14,5,19,0,4,33,18,55,20,18,38,93
05/23/2007,ISO,NC,ASO,EN,Federal Contract Tower,0,5,14,9,28,0,0,57,5,62,0,5,71,14,90,28,50,78,168
05/24/2007,ISO,NC,ASO,EN,Federal Contract Tower,0,4,13,18,35,0,0,59,6,65,0,4,72,24,100,12,34,46,146
05/25/2007,ISO,NC,ASO,EN,Federal Contract Tower,2,8,15,4,29,0,0,47,2,49,2,8,62,6,78,36,4,40,118
05/26/2007,ISO,NC,ASO,EN,Federal Contract Tower,0,0,4,0,4,0,0,25,0,25,0,0,29,0,29,4,0,4,33
05/27/2007,ISO,NC,ASO,EN,Federal Contract Tower,0,2,7,7,16,0,2,9,1,12,0,4,16,8,28,16,18,34,62
05/28/2007,ISO,NC,ASO,EN,Federal Contract Tower,2,2,5,0,9,0,2,24,0,26,2,4,29,0,35,28,0,28,63
05/29/2007,ISO,NC,ASO,EN,Federal Contract Tower,0,4,11,18,33,0,0,17,1,18,0,4,28,19,51,0,54,54,105
05/30/2007,ISO,NC,ASO,EN,Federal Contract Tower,0,4,11,9,24,0,0,35,4,39,0,4,46,13,63,12,74,86,149
05/31/2007,ISO,NC,ASO,EN,Federal Contract Tower,1,6,13,13,33,0,0,31,1,32,1,6,44,14,65,60,6,66,131
06/01/2007,ISO,NC,ASO,EN,Federal Contract Tower,5,4,12,8,29,0,2,52,6,60,5,6,64,14,89,10,28,38,127
06/02/2007,ISO,NC,ASO,EN,Federal Contract Tower,0,0,4,0,4,0,0,11,0,11,0,0,15,0,15,0,0,0,15
06/03/2007,ISO,NC,ASO,EN,Federal Contract Tower,3,0,3,0,6,0,0,0,0,0,3,0,3,0,6,0,0,0,6
06/04/2007,ISO,NC,ASO,EN,Federal Contract Tower,3,4,10,7,24,0,0,13,5,18,3,4,23,12,42,4,22,26,68
06/05/2007,ISO,NC,ASO,EN,Federal Contract Tower,0,7,16,18,41,0,0,47,4,51,0,7,63,22,92,12,0,12,104
06/06/2007,ISO,NC,ASO,EN,Federal Contract Tower,0,4,11,8,23,0,0,42,4,46,0,4,53,12,69,38,22,60,129
06/07/2007,ISO,NC,ASO,EN,Federal Contract Tower,1,8,4,6,19,0,0,43,0,43,1,8,47,6,62,8,38,46,108
06/08/2007,ISO,NC,ASO,EN,Federal Contract Tower,3,4,15,6,28,0,0,34,2,36,3,4,49,8,64,16,20,36,100
06/09/2007,ISO,NC,ASO,EN,Federal Contract Tower,0,0,9,0,9,0,0,5,0,5,0,0,14,0,14,0,0,0,14
06/10/2007,ISO,NC,ASO,EN,Federal Contract Tower,0,0,0,0,0,0,0,10,0,10,0,0,10,0,10,14,0,14,24
06/11/2007,ISO,NC,ASO,EN,Federal Contract Tower,2,7,7,21,37,0,0,29,9,38,2,7,36,30,75,10,56,66,141
06/12/2007,ISO,NC,ASO,EN,Federal Contract Tower,0,4,0,9,13,0,0,17,13,30,0,4,17,22,43,0,0,0,43
06/13/2007,ISO,NC,ASO,EN,Federal Contract Tower,0,4,9,6,19,0,0,30,6,36,0,4,39,12,55,18,32,50,105
06/14/2007,ISO,NC,ASO,EN,Federal Contract Tower,0,19,24,0,43,0,0,19,2,21,0,19,43,2,64,12,0,12,76
06/15/2007,ISO,NC,ASO,EN,Federal Contract Tower,2,14,14,0,30,0,0,35,0,35,2,14,49,0,65,6,0,6,71
06/16/2007,ISO,NC,ASO,EN,Federal Contract Tower,0,0,12,0,12,0,0,14,4,18,0,0,26,4,30,18,0,18,48
06/17/2007,ISO,NC,ASO,EN,Federal Contract Tower,0,0,13,0,13,0,0,10,0,10,0,0,23,0,23,10,0,10,33
06/18/2007,ISO,NC,ASO,EN,Federal Contract Tower,2,4,5,12,23,0,0,19,2,21,2,4,24,14,44,34,15,49,93
06/19/2007,ISO,NC,ASO,EN,Federal Contract Tower,0,4,15,20,39,0,0,52,0,52,0,4,67,20,91,6,30,36,127
06/20/2007,ISO,NC,ASO,EN,Federal Contract Tower,0,4,8,2,14,0,0,15,0,15,0,4,23,2,29,8,0,8,37
06/21/2007,ISO,NC,ASO,EN,Federal Contract Tower,0,4,12,1,17,0,0,35,11,46,0,4,47,12,63,0,2,2,65
06/22/2007,ISO,NC,ASO,EN,Federal Contract Tower,4,6,16,4,30,0,0,19,7,26,4,6,35,11,56,18,18,36,92
06/23/2007,ISO,NC,ASO,EN,Federal Contract Tower,0,0,2,0,2,0,0,16,0,16,0,0,18,0,18,14,0,14,32
06/24/2007,ISO,NC,ASO,EN,Federal Contract Tower,4,0,10,0,14,0,0,17,0,17,4,0,27,0,31,18,0,18,49
06/25/2007,ISO,NC,ASO,EN,Federal Contract Tower,2,6,9,0,17,0,0,10,2,12,2,6,19,2,29,6,26,32,61
06/26/2007,ISO,NC,ASO,EN,Federal Contract Tower,0,15,19,12,46,0,0,38,12,50,0,15,57,24,96,26,8,34,130
06/27/2007,ISO,NC,ASO,EN,Federal Contract Tower,0,5,23,4,32,0,0,53,4,57,0,5,76,8,89,10,16,26,115
06/28/2007,ISO,NC,ASO,EN,Federal Contract Tower,0,4,19,2,25,0,0,24,4,28,0,4,43,6,53,26,4,30,83
06/29/2007,ISO,NC,ASO,EN,Federal Contract Tower,2,4,16,2,24,0,0,11,0,11,2,4,27,2,35,0,0,0,35
06/30/2007,ISO,NC,ASO,EN,Federal Contract Tower,0,0,8,2,10,0,0,14,2,16,0,0,22,4,26,0,2,2,28
07/01/2007,ISO,NC,ASO,EN,Federal Contract Tower,0,0,16,0,16,0,0,13,0,13,0,0,29,0,29,0,0,0,29
07/02/2007,ISO,NC,ASO,EN,Federal Contract Tower,2,4,8,19,33,0,0,41,6,47,2,4,49,25,80,72,34,106,186
07/03/2007,ISO,NC,ASO,EN,Federal Contract Tower,0,4,12,2,18,0,6,36,2,44,0,10,48,4,62,16,0,16,78
07/04/2007,ISO,NC,ASO,EN,Federal Contract Tower,0,0,6,0,6,0,0,23,0,23,0,0,29,0,29,4,0,4,33
07/05/2007,ISO,NC,ASO,EN,Federal Contract Tower,0,4,8,11,23,0,0,32,1,33,0,4,40,12,56,0,8,8,64
07/06/2007,ISO,NC,ASO,EN,Federal Contract Tower,4,4,13,6,27,0,0,18,0,18,4,4,31,6,45,2,12,14,59
07/07/2007,ISO,NC,ASO,EN,Federal Contract Tower,0,0,12,4,16,0,0,7,2,9,0,0,19,6,25,0,0,0,25
07/08/2007,ISO,NC,ASO,EN,Federal Contract Tower,2,0,11,0,13,0,0,7,0,7,2,0,18,0,20,0,0,0,20
07/09/2007,ISO,NC,ASO,EN,Federal Contract Tower,2,4,14,13,33,0,0,16,3,19,2,4,30,16,52,2,12,14,66
07/10/2007,ISO,NC,ASO,EN,Federal Contract Tower,0,2,23,0,25,0,0,8,0,8,0,2,31,0,33,0,0,0,33
07/11/2007,ISO,NC,ASO,EN,Federal Contract Tower,0,4,14,4,22,0,0,21,12,33,0,4,35,16,55,14,26,40,95
07/12/2007,ISO,NC,ASO,EN,Federal Contract Tower,0,4,10,5,19,0,0,63,3,66,0,4,73,8,85,20,16,36,121
07/13/2007,ISO,NC,ASO,EN,Federal Contract Tower,2,4,11,26,43,0,0,15,8,23,2,4,26,34,66,4,48,52,118
07/14/2007,ISO,NC,ASO,EN,Federal Contract Tower,1,0,14,0,15,0,0,21,0,21,1,0,35,0,36,4,0,4,40
07/15/2007,ISO,NC,ASO,EN,Federal Contract Tower,0,0,15,0,15,0,0,25,2,27,0,0,40,2,42,4,0,4,46
07/16/2007,ISO,NC,ASO,EN,Federal Contract Tower,2,4,4,12,22,0,0,24,0,24,2,4,28,12,46,0,10,10,56
07/17/2007,ISO,NC,ASO,EN,Federal Contract Tower,0,4,11,6,21,0,0,26,6,32,0,4,37,12,53,4,0,4,57
07/18/2007,ISO,NC,ASO,EN,Federal Contract Tower,0,4,8,2,14,0,0,32,0,32,0,4,40,2,46,40,0,40,86
07/19/2007,ISO,NC,ASO,EN,Federal Contract Tower,0,6,12,0,18,0,0,35,4,39,0,6,47,4,57,42,14,56,113
07/20/2007,ISO,NC,ASO,EN,Federal Contract Tower,2,7,18,0,27,0,3,45,2,50,2,10,63,2,77,16,6,22,99
07/21/2007,ISO,NC,ASO,EN,Federal Contract Tower,0,0,5,0,5,0,1,18,2,21,0,1,23,2,26,12,0,12,38
07/22/2007,ISO,NC,ASO,EN,Federal Contract Tower,2,0,4,0,6,0,0,33,0,33,2,0,37,0,39,16,0,16,55
07/23/2007,ISO,NC,ASO,EN,Federal Contract Tower,2,4,2,4,12,0,0,38,2,40,2,4,40,6,52,38,26,64,116
07/24/2007,ISO,NC,ASO,EN,Federal Contract Tower,0,3,6,0,9,0,3,53,6,62,0,6,59,6,71,24,6,30,101
07/25/2007,ISO,NC,ASO,EN,Federal Contract Tower,0,4,4,0,8,0,0,25,4,29,0,4,29,4,37,14,8,22,59
07/26/2007,ISO,NC,ASO,EN,Federal Contract Tower,0,6,7,4,17,0,2,36,0,38,0,8,43,4,55,40,18,58,113
07/27/2007,ISO,NC,ASO,EN,Federal Contract Tower,4,4,11,1,20,0,0,31,3,34,4,4,42,4,54,10,12,22,76
07/28/2007,ISO,NC,ASO,EN,Federal Contract Tower,0,0,4,0,4,0,0,17,0,17,0,0,21,0,21,8,0,8,29
07/29/2007,ISO,NC,ASO,EN,Federal Contract Tower,2,0,5,0,7,0,0,8,0,8,2,0,13,0,15,14,0,14,29
07/30/2007,ISO,NC,ASO,EN,Federal Contract Tower,2,4,3,0,9,0,0,10,2,12,2,4,13,2,21,10,0,10,31
07/31/2007,ISO,NC,ASO,EN,Federal Contract Tower,0,4,13,10,27,0,0,25,4,29,0,4,38,14,56,12,0,12,68
08/01/2007,ISO,NC,ASO,EN,Federal Contract Tower,0,6,11,22,39,0,0,47,5,52,0,6,58,27,91,38,22,60,151
08/02/2007,ISO,NC,ASO,EN,Federal Contract Tower,0,5,6,8,19,0,0,48,4,52,0,5,54,12,71,64,6,70,141
08/03/2007,ISO,NC,ASO,EN,Federal Contract Tower,4,6,10,4,24,0,0,28,6,34,4,6,38,10,58,2,0,2,60
08/04/2007,ISO,NC,ASO,EN,Federal Contract Tower,0,0,4,0,4,0,2,24,2,28,0,2,28,2,32,10,4,14,46
08/05/2007,ISO,NC,ASO,EN,Federal Contract Tower,2,1,3,0,6,0,0,10,0,10,2,1,13,0,16,0,0,0,16
08/06/2007,ISO,NC,ASO,EN,Federal Contract Tower,2,8,6,19,35,0,0,11,13,24,2,8,17,32,59,0,48,48,107
08/07/2007,ISO,NC,ASO,EN,Federal Contract Tower,0,5,19,7,31,0,0,24,17,41,0,5,43,24,72,2,10,12,84
08/08/2007,ISO,NC,ASO,EN,Federal Contract Tower,0,4,9,6,19,0,0,17,7,24,0,4,26,13,43,10,0,10,53
08/09/2007,ISO,NC,ASO,EN,Federal Contract Tower,0,4,20,11,35,0,0,15,7,22,0,4,35,18,57,2,46,48,105
08/10/2007,ISO,NC,ASO,EN,Federal Contract Tower,2,4,7,0,13,0,0,15,0,15,2,4,22,0,28,2,0,2,30
08/11/2007,ISO,NC,ASO,EN,Federal Contract Tower,2,0,3,0,5,0,0,2,0,2,2,0,5,0,7,0,0,0,7
08/12/2007,ISO,NC,ASO,EN,Federal Contract Tower,0,0,4,0,4,0,0,24,1,25,0,0,28,1,29,24,0,24,53
08/13/2007,ISO,NC,ASO,EN,Federal Contract Tower,0,4,6,4,14,0,2,45,4,51,0,6,51,8,65,30,18,48,113
08/14/2007,ISO,NC,ASO,EN,Federal Contract Tower,0,6,27,20,53,0,0,30,2,32,0,6,57,22,85,46,8,54,139
08/15/2007,ISO,NC,ASO,EN,Federal Contract Tower,0,6,14,4,24,0,0,35,6,41,0,6,49,10,65,122,0,122,187
08/16/2007,ISO,NC,ASO,EN,Federal Contract Tower,0,4,3,2,9,0,0,39,2,41,0,4,42,4,50,32,0,32,82
08/17/2007,ISO,NC,ASO,EN,Federal Contract Tower,0,6,11,13,30,0,4,4,4,12,0,10,15,17,42,50,10,60,102
08/18/2007,ISO,NC,ASO,EN,Federal Contract Tower,0,0,8,0,8,0,0,27,0,27,0,0,35,0,35,24,0,24,59
08/19/2007,ISO,NC,ASO,EN,Federal Contract Tower,0,2,5,0,7,0,0,26,0,26,0,2,31,0,33,8,0,8,41
08/20/2007,ISO,NC,ASO,EN,Federal Contract Tower,0,4,4,10,18,0,0,39,2,41,0,4,43,12,59,31,8,39,98
08/21/2007,ISO,NC,ASO,EN,Federal Contract Tower,0,4,8,2,14,0,0,42,6,48,0,4,50,8,62,24,14,38,100
08/22/2007,ISO,NC,ASO,EN,Federal Contract Tower,0,4,16,10,30,0,0,64,2,66,0,4,80,12,96,30,0,30,126
08/23/2007,ISO,NC,ASO,EN,Federal Contract Tower,0,4,6,10,20,0,0,28,0,28,0,4,34,10,48,14,0,14,62
08/24/2007,ISO,NC,ASO,EN,Federal Contract Tower,2,4,13,22,41,0,0,28,2,30,2,4,41,24,71,20,34,54,125
08/25/2007,ISO,NC,ASO,EN,Federal Contract Tower,0,0,3,0,3,0,0,22,0,22,0,0,25,0,25,26,0,26,51
08/26/2007,ISO,NC,ASO,EN,Federal Contract Tower,2,0,3,4,9,0,0,10,0,10,2,0,13,4,19,10,0,10,29
08/27/2007,ISO,NC,ASO,EN,Federal Contract Tower,0,4,9,11,24,0,0,30,1,31,0,4,39,12,55,32,18,50,105
08/28/2007,ISO,NC,ASO,EN,Federal Contract Tower,0,4,7,14,25,0,0,22,3,25,0,4,29,17,50,36,12,48,98
08/29/2007,ISO,NC,ASO,EN,Federal Contract Tower,0,4,16,12,32,0,0,47,4,51,0,4,63,16,83,54,20,74,157
08/30/2007,ISO,NC,ASO,EN,Federal Contract Tower,0,4,4,14,22,0,0,45,8,53,0,4,49,22,75,20,34,54,129
08/31/2007,ISO,NC,ASO,EN,Federal Contract Tower,2,4,13,4,23,0,0,38,2,40,2,4,51,6,63,32,8,40,103
09/01/2007,ISO,NC,ASO,EN,Federal Contract Tower,2,0,9,0,11,0,0,17,0,17,2,0,26,0,28,8,0,8,36
09/02/2007,ISO,NC,ASO,EN,Federal Contract Tower,0,0,3,0,3,0,2,19,0,21,0,2,22,0,24,0,0,0,24
09/03/2007,ISO,NC,ASO,EN,Federal Contract Tower,0,0,15,0,15,0,0,17,0,17,0,0,32,0,32,10,0,10,42
09/04/2007,ISO,NC,ASO,EN,Federal Contract Tower,0,6,3,26,35,0,0,38,0,38,0,6,41,26,73,4,12,16,89
09/05/2007,ISO,NC,ASO,EN,Federal Contract Tower,0,7,12,6,25,0,5,30,8,43,0,12,42,14,68,26,14,40,108
09/06/2007,ISO,NC,ASO,EN,Federal Contract Tower,0,5,15,14,34,0,0,39,0,39,0,5,54,14,73,28,22,50,123
09/07/2007,ISO,NC,ASO,EN,Federal Contract Tower,2,8,19,14,43,0,0,28,3,31,2,8,47,17,74,14,0,14,88
09/08/2007,ISO,NC,ASO,EN,Federal Contract Tower,0,0,10,3,13,0,0,14,1,15,0,0,24,4,28,2,0,2,30
09/09/2007,ISO,NC,ASO,EN,Federal Contract Tower,2,4,3,0,9,0,0,2,0,2,2,4,5,0,11,0,0,0,11
09/10/2007,ISO,NC,ASO,EN,Federal Contract Tower,0,3,9,18,30,0,1,37,6,44,0,4,46,24,74,22,18,40,114
09/11/2007,ISO,NC,ASO,EN,Federal Contract Tower,0,6,10,2,18,0,0,42,2,44,0,6,52,4,62,85,0,85,147
09/12/2007,ISO,NC,ASO,EN,Federal Contract Tower,0,4,13,2,19,0,0,31,6,37,0,4,44,8,56,36,22,58,114
09/13/2007,ISO,NC,ASO,EN,Federal Contract Tower,0,4,12,12,28,0,0,20,2,22,0,4,32,14,50,10,0,10,60
09/14/2007,ISO,NC,ASO,EN,Federal Contract Tower,3,4,7,3,17,0,0,25,1,26,3,4,32,4,43,12,8,20,63
09/15/2007,ISO,NC,ASO,EN,Federal Contract Tower,2,0,5,0,7,0,0,16,0,16,2,0,21,0,23,10,0,10,33
09/16/2007,ISO,NC,ASO,EN,Federal Contract Tower,0,0,12,8,20,0,0,24,2,26,0,0,36,10,46,8,8,16,62
09/17/2007,ISO,NC,ASO,EN,Federal Contract Tower,0,4,18,8,30,0,4,25,2,31,0,8,43,10,61,26,6,32,93
09/18/2007,ISO,NC,ASO,EN,Federal Contract Tower,0,4,5,8,17,0,0,26,10,36,0,4,31,18,53,16,112,128,181
09/19/2007,ISO,NC,ASO,EN,Federal Contract Tower,0,4,10,7,21,0,0,12,5,17,0,4,22,12,38,0,34,34,72
09/20/2007,ISO,NC,ASO,EN,Federal Contract Tower,0,4,19,0,23,0,0,7,0,7,0,4,26,0,30,0,0,0,30
09/21/2007,ISO,NC,ASO,EN,Federal Contract Tower,2,6,13,0,21,0,2,16,2,20,2,8,29,2,41,30,0,30,71
09/22/2007,ISO,NC,ASO,EN,Federal Contract Tower,2,0,7,0,9,0,0,26,0,26,2,0,33,0,35,24,0,24,59
09/23/2007,ISO,NC,ASO,EN,Federal Contract Tower,0,1,9,0,10,0,0,28,0,28,0,1,37,0,38,26,0,26,64
09/24/2007,ISO,NC,ASO,EN,Federal Contract Tower,0,2,9,2,13,0,2,51,2,55,0,4,60,4,68,32,0,32,100
09/25/2007,ISO,NC,ASO,EN,Federal Contract Tower,0,4,13,2,19,0,0,42,0,42,0,4,55,2,61,28,0,28,89
09/26/2007,ISO,NC,ASO,EN,Federal Contract Tower,0,5,17,13,35,0,0,36,13,49,0,5,53,26,84,36,38,74,158
09/27/2007,ISO,NC,ASO,EN,Federal Contract Tower,0,4,16,1,21,0,0,19,5,24,0,4,35,6,45,6,4,10,55
09/28/2007,ISO,NC,ASO,EN,Federal Contract Tower,2,4,23,14,43,0,0,32,2,34,2,4,55,16,77,20,8,28,105
09/29/2007,ISO,NC,ASO,EN,Federal Contract Tower,0,0,3,0,3,0,0,21,0,21,0,0,24,0,24,0,0,0,24
09/30/2007,ISO,NC,ASO,EN,Federal Contract Tower,0,0,6,0,6,0,0,29,2,31,0,0,35,2,37,24,14,38,75
10/01/2007,ISO,NC,ASO,EN,Federal Contract Tower,0,4,11,8,23,0,0,40,2,42,0,4,51,10,65,40,44,84,149
10/02/2007,ISO,NC,ASO,EN,Federal Contract Tower,0,4,14,12,30,0,0,38,11,49,0,4,52,23,79,2,20,22,101
10/03/2007,ISO,NC,ASO,EN,Federal Contract Tower,0,7,7,1,15,0,1,12,3,16,0,8,19,4,31,4,4,8,39
10/04/2007,ISO,NC,ASO,EN,Federal Contract Tower,1,5,26,22,54,0,0,22,4,26,1,5,48,26,80,4,26,30,110
10/05/2007,ISO,NC,ASO,EN,Federal Contract Tower,1,8,18,18,45,0,0,8,0,8,1,8,26,18,53,0,0,0,53
10/06/2007,ISO,NC,ASO,EN,Federal Contract Tower,0,0,6,1,7,0,1,10,2,13,0,1,16,3,20,22,0,22,42
10/07/2007,ISO,NC,ASO,EN,Federal Contract Tower,2,6,9,2,19,0,0,47,0,47,2,6,56,2,66,38,0,38,104
10/08/2007,ISO,NC,ASO,EN,Federal Contract Tower,0,0,13,0,13,0,0,16,0,16,0,0,29,0,29,4,0,4,33
10/09/2007,ISO,NC,ASO,EN,Federal Contract Tower,0,7,7,18,32,0,0,44,8,52,0,7,51,26,84,8,10,18,102
10/10/2007,ISO,NC,ASO,EN,Federal Contract Tower,0,2,11,24,37,0,2,27,6,35,0,4,38,30,72,10,56,66,138
10/11/2007,ISO,NC,ASO,EN,Federal Contract Tower,0,2,20,8,30,0,2,41,0,43,0,4,61,8,73,16,0,16,89
10/12/2007,ISO,NC,ASO,EN,Federal Contract Tower,4,4,11,5,24,0,0,34,6,40,4,4,45,11,64,73,6,79,143
10/13/2007,ISO,NC,ASO,EN,Federal Contract Tower,2,0,6,0,8,0,1,35,0,36,2,1,41,0,44,18,0,18,62
10/14/2007,ISO,NC,ASO,EN,Federal Contract Tower,2,0,11,0,13,0,0,30,0,30,2,0,41,0,43,32,0,32,75
10/15/2007,ISO,NC,ASO,EN,Federal Contract Tower,0,2,8,0,10,0,2,19,0,21,0,4,27,0,31,10,0,10,41
10/16/2007,ISO,NC,ASO,EN,Federal Contract Tower,0,4,4,10,18,0,2,52,6,60,0,6,56,16,78,24,8,32,110
10/17/2007,ISO,NC,ASO,EN,Federal Contract Tower,0,2,12,7,21,0,2,32,13,47,0,4,44,20,68,16,14,30,98
10/18/2007,ISO,NC,ASO,EN,Federal Contract Tower,0,6,14,0,20,0,0,34,4,38,0,6,48,4,58,28,0,28,86
10/19/2007,ISO,NC,ASO,EN,Federal Contract Tower,4,4,8,4,20,0,0,7,0,7,4,4,15,4,27,2,0,2,29
10/20/2007,ISO,NC,ASO,EN,Federal Contract Tower,0,0,8,0,8,0,0,16,0,16,0,0,24,0,24,0,0,0,24
10/21/2007,ISO,NC,ASO,EN,Federal Contract Tower,2,0,16,0,18,0,0,40,0,40,2,0,56,0,58,32,0,32,90
10/22/2007,ISO,NC,ASO,EN,Federal Contract Tower,2,2,6,0,10,0,4,35,0,39,2,6,41,0,49,12,0,12,61
10/23/2007,ISO,NC,ASO,EN,Federal Contract Tower,0,4,16,13,33,0,0,37,6,43,0,4,53,19,76,8,18,26,102
10/24/2007,ISO,NC,ASO,EN,Federal Contract Tower,0,4,4,6,14,0,0,3,1,4,0,4,7,7,18,0,36,36,54
10/25/2007,ISO,NC,ASO,EN,Federal Contract Tower,0,6,7,4,17,0,0,1,0,1,0,6,8,4,18,0,0,0,18
10/26/2007,ISO,NC,ASO,EN,Federal Contract Tower,4,10,9,0,23,0,0,1,0,1,4,10,10,0,24,0,0,0,24
10/27/2007,ISO,NC,ASO,EN,Federal Contract Tower,2,0,10,0,12,0,0,21,0,21,2,0,31,0,33,8,0,8,41
10/28/2007,ISO,NC,ASO,EN,Federal Contract Tower,0,2,18,2,22,0,0,25,0,25,0,2,43,2,47,6,0,6,53
10/29/2007,ISO,NC,ASO,EN,Federal Contract Tower,2,4,3,13,22,0,0,20,9,29,2,4,23,22,51,6,62,68,119
10/30/2007,ISO,NC,ASO,EN,Federal Contract Tower,0,4,12,4,20,0,0,40,0,40,0,4,52,4,60,34,0,34,94
10/31/2007,ISO,NC,ASO,EN,Federal Contract Tower,0,4,14,6,24,0,0,38,1,39,0,4,52,7,63,8,18,26,89
11/01/2007,ISO,NC,ASO,EN,Federal Contract Tower,0,4,12,16,32,0,2,28,0,30,0,6,40,16,62,22,2,24,86
11/02/2007,ISO,NC,ASO,EN,Federal Contract Tower,6,5,20,1,32,0,1,13,3,17,6,6,33,4,49,0,8,8,57
11/03/2007,ISO,NC,ASO,EN,Federal Contract Tower,2,0,6,0,8,0,0,13,0,13,2,0,19,0,21,0,0,0,21
11/04/2007,ISO,NC,ASO,EN,Federal Contract Tower,2,2,16,0,20,0,0,27,0,27,2,2,43,0,47,12,0,12,59
11/05/2007,ISO,NC,ASO,EN,Federal Contract Tower,2,6,12,0,20,0,0,27,2,29,2,6,39,2,49,0,0,0,49
11/06/2007,ISO,NC,ASO,EN,Federal Contract Tower,0,6,19,4,29,0,0,17,4,21,0,6,36,8,50,10,30,40,90
11/07/2007,ISO,NC,ASO,EN,Federal Contract Tower,0,4,11,26,41,0,0,26,1,27,0,4,37,27,68,34,30,64,132
11/08/2007,ISO,NC,ASO,EN,Federal Contract Tower,0,4,11,9,24,0,0,39,1,40,0,4,50,10,64,56,6,62,126
11/09/2007,ISO,NC,ASO,EN,Federal Contract Tower,6,4,10,11,31,0,0,20,8,28,6,4,30,19,59,0,40,40,99
11/10/2007,ISO,NC,ASO,EN,Federal Contract Tower,0,2,3,0,5,0,2,15,0,17,0,4,18,0,22,0,0,0,22
11/11/2007,ISO,NC,ASO,EN,Federal Contract Tower,0,0,7,2,9,0,0,18,2,20,0,0,25,4,29,14,6,20,49
11/12/2007,ISO,NC,ASO,EN,Federal Contract Tower,0,0,8,0,8,2,0,18,4,24,2,0,26,4,32,18,0,18,50
11/13/2007,ISO,NC,ASO,EN,Federal Contract Tower,0,7,17,16,40,0,0,21,8,29,0,7,38,24,69,14,36,50,119
11/14/2007,ISO,NC,ASO,EN,Federal Contract Tower,0,4,11,5,20,0,0,21,2,23,0,4,32,7,43,16,6,22,65
11/15/2007,ISO,NC,ASO,EN,Federal Contract Tower,0,4,8,14,26,0,0,4,0,4,0,4,12,14,30,0,0,0,30
11/16/2007,ISO,NC,ASO,EN,Federal Contract Tower,3,4,6,0,13,0,0,15,6,21,3,4,21,6,34,0,14,14,48
11/17/2007,ISO,NC,ASO,EN,Federal Contract Tower,0,0,7,0,7,0,2,21,6,29,0,2,28,6,36,6,4,10,46
11/18/2007,ISO,NC,ASO,EN,Federal Contract Tower,2,0,16,0,18,0,2,21,0,23,2,2,37,0,41,6,0,6,47
11/19/2007,ISO,NC,ASO,EN,Federal Contract Tower,2,4,7,10,23,0,0,25,8,33,2,4,32,18,56,8,4,12,68
11/20/2007,ISO,NC,ASO,EN,Federal Contract Tower,0,6,15,11,32,0,0,16,2,18,0,6,31,13,50,14,58,72,122
11/21/2007,ISO,NC,ASO,EN,Federal Contract Tower,0,4,11,4,19,0,0,23,2,25,0,4,34,6,44,40,10,50,94
11/22/2007,ISO,NC,ASO,EN,Federal Contract Tower,0,0,3,0,3,0,0,5,0,5,0,0,8,0,8,0,0,0,8
11/23/2007,ISO,NC,ASO,EN,Federal Contract Tower,3,6,11,0,20,0,0,1,0,1,3,6,12,0,21,2,0,2,23
11/24/2007,ISO,NC,ASO,EN,Federal Contract Tower,1,2,10,1,14,0,0,31,1,32,1,2,41,2,46,16,6,22,68
11/25/2007,ISO,NC,ASO,EN,Federal Contract Tower,0,0,22,0,22,0,0,3,0,3,0,0,25,0,25,0,0,0,25
11/26/2007,ISO,NC,ASO,EN,Federal Contract Tower,2,6,0,16,24,0,0,2,4,6,2,6,2,20,30,6,26,32,62
11/27/2007,ISO,NC,ASO,EN,Federal Contract Tower,0,4,22,18,44,0,2,31,5,38,0,6,53,23,82,36,52,88,170
11/28/2007,ISO,NC,ASO,EN,Federal Contract Tower,0,6,16,11,33,0,0,15,6,21,0,6,31,17,54,8,36,44,98
11/29/2007,ISO,NC,ASO,EN,Federal Contract Tower,0,6,4,31,41,0,4,41,15,60,0,10,45,46,101,46,44,90,191
11/30/2007,ISO,NC,ASO,EN,Federal Contract Tower,2,4,8,18,32,0,0,32,17,49,2,4,40,35,81,28,14,42,123
12/01/2007,ISO,NC,ASO,EN,Federal Contract Tower,0,2,5,7,14,0,0,29,3,32,0,2,34,10,46,8,12,20,66
12/02/2007,ISO,NC,ASO,EN,Federal Contract Tower,0,0,3,4,7,0,0,13,0,13,0,0,16,4,20,2,6,8,28
12/03/2007,ISO,NC,ASO,EN,Federal Contract Tower,2,4,6,40,52,0,0,0,15,15,2,4,6,55,67,0,32,32,99
12/04/2007,ISO,NC,ASO,EN,Federal Contract Tower,0,4,0,42,46,0,0,11,10,21,0,4,11,52,67,2,82,84,151
12/05/2007,ISO,NC,ASO,EN,Federal Contract Tower,0,4,8,27,39,0,0,17,4,21,0,4,25,31,60,14,32,46,106
12/06/2007,ISO,NC,ASO,EN,Federal Contract Tower,0,5,8,16,29,0,1,21,5,27,0,6,29,21,56,18,34,52,108
12/07/2007,ISO,NC,ASO,EN,Federal Contract Tower,6,5,23,12,46,0,0,48,12,60,6,5,71,24,106,16,36,52,158
12/08/2007,ISO,NC,ASO,EN,Federal Contract Tower,0,0,14,0,14,0,0,15,0,15,0,0,29,0,29,10,0,10,39
12/09/2007,ISO,NC,ASO,EN,Federal Contract Tower,4,0,10,0,14,0,0,12,2,14,4,0,22,2,28,0,0,0,28
12/10/2007,ISO,NC,ASO,EN,Federal Contract Tower,2,4,18,18,42,0,0,13,20,33,2,4,31,38,75,4,38,42,117
12/11/2007,ISO,NC,ASO,EN,Federal Contract Tower,0,4,9,25,38,0,0,24,15,39,0,4,33,40,77,36,24,60,137
12/12/2007,ISO,NC,ASO,EN,Federal Contract Tower,0,4,22,24,50,0,0,27,10,37,0,4,49,34,87,50,38,88,175
12/13/2007,ISO,NC,ASO,EN,Federal Contract Tower,0,4,6,15,25,0,0,23,7,30,0,4,29,22,55,12,8,20,75
12/14/2007,ISO,NC,ASO,EN,Federal Contract Tower,2,6,7,4,19,0,0,26,2,28,2,6,33,6,47,0,22,22,69
12/15/2007,ISO,NC,ASO,EN,Federal Contract Tower,0,0,5,0,5,0,0,6,0,6,0,0,11,0,11,0,0,0,11
12/16/2007,ISO,NC,ASO,EN,Federal Contract Tower,0,0,2,0,2,0,0,2,0,2,0,0,4,0,4,0,0,0,4
12/17/2007,ISO,NC,ASO,EN,Federal Contract Tower,3,7,6,2,18,0,1,28,0,29,3,8,34,2,47,16,4,20,67
12/18/2007,ISO,NC,ASO,EN,Federal Contract Tower,0,4,16,24,44,0,0,25,8,33,0,4,41,32,77,32,22,54,131
12/19/2007,ISO,NC,ASO,EN,Federal Contract Tower,0,4,6,25,35,0,0,12,9,21,0,4,18,34,56,24,40,64,120
12/20/2007,ISO,NC,ASO,EN,Federal Contract Tower,0,8,10,12,30,0,0,14,2,16,0,8,24,14,46,26,30,56,102
12/21/2007,ISO,NC,ASO,EN,Federal Contract Tower,2,4,17,4,27,0,0,3,0,3,2,4,20,4,30,22,0,22,52
12/22/2007,ISO,NC,ASO,EN,Federal Contract Tower,0,4,11,0,15,0,6,12,0,18,0,10,23,0,33,0,0,0,33
12/23/2007,ISO,NC,ASO,EN,Federal Contract Tower,0,0,5,0,5,0,0,6,0,6,0,0,11,0,11,0,0,0,11
12/24/2007,ISO,NC,ASO,EN,Federal Contract Tower,4,4,8,0,16,0,0,22,0,22,4,4,30,0,38,14,0,14,52
12/25/2007,ISO,NC,ASO,EN,Federal Contract Tower,0,0,4,0,4,0,0,2,0,2,0,0,6,0,6,0,0,0,6
12/26/2007,ISO,NC,ASO,EN,Federal Contract Tower,0,4,12,0,16,0,0,0,0,0,0,4,12,0,16,0,0,0,16
12/27/2007,ISO,NC,ASO,EN,Federal Contract Tower,0,4,11,4,19,0,0,24,0,24,0,4,35,4,43,26,0,26,69
12/28/2007,ISO,NC,ASO,EN,Federal Contract Tower,2,4,22,8,36,0,0,19,1,20,2,4,41,9,56,12,14,26,82
12/29/2007,ISO,NC,ASO,EN,Federal Contract Tower,0,0,17,0,17,0,0,9,0,9,0,0,26,0,26,0,0,0,26
12/30/2007,ISO,NC,ASO,EN,Federal Contract Tower,0,0,9,0,9,0,0,0,0,0,0,0,9,0,9,0,0,0,9
12/31/2007,ISO,NC,ASO,EN,Federal Contract Tower,2,4,15,2,23,0,0,42,2,44,2,4,57,4,67,8,18,26,93
01/01/2008,ISO,NC,ASO,EN,Federal Contract Tower,0,0,7,0,7,0,0,10,0,10,0,0,17,0,17,8,0,8,25
01/02/2008,ISO,NC,ASO,EN,Federal Contract Tower,0,6,15,2,23,0,0,5,0,5,0,6,20,2,28,24,2,26,54
01/03/2008,ISO,NC,ASO,EN,Federal Contract Tower,0,4,16,18,38,0,0,6,2,8,0,4,22,20,46,6,24,30,76
01/04/2008,ISO,NC,ASO,EN,Federal Contract Tower,4,7,4,24,39,0,1,10,0,11,4,8,14,24,50,8,8,16,66
01/05/2008,ISO,NC,ASO,EN,Federal Contract Tower,0,0,4,0,4,0,2,31,0,33,0,2,35,0,37,14,0,14,51
01/06/2008,ISO,NC,ASO,EN,Federal Contract Tower,2,0,8,1,11,0,0,29,1,30,2,0,37,2,41,6,18,24,65
01/07/2008,ISO,NC,ASO,EN,Federal Contract Tower,1,3,11,5,20,1,0,14,7,22,2,3,25,12,42,2,14,16,58
01/08/2008,ISO,NC,ASO,EN,Federal Contract Tower,0,6,3,3,12,0,0,14,2,16,0,6,17,5,28,10,2,12,40
01/09/2008,ISO,NC,ASO,EN,Federal Contract Tower,0,6,12,35,53,0,0,3,3,6,0,6,15,38,59,24,78,102,161
01/10/2008,ISO,NC,ASO,EN,Federal Contract Tower,0,4,9,4,17,0,0,9,0,9,0,4,18,4,26,10,0,10,36
01/11/2008,ISO,NC,ASO,EN,Federal Contract Tower,4,6,5,2,17,0,0,2,0,2,4,6,7,2,19,0,0,0,19
01/12/2008,ISO,NC,ASO,EN,Federal Contract Tower,2,0,2,0,4,0,0,14,0,14,2,0,16,0,18,30,0,30,48
01/13/2008,ISO,NC,ASO,EN,Federal Contract Tower,0,0,6,4,10,0,0,3,0,3,0,0,9,4,13,6,0,6,19
01/14/2008,ISO,NC,ASO,EN,Federal Contract Tower,2,3,11,5,21,0,1,19,22,42,2,4,30,27,63,12,16,28,91
01/15/2008,ISO,NC,ASO,EN,Federal Contract Tower,0,6,13,9,28,0,0,4,3,7,0,6,17,12,35,0,8,8,43
01/16/2008,ISO,NC,ASO,EN,Federal Contract Tower,2,4,13,8,27,0,0,21,4,25,2,4,34,12,52,24,36,60,112
01/17/2008,ISO,NC,ASO,EN,Federal Contract Tower,0,4,5,0,9,0,0,0,0,0,0,4,5,0,9,0,0,0,9
01/18/2008,ISO,NC,ASO,EN,Federal Contract Tower,2,7,15,0,24,0,0,0,0,0,2,7,15,0,24,0,0,0,24
01/19/2008,ISO,NC,ASO,EN,Federal Contract Tower,0,0,13,0,13,0,0,0,0,0,0,0,13,0,13,0,0,0,13
01/20/2008,ISO,NC,ASO,EN,Federal Contract Tower,0,2,18,0,20,0,0,17,0,17,0,2,35,0,37,6,0,6,43
01/21/2008,ISO,NC,ASO,EN,Federal Contract Tower,2,0,14,0,16,1,2,32,0,35,3,2,46,0,51,20,0,20,71
01/22/2008,ISO,NC,ASO,EN,Federal Contract Tower,0,4,3,16,23,0,0,12,4,16,0,4,15,20,39,20,26,46,85
01/23/2008,ISO,NC,ASO,EN,Federal Contract Tower,0,4,20,15,39,0,0,14,9,23,0,4,34,24,62,34,64,98,160
01/24/2008,ISO,NC,ASO,EN,Federal Contract Tower,0,4,10,30,44,0,0,13,36,49,0,4,23,66,93,0,6,6,99
01/25/2008,ISO,NC,ASO,EN,Federal Contract Tower,4,4,11,10,29,0,0,29,4,33,4,4,40,14,62,42,28,70,132
01/26/2008,ISO,NC,ASO,EN,Federal Contract Tower,0,0,10,0,10,0,0,16,0,16,0,0,26,0,26,6,0,6,32
01/27/2008,ISO,NC,ASO,EN,Federal Contract Tower,2,0,6,0,8,0,0,27,2,29,2,0,33,2,37,14,0,14,51
01/28/2008,ISO,NC,ASO,EN,Federal Contract Tower,2,4,4,11,21,0,0,26,27,53,2,4,30,38,74,36,40,76,150
01/29/2008,ISO,NC,ASO,EN,Federal Contract Tower,0,6,13,22,41,0,0,21,8,29,0,6,34,30,70,10,62,72,142
01/30/2008,ISO,NC,ASO,EN,Federal Contract Tower,0,4,12,3,19,0,0,6,5,11,0,4,18,8,30,22,28,50,80
01/31/2008,ISO,NC,ASO,EN,Federal Contract Tower,0,4,18,8,30,0,1,11,2,14,0,5,29,10,44,18,0,18,62
02/01/2008,ISO,NC,ASO,EN,Federal Contract Tower,4,6,8,0,18,0,0,3,0,3,4,6,11,0,21,4,0,4,25
02/02/2008,ISO,NC,ASO,EN,Federal Contract Tower,0,0,9,0,9,0,0,27,0,27,0,0,36,0,36,50,4,54,90
02/03/2008,ISO,NC,ASO,EN,Federal Contract Tower,2,0,10,2,14,0,0,24,0,24,2,0,34,2,38,12,0,12,50
02/04/2008,ISO,NC,ASO,EN,Federal Contract Tower,2,4,19,7,32,0,0,21,5,26,2,4,40,12,58,44,16,60,118
02/05/2008,ISO,NC,ASO,EN,Federal Contract Tower,0,5,24,14,43,0,0,10,0,10,0,5,34,14,53,2,20,22,75
02/06/2008,ISO,NC,ASO,EN,Federal Contract Tower,0,5,5,14,24,0,0,0,8,8,0,5,5,22,32,0,16,16,48
02/07/2008,ISO,NC,ASO,EN,Federal Contract Tower,1,6,17,21,45,0,0,19,3,22,1,6,36,24,67,20,10,30,97
02/08/2008,ISO,NC,ASO,EN,Federal Contract Tower,3,4,10,2,19,0,0,36,11,47,3,4,46,13,66,50,8,58,124
02/09/2008,ISO,NC,ASO,EN,Federal Contract Tower,1,0,11,0,12,0,0,29,0,29,1,0,40,0,41,8,0,8,49
02/10/2008,ISO,NC,ASO,EN,Federal Contract Tower,0,0,3,0,3,0,0,14,0,14,0,0,17,0,17,0,0,0,17
02/11/2008,ISO,NC,ASO,EN,Federal Contract Tower,2,4,4,7,17,0,0,37,3,40,2,4,41,10,57,40,22,62,119
02/12/2008,ISO,NC,ASO,EN,Federal Contract Tower,0,4,15,9,28,0,0,24,1,25,0,4,39,10,53,2,8,10,63
02/13/2008,ISO,NC,ASO,EN,Federal Contract Tower,0,6,12,6,24,0,0,1,0,1,0,6,13,6,25,0,6,6,31
02/14/2008,ISO,NC,ASO,EN,Federal Contract Tower,0,4,18,15,37,0,0,37,5,42,0,4,55,20,79,78,50,128,207
02/15/2008,ISO,NC,ASO,EN,Federal Contract Tower,2,8,10,8,28,0,0,21,6,27,2,8,31,14,55,48,32,80,135
02/16/2008,ISO,NC,ASO,EN,Federal Contract Tower,0,0,4,2,6,0,0,17,0,17,0,0,21,2,23,48,0,48,71
02/17/2008,ISO,NC,ASO,EN,Federal Contract Tower,0,4,10,0,14,0,0,8,2,10,0,4,18,2,24,12,0,12,36
02/18/2008,ISO,NC,ASO,EN,Federal Contract Tower,2,0,0,1,3,0,0,10,0,10,2,0,10,1,13,0,8,8,21
02/19/2008,ISO,NC,ASO,EN,Federal Contract Tower,0,4,5,27,36,0,0,38,1,39,0,4,43,28,75,18,20,38,113
02/20/2008,ISO,NC,ASO,EN,Federal Contract Tower,0,6,3,6,15,0,0,9,2,11,0,6,12,8,26,12,18,30,56
02/21/2008,ISO,NC,ASO,EN,Federal Contract Tower,0,4,4,10,18,0,0,14,0,14,0,4,18,10,32,2,0,2,34
02/22/2008,ISO,NC,ASO,EN,Federal Contract Tower,4,4,3,0,11,0,0,0,0,0,4,4,3,0,11,0,0,0,11
02/23/2008,ISO,NC,ASO,EN,Federal Contract Tower,0,0,9,0,9,0,0,4,0,4,0,0,13,0,13,0,0,0,13
02/24/2008,ISO,NC,ASO,EN,Federal Contract Tower,2,0,14,0,16,0,0,25,0,25,2,0,39,0,41,8,0,8,49
02/25/2008,ISO,NC,ASO,EN,Federal Contract Tower,2,4,15,2,23,0,2,40,18,60,2,6,55,20,83,20,24,44,127
02/26/2008,ISO,NC,ASO,EN,Federal Contract Tower,0,4,13,17,34,0,0,5,0,5,0,4,18,17,39,4,14,18,57
02/27/2008,ISO,NC,ASO,EN,Federal Contract Tower,0,4,14,4,22,0,0,4,0,4,0,4,18,4,26,0,20,20,46
02/28/2008,ISO,NC,ASO,EN,Federal Contract Tower,0,4,15,11,30,0,0,49,11,60,0,4,64,22,90,2,0,2,92
02/29/2008,ISO,NC,ASO,EN,Federal Contract Tower,2,4,9,16,31,0,0,32,3,35,2,4,41,19,66,38,24,62,128
03/01/2008,ISO,NC,ASO,EN,Federal Contract Tower,0,0,14,0,14,0,0,27,0,27,0,0,41,0,41,6,0,6,47
03/02/2008,ISO,NC,ASO,EN,Federal Contract Tower,0,0,15,4,19,0,1,28,0,29,0,1,43,4,48,20,4,24,72
03/03/2008,ISO,NC,ASO,EN,Federal Contract Tower,2,2,12,26,42,0,2,23,7,32,2,4,35,33,74,2,26,28,102
03/04/2008,ISO,NC,ASO,EN,Federal Contract Tower,0,2,2,31,35,0,0,3,4,7,0,2,5,35,42,0,24,24,66
03/05/2008,ISO,NC,ASO,EN,Federal Contract Tower,0,4,12,15,31,0,0,18,4,22,0,4,30,19,53,16,54,70,123
03/06/2008,ISO,NC,ASO,EN,Federal Contract Tower,0,4,6,34,44,0,0,21,8,29,0,4,27,42,73,18,48,66,139
03/07/2008,ISO,NC,ASO,EN,Federal Contract Tower,4,4,9,14,31,0,1,0,0,1,4,5,9,14,32,0,0,0,32
03/08/2008,ISO,NC,ASO,EN,Federal Contract Tower,0,0,1,4,5,0,0,2,2,4,0,0,3,6,9,2,0,2,11
03/09/2008,ISO,NC,ASO,EN,Federal Contract Tower,2,0,7,0,9,0,0,29,0,29,2,0,36,0,38,16,0,16,54
03/10/2008,ISO,NC,ASO,EN,Federal Contract Tower,2,5,18,25,50,0,0,26,10,36,2,5,44,35,86,16,56,72,158
03/11/2008,ISO,NC,ASO,EN,Federal Contract Tower,0,6,10,33,49,0,0,33,3,36,0,6,43,36,85,22,16,38,123
03/12/2008,ISO,NC,ASO,EN,Federal Contract Tower,0,4,10,29,43,0,0,20,3,23,0,4,30,32,66,14,24,38,104
03/13/2008,ISO,NC,ASO,EN,Federal Contract Tower,0,2,14,14,30,0,2,24,6,32,0,4,38,20,62,4,6,10,72
03/14/2008,ISO,NC,ASO,EN,Federal Contract Tower,4,5,8,8,25,0,0,20,2,22,4,5,28,10,47,14,22,36,83
03/15/2008,ISO,NC,ASO,EN,Federal Contract Tower,0,0,5,0,5,0,0,28,0,28,0,0,33,0,33,14,0,14,47
03/16/2008,ISO,NC,ASO,EN,Federal Contract Tower,0,0,9,2,11,0,0,18,0,18,0,0,27,2,29,0,0,0,29
03/17/2008,ISO,NC,ASO,EN,Federal Contract Tower,2,3,7,27,39,0,1,9,5,15,2,4,16,32,54,0,54,54,108
03/18/2008,ISO,NC,ASO,EN,Federal Contract Tower,0,3,8,27,38,0,1,12,6,19,0,4,20,33,57,8,24,32,89
03/19/2008,ISO,NC,ASO,EN,Federal Contract Tower,0,4,4,14,22,0,0,9,7,16,0,4,13,21,38,0,18,18,56
03/20/2008,ISO,NC,ASO,EN,Federal Contract Tower,0,6,9,20,35,0,0,12,2,14,0,6,21,22,49,12,4,16,65
03/21/2008,ISO,NC,ASO,EN,Federal Contract Tower,2,6,22,8,38,0,0,22,4,26,2,6,44,12,64,34,40,74,138
03/22/2008,ISO,NC,ASO,EN,Federal Contract Tower,0,0,8,0,8,0,0,45,2,47,0,0,53,2,55,0,0,0,55
03/23/2008,ISO,NC,ASO,EN,Federal Contract Tower,0,0,7,1,8,0,0,17,1,18,0,0,24,2,26,0,12,12,38
03/24/2008,ISO,NC,ASO,EN,Federal Contract Tower,2,4,17,14,37,0,0,21,6,27,2,4,38,20,64,4,8,12,76
03/25/2008,ISO,NC,ASO,EN,Federal Contract Tower,0,4,9,40,53,0,0,41,4,45,0,4,50,44,98,49,26,75,173
03/26/2008,ISO,NC,ASO,EN,Federal Contract Tower,0,4,10,12,26,0,0,33,4,37,0,4,43,16,63,26,28,54,117
03/27/2008,ISO,NC,ASO,EN,Federal Contract Tower,0,4,16,13,33,0,0,34,1,35,0,4,50,14,68,4,16,20,88
03/28/2008,ISO,NC,ASO,EN,Federal Contract Tower,4,6,12,0,22,0,0,22,0,22,4,6,34,0,44,4,0,4,48
03/29/2008,ISO,NC,ASO,EN,Federal Contract Tower,0,0,10,0,10,0,3,14,0,17,0,3,24,0,27,0,0,0,27
03/30/2008,ISO,NC,ASO,EN,Federal Contract Tower,2,2,12,0,16,0,0,1,2,3,2,2,13,2,19,0,0,0,19
03/31/2008,ISO,NC,ASO,EN,Federal Contract Tower,2,4,15,22,43,0,0,0,0,0,2,4,15,22,43,20,6,26,69
04/01/2008,ISO,NC,ASO,EN,Federal Contract Tower,0,4,7,22,33,0,0,3,3,6,0,4,10,25,39,0,22,22,61
04/02/2008,ISO,NC,ASO,EN,Federal Contract Tower,0,4,22,6,32,0,0,12,3,15,0,4,34,9,47,14,28,42,89
04/03/2008,ISO,NC,ASO,EN,Federal Contract Tower,0,4,11,14,29,0,0,15,2,17,0,4,26,16,46,16,30,46,92
04/04/2008,ISO,NC,ASO,EN,Federal Contract Tower,2,10,8,10,30,0,0,0,0,0,2,10,8,10,30,0,0,0,30
04/05/2008,ISO,NC,ASO,EN,Federal Contract Tower,0,0,1,0,1,0,0,0,0,0,0,0,1,0,1,0,0,0,1
04/06/2008,ISO,NC,ASO,EN,Federal Contract Tower,2,4,11,0,17,0,0,0,0,0,2,4,11,0,17,0,0,0,17
04/07/2008,ISO,NC,ASO,EN,Federal Contract Tower,0,4,17,22,43,0,0,0,0,0,0,4,17,22,43,4,0,4,47
04/08/2008,ISO,NC,ASO,EN,Federal Contract Tower,0,4,18,14,36,0,0,6,0,6,0,4,24,14,42,8,0,8,50
04/09/2008,ISO,NC,ASO,EN,Federal Contract Tower,0,6,15,28,49,0,0,10,1,11,0,6,25,29,60,8,12,20,80
04/10/2008,ISO,NC,ASO,EN,Federal Contract Tower,1,6,24,8,39,0,2,46,0,48,1,8,70,8,87,86,10,96,183
04/11/2008,ISO,NC,ASO,EN,Federal Contract Tower,1,4,12,0,17,0,0,24,0,24,1,4,36,0,41,16,0,16,57
04/12/2008,ISO,NC,ASO,EN,Federal Contract Tower,0,0,4,0,4,0,0,6,0,6,0,0,10,0,10,0,0,0,10
04/13/2008,ISO,NC,ASO,EN,Federal Contract Tower,0,0,16,0,16,0,0,18,0,18,0,0,34,0,34,26,4,30,64
04/14/2008,ISO,NC,ASO,EN,Federal Contract Tower,0,4,10,16,30,0,0,5,2,7,0,4,15,18,37,0,0,0,37
04/15/2008,ISO,NC,ASO,EN,Federal Contract Tower,0,4,10,9,23,0,0,23,1,24,0,4,33,10,47,4,8,12,59
04/16/2008,ISO,NC,ASO,EN,Federal Contract Tower,0,2,17,13,32,0,2,47,6,55,0,4,64,19,87,42,50,92,179
04/17/2008,ISO,NC,ASO,EN,Federal Contract Tower,0,5,6,28,39,0,1,27,8,36,0,6,33,36,75,44,18,62,137
04/18/2008,ISO,NC,ASO,EN,Federal Contract Tower,0,4,10,6,20,0,0,32,3,35,0,4,42,9,55,52,14,66,121
04/19/2008,ISO,NC,ASO,EN,Federal Contract Tower,0,0,12,0,12,0,0,40,0,40,0,0,52,0,52,42,0,42,94
04/20/2008,ISO,NC,ASO,EN,Federal Contract Tower,0,0,5,2,7,0,0,9,0,9,0,0,14,2,16,10,20,30,46
04/21/2008,ISO,NC,ASO,EN,Federal Contract Tower,0,10,9,8,27,0,0,2,2,4,0,10,11,10,31,0,4,4,35
04/22/2008,ISO,NC,ASO,EN,Federal Contract Tower,0,4,14,3,21,0,0,2,1,3,0,4,16,4,24,0,0,0,24
04/23/2008,ISO,NC,ASO,EN,Federal Contract Tower,0,5,14,12,31,0,0,5,0,5,0,5,19,12,36,14,0,14,50
04/24/2008,ISO,NC,ASO,EN,Federal Contract Tower,0,3,15,8,26,0,1,35,0,36,0,4,50,8,62,58,0,58,120
04/25/2008,ISO,NC,ASO,EN,Federal Contract Tower,2,4,10,0,16,1,0,47,0,48,3,4,57,0,64,28,0,28,92
04/26/2008,ISO,NC,ASO,EN,Federal Contract Tower,1,1,9,4,15,0,0,34,0,34,1,1,43,4,49,8,2,10,59
04/27/2008,ISO,NC,ASO,EN,Federal Contract Tower,0,0,6,0,6,0,0,5,0,5,0,0,11,0,11,4,0,4,15
04/28/2008,ISO,NC,ASO,EN,Federal Contract Tower,3,4,4,26,37,0,0,0,0,0,3,4,4,26,37,0,16,16,53
04/29/2008,ISO,NC,ASO,EN,Federal Contract Tower,1,2,4,31,38,0,2,23,0,25,1,4,27,31,63,20,42,62,125
04/30/2008,ISO,NC,ASO,EN,Federal Contract Tower,0,3,8,19,30,0,1,25,5,31,0,4,33,24,61,42,50,92,153
05/01/2008,ISO,NC,ASO,EN,Federal Contract Tower,1,5,4,6,16,0,0,27,2,29,1,5,31,8,45,56,4,60,105
05/02/2008,ISO,NC,ASO,EN,Federal Contract Tower,3,5,12,1,21,0,0,18,0,18,3,5,30,1,39,0,0,0,39
05/03/2008,ISO,NC,ASO,EN,Federal Contract Tower,0,0,5,0,5,0,0,11,0,11,0,0,16,0,16,6,0,6,22
05/04/2008,ISO,NC,ASO,EN,Federal Contract Tower,2,2,18,0,22,0,0,14,0,14,2,2,32,0,36,24,0,24,60
05/05/2008,ISO,NC,ASO,EN,Federal Contract Tower,0,4,2,22,28,0,0,9,2,11,0,4,11,24,39,54,6,60,99
05/06/2008,ISO,NC,ASO,EN,Federal Contract Tower,0,2,7,16,25,0,2,20,8,30,0,4,27,24,55,56,38,94,149
05/07/2008,ISO,NC,ASO,EN,Federal Contract Tower,1,3,16,3,23,0,1,32,5,38,1,4,48,8,61,28,8,36,97
05/08/2008,ISO,NC,ASO,EN,Federal Contract Tower,0,5,13,0,18,0,1,17,0,18,0,6,30,0,36,22,0,22,58
05/09/2008,ISO,NC,ASO,EN,Federal Contract Tower,1,5,10,0,16,0,0,6,0,6,1,5,16,0,22,4,0,4,26
05/10/2008,ISO,NC,ASO,EN,Federal Contract Tower,2,0,11,0,13,0,0,15,0,15,2,0,26,0,28,12,0,12,40
05/11/2008,ISO,NC,ASO,EN,Federal Contract Tower,0,0,3,0,3,0,0,0,0,0,0,0,3,0,3,0,0,0,3
05/12/2008,ISO,NC,ASO,EN,Federal Contract Tower,0,4,4,6,14,0,0,0,1,1,0,4,4,7,15,0,10,10,25
05/13/2008,ISO,NC,ASO,EN,Federal Contract Tower,0,2,11,38,51,0,2,12,2,16,0,4,23,40,67,2,62,64,131
05/14/2008,ISO,NC,ASO,EN,Federal Contract Tower,0,4,32,19,55,0,0,39,4,43,0,4,71,23,98,72,58,130,228
05/15/2008,ISO,NC,ASO,EN,Federal Contract Tower,0,6,25,30,61,0,0,16,6,22,0,6,41,36,83,0,88,88,171
05/16/2008,ISO,NC,ASO,EN,Federal Contract Tower,1,8,5,12,26,0,0,0,5,5,1,8,5,17,31,0,50,50,81
05/17/2008,ISO,NC,ASO,EN,Federal Contract Tower,1,0,16,8,25,0,0,34,2,36,1,0,50,10,61,24,4,28,89
05/18/2008,ISO,NC,ASO,EN,Federal Contract Tower,0,0,6,0,6,0,0,6,0,6,0,0,12,0,12,6,0,6,18
05/19/2008,ISO,NC,ASO,EN,Federal Contract Tower,2,2,2,12,18,0,2,19,6,27,2,4,21,18,45,2,26,28,73
05/20/2008,ISO,NC,ASO,EN,Federal Contract Tower,0,4,8,19,31,0,0,11,2,13,0,4,19,21,44,4,32,36,80
05/21/2008,ISO,NC,ASO,EN,Federal Contract Tower,2,4,17,37,60,0,0,29,0,29,2,4,46,37,89,44,96,140,229
05/22/2008,ISO,NC,ASO,EN,Federal Contract Tower,0,2,20,21,43,0,2,39,4,45,0,4,59,25,88,30,46,76,164
05/23/2008,ISO,NC,ASO,EN,Federal Contract Tower,2,3,11,6,22,0,1,32,1,34,2,4,43,7,56,38,4,42,98
05/24/2008,ISO,NC,ASO,EN,Federal Contract Tower,0,0,7,0,7,0,0,9,0,9,0,0,16,0,16,4,0,4,20
05/25/2008,ISO,NC,ASO,EN,Federal Contract Tower,0,0,12,0,12,0,0,9,0,9,0,0,21,0,21,0,0,0,21
05/26/2008,ISO,NC,ASO,EN,Federal Contract Tower,4,0,4,0,8,0,0,27,0,27,4,0,31,0,35,16,0,16,51
05/27/2008,ISO,NC,ASO,EN,Federal Contract Tower,0,4,5,27,36,0,0,17,8,25,0,4,22,35,61,18,52,70,131
05/28/2008,ISO,NC,ASO,EN,Federal Contract Tower,0,4,6,53,63,0,0,0,1,1,0,4,6,54,64,0,12,12,76
05/29/2008,ISO,NC,ASO,EN,Federal Contract Tower,0,2,12,24,38,0,2,29,0,31,0,4,41,24,69,40,0,40,109
05/30/2008,ISO,NC,ASO,EN,Federal Contract Tower,0,6,14,16,36,0,0,19,2,21,0,6,33,18,57,30,14,44,101
05/31/2008,ISO,NC,ASO,EN,Federal Contract Tower,0,0,5,0,5,0,0,11,0,11,0,0,16,0,16,10,0,10,26
06/01/2008,ISO,NC,ASO,EN,Federal Contract Tower,0,2,3,8,13,0,0,15,2,17,0,2,18,10,30,8,6,14,44
06/02/2008,ISO,NC,ASO,EN,Federal Contract Tower,0,6,3,17,26,0,0,14,1,15,0,6,17,18,41,10,38,48,89
06/03/2008,ISO,NC,ASO,EN,Federal Contract Tower,0,4,5,18,27,0,0,28,8,36,0,4,33,26,63,0,26,26,89
06/04/2008,ISO,NC,ASO,EN,Federal Contract Tower,0,4,5,16,25,0,0,32,8,40,0,4,37,24,65,0,8,8,73
06/05/2008,ISO,NC,ASO,EN,Federal Contract Tower,0,4,12,4,20,0,0,46,0,46,0,4,58,4,66,48,0,48,114
06/06/2008,ISO,NC,ASO,EN,Federal Contract Tower,2,6,6,4,18,0,0,13,2,15,2,6,19,6,33,0,0,0,33
06/07/2008,ISO,NC,ASO,EN,Federal Contract Tower,0,0,2,0,2,0,0,33,0,33,0,0,35,0,35,42,0,42,77
06/08/2008,ISO,NC,ASO,EN,Federal Contract Tower,2,1,9,0,12,0,0,25,0,25,2,1,34,0,37,0,0,0,37
06/09/2008,ISO,NC,ASO,EN,Federal Contract Tower,0,2,8,4,14,0,2,28,2,32,0,4,36,6,46,0,6,6,52
06/10/2008,ISO,NC,ASO,EN,Federal Contract Tower,0,5,8,25,38,0,2,21,2,25,0,7,29,27,63,4,70,74,137
06/11/2008,ISO,NC,ASO,EN,Federal Contract Tower,0,5,18,5,28,0,0,11,3,14,0,5,29,8,42,12,10,22,64
06/12/2008,ISO,NC,ASO,EN,Federal Contract Tower,2,4,10,6,22,0,0,0,0,0,2,4,10,6,22,0,0,0,22
06/13/2008,ISO,NC,ASO,EN,Federal Contract Tower,2,6,15,2,25,0,0,39,8,47,2,6,54,10,72,28,2,30,102
06/14/2008,ISO,NC,ASO,EN,Federal Contract Tower,2,1,2,0,5,0,0,40,9,49,2,1,42,9,54,12,2,14,68
06/15/2008,ISO,NC,ASO,EN,Federal Contract Tower,2,1,2,0,5,0,0,6,10,16,2,1,8,10,21,0,0,0,21
06/16/2008,ISO,NC,ASO,EN,Federal Contract Tower,0,2,11,33,46,0,2,20,10,32,0,4,31,43,78,10,76,86,164
06/17/2008,ISO,NC,ASO,EN,Federal Contract Tower,0,3,4,34,41,0,1,23,13,37,0,4,27,47,78,12,28,40,118
06/18/2008,ISO,NC,ASO,EN,Federal Contract Tower,0,6,10,36,52,0,0,44,2,46,0,6,54,38,98,12,66,78,176
06/19/2008,ISO,NC,ASO,EN,Federal Contract Tower,0,4,5,13,22,0,0,30,4,34,0,4,35,17,56,22,64,86,142
06/20/2008,ISO,NC,ASO,EN,Federal Contract Tower,0,4,7,7,18,0,0,16,2,18,0,4,23,9,36,26,40,66,102
06/21/2008,ISO,NC,ASO,EN,Federal Contract Tower,0,0,2,0,2,0,0,7,0,7,0,0,9,0,9,0,0,0,9
06/22/2008,ISO,NC,ASO,EN,Federal Contract Tower,0,1,11,2,14,0,0,8,0,8,0,1,19,2,22,12,20,32,54
06/23/2008,ISO,NC,ASO,EN,Federal Contract Tower,0,4,11,10,25,0,0,16,2,18,0,4,27,12,43,48,8,56,99
06/24/2008,ISO,NC,ASO,EN,Federal Contract Tower,0,3,17,13,33,0,1,53,10,64,0,4,70,23,97,14,10,24,121
06/25/2008,ISO,NC,ASO,EN,Federal Contract Tower,0,4,13,18,35,0,0,37,4,41,0,4,50,22,76,4,22,26,102
06/26/2008,ISO,NC,ASO,EN,Federal Contract Tower,0,4,13,14,31,0,0,28,3,31,0,4,41,17,62,28,24,52,114
06/27/2008,ISO,NC,ASO,EN,Federal Contract Tower,0,6,4,19,29,0,0,45,10,55,0,6,49,29,84,20,34,54,138
06/28/2008,ISO,NC,ASO,EN,Federal Contract Tower,0,0,10,4,14,0,0,40,0,40,0,0,50,4,54,40,0,40,94
06/29/2008,ISO,NC,ASO,EN,Federal Contract Tower,0,0,6,0,6,0,0,11,0,11,0,0,17,0,17,0,0,0,17
06/30/2008,ISO,NC,ASO,EN,Federal Contract Tower,0,6,6,30,42,0,0,19,8,27,0,6,25,38,69,0,78,78,147
07/01/2008,ISO,NC,ASO,EN,Federal Contract Tower,0,3,11,14,28,0,0,0,4,4,0,3,11,18,32,28,24,52,84
07/02/2008,ISO,NC,ASO,EN,Federal Contract Tower,0,6,4,20,30,0,0,32,7,39,0,6,36,27,69,0,32,32,101
07/03/2008,ISO,NC,ASO,EN,Federal Contract Tower,0,4,6,4,14,0,0,20,0,20,0,4,26,4,34,2,70,72,106
07/04/2008,ISO,NC,ASO,EN,Federal Contract Tower,2,0,0,0,2,0,0,11,2,13,2,0,11,2,15,6,0,6,21
07/05/2008,ISO,NC,ASO,EN,Federal Contract Tower,0,0,6,0,6,0,0,9,0,9,0,0,15,0,15,0,0,0,15
07/06/2008,ISO,NC,ASO,EN,Federal Contract Tower,1,0,4,0,5,0,0,8,2,10,1,0,12,2,15,0,4,4,19
07/07/2008,ISO,NC,ASO,EN,Federal Contract Tower,0,5,8,12,25,0,0,19,0,19,0,5,27,12,44,10,8,18,62
07/08/2008,ISO,NC,ASO,EN,Federal Contract Tower,0,6,11,2,19,0,0,9,0,9,0,6,20,2,28,20,0,20,48
07/09/2008,ISO,NC,ASO,EN,Federal Contract Tower,0,7,18,16,41,0,1,8,2,11,0,8,26,18,52,20,20,40,92
07/10/2008,ISO,NC,ASO,EN,Federal Contract Tower,0,4,8,4,16,0,0,6,2,8,0,4,14,6,24,6,24,30,54
07/11/2008,ISO,NC,ASO,EN,Federal Contract Tower,1,4,13,0,18,0,0,3,0,3,1,4,16,0,21,0,0,0,21
07/12/2008,ISO,NC,ASO,EN,Federal Contract Tower,2,0,9,6,17,0,0,5,0,5,2,0,14,6,22,10,0,10,32
07/13/2008,ISO,NC,ASO,EN,Federal Contract Tower,0,0,5,0,5,0,0,8,0,8,0,0,13,0,13,14,0,14,27
07/14/2008,ISO,NC,ASO,EN,Federal Contract Tower,0,4,9,0,13,0,0,13,0,13,0,4,22,0,26,18,0,18,44
07/15/2008,ISO,NC,ASO,EN,Federal Contract Tower,0,4,13,4,21,0,0,11,6,17,0,4,24,10,38,6,0,6,44
07/16/2008,ISO,NC,ASO,EN,Federal Contract Tower,0,5,19,24,48,0,0,21,0,21,0,5,40,24,69,12,30,42,111
07/17/2008,ISO,NC,ASO,EN,Federal Contract Tower,0,6,14,30,50,0,0,19,4,23,0,6,33,34,73,0,36,36,109
07/18/2008,ISO,NC,ASO,EN,Federal Contract Tower,0,4,8,8,20,0,0,3,6,9,0,4,11,14,29,16,48,64,93
07/19/2008,ISO,NC,ASO,EN,Federal Contract Tower,0,0,2,0,2,0,0,7,0,7,0,0,9,0,9,8,0,8,17
07/20/2008,ISO,NC,ASO,EN,Federal Contract Tower,0,0,1,8,9,0,0,8,12,20,0,0,9,20,29,0,0,0,29
07/21/2008,ISO,NC,ASO,EN,Federal Contract Tower,0,4,18,17,39,0,0,11,1,12,0,4,29,18,51,20,30,50,101
07/22/2008,ISO,NC,ASO,EN,Federal Contract Tower,0,5,4,9,18,0,0,15,1,16,0,5,19,10,34,8,6,14,48
07/23/2008,ISO,NC,ASO,EN,Federal Contract Tower,0,2,13,12,27,0,0,2,0,2,0,2,15,12,29,0,66,66,95
07/24/2008,ISO,NC,ASO,EN,Federal Contract Tower,2,5,17,25,49,0,0,3,10,13,2,5,20,35,62,18,36,54,116
07/25/2008,ISO,NC,ASO,EN,Federal Contract Tower,0,2,6,6,14,0,0,11,2,13,0,2,17,8,27,18,14,32,59
07/26/2008,ISO,NC,ASO,EN,Federal Contract Tower,2,0,10,0,12,0,0,28,0,28,2,0,38,0,40,14,0,14,54
07/27/2008,ISO,NC,ASO,EN,Federal Contract Tower,2,0,8,0,10,0,0,14,0,14,2,0,22,0,24,0,0,0,24
07/28/2008,ISO,NC,ASO,EN,Federal Contract Tower,2,2,1,9,14,0,0,21,9,30,2,2,22,18,44,42,32,74,118
07/29/2008,ISO,NC,ASO,EN,Federal Contract Tower,0,2,8,10,20,0,0,21,2,23,0,2,29,12,43,16,18,34,77
07/30/2008,ISO,NC,ASO,EN,Federal Contract Tower,0,2,14,27,43,0,0,15,3,18,0,2,29,30,61,30,20,50,111
07/31/2008,ISO,NC,ASO,EN,Federal Contract Tower,0,4,10,0,14,0,0,12,4,16,0,4,22,4,30,6,0,6,36
08/01/2008,ISO,NC,ASO,EN,Federal Contract Tower,2,2,11,2,17,0,0,5,0,5,2,2,16,2,22,4,16,20,42
08/02/2008,ISO,NC,ASO,EN,Federal Contract Tower,0,0,5,0,5,0,0,8,0,8,0,0,13,0,13,16,0,16,29
08/03/2008,ISO,NC,ASO,EN,Federal Contract Tower,2,2,4,10,18,0,0,12,2,14,2,2,16,12,32,10,8,18,50
08/04/2008,ISO,NC,ASO,EN,Federal Contract Tower,0,2,3,10,15,0,0,13,0,13,0,2,16,10,28,6,26,32,60
08/05/2008,ISO,NC,ASO,EN,Federal Contract Tower,0,2,10,35,47,0,0,18,2,20,0,2,28,37,67,40,52,92,159
08/06/2008,ISO,NC,ASO,EN,Federal Contract Tower,0,2,6,36,44,0,0,15,2,17,0,2,21,38,61,4,58,62,123
08/07/2008,ISO,NC,ASO,EN,Federal Contract Tower,0,2,6,26,34,0,0,4,0,4,0,2,10,26,38,12,32,44,82
08/08/2008,ISO,NC,ASO,EN,Federal Contract Tower,2,2,7,10,21,0,0,18,2,20,2,2,25,12,41,10,32,42,83
08/09/2008,ISO,NC,ASO,EN,Federal Contract Tower,1,0,5,0,6,0,0,12,0,12,1,0,17,0,18,16,0,16,34
08/10/2008,ISO,NC,ASO,EN,Federal Contract Tower,1,0,4,12,17,0,0,6,6,12,1,0,10,18,29,2,0,2,31
08/11/2008,ISO,NC,ASO,EN,Federal Contract Tower,1,4,10,8,23,0,0,12,2,14,1,4,22,10,37,0,0,0,37
08/12/2008,ISO,NC,ASO,EN,Federal Contract Tower,0,2,21,18,41,0,0,42,2,44,0,2,63,20,85,10,52,62,147
08/13/2008,ISO,NC,ASO,EN,Federal Contract Tower,0,2,19,6,27,0,0,5,0,5,0,2,24,6,32,0,4,4,36
08/14/2008,ISO,NC,ASO,EN,Federal Contract Tower,0,3,19,8,30,0,0,21,4,25,0,3,40,12,55,14,16,30,85
08/15/2008,ISO,NC,ASO,EN,Federal Contract Tower,0,2,9,2,13,0,0,13,6,19,0,2,22,8,32,2,32,34,66
08/16/2008,ISO,NC,ASO,EN,Federal Contract Tower,0,0,7,0,7,0,0,8,0,8,0,0,15,0,15,2,0,2,17
08/17/2008,ISO,NC,ASO,EN,Federal Contract Tower,0,0,17,4,21,0,0,3,0,3,0,0,20,4,24,10,10,20,44
08/18/2008,ISO,NC,ASO,EN,Federal Contract Tower,0,2,10,6,18,0,0,13,0,13,0,2,23,6,31,28,0,28,59
08/19/2008,ISO,NC,ASO,EN,Federal Contract Tower,0,2,12,22,36,0,0,19,2,21,0,2,31,24,57,28,18,46,103
08/20/2008,ISO,NC,ASO,EN,Federal Contract Tower,0,2,7,18,27,0,0,10,0,10,0,2,17,18,37,10,24,34,71
08/21/2008,ISO,NC,ASO,EN,Federal Contract Tower,0,3,4,18,25,0,0,10,0,10,0,3,14,18,35,2,0,2,37
08/22/2008,ISO,NC,ASO,EN,Federal Contract Tower,0,2,9,0,11,0,0,12,0,12,0,2,21,0,23,2,0,2,25
08/23/2008,ISO,NC,ASO,EN,Federal Contract Tower,0,0,5,0,5,0,0,10,0,10,0,0,15,0,15,18,0,18,33
08/24/2008,ISO,NC,ASO,EN,Federal Contract Tower,0,0,17,4,21,0,0,18,0,18,0,0,35,4,39,6,4,10,49
08/25/2008,ISO,NC,ASO,EN,Federal Contract Tower,0,2,2,2,6,0,0,19,0,19,0,2,21,2,25,0,36,36,61
08/26/2008,ISO,NC,ASO,EN,Federal Contract Tower,0,4,14,35,53,0,0,8,5,13,0,4,22,40,66,0,42,42,108
08/27/2008,ISO,NC,ASO,EN,Federal Contract Tower,0,2,3,7,12,0,0,1,0,1,0,2,4,7,13,0,0,0,13
08/28/2008,ISO,NC,ASO,EN,Federal Contract Tower,0,2,14,18,34,0,0,8,0,8,0,2,22,18,42,0,0,0,42
08/29/2008,ISO,NC,ASO,EN,Federal Contract Tower,2,2,10,0,14,0,0,7,0,7,2,2,17,0,21,0,0,0,21
08/30/2008,ISO,NC,ASO,EN,Federal Contract Tower,0,0,7,4,11,0,0,4,0,4,0,0,11,4,15,0,0,0,15
08/31/2008,ISO,NC,ASO,EN,Federal Contract Tower,0,0,2,4,6,0,0,9,0,9,0,0,11,4,15,16,10,26,41
09/01/2008,ISO,NC,ASO,EN,Federal Contract Tower,2,0,5,4,11,0,0,8,0,8,2,0,13,4,19,8,2,10,29
09/02/2008,ISO,NC,ASO,EN,Federal Contract Tower,0,2,11,2,15,0,0,12,0,12,0,2,23,2,27,12,40,52,79
09/03/2008,ISO,NC,ASO,EN,Federal Contract Tower,0,2,13,15,30,0,0,26,1,27,0,2,39,16,57,12,56,68,125
09/04/2008,ISO,NC,ASO,EN,Federal Contract Tower,0,3,16,0,19,0,0,15,2,17,0,3,31,2,36,6,0,6,42
09/05/2008,ISO,NC,ASO,EN,Federal Contract Tower,2,3,5,0,10,0,0,0,0,0,2,3,5,0,10,0,0,0,10
09/06/2008,ISO,NC,ASO,EN,Federal Contract Tower,0,0,2,0,2,0,0,0,0,0,0,0,2,0,2,0,0,0,2
09/07/2008,ISO,NC,ASO,EN,Federal Contract Tower,2,0,5,0,7,0,0,0,0,0,2,0,5,0,7,2,0,2,9
09/08/2008,ISO,NC,ASO,EN,Federal Contract Tower,0,6,8,4,18,0,0,10,0,10,0,6,18,4,28,0,0,0,28
09/09/2008,ISO,NC,ASO,EN,Federal Contract Tower,0,2,20,3,25,0,0,9,1,10,0,2,29,4,35,14,18,32,67
09/10/2008,ISO,NC,ASO,EN,Federal Contract Tower,0,2,5,6,13,0,0,0,0,0,0,2,5,6,13,0,0,0,13
09/11/2008,ISO,NC,ASO,EN,Federal Contract Tower,1,2,8,8,19,0,0,0,2,2,1,2,8,10,21,0,52,52,73
09/12/2008,ISO,NC,ASO,EN,Federal Contract Tower,3,2,5,4,14,0,0,3,10,13,3,2,8,14,27,0,22,22,49
09/13/2008,ISO,NC,ASO,EN,Federal Contract Tower,1,0,9,0,10,0,0,1,0,1,1,0,10,0,11,18,0,18,29
09/14/2008,ISO,NC,ASO,EN,Federal Contract Tower,1,0,8,0,9,0,0,11,0,11,1,0,19,0,20,2,0,2,22
09/15/2008,ISO,NC,ASO,EN,Federal Contract Tower,1,2,13,20,36,0,0,15,4,19,1,2,28,24,55,20,18,38,93
09/16/2008,ISO,NC,ASO,EN,Federal Contract Tower,0,2,8,10,20,0,0,1,0,1,0,2,9,10,21,0,0,0,21
09/17/2008,ISO,NC,ASO,EN,Federal Contract Tower,0,1,8,17,26,0,1,11,1,13,0,2,19,18,39,12,52,64,103
09/18/2008,ISO,NC,ASO,EN,Federal Contract Tower,0,1,11,21,33,0,1,23,4,28,0,2,34,25,61,0,70,70,131
09/19/2008,ISO,NC,ASO,EN,Federal Contract Tower,0,2,7,7,16,0,0,11,5,16,0,2,18,12,32,10,30,40,72
09/20/2008,ISO,NC,ASO,EN,Federal Contract Tower,0,0,0,0,0,0,0,5,0,5,0,0,5,0,5,12,0,12,17
09/21/2008,ISO,NC,ASO,EN,Federal Contract Tower,0,0,9,0,9,0,0,1,0,1,0,0,10,0,10,0,0,0,10
09/22/2008,ISO,NC,ASO,EN,Federal Contract Tower,0,2,3,16,21,0,0,14,0,14,0,2,17,16,35,6,6,12,47
09/23/2008,ISO,NC,ASO,EN,Federal Contract Tower,0,6,9,16,31,0,0,3,6,9,0,6,12,22,40,14,64,78,118
09/24/2008,ISO,NC,ASO,EN,Federal Contract Tower,0,2,12,7,21,0,0,2,3,5,0,2,14,10,26,0,26,26,52
09/25/2008,ISO,NC,ASO,EN,Federal Contract Tower,4,3,3,2,12,0,0,0,0,0,4,3,3,2,12,0,0,0,12
09/26/2008,ISO,NC,ASO,EN,Federal Contract Tower,2,6,6,6,20,0,0,1,2,3,2,6,7,8,23,0,10,10,33
09/27/2008,ISO,NC,ASO,EN,Federal Contract Tower,4,0,2,10,16,0,0,3,2,5,4,0,5,12,21,2,20,22,43
09/28/2008,ISO,NC,ASO,EN,Federal Contract Tower,0,2,8,3,13,0,0,8,1,9,0,2,16,4,22,0,4,4,26
09/29/2008,ISO,NC,ASO,EN,Federal Contract Tower,0,2,6,20,28,0,0,25,0,25,0,2,31,20,53,42,4,46,99
09/30/2008,ISO,NC,ASO,EN,Federal Contract Tower,0,2,11,2,15,0,0,8,2,10,0,2,19,4,25,0,10,10,35
10/01/2008,ISO,NC,ASO,EN,Federal Contract Tower,0,3,5,6,14,0,0,3,0,3,0,3,8,6,17,15,0,15,32
10/02/2008,ISO,NC,ASO,EN,Federal Contract Tower,0,2,9,25,36,0,0,29,2,31,0,2,38,27,67,12,31,43,110
10/03/2008,ISO,NC,ASO,EN,Federal Contract Tower,2,2,8,12,24,0,0,13,1,14,2,2,21,13,38,2,28,30,68
10/04/2008,ISO,NC,ASO,EN,Federal Contract Tower,0,0,3,0,3,0,0,16,0,16,0,0,19,0,19,10,0,10,29
10/05/2008,ISO,NC,ASO,EN,Federal Contract Tower,2,0,6,0,8,0,0,4,0,4,2,0,10,0,12,4,0,4,16
10/06/2008,ISO,NC,ASO,EN,Federal Contract Tower,0,2,1,10,13,0,0,12,2,14,0,2,13,12,27,14,28,42,69
10/07/2008,ISO,NC,ASO,EN,Federal Contract Tower,0,2,12,32,46,0,0,16,4,20,0,2,28,36,66,12,64,76,142
10/08/2008,ISO,NC,ASO,EN,Federal Contract Tower,0,3,10,34,47,0,0,10,3,13,0,3,20,37,60,20,68,88,148
10/09/2008,ISO,NC,ASO,EN,Federal Contract Tower,0,3,6,6,15,0,0,5,5,10,0,3,11,11,25,6,88,94,119
10/10/2008,ISO,NC,ASO,EN,Federal Contract Tower,2,4,13,8,27,0,0,5,0,5,2,4,18,8,32,22,0,22,54
10/11/2008,ISO,NC,ASO,EN,Federal Contract Tower,0,1,3,0,4,0,0,0,0,0,0,1,3,0,4,0,0,0,4
10/12/2008,ISO,NC,ASO,EN,Federal Contract Tower,0,3,3,0,6,0,0,9,0,9,0,3,12,0,15,0,0,0,15
10/13/2008,ISO,NC,ASO,EN,Federal Contract Tower,0,4,5,0,9,0,0,13,0,13,0,4,18,0,22,0,0,0,22
10/14/2008,ISO,NC,ASO,EN,Federal Contract Tower,0,2,17,18,37,0,0,27,0,27,0,2,44,18,64,36,26,62,126
10/15/2008,ISO,NC,ASO,EN,Federal Contract Tower,0,2,5,9,16,0,0,34,1,35,0,2,39,10,51,94,30,124,175
10/16/2008,ISO,NC,ASO,EN,Federal Contract Tower,0,2,17,10,29,0,0,18,0,18,0,2,35,10,47,4,14,18,65
10/17/2008,ISO,NC,ASO,EN,Federal Contract Tower,2,2,18,14,36,0,0,8,0,8,2,2,26,14,44,0,34,34,78
10/18/2008,ISO,NC,ASO,EN,Federal Contract Tower,2,0,6,0,8,0,0,5,0,5,2,0,11,0,13,0,0,0,13
10/19/2008,ISO,NC,ASO,EN,Federal Contract Tower,0,0,4,0,4,0,0,9,0,9,0,0,13,0,13,0,0,0,13
10/20/2008,ISO,NC,ASO,EN,Federal Contract Tower,0,2,17,12,31,0,0,17,0,17,0,2,34,12,48,16,18,34,82
10/21/2008,ISO,NC,ASO,EN,Federal Contract Tower,0,2,8,29,39,0,0,28,5,33,0,2,36,34,72,6,22,28,100
10/22/2008,ISO,NC,ASO,EN,Federal Contract Tower,0,2,7,66,75,0,0,12,0,12,0,2,19,66,87,34,72,106,193
10/23/2008,ISO,NC,ASO,EN,Federal Contract Tower,2,2,6,26,36,0,0,4,2,6,2,2,10,28,42,10,28,38,80
10/24/2008,ISO,NC,ASO,EN,Federal Contract Tower,2,2,12,4,20,0,0,12,0,12,2,2,24,4,32,44,0,44,76
10/25/2008,ISO,NC,ASO,EN,Federal Contract Tower,0,0,2,8,10,0,0,0,0,0,0,0,2,8,10,0,0,0,10
10/26/2008,ISO,NC,ASO,EN,Federal Contract Tower,2,0,5,0,7,0,0,17,0,17,2,0,22,0,24,14,0,14,38
10/27/2008,ISO,NC,ASO,EN,Federal Contract Tower,0,2,10,4,16,0,0,13,1,14,0,2,23,5,30,8,36,44,74
10/28/2008,ISO,NC,ASO,EN,Federal Contract Tower,0,2,9,18,29,0,0,6,2,8,0,2,15,20,37,0,16,16,53
10/29/2008,ISO,NC,ASO,EN,Federal Contract Tower,0,3,14,25,42,0,0,6,10,16,0,3,20,35,58,0,24,24,82
10/30/2008,ISO,NC,ASO,EN,Federal Contract Tower,0,4,9,8,21,0,0,16,2,18,0,4,25,10,39,10,14,24,63
10/31/2008,ISO,NC,ASO,EN,Federal Contract Tower,1,4,5,8,18,0,0,25,0,25,1,4,30,8,43,10,26,36,79
11/01/2008,ISO,NC,ASO,EN,Federal Contract Tower,2,0,5,0,7,0,0,15,0,15,2,0,20,0,22,22,0,22,44
11/02/2008,ISO,NC,ASO,EN,Federal Contract Tower,2,1,0,0,3,0,0,9,0,9,2,1,9,0,12,18,0,18,30
11/03/2008,ISO,NC,ASO,EN,Federal Contract Tower,0,2,5,2,9,0,0,0,0,0,0,2,5,2,9,0,0,0,9
11/04/2008,ISO,NC,ASO,EN,Federal Contract Tower,0,2,4,2,8,0,0,0,0,0,0,2,4,2,8,0,0,0,8
11/05/2008,ISO,NC,ASO,EN,Federal Contract Tower,0,3,15,8,26,0,0,6,0,6,0,3,21,8,32,18,8,26,58
11/06/2008,ISO,NC,ASO,EN,Federal Contract Tower,0,2,17,2,21,0,0,7,2,9,0,2,24,4,30,2,24,26,56
11/07/2008,ISO,NC,ASO,EN,Federal Contract Tower,2,4,6,11,23,0,0,18,5,23,2,4,24,16,46,10,48,58,104
11/08/2008,ISO,NC,ASO,EN,Federal Contract Tower,2,0,5,2,9,0,0,6,0,6,2,0,11,2,15,6,2,8,23
11/09/2008,ISO,NC,ASO,EN,Federal Contract Tower,0,0,4,0,4,0,0,1,0,1,0,0,5,0,5,0,0,0,5
11/10/2008,ISO,NC,ASO,EN,Federal Contract Tower,0,2,5,16,23,0,0,18,0,18,0,2,23,16,41,26,14,40,81
11/11/2008,ISO,NC,ASO,EN,Federal Contract Tower,0,1,17,0,18,0,0,11,0,11,0,1,28,0,29,26,0,26,55
11/12/2008,ISO,NC,ASO,EN,Federal Contract Tower,0,3,5,14,22,0,0,17,0,17,0,3,22,14,39,14,22,36,75
11/13/2008,ISO,NC,ASO,EN,Federal Contract Tower,0,4,13,14,31,0,0,0,0,0,0,4,13,14,31,0,0,0,31
11/14/2008,ISO,NC,ASO,EN,Federal Contract Tower,6,3,8,0,17,0,0,0,0,0,6,3,8,0,17,0,0,0,17
11/15/2008,ISO,NC,ASO,EN,Federal Contract Tower,3,0,2,1,6,0,0,2,6,8,3,0,4,7,14,0,0,0,14
11/16/2008,ISO,NC,ASO,EN,Federal Contract Tower,0,0,7,0,7,0,0,9,0,9,0,0,16,0,16,0,0,0,16
11/17/2008,ISO,NC,ASO,EN,Federal Contract Tower,0,2,14,5,21,0,0,19,2,21,0,2,33,7,42,66,28,94,136
11/18/2008,ISO,NC,ASO,EN,Federal Contract Tower,0,2,6,9,17,0,0,4,1,5,0,2,10,10,22,0,10,10,32
11/19/2008,ISO,NC,ASO,EN,Federal Contract Tower,0,2,5,26,33,0,0,16,1,17,0,2,21,27,50,46,20,66,116
11/20/2008,ISO,NC,ASO,EN,Federal Contract Tower,0,2,5,22,29,0,0,18,6,24,0,2,23,28,53,40,12,52,105
11/21/2008,ISO,NC,ASO,EN,Federal Contract Tower,2,2,9,11,24,0,0,0,1,1,2,2,9,12,25,0,8,8,33
11/22/2008,ISO,NC,ASO,EN,Federal Contract Tower,0,0,1,5,6,0,2,6,1,9,0,2,7,6,15,4,8,12,27
11/23/2008,ISO,NC,ASO,EN,Federal Contract Tower,0,0,4,0,4,0,0,8,0,8,0,0,12,0,12,8,0,8,20
11/24/2008,ISO,NC,ASO,EN,Federal Contract Tower,0,2,7,27,36,0,0,13,7,20,0,2,20,34,56,30,12,42,98
11/25/2008,ISO,NC,ASO,EN,Federal Contract Tower,0,2,14,19,35,0,0,7,3,10,0,2,21,22,45,0,20,20,65
11/26/2008,ISO,NC,ASO,EN,Federal Contract Tower,2,2,4,7,15,0,0,10,1,11,2,2,14,8,26,44,6,50,76
11/27/2008,ISO,NC,ASO,EN,Federal Contract Tower,0,2,3,0,5,0,0,6,0,6,0,2,9,0,11,0,0,0,11
11/28/2008,ISO,NC,ASO,EN,Federal Contract Tower,2,4,8,4,18,0,0,5,1,6,2,4,13,5,24,4,20,24,48
11/29/2008,ISO,NC,ASO,EN,Federal Contract Tower,0,0,11,0,11,0,0,4,0,4,0,0,15,0,15,4,0,4,19
11/30/2008,ISO,NC,ASO,EN,Federal Contract Tower,0,2,10,0,12,0,0,1,0,1,0,2,11,0,13,0,0,0,13
12/01/2008,ISO,NC,ASO,EN,Federal Contract Tower,0,2,2,7,11,0,0,2,1,3,0,2,4,8,14,4,24,28,42
12/02/2008,ISO,NC,ASO,EN,Federal Contract Tower,0,2,10,18,30,0,0,7,4,11,0,2,17,22,41,4,28,32,73
12/03/2008,ISO,NC,ASO,EN,Federal Contract Tower,0,4,10,42,56,0,2,18,2,22,0,6,28,44,78,16,24,40,118
12/04/2008,ISO,NC,ASO,EN,Federal Contract Tower,2,2,13,24,41,0,0,3,0,3,2,2,16,24,44,20,0,20,64
12/05/2008,ISO,NC,ASO,EN,Federal Contract Tower,6,2,6,16,30,0,0,4,0,4,6,2,10,16,34,0,0,0,34
12/06/2008,ISO,NC,ASO,EN,Federal Contract Tower,2,0,3,18,23,0,0,11,0,11,2,0,14,18,34,20,0,20,54
12/07/2008,ISO,NC,ASO,EN,Federal Contract Tower,4,0,3,2,9,0,0,7,0,7,4,0,10,2,16,12,0,12,28
12/08/2008,ISO,NC,ASO,EN,Federal Contract Tower,0,2,16,10,28,0,0,28,1,29,0,2,44,11,57,28,26,54,111
12/09/2008,ISO,NC,ASO,EN,Federal Contract Tower,0,2,9,16,27,0,0,13,2,15,0,2,22,18,42,6,26,32,74
12/10/2008,ISO,NC,ASO,EN,Federal Contract Tower,0,2,7,22,31,0,0,0,2,2,0,2,7,24,33,0,28,28,61
12/11/2008,ISO,NC,ASO,EN,Federal Contract Tower,0,1,8,0,9,0,0,0,0,0,0,1,8,0,9,2,0,2,11
12/12/2008,ISO,NC,ASO,EN,Federal Contract Tower,0,2,6,12,20,0,0,8,1,9,0,2,14,13,29,4,32,36,65
12/13/2008,ISO,NC,ASO,EN,Federal Contract Tower,1,0,5,4,10,0,0,7,0,7,1,0,12,4,17,10,0,10,27
12/14/2008,ISO,NC,ASO,EN,Federal Contract Tower,1,0,18,0,19,0,0,13,0,13,1,0,31,0,32,4,0,4,36
12/15/2008,ISO,NC,ASO,EN,Federal Contract Tower,0,2,15,36,53,0,0,11,2,13,0,2,26,38,66,4,66,70,136
12/16/2008,ISO,NC,ASO,EN,Federal Contract Tower,0,2,2,10,14,0,0,0,0,0,0,2,2,10,14,0,0,0,14
12/17/2008,ISO,NC,ASO,EN,Federal Contract Tower,0,2,3,22,27,0,0,2,2,4,0,2,5,24,31,14,20,34,65
12/18/2008,ISO,NC,ASO,EN,Federal Contract Tower,0,2,11,12,25,0,0,0,0,0,0,2,11,12,25,0,0,0,25
12/19/2008,ISO,NC,ASO,EN,Federal Contract Tower,0,3,6,6,15,0,0,3,0,3,0,3,9,6,18,0,8,8,26
12/20/2008,ISO,NC,ASO,EN,Federal Contract Tower,0,0,12,0,12,0,0,6,0,6,0,0,18,0,18,26,0,26,44
12/21/2008,ISO,NC,ASO,EN,Federal Contract Tower,0,1,11,4,16,0,0,2,0,2,0,1,13,4,18,12,0,12,30
12/22/2008,ISO,NC,ASO,EN,Federal Contract Tower,0,2,13,12,27,0,0,8,0,8,0,2,21,12,35,10,0,10,45
12/23/2008,ISO,NC,ASO,EN,Federal Contract Tower,0,2,13,10,25,0,0,23,4,27,0,2,36,14,52,18,20,38,90
12/24/2008,ISO,NC,ASO,EN,Federal Contract Tower,0,1,7,0,8,0,1,4,0,5,0,2,11,0,13,12,0,12,25
12/25/2008,ISO,NC,ASO,EN,Federal Contract Tower,0,0,5,0,5,0,0,9,0,9,0,0,14,0,14,4,0,4,18
12/26/2008,ISO,NC,ASO,EN,Federal Contract Tower,0,2,17,0,19,0,0,6,0,6,0,2,23,0,25,2,0,2,27
12/27/2008,ISO,NC,ASO,EN,Federal Contract Tower,1,0,10,0,11,0,0,1,0,1,1,0,11,0,12,0,0,0,12
12/28/2008,ISO,NC,ASO,EN,Federal Contract Tower,3,0,8,0,11,0,0,5,0,5,3,0,13,0,16,0,0,0,16
12/29/2008,ISO,NC,ASO,EN,Federal Contract Tower,0,2,5,2,9,0,0,15,0,15,0,2,20,2,24,6,0,6,30
12/30/2008,ISO,NC,ASO,EN,Federal Contract Tower,0,2,9,6,17,0,0,19,0,19,0,2,28,6,36,20,0,20,56
12/31/2008,ISO,NC,ASO,EN,Federal Contract Tower,2,2,5,4,13,0,0,0,0,0,2,2,5,4,13,0,6,6,19
01/01/2009,ISO,NC,ASO,EN,Federal Contract Tower,0,0,1,0,1,0,0,12,0,12,0,0,13,0,13,12,0,12,25
01/02/2009,ISO,NC,ASO,EN,Federal Contract Tower,0,2,8,0,10,0,0,4,0,4,0,2,12,0,14,0,0,0,14
01/03/2009,ISO,NC,ASO,EN,Federal Contract Tower,2,2,15,0,19,0,0,15,0,15,2,2,30,0,34,4,0,4,38
01/04/2009,ISO,NC,ASO,EN,Federal Contract Tower,0,0,6,8,14,0,0,0,0,0,0,0,6,8,14,0,0,0,14
01/05/2009,ISO,NC,ASO,EN,Federal Contract Tower,0,2,6,32,40,0,0,1,0,1,0,2,7,32,41,14,2,16,57
01/06/2009,ISO,NC,ASO,EN,Federal Contract Tower,0,0,1,6,7,0,0,0,0,0,0,0,1,6,7,0,0,0,7
01/07/2009,ISO,NC,ASO,EN,Federal Contract Tower,0,2,0,20,22,0,0,3,2,5,0,2,3,22,27,0,20,20,47
01/08/2009,ISO,NC,ASO,EN,Federal Contract Tower,0,4,2,26,32,0,0,21,0,21,0,4,23,26,53,22,2,24,77
01/09/2009,ISO,NC,ASO,EN,Federal Contract Tower,4,2,14,19,39,0,0,29,4,33,4,2,43,23,72,30,24,54,126
01/10/2009,ISO,NC,ASO,EN,Federal Contract Tower,0,0,10,2,12,0,0,16,0,16,0,0,26,2,28,60,0,60,88
01/11/2009,ISO,NC,ASO,EN,Federal Contract Tower,4,0,4,8,16,0,0,4,0,4,4,0,8,8,20,4,6,10,30
01/12/2009,ISO,NC,ASO,EN,Federal Contract Tower,1,2,5,32,40,0,0,16,6,22,1,2,21,38,62,18,48,66,128
01/13/2009,ISO,NC,ASO,EN,Federal Contract Tower,0,3,11,10,24,0,0,0,0,0,0,3,11,10,24,0,0,0,24
01/14/2009,ISO,NC,ASO,EN,Federal Contract Tower,0,8,9,26,43,0,1,37,0,38,0,9,46,26,81,98,12,110,191
01/15/2009,ISO,NC,ASO,EN,Federal Contract Tower,0,4,2,22,28,0,0,18,11,29,0,4,20,33,57,30,48,78,135
01/16/2009,ISO,NC,ASO,EN,Federal Contract Tower,0,2,5,11,18,0,0,11,1,12,0,2,16,12,30,12,14,26,56
01/17/2009,ISO,NC,ASO,EN,Federal Contract Tower,0,0,15,0,15,0,0,17,0,17,0,0,32,0,32,6,0,6,38
01/18/2009,ISO,NC,ASO,EN,Federal Contract Tower,0,0,9,4,13,0,0,0,0,0,0,0,9,4,13,0,0,0,13
01/19/2009,ISO,NC,ASO,EN,Federal Contract Tower,0,0,12,0,12,0,0,0,0,0,0,0,12,0,12,0,0,0,12
01/20/2009,ISO,NC,ASO,EN,Federal Contract Tower,0,0,1,0,1,0,0,0,0,0,0,0,1,0,1,0,0,0,1
01/21/2009,ISO,NC,ASO,EN,Federal Contract Tower,0,2,0,0,2,0,0,11,0,11,0,2,11,0,13,0,0,0,13
01/22/2009,ISO,NC,ASO,EN,Federal Contract Tower,0,4,14,30,48,0,0,19,0,19,0,4,33,30,67,18,24,42,109
01/23/2009,ISO,NC,ASO,EN,Federal Contract Tower,0,2,5,10,17,0,0,28,0,28,0,2,33,10,45,18,14,32,77
01/24/2009,ISO,NC,ASO,EN,Federal Contract Tower,0,0,4,2,6,0,0,1,0,1,0,0,5,2,7,0,0,0,7
01/25/2009,ISO,NC,ASO,EN,Federal Contract Tower,1,0,9,0,10,0,0,2,0,2,1,0,11,0,12,4,0,4,16
01/26/2009,ISO,NC,ASO,EN,Federal Contract Tower,0,2,4,5,11,0,0,16,0,16,0,2,20,5,27,26,18,44,71
01/27/2009,ISO,NC,ASO,EN,Federal Contract Tower,0,3,2,21,26,0,0,11,0,11,0,3,13,21,37,22,0,22,59
01/28/2009,ISO,NC,ASO,EN,Federal Contract Tower,0,2,3,10,15,0,0,0,0,0,0,2,3,10,15,2,22,24,39
01/29/2009,ISO,NC,ASO,EN,Federal Contract Tower,0,2,16,32,50,0,0,26,6,32,0,2,42,38,82,10,40,50,132
01/30/2009,ISO,NC,ASO,EN,Federal Contract Tower,2,2,17,22,43,0,0,9,0,9,2,2,26,22,52,16,26,42,94
01/31/2009,ISO,NC,ASO,EN,Federal Contract Tower,0,0,5,0,5,0,0,13,0,13,0,0,18,0,18,10,0,10,28
02/01/2009,ISO,NC,ASO,EN,Federal Contract Tower,0,0,7,0,7,0,0,13,0,13,0,0,20,0,20,0,0,0,20
02/02/2009,ISO,NC,ASO,EN,Federal Contract Tower,2,2,12,45,61,0,0,23,0,23,2,2,35,45,84,28,58,86,170
02/03/2009,ISO,NC,ASO,EN,Federal Contract Tower,0,3,9,3,15,0,0,6,1,7,0,3,15,4,22,8,6,14,36
02/04/2009,ISO,NC,ASO,EN,Federal Contract Tower,0,2,10,12,24,0,0,12,0,12,0,2,22,12,36,12,8,20,56
02/05/2009,ISO,NC,ASO,EN,Federal Contract Tower,1,5,3,14,23,0,2,18,9,29,1,7,21,23,52,24,28,52,104
02/06/2009,ISO,NC,ASO,EN,Federal Contract Tower,1,2,6,9,18,0,0,19,3,22,1,2,25,12,40,4,2,6,46
02/07/2009,ISO,NC,ASO,EN,Federal Contract Tower,0,0,8,0,8,0,0,37,0,37,0,0,45,0,45,26,0,26,71
02/08/2009,ISO,NC,ASO,EN,Federal Contract Tower,2,0,2,0,4,0,0,8,0,8,2,0,10,0,12,8,0,8,20
02/09/2009,ISO,NC,ASO,EN,Federal Contract Tower,0,2,6,20,28,0,0,17,2,19,0,2,23,22,47,12,30,42,89
02/10/2009,ISO,NC,ASO,EN,Federal Contract Tower,0,2,16,1,19,0,0,18,4,22,0,2,34,5,41,4,14,18,59
02/11/2009,ISO,NC,ASO,EN,Federal Contract Tower,0,2,5,8,15,0,0,9,0,9,0,2,14,8,24,0,54,54,78
02/12/2009,ISO,NC,ASO,EN,Federal Contract Tower,1,2,12,9,24,0,0,52,1,53,1,2,64,10,77,6,6,12,89
02/13/2009,ISO,NC,ASO,EN,Federal Contract Tower,1,2,24,15,42,0,0,36,2,38,1,2,60,17,80,0,8,8,88
02/14/2009,ISO,NC,ASO,EN,Federal Contract Tower,2,0,10,0,12,0,0,10,0,10,2,0,20,0,22,6,0,6,28
02/15/2009,ISO,NC,ASO,EN,Federal Contract Tower,0,0,8,0,8,0,0,14,0,14,0,0,22,0,22,24,0,24,46
02/16/2009,ISO,NC,ASO,EN,Federal Contract Tower,0,0,6,0,6,0,0,16,0,16,0,0,22,0,22,4,0,4,26
02/17/2009,ISO,NC,ASO,EN,Federal Contract Tower,0,5,11,9,25,0,1,25,3,29,0,6,36,12,54,22,62,84,138
02/18/2009,ISO,NC,ASO,EN,Federal Contract Tower,0,2,2,38,42,0,0,0,2,2,0,2,2,40,44,0,24,24,68
02/19/2009,ISO,NC,ASO,EN,Federal Contract Tower,0,4,13,15,32,0,0,9,1,10,0,4,22,16,42,20,42,62,104
02/20/2009,ISO,NC,ASO,EN,Federal Contract Tower,0,4,14,18,36,0,0,10,0,10,0,4,24,18,46,2,0,2,48
02/21/2009,ISO,NC,ASO,EN,Federal Contract Tower,0,0,11,2,13,0,0,14,0,14,0,0,25,2,27,18,0,18,45
02/22/2009,ISO,NC,ASO,EN,Federal Contract Tower,0,4,5,0,9,0,0,3,0,3,0,4,8,0,12,0,0,0,12
02/23/2009,ISO,NC,ASO,EN,Federal Contract Tower,0,4,0,26,30,0,0,11,0,11,0,4,11,26,41,0,10,10,51
02/24/2009,ISO,NC,ASO,EN,Federal Contract Tower,0,4,7,19,30,0,0,35,7,42,0,4,42,26,72,12,36,48,120
02/25/2009,ISO,NC,ASO,EN,Federal Contract Tower,0,2,19,29,50,0,0,23,6,29,0,2,42,35,79,54,76,130,209
02/26/2009,ISO,NC,ASO,EN,Federal Contract Tower,0,2,12,14,28,0,0,26,0,26,0,2,38,14,54,20,40,60,114
02/27/2009,ISO,NC,ASO,EN,Federal Contract Tower,2,8,11,8,29,0,0,15,0,15,2,8,26,8,44,16,0,16,60
02/28/2009,ISO,NC,ASO,EN,Federal Contract Tower,0,0,18,0,18,0,0,0,0,0,0,0,18,0,18,0,0,0,18
03/01/2009,ISO,NC,ASO,EN,Federal Contract Tower,0,0,6,0,6,0,0,0,0,0,0,0,6,0,6,0,0,0,6
03/02/2009,ISO,NC,ASO,EN,Federal Contract Tower,0,2,3,0,5,0,0,1,0,1,0,2,4,0,6,0,0,0,6
03/03/2009,ISO,NC,ASO,EN,Federal Contract Tower,3,2,7,26,38,0,0,3,2,5,3,2,10,28,43,0,2,2,45
03/04/2009,ISO,NC,ASO,EN,Federal Contract Tower,0,2,12,18,32,0,0,17,0,17,0,2,29,18,49,16,10,26,75
03/05/2009,ISO,NC,ASO,EN,Federal Contract Tower,2,4,8,8,22,0,0,16,0,16,2,4,24,8,38,46,56,102,140
03/06/2009,ISO,NC,ASO,EN,Federal Contract Tower,2,2,11,11,26,0,0,11,3,14,2,2,22,14,40,28,62,90,130
03/07/2009,ISO,NC,ASO,EN,Federal Contract Tower,2,0,3,1,6,0,0,49,1,50,2,0,52,2,56,8,2,10,66
03/08/2009,ISO,NC,ASO,EN,Federal Contract Tower,2,0,0,0,2,0,0,17,0,17,2,0,17,0,19,12,0,12,31
03/09/2009,ISO,NC,ASO,EN,Federal Contract Tower,0,2,4,6,12,0,0,21,8,29,0,2,25,14,41,20,94,114,155
03/10/2009,ISO,NC,ASO,EN,Federal Contract Tower,2,2,6,32,42,0,0,20,11,31,2,2,26,43,73,40,14,54,127
03/11/2009,ISO,NC,ASO,EN,Federal Contract Tower,0,2,3,6,11,0,0,18,0,18,0,2,21,6,29,12,60,72,101
03/12/2009,ISO,NC,ASO,EN,Federal Contract Tower,0,2,9,26,37,0,0,17,9,26,0,2,26,35,63,44,24,68,131
03/13/2009,ISO,NC,ASO,EN,Federal Contract Tower,2,2,9,4,17,0,0,0,0,0,2,2,9,4,17,0,0,0,17
03/14/2009,ISO,NC,ASO,EN,Federal Contract Tower,0,0,4,0,4,0,0,0,0,0,0,0,4,0,4,0,0,0,4
03/15/2009,ISO,NC,ASO,EN,Federal Contract Tower,2,0,18,6,26,0,0,0,0,0,2,0,18,6,26,0,0,0,26
03/16/2009,ISO,NC,ASO,EN,Federal Contract Tower,0,2,6,8,16,0,0,0,0,0,0,2,6,8,16,0,0,0,16
03/17/2009,ISO,NC,ASO,EN,Federal Contract Tower,0,2,14,20,36,0,0,7,2,9,0,2,21,22,45,0,8,8,53
03/18/2009,ISO,NC,ASO,EN,Federal Contract Tower,0,2,13,8,23,0,0,33,0,33,0,2,46,8,56,42,18,60,116
03/19/2009,ISO,NC,ASO,EN,Federal Contract Tower,0,2,23,5,30,0,0,21,1,22,0,2,44,6,52,30,48,78,130
03/20/2009,ISO,NC,ASO,EN,Federal Contract Tower,2,2,13,27,44,0,0,10,2,12,2,2,23,29,56,8,104,112,168
03/21/2009,ISO,NC,ASO,EN,Federal Contract Tower,0,0,5,0,5,0,0,25,0,25,0,0,30,0,30,110,0,110,140
03/22/2009,ISO,NC,ASO,EN,Federal Contract Tower,0,0,8,0,8,0,0,15,0,15,0,0,23,0,23,6,0,6,29
03/23/2009,ISO,NC,ASO,EN,Federal Contract Tower,2,2,7,18,29,0,0,22,0,22,2,2,29,18,51,20,16,36,87
03/24/2009,ISO,NC,ASO,EN,Federal Contract Tower,0,2,11,37,50,0,0,19,13,32,0,2,30,50,82,20,100,120,202
03/25/2009,ISO,NC,ASO,EN,Federal Contract Tower,0,2,5,57,64,0,0,17,7,24,0,2,22,64,88,0,130,130,218
03/26/2009,ISO,NC,ASO,EN,Federal Contract Tower,0,2,18,19,39,0,0,2,0,2,0,2,20,19,41,0,0,0,41
03/27/2009,ISO,NC,ASO,EN,Federal Contract Tower,0,2,17,10,29,0,0,7,0,7,0,2,24,10,36,56,0,56,92
03/28/2009,ISO,NC,ASO,EN,Federal Contract Tower,0,0,4,0,4,0,0,2,1,3,0,0,6,1,7,0,0,0,7
03/29/2009,ISO,NC,ASO,EN,Federal Contract Tower,0,0,13,1,14,0,0,0,0,0,0,0,13,1,14,0,0,0,14
03/30/2009,ISO,NC,ASO,EN,Federal Contract Tower,0,2,10,29,41,0,0,36,7,43,0,2,46,36,84,18,92,110,194
03/31/2009,ISO,NC,ASO,EN,Federal Contract Tower,0,2,21,36,59,0,0,26,14,40,0,2,47,50,99,34,84,118,217
04/01/2009,ISO,NC,ASO,EN,Federal Contract Tower,0,2,9,27,38,0,0,14,5,19,0,2,23,32,57,38,64,102,159
04/02/2009,ISO,NC,ASO,EN,Federal Contract Tower,0,2,12,28,42,0,0,0,0,0,0,2,12,28,42,0,0,0,42
04/03/2009,ISO,NC,ASO,EN,Federal Contract Tower,4,2,10,6,22,0,0,1,4,5,4,2,11,10,27,0,10,10,37
04/04/2009,ISO,NC,ASO,EN,Federal Contract Tower,1,0,3,0,4,0,0,9,0,9,1,0,12,0,13,14,0,14,27
04/05/2009,ISO,NC,ASO,EN,Federal Contract Tower,9,0,6,0,15,0,0,20,0,20,9,0,26,0,35,30,0,30,65
04/06/2009,ISO,NC,ASO,EN,Federal Contract Tower,0,2,11,0,13,0,0,4,1,5,0,2,15,1,18,0,0,0,18
04/07/2009,ISO,NC,ASO,EN,Federal Contract Tower,0,2,10,23,35,0,0,12,3,15,0,2,22,26,50,10,42,52,102
04/08/2009,ISO,NC,ASO,EN,Federal Contract Tower,0,3,8,24,35,0,0,40,1,41,0,3,48,25,76,32,54,86,162
04/09/2009,ISO,NC,ASO,EN,Federal Contract Tower,0,2,7,20,29,0,0,21,2,23,0,2,28,22,52,24,86,110,162
04/10/2009,ISO,NC,ASO,EN,Federal Contract Tower,0,4,6,16,26,0,0,12,2,14,0,4,18,18,40,10,24,34,74
04/11/2009,ISO,NC,ASO,EN,Federal Contract Tower,0,0,6,0,6,0,0,7,0,7,0,0,13,0,13,4,0,4,17
04/12/2009,ISO,NC,ASO,EN,Federal Contract Tower,0,1,6,0,7,0,0,18,0,18,0,1,24,0,25,16,0,16,41
04/13/2009,ISO,NC,ASO,EN,Federal Contract Tower,0,2,5,8,15,0,0,14,0,14,0,2,19,8,29,10,0,10,39
04/14/2009,ISO,NC,ASO,EN,Federal Contract Tower,0,2,1,2,5,0,0,2,0,2,0,2,3,2,7,2,0,2,9
04/15/2009,ISO,NC,ASO,EN,Federal Contract Tower,0,2,9,32,43,0,0,15,0,15,0,2,24,32,58,2,70,72,130
04/16/2009,ISO,NC,ASO,EN,Federal Contract Tower,2,2,9,14,27,0,0,12,0,12,2,2,21,14,39,10,10,20,59
04/17/2009,ISO,NC,ASO,EN,Federal Contract Tower,0,3,17,2,22,0,0,19,2,21,0,3,36,4,43,18,14,32,75
04/18/2009,ISO,NC,ASO,EN,Federal Contract Tower,2,0,10,0,12,0,0,30,0,30,2,0,40,0,42,16,0,16,58
04/19/2009,ISO,NC,ASO,EN,Federal Contract Tower,2,0,13,0,15,0,0,18,0,18,2,0,31,0,33,12,0,12,45
04/20/2009,ISO,NC,ASO,EN,Federal Contract Tower,2,2,6,35,45,0,0,3,3,6,2,2,9,38,51,16,54,70,121
04/21/2009,ISO,NC,ASO,EN,Federal Contract Tower,0,2,14,24,40,0,0,29,4,33,0,2,43,28,73,28,140,168,241
04/22/2009,ISO,NC,ASO,EN,Federal Contract Tower,0,2,15,7,24,0,0,9,1,10,0,2,24,8,34,10,0,10,44
04/23/2009,ISO,NC,ASO,EN,Federal Contract Tower,0,2,13,10,25,0,0,27,0,27,0,2,40,10,52,32,26,58,110
04/24/2009,ISO,NC,ASO,EN,Federal Contract Tower,0,2,13,10,25,0,0,25,2,27,0,2,38,12,52,4,26,30,82
04/25/2009,ISO,NC,ASO,EN,Federal Contract Tower,1,0,3,0,4,0,0,25,0,25,1,0,28,0,29,10,0,10,39
04/26/2009,ISO,NC,ASO,EN,Federal Contract Tower,0,0,10,0,10,0,0,13,0,13,0,0,23,0,23,18,0,18,41
04/27/2009,ISO,NC,ASO,EN,Federal Contract Tower,1,2,12,11,26,0,0,27,1,28,1,2,39,12,54,40,54,94,148
04/28/2009,ISO,NC,ASO,EN,Federal Contract Tower,0,2,8,22,32,0,0,33,5,38,0,2,41,27,70,46,54,100,170
04/29/2009,ISO,NC,ASO,EN,Federal Contract Tower,0,2,2,18,22,0,0,37,12,49,0,2,39,30,71,22,52,74,145
04/30/2009,ISO,NC,ASO,EN,Federal Contract Tower,1,2,12,6,21,0,2,22,4,28,1,4,34,10,49,48,36,84,133
05/01/2009,ISO,NC,ASO,EN,Federal Contract Tower,2,3,11,20,36,0,0,23,4,27,2,3,34,24,63,8,22,30,93
05/02/2009,ISO,NC,ASO,EN,Federal Contract Tower,0,0,8,0,8,0,0,10,0,10,0,0,18,0,18,0,0,0,18
05/03/2009,ISO,NC,ASO,EN,Federal Contract Tower,2,0,2,0,4,0,0,11,0,11,2,0,13,0,15,14,0,14,29
05/04/2009,ISO,NC,ASO,EN,Federal Contract Tower,0,2,7,8,17,0,0,9,0,9,0,2,16,8,26,0,52,52,78
05/05/2009,ISO,NC,ASO,EN,Federal Contract Tower,0,0,6,2,8,0,0,2,0,2,0,0,8,2,10,0,0,0,10
05/06/2009,ISO,NC,ASO,EN,Federal Contract Tower,0,2,9,16,27,0,0,6,0,6,0,2,15,16,33,12,2,14,47
05/07/2009,ISO,NC,ASO,EN,Federal Contract Tower,0,2,14,4,20,0,0,5,4,9,0,2,19,8,29,20,0,20,49
05/08/2009,ISO,NC,ASO,EN,Federal Contract Tower,2,2,3,6,13,0,0,17,2,19,2,2,20,8,32,62,52,114,146
05/09/2009,ISO,NC,ASO,EN,Federal Contract Tower,0,0,5,0,5,0,0,8,0,8,0,0,13,0,13,0,0,0,13
05/10/2009,ISO,NC,ASO,EN,Federal Contract Tower,0,0,8,0,8,0,0,6,0,6,0,0,14,0,14,0,0,0,14
05/11/2009,ISO,NC,ASO,EN,Federal Contract Tower,0,2,11,8,21,0,0,1,0,1,0,2,12,8,22,0,8,8,30
05/12/2009,ISO,NC,ASO,EN,Federal Contract Tower,0,2,10,26,38,0,0,31,0,31,0,2,41,26,69,26,58,84,153
05/13/2009,ISO,NC,ASO,EN,Federal Contract Tower,0,2,4,45,51,0,0,29,1,30,0,2,33,46,81,26,32,58,139
05/14/2009,ISO,NC,ASO,EN,Federal Contract Tower,0,2,7,27,36,0,0,6,1,7,0,2,13,28,43,24,0,24,67
05/15/2009,ISO,NC,ASO,EN,Federal Contract Tower,1,2,22,23,48,0,0,9,3,12,1,2,31,26,60,2,20,22,82
05/16/2009,ISO,NC,ASO,EN,Federal Contract Tower,1,2,0,0,3,0,0,5,0,5,1,2,5,0,8,0,0,0,8
05/17/2009,ISO,NC,ASO,EN,Federal Contract Tower,0,2,8,0,10,0,0,4,0,4,0,2,12,0,14,0,0,0,14
05/18/2009,ISO,NC,ASO,EN,Federal Contract Tower,2,2,2,2,8,0,0,5,0,5,2,2,7,2,13,0,0,0,13
05/19/2009,ISO,NC,ASO,EN,Federal Contract Tower,0,4,8,23,35,0,0,12,2,14,0,4,20,25,49,8,52,60,109
05/20/2009,ISO,NC,ASO,EN,Federal Contract Tower,0,2,8,28,38,0,2,19,4,25,0,4,27,32,63,38,34,72,135
05/21/2009,ISO,NC,ASO,EN,Federal Contract Tower,2,4,6,12,24,0,0,20,0,20,2,4,26,12,44,62,16,78,122
05/22/2009,ISO,NC,ASO,EN,Federal Contract Tower,0,2,11,0,13,0,0,33,0,33,0,2,44,0,46,16,0,16,62
05/23/2009,ISO,NC,ASO,EN,Federal Contract Tower,0,0,1,0,1,0,0,11,0,11,0,0,12,0,12,10,0,10,22
05/24/2009,ISO,NC,ASO,EN,Federal Contract Tower,2,0,2,0,4,0,0,8,0,8,2,0,10,0,12,10,0,10,22
05/25/2009,ISO,NC,ASO,EN,Federal Contract Tower,0,0,10,0,10,0,0,13,0,13,0,0,23,0,23,8,0,8,31
05/26/2009,ISO,NC,ASO,EN,Federal Contract Tower,0,2,13,15,30,0,0,22,5,27,0,2,35,20,57,16,24,40,97
05/27/2009,ISO,NC,ASO,EN,Federal Contract Tower,0,2,20,20,42,0,0,28,4,32,0,2,48,24,74,20,114,134,208
05/28/2009,ISO,NC,ASO,EN,Federal Contract Tower,0,3,12,25,40,0,0,8,33,41,0,3,20,58,81,16,24,40,121
05/29/2009,ISO,NC,ASO,EN,Federal Contract Tower,0,2,8,0,10,0,0,9,0,9,0,2,17,0,19,24,0,24,43
05/30/2009,ISO,NC,ASO,EN,Federal Contract Tower,0,0,6,0,6,0,0,9,0,9,0,0,15,0,15,20,0,20,35
05/31/2009,ISO,NC,ASO,EN,Federal Contract Tower,0,0,6,0,6,0,0,7,0,7,0,0,13,0,13,2,0,2,15
06/01/2009,ISO,NC,ASO,EN,Federal Contract Tower,0,2,6,10,18,0,0,10,2,12,0,2,16,12,30,4,8,12,42
06/02/2009,ISO,NC,ASO,EN,Federal Contract Tower,0,2,15,32,49,0,0,28,4,32,0,2,43,36,81,6,38,44,125
06/03/2009,ISO,NC,ASO,EN,Federal Contract Tower,0,2,7,23,32,0,0,17,1,18,0,2,24,24,50,24,2,26,76
06/04/2009,ISO,NC,ASO,EN,Federal Contract Tower,0,2,6,26,34,0,0,9,4,13,0,2,15,30,47,12,48,60,107
06/05/2009,ISO,NC,ASO,EN,Federal Contract Tower,4,2,6,12,24,0,0,4,2,6,4,2,10,14,30,6,28,34,64
06/06/2009,ISO,NC,ASO,EN,Federal Contract Tower,0,0,11,0,11,0,0,1,0,1,0,0,12,0,12,0,0,0,12
06/07/2009,ISO,NC,ASO,EN,Federal Contract Tower,2,2,8,0,12,0,0,5,0,5,2,2,13,0,17,8,0,8,25
06/08/2009,ISO,NC,ASO,EN,Federal Contract Tower,0,2,7,36,45,0,0,10,0,10,0,2,17,36,55,14,10,24,79
06/09/2009,ISO,NC,ASO,EN,Federal Contract Tower,0,2,6,30,38,0,0,22,0,22,0,2,28,30,60,14,36,50,110
06/10/2009,ISO,NC,ASO,EN,Federal Contract Tower,0,2,10,12,24,0,0,30,0,30,0,2,40,12,54,66,6,72,126
06/11/2009,ISO,NC,ASO,EN,Federal Contract Tower,0,2,10,19,31,0,0,20,0,20,0,2,30,19,51,62,6,68,119
06/12/2009,ISO,NC,ASO,EN,Federal Contract Tower,2,2,11,12,27,0,0,30,4,34,2,2,41,16,61,106,36,142,203
06/13/2009,ISO,NC,ASO,EN,Federal Contract Tower,4,0,8,0,12,0,0,10,0,10,4,0,18,0,22,6,0,6,28
06/14/2009,ISO,NC,ASO,EN,Federal Contract Tower,0,0,9,0,9,0,0,5,0,5,0,0,14,0,14,2,0,2,16
06/15/2009,ISO,NC,ASO,EN,Federal Contract Tower,1,4,8,6,19,0,0,10,0,10,1,4,18,6,29,66,26,92,121
06/16/2009,ISO,NC,ASO,EN,Federal Contract Tower,0,2,8,8,18,0,0,5,0,5,0,2,13,8,23,0,0,0,23
06/17/2009,ISO,NC,ASO,EN,Federal Contract Tower,0,2,16,4,22,0,0,25,0,25,0,2,41,4,47,60,16,76,123
06/18/2009,ISO,NC,ASO,EN,Federal Contract Tower,0,2,22,31,55,0,0,15,3,18,0,2,37,34,73,76,84,160,233
06/19/2009,ISO,NC,ASO,EN,Federal Contract Tower,0,4,13,11,28,0,0,22,6,28,0,4,35,17,56,58,20,78,134
06/20/2009,ISO,NC,ASO,EN,Federal Contract Tower,0,0,8,0,8,0,0,15,0,15,0,0,23,0,23,6,0,6,29
06/21/2009,ISO,NC,ASO,EN,Federal Contract Tower,0,2,13,0,15,0,0,1,0,1,0,2,14,0,16,0,0,0,16
06/22/2009,ISO,NC,ASO,EN,Federal Contract Tower,0,2,14,40,56,0,0,20,8,28,0,2,34,48,84,26,38,64,148
06/23/2009,ISO,NC,ASO,EN,Federal Contract Tower,0,2,26,17,45,0,0,21,14,35,0,2,47,31,80,42,46,88,168
06/24/2009,ISO,NC,ASO,EN,Federal Contract Tower,0,2,3,15,20,0,0,16,6,22,0,2,19,21,42,18,26,44,86
06/25/2009,ISO,NC,ASO,EN,Federal Contract Tower,0,2,2,32,36,0,0,22,8,30,0,2,24,40,66,68,58,126,192
06/26/2009,ISO,NC,ASO,EN,Federal Contract Tower,0,2,6,6,14,0,0,14,4,18,0,2,20,10,32,16,6,22,54
06/27/2009,ISO,NC,ASO,EN,Federal Contract Tower,0,0,7,0,7,0,0,13,0,13,0,0,20,0,20,16,0,16,36
06/28/2009,ISO,NC,ASO,EN,Federal Contract Tower,0,0,5,0,5,0,0,10,0,10,0,0,15,0,15,20,0,20,35
06/29/2009,ISO,NC,ASO,EN,Federal Contract Tower,0,1,10,13,24,0,1,8,1,10,0,2,18,14,34,14,20,34,68
06/30/2009,ISO,NC,ASO,EN,Federal Contract Tower,0,2,11,7,20,0,0,13,3,16,0,2,24,10,36,26,34,60,96
07/01/2009,ISO,NC,ASO,EN,Federal Contract Tower,0,2,5,10,17,0,0,23,5,28,0,2,28,15,45,24,22,46,91
07/02/2009,ISO,NC,ASO,EN,Federal Contract Tower,2,2,24,7,35,0,0,22,0,22,2,2,46,7,57,10,14,24,81
07/03/2009,ISO,NC,ASO,EN,Federal Contract Tower,0,2,6,0,8,0,0,12,0,12,0,2,18,0,20,6,0,6,26
07/04/2009,ISO,NC,ASO,EN,Federal Contract Tower,0,0,1,4,5,0,0,6,0,6,0,0,7,4,11,0,0,0,11
07/05/2009,ISO,NC,ASO,EN,Federal Contract Tower,2,0,9,0,11,0,0,1,0,1,2,0,10,0,12,0,0,0,12
07/06/2009,ISO,NC,ASO,EN,Federal Contract Tower,0,2,6,0,8,0,0,2,0,2,0,2,8,0,10,2,0,2,12
07/07/2009,ISO,NC,ASO,EN,Federal Contract Tower,0,2,6,14,22,0,0,22,2,24,0,2,28,16,46,30,10,40,86
07/08/2009,ISO,NC,ASO,EN,Federal Contract Tower,0,2,15,2,19,0,0,14,0,14,0,2,29,2,33,24,18,42,75
07/09/2009,ISO,NC,ASO,EN,Federal Contract Tower,1,2,11,14,28,0,0,6,1,7,1,2,17,15,35,14,14,28,63
07/10/2009,ISO,NC,ASO,EN,Federal Contract Tower,3,2,18,0,23,0,0,23,0,23,3,2,41,0,46,30,0,30,76
07/11/2009,ISO,NC,ASO,EN,Federal Contract Tower,0,0,13,0,13,0,0,13,0,13,0,0,26,0,26,30,0,30,56
07/12/2009,ISO,NC,ASO,EN,Federal Contract Tower,3,0,7,0,10,0,0,7,0,7,3,0,14,0,17,10,0,10,27
07/13/2009,ISO,NC,ASO,EN,Federal Contract Tower,0,2,4,4,10,0,0,6,0,6,0,2,10,4,16,0,0,0,16
07/14/2009,ISO,NC,ASO,EN,Federal Contract Tower,0,2,10,4,16,0,0,11,2,13,0,2,21,6,29,0,0,0,29
07/15/2009,ISO,NC,ASO,EN,Federal Contract Tower,0,2,17,26,45,0,0,16,0,16,0,2,33,26,61,12,10,22,83
07/16/2009,ISO,NC,ASO,EN,Federal Contract Tower,0,2,11,4,17,0,0,17,0,17,0,2,28,4,34,4,0,4,38
07/17/2009,ISO,NC,ASO,EN,Federal Contract Tower,0,0,9,0,9,0,0,8,0,8,0,0,17,0,17,4,0,4,21
07/18/2009,ISO,NC,ASO,EN,Federal Contract Tower,0,2,4,6,12,0,0,11,2,13,0,2,15,8,25,12,4,16,41
07/19/2009,ISO,NC,ASO,EN,Federal Contract Tower,1,2,8,0,11,0,0,11,0,11,1,2,19,0,22,4,0,4,26
07/20/2009,ISO,NC,ASO,EN,Federal Contract Tower,1,2,11,10,24,0,0,2,0,2,1,2,13,10,26,14,12,26,52
07/21/2009,ISO,NC,ASO,EN,Federal Contract Tower,0,2,11,29,42,0,0,23,3,26,0,2,34,32,68,12,34,46,114
07/22/2009,ISO,NC,ASO,EN,Federal Contract Tower,0,2,10,4,16,0,0,17,0,17,0,2,27,4,33,16,12,28,61
07/23/2009,ISO,NC,ASO,EN,Federal Contract Tower,0,5,7,30,42,0,0,12,2,14,0,5,19,32,56,0,52,52,108
07/24/2009,ISO,NC,ASO,EN,Federal Contract Tower,1,2,7,0,10,0,0,14,0,14,1,2,21,0,24,38,0,38,62
07/25/2009,ISO,NC,ASO,EN,Federal Contract Tower,0,2,7,2,11,0,0,4,2,6,0,2,11,4,17,0,0,0,17
07/26/2009,ISO,NC,ASO,EN,Federal Contract Tower,0,4,2,0,6,0,0,7,0,7,0,4,9,0,13,0,0,0,13
07/27/2009,ISO,NC,ASO,EN,Federal Contract Tower,0,2,3,2,7,0,0,5,0,5,0,2,8,2,12,8,0,8,20
07/28/2009,ISO,NC,ASO,EN,Federal Contract Tower,0,2,6,14,22,0,0,23,2,25,0,2,29,16,47,12,6,18,65
07/29/2009,ISO,NC,ASO,EN,Federal Contract Tower,0,2,6,3,11,0,0,16,2,18,0,2,22,5,29,12,20,32,61
07/30/2009,ISO,NC,ASO,EN,Federal Contract Tower,0,3,10,11,24,0,0,26,0,26,0,3,36,11,50,2,52,54,104
07/31/2009,ISO,NC,ASO,EN,Federal Contract Tower,2,2,8,1,13,0,0,16,1,17,2,2,24,2,30,4,2,6,36
08/01/2009,ISO,NC,ASO,EN,Federal Contract Tower,0,0,4,0,4,0,0,3,0,3,0,0,7,0,7,0,0,0,7
08/02/2009,ISO,NC,ASO,EN,Federal Contract Tower,2,0,0,0,2,0,0,5,0,5,2,0,5,0,7,6,0,6,13
08/03/2009,ISO,NC,ASO,EN,Federal Contract Tower,2,2,17,9,30,0,0,8,0,8,2,2,25,9,38,0,6,6,44
08/04/2009,ISO,NC,ASO,EN,Federal Contract Tower,0,2,15,8,25,0,0,28,0,28,0,2,43,8,53,2,0,2,55
08/05/2009,ISO,NC,ASO,EN,Federal Contract Tower,0,2,9,8,19,0,0,25,4,29,0,2,34,12,48,4,24,28,76
08/06/2009,ISO,NC,ASO,EN,Federal Contract Tower,0,2,5,4,11,0,0,15,2,17,0,2,20,6,28,10,16,26,54
08/07/2009,ISO,NC,ASO,EN,Federal Contract Tower,4,2,7,8,21,0,0,9,2,11,4,2,16,10,32,0,6,6,38
08/08/2009,ISO,NC,ASO,EN,Federal Contract Tower,2,2,13,2,19,0,0,8,0,8,2,2,21,2,27,14,0,14,41
08/09/2009,ISO,NC,ASO,EN,Federal Contract Tower,4,2,15,18,39,0,0,9,0,9,4,2,24,18,48,4,4,8,56
08/10/2009,ISO,NC,ASO,EN,Federal Contract Tower,2,2,7,12,23,0,0,32,0,32,2,2,39,12,55,12,32,44,99
08/11/2009,ISO,NC,ASO,EN,Federal Contract Tower,0,2,16,24,42,0,0,21,6,27,0,2,37,30,69,0,20,20,89
08/12/2009,ISO,NC,ASO,EN,Federal Contract Tower,0,2,5,37,44,0,0,11,1,12,0,2,16,38,56,12,8,20,76
08/13/2009,ISO,NC,ASO,EN,Federal Contract Tower,2,2,15,8,27,0,0,5,0,5,2,2,20,8,32,0,0,0,32
08/14/2009,ISO,NC,ASO,EN,Federal Contract Tower,0,2,6,4,12,0,0,1,0,1,0,2,7,4,13,0,6,6,19
08/15/2009,ISO,NC,ASO,EN,Federal Contract Tower,0,0,3,0,3,0,0,5,0,5,0,0,8,0,8,4,0,4,12
08/16/2009,ISO,NC,ASO,EN,Federal Contract Tower,0,4,0,16,20,0,0,11,0,11,0,4,11,16,31,8,8,16,47
08/17/2009,ISO,NC,ASO,EN,Federal Contract Tower,0,1,7,22,30,0,1,6,2,9,0,2,13,24,39,4,0,4,43
08/18/2009,ISO,NC,ASO,EN,Federal Contract Tower,0,2,7,35,44,0,0,14,3,17,0,2,21,38,61,26,24,50,111
08/19/2009,ISO,NC,ASO,EN,Federal Contract Tower,0,1,11,22,34,0,1,29,4,34,0,2,40,26,68,12,54,66,134
08/20/2009,ISO,NC,ASO,EN,Federal Contract Tower,0,3,17,12,32,0,0,9,0,9,0,3,26,12,41,18,0,18,59
08/21/2009,ISO,NC,ASO,EN,Federal Contract Tower,0,4,5,2,11,0,0,9,0,9,0,4,14,2,20,2,0,2,22
08/22/2009,ISO,NC,ASO,EN,Federal Contract Tower,0,2,2,0,4,0,0,3,0,3,0,2,5,0,7,2,0,2,9
08/23/2009,ISO,NC,ASO,EN,Federal Contract Tower,0,4,9,0,13,0,0,0,0,0,0,4,9,0,13,0,0,0,13
08/24/2009,ISO,NC,ASO,EN,Federal Contract Tower,0,2,19,18,39,0,0,12,0,12,0,2,31,18,51,38,6,44,95
08/25/2009,ISO,NC,ASO,EN,Federal Contract Tower,0,2,19,11,32,0,0,22,1,23,0,2,41,12,55,16,20,36,91
08/26/2009,ISO,NC,ASO,EN,Federal Contract Tower,0,2,7,12,21,0,0,28,2,30,0,2,35,14,51,58,32,90,141
08/27/2009,ISO,NC,ASO,EN,Federal Contract Tower,0,2,17,18,37,0,0,18,0,18,0,2,35,18,55,22,28,50,105
08/28/2009,ISO,NC,ASO,EN,Federal Contract Tower,0,2,5,10,17,0,0,2,0,2,0,2,7,10,19,0,8,8,27
08/29/2009,ISO,NC,ASO,EN,Federal Contract Tower,0,0,2,0,2,0,0,11,0,11,0,0,13,0,13,12,0,12,25
08/30/2009,ISO,NC,ASO,EN,Federal Contract Tower,0,0,7,0,7,0,0,7,0,7,0,0,14,0,14,12,0,12,26
08/31/2009,ISO,NC,ASO,EN,Federal Contract Tower,0,2,7,2,11,0,0,0,0,0,0,2,7,2,11,0,0,0,11
09/01/2009,ISO,NC,ASO,EN,Federal Contract Tower,0,2,18,22,42,0,0,18,0,18,0,2,36,22,60,0,10,10,70
09/02/2009,ISO,NC,ASO,EN,Federal Contract Tower,0,4,11,14,29,0,0,23,0,23,0,4,34,14,52,10,22,32,84
09/03/2009,ISO,NC,ASO,EN,Federal Contract Tower,2,2,8,8,20,0,0,15,2,17,2,2,23,10,37,26,32,58,95
09/04/2009,ISO,NC,ASO,EN,Federal Contract Tower,2,2,14,2,20,0,0,37,0,37,2,2,51,2,57,38,0,38,95
09/05/2009,ISO,NC,ASO,EN,Federal Contract Tower,0,0,3,0,3,0,0,20,0,20,0,0,23,0,23,12,0,12,35
09/06/2009,ISO,NC,ASO,EN,Federal Contract Tower,4,0,0,0,4,0,0,3,0,3,4,0,3,0,7,0,0,0,7
09/07/2009,ISO,NC,ASO,EN,Federal Contract Tower,0,0,3,0,3,0,0,1,0,1,0,0,4,0,4,0,0,0,4
09/08/2009,ISO,NC,ASO,EN,Federal Contract Tower,0,2,11,0,13,0,0,7,0,7,0,2,18,0,20,10,0,10,30
09/09/2009,ISO,NC,ASO,EN,Federal Contract Tower,0,2,5,10,17,0,0,22,2,24,0,2,27,12,41,40,18,58,99
09/10/2009,ISO,NC,ASO,EN,Federal Contract Tower,0,2,11,13,26,0,0,12,2,14,0,2,23,15,40,0,22,22,62
09/11/2009,ISO,NC,ASO,EN,Federal Contract Tower,3,4,5,15,27,0,0,17,3,20,3,4,22,18,47,0,6,6,53
09/12/2009,ISO,NC,ASO,EN,Federal Contract Tower,3,0,13,0,16,0,0,11,0,11,3,0,24,0,27,6,0,6,33
09/13/2009,ISO,NC,ASO,EN,Federal Contract Tower,0,1,10,8,19,0,1,9,6,16,0,2,19,14,35,0,0,0,35
09/14/2009,ISO,NC,ASO,EN,Federal Contract Tower,2,2,4,0,8,0,0,26,0,26,2,2,30,0,34,8,0,8,42
09/15/2009,ISO,NC,ASO,EN,Federal Contract Tower,0,2,9,28,39,0,0,32,8,40,0,2,41,36,79,62,52,114,193
09/16/2009,ISO,NC,ASO,EN,Federal Contract Tower,0,4,14,33,51,0,0,19,9,28,0,4,33,42,79,12,16,28,107
09/17/2009,ISO,NC,ASO,EN,Federal Contract Tower,0,2,12,2,16,0,0,9,2,11,0,2,21,4,27,20,28,48,75
09/18/2009,ISO,NC,ASO,EN,Federal Contract Tower,0,1,2,21,24,0,1,6,1,8,0,2,8,22,32,0,22,22,54
09/19/2009,ISO,NC,ASO,EN,Federal Contract Tower,0,8,8,0,16,0,0,5,0,5,0,8,13,0,21,26,0,26,47
09/20/2009,ISO,NC,ASO,EN,Federal Contract Tower,0,1,4,4,9,0,0,7,0,7,0,1,11,4,16,10,0,10,26
09/21/2009,ISO,NC,ASO,EN,Federal Contract Tower,0,4,9,12,25,0,0,9,2,11,0,4,18,14,36,20,10,30,66
09/22/2009,ISO,NC,ASO,EN,Federal Contract Tower,0,2,14,9,25,0,0,5,3,8,0,2,19,12,33,14,2,16,49
09/23/2009,ISO,NC,ASO,EN,Federal Contract Tower,0,2,8,0,10,0,0,12,0,12,0,2,20,0,22,10,0,10,32
09/24/2009,ISO,NC,ASO,EN,Federal Contract Tower,0,2,0,23,25,0,0,18,2,20,0,2,18,25,45,10,36,46,91
09/25/2009,ISO,NC,ASO,EN,Federal Contract Tower,2,3,3,0,8,0,0,3,0,3,2,3,6,0,11,0,0,0,11
09/26/2009,ISO,NC,ASO,EN,Federal Contract Tower,0,2,7,0,9,0,0,7,0,7,0,2,14,0,16,0,0,0,16
09/27/2009,ISO,NC,ASO,EN,Federal Contract Tower,0,4,3,0,7,0,0,4,0,4,0,4,7,0,11,0,0,0,11
09/28/2009,ISO,NC,ASO,EN,Federal Contract Tower,0,1,16,10,27,0,1,17,0,18,0,2,33,10,45,4,22,26,71
09/29/2009,ISO,NC,ASO,EN,Federal Contract Tower,0,2,25,16,43,0,0,29,0,29,0,2,54,16,72,10,0,10,82
09/30/2009,ISO,NC,ASO,EN,Federal Contract Tower,0,2,12,24,38,0,0,33,0,33,0,2,45,24,71,52,44,96,167
10/01/2009,ISO,NC,ASO,EN,Federal Contract Tower,2,4,12,12,30,0,0,24,6,30,2,4,36,18,60,24,36,60,120
10/02/2009,ISO,NC,ASO,EN,Federal Contract Tower,4,1,13,2,20,0,1,17,0,18,4,2,30,2,38,6,0,6,44
10/03/2009,ISO,NC,ASO,EN,Federal Contract Tower,2,1,2,0,5,0,0,21,0,21,2,1,23,0,26,24,0,24,50
10/04/2009,ISO,NC,ASO,EN,Federal Contract Tower,4,0,5,0,9,0,0,8,0,8,4,0,13,0,17,2,0,2,19
10/05/2009,ISO,NC,ASO,EN,Federal Contract Tower,0,2,4,20,26,0,0,1,6,7,0,2,5,26,33,0,38,38,71
10/06/2009,ISO,NC,ASO,EN,Federal Contract Tower,0,2,16,28,46,0,0,3,2,5,0,2,19,30,51,18,6,24,75
10/07/2009,ISO,NC,ASO,EN,Federal Contract Tower,0,2,7,21,30,0,0,0,5,5,0,2,7,26,35,0,24,24,59
10/08/2009,ISO,NC,ASO,EN,Federal Contract Tower,0,2,10,6,18,0,0,39,4,43,0,2,49,10,61,66,8,74,135
10/09/2009,ISO,NC,ASO,EN,Federal Contract Tower,4,1,9,0,14,0,1,14,0,15,4,2,23,0,29,28,0,28,57
10/10/2009,ISO,NC,ASO,EN,Federal Contract Tower,1,0,4,0,5,0,0,10,0,10,1,0,14,0,15,18,0,18,33
10/11/2009,ISO,NC,ASO,EN,Federal Contract Tower,1,0,9,2,12,0,0,8,0,8,1,0,17,2,20,26,0,26,46
10/12/2009,ISO,NC,ASO,EN,Federal Contract Tower,0,0,9,0,9,0,0,5,0,5,0,0,14,0,14,28,0,28,42
10/13/2009,ISO,NC,ASO,EN,Federal Contract Tower,0,2,8,2,12,0,0,22,2,24,0,2,30,4,36,32,10,42,78
10/14/2009,ISO,NC,ASO,EN,Federal Contract Tower,0,2,8,18,28,0,0,2,0,2,0,2,10,18,30,10,12,22,52
10/15/2009,ISO,NC,ASO,EN,Federal Contract Tower,0,2,0,12,14,0,0,0,0,0,0,2,0,12,14,0,0,0,14
10/16/2009,ISO,NC,ASO,EN,Federal Contract Tower,2,2,5,4,13,0,0,0,0,0,2,2,5,4,13,8,0,8,21
10/17/2009,ISO,NC,ASO,EN,Federal Contract Tower,2,0,7,0,9,0,0,9,0,9,2,0,16,0,18,12,0,12,30
10/18/2009,ISO,NC,ASO,EN,Federal Contract Tower,2,0,4,6,12,0,0,0,0,0,2,0,4,6,12,0,0,0,12
10/19/2009,ISO,NC,ASO,EN,Federal Contract Tower,0,2,6,4,12,0,0,16,4,20,0,2,22,8,32,28,0,28,60
10/20/2009,ISO,NC,ASO,EN,Federal Contract Tower,0,2,8,26,36,0,0,29,0,29,0,2,37,26,65,16,24,40,105
10/21/2009,ISO,NC,ASO,EN,Federal Contract Tower,0,2,17,36,55,0,0,20,4,24,0,2,37,40,79,32,24,56,135
10/22/2009,ISO,NC,ASO,EN,Federal Contract Tower,0,2,7,21,30,0,0,14,3,17,0,2,21,24,47,38,10,48,95
10/23/2009,ISO,NC,ASO,EN,Federal Contract Tower,0,1,12,15,28,0,1,20,3,24,0,2,32,18,52,14,26,40,92
10/24/2009,ISO,NC,ASO,EN,Federal Contract Tower,2,0,2,2,6,0,0,7,0,7,2,0,9,2,13,4,0,4,17
10/25/2009,ISO,NC,ASO,EN,Federal Contract Tower,0,0,6,0,6,0,0,1,0,1,0,0,7,0,7,0,0,0,7
10/26/2009,ISO,NC,ASO,EN,Federal Contract Tower,2,2,5,6,15,0,0,0,0,0,2,2,5,6,15,0,0,0,15
10/27/2009,ISO,NC,ASO,EN,Federal Contract Tower,3,4,6,18,31,0,0,0,0,0,3,4,6,18,31,0,16,16,47
10/28/2009,ISO,NC,ASO,EN,Federal Contract Tower,0,2,9,25,36,0,0,4,7,11,0,2,13,32,47,0,34,34,81
10/29/2009,ISO,NC,ASO,EN,Federal Contract Tower,0,2,10,25,37,0,0,20,3,23,0,2,30,28,60,80,6,86,146
10/30/2009,ISO,NC,ASO,EN,Federal Contract Tower,1,4,9,8,22,0,0,7,0,7,1,4,16,8,29,24,0,24,53
10/31/2009,ISO,NC,ASO,EN,Federal Contract Tower,0,0,7,4,11,0,0,4,0,4,0,0,11,4,15,4,4,8,23
11/01/2009,ISO,NC,ASO,EN,Federal Contract Tower,2,2,4,0,8,0,0,0,0,0,2,2,4,0,8,0,0,0,8
11/02/2009,ISO,NC,ASO,EN,Federal Contract Tower,0,1,12,18,31,0,1,0,0,1,0,2,12,18,32,0,18,18,50
11/03/2009,ISO,NC,ASO,EN,Federal Contract Tower,0,2,2,17,21,0,0,27,3,30,0,2,29,20,51,14,44,58,109
11/04/2009,ISO,NC,ASO,EN,Federal Contract Tower,0,2,6,6,14,0,0,21,2,23,0,2,27,8,37,18,20,38,75
11/05/2009,ISO,NC,ASO,EN,Federal Contract Tower,0,3,7,16,26,0,1,19,2,22,0,4,26,18,48,26,20,46,94
11/06/2009,ISO,NC,ASO,EN,Federal Contract Tower,2,2,7,7,18,0,0,11,1,12,2,2,18,8,30,16,26,42,72
11/07/2009,ISO,NC,ASO,EN,Federal Contract Tower,0,0,12,6,18,0,0,20,0,20,0,0,32,6,38,8,0,8,46
11/08/2009,ISO,NC,ASO,EN,Federal Contract Tower,2,0,5,2,9,0,0,12,0,12,2,0,17,2,21,0,0,0,21
11/09/2009,ISO,NC,ASO,EN,Federal Contract Tower,0,1,7,26,34,0,1,19,2,22,0,2,26,28,56,28,38,66,122
11/10/2009,ISO,NC,ASO,EN,Federal Contract Tower,0,0,7,8,15,0,0,6,0,6,0,0,13,8,21,4,6,10,31
11/11/2009,ISO,NC,ASO,EN,Federal Contract Tower,0,0,6,0,6,0,0,0,0,0,0,0,6,0,6,0,0,0,6
11/12/2009,ISO,NC,ASO,EN,Federal Contract Tower,1,2,1,2,6,0,0,0,0,0,1,2,1,2,6,0,0,0,6
11/13/2009,ISO,NC,ASO,EN,Federal Contract Tower,2,2,5,0,9,0,0,2,0,2,2,2,7,0,11,0,0,0,11
11/14/2009,ISO,NC,ASO,EN,Federal Contract Tower,3,0,11,0,14,0,0,0,0,0,3,0,11,0,14,0,0,0,14
11/15/2009,ISO,NC,ASO,EN,Federal Contract Tower,3,0,9,0,12,0,0,15,0,15,3,0,24,0,27,30,0,30,57
11/16/2009,ISO,NC,ASO,EN,Federal Contract Tower,1,2,12,14,29,0,0,16,0,16,1,2,28,14,45,26,10,36,81
11/17/2009,ISO,NC,ASO,EN,Federal Contract Tower,0,2,20,4,26,0,0,17,0,17,0,2,37,4,43,16,20,36,79
11/18/2009,ISO,NC,ASO,EN,Federal Contract Tower,0,2,6,20,28,0,0,2,2,4,0,2,8,22,32,6,14,20,52
11/19/2009,ISO,NC,ASO,EN,Federal Contract Tower,0,2,15,0,17,0,0,3,0,3,0,2,18,0,20,10,0,10,30
11/20/2009,ISO,NC,ASO,EN,Federal Contract Tower,2,2,11,10,25,0,0,4,0,4,2,2,15,10,29,6,0,6,35
11/21/2009,ISO,NC,ASO,EN,Federal Contract Tower,0,2,9,0,11,0,0,20,2,22,0,2,29,2,33,16,0,16,49
11/22/2009,ISO,NC,ASO,EN,Federal Contract Tower,0,2,7,0,9,0,0,0,0,0,0,2,7,0,9,8,0,8,17
11/23/2009,ISO,NC,ASO,EN,Federal Contract Tower,2,0,9,18,29,0,0,0,0,0,2,0,9,18,29,0,0,0,29
11/24/2009,ISO,NC,ASO,EN,Federal Contract Tower,0,2,11,18,31,0,0,3,0,3,0,2,14,18,34,6,0,6,40
11/25/2009,ISO,NC,ASO,EN,Federal Contract Tower,0,2,12,12,26,0,0,1,0,1,0,2,13,12,27,28,4,32,59
11/26/2009,ISO,NC,ASO,EN,Federal Contract Tower,0,0,1,0,1,0,0,9,0,9,0,0,10,0,10,28,0,28,38
11/27/2009,ISO,NC,ASO,EN,Federal Contract Tower,5,2,2,0,9,0,0,5,0,5,5,2,7,0,14,2,0,2,16
11/28/2009,ISO,NC,ASO,EN,Federal Contract Tower,1,0,9,0,10,0,0,25,0,25,1,0,34,0,35,2,0,2,37
11/29/2009,ISO,NC,ASO,EN,Federal Contract Tower,4,0,9,0,13,0,0,21,0,21,4,0,30,0,34,68,0,68,102
11/30/2009,ISO,NC,ASO,EN,Federal Contract Tower,0,2,11,22,35,0,0,7,2,9,0,2,18,24,44,0,12,12,56
12/01/2009,ISO,NC,ASO,EN,Federal Contract Tower,0,2,4,22,28,0,0,30,0,30,0,2,34,22,58,34,32,66,124
12/02/2009,ISO,NC,ASO,EN,Federal Contract Tower,0,2,1,2,5,0,0,0,0,0,0,2,1,2,5,0,0,0,5
12/03/2009,ISO,NC,ASO,EN,Federal Contract Tower,3,7,3,4,17,0,0,12,0,12,3,7,15,4,29,4,0,4,33
12/04/2009,ISO,NC,ASO,EN,Federal Contract Tower,3,2,2,20,27,0,0,11,2,13,3,2,13,22,40,18,24,42,82
12/05/2009,ISO,NC,ASO,EN,Federal Contract Tower,4,2,2,0,8,0,0,0,0,0,4,2,2,0,8,0,0,0,8
12/06/2009,ISO,NC,ASO,EN,Federal Contract Tower,4,2,2,2,10,0,0,9,0,9,4,2,11,2,19,4,0,4,23
12/07/2009,ISO,NC,ASO,EN,Federal Contract Tower,0,2,6,21,29,0,0,20,1,21,0,2,26,22,50,40,16,56,106
12/08/2009,ISO,NC,ASO,EN,Federal Contract Tower,0,2,17,18,37,0,0,18,0,18,0,2,35,18,55,8,8,16,71
12/09/2009,ISO,NC,ASO,EN,Federal Contract Tower,0,2,4,4,10,0,0,3,0,3,0,2,7,4,13,4,0,4,17
12/10/2009,ISO,NC,ASO,EN,Federal Contract Tower,0,4,5,10,19,0,0,13,0,13,0,4,18,10,32,14,22,36,68
12/11/2009,ISO,NC,ASO,EN,Federal Contract Tower,0,7,8,0,15,0,0,18,0,18,0,7,26,0,33,2,0,2,35
12/12/2009,ISO,NC,ASO,EN,Federal Contract Tower,1,5,19,0,25,0,0,8,0,8,1,5,27,0,33,0,0,0,33
12/13/2009,ISO,NC,ASO,EN,Federal Contract Tower,1,0,2,0,3,0,0,0,0,0,1,0,2,0,3,0,0,0,3
12/14/2009,ISO,NC,ASO,EN,Federal Contract Tower,0,2,17,14,33,0,0,4,0,4,0,2,21,14,37,0,0,0,37
12/15/2009,ISO,NC,ASO,EN,Federal Contract Tower,0,9,8,0,17,0,0,5,0,5,0,9,13,0,22,16,0,16,38
12/16/2009,ISO,NC,ASO,EN,Federal Contract Tower,0,3,6,27,36,0,0,40,1,41,0,3,46,28,77,30,10,40,117
12/17/2009,ISO,NC,ASO,EN,Federal Contract Tower,0,5,13,13,31,0,1,36,4,41,0,6,49,17,72,28,20,48,120
12/18/2009,ISO,NC,ASO,EN,Federal Contract Tower,0,0,10,0,10,0,0,3,0,3,0,0,13,0,13,0,0,0,13
12/19/2009,ISO,NC,ASO,EN,Federal Contract Tower,0,1,0,0,1,0,0,0,0,0,0,1,0,0,1,0,0,0,1
12/20/2009,ISO,NC,ASO,EN,Federal Contract Tower,0,1,5,0,6,0,0,5,0,5,0,1,10,0,11,0,0,0,11
12/21/2009,ISO,NC,ASO,EN,Federal Contract Tower,0,6,8,18,32,0,0,23,4,27,0,6,31,22,59,24,62,86,145
12/22/2009,ISO,NC,ASO,EN,Federal Contract Tower,0,2,9,22,33,0,0,33,4,37,0,2,42,26,70,40,34,74,144
12/23/2009,ISO,NC,ASO,EN,Federal Contract Tower,0,2,8,4,14,0,0,22,0,22,0,2,30,4,36,34,22,56,92
12/24/2009,ISO,NC,ASO,EN,Federal Contract Tower,0,0,5,0,5,0,0,4,0,4,0,0,9,0,9,8,0,8,17
12/25/2009,ISO,NC,ASO,EN,Federal Contract Tower,0,0,3,0,3,0,0,0,0,0,0,0,3,0,3,0,0,0,3
12/26/2009,ISO,NC,ASO,EN,Federal Contract Tower,0,2,12,0,14,0,0,0,0,0,0,2,12,0,14,0,0,0,14
12/27/2009,ISO,NC,ASO,EN,Federal Contract Tower,0,0,16,1,17,0,0,26,0,26,0,0,42,1,43,10,0,10,53
12/28/2009,ISO,NC,ASO,EN,Federal Contract Tower,2,5,7,9,23,0,2,9,1,12,2,7,16,10,35,0,16,16,51
12/29/2009,ISO,NC,ASO,EN,Federal Contract Tower,0,3,8,2,13,0,1,10,0,11,0,4,18,2,24,4,0,4,28
12/30/2009,ISO,NC,ASO,EN,Federal Contract Tower,2,0,5,5,12,0,0,13,1,14,2,0,18,6,26,26,16,42,68
12/31/2009,ISO,NC,ASO,EN,Federal Contract Tower,0,0,7,0,7,0,0,0,0,0,0,0,7,0,7,0,0,0,7
01/01/2010,ISO,NC,ASO,EN,Federal Contract Tower,0,0,0,0,0,0,0,0,0,0,0,0,0,0,0,0,0,0,0
01/02/2010,ISO,NC,ASO,EN,Federal Contract Tower,2,2,5,0,9,0,0,7,0,7,2,2,12,0,16,0,0,0,16
01/03/2010,ISO,NC,ASO,EN,Federal Contract Tower,2,0,4,0,6,0,0,6,0,6,2,0,10,0,12,0,0,0,12
01/04/2010,ISO,NC,ASO,EN,Federal Contract Tower,0,2,10,0,12,0,0,23,0,23,0,2,33,0,35,24,0,24,59
01/05/2010,ISO,NC,ASO,EN,Federal Contract Tower,0,2,3,12,17,0,0,25,2,27,0,2,28,14,44,2,14,16,60
01/06/2010,ISO,NC,ASO,EN,Federal Contract Tower,0,2,8,24,34,0,0,21,0,21,0,2,29,24,55,14,20,34,89
01/07/2010,ISO,NC,ASO,EN,Federal Contract Tower,1,0,9,2,12,0,0,19,2,21,1,0,28,4,33,34,8,42,75
01/08/2010,ISO,NC,ASO,EN,Federal Contract Tower,1,2,5,4,12,0,0,2,4,6,1,2,7,8,18,0,20,20,38
01/09/2010,ISO,NC,ASO,EN,Federal Contract Tower,2,0,11,2,15,0,0,6,2,8,2,0,17,4,23,10,6,16,39
01/10/2010,ISO,NC,ASO,EN,Federal Contract Tower,2,0,0,8,10,0,0,6,0,6,2,0,6,8,16,0,0,0,16
01/11/2010,ISO,NC,ASO,EN,Federal Contract Tower,0,2,16,4,22,0,0,15,1,16,0,2,31,5,38,38,22,60,98
01/12/2010,ISO,NC,ASO,EN,Federal Contract Tower,0,3,9,20,32,0,0,27,6,33,0,3,36,26,65,24,22,46,111
01/13/2010,ISO,NC,ASO,EN,Federal Contract Tower,0,2,24,42,68,0,0,42,4,46,0,2,66,46,114,18,46,64,178
01/14/2010,ISO,NC,ASO,EN,Federal Contract Tower,0,3,18,6,27,0,0,26,8,34,0,3,44,14,61,18,8,26,87
01/15/2010,ISO,NC,ASO,EN,Federal Contract Tower,0,2,14,8,24,0,0,18,6,24,0,2,32,14,48,74,12,86,134
01/16/2010,ISO,NC,ASO,EN,Federal Contract Tower,0,2,8,4,14,0,0,18,2,20,0,2,26,6,34,24,0,24,58
01/17/2010,ISO,NC,ASO,EN,Federal Contract Tower,2,0,1,0,3,0,0,0,0,0,2,0,1,0,3,0,0,0,3
01/18/2010,ISO,NC,ASO,EN,Federal Contract Tower,2,0,5,0,7,0,0,10,0,10,2,0,15,0,17,8,0,8,25
01/19/2010,ISO,NC,ASO,EN,Federal Contract Tower,0,2,13,18,33,0,0,38,0,38,0,2,51,18,71,14,34,48,119
01/20/2010,ISO,NC,ASO,EN,Federal Contract Tower,0,7,2,14,23,0,0,25,10,35,0,7,27,24,58,32,68,100,158
01/21/2010,ISO,NC,ASO,EN,Federal Contract Tower,0,2,3,18,23,0,0,2,2,4,0,2,5,20,27,0,6,6,33
01/22/2010,ISO,NC,ASO,EN,Federal Contract Tower,2,3,10,8,23,0,0,0,0,0,2,3,10,8,23,0,0,0,23
01/23/2010,ISO,NC,ASO,EN,Federal Contract Tower,0,0,7,0,7,0,0,26,0,26,0,0,33,0,33,62,0,62,95
01/24/2010,ISO,NC,ASO,EN,Federal Contract Tower,2,2,2,2,8,0,0,0,0,0,2,2,2,2,8,0,0,0,8
01/25/2010,ISO,NC,ASO,EN,Federal Contract Tower,0,3,1,13,17,0,0,3,1,4,0,3,4,14,21,12,20,32,53
01/26/2010,ISO,NC,ASO,EN,Federal Contract Tower,0,4,15,40,59,0,0,32,5,37,0,4,47,45,96,34,54,88,184
01/27/2010,ISO,NC,ASO,EN,Federal Contract Tower,0,2,14,23,39,0,0,42,2,44,0,2,56,25,83,40,26,66,149
01/28/2010,ISO,NC,ASO,EN,Federal Contract Tower,2,3,25,19,49,0,0,20,2,22,2,3,45,21,71,2,44,46,117
01/29/2010,ISO,NC,ASO,EN,Federal Contract Tower,0,0,10,2,12,0,0,14,0,14,0,0,24,2,26,6,0,6,32
01/30/2010,ISO,NC,ASO,EN,Federal Contract Tower,0,0,0,0,0,0,0,0,0,0,0,0,0,0,0,0,0,0,0
01/31/2010,ISO,NC,ASO,EN,Federal Contract Tower,0,0,0,0,0,0,0,0,0,0,0,0,0,0,0,0,0,0,0
02/01/2010,ISO,NC,ASO,EN,Federal Contract Tower,2,4,5,21,32,0,0,4,2,6,2,4,9,23,38,0,62,62,100
02/02/2010,ISO,NC,ASO,EN,Federal Contract Tower,0,2,5,2,9,0,0,0,0,0,0,2,5,2,9,0,0,0,9
02/03/2010,ISO,NC,ASO,EN,Federal Contract Tower,0,5,6,22,33,0,0,7,2,9,0,5,13,24,42,30,26,56,98
02/04/2010,ISO,NC,ASO,EN,Federal Contract Tower,2,0,4,8,14,0,0,21,1,22,2,0,25,9,36,20,26,46,82
02/05/2010,ISO,NC,ASO,EN,Federal Contract Tower,2,4,0,4,10,0,0,0,0,0,2,4,0,4,10,0,20,20,30
02/06/2010,ISO,NC,ASO,EN,Federal Contract Tower,0,0,5,0,5,0,0,1,0,1,0,0,6,0,6,0,0,0,6
02/07/2010,ISO,NC,ASO,EN,Federal Contract Tower,4,2,1,4,11,0,0,5,0,5,4,2,6,4,16,8,6,14,30
02/08/2010,ISO,NC,ASO,EN,Federal Contract Tower,0,2,26,14,42,0,0,16,2,18,0,2,42,16,60,22,20,42,102
02/09/2010,ISO,NC,ASO,EN,Federal Contract Tower,0,2,3,15,20,0,0,4,0,4,0,2,7,15,24,0,12,12,36
02/10/2010,ISO,NC,ASO,EN,Federal Contract Tower,0,0,4,0,4,0,0,0,0,0,0,0,4,0,4,0,0,0,4
02/11/2010,ISO,NC,ASO,EN,Federal Contract Tower,0,2,5,7,14,0,0,19,5,24,0,2,24,12,38,22,36,58,96
02/12/2010,ISO,NC,ASO,EN,Federal Contract Tower,4,0,9,11,24,0,0,23,1,24,4,0,32,12,48,48,22,70,118
02/13/2010,ISO,NC,ASO,EN,Federal Contract Tower,2,0,0,0,2,0,0,0,0,0,2,0,0,0,2,0,0,0,2
02/14/2010,ISO,NC,ASO,EN,Federal Contract Tower,0,2,5,0,7,0,0,5,0,5,0,2,10,0,12,2,0,2,14
02/15/2010,ISO,NC,ASO,EN,Federal Contract Tower,0,0,6,0,6,0,0,7,0,7,0,0,13,0,13,2,0,2,15
02/16/2010,ISO,NC,ASO,EN,Federal Contract Tower,0,6,9,28,43,0,0,9,0,9,0,6,18,28,52,18,12,30,82
02/17/2010,ISO,NC,ASO,EN,Federal Contract Tower,0,2,18,20,40,0,0,21,2,23,0,2,39,22,63,6,28,34,97
02/18/2010,ISO,NC,ASO,EN,Federal Contract Tower,0,2,11,14,27,0,0,21,0,21,0,2,32,14,48,22,14,36,84
02/19/2010,ISO,NC,ASO,EN,Federal Contract Tower,3,2,4,15,24,0,0,29,0,29,3,2,33,15,53,20,0,20,73
02/20/2010,ISO,NC,ASO,EN,Federal Contract Tower,1,0,5,1,7,0,0,47,0,47,1,0,52,1,54,48,0,48,102
02/21/2010,ISO,NC,ASO,EN,Federal Contract Tower,3,2,3,0,8,0,2,11,0,13,3,4,14,0,21,6,0,6,27
02/22/2010,ISO,NC,ASO,EN,Federal Contract Tower,0,3,16,9,28,0,0,5,0,5,0,3,21,9,33,0,18,18,51
02/23/2010,ISO,NC,ASO,EN,Federal Contract Tower,0,3,9,12,24,0,0,1,0,1,0,3,10,12,25,0,0,0,25
02/24/2010,ISO,NC,ASO,EN,Federal Contract Tower,0,4,8,14,26,0,0,2,4,6,0,4,10,18,32,4,0,4,36
02/25/2010,ISO,NC,ASO,EN,Federal Contract Tower,0,2,1,14,17,0,0,0,2,2,0,2,1,16,19,0,8,8,27
02/26/2010,ISO,NC,ASO,EN,Federal Contract Tower,0,2,3,20,25,0,0,2,7,9,0,2,5,27,34,0,88,88,122
02/27/2010,ISO,NC,ASO,EN,Federal Contract Tower,2,2,8,0,12,0,0,24,0,24,2,2,32,0,36,18,0,18,54
02/28/2010,ISO,NC,ASO,EN,Federal Contract Tower,0,1,10,7,18,0,0,13,20,33,0,1,23,27,51,0,6,6,57
03/01/2010,ISO,NC,ASO,EN,Federal Contract Tower,0,4,15,33,52,0,0,21,2,23,0,4,36,35,75,14,100,114,189
03/02/2010,ISO,NC,ASO,EN,Federal Contract Tower,2,1,3,21,27,0,0,3,2,5,2,1,6,23,32,8,16,24,56
03/03/2010,ISO,NC,ASO,EN,Federal Contract Tower,0,0,6,8,14,0,0,0,0,0,0,0,6,8,14,0,4,4,18
03/04/2010,ISO,NC,ASO,EN,Federal Contract Tower,0,3,6,22,31,0,0,16,2,18,0,3,22,24,49,0,12,12,61
03/05/2010,ISO,NC,ASO,EN,Federal Contract Tower,2,2,13,23,40,0,0,31,13,44,2,2,44,36,84,14,36,50,134
03/06/2010,ISO,NC,ASO,EN,Federal Contract Tower,0,0,2,6,8,0,0,22,2,24,0,0,24,8,32,0,24,24,56
03/07/2010,ISO,NC,ASO,EN,Federal Contract Tower,2,0,22,5,29,0,2,14,4,20,2,2,36,9,49,0,20,20,69
03/08/2010,ISO,NC,ASO,EN,Federal Contract Tower,0,2,18,10,30,0,0,32,2,34,0,2,50,12,64,44,8,52,116
03/09/2010,ISO,NC,ASO,EN,Federal Contract Tower,0,2,14,18,34,0,0,25,0,25,0,2,39,18,59,16,22,38,97
03/10/2010,ISO,NC,ASO,EN,Federal Contract Tower,0,4,16,15,35,0,0,12,4,16,0,4,28,19,51,46,104,150,201
03/11/2010,ISO,NC,ASO,EN,Federal Contract Tower,0,3,7,17,27,0,0,3,1,4,0,3,10,18,31,2,18,20,51
03/12/2010,ISO,NC,ASO,EN,Federal Contract Tower,4,2,10,20,36,0,0,0,0,0,4,2,10,20,36,0,0,0,36
03/13/2010,ISO,NC,ASO,EN,Federal Contract Tower,0,3,7,0,10,0,0,1,0,1,0,3,8,0,11,8,0,8,19
03/14/2010,ISO,NC,ASO,EN,Federal Contract Tower,2,2,4,0,8,0,0,7,0,7,2,2,11,0,15,6,0,6,21
03/15/2010,ISO,NC,ASO,EN,Federal Contract Tower,0,2,7,47,56,0,0,5,3,8,0,2,12,50,64,14,48,62,126
03/16/2010,ISO,NC,ASO,EN,Federal Contract Tower,0,4,13,14,31,0,0,11,4,15,0,4,24,18,46,14,44,58,104
03/17/2010,ISO,NC,ASO,EN,Federal Contract Tower,0,2,16,20,38,0,0,27,0,27,0,2,43,20,65,64,62,126,191
03/18/2010,ISO,NC,ASO,EN,Federal Contract Tower,2,2,8,52,64,0,0,16,4,20,2,2,24,56,84,8,66,74,158
03/19/2010,ISO,NC,ASO,EN,Federal Contract Tower,0,2,13,37,52,0,0,30,7,37,0,2,43,44,89,32,42,74,163
03/20/2010,ISO,NC,ASO,EN,Federal Contract Tower,0,2,6,0,8,0,0,39,0,39,0,2,45,0,47,4,0,4,51
03/21/2010,ISO,NC,ASO,EN,Federal Contract Tower,3,2,5,0,10,0,0,9,2,11,3,2,14,2,21,4,0,4,25
03/22/2010,ISO,NC,ASO,EN,Federal Contract Tower,0,2,7,23,32,0,0,4,3,7,0,2,11,26,39,4,34,38,77
03/23/2010,ISO,NC,ASO,EN,Federal Contract Tower,0,2,5,6,13,0,0,22,1,23,0,2,27,7,36,0,20,20,56
03/24/2010,ISO,NC,ASO,EN,Federal Contract Tower,0,2,19,16,37,0,0,43,2,45,0,2,62,18,82,34,14,48,130
03/25/2010,ISO,NC,ASO,EN,Federal Contract Tower,0,1,16,7,24,0,1,21,1,23,0,2,37,8,47,18,4,22,69
03/26/2010,ISO,NC,ASO,EN,Federal Contract Tower,2,2,8,2,14,0,0,10,0,10,2,2,18,2,24,8,14,22,46
03/27/2010,ISO,NC,ASO,EN,Federal Contract Tower,0,0,8,0,8,0,0,28,0,28,0,0,36,0,36,32,0,32,68
03/28/2010,ISO,NC,ASO,EN,Federal Contract Tower,0,0,4,4,8,0,0,8,0,8,0,0,12,4,16,0,0,0,16
03/29/2010,ISO,NC,ASO,EN,Federal Contract Tower,2,3,5,14,24,0,0,3,0,3,2,3,8,14,27,4,0,4,31
03/30/2010,ISO,NC,ASO,EN,Federal Contract Tower,0,2,5,11,18,0,1,12,1,14,0,3,17,12,32,20,16,36,68
03/31/2010,ISO,NC,ASO,EN,Federal Contract Tower,0,2,5,8,15,0,0,23,0,23,0,2,28,8,38,18,20,38,76
04/01/2010,ISO,NC,ASO,EN,Federal Contract Tower,0,2,20,13,35,0,2,38,4,44,0,4,58,17,79,40,18,58,137
04/02/2010,ISO,NC,ASO,EN,Federal Contract Tower,0,2,4,4,10,0,0,37,0,37,0,2,41,4,47,20,14,34,81
04/03/2010,ISO,NC,ASO,EN,Federal Contract Tower,0,0,3,0,3,0,0,21,0,21,0,0,24,0,24,0,0,0,24
04/04/2010,ISO,NC,ASO,EN,Federal Contract Tower,0,0,3,0,3,0,0,25,0,25,0,0,28,0,28,8,0,8,36
04/05/2010,ISO,NC,ASO,EN,Federal Contract Tower,0,2,4,10,16,0,0,14,1,15,0,2,18,11,31,6,20,26,57
04/06/2010,ISO,NC,ASO,EN,Federal Contract Tower,0,6,16,19,41,0,0,16,7,23,0,6,32,26,64,20,58,78,142
04/07/2010,ISO,NC,ASO,EN,Federal Contract Tower,0,2,13,18,33,0,2,22,2,26,0,4,35,20,59,38,34,72,131
04/08/2010,ISO,NC,ASO,EN,Federal Contract Tower,0,2,9,20,31,0,0,24,4,28,0,2,33,24,59,0,40,40,99
04/09/2010,ISO,NC,ASO,EN,Federal Contract Tower,5,2,6,6,19,0,0,13,2,15,5,2,19,8,34,2,16,18,52
04/10/2010,ISO,NC,ASO,EN,Federal Contract Tower,4,0,8,0,12,0,0,21,0,21,4,0,29,0,33,16,0,16,49
04/11/2010,ISO,NC,ASO,EN,Federal Contract Tower,5,2,14,0,21,0,0,34,0,34,5,2,48,0,55,8,0,8,63
04/12/2010,ISO,NC,ASO,EN,Federal Contract Tower,0,2,10,8,20,0,0,24,3,27,0,2,34,11,47,16,24,40,87
04/13/2010,ISO,NC,ASO,EN,Federal Contract Tower,0,2,7,0,9,0,0,18,2,20,0,2,25,2,29,18,6,24,53
04/14/2010,ISO,NC,ASO,EN,Federal Contract Tower,0,3,11,30,44,0,0,16,4,20,0,3,27,34,64,8,32,40,104
04/15/2010,ISO,NC,ASO,EN,Federal Contract Tower,0,3,16,2,21,0,0,32,0,32,0,3,48,2,53,0,18,18,71
04/16/2010,ISO,NC,ASO,EN,Federal Contract Tower,0,2,6,6,14,0,0,26,2,28,0,2,32,8,42,14,14,28,70
04/17/2010,ISO,NC,ASO,EN,Federal Contract Tower,0,0,8,4,12,0,0,22,0,22,0,0,30,4,34,6,4,10,44
04/18/2010,ISO,NC,ASO,EN,Federal Contract Tower,0,0,4,6,10,0,0,24,0,24,0,0,28,6,34,4,2,6,40
04/19/2010,ISO,NC,ASO,EN,Federal Contract Tower,2,2,2,36,42,0,0,25,4,29,2,2,27,40,71,22,20,42,113
04/20/2010,ISO,NC,ASO,EN,Federal Contract Tower,0,4,2,24,30,0,1,15,0,16,0,5,17,24,46,18,14,32,78
04/21/2010,ISO,NC,ASO,EN,Federal Contract Tower,0,3,5,4,12,0,0,3,0,3,0,3,8,4,15,0,0,0,15
04/22/2010,ISO,NC,ASO,EN,Federal Contract Tower,2,2,20,31,55,0,0,23,3,26,2,2,43,34,81,4,20,24,105
04/23/2010,ISO,NC,ASO,EN,Federal Contract Tower,2,2,6,26,36,0,0,22,4,26,2,2,28,30,62,58,16,74,136
04/24/2010,ISO,NC,ASO,EN,Federal Contract Tower,0,0,9,8,17,0,0,19,0,19,0,0,28,8,36,18,0,18,54
04/25/2010,ISO,NC,ASO,EN,Federal Contract Tower,2,0,4,4,10,0,0,1,0,1,2,0,5,4,11,0,0,0,11
04/26/2010,ISO,NC,ASO,EN,Federal Contract Tower,0,2,6,26,34,0,0,19,9,28,0,2,25,35,62,20,60,80,142
04/27/2010,ISO,NC,ASO,EN,Federal Contract Tower,0,3,10,18,31,0,0,15,11,26,0,3,25,29,57,4,26,30,87
04/28/2010,ISO,NC,ASO,EN,Federal Contract Tower,0,2,12,26,40,0,0,18,4,22,0,2,30,30,62,10,56,66,128
04/29/2010,ISO,NC,ASO,EN,Federal Contract Tower,2,3,15,8,28,0,0,36,9,45,2,3,51,17,73,40,16,56,129
04/30/2010,ISO,NC,ASO,EN,Federal Contract Tower,2,2,9,6,19,0,0,30,1,31,2,2,39,7,50,12,8,20,70
05/01/2010,ISO,NC,ASO,EN,Federal Contract Tower,0,0,2,0,2,0,0,21,0,21,0,0,23,0,23,2,0,2,25
05/02/2010,ISO,NC,ASO,EN,Federal Contract Tower,4,0,3,0,7,0,0,16,0,16,4,0,19,0,23,0,0,0,23
05/03/2010,ISO,NC,ASO,EN,Federal Contract Tower,0,2,3,12,17,0,0,0,0,0,0,2,3,12,17,0,10,10,27
05/04/2010,ISO,NC,ASO,EN,Federal Contract Tower,0,2,8,21,31,0,0,8,0,8,0,2,16,21,39,18,42,60,99
05/05/2010,ISO,NC,ASO,EN,Federal Contract Tower,0,2,11,0,13,0,0,21,0,21,0,2,32,0,34,16,0,16,50
05/06/2010,ISO,NC,ASO,EN,Federal Contract Tower,0,3,17,32,52,0,0,38,8,46,0,3,55,40,98,4,48,52,150
05/07/2010,ISO,NC,ASO,EN,Federal Contract Tower,2,4,7,14,27,0,0,35,3,38,2,4,42,17,65,0,30,30,95
05/08/2010,ISO,NC,ASO,EN,Federal Contract Tower,2,0,3,6,11,0,0,27,2,29,2,0,30,8,40,14,32,46,86
05/09/2010,ISO,NC,ASO,EN,Federal Contract Tower,0,0,2,0,2,0,0,17,0,17,0,0,19,0,19,0,0,0,19
05/10/2010,ISO,NC,ASO,EN,Federal Contract Tower,0,4,8,38,50,0,2,18,0,20,0,6,26,38,70,40,18,58,128
05/11/2010,ISO,NC,ASO,EN,Federal Contract Tower,0,2,11,14,27,0,0,23,2,25,0,2,34,16,52,22,24,46,98
05/12/2010,ISO,NC,ASO,EN,Federal Contract Tower,0,4,10,34,48,0,0,20,0,20,0,4,30,34,68,8,36,44,112
05/13/2010,ISO,NC,ASO,EN,Federal Contract Tower,0,2,4,18,24,0,0,7,2,9,0,2,11,20,33,18,12,30,63
05/14/2010,ISO,NC,ASO,EN,Federal Contract Tower,0,6,8,4,18,0,0,9,4,13,0,6,17,8,31,42,28,70,101
05/15/2010,ISO,NC,ASO,EN,Federal Contract Tower,1,2,0,2,5,0,0,11,0,11,1,2,11,2,16,2,0,2,18
05/16/2010,ISO,NC,ASO,EN,Federal Contract Tower,1,4,6,0,11,0,0,5,0,5,1,4,11,0,16,0,0,0,16
05/17/2010,ISO,NC,ASO,EN,Federal Contract Tower,0,2,12,14,28,0,0,4,0,4,0,2,16,14,32,0,10,10,42
05/18/2010,ISO,NC,ASO,EN,Federal Contract Tower,0,3,13,12,28,0,0,0,0,0,0,3,13,12,28,0,0,0,28
05/19/2010,ISO,NC,ASO,EN,Federal Contract Tower,0,2,11,26,39,0,0,8,2,10,0,2,19,28,49,20,18,38,87
05/20/2010,ISO,NC,ASO,EN,Federal Contract Tower,2,2,10,17,31,0,0,31,3,34,2,2,41,20,65,100,14,114,179
05/21/2010,ISO,NC,ASO,EN,Federal Contract Tower,0,2,9,2,13,0,0,14,0,14,0,2,23,2,27,8,2,10,37
05/22/2010,ISO,NC,ASO,EN,Federal Contract Tower,0,0,4,0,4,0,0,10,0,10,0,0,14,0,14,16,0,16,30
05/23/2010,ISO,NC,ASO,EN,Federal Contract Tower,0,2,5,0,7,0,0,2,0,2,0,2,7,0,9,12,0,12,21
05/24/2010,ISO,NC,ASO,EN,Federal Contract Tower,0,2,15,0,17,0,0,2,0,2,0,2,17,0,19,0,0,0,19
05/25/2010,ISO,NC,ASO,EN,Federal Contract Tower,0,2,13,29,44,0,0,6,4,10,0,2,19,33,54,4,38,42,96
05/26/2010,ISO,NC,ASO,EN,Federal Contract Tower,0,2,4,29,35,0,0,27,0,27,0,2,31,29,62,62,50,112,174
05/27/2010,ISO,NC,ASO,EN,Federal Contract Tower,0,2,18,16,36,0,0,28,0,28,0,2,46,16,64,62,18,80,144
05/28/2010,ISO,NC,ASO,EN,Federal Contract Tower,2,8,10,2,22,0,1,24,0,25,2,9,34,2,47,38,12,50,97
05/29/2010,ISO,NC,ASO,EN,Federal Contract Tower,0,0,0,0,0,0,0,18,1,19,0,0,18,1,19,4,0,4,23
05/30/2010,ISO,NC,ASO,EN,Federal Contract Tower,0,0,2,0,2,0,0,7,0,7,0,0,9,0,9,4,0,4,13
05/31/2010,ISO,NC,ASO,EN,Federal Contract Tower,0,0,12,0,12,0,0,13,0,13,0,0,25,0,25,14,0,14,39
06/01/2010,ISO,NC,ASO,EN,Federal Contract Tower,0,2,1,12,15,0,0,2,0,2,0,2,3,12,17,6,6,12,29
06/02/2010,ISO,NC,ASO,EN,Federal Contract Tower,0,2,8,16,26,0,0,7,6,13,0,2,15,22,39,8,28,36,75
06/03/2010,ISO,NC,ASO,EN,Federal Contract Tower,0,2,11,28,41,0,0,19,10,29,0,2,30,38,70,82,60,142,212
06/04/2010,ISO,NC,ASO,EN,Federal Contract Tower,2,2,5,15,24,0,0,18,3,21,2,2,23,18,45,22,60,82,127
06/05/2010,ISO,NC,ASO,EN,Federal Contract Tower,0,0,2,0,2,0,0,12,0,12,0,0,14,0,14,6,0,6,20
06/06/2010,ISO,NC,ASO,EN,Federal Contract Tower,2,0,4,0,6,0,0,13,0,13,2,0,17,0,19,20,0,20,39
06/07/2010,ISO,NC,ASO,EN,Federal Contract Tower,0,2,4,10,16,0,0,17,0,17,0,2,21,10,33,40,6,46,79
06/08/2010,ISO,NC,ASO,EN,Federal Contract Tower,0,2,8,32,42,0,0,23,0,23,0,2,31,32,65,22,46,68,133
06/09/2010,ISO,NC,ASO,EN,Federal Contract Tower,0,4,7,26,37,0,0,24,1,25,0,4,31,27,62,16,26,42,104
06/10/2010,ISO,NC,ASO,EN,Federal Contract Tower,3,2,12,16,33,0,0,19,0,19,3,2,31,16,52,2,2,4,56
06/11/2010,ISO,NC,ASO,EN,Federal Contract Tower,3,4,15,10,32,0,0,21,1,22,3,4,36,11,54,20,28,48,102
06/12/2010,ISO,NC,ASO,EN,Federal Contract Tower,1,0,2,16,19,0,0,16,2,18,1,0,18,18,37,18,6,24,61
06/13/2010,ISO,NC,ASO,EN,Federal Contract Tower,3,2,4,8,17,0,0,6,2,8,3,2,10,10,25,8,6,14,39
06/14/2010,ISO,NC,ASO,EN,Federal Contract Tower,0,2,12,12,26,0,0,14,2,16,0,2,26,14,42,0,20,20,62
06/15/2010,ISO,NC,ASO,EN,Federal Contract Tower,0,2,16,16,34,0,0,11,0,11,0,2,27,16,45,0,18,18,63
06/16/2010,ISO,NC,ASO,EN,Federal Contract Tower,0,2,10,8,20,0,0,3,0,3,0,2,13,8,23,20,20,40,63
06/17/2010,ISO,NC,ASO,EN,Federal Contract Tower,2,2,16,25,45,0,0,28,5,33,2,2,44,30,78,46,52,98,176
06/18/2010,ISO,NC,ASO,EN,Federal Contract Tower,0,3,10,4,17,0,0,29,0,29,0,3,39,4,46,86,0,86,132
06/19/2010,ISO,NC,ASO,EN,Federal Contract Tower,1,0,6,0,7,0,0,7,0,7,1,0,13,0,14,32,0,32,46
06/20/2010,ISO,NC,ASO,EN,Federal Contract Tower,2,1,5,0,8,0,0,11,0,11,2,1,16,0,19,0,0,0,19
06/21/2010,ISO,NC,ASO,EN,Federal Contract Tower,0,3,17,0,20,0,0,12,0,12,0,3,29,0,32,10,0,10,42
06/22/2010,ISO,NC,ASO,EN,Federal Contract Tower,0,2,6,6,14,0,0,20,0,20,0,2,26,6,34,36,18,54,88
06/23/2010,ISO,NC,ASO,EN,Federal Contract Tower,0,2,8,10,20,0,0,14,0,14,0,2,22,10,34,20,12,32,66
06/24/2010,ISO,NC,ASO,EN,Federal Contract Tower,0,8,6,15,29,0,0,21,5,26,0,8,27,20,55,2,34,36,91
06/25/2010,ISO,NC,ASO,EN,Federal Contract Tower,0,2,7,10,19,0,0,11,2,13,0,2,18,12,32,6,12,18,50
06/26/2010,ISO,NC,ASO,EN,Federal Contract Tower,0,0,7,0,7,0,0,12,0,12,0,0,19,0,19,16,0,16,35
06/27/2010,ISO,NC,ASO,EN,Federal Contract Tower,0,2,4,0,6,0,0,8,0,8,0,2,12,0,14,8,0,8,22
06/28/2010,ISO,NC,ASO,EN,Federal Contract Tower,0,2,2,16,20,0,0,12,0,12,0,2,14,16,32,14,10,24,56
06/29/2010,ISO,NC,ASO,EN,Federal Contract Tower,0,0,15,10,25,0,0,19,2,21,0,0,34,12,46,24,8,32,78
06/30/2010,ISO,NC,ASO,EN,Federal Contract Tower,0,0,5,12,17,0,0,10,0,10,0,0,15,12,27,0,34,34,61
07/01/2010,ISO,NC,ASO,EN,Federal Contract Tower,0,7,12,50,69,0,0,22,0,22,0,7,34,50,91,40,32,72,163
07/02/2010,ISO,NC,ASO,EN,Federal Contract Tower,0,3,4,6,13,0,0,30,0,30,0,3,34,6,43,22,0,22,65
07/03/2010,ISO,NC,ASO,EN,Federal Contract Tower,2,0,4,0,6,0,0,12,0,12,2,0,16,0,18,0,0,0,18
07/04/2010,ISO,NC,ASO,EN,Federal Contract Tower,0,2,4,2,8,0,0,4,2,6,0,2,8,4,14,0,6,6,20
07/05/2010,ISO,NC,ASO,EN,Federal Contract Tower,2,0,2,0,4,0,0,5,0,5,2,0,7,0,9,0,0,0,9
07/06/2010,ISO,NC,ASO,EN,Federal Contract Tower,0,2,3,8,13,0,0,11,4,15,0,2,14,12,28,0,14,14,42
07/07/2010,ISO,NC,ASO,EN,Federal Contract Tower,0,2,6,4,12,0,0,22,0,22,0,2,28,4,34,20,0,20,54
07/08/2010,ISO,NC,ASO,EN,Federal Contract Tower,1,2,7,29,39,0,0,10,11,21,1,2,17,40,60,0,52,52,112
07/09/2010,ISO,NC,ASO,EN,Federal Contract Tower,1,2,12,10,25,0,0,25,2,27,1,2,37,12,52,14,12,26,78
07/10/2010,ISO,NC,ASO,EN,Federal Contract Tower,0,0,9,0,9,0,0,9,0,9,0,0,18,0,18,4,0,4,22
07/11/2010,ISO,NC,ASO,EN,Federal Contract Tower,1,0,33,0,34,0,0,5,0,5,1,0,38,0,39,22,0,22,61
07/12/2010,ISO,NC,ASO,EN,Federal Contract Tower,0,2,18,10,30,0,0,4,0,4,0,2,22,10,34,20,22,42,76
07/13/2010,ISO,NC,ASO,EN,Federal Contract Tower,0,2,4,16,22,0,0,3,0,3,0,2,7,16,25,0,2,2,27
07/14/2010,ISO,NC,ASO,EN,Federal Contract Tower,0,2,13,26,41,0,0,19,0,19,0,2,32,26,60,6,38,44,104
07/15/2010,ISO,NC,ASO,EN,Federal Contract Tower,0,2,7,4,13,0,0,11,0,11,0,2,18,4,24,19,0,19,43
07/16/2010,ISO,NC,ASO,EN,Federal Contract Tower,0,2,9,0,11,0,0,16,0,16,0,2,25,0,27,8,0,8,35
07/17/2010,ISO,NC,ASO,EN,Federal Contract Tower,0,2,4,0,6,0,0,12,0,12,0,2,16,0,18,4,0,4,22
07/18/2010,ISO,NC,ASO,EN,Federal Contract Tower,1,0,4,6,11,0,0,10,0,10,1,0,14,6,21,12,0,12,33
07/19/2010,ISO,NC,ASO,EN,Federal Contract Tower,0,2,7,0,9,0,0,10,0,10,0,2,17,0,19,14,0,14,33
07/20/2010,ISO,NC,ASO,EN,Federal Contract Tower,0,2,5,0,7,0,0,16,2,18,0,2,21,2,25,32,14,46,71
07/21/2010,ISO,NC,ASO,EN,Federal Contract Tower,0,2,10,4,16,0,0,24,0,24,0,2,34,4,40,22,0,22,62
07/22/2010,ISO,NC,ASO,EN,Federal Contract Tower,0,2,13,6,21,0,0,34,0,34,0,2,47,6,55,24,0,24,79
07/23/2010,ISO,NC,ASO,EN,Federal Contract Tower,4,2,15,2,23,0,0,23,1,24,4,2,38,3,47,6,20,26,73
07/24/2010,ISO,NC,ASO,EN,Federal Contract Tower,0,0,10,6,16,0,0,21,0,21,0,0,31,6,37,30,0,30,67
07/25/2010,ISO,NC,ASO,EN,Federal Contract Tower,0,2,2,0,4,0,0,9,0,9,0,2,11,0,13,4,0,4,17
07/26/2010,ISO,NC,ASO,EN,Federal Contract Tower,2,2,10,23,37,0,0,16,0,16,2,2,26,23,53,36,32,68,121
07/27/2010,ISO,NC,ASO,EN,Federal Contract Tower,0,3,13,10,26,0,0,9,0,9,0,3,22,10,35,6,0,6,41
07/28/2010,ISO,NC,ASO,EN,Federal Contract Tower,0,3,8,3,14,0,0,28,1,29,0,3,36,4,43,28,18,46,89
07/29/2010,ISO,NC,ASO,EN,Federal Contract Tower,0,2,6,20,28,0,0,15,0,15,0,2,21,20,43,8,36,44,87
07/30/2010,ISO,NC,ASO,EN,Federal Contract Tower,0,2,27,8,37,0,0,9,0,9,0,2,36,8,46,0,26,26,72
07/31/2010,ISO,NC,ASO,EN,Federal Contract Tower,0,2,3,10,15,0,0,11,4,15,0,2,14,14,30,12,6,18,48
08/01/2010,ISO,NC,ASO,EN,Federal Contract Tower,2,0,5,0,7,0,0,17,0,17,2,0,22,0,24,28,0,28,52
08/02/2010,ISO,NC,ASO,EN,Federal Contract Tower,1,3,7,25,36,0,0,15,3,18,1,3,22,28,54,18,18,36,90
08/03/2010,ISO,NC,ASO,EN,Federal Contract Tower,0,2,13,22,37,0,0,10,0,10,0,2,23,22,47,0,16,16,63
08/04/2010,ISO,NC,ASO,EN,Federal Contract Tower,0,3,7,8,18,0,0,18,2,20,0,3,25,10,38,28,48,76,114
08/05/2010,ISO,NC,ASO,EN,Federal Contract Tower,0,6,16,26,48,0,0,9,2,11,0,6,25,28,59,6,18,24,83
08/06/2010,ISO,NC,ASO,EN,Federal Contract Tower,5,4,12,12,33,0,0,16,8,24,5,4,28,20,57,42,52,94,151
08/07/2010,ISO,NC,ASO,EN,Federal Contract Tower,1,0,1,4,6,0,0,5,0,5,1,0,6,4,11,0,0,0,11
08/08/2010,ISO,NC,ASO,EN,Federal Contract Tower,5,0,5,6,16,0,0,7,0,7,5,0,12,6,23,16,0,16,39
08/09/2010,ISO,NC,ASO,EN,Federal Contract Tower,2,5,17,18,42,0,0,13,2,15,2,5,30,20,57,52,16,68,125
08/10/2010,ISO,NC,ASO,EN,Federal Contract Tower,0,2,16,10,28,0,0,23,1,24,0,2,39,11,52,20,20,40,92
08/11/2010,ISO,NC,ASO,EN,Federal Contract Tower,0,2,15,16,33,0,0,9,2,11,0,2,24,18,44,28,20,48,92
08/12/2010,ISO,NC,ASO,EN,Federal Contract Tower,0,4,8,16,28,0,0,8,2,10,0,4,16,18,38,4,60,64,102
08/13/2010,ISO,NC,ASO,EN,Federal Contract Tower,0,4,9,4,17,0,0,9,0,9,0,4,18,4,26,4,6,10,36
08/14/2010,ISO,NC,ASO,EN,Federal Contract Tower,0,2,6,0,8,0,0,28,0,28,0,2,34,0,36,8,0,8,44
08/15/2010,ISO,NC,ASO,EN,Federal Contract Tower,1,2,8,0,11,0,0,10,0,10,1,2,18,0,21,8,0,8,29
08/16/2010,ISO,NC,ASO,EN,Federal Contract Tower,0,2,15,16,33,0,0,9,0,9,0,2,24,16,42,8,6,14,56
08/17/2010,ISO,NC,ASO,EN,Federal Contract Tower,0,2,32,27,61,0,0,16,2,18,0,2,48,29,79,10,14,24,103
08/18/2010,ISO,NC,ASO,EN,Federal Contract Tower,0,2,23,8,33,0,0,13,0,13,0,2,36,8,46,2,0,2,48
08/19/2010,ISO,NC,ASO,EN,Federal Contract Tower,0,2,9,24,35,0,0,9,5,14,0,2,18,29,49,14,64,78,127
08/20/2010,ISO,NC,ASO,EN,Federal Contract Tower,0,2,6,33,41,0,0,21,13,34,0,2,27,46,75,28,48,76,151
08/21/2010,ISO,NC,ASO,EN,Federal Contract Tower,0,2,1,0,3,0,0,23,0,23,0,2,24,0,26,64,12,76,102
08/22/2010,ISO,NC,ASO,EN,Federal Contract Tower,0,2,0,1,3,0,0,3,2,5,0,2,3,3,8,0,0,0,8
08/23/2010,ISO,NC,ASO,EN,Federal Contract Tower,0,2,14,42,58,0,0,23,2,25,0,2,37,44,83,56,22,78,161
08/24/2010,ISO,NC,ASO,EN,Federal Contract Tower,2,2,6,21,31,0,0,3,4,7,2,2,9,25,38,4,70,74,112
08/25/2010,ISO,NC,ASO,EN,Federal Contract Tower,0,2,20,37,59,0,0,14,9,23,0,2,34,46,82,26,70,96,178
08/26/2010,ISO,NC,ASO,EN,Federal Contract Tower,0,2,4,30,36,0,0,42,2,44,0,2,46,32,80,50,40,90,170
08/27/2010,ISO,NC,ASO,EN,Federal Contract Tower,2,2,16,5,25,0,0,33,3,36,2,2,49,8,61,22,16,38,99
08/28/2010,ISO,NC,ASO,EN,Federal Contract Tower,0,1,15,0,16,0,0,19,0,19,0,1,34,0,35,10,0,10,45
08/29/2010,ISO,NC,ASO,EN,Federal Contract Tower,0,2,2,0,4,0,0,17,0,17,0,2,19,0,21,0,0,0,21
08/30/2010,ISO,NC,ASO,EN,Federal Contract Tower,0,2,12,8,22,0,0,19,0,19,0,2,31,8,41,10,22,32,73
08/31/2010,ISO,NC,ASO,EN,Federal Contract Tower,0,2,12,36,50,0,0,36,0,36,0,2,48,36,86,0,52,52,138
09/01/2010,ISO,NC,ASO,EN,Federal Contract Tower,0,2,18,2,22,0,0,9,0,9,0,2,27,2,31,8,0,8,39
09/02/2010,ISO,NC,ASO,EN,Federal Contract Tower,2,7,9,0,18,0,0,4,2,6,2,7,13,2,24,0,0,0,24
09/03/2010,ISO,NC,ASO,EN,Federal Contract Tower,2,4,6,2,14,0,0,17,2,19,2,4,23,4,33,0,0,0,33
09/04/2010,ISO,NC,ASO,EN,Federal Contract Tower,2,2,0,0,4,0,0,12,0,12,2,2,12,0,16,0,0,0,16
09/05/2010,ISO,NC,ASO,EN,Federal Contract Tower,6,2,0,0,8,0,0,14,0,14,6,2,14,0,22,2,0,2,24
09/06/2010,ISO,NC,ASO,EN,Federal Contract Tower,1,0,7,4,12,0,0,17,0,17,1,0,24,4,29,14,0,14,43
09/07/2010,ISO,NC,ASO,EN,Federal Contract Tower,0,4,5,8,17,0,0,23,3,26,0,4,28,11,43,2,22,24,67
09/08/2010,ISO,NC,ASO,EN,Federal Contract Tower,0,5,10,14,29,0,0,15,0,15,0,5,25,14,44,4,8,12,56
09/09/2010,ISO,NC,ASO,EN,Federal Contract Tower,0,2,9,7,18,0,0,33,1,34,0,2,42,8,52,46,10,56,108
09/10/2010,ISO,NC,ASO,EN,Federal Contract Tower,1,2,14,10,27,0,0,31,0,31,1,2,45,10,58,44,14,58,116
09/11/2010,ISO,NC,ASO,EN,Federal Contract Tower,2,2,13,5,22,0,0,22,3,25,2,2,35,8,47,26,0,26,73
09/12/2010,ISO,NC,ASO,EN,Federal Contract Tower,1,2,14,0,17,0,0,4,0,4,1,2,18,0,21,0,0,0,21
09/13/2010,ISO,NC,ASO,EN,Federal Contract Tower,2,2,10,25,39,0,0,15,1,16,2,2,25,26,55,44,20,64,119
09/14/2010,ISO,NC,ASO,EN,Federal Contract Tower,0,5,24,12,41,0,0,30,0,30,0,5,54,12,71,42,8,50,121
09/15/2010,ISO,NC,ASO,EN,Federal Contract Tower,0,5,27,19,51,0,0,33,0,33,0,5,60,19,84,94,36,130,214
09/16/2010,ISO,NC,ASO,EN,Federal Contract Tower,1,3,17,8,29,0,0,24,2,26,1,3,41,10,55,40,32,72,127
09/17/2010,ISO,NC,ASO,EN,Federal Contract Tower,1,2,5,0,8,0,0,17,2,19,1,2,22,2,27,16,8,24,51
09/18/2010,ISO,NC,ASO,EN,Federal Contract Tower,2,2,3,0,7,0,0,21,0,21,2,2,24,0,28,4,0,4,32
09/19/2010,ISO,NC,ASO,EN,Federal Contract Tower,0,2,6,0,8,0,0,6,0,6,0,2,12,0,14,0,0,0,14
09/20/2010,ISO,NC,ASO,EN,Federal Contract Tower,0,0,11,40,51,0,0,21,0,21,0,0,32,40,72,33,38,71,143
09/21/2010,ISO,NC,ASO,EN,Federal Contract Tower,0,0,16,34,50,0,0,20,2,22,0,0,36,36,72,66,42,108,180
09/22/2010,ISO,NC,ASO,EN,Federal Contract Tower,0,2,15,24,41,0,0,39,3,42,0,2,54,27,83,88,70,158,241
09/23/2010,ISO,NC,ASO,EN,Federal Contract Tower,2,1,10,9,22,0,0,23,1,24,2,1,33,10,46,122,32,154,200
09/24/2010,ISO,NC,ASO,EN,Federal Contract Tower,0,1,9,27,37,0,0,24,3,27,0,1,33,30,64,58,28,86,150
09/25/2010,ISO,NC,ASO,EN,Federal Contract Tower,0,0,4,4,8,0,0,22,0,22,0,0,26,4,30,4,0,4,34
09/26/2010,ISO,NC,ASO,EN,Federal Contract Tower,2,0,6,8,16,0,0,6,0,6,2,0,12,8,22,0,0,0,22
09/27/2010,ISO,NC,ASO,EN,Federal Contract Tower,0,0,12,10,22,0,0,0,0,0,0,0,12,10,22,0,0,0,22
09/28/2010,ISO,NC,ASO,EN,Federal Contract Tower,0,0,8,21,29,0,0,19,2,21,0,0,27,23,50,42,8,50,100
09/29/2010,ISO,NC,ASO,EN,Federal Contract Tower,0,0,4,0,4,0,0,0,0,0,0,0,4,0,4,0,0,0,4
09/30/2010,ISO,NC,ASO,EN,Federal Contract Tower,0,0,1,0,1,0,0,0,0,0,0,0,1,0,1,0,0,0,1
10/01/2010,ISO,NC,ASO,EN,Federal Contract Tower,2,0,15,36,53,0,0,7,5,12,2,0,22,41,65,0,6,6,71
10/02/2010,ISO,NC,ASO,EN,Federal Contract Tower,0,0,4,0,4,0,0,24,0,24,0,0,28,0,28,14,0,14,42
10/03/2010,ISO,NC,ASO,EN,Federal Contract Tower,2,0,6,0,8,0,0,1,0,1,2,0,7,0,9,0,0,0,9
10/04/2010,ISO,NC,ASO,EN,Federal Contract Tower,0,0,18,16,34,0,0,4,0,4,0,0,22,16,38,40,8,48,86
10/05/2010,ISO,NC,ASO,EN,Federal Contract Tower,0,0,19,33,52,0,0,13,2,15,0,0,32,35,67,52,50,102,169
10/06/2010,ISO,NC,ASO,EN,Federal Contract Tower,0,0,24,8,32,0,1,17,2,20,0,1,41,10,52,60,10,70,122
10/07/2010,ISO,NC,ASO,EN,Federal Contract Tower,0,0,18,18,36,0,0,11,7,18,0,0,29,25,54,54,50,104,158
10/08/2010,ISO,NC,ASO,EN,Federal Contract Tower,4,2,25,4,35,0,0,25,2,27,4,2,50,6,62,28,42,70,132
10/09/2010,ISO,NC,ASO,EN,Federal Contract Tower,1,2,10,0,13,0,0,15,0,15,1,2,25,0,28,22,0,22,50
10/10/2010,ISO,NC,ASO,EN,Federal Contract Tower,2,4,3,0,9,0,0,7,0,7,2,4,10,0,16,4,0,4,20
10/11/2010,ISO,NC,ASO,EN,Federal Contract Tower,0,0,15,0,15,0,0,20,0,20,0,0,35,0,35,36,0,36,71
10/12/2010,ISO,NC,ASO,EN,Federal Contract Tower,0,0,12,32,44,0,0,19,0,19,0,0,31,32,63,80,18,98,161
10/13/2010,ISO,NC,ASO,EN,Federal Contract Tower,0,0,11,24,35,0,0,19,0,19,0,0,30,24,54,72,14,86,140
10/14/2010,ISO,NC,ASO,EN,Federal Contract Tower,2,0,3,8,13,0,0,2,0,2,2,0,5,8,15,0,10,10,25
10/15/2010,ISO,NC,ASO,EN,Federal Contract Tower,0,0,15,16,31,0,0,19,3,22,0,0,34,19,53,14,34,48,101
10/16/2010,ISO,NC,ASO,EN,Federal Contract Tower,0,0,7,2,9,0,0,17,0,17,0,0,24,2,26,2,4,6,32
10/17/2010,ISO,NC,ASO,EN,Federal Contract Tower,4,0,15,0,19,0,0,12,0,12,4,0,27,0,31,20,0,20,51
10/18/2010,ISO,NC,ASO,EN,Federal Contract Tower,0,0,13,17,30,0,0,21,0,21,0,0,34,17,51,94,26,120,171
10/19/2010,ISO,NC,ASO,EN,Federal Contract Tower,0,0,9,38,47,0,0,22,0,22,0,0,31,38,69,42,72,114,183
10/20/2010,ISO,NC,ASO,EN,Federal Contract Tower,2,0,10,12,24,0,0,19,2,21,2,0,29,14,45,32,22,54,99
10/21/2010,ISO,NC,ASO,EN,Federal Contract Tower,0,0,18,14,32,0,0,17,0,17,0,0,35,14,49,14,6,20,69
10/22/2010,ISO,NC,ASO,EN,Federal Contract Tower,2,2,12,12,28,0,0,29,2,31,2,2,41,14,59,76,12,88,147
10/23/2010,ISO,NC,ASO,EN,Federal Contract Tower,2,0,11,4,17,0,0,10,0,10,2,0,21,4,27,18,6,24,51
10/24/2010,ISO,NC,ASO,EN,Federal Contract Tower,2,0,3,0,5,0,2,11,0,13,2,2,14,0,18,0,0,0,18
10/25/2010,ISO,NC,ASO,EN,Federal Contract Tower,0,2,9,12,23,0,0,5,2,7,0,2,14,14,30,0,60,60,90
10/26/2010,ISO,NC,ASO,EN,Federal Contract Tower,0,0,6,26,32,0,0,5,0,5,0,0,11,26,37,8,28,36,73
10/27/2010,ISO,NC,ASO,EN,Federal Contract Tower,0,0,12,19,31,0,0,2,0,2,0,0,14,19,33,0,14,14,47
10/28/2010,ISO,NC,ASO,EN,Federal Contract Tower,0,0,8,17,25,0,0,13,1,14,0,0,21,18,39,8,8,16,55
10/29/2010,ISO,NC,ASO,EN,Federal Contract Tower,2,0,13,10,25,0,0,16,0,16,2,0,29,10,41,2,10,12,53
10/30/2010,ISO,NC,ASO,EN,Federal Contract Tower,0,4,11,0,15,0,0,26,0,26,0,4,37,0,41,48,0,48,89
10/31/2010,ISO,NC,ASO,EN,Federal Contract Tower,2,0,13,0,15,0,0,10,0,10,2,0,23,0,25,0,0,0,25
11/01/2010,ISO,NC,ASO,EN,Federal Contract Tower,0,0,10,20,30,0,0,22,1,23,0,0,32,21,53,20,40,60,113
11/02/2010,ISO,NC,ASO,EN,Federal Contract Tower,0,1,14,14,29,0,0,24,0,24,0,1,38,14,53,34,6,40,93
11/03/2010,ISO,NC,ASO,EN,Federal Contract Tower,0,0,19,32,51,0,0,5,2,7,0,0,24,34,58,24,16,40,98
11/04/2010,ISO,NC,ASO,EN,Federal Contract Tower,2,3,14,8,27,0,0,0,0,0,2,3,14,8,27,0,0,0,27
11/05/2010,ISO,NC,ASO,EN,Federal Contract Tower,2,3,26,10,41,0,0,35,0,35,2,3,61,10,76,50,14,64,140
11/06/2010,ISO,NC,ASO,EN,Federal Contract Tower,0,1,10,0,11,0,0,13,0,13,0,1,23,0,24,14,0,14,38
11/07/2010,ISO,NC,ASO,EN,Federal Contract Tower,4,0,7,0,11,0,0,10,0,10,4,0,17,0,21,4,0,4,25
11/08/2010,ISO,NC,ASO,EN,Federal Contract Tower,0,0,11,22,33,0,0,16,0,16,0,0,27,22,49,40,24,64,113
11/09/2010,ISO,NC,ASO,EN,Federal Contract Tower,0,2,12,36,50,0,0,24,2,26,0,2,36,38,76,92,34,126,202
11/10/2010,ISO,NC,ASO,EN,Federal Contract Tower,2,2,11,6,21,0,0,22,0,22,2,2,33,6,43,60,14,74,117
11/11/2010,ISO,NC,ASO,EN,Federal Contract Tower,0,0,11,0,11,0,0,10,0,10,0,0,21,0,21,10,0,10,31
11/12/2010,ISO,NC,ASO,EN,Federal Contract Tower,1,0,14,8,23,0,0,24,4,28,1,0,38,12,51,48,10,58,109
11/13/2010,ISO,NC,ASO,EN,Federal Contract Tower,2,0,9,0,11,0,0,10,0,10,2,0,19,0,21,0,0,0,21
11/14/2010,ISO,NC,ASO,EN,Federal Contract Tower,2,0,4,0,6,0,0,24,0,24,2,0,28,0,30,2,0,2,32
11/15/2010,ISO,NC,ASO,EN,Federal Contract Tower,2,0,10,14,26,0,0,11,4,15,2,0,21,18,41,50,6,56,97
11/16/2010,ISO,NC,ASO,EN,Federal Contract Tower,1,0,12,12,25,0,0,0,0,0,1,0,12,12,25,46,6,52,77
11/17/2010,ISO,NC,ASO,EN,Federal Contract Tower,0,0,8,10,18,0,0,23,0,23,0,0,31,10,41,30,0,30,71
11/18/2010,ISO,NC,ASO,EN,Federal Contract Tower,0,1,18,19,38,0,0,23,1,24,0,1,41,20,62,13,16,29,91
11/19/2010,ISO,NC,ASO,EN,Federal Contract Tower,4,0,6,9,19,0,0,18,0,18,4,0,24,9,37,4,6,10,47
11/20/2010,ISO,NC,ASO,EN,Federal Contract Tower,1,0,5,0,6,0,0,17,0,17,1,0,22,0,23,14,0,14,37
11/21/2010,ISO,NC,ASO,EN,Federal Contract Tower,0,0,5,0,5,0,0,11,0,11,0,0,16,0,16,0,0,0,16
11/22/2010,ISO,NC,ASO,EN,Federal Contract Tower,2,0,11,8,21,0,0,20,2,22,2,0,31,10,43,16,26,42,85
11/23/2010,ISO,NC,ASO,EN,Federal Contract Tower,0,0,16,16,32,0,0,16,0,16,0,0,32,16,48,62,10,72,120
11/24/2010,ISO,NC,ASO,EN,Federal Contract Tower,0,0,20,4,24,0,0,18,0,18,0,0,38,4,42,74,0,74,116
11/25/2010,ISO,NC,ASO,EN,Federal Contract Tower,0,0,1,0,1,0,0,2,0,2,0,0,3,0,3,0,0,0,3
11/26/2010,ISO,NC,ASO,EN,Federal Contract Tower,0,2,4,0,6,0,0,2,0,2,0,2,6,0,8,0,0,0,8
11/27/2010,ISO,NC,ASO,EN,Federal Contract Tower,0,2,9,0,11,0,0,8,0,8,0,2,17,0,19,0,0,0,19
11/28/2010,ISO,NC,ASO,EN,Federal Contract Tower,0,4,11,0,15,0,0,7,0,7,0,4,18,0,22,0,0,0,22
11/29/2010,ISO,NC,ASO,EN,Federal Contract Tower,0,2,11,22,35,0,0,13,6,19,0,2,24,28,54,4,66,70,124
11/30/2010,ISO,NC,ASO,EN,Federal Contract Tower,0,0,9,16,25,0,0,2,6,8,0,0,11,22,33,0,30,30,63
12/01/2010,ISO,NC,ASO,EN,Federal Contract Tower,0,0,8,8,16,0,0,6,0,6,0,0,14,8,22,0,12,12,34
12/02/2010,ISO,NC,ASO,EN,Federal Contract Tower,1,0,15,25,41,0,0,19,5,24,1,0,34,30,65,10,40,50,115
12/03/2010,ISO,NC,ASO,EN,Federal Contract Tower,3,0,8,0,11,0,0,21,2,23,3,0,29,2,34,14,0,14,48
12/04/2010,ISO,NC,ASO,EN,Federal Contract Tower,0,0,5,0,5,0,0,4,0,4,0,0,9,0,9,0,0,0,9
12/05/2010,ISO,NC,ASO,EN,Federal Contract Tower,2,0,5,0,7,0,0,9,0,9,2,0,14,0,16,12,0,12,28
12/06/2010,ISO,NC,ASO,EN,Federal Contract Tower,2,0,4,32,38,0,0,7,0,7,2,0,11,32,45,14,50,64,109
12/07/2010,ISO,NC,ASO,EN,Federal Contract Tower,0,2,7,7,16,0,0,15,0,15,0,2,22,7,31,32,14,46,77
12/08/2010,ISO,NC,ASO,EN,Federal Contract Tower,0,1,13,38,52,0,0,13,5,18,0,1,26,43,70,22,32,54,124
12/09/2010,ISO,NC,ASO,EN,Federal Contract Tower,0,0,9,36,45,0,0,18,1,19,0,0,27,37,64,46,22,68,132
12/10/2010,ISO,NC,ASO,EN,Federal Contract Tower,0,2,11,17,30,0,0,11,5,16,0,2,22,22,46,32,68,100,146
12/11/2010,ISO,NC,ASO,EN,Federal Contract Tower,0,2,10,0,12,0,0,0,0,0,0,2,10,0,12,0,0,0,12
12/12/2010,ISO,NC,ASO,EN,Federal Contract Tower,2,4,11,0,17,0,0,0,0,0,2,4,11,0,17,0,0,0,17
12/13/2010,ISO,NC,ASO,EN,Federal Contract Tower,2,0,9,29,40,0,0,2,3,5,2,0,11,32,45,0,28,28,73
12/14/2010,ISO,NC,ASO,EN,Federal Contract Tower,0,1,11,15,27,0,0,6,3,9,0,1,17,18,36,20,28,48,84
12/15/2010,ISO,NC,ASO,EN,Federal Contract Tower,0,0,10,22,32,0,0,7,2,9,0,0,17,24,41,4,26,30,71
12/16/2010,ISO,NC,ASO,EN,Federal Contract Tower,0,1,5,2,8,0,0,0,0,0,0,1,5,2,8,0,0,0,8
12/17/2010,ISO,NC,ASO,EN,Federal Contract Tower,0,0,17,14,31,0,0,5,3,8,0,0,22,17,39,0,30,30,69
12/18/2010,ISO,NC,ASO,EN,Federal Contract Tower,0,4,3,0,7,0,0,1,0,1,0,4,4,0,8,0,0,0,8
12/19/2010,ISO,NC,ASO,EN,Federal Contract Tower,0,2,5,0,7,0,0,7,0,7,0,2,12,0,14,22,0,22,36
12/20/2010,ISO,NC,ASO,EN,Federal Contract Tower,0,0,7,22,29,0,0,3,0,3,0,0,10,22,32,14,26,40,72
12/21/2010,ISO,NC,ASO,EN,Federal Contract Tower,0,0,14,32,46,0,0,11,0,11,0,0,25,32,57,18,62,80,137
12/22/2010,ISO,NC,ASO,EN,Federal Contract Tower,0,2,9,16,27,0,0,6,0,6,0,2,15,16,33,2,4,6,39
12/23/2010,ISO,NC,ASO,EN,Federal Contract Tower,0,1,8,0,9,0,0,8,0,8,0,1,16,0,17,10,0,10,27
12/24/2010,ISO,NC,ASO,EN,Federal Contract Tower,0,0,4,0,4,0,0,10,0,10,0,0,14,0,14,0,0,0,14
12/25/2010,ISO,NC,ASO,EN,Federal Contract Tower,0,0,4,0,4,0,0,2,0,2,0,0,6,0,6,0,0,0,6
12/26/2010,ISO,NC,ASO,EN,Federal Contract Tower,0,0,0,0,0,0,0,0,0,0,0,0,0,0,0,0,0,0,0
12/27/2010,ISO,NC,ASO,EN,Federal Contract Tower,0,0,5,0,5,0,0,2,0,2,0,0,7,0,7,0,0,0,7
12/28/2010,ISO,NC,ASO,EN,Federal Contract Tower,0,0,7,4,11,0,0,7,0,7,0,0,14,4,18,0,16,16,34
12/29/2010,ISO,NC,ASO,EN,Federal Contract Tower,0,2,8,8,18,0,0,10,0,10,0,2,18,8,28,8,0,8,36
12/30/2010,ISO,NC,ASO,EN,Federal Contract Tower,2,0,18,2,22,0,0,8,0,8,2,0,26,2,30,12,8,20,50
12/31/2010,ISO,NC,ASO,EN,Federal Contract Tower,0,2,7,0,9,0,0,4,0,4,0,2,11,0,13,0,0,0,13
01/01/2011,ISO,NC,ASO,EN,Federal Contract Tower,0,1,3,0,4,0,0,0,0,0,0,1,3,0,4,0,0,0,4
01/02/2011,ISO,NC,ASO,EN,Federal Contract Tower,2,4,6,0,12,0,0,0,0,0,2,4,6,0,12,0,0,0,12
01/03/2011,ISO,NC,ASO,EN,Federal Contract Tower,0,0,9,0,9,0,0,18,0,18,0,0,27,0,27,30,0,30,57
01/04/2011,ISO,NC,ASO,EN,Federal Contract Tower,0,0,14,9,23,0,0,17,1,18,0,0,31,10,41,8,26,34,75
01/05/2011,ISO,NC,ASO,EN,Federal Contract Tower,0,0,12,32,44,0,0,18,0,18,0,0,30,32,62,38,26,64,126
01/06/2011,ISO,NC,ASO,EN,Federal Contract Tower,0,0,7,32,39,0,0,4,2,6,0,0,11,34,45,8,46,54,99
01/07/2011,ISO,NC,ASO,EN,Federal Contract Tower,3,0,11,6,20,0,0,15,0,15,3,0,26,6,35,0,0,0,35
01/08/2011,ISO,NC,ASO,EN,Federal Contract Tower,1,1,4,0,6,0,0,1,0,1,1,1,5,0,7,0,0,0,7
01/09/2011,ISO,NC,ASO,EN,Federal Contract Tower,3,0,9,14,26,0,0,5,0,5,3,0,14,14,31,8,0,8,39
01/10/2011,ISO,NC,ASO,EN,Federal Contract Tower,0,0,0,31,31,0,0,0,0,0,0,0,0,31,31,0,36,36,67
01/11/2011,ISO,NC,ASO,EN,Federal Contract Tower,0,0,1,0,1,0,0,0,0,0,0,0,1,0,1,0,0,0,1
01/12/2011,ISO,NC,ASO,EN,Federal Contract Tower,0,0,7,33,40,0,0,4,13,17,0,0,11,46,57,0,66,66,123
01/13/2011,ISO,NC,ASO,EN,Federal Contract Tower,1,0,4,4,9,0,0,11,2,13,1,0,15,6,22,2,18,20,42
01/14/2011,ISO,NC,ASO,EN,Federal Contract Tower,1,2,29,3,35,0,0,21,3,24,1,2,50,6,59,16,44,60,119
01/15/2011,ISO,NC,ASO,EN,Federal Contract Tower,1,0,6,0,7,0,0,23,0,23,1,0,29,0,30,12,0,12,42
01/16/2011,ISO,NC,ASO,EN,Federal Contract Tower,1,2,11,3,17,0,0,22,0,22,1,2,33,3,39,52,0,52,91
01/17/2011,ISO,NC,ASO,EN,Federal Contract Tower,0,0,10,0,10,0,0,2,0,2,0,0,12,0,12,10,0,10,22
01/18/2011,ISO,NC,ASO,EN,Federal Contract Tower,0,0,6,20,26,0,0,0,0,0,0,0,6,20,26,0,0,0,26
01/19/2011,ISO,NC,ASO,EN,Federal Contract Tower,0,0,7,0,7,0,0,13,0,13,0,0,20,0,20,8,0,8,28
01/20/2011,ISO,NC,ASO,EN,Federal Contract Tower,0,4,21,20,45,0,0,16,0,16,0,4,37,20,61,18,2,20,81
01/21/2011,ISO,NC,ASO,EN,Federal Contract Tower,2,4,6,6,18,0,0,3,0,3,2,4,9,6,21,4,0,4,25
01/22/2011,ISO,NC,ASO,EN,Federal Contract Tower,0,4,0,0,4,0,0,4,0,4,0,4,4,0,8,0,0,0,8
01/23/2011,ISO,NC,ASO,EN,Federal Contract Tower,2,4,3,0,9,0,0,11,0,11,2,4,14,0,20,6,0,6,26
01/24/2011,ISO,NC,ASO,EN,Federal Contract Tower,1,0,8,18,27,0,0,10,0,10,1,0,18,18,37,0,6,6,43
01/25/2011,ISO,NC,ASO,EN,Federal Contract Tower,0,0,8,9,17,0,0,0,0,0,0,0,8,9,17,0,0,0,17
01/26/2011,ISO,NC,ASO,EN,Federal Contract Tower,0,0,9,12,21,0,0,0,0,0,0,0,9,12,21,0,0,0,21
01/27/2011,ISO,NC,ASO,EN,Federal Contract Tower,3,0,16,10,29,0,0,19,2,21,3,0,35,12,50,22,30,52,102
01/28/2011,ISO,NC,ASO,EN,Federal Contract Tower,1,0,13,0,14,0,0,20,2,22,1,0,33,2,36,12,30,42,78
01/29/2011,ISO,NC,ASO,EN,Federal Contract Tower,0,1,4,0,5,0,0,14,0,14,0,1,18,0,19,6,0,6,25
01/30/2011,ISO,NC,ASO,EN,Federal Contract Tower,2,2,4,0,8,0,0,14,0,14,2,2,18,0,22,8,0,8,30
01/31/2011,ISO,NC,ASO,EN,Federal Contract Tower,0,0,4,16,20,0,0,2,0,2,0,0,6,16,22,0,8,8,30
02/01/2011,ISO,NC,ASO,EN,Federal Contract Tower,0,0,4,0,4,0,0,4,0,4,0,0,8,0,8,0,0,0,8
02/02/2011,ISO,NC,ASO,EN,Federal Contract Tower,0,1,11,6,18,0,0,0,2,2,0,1,11,8,20,0,26,26,46
02/03/2011,ISO,NC,ASO,EN,Federal Contract Tower,0,1,20,9,30,0,0,13,3,16,0,1,33,12,46,16,32,48,94
02/04/2011,ISO,NC,ASO,EN,Federal Contract Tower,3,0,6,0,9,0,0,0,0,0,3,0,6,0,9,0,0,0,9
02/05/2011,ISO,NC,ASO,EN,Federal Contract Tower,2,0,0,0,2,0,0,0,0,0,2,0,0,0,2,0,0,0,2
02/06/2011,ISO,NC,ASO,EN,Federal Contract Tower,2,1,13,2,18,0,0,4,4,8,2,1,17,6,26,0,32,32,58
02/07/2011,ISO,NC,ASO,EN,Federal Contract Tower,0,6,12,10,28,0,0,15,0,15,0,6,27,10,43,20,12,32,75
02/08/2011,ISO,NC,ASO,EN,Federal Contract Tower,0,7,11,9,27,0,0,18,1,19,0,7,29,10,46,36,8,44,90
02/09/2011,ISO,NC,ASO,EN,Federal Contract Tower,0,0,21,26,47,0,0,24,6,30,0,0,45,32,77,26,24,50,127
02/10/2011,ISO,NC,ASO,EN,Federal Contract Tower,0,2,10,6,18,0,0,0,0,0,0,2,10,6,18,2,0,2,20
02/11/2011,ISO,NC,ASO,EN,Federal Contract Tower,2,1,10,14,27,0,0,22,0,22,2,1,32,14,49,38,22,60,109
02/12/2011,ISO,NC,ASO,EN,Federal Contract Tower,0,0,1,8,9,0,0,12,0,12,0,0,13,8,21,0,0,0,21
02/13/2011,ISO,NC,ASO,EN,Federal Contract Tower,0,0,2,8,10,0,0,15,2,17,0,0,17,10,27,14,14,28,55
02/14/2011,ISO,NC,ASO,EN,Federal Contract Tower,2,0,6,49,57,0,0,5,7,12,2,0,11,56,69,0,60,60,129
02/15/2011,ISO,NC,ASO,EN,Federal Contract Tower,0,0,13,21,34,0,0,30,2,32,0,0,43,23,66,36,29,65,131
02/16/2011,ISO,NC,ASO,EN,Federal Contract Tower,0,2,13,25,40,0,0,15,1,16,0,2,28,26,56,10,54,64,120
02/17/2011,ISO,NC,ASO,EN,Federal Contract Tower,0,1,19,2,22,0,0,27,0,27,0,1,46,2,49,6,0,6,55
02/18/2011,ISO,NC,ASO,EN,Federal Contract Tower,0,0,15,16,31,0,0,18,0,18,0,0,33,16,49,0,8,8,57
02/19/2011,ISO,NC,ASO,EN,Federal Contract Tower,1,2,1,0,4,0,0,18,0,18,1,2,19,0,22,8,0,8,30
02/20/2011,ISO,NC,ASO,EN,Federal Contract Tower,1,2,6,8,17,0,0,19,0,19,1,2,25,8,36,4,0,4,40
02/21/2011,ISO,NC,ASO,EN,Federal Contract Tower,0,6,9,2,17,0,0,25,5,30,0,6,34,7,47,12,0,12,59
02/22/2011,ISO,NC,ASO,EN,Federal Contract Tower,0,2,8,8,18,0,0,8,0,8,0,2,16,8,26,6,22,28,54
02/23/2011,ISO,NC,ASO,EN,Federal Contract Tower,0,6,15,29,50,0,0,23,1,24,0,6,38,30,74,56,26,82,156
02/24/2011,ISO,NC,ASO,EN,Federal Contract Tower,2,2,32,20,56,0,0,21,4,25,2,2,53,24,81,28,20,48,129
02/25/2011,ISO,NC,ASO,EN,Federal Contract Tower,0,0,2,4,6,0,0,0,0,0,0,0,2,4,6,0,2,2,8
02/26/2011,ISO,NC,ASO,EN,Federal Contract Tower,0,0,11,0,11,0,0,26,0,26,0,0,37,0,37,8,0,8,45
02/27/2011,ISO,NC,ASO,EN,Federal Contract Tower,0,0,6,0,6,0,0,23,0,23,0,0,29,0,29,10,0,10,39
02/28/2011,ISO,NC,ASO,EN,Federal Contract Tower,0,0,5,4,9,0,0,5,0,5,0,0,10,4,14,6,0,6,20
03/01/2011,ISO,NC,ASO,EN,Federal Contract Tower,0,0,2,30,32,0,0,20,7,27,0,0,22,37,59,4,28,32,91
03/02/2011,ISO,NC,ASO,EN,Federal Contract Tower,0,0,24,38,62,0,0,27,3,30,0,0,51,41,92,16,32,48,140
03/03/2011,ISO,NC,ASO,EN,Federal Contract Tower,0,4,4,22,30,0,0,20,2,22,0,4,24,24,52,12,36,48,100
03/04/2011,ISO,NC,ASO,EN,Federal Contract Tower,2,2,21,6,31,0,0,17,0,17,2,2,38,6,48,28,0,28,76
03/05/2011,ISO,NC,ASO,EN,Federal Contract Tower,0,0,3,0,3,0,0,27,0,27,0,0,30,0,30,16,0,16,46
03/06/2011,ISO,NC,ASO,EN,Federal Contract Tower,2,0,3,0,5,0,0,0,0,0,2,0,3,0,5,0,0,0,5
03/07/2011,ISO,NC,ASO,EN,Federal Contract Tower,0,0,15,63,78,0,0,20,1,21,0,0,35,64,99,30,50,80,179
03/08/2011,ISO,NC,ASO,EN,Federal Contract Tower,0,0,10,4,14,0,8,20,0,28,0,8,30,4,42,36,10,46,88
03/09/2011,ISO,NC,ASO,EN,Federal Contract Tower,0,0,6,23,29,0,0,4,1,5,0,0,10,24,34,14,6,20,54
03/10/2011,ISO,NC,ASO,EN,Federal Contract Tower,0,3,11,0,14,0,0,0,0,0,0,3,11,0,14,0,0,0,14
03/11/2011,ISO,NC,ASO,EN,Federal Contract Tower,2,1,8,6,17,0,0,17,2,19,2,1,25,8,36,6,8,14,50
03/12/2011,ISO,NC,ASO,EN,Federal Contract Tower,2,0,15,2,19,0,0,8,0,8,2,0,23,2,27,30,0,30,57
03/13/2011,ISO,NC,ASO,EN,Federal Contract Tower,0,0,13,12,25,0,0,17,0,17,0,0,30,12,42,0,6,6,48
03/14/2011,ISO,NC,ASO,EN,Federal Contract Tower,0,1,15,9,25,0,0,28,1,29,0,1,43,10,54,18,6,24,78
03/15/2011,ISO,NC,ASO,EN,Federal Contract Tower,0,1,12,6,19,0,0,10,0,10,0,1,22,6,29,0,4,4,33
03/16/2011,ISO,NC,ASO,EN,Federal Contract Tower,0,0,12,10,22,0,0,0,0,0,0,0,12,10,22,0,0,0,22
03/17/2011,ISO,NC,ASO,EN,Federal Contract Tower,0,0,15,10,25,0,0,16,0,16,0,0,31,10,41,2,4,6,47
03/18/2011,ISO,NC,ASO,EN,Federal Contract Tower,0,0,7,9,16,0,0,40,0,40,0,0,47,9,56,0,0,0,56
03/19/2011,ISO,NC,ASO,EN,Federal Contract Tower,1,0,4,0,5,0,0,18,0,18,1,0,22,0,23,20,0,20,43
03/20/2011,ISO,NC,ASO,EN,Federal Contract Tower,1,0,3,0,4,0,0,9,0,9,1,0,12,0,13,0,0,0,13
03/21/2011,ISO,NC,ASO,EN,Federal Contract Tower,0,0,8,24,32,0,0,12,0,12,0,0,20,24,44,14,4,18,62
03/22/2011,ISO,NC,ASO,EN,Federal Contract Tower,0,0,9,10,19,0,0,27,0,27,0,0,36,10,46,0,12,12,58
03/23/2011,ISO,NC,ASO,EN,Federal Contract Tower,0,0,8,10,18,0,0,29,0,29,0,0,37,10,47,0,34,34,81
03/24/2011,ISO,NC,ASO,EN,Federal Contract Tower,1,1,16,0,18,0,0,20,0,20,1,1,36,0,38,34,0,34,72
03/25/2011,ISO,NC,ASO,EN,Federal Contract Tower,0,1,11,8,20,0,1,49,0,50,0,2,60,8,70,40,14,54,124
03/26/2011,ISO,NC,ASO,EN,Federal Contract Tower,0,2,3,0,5,0,0,7,0,7,0,2,10,0,12,28,0,28,40
03/27/2011,ISO,NC,ASO,EN,Federal Contract Tower,1,2,1,0,4,0,0,2,0,2,1,2,3,0,6,0,0,0,6
03/28/2011,ISO,NC,ASO,EN,Federal Contract Tower,0,2,9,15,26,0,0,4,2,6,0,2,13,17,32,2,30,32,64
03/29/2011,ISO,NC,ASO,EN,Federal Contract Tower,0,0,11,21,32,0,0,10,1,11,0,0,21,22,43,8,14,22,65
03/30/2011,ISO,NC,ASO,EN,Federal Contract Tower,0,2,6,6,14,0,0,0,0,0,0,2,6,6,14,0,0,0,14
03/31/2011,ISO,NC,ASO,EN,Federal Contract Tower,0,6,15,14,35,0,0,0,0,0,0,6,15,14,35,0,0,0,35
04/01/2011,ISO,NC,ASO,EN,Federal Contract Tower,2,0,15,7,24,0,0,7,3,10,2,0,22,10,34,0,14,14,48
04/02/2011,ISO,NC,ASO,EN,Federal Contract Tower,0,2,12,0,14,0,0,5,0,5,0,2,17,0,19,0,0,0,19
04/03/2011,ISO,NC,ASO,EN,Federal Contract Tower,2,0,8,0,10,0,0,22,0,22,2,0,30,0,32,16,0,16,48
04/04/2011,ISO,NC,ASO,EN,Federal Contract Tower,0,0,0,20,20,0,0,13,0,13,0,0,13,20,33,0,12,12,45
04/05/2011,ISO,NC,ASO,EN,Federal Contract Tower,0,0,1,0,1,0,0,2,2,4,0,0,3,2,5,0,0,0,5
04/06/2011,ISO,NC,ASO,EN,Federal Contract Tower,0,0,15,18,33,0,0,26,1,27,0,0,41,19,60,14,6,20,80
04/07/2011,ISO,NC,ASO,EN,Federal Contract Tower,0,0,9,7,16,0,0,32,10,42,0,0,41,17,58,10,4,14,72
04/08/2011,ISO,NC,ASO,EN,Federal Contract Tower,2,3,11,10,26,0,0,19,4,23,2,3,30,14,49,10,28,38,87
04/09/2011,ISO,NC,ASO,EN,Federal Contract Tower,0,0,7,0,7,0,0,1,0,1,0,0,8,0,8,12,0,12,20
04/10/2011,ISO,NC,ASO,EN,Federal Contract Tower,0,2,6,0,8,0,0,3,2,5,0,2,9,2,13,0,4,4,17
04/11/2011,ISO,NC,ASO,EN,Federal Contract Tower,0,1,7,6,14,0,0,7,0,7,0,1,14,6,21,0,0,0,21
04/12/2011,ISO,NC,ASO,EN,Federal Contract Tower,0,0,11,14,25,0,0,2,2,4,0,0,13,16,29,0,20,20,49
04/13/2011,ISO,NC,ASO,EN,Federal Contract Tower,0,1,24,13,38,0,0,24,2,26,0,1,48,15,64,2,2,4,68
04/14/2011,ISO,NC,ASO,EN,Federal Contract Tower,0,4,17,14,35,0,0,32,0,32,0,4,49,14,67,22,18,40,107
04/15/2011,ISO,NC,ASO,EN,Federal Contract Tower,0,1,9,6,16,0,0,16,2,18,0,1,25,8,34,4,18,22,56
04/16/2011,ISO,NC,ASO,EN,Federal Contract Tower,1,2,0,0,3,0,0,7,1,8,1,2,7,1,11,0,0,0,11
04/17/2011,ISO,NC,ASO,EN,Federal Contract Tower,1,2,6,0,9,0,0,30,0,30,1,2,36,0,39,12,0,12,51
04/18/2011,ISO,NC,ASO,EN,Federal Contract Tower,0,0,12,2,14,0,0,34,0,34,0,0,46,2,48,4,14,18,66
04/19/2011,ISO,NC,ASO,EN,Federal Contract Tower,0,1,18,10,29,0,0,24,0,24,0,1,42,10,53,50,18,68,121
04/20/2011,ISO,NC,ASO,EN,Federal Contract Tower,0,0,11,15,26,0,0,18,1,19,0,0,29,16,45,0,6,6,51
04/21/2011,ISO,NC,ASO,EN,Federal Contract Tower,0,0,11,11,22,0,0,9,1,10,0,0,20,12,32,2,10,12,44
04/22/2011,ISO,NC,ASO,EN,Federal Contract Tower,0,0,12,15,27,0,0,18,0,18,0,0,30,15,45,10,0,10,55
04/23/2011,ISO,NC,ASO,EN,Federal Contract Tower,0,0,17,0,17,0,0,8,0,8,0,0,25,0,25,8,0,8,33
04/24/2011,ISO,NC,ASO,EN,Federal Contract Tower,0,1,2,0,3,0,0,9,0,9,0,1,11,0,12,0,0,0,12
04/25/2011,ISO,NC,ASO,EN,Federal Contract Tower,0,5,20,28,53,0,0,17,4,21,0,5,37,32,74,6,8,14,88
04/26/2011,ISO,NC,ASO,EN,Federal Contract Tower,0,2,5,2,9,0,0,4,0,4,0,2,9,2,13,0,0,0,13
04/27/2011,ISO,NC,ASO,EN,Federal Contract Tower,0,4,13,12,29,0,0,4,0,4,0,4,17,12,33,0,22,22,55
04/28/2011,ISO,NC,ASO,EN,Federal Contract Tower,2,0,2,5,9,0,0,4,1,5,2,0,6,6,14,6,8,14,28
04/29/2011,ISO,NC,ASO,EN,Federal Contract Tower,0,2,12,11,25,0,0,43,1,44,0,2,55,12,69,20,0,20,89
04/30/2011,ISO,NC,ASO,EN,Federal Contract Tower,0,3,14,0,17,0,0,45,0,45,0,3,59,0,62,34,0,34,96
05/01/2011,ISO,NC,ASO,EN,Federal Contract Tower,2,2,9,6,19,0,0,12,0,12,2,2,21,6,31,10,0,10,41
05/02/2011,ISO,NC,ASO,EN,Federal Contract Tower,0,0,6,16,22,0,0,21,0,21,0,0,27,16,43,4,0,4,47
05/03/2011,ISO,NC,ASO,EN,Federal Contract Tower,0,1,10,18,29,0,0,11,0,11,0,1,21,18,40,2,0,2,42
05/04/2011,ISO,NC,ASO,EN,Federal Contract Tower,0,2,10,10,22,0,0,0,0,0,0,2,10,10,22,0,12,12,34
05/05/2011,ISO,NC,ASO,EN,Federal Contract Tower,0,5,3,14,22,0,0,28,0,28,0,5,31,14,50,42,32,74,124
05/06/2011,ISO,NC,ASO,EN,Federal Contract Tower,2,1,10,12,25,0,0,15,0,15,2,1,25,12,40,10,0,10,50
05/07/2011,ISO,NC,ASO,EN,Federal Contract Tower,0,1,4,0,5,0,0,22,0,22,0,1,26,0,27,2,0,2,29
05/08/2011,ISO,NC,ASO,EN,Federal Contract Tower,0,3,1,0,4,0,0,9,0,9,0,3,10,0,13,4,0,4,17
05/09/2011,ISO,NC,ASO,EN,Federal Contract Tower,0,0,28,37,65,0,0,23,2,25,0,0,51,39,90,34,36,70,160
05/10/2011,ISO,NC,ASO,EN,Federal Contract Tower,0,1,11,22,34,0,0,32,1,33,0,1,43,23,67,8,41,49,116
05/11/2011,ISO,NC,ASO,EN,Federal Contract Tower,0,2,12,24,38,0,0,24,0,24,0,2,36,24,62,9,18,27,89
05/12/2011,ISO,NC,ASO,EN,Federal Contract Tower,3,0,11,31,45,0,0,26,3,29,3,0,37,34,74,20,18,38,112
05/13/2011,ISO,NC,ASO,EN,Federal Contract Tower,1,0,8,12,21,0,0,0,0,0,1,0,8,12,21,0,0,0,21
05/14/2011,ISO,NC,ASO,EN,Federal Contract Tower,0,1,7,0,8,0,0,3,0,3,0,1,10,0,11,10,0,10,21
05/15/2011,ISO,NC,ASO,EN,Federal Contract Tower,3,2,12,8,25,0,0,3,0,3,3,2,15,8,28,6,10,16,44
05/16/2011,ISO,NC,ASO,EN,Federal Contract Tower,1,0,6,24,31,0,0,18,10,28,1,0,24,34,59,20,26,46,105
05/17/2011,ISO,NC,ASO,EN,Federal Contract Tower,1,3,12,11,27,0,0,10,1,11,1,3,22,12,38,14,34,48,86
05/18/2011,ISO,NC,ASO,EN,Federal Contract Tower,0,1,7,43,51,0,1,14,3,18,0,2,21,46,69,40,12,52,121
05/19/2011,ISO,NC,ASO,EN,Federal Contract Tower,0,1,12,18,31,0,1,10,0,11,0,2,22,18,42,38,32,70,112
05/20/2011,ISO,NC,ASO,EN,Federal Contract Tower,0,2,10,0,12,0,0,27,0,27,0,2,37,0,39,12,0,12,51
05/21/2011,ISO,NC,ASO,EN,Federal Contract Tower,0,2,6,0,8,0,0,13,0,13,0,2,19,0,21,10,0,10,31
05/22/2011,ISO,NC,ASO,EN,Federal Contract Tower,0,6,5,0,11,0,0,11,0,11,0,6,16,0,22,0,0,0,22
05/23/2011,ISO,NC,ASO,EN,Federal Contract Tower,0,2,6,26,34,0,0,11,0,11,0,2,17,26,45,6,12,18,63
05/24/2011,ISO,NC,ASO,EN,Federal Contract Tower,0,0,9,8,17,0,0,21,0,21,0,0,30,8,38,2,8,10,48
05/25/2011,ISO,NC,ASO,EN,Federal Contract Tower,0,3,14,14,31,0,0,30,2,32,0,3,44,16,63,18,6,24,87
05/26/2011,ISO,NC,ASO,EN,Federal Contract Tower,0,1,15,10,26,0,0,23,2,25,0,1,38,12,51,20,6,26,77
05/27/2011,ISO,NC,ASO,EN,Federal Contract Tower,1,2,15,7,25,0,0,13,0,13,1,2,28,7,38,0,0,0,38
05/28/2011,ISO,NC,ASO,EN,Federal Contract Tower,0,0,3,0,3,0,0,2,0,2,0,0,5,0,5,0,0,0,5
05/29/2011,ISO,NC,ASO,EN,Federal Contract Tower,0,0,4,0,4,0,0,19,0,19,0,0,23,0,23,6,0,6,29
05/30/2011,ISO,NC,ASO,EN,Federal Contract Tower,2,1,6,0,9,0,0,8,0,8,2,1,14,0,17,0,0,0,17
05/31/2011,ISO,NC,ASO,EN,Federal Contract Tower,0,2,8,12,22,0,0,15,1,16,0,2,23,13,38,6,28,34,72
06/01/2011,ISO,NC,ASO,EN,Federal Contract Tower,0,2,8,30,40,0,0,23,4,27,0,2,31,34,67,14,36,50,117
06/02/2011,ISO,NC,ASO,EN,Federal Contract Tower,0,3,9,8,20,0,2,26,0,28,0,5,35,8,48,4,0,4,52
06/03/2011,ISO,NC,ASO,EN,Federal Contract Tower,2,1,10,7,20,0,0,22,3,25,2,1,32,10,45,0,16,16,61
06/04/2011,ISO,NC,ASO,EN,Federal Contract Tower,0,0,1,0,1,0,0,32,0,32,0,0,33,0,33,4,0,4,37
06/05/2011,ISO,NC,ASO,EN,Federal Contract Tower,2,0,1,0,3,0,0,23,0,23,2,0,24,0,26,12,0,12,38
06/06/2011,ISO,NC,ASO,EN,Federal Contract Tower,0,3,8,38,49,0,0,15,0,15,0,3,23,38,64,18,22,40,104
06/07/2011,ISO,NC,ASO,EN,Federal Contract Tower,0,1,5,54,60,0,0,18,0,18,0,1,23,54,78,0,38,38,116
06/08/2011,ISO,NC,ASO,EN,Federal Contract Tower,0,0,10,26,36,0,0,16,2,18,0,0,26,28,54,6,26,32,86
06/09/2011,ISO,NC,ASO,EN,Federal Contract Tower,2,1,7,18,28,0,0,27,2,29,2,1,34,20,57,22,32,54,111
06/10/2011,ISO,NC,ASO,EN,Federal Contract Tower,2,0,8,9,19,0,0,24,4,28,2,0,32,13,47,0,12,12,59
06/11/2011,ISO,NC,ASO,EN,Federal Contract Tower,2,4,9,0,15,0,0,28,0,28,2,4,37,0,43,16,0,16,59
06/12/2011,ISO,NC,ASO,EN,Federal Contract Tower,6,0,4,0,10,0,0,9,0,9,6,0,13,0,19,0,0,0,19
06/13/2011,ISO,NC,ASO,EN,Federal Contract Tower,0,2,4,18,24,0,0,19,16,35,0,2,23,34,59,0,26,26,85
06/14/2011,ISO,NC,ASO,EN,Federal Contract Tower,0,1,1,8,10,0,0,17,2,19,0,1,18,10,29,14,6,20,49
06/15/2011,ISO,NC,ASO,EN,Federal Contract Tower,0,0,8,18,26,0,0,17,2,19,0,0,25,20,45,10,18,28,73
06/16/2011,ISO,NC,ASO,EN,Federal Contract Tower,0,0,3,7,10,0,0,13,3,16,0,0,16,10,26,6,38,44,70
06/17/2011,ISO,NC,ASO,EN,Federal Contract Tower,0,0,7,4,11,0,0,10,2,12,0,0,17,6,23,14,4,18,41
06/18/2011,ISO,NC,ASO,EN,Federal Contract Tower,0,0,1,0,1,0,0,9,0,9,0,0,10,0,10,8,0,8,18
06/19/2011,ISO,NC,ASO,EN,Federal Contract Tower,0,0,3,2,5,0,0,29,0,29,0,0,32,2,34,0,12,12,46
06/20/2011,ISO,NC,ASO,EN,Federal Contract Tower,0,0,11,14,25,0,0,26,5,31,0,0,37,19,56,0,72,72,128
06/21/2011,ISO,NC,ASO,EN,Federal Contract Tower,0,2,5,10,17,0,0,18,0,18,0,2,23,10,35,0,14,14,49
06/22/2011,ISO,NC,ASO,EN,Federal Contract Tower,0,2,9,14,25,0,0,25,0,25,0,2,34,14,50,14,34,48,98
06/23/2011,ISO,NC,ASO,EN,Federal Contract Tower,0,0,11,6,17,1,0,25,0,26,1,0,36,6,43,0,18,18,61
06/24/2011,ISO,NC,ASO,EN,Federal Contract Tower,2,2,5,0,9,0,0,18,0,18,2,2,23,0,27,0,0,0,27
06/25/2011,ISO,NC,ASO,EN,Federal Contract Tower,0,2,0,2,4,0,0,38,2,40,0,2,38,4,44,0,18,18,62
06/26/2011,ISO,NC,ASO,EN,Federal Contract Tower,2,3,3,0,8,0,0,29,0,29,2,3,32,0,37,6,0,6,43
06/27/2011,ISO,NC,ASO,EN,Federal Contract Tower,0,0,3,6,9,0,0,27,1,28,0,0,30,7,37,0,0,0,37
06/28/2011,ISO,NC,ASO,EN,Federal Contract Tower,0,3,5,6,14,0,0,23,0,23,0,3,28,6,37,0,4,4,41
06/29/2011,ISO,NC,ASO,EN,Federal Contract Tower,0,1,7,12,20,0,0,10,0,10,0,1,17,12,30,0,14,14,44
06/30/2011,ISO,NC,ASO,EN,Federal Contract Tower,0,1,9,2,12,0,0,17,0,17,0,1,26,2,29,22,2,24,53
07/01/2011,ISO,NC,ASO,EN,Federal Contract Tower,2,1,8,12,23,0,0,9,8,17,2,1,17,20,40,0,0,0,40
07/02/2011,ISO,NC,ASO,EN,Federal Contract Tower,0,0,3,0,3,0,0,12,0,12,0,0,15,0,15,0,0,0,15
07/03/2011,ISO,NC,ASO,EN,Federal Contract Tower,2,0,1,0,3,0,0,19,0,19,2,0,20,0,22,6,0,6,28
07/04/2011,ISO,NC,ASO,EN,Federal Contract Tower,0,0,2,0,2,0,0,12,0,12,0,0,14,0,14,0,0,0,14
07/05/2011,ISO,NC,ASO,EN,Federal Contract Tower,0,1,15,16,32,0,0,15,2,17,0,1,30,18,49,0,34,34,83
07/06/2011,ISO,NC,ASO,EN,Federal Contract Tower,0,0,6,0,6,0,0,6,0,6,0,0,12,0,12,0,0,0,12
07/07/2011,ISO,NC,ASO,EN,Federal Contract Tower,0,0,9,23,32,0,0,12,0,12,0,0,21,23,44,0,22,22,66
07/08/2011,ISO,NC,ASO,EN,Federal Contract Tower,0,6,12,8,26,0,0,4,2,6,0,6,16,10,32,0,20,20,52
07/09/2011,ISO,NC,ASO,EN,Federal Contract Tower,2,1,4,0,7,0,0,7,0,7,2,1,11,0,14,0,0,0,14
07/10/2011,ISO,NC,ASO,EN,Federal Contract Tower,3,3,2,0,8,0,0,9,0,9,3,3,11,0,17,0,0,0,17
07/11/2011,ISO,NC,ASO,EN,Federal Contract Tower,0,0,5,21,26,0,0,7,0,7,0,0,12,21,33,10,64,74,107
07/12/2011,ISO,NC,ASO,EN,Federal Contract Tower,0,0,10,8,18,0,0,7,0,7,0,0,17,8,25,0,0,0,25
07/13/2011,ISO,NC,ASO,EN,Federal Contract Tower,0,3,10,12,25,0,0,8,0,8,0,3,18,12,33,8,2,10,43
07/14/2011,ISO,NC,ASO,EN,Federal Contract Tower,2,2,11,16,31,0,0,15,0,15,2,2,26,16,46,2,22,24,70
07/15/2011,ISO,NC,ASO,EN,Federal Contract Tower,0,1,19,19,39,0,0,24,2,26,0,1,43,21,65,36,22,58,123
07/16/2011,ISO,NC,ASO,EN,Federal Contract Tower,0,2,5,0,7,0,0,28,0,28,0,2,33,0,35,6,0,6,41
07/17/2011,ISO,NC,ASO,EN,Federal Contract Tower,4,3,1,0,8,0,0,13,0,13,4,3,14,0,21,0,0,0,21
07/18/2011,ISO,NC,ASO,EN,Federal Contract Tower,0,0,4,18,22,0,0,15,2,17,0,0,19,20,39,28,10,38,77
07/19/2011,ISO,NC,ASO,EN,Federal Contract Tower,0,3,17,10,30,0,0,12,0,12,0,3,29,10,42,32,18,50,92
07/20/2011,ISO,NC,ASO,EN,Federal Contract Tower,0,7,11,41,59,0,0,23,3,26,0,7,34,44,85,0,78,78,163
07/21/2011,ISO,NC,ASO,EN,Federal Contract Tower,0,1,31,10,42,0,0,20,6,26,0,1,51,16,68,6,30,36,104
07/22/2011,ISO,NC,ASO,EN,Federal Contract Tower,0,0,8,7,15,0,0,38,2,40,0,0,46,9,55,14,18,32,87
07/23/2011,ISO,NC,ASO,EN,Federal Contract Tower,2,0,5,0,7,0,0,27,0,27,2,0,32,0,34,0,0,0,34
07/24/2011,ISO,NC,ASO,EN,Federal Contract Tower,0,3,2,0,5,0,0,3,0,3,0,3,5,0,8,0,0,0,8
07/25/2011,ISO,NC,ASO,EN,Federal Contract Tower,0,1,10,19,30,0,0,25,1,26,0,1,35,20,56,4,12,16,72
07/26/2011,ISO,NC,ASO,EN,Federal Contract Tower,0,0,20,8,28,0,0,5,0,5,0,0,25,8,33,10,0,10,43
07/27/2011,ISO,NC,ASO,EN,Federal Contract Tower,0,0,9,16,25,0,0,22,2,24,0,0,31,18,49,20,24,44,93
07/28/2011,ISO,NC,ASO,EN,Federal Contract Tower,0,0,18,6,24,0,0,16,0,16,0,0,34,6,40,0,16,16,56
07/29/2011,ISO,NC,ASO,EN,Federal Contract Tower,2,2,5,6,15,0,0,17,0,17,2,2,22,6,32,10,12,22,54
07/30/2011,ISO,NC,ASO,EN,Federal Contract Tower,0,4,2,0,6,0,0,12,2,14,0,4,14,2,20,10,0,10,30
07/31/2011,ISO,NC,ASO,EN,Federal Contract Tower,2,3,3,0,8,0,0,0,0,0,2,3,3,0,8,0,0,0,8
08/01/2011,ISO,NC,ASO,EN,Federal Contract Tower,0,0,7,17,24,0,0,12,1,13,0,0,19,18,37,0,32,32,69
08/02/2011,ISO,NC,ASO,EN,Federal Contract Tower,0,0,8,14,22,0,0,12,0,12,0,0,20,14,34,2,10,12,46
08/03/2011,ISO,NC,ASO,EN,Federal Contract Tower,0,1,17,11,29,0,0,20,2,22,0,1,37,13,51,4,18,22,73
08/04/2011,ISO,NC,ASO,EN,Federal Contract Tower,0,1,12,3,16,0,0,24,1,25,0,1,36,4,41,4,12,16,57
08/05/2011,ISO,NC,ASO,EN,Federal Contract Tower,2,0,7,26,35,0,0,7,4,11,2,0,14,30,46,0,12,12,58
08/06/2011,ISO,NC,ASO,EN,Federal Contract Tower,0,0,1,0,1,0,0,3,0,3,0,0,4,0,4,0,0,0,4
08/07/2011,ISO,NC,ASO,EN,Federal Contract Tower,2,4,6,0,12,0,0,3,0,3,2,4,9,0,15,0,0,0,15
08/08/2011,ISO,NC,ASO,EN,Federal Contract Tower,0,1,4,14,19,0,0,15,0,15,0,1,19,14,34,14,4,18,52
08/09/2011,ISO,NC,ASO,EN,Federal Contract Tower,0,2,8,3,13,0,0,11,1,12,0,2,19,4,25,6,8,14,39
08/10/2011,ISO,NC,ASO,EN,Federal Contract Tower,0,0,5,23,28,0,0,27,2,29,0,0,32,25,57,26,14,40,97
08/11/2011,ISO,NC,ASO,EN,Federal Contract Tower,2,0,15,6,23,0,0,15,0,15,2,0,30,6,38,0,0,0,38
08/12/2011,ISO,NC,ASO,EN,Federal Contract Tower,2,0,3,6,11,0,0,8,0,8,2,0,11,6,19,0,0,0,19
08/13/2011,ISO,NC,ASO,EN,Federal Contract Tower,0,2,2,0,4,0,0,22,0,22,0,2,24,0,26,8,0,8,34
08/14/2011,ISO,NC,ASO,EN,Federal Contract Tower,3,3,7,0,13,0,0,7,0,7,3,3,14,0,20,0,0,0,20
08/15/2011,ISO,NC,ASO,EN,Federal Contract Tower,0,5,20,10,35,0,0,15,3,18,0,5,35,13,53,14,26,40,93
08/16/2011,ISO,NC,ASO,EN,Federal Contract Tower,0,4,11,10,25,0,0,17,4,21,0,4,28,14,46,8,14,22,68
08/17/2011,ISO,NC,ASO,EN,Federal Contract Tower,2,2,13,13,30,0,0,20,4,24,2,2,33,17,54,0,24,24,78
08/18/2011,ISO,NC,ASO,EN,Federal Contract Tower,0,4,6,50,60,0,0,22,5,27,0,4,28,55,87,0,62,62,149
08/19/2011,ISO,NC,ASO,EN,Federal Contract Tower,0,4,9,15,28,0,2,15,8,25,0,6,24,23,53,6,34,40,93
08/20/2011,ISO,NC,ASO,EN,Federal Contract Tower,2,1,0,0,3,0,0,1,0,1,2,1,1,0,4,0,0,0,4
08/21/2011,ISO,NC,ASO,EN,Federal Contract Tower,0,2,4,2,8,0,0,5,0,5,0,2,9,2,13,0,2,2,15
08/22/2011,ISO,NC,ASO,EN,Federal Contract Tower,0,0,9,35,44,0,0,16,3,19,0,0,25,38,63,2,14,16,79
08/23/2011,ISO,NC,ASO,EN,Federal Contract Tower,0,3,23,29,55,0,0,17,2,19,0,3,40,31,74,0,34,34,108
08/24/2011,ISO,NC,ASO,EN,Federal Contract Tower,0,1,5,57,63,0,0,15,2,17,0,1,20,59,80,8,52,60,140
08/25/2011,ISO,NC,ASO,EN,Federal Contract Tower,0,2,9,5,16,0,0,11,1,12,0,2,20,6,28,0,4,4,32
08/26/2011,ISO,NC,ASO,EN,Federal Contract Tower,0,1,9,0,10,0,0,3,0,3,0,1,12,0,13,0,0,0,13
08/27/2011,ISO,NC,ASO,EN,Federal Contract Tower,0,0,0,0,0,0,0,0,0,0,0,0,0,0,0,0,0,0,0
08/28/2011,ISO,NC,ASO,EN,Federal Contract Tower,0,1,1,0,2,0,0,25,34,59,0,1,26,34,61,0,0,0,61
08/29/2011,ISO,NC,ASO,EN,Federal Contract Tower,0,0,1,1,2,0,0,14,1,15,0,0,15,2,17,0,0,0,17
08/30/2011,ISO,NC,ASO,EN,Federal Contract Tower,0,0,12,12,24,0,0,17,1,18,0,0,29,13,42,4,0,4,46
08/31/2011,ISO,NC,ASO,EN,Federal Contract Tower,0,0,13,17,30,0,2,16,2,20,0,2,29,19,50,16,42,58,108
09/01/2011,ISO,NC,ASO,EN,Federal Contract Tower,0,3,7,6,16,0,0,12,0,12,0,3,19,6,28,14,10,24,52
09/02/2011,ISO,NC,ASO,EN,Federal Contract Tower,2,0,5,8,15,0,0,23,1,24,2,0,28,9,39,8,16,24,63
09/03/2011,ISO,NC,ASO,EN,Federal Contract Tower,0,0,4,0,4,0,0,9,0,9,0,0,13,0,13,4,0,4,17
09/04/2011,ISO,NC,ASO,EN,Federal Contract Tower,2,0,1,0,3,0,0,5,0,5,2,0,6,0,8,0,0,0,8
09/05/2011,ISO,NC,ASO,EN,Federal Contract Tower,0,0,7,0,7,0,0,1,0,1,0,0,8,0,8,0,0,0,8
09/06/2011,ISO,NC,ASO,EN,Federal Contract Tower,0,0,8,6,14,0,0,0,0,0,0,0,8,6,14,0,8,8,22
09/07/2011,ISO,NC,ASO,EN,Federal Contract Tower,0,0,2,12,14,0,0,0,0,0,0,0,2,12,14,0,0,0,14
09/08/2011,ISO,NC,ASO,EN,Federal Contract Tower,2,0,10,5,17,0,0,1,3,4,2,0,11,8,21,0,18,18,39
09/09/2011,ISO,NC,ASO,EN,Federal Contract Tower,2,0,9,11,22,0,0,23,0,23,2,0,32,11,45,2,10,12,57
09/10/2011,ISO,NC,ASO,EN,Federal Contract Tower,1,2,2,0,5,0,0,7,0,7,1,2,9,0,12,0,0,0,12
09/11/2011,ISO,NC,ASO,EN,Federal Contract Tower,3,2,2,0,7,0,0,15,0,15,3,2,17,0,22,0,0,0,22
09/12/2011,ISO,NC,ASO,EN,Federal Contract Tower,0,2,9,10,21,0,0,12,0,12,0,2,21,10,33,4,34,38,71
09/13/2011,ISO,NC,ASO,EN,Federal Contract Tower,0,3,15,10,28,0,0,15,0,15,0,3,30,10,43,0,28,28,71
09/14/2011,ISO,NC,ASO,EN,Federal Contract Tower,0,1,4,8,13,0,0,11,4,15,0,1,15,12,28,4,32,36,64
09/15/2011,ISO,NC,ASO,EN,Federal Contract Tower,2,1,5,12,20,0,0,10,2,12,2,1,15,14,32,0,30,30,62
09/16/2011,ISO,NC,ASO,EN,Federal Contract Tower,0,3,11,6,20,0,0,11,2,13,0,3,22,8,33,0,28,28,61
09/17/2011,ISO,NC,ASO,EN,Federal Contract Tower,0,2,2,0,4,0,0,1,0,1,0,2,3,0,5,0,0,0,5
09/18/2011,ISO,NC,ASO,EN,Federal Contract Tower,2,2,9,0,13,0,0,3,0,3,2,2,12,0,16,0,0,0,16
09/19/2011,ISO,NC,ASO,EN,Federal Contract Tower,0,1,12,10,23,0,0,10,0,10,0,1,22,10,33,6,16,22,55
09/20/2011,ISO,NC,ASO,EN,Federal Contract Tower,0,0,14,12,26,0,0,3,0,3,0,0,17,12,29,0,4,4,33
09/21/2011,ISO,NC,ASO,EN,Federal Contract Tower,3,1,4,11,19,0,0,3,3,6,3,1,7,14,25,0,8,8,33
09/22/2011,ISO,NC,ASO,EN,Federal Contract Tower,0,1,27,2,30,0,0,0,2,2,0,1,27,4,32,0,0,0,32
09/23/2011,ISO,NC,ASO,EN,Federal Contract Tower,2,0,4,0,6,0,0,3,0,3,2,0,7,0,9,0,0,0,9
09/24/2011,ISO,NC,ASO,EN,Federal Contract Tower,0,4,3,0,7,0,0,3,0,3,0,4,6,0,10,0,0,0,10
09/25/2011,ISO,NC,ASO,EN,Federal Contract Tower,1,4,6,2,13,0,0,3,0,3,1,4,9,2,16,0,0,0,16
09/26/2011,ISO,NC,ASO,EN,Federal Contract Tower,0,3,17,8,28,0,0,2,0,2,0,3,19,8,30,6,32,38,68
09/27/2011,ISO,NC,ASO,EN,Federal Contract Tower,0,0,8,8,16,0,0,4,0,4,0,0,12,8,20,0,2,2,22
09/28/2011,ISO,NC,ASO,EN,Federal Contract Tower,0,0,11,8,19,0,0,8,0,8,0,0,19,8,27,6,22,28,55
09/29/2011,ISO,NC,ASO,EN,Federal Contract Tower,0,1,10,8,19,0,0,6,2,8,0,1,16,10,27,0,36,36,63
09/30/2011,ISO,NC,ASO,EN,Federal Contract Tower,0,1,10,2,13,0,0,18,0,18,0,1,28,2,31,2,0,2,33
10/01/2011,ISO,NC,ASO,EN,Federal Contract Tower,0,1,0,0,1,0,0,10,0,10,0,1,10,0,11,4,0,4,15
10/02/2011,ISO,NC,ASO,EN,Federal Contract Tower,0,3,2,0,5,0,0,6,0,6,0,3,8,0,11,8,0,8,19
10/03/2011,ISO,NC,ASO,EN,Federal Contract Tower,0,0,14,0,14,0,0,13,0,13,0,0,27,0,27,30,0,30,57
10/04/2011,ISO,NC,ASO,EN,Federal Contract Tower,0,0,7,9,16,0,0,12,0,12,0,0,19,9,28,26,16,42,70
10/05/2011,ISO,NC,ASO,EN,Federal Contract Tower,0,0,4,10,14,0,0,18,2,20,0,0,22,12,34,8,28,36,70
10/06/2011,ISO,NC,ASO,EN,Federal Contract Tower,0,2,2,18,22,0,1,24,2,27,0,3,26,20,49,52,40,92,141
10/07/2011,ISO,NC,ASO,EN,Federal Contract Tower,5,2,9,0,16,0,0,24,0,24,5,2,33,0,40,52,0,52,92
10/08/2011,ISO,NC,ASO,EN,Federal Contract Tower,1,2,3,0,6,0,0,11,0,11,1,2,14,0,17,0,0,0,17
10/09/2011,ISO,NC,ASO,EN,Federal Contract Tower,5,2,3,0,10,0,1,1,0,2,5,3,4,0,12,0,0,0,12
10/10/2011,ISO,NC,ASO,EN,Federal Contract Tower,0,1,5,0,6,0,0,21,0,21,0,1,26,0,27,42,0,42,69
10/11/2011,ISO,NC,ASO,EN,Federal Contract Tower,0,1,8,0,9,0,0,0,0,0,0,1,8,0,9,8,0,8,17
10/12/2011,ISO,NC,ASO,EN,Federal Contract Tower,0,1,8,21,30,0,0,1,1,2,0,1,9,22,32,0,44,44,76
10/13/2011,ISO,NC,ASO,EN,Federal Contract Tower,0,4,2,6,12,0,0,0,2,2,0,4,2,8,14,0,20,20,34
10/14/2011,ISO,NC,ASO,EN,Federal Contract Tower,4,3,6,1,14,0,0,10,2,12,4,3,16,3,26,0,4,4,30
10/15/2011,ISO,NC,ASO,EN,Federal Contract Tower,0,1,1,0,2,0,0,19,4,23,0,1,20,4,25,6,0,6,31
10/16/2011,ISO,NC,ASO,EN,Federal Contract Tower,0,3,2,0,5,0,0,15,0,15,0,3,17,0,20,4,0,4,24
10/17/2011,ISO,NC,ASO,EN,Federal Contract Tower,0,0,10,17,27,0,0,14,1,15,0,0,24,18,42,2,42,44,86
10/18/2011,ISO,NC,ASO,EN,Federal Contract Tower,0,3,24,14,41,0,0,12,0,12,0,3,36,14,53,24,26,50,103
10/19/2011,ISO,NC,ASO,EN,Federal Contract Tower,0,6,0,4,10,0,0,1,0,1,0,6,1,4,11,0,0,0,11
10/20/2011,ISO,NC,ASO,EN,Federal Contract Tower,1,4,21,24,50,0,0,4,0,4,1,4,25,24,54,0,26,26,80
10/21/2011,ISO,NC,ASO,EN,Federal Contract Tower,4,0,15,0,19,0,0,15,0,15,4,0,30,0,34,6,0,6,40
10/22/2011,ISO,NC,ASO,EN,Federal Contract Tower,1,6,6,0,13,0,0,17,0,17,1,6,23,0,30,28,0,28,58
10/23/2011,ISO,NC,ASO,EN,Federal Contract Tower,0,4,5,1,10,0,0,4,2,6,0,4,9,3,16,0,0,0,16
10/24/2011,ISO,NC,ASO,EN,Federal Contract Tower,2,1,12,2,17,0,3,12,0,15,2,4,24,2,32,8,14,22,54
10/25/2011,ISO,NC,ASO,EN,Federal Contract Tower,0,1,14,7,22,0,0,8,1,9,0,1,22,8,31,2,16,18,49
10/26/2011,ISO,NC,ASO,EN,Federal Contract Tower,0,1,16,0,17,0,0,12,0,12,0,1,28,0,29,8,0,8,37
10/27/2011,ISO,NC,ASO,EN,Federal Contract Tower,0,0,2,22,24,0,0,5,0,5,0,0,7,22,29,2,20,22,51
10/28/2011,ISO,NC,ASO,EN,Federal Contract Tower,2,4,14,0,20,0,0,2,0,2,2,4,16,0,22,2,0,2,24
10/29/2011,ISO,NC,ASO,EN,Federal Contract Tower,0,2,5,0,7,0,0,3,0,3,0,2,8,0,10,0,0,0,10
10/30/2011,ISO,NC,ASO,EN,Federal Contract Tower,2,0,1,0,3,0,0,14,2,16,2,0,15,2,19,18,0,18,37
10/31/2011,ISO,NC,ASO,EN,Federal Contract Tower,0,2,13,44,59,0,0,5,0,5,0,2,18,44,64,3,6,9,73
11/01/2011,ISO,NC,ASO,EN,Federal Contract Tower,0,1,9,22,32,0,0,7,0,7,0,1,16,22,39,0,26,26,65
11/02/2011,ISO,NC,ASO,EN,Federal Contract Tower,0,1,11,12,24,0,0,25,2,27,0,1,36,14,51,36,0,36,87
11/03/2011,ISO,NC,ASO,EN,Federal Contract Tower,0,0,7,10,17,0,0,19,6,25,0,0,26,16,42,6,28,34,76
11/04/2011,ISO,NC,ASO,EN,Federal Contract Tower,3,0,7,0,10,0,0,0,0,0,3,0,7,0,10,0,0,0,10
11/05/2011,ISO,NC,ASO,EN,Federal Contract Tower,1,2,2,0,5,0,0,7,0,7,1,2,9,0,12,4,0,4,16
11/06/2011,ISO,NC,ASO,EN,Federal Contract Tower,2,2,1,0,5,0,0,10,0,10,2,2,11,0,15,4,0,4,19
11/07/2011,ISO,NC,ASO,EN,Federal Contract Tower,0,0,6,11,17,0,0,15,1,16,0,0,21,12,33,38,36,74,107
11/08/2011,ISO,NC,ASO,EN,Federal Contract Tower,0,0,16,33,49,0,0,13,2,15,0,0,29,35,64,44,20,64,128
11/09/2011,ISO,NC,ASO,EN,Federal Contract Tower,0,0,9,19,28,0,0,20,3,23,0,0,29,22,51,34,32,66,117
11/10/2011,ISO,NC,ASO,EN,Federal Contract Tower,0,0,11,10,21,0,0,7,0,7,0,0,18,10,28,2,22,24,52
11/11/2011,ISO,NC,ASO,EN,Federal Contract Tower,6,3,4,0,13,0,0,11,0,11,6,3,15,0,24,26,0,26,50
11/12/2011,ISO,NC,ASO,EN,Federal Contract Tower,1,1,0,0,2,0,0,9,0,9,1,1,9,0,11,14,0,14,25
11/13/2011,ISO,NC,ASO,EN,Federal Contract Tower,3,1,2,0,6,0,0,15,0,15,3,1,17,0,21,0,0,0,21
11/14/2011,ISO,NC,ASO,EN,Federal Contract Tower,0,0,4,17,21,0,0,2,3,5,0,0,6,20,26,0,51,51,77
11/15/2011,ISO,NC,ASO,EN,Federal Contract Tower,0,2,11,9,22,0,0,4,1,5,0,2,15,10,27,0,10,10,37
11/16/2011,ISO,NC,ASO,EN,Federal Contract Tower,0,3,1,5,9,0,0,3,3,6,0,3,4,8,15,0,20,20,35
11/17/2011,ISO,NC,ASO,EN,Federal Contract Tower,0,3,7,6,16,0,0,5,0,5,0,3,12,6,21,12,0,12,33
11/18/2011,ISO,NC,ASO,EN,Federal Contract Tower,0,4,2,2,8,0,0,8,8,16,0,4,10,10,24,8,0,8,32
11/19/2011,ISO,NC,ASO,EN,Federal Contract Tower,0,0,4,0,4,0,0,11,0,11,0,0,15,0,15,20,0,20,35
11/20/2011,ISO,NC,ASO,EN,Federal Contract Tower,0,4,3,0,7,0,0,5,10,15,0,4,8,10,22,0,8,8,30
11/21/2011,ISO,NC,ASO,EN,Federal Contract Tower,1,0,10,31,42,0,0,4,0,4,1,0,14,31,46,0,50,50,96
11/22/2011,ISO,NC,ASO,EN,Federal Contract Tower,1,1,22,14,38,0,0,4,0,4,1,1,26,14,42,14,0,14,56
11/23/2011,ISO,NC,ASO,EN,Federal Contract Tower,0,2,8,8,18,0,0,1,0,1,0,2,9,8,19,0,0,0,19
11/24/2011,ISO,NC,ASO,EN,Federal Contract Tower,0,1,0,0,1,0,0,4,0,4,0,1,4,0,5,0,0,0,5
11/25/2011,ISO,NC,ASO,EN,Federal Contract Tower,4,1,4,0,9,0,0,7,0,7,4,1,11,0,16,0,0,0,16
11/26/2011,ISO,NC,ASO,EN,Federal Contract Tower,0,1,7,0,8,0,0,11,0,11,0,1,18,0,19,0,0,0,19
11/27/2011,ISO,NC,ASO,EN,Federal Contract Tower,2,0,5,0,7,0,0,16,0,16,2,0,21,0,23,4,0,4,27
11/28/2011,ISO,NC,ASO,EN,Federal Contract Tower,0,1,0,16,17,0,0,0,0,0,0,1,0,16,17,0,26,26,43
11/29/2011,ISO,NC,ASO,EN,Federal Contract Tower,0,1,1,6,8,0,0,1,2,3,0,1,2,8,11,0,0,0,11
11/30/2011,ISO,NC,ASO,EN,Federal Contract Tower,0,0,12,30,42,0,0,19,3,22,0,0,31,33,64,18,60,78,142
12/01/2011,ISO,NC,ASO,EN,Federal Contract Tower,0,2,10,10,22,0,0,20,0,20,0,2,30,10,42,94,8,102,144
12/02/2011,ISO,NC,ASO,EN,Federal Contract Tower,4,1,3,2,10,0,0,20,0,20,4,1,23,2,30,32,0,32,62
12/03/2011,ISO,NC,ASO,EN,Federal Contract Tower,1,0,0,0,1,0,0,8,0,8,1,0,8,0,9,4,0,4,13
12/04/2011,ISO,NC,ASO,EN,Federal Contract Tower,3,0,5,0,8,0,0,14,0,14,3,0,19,0,22,10,0,10,32
12/05/2011,ISO,NC,ASO,EN,Federal Contract Tower,2,2,4,17,25,0,0,10,2,12,2,2,14,19,37,0,14,14,51
12/06/2011,ISO,NC,ASO,EN,Federal Contract Tower,0,1,6,26,33,0,0,7,2,9,0,1,13,28,42,2,88,90,132
12/07/2011,ISO,NC,ASO,EN,Federal Contract Tower,0,2,2,35,39,0,0,0,0,0,0,2,2,35,39,0,6,6,45
12/08/2011,ISO,NC,ASO,EN,Federal Contract Tower,0,2,3,14,19,0,0,18,0,18,0,2,21,14,37,8,6,14,51
12/09/2011,ISO,NC,ASO,EN,Federal Contract Tower,0,5,4,12,21,0,1,7,0,8,0,6,11,12,29,0,18,18,47
12/10/2011,ISO,NC,ASO,EN,Federal Contract Tower,0,5,3,6,14,0,3,5,0,8,0,8,8,6,22,2,0,2,24
12/11/2011,ISO,NC,ASO,EN,Federal Contract Tower,3,8,4,0,15,0,0,13,0,13,3,8,17,0,28,8,0,8,36
12/12/2011,ISO,NC,ASO,EN,Federal Contract Tower,1,1,6,11,19,0,0,4,2,6,1,1,10,13,25,0,42,42,67
12/13/2011,ISO,NC,ASO,EN,Federal Contract Tower,0,0,11,21,32,0,0,11,0,11,0,0,22,21,43,10,18,28,71
12/14/2011,ISO,NC,ASO,EN,Federal Contract Tower,0,1,7,10,18,0,0,10,0,10,0,1,17,10,28,16,4,20,48
12/15/2011,ISO,NC,ASO,EN,Federal Contract Tower,0,1,7,9,17,0,0,11,4,15,0,1,18,13,32,0,60,60,92
12/16/2011,ISO,NC,ASO,EN,Federal Contract Tower,0,0,9,8,17,0,0,10,4,14,0,0,19,12,31,4,14,18,49
12/17/2011,ISO,NC,ASO,EN,Federal Contract Tower,0,0,4,0,4,0,0,15,0,15,0,0,19,0,19,4,0,4,23
12/18/2011,ISO,NC,ASO,EN,Federal Contract Tower,0,0,2,0,2,0,0,8,0,8,0,0,10,0,10,6,0,6,16
12/19/2011,ISO,NC,ASO,EN,Federal Contract Tower,0,2,3,4,9,0,0,3,0,3,0,2,6,4,12,8,4,12,24
12/20/2011,ISO,NC,ASO,EN,Federal Contract Tower,0,3,6,9,18,0,0,4,3,7,0,3,10,12,25,0,18,18,43
12/21/2011,ISO,NC,ASO,EN,Federal Contract Tower,0,3,15,4,22,0,0,0,0,0,0,3,15,4,22,0,18,18,40
12/22/2011,ISO,NC,ASO,EN,Federal Contract Tower,0,0,10,14,24,0,0,6,0,6,0,0,16,14,30,4,20,24,54
12/23/2011,ISO,NC,ASO,EN,Federal Contract Tower,0,3,1,0,4,0,0,4,0,4,0,3,5,0,8,10,0,10,18
12/24/2011,ISO,NC,ASO,EN,Federal Contract Tower,0,0,0,0,0,0,0,2,0,2,0,0,2,0,2,0,0,0,2
12/25/2011,ISO,NC,ASO,EN,Federal Contract Tower,0,1,2,0,3,0,0,3,0,3,0,1,5,0,6,0,0,0,6
12/26/2011,ISO,NC,ASO,EN,Federal Contract Tower,0,2,7,0,9,0,0,6,0,6,0,2,13,0,15,14,0,14,29
12/27/2011,ISO,NC,ASO,EN,Federal Contract Tower,0,0,5,2,7,0,0,0,0,0,0,0,5,2,7,0,0,0,7
12/28/2011,ISO,NC,ASO,EN,Federal Contract Tower,0,0,0,0,0,0,0,5,2,7,0,0,5,2,7,0,0,0,7
12/29/2011,ISO,NC,ASO,EN,Federal Contract Tower,0,0,5,8,13,0,0,5,2,7,0,0,10,10,20,2,8,10,30
12/30/2011,ISO,NC,ASO,EN,Federal Contract Tower,2,4,9,0,15,0,0,12,0,12,2,4,21,0,27,10,0,10,37
12/31/2011,ISO,NC,ASO,EN,Federal Contract Tower,0,1,3,0,4,0,0,8,0,8,0,1,11,0,12,0,0,0,12
01/01/2012,ISO,NC,ASO,EN,Federal Contract Tower,0,2,3,0,5,0,0,2,0,2,0,2,5,0,7,0,0,0,7
01/02/2012,ISO,NC,ASO,EN,Federal Contract Tower,2,4,6,0,12,0,0,8,0,8,2,4,14,0,20,12,0,12,32
01/03/2012,ISO,NC,ASO,EN,Federal Contract Tower,0,0,4,0,4,0,0,6,0,6,0,0,10,0,10,0,0,0,10
01/04/2012,ISO,NC,ASO,EN,Federal Contract Tower,0,2,9,11,22,0,0,13,2,15,0,2,22,13,37,30,20,50,87
01/05/2012,ISO,NC,ASO,EN,Federal Contract Tower,0,12,10,22,44,0,0,24,0,24,0,12,34,22,68,56,6,62,130
01/06/2012,ISO,NC,ASO,EN,Federal Contract Tower,2,1,11,7,21,0,0,28,5,33,2,1,39,12,54,24,14,38,92
01/07/2012,ISO,NC,ASO,EN,Federal Contract Tower,0,0,3,0,3,0,0,16,0,16,0,0,19,0,19,8,0,8,27
01/08/2012,ISO,NC,ASO,EN,Federal Contract Tower,2,1,3,0,6,0,0,9,0,9,2,1,12,0,15,20,0,20,35
01/09/2012,ISO,NC,ASO,EN,Federal Contract Tower,0,1,5,20,26,0,0,1,0,1,0,1,6,20,27,0,0,0,27
01/10/2012,ISO,NC,ASO,EN,Federal Contract Tower,0,0,10,26,36,0,0,8,1,9,0,0,18,27,45,0,8,8,53
01/11/2012,ISO,NC,ASO,EN,Federal Contract Tower,0,0,7,20,27,0,0,0,0,0,0,0,7,20,27,0,0,0,27
01/12/2012,ISO,NC,ASO,EN,Federal Contract Tower,0,1,9,14,24,0,0,6,0,6,0,1,15,14,30,14,22,36,66
01/13/2012,ISO,NC,ASO,EN,Federal Contract Tower,4,3,12,8,27,0,0,3,0,3,4,3,15,8,30,0,0,0,30
01/14/2012,ISO,NC,ASO,EN,Federal Contract Tower,1,2,8,0,11,0,0,17,0,17,1,2,25,0,28,30,0,30,58
01/15/2012,ISO,NC,ASO,EN,Federal Contract Tower,1,2,3,0,6,0,0,10,0,10,1,2,13,0,16,0,0,0,16
01/16/2012,ISO,NC,ASO,EN,Federal Contract Tower,0,3,10,0,13,0,0,12,0,12,0,3,22,0,25,30,0,30,55
01/17/2012,ISO,NC,ASO,EN,Federal Contract Tower,2,1,7,16,26,0,0,6,2,8,2,1,13,18,34,0,16,16,50
01/18/2012,ISO,NC,ASO,EN,Federal Contract Tower,0,2,6,4,12,0,0,2,0,2,0,2,8,4,14,4,0,4,18
01/19/2012,ISO,NC,ASO,EN,Federal Contract Tower,0,2,9,11,22,0,0,14,0,14,0,2,23,11,36,22,12,34,70
01/20/2012,ISO,NC,ASO,EN,Federal Contract Tower,0,0,20,16,36,0,0,8,9,17,0,0,28,25,53,18,58,76,129
01/21/2012,ISO,NC,ASO,EN,Federal Contract Tower,0,1,3,6,10,0,0,4,0,4,0,1,7,6,14,2,0,2,16
01/22/2012,ISO,NC,ASO,EN,Federal Contract Tower,0,0,7,2,9,0,0,0,0,0,0,0,7,2,9,0,0,0,9
01/23/2012,ISO,NC,ASO,EN,Federal Contract Tower,1,0,21,14,36,0,0,0,0,0,1,0,21,14,36,10,0,10,46
01/24/2012,ISO,NC,ASO,EN,Federal Contract Tower,0,0,19,12,31,0,0,0,0,0,0,0,19,12,31,0,2,2,33
01/25/2012,ISO,NC,ASO,EN,Federal Contract Tower,0,2,2,6,10,0,0,27,0,27,0,2,29,6,37,74,0,74,111
01/26/2012,ISO,NC,ASO,EN,Federal Contract Tower,0,2,11,10,23,0,0,4,0,4,0,2,15,10,27,0,4,4,31
01/27/2012,ISO,NC,ASO,EN,Federal Contract Tower,2,2,15,0,19,0,0,4,0,4,2,2,19,0,23,0,0,0,23
01/28/2012,ISO,NC,ASO,EN,Federal Contract Tower,0,2,2,0,4,0,0,44,0,44,0,2,46,0,48,28,0,28,76
01/29/2012,ISO,NC,ASO,EN,Federal Contract Tower,2,2,4,0,8,0,0,17,0,17,2,2,21,0,25,20,0,20,45
01/30/2012,ISO,NC,ASO,EN,Federal Contract Tower,0,0,9,13,22,0,0,22,2,24,0,0,31,15,46,26,30,56,102
01/31/2012,ISO,NC,ASO,EN,Federal Contract Tower,0,4,9,15,28,0,0,22,3,25,0,4,31,18,53,30,66,96,149
02/01/2012,ISO,NC,ASO,EN,Federal Contract Tower,0,2,6,20,28,0,0,4,0,4,0,2,10,20,32,0,2,2,34
02/02/2012,ISO,NC,ASO,EN,Federal Contract Tower,1,3,6,22,32,0,0,5,5,10,1,3,11,27,42,0,78,78,120
02/03/2012,ISO,NC,ASO,EN,Federal Contract Tower,1,2,11,6,20,0,0,17,4,21,1,2,28,10,41,34,18,52,93
02/04/2012,ISO,NC,ASO,EN,Federal Contract Tower,0,5,2,0,7,0,0,10,0,10,0,5,12,0,17,0,0,0,17
02/05/2012,ISO,NC,ASO,EN,Federal Contract Tower,2,2,0,0,4,0,0,0,0,0,2,2,0,0,4,0,0,0,4
02/06/2012,ISO,NC,ASO,EN,Federal Contract Tower,1,1,6,2,10,0,0,9,0,9,1,1,15,2,19,0,0,0,19
02/07/2012,ISO,NC,ASO,EN,Federal Contract Tower,1,1,5,18,25,0,0,15,2,17,1,1,20,20,42,10,40,50,92
02/08/2012,ISO,NC,ASO,EN,Federal Contract Tower,0,0,12,16,28,0,0,7,3,10,0,0,19,19,38,4,22,26,64
02/09/2012,ISO,NC,ASO,EN,Federal Contract Tower,0,1,6,31,38,0,0,17,5,22,0,1,23,36,60,0,36,36,96
02/10/2012,ISO,NC,ASO,EN,Federal Contract Tower,2,1,9,19,31,0,0,6,5,11,2,1,15,24,42,0,18,18,60
02/11/2012,ISO,NC,ASO,EN,Federal Contract Tower,1,0,4,0,5,0,0,0,2,2,1,0,4,2,7,0,16,16,23
02/12/2012,ISO,NC,ASO,EN,Federal Contract Tower,1,0,0,0,1,0,0,6,0,6,1,0,6,0,7,6,0,6,13
02/13/2012,ISO,NC,ASO,EN,Federal Contract Tower,0,5,6,10,21,0,0,12,2,14,0,5,18,12,35,14,8,22,57
02/14/2012,ISO,NC,ASO,EN,Federal Contract Tower,0,0,4,26,30,0,0,4,4,8,0,0,8,30,38,0,86,86,124
02/15/2012,ISO,NC,ASO,EN,Federal Contract Tower,0,0,7,8,15,0,0,8,2,10,0,0,15,10,25,20,46,66,91
02/16/2012,ISO,NC,ASO,EN,Federal Contract Tower,0,0,15,10,25,0,0,0,0,0,0,0,15,10,25,0,8,8,33
02/17/2012,ISO,NC,ASO,EN,Federal Contract Tower,0,2,6,14,22,0,0,20,2,22,0,2,26,16,44,28,14,42,86
02/18/2012,ISO,NC,ASO,EN,Federal Contract Tower,0,2,2,0,4,0,0,10,0,10,0,2,12,0,14,6,0,6,20
02/19/2012,ISO,NC,ASO,EN,Federal Contract Tower,0,3,0,0,3,0,0,0,0,0,0,3,0,0,3,0,0,0,3
02/20/2012,ISO,NC,ASO,EN,Federal Contract Tower,0,1,5,0,6,0,0,12,0,12,0,1,17,0,18,20,0,20,38
02/21/2012,ISO,NC,ASO,EN,Federal Contract Tower,0,5,17,16,38,0,0,6,4,10,0,5,23,20,48,4,76,80,128
02/22/2012,ISO,NC,ASO,EN,Federal Contract Tower,0,2,4,40,46,0,0,14,7,21,0,2,18,47,67,0,58,58,125
02/23/2012,ISO,NC,ASO,EN,Federal Contract Tower,0,0,3,17,20,0,0,10,6,16,0,0,13,23,36,18,28,46,82
02/24/2012,ISO,NC,ASO,EN,Federal Contract Tower,2,3,3,11,19,0,0,0,4,4,2,3,3,15,23,0,24,24,47
02/25/2012,ISO,NC,ASO,EN,Federal Contract Tower,0,0,6,1,7,0,0,5,1,6,0,0,11,2,13,0,8,8,21
02/26/2012,ISO,NC,ASO,EN,Federal Contract Tower,2,1,4,1,8,0,0,22,0,22,2,1,26,1,30,28,0,28,58
02/27/2012,ISO,NC,ASO,EN,Federal Contract Tower,0,0,9,14,23,0,0,2,0,2,0,0,11,14,25,8,0,8,33
02/28/2012,ISO,NC,ASO,EN,Federal Contract Tower,0,0,10,24,34,0,0,13,3,16,0,0,23,27,50,6,58,64,114
02/29/2012,ISO,NC,ASO,EN,Federal Contract Tower,0,1,1,16,18,0,0,0,4,4,0,1,1,20,22,10,38,48,70
03/01/2012,ISO,NC,ASO,EN,Federal Contract Tower,2,0,11,16,29,0,0,8,2,10,2,0,19,18,39,8,10,18,57
03/02/2012,ISO,NC,ASO,EN,Federal Contract Tower,2,1,7,16,26,0,0,2,0,2,2,1,9,16,28,0,0,0,28
03/03/2012,ISO,NC,ASO,EN,Federal Contract Tower,0,4,7,0,11,0,0,0,0,0,0,4,7,0,11,0,0,0,11
03/04/2012,ISO,NC,ASO,EN,Federal Contract Tower,4,2,4,0,10,0,0,6,0,6,4,2,10,0,16,20,0,20,36
03/05/2012,ISO,NC,ASO,EN,Federal Contract Tower,0,0,7,30,37,0,0,1,8,9,0,0,8,38,46,0,38,38,84
03/06/2012,ISO,NC,ASO,EN,Federal Contract Tower,0,1,10,35,46,0,0,16,1,17,0,1,26,36,63,2,78,80,143
03/07/2012,ISO,NC,ASO,EN,Federal Contract Tower,0,1,4,20,25,0,0,24,4,28,0,1,28,24,53,12,26,38,91
03/08/2012,ISO,NC,ASO,EN,Federal Contract Tower,0,0,4,4,8,0,0,21,2,23,0,0,25,6,31,12,0,12,43
03/09/2012,ISO,NC,ASO,EN,Federal Contract Tower,2,1,11,2,16,0,0,9,0,9,2,1,20,2,25,0,0,0,25
03/10/2012,ISO,NC,ASO,EN,Federal Contract Tower,2,1,5,0,8,0,0,17,0,17,2,1,22,0,25,2,0,2,27
03/11/2012,ISO,NC,ASO,EN,Federal Contract Tower,0,1,2,0,3,0,0,14,0,14,0,1,16,0,17,0,0,0,17
03/12/2012,ISO,NC,ASO,EN,Federal Contract Tower,0,0,8,26,34,0,0,9,0,9,0,0,17,26,43,16,30,46,89
03/13/2012,ISO,NC,ASO,EN,Federal Contract Tower,0,2,11,14,27,0,0,8,2,10,0,2,19,16,37,8,12,20,57
03/14/2012,ISO,NC,ASO,EN,Federal Contract Tower,0,1,5,21,27,0,0,10,2,12,0,1,15,23,39,10,10,20,59
03/15/2012,ISO,NC,ASO,EN,Federal Contract Tower,0,0,8,4,12,0,0,17,0,17,0,0,25,4,29,14,4,18,47
03/16/2012,ISO,NC,ASO,EN,Federal Contract Tower,0,5,14,10,29,0,0,13,0,13,0,5,27,10,42,6,0,6,48
03/17/2012,ISO,NC,ASO,EN,Federal Contract Tower,0,0,2,0,2,0,0,5,0,5,0,0,7,0,7,0,0,0,7
03/18/2012,ISO,NC,ASO,EN,Federal Contract Tower,0,2,9,0,11,0,0,1,0,1,0,2,10,0,12,0,0,0,12
03/19/2012,ISO,NC,ASO,EN,Federal Contract Tower,0,0,8,17,25,0,0,8,1,9,0,0,16,18,34,0,14,14,48
03/20/2012,ISO,NC,ASO,EN,Federal Contract Tower,0,0,3,8,11,0,0,24,2,26,0,0,27,10,37,16,18,34,71
03/21/2012,ISO,NC,ASO,EN,Federal Contract Tower,0,5,6,2,13,0,0,2,0,2,0,5,8,2,15,10,6,16,31
03/22/2012,ISO,NC,ASO,EN,Federal Contract Tower,0,1,8,34,43,0,0,7,1,8,0,1,15,35,51,0,50,50,101
03/23/2012,ISO,NC,ASO,EN,Federal Contract Tower,2,4,6,15,27,0,0,24,5,29,2,4,30,20,56,38,22,60,116
03/24/2012,ISO,NC,ASO,EN,Federal Contract Tower,0,0,8,0,8,0,0,0,0,0,0,0,8,0,8,0,0,0,8
03/25/2012,ISO,NC,ASO,EN,Federal Contract Tower,0,0,6,0,6,0,0,1,0,1,0,0,7,0,7,0,0,0,7
03/26/2012,ISO,NC,ASO,EN,Federal Contract Tower,0,0,5,34,39,0,0,10,4,14,0,0,15,38,53,20,30,50,103
03/27/2012,ISO,NC,ASO,EN,Federal Contract Tower,0,2,8,18,28,0,0,34,0,34,0,2,42,18,62,2,22,24,86
03/28/2012,ISO,NC,ASO,EN,Federal Contract Tower,0,1,8,6,15,0,0,3,0,3,0,1,11,6,18,6,0,6,24
03/29/2012,ISO,NC,ASO,EN,Federal Contract Tower,0,0,27,19,46,0,0,23,2,25,0,0,50,21,71,18,30,48,119
03/30/2012,ISO,NC,ASO,EN,Federal Contract Tower,2,4,8,17,31,0,0,31,7,38,2,4,39,24,69,10,18,28,97
03/31/2012,ISO,NC,ASO,EN,Federal Contract Tower,0,0,2,0,2,0,0,5,0,5,0,0,7,0,7,0,0,0,7
04/01/2012,ISO,NC,ASO,EN,Federal Contract Tower,2,2,12,0,16,0,0,10,0,10,2,2,22,0,26,4,0,4,30
04/02/2012,ISO,NC,ASO,EN,Federal Contract Tower,0,0,6,17,23,0,0,8,4,12,0,0,14,21,35,20,16,36,71
04/03/2012,ISO,NC,ASO,EN,Federal Contract Tower,0,2,9,17,28,0,0,15,1,16,0,2,24,18,44,0,24,24,68
04/04/2012,ISO,NC,ASO,EN,Federal Contract Tower,0,2,8,12,22,0,0,7,0,7,0,2,15,12,29,4,32,36,65
04/05/2012,ISO,NC,ASO,EN,Federal Contract Tower,0,1,9,4,14,0,0,11,0,11,0,1,20,4,25,0,0,0,25
04/06/2012,ISO,NC,ASO,EN,Federal Contract Tower,0,0,5,0,5,0,0,9,0,9,0,0,14,0,14,12,0,12,26
04/07/2012,ISO,NC,ASO,EN,Federal Contract Tower,0,0,7,0,7,0,0,8,0,8,0,0,15,0,15,6,0,6,21
04/08/2012,ISO,NC,ASO,EN,Federal Contract Tower,0,1,5,0,6,0,0,5,0,5,0,1,10,0,11,0,0,0,11
04/09/2012,ISO,NC,ASO,EN,Federal Contract Tower,0,0,6,13,19,0,0,31,0,31,0,0,37,13,50,0,42,42,92
04/10/2012,ISO,NC,ASO,EN,Federal Contract Tower,0,0,5,10,15,0,0,8,1,9,0,0,13,11,24,0,40,40,64
04/11/2012,ISO,NC,ASO,EN,Federal Contract Tower,0,0,7,12,19,0,0,13,2,15,0,0,20,14,34,6,56,62,96
04/12/2012,ISO,NC,ASO,EN,Federal Contract Tower,0,1,14,5,20,0,0,34,3,37,0,1,48,8,57,10,22,32,89
04/13/2012,ISO,NC,ASO,EN,Federal Contract Tower,2,0,8,4,14,0,0,20,2,22,2,0,28,6,36,2,20,22,58
04/14/2012,ISO,NC,ASO,EN,Federal Contract Tower,1,3,2,0,6,0,0,30,0,30,1,3,32,0,36,6,0,6,42
04/15/2012,ISO,NC,ASO,EN,Federal Contract Tower,1,2,7,1,11,0,0,8,1,9,1,2,15,2,20,0,0,0,20
04/16/2012,ISO,NC,ASO,EN,Federal Contract Tower,2,0,7,10,19,0,0,27,2,29,2,0,34,12,48,16,26,42,90
04/17/2012,ISO,NC,ASO,EN,Federal Contract Tower,0,0,6,12,18,0,0,11,7,18,0,0,17,19,36,12,52,64,100
04/18/2012,ISO,NC,ASO,EN,Federal Contract Tower,0,0,5,8,13,0,0,8,0,8,0,0,13,8,21,0,6,6,27
04/19/2012,ISO,NC,ASO,EN,Federal Contract Tower,0,2,12,2,16,0,0,11,0,11,0,2,23,2,27,6,0,6,33
04/20/2012,ISO,NC,ASO,EN,Federal Contract Tower,0,0,13,6,19,0,0,21,0,21,0,0,34,6,40,28,0,28,68
04/21/2012,ISO,NC,ASO,EN,Federal Contract Tower,0,1,6,0,7,0,0,10,0,10,0,1,16,0,17,6,0,6,23
04/22/2012,ISO,NC,ASO,EN,Federal Contract Tower,0,0,4,0,4,0,0,0,0,0,0,0,4,0,4,0,0,0,4
04/23/2012,ISO,NC,ASO,EN,Federal Contract Tower,0,0,4,34,38,0,0,10,0,10,0,0,14,34,48,12,4,16,64
04/24/2012,ISO,NC,ASO,EN,Federal Contract Tower,0,1,6,12,19,0,0,11,2,13,0,1,17,14,32,18,18,36,68
04/25/2012,ISO,NC,ASO,EN,Federal Contract Tower,0,2,9,30,41,0,0,23,8,31,0,2,32,38,72,2,42,44,116
04/26/2012,ISO,NC,ASO,EN,Federal Contract Tower,0,3,7,6,16,0,0,7,0,7,0,3,14,6,23,0,6,6,29
04/27/2012,ISO,NC,ASO,EN,Federal Contract Tower,2,3,8,2,15,0,0,27,1,28,2,3,35,3,43,42,40,82,125
04/28/2012,ISO,NC,ASO,EN,Federal Contract Tower,0,0,3,0,3,0,0,6,0,6,0,0,9,0,9,4,0,4,13
04/29/2012,ISO,NC,ASO,EN,Federal Contract Tower,0,2,5,0,7,0,0,1,0,1,0,2,6,0,8,0,0,0,8
04/30/2012,ISO,NC,ASO,EN,Federal Contract Tower,0,1,12,13,26,0,0,7,1,8,0,1,19,14,34,0,22,22,56
05/01/2012,ISO,NC,ASO,EN,Federal Contract Tower,0,1,6,8,15,0,0,7,2,9,0,1,13,10,24,6,0,6,30
05/02/2012,ISO,NC,ASO,EN,Federal Contract Tower,0,1,8,2,11,0,0,21,1,22,0,1,29,3,33,6,28,34,67
05/03/2012,ISO,NC,ASO,EN,Federal Contract Tower,0,1,10,12,23,0,0,12,2,14,0,1,22,14,37,10,4,14,51
05/04/2012,ISO,NC,ASO,EN,Federal Contract Tower,2,0,14,15,31,0,0,18,1,19,2,0,32,16,50,0,14,14,64
05/05/2012,ISO,NC,ASO,EN,Federal Contract Tower,2,2,0,0,4,0,0,8,0,8,2,2,8,0,12,2,0,2,14
05/06/2012,ISO,NC,ASO,EN,Federal Contract Tower,2,3,5,0,10,0,0,2,0,2,2,3,7,0,12,0,0,0,12
05/07/2012,ISO,NC,ASO,EN,Federal Contract Tower,0,0,8,5,13,0,0,19,0,19,0,0,27,5,32,22,6,28,60
05/08/2012,ISO,NC,ASO,EN,Federal Contract Tower,0,1,4,31,36,0,0,17,1,18,0,1,21,32,54,28,30,58,112
05/09/2012,ISO,NC,ASO,EN,Federal Contract Tower,0,1,11,2,14,0,0,3,0,3,0,1,14,2,17,0,0,0,17
05/10/2012,ISO,NC,ASO,EN,Federal Contract Tower,0,1,7,23,31,0,0,7,3,10,0,1,14,26,41,0,18,18,59
05/11/2012,ISO,NC,ASO,EN,Federal Contract Tower,0,0,6,17,23,0,0,26,5,31,0,0,32,22,54,0,26,26,80
05/12/2012,ISO,NC,ASO,EN,Federal Contract Tower,0,0,4,0,4,0,0,31,0,31,0,0,35,0,35,22,0,22,57
05/13/2012,ISO,NC,ASO,EN,Federal Contract Tower,0,4,5,0,9,0,0,5,0,5,0,4,10,0,14,2,0,2,16
05/14/2012,ISO,NC,ASO,EN,Federal Contract Tower,0,0,2,2,4,0,0,4,0,4,0,0,6,2,8,8,2,10,18
05/15/2012,ISO,NC,ASO,EN,Federal Contract Tower,0,2,11,10,23,0,0,0,0,0,0,2,11,10,23,0,14,14,37
05/16/2012,ISO,NC,ASO,EN,Federal Contract Tower,0,1,5,10,16,0,0,10,0,10,0,1,15,10,26,8,0,8,34
05/17/2012,ISO,NC,ASO,EN,Federal Contract Tower,0,0,4,16,20,0,0,4,0,4,0,0,8,16,24,0,0,0,24
05/18/2012,ISO,NC,ASO,EN,Federal Contract Tower,0,6,10,4,20,0,0,13,2,15,0,6,23,6,35,40,0,40,75
05/19/2012,ISO,NC,ASO,EN,Federal Contract Tower,0,2,2,0,4,0,0,7,0,7,0,2,9,0,11,2,0,2,13
05/20/2012,ISO,NC,ASO,EN,Federal Contract Tower,0,4,7,0,11,0,0,2,0,2,0,4,9,0,13,0,0,0,13
05/21/2012,ISO,NC,ASO,EN,Federal Contract Tower,0,0,12,9,21,0,0,2,1,3,0,0,14,10,24,34,20,54,78
05/22/2012,ISO,NC,ASO,EN,Federal Contract Tower,0,3,7,27,37,0,0,14,7,21,0,3,21,34,58,30,68,98,156
05/23/2012,ISO,NC,ASO,EN,Federal Contract Tower,0,0,8,21,29,0,0,11,3,14,0,0,19,24,43,14,96,110,153
05/24/2012,ISO,NC,ASO,EN,Federal Contract Tower,2,1,5,19,27,0,0,26,2,28,2,1,31,21,55,20,14,34,89
05/25/2012,ISO,NC,ASO,EN,Federal Contract Tower,0,1,5,4,10,0,0,5,0,5,0,1,10,4,15,4,14,18,33
05/26/2012,ISO,NC,ASO,EN,Federal Contract Tower,0,0,4,0,4,0,0,4,0,4,0,0,8,0,8,0,0,0,8
05/27/2012,ISO,NC,ASO,EN,Federal Contract Tower,2,0,1,0,3,0,0,0,0,0,2,0,1,0,3,0,0,0,3
05/28/2012,ISO,NC,ASO,EN,Federal Contract Tower,2,7,3,0,12,0,0,3,0,3,2,7,6,0,15,0,0,0,15
05/29/2012,ISO,NC,ASO,EN,Federal Contract Tower,0,0,17,15,32,0,0,3,0,3,0,0,20,15,35,18,8,26,61
05/30/2012,ISO,NC,ASO,EN,Federal Contract Tower,0,4,3,6,13,0,0,6,0,6,0,4,9,6,19,0,0,0,19
05/31/2012,ISO,NC,ASO,EN,Federal Contract Tower,0,0,3,6,9,0,0,24,0,24,0,0,27,6,33,30,0,30,63
06/01/2012,ISO,NC,ASO,EN,Federal Contract Tower,2,1,6,13,22,0,0,13,1,14,2,1,19,14,36,0,4,4,40
06/02/2012,ISO,NC,ASO,EN,Federal Contract Tower,0,0,4,0,4,0,0,12,0,12,0,0,16,0,16,36,0,36,52
06/03/2012,ISO,NC,ASO,EN,Federal Contract Tower,2,0,4,4,10,0,0,17,0,17,2,0,21,4,27,24,0,24,51
06/04/2012,ISO,NC,ASO,EN,Federal Contract Tower,0,0,2,30,32,0,0,16,8,24,0,0,18,38,56,0,74,74,130
06/05/2012,ISO,NC,ASO,EN,Federal Contract Tower,0,5,10,27,42,0,0,14,3,17,0,5,24,30,59,6,32,38,97
06/06/2012,ISO,NC,ASO,EN,Federal Contract Tower,0,10,11,10,31,0,0,9,2,11,0,10,20,12,42,38,52,90,132
06/07/2012,ISO,NC,ASO,EN,Federal Contract Tower,0,0,11,22,33,0,0,8,2,10,0,0,19,24,43,44,40,84,127
06/08/2012,ISO,NC,ASO,EN,Federal Contract Tower,4,4,11,6,25,0,2,12,3,17,4,6,23,9,42,0,14,14,56
06/09/2012,ISO,NC,ASO,EN,Federal Contract Tower,0,2,6,0,8,0,0,22,0,22,0,2,28,0,30,20,0,20,50
06/10/2012,ISO,NC,ASO,EN,Federal Contract Tower,6,2,9,1,18,0,0,15,0,15,6,2,24,1,33,24,0,24,57
06/11/2012,ISO,NC,ASO,EN,Federal Contract Tower,0,6,9,16,31,0,0,8,0,8,0,6,17,16,39,0,48,48,87
06/12/2012,ISO,NC,ASO,EN,Federal Contract Tower,0,3,13,5,21,0,0,1,1,2,0,3,14,6,23,0,18,18,41
06/13/2012,ISO,NC,ASO,EN,Federal Contract Tower,0,0,11,10,21,0,0,4,0,4,0,0,15,10,25,2,16,18,43
06/14/2012,ISO,NC,ASO,EN,Federal Contract Tower,0,8,13,4,25,0,3,0,0,3,0,11,13,4,28,0,16,16,44
06/15/2012,ISO,NC,ASO,EN,Federal Contract Tower,0,3,6,2,11,0,0,15,0,15,0,3,21,2,26,14,0,14,40
06/16/2012,ISO,NC,ASO,EN,Federal Contract Tower,0,0,2,4,6,0,2,12,0,14,0,2,14,4,20,32,4,36,56
06/17/2012,ISO,NC,ASO,EN,Federal Contract Tower,2,0,2,2,6,0,0,21,0,21,2,0,23,2,27,0,4,4,31
06/18/2012,ISO,NC,ASO,EN,Federal Contract Tower,2,0,6,8,16,0,0,19,6,25,2,0,25,14,41,18,36,54,95
06/19/2012,ISO,NC,ASO,EN,Federal Contract Tower,0,0,11,17,28,0,0,12,1,13,0,0,23,18,41,6,24,30,71
06/20/2012,ISO,NC,ASO,EN,Federal Contract Tower,0,0,11,20,31,0,0,10,4,14,0,0,21,24,45,10,16,26,71
06/21/2012,ISO,NC,ASO,EN,Federal Contract Tower,0,0,5,8,13,0,0,13,0,13,0,0,18,8,26,6,0,6,32
06/22/2012,ISO,NC,ASO,EN,Federal Contract Tower,2,1,4,4,11,0,0,20,2,22,2,1,24,6,33,0,34,34,67
06/23/2012,ISO,NC,ASO,EN,Federal Contract Tower,0,0,3,0,3,0,0,9,0,9,0,0,12,0,12,16,0,16,28
06/24/2012,ISO,NC,ASO,EN,Federal Contract Tower,2,2,5,0,9,0,0,4,0,4,2,2,9,0,13,6,0,6,19
06/25/2012,ISO,NC,ASO,EN,Federal Contract Tower,0,2,10,16,28,0,0,8,0,8,0,2,18,16,36,8,0,8,44
06/26/2012,ISO,NC,ASO,EN,Federal Contract Tower,0,0,9,22,31,0,0,14,2,16,0,0,23,24,47,0,30,30,77
06/27/2012,ISO,NC,ASO,EN,Federal Contract Tower,0,2,3,12,17,0,0,33,0,33,0,2,36,12,50,6,22,28,78
06/28/2012,ISO,NC,ASO,EN,Federal Contract Tower,0,3,12,4,19,0,0,13,0,13,0,3,25,4,32,42,0,42,74
06/29/2012,ISO,NC,ASO,EN,Federal Contract Tower,0,2,8,3,13,0,0,15,4,19,0,2,23,7,32,4,4,8,40
06/30/2012,ISO,NC,ASO,EN,Federal Contract Tower,0,3,7,0,10,0,0,10,0,10,0,3,17,0,20,2,0,2,22
07/01/2012,ISO,NC,ASO,EN,Federal Contract Tower,0,2,5,0,7,0,0,2,0,2,0,2,7,0,9,0,0,0,9
07/02/2012,ISO,NC,ASO,EN,Federal Contract Tower,0,0,2,19,21,0,0,4,3,7,0,0,6,22,28,0,34,34,62
07/03/2012,ISO,NC,ASO,EN,Federal Contract Tower,0,0,2,3,5,0,0,14,0,14,0,0,16,3,19,34,0,34,53
07/04/2012,ISO,NC,ASO,EN,Federal Contract Tower,0,0,2,0,2,0,0,7,0,7,0,0,9,0,9,12,0,12,21
07/05/2012,ISO,NC,ASO,EN,Federal Contract Tower,0,0,6,10,16,0,0,10,0,10,0,0,16,10,26,6,16,22,48
07/06/2012,ISO,NC,ASO,EN,Federal Contract Tower,2,1,8,10,21,0,0,15,0,15,2,1,23,10,36,18,0,18,54
07/07/2012,ISO,NC,ASO,EN,Federal Contract Tower,0,1,2,0,3,0,0,15,0,15,0,1,17,0,18,4,0,4,22
07/08/2012,ISO,NC,ASO,EN,Federal Contract Tower,2,0,2,0,4,0,0,1,0,1,2,0,3,0,5,0,0,0,5
07/09/2012,ISO,NC,ASO,EN,Federal Contract Tower,0,1,4,0,5,0,0,13,0,13,0,1,17,0,18,6,0,6,24
07/10/2012,ISO,NC,ASO,EN,Federal Contract Tower,0,0,6,0,6,0,0,5,0,5,0,0,11,0,11,0,0,0,11
07/11/2012,ISO,NC,ASO,EN,Federal Contract Tower,0,1,6,6,13,0,0,0,0,0,0,1,6,6,13,0,6,6,19
07/12/2012,ISO,NC,ASO,EN,Federal Contract Tower,0,1,5,12,18,0,0,3,0,3,0,1,8,12,21,2,42,44,65
07/13/2012,ISO,NC,ASO,EN,Federal Contract Tower,2,4,5,0,11,0,0,5,0,5,2,4,10,0,16,0,0,0,16
07/14/2012,ISO,NC,ASO,EN,Federal Contract Tower,2,0,1,0,3,0,0,8,0,8,2,0,9,0,11,22,0,22,33
07/15/2012,ISO,NC,ASO,EN,Federal Contract Tower,2,2,0,0,4,0,0,5,0,5,2,2,5,0,9,6,0,6,15
07/16/2012,ISO,NC,ASO,EN,Federal Contract Tower,0,0,6,2,8,0,0,4,2,6,0,0,10,4,14,0,22,22,36
07/17/2012,ISO,NC,ASO,EN,Federal Contract Tower,0,2,6,4,12,0,0,10,2,12,0,2,16,6,24,0,0,0,24
07/18/2012,ISO,NC,ASO,EN,Federal Contract Tower,0,0,8,6,14,0,0,7,2,9,0,0,15,8,23,0,4,4,27
07/19/2012,ISO,NC,ASO,EN,Federal Contract Tower,0,0,3,25,28,0,0,11,8,19,0,0,14,33,47,0,35,35,82
07/20/2012,ISO,NC,ASO,EN,Federal Contract Tower,0,0,5,14,19,0,0,8,0,8,0,0,13,14,27,0,3,3,30
07/21/2012,ISO,NC,ASO,EN,Federal Contract Tower,0,2,2,0,4,0,0,0,0,0,0,2,2,0,4,0,0,0,4
07/22/2012,ISO,NC,ASO,EN,Federal Contract Tower,0,3,3,0,6,0,0,5,0,5,0,3,8,0,11,0,0,0,11
07/23/2012,ISO,NC,ASO,EN,Federal Contract Tower,0,4,4,1,9,0,0,6,3,9,0,4,10,4,18,4,18,22,40
07/24/2012,ISO,NC,ASO,EN,Federal Contract Tower,0,3,7,2,12,0,0,19,0,19,0,3,26,2,31,6,30,36,67
07/25/2012,ISO,NC,ASO,EN,Federal Contract Tower,0,0,8,13,21,0,0,17,6,23,0,0,25,19,44,18,38,56,100
07/26/2012,ISO,NC,ASO,EN,Federal Contract Tower,0,1,6,12,19,0,0,12,4,16,0,1,18,16,35,4,40,44,79
07/27/2012,ISO,NC,ASO,EN,Federal Contract Tower,2,0,13,5,20,0,0,17,2,19,2,0,30,7,39,6,8,14,53
07/28/2012,ISO,NC,ASO,EN,Federal Contract Tower,0,0,3,0,3,0,0,8,0,8,0,0,11,0,11,38,0,38,49
07/29/2012,ISO,NC,ASO,EN,Federal Contract Tower,0,1,2,0,3,0,0,12,0,12,0,1,14,0,15,0,6,6,21
07/30/2012,ISO,NC,ASO,EN,Federal Contract Tower,0,0,9,10,19,0,0,7,0,7,0,0,16,10,26,8,0,8,34
07/31/2012,ISO,NC,ASO,EN,Federal Contract Tower,0,0,5,14,19,0,0,1,0,1,0,0,6,14,20,0,30,30,50
08/01/2012,ISO,NC,ASO,EN,Federal Contract Tower,0,0,11,4,15,0,0,2,0,2,0,0,13,4,17,0,0,0,17
08/02/2012,ISO,NC,ASO,EN,Federal Contract Tower,0,2,4,12,18,0,0,5,4,9,0,2,9,16,27,6,6,12,39
08/03/2012,ISO,NC,ASO,EN,Federal Contract Tower,4,0,9,5,18,0,0,13,11,24,4,0,22,16,42,12,12,24,66
08/04/2012,ISO,NC,ASO,EN,Federal Contract Tower,2,0,0,0,2,0,0,7,0,7,2,0,7,0,9,6,0,6,15
08/05/2012,ISO,NC,ASO,EN,Federal Contract Tower,2,0,5,0,7,0,0,4,0,4,2,0,9,0,11,0,0,0,11
08/06/2012,ISO,NC,ASO,EN,Federal Contract Tower,0,0,0,14,14,0,0,5,0,5,0,0,5,14,19,0,16,16,35
08/07/2012,ISO,NC,ASO,EN,Federal Contract Tower,0,0,6,8,14,0,0,0,0,0,0,0,6,8,14,0,20,20,34
08/08/2012,ISO,NC,ASO,EN,Federal Contract Tower,0,2,6,10,18,0,0,0,0,0,0,2,6,10,18,0,0,0,18
08/09/2012,ISO,NC,ASO,EN,Federal Contract Tower,0,0,11,6,17,0,0,25,2,27,0,0,36,8,44,26,10,36,80
08/10/2012,ISO,NC,ASO,EN,Federal Contract Tower,2,3,10,12,27,0,0,5,4,9,2,3,15,16,36,0,34,34,70
08/11/2012,ISO,NC,ASO,EN,Federal Contract Tower,1,2,0,4,7,0,0,0,0,0,1,2,0,4,7,0,0,0,7
08/12/2012,ISO,NC,ASO,EN,Federal Contract Tower,3,4,3,0,10,0,0,2,0,2,3,4,5,0,12,0,0,0,12
08/13/2012,ISO,NC,ASO,EN,Federal Contract Tower,1,0,8,10,19,0,0,8,2,10,1,0,16,12,29,0,14,14,43
08/14/2012,ISO,NC,ASO,EN,Federal Contract Tower,0,0,4,25,29,0,0,13,6,19,0,0,17,31,48,8,87,95,143
08/15/2012,ISO,NC,ASO,EN,Federal Contract Tower,0,2,13,8,23,0,2,9,0,11,0,4,22,8,34,0,6,6,40
08/16/2012,ISO,NC,ASO,EN,Federal Contract Tower,0,4,13,14,31,0,0,21,0,21,0,4,34,14,52,18,10,28,80
08/17/2012,ISO,NC,ASO,EN,Federal Contract Tower,0,0,5,8,13,0,0,18,2,20,0,0,23,10,33,2,6,8,41
08/18/2012,ISO,NC,ASO,EN,Federal Contract Tower,0,0,6,0,6,0,0,4,0,4,0,0,10,0,10,6,0,6,16
08/19/2012,ISO,NC,ASO,EN,Federal Contract Tower,0,1,0,0,1,0,0,1,0,1,0,1,1,0,2,0,0,0,2
08/20/2012,ISO,NC,ASO,EN,Federal Contract Tower,0,1,6,10,17,0,0,2,2,4,0,1,8,12,21,0,10,10,31
08/21/2012,ISO,NC,ASO,EN,Federal Contract Tower,0,2,10,28,40,0,0,6,5,11,0,2,16,33,51,0,58,58,109
08/22/2012,ISO,NC,ASO,EN,Federal Contract Tower,0,1,16,18,35,0,0,12,1,13,0,1,28,19,48,8,48,56,104
08/23/2012,ISO,NC,ASO,EN,Federal Contract Tower,0,2,6,18,26,0,0,9,0,9,0,2,15,18,35,16,14,30,65
08/24/2012,ISO,NC,ASO,EN,Federal Contract Tower,0,3,4,32,39,0,0,0,0,0,0,3,4,32,39,0,0,0,39
08/25/2012,ISO,NC,ASO,EN,Federal Contract Tower,0,0,6,0,6,0,0,5,0,5,0,0,11,0,11,0,0,0,11
08/26/2012,ISO,NC,ASO,EN,Federal Contract Tower,0,2,9,0,11,0,0,3,0,3,0,2,12,0,14,14,0,14,28
08/27/2012,ISO,NC,ASO,EN,Federal Contract Tower,0,0,11,6,17,0,0,8,0,8,0,0,19,6,25,0,0,0,25
08/28/2012,ISO,NC,ASO,EN,Federal Contract Tower,0,0,8,16,24,0,0,0,0,0,0,0,8,16,24,0,0,0,24
08/29/2012,ISO,NC,ASO,EN,Federal Contract Tower,0,4,12,32,48,0,0,8,8,16,0,4,20,40,64,2,82,84,148
08/30/2012,ISO,NC,ASO,EN,Federal Contract Tower,0,3,12,36,51,0,0,20,0,20,0,3,32,36,71,0,52,52,123
08/31/2012,ISO,NC,ASO,EN,Federal Contract Tower,2,1,10,2,15,0,0,17,2,19,2,1,27,4,34,6,28,34,68
09/01/2012,ISO,NC,ASO,EN,Federal Contract Tower,2,1,6,0,9,0,0,9,0,9,2,1,15,0,18,0,0,0,18
09/02/2012,ISO,NC,ASO,EN,Federal Contract Tower,0,0,0,0,0,0,0,5,0,5,0,0,5,0,5,0,0,0,5
09/03/2012,ISO,NC,ASO,EN,Federal Contract Tower,4,1,9,0,14,0,0,1,0,1,4,1,10,0,15,0,0,0,15
09/04/2012,ISO,NC,ASO,EN,Federal Contract Tower,0,1,3,23,27,0,0,13,3,16,0,1,16,26,43,14,44,58,101
09/05/2012,ISO,NC,ASO,EN,Federal Contract Tower,0,0,6,31,37,0,0,9,4,13,0,0,15,35,50,2,56,58,108
09/06/2012,ISO,NC,ASO,EN,Federal Contract Tower,0,0,5,11,16,0,0,7,0,7,0,0,12,11,23,24,4,28,51
09/07/2012,ISO,NC,ASO,EN,Federal Contract Tower,2,1,5,10,18,0,0,5,2,7,2,1,10,12,25,0,18,18,43
09/08/2012,ISO,NC,ASO,EN,Federal Contract Tower,0,0,4,0,4,0,0,2,0,2,0,0,6,0,6,0,0,0,6
09/09/2012,ISO,NC,ASO,EN,Federal Contract Tower,2,1,3,0,6,0,0,1,0,1,2,1,4,0,7,6,0,6,13
09/10/2012,ISO,NC,ASO,EN,Federal Contract Tower,0,1,4,26,31,0,0,5,0,5,0,1,9,26,36,0,56,56,92
09/11/2012,ISO,NC,ASO,EN,Federal Contract Tower,0,2,3,8,13,0,0,18,0,18,0,2,21,8,31,28,18,46,77
09/12/2012,ISO,NC,ASO,EN,Federal Contract Tower,0,0,2,41,43,0,0,21,3,24,0,0,23,44,67,14,58,72,139
09/13/2012,ISO,NC,ASO,EN,Federal Contract Tower,0,3,3,24,30,0,0,17,2,19,0,3,20,26,49,0,6,6,55
09/14/2012,ISO,NC,ASO,EN,Federal Contract Tower,2,1,8,2,13,0,0,7,2,9,2,1,15,4,22,0,0,0,22
09/15/2012,ISO,NC,ASO,EN,Federal Contract Tower,0,3,2,0,5,0,0,15,0,15,0,3,17,0,20,0,8,8,28
09/16/2012,ISO,NC,ASO,EN,Federal Contract Tower,0,6,3,0,9,0,0,3,0,3,0,6,6,0,12,0,0,0,12
09/17/2012,ISO,NC,ASO,EN,Federal Contract Tower,0,3,17,16,36,0,0,7,0,7,0,3,24,16,43,0,66,66,109
09/18/2012,ISO,NC,ASO,EN,Federal Contract Tower,0,0,1,1,2,0,0,0,1,1,0,0,1,2,3,0,4,4,7
09/19/2012,ISO,NC,ASO,EN,Federal Contract Tower,0,0,2,12,14,0,0,4,0,4,0,0,6,12,18,0,0,0,18
09/20/2012,ISO,NC,ASO,EN,Federal Contract Tower,0,1,6,18,25,0,0,8,1,9,0,1,14,19,34,4,92,96,130
09/21/2012,ISO,NC,ASO,EN,Federal Contract Tower,2,0,2,15,19,0,0,31,2,33,2,0,33,17,52,0,28,28,80
09/22/2012,ISO,NC,ASO,EN,Federal Contract Tower,0,0,2,0,2,0,0,27,0,27,0,0,29,0,29,8,0,8,37
09/23/2012,ISO,NC,ASO,EN,Federal Contract Tower,2,0,9,0,11,0,0,22,0,22,2,0,31,0,33,14,0,14,47
09/24/2012,ISO,NC,ASO,EN,Federal Contract Tower,0,1,12,22,35,0,0,6,1,7,0,1,18,23,42,10,40,50,92
09/25/2012,ISO,NC,ASO,EN,Federal Contract Tower,0,2,8,23,33,0,0,18,2,20,0,2,26,25,53,18,36,54,107
09/26/2012,ISO,NC,ASO,EN,Federal Contract Tower,0,0,5,29,34,0,0,22,0,22,0,0,27,29,56,8,40,48,104
09/27/2012,ISO,NC,ASO,EN,Federal Contract Tower,0,2,5,40,47,0,0,11,6,17,0,2,16,46,64,0,66,66,130
09/28/2012,ISO,NC,ASO,EN,Federal Contract Tower,0,5,10,6,21,0,0,10,0,10,0,5,20,6,31,6,2,8,39
09/29/2012,ISO,NC,ASO,EN,Federal Contract Tower,0,0,0,4,4,0,0,0,0,0,0,0,0,4,4,0,0,0,4
09/30/2012,ISO,NC,ASO,EN,Federal Contract Tower,0,3,7,8,18,0,0,6,0,6,0,3,13,8,24,0,0,0,24
10/01/2012,ISO,NC,ASO,EN,Federal Contract Tower,0,0,3,52,55,0,0,2,0,2,0,0,5,52,57,0,20,20,77
10/02/2012,ISO,NC,ASO,EN,Federal Contract Tower,0,4,15,16,35,0,0,4,0,4,0,4,19,16,39,0,0,0,39
10/03/2012,ISO,NC,ASO,EN,Federal Contract Tower,2,0,14,2,18,0,0,14,2,16,2,0,28,4,34,12,2,14,48
10/04/2012,ISO,NC,ASO,EN,Federal Contract Tower,3,2,10,5,20,0,0,15,2,17,3,2,25,7,37,8,44,52,89
10/05/2012,ISO,NC,ASO,EN,Federal Contract Tower,1,1,3,16,21,0,0,25,2,27,1,1,28,18,48,10,42,52,100
10/06/2012,ISO,NC,ASO,EN,Federal Contract Tower,1,2,2,0,5,0,0,14,0,14,1,2,16,0,19,0,0,0,19
10/07/2012,ISO,NC,ASO,EN,Federal Contract Tower,5,3,2,0,10,0,0,0,0,0,5,3,2,0,10,0,0,0,10
10/08/2012,ISO,NC,ASO,EN,Federal Contract Tower,1,1,4,0,6,0,0,0,0,0,1,1,4,0,6,0,0,0,6
10/09/2012,ISO,NC,ASO,EN,Federal Contract Tower,0,5,12,12,29,0,0,0,0,0,0,5,12,12,29,0,0,0,29
10/10/2012,ISO,NC,ASO,EN,Federal Contract Tower,0,4,6,25,35,0,0,9,3,12,0,4,15,28,47,2,48,50,97
10/11/2012,ISO,NC,ASO,EN,Federal Contract Tower,0,1,9,2,12,0,0,16,0,16,0,1,25,2,28,14,16,30,58
10/12/2012,ISO,NC,ASO,EN,Federal Contract Tower,1,4,22,0,27,0,0,31,2,33,1,4,53,2,60,14,0,14,74
10/13/2012,ISO,NC,ASO,EN,Federal Contract Tower,0,1,5,0,6,0,0,21,0,21,0,1,26,0,27,4,0,4,31
10/14/2012,ISO,NC,ASO,EN,Federal Contract Tower,0,0,4,0,4,0,0,7,0,7,0,0,11,0,11,4,0,4,15
10/15/2012,ISO,NC,ASO,EN,Federal Contract Tower,0,0,22,7,29,0,0,6,1,7,0,0,28,8,36,2,0,2,38
10/16/2012,ISO,NC,ASO,EN,Federal Contract Tower,0,3,6,28,37,0,0,21,0,21,0,3,27,28,58,0,50,50,108
10/17/2012,ISO,NC,ASO,EN,Federal Contract Tower,0,2,4,10,16,0,0,14,0,14,0,2,18,10,30,0,0,0,30
10/18/2012,ISO,NC,ASO,EN,Federal Contract Tower,0,4,13,20,37,0,0,12,0,12,0,4,25,20,49,0,46,46,95
10/19/2012,ISO,NC,ASO,EN,Federal Contract Tower,4,3,7,10,24,0,0,9,2,11,4,3,16,12,35,8,6,14,49
10/20/2012,ISO,NC,ASO,EN,Federal Contract Tower,0,1,8,0,9,0,0,5,0,5,0,1,13,0,14,4,0,4,18
10/21/2012,ISO,NC,ASO,EN,Federal Contract Tower,2,6,11,2,21,0,0,22,0,22,2,6,33,2,43,0,26,26,69
10/22/2012,ISO,NC,ASO,EN,Federal Contract Tower,0,1,3,23,27,0,0,11,0,11,0,1,14,23,38,0,54,54,92
10/23/2012,ISO,NC,ASO,EN,Federal Contract Tower,0,0,10,16,26,0,0,31,0,31,0,0,41,16,57,8,22,30,87
10/24/2012,ISO,NC,ASO,EN,Federal Contract Tower,0,2,12,27,41,0,0,23,4,27,0,2,35,31,68,4,48,52,120
10/25/2012,ISO,NC,ASO,EN,Federal Contract Tower,0,1,2,38,41,0,0,12,2,14,0,1,14,40,55,26,36,62,117
10/26/2012,ISO,NC,ASO,EN,Federal Contract Tower,2,3,28,18,51,0,0,2,0,2,2,3,30,18,53,0,24,24,77
10/27/2012,ISO,NC,ASO,EN,Federal Contract Tower,0,1,0,0,1,0,0,0,0,0,0,1,0,0,1,0,0,0,1
10/28/2012,ISO,NC,ASO,EN,Federal Contract Tower,0,0,3,0,3,0,0,0,0,0,0,0,3,0,3,0,0,0,3
10/29/2012,ISO,NC,ASO,EN,Federal Contract Tower,0,0,4,8,12,0,0,3,6,9,0,0,7,14,21,0,0,0,21
10/30/2012,ISO,NC,ASO,EN,Federal Contract Tower,0,0,1,12,13,0,0,0,0,0,0,0,1,12,13,0,0,0,13
10/31/2012,ISO,NC,ASO,EN,Federal Contract Tower,0,0,21,20,41,0,0,23,0,23,0,0,44,20,64,10,0,10,74
11/01/2012,ISO,NC,ASO,EN,Federal Contract Tower,0,0,13,12,25,0,0,16,0,16,0,0,29,12,41,0,0,0,41
11/02/2012,ISO,NC,ASO,EN,Federal Contract Tower,0,1,10,8,19,0,0,28,0,28,0,1,38,8,47,0,0,0,47
11/03/2012,ISO,NC,ASO,EN,Federal Contract Tower,0,4,0,4,8,0,0,9,0,9,0,4,9,4,17,0,0,0,17
11/04/2012,ISO,NC,ASO,EN,Federal Contract Tower,0,2,3,12,17,0,0,19,0,19,0,2,22,12,36,4,4,8,44
11/05/2012,ISO,NC,ASO,EN,Federal Contract Tower,0,0,5,20,25,0,0,7,0,7,0,0,12,20,32,22,26,48,80
11/06/2012,ISO,NC,ASO,EN,Federal Contract Tower,0,1,10,0,11,0,0,1,0,1,0,1,11,0,12,0,0,0,12
11/07/2012,ISO,NC,ASO,EN,Federal Contract Tower,0,1,8,0,9,0,0,6,2,8,0,1,14,2,17,12,24,36,53
11/08/2012,ISO,NC,ASO,EN,Federal Contract Tower,0,1,2,18,21,0,0,33,9,42,0,1,35,27,63,34,46,80,143
11/09/2012,ISO,NC,ASO,EN,Federal Contract Tower,4,0,3,0,7,0,0,26,0,26,4,0,29,0,33,16,0,16,49
11/10/2012,ISO,NC,ASO,EN,Federal Contract Tower,0,0,6,0,6,0,0,18,0,18,0,0,24,0,24,22,0,22,46
11/11/2012,ISO,NC,ASO,EN,Federal Contract Tower,2,0,0,0,2,0,0,10,0,10,2,0,10,0,12,0,0,0,12
11/12/2012,ISO,NC,ASO,EN,Federal Contract Tower,0,0,6,0,6,0,0,7,0,7,0,0,13,0,13,0,0,0,13
11/13/2012,ISO,NC,ASO,EN,Federal Contract Tower,0,0,6,6,12,0,0,0,0,0,0,0,6,6,12,0,0,0,12
11/14/2012,ISO,NC,ASO,EN,Federal Contract Tower,0,0,7,17,24,0,0,10,5,15,0,0,17,22,39,0,32,32,71
11/15/2012,ISO,NC,ASO,EN,Federal Contract Tower,0,1,8,22,31,0,0,3,0,3,0,1,11,22,34,0,4,4,38
11/16/2012,ISO,NC,ASO,EN,Federal Contract Tower,2,0,19,9,30,0,0,20,3,23,2,0,39,12,53,0,20,20,73
11/17/2012,ISO,NC,ASO,EN,Federal Contract Tower,0,3,6,0,9,0,0,7,0,7,0,3,13,0,16,0,0,0,16
11/18/2012,ISO,NC,ASO,EN,Federal Contract Tower,0,4,5,0,9,0,0,0,0,0,0,4,5,0,9,0,0,0,9
11/19/2012,ISO,NC,ASO,EN,Federal Contract Tower,0,0,7,28,35,0,0,0,0,0,0,0,7,28,35,0,30,30,65
11/20/2012,ISO,NC,ASO,EN,Federal Contract Tower,0,2,16,24,42,0,0,13,0,13,0,2,29,24,55,14,16,30,85
11/21/2012,ISO,NC,ASO,EN,Federal Contract Tower,0,0,15,8,23,0,0,17,0,17,0,0,32,8,40,4,4,8,48
11/22/2012,ISO,NC,ASO,EN,Federal Contract Tower,2,1,1,0,4,0,0,2,0,2,2,1,3,0,6,0,0,0,6
11/23/2012,ISO,NC,ASO,EN,Federal Contract Tower,3,2,4,0,9,0,0,9,0,9,3,2,13,0,18,0,0,0,18
11/24/2012,ISO,NC,ASO,EN,Federal Contract Tower,0,2,6,0,8,0,0,3,0,3,0,2,9,0,11,0,0,0,11
11/25/2012,ISO,NC,ASO,EN,Federal Contract Tower,2,2,5,0,9,0,0,4,0,4,2,2,9,0,13,0,0,0,13
11/26/2012,ISO,NC,ASO,EN,Federal Contract Tower,0,0,6,29,35,0,0,30,9,39,0,0,36,38,74,28,28,56,130
11/27/2012,ISO,NC,ASO,EN,Federal Contract Tower,0,3,10,36,49,0,0,9,0,9,0,3,19,36,58,0,66,66,124
11/28/2012,ISO,NC,ASO,EN,Federal Contract Tower,0,2,12,40,54,0,0,21,6,27,0,2,33,46,81,16,34,50,131
11/29/2012,ISO,NC,ASO,EN,Federal Contract Tower,0,0,9,18,27,0,0,33,0,33,0,0,42,18,60,8,16,24,84
11/30/2012,ISO,NC,ASO,EN,Federal Contract Tower,2,0,2,16,20,0,0,29,2,31,2,0,31,18,51,28,20,48,99
12/01/2012,ISO,NC,ASO,EN,Federal Contract Tower,0,0,2,1,3,0,0,6,1,7,0,0,8,2,10,6,6,12,22
12/02/2012,ISO,NC,ASO,EN,Federal Contract Tower,2,0,1,2,5,0,0,1,0,1,2,0,2,2,6,0,0,0,6
12/03/2012,ISO,NC,ASO,EN,Federal Contract Tower,2,0,11,26,39,4,0,10,0,14,6,0,21,26,53,10,18,28,81
12/04/2012,ISO,NC,ASO,EN,Federal Contract Tower,0,2,15,48,65,0,0,15,0,15,0,2,30,48,80,12,16,28,108
12/05/2012,ISO,NC,ASO,EN,Federal Contract Tower,0,0,12,28,40,0,0,13,4,17,0,0,25,32,57,26,14,40,97
12/06/2012,ISO,NC,ASO,EN,Federal Contract Tower,1,1,4,19,25,0,0,9,0,9,1,1,13,19,34,0,16,16,50
12/07/2012,ISO,NC,ASO,EN,Federal Contract Tower,4,3,6,37,50,0,0,23,4,27,4,3,29,41,77,6,70,76,153
12/08/2012,ISO,NC,ASO,EN,Federal Contract Tower,0,3,2,0,5,0,0,0,0,0,0,3,2,0,5,0,0,0,5
12/09/2012,ISO,NC,ASO,EN,Federal Contract Tower,4,6,3,0,13,0,0,3,0,3,4,6,6,0,16,0,0,0,16
12/10/2012,ISO,NC,ASO,EN,Federal Contract Tower,0,1,6,46,53,0,0,2,0,2,0,1,8,46,55,0,42,42,97
12/11/2012,ISO,NC,ASO,EN,Federal Contract Tower,0,0,7,3,10,0,0,4,1,5,0,0,11,4,15,4,26,30,45
12/12/2012,ISO,NC,ASO,EN,Federal Contract Tower,0,1,6,2,9,0,0,0,0,0,0,1,6,2,9,0,0,0,9
12/13/2012,ISO,NC,ASO,EN,Federal Contract Tower,0,0,6,13,19,0,0,0,0,0,0,0,6,13,19,0,6,6,25
12/14/2012,ISO,NC,ASO,EN,Federal Contract Tower,0,0,6,23,29,0,0,26,3,29,0,0,32,26,58,24,42,66,124
12/15/2012,ISO,NC,ASO,EN,Federal Contract Tower,0,0,2,1,3,0,0,15,1,16,0,0,17,2,19,28,18,46,65
12/16/2012,ISO,NC,ASO,EN,Federal Contract Tower,1,0,3,0,4,0,0,0,0,0,1,0,3,0,4,0,0,0,4
12/17/2012,ISO,NC,ASO,EN,Federal Contract Tower,1,0,4,12,17,0,0,0,0,0,1,0,4,12,17,12,0,12,29
12/18/2012,ISO,NC,ASO,EN,Federal Contract Tower,1,0,4,31,36,0,0,3,4,7,1,0,7,35,43,0,42,42,85
12/19/2012,ISO,NC,ASO,EN,Federal Contract Tower,0,0,10,31,41,0,0,42,3,45,0,0,52,34,86,6,24,30,116
12/20/2012,ISO,NC,ASO,EN,Federal Contract Tower,0,2,8,30,40,0,0,15,1,16,0,2,23,31,56,0,50,50,106
12/21/2012,ISO,NC,ASO,EN,Federal Contract Tower,0,1,4,16,21,0,0,3,2,5,0,1,7,18,26,0,14,14,40
12/22/2012,ISO,NC,ASO,EN,Federal Contract Tower,0,1,0,0,1,0,1,0,0,1,0,2,0,0,2,0,0,0,2
12/23/2012,ISO,NC,ASO,EN,Federal Contract Tower,0,1,3,0,4,0,0,10,0,10,0,1,13,0,14,12,0,12,26
12/24/2012,ISO,NC,ASO,EN,Federal Contract Tower,0,1,4,0,5,0,0,14,0,14,0,1,18,0,19,40,0,40,59
12/25/2012,ISO,NC,ASO,EN,Federal Contract Tower,0,0,2,0,2,0,0,0,0,0,0,0,2,0,2,0,0,0,2
12/26/2012,ISO,NC,ASO,EN,Federal Contract Tower,0,2,4,0,6,0,0,0,0,0,0,2,4,0,6,0,0,0,6
12/27/2012,ISO,NC,ASO,EN,Federal Contract Tower,0,0,7,8,15,0,0,8,0,8,0,0,15,8,23,0,4,4,27
12/28/2012,ISO,NC,ASO,EN,Federal Contract Tower,0,3,14,34,51,0,2,11,10,23,0,5,25,44,74,6,82,88,162
12/29/2012,ISO,NC,ASO,EN,Federal Contract Tower,0,1,5,0,6,0,0,0,0,0,0,1,5,0,6,0,0,0,6
12/30/2012,ISO,NC,ASO,EN,Federal Contract Tower,2,2,2,0,6,0,0,7,0,7,2,2,9,0,13,6,0,6,19
12/31/2012,ISO,NC,ASO,EN,Federal Contract Tower,0,0,4,0,4,0,0,13,0,13,0,0,17,0,17,10,0,10,27
01/01/2013,ISO,NC,ASO,EN,Federal Contract Tower,0,2,2,0,4,0,0,0,0,0,0,2,2,0,4,0,0,0,4
01/02/2013,ISO,NC,ASO,EN,Federal Contract Tower,0,2,7,0,9,0,0,0,0,0,0,2,7,0,9,0,0,0,9
01/03/2013,ISO,NC,ASO,EN,Federal Contract Tower,0,2,21,27,50,0,0,8,7,15,0,2,29,34,65,0,44,44,109
01/04/2013,ISO,NC,ASO,EN,Federal Contract Tower,2,0,11,16,29,0,0,15,2,17,2,0,26,18,46,8,36,44,90
01/05/2013,ISO,NC,ASO,EN,Federal Contract Tower,0,0,4,0,4,0,0,19,0,19,0,0,23,0,23,8,0,8,31
01/06/2013,ISO,NC,ASO,EN,Federal Contract Tower,2,0,2,0,4,0,0,0,0,0,2,0,2,0,4,0,0,0,4
01/07/2013,ISO,NC,ASO,EN,Federal Contract Tower,0,2,13,29,44,0,0,8,4,12,0,2,21,33,56,6,106,112,168
01/08/2013,ISO,NC,ASO,EN,Federal Contract Tower,0,2,5,19,26,0,0,5,3,8,0,2,10,22,34,0,24,24,58
01/09/2013,ISO,NC,ASO,EN,Federal Contract Tower,0,1,9,56,66,0,0,17,4,21,0,1,26,60,87,0,76,76,163
01/10/2013,ISO,NC,ASO,EN,Federal Contract Tower,0,5,4,25,34,0,0,19,1,20,0,5,23,26,54,20,54,74,128
01/11/2013,ISO,NC,ASO,EN,Federal Contract Tower,0,1,7,16,24,0,0,8,2,10,0,1,15,18,34,0,24,24,58
01/12/2013,ISO,NC,ASO,EN,Federal Contract Tower,0,2,6,0,8,0,0,6,0,6,0,2,12,0,14,0,0,0,14
01/13/2013,ISO,NC,ASO,EN,Federal Contract Tower,0,5,2,0,7,0,0,9,0,9,0,5,11,0,16,6,0,6,22
01/14/2013,ISO,NC,ASO,EN,Federal Contract Tower,0,0,2,26,28,0,0,3,0,3,0,0,5,26,31,0,52,52,83
01/15/2013,ISO,NC,ASO,EN,Federal Contract Tower,0,0,10,16,26,0,0,0,0,0,0,0,10,16,26,0,0,0,26
01/16/2013,ISO,NC,ASO,EN,Federal Contract Tower,0,2,10,0,12,0,0,0,0,0,0,2,10,0,12,0,0,0,12
01/17/2013,ISO,NC,ASO,EN,Federal Contract Tower,0,3,3,10,16,0,0,0,0,0,0,3,3,10,16,0,0,0,16
01/18/2013,ISO,NC,ASO,EN,Federal Contract Tower,0,1,8,9,18,0,0,10,1,11,0,1,18,10,29,28,0,28,57
01/19/2013,ISO,NC,ASO,EN,Federal Contract Tower,0,1,0,0,1,0,0,27,0,27,0,1,27,0,28,24,0,24,52
01/20/2013,ISO,NC,ASO,EN,Federal Contract Tower,0,0,1,0,1,0,0,1,0,1,0,0,2,0,2,0,0,0,2
01/21/2013,ISO,NC,ASO,EN,Federal Contract Tower,0,0,11,0,11,0,0,7,0,7,0,0,18,0,18,0,0,0,18
01/22/2013,ISO,NC,ASO,EN,Federal Contract Tower,0,0,7,12,19,0,0,8,0,8,0,0,15,12,27,0,0,0,27
01/23/2013,ISO,NC,ASO,EN,Federal Contract Tower,0,1,11,35,47,0,0,9,1,10,0,1,20,36,57,2,78,80,137
01/24/2013,ISO,NC,ASO,EN,Federal Contract Tower,2,0,4,12,18,0,0,4,5,9,2,0,8,17,27,0,0,0,27
01/25/2013,ISO,NC,ASO,EN,Federal Contract Tower,0,0,3,10,13,0,0,5,0,5,0,0,8,10,18,0,6,6,24
01/26/2013,ISO,NC,ASO,EN,Federal Contract Tower,0,2,6,0,8,0,0,2,0,2,0,2,8,0,10,0,0,0,10
01/27/2013,ISO,NC,ASO,EN,Federal Contract Tower,0,4,3,0,7,0,0,0,0,0,0,4,3,0,7,0,0,0,7
01/28/2013,ISO,NC,ASO,EN,Federal Contract Tower,0,1,18,16,35,0,0,0,0,0,0,1,18,16,35,0,40,40,75
01/29/2013,ISO,NC,ASO,EN,Federal Contract Tower,0,3,9,4,16,0,0,23,2,25,0,3,32,6,41,26,20,46,87
01/30/2013,ISO,NC,ASO,EN,Federal Contract Tower,0,1,7,19,27,0,0,11,1,12,0,1,18,20,39,2,25,27,66
01/31/2013,ISO,NC,ASO,EN,Federal Contract Tower,0,0,1,22,23,0,0,5,0,5,0,0,6,22,28,10,18,28,56
02/01/2013,ISO,NC,ASO,EN,Federal Contract Tower,2,0,5,6,13,0,0,3,1,4,2,0,8,7,17,6,8,14,31
02/02/2013,ISO,NC,ASO,EN,Federal Contract Tower,9,1,6,0,16,0,0,18,0,18,9,1,24,0,34,38,0,38,72
02/03/2013,ISO,NC,ASO,EN,Federal Contract Tower,2,0,2,0,4,0,0,5,0,5,2,0,7,0,9,16,0,16,25
02/04/2013,ISO,NC,ASO,EN,Federal Contract Tower,0,0,10,24,34,0,0,12,4,16,0,0,22,28,50,4,6,10,60
02/05/2013,ISO,NC,ASO,EN,Federal Contract Tower,0,0,5,24,29,0,0,8,6,14,0,0,13,30,43,10,54,64,107
02/06/2013,ISO,NC,ASO,EN,Federal Contract Tower,1,0,4,27,32,0,0,23,1,24,1,0,27,28,56,10,22,32,88
02/07/2013,ISO,NC,ASO,EN,Federal Contract Tower,1,3,11,28,43,0,0,3,0,3,1,3,14,28,46,0,6,6,52
02/08/2013,ISO,NC,ASO,EN,Federal Contract Tower,0,1,5,27,33,0,0,0,8,8,0,1,5,35,41,0,42,42,83
02/09/2013,ISO,NC,ASO,EN,Federal Contract Tower,0,1,9,6,16,0,0,13,0,13,0,1,22,6,29,16,12,28,57
02/10/2013,ISO,NC,ASO,EN,Federal Contract Tower,0,0,2,0,2,0,0,11,0,11,0,0,13,0,13,4,0,4,17
02/11/2013,ISO,NC,ASO,EN,Federal Contract Tower,0,0,2,18,20,0,0,0,0,0,0,0,2,18,20,0,0,0,20
02/12/2013,ISO,NC,ASO,EN,Federal Contract Tower,0,0,11,48,59,0,0,18,12,30,0,0,29,60,89,34,76,110,199
02/13/2013,ISO,NC,ASO,EN,Federal Contract Tower,0,1,2,2,5,0,0,0,0,0,0,1,2,2,5,0,0,0,5
02/14/2013,ISO,NC,ASO,EN,Federal Contract Tower,0,1,3,32,36,0,0,12,0,12,0,1,15,32,48,18,54,72,120
02/15/2013,ISO,NC,ASO,EN,Federal Contract Tower,0,2,12,7,21,0,0,12,1,13,0,2,24,8,34,10,42,52,86
02/16/2013,ISO,NC,ASO,EN,Federal Contract Tower,0,5,2,0,7,0,0,0,0,0,0,5,2,0,7,0,0,0,7
02/17/2013,ISO,NC,ASO,EN,Federal Contract Tower,0,4,1,0,5,0,0,2,0,2,0,4,3,0,7,0,0,0,7
02/18/2013,ISO,NC,ASO,EN,Federal Contract Tower,0,2,18,0,20,0,2,19,0,21,0,4,37,0,41,4,0,4,45
02/19/2013,ISO,NC,ASO,EN,Federal Contract Tower,0,0,4,40,44,0,0,0,5,5,0,0,4,45,49,0,26,26,75
02/20/2013,ISO,NC,ASO,EN,Federal Contract Tower,0,0,13,35,48,0,0,25,13,38,0,0,38,48,86,4,74,78,164
02/21/2013,ISO,NC,ASO,EN,Federal Contract Tower,2,1,9,24,36,0,0,12,5,17,2,1,21,29,53,18,62,80,133
02/22/2013,ISO,NC,ASO,EN,Federal Contract Tower,0,2,5,24,31,0,0,0,2,2,0,2,5,26,33,0,30,30,63
02/23/2013,ISO,NC,ASO,EN,Federal Contract Tower,0,0,4,0,4,0,0,0,0,0,0,0,4,0,4,0,0,0,4
02/24/2013,ISO,NC,ASO,EN,Federal Contract Tower,2,1,12,0,15,0,0,4,0,4,2,1,16,0,19,0,0,0,19
02/25/2013,ISO,NC,ASO,EN,Federal Contract Tower,0,1,8,29,38,0,0,15,1,16,0,1,23,30,54,6,52,58,112
02/26/2013,ISO,NC,ASO,EN,Federal Contract Tower,0,0,2,4,6,0,0,0,0,0,0,0,2,4,6,0,0,0,6
02/27/2013,ISO,NC,ASO,EN,Federal Contract Tower,0,0,9,38,47,0,0,20,0,20,0,0,29,38,67,14,54,68,135
02/28/2013,ISO,NC,ASO,EN,Federal Contract Tower,0,0,8,33,41,0,0,15,6,21,0,0,23,39,62,12,68,80,142
03/01/2013,ISO,NC,ASO,EN,Federal Contract Tower,6,2,15,23,46,0,0,9,3,12,6,2,24,26,58,0,42,42,100
03/02/2013,ISO,NC,ASO,EN,Federal Contract Tower,0,2,2,0,4,0,0,15,0,15,0,2,17,0,19,0,22,22,41
03/03/2013,ISO,NC,ASO,EN,Federal Contract Tower,2,3,5,0,10,0,0,4,0,4,2,3,9,0,14,4,0,4,18
03/04/2013,ISO,NC,ASO,EN,Federal Contract Tower,2,5,15,18,40,0,0,8,4,12,2,5,23,22,52,0,14,14,66
03/05/2013,ISO,NC,ASO,EN,Federal Contract Tower,0,2,18,10,30,0,0,11,2,13,0,2,29,12,43,20,22,42,85
03/06/2013,ISO,NC,ASO,EN,Federal Contract Tower,0,0,4,0,4,0,0,0,0,0,0,0,4,0,4,0,0,0,4
03/07/2013,ISO,NC,ASO,EN,Federal Contract Tower,0,3,10,28,41,0,2,13,0,15,0,5,23,28,56,12,30,42,98
03/08/2013,ISO,NC,ASO,EN,Federal Contract Tower,2,2,4,29,37,0,4,8,3,15,2,6,12,32,52,0,36,36,88
03/09/2013,ISO,NC,ASO,EN,Federal Contract Tower,0,0,6,10,16,0,0,11,0,11,0,0,17,10,27,10,16,26,53
03/10/2013,ISO,NC,ASO,EN,Federal Contract Tower,3,0,1,4,8,0,0,21,0,21,3,0,22,4,29,0,0,0,29
03/11/2013,ISO,NC,ASO,EN,Federal Contract Tower,1,0,10,23,34,0,0,16,9,25,1,0,26,32,59,10,50,60,119
03/12/2013,ISO,NC,ASO,EN,Federal Contract Tower,0,0,3,0,3,0,0,1,0,1,0,0,4,0,4,0,0,0,4
03/13/2013,ISO,NC,ASO,EN,Federal Contract Tower,0,0,21,4,25,0,0,15,0,15,0,0,36,4,40,0,12,12,52
03/14/2013,ISO,NC,ASO,EN,Federal Contract Tower,0,1,15,28,44,0,0,15,1,16,0,1,30,29,60,8,46,54,114
03/15/2013,ISO,NC,ASO,EN,Federal Contract Tower,0,2,9,19,30,0,0,24,2,26,0,2,33,21,56,8,34,42,98
03/16/2013,ISO,NC,ASO,EN,Federal Contract Tower,0,3,4,0,7,0,13,8,0,21,0,16,12,0,28,0,0,0,28
03/17/2013,ISO,NC,ASO,EN,Federal Contract Tower,0,4,5,0,9,0,6,0,0,6,0,10,5,0,15,0,0,0,15
03/18/2013,ISO,NC,ASO,EN,Federal Contract Tower,0,0,29,2,31,0,0,2,0,2,0,0,31,2,33,2,2,4,37
03/19/2013,ISO,NC,ASO,EN,Federal Contract Tower,0,0,13,18,31,0,0,6,0,6,0,0,19,18,37,6,20,26,63
03/20/2013,ISO,NC,ASO,EN,Federal Contract Tower,0,0,21,0,21,0,2,17,0,19,0,2,38,0,40,32,0,32,72
03/21/2013,ISO,NC,ASO,EN,Federal Contract Tower,0,3,14,6,23,0,16,10,2,28,0,19,24,8,51,4,14,18,69
03/22/2013,ISO,NC,ASO,EN,Federal Contract Tower,0,0,18,4,22,0,9,14,6,29,0,9,32,10,51,14,30,44,95
03/23/2013,ISO,NC,ASO,EN,Federal Contract Tower,0,0,7,0,7,0,0,13,0,13,0,0,20,0,20,56,0,56,76
03/24/2013,ISO,NC,ASO,EN,Federal Contract Tower,0,1,6,0,7,0,0,0,0,0,0,1,6,0,7,0,0,0,7
03/25/2013,ISO,NC,ASO,EN,Federal Contract Tower,0,0,6,4,10,0,0,0,0,0,0,0,6,4,10,0,18,18,28
03/26/2013,ISO,NC,ASO,EN,Federal Contract Tower,0,0,27,29,56,0,0,17,6,23,0,0,44,35,79,10,50,60,139
03/27/2013,ISO,NC,ASO,EN,Federal Contract Tower,0,0,16,42,58,0,8,12,7,27,0,8,28,49,85,4,78,82,167
03/28/2013,ISO,NC,ASO,EN,Federal Contract Tower,0,2,8,35,45,0,4,4,4,12,0,6,12,39,57,8,74,82,139
03/29/2013,ISO,NC,ASO,EN,Federal Contract Tower,0,1,6,11,18,0,4,15,2,21,0,5,21,13,39,26,26,52,91
03/30/2013,ISO,NC,ASO,EN,Federal Contract Tower,0,0,10,6,16,0,1,15,0,16,0,1,25,6,32,40,0,40,72
03/31/2013,ISO,NC,ASO,EN,Federal Contract Tower,0,2,1,8,11,0,0,0,4,4,0,2,1,12,15,0,10,10,25
04/01/2013,ISO,NC,ASO,EN,Federal Contract Tower,0,0,17,12,29,0,0,5,2,7,0,0,22,14,36,12,42,54,90
04/02/2013,ISO,NC,ASO,EN,Federal Contract Tower,0,0,11,13,24,0,4,8,4,16,0,4,19,17,40,22,34,56,96
04/03/2013,ISO,NC,ASO,EN,Federal Contract Tower,0,0,24,23,47,0,1,11,2,14,0,1,35,25,61,20,54,74,135
04/04/2013,ISO,NC,ASO,EN,Federal Contract Tower,1,0,8,23,32,0,2,1,0,3,1,2,9,23,35,0,10,10,45
04/05/2013,ISO,NC,ASO,EN,Federal Contract Tower,3,0,8,0,11,0,0,4,0,4,3,0,12,0,15,0,0,0,15
04/06/2013,ISO,NC,ASO,EN,Federal Contract Tower,0,0,1,0,1,0,0,5,0,5,0,0,6,0,6,2,0,2,8
04/07/2013,ISO,NC,ASO,EN,Federal Contract Tower,2,2,8,4,16,0,0,1,0,1,2,2,9,4,17,2,0,2,19
04/08/2013,ISO,NC,ASO,EN,Federal Contract Tower,0,0,10,10,20,0,2,5,2,9,0,2,15,12,29,4,2,6,35
04/09/2013,ISO,NC,ASO,EN,Federal Contract Tower,0,0,7,28,35,0,4,7,0,11,0,4,14,28,46,10,4,14,60
04/10/2013,ISO,NC,ASO,EN,Federal Contract Tower,0,0,8,2,10,0,6,10,2,18,0,6,18,4,28,16,50,66,94
04/11/2013,ISO,NC,ASO,EN,Federal Contract Tower,0,2,18,26,46,0,8,3,2,13,0,10,21,28,59,0,66,66,125
04/12/2013,ISO,NC,ASO,EN,Federal Contract Tower,0,0,0,4,4,0,0,0,0,0,0,0,0,4,4,0,2,2,6
04/13/2013,ISO,NC,ASO,EN,Federal Contract Tower,0,2,3,8,13,0,0,13,0,13,0,2,16,8,26,6,12,18,44
04/14/2013,ISO,NC,ASO,EN,Federal Contract Tower,0,0,2,0,2,0,0,20,0,20,0,0,22,0,22,16,0,16,38
04/15/2013,ISO,NC,ASO,EN,Federal Contract Tower,0,0,9,30,39,0,0,9,7,16,0,0,18,37,55,18,32,50,105
04/16/2013,ISO,NC,ASO,EN,Federal Contract Tower,0,0,19,22,41,0,0,7,4,11,0,0,26,26,52,14,26,40,92
04/17/2013,ISO,NC,ASO,EN,Federal Contract Tower,0,2,21,14,37,0,5,23,3,31,0,7,44,17,68,26,26,52,120
04/18/2013,ISO,NC,ASO,EN,Federal Contract Tower,0,0,10,34,44,0,1,8,7,16,0,1,18,41,60,0,116,116,176
04/19/2013,ISO,NC,ASO,EN,Federal Contract Tower,2,0,2,0,4,0,5,2,0,7,2,5,4,0,11,2,0,2,13
04/20/2013,ISO,NC,ASO,EN,Federal Contract Tower,0,0,2,0,2,0,0,2,0,2,0,0,4,0,4,0,0,0,4
04/21/2013,ISO,NC,ASO,EN,Federal Contract Tower,2,0,7,0,9,0,0,2,0,2,2,0,9,0,11,0,0,0,11
04/22/2013,ISO,NC,ASO,EN,Federal Contract Tower,0,1,5,20,26,0,0,5,0,5,0,1,10,20,31,0,0,0,31
04/23/2013,ISO,NC,ASO,EN,Federal Contract Tower,0,3,12,10,25,0,8,3,0,11,0,11,15,10,36,32,16,48,84
04/24/2013,ISO,NC,ASO,EN,Federal Contract Tower,0,2,31,10,43,0,3,13,0,16,0,5,44,10,59,16,38,54,113
04/25/2013,ISO,NC,ASO,EN,Federal Contract Tower,0,0,8,10,18,0,0,2,0,2,0,0,10,10,20,0,10,10,30
04/26/2013,ISO,NC,ASO,EN,Federal Contract Tower,0,2,6,8,16,0,10,20,0,30,0,12,26,8,46,44,16,60,106
04/27/2013,ISO,NC,ASO,EN,Federal Contract Tower,0,0,4,0,4,0,0,13,0,13,0,0,17,0,17,10,0,10,27
04/28/2013,ISO,NC,ASO,EN,Federal Contract Tower,0,2,0,0,2,0,0,2,0,2,0,2,2,0,4,6,0,6,10
04/29/2013,ISO,NC,ASO,EN,Federal Contract Tower,0,0,14,10,24,0,0,1,0,1,0,0,15,10,25,0,0,0,25
04/30/2013,ISO,NC,ASO,EN,Federal Contract Tower,0,0,7,18,25,0,0,0,0,0,0,0,7,18,25,0,50,50,75
05/01/2013,ISO,NC,ASO,EN,Federal Contract Tower,0,2,24,20,46,0,0,2,0,2,0,2,26,20,48,0,60,60,108
05/02/2013,ISO,NC,ASO,EN,Federal Contract Tower,0,0,15,20,35,0,0,4,2,6,0,0,19,22,41,0,32,32,73
05/03/2013,ISO,NC,ASO,EN,Federal Contract Tower,2,0,6,8,16,0,5,7,0,12,2,5,13,8,28,24,42,66,94
05/04/2013,ISO,NC,ASO,EN,Federal Contract Tower,2,0,3,0,5,0,6,1,0,7,2,6,4,0,12,0,14,14,26
05/05/2013,ISO,NC,ASO,EN,Federal Contract Tower,2,2,2,0,6,0,0,0,0,0,2,2,2,0,6,0,0,0,6
05/06/2013,ISO,NC,ASO,EN,Federal Contract Tower,0,0,6,0,6,0,0,0,0,0,0,0,6,0,6,0,0,0,6
05/07/2013,ISO,NC,ASO,EN,Federal Contract Tower,0,0,8,19,27,0,4,16,3,23,0,4,24,22,50,24,62,86,136
05/08/2013,ISO,NC,ASO,EN,Federal Contract Tower,0,0,4,16,20,0,2,10,3,15,0,2,14,19,35,14,54,68,103
05/09/2013,ISO,NC,ASO,EN,Federal Contract Tower,2,0,2,21,25,0,10,15,3,28,2,10,17,24,53,12,34,46,99
05/10/2013,ISO,NC,ASO,EN,Federal Contract Tower,0,0,12,16,28,0,2,19,2,23,0,2,31,18,51,52,18,70,121
05/11/2013,ISO,NC,ASO,EN,Federal Contract Tower,0,0,1,0,1,0,6,2,0,8,0,6,3,0,9,6,0,6,15
05/12/2013,ISO,NC,ASO,EN,Federal Contract Tower,2,0,0,0,2,0,0,1,0,1,2,0,1,0,3,0,0,0,3
05/13/2013,ISO,NC,ASO,EN,Federal Contract Tower,0,1,12,0,13,0,0,14,2,16,0,1,26,2,29,12,26,38,67
05/14/2013,ISO,NC,ASO,EN,Federal Contract Tower,0,0,20,12,32,0,5,14,2,21,0,5,34,14,53,10,24,34,87
05/15/2013,ISO,NC,ASO,EN,Federal Contract Tower,0,0,3,4,7,0,5,15,2,22,0,5,18,6,29,6,12,18,47
05/16/2013,ISO,NC,ASO,EN,Federal Contract Tower,0,5,0,0,5,0,2,10,2,14,0,7,10,2,19,0,0,0,19
05/17/2013,ISO,NC,ASO,EN,Federal Contract Tower,0,2,8,12,22,0,0,14,5,19,0,2,22,17,41,32,58,90,131
05/18/2013,ISO,NC,ASO,EN,Federal Contract Tower,0,2,0,0,2,0,0,3,0,3,0,2,3,0,5,0,0,0,5
05/19/2013,ISO,NC,ASO,EN,Federal Contract Tower,0,3,3,0,6,0,0,3,0,3,0,3,6,0,9,2,0,2,11
05/20/2013,ISO,NC,ASO,EN,Federal Contract Tower,0,1,7,4,12,0,0,1,0,1,0,1,8,4,13,0,18,18,31
05/21/2013,ISO,NC,ASO,EN,Federal Contract Tower,1,0,5,15,21,0,0,6,1,7,1,0,11,16,28,0,34,34,62
05/22/2013,ISO,NC,ASO,EN,Federal Contract Tower,0,6,7,2,15,0,2,18,4,24,0,8,25,6,39,6,2,8,47
05/23/2013,ISO,NC,ASO,EN,Federal Contract Tower,1,0,2,20,23,0,0,3,0,3,1,0,5,20,26,0,18,18,44
05/24/2013,ISO,NC,ASO,EN,Federal Contract Tower,3,0,6,4,13,0,2,18,1,21,3,2,24,5,34,18,8,26,60
05/25/2013,ISO,NC,ASO,EN,Federal Contract Tower,2,1,6,2,11,0,0,10,0,10,2,1,16,2,21,24,10,34,55
05/26/2013,ISO,NC,ASO,EN,Federal Contract Tower,0,2,10,0,12,0,0,6,0,6,0,2,16,0,18,16,0,16,34
05/27/2013,ISO,NC,ASO,EN,Federal Contract Tower,2,0,3,0,5,0,0,4,0,4,2,0,7,0,9,0,0,0,9
05/28/2013,ISO,NC,ASO,EN,Federal Contract Tower,0,0,5,15,20,0,6,17,0,23,0,6,22,15,43,12,40,52,95
05/29/2013,ISO,NC,ASO,EN,Federal Contract Tower,0,0,11,4,15,0,8,24,3,35,0,8,35,7,50,34,14,48,98
05/30/2013,ISO,NC,ASO,EN,Federal Contract Tower,0,0,12,23,35,0,16,32,1,49,0,16,44,24,84,0,50,50,134
05/31/2013,ISO,NC,ASO,EN,Federal Contract Tower,0,0,4,28,32,0,0,13,4,17,0,0,17,32,49,26,46,72,121
06/01/2013,ISO,NC,ASO,EN,Federal Contract Tower,0,0,0,2,2,0,22,6,0,28,0,22,6,2,30,0,0,0,30
06/02/2013,ISO,NC,ASO,EN,Federal Contract Tower,0,0,7,0,7,0,10,4,0,14,0,10,11,0,21,6,0,6,27
06/03/2013,ISO,NC,ASO,EN,Federal Contract Tower,0,0,2,2,4,0,0,0,0,0,0,0,2,2,4,0,0,0,4
06/04/2013,ISO,NC,ASO,EN,Federal Contract Tower,0,0,8,18,26,0,2,12,0,14,0,2,20,18,40,14,14,28,68
06/05/2013,ISO,NC,ASO,EN,Federal Contract Tower,0,2,14,36,52,0,3,26,0,29,0,5,40,36,81,26,70,96,177
06/06/2013,ISO,NC,ASO,EN,Federal Contract Tower,2,2,8,20,32,0,0,1,1,2,2,2,9,21,34,0,60,60,94
06/07/2013,ISO,NC,ASO,EN,Federal Contract Tower,2,0,3,0,5,0,0,0,0,0,2,0,3,0,5,0,0,0,5
06/08/2013,ISO,NC,ASO,EN,Federal Contract Tower,0,3,4,0,7,0,0,0,0,0,0,3,4,0,7,0,0,0,7
06/09/2013,ISO,NC,ASO,EN,Federal Contract Tower,4,2,15,0,21,0,0,3,0,3,4,2,18,0,24,0,0,0,24
06/10/2013,ISO,NC,ASO,EN,Federal Contract Tower,0,2,2,20,24,0,0,2,2,4,0,2,4,22,28,0,14,14,42
06/11/2013,ISO,NC,ASO,EN,Federal Contract Tower,0,3,7,20,30,0,0,10,2,12,0,3,17,22,42,6,72,78,120
06/12/2013,ISO,NC,ASO,EN,Federal Contract Tower,0,0,18,31,49,0,2,12,11,25,0,2,30,42,74,16,68,84,158
06/13/2013,ISO,NC,ASO,EN,Federal Contract Tower,0,0,10,10,20,0,0,8,4,12,0,0,18,14,32,6,18,24,56
06/14/2013,ISO,NC,ASO,EN,Federal Contract Tower,0,2,8,10,20,0,6,4,5,15,0,8,12,15,35,0,14,14,49
06/15/2013,ISO,NC,ASO,EN,Federal Contract Tower,0,0,7,0,7,0,0,7,0,7,0,0,14,0,14,0,0,0,14
06/16/2013,ISO,NC,ASO,EN,Federal Contract Tower,0,0,4,0,4,0,0,13,0,13,0,0,17,0,17,12,0,12,29
06/17/2013,ISO,NC,ASO,EN,Federal Contract Tower,0,0,5,6,11,0,0,4,4,8,0,0,9,10,19,10,0,10,29
06/18/2013,ISO,NC,ASO,EN,Federal Contract Tower,0,0,5,27,32,0,1,8,7,16,0,1,13,34,48,0,70,70,118
06/19/2013,ISO,NC,ASO,EN,Federal Contract Tower,0,0,17,6,23,0,4,6,1,11,0,4,23,7,34,0,32,32,66
06/20/2013,ISO,NC,ASO,EN,Federal Contract Tower,0,0,19,14,33,0,4,20,4,28,0,4,39,18,61,2,6,8,69
06/21/2013,ISO,NC,ASO,EN,Federal Contract Tower,0,0,6,12,18,0,10,13,0,23,0,10,19,12,41,8,20,28,69
06/22/2013,ISO,NC,ASO,EN,Federal Contract Tower,0,2,1,0,3,0,0,0,0,0,0,2,1,0,3,0,0,0,3
06/23/2013,ISO,NC,ASO,EN,Federal Contract Tower,0,2,2,0,4,0,0,2,0,2,0,2,4,0,6,0,0,0,6
06/24/2013,ISO,NC,ASO,EN,Federal Contract Tower,0,0,3,2,5,0,0,3,0,3,0,0,6,2,8,0,0,0,8
06/25/2013,ISO,NC,ASO,EN,Federal Contract Tower,0,8,10,13,31,0,1,4,3,8,0,9,14,16,39,8,34,42,81
06/26/2013,ISO,NC,ASO,EN,Federal Contract Tower,0,5,4,8,17,0,4,2,0,6,0,9,6,8,23,0,50,50,73
06/27/2013,ISO,NC,ASO,EN,Federal Contract Tower,2,0,11,0,13,0,0,11,0,11,2,0,22,0,24,0,0,0,24
06/28/2013,ISO,NC,ASO,EN,Federal Contract Tower,0,2,9,18,29,0,6,9,3,18,0,8,18,21,47,48,46,94,141
06/29/2013,ISO,NC,ASO,EN,Federal Contract Tower,0,0,0,0,0,0,0,2,0,2,0,0,2,0,2,0,0,0,2
06/30/2013,ISO,NC,ASO,EN,Federal Contract Tower,0,0,4,0,4,0,0,0,0,0,0,0,4,0,4,0,0,0,4
07/01/2013,ISO,NC,ASO,EN,Federal Contract Tower,0,0,5,4,9,0,0,1,0,1,0,0,6,4,10,0,0,0,10
07/02/2013,ISO,NC,ASO,EN,Federal Contract Tower,0,0,2,27,29,0,0,0,2,2,0,0,2,29,31,0,38,38,69
07/03/2013,ISO,NC,ASO,EN,Federal Contract Tower,0,0,4,12,16,0,6,8,1,15,0,6,12,13,31,0,6,6,37
07/04/2013,ISO,NC,ASO,EN,Federal Contract Tower,0,0,0,0,0,0,0,7,0,7,0,0,7,0,7,50,0,50,57
07/05/2013,ISO,NC,ASO,EN,Federal Contract Tower,2,0,4,0,6,0,0,16,0,16,2,0,20,0,22,0,0,0,22
07/06/2013,ISO,NC,ASO,EN,Federal Contract Tower,0,0,3,0,3,0,0,9,0,9,0,0,12,0,12,14,0,14,26
07/07/2013,ISO,NC,ASO,EN,Federal Contract Tower,2,0,3,0,5,0,0,4,0,4,2,0,7,0,9,2,0,2,11
07/08/2013,ISO,NC,ASO,EN,Federal Contract Tower,0,0,3,26,29,0,0,3,7,10,0,0,6,33,39,38,58,96,135
07/09/2013,ISO,NC,ASO,EN,Federal Contract Tower,0,2,11,14,27,0,0,16,2,18,0,2,27,16,45,68,26,94,139
07/10/2013,ISO,NC,ASO,EN,Federal Contract Tower,0,4,15,17,36,0,1,12,1,14,0,5,27,18,50,44,24,68,118
07/11/2013,ISO,NC,ASO,EN,Federal Contract Tower,2,1,8,22,33,0,4,2,3,9,2,5,10,25,42,18,42,60,102
07/12/2013,ISO,NC,ASO,EN,Federal Contract Tower,0,3,2,0,5,0,0,0,0,0,0,3,2,0,5,0,0,0,5
07/13/2013,ISO,NC,ASO,EN,Federal Contract Tower,0,1,0,0,1,0,0,0,0,0,0,1,0,0,1,0,0,0,1
07/14/2013,ISO,NC,ASO,EN,Federal Contract Tower,2,3,1,4,10,0,0,4,0,4,2,3,5,4,14,8,0,8,22
07/15/2013,ISO,NC,ASO,EN,Federal Contract Tower,0,0,6,24,30,0,2,11,8,21,0,2,17,32,51,0,80,80,131
07/16/2013,ISO,NC,ASO,EN,Federal Contract Tower,0,0,6,10,16,0,4,14,1,19,0,4,20,11,35,12,4,16,51
07/17/2013,ISO,NC,ASO,EN,Federal Contract Tower,0,2,9,8,19,0,3,20,5,28,0,5,29,13,47,26,54,80,127
07/18/2013,ISO,NC,ASO,EN,Federal Contract Tower,4,0,8,13,25,0,1,16,2,19,4,1,24,15,44,30,28,58,102
07/19/2013,ISO,NC,ASO,EN,Federal Contract Tower,0,0,2,12,14,0,0,29,0,29,0,0,31,12,43,36,1,37,80
07/20/2013,ISO,NC,ASO,EN,Federal Contract Tower,0,2,4,2,8,0,0,7,0,7,0,2,11,2,15,8,16,24,39
07/21/2013,ISO,NC,ASO,EN,Federal Contract Tower,0,2,2,2,6,0,0,5,0,5,0,2,7,2,11,4,0,4,15
07/22/2013,ISO,NC,ASO,EN,Federal Contract Tower,0,0,7,13,20,0,0,7,4,11,0,0,14,17,31,6,94,100,131
07/23/2013,ISO,NC,ASO,EN,Federal Contract Tower,0,0,5,32,37,0,0,10,2,12,0,0,15,34,49,6,40,46,95
07/24/2013,ISO,NC,ASO,EN,Federal Contract Tower,0,0,7,18,25,0,2,13,0,15,0,2,20,18,40,0,46,46,86
07/25/2013,ISO,NC,ASO,EN,Federal Contract Tower,0,2,15,12,29,0,0,5,0,5,0,2,20,12,34,0,14,14,48
07/26/2013,ISO,NC,ASO,EN,Federal Contract Tower,0,0,25,0,25,0,10,16,0,26,0,10,41,0,51,0,0,0,51
07/27/2013,ISO,NC,ASO,EN,Federal Contract Tower,0,0,2,0,2,0,0,4,0,4,0,0,6,0,6,6,0,6,12
07/28/2013,ISO,NC,ASO,EN,Federal Contract Tower,0,0,2,0,2,0,0,0,0,0,0,0,2,0,2,0,0,0,2
07/29/2013,ISO,NC,ASO,EN,Federal Contract Tower,0,0,5,13,18,0,0,7,1,8,0,0,12,14,26,2,36,38,64
07/30/2013,ISO,NC,ASO,EN,Federal Contract Tower,0,2,9,25,36,0,4,7,5,16,0,6,16,30,52,4,42,46,98
07/31/2013,ISO,NC,ASO,EN,Federal Contract Tower,0,0,31,10,41,0,6,0,0,6,0,6,31,10,47,0,30,30,77
08/01/2013,ISO,NC,ASO,EN,Federal Contract Tower,0,7,19,20,46,0,0,1,1,2,0,7,20,21,48,0,18,18,66
08/02/2013,ISO,NC,ASO,EN,Federal Contract Tower,2,2,6,18,28,0,0,5,2,7,2,2,11,20,35,0,10,10,45
08/03/2013,ISO,NC,ASO,EN,Federal Contract Tower,0,0,1,8,9,0,0,0,0,0,0,0,1,8,9,0,0,0,9
08/04/2013,ISO,NC,ASO,EN,Federal Contract Tower,2,2,2,0,6,0,0,4,0,4,2,2,6,0,10,0,0,0,10
08/05/2013,ISO,NC,ASO,EN,Federal Contract Tower,0,0,9,4,13,0,5,25,0,30,0,5,34,4,43,28,8,36,79
08/06/2013,ISO,NC,ASO,EN,Federal Contract Tower,0,0,7,23,30,0,2,12,3,17,0,2,19,26,47,14,56,70,117
08/07/2013,ISO,NC,ASO,EN,Federal Contract Tower,0,0,15,8,23,0,2,16,2,20,0,2,31,10,43,10,12,22,65
08/08/2013,ISO,NC,ASO,EN,Federal Contract Tower,0,0,1,4,5,0,1,3,0,4,0,1,4,4,9,0,10,10,19
08/09/2013,ISO,NC,ASO,EN,Federal Contract Tower,0,0,11,8,19,0,2,5,0,7,0,2,16,8,26,0,0,0,26
08/10/2013,ISO,NC,ASO,EN,Federal Contract Tower,0,0,2,0,2,0,0,3,0,3,0,0,5,0,5,0,0,0,5
08/11/2013,ISO,NC,ASO,EN,Federal Contract Tower,0,2,2,0,4,0,0,6,0,6,0,2,8,0,10,6,0,6,16
08/12/2013,ISO,NC,ASO,EN,Federal Contract Tower,0,2,4,10,16,0,8,4,2,14,0,10,8,12,30,4,10,14,44
08/13/2013,ISO,NC,ASO,EN,Federal Contract Tower,0,0,2,30,32,0,2,2,4,8,0,2,4,34,40,0,16,16,56
08/14/2013,ISO,NC,ASO,EN,Federal Contract Tower,0,6,17,12,35,0,0,12,0,12,0,6,29,12,47,28,20,48,95
08/15/2013,ISO,NC,ASO,EN,Federal Contract Tower,0,0,9,10,19,0,0,11,2,13,0,0,20,12,32,8,40,48,80
08/16/2013,ISO,NC,ASO,EN,Federal Contract Tower,2,0,5,13,20,0,2,1,0,3,2,2,6,13,23,6,18,24,47
08/17/2013,ISO,NC,ASO,EN,Federal Contract Tower,0,2,7,0,9,0,0,1,0,1,0,2,8,0,10,0,0,0,10
08/18/2013,ISO,NC,ASO,EN,Federal Contract Tower,2,2,0,0,4,0,0,4,0,4,2,2,4,0,8,6,0,6,14
08/19/2013,ISO,NC,ASO,EN,Federal Contract Tower,0,1,6,22,29,0,0,0,0,0,0,1,6,22,29,0,0,0,29
08/20/2013,ISO,NC,ASO,EN,Federal Contract Tower,0,0,7,4,11,0,2,4,0,6,0,2,11,4,17,8,0,8,25
08/21/2013,ISO,NC,ASO,EN,Federal Contract Tower,0,1,7,17,25,0,0,5,2,7,0,1,12,19,32,10,16,26,58
08/22/2013,ISO,NC,ASO,EN,Federal Contract Tower,2,1,6,30,39,0,0,1,1,2,2,1,7,31,41,0,70,70,111
08/23/2013,ISO,NC,ASO,EN,Federal Contract Tower,0,0,7,4,11,0,5,14,0,19,0,5,21,4,30,18,0,18,48
08/24/2013,ISO,NC,ASO,EN,Federal Contract Tower,0,2,0,0,2,0,0,8,0,8,0,2,8,0,10,0,4,4,14
08/25/2013,ISO,NC,ASO,EN,Federal Contract Tower,2,2,3,0,7,0,0,4,0,4,2,2,7,0,11,4,0,4,15
08/26/2013,ISO,NC,ASO,EN,Federal Contract Tower,0,1,3,13,17,0,11,14,2,27,0,12,17,15,44,22,18,40,84
08/27/2013,ISO,NC,ASO,EN,Federal Contract Tower,0,2,1,2,5,0,2,17,4,23,0,4,18,6,28,28,52,80,108
08/28/2013,ISO,NC,ASO,EN,Federal Contract Tower,0,1,4,18,23,0,1,4,2,7,0,2,8,20,30,0,72,72,102
08/29/2013,ISO,NC,ASO,EN,Federal Contract Tower,0,0,11,18,29,0,0,3,0,3,0,0,14,18,32,0,32,32,64
08/30/2013,ISO,NC,ASO,EN,Federal Contract Tower,2,0,11,4,17,0,0,24,0,24,2,0,35,4,41,18,0,18,59
08/31/2013,ISO,NC,ASO,EN,Federal Contract Tower,0,0,0,0,0,0,0,21,0,21,0,0,21,0,21,12,12,24,45
09/01/2013,ISO,NC,ASO,EN,Federal Contract Tower,0,0,3,0,3,0,0,1,0,1,0,0,4,0,4,0,0,0,4
09/02/2013,ISO,NC,ASO,EN,Federal Contract Tower,2,0,1,0,3,0,0,9,0,9,2,0,10,0,12,0,0,0,12
09/03/2013,ISO,NC,ASO,EN,Federal Contract Tower,0,0,12,4,16,0,2,15,4,21,0,2,27,8,37,0,2,2,39
09/04/2013,ISO,NC,ASO,EN,Federal Contract Tower,0,1,13,8,22,0,9,13,0,22,0,10,26,8,44,18,0,18,62
09/05/2013,ISO,NC,ASO,EN,Federal Contract Tower,2,0,13,7,22,0,10,11,2,23,2,10,24,9,45,36,66,102,147
09/06/2013,ISO,NC,ASO,EN,Federal Contract Tower,1,0,5,20,26,0,9,4,0,13,1,9,9,20,39,10,34,44,83
09/07/2013,ISO,NC,ASO,EN,Federal Contract Tower,0,2,8,0,10,0,0,4,0,4,0,2,12,0,14,0,0,0,14
09/08/2013,ISO,NC,ASO,EN,Federal Contract Tower,2,2,11,0,15,0,0,2,0,2,2,2,13,0,17,0,0,0,17
09/09/2013,ISO,NC,ASO,EN,Federal Contract Tower,0,0,4,33,37,0,0,8,2,10,0,0,12,35,47,36,44,80,127
09/10/2013,ISO,NC,ASO,EN,Federal Contract Tower,0,0,2,10,12,0,3,7,2,12,0,3,9,12,24,26,20,46,70
09/11/2013,ISO,NC,ASO,EN,Federal Contract Tower,0,0,14,10,24,0,2,4,2,8,0,2,18,12,32,12,32,44,76
09/12/2013,ISO,NC,ASO,EN,Federal Contract Tower,0,0,3,20,23,0,0,17,1,18,0,0,20,21,41,10,34,44,85
09/13/2013,ISO,NC,ASO,EN,Federal Contract Tower,0,0,16,2,18,0,0,16,12,28,0,0,32,14,46,22,0,22,68
09/14/2013,ISO,NC,ASO,EN,Federal Contract Tower,0,0,0,0,0,0,0,18,0,18,0,0,18,0,18,18,0,18,36
09/15/2013,ISO,NC,ASO,EN,Federal Contract Tower,0,0,4,0,4,0,0,4,0,4,0,0,8,0,8,4,0,4,12
09/16/2013,ISO,NC,ASO,EN,Federal Contract Tower,0,0,4,20,24,0,2,4,2,8,0,2,8,22,32,0,50,50,82
09/17/2013,ISO,NC,ASO,EN,Federal Contract Tower,0,2,12,19,33,0,6,10,4,20,0,8,22,23,53,22,36,58,111
09/18/2013,ISO,NC,ASO,EN,Federal Contract Tower,0,8,8,19,35,0,4,13,5,22,0,12,21,24,57,10,46,56,113
09/19/2013,ISO,NC,ASO,EN,Federal Contract Tower,2,2,15,26,45,0,0,28,8,36,2,2,43,34,81,14,136,150,231
09/20/2013,ISO,NC,ASO,EN,Federal Contract Tower,0,0,5,13,18,0,10,31,5,46,0,10,36,18,64,8,54,62,126
09/21/2013,ISO,NC,ASO,EN,Federal Contract Tower,1,0,5,4,10,0,0,4,0,4,1,0,9,4,14,28,0,28,42
09/22/2013,ISO,NC,ASO,EN,Federal Contract Tower,0,0,4,2,6,0,0,2,0,2,0,0,6,2,8,22,20,42,50
09/23/2013,ISO,NC,ASO,EN,Federal Contract Tower,0,2,3,9,14,0,5,10,1,16,0,7,13,10,30,10,16,26,56
09/24/2013,ISO,NC,ASO,EN,Federal Contract Tower,0,2,2,43,47,0,2,12,10,24,0,4,14,53,71,40,76,116,187
09/25/2013,ISO,NC,ASO,EN,Federal Contract Tower,0,0,8,27,35,0,0,2,6,8,0,0,10,33,43,10,88,98,141
09/26/2013,ISO,NC,ASO,EN,Federal Contract Tower,0,2,10,4,16,0,0,4,2,6,0,2,14,6,22,0,6,6,28
09/27/2013,ISO,NC,ASO,EN,Federal Contract Tower,0,0,4,0,4,0,7,19,0,26,0,7,23,0,30,0,0,0,30
09/28/2013,ISO,NC,ASO,EN,Federal Contract Tower,0,2,2,0,4,0,0,3,0,3,0,2,5,0,7,0,0,0,7
09/29/2013,ISO,NC,ASO,EN,Federal Contract Tower,0,2,0,0,2,0,0,4,0,4,0,2,4,0,6,0,0,0,6
09/30/2013,ISO,NC,ASO,EN,Federal Contract Tower,0,0,11,16,27,0,0,7,1,8,0,0,18,17,35,6,10,16,51
10/01/2013,ISO,NC,ASO,EN,Federal Contract Tower,0,0,12,10,22,0,4,17,2,23,0,4,29,12,45,14,0,14,59
10/02/2013,ISO,NC,ASO,EN,Federal Contract Tower,0,4,10,11,25,0,0,24,2,26,0,4,34,13,51,16,44,60,111
10/03/2013,ISO,NC,ASO,EN,Federal Contract Tower,2,0,2,0,4,0,0,13,0,13,2,0,15,0,17,4,0,4,21
10/04/2013,ISO,NC,ASO,EN,Federal Contract Tower,2,0,10,2,14,0,3,10,2,15,2,3,20,4,29,20,2,22,51
10/05/2013,ISO,NC,ASO,EN,Federal Contract Tower,0,0,0,0,0,0,2,19,0,21,0,2,19,0,21,14,6,20,41
10/06/2013,ISO,NC,ASO,EN,Federal Contract Tower,4,0,1,0,5,0,0,0,0,0,4,0,1,0,5,0,0,0,5
10/07/2013,ISO,NC,ASO,EN,Federal Contract Tower,0,0,1,26,27,0,0,3,2,5,0,0,4,28,32,0,46,46,78
10/08/2013,ISO,NC,ASO,EN,Federal Contract Tower,0,4,7,8,19,0,0,0,0,0,0,4,7,8,19,0,0,0,19
10/09/2013,ISO,NC,ASO,EN,Federal Contract Tower,0,2,5,6,13,0,0,0,0,0,0,2,5,6,13,0,0,0,13
10/10/2013,ISO,NC,ASO,EN,Federal Contract Tower,2,2,4,0,8,0,0,0,0,0,2,2,4,0,8,0,0,0,8
10/11/2013,ISO,NC,ASO,EN,Federal Contract Tower,0,2,13,0,15,0,0,0,0,0,0,2,13,0,15,0,0,0,15
10/12/2013,ISO,NC,ASO,EN,Federal Contract Tower,0,0,3,0,3,0,0,0,0,0,0,0,3,0,3,0,0,0,3
10/13/2013,ISO,NC,ASO,EN,Federal Contract Tower,2,2,9,4,17,0,0,1,0,1,2,2,10,4,18,0,0,0,18
10/14/2013,ISO,NC,ASO,EN,Federal Contract Tower,0,0,7,0,7,0,0,0,0,0,0,0,7,0,7,0,0,0,7
10/15/2013,ISO,NC,ASO,EN,Federal Contract Tower,0,0,19,10,29,0,0,0,0,0,0,0,19,10,29,0,0,0,29
10/16/2013,ISO,NC,ASO,EN,Federal Contract Tower,0,3,22,6,31,0,6,3,0,9,0,9,25,6,40,16,16,32,72
10/17/2013,ISO,NC,ASO,EN,Federal Contract Tower,0,2,19,7,28,0,6,6,3,15,0,8,25,10,43,26,36,62,105
10/18/2013,ISO,NC,ASO,EN,Federal Contract Tower,0,2,6,0,8,0,2,1,0,3,0,4,7,0,11,0,0,0,11
10/19/2013,ISO,NC,ASO,EN,Federal Contract Tower,0,0,2,0,2,0,0,2,0,2,0,0,4,0,4,12,0,12,16
10/20/2013,ISO,NC,ASO,EN,Federal Contract Tower,0,0,3,0,3,0,0,5,0,5,0,0,8,0,8,4,0,4,12
10/21/2013,ISO,NC,ASO,EN,Federal Contract Tower,0,0,3,8,11,0,0,13,0,13,0,0,16,8,24,10,16,26,50
10/22/2013,ISO,NC,ASO,EN,Federal Contract Tower,0,0,13,19,32,0,0,5,7,12,0,0,18,26,44,16,40,56,100
10/23/2013,ISO,NC,ASO,EN,Federal Contract Tower,0,0,3,14,17,0,0,6,0,6,0,0,9,14,23,0,36,36,59
10/24/2013,ISO,NC,ASO,EN,Federal Contract Tower,0,0,2,8,10,0,6,4,2,12,0,6,6,10,22,14,50,64,86
10/25/2013,ISO,NC,ASO,EN,Federal Contract Tower,2,2,14,10,28,0,2,18,2,22,2,4,32,12,50,12,26,38,88
10/26/2013,ISO,NC,ASO,EN,Federal Contract Tower,0,2,3,0,5,0,0,15,0,15,0,2,18,0,20,8,0,8,28
10/27/2013,ISO,NC,ASO,EN,Federal Contract Tower,2,2,1,0,5,0,0,24,0,24,2,2,25,0,29,2,0,2,31
10/28/2013,ISO,NC,ASO,EN,Federal Contract Tower,0,1,8,4,13,0,5,4,4,13,0,6,12,8,26,0,40,40,66
10/29/2013,ISO,NC,ASO,EN,Federal Contract Tower,0,1,7,26,34,0,9,13,6,28,0,10,20,32,62,28,24,52,114
10/30/2013,ISO,NC,ASO,EN,Federal Contract Tower,0,0,15,16,31,0,6,10,4,20,0,6,25,20,51,46,88,134,185
10/31/2013,ISO,NC,ASO,EN,Federal Contract Tower,0,0,10,15,25,0,4,3,4,11,0,4,13,19,36,6,68,74,110
11/01/2013,ISO,NC,ASO,EN,Federal Contract Tower,2,2,3,2,9,0,0,4,0,4,2,2,7,2,13,0,0,0,13
11/02/2013,ISO,NC,ASO,EN,Federal Contract Tower,0,0,4,3,7,0,0,6,1,7,0,0,10,4,14,0,4,4,18
11/03/2013,ISO,NC,ASO,EN,Federal Contract Tower,2,0,5,1,8,0,0,5,1,6,2,0,10,2,14,6,4,10,24
11/04/2013,ISO,NC,ASO,EN,Federal Contract Tower,0,0,3,22,25,0,6,14,4,24,0,6,17,26,49,28,42,70,119
11/05/2013,ISO,NC,ASO,EN,Federal Contract Tower,0,2,13,11,26,0,1,14,3,18,0,3,27,14,44,8,22,30,74
11/06/2013,ISO,NC,ASO,EN,Federal Contract Tower,0,2,8,13,23,0,0,12,0,12,0,2,20,13,35,8,26,34,69
11/07/2013,ISO,NC,ASO,EN,Federal Contract Tower,0,0,22,22,44,0,0,0,0,0,0,0,22,22,44,0,4,4,48
11/08/2013,ISO,NC,ASO,EN,Federal Contract Tower,0,2,9,0,11,0,7,9,0,16,0,9,18,0,27,14,0,14,41
11/09/2013,ISO,NC,ASO,EN,Federal Contract Tower,0,0,5,0,5,0,0,1,0,1,0,0,6,0,6,0,0,0,6
11/10/2013,ISO,NC,ASO,EN,Federal Contract Tower,0,2,2,0,4,0,0,14,0,14,0,2,16,0,18,6,0,6,24
11/11/2013,ISO,NC,ASO,EN,Federal Contract Tower,0,1,4,0,5,0,0,8,0,8,0,1,12,0,13,10,0,10,23
11/12/2013,ISO,NC,ASO,EN,Federal Contract Tower,0,2,3,16,21,0,0,0,0,0,0,2,3,16,21,14,24,38,59
11/13/2013,ISO,NC,ASO,EN,Federal Contract Tower,0,0,4,14,18,0,3,4,2,9,0,3,8,16,27,0,34,34,61
11/14/2013,ISO,NC,ASO,EN,Federal Contract Tower,2,3,10,22,37,0,10,6,0,16,2,13,16,22,53,22,6,28,81
11/15/2013,ISO,NC,ASO,EN,Federal Contract Tower,0,3,4,20,27,0,10,5,4,19,0,13,9,24,46,0,42,42,88
11/16/2013,ISO,NC,ASO,EN,Federal Contract Tower,0,0,4,0,4,0,0,1,0,1,0,0,5,0,5,0,0,0,5
11/17/2013,ISO,NC,ASO,EN,Federal Contract Tower,2,0,1,0,3,0,0,4,0,4,2,0,5,0,7,8,0,8,15
11/18/2013,ISO,NC,ASO,EN,Federal Contract Tower,0,0,7,28,35,0,1,8,4,13,0,1,15,32,48,6,44,50,98
11/19/2013,ISO,NC,ASO,EN,Federal Contract Tower,0,0,3,33,36,0,8,5,10,23,0,8,8,43,59,0,60,60,119
11/20/2013,ISO,NC,ASO,EN,Federal Contract Tower,0,3,8,22,33,0,15,7,7,29,0,18,15,29,62,20,54,74,136
11/21/2013,ISO,NC,ASO,EN,Federal Contract Tower,0,0,7,27,34,0,0,5,3,8,0,0,12,30,42,34,46,80,122
11/22/2013,ISO,NC,ASO,EN,Federal Contract Tower,0,10,10,4,24,0,13,13,0,26,0,23,23,4,50,8,0,8,58
11/23/2013,ISO,NC,ASO,EN,Federal Contract Tower,0,3,10,2,15,0,0,6,0,6,0,3,16,2,21,0,0,0,21
11/24/2013,ISO,NC,ASO,EN,Federal Contract Tower,0,3,2,0,5,0,2,8,0,10,0,5,10,0,15,0,0,0,15
11/25/2013,ISO,NC,ASO,EN,Federal Contract Tower,0,0,16,13,29,0,0,13,3,16,0,0,29,16,45,6,32,38,83
11/26/2013,ISO,NC,ASO,EN,Federal Contract Tower,0,0,1,15,16,0,0,0,3,3,0,0,1,18,19,0,44,44,63
11/27/2013,ISO,NC,ASO,EN,Federal Contract Tower,0,0,3,0,3,0,0,0,0,0,0,0,3,0,3,0,0,0,3
11/28/2013,ISO,NC,ASO,EN,Federal Contract Tower,0,0,0,0,0,0,0,0,0,0,0,0,0,0,0,0,0,0,0
11/29/2013,ISO,NC,ASO,EN,Federal Contract Tower,2,0,6,0,8,0,0,7,0,7,2,0,13,0,15,4,0,4,19
11/30/2013,ISO,NC,ASO,EN,Federal Contract Tower,0,2,4,0,6,0,0,8,0,8,0,2,12,0,14,14,0,14,28
12/01/2013,ISO,NC,ASO,EN,Federal Contract Tower,3,2,4,0,9,0,0,1,0,1,3,2,5,0,10,0,0,0,10
12/02/2013,ISO,NC,ASO,EN,Federal Contract Tower,0,0,7,17,24,0,0,6,9,15,0,0,13,26,39,0,24,24,63
12/03/2013,ISO,NC,ASO,EN,Federal Contract Tower,0,0,2,25,27,0,3,7,6,16,0,3,9,31,43,8,72,80,123
12/04/2013,ISO,NC,ASO,EN,Federal Contract Tower,0,2,2,7,11,0,1,1,3,5,0,3,3,10,16,0,38,38,54
12/05/2013,ISO,NC,ASO,EN,Federal Contract Tower,3,2,6,8,19,0,5,3,0,8,3,7,9,8,27,2,12,14,41
12/06/2013,ISO,NC,ASO,EN,Federal Contract Tower,1,4,6,40,51,0,37,4,21,62,1,41,10,61,113,0,88,88,201
12/07/2013,ISO,NC,ASO,EN,Federal Contract Tower,0,0,0,0,0,0,0,0,0,0,0,0,0,0,0,0,0,0,0
12/08/2013,ISO,NC,ASO,EN,Federal Contract Tower,3,2,1,0,6,0,0,0,0,0,3,2,1,0,6,0,0,0,6
12/09/2013,ISO,NC,ASO,EN,Federal Contract Tower,0,0,8,2,10,0,0,0,0,0,0,0,8,2,10,0,0,0,10
12/10/2013,ISO,NC,ASO,EN,Federal Contract Tower,0,0,5,0,5,0,0,0,0,0,0,0,5,0,5,0,0,0,5
12/11/2013,ISO,NC,ASO,EN,Federal Contract Tower,0,2,3,7,12,0,2,14,3,19,0,4,17,10,31,12,54,66,97
12/12/2013,ISO,NC,ASO,EN,Federal Contract Tower,2,0,6,8,16,0,1,10,4,15,2,1,16,12,31,0,52,52,83
12/13/2013,ISO,NC,ASO,EN,Federal Contract Tower,0,3,3,7,13,0,0,15,0,15,0,3,18,7,28,0,54,54,82
12/14/2013,ISO,NC,ASO,EN,Federal Contract Tower,1,3,3,0,7,0,0,0,0,0,1,3,3,0,7,0,0,0,7
12/15/2013,ISO,NC,ASO,EN,Federal Contract Tower,3,4,5,0,12,0,0,0,0,0,3,4,5,0,12,0,0,0,12
12/16/2013,ISO,NC,ASO,EN,Federal Contract Tower,0,0,5,31,36,0,7,18,6,31,0,7,23,37,67,22,44,66,133
12/17/2013,ISO,NC,ASO,EN,Federal Contract Tower,0,1,12,35,48,0,11,13,20,44,0,12,25,55,92,22,80,102,194
12/18/2013,ISO,NC,ASO,EN,Federal Contract Tower,0,0,15,16,31,0,4,3,0,7,0,4,18,16,38,14,22,36,74
12/19/2013,ISO,NC,ASO,EN,Federal Contract Tower,0,0,4,23,27,0,2,4,6,12,0,2,8,29,39,8,98,106,145
12/20/2013,ISO,NC,ASO,EN,Federal Contract Tower,0,5,13,10,28,0,5,5,2,12,0,10,18,12,40,14,16,30,70
12/21/2013,ISO,NC,ASO,EN,Federal Contract Tower,0,3,0,0,3,0,0,17,0,17,0,3,17,0,20,12,0,12,32
12/22/2013,ISO,NC,ASO,EN,Federal Contract Tower,0,3,1,0,4,0,0,6,0,6,0,3,7,0,10,0,0,0,10
12/23/2013,ISO,NC,ASO,EN,Federal Contract Tower,0,0,1,10,11,0,0,0,0,0,0,0,1,10,11,0,18,18,29
12/24/2013,ISO,NC,ASO,EN,Federal Contract Tower,0,1,5,0,6,0,0,6,4,10,0,1,11,4,16,0,0,0,16
12/25/2013,ISO,NC,ASO,EN,Federal Contract Tower,0,0,1,0,1,0,0,7,0,7,0,0,8,0,8,4,0,4,12
12/26/2013,ISO,NC,ASO,EN,Federal Contract Tower,0,0,1,4,5,0,0,7,0,7,0,0,8,4,12,0,8,8,20
12/27/2013,ISO,NC,ASO,EN,Federal Contract Tower,0,2,10,0,12,0,0,17,0,17,0,2,27,0,29,22,0,22,51
12/28/2013,ISO,NC,ASO,EN,Federal Contract Tower,0,0,4,0,4,0,0,6,0,6,0,0,10,0,10,6,0,6,16
12/29/2013,ISO,NC,ASO,EN,Federal Contract Tower,1,0,2,0,3,0,0,0,0,0,1,0,2,0,3,0,0,0,3
12/30/2013,ISO,NC,ASO,EN,Federal Contract Tower,2,1,2,10,15,0,2,7,1,10,2,3,9,11,25,8,26,34,59
12/31/2013,ISO,NC,ASO,EN,Federal Contract Tower,0,0,11,12,23,0,0,10,0,10,0,0,21,12,33,8,14,22,55
01/01/2014,ISO,NC,ASO,EN,Federal Contract Tower,0,1,1,0,2,0,0,13,0,13,0,1,14,0,15,4,0,4,19
01/02/2014,ISO,NC,ASO,EN,Federal Contract Tower,2,0,2,2,6,0,0,0,0,0,2,0,2,2,6,0,0,0,6
01/03/2014,ISO,NC,ASO,EN,Federal Contract Tower,2,0,2,4,8,0,0,0,0,0,2,0,2,4,8,0,0,0,8
01/04/2014,ISO,NC,ASO,EN,Federal Contract Tower,0,0,8,2,10,0,0,10,0,10,0,0,18,2,20,18,4,22,42
01/05/2014,ISO,NC,ASO,EN,Federal Contract Tower,2,0,5,0,7,0,0,0,0,0,2,0,5,0,7,0,0,0,7
01/06/2014,ISO,NC,ASO,EN,Federal Contract Tower,0,2,4,4,10,0,0,0,0,0,0,2,4,4,10,0,0,0,10
01/07/2014,ISO,NC,ASO,EN,Federal Contract Tower,0,4,1,4,9,0,0,4,0,4,0,4,5,4,13,0,0,0,13
01/08/2014,ISO,NC,ASO,EN,Federal Contract Tower,0,0,20,19,39,0,0,8,8,16,0,0,28,27,55,8,56,64,119
01/09/2014,ISO,NC,ASO,EN,Federal Contract Tower,2,0,7,12,21,0,0,10,0,10,2,0,17,12,31,44,24,68,99
01/10/2014,ISO,NC,ASO,EN,Federal Contract Tower,0,0,4,13,17,0,5,5,2,12,0,5,9,15,29,26,26,52,81
01/11/2014,ISO,NC,ASO,EN,Federal Contract Tower,0,2,0,0,2,0,0,0,0,0,0,2,0,0,2,0,0,0,2
01/12/2014,ISO,NC,ASO,EN,Federal Contract Tower,2,2,4,3,11,0,0,16,0,16,2,2,20,3,27,8,12,20,47
01/13/2014,ISO,NC,ASO,EN,Federal Contract Tower,0,0,7,8,15,0,1,9,4,14,0,1,16,12,29,0,10,10,39
01/14/2014,ISO,NC,ASO,EN,Federal Contract Tower,0,2,5,18,25,0,0,0,0,0,0,2,5,18,25,0,0,0,25
01/15/2014,ISO,NC,ASO,EN,Federal Contract Tower,0,0,2,6,8,0,3,9,0,12,0,3,11,6,20,18,26,44,64
01/16/2014,ISO,NC,ASO,EN,Federal Contract Tower,0,0,10,4,14,0,2,0,0,2,0,2,10,4,16,0,8,8,24
01/17/2014,ISO,NC,ASO,EN,Federal Contract Tower,0,0,9,6,15,0,7,11,0,18,0,7,20,6,33,12,12,24,57
01/18/2014,ISO,NC,ASO,EN,Federal Contract Tower,0,2,2,0,4,0,0,3,0,3,0,2,5,0,7,0,0,0,7
01/19/2014,ISO,NC,ASO,EN,Federal Contract Tower,0,0,3,0,3,0,0,1,2,3,0,0,4,2,6,6,0,6,12
01/20/2014,ISO,NC,ASO,EN,Federal Contract Tower,0,2,12,12,26,0,0,16,0,16,0,2,28,12,42,16,0,16,58
01/21/2014,ISO,NC,ASO,EN,Federal Contract Tower,0,0,15,14,29,0,4,9,2,15,0,4,24,16,44,4,30,34,78
01/22/2014,ISO,NC,ASO,EN,Federal Contract Tower,0,0,3,12,15,0,0,1,1,2,0,0,4,13,17,0,8,8,25
01/23/2014,ISO,NC,ASO,EN,Federal Contract Tower,0,0,3,22,25,0,6,6,6,18,0,6,9,28,43,6,96,102,145
01/24/2014,ISO,NC,ASO,EN,Federal Contract Tower,2,0,3,10,15,0,10,8,9,27,2,10,11,19,42,4,34,38,80
01/25/2014,ISO,NC,ASO,EN,Federal Contract Tower,0,2,0,0,2,0,0,2,0,2,0,2,2,0,4,6,0,6,10
01/26/2014,ISO,NC,ASO,EN,Federal Contract Tower,0,2,3,2,7,0,0,11,0,11,0,2,14,2,18,10,0,10,28
01/27/2014,ISO,NC,ASO,EN,Federal Contract Tower,0,0,15,15,30,0,2,13,2,17,0,2,28,17,47,8,48,56,103
01/28/2014,ISO,NC,ASO,EN,Federal Contract Tower,0,0,0,2,2,0,0,1,0,1,0,0,1,2,3,0,0,0,3
01/29/2014,ISO,NC,ASO,EN,Federal Contract Tower,0,0,0,0,0,0,0,0,0,0,0,0,0,0,0,0,0,0,0
01/30/2014,ISO,NC,ASO,EN,Federal Contract Tower,0,0,0,0,0,0,0,0,0,0,0,0,0,0,0,0,0,0,0
01/31/2014,ISO,NC,ASO,EN,Federal Contract Tower,0,0,7,0,7,0,0,6,0,6,0,0,13,0,13,0,0,0,13
02/01/2014,ISO,NC,ASO,EN,Federal Contract Tower,0,0,7,0,7,0,0,6,0,6,0,0,13,0,13,40,0,40,53
02/02/2014,ISO,NC,ASO,EN,Federal Contract Tower,0,0,4,0,4,0,0,7,0,7,0,0,11,0,11,0,0,0,11
02/03/2014,ISO,NC,ASO,EN,Federal Contract Tower,0,0,2,14,16,0,0,0,2,2,0,0,2,16,18,0,12,12,30
02/04/2014,ISO,NC,ASO,EN,Federal Contract Tower,0,0,5,14,19,0,0,2,0,2,0,0,7,14,21,0,0,0,21
02/05/2014,ISO,NC,ASO,EN,Federal Contract Tower,0,0,2,16,18,0,0,0,0,0,0,0,2,16,18,0,0,0,18
02/06/2014,ISO,NC,ASO,EN,Federal Contract Tower,0,2,10,16,28,0,2,12,4,18,0,4,22,20,46,34,34,68,114
02/07/2014,ISO,NC,ASO,EN,Federal Contract Tower,2,3,6,6,17,0,4,6,6,16,2,7,12,12,33,24,82,106,139
02/08/2014,ISO,NC,ASO,EN,Federal Contract Tower,0,0,5,12,17,0,0,12,2,14,0,0,17,14,31,8,64,72,103
02/09/2014,ISO,NC,ASO,EN,Federal Contract Tower,0,2,6,16,24,0,0,10,0,10,0,2,16,16,34,0,0,0,34
02/10/2014,ISO,NC,ASO,EN,Federal Contract Tower,0,0,5,6,11,0,2,11,0,13,0,2,16,6,24,6,12,18,42
02/11/2014,ISO,NC,ASO,EN,Federal Contract Tower,0,0,2,0,2,0,0,0,0,0,0,0,2,0,2,0,0,0,2
02/12/2014,ISO,NC,ASO,EN,Federal Contract Tower,0,0,0,0,0,0,0,0,0,0,0,0,0,0,0,0,0,0,0
02/13/2014,ISO,NC,ASO,EN,Federal Contract Tower,2,0,0,0,2,0,0,0,0,0,2,0,0,0,2,0,0,0,2
02/14/2014,ISO,NC,ASO,EN,Federal Contract Tower,0,0,10,10,20,0,4,12,6,22,0,4,22,16,42,16,56,72,114
02/15/2014,ISO,NC,ASO,EN,Federal Contract Tower,0,0,2,0,2,0,0,0,0,0,0,0,2,0,2,0,0,0,2
02/16/2014,ISO,NC,ASO,EN,Federal Contract Tower,2,0,13,0,15,0,0,22,0,22,2,0,35,0,37,26,0,26,63
02/17/2014,ISO,NC,ASO,EN,Federal Contract Tower,0,0,13,0,13,0,0,28,0,28,0,0,41,0,41,28,0,28,69
02/18/2014,ISO,NC,ASO,EN,Federal Contract Tower,0,0,15,6,21,0,4,31,0,35,0,4,46,6,56,18,20,38,94
02/19/2014,ISO,NC,ASO,EN,Federal Contract Tower,0,0,6,4,10,0,0,2,4,6,0,0,8,8,16,0,18,18,34
02/20/2014,ISO,NC,ASO,EN,Federal Contract Tower,0,1,4,13,18,0,7,20,0,27,0,8,24,13,45,68,24,92,137
02/21/2014,ISO,NC,ASO,EN,Federal Contract Tower,0,6,4,1,11,0,2,0,0,2,0,8,4,1,13,10,12,22,35
02/22/2014,ISO,NC,ASO,EN,Federal Contract Tower,0,2,6,0,8,0,0,20,0,20,0,2,26,0,28,16,0,16,44
02/23/2014,ISO,NC,ASO,EN,Federal Contract Tower,0,2,2,0,4,0,0,20,0,20,0,2,22,0,24,12,0,12,36
02/24/2014,ISO,NC,ASO,EN,Federal Contract Tower,0,2,13,10,25,0,32,19,1,52,0,34,32,11,77,2,22,24,101
02/25/2014,ISO,NC,ASO,EN,Federal Contract Tower,0,0,9,3,12,0,1,6,1,8,0,1,15,4,20,16,28,44,64
02/26/2014,ISO,NC,ASO,EN,Federal Contract Tower,0,2,12,0,14,0,0,1,0,1,0,2,13,0,15,6,0,6,21
02/27/2014,ISO,NC,ASO,EN,Federal Contract Tower,0,0,13,0,13,0,9,3,4,16,0,9,16,4,29,0,14,14,43
02/28/2014,ISO,NC,ASO,EN,Federal Contract Tower,0,0,11,8,19,0,3,8,1,12,0,3,19,9,31,2,10,12,43
03/01/2014,ISO,NC,ASO,EN,Federal Contract Tower,0,0,0,0,0,0,0,4,0,4,0,0,4,0,4,0,0,0,4
03/02/2014,ISO,NC,ASO,EN,Federal Contract Tower,0,0,2,0,2,0,1,18,0,19,0,1,20,0,21,0,0,0,21
03/03/2014,ISO,NC,ASO,EN,Federal Contract Tower,0,0,4,2,6,0,0,0,0,0,0,0,4,2,6,0,0,0,6
03/04/2014,ISO,NC,ASO,EN,Federal Contract Tower,0,0,0,0,0,0,0,6,0,6,0,0,6,0,6,0,0,0,6
03/05/2014,ISO,NC,ASO,EN,Federal Contract Tower,0,0,5,14,19,0,1,0,0,1,0,1,5,14,20,0,0,0,20
03/06/2014,ISO,NC,ASO,EN,Federal Contract Tower,2,1,3,24,30,0,0,2,0,2,2,1,5,24,32,0,14,14,46
03/07/2014,ISO,NC,ASO,EN,Federal Contract Tower,2,1,6,0,9,0,0,0,0,0,2,1,6,0,9,0,0,0,9
03/08/2014,ISO,NC,ASO,EN,Federal Contract Tower,0,3,5,0,8,0,0,20,0,20,0,3,25,0,28,0,0,0,28
03/09/2014,ISO,NC,ASO,EN,Federal Contract Tower,1,4,7,8,20,0,0,2,0,2,1,4,9,8,22,0,16,16,38
03/10/2014,ISO,NC,ASO,EN,Federal Contract Tower,1,0,7,23,31,0,17,12,1,30,1,17,19,24,61,18,10,28,89
03/11/2014,ISO,NC,ASO,EN,Federal Contract Tower,0,1,5,2,8,1,14,14,2,31,1,15,19,4,39,33,14,47,86
03/12/2014,ISO,NC,ASO,EN,Federal Contract Tower,0,1,5,10,16,0,3,1,0,4,0,4,6,10,20,4,22,26,46
03/13/2014,ISO,NC,ASO,EN,Federal Contract Tower,0,3,5,9,17,0,1,0,1,2,0,4,5,10,19,0,28,28,47
03/14/2014,ISO,NC,ASO,EN,Federal Contract Tower,0,0,8,4,12,0,25,35,0,60,0,25,43,4,72,12,20,32,104
03/15/2014,ISO,NC,ASO,EN,Federal Contract Tower,0,1,2,8,11,0,11,12,0,23,0,12,14,8,34,24,0,24,58
03/16/2014,ISO,NC,ASO,EN,Federal Contract Tower,0,0,6,0,6,0,0,4,0,4,0,0,10,0,10,6,0,6,16
03/17/2014,ISO,NC,ASO,EN,Federal Contract Tower,0,2,4,0,6,0,0,0,0,0,0,2,4,0,6,0,0,0,6
03/18/2014,ISO,NC,ASO,EN,Federal Contract Tower,0,0,5,8,13,0,0,0,0,0,0,0,5,8,13,0,0,0,13
03/19/2014,ISO,NC,ASO,EN,Federal Contract Tower,0,3,14,0,17,0,0,0,0,0,0,3,14,0,17,0,0,0,17
03/20/2014,ISO,NC,ASO,EN,Federal Contract Tower,0,1,24,8,33,0,14,20,1,35,0,15,44,9,68,42,52,94,162
03/21/2014,ISO,NC,ASO,EN,Federal Contract Tower,0,1,25,9,35,0,8,29,2,39,0,9,54,11,74,26,38,64,138
03/22/2014,ISO,NC,ASO,EN,Federal Contract Tower,0,2,14,0,16,0,11,7,0,18,0,13,21,0,34,8,0,8,42
03/23/2014,ISO,NC,ASO,EN,Federal Contract Tower,0,3,12,0,15,0,0,4,0,4,0,3,16,0,19,0,0,0,19
03/24/2014,ISO,NC,ASO,EN,Federal Contract Tower,0,0,5,28,33,0,2,12,10,24,0,2,17,38,57,12,48,60,117
03/25/2014,ISO,NC,ASO,EN,Federal Contract Tower,0,1,7,28,36,0,0,0,0,0,0,1,7,28,36,0,14,14,50
03/26/2014,ISO,NC,ASO,EN,Federal Contract Tower,1,1,5,5,12,0,2,4,2,8,1,3,9,7,20,0,14,14,34
03/27/2014,ISO,NC,ASO,EN,Federal Contract Tower,1,0,7,8,16,0,3,13,9,25,1,3,20,17,41,10,78,88,129
03/28/2014,ISO,NC,ASO,EN,Federal Contract Tower,0,0,6,6,12,0,2,2,2,6,0,2,8,8,18,0,50,50,68
03/29/2014,ISO,NC,ASO,EN,Federal Contract Tower,0,0,5,0,5,0,0,0,0,0,0,0,5,0,5,0,0,0,5
03/30/2014,ISO,NC,ASO,EN,Federal Contract Tower,2,0,2,0,4,0,0,0,0,0,2,0,2,0,4,0,0,0,4
03/31/2014,ISO,NC,ASO,EN,Federal Contract Tower,0,0,5,4,9,0,8,5,0,13,0,8,10,4,22,2,2,4,26
04/01/2014,ISO,NC,ASO,EN,Federal Contract Tower,0,0,7,6,13,0,4,19,2,25,0,4,26,8,38,28,12,40,78
04/02/2014,ISO,NC,ASO,EN,Federal Contract Tower,0,0,6,4,10,0,5,10,1,16,0,5,16,5,26,6,18,24,50
04/03/2014,ISO,NC,ASO,EN,Federal Contract Tower,0,0,10,15,25,0,19,14,1,34,0,19,24,16,59,58,64,122,181
04/04/2014,ISO,NC,ASO,EN,Federal Contract Tower,2,0,7,11,20,0,19,13,1,33,2,19,20,12,53,12,24,36,89
04/05/2014,ISO,NC,ASO,EN,Federal Contract Tower,0,0,0,0,0,0,15,4,0,19,0,15,4,0,19,0,0,0,19
04/06/2014,ISO,NC,ASO,EN,Federal Contract Tower,2,0,4,4,10,0,9,6,0,15,2,9,10,4,25,2,0,2,27
04/07/2014,ISO,NC,ASO,EN,Federal Contract Tower,0,0,0,2,2,0,0,1,0,1,0,0,1,2,3,0,0,0,3
04/08/2014,ISO,NC,ASO,EN,Federal Contract Tower,0,1,10,12,23,0,0,2,0,2,0,1,12,12,25,0,0,0,25
04/09/2014,ISO,NC,ASO,EN,Federal Contract Tower,0,1,6,6,13,0,0,6,2,8,0,1,12,8,21,0,10,10,31
04/10/2014,ISO,NC,ASO,EN,Federal Contract Tower,0,0,3,12,15,0,2,16,6,24,0,2,19,18,39,40,2,42,81
04/11/2014,ISO,NC,ASO,EN,Federal Contract Tower,0,0,14,5,19,0,9,22,1,32,0,9,36,6,51,20,14,34,85
04/12/2014,ISO,NC,ASO,EN,Federal Contract Tower,0,3,12,0,15,0,4,25,0,29,0,7,37,0,44,20,0,20,64
04/13/2014,ISO,NC,ASO,EN,Federal Contract Tower,0,0,15,0,15,0,6,4,0,10,0,6,19,0,25,0,0,0,25
04/14/2014,ISO,NC,ASO,EN,Federal Contract Tower,0,0,5,8,13,0,5,0,6,11,0,5,5,14,24,0,4,4,28
04/15/2014,ISO,NC,ASO,EN,Federal Contract Tower,0,0,13,6,19,0,0,0,0,0,0,0,13,6,19,0,0,0,19
04/16/2014,ISO,NC,ASO,EN,Federal Contract Tower,0,0,20,0,20,0,0,5,0,5,0,0,25,0,25,0,0,0,25
04/17/2014,ISO,NC,ASO,EN,Federal Contract Tower,0,0,21,21,42,0,5,14,5,24,0,5,35,26,66,26,54,80,146
04/18/2014,ISO,NC,ASO,EN,Federal Contract Tower,2,0,17,13,32,0,0,11,2,13,2,0,28,15,45,10,14,24,69
04/19/2014,ISO,NC,ASO,EN,Federal Contract Tower,0,0,1,0,1,0,0,0,0,0,0,0,1,0,1,0,0,0,1
04/20/2014,ISO,NC,ASO,EN,Federal Contract Tower,0,0,6,0,6,0,0,0,0,0,0,0,6,0,6,0,0,0,6
04/21/2014,ISO,NC,ASO,EN,Federal Contract Tower,2,0,11,16,29,0,2,20,6,28,2,2,31,22,57,48,46,94,151
04/22/2014,ISO,NC,ASO,EN,Federal Contract Tower,0,0,2,10,12,0,11,12,6,29,0,11,14,16,41,12,14,26,67
04/23/2014,ISO,NC,ASO,EN,Federal Contract Tower,0,2,9,11,22,0,2,21,11,34,0,4,30,22,56,18,22,40,96
04/24/2014,ISO,NC,ASO,EN,Federal Contract Tower,0,0,11,4,15,0,3,21,5,29,0,3,32,9,44,64,26,90,134
04/25/2014,ISO,NC,ASO,EN,Federal Contract Tower,2,2,3,10,17,0,3,4,0,7,2,5,7,10,24,44,12,56,80
04/26/2014,ISO,NC,ASO,EN,Federal Contract Tower,0,0,0,0,0,0,11,9,0,20,0,11,9,0,20,6,0,6,26
04/27/2014,ISO,NC,ASO,EN,Federal Contract Tower,2,0,7,0,9,0,4,10,0,14,2,4,17,0,23,4,0,4,27
04/28/2014,ISO,NC,ASO,EN,Federal Contract Tower,0,2,13,27,42,0,27,10,8,45,0,29,23,35,87,16,82,98,185
04/29/2014,ISO,NC,ASO,EN,Federal Contract Tower,0,0,4,0,4,0,0,5,0,5,0,0,9,0,9,12,0,12,21
04/30/2014,ISO,NC,ASO,EN,Federal Contract Tower,0,0,3,6,9,0,0,0,0,0,0,0,3,6,9,0,14,14,23
05/01/2014,ISO,NC,ASO,EN,Federal Contract Tower,0,0,11,8,19,0,1,10,0,11,0,1,21,8,30,16,32,48,78
05/02/2014,ISO,NC,ASO,EN,Federal Contract Tower,2,0,17,2,21,0,4,4,0,8,2,4,21,2,29,2,0,2,31
05/03/2014,ISO,NC,ASO,EN,Federal Contract Tower,0,0,17,0,17,0,1,15,0,16,0,1,32,0,33,12,0,12,45
05/04/2014,ISO,NC,ASO,EN,Federal Contract Tower,4,0,20,2,26,0,2,5,0,7,4,2,25,2,33,6,6,12,45
05/05/2014,ISO,NC,ASO,EN,Federal Contract Tower,0,0,16,10,26,0,2,31,2,35,0,2,47,12,61,62,8,70,131
05/06/2014,ISO,NC,ASO,EN,Federal Contract Tower,0,0,10,3,13,0,1,20,1,22,0,1,30,4,35,98,0,98,133
05/07/2014,ISO,NC,ASO,EN,Federal Contract Tower,0,0,17,4,21,0,15,9,4,28,0,15,26,8,49,46,22,68,117
05/08/2014,ISO,NC,ASO,EN,Federal Contract Tower,0,0,10,7,17,0,8,8,3,19,0,8,18,10,36,30,28,58,94
05/09/2014,ISO,NC,ASO,EN,Federal Contract Tower,0,0,5,0,5,0,9,20,0,29,0,9,25,0,34,6,0,6,40
05/10/2014,ISO,NC,ASO,EN,Federal Contract Tower,2,0,2,0,4,0,7,15,0,22,2,7,17,0,26,2,0,2,28
05/11/2014,ISO,NC,ASO,EN,Federal Contract Tower,0,0,7,0,7,0,5,5,0,10,0,5,12,0,17,0,0,0,17
05/12/2014,ISO,NC,ASO,EN,Federal Contract Tower,0,0,4,23,27,0,2,21,5,28,0,2,25,28,55,48,12,60,115
05/13/2014,ISO,NC,ASO,EN,Federal Contract Tower,2,0,9,24,35,0,3,20,3,26,2,3,29,27,61,96,50,146,207
05/14/2014,ISO,NC,ASO,EN,Federal Contract Tower,0,3,5,2,10,0,6,25,0,31,0,9,30,2,41,48,10,58,99
05/15/2014,ISO,NC,ASO,EN,Federal Contract Tower,0,0,6,2,8,0,4,6,0,10,0,4,12,2,18,28,6,34,52
05/16/2014,ISO,NC,ASO,EN,Federal Contract Tower,2,4,10,6,22,0,4,4,0,8,2,8,14,6,30,24,0,24,54
05/17/2014,ISO,NC,ASO,EN,Federal Contract Tower,0,2,0,0,2,0,7,7,0,14,0,9,7,0,16,14,0,14,30
05/18/2014,ISO,NC,ASO,EN,Federal Contract Tower,2,4,5,0,11,0,0,0,0,0,2,4,5,0,11,14,0,14,25
05/19/2014,ISO,NC,ASO,EN,Federal Contract Tower,0,0,14,20,34,0,7,22,2,31,0,7,36,22,65,22,28,50,115
05/20/2014,ISO,NC,ASO,EN,Federal Contract Tower,0,1,4,17,22,0,8,19,3,30,0,9,23,20,52,20,56,76,128
05/21/2014,ISO,NC,ASO,EN,Federal Contract Tower,0,1,3,19,23,0,10,16,1,27,0,11,19,20,50,66,28,94,144
05/22/2014,ISO,NC,ASO,EN,Federal Contract Tower,0,2,3,0,5,0,6,8,0,14,0,8,11,0,19,22,0,22,41
05/23/2014,ISO,NC,ASO,EN,Federal Contract Tower,2,0,6,0,8,0,18,10,0,28,2,18,16,0,36,16,0,16,52
05/24/2014,ISO,NC,ASO,EN,Federal Contract Tower,0,0,2,0,2,0,0,9,0,9,0,0,11,0,11,14,0,14,25
05/25/2014,ISO,NC,ASO,EN,Federal Contract Tower,0,0,4,0,4,0,0,4,0,4,0,0,8,0,8,0,0,0,8
05/26/2014,ISO,NC,ASO,EN,Federal Contract Tower,2,0,2,0,4,0,0,8,0,8,2,0,10,0,12,0,0,0,12
05/27/2014,ISO,NC,ASO,EN,Federal Contract Tower,0,1,7,6,14,0,0,10,2,12,0,1,17,8,26,10,8,18,44
05/28/2014,ISO,NC,ASO,EN,Federal Contract Tower,0,1,8,16,25,0,5,5,0,10,0,6,13,16,35,72,52,124,159
05/29/2014,ISO,NC,ASO,EN,Federal Contract Tower,0,0,6,6,12,0,3,2,0,5,0,3,8,6,17,4,16,20,37
05/30/2014,ISO,NC,ASO,EN,Federal Contract Tower,0,2,15,2,19,0,1,2,0,3,0,3,17,2,22,0,0,0,22
05/31/2014,ISO,NC,ASO,EN,Federal Contract Tower,0,2,0,0,2,0,0,9,0,9,0,2,9,0,11,8,0,8,19
06/01/2014,ISO,NC,ASO,EN,Federal Contract Tower,0,0,1,0,1,0,0,17,0,17,0,0,18,0,18,4,0,4,22
06/02/2014,ISO,NC,ASO,EN,Federal Contract Tower,0,0,10,11,21,0,3,25,2,30,0,3,35,13,51,50,14,64,115
06/03/2014,ISO,NC,ASO,EN,Federal Contract Tower,0,0,10,25,35,0,13,17,17,47,0,13,27,42,82,32,68,100,182
06/04/2014,ISO,NC,ASO,EN,Federal Contract Tower,0,0,3,9,12,0,8,8,3,19,0,8,11,12,31,58,20,78,109
06/05/2014,ISO,NC,ASO,EN,Federal Contract Tower,0,0,6,3,9,0,5,6,1,12,0,5,12,4,21,0,0,0,21
06/06/2014,ISO,NC,ASO,EN,Federal Contract Tower,2,0,5,10,17,0,16,7,4,27,2,16,12,14,44,22,20,42,86
06/07/2014,ISO,NC,ASO,EN,Federal Contract Tower,0,0,0,0,0,0,5,17,0,22,0,5,17,0,22,12,0,12,34
06/08/2014,ISO,NC,ASO,EN,Federal Contract Tower,2,0,6,0,8,0,2,2,0,4,2,2,8,0,12,0,0,0,12
06/09/2014,ISO,NC,ASO,EN,Federal Contract Tower,0,0,3,16,19,0,5,14,8,27,0,5,17,24,46,24,42,66,112
06/10/2014,ISO,NC,ASO,EN,Federal Contract Tower,0,0,6,10,16,0,5,11,2,18,0,5,17,12,34,56,30,86,120
06/11/2014,ISO,NC,ASO,EN,Federal Contract Tower,0,2,8,27,37,0,4,12,7,23,0,6,20,34,60,74,20,94,154
06/12/2014,ISO,NC,ASO,EN,Federal Contract Tower,2,0,4,10,16,0,5,0,0,5,2,5,4,10,21,36,6,42,63
06/13/2014,ISO,NC,ASO,EN,Federal Contract Tower,0,4,5,12,21,0,8,11,4,23,0,12,16,16,44,44,60,104,148
06/14/2014,ISO,NC,ASO,EN,Federal Contract Tower,1,0,5,0,6,0,4,3,0,7,1,4,8,0,13,0,0,0,13
06/15/2014,ISO,NC,ASO,EN,Federal Contract Tower,0,2,3,0,5,0,0,3,0,3,0,2,6,0,8,0,0,0,8
06/16/2014,ISO,NC,ASO,EN,Federal Contract Tower,0,0,6,18,24,0,3,0,4,7,0,3,6,22,31,10,32,42,73
06/17/2014,ISO,NC,ASO,EN,Federal Contract Tower,0,0,9,14,23,0,11,23,5,39,0,11,32,19,62,52,42,94,156
06/18/2014,ISO,NC,ASO,EN,Federal Contract Tower,0,2,8,16,26,0,4,14,5,23,0,6,22,21,49,12,42,54,103
06/19/2014,ISO,NC,ASO,EN,Federal Contract Tower,0,2,10,16,28,0,5,11,1,17,0,7,21,17,45,38,22,60,105
06/20/2014,ISO,NC,ASO,EN,Federal Contract Tower,2,0,14,8,24,0,6,11,4,21,2,6,25,12,45,10,70,80,125
06/21/2014,ISO,NC,ASO,EN,Federal Contract Tower,0,0,1,0,1,0,3,3,0,6,0,3,4,0,7,6,0,6,13
06/22/2014,ISO,NC,ASO,EN,Federal Contract Tower,0,0,0,4,4,0,0,6,0,6,0,0,6,4,10,6,26,32,42
06/23/2014,ISO,NC,ASO,EN,Federal Contract Tower,2,0,14,12,28,0,14,19,6,39,2,14,33,18,67,42,14,56,123
06/24/2014,ISO,NC,ASO,EN,Federal Contract Tower,0,0,14,18,32,0,10,11,2,23,0,10,25,20,55,6,16,22,77
06/25/2014,ISO,NC,ASO,EN,Federal Contract Tower,0,1,2,25,28,0,5,1,3,9,0,6,3,28,37,0,64,64,101
06/26/2014,ISO,NC,ASO,EN,Federal Contract Tower,0,0,2,18,20,0,22,23,3,48,0,22,25,21,68,74,50,124,192
06/27/2014,ISO,NC,ASO,EN,Federal Contract Tower,2,0,6,10,18,0,15,19,2,36,2,15,25,12,54,12,44,56,110
06/28/2014,ISO,NC,ASO,EN,Federal Contract Tower,0,1,5,0,6,0,2,5,0,7,0,3,10,0,13,6,0,6,19
06/29/2014,ISO,NC,ASO,EN,Federal Contract Tower,1,0,13,0,14,0,0,10,0,10,1,0,23,0,24,16,0,16,40
06/30/2014,ISO,NC,ASO,EN,Federal Contract Tower,0,0,17,12,29,0,6,17,8,31,0,6,34,20,60,10,58,68,128
07/01/2014,ISO,NC,ASO,EN,Federal Contract Tower,0,0,7,23,30,0,6,23,8,37,0,6,30,31,67,96,8,104,171
07/02/2014,ISO,NC,ASO,EN,Federal Contract Tower,0,0,2,22,24,0,16,12,2,30,0,16,14,24,54,20,70,90,144
07/03/2014,ISO,NC,ASO,EN,Federal Contract Tower,2,1,6,2,11,0,0,0,0,0,2,1,6,2,11,0,0,0,11
07/04/2014,ISO,NC,ASO,EN,Federal Contract Tower,2,1,3,0,6,0,0,4,0,4,2,1,7,0,10,4,0,4,14
07/05/2014,ISO,NC,ASO,EN,Federal Contract Tower,0,0,1,0,1,0,0,7,0,7,0,0,8,0,8,8,0,8,16
07/06/2014,ISO,NC,ASO,EN,Federal Contract Tower,3,0,4,0,7,0,0,8,0,8,3,0,12,0,15,0,0,0,15
07/07/2014,ISO,NC,ASO,EN,Federal Contract Tower,1,0,16,0,17,0,0,11,0,11,1,0,27,0,28,2,0,2,30
07/08/2014,ISO,NC,ASO,EN,Federal Contract Tower,0,0,5,32,37,0,4,15,8,27,0,4,20,40,64,22,94,116,180
07/09/2014,ISO,NC,ASO,EN,Federal Contract Tower,1,0,13,10,24,0,2,10,1,13,1,2,23,11,37,44,78,122,159
07/10/2014,ISO,NC,ASO,EN,Federal Contract Tower,1,0,2,0,3,0,2,0,0,2,1,2,2,0,5,20,0,20,25
07/11/2014,ISO,NC,ASO,EN,Federal Contract Tower,0,3,13,2,18,0,2,2,0,4,0,5,15,2,22,8,26,34,56
07/12/2014,ISO,NC,ASO,EN,Federal Contract Tower,0,0,0,0,0,0,0,10,0,10,0,0,10,0,10,4,0,4,14
07/13/2014,ISO,NC,ASO,EN,Federal Contract Tower,2,2,2,12,18,0,0,8,0,8,2,2,10,12,26,0,18,18,44
07/14/2014,ISO,NC,ASO,EN,Federal Contract Tower,0,0,10,22,32,0,4,17,6,27,0,4,27,28,59,22,66,88,147
07/15/2014,ISO,NC,ASO,EN,Federal Contract Tower,0,0,9,6,15,0,4,8,0,12,0,4,17,6,27,18,0,18,45
07/16/2014,ISO,NC,ASO,EN,Federal Contract Tower,0,0,3,45,48,0,0,2,2,4,0,0,5,47,52,8,38,46,98
07/17/2014,ISO,NC,ASO,EN,Federal Contract Tower,0,0,4,22,26,0,9,6,2,17,0,9,10,24,43,34,80,114,157
07/18/2014,ISO,NC,ASO,EN,Federal Contract Tower,80,0,7,8,95,0,6,11,4,21,80,6,18,12,116,36,62,98,214
07/19/2014,ISO,NC,ASO,EN,Federal Contract Tower,0,2,0,0,2,0,0,7,0,7,0,2,7,0,9,2,0,2,11
07/20/2014,ISO,NC,ASO,EN,Federal Contract Tower,0,2,3,0,5,0,0,13,0,13,0,2,16,0,18,14,0,14,32
07/21/2014,ISO,NC,ASO,EN,Federal Contract Tower,0,0,9,10,19,0,2,6,2,10,0,2,15,12,29,4,6,10,39
07/22/2014,ISO,NC,ASO,EN,Federal Contract Tower,0,0,14,37,51,0,0,1,4,5,0,0,15,41,56,0,48,48,104
07/23/2014,ISO,NC,ASO,EN,Federal Contract Tower,0,1,7,8,16,0,3,0,2,5,0,4,7,10,21,0,24,24,45
07/24/2014,ISO,NC,ASO,EN,Federal Contract Tower,0,1,4,4,9,0,2,2,0,4,0,3,6,4,13,6,26,32,45
07/25/2014,ISO,NC,ASO,EN,Federal Contract Tower,2,0,5,6,13,0,2,13,0,15,2,2,18,6,28,10,0,10,38
07/26/2014,ISO,NC,ASO,EN,Federal Contract Tower,0,2,2,0,4,0,0,0,0,0,0,2,2,0,4,0,0,0,4
07/27/2014,ISO,NC,ASO,EN,Federal Contract Tower,0,0,8,0,8,0,0,0,0,0,0,0,8,0,8,0,0,0,8
07/28/2014,ISO,NC,ASO,EN,Federal Contract Tower,2,0,4,13,19,0,0,11,3,14,2,0,15,16,33,42,32,74,107
07/29/2014,ISO,NC,ASO,EN,Federal Contract Tower,0,0,3,6,9,0,4,12,0,16,0,4,15,6,25,42,8,50,75
07/30/2014,ISO,NC,ASO,EN,Federal Contract Tower,0,2,3,16,21,0,4,5,3,12,0,6,8,19,33,50,76,126,159
07/31/2014,ISO,NC,ASO,EN,Federal Contract Tower,0,0,15,0,15,0,2,5,2,9,0,2,20,2,24,14,10,24,48
08/01/2014,ISO,NC,ASO,EN,Federal Contract Tower,2,2,2,4,10,0,0,0,0,0,2,2,2,4,10,0,0,0,10
08/02/2014,ISO,NC,ASO,EN,Federal Contract Tower,0,0,2,0,2,0,0,0,0,0,0,0,2,0,2,0,0,0,2
08/03/2014,ISO,NC,ASO,EN,Federal Contract Tower,2,4,3,0,9,0,0,0,0,0,2,4,3,0,9,0,0,0,9
08/04/2014,ISO,NC,ASO,EN,Federal Contract Tower,0,0,9,16,25,0,0,0,10,10,0,0,9,26,35,0,0,0,35
08/05/2014,ISO,NC,ASO,EN,Federal Contract Tower,0,0,5,2,7,0,0,2,5,7,0,0,7,7,14,4,70,74,88
08/06/2014,ISO,NC,ASO,EN,Federal Contract Tower,0,1,9,6,16,0,3,14,1,18,0,4,23,7,34,14,62,76,110
08/07/2014,ISO,NC,ASO,EN,Federal Contract Tower,0,0,4,7,11,0,0,8,3,11,0,0,12,10,22,2,46,48,70
08/08/2014,ISO,NC,ASO,EN,Federal Contract Tower,0,2,8,6,16,0,8,6,3,17,0,10,14,9,33,14,30,44,77
08/09/2014,ISO,NC,ASO,EN,Federal Contract Tower,0,0,2,0,2,0,0,0,0,0,0,0,2,0,2,0,0,0,2
08/10/2014,ISO,NC,ASO,EN,Federal Contract Tower,2,0,5,0,7,0,0,3,0,3,2,0,8,0,10,0,0,0,10
08/11/2014,ISO,NC,ASO,EN,Federal Contract Tower,0,0,5,19,24,0,0,4,3,7,0,0,9,22,31,6,54,60,91
08/12/2014,ISO,NC,ASO,EN,Federal Contract Tower,0,0,4,14,18,0,0,2,4,6,0,0,6,18,24,0,50,50,74
08/13/2014,ISO,NC,ASO,EN,Federal Contract Tower,0,0,11,23,34,0,0,8,4,12,0,0,19,27,46,8,64,72,118
08/14/2014,ISO,NC,ASO,EN,Federal Contract Tower,1,0,5,3,9,0,2,13,3,18,1,2,18,6,27,48,42,90,117
08/15/2014,ISO,NC,ASO,EN,Federal Contract Tower,1,0,7,12,20,0,3,11,0,14,1,3,18,12,34,10,20,30,64
08/16/2014,ISO,NC,ASO,EN,Federal Contract Tower,0,2,2,0,4,0,0,17,0,17,0,2,19,0,21,6,0,6,27
08/17/2014,ISO,NC,ASO,EN,Federal Contract Tower,1,2,3,4,10,0,0,13,0,13,1,2,16,4,23,2,8,10,33
08/18/2014,ISO,NC,ASO,EN,Federal Contract Tower,1,0,3,6,10,0,0,3,7,10,1,0,6,13,20,12,60,72,92
08/19/2014,ISO,NC,ASO,EN,Federal Contract Tower,0,0,4,27,31,0,10,7,1,18,0,10,11,28,49,6,0,6,55
08/20/2014,ISO,NC,ASO,EN,Federal Contract Tower,0,0,4,20,24,0,4,10,4,18,0,4,14,24,42,18,6,24,66
08/21/2014,ISO,NC,ASO,EN,Federal Contract Tower,0,0,2,16,18,0,7,7,3,17,0,7,9,19,35,12,32,44,79
08/22/2014,ISO,NC,ASO,EN,Federal Contract Tower,2,2,6,5,15,0,2,4,3,9,2,4,10,8,24,22,60,82,106
08/23/2014,ISO,NC,ASO,EN,Federal Contract Tower,0,2,2,0,4,0,0,0,0,0,0,2,2,0,4,0,0,0,4
08/24/2014,ISO,NC,ASO,EN,Federal Contract Tower,0,2,6,0,8,0,0,1,0,1,0,2,7,0,9,0,0,0,9
08/25/2014,ISO,NC,ASO,EN,Federal Contract Tower,2,0,4,20,26,0,5,7,7,19,2,5,11,27,45,8,24,32,77
08/26/2014,ISO,NC,ASO,EN,Federal Contract Tower,0,0,5,18,23,0,7,15,8,30,0,7,20,26,53,6,50,56,109
08/27/2014,ISO,NC,ASO,EN,Federal Contract Tower,0,1,7,26,34,0,2,4,3,9,0,3,11,29,43,0,48,48,91
08/28/2014,ISO,NC,ASO,EN,Federal Contract Tower,0,0,4,8,12,0,2,6,2,10,0,2,10,10,22,38,6,44,66
08/29/2014,ISO,NC,ASO,EN,Federal Contract Tower,2,0,8,0,10,0,8,6,0,14,2,8,14,0,24,0,0,0,24
08/30/2014,ISO,NC,ASO,EN,Federal Contract Tower,0,0,5,0,5,0,1,12,0,13,0,1,17,0,18,6,0,6,24
08/31/2014,ISO,NC,ASO,EN,Federal Contract Tower,0,0,7,0,7,0,0,7,0,7,0,0,14,0,14,0,0,0,14
09/01/2014,ISO,NC,ASO,EN,Federal Contract Tower,2,0,2,0,4,0,0,3,0,3,2,0,5,0,7,0,0,0,7
09/02/2014,ISO,NC,ASO,EN,Federal Contract Tower,0,0,7,9,16,0,6,10,1,17,0,6,17,10,33,16,26,42,75
09/03/2014,ISO,NC,ASO,EN,Federal Contract Tower,0,0,6,8,14,0,11,6,6,23,0,11,12,14,37,28,52,80,117
09/04/2014,ISO,NC,ASO,EN,Federal Contract Tower,0,0,4,17,21,0,8,2,0,10,0,8,6,17,31,34,38,72,103
09/05/2014,ISO,NC,ASO,EN,Federal Contract Tower,2,1,5,12,20,0,2,11,0,13,2,3,16,12,33,34,32,66,99
09/06/2014,ISO,NC,ASO,EN,Federal Contract Tower,0,0,2,0,2,0,0,9,0,9,0,0,11,0,11,8,0,8,19
09/07/2014,ISO,NC,ASO,EN,Federal Contract Tower,0,0,3,6,9,0,0,1,0,1,0,0,4,6,10,0,0,0,10
09/08/2014,ISO,NC,ASO,EN,Federal Contract Tower,1,1,5,22,29,0,0,1,0,1,1,1,6,22,30,0,2,2,32
09/09/2014,ISO,NC,ASO,EN,Federal Contract Tower,0,0,10,13,23,0,0,0,0,0,0,0,10,13,23,0,0,0,23
09/10/2014,ISO,NC,ASO,EN,Federal Contract Tower,0,0,15,10,25,0,0,5,0,5,0,0,20,10,30,0,18,18,48
09/11/2014,ISO,NC,ASO,EN,Federal Contract Tower,0,0,15,26,41,0,2,9,2,13,0,2,24,28,54,2,12,14,68
09/12/2014,ISO,NC,ASO,EN,Federal Contract Tower,2,3,6,6,17,0,2,2,0,4,2,5,8,6,21,4,2,6,27
09/13/2014,ISO,NC,ASO,EN,Federal Contract Tower,0,0,2,0,2,0,0,1,0,1,0,0,3,0,3,0,0,0,3
09/14/2014,ISO,NC,ASO,EN,Federal Contract Tower,4,0,15,0,19,0,0,4,0,4,4,0,19,0,23,4,0,4,27
09/15/2014,ISO,NC,ASO,EN,Federal Contract Tower,0,0,8,8,16,0,0,8,0,8,0,0,16,8,24,0,2,2,26
09/16/2014,ISO,NC,ASO,EN,Federal Contract Tower,0,1,10,16,27,0,6,4,2,12,0,7,14,18,39,14,24,38,77
09/17/2014,ISO,NC,ASO,EN,Federal Contract Tower,2,0,5,12,19,0,2,4,0,6,2,2,9,12,25,0,38,38,63
09/18/2014,ISO,NC,ASO,EN,Federal Contract Tower,0,1,9,13,23,0,4,24,0,28,0,5,33,13,51,40,48,88,139
09/19/2014,ISO,NC,ASO,EN,Federal Contract Tower,2,1,11,0,14,0,10,16,0,26,2,11,27,0,40,10,0,10,50
09/20/2014,ISO,NC,ASO,EN,Federal Contract Tower,0,0,3,0,3,0,6,10,0,16,0,6,13,0,19,8,0,8,27
09/21/2014,ISO,NC,ASO,EN,Federal Contract Tower,0,2,4,0,6,0,0,6,0,6,0,2,10,0,12,0,0,0,12
09/22/2014,ISO,NC,ASO,EN,Federal Contract Tower,0,0,6,9,15,0,3,15,1,19,0,3,21,10,34,14,38,52,86
09/23/2014,ISO,NC,ASO,EN,Federal Contract Tower,0,0,8,24,32,0,4,17,0,21,0,4,25,24,53,26,50,76,129
09/24/2014,ISO,NC,ASO,EN,Federal Contract Tower,0,1,6,0,7,0,0,0,0,0,0,1,6,0,7,0,0,0,7
09/25/2014,ISO,NC,ASO,EN,Federal Contract Tower,0,3,11,0,14,0,0,0,0,0,0,3,11,0,14,0,0,0,14
09/26/2014,ISO,NC,ASO,EN,Federal Contract Tower,0,1,13,0,14,0,0,1,0,1,0,1,14,0,15,0,0,0,15
09/27/2014,ISO,NC,ASO,EN,Federal Contract Tower,0,1,8,0,9,0,1,14,0,15,0,2,22,0,24,4,0,4,28
09/28/2014,ISO,NC,ASO,EN,Federal Contract Tower,0,0,15,0,15,0,0,31,0,31,0,0,46,0,46,30,0,30,76
09/29/2014,ISO,NC,ASO,EN,Federal Contract Tower,0,0,2,0,2,0,0,0,0,0,0,0,2,0,2,0,0,0,2
09/30/2014,ISO,NC,ASO,EN,Federal Contract Tower,0,2,12,16,30,0,3,28,8,39,0,5,40,24,69,76,18,94,163
10/01/2014,ISO,NC,ASO,EN,Federal Contract Tower,0,0,17,16,33,0,3,14,0,17,0,3,31,16,50,52,48,100,150
10/02/2014,ISO,NC,ASO,EN,Federal Contract Tower,0,1,14,4,19,0,2,15,4,21,0,3,29,8,40,72,12,84,124
10/03/2014,ISO,NC,ASO,EN,Federal Contract Tower,4,0,14,15,33,0,4,13,3,20,4,4,27,18,53,30,26,56,109
10/04/2014,ISO,NC,ASO,EN,Federal Contract Tower,0,0,3,0,3,0,0,4,0,4,0,0,7,0,7,6,0,6,13
10/05/2014,ISO,NC,ASO,EN,Federal Contract Tower,2,0,22,0,24,0,0,6,0,6,2,0,28,0,30,18,0,18,48
10/06/2014,ISO,NC,ASO,EN,Federal Contract Tower,2,0,15,20,37,0,2,8,3,13,2,2,23,23,50,42,48,90,140
10/07/2014,ISO,NC,ASO,EN,Federal Contract Tower,0,0,21,26,47,0,6,18,1,25,0,6,39,27,72,42,16,58,130
10/08/2014,ISO,NC,ASO,EN,Federal Contract Tower,0,0,10,8,18,0,6,12,6,24,0,6,22,14,42,42,78,120,162
10/09/2014,ISO,NC,ASO,EN,Federal Contract Tower,0,0,7,40,47,0,8,24,0,32,0,8,31,40,79,76,58,134,213
10/10/2014,ISO,NC,ASO,EN,Federal Contract Tower,0,3,11,10,24,0,5,16,3,24,0,8,27,13,48,26,20,46,94
10/11/2014,ISO,NC,ASO,EN,Federal Contract Tower,0,0,1,4,5,0,10,8,0,18,0,10,9,4,23,0,0,0,23
10/12/2014,ISO,NC,ASO,EN,Federal Contract Tower,2,0,0,0,2,0,1,1,0,2,2,1,1,0,4,0,0,0,4
10/13/2014,ISO,NC,ASO,EN,Federal Contract Tower,0,0,10,22,32,0,1,11,0,12,0,1,21,22,44,20,0,20,64
10/14/2014,ISO,NC,ASO,EN,Federal Contract Tower,0,0,7,8,15,0,0,6,4,10,0,0,13,12,25,22,6,28,53
10/15/2014,ISO,NC,ASO,EN,Federal Contract Tower,0,1,4,4,9,0,0,2,0,2,0,1,6,4,11,0,8,8,19
10/16/2014,ISO,NC,ASO,EN,Federal Contract Tower,0,3,10,13,26,0,13,6,1,20,0,16,16,14,46,4,12,16,62
10/17/2014,ISO,NC,ASO,EN,Federal Contract Tower,2,4,7,8,21,0,0,11,3,14,2,4,18,11,35,8,48,56,91
10/18/2014,ISO,NC,ASO,EN,Federal Contract Tower,0,2,11,0,13,0,0,15,0,15,0,2,26,0,28,14,0,14,42
10/19/2014,ISO,NC,ASO,EN,Federal Contract Tower,2,3,2,2,9,0,0,11,0,11,2,3,13,2,20,22,2,24,44
10/20/2014,ISO,NC,ASO,EN,Federal Contract Tower,0,0,9,6,15,0,0,12,3,15,0,0,21,9,30,94,42,136,166
10/21/2014,ISO,NC,ASO,EN,Federal Contract Tower,0,0,10,16,26,0,1,13,8,22,0,1,23,24,48,64,28,92,140
10/22/2014,ISO,NC,ASO,EN,Federal Contract Tower,0,0,3,16,19,0,0,6,0,6,0,0,9,16,25,0,0,0,25
10/23/2014,ISO,NC,ASO,EN,Federal Contract Tower,2,0,12,7,21,0,0,8,1,9,2,0,20,8,30,36,28,64,94
10/24/2014,ISO,NC,ASO,EN,Federal Contract Tower,0,2,13,22,37,0,0,17,3,20,0,2,30,25,57,54,34,88,145
10/25/2014,ISO,NC,ASO,EN,Federal Contract Tower,0,2,0,0,2,0,0,37,0,37,0,2,37,0,39,8,0,8,47
10/26/2014,ISO,NC,ASO,EN,Federal Contract Tower,0,3,0,0,3,0,1,11,0,12,0,4,11,0,15,0,0,0,15
10/27/2014,ISO,NC,ASO,EN,Federal Contract Tower,0,1,15,10,26,0,5,26,6,37,0,6,41,16,63,34,92,126,189
10/28/2014,ISO,NC,ASO,EN,Federal Contract Tower,0,1,15,26,42,0,2,16,7,25,0,3,31,33,67,50,24,74,141
10/29/2014,ISO,NC,ASO,EN,Federal Contract Tower,0,1,8,12,21,0,12,22,6,40,0,13,30,18,61,52,118,170,231
10/30/2014,ISO,NC,ASO,EN,Federal Contract Tower,0,2,15,31,48,0,9,17,1,27,0,11,32,32,75,34,72,106,181
10/31/2014,ISO,NC,ASO,EN,Federal Contract Tower,0,0,11,14,25,0,1,18,8,27,0,1,29,22,52,58,26,84,136
11/01/2014,ISO,NC,ASO,EN,Federal Contract Tower,0,0,6,2,8,0,0,0,0,0,0,0,6,2,8,0,0,0,8
11/02/2014,ISO,NC,ASO,EN,Federal Contract Tower,0,0,0,4,4,0,0,5,0,5,0,0,5,4,9,0,8,8,17
11/03/2014,ISO,NC,ASO,EN,Federal Contract Tower,0,0,4,13,17,0,4,1,7,12,0,4,5,20,29,16,60,76,105
11/04/2014,ISO,NC,ASO,EN,Federal Contract Tower,0,0,11,16,27,0,3,10,6,19,0,3,21,22,46,28,68,96,142
11/05/2014,ISO,NC,ASO,EN,Federal Contract Tower,0,3,8,10,21,0,2,9,3,14,0,5,17,13,35,34,54,88,123
11/06/2014,ISO,NC,ASO,EN,Federal Contract Tower,1,0,4,28,33,0,0,2,0,2,1,0,6,28,35,0,6,6,41
11/07/2014,ISO,NC,ASO,EN,Federal Contract Tower,1,2,5,2,10,0,4,18,0,22,1,6,23,2,32,0,0,0,32
11/08/2014,ISO,NC,ASO,EN,Federal Contract Tower,0,0,2,0,2,0,0,5,0,5,0,0,7,0,7,2,0,2,9
11/09/2014,ISO,NC,ASO,EN,Federal Contract Tower,2,2,6,0,10,0,0,11,0,11,2,2,17,0,21,0,0,0,21
11/10/2014,ISO,NC,ASO,EN,Federal Contract Tower,0,3,6,6,15,0,0,12,0,12,0,3,18,6,27,54,2,56,83
11/11/2014,ISO,NC,ASO,EN,Federal Contract Tower,0,0,8,0,8,0,0,0,0,0,0,0,8,0,8,0,0,0,8
11/12/2014,ISO,NC,ASO,EN,Federal Contract Tower,0,0,15,6,21,0,0,16,0,16,0,0,31,6,37,42,12,54,91
11/13/2014,ISO,NC,ASO,EN,Federal Contract Tower,0,0,13,10,23,0,0,4,0,4,0,0,17,10,27,36,0,36,63
11/14/2014,ISO,NC,ASO,EN,Federal Contract Tower,2,0,8,2,12,0,4,5,0,9,2,4,13,2,21,6,0,6,27
11/15/2014,ISO,NC,ASO,EN,Federal Contract Tower,0,0,1,0,1,0,0,16,0,16,0,0,17,0,17,4,0,4,21
11/16/2014,ISO,NC,ASO,EN,Federal Contract Tower,0,0,8,0,8,0,0,4,0,4,0,0,12,0,12,36,0,36,48
11/17/2014,ISO,NC,ASO,EN,Federal Contract Tower,2,1,5,7,15,0,0,1,1,2,2,1,6,8,17,0,4,4,21
11/18/2014,ISO,NC,ASO,EN,Federal Contract Tower,0,1,18,6,25,0,2,10,2,14,0,3,28,8,39,42,18,60,99
11/19/2014,ISO,NC,ASO,EN,Federal Contract Tower,0,0,3,11,14,0,0,12,2,14,0,0,15,13,28,42,10,52,80
11/20/2014,ISO,NC,ASO,EN,Federal Contract Tower,0,1,10,4,15,0,1,13,4,18,0,2,23,8,33,46,22,68,101
11/21/2014,ISO,NC,ASO,EN,Federal Contract Tower,0,5,7,2,14,0,5,5,0,10,0,10,12,2,24,0,24,24,48
11/22/2014,ISO,NC,ASO,EN,Federal Contract Tower,0,2,12,0,14,0,2,23,0,25,0,4,35,0,39,8,0,8,47
11/23/2014,ISO,NC,ASO,EN,Federal Contract Tower,0,2,0,0,2,0,0,1,0,1,0,2,1,0,3,0,0,0,3
11/24/2014,ISO,NC,ASO,EN,Federal Contract Tower,0,0,12,18,30,0,0,0,0,0,0,0,12,18,30,0,18,18,48
11/25/2014,ISO,NC,ASO,EN,Federal Contract Tower,0,0,4,2,6,0,0,0,0,0,0,0,4,2,6,0,0,0,6
11/26/2014,ISO,NC,ASO,EN,Federal Contract Tower,0,4,4,0,8,0,0,0,0,0,0,4,4,0,8,0,0,0,8
11/27/2014,ISO,NC,ASO,EN,Federal Contract Tower,1,0,1,0,2,0,0,0,0,0,1,0,1,0,2,0,0,0,2
11/28/2014,ISO,NC,ASO,EN,Federal Contract Tower,1,0,8,10,19,0,0,7,0,7,1,0,15,10,26,18,4,22,48
11/29/2014,ISO,NC,ASO,EN,Federal Contract Tower,0,0,7,0,7,0,0,3,0,3,0,0,10,0,10,12,0,12,22
11/30/2014,ISO,NC,ASO,EN,Federal Contract Tower,2,2,9,0,13,0,2,7,0,9,2,4,16,0,22,12,0,12,34
12/01/2014,ISO,NC,ASO,EN,Federal Contract Tower,0,1,4,19,24,0,2,8,8,18,0,3,12,27,42,46,28,74,116
12/02/2014,ISO,NC,ASO,EN,Federal Contract Tower,0,0,2,13,15,0,0,0,0,0,0,0,2,13,15,0,10,10,25
12/03/2014,ISO,NC,ASO,EN,Federal Contract Tower,0,0,6,33,39,0,0,14,2,16,0,0,20,35,55,30,36,66,121
12/04/2014,ISO,NC,ASO,EN,Federal Contract Tower,2,1,4,38,45,0,4,16,5,25,2,5,20,43,70,50,102,152,222
12/05/2014,ISO,NC,ASO,EN,Federal Contract Tower,2,2,3,9,16,0,8,19,1,28,2,10,22,10,44,30,6,36,80
12/06/2014,ISO,NC,ASO,EN,Federal Contract Tower,0,0,5,0,5,0,0,0,0,0,0,0,5,0,5,0,0,0,5
12/07/2014,ISO,NC,ASO,EN,Federal Contract Tower,4,0,0,2,6,0,0,0,0,0,4,0,0,2,6,0,8,8,14
12/08/2014,ISO,NC,ASO,EN,Federal Contract Tower,0,2,5,25,32,0,0,7,9,16,0,2,12,34,48,0,48,48,96
12/09/2014,ISO,NC,ASO,EN,Federal Contract Tower,0,0,2,6,8,0,0,0,0,0,0,0,2,6,8,0,2,2,10
12/10/2014,ISO,NC,ASO,EN,Federal Contract Tower,0,0,3,15,18,0,0,10,4,14,0,0,13,19,32,12,42,54,86
12/11/2014,ISO,NC,ASO,EN,Federal Contract Tower,2,0,1,17,20,0,7,9,3,19,2,7,10,20,39,0,54,54,93
12/12/2014,ISO,NC,ASO,EN,Federal Contract Tower,0,4,7,4,15,0,4,15,0,19,0,8,22,4,34,58,0,58,92
12/13/2014,ISO,NC,ASO,EN,Federal Contract Tower,0,2,4,2,8,0,0,17,0,17,0,2,21,2,25,0,8,8,33
12/14/2014,ISO,NC,ASO,EN,Federal Contract Tower,2,4,3,0,9,0,0,9,0,9,2,4,12,0,18,24,0,24,42
12/15/2014,ISO,NC,ASO,EN,Federal Contract Tower,0,0,3,25,28,0,3,18,6,27,0,3,21,31,55,0,24,24,79
12/16/2014,ISO,NC,ASO,EN,Federal Contract Tower,0,0,6,12,18,0,5,8,5,18,0,5,14,17,36,4,68,72,108
12/17/2014,ISO,NC,ASO,EN,Federal Contract Tower,0,0,10,19,29,0,0,15,5,20,0,0,25,24,49,14,54,68,117
12/18/2014,ISO,NC,ASO,EN,Federal Contract Tower,0,5,7,16,28,0,0,5,0,5,0,5,12,16,33,24,34,58,91
12/19/2014,ISO,NC,ASO,EN,Federal Contract Tower,0,2,12,4,18,0,2,23,2,27,0,4,35,6,45,26,36,62,107
12/20/2014,ISO,NC,ASO,EN,Federal Contract Tower,0,2,1,0,3,0,0,1,0,1,0,2,2,0,4,0,0,0,4
12/21/2014,ISO,NC,ASO,EN,Federal Contract Tower,0,1,7,0,8,0,0,6,0,6,0,1,13,0,14,10,0,10,24
12/22/2014,ISO,NC,ASO,EN,Federal Contract Tower,0,2,3,0,5,0,0,0,0,0,0,2,3,0,5,0,0,0,5
12/23/2014,ISO,NC,ASO,EN,Federal Contract Tower,0,0,6,2,8,0,0,0,0,0,0,0,6,2,8,0,0,0,8
12/24/2014,ISO,NC,ASO,EN,Federal Contract Tower,0,0,2,0,2,0,0,0,0,0,0,0,2,0,2,0,0,0,2
12/25/2014,ISO,NC,ASO,EN,Federal Contract Tower,0,2,1,0,3,0,0,2,0,2,0,2,3,0,5,0,0,0,5
12/26/2014,ISO,NC,ASO,EN,Federal Contract Tower,0,0,1,0,1,0,0,13,0,13,0,0,14,0,14,62,0,62,76
12/27/2014,ISO,NC,ASO,EN,Federal Contract Tower,0,0,4,0,4,0,0,13,0,13,0,0,17,0,17,22,0,22,39
12/28/2014,ISO,NC,ASO,EN,Federal Contract Tower,0,0,4,0,4,0,0,1,0,1,0,0,5,0,5,0,0,0,5
12/29/2014,ISO,NC,ASO,EN,Federal Contract Tower,0,1,3,18,22,0,0,0,0,0,0,1,3,18,22,0,0,0,22
12/30/2014,ISO,NC,ASO,EN,Federal Contract Tower,0,1,2,13,16,0,0,0,1,1,0,1,2,14,17,0,4,4,21
12/31/2014,ISO,NC,ASO,EN,Federal Contract Tower,0,0,1,8,9,0,4,17,1,22,0,4,18,9,31,64,18,82,113
01/01/2015,ISO,NC,ASO,EN,Federal Contract Tower,0,0,2,0,2,0,0,14,0,14,0,0,16,0,16,24,0,24,40
01/02/2015,ISO,NC,ASO,EN,Federal Contract Tower,4,0,6,0,10,0,2,14,0,16,4,2,20,0,26,18,0,18,44
01/03/2015,ISO,NC,ASO,EN,Federal Contract Tower,0,3,8,0,11,0,0,0,0,0,0,3,8,0,11,0,0,0,11
01/04/2015,ISO,NC,ASO,EN,Federal Contract Tower,4,0,4,0,8,0,0,0,0,0,4,0,4,0,8,0,0,0,8
01/05/2015,ISO,NC,ASO,EN,Federal Contract Tower,0,2,7,4,13,0,0,0,0,0,0,2,7,4,13,0,0,0,13
01/06/2015,ISO,NC,ASO,EN,Federal Contract Tower,0,0,8,21,29,0,0,6,6,12,0,0,14,27,41,14,110,124,165
01/07/2015,ISO,NC,ASO,EN,Federal Contract Tower,0,2,11,18,31,0,2,1,0,3,0,4,12,18,34,10,32,42,76
01/08/2015,ISO,NC,ASO,EN,Federal Contract Tower,0,1,3,38,42,0,1,11,3,15,0,2,14,41,57,36,66,102,159
01/09/2015,ISO,NC,ASO,EN,Federal Contract Tower,0,1,3,14,18,0,1,17,2,20,0,2,20,16,38,4,2,6,44
01/10/2015,ISO,NC,ASO,EN,Federal Contract Tower,2,0,1,0,3,0,0,21,2,23,2,0,22,2,26,0,0,0,26
01/11/2015,ISO,NC,ASO,EN,Federal Contract Tower,0,2,1,0,3,0,0,16,0,16,0,2,17,0,19,24,0,24,43
01/12/2015,ISO,NC,ASO,EN,Federal Contract Tower,0,1,3,2,6,0,0,0,0,0,0,1,3,2,6,0,0,0,6
01/13/2015,ISO,NC,ASO,EN,Federal Contract Tower,0,0,4,7,11,0,0,5,3,8,0,0,9,10,19,0,20,20,39
01/14/2015,ISO,NC,ASO,EN,Federal Contract Tower,0,0,2,0,2,0,0,0,0,0,0,0,2,0,2,0,0,0,2
01/15/2015,ISO,NC,ASO,EN,Federal Contract Tower,0,2,5,6,13,0,0,0,0,0,0,2,5,6,13,6,0,6,19
01/16/2015,ISO,NC,ASO,EN,Federal Contract Tower,0,3,7,24,34,0,5,14,2,21,0,8,21,26,55,12,6,18,73
01/17/2015,ISO,NC,ASO,EN,Federal Contract Tower,0,0,11,0,11,0,0,14,0,14,0,0,25,0,25,10,0,10,35
01/18/2015,ISO,NC,ASO,EN,Federal Contract Tower,0,0,8,0,8,0,0,2,0,2,0,0,10,0,10,0,0,0,10
01/19/2015,ISO,NC,ASO,EN,Federal Contract Tower,0,3,3,0,6,0,0,6,0,6,0,3,9,0,12,8,0,8,20
01/20/2015,ISO,NC,ASO,EN,Federal Contract Tower,0,2,18,13,33,0,1,8,6,15,0,3,26,19,48,10,12,22,70
01/21/2015,ISO,NC,ASO,EN,Federal Contract Tower,0,1,11,4,16,0,2,19,4,25,0,3,30,8,41,18,62,80,121
01/22/2015,ISO,NC,ASO,EN,Federal Contract Tower,0,1,15,10,26,0,11,11,2,24,0,12,26,12,50,22,24,46,96
01/23/2015,ISO,NC,ASO,EN,Federal Contract Tower,0,1,5,2,8,0,2,15,2,19,0,3,20,4,27,62,28,90,117
01/24/2015,ISO,NC,ASO,EN,Federal Contract Tower,0,0,2,0,2,0,0,0,0,0,0,0,2,0,2,0,0,0,2
01/25/2015,ISO,NC,ASO,EN,Federal Contract Tower,0,0,14,0,14,0,0,23,0,23,0,0,37,0,37,18,0,18,55
01/26/2015,ISO,NC,ASO,EN,Federal Contract Tower,0,0,4,22,26,0,1,4,2,7,0,1,8,24,33,26,48,74,107
01/27/2015,ISO,NC,ASO,EN,Federal Contract Tower,0,0,6,8,14,0,0,7,0,7,0,0,13,8,21,0,0,0,21
01/28/2015,ISO,NC,ASO,EN,Federal Contract Tower,0,0,8,20,28,0,4,16,6,26,0,4,24,26,54,52,64,116,170
01/29/2015,ISO,NC,ASO,EN,Federal Contract Tower,0,1,10,4,15,0,7,10,6,23,0,8,20,10,38,20,44,64,102
01/30/2015,ISO,NC,ASO,EN,Federal Contract Tower,0,2,3,0,5,0,6,0,14,20,0,8,3,14,25,2,0,2,27
01/31/2015,ISO,NC,ASO,EN,Federal Contract Tower,0,0,1,4,5,0,0,13,0,13,0,0,14,4,18,16,8,24,42
02/01/2015,ISO,NC,ASO,EN,Federal Contract Tower,0,1,2,4,7,0,0,2,2,4,0,1,4,6,11,8,18,26,37
02/02/2015,ISO,NC,ASO,EN,Federal Contract Tower,0,1,3,2,6,0,0,0,0,0,0,1,3,2,6,0,0,0,6
02/03/2015,ISO,NC,ASO,EN,Federal Contract Tower,0,0,12,7,19,0,2,9,7,18,0,2,21,14,37,8,32,40,77
02/04/2015,ISO,NC,ASO,EN,Federal Contract Tower,0,0,10,19,29,0,1,8,1,10,0,1,18,20,39,58,24,82,121
02/05/2015,ISO,NC,ASO,EN,Federal Contract Tower,1,0,3,10,14,0,0,2,0,2,1,0,5,10,16,0,16,16,32
02/06/2015,ISO,NC,ASO,EN,Federal Contract Tower,3,0,8,2,13,0,0,12,3,15,3,0,20,5,28,32,6,38,66
02/07/2015,ISO,NC,ASO,EN,Federal Contract Tower,0,2,0,2,4,0,0,8,0,8,0,2,8,2,12,8,14,22,34
02/08/2015,ISO,NC,ASO,EN,Federal Contract Tower,0,4,0,6,10,0,0,2,0,2,0,4,2,6,12,2,4,6,18
02/09/2015,ISO,NC,ASO,EN,Federal Contract Tower,4,0,7,9,20,0,0,1,4,5,4,0,8,13,25,0,78,78,103
02/10/2015,ISO,NC,ASO,EN,Federal Contract Tower,0,4,4,0,8,0,0,0,0,0,0,4,4,0,8,0,0,0,8
02/11/2015,ISO,NC,ASO,EN,Federal Contract Tower,0,0,9,20,29,0,2,11,10,23,0,2,20,30,52,8,82,90,142
02/12/2015,ISO,NC,ASO,EN,Federal Contract Tower,2,7,9,24,42,0,7,1,4,12,2,14,10,28,54,28,54,82,136
02/13/2015,ISO,NC,ASO,EN,Federal Contract Tower,0,4,10,4,18,0,1,10,0,11,0,5,20,4,29,14,0,14,43
02/14/2015,ISO,NC,ASO,EN,Federal Contract Tower,0,1,3,0,4,0,5,8,0,13,0,6,11,0,17,0,0,0,17
02/15/2015,ISO,NC,ASO,EN,Federal Contract Tower,0,2,0,0,2,0,0,0,0,0,0,2,0,0,2,0,0,0,2
02/16/2015,ISO,NC,ASO,EN,Federal Contract Tower,1,0,10,0,11,0,2,1,0,3,1,2,11,0,14,0,0,0,14
02/17/2015,ISO,NC,ASO,EN,Federal Contract Tower,0,0,0,0,0,0,0,0,0,0,0,0,0,0,0,0,0,0,0
02/18/2015,ISO,NC,ASO,EN,Federal Contract Tower,0,0,4,4,8,0,2,2,0,4,0,2,6,4,12,22,10,32,44
02/19/2015,ISO,NC,ASO,EN,Federal Contract Tower,1,0,4,10,15,0,2,1,0,3,1,2,5,10,18,0,8,8,26
02/20/2015,ISO,NC,ASO,EN,Federal Contract Tower,0,0,3,10,13,0,0,7,0,7,0,0,10,10,20,12,50,62,82
02/21/2015,ISO,NC,ASO,EN,Federal Contract Tower,1,2,7,8,18,0,0,15,0,15,1,2,22,8,33,0,0,0,33
02/22/2015,ISO,NC,ASO,EN,Federal Contract Tower,0,2,4,0,6,0,0,0,0,0,0,2,4,0,6,0,0,0,6
02/23/2015,ISO,NC,ASO,EN,Federal Contract Tower,0,0,4,0,4,0,0,0,0,0,0,0,4,0,4,0,0,0,4
02/24/2015,ISO,NC,ASO,EN,Federal Contract Tower,0,0,0,0,0,0,0,0,0,0,0,0,0,0,0,0,0,0,0
02/25/2015,ISO,NC,ASO,EN,Federal Contract Tower,0,0,9,30,39,0,0,4,2,6,0,0,13,32,45,18,28,46,91
02/26/2015,ISO,NC,ASO,EN,Federal Contract Tower,0,0,2,0,2,0,0,0,0,0,0,0,2,0,2,0,0,0,2
02/27/2015,ISO,NC,ASO,EN,Federal Contract Tower,0,0,6,6,12,0,16,17,2,35,0,16,23,8,47,30,20,50,97
02/28/2015,ISO,NC,ASO,EN,Federal Contract Tower,0,0,1,0,1,0,0,8,0,8,0,0,9,0,9,0,0,0,9
03/01/2015,ISO,NC,ASO,EN,Federal Contract Tower,0,0,0,2,2,0,0,0,0,0,0,0,0,2,2,0,0,0,2
03/02/2015,ISO,NC,ASO,EN,Federal Contract Tower,0,1,12,6,19,0,6,7,0,13,0,7,19,6,32,20,0,20,52
03/03/2015,ISO,NC,ASO,EN,Federal Contract Tower,0,0,6,15,21,0,6,4,6,16,0,6,10,21,37,32,80,112,149
03/04/2015,ISO,NC,ASO,EN,Federal Contract Tower,0,1,4,9,14,0,9,3,1,13,0,10,7,10,27,0,54,54,81
03/05/2015,ISO,NC,ASO,EN,Federal Contract Tower,1,3,8,9,21,0,0,2,0,2,1,3,10,9,23,2,6,8,31
03/06/2015,ISO,NC,ASO,EN,Federal Contract Tower,5,1,9,19,34,0,8,17,4,29,5,9,26,23,63,24,42,66,129
03/07/2015,ISO,NC,ASO,EN,Federal Contract Tower,0,1,9,2,12,0,2,7,0,9,0,3,16,2,21,34,10,44,65
03/08/2015,ISO,NC,ASO,EN,Federal Contract Tower,4,2,7,2,15,0,0,17,0,17,4,2,24,2,32,12,0,12,44
03/09/2015,ISO,NC,ASO,EN,Federal Contract Tower,0,6,13,7,26,0,28,12,3,43,0,34,25,10,69,12,32,44,113
03/10/2015,ISO,NC,ASO,EN,Federal Contract Tower,0,1,8,26,35,0,13,8,0,21,0,14,16,26,56,4,0,4,60
03/11/2015,ISO,NC,ASO,EN,Federal Contract Tower,0,1,10,12,23,0,10,4,3,17,0,11,14,15,40,28,22,50,90
03/12/2015,ISO,NC,ASO,EN,Federal Contract Tower,0,2,9,6,17,0,8,10,0,18,0,10,19,6,35,4,2,6,41
03/13/2015,ISO,NC,ASO,EN,Federal Contract Tower,0,2,9,4,15,0,3,11,3,17,0,5,20,7,32,24,24,48,80
03/14/2015,ISO,NC,ASO,EN,Federal Contract Tower,0,0,2,0,2,0,0,2,0,2,0,0,4,0,4,0,0,0,4
03/15/2015,ISO,NC,ASO,EN,Federal Contract Tower,0,0,3,0,3,0,0,9,0,9,0,0,12,0,12,10,0,10,22
03/16/2015,ISO,NC,ASO,EN,Federal Contract Tower,0,2,5,2,9,0,0,13,0,13,0,2,18,2,22,8,0,8,30
03/17/2015,ISO,NC,ASO,EN,Federal Contract Tower,0,2,5,17,24,0,11,8,9,28,0,13,13,26,52,18,64,82,134
03/18/2015,ISO,NC,ASO,EN,Federal Contract Tower,0,1,13,18,32,0,9,11,1,21,0,10,24,19,53,44,72,116,169
03/19/2015,ISO,NC,ASO,EN,Federal Contract Tower,0,0,4,18,22,0,2,3,3,8,0,2,7,21,30,4,66,70,100
03/20/2015,ISO,NC,ASO,EN,Federal Contract Tower,0,2,11,8,21,0,0,1,0,1,0,2,12,8,22,0,0,0,22
03/21/2015,ISO,NC,ASO,EN,Federal Contract Tower,0,4,14,0,18,0,0,18,1,19,0,4,32,1,37,4,30,34,71
03/22/2015,ISO,NC,ASO,EN,Federal Contract Tower,0,3,9,0,12,0,0,15,0,15,0,3,24,0,27,16,0,16,43
03/23/2015,ISO,NC,ASO,EN,Federal Contract Tower,0,0,8,15,23,0,11,16,2,29,0,11,24,17,52,30,68,98,150
03/24/2015,ISO,NC,ASO,EN,Federal Contract Tower,0,0,13,6,19,0,4,11,0,15,0,4,24,6,34,16,14,30,64
03/25/2015,ISO,NC,ASO,EN,Federal Contract Tower,0,0,14,2,16,0,9,7,1,17,0,9,21,3,33,24,18,42,75
03/26/2015,ISO,NC,ASO,EN,Federal Contract Tower,0,0,2,6,8,0,0,0,0,0,0,0,2,6,8,0,14,14,22
03/27/2015,ISO,NC,ASO,EN,Federal Contract Tower,0,0,10,0,10,0,0,2,0,2,0,0,12,0,12,0,0,0,12
03/28/2015,ISO,NC,ASO,EN,Federal Contract Tower,0,0,4,0,4,0,8,2,0,10,0,8,6,0,14,0,0,0,14
03/29/2015,ISO,NC,ASO,EN,Federal Contract Tower,0,0,5,0,5,0,0,7,3,10,0,0,12,3,15,2,0,2,17
03/30/2015,ISO,NC,ASO,EN,Federal Contract Tower,0,2,8,0,10,0,0,0,0,0,0,2,8,0,10,0,0,0,10
03/31/2015,ISO,NC,ASO,EN,Federal Contract Tower,0,0,8,21,29,0,5,11,3,19,0,5,19,24,48,16,68,84,132
04/01/2015,ISO,NC,ASO,EN,Federal Contract Tower,0,1,5,8,14,0,8,11,2,21,0,9,16,10,35,16,10,26,61
04/02/2015,ISO,NC,ASO,EN,Federal Contract Tower,0,1,5,9,15,0,7,22,2,31,0,8,27,11,46,10,20,30,76
04/03/2015,ISO,NC,ASO,EN,Federal Contract Tower,2,0,4,8,14,0,16,19,0,35,2,16,23,8,49,6,24,30,79
04/04/2015,ISO,NC,ASO,EN,Federal Contract Tower,0,0,0,0,0,0,15,3,0,18,0,15,3,0,18,0,0,0,18
04/05/2015,ISO,NC,ASO,EN,Federal Contract Tower,2,0,0,0,2,0,5,5,0,10,2,5,5,0,12,16,0,16,28
04/06/2015,ISO,NC,ASO,EN,Federal Contract Tower,0,0,5,10,15,0,18,4,3,25,0,18,9,13,40,26,78,104,144
04/07/2015,ISO,NC,ASO,EN,Federal Contract Tower,0,1,9,18,28,0,4,3,2,9,0,5,12,20,37,0,68,68,105
04/08/2015,ISO,NC,ASO,EN,Federal Contract Tower,0,2,7,24,33,0,6,17,3,26,0,8,24,27,59,42,74,116,175
04/09/2015,ISO,NC,ASO,EN,Federal Contract Tower,0,1,9,22,32,0,0,0,0,0,0,1,9,22,32,12,10,22,54
04/10/2015,ISO,NC,ASO,EN,Federal Contract Tower,0,4,2,6,12,0,18,5,3,26,0,22,7,9,38,0,44,44,82
04/11/2015,ISO,NC,ASO,EN,Federal Contract Tower,0,0,4,0,4,0,2,9,0,11,0,2,13,0,15,0,0,0,15
04/12/2015,ISO,NC,ASO,EN,Federal Contract Tower,0,2,2,4,8,0,4,21,1,26,0,6,23,5,34,6,8,14,48
04/13/2015,ISO,NC,ASO,EN,Federal Contract Tower,0,0,13,16,29,0,4,6,0,10,0,4,19,16,39,0,14,14,53
04/14/2015,ISO,NC,ASO,EN,Federal Contract Tower,0,0,9,29,38,0,0,2,1,3,0,0,11,30,41,0,48,48,89
04/15/2015,ISO,NC,ASO,EN,Federal Contract Tower,0,0,19,15,34,0,0,4,7,11,0,0,23,22,45,0,52,52,97
04/16/2015,ISO,NC,ASO,EN,Federal Contract Tower,0,0,8,18,26,0,0,6,4,10,0,0,14,22,36,0,46,46,82
04/17/2015,ISO,NC,ASO,EN,Federal Contract Tower,2,0,13,4,19,0,2,15,2,19,2,2,28,6,38,18,16,34,72
04/18/2015,ISO,NC,ASO,EN,Federal Contract Tower,0,0,2,0,2,0,2,21,0,23,0,2,23,0,25,8,0,8,33
04/19/2015,ISO,NC,ASO,EN,Federal Contract Tower,0,1,5,0,6,0,0,4,0,4,0,1,9,0,10,0,0,0,10
04/20/2015,ISO,NC,ASO,EN,Federal Contract Tower,1,3,5,14,23,0,2,5,4,11,1,5,10,18,34,0,34,34,68
04/21/2015,ISO,NC,ASO,EN,Federal Contract Tower,0,3,6,6,15,0,1,9,2,12,0,4,15,8,27,6,32,38,65
04/22/2015,ISO,NC,ASO,EN,Federal Contract Tower,0,0,17,11,28,0,3,11,1,15,0,3,28,12,43,14,4,18,61
04/23/2015,ISO,NC,ASO,EN,Federal Contract Tower,0,1,4,16,21,0,14,12,0,26,0,15,16,16,47,4,34,38,85
04/24/2015,ISO,NC,ASO,EN,Federal Contract Tower,0,8,6,2,16,0,7,8,0,15,0,15,14,2,31,6,10,16,47
04/25/2015,ISO,NC,ASO,EN,Federal Contract Tower,0,0,4,0,4,0,0,2,0,2,0,0,6,0,6,0,0,0,6
04/26/2015,ISO,NC,ASO,EN,Federal Contract Tower,0,0,4,0,4,0,0,0,0,0,0,0,4,0,4,0,0,0,4
04/27/2015,ISO,NC,ASO,EN,Federal Contract Tower,0,1,7,20,28,0,6,7,0,13,0,7,14,20,41,12,20,32,73
04/28/2015,ISO,NC,ASO,EN,Federal Contract Tower,0,2,10,16,28,0,4,12,6,22,0,6,22,22,50,10,20,30,80
04/29/2015,ISO,NC,ASO,EN,Federal Contract Tower,0,0,5,3,8,0,1,19,1,21,0,1,24,4,29,30,8,38,67
04/30/2015,ISO,NC,ASO,EN,Federal Contract Tower,0,1,11,4,16,0,0,0,0,0,0,1,11,4,16,0,0,0,16
05/01/2015,ISO,NC,ASO,EN,Federal Contract Tower,4,8,11,0,23,0,0,2,0,2,4,8,13,0,25,0,0,0,25
05/02/2015,ISO,NC,ASO,EN,Federal Contract Tower,0,0,0,0,0,0,4,2,0,6,0,4,2,0,6,0,0,0,6
05/03/2015,ISO,NC,ASO,EN,Federal Contract Tower,3,0,4,0,7,0,0,17,0,17,3,0,21,0,24,8,0,8,32
05/04/2015,ISO,NC,ASO,EN,Federal Contract Tower,3,3,9,16,31,0,9,13,6,28,3,12,22,22,59,2,48,50,109
05/05/2015,ISO,NC,ASO,EN,Federal Contract Tower,0,5,9,11,25,0,4,16,3,23,0,9,25,14,48,18,18,36,84
05/06/2015,ISO,NC,ASO,EN,Federal Contract Tower,0,0,7,4,11,0,7,15,2,24,0,7,22,6,35,48,44,92,127
05/07/2015,ISO,NC,ASO,EN,Federal Contract Tower,1,1,6,21,29,0,1,7,3,11,1,2,13,24,40,6,54,60,100
05/08/2015,ISO,NC,ASO,EN,Federal Contract Tower,1,0,5,18,24,0,0,2,6,8,1,0,7,24,32,0,52,52,84
05/09/2015,ISO,NC,ASO,EN,Federal Contract Tower,0,0,4,0,4,0,0,0,0,0,0,0,4,0,4,0,0,0,4
05/10/2015,ISO,NC,ASO,EN,Federal Contract Tower,0,0,0,0,0,0,0,0,0,0,0,0,0,0,0,0,0,0,0
05/11/2015,ISO,NC,ASO,EN,Federal Contract Tower,0,0,10,10,20,0,0,0,0,0,0,0,10,10,20,0,0,0,20
05/12/2015,ISO,NC,ASO,EN,Federal Contract Tower,0,1,6,2,9,0,1,11,0,12,0,2,17,2,21,0,6,6,27
05/13/2015,ISO,NC,ASO,EN,Federal Contract Tower,0,0,4,10,14,0,2,20,0,22,0,2,24,10,36,38,6,44,80
05/14/2015,ISO,NC,ASO,EN,Federal Contract Tower,0,0,12,30,42,0,2,16,2,20,0,2,28,32,62,22,66,88,150
05/15/2015,ISO,NC,ASO,EN,Federal Contract Tower,0,2,10,9,21,0,0,21,2,23,0,2,31,11,44,28,32,60,104
05/16/2015,ISO,NC,ASO,EN,Federal Contract Tower,0,4,4,0,8,0,10,9,0,19,0,14,13,0,27,22,0,22,49
05/17/2015,ISO,NC,ASO,EN,Federal Contract Tower,0,4,9,2,15,0,0,5,1,6,0,4,14,3,21,0,16,16,37
05/18/2015,ISO,NC,ASO,EN,Federal Contract Tower,0,0,17,8,25,0,0,3,0,3,0,0,20,8,28,14,10,24,52
05/19/2015,ISO,NC,ASO,EN,Federal Contract Tower,0,0,14,15,29,0,0,15,6,21,0,0,29,21,50,0,18,18,68
05/20/2015,ISO,NC,ASO,EN,Federal Contract Tower,0,0,11,5,16,0,7,22,1,30,0,7,33,6,46,54,28,82,128
05/21/2015,ISO,NC,ASO,EN,Federal Contract Tower,0,2,5,7,14,0,4,2,0,6,0,6,7,7,20,14,0,14,34
05/22/2015,ISO,NC,ASO,EN,Federal Contract Tower,2,1,0,2,5,0,10,13,0,23,2,11,13,2,28,74,12,86,114
05/23/2015,ISO,NC,ASO,EN,Federal Contract Tower,0,2,5,0,7,0,6,14,0,20,0,8,19,0,27,22,0,22,49
05/24/2015,ISO,NC,ASO,EN,Federal Contract Tower,0,2,2,0,4,0,0,13,0,13,0,2,15,0,17,6,0,6,23
05/25/2015,ISO,NC,ASO,EN,Federal Contract Tower,2,0,5,0,7,0,0,13,0,13,2,0,18,0,20,16,0,16,36
05/26/2015,ISO,NC,ASO,EN,Federal Contract Tower,0,2,9,18,29,0,8,14,7,29,0,10,23,25,58,26,66,92,150
05/27/2015,ISO,NC,ASO,EN,Federal Contract Tower,0,0,5,6,11,0,10,14,2,26,0,10,19,8,37,66,22,88,125
05/28/2015,ISO,NC,ASO,EN,Federal Contract Tower,0,3,10,14,27,0,19,18,0,37,0,22,28,14,64,20,42,62,126
05/29/2015,ISO,NC,ASO,EN,Federal Contract Tower,0,7,5,20,32,0,11,21,0,32,0,18,26,20,64,40,0,40,104
05/30/2015,ISO,NC,ASO,EN,Federal Contract Tower,0,0,9,0,9,0,8,9,0,17,0,8,18,0,26,36,0,36,62
05/31/2015,ISO,NC,ASO,EN,Federal Contract Tower,0,0,0,0,0,0,2,0,0,2,0,2,0,0,2,0,0,0,2
06/01/2015,ISO,NC,ASO,EN,Federal Contract Tower,0,0,3,15,18,0,5,9,5,19,0,5,12,20,37,16,72,88,125
06/02/2015,ISO,NC,ASO,EN,Federal Contract Tower,0,0,4,22,26,0,4,0,7,11,0,4,4,29,37,2,38,40,77
06/03/2015,ISO,NC,ASO,EN,Federal Contract Tower,0,0,4,1,5,0,0,0,1,1,0,0,4,2,6,0,0,0,6
06/04/2015,ISO,NC,ASO,EN,Federal Contract Tower,0,0,9,12,21,0,0,0,0,0,0,0,9,12,21,0,8,8,29
06/05/2015,ISO,NC,ASO,EN,Federal Contract Tower,4,2,7,8,21,0,0,6,3,9,4,2,13,11,30,2,18,20,50
06/06/2015,ISO,NC,ASO,EN,Federal Contract Tower,0,0,2,3,5,0,3,6,1,10,0,3,8,4,15,22,8,30,45
06/07/2015,ISO,NC,ASO,EN,Federal Contract Tower,2,0,0,0,2,0,2,9,0,11,2,2,9,0,13,20,0,20,33
06/08/2015,ISO,NC,ASO,EN,Federal Contract Tower,2,0,0,21,23,0,1,5,6,12,2,1,5,27,35,0,28,28,63
06/09/2015,ISO,NC,ASO,EN,Federal Contract Tower,0,0,2,7,9,0,6,14,2,22,0,6,16,9,31,20,12,32,63
06/10/2015,ISO,NC,ASO,EN,Federal Contract Tower,0,0,4,5,9,0,5,8,0,13,0,5,12,5,22,18,16,34,56
06/11/2015,ISO,NC,ASO,EN,Federal Contract Tower,0,0,5,35,40,0,0,6,1,7,0,0,11,36,47,16,60,76,123
06/12/2015,ISO,NC,ASO,EN,Federal Contract Tower,0,2,4,8,14,0,2,11,1,14,0,4,15,9,28,4,32,36,64
06/13/2015,ISO,NC,ASO,EN,Federal Contract Tower,0,1,1,0,2,0,3,22,0,25,0,4,23,0,27,14,0,14,41
06/14/2015,ISO,NC,ASO,EN,Federal Contract Tower,0,4,1,0,5,0,0,2,0,2,0,4,3,0,7,0,0,0,7
06/15/2015,ISO,NC,ASO,EN,Federal Contract Tower,0,1,7,27,35,0,2,4,2,8,0,3,11,29,43,4,52,56,99
06/16/2015,ISO,NC,ASO,EN,Federal Contract Tower,0,0,6,24,30,0,2,14,8,24,0,2,20,32,54,34,18,52,106
06/17/2015,ISO,NC,ASO,EN,Federal Contract Tower,0,0,14,38,52,0,2,6,2,10,0,2,20,40,62,46,58,104,166
06/18/2015,ISO,NC,ASO,EN,Federal Contract Tower,0,3,10,18,31,0,4,8,0,12,0,7,18,18,43,46,28,74,117
06/19/2015,ISO,NC,ASO,EN,Federal Contract Tower,0,0,13,19,32,0,4,12,1,17,0,4,25,20,49,60,42,102,151
06/20/2015,ISO,NC,ASO,EN,Federal Contract Tower,0,2,7,0,9,0,0,15,0,15,0,2,22,0,24,20,0,20,44
06/21/2015,ISO,NC,ASO,EN,Federal Contract Tower,0,2,2,0,4,0,0,2,0,2,0,2,4,0,6,4,0,4,10
06/22/2015,ISO,NC,ASO,EN,Federal Contract Tower,0,1,22,21,44,0,1,4,2,7,0,2,26,23,51,12,58,70,121
06/23/2015,ISO,NC,ASO,EN,Federal Contract Tower,0,0,17,19,36,0,6,14,1,21,0,6,31,20,57,24,8,32,89
06/24/2015,ISO,NC,ASO,EN,Federal Contract Tower,0,1,11,31,43,0,4,4,4,12,0,5,15,35,55,26,82,108,163
06/25/2015,ISO,NC,ASO,EN,Federal Contract Tower,0,1,0,12,13,0,2,14,1,17,0,3,14,13,30,12,12,24,54
06/26/2015,ISO,NC,ASO,EN,Federal Contract Tower,0,0,3,6,9,0,4,8,0,12,0,4,11,6,21,40,10,50,71
06/27/2015,ISO,NC,ASO,EN,Federal Contract Tower,0,0,10,0,10,0,0,0,0,0,0,0,10,0,10,0,0,0,10
06/28/2015,ISO,NC,ASO,EN,Federal Contract Tower,0,0,6,0,6,0,0,3,0,3,0,0,9,0,9,0,0,0,9
06/29/2015,ISO,NC,ASO,EN,Federal Contract Tower,0,1,4,0,5,0,7,7,2,16,0,8,11,2,21,52,0,52,73
06/30/2015,ISO,NC,ASO,EN,Federal Contract Tower,0,4,12,8,24,0,8,10,4,22,0,12,22,12,46,46,30,76,122
07/01/2015,ISO,NC,ASO,EN,Federal Contract Tower,0,2,10,7,19,0,2,5,2,9,0,4,15,9,28,38,26,64,92
07/02/2015,ISO,NC,ASO,EN,Federal Contract Tower,2,1,0,5,8,0,2,6,2,10,2,3,6,7,18,18,26,44,62
07/03/2015,ISO,NC,ASO,EN,Federal Contract Tower,2,1,0,0,3,0,0,0,0,0,2,1,0,0,3,0,0,0,3
07/04/2015,ISO,NC,ASO,EN,Federal Contract Tower,0,0,1,0,1,0,0,0,0,0,0,0,1,0,1,0,0,0,1
07/05/2015,ISO,NC,ASO,EN,Federal Contract Tower,2,0,3,0,5,0,0,0,0,0,2,0,3,0,5,0,0,0,5
07/06/2015,ISO,NC,ASO,EN,Federal Contract Tower,2,0,5,36,43,0,1,3,2,6,2,1,8,38,49,58,72,130,179
07/07/2015,ISO,NC,ASO,EN,Federal Contract Tower,0,3,9,17,29,0,4,22,5,31,0,7,31,22,60,30,36,66,126
07/08/2015,ISO,NC,ASO,EN,Federal Contract Tower,0,0,7,17,24,0,1,11,3,15,0,1,18,20,39,10,80,90,129
07/09/2015,ISO,NC,ASO,EN,Federal Contract Tower,1,0,4,36,41,0,11,14,5,30,1,11,18,41,71,28,62,90,161
07/10/2015,ISO,NC,ASO,EN,Federal Contract Tower,1,0,9,2,12,0,7,9,0,16,1,7,18,2,28,22,18,40,68
07/11/2015,ISO,NC,ASO,EN,Federal Contract Tower,0,0,5,0,5,0,0,12,0,12,0,0,17,0,17,0,0,0,17
07/12/2015,ISO,NC,ASO,EN,Federal Contract Tower,0,0,8,0,8,0,0,7,0,7,0,0,15,0,15,20,0,20,35
07/13/2015,ISO,NC,ASO,EN,Federal Contract Tower,0,0,8,0,8,0,0,3,0,3,0,0,11,0,11,0,0,0,11
07/14/2015,ISO,NC,ASO,EN,Federal Contract Tower,0,0,0,12,12,0,0,2,2,4,0,0,2,14,16,0,16,16,32
07/15/2015,ISO,NC,ASO,EN,Federal Contract Tower,0,2,10,5,17,0,3,13,1,17,0,5,23,6,34,30,16,46,80
07/16/2015,ISO,NC,ASO,EN,Federal Contract Tower,0,4,10,8,22,0,6,16,0,22,0,10,26,8,44,68,6,74,118
07/17/2015,ISO,NC,ASO,EN,Federal Contract Tower,20,0,5,2,27,0,18,1,2,21,20,18,6,4,48,10,20,30,78
07/18/2015,ISO,NC,ASO,EN,Federal Contract Tower,2,2,1,0,5,0,0,10,0,10,2,2,11,0,15,12,0,12,27
07/19/2015,ISO,NC,ASO,EN,Federal Contract Tower,0,4,3,0,7,0,0,7,0,7,0,4,10,0,14,0,0,0,14
07/20/2015,ISO,NC,ASO,EN,Federal Contract Tower,0,0,7,2,9,0,11,8,0,19,0,11,15,2,28,10,10,20,48
07/21/2015,ISO,NC,ASO,EN,Federal Contract Tower,0,0,4,2,6,0,2,1,4,7,0,2,5,6,13,18,24,42,55
07/22/2015,ISO,NC,ASO,EN,Federal Contract Tower,0,1,7,12,20,0,8,9,0,17,0,9,16,12,37,10,30,40,77
07/23/2015,ISO,NC,ASO,EN,Federal Contract Tower,0,1,3,0,4,0,2,0,0,2,0,3,3,0,6,0,0,0,6
07/24/2015,ISO,NC,ASO,EN,Federal Contract Tower,0,0,6,0,6,0,5,12,0,17,0,5,18,0,23,12,0,12,35
07/25/2015,ISO,NC,ASO,EN,Federal Contract Tower,0,0,11,0,11,0,2,5,0,7,0,2,16,0,18,8,0,8,26
07/26/2015,ISO,NC,ASO,EN,Federal Contract Tower,0,0,8,0,8,0,0,18,0,18,0,0,26,0,26,22,0,22,48
07/27/2015,ISO,NC,ASO,EN,Federal Contract Tower,0,0,11,16,27,0,2,18,9,29,0,2,29,25,56,26,26,52,108
07/28/2015,ISO,NC,ASO,EN,Federal Contract Tower,0,1,5,14,20,0,13,12,0,25,0,14,17,14,45,38,52,90,135
07/29/2015,ISO,NC,ASO,EN,Federal Contract Tower,0,0,11,18,29,1,1,11,1,14,1,1,22,19,43,12,56,68,111
07/30/2015,ISO,NC,ASO,EN,Federal Contract Tower,0,3,9,13,25,0,8,3,2,13,0,11,12,15,38,10,56,66,104
07/31/2015,ISO,NC,ASO,EN,Federal Contract Tower,0,0,13,16,29,0,2,13,4,19,0,2,26,20,48,22,20,42,90
08/01/2015,ISO,NC,ASO,EN,Federal Contract Tower,0,1,2,0,3,0,0,8,0,8,0,1,10,0,11,22,0,22,33
08/02/2015,ISO,NC,ASO,EN,Federal Contract Tower,0,0,3,0,3,0,0,10,0,10,0,0,13,0,13,10,0,10,23
08/03/2015,ISO,NC,ASO,EN,Federal Contract Tower,0,1,6,21,28,0,3,5,2,10,0,4,11,23,38,4,14,18,56
08/04/2015,ISO,NC,ASO,EN,Federal Contract Tower,0,0,4,16,20,0,0,8,4,12,0,0,12,20,32,8,16,24,56
08/05/2015,ISO,NC,ASO,EN,Federal Contract Tower,0,0,12,37,49,0,7,14,0,21,0,7,26,37,70,46,74,120,190
08/06/2015,ISO,NC,ASO,EN,Federal Contract Tower,1,1,9,16,27,0,2,5,2,9,1,3,14,18,36,28,34,62,98
08/07/2015,ISO,NC,ASO,EN,Federal Contract Tower,1,0,5,6,12,0,1,0,0,1,1,1,5,6,13,6,12,18,31
08/08/2015,ISO,NC,ASO,EN,Federal Contract Tower,0,0,2,2,4,0,0,5,0,5,0,0,7,2,9,0,0,0,9
08/09/2015,ISO,NC,ASO,EN,Federal Contract Tower,1,1,10,0,12,0,1,11,0,12,1,2,21,0,24,12,0,12,36
08/10/2015,ISO,NC,ASO,EN,Federal Contract Tower,1,0,8,15,24,0,1,14,4,19,1,1,22,19,43,40,72,112,155
08/11/2015,ISO,NC,ASO,EN,Federal Contract Tower,0,0,5,16,21,0,0,4,4,8,0,0,9,20,29,4,8,12,41
08/12/2015,ISO,NC,ASO,EN,Federal Contract Tower,0,0,7,8,15,0,4,16,0,20,0,4,23,8,35,24,16,40,75
08/13/2015,ISO,NC,ASO,EN,Federal Contract Tower,0,0,6,16,22,0,4,4,0,8,0,4,10,16,30,18,26,44,74
08/14/2015,ISO,NC,ASO,EN,Federal Contract Tower,0,0,5,2,7,0,1,15,2,18,0,1,20,4,25,48,36,84,109
08/15/2015,ISO,NC,ASO,EN,Federal Contract Tower,0,0,2,0,2,0,1,15,2,18,0,1,17,2,20,6,0,6,26
08/16/2015,ISO,NC,ASO,EN,Federal Contract Tower,0,2,3,0,5,0,0,21,0,21,0,2,24,0,26,0,0,0,26
08/17/2015,ISO,NC,ASO,EN,Federal Contract Tower,0,1,4,8,13,0,2,13,2,17,0,3,17,10,30,0,10,10,40
08/18/2015,ISO,NC,ASO,EN,Federal Contract Tower,0,3,5,14,22,0,0,11,4,15,0,3,16,18,37,10,28,38,75
08/19/2015,ISO,NC,ASO,EN,Federal Contract Tower,0,0,7,6,13,0,0,8,4,12,0,0,15,10,25,6,0,6,31
08/20/2015,ISO,NC,ASO,EN,Federal Contract Tower,0,0,8,7,15,0,0,6,1,7,0,0,14,8,22,20,2,22,44
08/21/2015,ISO,NC,ASO,EN,Federal Contract Tower,0,0,8,14,22,0,0,5,6,11,0,0,13,20,33,0,54,54,87
08/22/2015,ISO,NC,ASO,EN,Federal Contract Tower,2,0,3,0,5,0,0,22,0,22,2,0,25,0,27,6,0,6,33
08/23/2015,ISO,NC,ASO,EN,Federal Contract Tower,0,0,16,0,16,0,0,25,0,25,0,0,41,0,41,14,0,14,55
08/24/2015,ISO,NC,ASO,EN,Federal Contract Tower,0,1,3,19,23,0,0,5,8,13,0,1,8,27,36,10,52,62,98
08/25/2015,ISO,NC,ASO,EN,Federal Contract Tower,0,3,6,7,16,0,0,3,2,5,0,3,9,9,21,4,22,26,47
08/26/2015,ISO,NC,ASO,EN,Federal Contract Tower,0,0,13,0,13,0,4,4,0,8,0,4,17,0,21,0,0,0,21
08/27/2015,ISO,NC,ASO,EN,Federal Contract Tower,0,0,11,0,11,0,0,6,2,8,0,0,17,2,19,10,0,10,29
08/28/2015,ISO,NC,ASO,EN,Federal Contract Tower,0,3,9,15,27,0,9,10,7,26,0,12,19,22,53,0,14,14,67
08/29/2015,ISO,NC,ASO,EN,Federal Contract Tower,0,0,2,0,2,0,0,28,2,30,0,0,30,2,32,22,0,22,54
08/30/2015,ISO,NC,ASO,EN,Federal Contract Tower,0,2,9,0,11,0,0,11,0,11,0,2,20,0,22,20,0,20,42
08/31/2015,ISO,NC,ASO,EN,Federal Contract Tower,0,0,5,14,19,0,0,1,0,1,0,0,6,14,20,0,0,0,20
09/01/2015,ISO,NC,ASO,EN,Federal Contract Tower,0,0,3,26,29,0,0,13,2,15,0,0,16,28,44,14,28,42,86
09/02/2015,ISO,NC,ASO,EN,Federal Contract Tower,0,0,4,8,12,0,2,7,2,11,0,2,11,10,23,46,36,82,105
09/03/2015,ISO,NC,ASO,EN,Federal Contract Tower,0,2,6,10,18,0,4,3,0,7,0,6,9,10,25,6,2,8,33
09/04/2015,ISO,NC,ASO,EN,Federal Contract Tower,3,1,14,14,32,0,3,16,0,19,3,4,30,14,51,56,10,66,117
09/05/2015,ISO,NC,ASO,EN,Federal Contract Tower,0,3,3,0,6,0,0,0,0,0,0,3,3,0,6,0,0,0,6
09/06/2015,ISO,NC,ASO,EN,Federal Contract Tower,5,2,0,0,7,0,0,0,0,0,5,2,0,0,7,0,0,0,7
09/07/2015,ISO,NC,ASO,EN,Federal Contract Tower,0,1,5,0,6,0,0,4,0,4,0,1,9,0,10,0,0,0,10
09/08/2015,ISO,NC,ASO,EN,Federal Contract Tower,0,4,7,6,17,0,1,0,1,2,0,5,7,7,19,0,10,10,29
09/09/2015,ISO,NC,ASO,EN,Federal Contract Tower,0,5,8,10,23,0,2,2,0,4,0,7,10,10,27,0,28,28,55
09/10/2015,ISO,NC,ASO,EN,Federal Contract Tower,0,3,7,10,20,0,3,12,0,15,0,6,19,10,35,58,10,68,103
09/11/2015,ISO,NC,ASO,EN,Federal Contract Tower,0,0,6,0,6,0,0,11,0,11,0,0,17,0,17,24,0,24,41
09/12/2015,ISO,NC,ASO,EN,Federal Contract Tower,0,0,2,0,2,0,0,6,0,6,0,0,8,0,8,0,0,0,8
09/13/2015,ISO,NC,ASO,EN,Federal Contract Tower,0,0,1,4,5,0,4,2,0,6,0,4,3,4,11,8,0,8,19
09/14/2015,ISO,NC,ASO,EN,Federal Contract Tower,0,0,12,6,18,0,4,8,2,14,0,4,20,8,32,14,10,24,56
09/15/2015,ISO,NC,ASO,EN,Federal Contract Tower,0,1,17,17,35,0,7,23,0,30,0,8,40,17,65,40,0,40,105
09/16/2015,ISO,NC,ASO,EN,Federal Contract Tower,0,1,5,19,25,0,2,13,2,17,0,3,18,21,42,32,40,72,114
09/17/2015,ISO,NC,ASO,EN,Federal Contract Tower,0,1,4,8,13,0,2,10,0,12,0,3,14,8,25,20,10,30,55
09/18/2015,ISO,NC,ASO,EN,Federal Contract Tower,3,0,10,0,13,0,8,11,0,19,3,8,21,0,32,30,8,38,70
09/19/2015,ISO,NC,ASO,EN,Federal Contract Tower,0,0,4,0,4,0,10,22,0,32,0,10,26,0,36,4,0,4,40
09/20/2015,ISO,NC,ASO,EN,Federal Contract Tower,0,2,4,0,6,0,0,13,0,13,0,2,17,0,19,0,0,0,19
09/21/2015,ISO,NC,ASO,EN,Federal Contract Tower,0,2,8,12,22,0,0,4,0,4,0,2,12,12,26,6,0,6,32
09/22/2015,ISO,NC,ASO,EN,Federal Contract Tower,0,0,4,10,14,0,3,0,2,5,0,3,4,12,19,0,12,12,31
09/23/2015,ISO,NC,ASO,EN,Federal Contract Tower,0,0,7,4,11,0,0,4,0,4,0,0,11,4,15,0,12,12,27
09/24/2015,ISO,NC,ASO,EN,Federal Contract Tower,0,0,4,10,14,0,1,0,1,2,0,1,4,11,16,0,32,32,48
09/25/2015,ISO,NC,ASO,EN,Federal Contract Tower,1,0,4,2,7,0,0,0,0,0,1,0,4,2,7,0,0,0,7
09/26/2015,ISO,NC,ASO,EN,Federal Contract Tower,0,0,4,0,4,0,0,0,0,0,0,0,4,0,4,0,0,0,4
09/27/2015,ISO,NC,ASO,EN,Federal Contract Tower,0,0,2,0,2,0,0,1,0,1,0,0,3,0,3,0,0,0,3
09/28/2015,ISO,NC,ASO,EN,Federal Contract Tower,0,0,10,34,44,0,0,0,0,0,0,0,10,34,44,0,0,0,44
09/29/2015,ISO,NC,ASO,EN,Federal Contract Tower,0,0,11,6,17,0,0,4,1,5,0,0,15,7,22,12,8,20,42
09/30/2015,ISO,NC,ASO,EN,Federal Contract Tower,0,1,6,18,25,0,0,0,0,0,0,1,6,18,25,0,26,26,51
10/01/2015,ISO,NC,ASO,EN,Federal Contract Tower,1,3,12,8,24,0,0,0,0,0,1,3,12,8,24,0,0,0,24
10/02/2015,ISO,NC,ASO,EN,Federal Contract Tower,4,0,8,0,12,0,0,0,0,0,4,0,8,0,12,0,0,0,12
10/03/2015,ISO,NC,ASO,EN,Federal Contract Tower,0,0,1,0,1,0,0,0,0,0,0,0,1,0,1,0,0,0,1
10/04/2015,ISO,NC,ASO,EN,Federal Contract Tower,2,1,0,2,5,0,0,0,0,0,2,1,0,2,5,0,0,0,5
10/05/2015,ISO,NC,ASO,EN,Federal Contract Tower,0,1,4,0,5,0,0,0,0,0,0,1,4,0,5,0,0,0,5
10/06/2015,ISO,NC,ASO,EN,Federal Contract Tower,0,1,8,28,37,0,1,1,4,6,0,2,9,32,43,0,72,72,115
10/07/2015,ISO,NC,ASO,EN,Federal Contract Tower,0,1,16,34,51,0,4,22,5,31,0,5,38,39,82,22,94,116,198
10/08/2015,ISO,NC,ASO,EN,Federal Contract Tower,0,0,11,20,31,0,4,11,1,16,0,4,22,21,47,8,40,48,95
10/09/2015,ISO,NC,ASO,EN,Federal Contract Tower,4,0,14,10,28,0,8,13,0,21,4,8,27,10,49,26,70,96,145
10/10/2015,ISO,NC,ASO,EN,Federal Contract Tower,0,0,0,0,0,0,1,5,0,6,0,1,5,0,6,0,0,0,6
10/11/2015,ISO,NC,ASO,EN,Federal Contract Tower,1,4,3,0,8,0,0,27,0,27,1,4,30,0,35,22,0,22,57
10/12/2015,ISO,NC,ASO,EN,Federal Contract Tower,0,0,7,0,7,0,1,5,0,6,0,1,12,0,13,12,0,12,25
10/13/2015,ISO,NC,ASO,EN,Federal Contract Tower,0,0,3,21,24,0,2,9,6,17,0,2,12,27,41,0,90,90,131
10/14/2015,ISO,NC,ASO,EN,Federal Contract Tower,0,2,6,13,21,0,4,7,4,15,0,6,13,17,36,48,48,96,132
10/15/2015,ISO,NC,ASO,EN,Federal Contract Tower,2,2,10,14,28,0,4,18,3,25,2,6,28,17,53,52,30,82,135
10/16/2015,ISO,NC,ASO,EN,Federal Contract Tower,0,1,7,8,16,0,10,9,6,25,0,11,16,14,41,14,22,36,77
10/17/2015,ISO,NC,ASO,EN,Federal Contract Tower,0,3,2,0,5,0,9,14,0,23,0,12,16,0,28,18,0,18,46
10/18/2015,ISO,NC,ASO,EN,Federal Contract Tower,2,0,0,2,4,0,0,17,0,17,2,0,17,2,21,4,2,6,27
10/19/2015,ISO,NC,ASO,EN,Federal Contract Tower,0,1,6,12,19,0,0,10,3,13,0,1,16,15,32,12,28,40,72
10/20/2015,ISO,NC,ASO,EN,Federal Contract Tower,0,1,10,9,20,0,3,9,24,36,0,4,19,33,56,28,98,126,182
10/21/2015,ISO,NC,ASO,EN,Federal Contract Tower,0,4,10,14,28,0,3,17,2,22,0,7,27,16,50,8,24,32,82
10/22/2015,ISO,NC,ASO,EN,Federal Contract Tower,0,3,16,23,42,0,2,6,1,9,0,5,22,24,51,32,36,68,119
10/23/2015,ISO,NC,ASO,EN,Federal Contract Tower,0,0,13,21,34,0,0,18,2,20,0,0,31,23,54,18,0,18,72
10/24/2015,ISO,NC,ASO,EN,Federal Contract Tower,0,0,3,4,7,0,0,5,0,5,0,0,8,4,12,0,0,0,12
10/25/2015,ISO,NC,ASO,EN,Federal Contract Tower,0,0,1,0,1,0,0,25,0,25,0,0,26,0,26,0,0,0,26
10/26/2015,ISO,NC,ASO,EN,Federal Contract Tower,0,0,9,25,34,0,0,4,2,6,0,0,13,27,40,0,14,14,54
10/27/2015,ISO,NC,ASO,EN,Federal Contract Tower,0,0,10,12,22,0,0,0,0,0,0,0,10,12,22,0,0,0,22
10/28/2015,ISO,NC,ASO,EN,Federal Contract Tower,0,0,10,12,22,0,0,0,0,0,0,0,10,12,22,0,0,0,22
10/29/2015,ISO,NC,ASO,EN,Federal Contract Tower,0,1,6,12,19,0,8,5,0,13,0,9,11,12,32,50,8,58,90
10/30/2015,ISO,NC,ASO,EN,Federal Contract Tower,1,2,8,15,26,0,11,2,5,18,1,13,10,20,44,2,26,28,72
10/31/2015,ISO,NC,ASO,EN,Federal Contract Tower,0,0,9,0,9,0,2,90,0,92,0,2,99,0,101,8,0,8,109
11/01/2015,ISO,NC,ASO,EN,Federal Contract Tower,0,2,6,0,8,0,0,7,0,7,0,2,13,0,15,0,0,0,15
11/02/2015,ISO,NC,ASO,EN,Federal Contract Tower,0,0,3,8,11,0,0,0,0,0,0,0,3,8,11,0,0,0,11
11/03/2015,ISO,NC,ASO,EN,Federal Contract Tower,0,1,3,16,20,0,0,0,0,0,0,1,3,16,20,0,0,0,20
11/04/2015,ISO,NC,ASO,EN,Federal Contract Tower,0,1,4,32,37,0,0,0,0,0,0,1,4,32,37,0,0,0,37
11/05/2015,ISO,NC,ASO,EN,Federal Contract Tower,0,0,2,12,14,0,0,0,0,0,0,0,2,12,14,0,0,0,14
11/06/2015,ISO,NC,ASO,EN,Federal Contract Tower,3,1,15,12,31,0,4,4,4,12,3,5,19,16,43,0,40,40,83
11/07/2015,ISO,NC,ASO,EN,Federal Contract Tower,0,0,3,6,9,0,0,0,0,0,0,0,3,6,9,0,6,6,15
11/08/2015,ISO,NC,ASO,EN,Federal Contract Tower,2,2,3,0,7,0,5,1,0,6,2,7,4,0,13,0,0,0,13
11/09/2015,ISO,NC,ASO,EN,Federal Contract Tower,0,1,5,6,12,0,0,0,0,0,0,1,5,6,12,0,0,0,12
11/10/2015,ISO,NC,ASO,EN,Federal Contract Tower,0,0,2,6,8,0,0,0,0,0,0,0,2,6,8,0,8,8,16
11/11/2015,ISO,NC,ASO,EN,Federal Contract Tower,0,0,14,0,14,0,0,21,0,21,0,0,35,0,35,42,0,42,77
11/12/2015,ISO,NC,ASO,EN,Federal Contract Tower,0,2,7,0,9,0,4,6,0,10,0,6,13,0,19,16,0,16,35
11/13/2015,ISO,NC,ASO,EN,Federal Contract Tower,0,6,6,11,23,0,7,10,2,19,0,13,16,13,42,6,38,44,86
11/14/2015,ISO,NC,ASO,EN,Federal Contract Tower,0,0,1,0,1,0,0,7,0,7,0,0,8,0,8,8,0,8,16
11/15/2015,ISO,NC,ASO,EN,Federal Contract Tower,0,0,4,2,6,0,2,17,0,19,0,2,21,2,25,14,6,20,45
11/16/2015,ISO,NC,ASO,EN,Federal Contract Tower,0,2,14,2,18,0,0,22,0,22,0,2,36,2,40,26,0,26,66
11/17/2015,ISO,NC,ASO,EN,Federal Contract Tower,0,2,9,2,13,0,3,32,0,35,0,5,41,2,48,58,0,58,106
11/18/2015,ISO,NC,ASO,EN,Federal Contract Tower,0,2,8,10,20,0,10,6,4,20,0,12,14,14,40,4,96,100,140
11/19/2015,ISO,NC,ASO,EN,Federal Contract Tower,0,1,5,3,9,0,0,0,2,2,0,1,5,5,11,0,0,0,11
11/20/2015,ISO,NC,ASO,EN,Federal Contract Tower,0,4,6,7,17,0,2,12,1,15,0,6,18,8,32,18,46,64,96
11/21/2015,ISO,NC,ASO,EN,Federal Contract Tower,0,2,10,0,12,0,0,24,0,24,0,2,34,0,36,4,0,4,40
11/22/2015,ISO,NC,ASO,EN,Federal Contract Tower,2,0,1,0,3,0,0,0,0,0,2,0,1,0,3,0,0,0,3
11/23/2015,ISO,NC,ASO,EN,Federal Contract Tower,2,3,21,10,36,0,5,10,0,15,2,8,31,10,51,10,22,32,83
11/24/2015,ISO,NC,ASO,EN,Federal Contract Tower,0,1,4,8,13,0,0,20,2,22,0,1,24,10,35,20,24,44,79
11/25/2015,ISO,NC,ASO,EN,Federal Contract Tower,2,0,5,8,15,0,8,8,2,18,2,8,13,10,33,8,16,24,57
11/26/2015,ISO,NC,ASO,EN,Federal Contract Tower,0,0,0,0,0,0,0,12,0,12,0,0,12,0,12,0,0,0,12
11/27/2015,ISO,NC,ASO,EN,Federal Contract Tower,0,0,2,0,2,0,0,8,0,8,0,0,10,0,10,0,0,0,10
11/28/2015,ISO,NC,ASO,EN,Federal Contract Tower,0,0,9,0,9,0,0,19,0,19,0,0,28,0,28,0,0,0,28
11/29/2015,ISO,NC,ASO,EN,Federal Contract Tower,0,0,5,0,5,0,0,16,0,16,0,0,21,0,21,14,0,14,35
11/30/2015,ISO,NC,ASO,EN,Federal Contract Tower,0,1,13,0,14,0,0,0,0,0,0,1,13,0,14,0,0,0,14
12/01/2015,ISO,NC,ASO,EN,Federal Contract Tower,2,1,1,6,10,0,0,0,0,0,2,1,1,6,10,0,0,0,10
12/02/2015,ISO,NC,ASO,EN,Federal Contract Tower,0,1,8,2,11,0,0,2,0,2,0,1,10,2,13,2,0,2,15
12/03/2015,ISO,NC,ASO,EN,Federal Contract Tower,1,0,5,31,37,0,5,4,2,11,1,5,9,33,48,0,46,46,94
12/04/2015,ISO,NC,ASO,EN,Federal Contract Tower,0,3,15,26,44,0,4,2,4,10,0,7,17,30,54,10,22,32,86
12/05/2015,ISO,NC,ASO,EN,Federal Contract Tower,0,0,8,0,8,0,0,10,0,10,0,0,18,0,18,10,0,10,28
12/06/2015,ISO,NC,ASO,EN,Federal Contract Tower,1,3,4,0,8,0,0,2,0,2,1,3,6,0,10,2,0,2,12
12/07/2015,ISO,NC,ASO,EN,Federal Contract Tower,0,4,2,0,6,0,0,0,0,0,0,4,2,0,6,0,0,0,6
12/08/2015,ISO,NC,ASO,EN,Federal Contract Tower,0,0,6,2,8,0,3,7,0,10,0,3,13,2,18,12,0,12,30
12/09/2015,ISO,NC,ASO,EN,Federal Contract Tower,0,0,18,4,22,0,0,3,2,5,0,0,21,6,27,0,0,0,27
12/10/2015,ISO,NC,ASO,EN,Federal Contract Tower,0,0,20,12,32,0,0,9,1,10,0,0,29,13,42,8,26,34,76
12/11/2015,ISO,NC,ASO,EN,Federal Contract Tower,0,2,6,10,18,0,2,5,2,9,0,4,11,12,27,6,58,64,91
12/12/2015,ISO,NC,ASO,EN,Federal Contract Tower,0,2,12,0,14,0,0,10,0,10,0,2,22,0,24,28,0,28,52
12/13/2015,ISO,NC,ASO,EN,Federal Contract Tower,0,2,4,0,6,0,0,19,0,19,0,2,23,0,25,32,0,32,57
12/14/2015,ISO,NC,ASO,EN,Federal Contract Tower,1,0,14,20,35,0,0,1,3,4,1,0,15,23,39,2,44,46,85
12/15/2015,ISO,NC,ASO,EN,Federal Contract Tower,0,0,6,6,12,0,9,15,4,28,0,9,21,10,40,28,6,34,74
12/16/2015,ISO,NC,ASO,EN,Federal Contract Tower,0,0,11,25,36,0,2,12,0,14,0,2,23,25,50,10,26,36,86
12/17/2015,ISO,NC,ASO,EN,Federal Contract Tower,1,0,6,4,11,0,0,0,0,0,1,0,6,4,11,0,10,10,21
12/18/2015,ISO,NC,ASO,EN,Federal Contract Tower,0,0,2,24,26,0,0,2,4,6,0,0,4,28,32,0,40,40,72
12/19/2015,ISO,NC,ASO,EN,Federal Contract Tower,0,0,0,0,0,0,0,9,0,9,0,0,9,0,9,0,0,0,9
12/20/2015,ISO,NC,ASO,EN,Federal Contract Tower,0,0,13,0,13,0,0,17,0,17,0,0,30,0,30,6,0,6,36
12/21/2015,ISO,NC,ASO,EN,Federal Contract Tower,0,0,9,13,22,0,6,19,4,29,0,6,28,17,51,8,30,38,89
12/22/2015,ISO,NC,ASO,EN,Federal Contract Tower,0,0,0,10,10,0,0,0,0,0,0,0,0,10,10,0,4,4,14
12/23/2015,ISO,NC,ASO,EN,Federal Contract Tower,0,0,2,0,2,0,0,0,0,0,0,0,2,0,2,0,0,0,2
12/24/2015,ISO,NC,ASO,EN,Federal Contract Tower,0,0,4,0,4,0,0,0,0,0,0,0,4,0,4,0,0,0,4
12/25/2015,ISO,NC,ASO,EN,Federal Contract Tower,0,0,4,0,4,0,0,0,0,0,0,0,4,0,4,0,0,0,4
12/26/2015,ISO,NC,ASO,EN,Federal Contract Tower,0,0,6,0,6,0,0,2,0,2,0,0,8,0,8,0,0,0,8
12/27/2015,ISO,NC,ASO,EN,Federal Contract Tower,0,1,6,0,7,0,0,9,0,9,0,1,15,0,16,26,0,26,42
12/28/2015,ISO,NC,ASO,EN,Federal Contract Tower,1,0,1,2,4,0,0,0,0,0,1,0,1,2,4,0,0,0,4
12/29/2015,ISO,NC,ASO,EN,Federal Contract Tower,0,1,4,12,17,0,3,0,6,9,0,4,4,18,26,0,26,26,52
12/30/2015,ISO,NC,ASO,EN,Federal Contract Tower,0,0,4,0,4,0,0,0,0,0,0,0,4,0,4,0,0,0,4
12/31/2015,ISO,NC,ASO,EN,Federal Contract Tower,0,2,7,0,9,0,1,0,0,1,0,3,7,0,10,6,0,6,16
01/01/2016,ISO,NC,ASO,EN,Federal Contract Tower,0,2,7,0,9,0,0,7,0,7,0,2,14,0,16,0,0,0,16
01/02/2016,ISO,NC,ASO,EN,Federal Contract Tower,0,2,5,0,7,0,0,25,0,25,0,2,30,0,32,0,0,0,32
01/03/2016,ISO,NC,ASO,EN,Federal Contract Tower,0,0,2,0,2,0,0,21,0,21,0,0,23,0,23,58,0,58,81
01/05/2016,ISO,NC,ASO,EN,Federal Contract Tower,0,1,6,19,26,0,2,9,3,14,0,3,15,22,40,6,30,36,76
01/06/2016,ISO,NC,ASO,EN,Federal Contract Tower,0,0,1,17,18,0,4,0,0,4,0,4,1,17,22,0,26,26,48
01/07/2016,ISO,NC,ASO,EN,Federal Contract Tower,0,4,8,20,32,0,0,0,0,0,0,4,8,20,32,0,0,0,32
01/08/2016,ISO,NC,ASO,EN,Federal Contract Tower,0,3,4,10,17,0,0,0,0,0,0,3,4,10,17,0,0,0,17
01/09/2016,ISO,NC,ASO,EN,Federal Contract Tower,0,1,4,0,5,0,0,0,0,0,0,1,4,0,5,0,0,0,5
01/10/2016,ISO,NC,ASO,EN,Federal Contract Tower,1,2,1,0,4,0,0,0,0,0,1,2,1,0,4,0,0,0,4
01/11/2016,ISO,NC,ASO,EN,Federal Contract Tower,0,1,9,18,28,0,2,13,4,19,0,3,22,22,47,8,26,34,81
01/12/2016,ISO,NC,ASO,EN,Federal Contract Tower,0,1,9,32,42,0,1,4,10,15,0,2,13,42,57,4,26,30,87
01/13/2016,ISO,NC,ASO,EN,Federal Contract Tower,0,2,10,29,41,0,3,19,2,24,0,5,29,31,65,56,22,78,143
01/14/2016,ISO,NC,ASO,EN,Federal Contract Tower,0,0,3,6,9,0,2,8,6,16,0,2,11,12,25,10,48,58,83
01/15/2016,ISO,NC,ASO,EN,Federal Contract Tower,0,0,10,4,14,0,2,1,1,4,0,2,11,5,18,0,12,12,30
01/16/2016,ISO,NC,ASO,EN,Federal Contract Tower,0,0,7,0,7,0,2,20,0,22,0,2,27,0,29,4,0,4,33
01/17/2016,ISO,NC,ASO,EN,Federal Contract Tower,0,0,0,0,0,0,0,0,0,0,0,0,0,0,0,0,0,0,0
01/18/2016,ISO,NC,ASO,EN,Federal Contract Tower,0,0,3,0,3,0,0,9,0,9,0,0,12,0,12,10,0,10,22
01/19/2016,ISO,NC,ASO,EN,Federal Contract Tower,0,0,5,9,14,0,0,12,3,15,0,0,17,12,29,22,6,28,57
01/20/2016,ISO,NC,ASO,EN,Federal Contract Tower,0,0,7,25,32,0,1,1,1,3,0,1,8,26,35,0,28,28,63
01/21/2016,ISO,NC,ASO,EN,Federal Contract Tower,0,0,6,18,24,0,7,7,4,18,0,7,13,22,42,4,46,50,92
01/22/2016,ISO,NC,ASO,EN,Federal Contract Tower,0,0,2,0,2,0,0,0,0,0,0,0,2,0,2,0,0,0,2
01/23/2016,ISO,NC,ASO,EN,Federal Contract Tower,0,0,0,0,0,0,0,1,0,1,0,0,1,0,1,0,0,0,1
01/24/2016,ISO,NC,ASO,EN,Federal Contract Tower,0,0,5,0,5,0,0,10,0,10,0,0,15,0,15,0,0,0,15
01/25/2016,ISO,NC,ASO,EN,Federal Contract Tower,0,1,1,13,15,0,0,1,6,7,0,1,2,19,22,0,30,30,52
01/26/2016,ISO,NC,ASO,EN,Federal Contract Tower,0,0,1,19,20,0,7,6,0,13,0,7,7,19,33,14,50,64,97
01/27/2016,ISO,NC,ASO,EN,Federal Contract Tower,0,1,2,15,18,0,0,2,1,3,0,1,4,16,21,0,24,24,45
01/28/2016,ISO,NC,ASO,EN,Federal Contract Tower,0,0,0,8,8,0,0,0,0,0,0,0,0,8,8,12,16,28,36
01/29/2016,ISO,NC,ASO,EN,Federal Contract Tower,0,2,3,11,16,0,3,2,4,9,0,5,5,15,25,0,68,68,93
01/30/2016,ISO,NC,ASO,EN,Federal Contract Tower,0,0,8,0,8,0,0,15,0,15,0,0,23,0,23,36,0,36,59
01/31/2016,ISO,NC,ASO,EN,Federal Contract Tower,0,0,3,0,3,0,0,18,0,18,0,0,21,0,21,40,0,40,61
02/01/2016,ISO,NC,ASO,EN,Federal Contract Tower,0,0,5,4,9,0,9,20,2,31,0,9,25,6,40,0,16,16,56
02/02/2016,ISO,NC,ASO,EN,Federal Contract Tower,0,2,4,12,18,0,6,8,4,18,0,8,12,16,36,0,36,36,72
02/04/2016,ISO,NC,ASO,EN,Federal Contract Tower,0,5,5,0,10,0,0,0,0,0,0,5,5,0,10,0,0,0,10
02/05/2016,ISO,NC,ASO,EN,Federal Contract Tower,0,1,2,10,13,0,0,3,2,5,0,1,5,12,18,4,42,46,64
02/06/2016,ISO,NC,ASO,EN,Federal Contract Tower,0,0,3,0,3,0,0,19,0,19,0,0,22,0,22,12,0,12,34
02/07/2016,ISO,NC,ASO,EN,Federal Contract Tower,0,2,0,0,2,0,0,0,0,0,0,2,0,0,2,0,0,0,2
02/08/2016,ISO,NC,ASO,EN,Federal Contract Tower,0,4,8,8,20,0,5,12,2,19,0,9,20,10,39,14,28,42,81
02/09/2016,ISO,NC,ASO,EN,Federal Contract Tower,0,1,10,6,17,0,2,15,0,17,0,3,25,6,34,2,24,26,60
02/10/2016,ISO,NC,ASO,EN,Federal Contract Tower,0,0,12,24,36,0,3,2,0,5,0,3,14,24,41,0,12,12,53
02/11/2016,ISO,NC,ASO,EN,Federal Contract Tower,0,1,13,17,31,0,2,3,0,5,0,3,16,17,36,0,34,34,70
02/12/2016,ISO,NC,ASO,EN,Federal Contract Tower,0,0,2,2,4,0,0,0,0,0,0,0,2,2,4,0,8,8,12
02/13/2016,ISO,NC,ASO,EN,Federal Contract Tower,0,0,7,0,7,0,0,2,0,2,0,0,9,0,9,0,0,0,9
02/14/2016,ISO,NC,ASO,EN,Federal Contract Tower,0,0,3,0,3,0,0,14,0,14,0,0,17,0,17,12,0,12,29
02/15/2016,ISO,NC,ASO,EN,Federal Contract Tower,0,0,5,0,5,0,0,0,0,0,0,0,5,0,5,0,0,0,5
02/16/2016,ISO,NC,ASO,EN,Federal Contract Tower,0,0,7,4,11,0,0,2,3,5,0,0,9,7,16,0,24,24,40
02/17/2016,ISO,NC,ASO,EN,Federal Contract Tower,0,0,4,21,25,0,8,10,5,23,0,8,14,26,48,30,44,74,122
02/18/2016,ISO,NC,ASO,EN,Federal Contract Tower,0,2,7,14,23,0,7,5,1,13,0,9,12,15,36,0,20,20,56
02/19/2016,ISO,NC,ASO,EN,Federal Contract Tower,0,1,11,10,22,0,2,10,2,14,0,3,21,12,36,12,28,40,76
02/20/2016,ISO,NC,ASO,EN,Federal Contract Tower,0,1,4,0,5,0,0,22,0,22,0,1,26,0,27,4,0,4,31
02/21/2016,ISO,NC,ASO,EN,Federal Contract Tower,0,4,8,4,16,0,0,8,2,10,0,4,16,6,26,0,10,10,36
02/22/2016,ISO,NC,ASO,EN,Federal Contract Tower,0,0,3,20,23,0,0,1,1,2,0,0,4,21,25,0,32,32,57
02/23/2016,ISO,NC,ASO,EN,Federal Contract Tower,0,0,4,2,6,0,0,0,0,0,0,0,4,2,6,0,0,0,6
02/24/2016,ISO,NC,ASO,EN,Federal Contract Tower,0,0,2,0,2,0,0,0,0,0,0,0,2,0,2,0,0,0,2
02/25/2016,ISO,NC,ASO,EN,Federal Contract Tower,0,1,7,16,24,0,0,3,2,5,0,1,10,18,29,0,24,24,53
02/26/2016,ISO,NC,ASO,EN,Federal Contract Tower,0,1,4,4,9,0,4,9,0,13,0,5,13,4,22,0,0,0,22
02/27/2016,ISO,NC,ASO,EN,Federal Contract Tower,0,0,4,0,4,0,0,9,0,9,0,0,13,0,13,10,0,10,23
02/28/2016,ISO,NC,ASO,EN,Federal Contract Tower,0,0,8,0,8,0,0,13,0,13,0,0,21,0,21,6,0,6,27
02/29/2016,ISO,NC,ASO,EN,Federal Contract Tower,0,2,4,24,30,0,15,7,0,22,0,17,11,24,52,0,20,20,72
03/01/2016,ISO,NC,ASO,EN,Federal Contract Tower,0,0,9,8,17,0,9,6,2,17,0,9,15,10,34,0,38,38,72
03/02/2016,ISO,NC,ASO,EN,Federal Contract Tower,0,0,6,9,15,0,7,3,0,10,0,7,9,9,25,4,16,20,45
03/03/2016,ISO,NC,ASO,EN,Federal Contract Tower,0,0,7,10,17,0,2,12,0,14,0,2,19,10,31,8,20,28,59
03/04/2016,ISO,NC,ASO,EN,Federal Contract Tower,0,3,4,12,19,0,0,1,0,1,0,3,5,12,20,0,0,0,20
03/05/2016,ISO,NC,ASO,EN,Federal Contract Tower,0,2,0,0,2,0,0,11,0,11,0,2,11,0,13,0,0,0,13
03/06/2016,ISO,NC,ASO,EN,Federal Contract Tower,0,4,6,0,10,0,0,6,0,6,0,4,12,0,16,0,0,0,16
03/07/2016,ISO,NC,ASO,EN,Federal Contract Tower,0,4,3,5,12,0,8,26,2,36,0,12,29,7,48,18,22,40,88
03/08/2016,ISO,NC,ASO,EN,Federal Contract Tower,0,1,7,8,16,0,12,6,6,24,0,13,13,14,40,6,60,66,106
03/09/2016,ISO,NC,ASO,EN,Federal Contract Tower,0,0,7,5,12,0,20,4,2,26,0,20,11,7,38,14,22,36,74
03/10/2016,ISO,NC,ASO,EN,Federal Contract Tower,0,2,11,14,27,0,17,5,4,26,0,19,16,18,53,10,38,48,101
03/11/2016,ISO,NC,ASO,EN,Federal Contract Tower,0,3,5,5,13,0,18,7,3,28,0,21,12,8,41,6,8,14,55
03/12/2016,ISO,NC,ASO,EN,Federal Contract Tower,0,2,11,2,15,0,11,16,0,27,0,13,27,2,42,0,16,16,58
03/13/2016,ISO,NC,ASO,EN,Federal Contract Tower,0,0,4,0,4,0,0,1,0,1,0,0,5,0,5,0,0,0,5
03/14/2016,ISO,NC,ASO,EN,Federal Contract Tower,0,2,7,10,19,0,14,4,0,18,0,16,11,10,37,0,0,0,37
03/15/2016,ISO,NC,ASO,EN,Federal Contract Tower,0,2,9,6,17,0,4,9,2,15,0,6,18,8,32,0,16,16,48
03/16/2016,ISO,NC,ASO,EN,Federal Contract Tower,0,1,3,2,6,0,16,13,3,32,0,17,16,5,38,8,20,28,66
03/17/2016,ISO,NC,ASO,EN,Federal Contract Tower,0,0,7,0,7,0,19,3,2,24,0,19,10,2,31,0,0,0,31
03/18/2016,ISO,NC,ASO,EN,Federal Contract Tower,0,0,11,5,16,0,20,20,2,42,0,20,31,7,58,10,30,40,98
03/19/2016,ISO,NC,ASO,EN,Federal Contract Tower,0,1,1,0,2,0,8,0,0,8,0,9,1,0,10,8,0,8,18
03/20/2016,ISO,NC,ASO,EN,Federal Contract Tower,0,2,3,0,5,0,0,0,0,0,0,2,3,0,5,0,0,0,5
03/21/2016,ISO,NC,ASO,EN,Federal Contract Tower,0,0,1,6,7,0,10,0,2,12,0,10,1,8,19,0,18,18,37
03/22/2016,ISO,NC,ASO,EN,Federal Contract Tower,0,0,0,0,0,0,10,12,0,22,0,10,12,0,22,22,0,22,44
03/23/2016,ISO,NC,ASO,EN,Federal Contract Tower,0,0,1,16,17,0,17,9,4,30,0,17,10,20,47,16,64,80,127
03/24/2016,ISO,NC,ASO,EN,Federal Contract Tower,0,1,7,9,17,0,17,11,3,31,0,18,18,12,48,8,34,42,90
03/25/2016,ISO,NC,ASO,EN,Federal Contract Tower,0,2,5,0,7,0,19,1,4,24,0,21,6,4,31,0,34,34,65
03/26/2016,ISO,NC,ASO,EN,Federal Contract Tower,0,0,0,0,0,0,0,3,0,3,0,0,3,0,3,0,0,0,3
03/27/2016,ISO,NC,ASO,EN,Federal Contract Tower,0,0,2,0,2,0,0,0,0,0,0,0,2,0,2,0,0,0,2
03/28/2016,ISO,NC,ASO,EN,Federal Contract Tower,0,0,2,16,18,0,5,1,0,6,0,5,3,16,24,14,12,26,50
03/29/2016,ISO,NC,ASO,EN,Federal Contract Tower,0,1,11,18,30,0,0,17,5,22,0,1,28,23,52,14,44,58,110
03/30/2016,ISO,NC,ASO,EN,Federal Contract Tower,0,1,13,21,35,0,14,18,2,34,0,15,31,23,69,12,54,66,135
03/31/2016,ISO,NC,ASO,EN,Federal Contract Tower,0,1,2,14,17,0,6,10,3,19,0,7,12,17,36,2,38,40,76
04/01/2016,ISO,NC,ASO,EN,Federal Contract Tower,0,1,6,0,7,0,0,1,0,1,0,1,7,0,8,0,0,0,8
04/02/2016,ISO,NC,ASO,EN,Federal Contract Tower,0,2,5,0,7,0,0,0,0,0,0,2,5,0,7,0,0,0,7
04/03/2016,ISO,NC,ASO,EN,Federal Contract Tower,0,1,6,0,7,0,0,11,0,11,0,1,17,0,18,16,0,16,34
04/04/2016,ISO,NC,ASO,EN,Federal Contract Tower,0,1,6,1,8,0,21,13,4,38,0,22,19,5,46,0,8,8,54
04/05/2016,ISO,NC,ASO,EN,Federal Contract Tower,1,0,8,1,10,0,2,5,2,9,1,2,13,3,19,22,6,28,47
04/06/2016,ISO,NC,ASO,EN,Federal Contract Tower,0,0,8,2,10,0,19,10,0,29,0,19,18,2,39,0,10,10,49
04/07/2016,ISO,NC,ASO,EN,Federal Contract Tower,2,2,10,4,18,0,0,5,0,5,2,2,15,4,23,6,30,36,59
04/08/2016,ISO,NC,ASO,EN,Federal Contract Tower,0,3,7,2,12,0,4,7,2,13,0,7,14,4,25,0,12,12,37
04/09/2016,ISO,NC,ASO,EN,Federal Contract Tower,0,1,2,0,3,0,15,0,0,15,0,16,2,0,18,0,0,0,18
04/10/2016,ISO,NC,ASO,EN,Federal Contract Tower,0,2,0,0,2,0,8,16,0,24,0,10,16,0,26,6,0,6,32
04/11/2016,ISO,NC,ASO,EN,Federal Contract Tower,0,0,10,21,31,0,19,2,9,30,0,19,12,30,61,8,52,60,121
04/12/2016,ISO,NC,ASO,EN,Federal Contract Tower,0,0,5,8,13,0,0,0,0,0,0,0,5,8,13,0,0,0,13
04/13/2016,ISO,NC,ASO,EN,Federal Contract Tower,0,0,9,8,17,0,4,9,4,17,0,4,18,12,34,0,0,0,34
04/14/2016,ISO,NC,ASO,EN,Federal Contract Tower,1,1,5,4,11,0,17,3,0,20,1,18,8,4,31,0,4,4,35
04/15/2016,ISO,NC,ASO,EN,Federal Contract Tower,0,0,3,0,3,0,7,7,2,16,0,7,10,2,19,8,48,56,75
04/16/2016,ISO,NC,ASO,EN,Federal Contract Tower,0,2,0,0,2,0,19,22,0,41,0,21,22,0,43,6,0,6,49
04/17/2016,ISO,NC,ASO,EN,Federal Contract Tower,0,0,9,0,9,0,20,8,0,28,0,20,17,0,37,4,0,4,41
04/18/2016,ISO,NC,ASO,EN,Federal Contract Tower,0,0,4,1,5,0,23,4,2,29,0,23,8,3,34,6,16,22,56
04/19/2016,ISO,NC,ASO,EN,Federal Contract Tower,0,0,21,5,26,0,20,23,6,49,0,20,44,11,75,12,36,48,123
04/20/2016,ISO,NC,ASO,EN,Federal Contract Tower,0,1,9,16,26,0,18,11,3,32,0,19,20,19,58,28,20,48,106
04/21/2016,ISO,NC,ASO,EN,Federal Contract Tower,2,1,13,8,24,0,22,4,3,29,2,23,17,11,53,4,0,4,57
04/22/2016,ISO,NC,ASO,EN,Federal Contract Tower,0,1,7,10,18,0,4,7,2,13,0,5,14,12,31,30,20,50,81
04/23/2016,ISO,NC,ASO,EN,Federal Contract Tower,1,1,3,0,5,0,5,4,0,9,1,6,7,0,14,0,0,0,14
04/24/2016,ISO,NC,ASO,EN,Federal Contract Tower,1,2,27,0,30,0,15,30,0,45,1,17,57,0,75,12,0,12,87
04/25/2016,ISO,NC,ASO,EN,Federal Contract Tower,0,2,10,2,14,0,10,12,2,24,0,12,22,4,38,12,8,20,58
04/26/2016,ISO,NC,ASO,EN,Federal Contract Tower,0,1,4,23,28,0,9,11,13,33,0,10,15,36,61,14,34,48,109
04/27/2016,ISO,NC,ASO,EN,Federal Contract Tower,0,0,14,18,32,0,8,12,2,22,0,8,26,20,54,12,26,38,92
04/28/2016,ISO,NC,ASO,EN,Federal Contract Tower,0,0,3,6,9,0,1,2,1,4,0,1,5,7,13,0,26,26,39
04/29/2016,ISO,NC,ASO,EN,Federal Contract Tower,0,0,10,6,16,0,4,6,0,10,0,4,16,6,26,0,0,0,26
04/30/2016,ISO,NC,ASO,EN,Federal Contract Tower,0,3,10,0,13,0,7,4,0,11,0,10,14,0,24,18,0,18,42
05/01/2016,ISO,NC,ASO,EN,Federal Contract Tower,1,0,3,0,4,0,0,0,0,0,1,0,3,0,4,0,0,0,4
05/03/2016,ISO,NC,ASO,EN,Federal Contract Tower,2,3,12,8,25,0,2,0,0,2,2,5,12,8,27,0,2,2,29
05/04/2016,ISO,NC,ASO,EN,Federal Contract Tower,0,1,11,24,36,0,2,4,4,10,0,3,15,28,46,16,10,26,72
05/05/2016,ISO,NC,ASO,EN,Federal Contract Tower,0,1,5,0,6,0,0,0,0,0,0,1,5,0,6,0,0,0,6
05/06/2016,ISO,NC,ASO,EN,Federal Contract Tower,0,1,10,0,11,0,0,4,0,4,0,1,14,0,15,12,0,12,27
05/07/2016,ISO,NC,ASO,EN,Federal Contract Tower,0,1,8,0,9,0,0,9,0,9,0,1,17,0,18,8,0,8,26
05/08/2016,ISO,NC,ASO,EN,Federal Contract Tower,1,2,0,0,3,0,2,2,0,4,1,4,2,0,7,0,0,0,7
05/09/2016,ISO,NC,ASO,EN,Federal Contract Tower,0,0,11,10,21,0,3,1,2,6,0,3,12,12,27,0,40,40,67
05/10/2016,ISO,NC,ASO,EN,Federal Contract Tower,0,1,9,8,18,0,5,13,0,18,0,6,22,8,36,20,10,30,66
05/11/2016,ISO,NC,ASO,EN,Federal Contract Tower,0,2,2,0,4,0,2,3,0,5,0,4,5,0,9,0,0,0,9
05/12/2016,ISO,NC,ASO,EN,Federal Contract Tower,0,0,5,4,9,0,3,2,0,5,0,3,7,4,14,6,0,6,20
05/13/2016,ISO,NC,ASO,EN,Federal Contract Tower,0,2,9,5,16,0,2,1,3,6,0,4,10,8,22,0,12,12,34
05/14/2016,ISO,NC,ASO,EN,Federal Contract Tower,0,2,7,0,9,0,10,5,0,15,0,12,12,0,24,4,0,4,28
05/15/2016,ISO,NC,ASO,EN,Federal Contract Tower,1,4,0,0,5,0,0,14,0,14,1,4,14,0,19,0,0,0,19
05/16/2016,ISO,NC,ASO,EN,Federal Contract Tower,1,1,1,14,17,0,5,7,0,12,1,6,8,14,29,0,20,20,49
05/17/2016,ISO,NC,ASO,EN,Federal Contract Tower,0,1,6,16,23,0,2,4,4,10,0,3,10,20,33,20,46,66,99
05/18/2016,ISO,NC,ASO,EN,Federal Contract Tower,0,1,3,28,32,0,0,0,0,0,0,1,3,28,32,0,0,0,32
05/19/2016,ISO,NC,ASO,EN,Federal Contract Tower,1,0,11,19,31,0,2,9,4,15,1,2,20,23,46,18,64,82,128
05/20/2016,ISO,NC,ASO,EN,Federal Contract Tower,0,1,10,4,15,0,10,5,2,17,0,11,15,6,32,2,14,16,48
05/21/2016,ISO,NC,ASO,EN,Federal Contract Tower,0,2,6,6,14,0,0,4,2,6,0,2,10,8,20,0,20,20,40
05/22/2016,ISO,NC,ASO,EN,Federal Contract Tower,0,2,8,0,10,0,0,2,0,2,0,2,10,0,12,0,0,0,12
05/23/2016,ISO,NC,ASO,EN,Federal Contract Tower,0,1,5,2,8,0,5,4,2,11,0,6,9,4,19,0,0,0,19
05/24/2016,ISO,NC,ASO,EN,Federal Contract Tower,0,5,8,14,27,0,3,19,6,28,0,8,27,20,55,64,66,130,185
05/25/2016,ISO,NC,ASO,EN,Federal Contract Tower,1,0,3,17,21,0,9,8,6,23,1,9,11,23,44,2,30,32,76
05/26/2016,ISO,NC,ASO,EN,Federal Contract Tower,1,0,6,23,30,0,11,8,0,19,1,11,14,23,49,16,64,80,129
05/27/2016,ISO,NC,ASO,EN,Federal Contract Tower,0,0,10,0,10,0,5,18,0,23,0,5,28,0,33,2,0,2,35
05/28/2016,ISO,NC,ASO,EN,Federal Contract Tower,0,2,13,0,15,0,0,9,0,9,0,2,22,0,24,0,0,0,24
05/29/2016,ISO,NC,ASO,EN,Federal Contract Tower,0,0,0,0,0,0,0,0,0,0,0,0,0,0,0,0,0,0,0
05/30/2016,ISO,NC,ASO,EN,Federal Contract Tower,0,0,0,0,0,0,0,0,0,0,0,0,0,0,0,0,0,0,0
05/31/2016,ISO,NC,ASO,EN,Federal Contract Tower,0,2,10,3,15,0,0,4,1,5,0,2,14,4,20,0,36,36,56
06/01/2016,ISO,NC,ASO,EN,Federal Contract Tower,1,0,2,0,3,0,0,2,0,2,1,0,4,0,5,0,0,0,5
06/02/2016,ISO,NC,ASO,EN,Federal Contract Tower,1,0,9,9,19,0,4,0,2,6,1,4,9,11,25,0,46,46,71
06/03/2016,ISO,NC,ASO,EN,Federal Contract Tower,0,3,2,18,23,0,3,2,5,10,0,6,4,23,33,2,32,34,67
06/04/2016,ISO,NC,ASO,EN,Federal Contract Tower,0,0,7,2,9,0,0,8,0,8,0,0,15,2,17,12,12,24,41
06/05/2016,ISO,NC,ASO,EN,Federal Contract Tower,1,2,2,0,5,0,0,0,0,0,1,2,2,0,5,0,0,0,5
06/06/2016,ISO,NC,ASO,EN,Federal Contract Tower,1,2,3,6,12,0,0,0,4,4,1,2,3,10,16,0,34,34,50
06/07/2016,ISO,NC,ASO,EN,Federal Contract Tower,0,2,13,3,18,0,0,5,3,8,0,2,18,6,26,20,12,32,58
06/08/2016,ISO,NC,ASO,EN,Federal Contract Tower,1,4,3,16,24,0,8,3,5,16,1,12,6,21,40,34,52,86,126
06/09/2016,ISO,NC,ASO,EN,Federal Contract Tower,1,2,16,20,39,0,6,20,4,30,1,8,36,24,69,10,18,28,97
06/10/2016,ISO,NC,ASO,EN,Federal Contract Tower,0,1,1,11,13,0,15,14,4,33,0,16,15,15,46,4,32,36,82
06/11/2016,ISO,NC,ASO,EN,Federal Contract Tower,0,0,2,0,2,0,2,7,0,9,0,2,9,0,11,6,0,6,17
06/12/2016,ISO,NC,ASO,EN,Federal Contract Tower,0,0,4,0,4,0,0,11,0,11,0,0,15,0,15,10,0,10,25
06/13/2016,ISO,NC,ASO,EN,Federal Contract Tower,1,2,14,20,37,0,33,10,0,43,1,35,24,20,80,10,0,10,90
06/14/2016,ISO,NC,ASO,EN,Federal Contract Tower,1,1,4,16,22,0,0,11,7,18,1,1,15,23,40,12,78,90,130
06/15/2016,ISO,NC,ASO,EN,Federal Contract Tower,1,0,4,14,19,0,0,5,0,5,1,0,9,14,24,0,6,6,30
06/16/2016,ISO,NC,ASO,EN,Federal Contract Tower,1,5,9,7,22,0,5,2,1,8,1,10,11,8,30,38,40,78,108
06/17/2016,ISO,NC,ASO,EN,Federal Contract Tower,0,0,11,7,18,0,5,0,3,8,0,5,11,10,26,32,20,52,78
06/18/2016,ISO,NC,ASO,EN,Federal Contract Tower,0,0,1,0,1,0,1,5,0,6,0,1,6,0,7,4,0,4,11
06/19/2016,ISO,NC,ASO,EN,Federal Contract Tower,0,0,2,0,2,0,0,14,0,14,0,0,16,0,16,22,0,22,38
06/20/2016,ISO,NC,ASO,EN,Federal Contract Tower,1,0,6,4,11,0,20,5,0,25,1,20,11,4,36,6,8,14,50
06/21/2016,ISO,NC,ASO,EN,Federal Contract Tower,1,0,12,16,29,0,8,3,5,16,1,8,15,21,45,12,70,82,127
06/22/2016,ISO,NC,ASO,EN,Federal Contract Tower,1,2,4,12,19,0,2,9,0,11,1,4,13,12,30,8,14,22,52
06/23/2016,ISO,NC,ASO,EN,Federal Contract Tower,0,2,3,3,8,0,0,7,3,10,0,2,10,6,18,6,54,60,78
06/24/2016,ISO,NC,ASO,EN,Federal Contract Tower,0,0,6,4,10,0,0,11,0,11,0,0,17,4,21,0,24,24,45
06/25/2016,ISO,NC,ASO,EN,Federal Contract Tower,0,0,5,0,5,0,0,13,0,13,0,0,18,0,18,0,0,0,18
06/26/2016,ISO,NC,ASO,EN,Federal Contract Tower,0,1,4,0,5,0,0,13,0,13,0,1,17,0,18,4,0,4,22
06/27/2016,ISO,NC,ASO,EN,Federal Contract Tower,1,4,4,5,14,0,4,12,3,19,1,8,16,8,33,0,14,14,47
06/28/2016,ISO,NC,ASO,EN,Federal Contract Tower,0,0,7,3,10,0,0,4,5,9,0,0,11,8,19,16,30,46,65
06/29/2016,ISO,NC,ASO,EN,Federal Contract Tower,0,0,3,5,8,0,16,8,13,37,0,16,11,18,45,0,22,22,67
06/30/2016,ISO,NC,ASO,EN,Federal Contract Tower,0,1,13,12,26,0,5,2,0,7,0,6,15,12,33,0,18,18,51
07/01/2016,ISO,NC,ASO,EN,Federal Contract Tower,0,3,5,6,14,0,2,3,2,7,0,5,8,8,21,4,16,20,41
07/02/2016,ISO,NC,ASO,EN,Federal Contract Tower,0,0,5,0,5,0,0,5,0,5,0,0,10,0,10,14,0,14,24
07/03/2016,ISO,NC,ASO,EN,Federal Contract Tower,0,2,2,0,4,0,0,4,0,4,0,2,6,0,8,0,0,0,8
07/04/2016,ISO,NC,ASO,EN,Federal Contract Tower,0,0,2,0,2,0,0,0,0,0,0,0,2,0,2,0,0,0,2
07/05/2016,ISO,NC,ASO,EN,Federal Contract Tower,1,0,3,2,6,0,0,6,2,8,1,0,9,4,14,0,4,4,18
07/06/2016,ISO,NC,ASO,EN,Federal Contract Tower,1,3,2,20,26,0,2,9,2,13,1,5,11,22,39,0,58,58,97
07/07/2016,ISO,NC,ASO,EN,Federal Contract Tower,0,0,6,16,22,0,1,6,2,9,0,1,12,18,31,12,38,50,81
07/08/2016,ISO,NC,ASO,EN,Federal Contract Tower,0,1,6,20,27,0,7,5,6,18,0,8,11,26,45,18,48,66,111
07/09/2016,ISO,NC,ASO,EN,Federal Contract Tower,0,2,6,0,8,0,0,13,0,13,0,2,19,0,21,8,0,8,29
07/10/2016,ISO,NC,ASO,EN,Federal Contract Tower,0,2,5,0,7,0,0,4,0,4,0,2,9,0,11,4,0,4,15
07/11/2016,ISO,NC,ASO,EN,Federal Contract Tower,1,1,4,20,26,0,2,8,5,15,1,3,12,25,41,8,46,54,95
07/12/2016,ISO,NC,ASO,EN,Federal Contract Tower,0,0,7,1,8,0,0,4,1,5,0,0,11,2,13,0,6,6,19
07/13/2016,ISO,NC,ASO,EN,Federal Contract Tower,0,2,8,5,15,0,5,6,1,12,0,7,14,6,27,0,12,12,39
07/14/2016,ISO,NC,ASO,EN,Federal Contract Tower,0,1,6,3,10,0,8,10,1,19,0,9,16,4,29,46,26,72,101
07/15/2016,ISO,NC,ASO,EN,Federal Contract Tower,0,1,15,17,33,0,10,4,6,20,0,11,19,23,53,0,52,52,105
07/16/2016,ISO,NC,ASO,EN,Federal Contract Tower,0,0,10,0,10,0,0,4,0,4,0,0,14,0,14,0,0,0,14
07/17/2016,ISO,NC,ASO,EN,Federal Contract Tower,0,1,5,0,6,0,0,7,0,7,0,1,12,0,13,0,0,0,13
07/18/2016,ISO,NC,ASO,EN,Federal Contract Tower,1,0,10,31,42,0,0,11,9,20,1,0,21,40,62,42,30,72,134
07/19/2016,ISO,NC,ASO,EN,Federal Contract Tower,0,0,8,18,26,0,14,1,9,24,0,14,9,27,50,4,28,32,82
07/20/2016,ISO,NC,ASO,EN,Federal Contract Tower,0,0,5,31,36,0,16,2,1,19,0,16,7,32,55,0,40,40,95
07/21/2016,ISO,NC,ASO,EN,Federal Contract Tower,1,0,9,21,31,0,14,12,3,29,1,14,21,24,60,16,8,24,84
07/22/2016,ISO,NC,ASO,EN,Federal Contract Tower,0,3,10,11,24,0,9,9,5,23,0,12,19,16,47,12,46,58,105
07/23/2016,ISO,NC,ASO,EN,Federal Contract Tower,0,0,9,2,11,0,0,6,0,6,0,0,15,2,17,4,0,4,21
07/24/2016,ISO,NC,ASO,EN,Federal Contract Tower,0,2,5,0,7,0,0,1,0,1,0,2,6,0,8,0,0,0,8
07/25/2016,ISO,NC,ASO,EN,Federal Contract Tower,0,1,13,21,35,0,0,9,8,17,0,1,22,29,52,28,142,170,222
07/26/2016,ISO,NC,ASO,EN,Federal Contract Tower,1,1,3,9,14,0,7,7,5,19,1,8,10,14,33,8,36,44,77
07/27/2016,ISO,NC,ASO,EN,Federal Contract Tower,0,1,5,26,32,0,12,9,4,25,0,13,14,30,57,26,20,46,103
07/28/2016,ISO,NC,ASO,EN,Federal Contract Tower,0,0,6,44,50,0,11,4,2,17,0,11,10,46,67,0,48,48,115
07/29/2016,ISO,NC,ASO,EN,Federal Contract Tower,0,2,8,7,17,0,2,16,3,21,0,4,24,10,38,4,32,36,74
07/30/2016,ISO,NC,ASO,EN,Federal Contract Tower,0,0,0,0,0,0,0,12,0,12,0,0,12,0,12,10,0,10,22
07/31/2016,ISO,NC,ASO,EN,Federal Contract Tower,0,0,4,0,4,0,4,5,13,22,0,4,9,13,26,0,0,0,26
08/01/2016,ISO,NC,ASO,EN,Federal Contract Tower,0,1,4,6,11,0,1,0,2,3,0,2,4,8,14,4,22,26,40
08/02/2016,ISO,NC,ASO,EN,Federal Contract Tower,0,2,6,5,13,0,3,1,3,7,0,5,7,8,20,0,68,68,88
08/03/2016,ISO,NC,ASO,EN,Federal Contract Tower,0,2,1,4,7,0,8,0,4,12,0,10,1,8,19,0,24,24,43
08/04/2016,ISO,NC,ASO,EN,Federal Contract Tower,0,0,7,10,17,0,12,6,2,20,0,12,13,12,37,10,32,42,79
08/05/2016,ISO,NC,ASO,EN,Federal Contract Tower,2,2,5,7,16,0,5,5,1,11,2,7,10,8,27,18,0,18,45
08/06/2016,ISO,NC,ASO,EN,Federal Contract Tower,0,2,1,0,3,0,0,4,0,4,0,2,5,0,7,0,0,0,7
08/07/2016,ISO,NC,ASO,EN,Federal Contract Tower,2,0,1,0,3,0,0,0,0,0,2,0,1,0,3,0,0,0,3
08/08/2016,ISO,NC,ASO,EN,Federal Contract Tower,1,0,8,5,14,0,0,2,3,5,1,0,10,8,19,0,4,4,23
08/09/2016,ISO,NC,ASO,EN,Federal Contract Tower,0,0,14,11,25,0,0,6,6,12,0,0,20,17,37,4,58,62,99
08/10/2016,ISO,NC,ASO,EN,Federal Contract Tower,0,1,3,4,8,0,1,9,2,12,0,2,12,6,20,14,46,60,80
08/11/2016,ISO,NC,ASO,EN,Federal Contract Tower,0,0,7,11,18,0,0,5,4,9,0,0,12,15,27,0,52,52,79
08/12/2016,ISO,NC,ASO,EN,Federal Contract Tower,0,0,2,6,8,0,0,3,2,5,0,0,5,8,13,6,48,54,67
08/13/2016,ISO,NC,ASO,EN,Federal Contract Tower,0,0,2,0,2,0,0,10,2,12,0,0,12,2,14,0,6,6,20
08/14/2016,ISO,NC,ASO,EN,Federal Contract Tower,0,0,3,0,3,0,0,5,0,5,0,0,8,0,8,0,0,0,8
08/15/2016,ISO,NC,ASO,EN,Federal Contract Tower,1,0,1,3,5,0,6,3,1,10,1,6,4,4,15,0,6,6,21
08/16/2016,ISO,NC,ASO,EN,Federal Contract Tower,1,0,4,0,5,0,4,9,2,15,1,4,13,2,20,24,8,32,52
08/17/2016,ISO,NC,ASO,EN,Federal Contract Tower,0,3,7,5,15,0,4,6,1,11,0,7,13,6,26,12,16,28,54
08/18/2016,ISO,NC,ASO,EN,Federal Contract Tower,0,2,11,0,13,0,0,3,0,3,0,2,14,0,16,18,0,18,34
08/19/2016,ISO,NC,ASO,EN,Federal Contract Tower,0,0,2,10,12,0,0,4,2,6,0,0,6,12,18,0,32,32,50
08/20/2016,ISO,NC,ASO,EN,Federal Contract Tower,0,0,3,0,3,0,0,6,0,6,0,0,9,0,9,0,0,0,9
08/21/2016,ISO,NC,ASO,EN,Federal Contract Tower,0,2,8,0,10,0,0,5,0,5,0,2,13,0,15,0,0,0,15
08/22/2016,ISO,NC,ASO,EN,Federal Contract Tower,0,0,3,11,14,0,8,4,3,15,0,8,7,14,29,4,14,18,47
08/23/2016,ISO,NC,ASO,EN,Federal Contract Tower,0,1,3,2,6,0,7,14,0,21,0,8,17,2,27,0,0,0,27
08/24/2016,ISO,NC,ASO,EN,Federal Contract Tower,0,0,13,22,35,0,2,12,0,14,0,2,25,22,49,2,12,14,63
08/25/2016,ISO,NC,ASO,EN,Federal Contract Tower,0,2,16,4,22,0,2,13,0,15,0,4,29,4,37,12,10,22,59
08/26/2016,ISO,NC,ASO,EN,Federal Contract Tower,0,7,5,2,14,0,4,9,2,15,0,11,14,4,29,4,14,18,47
08/27/2016,ISO,NC,ASO,EN,Federal Contract Tower,0,2,3,0,5,0,0,25,0,25,0,2,28,0,30,10,0,10,40
08/28/2016,ISO,NC,ASO,EN,Federal Contract Tower,0,3,6,2,11,0,0,4,0,4,0,3,10,2,15,0,0,0,15
08/29/2016,ISO,NC,ASO,EN,Federal Contract Tower,0,1,6,2,9,0,2,0,2,4,0,3,6,4,13,0,14,14,27
08/30/2016,ISO,NC,ASO,EN,Federal Contract Tower,0,1,9,13,23,0,2,11,5,18,0,3,20,18,41,0,28,28,69
08/31/2016,ISO,NC,ASO,EN,Federal Contract Tower,1,0,17,10,28,0,0,1,1,2,1,0,18,11,30,0,22,22,52
09/01/2016,ISO,NC,ASO,EN,Federal Contract Tower,1,0,16,12,29,0,0,8,2,10,1,0,24,14,39,16,30,46,85
09/02/2016,ISO,NC,ASO,EN,Federal Contract Tower,2,0,4,0,6,0,0,0,0,0,2,0,4,0,6,0,0,0,6
09/03/2016,ISO,NC,ASO,EN,Federal Contract Tower,0,0,3,0,3,0,0,0,0,0,0,0,3,0,3,0,0,0,3
09/04/2016,ISO,NC,ASO,EN,Federal Contract Tower,2,0,1,0,3,0,0,9,0,9,2,0,10,0,12,12,0,12,24
09/05/2016,ISO,NC,ASO,EN,Federal Contract Tower,0,0,2,0,2,0,0,19,0,19,0,0,21,0,21,12,0,12,33
09/06/2016,ISO,NC,ASO,EN,Federal Contract Tower,2,2,10,12,26,0,2,10,8,20,2,4,20,20,46,6,38,44,90
09/07/2016,ISO,NC,ASO,EN,Federal Contract Tower,0,0,10,11,21,0,2,12,1,15,0,2,22,12,36,12,24,36,72
09/08/2016,ISO,NC,ASO,EN,Federal Contract Tower,0,0,7,12,19,0,2,9,0,11,0,2,16,12,30,20,24,44,74
09/09/2016,ISO,NC,ASO,EN,Federal Contract Tower,0,0,6,25,31,0,1,8,3,12,0,1,14,28,43,24,100,124,167
09/10/2016,ISO,NC,ASO,EN,Federal Contract Tower,0,0,4,0,4,0,2,9,0,11,0,2,13,0,15,6,0,6,21
09/11/2016,ISO,NC,ASO,EN,Federal Contract Tower,0,0,3,4,7,0,0,3,0,3,0,0,6,4,10,0,6,6,16
09/12/2016,ISO,NC,ASO,EN,Federal Contract Tower,0,1,5,18,24,0,0,0,2,2,0,1,5,20,26,0,46,46,72
09/13/2016,ISO,NC,ASO,EN,Federal Contract Tower,2,0,6,16,24,0,2,8,2,12,2,2,14,18,36,30,96,126,162
09/14/2016,ISO,NC,ASO,EN,Federal Contract Tower,0,2,10,20,32,0,0,4,1,5,0,2,14,21,37,18,26,44,81
09/15/2016,ISO,NC,ASO,EN,Federal Contract Tower,2,0,12,30,44,0,1,5,4,10,2,1,17,34,54,6,80,86,140
09/16/2016,ISO,NC,ASO,EN,Federal Contract Tower,0,1,17,30,48,0,2,1,0,3,0,3,18,30,51,2,12,14,65
09/17/2016,ISO,NC,ASO,EN,Federal Contract Tower,0,0,4,2,6,0,0,8,0,8,0,0,12,2,14,8,6,14,28
09/18/2016,ISO,NC,ASO,EN,Federal Contract Tower,3,0,8,8,19,0,0,2,0,2,3,0,10,8,21,0,32,32,53
09/19/2016,ISO,NC,ASO,EN,Federal Contract Tower,0,0,6,2,8,0,0,2,2,4,0,0,8,4,12,0,14,14,26
09/20/2016,ISO,NC,ASO,EN,Federal Contract Tower,0,1,5,0,6,0,2,0,0,2,0,3,5,0,8,0,0,0,8
09/21/2016,ISO,NC,ASO,EN,Federal Contract Tower,0,0,6,2,8,0,0,0,0,0,0,0,6,2,8,0,14,14,22
09/22/2016,ISO,NC,ASO,EN,Federal Contract Tower,0,2,2,4,8,0,0,0,0,0,0,2,2,4,8,0,0,0,8
09/23/2016,ISO,NC,ASO,EN,Federal Contract Tower,0,2,26,13,41,0,4,5,1,10,0,6,31,14,51,28,36,64,115
09/24/2016,ISO,NC,ASO,EN,Federal Contract Tower,0,0,9,0,9,0,6,11,0,17,0,6,20,0,26,10,18,28,54
09/25/2016,ISO,NC,ASO,EN,Federal Contract Tower,0,2,3,0,5,0,0,0,0,0,0,2,3,0,5,0,0,0,5
09/26/2016,ISO,NC,ASO,EN,Federal Contract Tower,0,0,12,6,18,0,3,4,6,13,0,3,16,12,31,4,48,52,83
09/27/2016,ISO,NC,ASO,EN,Federal Contract Tower,0,0,2,4,6,0,4,4,0,8,0,4,6,4,14,8,26,34,48
09/28/2016,ISO,NC,ASO,EN,Federal Contract Tower,0,0,18,2,20,0,4,13,0,17,0,4,31,2,37,0,0,0,37
09/29/2016,ISO,NC,ASO,EN,Federal Contract Tower,1,0,10,6,17,0,0,2,0,2,1,0,12,6,19,0,2,2,21
09/30/2016,ISO,NC,ASO,EN,Federal Contract Tower,0,0,7,0,7,0,2,0,0,2,0,2,7,0,9,0,0,0,9
10/01/2016,ISO,NC,ASO,EN,Federal Contract Tower,0,0,0,2,2,0,1,6,0,7,0,1,6,2,9,2,0,2,11
10/02/2016,ISO,NC,ASO,EN,Federal Contract Tower,0,0,0,0,0,0,0,10,0,10,0,0,10,0,10,4,0,4,14
10/03/2016,ISO,NC,ASO,EN,Federal Contract Tower,1,3,8,6,18,0,6,4,0,10,1,9,12,6,28,12,0,12,40
10/04/2016,ISO,NC,ASO,EN,Federal Contract Tower,0,1,8,12,21,0,6,14,5,25,0,7,22,17,46,46,32,78,124
10/05/2016,ISO,NC,ASO,EN,Federal Contract Tower,0,0,4,8,12,0,0,2,2,4,0,0,6,10,16,0,24,24,40
10/06/2016,ISO,NC,ASO,EN,Federal Contract Tower,0,2,3,0,5,0,0,0,0,0,0,2,3,0,5,0,0,0,5
10/07/2016,ISO,NC,ASO,EN,Federal Contract Tower,0,1,11,0,12,0,0,0,0,0,0,1,11,0,12,0,0,0,12
10/08/2016,ISO,NC,ASO,EN,Federal Contract Tower,0,0,0,0,0,0,0,0,0,0,0,0,0,0,0,0,0,0,0
10/09/2016,ISO,NC,ASO,EN,Federal Contract Tower,0,2,1,0,3,0,0,15,0,15,0,2,16,0,18,0,0,0,18
10/10/2016,ISO,NC,ASO,EN,Federal Contract Tower,0,1,10,0,11,0,4,19,3,26,0,5,29,3,37,6,0,6,43
10/11/2016,ISO,NC,ASO,EN,Federal Contract Tower,0,0,3,2,5,0,8,36,6,50,0,8,39,8,55,16,22,38,93
10/12/2016,ISO,NC,ASO,EN,Federal Contract Tower,2,0,12,4,18,0,3,33,13,49,2,3,45,17,67,4,22,26,93
10/13/2016,ISO,NC,ASO,EN,Federal Contract Tower,0,3,14,5,22,0,15,64,16,95,0,18,78,21,117,2,34,36,153
10/14/2016,ISO,NC,ASO,EN,Federal Contract Tower,0,4,13,8,25,0,6,67,0,73,0,10,80,8,98,10,30,40,138
10/15/2016,ISO,NC,ASO,EN,Federal Contract Tower,0,0,11,1,12,0,19,42,1,62,0,19,53,2,74,10,18,28,102
10/16/2016,ISO,NC,ASO,EN,Federal Contract Tower,0,0,8,0,8,0,2,34,0,36,0,2,42,0,44,2,0,2,46
10/17/2016,ISO,NC,ASO,EN,Federal Contract Tower,1,5,10,20,36,0,2,19,9,30,1,7,29,29,66,2,50,52,118
10/18/2016,ISO,NC,ASO,EN,Federal Contract Tower,1,1,9,8,19,0,2,10,6,18,1,3,19,14,37,22,20,42,79
10/19/2016,ISO,NC,ASO,EN,Federal Contract Tower,0,1,5,9,15,0,2,9,9,20,0,3,14,18,35,0,54,54,89
10/20/2016,ISO,NC,ASO,EN,Federal Contract Tower,0,8,8,4,20,0,7,17,0,24,0,15,25,4,44,34,36,70,114
10/21/2016,ISO,NC,ASO,EN,Federal Contract Tower,2,2,3,3,10,0,0,4,3,7,2,2,7,6,17,0,14,14,31
10/22/2016,ISO,NC,ASO,EN,Federal Contract Tower,0,0,1,1,2,0,0,17,5,22,0,0,18,6,24,7,10,17,41
10/23/2016,ISO,NC,ASO,EN,Federal Contract Tower,1,2,2,0,5,0,0,19,2,21,1,2,21,2,26,10,2,12,38
10/24/2016,ISO,NC,ASO,EN,Federal Contract Tower,0,1,6,4,11,0,1,11,4,16,0,2,17,8,27,16,6,22,49
10/25/2016,ISO,NC,ASO,EN,Federal Contract Tower,0,3,2,19,24,0,24,19,3,46,0,27,21,22,70,18,40,58,128
10/26/2016,ISO,NC,ASO,EN,Federal Contract Tower,4,1,12,11,28,0,2,13,1,16,4,3,25,12,44,0,18,18,62
10/27/2016,ISO,NC,ASO,EN,Federal Contract Tower,0,0,11,22,33,0,2,15,0,17,0,2,26,22,50,2,32,34,84
10/28/2016,ISO,NC,ASO,EN,Federal Contract Tower,0,0,5,16,21,0,0,12,0,12,0,0,17,16,33,22,28,50,83
10/29/2016,ISO,NC,ASO,EN,Federal Contract Tower,0,0,6,0,6,0,0,49,0,49,0,0,55,0,55,0,0,0,55
10/30/2016,ISO,NC,ASO,EN,Federal Contract Tower,0,0,1,0,1,0,0,4,0,4,0,0,5,0,5,0,0,0,5
10/31/2016,ISO,NC,ASO,EN,Federal Contract Tower,0,0,4,2,6,0,1,8,0,9,0,1,12,2,15,0,0,0,15
11/01/2016,ISO,NC,ASO,EN,Federal Contract Tower,1,2,3,23,29,0,3,5,6,14,1,5,8,29,43,6,96,102,145
11/02/2016,ISO,NC,ASO,EN,Federal Contract Tower,0,0,3,13,16,0,2,3,5,10,0,2,6,18,26,2,62,64,90
11/03/2016,ISO,NC,ASO,EN,Federal Contract Tower,1,1,11,16,29,0,4,0,0,4,1,5,11,16,33,10,40,50,83
11/04/2016,ISO,NC,ASO,EN,Federal Contract Tower,0,0,8,21,29,1,2,2,4,9,1,2,10,25,38,0,50,50,88
11/05/2016,ISO,NC,ASO,EN,Federal Contract Tower,0,4,0,4,8,0,0,9,0,9,0,4,9,4,17,0,28,28,45
11/06/2016,ISO,NC,ASO,EN,Federal Contract Tower,0,0,3,0,3,0,0,7,0,7,0,0,10,0,10,0,0,0,10
11/07/2016,ISO,NC,ASO,EN,Federal Contract Tower,0,1,9,29,39,0,3,11,6,20,0,4,20,35,59,0,30,30,89
11/08/2016,ISO,NC,ASO,EN,Federal Contract Tower,1,2,3,23,29,0,2,10,3,15,1,4,13,26,44,0,50,50,94
11/09/2016,ISO,NC,ASO,EN,Federal Contract Tower,1,0,3,9,13,0,3,4,1,8,1,3,7,10,21,0,18,18,39
11/10/2016,ISO,NC,ASO,EN,Federal Contract Tower,0,1,10,6,17,0,7,8,0,15,0,8,18,6,32,0,2,2,34
11/11/2016,ISO,NC,ASO,EN,Federal Contract Tower,0,0,11,0,11,0,2,20,0,22,0,2,31,0,33,0,12,12,45
11/12/2016,ISO,NC,ASO,EN,Federal Contract Tower,0,0,3,2,5,0,8,17,0,25,0,8,20,2,30,14,0,14,44
11/13/2016,ISO,NC,ASO,EN,Federal Contract Tower,0,0,5,0,5,0,3,5,0,8,0,3,10,0,13,0,0,0,13
11/14/2016,ISO,NC,ASO,EN,Federal Contract Tower,0,0,13,4,17,0,0,0,2,2,0,0,13,6,19,0,8,8,27
11/15/2016,ISO,NC,ASO,EN,Federal Contract Tower,0,0,23,21,44,0,1,10,7,18,0,1,33,28,62,0,20,20,82
11/16/2016,ISO,NC,ASO,EN,Federal Contract Tower,3,0,9,31,43,0,0,9,7,16,3,0,18,38,59,6,154,160,219
11/17/2016,ISO,NC,ASO,EN,Federal Contract Tower,0,8,13,20,41,0,9,13,2,24,0,17,26,22,65,38,36,74,139
11/18/2016,ISO,NC,ASO,EN,Federal Contract Tower,0,1,15,18,34,0,2,12,5,19,0,3,27,23,53,4,50,54,107
11/19/2016,ISO,NC,ASO,EN,Federal Contract Tower,0,0,10,0,10,0,8,6,0,14,0,8,16,0,24,8,2,10,34
11/20/2016,ISO,NC,ASO,EN,Federal Contract Tower,1,2,2,0,5,0,0,2,0,2,1,2,4,0,7,0,0,0,7
11/21/2016,ISO,NC,ASO,EN,Federal Contract Tower,0,0,2,26,28,0,4,13,0,17,0,4,15,26,45,0,6,6,51
11/22/2016,ISO,NC,ASO,EN,Federal Contract Tower,0,1,16,13,30,0,1,24,2,27,0,2,40,15,57,2,6,8,65
11/23/2016,ISO,NC,ASO,EN,Federal Contract Tower,0,1,6,0,7,0,2,9,0,11,0,3,15,0,18,14,0,14,32
11/24/2016,ISO,NC,ASO,EN,Federal Contract Tower,0,0,2,0,2,0,2,6,0,8,0,2,8,0,10,0,0,0,10
11/25/2016,ISO,NC,ASO,EN,Federal Contract Tower,0,2,5,0,7,0,2,20,0,22,0,4,25,0,29,26,0,26,55
11/26/2016,ISO,NC,ASO,EN,Federal Contract Tower,0,0,0,0,0,0,0,3,0,3,0,0,3,0,3,6,0,6,9
11/27/2016,ISO,NC,ASO,EN,Federal Contract Tower,0,6,5,0,11,0,1,0,0,1,0,7,5,0,12,0,0,0,12
11/28/2016,ISO,NC,ASO,EN,Federal Contract Tower,0,0,14,28,42,0,3,1,34,38,0,3,15,62,80,0,44,44,124
11/29/2016,ISO,NC,ASO,EN,Federal Contract Tower,0,2,7,10,19,0,1,0,3,4,0,3,7,13,23,0,14,14,37
11/30/2016,ISO,NC,ASO,EN,Federal Contract Tower,1,0,5,12,18,0,0,3,5,8,1,0,8,17,26,6,88,94,120
12/01/2016,ISO,NC,ASO,EN,Federal Contract Tower,0,2,13,6,21,0,4,3,6,13,0,6,16,12,34,8,34,42,76
12/02/2016,ISO,NC,ASO,EN,Federal Contract Tower,0,2,7,8,17,0,1,13,6,20,0,3,20,14,37,0,18,18,55
12/03/2016,ISO,NC,ASO,EN,Federal Contract Tower,0,0,15,0,15,0,0,10,8,18,0,0,25,8,33,14,0,14,47
12/04/2016,ISO,NC,ASO,EN,Federal Contract Tower,0,0,1,0,1,0,0,4,9,13,0,0,5,9,14,0,0,0,14
12/05/2016,ISO,NC,ASO,EN,Federal Contract Tower,1,0,12,10,23,0,0,2,4,6,1,0,14,14,29,0,10,10,39
12/06/2016,ISO,NC,ASO,EN,Federal Contract Tower,0,0,8,14,22,0,0,0,0,0,0,0,8,14,22,0,0,0,22
12/07/2016,ISO,NC,ASO,EN,Federal Contract Tower,1,0,5,18,24,0,4,14,0,18,1,4,19,18,42,82,38,120,162
12/08/2016,ISO,NC,ASO,EN,Federal Contract Tower,0,0,5,10,15,0,5,1,6,12,0,5,6,16,27,0,50,50,77
12/09/2016,ISO,NC,ASO,EN,Federal Contract Tower,0,2,7,16,25,0,1,1,4,6,0,3,8,20,31,0,26,26,57
12/10/2016,ISO,NC,ASO,EN,Federal Contract Tower,1,0,7,0,8,0,3,16,0,19,1,3,23,0,27,18,0,18,45
12/11/2016,ISO,NC,ASO,EN,Federal Contract Tower,0,2,1,0,3,0,0,13,0,13,0,2,14,0,16,16,0,16,32
12/12/2016,ISO,NC,ASO,EN,Federal Contract Tower,0,1,2,12,15,0,0,0,1,1,0,1,2,13,16,0,4,4,20
12/13/2016,ISO,NC,ASO,EN,Federal Contract Tower,0,1,7,16,24,0,0,4,2,6,0,1,11,18,30,0,14,14,44
12/14/2016,ISO,NC,ASO,EN,Federal Contract Tower,0,0,14,6,20,0,0,1,0,1,0,0,15,6,21,0,2,2,23
12/15/2016,ISO,NC,ASO,EN,Federal Contract Tower,1,0,5,5,11,0,3,10,3,16,1,3,15,8,27,12,6,18,45
12/16/2016,ISO,NC,ASO,EN,Federal Contract Tower,0,7,8,14,29,0,0,15,4,19,0,7,23,18,48,14,36,50,98
12/17/2016,ISO,NC,ASO,EN,Federal Contract Tower,0,1,4,0,5,0,0,0,0,0,0,1,4,0,5,0,0,0,5
12/18/2016,ISO,NC,ASO,EN,Federal Contract Tower,0,0,4,0,4,0,0,2,0,2,0,0,6,0,6,0,0,0,6
12/19/2016,ISO,NC,ASO,EN,Federal Contract Tower,0,0,6,12,18,0,0,0,0,0,0,0,6,12,18,0,0,0,18
12/20/2016,ISO,NC,ASO,EN,Federal Contract Tower,0,4,3,4,11,0,1,1,2,4,0,5,4,6,15,0,4,4,19
12/21/2016,ISO,NC,ASO,EN,Federal Contract Tower,0,0,8,7,15,0,2,9,2,13,0,2,17,9,28,2,62,64,92
12/22/2016,ISO,NC,ASO,EN,Federal Contract Tower,0,0,9,11,20,0,2,6,0,8,0,2,15,11,28,12,24,36,64
12/23/2016,ISO,NC,ASO,EN,Federal Contract Tower,0,0,3,4,7,0,0,2,0,2,0,0,5,4,9,0,8,8,17
12/24/2016,ISO,NC,ASO,EN,Federal Contract Tower,0,0,4,0,4,0,0,1,0,1,0,0,5,0,5,0,0,0,5
12/25/2016,ISO,NC,ASO,EN,Federal Contract Tower,0,0,13,0,13,0,1,0,0,1,0,1,13,0,14,0,0,0,14
12/26/2016,ISO,NC,ASO,EN,Federal Contract Tower,0,0,7,0,7,0,0,11,0,11,0,0,18,0,18,8,0,8,26
12/27/2016,ISO,NC,ASO,EN,Federal Contract Tower,0,0,7,8,15,0,0,1,0,1,0,0,8,8,16,0,0,0,16
12/28/2016,ISO,NC,ASO,EN,Federal Contract Tower,0,1,17,14,32,0,0,30,2,32,0,1,47,16,64,38,52,90,154
12/29/2016,ISO,NC,ASO,EN,Federal Contract Tower,0,1,4,0,5,0,0,0,0,0,0,1,4,0,5,0,0,0,5
12/30/2016,ISO,NC,ASO,EN,Federal Contract Tower,0,0,2,6,8,0,0,1,2,3,0,0,3,8,11,0,8,8,19
12/31/2016,ISO,NC,ASO,EN,Federal Contract Tower,0,0,12,0,12,0,0,6,0,6,0,0,18,0,18,16,0,16,34
01/01/2017,ISO,NC,ASO,EN,Federal Contract Tower,0,0,0,0,0,0,0,0,0,0,0,0,0,0,0,0,0,0,0
01/02/2017,ISO,NC,ASO,EN,Federal Contract Tower,0,2,1,0,3,0,0,0,0,0,0,2,1,0,3,0,0,0,3
01/03/2017,ISO,NC,ASO,EN,Federal Contract Tower,0,1,2,12,15,0,0,0,0,0,0,1,2,12,15,0,0,0,15
01/04/2017,ISO,NC,ASO,EN,Federal Contract Tower,0,0,9,14,23,0,0,1,0,1,0,0,10,14,24,18,10,28,52
01/05/2017,ISO,NC,ASO,EN,Federal Contract Tower,0,1,1,10,12,0,0,8,0,8,0,1,9,10,20,6,20,26,46
01/06/2017,ISO,NC,ASO,EN,Federal Contract Tower,0,0,1,12,13,0,0,5,4,9,0,0,6,16,22,8,46,54,76
01/07/2017,ISO,NC,ASO,EN,Federal Contract Tower,0,0,0,0,0,0,0,0,0,0,0,0,0,0,0,0,0,0,0
01/08/2017,ISO,NC,ASO,EN,Federal Contract Tower,0,0,2,0,2,0,0,0,0,0,0,0,2,0,2,0,0,0,2
01/09/2017,ISO,NC,ASO,EN,Federal Contract Tower,0,2,6,12,20,0,0,3,0,3,0,2,9,12,23,0,4,4,27
01/10/2017,ISO,NC,ASO,EN,Federal Contract Tower,0,1,12,16,29,0,4,11,5,20,0,5,23,21,49,20,50,70,119
01/11/2017,ISO,NC,ASO,EN,Federal Contract Tower,1,3,9,19,32,0,3,9,0,12,1,6,18,19,44,12,32,44,88
01/12/2017,ISO,NC,ASO,EN,Federal Contract Tower,0,0,4,4,8,0,4,19,6,29,0,4,23,10,37,32,56,88,125
01/13/2017,ISO,NC,ASO,EN,Federal Contract Tower,1,0,12,1,14,0,9,17,7,33,1,9,29,8,47,28,34,62,109
01/14/2017,ISO,NC,ASO,EN,Federal Contract Tower,1,2,5,4,12,0,0,0,0,0,1,2,5,4,12,0,0,0,12
01/15/2017,ISO,NC,ASO,EN,Federal Contract Tower,0,1,4,0,5,0,0,9,10,19,0,1,13,10,24,12,0,12,36
01/16/2017,ISO,NC,ASO,EN,Federal Contract Tower,0,0,7,0,7,0,0,3,4,7,0,0,10,4,14,0,32,32,46
01/17/2017,ISO,NC,ASO,EN,Federal Contract Tower,0,0,5,48,53,0,0,0,6,6,0,0,5,54,59,0,34,34,93
01/18/2017,ISO,NC,ASO,EN,Federal Contract Tower,1,0,4,14,19,0,6,7,4,17,1,6,11,18,36,6,18,24,60
01/20/2017,ISO,NC,ASO,EN,Federal Contract Tower,0,2,11,16,29,0,0,3,0,3,0,2,14,16,32,0,18,18,50
01/21/2017,ISO,NC,ASO,EN,Federal Contract Tower,0,0,1,0,1,0,0,0,0,0,0,0,1,0,1,0,0,0,1
01/22/2017,ISO,NC,ASO,EN,Federal Contract Tower,0,2,1,0,3,0,0,0,0,0,0,2,1,0,3,0,0,0,3
01/23/2017,ISO,NC,ASO,EN,Federal Contract Tower,1,2,1,22,26,0,0,0,15,15,1,2,1,37,41,0,52,52,93
01/24/2017,ISO,NC,ASO,EN,Federal Contract Tower,1,1,5,51,58,0,7,6,19,32,1,8,11,70,90,10,128,138,228
01/25/2017,ISO,NC,ASO,EN,Federal Contract Tower,0,6,6,39,51,0,7,10,6,23,0,13,16,45,74,24,22,46,120
01/26/2017,ISO,NC,ASO,EN,Federal Contract Tower,1,2,3,17,23,0,0,3,1,4,1,2,6,18,27,18,2,20,47
01/27/2017,ISO,NC,ASO,EN,Federal Contract Tower,0,0,10,17,27,0,12,8,5,25,0,12,18,22,52,18,44,62,114
01/28/2017,ISO,NC,ASO,EN,Federal Contract Tower,0,2,11,0,13,0,0,11,5,16,0,2,22,5,29,4,24,28,57
01/29/2017,ISO,NC,ASO,EN,Federal Contract Tower,0,0,9,4,13,0,0,4,0,4,0,0,13,4,17,4,0,4,21
01/30/2017,ISO,NC,ASO,EN,Federal Contract Tower,0,2,6,22,30,0,0,5,0,5,0,2,11,22,35,2,20,22,57
01/31/2017,ISO,NC,ASO,EN,Federal Contract Tower,0,1,3,17,21,0,7,9,5,21,0,8,12,22,42,26,28,54,96
02/01/2017,ISO,NC,ASO,EN,Federal Contract Tower,0,0,4,12,16,0,8,8,2,18,0,8,12,14,34,30,28,58,92
02/02/2017,ISO,NC,ASO,EN,Federal Contract Tower,1,1,8,26,36,0,7,8,6,21,1,8,16,32,57,22,42,64,121
02/03/2017,ISO,NC,ASO,EN,Federal Contract Tower,0,0,3,6,9,0,0,0,0,0,0,0,3,6,9,0,0,0,9
02/04/2017,ISO,NC,ASO,EN,Federal Contract Tower,0,0,7,0,7,0,0,7,0,7,0,0,14,0,14,12,0,12,26
02/05/2017,ISO,NC,ASO,EN,Federal Contract Tower,0,0,8,0,8,0,2,5,0,7,0,2,13,0,15,0,0,0,15
02/06/2017,ISO,NC,ASO,EN,Federal Contract Tower,1,0,3,24,28,0,5,13,4,22,1,5,16,28,50,12,8,20,70
02/07/2017,ISO,NC,ASO,EN,Federal Contract Tower,0,0,4,14,18,0,9,6,2,17,0,9,10,16,35,24,24,48,83
02/08/2017,ISO,NC,ASO,EN,Federal Contract Tower,0,1,4,29,34,0,0,7,1,8,0,1,11,30,42,10,28,38,80
02/09/2017,ISO,NC,ASO,EN,Federal Contract Tower,0,3,1,2,6,0,0,0,0,0,0,3,1,2,6,0,0,0,6
02/10/2017,ISO,NC,ASO,EN,Federal Contract Tower,1,1,3,9,14,0,2,19,1,22,1,3,22,10,36,12,2,14,50
02/11/2017,ISO,NC,ASO,EN,Federal Contract Tower,0,2,12,0,14,0,6,12,2,20,0,8,24,2,34,0,0,0,34
02/12/2017,ISO,NC,ASO,EN,Federal Contract Tower,0,0,1,0,1,0,2,8,2,12,0,2,9,2,13,6,12,18,31
02/13/2017,ISO,NC,ASO,EN,Federal Contract Tower,0,2,6,6,14,0,5,2,2,9,0,7,8,8,23,0,0,0,23
02/14/2017,ISO,NC,ASO,EN,Federal Contract Tower,0,0,13,10,23,0,18,17,4,39,0,18,30,14,62,26,24,50,112
02/15/2017,ISO,NC,ASO,EN,Federal Contract Tower,0,0,5,10,15,0,0,0,0,0,0,0,5,10,15,0,0,0,15
02/16/2017,ISO,NC,ASO,EN,Federal Contract Tower,0,1,7,0,8,0,1,5,0,6,0,2,12,0,14,0,0,0,14
02/17/2017,ISO,NC,ASO,EN,Federal Contract Tower,0,4,17,5,26,0,13,26,5,44,0,17,43,10,70,50,26,76,146
02/18/2017,ISO,NC,ASO,EN,Federal Contract Tower,0,0,12,0,12,0,7,11,0,18,0,7,23,0,30,16,0,16,46
02/19/2017,ISO,NC,ASO,EN,Federal Contract Tower,0,3,9,0,12,0,2,5,0,7,0,5,14,0,19,0,0,0,19
02/20/2017,ISO,NC,ASO,EN,Federal Contract Tower,1,2,12,0,15,0,4,7,0,11,1,6,19,0,26,12,0,12,38
02/21/2017,ISO,NC,ASO,EN,Federal Contract Tower,0,1,13,8,22,0,7,12,1,20,0,8,25,9,42,22,30,52,94
02/22/2017,ISO,NC,ASO,EN,Federal Contract Tower,0,1,7,12,20,0,10,11,2,23,0,11,18,14,43,42,36,78,121
02/23/2017,ISO,NC,ASO,EN,Federal Contract Tower,1,1,6,12,20,0,7,16,0,23,1,8,22,12,43,38,52,90,133
02/24/2017,ISO,NC,ASO,EN,Federal Contract Tower,0,1,4,0,5,0,13,9,0,22,0,14,13,0,27,24,0,24,51
02/25/2017,ISO,NC,ASO,EN,Federal Contract Tower,0,0,2,2,4,0,15,7,2,24,0,15,9,4,28,0,22,22,50
02/26/2017,ISO,NC,ASO,EN,Federal Contract Tower,0,0,12,2,14,0,19,20,1,40,0,19,32,3,54,16,14,30,84
02/27/2017,ISO,NC,ASO,EN,Federal Contract Tower,0,1,6,5,12,0,16,14,5,35,0,17,20,10,47,6,12,18,65
02/28/2017,ISO,NC,ASO,EN,Federal Contract Tower,0,4,8,24,36,0,5,2,2,9,0,9,10,26,45,0,46,46,91
03/01/2017,ISO,NC,ASO,EN,Federal Contract Tower,1,2,4,13,20,0,1,0,8,9,1,3,4,21,29,0,68,68,97
03/02/2017,ISO,NC,ASO,EN,Federal Contract Tower,0,0,13,0,13,0,6,3,0,9,0,6,16,0,22,0,0,0,22
03/03/2017,ISO,NC,ASO,EN,Federal Contract Tower,0,0,10,2,12,0,5,6,2,13,0,5,16,4,25,0,20,20,45
03/04/2017,ISO,NC,ASO,EN,Federal Contract Tower,0,0,5,0,5,0,20,8,0,28,0,20,13,0,33,0,0,0,33
03/05/2017,ISO,NC,ASO,EN,Federal Contract Tower,0,0,9,0,9,0,20,16,4,40,0,20,25,4,49,36,12,48,97
03/06/2017,ISO,NC,ASO,EN,Federal Contract Tower,0,0,11,6,17,0,19,14,4,37,0,19,25,10,54,56,30,86,140
03/07/2017,ISO,NC,ASO,EN,Federal Contract Tower,0,0,7,27,34,0,16,6,9,31,0,16,13,36,65,2,16,18,83
03/08/2017,ISO,NC,ASO,EN,Federal Contract Tower,1,0,11,10,22,0,9,4,0,13,1,9,15,10,35,0,20,20,55
03/09/2017,ISO,NC,ASO,EN,Federal Contract Tower,0,0,9,12,21,0,18,15,0,33,0,18,24,12,54,26,14,40,94
03/10/2017,ISO,NC,ASO,EN,Federal Contract Tower,0,2,16,0,18,0,20,2,2,24,0,22,18,2,42,4,6,10,52
03/11/2017,ISO,NC,ASO,EN,Federal Contract Tower,0,4,10,0,14,0,19,9,0,28,0,23,19,0,42,10,0,10,52
03/12/2017,ISO,NC,ASO,EN,Federal Contract Tower,0,1,2,0,3,0,0,0,0,0,0,1,2,0,3,0,0,0,3
03/13/2017,ISO,NC,ASO,EN,Federal Contract Tower,1,0,11,10,22,0,0,2,0,2,1,0,13,10,24,0,42,42,66
03/14/2017,ISO,NC,ASO,EN,Federal Contract Tower,0,1,3,0,4,0,0,0,0,0,0,1,3,0,4,0,0,0,4
03/15/2017,ISO,NC,ASO,EN,Federal Contract Tower,0,4,3,4,11,0,2,0,2,4,0,6,3,6,15,0,12,12,27
03/16/2017,ISO,NC,ASO,EN,Federal Contract Tower,0,0,12,17,29,0,8,9,5,22,0,8,21,22,51,2,40,42,93
03/17/2017,ISO,NC,ASO,EN,Federal Contract Tower,2,0,13,3,18,0,15,6,1,22,2,15,19,4,40,32,0,32,72
03/18/2017,ISO,NC,ASO,EN,Federal Contract Tower,0,0,3,0,3,0,0,0,4,4,0,0,3,4,7,16,0,16,23
03/19/2017,ISO,NC,ASO,EN,Federal Contract Tower,1,2,5,0,8,0,2,1,0,3,1,4,6,0,11,0,0,0,11
03/20/2017,ISO,NC,ASO,EN,Federal Contract Tower,0,1,4,20,25,0,13,9,5,27,0,14,13,25,52,28,38,66,118
03/21/2017,ISO,NC,ASO,EN,Federal Contract Tower,0,1,14,11,26,0,12,8,5,25,0,13,22,16,51,20,54,74,125
03/22/2017,ISO,NC,ASO,EN,Federal Contract Tower,0,0,13,3,16,0,6,4,1,11,0,6,17,4,27,0,70,70,97
03/23/2017,ISO,NC,ASO,EN,Federal Contract Tower,0,1,5,28,34,0,16,10,0,26,0,17,15,28,60,26,14,40,100
03/24/2017,ISO,NC,ASO,EN,Federal Contract Tower,0,0,8,28,36,0,18,11,6,35,0,18,19,34,71,6,34,40,111
03/25/2017,ISO,NC,ASO,EN,Federal Contract Tower,0,0,8,0,8,0,10,7,0,17,0,10,15,0,25,4,0,4,29
03/26/2017,ISO,NC,ASO,EN,Federal Contract Tower,0,0,5,0,5,0,2,8,0,10,0,2,13,0,15,14,0,14,29
03/27/2017,ISO,NC,ASO,EN,Federal Contract Tower,1,2,9,23,35,0,16,10,5,31,1,18,19,28,66,26,58,84,150
03/28/2017,ISO,NC,ASO,EN,Federal Contract Tower,0,1,2,2,5,0,14,9,0,23,0,15,11,2,28,2,0,2,30
03/29/2017,ISO,NC,ASO,EN,Federal Contract Tower,0,0,17,0,17,0,5,11,4,20,0,5,28,4,37,32,28,60,97
03/30/2017,ISO,NC,ASO,EN,Federal Contract Tower,1,0,11,7,19,0,6,13,1,20,1,6,24,8,39,38,10,48,87
03/31/2017,ISO,NC,ASO,EN,Federal Contract Tower,0,0,4,0,4,0,0,2,2,4,0,0,6,2,8,0,22,22,30
04/01/2017,ISO,NC,ASO,EN,Federal Contract Tower,0,0,4,0,4,0,0,13,0,13,0,0,17,0,17,10,0,10,27
04/02/2017,ISO,NC,ASO,EN,Federal Contract Tower,0,1,9,0,10,0,0,10,0,10,0,1,19,0,20,2,0,2,22
04/03/2017,ISO,NC,ASO,EN,Federal Contract Tower,0,2,8,31,41,0,12,2,6,20,0,14,10,37,61,4,20,24,85
04/04/2017,ISO,NC,ASO,EN,Federal Contract Tower,0,2,9,14,25,0,1,2,6,9,0,3,11,20,34,4,48,52,86
04/05/2017,ISO,NC,ASO,EN,Federal Contract Tower,0,1,9,18,28,0,3,13,2,18,0,4,22,20,46,32,22,54,100
04/06/2017,ISO,NC,ASO,EN,Federal Contract Tower,0,1,6,2,9,0,2,0,1,3,0,3,6,3,12,0,0,0,12
04/07/2017,ISO,NC,ASO,EN,Federal Contract Tower,0,0,6,4,10,0,3,0,1,4,0,3,6,5,14,0,2,2,16
04/08/2017,ISO,NC,ASO,EN,Federal Contract Tower,0,0,2,0,2,0,2,9,0,11,0,2,11,0,13,12,0,12,25
04/09/2017,ISO,NC,ASO,EN,Federal Contract Tower,0,0,3,0,3,0,2,29,0,31,0,2,32,0,34,30,0,30,64
04/10/2017,ISO,NC,ASO,EN,Federal Contract Tower,1,2,8,16,27,0,8,14,3,25,1,10,22,19,52,4,46,50,102
04/11/2017,ISO,NC,ASO,EN,Federal Contract Tower,0,0,10,2,12,0,13,7,2,22,0,13,17,4,34,0,68,68,102
04/12/2017,ISO,NC,ASO,EN,Federal Contract Tower,0,2,10,16,28,0,5,6,0,11,0,7,16,16,39,0,36,36,75
04/13/2017,ISO,NC,ASO,EN,Federal Contract Tower,0,0,2,2,4,0,12,2,4,18,0,12,4,6,22,0,22,22,44
04/14/2017,ISO,NC,ASO,EN,Federal Contract Tower,0,6,14,2,22,0,4,16,2,22,0,10,30,4,44,8,10,18,62
04/15/2017,ISO,NC,ASO,EN,Federal Contract Tower,0,0,6,0,6,0,4,7,0,11,0,4,13,0,17,18,0,18,35
04/16/2017,ISO,NC,ASO,EN,Federal Contract Tower,0,2,1,0,3,0,4,3,0,7,0,6,4,0,10,0,0,0,10
04/17/2017,ISO,NC,ASO,EN,Federal Contract Tower,1,0,5,6,12,0,14,10,2,26,1,14,15,8,38,14,8,22,60
04/18/2017,ISO,NC,ASO,EN,Federal Contract Tower,0,1,10,6,17,0,0,15,2,17,0,1,25,8,34,20,30,50,84
04/19/2017,ISO,NC,ASO,EN,Federal Contract Tower,1,0,9,0,10,0,0,0,2,2,1,0,9,2,12,14,6,20,32
04/20/2017,ISO,NC,ASO,EN,Federal Contract Tower,0,0,10,6,16,0,14,8,0,22,0,14,18,6,38,8,60,68,106
04/21/2017,ISO,NC,ASO,EN,Federal Contract Tower,0,2,8,12,22,0,13,7,8,28,0,15,15,20,50,24,82,106,156
04/22/2017,ISO,NC,ASO,EN,Federal Contract Tower,0,4,4,0,8,0,23,15,0,38,0,27,19,0,46,18,0,18,64
04/23/2017,ISO,NC,ASO,EN,Federal Contract Tower,0,0,3,0,3,0,0,0,0,0,0,0,3,0,3,0,0,0,3
04/24/2017,ISO,NC,ASO,EN,Federal Contract Tower,0,0,5,0,5,0,0,0,0,0,0,0,5,0,5,0,0,0,5
04/25/2017,ISO,NC,ASO,EN,Federal Contract Tower,0,0,9,22,31,0,0,1,4,5,0,0,10,26,36,0,70,70,106
04/26/2017,ISO,NC,ASO,EN,Federal Contract Tower,0,0,5,11,16,0,11,15,4,30,0,11,20,15,46,28,58,86,132
04/27/2017,ISO,NC,ASO,EN,Federal Contract Tower,0,0,10,31,41,0,12,12,12,36,0,12,22,43,77,48,50,98,175
04/28/2017,ISO,NC,ASO,EN,Federal Contract Tower,0,0,12,14,26,0,13,10,3,26,0,13,22,17,52,10,50,60,112
04/29/2017,ISO,NC,ASO,EN,Federal Contract Tower,0,0,5,0,5,0,2,10,0,12,0,2,15,0,17,22,0,22,39
04/30/2017,ISO,NC,ASO,EN,Federal Contract Tower,0,0,9,2,11,0,0,4,2,6,0,0,13,4,17,0,32,32,49
05/01/2017,ISO,NC,ASO,EN,Federal Contract Tower,0,2,5,11,18,0,0,3,6,9,0,2,8,17,27,0,30,30,57
05/02/2017,ISO,NC,ASO,EN,Federal Contract Tower,0,0,7,8,15,0,1,15,2,18,0,1,22,10,33,28,4,32,65
05/03/2017,ISO,NC,ASO,EN,Federal Contract Tower,1,0,5,4,10,0,6,8,2,16,1,6,13,6,26,8,24,32,58
05/04/2017,ISO,NC,ASO,EN,Federal Contract Tower,1,1,4,2,8,0,8,3,0,11,1,9,7,2,19,0,0,0,19
05/05/2017,ISO,NC,ASO,EN,Federal Contract Tower,0,2,6,2,10,0,0,2,4,6,0,2,8,6,16,0,18,18,34
05/06/2017,ISO,NC,ASO,EN,Federal Contract Tower,0,0,0,0,0,0,6,0,0,6,0,6,0,0,6,0,0,0,6
05/07/2017,ISO,NC,ASO,EN,Federal Contract Tower,0,0,14,4,18,0,0,8,0,8,0,0,22,4,26,18,0,18,44
05/08/2017,ISO,NC,ASO,EN,Federal Contract Tower,0,2,4,30,36,0,2,19,4,25,0,4,23,34,61,66,54,120,181
05/09/2017,ISO,NC,ASO,EN,Federal Contract Tower,0,1,11,24,36,0,6,13,0,19,0,7,24,24,55,42,28,70,125
05/10/2017,ISO,NC,ASO,EN,Federal Contract Tower,1,2,9,24,36,0,8,4,0,12,1,10,13,24,48,12,50,62,110
05/11/2017,ISO,NC,ASO,EN,Federal Contract Tower,0,0,11,2,13,0,4,5,2,11,0,4,16,4,24,2,8,10,34
05/12/2017,ISO,NC,ASO,EN,Federal Contract Tower,0,2,8,0,10,0,0,0,0,0,0,2,8,0,10,0,0,0,10
05/13/2017,ISO,NC,ASO,EN,Federal Contract Tower,0,0,2,0,2,0,0,0,0,0,0,0,2,0,2,0,0,0,2
05/14/2017,ISO,NC,ASO,EN,Federal Contract Tower,0,0,2,0,2,0,12,12,0,24,0,12,14,0,26,2,0,2,28
05/15/2017,ISO,NC,ASO,EN,Federal Contract Tower,0,1,12,30,43,0,19,20,2,41,0,20,32,32,84,4,94,98,182
05/16/2017,ISO,NC,ASO,EN,Federal Contract Tower,0,2,4,10,16,0,4,21,5,30,0,6,25,15,46,6,72,78,124
05/17/2017,ISO,NC,ASO,EN,Federal Contract Tower,1,0,11,22,34,0,22,25,3,50,1,22,36,25,84,12,48,60,144
05/18/2017,ISO,NC,ASO,EN,Federal Contract Tower,0,8,7,36,51,0,11,7,4,22,0,19,14,40,73,12,22,34,107
05/19/2017,ISO,NC,ASO,EN,Federal Contract Tower,0,1,8,0,9,0,12,20,0,32,0,13,28,0,41,42,0,42,83
05/20/2017,ISO,NC,ASO,EN,Federal Contract Tower,0,0,3,0,3,0,9,9,0,18,0,9,12,0,21,6,0,6,27
05/21/2017,ISO,NC,ASO,EN,Federal Contract Tower,0,1,3,0,4,0,9,2,0,11,0,10,5,0,15,0,0,0,15
05/22/2017,ISO,NC,ASO,EN,Federal Contract Tower,0,2,10,18,30,0,4,6,4,14,0,6,16,22,44,18,62,80,124
05/23/2017,ISO,NC,ASO,EN,Federal Contract Tower,0,0,15,10,25,0,0,1,0,1,0,0,16,10,26,4,0,4,30
05/24/2017,ISO,NC,ASO,EN,Federal Contract Tower,0,4,11,6,21,0,2,1,0,3,0,6,12,6,24,0,8,8,32
05/25/2017,ISO,NC,ASO,EN,Federal Contract Tower,1,2,10,10,23,0,0,1,6,7,1,2,11,16,30,0,12,12,42
05/26/2017,ISO,NC,ASO,EN,Federal Contract Tower,0,2,12,0,14,0,6,8,0,14,0,8,20,0,28,0,0,0,28
05/27/2017,ISO,NC,ASO,EN,Federal Contract Tower,0,0,3,0,3,0,0,10,0,10,0,0,13,0,13,0,0,0,13
05/28/2017,ISO,NC,ASO,EN,Federal Contract Tower,0,2,1,0,3,0,0,12,0,12,0,2,13,0,15,12,0,12,27
05/29/2017,ISO,NC,ASO,EN,Federal Contract Tower,1,2,6,2,11,0,0,17,0,17,1,2,23,2,28,14,0,14,42
05/30/2017,ISO,NC,ASO,EN,Federal Contract Tower,0,0,8,23,31,0,2,11,0,13,0,2,19,23,44,8,16,24,68
05/31/2017,ISO,NC,ASO,EN,Federal Contract Tower,0,0,7,12,19,0,15,12,0,27,0,15,19,12,46,36,14,50,96
06/01/2017,ISO,NC,ASO,EN,Federal Contract Tower,1,1,13,8,23,0,7,25,0,32,1,8,38,8,55,46,32,78,133
06/02/2017,ISO,NC,ASO,EN,Federal Contract Tower,0,0,6,4,10,0,24,14,2,40,0,24,20,6,50,22,26,48,98
06/03/2017,ISO,NC,ASO,EN,Federal Contract Tower,0,0,7,0,7,0,1,14,0,15,0,1,21,0,22,28,0,28,50
06/04/2017,ISO,NC,ASO,EN,Federal Contract Tower,0,0,4,0,4,0,0,14,0,14,0,0,18,0,18,2,0,2,20
06/05/2017,ISO,NC,ASO,EN,Federal Contract Tower,0,1,9,2,12,0,4,2,0,6,0,5,11,2,18,6,0,6,24
06/06/2017,ISO,NC,ASO,EN,Federal Contract Tower,0,0,10,14,24,0,8,4,4,16,0,8,14,18,40,0,28,28,68
06/07/2017,ISO,NC,ASO,EN,Federal Contract Tower,2,0,3,19,24,0,2,4,5,11,2,2,7,24,35,8,60,68,103
06/08/2017,ISO,NC,ASO,EN,Federal Contract Tower,0,0,5,5,10,0,3,5,6,14,0,3,10,11,24,0,62,62,86
06/09/2017,ISO,NC,ASO,EN,Federal Contract Tower,0,2,12,4,18,0,15,20,4,39,0,17,32,8,57,40,2,42,99
06/10/2017,ISO,NC,ASO,EN,Federal Contract Tower,0,0,4,0,4,0,0,14,0,14,0,0,18,0,18,10,0,10,28
06/11/2017,ISO,NC,ASO,EN,Federal Contract Tower,0,3,2,0,5,0,0,11,0,11,0,3,13,0,16,10,0,10,26
06/12/2017,ISO,NC,ASO,EN,Federal Contract Tower,0,4,11,14,29,0,4,13,2,19,0,8,24,16,48,0,52,52,100
06/13/2017,ISO,NC,ASO,EN,Federal Contract Tower,0,1,16,2,19,0,7,8,0,15,0,8,24,2,34,10,14,24,58
06/14/2017,ISO,NC,ASO,EN,Federal Contract Tower,0,2,4,2,8,0,6,7,2,15,0,8,11,4,23,0,18,18,41
06/15/2017,ISO,NC,ASO,EN,Federal Contract Tower,0,2,7,10,19,0,10,1,4,15,0,12,8,14,34,0,36,36,70
06/16/2017,ISO,NC,ASO,EN,Federal Contract Tower,0,2,9,0,11,0,0,0,0,0,0,2,9,0,11,0,0,0,11
06/17/2017,ISO,NC,ASO,EN,Federal Contract Tower,0,0,6,0,6,0,0,1,0,1,0,0,7,0,7,0,0,0,7
06/18/2017,ISO,NC,ASO,EN,Federal Contract Tower,0,1,5,0,6,0,0,0,0,0,0,1,5,0,6,0,0,0,6
06/19/2017,ISO,NC,ASO,EN,Federal Contract Tower,0,0,11,12,23,0,0,1,0,1,0,0,12,12,24,0,8,8,32
06/20/2017,ISO,NC,ASO,EN,Federal Contract Tower,0,1,1,12,14,0,0,3,0,3,0,1,4,12,17,0,0,0,17
06/21/2017,ISO,NC,ASO,EN,Federal Contract Tower,0,5,4,6,15,0,0,6,0,6,0,5,10,6,21,0,36,36,57
06/22/2017,ISO,NC,ASO,EN,Federal Contract Tower,0,1,9,12,22,0,0,8,0,8,0,1,17,12,30,16,28,44,74
06/23/2017,ISO,NC,ASO,EN,Federal Contract Tower,0,0,8,14,22,0,0,1,0,1,0,0,9,14,23,8,18,26,49
06/24/2017,ISO,NC,ASO,EN,Federal Contract Tower,0,0,3,0,3,0,0,3,0,3,0,0,6,0,6,2,0,2,8
06/25/2017,ISO,NC,ASO,EN,Federal Contract Tower,0,1,0,0,1,0,0,5,0,5,0,1,5,0,6,2,0,2,8
06/26/2017,ISO,NC,ASO,EN,Federal Contract Tower,0,2,7,18,27,0,3,12,5,20,0,5,19,23,47,2,58,60,107
06/27/2017,ISO,NC,ASO,EN,Federal Contract Tower,0,3,11,20,34,0,1,13,6,20,0,4,24,26,54,22,40,62,116
06/28/2017,ISO,NC,ASO,EN,Federal Contract Tower,0,5,5,9,19,0,0,15,1,16,0,5,20,10,35,14,32,46,81
06/29/2017,ISO,NC,ASO,EN,Federal Contract Tower,0,4,8,12,24,0,5,13,0,18,0,9,21,12,42,34,12,46,88
06/30/2017,ISO,NC,ASO,EN,Federal Contract Tower,0,1,7,17,25,0,0,5,1,6,0,1,12,18,31,8,68,76,107
07/01/2017,ISO,NC,ASO,EN,Federal Contract Tower,0,0,1,0,1,0,0,7,0,7,0,0,8,0,8,14,0,14,22
07/02/2017,ISO,NC,ASO,EN,Federal Contract Tower,0,0,3,0,3,0,0,12,0,12,0,0,15,0,15,2,0,2,17
07/03/2017,ISO,NC,ASO,EN,Federal Contract Tower,0,0,1,0,1,0,0,3,0,3,0,0,4,0,4,0,0,0,4
07/04/2017,ISO,NC,ASO,EN,Federal Contract Tower,0,0,3,0,3,0,0,6,0,6,0,0,9,0,9,10,0,10,19
07/05/2017,ISO,NC,ASO,EN,Federal Contract Tower,0,1,4,4,9,0,2,1,0,3,0,3,5,4,12,4,4,8,20
07/06/2017,ISO,NC,ASO,EN,Federal Contract Tower,0,10,5,20,35,0,1,3,2,6,0,11,8,22,41,12,86,98,139
07/07/2017,ISO,NC,ASO,EN,Federal Contract Tower,0,2,12,3,17,0,2,7,0,9,0,4,19,3,26,6,36,42,68
07/08/2017,ISO,NC,ASO,EN,Federal Contract Tower,0,1,7,0,8,0,1,22,2,25,0,2,29,2,33,6,0,6,39
07/09/2017,ISO,NC,ASO,EN,Federal Contract Tower,0,2,2,3,7,0,0,8,1,9,0,2,10,4,16,0,12,12,28
07/10/2017,ISO,NC,ASO,EN,Federal Contract Tower,0,4,4,8,16,0,3,3,2,8,0,7,7,10,24,0,22,22,46
07/11/2017,ISO,NC,ASO,EN,Federal Contract Tower,0,0,14,2,16,0,8,5,2,15,0,8,19,4,31,6,6,12,43
07/12/2017,ISO,NC,ASO,EN,Federal Contract Tower,0,0,4,2,6,0,7,12,0,19,0,7,16,2,25,13,2,15,40
07/13/2017,ISO,NC,ASO,EN,Federal Contract Tower,0,0,12,12,24,0,7,10,0,17,0,7,22,12,41,2,4,6,47
07/14/2017,ISO,NC,ASO,EN,Federal Contract Tower,0,0,19,21,40,0,10,6,2,18,0,10,25,23,58,10,32,42,100
07/15/2017,ISO,NC,ASO,EN,Federal Contract Tower,0,0,1,0,1,0,0,6,0,6,0,0,7,0,7,0,0,0,7
07/16/2017,ISO,NC,ASO,EN,Federal Contract Tower,1,4,3,0,8,0,0,5,0,5,1,4,8,0,13,10,0,10,23
07/17/2017,ISO,NC,ASO,EN,Federal Contract Tower,0,0,10,14,24,0,0,4,2,6,0,0,14,16,30,2,50,52,82
07/18/2017,ISO,NC,ASO,EN,Federal Contract Tower,0,0,13,4,17,0,0,2,0,2,0,0,15,4,19,0,16,16,35
07/19/2017,ISO,NC,ASO,EN,Federal Contract Tower,0,0,1,22,23,0,4,2,4,10,0,4,3,26,33,0,26,26,59
07/20/2017,ISO,NC,ASO,EN,Federal Contract Tower,0,0,3,7,10,0,0,17,3,20,0,0,20,10,30,6,48,54,84
07/21/2017,ISO,NC,ASO,EN,Federal Contract Tower,0,1,7,11,19,0,3,6,3,12,0,4,13,14,31,24,66,90,121
07/22/2017,ISO,NC,ASO,EN,Federal Contract Tower,0,1,4,0,5,0,0,13,0,13,0,1,17,0,18,0,0,0,18
07/23/2017,ISO,NC,ASO,EN,Federal Contract Tower,0,1,5,4,10,0,0,6,0,6,0,1,11,4,16,20,10,30,46
07/24/2017,ISO,NC,ASO,EN,Federal Contract Tower,0,1,9,32,42,0,4,1,3,8,0,5,10,35,50,0,52,52,102
07/25/2017,ISO,NC,ASO,EN,Federal Contract Tower,0,4,2,1,7,0,8,8,1,17,0,12,10,2,24,10,6,16,40
07/26/2017,ISO,NC,ASO,EN,Federal Contract Tower,0,1,4,7,12,0,6,9,7,22,0,7,13,14,34,24,36,60,94
07/27/2017,ISO,NC,ASO,EN,Federal Contract Tower,0,2,8,5,15,0,5,1,3,9,0,7,9,8,24,0,4,4,28
07/28/2017,ISO,NC,ASO,EN,Federal Contract Tower,0,0,12,20,32,0,8,3,7,18,0,8,15,27,50,10,32,42,92
07/29/2017,ISO,NC,ASO,EN,Federal Contract Tower,0,0,8,0,8,0,0,0,0,0,0,0,8,0,8,0,0,0,8
07/30/2017,ISO,NC,ASO,EN,Federal Contract Tower,0,0,3,0,3,0,0,4,0,4,0,0,7,0,7,0,0,0,7
07/31/2017,ISO,NC,ASO,EN,Federal Contract Tower,0,0,11,23,34,0,16,17,4,37,0,16,28,27,71,14,50,64,135
08/01/2017,ISO,NC,ASO,EN,Federal Contract Tower,0,0,2,6,8,0,14,14,4,32,0,14,16,10,40,52,40,92,132
08/02/2017,ISO,NC,ASO,EN,Federal Contract Tower,0,2,6,19,27,0,4,11,3,18,0,6,17,22,45,24,32,56,101
08/03/2017,ISO,NC,ASO,EN,Federal Contract Tower,0,0,3,26,29,0,0,17,4,21,0,0,20,30,50,12,64,76,126
08/04/2017,ISO,NC,ASO,EN,Federal Contract Tower,0,2,16,2,20,0,1,4,1,6,0,3,20,3,26,0,20,20,46
08/05/2017,ISO,NC,ASO,EN,Federal Contract Tower,0,0,3,0,3,0,0,2,0,2,0,0,5,0,5,0,0,0,5
08/06/2017,ISO,NC,ASO,EN,Federal Contract Tower,0,3,4,3,10,0,0,5,2,7,0,3,9,5,17,4,10,14,31
08/07/2017,ISO,NC,ASO,EN,Federal Contract Tower,0,1,3,23,27,0,2,0,6,8,0,3,3,29,35,6,16,22,57
08/08/2017,ISO,NC,ASO,EN,Federal Contract Tower,0,0,8,4,12,0,0,3,0,3,0,0,11,4,15,6,8,14,29
08/09/2017,ISO,NC,ASO,EN,Federal Contract Tower,0,3,12,15,30,0,3,2,0,5,0,6,14,15,35,0,4,4,39
08/10/2017,ISO,NC,ASO,EN,Federal Contract Tower,0,2,9,8,19,0,6,12,0,18,0,8,21,8,37,18,12,30,67
08/11/2017,ISO,NC,ASO,EN,Federal Contract Tower,0,3,11,11,25,0,4,2,2,8,0,7,13,13,33,0,72,72,105
08/12/2017,ISO,NC,ASO,EN,Federal Contract Tower,0,0,2,0,2,0,0,0,0,0,0,0,2,0,2,0,0,0,2
08/13/2017,ISO,NC,ASO,EN,Federal Contract Tower,0,0,2,0,2,0,0,0,0,0,0,0,2,0,2,0,0,0,2
08/14/2017,ISO,NC,ASO,EN,Federal Contract Tower,0,0,16,27,43,0,0,0,10,10,0,0,16,37,53,0,64,64,117
08/15/2017,ISO,NC,ASO,EN,Federal Contract Tower,0,1,12,10,23,0,0,0,7,7,0,1,12,17,30,0,46,46,76
08/16/2017,ISO,NC,ASO,EN,Federal Contract Tower,0,0,11,4,15,0,0,6,0,6,0,0,17,4,21,12,6,18,39
08/17/2017,ISO,NC,ASO,EN,Federal Contract Tower,0,0,3,40,43,0,6,11,2,19,0,6,14,42,62,12,54,66,128
08/18/2017,ISO,NC,ASO,EN,Federal Contract Tower,0,0,7,8,15,0,0,8,2,10,0,0,15,10,25,4,34,38,63
08/19/2017,ISO,NC,ASO,EN,Federal Contract Tower,0,0,3,0,3,0,0,15,0,15,0,0,18,0,18,10,0,10,28
08/20/2017,ISO,NC,ASO,EN,Federal Contract Tower,0,0,5,0,5,0,0,10,0,10,0,0,15,0,15,6,0,6,21
08/21/2017,ISO,NC,ASO,EN,Federal Contract Tower,0,0,16,0,16,0,0,4,0,4,0,0,20,0,20,0,0,0,20
08/22/2017,ISO,NC,ASO,EN,Federal Contract Tower,0,4,10,17,31,0,1,9,6,16,0,5,19,23,47,16,26,42,89
08/23/2017,ISO,NC,ASO,EN,Federal Contract Tower,0,0,14,0,14,0,0,4,0,4,0,0,18,0,18,4,0,4,22
08/24/2017,ISO,NC,ASO,EN,Federal Contract Tower,0,1,18,8,27,0,0,7,0,7,0,1,25,8,34,6,6,12,46
08/25/2017,ISO,NC,ASO,EN,Federal Contract Tower,0,1,11,3,15,0,5,15,4,24,0,6,26,7,39,30,40,70,109
08/26/2017,ISO,NC,ASO,EN,Federal Contract Tower,0,0,0,2,2,0,2,4,0,6,0,2,4,2,8,0,0,0,8
08/27/2017,ISO,NC,ASO,EN,Federal Contract Tower,0,0,5,0,5,0,1,14,0,15,0,1,19,0,20,32,0,32,52
08/28/2017,ISO,NC,ASO,EN,Federal Contract Tower,0,0,6,8,14,0,0,0,0,0,0,0,6,8,14,8,0,8,22
08/29/2017,ISO,NC,ASO,EN,Federal Contract Tower,0,2,7,6,15,0,0,0,2,2,0,2,7,8,17,0,0,0,17
08/30/2017,ISO,NC,ASO,EN,Federal Contract Tower,0,0,4,34,38,1,0,9,3,13,1,0,13,37,51,20,62,82,133
08/31/2017,ISO,NC,ASO,EN,Federal Contract Tower,0,0,12,2,14,0,4,12,0,16,0,4,24,2,30,32,18,50,80
09/01/2017,ISO,NC,ASO,EN,Federal Contract Tower,0,6,5,0,11,0,2,0,0,2,0,8,5,0,13,0,0,0,13
09/02/2017,ISO,NC,ASO,EN,Federal Contract Tower,0,0,1,0,1,0,0,0,0,0,0,0,1,0,1,0,0,0,1
09/03/2017,ISO,NC,ASO,EN,Federal Contract Tower,0,2,5,0,7,0,0,5,0,5,0,2,10,0,12,12,0,12,24
09/04/2017,ISO,NC,ASO,EN,Federal Contract Tower,0,0,2,0,2,0,0,8,0,8,0,0,10,0,10,16,0,16,26
09/05/2017,ISO,NC,ASO,EN,Federal Contract Tower,0,0,11,0,11,0,0,5,0,5,0,0,16,0,16,14,0,14,30
09/06/2017,ISO,NC,ASO,EN,Federal Contract Tower,0,0,12,4,16,0,0,2,0,2,0,0,14,4,18,24,0,24,42
09/07/2017,ISO,NC,ASO,EN,Federal Contract Tower,0,1,8,0,9,0,20,16,0,36,0,21,24,0,45,48,0,48,93
09/08/2017,ISO,NC,ASO,EN,Federal Contract Tower,0,0,6,4,10,0,4,3,0,7,0,4,9,4,17,12,0,12,29
09/09/2017,ISO,NC,ASO,EN,Federal Contract Tower,0,0,0,3,3,0,0,8,6,14,0,0,8,9,17,6,48,54,71
09/10/2017,ISO,NC,ASO,EN,Federal Contract Tower,0,0,5,0,5,0,0,0,1,1,0,0,5,1,6,0,12,12,18
09/11/2017,ISO,NC,ASO,EN,Federal Contract Tower,0,1,0,3,4,0,0,2,3,5,0,1,2,6,9,0,20,20,29
09/12/2017,ISO,NC,ASO,EN,Federal Contract Tower,0,0,6,2,8,0,0,0,0,0,0,0,6,2,8,0,14,14,22
09/13/2017,ISO,NC,ASO,EN,Federal Contract Tower,0,0,7,13,20,0,8,9,9,26,0,8,16,22,46,12,24,36,82
09/14/2017,ISO,NC,ASO,EN,Federal Contract Tower,0,0,8,8,16,0,0,7,2,9,0,0,15,10,25,12,48,60,85
09/15/2017,ISO,NC,ASO,EN,Federal Contract Tower,0,0,11,10,21,0,2,9,1,12,0,2,20,11,33,4,46,50,83
09/16/2017,ISO,NC,ASO,EN,Federal Contract Tower,0,0,4,0,4,0,0,9,0,9,0,0,13,0,13,10,0,10,23
09/17/2017,ISO,NC,ASO,EN,Federal Contract Tower,0,0,6,0,6,0,0,4,0,4,0,0,10,0,10,0,0,0,10
09/18/2017,ISO,NC,ASO,EN,Federal Contract Tower,0,0,15,3,18,0,8,3,3,14,0,8,18,6,32,0,20,20,52
09/19/2017,ISO,NC,ASO,EN,Federal Contract Tower,0,0,5,32,37,0,8,2,3,13,0,8,7,35,50,6,94,100,150
09/20/2017,ISO,NC,ASO,EN,Federal Contract Tower,0,0,5,4,9,0,5,8,2,15,0,5,13,6,24,4,20,24,48
09/21/2017,ISO,NC,ASO,EN,Federal Contract Tower,0,3,2,6,11,0,5,9,3,17,0,8,11,9,28,0,84,84,112
09/22/2017,ISO,NC,ASO,EN,Federal Contract Tower,0,0,11,17,28,0,2,4,1,7,0,2,15,18,35,14,52,66,101
09/23/2017,ISO,NC,ASO,EN,Federal Contract Tower,0,0,9,0,9,0,0,13,0,13,0,0,22,0,22,10,0,10,32
09/24/2017,ISO,NC,ASO,EN,Federal Contract Tower,0,0,1,0,1,0,0,11,0,11,0,0,12,0,12,28,0,28,40
09/25/2017,ISO,NC,ASO,EN,Federal Contract Tower,0,0,3,0,3,0,2,0,2,4,0,2,3,2,7,0,20,20,27
09/26/2017,ISO,NC,ASO,EN,Federal Contract Tower,0,2,8,2,12,0,2,3,0,5,0,4,11,2,17,0,0,0,17
09/27/2017,ISO,NC,ASO,EN,Federal Contract Tower,0,0,2,21,23,0,7,2,3,12,0,7,4,24,35,4,30,34,69
09/28/2017,ISO,NC,ASO,EN,Federal Contract Tower,0,0,8,8,16,0,0,11,4,15,0,0,19,12,31,28,42,70,101
09/29/2017,ISO,NC,ASO,EN,Federal Contract Tower,0,6,14,0,20,0,4,9,0,13,0,10,23,0,33,16,0,16,49
09/30/2017,ISO,NC,ASO,EN,Federal Contract Tower,0,0,2,0,2,0,3,7,2,12,0,3,9,2,14,8,6,14,28
10/01/2017,ISO,NC,ASO,EN,Federal Contract Tower,0,5,5,0,10,0,0,8,0,8,0,5,13,0,18,10,0,10,28
10/02/2017,ISO,NC,ASO,EN,Federal Contract Tower,0,0,2,10,12,0,0,4,6,10,0,0,6,16,22,0,80,80,102
10/03/2017,ISO,NC,ASO,EN,Federal Contract Tower,0,0,3,15,18,0,3,19,5,27,0,3,22,20,45,12,28,40,85
10/04/2017,ISO,NC,ASO,EN,Federal Contract Tower,0,1,10,8,19,0,2,12,0,14,0,3,22,8,33,2,10,12,45
10/05/2017,ISO,NC,ASO,EN,Federal Contract Tower,0,0,7,9,16,0,3,23,0,26,0,3,30,9,42,22,73,95,137
10/06/2017,ISO,NC,ASO,EN,Federal Contract Tower,0,3,7,14,24,0,9,6,0,15,0,12,13,14,39,15,24,39,78
10/07/2017,ISO,NC,ASO,EN,Federal Contract Tower,0,0,0,0,0,0,0,3,0,3,0,0,3,0,3,6,0,6,9
10/08/2017,ISO,NC,ASO,EN,Federal Contract Tower,0,0,0,0,0,0,0,5,0,5,0,0,5,0,5,6,0,6,11
10/09/2017,ISO,NC,ASO,EN,Federal Contract Tower,0,0,8,0,8,0,0,0,0,0,0,0,8,0,8,0,0,0,8
10/10/2017,ISO,NC,ASO,EN,Federal Contract Tower,0,0,19,8,27,0,0,2,2,4,0,0,21,10,31,0,0,0,31
10/11/2017,ISO,NC,ASO,EN,Federal Contract Tower,0,0,4,18,22,0,0,4,0,4,0,0,8,18,26,0,66,66,92
10/12/2017,ISO,NC,ASO,EN,Federal Contract Tower,0,0,15,12,27,0,0,2,0,2,0,0,17,12,29,0,0,0,29
10/13/2017,ISO,NC,ASO,EN,Federal Contract Tower,0,0,5,24,29,0,0,2,2,4,0,0,7,26,33,0,46,46,79
10/14/2017,ISO,NC,ASO,EN,Federal Contract Tower,0,0,4,0,4,0,0,5,0,5,0,0,9,0,9,10,0,10,19
10/15/2017,ISO,NC,ASO,EN,Federal Contract Tower,0,0,4,2,6,0,0,19,2,21,0,0,23,4,27,0,2,2,29
10/16/2017,ISO,NC,ASO,EN,Federal Contract Tower,0,4,7,6,17,0,0,4,0,4,0,4,11,6,21,0,24,24,45
10/17/2017,ISO,NC,ASO,EN,Federal Contract Tower,0,0,15,15,30,0,3,18,9,30,0,3,33,24,60,8,92,100,160
10/18/2017,ISO,NC,ASO,EN,Federal Contract Tower,0,2,11,8,21,0,5,11,3,19,0,7,22,11,40,5,24,29,69
10/19/2017,ISO,NC,ASO,EN,Federal Contract Tower,0,1,10,4,15,0,8,7,0,15,0,9,17,4,30,14,0,14,44
10/20/2017,ISO,NC,ASO,EN,Federal Contract Tower,0,2,9,0,11,0,3,25,0,28,0,5,34,0,39,20,0,20,59
10/21/2017,ISO,NC,ASO,EN,Federal Contract Tower,0,0,9,0,9,0,0,27,0,27,0,0,36,0,36,38,0,38,74
10/22/2017,ISO,NC,ASO,EN,Federal Contract Tower,0,2,2,0,4,0,0,12,0,12,0,2,14,0,16,10,0,10,26
10/23/2017,ISO,NC,ASO,EN,Federal Contract Tower,0,0,10,8,18,0,0,10,0,10,0,0,20,8,28,14,12,26,54
10/24/2017,ISO,NC,ASO,EN,Federal Contract Tower,0,1,5,7,13,0,0,1,7,8,0,1,6,14,21,10,20,30,51
10/25/2017,ISO,NC,ASO,EN,Federal Contract Tower,0,0,2,2,4,0,2,21,0,23,0,2,23,2,27,16,0,16,43
10/26/2017,ISO,NC,ASO,EN,Federal Contract Tower,0,2,16,2,20,0,0,23,2,25,0,2,39,4,45,34,34,68,113
10/27/2017,ISO,NC,ASO,EN,Federal Contract Tower,0,4,6,2,12,0,3,14,0,17,0,7,20,2,29,28,14,42,71
10/28/2017,ISO,NC,ASO,EN,Federal Contract Tower,0,2,16,3,21,0,0,14,1,15,0,2,30,4,36,26,4,30,66
10/29/2017,ISO,NC,ASO,EN,Federal Contract Tower,0,4,5,0,9,0,0,0,0,0,0,4,5,0,9,0,0,0,9
10/30/2017,ISO,NC,ASO,EN,Federal Contract Tower,0,5,9,7,21,0,2,9,1,12,0,7,18,8,33,0,36,36,69
10/31/2017,ISO,NC,ASO,EN,Federal Contract Tower,0,0,20,0,20,0,6,30,4,40,0,6,50,4,60,20,0,20,80
11/01/2017,ISO,NC,ASO,EN,Federal Contract Tower,0,2,11,14,27,0,10,7,0,17,0,12,18,14,44,28,24,52,96
11/02/2017,ISO,NC,ASO,EN,Federal Contract Tower,0,2,10,4,16,0,8,7,0,15,0,10,17,4,31,34,16,50,81
11/03/2017,ISO,NC,ASO,EN,Federal Contract Tower,0,0,6,15,21,0,2,15,3,20,0,2,21,18,41,2,48,50,91
11/04/2017,ISO,NC,ASO,EN,Federal Contract Tower,0,0,5,0,5,0,6,0,0,6,0,6,5,0,11,0,0,0,11
11/05/2017,ISO,NC,ASO,EN,Federal Contract Tower,0,1,6,0,7,0,0,0,0,0,0,1,6,0,7,0,0,0,7
11/06/2017,ISO,NC,ASO,EN,Federal Contract Tower,0,0,2,24,26,0,6,1,3,10,0,6,3,27,36,0,33,33,69
11/07/2017,ISO,NC,ASO,EN,Federal Contract Tower,0,0,10,16,26,0,0,2,0,2,0,0,12,16,28,0,0,0,28
11/08/2017,ISO,NC,ASO,EN,Federal Contract Tower,0,0,6,6,12,0,0,0,0,0,0,0,6,6,12,0,0,0,12
11/09/2017,ISO,NC,ASO,EN,Federal Contract Tower,0,0,13,2,15,0,0,0,0,0,0,0,13,2,15,0,0,0,15
11/10/2017,ISO,NC,ASO,EN,Federal Contract Tower,0,1,3,0,4,0,0,11,0,11,0,1,14,0,15,30,0,30,45
11/11/2017,ISO,NC,ASO,EN,Federal Contract Tower,0,0,2,0,2,0,2,10,0,12,0,2,12,0,14,34,0,34,48
11/12/2017,ISO,NC,ASO,EN,Federal Contract Tower,0,0,10,0,10,0,0,11,0,11,0,0,21,0,21,8,0,8,29
11/13/2017,ISO,NC,ASO,EN,Federal Contract Tower,0,1,10,1,12,0,0,0,1,1,0,1,10,2,13,0,46,46,59
11/14/2017,ISO,NC,ASO,EN,Federal Contract Tower,0,0,15,2,17,0,1,16,2,19,0,1,31,4,36,48,16,64,100
11/15/2017,ISO,NC,ASO,EN,Federal Contract Tower,0,0,6,7,13,0,11,6,2,19,0,11,12,9,32,26,86,112,144
11/16/2017,ISO,NC,ASO,EN,Federal Contract Tower,0,1,10,6,17,0,2,8,4,14,0,3,18,10,31,12,70,82,113
11/17/2017,ISO,NC,ASO,EN,Federal Contract Tower,1,2,7,7,17,0,3,8,11,22,1,5,15,18,39,16,90,106,145
11/18/2017,ISO,NC,ASO,EN,Federal Contract Tower,0,0,3,0,3,0,0,3,1,4,0,0,6,1,7,18,18,36,43
11/19/2017,ISO,NC,ASO,EN,Federal Contract Tower,0,0,5,0,5,0,0,0,0,0,0,0,5,0,5,0,0,0,5
11/20/2017,ISO,NC,ASO,EN,Federal Contract Tower,0,2,10,37,49,0,2,13,4,19,0,4,23,41,68,14,18,32,100
11/21/2017,ISO,NC,ASO,EN,Federal Contract Tower,0,1,11,25,37,0,0,13,6,19,0,1,24,31,56,13,81,94,150
11/22/2017,ISO,NC,ASO,EN,Federal Contract Tower,0,0,7,2,9,0,1,7,1,9,0,1,14,3,18,10,4,14,32
11/23/2017,ISO,NC,ASO,EN,Federal Contract Tower,0,0,1,0,1,0,0,5,0,5,0,0,6,0,6,0,0,0,6
11/24/2017,ISO,NC,ASO,EN,Federal Contract Tower,0,0,6,0,6,0,0,8,0,8,0,0,14,0,14,24,0,24,38
11/25/2017,ISO,NC,ASO,EN,Federal Contract Tower,0,2,0,0,2,0,0,14,0,14,0,2,14,0,16,22,0,22,38
11/26/2017,ISO,NC,ASO,EN,Federal Contract Tower,0,4,1,0,5,0,0,6,0,6,0,4,7,0,11,6,0,6,17
11/27/2017,ISO,NC,ASO,EN,Federal Contract Tower,0,1,10,6,17,0,1,8,2,11,0,2,18,8,28,0,12,12,40
11/28/2017,ISO,NC,ASO,EN,Federal Contract Tower,0,2,7,17,26,0,0,19,1,20,0,2,26,18,46,56,56,112,158
11/29/2017,ISO,NC,ASO,EN,Federal Contract Tower,2,0,6,14,22,0,1,15,1,17,2,1,21,15,39,54,20,74,113
11/30/2017,ISO,NC,ASO,EN,Federal Contract Tower,0,0,3,4,7,0,5,15,2,22,0,5,18,6,29,28,26,54,83
12/01/2017,ISO,NC,ASO,EN,Federal Contract Tower,0,0,6,6,12,0,8,10,0,18,0,8,16,6,30,30,0,30,60
12/02/2017,ISO,NC,ASO,EN,Federal Contract Tower,0,0,7,0,7,0,0,2,0,2,0,0,9,0,9,4,0,4,13
12/03/2017,ISO,NC,ASO,EN,Federal Contract Tower,0,0,2,0,2,0,0,3,0,3,0,0,5,0,5,6,0,6,11
12/04/2017,ISO,NC,ASO,EN,Federal Contract Tower,0,1,8,27,36,0,0,5,1,6,0,1,13,28,42,9,30,39,81
12/05/2017,ISO,NC,ASO,EN,Federal Contract Tower,0,0,1,23,24,0,0,2,4,6,0,0,3,27,30,0,80,80,110
12/06/2017,ISO,NC,ASO,EN,Federal Contract Tower,0,0,1,16,17,0,0,0,2,2,0,0,1,18,19,0,48,48,67
12/07/2017,ISO,NC,ASO,EN,Federal Contract Tower,1,3,3,8,15,0,0,4,6,10,1,3,7,14,25,0,33,33,58
12/08/2017,ISO,NC,ASO,EN,Federal Contract Tower,0,0,1,0,1,0,0,0,2,2,0,0,1,2,3,0,8,8,11
12/09/2017,ISO,NC,ASO,EN,Federal Contract Tower,0,0,3,0,3,0,0,0,0,0,0,0,3,0,3,0,0,0,3
12/10/2017,ISO,NC,ASO,EN,Federal Contract Tower,0,0,8,0,8,0,0,9,0,9,0,0,17,0,17,2,0,2,19
12/11/2017,ISO,NC,ASO,EN,Federal Contract Tower,0,0,11,16,27,0,5,14,0,19,0,5,25,16,46,4,42,46,92
12/12/2017,ISO,NC,ASO,EN,Federal Contract Tower,0,0,10,2,12,0,2,6,2,10,0,2,16,4,22,0,36,36,58
12/13/2017,ISO,NC,ASO,EN,Federal Contract Tower,0,0,7,12,19,0,4,5,4,13,0,4,12,16,32,4,46,50,82
12/14/2017,ISO,NC,ASO,EN,Federal Contract Tower,0,0,7,12,19,0,2,8,8,18,0,2,15,20,37,16,72,88,125
12/15/2017,ISO,NC,ASO,EN,Federal Contract Tower,0,0,13,0,13,0,0,3,0,3,0,0,16,0,16,19,0,19,35
12/16/2017,ISO,NC,ASO,EN,Federal Contract Tower,0,0,4,0,4,0,0,2,0,2,0,0,6,0,6,0,0,0,6
12/17/2017,ISO,NC,ASO,EN,Federal Contract Tower,0,0,12,0,12,0,0,10,0,10,0,0,22,0,22,8,0,8,30
12/18/2017,ISO,NC,ASO,EN,Federal Contract Tower,0,4,12,22,38,0,0,11,13,24,0,4,23,35,62,2,56,58,120
12/19/2017,ISO,NC,ASO,EN,Federal Contract Tower,0,0,10,6,16,0,2,8,3,13,0,2,18,9,29,47,34,81,110
12/20/2017,ISO,NC,ASO,EN,Federal Contract Tower,0,0,7,7,14,0,0,0,0,0,0,0,7,7,14,0,0,0,14
12/21/2017,ISO,NC,ASO,EN,Federal Contract Tower,0,1,7,12,20,0,0,16,3,19,0,1,23,15,39,30,24,54,93
12/22/2017,ISO,NC,ASO,EN,Federal Contract Tower,0,3,11,2,16,0,0,1,0,1,0,3,12,2,17,0,8,8,25
12/23/2017,ISO,NC,ASO,EN,Federal Contract Tower,0,1,3,0,4,0,0,6,0,6,0,1,9,0,10,10,0,10,20
12/24/2017,ISO,NC,ASO,EN,Federal Contract Tower,0,0,4,0,4,0,0,0,0,0,0,0,4,0,4,0,0,0,4
12/25/2017,ISO,NC,ASO,EN,Federal Contract Tower,0,0,2,0,2,0,0,1,0,1,0,0,3,0,3,0,0,0,3
12/26/2017,ISO,NC,ASO,EN,Federal Contract Tower,0,0,13,0,13,0,0,16,0,16,0,0,29,0,29,44,0,44,73
12/27/2017,ISO,NC,ASO,EN,Federal Contract Tower,0,0,6,19,25,0,0,6,2,8,0,0,12,21,33,28,4,32,65
12/28/2017,ISO,NC,ASO,EN,Federal Contract Tower,0,0,10,10,20,0,0,15,2,17,0,0,25,12,37,26,31,57,94
12/29/2017,ISO,NC,ASO,EN,Federal Contract Tower,2,0,6,10,18,0,0,4,0,4,2,0,10,10,22,0,22,22,44
12/30/2017,ISO,NC,ASO,EN,Federal Contract Tower,0,0,7,0,7,0,0,9,0,9,0,0,16,0,16,12,0,12,28
12/31/2017,ISO,NC,ASO,EN,Federal Contract Tower,0,0,9,0,9,0,0,0,0,0,0,0,9,0,9,8,0,8,17
01/01/2018,ISO,NC,ASO,EN,Federal Contract Tower,0,0,8,0,8,0,0,0,0,0,0,0,8,0,8,0,0,0,8
01/02/2018,ISO,NC,ASO,EN,Federal Contract Tower,1,0,5,10,16,0,0,3,0,3,1,0,8,10,19,14,4,18,37
01/03/2018,ISO,NC,ASO,EN,Federal Contract Tower,0,2,0,4,6,0,4,0,0,4,0,6,0,4,10,0,0,0,10
01/04/2018,ISO,NC,ASO,EN,Federal Contract Tower,0,0,0,0,0,0,0,0,0,0,0,0,0,0,0,0,0,0,0
01/05/2018,ISO,NC,ASO,EN,Federal Contract Tower,0,0,0,0,0,0,0,0,0,0,0,0,0,0,0,0,0,0,0
01/06/2018,ISO,NC,ASO,EN,Federal Contract Tower,0,1,4,0,5,0,0,0,0,0,0,1,4,0,5,0,0,0,5
01/07/2018,ISO,NC,ASO,EN,Federal Contract Tower,0,0,1,0,1,0,0,0,0,0,0,0,1,0,1,0,0,0,1
01/08/2018,ISO,NC,ASO,EN,Federal Contract Tower,1,2,4,8,15,0,0,2,2,4,1,2,6,10,19,12,10,22,41
01/09/2018,ISO,NC,ASO,EN,Federal Contract Tower,0,0,7,17,24,0,1,5,4,10,0,1,12,21,34,13,26,39,73
01/10/2018,ISO,NC,ASO,EN,Federal Contract Tower,0,0,8,21,29,0,0,19,1,20,0,0,27,22,49,9,56,65,114
01/11/2018,ISO,NC,ASO,EN,Federal Contract Tower,0,0,6,12,18,0,0,0,0,0,0,0,6,12,18,0,0,0,18
01/12/2018,ISO,NC,ASO,EN,Federal Contract Tower,0,0,11,0,11,0,0,0,0,0,0,0,11,0,11,0,0,0,11
01/13/2018,ISO,NC,ASO,EN,Federal Contract Tower,0,0,2,0,2,0,0,2,0,2,0,0,4,0,4,4,0,4,8
01/14/2018,ISO,NC,ASO,EN,Federal Contract Tower,0,0,0,0,0,0,0,4,0,4,0,0,4,0,4,0,0,0,4
01/15/2018,ISO,NC,ASO,EN,Federal Contract Tower,0,2,7,0,9,0,0,10,0,10,0,2,17,0,19,38,0,38,57
01/16/2018,ISO,NC,ASO,EN,Federal Contract Tower,0,0,6,2,8,0,2,24,2,28,0,2,30,4,36,35,8,43,79
01/17/2018,ISO,NC,ASO,EN,Federal Contract Tower,0,0,6,0,6,0,0,2,3,5,0,0,8,3,11,2,22,24,35
01/18/2018,ISO,NC,ASO,EN,Federal Contract Tower,2,0,7,2,11,0,0,4,0,4,2,0,11,2,15,22,0,22,37
01/19/2018,ISO,NC,ASO,EN,Federal Contract Tower,0,2,9,22,33,0,5,5,4,14,0,7,14,26,47,4,72,76,123
01/20/2018,ISO,NC,ASO,EN,Federal Contract Tower,0,2,0,3,5,0,0,12,1,13,0,2,12,4,18,0,10,10,28
01/21/2018,ISO,NC,ASO,EN,Federal Contract Tower,0,2,1,0,3,0,0,15,0,15,0,2,16,0,18,28,0,28,46
01/22/2018,ISO,NC,ASO,EN,Federal Contract Tower,0,1,6,19,26,0,10,9,9,28,0,11,15,28,54,18,52,70,124
01/23/2018,ISO,NC,ASO,EN,Federal Contract Tower,0,4,5,4,13,0,0,1,4,5,0,4,6,8,18,2,20,22,40
01/24/2018,ISO,NC,ASO,EN,Federal Contract Tower,0,4,10,13,27,0,0,19,2,21,0,4,29,15,48,17,31,48,96
01/25/2018,ISO,NC,ASO,EN,Federal Contract Tower,0,4,4,19,27,0,3,25,6,34,0,7,29,25,61,5,75,80,141
01/26/2018,ISO,NC,ASO,EN,Federal Contract Tower,2,1,7,4,14,0,2,17,0,19,2,3,24,4,33,18,14,32,65
01/27/2018,ISO,NC,ASO,EN,Federal Contract Tower,0,0,1,0,1,0,0,6,0,6,0,0,7,0,7,20,0,20,27
01/28/2018,ISO,NC,ASO,EN,Federal Contract Tower,0,0,2,0,2,0,0,0,0,0,0,0,2,0,2,0,0,0,2
01/29/2018,ISO,NC,ASO,EN,Federal Contract Tower,0,0,9,10,19,0,0,0,0,0,0,0,9,10,19,0,0,0,19
01/30/2018,ISO,NC,ASO,EN,Federal Contract Tower,0,2,1,1,4,0,0,7,6,13,0,2,8,7,17,10,11,21,38
01/31/2018,ISO,NC,ASO,EN,Federal Contract Tower,0,0,7,2,9,0,0,25,1,26,0,0,32,3,35,18,32,50,85
02/01/2018,ISO,NC,ASO,EN,Federal Contract Tower,0,0,1,7,8,0,2,9,5,16,0,2,10,12,24,2,68,70,94
02/02/2018,ISO,NC,ASO,EN,Federal Contract Tower,0,2,6,16,24,0,0,7,0,7,0,2,13,16,31,0,0,0,31
02/03/2018,ISO,NC,ASO,EN,Federal Contract Tower,0,0,11,0,11,0,0,26,0,26,0,0,37,0,37,22,0,22,59
02/04/2018,ISO,NC,ASO,EN,Federal Contract Tower,0,0,2,0,2,0,0,0,0,0,0,0,2,0,2,0,0,0,2
02/05/2018,ISO,NC,ASO,EN,Federal Contract Tower,0,2,10,15,27,0,5,4,9,18,0,7,14,24,45,0,30,30,75
02/06/2018,ISO,NC,ASO,EN,Federal Contract Tower,0,0,11,19,30,0,5,20,7,32,0,5,31,26,62,22,78,100,162
02/07/2018,ISO,NC,ASO,EN,Federal Contract Tower,1,3,10,16,30,0,7,3,0,10,1,10,13,16,40,0,26,26,66
02/08/2018,ISO,NC,ASO,EN,Federal Contract Tower,0,0,10,3,13,0,6,8,5,19,0,6,18,8,32,0,58,58,90
02/09/2018,ISO,NC,ASO,EN,Federal Contract Tower,1,0,7,6,14,0,2,21,3,26,1,2,28,9,40,61,56,117,157
02/10/2018,ISO,NC,ASO,EN,Federal Contract Tower,0,0,8,4,12,0,0,0,0,0,0,0,8,4,12,0,14,14,26
02/11/2018,ISO,NC,ASO,EN,Federal Contract Tower,0,0,2,4,6,0,0,2,0,2,0,0,4,4,8,0,4,4,12
02/12/2018,ISO,NC,ASO,EN,Federal Contract Tower,0,2,6,13,21,0,1,0,5,6,0,3,6,18,27,2,33,35,62
02/13/2018,ISO,NC,ASO,EN,Federal Contract Tower,0,3,7,19,29,0,6,4,1,11,0,9,11,20,40,2,44,46,86
02/14/2018,ISO,NC,ASO,EN,Federal Contract Tower,0,2,8,4,14,0,4,2,0,6,0,6,10,4,20,0,10,10,30
02/15/2018,ISO,NC,ASO,EN,Federal Contract Tower,0,1,14,15,30,0,7,8,2,17,0,8,22,17,47,2,40,42,89
02/16/2018,ISO,NC,ASO,EN,Federal Contract Tower,1,1,10,0,12,0,1,6,0,7,1,2,16,0,19,0,0,0,19
02/17/2018,ISO,NC,ASO,EN,Federal Contract Tower,0,3,4,0,7,0,0,0,0,0,0,3,4,0,7,0,0,0,7
02/18/2018,ISO,NC,ASO,EN,Federal Contract Tower,0,2,4,0,6,0,0,16,0,16,0,2,20,0,22,22,0,22,44
02/19/2018,ISO,NC,ASO,EN,Federal Contract Tower,0,2,9,0,11,0,1,1,0,2,0,3,10,0,13,4,0,4,17
02/20/2018,ISO,NC,ASO,EN,Federal Contract Tower,0,0,5,2,7,0,0,8,2,10,0,0,13,4,17,44,26,70,87
02/21/2018,ISO,NC,ASO,EN,Federal Contract Tower,0,2,9,6,17,0,3,8,1,12,0,5,17,7,29,16,16,32,61
02/22/2018,ISO,NC,ASO,EN,Federal Contract Tower,1,2,6,5,14,0,17,9,3,29,1,19,15,8,43,18,44,62,105
02/23/2018,ISO,NC,ASO,EN,Federal Contract Tower,3,2,17,24,46,1,12,8,0,21,4,14,25,24,67,16,0,16,83
02/24/2018,ISO,NC,ASO,EN,Federal Contract Tower,1,0,4,0,5,0,1,1,0,2,1,1,5,0,7,0,0,0,7
02/25/2018,ISO,NC,ASO,EN,Federal Contract Tower,0,1,6,4,11,0,14,17,0,31,0,15,23,4,42,0,0,0,42
02/26/2018,ISO,NC,ASO,EN,Federal Contract Tower,0,2,14,2,18,0,1,3,2,6,0,3,17,4,24,0,0,0,24
02/27/2018,ISO,NC,ASO,EN,Federal Contract Tower,0,1,11,11,23,0,5,25,7,37,0,6,36,18,60,61,37,98,158
02/28/2018,ISO,NC,ASO,EN,Federal Contract Tower,2,0,5,5,12,0,4,6,2,12,2,4,11,7,24,40,36,76,100
03/01/2018,ISO,NC,ASO,EN,Federal Contract Tower,0,0,7,3,10,0,0,0,0,0,0,0,7,3,10,0,5,5,15
03/02/2018,ISO,NC,ASO,EN,Federal Contract Tower,0,0,2,0,2,0,0,2,0,2,0,0,4,0,4,0,0,0,4
03/03/2018,ISO,NC,ASO,EN,Federal Contract Tower,0,1,3,2,6,0,17,6,0,23,0,18,9,2,29,0,20,20,49
03/04/2018,ISO,NC,ASO,EN,Federal Contract Tower,0,0,2,0,2,0,16,13,0,29,0,16,15,0,31,0,0,0,31
03/05/2018,ISO,NC,ASO,EN,Federal Contract Tower,1,0,7,27,35,0,11,8,7,26,1,11,15,34,61,2,86,88,149
03/06/2018,ISO,NC,ASO,EN,Federal Contract Tower,1,1,20,11,33,0,0,4,7,11,1,1,24,18,44,8,83,91,135
03/08/2018,ISO,NC,ASO,EN,Federal Contract Tower,1,5,10,19,35,0,12,6,3,21,1,17,16,22,56,10,112,122,178
03/09/2018,ISO,NC,ASO,EN,Federal Contract Tower,1,4,15,2,22,0,5,14,0,19,1,9,29,2,41,7,0,7,48
03/10/2018,ISO,NC,ASO,EN,Federal Contract Tower,0,0,14,0,14,0,10,22,0,32,0,10,36,0,46,46,0,46,92
03/12/2018,ISO,NC,ASO,EN,Federal Contract Tower,1,0,4,20,25,0,0,0,0,0,1,0,4,20,25,0,0,0,25
03/13/2018,ISO,NC,ASO,EN,Federal Contract Tower,0,1,7,12,20,0,0,7,3,10,0,1,14,15,30,0,42,42,72
03/14/2018,ISO,NC,ASO,EN,Federal Contract Tower,1,1,2,14,18,0,10,13,3,26,1,11,15,17,44,26,16,42,86
03/15/2018,ISO,NC,ASO,EN,Federal Contract Tower,1,1,7,17,26,0,12,8,0,20,1,13,15,17,46,6,76,82,128
03/16/2018,ISO,NC,ASO,EN,Federal Contract Tower,0,3,11,11,25,0,12,9,4,25,0,15,20,15,50,12,50,62,112
03/17/2018,ISO,NC,ASO,EN,Federal Contract Tower,0,2,6,0,8,0,12,23,0,35,0,14,29,0,43,6,0,6,49
03/18/2018,ISO,NC,ASO,EN,Federal Contract Tower,0,2,1,0,3,0,13,11,0,24,0,15,12,0,27,4,0,4,31
03/19/2018,ISO,NC,ASO,EN,Federal Contract Tower,0,4,12,16,32,0,0,5,3,8,0,4,17,19,40,6,42,48,88
03/20/2018,ISO,NC,ASO,EN,Federal Contract Tower,0,4,7,16,27,0,0,0,4,4,0,4,7,20,31,0,18,18,49
03/21/2018,ISO,NC,ASO,EN,Federal Contract Tower,0,1,10,0,11,0,0,2,4,6,0,1,12,4,17,0,30,30,47
03/22/2018,ISO,NC,ASO,EN,Federal Contract Tower,0,2,10,10,22,0,1,7,2,10,0,3,17,12,32,28,32,60,92
03/23/2018,ISO,NC,ASO,EN,Federal Contract Tower,1,0,7,17,25,0,0,12,0,12,1,0,19,17,37,6,18,24,61
03/24/2018,ISO,NC,ASO,EN,Federal Contract Tower,0,0,3,0,3,0,0,8,4,12,0,0,11,4,15,10,0,10,25
03/25/2018,ISO,NC,ASO,EN,Federal Contract Tower,1,0,1,0,2,0,0,2,0,2,1,0,3,0,4,0,0,0,4
03/26/2018,ISO,NC,ASO,EN,Federal Contract Tower,1,0,8,9,18,0,1,7,3,11,1,1,15,12,29,14,28,42,71
03/27/2018,ISO,NC,ASO,EN,Federal Contract Tower,0,0,12,10,22,0,0,9,5,14,0,0,21,15,36,34,60,94,130
03/28/2018,ISO,NC,ASO,EN,Federal Contract Tower,0,0,6,23,29,0,6,8,3,17,0,6,14,26,46,0,62,62,108
03/29/2018,ISO,NC,ASO,EN,Federal Contract Tower,1,2,5,2,10,0,17,6,1,24,1,19,11,3,34,24,18,42,76
03/30/2018,ISO,NC,ASO,EN,Federal Contract Tower,1,4,10,0,15,0,0,0,0,0,1,4,10,0,15,36,0,36,51
03/31/2018,ISO,NC,ASO,EN,Federal Contract Tower,0,0,2,0,2,0,4,17,0,21,0,4,19,0,23,26,0,26,49
04/01/2018,ISO,NC,ASO,EN,Federal Contract Tower,0,2,1,0,3,0,5,6,0,11,0,7,7,0,14,10,0,10,24
04/02/2018,ISO,NC,ASO,EN,Federal Contract Tower,1,0,8,13,22,0,14,10,1,25,1,14,18,14,47,4,18,22,69
04/03/2018,ISO,NC,ASO,EN,Federal Contract Tower,1,0,12,4,17,0,15,2,0,17,1,15,14,4,34,10,0,10,44
04/04/2018,ISO,NC,ASO,EN,Federal Contract Tower,0,1,7,10,18,0,12,2,5,19,0,13,9,15,37,0,82,82,119
04/05/2018,ISO,NC,ASO,EN,Federal Contract Tower,1,0,6,4,11,0,14,21,0,35,1,14,27,4,46,20,14,34,80
04/06/2018,ISO,NC,ASO,EN,Federal Contract Tower,0,1,9,10,20,0,7,9,0,16,0,8,18,10,36,0,22,22,58
04/07/2018,ISO,NC,ASO,EN,Federal Contract Tower,1,0,3,0,4,0,0,0,0,0,1,0,3,0,4,0,0,0,4
04/08/2018,ISO,NC,ASO,EN,Federal Contract Tower,1,0,3,4,8,0,0,4,0,4,1,0,7,4,12,0,6,6,18
04/09/2018,ISO,NC,ASO,EN,Federal Contract Tower,1,2,8,4,15,0,0,2,1,3,1,2,10,5,18,0,10,10,28
04/10/2018,ISO,NC,ASO,EN,Federal Contract Tower,0,3,2,4,9,0,1,9,2,12,0,4,11,6,21,12,24,36,57
04/11/2018,ISO,NC,ASO,EN,Federal Contract Tower,1,0,12,5,18,0,3,19,1,23,1,3,31,6,41,44,24,68,109
04/12/2018,ISO,NC,ASO,EN,Federal Contract Tower,0,0,9,15,24,0,17,9,5,31,0,17,18,20,55,22,28,50,105
04/13/2018,ISO,NC,ASO,EN,Federal Contract Tower,0,0,8,8,16,0,19,7,0,26,0,19,15,8,42,6,10,16,58
04/14/2018,ISO,NC,ASO,EN,Federal Contract Tower,1,2,3,2,8,0,16,10,0,26,1,18,13,2,34,26,6,32,66
04/15/2018,ISO,NC,ASO,EN,Federal Contract Tower,0,2,4,0,6,0,0,0,0,0,0,2,4,0,6,0,0,0,6
04/16/2018,ISO,NC,ASO,EN,Federal Contract Tower,0,0,9,0,9,0,3,11,2,16,0,3,20,2,25,4,14,18,43
04/17/2018,ISO,NC,ASO,EN,Federal Contract Tower,0,2,4,12,18,0,2,11,10,23,0,4,15,22,41,8,74,82,123
04/18/2018,ISO,NC,ASO,EN,Federal Contract Tower,0,1,11,6,18,0,4,18,4,26,0,5,29,10,44,36,38,74,118
04/19/2018,ISO,NC,ASO,EN,Federal Contract Tower,0,2,6,4,12,0,13,4,0,17,0,15,10,4,29,0,2,2,31
04/20/2018,ISO,NC,ASO,EN,Federal Contract Tower,0,1,12,15,28,0,15,11,7,33,0,16,23,22,61,22,26,48,109
04/21/2018,ISO,NC,ASO,EN,Federal Contract Tower,0,0,5,0,5,0,15,72,0,87,0,15,77,0,92,38,0,38,130
04/22/2018,ISO,NC,ASO,EN,Federal Contract Tower,0,0,10,0,10,0,10,11,0,21,0,10,21,0,31,22,0,22,53
04/23/2018,ISO,NC,ASO,EN,Federal Contract Tower,0,2,11,21,34,0,4,3,0,7,0,6,14,21,41,0,18,18,59
04/24/2018,ISO,NC,ASO,EN,Federal Contract Tower,0,0,5,2,7,0,0,0,0,0,0,0,5,2,7,0,0,0,7
04/25/2018,ISO,NC,ASO,EN,Federal Contract Tower,1,0,12,5,18,0,2,1,1,4,1,2,13,6,22,4,28,32,54
04/26/2018,ISO,NC,ASO,EN,Federal Contract Tower,0,0,10,5,15,0,3,21,6,30,0,3,31,11,45,26,36,62,107
04/27/2018,ISO,NC,ASO,EN,Federal Contract Tower,0,1,9,2,12,0,0,5,4,9,0,1,14,6,21,20,68,88,109
04/28/2018,ISO,NC,ASO,EN,Federal Contract Tower,0,0,0,0,0,0,3,12,0,15,0,3,12,0,15,22,0,22,37
04/29/2018,ISO,NC,ASO,EN,Federal Contract Tower,0,0,2,1,3,0,12,13,1,26,0,12,15,2,29,4,12,16,45
04/30/2018,ISO,NC,ASO,EN,Federal Contract Tower,0,0,14,6,20,0,9,7,4,20,0,9,21,10,40,14,44,58,98
05/01/2018,ISO,NC,ASO,EN,Federal Contract Tower,0,0,9,8,17,0,12,14,7,33,0,12,23,15,50,24,52,76,126
05/02/2018,ISO,NC,ASO,EN,Federal Contract Tower,0,0,9,2,11,0,9,7,4,20,0,9,16,6,31,6,36,42,73
05/03/2018,ISO,NC,ASO,EN,Federal Contract Tower,0,0,7,6,13,0,13,12,2,27,0,13,19,8,40,48,72,120,160
05/04/2018,ISO,NC,ASO,EN,Federal Contract Tower,0,1,9,12,22,0,11,8,6,25,0,12,17,18,47,0,38,38,85
05/05/2018,ISO,NC,ASO,EN,Federal Contract Tower,0,0,0,0,0,0,10,11,0,21,0,10,11,0,21,16,0,16,37
05/06/2018,ISO,NC,ASO,EN,Federal Contract Tower,0,0,8,0,8,0,0,0,0,0,0,0,8,0,8,0,0,0,8
05/07/2018,ISO,NC,ASO,EN,Federal Contract Tower,0,1,15,5,21,0,1,5,5,11,0,2,20,10,32,0,78,78,110
05/08/2018,ISO,NC,ASO,EN,Federal Contract Tower,0,0,21,13,34,0,4,3,2,9,0,4,24,15,43,0,18,18,61
05/09/2018,ISO,NC,ASO,EN,Federal Contract Tower,0,0,18,4,22,0,7,11,2,20,0,7,29,6,42,24,8,32,74
05/10/2018,ISO,NC,ASO,EN,Federal Contract Tower,0,0,13,5,18,0,5,5,11,21,0,5,18,16,39,12,42,54,93
05/11/2018,ISO,NC,ASO,EN,Federal Contract Tower,0,3,13,12,28,0,11,7,3,21,0,14,20,15,49,14,10,24,73
05/12/2018,ISO,NC,ASO,EN,Federal Contract Tower,0,0,3,0,3,0,8,14,2,24,0,8,17,2,27,0,0,0,27
05/13/2018,ISO,NC,ASO,EN,Federal Contract Tower,0,2,11,0,13,0,7,10,0,17,0,9,21,0,30,8,0,8,38
05/14/2018,ISO,NC,ASO,EN,Federal Contract Tower,0,3,5,0,8,0,0,7,0,7,0,3,12,0,15,12,0,12,27
05/15/2018,ISO,NC,ASO,EN,Federal Contract Tower,0,0,15,0,15,0,0,2,0,2,0,0,17,0,17,0,0,0,17
05/16/2018,ISO,NC,ASO,EN,Federal Contract Tower,0,1,10,0,11,0,0,1,0,1,0,1,11,0,12,0,0,0,12
05/17/2018,ISO,NC,ASO,EN,Federal Contract Tower,0,0,6,2,8,0,0,0,0,0,0,0,6,2,8,0,0,0,8
05/18/2018,ISO,NC,ASO,EN,Federal Contract Tower,0,1,4,0,5,0,2,4,0,6,0,3,8,0,11,0,0,0,11
05/19/2018,ISO,NC,ASO,EN,Federal Contract Tower,0,5,0,0,5,0,2,0,0,2,0,7,0,0,7,0,0,0,7
05/20/2018,ISO,NC,ASO,EN,Federal Contract Tower,0,0,3,0,3,0,0,2,0,2,0,0,5,0,5,6,0,6,11
05/21/2018,ISO,NC,ASO,EN,Federal Contract Tower,0,0,4,0,4,0,2,10,2,14,0,2,14,2,18,0,0,0,18
05/22/2018,ISO,NC,ASO,EN,Federal Contract Tower,0,0,4,0,4,0,2,3,0,5,0,2,7,0,9,0,0,0,9
05/23/2018,ISO,NC,ASO,EN,Federal Contract Tower,0,3,10,0,13,0,2,11,0,13,0,5,21,0,26,4,0,4,30
05/24/2018,ISO,NC,ASO,EN,Federal Contract Tower,0,0,10,0,10,0,0,13,0,13,0,0,23,0,23,8,0,8,31
05/25/2018,ISO,NC,ASO,EN,Federal Contract Tower,0,1,11,0,12,0,1,15,0,16,0,2,26,0,28,12,0,12,40
05/26/2018,ISO,NC,ASO,EN,Federal Contract Tower,0,1,1,0,2,0,0,3,0,3,0,1,4,0,5,0,0,0,5
05/27/2018,ISO,NC,ASO,EN,Federal Contract Tower,0,0,4,0,4,0,0,2,0,2,0,0,6,0,6,2,0,2,8
05/28/2018,ISO,NC,ASO,EN,Federal Contract Tower,0,0,3,0,3,0,0,0,0,0,0,0,3,0,3,0,0,0,3
05/29/2018,ISO,NC,ASO,EN,Federal Contract Tower,0,2,6,0,8,0,0,2,0,2,0,2,8,0,10,6,0,6,16
05/30/2018,ISO,NC,ASO,EN,Federal Contract Tower,0,0,7,0,7,0,2,4,0,6,0,2,11,0,13,0,0,0,13
05/31/2018,ISO,NC,ASO,EN,Federal Contract Tower,0,0,2,0,2,0,0,0,0,0,0,0,2,0,2,0,0,0,2
06/01/2018,ISO,NC,ASO,EN,Federal Contract Tower,0,2,19,0,21,0,1,22,0,23,0,3,41,0,44,0,0,0,44
06/02/2018,ISO,NC,ASO,EN,Federal Contract Tower,0,0,3,0,3,0,0,13,0,13,0,0,16,0,16,6,0,6,22
06/03/2018,ISO,NC,ASO,EN,Federal Contract Tower,0,1,2,0,3,0,1,8,0,9,0,2,10,0,12,0,0,0,12
06/04/2018,ISO,NC,ASO,EN,Federal Contract Tower,0,0,6,0,6,0,7,0,0,7,0,7,6,0,13,0,0,0,13
06/05/2018,ISO,NC,ASO,EN,Federal Contract Tower,0,0,6,0,6,0,3,8,0,11,0,3,14,0,17,0,0,0,17
06/06/2018,ISO,NC,ASO,EN,Federal Contract Tower,0,0,4,0,4,0,2,9,0,11,0,2,13,0,15,0,0,0,15
06/07/2018,ISO,NC,ASO,EN,Federal Contract Tower,0,3,7,0,10,0,7,7,0,14,0,10,14,0,24,4,0,4,28
06/08/2018,ISO,NC,ASO,EN,Federal Contract Tower,0,3,6,0,9,0,0,4,0,4,0,3,10,0,13,8,0,8,21
06/09/2018,ISO,NC,ASO,EN,Federal Contract Tower,0,0,1,0,1,0,4,16,0,20,0,4,17,0,21,14,0,14,35
06/11/2018,ISO,NC,ASO,EN,Federal Contract Tower,0,1,4,0,5,0,1,4,0,5,0,2,8,0,10,0,0,0,10
06/12/2018,ISO,NC,ASO,EN,Federal Contract Tower,0,0,6,0,6,0,0,0,0,0,0,0,6,0,6,0,0,0,6
06/13/2018,ISO,NC,ASO,EN,Federal Contract Tower,0,2,8,0,10,0,2,6,0,8,0,4,14,0,18,2,0,2,20
06/14/2018,ISO,NC,ASO,EN,Federal Contract Tower,0,0,10,0,10,0,8,11,0,19,0,8,21,0,29,14,0,14,43
06/15/2018,ISO,NC,ASO,EN,Federal Contract Tower,0,0,6,0,6,0,0,6,0,6,0,0,12,0,12,20,0,20,32
06/16/2018,ISO,NC,ASO,EN,Federal Contract Tower,0,0,3,0,3,0,0,15,0,15,0,0,18,0,18,22,0,22,40
06/17/2018,ISO,NC,ASO,EN,Federal Contract Tower,0,0,2,0,2,0,0,6,0,6,0,0,8,0,8,0,0,0,8
06/18/2018,ISO,NC,ASO,EN,Federal Contract Tower,0,0,6,0,6,0,2,4,0,6,0,2,10,0,12,12,0,12,24
06/19/2018,ISO,NC,ASO,EN,Federal Contract Tower,0,2,1,0,3,0,2,28,0,30,0,4,29,0,33,4,0,4,37
06/20/2018,ISO,NC,ASO,EN,Federal Contract Tower,0,0,6,0,6,0,0,10,0,10,0,0,16,0,16,8,0,8,24
06/21/2018,ISO,NC,ASO,EN,Federal Contract Tower,0,0,9,0,9,0,4,3,0,7,0,4,12,0,16,10,0,10,26
06/22/2018,ISO,NC,ASO,EN,Federal Contract Tower,0,0,9,0,9,0,0,7,0,7,0,0,16,0,16,2,0,2,18
06/23/2018,ISO,NC,ASO,EN,Federal Contract Tower,0,0,8,0,8,0,0,3,0,3,0,0,11,0,11,0,0,0,11
06/24/2018,ISO,NC,ASO,EN,Federal Contract Tower,0,0,13,0,13,0,0,13,0,13,0,0,26,0,26,8,0,8,34
06/25/2018,ISO,NC,ASO,EN,Federal Contract Tower,0,0,2,4,6,0,3,7,2,12,0,3,9,6,18,18,0,18,36
06/26/2018,ISO,NC,ASO,EN,Federal Contract Tower,0,0,10,27,37,0,2,2,7,11,0,2,12,34,48,18,91,109,157
06/27/2018,ISO,NC,ASO,EN,Federal Contract Tower,0,2,9,14,25,0,6,8,0,14,0,8,17,14,39,28,16,44,83
06/28/2018,ISO,NC,ASO,EN,Federal Contract Tower,0,0,9,6,15,0,5,31,0,36,0,5,40,6,51,30,34,64,115
06/29/2018,ISO,NC,ASO,EN,Federal Contract Tower,0,3,8,4,15,0,17,66,2,85,0,20,74,6,100,6,24,30,130
06/30/2018,ISO,NC,ASO,EN,Federal Contract Tower,0,0,3,0,3,0,0,68,0,68,0,0,71,0,71,30,0,30,101
07/01/2018,ISO,NC,ASO,EN,Federal Contract Tower,0,0,7,0,7,0,0,61,0,61,0,0,68,0,68,22,0,22,90
07/02/2018,ISO,NC,ASO,EN,Federal Contract Tower,0,0,6,16,22,0,2,53,0,55,0,2,59,16,77,8,5,13,90
07/03/2018,ISO,NC,ASO,EN,Federal Contract Tower,0,0,14,4,18,0,8,22,4,34,0,8,36,8,52,16,14,30,82
07/04/2018,ISO,NC,ASO,EN,Federal Contract Tower,0,0,3,0,3,0,8,7,0,15,0,8,10,0,18,2,0,2,20
07/05/2018,ISO,NC,ASO,EN,Federal Contract Tower,0,0,15,0,15,0,5,10,0,15,0,5,25,0,30,22,0,22,52
07/06/2018,ISO,NC,ASO,EN,Federal Contract Tower,0,2,10,0,12,0,3,11,2,16,0,5,21,2,28,12,23,35,63
07/07/2018,ISO,NC,ASO,EN,Federal Contract Tower,0,0,4,0,4,0,0,0,0,0,0,0,4,0,4,0,0,0,4
07/08/2018,ISO,NC,ASO,EN,Federal Contract Tower,0,2,2,0,4,0,0,5,0,5,0,2,7,0,9,10,0,10,19
07/09/2018,ISO,NC,ASO,EN,Federal Contract Tower,0,0,6,3,9,0,2,10,7,19,0,2,16,10,28,4,42,46,74
07/10/2018,ISO,NC,ASO,EN,Federal Contract Tower,0,1,2,8,11,0,2,21,6,29,0,3,23,14,40,10,22,32,72
07/11/2018,ISO,NC,ASO,EN,Federal Contract Tower,0,2,3,20,25,0,6,10,0,16,0,8,13,20,41,25,0,25,66
07/12/2018,ISO,NC,ASO,EN,Federal Contract Tower,0,0,13,3,16,0,1,6,0,7,0,1,19,3,23,8,0,8,31
07/13/2018,ISO,NC,ASO,EN,Federal Contract Tower,0,2,10,0,12,0,6,7,0,13,0,8,17,0,25,30,0,30,55
07/14/2018,ISO,NC,ASO,EN,Federal Contract Tower,0,2,1,0,3,0,0,27,0,27,0,2,28,0,30,12,0,12,42
07/15/2018,ISO,NC,ASO,EN,Federal Contract Tower,0,2,4,0,6,0,0,12,0,12,0,2,16,0,18,18,0,18,36
07/16/2018,ISO,NC,ASO,EN,Federal Contract Tower,0,2,5,0,7,0,0,13,0,13,0,2,18,0,20,4,0,4,24
07/17/2018,ISO,NC,ASO,EN,Federal Contract Tower,0,0,5,6,11,0,12,6,1,19,0,12,11,7,30,10,2,12,42
07/18/2018,ISO,NC,ASO,EN,Federal Contract Tower,0,0,11,8,19,0,8,10,4,22,0,8,21,12,41,16,18,34,75
07/19/2018,ISO,NC,ASO,EN,Federal Contract Tower,0,0,7,1,8,0,4,7,1,12,0,4,14,2,20,12,14,26,46
07/20/2018,ISO,NC,ASO,EN,Federal Contract Tower,0,2,9,0,11,0,5,13,0,18,0,7,22,0,29,18,34,52,81
07/21/2018,ISO,NC,ASO,EN,Federal Contract Tower,0,0,5,0,5,0,0,0,0,0,0,0,5,0,5,0,0,0,5
07/22/2018,ISO,NC,ASO,EN,Federal Contract Tower,0,1,7,0,8,0,0,3,0,3,0,1,10,0,11,0,0,0,11
07/23/2018,ISO,NC,ASO,EN,Federal Contract Tower,0,1,5,0,6,0,0,2,2,4,0,1,7,2,10,6,18,24,34
07/24/2018,ISO,NC,ASO,EN,Federal Contract Tower,0,2,4,0,6,0,0,0,0,0,0,2,4,0,6,0,0,0,6
07/25/2018,ISO,NC,ASO,EN,Federal Contract Tower,0,0,6,0,6,0,0,1,0,1,0,0,7,0,7,6,0,6,13
07/26/2018,ISO,NC,ASO,EN,Federal Contract Tower,0,0,6,14,20,0,2,2,18,22,0,2,8,32,42,0,12,12,54
07/27/2018,ISO,NC,ASO,EN,Federal Contract Tower,0,0,11,4,15,0,2,2,3,7,0,2,13,7,22,6,56,62,84
07/28/2018,ISO,NC,ASO,EN,Federal Contract Tower,0,0,1,0,1,0,0,0,2,2,0,0,1,2,3,6,19,25,28
07/29/2018,ISO,NC,ASO,EN,Federal Contract Tower,0,0,1,0,1,0,0,2,0,2,0,0,3,0,3,0,0,0,3
07/30/2018,ISO,NC,ASO,EN,Federal Contract Tower,0,5,7,0,12,0,0,0,5,5,0,5,7,5,17,0,0,0,17
07/31/2018,ISO,NC,ASO,EN,Federal Contract Tower,0,1,9,6,16,0,0,1,8,9,0,1,10,14,25,0,6,6,31
08/01/2018,ISO,NC,ASO,EN,Federal Contract Tower,0,2,5,10,17,0,13,9,16,38,0,15,14,26,55,30,32,62,117
08/02/2018,ISO,NC,ASO,EN,Federal Contract Tower,0,0,2,8,10,0,0,2,4,6,0,0,4,12,16,0,14,14,30
08/03/2018,ISO,NC,ASO,EN,Federal Contract Tower,0,2,5,0,7,0,0,2,12,14,0,2,7,12,21,0,16,16,37
08/04/2018,ISO,NC,ASO,EN,Federal Contract Tower,0,0,5,2,7,0,0,7,5,12,0,0,12,7,19,0,0,0,19
08/05/2018,ISO,NC,ASO,EN,Federal Contract Tower,0,2,7,0,9,0,0,4,14,18,0,2,11,14,27,0,0,0,27
08/06/2018,ISO,NC,ASO,EN,Federal Contract Tower,0,2,13,16,31,0,0,11,11,22,0,2,24,27,53,12,69,81,134
08/07/2018,ISO,NC,ASO,EN,Federal Contract Tower,0,2,5,12,19,0,1,5,0,6,0,3,10,12,25,0,44,44,69
08/08/2018,ISO,NC,ASO,EN,Federal Contract Tower,0,3,2,12,17,0,2,17,12,31,0,5,19,24,48,63,12,75,123
08/09/2018,ISO,NC,ASO,EN,Federal Contract Tower,0,2,7,18,27,0,0,16,3,19,0,2,23,21,46,22,35,57,103
08/10/2018,ISO,NC,ASO,EN,Federal Contract Tower,0,0,7,8,15,0,2,20,6,28,0,2,27,14,43,4,34,38,81
08/11/2018,ISO,NC,ASO,EN,Federal Contract Tower,0,0,2,0,2,0,0,6,0,6,0,0,8,0,8,14,0,14,22
08/12/2018,ISO,NC,ASO,EN,Federal Contract Tower,0,0,12,0,12,0,2,4,0,6,0,2,16,0,18,14,0,14,32
08/13/2018,ISO,NC,ASO,EN,Federal Contract Tower,0,2,5,0,7,0,0,0,2,2,0,2,5,2,9,0,6,6,15
08/14/2018,ISO,NC,ASO,EN,Federal Contract Tower,0,0,9,3,12,0,6,10,5,21,0,6,19,8,33,34,50,84,117
08/15/2018,ISO,NC,ASO,EN,Federal Contract Tower,0,0,11,2,13,0,0,23,1,24,0,0,34,3,37,42,8,50,87
08/16/2018,ISO,NC,ASO,EN,Federal Contract Tower,0,2,10,2,14,0,2,6,4,12,0,4,16,6,26,6,26,32,58
08/17/2018,ISO,NC,ASO,EN,Federal Contract Tower,0,4,5,7,16,0,1,3,2,6,0,5,8,9,22,14,26,40,62
08/18/2018,ISO,NC,ASO,EN,Federal Contract Tower,0,0,3,0,3,0,0,7,0,7,0,0,10,0,10,8,0,8,18
08/19/2018,ISO,NC,ASO,EN,Federal Contract Tower,0,0,8,0,8,0,0,6,0,6,0,0,14,0,14,16,0,16,30
08/20/2018,ISO,NC,ASO,EN,Federal Contract Tower,0,0,11,0,11,0,1,6,0,7,0,1,17,0,18,0,0,0,18
08/21/2018,ISO,NC,ASO,EN,Federal Contract Tower,0,5,9,0,14,0,2,2,0,4,0,7,11,0,18,2,0,2,20
08/22/2018,ISO,NC,ASO,EN,Federal Contract Tower,0,0,8,9,17,0,1,5,1,7,0,1,13,10,24,10,18,28,52
08/23/2018,ISO,NC,ASO,EN,Federal Contract Tower,0,1,14,3,18,0,2,13,2,17,0,3,27,5,35,22,36,58,93
08/24/2018,ISO,NC,ASO,EN,Federal Contract Tower,0,1,13,0,14,0,0,14,2,16,0,1,27,2,30,28,4,32,62
08/25/2018,ISO,NC,ASO,EN,Federal Contract Tower,0,1,8,0,9,0,0,25,0,25,0,1,33,0,34,44,0,44,78
08/26/2018,ISO,NC,ASO,EN,Federal Contract Tower,0,0,7,0,7,0,0,19,0,19,0,0,26,0,26,12,0,12,38
08/27/2018,ISO,NC,ASO,EN,Federal Contract Tower,0,1,10,8,19,0,6,12,2,20,0,7,22,10,39,18,26,44,83
08/28/2018,ISO,NC,ASO,EN,Federal Contract Tower,0,0,6,8,14,0,0,13,4,17,0,0,19,12,31,22,10,32,63
08/30/2018,ISO,NC,ASO,EN,Federal Contract Tower,0,0,9,0,9,0,1,17,0,18,0,1,26,0,27,20,0,20,47
08/31/2018,ISO,NC,ASO,EN,Federal Contract Tower,0,0,14,0,14,0,0,3,0,3,0,0,17,0,17,0,0,0,17
09/01/2018,ISO,NC,ASO,EN,Federal Contract Tower,0,2,4,0,6,0,0,18,0,18,0,2,22,0,24,6,0,6,30
09/02/2018,ISO,NC,ASO,EN,Federal Contract Tower,0,0,6,0,6,0,0,3,0,3,0,0,9,0,9,2,0,2,11
09/03/2018,ISO,NC,ASO,EN,Federal Contract Tower,0,2,3,0,5,0,0,15,0,15,0,2,18,0,20,10,0,10,30
09/04/2018,ISO,NC,ASO,EN,Federal Contract Tower,0,0,11,12,23,0,1,10,0,11,0,1,21,12,34,44,0,44,78
09/05/2018,ISO,NC,ASO,EN,Federal Contract Tower,0,2,8,14,24,0,2,5,2,9,0,4,13,16,33,8,20,28,61
09/06/2018,ISO,NC,ASO,EN,Federal Contract Tower,0,0,7,22,29,0,0,9,2,11,0,0,16,24,40,20,28,48,88
09/07/2018,ISO,NC,ASO,EN,Federal Contract Tower,0,2,21,8,31,0,14,22,0,36,0,16,43,8,67,38,0,38,105
09/08/2018,ISO,NC,ASO,EN,Federal Contract Tower,0,1,15,4,20,0,0,11,0,11,0,1,26,4,31,6,0,6,37
09/09/2018,ISO,NC,ASO,EN,Federal Contract Tower,0,0,4,0,4,0,0,9,0,9,0,0,13,0,13,0,0,0,13
09/10/2018,ISO,NC,ASO,EN,Federal Contract Tower,0,1,9,18,28,0,3,7,0,10,0,4,16,18,38,4,0,4,42
09/11/2018,ISO,NC,ASO,EN,Federal Contract Tower,0,0,2,0,2,0,0,2,0,2,0,0,4,0,4,0,0,0,4
09/12/2018,ISO,NC,ASO,EN,Federal Contract Tower,0,0,10,0,10,0,0,0,0,0,0,0,10,0,10,0,0,0,10
09/15/2018,ISO,NC,ASO,EN,Federal Contract Tower,0,0,0,0,0,0,0,2,2,4,0,0,2,2,4,0,0,0,4
09/16/2018,ISO,NC,ASO,EN,Federal Contract Tower,0,7,3,3,13,0,0,28,36,64,0,7,31,39,77,0,0,0,77
09/17/2018,ISO,NC,ASO,EN,Federal Contract Tower,0,0,8,5,13,0,5,34,80,119,0,5,42,85,132,0,0,0,132
09/18/2018,ISO,NC,ASO,EN,Federal Contract Tower,0,0,5,2,7,0,4,6,52,62,0,4,11,54,69,0,0,0,69
09/19/2018,ISO,NC,ASO,EN,Federal Contract Tower,0,0,6,0,6,0,10,43,64,117,0,10,49,64,123,4,0,4,127
09/20/2018,ISO,NC,ASO,EN,Federal Contract Tower,0,2,11,4,17,0,5,41,21,67,0,7,52,25,84,4,2,6,90
09/21/2018,ISO,NC,ASO,EN,Federal Contract Tower,0,2,9,0,11,0,7,21,14,42,0,9,30,14,53,12,0,12,65
09/22/2018,ISO,NC,ASO,EN,Federal Contract Tower,0,3,9,1,13,0,4,24,9,37,0,7,33,10,50,28,12,40,90
09/23/2018,ISO,NC,ASO,EN,Federal Contract Tower,0,5,7,1,13,0,6,15,2,23,0,11,22,3,36,18,0,18,54
09/24/2018,ISO,NC,ASO,EN,Federal Contract Tower,0,0,13,15,28,0,2,2,1,5,0,2,15,16,33,0,6,6,39
09/25/2018,ISO,NC,ASO,EN,Federal Contract Tower,0,2,2,9,13,0,3,1,0,4,0,5,3,9,17,4,0,4,21
09/26/2018,ISO,NC,ASO,EN,Federal Contract Tower,0,0,6,0,6,0,2,5,2,9,0,2,11,2,15,0,0,0,15
09/27/2018,ISO,NC,ASO,EN,Federal Contract Tower,0,0,2,4,6,0,2,4,0,6,0,2,6,4,12,10,10,20,32
09/28/2018,ISO,NC,ASO,EN,Federal Contract Tower,0,1,18,4,23,0,0,10,2,12,0,1,28,6,35,12,30,42,77
09/29/2018,ISO,NC,ASO,EN,Federal Contract Tower,0,3,8,0,11,0,1,18,0,19,0,4,26,0,30,34,0,34,64
09/30/2018,ISO,NC,ASO,EN,Federal Contract Tower,0,2,8,10,20,0,1,21,0,22,0,3,29,10,42,48,0,48,90
10/01/2018,ISO,NC,ASO,EN,Federal Contract Tower,0,1,8,8,17,0,0,18,4,22,0,1,26,12,39,46,36,82,121
10/02/2018,ISO,NC,ASO,EN,Federal Contract Tower,0,0,7,6,13,0,0,12,4,16,0,0,19,10,29,20,39,59,88
10/03/2018,ISO,NC,ASO,EN,Federal Contract Tower,0,0,7,10,17,0,0,8,2,10,0,0,15,12,27,42,78,120,147
10/04/2018,ISO,NC,ASO,EN,Federal Contract Tower,0,1,3,22,26,0,5,11,2,18,0,6,14,24,44,26,50,76,120
10/05/2018,ISO,NC,ASO,EN,Federal Contract Tower,0,0,9,8,17,0,2,16,0,18,0,2,25,8,35,42,8,50,85
10/06/2018,ISO,NC,ASO,EN,Federal Contract Tower,0,1,6,0,7,0,0,0,0,0,0,1,6,0,7,0,0,0,7
10/07/2018,ISO,NC,ASO,EN,Federal Contract Tower,0,0,1,0,1,0,0,6,0,6,0,0,7,0,7,6,0,6,13
10/08/2018,ISO,NC,ASO,EN,Federal Contract Tower,0,1,9,0,10,0,0,8,0,8,0,1,17,0,18,18,0,18,36
10/09/2018,ISO,NC,ASO,EN,Federal Contract Tower,0,0,18,22,40,0,5,17,4,26,0,5,35,26,66,34,66,100,166
10/10/2018,ISO,NC,ASO,EN,Federal Contract Tower,0,3,12,15,30,0,0,6,6,12,0,3,18,21,42,6,86,92,134
10/11/2018,ISO,NC,ASO,EN,Federal Contract Tower,0,1,1,0,2,0,0,0,0,0,0,1,1,0,2,0,0,0,2
10/12/2018,ISO,NC,ASO,EN,Federal Contract Tower,0,0,8,2,10,0,3,6,2,11,0,3,14,4,21,16,22,38,59
10/13/2018,ISO,NC,ASO,EN,Federal Contract Tower,0,0,3,4,7,0,6,4,0,10,0,6,7,4,17,4,26,30,47
10/14/2018,ISO,NC,ASO,EN,Federal Contract Tower,0,0,0,0,0,0,0,22,0,22,0,0,22,0,22,30,0,30,52
10/15/2018,ISO,NC,ASO,EN,Federal Contract Tower,0,0,21,29,50,0,0,15,9,24,0,0,36,38,74,44,44,88,162
10/16/2018,ISO,NC,ASO,EN,Federal Contract Tower,0,0,8,47,55,0,0,12,1,13,0,0,20,48,68,16,47,63,131
10/17/2018,ISO,NC,ASO,EN,Federal Contract Tower,0,0,10,16,26,0,1,1,0,2,0,1,11,16,28,12,28,40,68
10/18/2018,ISO,NC,ASO,EN,Federal Contract Tower,0,0,11,18,29,0,6,13,2,21,0,6,24,20,50,26,72,98,148
10/19/2018,ISO,NC,ASO,EN,Federal Contract Tower,0,1,11,8,20,0,5,12,0,17,0,6,23,8,37,24,48,72,109
10/20/2018,ISO,NC,ASO,EN,Federal Contract Tower,0,0,2,0,2,0,6,2,0,8,0,6,4,0,10,6,0,6,16
10/21/2018,ISO,NC,ASO,EN,Federal Contract Tower,0,1,7,2,10,0,0,2,0,2,0,1,9,2,12,0,0,0,12
10/22/2018,ISO,NC,ASO,EN,Federal Contract Tower,0,0,6,22,28,0,5,5,4,14,0,5,11,26,42,6,48,54,96
10/23/2018,ISO,NC,ASO,EN,Federal Contract Tower,0,0,10,14,24,0,2,21,4,27,0,2,31,18,51,44,4,48,99
10/24/2018,ISO,NC,ASO,EN,Federal Contract Tower,2,3,9,26,40,0,6,12,0,18,2,9,21,26,58,20,32,52,110
10/25/2018,ISO,NC,ASO,EN,Federal Contract Tower,0,1,14,6,21,0,6,9,0,15,0,7,23,6,36,40,40,80,116
10/26/2018,ISO,NC,ASO,EN,Federal Contract Tower,0,0,5,2,7,0,0,1,0,1,0,0,6,2,8,0,0,0,8
10/27/2018,ISO,NC,ASO,EN,Federal Contract Tower,0,2,13,0,15,0,0,2,0,2,0,2,15,0,17,0,0,0,17
10/28/2018,ISO,NC,ASO,EN,Federal Contract Tower,0,2,6,0,8,0,0,3,0,3,0,2,9,0,11,0,0,0,11
10/29/2018,ISO,NC,ASO,EN,Federal Contract Tower,0,5,12,10,27,0,3,8,8,19,0,8,20,18,46,22,78,100,146
10/30/2018,ISO,NC,ASO,EN,Federal Contract Tower,0,3,4,17,24,0,11,24,8,43,0,14,28,25,67,63,20,83,150
10/31/2018,ISO,NC,ASO,EN,Federal Contract Tower,0,3,12,18,33,0,0,15,2,17,0,3,27,20,50,10,36,46,96
11/01/2018,ISO,NC,ASO,EN,Federal Contract Tower,0,0,2,7,9,0,2,2,9,13,0,2,4,16,22,0,48,48,70
11/02/2018,ISO,NC,ASO,EN,Federal Contract Tower,0,0,2,26,28,0,0,0,0,0,0,0,2,26,28,0,72,72,100
11/03/2018,ISO,NC,ASO,EN,Federal Contract Tower,0,0,5,0,5,0,6,16,0,22,0,6,21,0,27,40,0,40,67
11/04/2018,ISO,NC,ASO,EN,Federal Contract Tower,0,0,11,0,11,0,0,19,0,19,0,0,30,0,30,28,0,28,58
11/05/2018,ISO,NC,ASO,EN,Federal Contract Tower,0,0,5,8,13,0,0,0,0,0,0,0,5,8,13,0,0,0,13
11/06/2018,ISO,NC,ASO,EN,Federal Contract Tower,0,0,5,61,66,0,0,0,8,8,0,0,5,69,74,0,68,68,142
11/07/2018,ISO,NC,ASO,EN,Federal Contract Tower,0,0,8,4,12,0,1,30,2,33,0,1,38,6,45,62,48,110,155
11/08/2018,ISO,NC,ASO,EN,Federal Contract Tower,0,0,10,10,20,0,14,4,0,18,0,14,14,10,38,2,20,22,60
11/09/2018,ISO,NC,ASO,EN,Federal Contract Tower,0,3,6,12,21,0,0,0,0,0,0,3,6,12,21,0,0,0,21
11/10/2018,ISO,NC,ASO,EN,Federal Contract Tower,0,0,7,0,7,0,3,2,0,5,0,3,9,0,12,20,0,20,32
11/11/2018,ISO,NC,ASO,EN,Federal Contract Tower,0,0,2,0,2,0,3,11,0,14,0,3,13,0,16,36,0,36,52
11/12/2018,ISO,NC,ASO,EN,Federal Contract Tower,0,3,4,0,7,0,0,2,0,2,0,3,6,0,9,0,0,0,9
11/13/2018,ISO,NC,ASO,EN,Federal Contract Tower,0,5,8,20,33,0,0,0,0,0,0,5,8,20,33,0,0,0,33
11/14/2018,ISO,NC,ASO,EN,Federal Contract Tower,0,0,0,42,42,0,0,0,0,0,0,0,0,42,42,0,88,88,130
11/15/2018,ISO,NC,ASO,EN,Federal Contract Tower,0,0,5,0,5,0,0,0,0,0,0,0,5,0,5,0,0,0,5
11/16/2018,ISO,NC,ASO,EN,Federal Contract Tower,0,2,21,13,36,0,2,22,2,26,0,4,43,15,62,56,31,87,149
11/17/2018,ISO,NC,ASO,EN,Federal Contract Tower,0,0,10,4,14,0,0,20,0,20,0,0,30,4,34,76,24,100,134
11/18/2018,ISO,NC,ASO,EN,Federal Contract Tower,0,0,7,0,7,0,0,3,0,3,0,0,10,0,10,26,0,26,36
11/19/2018,ISO,NC,ASO,EN,Federal Contract Tower,0,1,8,18,27,0,0,1,0,1,0,1,9,18,28,0,0,0,28
11/20/2018,ISO,NC,ASO,EN,Federal Contract Tower,0,2,15,19,36,0,4,8,2,14,0,6,23,21,50,14,14,28,78
11/21/2018,ISO,NC,ASO,EN,Federal Contract Tower,0,1,7,11,19,0,0,13,1,14,0,1,20,12,33,30,20,50,83
11/22/2018,ISO,NC,ASO,EN,Federal Contract Tower,0,0,1,0,1,0,0,3,0,3,0,0,4,0,4,2,0,2,6
11/23/2018,ISO,NC,ASO,EN,Federal Contract Tower,0,0,1,0,1,0,0,12,0,12,0,0,13,0,13,20,0,20,33
11/24/2018,ISO,NC,ASO,EN,Federal Contract Tower,0,3,0,0,3,0,0,0,0,0,0,3,0,0,3,0,0,0,3
11/25/2018,ISO,NC,ASO,EN,Federal Contract Tower,0,2,4,0,6,0,0,11,0,11,0,2,15,0,17,12,0,12,29
11/26/2018,ISO,NC,ASO,EN,Federal Contract Tower,0,0,7,10,17,0,0,0,0,0,0,0,7,10,17,0,0,0,17
11/27/2018,ISO,NC,ASO,EN,Federal Contract Tower,0,0,7,2,9,0,0,6,6,12,0,0,13,8,21,2,22,24,45
11/28/2018,ISO,NC,ASO,EN,Federal Contract Tower,0,0,10,25,35,0,2,10,6,18,0,2,20,31,53,6,84,90,143
11/29/2018,ISO,NC,ASO,EN,Federal Contract Tower,0,0,7,25,32,0,4,13,2,19,0,4,20,27,51,22,94,116,167
11/30/2018,ISO,NC,ASO,EN,Federal Contract Tower,0,2,11,2,15,0,0,9,4,13,0,2,20,6,28,2,28,30,58
12/01/2018,ISO,NC,ASO,EN,Federal Contract Tower,0,3,2,0,5,0,0,2,2,4,0,3,4,2,9,4,2,6,15
12/02/2018,ISO,NC,ASO,EN,Federal Contract Tower,0,0,5,0,5,0,0,1,0,1,0,0,6,0,6,6,0,6,12
12/03/2018,ISO,NC,ASO,EN,Federal Contract Tower,0,1,13,10,24,0,2,2,7,11,0,3,15,17,35,8,46,54,89
12/04/2018,ISO,NC,ASO,EN,Federal Contract Tower,0,0,7,12,19,0,2,9,0,11,0,2,16,12,30,20,20,40,70
12/05/2018,ISO,NC,ASO,EN,Federal Contract Tower,0,1,10,0,11,0,8,7,2,17,0,9,17,2,28,4,18,22,50
12/06/2018,ISO,NC,ASO,EN,Federal Contract Tower,0,1,8,15,24,0,3,12,4,19,0,4,20,19,43,8,40,48,91
12/07/2018,ISO,NC,ASO,EN,Federal Contract Tower,0,0,9,12,21,0,3,8,4,15,0,3,17,16,36,0,24,24,60
12/08/2018,ISO,NC,ASO,EN,Federal Contract Tower,0,2,1,0,3,0,0,16,0,16,0,2,17,0,19,10,0,10,29
12/09/2018,ISO,NC,ASO,EN,Federal Contract Tower,0,0,5,0,5,0,0,0,0,0,0,0,5,0,5,0,0,0,5
12/10/2018,ISO,NC,ASO,EN,Federal Contract Tower,0,4,3,0,7,0,0,0,0,0,0,4,3,0,7,0,0,0,7
12/11/2018,ISO,NC,ASO,EN,Federal Contract Tower,0,0,7,29,36,0,3,11,7,21,0,3,18,36,57,12,48,60,117
12/12/2018,ISO,NC,ASO,EN,Federal Contract Tower,0,1,4,21,26,0,3,11,3,17,0,4,15,24,43,6,74,80,123
12/13/2018,ISO,NC,ASO,EN,Federal Contract Tower,0,0,7,8,15,0,5,13,6,24,0,5,20,14,39,22,40,62,101
12/14/2018,ISO,NC,ASO,EN,Federal Contract Tower,0,0,5,11,16,0,0,2,1,3,0,0,7,12,19,4,28,32,51
12/15/2018,ISO,NC,ASO,EN,Federal Contract Tower,0,2,0,2,4,0,0,0,0,0,0,2,0,2,4,0,0,0,4
12/16/2018,ISO,NC,ASO,EN,Federal Contract Tower,0,3,0,3,6,0,6,5,0,11,0,9,5,3,17,10,6,16,33
12/17/2018,ISO,NC,ASO,EN,Federal Contract Tower,0,2,2,12,16,0,3,8,1,12,0,5,10,13,28,14,18,32,60
12/18/2018,ISO,NC,ASO,EN,Federal Contract Tower,0,0,14,29,43,0,5,13,0,18,0,5,27,29,61,30,0,30,91
12/20/2018,ISO,NC,ASO,EN,Federal Contract Tower,0,6,10,0,16,0,1,0,0,1,0,7,10,0,17,6,0,6,23
12/21/2018,ISO,NC,ASO,EN,Federal Contract Tower,0,2,3,0,5,0,0,3,0,3,0,2,6,0,8,0,0,0,8
12/22/2018,ISO,NC,ASO,EN,Federal Contract Tower,0,2,10,0,12,0,0,5,0,5,0,2,15,0,17,4,0,4,21
12/23/2018,ISO,NC,ASO,EN,Federal Contract Tower,0,2,3,0,5,0,0,16,0,16,0,2,19,0,21,30,0,30,51
12/24/2018,ISO,NC,ASO,EN,Federal Contract Tower,0,0,1,0,1,0,0,8,0,8,0,0,9,0,9,10,0,10,19
12/25/2018,ISO,NC,ASO,EN,Federal Contract Tower,0,0,0,0,0,0,0,4,0,4,0,0,4,0,4,10,0,10,14
12/26/2018,ISO,NC,ASO,EN,Federal Contract Tower,0,0,10,2,12,0,0,5,0,5,0,0,15,2,17,18,0,18,35
12/27/2018,ISO,NC,ASO,EN,Federal Contract Tower,0,0,1,4,5,0,2,14,2,18,0,2,15,6,23,4,20,24,47
12/28/2018,ISO,NC,ASO,EN,Federal Contract Tower,0,1,13,0,14,0,0,0,0,0,0,1,13,0,14,0,2,2,16
12/29/2018,ISO,NC,ASO,EN,Federal Contract Tower,0,0,3,0,3,0,0,10,0,10,0,0,13,0,13,16,0,16,29
12/30/2018,ISO,NC,ASO,EN,Federal Contract Tower,0,0,2,0,2,0,0,0,0,0,0,0,2,0,2,0,0,0,2
12/31/2018,ISO,NC,ASO,EN,Federal Contract Tower,0,0,6,0,6,0,0,0,0,0,0,0,6,0,6,0,0,0,6
01/01/2019,ISO,NC,ASO,EN,Federal Contract Tower,0,0,2,0,2,0,0,5,0,5,0,0,7,0,7,16,0,16,23
01/02/2019,ISO,NC,ASO,EN,Federal Contract Tower,0,0,2,2,4,0,0,0,0,0,0,0,2,2,4,0,6,6,10
01/03/2019,ISO,NC,ASO,EN,Federal Contract Tower,0,0,4,10,14,0,0,0,0,0,0,0,4,10,14,0,0,0,14
01/04/2019,ISO,NC,ASO,EN,Federal Contract Tower,0,0,4,0,4,0,0,0,0,0,0,0,4,0,4,0,0,0,4
01/05/2019,ISO,NC,ASO,EN,Federal Contract Tower,0,0,4,0,4,0,0,6,0,6,0,0,10,0,10,12,0,12,22
01/06/2019,ISO,NC,ASO,EN,Federal Contract Tower,0,0,6,4,10,0,0,14,1,15,0,0,20,5,25,14,4,18,43
01/07/2019,ISO,NC,ASO,EN,Federal Contract Tower,0,0,10,7,17,0,2,10,1,13,0,2,20,8,30,22,40,62,92
01/08/2019,ISO,NC,ASO,EN,Federal Contract Tower,0,0,13,7,20,0,1,6,12,19,0,1,19,19,39,42,40,82,121
01/09/2019,ISO,NC,ASO,EN,Federal Contract Tower,0,0,5,8,13,0,2,5,6,13,0,2,10,14,26,18,64,82,108
01/10/2019,ISO,NC,ASO,EN,Federal Contract Tower,0,1,9,6,16,0,0,2,0,2,0,1,11,6,18,0,28,28,46
01/11/2019,ISO,NC,ASO,EN,Federal Contract Tower,0,5,7,6,18,0,2,17,2,21,0,7,24,8,39,38,26,64,103
01/12/2019,ISO,NC,ASO,EN,Federal Contract Tower,0,0,7,0,7,0,0,14,0,14,0,0,21,0,21,16,0,16,37
01/13/2019,ISO,NC,ASO,EN,Federal Contract Tower,0,0,4,0,4,0,0,0,0,0,0,0,4,0,4,0,0,0,4
01/14/2019,ISO,NC,ASO,EN,Federal Contract Tower,0,0,14,11,25,0,0,0,0,0,0,0,14,11,25,0,4,4,29
01/15/2019,ISO,NC,ASO,EN,Federal Contract Tower,0,0,7,6,13,0,2,8,4,14,0,2,15,10,27,18,18,36,63
01/16/2019,ISO,NC,ASO,EN,Federal Contract Tower,0,1,5,7,13,0,3,13,1,17,0,4,18,8,30,34,10,44,74
01/17/2019,ISO,NC,ASO,EN,Federal Contract Tower,0,0,4,32,36,0,2,15,0,17,0,2,19,32,53,6,66,72,125
01/18/2019,ISO,NC,ASO,EN,Federal Contract Tower,0,2,10,18,30,0,2,5,0,7,0,4,15,18,37,18,30,48,85
01/19/2019,ISO,NC,ASO,EN,Federal Contract Tower,0,0,10,2,12,0,0,6,2,8,0,0,16,4,20,16,8,24,44
01/21/2019,ISO,NC,ASO,EN,Federal Contract Tower,0,0,8,0,8,0,0,5,0,5,0,0,13,0,13,6,0,6,19
01/22/2019,ISO,NC,ASO,EN,Federal Contract Tower,0,1,5,5,11,0,0,17,3,20,0,1,22,8,31,20,4,24,55
01/23/2019,ISO,NC,ASO,EN,Federal Contract Tower,0,0,12,22,34,0,4,3,2,9,0,4,15,24,43,0,34,34,77
01/24/2019,ISO,NC,ASO,EN,Federal Contract Tower,0,0,6,21,27,0,0,2,2,4,0,0,8,23,31,2,78,80,111
01/25/2019,ISO,NC,ASO,EN,Federal Contract Tower,0,2,11,18,31,0,9,24,2,35,0,11,35,20,66,34,66,100,166
01/26/2019,ISO,NC,ASO,EN,Federal Contract Tower,0,0,0,0,0,0,0,12,0,12,0,0,12,0,12,34,0,34,46
01/27/2019,ISO,NC,ASO,EN,Federal Contract Tower,0,0,3,4,7,0,0,8,2,10,0,0,11,6,17,36,20,56,73
01/28/2019,ISO,NC,ASO,EN,Federal Contract Tower,0,0,8,24,32,0,0,5,2,7,0,0,13,26,39,2,34,36,75
01/29/2019,ISO,NC,ASO,EN,Federal Contract Tower,0,0,8,37,45,0,0,5,3,8,0,0,13,40,53,16,62,78,131
01/30/2019,ISO,NC,ASO,EN,Federal Contract Tower,0,0,17,27,44,0,1,2,3,6,0,1,19,30,50,0,20,20,70
01/31/2019,ISO,NC,ASO,EN,Federal Contract Tower,1,0,9,26,36,0,2,22,6,30,1,2,31,32,66,16,98,114,180
02/01/2019,ISO,NC,ASO,EN,Federal Contract Tower,0,1,15,0,16,0,0,11,0,11,0,1,26,0,27,0,0,0,27
02/02/2019,ISO,NC,ASO,EN,Federal Contract Tower,0,0,0,0,0,0,0,10,0,10,0,0,10,0,10,20,0,20,30
02/03/2019,ISO,NC,ASO,EN,Federal Contract Tower,0,0,3,0,3,0,0,6,0,6,0,0,9,0,9,14,0,14,23
02/04/2019,ISO,NC,ASO,EN,Federal Contract Tower,0,1,10,2,13,0,2,6,1,9,0,3,16,3,22,10,40,50,72
02/05/2019,ISO,NC,ASO,EN,Federal Contract Tower,0,0,7,14,21,0,1,6,4,11,0,1,13,18,32,6,44,50,82
02/06/2019,ISO,NC,ASO,EN,Federal Contract Tower,0,2,10,4,16,0,4,14,4,22,0,6,24,8,38,40,25,65,103
02/07/2019,ISO,NC,ASO,EN,Federal Contract Tower,0,0,4,17,21,0,6,13,5,24,0,6,17,22,45,26,132,158,203
02/08/2019,ISO,NC,ASO,EN,Federal Contract Tower,4,0,11,9,24,0,4,16,16,36,4,4,27,25,60,26,98,124,184
02/09/2019,ISO,NC,ASO,EN,Federal Contract Tower,0,0,6,0,6,0,2,4,0,6,0,2,10,0,12,22,0,22,34
02/10/2019,ISO,NC,ASO,EN,Federal Contract Tower,1,0,4,14,19,0,11,2,0,13,1,11,6,14,32,16,10,26,58
02/11/2019,ISO,NC,ASO,EN,Federal Contract Tower,0,0,4,2,6,0,0,0,0,0,0,0,4,2,6,0,0,0,6
02/12/2019,ISO,NC,ASO,EN,Federal Contract Tower,0,0,4,6,10,0,0,0,0,0,0,0,4,6,10,0,8,8,18
02/13/2019,ISO,NC,ASO,EN,Federal Contract Tower,0,0,6,6,12,0,2,7,2,11,0,2,13,8,23,0,28,28,51
02/14/2019,ISO,NC,ASO,EN,Federal Contract Tower,0,0,9,8,17,0,2,14,0,16,0,2,23,8,33,0,22,22,55
02/15/2019,ISO,NC,ASO,EN,Federal Contract Tower,0,1,8,12,21,0,11,5,2,18,0,12,13,14,39,2,12,14,53
02/16/2019,ISO,NC,ASO,EN,Federal Contract Tower,0,2,5,0,7,0,0,0,0,0,0,2,5,0,7,0,0,0,7
02/17/2019,ISO,NC,ASO,EN,Federal Contract Tower,0,4,2,0,6,0,0,2,0,2,0,4,4,0,8,6,0,6,14
02/18/2019,ISO,NC,ASO,EN,Federal Contract Tower,0,1,6,0,7,0,3,2,0,5,0,4,8,0,12,0,0,0,12
02/19/2019,ISO,NC,ASO,EN,Federal Contract Tower,0,0,6,17,23,0,1,3,3,7,0,1,9,20,30,2,34,36,66
02/20/2019,ISO,NC,ASO,EN,Federal Contract Tower,0,0,5,8,13,0,0,0,0,0,0,0,5,8,13,0,0,0,13
02/21/2019,ISO,NC,ASO,EN,Federal Contract Tower,0,2,13,2,17,0,0,0,0,0,0,2,13,2,17,0,0,0,17
02/22/2019,ISO,NC,ASO,EN,Federal Contract Tower,0,0,13,18,31,0,0,2,0,2,0,0,15,18,33,4,12,16,49
02/23/2019,ISO,NC,ASO,EN,Federal Contract Tower,0,0,5,0,5,0,0,0,0,0,0,0,5,0,5,0,0,0,5
02/24/2019,ISO,NC,ASO,EN,Federal Contract Tower,0,2,5,0,7,0,2,0,2,4,0,4,5,2,11,0,0,0,11
02/25/2019,ISO,NC,ASO,EN,Federal Contract Tower,0,0,11,4,15,0,10,5,4,19,0,10,16,8,34,16,14,30,64
02/26/2019,ISO,NC,ASO,EN,Federal Contract Tower,0,1,11,8,20,0,0,28,8,36,0,1,39,16,56,14,44,58,114
02/27/2019,ISO,NC,ASO,EN,Federal Contract Tower,1,2,13,11,27,0,10,4,3,17,1,12,17,14,44,0,28,28,72
02/28/2019,ISO,NC,ASO,EN,Federal Contract Tower,0,0,23,8,31,0,6,17,2,25,0,6,40,10,56,0,0,0,56
03/01/2019,ISO,NC,ASO,EN,Federal Contract Tower,0,0,11,5,16,0,0,2,1,3,0,0,13,6,19,0,24,24,43
03/02/2019,ISO,NC,ASO,EN,Federal Contract Tower,0,1,3,0,4,0,0,2,0,2,0,1,5,0,6,18,0,18,24
03/03/2019,ISO,NC,ASO,EN,Federal Contract Tower,0,0,3,6,9,0,0,3,1,4,0,0,6,7,13,0,22,22,35
03/04/2019,ISO,NC,ASO,EN,Federal Contract Tower,0,0,10,13,23,0,0,0,3,3,0,0,10,16,26,0,24,24,50
03/05/2019,ISO,NC,ASO,EN,Federal Contract Tower,0,2,5,22,29,0,0,9,7,16,0,2,14,29,45,14,42,56,101
03/06/2019,ISO,NC,ASO,EN,Federal Contract Tower,1,2,5,44,52,0,4,8,1,13,1,6,13,45,65,26,18,44,109
03/07/2019,ISO,NC,ASO,EN,Federal Contract Tower,1,2,11,24,38,0,4,10,6,20,1,6,21,30,58,14,37,51,109
03/08/2019,ISO,NC,ASO,EN,Federal Contract Tower,2,1,9,14,26,0,0,7,2,9,2,1,16,16,35,6,44,50,85
03/09/2019,ISO,NC,ASO,EN,Federal Contract Tower,0,0,1,6,7,0,0,2,2,4,0,0,3,8,11,0,6,6,17
03/10/2019,ISO,NC,ASO,EN,Federal Contract Tower,0,0,5,2,7,0,0,0,4,4,0,0,5,6,11,0,6,6,17
03/11/2019,ISO,NC,ASO,EN,Federal Contract Tower,0,0,6,15,21,0,6,13,8,27,0,6,19,23,48,14,46,60,108
03/12/2019,ISO,NC,ASO,EN,Federal Contract Tower,0,0,12,21,33,0,7,7,4,18,0,7,19,25,51,12,26,38,89
03/13/2019,ISO,NC,ASO,EN,Federal Contract Tower,0,0,7,9,16,0,4,12,4,20,0,4,19,13,36,10,20,30,66
03/14/2019,ISO,NC,ASO,EN,Federal Contract Tower,0,1,4,12,17,0,6,7,4,17,0,7,11,16,34,8,0,8,42
03/15/2019,ISO,NC,ASO,EN,Federal Contract Tower,0,2,10,4,16,0,12,4,0,16,0,14,14,4,32,2,4,6,38
03/16/2019,ISO,NC,ASO,EN,Federal Contract Tower,0,0,3,0,3,0,5,11,0,16,0,5,14,0,19,10,0,10,29
03/17/2019,ISO,NC,ASO,EN,Federal Contract Tower,0,2,11,0,13,0,4,16,0,20,0,6,27,0,33,60,0,60,93
03/18/2019,ISO,NC,ASO,EN,Federal Contract Tower,0,0,8,8,16,0,14,6,0,20,0,14,14,8,36,22,8,30,66
03/19/2019,ISO,NC,ASO,EN,Federal Contract Tower,0,0,10,24,34,0,4,1,8,13,0,4,11,32,47,0,18,18,65
03/20/2019,ISO,NC,ASO,EN,Federal Contract Tower,0,1,11,11,23,0,0,0,0,0,0,1,11,11,23,0,4,4,27
03/21/2019,ISO,NC,ASO,EN,Federal Contract Tower,0,5,10,4,19,0,3,1,0,4,0,8,11,4,23,0,0,0,23
03/22/2019,ISO,NC,ASO,EN,Federal Contract Tower,0,1,10,8,19,0,7,9,2,18,0,8,19,10,37,0,38,38,75
03/23/2019,ISO,NC,ASO,EN,Federal Contract Tower,0,1,9,0,10,0,14,3,0,17,0,15,12,0,27,8,0,8,35
03/24/2019,ISO,NC,ASO,EN,Federal Contract Tower,0,0,0,0,0,0,10,17,0,27,0,10,17,0,27,10,0,10,37
03/25/2019,ISO,NC,ASO,EN,Federal Contract Tower,0,0,8,3,11,0,6,9,0,15,0,6,17,3,26,12,0,12,38
03/26/2019,ISO,NC,ASO,EN,Federal Contract Tower,0,0,10,2,12,0,0,5,0,5,0,0,15,2,17,4,0,4,21
03/27/2019,ISO,NC,ASO,EN,Federal Contract Tower,0,1,10,5,16,0,3,11,1,15,0,4,21,6,31,12,24,36,67
03/28/2019,ISO,NC,ASO,EN,Federal Contract Tower,0,2,5,4,11,0,13,20,11,44,0,15,25,15,55,20,38,58,113
03/29/2019,ISO,NC,ASO,EN,Federal Contract Tower,0,0,12,2,14,0,8,22,1,31,0,8,34,3,45,2,18,20,65
03/30/2019,ISO,NC,ASO,EN,Federal Contract Tower,0,2,0,0,2,0,10,23,0,33,0,12,23,0,35,22,0,22,57
03/31/2019,ISO,NC,ASO,EN,Federal Contract Tower,0,4,2,0,6,0,11,4,0,15,0,15,6,0,21,0,0,0,21
04/01/2019,ISO,NC,ASO,EN,Federal Contract Tower,0,0,5,29,34,0,8,21,16,45,0,8,26,45,79,32,54,86,165
04/02/2019,ISO,NC,ASO,EN,Federal Contract Tower,0,1,5,0,6,0,0,0,0,0,0,1,5,0,6,0,0,0,6
04/03/2019,ISO,NC,ASO,EN,Federal Contract Tower,0,0,2,12,14,8,6,15,0,29,8,6,17,12,43,20,62,82,125
04/04/2019,ISO,NC,ASO,EN,Federal Contract Tower,0,0,7,20,27,0,11,17,0,28,0,11,24,20,55,14,74,88,143
04/05/2019,ISO,NC,ASO,EN,Federal Contract Tower,0,0,8,15,23,0,0,0,3,3,0,0,8,18,26,0,72,72,98
04/06/2019,ISO,NC,ASO,EN,Federal Contract Tower,0,0,5,0,5,0,0,2,0,2,0,0,7,0,7,6,0,6,13
04/07/2019,ISO,NC,ASO,EN,Federal Contract Tower,0,0,11,0,11,0,0,4,0,4,0,0,15,0,15,16,0,16,31
04/08/2019,ISO,NC,ASO,EN,Federal Contract Tower,0,0,9,4,13,0,0,5,3,8,0,0,14,7,21,18,12,30,51
04/09/2019,ISO,NC,ASO,EN,Federal Contract Tower,0,0,5,10,15,0,0,0,2,2,0,0,5,12,17,0,28,28,45
04/10/2019,ISO,NC,ASO,EN,Federal Contract Tower,0,4,7,37,48,0,4,12,4,20,0,8,19,41,68,10,60,70,138
04/11/2019,ISO,NC,ASO,EN,Federal Contract Tower,1,2,7,13,23,0,6,20,2,28,1,8,27,15,51,14,44,58,109
04/12/2019,ISO,NC,ASO,EN,Federal Contract Tower,0,0,10,1,11,0,0,15,1,16,0,0,25,2,27,0,0,0,27
04/13/2019,ISO,NC,ASO,EN,Federal Contract Tower,0,1,10,0,11,0,0,0,0,0,0,1,10,0,11,0,0,0,11
04/14/2019,ISO,NC,ASO,EN,Federal Contract Tower,0,0,9,0,9,0,0,0,0,0,0,0,9,0,9,0,0,0,9
04/15/2019,ISO,NC,ASO,EN,Federal Contract Tower,0,0,5,2,7,0,5,1,0,6,0,5,6,2,13,18,0,18,31
04/16/2019,ISO,NC,ASO,EN,Federal Contract Tower,0,0,9,6,15,0,2,7,4,13,0,2,16,10,28,4,14,18,46
04/17/2019,ISO,NC,ASO,EN,Federal Contract Tower,0,0,6,10,16,0,8,6,9,23,0,8,12,19,39,0,72,72,111
04/18/2019,ISO,NC,ASO,EN,Federal Contract Tower,0,0,7,5,12,0,4,9,3,16,0,4,16,8,28,10,68,78,106
04/19/2019,ISO,NC,ASO,EN,Federal Contract Tower,0,0,6,0,6,0,0,0,0,0,0,0,6,0,6,0,0,0,6
04/20/2019,ISO,NC,ASO,EN,Federal Contract Tower,0,5,8,0,13,0,8,11,0,19,0,13,19,0,32,10,0,10,42
04/21/2019,ISO,NC,ASO,EN,Federal Contract Tower,0,0,2,0,2,0,0,5,0,5,0,0,7,0,7,10,0,10,17
04/22/2019,ISO,NC,ASO,EN,Federal Contract Tower,0,0,7,6,13,0,2,4,4,10,0,2,11,10,23,6,20,26,49
04/23/2019,ISO,NC,ASO,EN,Federal Contract Tower,0,2,5,6,13,0,0,24,3,27,0,2,29,9,40,14,36,50,90
04/24/2019,ISO,NC,ASO,EN,Federal Contract Tower,0,0,8,24,32,0,5,12,7,24,0,5,20,31,56,4,22,26,82
04/25/2019,ISO,NC,ASO,EN,Federal Contract Tower,0,0,11,6,17,0,4,15,0,19,0,4,26,6,36,0,38,38,74
04/26/2019,ISO,NC,ASO,EN,Federal Contract Tower,0,1,5,0,6,0,3,3,0,6,0,4,8,0,12,0,0,0,12
04/27/2019,ISO,NC,ASO,EN,Federal Contract Tower,0,0,1,0,1,0,7,16,0,23,0,7,17,0,24,12,0,12,36
04/28/2019,ISO,NC,ASO,EN,Federal Contract Tower,0,3,6,0,9,0,11,10,0,21,0,14,16,0,30,0,0,0,30
04/29/2019,ISO,NC,ASO,EN,Federal Contract Tower,0,1,4,19,24,0,12,3,7,22,0,13,7,26,46,2,106,108,154
04/30/2019,ISO,NC,ASO,EN,Federal Contract Tower,0,0,4,14,18,0,6,16,15,37,0,6,20,29,55,6,70,76,131
05/01/2019,ISO,NC,ASO,EN,Federal Contract Tower,0,0,7,9,16,0,13,22,3,38,0,13,29,12,54,14,76,90,144
05/02/2019,ISO,NC,ASO,EN,Federal Contract Tower,0,0,4,6,10,0,11,7,5,23,0,11,11,11,33,22,40,62,95
05/03/2019,ISO,NC,ASO,EN,Federal Contract Tower,0,0,5,16,21,0,7,5,8,20,0,7,10,24,41,8,46,54,95
05/04/2019,ISO,NC,ASO,EN,Federal Contract Tower,0,2,7,7,16,0,17,7,2,26,0,19,14,9,42,0,8,8,50
05/05/2019,ISO,NC,ASO,EN,Federal Contract Tower,0,2,0,0,2,0,0,2,2,4,0,2,2,2,6,0,0,0,6
05/06/2019,ISO,NC,ASO,EN,Federal Contract Tower,0,0,4,12,16,0,2,12,8,22,0,2,16,20,38,28,4,32,70
05/07/2019,ISO,NC,ASO,EN,Federal Contract Tower,0,0,10,14,24,0,3,17,2,22,0,3,27,16,46,4,8,12,58
05/08/2019,ISO,NC,ASO,EN,Federal Contract Tower,0,0,5,19,24,0,3,9,0,12,0,3,14,19,36,6,56,62,98
05/09/2019,ISO,NC,ASO,EN,Federal Contract Tower,0,2,17,20,39,0,2,5,7,14,0,4,22,27,53,6,42,48,101
05/10/2019,ISO,NC,ASO,EN,Federal Contract Tower,0,0,11,9,20,0,6,16,9,31,0,6,27,18,51,2,36,38,89
05/11/2019,ISO,NC,ASO,EN,Federal Contract Tower,0,0,2,0,2,0,5,9,0,14,0,5,11,0,16,6,0,6,22
05/12/2019,ISO,NC,ASO,EN,Federal Contract Tower,0,0,2,2,4,0,0,0,0,0,0,0,2,2,4,0,0,0,4
05/13/2019,ISO,NC,ASO,EN,Federal Contract Tower,0,0,4,0,4,0,1,2,1,4,0,1,6,1,8,0,0,0,8
05/14/2019,ISO,NC,ASO,EN,Federal Contract Tower,0,0,12,24,36,0,2,10,5,17,0,2,22,29,53,40,44,84,137
05/15/2019,ISO,NC,ASO,EN,Federal Contract Tower,0,0,15,5,20,0,9,32,4,45,0,9,47,9,65,32,20,52,117
05/16/2019,ISO,NC,ASO,EN,Federal Contract Tower,0,0,11,2,13,0,14,21,2,37,0,14,32,4,50,26,30,56,106
05/17/2019,ISO,NC,ASO,EN,Federal Contract Tower,2,0,7,17,26,0,12,9,1,22,2,12,16,18,48,10,38,48,96
05/18/2019,ISO,NC,ASO,EN,Federal Contract Tower,0,2,2,0,4,0,9,10,0,19,0,11,12,0,23,20,0,20,43
05/19/2019,ISO,NC,ASO,EN,Federal Contract Tower,0,3,7,0,10,0,10,36,0,46,0,13,43,0,56,6,0,6,62
05/20/2019,ISO,NC,ASO,EN,Federal Contract Tower,0,0,13,11,24,0,12,69,11,92,0,12,82,22,116,16,10,26,142
05/21/2019,ISO,NC,ASO,EN,Federal Contract Tower,0,0,12,30,42,0,6,53,4,63,0,6,65,34,105,8,62,70,175
05/22/2019,ISO,NC,ASO,EN,Federal Contract Tower,0,0,15,29,44,0,10,61,2,73,0,10,76,31,117,12,40,52,169
05/23/2019,ISO,NC,ASO,EN,Federal Contract Tower,0,1,16,0,17,0,14,56,0,70,0,15,72,0,87,8,20,28,115
05/24/2019,ISO,NC,ASO,EN,Federal Contract Tower,0,0,13,4,17,0,6,43,0,49,0,6,56,4,66,22,2,24,90
05/25/2019,ISO,NC,ASO,EN,Federal Contract Tower,0,2,5,0,7,0,6,83,0,89,0,8,88,0,96,5,0,5,101
05/26/2019,ISO,NC,ASO,EN,Federal Contract Tower,0,0,3,0,3,0,13,29,0,42,0,13,32,0,45,0,0,0,45
05/27/2019,ISO,NC,ASO,EN,Federal Contract Tower,0,2,6,0,8,0,18,57,0,75,0,20,63,0,83,6,0,6,89
05/28/2019,ISO,NC,ASO,EN,Federal Contract Tower,0,0,5,8,13,0,5,95,0,100,0,5,100,8,113,2,16,18,131
05/29/2019,ISO,NC,ASO,EN,Federal Contract Tower,0,0,6,6,12,0,4,17,4,25,0,4,23,10,37,8,46,54,91
05/30/2019,ISO,NC,ASO,EN,Federal Contract Tower,0,0,6,18,24,0,6,21,2,29,0,6,27,20,53,12,46,58,111
05/31/2019,ISO,NC,ASO,EN,Federal Contract Tower,6,0,6,6,18,0,5,16,4,25,6,5,22,10,43,6,18,24,67
06/01/2019,ISO,NC,ASO,EN,Federal Contract Tower,0,0,5,6,11,0,7,15,0,22,0,7,20,6,33,0,0,0,33
06/02/2019,ISO,NC,ASO,EN,Federal Contract Tower,0,2,8,0,10,0,8,19,0,27,0,10,27,0,37,16,0,16,53
06/03/2019,ISO,NC,ASO,EN,Federal Contract Tower,0,0,15,39,54,0,11,9,4,24,0,11,24,43,78,34,26,60,138
06/04/2019,ISO,NC,ASO,EN,Federal Contract Tower,0,0,10,11,21,0,11,18,2,31,0,11,28,13,52,18,26,44,96
06/05/2019,ISO,NC,ASO,EN,Federal Contract Tower,0,4,6,11,21,0,8,9,0,17,0,12,15,11,38,0,14,14,52
06/06/2019,ISO,NC,ASO,EN,Federal Contract Tower,0,0,9,15,24,0,6,21,3,30,0,6,30,18,54,14,48,62,116
06/07/2019,ISO,NC,ASO,EN,Federal Contract Tower,0,0,10,2,12,0,0,6,4,10,0,0,16,6,22,0,20,20,42
06/08/2019,ISO,NC,ASO,EN,Federal Contract Tower,0,0,0,0,0,0,0,0,0,0,0,0,0,0,0,0,0,0,0
06/09/2019,ISO,NC,ASO,EN,Federal Contract Tower,0,0,6,0,6,0,0,0,0,0,0,0,6,0,6,0,0,0,6
06/10/2019,ISO,NC,ASO,EN,Federal Contract Tower,0,0,6,6,12,0,0,5,4,9,0,0,11,10,21,0,26,26,47
06/11/2019,ISO,NC,ASO,EN,Federal Contract Tower,0,0,9,16,25,0,3,6,13,22,0,3,15,29,47,10,68,78,125
06/12/2019,ISO,NC,ASO,EN,Federal Contract Tower,0,0,10,4,14,0,0,2,0,2,0,0,12,4,16,8,36,44,60
06/13/2019,ISO,NC,ASO,EN,Federal Contract Tower,0,3,7,2,12,0,0,12,2,14,0,3,19,4,26,4,22,26,52
06/14/2019,ISO,NC,ASO,EN,Federal Contract Tower,1,1,5,7,14,0,0,18,6,24,1,1,23,13,38,12,66,78,116
06/15/2019,ISO,NC,ASO,EN,Federal Contract Tower,0,0,3,0,3,0,0,16,0,16,0,0,19,0,19,0,0,0,19
06/16/2019,ISO,NC,ASO,EN,Federal Contract Tower,0,0,2,0,2,0,0,17,0,17,0,0,19,0,19,20,0,20,39
06/17/2019,ISO,NC,ASO,EN,Federal Contract Tower,0,0,9,6,15,0,2,11,6,19,0,2,20,12,34,24,44,68,102
06/18/2019,ISO,NC,ASO,EN,Federal Contract Tower,0,1,11,14,26,0,2,0,7,9,0,3,11,21,35,22,34,56,91
06/19/2019,ISO,NC,ASO,EN,Federal Contract Tower,0,1,9,27,37,0,2,1,11,14,0,3,10,38,51,0,100,100,151
06/20/2019,ISO,NC,ASO,EN,Federal Contract Tower,0,2,11,2,15,0,1,11,3,15,0,3,22,5,30,8,20,28,58
06/21/2019,ISO,NC,ASO,EN,Federal Contract Tower,0,2,9,4,15,0,0,20,0,20,0,2,29,4,35,2,0,2,37
06/22/2019,ISO,NC,ASO,EN,Federal Contract Tower,0,3,3,0,6,0,0,15,0,15,0,3,18,0,21,20,0,20,41
06/23/2019,ISO,NC,ASO,EN,Federal Contract Tower,0,2,3,0,5,0,0,14,0,14,0,2,17,0,19,2,0,2,21
06/24/2019,ISO,NC,ASO,EN,Federal Contract Tower,0,1,19,25,45,0,1,20,3,24,0,2,39,28,69,18,20,38,107
06/25/2019,ISO,NC,ASO,EN,Federal Contract Tower,0,1,10,8,19,0,7,15,1,23,0,8,25,9,42,16,32,48,90
06/26/2019,ISO,NC,ASO,EN,Federal Contract Tower,0,3,7,33,43,0,8,14,6,28,0,11,21,39,71,36,96,132,203
06/27/2019,ISO,NC,ASO,EN,Federal Contract Tower,0,1,7,0,8,0,8,10,2,20,0,9,17,2,28,4,18,22,50
06/28/2019,ISO,NC,ASO,EN,Federal Contract Tower,0,6,6,2,14,0,6,8,1,15,0,12,14,3,29,0,9,9,38
06/29/2019,ISO,NC,ASO,EN,Federal Contract Tower,0,5,8,0,13,0,10,9,0,19,0,15,17,0,32,14,0,14,46
06/30/2019,ISO,NC,ASO,EN,Federal Contract Tower,0,2,2,0,4,0,13,7,0,20,0,15,9,0,24,18,0,18,42
07/01/2019,ISO,NC,ASO,EN,Federal Contract Tower,0,0,10,16,26,0,9,15,4,28,0,9,25,20,54,8,50,58,112
07/02/2019,ISO,NC,ASO,EN,Federal Contract Tower,0,1,6,11,18,0,5,20,11,36,0,6,26,22,54,8,32,40,94
07/03/2019,ISO,NC,ASO,EN,Federal Contract Tower,0,3,2,2,7,0,5,13,2,20,0,8,15,4,27,0,22,22,49
07/04/2019,ISO,NC,ASO,EN,Federal Contract Tower,0,0,3,0,3,0,0,4,0,4,0,0,7,0,7,0,0,0,7
07/05/2019,ISO,NC,ASO,EN,Federal Contract Tower,0,1,2,0,3,0,0,8,0,8,0,1,10,0,11,0,0,0,11
07/06/2019,ISO,NC,ASO,EN,Federal Contract Tower,0,0,3,0,3,0,0,11,0,11,0,0,14,0,14,4,0,4,18
07/07/2019,ISO,NC,ASO,EN,Federal Contract Tower,0,1,7,0,8,0,3,3,0,6,0,4,10,0,14,0,0,0,14
07/08/2019,ISO,NC,ASO,EN,Federal Contract Tower,0,1,7,0,8,0,2,0,2,4,0,3,7,2,12,0,0,0,12
07/09/2019,ISO,NC,ASO,EN,Federal Contract Tower,0,2,10,1,13,0,1,17,12,30,0,3,27,13,43,36,44,80,123
07/10/2019,ISO,NC,ASO,EN,Federal Contract Tower,0,0,8,23,31,0,5,29,4,38,0,5,37,27,69,66,22,88,157
07/11/2019,ISO,NC,ASO,EN,Federal Contract Tower,0,1,6,6,13,0,0,2,2,4,0,1,8,8,17,10,40,50,67
07/12/2019,ISO,NC,ASO,EN,Federal Contract Tower,0,2,7,12,21,0,6,8,2,16,0,8,15,14,37,2,52,54,91
07/13/2019,ISO,NC,ASO,EN,Federal Contract Tower,0,1,4,0,5,0,0,9,0,9,0,1,13,0,14,20,0,20,34
07/14/2019,ISO,NC,ASO,EN,Federal Contract Tower,0,0,4,0,4,0,0,15,0,15,0,0,19,0,19,18,0,18,37
07/15/2019,ISO,NC,ASO,EN,Federal Contract Tower,0,0,5,17,22,0,4,9,1,14,0,4,14,18,36,38,26,64,100
07/16/2019,ISO,NC,ASO,EN,Federal Contract Tower,0,3,8,5,16,0,0,3,10,13,0,3,11,15,29,24,58,82,111
07/17/2019,ISO,NC,ASO,EN,Federal Contract Tower,0,1,10,2,13,0,2,16,0,18,0,3,26,2,31,12,12,24,55
07/18/2019,ISO,NC,ASO,EN,Federal Contract Tower,0,0,8,3,11,0,0,10,4,14,0,0,18,7,25,4,36,40,65
07/19/2019,ISO,NC,ASO,EN,Federal Contract Tower,0,0,10,5,15,0,0,11,0,11,0,0,21,5,26,12,31,43,69
07/20/2019,ISO,NC,ASO,EN,Federal Contract Tower,0,3,6,0,9,0,0,21,0,21,0,3,27,0,30,8,0,8,38
07/21/2019,ISO,NC,ASO,EN,Federal Contract Tower,0,2,5,0,7,0,0,2,0,2,0,2,7,0,9,0,0,0,9
07/22/2019,ISO,NC,ASO,EN,Federal Contract Tower,0,0,4,11,15,0,4,4,10,18,0,4,8,21,33,8,120,128,161
07/23/2019,ISO,NC,ASO,EN,Federal Contract Tower,0,1,3,4,8,0,5,7,2,14,0,6,10,6,22,14,42,56,78
07/24/2019,ISO,NC,ASO,EN,Federal Contract Tower,0,1,6,2,9,0,0,5,0,5,0,1,11,2,14,2,20,22,36
07/25/2019,ISO,NC,ASO,EN,Federal Contract Tower,0,1,6,0,7,0,2,18,0,20,0,3,24,0,27,26,0,26,53
07/26/2019,ISO,NC,ASO,EN,Federal Contract Tower,0,6,12,28,46,0,0,11,0,11,0,6,23,28,57,34,42,76,133
07/27/2019,ISO,NC,ASO,EN,Federal Contract Tower,2,0,4,10,16,0,0,8,0,8,2,0,12,10,24,2,4,6,30
07/28/2019,ISO,NC,ASO,EN,Federal Contract Tower,0,2,2,0,4,0,0,12,2,14,0,2,14,2,18,12,12,24,42
07/29/2019,ISO,NC,ASO,EN,Federal Contract Tower,0,0,6,0,6,0,2,6,0,8,0,2,12,0,14,10,0,10,24
07/30/2019,ISO,NC,ASO,EN,Federal Contract Tower,0,0,9,13,22,0,6,16,1,23,0,6,25,14,45,2,8,10,55
07/31/2019,ISO,NC,ASO,EN,Federal Contract Tower,0,3,7,15,25,0,0,16,0,16,0,3,23,15,41,18,8,26,67
08/01/2019,ISO,NC,ASO,EN,Federal Contract Tower,0,2,8,12,22,0,0,8,3,11,0,2,16,15,33,4,8,12,45
08/02/2019,ISO,NC,ASO,EN,Federal Contract Tower,0,0,15,5,20,0,0,4,0,4,0,0,19,5,24,0,6,6,30
08/03/2019,ISO,NC,ASO,EN,Federal Contract Tower,0,0,7,0,7,0,0,0,0,0,0,0,7,0,7,0,0,0,7
08/04/2019,ISO,NC,ASO,EN,Federal Contract Tower,0,0,0,0,0,0,0,10,0,10,0,0,10,0,10,30,0,30,40
08/05/2019,ISO,NC,ASO,EN,Federal Contract Tower,0,0,5,22,27,0,1,2,2,5,0,1,7,24,32,0,20,20,52
08/06/2019,ISO,NC,ASO,EN,Federal Contract Tower,3,0,5,4,12,0,0,2,1,3,3,0,7,5,15,0,50,50,65
08/07/2019,ISO,NC,ASO,EN,Federal Contract Tower,1,0,9,14,24,0,3,5,1,9,1,3,14,15,33,0,60,60,93
08/08/2019,ISO,NC,ASO,EN,Federal Contract Tower,0,0,15,12,27,0,1,7,2,10,0,1,22,14,37,14,60,74,111
08/09/2019,ISO,NC,ASO,EN,Federal Contract Tower,0,0,7,2,9,0,0,9,3,12,0,0,16,5,21,0,18,18,39
08/10/2019,ISO,NC,ASO,EN,Federal Contract Tower,0,0,2,0,2,0,0,4,0,4,0,0,6,0,6,6,0,6,12
08/12/2019,ISO,NC,ASO,EN,Federal Contract Tower,0,2,4,22,28,0,0,14,8,22,0,2,18,30,50,8,108,116,166
08/13/2019,ISO,NC,ASO,EN,Federal Contract Tower,0,0,8,21,29,0,0,4,11,15,0,0,12,32,44,0,50,50,94
08/14/2019,ISO,NC,ASO,EN,Federal Contract Tower,0,0,8,5,13,0,2,4,2,8,0,2,12,7,21,0,54,54,75
08/16/2019,ISO,NC,ASO,EN,Federal Contract Tower,0,2,6,0,8,0,0,2,0,2,0,2,8,0,10,0,0,0,10
08/17/2019,ISO,NC,ASO,EN,Federal Contract Tower,0,0,9,0,9,0,0,0,0,0,0,0,9,0,9,0,0,0,9
08/18/2019,ISO,NC,ASO,EN,Federal Contract Tower,0,2,14,0,16,0,0,3,0,3,0,2,17,0,19,0,0,0,19
08/19/2019,ISO,NC,ASO,EN,Federal Contract Tower,0,0,6,22,28,0,2,12,9,23,0,2,18,31,51,18,54,72,123
08/20/2019,ISO,NC,ASO,EN,Federal Contract Tower,0,4,14,22,40,0,2,3,8,13,0,6,17,30,53,14,39,53,106
08/21/2019,ISO,NC,ASO,EN,Federal Contract Tower,0,1,8,13,22,0,0,12,3,15,0,1,20,16,37,4,64,68,105
08/22/2019,ISO,NC,ASO,EN,Federal Contract Tower,0,1,11,2,14,0,0,7,1,8,0,1,18,3,22,14,34,48,70
08/23/2019,ISO,NC,ASO,EN,Federal Contract Tower,0,0,20,7,27,0,0,3,4,7,0,0,23,11,34,0,22,22,56
08/24/2019,ISO,NC,ASO,EN,Federal Contract Tower,0,0,5,0,5,0,0,0,0,0,0,0,5,0,5,0,0,0,5
08/25/2019,ISO,NC,ASO,EN,Federal Contract Tower,0,0,8,0,8,0,0,0,0,0,0,0,8,0,8,0,0,0,8
08/26/2019,ISO,NC,ASO,EN,Federal Contract Tower,0,0,11,7,18,0,0,1,5,6,0,0,12,12,24,0,82,82,106
08/27/2019,ISO,NC,ASO,EN,Federal Contract Tower,0,1,7,4,12,0,0,6,5,11,0,1,13,9,23,0,26,26,49
08/28/2019,ISO,NC,ASO,EN,Federal Contract Tower,0,1,15,31,47,0,0,12,15,27,0,1,27,46,74,16,100,116,190
08/29/2019,ISO,NC,ASO,EN,Federal Contract Tower,0,0,11,0,11,0,0,13,2,15,0,0,24,2,26,20,0,20,46
08/30/2019,ISO,NC,ASO,EN,Federal Contract Tower,0,0,7,0,7,0,0,22,4,26,0,0,29,4,33,6,30,36,69
08/31/2019,ISO,NC,ASO,EN,Federal Contract Tower,0,5,6,0,11,0,1,4,0,5,0,6,10,0,16,6,0,6,22
09/01/2019,ISO,NC,ASO,EN,Federal Contract Tower,0,0,0,0,0,0,0,7,0,7,0,0,7,0,7,8,0,8,15
09/02/2019,ISO,NC,ASO,EN,Federal Contract Tower,0,4,8,0,12,0,0,5,0,5,0,4,13,0,17,14,0,14,31
09/03/2019,ISO,NC,ASO,EN,Federal Contract Tower,0,4,7,0,11,0,3,1,0,4,0,7,8,0,15,18,0,18,33
09/04/2019,ISO,NC,ASO,EN,Federal Contract Tower,0,5,11,4,20,0,0,0,0,0,0,5,11,4,20,0,14,14,34
09/05/2019,ISO,NC,ASO,EN,Federal Contract Tower,0,0,0,0,0,0,0,0,0,0,0,0,0,0,0,0,0,0,0
09/06/2019,ISO,NC,ASO,EN,Federal Contract Tower,0,0,2,2,4,0,10,3,27,40,0,10,5,29,44,0,0,0,44
09/07/2019,ISO,NC,ASO,EN,Federal Contract Tower,0,0,1,0,1,0,6,14,4,24,0,6,15,4,25,6,0,6,31
09/08/2019,ISO,NC,ASO,EN,Federal Contract Tower,0,0,4,2,6,0,1,3,5,9,0,1,7,7,15,6,8,14,29
09/09/2019,ISO,NC,ASO,EN,Federal Contract Tower,0,0,9,0,9,0,1,5,0,6,0,1,14,0,15,6,0,6,21
09/10/2019,ISO,NC,ASO,EN,Federal Contract Tower,0,0,6,8,14,0,2,8,0,10,0,2,14,8,24,16,10,26,50
09/11/2019,ISO,NC,ASO,EN,Federal Contract Tower,0,0,7,16,23,0,10,12,0,22,0,10,19,16,45,0,0,0,45
09/12/2019,ISO,NC,ASO,EN,Federal Contract Tower,0,0,15,4,19,0,2,6,0,8,0,2,21,4,27,0,18,18,45
09/13/2019,ISO,NC,ASO,EN,Federal Contract Tower,0,2,6,0,8,0,0,3,2,5,0,2,9,2,13,0,18,18,31
09/14/2019,ISO,NC,ASO,EN,Federal Contract Tower,0,0,5,0,5,0,0,7,0,7,0,0,12,0,12,12,0,12,24
09/15/2019,ISO,NC,ASO,EN,Federal Contract Tower,0,2,7,0,9,0,0,4,0,4,0,2,11,0,13,0,0,0,13
09/16/2019,ISO,NC,ASO,EN,Federal Contract Tower,0,0,2,0,2,0,0,1,0,1,0,0,3,0,3,0,0,0,3
09/17/2019,ISO,NC,ASO,EN,Federal Contract Tower,0,0,14,13,27,0,4,10,2,16,0,4,24,15,43,10,50,60,103
09/18/2019,ISO,NC,ASO,EN,Federal Contract Tower,0,0,12,20,32,0,0,13,0,13,0,0,25,20,45,6,6,12,57
09/19/2019,ISO,NC,ASO,EN,Federal Contract Tower,0,0,4,14,18,0,0,25,2,27,0,0,29,16,45,48,46,94,139
09/20/2019,ISO,NC,ASO,EN,Federal Contract Tower,0,1,8,3,12,0,4,18,3,25,0,5,26,6,37,24,18,42,79
09/21/2019,ISO,NC,ASO,EN,Federal Contract Tower,0,0,2,0,2,0,0,16,0,16,0,0,18,0,18,18,0,18,36
09/22/2019,ISO,NC,ASO,EN,Federal Contract Tower,0,0,5,0,5,0,0,12,0,12,0,0,17,0,17,12,0,12,29
09/23/2019,ISO,NC,ASO,EN,Federal Contract Tower,0,0,5,13,18,0,0,9,8,17,0,0,14,21,35,0,52,52,87
09/24/2019,ISO,NC,ASO,EN,Federal Contract Tower,0,0,3,6,9,0,6,17,2,25,0,6,20,8,34,28,30,58,92
09/25/2019,ISO,NC,ASO,EN,Federal Contract Tower,0,4,14,7,25,0,4,21,7,32,0,8,35,14,57,24,58,82,139
09/26/2019,ISO,NC,ASO,EN,Federal Contract Tower,0,1,13,6,20,0,3,17,8,28,0,4,30,14,48,10,42,52,100
09/27/2019,ISO,NC,ASO,EN,Federal Contract Tower,1,1,8,2,12,0,0,5,3,8,1,1,13,5,20,0,36,36,56
09/28/2019,ISO,NC,ASO,EN,Federal Contract Tower,0,2,0,0,2,0,0,0,0,0,0,2,0,0,2,4,0,4,6
09/29/2019,ISO,NC,ASO,EN,Federal Contract Tower,0,2,10,0,12,0,0,8,0,8,0,2,18,0,20,44,0,44,64
09/30/2019,ISO,NC,ASO,EN,Federal Contract Tower,0,0,12,2,14,0,2,9,2,13,0,2,21,4,27,6,10,16,43
10/01/2019,ISO,NC,ASO,EN,Federal Contract Tower,0,2,10,15,27,0,8,17,7,32,0,10,27,22,59,58,56,114,173
10/02/2019,ISO,NC,ASO,EN,Federal Contract Tower,0,3,9,2,14,0,10,4,6,20,0,13,13,8,34,22,74,96,130
10/03/2019,ISO,NC,ASO,EN,Federal Contract Tower,0,0,14,17,31,0,6,21,0,27,0,6,35,17,58,44,46,90,148
10/04/2019,ISO,NC,ASO,EN,Federal Contract Tower,2,0,6,8,16,0,0,19,4,23,2,0,25,12,39,18,54,72,111
10/05/2019,ISO,NC,ASO,EN,Federal Contract Tower,0,0,2,0,2,0,2,6,0,8,0,2,8,0,10,0,0,0,10
10/06/2019,ISO,NC,ASO,EN,Federal Contract Tower,0,2,2,2,6,0,1,11,0,12,0,3,13,2,18,38,6,44,62
10/07/2019,ISO,NC,ASO,EN,Federal Contract Tower,0,0,10,17,27,0,4,15,7,26,0,4,25,24,53,14,28,42,95
10/08/2019,ISO,NC,ASO,EN,Federal Contract Tower,0,0,11,34,45,0,0,1,0,1,0,0,12,34,46,0,0,0,46
10/09/2019,ISO,NC,ASO,EN,Federal Contract Tower,0,1,7,6,14,0,4,5,4,13,0,5,12,10,27,0,104,104,131
10/10/2019,ISO,NC,ASO,EN,Federal Contract Tower,0,3,11,2,16,0,0,6,0,6,0,3,17,2,22,4,2,6,28
10/11/2019,ISO,NC,ASO,EN,Federal Contract Tower,0,4,13,7,24,0,0,19,3,22,0,4,32,10,46,46,16,62,108
10/12/2019,ISO,NC,ASO,EN,Federal Contract Tower,0,0,6,2,8,0,0,25,0,25,0,0,31,2,33,10,0,10,43
10/13/2019,ISO,NC,ASO,EN,Federal Contract Tower,0,3,2,0,5,0,0,8,0,8,0,3,10,0,13,6,0,6,19
10/14/2019,ISO,NC,ASO,EN,Federal Contract Tower,0,0,9,0,9,0,7,4,0,11,0,7,13,0,20,0,0,0,20
10/15/2019,ISO,NC,ASO,EN,Federal Contract Tower,0,0,8,14,22,0,1,20,2,23,0,1,28,16,45,12,54,66,111
10/16/2019,ISO,NC,ASO,EN,Federal Contract Tower,0,0,8,4,12,0,0,0,0,0,0,0,8,4,12,0,18,18,30
10/17/2019,ISO,NC,ASO,EN,Federal Contract Tower,0,2,7,28,37,0,0,7,1,8,0,2,14,29,45,12,112,124,169
10/18/2019,ISO,NC,ASO,EN,Federal Contract Tower,0,0,4,19,23,0,0,16,0,16,0,0,20,19,39,38,36,74,113
10/19/2019,ISO,NC,ASO,EN,Federal Contract Tower,0,0,1,0,1,0,0,64,0,64,0,0,65,0,65,6,0,6,71
10/20/2019,ISO,NC,ASO,EN,Federal Contract Tower,0,0,0,2,2,0,0,0,0,0,0,0,0,2,2,0,0,0,2
10/21/2019,ISO,NC,ASO,EN,Federal Contract Tower,0,0,8,14,22,0,0,0,2,2,0,0,8,16,24,0,34,34,58
10/22/2019,ISO,NC,ASO,EN,Federal Contract Tower,0,0,6,23,29,0,0,0,3,3,0,0,6,26,32,0,16,16,48
10/23/2019,ISO,NC,ASO,EN,Federal Contract Tower,0,0,12,6,18,0,6,16,6,28,0,6,28,12,46,18,60,78,124
10/24/2019,ISO,NC,ASO,EN,Federal Contract Tower,0,0,13,21,34,0,2,32,3,37,0,2,45,24,71,26,64,90,161
10/25/2019,ISO,NC,ASO,EN,Federal Contract Tower,0,0,11,28,39,0,0,12,2,14,0,0,23,30,53,18,36,54,107
10/26/2019,ISO,NC,ASO,EN,Federal Contract Tower,0,2,9,0,11,0,0,9,0,9,0,2,18,0,20,6,0,6,26
10/27/2019,ISO,NC,ASO,EN,Federal Contract Tower,0,2,4,0,6,0,0,0,0,0,0,2,4,0,6,0,0,0,6
10/28/2019,ISO,NC,ASO,EN,Federal Contract Tower,0,0,5,13,18,0,0,16,6,22,0,0,21,19,40,28,58,86,126
10/29/2019,ISO,NC,ASO,EN,Federal Contract Tower,0,0,12,26,38,0,0,1,10,11,0,0,13,36,49,0,66,66,115
10/30/2019,ISO,NC,ASO,EN,Federal Contract Tower,0,2,10,6,18,0,0,0,0,0,0,2,10,6,18,0,0,0,18
10/31/2019,ISO,NC,ASO,EN,Federal Contract Tower,0,0,7,20,27,0,1,7,3,11,0,1,14,23,38,6,68,74,112
11/01/2019,ISO,NC,ASO,EN,Federal Contract Tower,0,0,9,4,13,0,0,23,0,23,0,0,32,4,36,36,0,36,72
11/02/2019,ISO,NC,ASO,EN,Federal Contract Tower,0,0,9,0,9,0,0,22,0,22,0,0,31,0,31,6,0,6,37
11/03/2019,ISO,NC,ASO,EN,Federal Contract Tower,0,0,8,6,14,0,0,16,0,16,0,0,24,6,30,26,0,26,56
11/04/2019,ISO,NC,ASO,EN,Federal Contract Tower,1,0,13,11,25,0,0,13,0,13,1,0,26,11,38,14,4,18,56
11/05/2019,ISO,NC,ASO,EN,Federal Contract Tower,0,0,3,16,19,0,0,16,12,28,0,0,19,28,47,0,26,26,73
11/06/2019,ISO,NC,ASO,EN,Federal Contract Tower,0,0,15,12,27,0,6,14,4,24,0,6,29,16,51,50,53,103,154
11/07/2019,ISO,NC,ASO,EN,Federal Contract Tower,0,0,9,8,17,0,3,11,0,14,0,3,20,8,31,8,18,26,57
11/08/2019,ISO,NC,ASO,EN,Federal Contract Tower,0,3,5,2,10,0,0,4,0,4,0,3,9,2,14,2,0,2,16
11/09/2019,ISO,NC,ASO,EN,Federal Contract Tower,0,0,4,0,4,0,0,11,0,11,0,0,15,0,15,0,0,0,15
11/10/2019,ISO,NC,ASO,EN,Federal Contract Tower,0,2,3,0,5,0,3,13,0,16,0,5,16,0,21,20,0,20,41
11/11/2019,ISO,NC,ASO,EN,Federal Contract Tower,0,0,8,0,8,0,0,11,0,11,0,0,19,0,19,30,0,30,49
11/12/2019,ISO,NC,ASO,EN,Federal Contract Tower,0,0,14,12,26,0,0,2,0,2,0,0,16,12,28,0,0,0,28
11/13/2019,ISO,NC,ASO,EN,Federal Contract Tower,2,0,6,16,24,0,2,17,5,24,2,2,23,21,48,8,58,66,114
11/14/2019,ISO,NC,ASO,EN,Federal Contract Tower,2,2,12,22,38,0,1,9,1,11,2,3,21,23,49,52,52,104,153
11/15/2019,ISO,NC,ASO,EN,Federal Contract Tower,0,0,5,0,5,0,0,0,0,0,0,0,5,0,5,0,0,0,5
11/16/2019,ISO,NC,ASO,EN,Federal Contract Tower,0,0,4,0,4,0,0,0,0,0,0,0,4,0,4,0,0,0,4
11/17/2019,ISO,NC,ASO,EN,Federal Contract Tower,0,0,6,8,14,0,0,0,0,0,0,0,6,8,14,0,0,0,14
11/18/2019,ISO,NC,ASO,EN,Federal Contract Tower,0,1,6,20,27,0,0,0,0,0,0,1,6,20,27,0,0,0,27
11/19/2019,ISO,NC,ASO,EN,Federal Contract Tower,0,0,13,16,29,0,0,0,0,0,0,0,13,16,29,0,0,0,29
11/20/2019,ISO,NC,ASO,EN,Federal Contract Tower,0,1,10,6,17,0,1,18,4,23,0,2,28,10,40,36,64,100,140
11/21/2019,ISO,NC,ASO,EN,Federal Contract Tower,5,0,10,14,29,0,0,27,2,29,5,0,37,16,58,30,42,72,130
11/22/2019,ISO,NC,ASO,EN,Federal Contract Tower,0,0,10,2,12,0,0,17,8,25,0,0,27,10,37,8,64,72,109
11/23/2019,ISO,NC,ASO,EN,Federal Contract Tower,2,0,5,0,7,0,0,4,0,4,2,0,9,0,11,0,0,0,11
11/24/2019,ISO,NC,ASO,EN,Federal Contract Tower,2,2,5,0,9,0,0,6,0,6,2,2,11,0,15,0,0,0,15
11/25/2019,ISO,NC,ASO,EN,Federal Contract Tower,0,0,11,16,27,0,0,18,7,25,0,0,29,23,52,0,72,72,124
11/26/2019,ISO,NC,ASO,EN,Federal Contract Tower,0,0,5,7,12,0,0,27,9,36,0,0,32,16,48,34,56,90,138
11/27/2019,ISO,NC,ASO,EN,Federal Contract Tower,1,0,21,10,32,0,0,7,0,7,1,0,28,10,39,4,22,26,65
11/28/2019,ISO,NC,ASO,EN,Federal Contract Tower,0,0,2,0,2,0,0,7,0,7,0,0,9,0,9,2,0,2,11
11/29/2019,ISO,NC,ASO,EN,Federal Contract Tower,0,0,6,0,6,0,0,10,0,10,0,0,16,0,16,8,0,8,24
11/30/2019,ISO,NC,ASO,EN,Federal Contract Tower,0,0,8,0,8,0,0,8,0,8,0,0,16,0,16,30,0,30,46
12/01/2019,ISO,NC,ASO,EN,Federal Contract Tower,0,0,7,0,7,0,0,1,0,1,0,0,8,0,8,0,0,0,8
12/02/2019,ISO,NC,ASO,EN,Federal Contract Tower,0,0,7,10,17,0,0,2,2,4,0,0,9,12,21,0,16,16,37
12/03/2019,ISO,NC,ASO,EN,Federal Contract Tower,0,1,9,4,14,0,0,13,2,15,0,1,22,6,29,6,12,18,47
12/04/2019,ISO,NC,ASO,EN,Federal Contract Tower,0,0,11,23,34,0,2,16,3,21,0,2,27,26,55,20,28,48,103
12/05/2019,ISO,NC,ASO,EN,Federal Contract Tower,0,0,8,4,12,0,4,5,5,14,0,4,13,9,26,14,54,68,94
12/06/2019,ISO,NC,ASO,EN,Federal Contract Tower,0,2,7,8,17,0,0,5,5,10,0,2,12,13,27,0,62,62,89
12/07/2019,ISO,NC,ASO,EN,Federal Contract Tower,0,0,11,10,21,0,0,13,2,15,0,0,24,12,36,30,6,36,72
12/08/2019,ISO,NC,ASO,EN,Federal Contract Tower,0,2,9,0,11,0,0,10,0,10,0,2,19,0,21,16,0,16,37
12/09/2019,ISO,NC,ASO,EN,Federal Contract Tower,0,0,8,8,16,0,0,0,0,0,0,0,8,8,16,6,0,6,22
12/10/2019,ISO,NC,ASO,EN,Federal Contract Tower,0,1,12,22,35,0,0,4,10,14,0,1,16,32,49,2,56,58,107
12/11/2019,ISO,NC,ASO,EN,Federal Contract Tower,0,3,7,2,12,0,0,6,4,10,0,3,13,6,22,14,16,30,52
12/12/2019,ISO,NC,ASO,EN,Federal Contract Tower,0,1,10,21,32,0,2,12,6,20,0,3,22,27,52,46,76,122,174
12/13/2019,ISO,NC,ASO,EN,Federal Contract Tower,1,0,9,0,10,0,0,0,0,0,1,0,9,0,10,0,0,0,10
12/14/2019,ISO,NC,ASO,EN,Federal Contract Tower,0,0,3,0,3,0,0,0,0,0,0,0,3,0,3,0,0,0,3
12/15/2019,ISO,NC,ASO,EN,Federal Contract Tower,0,0,13,0,13,0,0,6,0,6,0,0,19,0,19,16,0,16,35
12/16/2019,ISO,NC,ASO,EN,Federal Contract Tower,0,0,7,18,25,0,0,17,6,23,0,0,24,24,48,8,48,56,104
12/17/2019,ISO,NC,ASO,EN,Federal Contract Tower,0,0,4,7,11,0,0,2,2,4,0,0,6,9,15,0,28,28,43
12/18/2019,ISO,NC,ASO,EN,Federal Contract Tower,0,0,7,21,28,0,6,5,3,14,0,6,12,24,42,18,48,66,108
12/19/2019,ISO,NC,ASO,EN,Federal Contract Tower,0,3,12,13,28,0,2,12,5,19,0,5,24,18,47,6,76,82,129
12/20/2019,ISO,NC,ASO,EN,Federal Contract Tower,0,1,18,4,23,0,0,21,0,21,0,1,39,4,44,28,6,34,78
12/21/2019,ISO,NC,ASO,EN,Federal Contract Tower,0,2,15,0,17,0,0,18,0,18,0,2,33,0,35,22,0,22,57
12/22/2019,ISO,NC,ASO,EN,Federal Contract Tower,0,2,10,0,12,0,0,8,0,8,0,2,18,0,20,28,0,28,48
12/23/2019,ISO,NC,ASO,EN,Federal Contract Tower,0,0,9,0,9,0,0,0,0,0,0,0,9,0,9,0,0,0,9
12/24/2019,ISO,NC,ASO,EN,Federal Contract Tower,0,0,5,0,5,0,0,4,0,4,0,0,9,0,9,0,0,0,9
12/25/2019,ISO,NC,ASO,EN,Federal Contract Tower,0,0,2,0,2,0,0,3,0,3,0,0,5,0,5,0,0,0,5
12/26/2019,ISO,NC,ASO,EN,Federal Contract Tower,0,1,11,0,12,0,0,9,0,9,0,1,20,0,21,8,0,8,29
12/27/2019,ISO,NC,ASO,EN,Federal Contract Tower,3,0,14,12,29,0,0,8,0,8,3,0,22,12,37,0,44,44,81
12/28/2019,ISO,NC,ASO,EN,Federal Contract Tower,2,0,5,0,7,0,0,7,0,7,2,0,12,0,14,12,0,12,26
12/29/2019,ISO,NC,ASO,EN,Federal Contract Tower,0,2,2,0,4,0,0,2,0,2,0,2,4,0,6,0,0,0,6
12/30/2019,ISO,NC,ASO,EN,Federal Contract Tower,0,0,3,4,7,0,0,1,2,3,0,0,4,6,10,0,28,28,38
12/31/2019,ISO,NC,ASO,EN,Federal Contract Tower,0,0,3,0,3,0,0,8,0,8,0,0,11,0,11,10,0,10,21
01/01/2020,ISO,NC,ASO,EN,Federal Contract Tower,0,1,1,0,2,0,0,11,0,11,0,1,12,0,13,10,0,10,23
01/02/2020,ISO,NC,ASO,EN,Federal Contract Tower,0,0,9,0,9,0,0,5,0,5,0,0,14,0,14,0,0,0,14
01/03/2020,ISO,NC,ASO,EN,Federal Contract Tower,0,0,1,0,1,0,0,0,0,0,0,0,1,0,1,0,0,0,1
01/04/2020,ISO,NC,ASO,EN,Federal Contract Tower,0,0,8,0,8,0,0,2,0,2,0,0,10,0,10,0,0,0,10
01/05/2020,ISO,NC,ASO,EN,Federal Contract Tower,0,0,4,0,4,0,0,8,0,8,0,0,12,0,12,12,0,12,24
01/06/2020,ISO,NC,ASO,EN,Federal Contract Tower,0,0,2,3,5,0,2,6,4,12,0,2,8,7,17,0,28,28,45
01/07/2020,ISO,NC,ASO,EN,Federal Contract Tower,0,0,5,18,23,0,0,4,7,11,0,0,9,25,34,0,60,60,94
01/08/2020,ISO,NC,ASO,EN,Federal Contract Tower,0,0,5,3,8,0,2,6,7,15,0,2,11,10,23,10,78,88,111
01/09/2020,ISO,NC,ASO,EN,Federal Contract Tower,0,2,9,29,40,0,1,17,3,21,0,3,26,32,61,6,62,68,129
01/10/2020,ISO,NC,ASO,EN,Federal Contract Tower,0,0,18,15,33,0,0,12,3,15,0,0,30,18,48,30,70,100,148
01/11/2020,ISO,NC,ASO,EN,Federal Contract Tower,0,0,4,4,8,0,0,4,0,4,0,0,8,4,12,0,16,16,28
01/12/2020,ISO,NC,ASO,EN,Federal Contract Tower,0,0,3,0,3,0,0,2,0,2,0,0,5,0,5,10,0,10,15
01/13/2020,ISO,NC,ASO,EN,Federal Contract Tower,0,0,8,0,8,0,0,0,0,0,0,0,8,0,8,0,0,0,8
01/14/2020,ISO,NC,ASO,EN,Federal Contract Tower,0,0,6,13,19,0,0,2,0,2,0,0,8,13,21,6,32,38,59
01/15/2020,ISO,NC,ASO,EN,Federal Contract Tower,0,2,10,13,25,0,0,0,2,2,0,2,10,15,27,20,10,30,57
01/16/2020,ISO,NC,ASO,EN,Federal Contract Tower,0,0,9,22,31,0,5,5,4,14,0,5,14,26,45,0,40,40,85
01/17/2020,ISO,NC,ASO,EN,Federal Contract Tower,0,2,11,8,21,0,0,7,6,13,0,2,18,14,34,0,38,38,72
01/18/2020,ISO,NC,ASO,EN,Federal Contract Tower,0,0,7,0,7,0,0,18,0,18,0,0,25,0,25,28,0,28,53
01/19/2020,ISO,NC,ASO,EN,Federal Contract Tower,0,2,3,0,5,0,0,2,0,2,0,2,5,0,7,16,0,16,23
01/20/2020,ISO,NC,ASO,EN,Federal Contract Tower,0,0,8,0,8,0,0,6,0,6,0,0,14,0,14,30,0,30,44
01/21/2020,ISO,NC,ASO,EN,Federal Contract Tower,0,0,7,6,13,0,1,11,2,14,0,1,18,8,27,6,0,6,33
01/22/2020,ISO,NC,ASO,EN,Federal Contract Tower,0,0,6,14,20,0,1,18,3,22,0,1,24,17,42,8,56,64,106
01/23/2020,ISO,NC,ASO,EN,Federal Contract Tower,0,0,20,20,40,0,1,12,4,17,0,1,32,24,57,16,36,52,109
01/24/2020,ISO,NC,ASO,EN,Federal Contract Tower,0,0,11,10,21,0,0,2,2,4,0,0,13,12,25,0,18,18,43
01/25/2020,ISO,NC,ASO,EN,Federal Contract Tower,0,0,6,0,6,0,0,10,2,12,0,0,16,2,18,0,8,8,26
01/26/2020,ISO,NC,ASO,EN,Federal Contract Tower,0,0,2,6,8,0,0,20,0,20,0,0,22,6,28,12,16,28,56
01/27/2020,ISO,NC,ASO,EN,Federal Contract Tower,0,2,10,11,23,0,0,9,4,13,0,2,19,15,36,10,36,46,82
01/28/2020,ISO,NC,ASO,EN,Federal Contract Tower,0,0,8,17,25,0,0,19,9,28,0,0,27,26,53,14,62,76,129
01/29/2020,ISO,NC,ASO,EN,Federal Contract Tower,0,0,4,12,16,0,7,20,0,27,0,7,24,12,43,28,44,72,115
01/30/2020,ISO,NC,ASO,EN,Federal Contract Tower,0,6,9,3,18,0,0,8,3,11,0,6,17,6,29,6,44,50,79
01/31/2020,ISO,NC,ASO,EN,Federal Contract Tower,0,1,8,44,53,0,0,6,0,6,0,1,14,44,59,2,40,42,101
02/01/2020,ISO,NC,ASO,EN,Federal Contract Tower,0,0,6,0,6,0,0,0,0,0,0,0,6,0,6,0,0,0,6
02/02/2020,ISO,NC,ASO,EN,Federal Contract Tower,0,0,3,2,5,0,0,13,2,15,0,0,16,4,20,24,0,24,44
02/03/2020,ISO,NC,ASO,EN,Federal Contract Tower,0,0,10,8,18,0,0,17,4,21,0,0,27,12,39,10,50,60,99
02/04/2020,ISO,NC,ASO,EN,Federal Contract Tower,0,0,7,16,23,0,5,6,6,17,0,5,13,22,40,8,80,88,128
02/05/2020,ISO,NC,ASO,EN,Federal Contract Tower,0,0,7,34,41,0,0,7,1,8,0,0,14,35,49,30,116,146,195
02/06/2020,ISO,NC,ASO,EN,Federal Contract Tower,0,0,1,0,1,0,0,0,0,0,0,0,1,0,1,0,0,0,1
02/07/2020,ISO,NC,ASO,EN,Federal Contract Tower,0,0,3,10,13,0,0,2,0,2,0,0,5,10,15,0,30,30,45
02/08/2020,ISO,NC,ASO,EN,Federal Contract Tower,0,0,5,2,7,0,0,7,0,7,0,0,12,2,14,24,10,34,48
02/09/2020,ISO,NC,ASO,EN,Federal Contract Tower,0,0,12,2,14,0,0,11,0,11,0,0,23,2,25,20,2,22,47
02/10/2020,ISO,NC,ASO,EN,Federal Contract Tower,0,0,9,12,21,0,0,7,6,13,0,0,16,18,34,14,26,40,74
02/11/2020,ISO,NC,ASO,EN,Federal Contract Tower,0,1,12,15,28,0,0,2,9,11,0,1,14,24,39,0,48,48,87
02/12/2020,ISO,NC,ASO,EN,Federal Contract Tower,0,1,12,9,22,0,9,2,1,12,0,10,14,10,34,0,12,12,46
02/13/2020,ISO,NC,ASO,EN,Federal Contract Tower,0,1,4,4,9,0,0,0,0,0,0,1,4,4,9,0,48,48,57
02/14/2020,ISO,NC,ASO,EN,Federal Contract Tower,0,2,13,2,17,0,0,7,2,9,0,2,20,4,26,2,18,20,46
02/15/2020,ISO,NC,ASO,EN,Federal Contract Tower,0,0,2,0,2,0,0,13,0,13,0,0,15,0,15,14,0,14,29
02/16/2020,ISO,NC,ASO,EN,Federal Contract Tower,0,2,9,0,11,0,0,8,0,8,0,2,17,0,19,0,0,0,19
02/17/2020,ISO,NC,ASO,EN,Federal Contract Tower,0,0,11,0,11,0,3,13,0,16,0,3,24,0,27,0,0,0,27
02/18/2020,ISO,NC,ASO,EN,Federal Contract Tower,0,2,12,6,20,0,0,2,0,2,0,2,14,6,22,2,24,26,48
02/19/2020,ISO,NC,ASO,EN,Federal Contract Tower,0,0,7,15,22,0,0,5,1,6,0,0,12,16,28,10,34,44,72
02/20/2020,ISO,NC,ASO,EN,Federal Contract Tower,0,0,6,0,6,0,0,2,2,4,0,0,8,2,10,0,6,6,16
02/21/2020,ISO,NC,ASO,EN,Federal Contract Tower,0,1,3,4,8,0,0,4,0,4,0,1,7,4,12,0,12,12,24
02/22/2020,ISO,NC,ASO,EN,Federal Contract Tower,0,0,4,0,4,0,0,7,0,7,0,0,11,0,11,42,0,42,53
02/23/2020,ISO,NC,ASO,EN,Federal Contract Tower,0,0,9,0,9,0,0,8,0,8,0,0,17,0,17,16,0,16,33
02/24/2020,ISO,NC,ASO,EN,Federal Contract Tower,0,0,13,12,25,0,0,7,5,12,0,0,20,17,37,12,34,46,83
02/25/2020,ISO,NC,ASO,EN,Federal Contract Tower,0,1,4,8,13,0,0,0,2,2,0,1,4,10,15,12,50,62,77
02/26/2020,ISO,NC,ASO,EN,Federal Contract Tower,0,6,7,2,15,0,0,0,2,2,0,6,7,4,17,0,24,24,41
02/27/2020,ISO,NC,ASO,EN,Federal Contract Tower,0,1,10,18,29,0,3,8,0,11,0,4,18,18,40,34,24,58,98
02/28/2020,ISO,NC,ASO,EN,Federal Contract Tower,0,2,9,16,27,0,0,27,1,28,0,2,36,17,55,0,26,26,81
02/29/2020,ISO,NC,ASO,EN,Federal Contract Tower,0,1,7,0,8,0,0,2,0,2,0,1,9,0,10,2,0,2,12
03/01/2020,ISO,NC,ASO,EN,Federal Contract Tower,0,0,6,0,6,0,0,19,0,19,0,0,25,0,25,62,0,62,87
03/02/2020,ISO,NC,ASO,EN,Federal Contract Tower,0,0,3,6,9,0,4,14,5,23,0,4,17,11,32,0,26,26,58
03/03/2020,ISO,NC,ASO,EN,Federal Contract Tower,0,0,2,8,10,0,0,0,0,0,0,0,2,8,10,0,18,18,28
03/04/2020,ISO,NC,ASO,EN,Federal Contract Tower,0,0,3,17,20,0,0,14,1,15,0,0,17,18,35,10,54,64,99
03/05/2020,ISO,NC,ASO,EN,Federal Contract Tower,0,0,6,7,13,0,0,0,1,1,0,0,6,8,14,0,26,26,40
03/06/2020,ISO,NC,ASO,EN,Federal Contract Tower,0,0,4,2,6,0,0,0,2,2,0,0,4,4,8,0,20,20,28
03/07/2020,ISO,NC,ASO,EN,Federal Contract Tower,0,0,3,0,3,0,0,1,0,1,0,0,4,0,4,0,0,0,4
03/08/2020,ISO,NC,ASO,EN,Federal Contract Tower,0,0,7,0,7,0,0,25,0,25,0,0,32,0,32,38,0,38,70
03/09/2020,ISO,NC,ASO,EN,Federal Contract Tower,0,1,3,12,16,0,8,14,2,24,0,9,17,14,40,8,16,24,64
03/10/2020,ISO,NC,ASO,EN,Federal Contract Tower,0,0,6,14,20,0,5,18,11,34,0,5,24,25,54,20,22,42,96
03/11/2020,ISO,NC,ASO,EN,Federal Contract Tower,0,0,9,6,15,0,6,12,2,20,0,6,21,8,35,18,66,84,119
03/12/2020,ISO,NC,ASO,EN,Federal Contract Tower,0,0,5,8,13,0,1,17,9,27,0,1,22,17,40,30,78,108,148
03/13/2020,ISO,NC,ASO,EN,Federal Contract Tower,0,2,10,3,15,0,0,17,6,23,0,2,27,9,38,8,51,59,97
03/14/2020,ISO,NC,ASO,EN,Federal Contract Tower,0,0,7,0,7,0,0,36,0,36,0,0,43,0,43,4,0,4,47
03/15/2020,ISO,NC,ASO,EN,Federal Contract Tower,0,0,4,0,4,0,0,0,0,0,0,0,4,0,4,0,0,0,4
03/16/2020,ISO,NC,ASO,EN,Federal Contract Tower,0,0,10,20,30,0,1,24,0,25,0,1,34,20,55,54,10,64,119
03/17/2020,ISO,NC,ASO,EN,Federal Contract Tower,0,0,11,23,34,0,0,2,0,2,0,0,13,23,36,0,0,0,36
03/18/2020,ISO,NC,ASO,EN,Federal Contract Tower,0,0,4,8,12,0,2,3,0,5,0,2,7,8,17,12,10,22,39
03/19/2020,ISO,NC,ASO,EN,Federal Contract Tower,0,0,8,6,14,0,1,9,0,10,0,1,17,6,24,24,8,32,56
03/20/2020,ISO,NC,ASO,EN,Federal Contract Tower,0,0,4,4,8,0,0,12,0,12,0,0,16,4,20,24,2,26,46
03/21/2020,ISO,NC,ASO,EN,Federal Contract Tower,0,0,15,0,15,0,0,6,0,6,0,0,21,0,21,0,0,0,21
03/22/2020,ISO,NC,ASO,EN,Federal Contract Tower,0,0,2,0,2,0,0,6,0,6,0,0,8,0,8,12,0,12,20
03/23/2020,ISO,NC,ASO,EN,Federal Contract Tower,0,0,5,2,7,0,0,0,0,0,0,0,5,2,7,0,0,0,7
03/24/2020,ISO,NC,ASO,EN,Federal Contract Tower,0,0,8,7,15,0,0,2,0,2,0,0,10,7,17,0,12,12,29
03/25/2020,ISO,NC,ASO,EN,Federal Contract Tower,0,0,4,2,6,0,0,0,0,0,0,0,4,2,6,8,0,8,14
03/26/2020,ISO,NC,ASO,EN,Federal Contract Tower,0,0,6,20,26,4,0,13,0,17,4,0,19,20,43,20,14,34,77
03/27/2020,ISO,NC,ASO,EN,Federal Contract Tower,0,1,10,0,11,0,3,24,0,27,0,4,34,0,38,4,0,4,42
03/28/2020,ISO,NC,ASO,EN,Federal Contract Tower,0,0,6,0,6,0,0,8,0,8,0,0,14,0,14,16,0,16,30
03/29/2020,ISO,NC,ASO,EN,Federal Contract Tower,0,0,2,0,2,0,4,10,0,14,0,4,12,0,16,0,0,0,16
03/30/2020,ISO,NC,ASO,EN,Federal Contract Tower,0,0,12,4,16,0,5,12,6,23,0,5,24,10,39,0,34,34,73
03/31/2020,ISO,NC,ASO,EN,Federal Contract Tower,0,0,8,18,26,0,0,3,4,7,0,0,11,22,33,6,32,38,71
04/01/2020,ISO,NC,ASO,EN,Federal Contract Tower,0,0,4,16,20,0,0,0,2,2,0,0,4,18,22,0,44,44,66
04/02/2020,ISO,NC,ASO,EN,Federal Contract Tower,0,0,10,1,11,0,6,6,3,15,0,6,16,4,26,0,38,38,64
04/03/2020,ISO,NC,ASO,EN,Federal Contract Tower,0,0,5,12,17,0,0,14,0,14,0,0,19,12,31,0,38,38,69
04/04/2020,ISO,NC,ASO,EN,Federal Contract Tower,0,0,0,0,0,0,0,21,0,21,0,0,21,0,21,12,0,12,33
04/05/2020,ISO,NC,ASO,EN,Federal Contract Tower,0,0,2,0,2,0,6,12,0,18,0,6,14,0,20,18,0,18,38
04/06/2020,ISO,NC,ASO,EN,Federal Contract Tower,0,0,9,11,20,0,3,12,7,22,0,3,21,18,42,2,40,42,84
04/07/2020,ISO,NC,ASO,EN,Federal Contract Tower,0,0,4,14,18,0,2,3,2,7,0,2,7,16,25,0,0,0,25
04/08/2020,ISO,NC,ASO,EN,Federal Contract Tower,0,0,4,5,9,0,3,5,1,9,0,3,9,6,18,0,36,36,54
04/09/2020,ISO,NC,ASO,EN,Federal Contract Tower,0,0,0,2,2,0,0,9,1,10,0,0,9,3,12,0,20,20,32
04/10/2020,ISO,NC,ASO,EN,Federal Contract Tower,0,0,4,3,7,0,0,9,1,10,0,0,13,4,17,0,14,14,31
04/11/2020,ISO,NC,ASO,EN,Federal Contract Tower,0,0,1,0,1,0,0,27,0,27,0,0,28,0,28,30,0,30,58
04/12/2020,ISO,NC,ASO,EN,Federal Contract Tower,0,0,0,0,0,0,2,12,0,14,0,2,12,0,14,6,0,6,20
04/13/2020,ISO,NC,ASO,EN,Federal Contract Tower,0,0,1,2,3,0,0,2,4,6,0,0,3,6,9,0,38,38,47
04/14/2020,ISO,NC,ASO,EN,Federal Contract Tower,0,0,5,7,12,0,1,7,3,11,0,1,12,10,23,8,20,28,51
04/15/2020,ISO,NC,ASO,EN,Federal Contract Tower,0,0,2,4,6,0,0,2,2,4,0,0,4,6,10,2,46,48,58
04/16/2020,ISO,NC,ASO,EN,Federal Contract Tower,0,0,8,2,10,0,4,8,4,16,0,4,16,6,26,8,56,64,90
04/17/2020,ISO,NC,ASO,EN,Federal Contract Tower,0,0,4,30,34,0,0,21,2,23,0,0,25,32,57,29,42,71,128
04/18/2020,ISO,NC,ASO,EN,Federal Contract Tower,0,0,7,0,7,0,0,10,0,10,0,0,17,0,17,0,0,0,17
04/19/2020,ISO,NC,ASO,EN,Federal Contract Tower,0,0,4,0,4,0,0,0,0,0,0,0,4,0,4,0,0,0,4
04/20/2020,ISO,NC,ASO,EN,Federal Contract Tower,0,2,7,4,13,0,0,2,0,2,0,2,9,4,15,4,4,8,23
04/21/2020,ISO,NC,ASO,EN,Federal Contract Tower,0,0,4,30,34,0,4,6,2,12,0,4,10,32,46,2,32,34,80
04/22/2020,ISO,NC,ASO,EN,Federal Contract Tower,0,0,2,6,8,0,5,19,2,26,0,5,21,8,34,14,26,40,74
04/23/2020,ISO,NC,ASO,EN,Federal Contract Tower,0,0,2,4,6,0,0,0,2,2,0,0,2,6,8,0,26,26,34
04/24/2020,ISO,NC,ASO,EN,Federal Contract Tower,0,0,4,10,14,0,0,1,4,5,0,0,5,14,19,26,8,34,53
04/25/2020,ISO,NC,ASO,EN,Federal Contract Tower,0,0,1,0,1,0,0,0,0,0,0,0,1,0,1,0,0,0,1
04/26/2020,ISO,NC,ASO,EN,Federal Contract Tower,0,0,4,0,4,0,4,9,2,15,0,4,13,2,19,0,22,22,41
04/27/2020,ISO,NC,ASO,EN,Federal Contract Tower,0,0,9,15,24,0,4,12,1,17,0,4,21,16,41,10,48,58,99
04/28/2020,ISO,NC,ASO,EN,Federal Contract Tower,0,1,4,8,13,0,5,14,6,25,0,6,18,14,38,6,48,54,92
04/29/2020,ISO,NC,ASO,EN,Federal Contract Tower,0,0,6,4,10,0,5,10,2,17,0,5,16,6,27,0,14,14,41
04/30/2020,ISO,NC,ASO,EN,Federal Contract Tower,0,1,14,0,15,0,0,2,2,4,0,1,16,2,19,0,0,0,19
05/01/2020,ISO,NC,ASO,EN,Federal Contract Tower,0,0,15,10,25,0,0,14,2,16,0,0,29,12,41,20,82,102,143
05/02/2020,ISO,NC,ASO,EN,Federal Contract Tower,0,0,4,1,5,0,0,4,3,7,0,0,8,4,12,20,14,34,46
05/03/2020,ISO,NC,ASO,EN,Federal Contract Tower,0,0,7,0,7,0,0,11,0,11,0,0,18,0,18,30,0,30,48
05/04/2020,ISO,NC,ASO,EN,Federal Contract Tower,0,1,10,23,34,0,1,8,0,9,0,2,18,23,43,18,54,72,115
05/05/2020,ISO,NC,ASO,EN,Federal Contract Tower,0,0,5,5,10,0,0,3,3,6,0,0,8,8,16,4,44,48,64
05/06/2020,ISO,NC,ASO,EN,Federal Contract Tower,0,2,10,13,25,0,0,5,2,7,0,2,15,15,32,6,64,70,102
05/07/2020,ISO,NC,ASO,EN,Federal Contract Tower,0,0,12,5,17,0,2,14,1,17,0,2,26,6,34,18,30,48,82
05/08/2020,ISO,NC,ASO,EN,Federal Contract Tower,0,0,15,6,21,0,0,9,0,9,0,0,24,6,30,0,39,39,69
05/09/2020,ISO,NC,ASO,EN,Federal Contract Tower,0,0,5,1,6,0,0,17,1,18,0,0,22,2,24,26,10,36,60
05/10/2020,ISO,NC,ASO,EN,Federal Contract Tower,0,0,8,0,8,0,0,22,0,22,0,0,30,0,30,20,0,20,50
05/11/2020,ISO,NC,ASO,EN,Federal Contract Tower,0,0,8,4,12,0,3,20,6,29,0,3,28,10,41,4,42,46,87
05/12/2020,ISO,NC,ASO,EN,Federal Contract Tower,0,1,22,5,28,0,0,47,3,50,0,1,69,8,78,8,76,84,162
05/13/2020,ISO,NC,ASO,EN,Federal Contract Tower,0,2,9,24,35,0,3,54,6,63,0,5,63,30,98,14,100,114,212
05/14/2020,ISO,NC,ASO,EN,Federal Contract Tower,0,0,7,9,16,0,1,5,7,13,0,1,12,16,29,0,38,38,67
05/15/2020,ISO,NC,ASO,EN,Federal Contract Tower,0,0,13,9,22,0,0,13,1,14,0,0,26,10,36,10,42,52,88
05/16/2020,ISO,NC,ASO,EN,Federal Contract Tower,0,0,12,0,12,0,0,4,0,4,0,0,16,0,16,6,0,6,22
05/17/2020,ISO,NC,ASO,EN,Federal Contract Tower,0,0,6,0,6,0,0,2,0,2,0,0,8,0,8,0,0,0,8
05/18/2020,ISO,NC,ASO,EN,Federal Contract Tower,0,0,6,0,6,0,0,0,0,0,0,0,6,0,6,0,0,0,6
05/19/2020,ISO,NC,ASO,EN,Federal Contract Tower,0,1,15,2,18,0,0,0,0,0,0,1,15,2,18,0,0,0,18
05/20/2020,ISO,NC,ASO,EN,Federal Contract Tower,0,0,11,0,11,0,0,0,0,0,0,0,11,0,11,0,0,0,11
05/21/2020,ISO,NC,ASO,EN,Federal Contract Tower,0,1,7,0,8,0,0,0,0,0,0,1,7,0,8,0,0,0,8
05/22/2020,ISO,NC,ASO,EN,Federal Contract Tower,0,0,7,2,9,0,0,4,0,4,0,0,11,2,13,2,0,2,15
05/23/2020,ISO,NC,ASO,EN,Federal Contract Tower,0,0,5,0,5,0,0,3,0,3,0,0,8,0,8,2,0,2,10
05/24/2020,ISO,NC,ASO,EN,Federal Contract Tower,0,2,15,1,18,0,0,15,0,15,0,2,30,1,33,27,0,27,60
05/25/2020,ISO,NC,ASO,EN,Federal Contract Tower,0,0,12,0,12,0,0,3,0,3,0,0,15,0,15,0,0,0,15
05/26/2020,ISO,NC,ASO,EN,Federal Contract Tower,0,0,12,1,13,0,0,0,1,1,0,0,12,2,14,0,0,0,14
05/27/2020,ISO,NC,ASO,EN,Federal Contract Tower,0,5,2,10,17,0,0,2,0,2,0,5,4,10,19,6,18,24,43
05/28/2020,ISO,NC,ASO,EN,Federal Contract Tower,0,0,8,8,16,0,0,0,0,0,0,0,8,8,16,10,24,34,50
05/29/2020,ISO,NC,ASO,EN,Federal Contract Tower,0,0,8,4,12,0,0,0,0,0,0,0,8,4,12,0,8,8,20
05/30/2020,ISO,NC,ASO,EN,Federal Contract Tower,0,1,3,0,4,0,0,2,0,2,0,1,5,0,6,6,0,6,12
05/31/2020,ISO,NC,ASO,EN,Federal Contract Tower,0,0,6,0,6,0,0,16,0,16,0,0,22,0,22,46,0,46,68
06/01/2020,ISO,NC,ASO,EN,Federal Contract Tower,0,0,15,0,15,0,0,9,0,9,0,0,24,0,24,2,4,6,30
06/02/2020,ISO,NC,ASO,EN,Federal Contract Tower,0,0,12,10,22,0,2,12,5,19,0,2,24,15,41,8,58,66,107
06/03/2020,ISO,NC,ASO,EN,Federal Contract Tower,0,2,4,30,36,0,3,1,4,8,0,5,5,34,44,4,108,112,156
06/04/2020,ISO,NC,ASO,EN,Federal Contract Tower,0,1,14,13,28,0,0,10,0,10,0,1,24,13,38,10,82,92,130
06/05/2020,ISO,NC,ASO,EN,Federal Contract Tower,0,0,6,6,12,0,0,1,2,3,0,0,7,8,15,6,38,44,59
06/06/2020,ISO,NC,ASO,EN,Federal Contract Tower,0,0,9,0,9,0,0,0,0,0,0,0,9,0,9,2,0,2,11
06/07/2020,ISO,NC,ASO,EN,Federal Contract Tower,0,0,6,0,6,0,0,2,0,2,0,0,8,0,8,4,0,4,12
06/08/2020,ISO,NC,ASO,EN,Federal Contract Tower,0,1,11,19,31,0,3,2,9,14,0,4,13,28,45,8,30,38,83
06/09/2020,ISO,NC,ASO,EN,Federal Contract Tower,0,0,10,1,11,0,0,3,1,4,0,0,13,2,15,0,14,14,29
06/10/2020,ISO,NC,ASO,EN,Federal Contract Tower,0,0,10,36,46,0,2,0,0,2,0,2,10,36,48,0,50,50,98
06/11/2020,ISO,NC,ASO,EN,Federal Contract Tower,0,1,10,2,13,0,0,0,0,0,0,1,10,2,13,0,0,0,13
06/12/2020,ISO,NC,ASO,EN,Federal Contract Tower,0,0,3,1,4,0,0,2,1,3,0,0,5,2,7,4,8,12,19
06/13/2020,ISO,NC,ASO,EN,Federal Contract Tower,0,0,7,0,7,0,0,4,0,4,0,0,11,0,11,6,0,6,17
06/14/2020,ISO,NC,ASO,EN,Federal Contract Tower,0,0,4,0,4,0,0,2,0,2,0,0,6,0,6,0,0,0,6
06/15/2020,ISO,NC,ASO,EN,Federal Contract Tower,0,0,6,0,6,0,0,0,0,0,0,0,6,0,6,0,0,0,6
06/16/2020,ISO,NC,ASO,EN,Federal Contract Tower,0,0,8,0,8,0,0,0,0,0,0,0,8,0,8,0,0,0,8
06/17/2020,ISO,NC,ASO,EN,Federal Contract Tower,0,0,14,8,22,0,0,1,3,4,0,0,15,11,26,0,58,58,84
06/18/2020,ISO,NC,ASO,EN,Federal Contract Tower,0,0,14,13,27,0,3,9,6,18,0,3,23,19,45,10,104,114,159
06/19/2020,ISO,NC,ASO,EN,Federal Contract Tower,0,0,10,12,22,0,3,0,0,3,0,3,10,12,25,0,14,14,39
06/20/2020,ISO,NC,ASO,EN,Federal Contract Tower,0,0,11,0,11,0,0,2,0,2,0,0,13,0,13,0,0,0,13
06/21/2020,ISO,NC,ASO,EN,Federal Contract Tower,0,0,1,0,1,0,0,13,0,13,0,0,14,0,14,8,0,8,22
06/22/2020,ISO,NC,ASO,EN,Federal Contract Tower,0,1,9,11,21,0,0,11,3,14,0,1,20,14,35,6,40,46,81
06/23/2020,ISO,NC,ASO,EN,Federal Contract Tower,0,1,17,7,25,0,6,10,5,21,0,7,27,12,46,4,46,50,96
06/24/2020,ISO,NC,ASO,EN,Federal Contract Tower,0,0,17,8,25,0,2,10,2,14,0,2,27,10,39,20,22,42,81
06/25/2020,ISO,NC,ASO,EN,Federal Contract Tower,0,2,11,4,17,0,0,2,0,2,0,2,13,4,19,4,0,4,23
06/26/2020,ISO,NC,ASO,EN,Federal Contract Tower,0,4,9,0,13,0,3,17,12,32,0,7,26,12,45,4,56,60,105
06/27/2020,ISO,NC,ASO,EN,Federal Contract Tower,0,0,10,0,10,0,0,6,0,6,0,0,16,0,16,8,6,14,30
06/28/2020,ISO,NC,ASO,EN,Federal Contract Tower,0,0,8,0,8,0,0,2,0,2,0,0,10,0,10,2,0,2,12
06/29/2020,ISO,NC,ASO,EN,Federal Contract Tower,0,2,7,9,18,0,1,22,8,31,0,3,29,17,49,46,36,82,131
06/30/2020,ISO,NC,ASO,EN,Federal Contract Tower,0,1,14,11,26,0,2,11,3,16,0,3,25,14,42,22,14,36,78
07/01/2020,ISO,NC,ASO,EN,Federal Contract Tower,0,0,5,22,27,0,0,6,2,8,0,0,11,24,35,0,22,22,57
07/02/2020,ISO,NC,ASO,EN,Federal Contract Tower,0,0,7,2,9,0,8,7,0,15,0,8,14,2,24,18,18,36,60
07/03/2020,ISO,NC,ASO,EN,Federal Contract Tower,0,0,9,2,11,0,0,17,0,17,0,0,26,2,28,40,0,40,68
07/04/2020,ISO,NC,ASO,EN,Federal Contract Tower,0,0,5,0,5,0,0,4,0,4,0,0,9,0,9,0,0,0,9
07/05/2020,ISO,NC,ASO,EN,Federal Contract Tower,0,0,0,1,1,0,0,0,0,0,0,0,0,1,1,14,0,14,15
07/06/2020,ISO,NC,ASO,EN,Federal Contract Tower,0,0,7,2,9,0,4,5,2,11,0,4,12,4,20,12,22,34,54
07/07/2020,ISO,NC,ASO,EN,Federal Contract Tower,0,1,5,1,7,0,0,2,3,5,0,1,7,4,12,4,24,28,40
07/08/2020,ISO,NC,ASO,EN,Federal Contract Tower,0,0,10,0,10,0,0,0,0,0,0,0,10,0,10,0,0,0,10
07/09/2020,ISO,NC,ASO,EN,Federal Contract Tower,0,0,2,18,20,0,0,0,4,4,0,0,2,22,24,0,18,18,42
07/10/2020,ISO,NC,ASO,EN,Federal Contract Tower,0,1,2,6,9,0,4,5,10,19,0,5,7,16,28,22,48,70,98
07/11/2020,ISO,NC,ASO,EN,Federal Contract Tower,0,0,5,0,5,0,0,8,0,8,0,0,13,0,13,27,0,27,40
07/12/2020,ISO,NC,ASO,EN,Federal Contract Tower,0,0,5,5,10,0,0,16,0,16,0,0,21,5,26,16,16,32,58
07/13/2020,ISO,NC,ASO,EN,Federal Contract Tower,1,2,4,14,21,0,0,7,7,14,1,2,11,21,35,14,24,38,73
07/14/2020,ISO,NC,ASO,EN,Federal Contract Tower,0,0,1,6,7,0,0,13,7,20,0,0,14,13,27,6,98,104,131
07/15/2020,ISO,NC,ASO,EN,Federal Contract Tower,0,2,2,22,26,0,3,10,6,19,0,5,12,28,45,10,68,78,123
07/16/2020,ISO,NC,ASO,EN,Federal Contract Tower,0,0,4,10,14,0,4,7,8,19,0,4,11,18,33,10,42,52,85
07/17/2020,ISO,NC,ASO,EN,Federal Contract Tower,0,3,10,4,17,0,0,6,2,8,0,3,16,6,25,8,58,66,91
07/18/2020,ISO,NC,ASO,EN,Federal Contract Tower,0,0,2,0,2,0,0,6,0,6,0,0,8,0,8,4,0,4,12
07/19/2020,ISO,NC,ASO,EN,Federal Contract Tower,0,0,2,0,2,0,0,9,0,9,0,0,11,0,11,30,0,30,41
07/20/2020,ISO,NC,ASO,EN,Federal Contract Tower,0,0,7,6,13,0,1,4,2,7,0,1,11,8,20,22,4,26,46
07/21/2020,ISO,NC,ASO,EN,Federal Contract Tower,0,1,2,15,18,0,7,9,6,22,0,8,11,21,40,28,68,96,136
07/22/2020,ISO,NC,ASO,EN,Federal Contract Tower,0,1,8,13,22,0,3,7,3,13,0,4,15,16,35,14,46,60,95
07/23/2020,ISO,NC,ASO,EN,Federal Contract Tower,0,0,4,21,25,0,11,5,1,17,0,11,9,22,42,0,16,16,58
07/24/2020,ISO,NC,ASO,EN,Federal Contract Tower,0,2,9,4,15,0,2,0,0,2,0,4,9,4,17,0,26,26,43
07/25/2020,ISO,NC,ASO,EN,Federal Contract Tower,0,0,5,0,5,0,2,3,0,5,0,2,8,0,10,0,0,0,10
07/26/2020,ISO,NC,ASO,EN,Federal Contract Tower,0,0,1,0,1,0,5,6,0,11,0,5,7,0,12,0,0,0,12
07/27/2020,ISO,NC,ASO,EN,Federal Contract Tower,0,0,8,26,34,0,7,10,7,24,0,7,18,33,58,22,36,58,116
07/28/2020,ISO,NC,ASO,EN,Federal Contract Tower,0,2,2,0,4,0,5,6,0,11,0,7,8,0,15,0,0,0,15
07/29/2020,ISO,NC,ASO,EN,Federal Contract Tower,0,3,4,12,19,0,3,0,2,5,0,6,4,14,24,0,24,24,48
07/30/2020,ISO,NC,ASO,EN,Federal Contract Tower,0,0,3,6,9,0,4,4,0,8,0,4,7,6,17,6,0,6,23
07/31/2020,ISO,NC,ASO,EN,Federal Contract Tower,0,0,15,0,15,0,3,0,0,3,0,3,15,0,18,4,0,4,22
08/01/2020,ISO,NC,ASO,EN,Federal Contract Tower,0,0,3,0,3,0,0,0,0,0,0,0,3,0,3,0,0,0,3
08/02/2020,ISO,NC,ASO,EN,Federal Contract Tower,0,0,1,0,1,0,0,1,0,1,0,0,2,0,2,4,0,4,6
08/03/2020,ISO,NC,ASO,EN,Federal Contract Tower,0,3,2,2,7,0,0,0,2,2,0,3,2,4,9,0,12,12,21
08/04/2020,ISO,NC,ASO,EN,Federal Contract Tower,0,1,5,0,6,0,0,0,0,0,0,1,5,0,6,0,0,0,6
08/05/2020,ISO,NC,ASO,EN,Federal Contract Tower,0,0,3,4,7,0,0,10,1,11,0,0,13,5,18,18,14,32,50
08/06/2020,ISO,NC,ASO,EN,Federal Contract Tower,0,3,15,1,19,0,0,2,7,9,0,3,17,8,28,0,38,38,66
08/07/2020,ISO,NC,ASO,EN,Federal Contract Tower,0,0,4,0,4,0,2,0,2,4,0,2,4,2,8,0,0,0,8
08/08/2020,ISO,NC,ASO,EN,Federal Contract Tower,0,0,2,0,2,0,0,7,0,7,0,0,9,0,9,6,0,6,15
08/09/2020,ISO,NC,ASO,EN,Federal Contract Tower,0,0,6,0,6,0,0,3,0,3,0,0,9,0,9,8,0,8,17
08/10/2020,ISO,NC,ASO,EN,Federal Contract Tower,0,0,4,7,11,0,2,2,3,7,0,2,6,10,18,14,4,18,36
08/11/2020,ISO,NC,ASO,EN,Federal Contract Tower,0,0,6,0,6,0,0,7,0,7,0,0,13,0,13,6,0,6,19
08/12/2020,ISO,NC,ASO,EN,Federal Contract Tower,0,0,7,1,8,0,5,10,1,16,0,5,17,2,24,2,0,2,26
08/13/2020,ISO,NC,ASO,EN,Federal Contract Tower,0,0,5,10,15,0,2,2,0,4,0,2,7,10,19,0,34,34,53
08/14/2020,ISO,NC,ASO,EN,Federal Contract Tower,0,2,8,2,12,0,3,10,0,13,0,5,18,2,25,10,0,10,35
08/15/2020,ISO,NC,ASO,EN,Federal Contract Tower,0,0,6,0,6,0,0,1,0,1,0,0,7,0,7,0,0,0,7
08/16/2020,ISO,NC,ASO,EN,Federal Contract Tower,0,0,5,0,5,0,0,0,0,0,0,0,5,0,5,0,0,0,5
08/17/2020,ISO,NC,ASO,EN,Federal Contract Tower,0,2,3,6,11,0,0,7,2,9,0,2,10,8,20,4,16,20,40
08/18/2020,ISO,NC,ASO,EN,Federal Contract Tower,0,2,9,10,21,0,1,21,7,29,0,3,30,17,50,64,46,110,160
08/19/2020,ISO,NC,ASO,EN,Federal Contract Tower,0,1,7,0,8,0,0,3,0,3,0,1,10,0,11,8,0,8,19
08/20/2020,ISO,NC,ASO,EN,Federal Contract Tower,0,0,4,7,11,0,0,0,0,0,0,0,4,7,11,0,10,10,21
08/21/2020,ISO,NC,ASO,EN,Federal Contract Tower,0,0,4,30,34,0,2,6,4,12,0,2,10,34,46,16,131,147,193
08/22/2020,ISO,NC,ASO,EN,Federal Contract Tower,0,0,6,0,6,0,0,0,0,0,0,0,6,0,6,0,0,0,6
08/23/2020,ISO,NC,ASO,EN,Federal Contract Tower,0,0,7,0,7,0,0,5,0,5,0,0,12,0,12,42,0,42,54
08/24/2020,ISO,NC,ASO,EN,Federal Contract Tower,0,0,8,10,18,0,0,4,0,4,0,0,12,10,22,6,22,28,50
08/25/2020,ISO,NC,ASO,EN,Federal Contract Tower,0,4,2,16,22,0,6,2,0,8,0,10,4,16,30,24,38,62,92
08/26/2020,ISO,NC,ASO,EN,Federal Contract Tower,0,0,3,9,12,0,3,14,0,17,0,3,17,9,29,10,50,60,89
08/27/2020,ISO,NC,ASO,EN,Federal Contract Tower,0,2,8,11,21,0,3,9,2,14,0,5,17,13,35,0,4,4,39
08/28/2020,ISO,NC,ASO,EN,Federal Contract Tower,1,0,2,4,7,0,4,8,4,16,1,4,10,8,23,24,44,68,91
08/29/2020,ISO,NC,ASO,EN,Federal Contract Tower,0,1,5,2,8,0,0,0,0,0,0,1,5,2,8,4,0,4,12
08/30/2020,ISO,NC,ASO,EN,Federal Contract Tower,0,0,3,2,5,0,0,1,0,1,0,0,4,2,6,12,0,12,18
08/31/2020,ISO,NC,ASO,EN,Federal Contract Tower,0,0,15,24,39,0,4,8,5,17,0,4,23,29,56,8,34,42,98
09/01/2020,ISO,NC,ASO,EN,Federal Contract Tower,0,0,8,30,38,0,0,4,12,16,0,0,12,42,54,0,48,48,102
09/02/2020,ISO,NC,ASO,EN,Federal Contract Tower,0,0,11,20,31,0,6,9,2,17,0,6,20,22,48,36,36,72,120
09/03/2020,ISO,NC,ASO,EN,Federal Contract Tower,0,0,9,13,22,0,19,8,4,31,0,19,17,17,53,0,5,5,58
09/04/2020,ISO,NC,ASO,EN,Federal Contract Tower,0,0,6,6,12,0,1,13,0,14,0,1,19,6,26,50,16,66,92
09/05/2020,ISO,NC,ASO,EN,Federal Contract Tower,0,0,2,0,2,0,0,8,0,8,0,0,10,0,10,12,0,12,22
09/06/2020,ISO,NC,ASO,EN,Federal Contract Tower,0,0,0,0,0,0,0,1,0,1,0,0,1,0,1,22,0,22,23
09/07/2020,ISO,NC,ASO,EN,Federal Contract Tower,0,0,5,0,5,0,0,10,0,10,0,0,15,0,15,12,0,12,27
09/08/2020,ISO,NC,ASO,EN,Federal Contract Tower,0,0,11,4,15,0,0,1,2,3,0,0,12,6,18,0,0,0,18
09/09/2020,ISO,NC,ASO,EN,Federal Contract Tower,0,0,6,14,20,0,0,0,0,0,0,0,6,14,20,0,0,0,20
09/10/2020,ISO,NC,ASO,EN,Federal Contract Tower,0,7,9,3,19,0,0,4,1,5,0,7,13,4,24,0,0,0,24
09/11/2020,ISO,NC,ASO,EN,Federal Contract Tower,0,0,6,12,18,0,0,0,4,4,0,0,6,16,22,0,26,26,48
09/12/2020,ISO,NC,ASO,EN,Federal Contract Tower,0,0,6,4,10,0,0,1,2,3,0,0,7,6,13,0,18,18,31
09/13/2020,ISO,NC,ASO,EN,Federal Contract Tower,0,0,5,0,5,0,0,9,0,9,0,0,14,0,14,14,24,38,52
09/14/2020,ISO,NC,ASO,EN,Federal Contract Tower,0,1,12,24,37,0,0,0,0,0,0,1,12,24,37,6,0,6,43
09/15/2020,ISO,NC,ASO,EN,Federal Contract Tower,0,1,11,19,31,0,21,3,2,26,0,22,14,21,57,66,18,84,141
09/16/2020,ISO,NC,ASO,EN,Federal Contract Tower,0,1,12,13,26,0,4,9,1,14,0,5,21,14,40,48,8,56,96
09/17/2020,ISO,NC,ASO,EN,Federal Contract Tower,0,0,3,0,3,0,0,0,0,0,0,0,3,0,3,0,0,0,3
09/18/2020,ISO,NC,ASO,EN,Federal Contract Tower,0,2,9,1,12,0,0,0,0,0,0,2,9,1,12,0,0,0,12
09/19/2020,ISO,NC,ASO,EN,Federal Contract Tower,0,0,15,2,17,0,0,4,2,6,0,0,19,4,23,6,32,38,61
09/20/2020,ISO,NC,ASO,EN,Federal Contract Tower,0,0,6,0,6,0,0,3,0,3,0,0,9,0,9,12,0,12,21
09/21/2020,ISO,NC,ASO,EN,Federal Contract Tower,0,0,18,11,29,0,3,9,3,15,0,3,27,14,44,12,40,52,96
09/22/2020,ISO,NC,ASO,EN,Federal Contract Tower,0,0,9,11,20,0,7,12,8,27,0,7,21,19,47,24,30,54,101
09/23/2020,ISO,NC,ASO,EN,Federal Contract Tower,0,0,5,8,13,0,33,9,12,54,0,33,14,20,67,14,60,74,141
09/24/2020,ISO,NC,ASO,EN,Federal Contract Tower,0,0,9,11,20,0,0,13,10,23,0,0,22,21,43,14,96,110,153
09/25/2020,ISO,NC,ASO,EN,Federal Contract Tower,0,0,7,1,8,0,0,0,0,0,0,0,7,1,8,0,0,0,8
09/26/2020,ISO,NC,ASO,EN,Federal Contract Tower,0,0,4,0,4,0,0,2,0,2,0,0,6,0,6,0,0,0,6
09/27/2020,ISO,NC,ASO,EN,Federal Contract Tower,0,0,8,1,9,0,0,3,0,3,0,0,11,1,12,2,0,2,14
09/28/2020,ISO,NC,ASO,EN,Federal Contract Tower,0,2,9,11,22,0,1,3,11,15,0,3,12,22,37,10,38,48,85
09/29/2020,ISO,NC,ASO,EN,Federal Contract Tower,0,1,3,8,12,0,2,3,4,9,0,3,6,12,21,0,4,4,25
09/30/2020,ISO,NC,ASO,EN,Federal Contract Tower,2,1,7,8,18,0,26,12,4,42,2,27,19,12,60,4,18,22,82
10/01/2020,ISO,NC,ASO,EN,Federal Contract Tower,0,2,7,20,29,0,2,16,13,31,0,4,23,33,60,10,88,98,158
10/02/2020,ISO,NC,ASO,EN,Federal Contract Tower,0,1,9,22,32,0,6,5,5,16,0,7,14,27,48,18,66,84,132
10/03/2020,ISO,NC,ASO,EN,Federal Contract Tower,0,0,2,2,4,0,0,10,2,12,0,0,12,4,16,14,24,38,54
10/04/2020,ISO,NC,ASO,EN,Federal Contract Tower,0,0,6,12,18,0,0,10,0,10,0,0,16,12,28,26,0,26,54
10/05/2020,ISO,NC,ASO,EN,Federal Contract Tower,0,1,10,13,24,0,0,16,4,20,0,1,26,17,44,16,66,82,126
10/06/2020,ISO,NC,ASO,EN,Federal Contract Tower,0,0,9,17,26,0,2,11,6,19,0,2,20,23,45,8,101,109,154
10/07/2020,ISO,NC,ASO,EN,Federal Contract Tower,0,1,7,13,21,0,4,12,3,19,0,5,19,16,40,38,60,98,138
10/08/2020,ISO,NC,ASO,EN,Federal Contract Tower,0,3,15,22,40,0,3,16,8,27,0,6,31,30,67,52,92,144,211
10/09/2020,ISO,NC,ASO,EN,Federal Contract Tower,0,4,6,9,19,0,2,11,2,15,0,6,17,11,34,14,60,74,108
10/10/2020,ISO,NC,ASO,EN,Federal Contract Tower,0,0,5,5,10,0,0,2,2,4,0,0,7,7,14,0,46,46,60
10/11/2020,ISO,NC,ASO,EN,Federal Contract Tower,0,0,5,0,5,0,0,0,0,0,0,0,5,0,5,0,0,0,5
10/12/2020,ISO,NC,ASO,EN,Federal Contract Tower,0,0,13,4,17,0,0,1,0,1,0,0,14,4,18,4,24,28,46
10/13/2020,ISO,NC,ASO,EN,Federal Contract Tower,0,0,10,13,23,0,4,7,3,14,0,4,17,16,37,8,80,88,125
10/14/2020,ISO,NC,ASO,EN,Federal Contract Tower,0,0,7,56,63,0,30,12,7,49,0,30,19,63,112,56,110,166,278
10/15/2020,ISO,NC,ASO,EN,Federal Contract Tower,0,0,7,25,32,0,1,9,2,12,0,1,16,27,44,44,36,80,124
10/16/2020,ISO,NC,ASO,EN,Federal Contract Tower,0,0,4,23,27,0,2,0,0,2,0,2,4,23,29,0,22,22,51
10/17/2020,ISO,NC,ASO,EN,Federal Contract Tower,0,1,12,4,17,0,0,8,2,10,0,1,20,6,27,0,32,32,59
10/18/2020,ISO,NC,ASO,EN,Federal Contract Tower,0,0,8,5,13,0,0,23,2,25,0,0,31,7,38,34,20,54,92
10/19/2020,ISO,NC,ASO,EN,Federal Contract Tower,0,1,2,9,12,0,1,6,1,8,0,2,8,10,20,4,76,80,100
10/20/2020,ISO,NC,ASO,EN,Federal Contract Tower,0,0,8,9,17,0,3,5,3,11,0,3,13,12,28,16,20,36,64
10/21/2020,ISO,NC,ASO,EN,Federal Contract Tower,0,0,17,28,45,0,2,3,5,10,0,2,20,33,55,10,96,106,161
10/22/2020,ISO,NC,ASO,EN,Federal Contract Tower,0,0,17,12,29,0,2,10,2,14,0,2,27,14,43,38,44,82,125
10/23/2020,ISO,NC,ASO,EN,Federal Contract Tower,0,0,4,23,27,0,5,10,11,26,0,5,14,34,53,15,76,91,144
10/24/2020,ISO,NC,ASO,EN,Federal Contract Tower,0,0,3,3,6,0,0,9,0,9,0,0,12,3,15,42,0,42,57
10/25/2020,ISO,NC,ASO,EN,Federal Contract Tower,0,0,0,3,3,0,0,0,0,0,0,0,0,3,3,0,0,0,3
10/26/2020,ISO,NC,ASO,EN,Federal Contract Tower,0,1,2,5,8,0,4,6,1,11,0,5,8,6,19,24,10,34,53
10/27/2020,ISO,NC,ASO,EN,Federal Contract Tower,0,0,6,11,17,0,6,3,1,10,0,6,9,12,27,10,18,28,55
10/28/2020,ISO,NC,ASO,EN,Federal Contract Tower,0,2,8,4,14,0,2,7,0,9,0,4,15,4,23,12,32,44,67
10/29/2020,ISO,NC,ASO,EN,Federal Contract Tower,0,0,5,2,7,0,2,2,4,8,0,2,7,6,15,2,50,52,67
10/30/2020,ISO,NC,ASO,EN,Federal Contract Tower,0,1,10,11,22,0,4,2,2,8,0,5,12,13,30,4,34,38,68
10/31/2020,ISO,NC,ASO,EN,Federal Contract Tower,0,0,12,0,12,0,0,29,0,29,0,0,41,0,41,58,0,58,99
11/01/2020,ISO,NC,ASO,EN,Federal Contract Tower,0,0,8,1,9,0,0,3,1,4,0,0,11,2,13,0,0,0,13
11/02/2020,ISO,NC,ASO,EN,Federal Contract Tower,0,0,4,19,23,0,2,7,7,16,0,2,11,26,39,18,24,42,81
11/03/2020,ISO,NC,ASO,EN,Federal Contract Tower,0,0,6,17,23,0,9,13,8,30,0,9,19,25,53,28,92,120,173
11/04/2020,ISO,NC,ASO,EN,Federal Contract Tower,0,0,11,12,23,0,2,9,10,21,0,2,20,22,44,8,50,58,102
11/05/2020,ISO,NC,ASO,EN,Federal Contract Tower,0,0,6,17,23,0,4,11,10,25,0,4,17,27,48,24,69,93,141
11/06/2020,ISO,NC,ASO,EN,Federal Contract Tower,0,0,3,7,10,0,0,0,3,3,0,0,3,10,13,4,16,20,33
11/07/2020,ISO,NC,ASO,EN,Federal Contract Tower,0,0,5,4,9,0,3,11,0,14,0,3,16,4,23,26,0,26,49
11/08/2020,ISO,NC,ASO,EN,Federal Contract Tower,0,0,6,0,6,0,0,12,0,12,0,0,18,0,18,12,0,12,30
11/09/2020,ISO,NC,ASO,EN,Federal Contract Tower,0,1,14,5,20,0,4,10,4,18,0,5,24,9,38,6,28,34,72
11/10/2020,ISO,NC,ASO,EN,Federal Contract Tower,0,2,1,23,26,0,4,2,8,14,0,6,3,31,40,6,20,26,66
11/11/2020,ISO,NC,ASO,EN,Federal Contract Tower,0,6,12,0,18,0,0,0,0,0,0,6,12,0,18,2,0,2,20
11/12/2020,ISO,NC,ASO,EN,Federal Contract Tower,0,1,4,0,5,0,0,0,0,0,0,1,4,0,5,0,0,0,5
11/13/2020,ISO,NC,ASO,EN,Federal Contract Tower,0,0,14,6,20,0,0,0,0,0,0,0,14,6,20,0,0,0,20
11/14/2020,ISO,NC,ASO,EN,Federal Contract Tower,0,0,11,0,11,0,0,10,0,10,0,0,21,0,21,26,0,26,47
11/16/2020,ISO,NC,ASO,EN,Federal Contract Tower,0,1,6,13,20,0,2,5,8,15,0,3,11,21,35,6,16,22,57
11/17/2020,ISO,NC,ASO,EN,Federal Contract Tower,0,0,5,10,15,0,4,1,8,13,0,4,6,18,28,8,40,48,76
11/18/2020,ISO,NC,ASO,EN,Federal Contract Tower,0,4,4,4,12,0,3,4,6,13,0,7,8,10,25,10,20,30,55
11/19/2020,ISO,NC,ASO,EN,Federal Contract Tower,0,2,8,19,29,0,8,6,3,17,0,10,14,22,46,24,22,46,92
11/20/2020,ISO,NC,ASO,EN,Federal Contract Tower,0,1,11,11,23,0,4,18,6,28,0,5,29,17,51,40,46,86,137
11/21/2020,ISO,NC,ASO,EN,Federal Contract Tower,0,1,6,10,17,0,2,15,4,21,0,3,21,14,38,36,70,106,144
11/22/2020,ISO,NC,ASO,EN,Federal Contract Tower,0,0,7,4,11,0,0,8,0,8,0,0,15,4,19,26,8,34,53
11/23/2020,ISO,NC,ASO,EN,Federal Contract Tower,0,1,4,11,16,1,5,5,12,23,1,6,9,23,39,14,56,70,109
11/24/2020,ISO,NC,ASO,EN,Federal Contract Tower,0,0,9,9,18,0,11,14,11,36,0,11,23,20,54,42,18,60,114
11/25/2020,ISO,NC,ASO,EN,Federal Contract Tower,0,0,4,10,14,0,1,14,0,15,0,1,18,10,29,10,0,10,39
11/26/2020,ISO,NC,ASO,EN,Federal Contract Tower,0,0,2,0,2,0,0,2,0,2,0,0,4,0,4,0,0,0,4
11/27/2020,ISO,NC,ASO,EN,Federal Contract Tower,0,1,8,0,9,0,0,0,0,0,0,1,8,0,9,0,0,0,9
11/28/2020,ISO,NC,ASO,EN,Federal Contract Tower,0,0,6,0,6,0,0,0,0,0,0,0,6,0,6,20,0,20,26
11/29/2020,ISO,NC,ASO,EN,Federal Contract Tower,0,0,8,0,8,0,0,2,0,2,0,0,10,0,10,8,0,8,18
11/30/2020,ISO,NC,ASO,EN,Federal Contract Tower,0,0,10,7,17,0,0,2,5,7,0,0,12,12,24,0,36,36,60
12/01/2020,ISO,NC,ASO,EN,Federal Contract Tower,0,7,9,29,45,0,3,4,16,23,0,10,13,45,68,0,64,64,132
12/02/2020,ISO,NC,ASO,EN,Federal Contract Tower,0,0,5,27,32,0,4,11,5,20,0,4,16,32,52,8,34,42,94
12/03/2020,ISO,NC,ASO,EN,Federal Contract Tower,0,0,5,17,22,0,4,17,10,31,0,4,22,27,53,12,37,49,102
12/04/2020,ISO,NC,ASO,EN,Federal Contract Tower,0,0,8,10,18,0,2,0,6,8,0,2,8,16,26,0,54,54,80
12/05/2020,ISO,NC,ASO,EN,Federal Contract Tower,0,0,6,0,6,0,0,3,2,5,0,0,9,2,11,0,12,12,23
12/06/2020,ISO,NC,ASO,EN,Federal Contract Tower,0,0,3,0,3,0,1,19,2,22,0,1,22,2,25,40,42,82,107
12/07/2020,ISO,NC,ASO,EN,Federal Contract Tower,0,0,7,6,13,0,0,0,0,0,0,0,7,6,13,0,0,0,13
12/08/2020,ISO,NC,ASO,EN,Federal Contract Tower,0,0,4,11,15,0,3,10,11,24,0,3,14,22,39,4,20,24,63
12/09/2020,ISO,NC,ASO,EN,Federal Contract Tower,0,0,5,11,16,0,4,10,3,17,0,4,15,14,33,28,78,106,139
12/10/2020,ISO,NC,ASO,EN,Federal Contract Tower,0,0,5,14,19,0,8,8,7,23,0,8,13,21,42,0,106,106,148
12/11/2020,ISO,NC,ASO,EN,Federal Contract Tower,0,0,12,19,31,0,2,4,7,13,0,2,16,26,44,10,70,80,124
12/12/2020,ISO,NC,ASO,EN,Federal Contract Tower,0,2,6,0,8,0,0,8,0,8,0,2,14,0,16,58,0,58,74
12/13/2020,ISO,NC,ASO,EN,Federal Contract Tower,0,0,6,0,6,0,0,0,0,0,0,0,6,0,6,0,0,0,6
12/14/2020,ISO,NC,ASO,EN,Federal Contract Tower,0,0,2,4,6,0,0,1,0,1,0,0,3,4,7,0,0,0,7
12/15/2020,ISO,NC,ASO,EN,Federal Contract Tower,0,0,9,9,18,0,3,10,7,20,0,3,19,16,38,10,70,80,118
12/16/2020,ISO,NC,ASO,EN,Federal Contract Tower,0,0,7,0,7,0,0,0,0,0,0,0,7,0,7,0,0,0,7
12/17/2020,ISO,NC,ASO,EN,Federal Contract Tower,0,0,14,18,32,0,0,1,2,3,0,0,15,20,35,0,46,46,81
12/18/2020,ISO,NC,ASO,EN,Federal Contract Tower,0,0,11,13,24,0,0,8,3,11,0,0,19,16,35,6,28,34,69
12/19/2020,ISO,NC,ASO,EN,Federal Contract Tower,0,0,10,0,10,0,0,11,0,11,0,0,21,0,21,16,0,16,37
12/20/2020,ISO,NC,ASO,EN,Federal Contract Tower,0,0,0,4,4,0,0,0,0,0,0,0,0,4,4,0,0,0,4
12/21/2020,ISO,NC,ASO,EN,Federal Contract Tower,0,0,6,21,27,0,0,5,4,9,0,0,11,25,36,10,12,22,58
12/22/2020,ISO,NC,ASO,EN,Federal Contract Tower,0,0,6,7,13,0,2,7,7,16,0,2,13,14,29,22,36,58,87
12/23/2020,ISO,NC,ASO,EN,Federal Contract Tower,0,0,10,20,30,0,1,12,3,16,0,1,22,23,46,14,40,54,100
12/24/2020,ISO,NC,ASO,EN,Federal Contract Tower,0,1,6,0,7,0,0,2,0,2,0,1,8,0,9,0,0,0,9
12/25/2020,ISO,NC,ASO,EN,Federal Contract Tower,0,0,10,0,10,0,0,0,0,0,0,0,10,0,10,0,0,0,10
12/26/2020,ISO,NC,ASO,EN,Federal Contract Tower,0,0,6,0,6,0,0,4,0,4,0,0,10,0,10,6,0,6,16
12/27/2020,ISO,NC,ASO,EN,Federal Contract Tower,0,0,6,0,6,0,0,6,0,6,0,0,12,0,12,6,0,6,18
12/28/2020,ISO,NC,ASO,EN,Federal Contract Tower,0,0,4,18,22,0,0,3,6,9,0,0,7,24,31,16,30,46,77
12/29/2020,ISO,NC,ASO,EN,Federal Contract Tower,0,0,8,12,20,0,0,11,4,15,0,0,19,16,35,6,18,24,59
12/30/2020,ISO,NC,ASO,EN,Federal Contract Tower,0,0,5,0,5,0,0,8,0,8,0,0,13,0,13,18,0,18,31
12/31/2020,ISO,NC,ASO,EN,Federal Contract Tower,0,0,4,0,4,0,0,0,0,0,0,0,4,0,4,0,0,0,4
01/01/2021,ISO,NC,ASO,EN,Federal Contract Tower,0,0,1,0,1,0,0,0,0,0,0,0,1,0,1,0,0,0,1
01/02/2021,ISO,NC,ASO,EN,Federal Contract Tower,0,0,8,0,8,0,0,0,0,0,0,0,8,0,8,0,0,0,8
01/03/2021,ISO,NC,ASO,EN,Federal Contract Tower,0,0,5,0,5,0,0,0,0,0,0,0,5,0,5,0,0,0,5
01/04/2021,ISO,NC,ASO,EN,Federal Contract Tower,0,0,8,14,22,0,2,8,6,16,0,2,16,20,38,12,36,48,86
01/05/2021,ISO,NC,ASO,EN,Federal Contract Tower,0,2,8,8,18,0,2,5,0,7,0,4,13,8,25,14,44,58,83
01/06/2021,ISO,NC,ASO,EN,Federal Contract Tower,0,0,7,25,32,0,6,12,6,24,0,6,19,31,56,16,80,96,152
01/07/2021,ISO,NC,ASO,EN,Federal Contract Tower,0,0,6,6,12,0,3,15,2,20,0,3,21,8,32,30,32,62,94
01/08/2021,ISO,NC,ASO,EN,Federal Contract Tower,0,0,6,0,6,0,3,8,0,11,0,3,14,0,17,18,14,32,49
01/09/2021,ISO,NC,ASO,EN,Federal Contract Tower,0,0,9,1,10,0,0,14,1,15,0,0,23,2,25,40,10,50,75
01/10/2021,ISO,NC,ASO,EN,Federal Contract Tower,0,0,13,2,15,0,0,15,1,16,0,0,28,3,31,62,38,100,131
01/11/2021,ISO,NC,ASO,EN,Federal Contract Tower,0,0,3,13,16,0,6,5,4,15,0,6,8,17,31,22,48,70,101
01/12/2021,ISO,NC,ASO,EN,Federal Contract Tower,0,0,3,2,5,0,0,4,0,4,0,0,7,2,9,4,0,4,13
01/13/2021,ISO,NC,ASO,EN,Federal Contract Tower,0,0,6,7,13,0,4,17,4,25,0,4,23,11,38,58,18,76,114
01/14/2021,ISO,NC,ASO,EN,Federal Contract Tower,0,0,13,2,15,0,0,1,0,1,0,0,14,2,16,0,0,0,16
01/15/2021,ISO,NC,ASO,EN,Federal Contract Tower,1,0,10,10,21,0,4,3,5,12,1,4,13,15,33,0,56,56,89
01/16/2021,ISO,NC,ASO,EN,Federal Contract Tower,0,0,4,0,4,0,0,0,0,0,0,0,4,0,4,6,0,6,10
01/17/2021,ISO,NC,ASO,EN,Federal Contract Tower,0,0,10,0,10,0,0,10,0,10,0,0,20,0,20,20,0,20,40
01/18/2021,ISO,NC,ASO,EN,Federal Contract Tower,0,4,12,0,16,0,0,3,0,3,0,4,15,0,19,2,0,2,21
01/19/2021,ISO,NC,ASO,EN,Federal Contract Tower,0,2,9,6,17,0,4,20,2,26,0,6,29,8,43,26,36,62,105
01/20/2021,ISO,NC,ASO,EN,Federal Contract Tower,0,0,2,16,18,0,5,9,0,14,0,5,11,16,32,0,30,30,62
01/21/2021,ISO,NC,ASO,EN,Federal Contract Tower,0,0,5,6,11,0,5,10,11,26,0,5,15,17,37,22,114,136,173
01/22/2021,ISO,NC,ASO,EN,Federal Contract Tower,0,0,9,7,16,0,8,18,7,33,0,8,27,14,49,66,100,166,215
01/23/2021,ISO,NC,ASO,EN,Federal Contract Tower,0,0,2,0,2,0,0,2,0,2,0,0,4,0,4,24,0,24,28
01/24/2021,ISO,NC,ASO,EN,Federal Contract Tower,0,0,7,0,7,0,0,9,0,9,0,0,16,0,16,50,0,50,66
01/25/2021,ISO,NC,ASO,EN,Federal Contract Tower,0,0,3,0,3,0,0,0,0,0,0,0,3,0,3,0,0,0,3
01/26/2021,ISO,NC,ASO,EN,Federal Contract Tower,0,0,4,0,4,0,0,0,0,0,0,0,4,0,4,0,0,0,4
01/27/2021,ISO,NC,ASO,EN,Federal Contract Tower,0,0,8,4,12,0,0,1,2,3,0,0,9,6,15,0,14,14,29
01/28/2021,ISO,NC,ASO,EN,Federal Contract Tower,0,2,6,2,10,0,0,0,0,0,0,2,6,2,10,0,0,0,10
01/29/2021,ISO,NC,ASO,EN,Federal Contract Tower,0,0,8,18,26,0,2,6,9,17,0,2,14,27,43,20,34,54,97
01/30/2021,ISO,NC,ASO,EN,Federal Contract Tower,0,0,13,4,17,0,0,28,2,30,0,0,41,6,47,30,20,50,97
01/31/2021,ISO,NC,ASO,EN,Federal Contract Tower,0,0,2,0,2,0,0,0,0,0,0,0,2,0,2,0,0,0,2
02/01/2021,ISO,NC,ASO,EN,Federal Contract Tower,0,0,5,5,10,0,0,0,0,0,0,0,5,5,10,0,0,0,10
02/02/2021,ISO,NC,ASO,EN,Federal Contract Tower,0,0,4,4,8,0,4,0,2,6,0,4,4,6,14,8,0,8,22
02/03/2021,ISO,NC,ASO,EN,Federal Contract Tower,0,3,7,24,34,0,8,6,7,21,0,11,13,31,55,54,64,118,173
02/04/2021,ISO,NC,ASO,EN,Federal Contract Tower,0,0,10,18,28,0,4,6,2,12,0,4,16,20,40,4,88,92,132
02/06/2021,ISO,NC,ASO,EN,Federal Contract Tower,0,0,9,2,11,0,0,16,0,16,0,0,25,2,27,76,22,98,125
02/07/2021,ISO,NC,ASO,EN,Federal Contract Tower,0,0,6,1,7,0,0,0,0,0,0,0,6,1,7,0,0,0,7
02/08/2021,ISO,NC,ASO,EN,Federal Contract Tower,0,1,9,11,21,0,1,5,7,13,0,2,14,18,34,12,50,62,96
02/09/2021,ISO,NC,ASO,EN,Federal Contract Tower,0,1,12,13,26,0,2,18,15,35,0,3,30,28,61,20,92,112,173
02/10/2021,ISO,NC,ASO,EN,Federal Contract Tower,0,0,13,17,30,0,4,9,6,19,0,4,22,23,49,20,62,82,131
02/11/2021,ISO,NC,ASO,EN,Federal Contract Tower,0,0,14,3,17,0,0,0,0,0,0,0,14,3,17,4,0,4,21
02/12/2021,ISO,NC,ASO,EN,Federal Contract Tower,0,0,8,2,10,0,0,0,0,0,0,0,8,2,10,0,0,0,10
02/13/2021,ISO,NC,ASO,EN,Federal Contract Tower,0,2,6,0,8,0,0,0,0,0,0,2,6,0,8,0,0,0,8
02/14/2021,ISO,NC,ASO,EN,Federal Contract Tower,0,0,2,0,2,0,0,0,0,0,0,0,2,0,2,0,0,0,2
02/15/2021,ISO,NC,ASO,EN,Federal Contract Tower,0,0,9,0,9,0,0,0,0,0,0,0,9,0,9,0,0,0,9
02/16/2021,ISO,NC,ASO,EN,Federal Contract Tower,0,3,4,31,38,0,2,5,2,9,0,5,9,33,47,6,30,36,83
02/17/2021,ISO,NC,ASO,EN,Federal Contract Tower,0,1,15,16,32,0,6,8,3,17,0,7,23,19,49,24,64,88,137
02/18/2021,ISO,NC,ASO,EN,Federal Contract Tower,0,0,4,0,4,0,0,0,0,0,0,0,4,0,4,0,0,0,4
02/19/2021,ISO,NC,ASO,EN,Federal Contract Tower,0,0,9,0,9,0,0,0,0,0,0,0,9,0,9,0,0,0,9
02/20/2021,ISO,NC,ASO,EN,Federal Contract Tower,0,0,7,0,7,0,0,1,0,1,0,0,8,0,8,0,0,0,8
02/21/2021,ISO,NC,ASO,EN,Federal Contract Tower,0,0,17,0,17,0,0,18,0,18,0,0,35,0,35,68,0,68,103
02/22/2021,ISO,NC,ASO,EN,Federal Contract Tower,0,0,13,22,35,0,0,2,8,10,0,0,15,30,45,0,34,34,79
02/23/2021,ISO,NC,ASO,EN,Federal Contract Tower,0,0,7,37,44,0,8,12,17,37,0,8,19,54,81,32,92,124,205
02/24/2021,ISO,NC,ASO,EN,Federal Contract Tower,0,0,7,29,36,0,12,12,5,29,0,12,19,34,65,30,94,124,189
02/25/2021,ISO,NC,ASO,EN,Federal Contract Tower,0,2,2,24,28,0,4,13,8,25,0,6,15,32,53,34,50,84,137
02/26/2021,ISO,NC,ASO,EN,Federal Contract Tower,0,0,6,12,18,0,2,2,11,15,0,2,8,23,33,0,28,28,61
02/27/2021,ISO,NC,ASO,EN,Federal Contract Tower,1,0,5,2,8,0,5,1,2,8,1,5,6,4,16,20,6,26,42
02/28/2021,ISO,NC,ASO,EN,Federal Contract Tower,1,0,12,2,15,0,2,7,1,10,1,2,19,3,25,28,0,28,53
03/01/2021,ISO,NC,ASO,EN,Federal Contract Tower,0,1,4,24,29,0,3,4,17,24,0,4,8,41,53,16,120,136,189
03/02/2021,ISO,NC,ASO,EN,Federal Contract Tower,0,1,10,18,29,0,13,16,10,39,0,14,26,28,68,34,118,152,220
03/03/2021,ISO,NC,ASO,EN,Federal Contract Tower,0,2,7,11,20,0,4,8,6,18,0,6,15,17,38,36,90,126,164
03/04/2021,ISO,NC,ASO,EN,Federal Contract Tower,0,0,13,17,30,0,6,20,17,43,0,6,33,34,73,10,44,54,127
03/05/2021,ISO,NC,ASO,EN,Federal Contract Tower,0,4,11,4,19,0,17,19,6,42,0,21,30,10,61,34,22,56,117
03/06/2021,ISO,NC,ASO,EN,Federal Contract Tower,0,0,7,0,7,0,2,10,0,12,0,2,17,0,19,6,0,6,25
03/07/2021,ISO,NC,ASO,EN,Federal Contract Tower,0,0,9,0,9,0,6,26,0,32,0,6,35,0,41,20,0,20,61
03/08/2021,ISO,NC,ASO,EN,Federal Contract Tower,0,1,8,16,25,0,17,24,4,45,0,18,32,20,70,56,26,82,152
03/09/2021,ISO,NC,ASO,EN,Federal Contract Tower,0,0,11,24,35,0,13,16,9,38,0,13,27,33,73,16,26,42,115
03/10/2021,ISO,NC,ASO,EN,Federal Contract Tower,0,3,9,4,16,0,13,11,7,31,0,16,20,11,47,8,72,80,127
03/11/2021,ISO,NC,ASO,EN,Federal Contract Tower,0,1,1,16,18,0,19,13,14,46,0,20,14,30,64,26,50,76,140
03/12/2021,ISO,NC,ASO,EN,Federal Contract Tower,0,0,10,6,16,0,18,9,5,32,0,18,19,11,48,12,38,50,98
03/13/2021,ISO,NC,ASO,EN,Federal Contract Tower,0,0,6,7,13,0,11,12,2,25,0,11,18,9,38,68,44,112,150
03/14/2021,ISO,NC,ASO,EN,Federal Contract Tower,0,0,8,0,8,0,5,23,0,28,0,5,31,0,36,64,10,74,110
03/15/2021,ISO,NC,ASO,EN,Federal Contract Tower,0,2,6,10,18,0,7,8,6,21,0,9,14,16,39,18,46,64,103
03/16/2021,ISO,NC,ASO,EN,Federal Contract Tower,0,0,5,2,7,0,0,0,0,0,0,0,5,2,7,0,0,0,7
03/17/2021,ISO,NC,ASO,EN,Federal Contract Tower,0,3,2,17,22,0,0,0,0,0,0,3,2,17,22,0,0,0,22
03/18/2021,ISO,NC,ASO,EN,Federal Contract Tower,0,2,1,0,3,0,0,0,0,0,0,2,1,0,3,0,0,0,3
03/19/2021,ISO,NC,ASO,EN,Federal Contract Tower,0,0,10,7,17,0,0,0,0,0,0,0,10,7,17,0,0,0,17
03/20/2021,ISO,NC,ASO,EN,Federal Contract Tower,0,0,2,2,4,0,0,3,0,3,0,0,5,2,7,17,0,17,24
03/21/2021,ISO,NC,ASO,EN,Federal Contract Tower,0,0,2,0,2,0,0,0,0,0,0,0,2,0,2,0,0,0,2
03/22/2021,ISO,NC,ASO,EN,Federal Contract Tower,0,1,7,7,15,0,3,1,1,5,0,4,8,8,20,30,54,84,104
03/23/2021,ISO,NC,ASO,EN,Federal Contract Tower,0,5,4,0,9,0,0,0,0,0,0,5,4,0,9,0,0,0,9
03/24/2021,ISO,NC,ASO,EN,Federal Contract Tower,0,1,12,21,34,0,0,1,1,2,0,1,13,22,36,24,38,62,98
03/25/2021,ISO,NC,ASO,EN,Federal Contract Tower,0,3,8,5,16,0,4,7,3,14,0,7,15,8,30,36,20,56,86
03/26/2021,ISO,NC,ASO,EN,Federal Contract Tower,0,1,4,2,7,0,8,2,3,13,0,9,6,5,20,16,22,38,58
03/27/2021,ISO,NC,ASO,EN,Federal Contract Tower,0,0,1,0,1,0,2,4,0,6,0,2,5,0,7,0,0,0,7
03/28/2021,ISO,NC,ASO,EN,Federal Contract Tower,0,0,1,0,1,0,2,1,0,3,0,2,2,0,4,0,0,0,4
03/29/2021,ISO,NC,ASO,EN,Federal Contract Tower,0,0,10,11,21,0,5,8,6,19,0,5,18,17,40,14,42,56,96
03/30/2021,ISO,NC,ASO,EN,Federal Contract Tower,0,0,7,28,35,0,7,7,8,22,0,7,14,36,57,0,84,84,141
03/31/2021,ISO,NC,ASO,EN,Federal Contract Tower,0,3,2,12,17,0,0,0,20,20,0,3,2,32,37,0,22,22,59
04/01/2021,ISO,NC,ASO,EN,Federal Contract Tower,0,1,7,7,15,0,2,5,1,8,0,3,12,8,23,12,0,12,35
04/02/2021,ISO,NC,ASO,EN,Federal Contract Tower,0,0,10,0,10,0,0,7,0,7,0,0,17,0,17,0,0,0,17
04/03/2021,ISO,NC,ASO,EN,Federal Contract Tower,0,0,4,0,4,0,12,8,0,20,0,12,12,0,24,38,0,38,62
04/04/2021,ISO,NC,ASO,EN,Federal Contract Tower,0,0,4,0,4,0,12,12,0,24,0,12,16,0,28,0,0,0,28
04/05/2021,ISO,NC,ASO,EN,Federal Contract Tower,0,0,7,19,26,0,15,10,9,34,0,15,17,28,60,48,100,148,208
04/06/2021,ISO,NC,ASO,EN,Federal Contract Tower,0,2,11,18,31,0,14,23,14,51,0,16,34,32,82,38,56,94,176
04/07/2021,ISO,NC,ASO,EN,Federal Contract Tower,0,0,8,27,35,0,9,57,17,83,0,9,65,44,118,18,98,116,234
04/08/2021,ISO,NC,ASO,EN,Federal Contract Tower,0,6,8,22,36,0,14,8,15,37,0,20,16,37,73,8,56,64,137
04/09/2021,ISO,NC,ASO,EN,Federal Contract Tower,0,1,7,9,17,0,10,6,4,20,0,11,13,13,37,0,76,76,113
04/10/2021,ISO,NC,ASO,EN,Federal Contract Tower,1,0,5,0,6,0,6,11,0,17,1,6,16,0,23,4,0,4,27
04/11/2021,ISO,NC,ASO,EN,Federal Contract Tower,0,0,8,0,8,0,0,1,0,1,0,0,9,0,9,4,0,4,13
04/12/2021,ISO,NC,ASO,EN,Federal Contract Tower,0,1,14,5,20,0,13,9,12,34,0,14,23,17,54,8,24,32,86
04/13/2021,ISO,NC,ASO,EN,Federal Contract Tower,0,2,11,31,44,0,6,5,10,21,0,8,16,41,65,8,114,122,187
04/14/2021,ISO,NC,ASO,EN,Federal Contract Tower,0,5,6,15,26,0,13,14,8,35,0,18,20,23,61,24,44,68,129
04/15/2021,ISO,NC,ASO,EN,Federal Contract Tower,0,0,11,12,23,0,5,8,0,13,0,5,19,12,36,32,24,56,92
04/16/2021,ISO,NC,ASO,EN,Federal Contract Tower,0,2,7,9,18,0,16,16,22,54,0,18,23,31,72,8,58,66,138
04/17/2021,ISO,NC,ASO,EN,Federal Contract Tower,0,0,4,4,8,0,5,7,2,14,0,5,11,6,22,17,6,23,45
04/18/2021,ISO,NC,ASO,EN,Federal Contract Tower,0,0,5,0,5,0,4,8,0,12,0,4,13,0,17,18,0,18,35
04/19/2021,ISO,NC,ASO,EN,Federal Contract Tower,0,2,4,22,28,0,10,4,10,24,0,12,8,32,52,0,48,48,100
04/20/2021,ISO,NC,ASO,EN,Federal Contract Tower,0,0,5,31,36,0,3,11,25,39,0,3,16,56,75,2,128,130,205
04/21/2021,ISO,NC,ASO,EN,Federal Contract Tower,0,4,3,12,19,0,6,4,9,19,0,10,7,21,38,0,50,50,88
04/22/2021,ISO,NC,ASO,EN,Federal Contract Tower,0,2,17,9,28,0,11,12,7,30,0,13,29,16,58,8,0,8,66
04/23/2021,ISO,NC,ASO,EN,Federal Contract Tower,0,1,5,15,21,0,15,13,8,36,0,16,18,23,57,20,58,78,135
04/24/2021,ISO,NC,ASO,EN,Federal Contract Tower,0,0,9,0,9,0,0,6,0,6,0,0,15,0,15,0,0,0,15
04/25/2021,ISO,NC,ASO,EN,Federal Contract Tower,0,0,6,0,6,0,2,2,0,4,0,2,8,0,10,0,0,0,10
04/26/2021,ISO,NC,ASO,EN,Federal Contract Tower,0,3,13,8,24,0,4,21,10,35,0,7,34,18,59,48,41,89,148
04/27/2021,ISO,NC,ASO,EN,Federal Contract Tower,0,2,12,5,19,0,7,9,3,19,0,9,21,8,38,10,58,68,106
04/28/2021,ISO,NC,ASO,EN,Federal Contract Tower,0,3,10,6,19,0,11,10,9,30,0,14,20,15,49,2,32,34,83
04/29/2021,ISO,NC,ASO,EN,Federal Contract Tower,0,6,6,13,25,0,12,2,22,36,0,18,8,35,61,0,136,136,197
04/30/2021,ISO,NC,ASO,EN,Federal Contract Tower,0,4,8,3,15,0,20,7,5,32,0,24,15,8,47,2,0,2,49
05/01/2021,ISO,NC,ASO,EN,Federal Contract Tower,0,0,5,4,9,0,14,13,4,31,0,14,18,8,40,26,10,36,76
05/02/2021,ISO,NC,ASO,EN,Federal Contract Tower,0,0,7,0,7,0,10,5,0,15,0,10,12,0,22,0,0,0,22
05/03/2021,ISO,NC,ASO,EN,Federal Contract Tower,0,2,8,9,19,0,1,0,2,3,0,3,8,11,22,0,0,0,22
05/04/2021,ISO,NC,ASO,EN,Federal Contract Tower,0,0,11,6,17,0,6,8,4,18,0,6,19,10,35,20,50,70,105
05/05/2021,ISO,NC,ASO,EN,Federal Contract Tower,0,4,8,15,27,0,7,2,4,13,0,11,10,19,40,10,18,28,68
05/06/2021,ISO,NC,ASO,EN,Federal Contract Tower,0,2,9,13,24,0,9,14,5,28,0,11,23,18,52,20,24,44,96
05/07/2021,ISO,NC,ASO,EN,Federal Contract Tower,1,0,5,10,16,0,0,0,0,0,1,0,5,10,16,2,22,24,40
05/08/2021,ISO,NC,ASO,EN,Federal Contract Tower,0,0,3,2,5,0,20,7,2,29,0,20,10,4,34,16,16,32,66
05/09/2021,ISO,NC,ASO,EN,Federal Contract Tower,0,0,2,2,4,0,17,4,0,21,0,17,6,2,25,2,3,5,30
05/10/2021,ISO,NC,ASO,EN,Federal Contract Tower,0,3,5,7,15,0,10,2,12,24,0,13,7,19,39,0,70,70,109
05/11/2021,ISO,NC,ASO,EN,Federal Contract Tower,0,2,13,15,30,0,7,13,6,26,0,9,26,21,56,2,28,30,86
05/12/2021,ISO,NC,ASO,EN,Federal Contract Tower,0,0,11,0,11,0,0,0,0,0,0,0,11,0,11,0,0,0,11
05/13/2021,ISO,NC,ASO,EN,Federal Contract Tower,0,1,6,2,9,0,5,13,2,20,0,6,19,4,29,18,16,34,63
05/14/2021,ISO,NC,ASO,EN,Federal Contract Tower,0,5,7,13,25,0,14,4,6,24,0,19,11,19,49,25,4,29,78
05/15/2021,ISO,NC,ASO,EN,Federal Contract Tower,0,0,1,0,1,0,12,17,0,29,0,12,18,0,30,20,0,20,50
05/16/2021,ISO,NC,ASO,EN,Federal Contract Tower,0,0,1,8,9,0,11,8,0,19,0,11,9,8,28,8,0,8,36
05/17/2021,ISO,NC,ASO,EN,Federal Contract Tower,0,3,6,9,18,0,17,7,5,29,0,20,13,14,47,10,50,60,107
05/18/2021,ISO,NC,ASO,EN,Federal Contract Tower,0,1,12,8,21,0,11,9,1,21,0,12,21,9,42,32,30,62,104
05/19/2021,ISO,NC,ASO,EN,Federal Contract Tower,0,2,10,26,38,0,8,8,5,21,0,10,18,31,59,16,52,68,127
05/20/2021,ISO,NC,ASO,EN,Federal Contract Tower,0,1,13,1,15,0,9,22,3,34,0,10,35,4,49,34,22,56,105
05/21/2021,ISO,NC,ASO,EN,Federal Contract Tower,0,0,10,14,24,0,14,23,5,42,0,14,33,19,66,14,12,26,92
05/22/2021,ISO,NC,ASO,EN,Federal Contract Tower,0,0,6,4,10,0,15,10,0,25,0,15,16,4,35,10,0,10,45
05/23/2021,ISO,NC,ASO,EN,Federal Contract Tower,0,0,7,0,7,0,18,9,0,27,0,18,16,0,34,6,0,6,40
05/24/2021,ISO,NC,ASO,EN,Federal Contract Tower,0,0,4,18,22,0,15,9,7,31,0,15,13,25,53,0,40,40,93
05/25/2021,ISO,NC,ASO,EN,Federal Contract Tower,0,1,10,20,31,0,7,3,2,12,0,8,13,22,43,8,20,28,71
05/26/2021,ISO,NC,ASO,EN,Federal Contract Tower,0,0,6,12,18,0,15,13,14,42,0,15,19,26,60,8,64,72,132
05/27/2021,ISO,NC,ASO,EN,Federal Contract Tower,0,0,9,8,17,0,8,17,0,25,0,8,26,8,42,22,30,52,94
05/28/2021,ISO,NC,ASO,EN,Federal Contract Tower,0,2,10,1,13,0,15,8,1,24,0,17,18,2,37,6,12,18,55
05/29/2021,ISO,NC,ASO,EN,Federal Contract Tower,0,0,2,0,2,0,18,0,0,18,0,18,2,0,20,0,0,0,20
05/30/2021,ISO,NC,ASO,EN,Federal Contract Tower,0,2,16,12,30,0,0,0,0,0,0,2,16,12,30,0,0,0,30
05/31/2021,ISO,NC,ASO,EN,Federal Contract Tower,0,0,3,0,3,0,16,2,0,18,0,16,5,0,21,6,0,6,27
06/01/2021,ISO,NC,ASO,EN,Federal Contract Tower,0,0,6,5,11,0,5,17,1,23,0,5,23,6,34,18,16,34,68
06/02/2021,ISO,NC,ASO,EN,Federal Contract Tower,0,2,6,5,13,0,2,1,6,9,0,4,7,11,22,0,50,50,72
06/03/2021,ISO,NC,ASO,EN,Federal Contract Tower,0,0,6,0,6,0,0,0,0,0,0,0,6,0,6,0,0,0,6
06/04/2021,ISO,NC,ASO,EN,Federal Contract Tower,0,0,8,9,17,0,1,1,2,4,0,1,9,11,21,0,30,30,51
06/05/2021,ISO,NC,ASO,EN,Federal Contract Tower,0,4,5,1,10,0,0,6,0,6,0,4,11,1,16,8,12,20,36
06/06/2021,ISO,NC,ASO,EN,Federal Contract Tower,0,2,5,0,7,0,0,4,0,4,0,2,9,0,11,14,0,14,25
06/07/2021,ISO,NC,ASO,EN,Federal Contract Tower,0,0,4,12,16,0,0,0,0,0,0,0,4,12,16,0,0,0,16
06/08/2021,ISO,NC,ASO,EN,Federal Contract Tower,0,0,7,21,28,0,0,2,1,3,0,0,9,22,31,0,58,58,89
06/09/2021,ISO,NC,ASO,EN,Federal Contract Tower,0,5,13,5,23,0,0,4,11,15,0,5,17,16,38,4,40,44,82
06/10/2021,ISO,NC,ASO,EN,Federal Contract Tower,0,3,12,4,19,0,0,1,4,5,0,3,13,8,24,10,0,10,34
06/11/2021,ISO,NC,ASO,EN,Federal Contract Tower,0,2,5,0,7,0,0,6,10,16,0,2,11,10,23,14,36,50,73
06/12/2021,ISO,NC,ASO,EN,Federal Contract Tower,0,0,2,0,2,0,0,0,0,0,0,0,2,0,2,0,0,0,2
06/13/2021,ISO,NC,ASO,EN,Federal Contract Tower,0,0,3,1,4,0,0,6,0,6,0,0,9,1,10,2,0,2,12
06/14/2021,ISO,NC,ASO,EN,Federal Contract Tower,0,0,8,20,28,0,16,8,10,34,0,16,16,30,62,68,70,138,200
06/15/2021,ISO,NC,ASO,EN,Federal Contract Tower,0,0,6,9,15,0,5,12,4,21,0,5,18,13,36,38,14,52,88
06/16/2021,ISO,NC,ASO,EN,Federal Contract Tower,0,2,9,10,21,0,1,15,1,17,0,3,24,11,38,16,0,16,54
06/17/2021,ISO,NC,ASO,EN,Federal Contract Tower,0,2,10,31,43,0,3,21,16,40,0,5,31,47,83,26,66,92,175
06/18/2021,ISO,NC,ASO,EN,Federal Contract Tower,0,3,4,2,9,0,5,20,0,25,0,8,24,2,34,16,0,16,50
06/19/2021,ISO,NC,ASO,EN,Federal Contract Tower,0,0,11,0,11,0,0,4,0,4,0,0,15,0,15,0,0,0,15
06/20/2021,ISO,NC,ASO,EN,Federal Contract Tower,0,0,0,0,0,0,0,0,0,0,0,0,0,0,0,0,0,0,0
06/21/2021,ISO,NC,ASO,EN,Federal Contract Tower,0,0,9,12,21,0,0,3,8,11,0,0,12,20,32,0,12,12,44
06/22/2021,ISO,NC,ASO,EN,Federal Contract Tower,0,0,3,7,10,0,0,0,0,0,0,0,3,7,10,0,0,0,10
06/23/2021,ISO,NC,ASO,EN,Federal Contract Tower,0,0,8,6,14,0,0,15,11,26,0,0,23,17,40,28,16,44,84
06/24/2021,ISO,NC,ASO,EN,Federal Contract Tower,0,0,11,11,22,0,2,4,1,7,0,2,15,12,29,0,10,10,39
06/25/2021,ISO,NC,ASO,EN,Federal Contract Tower,0,4,19,6,29,0,0,5,4,9,0,4,24,10,38,26,0,26,64
06/26/2021,ISO,NC,ASO,EN,Federal Contract Tower,0,2,4,0,6,0,0,0,0,0,0,2,4,0,6,0,0,0,6
06/27/2021,ISO,NC,ASO,EN,Federal Contract Tower,0,2,10,0,12,0,0,2,0,2,0,2,12,0,14,0,0,0,14
06/28/2021,ISO,NC,ASO,EN,Federal Contract Tower,0,0,10,12,22,0,0,6,2,8,0,0,16,14,30,2,26,28,58
06/29/2021,ISO,NC,ASO,EN,Federal Contract Tower,0,0,10,9,19,0,2,7,11,20,0,2,17,20,39,28,30,58,97
06/30/2021,ISO,NC,ASO,EN,Federal Contract Tower,0,0,7,10,17,0,3,18,9,30,0,3,25,19,47,26,28,54,101
07/01/2021,ISO,NC,ASO,EN,Federal Contract Tower,0,3,13,6,22,0,3,11,11,25,0,6,24,17,47,0,32,32,79
07/02/2021,ISO,NC,ASO,EN,Federal Contract Tower,0,1,7,0,8,0,0,0,0,0,0,1,7,0,8,0,0,0,8
07/03/2021,ISO,NC,ASO,EN,Federal Contract Tower,0,0,4,0,4,0,0,10,0,10,0,0,14,0,14,10,0,10,24
07/04/2021,ISO,NC,ASO,EN,Federal Contract Tower,0,0,4,0,4,0,0,4,0,4,0,0,8,0,8,8,0,8,16
07/05/2021,ISO,NC,ASO,EN,Federal Contract Tower,0,0,7,0,7,0,0,14,0,14,0,0,21,0,21,16,0,16,37
07/06/2021,ISO,NC,ASO,EN,Federal Contract Tower,0,0,3,7,10,0,0,14,4,18,0,0,17,11,28,24,6,30,58
07/07/2021,ISO,NC,ASO,EN,Federal Contract Tower,0,0,0,2,2,0,0,7,4,11,0,0,7,6,13,13,0,13,26
07/08/2021,ISO,NC,ASO,EN,Federal Contract Tower,0,0,3,0,3,0,0,1,0,1,0,0,4,0,4,0,0,0,4
07/09/2021,ISO,NC,ASO,EN,Federal Contract Tower,0,2,5,10,17,0,5,6,7,18,0,7,11,17,35,12,76,88,123
07/10/2021,ISO,NC,ASO,EN,Federal Contract Tower,0,0,5,0,5,0,0,25,0,25,0,0,30,0,30,45,0,45,75
07/11/2021,ISO,NC,ASO,EN,Federal Contract Tower,0,0,4,0,4,0,0,3,0,3,0,0,7,0,7,6,0,6,13
07/12/2021,ISO,NC,ASO,EN,Federal Contract Tower,0,1,5,19,25,0,0,6,5,11,0,1,11,24,36,40,36,76,112
07/13/2021,ISO,NC,ASO,EN,Federal Contract Tower,0,1,4,6,11,0,2,9,8,19,0,3,13,14,30,12,38,50,80
07/14/2021,ISO,NC,ASO,EN,Federal Contract Tower,0,0,6,7,13,0,2,21,14,37,0,2,27,21,50,22,94,116,166
07/15/2021,ISO,NC,ASO,EN,Federal Contract Tower,0,0,4,5,9,0,2,10,9,21,0,2,14,14,30,12,58,70,100
07/16/2021,ISO,NC,ASO,EN,Federal Contract Tower,0,0,7,11,18,0,2,11,1,14,0,2,18,12,32,8,14,22,54
07/17/2021,ISO,NC,ASO,EN,Federal Contract Tower,0,0,11,1,12,0,0,26,1,27,0,0,37,2,39,40,0,40,79
07/18/2021,ISO,NC,ASO,EN,Federal Contract Tower,0,0,6,0,6,0,4,4,0,8,0,4,10,0,14,0,0,0,14
07/19/2021,ISO,NC,ASO,EN,Federal Contract Tower,0,0,12,0,12,0,0,0,0,0,0,0,12,0,12,0,0,0,12
07/20/2021,ISO,NC,ASO,EN,Federal Contract Tower,0,0,9,0,9,0,1,4,1,6,0,1,13,1,15,14,8,22,37
07/21/2021,ISO,NC,ASO,EN,Federal Contract Tower,0,2,10,6,18,0,1,9,10,20,0,3,19,16,38,4,54,58,96
07/22/2021,ISO,NC,ASO,EN,Federal Contract Tower,0,2,9,5,16,0,2,13,5,20,0,4,22,10,36,10,52,62,98
07/23/2021,ISO,NC,ASO,EN,Federal Contract Tower,0,3,10,11,24,0,2,0,9,11,0,5,10,20,35,50,40,90,125
07/24/2021,ISO,NC,ASO,EN,Federal Contract Tower,0,1,5,0,6,0,0,17,0,17,0,1,22,0,23,30,0,30,53
07/25/2021,ISO,NC,ASO,EN,Federal Contract Tower,0,2,7,0,9,0,0,8,0,8,0,2,15,0,17,16,0,16,33
07/26/2021,ISO,NC,ASO,EN,Federal Contract Tower,0,6,13,12,31,0,0,5,6,11,0,6,18,18,42,24,16,40,82
07/27/2021,ISO,NC,ASO,EN,Federal Contract Tower,0,2,15,20,37,0,8,9,9,26,0,10,24,29,63,10,62,72,135
07/28/2021,ISO,NC,ASO,EN,Federal Contract Tower,0,1,4,11,16,0,2,5,3,10,0,3,9,14,26,16,8,24,50
07/29/2021,ISO,NC,ASO,EN,Federal Contract Tower,0,2,6,5,13,0,2,10,12,24,0,4,16,17,37,6,64,70,107
07/30/2021,ISO,NC,ASO,EN,Federal Contract Tower,1,0,6,9,16,0,1,3,0,4,1,1,9,9,20,0,0,0,20
07/31/2021,ISO,NC,ASO,EN,Federal Contract Tower,0,1,8,0,9,0,0,7,0,7,0,1,15,0,16,2,0,2,18
08/01/2021,ISO,NC,ASO,EN,Federal Contract Tower,0,5,7,0,12,0,0,4,0,4,0,5,11,0,16,4,0,4,20
08/02/2021,ISO,NC,ASO,EN,Federal Contract Tower,0,1,6,8,15,0,0,2,4,6,0,1,8,12,21,10,18,28,49
08/03/2021,ISO,NC,ASO,EN,Federal Contract Tower,0,4,5,6,15,0,0,6,0,6,0,4,11,6,21,10,0,10,31
08/04/2021,ISO,NC,ASO,EN,Federal Contract Tower,0,3,5,3,11,0,1,0,1,2,0,4,5,4,13,0,14,14,27
08/05/2021,ISO,NC,ASO,EN,Federal Contract Tower,0,2,5,8,15,0,3,10,2,15,0,5,15,10,30,4,26,30,60
08/06/2021,ISO,NC,ASO,EN,Federal Contract Tower,0,1,14,10,25,0,7,17,5,29,0,8,31,15,54,31,20,51,105
08/07/2021,ISO,NC,ASO,EN,Federal Contract Tower,0,4,2,2,8,0,0,8,1,9,0,4,10,3,17,0,0,0,17
08/08/2021,ISO,NC,ASO,EN,Federal Contract Tower,0,0,6,1,7,0,0,3,0,3,0,0,9,1,10,40,0,40,50
08/09/2021,ISO,NC,ASO,EN,Federal Contract Tower,0,3,12,6,21,0,0,20,2,22,0,3,32,8,43,40,59,99,142
08/10/2021,ISO,NC,ASO,EN,Federal Contract Tower,0,0,4,12,16,0,1,6,9,16,0,1,10,21,32,16,56,72,104
08/11/2021,ISO,NC,ASO,EN,Federal Contract Tower,0,1,9,8,18,0,0,16,7,23,0,1,25,15,41,14,32,46,87
08/12/2021,ISO,NC,ASO,EN,Federal Contract Tower,0,6,5,10,21,0,0,19,4,23,0,6,24,14,44,4,28,32,76
08/13/2021,ISO,NC,ASO,EN,Federal Contract Tower,0,1,2,5,8,0,0,13,4,17,0,1,15,9,25,14,52,66,91
08/14/2021,ISO,NC,ASO,EN,Federal Contract Tower,0,2,0,2,4,0,0,6,0,6,0,2,6,2,10,6,0,6,16
08/15/2021,ISO,NC,ASO,EN,Federal Contract Tower,0,0,2,0,2,0,0,6,0,6,0,0,8,0,8,26,0,26,34
08/16/2021,ISO,NC,ASO,EN,Federal Contract Tower,0,3,5,9,17,0,0,2,3,5,0,3,7,12,22,0,38,38,60
08/17/2021,ISO,NC,ASO,EN,Federal Contract Tower,0,0,6,14,20,0,0,2,0,2,0,0,8,14,22,0,30,30,52
08/18/2021,ISO,NC,ASO,EN,Federal Contract Tower,0,0,2,2,4,0,2,7,0,9,0,2,9,2,13,10,14,24,37
08/19/2021,ISO,NC,ASO,EN,Federal Contract Tower,0,0,14,18,32,0,5,20,7,32,0,5,34,25,64,16,5,21,85
08/20/2021,ISO,NC,ASO,EN,Federal Contract Tower,0,5,9,4,18,0,0,4,4,8,0,5,13,8,26,0,20,20,46
08/21/2021,ISO,NC,ASO,EN,Federal Contract Tower,0,2,8,0,10,0,0,4,0,4,0,2,12,0,14,0,0,0,14
08/22/2021,ISO,NC,ASO,EN,Federal Contract Tower,0,2,3,0,5,0,0,12,0,12,0,2,15,0,17,20,0,20,37
08/23/2021,ISO,NC,ASO,EN,Federal Contract Tower,0,0,16,22,38,0,0,14,4,18,0,0,30,26,56,24,12,36,92
08/24/2021,ISO,NC,ASO,EN,Federal Contract Tower,0,1,7,10,18,0,2,8,3,13,0,3,15,13,31,20,16,36,67
08/25/2021,ISO,NC,ASO,EN,Federal Contract Tower,0,2,2,18,22,0,2,3,1,6,0,4,5,19,28,6,34,40,68
08/26/2021,ISO,NC,ASO,EN,Federal Contract Tower,0,0,17,11,28,0,2,16,2,20,0,2,33,13,48,14,32,46,94
08/27/2021,ISO,NC,ASO,EN,Federal Contract Tower,0,0,3,4,7,0,2,12,8,22,0,2,15,12,29,34,10,44,73
08/28/2021,ISO,NC,ASO,EN,Federal Contract Tower,0,4,1,0,5,0,0,14,3,17,0,4,15,3,22,12,0,12,34
08/29/2021,ISO,NC,ASO,EN,Federal Contract Tower,0,0,7,4,11,0,0,4,1,5,0,0,11,5,16,22,24,46,62
08/30/2021,ISO,NC,ASO,EN,Federal Contract Tower,0,0,8,16,24,0,0,18,5,23,0,0,26,21,47,26,34,60,107
08/31/2021,ISO,NC,ASO,EN,Federal Contract Tower,0,3,11,22,36,0,4,10,10,24,0,7,21,32,60,4,76,80,140
09/01/2021,ISO,NC,ASO,EN,Federal Contract Tower,0,5,9,1,15,0,0,0,1,1,0,5,9,2,16,10,2,12,28
09/02/2021,ISO,NC,ASO,EN,Federal Contract Tower,0,3,7,7,17,0,4,5,3,12,0,7,12,10,29,12,76,88,117
09/03/2021,ISO,NC,ASO,EN,Federal Contract Tower,0,3,3,4,10,0,3,10,2,15,0,6,13,6,25,22,0,22,47
09/04/2021,ISO,NC,ASO,EN,Federal Contract Tower,0,0,1,4,5,0,0,25,2,27,0,0,26,6,32,2,10,12,44
09/05/2021,ISO,NC,ASO,EN,Federal Contract Tower,0,2,1,0,3,0,0,15,0,15,0,2,16,0,18,2,0,2,20
09/06/2021,ISO,NC,ASO,EN,Federal Contract Tower,0,0,14,0,14,0,2,22,0,24,0,2,36,0,38,40,0,40,78
09/07/2021,ISO,NC,ASO,EN,Federal Contract Tower,0,1,2,10,13,0,2,3,7,12,0,3,5,17,25,8,26,34,59
09/08/2021,ISO,NC,ASO,EN,Federal Contract Tower,0,0,9,22,31,0,1,5,10,16,0,1,14,32,47,12,32,44,91
09/09/2021,ISO,NC,ASO,EN,Federal Contract Tower,0,3,4,7,14,0,0,0,3,3,0,3,4,10,17,0,6,6,23
09/10/2021,ISO,NC,ASO,EN,Federal Contract Tower,0,2,7,16,25,0,9,11,15,35,0,11,18,31,60,12,76,88,148
09/11/2021,ISO,NC,ASO,EN,Federal Contract Tower,0,0,1,2,3,0,0,6,4,10,0,0,7,6,13,8,12,20,33
09/12/2021,ISO,NC,ASO,EN,Federal Contract Tower,0,2,5,0,7,0,0,19,0,19,0,2,24,0,26,4,0,4,30
09/13/2021,ISO,NC,ASO,EN,Federal Contract Tower,0,0,6,11,17,0,6,17,4,27,0,6,23,15,44,40,72,112,156
09/14/2021,ISO,NC,ASO,EN,Federal Contract Tower,0,2,16,11,29,0,0,15,4,19,0,2,31,15,48,24,44,68,116
09/15/2021,ISO,NC,ASO,EN,Federal Contract Tower,0,2,4,8,14,0,0,10,11,21,0,2,14,19,35,24,37,61,96
09/16/2021,ISO,NC,ASO,EN,Federal Contract Tower,0,5,13,31,49,0,7,5,15,27,0,12,18,46,76,48,90,138,214
09/17/2021,ISO,NC,ASO,EN,Federal Contract Tower,0,2,10,7,19,0,0,0,6,6,0,2,10,13,25,0,22,22,47
09/18/2021,ISO,NC,ASO,EN,Federal Contract Tower,0,0,7,0,7,0,0,1,0,1,0,0,8,0,8,10,0,10,18
09/19/2021,ISO,NC,ASO,EN,Federal Contract Tower,0,2,4,0,6,0,0,16,0,16,0,2,20,0,22,18,0,18,40
09/20/2021,ISO,NC,ASO,EN,Federal Contract Tower,0,2,16,19,37,0,3,9,1,13,0,5,25,20,50,64,110,174,224
09/21/2021,ISO,NC,ASO,EN,Federal Contract Tower,0,0,17,32,49,0,2,7,8,17,0,2,24,40,66,2,94,96,162
09/22/2021,ISO,NC,ASO,EN,Federal Contract Tower,0,0,9,15,24,0,0,1,2,3,0,0,10,17,27,0,6,6,33
09/23/2021,ISO,NC,ASO,EN,Federal Contract Tower,0,3,2,0,5,0,1,19,5,25,0,4,21,5,30,54,34,88,118
09/24/2021,ISO,NC,ASO,EN,Federal Contract Tower,0,2,9,22,33,0,6,21,6,33,0,8,30,28,66,54,52,106,172
09/25/2021,ISO,NC,ASO,EN,Federal Contract Tower,0,0,4,0,4,0,4,14,0,18,0,4,18,0,22,4,0,4,26
09/26/2021,ISO,NC,ASO,EN,Federal Contract Tower,0,0,5,0,5,0,0,5,5,10,0,0,10,5,15,0,2,2,17
09/27/2021,ISO,NC,ASO,EN,Federal Contract Tower,0,0,4,4,8,0,3,9,6,18,0,3,13,10,26,2,20,22,48
09/28/2021,ISO,NC,ASO,EN,Federal Contract Tower,0,1,2,3,6,0,3,19,4,26,0,4,21,7,32,104,8,112,144
09/29/2021,ISO,NC,ASO,EN,Federal Contract Tower,0,0,11,22,33,0,5,8,1,14,0,5,19,23,47,46,64,110,157
09/30/2021,ISO,NC,ASO,EN,Federal Contract Tower,0,5,4,10,19,0,4,9,2,15,0,9,13,12,34,0,44,44,78
10/01/2021,ISO,NC,ASO,EN,Federal Contract Tower,0,7,16,34,57,0,0,23,5,28,0,7,39,39,85,52,2,54,139
10/02/2021,ISO,NC,ASO,EN,Federal Contract Tower,0,1,4,2,7,0,0,4,0,4,0,1,8,2,11,2,0,2,13
10/03/2021,ISO,NC,ASO,EN,Federal Contract Tower,0,2,4,0,6,0,0,6,0,6,0,2,10,0,12,26,0,26,38
10/04/2021,ISO,NC,ASO,EN,Federal Contract Tower,0,4,11,13,28,0,3,6,3,12,0,7,17,16,40,32,34,66,106
10/05/2021,ISO,NC,ASO,EN,Federal Contract Tower,0,3,8,30,41,0,2,2,6,10,0,5,10,36,51,76,54,130,181
10/06/2021,ISO,NC,ASO,EN,Federal Contract Tower,0,0,12,27,39,0,0,12,12,24,0,0,24,39,63,30,76,106,169
10/07/2021,ISO,NC,ASO,EN,Federal Contract Tower,0,0,27,3,30,0,0,0,2,2,0,0,27,5,32,20,8,28,60
10/08/2021,ISO,NC,ASO,EN,Federal Contract Tower,0,0,14,2,16,0,0,0,0,0,0,0,14,2,16,0,0,0,16
10/09/2021,ISO,NC,ASO,EN,Federal Contract Tower,0,0,0,0,0,0,0,0,0,0,0,0,0,0,0,0,0,0,0
10/10/2021,ISO,NC,ASO,EN,Federal Contract Tower,0,2,14,0,16,0,0,0,0,0,0,2,14,0,16,0,0,0,16
10/11/2021,ISO,NC,ASO,EN,Federal Contract Tower,0,0,16,0,16,0,1,0,0,1,0,1,16,0,17,12,0,12,29
10/12/2021,ISO,NC,ASO,EN,Federal Contract Tower,0,1,12,33,46,0,0,3,2,5,0,1,15,35,51,22,12,34,85
10/13/2021,ISO,NC,ASO,EN,Federal Contract Tower,0,3,12,18,33,0,1,1,5,7,0,4,13,23,40,4,18,22,62
10/14/2021,ISO,NC,ASO,EN,Federal Contract Tower,0,0,8,25,33,0,0,14,11,25,0,0,22,36,58,22,48,70,128
10/15/2021,ISO,NC,ASO,EN,Federal Contract Tower,0,2,8,14,24,0,0,18,8,26,0,2,26,22,50,22,36,58,108
10/16/2021,ISO,NC,ASO,EN,Federal Contract Tower,0,0,3,2,5,0,3,6,0,9,0,3,9,2,14,8,28,36,50
10/17/2021,ISO,NC,ASO,EN,Federal Contract Tower,0,1,1,0,2,0,0,3,0,3,0,1,4,0,5,16,0,16,21
10/18/2021,ISO,NC,ASO,EN,Federal Contract Tower,0,1,13,10,24,0,2,15,7,24,0,3,28,17,48,28,100,128,176
10/19/2021,ISO,NC,ASO,EN,Federal Contract Tower,0,2,5,10,17,0,6,18,4,28,0,8,23,14,45,86,0,86,131
10/20/2021,ISO,NC,ASO,EN,Federal Contract Tower,0,1,16,24,41,0,4,38,7,49,0,5,54,31,90,54,86,140,230
10/21/2021,ISO,NC,ASO,EN,Federal Contract Tower,0,2,8,14,24,0,2,14,12,28,0,4,22,26,52,36,120,156,208
10/22/2021,ISO,NC,ASO,EN,Federal Contract Tower,0,0,4,2,6,0,1,17,0,18,0,1,21,2,24,18,34,52,76
10/23/2021,ISO,NC,ASO,EN,Federal Contract Tower,0,0,14,0,14,0,0,10,0,10,0,0,24,0,24,2,0,2,26
10/24/2021,ISO,NC,ASO,EN,Federal Contract Tower,0,0,10,0,10,0,2,12,0,14,0,2,22,0,24,12,0,12,36
10/25/2021,ISO,NC,ASO,EN,Federal Contract Tower,0,0,8,11,19,0,4,6,6,16,0,4,14,17,35,8,8,16,51
10/26/2021,ISO,NC,ASO,EN,Federal Contract Tower,0,0,5,4,9,0,4,3,6,13,0,4,8,10,22,2,48,50,72
10/27/2021,ISO,NC,ASO,EN,Federal Contract Tower,0,1,10,13,24,0,4,17,4,25,0,5,27,17,49,44,10,54,103
10/28/2021,ISO,NC,ASO,EN,Federal Contract Tower,0,0,3,5,8,0,1,14,5,20,0,1,17,10,28,4,46,50,78
10/29/2021,ISO,NC,ASO,EN,Federal Contract Tower,0,1,9,6,16,0,0,0,4,4,0,1,9,10,20,0,20,20,40
10/30/2021,ISO,NC,ASO,EN,Federal Contract Tower,0,2,5,6,13,0,8,11,5,24,0,10,16,11,37,24,10,34,71
10/31/2021,ISO,NC,ASO,EN,Federal Contract Tower,0,3,7,2,12,0,0,2,0,2,0,3,9,2,14,0,0,0,14
11/01/2021,ISO,NC,ASO,EN,Federal Contract Tower,0,0,11,31,42,0,0,26,8,34,0,0,37,39,76,48,124,172,248
11/02/2021,ISO,NC,ASO,EN,Federal Contract Tower,0,0,7,23,30,0,5,25,11,41,0,5,32,34,71,62,108,170,241
11/03/2021,ISO,NC,ASO,EN,Federal Contract Tower,0,1,6,46,53,0,4,12,14,30,0,5,18,60,83,17,70,87,170
11/04/2021,ISO,NC,ASO,EN,Federal Contract Tower,0,2,1,13,16,0,0,2,3,5,0,2,3,16,21,0,10,10,31
11/05/2021,ISO,NC,ASO,EN,Federal Contract Tower,0,0,2,41,43,0,18,4,0,22,0,18,6,41,65,48,14,62,127
11/06/2021,ISO,NC,ASO,EN,Federal Contract Tower,0,0,8,1,9,0,2,3,1,6,0,2,11,2,15,0,0,0,15
11/07/2021,ISO,NC,ASO,EN,Federal Contract Tower,0,0,2,0,2,0,0,2,0,2,0,0,4,0,4,8,0,8,12
11/08/2021,ISO,NC,ASO,EN,Federal Contract Tower,0,16,21,18,55,0,4,27,11,42,0,20,48,29,97,38,30,68,165
11/09/2021,ISO,NC,ASO,EN,Federal Contract Tower,0,5,15,20,40,0,6,20,27,53,0,11,35,47,93,116,6,122,215
11/10/2021,ISO,NC,ASO,EN,Federal Contract Tower,0,2,15,12,29,0,6,20,6,32,0,8,35,18,61,48,20,68,129
11/11/2021,ISO,NC,ASO,EN,Federal Contract Tower,0,2,26,2,30,1,5,20,0,26,1,7,46,2,56,74,0,74,130
11/12/2021,ISO,NC,ASO,EN,Federal Contract Tower,0,2,13,0,15,0,9,6,0,15,0,11,19,0,30,66,0,66,96
11/13/2021,ISO,NC,ASO,EN,Federal Contract Tower,0,0,5,0,5,0,9,12,0,21,0,9,17,0,26,24,0,24,50
11/14/2021,ISO,NC,ASO,EN,Federal Contract Tower,0,2,3,0,5,0,8,20,0,28,0,10,23,0,33,8,0,8,41
11/15/2021,ISO,NC,ASO,EN,Federal Contract Tower,0,0,4,13,17,0,15,19,20,54,0,15,23,33,71,40,26,66,137
11/16/2021,ISO,NC,ASO,EN,Federal Contract Tower,0,0,12,21,33,0,1,12,14,27,0,1,24,35,60,10,44,54,114
11/17/2021,ISO,NC,ASO,EN,Federal Contract Tower,0,2,3,16,21,0,10,25,7,42,0,12,28,23,63,26,56,82,145
11/18/2021,ISO,NC,ASO,EN,Federal Contract Tower,0,6,20,35,61,0,10,18,27,55,0,16,38,62,116,40,116,156,272
11/19/2021,ISO,NC,ASO,EN,Federal Contract Tower,0,0,9,6,15,0,13,6,2,21,0,13,15,8,36,4,26,30,66
11/20/2021,ISO,NC,ASO,EN,Federal Contract Tower,0,0,4,1,5,0,10,25,1,36,0,10,29,2,41,26,10,36,77
11/21/2021,ISO,NC,ASO,EN,Federal Contract Tower,0,0,4,0,4,0,2,11,0,13,0,2,15,0,17,22,0,22,39
11/22/2021,ISO,NC,ASO,EN,Federal Contract Tower,0,1,7,9,17,0,0,0,0,0,0,1,7,9,17,0,0,0,17
11/23/2021,ISO,NC,ASO,EN,Federal Contract Tower,0,0,6,23,29,0,9,8,12,29,0,9,14,35,58,35,28,63,121
11/24/2021,ISO,NC,ASO,EN,Federal Contract Tower,0,0,13,0,13,0,1,20,0,21,0,1,33,0,34,46,0,46,80
11/25/2021,ISO,NC,ASO,EN,Federal Contract Tower,0,0,3,0,3,0,0,2,0,2,0,0,5,0,5,14,0,14,19
11/26/2021,ISO,NC,ASO,EN,Federal Contract Tower,0,2,5,0,7,0,0,0,0,0,0,2,5,0,7,0,0,0,7
11/27/2021,ISO,NC,ASO,EN,Federal Contract Tower,0,3,5,0,8,0,0,14,0,14,0,3,19,0,22,4,0,4,26
11/28/2021,ISO,NC,ASO,EN,Federal Contract Tower,0,2,6,0,8,0,5,8,0,13,0,7,14,0,21,26,0,26,47
11/29/2021,ISO,NC,ASO,EN,Federal Contract Tower,0,0,12,12,24,0,16,22,10,48,0,16,34,22,72,14,4,18,90
11/30/2021,ISO,NC,ASO,EN,Federal Contract Tower,0,0,6,28,34,0,9,14,35,58,0,9,20,63,92,18,80,98,190
12/01/2021,ISO,NC,ASO,EN,Federal Contract Tower,0,2,10,30,42,0,5,10,9,24,0,7,20,39,66,6,80,86,152
12/02/2021,ISO,NC,ASO,EN,Federal Contract Tower,0,1,16,26,43,0,13,15,13,41,0,14,31,39,84,24,146,170,254
12/03/2021,ISO,NC,ASO,EN,Federal Contract Tower,0,1,14,13,28,0,15,8,10,33,0,16,22,23,61,4,30,34,95
12/04/2021,ISO,NC,ASO,EN,Federal Contract Tower,0,0,3,0,3,0,13,6,0,19,0,13,9,0,22,24,0,24,46
12/05/2021,ISO,NC,ASO,EN,Federal Contract Tower,0,0,6,3,9,0,12,1,1,14,0,12,7,4,23,0,36,36,59
12/06/2021,ISO,NC,ASO,EN,Federal Contract Tower,0,0,21,8,29,0,10,8,6,24,0,10,29,14,53,2,10,12,65
12/07/2021,ISO,NC,ASO,EN,Federal Contract Tower,0,0,16,11,27,0,11,7,7,25,0,11,23,18,52,8,10,18,70
12/08/2021,ISO,NC,ASO,EN,Federal Contract Tower,0,0,9,3,12,0,0,0,0,0,0,0,9,3,12,0,0,0,12
12/09/2021,ISO,NC,ASO,EN,Federal Contract Tower,0,3,6,14,23,0,10,15,8,33,0,13,21,22,56,16,82,98,154
12/10/2021,ISO,NC,ASO,EN,Federal Contract Tower,0,2,7,39,48,0,1,5,13,19,0,3,12,52,67,10,44,54,121
12/11/2021,ISO,NC,ASO,EN,Federal Contract Tower,0,0,4,0,4,0,0,3,0,3,0,0,7,0,7,0,0,0,7
12/12/2021,ISO,NC,ASO,EN,Federal Contract Tower,0,2,2,0,4,0,0,5,4,9,0,2,7,4,13,2,0,2,15
12/13/2021,ISO,NC,ASO,EN,Federal Contract Tower,0,5,17,13,35,0,8,8,8,24,0,13,25,21,59,6,70,76,135
12/14/2021,ISO,NC,ASO,EN,Federal Contract Tower,0,2,24,17,43,0,24,14,7,45,0,26,38,24,88,10,38,48,136
12/15/2021,ISO,NC,ASO,EN,Federal Contract Tower,0,0,11,4,15,0,0,8,4,12,0,0,19,8,27,0,24,24,51
12/16/2021,ISO,NC,ASO,EN,Federal Contract Tower,0,1,10,2,13,0,0,10,2,12,0,1,20,4,25,20,8,28,53
12/17/2021,ISO,NC,ASO,EN,Federal Contract Tower,0,2,11,16,29,0,2,0,2,4,0,4,11,18,33,0,0,0,33
12/18/2021,ISO,NC,ASO,EN,Federal Contract Tower,0,2,6,2,10,0,0,0,4,4,0,2,6,6,14,0,18,18,32
12/19/2021,ISO,NC,ASO,EN,Federal Contract Tower,0,3,4,0,7,0,0,0,0,0,0,3,4,0,7,0,0,0,7
12/20/2021,ISO,NC,ASO,EN,Federal Contract Tower,0,0,11,4,15,0,0,5,6,11,0,0,16,10,26,18,12,30,56
12/21/2021,ISO,NC,ASO,EN,Federal Contract Tower,0,1,9,36,46,0,0,6,0,6,0,1,15,36,52,4,16,20,72
12/23/2021,ISO,NC,ASO,EN,Federal Contract Tower,0,2,22,6,30,0,1,15,0,16,0,3,37,6,46,6,0,6,52
12/24/2021,ISO,NC,ASO,EN,Federal Contract Tower,0,1,2,0,3,0,0,10,0,10,0,1,12,0,13,0,0,0,13
12/25/2021,ISO,NC,ASO,EN,Federal Contract Tower,0,0,1,0,1,0,0,0,0,0,0,0,1,0,1,0,0,0,1
12/26/2021,ISO,NC,ASO,EN,Federal Contract Tower,0,0,10,0,10,0,0,6,0,6,0,0,16,0,16,2,0,2,18
12/27/2021,ISO,NC,ASO,EN,Federal Contract Tower,0,0,8,4,12,0,0,9,2,11,0,0,17,6,23,0,6,6,29
12/28/2021,ISO,NC,ASO,EN,Federal Contract Tower,0,0,4,12,16,0,2,7,0,9,0,2,11,12,25,6,0,6,31
12/29/2021,ISO,NC,ASO,EN,Federal Contract Tower,0,0,2,3,5,0,1,8,2,11,0,1,10,5,16,2,2,4,20
12/30/2021,ISO,NC,ASO,EN,Federal Contract Tower,0,0,5,0,5,0,0,0,3,3,0,0,5,3,8,0,50,50,58
12/31/2021,ISO,NC,ASO,EN,Federal Contract Tower,0,2,9,1,12,0,0,4,1,5,0,2,13,2,17,44,12,56,73
01/01/2022,ISO,NC,ASO,EN,Federal Contract Tower,0,0,5,0,5,0,0,0,0,0,0,0,5,0,5,0,0,0,5
01/02/2022,ISO,NC,ASO,EN,Federal Contract Tower,0,0,4,0,4,0,0,0,0,0,0,0,4,0,4,0,0,0,4
01/03/2022,ISO,NC,ASO,EN,Federal Contract Tower,0,0,3,0,3,0,0,0,2,2,0,0,3,2,5,0,0,0,5
01/04/2022,ISO,NC,ASO,EN,Federal Contract Tower,0,1,6,3,10,0,3,18,12,33,0,4,24,15,43,22,0,22,65
01/05/2022,ISO,NC,ASO,EN,Federal Contract Tower,0,3,8,10,21,0,0,0,0,0,0,3,8,10,21,0,0,0,21
01/06/2022,ISO,NC,ASO,EN,Federal Contract Tower,0,0,6,24,30,0,4,10,9,23,0,4,16,33,53,16,38,54,107
01/07/2022,ISO,NC,ASO,EN,Federal Contract Tower,0,5,5,7,17,0,3,9,0,12,0,8,14,7,29,0,0,0,29
01/08/2022,ISO,NC,ASO,EN,Federal Contract Tower,0,0,3,4,7,0,0,5,1,6,0,0,8,5,13,16,5,21,34
01/09/2022,ISO,NC,ASO,EN,Federal Contract Tower,0,2,3,10,15,0,0,2,0,2,0,2,5,10,17,2,0,2,19
01/10/2022,ISO,NC,ASO,EN,Federal Contract Tower,0,2,5,6,13,0,0,11,8,19,0,2,16,14,32,2,18,20,52
01/11/2022,ISO,NC,ASO,EN,Federal Contract Tower,0,4,18,12,34,0,3,9,14,26,0,7,27,26,60,10,72,82,142
01/12/2022,ISO,NC,ASO,EN,Federal Contract Tower,0,0,10,21,31,0,1,9,8,18,0,1,19,29,49,26,86,112,161
01/13/2022,ISO,NC,ASO,EN,Federal Contract Tower,0,0,12,31,43,0,0,10,4,14,0,0,22,35,57,22,72,94,151
01/14/2022,ISO,NC,ASO,EN,Federal Contract Tower,0,0,7,9,16,0,0,12,2,14,0,0,19,11,30,6,20,26,56
01/15/2022,ISO,NC,ASO,EN,Federal Contract Tower,0,0,2,0,2,0,0,0,0,0,0,0,2,0,2,0,0,0,2
01/16/2022,ISO,NC,ASO,EN,Federal Contract Tower,0,0,0,0,0,0,0,0,0,0,0,0,0,0,0,0,0,0,0
01/17/2022,ISO,NC,ASO,EN,Federal Contract Tower,0,0,4,1,5,0,0,1,3,4,0,0,5,4,9,0,4,4,13
01/18/2022,ISO,NC,ASO,EN,Federal Contract Tower,0,0,15,9,24,0,0,2,8,10,0,0,17,17,34,2,42,44,78
01/19/2022,ISO,NC,ASO,EN,Federal Contract Tower,0,3,10,17,30,0,1,6,11,18,0,4,16,28,48,48,44,92,140
01/20/2022,ISO,NC,ASO,EN,Federal Contract Tower,0,0,4,7,11,0,1,0,4,5,0,1,4,11,16,0,0,0,16
01/21/2022,ISO,NC,ASO,EN,Federal Contract Tower,0,0,0,0,0,0,0,0,0,0,0,0,0,0,0,0,0,0,0
01/22/2022,ISO,NC,ASO,EN,Federal Contract Tower,0,0,1,0,1,0,0,3,0,3,0,0,4,0,4,0,0,0,4
01/23/2022,ISO,NC,ASO,EN,Federal Contract Tower,0,0,4,0,4,0,0,6,0,6,0,0,10,0,10,0,0,0,10
01/24/2022,ISO,NC,ASO,EN,Federal Contract Tower,2,0,13,9,24,0,2,11,3,16,2,2,24,12,40,20,0,20,60
01/25/2022,ISO,NC,ASO,EN,Federal Contract Tower,0,0,3,19,22,0,2,11,6,19,0,2,14,25,41,46,26,72,113
01/26/2022,ISO,NC,ASO,EN,Federal Contract Tower,0,0,7,8,15,0,0,17,5,22,0,0,24,13,37,24,8,32,69
01/27/2022,ISO,NC,ASO,EN,Federal Contract Tower,0,2,13,6,21,0,3,24,8,35,0,5,37,14,56,26,10,36,92
01/28/2022,ISO,NC,ASO,EN,Federal Contract Tower,0,4,12,9,25,0,0,8,11,19,0,4,20,20,44,12,78,90,134
01/29/2022,ISO,NC,ASO,EN,Federal Contract Tower,0,0,0,0,0,0,0,0,0,0,0,0,0,0,0,0,0,0,0
01/30/2022,ISO,NC,ASO,EN,Federal Contract Tower,0,0,20,0,20,0,0,14,0,14,0,0,34,0,34,18,0,18,52
01/31/2022,ISO,NC,ASO,EN,Federal Contract Tower,0,0,4,23,27,0,4,3,13,20,0,4,7,36,47,6,30,36,83
02/01/2022,ISO,NC,ASO,EN,Federal Contract Tower,0,0,9,26,35,0,5,9,15,29,0,5,18,41,64,2,56,58,122
02/02/2022,ISO,NC,ASO,EN,Federal Contract Tower,0,0,4,9,13,0,0,4,5,9,0,0,8,14,22,0,28,28,50
02/03/2022,ISO,NC,ASO,EN,Federal Contract Tower,0,0,9,33,42,0,0,5,4,9,0,0,14,37,51,0,72,72,123
02/04/2022,ISO,NC,ASO,EN,Federal Contract Tower,0,0,4,6,10,0,0,0,6,6,0,0,4,12,16,0,0,0,16
02/05/2022,ISO,NC,ASO,EN,Federal Contract Tower,0,0,13,1,14,0,2,4,1,7,0,2,17,2,21,0,4,4,25
02/06/2022,ISO,NC,ASO,EN,Federal Contract Tower,0,3,2,0,5,0,0,13,0,13,0,3,15,0,18,22,0,22,40
02/07/2022,ISO,NC,ASO,EN,Federal Contract Tower,0,4,4,2,10,0,0,1,0,1,0,4,5,2,11,0,0,0,11
02/08/2022,ISO,NC,ASO,EN,Federal Contract Tower,0,5,13,25,43,0,0,3,30,33,0,5,16,55,76,0,38,38,114
02/09/2022,ISO,NC,ASO,EN,Federal Contract Tower,0,0,19,13,32,0,3,20,13,36,0,3,39,26,68,37,80,117,185
02/10/2022,ISO,NC,ASO,EN,Federal Contract Tower,0,0,12,14,26,0,0,12,13,25,0,0,24,27,51,8,100,108,159
02/11/2022,ISO,NC,ASO,EN,Federal Contract Tower,0,0,17,7,24,0,0,18,12,30,0,0,35,19,54,24,20,44,98
02/12/2022,ISO,NC,ASO,EN,Federal Contract Tower,0,0,1,0,1,0,0,6,0,6,0,0,7,0,7,28,0,28,35
02/13/2022,ISO,NC,ASO,EN,Federal Contract Tower,0,0,2,0,2,0,0,0,0,0,0,0,2,0,2,0,0,0,2
02/14/2022,ISO,NC,ASO,EN,Federal Contract Tower,0,0,4,3,7,0,3,11,1,15,0,3,15,4,22,12,4,16,38
02/15/2022,ISO,NC,ASO,EN,Federal Contract Tower,0,0,5,12,17,0,2,8,8,18,0,2,13,20,35,6,54,60,95
02/16/2022,ISO,NC,ASO,EN,Federal Contract Tower,0,2,13,14,29,0,3,17,12,32,0,5,30,26,61,58,44,102,163
02/17/2022,ISO,NC,ASO,EN,Federal Contract Tower,0,0,0,10,10,0,0,3,9,12,0,0,3,19,22,4,36,40,62
02/18/2022,ISO,NC,ASO,EN,Federal Contract Tower,0,3,9,7,19,0,4,3,7,14,0,7,12,14,33,16,4,20,53
02/19/2022,ISO,NC,ASO,EN,Federal Contract Tower,0,0,10,0,10,0,2,3,0,5,0,2,13,0,15,2,0,2,17
02/20/2022,ISO,NC,ASO,EN,Federal Contract Tower,0,2,6,0,8,0,0,1,0,1,0,2,7,0,9,0,0,0,9
02/21/2022,ISO,NC,ASO,EN,Federal Contract Tower,0,2,10,0,12,0,0,7,0,7,0,2,17,0,19,32,0,32,51
02/22/2022,ISO,NC,ASO,EN,Federal Contract Tower,0,0,13,4,17,0,0,3,8,11,0,0,16,12,28,0,32,32,60
02/23/2022,ISO,NC,ASO,EN,Federal Contract Tower,0,4,23,16,43,0,0,6,14,20,0,4,29,30,63,10,26,36,99
02/24/2022,ISO,NC,ASO,EN,Federal Contract Tower,0,2,1,31,34,0,0,0,4,4,0,2,1,35,38,0,50,50,88
02/25/2022,ISO,NC,ASO,EN,Federal Contract Tower,2,1,7,3,13,0,0,0,5,5,2,1,7,8,18,0,20,20,38
02/26/2022,ISO,NC,ASO,EN,Federal Contract Tower,0,2,6,0,8,0,0,2,2,4,0,2,8,2,12,6,0,6,18
02/27/2022,ISO,NC,ASO,EN,Federal Contract Tower,0,1,9,0,10,0,0,0,0,0,0,1,9,0,10,10,0,10,20
02/28/2022,ISO,NC,ASO,EN,Federal Contract Tower,0,0,34,16,50,0,2,19,5,26,0,2,53,21,76,62,58,120,196
03/01/2022,ISO,NC,ASO,EN,Federal Contract Tower,0,0,25,14,39,0,0,15,5,20,0,0,40,19,59,38,40,78,137
03/02/2022,ISO,NC,ASO,EN,Federal Contract Tower,0,2,7,20,29,0,1,21,10,32,0,3,28,30,61,32,50,82,143
03/03/2022,ISO,NC,ASO,EN,Federal Contract Tower,0,2,9,17,28,0,2,13,7,22,0,4,22,24,50,0,34,34,84
03/04/2022,ISO,NC,ASO,EN,Federal Contract Tower,0,4,7,6,17,0,0,14,10,24,0,4,21,16,41,20,52,72,113
03/05/2022,ISO,NC,ASO,EN,Federal Contract Tower,0,2,14,0,16,0,0,3,0,3,0,2,17,0,19,0,0,0,19
03/06/2022,ISO,NC,ASO,EN,Federal Contract Tower,0,2,3,0,5,0,0,7,0,7,0,2,10,0,12,24,0,24,36
03/07/2022,ISO,NC,ASO,EN,Federal Contract Tower,0,1,7,12,20,0,27,1,15,43,0,28,8,27,63,0,38,38,101
03/08/2022,ISO,NC,ASO,EN,Federal Contract Tower,0,1,14,23,38,0,0,3,14,17,0,1,17,37,55,6,92,98,153
03/09/2022,ISO,NC,ASO,EN,Federal Contract Tower,0,1,12,2,15,0,0,0,0,0,0,1,12,2,15,0,4,4,19
03/10/2022,ISO,NC,ASO,EN,Federal Contract Tower,0,1,9,21,31,0,0,0,0,0,0,1,9,21,31,0,0,0,31
03/11/2022,ISO,NC,ASO,EN,Federal Contract Tower,0,0,13,10,23,0,0,0,0,0,0,0,13,10,23,0,0,0,23
03/12/2022,ISO,NC,ASO,EN,Federal Contract Tower,0,2,2,0,4,0,0,0,0,0,0,2,2,0,4,0,0,0,4
03/13/2022,ISO,NC,ASO,EN,Federal Contract Tower,0,2,16,1,19,0,0,7,1,8,0,2,23,2,27,40,0,40,67
03/14/2022,ISO,NC,ASO,EN,Federal Contract Tower,0,0,12,5,17,0,0,24,5,29,0,0,36,10,46,56,56,112,158
03/15/2022,ISO,NC,ASO,EN,Federal Contract Tower,0,4,21,11,36,0,0,23,14,37,0,4,44,25,73,42,50,92,165
03/16/2022,ISO,NC,ASO,EN,Federal Contract Tower,0,3,13,10,26,0,0,15,5,20,0,3,28,15,46,24,34,58,104
03/17/2022,ISO,NC,ASO,EN,Federal Contract Tower,0,4,5,11,20,0,0,1,5,6,0,4,6,16,26,13,52,65,91
03/18/2022,ISO,NC,ASO,EN,Federal Contract Tower,0,3,12,3,18,0,0,10,4,14,0,3,22,7,32,46,8,54,86
03/19/2022,ISO,NC,ASO,EN,Federal Contract Tower,0,0,9,0,9,0,2,0,0,2,0,2,9,0,11,0,0,0,11
03/20/2022,ISO,NC,ASO,EN,Federal Contract Tower,0,2,9,0,11,0,0,12,0,12,0,2,21,0,23,0,2,2,25
03/21/2022,ISO,NC,ASO,EN,Federal Contract Tower,0,1,12,17,30,0,0,18,18,36,0,1,30,35,66,10,50,60,126
03/22/2022,ISO,NC,ASO,EN,Federal Contract Tower,0,0,6,19,25,0,2,9,14,25,0,2,15,33,50,52,74,126,176
03/23/2022,ISO,NC,ASO,EN,Federal Contract Tower,0,2,20,24,46,0,1,6,10,17,0,3,26,34,63,10,24,34,97
03/24/2022,ISO,NC,ASO,EN,Federal Contract Tower,0,0,5,6,11,0,0,0,0,0,0,0,5,6,11,0,0,0,11
03/25/2022,ISO,NC,ASO,EN,Federal Contract Tower,0,0,14,3,17,0,0,15,13,28,0,0,29,16,45,28,28,56,101
03/26/2022,ISO,NC,ASO,EN,Federal Contract Tower,0,3,6,2,11,0,0,14,0,14,0,3,20,2,25,0,0,0,25
03/27/2022,ISO,NC,ASO,EN,Federal Contract Tower,0,5,15,0,20,0,0,25,0,25,0,5,40,0,45,26,0,26,71
03/28/2022,ISO,NC,ASO,EN,Federal Contract Tower,0,0,8,18,26,0,1,10,12,23,0,1,18,30,49,2,74,76,125
03/29/2022,ISO,NC,ASO,EN,Federal Contract Tower,0,0,12,30,42,0,0,12,6,18,0,0,24,36,60,38,108,146,206
03/30/2022,ISO,NC,ASO,EN,Federal Contract Tower,0,2,9,9,20,0,0,2,5,7,0,2,11,14,27,16,36,52,79
03/31/2022,ISO,NC,ASO,EN,Federal Contract Tower,0,0,7,0,7,0,0,0,2,2,0,0,7,2,9,0,6,6,15
04/01/2022,ISO,NC,ASO,EN,Federal Contract Tower,0,0,10,8,18,0,0,5,2,7,0,0,15,10,25,4,26,30,55
04/02/2022,ISO,NC,ASO,EN,Federal Contract Tower,0,2,5,0,7,0,0,4,0,4,0,2,9,0,11,0,0,0,11
04/03/2022,ISO,NC,ASO,EN,Federal Contract Tower,0,3,5,0,8,0,2,8,0,10,0,5,13,0,18,6,0,6,24
04/04/2022,ISO,NC,ASO,EN,Federal Contract Tower,0,2,8,10,20,0,0,15,5,20,0,2,23,15,40,38,32,70,110
04/05/2022,ISO,NC,ASO,EN,Federal Contract Tower,0,0,5,9,14,0,0,4,6,10,0,0,9,15,24,2,0,2,26
04/06/2022,ISO,NC,ASO,EN,Federal Contract Tower,0,4,12,8,24,0,0,5,5,10,0,4,17,13,34,6,62,68,102
04/07/2022,ISO,NC,ASO,EN,Federal Contract Tower,0,0,12,10,22,0,0,1,5,6,0,0,13,15,28,0,14,14,42
04/08/2022,ISO,NC,ASO,EN,Federal Contract Tower,0,0,15,6,21,0,0,7,3,10,0,0,22,9,31,14,42,56,87
04/09/2022,ISO,NC,ASO,EN,Federal Contract Tower,0,0,11,6,17,0,0,6,0,6,0,0,17,6,23,6,24,30,53
04/10/2022,ISO,NC,ASO,EN,Federal Contract Tower,0,0,3,0,3,0,0,6,0,6,0,0,9,0,9,0,0,0,9
04/11/2022,ISO,NC,ASO,EN,Federal Contract Tower,0,0,13,14,27,0,0,19,1,20,0,0,32,15,47,40,22,62,109
04/12/2022,ISO,NC,ASO,EN,Federal Contract Tower,0,0,9,13,22,0,0,5,15,20,0,0,14,28,42,0,50,50,92
04/13/2022,ISO,NC,ASO,EN,Federal Contract Tower,0,2,7,20,29,0,0,10,11,21,0,2,17,31,50,44,72,116,166
04/14/2022,ISO,NC,ASO,EN,Federal Contract Tower,0,0,15,9,24,0,0,5,3,8,0,0,20,12,32,2,16,18,50
04/15/2022,ISO,NC,ASO,EN,Federal Contract Tower,0,2,16,0,18,0,0,21,3,24,0,2,37,3,42,18,0,18,60
04/16/2022,ISO,NC,ASO,EN,Federal Contract Tower,0,0,6,0,6,0,0,8,2,10,0,0,14,2,16,10,0,10,26
04/17/2022,ISO,NC,ASO,EN,Federal Contract Tower,0,2,4,0,6,0,0,1,0,1,0,2,5,0,7,0,0,0,7
04/18/2022,ISO,NC,ASO,EN,Federal Contract Tower,0,0,7,2,9,0,0,0,0,0,0,0,7,2,9,0,0,0,9
04/19/2022,ISO,NC,ASO,EN,Federal Contract Tower,0,0,17,6,23,0,0,12,8,20,0,0,29,14,43,24,82,106,149
04/20/2022,ISO,NC,ASO,EN,Federal Contract Tower,0,2,27,9,38,0,0,23,7,30,0,2,50,16,68,56,56,112,180
04/21/2022,ISO,NC,ASO,EN,Federal Contract Tower,0,0,11,19,30,0,0,10,6,16,0,0,21,25,46,32,48,80,126
04/22/2022,ISO,NC,ASO,EN,Federal Contract Tower,0,0,4,6,10,0,2,20,10,32,0,2,24,16,42,22,40,62,104
04/23/2022,ISO,NC,ASO,EN,Federal Contract Tower,0,2,7,3,12,0,0,8,4,12,0,2,15,7,24,10,0,10,34
04/24/2022,ISO,NC,ASO,EN,Federal Contract Tower,0,0,12,1,13,0,0,13,0,13,0,0,25,1,26,38,0,38,64
04/25/2022,ISO,NC,ASO,EN,Federal Contract Tower,0,0,14,12,26,0,0,27,11,38,0,0,41,23,64,34,84,118,182
04/26/2022,ISO,NC,ASO,EN,Federal Contract Tower,0,0,10,2,12,0,0,6,0,6,0,0,16,2,18,16,26,42,60
04/27/2022,ISO,NC,ASO,EN,Federal Contract Tower,0,0,8,13,21,0,0,10,5,15,0,0,18,18,36,22,6,28,64
04/28/2022,ISO,NC,ASO,EN,Federal Contract Tower,0,0,8,10,18,0,2,25,9,36,0,2,33,19,54,50,20,70,124
04/29/2022,ISO,NC,ASO,EN,Federal Contract Tower,0,3,11,6,20,0,0,19,2,21,0,3,30,8,41,14,12,26,67
04/30/2022,ISO,NC,ASO,EN,Federal Contract Tower,0,0,3,0,3,0,0,10,0,10,0,0,13,0,13,2,0,2,15
05/01/2022,ISO,NC,ASO,EN,Federal Contract Tower,0,2,2,0,4,0,0,16,0,16,0,2,18,0,20,14,0,14,34
05/02/2022,ISO,NC,ASO,EN,Federal Contract Tower,0,2,22,8,32,0,0,17,10,27,0,2,39,18,59,4,36,40,99
05/03/2022,ISO,NC,ASO,EN,Federal Contract Tower,0,1,18,34,53,0,0,13,19,32,0,1,31,53,85,4,94,98,183
05/04/2022,ISO,NC,ASO,EN,Federal Contract Tower,0,0,10,12,22,0,0,4,8,12,0,0,14,20,34,10,8,18,52
05/05/2022,ISO,NC,ASO,EN,Federal Contract Tower,0,5,32,32,69,0,0,3,2,5,0,5,35,34,74,6,4,10,84
05/06/2022,ISO,NC,ASO,EN,Federal Contract Tower,0,0,11,6,17,0,0,2,1,3,0,0,13,7,20,0,8,8,28
05/07/2022,ISO,NC,ASO,EN,Federal Contract Tower,0,0,4,0,4,0,0,16,0,16,0,0,20,0,20,10,0,10,30
05/08/2022,ISO,NC,ASO,EN,Federal Contract Tower,0,0,8,0,8,0,0,0,0,0,0,0,8,0,8,0,0,0,8
05/09/2022,ISO,NC,ASO,EN,Federal Contract Tower,0,0,12,18,30,0,0,6,2,8,0,0,18,20,38,4,12,16,54
05/10/2022,ISO,NC,ASO,EN,Federal Contract Tower,0,1,9,16,26,0,0,6,8,14,0,1,15,24,40,0,94,94,134
05/11/2022,ISO,NC,ASO,EN,Federal Contract Tower,0,0,6,16,22,0,0,7,3,10,0,0,13,19,32,0,52,52,84
05/12/2022,ISO,NC,ASO,EN,Federal Contract Tower,0,1,12,8,21,0,1,0,0,1,0,2,12,8,22,0,0,0,22
05/13/2022,ISO,NC,ASO,EN,Federal Contract Tower,0,2,10,4,16,0,0,2,6,8,0,2,12,10,24,0,6,6,30
05/14/2022,ISO,NC,ASO,EN,Federal Contract Tower,0,0,1,25,26,0,0,6,0,6,0,0,7,25,32,0,24,24,56
05/15/2022,ISO,NC,ASO,EN,Federal Contract Tower,0,2,9,1,12,0,0,22,0,22,0,2,31,1,34,72,22,94,128
05/16/2022,ISO,NC,ASO,EN,Federal Contract Tower,0,3,12,24,39,0,0,14,17,31,0,3,26,41,70,12,56,68,138
05/17/2022,ISO,NC,ASO,EN,Federal Contract Tower,0,0,9,24,33,0,3,19,12,34,0,3,28,36,67,24,6,30,97
05/18/2022,ISO,NC,ASO,EN,Federal Contract Tower,0,0,6,11,17,0,0,20,6,26,0,0,26,17,43,16,34,50,93
05/19/2022,ISO,NC,ASO,EN,Federal Contract Tower,0,1,19,27,47,0,0,9,6,15,0,1,28,33,62,16,94,110,172
05/20/2022,ISO,NC,ASO,EN,Federal Contract Tower,0,1,9,16,26,0,0,20,14,34,0,1,29,30,60,10,38,48,108
05/21/2022,ISO,NC,ASO,EN,Federal Contract Tower,1,2,14,0,17,0,1,14,0,15,1,3,28,0,32,12,0,12,44
05/22/2022,ISO,NC,ASO,EN,Federal Contract Tower,0,0,4,0,4,0,0,7,0,7,0,0,11,0,11,2,0,2,13
05/23/2022,ISO,NC,ASO,EN,Federal Contract Tower,0,0,7,10,17,0,0,5,8,13,0,0,12,18,30,0,0,0,30
05/24/2022,ISO,NC,ASO,EN,Federal Contract Tower,0,0,17,10,27,0,0,0,13,13,0,0,17,23,40,0,42,42,82
05/25/2022,ISO,NC,ASO,EN,Federal Contract Tower,0,1,23,5,29,0,2,4,2,8,0,3,27,7,37,16,2,18,55
05/26/2022,ISO,NC,ASO,EN,Federal Contract Tower,0,1,23,5,29,0,2,4,2,8,0,3,27,7,37,16,2,18,55
05/27/2022,ISO,NC,ASO,EN,Federal Contract Tower,2,1,5,0,8,0,0,0,0,0,2,1,5,0,8,0,0,0,8
05/28/2022,ISO,NC,ASO,EN,Federal Contract Tower,0,4,7,0,11,0,0,13,0,13,0,4,20,0,24,30,0,30,54
05/29/2022,ISO,NC,ASO,EN,Federal Contract Tower,0,2,4,0,6,0,0,12,0,12,0,2,16,0,18,20,0,20,38
05/30/2022,ISO,NC,ASO,EN,Federal Contract Tower,0,0,7,0,7,0,0,18,0,18,0,0,25,0,25,24,0,24,49
05/31/2022,ISO,NC,ASO,EN,Federal Contract Tower,0,3,12,31,46,0,0,28,10,38,0,3,40,41,84,4,36,40,124
06/01/2022,ISO,NC,ASO,EN,Federal Contract Tower,0,0,5,20,25,0,2,20,8,30,0,2,25,28,55,24,74,98,153
06/02/2022,ISO,NC,ASO,EN,Federal Contract Tower,0,0,6,29,35,0,0,16,9,25,0,0,22,38,60,14,26,40,100
06/03/2022,ISO,NC,ASO,EN,Federal Contract Tower,0,0,9,8,17,0,0,19,13,32,0,0,28,21,49,28,28,56,105
06/04/2022,ISO,NC,ASO,EN,Federal Contract Tower,0,1,3,0,4,0,2,14,3,19,0,3,17,3,23,32,0,32,55
06/05/2022,ISO,NC,ASO,EN,Federal Contract Tower,0,0,5,0,5,0,0,2,0,2,0,0,7,0,7,2,0,2,9
06/06/2022,ISO,NC,ASO,EN,Federal Contract Tower,0,0,8,14,22,0,0,22,12,34,0,0,30,26,56,14,72,86,142
06/07/2022,ISO,NC,ASO,EN,Federal Contract Tower,0,0,8,32,40,0,0,10,17,27,0,0,18,49,67,10,98,108,175
06/08/2022,ISO,NC,ASO,EN,Federal Contract Tower,0,0,7,1,8,0,0,12,0,12,0,0,19,1,20,8,0,8,28
06/09/2022,ISO,NC,ASO,EN,Federal Contract Tower,0,0,12,13,25,0,0,10,5,15,0,0,22,18,40,16,8,24,64
06/10/2022,ISO,NC,ASO,EN,Federal Contract Tower,0,3,11,2,16,0,0,34,2,36,0,3,45,4,52,32,12,44,96
06/11/2022,ISO,NC,ASO,EN,Federal Contract Tower,0,1,13,0,14,0,0,6,0,6,0,1,19,0,20,20,0,20,40
06/12/2022,ISO,NC,ASO,EN,Federal Contract Tower,0,2,3,2,7,0,0,4,2,6,0,2,7,4,13,8,10,18,31
06/13/2022,ISO,NC,ASO,EN,Federal Contract Tower,0,0,10,14,24,0,0,13,11,24,0,0,23,25,48,20,18,38,86
06/14/2022,ISO,NC,ASO,EN,Federal Contract Tower,0,0,11,14,25,0,0,5,13,18,0,0,16,27,43,0,52,52,95
06/15/2022,ISO,NC,ASO,EN,Federal Contract Tower,0,0,15,16,31,0,0,21,6,27,0,0,36,22,58,36,46,82,140
06/16/2022,ISO,NC,ASO,EN,Federal Contract Tower,0,0,10,6,16,0,0,10,2,12,0,0,20,8,28,12,34,46,74
06/17/2022,ISO,NC,ASO,EN,Federal Contract Tower,0,0,7,6,13,0,0,8,7,15,0,0,15,13,28,16,30,46,74
06/18/2022,ISO,NC,ASO,EN,Federal Contract Tower,0,0,15,6,21,0,0,12,0,12,0,0,27,6,33,24,0,24,57
06/19/2022,ISO,NC,ASO,EN,Federal Contract Tower,0,0,3,0,3,0,0,8,0,8,0,0,11,0,11,4,0,4,15
06/20/2022,ISO,NC,ASO,EN,Federal Contract Tower,0,0,7,0,7,0,0,12,0,12,0,0,19,0,19,10,0,10,29
06/21/2022,ISO,NC,ASO,EN,Federal Contract Tower,0,2,11,5,18,0,0,14,11,25,0,2,25,16,43,26,12,38,81
06/22/2022,ISO,NC,ASO,EN,Federal Contract Tower,0,10,16,9,35,0,0,16,6,22,0,10,32,15,57,10,102,112,169
06/23/2022,ISO,NC,ASO,EN,Federal Contract Tower,0,1,5,14,20,0,0,8,3,11,0,1,13,17,31,0,18,18,49
06/24/2022,ISO,NC,ASO,EN,Federal Contract Tower,0,1,14,5,20,0,0,19,16,35,0,1,33,21,55,22,34,56,111
06/25/2022,ISO,NC,ASO,EN,Federal Contract Tower,0,2,6,0,8,0,0,3,0,3,0,2,9,0,11,4,0,4,15
06/26/2022,ISO,NC,ASO,EN,Federal Contract Tower,0,2,9,0,11,0,0,11,0,11,0,2,20,0,22,12,0,12,34
06/27/2022,ISO,NC,ASO,EN,Federal Contract Tower,0,0,3,6,9,0,0,2,8,10,0,0,5,14,19,2,20,22,41
06/28/2022,ISO,NC,ASO,EN,Federal Contract Tower,0,0,13,16,29,0,0,14,13,27,0,0,27,29,56,20,22,42,98
06/29/2022,ISO,NC,ASO,EN,Federal Contract Tower,0,1,11,4,16,0,0,2,1,3,0,1,13,5,19,10,14,24,43
06/30/2022,ISO,NC,ASO,EN,Federal Contract Tower,0,0,11,18,29,0,0,9,9,18,0,0,20,27,47,2,50,52,99
07/01/2022,ISO,NC,ASO,EN,Federal Contract Tower,0,0,5,3,8,0,0,10,1,11,0,0,15,4,19,12,4,16,35
07/02/2022,ISO,NC,ASO,EN,Federal Contract Tower,0,0,5,0,5,0,0,1,0,1,0,0,6,0,6,0,0,0,6
07/03/2022,ISO,NC,ASO,EN,Federal Contract Tower,0,0,3,0,3,0,0,0,0,0,0,0,3,0,3,0,0,0,3
07/04/2022,ISO,NC,ASO,EN,Federal Contract Tower,0,0,8,0,8,0,0,3,0,3,0,0,11,0,11,0,0,0,11
07/05/2022,ISO,NC,ASO,EN,Federal Contract Tower,0,0,7,2,9,0,0,3,0,3,0,0,10,2,12,2,0,2,14
07/06/2022,ISO,NC,ASO,EN,Federal Contract Tower,0,0,10,15,25,0,0,19,1,20,0,0,29,16,45,4,36,40,85
07/07/2022,ISO,NC,ASO,EN,Federal Contract Tower,0,0,8,22,30,0,0,8,2,10,0,0,16,24,40,2,74,76,116
07/08/2022,ISO,NC,ASO,EN,Federal Contract Tower,0,2,12,10,24,0,0,0,0,0,0,2,12,10,24,0,0,0,24
07/09/2022,ISO,NC,ASO,EN,Federal Contract Tower,0,0,6,2,8,0,0,2,0,2,0,0,8,2,10,14,0,14,24
07/10/2022,ISO,NC,ASO,EN,Federal Contract Tower,0,2,6,0,8,0,0,1,0,1,0,2,7,0,9,0,0,0,9
07/11/2022,ISO,NC,ASO,EN,Federal Contract Tower,0,0,18,18,36,0,0,2,3,5,0,0,20,21,41,0,12,12,53
07/12/2022,ISO,NC,ASO,EN,Federal Contract Tower,0,0,13,26,39,0,0,13,11,24,0,0,26,37,63,18,88,106,169
07/13/2022,ISO,NC,ASO,EN,Federal Contract Tower,0,0,6,4,10,0,0,4,4,8,0,0,10,8,18,0,2,2,20
07/14/2022,ISO,NC,ASO,EN,Federal Contract Tower,0,0,10,9,19,0,0,0,4,4,0,0,10,13,23,0,38,38,61
07/15/2022,ISO,NC,ASO,EN,Federal Contract Tower,0,0,11,12,23,0,0,10,7,17,0,0,21,19,40,0,12,12,52
07/16/2022,ISO,NC,ASO,EN,Federal Contract Tower,0,0,12,1,13,0,0,7,18,25,0,0,19,19,38,0,0,0,38
07/17/2022,ISO,NC,ASO,EN,Federal Contract Tower,0,0,13,2,15,0,0,19,0,19,0,0,32,2,34,34,10,44,78
07/18/2022,ISO,NC,ASO,EN,Federal Contract Tower,0,0,13,4,17,0,0,14,1,15,0,0,27,5,32,16,2,18,50
07/19/2022,ISO,NC,ASO,EN,Federal Contract Tower,0,2,7,16,25,0,0,7,8,15,0,2,14,24,40,10,52,62,102
07/20/2022,ISO,NC,ASO,EN,Federal Contract Tower,0,0,7,15,22,0,4,10,4,18,0,4,17,19,40,23,48,71,111
07/21/2022,ISO,NC,ASO,EN,Federal Contract Tower,0,0,12,10,22,0,1,11,7,19,0,1,23,17,41,2,50,52,93
07/22/2022,ISO,NC,ASO,EN,Federal Contract Tower,0,2,16,11,29,0,0,13,4,17,0,2,29,15,46,46,68,114,160
07/23/2022,ISO,NC,ASO,EN,Federal Contract Tower,0,2,4,0,6,0,0,22,4,26,0,2,26,4,32,14,18,32,64
07/24/2022,ISO,NC,ASO,EN,Federal Contract Tower,0,2,4,0,6,0,0,0,0,0,0,2,4,0,6,2,0,2,8
07/25/2022,ISO,NC,ASO,EN,Federal Contract Tower,0,2,9,12,23,0,0,7,9,16,0,2,16,21,39,0,42,42,81
07/26/2022,ISO,NC,ASO,EN,Federal Contract Tower,0,5,14,23,42,0,0,9,5,14,0,5,23,28,56,28,50,78,134
07/27/2022,ISO,NC,ASO,EN,Federal Contract Tower,0,0,20,7,27,0,0,11,5,16,0,0,31,12,43,4,18,22,65
07/28/2022,ISO,NC,ASO,EN,Federal Contract Tower,0,1,11,24,36,0,0,9,4,13,0,1,20,28,49,0,44,44,93
07/29/2022,ISO,NC,ASO,EN,Federal Contract Tower,0,0,1,9,10,0,0,11,4,15,0,0,12,13,25,4,22,26,51
07/30/2022,ISO,NC,ASO,EN,Federal Contract Tower,0,1,3,0,4,0,0,12,0,12,0,1,15,0,16,8,0,8,24
07/31/2022,ISO,NC,ASO,EN,Federal Contract Tower,0,0,9,0,9,0,0,2,0,2,0,0,11,0,11,0,0,0,11
08/01/2022,ISO,NC,ASO,EN,Federal Contract Tower,0,0,14,9,23,0,0,8,5,13,0,0,22,14,36,32,10,42,78
08/02/2022,ISO,NC,ASO,EN,Federal Contract Tower,0,2,14,6,22,0,0,10,2,12,0,2,24,8,34,20,10,30,64
08/03/2022,ISO,NC,ASO,EN,Federal Contract Tower,0,0,12,15,27,0,0,20,7,27,0,0,32,22,54,24,20,44,98
08/04/2022,ISO,NC,ASO,EN,Federal Contract Tower,0,0,8,17,25,0,0,7,7,14,0,0,15,24,39,18,50,68,107
08/05/2022,ISO,NC,ASO,EN,Federal Contract Tower,0,2,11,13,26,0,0,21,9,30,0,2,32,22,56,48,40,88,144
08/06/2022,ISO,NC,ASO,EN,Federal Contract Tower,0,0,7,6,13,0,0,0,0,0,0,0,7,6,13,0,18,18,31
08/07/2022,ISO,NC,ASO,EN,Federal Contract Tower,0,2,6,0,8,0,0,16,0,16,0,2,22,0,24,16,0,16,40
08/08/2022,ISO,NC,ASO,EN,Federal Contract Tower,0,0,6,9,15,0,0,19,8,27,0,0,25,17,42,24,10,34,76
08/09/2022,ISO,NC,ASO,EN,Federal Contract Tower,0,1,8,7,16,0,2,17,1,20,0,3,25,8,36,8,8,16,52
08/10/2022,ISO,NC,ASO,EN,Federal Contract Tower,0,4,8,11,23,0,0,17,4,21,0,4,25,15,44,40,24,64,108
08/11/2022,ISO,NC,ASO,EN,Federal Contract Tower,0,5,14,2,21,0,0,6,4,10,0,5,20,6,31,0,12,12,43
08/12/2022,ISO,NC,ASO,EN,Federal Contract Tower,0,3,4,4,11,0,0,0,0,0,0,3,4,4,11,0,0,0,11
08/13/2022,ISO,NC,ASO,EN,Federal Contract Tower,0,6,0,0,6,0,0,15,0,15,0,6,15,0,21,4,0,4,25
08/14/2022,ISO,NC,ASO,EN,Federal Contract Tower,0,3,3,0,6,0,0,14,0,14,0,3,17,0,20,0,0,0,20
08/15/2022,ISO,NC,ASO,EN,Federal Contract Tower,0,0,11,2,13,0,0,6,0,6,0,0,17,2,19,12,0,12,31
08/16/2022,ISO,NC,ASO,EN,Federal Contract Tower,0,6,12,16,34,0,0,5,6,11,0,6,17,22,45,8,42,50,95
08/17/2022,ISO,NC,ASO,EN,Federal Contract Tower,0,3,14,9,26,0,0,4,9,13,0,3,18,18,39,0,34,34,73
08/18/2022,ISO,NC,ASO,EN,Federal Contract Tower,0,9,4,19,32,0,2,23,17,42,0,11,27,36,74,10,110,120,194
08/19/2022,ISO,NC,ASO,EN,Federal Contract Tower,10,0,3,4,17,1,0,7,4,12,11,0,10,8,29,24,8,32,61
08/20/2022,ISO,NC,ASO,EN,Federal Contract Tower,0,4,14,0,18,0,0,7,0,7,0,4,21,0,25,8,0,8,33
08/21/2022,ISO,NC,ASO,EN,Federal Contract Tower,0,4,1,0,5,0,0,11,0,11,0,4,12,0,16,0,0,0,16
08/22/2022,ISO,NC,ASO,EN,Federal Contract Tower,0,6,9,8,23,0,0,2,11,13,0,6,11,19,36,0,18,18,54
08/23/2022,ISO,NC,ASO,EN,Federal Contract Tower,0,14,5,14,33,0,0,4,5,9,0,14,9,19,42,4,32,36,78
08/24/2022,ISO,NC,ASO,EN,Federal Contract Tower,0,8,3,5,16,0,3,26,8,37,0,11,29,13,53,46,12,58,111
08/25/2022,ISO,NC,ASO,EN,Federal Contract Tower,0,7,8,13,28,0,0,11,7,18,0,7,19,20,46,6,10,16,62
08/26/2022,ISO,NC,ASO,EN,Federal Contract Tower,0,8,9,14,31,0,0,13,8,21,0,8,22,22,52,40,56,96,148
08/27/2022,ISO,NC,ASO,EN,Federal Contract Tower,0,2,1,0,3,0,0,19,0,19,0,2,20,0,22,30,0,30,52
08/28/2022,ISO,NC,ASO,EN,Federal Contract Tower,0,3,2,0,5,0,0,10,0,10,0,3,12,0,15,22,0,22,37
08/29/2022,ISO,NC,ASO,EN,Federal Contract Tower,0,6,6,11,23,0,2,3,7,12,0,8,9,18,35,8,20,28,63
08/30/2022,ISO,NC,ASO,EN,Federal Contract Tower,0,3,8,17,28,0,0,6,11,17,0,3,14,28,45,6,76,82,127
08/31/2022,ISO,NC,ASO,EN,Federal Contract Tower,0,9,7,26,42,0,0,13,15,28,0,9,20,41,70,30,102,132,202
09/01/2022,ISO,NC,ASO,EN,Federal Contract Tower,0,10,18,9,37,0,4,24,9,37,0,14,42,18,74,13,30,43,117
09/02/2022,ISO,NC,ASO,EN,Federal Contract Tower,0,8,5,2,15,0,0,19,0,19,0,8,24,2,34,6,38,44,78
09/03/2022,ISO,NC,ASO,EN,Federal Contract Tower,0,4,5,4,13,0,2,7,0,9,0,6,12,4,22,0,0,0,22
09/04/2022,ISO,NC,ASO,EN,Federal Contract Tower,0,6,2,0,8,0,0,16,0,16,0,6,18,0,24,18,0,18,42
09/05/2022,ISO,NC,ASO,EN,Federal Contract Tower,0,6,0,0,6,0,0,7,0,7,0,6,7,0,13,8,0,8,21
09/06/2022,ISO,NC,ASO,EN,Federal Contract Tower,0,5,3,11,19,0,0,4,5,9,0,5,7,16,28,2,20,22,50
09/07/2022,ISO,NC,ASO,EN,Federal Contract Tower,0,6,2,14,22,0,0,1,6,7,0,6,3,20,29,8,66,74,103
09/08/2022,ISO,NC,ASO,EN,Federal Contract Tower,0,7,10,29,46,0,0,5,12,17,0,7,15,41,63,12,52,64,127
09/09/2022,ISO,NC,ASO,EN,Federal Contract Tower,0,1,3,12,16,0,0,13,11,24,0,1,16,23,40,24,22,46,86
09/10/2022,ISO,NC,ASO,EN,Federal Contract Tower,0,0,8,2,10,0,0,0,1,1,0,0,8,3,11,0,6,6,17
09/11/2022,ISO,NC,ASO,EN,Federal Contract Tower,0,5,2,3,10,0,0,3,1,4,0,5,5,4,14,4,0,4,18
09/12/2022,ISO,NC,ASO,EN,Federal Contract Tower,0,3,7,9,19,0,0,3,4,7,0,3,10,13,26,12,10,22,48
09/13/2022,ISO,NC,ASO,EN,Federal Contract Tower,0,3,9,15,27,0,1,18,8,27,0,4,27,23,54,26,46,72,126
09/14/2022,ISO,NC,ASO,EN,Federal Contract Tower,0,4,9,10,23,0,0,38,11,49,0,4,47,21,72,34,92,126,198
09/15/2022,ISO,NC,ASO,EN,Federal Contract Tower,0,5,12,12,29,0,0,32,4,36,0,5,44,16,65,18,14,32,97
09/16/2022,ISO,NC,ASO,EN,Federal Contract Tower,0,6,7,11,24,0,2,31,12,45,0,8,38,23,69,6,22,28,97
09/17/2022,ISO,NC,ASO,EN,Federal Contract Tower,0,5,2,0,7,0,0,28,0,28,0,5,30,0,35,38,12,50,85
09/18/2022,ISO,NC,ASO,EN,Federal Contract Tower,0,4,0,0,4,0,0,20,0,20,0,4,20,0,24,7,0,7,31
09/19/2022,ISO,NC,ASO,EN,Federal Contract Tower,0,4,8,10,22,0,0,16,13,29,0,4,24,23,51,26,0,26,77
09/20/2022,ISO,NC,ASO,EN,Federal Contract Tower,0,7,11,15,33,0,0,11,10,21,0,7,22,25,54,18,47,65,119
09/21/2022,ISO,NC,ASO,EN,Federal Contract Tower,0,9,7,17,33,0,2,15,10,27,0,11,22,27,60,24,58,82,142
09/22/2022,ISO,NC,ASO,EN,Federal Contract Tower,0,4,6,5,15,0,0,4,7,11,0,4,10,12,26,14,73,87,113
09/23/2022,ISO,NC,ASO,EN,Federal Contract Tower,0,3,6,8,17,0,2,13,11,26,0,5,19,19,43,36,72,108,151
09/24/2022,ISO,NC,ASO,EN,Federal Contract Tower,0,6,13,0,19,0,0,21,0,21,0,6,34,0,40,24,0,24,64
09/25/2022,ISO,NC,ASO,EN,Federal Contract Tower,0,1,3,0,4,0,19,13,0,32,0,20,16,0,36,20,0,20,56
09/26/2022,ISO,NC,ASO,EN,Federal Contract Tower,0,3,14,22,39,0,6,16,14,36,0,9,30,36,75,24,38,62,137
09/27/2022,ISO,NC,ASO,EN,Federal Contract Tower,0,5,8,19,32,0,0,14,17,31,0,5,22,36,63,30,64,94,157
09/28/2022,ISO,NC,ASO,EN,Federal Contract Tower,0,5,7,21,33,0,0,29,10,39,0,5,36,31,72,36,32,68,140
09/29/2022,ISO,NC,ASO,EN,Federal Contract Tower,0,9,2,15,26,0,2,0,1,3,0,11,2,16,29,0,4,4,33
09/30/2022,ISO,NC,ASO,EN,Federal Contract Tower,0,0,2,0,2,0,0,0,0,0,0,0,2,0,2,0,0,0,2
10/01/2022,ISO,NC,ASO,EN,Federal Contract Tower,0,3,2,0,5,0,0,5,0,5,0,3,7,0,10,4,0,4,14
10/02/2022,ISO,NC,ASO,EN,Federal Contract Tower,0,1,5,2,8,0,0,5,0,5,0,1,10,2,13,30,16,46,59
10/03/2022,ISO,NC,ASO,EN,Federal Contract Tower,0,2,11,4,17,0,0,0,0,0,0,2,11,4,17,0,0,0,17
10/04/2022,ISO,NC,ASO,EN,Federal Contract Tower,0,3,14,28,45,0,0,9,2,11,0,3,23,30,56,0,12,12,68
10/05/2022,ISO,NC,ASO,EN,Federal Contract Tower,0,2,3,9,14,0,0,20,8,28,0,2,23,17,42,26,34,60,102
10/06/2022,ISO,NC,ASO,EN,Federal Contract Tower,0,3,1,18,22,0,0,21,6,27,0,3,22,24,49,32,52,84,133
10/07/2022,ISO,NC,ASO,EN,Federal Contract Tower,0,2,16,9,27,0,0,28,0,28,0,2,44,9,55,50,35,85,140
10/08/2022,ISO,NC,ASO,EN,Federal Contract Tower,0,2,0,1,3,0,0,22,1,23,0,2,22,2,26,12,8,20,46
10/09/2022,ISO,NC,ASO,EN,Federal Contract Tower,0,3,1,0,4,0,0,8,0,8,0,3,9,0,12,10,0,10,22
10/10/2022,ISO,NC,ASO,EN,Federal Contract Tower,0,1,10,0,11,0,0,8,0,8,0,1,18,0,19,30,0,30,49
10/11/2022,ISO,NC,ASO,EN,Federal Contract Tower,0,5,9,6,20,0,0,7,3,10,0,5,16,9,30,24,40,64,94
10/12/2022,ISO,NC,ASO,EN,Federal Contract Tower,0,6,11,19,36,0,0,15,15,30,0,6,26,34,66,24,60,84,150
10/13/2022,ISO,NC,ASO,EN,Federal Contract Tower,0,5,2,7,14,0,0,0,8,8,0,5,2,15,22,0,20,20,42
10/14/2022,ISO,NC,ASO,EN,Federal Contract Tower,0,4,12,17,33,0,2,4,11,17,0,6,16,28,50,6,22,28,78
10/15/2022,ISO,NC,ASO,EN,Federal Contract Tower,0,4,2,6,12,0,3,6,2,11,0,7,8,8,23,62,32,94,117
10/16/2022,ISO,NC,ASO,EN,Federal Contract Tower,0,11,3,0,14,0,0,11,4,15,0,11,14,4,29,12,52,64,93
10/17/2022,ISO,NC,ASO,EN,Federal Contract Tower,0,6,4,7,17,0,0,0,5,5,0,6,4,12,22,0,44,44,66
10/18/2022,ISO,NC,ASO,EN,Federal Contract Tower,0,3,7,5,15,0,0,11,6,17,0,3,18,11,32,14,46,60,92
10/19/2022,ISO,NC,ASO,EN,Federal Contract Tower,0,5,8,10,23,0,0,17,5,22,0,5,25,15,45,14,34,48,93
10/20/2022,ISO,NC,ASO,EN,Federal Contract Tower,0,8,8,16,32,0,0,15,8,23,0,8,23,24,55,6,36,42,97
10/21/2022,ISO,NC,ASO,EN,Federal Contract Tower,0,2,0,10,12,0,0,15,7,22,0,2,15,17,34,16,92,108,142
10/22/2022,ISO,NC,ASO,EN,Federal Contract Tower,0,3,4,0,7,0,2,11,0,13,0,5,15,0,20,38,0,38,58
10/23/2022,ISO,NC,ASO,EN,Federal Contract Tower,0,0,1,0,1,0,0,4,0,4,0,0,5,0,5,0,0,0,5
10/24/2022,ISO,NC,ASO,EN,Federal Contract Tower,0,5,4,17,26,0,0,10,4,14,0,5,14,21,40,8,48,56,96
10/25/2022,ISO,NC,ASO,EN,Federal Contract Tower,0,3,7,20,30,0,0,2,1,3,0,3,9,21,33,0,4,4,37
10/26/2022,ISO,NC,ASO,EN,Federal Contract Tower,0,5,10,24,39,0,0,0,9,9,0,5,10,33,48,0,56,56,104
10/27/2022,ISO,NC,ASO,EN,Federal Contract Tower,0,4,10,15,29,0,12,7,0,19,0,16,17,15,48,20,38,58,106
10/28/2022,ISO,NC,ASO,EN,Federal Contract Tower,0,4,5,7,16,0,0,15,2,17,0,4,20,9,33,4,62,66,99
10/29/2022,ISO,NC,ASO,EN,Federal Contract Tower,0,5,7,0,12,0,0,1,0,1,0,5,8,0,13,0,0,0,13
10/30/2022,ISO,NC,ASO,EN,Federal Contract Tower,0,4,1,0,5,0,0,10,0,10,0,4,11,0,15,10,0,10,25
10/31/2022,ISO,NC,ASO,EN,Federal Contract Tower,0,5,13,13,31,0,0,13,9,22,0,5,26,22,53,22,22,44,97
11/01/2022,ISO,NC,ASO,EN,Federal Contract Tower,0,4,10,22,36,0,0,9,1,10,0,4,19,23,46,14,2,16,62
11/02/2022,ISO,NC,ASO,EN,Federal Contract Tower,0,4,8,18,30,0,0,32,5,37,0,4,40,23,67,42,54,96,163
11/03/2022,ISO,NC,ASO,EN,Federal Contract Tower,0,1,10,18,29,0,0,6,8,14,0,1,16,26,43,6,2,8,51
11/04/2022,ISO,NC,ASO,EN,Federal Contract Tower,0,4,5,4,13,0,0,2,6,8,0,4,7,10,21,0,2,2,23
11/05/2022,ISO,NC,ASO,EN,Federal Contract Tower,0,3,5,0,8,0,0,13,0,13,0,3,18,0,21,12,0,12,33
11/06/2022,ISO,NC,ASO,EN,Federal Contract Tower,0,2,0,2,4,0,0,3,2,5,0,2,3,4,9,0,8,8,17
11/07/2022,ISO,NC,ASO,EN,Federal Contract Tower,0,3,11,9,23,0,0,25,15,40,0,3,36,24,63,16,56,72,135
11/08/2022,ISO,NC,ASO,EN,Federal Contract Tower,0,3,7,16,26,0,0,5,10,15,0,3,12,26,41,0,38,38,79
11/09/2022,ISO,NC,ASO,EN,Federal Contract Tower,0,7,19,12,38,0,0,5,4,9,0,7,24,16,47,0,46,46,93
11/10/2022,ISO,NC,ASO,EN,Federal Contract Tower,0,3,7,7,17,0,0,0,4,4,0,3,7,11,21,0,10,10,31
11/11/2022,ISO,NC,ASO,EN,Federal Contract Tower,0,6,3,0,9,0,0,0,0,0,0,6,3,0,9,0,0,0,9
11/12/2022,ISO,NC,ASO,EN,Federal Contract Tower,0,0,6,0,6,0,0,2,0,2,0,0,8,0,8,0,0,0,8
11/13/2022,ISO,NC,ASO,EN,Federal Contract Tower,0,3,2,1,6,0,0,2,0,2,0,3,4,1,8,2,0,2,10
11/14/2022,ISO,NC,ASO,EN,Federal Contract Tower,0,1,14,9,24,0,0,10,5,15,0,1,24,14,39,24,0,24,63
11/15/2022,ISO,NC,ASO,EN,Federal Contract Tower,0,2,5,30,37,0,0,4,21,25,0,2,9,51,62,4,70,74,136
11/16/2022,ISO,NC,ASO,EN,Federal Contract Tower,0,8,11,6,25,0,0,16,3,19,0,8,27,9,44,2,46,48,92
11/17/2022,ISO,NC,ASO,EN,Federal Contract Tower,0,4,8,14,26,0,0,20,19,39,0,4,28,33,65,14,56,70,135
11/18/2022,ISO,NC,ASO,EN,Federal Contract Tower,0,3,6,6,15,0,0,26,9,35,0,3,32,15,50,46,34,80,130
11/19/2022,ISO,NC,ASO,EN,Federal Contract Tower,0,2,6,2,10,0,0,24,2,26,0,2,30,4,36,18,0,18,54
11/20/2022,ISO,NC,ASO,EN,Federal Contract Tower,0,1,5,0,6,0,0,9,0,9,0,1,14,0,15,0,0,0,15
11/21/2022,ISO,NC,ASO,EN,Federal Contract Tower,0,2,6,5,13,0,0,9,13,22,0,2,15,18,35,28,54,82,117
11/22/2022,ISO,NC,ASO,EN,Federal Contract Tower,0,10,5,11,26,0,0,21,4,25,0,10,26,15,51,50,58,108,159
11/23/2022,ISO,NC,ASO,EN,Federal Contract Tower,0,3,0,2,5,0,0,14,2,16,0,3,14,4,21,20,46,66,87
11/24/2022,ISO,NC,ASO,EN,Federal Contract Tower,0,3,1,0,4,0,0,6,0,6,0,3,7,0,10,0,0,0,10
11/25/2022,ISO,NC,ASO,EN,Federal Contract Tower,0,0,0,0,0,0,0,4,0,4,0,0,4,0,4,16,0,16,20
11/26/2022,ISO,NC,ASO,EN,Federal Contract Tower,0,4,4,0,8,0,0,11,0,11,0,4,15,0,19,18,0,18,37
11/27/2022,ISO,NC,ASO,EN,Federal Contract Tower,0,10,1,0,11,0,0,0,0,0,0,10,1,0,11,0,0,0,11
11/28/2022,ISO,NC,ASO,EN,Federal Contract Tower,0,5,8,18,31,0,0,10,15,25,0,5,18,33,56,22,60,82,138
11/29/2022,ISO,NC,ASO,EN,Federal Contract Tower,0,7,4,30,41,0,0,8,19,27,0,7,12,49,68,0,52,52,120
11/30/2022,ISO,NC,ASO,EN,Federal Contract Tower,0,6,7,4,17,0,0,0,7,7,0,6,7,11,24,0,6,6,30
12/01/2022,ISO,NC,ASO,EN,Federal Contract Tower,1,3,11,13,28,0,4,11,12,27,1,7,22,25,55,10,44,54,109
12/02/2022,ISO,NC,ASO,EN,Federal Contract Tower,0,2,10,7,19,0,0,6,9,15,0,2,16,16,34,12,40,52,86
12/03/2022,ISO,NC,ASO,EN,Federal Contract Tower,0,4,6,0,10,0,0,0,0,0,0,4,6,0,10,14,0,14,24
12/04/2022,ISO,NC,ASO,EN,Federal Contract Tower,0,5,0,0,5,0,0,12,0,12,0,5,12,0,17,14,0,14,31
12/05/2022,ISO,NC,ASO,EN,Federal Contract Tower,0,5,8,11,24,0,0,23,3,26,0,5,31,14,50,34,10,44,94
12/06/2022,ISO,NC,ASO,EN,Federal Contract Tower,0,4,10,11,25,0,0,9,17,26,0,4,19,28,51,10,80,90,141
12/07/2022,ISO,NC,ASO,EN,Federal Contract Tower,0,1,8,14,23,0,1,6,57,64,0,2,14,71,87,0,20,20,107
12/08/2022,ISO,NC,ASO,EN,Federal Contract Tower,0,13,10,34,57,0,2,1,40,43,0,15,11,74,100,0,26,26,126
12/09/2022,ISO,NC,ASO,EN,Federal Contract Tower,0,5,1,22,28,0,0,6,12,18,0,5,7,34,46,26,56,82,128
12/10/2022,ISO,NC,ASO,EN,Federal Contract Tower,0,6,8,0,14,0,10,11,0,21,0,16,19,0,35,20,0,20,55
12/11/2022,ISO,NC,ASO,EN,Federal Contract Tower,0,6,1,0,7,0,1,12,0,13,0,7,13,0,20,44,0,44,64
12/12/2022,ISO,NC,ASO,EN,Federal Contract Tower,0,6,8,21,35,0,0,11,8,19,0,6,19,29,54,18,104,122,176
12/13/2022,ISO,NC,ASO,EN,Federal Contract Tower,0,9,8,13,30,0,0,22,22,44,0,9,30,35,74,58,56,114,188
12/14/2022,ISO,NC,ASO,EN,Federal Contract Tower,0,8,8,31,47,0,0,8,9,17,0,8,16,40,64,4,48,52,116
12/15/2022,ISO,NC,ASO,EN,Federal Contract Tower,0,4,0,0,4,0,0,0,0,0,0,4,0,0,4,0,0,0,4
12/16/2022,ISO,NC,ASO,EN,Federal Contract Tower,0,6,2,3,11,0,0,9,1,10,0,6,11,4,21,20,16,36,57
12/17/2022,ISO,NC,ASO,EN,Federal Contract Tower,0,8,4,2,14,0,0,20,2,22,0,8,24,4,36,20,14,34,70
12/18/2022,ISO,NC,ASO,EN,Federal Contract Tower,0,9,0,0,9,0,0,8,0,8,0,9,8,0,17,2,0,2,19
12/19/2022,ISO,NC,ASO,EN,Federal Contract Tower,0,7,1,14,22,0,0,5,4,9,0,7,6,18,31,28,10,38,69
12/20/2022,ISO,NC,ASO,EN,Federal Contract Tower,0,6,3,12,21,0,2,14,6,22,0,8,17,18,43,19,52,71,114
12/21/2022,ISO,NC,ASO,EN,Federal Contract Tower,0,9,4,17,30,0,3,14,2,19,0,12,18,19,49,0,14,14,63
12/22/2022,ISO,NC,ASO,EN,Federal Contract Tower,0,5,1,0,6,0,0,0,0,0,0,5,1,0,6,0,0,0,6
12/23/2022,ISO,NC,ASO,EN,Federal Contract Tower,2,5,1,0,8,0,0,0,0,0,2,5,1,0,8,0,0,0,8
12/24/2022,ISO,NC,ASO,EN,Federal Contract Tower,0,4,0,0,4,0,0,0,0,0,0,4,0,0,4,2,0,2,6
12/25/2022,ISO,NC,ASO,EN,Federal Contract Tower,0,3,2,0,5,0,1,2,0,3,0,4,4,0,8,0,0,0,8
12/26/2022,ISO,NC,ASO,EN,Federal Contract Tower,0,11,4,0,15,0,0,5,0,5,0,11,9,0,20,14,0,14,34
12/27/2022,ISO,NC,ASO,EN,Federal Contract Tower,0,5,8,3,16,0,0,6,3,9,0,5,14,6,25,18,4,22,47
12/28/2022,ISO,NC,ASO,EN,Federal Contract Tower,0,8,9,17,34,0,0,17,6,23,0,8,26,23,57,22,62,84,141
12/29/2022,ISO,NC,ASO,EN,Federal Contract Tower,0,3,0,13,16,0,4,21,6,31,0,7,21,19,47,8,52,60,107
12/30/2022,ISO,NC,ASO,EN,Federal Contract Tower,0,5,7,0,12,0,1,10,4,15,0,6,17,4,27,6,24,30,57
12/31/2022,ISO,NC,ASO,EN,Federal Contract Tower,0,4,0,0,4,0,1,0,0,1,0,5,0,0,5,0,0,0,5
01/01/2023,ISO,NC,ASO,EN,Federal Contract Tower,0,5,2,0,7,0,0,0,0,0,0,5,2,0,7,8,0,8,15
01/02/2023,ISO,NC,ASO,EN,Federal Contract Tower,0,10,3,0,13,0,1,4,0,5,0,11,7,0,18,6,0,6,24
01/03/2023,ISO,NC,ASO,EN,Federal Contract Tower,0,4,5,12,21,0,0,19,4,23,0,4,24,16,44,60,20,80,124
01/04/2023,ISO,NC,ASO,EN,Federal Contract Tower,0,6,3,18,27,0,0,4,2,6,0,6,7,20,33,0,24,24,57
01/05/2023,ISO,NC,ASO,EN,Federal Contract Tower,0,5,7,29,41,0,3,29,7,39,0,8,36,36,80,42,72,114,194
01/06/2023,ISO,NC,ASO,EN,Federal Contract Tower,0,14,3,10,27,0,2,22,11,35,0,16,25,21,62,4,52,56,118
01/07/2023,ISO,NC,ASO,EN,Federal Contract Tower,0,6,3,2,11,0,1,18,0,19,0,7,21,2,30,24,0,24,54
01/08/2023,ISO,NC,ASO,EN,Federal Contract Tower,0,3,2,0,5,0,0,1,0,1,0,3,3,0,6,0,0,0,6
01/09/2023,ISO,NC,ASO,EN,Federal Contract Tower,0,4,3,5,12,0,0,5,36,41,0,4,8,41,53,2,62,64,117
01/10/2023,ISO,NC,ASO,EN,Federal Contract Tower,0,7,4,24,35,0,0,11,18,29,0,7,15,42,64,20,90,110,174
01/11/2023,ISO,NC,ASO,EN,Federal Contract Tower,0,5,17,13,35,0,0,23,12,35,0,5,40,25,70,23,60,83,153
01/12/2023,ISO,NC,ASO,EN,Federal Contract Tower,0,5,9,25,39,0,0,3,6,9,0,5,12,31,48,4,118,122,170
01/13/2023,ISO,NC,ASO,EN,Federal Contract Tower,0,9,5,3,17,0,0,4,6,10,0,9,9,9,27,6,0,6,33
01/14/2023,ISO,NC,ASO,EN,Federal Contract Tower,0,6,2,0,8,0,0,11,0,11,0,6,13,0,19,20,0,20,39
01/15/2023,ISO,NC,ASO,EN,Federal Contract Tower,0,8,2,0,10,0,0,20,0,20,0,8,22,0,30,24,0,24,54
01/16/2023,ISO,NC,ASO,EN,Federal Contract Tower,0,10,4,0,14,0,0,16,0,16,0,10,20,0,30,68,0,68,98
01/17/2023,ISO,NC,ASO,EN,Federal Contract Tower,0,5,10,2,17,0,0,4,4,8,0,5,14,6,25,0,2,2,27
01/18/2023,ISO,NC,ASO,EN,Federal Contract Tower,0,10,10,31,51,0,6,25,14,45,0,16,35,45,96,20,88,108,204
01/19/2023,ISO,NC,ASO,EN,Federal Contract Tower,0,16,6,21,43,0,6,6,6,18,0,22,12,27,61,0,108,108,169
01/20/2023,ISO,NC,ASO,EN,Federal Contract Tower,0,16,6,14,36,0,0,14,8,22,0,16,20,22,58,82,40,122,180
01/21/2023,ISO,NC,ASO,EN,Federal Contract Tower,0,9,6,2,17,0,2,45,2,49,0,11,51,4,66,26,28,54,120
01/22/2023,ISO,NC,ASO,EN,Federal Contract Tower,1,6,1,0,8,0,0,0,0,0,1,6,1,0,8,0,0,0,8
01/23/2023,ISO,NC,ASO,EN,Federal Contract Tower,0,9,3,8,20,0,0,2,8,10,0,9,5,16,30,4,24,28,58
01/24/2023,ISO,NC,ASO,EN,Federal Contract Tower,0,5,10,11,26,0,2,26,7,35,0,7,36,18,61,36,64,100,161
01/25/2023,ISO,NC,ASO,EN,Federal Contract Tower,0,4,3,4,11,0,0,0,7,7,0,4,3,11,18,0,28,28,46
01/26/2023,ISO,NC,ASO,EN,Federal Contract Tower,0,6,9,6,21,0,0,25,6,31,0,6,34,12,52,38,52,90,142
01/27/2023,ISO,NC,ASO,EN,Federal Contract Tower,0,13,10,12,35,0,0,24,8,32,0,13,34,20,67,54,40,94,161
01/28/2023,ISO,NC,ASO,EN,Federal Contract Tower,0,3,6,0,9,0,0,28,0,28,0,3,34,0,37,32,0,32,69
01/29/2023,ISO,NC,ASO,EN,Federal Contract Tower,0,10,1,0,11,0,0,10,0,10,0,10,11,0,21,20,0,20,41
01/30/2023,ISO,NC,ASO,EN,Federal Contract Tower,0,6,6,7,19,0,0,0,0,0,0,6,6,7,19,0,0,0,19
01/31/2023,ISO,NC,ASO,EN,Federal Contract Tower,0,8,3,9,20,0,0,0,0,0,0,8,3,9,20,0,0,0,20
02/01/2023,ISO,NC,ASO,EN,Federal Contract Tower,0,13,2,7,22,0,1,0,0,1,0,14,2,7,23,0,0,0,23
02/02/2023,ISO,NC,ASO,EN,Federal Contract Tower,0,6,1,8,15,0,0,0,0,0,0,6,1,8,15,0,0,0,15
02/03/2023,ISO,NC,ASO,EN,Federal Contract Tower,0,6,13,5,24,0,0,13,10,23,0,6,26,15,47,56,16,72,119
02/04/2023,ISO,NC,ASO,EN,Federal Contract Tower,0,4,13,2,19,0,0,36,1,37,0,4,49,3,56,30,12,42,98
02/05/2023,ISO,NC,ASO,EN,Federal Contract Tower,0,3,5,4,12,0,0,0,2,2,0,3,5,6,14,0,6,6,20
02/06/2023,ISO,NC,ASO,EN,Federal Contract Tower,0,13,5,11,29,0,0,12,5,17,0,13,17,16,46,24,30,54,100
02/07/2023,ISO,NC,ASO,EN,Federal Contract Tower,0,9,3,14,26,0,0,22,10,32,0,9,25,24,58,50,18,68,126
02/08/2023,ISO,NC,ASO,EN,Federal Contract Tower,0,12,8,11,31,0,0,23,8,31,0,12,31,19,62,20,40,60,122
02/09/2023,ISO,NC,ASO,EN,Federal Contract Tower,0,8,5,15,28,0,8,9,12,29,0,16,14,27,57,34,50,84,141
02/10/2023,ISO,NC,ASO,EN,Federal Contract Tower,0,17,4,13,34,0,0,3,8,11,0,17,7,21,45,0,32,32,77
02/11/2023,ISO,NC,ASO,EN,Federal Contract Tower,0,9,5,2,16,0,0,6,2,8,0,9,11,4,24,0,0,0,24
02/12/2023,ISO,NC,ASO,EN,Federal Contract Tower,0,3,0,0,3,0,0,0,0,0,0,3,0,0,3,0,0,0,3
02/13/2023,ISO,NC,ASO,EN,Federal Contract Tower,0,8,12,6,26,0,0,20,4,24,0,8,32,10,50,52,18,70,120
02/14/2023,ISO,NC,ASO,EN,Federal Contract Tower,0,8,17,26,51,0,0,19,15,34,0,8,36,41,85,43,98,141,226
02/15/2023,ISO,NC,ASO,EN,Federal Contract Tower,0,14,16,44,74,0,0,23,10,33,0,14,39,54,107,20,118,138,245
02/16/2023,ISO,NC,ASO,EN,Federal Contract Tower,0,6,19,14,39,0,0,20,9,29,0,6,39,23,68,44,104,148,216
02/17/2023,ISO,NC,ASO,EN,Federal Contract Tower,0,7,7,3,17,0,0,1,1,2,0,7,8,4,19,0,0,0,19
02/18/2023,ISO,NC,ASO,EN,Federal Contract Tower,0,12,16,0,28,0,0,18,0,18,0,12,34,0,46,50,0,50,96
02/19/2023,ISO,NC,ASO,EN,Federal Contract Tower,0,10,7,0,17,0,2,13,0,15,0,12,20,0,32,2,0,2,34
02/20/2023,ISO,NC,ASO,EN,Federal Contract Tower,0,17,6,0,23,0,0,22,0,22,0,17,28,0,45,60,0,60,105
02/21/2023,ISO,NC,ASO,EN,Federal Contract Tower,0,11,12,18,41,0,0,10,6,16,0,11,22,24,57,36,28,64,121
02/22/2023,ISO,NC,ASO,EN,Federal Contract Tower,0,7,14,20,41,0,0,10,13,23,0,7,24,33,64,2,42,44,108
02/23/2023,ISO,NC,ASO,EN,Federal Contract Tower,0,13,7,11,31,0,0,1,4,5,0,13,8,15,36,2,28,30,66
02/24/2023,ISO,NC,ASO,EN,Federal Contract Tower,0,10,7,16,33,0,0,11,2,13,0,10,18,18,46,48,22,70,116
02/25/2023,ISO,NC,ASO,EN,Federal Contract Tower,0,11,9,0,20,0,0,0,0,0,0,11,9,0,20,0,0,0,20
02/26/2023,ISO,NC,ASO,EN,Federal Contract Tower,0,9,8,3,20,0,0,1,0,1,0,9,9,3,21,0,0,0,21
02/27/2023,ISO,NC,ASO,EN,Federal Contract Tower,0,8,2,15,25,0,0,10,7,17,0,8,12,22,42,6,30,36,78
02/28/2023,ISO,NC,ASO,EN,Federal Contract Tower,0,19,9,12,40,0,0,11,12,23,0,19,20,24,63,50,42,92,155
03/01/2023,ISO,NC,ASO,EN,Federal Contract Tower,0,9,1,10,20,0,2,11,13,26,0,11,12,23,46,8,52,60,106
03/02/2023,ISO,NC,ASO,EN,Federal Contract Tower,0,4,13,20,37,0,0,11,7,18,0,4,24,27,55,4,14,18,73
03/03/2023,ISO,NC,ASO,EN,Federal Contract Tower,0,11,6,6,23,0,0,3,9,12,0,11,9,15,35,0,10,10,45
03/04/2023,ISO,NC,ASO,EN,Federal Contract Tower,0,19,1,0,20,0,1,5,0,6,0,20,6,0,26,18,0,18,44
03/05/2023,ISO,NC,ASO,EN,Federal Contract Tower,0,4,10,0,14,0,0,15,0,15,0,4,25,0,29,32,0,32,61
03/06/2023,ISO,NC,ASO,EN,Federal Contract Tower,0,5,5,14,24,0,0,8,5,13,0,5,13,19,37,42,36,78,115
03/07/2023,ISO,NC,ASO,EN,Federal Contract Tower,0,2,5,32,39,0,0,6,7,13,0,2,11,39,52,6,32,38,90
03/08/2023,ISO,NC,ASO,EN,Federal Contract Tower,0,6,11,12,29,0,0,9,6,15,0,6,20,18,44,22,34,56,100
03/09/2023,ISO,NC,ASO,EN,Federal Contract Tower,0,7,3,8,18,0,0,35,7,42,0,7,38,15,60,44,60,104,164
03/10/2023,ISO,NC,ASO,EN,Federal Contract Tower,0,4,14,12,30,0,0,0,0,0,0,4,14,12,30,0,20,20,50
03/11/2023,ISO,NC,ASO,EN,Federal Contract Tower,0,6,4,0,10,0,0,7,0,7,0,6,11,0,17,8,0,8,25
03/12/2023,ISO,NC,ASO,EN,Federal Contract Tower,0,3,1,0,4,0,0,2,0,2,0,3,3,0,6,6,0,6,12
03/13/2023,ISO,NC,ASO,EN,Federal Contract Tower,0,7,1,26,34,0,0,2,2,4,0,7,3,28,38,4,8,12,50
03/14/2023,ISO,NC,ASO,EN,Federal Contract Tower,0,8,4,10,22,0,0,7,8,15,0,8,11,18,37,2,32,34,71
03/15/2023,ISO,NC,ASO,EN,Federal Contract Tower,0,7,1,6,14,0,0,6,5,11,0,7,7,11,25,3,0,3,28
03/16/2023,ISO,NC,ASO,EN,Federal Contract Tower,0,6,14,4,24,0,1,41,8,50,0,7,55,12,74,42,30,72,146
03/17/2023,ISO,NC,ASO,EN,Federal Contract Tower,0,6,6,29,41,0,2,6,19,27,0,8,12,48,68,2,96,98,166
03/18/2023,ISO,NC,ASO,EN,Federal Contract Tower,0,8,2,6,16,0,0,6,0,6,0,8,8,6,22,18,0,18,40
03/19/2023,ISO,NC,ASO,EN,Federal Contract Tower,0,11,2,0,13,0,2,17,0,19,0,13,19,0,32,26,0,26,58
03/20/2023,ISO,NC,ASO,EN,Federal Contract Tower,0,6,11,14,31,0,0,20,3,23,0,6,31,17,54,39,80,119,173
03/21/2023,ISO,NC,ASO,EN,Federal Contract Tower,0,8,6,34,48,0,0,14,15,29,0,8,20,49,77,28,86,114,191
03/22/2023,ISO,NC,ASO,EN,Federal Contract Tower,0,3,2,44,49,0,1,16,10,27,0,4,18,54,76,20,98,118,194
03/23/2023,ISO,NC,ASO,EN,Federal Contract Tower,0,4,1,4,9,0,0,11,4,15,0,4,12,8,24,6,8,14,38
03/24/2023,ISO,NC,ASO,EN,Federal Contract Tower,0,11,10,8,29,0,3,11,1,15,0,14,21,9,44,16,14,30,74
03/25/2023,ISO,NC,ASO,EN,Federal Contract Tower,0,4,5,0,9,0,0,0,0,0,0,4,5,0,9,0,0,0,9
03/26/2023,ISO,NC,ASO,EN,Federal Contract Tower,0,3,8,6,17,0,0,0,0,0,0,3,8,6,17,42,0,42,59
03/27/2023,ISO,NC,ASO,EN,Federal Contract Tower,0,3,20,3,26,0,0,8,3,11,0,3,28,6,37,8,12,20,57
03/28/2023,ISO,NC,ASO,EN,Federal Contract Tower,0,6,11,34,51,0,0,29,1,30,0,6,40,35,81,58,28,86,167
03/29/2023,ISO,NC,ASO,EN,Federal Contract Tower,0,10,13,2,25,0,2,13,2,17,0,12,26,4,42,26,0,26,68
03/30/2023,ISO,NC,ASO,EN,Federal Contract Tower,0,14,15,3,32,0,6,22,6,34,0,20,37,9,66,14,6,20,86
03/31/2023,ISO,NC,ASO,EN,Federal Contract Tower,0,6,6,2,14,0,0,10,2,12,0,6,16,4,26,0,12,12,38
04/01/2023,ISO,NC,ASO,EN,Federal Contract Tower,0,4,6,0,10,0,0,0,0,0,0,4,6,0,10,0,0,0,10
04/02/2023,ISO,NC,ASO,EN,Federal Contract Tower,0,8,6,0,14,0,0,21,0,21,0,8,27,0,35,14,0,14,49
04/03/2023,ISO,NC,ASO,EN,Federal Contract Tower,0,3,9,13,25,0,0,12,9,21,0,3,21,22,46,10,44,54,100
04/04/2023,ISO,NC,ASO,EN,Federal Contract Tower,0,4,6,29,39,0,0,10,11,21,0,4,16,40,60,0,18,18,78
04/05/2023,ISO,NC,ASO,EN,Federal Contract Tower,0,8,4,14,26,0,1,10,11,22,0,9,14,25,48,8,24,32,80
04/06/2023,ISO,NC,ASO,EN,Federal Contract Tower,0,7,8,2,17,0,0,19,4,23,0,7,27,6,40,16,6,22,62
04/07/2023,ISO,NC,ASO,EN,Federal Contract Tower,0,12,8,6,26,0,0,0,0,0,0,12,8,6,26,0,0,0,26
04/08/2023,ISO,NC,ASO,EN,Federal Contract Tower,0,3,1,0,4,0,0,0,0,0,0,3,1,0,4,0,0,0,4
04/09/2023,ISO,NC,ASO,EN,Federal Contract Tower,0,13,3,0,16,0,0,4,0,4,0,13,7,0,20,6,0,6,26
04/10/2023,ISO,NC,ASO,EN,Federal Contract Tower,0,4,5,6,15,0,2,18,2,22,0,6,23,8,37,44,28,72,109
04/11/2023,ISO,NC,ASO,EN,Federal Contract Tower,0,5,8,32,45,0,2,22,5,29,0,7,30,37,74,42,14,56,130
04/12/2023,ISO,NC,ASO,EN,Federal Contract Tower,0,11,7,8,26,0,2,26,13,41,0,13,33,21,67,14,50,64,131
04/13/2023,ISO,NC,ASO,EN,Federal Contract Tower,0,5,12,8,25,0,0,21,9,30,0,5,33,17,55,34,18,52,107
04/14/2023,ISO,NC,ASO,EN,Federal Contract Tower,0,2,3,2,7,0,0,3,0,3,0,2,6,2,10,0,0,0,10
04/15/2023,ISO,NC,ASO,EN,Federal Contract Tower,0,8,8,0,16,0,0,36,0,36,0,8,44,0,52,34,0,34,86
04/16/2023,ISO,NC,ASO,EN,Federal Contract Tower,0,3,5,0,8,0,0,18,0,18,0,3,23,0,26,0,0,0,26
04/17/2023,ISO,NC,ASO,EN,Federal Contract Tower,0,9,10,21,40,0,2,17,13,32,0,11,27,34,72,18,40,58,130
04/18/2023,ISO,NC,ASO,EN,Federal Contract Tower,0,12,18,13,43,0,2,12,18,32,0,14,30,31,75,44,72,116,191
04/19/2023,ISO,NC,ASO,EN,Federal Contract Tower,0,3,6,8,17,0,0,31,5,36,0,3,37,13,53,18,10,28,81
04/20/2023,ISO,NC,ASO,EN,Federal Contract Tower,0,4,6,25,35,0,2,34,6,42,0,6,40,31,77,30,66,96,173
04/21/2023,ISO,NC,ASO,EN,Federal Contract Tower,0,5,4,5,14,0,0,20,2,22,0,5,24,7,36,10,16,26,62
04/22/2023,ISO,NC,ASO,EN,Federal Contract Tower,0,2,0,0,2,0,2,0,0,2,0,4,0,0,4,0,0,0,4
04/23/2023,ISO,NC,ASO,EN,Federal Contract Tower,0,6,2,0,8,0,0,22,0,22,0,6,24,0,30,12,0,12,42
04/24/2023,ISO,NC,ASO,EN,Federal Contract Tower,0,3,7,8,18,0,0,8,8,16,0,3,15,16,34,25,38,63,97
04/25/2023,ISO,NC,ASO,EN,Federal Contract Tower,0,0,9,5,14,0,0,44,5,49,0,0,53,10,63,40,54,94,157
04/26/2023,ISO,NC,ASO,EN,Federal Contract Tower,0,5,8,16,29,0,0,19,6,25,0,5,27,22,54,18,4,22,76
04/27/2023,ISO,NC,ASO,EN,Federal Contract Tower,0,4,15,37,56,0,3,4,2,9,0,7,19,39,65,0,30,30,95
04/28/2023,ISO,NC,ASO,EN,Federal Contract Tower,0,11,4,4,19,0,0,2,2,4,0,11,6,6,23,6,2,8,31
04/29/2023,ISO,NC,ASO,EN,Federal Contract Tower,0,5,4,0,9,0,0,18,0,18,0,5,22,0,27,24,0,24,51
04/30/2023,ISO,NC,ASO,EN,Federal Contract Tower,0,6,3,1,10,0,0,2,0,2,0,6,5,1,12,0,0,0,12
05/01/2023,ISO,NC,ASO,EN,Federal Contract Tower,0,4,3,4,11,0,0,20,6,26,0,4,23,10,37,28,34,62,99
05/02/2023,ISO,NC,ASO,EN,Federal Contract Tower,0,1,7,16,24,0,0,10,9,19,0,1,17,25,43,12,22,34,77
05/03/2023,ISO,NC,ASO,EN,Federal Contract Tower,0,6,2,11,19,0,2,8,6,16,0,8,10,17,35,10,0,10,45
05/04/2023,ISO,NC,ASO,EN,Federal Contract Tower,1,4,20,16,41,0,2,34,6,42,1,6,54,22,83,30,50,80,163
05/05/2023,ISO,NC,ASO,EN,Federal Contract Tower,1,5,11,9,26,0,0,27,4,31,1,5,38,13,57,38,28,66,123
05/06/2023,ISO,NC,ASO,EN,Federal Contract Tower,0,5,5,8,18,0,1,21,0,22,0,6,26,8,40,40,0,40,80
05/07/2023,ISO,NC,ASO,EN,Federal Contract Tower,0,4,4,0,8,0,2,21,0,23,0,6,25,0,31,20,0,20,51
05/08/2023,ISO,NC,ASO,EN,Federal Contract Tower,0,3,4,13,20,0,0,17,8,25,0,3,21,21,45,26,30,56,101
05/09/2023,ISO,NC,ASO,EN,Federal Contract Tower,0,1,7,23,31,0,0,10,12,22,0,1,17,35,53,52,12,64,117
05/10/2023,ISO,NC,ASO,EN,Federal Contract Tower,0,2,11,33,46,0,1,29,30,60,0,3,40,63,106,24,88,112,218
05/11/2023,ISO,NC,ASO,EN,Federal Contract Tower,0,9,9,14,32,0,1,27,7,35,0,10,36,21,67,6,16,22,89
05/12/2023,ISO,NC,ASO,EN,Federal Contract Tower,0,5,10,12,27,0,6,44,9,59,0,11,54,21,86,28,14,42,128
05/13/2023,ISO,NC,ASO,EN,Federal Contract Tower,0,5,4,0,9,0,1,23,0,24,0,6,27,0,33,54,0,54,87
05/14/2023,ISO,NC,ASO,EN,Federal Contract Tower,0,3,7,0,10,0,0,8,0,8,0,3,15,0,18,2,0,2,20
05/15/2023,ISO,NC,ASO,EN,Federal Contract Tower,0,2,5,8,15,0,2,34,5,41,0,4,39,13,56,70,0,70,126
05/16/2023,ISO,NC,ASO,EN,Federal Contract Tower,0,3,13,7,23,0,2,6,10,18,0,5,19,17,41,18,28,46,87
05/17/2023,ISO,NC,ASO,EN,Federal Contract Tower,0,7,17,22,46,0,0,25,1,26,0,7,42,23,72,66,60,126,198
05/18/2023,ISO,NC,ASO,EN,Federal Contract Tower,0,2,11,12,25,0,2,19,9,30,0,4,30,21,55,22,30,52,107
05/19/2023,ISO,NC,ASO,EN,Federal Contract Tower,0,3,10,0,13,0,0,0,0,0,0,3,10,0,13,0,0,0,13
05/20/2023,ISO,NC,ASO,EN,Federal Contract Tower,0,0,11,0,11,0,0,1,0,1,0,0,12,0,12,16,0,16,28
05/21/2023,ISO,NC,ASO,EN,Federal Contract Tower,0,1,8,0,9,0,0,3,0,3,0,1,11,0,12,0,0,0,12
05/22/2023,ISO,NC,ASO,EN,Federal Contract Tower,0,6,8,2,16,0,0,0,2,2,0,6,8,4,18,2,14,16,34
05/23/2023,ISO,NC,ASO,EN,Federal Contract Tower,0,6,10,23,39,0,0,21,12,33,0,6,31,35,72,86,42,128,200
05/24/2023,ISO,NC,ASO,EN,Federal Contract Tower,0,5,14,39,58,0,8,38,6,52,0,13,52,45,110,20,84,104,214
05/25/2023,ISO,NC,ASO,EN,Federal Contract Tower,0,1,8,14,23,0,2,17,4,23,0,3,25,18,46,32,22,54,100
05/26/2023,ISO,NC,ASO,EN,Federal Contract Tower,0,4,10,2,16,0,0,9,3,12,0,4,19,5,28,0,16,16,44
05/27/2023,ISO,NC,ASO,EN,Federal Contract Tower,0,4,2,0,6,0,0,0,0,0,0,4,2,0,6,0,0,0,6
05/28/2023,ISO,NC,ASO,EN,Federal Contract Tower,0,7,5,0,12,0,0,0,0,0,0,7,5,0,12,0,0,0,12
05/29/2023,ISO,NC,ASO,EN,Federal Contract Tower,0,4,11,0,15,0,1,11,0,12,0,5,22,0,27,8,0,8,35
05/30/2023,ISO,NC,ASO,EN,Federal Contract Tower,0,9,23,19,51,0,0,10,14,24,0,9,33,33,75,34,38,72,147
05/31/2023,ISO,NC,ASO,EN,Federal Contract Tower,0,3,13,17,33,0,0,5,4,9,0,3,18,21,42,18,0,18,60
06/01/2023,ISO,NC,ASO,EN,Federal Contract Tower,0,6,13,12,31,0,0,7,6,13,0,6,20,18,44,0,34,34,78
06/02/2023,ISO,NC,ASO,EN,Federal Contract Tower,0,9,37,6,52,0,0,25,0,25,0,9,62,6,77,56,10,66,143
06/03/2023,ISO,NC,ASO,EN,Federal Contract Tower,0,2,17,0,19,0,0,17,6,23,0,2,34,6,42,12,0,12,54
06/04/2023,ISO,NC,ASO,EN,Federal Contract Tower,0,1,13,0,14,0,2,9,0,11,0,3,22,0,25,8,0,8,33
06/05/2023,ISO,NC,ASO,EN,Federal Contract Tower,0,3,20,15,38,0,0,34,14,48,0,3,54,29,86,26,21,47,133
06/06/2023,ISO,NC,ASO,EN,Federal Contract Tower,0,2,19,16,37,0,0,16,10,26,0,2,35,26,63,14,20,34,97
06/07/2023,ISO,NC,ASO,EN,Federal Contract Tower,0,4,25,21,50,0,0,11,9,20,0,4,36,30,70,8,50,58,128
06/08/2023,ISO,NC,ASO,EN,Federal Contract Tower,0,10,14,34,58,0,1,10,5,16,0,11,24,39,74,16,30,46,120
06/09/2023,ISO,NC,ASO,EN,Federal Contract Tower,0,10,7,8,25,0,2,13,4,19,0,12,20,12,44,26,10,36,80
06/10/2023,ISO,NC,ASO,EN,Federal Contract Tower,0,4,4,0,8,0,2,44,2,48,0,6,48,2,56,32,12,44,100
06/11/2023,ISO,NC,ASO,EN,Federal Contract Tower,0,8,9,0,17,0,6,25,0,31,0,14,34,0,48,16,0,16,64
06/12/2023,ISO,NC,ASO,EN,Federal Contract Tower,0,3,6,4,13,0,1,6,4,11,0,4,12,8,24,8,16,24,48
06/13/2023,ISO,NC,ASO,EN,Federal Contract Tower,0,4,16,12,32,0,0,33,12,45,0,4,49,24,77,74,52,126,203
06/14/2023,ISO,NC,ASO,EN,Federal Contract Tower,0,4,12,25,41,0,0,17,7,24,0,4,29,32,65,20,86,106,171
06/15/2023,ISO,NC,ASO,EN,Federal Contract Tower,0,3,17,6,26,0,0,31,10,41,0,3,48,16,67,30,36,66,133
06/16/2023,ISO,NC,ASO,EN,Federal Contract Tower,0,3,12,3,18,0,0,33,1,34,0,3,45,4,52,14,30,44,96
06/17/2023,ISO,NC,ASO,EN,Federal Contract Tower,0,2,4,1,7,0,2,33,0,35,0,4,37,1,42,40,10,50,92
06/18/2023,ISO,NC,ASO,EN,Federal Contract Tower,0,0,19,0,19,0,6,15,0,21,0,6,34,0,40,32,0,32,72
06/19/2023,ISO,NC,ASO,EN,Federal Contract Tower,0,3,8,2,13,0,0,18,2,20,0,3,26,4,33,20,12,32,65
06/20/2023,ISO,NC,ASO,EN,Federal Contract Tower,0,6,2,15,23,0,0,2,4,6,0,6,4,19,29,6,32,38,67
06/21/2023,ISO,NC,ASO,EN,Federal Contract Tower,0,9,22,8,39,0,0,5,7,12,0,9,27,15,51,10,46,56,107
06/22/2023,ISO,NC,ASO,EN,Federal Contract Tower,0,5,11,6,22,0,0,2,0,2,0,5,13,6,24,14,0,14,38
06/23/2023,ISO,NC,ASO,EN,Federal Contract Tower,0,7,3,26,36,0,0,4,9,13,0,7,7,35,49,8,60,68,117
06/24/2023,ISO,NC,ASO,EN,Federal Contract Tower,0,4,12,1,17,0,1,15,0,16,0,5,27,1,33,10,0,10,43
06/25/2023,ISO,NC,ASO,EN,Federal Contract Tower,0,6,8,12,26,0,9,9,2,20,0,15,17,14,46,20,4,24,70
06/26/2023,ISO,NC,ASO,EN,Federal Contract Tower,0,4,25,18,47,0,3,15,21,39,0,7,40,39,86,14,52,66,152
06/27/2023,ISO,NC,ASO,EN,Federal Contract Tower,0,14,20,21,55,0,5,36,14,55,0,19,56,35,110,88,94,182,292
06/28/2023,ISO,NC,ASO,EN,Federal Contract Tower,0,4,11,32,47,0,2,22,13,37,0,6,33,45,84,36,8,44,128
06/29/2023,ISO,NC,ASO,EN,Federal Contract Tower,0,7,17,10,34,0,2,28,5,35,0,9,45,15,69,42,32,74,143
06/30/2023,ISO,NC,ASO,EN,Federal Contract Tower,0,9,15,4,28,0,1,16,0,17,0,10,31,4,45,18,16,34,79
07/01/2023,ISO,NC,ASO,EN,Federal Contract Tower,0,6,10,0,16,0,0,7,0,7,0,6,17,0,23,0,0,0,23
07/02/2023,ISO,NC,ASO,EN,Federal Contract Tower,0,4,7,0,11,0,4,17,0,21,0,8,24,0,32,0,0,0,32
07/03/2023,ISO,NC,ASO,EN,Federal Contract Tower,0,0,2,0,2,0,6,7,0,13,0,6,9,0,15,34,0,34,49
07/04/2023,ISO,NC,ASO,EN,Federal Contract Tower,0,2,1,0,3,0,9,9,0,18,0,11,10,0,21,0,0,0,21
07/05/2023,ISO,NC,ASO,EN,Federal Contract Tower,0,5,5,5,15,0,0,24,10,34,0,5,29,15,49,16,82,98,147
07/06/2023,ISO,NC,ASO,EN,Federal Contract Tower,0,5,5,4,14,0,1,15,4,20,0,6,20,8,34,8,10,18,52
07/07/2023,ISO,NC,ASO,EN,Federal Contract Tower,0,3,13,16,32,0,0,26,1,27,0,3,39,17,59,34,24,58,117
07/08/2023,ISO,NC,ASO,EN,Federal Contract Tower,0,4,6,8,18,0,0,18,0,18,0,4,24,8,36,4,0,4,40
07/09/2023,ISO,NC,ASO,EN,Federal Contract Tower,0,6,3,0,9,0,0,10,0,10,0,6,13,0,19,6,0,6,25
07/10/2023,ISO,NC,ASO,EN,Federal Contract Tower,0,11,9,9,29,0,3,30,5,38,0,14,39,14,67,18,30,48,115
07/11/2023,ISO,NC,ASO,EN,Federal Contract Tower,0,5,25,22,52,0,1,36,4,41,0,6,61,26,93,50,54,104,197
07/12/2023,ISO,NC,ASO,EN,Federal Contract Tower,0,10,12,16,38,0,2,29,2,33,0,12,41,18,71,30,54,84,155
07/13/2023,ISO,NC,ASO,EN,Federal Contract Tower,1,10,14,8,33,0,0,38,2,40,1,10,52,10,73,80,24,104,177
07/14/2023,ISO,NC,ASO,EN,Federal Contract Tower,0,1,6,2,9,0,0,7,2,9,0,1,13,4,18,0,0,0,18
07/15/2023,ISO,NC,ASO,EN,Federal Contract Tower,0,9,3,2,14,0,0,7,0,7,0,9,10,2,21,0,2,2,23
07/16/2023,ISO,NC,ASO,EN,Federal Contract Tower,0,6,7,2,15,0,2,19,0,21,0,8,26,2,36,0,0,0,36
07/17/2023,ISO,NC,ASO,EN,Federal Contract Tower,0,9,13,12,34,0,0,38,6,44,0,9,51,18,78,82,40,122,200
07/18/2023,ISO,NC,ASO,EN,Federal Contract Tower,0,8,8,26,42,0,0,13,11,24,0,8,21,37,66,28,12,40,106
07/19/2023,ISO,NC,ASO,EN,Federal Contract Tower,1,3,7,18,29,0,0,15,4,19,1,3,22,22,48,20,30,50,98
07/20/2023,ISO,NC,ASO,EN,Federal Contract Tower,0,3,10,9,22,0,4,31,11,46,0,7,41,20,68,22,14,36,104
07/21/2023,ISO,NC,ASO,EN,Federal Contract Tower,0,8,17,7,32,0,1,23,8,32,0,9,40,15,64,8,26,34,98
07/22/2023,ISO,NC,ASO,EN,Federal Contract Tower,0,3,13,4,20,0,0,12,0,12,0,3,25,4,32,12,0,12,44
07/23/2023,ISO,NC,ASO,EN,Federal Contract Tower,0,5,13,0,18,0,0,17,0,17,0,5,30,0,35,26,0,26,61
07/24/2023,ISO,NC,ASO,EN,Federal Contract Tower,0,4,9,12,25,0,0,1,8,9,0,4,10,20,34,0,20,20,54
07/25/2023,ISO,NC,ASO,EN,Federal Contract Tower,0,6,6,33,45,0,0,28,18,46,0,6,34,51,91,4,44,48,139
07/26/2023,ISO,NC,ASO,EN,Federal Contract Tower,0,4,7,35,46,0,4,31,28,63,0,8,38,63,109,38,90,128,237
07/27/2023,ISO,NC,ASO,EN,Federal Contract Tower,0,6,7,19,32,0,2,24,28,54,0,8,31,47,86,30,16,46,132
07/28/2023,ISO,NC,ASO,EN,Federal Contract Tower,0,6,21,14,41,0,0,21,11,32,0,6,42,25,73,10,10,20,93
07/29/2023,ISO,NC,ASO,EN,Federal Contract Tower,0,3,5,0,8,0,0,9,0,9,0,3,14,0,17,2,0,2,19
07/30/2023,ISO,NC,ASO,EN,Federal Contract Tower,0,7,11,0,18,0,0,14,0,14,0,7,25,0,32,4,0,4,36
07/31/2023,ISO,NC,ASO,EN,Federal Contract Tower,0,1,6,12,19,0,0,15,4,19,0,1,21,16,38,36,32,68,106
08/01/2023,ISO,NC,ASO,EN,Federal Contract Tower,0,12,3,20,35,0,0,21,9,30,0,12,24,29,65,32,44,76,141
08/02/2023,ISO,NC,ASO,EN,Federal Contract Tower,0,1,5,8,14,0,0,38,3,41,0,1,43,11,55,8,24,32,87
08/03/2023,ISO,NC,ASO,EN,Federal Contract Tower,0,2,7,11,20,0,0,21,7,28,0,2,28,18,48,28,24,52,100
08/04/2023,ISO,NC,ASO,EN,Federal Contract Tower,0,8,23,8,39,0,0,2,4,6,0,8,25,12,45,2,8,10,55
08/05/2023,ISO,NC,ASO,EN,Federal Contract Tower,0,5,4,0,9,0,0,2,0,2,0,5,6,0,11,2,0,2,13
08/06/2023,ISO,NC,ASO,EN,Federal Contract Tower,0,8,6,0,14,0,1,20,0,21,0,9,26,0,35,2,0,2,37
08/07/2023,ISO,NC,ASO,EN,Federal Contract Tower,0,3,7,16,26,0,0,7,15,22,0,3,14,31,48,4,18,22,70
08/08/2023,ISO,NC,ASO,EN,Federal Contract Tower,0,0,11,14,25,0,0,16,10,26,0,0,27,24,51,4,26,30,81
08/09/2023,ISO,NC,ASO,EN,Federal Contract Tower,0,7,11,13,31,0,0,44,9,53,0,7,55,22,84,64,52,116,200
08/10/2023,ISO,NC,ASO,EN,Federal Contract Tower,0,2,2,3,7,0,0,0,9,9,0,2,2,12,16,10,8,18,34
08/11/2023,ISO,NC,ASO,EN,Federal Contract Tower,0,7,7,12,26,0,0,22,4,26,0,7,29,16,52,60,38,98,150
08/12/2023,ISO,NC,ASO,EN,Federal Contract Tower,0,0,1,0,1,0,0,17,0,17,0,0,18,0,18,24,0,24,42
08/13/2023,ISO,NC,ASO,EN,Federal Contract Tower,0,2,3,3,8,0,3,17,1,21,0,5,20,4,29,24,20,44,73
08/14/2023,ISO,NC,ASO,EN,Federal Contract Tower,0,2,11,9,22,0,0,23,20,43,0,2,34,29,65,22,40,62,127
08/15/2023,ISO,NC,ASO,EN,Federal Contract Tower,0,7,7,11,25,0,1,10,9,20,0,8,17,20,45,34,8,42,87
08/16/2023,ISO,NC,ASO,EN,Federal Contract Tower,0,6,5,15,26,0,0,24,14,38,0,6,29,29,64,42,46,88,152
08/17/2023,ISO,NC,ASO,EN,Federal Contract Tower,0,5,6,25,36,0,0,12,20,32,0,5,18,45,68,40,56,96,164
08/18/2023,ISO,NC,ASO,EN,Federal Contract Tower,0,7,6,7,20,0,4,21,8,33,0,11,27,15,53,84,0,84,137
08/19/2023,ISO,NC,ASO,EN,Federal Contract Tower,0,0,7,8,15,0,4,31,0,35,0,4,38,8,50,12,0,12,62
08/20/2023,ISO,NC,ASO,EN,Federal Contract Tower,0,6,4,0,10,0,0,5,0,5,0,6,9,0,15,54,0,54,69
08/21/2023,ISO,NC,ASO,EN,Federal Contract Tower,0,3,6,12,21,0,0,20,12,32,0,3,26,24,53,32,42,74,127
08/22/2023,ISO,NC,ASO,EN,Federal Contract Tower,0,2,12,9,23,0,1,13,15,29,0,3,25,24,52,24,38,62,114
08/23/2023,ISO,NC,ASO,EN,Federal Contract Tower,0,4,28,26,58,0,4,22,3,29,0,8,50,29,87,58,76,134,221
08/24/2023,ISO,NC,ASO,EN,Federal Contract Tower,0,8,9,8,25,0,0,34,7,41,0,8,43,15,66,54,44,98,164
08/25/2023,ISO,NC,ASO,EN,Federal Contract Tower,0,7,6,32,45,0,4,29,6,39,0,11,35,38,84,38,60,98,182
08/26/2023,ISO,NC,ASO,EN,Federal Contract Tower,0,2,16,0,18,0,2,15,0,17,0,4,31,0,35,40,0,40,75
08/27/2023,ISO,NC,ASO,EN,Federal Contract Tower,0,0,3,0,3,0,0,4,0,4,0,0,7,0,7,0,0,0,7
08/28/2023,ISO,NC,ASO,EN,Federal Contract Tower,0,3,0,13,16,0,0,2,4,6,0,3,2,17,22,2,16,18,40
08/29/2023,ISO,NC,ASO,EN,Federal Contract Tower,0,4,19,8,31,0,0,8,3,11,0,4,27,11,42,26,16,42,84
08/30/2023,ISO,NC,ASO,EN,Federal Contract Tower,0,2,3,3,8,0,0,0,1,1,0,2,3,4,9,0,0,0,9
08/31/2023,ISO,NC,ASO,EN,Federal Contract Tower,0,6,0,6,12,0,0,4,0,4,0,6,4,6,16,2,0,2,18
