01/01/2000,ISP,NY,AEA,EN,Combined TRACON& Tower with Radar,37,7,21,0,65,24,0,9,0,33,61,7,30,0,98,10,0,10,108
01/02/2000,ISP,NY,AEA,EN,Combined TRACON& Tower with Radar,76,38,44,0,158,0,0,168,0,168,76,38,212,0,326,232,0,232,558
01/03/2000,ISP,NY,AEA,EN,Combined TRACON& Tower with Radar,77,44,49,0,170,0,0,105,0,105,77,44,154,0,275,178,0,178,453
01/04/2000,ISP,NY,AEA,EN,Combined TRACON& Tower with Radar,61,31,19,0,111,18,0,0,0,18,79,31,19,0,129,0,0,0,129
01/05/2000,ISP,NY,AEA,EN,Combined TRACON& Tower with Radar,76,40,42,0,158,1,6,95,0,102,77,46,137,0,260,93,0,93,353
01/06/2000,ISP,NY,AEA,EN,Combined TRACON& Tower with Radar,78,41,42,0,161,1,11,192,0,204,79,52,234,0,365,172,0,172,537
01/07/2000,ISP,NY,AEA,EN,Combined TRACON& Tower with Radar,75,39,41,1,156,2,8,147,1,158,77,47,188,2,314,202,0,202,516
01/08/2000,ISP,NY,AEA,EN,Combined TRACON& Tower with Radar,52,20,29,0,101,13,0,282,8,303,65,20,311,8,404,294,4,298,702
01/09/2000,ISP,NY,AEA,EN,Combined TRACON& Tower with Radar,70,36,38,0,144,3,0,257,0,260,73,36,295,0,404,278,0,278,682
01/10/2000,ISP,NY,AEA,EN,Combined TRACON& Tower with Radar,76,41,42,0,159,0,8,9,0,17,76,49,51,0,176,0,0,0,176
01/11/2000,ISP,NY,AEA,EN,Combined TRACON& Tower with Radar,67,38,39,0,144,0,8,87,0,95,67,46,126,0,239,0,120,120,359
01/12/2000,ISP,NY,AEA,EN,Combined TRACON& Tower with Radar,73,44,48,1,166,0,0,160,2,162,73,44,208,3,328,92,0,92,420
01/13/2000,ISP,NY,AEA,EN,Combined TRACON& Tower with Radar,66,33,40,0,139,0,0,18,0,18,66,33,58,0,157,62,0,62,219
01/14/2000,ISP,NY,AEA,EN,Combined TRACON& Tower with Radar,66,35,36,0,137,7,9,37,0,53,73,44,73,0,190,56,0,56,246
01/15/2000,ISP,NY,AEA,EN,Combined TRACON& Tower with Radar,61,20,34,0,115,7,0,225,2,234,68,20,259,2,349,306,0,306,655
01/16/2000,ISP,NY,AEA,EN,Combined TRACON& Tower with Radar,71,35,39,1,146,12,0,86,3,101,83,35,125,4,247,248,0,248,495
01/17/2000,ISP,NY,AEA,EN,Combined TRACON& Tower with Radar,62,32,34,0,128,11,12,8,0,31,73,44,42,0,159,0,0,0,159
01/18/2000,ISP,NY,AEA,EN,Combined TRACON& Tower with Radar,74,39,41,1,155,0,9,130,0,139,74,48,171,1,294,200,0,200,494
01/19/2000,ISP,NY,AEA,EN,Combined TRACON& Tower with Radar,66,47,49,2,164,0,2,191,5,198,66,49,240,7,362,186,14,200,562
01/20/2000,ISP,NY,AEA,EN,Combined TRACON& Tower with Radar,48,27,28,0,103,0,3,8,0,11,48,30,36,0,114,28,0,28,142
01/21/2000,ISP,NY,AEA,EN,Combined TRACON& Tower with Radar,54,27,28,0,109,15,8,30,0,53,69,35,58,0,162,24,0,24,186
01/22/2000,ISP,NY,AEA,EN,Combined TRACON& Tower with Radar,54,22,28,1,105,15,0,61,2,78,69,22,89,3,183,176,0,176,359
01/23/2000,ISP,NY,AEA,EN,Combined TRACON& Tower with Radar,68,40,43,2,153,0,0,89,0,89,68,40,132,2,242,448,0,448,690
01/24/2000,ISP,NY,AEA,EN,Combined TRACON& Tower with Radar,68,40,42,0,150,0,11,168,0,179,68,51,210,0,329,258,0,258,587
01/25/2000,ISP,NY,AEA,EN,Combined TRACON& Tower with Radar,17,1,9,0,27,9,0,2,0,11,26,1,11,0,38,28,0,28,66
01/26/2000,ISP,NY,AEA,EN,Combined TRACON& Tower with Radar,61,32,34,2,129,0,4,36,0,40,61,36,70,2,169,176,18,194,363
01/27/2000,ISP,NY,AEA,EN,Combined TRACON& Tower with Radar,69,37,39,2,147,0,3,118,1,122,69,40,157,3,269,84,0,84,353
01/28/2000,ISP,NY,AEA,EN,Combined TRACON& Tower with Radar,72,38,40,2,152,0,11,105,0,116,72,49,145,2,268,112,0,112,380
01/29/2000,ISP,NY,AEA,EN,Combined TRACON& Tower with Radar,64,28,33,0,125,0,0,177,0,177,64,28,210,0,302,0,364,364,666
01/30/2000,ISP,NY,AEA,EN,Combined TRACON& Tower with Radar,58,31,34,0,123,0,0,151,0,151,58,31,185,0,274,270,0,270,544
01/31/2000,ISP,NY,AEA,EN,Combined TRACON& Tower with Radar,76,40,51,1,168,0,0,64,14,78,76,40,115,15,246,130,18,148,394
02/01/2000,ISP,NY,AEA,EN,Combined TRACON& Tower with Radar,66,38,49,0,153,5,7,113,0,125,71,45,162,0,278,282,0,282,560
02/02/2000,ISP,NY,AEA,EN,Combined TRACON& Tower with Radar,58,33,44,1,136,12,11,63,0,86,70,44,107,1,222,118,0,118,340
02/03/2000,ISP,NY,AEA,EN,Combined TRACON& Tower with Radar,60,35,45,1,141,4,7,107,2,120,64,42,152,3,261,280,32,312,573
02/04/2000,ISP,NY,AEA,EN,Combined TRACON& Tower with Radar,71,41,53,2,167,3,14,28,0,45,74,55,81,2,212,324,0,324,536
02/05/2000,ISP,NY,AEA,EN,Combined TRACON& Tower with Radar,65,25,50,2,142,0,0,243,11,254,65,25,293,13,396,426,48,474,870
02/06/2000,ISP,NY,AEA,EN,Combined TRACON& Tower with Radar,60,35,45,1,141,17,3,154,4,178,77,38,199,5,319,296,24,320,639
02/07/2000,ISP,NY,AEA,EN,Combined TRACON& Tower with Radar,70,40,51,2,163,6,9,122,6,143,76,49,173,8,306,106,8,114,420
02/08/2000,ISP,NY,AEA,EN,Combined TRACON& Tower with Radar,68,39,50,2,159,6,5,192,4,207,74,44,242,6,366,352,0,352,718
02/09/2000,ISP,NY,AEA,EN,Combined TRACON& Tower with Radar,69,39,52,0,160,1,13,188,0,202,70,52,240,0,362,314,0,314,676
02/10/2000,ISP,NY,AEA,EN,Combined TRACON& Tower with Radar,73,49,63,2,187,0,1,134,0,135,73,50,197,2,322,270,0,270,592
02/11/2000,ISP,NY,AEA,EN,Combined TRACON& Tower with Radar,70,32,53,0,155,10,0,20,0,30,80,32,73,0,185,46,0,46,231
02/12/2000,ISP,NY,AEA,EN,Combined TRACON& Tower with Radar,58,25,43,0,126,9,0,233,0,242,67,25,276,0,368,366,0,366,734
02/13/2000,ISP,NY,AEA,EN,Combined TRACON& Tower with Radar,68,38,51,0,157,0,2,192,0,194,68,40,243,0,351,308,0,308,659
02/14/2000,ISP,NY,AEA,EN,Combined TRACON& Tower with Radar,55,31,42,0,128,13,1,11,0,25,68,32,53,0,153,50,0,50,203
02/15/2000,ISP,NY,AEA,EN,Combined TRACON& Tower with Radar,73,45,60,3,181,0,3,215,12,230,73,48,275,15,411,312,16,328,739
02/16/2000,ISP,NY,AEA,EN,Combined TRACON& Tower with Radar,74,48,62,3,187,0,0,164,4,168,74,48,226,7,355,194,22,216,571
02/17/2000,ISP,NY,AEA,EN,Combined TRACON& Tower with Radar,78,46,60,3,187,0,0,215,12,227,78,46,275,15,414,354,36,390,804
02/18/2000,ISP,NY,AEA,EN,Combined TRACON& Tower with Radar,49,24,35,0,108,14,0,2,0,16,63,24,37,0,124,10,0,10,134
02/19/2000,ISP,NY,AEA,EN,Combined TRACON& Tower with Radar,64,21,46,0,131,4,0,15,0,19,68,21,61,0,150,114,0,114,264
02/20/2000,ISP,NY,AEA,EN,Combined TRACON& Tower with Radar,71,39,52,0,162,4,1,182,0,187,75,40,234,0,349,390,0,390,739
02/21/2000,ISP,NY,AEA,EN,Combined TRACON& Tower with Radar,74,40,53,0,167,1,7,252,0,260,75,47,305,0,427,482,0,482,909
02/22/2000,ISP,NY,AEA,EN,Combined TRACON& Tower with Radar,73,46,61,3,183,0,3,199,11,213,73,49,260,14,396,252,32,284,680
02/23/2000,ISP,NY,AEA,EN,Combined TRACON& Tower with Radar,70,45,59,3,177,0,1,172,3,176,70,46,231,6,353,270,20,290,643
02/24/2000,ISP,NY,AEA,EN,Combined TRACON& Tower with Radar,55,42,55,3,155,0,6,181,3,190,55,48,236,6,345,264,26,290,635
02/25/2000,ISP,NY,AEA,EN,Combined TRACON& Tower with Radar,74,44,70,1,189,0,0,67,0,67,74,44,137,1,256,214,30,244,500
02/26/2000,ISP,NY,AEA,EN,Combined TRACON& Tower with Radar,71,27,58,2,158,0,0,21,4,25,71,27,79,6,183,20,8,28,211
02/27/2000,ISP,NY,AEA,EN,Combined TRACON& Tower with Radar,50,22,37,0,109,7,0,0,0,7,57,22,37,0,116,0,0,0,116
02/28/2000,ISP,NY,AEA,EN,Combined TRACON& Tower with Radar,71,39,52,2,164,5,4,79,2,90,76,43,131,4,254,182,4,186,440
02/29/2000,ISP,NY,AEA,EN,Combined TRACON& Tower with Radar,79,46,63,2,190,0,0,152,6,158,79,46,215,8,348,218,12,230,578
03/01/2000,ISP,NY,AEA,EN,Combined TRACON& Tower with Radar,76,46,66,2,190,0,4,189,1,194,76,50,255,3,384,394,0,394,778
03/02/2000,ISP,NY,AEA,EN,Combined TRACON& Tower with Radar,74,48,69,2,193,0,0,116,2,118,74,48,185,4,311,186,0,186,497
03/03/2000,ISP,NY,AEA,EN,Combined TRACON& Tower with Radar,66,38,56,1,161,12,7,108,4,131,78,45,164,5,292,208,0,208,500
03/04/2000,ISP,NY,AEA,EN,Combined TRACON& Tower with Radar,58,28,49,1,136,13,0,297,0,310,71,28,346,1,446,454,0,454,900
03/05/2000,ISP,NY,AEA,EN,Combined TRACON& Tower with Radar,68,39,58,1,166,5,1,233,6,245,73,40,291,7,411,348,50,398,809
03/06/2000,ISP,NY,AEA,EN,Combined TRACON& Tower with Radar,67,39,57,0,163,5,10,142,0,157,72,49,199,0,320,206,0,206,526
03/07/2000,ISP,NY,AEA,EN,Combined TRACON& Tower with Radar,74,46,66,2,188,0,1,237,0,238,74,47,303,2,426,282,0,282,708
03/08/2000,ISP,NY,AEA,EN,Combined TRACON& Tower with Radar,76,46,68,2,192,0,1,215,2,218,76,47,283,4,410,600,4,604,1014
03/09/2000,ISP,NY,AEA,EN,Combined TRACON& Tower with Radar,69,47,69,2,187,0,1,132,7,140,69,48,201,9,327,380,18,398,725
03/10/2000,ISP,NY,AEA,EN,Combined TRACON& Tower with Radar,77,46,81,2,206,0,0,255,14,269,77,46,336,16,475,444,8,452,927
03/11/2000,ISP,NY,AEA,EN,Combined TRACON& Tower with Radar,48,24,41,0,113,17,0,2,0,19,65,24,43,0,132,42,0,42,174
03/12/2000,ISP,NY,AEA,EN,Combined TRACON& Tower with Radar,73,37,61,0,171,0,0,72,0,72,73,37,133,0,243,184,0,184,427
03/13/2000,ISP,NY,AEA,EN,Combined TRACON& Tower with Radar,74,44,65,0,183,0,5,213,0,218,74,49,278,0,401,442,0,442,843
03/14/2000,ISP,NY,AEA,EN,Combined TRACON& Tower with Radar,75,45,67,2,189,0,3,247,1,251,75,48,314,3,440,404,0,404,844
03/15/2000,ISP,NY,AEA,EN,Combined TRACON& Tower with Radar,73,44,65,2,184,0,6,231,1,238,73,50,296,3,422,384,0,384,806
03/16/2000,ISP,NY,AEA,EN,Combined TRACON& Tower with Radar,76,43,65,3,187,0,6,160,2,168,76,49,225,5,355,312,0,312,667
03/17/2000,ISP,NY,AEA,EN,Combined TRACON& Tower with Radar,65,36,54,0,155,14,0,0,0,14,79,36,54,0,169,0,0,0,169
03/18/2000,ISP,NY,AEA,EN,Combined TRACON& Tower with Radar,54,24,46,0,124,14,0,255,0,269,68,24,301,0,393,350,0,350,743
03/19/2000,ISP,NY,AEA,EN,Combined TRACON& Tower with Radar,74,40,60,3,177,0,0,294,3,297,74,40,354,6,474,400,0,400,874
03/20/2000,ISP,NY,AEA,EN,Combined TRACON& Tower with Radar,72,50,73,3,198,0,0,121,2,123,72,50,194,5,321,372,0,372,693
03/21/2000,ISP,NY,AEA,EN,Combined TRACON& Tower with Radar,76,44,77,3,200,0,0,32,7,39,76,44,109,10,239,6,8,14,253
03/22/2000,ISP,NY,AEA,EN,Combined TRACON& Tower with Radar,80,48,70,3,201,0,3,84,1,88,80,51,154,4,289,370,4,374,663
03/23/2000,ISP,NY,AEA,EN,Combined TRACON& Tower with Radar,77,48,77,0,202,0,0,282,0,282,77,48,359,0,484,478,0,478,962
03/24/2000,ISP,NY,AEA,EN,Combined TRACON& Tower with Radar,81,46,68,2,197,0,5,307,0,312,81,51,375,2,509,388,0,388,897
03/25/2000,ISP,NY,AEA,EN,Combined TRACON& Tower with Radar,61,27,51,1,140,11,0,232,0,243,72,27,283,1,383,398,20,418,801
03/26/2000,ISP,NY,AEA,EN,Combined TRACON& Tower with Radar,74,37,61,0,172,3,0,200,0,203,77,37,261,0,375,454,0,454,829
03/27/2000,ISP,NY,AEA,EN,Combined TRACON& Tower with Radar,73,41,60,2,176,2,11,136,0,149,75,52,196,2,325,294,0,294,619
03/28/2000,ISP,NY,AEA,EN,Combined TRACON& Tower with Radar,68,39,57,1,165,9,7,22,7,45,77,46,79,8,210,152,10,162,372
03/29/2000,ISP,NY,AEA,EN,Combined TRACON& Tower with Radar,76,43,64,1,184,2,7,88,0,97,78,50,152,1,281,202,0,202,483
03/30/2000,ISP,NY,AEA,EN,Combined TRACON& Tower with Radar,78,43,65,2,188,10,8,225,2,245,88,51,290,4,433,394,0,394,827
03/31/2000,ISP,NY,AEA,EN,Combined TRACON& Tower with Radar,79,46,69,2,196,0,2,279,4,285,79,48,348,6,481,554,0,554,1035
04/01/2000,ISP,NY,AEA,EN,Combined TRACON& Tower with Radar,53,23,46,0,122,20,0,306,0,326,73,23,352,0,448,448,0,448,896
04/02/2000,ISP,NY,AEA,EN,Combined TRACON& Tower with Radar,69,35,60,0,164,7,0,182,0,189,76,35,242,0,353,316,0,316,669
04/03/2000,ISP,NY,AEA,EN,Combined TRACON& Tower with Radar,74,49,91,0,214,0,0,42,0,42,74,49,133,0,256,102,0,102,358
04/04/2000,ISP,NY,AEA,EN,Combined TRACON& Tower with Radar,61,34,46,0,141,12,3,0,0,15,73,37,46,0,156,26,0,26,182
04/05/2000,ISP,NY,AEA,EN,Combined TRACON& Tower with Radar,71,38,62,1,172,8,9,124,7,148,79,47,186,8,320,320,0,320,640
04/06/2000,ISP,NY,AEA,EN,Combined TRACON& Tower with Radar,78,44,70,1,193,0,5,177,1,183,78,49,247,2,376,428,0,428,804
04/07/2000,ISP,NY,AEA,EN,Combined TRACON& Tower with Radar,76,45,72,1,194,0,4,338,0,342,76,49,410,1,536,470,0,470,1006
04/08/2000,ISP,NY,AEA,EN,Combined TRACON& Tower with Radar,59,26,50,1,136,11,0,73,1,85,70,26,123,2,221,224,0,224,445
04/09/2000,ISP,NY,AEA,EN,Combined TRACON& Tower with Radar,51,28,33,0,112,20,0,0,0,20,71,28,33,0,132,2,0,2,134
04/10/2000,ISP,NY,AEA,EN,Combined TRACON& Tower with Radar,74,42,68,1,185,0,4,163,1,168,74,46,231,2,353,352,0,352,705
04/11/2000,ISP,NY,AEA,EN,Combined TRACON& Tower with Radar,76,40,66,2,184,1,13,41,0,55,77,53,107,2,239,200,0,200,439
04/12/2000,ISP,NY,AEA,EN,Combined TRACON& Tower with Radar,75,43,71,3,192,0,4,194,3,201,75,47,265,6,393,432,0,432,825
04/13/2000,ISP,NY,AEA,EN,Combined TRACON& Tower with Radar,80,48,78,1,207,0,2,340,0,342,80,50,418,1,549,642,0,642,1191
04/14/2000,ISP,NY,AEA,EN,Combined TRACON& Tower with Radar,78,44,71,3,196,0,5,324,4,333,78,49,395,7,529,378,0,378,907
04/15/2000,ISP,NY,AEA,EN,Combined TRACON& Tower with Radar,58,25,48,1,132,9,0,0,0,9,67,25,48,1,141,8,0,8,149
04/16/2000,ISP,NY,AEA,EN,Combined TRACON& Tower with Radar,74,32,62,1,169,5,0,88,0,93,79,32,150,1,262,138,0,138,400
04/17/2000,ISP,NY,AEA,EN,Combined TRACON& Tower with Radar,74,44,71,3,192,0,7,60,4,71,74,51,131,7,263,182,12,194,457
04/18/2000,ISP,NY,AEA,EN,Combined TRACON& Tower with Radar,77,46,74,3,200,0,1,34,9,44,77,47,108,12,244,196,16,212,456
04/19/2000,ISP,NY,AEA,EN,Combined TRACON& Tower with Radar,75,43,72,3,193,0,0,80,5,85,75,43,152,8,278,210,16,226,504
04/20/2000,ISP,NY,AEA,EN,Combined TRACON& Tower with Radar,79,45,82,2,208,0,0,251,0,251,79,45,333,2,459,428,22,450,909
04/21/2000,ISP,NY,AEA,EN,Combined TRACON& Tower with Radar,61,28,48,1,138,10,0,0,0,10,71,28,48,1,148,22,2,24,172
04/22/2000,ISP,NY,AEA,EN,Combined TRACON& Tower with Radar,47,19,21,0,87,26,0,0,0,26,73,19,21,0,113,0,0,0,113
04/23/2000,ISP,NY,AEA,EN,Combined TRACON& Tower with Radar,64,29,53,0,146,12,0,21,0,33,76,29,74,0,179,168,0,168,347
04/24/2000,ISP,NY,AEA,EN,Combined TRACON& Tower with Radar,72,40,68,2,182,0,0,264,5,269,72,40,332,7,451,356,0,356,807
04/25/2000,ISP,NY,AEA,EN,Combined TRACON& Tower with Radar,80,48,87,2,217,0,0,273,0,273,80,48,360,2,490,366,2,368,858
04/26/2000,ISP,NY,AEA,EN,Combined TRACON& Tower with Radar,64,40,67,0,171,0,1,59,0,60,64,41,126,0,231,236,0,236,467
04/27/2000,ISP,NY,AEA,EN,Combined TRACON& Tower with Radar,78,41,67,1,187,6,5,186,3,200,84,46,253,4,387,430,0,430,817
04/28/2000,ISP,NY,AEA,EN,Combined TRACON& Tower with Radar,81,43,70,1,195,0,6,149,0,155,81,49,219,1,350,342,0,342,692
04/29/2000,ISP,NY,AEA,EN,Combined TRACON& Tower with Radar,72,28,62,1,163,1,0,241,10,252,73,28,303,11,415,340,2,342,757
04/30/2000,ISP,NY,AEA,EN,Combined TRACON& Tower with Radar,58,30,50,1,139,15,4,189,5,213,73,34,239,6,352,318,0,318,670
05/01/2000,ISP,NY,AEA,EN,Combined TRACON& Tower with Radar,65,42,73,0,180,9,2,169,0,180,74,44,242,0,360,270,0,270,630
05/02/2000,ISP,NY,AEA,EN,Combined TRACON& Tower with Radar,64,40,70,1,175,14,4,108,2,128,78,44,178,3,303,270,0,270,573
05/03/2000,ISP,NY,AEA,EN,Combined TRACON& Tower with Radar,72,47,83,1,203,0,3,314,1,318,72,50,397,2,521,456,0,456,977
05/04/2000,ISP,NY,AEA,EN,Combined TRACON& Tower with Radar,67,43,74,1,185,12,4,284,1,301,79,47,358,2,486,354,0,354,840
05/05/2000,ISP,NY,AEA,EN,Combined TRACON& Tower with Radar,77,52,90,1,220,0,3,244,1,248,77,55,334,2,468,320,0,320,788
05/06/2000,ISP,NY,AEA,EN,Combined TRACON& Tower with Radar,56,31,61,0,148,19,0,212,8,239,75,31,273,8,387,460,0,460,847
05/07/2000,ISP,NY,AEA,EN,Combined TRACON& Tower with Radar,63,40,70,1,174,12,4,175,0,191,75,44,245,1,365,390,0,390,755
05/08/2000,ISP,NY,AEA,EN,Combined TRACON& Tower with Radar,67,42,74,1,184,12,16,105,1,134,79,58,179,2,318,354,0,354,672
05/09/2000,ISP,NY,AEA,EN,Combined TRACON& Tower with Radar,65,41,71,1,178,6,9,135,4,154,71,50,206,5,332,482,0,482,814
05/10/2000,ISP,NY,AEA,EN,Combined TRACON& Tower with Radar,49,30,59,0,138,0,0,18,2,20,49,30,77,2,158,64,0,64,222
05/11/2000,ISP,NY,AEA,EN,Combined TRACON& Tower with Radar,82,51,89,2,224,0,0,214,0,214,82,51,303,2,438,464,0,464,902
05/12/2000,ISP,NY,AEA,EN,Combined TRACON& Tower with Radar,75,49,86,2,212,0,3,135,0,138,75,52,221,2,350,374,0,374,724
05/13/2000,ISP,NY,AEA,EN,Combined TRACON& Tower with Radar,62,30,66,0,158,3,0,38,0,41,65,30,104,0,199,290,0,290,489
05/14/2000,ISP,NY,AEA,EN,Combined TRACON& Tower with Radar,59,36,62,0,157,8,7,201,0,216,67,43,263,0,373,442,0,442,815
05/15/2000,ISP,NY,AEA,EN,Combined TRACON& Tower with Radar,68,46,80,0,194,0,8,232,0,240,68,54,312,0,434,376,0,376,810
05/16/2000,ISP,NY,AEA,EN,Combined TRACON& Tower with Radar,73,45,78,2,198,2,6,266,3,277,75,51,344,5,475,416,0,416,891
05/17/2000,ISP,NY,AEA,EN,Combined TRACON& Tower with Radar,71,49,86,2,208,0,0,207,5,212,71,49,293,7,420,478,0,478,898
05/18/2000,ISP,NY,AEA,EN,Combined TRACON& Tower with Radar,59,37,63,0,159,7,0,7,0,14,66,37,70,0,173,0,0,0,173
05/19/2000,ISP,NY,AEA,EN,Combined TRACON& Tower with Radar,76,48,84,0,208,0,3,2,0,5,76,51,86,0,213,0,0,0,213
05/20/2000,ISP,NY,AEA,EN,Combined TRACON& Tower with Radar,67,32,78,2,179,0,0,55,2,57,67,32,133,4,236,228,0,228,464
05/21/2000,ISP,NY,AEA,EN,Combined TRACON& Tower with Radar,70,43,103,2,218,0,0,26,16,42,70,43,129,18,260,44,18,62,322
05/22/2000,ISP,NY,AEA,EN,Combined TRACON& Tower with Radar,67,52,91,1,211,0,1,23,0,24,67,53,114,1,235,96,0,96,331
05/23/2000,ISP,NY,AEA,EN,Combined TRACON& Tower with Radar,83,55,113,2,253,0,0,45,0,45,83,55,158,2,298,82,0,82,380
05/24/2000,ISP,NY,AEA,EN,Combined TRACON& Tower with Radar,70,39,85,1,195,0,0,98,3,101,70,39,183,4,296,184,0,184,480
05/25/2000,ISP,NY,AEA,EN,Combined TRACON& Tower with Radar,73,46,92,1,212,0,0,209,4,213,73,46,301,5,425,458,0,458,883
05/26/2000,ISP,NY,AEA,EN,Combined TRACON& Tower with Radar,70,42,75,1,188,8,11,273,3,295,78,53,348,4,483,418,10,428,911
05/27/2000,ISP,NY,AEA,EN,Combined TRACON& Tower with Radar,57,26,61,0,144,9,0,293,432,734,66,26,354,432,878,0,66,66,944
05/28/2000,ISP,NY,AEA,EN,Combined TRACON& Tower with Radar,55,29,60,0,144,11,0,186,6,203,66,29,246,6,347,282,0,282,629
05/29/2000,ISP,NY,AEA,EN,Combined TRACON& Tower with Radar,59,36,64,0,159,11,6,138,15,170,70,42,202,15,329,348,30,378,707
05/30/2000,ISP,NY,AEA,EN,Combined TRACON& Tower with Radar,73,47,84,0,204,0,2,179,0,181,73,49,263,0,385,504,0,504,889
05/31/2000,ISP,NY,AEA,EN,Combined TRACON& Tower with Radar,75,50,96,0,221,0,0,211,0,211,75,50,307,0,432,434,0,434,866
06/01/2000,ISP,NY,AEA,EN,Combined TRACON& Tower with Radar,77,51,93,0,221,0,0,247,0,247,77,51,340,0,468,550,0,550,1018
06/02/2000,ISP,NY,AEA,EN,Combined TRACON& Tower with Radar,63,43,68,0,174,6,4,187,0,197,69,47,255,0,371,371,346,717,1088
06/03/2000,ISP,NY,AEA,EN,Combined TRACON& Tower with Radar,54,32,59,0,145,13,0,250,5,268,67,32,309,5,413,476,4,480,893
06/04/2000,ISP,NY,AEA,EN,Combined TRACON& Tower with Radar,57,39,62,0,158,9,9,310,2,330,66,48,372,2,488,530,0,530,1018
06/05/2000,ISP,NY,AEA,EN,Combined TRACON& Tower with Radar,64,44,69,0,177,3,6,187,0,196,67,50,256,0,373,406,0,406,779
06/06/2000,ISP,NY,AEA,EN,Combined TRACON& Tower with Radar,49,33,28,0,110,20,10,0,0,30,69,43,28,0,140,0,0,0,140
06/07/2000,ISP,NY,AEA,EN,Combined TRACON& Tower with Radar,70,46,75,1,192,3,10,206,0,219,73,56,281,1,411,502,0,502,913
06/08/2000,ISP,NY,AEA,EN,Combined TRACON& Tower with Radar,71,52,84,1,208,0,5,287,0,292,71,57,371,1,500,340,0,340,840
06/09/2000,ISP,NY,AEA,EN,Combined TRACON& Tower with Radar,66,44,71,1,182,4,3,249,2,258,70,47,320,3,440,408,0,408,848
06/10/2000,ISP,NY,AEA,EN,Combined TRACON& Tower with Radar,63,35,68,1,167,0,0,315,3,318,63,35,383,4,485,310,0,310,795
06/11/2000,ISP,NY,AEA,EN,Combined TRACON& Tower with Radar,52,33,57,1,143,9,0,189,0,198,61,33,246,1,341,176,0,176,517
06/12/2000,ISP,NY,AEA,EN,Combined TRACON& Tower with Radar,63,42,68,0,173,4,1,2,0,7,67,43,70,0,180,0,0,0,180
06/13/2000,ISP,NY,AEA,EN,Combined TRACON& Tower with Radar,73,54,92,0,219,0,0,104,0,104,73,54,196,0,323,348,0,348,671
06/14/2000,ISP,NY,AEA,EN,Combined TRACON& Tower with Radar,67,50,83,0,200,0,0,107,0,107,67,50,190,0,307,472,0,472,779
06/15/2000,ISP,NY,AEA,EN,Combined TRACON& Tower with Radar,59,39,62,0,160,2,11,28,0,41,61,50,90,0,201,228,0,228,429
06/16/2000,ISP,NY,AEA,EN,Combined TRACON& Tower with Radar,64,45,72,1,182,0,0,175,0,175,64,45,247,1,357,278,4,282,639
06/17/2000,ISP,NY,AEA,EN,Combined TRACON& Tower with Radar,58,31,61,1,151,14,0,167,2,183,72,31,228,3,334,334,0,334,668
06/18/2000,ISP,NY,AEA,EN,Combined TRACON& Tower with Radar,66,36,71,1,174,0,0,144,1,145,66,36,215,2,319,352,0,352,671
06/19/2000,ISP,NY,AEA,EN,Combined TRACON& Tower with Radar,68,58,92,0,218,0,2,142,0,144,68,60,234,0,362,414,0,414,776
06/20/2000,ISP,NY,AEA,EN,Combined TRACON& Tower with Radar,74,53,90,1,218,0,0,330,9,339,74,53,420,10,557,780,24,804,1361
06/21/2000,ISP,NY,AEA,EN,Combined TRACON& Tower with Radar,58,37,60,1,156,6,4,224,2,236,64,41,284,3,392,370,0,370,762
06/22/2000,ISP,NY,AEA,EN,Combined TRACON& Tower with Radar,68,45,71,1,185,0,0,181,2,183,68,45,252,3,368,294,0,294,662
06/23/2000,ISP,NY,AEA,EN,Combined TRACON& Tower with Radar,71,48,75,1,195,0,6,300,2,308,71,54,375,3,503,480,2,482,985
06/24/2000,ISP,NY,AEA,EN,Combined TRACON& Tower with Radar,50,29,51,1,131,20,0,250,3,273,70,29,301,4,404,422,42,464,868
06/25/2000,ISP,NY,AEA,EN,Combined TRACON& Tower with Radar,62,30,67,1,160,0,0,136,5,141,62,30,203,6,301,262,28,290,591
06/26/2000,ISP,NY,AEA,EN,Combined TRACON& Tower with Radar,67,48,79,1,195,0,0,159,1,160,67,48,238,2,355,384,36,420,775
06/27/2000,ISP,NY,AEA,EN,Combined TRACON& Tower with Radar,70,46,73,1,190,0,1,112,3,116,70,47,185,4,306,384,16,400,706
06/28/2000,ISP,NY,AEA,EN,Combined TRACON& Tower with Radar,84,52,92,1,229,0,0,299,2,301,84,52,391,3,530,592,10,602,1132
06/29/2000,ISP,NY,AEA,EN,Combined TRACON& Tower with Radar,71,52,83,0,206,0,2,146,1,149,71,54,229,1,355,370,16,386,741
06/30/2000,ISP,NY,AEA,EN,Combined TRACON& Tower with Radar,71,52,83,0,206,0,4,274,3,281,71,56,357,3,487,390,0,390,877
07/01/2000,ISP,NY,AEA,EN,Combined TRACON& Tower with Radar,44,25,54,0,123,25,0,278,2,305,69,25,332,2,428,454,0,454,882
07/02/2000,ISP,NY,AEA,EN,Combined TRACON& Tower with Radar,47,33,58,0,138,20,6,183,2,211,67,39,241,2,349,456,0,456,805
07/03/2000,ISP,NY,AEA,EN,Combined TRACON& Tower with Radar,56,34,69,0,159,10,0,167,0,177,66,34,236,0,336,404,0,404,740
07/04/2000,ISP,NY,AEA,EN,Combined TRACON& Tower with Radar,48,33,59,0,140,22,2,63,1,88,70,35,122,1,228,300,0,300,528
07/05/2000,ISP,NY,AEA,EN,Combined TRACON& Tower with Radar,62,42,75,1,180,7,10,279,1,297,69,52,354,2,477,408,0,408,885
07/06/2000,ISP,NY,AEA,EN,Combined TRACON& Tower with Radar,72,48,87,1,208,2,7,263,7,279,74,55,350,8,487,504,38,542,1029
07/07/2000,ISP,NY,AEA,EN,Combined TRACON& Tower with Radar,63,43,77,1,184,8,8,262,1,279,71,51,339,2,463,458,20,478,941
07/08/2000,ISP,NY,AEA,EN,Combined TRACON& Tower with Radar,46,29,57,0,132,27,0,259,19,305,73,29,316,19,437,450,30,480,917
07/09/2000,ISP,NY,AEA,EN,Combined TRACON& Tower with Radar,58,39,68,0,165,10,2,238,5,255,68,41,306,5,420,374,8,382,802
07/10/2000,ISP,NY,AEA,EN,Combined TRACON& Tower with Radar,68,49,87,1,205,0,3,110,1,114,68,52,197,2,319,390,6,396,715
07/11/2000,ISP,NY,AEA,EN,Combined TRACON& Tower with Radar,69,47,83,1,200,4,10,243,5,262,73,57,326,6,462,534,10,544,1006
07/12/2000,ISP,NY,AEA,EN,Combined TRACON& Tower with Radar,71,48,85,1,205,2,3,286,0,291,73,51,371,1,496,576,0,576,1072
07/13/2000,ISP,NY,AEA,EN,Combined TRACON& Tower with Radar,68,46,82,1,197,0,5,285,3,293,68,51,367,4,490,436,0,436,926
07/14/2000,ISP,NY,AEA,EN,Combined TRACON& Tower with Radar,61,42,76,0,179,0,10,168,0,178,61,52,244,0,357,306,0,306,663
07/15/2000,ISP,NY,AEA,EN,Combined TRACON& Tower with Radar,51,32,52,0,135,17,0,0,0,17,68,32,52,0,152,24,0,24,176
07/16/2000,ISP,NY,AEA,EN,Combined TRACON& Tower with Radar,54,33,63,0,150,4,0,118,0,122,58,33,181,0,272,402,0,402,674
07/17/2000,ISP,NY,AEA,EN,Combined TRACON& Tower with Radar,69,48,100,2,219,0,0,165,1,166,69,48,265,3,385,392,0,392,777
07/18/2000,ISP,NY,AEA,EN,Combined TRACON& Tower with Radar,66,43,79,2,190,5,2,135,3,145,71,45,214,5,335,388,16,404,739
07/19/2000,ISP,NY,AEA,EN,Combined TRACON& Tower with Radar,71,48,94,2,215,0,0,202,7,209,71,48,296,9,424,368,6,374,798
07/20/2000,ISP,NY,AEA,EN,Combined TRACON& Tower with Radar,77,60,111,2,250,0,0,325,4,329,77,60,436,6,579,456,0,456,1035
07/21/2000,ISP,NY,AEA,EN,Combined TRACON& Tower with Radar,68,51,93,2,214,0,13,237,4,254,68,64,330,6,468,374,16,390,858
07/22/2000,ISP,NY,AEA,EN,Combined TRACON& Tower with Radar,59,29,69,2,159,10,0,191,3,204,69,29,260,5,363,432,16,448,811
07/23/2000,ISP,NY,AEA,EN,Combined TRACON& Tower with Radar,60,39,71,2,172,6,6,252,3,267,66,45,323,5,439,529,0,529,968
07/24/2000,ISP,NY,AEA,EN,Combined TRACON& Tower with Radar,69,48,93,2,212,0,0,260,9,269,69,48,353,11,481,454,0,454,935
07/25/2000,ISP,NY,AEA,EN,Combined TRACON& Tower with Radar,71,50,93,2,216,0,0,170,3,173,71,50,263,5,389,342,4,346,735
07/26/2000,ISP,NY,AEA,EN,Combined TRACON& Tower with Radar,64,46,86,0,196,0,0,13,0,13,64,46,99,0,209,28,0,28,237
07/27/2000,ISP,NY,AEA,EN,Combined TRACON& Tower with Radar,74,46,116,0,236,0,0,45,0,45,74,46,161,0,281,30,0,30,311
07/28/2000,ISP,NY,AEA,EN,Combined TRACON& Tower with Radar,65,53,97,1,216,0,2,93,4,99,65,55,190,5,315,324,4,328,643
07/29/2000,ISP,NY,AEA,EN,Combined TRACON& Tower with Radar,25,30,61,0,116,0,0,111,1,112,25,30,172,1,228,276,0,276,504
07/30/2000,ISP,NY,AEA,EN,Combined TRACON& Tower with Radar,63,42,108,1,214,0,0,49,0,49,63,42,157,1,263,138,0,138,401
07/31/2000,ISP,NY,AEA,EN,Combined TRACON& Tower with Radar,62,43,74,0,179,0,12,0,0,12,62,55,74,0,191,0,0,0,191
08/01/2000,ISP,NY,AEA,EN,Combined TRACON& Tower with Radar,75,46,88,0,209,0,0,29,0,29,75,46,117,0,238,126,0,126,364
08/02/2000,ISP,NY,AEA,EN,Combined TRACON& Tower with Radar,68,40,102,1,211,0,0,108,2,110,68,40,210,3,321,328,0,328,649
08/03/2000,ISP,NY,AEA,EN,Combined TRACON& Tower with Radar,71,53,107,1,232,0,0,39,6,45,71,53,146,7,277,118,0,118,395
08/04/2000,ISP,NY,AEA,EN,Combined TRACON& Tower with Radar,70,49,94,1,214,0,4,257,7,268,70,53,351,8,482,380,8,388,870
08/05/2000,ISP,NY,AEA,EN,Combined TRACON& Tower with Radar,52,25,60,1,138,16,0,361,7,384,68,25,421,8,522,658,8,666,1188
08/06/2000,ISP,NY,AEA,EN,Combined TRACON& Tower with Radar,77,41,86,1,205,4,0,293,5,302,81,41,379,6,507,358,0,358,865
08/07/2000,ISP,NY,AEA,EN,Combined TRACON& Tower with Radar,76,40,85,0,201,6,0,89,0,95,82,40,174,0,296,350,0,350,646
08/08/2000,ISP,NY,AEA,EN,Combined TRACON& Tower with Radar,73,42,81,1,197,10,10,228,3,251,83,52,309,4,448,510,0,510,958
08/09/2000,ISP,NY,AEA,EN,Combined TRACON& Tower with Radar,80,50,98,1,229,0,0,183,1,184,80,50,281,2,413,296,0,296,709
08/10/2000,ISP,NY,AEA,EN,Combined TRACON& Tower with Radar,77,45,86,1,209,8,8,272,7,295,85,53,358,8,504,384,0,384,888
08/11/2000,ISP,NY,AEA,EN,Combined TRACON& Tower with Radar,71,41,80,1,193,7,9,154,9,179,78,50,234,10,372,380,28,408,780
08/12/2000,ISP,NY,AEA,EN,Combined TRACON& Tower with Radar,63,23,70,1,157,23,0,82,9,114,86,23,152,10,271,440,50,490,761
08/13/2000,ISP,NY,AEA,EN,Combined TRACON& Tower with Radar,75,38,113,2,228,0,0,75,6,81,75,38,188,8,309,344,0,344,653
08/14/2000,ISP,NY,AEA,EN,Combined TRACON& Tower with Radar,82,48,93,1,224,0,4,18,0,22,82,52,111,1,246,14,0,14,260
08/15/2000,ISP,NY,AEA,EN,Combined TRACON& Tower with Radar,82,48,103,2,235,0,0,172,2,174,82,48,275,4,409,438,0,438,847
08/16/2000,ISP,NY,AEA,EN,Combined TRACON& Tower with Radar,86,42,101,2,231,0,0,162,0,162,86,42,263,2,393,378,2,380,773
08/17/2000,ISP,NY,AEA,EN,Combined TRACON& Tower with Radar,81,45,89,2,217,2,13,367,4,386,83,58,456,6,603,302,6,308,911
08/18/2000,ISP,NY,AEA,EN,Combined TRACON& Tower with Radar,83,49,97,0,229,0,12,77,0,89,83,61,174,0,318,158,0,158,476
08/19/2000,ISP,NY,AEA,EN,Combined TRACON& Tower with Radar,63,30,69,2,164,26,0,285,3,314,89,30,354,5,478,486,0,486,964
08/20/2000,ISP,NY,AEA,EN,Combined TRACON& Tower with Radar,69,38,75,0,182,12,2,318,0,332,81,40,393,0,514,556,0,556,1070
08/21/2000,ISP,NY,AEA,EN,Combined TRACON& Tower with Radar,66,36,72,0,174,17,14,249,0,280,83,50,321,0,454,572,0,572,1026
08/22/2000,ISP,NY,AEA,EN,Combined TRACON& Tower with Radar,84,46,92,2,224,0,8,296,1,305,84,54,388,3,529,510,0,510,1039
08/23/2000,ISP,NY,AEA,EN,Combined TRACON& Tower with Radar,70,38,76,1,185,14,10,109,0,133,84,48,185,1,318,352,0,352,670
08/24/2000,ISP,NY,AEA,EN,Combined TRACON& Tower with Radar,83,52,102,1,238,0,0,165,0,165,83,52,267,1,403,382,0,382,785
08/25/2000,ISP,NY,AEA,EN,Combined TRACON& Tower with Radar,80,49,96,2,227,0,6,291,2,299,80,55,387,4,526,380,0,380,906
08/26/2000,ISP,NY,AEA,EN,Combined TRACON& Tower with Radar,60,31,65,0,156,21,0,258,0,279,81,31,323,0,435,462,0,462,897
08/27/2000,ISP,NY,AEA,EN,Combined TRACON& Tower with Radar,77,38,84,0,199,4,0,183,0,187,81,38,267,0,386,344,0,344,730
08/28/2000,ISP,NY,AEA,EN,Combined TRACON& Tower with Radar,84,48,99,0,231,0,0,56,0,56,84,48,155,0,287,182,0,182,469
08/29/2000,ISP,NY,AEA,EN,Combined TRACON& Tower with Radar,82,45,89,2,218,1,4,215,1,221,83,49,304,3,439,374,0,374,813
08/30/2000,ISP,NY,AEA,EN,Combined TRACON& Tower with Radar,82,52,113,3,250,0,0,112,3,115,82,52,225,6,365,294,0,294,659
08/31/2000,ISP,NY,AEA,EN,Combined TRACON& Tower with Radar,87,45,98,1,231,0,0,108,2,110,87,45,206,3,341,206,0,206,547
09/01/2000,ISP,NY,AEA,EN,Combined TRACON& Tower with Radar,0,1,94,0,95,88,52,127,3,270,88,53,221,3,365,288,0,288,653
09/02/2000,ISP,NY,AEA,EN,Combined TRACON& Tower with Radar,0,1,27,0,28,83,25,99,2,209,83,26,126,2,237,180,0,180,417
09/03/2000,ISP,NY,AEA,EN,Combined TRACON& Tower with Radar,0,1,35,0,36,83,48,55,0,186,83,49,90,0,222,150,0,150,372
09/04/2000,ISP,NY,AEA,EN,Combined TRACON& Tower with Radar,0,1,114,0,115,80,40,75,0,195,80,41,189,0,310,289,0,289,599
09/05/2000,ISP,NY,AEA,EN,Combined TRACON& Tower with Radar,0,1,218,2,221,78,41,80,2,201,78,42,298,4,422,324,0,324,746
09/06/2000,ISP,NY,AEA,EN,Combined TRACON& Tower with Radar,0,3,259,2,264,70,43,103,1,217,70,46,362,3,481,320,0,320,801
09/07/2000,ISP,NY,AEA,EN,Combined TRACON& Tower with Radar,0,2,250,2,254,74,52,86,3,215,74,54,336,5,469,398,0,398,867
09/08/2000,ISP,NY,AEA,EN,Combined TRACON& Tower with Radar,0,2,306,0,308,79,49,104,0,232,79,51,410,0,540,388,0,388,928
09/09/2000,ISP,NY,AEA,EN,Combined TRACON& Tower with Radar,0,1,183,2,186,76,21,87,6,190,76,22,270,8,376,446,0,446,822
09/10/2000,ISP,NY,AEA,EN,Combined TRACON& Tower with Radar,0,2,228,1,231,74,34,106,2,216,74,36,334,3,447,382,0,382,829
09/11/2000,ISP,NY,AEA,EN,Combined TRACON& Tower with Radar,0,0,109,0,109,74,49,90,0,213,74,49,199,0,322,343,0,343,665
09/12/2000,ISP,NY,AEA,EN,Combined TRACON& Tower with Radar,0,0,126,0,126,75,52,129,0,256,75,52,255,0,382,414,0,414,796
09/13/2000,ISP,NY,AEA,EN,Combined TRACON& Tower with Radar,0,0,143,2,145,78,54,86,0,218,78,54,229,2,363,382,10,392,755
09/14/2000,ISP,NY,AEA,EN,Combined TRACON& Tower with Radar,0,1,240,2,243,77,55,85,3,220,77,56,325,5,463,366,6,372,835
09/15/2000,ISP,NY,AEA,EN,Combined TRACON& Tower with Radar,0,0,109,1,110,75,55,77,1,208,75,55,186,2,318,174,40,214,532
09/16/2000,ISP,NY,AEA,EN,Combined TRACON& Tower with Radar,0,1,253,2,256,73,24,55,3,155,73,25,308,5,411,474,0,474,885
09/17/2000,ISP,NY,AEA,EN,Combined TRACON& Tower with Radar,0,1,237,3,241,69,40,101,0,210,69,41,338,3,451,392,0,392,843
09/18/2000,ISP,NY,AEA,EN,Combined TRACON& Tower with Radar,0,0,215,1,216,71,54,84,0,209,71,54,299,1,425,314,0,314,739
09/19/2000,ISP,NY,AEA,EN,Combined TRACON& Tower with Radar,0,0,57,1,58,69,47,86,1,203,69,47,143,2,261,232,0,232,493
09/20/2000,ISP,NY,AEA,EN,Combined TRACON& Tower with Radar,0,1,229,2,232,71,47,101,7,226,71,48,330,9,458,360,22,382,840
09/21/2000,ISP,NY,AEA,EN,Combined TRACON& Tower with Radar,0,0,156,0,156,71,49,128,0,248,71,49,284,0,404,540,0,540,944
09/22/2000,ISP,NY,AEA,EN,Combined TRACON& Tower with Radar,0,1,259,2,262,73,54,88,0,215,73,55,347,2,477,450,2,452,929
09/23/2000,ISP,NY,AEA,EN,Combined TRACON& Tower with Radar,0,0,134,1,135,73,24,86,4,187,73,24,220,5,322,254,0,254,576
09/24/2000,ISP,NY,AEA,EN,Combined TRACON& Tower with Radar,0,0,30,0,30,68,37,75,0,180,68,37,105,0,210,240,0,240,450
09/25/2000,ISP,NY,AEA,EN,Combined TRACON& Tower with Radar,0,0,170,1,171,75,49,92,1,217,75,49,262,2,388,306,0,306,694
09/26/2000,ISP,NY,AEA,EN,Combined TRACON& Tower with Radar,0,0,17,0,17,74,47,58,0,179,74,47,75,0,196,54,0,54,250
09/27/2000,ISP,NY,AEA,EN,Combined TRACON& Tower with Radar,0,1,246,1,248,80,50,69,9,208,80,51,315,10,456,462,0,462,918
09/28/2000,ISP,NY,AEA,EN,Combined TRACON& Tower with Radar,0,0,197,2,199,76,50,94,2,222,76,50,291,4,421,302,0,302,723
09/29/2000,ISP,NY,AEA,EN,Combined TRACON& Tower with Radar,0,1,308,0,309,79,59,150,0,288,79,60,458,0,597,498,0,498,1095
09/30/2000,ISP,NY,AEA,EN,Combined TRACON& Tower with Radar,0,1,282,2,285,73,17,84,0,174,73,18,366,2,459,500,0,500,959
10/01/2000,ISP,NY,AEA,EN,Combined TRACON& Tower with Radar,58,32,56,0,146,13,2,233,0,248,71,34,289,0,394,318,0,318,712
10/02/2000,ISP,NY,AEA,EN,Combined TRACON& Tower with Radar,84,50,86,3,223,0,4,187,0,191,84,54,273,3,414,486,0,486,900
10/03/2000,ISP,NY,AEA,EN,Combined TRACON& Tower with Radar,73,46,78,2,199,0,1,216,10,227,73,47,294,12,426,350,10,360,786
10/04/2000,ISP,NY,AEA,EN,Combined TRACON& Tower with Radar,74,41,71,2,188,0,4,213,0,217,74,45,284,2,405,308,0,308,713
10/05/2000,ISP,NY,AEA,EN,Combined TRACON& Tower with Radar,77,45,76,2,200,0,0,121,6,127,77,45,197,8,327,378,0,378,705
10/06/2000,ISP,NY,AEA,EN,Combined TRACON& Tower with Radar,76,45,90,3,214,0,0,59,2,61,76,45,149,5,275,214,30,244,519
10/07/2000,ISP,NY,AEA,EN,Combined TRACON& Tower with Radar,66,20,63,2,151,6,0,247,10,263,72,20,310,12,414,398,0,398,812
10/08/2000,ISP,NY,AEA,EN,Combined TRACON& Tower with Radar,68,38,68,2,176,0,0,241,2,243,68,38,309,4,419,508,24,532,951
10/09/2000,ISP,NY,AEA,EN,Combined TRACON& Tower with Radar,70,41,71,0,182,0,5,196,0,201,70,46,267,0,383,424,0,424,807
10/10/2000,ISP,NY,AEA,EN,Combined TRACON& Tower with Radar,60,33,58,0,151,5,16,175,0,196,65,49,233,0,347,308,0,308,655
10/11/2000,ISP,NY,AEA,EN,Combined TRACON& Tower with Radar,72,40,70,2,184,0,15,170,10,195,72,55,240,12,379,396,14,410,789
10/12/2000,ISP,NY,AEA,EN,Combined TRACON& Tower with Radar,76,45,78,4,203,0,3,278,3,284,76,48,356,7,487,402,14,416,903
10/13/2000,ISP,NY,AEA,EN,Combined TRACON& Tower with Radar,78,42,75,0,195,0,13,302,0,315,78,55,377,0,510,382,0,382,892
10/14/2000,ISP,NY,AEA,EN,Combined TRACON& Tower with Radar,68,32,65,3,168,2,0,289,2,293,70,32,354,5,461,436,0,436,897
10/15/2000,ISP,NY,AEA,EN,Combined TRACON& Tower with Radar,70,36,66,1,173,0,0,276,0,276,70,36,342,1,449,416,0,416,865
10/16/2000,ISP,NY,AEA,EN,Combined TRACON& Tower with Radar,78,40,77,0,195,0,0,73,0,73,78,40,150,0,268,260,0,260,528
10/17/2000,ISP,NY,AEA,EN,Combined TRACON& Tower with Radar,77,41,72,3,193,0,3,48,6,57,77,44,120,9,250,244,30,274,524
10/18/2000,ISP,NY,AEA,EN,Combined TRACON& Tower with Radar,73,40,79,0,192,0,0,22,0,22,73,40,101,0,214,72,0,72,286
10/19/2000,ISP,NY,AEA,EN,Combined TRACON& Tower with Radar,75,40,70,2,187,0,4,239,0,243,75,44,309,2,430,416,12,428,858
10/20/2000,ISP,NY,AEA,EN,Combined TRACON& Tower with Radar,80,46,81,2,209,0,5,281,0,286,80,51,362,2,495,530,0,530,1025
10/21/2000,ISP,NY,AEA,EN,Combined TRACON& Tower with Radar,61,22,57,3,143,15,0,221,1,237,76,22,278,4,380,368,18,386,766
10/22/2000,ISP,NY,AEA,EN,Combined TRACON& Tower with Radar,57,30,52,3,142,10,3,232,1,246,67,33,284,4,388,320,0,320,708
10/23/2000,ISP,NY,AEA,EN,Combined TRACON& Tower with Radar,69,36,64,1,170,8,11,181,0,200,77,47,245,1,370,462,0,462,832
10/24/2000,ISP,NY,AEA,EN,Combined TRACON& Tower with Radar,73,41,72,3,189,0,1,198,33,232,73,42,270,36,421,406,0,406,827
10/25/2000,ISP,NY,AEA,EN,Combined TRACON& Tower with Radar,76,44,78,4,202,0,1,229,2,232,76,45,307,6,434,420,0,420,854
10/26/2000,ISP,NY,AEA,EN,Combined TRACON& Tower with Radar,63,33,58,3,157,3,3,137,4,147,66,36,195,7,304,262,30,292,596
10/27/2000,ISP,NY,AEA,EN,Combined TRACON& Tower with Radar,81,48,85,3,217,0,0,124,2,126,81,48,209,5,343,272,2,274,617
10/28/2000,ISP,NY,AEA,EN,Combined TRACON& Tower with Radar,47,19,44,1,111,25,0,28,3,56,72,19,72,4,167,62,0,62,229
10/29/2000,ISP,NY,AEA,EN,Combined TRACON& Tower with Radar,58,31,54,1,144,11,0,61,0,72,69,31,115,1,216,66,0,66,282
10/30/2000,ISP,NY,AEA,EN,Combined TRACON& Tower with Radar,71,37,66,0,174,7,9,97,0,113,78,46,163,0,287,224,0,224,511
10/31/2000,ISP,NY,AEA,EN,Combined TRACON& Tower with Radar,70,36,65,2,173,4,0,90,9,103,74,36,155,11,276,244,10,254,530
11/01/2000,ISP,NY,AEA,EN,Combined TRACON& Tower with Radar,65,34,66,1,166,3,10,150,5,168,68,44,216,6,334,332,2,334,668
11/02/2000,ISP,NY,AEA,EN,Combined TRACON& Tower with Radar,67,35,68,1,171,10,4,193,8,215,77,39,261,9,386,286,0,286,672
11/03/2000,ISP,NY,AEA,EN,Combined TRACON& Tower with Radar,72,45,89,2,208,0,6,299,2,307,72,51,388,4,515,430,0,430,945
11/04/2000,ISP,NY,AEA,EN,Combined TRACON& Tower with Radar,64,16,65,1,146,4,0,315,7,326,68,16,380,8,472,384,0,384,856
11/05/2000,ISP,NY,AEA,EN,Combined TRACON& Tower with Radar,62,28,62,1,153,8,0,122,13,143,70,28,184,14,296,334,0,334,630
11/06/2000,ISP,NY,AEA,EN,Combined TRACON& Tower with Radar,70,38,73,1,182,0,8,159,1,168,70,46,232,2,350,278,0,278,628
11/07/2000,ISP,NY,AEA,EN,Combined TRACON& Tower with Radar,75,42,82,2,201,0,0,202,25,227,75,42,284,27,428,440,20,460,888
11/08/2000,ISP,NY,AEA,EN,Combined TRACON& Tower with Radar,71,43,89,2,205,0,0,255,2,257,71,43,344,4,462,408,6,414,876
11/09/2000,ISP,NY,AEA,EN,Combined TRACON& Tower with Radar,76,43,84,2,205,0,7,168,8,183,76,50,252,10,388,435,8,443,831
11/10/2000,ISP,NY,AEA,EN,Combined TRACON& Tower with Radar,63,32,64,0,159,12,15,7,0,34,75,47,71,0,193,124,0,124,317
11/11/2000,ISP,NY,AEA,EN,Combined TRACON& Tower with Radar,70,19,71,2,162,0,0,49,1,50,70,19,120,3,212,122,4,126,338
11/12/2000,ISP,NY,AEA,EN,Combined TRACON& Tower with Radar,72,36,74,2,184,0,2,213,1,216,72,38,287,3,400,468,0,468,868
11/13/2000,ISP,NY,AEA,EN,Combined TRACON& Tower with Radar,70,36,71,0,177,3,1,128,0,132,73,37,199,0,309,286,5,291,600
11/14/2000,ISP,NY,AEA,EN,Combined TRACON& Tower with Radar,75,31,77,2,185,0,0,33,1,34,75,31,110,3,219,60,3,63,282
11/15/2000,ISP,NY,AEA,EN,Combined TRACON& Tower with Radar,72,37,75,2,186,0,1,134,0,135,72,38,209,2,321,242,0,242,563
11/16/2000,ISP,NY,AEA,EN,Combined TRACON& Tower with Radar,67,34,66,2,169,3,1,266,5,275,70,35,332,7,444,316,0,316,760
11/17/2000,ISP,NY,AEA,EN,Combined TRACON& Tower with Radar,71,43,86,2,202,0,1,210,0,211,71,44,296,2,413,374,0,374,787
11/18/2000,ISP,NY,AEA,EN,Combined TRACON& Tower with Radar,56,25,54,2,137,11,0,195,6,212,67,25,249,8,349,418,0,418,767
11/19/2000,ISP,NY,AEA,EN,Combined TRACON& Tower with Radar,74,33,73,2,182,3,0,228,1,232,77,33,301,3,414,402,4,406,820
11/20/2000,ISP,NY,AEA,EN,Combined TRACON& Tower with Radar,72,35,71,1,179,1,2,147,0,150,73,37,218,1,329,322,2,324,653
11/21/2000,ISP,NY,AEA,EN,Combined TRACON& Tower with Radar,74,37,74,2,187,0,7,144,1,152,74,44,218,3,339,406,0,406,745
11/22/2000,ISP,NY,AEA,EN,Combined TRACON& Tower with Radar,71,40,79,0,190,0,2,153,0,155,71,42,232,0,345,290,0,290,635
11/23/2000,ISP,NY,AEA,EN,Combined TRACON& Tower with Radar,34,17,33,0,84,16,8,37,0,61,50,25,70,0,145,180,0,180,325
11/24/2000,ISP,NY,AEA,EN,Combined TRACON& Tower with Radar,54,26,53,0,133,4,3,226,0,233,58,29,279,0,366,404,0,404,770
11/25/2000,ISP,NY,AEA,EN,Combined TRACON& Tower with Radar,59,29,62,2,152,0,0,229,0,229,59,29,291,2,381,440,0,440,821
11/26/2000,ISP,NY,AEA,EN,Combined TRACON& Tower with Radar,62,25,61,0,148,4,0,5,0,9,66,25,66,0,157,0,0,0,157
11/27/2000,ISP,NY,AEA,EN,Combined TRACON& Tower with Radar,77,38,78,1,194,0,0,116,0,116,77,38,194,1,310,224,4,228,538
11/28/2000,ISP,NY,AEA,EN,Combined TRACON& Tower with Radar,73,36,73,1,183,0,1,196,5,202,73,37,269,6,385,436,0,436,821
11/29/2000,ISP,NY,AEA,EN,Combined TRACON& Tower with Radar,73,36,77,1,187,0,0,166,2,168,73,36,243,3,355,418,2,420,775
11/30/2000,ISP,NY,AEA,EN,Combined TRACON& Tower with Radar,63,31,63,1,158,11,10,23,8,52,74,41,86,9,210,200,0,200,410
12/01/2000,ISP,NY,AEA,EN,Combined TRACON& Tower with Radar,75,39,59,1,174,1,0,192,0,193,76,39,251,1,367,512,4,516,883
12/02/2000,ISP,NY,AEA,EN,Combined TRACON& Tower with Radar,57,25,44,1,127,10,0,190,1,201,67,25,234,2,328,356,0,356,684
12/03/2000,ISP,NY,AEA,EN,Combined TRACON& Tower with Radar,58,30,46,0,134,6,0,244,0,250,64,30,290,0,384,379,0,379,763
12/04/2000,ISP,NY,AEA,EN,Combined TRACON& Tower with Radar,72,46,64,1,183,0,0,155,4,159,72,46,219,5,342,314,10,324,666
12/05/2000,ISP,NY,AEA,EN,Combined TRACON& Tower with Radar,66,40,51,1,158,4,6,205,0,215,70,46,256,1,373,368,0,368,741
12/06/2000,ISP,NY,AEA,EN,Combined TRACON& Tower with Radar,70,52,68,1,191,0,4,167,6,177,70,56,235,7,368,288,4,292,660
12/07/2000,ISP,NY,AEA,EN,Combined TRACON& Tower with Radar,76,51,72,2,201,0,0,168,11,179,76,51,240,13,380,358,4,362,742
12/08/2000,ISP,NY,AEA,EN,Combined TRACON& Tower with Radar,67,50,65,2,184,0,1,50,7,58,67,51,115,9,242,158,44,202,444
12/09/2000,ISP,NY,AEA,EN,Combined TRACON& Tower with Radar,62,20,48,2,132,5,0,224,8,237,67,20,272,10,369,462,15,477,846
12/10/2000,ISP,NY,AEA,EN,Combined TRACON& Tower with Radar,64,33,57,2,156,0,0,212,2,214,64,33,269,4,370,450,0,450,820
12/11/2000,ISP,NY,AEA,EN,Combined TRACON& Tower with Radar,69,50,65,0,184,0,5,31,0,36,69,55,96,0,220,84,0,84,304
12/12/2000,ISP,NY,AEA,EN,Combined TRACON& Tower with Radar,58,35,37,0,130,13,10,0,0,23,71,45,37,0,153,2,0,2,155
12/13/2000,ISP,NY,AEA,EN,Combined TRACON& Tower with Radar,71,48,62,0,181,0,6,219,0,225,71,54,281,0,406,482,0,482,888
12/14/2000,ISP,NY,AEA,EN,Combined TRACON& Tower with Radar,65,38,52,0,155,0,0,46,0,46,65,38,98,0,201,188,0,188,389
12/15/2000,ISP,NY,AEA,EN,Combined TRACON& Tower with Radar,69,47,61,2,179,0,7,274,3,284,69,54,335,5,463,360,4,364,827
12/16/2000,ISP,NY,AEA,EN,Combined TRACON& Tower with Radar,64,23,49,0,136,1,0,49,0,50,65,23,98,0,186,216,0,216,402
12/17/2000,ISP,NY,AEA,EN,Combined TRACON& Tower with Radar,38,21,17,0,76,17,0,0,0,17,55,21,17,0,93,0,0,0,93
12/18/2000,ISP,NY,AEA,EN,Combined TRACON& Tower with Radar,70,48,61,2,181,0,0,144,4,148,70,48,205,6,329,316,6,322,651
12/19/2000,ISP,NY,AEA,EN,Combined TRACON& Tower with Radar,72,48,63,2,185,0,1,153,8,162,72,49,216,10,347,346,0,346,693
12/20/2000,ISP,NY,AEA,EN,Combined TRACON& Tower with Radar,72,43,55,2,172,2,8,45,2,57,74,51,100,4,229,294,0,294,523
12/21/2000,ISP,NY,AEA,EN,Combined TRACON& Tower with Radar,69,50,65,2,186,0,7,224,0,231,69,57,289,2,417,370,4,374,791
12/22/2000,ISP,NY,AEA,EN,Combined TRACON& Tower with Radar,68,41,53,1,163,0,13,0,0,13,68,54,53,1,176,20,0,20,196
12/23/2000,ISP,NY,AEA,EN,Combined TRACON& Tower with Radar,54,30,41,0,125,14,0,153,0,167,68,30,194,0,292,254,0,254,546
12/24/2000,ISP,NY,AEA,EN,Combined TRACON& Tower with Radar,45,27,35,0,107,17,1,95,0,113,62,28,130,0,220,252,0,252,472
12/25/2000,ISP,NY,AEA,EN,Combined TRACON& Tower with Radar,34,20,16,0,70,24,1,0,0,25,58,21,16,0,95,0,0,0,95
12/26/2000,ISP,NY,AEA,EN,Combined TRACON& Tower with Radar,63,37,49,0,149,6,10,98,0,114,69,47,147,0,263,166,0,166,429
12/27/2000,ISP,NY,AEA,EN,Combined TRACON& Tower with Radar,74,45,59,1,179,0,9,184,1,194,74,54,243,2,373,444,0,444,817
12/28/2000,ISP,NY,AEA,EN,Combined TRACON& Tower with Radar,75,47,61,0,183,0,1,118,0,119,75,48,179,0,302,220,0,220,522
12/29/2000,ISP,NY,AEA,EN,Combined TRACON& Tower with Radar,72,44,58,0,174,0,4,218,0,222,72,48,276,0,396,378,0,378,774
12/30/2000,ISP,NY,AEA,EN,Combined TRACON& Tower with Radar,15,8,6,0,29,11,0,0,0,11,26,8,6,0,40,0,0,0,40
12/31/2000,ISP,NY,AEA,EN,Combined TRACON& Tower with Radar,36,20,28,0,84,17,0,9,0,26,53,20,37,0,110,52,0,52,162
01/01/2001,ISP,NY,AEA,EN,Combined TRACON& Tower with Radar,42,31,35,0,108,19,0,54,0,73,61,31,89,0,181,64,0,64,245
01/02/2001,ISP,NY,AEA,EN,Combined TRACON& Tower with Radar,68,53,59,2,182,0,1,106,12,119,68,54,165,14,301,316,0,316,617
01/03/2001,ISP,NY,AEA,EN,Combined TRACON& Tower with Radar,71,53,58,2,184,2,0,181,7,190,73,53,239,9,374,350,12,362,736
01/04/2001,ISP,NY,AEA,EN,Combined TRACON& Tower with Radar,75,51,62,2,190,0,0,165,6,171,75,51,227,8,361,267,24,291,652
01/05/2001,ISP,NY,AEA,EN,Combined TRACON& Tower with Radar,67,52,58,2,179,0,2,66,0,68,67,54,124,2,247,216,0,216,463
01/06/2001,ISP,NY,AEA,EN,Combined TRACON& Tower with Radar,62,32,51,2,147,4,0,151,6,161,66,32,202,8,308,366,0,366,674
01/07/2001,ISP,NY,AEA,EN,Combined TRACON& Tower with Radar,68,38,55,2,163,0,0,221,4,225,68,38,276,6,388,386,0,386,774
01/08/2001,ISP,NY,AEA,EN,Combined TRACON& Tower with Radar,69,53,59,2,183,0,10,34,3,47,69,63,93,5,230,110,15,125,355
01/09/2001,ISP,NY,AEA,EN,Combined TRACON& Tower with Radar,67,49,55,2,173,6,11,27,4,48,73,60,82,6,221,134,18,152,373
01/10/2001,ISP,NY,AEA,EN,Combined TRACON& Tower with Radar,71,52,58,2,183,5,5,114,1,125,76,57,172,3,308,348,4,352,660
01/11/2001,ISP,NY,AEA,EN,Combined TRACON& Tower with Radar,71,59,65,2,197,0,2,197,10,209,71,61,262,12,406,412,6,418,824
01/12/2001,ISP,NY,AEA,EN,Combined TRACON& Tower with Radar,68,54,61,3,186,0,8,241,4,253,68,62,302,7,439,442,0,442,881
01/13/2001,ISP,NY,AEA,EN,Combined TRACON& Tower with Radar,64,30,56,0,150,0,0,292,0,292,64,30,348,0,442,418,0,418,860
01/14/2001,ISP,NY,AEA,EN,Combined TRACON& Tower with Radar,70,41,57,3,171,0,0,167,3,170,70,41,224,6,341,360,2,362,703
01/15/2001,ISP,NY,AEA,EN,Combined TRACON& Tower with Radar,68,48,55,2,173,3,0,0,0,3,71,48,55,2,176,12,0,12,188
01/16/2001,ISP,NY,AEA,EN,Combined TRACON& Tower with Radar,72,54,69,3,198,0,0,132,7,139,72,54,201,10,337,232,4,236,573
01/17/2001,ISP,NY,AEA,EN,Combined TRACON& Tower with Radar,71,55,61,3,190,0,5,227,9,241,71,60,288,12,431,406,0,406,837
01/18/2001,ISP,NY,AEA,EN,Combined TRACON& Tower with Radar,71,58,64,3,196,0,3,124,3,130,71,61,188,6,326,210,4,214,540
01/19/2001,ISP,NY,AEA,EN,Combined TRACON& Tower with Radar,62,44,27,3,136,11,12,0,0,23,73,56,27,3,159,0,0,0,159
01/20/2001,ISP,NY,AEA,EN,Combined TRACON& Tower with Radar,37,27,7,0,71,26,0,0,0,26,63,27,7,0,97,0,0,0,97
01/21/2001,ISP,NY,AEA,EN,Combined TRACON& Tower with Radar,33,25,27,0,85,0,6,20,0,26,33,31,47,0,111,46,0,46,157
01/22/2001,ISP,NY,AEA,EN,Combined TRACON& Tower with Radar,67,49,53,1,170,5,11,116,0,132,72,60,169,1,302,174,0,174,476
01/23/2001,ISP,NY,AEA,EN,Combined TRACON& Tower with Radar,74,61,68,2,205,0,0,181,0,181,74,61,249,2,386,326,0,326,712
01/24/2001,ISP,NY,AEA,EN,Combined TRACON& Tower with Radar,70,56,63,3,192,0,2,186,1,189,70,58,249,4,381,328,0,328,709
01/25/2001,ISP,NY,AEA,EN,Combined TRACON& Tower with Radar,70,58,64,2,194,0,1,89,0,90,70,59,153,2,284,322,0,322,606
01/26/2001,ISP,NY,AEA,EN,Combined TRACON& Tower with Radar,73,53,59,0,185,0,3,208,0,211,73,56,267,0,396,284,0,284,680
01/27/2001,ISP,NY,AEA,EN,Combined TRACON& Tower with Radar,54,31,44,0,129,14,0,57,0,71,68,31,101,0,200,164,0,164,364
01/28/2001,ISP,NY,AEA,EN,Combined TRACON& Tower with Radar,58,38,47,0,143,7,0,226,0,233,65,38,273,0,376,424,0,424,800
01/29/2001,ISP,NY,AEA,EN,Combined TRACON& Tower with Radar,70,52,58,2,182,0,9,160,4,173,70,61,218,6,355,326,0,326,681
01/30/2001,ISP,NY,AEA,EN,Combined TRACON& Tower with Radar,68,48,51,2,169,3,6,0,6,15,71,54,51,8,184,70,10,80,264
01/31/2001,ISP,NY,AEA,EN,Combined TRACON& Tower with Radar,71,59,68,2,200,0,0,126,13,139,71,59,194,15,339,310,0,310,649
02/01/2001,ISP,NY,AEA,EN,Combined TRACON& Tower with Radar,71,55,68,3,197,0,1,191,1,193,71,56,259,4,390,326,8,334,724
02/02/2001,ISP,NY,AEA,EN,Combined TRACON& Tower with Radar,74,53,66,3,196,0,7,97,8,112,74,60,163,11,308,434,42,476,784
02/03/2001,ISP,NY,AEA,EN,Combined TRACON& Tower with Radar,50,27,43,2,122,14,0,156,19,189,64,27,199,21,311,240,66,306,617
02/04/2001,ISP,NY,AEA,EN,Combined TRACON& Tower with Radar,64,35,57,2,158,0,0,190,18,208,64,35,247,20,366,434,36,470,836
02/05/2001,ISP,NY,AEA,EN,Combined TRACON& Tower with Radar,49,34,32,1,116,6,7,0,4,17,55,41,32,5,133,30,6,36,169
02/06/2001,ISP,NY,AEA,EN,Combined TRACON& Tower with Radar,73,49,69,3,194,0,0,83,10,93,73,49,152,13,287,278,26,304,591
02/07/2001,ISP,NY,AEA,EN,Combined TRACON& Tower with Radar,73,56,71,0,200,0,3,240,0,243,73,59,311,0,443,382,0,382,825
02/08/2001,ISP,NY,AEA,EN,Combined TRACON& Tower with Radar,73,54,67,3,197,0,1,199,6,206,73,55,266,9,403,238,0,238,641
02/09/2001,ISP,NY,AEA,EN,Combined TRACON& Tower with Radar,77,61,83,1,222,0,0,68,0,68,77,61,151,1,290,156,0,156,446
02/10/2001,ISP,NY,AEA,EN,Combined TRACON& Tower with Radar,39,27,27,0,93,30,0,0,0,30,69,27,27,0,123,0,0,0,123
02/11/2001,ISP,NY,AEA,EN,Combined TRACON& Tower with Radar,52,34,45,0,131,9,0,150,0,159,61,34,195,0,290,112,0,112,402
02/12/2001,ISP,NY,AEA,EN,Combined TRACON& Tower with Radar,74,53,66,4,197,0,8,153,2,163,74,61,219,6,360,344,0,344,704
02/13/2001,ISP,NY,AEA,EN,Combined TRACON& Tower with Radar,72,57,73,4,206,0,4,202,4,210,72,61,275,8,416,374,0,374,790
02/14/2001,ISP,NY,AEA,EN,Combined TRACON& Tower with Radar,70,49,62,0,181,0,5,63,0,68,70,54,125,0,249,232,0,232,481
02/15/2001,ISP,NY,AEA,EN,Combined TRACON& Tower with Radar,80,61,78,4,223,0,2,158,5,165,80,63,236,9,388,348,16,364,752
02/16/2001,ISP,NY,AEA,EN,Combined TRACON& Tower with Radar,70,57,76,1,204,0,0,83,0,83,70,57,159,1,287,178,0,178,465
02/17/2001,ISP,NY,AEA,EN,Combined TRACON& Tower with Radar,44,27,39,1,111,23,0,25,0,48,67,27,64,1,159,100,0,100,259
02/18/2001,ISP,NY,AEA,EN,Combined TRACON& Tower with Radar,62,38,52,0,152,1,0,208,0,209,63,38,260,0,361,366,0,366,727
02/19/2001,ISP,NY,AEA,EN,Combined TRACON& Tower with Radar,70,48,60,1,179,0,9,159,0,168,70,57,219,1,347,370,0,370,717
02/20/2001,ISP,NY,AEA,EN,Combined TRACON& Tower with Radar,74,55,69,4,202,0,3,175,5,183,74,58,244,9,385,372,8,380,765
02/21/2001,ISP,NY,AEA,EN,Combined TRACON& Tower with Radar,68,46,57,3,174,3,16,94,0,113,71,62,151,3,287,198,0,198,485
02/22/2001,ISP,NY,AEA,EN,Combined TRACON& Tower with Radar,68,49,62,3,182,0,0,104,13,117,68,49,166,16,299,244,8,252,551
02/23/2001,ISP,NY,AEA,EN,Combined TRACON& Tower with Radar,75,51,64,0,190,2,12,78,0,92,77,63,142,0,282,174,0,174,456
02/24/2001,ISP,NY,AEA,EN,Combined TRACON& Tower with Radar,63,26,53,0,142,6,0,243,0,249,69,26,296,0,391,430,0,430,821
02/25/2001,ISP,NY,AEA,EN,Combined TRACON& Tower with Radar,50,25,30,1,106,22,0,0,1,23,72,25,30,2,129,0,0,0,129
02/26/2001,ISP,NY,AEA,EN,Combined TRACON& Tower with Radar,59,40,50,2,151,7,4,83,1,95,66,44,133,3,246,190,30,220,466
02/27/2001,ISP,NY,AEA,EN,Combined TRACON& Tower with Radar,71,52,79,3,205,0,0,211,15,226,71,52,290,18,431,392,20,412,843
02/28/2001,ISP,NY,AEA,EN,Combined TRACON& Tower with Radar,69,47,59,2,177,2,5,163,5,175,71,52,222,7,352,310,6,316,668
03/01/2001,ISP,NY,AEA,EN,Combined TRACON& Tower with Radar,73,49,69,2,193,0,0,170,7,177,73,49,239,9,370,348,0,348,718
03/02/2001,ISP,NY,AEA,EN,Combined TRACON& Tower with Radar,65,40,44,0,149,5,8,0,0,13,70,48,44,0,162,0,0,0,162
03/03/2001,ISP,NY,AEA,EN,Combined TRACON& Tower with Radar,63,21,66,2,152,0,0,160,9,169,63,21,226,11,321,312,16,328,649
03/04/2001,ISP,NY,AEA,EN,Combined TRACON& Tower with Radar,48,30,42,1,121,14,1,70,4,89,62,31,112,5,210,258,0,258,468
03/05/2001,ISP,NY,AEA,EN,Combined TRACON& Tower with Radar,18,0,10,0,28,17,0,0,1,18,35,0,10,1,46,0,0,0,46
03/06/2001,ISP,NY,AEA,EN,Combined TRACON& Tower with Radar,19,2,8,0,29,20,0,0,0,20,39,2,8,0,49,0,0,0,49
03/07/2001,ISP,NY,AEA,EN,Combined TRACON& Tower with Radar,65,42,61,2,170,0,0,106,0,106,65,42,167,2,276,304,10,314,590
03/08/2001,ISP,NY,AEA,EN,Combined TRACON& Tower with Radar,74,45,67,2,188,0,0,185,3,188,74,45,252,5,376,356,10,366,742
03/09/2001,ISP,NY,AEA,EN,Combined TRACON& Tower with Radar,56,34,46,1,137,15,5,0,0,20,71,39,46,1,157,36,0,36,193
03/10/2001,ISP,NY,AEA,EN,Combined TRACON& Tower with Radar,52,21,46,2,121,16,0,159,12,187,68,21,205,14,308,382,18,400,708
03/11/2001,ISP,NY,AEA,EN,Combined TRACON& Tower with Radar,65,46,66,3,180,0,1,227,0,228,65,47,293,3,408,346,16,362,770
03/12/2001,ISP,NY,AEA,EN,Combined TRACON& Tower with Radar,70,47,69,1,187,0,5,251,0,256,70,52,320,1,443,470,6,476,919
03/13/2001,ISP,NY,AEA,EN,Combined TRACON& Tower with Radar,63,38,42,2,145,5,13,0,0,18,68,51,42,2,163,0,0,0,163
03/14/2001,ISP,NY,AEA,EN,Combined TRACON& Tower with Radar,61,37,53,2,153,15,9,74,0,98,76,46,127,2,251,268,0,268,519
03/15/2001,ISP,NY,AEA,EN,Combined TRACON& Tower with Radar,74,49,70,3,196,0,2,208,14,224,74,51,278,17,420,280,38,318,738
03/16/2001,ISP,NY,AEA,EN,Combined TRACON& Tower with Radar,69,49,70,2,190,0,2,202,0,204,69,51,272,2,394,264,0,264,658
03/17/2001,ISP,NY,AEA,EN,Combined TRACON& Tower with Radar,66,26,57,0,149,0,0,121,0,121,66,26,178,0,270,356,0,356,626
03/18/2001,ISP,NY,AEA,EN,Combined TRACON& Tower with Radar,61,36,51,0,148,7,1,98,0,106,68,37,149,0,254,304,0,304,558
03/19/2001,ISP,NY,AEA,EN,Combined TRACON& Tower with Radar,66,47,67,0,180,0,10,150,0,160,66,57,217,0,340,334,0,334,674
03/20/2001,ISP,NY,AEA,EN,Combined TRACON& Tower with Radar,69,47,70,3,189,0,0,260,1,261,69,47,330,4,450,406,2,408,858
03/21/2001,ISP,NY,AEA,EN,Combined TRACON& Tower with Radar,72,43,60,3,178,2,9,29,3,43,74,52,89,6,221,124,18,142,363
03/22/2001,ISP,NY,AEA,EN,Combined TRACON& Tower with Radar,56,34,35,0,125,14,2,0,0,16,70,36,35,0,141,30,0,30,171
03/23/2001,ISP,NY,AEA,EN,Combined TRACON& Tower with Radar,63,37,53,2,155,9,16,58,2,85,72,53,111,4,240,108,0,108,348
03/24/2001,ISP,NY,AEA,EN,Combined TRACON& Tower with Radar,56,25,47,0,128,11,0,126,0,137,67,25,173,0,265,188,0,188,453
03/25/2001,ISP,NY,AEA,EN,Combined TRACON& Tower with Radar,61,36,52,0,149,6,2,244,0,252,67,38,296,0,401,408,0,408,809
03/26/2001,ISP,NY,AEA,EN,Combined TRACON& Tower with Radar,66,40,57,0,163,2,12,1,0,15,68,52,58,0,178,92,0,92,270
03/27/2001,ISP,NY,AEA,EN,Combined TRACON& Tower with Radar,66,50,72,2,190,0,2,185,13,200,66,52,257,15,390,438,8,446,836
03/28/2001,ISP,NY,AEA,EN,Combined TRACON& Tower with Radar,68,43,62,2,175,0,9,269,3,281,68,52,331,5,456,522,0,522,978
03/29/2001,ISP,NY,AEA,EN,Combined TRACON& Tower with Radar,63,54,77,2,196,0,5,147,8,160,63,59,224,10,356,396,18,414,770
03/30/2001,ISP,NY,AEA,EN,Combined TRACON& Tower with Radar,64,38,48,0,150,3,4,0,0,7,67,42,48,0,157,0,0,0,157
03/31/2001,ISP,NY,AEA,EN,Combined TRACON& Tower with Radar,60,29,62,0,151,0,0,188,0,188,60,29,250,0,339,392,2,394,733
04/01/2001,ISP,NY,AEA,EN,Combined TRACON& Tower with Radar,48,37,58,0,143,11,4,30,0,45,59,41,88,0,188,262,0,262,450
04/02/2001,ISP,NY,AEA,EN,Combined TRACON& Tower with Radar,62,48,75,0,185,0,4,136,0,140,62,52,211,0,325,480,0,480,805
04/03/2001,ISP,NY,AEA,EN,Combined TRACON& Tower with Radar,61,46,72,2,181,6,0,210,3,219,67,46,282,5,400,522,0,522,922
04/04/2001,ISP,NY,AEA,EN,Combined TRACON& Tower with Radar,64,49,78,2,193,0,6,255,7,268,64,55,333,9,461,428,0,428,889
04/05/2001,ISP,NY,AEA,EN,Combined TRACON& Tower with Radar,61,45,71,2,179,5,6,225,7,243,66,51,296,9,422,348,0,348,770
04/06/2001,ISP,NY,AEA,EN,Combined TRACON& Tower with Radar,63,47,75,2,187,0,0,55,2,57,63,47,130,4,244,182,0,182,426
04/07/2001,ISP,NY,AEA,EN,Combined TRACON& Tower with Radar,62,27,73,2,164,4,0,97,19,120,66,27,170,21,284,418,26,444,728
04/08/2001,ISP,NY,AEA,EN,Combined TRACON& Tower with Radar,45,34,50,0,129,11,2,0,0,13,56,36,50,0,142,30,0,30,172
04/09/2001,ISP,NY,AEA,EN,Combined TRACON& Tower with Radar,61,42,73,2,178,0,0,156,0,156,61,42,229,2,334,360,2,362,696
04/10/2001,ISP,NY,AEA,EN,Combined TRACON& Tower with Radar,68,50,77,2,197,0,7,185,5,197,68,57,262,7,394,548,0,548,942
04/11/2001,ISP,NY,AEA,EN,Combined TRACON& Tower with Radar,63,51,80,3,197,0,2,128,11,141,63,53,208,14,338,370,6,376,714
04/12/2001,ISP,NY,AEA,EN,Combined TRACON& Tower with Radar,52,38,53,0,143,3,6,0,0,9,55,44,53,0,152,18,0,18,170
04/13/2001,ISP,NY,AEA,EN,Combined TRACON& Tower with Radar,56,47,85,1,189,0,0,157,0,157,56,47,242,1,346,298,8,306,652
04/14/2001,ISP,NY,AEA,EN,Combined TRACON& Tower with Radar,49,27,55,0,131,10,0,350,0,360,59,27,405,0,491,524,0,524,1015
04/15/2001,ISP,NY,AEA,EN,Combined TRACON& Tower with Radar,45,32,50,0,127,17,4,169,0,190,62,36,219,0,317,448,0,448,765
04/16/2001,ISP,NY,AEA,EN,Combined TRACON& Tower with Radar,64,51,82,4,201,0,0,120,14,134,64,51,202,18,335,340,24,364,699
04/17/2001,ISP,NY,AEA,EN,Combined TRACON& Tower with Radar,62,52,82,4,200,0,1,103,12,116,62,53,185,16,316,366,2,368,684
04/18/2001,ISP,NY,AEA,EN,Combined TRACON& Tower with Radar,59,43,68,3,173,4,10,92,1,107,63,53,160,4,280,138,0,138,418
04/19/2001,ISP,NY,AEA,EN,Combined TRACON& Tower with Radar,67,51,85,4,207,0,0,255,8,263,67,51,340,12,470,396,0,396,866
04/20/2001,ISP,NY,AEA,EN,Combined TRACON& Tower with Radar,60,50,79,3,192,0,3,225,1,229,60,53,304,4,421,348,0,348,769
04/21/2001,ISP,NY,AEA,EN,Combined TRACON& Tower with Radar,54,23,61,3,141,4,0,214,3,221,58,23,275,6,362,422,0,422,784
04/22/2001,ISP,NY,AEA,EN,Combined TRACON& Tower with Radar,60,42,73,1,176,0,0,215,0,215,60,42,288,1,391,408,0,408,799
04/23/2001,ISP,NY,AEA,EN,Combined TRACON& Tower with Radar,61,47,73,0,181,0,8,201,0,209,61,55,274,0,390,388,0,388,778
04/24/2001,ISP,NY,AEA,EN,Combined TRACON& Tower with Radar,61,44,69,3,177,1,8,139,1,149,62,52,208,4,326,320,18,338,664
04/25/2001,ISP,NY,AEA,EN,Combined TRACON& Tower with Radar,67,50,79,3,199,0,5,201,5,211,67,55,280,8,410,364,0,364,774
04/26/2001,ISP,NY,AEA,EN,Combined TRACON& Tower with Radar,64,50,78,3,195,0,0,264,2,266,64,50,342,5,461,432,0,432,893
04/27/2001,ISP,NY,AEA,EN,Combined TRACON& Tower with Radar,61,46,73,2,182,0,11,239,9,259,61,57,312,11,441,444,10,454,895
04/28/2001,ISP,NY,AEA,EN,Combined TRACON& Tower with Radar,56,26,65,0,147,5,0,263,0,268,61,26,328,0,415,454,0,454,869
04/29/2001,ISP,NY,AEA,EN,Combined TRACON& Tower with Radar,57,39,65,1,162,1,0,283,0,284,58,39,348,1,446,480,0,480,926
04/30/2001,ISP,NY,AEA,EN,Combined TRACON& Tower with Radar,62,45,72,2,181,1,8,190,0,199,63,53,262,2,380,407,0,407,787
05/01/2001,ISP,NY,AEA,EN,Combined TRACON& Tower with Radar,57,46,66,1,170,7,4,240,10,261,64,50,306,11,431,452,28,480,911
05/02/2001,ISP,NY,AEA,EN,Combined TRACON& Tower with Radar,67,56,81,2,206,0,2,235,2,239,67,58,316,4,445,362,0,362,807
05/03/2001,ISP,NY,AEA,EN,Combined TRACON& Tower with Radar,64,50,75,1,190,1,0,209,16,226,65,50,284,17,416,430,22,452,868
05/04/2001,ISP,NY,AEA,EN,Combined TRACON& Tower with Radar,67,56,90,2,215,0,0,207,3,210,67,56,297,5,425,417,10,427,852
05/05/2001,ISP,NY,AEA,EN,Combined TRACON& Tower with Radar,44,29,53,1,127,21,0,175,2,198,65,29,228,3,325,396,0,396,721
05/06/2001,ISP,NY,AEA,EN,Combined TRACON& Tower with Radar,44,36,53,1,134,14,3,217,4,238,58,39,270,5,372,350,2,352,724
05/07/2001,ISP,NY,AEA,EN,Combined TRACON& Tower with Radar,57,50,72,0,179,0,11,196,0,207,57,61,268,0,386,388,0,388,774
05/08/2001,ISP,NY,AEA,EN,Combined TRACON& Tower with Radar,61,48,71,2,182,0,9,232,5,246,61,57,303,7,428,514,0,514,942
05/09/2001,ISP,NY,AEA,EN,Combined TRACON& Tower with Radar,62,51,74,2,189,0,4,217,3,224,62,55,291,5,413,520,18,538,951
05/10/2001,ISP,NY,AEA,EN,Combined TRACON& Tower with Radar,63,55,87,3,208,0,0,234,8,242,63,55,321,11,450,550,4,554,1004
05/11/2001,ISP,NY,AEA,EN,Combined TRACON& Tower with Radar,59,46,67,2,174,5,11,228,0,244,64,57,295,2,418,548,0,548,966
05/12/2001,ISP,NY,AEA,EN,Combined TRACON& Tower with Radar,38,25,43,2,108,20,0,180,2,202,58,25,223,4,310,338,0,338,648
05/13/2001,ISP,NY,AEA,EN,Combined TRACON& Tower with Radar,49,38,55,0,142,4,8,149,0,161,53,46,204,0,303,392,0,392,695
05/14/2001,ISP,NY,AEA,EN,Combined TRACON& Tower with Radar,57,45,65,1,168,7,10,161,0,178,64,55,226,1,346,322,0,322,668
05/15/2001,ISP,NY,AEA,EN,Combined TRACON& Tower with Radar,65,52,76,3,196,0,4,190,4,198,65,56,266,7,394,386,0,386,780
05/16/2001,ISP,NY,AEA,EN,Combined TRACON& Tower with Radar,63,52,85,3,203,0,0,176,1,177,63,52,261,4,380,476,0,476,856
05/17/2001,ISP,NY,AEA,EN,Combined TRACON& Tower with Radar,66,54,80,3,203,0,1,205,5,211,66,55,285,8,414,418,0,418,832
05/18/2001,ISP,NY,AEA,EN,Combined TRACON& Tower with Radar,63,58,86,3,210,0,0,153,1,154,63,58,239,4,364,256,0,256,620
05/19/2001,ISP,NY,AEA,EN,Combined TRACON& Tower with Radar,48,27,55,2,132,12,0,184,4,200,60,27,239,6,332,410,3,413,745
05/20/2001,ISP,NY,AEA,EN,Combined TRACON& Tower with Radar,52,38,59,2,151,6,0,218,4,228,58,38,277,6,379,356,0,356,735
05/21/2001,ISP,NY,AEA,EN,Combined TRACON& Tower with Radar,63,55,81,3,202,0,3,42,9,54,63,58,123,12,256,268,20,288,544
05/22/2001,ISP,NY,AEA,EN,Combined TRACON& Tower with Radar,62,48,52,0,162,5,15,0,0,20,67,63,52,0,182,6,0,6,188
05/23/2001,ISP,NY,AEA,EN,Combined TRACON& Tower with Radar,64,54,77,0,195,0,10,0,0,10,64,64,77,0,205,10,0,10,215
05/24/2001,ISP,NY,AEA,EN,Combined TRACON& Tower with Radar,63,59,91,2,215,0,0,17,1,18,63,59,108,3,233,0,0,0,233
05/25/2001,ISP,NY,AEA,EN,Combined TRACON& Tower with Radar,64,58,105,0,227,0,0,62,0,62,64,58,167,0,289,36,0,36,325
05/26/2001,ISP,NY,AEA,EN,Combined TRACON& Tower with Radar,43,30,40,0,113,19,0,0,0,19,62,30,40,0,132,0,0,0,132
05/27/2001,ISP,NY,AEA,EN,Combined TRACON& Tower with Radar,53,29,61,1,144,4,0,77,2,83,57,29,138,3,227,224,12,236,463
05/28/2001,ISP,NY,AEA,EN,Combined TRACON& Tower with Radar,64,32,80,2,178,0,0,102,6,108,64,32,182,8,286,206,4,210,496
05/29/2001,ISP,NY,AEA,EN,Combined TRACON& Tower with Radar,61,47,70,1,179,4,6,169,7,186,65,53,239,8,365,278,0,278,643
05/30/2001,ISP,NY,AEA,EN,Combined TRACON& Tower with Radar,63,50,73,1,187,1,1,166,15,183,64,51,239,16,370,352,4,356,726
05/31/2001,ISP,NY,AEA,EN,Combined TRACON& Tower with Radar,63,53,81,2,199,0,0,253,3,256,63,53,334,5,455,434,0,434,889
06/01/2001,ISP,NY,AEA,EN,Combined TRACON& Tower with Radar,57,49,87,3,196,0,19,200,11,230,57,68,287,14,426,366,12,378,804
06/02/2001,ISP,NY,AEA,EN,Combined TRACON& Tower with Radar,48,37,62,0,147,12,0,0,0,12,60,37,62,0,159,38,0,38,197
06/03/2001,ISP,NY,AEA,EN,Combined TRACON& Tower with Radar,59,41,84,3,187,5,0,100,0,105,64,41,184,3,292,340,0,340,632
06/04/2001,ISP,NY,AEA,EN,Combined TRACON& Tower with Radar,60,48,85,3,196,3,4,187,19,213,63,52,272,22,409,302,0,302,711
06/05/2001,ISP,NY,AEA,EN,Combined TRACON& Tower with Radar,65,56,97,3,221,0,0,294,8,302,65,56,391,11,523,442,0,442,965
06/06/2001,ISP,NY,AEA,EN,Combined TRACON& Tower with Radar,60,48,85,3,196,3,13,229,0,245,63,61,314,3,441,538,22,560,1001
06/07/2001,ISP,NY,AEA,EN,Combined TRACON& Tower with Radar,59,48,84,3,194,5,6,207,13,231,64,54,291,16,425,506,22,528,953
06/08/2001,ISP,NY,AEA,EN,Combined TRACON& Tower with Radar,61,50,87,2,200,4,6,297,0,307,65,56,384,2,507,409,0,409,916
06/09/2001,ISP,NY,AEA,EN,Combined TRACON& Tower with Radar,44,28,62,2,136,15,0,390,10,415,59,28,452,12,551,346,14,360,911
06/10/2001,ISP,NY,AEA,EN,Combined TRACON& Tower with Radar,53,40,75,2,170,11,0,279,2,292,64,40,354,4,462,452,0,452,914
06/11/2001,ISP,NY,AEA,EN,Combined TRACON& Tower with Radar,60,48,85,0,193,7,10,124,0,141,67,58,209,0,334,302,0,302,636
06/12/2001,ISP,NY,AEA,EN,Combined TRACON& Tower with Radar,65,53,98,4,220,0,0,262,13,275,65,53,360,17,495,488,32,520,1015
06/13/2001,ISP,NY,AEA,EN,Combined TRACON& Tower with Radar,63,44,114,5,226,0,0,60,6,66,63,44,174,11,292,178,0,178,470
06/14/2001,ISP,NY,AEA,EN,Combined TRACON& Tower with Radar,62,54,94,0,210,0,8,98,0,106,62,62,192,0,316,256,0,256,572
06/15/2001,ISP,NY,AEA,EN,Combined TRACON& Tower with Radar,64,65,121,5,255,0,0,117,1,118,64,65,238,6,373,204,4,208,581
06/16/2001,ISP,NY,AEA,EN,Combined TRACON& Tower with Radar,59,38,85,0,182,0,0,38,0,38,59,38,123,0,220,72,0,72,292
06/17/2001,ISP,NY,AEA,EN,Combined TRACON& Tower with Radar,39,27,55,0,121,19,0,24,0,43,58,27,79,0,164,44,0,44,208
06/18/2001,ISP,NY,AEA,EN,Combined TRACON& Tower with Radar,56,44,77,3,180,9,14,331,1,355,65,58,408,4,535,552,0,552,1087
06/19/2001,ISP,NY,AEA,EN,Combined TRACON& Tower with Radar,56,45,77,3,181,6,12,302,11,331,62,57,379,14,512,532,42,574,1086
06/20/2001,ISP,NY,AEA,EN,Combined TRACON& Tower with Radar,65,43,96,4,208,0,0,252,7,259,65,43,348,11,467,324,30,354,821
06/21/2001,ISP,NY,AEA,EN,Combined TRACON& Tower with Radar,62,58,104,5,229,0,0,106,3,109,62,58,210,8,338,420,20,440,778
06/22/2001,ISP,NY,AEA,EN,Combined TRACON& Tower with Radar,65,44,90,4,203,0,0,123,3,126,65,44,213,7,329,324,8,332,661
06/23/2001,ISP,NY,AEA,EN,Combined TRACON& Tower with Radar,49,39,63,0,151,15,1,0,0,16,64,40,63,0,167,28,0,28,195
06/24/2001,ISP,NY,AEA,EN,Combined TRACON& Tower with Radar,63,40,95,3,201,0,0,142,0,142,63,40,237,3,343,376,6,382,725
06/25/2001,ISP,NY,AEA,EN,Combined TRACON& Tower with Radar,64,55,106,5,230,0,0,301,12,313,64,55,407,17,543,440,54,494,1037
06/26/2001,ISP,NY,AEA,EN,Combined TRACON& Tower with Radar,65,55,97,4,221,0,3,355,1,359,65,58,452,5,580,604,0,604,1184
06/27/2001,ISP,NY,AEA,EN,Combined TRACON& Tower with Radar,54,43,75,2,174,10,12,281,2,305,64,55,356,4,479,330,16,346,825
06/28/2001,ISP,NY,AEA,EN,Combined TRACON& Tower with Radar,61,51,91,3,206,0,7,277,0,284,61,58,368,3,490,554,0,554,1044
06/29/2001,ISP,NY,AEA,EN,Combined TRACON& Tower with Radar,65,52,93,3,213,0,21,333,1,355,65,73,426,4,568,504,12,516,1084
06/30/2001,ISP,NY,AEA,EN,Combined TRACON& Tower with Radar,59,37,95,3,194,0,0,111,6,117,59,37,206,9,311,302,0,302,613
07/01/2001,ISP,NY,AEA,EN,Combined TRACON& Tower with Radar,52,25,59,1,137,0,0,150,4,154,52,25,209,5,291,198,12,210,501
07/02/2001,ISP,NY,AEA,EN,Combined TRACON& Tower with Radar,64,51,72,1,188,7,0,261,9,277,71,51,333,10,465,534,6,540,1005
07/03/2001,ISP,NY,AEA,EN,Combined TRACON& Tower with Radar,60,49,68,1,178,0,2,375,1,378,60,51,443,2,556,402,4,406,962
07/04/2001,ISP,NY,AEA,EN,Combined TRACON& Tower with Radar,62,36,78,1,177,0,0,68,5,73,62,36,146,6,250,156,0,156,406
07/05/2001,ISP,NY,AEA,EN,Combined TRACON& Tower with Radar,63,56,78,1,198,0,0,126,1,127,63,56,204,2,325,324,0,324,649
07/06/2001,ISP,NY,AEA,EN,Combined TRACON& Tower with Radar,64,58,80,1,203,0,2,343,2,347,64,60,423,3,550,462,4,466,1016
07/07/2001,ISP,NY,AEA,EN,Combined TRACON& Tower with Radar,53,31,60,1,145,8,0,345,4,357,61,31,405,5,502,416,0,416,918
07/08/2001,ISP,NY,AEA,EN,Combined TRACON& Tower with Radar,54,32,61,1,148,5,0,56,3,64,59,32,117,4,212,92,0,92,304
07/09/2001,ISP,NY,AEA,EN,Combined TRACON& Tower with Radar,68,58,84,1,211,0,0,219,5,224,68,58,303,6,435,374,0,374,809
07/10/2001,ISP,NY,AEA,EN,Combined TRACON& Tower with Radar,54,47,64,1,166,0,4,232,7,243,54,51,296,8,409,370,18,388,797
07/11/2001,ISP,NY,AEA,EN,Combined TRACON& Tower with Radar,71,59,81,1,212,0,4,236,2,242,71,63,317,3,454,354,4,358,812
07/12/2001,ISP,NY,AEA,EN,Combined TRACON& Tower with Radar,63,53,75,2,193,0,7,251,6,264,63,60,326,8,457,430,6,436,893
07/13/2001,ISP,NY,AEA,EN,Combined TRACON& Tower with Radar,55,43,61,2,161,8,19,260,5,292,63,62,321,7,453,358,0,358,811
07/14/2001,ISP,NY,AEA,EN,Combined TRACON& Tower with Radar,48,28,54,2,132,12,0,303,11,326,60,28,357,13,458,426,40,466,924
07/15/2001,ISP,NY,AEA,EN,Combined TRACON& Tower with Radar,50,38,54,2,144,15,0,316,5,336,65,38,370,7,480,382,20,402,882
07/16/2001,ISP,NY,AEA,EN,Combined TRACON& Tower with Radar,61,49,68,2,180,0,8,233,7,248,61,57,301,9,428,408,10,418,846
07/17/2001,ISP,NY,AEA,EN,Combined TRACON& Tower with Radar,58,46,63,2,169,6,10,130,1,147,64,56,193,3,316,328,8,336,652
07/18/2001,ISP,NY,AEA,EN,Combined TRACON& Tower with Radar,63,57,85,2,207,0,0,164,26,190,63,57,249,28,397,354,18,372,769
07/19/2001,ISP,NY,AEA,EN,Combined TRACON& Tower with Radar,64,57,85,2,208,0,0,214,14,228,64,57,299,16,436,374,58,432,868
07/20/2001,ISP,NY,AEA,EN,Combined TRACON& Tower with Radar,62,58,80,2,202,0,7,354,9,370,62,65,434,11,572,388,14,402,974
07/21/2001,ISP,NY,AEA,EN,Combined TRACON& Tower with Radar,54,38,59,2,153,4,0,335,2,341,58,38,394,4,494,380,0,380,874
07/22/2001,ISP,NY,AEA,EN,Combined TRACON& Tower with Radar,61,52,75,2,190,0,0,259,1,260,61,52,334,3,450,378,0,378,828
07/23/2001,ISP,NY,AEA,EN,Combined TRACON& Tower with Radar,57,44,62,2,165,3,13,220,3,239,60,57,282,5,404,342,0,342,746
07/24/2001,ISP,NY,AEA,EN,Combined TRACON& Tower with Radar,64,55,76,2,197,0,5,106,2,113,64,60,182,4,310,324,0,324,634
07/25/2001,ISP,NY,AEA,EN,Combined TRACON& Tower with Radar,64,51,73,2,190,0,0,161,14,175,64,51,234,16,365,296,8,304,669
07/26/2001,ISP,NY,AEA,EN,Combined TRACON& Tower with Radar,63,50,69,2,184,0,2,58,1,61,63,52,127,3,245,64,0,64,309
07/27/2001,ISP,NY,AEA,EN,Combined TRACON& Tower with Radar,65,51,71,2,189,0,8,343,1,352,65,59,414,3,541,390,0,390,931
07/28/2001,ISP,NY,AEA,EN,Combined TRACON& Tower with Radar,48,32,52,2,134,13,0,279,5,297,61,32,331,7,431,426,0,426,857
07/29/2001,ISP,NY,AEA,EN,Combined TRACON& Tower with Radar,53,38,58,2,151,5,0,243,2,250,58,38,301,4,401,374,0,374,775
07/30/2001,ISP,NY,AEA,EN,Combined TRACON& Tower with Radar,64,51,72,1,188,4,7,192,1,204,68,58,264,2,392,436,0,436,828
07/31/2001,ISP,NY,AEA,EN,Combined TRACON& Tower with Radar,60,46,66,1,173,5,11,277,3,296,65,57,343,4,469,314,0,314,783
08/01/2001,ISP,NY,AEA,EN,Combined TRACON& Tower with Radar,68,56,92,1,217,0,1,289,3,293,68,57,381,4,510,464,0,464,974
08/02/2001,ISP,NY,AEA,EN,Combined TRACON& Tower with Radar,64,56,91,1,212,0,6,332,1,339,64,62,423,2,551,424,4,428,979
08/03/2001,ISP,NY,AEA,EN,Combined TRACON& Tower with Radar,67,54,87,1,209,0,10,244,3,257,67,64,331,4,466,380,4,384,850
08/04/2001,ISP,NY,AEA,EN,Combined TRACON& Tower with Radar,51,35,65,1,152,13,0,100,10,123,64,35,165,11,275,370,0,370,645
08/05/2001,ISP,NY,AEA,EN,Combined TRACON& Tower with Radar,69,39,87,1,196,0,0,135,7,142,69,39,222,8,338,278,0,278,616
08/06/2001,ISP,NY,AEA,EN,Combined TRACON& Tower with Radar,66,55,89,1,211,0,3,113,0,116,66,58,202,1,327,208,22,230,557
08/07/2001,ISP,NY,AEA,EN,Combined TRACON& Tower with Radar,67,52,84,1,204,1,4,153,5,163,68,56,237,6,367,296,0,296,663
08/08/2001,ISP,NY,AEA,EN,Combined TRACON& Tower with Radar,54,41,68,1,164,10,14,161,2,187,64,55,229,3,351,272,12,284,635
08/09/2001,ISP,NY,AEA,EN,Combined TRACON& Tower with Radar,63,48,80,2,193,2,3,193,1,199,65,51,273,3,392,252,0,252,644
08/10/2001,ISP,NY,AEA,EN,Combined TRACON& Tower with Radar,63,46,76,2,187,0,5,57,2,64,63,51,133,4,251,54,4,58,309
08/11/2001,ISP,NY,AEA,EN,Combined TRACON& Tower with Radar,66,33,80,2,181,0,0,106,8,114,66,33,186,10,295,272,10,282,577
08/12/2001,ISP,NY,AEA,EN,Combined TRACON& Tower with Radar,57,31,69,0,157,7,0,20,0,27,64,31,89,0,184,20,0,20,204
08/13/2001,ISP,NY,AEA,EN,Combined TRACON& Tower with Radar,66,48,80,0,194,0,12,7,0,19,66,60,87,0,213,106,0,106,319
08/14/2001,ISP,NY,AEA,EN,Combined TRACON& Tower with Radar,64,47,78,0,189,6,8,215,0,229,70,55,293,0,418,376,0,376,794
08/15/2001,ISP,NY,AEA,EN,Combined TRACON& Tower with Radar,73,55,90,0,218,0,0,269,0,269,73,55,359,0,487,368,0,368,855
08/16/2001,ISP,NY,AEA,EN,Combined TRACON& Tower with Radar,70,58,102,1,231,0,0,351,0,351,70,58,453,1,582,470,4,474,1056
08/17/2001,ISP,NY,AEA,EN,Combined TRACON& Tower with Radar,67,51,85,2,205,0,6,138,0,144,67,57,223,2,349,240,0,240,589
08/18/2001,ISP,NY,AEA,EN,Combined TRACON& Tower with Radar,52,37,64,0,153,13,0,264,0,277,65,37,328,0,430,382,0,382,812
08/19/2001,ISP,NY,AEA,EN,Combined TRACON& Tower with Radar,65,39,79,0,183,5,0,146,0,151,70,39,225,0,334,302,0,302,636
08/20/2001,ISP,NY,AEA,EN,Combined TRACON& Tower with Radar,69,63,102,0,234,0,0,39,0,39,69,63,141,0,273,82,0,82,355
08/21/2001,ISP,NY,AEA,EN,Combined TRACON& Tower with Radar,64,47,77,2,190,6,0,241,4,251,70,47,318,6,441,346,6,352,793
08/22/2001,ISP,NY,AEA,EN,Combined TRACON& Tower with Radar,71,59,103,2,235,0,0,314,2,316,71,59,417,4,551,382,0,382,933
08/23/2001,ISP,NY,AEA,EN,Combined TRACON& Tower with Radar,72,56,92,2,222,0,0,178,1,179,72,56,270,3,401,322,0,322,723
08/24/2001,ISP,NY,AEA,EN,Combined TRACON& Tower with Radar,70,62,101,1,234,0,0,227,6,233,70,62,328,7,467,260,0,260,727
08/25/2001,ISP,NY,AEA,EN,Combined TRACON& Tower with Radar,48,36,60,1,145,15,5,207,5,232,63,41,267,6,377,180,14,194,571
08/26/2001,ISP,NY,AEA,EN,Combined TRACON& Tower with Radar,58,34,71,1,164,12,0,295,5,312,70,34,366,6,476,402,0,402,878
08/27/2001,ISP,NY,AEA,EN,Combined TRACON& Tower with Radar,55,41,68,1,165,6,7,105,6,124,61,48,173,7,289,148,0,148,437
08/28/2001,ISP,NY,AEA,EN,Combined TRACON& Tower with Radar,75,56,100,1,232,0,0,146,7,153,75,56,246,8,385,228,10,238,623
08/29/2001,ISP,NY,AEA,EN,Combined TRACON& Tower with Radar,65,48,80,1,194,4,6,280,17,307,69,54,360,18,501,288,18,306,807
08/30/2001,ISP,NY,AEA,EN,Combined TRACON& Tower with Radar,66,49,82,1,198,5,6,255,11,277,71,55,337,12,475,200,10,210,685
08/31/2001,ISP,NY,AEA,EN,Combined TRACON& Tower with Radar,67,53,99,0,219,0,0,57,0,57,67,53,156,0,276,52,0,52,328
09/01/2001,ISP,NY,AEA,EN,Combined TRACON& Tower with Radar,53,33,59,0,145,16,0,215,2,233,69,33,274,2,378,296,0,296,674
09/02/2001,ISP,NY,AEA,EN,Combined TRACON& Tower with Radar,51,40,57,0,148,11,0,215,2,228,62,40,272,2,376,168,0,168,544
09/03/2001,ISP,NY,AEA,EN,Combined TRACON& Tower with Radar,45,39,51,0,135,21,6,296,1,324,66,45,347,1,459,324,0,324,783
09/04/2001,ISP,NY,AEA,EN,Combined TRACON& Tower with Radar,59,47,66,1,173,11,0,136,5,152,70,47,202,6,325,328,0,328,653
09/05/2001,ISP,NY,AEA,EN,Combined TRACON& Tower with Radar,72,57,81,1,211,2,0,231,5,238,74,57,312,6,449,384,12,396,845
09/06/2001,ISP,NY,AEA,EN,Combined TRACON& Tower with Radar,73,56,82,1,212,1,0,286,16,303,74,56,368,17,515,388,6,394,909
09/07/2001,ISP,NY,AEA,EN,Combined TRACON& Tower with Radar,68,56,75,1,200,4,4,296,3,307,72,60,371,4,507,298,0,298,805
09/08/2001,ISP,NY,AEA,EN,Combined TRACON& Tower with Radar,62,33,67,1,163,4,0,233,16,253,66,33,300,17,416,346,14,360,776
09/09/2001,ISP,NY,AEA,EN,Combined TRACON& Tower with Radar,60,41,65,2,168,6,0,218,9,233,66,41,283,11,401,292,0,292,693
09/10/2001,ISP,NY,AEA,EN,Combined TRACON& Tower with Radar,67,54,76,2,199,0,0,86,8,94,67,54,162,10,293,214,0,214,507
09/11/2001,ISP,NY,AEA,EN,Combined TRACON& Tower with Radar,12,10,13,1,36,6,3,52,13,74,18,13,65,14,110,8,0,8,118
09/12/2001,ISP,NY,AEA,EN,Combined TRACON& Tower with Radar,0,0,1,1,2,0,0,25,6,31,0,0,26,7,33,0,0,0,33
09/13/2001,ISP,NY,AEA,EN,Combined TRACON& Tower with Radar,1,11,15,0,27,0,29,9,0,38,1,40,24,0,65,0,0,0,65
09/14/2001,ISP,NY,AEA,EN,Combined TRACON& Tower with Radar,36,36,36,1,109,0,44,0,4,48,36,80,36,5,157,0,0,0,157
09/15/2001,ISP,NY,AEA,EN,Combined TRACON& Tower with Radar,54,49,66,2,171,0,0,28,1,29,54,49,94,3,200,0,0,0,200
09/16/2001,ISP,NY,AEA,EN,Combined TRACON& Tower with Radar,61,48,67,2,178,4,0,18,0,22,65,48,85,2,200,0,0,0,200
09/17/2001,ISP,NY,AEA,EN,Combined TRACON& Tower with Radar,63,51,66,0,180,8,12,0,0,20,71,63,66,0,200,14,0,14,214
09/18/2001,ISP,NY,AEA,EN,Combined TRACON& Tower with Radar,70,67,90,2,229,0,13,18,1,32,70,80,108,3,261,0,6,6,267
09/19/2001,ISP,NY,AEA,EN,Combined TRACON& Tower with Radar,71,73,98,2,244,0,6,26,1,33,71,79,124,3,277,2,0,2,279
09/20/2001,ISP,NY,AEA,EN,Combined TRACON& Tower with Radar,60,48,66,1,175,10,7,2,4,23,70,55,68,5,198,0,0,0,198
09/21/2001,ISP,NY,AEA,EN,Combined TRACON& Tower with Radar,72,62,84,1,219,0,2,17,7,26,72,64,101,8,245,0,0,0,245
09/22/2001,ISP,NY,AEA,EN,Combined TRACON& Tower with Radar,61,43,77,0,181,0,0,64,0,64,61,43,141,0,245,100,0,100,345
09/23/2001,ISP,NY,AEA,EN,Combined TRACON& Tower with Radar,66,45,91,0,202,0,0,124,0,124,66,45,215,0,326,134,0,134,460
09/24/2001,ISP,NY,AEA,EN,Combined TRACON& Tower with Radar,70,64,87,1,222,0,5,15,1,21,70,69,102,2,243,32,0,32,275
09/25/2001,ISP,NY,AEA,EN,Combined TRACON& Tower with Radar,71,53,87,1,212,0,0,30,0,30,71,53,117,1,242,36,0,36,278
09/26/2001,ISP,NY,AEA,EN,Combined TRACON& Tower with Radar,71,61,93,1,226,0,0,194,4,198,71,61,287,5,424,268,0,268,692
09/27/2001,ISP,NY,AEA,EN,Combined TRACON& Tower with Radar,66,44,75,0,185,0,0,225,0,225,66,44,300,0,410,338,0,338,748
09/28/2001,ISP,NY,AEA,EN,Combined TRACON& Tower with Radar,70,58,79,1,208,0,10,176,1,187,70,68,255,2,395,336,4,340,735
09/29/2001,ISP,NY,AEA,EN,Combined TRACON& Tower with Radar,54,38,60,1,153,10,0,99,0,109,64,38,159,1,262,182,0,182,444
09/30/2001,ISP,NY,AEA,EN,Combined TRACON& Tower with Radar,54,43,59,0,156,12,0,25,0,37,66,43,84,0,193,12,0,12,205
10/01/2001,ISP,NY,AEA,EN,Combined TRACON& Tower with Radar,61,46,64,0,171,11,0,86,0,97,72,46,150,0,268,178,0,178,446
10/02/2001,ISP,NY,AEA,EN,Combined TRACON& Tower with Radar,72,56,76,2,206,0,8,231,6,245,72,64,307,8,451,344,18,362,813
10/03/2001,ISP,NY,AEA,EN,Combined TRACON& Tower with Radar,74,66,90,2,232,0,2,236,0,238,74,68,326,2,470,254,0,254,724
10/04/2001,ISP,NY,AEA,EN,Combined TRACON& Tower with Radar,74,62,84,0,220,0,14,206,0,220,74,76,290,0,440,356,0,356,796
10/05/2001,ISP,NY,AEA,EN,Combined TRACON& Tower with Radar,74,68,93,2,237,0,7,216,0,223,74,75,309,2,460,280,0,280,740
10/06/2001,ISP,NY,AEA,EN,Combined TRACON& Tower with Radar,53,33,55,0,141,11,0,45,0,56,64,33,100,0,197,52,0,52,249
10/07/2001,ISP,NY,AEA,EN,Combined TRACON& Tower with Radar,52,40,54,0,146,18,5,160,0,183,70,45,214,0,329,230,0,230,559
10/08/2001,ISP,NY,AEA,EN,Combined TRACON& Tower with Radar,67,51,69,0,187,6,6,135,0,147,73,57,204,0,334,196,0,196,530
10/09/2001,ISP,NY,AEA,EN,Combined TRACON& Tower with Radar,71,54,73,2,200,4,0,176,7,187,75,54,249,9,387,306,28,334,721
10/10/2001,ISP,NY,AEA,EN,Combined TRACON& Tower with Radar,74,50,77,2,203,0,0,209,6,215,74,50,286,8,418,276,22,298,716
10/11/2001,ISP,NY,AEA,EN,Combined TRACON& Tower with Radar,71,63,86,3,223,0,0,213,8,221,71,63,299,11,444,302,42,344,788
10/12/2001,ISP,NY,AEA,EN,Combined TRACON& Tower with Radar,71,68,91,3,233,0,1,205,6,212,71,69,296,9,445,366,4,370,815
10/13/2001,ISP,NY,AEA,EN,Combined TRACON& Tower with Radar,54,35,54,2,145,9,0,248,6,263,63,35,302,8,408,302,0,302,710
10/14/2001,ISP,NY,AEA,EN,Combined TRACON& Tower with Radar,70,40,70,0,180,0,0,27,0,27,70,40,97,0,207,82,0,82,289
10/15/2001,ISP,NY,AEA,EN,Combined TRACON& Tower with Radar,65,47,65,3,180,7,6,101,3,117,72,53,166,6,297,134,12,146,443
10/16/2001,ISP,NY,AEA,EN,Combined TRACON& Tower with Radar,69,52,81,4,206,0,0,178,2,180,69,52,259,6,386,268,18,286,672
10/17/2001,ISP,NY,AEA,EN,Combined TRACON& Tower with Radar,55,40,55,2,152,14,17,60,0,91,69,57,115,2,243,156,4,160,403
10/18/2001,ISP,NY,AEA,EN,Combined TRACON& Tower with Radar,74,52,79,3,208,0,0,236,9,245,74,52,315,12,453,276,20,296,749
10/19/2001,ISP,NY,AEA,EN,Combined TRACON& Tower with Radar,74,60,83,4,221,0,0,195,2,197,74,60,278,6,418,240,6,246,664
10/20/2001,ISP,NY,AEA,EN,Combined TRACON& Tower with Radar,64,32,68,3,167,0,0,241,7,248,64,32,309,10,415,304,0,304,719
10/21/2001,ISP,NY,AEA,EN,Combined TRACON& Tower with Radar,61,37,62,3,163,5,0,236,1,242,66,37,298,4,405,348,8,356,761
10/22/2001,ISP,NY,AEA,EN,Combined TRACON& Tower with Radar,74,59,82,0,215,0,0,141,0,141,74,59,223,0,356,270,0,270,626
10/23/2001,ISP,NY,AEA,EN,Combined TRACON& Tower with Radar,74,49,74,3,200,0,0,75,3,78,74,49,149,6,278,178,0,178,456
10/24/2001,ISP,NY,AEA,EN,Combined TRACON& Tower with Radar,70,55,75,3,203,0,12,133,1,146,70,67,208,4,349,264,22,286,635
10/25/2001,ISP,NY,AEA,EN,Combined TRACON& Tower with Radar,75,57,77,3,212,0,1,100,12,113,75,58,177,15,325,252,0,252,577
10/26/2001,ISP,NY,AEA,EN,Combined TRACON& Tower with Radar,67,50,68,0,185,6,23,77,0,106,73,73,145,0,291,154,0,154,445
10/27/2001,ISP,NY,AEA,EN,Combined TRACON& Tower with Radar,53,36,53,2,144,12,0,171,2,185,65,36,224,4,329,368,0,368,697
10/28/2001,ISP,NY,AEA,EN,Combined TRACON& Tower with Radar,54,40,54,3,151,13,1,155,1,170,67,41,209,4,321,294,0,294,615
10/29/2001,ISP,NY,AEA,EN,Combined TRACON& Tower with Radar,61,45,63,2,171,10,13,138,7,168,71,58,201,9,339,196,0,196,535
10/30/2001,ISP,NY,AEA,EN,Combined TRACON& Tower with Radar,73,56,76,2,207,0,2,190,10,202,73,58,266,12,409,250,12,262,671
10/31/2001,ISP,NY,AEA,EN,Combined TRACON& Tower with Radar,68,54,75,2,199,0,12,142,19,173,68,66,217,21,372,254,4,258,630
11/01/2001,ISP,NY,AEA,EN,Combined TRACON& Tower with Radar,67,55,67,2,191,0,1,170,7,178,67,56,237,9,369,166,22,188,557
11/02/2001,ISP,NY,AEA,EN,Combined TRACON& Tower with Radar,68,59,73,2,202,0,5,114,3,122,68,64,187,5,324,192,0,192,516
11/03/2001,ISP,NY,AEA,EN,Combined TRACON& Tower with Radar,61,28,60,2,151,0,0,154,30,184,61,28,214,32,335,216,52,268,603
11/04/2001,ISP,NY,AEA,EN,Combined TRACON& Tower with Radar,60,34,53,2,149,0,0,281,6,287,60,34,334,8,436,380,0,380,816
11/05/2001,ISP,NY,AEA,EN,Combined TRACON& Tower with Radar,60,44,54,2,160,8,8,29,2,47,68,52,83,4,207,124,8,132,339
11/06/2001,ISP,NY,AEA,EN,Combined TRACON& Tower with Radar,60,44,53,2,159,6,6,62,9,83,66,50,115,11,242,118,14,132,374
11/07/2001,ISP,NY,AEA,EN,Combined TRACON& Tower with Radar,68,52,64,2,186,0,2,140,0,142,68,54,204,2,328,190,0,190,518
11/08/2001,ISP,NY,AEA,EN,Combined TRACON& Tower with Radar,66,51,67,2,186,0,0,248,7,255,66,51,315,9,441,358,14,372,813
11/09/2001,ISP,NY,AEA,EN,Combined TRACON& Tower with Radar,60,44,54,2,160,4,9,72,5,90,64,53,126,7,250,178,0,178,428
11/10/2001,ISP,NY,AEA,EN,Combined TRACON& Tower with Radar,44,24,39,0,107,13,0,194,0,207,57,24,233,0,314,244,0,244,558
11/11/2001,ISP,NY,AEA,EN,Combined TRACON& Tower with Radar,54,39,49,2,144,6,2,95,1,104,60,41,144,3,248,204,0,204,452
11/12/2001,ISP,NY,AEA,EN,Combined TRACON& Tower with Radar,65,47,58,0,170,0,10,135,0,145,65,57,193,0,315,344,0,344,659
11/13/2001,ISP,NY,AEA,EN,Combined TRACON& Tower with Radar,55,39,48,2,144,11,13,128,10,162,66,52,176,12,306,318,10,328,634
11/14/2001,ISP,NY,AEA,EN,Combined TRACON& Tower with Radar,64,45,55,3,167,3,11,160,14,188,67,56,215,17,355,340,10,350,705
11/15/2001,ISP,NY,AEA,EN,Combined TRACON& Tower with Radar,68,49,60,3,180,0,9,155,11,175,68,58,215,14,355,382,12,394,749
11/16/2001,ISP,NY,AEA,EN,Combined TRACON& Tower with Radar,66,45,63,3,177,0,0,171,3,174,66,45,234,6,351,240,0,240,591
11/17/2001,ISP,NY,AEA,EN,Combined TRACON& Tower with Radar,44,22,37,2,105,11,0,235,0,246,55,22,272,2,351,308,0,308,659
11/18/2001,ISP,NY,AEA,EN,Combined TRACON& Tower with Radar,54,29,46,2,131,3,0,265,0,268,57,29,311,2,399,334,0,334,733
11/19/2001,ISP,NY,AEA,EN,Combined TRACON& Tower with Radar,69,55,67,3,194,0,1,104,5,110,69,56,171,8,304,334,4,338,642
11/20/2001,ISP,NY,AEA,EN,Combined TRACON& Tower with Radar,69,54,65,3,191,0,7,87,6,100,69,61,152,9,291,222,20,242,533
11/21/2001,ISP,NY,AEA,EN,Combined TRACON& Tower with Radar,78,62,75,1,216,0,7,200,0,207,78,69,275,1,423,308,0,308,731
11/22/2001,ISP,NY,AEA,EN,Combined TRACON& Tower with Radar,40,28,35,0,103,15,1,44,0,60,55,29,79,0,163,98,0,98,261
11/23/2001,ISP,NY,AEA,EN,Combined TRACON& Tower with Radar,51,21,44,0,116,5,0,249,0,254,56,21,293,0,370,348,0,348,718
11/24/2001,ISP,NY,AEA,EN,Combined TRACON& Tower with Radar,55,38,52,2,147,0,0,66,0,66,55,38,118,2,213,138,0,138,351
11/25/2001,ISP,NY,AEA,EN,Combined TRACON& Tower with Radar,60,42,52,1,155,0,12,61,0,73,60,54,113,1,228,236,0,236,464
11/26/2001,ISP,NY,AEA,EN,Combined TRACON& Tower with Radar,67,48,60,2,177,0,5,102,2,109,67,53,162,4,286,188,2,190,476
11/27/2001,ISP,NY,AEA,EN,Combined TRACON& Tower with Radar,64,44,63,2,173,0,0,174,15,189,64,44,237,17,362,308,12,320,682
11/28/2001,ISP,NY,AEA,EN,Combined TRACON& Tower with Radar,67,48,59,2,176,0,2,126,3,131,67,50,185,5,307,296,0,296,603
11/29/2001,ISP,NY,AEA,EN,Combined TRACON& Tower with Radar,55,38,48,0,141,1,6,4,0,11,56,44,52,0,152,52,0,52,204
11/30/2001,ISP,NY,AEA,EN,Combined TRACON& Tower with Radar,66,47,59,2,174,0,5,26,0,31,66,52,85,2,205,48,0,48,253
12/01/2001,ISP,NY,AEA,EN,Combined TRACON& Tower with Radar,56,31,54,0,141,0,0,199,10,209,56,31,253,10,350,260,0,260,610
12/02/2001,ISP,NY,AEA,EN,Combined TRACON& Tower with Radar,60,27,54,0,141,0,0,259,2,261,60,27,313,2,402,454,0,454,856
12/03/2001,ISP,NY,AEA,EN,Combined TRACON& Tower with Radar,66,45,59,0,170,0,0,127,9,136,66,45,186,9,306,286,0,286,592
12/04/2001,ISP,NY,AEA,EN,Combined TRACON& Tower with Radar,68,47,61,0,176,0,0,204,25,229,68,47,265,25,405,360,40,400,805
12/05/2001,ISP,NY,AEA,EN,Combined TRACON& Tower with Radar,65,46,57,0,168,0,4,174,7,185,65,50,231,7,353,271,0,271,624
12/06/2001,ISP,NY,AEA,EN,Combined TRACON& Tower with Radar,65,42,55,0,162,0,0,183,6,189,65,42,238,6,351,330,0,330,681
12/07/2001,ISP,NY,AEA,EN,Combined TRACON& Tower with Radar,68,51,63,0,182,0,3,210,8,221,68,54,273,8,403,354,0,354,757
12/08/2001,ISP,NY,AEA,EN,Combined TRACON& Tower with Radar,43,26,36,0,105,14,0,148,9,171,57,26,184,9,276,436,6,442,718
12/09/2001,ISP,NY,AEA,EN,Combined TRACON& Tower with Radar,42,27,34,0,103,19,2,23,0,44,61,29,57,0,147,220,0,220,367
12/10/2001,ISP,NY,AEA,EN,Combined TRACON& Tower with Radar,70,47,60,1,178,0,1,142,1,144,70,48,202,2,322,226,0,226,548
12/11/2001,ISP,NY,AEA,EN,Combined TRACON& Tower with Radar,64,48,60,1,173,0,4,126,17,147,64,52,186,18,320,254,24,278,598
12/12/2001,ISP,NY,AEA,EN,Combined TRACON& Tower with Radar,69,46,67,2,184,0,0,119,0,119,69,46,186,2,303,255,0,255,558
12/13/2001,ISP,NY,AEA,EN,Combined TRACON& Tower with Radar,63,41,35,0,139,1,18,0,0,19,64,59,35,0,158,0,0,0,158
12/14/2001,ISP,NY,AEA,EN,Combined TRACON& Tower with Radar,55,35,31,1,122,1,13,0,1,15,56,48,31,2,137,0,0,0,137
12/15/2001,ISP,NY,AEA,EN,Combined TRACON& Tower with Radar,56,31,47,0,134,4,0,100,0,104,60,31,147,0,238,150,4,154,392
12/16/2001,ISP,NY,AEA,EN,Combined TRACON& Tower with Radar,59,31,49,0,139,0,0,293,0,293,59,31,342,0,432,376,0,376,808
12/17/2001,ISP,NY,AEA,EN,Combined TRACON& Tower with Radar,64,43,56,1,164,0,9,57,1,67,64,52,113,2,231,172,0,172,403
12/18/2001,ISP,NY,AEA,EN,Combined TRACON& Tower with Radar,67,45,55,1,168,0,4,34,3,41,67,49,89,4,209,131,16,147,356
12/19/2001,ISP,NY,AEA,EN,Combined TRACON& Tower with Radar,69,45,59,1,174,0,0,180,7,187,69,45,239,8,361,258,0,258,619
12/20/2001,ISP,NY,AEA,EN,Combined TRACON& Tower with Radar,69,47,60,1,177,0,0,106,8,114,69,47,166,9,291,186,0,186,477
12/21/2001,ISP,NY,AEA,EN,Combined TRACON& Tower with Radar,58,36,46,0,140,7,11,61,0,79,65,47,107,0,219,184,0,184,403
12/22/2001,ISP,NY,AEA,EN,Combined TRACON& Tower with Radar,56,36,46,0,138,0,22,203,0,225,56,58,249,0,363,318,0,318,681
12/23/2001,ISP,NY,AEA,EN,Combined TRACON& Tower with Radar,57,38,49,0,144,0,1,247,0,248,57,39,296,0,392,286,0,286,678
12/24/2001,ISP,NY,AEA,EN,Combined TRACON& Tower with Radar,43,27,34,0,104,9,3,27,0,39,52,30,61,0,143,146,0,146,289
12/25/2001,ISP,NY,AEA,EN,Combined TRACON& Tower with Radar,35,22,28,0,85,15,2,32,0,49,50,24,60,0,134,6,0,6,140
12/26/2001,ISP,NY,AEA,EN,Combined TRACON& Tower with Radar,60,39,48,0,147,10,8,175,0,193,70,47,223,0,340,264,0,264,604
12/27/2001,ISP,NY,AEA,EN,Combined TRACON& Tower with Radar,64,41,52,1,158,0,4,147,3,154,64,45,199,4,312,340,0,340,652
12/28/2001,ISP,NY,AEA,EN,Combined TRACON& Tower with Radar,63,40,50,1,154,1,3,112,1,117,64,43,162,2,271,334,0,334,605
12/29/2001,ISP,NY,AEA,EN,Combined TRACON& Tower with Radar,52,26,41,0,119,6,0,145,0,151,58,26,186,0,270,334,0,334,604
12/30/2001,ISP,NY,AEA,EN,Combined TRACON& Tower with Radar,52,31,41,0,124,1,0,124,0,125,53,31,165,0,249,384,0,384,633
12/31/2001,ISP,NY,AEA,EN,Combined TRACON& Tower with Radar,55,30,44,1,130,0,0,119,2,121,55,30,163,3,251,384,0,384,635
01/01/2002,ISP,NY,AEA,EN,Combined TRACON& Tower with Radar,49,34,39,0,122,2,0,77,0,79,51,34,116,0,201,160,0,160,361
01/02/2002,ISP,NY,AEA,EN,Combined TRACON& Tower with Radar,61,42,49,2,154,0,0,149,2,151,61,42,198,4,305,418,0,418,723
01/03/2002,ISP,NY,AEA,EN,Combined TRACON& Tower with Radar,61,43,55,2,161,0,0,174,3,177,61,43,229,5,338,358,0,358,696
01/04/2002,ISP,NY,AEA,EN,Combined TRACON& Tower with Radar,54,38,43,1,136,2,11,127,0,140,56,49,170,1,276,272,0,272,548
01/05/2002,ISP,NY,AEA,EN,Combined TRACON& Tower with Radar,56,23,44,2,125,2,0,225,6,233,58,23,269,8,358,446,20,466,824
01/06/2002,ISP,NY,AEA,EN,Combined TRACON& Tower with Radar,45,32,36,1,114,15,1,96,1,113,60,33,132,2,227,212,0,212,439
01/07/2002,ISP,NY,AEA,EN,Combined TRACON& Tower with Radar,49,35,26,2,112,15,7,0,1,23,64,42,26,3,135,94,0,94,229
01/08/2002,ISP,NY,AEA,EN,Combined TRACON& Tower with Radar,63,44,50,2,159,2,8,110,1,121,65,52,160,3,280,278,0,278,558
01/09/2002,ISP,NY,AEA,EN,Combined TRACON& Tower with Radar,59,42,46,2,149,2,11,30,9,52,61,53,76,11,201,106,38,144,345
01/10/2002,ISP,NY,AEA,EN,Combined TRACON& Tower with Radar,61,45,51,2,159,0,8,168,9,185,61,53,219,11,344,389,1,390,734
01/11/2002,ISP,NY,AEA,EN,Combined TRACON& Tower with Radar,62,45,51,2,160,0,12,36,3,51,62,57,87,5,211,172,8,180,391
01/12/2002,ISP,NY,AEA,EN,Combined TRACON& Tower with Radar,59,28,49,3,139,0,0,245,5,250,59,28,294,8,389,422,90,512,901
01/13/2002,ISP,NY,AEA,EN,Combined TRACON& Tower with Radar,46,27,34,2,109,11,0,0,6,17,57,27,34,8,126,30,0,30,156
01/14/2002,ISP,NY,AEA,EN,Combined TRACON& Tower with Radar,60,42,47,3,152,2,4,157,13,176,62,46,204,16,328,312,6,318,646
01/15/2002,ISP,NY,AEA,EN,Combined TRACON& Tower with Radar,60,42,47,3,152,6,5,61,7,79,66,47,108,10,231,236,16,252,483
01/16/2002,ISP,NY,AEA,EN,Combined TRACON& Tower with Radar,59,40,45,3,147,3,0,175,10,188,62,40,220,13,335,438,12,450,785
01/17/2002,ISP,NY,AEA,EN,Combined TRACON& Tower with Radar,59,40,45,3,147,3,9,81,10,103,62,49,126,13,250,350,16,366,616
01/18/2002,ISP,NY,AEA,EN,Combined TRACON& Tower with Radar,67,53,59,3,182,0,12,171,0,183,67,65,230,3,365,312,8,320,685
01/19/2002,ISP,NY,AEA,EN,Combined TRACON& Tower with Radar,46,16,35,0,97,1,0,104,0,105,47,16,139,0,202,332,0,332,534
01/20/2002,ISP,NY,AEA,EN,Combined TRACON& Tower with Radar,50,26,37,0,113,11,0,98,0,109,61,26,135,0,222,314,0,314,536
01/21/2002,ISP,NY,AEA,EN,Combined TRACON& Tower with Radar,64,44,49,0,157,2,24,12,0,38,66,68,61,0,195,62,0,62,257
01/22/2002,ISP,NY,AEA,EN,Combined TRACON& Tower with Radar,63,54,63,4,184,0,0,182,11,193,63,54,245,15,377,282,20,302,679
01/23/2002,ISP,NY,AEA,EN,Combined TRACON& Tower with Radar,62,50,55,3,170,0,0,44,1,45,62,50,99,4,215,106,10,116,331
01/24/2002,ISP,NY,AEA,EN,Combined TRACON& Tower with Radar,57,39,28,3,127,5,10,0,0,15,62,49,28,3,142,6,0,6,148
01/25/2002,ISP,NY,AEA,EN,Combined TRACON& Tower with Radar,63,51,58,3,175,0,0,245,0,245,63,51,303,3,420,498,0,498,918
01/26/2002,ISP,NY,AEA,EN,Combined TRACON& Tower with Radar,46,21,35,0,102,5,0,268,0,273,51,21,303,0,375,458,0,458,833
01/27/2002,ISP,NY,AEA,EN,Combined TRACON& Tower with Radar,57,33,49,1,140,0,0,286,0,286,57,33,335,1,426,602,0,602,1028
01/28/2002,ISP,NY,AEA,EN,Combined TRACON& Tower with Radar,62,47,56,3,168,0,0,217,6,223,62,47,273,9,391,336,24,360,751
01/29/2002,ISP,NY,AEA,EN,Combined TRACON& Tower with Radar,61,44,51,2,158,0,1,178,25,204,61,45,229,27,362,472,56,528,890
01/30/2002,ISP,NY,AEA,EN,Combined TRACON& Tower with Radar,63,44,56,2,165,0,0,147,7,154,63,44,203,9,319,470,4,474,793
01/31/2002,ISP,NY,AEA,EN,Combined TRACON& Tower with Radar,48,33,31,1,113,15,10,0,0,25,63,43,31,1,138,94,0,94,232
02/01/2002,ISP,NY,AEA,EN,Combined TRACON& Tower with Radar,43,28,20,1,92,15,12,0,0,27,58,40,20,1,119,6,0,6,125
02/02/2002,ISP,NY,AEA,EN,Combined TRACON& Tower with Radar,57,29,53,2,141,0,0,158,0,158,57,29,211,2,299,492,2,494,793
02/03/2002,ISP,NY,AEA,EN,Combined TRACON& Tower with Radar,57,29,55,0,141,0,0,204,0,204,57,29,259,0,345,404,0,404,749
02/04/2002,ISP,NY,AEA,EN,Combined TRACON& Tower with Radar,65,41,60,0,166,0,10,140,0,150,65,51,200,0,316,386,0,386,702
02/05/2002,ISP,NY,AEA,EN,Combined TRACON& Tower with Radar,63,39,58,2,162,3,5,113,25,146,66,44,171,27,308,200,30,230,538
02/06/2002,ISP,NY,AEA,EN,Combined TRACON& Tower with Radar,62,41,69,2,174,0,0,209,9,218,62,41,278,11,392,376,0,376,768
02/07/2002,ISP,NY,AEA,EN,Combined TRACON& Tower with Radar,67,51,75,3,196,0,2,30,12,44,67,53,105,15,240,120,10,130,370
02/08/2002,ISP,NY,AEA,EN,Combined TRACON& Tower with Radar,61,38,57,2,158,5,10,160,0,175,66,48,217,2,333,230,0,230,563
02/09/2002,ISP,NY,AEA,EN,Combined TRACON& Tower with Radar,63,31,61,2,157,0,0,54,20,74,63,31,115,22,231,290,18,308,539
02/10/2002,ISP,NY,AEA,EN,Combined TRACON& Tower with Radar,58,23,54,2,137,0,0,256,13,269,58,23,310,15,406,508,42,550,956
02/11/2002,ISP,NY,AEA,EN,Combined TRACON& Tower with Radar,49,32,46,0,127,16,10,1,0,27,65,42,47,0,154,68,0,68,222
02/12/2002,ISP,NY,AEA,EN,Combined TRACON& Tower with Radar,64,39,59,3,165,2,1,106,15,124,66,40,165,18,289,358,69,427,716
02/13/2002,ISP,NY,AEA,EN,Combined TRACON& Tower with Radar,65,39,60,3,167,0,5,119,3,127,65,44,179,6,294,244,0,244,538
02/14/2002,ISP,NY,AEA,EN,Combined TRACON& Tower with Radar,70,46,69,3,188,0,3,178,5,186,70,49,247,8,374,310,0,310,684
02/15/2002,ISP,NY,AEA,EN,Combined TRACON& Tower with Radar,68,42,63,3,176,2,7,137,3,149,70,49,200,6,325,232,4,236,561
02/16/2002,ISP,NY,AEA,EN,Combined TRACON& Tower with Radar,63,30,71,0,164,0,0,212,0,212,63,30,283,0,376,406,0,406,782
02/17/2002,ISP,NY,AEA,EN,Combined TRACON& Tower with Radar,61,30,54,0,145,2,0,80,0,82,63,30,134,0,227,254,0,254,481
02/18/2002,ISP,NY,AEA,EN,Combined TRACON& Tower with Radar,64,39,58,0,161,5,4,160,0,169,69,43,218,0,330,314,0,314,644
02/19/2002,ISP,NY,AEA,EN,Combined TRACON& Tower with Radar,63,42,62,3,170,0,10,241,8,259,63,52,303,11,429,398,4,402,831
02/20/2002,ISP,NY,AEA,EN,Combined TRACON& Tower with Radar,63,40,60,3,166,0,7,113,8,128,63,47,173,11,294,264,32,296,590
02/21/2002,ISP,NY,AEA,EN,Combined TRACON& Tower with Radar,69,43,70,4,186,0,0,128,6,134,69,43,198,10,320,390,0,390,710
02/22/2002,ISP,NY,AEA,EN,Combined TRACON& Tower with Radar,67,47,69,3,186,0,2,180,2,184,67,49,249,5,370,458,0,458,828
02/23/2002,ISP,NY,AEA,EN,Combined TRACON& Tower with Radar,52,25,47,0,124,8,0,260,0,268,60,25,307,0,392,426,0,426,818
02/24/2002,ISP,NY,AEA,EN,Combined TRACON& Tower with Radar,52,31,46,0,129,12,4,235,0,251,64,35,281,0,380,396,0,396,776
02/25/2002,ISP,NY,AEA,EN,Combined TRACON& Tower with Radar,68,41,60,3,172,3,7,147,1,158,71,48,207,4,330,330,10,340,670
02/26/2002,ISP,NY,AEA,EN,Combined TRACON& Tower with Radar,66,38,69,2,175,0,0,133,9,142,66,38,202,11,317,244,4,248,565
02/27/2002,ISP,NY,AEA,EN,Combined TRACON& Tower with Radar,52,31,46,0,129,14,10,19,0,43,66,41,65,0,172,132,4,136,308
02/28/2002,ISP,NY,AEA,EN,Combined TRACON& Tower with Radar,61,36,55,2,154,5,9,92,15,121,66,45,147,17,275,278,36,314,589
03/01/2002,ISP,NY,AEA,EN,Combined TRACON& Tower with Radar,67,44,64,2,177,0,6,258,3,267,67,50,322,5,444,390,0,390,834
03/02/2002,ISP,NY,AEA,EN,Combined TRACON& Tower with Radar,49,24,43,1,117,13,0,179,6,198,62,24,222,7,315,260,0,260,575
03/03/2002,ISP,NY,AEA,EN,Combined TRACON& Tower with Radar,50,26,28,1,105,18,0,0,2,20,68,26,28,3,125,0,0,0,125
03/04/2002,ISP,NY,AEA,EN,Combined TRACON& Tower with Radar,65,40,57,1,163,2,13,121,5,141,67,53,178,6,304,256,0,256,560
03/05/2002,ISP,NY,AEA,EN,Combined TRACON& Tower with Radar,64,39,56,1,160,3,3,129,18,153,67,42,185,19,313,310,0,310,623
03/06/2002,ISP,NY,AEA,EN,Combined TRACON& Tower with Radar,64,39,56,1,160,4,4,150,13,171,68,43,206,14,331,242,0,242,573
03/07/2002,ISP,NY,AEA,EN,Combined TRACON& Tower with Radar,67,39,66,2,174,0,0,212,11,223,67,39,278,13,397,412,20,432,829
03/08/2002,ISP,NY,AEA,EN,Combined TRACON& Tower with Radar,74,50,77,2,203,0,0,75,3,78,74,50,152,5,281,184,0,184,465
03/09/2002,ISP,NY,AEA,EN,Combined TRACON& Tower with Radar,57,22,51,1,131,0,0,179,15,194,57,22,230,16,325,210,0,210,535
03/10/2002,ISP,NY,AEA,EN,Combined TRACON& Tower with Radar,44,25,29,0,98,22,3,0,0,25,66,28,29,0,123,6,0,6,129
03/11/2002,ISP,NY,AEA,EN,Combined TRACON& Tower with Radar,68,42,62,3,175,0,3,147,2,152,68,45,209,5,327,256,0,256,583
03/12/2002,ISP,NY,AEA,EN,Combined TRACON& Tower with Radar,64,41,62,3,170,0,5,79,26,110,64,46,141,29,280,290,22,312,592
03/13/2002,ISP,NY,AEA,EN,Combined TRACON& Tower with Radar,71,42,67,3,183,0,0,16,0,16,71,42,83,3,199,12,0,12,211
03/14/2002,ISP,NY,AEA,EN,Combined TRACON& Tower with Radar,68,44,67,3,182,0,2,248,17,267,68,46,315,20,449,492,14,506,955
03/15/2002,ISP,NY,AEA,EN,Combined TRACON& Tower with Radar,66,42,63,2,173,0,4,14,0,18,66,46,77,2,191,26,0,26,217
03/16/2002,ISP,NY,AEA,EN,Combined TRACON& Tower with Radar,59,27,55,0,141,0,0,83,0,83,59,27,138,0,224,324,0,324,548
03/17/2002,ISP,NY,AEA,EN,Combined TRACON& Tower with Radar,58,31,51,2,142,4,0,247,2,253,62,31,298,4,395,448,8,456,851
03/18/2002,ISP,NY,AEA,EN,Combined TRACON& Tower with Radar,52,29,17,0,98,14,21,0,0,35,66,50,17,0,133,0,0,0,133
03/19/2002,ISP,NY,AEA,EN,Combined TRACON& Tower with Radar,67,42,63,3,175,0,5,116,17,138,67,47,179,20,313,344,10,354,667
03/20/2002,ISP,NY,AEA,EN,Combined TRACON& Tower with Radar,58,33,45,1,137,12,8,0,0,20,70,41,45,1,157,64,0,64,221
03/21/2002,ISP,NY,AEA,EN,Combined TRACON& Tower with Radar,68,49,73,3,193,0,3,229,5,237,68,52,302,8,430,458,0,458,888
03/22/2002,ISP,NY,AEA,EN,Combined TRACON& Tower with Radar,53,31,45,2,131,19,12,30,0,61,72,43,75,2,192,64,0,64,256
03/23/2002,ISP,NY,AEA,EN,Combined TRACON& Tower with Radar,47,27,40,0,114,10,0,109,0,119,57,27,149,0,233,218,0,218,451
03/24/2002,ISP,NY,AEA,EN,Combined TRACON& Tower with Radar,66,30,59,0,155,0,0,243,0,243,66,30,302,0,398,458,0,458,856
03/25/2002,ISP,NY,AEA,EN,Combined TRACON& Tower with Radar,63,36,54,2,155,5,3,90,0,98,68,39,144,2,253,194,0,194,447
03/26/2002,ISP,NY,AEA,EN,Combined TRACON& Tower with Radar,55,31,47,1,134,11,14,3,2,30,66,45,50,3,164,50,32,82,246
03/27/2002,ISP,NY,AEA,EN,Combined TRACON& Tower with Radar,71,36,67,2,176,0,0,160,0,160,71,36,227,2,336,340,0,340,676
03/28/2002,ISP,NY,AEA,EN,Combined TRACON& Tower with Radar,70,43,64,2,179,0,1,271,16,288,70,44,335,18,467,455,12,467,934
03/29/2002,ISP,NY,AEA,EN,Combined TRACON& Tower with Radar,67,39,70,2,178,0,0,233,1,234,67,39,303,3,412,388,0,388,800
03/30/2002,ISP,NY,AEA,EN,Combined TRACON& Tower with Radar,61,25,65,0,151,0,0,139,0,139,61,25,204,0,290,312,0,312,602
03/31/2002,ISP,NY,AEA,EN,Combined TRACON& Tower with Radar,60,34,55,1,150,0,0,127,0,127,60,34,182,1,277,264,0,264,541
04/01/2002,ISP,NY,AEA,EN,Combined TRACON& Tower with Radar,61,36,57,0,154,9,7,68,0,84,70,43,125,0,238,196,0,196,434
04/02/2002,ISP,NY,AEA,EN,Combined TRACON& Tower with Radar,69,41,68,2,180,0,0,219,7,226,69,41,287,9,406,366,6,372,778
04/03/2002,ISP,NY,AEA,EN,Combined TRACON& Tower with Radar,68,42,66,2,178,0,1,8,0,9,68,43,74,2,187,44,0,44,231
04/04/2002,ISP,NY,AEA,EN,Combined TRACON& Tower with Radar,70,42,67,2,181,0,3,202,1,206,70,45,269,3,387,414,0,414,801
04/05/2002,ISP,NY,AEA,EN,Combined TRACON& Tower with Radar,66,39,62,2,169,1,5,191,1,198,67,44,253,3,367,430,0,430,797
04/06/2002,ISP,NY,AEA,EN,Combined TRACON& Tower with Radar,57,21,61,2,141,0,0,186,19,205,57,21,247,21,346,340,8,348,694
04/07/2002,ISP,NY,AEA,EN,Combined TRACON& Tower with Radar,59,31,56,1,147,5,0,217,4,226,64,31,273,5,373,444,0,444,817
04/08/2002,ISP,NY,AEA,EN,Combined TRACON& Tower with Radar,59,35,56,1,151,9,2,116,0,127,68,37,172,1,278,328,12,340,618
04/09/2002,ISP,NY,AEA,EN,Combined TRACON& Tower with Radar,52,31,49,1,133,15,13,49,4,81,67,44,98,5,214,195,0,195,409
04/10/2002,ISP,NY,AEA,EN,Combined TRACON& Tower with Radar,64,37,59,2,162,1,8,153,3,165,65,45,212,5,327,418,0,418,745
04/11/2002,ISP,NY,AEA,EN,Combined TRACON& Tower with Radar,66,44,70,2,182,0,0,232,3,235,66,44,302,5,417,418,4,422,839
04/12/2002,ISP,NY,AEA,EN,Combined TRACON& Tower with Radar,66,38,62,3,169,0,9,129,12,150,66,47,191,15,319,354,6,360,679
04/13/2002,ISP,NY,AEA,EN,Combined TRACON& Tower with Radar,54,19,51,2,126,5,0,106,4,115,59,19,157,6,241,236,12,248,489
04/14/2002,ISP,NY,AEA,EN,Combined TRACON& Tower with Radar,63,29,59,0,151,0,0,217,0,217,63,29,276,0,368,410,0,410,778
04/15/2002,ISP,NY,AEA,EN,Combined TRACON& Tower with Radar,71,41,68,3,183,0,0,97,4,101,71,41,165,7,284,196,0,196,480
04/16/2002,ISP,NY,AEA,EN,Combined TRACON& Tower with Radar,67,38,63,3,171,0,0,222,7,229,67,38,285,10,400,258,10,268,668
04/17/2002,ISP,NY,AEA,EN,Combined TRACON& Tower with Radar,62,35,56,3,156,6,8,201,2,217,68,43,257,5,373,262,20,282,655
04/18/2002,ISP,NY,AEA,EN,Combined TRACON& Tower with Radar,66,43,68,3,180,0,3,206,10,219,66,46,274,13,399,386,0,386,785
04/19/2002,ISP,NY,AEA,EN,Combined TRACON& Tower with Radar,69,44,70,3,186,0,0,142,1,143,69,44,212,4,329,308,0,308,637
04/20/2002,ISP,NY,AEA,EN,Combined TRACON& Tower with Radar,59,20,53,0,132,3,0,166,0,169,62,20,219,0,301,280,0,280,581
04/21/2002,ISP,NY,AEA,EN,Combined TRACON& Tower with Radar,57,29,52,0,138,4,0,248,0,252,61,29,300,0,390,418,0,418,808
04/22/2002,ISP,NY,AEA,EN,Combined TRACON& Tower with Radar,77,39,70,2,188,0,0,11,0,11,77,39,81,2,199,36,0,36,235
04/23/2002,ISP,NY,AEA,EN,Combined TRACON& Tower with Radar,68,45,73,3,189,0,7,132,3,142,68,52,205,6,331,246,0,246,577
04/24/2002,ISP,NY,AEA,EN,Combined TRACON& Tower with Radar,69,41,68,3,181,0,0,251,5,256,69,41,319,8,437,370,0,370,807
04/25/2002,ISP,NY,AEA,EN,Combined TRACON& Tower with Radar,64,36,58,2,160,4,13,60,1,78,68,49,118,3,238,140,0,140,378
04/26/2002,ISP,NY,AEA,EN,Combined TRACON& Tower with Radar,69,45,72,2,188,0,12,176,2,190,69,57,248,4,378,270,2,272,650
04/27/2002,ISP,NY,AEA,EN,Combined TRACON& Tower with Radar,59,24,57,1,141,0,0,281,3,284,59,24,338,4,425,384,0,384,809
04/28/2002,ISP,NY,AEA,EN,Combined TRACON& Tower with Radar,46,25,32,0,103,15,1,0,0,16,61,26,32,0,119,2,0,2,121
04/29/2002,ISP,NY,AEA,EN,Combined TRACON& Tower with Radar,69,40,64,1,174,0,4,72,0,76,69,44,136,1,250,152,8,160,410
04/30/2002,ISP,NY,AEA,EN,Combined TRACON& Tower with Radar,65,36,59,2,162,5,1,167,9,182,70,37,226,11,344,272,18,290,634
05/01/2002,ISP,NY,AEA,EN,Combined TRACON& Tower with Radar,67,42,62,2,173,0,3,206,0,209,67,45,268,2,382,364,6,370,752
05/02/2002,ISP,NY,AEA,EN,Combined TRACON& Tower with Radar,60,41,59,2,162,0,6,0,4,10,60,47,59,6,172,14,0,14,186
05/03/2002,ISP,NY,AEA,EN,Combined TRACON& Tower with Radar,61,39,56,1,157,9,13,28,2,52,70,52,84,3,209,8,0,8,217
05/04/2002,ISP,NY,AEA,EN,Combined TRACON& Tower with Radar,53,28,48,1,130,2,0,282,10,294,55,28,330,11,424,318,8,326,750
05/05/2002,ISP,NY,AEA,EN,Combined TRACON& Tower with Radar,61,25,56,1,143,3,0,276,4,283,64,25,332,5,426,468,0,468,894
05/06/2002,ISP,NY,AEA,EN,Combined TRACON& Tower with Radar,67,43,63,2,175,0,1,176,0,177,67,44,239,2,352,316,0,316,668
05/07/2002,ISP,NY,AEA,EN,Combined TRACON& Tower with Radar,69,47,76,2,194,0,0,148,17,165,69,47,224,19,359,372,12,384,743
05/08/2002,ISP,NY,AEA,EN,Combined TRACON& Tower with Radar,66,47,72,2,187,0,0,240,3,243,66,47,312,5,430,376,0,376,806
05/09/2002,ISP,NY,AEA,EN,Combined TRACON& Tower with Radar,61,40,56,1,158,11,0,33,0,44,72,40,89,1,202,188,0,188,390
05/10/2002,ISP,NY,AEA,EN,Combined TRACON& Tower with Radar,65,47,69,0,181,0,2,218,0,220,65,49,287,0,401,212,0,212,613
05/11/2002,ISP,NY,AEA,EN,Combined TRACON& Tower with Radar,60,29,58,3,150,0,0,271,1,272,60,29,329,4,422,330,0,330,752
05/12/2002,ISP,NY,AEA,EN,Combined TRACON& Tower with Radar,53,33,49,0,135,7,4,29,0,40,60,37,78,0,175,174,0,174,349
05/13/2002,ISP,NY,AEA,EN,Combined TRACON& Tower with Radar,51,32,29,0,112,15,6,0,0,21,66,38,29,0,133,0,0,0,133
05/14/2002,ISP,NY,AEA,EN,Combined TRACON& Tower with Radar,67,42,62,3,174,7,6,79,1,93,74,48,141,4,267,122,0,122,389
05/15/2002,ISP,NY,AEA,EN,Combined TRACON& Tower with Radar,59,36,52,0,147,6,11,102,0,119,65,47,154,0,266,188,0,188,454
05/16/2002,ISP,NY,AEA,EN,Combined TRACON& Tower with Radar,71,43,68,3,185,0,0,248,2,250,71,43,316,5,435,300,4,304,739
05/17/2002,ISP,NY,AEA,EN,Combined TRACON& Tower with Radar,70,45,65,3,183,0,7,168,1,176,70,52,233,4,359,160,18,178,537
05/18/2002,ISP,NY,AEA,EN,Combined TRACON& Tower with Radar,57,29,50,0,136,2,0,27,0,29,59,29,77,0,165,30,0,30,195
05/19/2002,ISP,NY,AEA,EN,Combined TRACON& Tower with Radar,55,26,49,2,132,9,0,295,1,305,64,26,344,3,437,360,4,364,801
05/20/2002,ISP,NY,AEA,EN,Combined TRACON& Tower with Radar,63,38,56,3,160,7,7,199,6,219,70,45,255,9,379,304,18,322,701
05/21/2002,ISP,NY,AEA,EN,Combined TRACON& Tower with Radar,68,41,66,3,178,0,0,240,3,243,68,41,306,6,421,532,12,544,965
05/22/2002,ISP,NY,AEA,EN,Combined TRACON& Tower with Radar,69,42,62,3,176,1,2,250,4,257,70,44,312,7,433,468,2,470,903
05/23/2002,ISP,NY,AEA,EN,Combined TRACON& Tower with Radar,67,50,72,3,192,0,3,317,1,321,67,53,389,4,513,442,0,442,955
05/24/2002,ISP,NY,AEA,EN,Combined TRACON& Tower with Radar,66,40,58,2,166,4,13,206,0,223,70,53,264,2,389,332,0,332,721
05/25/2002,ISP,NY,AEA,EN,Combined TRACON& Tower with Radar,45,22,41,0,108,9,0,203,0,212,54,22,244,0,320,254,0,254,574
05/26/2002,ISP,NY,AEA,EN,Combined TRACON& Tower with Radar,52,22,47,1,122,14,0,39,0,53,66,22,86,1,175,186,0,186,361
05/27/2002,ISP,NY,AEA,EN,Combined TRACON& Tower with Radar,65,39,61,2,167,0,0,93,4,97,65,39,154,6,264,208,0,208,472
05/28/2002,ISP,NY,AEA,EN,Combined TRACON& Tower with Radar,65,40,58,2,165,3,20,115,5,143,68,60,173,7,308,402,4,406,714
05/29/2002,ISP,NY,AEA,EN,Combined TRACON& Tower with Radar,69,50,74,2,195,0,0,166,1,167,69,50,240,3,362,342,0,342,704
05/30/2002,ISP,NY,AEA,EN,Combined TRACON& Tower with Radar,67,54,79,2,202,0,5,119,1,125,67,59,198,3,327,158,0,158,485
05/31/2002,ISP,NY,AEA,EN,Combined TRACON& Tower with Radar,68,41,61,2,172,0,2,130,4,136,68,43,191,6,308,148,0,148,456
06/01/2002,ISP,NY,AEA,EN,Combined TRACON& Tower with Radar,59,27,60,0,146,3,0,234,5,242,62,27,294,5,388,318,0,318,706
06/02/2002,ISP,NY,AEA,EN,Combined TRACON& Tower with Radar,57,37,59,0,153,6,6,167,0,179,63,43,226,0,332,302,0,302,634
06/03/2002,ISP,NY,AEA,EN,Combined TRACON& Tower with Radar,57,37,58,0,152,9,8,223,0,240,66,45,281,0,392,0,349,349,741
06/04/2002,ISP,NY,AEA,EN,Combined TRACON& Tower with Radar,65,43,66,0,174,2,2,187,6,197,67,45,253,6,371,344,0,344,715
06/05/2002,ISP,NY,AEA,EN,Combined TRACON& Tower with Radar,61,39,62,0,162,0,1,55,0,56,61,40,117,0,218,162,0,162,380
06/06/2002,ISP,NY,AEA,EN,Combined TRACON& Tower with Radar,60,39,56,0,155,8,8,0,0,16,68,47,56,0,171,64,0,64,235
06/07/2002,ISP,NY,AEA,EN,Combined TRACON& Tower with Radar,69,44,70,0,183,5,10,90,1,106,74,54,160,1,289,132,0,132,421
06/08/2002,ISP,NY,AEA,EN,Combined TRACON& Tower with Radar,57,25,59,0,141,1,0,299,6,306,58,25,358,6,447,298,0,298,745
06/09/2002,ISP,NY,AEA,EN,Combined TRACON& Tower with Radar,59,35,62,0,156,0,0,259,3,262,59,35,321,3,418,432,0,432,850
06/10/2002,ISP,NY,AEA,EN,Combined TRACON& Tower with Radar,66,43,68,0,177,2,8,252,1,263,68,51,320,1,440,380,0,380,820
06/11/2002,ISP,NY,AEA,EN,Combined TRACON& Tower with Radar,71,51,81,0,203,0,1,133,3,137,71,52,214,3,340,406,0,406,746
06/12/2002,ISP,NY,AEA,EN,Combined TRACON& Tower with Radar,65,42,66,1,174,3,9,111,0,123,68,51,177,1,297,314,0,314,611
06/13/2002,ISP,NY,AEA,EN,Combined TRACON& Tower with Radar,70,57,91,1,219,0,0,124,1,125,70,57,215,2,344,404,0,404,748
06/14/2002,ISP,NY,AEA,EN,Combined TRACON& Tower with Radar,70,48,74,0,192,0,13,0,0,13,70,61,74,0,205,2,0,2,207
06/15/2002,ISP,NY,AEA,EN,Combined TRACON& Tower with Radar,57,34,69,1,161,0,0,75,1,76,57,34,144,2,237,279,0,279,516
06/16/2002,ISP,NY,AEA,EN,Combined TRACON& Tower with Radar,58,33,58,1,150,6,0,134,0,140,64,33,192,1,290,302,3,305,595
06/17/2002,ISP,NY,AEA,EN,Combined TRACON& Tower with Radar,68,45,72,1,186,0,1,270,0,271,68,46,342,1,457,386,0,386,843
06/18/2002,ISP,NY,AEA,EN,Combined TRACON& Tower with Radar,69,39,75,1,184,0,0,267,4,271,69,39,342,5,455,406,0,406,861
06/19/2002,ISP,NY,AEA,EN,Combined TRACON& Tower with Radar,68,37,69,1,175,0,0,264,1,265,68,37,333,2,440,452,2,454,894
06/20/2002,ISP,NY,AEA,EN,Combined TRACON& Tower with Radar,68,47,78,1,194,0,0,238,1,239,68,47,316,2,433,336,0,336,769
06/21/2002,ISP,NY,AEA,EN,Combined TRACON& Tower with Radar,62,39,62,1,164,5,18,246,6,275,67,57,308,7,439,230,0,230,669
06/22/2002,ISP,NY,AEA,EN,Combined TRACON& Tower with Radar,57,29,57,1,144,7,0,228,0,235,64,29,285,1,379,319,0,319,698
06/23/2002,ISP,NY,AEA,EN,Combined TRACON& Tower with Radar,56,34,55,1,146,7,3,204,1,215,63,37,259,2,361,326,0,326,687
06/24/2002,ISP,NY,AEA,EN,Combined TRACON& Tower with Radar,64,42,67,1,174,0,16,219,1,236,64,58,286,2,410,340,0,340,750
06/25/2002,ISP,NY,AEA,EN,Combined TRACON& Tower with Radar,73,45,78,1,197,0,0,205,1,206,73,45,283,2,403,478,0,478,881
06/26/2002,ISP,NY,AEA,EN,Combined TRACON& Tower with Radar,72,46,73,0,191,0,2,95,0,97,72,48,168,0,288,240,0,240,528
06/27/2002,ISP,NY,AEA,EN,Combined TRACON& Tower with Radar,64,38,65,1,168,0,0,147,1,148,64,38,212,2,316,266,0,266,582
06/28/2002,ISP,NY,AEA,EN,Combined TRACON& Tower with Radar,66,42,65,1,174,1,8,207,2,218,67,50,272,3,392,278,0,278,670
06/29/2002,ISP,NY,AEA,EN,Combined TRACON& Tower with Radar,53,31,53,0,137,14,0,247,0,261,67,31,300,0,398,510,0,510,908
06/30/2002,ISP,NY,AEA,EN,Combined TRACON& Tower with Radar,51,31,50,1,133,9,6,219,4,238,60,37,269,5,371,326,0,326,697
07/01/2002,ISP,NY,AEA,EN,Combined TRACON& Tower with Radar,56,33,61,0,150,13,7,225,4,249,69,40,286,4,399,366,0,366,765
07/02/2002,ISP,NY,AEA,EN,Combined TRACON& Tower with Radar,70,39,76,1,186,6,0,177,0,183,76,39,253,1,369,444,0,444,813
07/03/2002,ISP,NY,AEA,EN,Combined TRACON& Tower with Radar,66,38,71,1,176,5,3,211,5,224,71,41,282,6,400,388,0,388,788
07/04/2002,ISP,NY,AEA,EN,Combined TRACON& Tower with Radar,52,30,56,0,138,13,3,126,3,145,65,33,182,3,283,156,2,158,441
07/05/2002,ISP,NY,AEA,EN,Combined TRACON& Tower with Radar,53,22,57,0,132,5,0,186,7,198,58,22,243,7,330,200,0,200,530
07/06/2002,ISP,NY,AEA,EN,Combined TRACON& Tower with Radar,50,22,54,0,126,15,0,206,0,221,65,22,260,0,347,268,0,268,615
07/07/2002,ISP,NY,AEA,EN,Combined TRACON& Tower with Radar,66,32,101,1,200,0,0,79,1,80,66,32,180,2,280,246,0,246,526
07/08/2002,ISP,NY,AEA,EN,Combined TRACON& Tower with Radar,70,44,88,1,203,0,0,128,2,130,70,44,216,3,333,246,0,246,579
07/09/2002,ISP,NY,AEA,EN,Combined TRACON& Tower with Radar,69,40,75,1,185,0,15,66,6,87,69,55,141,7,272,262,8,270,542
07/10/2002,ISP,NY,AEA,EN,Combined TRACON& Tower with Radar,70,42,77,1,190,0,5,190,3,198,70,47,267,4,388,292,10,302,690
07/11/2002,ISP,NY,AEA,EN,Combined TRACON& Tower with Radar,68,44,82,1,195,0,2,270,12,284,68,46,352,13,479,270,4,274,753
07/12/2002,ISP,NY,AEA,EN,Combined TRACON& Tower with Radar,65,38,70,1,174,2,6,298,3,309,67,44,368,4,483,406,0,406,889
07/13/2002,ISP,NY,AEA,EN,Combined TRACON& Tower with Radar,51,22,53,0,126,11,0,267,7,285,62,22,320,7,411,372,0,372,783
07/14/2002,ISP,NY,AEA,EN,Combined TRACON& Tower with Radar,61,35,63,0,159,8,1,232,3,244,69,36,295,3,403,342,4,346,749
07/15/2002,ISP,NY,AEA,EN,Combined TRACON& Tower with Radar,65,37,70,0,172,0,9,205,0,214,65,46,275,0,386,412,3,415,801
07/16/2002,ISP,NY,AEA,EN,Combined TRACON& Tower with Radar,68,35,72,2,177,4,0,259,3,266,72,35,331,5,443,330,4,334,777
07/17/2002,ISP,NY,AEA,EN,Combined TRACON& Tower with Radar,69,36,74,2,181,4,0,269,7,280,73,36,343,9,461,364,0,364,825
07/18/2002,ISP,NY,AEA,EN,Combined TRACON& Tower with Radar,67,39,74,2,182,0,5,179,5,189,67,44,253,7,371,310,32,342,713
07/19/2002,ISP,NY,AEA,EN,Combined TRACON& Tower with Radar,69,39,74,2,184,2,7,128,3,140,71,46,202,5,324,190,0,190,514
07/20/2002,ISP,NY,AEA,EN,Combined TRACON& Tower with Radar,66,27,75,2,170,0,0,124,0,124,66,27,199,2,294,310,0,310,604
07/21/2002,ISP,NY,AEA,EN,Combined TRACON& Tower with Radar,65,35,69,0,169,1,0,267,0,268,66,35,336,0,437,406,0,406,843
07/22/2002,ISP,NY,AEA,EN,Combined TRACON& Tower with Radar,67,40,76,2,185,0,0,251,4,255,67,40,327,6,440,316,0,316,756
07/23/2002,ISP,NY,AEA,EN,Combined TRACON& Tower with Radar,71,40,76,2,189,0,5,110,4,119,71,45,186,6,308,250,0,250,558
07/24/2002,ISP,NY,AEA,EN,Combined TRACON& Tower with Radar,69,42,80,2,193,0,5,184,11,200,69,47,264,13,393,332,22,354,747
07/25/2002,ISP,NY,AEA,EN,Combined TRACON& Tower with Radar,64,35,68,1,168,6,12,284,9,311,70,47,352,10,479,424,0,424,903
07/26/2002,ISP,NY,AEA,EN,Combined TRACON& Tower with Radar,71,42,79,1,193,0,11,254,13,278,71,53,333,14,471,360,0,360,831
07/27/2002,ISP,NY,AEA,EN,Combined TRACON& Tower with Radar,64,23,68,1,156,0,0,171,6,177,64,23,239,7,333,420,0,420,753
07/28/2002,ISP,NY,AEA,EN,Combined TRACON& Tower with Radar,63,53,101,0,217,0,15,37,0,52,63,68,138,0,269,44,0,44,313
07/29/2002,ISP,NY,AEA,EN,Combined TRACON& Tower with Radar,69,39,75,1,184,3,12,203,1,219,72,51,278,2,403,330,2,332,735
07/30/2002,ISP,NY,AEA,EN,Combined TRACON& Tower with Radar,59,33,62,0,154,12,18,167,2,199,71,51,229,2,353,338,0,338,691
07/31/2002,ISP,NY,AEA,EN,Combined TRACON& Tower with Radar,69,39,75,1,184,0,0,279,6,285,69,39,354,7,469,423,2,425,894
08/01/2002,ISP,NY,AEA,EN,Combined TRACON& Tower with Radar,73,34,65,1,173,0,9,241,5,255,73,43,306,6,428,420,0,420,848
08/02/2002,ISP,NY,AEA,EN,Combined TRACON& Tower with Radar,65,27,59,0,151,0,0,172,0,172,65,27,231,0,323,202,2,204,527
08/03/2002,ISP,NY,AEA,EN,Combined TRACON& Tower with Radar,63,21,56,1,141,7,0,213,5,225,70,21,269,6,366,342,0,342,708
08/04/2002,ISP,NY,AEA,EN,Combined TRACON& Tower with Radar,63,27,55,1,146,8,0,213,6,227,71,27,268,7,373,326,2,328,701
08/05/2002,ISP,NY,AEA,EN,Combined TRACON& Tower with Radar,62,28,53,0,143,15,4,84,0,103,77,32,137,0,246,315,0,315,561
08/06/2002,ISP,NY,AEA,EN,Combined TRACON& Tower with Radar,70,31,61,0,162,1,3,178,0,182,71,34,239,0,344,246,0,246,590
08/07/2002,ISP,NY,AEA,EN,Combined TRACON& Tower with Radar,69,30,59,1,159,3,0,263,5,271,72,30,322,6,430,296,4,300,730
08/08/2002,ISP,NY,AEA,EN,Combined TRACON& Tower with Radar,68,30,60,1,159,4,0,294,4,302,72,30,354,5,461,410,0,410,871
08/09/2002,ISP,NY,AEA,EN,Combined TRACON& Tower with Radar,72,35,69,1,177,0,7,332,1,340,72,42,401,2,517,348,2,350,867
08/10/2002,ISP,NY,AEA,EN,Combined TRACON& Tower with Radar,55,18,48,0,121,22,0,309,7,338,77,18,357,7,459,418,0,418,877
08/11/2002,ISP,NY,AEA,EN,Combined TRACON& Tower with Radar,66,25,58,0,149,3,0,269,0,272,69,25,327,0,421,386,0,386,807
08/12/2002,ISP,NY,AEA,EN,Combined TRACON& Tower with Radar,71,30,62,0,163,4,0,252,0,256,75,30,314,0,419,363,0,363,782
08/13/2002,ISP,NY,AEA,EN,Combined TRACON& Tower with Radar,73,33,66,0,172,0,6,170,0,176,73,39,236,0,348,298,0,298,646
08/14/2002,ISP,NY,AEA,EN,Combined TRACON& Tower with Radar,76,30,75,2,183,0,0,181,18,199,76,30,256,20,382,292,20,312,694
08/15/2002,ISP,NY,AEA,EN,Combined TRACON& Tower with Radar,70,32,65,2,169,0,10,104,6,120,70,42,169,8,289,254,6,260,549
08/16/2002,ISP,NY,AEA,EN,Combined TRACON& Tower with Radar,76,38,74,2,190,0,11,134,3,148,76,49,208,5,338,202,20,222,560
08/17/2002,ISP,NY,AEA,EN,Combined TRACON& Tower with Radar,68,20,58,2,148,0,0,247,4,251,68,20,305,6,399,368,0,368,767
08/18/2002,ISP,NY,AEA,EN,Combined TRACON& Tower with Radar,58,25,49,1,133,5,0,176,0,181,63,25,225,1,314,366,0,366,680
08/19/2002,ISP,NY,AEA,EN,Combined TRACON& Tower with Radar,71,31,61,2,165,0,5,256,2,263,71,36,317,4,428,358,0,358,786
08/20/2002,ISP,NY,AEA,EN,Combined TRACON& Tower with Radar,75,34,70,2,181,0,0,150,0,150,75,34,220,2,331,317,18,335,666
08/21/2002,ISP,NY,AEA,EN,Combined TRACON& Tower with Radar,61,26,52,1,140,7,4,270,1,282,68,30,322,2,422,296,0,296,718
08/22/2002,ISP,NY,AEA,EN,Combined TRACON& Tower with Radar,74,30,62,2,168,1,0,288,0,289,75,30,350,2,457,324,0,324,781
08/23/2002,ISP,NY,AEA,EN,Combined TRACON& Tower with Radar,70,37,75,1,183,0,2,217,1,220,70,39,292,2,403,270,0,270,673
08/24/2002,ISP,NY,AEA,EN,Combined TRACON& Tower with Radar,59,18,51,0,128,7,0,79,3,89,66,18,130,3,217,190,0,190,407
08/25/2002,ISP,NY,AEA,EN,Combined TRACON& Tower with Radar,71,27,62,0,160,1,0,262,0,263,72,27,324,0,423,402,0,402,825
08/26/2002,ISP,NY,AEA,EN,Combined TRACON& Tower with Radar,70,32,66,1,169,0,9,252,0,261,70,41,318,1,430,372,0,372,802
08/27/2002,ISP,NY,AEA,EN,Combined TRACON& Tower with Radar,68,27,58,1,154,11,0,212,3,226,79,27,270,4,380,302,0,302,682
08/28/2002,ISP,NY,AEA,EN,Combined TRACON& Tower with Radar,72,33,68,1,174,0,0,199,2,201,72,33,267,3,375,286,26,312,687
08/29/2002,ISP,NY,AEA,EN,Combined TRACON& Tower with Radar,74,32,48,1,155,3,16,0,0,19,77,48,48,1,174,0,0,0,174
08/30/2002,ISP,NY,AEA,EN,Combined TRACON& Tower with Radar,73,41,82,1,197,0,16,48,1,65,73,57,130,2,262,106,0,106,368
08/31/2002,ISP,NY,AEA,EN,Combined TRACON& Tower with Radar,65,13,55,1,134,1,0,134,1,136,66,13,189,2,270,240,0,240,510
09/01/2002,ISP,NY,AEA,EN,Combined TRACON& Tower with Radar,55,14,50,0,119,6,0,28,2,36,61,14,78,2,155,98,4,102,257
09/02/2002,ISP,NY,AEA,EN,Combined TRACON& Tower with Radar,69,33,56,1,159,0,13,0,0,13,69,46,56,1,172,0,0,0,172
09/03/2002,ISP,NY,AEA,EN,Combined TRACON& Tower with Radar,73,29,70,1,173,0,0,202,2,204,73,29,272,3,377,308,6,314,691
09/04/2002,ISP,NY,AEA,EN,Combined TRACON& Tower with Radar,79,35,71,1,186,0,0,105,1,106,79,35,176,2,292,192,0,192,484
09/05/2002,ISP,NY,AEA,EN,Combined TRACON& Tower with Radar,69,33,66,1,169,0,1,244,5,250,69,34,310,6,419,262,20,282,701
09/06/2002,ISP,NY,AEA,EN,Combined TRACON& Tower with Radar,76,37,73,1,187,0,11,249,1,261,76,48,322,2,448,326,0,326,774
09/07/2002,ISP,NY,AEA,EN,Combined TRACON& Tower with Radar,60,28,55,0,143,5,0,258,4,267,65,28,313,4,410,380,0,380,790
09/08/2002,ISP,NY,AEA,EN,Combined TRACON& Tower with Radar,56,24,51,0,131,13,0,274,7,294,69,24,325,7,425,476,0,476,901
09/09/2002,ISP,NY,AEA,EN,Combined TRACON& Tower with Radar,65,30,59,0,154,12,0,185,0,197,77,30,244,0,351,246,0,246,597
09/10/2002,ISP,NY,AEA,EN,Combined TRACON& Tower with Radar,74,35,70,2,181,0,3,177,5,185,74,38,247,7,366,366,0,366,732
09/11/2002,ISP,NY,AEA,EN,Combined TRACON& Tower with Radar,55,25,49,1,130,14,6,0,1,21,69,31,49,2,151,26,0,26,177
09/12/2002,ISP,NY,AEA,EN,Combined TRACON& Tower with Radar,71,33,67,2,173,0,13,149,5,167,71,46,216,7,340,258,0,258,598
09/13/2002,ISP,NY,AEA,EN,Combined TRACON& Tower with Radar,70,43,88,2,203,0,14,241,7,262,70,57,329,9,465,326,10,336,801
09/14/2002,ISP,NY,AEA,EN,Combined TRACON& Tower with Radar,70,18,65,2,155,0,0,216,5,221,70,18,281,7,376,262,0,262,638
09/15/2002,ISP,NY,AEA,EN,Combined TRACON& Tower with Radar,61,27,55,2,145,12,2,1,2,17,73,29,56,4,162,46,0,46,208
09/16/2002,ISP,NY,AEA,EN,Combined TRACON& Tower with Radar,75,35,70,0,180,0,6,14,0,20,75,41,84,0,200,26,0,26,226
09/17/2002,ISP,NY,AEA,EN,Combined TRACON& Tower with Radar,74,38,78,2,192,0,0,248,0,248,74,38,326,2,440,314,0,314,754
09/18/2002,ISP,NY,AEA,EN,Combined TRACON& Tower with Radar,67,29,59,2,157,1,10,282,0,293,68,39,341,2,450,398,0,398,848
09/19/2002,ISP,NY,AEA,EN,Combined TRACON& Tower with Radar,72,35,71,2,180,0,0,246,9,255,72,35,317,11,435,340,8,348,783
09/20/2002,ISP,NY,AEA,EN,Combined TRACON& Tower with Radar,74,32,65,2,173,2,8,217,9,236,76,40,282,11,409,376,0,376,785
09/21/2002,ISP,NY,AEA,EN,Combined TRACON& Tower with Radar,61,18,54,0,133,6,0,146,4,156,67,18,200,4,289,310,0,310,599
09/22/2002,ISP,NY,AEA,EN,Combined TRACON& Tower with Radar,66,29,68,1,164,0,0,229,1,230,66,29,297,2,394,360,0,360,754
09/23/2002,ISP,NY,AEA,EN,Combined TRACON& Tower with Radar,75,32,66,0,173,4,0,155,0,159,79,32,221,0,332,272,0,272,604
09/24/2002,ISP,NY,AEA,EN,Combined TRACON& Tower with Radar,74,29,66,1,170,2,0,227,0,229,76,29,293,1,399,400,0,400,799
09/25/2002,ISP,NY,AEA,EN,Combined TRACON& Tower with Radar,75,31,69,1,176,0,0,230,7,237,75,31,299,8,413,424,0,424,837
09/26/2002,ISP,NY,AEA,EN,Combined TRACON& Tower with Radar,69,32,65,0,166,0,7,56,0,63,69,39,121,0,229,166,0,166,395
09/27/2002,ISP,NY,AEA,EN,Combined TRACON& Tower with Radar,79,35,70,1,185,1,0,13,5,19,80,35,83,6,204,62,0,62,266
09/28/2002,ISP,NY,AEA,EN,Combined TRACON& Tower with Radar,54,22,49,0,125,15,0,131,1,147,69,22,180,1,272,370,0,370,642
09/29/2002,ISP,NY,AEA,EN,Combined TRACON& Tower with Radar,71,22,70,1,164,0,0,318,6,324,71,22,388,7,488,376,0,376,864
09/30/2002,ISP,NY,AEA,EN,Combined TRACON& Tower with Radar,70,31,63,1,165,6,0,229,2,237,76,31,292,3,402,396,0,396,798
10/01/2002,ISP,NY,AEA,EN,Combined TRACON& Tower with Radar,77,30,61,0,168,0,0,232,0,232,77,30,293,0,400,310,0,310,710
10/02/2002,ISP,NY,AEA,EN,Combined TRACON& Tower with Radar,76,33,64,0,173,0,0,141,0,141,76,33,205,0,314,444,0,444,758
10/03/2002,ISP,NY,AEA,EN,Combined TRACON& Tower with Radar,74,36,66,2,178,0,1,94,0,95,74,37,160,2,273,254,0,254,527
10/04/2002,ISP,NY,AEA,EN,Combined TRACON& Tower with Radar,72,37,68,0,177,0,0,53,0,53,72,37,121,0,230,132,0,132,362
10/05/2002,ISP,NY,AEA,EN,Combined TRACON& Tower with Radar,66,15,52,1,134,4,0,125,7,136,70,15,177,8,270,0,256,256,526
10/06/2002,ISP,NY,AEA,EN,Combined TRACON& Tower with Radar,69,25,56,1,151,0,0,288,3,291,69,25,344,4,442,290,0,290,732
10/07/2002,ISP,NY,AEA,EN,Combined TRACON& Tower with Radar,75,28,65,2,170,0,0,63,1,64,75,28,128,3,234,162,0,162,396
10/08/2002,ISP,NY,AEA,EN,Combined TRACON& Tower with Radar,68,28,55,1,152,0,0,172,7,179,68,28,227,8,331,166,0,166,497
10/09/2002,ISP,NY,AEA,EN,Combined TRACON& Tower with Radar,77,33,62,1,173,0,5,242,7,254,77,38,304,8,427,350,0,350,777
10/10/2002,ISP,NY,AEA,EN,Combined TRACON& Tower with Radar,70,32,60,1,163,0,6,150,13,169,70,38,210,14,332,396,2,398,730
10/11/2002,ISP,NY,AEA,EN,Combined TRACON& Tower with Radar,76,34,62,0,172,0,17,0,0,17,76,51,62,0,189,10,0,10,199
10/12/2002,ISP,NY,AEA,EN,Combined TRACON& Tower with Radar,50,20,19,1,90,19,3,0,0,22,69,23,19,1,112,4,0,4,116
10/13/2002,ISP,NY,AEA,EN,Combined TRACON& Tower with Radar,69,25,85,0,179,0,0,64,0,64,69,25,149,0,243,68,0,68,311
10/14/2002,ISP,NY,AEA,EN,Combined TRACON& Tower with Radar,74,29,58,0,161,3,0,156,0,159,77,29,214,0,320,232,0,232,552
10/15/2002,ISP,NY,AEA,EN,Combined TRACON& Tower with Radar,72,29,57,2,160,3,1,210,2,216,75,30,267,4,376,310,0,310,686
10/16/2002,ISP,NY,AEA,EN,Combined TRACON& Tower with Radar,52,21,15,0,88,24,4,0,0,28,76,25,15,0,116,0,0,0,116
10/17/2002,ISP,NY,AEA,EN,Combined TRACON& Tower with Radar,76,31,58,2,167,0,1,249,7,257,76,32,307,9,424,370,0,370,794
10/18/2002,ISP,NY,AEA,EN,Combined TRACON& Tower with Radar,75,32,61,2,170,0,5,260,1,266,75,37,321,3,436,338,0,338,774
10/19/2002,ISP,NY,AEA,EN,Combined TRACON& Tower with Radar,54,21,41,2,118,12,0,136,1,149,66,21,177,3,267,218,0,218,485
10/20/2002,ISP,NY,AEA,EN,Combined TRACON& Tower with Radar,64,24,49,0,137,7,0,309,0,316,71,24,358,0,453,338,0,338,791
10/21/2002,ISP,NY,AEA,EN,Combined TRACON& Tower with Radar,64,25,49,2,140,5,10,181,3,199,69,35,230,5,339,256,0,256,595
10/22/2002,ISP,NY,AEA,EN,Combined TRACON& Tower with Radar,67,26,51,2,146,10,6,197,2,215,77,32,248,4,361,304,12,316,677
10/23/2002,ISP,NY,AEA,EN,Combined TRACON& Tower with Radar,76,30,59,2,167,0,0,199,5,204,76,30,258,7,371,336,28,364,735
10/24/2002,ISP,NY,AEA,EN,Combined TRACON& Tower with Radar,74,28,57,2,161,3,0,225,1,229,77,28,282,3,390,346,4,350,740
10/25/2002,ISP,NY,AEA,EN,Combined TRACON& Tower with Radar,76,35,67,3,181,0,8,184,6,198,76,43,251,9,379,282,8,290,669
10/26/2002,ISP,NY,AEA,EN,Combined TRACON& Tower with Radar,61,20,46,0,127,6,0,13,0,19,67,20,59,0,146,28,0,28,174
10/27/2002,ISP,NY,AEA,EN,Combined TRACON& Tower with Radar,57,22,43,0,122,12,1,247,0,260,69,23,290,0,382,384,0,384,766
10/28/2002,ISP,NY,AEA,EN,Combined TRACON& Tower with Radar,71,28,54,2,155,5,0,221,1,227,76,28,275,3,382,340,0,340,722
10/29/2002,ISP,NY,AEA,EN,Combined TRACON& Tower with Radar,67,26,52,1,146,8,8,163,5,184,75,34,215,6,330,316,8,324,654
10/30/2002,ISP,NY,AEA,EN,Combined TRACON& Tower with Radar,65,26,51,1,143,3,7,65,2,77,68,33,116,3,220,256,0,256,476
10/31/2002,ISP,NY,AEA,EN,Combined TRACON& Tower with Radar,77,29,62,2,170,0,0,199,9,208,77,29,261,11,378,332,18,350,728
11/01/2002,ISP,NY,AEA,EN,Combined TRACON& Tower with Radar,73,28,51,0,152,1,17,139,0,157,74,45,190,0,309,268,0,268,577
11/02/2002,ISP,NY,AEA,EN,Combined TRACON& Tower with Radar,65,18,45,0,128,3,0,212,0,215,68,18,257,0,343,400,0,400,743
11/03/2002,ISP,NY,AEA,EN,Combined TRACON& Tower with Radar,62,24,44,0,130,8,0,231,0,239,70,24,275,0,369,336,0,336,705
11/04/2002,ISP,NY,AEA,EN,Combined TRACON& Tower with Radar,82,29,58,1,170,0,0,106,3,109,82,29,164,4,279,322,0,322,601
11/05/2002,ISP,NY,AEA,EN,Combined TRACON& Tower with Radar,76,29,53,1,159,1,0,221,0,222,77,29,274,1,381,326,0,326,707
11/06/2002,ISP,NY,AEA,EN,Combined TRACON& Tower with Radar,70,27,49,0,146,3,1,11,0,15,73,28,60,0,161,54,0,54,215
11/07/2002,ISP,NY,AEA,EN,Combined TRACON& Tower with Radar,75,33,60,1,169,0,8,136,11,155,75,41,196,12,324,218,16,234,558
11/08/2002,ISP,NY,AEA,EN,Combined TRACON& Tower with Radar,75,29,52,1,157,2,8,177,0,187,77,37,229,1,344,306,0,306,650
11/09/2002,ISP,NY,AEA,EN,Combined TRACON& Tower with Radar,72,16,54,1,143,0,0,302,0,302,72,16,356,1,445,332,0,332,777
11/10/2002,ISP,NY,AEA,EN,Combined TRACON& Tower with Radar,66,16,60,1,143,0,0,90,3,93,66,16,150,4,236,124,0,124,360
11/11/2002,ISP,NY,AEA,EN,Combined TRACON& Tower with Radar,69,26,36,0,131,13,0,0,1,14,82,26,36,1,145,0,0,0,145
11/12/2002,ISP,NY,AEA,EN,Combined TRACON& Tower with Radar,79,31,58,1,169,0,7,38,1,46,79,38,96,2,215,166,0,166,381
11/13/2002,ISP,NY,AEA,EN,Combined TRACON& Tower with Radar,76,32,58,1,167,0,0,69,4,73,76,32,127,5,240,228,18,246,486
11/14/2002,ISP,NY,AEA,EN,Combined TRACON& Tower with Radar,75,31,63,1,170,0,0,305,7,312,75,31,368,8,482,346,0,346,828
11/15/2002,ISP,NY,AEA,EN,Combined TRACON& Tower with Radar,77,34,65,2,178,0,2,234,2,238,77,36,299,4,416,364,10,374,790
11/16/2002,ISP,NY,AEA,EN,Combined TRACON& Tower with Radar,50,18,35,1,104,17,0,2,3,22,67,18,37,4,126,52,0,52,178
11/17/2002,ISP,NY,AEA,EN,Combined TRACON& Tower with Radar,64,21,42,0,127,6,0,0,0,6,70,21,42,0,133,18,0,18,151
11/18/2002,ISP,NY,AEA,EN,Combined TRACON& Tower with Radar,69,25,47,1,142,12,0,32,3,47,81,25,79,4,189,36,6,42,231
11/19/2002,ISP,NY,AEA,EN,Combined TRACON& Tower with Radar,77,28,52,2,159,2,5,232,4,243,79,33,284,6,402,308,0,308,710
11/20/2002,ISP,NY,AEA,EN,Combined TRACON& Tower with Radar,78,34,63,2,177,0,0,272,8,280,78,34,335,10,457,312,0,312,769
11/21/2002,ISP,NY,AEA,EN,Combined TRACON& Tower with Radar,76,28,51,2,157,9,3,69,4,85,85,31,120,6,242,310,8,318,560
11/22/2002,ISP,NY,AEA,EN,Combined TRACON& Tower with Radar,78,28,41,2,149,1,14,0,0,15,79,42,41,2,164,12,0,12,176
11/23/2002,ISP,NY,AEA,EN,Combined TRACON& Tower with Radar,53,19,22,1,95,16,9,0,2,27,69,28,22,3,122,66,4,70,192
11/24/2002,ISP,NY,AEA,EN,Combined TRACON& Tower with Radar,65,21,44,0,130,4,0,245,0,249,69,21,289,0,379,272,0,272,651
11/25/2002,ISP,NY,AEA,EN,Combined TRACON& Tower with Radar,84,27,59,2,172,0,0,180,5,185,84,27,239,7,357,338,0,338,695
11/26/2002,ISP,NY,AEA,EN,Combined TRACON& Tower with Radar,77,32,59,2,170,0,0,244,7,251,77,32,303,9,421,308,0,308,729
11/27/2002,ISP,NY,AEA,EN,Combined TRACON& Tower with Radar,73,27,50,0,150,4,4,44,0,52,77,31,94,0,202,16,0,16,218
11/28/2002,ISP,NY,AEA,EN,Combined TRACON& Tower with Radar,43,15,30,0,88,11,2,47,0,60,54,17,77,0,148,76,0,76,224
11/29/2002,ISP,NY,AEA,EN,Combined TRACON& Tower with Radar,52,14,36,0,102,5,0,111,0,116,57,14,147,0,218,230,0,230,448
11/30/2002,ISP,NY,AEA,EN,Combined TRACON& Tower with Radar,68,22,50,1,141,0,0,162,1,163,68,22,212,2,304,296,0,296,600
12/01/2002,ISP,NY,AEA,EN,Combined TRACON& Tower with Radar,73,27,44,0,144,2,0,53,0,55,75,27,97,0,199,104,0,104,303
12/02/2002,ISP,NY,AEA,EN,Combined TRACON& Tower with Radar,75,31,51,1,158,0,3,125,1,129,75,34,176,2,287,278,0,278,565
12/03/2002,ISP,NY,AEA,EN,Combined TRACON& Tower with Radar,73,28,45,0,146,0,8,74,10,92,73,36,119,10,238,90,8,98,336
12/04/2002,ISP,NY,AEA,EN,Combined TRACON& Tower with Radar,79,26,54,1,160,0,0,247,6,253,79,26,301,7,413,288,4,292,705
12/05/2002,ISP,NY,AEA,EN,Combined TRACON& Tower with Radar,45,17,20,0,82,9,0,0,4,13,54,17,20,4,95,18,4,22,117
12/06/2002,ISP,NY,AEA,EN,Combined TRACON& Tower with Radar,76,31,50,1,158,0,4,121,0,125,76,35,171,1,283,134,0,134,417
12/07/2002,ISP,NY,AEA,EN,Combined TRACON& Tower with Radar,72,15,45,0,132,0,0,193,0,193,72,15,238,0,325,256,0,256,581
12/08/2002,ISP,NY,AEA,EN,Combined TRACON& Tower with Radar,68,19,41,1,129,3,0,226,2,231,71,19,267,3,360,342,0,342,702
12/09/2002,ISP,NY,AEA,EN,Combined TRACON& Tower with Radar,69,25,42,0,136,9,4,132,0,145,78,29,174,0,281,122,0,122,403
12/10/2002,ISP,NY,AEA,EN,Combined TRACON& Tower with Radar,69,25,42,1,137,6,8,153,4,171,75,33,195,5,308,196,0,196,504
12/11/2002,ISP,NY,AEA,EN,Combined TRACON& Tower with Radar,63,23,38,1,125,12,2,48,3,65,75,25,86,4,190,116,2,118,308
12/12/2002,ISP,NY,AEA,EN,Combined TRACON& Tower with Radar,77,31,58,2,168,0,0,175,4,179,77,31,233,6,347,296,0,296,643
12/13/2002,ISP,NY,AEA,EN,Combined TRACON& Tower with Radar,73,27,54,2,156,0,0,204,0,204,73,27,258,2,360,248,0,248,608
12/14/2002,ISP,NY,AEA,EN,Combined TRACON& Tower with Radar,64,20,39,1,124,6,0,0,0,6,70,20,39,1,130,4,0,4,134
12/15/2002,ISP,NY,AEA,EN,Combined TRACON& Tower with Radar,73,19,49,0,141,0,0,244,0,244,73,19,293,0,385,342,0,342,727
12/16/2002,ISP,NY,AEA,EN,Combined TRACON& Tower with Radar,68,24,41,1,134,10,5,6,3,24,78,29,47,4,158,66,0,66,224
12/17/2002,ISP,NY,AEA,EN,Combined TRACON& Tower with Radar,79,28,48,2,157,0,3,218,5,226,79,31,266,7,383,268,0,268,651
12/18/2002,ISP,NY,AEA,EN,Combined TRACON& Tower with Radar,93,37,63,0,193,0,0,305,0,305,93,37,368,0,498,410,0,410,908
12/19/2002,ISP,NY,AEA,EN,Combined TRACON& Tower with Radar,75,32,52,2,161,0,2,206,11,219,75,34,258,13,380,324,0,324,704
12/20/2002,ISP,NY,AEA,EN,Combined TRACON& Tower with Radar,104,37,62,0,203,0,8,0,0,8,104,45,62,0,211,0,0,0,211
12/21/2002,ISP,NY,AEA,EN,Combined TRACON& Tower with Radar,72,16,42,0,130,0,0,158,0,158,72,16,200,0,288,160,0,160,448
12/22/2002,ISP,NY,AEA,EN,Combined TRACON& Tower with Radar,64,17,37,0,118,4,0,193,0,197,68,17,230,0,315,276,0,276,591
12/23/2002,ISP,NY,AEA,EN,Combined TRACON& Tower with Radar,98,35,60,0,193,0,15,141,0,156,98,50,201,0,349,206,0,206,555
12/24/2002,ISP,NY,AEA,EN,Combined TRACON& Tower with Radar,85,29,49,2,165,2,13,100,0,115,87,42,149,2,280,240,10,250,530
12/25/2002,ISP,NY,AEA,EN,Combined TRACON& Tower with Radar,40,13,3,0,56,12,9,0,0,21,52,22,3,0,77,0,0,0,77
12/26/2002,ISP,NY,AEA,EN,Combined TRACON& Tower with Radar,66,23,40,0,129,3,0,38,0,41,69,23,78,0,170,82,0,82,252
12/27/2002,ISP,NY,AEA,EN,Combined TRACON& Tower with Radar,86,27,50,0,163,7,0,174,0,181,93,27,224,0,344,280,0,280,624
12/28/2002,ISP,NY,AEA,EN,Combined TRACON& Tower with Radar,65,13,39,0,117,6,0,200,0,206,71,13,239,0,323,396,0,396,719
12/29/2002,ISP,NY,AEA,EN,Combined TRACON& Tower with Radar,75,25,45,0,145,3,0,192,0,195,78,25,237,0,340,402,0,402,742
12/30/2002,ISP,NY,AEA,EN,Combined TRACON& Tower with Radar,66,21,40,0,127,11,0,150,0,161,77,21,190,0,288,264,0,264,552
12/31/2002,ISP,NY,AEA,EN,Combined TRACON& Tower with Radar,54,19,31,0,104,10,1,0,2,13,64,20,31,2,117,6,0,6,123
01/01/2003,ISP,NY,AEA,EN,Combined TRACON& Tower with Radar,69,9,41,0,119,0,0,22,0,22,69,9,63,0,141,70,0,70,211
01/02/2003,ISP,NY,AEA,EN,Combined TRACON& Tower with Radar,74,26,43,1,144,10,4,67,0,81,84,30,110,1,225,182,0,182,407
01/03/2003,ISP,NY,AEA,EN,Combined TRACON& Tower with Radar,71,24,29,0,124,15,0,0,0,15,86,24,29,0,139,0,0,0,139
01/04/2003,ISP,NY,AEA,EN,Combined TRACON& Tower with Radar,56,16,32,1,105,13,0,11,1,25,69,16,43,2,130,80,0,80,210
01/05/2003,ISP,NY,AEA,EN,Combined TRACON& Tower with Radar,78,28,55,1,162,0,0,174,0,174,78,28,229,1,336,284,0,284,620
01/06/2003,ISP,NY,AEA,EN,Combined TRACON& Tower with Radar,72,23,36,1,132,6,0,0,2,8,78,23,36,3,140,0,0,0,140
01/07/2003,ISP,NY,AEA,EN,Combined TRACON& Tower with Radar,68,24,40,1,133,1,1,82,12,96,69,25,122,13,229,152,6,158,387
01/08/2003,ISP,NY,AEA,EN,Combined TRACON& Tower with Radar,80,26,47,1,154,6,0,92,3,101,86,26,139,4,255,174,0,174,429
01/09/2003,ISP,NY,AEA,EN,Combined TRACON& Tower with Radar,82,27,50,1,160,0,0,109,5,114,82,27,159,6,274,238,0,238,512
01/10/2003,ISP,NY,AEA,EN,Combined TRACON& Tower with Radar,89,31,54,1,175,0,0,178,3,181,89,31,232,4,356,226,4,230,586
01/11/2003,ISP,NY,AEA,EN,Combined TRACON& Tower with Radar,82,21,49,1,153,7,0,145,3,155,89,21,194,4,308,156,0,156,464
01/12/2003,ISP,NY,AEA,EN,Combined TRACON& Tower with Radar,53,14,30,1,98,11,0,175,2,188,64,14,205,3,286,290,0,290,576
01/13/2003,ISP,NY,AEA,EN,Combined TRACON& Tower with Radar,70,26,43,1,140,0,1,99,5,105,70,27,142,6,245,160,0,160,405
01/14/2003,ISP,NY,AEA,EN,Combined TRACON& Tower with Radar,68,24,43,2,137,0,0,144,9,153,68,24,187,11,290,218,0,218,508
01/15/2003,ISP,NY,AEA,EN,Combined TRACON& Tower with Radar,69,31,53,2,155,0,6,169,5,180,69,37,222,7,335,314,0,314,649
01/16/2003,ISP,NY,AEA,EN,Combined TRACON& Tower with Radar,72,27,48,2,149,0,2,195,3,200,72,29,243,5,349,302,0,302,651
01/17/2003,ISP,NY,AEA,EN,Combined TRACON& Tower with Radar,82,28,49,2,161,0,9,76,2,87,82,37,125,4,248,216,0,216,464
01/18/2003,ISP,NY,AEA,EN,Combined TRACON& Tower with Radar,67,17,38,0,122,8,0,129,0,137,75,17,167,0,259,204,0,204,463
01/19/2003,ISP,NY,AEA,EN,Combined TRACON& Tower with Radar,74,22,42,0,138,4,0,142,0,146,78,22,184,0,284,328,0,328,612
01/20/2003,ISP,NY,AEA,EN,Combined TRACON& Tower with Radar,65,22,36,1,124,0,9,65,0,74,65,31,101,1,198,30,0,30,228
01/21/2003,ISP,NY,AEA,EN,Combined TRACON& Tower with Radar,71,25,42,2,140,0,7,116,4,127,71,32,158,6,267,252,0,252,519
01/22/2003,ISP,NY,AEA,EN,Combined TRACON& Tower with Radar,70,23,40,2,135,0,5,66,8,79,70,28,106,10,214,248,10,258,472
01/23/2003,ISP,NY,AEA,EN,Combined TRACON& Tower with Radar,80,28,47,2,157,0,7,77,6,90,80,35,124,8,247,116,0,116,363
01/24/2003,ISP,NY,AEA,EN,Combined TRACON& Tower with Radar,72,24,36,2,134,3,5,0,64,72,75,29,36,66,206,2,68,70,276
01/25/2003,ISP,NY,AEA,EN,Combined TRACON& Tower with Radar,67,14,38,0,119,0,0,192,0,192,67,14,230,0,311,254,0,254,565
01/26/2003,ISP,NY,AEA,EN,Combined TRACON& Tower with Radar,61,19,39,0,119,0,0,198,0,198,61,19,237,0,317,348,0,348,665
01/27/2003,ISP,NY,AEA,EN,Combined TRACON& Tower with Radar,66,22,39,0,127,7,4,13,0,24,73,26,52,0,151,42,0,42,193
01/28/2003,ISP,NY,AEA,EN,Combined TRACON& Tower with Radar,65,26,44,1,136,0,9,114,1,124,65,35,158,2,260,184,0,184,444
01/29/2003,ISP,NY,AEA,EN,Combined TRACON& Tower with Radar,61,20,35,1,117,7,6,3,4,20,68,26,38,5,137,128,16,144,281
01/30/2003,ISP,NY,AEA,EN,Combined TRACON& Tower with Radar,69,26,46,1,142,0,2,225,6,233,69,28,271,7,375,266,4,270,645
01/31/2003,ISP,NY,AEA,EN,Combined TRACON& Tower with Radar,81,28,48,0,157,0,14,21,0,35,81,42,69,0,192,118,0,118,310
02/01/2003,ISP,NY,AEA,EN,Combined TRACON& Tower with Radar,51,21,15,0,87,19,0,0,0,19,70,21,15,0,106,0,0,0,106
02/02/2003,ISP,NY,AEA,EN,Combined TRACON& Tower with Radar,58,25,36,0,119,2,0,114,0,116,60,25,150,0,235,268,0,268,503
02/03/2003,ISP,NY,AEA,EN,Combined TRACON& Tower with Radar,70,27,43,1,141,0,0,206,1,207,70,27,249,2,348,282,0,282,630
02/04/2003,ISP,NY,AEA,EN,Combined TRACON& Tower with Radar,65,29,40,0,134,13,1,1,0,15,78,30,41,0,149,46,0,46,195
02/05/2003,ISP,NY,AEA,EN,Combined TRACON& Tower with Radar,77,35,50,1,163,0,3,146,13,162,77,38,196,14,325,264,4,268,593
02/06/2003,ISP,NY,AEA,EN,Combined TRACON& Tower with Radar,89,44,67,1,201,0,0,214,2,216,89,44,281,3,417,246,14,260,677
02/07/2003,ISP,NY,AEA,EN,Combined TRACON& Tower with Radar,53,23,28,0,104,11,1,0,0,12,64,24,28,0,116,6,0,6,122
02/08/2003,ISP,NY,AEA,EN,Combined TRACON& Tower with Radar,84,30,52,1,167,6,0,145,1,152,90,30,197,2,319,238,0,238,557
02/09/2003,ISP,NY,AEA,EN,Combined TRACON& Tower with Radar,63,13,46,1,123,0,0,244,0,244,63,13,290,1,367,294,0,294,661
02/10/2003,ISP,NY,AEA,EN,Combined TRACON& Tower with Radar,59,25,37,0,121,9,0,22,2,33,68,25,59,2,154,132,0,132,286
02/11/2003,ISP,NY,AEA,EN,Combined TRACON& Tower with Radar,76,30,46,2,154,1,0,108,9,118,77,30,154,11,272,166,14,180,452
02/12/2003,ISP,NY,AEA,EN,Combined TRACON& Tower with Radar,64,27,39,0,130,3,11,3,0,17,67,38,42,0,147,43,0,43,190
02/13/2003,ISP,NY,AEA,EN,Combined TRACON& Tower with Radar,89,39,56,2,186,0,7,119,3,129,89,46,175,5,315,140,0,140,455
02/14/2003,ISP,NY,AEA,EN,Combined TRACON& Tower with Radar,85,41,61,2,189,0,6,191,2,199,85,47,252,4,388,202,0,202,590
02/15/2003,ISP,NY,AEA,EN,Combined TRACON& Tower with Radar,64,21,38,0,123,10,0,99,0,109,74,21,137,0,232,132,0,132,364
02/16/2003,ISP,NY,AEA,EN,Combined TRACON& Tower with Radar,50,17,29,0,96,9,0,71,0,80,59,17,100,0,176,208,0,208,384
02/17/2003,ISP,NY,AEA,EN,Combined TRACON& Tower with Radar,5,1,2,0,8,1,0,1,0,2,6,1,3,0,10,0,0,0,10
02/18/2003,ISP,NY,AEA,EN,Combined TRACON& Tower with Radar,53,22,24,0,99,6,7,0,0,13,59,29,24,0,112,0,0,0,112
02/19/2003,ISP,NY,AEA,EN,Combined TRACON& Tower with Radar,95,39,57,2,193,1,12,78,5,96,96,51,135,7,289,226,62,288,577
02/20/2003,ISP,NY,AEA,EN,Combined TRACON& Tower with Radar,75,30,45,2,152,3,5,164,0,172,78,35,209,2,324,178,0,178,502
02/21/2003,ISP,NY,AEA,EN,Combined TRACON& Tower with Radar,83,43,64,2,192,0,13,183,9,205,83,56,247,11,397,154,0,154,551
02/22/2003,ISP,NY,AEA,EN,Combined TRACON& Tower with Radar,55,10,26,0,91,20,0,0,0,20,75,10,26,0,111,0,0,0,111
02/23/2003,ISP,NY,AEA,EN,Combined TRACON& Tower with Radar,52,15,30,0,97,12,0,2,0,14,64,15,32,0,111,0,0,0,111
02/24/2003,ISP,NY,AEA,EN,Combined TRACON& Tower with Radar,70,35,53,1,159,0,0,134,3,137,70,35,187,4,296,220,0,220,516
02/25/2003,ISP,NY,AEA,EN,Combined TRACON& Tower with Radar,69,26,54,1,150,0,0,162,13,175,69,26,216,14,325,278,0,278,603
02/26/2003,ISP,NY,AEA,EN,Combined TRACON& Tower with Radar,75,30,45,0,150,2,2,161,0,165,77,32,206,0,315,270,0,270,585
02/27/2003,ISP,NY,AEA,EN,Combined TRACON& Tower with Radar,79,33,49,1,162,0,0,138,6,144,79,33,187,7,306,226,10,236,542
02/28/2003,ISP,NY,AEA,EN,Combined TRACON& Tower with Radar,76,33,50,1,160,0,4,110,0,114,76,37,160,1,274,188,0,188,462
03/01/2003,ISP,NY,AEA,EN,Combined TRACON& Tower with Radar,74,20,56,0,150,4,0,172,2,178,78,20,228,2,328,378,2,380,708
03/02/2003,ISP,NY,AEA,EN,Combined TRACON& Tower with Radar,52,20,34,0,106,6,2,0,0,8,58,22,34,0,114,16,0,16,130
03/03/2003,ISP,NY,AEA,EN,Combined TRACON& Tower with Radar,70,27,54,0,151,8,12,47,2,69,78,39,101,2,220,184,0,184,404
03/04/2003,ISP,NY,AEA,EN,Combined TRACON& Tower with Radar,74,29,56,0,159,8,6,171,3,188,82,35,227,3,347,202,0,202,549
03/05/2003,ISP,NY,AEA,EN,Combined TRACON& Tower with Radar,59,23,45,0,127,11,0,1,0,12,70,23,46,0,139,14,0,14,153
03/06/2003,ISP,NY,AEA,EN,Combined TRACON& Tower with Radar,64,25,17,0,106,26,8,0,0,34,90,33,17,0,140,0,0,0,140
03/07/2003,ISP,NY,AEA,EN,Combined TRACON& Tower with Radar,92,37,76,2,207,0,13,137,2,152,92,50,213,4,359,178,6,184,543
03/08/2003,ISP,NY,AEA,EN,Combined TRACON& Tower with Radar,61,10,57,1,129,0,0,252,3,255,61,10,309,4,384,378,0,378,762
03/09/2003,ISP,NY,AEA,EN,Combined TRACON& Tower with Radar,59,17,45,1,122,6,0,143,2,151,65,17,188,3,273,210,2,212,485
03/10/2003,ISP,NY,AEA,EN,Combined TRACON& Tower with Radar,67,25,51,1,144,5,2,121,1,129,72,27,172,2,273,214,0,214,487
03/11/2003,ISP,NY,AEA,EN,Combined TRACON& Tower with Radar,85,37,74,0,196,0,4,200,0,204,85,41,274,0,400,234,0,234,634
03/12/2003,ISP,NY,AEA,EN,Combined TRACON& Tower with Radar,81,32,66,1,180,0,3,94,2,99,81,35,160,3,279,138,0,138,417
03/13/2003,ISP,NY,AEA,EN,Combined TRACON& Tower with Radar,75,28,57,1,161,6,2,12,1,21,81,30,69,2,182,48,0,48,230
03/14/2003,ISP,NY,AEA,EN,Combined TRACON& Tower with Radar,76,30,69,1,176,0,0,190,1,191,76,30,259,2,367,234,0,234,601
03/15/2003,ISP,NY,AEA,EN,Combined TRACON& Tower with Radar,65,10,54,0,129,0,0,256,0,256,65,10,310,0,385,266,0,266,651
03/16/2003,ISP,NY,AEA,EN,Combined TRACON& Tower with Radar,67,24,58,0,149,0,0,271,0,271,67,24,329,0,420,432,0,432,852
03/17/2003,ISP,NY,AEA,EN,Combined TRACON& Tower with Radar,70,26,51,1,148,2,0,175,2,179,72,26,226,3,327,308,0,308,635
03/18/2003,ISP,NY,AEA,EN,Combined TRACON& Tower with Radar,66,26,51,1,144,0,0,196,5,201,66,26,247,6,345,248,0,248,593
03/19/2003,ISP,NY,AEA,EN,Combined TRACON& Tower with Radar,72,28,55,1,156,0,10,155,2,167,72,38,210,3,323,254,0,254,577
03/20/2003,ISP,NY,AEA,EN,Combined TRACON& Tower with Radar,72,26,53,1,152,1,4,14,9,28,73,30,67,10,180,104,10,114,294
03/21/2003,ISP,NY,AEA,EN,Combined TRACON& Tower with Radar,72,30,60,0,162,0,7,4,0,11,72,37,64,0,173,2,0,2,175
03/22/2003,ISP,NY,AEA,EN,Combined TRACON& Tower with Radar,68,19,50,1,138,1,0,230,4,235,69,19,280,5,373,550,0,550,923
03/23/2003,ISP,NY,AEA,EN,Combined TRACON& Tower with Radar,65,20,48,1,134,5,0,197,0,202,70,20,245,1,336,282,0,282,618
03/24/2003,ISP,NY,AEA,EN,Combined TRACON& Tower with Radar,75,28,55,0,158,0,5,194,0,199,75,33,249,0,357,373,0,373,730
03/25/2003,ISP,NY,AEA,EN,Combined TRACON& Tower with Radar,96,36,80,2,214,0,0,72,10,82,96,36,152,12,296,68,14,82,378
03/26/2003,ISP,NY,AEA,EN,Combined TRACON& Tower with Radar,73,25,61,1,160,0,0,138,4,142,73,25,199,5,302,310,0,310,612
03/27/2003,ISP,NY,AEA,EN,Combined TRACON& Tower with Radar,72,26,53,1,152,4,2,214,5,225,76,28,267,6,377,272,12,284,661
03/28/2003,ISP,NY,AEA,EN,Combined TRACON& Tower with Radar,77,28,57,1,163,2,3,266,0,271,79,31,323,1,434,340,6,346,780
03/29/2003,ISP,NY,AEA,EN,Combined TRACON& Tower with Radar,61,17,46,0,124,4,0,50,0,54,65,17,96,0,178,212,0,212,390
03/30/2003,ISP,NY,AEA,EN,Combined TRACON& Tower with Radar,61,23,46,0,130,7,0,5,0,12,68,23,51,0,142,104,0,104,246
03/31/2003,ISP,NY,AEA,EN,Combined TRACON& Tower with Radar,72,27,54,0,153,5,5,78,3,91,77,32,132,3,244,128,0,128,372
04/01/2003,ISP,NY,AEA,EN,Combined TRACON& Tower with Radar,80,32,32,5,149,0,0,98,4,102,80,32,130,9,251,156,4,160,411
04/02/2003,ISP,NY,AEA,EN,Combined TRACON& Tower with Radar,78,34,58,2,172,0,0,149,0,149,78,34,207,2,321,184,0,184,505
04/03/2003,ISP,NY,AEA,EN,Combined TRACON& Tower with Radar,74,29,46,1,150,0,0,136,2,138,74,29,182,3,288,270,4,274,562
04/04/2003,ISP,NY,AEA,EN,Combined TRACON& Tower with Radar,75,25,43,0,143,0,0,1,2,3,75,25,44,2,146,0,4,4,150
04/05/2003,ISP,NY,AEA,EN,Combined TRACON& Tower with Radar,64,18,18,1,101,0,0,0,0,0,64,18,18,1,101,0,0,0,101
04/06/2003,ISP,NY,AEA,EN,Combined TRACON& Tower with Radar,69,20,57,4,150,0,0,178,9,187,69,20,235,13,337,380,0,380,717
04/07/2003,ISP,NY,AEA,EN,Combined TRACON& Tower with Radar,65,22,19,0,106,0,0,11,0,11,65,22,30,0,117,8,0,8,125
04/08/2003,ISP,NY,AEA,EN,Combined TRACON& Tower with Radar,84,32,47,0,163,0,0,9,2,11,84,32,56,2,174,48,0,48,222
04/09/2003,ISP,NY,AEA,EN,Combined TRACON& Tower with Radar,70,32,31,0,133,0,0,0,0,0,70,32,31,0,133,0,0,0,133
04/10/2003,ISP,NY,AEA,EN,Combined TRACON& Tower with Radar,71,27,52,6,156,0,0,223,8,231,71,27,275,14,387,300,24,324,711
04/11/2003,ISP,NY,AEA,EN,Combined TRACON& Tower with Radar,71,30,35,1,137,0,0,7,0,7,71,30,42,1,144,0,0,0,144
04/12/2003,ISP,NY,AEA,EN,Combined TRACON& Tower with Radar,65,16,45,6,132,0,0,48,1,49,65,16,93,7,181,178,8,186,367
04/13/2003,ISP,NY,AEA,EN,Combined TRACON& Tower with Radar,63,19,61,2,145,0,0,276,6,282,63,19,337,8,427,358,0,358,785
04/14/2003,ISP,NY,AEA,EN,Combined TRACON& Tower with Radar,72,23,41,0,136,0,0,185,5,190,72,23,226,5,326,244,0,244,570
04/15/2003,ISP,NY,AEA,EN,Combined TRACON& Tower with Radar,71,30,64,0,165,0,0,220,5,225,71,30,284,5,390,318,10,328,718
04/16/2003,ISP,NY,AEA,EN,Combined TRACON& Tower with Radar,69,28,56,5,158,0,0,216,10,226,69,28,272,15,384,260,0,260,644
04/17/2003,ISP,NY,AEA,EN,Combined TRACON& Tower with Radar,68,30,50,4,152,0,1,87,6,94,68,31,137,10,246,190,6,196,442
04/18/2003,ISP,NY,AEA,EN,Combined TRACON& Tower with Radar,71,28,81,2,182,0,0,143,3,146,71,28,224,5,328,302,0,302,630
04/19/2003,ISP,NY,AEA,EN,Combined TRACON& Tower with Radar,64,11,41,1,117,0,0,238,2,240,64,11,279,3,357,448,0,448,805
04/20/2003,ISP,NY,AEA,EN,Combined TRACON& Tower with Radar,63,19,67,0,149,0,0,187,0,187,63,19,254,0,336,300,0,300,636
04/21/2003,ISP,NY,AEA,EN,Combined TRACON& Tower with Radar,72,31,72,2,177,0,1,218,4,223,72,32,290,6,400,386,8,394,794
04/22/2003,ISP,NY,AEA,EN,Combined TRACON& Tower with Radar,71,29,21,2,123,0,0,4,0,4,71,29,25,2,127,0,0,0,127
04/23/2003,ISP,NY,AEA,EN,Combined TRACON& Tower with Radar,71,27,37,8,143,0,0,182,5,187,71,27,219,13,330,256,0,256,586
04/24/2003,ISP,NY,AEA,EN,Combined TRACON& Tower with Radar,74,28,31,0,133,0,0,180,7,187,74,28,211,7,320,266,0,266,586
04/25/2003,ISP,NY,AEA,EN,Combined TRACON& Tower with Radar,72,24,72,0,168,0,1,279,0,280,72,25,351,0,448,330,0,330,778
04/26/2003,ISP,NY,AEA,EN,Combined TRACON& Tower with Radar,66,18,11,0,95,0,0,14,0,14,66,18,25,0,109,4,0,4,113
04/27/2003,ISP,NY,AEA,EN,Combined TRACON& Tower with Radar,64,25,79,0,168,0,0,251,0,251,64,25,330,0,419,400,0,400,819
04/28/2003,ISP,NY,AEA,EN,Combined TRACON& Tower with Radar,79,32,79,0,190,0,0,214,8,222,79,32,293,8,412,320,16,336,748
04/29/2003,ISP,NY,AEA,EN,Combined TRACON& Tower with Radar,87,42,66,0,195,0,0,215,5,220,87,42,281,5,415,320,12,332,747
04/30/2003,ISP,NY,AEA,EN,Combined TRACON& Tower with Radar,67,26,83,1,177,0,0,258,9,267,67,26,341,10,444,396,0,396,840
05/01/2003,ISP,NY,AEA,EN,Combined TRACON& Tower with Radar,73,28,89,3,193,0,0,32,0,32,73,28,121,3,225,66,2,68,293
05/02/2003,ISP,NY,AEA,EN,Combined TRACON& Tower with Radar,71,30,78,0,179,0,0,135,1,136,71,30,213,1,315,254,0,254,569
05/03/2003,ISP,NY,AEA,EN,Combined TRACON& Tower with Radar,76,23,70,0,169,0,0,142,13,155,76,23,212,13,324,328,4,332,656
05/04/2003,ISP,NY,AEA,EN,Combined TRACON& Tower with Radar,63,15,57,1,136,0,0,279,8,287,63,15,336,9,423,398,0,398,821
05/05/2003,ISP,NY,AEA,EN,Combined TRACON& Tower with Radar,78,29,67,2,176,0,0,202,3,205,78,29,269,5,381,234,16,250,631
05/06/2003,ISP,NY,AEA,EN,Combined TRACON& Tower with Radar,73,43,48,1,165,0,0,1,0,1,73,43,49,1,166,6,0,6,172
05/07/2003,ISP,NY,AEA,EN,Combined TRACON& Tower with Radar,81,33,98,5,217,0,0,119,6,125,81,33,217,11,342,194,4,198,540
05/08/2003,ISP,NY,AEA,EN,Combined TRACON& Tower with Radar,67,27,74,10,178,0,0,7,0,7,67,27,81,10,185,18,36,54,239
05/09/2003,ISP,NY,AEA,EN,Combined TRACON& Tower with Radar,67,26,103,9,205,0,1,129,6,136,67,27,232,15,341,252,12,264,605
05/10/2003,ISP,NY,AEA,EN,Combined TRACON& Tower with Radar,61,15,107,1,184,0,0,110,0,110,61,15,217,1,294,208,0,208,502
05/11/2003,ISP,NY,AEA,EN,Combined TRACON& Tower with Radar,64,45,52,2,163,0,0,0,0,0,64,45,52,2,163,6,0,6,169
05/12/2003,ISP,NY,AEA,EN,Combined TRACON& Tower with Radar,75,33,121,17,246,0,0,40,0,40,75,33,161,17,286,64,24,88,374
05/13/2003,ISP,NY,AEA,EN,Combined TRACON& Tower with Radar,79,29,56,4,168,0,1,159,3,163,79,30,215,7,331,210,0,210,541
05/14/2003,ISP,NY,AEA,EN,Combined TRACON& Tower with Radar,75,30,107,0,212,0,0,254,7,261,75,30,361,7,473,290,0,290,763
05/15/2003,ISP,NY,AEA,EN,Combined TRACON& Tower with Radar,67,23,80,5,175,0,0,259,7,266,67,23,339,12,441,316,24,340,781
05/16/2003,ISP,NY,AEA,EN,Combined TRACON& Tower with Radar,69,28,37,0,134,0,4,126,5,135,69,32,163,5,269,218,2,220,489
05/17/2003,ISP,NY,AEA,EN,Combined TRACON& Tower with Radar,67,19,54,3,143,0,0,140,2,142,67,19,194,5,285,322,0,322,607
05/18/2003,ISP,NY,AEA,EN,Combined TRACON& Tower with Radar,75,27,108,0,210,0,0,314,0,314,75,27,422,0,524,374,0,374,898
05/19/2003,ISP,NY,AEA,EN,Combined TRACON& Tower with Radar,77,35,99,8,219,0,1,224,5,230,77,36,323,13,449,304,8,312,761
05/20/2003,ISP,NY,AEA,EN,Combined TRACON& Tower with Radar,68,30,83,2,183,0,0,252,14,266,68,30,335,16,449,384,28,412,861
05/21/2003,ISP,NY,AEA,EN,Combined TRACON& Tower with Radar,72,25,71,2,170,0,0,44,1,45,72,25,115,3,215,40,0,40,255
05/22/2003,ISP,NY,AEA,EN,Combined TRACON& Tower with Radar,68,26,79,7,180,0,0,0,0,0,68,26,79,7,180,4,0,4,184
05/23/2003,ISP,NY,AEA,EN,Combined TRACON& Tower with Radar,68,49,82,0,199,0,0,0,0,0,68,49,82,0,199,6,0,6,205
05/24/2003,ISP,NY,AEA,EN,Combined TRACON& Tower with Radar,67,21,52,0,140,0,0,2,0,2,67,21,54,0,142,6,0,6,148
05/25/2003,ISP,NY,AEA,EN,Combined TRACON& Tower with Radar,77,26,168,0,271,0,0,64,6,70,77,26,232,6,341,288,0,288,629
05/26/2003,ISP,NY,AEA,EN,Combined TRACON& Tower with Radar,68,24,53,0,145,0,0,0,0,0,68,24,53,0,145,6,0,6,151
05/27/2003,ISP,NY,AEA,EN,Combined TRACON& Tower with Radar,81,29,132,4,246,0,0,208,3,211,81,29,340,7,457,230,4,234,691
05/28/2003,ISP,NY,AEA,EN,Combined TRACON& Tower with Radar,68,27,73,2,170,0,0,49,0,49,68,27,122,2,219,156,0,156,375
05/29/2003,ISP,NY,AEA,EN,Combined TRACON& Tower with Radar,69,32,91,3,195,0,0,222,2,224,69,32,313,5,419,298,0,298,717
05/30/2003,ISP,NY,AEA,EN,Combined TRACON& Tower with Radar,67,31,60,5,163,0,1,233,7,241,67,32,293,12,404,266,6,272,676
05/31/2003,ISP,NY,AEA,EN,Combined TRACON& Tower with Radar,66,9,50,1,126,0,0,95,3,98,66,9,145,4,224,256,0,256,480
06/01/2003,ISP,NY,AEA,EN,Combined TRACON& Tower with Radar,62,18,56,3,139,0,0,24,0,24,62,18,80,3,163,26,0,26,189
06/02/2003,ISP,NY,AEA,EN,Combined TRACON& Tower with Radar,69,23,63,2,157,0,1,262,8,271,69,24,325,10,428,376,0,376,804
06/03/2003,ISP,NY,AEA,EN,Combined TRACON& Tower with Radar,67,27,68,9,171,0,0,216,6,222,67,27,284,15,393,331,16,347,740
06/04/2003,ISP,NY,AEA,EN,Combined TRACON& Tower with Radar,70,36,47,2,155,0,0,0,0,0,70,36,47,2,155,2,0,2,157
06/05/2003,ISP,NY,AEA,EN,Combined TRACON& Tower with Radar,70,27,104,0,201,0,0,39,5,44,70,27,143,5,245,118,0,118,363
06/06/2003,ISP,NY,AEA,EN,Combined TRACON& Tower with Radar,67,29,74,1,171,0,0,300,2,302,67,29,374,3,473,340,2,342,815
06/07/2003,ISP,NY,AEA,EN,Combined TRACON& Tower with Radar,74,17,54,0,145,0,0,80,9,89,74,17,134,9,234,128,12,140,374
06/08/2003,ISP,NY,AEA,EN,Combined TRACON& Tower with Radar,74,37,101,0,212,0,0,139,17,156,74,37,240,17,368,340,100,440,808
06/09/2003,ISP,NY,AEA,EN,Combined TRACON& Tower with Radar,68,31,64,0,163,0,0,81,0,81,68,31,145,0,244,70,0,70,314
06/10/2003,ISP,NY,AEA,EN,Combined TRACON& Tower with Radar,73,28,100,3,204,0,0,284,2,286,73,28,384,5,490,306,0,306,796
06/11/2003,ISP,NY,AEA,EN,Combined TRACON& Tower with Radar,79,58,100,2,239,0,1,31,0,32,79,59,131,2,271,30,0,30,301
06/12/2003,ISP,NY,AEA,EN,Combined TRACON& Tower with Radar,62,36,108,2,208,0,0,61,6,67,62,36,169,8,275,226,0,226,501
06/13/2003,ISP,NY,AEA,EN,Combined TRACON& Tower with Radar,69,51,71,0,191,0,0,0,0,0,69,51,71,0,191,4,0,4,195
06/14/2003,ISP,NY,AEA,EN,Combined TRACON& Tower with Radar,64,25,43,0,132,0,0,85,0,85,64,25,128,0,217,86,0,86,303
06/15/2003,ISP,NY,AEA,EN,Combined TRACON& Tower with Radar,67,22,46,2,137,0,1,250,0,251,67,23,296,2,388,240,14,254,642
06/16/2003,ISP,NY,AEA,EN,Combined TRACON& Tower with Radar,76,32,72,1,181,0,1,264,4,269,76,33,336,5,450,234,34,268,718
06/17/2003,ISP,NY,AEA,EN,Combined TRACON& Tower with Radar,70,24,51,1,146,0,0,220,13,233,70,24,271,14,379,228,50,278,657
06/18/2003,ISP,NY,AEA,EN,Combined TRACON& Tower with Radar,76,40,60,1,177,0,0,18,4,22,76,40,78,5,199,6,24,30,229
06/19/2003,ISP,NY,AEA,EN,Combined TRACON& Tower with Radar,76,34,94,0,204,0,0,4,0,4,76,34,98,0,208,22,0,22,230
06/20/2003,ISP,NY,AEA,EN,Combined TRACON& Tower with Radar,64,36,122,2,224,0,0,92,9,101,64,36,214,11,325,112,22,134,459
06/21/2003,ISP,NY,AEA,EN,Combined TRACON& Tower with Radar,69,19,45,0,133,0,0,6,0,6,69,19,51,0,139,0,0,0,139
06/22/2003,ISP,NY,AEA,EN,Combined TRACON& Tower with Radar,73,31,68,1,173,0,0,13,0,13,73,31,81,1,186,34,0,34,220
06/23/2003,ISP,NY,AEA,EN,Combined TRACON& Tower with Radar,72,26,98,0,196,0,1,281,6,288,72,27,379,6,484,282,0,282,766
06/24/2003,ISP,NY,AEA,EN,Combined TRACON& Tower with Radar,77,37,74,3,191,0,0,298,14,312,77,37,372,17,503,402,0,402,905
06/25/2003,ISP,NY,AEA,EN,Combined TRACON& Tower with Radar,70,28,95,4,197,0,1,288,5,294,70,29,383,9,491,312,0,312,803
06/26/2003,ISP,NY,AEA,EN,Combined TRACON& Tower with Radar,67,30,58,3,158,0,0,229,8,237,67,30,287,11,395,384,4,388,783
06/27/2003,ISP,NY,AEA,EN,Combined TRACON& Tower with Radar,85,42,128,4,259,0,0,160,0,160,85,42,288,4,419,154,4,158,577
06/28/2003,ISP,NY,AEA,EN,Combined TRACON& Tower with Radar,78,26,56,0,160,0,1,244,0,245,78,27,300,0,405,372,0,372,777
06/29/2003,ISP,NY,AEA,EN,Combined TRACON& Tower with Radar,80,34,43,0,157,0,0,255,0,255,80,34,298,0,412,322,0,322,734
06/30/2003,ISP,NY,AEA,EN,Combined TRACON& Tower with Radar,82,46,71,8,207,0,0,116,0,116,82,46,187,8,323,178,8,186,509
07/01/2003,ISP,NY,AEA,EN,Combined TRACON& Tower with Radar,83,37,64,4,188,0,0,335,3,338,83,37,399,7,526,246,2,248,774
07/02/2003,ISP,NY,AEA,EN,Combined TRACON& Tower with Radar,69,28,76,2,175,0,0,293,11,304,69,28,369,13,479,328,0,328,807
07/03/2003,ISP,NY,AEA,EN,Combined TRACON& Tower with Radar,70,47,144,2,263,0,0,7,0,7,70,47,151,2,270,32,0,32,302
07/04/2003,ISP,NY,AEA,EN,Combined TRACON& Tower with Radar,58,21,50,0,129,0,2,91,1,94,58,23,141,1,223,132,0,132,355
07/05/2003,ISP,NY,AEA,EN,Combined TRACON& Tower with Radar,69,21,53,0,143,0,0,131,1,132,69,21,184,1,275,244,0,244,519
07/06/2003,ISP,NY,AEA,EN,Combined TRACON& Tower with Radar,68,26,59,0,153,0,1,237,0,238,68,27,296,0,391,284,0,284,675
07/07/2003,ISP,NY,AEA,EN,Combined TRACON& Tower with Radar,69,30,58,0,157,0,1,195,5,201,69,31,253,5,358,276,0,276,634
07/08/2003,ISP,NY,AEA,EN,Combined TRACON& Tower with Radar,75,39,68,3,185,0,0,201,8,209,75,39,269,11,394,292,0,292,686
07/09/2003,ISP,NY,AEA,EN,Combined TRACON& Tower with Radar,63,32,57,3,155,0,0,162,12,174,63,32,219,15,329,310,12,322,651
07/10/2003,ISP,NY,AEA,EN,Combined TRACON& Tower with Radar,67,30,80,3,180,0,0,88,4,92,67,30,168,7,272,194,18,212,484
07/11/2003,ISP,NY,AEA,EN,Combined TRACON& Tower with Radar,66,56,104,1,227,0,0,67,1,68,66,56,171,2,295,64,0,64,359
07/12/2003,ISP,NY,AEA,EN,Combined TRACON& Tower with Radar,67,18,43,1,129,0,1,283,16,300,67,19,326,17,429,312,0,312,741
07/13/2003,ISP,NY,AEA,EN,Combined TRACON& Tower with Radar,70,26,68,3,167,0,0,284,5,289,70,26,352,8,456,288,4,292,748
07/14/2003,ISP,NY,AEA,EN,Combined TRACON& Tower with Radar,75,50,95,4,224,0,0,136,4,140,75,50,231,8,364,314,12,326,690
07/15/2003,ISP,NY,AEA,EN,Combined TRACON& Tower with Radar,70,28,51,3,152,0,1,217,6,224,70,29,268,9,376,324,24,348,724
07/16/2003,ISP,NY,AEA,EN,Combined TRACON& Tower with Radar,64,31,96,6,197,0,0,14,2,16,64,31,110,8,213,48,8,56,269
07/17/2003,ISP,NY,AEA,EN,Combined TRACON& Tower with Radar,66,33,46,0,145,0,1,307,8,316,66,34,353,8,461,316,12,328,789
07/18/2003,ISP,NY,AEA,EN,Combined TRACON& Tower with Radar,65,43,90,3,201,0,0,253,3,256,65,43,343,6,457,266,6,272,729
07/19/2003,ISP,NY,AEA,EN,Combined TRACON& Tower with Radar,82,27,50,3,162,0,1,236,1,238,82,28,286,4,400,256,0,256,656
07/20/2003,ISP,NY,AEA,EN,Combined TRACON& Tower with Radar,71,38,69,0,178,0,0,318,0,318,71,38,387,0,496,250,0,250,746
07/21/2003,ISP,NY,AEA,EN,Combined TRACON& Tower with Radar,78,40,64,2,184,0,0,56,0,56,78,40,120,2,240,60,0,60,300
07/22/2003,ISP,NY,AEA,EN,Combined TRACON& Tower with Radar,55,40,50,1,146,0,0,1,0,1,55,40,51,1,147,6,0,6,153
07/23/2003,ISP,NY,AEA,EN,Combined TRACON& Tower with Radar,68,39,69,0,176,0,0,18,0,18,68,39,87,0,194,80,0,80,274
07/24/2003,ISP,NY,AEA,EN,Combined TRACON& Tower with Radar,83,39,89,1,212,0,0,118,0,118,83,39,207,1,330,172,0,172,502
07/25/2003,ISP,NY,AEA,EN,Combined TRACON& Tower with Radar,85,54,87,0,226,0,0,325,5,330,85,54,412,5,556,296,0,296,852
07/26/2003,ISP,NY,AEA,EN,Combined TRACON& Tower with Radar,82,33,95,0,210,0,0,255,0,255,82,33,350,0,465,390,0,390,855
07/27/2003,ISP,NY,AEA,EN,Combined TRACON& Tower with Radar,65,27,48,1,141,0,0,121,0,121,65,27,169,1,262,210,0,210,472
07/28/2003,ISP,NY,AEA,EN,Combined TRACON& Tower with Radar,75,36,63,0,174,0,0,256,4,260,75,36,319,4,434,288,0,288,722
07/29/2003,ISP,NY,AEA,EN,Combined TRACON& Tower with Radar,71,48,40,2,161,0,3,268,12,283,71,51,308,14,444,286,0,286,730
07/30/2003,ISP,NY,AEA,EN,Combined TRACON& Tower with Radar,69,29,84,0,182,0,0,276,7,283,69,29,360,7,465,536,0,536,1001
07/31/2003,ISP,NY,AEA,EN,Combined TRACON& Tower with Radar,67,32,90,0,189,0,0,266,9,275,67,32,356,9,464,360,0,360,824
08/01/2003,ISP,NY,AEA,EN,Combined TRACON& Tower with Radar,65,63,92,0,220,0,0,5,0,5,65,63,97,0,225,0,0,0,225
08/02/2003,ISP,NY,AEA,EN,Combined TRACON& Tower with Radar,68,55,101,0,224,0,0,4,0,4,68,55,105,0,228,0,0,0,228
08/03/2003,ISP,NY,AEA,EN,Combined TRACON& Tower with Radar,68,44,110,2,224,0,0,5,0,5,68,44,115,2,229,28,0,28,257
08/04/2003,ISP,NY,AEA,EN,Combined TRACON& Tower with Radar,81,45,90,1,217,0,0,25,2,27,81,45,115,3,244,30,0,30,274
08/05/2003,ISP,NY,AEA,EN,Combined TRACON& Tower with Radar,67,37,75,0,179,0,0,0,0,0,67,37,75,0,179,8,0,8,187
08/06/2003,ISP,NY,AEA,EN,Combined TRACON& Tower with Radar,70,34,78,1,183,0,0,128,7,135,70,34,206,8,318,240,4,244,562
08/07/2003,ISP,NY,AEA,EN,Combined TRACON& Tower with Radar,65,39,87,0,191,0,0,60,5,65,65,39,147,5,256,284,14,298,554
08/08/2003,ISP,NY,AEA,EN,Combined TRACON& Tower with Radar,70,43,115,1,229,0,0,28,0,28,70,43,143,1,257,30,0,30,287
08/09/2003,ISP,NY,AEA,EN,Combined TRACON& Tower with Radar,77,45,78,0,200,0,0,3,0,3,77,45,81,0,203,18,0,18,221
08/10/2003,ISP,NY,AEA,EN,Combined TRACON& Tower with Radar,78,37,134,7,256,0,2,8,1,11,78,39,142,8,267,88,6,94,361
08/11/2003,ISP,NY,AEA,EN,Combined TRACON& Tower with Radar,71,39,106,4,220,0,0,71,4,75,71,39,177,8,295,112,26,138,433
08/12/2003,ISP,NY,AEA,EN,Combined TRACON& Tower with Radar,78,34,111,3,226,0,0,76,6,82,78,34,187,9,308,156,12,168,476
08/13/2003,ISP,NY,AEA,EN,Combined TRACON& Tower with Radar,69,36,73,2,180,0,0,87,1,88,69,36,160,3,268,278,2,280,548
08/14/2003,ISP,NY,AEA,EN,Combined TRACON& Tower with Radar,61,27,46,3,137,0,0,305,11,316,61,27,351,14,453,240,34,274,727
08/15/2003,ISP,NY,AEA,EN,Combined TRACON& Tower with Radar,68,31,56,8,163,0,1,261,3,265,68,32,317,11,428,170,4,174,602
08/16/2003,ISP,NY,AEA,EN,Combined TRACON& Tower with Radar,60,18,54,2,134,0,0,163,0,163,60,18,217,2,297,210,0,210,507
08/17/2003,ISP,NY,AEA,EN,Combined TRACON& Tower with Radar,68,25,56,0,149,0,0,73,0,73,68,25,129,0,222,114,0,114,336
08/18/2003,ISP,NY,AEA,EN,Combined TRACON& Tower with Radar,83,43,90,4,220,0,1,239,0,240,83,44,329,4,460,303,0,303,763
08/19/2003,ISP,NY,AEA,EN,Combined TRACON& Tower with Radar,70,33,72,1,176,0,0,241,8,249,70,33,313,9,425,264,58,322,747
08/20/2003,ISP,NY,AEA,EN,Combined TRACON& Tower with Radar,70,31,84,1,186,0,0,281,5,286,70,31,365,6,472,308,6,314,786
08/21/2003,ISP,NY,AEA,EN,Combined TRACON& Tower with Radar,84,47,88,5,224,0,0,202,10,212,84,47,290,15,436,194,26,220,656
08/22/2003,ISP,NY,AEA,EN,Combined TRACON& Tower with Radar,68,35,59,0,162,0,0,125,1,126,68,35,184,1,288,144,0,144,432
08/23/2003,ISP,NY,AEA,EN,Combined TRACON& Tower with Radar,78,24,49,0,151,0,0,257,2,259,78,24,306,2,410,174,0,174,584
08/24/2003,ISP,NY,AEA,EN,Combined TRACON& Tower with Radar,72,27,41,0,140,0,0,277,1,278,72,27,318,1,418,302,0,302,720
08/25/2003,ISP,NY,AEA,EN,Combined TRACON& Tower with Radar,69,25,79,2,175,0,0,225,3,228,69,25,304,5,403,208,0,208,611
08/26/2003,ISP,NY,AEA,EN,Combined TRACON& Tower with Radar,69,32,47,0,148,0,0,249,7,256,69,32,296,7,404,398,0,398,802
08/27/2003,ISP,NY,AEA,EN,Combined TRACON& Tower with Radar,75,32,79,6,192,0,0,249,7,256,75,32,328,13,448,384,4,388,836
08/28/2003,ISP,NY,AEA,EN,Combined TRACON& Tower with Radar,72,39,78,0,189,0,1,315,10,326,72,40,393,10,515,292,0,292,807
08/29/2003,ISP,NY,AEA,EN,Combined TRACON& Tower with Radar,77,27,76,1,181,0,1,126,1,128,77,28,202,2,309,122,0,122,431
08/30/2003,ISP,NY,AEA,EN,Combined TRACON& Tower with Radar,74,28,65,3,170,0,0,69,0,69,74,28,134,3,239,180,4,184,423
08/31/2003,ISP,NY,AEA,EN,Combined TRACON& Tower with Radar,67,25,40,0,132,0,0,226,0,226,67,25,266,0,358,244,0,244,602
09/01/2003,ISP,NY,AEA,EN,Combined TRACON& Tower with Radar,62,23,54,2,141,0,0,23,0,23,62,23,77,2,164,22,0,22,186
09/02/2003,ISP,NY,AEA,EN,Combined TRACON& Tower with Radar,65,24,64,0,153,0,0,5,0,5,65,24,69,0,158,0,0,0,158
09/03/2003,ISP,NY,AEA,EN,Combined TRACON& Tower with Radar,75,35,123,0,233,0,0,33,2,35,75,35,156,2,268,94,0,94,362
09/04/2003,ISP,NY,AEA,EN,Combined TRACON& Tower with Radar,73,40,75,3,191,0,0,0,0,0,73,40,75,3,191,6,0,6,197
09/05/2003,ISP,NY,AEA,EN,Combined TRACON& Tower with Radar,71,39,58,2,170,0,0,223,2,225,71,39,281,4,395,248,0,248,643
09/06/2003,ISP,NY,AEA,EN,Combined TRACON& Tower with Radar,72,26,78,2,178,0,0,226,7,233,72,26,304,9,411,252,0,252,663
09/07/2003,ISP,NY,AEA,EN,Combined TRACON& Tower with Radar,67,25,82,0,174,0,1,290,0,291,67,26,372,0,465,304,0,304,769
09/08/2003,ISP,NY,AEA,EN,Combined TRACON& Tower with Radar,67,30,86,0,183,0,0,208,6,214,67,30,294,6,397,202,0,202,599
09/09/2003,ISP,NY,AEA,EN,Combined TRACON& Tower with Radar,75,33,73,0,181,0,0,214,12,226,75,33,287,12,407,348,0,348,755
09/10/2003,ISP,NY,AEA,EN,Combined TRACON& Tower with Radar,71,30,56,1,158,0,0,269,9,278,71,30,325,10,436,306,2,308,744
09/11/2003,ISP,NY,AEA,EN,Combined TRACON& Tower with Radar,88,36,73,0,197,0,1,261,10,272,88,37,334,10,469,332,32,364,833
09/12/2003,ISP,NY,AEA,EN,Combined TRACON& Tower with Radar,71,28,49,0,148,0,0,220,1,221,71,28,269,1,369,214,0,214,583
09/13/2003,ISP,NY,AEA,EN,Combined TRACON& Tower with Radar,74,16,60,0,150,0,0,7,0,7,74,16,67,0,157,4,0,4,161
09/14/2003,ISP,NY,AEA,EN,Combined TRACON& Tower with Radar,91,43,88,4,226,0,0,49,0,49,91,43,137,4,275,74,0,74,349
09/15/2003,ISP,NY,AEA,EN,Combined TRACON& Tower with Radar,69,32,49,7,157,0,0,41,1,42,69,32,90,8,199,58,9,67,266
09/16/2003,ISP,NY,AEA,EN,Combined TRACON& Tower with Radar,72,31,83,6,192,0,0,144,4,148,72,31,227,10,340,254,4,258,598
09/17/2003,ISP,NY,AEA,EN,Combined TRACON& Tower with Radar,76,28,69,0,173,0,0,252,1,253,76,28,321,1,426,324,0,324,750
09/18/2003,ISP,NY,AEA,EN,Combined TRACON& Tower with Radar,83,31,31,1,146,0,0,63,0,63,83,31,94,1,209,34,0,34,243
09/19/2003,ISP,NY,AEA,EN,Combined TRACON& Tower with Radar,75,27,13,0,115,0,0,19,0,19,75,27,32,0,134,40,0,40,174
09/20/2003,ISP,NY,AEA,EN,Combined TRACON& Tower with Radar,80,30,36,1,147,0,0,205,3,208,80,30,241,4,355,190,0,190,545
09/21/2003,ISP,NY,AEA,EN,Combined TRACON& Tower with Radar,79,40,47,0,166,0,0,280,4,284,79,40,327,4,450,228,0,228,678
09/22/2003,ISP,NY,AEA,EN,Combined TRACON& Tower with Radar,70,28,61,1,160,0,1,185,8,194,70,29,246,9,354,227,0,227,581
09/23/2003,ISP,NY,AEA,EN,Combined TRACON& Tower with Radar,70,36,41,0,147,0,0,34,5,39,70,36,75,5,186,92,0,92,278
09/24/2003,ISP,NY,AEA,EN,Combined TRACON& Tower with Radar,70,26,69,2,167,0,0,235,5,240,70,26,304,7,407,302,0,302,709
09/25/2003,ISP,NY,AEA,EN,Combined TRACON& Tower with Radar,97,48,92,0,237,0,0,206,0,206,97,48,298,0,443,268,0,268,711
09/26/2003,ISP,NY,AEA,EN,Combined TRACON& Tower with Radar,73,30,101,5,209,0,0,93,2,95,73,30,194,7,304,168,0,168,472
09/27/2003,ISP,NY,AEA,EN,Combined TRACON& Tower with Radar,67,10,78,2,157,0,0,26,0,26,67,10,104,2,183,52,0,52,235
09/28/2003,ISP,NY,AEA,EN,Combined TRACON& Tower with Radar,68,16,46,0,130,0,0,0,0,0,68,16,46,0,130,0,0,0,130
09/29/2003,ISP,NY,AEA,EN,Combined TRACON& Tower with Radar,71,31,70,0,172,0,0,213,0,213,71,31,283,0,385,320,0,320,705
09/30/2003,ISP,NY,AEA,EN,Combined TRACON& Tower with Radar,70,34,82,0,186,0,0,249,0,249,70,34,331,0,435,242,0,242,677
10/01/2003,ISP,NY,AEA,EN,Combined TRACON& Tower with Radar,91,31,87,3,212,0,0,239,6,245,91,31,326,9,457,326,0,326,783
10/02/2003,ISP,NY,AEA,EN,Combined TRACON& Tower with Radar,83,41,65,0,189,0,1,239,1,241,83,42,304,1,430,238,0,238,668
10/03/2003,ISP,NY,AEA,EN,Combined TRACON& Tower with Radar,83,34,47,1,165,0,0,277,2,279,83,34,324,3,444,240,0,240,684
10/04/2003,ISP,NY,AEA,EN,Combined TRACON& Tower with Radar,82,26,56,0,164,0,0,145,2,147,82,26,201,2,311,182,0,182,493
10/05/2003,ISP,NY,AEA,EN,Combined TRACON& Tower with Radar,66,24,59,1,150,0,0,265,0,265,66,24,324,1,415,234,0,234,649
10/06/2003,ISP,NY,AEA,EN,Combined TRACON& Tower with Radar,73,26,51,2,152,0,0,245,0,245,73,26,296,2,397,310,0,310,707
10/07/2003,ISP,NY,AEA,EN,Combined TRACON& Tower with Radar,71,25,56,2,154,0,0,221,5,226,71,25,277,7,380,266,6,272,652
10/08/2003,ISP,NY,AEA,EN,Combined TRACON& Tower with Radar,69,33,83,0,185,0,0,137,4,141,69,33,220,4,326,256,0,256,582
10/09/2003,ISP,NY,AEA,EN,Combined TRACON& Tower with Radar,71,29,123,0,223,0,1,146,11,158,71,30,269,11,381,254,0,254,635
10/10/2003,ISP,NY,AEA,EN,Combined TRACON& Tower with Radar,77,37,128,0,242,0,0,45,0,45,77,37,173,0,287,178,4,182,469
10/11/2003,ISP,NY,AEA,EN,Combined TRACON& Tower with Radar,77,25,51,0,153,0,0,177,2,179,77,25,228,2,332,166,0,166,498
10/12/2003,ISP,NY,AEA,EN,Combined TRACON& Tower with Radar,68,20,73,0,161,0,1,8,0,9,68,21,81,0,170,68,0,68,238
10/13/2003,ISP,NY,AEA,EN,Combined TRACON& Tower with Radar,67,25,73,0,165,0,0,218,0,218,67,25,291,0,383,318,0,318,701
10/14/2003,ISP,NY,AEA,EN,Combined TRACON& Tower with Radar,78,37,65,0,180,0,0,216,2,218,78,37,281,2,398,296,12,308,706
10/15/2003,ISP,NY,AEA,EN,Combined TRACON& Tower with Radar,70,29,26,1,126,0,0,19,8,27,70,29,45,9,153,0,8,8,161
10/16/2003,ISP,NY,AEA,EN,Combined TRACON& Tower with Radar,80,41,73,1,195,0,2,173,2,177,80,43,246,3,372,194,0,194,566
10/17/2003,ISP,NY,AEA,EN,Combined TRACON& Tower with Radar,77,33,83,1,194,0,0,190,0,190,77,33,273,1,384,266,0,266,650
10/18/2003,ISP,NY,AEA,EN,Combined TRACON& Tower with Radar,76,31,53,0,160,0,0,228,0,228,76,31,281,0,388,184,0,184,572
10/19/2003,ISP,NY,AEA,EN,Combined TRACON& Tower with Radar,68,21,60,0,149,0,0,86,0,86,68,21,146,0,235,136,0,136,371
10/20/2003,ISP,NY,AEA,EN,Combined TRACON& Tower with Radar,68,25,56,0,149,0,0,225,6,231,68,25,281,6,380,274,0,274,654
10/21/2003,ISP,NY,AEA,EN,Combined TRACON& Tower with Radar,78,30,50,2,160,0,0,70,3,73,78,30,120,5,233,120,26,146,379
10/22/2003,ISP,NY,AEA,EN,Combined TRACON& Tower with Radar,90,45,90,0,225,0,0,191,5,196,90,45,281,5,421,346,0,346,767
10/23/2003,ISP,NY,AEA,EN,Combined TRACON& Tower with Radar,65,31,62,4,162,0,0,129,15,144,65,31,191,19,306,288,14,302,608
10/24/2003,ISP,NY,AEA,EN,Combined TRACON& Tower with Radar,78,33,62,0,173,0,1,249,3,253,78,34,311,3,426,222,8,230,656
10/25/2003,ISP,NY,AEA,EN,Combined TRACON& Tower with Radar,61,16,37,0,114,0,0,212,3,215,61,16,249,3,329,195,0,195,524
10/26/2003,ISP,NY,AEA,EN,Combined TRACON& Tower with Radar,62,23,64,0,149,0,0,19,0,19,62,23,83,0,168,30,0,30,198
10/27/2003,ISP,NY,AEA,EN,Combined TRACON& Tower with Radar,72,24,47,2,145,0,0,9,1,10,72,24,56,3,155,8,0,8,163
10/28/2003,ISP,NY,AEA,EN,Combined TRACON& Tower with Radar,77,38,62,10,187,0,2,216,14,232,77,40,278,24,419,340,40,380,799
10/29/2003,ISP,NY,AEA,EN,Combined TRACON& Tower with Radar,73,24,54,0,151,0,0,61,0,61,73,24,115,0,212,106,0,106,318
10/30/2003,ISP,NY,AEA,EN,Combined TRACON& Tower with Radar,75,34,69,1,179,0,0,292,15,307,75,34,361,16,486,304,0,304,790
10/31/2003,ISP,NY,AEA,EN,Combined TRACON& Tower with Radar,72,27,69,0,168,0,1,207,4,212,72,28,276,4,380,314,0,314,694
11/01/2003,ISP,NY,AEA,EN,Combined TRACON& Tower with Radar,75,34,68,0,177,0,0,210,4,214,75,34,278,4,391,218,0,218,609
11/02/2003,ISP,NY,AEA,EN,Combined TRACON& Tower with Radar,62,18,70,0,150,0,0,237,8,245,62,18,307,8,395,313,4,317,712
11/03/2003,ISP,NY,AEA,EN,Combined TRACON& Tower with Radar,74,29,68,0,171,0,0,166,4,170,74,29,234,4,341,346,34,380,721
11/04/2003,ISP,NY,AEA,EN,Combined TRACON& Tower with Radar,95,51,64,0,210,0,0,2,0,2,95,51,66,0,212,12,0,12,224
11/05/2003,ISP,NY,AEA,EN,Combined TRACON& Tower with Radar,68,27,27,2,124,0,0,1,0,1,68,27,28,2,125,0,0,0,125
11/06/2003,ISP,NY,AEA,EN,Combined TRACON& Tower with Radar,74,28,88,1,191,0,2,79,0,81,74,30,167,1,272,172,0,172,444
11/07/2003,ISP,NY,AEA,EN,Combined TRACON& Tower with Radar,71,25,63,0,159,0,0,192,0,192,71,25,255,0,351,300,0,300,651
11/08/2003,ISP,NY,AEA,EN,Combined TRACON& Tower with Radar,63,9,50,0,122,0,0,204,0,204,63,9,254,0,326,220,0,220,546
11/09/2003,ISP,NY,AEA,EN,Combined TRACON& Tower with Radar,66,21,55,0,142,0,0,255,5,260,66,21,310,5,402,266,0,266,668
11/10/2003,ISP,NY,AEA,EN,Combined TRACON& Tower with Radar,71,24,52,0,147,0,0,223,4,227,71,24,275,4,374,292,0,292,666
11/11/2003,ISP,NY,AEA,EN,Combined TRACON& Tower with Radar,74,27,108,0,209,0,0,163,5,168,74,27,271,5,377,314,0,314,691
11/12/2003,ISP,NY,AEA,EN,Combined TRACON& Tower with Radar,76,34,67,2,179,0,0,0,0,0,76,34,67,2,179,4,0,4,183
11/13/2003,ISP,NY,AEA,EN,Combined TRACON& Tower with Radar,73,25,22,0,120,0,0,17,0,17,73,25,39,0,137,0,0,0,137
11/14/2003,ISP,NY,AEA,EN,Combined TRACON& Tower with Radar,72,17,16,0,105,0,0,24,1,25,72,17,40,1,130,0,0,0,130
11/15/2003,ISP,NY,AEA,EN,Combined TRACON& Tower with Radar,64,9,31,1,105,0,0,162,0,162,64,9,193,1,267,212,0,212,479
11/16/2003,ISP,NY,AEA,EN,Combined TRACON& Tower with Radar,67,15,98,0,180,0,0,191,0,191,67,15,289,0,371,244,0,244,615
11/17/2003,ISP,NY,AEA,EN,Combined TRACON& Tower with Radar,73,27,88,4,192,0,0,69,0,69,73,27,157,4,261,284,2,286,547
11/18/2003,ISP,NY,AEA,EN,Combined TRACON& Tower with Radar,84,44,125,8,261,0,0,86,14,100,84,44,211,22,361,250,8,258,619
11/19/2003,ISP,NY,AEA,EN,Combined TRACON& Tower with Radar,80,29,47,0,156,0,3,10,0,13,80,32,57,0,169,2,0,2,171
11/20/2003,ISP,NY,AEA,EN,Combined TRACON& Tower with Radar,73,27,31,0,131,0,0,38,9,47,73,27,69,9,178,50,2,52,230
11/21/2003,ISP,NY,AEA,EN,Combined TRACON& Tower with Radar,69,24,57,1,151,0,0,229,8,237,69,24,286,9,388,304,14,318,706
11/22/2003,ISP,NY,AEA,EN,Combined TRACON& Tower with Radar,62,9,36,0,107,0,0,257,0,257,62,9,293,0,364,248,0,248,612
11/23/2003,ISP,NY,AEA,EN,Combined TRACON& Tower with Radar,66,16,69,0,151,0,0,278,0,278,66,16,347,0,429,374,0,374,803
11/24/2003,ISP,NY,AEA,EN,Combined TRACON& Tower with Radar,75,23,83,10,191,0,0,107,4,111,75,23,190,14,302,268,8,276,578
11/25/2003,ISP,NY,AEA,EN,Combined TRACON& Tower with Radar,82,29,87,0,198,0,0,181,5,186,82,29,268,5,384,306,28,334,718
11/26/2003,ISP,NY,AEA,EN,Combined TRACON& Tower with Radar,90,35,79,0,204,0,0,250,3,253,90,35,329,3,457,292,0,292,749
11/27/2003,ISP,NY,AEA,EN,Combined TRACON& Tower with Radar,55,12,24,0,91,0,0,90,0,90,55,12,114,0,181,114,0,114,295
11/28/2003,ISP,NY,AEA,EN,Combined TRACON& Tower with Radar,55,9,17,0,81,0,0,3,0,3,55,9,20,0,84,2,0,2,86
11/29/2003,ISP,NY,AEA,EN,Combined TRACON& Tower with Radar,64,14,11,0,89,0,0,11,0,11,64,14,22,0,100,0,0,0,100
11/30/2003,ISP,NY,AEA,EN,Combined TRACON& Tower with Radar,70,24,63,0,157,0,0,226,0,226,70,24,289,0,383,321,0,321,704
12/01/2003,ISP,NY,AEA,EN,Combined TRACON& Tower with Radar,69,29,55,0,153,0,0,65,1,66,69,29,120,1,219,132,0,132,351
12/02/2003,ISP,NY,AEA,EN,Combined TRACON& Tower with Radar,98,46,80,4,228,0,0,74,8,82,98,46,154,12,310,36,18,54,364
12/03/2003,ISP,NY,AEA,EN,Combined TRACON& Tower with Radar,73,23,64,9,169,0,3,146,2,151,73,26,210,11,320,164,8,172,492
12/04/2003,ISP,NY,AEA,EN,Combined TRACON& Tower with Radar,72,23,67,1,163,0,0,217,5,222,72,23,284,6,385,364,0,364,749
12/05/2003,ISP,NY,AEA,EN,Combined TRACON& Tower with Radar,65,23,29,0,117,0,0,35,0,35,65,23,64,0,152,54,0,54,206
12/06/2003,ISP,NY,AEA,EN,Combined TRACON& Tower with Radar,17,1,1,0,19,0,0,0,0,0,17,1,1,0,19,0,0,0,19
12/07/2003,ISP,NY,AEA,EN,Combined TRACON& Tower with Radar,53,17,17,0,87,0,0,4,0,4,53,17,21,0,91,0,0,0,91
12/08/2003,ISP,NY,AEA,EN,Combined TRACON& Tower with Radar,67,28,38,7,140,0,0,72,12,84,67,28,110,19,224,16,4,20,244
12/09/2003,ISP,NY,AEA,EN,Combined TRACON& Tower with Radar,77,27,44,0,148,0,1,176,8,185,77,28,220,8,333,210,0,210,543
12/10/2003,ISP,NY,AEA,EN,Combined TRACON& Tower with Radar,69,30,53,1,153,0,1,145,6,152,69,31,198,7,305,182,24,206,511
12/11/2003,ISP,NY,AEA,EN,Combined TRACON& Tower with Radar,75,17,21,3,116,0,0,3,0,3,75,17,24,3,119,0,0,0,119
12/12/2003,ISP,NY,AEA,EN,Combined TRACON& Tower with Radar,71,26,55,2,154,0,0,114,0,114,71,26,169,2,268,218,0,218,486
12/13/2003,ISP,NY,AEA,EN,Combined TRACON& Tower with Radar,66,10,41,0,117,0,0,247,2,249,66,10,288,2,366,364,0,364,730
12/14/2003,ISP,NY,AEA,EN,Combined TRACON& Tower with Radar,67,11,21,2,101,0,0,8,0,8,67,11,29,2,109,10,0,10,119
12/15/2003,ISP,NY,AEA,EN,Combined TRACON& Tower with Radar,70,31,26,0,127,0,1,2,3,6,70,32,28,3,133,4,0,4,137
12/16/2003,ISP,NY,AEA,EN,Combined TRACON& Tower with Radar,72,28,102,4,206,0,4,191,5,200,72,32,293,9,406,294,0,294,700
12/17/2003,ISP,NY,AEA,EN,Combined TRACON& Tower with Radar,71,27,29,0,127,0,0,11,2,13,71,27,40,2,140,24,0,24,164
12/18/2003,ISP,NY,AEA,EN,Combined TRACON& Tower with Radar,66,30,34,4,134,0,0,72,4,76,66,30,106,8,210,100,2,102,312
12/19/2003,ISP,NY,AEA,EN,Combined TRACON& Tower with Radar,74,24,69,0,167,0,0,179,1,180,74,24,248,1,347,224,0,224,571
12/20/2003,ISP,NY,AEA,EN,Combined TRACON& Tower with Radar,64,7,46,0,117,0,0,178,0,178,64,7,224,0,295,252,0,252,547
12/21/2003,ISP,NY,AEA,EN,Combined TRACON& Tower with Radar,68,21,74,0,163,0,0,159,3,162,68,21,233,3,325,276,0,276,601
12/22/2003,ISP,NY,AEA,EN,Combined TRACON& Tower with Radar,76,25,55,3,159,0,0,211,6,217,76,25,266,9,376,204,16,220,596
12/23/2003,ISP,NY,AEA,EN,Combined TRACON& Tower with Radar,71,36,100,2,209,0,0,193,12,205,71,36,293,14,414,162,0,162,576
12/24/2003,ISP,NY,AEA,EN,Combined TRACON& Tower with Radar,70,26,16,0,112,0,1,5,0,6,70,27,21,0,118,4,0,4,122
12/25/2003,ISP,NY,AEA,EN,Combined TRACON& Tower with Radar,60,9,18,0,87,0,0,27,0,27,60,9,45,0,114,2,0,2,116
12/26/2003,ISP,NY,AEA,EN,Combined TRACON& Tower with Radar,65,12,70,0,147,0,0,91,0,91,65,12,161,0,238,128,0,128,366
12/27/2003,ISP,NY,AEA,EN,Combined TRACON& Tower with Radar,67,12,31,0,110,0,0,244,0,244,67,12,275,0,354,172,0,172,526
12/28/2003,ISP,NY,AEA,EN,Combined TRACON& Tower with Radar,67,12,50,0,129,0,0,204,2,206,67,12,254,2,335,300,0,300,635
12/29/2003,ISP,NY,AEA,EN,Combined TRACON& Tower with Radar,68,18,40,0,126,0,0,170,0,170,68,18,210,0,296,249,0,249,545
12/30/2003,ISP,NY,AEA,EN,Combined TRACON& Tower with Radar,72,17,43,0,132,0,0,54,0,54,72,17,97,0,186,36,0,36,222
12/31/2003,ISP,NY,AEA,EN,Combined TRACON& Tower with Radar,59,18,40,0,117,0,0,193,1,194,59,18,233,1,311,148,0,148,459
01/01/2004,ISP,NY,AEA,EN,Combined TRACON& Tower with Radar,68,9,29,0,106,0,0,111,0,111,68,9,140,0,217,90,0,90,307
01/02/2004,ISP,NY,AEA,EN,Combined TRACON& Tower with Radar,62,16,47,0,125,0,0,93,0,93,62,16,140,0,218,128,0,128,346
01/03/2004,ISP,NY,AEA,EN,Combined TRACON& Tower with Radar,72,21,123,3,219,0,0,23,2,25,72,21,146,5,244,82,0,82,326
01/04/2004,ISP,NY,AEA,EN,Combined TRACON& Tower with Radar,65,22,76,0,163,0,0,9,0,9,65,22,85,0,172,38,0,38,210
01/05/2004,ISP,NY,AEA,EN,Combined TRACON& Tower with Radar,69,26,47,6,148,0,0,1,0,1,69,26,48,6,149,0,6,6,155
01/06/2004,ISP,NY,AEA,EN,Combined TRACON& Tower with Radar,73,27,44,0,144,0,0,166,13,179,73,27,210,13,323,240,8,248,571
01/07/2004,ISP,NY,AEA,EN,Combined TRACON& Tower with Radar,68,22,40,0,130,0,0,69,9,78,68,22,109,9,208,130,0,130,338
01/08/2004,ISP,NY,AEA,EN,Combined TRACON& Tower with Radar,72,20,54,0,146,0,0,179,8,187,72,20,233,8,333,174,0,174,507
01/09/2004,ISP,NY,AEA,EN,Combined TRACON& Tower with Radar,68,25,75,0,168,0,0,133,4,137,68,25,208,4,305,104,18,122,427
01/10/2004,ISP,NY,AEA,EN,Combined TRACON& Tower with Radar,65,8,19,0,92,0,0,70,7,77,65,8,89,7,169,99,0,99,268
01/11/2004,ISP,NY,AEA,EN,Combined TRACON& Tower with Radar,69,15,35,0,119,0,0,119,3,122,69,15,154,3,241,168,0,168,409
01/12/2004,ISP,NY,AEA,EN,Combined TRACON& Tower with Radar,66,28,33,0,127,0,0,64,0,64,66,28,97,0,191,136,0,136,327
01/13/2004,ISP,NY,AEA,EN,Combined TRACON& Tower with Radar,75,29,34,0,138,0,0,86,7,93,75,29,120,7,231,138,10,148,379
01/14/2004,ISP,NY,AEA,EN,Combined TRACON& Tower with Radar,72,29,59,2,162,0,0,103,5,108,72,29,162,7,270,144,2,146,416
01/15/2004,ISP,NY,AEA,EN,Combined TRACON& Tower with Radar,69,30,33,0,132,0,0,14,0,14,69,30,47,0,146,0,0,0,146
01/16/2004,ISP,NY,AEA,EN,Combined TRACON& Tower with Radar,65,31,26,0,122,0,1,24,0,25,65,32,50,0,147,0,0,0,147
01/17/2004,ISP,NY,AEA,EN,Combined TRACON& Tower with Radar,73,11,45,0,129,0,0,168,0,168,73,11,213,0,297,267,0,267,564
01/18/2004,ISP,NY,AEA,EN,Combined TRACON& Tower with Radar,59,18,12,0,89,0,0,0,0,0,59,18,12,0,89,0,0,0,89
01/19/2004,ISP,NY,AEA,EN,Combined TRACON& Tower with Radar,69,26,45,0,140,0,0,24,0,24,69,26,69,0,164,0,0,0,164
01/20/2004,ISP,NY,AEA,EN,Combined TRACON& Tower with Radar,69,26,31,0,126,0,1,40,3,44,69,27,71,3,170,30,0,30,200
01/21/2004,ISP,NY,AEA,EN,Combined TRACON& Tower with Radar,72,28,54,0,154,0,0,116,2,118,72,28,170,2,272,138,8,146,418
01/22/2004,ISP,NY,AEA,EN,Combined TRACON& Tower with Radar,66,25,63,0,154,0,0,113,2,115,66,25,176,2,269,198,0,198,467
01/23/2004,ISP,NY,AEA,EN,Combined TRACON& Tower with Radar,69,30,54,0,153,0,0,99,2,101,69,30,153,2,254,190,0,190,444
01/24/2004,ISP,NY,AEA,EN,Combined TRACON& Tower with Radar,62,14,36,0,112,0,0,129,3,132,62,14,165,3,244,224,0,224,468
01/25/2004,ISP,NY,AEA,EN,Combined TRACON& Tower with Radar,68,18,37,0,123,0,0,132,1,133,68,18,169,1,256,244,0,244,500
01/26/2004,ISP,NY,AEA,EN,Combined TRACON& Tower with Radar,64,25,22,0,111,0,1,53,1,55,64,26,75,1,166,118,0,118,284
01/27/2004,ISP,NY,AEA,EN,Combined TRACON& Tower with Radar,57,16,15,2,90,0,0,30,4,34,57,16,45,6,124,8,2,10,134
01/28/2004,ISP,NY,AEA,EN,Combined TRACON& Tower with Radar,62,26,7,0,95,0,0,7,0,7,62,26,14,0,102,28,0,28,130
01/29/2004,ISP,NY,AEA,EN,Combined TRACON& Tower with Radar,72,27,34,0,133,0,0,31,10,41,72,27,65,10,174,4,0,4,178
01/30/2004,ISP,NY,AEA,EN,Combined TRACON& Tower with Radar,67,30,44,0,141,0,0,113,0,113,67,30,157,0,254,148,0,148,402
01/31/2004,ISP,NY,AEA,EN,Combined TRACON& Tower with Radar,58,22,28,0,108,0,0,120,1,121,58,22,148,1,229,174,0,174,403
02/01/2004,ISP,NY,AEA,EN,Combined TRACON& Tower with Radar,67,22,54,0,143,0,0,144,232,376,67,22,198,232,519,0,0,0,519
02/02/2004,ISP,NY,AEA,EN,Combined TRACON& Tower with Radar,65,27,71,0,163,0,0,197,0,197,65,27,268,0,360,244,0,244,604
02/03/2004,ISP,NY,AEA,EN,Combined TRACON& Tower with Radar,70,25,33,0,128,0,0,32,0,32,70,25,65,0,160,80,0,80,240
02/04/2004,ISP,NY,AEA,EN,Combined TRACON& Tower with Radar,71,21,51,2,145,0,0,126,2,128,71,21,177,4,273,202,0,202,475
02/05/2004,ISP,NY,AEA,EN,Combined TRACON& Tower with Radar,65,30,82,0,177,0,0,218,0,218,65,30,300,0,395,250,12,262,657
02/06/2004,ISP,NY,AEA,EN,Combined TRACON& Tower with Radar,65,28,17,0,110,0,0,0,0,0,65,28,17,0,110,0,0,0,110
02/07/2004,ISP,NY,AEA,EN,Combined TRACON& Tower with Radar,61,14,52,0,127,0,0,44,4,48,61,14,96,4,175,150,0,150,325
02/08/2004,ISP,NY,AEA,EN,Combined TRACON& Tower with Radar,67,16,63,0,146,0,0,146,9,155,67,16,209,9,301,184,0,184,485
02/09/2004,ISP,NY,AEA,EN,Combined TRACON& Tower with Radar,70,23,53,2,148,0,0,149,10,159,70,23,202,12,307,196,32,228,535
02/10/2004,ISP,NY,AEA,EN,Combined TRACON& Tower with Radar,70,27,78,1,176,0,0,190,7,197,70,27,268,8,373,318,8,326,699
02/11/2004,ISP,NY,AEA,EN,Combined TRACON& Tower with Radar,74,24,90,0,188,0,0,177,3,180,74,24,267,3,368,290,0,290,658
02/12/2004,ISP,NY,AEA,EN,Combined TRACON& Tower with Radar,67,27,93,4,191,0,0,157,2,159,67,27,250,6,350,282,34,316,666
02/13/2004,ISP,NY,AEA,EN,Combined TRACON& Tower with Radar,73,33,79,0,185,0,0,187,3,190,73,33,266,3,375,226,0,226,601
02/14/2004,ISP,NY,AEA,EN,Combined TRACON& Tower with Radar,61,20,55,0,136,0,0,164,1,165,61,20,219,1,301,322,0,322,623
02/15/2004,ISP,NY,AEA,EN,Combined TRACON& Tower with Radar,66,17,42,0,125,0,0,106,0,106,66,17,148,0,231,220,0,220,451
02/16/2004,ISP,NY,AEA,EN,Combined TRACON& Tower with Radar,72,19,56,0,147,0,0,161,0,161,72,19,217,0,308,300,0,300,608
02/17/2004,ISP,NY,AEA,EN,Combined TRACON& Tower with Radar,71,25,83,4,183,0,0,148,7,155,71,25,231,11,338,126,12,138,476
02/18/2004,ISP,NY,AEA,EN,Combined TRACON& Tower with Radar,78,37,42,4,161,0,0,80,7,87,78,37,122,11,248,112,4,116,364
02/19/2004,ISP,NY,AEA,EN,Combined TRACON& Tower with Radar,69,27,72,0,168,0,0,153,6,159,69,27,225,6,327,272,4,276,603
02/20/2004,ISP,NY,AEA,EN,Combined TRACON& Tower with Radar,71,27,69,0,167,0,0,213,1,214,71,27,282,1,381,358,0,358,739
02/21/2004,ISP,NY,AEA,EN,Combined TRACON& Tower with Radar,74,12,48,0,134,0,0,136,0,136,74,12,184,0,270,288,0,288,558
02/22/2004,ISP,NY,AEA,EN,Combined TRACON& Tower with Radar,67,22,38,0,127,0,0,156,0,156,67,22,194,0,283,234,0,234,517
02/23/2004,ISP,NY,AEA,EN,Combined TRACON& Tower with Radar,72,26,37,1,136,0,0,188,2,190,72,26,225,3,326,260,0,260,586
02/24/2004,ISP,NY,AEA,EN,Combined TRACON& Tower with Radar,72,24,60,1,157,0,0,61,1,62,72,24,121,2,219,142,0,142,361
02/25/2004,ISP,NY,AEA,EN,Combined TRACON& Tower with Radar,68,25,48,0,141,0,0,144,3,147,68,25,192,3,288,208,0,208,496
02/26/2004,ISP,NY,AEA,EN,Combined TRACON& Tower with Radar,69,28,70,1,168,0,0,196,2,198,69,28,266,3,366,278,0,278,644
02/27/2004,ISP,NY,AEA,EN,Combined TRACON& Tower with Radar,69,21,67,2,159,0,0,221,2,223,69,21,288,4,382,288,0,288,670
02/28/2004,ISP,NY,AEA,EN,Combined TRACON& Tower with Radar,63,7,71,1,142,0,0,241,1,242,63,7,312,2,384,328,0,328,712
02/29/2004,ISP,NY,AEA,EN,Combined TRACON& Tower with Radar,68,16,77,0,161,0,0,246,0,246,68,16,323,0,407,426,0,426,833
03/01/2004,ISP,NY,AEA,EN,Combined TRACON& Tower with Radar,69,21,28,0,118,0,0,188,4,192,69,21,216,4,310,246,0,246,556
03/02/2004,ISP,NY,AEA,EN,Combined TRACON& Tower with Radar,78,29,70,3,180,0,7,52,4,63,78,36,122,7,243,98,14,112,355
03/03/2004,ISP,NY,AEA,EN,Combined TRACON& Tower with Radar,79,24,69,0,172,0,0,182,9,191,79,24,251,9,363,300,0,300,663
03/04/2004,ISP,NY,AEA,EN,Combined TRACON& Tower with Radar,62,18,68,2,150,0,0,11,0,11,62,18,79,2,161,48,0,48,209
03/05/2004,ISP,NY,AEA,EN,Combined TRACON& Tower with Radar,39,16,33,0,88,0,0,0,0,0,39,16,33,0,88,0,0,0,88
03/06/2004,ISP,NY,AEA,EN,Combined TRACON& Tower with Radar,62,5,27,0,94,0,0,7,2,9,62,5,34,2,103,24,0,24,127
03/07/2004,ISP,NY,AEA,EN,Combined TRACON& Tower with Radar,66,16,39,0,121,0,0,246,0,246,66,16,285,0,367,0,392,392,759
03/08/2004,ISP,NY,AEA,EN,Combined TRACON& Tower with Radar,68,25,26,2,121,0,1,2,0,3,68,26,28,2,124,0,0,0,124
03/09/2004,ISP,NY,AEA,EN,Combined TRACON& Tower with Radar,73,24,26,0,123,0,0,10,4,14,73,24,36,4,137,0,0,0,137
03/10/2004,ISP,NY,AEA,EN,Combined TRACON& Tower with Radar,65,25,70,6,166,0,0,123,3,126,65,25,193,9,292,194,8,202,494
03/11/2004,ISP,NY,AEA,EN,Combined TRACON& Tower with Radar,68,28,55,1,152,0,0,66,7,73,68,28,121,8,225,104,0,104,329
03/12/2004,ISP,NY,AEA,EN,Combined TRACON& Tower with Radar,73,27,50,0,150,0,0,56,6,62,73,27,106,6,212,24,0,24,236
03/13/2004,ISP,NY,AEA,EN,Combined TRACON& Tower with Radar,65,11,30,3,109,0,0,133,14,147,65,11,163,17,256,172,0,172,428
03/14/2004,ISP,NY,AEA,EN,Combined TRACON& Tower with Radar,68,17,45,0,130,0,1,277,7,285,68,18,322,7,415,404,0,404,819
03/15/2004,ISP,NY,AEA,EN,Combined TRACON& Tower with Radar,78,23,69,1,171,0,0,145,4,149,78,23,214,5,320,240,0,240,560
03/16/2004,ISP,NY,AEA,EN,Combined TRACON& Tower with Radar,62,22,25,1,110,0,0,31,1,32,62,22,56,2,142,78,0,78,220
03/17/2004,ISP,NY,AEA,EN,Combined TRACON& Tower with Radar,70,22,28,0,120,0,0,4,0,4,70,22,32,0,124,0,0,0,124
03/18/2004,ISP,NY,AEA,EN,Combined TRACON& Tower with Radar,67,26,41,0,134,0,0,14,3,17,67,26,55,3,151,24,0,24,175
03/19/2004,ISP,NY,AEA,EN,Combined TRACON& Tower with Radar,71,32,21,0,124,0,0,29,0,29,71,32,50,0,153,90,0,90,243
03/20/2004,ISP,NY,AEA,EN,Combined TRACON& Tower with Radar,62,6,48,0,116,0,0,189,0,189,62,6,237,0,305,226,0,226,531
03/21/2004,ISP,NY,AEA,EN,Combined TRACON& Tower with Radar,68,17,61,0,146,0,0,84,2,86,68,17,145,2,232,200,0,200,432
03/22/2004,ISP,NY,AEA,EN,Combined TRACON& Tower with Radar,63,18,47,3,131,0,0,120,0,120,63,18,167,3,251,190,0,190,441
03/23/2004,ISP,NY,AEA,EN,Combined TRACON& Tower with Radar,75,25,59,1,160,0,0,203,1,204,75,25,262,2,364,296,0,296,660
03/24/2004,ISP,NY,AEA,EN,Combined TRACON& Tower with Radar,72,27,108,0,207,0,0,251,0,251,72,27,359,0,458,332,0,332,790
03/25/2004,ISP,NY,AEA,EN,Combined TRACON& Tower with Radar,69,30,74,0,173,0,0,98,1,99,69,30,172,1,272,184,0,184,456
03/26/2004,ISP,NY,AEA,EN,Combined TRACON& Tower with Radar,73,24,92,0,189,0,0,220,4,224,73,24,312,4,413,356,0,356,769
03/27/2004,ISP,NY,AEA,EN,Combined TRACON& Tower with Radar,62,11,57,0,130,0,0,183,0,183,62,11,240,0,313,444,0,444,757
03/28/2004,ISP,NY,AEA,EN,Combined TRACON& Tower with Radar,71,24,62,2,159,0,0,141,0,141,71,24,203,2,300,250,0,250,550
03/29/2004,ISP,NY,AEA,EN,Combined TRACON& Tower with Radar,71,24,53,0,148,0,0,185,6,191,71,24,238,6,339,280,0,280,619
03/30/2004,ISP,NY,AEA,EN,Combined TRACON& Tower with Radar,65,20,58,2,145,0,0,93,4,97,65,20,151,6,242,308,4,312,554
03/31/2004,ISP,NY,AEA,EN,Combined TRACON& Tower with Radar,73,20,51,0,144,0,0,1,0,1,73,20,52,0,145,10,0,10,155
04/01/2004,ISP,NY,AEA,EN,Combined TRACON& Tower with Radar,72,23,37,0,132,0,0,0,0,0,72,23,37,0,132,0,0,0,132
04/02/2004,ISP,NY,AEA,EN,Combined TRACON& Tower with Radar,71,27,68,1,167,0,0,26,2,28,71,27,94,3,195,0,0,0,195
04/03/2004,ISP,NY,AEA,EN,Combined TRACON& Tower with Radar,66,9,77,0,152,0,0,36,3,39,66,9,113,3,191,82,0,82,273
04/04/2004,ISP,NY,AEA,EN,Combined TRACON& Tower with Radar,69,19,53,1,142,0,0,32,8,40,69,19,85,9,182,58,22,80,262
04/05/2004,ISP,NY,AEA,EN,Combined TRACON& Tower with Radar,70,29,31,0,130,0,0,38,4,42,70,29,69,4,172,22,0,22,194
04/06/2004,ISP,NY,AEA,EN,Combined TRACON& Tower with Radar,73,25,43,1,142,0,0,149,7,156,73,25,192,8,298,92,10,102,400
04/07/2004,ISP,NY,AEA,EN,Combined TRACON& Tower with Radar,74,22,85,0,181,0,0,279,5,284,74,22,364,5,465,302,0,302,767
04/08/2004,ISP,NY,AEA,EN,Combined TRACON& Tower with Radar,75,27,103,4,209,0,0,180,2,182,75,27,283,6,391,334,0,334,725
04/09/2004,ISP,NY,AEA,EN,Combined TRACON& Tower with Radar,71,25,61,7,164,0,0,161,0,161,71,25,222,7,325,218,4,222,547
04/10/2004,ISP,NY,AEA,EN,Combined TRACON& Tower with Radar,61,13,68,0,142,0,0,218,0,218,61,13,286,0,360,328,2,330,690
04/11/2004,ISP,NY,AEA,EN,Combined TRACON& Tower with Radar,60,19,47,0,126,0,0,31,0,31,60,19,78,0,157,164,0,164,321
04/12/2004,ISP,NY,AEA,EN,Combined TRACON& Tower with Radar,68,28,76,0,172,0,0,78,5,83,68,28,154,5,255,144,0,144,399
04/13/2004,ISP,NY,AEA,EN,Combined TRACON& Tower with Radar,76,33,21,0,130,0,0,0,0,0,76,33,21,0,130,0,0,0,130
04/14/2004,ISP,NY,AEA,EN,Combined TRACON& Tower with Radar,79,22,35,0,136,0,0,2,0,2,79,22,37,0,138,0,0,0,138
04/15/2004,ISP,NY,AEA,EN,Combined TRACON& Tower with Radar,69,26,51,9,155,0,0,114,7,121,69,26,165,16,276,116,6,122,398
04/16/2004,ISP,NY,AEA,EN,Combined TRACON& Tower with Radar,71,29,78,0,178,0,0,251,4,255,71,29,329,4,433,271,0,271,704
04/17/2004,ISP,NY,AEA,EN,Combined TRACON& Tower with Radar,61,17,72,0,150,0,0,233,2,235,61,17,305,2,385,291,0,291,676
04/18/2004,ISP,NY,AEA,EN,Combined TRACON& Tower with Radar,70,21,77,0,168,0,0,284,1,285,70,21,361,1,453,360,0,360,813
04/19/2004,ISP,NY,AEA,EN,Combined TRACON& Tower with Radar,76,29,62,0,167,0,1,160,3,164,76,30,222,3,331,266,0,266,597
04/20/2004,ISP,NY,AEA,EN,Combined TRACON& Tower with Radar,69,22,52,0,143,0,0,232,13,245,69,22,284,13,388,267,32,299,687
04/21/2004,ISP,NY,AEA,EN,Combined TRACON& Tower with Radar,72,22,55,0,149,0,0,146,6,152,72,22,201,6,301,316,20,336,637
04/22/2004,ISP,NY,AEA,EN,Combined TRACON& Tower with Radar,71,30,89,0,190,0,0,101,7,108,71,30,190,7,298,194,38,232,530
04/23/2004,ISP,NY,AEA,EN,Combined TRACON& Tower with Radar,74,22,92,0,188,0,0,109,1,110,74,22,201,1,298,327,0,327,625
04/24/2004,ISP,NY,AEA,EN,Combined TRACON& Tower with Radar,63,13,65,6,147,0,0,181,0,181,63,13,246,6,328,258,0,258,586
04/25/2004,ISP,NY,AEA,EN,Combined TRACON& Tower with Radar,66,21,56,0,143,0,0,213,1,214,66,21,269,1,357,316,0,316,673
04/26/2004,ISP,NY,AEA,EN,Combined TRACON& Tower with Radar,69,30,45,0,144,0,0,3,0,3,69,30,48,0,147,0,0,0,147
04/27/2004,ISP,NY,AEA,EN,Combined TRACON& Tower with Radar,75,29,67,1,172,0,0,148,4,152,75,29,215,5,324,288,0,288,612
04/28/2004,ISP,NY,AEA,EN,Combined TRACON& Tower with Radar,74,30,86,1,191,0,0,206,4,210,74,30,292,5,401,294,0,294,695
04/29/2004,ISP,NY,AEA,EN,Combined TRACON& Tower with Radar,69,33,78,0,180,0,0,250,6,256,69,33,328,6,436,258,0,258,694
04/30/2004,ISP,NY,AEA,EN,Combined TRACON& Tower with Radar,70,28,75,1,174,0,0,205,10,215,70,28,280,11,389,338,0,338,727
05/01/2004,ISP,NY,AEA,EN,Combined TRACON& Tower with Radar,64,16,67,3,150,0,0,205,5,210,64,16,272,8,360,298,0,298,658
05/02/2004,ISP,NY,AEA,EN,Combined TRACON& Tower with Radar,65,22,40,1,128,0,0,5,0,5,65,22,45,1,133,0,0,0,133
05/03/2004,ISP,NY,AEA,EN,Combined TRACON& Tower with Radar,74,26,45,0,145,0,0,3,0,3,74,26,48,0,148,0,0,0,148
05/04/2004,ISP,NY,AEA,EN,Combined TRACON& Tower with Radar,67,27,73,2,169,0,0,192,6,198,67,27,265,8,367,202,0,202,569
05/05/2004,ISP,NY,AEA,EN,Combined TRACON& Tower with Radar,71,30,77,1,179,0,0,165,9,174,71,30,242,10,353,338,0,338,691
05/06/2004,ISP,NY,AEA,EN,Combined TRACON& Tower with Radar,72,24,70,2,168,0,0,262,7,269,72,24,332,9,437,336,0,336,773
05/07/2004,ISP,NY,AEA,EN,Combined TRACON& Tower with Radar,75,25,69,0,169,0,0,195,2,197,75,25,264,2,366,220,0,220,586
05/08/2004,ISP,NY,AEA,EN,Combined TRACON& Tower with Radar,65,17,55,0,137,0,0,205,0,205,65,17,260,0,342,296,0,296,638
05/09/2004,ISP,NY,AEA,EN,Combined TRACON& Tower with Radar,65,18,44,0,127,0,0,92,0,92,65,18,136,0,219,316,0,316,535
05/10/2004,ISP,NY,AEA,EN,Combined TRACON& Tower with Radar,70,26,65,0,161,0,0,100,4,104,70,26,165,4,265,234,8,242,507
05/11/2004,ISP,NY,AEA,EN,Combined TRACON& Tower with Radar,70,28,73,0,171,0,0,196,1,197,70,28,269,1,368,286,6,292,660
05/12/2004,ISP,NY,AEA,EN,Combined TRACON& Tower with Radar,74,24,83,6,187,0,1,129,0,130,74,25,212,6,317,348,30,378,695
05/13/2004,ISP,NY,AEA,EN,Combined TRACON& Tower with Radar,75,29,94,0,198,0,0,167,7,174,75,29,261,7,372,282,0,282,654
05/14/2004,ISP,NY,AEA,EN,Combined TRACON& Tower with Radar,69,25,82,2,178,0,0,4,0,4,69,25,86,2,182,10,0,10,192
05/15/2004,ISP,NY,AEA,EN,Combined TRACON& Tower with Radar,67,15,70,0,152,0,0,191,2,193,67,15,261,2,345,306,0,306,651
05/16/2004,ISP,NY,AEA,EN,Combined TRACON& Tower with Radar,66,18,82,2,168,0,1,156,0,157,66,19,238,2,325,310,0,310,635
05/17/2004,ISP,NY,AEA,EN,Combined TRACON& Tower with Radar,66,29,92,1,188,0,0,65,1,66,66,29,157,2,254,94,0,94,348
05/18/2004,ISP,NY,AEA,EN,Combined TRACON& Tower with Radar,72,28,55,0,155,0,0,38,0,38,72,28,93,0,193,114,0,114,307
05/19/2004,ISP,NY,AEA,EN,Combined TRACON& Tower with Radar,76,29,70,0,175,0,0,119,2,121,76,29,189,2,296,254,0,254,550
05/20/2004,ISP,NY,AEA,EN,Combined TRACON& Tower with Radar,72,27,85,1,185,0,1,253,5,259,72,28,338,6,444,346,2,348,792
05/21/2004,ISP,NY,AEA,EN,Combined TRACON& Tower with Radar,69,29,98,0,196,0,0,103,1,104,69,29,201,1,300,152,0,152,452
05/22/2004,ISP,NY,AEA,EN,Combined TRACON& Tower with Radar,63,10,50,0,123,0,0,17,0,17,63,10,67,0,140,92,0,92,232
05/23/2004,ISP,NY,AEA,EN,Combined TRACON& Tower with Radar,67,18,66,0,151,0,0,99,2,101,67,18,165,2,252,174,0,174,426
05/24/2004,ISP,NY,AEA,EN,Combined TRACON& Tower with Radar,64,21,61,0,146,0,0,7,0,7,64,21,68,0,153,30,0,30,183
05/25/2004,ISP,NY,AEA,EN,Combined TRACON& Tower with Radar,72,24,101,0,197,0,0,48,0,48,72,24,149,0,245,149,0,149,394
05/26/2004,ISP,NY,AEA,EN,Combined TRACON& Tower with Radar,68,24,56,0,148,0,0,1,0,1,68,24,57,0,149,0,0,0,149
05/27/2004,ISP,NY,AEA,EN,Combined TRACON& Tower with Radar,73,23,103,1,200,0,0,94,5,99,73,23,197,6,299,146,0,146,445
05/28/2004,ISP,NY,AEA,EN,Combined TRACON& Tower with Radar,74,26,76,7,183,0,1,55,0,56,74,27,131,7,239,37,0,37,276
05/29/2004,ISP,NY,AEA,EN,Combined TRACON& Tower with Radar,65,6,40,0,111,0,0,259,7,266,65,6,299,7,377,276,0,276,653
05/30/2004,ISP,NY,AEA,EN,Combined TRACON& Tower with Radar,63,11,48,1,123,0,0,285,10,295,63,11,333,11,418,286,0,286,704
05/31/2004,ISP,NY,AEA,EN,Combined TRACON& Tower with Radar,61,14,66,3,144,0,0,141,2,143,61,14,207,5,287,196,0,196,483
06/01/2004,ISP,NY,AEA,EN,Combined TRACON& Tower with Radar,73,33,76,2,184,0,0,95,0,95,73,33,171,2,279,148,0,148,427
06/02/2004,ISP,NY,AEA,EN,Combined TRACON& Tower with Radar,72,28,78,0,178,0,0,170,4,174,72,28,248,4,352,250,0,250,602
06/03/2004,ISP,NY,AEA,EN,Combined TRACON& Tower with Radar,68,31,96,3,198,0,0,260,4,264,68,31,356,7,462,392,0,392,854
06/04/2004,ISP,NY,AEA,EN,Combined TRACON& Tower with Radar,72,24,75,0,171,0,1,290,2,293,72,25,365,2,464,322,0,322,786
06/05/2004,ISP,NY,AEA,EN,Combined TRACON& Tower with Radar,62,9,39,0,110,0,0,109,0,109,62,9,148,0,219,326,0,326,545
06/06/2004,ISP,NY,AEA,EN,Combined TRACON& Tower with Radar,69,24,92,0,185,0,0,2,0,2,69,24,94,0,187,20,0,20,207
06/07/2004,ISP,NY,AEA,EN,Combined TRACON& Tower with Radar,73,25,64,0,162,0,0,155,2,157,73,25,219,2,319,228,0,228,547
06/08/2004,ISP,NY,AEA,EN,Combined TRACON& Tower with Radar,70,28,94,0,192,0,0,203,5,208,70,28,297,5,400,287,0,287,687
06/09/2004,ISP,NY,AEA,EN,Combined TRACON& Tower with Radar,68,28,88,0,184,0,0,145,0,145,68,28,233,0,329,216,0,216,545
06/10/2004,ISP,NY,AEA,EN,Combined TRACON& Tower with Radar,73,26,74,0,173,0,0,84,1,85,73,26,158,1,258,158,0,158,416
06/11/2004,ISP,NY,AEA,EN,Combined TRACON& Tower with Radar,70,28,81,0,179,0,1,273,0,274,70,29,354,0,453,317,0,317,770
06/12/2004,ISP,NY,AEA,EN,Combined TRACON& Tower with Radar,66,21,53,2,142,0,0,251,5,256,66,21,304,7,398,296,0,296,694
06/13/2004,ISP,NY,AEA,EN,Combined TRACON& Tower with Radar,66,21,53,2,142,0,0,251,5,256,66,21,304,7,398,296,0,296,694
06/14/2004,ISP,NY,AEA,EN,Combined TRACON& Tower with Radar,72,32,65,1,170,0,0,83,3,86,72,32,148,4,256,80,2,82,338
06/15/2004,ISP,NY,AEA,EN,Combined TRACON& Tower with Radar,77,24,72,0,173,0,0,166,0,166,77,24,238,0,339,296,0,296,635
06/16/2004,ISP,NY,AEA,EN,Combined TRACON& Tower with Radar,68,25,67,0,160,0,0,276,4,280,68,25,343,4,440,256,0,256,696
06/17/2004,ISP,NY,AEA,EN,Combined TRACON& Tower with Radar,66,29,75,0,170,0,1,100,5,106,66,30,175,5,276,216,0,216,492
06/18/2004,ISP,NY,AEA,EN,Combined TRACON& Tower with Radar,67,34,66,3,170,0,0,221,0,221,67,34,287,3,391,206,0,206,597
06/19/2004,ISP,NY,AEA,EN,Combined TRACON& Tower with Radar,63,15,73,0,151,0,0,76,1,77,63,15,149,1,228,112,0,112,340
06/20/2004,ISP,NY,AEA,EN,Combined TRACON& Tower with Radar,66,17,51,2,136,0,0,255,0,255,66,17,306,2,391,210,0,210,601
06/21/2004,ISP,NY,AEA,EN,Combined TRACON& Tower with Radar,67,28,67,0,162,0,1,223,6,230,67,29,290,6,392,214,0,214,606
06/22/2004,ISP,NY,AEA,EN,Combined TRACON& Tower with Radar,70,21,100,0,191,0,0,19,1,20,70,21,119,1,211,49,0,49,260
06/23/2004,ISP,NY,AEA,EN,Combined TRACON& Tower with Radar,60,25,49,1,135,0,3,249,8,260,60,28,298,9,395,329,20,349,744
06/24/2004,ISP,NY,AEA,EN,Combined TRACON& Tower with Radar,67,33,88,0,188,0,0,211,12,223,67,33,299,12,411,316,10,326,737
06/25/2004,ISP,NY,AEA,EN,Combined TRACON& Tower with Radar,77,26,76,3,182,0,0,149,0,149,77,26,225,3,331,188,0,188,519
06/26/2004,ISP,NY,AEA,EN,Combined TRACON& Tower with Radar,63,13,99,0,175,0,0,45,0,45,63,13,144,0,220,116,0,116,336
06/27/2004,ISP,NY,AEA,EN,Combined TRACON& Tower with Radar,68,24,42,0,134,0,1,276,0,277,68,25,318,0,411,218,0,218,629
06/28/2004,ISP,NY,AEA,EN,Combined TRACON& Tower with Radar,65,26,64,4,159,0,1,261,3,265,65,27,325,7,424,240,4,244,668
06/29/2004,ISP,NY,AEA,EN,Combined TRACON& Tower with Radar,71,24,93,1,189,0,0,233,4,237,71,24,326,5,426,336,10,346,772
06/30/2004,ISP,NY,AEA,EN,Combined TRACON& Tower with Radar,73,24,92,0,189,0,1,261,5,267,73,25,353,5,456,433,5,438,894
07/01/2004,ISP,NY,AEA,EN,Combined TRACON& Tower with Radar,71,30,75,0,176,0,0,228,3,231,71,30,303,3,407,207,0,207,614
07/02/2004,ISP,NY,AEA,EN,Combined TRACON& Tower with Radar,70,27,84,1,182,0,0,160,5,165,70,27,244,6,347,236,0,236,583
07/03/2004,ISP,NY,AEA,EN,Combined TRACON& Tower with Radar,67,12,70,1,150,0,0,258,1,259,67,12,328,2,409,288,0,288,697
07/04/2004,ISP,NY,AEA,EN,Combined TRACON& Tower with Radar,64,15,35,0,114,0,0,131,0,131,64,15,166,0,245,152,0,152,397
07/05/2004,ISP,NY,AEA,EN,Combined TRACON& Tower with Radar,67,24,83,0,174,0,0,12,0,12,67,24,95,0,186,8,0,8,194
07/06/2004,ISP,NY,AEA,EN,Combined TRACON& Tower with Radar,63,33,62,1,159,0,0,224,5,229,63,33,286,6,388,301,0,301,689
07/07/2004,ISP,NY,AEA,EN,Combined TRACON& Tower with Radar,64,29,106,0,199,0,0,251,1,252,64,29,357,1,451,310,0,310,761
07/08/2004,ISP,NY,AEA,EN,Combined TRACON& Tower with Radar,72,22,77,2,173,0,0,86,11,97,72,22,163,13,270,150,0,150,420
07/09/2004,ISP,NY,AEA,EN,Combined TRACON& Tower with Radar,70,26,48,0,144,0,1,262,2,265,70,27,310,2,409,247,0,247,656
07/10/2004,ISP,NY,AEA,EN,Combined TRACON& Tower with Radar,70,11,34,0,115,0,0,237,3,240,70,11,271,3,355,310,4,314,669
07/11/2004,ISP,NY,AEA,EN,Combined TRACON& Tower with Radar,68,22,56,1,147,0,0,226,1,227,68,22,282,2,374,211,0,211,585
07/12/2004,ISP,NY,AEA,EN,Combined TRACON& Tower with Radar,65,25,61,0,151,0,0,87,5,92,65,25,148,5,243,150,11,161,404
07/13/2004,ISP,NY,AEA,EN,Combined TRACON& Tower with Radar,72,27,90,0,189,0,0,1,0,1,72,27,91,0,190,4,0,4,194
07/14/2004,ISP,NY,AEA,EN,Combined TRACON& Tower with Radar,65,21,80,3,169,0,0,46,0,46,65,21,126,3,215,92,0,92,307
07/15/2004,ISP,NY,AEA,EN,Combined TRACON& Tower with Radar,69,26,89,2,186,0,0,126,2,128,69,26,215,4,314,204,0,204,518
07/16/2004,ISP,NY,AEA,EN,Combined TRACON& Tower with Radar,71,25,76,0,172,0,0,287,2,289,71,25,363,2,461,160,0,160,621
07/17/2004,ISP,NY,AEA,EN,Combined TRACON& Tower with Radar,64,9,38,0,111,0,0,243,0,243,64,9,281,0,354,352,0,352,706
07/18/2004,ISP,NY,AEA,EN,Combined TRACON& Tower with Radar,70,21,110,0,201,0,0,44,0,44,70,21,154,0,245,68,0,68,313
07/19/2004,ISP,NY,AEA,EN,Combined TRACON& Tower with Radar,70,28,72,0,170,0,1,72,2,75,70,29,144,2,245,92,0,92,337
07/20/2004,ISP,NY,AEA,EN,Combined TRACON& Tower with Radar,72,20,36,0,128,0,0,205,4,209,72,20,241,4,337,327,4,331,668
07/21/2004,ISP,NY,AEA,EN,Combined TRACON& Tower with Radar,68,24,103,1,196,0,0,212,1,213,68,24,315,2,409,411,0,411,820
07/22/2004,ISP,NY,AEA,EN,Combined TRACON& Tower with Radar,69,24,68,0,161,0,0,173,3,176,69,24,241,3,337,222,0,222,559
07/23/2004,ISP,NY,AEA,EN,Combined TRACON& Tower with Radar,70,22,83,0,175,0,0,77,1,78,70,22,160,1,253,98,0,98,351
07/24/2004,ISP,NY,AEA,EN,Combined TRACON& Tower with Radar,61,6,76,0,143,0,0,82,9,91,61,6,158,9,234,258,14,272,506
07/25/2004,ISP,NY,AEA,EN,Combined TRACON& Tower with Radar,70,16,68,0,154,0,0,143,2,145,70,16,211,2,299,250,0,250,549
07/26/2004,ISP,NY,AEA,EN,Combined TRACON& Tower with Radar,70,24,53,0,147,0,1,257,5,263,70,25,310,5,410,354,0,354,764
07/27/2004,ISP,NY,AEA,EN,Combined TRACON& Tower with Radar,69,24,121,0,214,0,0,55,2,57,69,24,176,2,271,134,0,134,405
07/28/2004,ISP,NY,AEA,EN,Combined TRACON& Tower with Radar,70,22,57,0,149,0,0,1,0,1,70,22,58,0,150,6,0,6,156
07/29/2004,ISP,NY,AEA,EN,Combined TRACON& Tower with Radar,71,26,82,1,180,0,5,227,5,237,71,31,309,6,417,182,0,182,599
07/30/2004,ISP,NY,AEA,EN,Combined TRACON& Tower with Radar,73,20,145,0,238,0,2,25,0,27,73,22,170,0,265,22,0,22,287
07/31/2004,ISP,NY,AEA,EN,Combined TRACON& Tower with Radar,59,13,76,0,148,0,0,54,2,56,59,13,130,2,204,148,0,148,352
08/01/2004,ISP,NY,AEA,EN,Combined TRACON& Tower with Radar,65,18,64,0,147,0,0,23,0,23,65,18,87,0,170,28,0,28,198
08/02/2004,ISP,NY,AEA,EN,Combined TRACON& Tower with Radar,71,22,74,2,169,0,1,159,3,163,71,23,233,5,332,200,11,211,543
08/03/2004,ISP,NY,AEA,EN,Combined TRACON& Tower with Radar,70,24,126,1,221,0,0,117,6,123,70,24,243,7,344,188,0,188,532
08/04/2004,ISP,NY,AEA,EN,Combined TRACON& Tower with Radar,78,33,68,1,180,0,0,184,6,190,78,33,252,7,370,284,4,288,658
08/05/2004,ISP,NY,AEA,EN,Combined TRACON& Tower with Radar,72,23,87,0,182,0,0,57,2,59,72,23,144,2,241,50,0,50,291
08/06/2004,ISP,NY,AEA,EN,Combined TRACON& Tower with Radar,65,28,69,0,162,0,8,230,6,244,65,36,299,6,406,256,0,256,662
08/07/2004,ISP,NY,AEA,EN,Combined TRACON& Tower with Radar,65,11,30,2,108,0,0,257,1,258,65,11,287,3,366,294,0,294,660
08/08/2004,ISP,NY,AEA,EN,Combined TRACON& Tower with Radar,70,23,58,0,151,0,0,208,0,208,70,23,266,0,359,260,0,260,619
08/09/2004,ISP,NY,AEA,EN,Combined TRACON& Tower with Radar,75,29,60,0,164,0,2,225,0,227,75,31,285,0,391,256,0,256,647
08/10/2004,ISP,NY,AEA,EN,Combined TRACON& Tower with Radar,71,21,57,2,151,0,1,201,7,209,71,22,258,9,360,178,0,178,538
08/11/2004,ISP,NY,AEA,EN,Combined TRACON& Tower with Radar,70,29,70,0,169,0,1,51,0,52,70,30,121,0,221,86,0,86,307
08/12/2004,ISP,NY,AEA,EN,Combined TRACON& Tower with Radar,75,38,90,2,205,0,0,118,1,119,75,38,208,3,324,180,10,190,514
08/13/2004,ISP,NY,AEA,EN,Combined TRACON& Tower with Radar,60,22,78,0,160,0,0,2,0,2,60,22,80,0,162,26,0,26,188
08/14/2004,ISP,NY,AEA,EN,Combined TRACON& Tower with Radar,61,21,59,0,141,0,0,187,5,192,61,21,246,5,333,314,0,314,647
08/15/2004,ISP,NY,AEA,EN,Combined TRACON& Tower with Radar,71,28,40,0,139,0,0,41,0,41,71,28,81,0,180,60,0,60,240
08/16/2004,ISP,NY,AEA,EN,Combined TRACON& Tower with Radar,72,27,71,0,170,0,0,42,0,42,72,27,113,0,212,22,0,22,234
08/17/2004,ISP,NY,AEA,EN,Combined TRACON& Tower with Radar,74,33,83,0,190,0,1,286,8,295,74,34,369,8,485,156,0,156,641
08/18/2004,ISP,NY,AEA,EN,Combined TRACON& Tower with Radar,71,25,120,0,216,0,0,61,8,69,71,25,181,8,285,106,0,106,391
08/19/2004,ISP,NY,AEA,EN,Combined TRACON& Tower with Radar,76,26,92,3,197,0,0,76,2,78,76,26,168,5,275,128,0,128,403
08/20/2004,ISP,NY,AEA,EN,Combined TRACON& Tower with Radar,71,24,101,3,199,0,0,142,9,151,71,24,243,12,350,272,2,274,624
08/21/2004,ISP,NY,AEA,EN,Combined TRACON& Tower with Radar,62,14,69,0,145,0,0,6,0,6,62,14,75,0,151,16,0,16,167
08/22/2004,ISP,NY,AEA,EN,Combined TRACON& Tower with Radar,72,19,64,1,156,0,0,304,0,304,72,19,368,1,460,436,12,448,908
08/23/2004,ISP,NY,AEA,EN,Combined TRACON& Tower with Radar,71,26,79,2,178,0,9,312,4,325,71,35,391,6,503,276,0,276,779
08/24/2004,ISP,NY,AEA,EN,Combined TRACON& Tower with Radar,74,28,96,0,198,0,2,276,8,286,74,30,372,8,484,248,0,248,732
08/25/2004,ISP,NY,AEA,EN,Combined TRACON& Tower with Radar,69,19,99,0,187,0,5,260,12,277,69,24,359,12,464,268,0,268,732
08/26/2004,ISP,NY,AEA,EN,Combined TRACON& Tower with Radar,72,23,87,0,182,0,0,269,11,280,72,23,356,11,462,280,22,302,764
08/27/2004,ISP,NY,AEA,EN,Combined TRACON& Tower with Radar,70,21,57,0,148,0,1,150,6,157,70,22,207,6,305,180,0,180,485
08/28/2004,ISP,NY,AEA,EN,Combined TRACON& Tower with Radar,68,18,44,0,130,0,1,135,8,144,68,19,179,8,274,218,0,218,492
08/29/2004,ISP,NY,AEA,EN,Combined TRACON& Tower with Radar,73,13,61,2,149,0,0,128,3,131,73,13,189,5,280,140,0,140,420
08/30/2004,ISP,NY,AEA,EN,Combined TRACON& Tower with Radar,72,30,60,2,164,0,6,34,3,43,72,36,94,5,207,112,8,120,327
08/31/2004,ISP,NY,AEA,EN,Combined TRACON& Tower with Radar,70,21,56,3,150,0,0,105,2,107,70,21,161,5,257,136,0,136,393
09/01/2004,ISP,NY,AEA,EN,Combined TRACON& Tower with Radar,70,28,40,1,139,0,3,241,4,248,70,31,281,5,387,208,0,208,595
09/02/2004,ISP,NY,AEA,EN,Combined TRACON& Tower with Radar,74,33,66,6,179,0,0,176,6,182,74,33,242,12,361,206,22,228,589
09/03/2004,ISP,NY,AEA,EN,Combined TRACON& Tower with Radar,59,33,77,0,169,0,0,252,5,257,59,33,329,5,426,314,0,314,740
09/04/2004,ISP,NY,AEA,EN,Combined TRACON& Tower with Radar,50,16,44,3,113,0,0,198,0,198,50,16,242,3,311,310,0,310,621
09/05/2004,ISP,NY,AEA,EN,Combined TRACON& Tower with Radar,46,16,32,0,94,0,0,98,0,98,46,16,130,0,192,126,0,126,318
09/06/2004,ISP,NY,AEA,EN,Combined TRACON& Tower with Radar,58,17,55,2,132,0,0,229,0,229,58,17,284,2,361,262,0,262,623
09/07/2004,ISP,NY,AEA,EN,Combined TRACON& Tower with Radar,70,28,99,0,197,0,0,63,5,68,70,28,162,5,265,118,0,118,383
09/08/2004,ISP,NY,AEA,EN,Combined TRACON& Tower with Radar,71,29,66,4,170,0,0,31,0,31,71,29,97,4,201,76,0,76,277
09/09/2004,ISP,NY,AEA,EN,Combined TRACON& Tower with Radar,75,28,50,0,153,0,0,8,2,10,75,28,58,2,163,0,12,12,175
09/10/2004,ISP,NY,AEA,EN,Combined TRACON& Tower with Radar,72,28,66,0,166,0,0,206,0,206,72,28,272,0,372,194,0,194,566
09/11/2004,ISP,NY,AEA,EN,Combined TRACON& Tower with Radar,63,14,36,5,118,0,0,213,4,217,63,14,249,9,335,238,8,246,581
09/12/2004,ISP,NY,AEA,EN,Combined TRACON& Tower with Radar,70,18,82,0,170,0,0,204,5,209,70,18,286,5,379,232,0,232,611
09/13/2004,ISP,NY,AEA,EN,Combined TRACON& Tower with Radar,72,31,55,0,158,0,1,187,0,188,72,32,242,0,346,328,0,328,674
09/14/2004,ISP,NY,AEA,EN,Combined TRACON& Tower with Radar,74,26,79,3,182,0,0,211,7,218,74,26,290,10,400,334,22,356,756
09/15/2004,ISP,NY,AEA,EN,Combined TRACON& Tower with Radar,76,25,78,0,179,0,0,127,0,127,76,25,205,0,306,208,0,208,514
09/16/2004,ISP,NY,AEA,EN,Combined TRACON& Tower with Radar,74,21,80,0,175,0,0,94,11,105,74,21,174,11,280,158,20,178,458
09/17/2004,ISP,NY,AEA,EN,Combined TRACON& Tower with Radar,71,32,92,4,199,0,0,30,0,30,71,32,122,4,229,8,0,8,237
09/18/2004,ISP,NY,AEA,EN,Combined TRACON& Tower with Radar,67,7,23,0,97,0,0,4,0,4,67,7,27,0,101,10,0,10,111
09/19/2004,ISP,NY,AEA,EN,Combined TRACON& Tower with Radar,70,24,55,0,149,0,0,90,1,91,70,24,145,1,240,192,0,192,432
09/20/2004,ISP,NY,AEA,EN,Combined TRACON& Tower with Radar,76,31,60,1,168,0,0,227,4,231,76,31,287,5,399,302,0,302,701
09/21/2004,ISP,NY,AEA,EN,Combined TRACON& Tower with Radar,74,29,60,8,171,0,0,184,1,185,74,29,244,9,356,340,8,348,704
09/22/2004,ISP,NY,AEA,EN,Combined TRACON& Tower with Radar,80,30,36,1,147,0,0,202,6,208,80,30,238,7,355,264,0,264,619
09/23/2004,ISP,NY,AEA,EN,Combined TRACON& Tower with Radar,67,24,71,0,162,0,0,195,2,197,67,24,266,2,359,208,0,208,567
09/24/2004,ISP,NY,AEA,EN,Combined TRACON& Tower with Radar,73,25,55,3,156,0,1,188,4,193,73,26,243,7,349,228,0,228,577
09/25/2004,ISP,NY,AEA,EN,Combined TRACON& Tower with Radar,60,14,36,2,112,0,3,206,1,210,60,17,242,3,322,268,0,268,590
09/26/2004,ISP,NY,AEA,EN,Combined TRACON& Tower with Radar,53,22,66,0,141,0,0,214,0,214,53,22,280,0,355,284,0,284,639
09/27/2004,ISP,NY,AEA,EN,Combined TRACON& Tower with Radar,81,36,65,1,183,0,0,178,8,186,81,36,243,9,369,314,0,314,683
09/28/2004,ISP,NY,AEA,EN,Combined TRACON& Tower with Radar,78,27,27,0,132,0,0,4,0,4,78,27,31,0,136,0,0,0,136
09/29/2004,ISP,NY,AEA,EN,Combined TRACON& Tower with Radar,79,26,48,0,153,0,0,54,3,57,79,26,102,3,210,52,4,56,266
09/30/2004,ISP,NY,AEA,EN,Combined TRACON& Tower with Radar,75,27,69,12,183,0,0,225,5,230,75,27,294,17,413,270,0,270,683
10/01/2004,ISP,NY,AEA,EN,Combined TRACON& Tower with Radar,77,25,66,2,170,0,0,223,1,224,77,25,289,3,394,240,0,240,634
10/02/2004,ISP,NY,AEA,EN,Combined TRACON& Tower with Radar,70,7,54,3,134,0,0,108,13,121,70,7,162,16,255,134,0,134,389
10/03/2004,ISP,NY,AEA,EN,Combined TRACON& Tower with Radar,64,17,64,0,145,0,0,210,4,214,64,17,274,4,359,290,0,290,649
10/04/2004,ISP,NY,AEA,EN,Combined TRACON& Tower with Radar,73,25,51,2,151,0,0,203,11,214,73,25,254,13,365,294,32,326,691
10/05/2004,ISP,NY,AEA,EN,Combined TRACON& Tower with Radar,77,24,42,1,144,0,0,200,11,211,77,24,242,12,355,258,0,258,613
10/06/2004,ISP,NY,AEA,EN,Combined TRACON& Tower with Radar,71,20,57,1,149,0,0,208,5,213,71,20,265,6,362,202,0,202,564
10/07/2004,ISP,NY,AEA,EN,Combined TRACON& Tower with Radar,73,24,78,0,175,0,0,214,17,231,73,24,292,17,406,298,0,298,704
10/08/2004,ISP,NY,AEA,EN,Combined TRACON& Tower with Radar,75,27,70,2,174,0,0,172,3,175,75,27,242,5,349,182,0,182,531
10/09/2004,ISP,NY,AEA,EN,Combined TRACON& Tower with Radar,67,8,41,0,116,0,0,0,0,0,67,8,41,0,116,230,4,234,350
10/10/2004,ISP,NY,AEA,EN,Combined TRACON& Tower with Radar,72,22,64,0,158,0,1,185,0,186,72,23,249,0,344,248,0,248,592
10/11/2004,ISP,NY,AEA,EN,Combined TRACON& Tower with Radar,76,23,45,1,145,0,0,168,0,168,76,23,213,1,313,140,0,140,453
10/12/2004,ISP,NY,AEA,EN,Combined TRACON& Tower with Radar,75,27,47,3,152,0,0,143,6,149,75,27,190,9,301,158,0,158,459
10/13/2004,ISP,NY,AEA,EN,Combined TRACON& Tower with Radar,77,31,41,3,152,0,0,206,9,215,77,31,247,12,367,178,0,178,545
10/14/2004,ISP,NY,AEA,EN,Combined TRACON& Tower with Radar,68,20,70,6,164,0,0,43,2,45,68,20,113,8,209,42,0,42,251
10/15/2004,ISP,NY,AEA,EN,Combined TRACON& Tower with Radar,72,27,69,4,172,0,0,2,1,3,72,27,71,5,175,16,0,16,191
10/16/2004,ISP,NY,AEA,EN,Combined TRACON& Tower with Radar,72,12,50,0,134,0,0,90,0,90,72,12,140,0,224,160,0,160,384
10/17/2004,ISP,NY,AEA,EN,Combined TRACON& Tower with Radar,71,21,45,1,138,0,3,164,5,172,71,24,209,6,310,152,0,152,462
10/18/2004,ISP,NY,AEA,EN,Combined TRACON& Tower with Radar,74,26,54,1,155,0,0,0,5,5,74,26,54,6,160,254,0,254,414
10/19/2004,ISP,NY,AEA,EN,Combined TRACON& Tower with Radar,75,26,58,0,159,0,0,2,0,2,75,26,60,0,161,0,0,0,161
10/20/2004,ISP,NY,AEA,EN,Combined TRACON& Tower with Radar,72,31,50,2,155,0,0,74,2,76,72,31,124,4,231,112,0,112,343
10/21/2004,ISP,NY,AEA,EN,Combined TRACON& Tower with Radar,73,27,91,10,201,0,0,118,9,127,73,27,209,19,328,220,0,220,548
10/22/2004,ISP,NY,AEA,EN,Combined TRACON& Tower with Radar,78,27,80,1,186,0,0,157,3,160,78,27,237,4,346,252,0,252,598
10/23/2004,ISP,NY,AEA,EN,Combined TRACON& Tower with Radar,68,14,58,0,140,0,0,184,5,189,68,14,242,5,329,240,0,240,569
10/24/2004,ISP,NY,AEA,EN,Combined TRACON& Tower with Radar,67,21,82,0,170,0,0,123,0,123,67,21,205,0,293,244,0,244,537
10/25/2004,ISP,NY,AEA,EN,Combined TRACON& Tower with Radar,80,33,97,2,212,0,0,67,0,67,80,33,164,2,279,122,0,122,401
10/26/2004,ISP,NY,AEA,EN,Combined TRACON& Tower with Radar,73,29,42,0,144,0,0,182,6,188,73,29,224,6,332,220,0,220,552
10/27/2004,ISP,NY,AEA,EN,Combined TRACON& Tower with Radar,75,31,62,0,168,0,0,233,3,236,75,31,295,3,404,216,4,220,624
10/28/2004,ISP,NY,AEA,EN,Combined TRACON& Tower with Radar,73,25,67,0,165,0,0,197,2,199,73,25,264,2,364,242,0,242,606
10/29/2004,ISP,NY,AEA,EN,Combined TRACON& Tower with Radar,76,31,117,0,224,0,0,154,0,154,76,31,271,0,378,218,0,218,596
10/30/2004,ISP,NY,AEA,EN,Combined TRACON& Tower with Radar,69,12,19,0,100,0,0,3,0,3,69,12,22,0,103,0,0,0,103
10/31/2004,ISP,NY,AEA,EN,Combined TRACON& Tower with Radar,63,16,70,0,149,0,0,98,0,98,63,16,168,0,247,168,0,168,415
11/01/2004,ISP,NY,AEA,EN,Towers with Radar,68,30,55,5,158,0,0,115,2,117,68,30,170,7,275,196,4,200,475
11/02/2004,ISP,NY,AEA,EN,Towers with Radar,67,29,57,0,153,0,0,143,7,150,67,29,200,7,303,288,0,288,591
11/03/2004,ISP,NY,AEA,EN,Towers with Radar,59,25,42,0,126,0,0,71,6,77,59,25,113,6,203,130,8,138,341
11/04/2004,ISP,NY,AEA,EN,Towers with Radar,70,23,66,1,160,0,0,95,1,96,70,23,161,2,256,168,0,168,424
11/05/2004,ISP,NY,AEA,EN,Towers with Radar,71,26,25,0,122,0,0,28,0,28,71,26,53,0,150,0,0,0,150
11/06/2004,ISP,NY,AEA,EN,Towers with Radar,58,9,36,0,103,0,0,145,5,150,58,9,181,5,253,220,0,220,473
11/07/2004,ISP,NY,AEA,EN,Towers with Radar,59,27,52,0,138,0,3,231,5,239,59,30,283,5,377,262,0,262,639
11/08/2004,ISP,NY,AEA,EN,Towers with Radar,66,28,58,0,152,0,0,143,3,146,66,28,201,3,298,192,0,192,490
11/09/2004,ISP,NY,AEA,EN,Towers with Radar,72,28,41,2,143,0,0,175,4,179,72,28,216,6,322,128,0,128,450
11/10/2004,ISP,NY,AEA,EN,Towers with Radar,66,42,60,1,169,0,0,208,2,210,66,42,268,3,379,274,0,274,653
11/11/2004,ISP,NY,AEA,EN,Towers with Radar,67,29,46,0,142,0,0,222,2,224,67,29,268,2,366,194,0,194,560
11/12/2004,ISP,NY,AEA,EN,Towers with Radar,70,38,61,6,175,0,0,16,0,16,70,38,77,6,191,36,0,36,227
11/13/2004,ISP,NY,AEA,EN,Towers with Radar,62,12,34,0,108,0,0,43,0,43,62,12,77,0,151,80,0,80,231
11/14/2004,ISP,NY,AEA,EN,Towers with Radar,61,21,56,0,138,0,0,211,5,216,61,21,267,5,354,224,0,224,578
11/15/2004,ISP,NY,AEA,EN,Towers with Radar,69,32,53,0,154,0,0,195,1,196,69,32,248,1,350,306,0,306,656
11/16/2004,ISP,NY,AEA,EN,Towers with Radar,66,28,61,0,155,0,1,215,3,219,66,29,276,3,374,212,0,212,586
11/17/2004,ISP,NY,AEA,EN,Towers with Radar,59,32,70,0,161,0,0,229,0,229,59,32,299,0,390,226,0,226,616
11/18/2004,ISP,NY,AEA,EN,Towers with Radar,70,29,93,0,192,0,0,186,3,189,70,29,279,3,381,206,0,206,587
11/19/2004,ISP,NY,AEA,EN,Towers with Radar,66,33,79,1,179,0,0,191,4,195,66,33,270,5,374,348,0,348,722
11/20/2004,ISP,NY,AEA,EN,Towers with Radar,62,9,72,0,143,0,0,102,0,102,62,9,174,0,245,242,0,242,487
11/21/2004,ISP,NY,AEA,EN,Towers with Radar,62,23,28,0,113,0,0,0,0,0,62,23,28,0,113,0,0,0,113
11/22/2004,ISP,NY,AEA,EN,Towers with Radar,65,32,79,3,179,0,1,91,2,94,65,33,170,5,273,142,24,166,439
11/23/2004,ISP,NY,AEA,EN,Towers with Radar,65,26,81,0,172,0,0,125,5,130,65,26,206,5,302,244,0,244,546
11/24/2004,ISP,NY,AEA,EN,Towers with Radar,68,27,67,0,162,0,0,7,0,7,68,27,74,0,169,16,0,16,185
11/25/2004,ISP,NY,AEA,EN,Towers with Radar,54,12,19,0,85,0,0,5,0,5,54,12,24,0,90,0,0,0,90
11/26/2004,ISP,NY,AEA,EN,Towers with Radar,56,14,60,0,130,0,0,226,0,226,56,14,286,0,356,240,0,240,596
11/27/2004,ISP,NY,AEA,EN,Towers with Radar,66,14,60,0,140,0,0,221,3,224,66,14,281,3,364,254,0,254,618
11/28/2004,ISP,NY,AEA,EN,Towers with Radar,68,23,42,0,133,0,0,18,0,18,68,23,60,0,151,6,0,6,157
11/29/2004,ISP,NY,AEA,EN,Towers with Radar,69,27,80,4,180,0,0,176,6,182,69,27,256,10,362,212,0,212,574
11/30/2004,ISP,NY,AEA,EN,Towers with Radar,66,29,87,0,182,0,0,202,0,202,66,29,289,0,384,182,0,182,566
12/01/2004,ISP,NY,AEA,EN,Towers with Radar,66,27,25,0,118,0,0,5,0,5,66,27,30,0,123,0,0,0,123
12/02/2004,ISP,NY,AEA,EN,Towers with Radar,67,33,89,0,189,0,0,190,2,192,67,33,279,2,381,304,0,304,685
12/03/2004,ISP,NY,AEA,EN,Towers with Radar,67,35,59,1,162,0,1,137,6,144,67,36,196,7,306,218,0,218,524
12/04/2004,ISP,NY,AEA,EN,Towers with Radar,60,9,66,2,137,0,1,232,7,240,60,10,298,9,377,260,0,260,637
12/05/2004,ISP,NY,AEA,EN,Towers with Radar,61,18,57,0,136,0,0,268,2,270,61,18,325,2,406,358,0,358,764
12/06/2004,ISP,NY,AEA,EN,Towers with Radar,66,30,48,0,144,0,0,54,0,54,66,30,102,0,198,82,0,82,280
12/07/2004,ISP,NY,AEA,EN,Towers with Radar,58,24,23,0,105,0,0,0,0,0,58,24,23,0,105,0,0,0,105
12/08/2004,ISP,NY,AEA,EN,Towers with Radar,65,22,44,0,131,0,0,110,4,114,65,22,154,4,245,156,0,156,401
12/09/2004,ISP,NY,AEA,EN,Towers with Radar,70,30,83,0,183,0,1,185,2,188,70,31,268,2,371,226,0,226,597
12/10/2004,ISP,NY,AEA,EN,Towers with Radar,66,32,40,2,140,0,0,0,0,0,66,32,40,2,140,0,0,0,140
12/11/2004,ISP,NY,AEA,EN,Towers with Radar,69,11,114,2,196,0,0,18,2,20,69,11,132,4,216,122,0,122,338
12/12/2004,ISP,NY,AEA,EN,Towers with Radar,66,15,77,0,158,0,0,205,1,206,66,15,282,1,364,340,0,340,704
12/13/2004,ISP,NY,AEA,EN,Towers with Radar,65,38,45,0,148,0,0,79,2,81,65,38,124,2,229,188,0,188,417
12/14/2004,ISP,NY,AEA,EN,Towers with Radar,70,25,64,0,159,0,0,145,2,147,70,25,209,2,306,220,0,220,526
12/15/2004,ISP,NY,AEA,EN,Towers with Radar,68,30,48,0,146,0,0,168,7,175,68,30,216,7,321,174,0,174,495
12/16/2004,ISP,NY,AEA,EN,Towers with Radar,67,32,55,1,155,0,0,209,6,215,67,32,264,7,370,272,0,272,642
12/17/2004,ISP,NY,AEA,EN,Towers with Radar,61,29,44,0,134,0,0,160,2,162,61,29,204,2,296,222,0,222,518
12/18/2004,ISP,NY,AEA,EN,Towers with Radar,62,7,58,0,127,0,0,225,0,225,62,7,283,0,352,276,0,276,628
12/19/2004,ISP,NY,AEA,EN,Towers with Radar,58,17,83,0,158,0,1,122,2,125,58,18,205,2,283,268,0,268,551
12/20/2004,ISP,NY,AEA,EN,Towers with Radar,62,28,26,5,121,0,0,24,0,24,62,28,50,5,145,0,0,0,145
12/21/2004,ISP,NY,AEA,EN,Towers with Radar,65,26,57,0,148,0,0,131,7,138,65,26,188,7,286,146,0,146,432
12/22/2004,ISP,NY,AEA,EN,Towers with Radar,66,24,79,0,169,0,0,231,2,233,66,24,310,2,402,262,0,262,664
12/23/2004,ISP,NY,AEA,EN,Towers with Radar,62,25,37,0,124,0,0,21,0,21,62,25,58,0,145,40,0,40,185
12/24/2004,ISP,NY,AEA,EN,Towers with Radar,59,17,42,0,118,0,0,79,1,80,59,17,121,1,198,174,0,174,372
12/25/2004,ISP,NY,AEA,EN,Towers with Radar,59,7,3,0,69,0,0,35,0,35,59,7,38,0,104,14,0,14,118
12/26/2004,ISP,NY,AEA,EN,Towers with Radar,57,21,41,0,119,0,0,44,0,44,57,21,85,0,163,114,0,114,277
12/27/2004,ISP,NY,AEA,EN,Towers with Radar,65,30,45,0,140,0,0,28,0,28,65,30,73,0,168,42,0,42,210
12/28/2004,ISP,NY,AEA,EN,Towers with Radar,64,23,58,1,146,0,0,116,4,120,64,23,174,5,266,114,0,114,380
12/29/2004,ISP,NY,AEA,EN,Towers with Radar,67,21,53,1,142,0,0,179,3,182,67,21,232,4,324,356,0,356,680
12/30/2004,ISP,NY,AEA,EN,Towers with Radar,67,25,46,0,138,0,0,250,9,259,67,25,296,9,397,278,0,278,675
12/31/2004,ISP,NY,AEA,EN,Towers with Radar,64,19,30,0,113,0,0,112,4,116,64,19,142,4,229,134,0,134,363
01/01/2005,ISP,NY,AEA,EN,Towers with Radar,56,11,39,0,106,0,0,96,0,96,56,11,135,0,202,108,0,108,310
01/02/2005,ISP,NY,AEA,EN,Towers with Radar,65,28,55,0,148,0,0,145,0,145,65,28,200,0,293,150,0,150,443
01/03/2005,ISP,NY,AEA,EN,Towers with Radar,62,27,50,3,142,0,0,92,5,97,62,27,142,8,239,132,0,132,371
01/04/2005,ISP,NY,AEA,EN,Towers with Radar,65,26,57,0,148,0,0,38,0,38,65,26,95,0,186,124,0,124,310
01/05/2005,ISP,NY,AEA,EN,Towers with Radar,73,26,31,0,130,0,0,28,0,28,73,26,59,0,158,48,0,48,206
01/06/2005,ISP,NY,AEA,EN,Towers with Radar,73,22,29,0,124,0,0,0,0,0,73,22,29,0,124,0,0,0,124
01/07/2005,ISP,NY,AEA,EN,Towers with Radar,60,32,55,0,147,0,0,196,0,196,60,32,251,0,343,294,0,294,637
01/08/2005,ISP,NY,AEA,EN,Towers with Radar,66,11,28,0,105,0,0,0,0,0,66,11,28,0,105,0,0,0,105
01/09/2005,ISP,NY,AEA,EN,Towers with Radar,58,19,48,0,125,0,0,228,6,234,58,19,276,6,359,288,0,288,647
01/10/2005,ISP,NY,AEA,EN,Towers with Radar,71,29,75,3,178,0,0,86,1,87,71,29,161,4,265,190,0,190,455
01/11/2005,ISP,NY,AEA,EN,Towers with Radar,65,22,31,4,122,0,0,88,3,91,65,22,119,7,213,100,0,100,313
01/12/2005,ISP,NY,AEA,EN,Towers with Radar,69,23,33,0,125,0,0,0,0,0,69,23,33,0,125,0,0,0,125
01/13/2005,ISP,NY,AEA,EN,Towers with Radar,71,17,47,0,135,0,0,0,0,0,71,17,47,0,135,0,0,0,135
01/14/2005,ISP,NY,AEA,EN,Towers with Radar,70,26,30,0,126,0,0,8,0,8,70,26,38,0,134,0,0,0,134
01/15/2005,ISP,NY,AEA,EN,Towers with Radar,61,11,51,1,124,0,0,241,3,244,61,11,292,4,368,212,0,212,580
01/16/2005,ISP,NY,AEA,EN,Towers with Radar,57,19,58,0,134,0,0,156,2,158,57,19,214,2,292,254,0,254,546
01/17/2005,ISP,NY,AEA,EN,Towers with Radar,63,34,33,0,130,0,0,34,2,36,63,34,67,2,166,62,0,62,228
01/18/2005,ISP,NY,AEA,EN,Towers with Radar,62,25,41,0,128,0,1,77,9,87,62,26,118,9,215,118,56,174,389
01/19/2005,ISP,NY,AEA,EN,Towers with Radar,66,22,53,0,141,0,0,30,1,31,66,22,83,1,172,58,0,58,230
01/20/2005,ISP,NY,AEA,EN,Towers with Radar,65,27,57,0,149,0,0,135,9,144,65,27,192,9,293,236,12,248,541
01/21/2005,ISP,NY,AEA,EN,Towers with Radar,65,32,57,0,154,0,0,98,2,100,65,32,155,2,254,108,0,108,362
01/22/2005,ISP,NY,AEA,EN,Towers with Radar,36,7,24,0,67,0,0,31,2,33,36,7,55,2,100,76,0,76,176
01/23/2005,ISP,NY,AEA,EN,Towers with Radar,5,0,5,0,10,0,0,0,0,0,5,0,5,0,10,0,0,0,10
01/24/2005,ISP,NY,AEA,EN,Towers with Radar,54,16,33,0,103,0,0,60,1,61,54,16,93,1,164,56,0,56,220
01/25/2005,ISP,NY,AEA,EN,Towers with Radar,64,25,35,1,125,0,0,159,7,166,64,25,194,8,291,146,0,146,437
01/26/2005,ISP,NY,AEA,EN,Towers with Radar,66,31,15,0,112,0,0,8,2,10,66,31,23,2,122,2,48,50,172
01/27/2005,ISP,NY,AEA,EN,Towers with Radar,66,24,52,1,143,0,0,86,9,95,66,24,138,10,238,158,0,158,396
01/28/2005,ISP,NY,AEA,EN,Towers with Radar,68,25,43,2,138,0,1,138,5,144,68,26,181,7,282,202,0,202,484
01/29/2005,ISP,NY,AEA,EN,Towers with Radar,54,6,47,0,107,0,0,204,2,206,54,6,251,2,313,216,0,216,529
01/30/2005,ISP,NY,AEA,EN,Towers with Radar,54,13,28,0,95,0,0,143,3,146,54,13,171,3,241,214,0,214,455
01/31/2005,ISP,NY,AEA,EN,Towers with Radar,61,25,52,6,144,0,0,165,6,171,61,25,217,12,315,278,0,278,593
02/01/2005,ISP,NY,AEA,EN,Towers with Radar,0,0,0,0,0,69,22,251,19,361,69,22,251,19,361,272,0,272,633
02/02/2005,ISP,NY,AEA,EN,Towers with Radar,66,27,78,2,173,0,0,197,4,201,66,27,275,6,374,260,0,260,634
02/03/2005,ISP,NY,AEA,EN,Towers with Radar,71,26,49,1,147,0,0,118,2,120,71,26,167,3,267,234,54,288,555
02/04/2005,ISP,NY,AEA,EN,Towers with Radar,69,28,51,4,152,0,0,56,2,58,69,28,107,6,210,118,0,118,328
02/05/2005,ISP,NY,AEA,EN,Towers with Radar,64,13,70,3,150,0,1,154,12,167,64,14,224,15,317,238,0,238,555
02/06/2005,ISP,NY,AEA,EN,Towers with Radar,59,17,60,0,136,0,0,197,2,199,59,17,257,2,335,194,0,194,529
02/07/2005,ISP,NY,AEA,EN,Towers with Radar,69,32,63,0,164,0,0,217,0,217,69,32,280,0,381,192,0,192,573
02/08/2005,ISP,NY,AEA,EN,Towers with Radar,70,27,75,1,173,0,1,127,9,137,70,28,202,10,310,226,0,226,536
02/09/2005,ISP,NY,AEA,EN,Towers with Radar,64,25,56,1,146,0,0,144,6,150,64,25,200,7,296,196,0,196,492
02/10/2005,ISP,NY,AEA,EN,Towers with Radar,66,25,26,0,117,0,0,10,2,12,66,25,36,2,129,4,0,4,133
02/11/2005,ISP,NY,AEA,EN,Towers with Radar,66,25,40,1,132,0,0,83,3,86,66,25,123,4,218,80,0,80,298
02/12/2005,ISP,NY,AEA,EN,Towers with Radar,64,9,60,0,133,0,0,157,1,158,64,9,217,1,291,262,0,262,553
02/13/2005,ISP,NY,AEA,EN,Towers with Radar,59,16,57,1,133,0,0,198,4,202,59,16,255,5,335,280,0,280,615
02/14/2005,ISP,NY,AEA,EN,Towers with Radar,7,27,48,0,82,0,1,43,0,44,7,28,91,0,126,58,0,58,184
02/15/2005,ISP,NY,AEA,EN,Towers with Radar,64,25,73,4,166,0,0,182,7,189,64,25,255,11,355,208,0,208,563
02/16/2005,ISP,NY,AEA,EN,Towers with Radar,68,23,63,3,157,0,0,68,1,69,68,23,131,4,226,126,0,126,352
02/17/2005,ISP,NY,AEA,EN,Towers with Radar,69,27,68,4,168,0,0,177,4,181,69,27,245,8,349,228,0,228,577
02/18/2005,ISP,NY,AEA,EN,Towers with Radar,66,33,45,0,144,0,1,111,3,115,66,34,156,3,259,130,0,130,389
02/19/2005,ISP,NY,AEA,EN,Towers with Radar,67,12,41,0,120,0,0,193,0,193,67,12,234,0,313,216,0,216,529
02/20/2005,ISP,NY,AEA,EN,Towers with Radar,61,18,33,0,112,0,0,189,2,191,61,18,222,2,303,246,0,246,549
02/21/2005,ISP,NY,AEA,EN,Towers with Radar,68,24,31,0,123,0,0,0,0,0,68,24,31,0,123,0,0,0,123
02/22/2005,ISP,NY,AEA,EN,Towers with Radar,65,35,48,0,148,0,0,83,4,87,65,35,131,4,235,94,0,94,329
02/23/2005,ISP,NY,AEA,EN,Towers with Radar,70,24,66,0,160,0,0,184,4,188,70,24,250,4,348,182,0,182,530
02/24/2005,ISP,NY,AEA,EN,Towers with Radar,73,19,49,0,141,0,0,87,5,92,73,19,136,5,233,144,0,144,377
02/25/2005,ISP,NY,AEA,EN,Towers with Radar,59,22,52,0,133,0,0,76,0,76,59,22,128,0,209,118,0,118,327
02/26/2005,ISP,NY,AEA,EN,Towers with Radar,69,9,54,0,132,0,0,107,0,107,69,9,161,0,239,208,0,208,447
02/27/2005,ISP,NY,AEA,EN,Towers with Radar,63,19,62,0,144,0,0,193,0,193,63,19,255,0,337,290,0,290,627
02/28/2005,ISP,NY,AEA,EN,Towers with Radar,67,24,48,2,141,0,0,55,1,56,67,24,103,3,197,64,4,68,265
03/01/2005,ISP,NY,AEA,EN,Towers with Radar,70,22,25,0,117,0,0,27,0,27,70,22,52,0,144,18,0,18,162
03/02/2005,ISP,NY,AEA,EN,Towers with Radar,73,38,62,0,173,0,0,78,3,81,73,38,140,3,254,40,0,40,294
03/03/2005,ISP,NY,AEA,EN,Towers with Radar,73,23,34,0,130,0,0,115,3,118,73,23,149,3,248,138,0,138,386
03/04/2005,ISP,NY,AEA,EN,Towers with Radar,68,33,40,0,141,0,1,175,0,176,68,34,215,0,317,250,0,250,567
03/05/2005,ISP,NY,AEA,EN,Towers with Radar,65,12,37,1,115,0,0,221,11,232,65,12,258,12,347,210,0,210,557
03/06/2005,ISP,NY,AEA,EN,Towers with Radar,57,22,66,3,148,0,0,150,5,155,57,22,216,8,303,250,0,250,553
03/07/2005,ISP,NY,AEA,EN,Towers with Radar,70,32,80,0,182,0,0,114,4,118,70,32,194,4,300,170,0,170,470
03/08/2005,ISP,NY,AEA,EN,Towers with Radar,46,13,29,0,88,0,1,2,0,3,46,14,31,0,91,0,0,0,91
03/09/2005,ISP,NY,AEA,EN,Towers with Radar,76,36,46,0,158,0,0,0,0,0,76,36,46,0,158,0,0,0,158
03/10/2005,ISP,NY,AEA,EN,Towers with Radar,68,29,68,0,165,0,0,146,6,152,68,29,214,6,317,246,0,246,563
03/11/2005,ISP,NY,AEA,EN,Towers with Radar,69,39,35,0,143,0,0,20,3,23,69,39,55,3,166,38,8,46,212
03/12/2005,ISP,NY,AEA,EN,Towers with Radar,64,13,38,4,119,0,0,59,0,59,64,13,97,4,178,120,0,120,298
03/13/2005,ISP,NY,AEA,EN,Towers with Radar,63,22,49,0,134,0,3,211,2,216,63,25,260,2,350,326,0,326,676
03/14/2005,ISP,NY,AEA,EN,Towers with Radar,65,28,45,1,139,0,0,185,9,194,65,28,230,10,333,272,4,276,609
03/15/2005,ISP,NY,AEA,EN,Towers with Radar,71,32,45,1,149,0,0,166,6,172,71,32,211,7,321,134,0,134,455
03/16/2005,ISP,NY,AEA,EN,Towers with Radar,74,30,42,0,146,0,0,211,4,215,74,30,253,4,361,226,0,226,587
03/17/2005,ISP,NY,AEA,EN,Towers with Radar,72,29,54,0,155,0,0,197,8,205,72,29,251,8,360,234,0,234,594
03/18/2005,ISP,NY,AEA,EN,Towers with Radar,72,30,86,2,190,0,1,172,7,180,72,31,258,9,370,246,0,246,616
03/19/2005,ISP,NY,AEA,EN,Towers with Radar,65,12,68,0,145,0,0,260,2,262,65,12,328,2,407,316,0,316,723
03/20/2005,ISP,NY,AEA,EN,Towers with Radar,60,24,77,2,163,0,0,35,1,36,60,24,112,3,199,168,0,168,367
03/21/2005,ISP,NY,AEA,EN,Towers with Radar,70,38,74,0,182,0,0,57,0,57,70,38,131,0,239,216,0,216,455
03/22/2005,ISP,NY,AEA,EN,Towers with Radar,74,36,84,1,195,0,0,247,3,250,74,36,331,4,445,244,4,248,693
03/23/2005,ISP,NY,AEA,EN,Towers with Radar,69,31,38,0,138,0,0,27,0,27,69,31,65,0,165,22,0,22,187
03/24/2005,ISP,NY,AEA,EN,Towers with Radar,67,37,57,0,161,0,0,76,4,80,67,37,133,4,241,130,6,136,377
03/25/2005,ISP,NY,AEA,EN,Towers with Radar,69,36,68,0,173,0,0,150,0,150,69,36,218,0,323,248,0,248,571
03/26/2005,ISP,NY,AEA,EN,Towers with Radar,59,18,46,1,124,0,0,242,0,242,59,18,288,1,366,282,0,282,648
03/27/2005,ISP,NY,AEA,EN,Towers with Radar,61,22,38,0,121,0,0,92,0,92,61,22,130,0,213,198,0,198,411
03/28/2005,ISP,NY,AEA,EN,Towers with Radar,64,33,49,0,146,0,0,1,0,1,64,33,50,0,147,0,0,0,147
03/29/2005,ISP,NY,AEA,EN,Towers with Radar,68,42,75,0,185,0,0,59,4,63,68,42,134,4,248,138,4,142,390
03/30/2005,ISP,NY,AEA,EN,Towers with Radar,69,40,97,4,210,0,0,207,4,211,69,40,304,8,421,268,0,268,689
03/31/2005,ISP,NY,AEA,EN,Towers with Radar,66,38,79,0,183,0,0,202,6,208,66,38,281,6,391,230,0,230,621
04/01/2005,ISP,NY,AEA,EN,Towers with Radar,66,39,73,0,178,0,0,65,1,66,66,39,138,1,244,122,0,122,366
04/02/2005,ISP,NY,AEA,EN,Towers with Radar,63,17,17,0,97,0,0,0,0,0,63,17,17,0,97,0,0,0,97
04/03/2005,ISP,NY,AEA,EN,Towers with Radar,67,17,77,2,163,0,0,29,0,29,67,17,106,2,192,192,0,192,384
04/04/2005,ISP,NY,AEA,EN,Towers with Radar,69,40,67,0,176,0,1,112,0,113,69,41,179,0,289,94,0,94,383
04/05/2005,ISP,NY,AEA,EN,Towers with Radar,73,33,68,0,174,0,0,232,12,244,73,33,300,12,418,260,0,260,678
04/06/2005,ISP,NY,AEA,EN,Towers with Radar,67,34,94,0,195,0,1,288,6,295,67,35,382,6,490,302,0,302,792
04/07/2005,ISP,NY,AEA,EN,Towers with Radar,72,37,60,1,170,0,0,157,8,165,72,37,217,9,335,154,0,154,489
04/08/2005,ISP,NY,AEA,EN,Towers with Radar,68,42,51,0,161,0,0,99,3,102,68,42,150,3,263,182,0,182,445
04/09/2005,ISP,NY,AEA,EN,Towers with Radar,68,19,50,0,137,0,0,213,1,214,68,19,263,1,351,298,0,298,649
04/10/2005,ISP,NY,AEA,EN,Towers with Radar,70,24,66,0,160,0,0,287,3,290,70,24,353,3,450,382,0,382,832
04/11/2005,ISP,NY,AEA,EN,Towers with Radar,73,38,57,0,168,0,0,199,10,209,73,38,256,10,377,226,24,250,627
04/12/2005,ISP,NY,AEA,EN,Towers with Radar,69,33,64,4,170,0,0,219,10,229,69,33,283,14,399,264,22,286,685
04/13/2005,ISP,NY,AEA,EN,Towers with Radar,73,32,66,1,172,0,0,168,1,169,73,32,234,2,341,214,0,214,555
04/14/2005,ISP,NY,AEA,EN,Towers with Radar,67,37,69,0,173,0,0,184,6,190,67,37,253,6,363,188,0,188,551
04/15/2005,ISP,NY,AEA,EN,Towers with Radar,73,37,47,3,160,0,0,153,6,159,73,37,200,9,319,236,0,236,555
04/16/2005,ISP,NY,AEA,EN,Towers with Radar,66,17,61,0,144,0,0,265,2,267,66,17,326,2,411,308,0,308,719
04/17/2005,ISP,NY,AEA,EN,Towers with Radar,71,23,54,2,150,0,0,248,2,250,71,23,302,4,400,322,0,322,722
04/18/2005,ISP,NY,AEA,EN,Towers with Radar,71,36,51,0,158,0,0,208,4,212,71,36,259,4,370,276,0,276,646
04/19/2005,ISP,NY,AEA,EN,Towers with Radar,74,36,61,0,171,0,0,189,5,194,74,36,250,5,365,140,0,140,505
04/20/2005,ISP,NY,AEA,EN,Towers with Radar,73,38,56,2,169,0,0,152,6,158,73,38,208,8,327,216,6,222,549
04/21/2005,ISP,NY,AEA,EN,Towers with Radar,74,38,43,4,159,0,1,176,3,180,74,39,219,7,339,172,0,172,511
04/22/2005,ISP,NY,AEA,EN,Towers with Radar,70,33,58,0,161,0,0,154,2,156,70,33,212,2,317,258,0,258,575
04/23/2005,ISP,NY,AEA,EN,Towers with Radar,61,21,10,0,92,0,0,0,0,0,61,21,10,0,92,0,0,0,92
04/24/2005,ISP,NY,AEA,EN,Towers with Radar,71,23,57,0,151,0,0,54,0,54,71,23,111,0,205,160,0,160,365
04/25/2005,ISP,NY,AEA,EN,Towers with Radar,65,29,47,0,141,0,0,110,5,115,65,29,157,5,256,158,14,172,428
04/26/2005,ISP,NY,AEA,EN,Towers with Radar,72,42,68,5,187,0,0,174,4,178,72,42,242,9,365,160,0,160,525
04/27/2005,ISP,NY,AEA,EN,Towers with Radar,65,34,37,0,136,0,0,7,0,7,65,34,44,0,143,10,0,10,153
04/28/2005,ISP,NY,AEA,EN,Towers with Radar,70,38,59,1,168,0,0,154,13,167,70,38,213,14,335,222,8,230,565
04/29/2005,ISP,NY,AEA,EN,Towers with Radar,72,36,87,0,195,0,0,188,5,193,72,36,275,5,388,296,18,314,702
04/30/2005,ISP,NY,AEA,EN,Towers with Radar,68,19,21,0,108,0,0,4,0,4,68,19,25,0,112,10,0,10,122
05/01/2005,ISP,NY,AEA,EN,Towers with Radar,72,31,49,0,152,0,0,81,2,83,72,31,130,2,235,140,0,140,375
05/02/2005,ISP,NY,AEA,EN,Towers with Radar,71,42,92,1,206,0,0,128,5,133,71,42,220,6,339,162,0,162,501
05/03/2005,ISP,NY,AEA,EN,Towers with Radar,71,45,94,3,213,0,1,201,8,210,71,46,295,11,423,194,0,194,617
05/04/2005,ISP,NY,AEA,EN,Towers with Radar,68,39,82,0,189,0,0,194,5,199,68,39,276,5,388,200,0,200,588
05/05/2005,ISP,NY,AEA,EN,Towers with Radar,74,35,69,0,178,0,0,230,7,237,74,35,299,7,415,244,0,244,659
05/06/2005,ISP,NY,AEA,EN,Towers with Radar,67,35,73,1,176,0,1,162,4,167,67,36,235,5,343,296,0,296,639
05/07/2005,ISP,NY,AEA,EN,Towers with Radar,65,18,26,0,109,0,0,20,0,20,65,18,46,0,129,2,0,2,131
05/08/2005,ISP,NY,AEA,EN,Towers with Radar,70,28,27,1,126,0,0,93,4,97,70,28,120,5,223,132,0,132,355
05/09/2005,ISP,NY,AEA,EN,Towers with Radar,70,35,96,3,204,0,0,181,6,187,70,35,277,9,391,260,0,260,651
05/10/2005,ISP,NY,AEA,EN,Towers with Radar,77,35,89,0,201,0,0,213,8,221,77,35,302,8,422,236,0,236,658
05/11/2005,ISP,NY,AEA,EN,Towers with Radar,70,34,123,3,230,0,0,57,0,57,70,34,180,3,287,68,0,68,355
05/12/2005,ISP,NY,AEA,EN,Towers with Radar,71,36,69,4,180,0,0,143,8,151,71,36,212,12,331,116,0,116,447
05/13/2005,ISP,NY,AEA,EN,Towers with Radar,69,39,65,0,173,0,0,197,5,202,69,39,262,5,375,172,0,172,547
05/14/2005,ISP,NY,AEA,EN,Towers with Radar,62,17,53,0,132,0,0,135,7,142,62,17,188,7,274,230,0,230,504
05/15/2005,ISP,NY,AEA,EN,Towers with Radar,68,29,75,0,172,0,0,92,2,94,68,29,167,2,266,252,0,252,518
05/16/2005,ISP,NY,AEA,EN,Towers with Radar,71,36,108,2,217,0,0,132,4,136,71,36,240,6,353,180,0,180,533
05/17/2005,ISP,NY,AEA,EN,Towers with Radar,68,36,90,0,194,0,0,196,7,203,68,36,286,7,397,256,0,256,653
05/18/2005,ISP,NY,AEA,EN,Towers with Radar,71,42,89,0,202,0,0,210,8,218,71,42,299,8,420,274,6,280,700
05/19/2005,ISP,NY,AEA,EN,Towers with Radar,56,33,76,0,165,0,0,197,8,205,56,33,273,8,370,250,0,250,620
05/20/2005,ISP,NY,AEA,EN,Towers with Radar,71,34,68,1,174,0,0,78,2,80,71,34,146,3,254,108,0,108,362
05/21/2005,ISP,NY,AEA,EN,Towers with Radar,62,20,74,0,156,0,0,201,5,206,62,20,275,5,362,324,0,324,686
05/22/2005,ISP,NY,AEA,EN,Towers with Radar,69,30,101,3,203,0,0,77,2,79,69,30,178,5,282,210,0,210,492
05/23/2005,ISP,NY,AEA,EN,Towers with Radar,69,33,51,5,158,0,0,143,5,148,69,33,194,10,306,118,0,118,424
05/24/2005,ISP,NY,AEA,EN,Towers with Radar,68,49,57,3,177,0,6,43,3,52,68,55,100,6,229,88,0,88,317
05/25/2005,ISP,NY,AEA,EN,Towers with Radar,71,40,50,0,161,0,0,5,0,5,71,40,55,0,166,0,0,0,166
05/26/2005,ISP,NY,AEA,EN,Towers with Radar,67,45,54,3,169,0,0,86,1,87,67,45,140,4,256,226,0,226,482
05/27/2005,ISP,NY,AEA,EN,Towers with Radar,72,38,86,0,196,0,0,242,3,245,72,38,328,3,441,198,0,198,639
05/28/2005,ISP,NY,AEA,EN,Towers with Radar,72,22,44,0,138,0,0,231,6,237,72,22,275,6,375,280,0,280,655
05/29/2005,ISP,NY,AEA,EN,Towers with Radar,65,23,37,0,125,0,0,125,8,133,65,23,162,8,258,224,0,224,482
05/30/2005,ISP,NY,AEA,EN,Towers with Radar,67,25,45,0,137,0,0,270,4,274,67,25,315,4,411,220,0,220,631
05/31/2005,ISP,NY,AEA,EN,Towers with Radar,70,45,79,3,197,0,9,218,2,229,70,54,297,5,426,252,0,252,678
06/01/2005,ISP,NY,AEA,EN,Towers with Radar,74,46,103,5,228,0,0,44,3,47,74,46,147,8,275,136,0,136,411
06/02/2005,ISP,NY,AEA,EN,Towers with Radar,69,42,114,0,225,0,0,103,5,108,69,42,217,5,333,216,0,216,549
06/03/2005,ISP,NY,AEA,EN,Towers with Radar,71,32,72,0,175,0,8,131,1,140,71,40,203,1,315,220,0,220,535
06/04/2005,ISP,NY,AEA,EN,Towers with Radar,71,22,93,1,187,0,0,127,4,131,71,22,220,5,318,254,0,254,572
06/05/2005,ISP,NY,AEA,EN,Towers with Radar,67,36,66,0,169,0,0,274,4,278,67,36,340,4,447,352,0,352,799
06/06/2005,ISP,NY,AEA,EN,Towers with Radar,69,26,51,0,146,0,0,129,4,133,69,26,180,4,279,214,0,214,493
06/07/2005,ISP,NY,AEA,EN,Towers with Radar,77,38,90,0,205,0,0,153,5,158,77,38,243,5,363,130,0,130,493
06/08/2005,ISP,NY,AEA,EN,Towers with Radar,63,38,80,0,181,0,1,243,7,251,63,39,323,7,432,306,0,306,738
06/09/2005,ISP,NY,AEA,EN,Towers with Radar,69,40,88,0,197,0,0,142,3,145,69,40,230,3,342,154,0,154,496
06/10/2005,ISP,NY,AEA,EN,Towers with Radar,70,36,84,2,192,0,0,50,1,51,70,36,134,3,243,54,0,54,297
06/11/2005,ISP,NY,AEA,EN,Towers with Radar,70,21,46,3,140,0,0,123,1,124,70,21,169,4,264,290,0,290,554
06/12/2005,ISP,NY,AEA,EN,Towers with Radar,68,31,110,1,210,0,2,194,8,204,68,33,304,9,414,306,0,306,720
06/13/2005,ISP,NY,AEA,EN,Towers with Radar,68,33,66,2,169,0,0,169,4,173,68,33,235,6,342,214,0,214,556
06/14/2005,ISP,NY,AEA,EN,Towers with Radar,69,33,57,3,162,0,0,173,7,180,69,33,230,10,342,212,0,212,554
06/15/2005,ISP,NY,AEA,EN,Towers with Radar,71,43,136,1,251,0,1,27,2,30,71,44,163,3,281,66,0,66,347
06/16/2005,ISP,NY,AEA,EN,Towers with Radar,67,35,77,0,179,0,0,25,3,28,67,35,102,3,207,22,6,28,235
06/17/2005,ISP,NY,AEA,EN,Towers with Radar,0,0,0,0,0,72,33,313,4,422,72,33,313,4,422,212,0,212,634
06/18/2005,ISP,NY,AEA,EN,Towers with Radar,0,0,0,0,0,68,24,280,1,373,68,24,280,1,373,250,0,250,623
06/19/2005,ISP,NY,AEA,EN,Towers with Radar,0,0,0,0,0,68,27,263,1,359,68,27,263,1,359,286,0,286,645
06/20/2005,ISP,NY,AEA,EN,Towers with Radar,0,0,0,0,0,74,38,326,7,445,74,38,326,7,445,292,0,292,737
06/21/2005,ISP,NY,AEA,EN,Towers with Radar,0,0,0,0,0,69,37,275,13,394,69,37,275,13,394,220,10,230,624
06/22/2005,ISP,NY,AEA,EN,Towers with Radar,0,0,0,0,0,68,32,219,2,321,68,32,219,2,321,236,0,236,557
06/23/2005,ISP,NY,AEA,EN,Towers with Radar,0,0,0,0,0,75,38,322,12,447,75,38,322,12,447,284,0,284,731
06/24/2005,ISP,NY,AEA,EN,Towers with Radar,0,0,0,0,0,68,37,342,19,466,68,37,342,19,466,282,0,282,748
06/25/2005,ISP,NY,AEA,EN,Towers with Radar,0,0,0,0,0,66,17,245,8,336,66,17,245,8,336,170,0,170,506
06/26/2005,ISP,NY,AEA,EN,Towers with Radar,0,0,0,0,0,71,24,255,3,353,71,24,255,3,353,214,0,214,567
06/27/2005,ISP,NY,AEA,EN,Towers with Radar,0,0,0,0,0,75,44,75,0,194,75,44,75,0,194,0,0,0,194
06/28/2005,ISP,NY,AEA,EN,Towers with Radar,0,0,0,0,0,74,35,104,4,217,74,35,104,4,217,96,4,100,317
06/29/2005,ISP,NY,AEA,EN,Towers with Radar,0,0,0,0,0,63,23,83,4,173,63,23,83,4,173,92,0,92,265
06/30/2005,ISP,NY,AEA,EN,Towers with Radar,0,0,0,0,0,68,48,71,3,190,68,48,71,3,190,8,0,8,198
07/01/2005,ISP,NY,AEA,EN,Towers with Radar,0,0,0,0,0,70,36,191,3,300,70,36,191,3,300,118,0,118,418
07/02/2005,ISP,NY,AEA,EN,Towers with Radar,0,0,0,0,0,71,15,294,6,386,71,15,294,6,386,326,0,326,712
07/03/2005,ISP,NY,AEA,EN,Towers with Radar,0,0,0,0,0,62,22,314,2,400,62,22,314,2,400,312,0,312,712
07/04/2005,ISP,NY,AEA,EN,Towers with Radar,0,0,0,0,0,69,27,277,0,373,69,27,277,0,373,232,0,232,605
07/05/2005,ISP,NY,AEA,EN,Towers with Radar,0,0,0,0,0,70,48,134,3,255,70,48,134,3,255,42,0,42,297
07/06/2005,ISP,NY,AEA,EN,Towers with Radar,0,0,0,0,0,73,40,47,1,161,73,40,47,1,161,50,0,50,211
07/07/2005,ISP,NY,AEA,EN,Towers with Radar,0,0,0,0,0,72,44,194,13,323,72,44,194,13,323,220,0,220,543
07/08/2005,ISP,NY,AEA,EN,Towers with Radar,0,0,0,0,0,77,41,28,1,147,77,41,28,1,147,0,0,0,147
07/09/2005,ISP,NY,AEA,EN,Towers with Radar,0,0,0,0,0,68,22,203,2,295,68,22,203,2,295,152,0,152,447
07/10/2005,ISP,NY,AEA,EN,Towers with Radar,0,0,0,0,0,75,25,349,2,451,75,25,349,2,451,362,0,362,813
07/11/2005,ISP,NY,AEA,EN,Towers with Radar,0,0,0,0,0,80,42,325,3,450,80,42,325,3,450,268,0,268,718
07/12/2005,ISP,NY,AEA,EN,Towers with Radar,0,0,0,0,0,73,45,306,8,432,73,45,306,8,432,274,0,274,706
07/13/2005,ISP,NY,AEA,EN,Towers with Radar,79,25,104,0,208,0,0,37,1,38,79,25,141,1,246,32,0,32,278
07/14/2005,ISP,NY,AEA,EN,Towers with Radar,0,0,0,0,0,74,40,148,0,262,74,40,148,0,262,68,0,68,330
07/15/2005,ISP,NY,AEA,EN,Towers with Radar,0,0,0,0,0,75,33,268,6,382,75,33,268,6,382,276,0,276,658
07/16/2005,ISP,NY,AEA,EN,Towers with Radar,0,0,0,0,0,82,16,123,0,221,82,16,123,0,221,52,0,52,273
07/17/2005,ISP,NY,AEA,EN,Towers with Radar,0,0,0,0,0,70,27,77,1,175,70,27,77,1,175,0,0,0,175
07/18/2005,ISP,NY,AEA,EN,Towers with Radar,75,38,62,1,176,0,0,2,0,2,75,38,64,1,178,0,0,0,178
07/19/2005,ISP,NY,AEA,EN,Towers with Radar,68,36,64,0,168,0,3,64,4,71,68,39,128,4,239,120,0,120,359
07/20/2005,ISP,NY,AEA,EN,Towers with Radar,0,0,0,0,0,73,40,347,11,471,73,40,347,11,471,316,0,316,787
07/21/2005,ISP,NY,AEA,EN,Towers with Radar,0,0,0,0,0,78,40,352,5,475,78,40,352,5,475,310,0,310,785
07/22/2005,ISP,NY,AEA,EN,Towers with Radar,0,0,0,0,0,73,37,268,9,387,73,37,268,9,387,206,0,206,593
07/23/2005,ISP,NY,AEA,EN,Towers with Radar,0,0,0,0,0,67,16,254,3,340,67,16,254,3,340,202,0,202,542
07/24/2005,ISP,NY,AEA,EN,Towers with Radar,0,0,0,0,0,73,23,300,0,396,73,23,300,0,396,248,0,248,644
07/25/2005,ISP,NY,AEA,EN,Towers with Radar,0,0,0,0,0,68,49,226,0,343,68,49,226,0,343,152,0,152,495
07/26/2005,ISP,NY,AEA,EN,Towers with Radar,0,0,0,0,0,75,43,235,9,362,75,43,235,9,362,196,0,196,558
07/27/2005,ISP,NY,AEA,EN,Towers with Radar,0,0,0,0,0,69,34,134,5,242,69,34,134,5,242,48,0,48,290
07/28/2005,ISP,NY,AEA,EN,Towers with Radar,0,0,0,0,0,77,51,321,14,463,77,51,321,14,463,274,0,274,737
07/29/2005,ISP,NY,AEA,EN,Towers with Radar,0,0,0,0,0,68,45,320,10,443,68,45,320,10,443,144,0,144,587
07/30/2005,ISP,NY,AEA,EN,Towers with Radar,0,0,0,0,0,71,18,184,0,273,71,18,184,0,273,210,0,210,483
07/31/2005,ISP,NY,AEA,EN,Towers with Radar,0,0,0,0,0,72,30,252,7,361,72,30,252,7,361,192,0,192,553
08/01/2005,ISP,NY,AEA,EN,Towers with Radar,75,37,69,0,181,0,0,169,6,175,75,37,238,6,356,262,0,262,618
08/02/2005,ISP,NY,AEA,EN,Towers with Radar,68,39,57,0,164,0,0,224,13,237,68,39,281,13,401,306,0,306,707
08/03/2005,ISP,NY,AEA,EN,Towers with Radar,74,41,78,1,194,0,0,210,7,217,74,41,288,8,411,340,0,340,751
08/04/2005,ISP,NY,AEA,EN,Towers with Radar,71,35,69,4,179,0,0,191,9,200,71,35,260,13,379,272,0,272,651
08/05/2005,ISP,NY,AEA,EN,Towers with Radar,79,41,83,2,205,0,0,155,6,161,79,41,238,8,366,176,0,176,542
08/06/2005,ISP,NY,AEA,EN,Towers with Radar,74,17,42,0,133,0,0,234,9,243,74,17,276,9,376,270,6,276,652
08/07/2005,ISP,NY,AEA,EN,Towers with Radar,72,20,49,1,142,0,1,181,6,188,72,21,230,7,330,198,8,206,536
08/08/2005,ISP,NY,AEA,EN,Towers with Radar,72,37,72,1,182,0,0,127,12,139,72,37,199,13,321,202,8,210,531
08/09/2005,ISP,NY,AEA,EN,Towers with Radar,73,39,72,1,185,0,0,109,5,114,73,39,181,6,299,154,0,154,453
08/10/2005,ISP,NY,AEA,EN,Towers with Radar,74,37,63,1,175,0,1,201,5,207,74,38,264,6,382,302,0,302,684
08/11/2005,ISP,NY,AEA,EN,Towers with Radar,69,39,74,1,183,0,0,259,9,268,69,39,333,10,451,332,18,350,801
08/12/2005,ISP,NY,AEA,EN,Towers with Radar,78,42,72,8,200,0,0,189,10,199,78,42,261,18,399,202,34,236,635
08/13/2005,ISP,NY,AEA,EN,Towers with Radar,66,17,69,1,153,0,0,86,8,94,66,17,155,9,247,160,0,160,407
08/14/2005,ISP,NY,AEA,EN,Towers with Radar,67,21,67,0,155,0,0,72,1,73,67,21,139,1,228,102,0,102,330
08/15/2005,ISP,NY,AEA,EN,Towers with Radar,73,36,98,0,207,0,0,27,0,27,73,36,125,0,234,52,0,52,286
08/16/2005,ISP,NY,AEA,EN,Towers with Radar,68,36,75,0,179,0,0,154,4,158,68,36,229,4,337,274,0,274,611
08/17/2005,ISP,NY,AEA,EN,Towers with Radar,76,36,78,0,190,0,0,269,5,274,76,36,347,5,464,230,0,230,694
08/18/2005,ISP,NY,AEA,EN,Towers with Radar,71,45,38,0,154,0,0,263,10,273,71,45,301,10,427,350,0,350,777
08/19/2005,ISP,NY,AEA,EN,Towers with Radar,76,47,72,3,198,0,0,212,16,228,76,47,284,19,426,186,0,186,612
08/20/2005,ISP,NY,AEA,EN,Towers with Radar,71,15,88,0,174,0,0,71,4,75,71,15,159,4,249,158,22,180,429
08/21/2005,ISP,NY,AEA,EN,Towers with Radar,0,0,0,0,0,69,29,146,1,245,69,29,146,1,245,84,0,84,329
08/22/2005,ISP,NY,AEA,EN,Towers with Radar,0,0,0,0,0,81,41,255,5,382,81,41,255,5,382,288,0,288,670
08/23/2005,ISP,NY,AEA,EN,Towers with Radar,0,0,0,0,0,67,38,287,0,392,67,38,287,0,392,236,0,236,628
08/24/2005,ISP,NY,AEA,EN,Towers with Radar,71,36,70,1,178,0,0,228,2,230,71,36,298,3,408,304,0,304,712
08/25/2005,ISP,NY,AEA,EN,Towers with Radar,0,0,0,0,0,71,38,271,11,391,71,38,271,11,391,260,0,260,651
08/26/2005,ISP,NY,AEA,EN,Towers with Radar,0,0,0,0,0,76,39,355,8,478,76,39,355,8,478,254,0,254,732
08/27/2005,ISP,NY,AEA,EN,Towers with Radar,0,0,0,0,0,70,19,264,2,355,70,19,264,2,355,166,0,166,521
08/28/2005,ISP,NY,AEA,EN,Towers with Radar,0,0,0,0,0,68,22,172,0,262,68,22,172,0,262,104,0,104,366
08/29/2005,ISP,NY,AEA,EN,Towers with Radar,0,0,0,0,0,71,42,134,10,257,71,42,134,10,257,150,4,154,411
08/30/2005,ISP,NY,AEA,EN,Towers with Radar,0,0,0,0,0,72,38,105,5,220,72,38,105,5,220,160,0,160,380
08/31/2005,ISP,NY,AEA,EN,Towers with Radar,0,0,0,0,0,74,41,63,3,181,74,41,63,3,181,32,0,32,213
09/01/2005,ISP,NY,AEA,EN,Towers with Radar,76,42,56,1,175,0,0,235,11,246,76,42,291,12,421,304,0,304,725
09/02/2005,ISP,NY,AEA,EN,Towers with Radar,77,43,66,0,186,0,0,275,3,278,77,43,341,3,464,250,0,250,714
09/03/2005,ISP,NY,AEA,EN,Towers with Radar,63,19,42,0,124,0,0,182,8,190,63,19,224,8,314,296,0,296,610
09/04/2005,ISP,NY,AEA,EN,Towers with Radar,69,17,24,0,110,0,0,193,3,196,69,17,217,3,306,150,0,150,456
09/05/2005,ISP,NY,AEA,EN,Towers with Radar,70,23,50,0,143,0,0,225,5,230,70,23,275,5,373,150,0,150,523
09/06/2005,ISP,NY,AEA,EN,Towers with Radar,84,41,62,2,189,0,0,213,0,213,84,41,275,2,402,170,0,170,572
09/07/2005,ISP,NY,AEA,EN,Towers with Radar,78,44,60,2,184,0,3,212,3,218,78,47,272,5,402,322,12,334,736
09/08/2005,ISP,NY,AEA,EN,Towers with Radar,80,42,83,4,209,0,0,193,1,194,80,42,276,5,403,232,4,236,639
09/09/2005,ISP,NY,AEA,EN,Towers with Radar,76,39,62,1,178,0,1,181,3,185,76,40,243,4,363,190,0,190,553
09/10/2005,ISP,NY,AEA,EN,Towers with Radar,77,22,37,0,136,0,0,203,4,207,77,22,240,4,343,214,0,214,557
09/11/2005,ISP,NY,AEA,EN,Towers with Radar,72,27,58,0,157,0,0,249,0,249,72,27,307,0,406,290,0,290,696
09/12/2005,ISP,NY,AEA,EN,Towers with Radar,77,31,47,0,155,0,0,157,1,158,77,31,204,1,313,270,0,270,583
09/13/2005,ISP,NY,AEA,EN,Towers with Radar,77,42,63,1,183,0,1,138,2,141,77,43,201,3,324,262,0,262,586
09/14/2005,ISP,NY,AEA,EN,Towers with Radar,76,39,104,0,219,0,0,75,0,75,76,39,179,0,294,150,0,150,444
09/15/2005,ISP,NY,AEA,EN,Towers with Radar,82,36,60,3,181,0,0,5,0,5,82,36,65,3,186,0,0,0,186
09/16/2005,ISP,NY,AEA,EN,Towers with Radar,81,39,62,0,182,0,0,18,0,18,81,39,80,0,200,10,0,10,210
09/17/2005,ISP,NY,AEA,EN,Towers with Radar,68,23,43,0,134,0,0,69,0,69,68,23,112,0,203,158,0,158,361
09/18/2005,ISP,NY,AEA,EN,Towers with Radar,73,25,72,0,170,0,0,254,0,254,73,25,326,0,424,358,0,358,782
09/19/2005,ISP,NY,AEA,EN,Towers with Radar,75,34,53,0,162,0,0,234,3,237,75,34,287,3,399,340,0,340,739
09/20/2005,ISP,NY,AEA,EN,Towers with Radar,73,31,36,0,140,0,1,53,0,54,73,32,89,0,194,124,0,124,318
09/21/2005,ISP,NY,AEA,EN,Towers with Radar,75,35,56,1,167,0,0,232,6,238,75,35,288,7,405,312,0,312,717
09/22/2005,ISP,NY,AEA,EN,Towers with Radar,81,35,77,4,197,0,0,268,4,272,81,35,345,8,469,282,0,282,751
09/23/2005,ISP,NY,AEA,EN,Towers with Radar,74,35,45,11,165,0,0,181,0,181,74,35,226,11,346,188,0,188,534
09/24/2005,ISP,NY,AEA,EN,Towers with Radar,74,21,42,0,137,0,0,190,0,190,74,21,232,0,327,194,0,194,521
09/25/2005,ISP,NY,AEA,EN,Towers with Radar,71,18,67,1,157,0,0,180,0,180,71,18,247,1,337,198,0,198,535
09/26/2005,ISP,NY,AEA,EN,Towers with Radar,79,34,94,3,210,0,0,0,0,0,79,34,94,3,210,44,0,44,254
09/27/2005,ISP,NY,AEA,EN,Towers with Radar,76,43,181,6,306,0,0,0,0,0,76,43,181,6,306,142,0,142,448
09/28/2005,ISP,NY,AEA,EN,Towers with Radar,78,42,357,7,484,0,0,0,0,0,78,42,357,7,484,340,0,340,824
09/29/2005,ISP,NY,AEA,EN,Towers with Radar,75,38,55,0,168,0,0,66,2,68,75,38,121,2,236,116,0,116,352
09/30/2005,ISP,NY,AEA,EN,Towers with Radar,78,40,66,0,184,0,3,240,0,243,78,43,306,0,427,270,0,270,697
10/01/2005,ISP,NY,AEA,EN,Towers with Radar,69,22,41,0,132,0,0,232,5,237,69,22,273,5,369,336,0,336,705
10/02/2005,ISP,NY,AEA,EN,Towers with Radar,67,22,45,0,134,0,0,203,5,208,67,22,248,5,342,264,0,264,606
10/03/2005,ISP,NY,AEA,EN,Towers with Radar,74,36,66,1,177,0,1,152,8,161,74,37,218,9,338,316,0,316,654
10/04/2005,ISP,NY,AEA,EN,Towers with Radar,78,31,70,7,186,0,1,156,10,167,78,32,226,17,353,216,0,216,569
10/05/2005,ISP,NY,AEA,EN,Towers with Radar,77,38,75,1,191,0,0,101,0,101,77,38,176,1,292,226,0,226,518
10/06/2005,ISP,NY,AEA,EN,Towers with Radar,72,39,93,12,216,0,0,0,0,0,72,39,93,12,216,20,0,20,236
10/07/2005,ISP,NY,AEA,EN,Towers with Radar,68,39,64,0,171,0,1,21,0,22,68,40,85,0,193,8,0,8,201
10/08/2005,ISP,NY,AEA,EN,Towers with Radar,62,16,16,0,94,0,0,0,0,0,62,16,16,0,94,0,0,0,94
10/09/2005,ISP,NY,AEA,EN,Towers with Radar,68,24,88,0,180,0,0,0,0,0,68,24,88,0,180,0,0,0,180
10/10/2005,ISP,NY,AEA,EN,Towers with Radar,77,39,39,0,155,0,0,0,0,0,77,39,39,0,155,0,0,0,155
10/11/2005,ISP,NY,AEA,EN,Towers with Radar,80,35,66,0,181,0,0,0,0,0,80,35,66,0,181,0,0,0,181
10/12/2005,ISP,NY,AEA,EN,Towers with Radar,76,45,49,0,170,0,0,0,0,0,76,45,49,0,170,0,0,0,170
10/13/2005,ISP,NY,AEA,EN,Towers with Radar,82,34,41,0,157,0,0,0,0,0,82,34,41,0,157,0,0,0,157
10/14/2005,ISP,NY,AEA,EN,Towers with Radar,75,41,51,0,167,0,0,0,0,0,75,41,51,0,167,0,0,0,167
10/15/2005,ISP,NY,AEA,EN,Towers with Radar,62,22,35,1,120,0,0,29,3,32,62,22,64,4,152,62,0,62,214
10/16/2005,ISP,NY,AEA,EN,Towers with Radar,67,21,125,1,214,0,0,0,0,0,67,21,125,1,214,152,0,152,366
10/17/2005,ISP,NY,AEA,EN,Towers with Radar,74,39,49,0,162,0,0,141,11,152,74,39,190,11,314,168,0,168,482
10/18/2005,ISP,NY,AEA,EN,Towers with Radar,75,41,243,13,372,0,0,0,0,0,75,41,243,13,372,260,0,260,632
10/19/2005,ISP,NY,AEA,EN,Towers with Radar,26,13,93,0,132,0,0,0,0,0,26,13,93,0,132,68,0,68,200
10/20/2005,ISP,NY,AEA,EN,Towers with Radar,74,44,74,4,196,0,0,196,0,196,74,44,270,4,392,260,0,260,652
10/21/2005,ISP,NY,AEA,EN,Towers with Radar,72,35,60,0,167,0,0,167,14,181,72,35,227,14,348,230,0,230,578
10/22/2005,ISP,NY,AEA,EN,Towers with Radar,68,23,28,0,119,0,0,14,0,14,68,23,42,0,133,118,0,118,251
10/23/2005,ISP,NY,AEA,EN,Towers with Radar,67,23,58,0,148,0,0,112,0,112,67,23,170,0,260,316,0,316,576
10/24/2005,ISP,NY,AEA,EN,Towers with Radar,58,37,37,0,132,0,0,119,6,125,58,37,156,6,257,174,0,174,431
10/25/2005,ISP,NY,AEA,EN,Towers with Radar,57,33,19,0,109,0,0,1,0,1,57,33,20,0,110,0,2,2,112
10/26/2005,ISP,NY,AEA,EN,Towers with Radar,0,0,0,0,0,62,41,157,6,266,62,41,157,6,266,158,0,158,424
10/27/2005,ISP,NY,AEA,EN,Towers with Radar,71,37,59,0,167,0,0,208,9,217,71,37,267,9,384,264,0,264,648
10/28/2005,ISP,NY,AEA,EN,Towers with Radar,80,43,58,0,181,0,0,222,6,228,80,43,280,6,409,236,0,236,645
10/29/2005,ISP,NY,AEA,EN,Towers with Radar,62,20,28,0,110,0,0,154,1,155,62,20,182,1,265,144,0,144,409
10/30/2005,ISP,NY,AEA,EN,Towers with Radar,66,24,52,0,142,0,0,216,0,216,66,24,268,0,358,280,0,280,638
10/31/2005,ISP,NY,AEA,EN,Towers with Radar,72,60,49,5,186,0,0,148,2,150,72,60,197,7,336,224,0,224,560
11/01/2005,ISP,NY,AEA,EN,Towers with Radar,80,46,70,3,199,0,0,0,136,136,80,46,70,139,335,208,0,208,543
11/02/2005,ISP,NY,AEA,EN,Towers with Radar,77,34,43,0,154,0,0,0,0,0,77,34,43,0,154,246,0,246,400
11/03/2005,ISP,NY,AEA,EN,Towers with Radar,68,38,66,0,172,0,0,0,0,0,68,38,66,0,172,85,6,91,263
11/04/2005,ISP,NY,AEA,EN,Towers with Radar,69,37,58,4,168,0,0,170,0,170,69,37,228,4,338,0,0,0,338
11/05/2005,ISP,NY,AEA,EN,Towers with Radar,60,12,283,3,358,0,0,0,12,12,60,12,283,15,370,236,0,236,606
11/06/2005,ISP,NY,AEA,EN,Towers with Radar,64,21,98,5,188,0,0,0,0,0,64,21,98,5,188,36,0,36,224
11/07/2005,ISP,NY,AEA,EN,Towers with Radar,75,48,52,0,175,0,0,134,5,139,75,48,186,5,314,234,0,234,548
11/08/2005,ISP,NY,AEA,EN,Towers with Radar,71,30,69,4,174,0,1,221,1,223,71,31,290,5,397,326,2,328,725
11/09/2005,ISP,NY,AEA,EN,Towers with Radar,71,40,44,0,155,0,0,0,0,0,71,40,44,0,155,138,0,138,293
11/10/2005,ISP,NY,AEA,EN,Towers with Radar,69,36,55,4,164,0,0,54,0,54,69,36,109,4,218,236,0,236,454
11/11/2005,ISP,NY,AEA,EN,Towers with Radar,31,33,45,0,109,39,0,0,0,39,70,33,45,0,148,181,14,195,343
11/12/2005,ISP,NY,AEA,EN,Towers with Radar,65,7,49,1,122,0,0,0,0,0,65,7,49,1,122,236,3,239,361
11/13/2005,ISP,NY,AEA,EN,Towers with Radar,0,0,0,0,0,63,19,49,144,275,63,19,49,144,275,224,0,224,499
11/14/2005,ISP,NY,AEA,EN,Towers with Radar,76,36,76,6,194,0,0,0,0,0,76,36,76,6,194,206,0,206,400
11/15/2005,ISP,NY,AEA,EN,Towers with Radar,66,30,51,0,147,0,0,67,0,67,66,30,118,0,214,0,0,0,214
11/16/2005,ISP,NY,AEA,EN,Towers with Radar,75,42,43,0,160,0,0,0,34,34,75,42,43,34,194,92,0,92,286
11/17/2005,ISP,NY,AEA,EN,Towers with Radar,76,43,62,1,182,0,0,168,5,173,76,43,230,6,355,270,0,270,625
11/18/2005,ISP,NY,AEA,EN,Towers with Radar,72,34,71,1,178,0,0,89,0,89,72,34,160,1,267,194,5,199,466
11/19/2005,ISP,NY,AEA,EN,Towers with Radar,72,14,48,0,134,0,0,218,1,219,72,14,266,1,353,246,0,246,599
11/20/2005,ISP,NY,AEA,EN,Towers with Radar,72,25,84,0,181,0,0,252,3,255,72,25,336,3,436,318,0,318,754
11/21/2005,ISP,NY,AEA,EN,Towers with Radar,70,35,84,3,192,0,0,186,5,191,70,35,270,8,383,162,0,162,545
11/22/2005,ISP,NY,AEA,EN,Towers with Radar,75,31,43,2,151,0,0,5,0,5,75,31,48,2,156,0,0,0,156
11/23/2005,ISP,NY,AEA,EN,Towers with Radar,70,40,61,0,171,0,0,110,2,112,70,40,171,2,283,152,0,152,435
11/24/2005,ISP,NY,AEA,EN,Towers with Radar,46,21,19,0,86,0,0,0,0,0,46,21,19,0,86,0,0,0,86
11/25/2005,ISP,NY,AEA,EN,Towers with Radar,59,20,145,0,224,0,0,180,40,220,59,20,325,40,444,188,0,188,632
11/26/2005,ISP,NY,AEA,EN,Towers with Radar,65,13,50,0,128,0,0,214,0,214,65,13,264,0,342,240,0,240,582
11/27/2005,ISP,NY,AEA,EN,Towers with Radar,64,25,56,0,145,0,0,193,1,194,64,25,249,1,339,250,0,250,589
11/28/2005,ISP,NY,AEA,EN,Towers with Radar,76,35,71,0,182,0,0,105,0,105,76,35,176,0,287,236,0,236,523
11/29/2005,ISP,NY,AEA,EN,Towers with Radar,68,33,60,0,161,0,0,44,4,48,68,33,104,4,209,106,0,106,315
11/30/2005,ISP,NY,AEA,EN,Towers with Radar,86,29,70,1,186,0,0,0,0,0,86,29,70,1,186,104,0,104,290
12/01/2005,ISP,NY,AEA,EN,Towers with Radar,71,29,76,0,176,0,0,229,3,232,71,29,305,3,408,196,0,196,604
12/02/2005,ISP,NY,AEA,EN,Towers with Radar,70,27,33,1,131,0,0,93,3,96,70,27,126,4,227,106,0,106,333
12/03/2005,ISP,NY,AEA,EN,Towers with Radar,68,15,29,0,112,0,0,0,0,0,68,15,29,0,112,237,0,237,349
12/04/2005,ISP,NY,AEA,EN,Towers with Radar,64,14,21,0,99,0,0,3,0,3,64,14,24,0,102,2,0,2,104
12/05/2005,ISP,NY,AEA,EN,Towers with Radar,73,29,46,0,148,0,0,99,7,106,73,29,145,7,254,308,0,308,562
12/06/2005,ISP,NY,AEA,EN,Towers with Radar,63,21,49,0,133,0,0,45,3,48,63,21,94,3,181,124,0,124,305
12/07/2005,ISP,NY,AEA,EN,Towers with Radar,73,29,45,0,147,0,0,99,0,99,73,29,144,0,246,134,0,134,380
12/08/2005,ISP,NY,AEA,EN,Towers with Radar,68,31,54,6,159,0,0,193,11,204,68,31,247,17,363,260,0,260,623
12/09/2005,ISP,NY,AEA,EN,Towers with Radar,76,17,12,1,106,0,0,0,0,0,76,17,12,1,106,21,0,21,127
12/10/2005,ISP,NY,AEA,EN,Towers with Radar,60,9,39,1,109,0,0,0,0,0,60,9,39,1,109,400,13,413,522
12/11/2005,ISP,NY,AEA,EN,Towers with Radar,63,16,61,2,142,0,0,175,4,179,63,16,236,6,321,336,0,336,657
12/12/2005,ISP,NY,AEA,EN,Towers with Radar,71,25,42,2,140,0,0,177,2,179,71,25,219,4,319,278,0,278,597
12/13/2005,ISP,NY,AEA,EN,Towers with Radar,70,41,40,0,151,0,0,112,4,116,70,41,152,4,267,116,0,116,383
12/14/2005,ISP,NY,AEA,EN,Towers with Radar,67,28,92,0,187,0,0,176,4,180,67,28,268,4,367,198,0,198,565
12/15/2005,ISP,NY,AEA,EN,Towers with Radar,70,30,92,0,192,0,0,143,4,147,70,30,235,4,339,182,0,182,521
12/16/2005,ISP,NY,AEA,EN,Towers with Radar,71,26,34,8,139,0,0,51,1,52,71,26,85,9,191,70,4,74,265
12/17/2005,ISP,NY,AEA,EN,Towers with Radar,66,15,67,4,152,0,0,189,2,191,66,15,256,6,343,206,0,206,549
12/18/2005,ISP,NY,AEA,EN,Towers with Radar,61,19,54,2,136,0,0,193,0,193,61,19,247,2,329,330,0,330,659
12/19/2005,ISP,NY,AEA,EN,Towers with Radar,69,42,55,6,172,0,0,135,6,141,69,42,190,12,313,212,0,212,525
12/20/2005,ISP,NY,AEA,EN,Towers with Radar,77,32,65,11,185,0,0,170,5,175,77,32,235,16,360,222,0,222,582
12/21/2005,ISP,NY,AEA,EN,Towers with Radar,71,35,37,1,144,0,0,114,9,123,71,35,151,10,267,210,0,210,477
12/22/2005,ISP,NY,AEA,EN,Towers with Radar,71,28,74,8,181,0,0,127,6,133,71,28,201,14,314,250,8,258,572
12/23/2005,ISP,NY,AEA,EN,Towers with Radar,72,26,52,0,150,0,0,171,2,173,72,26,223,2,323,210,0,210,533
12/24/2005,ISP,NY,AEA,EN,Towers with Radar,63,9,22,0,94,0,0,101,1,102,63,9,123,1,196,190,0,190,386
12/25/2005,ISP,NY,AEA,EN,Towers with Radar,58,9,12,0,79,0,0,6,0,6,58,9,18,0,85,0,0,0,85
12/26/2005,ISP,NY,AEA,EN,Towers with Radar,79,27,65,0,171,0,0,13,0,13,79,27,78,0,184,30,0,30,214
12/27/2005,ISP,NY,AEA,EN,Towers with Radar,76,36,64,0,176,0,0,145,0,145,76,36,209,0,321,256,0,256,577
12/28/2005,ISP,NY,AEA,EN,Towers with Radar,77,24,59,3,163,0,0,205,2,207,77,24,264,5,370,352,0,352,722
12/29/2005,ISP,NY,AEA,EN,Towers with Radar,77,12,31,0,120,0,0,2,0,2,77,12,33,0,122,0,0,0,122
12/30/2005,ISP,NY,AEA,EN,Towers with Radar,90,20,39,1,150,0,0,121,1,122,90,20,160,2,272,156,0,156,428
12/31/2005,ISP,NY,AEA,EN,Towers with Radar,65,9,25,0,99,0,0,53,0,53,65,9,78,0,152,154,0,154,306
01/01/2006,ISP,NY,AEA,EN,Towers with Radar,67,16,52,0,135,0,0,42,0,42,67,16,94,0,177,238,0,238,415
01/02/2006,ISP,NY,AEA,EN,Towers with Radar,75,22,64,0,161,0,0,133,0,133,75,22,197,0,294,246,0,246,540
01/03/2006,ISP,NY,AEA,EN,Towers with Radar,81,31,42,0,154,0,0,0,0,0,81,31,42,0,154,0,0,0,154
01/04/2006,ISP,NY,AEA,EN,Towers with Radar,75,31,66,0,172,0,0,106,14,120,75,31,172,14,292,198,14,212,504
01/05/2006,ISP,NY,AEA,EN,Towers with Radar,69,32,39,3,143,0,0,37,1,38,69,32,76,4,181,56,0,56,237
01/06/2006,ISP,NY,AEA,EN,Towers with Radar,68,30,50,0,148,0,0,131,2,133,68,30,181,2,281,224,0,224,505
01/07/2006,ISP,NY,AEA,EN,Towers with Radar,61,15,53,0,129,0,0,170,3,173,61,15,223,3,302,198,0,198,500
01/08/2006,ISP,NY,AEA,EN,Towers with Radar,66,21,103,6,196,0,0,188,10,198,66,21,291,16,394,262,10,272,666
01/09/2006,ISP,NY,AEA,EN,Towers with Radar,71,30,44,0,145,0,0,134,2,136,71,30,178,2,281,220,0,220,501
01/10/2006,ISP,NY,AEA,EN,Towers with Radar,69,27,61,2,159,0,0,164,9,173,69,27,225,11,332,196,0,196,528
01/11/2006,ISP,NY,AEA,EN,Towers with Radar,77,18,69,6,170,0,0,12,0,12,77,18,81,6,182,2,6,8,190
01/12/2006,ISP,NY,AEA,EN,Towers with Radar,72,27,65,2,166,0,0,191,6,197,72,27,256,8,363,284,0,284,647
01/13/2006,ISP,NY,AEA,EN,Towers with Radar,20,7,21,0,48,0,0,4,0,4,20,7,25,0,52,0,0,0,52
01/14/2006,ISP,NY,AEA,EN,Towers with Radar,66,18,43,0,127,0,0,9,0,9,66,18,52,0,136,36,0,36,172
01/15/2006,ISP,NY,AEA,EN,Towers with Radar,64,10,17,0,91,0,0,9,0,9,64,10,26,0,100,0,0,0,100
01/16/2006,ISP,NY,AEA,EN,Towers with Radar,81,30,68,0,179,0,0,111,3,114,81,30,179,3,293,210,0,210,503
01/17/2006,ISP,NY,AEA,EN,Towers with Radar,78,24,71,3,176,0,0,110,11,121,78,24,181,14,297,198,0,198,495
01/18/2006,ISP,NY,AEA,EN,Towers with Radar,71,15,24,0,110,0,0,10,0,10,71,15,34,0,120,0,0,0,120
01/19/2006,ISP,NY,AEA,EN,Towers with Radar,76,27,79,3,185,0,0,176,5,181,76,27,255,8,366,346,0,346,712
01/20/2006,ISP,NY,AEA,EN,Towers with Radar,70,31,85,1,187,0,0,194,4,198,70,31,279,5,385,238,0,238,623
01/21/2006,ISP,NY,AEA,EN,Towers with Radar,67,9,40,0,116,0,0,88,5,93,67,9,128,5,209,170,0,170,379
01/22/2006,ISP,NY,AEA,EN,Towers with Radar,69,16,52,0,137,0,0,212,5,217,69,16,264,5,354,216,0,216,570
01/23/2006,ISP,NY,AEA,EN,Towers with Radar,80,25,30,0,135,0,0,4,0,4,80,25,34,0,139,0,0,0,139
01/24/2006,ISP,NY,AEA,EN,Towers with Radar,78,29,65,0,172,0,0,172,4,176,78,29,237,4,348,244,0,244,592
01/25/2006,ISP,NY,AEA,EN,Towers with Radar,70,31,39,2,142,0,0,136,10,146,70,31,175,12,288,270,0,270,558
01/26/2006,ISP,NY,AEA,EN,Towers with Radar,68,30,49,2,149,0,0,114,8,122,68,30,163,10,271,140,0,140,411
01/27/2006,ISP,NY,AEA,EN,Towers with Radar,71,30,79,1,181,0,0,198,10,208,71,30,277,11,389,282,0,282,671
01/28/2006,ISP,NY,AEA,EN,Towers with Radar,66,11,55,0,132,0,0,226,3,229,66,11,281,3,361,282,0,282,643
01/29/2006,ISP,NY,AEA,EN,Towers with Radar,68,14,57,0,139,0,0,106,0,106,68,14,163,0,245,164,0,164,409
01/30/2006,ISP,NY,AEA,EN,Towers with Radar,78,29,48,4,159,0,0,31,4,35,78,29,79,8,194,68,0,68,262
01/31/2006,ISP,NY,AEA,EN,Towers with Radar,71,27,46,1,145,0,0,16,0,16,71,27,62,1,161,0,0,0,161
02/01/2006,ISP,NY,AEA,EN,Towers with Radar,69,35,84,1,189,0,0,217,4,221,69,35,301,5,410,308,0,308,718
02/02/2006,ISP,NY,AEA,EN,Towers with Radar,69,25,62,1,157,0,0,148,2,150,69,25,210,3,307,250,0,250,557
02/03/2006,ISP,NY,AEA,EN,Towers with Radar,68,37,34,0,139,0,0,23,1,24,68,37,57,1,163,64,0,64,227
02/04/2006,ISP,NY,AEA,EN,Towers with Radar,68,16,40,4,128,0,0,73,2,75,68,16,113,6,203,168,0,168,371
02/05/2006,ISP,NY,AEA,EN,Towers with Radar,62,18,58,1,139,0,0,100,8,108,62,18,158,9,247,192,0,192,439
02/06/2006,ISP,NY,AEA,EN,Towers with Radar,75,26,33,0,134,0,0,37,3,40,75,26,70,3,174,70,0,70,244
02/07/2006,ISP,NY,AEA,EN,Towers with Radar,75,27,57,0,159,0,0,149,2,151,75,27,206,2,310,310,0,310,620
02/08/2006,ISP,NY,AEA,EN,Towers with Radar,80,31,61,0,172,0,0,180,8,188,80,31,241,8,360,294,0,294,654
02/09/2006,ISP,NY,AEA,EN,Towers with Radar,73,28,51,2,154,0,252,171,1,424,73,280,222,3,578,270,0,270,848
02/10/2006,ISP,NY,AEA,EN,Towers with Radar,69,26,58,0,153,0,0,116,9,125,69,26,174,9,278,206,0,206,484
02/11/2006,ISP,NY,AEA,EN,Towers with Radar,63,12,141,2,218,0,0,0,9,9,63,12,141,11,227,214,0,214,441
02/12/2006,ISP,NY,AEA,EN,Towers with Radar,0,0,0,0,0,0,0,4,0,4,0,0,4,0,4,0,0,0,4
02/13/2006,ISP,NY,AEA,EN,Towers with Radar,55,29,42,0,126,0,0,90,7,97,55,29,132,7,223,100,0,100,323
02/14/2006,ISP,NY,AEA,EN,Towers with Radar,79,34,70,0,183,0,0,119,0,119,79,34,189,0,302,154,0,154,456
02/15/2006,ISP,NY,AEA,EN,Towers with Radar,72,35,70,0,177,0,0,152,9,161,72,35,222,9,338,332,10,342,680
02/16/2006,ISP,NY,AEA,EN,Towers with Radar,72,25,95,4,196,0,0,176,5,181,72,25,271,9,377,328,0,328,705
02/17/2006,ISP,NY,AEA,EN,Towers with Radar,73,32,44,1,150,0,0,11,0,11,73,32,55,1,161,28,0,28,189
02/18/2006,ISP,NY,AEA,EN,Towers with Radar,62,18,49,4,133,0,0,62,0,62,62,18,111,4,195,110,0,110,305
02/19/2006,ISP,NY,AEA,EN,Towers with Radar,66,15,28,0,109,0,0,117,1,118,66,15,145,1,227,100,20,120,347
02/20/2006,ISP,NY,AEA,EN,Towers with Radar,76,28,50,0,154,0,0,187,3,190,76,28,237,3,344,346,0,346,690
02/21/2006,ISP,NY,AEA,EN,Towers with Radar,73,27,59,0,159,0,0,116,7,123,73,27,175,7,282,260,0,260,542
02/22/2006,ISP,NY,AEA,EN,Towers with Radar,70,37,54,1,162,0,0,161,4,165,70,37,215,5,327,272,0,272,599
02/23/2006,ISP,NY,AEA,EN,Towers with Radar,70,27,74,0,171,0,0,11,4,15,70,27,85,4,186,78,0,78,264
02/24/2006,ISP,NY,AEA,EN,Towers with Radar,72,36,33,6,147,0,0,37,1,38,72,36,70,7,185,0,6,6,191
02/25/2006,ISP,NY,AEA,EN,Towers with Radar,67,9,38,4,118,0,0,80,0,80,67,9,118,4,198,102,0,102,300
02/26/2006,ISP,NY,AEA,EN,Towers with Radar,64,26,48,0,138,0,0,56,1,57,64,26,104,1,195,28,0,28,223
02/27/2006,ISP,NY,AEA,EN,Towers with Radar,74,31,43,0,148,0,0,96,12,108,74,31,139,12,256,132,10,142,398
02/28/2006,ISP,NY,AEA,EN,Towers with Radar,72,25,32,1,130,0,0,175,5,180,72,25,207,6,310,114,0,114,424
03/01/2006,ISP,NY,AEA,EN,Towers with Radar,72,38,71,3,184,0,0,165,0,165,72,38,236,3,349,208,0,208,557
03/02/2006,ISP,NY,AEA,EN,Towers with Radar,77,23,33,0,133,0,0,9,0,9,77,23,42,0,142,0,0,0,142
03/03/2006,ISP,NY,AEA,EN,Towers with Radar,76,30,43,0,149,0,0,58,2,60,76,30,101,2,209,118,0,118,327
03/04/2006,ISP,NY,AEA,EN,Towers with Radar,62,8,22,0,92,0,0,61,0,61,62,8,83,0,153,146,0,146,299
03/05/2006,ISP,NY,AEA,EN,Towers with Radar,64,11,58,0,133,0,0,190,3,193,64,11,248,3,326,252,0,252,578
03/06/2006,ISP,NY,AEA,EN,Towers with Radar,83,30,89,0,202,0,0,152,9,161,83,30,241,9,363,314,4,318,681
03/07/2006,ISP,NY,AEA,EN,Towers with Radar,74,26,65,0,165,0,0,164,4,168,74,26,229,4,333,284,0,284,617
03/08/2006,ISP,NY,AEA,EN,Towers with Radar,79,29,77,0,185,0,0,227,7,234,79,29,304,7,419,280,0,280,699
03/09/2006,ISP,NY,AEA,EN,Towers with Radar,79,23,70,0,172,0,0,69,0,69,79,23,139,0,241,114,0,114,355
03/10/2006,ISP,NY,AEA,EN,Towers with Radar,87,24,39,1,151,0,0,37,2,39,87,24,76,3,190,26,0,26,216
03/11/2006,ISP,NY,AEA,EN,Towers with Radar,66,10,55,6,137,0,0,271,8,279,66,10,326,14,416,366,0,366,782
03/12/2006,ISP,NY,AEA,EN,Towers with Radar,58,11,76,2,147,0,0,63,2,65,58,11,139,4,212,146,0,146,358
03/13/2006,ISP,NY,AEA,EN,Towers with Radar,75,23,62,2,162,0,0,14,0,14,75,23,76,2,176,0,0,0,176
03/14/2006,ISP,NY,AEA,EN,Towers with Radar,79,26,42,1,148,0,0,43,1,44,79,26,85,2,192,42,0,42,234
03/15/2006,ISP,NY,AEA,EN,Towers with Radar,81,28,31,2,142,0,0,43,1,44,81,28,74,3,186,6,0,6,192
03/16/2006,ISP,NY,AEA,EN,Towers with Radar,97,25,55,2,179,0,0,171,9,180,97,25,226,11,359,222,11,233,592
03/17/2006,ISP,NY,AEA,EN,Towers with Radar,77,24,76,0,177,0,0,177,6,183,77,24,253,6,360,348,0,348,708
03/18/2006,ISP,NY,AEA,EN,Towers with Radar,68,5,44,2,119,0,0,186,0,186,68,5,230,2,305,210,0,210,515
03/19/2006,ISP,NY,AEA,EN,Towers with Radar,63,18,42,1,124,0,0,164,4,168,63,18,206,5,292,194,0,194,486
03/20/2006,ISP,NY,AEA,EN,Towers with Radar,80,24,35,0,139,0,0,126,2,128,80,24,161,2,267,126,0,126,393
03/21/2006,ISP,NY,AEA,EN,Towers with Radar,82,30,67,4,183,0,0,166,5,171,82,30,233,9,354,248,0,248,602
03/22/2006,ISP,NY,AEA,EN,Towers with Radar,74,23,50,2,149,0,0,191,3,194,74,23,241,5,343,271,0,271,614
03/23/2006,ISP,NY,AEA,EN,Towers with Radar,75,25,73,1,174,0,0,198,4,202,75,25,271,5,376,272,0,272,648
03/24/2006,ISP,NY,AEA,EN,Towers with Radar,77,27,58,1,163,0,0,190,5,195,77,27,248,6,358,184,0,184,542
03/25/2006,ISP,NY,AEA,EN,Towers with Radar,66,4,64,3,137,0,0,113,7,120,66,4,177,10,257,238,12,250,507
03/26/2006,ISP,NY,AEA,EN,Towers with Radar,70,10,51,0,131,0,0,120,1,121,70,10,171,1,252,274,0,274,526
03/27/2006,ISP,NY,AEA,EN,Towers with Radar,92,27,72,1,192,0,0,248,5,253,92,27,320,6,445,280,24,304,749
03/28/2006,ISP,NY,AEA,EN,Towers with Radar,78,27,43,0,148,0,0,199,8,207,78,27,242,8,355,285,0,285,640
03/29/2006,ISP,NY,AEA,EN,Towers with Radar,74,28,60,4,166,0,0,180,1,181,74,28,240,5,347,252,0,252,599
03/30/2006,ISP,NY,AEA,EN,Towers with Radar,79,32,98,1,210,0,0,230,10,240,79,32,328,11,450,356,0,356,806
03/31/2006,ISP,NY,AEA,EN,Towers with Radar,78,27,56,8,169,0,0,191,3,194,78,27,247,11,363,242,8,250,613
04/01/2006,ISP,NY,AEA,EN,Towers with Radar,64,11,53,0,128,0,0,67,6,73,64,11,120,6,201,158,0,158,359
04/02/2006,ISP,NY,AEA,EN,Towers with Radar,70,19,82,0,171,0,0,249,11,260,70,19,331,11,431,282,2,284,715
04/03/2006,ISP,NY,AEA,EN,Towers with Radar,71,24,40,0,135,0,0,100,2,102,71,24,140,2,237,94,0,94,331
04/04/2006,ISP,NY,AEA,EN,Towers with Radar,64,21,51,0,136,0,0,37,2,39,64,21,88,2,175,60,0,60,235
04/05/2006,ISP,NY,AEA,EN,Towers with Radar,78,26,52,0,156,0,0,54,5,59,78,26,106,5,215,146,12,158,373
04/06/2006,ISP,NY,AEA,EN,Towers with Radar,76,38,67,0,181,0,0,202,13,215,76,38,269,13,396,422,0,422,818
04/07/2006,ISP,NY,AEA,EN,Towers with Radar,76,23,58,0,157,0,0,94,7,101,76,23,152,7,258,240,0,240,498
04/08/2006,ISP,NY,AEA,EN,Towers with Radar,68,5,29,0,102,0,0,44,0,44,68,5,73,0,146,84,0,84,230
04/09/2006,ISP,NY,AEA,EN,Towers with Radar,72,19,62,0,153,0,0,271,2,273,72,19,333,2,426,290,0,290,716
04/10/2006,ISP,NY,AEA,EN,Towers with Radar,84,27,39,0,150,0,0,233,4,237,84,27,272,4,387,260,2,262,649
04/11/2006,ISP,NY,AEA,EN,Towers with Radar,72,28,840,0,940,0,252,1890,100,2242,72,280,2730,100,3182,2740,0,2740,5922
04/12/2006,ISP,NY,AEA,EN,Towers with Radar,71,27,82,0,180,0,0,141,7,148,71,27,223,7,328,256,0,256,584
04/13/2006,ISP,NY,AEA,EN,Towers with Radar,78,41,64,0,183,0,0,142,2,144,78,41,206,2,327,310,0,310,637
04/14/2006,ISP,NY,AEA,EN,Towers with Radar,84,26,71,2,183,0,0,162,6,168,84,26,233,8,351,368,0,368,719
04/15/2006,ISP,NY,AEA,EN,Towers with Radar,69,4,69,0,142,0,0,127,3,130,69,4,196,3,272,196,0,196,468
04/16/2006,ISP,NY,AEA,EN,Towers with Radar,76,16,56,0,148,0,0,114,2,116,76,16,170,2,264,176,0,176,440
04/17/2006,ISP,NY,AEA,EN,Towers with Radar,0,0,0,0,0,77,31,243,3,354,77,31,243,3,354,286,0,286,640
04/18/2006,ISP,NY,AEA,EN,Towers with Radar,79,24,82,0,185,0,0,177,12,189,79,24,259,12,374,244,0,244,618
04/19/2006,ISP,NY,AEA,EN,Towers with Radar,0,0,0,0,0,77,22,176,11,286,77,22,176,11,286,256,4,260,546
04/20/2006,ISP,NY,AEA,EN,Towers with Radar,74,30,73,0,177,0,0,243,10,253,74,30,316,10,430,382,0,382,812
04/21/2006,ISP,NY,AEA,EN,Towers with Radar,78,32,86,0,196,0,0,186,6,192,78,32,272,6,388,276,0,276,664
04/22/2006,ISP,NY,AEA,EN,Towers with Radar,68,7,42,1,118,0,0,31,1,32,68,7,73,2,150,18,0,18,168
04/23/2006,ISP,NY,AEA,EN,Towers with Radar,82,12,40,4,138,0,0,1,0,1,82,12,41,4,139,0,0,0,139
04/24/2006,ISP,NY,AEA,EN,Towers with Radar,76,23,46,1,146,0,0,60,0,60,76,23,106,1,206,178,0,178,384
04/25/2006,ISP,NY,AEA,EN,Towers with Radar,76,27,52,0,155,0,0,177,9,186,76,27,229,9,341,308,10,318,659
04/26/2006,ISP,NY,AEA,EN,Towers with Radar,75,25,88,2,190,0,0,206,10,216,75,25,294,12,406,290,12,302,708
04/27/2006,ISP,NY,AEA,EN,Towers with Radar,75,24,69,2,170,0,0,217,7,224,75,24,286,9,394,294,0,294,688
04/28/2006,ISP,NY,AEA,EN,Towers with Radar,74,25,96,0,195,0,0,212,1,213,74,25,308,1,408,308,0,308,716
04/29/2006,ISP,NY,AEA,EN,Towers with Radar,63,6,38,0,107,0,0,239,9,248,63,6,277,9,355,236,1,237,592
04/30/2006,ISP,NY,AEA,EN,Towers with Radar,73,18,45,5,141,0,0,234,4,238,73,18,279,9,379,330,0,330,709
05/01/2006,ISP,NY,AEA,EN,Towers with Radar,77,22,33,0,132,0,0,115,7,122,77,22,148,7,254,148,0,148,402
05/02/2006,ISP,NY,AEA,EN,Towers with Radar,76,24,55,0,155,0,0,105,9,114,76,24,160,9,269,178,4,182,451
05/03/2006,ISP,NY,AEA,EN,Towers with Radar,75,24,90,1,190,0,0,73,4,77,75,24,163,5,267,228,0,228,495
05/04/2006,ISP,NY,AEA,EN,Towers with Radar,78,26,76,4,184,0,0,209,9,218,78,26,285,13,402,296,0,296,698
05/05/2006,ISP,NY,AEA,EN,Towers with Radar,83,27,90,0,200,0,0,226,8,234,83,27,316,8,434,312,0,312,746
05/06/2006,ISP,NY,AEA,EN,Towers with Radar,66,6,70,0,142,0,0,191,4,195,66,6,261,4,337,264,0,264,601
05/07/2006,ISP,NY,AEA,EN,Towers with Radar,75,14,65,4,158,0,0,226,6,232,75,14,291,10,390,412,0,412,802
05/08/2006,ISP,NY,AEA,EN,Towers with Radar,75,28,79,0,182,0,0,193,5,198,75,28,272,5,380,292,0,292,672
05/09/2006,ISP,NY,AEA,EN,Towers with Radar,75,21,67,0,163,0,0,60,10,70,75,21,127,10,233,88,0,88,321
05/10/2006,ISP,NY,AEA,EN,Towers with Radar,79,26,70,0,175,0,0,28,2,30,79,26,98,2,205,98,18,116,321
05/11/2006,ISP,NY,AEA,EN,Towers with Radar,0,0,0,0,0,77,27,100,0,204,77,27,100,0,204,66,0,66,270
05/12/2006,ISP,NY,AEA,EN,Towers with Radar,77,18,51,0,146,0,0,0,0,0,77,18,51,0,146,0,0,0,146
05/13/2006,ISP,NY,AEA,EN,Towers with Radar,69,7,100,0,176,0,0,66,1,67,69,7,166,1,243,98,0,98,341
05/14/2006,ISP,NY,AEA,EN,Towers with Radar,80,7,69,0,156,0,0,1,0,1,80,7,70,0,157,44,0,44,201
05/15/2006,ISP,NY,AEA,EN,Towers with Radar,78,19,43,0,140,0,0,1,0,1,78,19,44,0,141,0,0,0,141
05/16/2006,ISP,NY,AEA,EN,Towers with Radar,83,24,50,0,157,0,0,40,5,45,83,24,90,5,202,66,0,66,268
05/17/2006,ISP,NY,AEA,EN,Towers with Radar,76,28,81,0,185,0,0,203,4,207,76,28,284,4,392,404,4,408,800
05/18/2006,ISP,NY,AEA,EN,Towers with Radar,86,21,121,6,234,0,0,192,10,202,86,21,313,16,436,304,22,326,762
05/19/2006,ISP,NY,AEA,EN,Towers with Radar,72,28,36,1,137,0,0,60,0,60,72,28,96,1,197,74,0,74,271
05/20/2006,ISP,NY,AEA,EN,Towers with Radar,0,0,0,0,0,66,9,243,8,326,66,9,243,8,326,318,0,318,644
05/21/2006,ISP,NY,AEA,EN,Towers with Radar,0,0,0,0,0,80,10,191,13,294,80,10,191,13,294,234,0,234,528
05/22/2006,ISP,NY,AEA,EN,Towers with Radar,75,25,64,0,164,0,0,99,4,103,75,25,163,4,267,114,0,114,381
05/23/2006,ISP,NY,AEA,EN,Towers with Radar,71,21,55,0,147,0,0,143,15,158,71,21,198,15,305,230,0,230,535
05/24/2006,ISP,NY,AEA,EN,Towers with Radar,76,25,311,10,422,0,0,0,0,0,76,25,311,10,422,550,14,564,986
05/25/2006,ISP,NY,AEA,EN,Towers with Radar,72,27,90,3,192,0,0,175,21,196,72,27,265,24,388,356,0,356,744
05/26/2006,ISP,NY,AEA,EN,Towers with Radar,69,37,84,1,191,0,0,30,2,32,69,37,114,3,223,26,0,26,249
05/27/2006,ISP,NY,AEA,EN,Towers with Radar,71,13,104,3,191,0,0,82,16,98,71,13,186,19,289,124,16,140,429
05/28/2006,ISP,NY,AEA,EN,Towers with Radar,66,12,29,0,107,0,0,212,9,221,66,12,241,9,328,264,2,266,594
05/29/2006,ISP,NY,AEA,EN,Towers with Radar,71,16,38,1,126,0,0,196,13,209,71,16,234,14,335,250,0,250,585
05/30/2006,ISP,NY,AEA,EN,Towers with Radar,78,21,53,0,152,0,0,182,5,187,78,21,235,5,339,270,0,270,609
05/31/2006,ISP,NY,AEA,EN,Towers with Radar,82,22,100,8,212,0,0,2,2,4,82,22,102,10,216,40,8,48,264
06/01/2006,ISP,NY,AEA,EN,Towers with Radar,75,31,50,1,157,0,0,61,7,68,75,31,111,8,225,114,0,114,339
06/02/2006,ISP,NY,AEA,EN,Towers with Radar,81,21,72,0,174,0,0,42,0,42,81,21,114,0,216,18,0,18,234
06/03/2006,ISP,NY,AEA,EN,Towers with Radar,63,11,34,0,108,0,0,0,0,0,63,11,34,0,108,0,0,0,108
06/04/2006,ISP,NY,AEA,EN,Towers with Radar,69,20,72,0,161,0,0,104,0,104,69,20,176,0,265,272,0,272,537
06/05/2006,ISP,NY,AEA,EN,Towers with Radar,79,30,61,0,170,0,0,167,12,179,79,30,228,12,349,242,0,242,591
06/06/2006,ISP,NY,AEA,EN,Towers with Radar,0,0,0,0,0,85,27,285,11,408,85,27,285,11,408,306,0,306,714
06/07/2006,ISP,NY,AEA,EN,Towers with Radar,76,16,48,0,140,0,0,15,0,15,76,16,63,0,155,26,0,26,181
06/08/2006,ISP,NY,AEA,EN,Towers with Radar,76,30,55,0,161,0,0,89,3,92,76,30,144,3,253,260,0,260,513
06/09/2006,ISP,NY,AEA,EN,Towers with Radar,82,22,54,0,158,0,0,122,1,123,82,22,176,1,281,234,0,234,515
06/10/2006,ISP,NY,AEA,EN,Towers with Radar,62,4,45,0,111,20,0,79,5,104,82,4,124,5,215,124,0,124,339
06/11/2006,ISP,NY,AEA,EN,Towers with Radar,71,17,38,0,126,0,0,178,2,180,71,17,216,2,306,254,0,254,560
06/12/2006,ISP,NY,AEA,EN,Towers with Radar,79,25,96,0,200,0,0,234,3,237,79,25,330,3,437,290,0,290,727
06/13/2006,ISP,NY,AEA,EN,Towers with Radar,80,26,60,0,166,0,0,242,9,251,80,26,302,9,417,380,0,380,797
06/14/2006,ISP,NY,AEA,EN,Towers with Radar,82,24,53,0,159,0,0,151,14,165,82,24,204,14,324,178,0,178,502
06/15/2006,ISP,NY,AEA,EN,Towers with Radar,74,27,66,3,170,0,0,165,1,166,74,27,231,4,336,272,0,272,608
06/16/2006,ISP,NY,AEA,EN,Towers with Radar,81,29,63,0,173,0,0,299,9,308,81,29,362,9,481,346,0,346,827
06/17/2006,ISP,NY,AEA,EN,Towers with Radar,66,11,248,1,326,0,0,0,0,0,66,11,248,1,326,352,0,352,678
06/18/2006,ISP,NY,AEA,EN,Towers with Radar,71,12,244,2,329,0,0,0,0,0,71,12,244,2,329,240,0,240,569
06/19/2006,ISP,NY,AEA,EN,Towers with Radar,67,22,49,6,144,0,0,84,2,86,67,22,133,8,230,164,0,164,394
06/20/2006,ISP,NY,AEA,EN,Towers with Radar,93,38,90,0,221,0,0,157,8,165,93,38,247,8,386,268,0,268,654
06/21/2006,ISP,NY,AEA,EN,Towers with Radar,69,26,60,1,156,0,0,271,6,277,69,26,331,7,433,380,0,380,813
06/22/2006,ISP,NY,AEA,EN,Towers with Radar,80,33,72,8,193,0,0,174,7,181,80,33,246,15,374,194,24,218,592
06/23/2006,ISP,NY,AEA,EN,Towers with Radar,74,23,76,1,174,0,0,162,3,165,74,23,238,4,339,160,0,160,499
06/24/2006,ISP,NY,AEA,EN,Towers with Radar,67,6,36,0,109,0,0,2,0,2,67,6,38,0,111,0,0,0,111
06/25/2006,ISP,NY,AEA,EN,Towers with Radar,61,17,79,0,157,0,0,5,0,5,61,17,84,0,162,44,0,44,206
06/26/2006,ISP,NY,AEA,EN,Towers with Radar,77,19,99,1,196,0,0,78,2,80,77,19,177,3,276,84,0,84,360
06/27/2006,ISP,NY,AEA,EN,Towers with Radar,86,18,93,0,197,0,0,114,10,124,86,18,207,10,321,186,0,186,507
06/28/2006,ISP,NY,AEA,EN,Towers with Radar,85,25,83,4,197,0,0,45,0,45,85,25,128,4,242,100,0,100,342
06/29/2006,ISP,NY,AEA,EN,Towers with Radar,86,30,129,2,247,0,0,23,2,25,86,30,152,4,272,76,0,76,348
06/30/2006,ISP,NY,AEA,EN,Towers with Radar,84,32,113,3,232,0,0,343,7,350,84,32,456,10,582,298,0,298,880
07/01/2006,ISP,NY,AEA,EN,Towers with Radar,68,5,61,2,136,0,0,267,3,270,68,5,328,5,406,396,0,396,802
07/02/2006,ISP,NY,AEA,EN,Towers with Radar,69,12,219,1,301,0,0,0,0,0,69,12,219,1,301,226,0,226,527
07/03/2006,ISP,NY,AEA,EN,Towers with Radar,72,12,219,2,305,0,0,0,0,0,72,12,219,2,305,268,0,268,573
07/04/2006,ISP,NY,AEA,EN,Towers with Radar,68,6,66,0,140,0,0,81,6,87,68,6,147,6,227,216,6,222,449
07/05/2006,ISP,NY,AEA,EN,Towers with Radar,74,21,121,5,221,0,0,29,0,29,74,21,150,5,250,58,0,58,308
07/06/2006,ISP,NY,AEA,EN,Towers with Radar,105,24,298,15,442,0,0,0,0,0,105,24,298,15,442,358,0,358,800
07/07/2006,ISP,NY,AEA,EN,Towers with Radar,74,39,93,1,207,0,0,215,11,226,74,39,308,12,433,284,0,284,717
07/08/2006,ISP,NY,AEA,EN,Towers with Radar,70,12,71,2,155,0,0,264,3,267,70,12,335,5,422,314,314,628,1050
07/09/2006,ISP,NY,AEA,EN,Towers with Radar,72,15,49,0,136,0,0,173,2,175,72,15,222,2,311,216,0,216,527
07/10/2006,ISP,NY,AEA,EN,Towers with Radar,79,23,91,0,193,0,0,181,4,185,79,23,272,4,378,298,0,298,676
07/11/2006,ISP,NY,AEA,EN,Towers with Radar,78,20,117,0,215,0,0,85,7,92,78,20,202,7,307,58,0,58,365
07/12/2006,ISP,NY,AEA,EN,Towers with Radar,77,21,61,0,159,0,0,45,1,46,77,21,106,1,205,138,0,138,343
07/13/2006,ISP,NY,AEA,EN,Towers with Radar,84,22,71,14,191,0,0,87,3,90,84,22,158,17,281,194,0,194,475
07/14/2006,ISP,NY,AEA,EN,Towers with Radar,70,18,79,4,171,0,0,240,6,246,70,18,319,10,417,350,0,350,767
07/15/2006,ISP,NY,AEA,EN,Towers with Radar,68,9,203,2,282,0,0,0,0,0,68,9,203,2,282,214,0,214,496
07/16/2006,ISP,NY,AEA,EN,Towers with Radar,67,19,50,4,140,0,0,276,2,278,67,19,326,6,418,272,0,272,690
07/17/2006,ISP,NY,AEA,EN,Towers with Radar,69,16,29,0,114,0,0,166,4,170,69,16,195,4,284,190,0,190,474
07/18/2006,ISP,NY,AEA,EN,Towers with Radar,76,19,55,1,151,0,0,168,4,172,76,19,223,5,323,184,16,200,523
07/19/2006,ISP,NY,AEA,EN,Towers with Radar,66,18,53,2,139,0,0,215,2,217,66,18,268,4,356,182,0,182,538
07/20/2006,ISP,NY,AEA,EN,Towers with Radar,70,22,137,2,231,0,0,37,3,40,70,22,174,5,271,42,0,42,313
07/21/2006,ISP,NY,AEA,EN,Towers with Radar,72,21,74,0,167,0,0,76,5,81,72,21,150,5,248,58,0,58,306
07/22/2006,ISP,NY,AEA,EN,Towers with Radar,71,10,40,0,121,0,0,2,0,2,71,10,42,0,123,0,0,0,123
07/23/2006,ISP,NY,AEA,EN,Towers with Radar,67,11,59,0,137,0,0,106,0,106,67,11,165,0,243,252,0,252,495
07/24/2006,ISP,NY,AEA,EN,Towers with Radar,77,25,60,0,162,0,0,275,5,280,77,25,335,5,442,336,0,336,778
07/25/2006,ISP,NY,AEA,EN,Towers with Radar,79,22,100,0,201,0,0,209,15,224,79,22,309,15,425,282,10,292,717
07/26/2006,ISP,NY,AEA,EN,Towers with Radar,80,25,297,16,418,0,0,0,0,0,80,25,297,16,418,258,0,258,676
07/27/2006,ISP,NY,AEA,EN,Towers with Radar,72,26,133,0,231,0,0,142,3,145,72,26,275,3,376,208,0,208,584
07/28/2006,ISP,NY,AEA,EN,Towers with Radar,86,18,54,2,160,0,0,167,0,167,86,18,221,2,327,162,0,162,489
07/29/2006,ISP,NY,AEA,EN,Towers with Radar,65,8,32,5,110,0,0,229,0,229,65,8,261,5,339,320,0,320,659
07/30/2006,ISP,NY,AEA,EN,Towers with Radar,70,23,93,2,188,0,0,263,1,264,70,23,356,3,452,380,0,380,832
07/31/2006,ISP,NY,AEA,EN,Towers with Radar,77,22,73,0,172,0,0,231,2,233,77,22,304,2,405,364,0,364,769
08/01/2006,ISP,NY,AEA,EN,Towers with Radar,83,24,51,0,158,0,0,143,6,149,83,24,194,6,307,188,0,188,495
08/02/2006,ISP,NY,AEA,EN,Towers with Radar,87,22,55,2,166,0,0,171,5,176,87,22,226,7,342,252,0,252,594
08/03/2006,ISP,NY,AEA,EN,Towers with Radar,67,19,42,1,129,0,0,119,6,125,67,19,161,7,254,186,24,210,464
08/04/2006,ISP,NY,AEA,EN,Towers with Radar,89,24,55,0,168,0,0,228,4,232,89,24,283,4,400,282,0,282,682
08/05/2006,ISP,NY,AEA,EN,Towers with Radar,70,11,43,0,124,0,0,271,5,276,70,11,314,5,400,230,0,230,630
08/06/2006,ISP,NY,AEA,EN,Towers with Radar,71,27,89,0,187,0,0,269,8,277,71,27,358,8,464,374,0,374,838
08/07/2006,ISP,NY,AEA,EN,Towers with Radar,71,19,68,1,159,0,0,207,6,213,71,19,275,7,372,322,0,322,694
08/08/2006,ISP,NY,AEA,EN,Towers with Radar,83,21,75,0,179,0,0,252,4,256,83,21,327,4,435,374,0,374,809
08/09/2006,ISP,NY,AEA,EN,Towers with Radar,83,22,256,17,378,0,0,0,0,0,83,22,256,17,378,250,0,250,628
08/10/2006,ISP,NY,AEA,EN,Towers with Radar,82,24,79,0,185,0,0,219,10,229,82,24,298,10,414,182,18,200,614
08/11/2006,ISP,NY,AEA,EN,Towers with Radar,82,35,121,4,242,0,0,324,9,333,82,35,445,13,575,328,16,344,919
08/12/2006,ISP,NY,AEA,EN,Towers with Radar,65,8,45,0,118,0,0,274,2,276,65,8,319,2,394,322,0,322,716
08/13/2006,ISP,NY,AEA,EN,Towers with Radar,70,22,44,7,143,0,0,311,0,311,70,22,355,7,454,352,0,352,806
08/14/2006,ISP,NY,AEA,EN,Towers with Radar,68,27,66,0,161,0,0,244,3,247,68,27,310,3,408,248,0,248,656
08/15/2006,ISP,NY,AEA,EN,Towers with Radar,77,24,48,3,152,0,0,120,4,124,77,24,168,7,276,168,0,168,444
08/16/2006,ISP,NY,AEA,EN,Towers with Radar,72,13,54,0,139,0,0,260,6,266,72,13,314,6,405,228,0,228,633
08/17/2006,ISP,NY,AEA,EN,Towers with Radar,76,26,67,13,182,0,0,285,13,298,76,26,352,26,480,160,0,160,640
08/18/2006,ISP,NY,AEA,EN,Towers with Radar,71,23,91,0,185,0,0,210,3,213,71,23,301,3,398,226,0,226,624
08/19/2006,ISP,NY,AEA,EN,Towers with Radar,69,16,34,1,120,0,0,223,2,225,69,16,257,3,345,214,0,214,559
08/20/2006,ISP,NY,AEA,EN,Towers with Radar,76,23,82,0,181,0,0,137,0,137,76,23,219,0,318,240,0,240,558
08/21/2006,ISP,NY,AEA,EN,Towers with Radar,86,25,73,0,184,0,0,229,2,231,86,25,302,2,415,190,0,190,605
08/22/2006,ISP,NY,AEA,EN,Towers with Radar,84,23,74,0,181,0,0,226,12,238,84,23,300,12,419,308,0,308,727
08/23/2006,ISP,NY,AEA,EN,Towers with Radar,77,23,92,0,192,0,0,232,4,236,77,23,324,4,428,240,0,240,668
08/24/2006,ISP,NY,AEA,EN,Towers with Radar,68,19,52,0,139,0,0,202,7,209,68,19,254,7,348,293,6,299,647
08/25/2006,ISP,NY,AEA,EN,Towers with Radar,80,25,91,0,196,0,0,64,12,76,80,25,155,12,272,68,0,68,340
08/26/2006,ISP,NY,AEA,EN,Towers with Radar,67,9,152,4,232,0,0,0,0,0,67,9,152,4,232,148,0,148,380
08/27/2006,ISP,NY,AEA,EN,Towers with Radar,75,15,57,0,147,0,0,50,0,50,75,15,107,0,197,72,0,72,269
08/28/2006,ISP,NY,AEA,EN,Towers with Radar,77,24,54,2,157,0,0,9,0,9,77,24,63,2,166,8,0,8,174
08/29/2006,ISP,NY,AEA,EN,Towers with Radar,73,21,138,0,232,0,0,12,0,12,73,21,150,0,244,10,0,10,254
08/30/2006,ISP,NY,AEA,EN,Towers with Radar,62,18,124,0,204,0,0,109,0,109,62,18,233,0,313,202,0,202,515
08/31/2006,ISP,NY,AEA,EN,Towers with Radar,71,29,70,10,180,0,0,271,10,281,71,29,341,20,461,243,0,243,704
09/01/2006,ISP,NY,AEA,EN,Towers with Radar,78,21,60,0,159,0,0,176,3,179,78,21,236,3,338,204,0,204,542
09/02/2006,ISP,NY,AEA,EN,Towers with Radar,63,0,11,0,74,0,0,3,0,3,63,0,14,0,77,0,0,0,77
09/03/2006,ISP,NY,AEA,EN,Towers with Radar,60,6,54,0,120,0,0,93,0,93,60,6,147,0,213,148,0,148,361
09/04/2006,ISP,NY,AEA,EN,Towers with Radar,69,21,54,0,144,0,0,250,2,252,69,21,304,2,396,306,0,306,702
09/05/2006,ISP,NY,AEA,EN,Towers with Radar,82,17,82,2,183,0,0,153,7,160,82,17,235,9,343,134,0,134,477
09/06/2006,ISP,NY,AEA,EN,Towers with Radar,70,21,93,0,184,0,0,140,3,143,70,21,233,3,327,200,0,200,527
09/07/2006,ISP,NY,AEA,EN,Towers with Radar,81,31,57,1,170,0,0,243,11,254,81,31,300,12,424,376,26,402,826
09/08/2006,ISP,NY,AEA,EN,Towers with Radar,76,25,80,0,181,0,0,213,4,217,76,25,293,4,398,214,0,214,612
09/09/2006,ISP,NY,AEA,EN,Towers with Radar,72,8,84,0,164,0,0,250,13,263,72,8,334,13,427,358,0,358,785
09/10/2006,ISP,NY,AEA,EN,Towers with Radar,70,19,82,1,172,0,0,200,9,209,70,19,282,10,381,270,0,270,651
09/11/2006,ISP,NY,AEA,EN,Towers with Radar,80,29,70,1,180,0,0,161,4,165,80,29,231,5,345,192,0,192,537
09/12/2006,ISP,NY,AEA,EN,Towers with Radar,71,28,93,0,192,0,0,204,4,208,71,28,297,4,400,170,2,172,572
09/13/2006,ISP,NY,AEA,EN,Towers with Radar,81,23,108,0,212,0,0,165,3,168,81,23,273,3,380,276,0,276,656
09/14/2006,ISP,NY,AEA,EN,Towers with Radar,79,22,73,21,195,0,0,14,0,14,79,22,87,21,209,36,14,50,259
09/15/2006,ISP,NY,AEA,EN,Towers with Radar,72,26,50,0,148,0,0,0,0,0,72,26,50,0,148,8,0,8,156
09/16/2006,ISP,NY,AEA,EN,Towers with Radar,64,7,85,0,156,0,0,142,10,152,64,7,227,10,308,282,0,282,590
09/17/2006,ISP,NY,AEA,EN,Towers with Radar,70,13,89,0,172,0,0,240,1,241,70,13,329,1,413,350,0,350,763
09/18/2006,ISP,NY,AEA,EN,Towers with Radar,85,29,105,0,219,0,0,219,0,219,85,29,324,0,438,296,0,296,734
09/19/2006,ISP,NY,AEA,EN,Towers with Radar,74,21,60,2,157,0,0,46,0,46,74,21,106,2,203,116,0,116,319
09/20/2006,ISP,NY,AEA,EN,Towers with Radar,80,23,82,3,188,0,0,158,7,165,80,23,240,10,353,282,16,298,651
09/21/2006,ISP,NY,AEA,EN,Towers with Radar,74,22,82,0,178,0,0,150,4,154,74,22,232,4,332,166,0,166,498
09/22/2006,ISP,NY,AEA,EN,Towers with Radar,80,20,63,0,163,0,0,215,7,222,80,20,278,7,385,320,0,320,705
09/23/2006,ISP,NY,AEA,EN,Towers with Radar,67,10,64,0,141,0,0,37,4,41,67,10,101,4,182,120,0,120,302
09/24/2006,ISP,NY,AEA,EN,Towers with Radar,74,13,29,0,116,0,0,57,0,57,74,13,86,0,173,146,0,146,319
09/25/2006,ISP,NY,AEA,EN,Towers with Radar,85,31,78,0,194,0,0,169,0,169,85,31,247,0,363,212,0,212,575
09/26/2006,ISP,NY,AEA,EN,Towers with Radar,76,22,101,0,199,0,0,211,2,213,76,22,312,2,412,256,0,256,668
09/27/2006,ISP,NY,AEA,EN,Towers with Radar,77,24,61,0,162,0,0,190,3,193,77,24,251,3,355,258,0,258,613
09/28/2006,ISP,NY,AEA,EN,Towers with Radar,70,20,171,9,270,0,0,0,0,0,70,20,171,9,270,306,7,313,583
09/29/2006,ISP,NY,AEA,EN,Towers with Radar,78,24,61,2,165,0,0,95,8,103,78,24,156,10,268,196,0,196,464
09/30/2006,ISP,NY,AEA,EN,Towers with Radar,65,4,59,0,128,0,0,204,2,206,65,4,263,2,334,178,0,178,512
10/01/2006,ISP,NY,AEA,EN,Towers with Radar,69,13,50,0,132,0,0,78,0,78,69,13,128,0,210,104,0,104,314
10/02/2006,ISP,NY,AEA,EN,Towers with Radar,71,13,71,0,155,0,0,169,4,173,71,13,240,4,328,414,0,414,742
10/03/2006,ISP,NY,AEA,EN,Towers with Radar,80,24,136,0,240,0,0,212,5,217,80,24,348,5,457,168,0,168,625
10/04/2006,ISP,NY,AEA,EN,Towers with Radar,75,24,103,0,202,0,0,136,1,137,75,24,239,1,339,324,0,324,663
10/05/2006,ISP,NY,AEA,EN,Towers with Radar,78,25,73,0,176,0,0,127,12,139,78,25,200,12,315,176,0,176,491
10/06/2006,ISP,NY,AEA,EN,Towers with Radar,78,17,79,2,176,0,0,137,14,151,78,17,216,16,327,162,0,162,489
10/07/2006,ISP,NY,AEA,EN,Towers with Radar,71,12,54,1,138,0,0,110,3,113,71,12,164,4,251,204,0,204,455
10/08/2006,ISP,NY,AEA,EN,Towers with Radar,70,17,62,8,157,0,0,215,5,220,70,17,277,13,377,268,0,268,645
10/09/2006,ISP,NY,AEA,EN,Towers with Radar,75,17,89,0,181,0,0,250,6,256,75,17,339,6,437,220,0,220,657
10/10/2006,ISP,NY,AEA,EN,Towers with Radar,74,17,98,0,189,0,0,163,1,164,74,17,261,1,353,320,0,320,673
10/11/2006,ISP,NY,AEA,EN,Towers with Radar,81,25,56,0,162,0,0,43,0,43,81,25,99,0,205,98,0,98,303
10/12/2006,ISP,NY,AEA,EN,Towers with Radar,73,18,48,4,143,0,0,50,2,52,73,18,98,6,195,60,0,60,255
10/13/2006,ISP,NY,AEA,EN,Towers with Radar,82,19,57,0,158,0,0,160,7,167,82,19,217,7,325,208,0,208,533
10/14/2006,ISP,NY,AEA,EN,Towers with Radar,67,13,65,0,145,0,0,186,5,191,67,13,251,5,336,242,4,246,582
10/15/2006,ISP,NY,AEA,EN,Towers with Radar,74,7,79,3,163,0,0,187,8,195,74,7,266,11,358,248,0,248,606
10/16/2006,ISP,NY,AEA,EN,Towers with Radar,72,22,71,2,167,0,0,201,6,207,72,22,272,8,374,272,0,272,646
10/17/2006,ISP,NY,AEA,EN,Towers with Radar,83,19,66,0,168,0,0,61,1,62,83,19,127,1,230,110,0,110,340
10/18/2006,ISP,NY,AEA,EN,Towers with Radar,0,0,0,0,0,78,25,161,2,266,78,25,161,2,266,102,0,102,368
10/19/2006,ISP,NY,AEA,EN,Towers with Radar,76,23,99,0,198,0,0,135,4,139,76,23,234,4,337,250,0,250,587
10/20/2006,ISP,NY,AEA,EN,Towers with Radar,76,13,53,1,143,0,0,6,0,6,76,13,59,1,149,0,0,0,149
10/21/2006,ISP,NY,AEA,EN,Towers with Radar,73,9,76,0,158,0,0,211,3,214,73,9,287,3,372,382,0,382,754
10/22/2006,ISP,NY,AEA,EN,Towers with Radar,75,18,87,0,180,0,0,223,1,224,75,18,310,1,404,208,0,208,612
10/23/2006,ISP,NY,AEA,EN,Towers with Radar,89,21,71,0,181,0,0,131,7,138,89,21,202,7,319,164,0,164,483
10/24/2006,ISP,NY,AEA,EN,Towers with Radar,81,15,56,0,152,0,0,106,5,111,81,15,162,5,263,98,0,98,361
10/25/2006,ISP,NY,AEA,EN,Towers with Radar,76,26,55,1,158,0,0,102,1,103,76,26,157,2,261,160,0,160,421
10/26/2006,ISP,NY,AEA,EN,Towers with Radar,74,20,75,1,170,0,0,155,9,164,74,20,230,10,334,216,0,216,550
10/27/2006,ISP,NY,AEA,EN,Towers with Radar,74,25,59,0,158,0,0,184,4,188,74,25,243,4,346,262,0,262,608
10/28/2006,ISP,NY,AEA,EN,Towers with Radar,77,3,25,0,105,0,0,0,1,1,77,3,25,1,106,0,0,0,106
10/29/2006,ISP,NY,AEA,EN,Towers with Radar,69,15,24,0,108,0,0,24,0,24,69,15,48,0,132,18,0,18,150
10/30/2006,ISP,NY,AEA,EN,Towers with Radar,88,23,66,1,178,0,0,146,4,150,88,23,212,5,328,216,0,216,544
10/31/2006,ISP,NY,AEA,EN,Towers with Radar,78,17,54,0,149,0,0,179,4,183,78,17,233,4,332,140,0,140,472
11/01/2006,ISP,NY,AEA,EN,Towers with Radar,76,24,46,0,146,0,0,144,7,151,76,24,190,7,297,236,0,236,533
11/02/2006,ISP,NY,AEA,EN,Towers with Radar,80,20,164,7,271,0,0,0,0,0,80,20,164,7,271,230,0,230,501
11/03/2006,ISP,NY,AEA,EN,Towers with Radar,78,22,65,2,167,0,0,207,7,214,78,22,272,9,381,268,0,268,649
11/04/2006,ISP,NY,AEA,EN,Towers with Radar,73,5,49,0,127,0,0,201,6,207,73,5,250,6,334,262,18,280,614
11/05/2006,ISP,NY,AEA,EN,Towers with Radar,72,9,73,0,154,0,0,204,2,206,72,9,277,2,360,302,0,302,662
11/06/2006,ISP,NY,AEA,EN,Towers with Radar,78,14,69,0,161,0,0,159,4,163,78,14,228,4,324,234,0,234,558
11/07/2006,ISP,NY,AEA,EN,Towers with Radar,75,18,63,0,156,0,0,111,6,117,75,18,174,6,273,234,0,234,507
11/08/2006,ISP,NY,AEA,EN,Towers with Radar,83,22,47,0,152,0,0,1,0,1,83,22,48,0,153,0,0,0,153
11/09/2006,ISP,NY,AEA,EN,Towers with Radar,76,23,90,0,189,0,0,143,0,143,76,23,233,0,332,236,0,236,568
11/10/2006,ISP,NY,AEA,EN,Towers with Radar,78,24,70,0,172,0,0,183,4,187,78,24,253,4,359,272,0,272,631
11/11/2006,ISP,NY,AEA,EN,Towers with Radar,74,5,46,0,125,0,0,168,0,168,74,5,214,0,293,246,0,246,539
11/12/2006,ISP,NY,AEA,EN,Towers with Radar,78,9,56,0,143,0,0,5,0,5,78,9,61,0,148,0,0,0,148
11/13/2006,ISP,NY,AEA,EN,Towers with Radar,80,13,60,0,153,0,0,11,0,11,80,13,71,0,164,0,0,0,164
11/14/2006,ISP,NY,AEA,EN,Towers with Radar,77,20,72,7,176,0,0,5,0,5,77,20,77,7,181,36,4,40,221
11/15/2006,ISP,NY,AEA,EN,Towers with Radar,73,17,79,4,173,0,0,24,1,25,73,17,103,5,198,72,0,72,270
11/16/2006,ISP,NY,AEA,EN,Towers with Radar,70,13,36,2,121,0,0,21,1,22,70,13,57,3,143,30,0,30,173
11/17/2006,ISP,NY,AEA,EN,Towers with Radar,79,16,94,2,191,0,0,144,6,150,79,16,238,8,341,256,0,256,597
11/18/2006,ISP,NY,AEA,EN,Towers with Radar,69,4,75,0,148,0,0,215,7,222,69,4,290,7,370,254,0,254,624
11/19/2006,ISP,NY,AEA,EN,Towers with Radar,68,6,82,0,156,0,0,185,0,185,68,6,267,0,341,336,0,336,677
11/20/2006,ISP,NY,AEA,EN,Towers with Radar,76,17,75,1,169,0,0,144,1,145,76,17,219,2,314,234,0,234,548
11/21/2006,ISP,NY,AEA,EN,Towers with Radar,77,17,75,5,174,0,0,189,6,195,77,17,264,11,369,282,0,282,651
11/22/2006,ISP,NY,AEA,EN,Towers with Radar,80,19,96,1,196,0,0,97,0,97,80,19,193,1,293,120,0,120,413
11/23/2006,ISP,NY,AEA,EN,Towers with Radar,52,4,6,0,62,0,0,0,0,0,52,4,6,0,62,0,0,0,62
11/24/2006,ISP,NY,AEA,EN,Towers with Radar,72,8,22,0,102,0,0,187,5,192,72,8,209,5,294,210,0,210,504
11/25/2006,ISP,NY,AEA,EN,Towers with Radar,71,9,60,0,140,0,0,207,3,210,71,9,267,3,350,292,0,292,642
11/26/2006,ISP,NY,AEA,EN,Towers with Radar,0,0,0,0,0,68,13,311,0,392,68,13,311,0,392,260,0,260,652
11/27/2006,ISP,NY,AEA,EN,Towers with Radar,82,18,78,0,178,0,0,142,12,154,82,18,220,12,332,218,0,218,550
11/28/2006,ISP,NY,AEA,EN,Towers with Radar,75,17,67,0,159,0,0,52,9,61,75,17,119,9,220,98,30,128,348
11/29/2006,ISP,NY,AEA,EN,Towers with Radar,82,16,78,0,176,0,0,1122,0,1122,82,16,1200,0,1298,110,0,110,1408
11/30/2006,ISP,NY,AEA,EN,Towers with Radar,76,13,63,0,152,0,0,60,0,60,76,13,123,0,212,56,0,56,268
12/01/2006,ISP,NY,AEA,EN,Towers with Radar,36,7,30,0,73,0,0,7,0,7,36,7,37,0,80,0,0,0,80
12/02/2006,ISP,NY,AEA,EN,Towers with Radar,77,10,52,0,139,0,0,129,0,129,77,10,181,0,268,152,0,152,420
12/03/2006,ISP,NY,AEA,EN,Towers with Radar,70,13,80,0,163,0,0,243,1,244,70,13,323,1,407,358,0,358,765
12/04/2006,ISP,NY,AEA,EN,Towers with Radar,82,13,63,0,158,0,0,47,0,47,82,13,110,0,205,90,0,90,295
12/05/2006,ISP,NY,AEA,EN,Towers with Radar,78,19,59,0,156,0,0,115,7,122,78,19,174,7,278,140,0,140,418
12/06/2006,ISP,NY,AEA,EN,Towers with Radar,81,19,61,0,161,0,0,110,8,118,81,19,171,8,279,140,0,140,419
12/07/2006,ISP,NY,AEA,EN,Towers with Radar,73,20,112,0,205,0,0,176,14,190,73,20,288,14,395,242,0,242,637
12/08/2006,ISP,NY,AEA,EN,Towers with Radar,73,15,42,0,130,0,0,29,2,31,73,15,71,2,161,4,0,4,165
12/09/2006,ISP,NY,AEA,EN,Towers with Radar,69,6,42,0,117,0,0,231,2,233,69,6,273,2,350,374,0,374,724
12/10/2006,ISP,NY,AEA,EN,Towers with Radar,72,10,76,0,158,0,0,168,2,170,72,10,244,2,328,218,0,218,546
12/11/2006,ISP,NY,AEA,EN,Towers with Radar,78,20,50,0,148,0,0,126,7,133,78,20,176,7,281,220,0,220,501
12/12/2006,ISP,NY,AEA,EN,Towers with Radar,78,20,50,2,150,0,0,160,5,165,78,20,210,7,315,252,0,252,567
12/13/2006,ISP,NY,AEA,EN,Towers with Radar,71,18,69,3,161,0,0,13,0,13,71,18,82,3,174,0,0,0,174
12/14/2006,ISP,NY,AEA,EN,Towers with Radar,57,13,87,0,157,0,0,4,0,4,57,13,91,0,161,0,0,0,161
12/15/2006,ISP,NY,AEA,EN,Towers with Radar,60,16,81,1,158,0,0,41,8,49,60,16,122,9,207,64,0,64,271
12/16/2006,ISP,NY,AEA,EN,Towers with Radar,73,14,84,1,172,0,0,228,2,230,73,14,312,3,402,320,0,320,722
12/17/2006,ISP,NY,AEA,EN,Towers with Radar,76,7,92,2,177,0,0,208,0,208,76,7,300,2,385,278,0,278,663
12/18/2006,ISP,NY,AEA,EN,Towers with Radar,74,17,68,0,159,0,0,130,1,131,74,17,198,1,290,210,0,210,500
12/19/2006,ISP,NY,AEA,EN,Towers with Radar,74,23,64,6,167,0,0,183,7,190,74,23,247,13,357,218,0,218,575
12/20/2006,ISP,NY,AEA,EN,Towers with Radar,80,24,52,0,156,0,0,170,5,175,80,24,222,5,331,292,0,292,623
12/21/2006,ISP,NY,AEA,EN,Towers with Radar,70,21,84,0,175,0,0,177,15,192,70,21,261,15,367,340,0,340,707
12/22/2006,ISP,NY,AEA,EN,Towers with Radar,72,18,80,0,170,0,0,131,4,135,72,18,211,4,305,186,0,186,491
12/23/2006,ISP,NY,AEA,EN,Towers with Radar,77,7,51,0,135,0,0,32,0,32,77,7,83,0,167,70,0,70,237
12/24/2006,ISP,NY,AEA,EN,Towers with Radar,74,9,43,0,126,0,0,83,2,85,74,9,126,2,211,80,0,80,291
12/25/2006,ISP,NY,AEA,EN,Towers with Radar,56,9,35,0,100,0,0,29,0,29,56,9,64,0,129,56,0,56,185
12/26/2006,ISP,NY,AEA,EN,Towers with Radar,71,8,55,0,134,0,0,11,0,11,71,8,66,0,145,26,0,26,171
12/27/2006,ISP,NY,AEA,EN,Towers with Radar,79,15,69,1,164,0,0,124,8,132,79,15,193,9,296,194,16,210,506
12/28/2006,ISP,NY,AEA,EN,Towers with Radar,87,16,72,2,177,0,0,182,3,185,87,16,254,5,362,294,4,298,660
12/29/2006,ISP,NY,AEA,EN,Towers with Radar,76,14,51,0,141,0,0,169,4,173,76,14,220,4,314,298,0,298,612
12/30/2006,ISP,NY,AEA,EN,Towers with Radar,70,6,169,4,249,0,0,0,0,0,70,6,169,4,249,304,0,304,553
12/31/2006,ISP,NY,AEA,EN,Towers with Radar,66,6,53,0,125,0,0,175,3,178,66,6,228,3,303,272,0,272,575
01/01/2007,ISP,NY,AEA,EN,Towers with Radar,64,17,30,0,111,0,0,0,0,0,64,17,30,0,111,0,0,0,111
01/02/2007,ISP,NY,AEA,EN,Towers with Radar,74,23,41,0,138,0,0,68,1,69,74,23,109,1,207,114,0,114,321
01/03/2007,ISP,NY,AEA,EN,Towers with Radar,75,22,45,4,146,0,0,157,3,160,75,22,202,7,306,224,0,224,530
01/04/2007,ISP,NY,AEA,EN,Towers with Radar,74,19,36,1,130,0,0,144,5,149,74,19,180,6,279,154,0,154,433
01/05/2007,ISP,NY,AEA,EN,Towers with Radar,74,16,47,0,137,0,0,37,2,39,74,16,84,2,176,10,0,10,186
01/06/2007,ISP,NY,AEA,EN,Towers with Radar,73,7,40,0,120,0,0,53,0,53,73,7,93,0,173,98,0,98,271
01/07/2007,ISP,NY,AEA,EN,Towers with Radar,75,11,82,0,168,0,0,252,0,252,75,11,334,0,420,346,0,346,766
01/08/2007,ISP,NY,AEA,EN,Towers with Radar,77,18,36,0,131,0,0,18,0,18,77,18,54,0,149,4,0,4,153
01/09/2007,ISP,NY,AEA,EN,Towers with Radar,75,18,55,1,149,0,0,119,10,129,75,18,174,11,278,204,0,204,482
01/10/2007,ISP,NY,AEA,EN,Towers with Radar,81,19,67,0,167,0,0,108,4,112,81,19,175,4,279,160,0,160,439
01/11/2007,ISP,NY,AEA,EN,Towers with Radar,77,22,105,2,206,0,0,165,3,168,77,22,270,5,374,246,0,246,620
01/12/2007,ISP,NY,AEA,EN,Towers with Radar,89,19,63,0,171,0,0,124,2,126,89,19,187,2,297,222,0,222,519
01/13/2007,ISP,NY,AEA,EN,Towers with Radar,61,3,81,0,145,0,0,50,0,50,61,3,131,0,195,146,0,146,341
01/14/2007,ISP,NY,AEA,EN,Towers with Radar,49,5,11,0,65,0,0,0,0,0,49,5,11,0,65,0,0,0,65
01/15/2007,ISP,NY,AEA,EN,Towers with Radar,77,13,31,2,123,0,0,3,0,3,77,13,34,2,126,0,0,0,126
01/16/2007,ISP,NY,AEA,EN,Towers with Radar,78,16,57,1,152,0,0,94,2,96,78,16,151,3,248,206,0,206,454
01/17/2007,ISP,NY,AEA,EN,Towers with Radar,76,16,68,0,160,0,0,142,1,143,76,16,210,1,303,304,0,304,607
01/18/2007,ISP,NY,AEA,EN,Towers with Radar,74,12,68,0,154,0,0,105,3,108,74,12,173,3,262,154,0,154,416
01/19/2007,ISP,NY,AEA,EN,Towers with Radar,0,0,0,0,0,77,15,93,11,196,77,15,93,11,196,94,0,94,290
01/20/2007,ISP,NY,AEA,EN,Towers with Radar,73,6,42,2,123,0,0,16,3,19,73,6,58,5,142,24,0,24,166
01/21/2007,ISP,NY,AEA,EN,Towers with Radar,67,9,66,1,143,0,0,164,0,164,67,9,230,1,307,306,0,306,613
01/22/2007,ISP,NY,AEA,EN,Towers with Radar,75,15,52,4,146,0,0,55,2,57,75,15,107,6,203,0,0,0,203
01/23/2007,ISP,NY,AEA,EN,Towers with Radar,75,22,78,0,175,0,0,165,9,174,75,22,243,9,349,222,0,222,571
01/24/2007,ISP,NY,AEA,EN,Towers with Radar,79,16,87,4,186,0,0,194,6,200,79,16,281,10,386,289,0,289,675
01/25/2007,ISP,NY,AEA,EN,Towers with Radar,74,22,46,1,143,0,0,58,6,64,74,22,104,7,207,90,26,116,323
01/26/2007,ISP,NY,AEA,EN,Towers with Radar,73,15,50,3,141,0,0,52,6,58,73,15,102,9,199,63,20,83,282
01/27/2007,ISP,NY,AEA,EN,Towers with Radar,76,7,37,1,121,0,0,173,1,174,76,7,210,2,295,308,0,308,603
01/28/2007,ISP,NY,AEA,EN,Towers with Radar,72,14,61,0,147,0,0,159,1,160,72,14,220,1,307,248,0,248,555
01/29/2007,ISP,NY,AEA,EN,Towers with Radar,79,18,54,0,151,0,0,81,5,86,79,18,135,5,237,46,0,46,283
01/30/2007,ISP,NY,AEA,EN,Towers with Radar,76,15,72,3,166,0,0,167,13,180,76,15,239,16,346,250,0,250,596
01/31/2007,ISP,NY,AEA,EN,Towers with Radar,74,17,70,0,161,0,0,158,0,158,74,17,228,0,319,282,0,282,601
02/01/2007,ISP,NY,AEA,EN,Towers with Radar,77,17,89,3,186,0,0,110,10,120,77,17,199,13,306,224,0,224,530
02/02/2007,ISP,NY,AEA,EN,Towers with Radar,76,12,29,0,117,0,0,2,0,2,76,12,31,0,119,0,0,0,119
02/03/2007,ISP,NY,AEA,EN,Towers with Radar,76,8,37,0,121,0,0,132,7,139,76,8,169,7,260,118,0,118,378
02/04/2007,ISP,NY,AEA,EN,Towers with Radar,71,12,28,0,111,0,0,72,0,72,71,12,100,0,183,144,0,144,327
02/05/2007,ISP,NY,AEA,EN,Towers with Radar,74,17,54,0,145,0,0,73,9,82,74,17,127,9,227,60,0,60,287
02/06/2007,ISP,NY,AEA,EN,Towers with Radar,82,23,82,2,189,0,0,112,9,121,82,23,194,11,310,154,0,154,464
02/07/2007,ISP,NY,AEA,EN,Towers with Radar,78,20,68,0,166,0,0,132,12,144,78,20,200,12,310,182,0,182,492
02/08/2007,ISP,NY,AEA,EN,Towers with Radar,79,20,68,2,169,0,0,118,6,124,79,20,186,8,293,154,0,154,447
02/09/2007,ISP,NY,AEA,EN,Towers with Radar,84,20,59,1,164,0,0,85,2,87,84,20,144,3,251,126,0,126,377
02/10/2007,ISP,NY,AEA,EN,Towers with Radar,73,7,53,3,136,0,0,187,8,195,73,7,240,11,331,336,0,336,667
02/11/2007,ISP,NY,AEA,EN,Towers with Radar,71,11,65,2,149,0,0,188,0,188,71,11,253,2,337,318,0,318,655
02/12/2007,ISP,NY,AEA,EN,Towers with Radar,81,15,66,0,162,0,0,150,2,152,81,15,216,2,314,230,0,230,544
02/13/2007,ISP,NY,AEA,EN,Towers with Radar,66,16,47,2,131,0,0,97,11,108,66,16,144,13,239,232,0,232,471
02/14/2007,ISP,NY,AEA,EN,Towers with Radar,12,3,9,0,24,0,0,0,0,0,12,3,9,0,24,0,0,0,24
02/15/2007,ISP,NY,AEA,EN,Towers with Radar,53,17,45,2,117,0,0,35,3,38,53,17,80,5,155,0,0,0,155
02/16/2007,ISP,NY,AEA,EN,Towers with Radar,79,21,44,0,144,0,0,41,10,51,79,21,85,10,195,42,0,42,237
02/17/2007,ISP,NY,AEA,EN,Towers with Radar,67,7,59,0,133,0,0,144,0,144,67,7,203,0,277,330,0,330,607
02/18/2007,ISP,NY,AEA,EN,Towers with Radar,66,11,34,0,111,0,0,124,0,124,66,11,158,0,235,230,0,230,465
02/19/2007,ISP,NY,AEA,EN,Towers with Radar,77,14,36,0,127,0,0,33,0,33,77,14,69,0,160,54,0,54,214
02/20/2007,ISP,NY,AEA,EN,Towers with Radar,73,19,78,2,172,0,0,127,6,133,73,19,205,8,305,228,0,228,533
02/21/2007,ISP,NY,AEA,EN,Towers with Radar,79,25,89,1,194,0,0,161,2,163,79,25,250,3,357,216,0,216,573
02/22/2007,ISP,NY,AEA,EN,Towers with Radar,76,16,42,0,134,0,0,41,6,47,76,16,83,6,181,106,0,106,287
02/23/2007,ISP,NY,AEA,EN,Towers with Radar,77,23,40,2,142,0,0,29,7,36,77,23,69,9,178,56,2,58,236
02/24/2007,ISP,NY,AEA,EN,Towers with Radar,69,11,48,6,134,0,0,72,3,75,69,11,120,9,209,138,0,138,347
02/25/2007,ISP,NY,AEA,EN,Towers with Radar,69,7,80,0,156,0,0,161,2,163,69,7,241,2,319,255,0,255,574
02/26/2007,ISP,NY,AEA,EN,Towers with Radar,76,17,33,0,126,0,0,2,0,2,76,17,35,0,128,0,0,0,128
02/27/2007,ISP,NY,AEA,EN,Towers with Radar,73,18,59,0,150,0,0,17,1,18,73,18,76,1,168,38,0,38,206
02/28/2007,ISP,NY,AEA,EN,Towers with Radar,81,16,71,3,171,0,0,186,8,194,81,16,257,11,365,387,0,387,752
03/01/2007,ISP,NY,AEA,EN,Towers with Radar,73,18,59,0,150,0,0,135,13,148,73,18,194,13,298,238,14,252,550
03/02/2007,ISP,NY,AEA,EN,Towers with Radar,83,24,33,0,140,0,0,13,0,13,83,24,46,0,153,16,0,16,169
03/03/2007,ISP,NY,AEA,EN,Towers with Radar,69,7,49,4,129,0,0,225,18,243,69,7,274,22,372,302,0,302,674
03/04/2007,ISP,NY,AEA,EN,Towers with Radar,73,14,64,3,154,0,0,123,17,140,73,14,187,20,294,0,0,0,294
03/05/2007,ISP,NY,AEA,EN,Towers with Radar,80,15,41,2,138,0,0,68,4,72,80,15,109,6,210,70,0,70,280
03/06/2007,ISP,NY,AEA,EN,Towers with Radar,78,18,39,0,135,0,0,55,5,60,78,18,94,5,195,48,0,48,243
03/07/2007,ISP,NY,AEA,EN,Towers with Radar,69,13,27,0,109,0,0,0,0,0,69,13,27,0,109,12,0,12,121
03/08/2007,ISP,NY,AEA,EN,Towers with Radar,82,21,72,3,178,0,0,72,7,79,82,21,144,10,257,154,0,154,411
03/09/2007,ISP,NY,AEA,EN,Towers with Radar,89,14,73,0,176,0,0,171,6,177,89,14,244,6,353,266,0,266,619
03/10/2007,ISP,NY,AEA,EN,Towers with Radar,67,7,83,0,157,0,0,71,3,74,67,7,154,3,231,148,0,148,379
03/11/2007,ISP,NY,AEA,EN,Towers with Radar,82,22,102,0,206,0,0,231,0,231,82,22,333,0,437,308,0,308,745
03/12/2007,ISP,NY,AEA,EN,Towers with Radar,81,27,89,0,197,0,0,157,0,157,81,27,246,0,354,266,0,266,620
03/13/2007,ISP,NY,AEA,EN,Towers with Radar,88,17,73,1,179,0,0,163,11,174,88,17,236,12,353,310,0,310,663
03/14/2007,ISP,NY,AEA,EN,Towers with Radar,68,18,86,2,174,0,0,147,4,151,68,18,233,6,325,278,0,278,603
03/15/2007,ISP,NY,AEA,EN,Towers with Radar,75,20,63,0,158,0,0,68,6,74,75,20,131,6,232,138,6,144,376
03/16/2007,ISP,NY,AEA,EN,Towers with Radar,16,7,25,0,48,0,0,2,0,2,16,7,27,0,50,0,0,0,50
03/17/2007,ISP,NY,AEA,EN,Towers with Radar,138,14,29,0,181,0,0,30,0,30,138,14,59,0,211,24,0,24,235
03/18/2007,ISP,NY,AEA,EN,Towers with Radar,76,13,65,0,154,0,0,89,1,90,76,13,154,1,244,200,0,200,444
03/19/2007,ISP,NY,AEA,EN,Towers with Radar,77,16,84,10,187,0,0,101,4,105,77,16,185,14,292,266,14,280,572
03/20/2007,ISP,NY,AEA,EN,Towers with Radar,79,17,71,5,172,0,0,127,9,136,79,17,198,14,308,196,0,196,504
03/21/2007,ISP,NY,AEA,EN,Towers with Radar,74,16,101,4,195,0,0,204,2,206,74,16,305,6,401,299,0,299,700
03/22/2007,ISP,NY,AEA,EN,Towers with Radar,75,25,65,0,165,0,0,20,3,23,75,25,85,3,188,84,0,84,272
03/23/2007,ISP,NY,AEA,EN,Towers with Radar,72,15,75,2,164,0,0,97,1,98,72,15,172,3,262,208,0,208,470
03/24/2007,ISP,NY,AEA,EN,Towers with Radar,67,11,57,1,136,0,0,171,0,171,67,11,228,1,307,308,0,308,615
03/25/2007,ISP,NY,AEA,EN,Towers with Radar,72,10,74,0,156,0,0,143,6,149,72,10,217,6,305,248,0,248,553
03/26/2007,ISP,NY,AEA,EN,Towers with Radar,78,18,84,0,180,0,0,131,3,134,78,18,215,3,314,312,0,312,626
03/27/2007,ISP,NY,AEA,EN,Towers with Radar,84,19,66,0,169,0,0,204,14,218,84,19,270,14,387,306,0,306,693
03/28/2007,ISP,NY,AEA,EN,Towers with Radar,74,22,49,0,145,0,0,201,6,207,74,22,250,6,352,308,0,308,660
03/29/2007,ISP,NY,AEA,EN,Towers with Radar,82,21,45,0,148,0,0,111,5,116,82,21,156,5,264,152,0,152,416
03/30/2007,ISP,NY,AEA,EN,Towers with Radar,73,20,57,0,150,0,0,218,3,221,73,20,275,3,371,390,0,390,761
03/31/2007,ISP,NY,AEA,EN,Towers with Radar,78,9,48,0,135,0,0,230,2,232,78,9,278,2,367,338,0,338,705
04/01/2007,ISP,NY,AEA,EN,Towers with Radar,70,16,56,0,142,0,0,161,0,161,70,16,217,0,303,366,0,366,669
04/02/2007,ISP,NY,AEA,EN,Towers with Radar,91,15,39,0,145,0,0,18,0,18,91,15,57,0,163,68,0,68,231
04/03/2007,ISP,NY,AEA,EN,Towers with Radar,82,24,84,0,190,0,0,119,6,125,82,24,203,6,315,220,36,256,571
04/04/2007,ISP,NY,AEA,EN,Towers with Radar,77,24,43,0,144,0,0,0,0,0,77,24,43,0,144,0,0,0,144
04/05/2007,ISP,NY,AEA,EN,Towers with Radar,81,21,55,0,157,0,0,70,9,79,81,21,125,9,236,124,0,124,360
04/06/2007,ISP,NY,AEA,EN,Towers with Radar,81,16,76,1,174,0,0,147,4,151,81,16,223,5,325,236,14,250,575
04/07/2007,ISP,NY,AEA,EN,Towers with Radar,68,8,67,0,143,0,0,166,0,166,68,8,233,0,309,464,3,467,776
04/08/2007,ISP,NY,AEA,EN,Towers with Radar,74,23,54,2,153,0,0,105,0,105,74,23,159,2,258,182,0,182,440
04/09/2007,ISP,NY,AEA,EN,Towers with Radar,77,19,106,0,202,0,0,201,2,203,77,19,307,2,405,374,0,374,779
04/10/2007,ISP,NY,AEA,EN,Towers with Radar,74,22,91,0,187,0,0,242,4,246,74,22,333,4,433,366,0,366,799
04/11/2007,ISP,NY,AEA,EN,Towers with Radar,78,21,107,7,213,0,0,231,8,239,78,21,338,15,452,400,10,410,862
04/12/2007,ISP,NY,AEA,EN,Towers with Radar,83,17,50,0,150,0,0,11,1,12,83,17,61,1,162,0,0,0,162
04/13/2007,ISP,NY,AEA,EN,Towers with Radar,76,22,54,5,157,0,0,88,8,96,76,22,142,13,253,150,16,166,419
04/14/2007,ISP,NY,AEA,EN,Towers with Radar,74,14,76,0,164,0,0,261,14,275,74,14,337,14,439,410,0,410,849
04/15/2007,ISP,NY,AEA,EN,Towers with Radar,67,9,16,0,92,0,0,0,0,0,67,9,16,0,92,0,0,0,92
04/16/2007,ISP,NY,AEA,EN,Towers with Radar,84,6,24,0,114,0,0,287,0,287,84,6,311,0,401,0,4,4,405
04/17/2007,ISP,NY,AEA,EN,Towers with Radar,80,18,48,1,147,0,0,37,6,43,80,18,85,7,190,36,0,36,226
04/18/2007,ISP,NY,AEA,EN,Towers with Radar,84,29,78,2,193,0,0,126,6,132,84,29,204,8,325,224,0,224,549
04/19/2007,ISP,NY,AEA,EN,Towers with Radar,75,28,66,0,169,0,0,117,9,126,75,28,183,9,295,200,0,200,495
04/20/2007,ISP,NY,AEA,EN,Towers with Radar,75,18,37,3,133,0,0,211,1,212,75,18,248,4,345,306,0,306,651
04/21/2007,ISP,NY,AEA,EN,Towers with Radar,77,17,80,0,174,0,0,314,4,318,77,17,394,4,492,358,0,358,850
04/22/2007,ISP,NY,AEA,EN,Towers with Radar,79,17,70,0,166,0,0,279,2,281,79,17,349,2,447,450,0,450,897
04/23/2007,ISP,NY,AEA,EN,Towers with Radar,79,19,75,0,173,0,0,188,3,191,79,19,263,3,364,304,0,304,668
04/24/2007,ISP,NY,AEA,EN,Towers with Radar,78,22,90,0,190,0,0,193,12,205,78,22,283,12,395,386,0,386,781
04/25/2007,ISP,NY,AEA,EN,Towers with Radar,74,21,106,0,201,0,0,138,4,142,74,21,244,4,343,256,0,256,599
04/26/2007,ISP,NY,AEA,EN,Towers with Radar,77,21,94,4,196,0,0,180,15,195,77,21,274,19,391,388,14,402,793
04/27/2007,ISP,NY,AEA,EN,Towers with Radar,74,12,33,0,119,0,0,1,0,1,74,12,34,0,120,0,0,0,120
04/28/2007,ISP,NY,AEA,EN,Towers with Radar,63,6,44,0,113,0,0,106,1,107,63,6,150,1,220,286,0,286,506
04/29/2007,ISP,NY,AEA,EN,Towers with Radar,76,15,71,0,162,0,0,178,1,179,76,15,249,1,341,344,0,344,685
04/30/2007,ISP,NY,AEA,EN,Towers with Radar,75,19,71,6,171,0,0,121,3,124,75,19,192,9,295,250,6,256,551
05/01/2007,ISP,NY,AEA,EN,Towers with Radar,77,19,86,0,182,0,0,159,4,163,77,19,245,4,345,208,0,208,553
05/02/2007,ISP,NY,AEA,EN,Towers with Radar,77,23,81,3,184,0,0,104,0,104,77,23,185,3,288,202,0,202,490
05/03/2007,ISP,NY,AEA,EN,Towers with Radar,85,26,80,3,194,0,0,227,11,238,85,26,307,14,432,296,0,296,728
05/04/2007,ISP,NY,AEA,EN,Towers with Radar,82,13,53,0,148,0,0,204,2,206,82,13,257,2,354,270,0,270,624
05/05/2007,ISP,NY,AEA,EN,Towers with Radar,72,13,96,0,181,0,0,210,7,217,72,13,306,7,398,384,0,384,782
05/06/2007,ISP,NY,AEA,EN,Towers with Radar,76,21,80,0,177,0,0,150,4,154,76,21,230,4,331,230,0,230,561
05/07/2007,ISP,NY,AEA,EN,Towers with Radar,79,16,102,2,199,0,0,190,1,191,79,16,292,3,390,326,0,326,716
05/08/2007,ISP,NY,AEA,EN,Towers with Radar,80,20,90,3,193,0,0,191,6,197,80,20,281,9,390,204,0,204,594
05/09/2007,ISP,NY,AEA,EN,Towers with Radar,81,21,93,0,195,0,0,157,4,161,81,21,250,4,356,242,0,242,598
05/10/2007,ISP,NY,AEA,EN,Towers with Radar,73,20,64,2,159,0,0,43,1,44,73,20,107,3,203,78,0,78,281
05/11/2007,ISP,NY,AEA,EN,Towers with Radar,74,17,67,0,158,0,0,38,0,38,74,17,105,0,196,76,0,76,272
05/12/2007,ISP,NY,AEA,EN,Towers with Radar,71,11,46,0,128,0,0,224,5,229,71,11,270,5,357,378,0,378,735
05/13/2007,ISP,NY,AEA,EN,Towers with Radar,73,17,55,0,145,0,0,195,0,195,73,17,250,0,340,311,0,311,651
05/14/2007,ISP,NY,AEA,EN,Towers with Radar,80,16,95,0,191,0,0,170,4,174,80,16,265,4,365,254,0,254,619
05/15/2007,ISP,NY,AEA,EN,Towers with Radar,78,20,47,1,146,0,0,138,5,143,78,20,185,6,289,128,0,128,417
05/16/2007,ISP,NY,AEA,EN,Towers with Radar,73,17,72,0,162,0,0,114,9,123,73,17,186,9,285,226,0,226,511
05/17/2007,ISP,NY,AEA,EN,Towers with Radar,80,16,47,2,145,0,0,147,4,151,80,16,194,6,296,148,0,148,444
05/18/2007,ISP,NY,AEA,EN,Towers with Radar,80,20,55,0,155,0,0,33,0,33,80,20,88,0,188,64,0,64,252
05/19/2007,ISP,NY,AEA,EN,Towers with Radar,70,10,45,0,125,0,0,84,5,89,70,10,129,5,214,222,0,222,436
05/20/2007,ISP,NY,AEA,EN,Towers with Radar,79,10,68,0,157,0,0,117,0,117,79,10,185,0,274,194,0,194,468
05/21/2007,ISP,NY,AEA,EN,Towers with Radar,79,16,77,0,172,0,0,254,4,258,79,16,331,4,430,296,0,296,726
05/22/2007,ISP,NY,AEA,EN,Towers with Radar,81,18,84,0,183,0,0,215,9,224,81,18,299,9,407,320,0,320,727
05/23/2007,ISP,NY,AEA,EN,Towers with Radar,82,13,45,2,142,0,0,189,7,196,82,13,234,9,338,260,0,260,598
05/24/2007,ISP,NY,AEA,EN,Towers with Radar,73,21,65,1,160,0,0,254,14,268,73,21,319,15,428,262,8,270,698
05/25/2007,ISP,NY,AEA,EN,Towers with Radar,80,17,51,9,157,0,0,256,10,266,80,17,307,19,423,266,0,266,689
05/26/2007,ISP,NY,AEA,EN,Towers with Radar,70,7,19,0,96,0,0,162,8,170,70,7,181,8,266,258,0,258,524
05/27/2007,ISP,NY,AEA,EN,Towers with Radar,68,12,36,0,116,0,0,148,8,156,68,12,184,8,272,246,0,246,518
05/28/2007,ISP,NY,AEA,EN,Towers with Radar,72,23,48,3,146,0,0,203,5,208,72,23,251,8,354,228,0,228,582
05/29/2007,ISP,NY,AEA,EN,Towers with Radar,80,23,61,3,167,0,0,215,7,222,80,23,276,10,389,270,0,270,659
05/30/2007,ISP,NY,AEA,EN,Towers with Radar,77,13,46,0,136,0,0,219,8,227,77,13,265,8,363,312,0,312,675
05/31/2007,ISP,NY,AEA,EN,Towers with Radar,73,21,55,0,149,0,0,192,7,199,73,21,247,7,348,308,2,310,658
06/01/2007,ISP,NY,AEA,EN,Towers with Radar,81,22,73,0,176,0,0,202,6,208,81,22,275,6,384,262,0,262,646
06/02/2007,ISP,NY,AEA,EN,Towers with Radar,72,10,42,0,124,0,0,164,6,170,72,10,206,6,294,324,0,324,618
06/03/2007,ISP,NY,AEA,EN,Towers with Radar,75,7,52,0,134,0,0,145,2,147,75,7,197,2,281,194,0,194,475
06/04/2007,ISP,NY,AEA,EN,Towers with Radar,77,16,49,0,142,0,0,18,0,18,77,16,67,0,160,0,0,0,160
06/05/2007,ISP,NY,AEA,EN,Towers with Radar,83,23,243,6,355,0,0,0,0,0,83,23,243,6,355,212,0,212,567
06/06/2007,ISP,NY,AEA,EN,Towers with Radar,84,17,54,3,158,0,0,256,2,258,84,17,310,5,416,233,3,236,652
06/07/2007,ISP,NY,AEA,EN,Towers with Radar,78,20,63,3,164,0,0,212,9,221,78,20,275,12,385,200,6,206,591
06/08/2007,ISP,NY,AEA,EN,Towers with Radar,66,14,113,0,193,0,0,119,10,129,66,14,232,10,322,188,0,188,510
06/09/2007,ISP,NY,AEA,EN,Towers with Radar,65,14,123,1,203,0,0,0,1,1,65,14,123,2,204,12,0,12,216
06/10/2007,ISP,NY,AEA,EN,Towers with Radar,77,16,92,0,185,0,0,215,2,217,77,16,307,2,402,292,0,292,694
06/11/2007,ISP,NY,AEA,EN,Towers with Radar,76,14,60,0,150,0,0,204,6,210,76,14,264,6,360,180,0,180,540
06/12/2007,ISP,NY,AEA,EN,Towers with Radar,72,18,72,1,163,0,0,135,4,139,72,18,207,5,302,146,0,146,448
06/13/2007,ISP,NY,AEA,EN,Towers with Radar,72,16,79,0,167,0,0,71,3,74,72,16,150,3,241,74,0,74,315
06/14/2007,ISP,NY,AEA,EN,Towers with Radar,74,17,67,1,159,0,0,168,14,182,74,17,235,15,341,214,0,214,555
06/15/2007,ISP,NY,AEA,EN,Towers with Radar,76,21,86,0,183,0,0,240,3,243,76,21,326,3,426,334,0,334,760
06/16/2007,ISP,NY,AEA,EN,Towers with Radar,76,14,83,0,173,0,0,241,3,244,76,14,324,3,417,300,0,300,717
06/17/2007,ISP,NY,AEA,EN,Towers with Radar,73,11,59,0,143,0,0,224,4,228,73,11,283,4,371,242,0,242,613
06/18/2007,ISP,NY,AEA,EN,Towers with Radar,80,17,40,0,137,0,0,190,0,190,80,17,230,0,327,222,0,222,549
06/19/2007,ISP,NY,AEA,EN,Towers with Radar,67,20,86,0,173,0,0,187,10,197,67,20,273,10,370,216,0,216,586
06/20/2007,ISP,NY,AEA,EN,Towers with Radar,77,10,43,8,138,0,0,131,0,131,77,10,174,8,269,120,0,120,389
06/21/2007,ISP,NY,AEA,EN,Towers with Radar,76,16,57,0,149,0,0,180,15,195,76,16,237,15,344,194,0,194,538
06/22/2007,ISP,NY,AEA,EN,Towers with Radar,80,22,64,2,168,0,0,198,7,205,80,22,262,9,373,156,0,156,529
06/23/2007,ISP,NY,AEA,EN,Towers with Radar,77,17,50,2,146,0,0,198,5,203,77,17,248,7,349,190,0,190,539
06/24/2007,ISP,NY,AEA,EN,Towers with Radar,75,12,75,0,162,0,0,246,0,246,75,12,321,0,408,344,0,344,752
06/25/2007,ISP,NY,AEA,EN,Towers with Radar,86,19,67,6,178,0,0,196,4,200,86,19,263,10,378,204,0,204,582
06/26/2007,ISP,NY,AEA,EN,Towers with Radar,77,19,63,2,161,0,0,201,11,212,77,19,264,13,373,310,0,310,683
06/27/2007,ISP,NY,AEA,EN,Towers with Radar,70,25,77,2,174,0,0,85,7,92,70,25,162,9,266,126,0,126,392
06/28/2007,ISP,NY,AEA,EN,Towers with Radar,65,25,84,0,174,0,0,72,0,72,65,25,156,0,246,92,0,92,338
06/29/2007,ISP,NY,AEA,EN,Towers with Radar,72,14,75,0,161,0,0,247,7,254,72,14,322,7,415,230,0,230,645
06/30/2007,ISP,NY,AEA,EN,Towers with Radar,72,12,37,0,121,0,0,312,8,320,72,12,349,8,441,316,0,316,757
07/01/2007,ISP,NY,AEA,EN,Towers with Radar,69,13,44,0,126,0,0,198,1,199,69,13,242,1,325,226,0,226,551
07/02/2007,ISP,NY,AEA,EN,Towers with Radar,79,5,45,0,129,0,0,198,2,200,79,5,243,2,329,186,0,186,515
07/03/2007,ISP,NY,AEA,EN,Towers with Radar,76,17,42,0,135,0,0,246,10,256,76,17,288,10,391,212,8,220,611
07/04/2007,ISP,NY,AEA,EN,Towers with Radar,71,4,18,0,93,0,0,116,7,123,71,4,134,7,216,176,0,176,392
07/05/2007,ISP,NY,AEA,EN,Towers with Radar,74,16,52,1,143,0,0,74,3,77,74,16,126,4,220,98,0,98,318
07/06/2007,ISP,NY,AEA,EN,Towers with Radar,84,21,46,3,154,0,0,206,3,209,84,21,252,6,363,284,0,284,647
07/07/2007,ISP,NY,AEA,EN,Towers with Radar,71,4,63,1,139,0,0,230,1,231,71,4,293,2,370,282,0,282,652
07/08/2007,ISP,NY,AEA,EN,Towers with Radar,78,11,45,0,134,0,0,238,0,238,78,11,283,0,372,280,0,280,652
07/09/2007,ISP,NY,AEA,EN,Towers with Radar,80,15,57,0,152,0,0,241,6,247,80,15,298,6,399,282,0,282,681
07/10/2007,ISP,NY,AEA,EN,Towers with Radar,69,17,61,1,148,0,0,128,7,135,69,17,189,8,283,254,0,254,537
07/11/2007,ISP,NY,AEA,EN,Towers with Radar,80,11,98,2,191,0,0,0,0,0,80,11,98,2,191,4,0,4,195
07/12/2007,ISP,NY,AEA,EN,Towers with Radar,87,21,96,3,207,0,0,256,11,267,87,21,352,14,474,274,0,274,748
07/13/2007,ISP,NY,AEA,EN,Towers with Radar,81,22,52,0,155,0,0,309,8,317,81,22,361,8,472,368,0,368,840
07/14/2007,ISP,NY,AEA,EN,Towers with Radar,80,9,46,0,135,0,0,273,5,278,80,9,319,5,413,344,0,344,757
07/15/2007,ISP,NY,AEA,EN,Towers with Radar,79,21,74,0,174,0,0,207,5,212,79,21,281,5,386,166,0,166,552
07/16/2007,ISP,NY,AEA,EN,Towers with Radar,82,26,73,0,181,0,0,275,4,279,82,26,348,4,460,290,0,290,750
07/17/2007,ISP,NY,AEA,EN,Towers with Radar,79,32,92,0,203,0,0,205,7,212,79,32,297,7,415,214,0,214,629
07/18/2007,ISP,NY,AEA,EN,Towers with Radar,77,19,43,2,141,0,0,5,0,5,77,19,48,2,146,0,0,0,146
07/19/2007,ISP,NY,AEA,EN,Towers with Radar,78,16,59,6,159,0,0,37,0,37,78,16,96,6,196,32,0,32,228
07/20/2007,ISP,NY,AEA,EN,Towers with Radar,80,13,56,3,152,0,0,226,7,233,80,13,282,10,385,304,0,304,689
07/21/2007,ISP,NY,AEA,EN,Towers with Radar,79,11,47,0,137,0,0,297,4,301,79,11,344,4,438,320,0,320,758
07/22/2007,ISP,NY,AEA,EN,Towers with Radar,78,11,79,0,168,0,0,245,0,245,78,11,324,0,413,348,0,348,761
07/23/2007,ISP,NY,AEA,EN,Towers with Radar,90,25,104,0,219,0,0,17,1,18,90,25,121,1,237,8,0,8,245
07/24/2007,ISP,NY,AEA,EN,Towers with Radar,83,15,86,3,187,0,0,250,3,253,83,15,336,6,440,384,0,384,824
07/25/2007,ISP,NY,AEA,EN,Towers with Radar,86,20,43,0,149,0,0,236,6,242,86,20,279,6,391,248,4,252,643
07/26/2007,ISP,NY,AEA,EN,Towers with Radar,80,29,77,1,187,0,0,252,4,256,80,29,329,5,443,292,0,292,735
07/27/2007,ISP,NY,AEA,EN,Towers with Radar,77,26,90,1,194,0,0,216,4,220,77,26,306,5,414,296,0,296,710
07/28/2007,ISP,NY,AEA,EN,Towers with Radar,80,5,100,0,185,0,0,47,0,47,80,5,147,0,232,198,0,198,430
07/29/2007,ISP,NY,AEA,EN,Towers with Radar,70,12,87,0,169,0,0,0,0,0,70,12,87,0,169,0,0,0,169
07/30/2007,ISP,NY,AEA,EN,Towers with Radar,77,16,55,0,148,0,0,88,3,91,77,16,143,3,239,192,0,192,431
07/31/2007,ISP,NY,AEA,EN,Towers with Radar,78,19,70,0,167,0,0,230,5,235,78,19,300,5,402,302,0,302,704
08/01/2007,ISP,NY,AEA,EN,Towers with Radar,80,18,46,0,144,0,0,232,1,233,80,18,278,1,377,184,0,184,561
08/02/2007,ISP,NY,AEA,EN,Towers with Radar,79,17,71,4,171,0,0,204,6,210,79,17,275,10,381,276,0,276,657
08/03/2007,ISP,NY,AEA,EN,Towers with Radar,83,18,84,5,190,0,0,242,12,254,83,18,326,17,444,267,0,267,711
08/04/2007,ISP,NY,AEA,EN,Towers with Radar,74,4,47,0,125,0,0,155,0,155,74,4,202,0,280,226,0,226,506
08/05/2007,ISP,NY,AEA,EN,Towers with Radar,75,12,89,6,182,0,0,232,4,236,75,12,321,10,418,320,4,324,742
08/06/2007,ISP,NY,AEA,EN,Towers with Radar,79,12,63,0,154,0,0,37,2,39,79,12,100,2,193,6,0,6,199
08/07/2007,ISP,NY,AEA,EN,Towers with Radar,82,19,67,0,168,0,0,118,6,124,82,19,185,6,292,150,6,156,448
08/08/2007,ISP,NY,AEA,EN,Towers with Radar,81,19,77,1,178,0,0,76,4,80,81,19,153,5,258,164,0,164,422
08/09/2007,ISP,NY,AEA,EN,Towers with Radar,63,15,58,7,143,0,0,262,9,271,63,15,320,16,414,414,0,414,828
08/10/2007,ISP,NY,AEA,EN,Towers with Radar,89,25,101,6,221,0,0,0,0,0,89,25,101,6,221,64,0,64,285
08/11/2007,ISP,NY,AEA,EN,Towers with Radar,84,10,46,0,140,0,0,317,0,317,84,10,363,0,457,318,0,318,775
08/12/2007,ISP,NY,AEA,EN,Towers with Radar,77,19,68,3,167,0,0,306,7,313,77,19,374,10,480,272,0,272,752
08/13/2007,ISP,NY,AEA,EN,Towers with Radar,83,11,62,3,159,0,0,169,6,175,83,11,231,9,334,252,0,252,586
08/14/2007,ISP,NY,AEA,EN,Towers with Radar,69,15,37,0,121,0,0,215,12,227,69,15,252,12,348,170,0,170,518
08/15/2007,ISP,NY,AEA,EN,Towers with Radar,73,18,53,1,145,0,0,191,5,196,73,18,244,6,341,194,0,194,535
08/16/2007,ISP,NY,AEA,EN,Towers with Radar,76,28,92,8,204,0,0,80,6,86,76,28,172,14,290,72,6,78,368
08/17/2007,ISP,NY,AEA,EN,Towers with Radar,78,13,62,0,153,0,0,232,6,238,78,13,294,6,391,168,0,168,559
08/18/2007,ISP,NY,AEA,EN,Towers with Radar,78,22,55,0,155,0,0,210,2,212,78,22,265,2,367,226,0,226,593
08/19/2007,ISP,NY,AEA,EN,Towers with Radar,84,19,63,0,166,0,0,233,2,235,84,19,296,2,401,232,0,232,633
08/20/2007,ISP,NY,AEA,EN,Towers with Radar,80,12,55,6,153,0,0,146,4,150,80,12,201,10,303,200,0,200,503
08/21/2007,ISP,NY,AEA,EN,Towers with Radar,78,20,45,0,143,0,0,3,1,4,78,20,48,1,147,0,0,0,147
08/22/2007,ISP,NY,AEA,EN,Towers with Radar,76,26,82,0,184,0,0,125,7,132,76,26,207,7,316,226,0,226,542
08/23/2007,ISP,NY,AEA,EN,Towers with Radar,67,25,61,3,156,0,0,53,0,53,67,25,114,3,209,98,0,98,307
08/24/2007,ISP,NY,AEA,EN,Towers with Radar,78,41,63,1,183,0,0,198,4,202,78,41,261,5,385,220,0,220,605
08/25/2007,ISP,NY,AEA,EN,Towers with Radar,74,13,84,1,172,0,0,35,3,38,74,13,119,4,210,64,0,64,274
08/26/2007,ISP,NY,AEA,EN,Towers with Radar,81,18,72,0,171,0,0,164,1,165,81,18,236,1,336,182,0,182,518
08/27/2007,ISP,NY,AEA,EN,Towers with Radar,87,22,71,4,184,0,0,204,4,208,87,22,275,8,392,318,0,318,710
08/28/2007,ISP,NY,AEA,EN,Towers with Radar,77,17,62,1,157,0,0,207,3,210,77,17,269,4,367,266,0,266,633
08/29/2007,ISP,NY,AEA,EN,Towers with Radar,82,22,66,0,170,0,0,264,1,265,82,22,330,1,435,560,0,560,995
08/30/2007,ISP,NY,AEA,EN,Towers with Radar,79,27,58,0,164,0,0,217,6,223,79,27,275,6,387,312,0,312,699
08/31/2007,ISP,NY,AEA,EN,Towers with Radar,73,22,69,5,169,0,0,221,7,228,73,22,290,12,397,300,0,300,697
09/01/2007,ISP,NY,AEA,EN,Towers with Radar,64,17,42,0,123,0,0,234,4,238,64,17,276,4,361,272,0,272,633
09/02/2007,ISP,NY,AEA,EN,Towers with Radar,69,10,73,0,152,0,0,216,11,227,69,10,289,11,379,276,0,276,655
09/03/2007,ISP,NY,AEA,EN,Towers with Radar,76,13,58,3,150,0,0,215,0,215,76,13,273,3,365,180,0,180,545
09/04/2007,ISP,NY,AEA,EN,Towers with Radar,78,16,54,0,148,0,0,215,2,217,78,16,269,2,365,0,0,0,365
09/05/2007,ISP,NY,AEA,EN,Towers with Radar,81,22,94,0,197,0,0,207,7,214,81,22,301,7,411,332,0,332,743
09/06/2007,ISP,NY,AEA,EN,Towers with Radar,79,20,43,1,143,0,0,228,9,237,79,20,271,10,380,244,0,244,624
09/07/2007,ISP,NY,AEA,EN,Towers with Radar,82,25,64,1,172,0,0,207,8,215,82,25,271,9,387,318,0,318,705
09/08/2007,ISP,NY,AEA,EN,Towers with Radar,64,10,50,0,124,0,0,188,3,191,64,10,238,3,315,214,0,214,529
09/09/2007,ISP,NY,AEA,EN,Towers with Radar,70,10,53,0,133,0,0,179,2,181,70,10,232,2,314,264,0,264,578
09/10/2007,ISP,NY,AEA,EN,Towers with Radar,81,15,42,0,138,0,0,20,0,20,81,15,62,0,158,6,0,6,164
09/11/2007,ISP,NY,AEA,EN,Towers with Radar,74,26,40,2,142,0,0,14,0,14,74,26,54,2,156,0,0,0,156
09/12/2007,ISP,NY,AEA,EN,Towers with Radar,76,24,68,0,168,0,0,211,0,211,76,24,279,0,379,268,0,268,647
09/13/2007,ISP,NY,AEA,EN,Towers with Radar,74,22,68,0,164,0,0,272,0,272,74,22,340,0,436,264,0,264,700
09/14/2007,ISP,NY,AEA,EN,Towers with Radar,83,16,85,6,190,0,0,254,1,255,83,16,339,7,445,292,0,292,737
09/15/2007,ISP,NY,AEA,EN,Towers with Radar,67,15,44,0,126,0,0,86,0,86,67,15,130,0,212,126,26,152,364
09/16/2007,ISP,NY,AEA,EN,Towers with Radar,72,11,57,0,140,0,0,252,4,256,72,11,309,4,396,252,4,256,652
09/17/2007,ISP,NY,AEA,EN,Towers with Radar,80,11,52,0,143,0,0,178,0,178,80,11,230,0,321,256,34,290,611
09/18/2007,ISP,NY,AEA,EN,Towers with Radar,80,20,89,0,189,0,0,202,8,210,80,20,291,8,399,248,0,248,647
09/19/2007,ISP,NY,AEA,EN,Towers with Radar,84,34,103,0,221,0,0,230,1,231,84,34,333,1,452,328,0,328,780
09/20/2007,ISP,NY,AEA,EN,Towers with Radar,78,24,69,0,171,0,0,264,0,264,78,24,333,0,435,310,0,310,745
09/21/2007,ISP,NY,AEA,EN,Towers with Radar,84,18,88,3,193,0,0,201,6,207,84,18,289,9,400,304,4,308,708
09/22/2007,ISP,NY,AEA,EN,Towers with Radar,57,6,44,0,107,0,0,23,4,27,57,6,67,4,134,62,0,62,196
09/23/2007,ISP,NY,AEA,EN,Towers with Radar,71,17,36,0,124,0,0,239,0,239,71,17,275,0,363,216,0,216,579
09/24/2007,ISP,NY,AEA,EN,Towers with Radar,81,16,69,0,166,0,0,207,6,213,81,16,276,6,379,280,0,280,659
09/25/2007,ISP,NY,AEA,EN,Towers with Radar,81,19,99,2,201,0,0,211,5,216,81,19,310,7,417,280,0,280,697
09/26/2007,ISP,NY,AEA,EN,Towers with Radar,79,21,73,0,173,0,0,189,8,197,79,21,262,8,370,248,0,248,618
09/27/2007,ISP,NY,AEA,EN,Towers with Radar,73,20,83,1,177,0,0,14,0,14,73,20,97,1,191,26,0,26,217
09/28/2007,ISP,NY,AEA,EN,Towers with Radar,88,24,75,0,187,0,0,169,14,183,88,24,244,14,370,202,16,218,588
09/29/2007,ISP,NY,AEA,EN,Towers with Radar,63,8,42,0,113,0,0,193,1,194,63,8,235,1,307,186,0,186,493
09/30/2007,ISP,NY,AEA,EN,Towers with Radar,74,12,52,0,138,0,0,277,5,282,74,12,329,5,420,306,0,306,726
10/01/2007,ISP,NY,AEA,EN,Towers with Radar,84,20,51,1,156,0,0,161,1,162,84,20,212,2,318,192,0,192,510
10/02/2007,ISP,NY,AEA,EN,Towers with Radar,77,20,54,0,151,0,0,132,13,145,77,20,186,13,296,264,6,270,578
10/03/2007,ISP,NY,AEA,EN,Towers with Radar,83,23,59,0,165,0,0,44,0,44,83,23,103,0,209,128,0,128,337
10/04/2007,ISP,NY,AEA,EN,Towers with Radar,75,24,48,0,147,0,0,74,6,80,75,24,122,6,227,96,0,96,323
10/05/2007,ISP,NY,AEA,EN,Towers with Radar,82,11,53,2,148,0,0,53,13,66,82,11,106,15,214,90,28,118,338
10/06/2007,ISP,NY,AEA,EN,Towers with Radar,71,16,74,0,161,0,0,128,11,139,71,16,202,11,300,234,54,288,588
10/07/2007,ISP,NY,AEA,EN,Towers with Radar,67,8,63,0,138,0,0,153,2,155,67,8,216,2,293,200,0,200,493
10/08/2007,ISP,NY,AEA,EN,Towers with Radar,78,13,74,0,165,0,0,125,20,145,78,13,199,20,310,200,0,200,510
10/09/2007,ISP,NY,AEA,EN,Towers with Radar,77,19,77,1,174,0,0,120,12,132,77,19,197,13,306,192,0,192,498
10/10/2007,ISP,NY,AEA,EN,Towers with Radar,70,24,60,3,157,0,0,0,0,0,70,24,60,3,157,16,0,16,173
10/11/2007,ISP,NY,AEA,EN,Towers with Radar,82,31,57,0,170,0,0,0,0,0,82,31,57,0,170,4,0,4,174
10/12/2007,ISP,NY,AEA,EN,Towers with Radar,81,21,76,3,181,0,0,93,14,107,81,21,169,17,288,144,0,144,448
10/13/2007,ISP,NY,AEA,EN,Towers with Radar,64,5,25,0,94,0,0,257,4,261,64,5,282,4,355,354,0,354,726
10/14/2007,ISP,NY,AEA,EN,Towers with Radar,73,10,70,0,153,0,0,231,2,233,73,10,301,2,386,262,0,262,648
10/15/2007,ISP,NY,AEA,EN,Towers with Radar,73,19,66,4,162,0,0,195,6,201,73,19,261,10,363,344,18,362,725
10/16/2007,ISP,NY,AEA,EN,Towers with Radar,75,18,88,0,181,0,0,219,4,223,75,18,307,4,404,338,0,338,742
10/17/2007,ISP,NY,AEA,EN,Towers with Radar,73,16,89,8,186,0,0,90,4,94,73,16,179,12,280,104,12,116,396
10/18/2007,ISP,NY,AEA,EN,Towers with Radar,78,15,114,6,213,0,0,21,7,28,78,15,135,13,241,56,4,60,301
10/19/2007,ISP,NY,AEA,EN,Towers with Radar,77,21,40,0,138,0,0,4,0,4,77,21,44,0,142,0,0,0,146
10/20/2007,ISP,NY,AEA,EN,Towers with Radar,66,5,35,0,106,0,0,189,3,192,66,5,224,3,298,248,0,248,546
10/21/2007,ISP,NY,AEA,EN,Towers with Radar,69,6,57,0,132,0,0,263,0,263,69,6,320,0,395,320,0,320,715
10/22/2007,ISP,NY,AEA,EN,Towers with Radar,77,13,52,4,146,0,0,234,2,236,77,13,286,6,382,298,0,298,708
10/23/2007,ISP,NY,AEA,EN,Towers with Radar,72,19,49,2,142,0,0,0,0,0,72,19,49,2,142,92,14,106,258
10/24/2007,ISP,NY,AEA,EN,Towers with Radar,67,18,69,0,154,0,0,43,1,44,67,18,112,1,198,116,0,116,314
10/25/2007,ISP,NY,AEA,EN,Towers with Radar,77,22,69,6,174,0,0,80,11,91,77,22,149,17,265,60,0,60,325
10/26/2007,ISP,NY,AEA,EN,Towers with Radar,76,26,81,0,183,0,0,72,3,75,76,26,153,3,258,180,0,180,438
10/27/2007,ISP,NY,AEA,EN,Towers with Radar,63,4,16,1,84,0,0,8,0,8,63,4,24,1,92,0,0,0,92
10/28/2007,ISP,NY,AEA,EN,Towers with Radar,71,9,32,0,112,0,0,133,0,133,71,9,165,0,245,146,0,146,395
10/29/2007,ISP,NY,AEA,EN,Towers with Radar,78,18,63,4,163,0,0,233,4,237,78,18,296,8,400,2576,0,2576,2976
10/30/2007,ISP,NY,AEA,EN,Towers with Radar,75,18,96,0,189,0,0,231,21,252,75,18,327,21,441,348,10,358,823
10/31/2007,ISP,NY,AEA,EN,Towers with Radar,70,23,66,0,159,0,0,215,10,225,70,23,281,10,384,288,0,288,700
11/01/2007,ISP,NY,AEA,EN,Towers with Radar,69,19,82,0,170,0,0,180,10,190,69,19,262,10,360,300,0,300,697
11/02/2007,ISP,NY,AEA,EN,Towers with Radar,80,33,81,0,194,0,0,173,5,178,80,33,254,5,372,210,8,218,590
11/03/2007,ISP,NY,AEA,EN,Towers with Radar,62,4,12,0,78,0,0,5,3,8,62,4,17,3,86,2,0,2,88
11/04/2007,ISP,NY,AEA,EN,Towers with Radar,69,15,39,0,123,0,0,225,1,226,69,15,264,1,349,247,0,247,608
11/05/2007,ISP,NY,AEA,EN,Towers with Radar,67,16,61,4,148,0,0,168,2,170,67,16,229,6,318,316,4,320,638
11/06/2007,ISP,NY,AEA,EN,Towers with Radar,65,20,54,0,139,0,0,49,9,58,65,20,103,9,197,74,0,74,271
11/07/2007,ISP,NY,AEA,EN,Towers with Radar,69,24,47,0,140,0,0,181,9,190,69,24,228,9,330,384,0,384,714
11/08/2007,ISP,NY,AEA,EN,Towers with Radar,71,21,99,0,191,0,0,207,8,215,71,21,306,8,406,232,3,235,641
11/09/2007,ISP,NY,AEA,EN,Towers with Radar,69,21,75,0,165,0,0,78,2,80,69,21,153,2,245,102,0,102,365
11/10/2007,ISP,NY,AEA,EN,Towers with Radar,63,8,25,0,96,0,0,102,0,102,63,8,127,0,198,212,0,212,410
11/11/2007,ISP,NY,AEA,EN,Towers with Radar,71,10,69,0,150,0,0,255,5,260,71,10,324,5,410,280,0,280,690
11/12/2007,ISP,NY,AEA,EN,Towers with Radar,68,22,75,17,182,0,0,167,0,167,68,22,242,17,349,290,0,290,665
11/13/2007,ISP,NY,AEA,EN,Towers with Radar,59,18,91,0,168,0,0,65,0,65,59,18,156,0,233,134,0,134,367
11/14/2007,ISP,NY,AEA,EN,Towers with Radar,63,26,99,3,191,0,0,82,8,90,63,26,181,11,281,180,36,216,497
11/15/2007,ISP,NY,AEA,EN,Towers with Radar,72,22,83,0,177,0,0,28,2,30,72,22,111,2,207,12,0,12,219
11/16/2007,ISP,NY,AEA,EN,Towers with Radar,66,17,40,0,123,0,0,66,5,71,66,17,106,5,194,52,0,52,246
11/17/2007,ISP,NY,AEA,EN,Towers with Radar,62,15,64,0,141,0,0,166,3,169,62,15,230,3,310,318,0,318,628
11/18/2007,ISP,NY,AEA,EN,Towers with Radar,70,14,75,1,160,0,0,147,1,148,70,14,222,2,308,186,0,186,494
11/19/2007,ISP,NY,AEA,EN,Towers with Radar,63,18,67,0,148,0,0,90,5,95,63,18,157,5,243,288,0,288,543
11/20/2007,ISP,NY,AEA,EN,Towers with Radar,72,23,69,0,164,0,0,31,6,37,72,23,100,6,201,62,0,62,263
11/21/2007,ISP,NY,AEA,EN,Towers with Radar,73,28,101,0,202,0,0,35,2,37,73,28,136,2,239,38,0,38,277
11/22/2007,ISP,NY,AEA,EN,Towers with Radar,54,10,41,0,105,0,0,37,0,37,54,10,78,0,142,90,0,90,232
11/23/2007,ISP,NY,AEA,EN,Towers with Radar,65,12,36,0,113,0,0,163,1,164,65,12,199,1,277,242,0,242,940
11/24/2007,ISP,NY,AEA,EN,Towers with Radar,59,42,32,1,134,0,0,169,0,169,59,42,201,1,303,316,0,316,619
11/25/2007,ISP,NY,AEA,EN,Towers with Radar,67,14,83,4,168,0,0,216,0,216,67,14,299,4,384,316,0,316,718
11/26/2007,ISP,NY,AEA,EN,Towers with Radar,56,6,57,2,121,0,0,3,0,3,56,6,60,2,124,2,0,2,126
11/27/2007,ISP,NY,AEA,EN,Towers with Radar,73,21,89,0,183,0,0,90,7,97,73,21,179,7,280,236,0,236,522
11/28/2007,ISP,NY,AEA,EN,Towers with Radar,67,15,87,3,172,0,0,194,4,198,67,15,281,7,370,298,0,298,1168
11/29/2007,ISP,NY,AEA,EN,Towers with Radar,67,22,65,6,160,0,0,132,9,141,67,22,197,15,301,260,30,290,1022
11/30/2007,ISP,NY,AEA,EN,Towers with Radar,62,13,47,3,125,0,0,185,3,188,62,13,232,6,313,270,0,270,1061
12/01/2007,ISP,NY,AEA,EN,Towers with Radar,62,8,54,0,124,0,0,119,0,119,62,8,173,0,243,250,0,250,493
12/02/2007,ISP,NY,AEA,EN,Towers with Radar,63,7,22,0,92,0,0,259,0,259,63,7,281,0,351,0,0,0,351
12/03/2007,ISP,NY,AEA,EN,Towers with Radar,68,12,32,0,112,0,0,20,2,22,68,12,52,2,134,26,0,26,160
12/04/2007,ISP,NY,AEA,EN,Towers with Radar,69,23,46,0,138,0,0,47,0,47,69,23,93,0,185,24,0,24,219
12/05/2007,ISP,NY,AEA,EN,Towers with Radar,62,14,40,0,116,0,0,102,4,106,62,14,142,4,222,78,0,78,304
12/06/2007,ISP,NY,AEA,EN,Towers with Radar,69,27,62,0,158,0,0,211,2,213,69,27,273,2,371,306,0,306,677
12/07/2007,ISP,NY,AEA,EN,Towers with Radar,69,13,58,0,140,0,0,124,5,129,69,13,182,5,269,256,0,256,525
12/08/2007,ISP,NY,AEA,EN,Towers with Radar,63,12,64,0,139,0,0,195,9,204,63,12,259,9,343,284,0,284,627
12/09/2007,ISP,NY,AEA,EN,Towers with Radar,67,13,46,0,126,0,0,110,0,110,67,13,156,0,236,300,0,300,536
12/10/2007,ISP,NY,AEA,EN,Towers with Radar,70,15,41,0,126,0,0,0,0,0,70,15,41,0,126,0,0,0,126
12/11/2007,ISP,NY,AEA,EN,Towers with Radar,63,20,52,16,151,0,0,143,10,153,63,20,195,26,304,206,20,226,922
12/12/2007,ISP,NY,AEA,EN,Towers with Radar,68,19,73,0,160,0,0,93,4,97,68,19,166,4,257,178,0,178,724
12/13/2007,ISP,NY,AEA,EN,Towers with Radar,67,18,50,0,135,0,0,24,2,26,67,18,74,2,161,68,0,68,233
12/14/2007,ISP,NY,AEA,EN,Towers with Radar,71,12,67,0,150,0,0,124,0,124,71,12,191,0,274,212,0,212,486
12/15/2007,ISP,NY,AEA,EN,Towers with Radar,55,7,36,0,98,0,0,157,0,157,55,7,193,0,255,198,0,198,457
12/16/2007,ISP,NY,AEA,EN,Towers with Radar,61,6,13,0,80,0,0,1,0,1,61,6,14,0,81,0,0,0,81
12/17/2007,ISP,NY,AEA,EN,Towers with Radar,69,15,42,0,126,0,0,40,1,41,69,15,82,1,167,22,0,22,191
12/18/2007,ISP,NY,AEA,EN,Towers with Radar,69,27,67,3,166,0,0,196,3,199,69,27,263,6,365,312,0,312,677
12/19/2007,ISP,NY,AEA,EN,Towers with Radar,63,17,71,4,155,0,0,162,4,166,63,17,233,8,321,402,0,402,1307
12/20/2007,ISP,NY,AEA,EN,Towers with Radar,65,8,213,6,292,0,0,0,0,0,65,8,213,6,292,230,0,230,535
12/21/2007,ISP,NY,AEA,EN,Towers with Radar,61,17,36,0,114,0,0,76,0,76,61,17,112,0,190,146,0,146,336
12/22/2007,ISP,NY,AEA,EN,Towers with Radar,64,21,57,0,142,0,0,0,0,0,64,21,57,0,142,371,8,379,521
12/23/2007,ISP,NY,AEA,EN,Towers with Radar,69,10,43,0,122,0,0,4,0,4,69,10,47,0,126,12,0,12,138
12/24/2007,ISP,NY,AEA,EN,Towers with Radar,68,12,29,0,109,0,0,94,0,94,68,12,123,0,203,154,0,154,357
12/25/2007,ISP,NY,AEA,EN,Towers with Radar,57,1,29,0,87,0,0,49,0,49,57,1,78,0,136,56,0,56,192
12/26/2007,ISP,NY,AEA,EN,Towers with Radar,65,11,73,2,151,0,0,133,4,137,65,11,206,6,288,198,4,202,498
12/27/2007,ISP,NY,AEA,EN,Towers with Radar,72,11,34,1,118,0,0,0,0,0,72,11,34,1,118,0,0,0,118
12/28/2007,ISP,NY,AEA,EN,Towers with Radar,67,2,48,1,118,0,0,188,5,193,67,2,236,6,311,232,0,232,558
12/29/2007,ISP,NY,AEA,EN,Towers with Radar,60,7,45,0,112,0,0,120,0,120,60,7,165,0,232,192,0,192,424
12/30/2007,ISP,NY,AEA,EN,Towers with Radar,59,4,39,0,102,0,0,153,0,153,59,4,192,0,255,308,0,308,563
12/31/2007,ISP,NY,AEA,EN,Towers with Radar,63,6,35,0,104,0,0,83,6,89,63,6,118,6,193,166,0,166,359
01/01/2008,ISP,NY,AEA,EN,Towers with Radar,60,9,28,0,97,0,0,22,2,24,60,9,50,2,121,0,0,0,121
01/02/2008,ISP,NY,AEA,EN,Towers with Radar,69,11,34,4,118,0,0,54,1,55,69,11,88,5,173,10,0,10,183
01/03/2008,ISP,NY,AEA,EN,Towers with Radar,62,9,45,1,117,0,0,70,7,77,62,9,115,8,194,154,22,176,370
01/04/2008,ISP,NY,AEA,EN,Towers with Radar,72,14,41,1,128,0,0,110,9,119,72,14,151,10,247,238,4,242,489
01/05/2008,ISP,NY,AEA,EN,Towers with Radar,59,11,79,0,149,0,0,190,2,192,59,11,269,2,341,280,0,280,621
01/06/2008,ISP,NY,AEA,EN,Towers with Radar,61,11,68,0,140,0,0,160,0,160,61,11,228,0,300,384,0,384,686
01/07/2008,ISP,NY,AEA,EN,Towers with Radar,68,12,53,0,133,0,0,150,5,155,68,12,203,5,288,254,0,254,542
01/08/2008,ISP,NY,AEA,EN,Towers with Radar,69,20,46,0,135,0,0,160,10,170,69,20,206,10,305,224,0,224,923
01/09/2008,ISP,NY,AEA,EN,Towers with Radar,65,14,29,0,108,0,0,41,2,43,65,14,70,2,151,24,0,24,175
01/10/2008,ISP,NY,AEA,EN,Towers with Radar,63,17,65,1,146,0,0,165,13,178,63,17,230,14,324,274,12,286,610
01/11/2008,ISP,NY,AEA,EN,Towers with Radar,60,17,35,0,112,0,0,6,1,7,60,17,41,1,119,0,0,0,126
01/12/2008,ISP,NY,AEA,EN,Towers with Radar,64,11,51,0,126,0,0,273,5,278,64,11,324,5,404,334,0,334,750
01/13/2008,ISP,NY,AEA,EN,Towers with Radar,65,9,56,2,132,0,0,183,6,189,65,9,239,8,321,266,0,266,599
01/14/2008,ISP,NY,AEA,EN,Towers with Radar,67,19,30,0,116,0,0,36,4,40,67,19,66,4,156,106,0,106,267
01/15/2008,ISP,NY,AEA,EN,Towers with Radar,69,19,56,1,145,0,0,109,2,111,69,19,165,3,256,230,0,230,501
01/16/2008,ISP,NY,AEA,EN,Towers with Radar,72,16,90,0,178,0,0,170,1,171,72,16,260,1,349,204,0,204,581
01/17/2008,ISP,NY,AEA,EN,Towers with Radar,64,12,75,3,154,0,0,124,1,125,64,12,199,4,279,242,0,242,533
01/18/2008,ISP,NY,AEA,EN,Towers with Radar,71,10,38,0,119,0,0,73,1,74,71,10,111,1,193,64,0,64,407
01/19/2008,ISP,NY,AEA,EN,Towers with Radar,61,6,56,0,123,0,0,140,2,142,61,6,196,2,265,244,0,244,513
01/20/2008,ISP,NY,AEA,EN,Towers with Radar,63,11,27,0,101,0,0,26,0,26,63,11,53,0,127,16,0,16,143
01/21/2008,ISP,NY,AEA,EN,Towers with Radar,76,18,65,0,159,0,0,169,0,169,76,18,234,0,328,254,0,254,600
01/22/2008,ISP,NY,AEA,EN,Towers with Radar,68,22,48,0,138,0,0,47,0,47,68,22,95,0,185,90,0,90,279
01/23/2008,ISP,NY,AEA,EN,Towers with Radar,65,23,60,2,150,0,0,176,5,181,65,23,236,7,331,266,0,266,597
01/24/2008,ISP,NY,AEA,EN,Towers with Radar,69,17,56,0,142,0,0,94,6,100,69,17,150,6,242,170,0,170,426
01/25/2008,ISP,NY,AEA,EN,Towers with Radar,61,24,56,0,141,0,0,113,2,115,61,24,169,2,256,174,14,188,450
01/26/2008,ISP,NY,AEA,EN,Towers with Radar,61,30,48,4,143,0,0,170,0,170,61,30,218,4,313,276,10,286,620
01/27/2008,ISP,NY,AEA,EN,Towers with Radar,66,9,58,0,133,0,0,91,6,97,66,9,149,6,230,178,0,178,412
01/28/2008,ISP,NY,AEA,EN,Towers with Radar,73,17,67,1,158,0,0,128,5,133,73,17,195,6,291,166,0,166,466
01/29/2008,ISP,NY,AEA,EN,Towers with Radar,74,17,69,3,163,0,0,136,10,146,74,17,205,13,309,238,0,238,561
01/30/2008,ISP,NY,AEA,EN,Towers with Radar,65,12,27,1,105,0,0,10,3,13,65,12,37,4,118,18,0,18,136
01/31/2008,ISP,NY,AEA,EN,Towers with Radar,64,19,57,0,140,0,0,171,7,178,64,19,228,7,318,252,0,252,570
02/01/2008,ISP,NY,AEA,EN,Towers with Radar,71,14,29,4,118,0,0,0,2,2,71,14,29,6,120,0,4,4,124
02/02/2008,ISP,NY,AEA,EN,Towers with Radar,64,10,88,0,162,0,0,147,0,147,64,10,235,0,309,346,0,346,663
02/03/2008,ISP,NY,AEA,EN,Towers with Radar,69,9,83,1,162,0,0,210,3,213,69,9,293,4,375,332,0,332,709
02/04/2008,ISP,NY,AEA,EN,Towers with Radar,60,16,43,0,119,0,0,60,0,60,60,16,103,0,179,44,0,44,229
02/05/2008,ISP,NY,AEA,EN,Towers with Radar,67,16,60,0,143,0,0,17,5,22,67,16,77,5,165,16,14,30,195
02/06/2008,ISP,NY,AEA,EN,Towers with Radar,64,24,45,0,133,0,0,42,0,42,64,24,87,0,175,31,0,31,206
02/07/2008,ISP,NY,AEA,EN,Towers with Radar,68,16,56,2,142,0,0,136,5,141,68,16,192,7,283,252,0,252,535
02/08/2008,ISP,NY,AEA,EN,Towers with Radar,74,12,78,0,164,0,0,60,2,62,74,12,138,2,226,186,0,186,420
02/09/2008,ISP,NY,AEA,EN,Towers with Radar,60,7,38,0,105,0,0,104,1,105,60,7,142,1,210,310,0,310,520
02/10/2008,ISP,NY,AEA,EN,Towers with Radar,66,8,47,0,121,0,0,24,2,26,66,8,71,2,147,78,0,78,225
02/11/2008,ISP,NY,AEA,EN,Towers with Radar,70,18,59,0,147,0,0,63,5,68,70,18,122,5,215,78,0,78,303
02/12/2008,ISP,NY,AEA,EN,Towers with Radar,65,20,62,2,149,0,0,63,2,65,65,20,125,4,214,144,2,146,360
02/13/2008,ISP,NY,AEA,EN,Towers with Radar,65,18,39,0,122,0,0,1,0,1,65,18,40,0,123,0,0,0,123
02/14/2008,ISP,NY,AEA,EN,Towers with Radar,62,23,67,1,153,0,0,95,8,103,62,23,162,9,256,92,0,92,348
02/15/2008,ISP,NY,AEA,EN,Towers with Radar,72,18,67,0,157,0,0,147,5,152,72,18,214,5,309,190,0,190,499
02/16/2008,ISP,NY,AEA,EN,Towers with Radar,56,3,71,0,130,0,0,213,0,213,56,3,284,0,343,314,0,314,657
02/17/2008,ISP,NY,AEA,EN,Towers with Radar,59,5,53,0,117,0,0,122,3,125,59,5,175,3,242,272,0,272,514
02/18/2008,ISP,NY,AEA,EN,Towers with Radar,69,9,32,0,110,0,0,1,0,1,69,9,33,0,111,0,0,0,111
02/19/2008,ISP,NY,AEA,EN,Towers with Radar,70,15,47,1,133,0,0,67,3,70,70,15,114,4,203,82,0,82,285
02/20/2008,ISP,NY,AEA,EN,Towers with Radar,62,11,54,0,127,0,0,93,6,99,62,11,147,6,226,174,0,174,400
02/21/2008,ISP,NY,AEA,EN,Towers with Radar,63,16,60,2,141,0,0,191,9,200,63,16,251,11,341,244,10,254,615
02/22/2008,ISP,NY,AEA,EN,Towers with Radar,57,15,10,2,84,0,0,0,0,0,57,15,10,2,84,0,0,0,84
02/23/2008,ISP,NY,AEA,EN,Towers with Radar,59,7,20,0,86,0,0,9,0,9,59,7,29,0,95,66,0,66,161
02/24/2008,ISP,NY,AEA,EN,Towers with Radar,68,15,81,0,164,0,0,170,2,172,68,15,251,2,336,318,0,318,654
02/25/2008,ISP,NY,AEA,EN,Towers with Radar,67,18,93,0,178,0,0,189,2,191,67,18,282,2,369,310,0,310,691
02/26/2008,ISP,NY,AEA,EN,Towers with Radar,64,15,41,6,126,0,0,35,0,35,64,15,76,6,161,72,2,74,235
02/27/2008,ISP,NY,AEA,EN,Towers with Radar,71,15,42,0,128,0,0,53,2,55,71,15,95,2,183,216,0,216,399
02/28/2008,ISP,NY,AEA,EN,Towers with Radar,66,17,82,14,179,0,0,142,4,146,66,17,224,18,325,228,12,240,597
02/29/2008,ISP,NY,AEA,EN,Towers with Radar,67,11,47,2,127,0,0,130,4,134,67,11,177,6,261,184,72,256,535
03/01/2008,ISP,NY,AEA,EN,Towers with Radar,65,3,44,0,112,0,0,40,0,40,65,3,84,0,152,148,0,148,302
03/02/2008,ISP,NY,AEA,EN,Towers with Radar,69,12,91,0,172,0,0,187,2,189,69,12,278,2,361,268,0,268,633
03/03/2008,ISP,NY,AEA,EN,Towers with Radar,69,10,62,0,141,0,0,143,2,145,69,10,205,2,286,184,0,184,480
03/04/2008,ISP,NY,AEA,EN,Towers with Radar,64,12,57,2,135,0,0,50,6,56,64,12,107,8,191,54,0,54,249
03/05/2008,ISP,NY,AEA,EN,Towers with Radar,61,12,46,0,119,0,0,24,3,27,61,12,70,3,146,68,4,72,317
03/06/2008,ISP,NY,AEA,EN,Towers with Radar,65,16,103,2,186,0,0,238,14,252,65,16,341,16,438,378,2,380,831
03/07/2008,ISP,NY,AEA,EN,Towers with Radar,64,25,56,1,146,0,0,118,13,131,64,25,174,14,277,312,8,320,605
03/08/2008,ISP,NY,AEA,EN,Towers with Radar,75,14,8,0,97,0,0,0,0,0,75,14,8,0,97,0,0,0,97
03/09/2008,ISP,NY,AEA,EN,Towers with Radar,59,10,41,0,110,0,0,15,8,23,59,10,56,8,133,44,22,66,199
03/10/2008,ISP,NY,AEA,EN,Towers with Radar,67,10,50,9,136,0,0,128,3,131,67,10,178,12,267,266,0,266,535
03/11/2008,ISP,NY,AEA,EN,Towers with Radar,69,14,64,0,147,0,0,175,4,179,69,14,239,4,326,290,0,290,616
03/12/2008,ISP,NY,AEA,EN,Towers with Radar,61,11,60,6,138,0,0,91,10,101,61,11,151,16,239,134,8,142,381
03/13/2008,ISP,NY,AEA,EN,Towers with Radar,69,15,86,0,170,0,0,203,7,210,83,15,289,7,394,404,0,404,798
03/14/2008,ISP,NY,AEA,EN,Towers with Radar,71,16,84,3,174,0,0,145,12,157,71,16,229,15,331,302,0,302,639
03/15/2008,ISP,NY,AEA,EN,Towers with Radar,73,22,70,0,165,0,0,101,0,101,73,22,171,0,266,230,0,230,500
03/16/2008,ISP,NY,AEA,EN,Towers with Radar,64,12,56,1,133,0,0,82,0,82,64,12,138,1,215,245,0,245,472
03/17/2008,ISP,NY,AEA,EN,Towers with Radar,67,11,66,3,147,0,0,142,8,150,67,11,208,11,297,228,4,232,543
03/18/2008,ISP,NY,AEA,EN,Towers with Radar,61,17,76,5,159,0,0,170,12,182,61,17,246,17,341,258,24,282,623
03/19/2008,ISP,NY,AEA,EN,Towers with Radar,68,12,38,0,118,0,0,3,0,3,68,12,41,0,121,8,0,8,129
03/20/2008,ISP,NY,AEA,EN,Towers with Radar,67,16,52,2,137,0,0,33,0,33,67,16,85,2,170,6,0,6,180
03/21/2008,ISP,NY,AEA,EN,Towers with Radar,67,16,24,1,108,0,0,27,8,35,67,16,51,9,143,44,0,44,187
03/22/2008,ISP,NY,AEA,EN,Towers with Radar,70,6,56,0,132,0,0,245,0,245,70,6,301,0,377,382,0,382,759
03/23/2008,ISP,NY,AEA,EN,Towers with Radar,67,12,59,16,154,0,0,149,0,149,67,12,208,16,303,280,0,280,597
03/24/2008,ISP,NY,AEA,EN,Towers with Radar,69,14,72,0,155,0,0,204,6,210,69,14,276,6,365,262,0,262,627
03/25/2008,ISP,NY,AEA,EN,Towers with Radar,63,12,41,0,116,0,0,150,29,179,63,12,191,29,295,202,0,202,497
03/26/2008,ISP,NY,AEA,EN,Towers with Radar,65,14,68,0,147,0,0,123,9,132,65,14,191,9,279,322,0,322,615
03/27/2008,ISP,NY,AEA,EN,Towers with Radar,63,19,62,0,144,0,0,87,7,94,63,19,149,7,238,306,8,314,558
03/28/2008,ISP,NY,AEA,EN,Towers with Radar,68,14,59,0,141,0,0,66,0,66,68,14,125,0,207,226,0,226,445
03/29/2008,ISP,NY,AEA,EN,Towers with Radar,66,13,49,0,128,0,0,183,4,187,66,13,232,4,315,324,0,324,644
03/30/2008,ISP,NY,AEA,EN,Towers with Radar,63,17,75,1,156,0,0,238,2,240,63,17,313,3,396,386,0,386,782
03/31/2008,ISP,NY,AEA,EN,Towers with Radar,70,13,65,0,148,0,0,40,1,41,70,13,105,1,189,52,0,52,241
04/01/2008,ISP,NY,AEA,EN,Towers with Radar,68,7,38,0,113,0,0,3,0,3,68,7,41,0,116,0,0,0,119
04/02/2008,ISP,NY,AEA,EN,Towers with Radar,63,17,185,10,275,0,0,0,0,0,63,17,185,10,275,182,8,190,479
04/03/2008,ISP,NY,AEA,EN,Towers with Radar,68,14,72,8,162,0,0,222,11,233,68,14,294,19,395,424,5,429,838
04/04/2008,ISP,NY,AEA,EN,Towers with Radar,64,9,35,0,108,0,0,2,2,4,64,9,37,2,112,0,0,0,112
04/05/2008,ISP,NY,AEA,EN,Towers with Radar,65,10,66,1,142,0,0,90,2,92,65,10,156,3,234,252,0,252,491
04/06/2008,ISP,NY,AEA,EN,Towers with Radar,70,9,72,0,151,0,0,74,1,75,70,9,146,1,226,244,0,244,789
04/07/2008,ISP,NY,AEA,EN,Towers with Radar,70,12,73,0,155,0,0,88,0,88,70,12,161,0,243,176,0,176,419
04/08/2008,ISP,NY,AEA,EN,Towers with Radar,64,16,72,0,152,0,0,165,3,168,64,16,237,3,320,290,0,290,610
04/09/2008,ISP,NY,AEA,EN,Towers with Radar,63,18,96,0,177,0,0,135,4,139,63,18,231,4,316,256,0,256,572
04/10/2008,ISP,NY,AEA,EN,Towers with Radar,66,16,84,0,166,0,0,157,4,161,66,16,241,4,327,259,0,259,586
04/11/2008,ISP,NY,AEA,EN,Towers with Radar,67,22,58,10,157,0,0,59,8,67,67,22,117,18,224,150,0,150,374
04/12/2008,ISP,NY,AEA,EN,Towers with Radar,75,11,44,0,130,0,0,25,2,27,75,11,69,2,157,34,0,34,191
04/13/2008,ISP,NY,AEA,EN,Towers with Radar,71,10,67,0,148,0,0,140,2,142,71,10,207,2,290,310,0,310,610
04/14/2008,ISP,NY,AEA,EN,Towers with Radar,67,13,67,0,147,0,0,146,3,149,67,13,213,3,296,266,0,266,562
04/15/2008,ISP,NY,AEA,EN,Towers with Radar,66,16,53,0,135,0,0,197,1,198,66,16,250,1,333,292,0,292,636
04/16/2008,ISP,NY,AEA,EN,Towers with Radar,65,17,97,0,179,0,0,195,10,205,65,17,292,10,384,310,0,310,694
04/17/2008,ISP,NY,AEA,EN,Towers with Radar,69,22,104,0,195,0,0,226,8,234,69,22,330,8,429,400,0,400,829
04/18/2008,ISP,NY,AEA,EN,Towers with Radar,66,19,70,0,155,0,0,203,4,207,66,19,273,4,362,289,6,295,1159
04/19/2008,ISP,NY,AEA,EN,Towers with Radar,66,8,31,0,105,0,0,230,6,236,66,8,261,6,341,316,0,316,1221
04/20/2008,ISP,NY,AEA,EN,Towers with Radar,74,12,62,0,148,0,0,125,4,129,74,12,187,4,277,254,0,254,531
04/21/2008,ISP,NY,AEA,EN,Towers with Radar,67,11,76,2,156,0,0,106,1,107,67,11,182,3,263,146,0,146,670
04/22/2008,ISP,NY,AEA,EN,Towers with Radar,67,11,63,0,141,0,0,148,3,151,67,11,211,3,292,274,0,274,566
04/23/2008,ISP,NY,AEA,EN,Towers with Radar,63,12,59,0,134,0,0,179,8,187,63,12,238,8,321,364,0,364,685
04/24/2008,ISP,NY,AEA,EN,Towers with Radar,70,18,113,1,202,0,0,207,6,213,70,18,320,7,415,406,0,406,846
04/25/2008,ISP,NY,AEA,EN,Towers with Radar,65,14,52,4,135,0,0,203,0,203,65,14,255,4,338,408,4,412,760
04/26/2008,ISP,NY,AEA,EN,Towers with Radar,70,6,70,0,146,0,0,133,3,136,70,6,203,3,282,200,0,200,494
04/27/2008,ISP,NY,AEA,EN,Towers with Radar,64,13,73,0,150,0,0,53,0,53,64,13,126,0,203,190,0,190,402
04/28/2008,ISP,NY,AEA,EN,Towers with Radar,73,7,43,0,123,0,0,1,2,3,73,7,44,2,126,0,0,0,126
04/29/2008,ISP,NY,AEA,EN,Towers with Radar,63,12,41,1,117,0,0,51,0,51,63,12,92,1,168,110,12,122,294
04/30/2008,ISP,NY,AEA,EN,Towers with Radar,68,13,78,0,159,0,0,207,4,211,68,13,285,4,370,360,0,360,735
05/01/2008,ISP,NY,AEA,EN,Towers with Radar,71,22,73,1,167,0,0,158,9,167,71,22,231,10,334,362,6,368,702
05/02/2008,ISP,NY,AEA,EN,Towers with Radar,68,13,71,0,152,0,0,9,0,9,68,13,80,0,161,4,8,12,176
05/03/2008,ISP,NY,AEA,EN,Towers with Radar,73,3,60,0,136,0,0,20,0,20,73,3,80,0,156,102,0,102,258
05/04/2008,ISP,NY,AEA,EN,Towers with Radar,65,7,71,0,143,0,0,54,0,54,65,7,125,0,197,168,0,168,365
05/05/2008,ISP,NY,AEA,EN,Towers with Radar,70,15,72,0,157,0,0,187,6,193,70,15,259,6,350,312,0,312,662
05/06/2008,ISP,NY,AEA,EN,Towers with Radar,65,15,87,5,172,0,0,213,11,224,65,15,300,16,396,366,12,378,774
05/07/2008,ISP,NY,AEA,EN,Towers with Radar,63,16,74,9,162,0,0,0,0,0,63,16,74,9,162,394,0,394,556
05/08/2008,ISP,NY,AEA,EN,Towers with Radar,71,11,88,2,172,0,0,47,9,56,71,11,135,11,228,164,18,182,410
05/09/2008,ISP,NY,AEA,EN,Towers with Radar,64,12,48,0,124,0,0,19,1,20,64,12,67,1,144,36,0,36,180
05/10/2008,ISP,NY,AEA,EN,Towers with Radar,62,10,79,1,152,0,0,194,0,194,62,10,273,1,346,326,0,326,672
05/11/2008,ISP,NY,AEA,EN,Towers with Radar,69,11,236,3,319,0,0,0,0,0,69,11,236,3,319,218,0,218,919
05/12/2008,ISP,NY,AEA,EN,Towers with Radar,63,9,16,0,88,0,0,16,0,16,63,9,32,0,104,0,0,0,104
05/13/2008,ISP,NY,AEA,EN,Towers with Radar,65,14,48,0,127,0,0,128,16,144,65,14,176,16,271,252,6,258,529
05/14/2008,ISP,NY,AEA,EN,Towers with Radar,69,13,91,3,176,0,0,319,6,325,69,13,410,9,501,468,0,468,969
05/15/2008,ISP,NY,AEA,EN,Towers with Radar,70,18,93,0,181,0,0,177,10,187,70,18,270,10,368,370,0,370,750
05/16/2008,ISP,NY,AEA,EN,Towers with Radar,65,13,61,2,141,0,0,56,5,61,65,13,117,7,202,136,0,136,348
05/17/2008,ISP,NY,AEA,EN,Towers with Radar,66,4,51,0,121,0,0,227,5,232,66,4,278,5,353,274,0,274,645
05/18/2008,ISP,NY,AEA,EN,Towers with Radar,63,8,62,0,133,0,0,129,2,131,63,8,191,2,264,166,0,166,440
05/19/2008,ISP,NY,AEA,EN,Towers with Radar,70,12,51,0,133,0,0,79,4,83,70,12,130,4,216,98,0,98,314
05/20/2008,ISP,NY,AEA,EN,Towers with Radar,65,11,58,0,134,0,0,67,3,70,65,11,125,3,204,154,0,154,362
05/21/2008,ISP,NY,AEA,EN,Towers with Radar,67,20,63,0,150,0,0,145,7,152,67,20,208,7,302,378,2,380,696
05/22/2008,ISP,NY,AEA,EN,Towers with Radar,65,18,71,8,162,0,0,121,4,125,65,18,192,12,287,250,16,266,567
05/23/2008,ISP,NY,AEA,EN,Towers with Radar,68,12,70,4,154,0,0,155,7,162,68,12,225,11,316,198,0,198,524
05/24/2008,ISP,NY,AEA,EN,Towers with Radar,66,10,40,0,116,0,0,227,3,230,66,10,267,3,346,402,0,402,766
05/25/2008,ISP,NY,AEA,EN,Towers with Radar,58,5,27,2,92,0,0,170,6,176,58,5,197,8,268,218,0,218,486
05/26/2008,ISP,NY,AEA,EN,Towers with Radar,56,8,29,2,95,0,0,175,1,176,56,8,204,3,271,94,2,96,367
05/27/2008,ISP,NY,AEA,EN,Towers with Radar,65,14,38,1,118,0,0,66,4,70,65,14,104,5,188,166,4,170,358
05/28/2008,ISP,NY,AEA,EN,Towers with Radar,73,18,110,0,201,0,0,214,4,218,73,18,324,4,419,420,0,420,839
05/29/2008,ISP,NY,AEA,EN,Towers with Radar,68,15,69,2,154,0,0,190,2,192,68,15,259,4,346,356,0,356,702
05/30/2008,ISP,NY,AEA,EN,Towers with Radar,67,17,74,6,164,0,0,238,8,246,67,17,312,14,410,378,0,378,788
05/31/2008,ISP,NY,AEA,EN,Towers with Radar,66,7,10,3,86,0,0,8,0,8,66,7,18,3,94,8,0,8,106
06/01/2008,ISP,NY,AEA,EN,Towers with Radar,70,9,62,0,141,0,0,164,2,166,70,9,226,2,307,338,0,338,645
06/02/2008,ISP,NY,AEA,EN,Towers with Radar,63,8,81,0,152,0,0,167,2,169,63,8,248,2,321,340,0,340,673
06/03/2008,ISP,NY,AEA,EN,Towers with Radar,68,7,87,1,163,0,0,167,13,180,68,7,254,14,343,386,0,386,729
06/04/2008,ISP,NY,AEA,EN,Towers with Radar,67,16,45,4,132,0,0,15,0,15,67,16,60,4,147,14,0,14,161
06/05/2008,ISP,NY,AEA,EN,Towers with Radar,68,19,60,2,149,0,0,108,4,112,68,19,168,6,261,264,0,264,529
06/06/2008,ISP,NY,AEA,EN,Towers with Radar,76,13,68,0,157,0,0,31,1,32,76,13,99,1,189,56,0,56,245
06/07/2008,ISP,NY,AEA,EN,Towers with Radar,61,4,47,3,115,0,0,143,1,144,61,4,190,4,259,266,0,266,525
06/08/2008,ISP,NY,AEA,EN,Towers with Radar,62,8,58,0,128,0,0,147,0,147,62,8,205,0,275,183,0,183,468
06/09/2008,ISP,NY,AEA,EN,Towers with Radar,76,13,84,1,174,0,0,151,4,155,76,13,235,5,329,324,0,324,653
06/10/2008,ISP,NY,AEA,EN,Towers with Radar,65,16,83,0,164,0,0,155,0,155,65,16,238,0,319,336,4,340,659
06/11/2008,ISP,NY,AEA,EN,Towers with Radar,71,15,59,2,147,0,0,211,2,213,71,15,270,4,360,304,0,304,664
06/12/2008,ISP,NY,AEA,EN,Towers with Radar,70,15,96,0,181,0,0,210,3,213,70,15,306,3,394,238,0,238,632
06/13/2008,ISP,NY,AEA,EN,Towers with Radar,66,16,77,0,159,0,0,236,20,256,66,16,313,20,415,288,0,288,703
06/14/2008,ISP,NY,AEA,EN,Towers with Radar,62,4,48,0,114,0,0,169,2,171,62,4,217,2,285,286,0,286,571
06/15/2008,ISP,NY,AEA,EN,Towers with Radar,66,9,117,0,192,0,0,0,0,0,66,9,117,0,192,2,0,2,251
06/16/2008,ISP,NY,AEA,EN,Towers with Radar,63,11,49,0,123,0,0,13,0,13,63,11,62,0,136,8,0,8,158
06/17/2008,ISP,NY,AEA,EN,Towers with Radar,66,14,72,0,152,0,0,193,1,194,66,14,265,1,346,328,0,328,678
06/18/2008,ISP,NY,AEA,EN,Towers with Radar,63,17,228,2,310,0,0,0,0,0,63,17,228,2,310,330,0,330,1179
06/19/2008,ISP,NY,AEA,EN,Towers with Radar,72,16,124,0,212,0,0,166,1,167,72,16,290,1,379,242,0,242,621
06/20/2008,ISP,NY,AEA,EN,Towers with Radar,76,15,71,1,163,0,0,218,5,223,76,15,289,6,386,362,0,362,768
06/21/2008,ISP,NY,AEA,EN,Towers with Radar,56,6,66,0,128,0,0,248,2,250,56,6,314,2,378,358,0,358,736
06/22/2008,ISP,NY,AEA,EN,Towers with Radar,55,10,60,0,125,0,0,72,0,72,55,10,132,0,197,126,0,126,323
06/23/2008,ISP,NY,AEA,EN,Towers with Radar,74,18,90,0,182,0,0,23,0,23,74,18,113,0,205,30,0,30,235
06/24/2008,ISP,NY,AEA,EN,Towers with Radar,64,11,68,0,143,0,0,105,0,105,64,11,173,0,248,270,0,270,526
06/25/2008,ISP,NY,AEA,EN,Towers with Radar,59,17,65,0,141,0,0,234,1,235,59,17,299,1,376,320,0,320,706
06/26/2008,ISP,NY,AEA,EN,Towers with Radar,69,23,85,0,177,0,0,118,0,118,69,23,203,0,295,308,0,308,615
06/27/2008,ISP,NY,AEA,EN,Towers with Radar,69,15,99,1,184,0,0,197,2,199,69,15,296,3,383,416,4,420,803
06/28/2008,ISP,NY,AEA,EN,Towers with Radar,63,2,75,0,140,0,0,167,2,169,63,2,242,2,309,282,0,282,599
06/29/2008,ISP,NY,AEA,EN,Towers with Radar,60,12,71,1,144,0,0,108,1,109,60,12,179,2,253,210,0,210,471
06/30/2008,ISP,NY,AEA,EN,Towers with Radar,73,12,51,0,136,0,0,173,6,179,73,12,224,6,315,216,2,218,533
07/01/2008,ISP,NY,AEA,EN,Towers with Radar,66,12,64,0,142,0,0,160,3,163,66,12,224,3,305,314,0,314,619
07/02/2008,ISP,NY,AEA,EN,Towers with Radar,67,8,43,0,118,0,0,160,0,160,67,8,203,0,278,400,0,400,678
07/03/2008,ISP,NY,AEA,EN,Towers with Radar,60,12,68,0,140,0,0,160,0,160,60,12,228,0,300,483,0,483,783
07/04/2008,ISP,NY,AEA,EN,Towers with Radar,54,12,41,0,107,0,0,94,0,94,54,12,135,0,201,312,0,312,513
07/05/2008,ISP,NY,AEA,EN,Towers with Radar,50,5,57,0,112,0,0,9,0,9,50,5,66,0,121,40,0,40,161
07/06/2008,ISP,NY,AEA,EN,Towers with Radar,64,14,71,0,149,0,2,38,0,40,64,16,109,0,189,48,0,48,237
07/07/2008,ISP,NY,AEA,EN,Towers with Radar,63,16,75,2,156,0,0,39,2,41,63,16,114,4,197,52,0,52,249
07/08/2008,ISP,NY,AEA,EN,Towers with Radar,60,17,78,0,155,0,0,146,0,146,60,17,224,0,301,320,0,320,621
07/09/2008,ISP,NY,AEA,EN,Towers with Radar,70,20,104,0,194,0,0,85,4,89,70,20,189,4,283,190,0,190,473
07/10/2008,ISP,NY,AEA,EN,Towers with Radar,65,22,72,0,159,0,0,193,0,193,65,22,265,0,352,438,0,438,790
07/11/2008,ISP,NY,AEA,EN,Towers with Radar,65,11,51,1,128,0,0,207,5,212,65,11,258,6,340,316,4,320,660
07/12/2008,ISP,NY,AEA,EN,Towers with Radar,63,6,62,0,131,0,0,196,0,196,63,6,258,0,327,246,0,246,573
07/13/2008,ISP,NY,AEA,EN,Towers with Radar,59,8,40,0,107,0,0,158,0,158,59,8,198,0,265,214,0,214,479
07/14/2008,ISP,NY,AEA,EN,Towers with Radar,71,13,54,0,138,0,0,111,6,117,71,13,165,6,255,248,0,248,503
07/15/2008,ISP,NY,AEA,EN,Towers with Radar,65,15,95,4,179,0,0,179,4,183,65,15,274,8,362,326,20,346,708
07/16/2008,ISP,NY,AEA,EN,Towers with Radar,64,16,80,0,160,216,0,0,0,216,280,16,80,0,376,362,0,362,738
07/17/2008,ISP,NY,AEA,EN,Towers with Radar,62,15,83,0,160,0,2,191,3,196,62,17,274,3,356,352,0,352,708
07/18/2008,ISP,NY,AEA,EN,Towers with Radar,62,17,84,1,164,0,0,186,0,186,62,17,270,1,350,292,0,292,642
07/19/2008,ISP,NY,AEA,EN,Towers with Radar,56,9,35,0,100,0,0,144,0,144,56,9,179,0,244,380,0,380,624
07/20/2008,ISP,NY,AEA,EN,Towers with Radar,61,12,92,0,165,0,0,81,0,81,61,12,173,0,246,204,0,204,450
07/21/2008,ISP,NY,AEA,EN,Towers with Radar,64,20,72,0,156,0,0,140,0,140,64,20,212,0,296,504,0,504,800
07/22/2008,ISP,NY,AEA,EN,Towers with Radar,60,15,73,0,148,0,0,51,0,51,60,15,124,0,199,72,131,203,402
07/23/2008,ISP,NY,AEA,EN,Towers with Radar,56,13,49,0,118,0,0,7,0,7,56,13,56,0,125,15,0,15,140
07/24/2008,ISP,NY,AEA,EN,Towers with Radar,64,13,73,0,150,0,0,36,0,36,64,13,109,0,186,72,0,72,258
07/25/2008,ISP,NY,AEA,EN,Towers with Radar,64,21,99,0,184,0,1,286,5,292,64,22,385,5,476,356,0,356,832
07/26/2008,ISP,NY,AEA,EN,Towers with Radar,59,5,64,0,128,0,0,236,3,239,59,5,300,3,367,322,0,322,689
07/27/2008,ISP,NY,AEA,EN,Towers with Radar,54,3,32,0,89,0,0,31,0,31,54,3,63,0,120,124,0,124,244
07/28/2008,ISP,NY,AEA,EN,Towers with Radar,70,13,67,0,150,0,0,124,1,125,70,13,191,1,275,184,1,185,460
07/29/2008,ISP,NY,AEA,EN,Towers with Radar,63,13,68,2,146,0,0,187,3,190,63,13,255,5,336,382,0,382,718
07/30/2008,ISP,NY,AEA,EN,Towers with Radar,61,18,57,0,136,0,0,164,0,164,61,18,221,0,300,258,0,258,558
07/31/2008,ISP,NY,AEA,EN,Towers with Radar,61,20,88,0,169,0,0,78,1,79,61,20,166,1,248,216,0,216,464
08/01/2008,ISP,NY,AEA,EN,Towers with Radar,62,9,55,4,130,0,0,243,2,245,62,9,298,6,375,314,4,318,693
08/02/2008,ISP,NY,AEA,EN,Towers with Radar,56,6,43,0,105,0,0,69,0,69,56,6,112,0,174,204,2,206,380
08/03/2008,ISP,NY,AEA,EN,Towers with Radar,61,9,53,0,123,0,0,212,0,212,61,9,265,0,335,304,0,304,639
08/04/2008,ISP,NY,AEA,EN,Towers with Radar,59,15,93,0,167,0,0,164,0,164,59,15,257,0,331,342,0,342,673
08/05/2008,ISP,NY,AEA,EN,Towers with Radar,61,20,94,0,175,0,0,152,1,153,61,20,246,1,328,410,0,410,738
08/06/2008,ISP,NY,AEA,EN,Towers with Radar,60,15,87,0,162,0,0,76,0,76,60,15,163,0,238,198,0,198,436
08/07/2008,ISP,NY,AEA,EN,Towers with Radar,60,24,107,2,193,0,0,95,6,101,60,24,202,8,294,243,0,243,537
08/08/2008,ISP,NY,AEA,EN,Towers with Radar,64,8,74,0,146,0,0,0,0,0,64,8,74,0,146,435,2,437,583
08/09/2008,ISP,NY,AEA,EN,Towers with Radar,59,2,47,0,108,0,0,232,5,237,59,2,279,5,345,312,0,312,657
08/10/2008,ISP,NY,AEA,EN,Towers with Radar,57,6,49,0,112,0,0,155,0,155,57,6,204,0,267,276,0,276,543
08/11/2008,ISP,NY,AEA,EN,Towers with Radar,63,18,51,3,135,0,0,78,4,82,63,18,129,7,217,160,0,160,377
08/12/2008,ISP,NY,AEA,EN,Towers with Radar,63,18,70,0,151,0,0,166,3,169,63,18,236,3,320,340,0,340,660
08/13/2008,ISP,NY,AEA,EN,Towers with Radar,61,15,64,0,140,0,0,214,0,214,61,15,278,0,354,350,0,350,704
08/14/2008,ISP,NY,AEA,EN,Towers with Radar,56,13,70,0,139,0,0,81,0,81,56,13,151,0,220,162,0,162,382
08/15/2008,ISP,NY,AEA,EN,Towers with Radar,61,40,40,0,141,0,0,57,0,57,61,40,97,0,198,189,0,189,387
08/16/2008,ISP,NY,AEA,EN,Towers with Radar,63,3,71,1,138,0,0,163,0,163,63,3,234,1,301,266,0,266,567
08/17/2008,ISP,NY,AEA,EN,Towers with Radar,67,7,69,1,144,0,0,249,5,254,67,7,318,6,398,578,0,578,976
08/18/2008,ISP,NY,AEA,EN,Towers with Radar,67,25,50,0,142,0,0,184,5,189,67,25,234,5,331,264,0,264,595
08/19/2008,ISP,NY,AEA,EN,Towers with Radar,58,14,76,0,148,0,0,164,0,164,58,14,240,0,312,264,0,264,576
08/20/2008,ISP,NY,AEA,EN,Towers with Radar,60,19,74,0,153,0,0,189,0,189,60,19,263,0,342,248,0,248,590
08/21/2008,ISP,NY,AEA,EN,Towers with Radar,62,15,68,2,147,0,0,201,0,201,62,15,269,2,348,332,0,332,680
08/22/2008,ISP,NY,AEA,EN,Towers with Radar,59,12,55,0,126,0,0,210,4,214,59,12,265,4,340,482,6,488,828
08/23/2008,ISP,NY,AEA,EN,Towers with Radar,50,6,55,0,111,0,0,221,2,223,50,6,276,2,334,354,0,354,688
08/24/2008,ISP,NY,AEA,EN,Towers with Radar,56,10,89,0,155,0,0,199,2,201,56,10,288,2,356,553,2,555,911
08/25/2008,ISP,NY,AEA,EN,Towers with Radar,61,14,82,0,157,0,0,110,0,110,61,14,192,0,267,250,0,250,517
08/26/2008,ISP,NY,AEA,EN,Towers with Radar,59,11,52,0,122,0,0,199,0,199,59,11,251,0,321,515,6,521,842
08/27/2008,ISP,NY,AEA,EN,Towers with Radar,57,15,71,0,143,0,1,171,1,173,57,16,242,1,316,300,0,300,616
08/28/2008,ISP,NY,AEA,EN,Towers with Radar,59,18,86,0,163,0,0,205,6,211,59,18,291,6,374,326,2,328,702
08/29/2008,ISP,NY,AEA,EN,Towers with Radar,65,15,65,0,145,0,0,171,3,174,65,15,236,3,319,276,0,276,595
08/30/2008,ISP,NY,AEA,EN,Towers with Radar,47,3,38,0,88,0,0,32,0,32,47,3,70,0,120,140,0,140,260
08/31/2008,ISP,NY,AEA,EN,Towers with Radar,51,10,50,0,111,0,0,188,0,188,51,10,238,0,299,254,0,254,553
09/01/2008,ISP,NY,AEA,EN,Towers with Radar,53,8,29,0,90,0,0,236,0,236,53,8,265,0,326,596,2,598,924
09/02/2008,ISP,NY,AEA,EN,Towers with Radar,59,15,81,0,155,0,0,153,0,153,59,15,234,0,308,396,0,396,704
09/03/2008,ISP,NY,AEA,EN,Towers with Radar,61,11,58,6,136,0,0,0,0,0,61,11,58,6,136,244,6,250,386
09/04/2008,ISP,NY,AEA,EN,Towers with Radar,61,4,81,1,147,0,0,157,5,162,61,4,238,6,309,280,0,280,589
09/05/2008,ISP,NY,AEA,EN,Towers with Radar,64,7,61,2,134,0,0,90,6,96,64,7,151,8,230,170,28,198,428
09/06/2008,ISP,NY,AEA,EN,Towers with Radar,46,2,12,0,60,0,0,0,0,0,46,2,12,0,60,0,0,0,60
09/07/2008,ISP,NY,AEA,EN,Towers with Radar,52,7,80,0,139,0,0,122,0,122,52,7,202,0,261,276,0,276,537
09/08/2008,ISP,NY,AEA,EN,Towers with Radar,60,7,56,0,123,0,0,161,3,164,60,7,217,3,287,306,0,306,593
09/09/2008,ISP,NY,AEA,EN,Towers with Radar,58,6,53,0,117,0,0,37,0,37,58,6,90,0,154,58,95,153,307
09/10/2008,ISP,NY,AEA,EN,Towers with Radar,54,6,81,14,155,0,1,205,0,206,54,7,286,14,361,250,0,250,611
09/11/2008,ISP,NY,AEA,EN,Towers with Radar,61,10,84,0,155,0,0,154,2,156,61,10,238,2,311,334,28,362,673
09/12/2008,ISP,NY,AEA,EN,Towers with Radar,61,4,68,0,133,0,0,112,2,114,61,4,180,2,247,300,0,300,547
09/13/2008,ISP,NY,AEA,EN,Towers with Radar,52,0,60,2,114,0,6,49,0,55,52,6,109,2,169,144,0,144,313
09/14/2008,ISP,NY,AEA,EN,Towers with Radar,55,9,90,0,154,0,0,61,0,61,55,9,151,0,215,226,0,226,441
09/15/2008,ISP,NY,AEA,EN,Towers with Radar,64,11,54,0,129,0,0,252,0,252,64,11,306,0,381,0,0,0,381
09/16/2008,ISP,NY,AEA,EN,Towers with Radar,59,16,115,0,190,0,0,168,0,168,59,16,283,0,358,334,512,846,1204
09/17/2008,ISP,NY,AEA,EN,Towers with Radar,56,11,64,0,131,0,0,221,0,221,56,11,285,0,352,284,0,284,636
09/18/2008,ISP,NY,AEA,EN,Towers with Radar,58,6,77,0,141,0,0,0,0,0,58,6,77,0,141,444,8,452,593
09/19/2008,ISP,NY,AEA,EN,Towers with Radar,60,2,101,0,163,0,0,158,0,158,60,2,259,0,321,320,0,320,641
09/20/2008,ISP,NY,AEA,EN,Towers with Radar,53,5,58,0,116,0,0,192,0,192,53,5,250,0,308,316,0,316,624
09/21/2008,ISP,NY,AEA,EN,Towers with Radar,52,6,78,0,136,0,0,206,0,206,52,6,284,0,342,585,0,585,927
09/22/2008,ISP,NY,AEA,EN,Towers with Radar,63,9,68,3,143,0,0,0,0,0,63,9,68,3,143,423,3,426,569
09/23/2008,ISP,NY,AEA,EN,Towers with Radar,67,4,92,0,163,0,0,0,151,151,67,4,92,151,314,332,0,332,646
09/24/2008,ISP,NY,AEA,EN,Towers with Radar,55,9,57,0,121,0,0,185,0,185,55,9,242,0,306,318,0,318,624
09/25/2008,ISP,NY,AEA,EN,Towers with Radar,58,2,58,0,118,0,2,63,2,67,58,4,121,2,185,130,0,130,315
09/26/2008,ISP,NY,AEA,EN,Towers with Radar,59,6,29,0,94,0,0,2,0,2,59,6,31,0,96,0,0,0,96
09/27/2008,ISP,NY,AEA,EN,Towers with Radar,55,1,36,0,92,0,0,0,0,0,55,1,36,0,92,4,0,4,96
09/28/2008,ISP,NY,AEA,EN,Towers with Radar,51,11,85,0,147,0,0,4,0,4,51,11,89,0,151,62,0,62,213
09/29/2008,ISP,NY,AEA,EN,Towers with Radar,65,16,75,0,156,0,0,131,0,131,65,16,206,0,287,276,0,276,563
09/30/2008,ISP,NY,AEA,EN,Towers with Radar,58,7,64,0,129,0,0,164,0,164,58,7,228,0,293,320,4,324,617
10/01/2008,ISP,NY,AEA,EN,Towers with Radar,60,1,49,0,110,0,0,71,2,73,60,1,120,2,183,176,0,176,359
10/02/2008,ISP,NY,AEA,EN,Towers with Radar,61,4,38,0,103,0,0,106,0,106,61,4,144,0,209,276,5,281,490
10/03/2008,ISP,NY,AEA,EN,Towers with Radar,59,8,55,0,122,0,0,113,2,115,59,8,168,2,237,210,0,210,447
10/04/2008,ISP,NY,AEA,EN,Towers with Radar,50,2,49,0,101,0,0,232,1,233,50,2,281,1,334,330,0,330,664
10/05/2008,ISP,NY,AEA,EN,Towers with Radar,53,7,61,0,121,0,0,57,1,58,53,7,118,1,179,194,0,194,373
10/06/2008,ISP,NY,AEA,EN,Towers with Radar,61,11,73,1,146,0,3,119,1,123,61,14,192,2,269,411,1,412,681
10/07/2008,ISP,NY,AEA,EN,Towers with Radar,74,12,63,0,149,0,1,155,5,161,74,13,218,5,310,262,0,262,572
10/08/2008,ISP,NY,AEA,EN,Towers with Radar,59,1,61,0,121,0,0,170,2,172,59,1,231,2,293,308,0,308,601
10/09/2008,ISP,NY,AEA,EN,Towers with Radar,56,10,64,0,130,0,0,80,0,80,56,10,144,0,210,220,0,220,430
10/10/2008,ISP,NY,AEA,EN,Towers with Radar,65,6,44,0,115,0,0,172,4,176,65,6,216,4,291,241,10,251,542
10/11/2008,ISP,NY,AEA,EN,Towers with Radar,55,5,63,1,124,0,0,251,1,252,55,5,314,2,376,342,0,342,718
10/12/2008,ISP,NY,AEA,EN,Towers with Radar,55,6,68,0,129,0,0,241,0,241,55,6,309,0,370,282,0,282,652
10/13/2008,ISP,NY,AEA,EN,Towers with Radar,60,14,53,0,127,0,0,160,0,160,60,14,213,0,287,418,0,418,705
10/14/2008,ISP,NY,AEA,EN,Towers with Radar,65,4,52,0,121,0,0,133,2,135,65,4,185,2,256,479,2,481,737
10/15/2008,ISP,NY,AEA,EN,Towers with Radar,60,8,48,4,120,0,0,166,4,170,60,8,214,8,290,250,24,274,564
10/16/2008,ISP,NY,AEA,EN,Towers with Radar,58,7,40,0,105,0,0,52,1,53,58,7,92,1,158,188,0,188,346
10/17/2008,ISP,NY,AEA,EN,Towers with Radar,58,8,59,6,131,0,0,176,6,182,58,8,235,12,313,334,8,342,655
10/18/2008,ISP,NY,AEA,EN,Towers with Radar,49,2,58,0,109,0,0,140,0,140,49,2,198,0,249,447,0,447,696
10/19/2008,ISP,NY,AEA,EN,Towers with Radar,52,6,63,0,121,0,0,126,1,127,52,6,189,1,248,392,1,393,641
10/20/2008,ISP,NY,AEA,EN,Towers with Radar,61,7,50,0,118,0,0,161,6,167,61,7,211,6,285,230,0,230,515
10/21/2008,ISP,NY,AEA,EN,Towers with Radar,62,6,60,1,129,0,0,129,2,131,62,6,189,3,260,234,0,234,494
10/22/2008,ISP,NY,AEA,EN,Towers with Radar,63,1,38,2,104,0,0,56,0,56,63,1,94,2,160,160,0,160,320
10/23/2008,ISP,NY,AEA,EN,Towers with Radar,61,10,75,0,146,0,0,160,2,162,61,10,235,2,308,260,0,260,568
10/24/2008,ISP,NY,AEA,EN,Towers with Radar,64,7,38,1,110,0,0,171,0,171,64,7,209,1,281,460,0,460,741
10/25/2008,ISP,NY,AEA,EN,Towers with Radar,55,0,13,0,68,0,0,42,0,42,55,0,55,0,110,72,0,72,182
10/26/2008,ISP,NY,AEA,EN,Towers with Radar,49,7,51,0,107,0,0,201,1,202,49,7,252,1,309,338,0,338,647
10/27/2008,ISP,NY,AEA,EN,Towers with Radar,64,11,70,0,145,0,0,107,1,108,64,11,177,1,253,198,1,199,452
10/28/2008,ISP,NY,AEA,EN,Towers with Radar,46,2,21,0,69,0,0,0,0,0,46,2,21,0,69,44,14,58,127
10/29/2008,ISP,NY,AEA,EN,Towers with Radar,57,4,45,1,107,0,0,34,2,36,57,4,79,3,143,112,0,112,255
10/30/2008,ISP,NY,AEA,EN,Towers with Radar,60,9,56,1,126,0,0,181,3,184,60,9,237,4,310,196,0,196,506
10/31/2008,ISP,NY,AEA,EN,Towers with Radar,64,8,59,0,131,0,0,164,0,164,64,8,223,0,295,396,0,396,691
11/01/2008,ISP,NY,AEA,EN,Towers with Radar,52,6,36,0,94,0,0,202,0,202,52,6,238,0,296,584,0,584,880
11/02/2008,ISP,NY,AEA,EN,Towers with Radar,55,2,80,0,137,0,0,209,0,209,55,2,289,0,346,410,0,410,756
11/03/2008,ISP,NY,AEA,EN,Towers with Radar,64,10,56,0,130,0,0,126,0,126,64,10,182,0,256,232,0,232,488
11/04/2008,ISP,NY,AEA,EN,Towers with Radar,70,0,68,0,138,0,0,145,5,150,70,0,213,5,288,314,5,319,607
11/05/2008,ISP,NY,AEA,EN,Towers with Radar,62,1,43,0,106,0,0,60,0,60,62,1,103,0,166,152,0,152,318
11/06/2008,ISP,NY,AEA,EN,Towers with Radar,63,6,51,0,120,0,0,0,0,0,63,6,51,0,120,8,0,8,128
11/07/2008,ISP,NY,AEA,EN,Towers with Radar,65,2,83,0,150,0,0,8,0,8,65,2,91,0,158,30,0,30,188
11/08/2008,ISP,NY,AEA,EN,Towers with Radar,68,1,40,0,109,0,0,0,0,0,68,1,40,0,109,0,0,0,109
11/09/2008,ISP,NY,AEA,EN,Towers with Radar,57,7,75,0,139,0,0,183,0,183,57,7,258,0,322,332,0,332,654
11/10/2008,ISP,NY,AEA,EN,Towers with Radar,66,8,61,0,135,0,0,155,0,155,66,8,216,0,290,334,0,334,624
11/11/2008,ISP,NY,AEA,EN,Towers with Radar,61,1,63,0,125,0,0,193,0,193,61,1,256,0,318,332,8,340,658
11/12/2008,ISP,NY,AEA,EN,Towers with Radar,67,0,66,0,133,0,0,186,2,188,67,0,252,2,321,306,0,306,627
11/13/2008,ISP,NY,AEA,EN,Towers with Radar,69,5,42,3,119,0,0,47,0,47,69,5,89,3,166,72,0,72,238
11/14/2008,ISP,NY,AEA,EN,Towers with Radar,68,6,56,0,130,0,0,2,0,2,68,6,58,0,132,0,0,0,132
11/15/2008,ISP,NY,AEA,EN,Towers with Radar,72,3,15,0,90,0,0,2,2,4,72,3,17,2,94,0,0,0,94
11/16/2008,ISP,NY,AEA,EN,Towers with Radar,64,9,43,0,116,0,3,95,3,101,64,12,138,3,217,136,0,136,353
11/17/2008,ISP,NY,AEA,EN,Towers with Radar,66,7,78,0,151,0,0,0,0,0,66,7,78,0,151,266,2,268,419
11/18/2008,ISP,NY,AEA,EN,Towers with Radar,68,2,56,0,126,0,0,118,0,118,68,2,174,0,244,186,0,186,430
11/19/2008,ISP,NY,AEA,EN,Towers with Radar,62,1,51,0,114,0,0,84,0,84,62,1,135,0,198,130,0,130,328
11/20/2008,ISP,NY,AEA,EN,Towers with Radar,61,0,41,0,102,0,0,98,4,102,61,0,139,4,204,331,4,335,539
11/21/2008,ISP,NY,AEA,EN,Towers with Radar,63,10,68,0,141,0,0,172,2,174,63,10,240,2,315,445,2,447,762
11/22/2008,ISP,NY,AEA,EN,Towers with Radar,66,0,62,0,128,0,0,78,1,79,66,0,140,1,207,142,0,142,349
11/23/2008,ISP,NY,AEA,EN,Towers with Radar,55,3,81,0,139,0,0,225,1,226,55,3,306,1,365,364,3,367,732
11/24/2008,ISP,NY,AEA,EN,Towers with Radar,66,1,49,1,117,0,0,111,2,113,66,1,160,3,230,218,0,218,448
11/25/2008,ISP,NY,AEA,EN,Towers with Radar,73,7,48,0,128,0,0,46,1,47,73,7,94,1,175,158,1,159,334
11/26/2008,ISP,NY,AEA,EN,Towers with Radar,67,2,64,0,133,0,0,167,2,169,67,2,231,2,302,210,2,212,514
11/27/2008,ISP,NY,AEA,EN,Towers with Radar,55,0,24,0,79,0,0,72,1,73,55,0,96,1,152,106,0,106,258
11/28/2008,ISP,NY,AEA,EN,Towers with Radar,63,0,38,0,101,0,0,105,0,105,63,0,143,0,206,276,0,276,482
11/29/2008,ISP,NY,AEA,EN,Towers with Radar,61,0,30,1,92,0,0,246,4,250,61,0,276,5,342,408,0,408,750
11/30/2008,ISP,NY,AEA,EN,Towers with Radar,65,1,39,0,105,0,0,15,0,15,65,1,54,0,120,0,0,0,120
12/01/2008,ISP,NY,AEA,EN,Towers with Radar,68,5,57,0,130,0,0,0,0,0,68,5,57,0,130,196,1,197,327
12/02/2008,ISP,NY,AEA,EN,Towers with Radar,70,6,62,0,138,0,0,149,0,149,70,6,211,0,287,330,0,330,617
12/03/2008,ISP,NY,AEA,EN,Towers with Radar,61,8,24,0,93,0,0,0,178,178,61,8,24,178,271,334,0,334,605
12/04/2008,ISP,NY,AEA,EN,Towers with Radar,66,4,59,0,129,0,0,88,0,88,66,4,147,0,217,376,0,376,593
12/05/2008,ISP,NY,AEA,EN,Towers with Radar,70,7,79,0,156,0,3,161,0,164,70,10,240,0,320,308,0,308,628
12/06/2008,ISP,NY,AEA,EN,Towers with Radar,60,1,68,0,129,0,0,217,0,217,60,1,285,0,346,386,0,386,732
12/07/2008,ISP,NY,AEA,EN,Towers with Radar,57,4,27,0,88,0,0,35,0,35,57,4,62,0,123,106,0,106,229
12/08/2008,ISP,NY,AEA,EN,Towers with Radar,67,5,47,0,119,0,0,113,0,113,67,5,160,0,232,269,0,269,501
12/09/2008,ISP,NY,AEA,EN,Towers with Radar,65,7,34,0,106,0,2,104,0,106,65,9,138,0,212,210,0,210,422
12/10/2008,ISP,NY,AEA,EN,Towers with Radar,59,4,46,0,109,0,0,2,0,2,59,4,48,0,111,2,0,2,113
12/11/2008,ISP,NY,AEA,EN,Towers with Radar,60,3,31,0,94,0,0,0,0,0,60,3,31,0,94,0,0,0,94
12/12/2008,ISP,NY,AEA,EN,Towers with Radar,70,2,30,0,102,0,0,35,0,35,70,2,65,0,137,48,0,48,185
12/13/2008,ISP,NY,AEA,EN,Towers with Radar,65,0,41,0,106,0,0,161,0,161,65,0,202,0,267,374,0,374,641
12/14/2008,ISP,NY,AEA,EN,Towers with Radar,53,6,93,0,152,0,0,155,0,155,53,6,248,0,307,304,0,304,611
12/15/2008,ISP,NY,AEA,EN,Towers with Radar,65,2,39,0,106,0,0,62,2,64,65,2,101,2,170,134,0,134,304
12/16/2008,ISP,NY,AEA,EN,Towers with Radar,60,5,38,0,103,0,0,36,1,37,60,5,74,1,140,120,1,121,261
12/17/2008,ISP,NY,AEA,EN,Towers with Radar,63,2,36,0,101,0,0,17,0,17,63,2,53,0,118,111,0,111,229
12/18/2008,ISP,NY,AEA,EN,Towers with Radar,59,3,100,1,163,0,0,177,6,183,59,3,277,7,346,348,0,348,694
12/19/2008,ISP,NY,AEA,EN,Towers with Radar,55,4,25,0,84,0,0,19,1,20,55,4,44,1,104,30,0,30,134
12/20/2008,ISP,NY,AEA,EN,Towers with Radar,62,5,17,0,84,0,0,0,0,0,62,5,17,0,84,0,0,0,84
12/21/2008,ISP,NY,AEA,EN,Towers with Radar,54,1,13,0,68,0,0,6,0,6,54,1,19,0,74,0,0,0,74
12/22/2008,ISP,NY,AEA,EN,Towers with Radar,61,2,25,0,88,0,0,25,2,27,61,2,50,2,115,27,2,29,144
12/23/2008,ISP,NY,AEA,EN,Towers with Radar,62,3,43,0,108,0,0,169,1,170,62,3,212,1,278,226,0,226,504
12/24/2008,ISP,NY,AEA,EN,Towers with Radar,62,1,13,0,76,0,0,6,2,8,62,1,19,2,84,26,0,26,110
12/25/2008,ISP,NY,AEA,EN,Towers with Radar,51,3,7,0,61,0,0,26,1,27,51,3,33,1,88,40,0,40,128
12/26/2008,ISP,NY,AEA,EN,Towers with Radar,60,7,54,0,121,0,0,121,0,121,60,7,175,0,242,232,0,232,474
12/27/2008,ISP,NY,AEA,EN,Towers with Radar,52,10,39,0,101,0,1,18,0,19,52,11,57,0,120,110,0,110,230
12/28/2008,ISP,NY,AEA,EN,Towers with Radar,45,4,33,0,82,0,0,4,0,4,45,4,37,0,86,0,0,0,86
12/29/2008,ISP,NY,AEA,EN,Towers with Radar,67,2,29,0,98,0,0,159,0,159,67,2,188,0,257,274,34,308,565
12/30/2008,ISP,NY,AEA,EN,Towers with Radar,67,0,14,0,81,0,0,49,10,59,67,0,63,10,140,52,0,52,192
12/31/2008,ISP,NY,AEA,EN,Towers with Radar,40,0,8,0,48,0,0,3,0,3,40,0,11,0,51,0,0,0,51
01/01/2009,ISP,NY,AEA,EN,Towers with Radar,52,10,12,0,74,0,0,56,0,56,52,10,68,0,130,166,0,166,296
01/02/2009,ISP,NY,AEA,EN,Towers with Radar,68,13,29,0,110,0,0,54,0,54,68,13,83,0,164,232,0,232,396
01/03/2009,ISP,NY,AEA,EN,Towers with Radar,59,19,48,0,126,0,0,113,0,113,59,19,161,0,239,308,0,308,547
01/04/2009,ISP,NY,AEA,EN,Towers with Radar,69,15,58,4,146,0,0,190,2,192,69,15,248,6,338,414,0,414,752
01/05/2009,ISP,NY,AEA,EN,Towers with Radar,77,17,36,0,130,0,0,114,0,114,77,17,150,0,244,228,0,228,472
01/06/2009,ISP,NY,AEA,EN,Towers with Radar,64,11,44,0,119,0,0,108,0,108,64,11,152,0,227,278,0,278,505
01/07/2009,ISP,NY,AEA,EN,Towers with Radar,62,8,13,0,83,0,0,0,0,0,62,8,13,0,83,0,0,0,83
01/08/2009,ISP,NY,AEA,EN,Towers with Radar,59,14,42,1,116,0,0,41,6,47,59,14,83,7,163,172,1,173,336
01/09/2009,ISP,NY,AEA,EN,Towers with Radar,60,11,42,0,113,0,0,92,2,94,60,11,134,2,207,198,0,198,405
01/10/2009,ISP,NY,AEA,EN,Towers with Radar,58,7,18,1,84,0,0,43,15,58,58,7,61,16,142,166,0,166,308
01/11/2009,ISP,NY,AEA,EN,Towers with Radar,49,10,11,0,70,0,0,33,0,33,49,10,44,0,103,206,0,206,309
01/12/2009,ISP,NY,AEA,EN,Towers with Radar,55,11,44,3,113,0,0,143,3,146,55,11,187,6,259,336,0,336,595
01/13/2009,ISP,NY,AEA,EN,Towers with Radar,56,8,46,1,111,1,0,107,3,111,57,8,153,4,222,224,0,224,446
01/14/2009,ISP,NY,AEA,EN,Towers with Radar,56,11,43,0,110,0,0,93,2,95,56,11,136,2,205,256,0,256,461
01/15/2009,ISP,NY,AEA,EN,Towers with Radar,54,15,29,0,98,0,0,5,0,5,54,15,34,0,103,12,0,12,115
01/16/2009,ISP,NY,AEA,EN,Towers with Radar,60,12,57,0,129,0,0,99,3,102,60,12,156,3,231,284,0,284,515
01/17/2009,ISP,NY,AEA,EN,Towers with Radar,49,4,29,0,82,0,0,153,1,154,49,4,182,1,236,362,0,362,598
01/18/2009,ISP,NY,AEA,EN,Towers with Radar,49,11,14,0,74,0,0,4,0,4,49,11,18,0,78,16,0,16,94
01/19/2009,ISP,NY,AEA,EN,Towers with Radar,55,15,56,0,126,0,0,55,2,57,55,15,111,2,183,218,0,218,401
01/20/2009,ISP,NY,AEA,EN,Towers with Radar,64,11,64,0,139,0,0,102,1,103,64,11,166,1,242,272,0,272,514
01/21/2009,ISP,NY,AEA,EN,Towers with Radar,63,9,40,0,112,0,0,121,2,123,63,9,161,2,235,258,18,276,511
01/22/2009,ISP,NY,AEA,EN,Towers with Radar,55,11,30,2,98,0,0,117,5,122,55,11,147,7,220,324,2,326,546
01/23/2009,ISP,NY,AEA,EN,Towers with Radar,57,14,58,4,133,0,0,172,1,173,57,14,230,5,306,400,0,400,706
01/24/2009,ISP,NY,AEA,EN,Towers with Radar,82,5,21,0,108,0,0,71,1,72,82,5,92,1,180,188,0,188,368
01/25/2009,ISP,NY,AEA,EN,Towers with Radar,52,11,47,0,110,0,0,181,3,184,52,11,228,3,294,358,0,358,652
01/26/2009,ISP,NY,AEA,EN,Towers with Radar,62,14,50,1,127,0,1,128,1,130,62,15,178,2,257,292,0,292,549
01/27/2009,ISP,NY,AEA,EN,Towers with Radar,62,12,44,2,120,0,0,112,3,115,62,12,156,5,235,302,19,321,556
01/28/2009,ISP,NY,AEA,EN,Towers with Radar,52,9,15,0,76,0,0,0,0,0,52,9,15,0,76,0,0,0,76
01/29/2009,ISP,NY,AEA,EN,Towers with Radar,58,11,89,0,158,0,0,131,2,133,58,11,220,2,291,314,0,314,605
01/30/2009,ISP,NY,AEA,EN,Towers with Radar,64,13,60,0,137,0,1,95,3,99,64,14,155,3,236,346,0,346,582
01/31/2009,ISP,NY,AEA,EN,Towers with Radar,52,7,15,0,74,0,0,75,1,76,52,7,90,1,150,300,0,300,450
02/01/2009,ISP,NY,AEA,EN,Towers with Radar,50,8,43,1,102,0,0,149,0,149,50,8,192,1,251,254,0,254,505
02/02/2009,ISP,NY,AEA,EN,Towers with Radar,55,13,38,2,108,0,1,141,3,145,55,14,179,5,253,330,0,330,583
02/03/2009,ISP,NY,AEA,EN,Towers with Radar,56,10,26,0,92,0,0,2,0,2,56,10,28,0,94,46,0,46,140
02/04/2009,ISP,NY,AEA,EN,Towers with Radar,59,15,48,0,122,0,2,76,0,78,59,17,124,0,200,284,20,304,504
02/05/2009,ISP,NY,AEA,EN,Towers with Radar,55,13,33,0,101,0,1,78,0,79,55,14,111,0,180,228,0,228,408
02/06/2009,ISP,NY,AEA,EN,Towers with Radar,57,9,46,0,112,0,0,149,4,153,57,9,195,4,265,330,0,330,595
02/07/2009,ISP,NY,AEA,EN,Towers with Radar,52,5,33,4,94,0,1,169,5,175,52,6,202,9,269,330,4,334,603
02/08/2009,ISP,NY,AEA,EN,Towers with Radar,52,7,25,0,84,0,0,81,6,87,52,7,106,6,171,178,0,178,349
02/09/2009,ISP,NY,AEA,EN,Towers with Radar,68,12,68,0,148,0,0,185,6,191,68,12,253,6,339,234,0,234,573
02/10/2009,ISP,NY,AEA,EN,Towers with Radar,56,8,46,0,110,0,0,65,0,65,56,8,111,0,175,288,0,288,463
02/11/2009,ISP,NY,AEA,EN,Towers with Radar,61,10,58,0,129,0,2,118,0,120,61,12,176,0,249,350,0,350,599
02/12/2009,ISP,NY,AEA,EN,Towers with Radar,61,16,31,1,109,0,0,15,0,15,61,16,46,1,124,6,0,6,130
02/13/2009,ISP,NY,AEA,EN,Towers with Radar,61,13,34,1,109,0,0,68,1,69,61,13,102,2,178,190,0,190,368
02/14/2009,ISP,NY,AEA,EN,Towers with Radar,51,4,48,0,103,0,0,175,0,175,51,4,223,0,278,410,0,410,688
02/15/2009,ISP,NY,AEA,EN,Towers with Radar,50,8,27,0,85,0,0,167,0,167,50,8,194,0,252,314,0,314,566
02/16/2009,ISP,NY,AEA,EN,Towers with Radar,58,15,53,1,127,0,1,153,0,154,58,16,206,1,281,336,0,336,617
02/17/2009,ISP,NY,AEA,EN,Towers with Radar,54,10,52,0,116,0,0,146,0,146,54,10,198,0,262,314,0,314,576
02/18/2009,ISP,NY,AEA,EN,Towers with Radar,55,8,13,0,76,0,0,43,2,45,55,8,56,2,121,104,0,104,225
02/19/2009,ISP,NY,AEA,EN,Towers with Radar,54,10,38,0,102,0,2,46,0,48,54,12,84,0,150,196,0,196,346
02/20/2009,ISP,NY,AEA,EN,Towers with Radar,58,10,34,0,102,0,0,16,0,16,58,10,50,0,118,10,0,10,128
02/21/2009,ISP,NY,AEA,EN,Towers with Radar,53,8,50,1,112,0,1,193,4,198,53,9,243,5,310,450,0,450,760
02/22/2009,ISP,NY,AEA,EN,Towers with Radar,51,4,14,0,69,0,0,18,0,18,51,4,32,0,87,74,0,74,161
02/23/2009,ISP,NY,AEA,EN,Towers with Radar,56,10,20,0,86,0,0,30,0,30,56,10,50,0,116,4,0,4,120
02/24/2009,ISP,NY,AEA,EN,Towers with Radar,57,8,76,0,141,0,0,133,5,138,57,8,209,5,279,354,14,368,647
02/25/2009,ISP,NY,AEA,EN,Towers with Radar,56,8,64,1,129,0,0,174,4,178,56,8,238,5,307,462,0,462,769
02/26/2009,ISP,NY,AEA,EN,Towers with Radar,58,12,56,2,128,0,0,147,7,154,58,12,203,9,282,360,0,360,642
02/27/2009,ISP,NY,AEA,EN,Towers with Radar,60,8,30,1,99,0,0,32,4,36,60,8,62,5,135,130,0,130,265
02/28/2009,ISP,NY,AEA,EN,Towers with Radar,51,6,29,1,87,0,2,133,1,136,51,8,162,2,223,272,0,272,495
03/01/2009,ISP,NY,AEA,EN,Towers with Radar,54,7,13,0,74,0,0,16,2,18,54,7,29,2,92,66,0,66,158
03/02/2009,ISP,NY,AEA,EN,Towers with Radar,6,0,12,0,18,0,0,0,0,0,6,0,12,0,18,0,0,0,18
03/03/2009,ISP,NY,AEA,EN,Towers with Radar,60,9,35,0,104,0,0,49,0,49,60,9,84,0,153,140,0,140,293
03/04/2009,ISP,NY,AEA,EN,Towers with Radar,56,12,54,0,122,0,0,133,3,136,56,12,187,3,258,330,0,330,588
03/05/2009,ISP,NY,AEA,EN,Towers with Radar,57,11,73,0,141,0,0,197,3,200,57,11,270,3,341,354,0,354,695
03/06/2009,ISP,NY,AEA,EN,Towers with Radar,61,14,56,1,132,0,0,149,3,152,61,14,205,4,284,372,0,372,656
03/07/2009,ISP,NY,AEA,EN,Towers with Radar,58,7,41,0,106,0,0,250,3,253,58,7,291,3,359,406,0,406,765
03/08/2009,ISP,NY,AEA,EN,Towers with Radar,52,16,63,0,131,0,1,130,1,132,52,17,193,1,263,284,0,284,547
03/09/2009,ISP,NY,AEA,EN,Towers with Radar,62,8,35,0,105,0,0,8,0,8,62,8,43,0,113,30,0,30,143
03/10/2009,ISP,NY,AEA,EN,Towers with Radar,58,9,27,0,94,0,0,131,3,134,58,9,158,3,228,310,0,310,538
03/11/2009,ISP,NY,AEA,EN,Towers with Radar,50,10,52,6,118,0,0,5,0,5,50,10,57,6,123,8,18,26,149
03/12/2009,ISP,NY,AEA,EN,Towers with Radar,53,8,30,0,91,0,0,124,2,126,53,8,154,2,217,178,0,178,395
03/13/2009,ISP,NY,AEA,EN,Towers with Radar,54,11,55,1,121,0,0,174,1,175,54,11,229,2,296,366,4,370,666
03/14/2009,ISP,NY,AEA,EN,Towers with Radar,58,4,57,0,119,0,1,235,2,238,58,5,292,2,357,344,0,344,701
03/15/2009,ISP,NY,AEA,EN,Towers with Radar,49,8,48,2,107,0,1,169,2,172,49,9,217,4,279,252,0,252,531
03/16/2009,ISP,NY,AEA,EN,Towers with Radar,56,8,46,0,110,0,0,157,2,159,56,8,203,2,269,356,0,356,625
03/17/2009,ISP,NY,AEA,EN,Towers with Radar,55,11,76,0,142,0,0,175,1,176,55,11,251,1,318,368,0,368,686
03/18/2009,ISP,NY,AEA,EN,Towers with Radar,57,9,50,0,116,0,0,145,1,146,57,9,195,1,262,256,0,256,518
03/19/2009,ISP,NY,AEA,EN,Towers with Radar,54,8,39,1,102,0,0,42,2,44,54,8,81,3,146,82,0,82,228
03/20/2009,ISP,NY,AEA,EN,Towers with Radar,54,11,60,0,125,0,0,134,3,137,54,11,194,3,262,287,0,287,549
03/21/2009,ISP,NY,AEA,EN,Towers with Radar,58,7,31,0,96,0,0,249,1,250,58,7,280,1,346,354,0,354,700
03/22/2009,ISP,NY,AEA,EN,Towers with Radar,53,7,57,0,117,0,1,229,0,230,53,8,286,0,347,364,0,364,711
03/23/2009,ISP,NY,AEA,EN,Towers with Radar,59,9,48,0,116,0,0,125,5,130,59,9,173,5,246,252,4,256,502
03/24/2009,ISP,NY,AEA,EN,Towers with Radar,59,10,47,0,116,0,0,99,3,102,59,10,146,3,218,260,0,260,478
03/25/2009,ISP,NY,AEA,EN,Towers with Radar,56,11,61,0,128,0,2,184,4,190,56,13,245,4,318,406,0,406,724
03/26/2009,ISP,NY,AEA,EN,Towers with Radar,60,6,49,3,118,0,0,15,1,16,60,6,64,4,134,76,0,76,210
03/27/2009,ISP,NY,AEA,EN,Towers with Radar,59,12,38,2,111,0,0,176,0,176,59,12,214,2,287,324,0,324,611
03/28/2009,ISP,NY,AEA,EN,Towers with Radar,66,10,62,0,138,0,0,83,0,83,66,10,145,0,221,234,0,234,455
03/29/2009,ISP,NY,AEA,EN,Towers with Radar,60,7,22,0,89,0,0,0,0,0,60,7,22,0,89,0,0,0,89
03/30/2009,ISP,NY,AEA,EN,Towers with Radar,56,12,26,0,94,0,0,54,2,56,56,12,80,2,150,219,0,219,369
03/31/2009,ISP,NY,AEA,EN,Towers with Radar,55,10,85,0,150,0,0,246,5,251,55,10,331,5,401,402,0,402,803
04/01/2009,ISP,NY,AEA,EN,Towers with Radar,55,12,40,0,107,0,0,52,5,57,55,12,92,5,164,192,0,192,356
04/02/2009,ISP,NY,AEA,EN,Towers with Radar,54,14,42,0,110,0,0,10,4,14,54,14,52,4,124,70,0,70,194
04/03/2009,ISP,NY,AEA,EN,Towers with Radar,63,12,24,0,99,0,0,0,0,0,63,12,24,0,99,0,0,0,99
04/04/2009,ISP,NY,AEA,EN,Towers with Radar,59,6,19,3,87,0,0,14,6,20,59,6,33,9,107,2,0,2,109
04/05/2009,ISP,NY,AEA,EN,Towers with Radar,52,10,53,3,118,0,1,191,4,196,52,11,244,7,314,358,0,358,672
04/06/2009,ISP,NY,AEA,EN,Towers with Radar,56,10,17,2,85,0,0,8,0,8,56,10,25,2,93,0,0,0,93
04/07/2009,ISP,NY,AEA,EN,Towers with Radar,55,15,35,0,105,0,0,95,0,95,55,15,130,0,200,272,0,272,472
04/08/2009,ISP,NY,AEA,EN,Towers with Radar,56,12,30,0,98,0,1,130,0,131,56,13,160,0,229,320,0,320,549
04/09/2009,ISP,NY,AEA,EN,Towers with Radar,54,11,57,0,122,0,0,200,19,219,54,11,257,19,341,426,10,436,777
04/10/2009,ISP,NY,AEA,EN,Towers with Radar,66,9,49,0,124,0,1,124,1,126,66,10,173,1,250,264,0,264,514
04/11/2009,ISP,NY,AEA,EN,Towers with Radar,55,6,33,0,94,0,0,8,0,8,55,6,41,0,102,16,0,16,118
04/12/2009,ISP,NY,AEA,EN,Towers with Radar,50,8,19,0,77,0,0,51,0,51,50,8,70,0,128,96,0,96,224
04/13/2009,ISP,NY,AEA,EN,Towers with Radar,58,10,58,0,126,0,0,148,1,149,58,10,206,1,275,342,0,342,617
04/14/2009,ISP,NY,AEA,EN,Towers with Radar,59,9,53,0,121,0,0,52,1,53,59,9,105,1,174,146,0,146,320
04/15/2009,ISP,NY,AEA,EN,Towers with Radar,57,9,21,0,87,0,0,60,0,60,57,9,81,0,147,60,0,60,207
04/16/2009,ISP,NY,AEA,EN,Towers with Radar,56,11,44,0,111,0,0,166,1,167,56,11,210,1,278,264,0,264,542
04/17/2009,ISP,NY,AEA,EN,Towers with Radar,54,10,63,0,127,0,0,194,0,194,54,10,257,0,321,280,0,280,601
04/18/2009,ISP,NY,AEA,EN,Towers with Radar,60,7,45,0,112,0,0,215,1,216,60,7,260,1,328,346,0,346,674
04/19/2009,ISP,NY,AEA,EN,Towers with Radar,53,7,34,0,94,0,3,179,1,183,53,10,213,1,277,376,0,376,653
04/20/2009,ISP,NY,AEA,EN,Towers with Radar,58,7,22,4,91,0,1,16,0,17,58,8,38,4,108,12,0,12,120
04/21/2009,ISP,NY,AEA,EN,Towers with Radar,61,7,39,0,107,0,0,0,0,0,61,7,39,0,107,0,0,0,107
04/22/2009,ISP,NY,AEA,EN,Towers with Radar,53,8,46,0,107,0,0,40,0,40,53,8,86,0,147,72,0,72,219
04/23/2009,ISP,NY,AEA,EN,Towers with Radar,54,9,46,0,109,0,3,85,2,90,54,12,131,2,199,150,0,150,349
04/24/2009,ISP,NY,AEA,EN,Towers with Radar,57,8,82,1,148,0,0,208,1,209,57,8,290,2,357,334,0,334,691
04/25/2009,ISP,NY,AEA,EN,Towers with Radar,58,5,36,0,99,0,0,160,2,162,58,5,196,2,261,220,0,220,481
04/26/2009,ISP,NY,AEA,EN,Towers with Radar,52,6,59,1,118,0,2,182,0,184,52,8,241,1,302,332,0,332,634
04/27/2009,ISP,NY,AEA,EN,Towers with Radar,58,9,46,0,113,0,1,142,1,144,58,10,188,1,257,284,0,284,541
04/28/2009,ISP,NY,AEA,EN,Towers with Radar,67,12,59,0,138,0,1,155,2,158,67,13,214,2,296,324,0,324,620
04/29/2009,ISP,NY,AEA,EN,Towers with Radar,56,11,36,0,103,0,0,109,0,109,56,11,145,0,212,230,0,230,442
04/30/2009,ISP,NY,AEA,EN,Towers with Radar,56,12,45,0,113,0,2,124,4,130,56,14,169,4,243,256,0,256,499
05/01/2009,ISP,NY,AEA,EN,Towers with Radar,61,11,44,0,116,0,0,5,0,5,61,11,49,0,121,0,0,0,121
05/02/2009,ISP,NY,AEA,EN,Towers with Radar,57,6,34,0,97,0,0,102,0,102,57,6,136,0,199,399,0,399,598
05/03/2009,ISP,NY,AEA,EN,Towers with Radar,56,7,49,0,112,0,0,6,0,6,56,7,55,0,118,28,0,28,146
05/04/2009,ISP,NY,AEA,EN,Towers with Radar,58,6,39,0,103,0,0,3,0,3,58,6,42,0,106,0,0,0,106
05/05/2009,ISP,NY,AEA,EN,Towers with Radar,54,12,47,2,115,0,0,3,0,3,54,12,50,2,118,0,0,0,118
05/06/2009,ISP,NY,AEA,EN,Towers with Radar,59,10,48,0,117,0,1,125,2,128,59,11,173,2,245,212,0,212,457
05/07/2009,ISP,NY,AEA,EN,Towers with Radar,60,13,38,1,112,0,0,2,0,2,60,13,40,1,114,2,0,2,116
05/08/2009,ISP,NY,AEA,EN,Towers with Radar,55,17,38,0,110,0,0,125,1,126,55,17,163,1,236,270,0,270,506
05/09/2009,ISP,NY,AEA,EN,Towers with Radar,53,12,17,0,82,0,1,38,0,39,53,13,55,0,121,62,0,62,183
05/10/2009,ISP,NY,AEA,EN,Towers with Radar,49,18,21,1,89,0,2,63,0,65,49,20,84,1,154,176,0,176,330
05/11/2009,ISP,NY,AEA,EN,Towers with Radar,52,10,66,1,129,0,0,189,4,193,52,10,255,5,322,314,0,314,636
05/12/2009,ISP,NY,AEA,EN,Towers with Radar,50,10,31,1,92,0,0,158,0,158,50,10,189,1,250,318,0,318,568
05/13/2009,ISP,NY,AEA,EN,Towers with Radar,53,7,66,3,129,0,0,245,3,248,53,7,311,6,377,360,0,360,737
05/14/2009,ISP,NY,AEA,EN,Towers with Radar,51,13,26,2,92,0,0,38,0,38,51,13,64,2,130,70,4,74,204
05/15/2009,ISP,NY,AEA,EN,Towers with Radar,54,10,54,0,118,0,0,107,6,113,54,10,161,6,231,260,0,260,491
05/16/2009,ISP,NY,AEA,EN,Towers with Radar,57,9,19,1,86,0,0,0,0,0,57,9,19,1,86,0,0,0,86
05/17/2009,ISP,NY,AEA,EN,Towers with Radar,50,12,25,0,87,0,1,67,1,69,50,13,92,1,156,204,0,204,360
05/18/2009,ISP,NY,AEA,EN,Towers with Radar,49,13,49,1,112,0,1,175,3,179,49,14,224,4,291,348,0,348,639
05/19/2009,ISP,NY,AEA,EN,Towers with Radar,52,13,53,1,119,0,0,205,2,207,52,13,258,3,326,328,0,328,654
05/20/2009,ISP,NY,AEA,EN,Towers with Radar,51,13,47,1,112,0,0,172,0,172,51,13,219,1,284,332,0,332,616
05/21/2009,ISP,NY,AEA,EN,Towers with Radar,52,12,51,1,116,0,2,163,2,167,52,14,214,3,283,404,0,404,687
05/22/2009,ISP,NY,AEA,EN,Towers with Radar,50,10,44,2,106,0,0,178,2,180,50,10,222,4,286,240,0,240,526
05/23/2009,ISP,NY,AEA,EN,Towers with Radar,52,5,13,0,70,0,0,130,4,134,52,5,143,4,204,250,0,250,454
05/24/2009,ISP,NY,AEA,EN,Towers with Radar,50,8,39,2,99,0,0,64,0,64,50,8,103,2,163,176,0,176,339
05/25/2009,ISP,NY,AEA,EN,Towers with Radar,49,10,46,0,105,0,2,201,7,210,49,12,247,7,315,360,0,360,675
05/26/2009,ISP,NY,AEA,EN,Towers with Radar,54,10,39,0,103,0,0,121,3,124,54,10,160,3,227,232,0,232,459
05/27/2009,ISP,NY,AEA,EN,Towers with Radar,52,8,29,0,89,0,0,1,0,1,52,8,30,0,90,10,0,10,100
05/28/2009,ISP,NY,AEA,EN,Towers with Radar,51,16,46,2,115,0,0,0,0,0,51,16,46,2,115,8,0,8,123
05/29/2009,ISP,NY,AEA,EN,Towers with Radar,51,9,36,0,96,0,0,14,0,14,51,9,50,0,110,6,0,6,116
05/30/2009,ISP,NY,AEA,EN,Towers with Radar,52,8,39,0,99,0,0,225,0,225,52,8,264,0,324,326,0,326,650
05/31/2009,ISP,NY,AEA,EN,Towers with Radar,47,8,63,0,118,0,1,215,0,216,47,9,278,0,334,432,0,432,766
06/01/2009,ISP,NY,AEA,EN,Towers with Radar,54,9,53,5,121,0,0,178,4,182,54,9,231,9,303,298,12,310,613
06/02/2009,ISP,NY,AEA,EN,Towers with Radar,53,13,35,0,101,0,0,115,1,116,53,13,150,1,217,236,0,236,453
06/03/2009,ISP,NY,AEA,EN,Towers with Radar,55,10,45,1,111,0,0,124,4,128,55,10,169,5,239,188,0,188,427
06/04/2009,ISP,NY,AEA,EN,Towers with Radar,53,14,42,1,110,0,2,62,1,65,53,16,104,2,175,72,0,72,247
06/05/2009,ISP,NY,AEA,EN,Towers with Radar,54,11,50,0,115,0,0,10,0,10,54,11,60,0,125,12,0,12,137
06/06/2009,ISP,NY,AEA,EN,Towers with Radar,50,12,42,0,104,0,0,210,0,210,50,12,252,0,314,346,0,346,660
06/07/2009,ISP,NY,AEA,EN,Towers with Radar,53,13,57,0,123,0,1,242,0,243,53,14,299,0,366,366,0,366,732
06/08/2009,ISP,NY,AEA,EN,Towers with Radar,49,8,45,0,102,0,4,136,0,140,49,12,181,0,242,258,0,258,500
06/09/2009,ISP,NY,AEA,EN,Towers with Radar,51,5,32,0,88,0,0,9,0,9,51,5,41,0,97,22,0,22,119
06/10/2009,ISP,NY,AEA,EN,Towers with Radar,52,7,48,0,107,0,0,24,0,24,52,7,72,0,131,190,0,190,321
06/11/2009,ISP,NY,AEA,EN,Towers with Radar,54,11,37,0,102,0,0,0,0,0,54,11,37,0,102,0,0,0,102
06/12/2009,ISP,NY,AEA,EN,Towers with Radar,56,21,31,0,108,0,1,28,0,29,56,22,59,0,137,184,0,184,321
06/13/2009,ISP,NY,AEA,EN,Towers with Radar,48,8,47,1,104,0,0,239,0,239,48,8,286,1,343,342,0,342,685
06/14/2009,ISP,NY,AEA,EN,Towers with Radar,50,12,77,0,139,0,0,90,0,90,50,12,167,0,229,256,0,256,485
06/15/2009,ISP,NY,AEA,EN,Towers with Radar,52,16,49,2,119,0,1,84,5,90,52,17,133,7,209,252,0,252,461
06/16/2009,ISP,NY,AEA,EN,Towers with Radar,49,15,49,0,113,0,2,122,0,124,49,17,171,0,237,324,0,324,561
06/17/2009,ISP,NY,AEA,EN,Towers with Radar,52,12,77,0,141,0,0,218,0,218,52,12,295,0,359,384,0,384,743
06/18/2009,ISP,NY,AEA,EN,Towers with Radar,42,6,41,0,89,0,0,4,0,4,42,6,45,0,93,16,0,16,109
06/19/2009,ISP,NY,AEA,EN,Towers with Radar,54,10,55,0,119,0,0,81,0,81,54,10,136,0,200,110,0,110,310
06/20/2009,ISP,NY,AEA,EN,Towers with Radar,50,5,40,0,95,0,0,48,0,48,50,5,88,0,143,130,0,130,273
06/21/2009,ISP,NY,AEA,EN,Towers with Radar,46,12,49,0,107,0,0,19,0,19,46,12,68,0,126,76,0,76,202
06/22/2009,ISP,NY,AEA,EN,Towers with Radar,51,12,47,1,111,0,0,55,3,58,51,12,102,4,169,106,10,116,285
06/23/2009,ISP,NY,AEA,EN,Towers with Radar,50,10,80,1,141,0,0,135,10,145,50,10,215,11,286,336,0,336,622
06/24/2009,ISP,NY,AEA,EN,Towers with Radar,59,14,57,0,130,0,0,41,0,41,59,14,98,0,171,88,0,88,259
06/25/2009,ISP,NY,AEA,EN,Towers with Radar,55,13,81,0,149,0,1,128,10,139,55,14,209,10,288,358,0,358,646
06/26/2009,ISP,NY,AEA,EN,Towers with Radar,53,9,43,0,105,0,0,38,0,38,53,9,81,0,143,100,0,100,243
06/27/2009,ISP,NY,AEA,EN,Towers with Radar,50,7,36,0,93,0,0,144,0,144,50,7,180,0,237,374,0,374,611
06/28/2009,ISP,NY,AEA,EN,Towers with Radar,47,15,71,0,133,0,0,103,2,105,47,15,174,2,238,282,0,282,520
06/29/2009,ISP,NY,AEA,EN,Towers with Radar,52,10,51,0,113,0,0,176,4,180,52,10,227,4,293,316,0,316,609
06/30/2009,ISP,NY,AEA,EN,Towers with Radar,59,11,51,0,121,0,2,167,4,173,59,13,218,4,294,232,0,232,526
07/01/2009,ISP,NY,AEA,EN,Towers with Radar,52,15,42,2,111,0,3,71,1,75,52,18,113,3,186,132,0,132,318
07/02/2009,ISP,NY,AEA,EN,Towers with Radar,53,18,61,0,132,0,1,72,0,73,53,19,133,0,205,198,0,198,403
07/03/2009,ISP,NY,AEA,EN,Towers with Radar,55,9,40,0,104,0,0,168,0,168,55,9,208,0,272,254,0,254,526
07/04/2009,ISP,NY,AEA,EN,Towers with Radar,41,6,25,0,72,0,3,130,1,134,41,9,155,1,206,180,0,180,386
07/05/2009,ISP,NY,AEA,EN,Towers with Radar,49,13,49,0,111,0,0,192,2,194,49,13,241,2,305,206,0,206,511
07/06/2009,ISP,NY,AEA,EN,Towers with Radar,50,12,53,0,115,0,2,180,6,188,50,14,233,6,303,236,0,236,539
07/07/2009,ISP,NY,AEA,EN,Towers with Radar,53,11,45,0,109,0,0,101,3,104,53,11,146,3,213,146,0,146,359
07/08/2009,ISP,NY,AEA,EN,Towers with Radar,58,13,66,2,139,0,0,175,3,178,58,13,241,5,317,250,0,250,567
07/09/2009,ISP,NY,AEA,EN,Towers with Radar,54,13,55,0,122,0,0,135,2,137,54,13,190,2,259,326,12,338,597
07/10/2009,ISP,NY,AEA,EN,Towers with Radar,49,16,36,0,101,0,2,234,2,238,49,18,270,2,339,272,0,272,611
07/11/2009,ISP,NY,AEA,EN,Towers with Radar,48,10,34,0,92,0,0,174,0,174,48,10,208,0,266,240,0,240,506
07/12/2009,ISP,NY,AEA,EN,Towers with Radar,46,20,40,2,108,0,0,139,1,140,46,20,179,3,248,248,0,248,496
07/13/2009,ISP,NY,AEA,EN,Towers with Radar,51,8,45,0,104,0,3,200,6,209,51,11,245,6,313,364,0,364,677
07/14/2009,ISP,NY,AEA,EN,Towers with Radar,55,9,61,0,125,0,1,186,5,192,55,10,247,5,317,240,0,240,557
07/15/2009,ISP,NY,AEA,EN,Towers with Radar,52,11,56,0,119,0,0,176,7,183,52,11,232,7,302,294,0,294,596
07/16/2009,ISP,NY,AEA,EN,Towers with Radar,57,12,48,0,117,0,1,109,6,116,57,13,157,6,233,174,8,182,415
07/17/2009,ISP,NY,AEA,EN,Towers with Radar,50,8,55,0,113,0,1,188,0,189,50,9,243,0,302,252,0,252,554
07/18/2009,ISP,NY,AEA,EN,Towers with Radar,51,9,40,0,100,0,1,140,1,142,51,10,180,1,242,200,0,200,442
07/19/2009,ISP,NY,AEA,EN,Towers with Radar,47,11,35,1,94,0,4,235,1,240,47,15,270,2,334,332,0,332,666
07/20/2009,ISP,NY,AEA,EN,Towers with Radar,51,8,52,2,113,0,2,164,6,172,51,10,216,8,285,354,0,354,639
07/21/2009,ISP,NY,AEA,EN,Towers with Radar,51,10,29,0,90,0,0,2,0,2,51,10,31,0,92,0,0,0,92
07/22/2009,ISP,NY,AEA,EN,Towers with Radar,51,12,56,2,121,0,0,138,1,139,51,12,194,3,260,298,0,298,558
07/23/2009,ISP,NY,AEA,EN,Towers with Radar,51,10,40,2,103,0,0,11,0,11,51,10,51,2,114,52,0,52,166
07/24/2009,ISP,NY,AEA,EN,Towers with Radar,50,12,54,0,116,0,2,180,0,182,50,14,234,0,298,294,0,294,592
07/25/2009,ISP,NY,AEA,EN,Towers with Radar,47,10,46,2,105,0,0,138,1,139,47,10,184,3,244,202,0,202,446
07/26/2009,ISP,NY,AEA,EN,Towers with Radar,52,22,64,0,138,0,0,25,0,25,52,22,89,0,163,24,0,24,187
07/27/2009,ISP,NY,AEA,EN,Towers with Radar,51,13,43,0,107,0,2,118,5,125,51,15,161,5,232,232,0,232,464
07/28/2009,ISP,NY,AEA,EN,Towers with Radar,55,13,51,3,122,0,0,144,4,148,55,13,195,7,270,226,0,226,496
07/29/2009,ISP,NY,AEA,EN,Towers with Radar,49,14,50,3,116,0,0,15,0,15,49,14,65,3,131,12,0,12,143
07/30/2009,ISP,NY,AEA,EN,Towers with Radar,55,12,73,0,140,0,1,151,6,158,55,13,224,6,298,218,0,218,516
07/31/2009,ISP,NY,AEA,EN,Towers with Radar,59,14,45,4,122,0,0,12,0,12,59,14,57,4,134,34,0,34,168
08/01/2009,ISP,NY,AEA,EN,Towers with Radar,49,9,45,0,103,0,0,241,0,241,49,9,286,0,344,364,0,364,708
08/02/2009,ISP,NY,AEA,EN,Towers with Radar,56,11,40,2,109,0,0,26,0,26,56,11,66,2,135,52,0,52,187
08/03/2009,ISP,NY,AEA,EN,Towers with Radar,51,9,47,2,109,0,0,190,4,194,51,9,237,6,303,320,0,320,623
08/04/2009,ISP,NY,AEA,EN,Towers with Radar,49,13,57,2,121,0,4,178,3,185,49,17,235,5,306,322,8,330,636
08/05/2009,ISP,NY,AEA,EN,Towers with Radar,51,11,65,3,130,0,1,91,5,97,51,12,156,8,227,160,0,160,387
08/06/2009,ISP,NY,AEA,EN,Towers with Radar,52,15,63,0,130,0,1,149,3,153,52,16,212,3,283,306,0,306,589
08/07/2009,ISP,NY,AEA,EN,Towers with Radar,52,9,52,2,115,0,0,192,4,196,52,9,244,6,311,208,0,208,519
08/08/2009,ISP,NY,AEA,EN,Towers with Radar,49,14,23,0,86,0,0,194,3,197,49,14,217,3,283,356,30,386,669
08/09/2009,ISP,NY,AEA,EN,Towers with Radar,47,10,46,2,105,0,1,52,0,53,47,11,98,2,158,242,0,242,400
08/10/2009,ISP,NY,AEA,EN,Towers with Radar,50,15,58,6,129,0,1,157,6,164,50,16,215,12,293,310,0,310,603
08/11/2009,ISP,NY,AEA,EN,Towers with Radar,55,11,32,3,101,0,2,146,4,152,55,13,178,7,253,292,10,302,555
08/12/2009,ISP,NY,AEA,EN,Towers with Radar,49,7,49,5,110,0,0,44,4,48,49,7,93,9,158,66,0,66,224
08/13/2009,ISP,NY,AEA,EN,Towers with Radar,53,14,38,2,107,0,2,33,3,38,53,16,71,5,145,198,12,210,355
08/14/2009,ISP,NY,AEA,EN,Towers with Radar,52,13,61,1,127,0,1,211,6,218,52,14,272,7,345,314,0,314,659
08/15/2009,ISP,NY,AEA,EN,Towers with Radar,50,11,49,0,110,0,0,205,6,211,50,11,254,6,321,318,0,318,639
08/16/2009,ISP,NY,AEA,EN,Towers with Radar,38,11,55,0,104,0,0,151,0,151,38,11,206,0,255,298,0,298,553
08/17/2009,ISP,NY,AEA,EN,Towers with Radar,49,12,114,0,175,0,2,159,5,166,49,14,273,5,341,324,0,324,665
08/18/2009,ISP,NY,AEA,EN,Towers with Radar,46,11,66,1,124,0,0,196,4,200,46,11,262,5,324,264,0,264,588
08/19/2009,ISP,NY,AEA,EN,Towers with Radar,48,10,54,1,113,0,0,161,8,169,48,10,215,9,282,272,0,272,554
08/20/2009,ISP,NY,AEA,EN,Towers with Radar,45,14,65,2,126,0,2,95,2,99,45,16,160,4,225,274,0,274,499
08/21/2009,ISP,NY,AEA,EN,Towers with Radar,45,9,30,1,85,0,1,54,6,61,45,10,84,7,146,162,66,228,374
08/22/2009,ISP,NY,AEA,EN,Towers with Radar,46,11,39,5,101,0,0,59,0,59,46,11,98,5,160,208,0,208,368
08/23/2009,ISP,NY,AEA,EN,Towers with Radar,41,8,61,0,110,0,1,119,0,120,41,9,180,0,230,262,0,262,492
08/24/2009,ISP,NY,AEA,EN,Towers with Radar,62,14,68,0,144,0,1,182,6,189,62,15,250,6,333,262,0,262,595
08/25/2009,ISP,NY,AEA,EN,Towers with Radar,48,8,50,3,109,0,0,204,5,209,48,8,254,8,318,298,12,310,628
08/26/2009,ISP,NY,AEA,EN,Towers with Radar,46,15,54,4,119,0,0,177,4,181,46,15,231,8,300,306,0,306,606
08/27/2009,ISP,NY,AEA,EN,Towers with Radar,44,9,50,4,107,0,2,207,4,213,44,11,257,8,320,298,0,298,618
08/28/2009,ISP,NY,AEA,EN,Towers with Radar,46,11,43,6,106,0,1,54,1,56,46,12,97,7,162,148,0,148,310
08/29/2009,ISP,NY,AEA,EN,Towers with Radar,43,8,17,0,68,0,0,0,0,0,43,8,17,0,68,0,0,0,68
08/30/2009,ISP,NY,AEA,EN,Towers with Radar,40,14,44,2,100,0,0,106,0,106,40,14,150,2,206,168,0,168,374
08/31/2009,ISP,NY,AEA,EN,Towers with Radar,61,12,70,0,143,0,0,198,7,205,61,12,268,7,348,282,0,282,630
09/01/2009,ISP,NY,AEA,EN,Towers with Radar,48,10,75,1,134,0,0,204,5,209,48,10,279,6,343,292,20,312,655
09/02/2009,ISP,NY,AEA,EN,Towers with Radar,47,11,36,1,95,0,2,206,6,214,47,13,242,7,309,350,0,350,659
09/03/2009,ISP,NY,AEA,EN,Towers with Radar,48,10,54,4,116,11,2,160,0,173,59,12,214,4,289,340,26,366,655
09/04/2009,ISP,NY,AEA,EN,Towers with Radar,44,10,35,0,89,0,0,177,2,179,44,10,212,2,268,370,14,384,652
09/05/2009,ISP,NY,AEA,EN,Towers with Radar,42,6,50,0,98,0,0,221,0,221,42,6,271,0,319,360,0,360,679
09/06/2009,ISP,NY,AEA,EN,Towers with Radar,40,8,20,0,68,0,0,136,0,136,40,8,156,0,204,216,0,216,420
09/07/2009,ISP,NY,AEA,EN,Towers with Radar,44,8,40,0,92,0,0,168,0,168,44,8,208,0,260,250,0,250,510
09/08/2009,ISP,NY,AEA,EN,Towers with Radar,50,13,50,2,115,0,0,129,6,135,50,13,179,8,250,212,0,212,462
09/09/2009,ISP,NY,AEA,EN,Towers with Radar,46,11,52,1,110,0,0,132,6,138,46,11,184,7,248,296,18,314,562
09/10/2009,ISP,NY,AEA,EN,Towers with Radar,50,15,38,0,103,0,0,63,6,69,50,15,101,6,172,168,0,168,340
09/11/2009,ISP,NY,AEA,EN,Towers with Radar,44,8,32,0,84,0,0,4,0,4,44,8,36,0,88,0,0,0,88
09/12/2009,ISP,NY,AEA,EN,Towers with Radar,47,11,45,0,103,0,0,14,0,14,47,11,59,0,117,76,0,76,193
09/13/2009,ISP,NY,AEA,EN,Towers with Radar,39,9,56,2,106,0,0,198,2,200,39,9,254,4,306,332,0,332,638
09/14/2009,ISP,NY,AEA,EN,Towers with Radar,51,9,48,0,108,0,0,174,0,174,51,9,222,0,282,322,0,322,604
09/15/2009,ISP,NY,AEA,EN,Towers with Radar,47,10,41,0,98,0,1,133,0,134,47,11,174,0,232,278,0,278,510
09/16/2009,ISP,NY,AEA,EN,Towers with Radar,57,14,53,0,124,0,1,43,2,46,57,15,96,2,170,158,0,158,328
09/17/2009,ISP,NY,AEA,EN,Towers with Radar,44,8,54,0,106,0,0,111,1,112,44,8,165,1,218,150,0,150,368
09/18/2009,ISP,NY,AEA,EN,Towers with Radar,47,10,55,0,112,0,0,155,1,156,47,10,210,1,268,266,0,266,534
09/19/2009,ISP,NY,AEA,EN,Towers with Radar,42,8,34,0,84,0,0,190,0,190,42,8,224,0,274,302,0,302,576
09/20/2009,ISP,NY,AEA,EN,Towers with Radar,40,9,28,0,77,0,0,230,1,231,40,9,258,1,308,332,0,332,640
09/21/2009,ISP,NY,AEA,EN,Towers with Radar,46,9,52,0,107,0,1,164,1,166,46,10,216,1,273,312,0,312,585
09/22/2009,ISP,NY,AEA,EN,Towers with Radar,45,9,66,6,126,0,0,123,0,123,45,9,189,6,249,262,0,262,511
09/23/2009,ISP,NY,AEA,EN,Towers with Radar,44,9,50,0,103,0,0,39,6,45,44,9,89,6,148,142,0,142,290
09/24/2009,ISP,NY,AEA,EN,Towers with Radar,50,13,62,0,125,0,0,156,0,156,50,13,218,0,281,330,0,330,611
09/25/2009,ISP,NY,AEA,EN,Towers with Radar,45,10,69,0,124,0,0,132,6,138,45,10,201,6,262,204,0,204,466
09/26/2009,ISP,NY,AEA,EN,Towers with Radar,43,7,51,0,101,0,0,235,2,237,43,7,286,2,338,420,0,420,758
09/27/2009,ISP,NY,AEA,EN,Towers with Radar,39,12,44,0,95,0,0,2,0,2,39,12,46,0,97,0,0,0,97
09/28/2009,ISP,NY,AEA,EN,Towers with Radar,46,13,33,0,92,0,1,90,3,94,46,14,123,3,186,178,0,178,364
09/29/2009,ISP,NY,AEA,EN,Towers with Radar,45,9,22,1,77,0,0,46,4,50,45,9,68,5,127,158,18,176,303
09/30/2009,ISP,NY,AEA,EN,Towers with Radar,49,12,32,0,93,0,1,151,1,153,49,13,183,1,246,330,0,330,576
10/01/2009,ISP,NY,AEA,EN,Towers with Radar,47,13,48,2,110,0,0,157,3,160,47,13,205,5,270,312,10,322,592
10/02/2009,ISP,NY,AEA,EN,Towers with Radar,45,7,59,0,111,0,0,114,3,117,45,7,173,3,228,184,0,184,412
10/03/2009,ISP,NY,AEA,EN,Towers with Radar,46,10,20,0,76,0,0,5,0,5,46,10,25,0,81,0,0,0,81
10/04/2009,ISP,NY,AEA,EN,Towers with Radar,39,8,53,0,100,0,0,129,1,130,39,8,182,1,230,344,0,344,574
10/05/2009,ISP,NY,AEA,EN,Towers with Radar,50,12,74,0,136,0,0,155,0,155,50,12,229,0,291,182,0,182,473
10/06/2009,ISP,NY,AEA,EN,Towers with Radar,46,13,44,0,103,0,1,185,3,189,46,14,229,3,292,298,0,298,590
10/07/2009,ISP,NY,AEA,EN,Towers with Radar,51,15,19,0,85,0,1,22,0,23,51,16,41,0,108,6,0,6,114
10/08/2009,ISP,NY,AEA,EN,Towers with Radar,45,12,43,0,100,0,0,170,6,176,45,12,213,6,276,352,10,362,638
10/09/2009,ISP,NY,AEA,EN,Towers with Radar,47,16,50,9,122,0,1,70,1,72,47,17,120,10,194,184,0,184,378
10/10/2009,ISP,NY,AEA,EN,Towers with Radar,44,6,24,0,74,0,1,115,0,116,44,7,139,0,190,328,0,328,518
10/11/2009,ISP,NY,AEA,EN,Towers with Radar,42,8,43,1,94,0,1,215,0,216,42,9,258,1,310,284,0,284,594
10/12/2009,ISP,NY,AEA,EN,Towers with Radar,44,15,61,3,123,0,0,173,0,173,44,15,234,3,296,274,10,284,580
10/13/2009,ISP,NY,AEA,EN,Towers with Radar,45,12,30,0,87,0,1,75,2,78,45,13,105,2,165,224,8,232,397
10/14/2009,ISP,NY,AEA,EN,Towers with Radar,44,14,64,0,122,0,1,187,8,196,44,15,251,8,318,304,0,304,622
10/15/2009,ISP,NY,AEA,EN,Towers with Radar,49,14,41,0,104,0,0,22,0,22,49,14,63,0,126,136,0,136,262
10/16/2009,ISP,NY,AEA,EN,Towers with Radar,49,9,30,2,90,0,0,11,0,11,49,9,41,2,101,0,0,0,101
10/17/2009,ISP,NY,AEA,EN,Towers with Radar,42,9,28,3,82,0,0,31,10,41,42,9,59,13,123,142,0,142,265
10/18/2009,ISP,NY,AEA,EN,Towers with Radar,40,11,28,0,79,0,0,2,0,2,40,11,30,0,81,0,0,0,81
10/19/2009,ISP,NY,AEA,EN,Towers with Radar,48,12,56,0,116,0,0,146,5,151,48,12,202,5,267,162,6,168,435
10/20/2009,ISP,NY,AEA,EN,Towers with Radar,46,9,48,0,103,0,0,158,9,167,46,9,206,9,270,370,0,370,640
10/21/2009,ISP,NY,AEA,EN,Towers with Radar,44,14,54,0,112,0,1,210,3,214,44,15,264,3,326,408,0,408,734
10/22/2009,ISP,NY,AEA,EN,Towers with Radar,49,11,57,1,118,0,0,175,6,181,49,11,232,7,299,238,0,238,537
10/23/2009,ISP,NY,AEA,EN,Towers with Radar,47,11,52,0,110,0,0,99,2,101,47,11,151,2,211,168,0,168,379
10/24/2009,ISP,NY,AEA,EN,Towers with Radar,50,5,22,0,77,0,0,4,0,4,50,5,26,0,81,4,0,4,85
10/25/2009,ISP,NY,AEA,EN,Towers with Radar,38,15,47,0,100,0,0,217,2,219,38,15,264,2,319,302,0,302,621
10/26/2009,ISP,NY,AEA,EN,Towers with Radar,44,15,50,0,109,0,0,161,0,161,44,15,211,0,270,270,0,270,540
10/27/2009,ISP,NY,AEA,EN,Towers with Radar,50,11,62,9,132,0,0,8,0,8,50,11,70,9,140,64,0,64,204
10/28/2009,ISP,NY,AEA,EN,Towers with Radar,44,9,17,0,70,0,0,2,0,2,44,9,19,0,72,0,0,0,72
10/29/2009,ISP,NY,AEA,EN,Towers with Radar,42,11,54,0,107,0,1,153,5,159,42,12,207,5,266,342,0,342,608
10/30/2009,ISP,NY,AEA,EN,Towers with Radar,50,16,42,0,108,0,0,187,3,190,50,16,229,3,298,210,0,210,508
10/31/2009,ISP,NY,AEA,EN,Towers with Radar,40,7,18,0,65,0,0,15,0,15,40,7,33,0,80,66,0,66,146
11/01/2009,ISP,NY,AEA,EN,Towers with Radar,51,13,38,0,102,0,1,168,2,171,51,14,206,2,273,288,0,288,561
11/02/2009,ISP,NY,AEA,EN,Towers with Radar,48,12,49,2,111,0,0,97,2,99,48,12,146,4,210,266,4,270,480
11/03/2009,ISP,NY,AEA,EN,Towers with Radar,53,9,55,0,117,0,1,176,5,182,53,10,231,5,299,278,0,278,577
11/04/2009,ISP,NY,AEA,EN,Towers with Radar,53,10,54,0,117,0,0,204,4,208,53,10,258,4,325,402,0,402,727
11/05/2009,ISP,NY,AEA,EN,Towers with Radar,49,11,50,0,110,0,0,115,0,115,49,11,165,0,225,274,0,274,499
11/06/2009,ISP,NY,AEA,EN,Towers with Radar,51,15,29,0,95,0,0,109,7,116,51,15,138,7,211,228,0,228,439
11/07/2009,ISP,NY,AEA,EN,Towers with Radar,48,6,39,2,95,0,0,229,6,235,48,6,268,8,330,296,0,296,626
11/08/2009,ISP,NY,AEA,EN,Towers with Radar,44,12,74,0,130,0,0,258,7,265,44,12,332,7,395,302,0,302,697
11/09/2009,ISP,NY,AEA,EN,Towers with Radar,50,8,54,4,116,0,0,154,3,157,50,8,208,7,273,328,0,328,601
11/10/2009,ISP,NY,AEA,EN,Towers with Radar,48,11,42,3,104,0,0,113,3,116,48,11,155,6,220,278,18,296,516
11/11/2009,ISP,NY,AEA,EN,Towers with Radar,50,11,23,0,84,0,1,93,1,95,50,12,116,1,179,196,4,200,379
11/12/2009,ISP,NY,AEA,EN,Towers with Radar,47,8,28,0,83,0,0,25,2,27,47,8,53,2,110,72,23,95,205
11/13/2009,ISP,NY,AEA,EN,Towers with Radar,50,9,16,0,75,0,0,8,0,8,50,9,24,0,83,0,0,0,83
11/14/2009,ISP,NY,AEA,EN,Towers with Radar,46,10,30,0,86,0,0,0,0,0,46,10,30,0,86,0,0,0,86
11/15/2009,ISP,NY,AEA,EN,Towers with Radar,46,10,42,0,98,0,0,53,0,53,46,10,95,0,151,128,0,128,279
11/16/2009,ISP,NY,AEA,EN,Towers with Radar,58,13,53,3,127,0,1,137,6,144,58,14,190,9,271,248,0,248,519
11/17/2009,ISP,NY,AEA,EN,Towers with Radar,50,12,56,1,119,0,0,157,5,162,50,12,213,6,281,303,0,303,584
11/18/2009,ISP,NY,AEA,EN,Towers with Radar,47,13,70,0,130,0,1,169,6,176,47,14,239,6,306,218,0,218,524
11/19/2009,ISP,NY,AEA,EN,Towers with Radar,53,10,54,0,117,0,0,54,2,56,53,10,108,2,173,169,0,169,342
11/20/2009,ISP,NY,AEA,EN,Towers with Radar,52,10,59,4,125,0,0,113,3,116,52,10,172,7,241,198,0,198,439
11/21/2009,ISP,NY,AEA,EN,Towers with Radar,45,8,36,0,89,0,1,230,1,232,45,9,266,1,321,364,0,364,685
11/22/2009,ISP,NY,AEA,EN,Towers with Radar,44,18,52,0,114,0,0,147,0,147,44,18,199,0,261,358,0,358,619
11/23/2009,ISP,NY,AEA,EN,Towers with Radar,50,11,38,4,103,0,0,30,7,37,50,11,68,11,140,205,4,209,349
11/24/2009,ISP,NY,AEA,EN,Towers with Radar,51,16,58,1,126,0,0,38,10,48,51,16,96,11,174,124,16,140,314
11/25/2009,ISP,NY,AEA,EN,Towers with Radar,51,13,89,0,153,0,0,6,0,6,51,13,95,0,159,34,0,34,193
11/26/2009,ISP,NY,AEA,EN,Towers with Radar,39,6,22,0,67,0,0,10,0,10,39,6,32,0,77,60,0,60,137
11/27/2009,ISP,NY,AEA,EN,Towers with Radar,46,11,10,0,67,0,0,10,0,10,46,11,20,0,77,10,0,10,87
11/28/2009,ISP,NY,AEA,EN,Towers with Radar,53,8,18,0,79,0,0,22,0,22,53,8,40,0,101,0,0,0,101
11/29/2009,ISP,NY,AEA,EN,Towers with Radar,49,15,53,0,117,0,0,216,0,216,49,15,269,0,333,374,0,374,707
11/30/2009,ISP,NY,AEA,EN,Towers with Radar,53,13,60,1,127,0,0,67,6,73,53,13,127,7,200,158,0,158,358
12/01/2009,ISP,NY,AEA,EN,Towers with Radar,50,13,59,0,122,0,0,119,2,121,50,13,178,2,243,284,0,284,527
12/02/2009,ISP,NY,AEA,EN,Towers with Radar,48,13,63,2,126,0,0,153,1,154,48,13,216,3,280,308,0,308,588
12/03/2009,ISP,NY,AEA,EN,Towers with Radar,48,10,21,5,84,0,0,28,3,31,48,10,49,8,115,44,6,50,165
12/04/2009,ISP,NY,AEA,EN,Towers with Radar,48,8,35,2,93,0,4,167,8,179,48,12,202,10,272,280,16,296,568
12/05/2009,ISP,NY,AEA,EN,Towers with Radar,43,6,9,0,58,0,0,33,2,35,43,6,42,2,93,134,0,134,227
12/06/2009,ISP,NY,AEA,EN,Towers with Radar,45,10,48,0,103,0,0,183,6,189,45,10,231,6,292,370,4,374,666
12/07/2009,ISP,NY,AEA,EN,Towers with Radar,50,13,39,4,106,0,2,127,4,133,50,15,166,8,239,294,36,330,569
12/08/2009,ISP,NY,AEA,EN,Towers with Radar,55,17,54,0,126,0,0,182,8,190,55,17,236,8,316,252,0,252,568
12/09/2009,ISP,NY,AEA,EN,Towers with Radar,52,10,19,0,81,0,0,7,0,7,52,10,26,0,88,0,0,0,88
12/10/2009,ISP,NY,AEA,EN,Towers with Radar,49,17,23,12,101,0,0,43,5,48,49,17,66,17,149,98,52,150,299
12/11/2009,ISP,NY,AEA,EN,Towers with Radar,48,9,19,1,77,0,0,58,5,63,48,9,77,6,140,20,4,24,164
12/12/2009,ISP,NY,AEA,EN,Towers with Radar,44,4,30,0,78,0,0,137,0,137,44,4,167,0,215,0,0,0,215
12/13/2009,ISP,NY,AEA,EN,Towers with Radar,50,8,28,0,86,0,0,48,0,48,50,8,76,0,134,148,0,148,282
12/14/2009,ISP,NY,AEA,EN,Towers with Radar,50,16,37,0,103,0,0,170,9,179,50,16,207,9,282,240,0,240,522
12/15/2009,ISP,NY,AEA,EN,Towers with Radar,51,11,52,0,114,0,0,50,11,61,51,11,102,11,175,134,0,134,309
12/16/2009,ISP,NY,AEA,EN,Towers with Radar,51,19,36,0,106,0,0,122,5,127,51,19,158,5,233,134,0,134,367
12/17/2009,ISP,NY,AEA,EN,Towers with Radar,51,10,29,0,90,0,0,101,3,104,51,10,130,3,194,164,0,164,358
12/18/2009,ISP,NY,AEA,EN,Towers with Radar,51,11,41,0,103,0,0,127,3,130,51,11,168,3,233,202,0,202,435
12/19/2009,ISP,NY,AEA,EN,Towers with Radar,20,4,18,0,42,0,1,57,0,58,20,5,75,0,100,110,0,110,210
12/20/2009,ISP,NY,AEA,EN,Towers with Radar,9,4,5,0,18,0,0,0,0,0,9,4,5,0,18,0,0,0,18
12/21/2009,ISP,NY,AEA,EN,Towers with Radar,64,28,40,3,135,0,0,38,0,38,64,28,78,3,173,0,0,0,173
12/22/2009,ISP,NY,AEA,EN,Towers with Radar,71,23,36,0,130,0,1,82,6,89,71,24,118,6,219,38,20,58,277
12/23/2009,ISP,NY,AEA,EN,Towers with Radar,56,18,64,4,142,0,0,77,1,78,56,18,141,5,220,152,0,152,372
12/24/2009,ISP,NY,AEA,EN,Towers with Radar,48,13,28,0,89,0,3,65,0,68,48,16,93,0,157,208,6,214,371
12/25/2009,ISP,NY,AEA,EN,Towers with Radar,45,9,8,0,62,0,0,9,0,9,45,9,17,0,71,44,0,44,115
12/26/2009,ISP,NY,AEA,EN,Towers with Radar,46,21,32,0,99,0,0,9,1,10,46,21,41,1,109,50,6,56,165
12/27/2009,ISP,NY,AEA,EN,Towers with Radar,60,20,51,0,131,0,0,131,0,131,60,20,182,0,262,282,0,282,544
12/28/2009,ISP,NY,AEA,EN,Towers with Radar,50,12,38,1,101,0,0,66,0,66,50,12,104,1,167,186,0,186,353
12/29/2009,ISP,NY,AEA,EN,Towers with Radar,51,10,10,0,71,0,0,5,0,5,51,10,15,0,76,2,0,2,78
12/30/2009,ISP,NY,AEA,EN,Towers with Radar,50,12,49,0,111,0,0,190,2,192,50,12,239,2,303,232,0,232,535
12/31/2009,ISP,NY,AEA,EN,Towers with Radar,37,13,10,0,60,0,0,12,0,12,37,13,22,0,72,22,0,22,94
01/01/2010,ISP,NY,AEA,EN,Towers with Radar,46,10,10,0,66,0,0,9,0,9,46,10,19,0,75,26,0,26,101
01/02/2010,ISP,NY,AEA,EN,Towers with Radar,54,8,22,0,84,0,0,2,0,2,54,8,24,0,86,0,0,0,86
01/03/2010,ISP,NY,AEA,EN,Towers with Radar,52,15,25,0,92,0,0,2,0,2,52,15,27,0,94,0,0,0,94
01/04/2010,ISP,NY,AEA,EN,Towers with Radar,48,11,50,3,112,0,0,57,1,58,48,11,107,4,170,142,0,142,312
01/05/2010,ISP,NY,AEA,EN,Towers with Radar,52,10,25,1,88,0,0,99,8,107,52,10,124,9,195,274,0,274,469
01/06/2010,ISP,NY,AEA,EN,Towers with Radar,55,13,33,1,102,0,0,97,6,103,55,13,130,7,205,268,2,270,475
01/07/2010,ISP,NY,AEA,EN,Towers with Radar,45,10,25,0,80,0,0,139,7,146,45,10,164,7,226,288,16,304,530
01/08/2010,ISP,NY,AEA,EN,Towers with Radar,63,19,42,2,126,0,0,11,0,11,63,19,53,2,137,42,0,42,179
01/09/2010,ISP,NY,AEA,EN,Towers with Radar,44,7,25,0,76,0,0,124,6,130,44,7,149,6,206,262,0,262,468
01/10/2010,ISP,NY,AEA,EN,Towers with Radar,41,9,24,0,74,0,0,142,0,142,41,9,166,0,216,262,0,262,478
01/11/2010,ISP,NY,AEA,EN,Towers with Radar,42,9,47,0,98,0,0,94,4,98,42,9,141,4,196,270,14,284,480
01/12/2010,ISP,NY,AEA,EN,Towers with Radar,42,14,33,2,91,0,2,74,4,80,42,16,107,6,171,152,0,152,323
01/13/2010,ISP,NY,AEA,EN,Towers with Radar,49,15,34,3,101,0,0,139,4,143,49,15,173,7,244,252,4,256,500
01/14/2010,ISP,NY,AEA,EN,Towers with Radar,67,26,61,0,154,2,4,202,10,218,69,30,263,10,372,304,24,328,700
01/15/2010,ISP,NY,AEA,EN,Towers with Radar,48,21,44,3,116,0,0,129,1,130,48,21,173,4,246,282,0,282,528
01/16/2010,ISP,NY,AEA,EN,Towers with Radar,29,5,82,0,116,0,0,234,2,236,29,5,316,2,352,402,0,402,754
01/17/2010,ISP,NY,AEA,EN,Towers with Radar,42,6,29,0,77,0,0,45,0,45,42,6,74,0,122,124,0,124,246
01/18/2010,ISP,NY,AEA,EN,Towers with Radar,44,13,25,0,82,0,0,58,0,58,44,13,83,0,140,68,0,68,208
01/19/2010,ISP,NY,AEA,EN,Towers with Radar,42,13,38,0,93,0,0,66,1,67,42,13,104,1,160,282,0,282,442
01/20/2010,ISP,NY,AEA,EN,Towers with Radar,44,14,41,2,101,0,0,122,7,129,44,14,163,9,230,322,14,336,566
01/21/2010,ISP,NY,AEA,EN,Towers with Radar,43,16,46,0,105,0,1,178,15,194,43,17,224,15,299,268,0,268,567
01/22/2010,ISP,NY,AEA,EN,Towers with Radar,42,11,43,0,96,0,0,112,5,117,42,11,155,5,213,268,14,282,495
01/23/2010,ISP,NY,AEA,EN,Towers with Radar,30,7,41,0,78,0,0,273,0,273,30,7,314,0,351,384,0,384,735
01/24/2010,ISP,NY,AEA,EN,Towers with Radar,44,13,42,0,99,0,0,81,2,83,44,13,123,2,182,220,0,220,402
01/25/2010,ISP,NY,AEA,EN,Towers with Radar,22,9,17,0,48,0,0,0,0,0,22,9,17,0,48,0,0,0,48
01/26/2010,ISP,NY,AEA,EN,Towers with Radar,54,16,40,3,113,0,1,115,14,130,54,17,155,17,243,190,12,202,445
01/27/2010,ISP,NY,AEA,EN,Towers with Radar,42,11,54,1,108,0,1,172,3,176,42,12,226,4,284,112,0,112,396
01/28/2010,ISP,NY,AEA,EN,Towers with Radar,42,8,22,2,74,0,0,19,2,21,42,8,41,4,95,0,0,0,95
01/29/2010,ISP,NY,AEA,EN,Towers with Radar,45,15,30,0,90,0,0,57,12,69,45,15,87,12,159,118,10,128,287
01/30/2010,ISP,NY,AEA,EN,Towers with Radar,27,7,22,0,56,0,0,102,2,104,27,7,124,2,160,332,0,332,492
01/31/2010,ISP,NY,AEA,EN,Towers with Radar,42,16,55,0,113,0,0,206,2,208,42,16,261,2,321,372,0,372,693
02/01/2010,ISP,NY,AEA,EN,Towers with Radar,42,20,40,2,104,0,1,111,6,118,42,21,151,8,222,160,0,160,382
02/02/2010,ISP,NY,AEA,EN,Towers with Radar,48,15,46,1,110,0,0,92,9,101,48,15,138,10,211,156,6,162,373
02/03/2010,ISP,NY,AEA,EN,Towers with Radar,43,14,46,0,103,0,2,40,4,46,43,16,86,4,149,160,10,170,319
02/04/2010,ISP,NY,AEA,EN,Towers with Radar,43,16,51,11,121,0,1,128,7,136,43,17,179,18,257,252,30,282,539
02/05/2010,ISP,NY,AEA,EN,Towers with Radar,41,8,47,0,96,0,2,112,2,116,41,10,159,2,212,208,0,208,420
02/06/2010,ISP,NY,AEA,EN,Towers with Radar,25,0,3,0,28,0,0,11,0,11,25,0,14,0,39,0,0,0,39
02/07/2010,ISP,NY,AEA,EN,Towers with Radar,39,5,37,0,81,0,0,77,0,77,39,5,114,0,158,136,0,136,294
02/08/2010,ISP,NY,AEA,EN,Towers with Radar,37,18,42,0,97,0,1,93,4,98,37,19,135,4,195,188,0,188,383
02/09/2010,ISP,NY,AEA,EN,Towers with Radar,44,12,55,1,112,0,0,116,9,125,44,12,171,10,237,236,0,236,473
02/10/2010,ISP,NY,AEA,EN,Towers with Radar,0,2,2,0,4,0,0,0,0,0,0,2,2,0,4,0,0,0,4
02/11/2010,ISP,NY,AEA,EN,Towers with Radar,19,5,31,0,55,0,0,28,6,34,19,5,59,6,89,8,0,8,97
02/12/2010,ISP,NY,AEA,EN,Towers with Radar,47,14,34,0,95,0,1,86,4,91,47,15,120,4,186,128,0,128,314
02/13/2010,ISP,NY,AEA,EN,Towers with Radar,44,11,11,0,66,0,1,108,0,109,44,12,119,0,175,202,0,202,377
02/14/2010,ISP,NY,AEA,EN,Towers with Radar,44,9,26,1,80,0,0,62,1,63,44,9,88,2,143,102,0,102,245
02/15/2010,ISP,NY,AEA,EN,Towers with Radar,49,7,38,0,94,0,1,136,1,138,49,8,174,1,232,248,0,248,480
02/16/2010,ISP,NY,AEA,EN,Towers with Radar,47,10,16,0,73,0,0,1,0,1,47,10,17,0,74,0,0,0,74
02/17/2010,ISP,NY,AEA,EN,Towers with Radar,46,10,45,0,101,0,0,79,4,83,46,10,124,4,184,192,0,192,376
02/18/2010,ISP,NY,AEA,EN,Towers with Radar,48,11,36,0,95,0,0,55,13,68,48,11,91,13,163,68,0,68,231
02/19/2010,ISP,NY,AEA,EN,Towers with Radar,48,12,37,5,102,0,0,40,2,42,48,12,77,7,144,46,4,50,194
02/20/2010,ISP,NY,AEA,EN,Towers with Radar,45,8,30,0,83,0,0,158,6,164,45,8,188,6,247,354,0,354,601
02/21/2010,ISP,NY,AEA,EN,Towers with Radar,46,11,42,1,100,0,1,115,5,121,46,12,157,6,221,212,0,212,433
02/22/2010,ISP,NY,AEA,EN,Towers with Radar,45,14,69,1,129,0,1,154,14,169,45,15,223,15,298,310,0,310,608
02/23/2010,ISP,NY,AEA,EN,Towers with Radar,47,11,25,4,87,0,0,0,0,0,47,11,25,4,87,0,0,0,87
02/24/2010,ISP,NY,AEA,EN,Towers with Radar,46,16,34,0,96,0,0,0,0,0,46,16,34,0,96,0,0,0,96
02/25/2010,ISP,NY,AEA,EN,Towers with Radar,44,18,18,0,80,0,0,0,0,0,44,18,18,0,80,0,0,0,80
02/26/2010,ISP,NY,AEA,EN,Towers with Radar,0,16,19,0,35,0,0,0,0,0,0,16,19,0,35,0,0,0,35
02/27/2010,ISP,NY,AEA,EN,Towers with Radar,40,8,9,0,57,0,0,50,0,50,40,8,59,0,107,256,0,256,363
02/28/2010,ISP,NY,AEA,EN,Towers with Radar,57,14,37,0,108,0,0,91,0,91,57,14,128,0,199,226,0,226,425
03/01/2010,ISP,NY,AEA,EN,Towers with Radar,46,9,29,1,85,0,0,42,4,46,46,9,71,5,131,92,0,92,223
03/02/2010,ISP,NY,AEA,EN,Towers with Radar,51,10,32,1,94,0,1,147,13,161,51,11,179,14,255,254,8,262,517
03/03/2010,ISP,NY,AEA,EN,Towers with Radar,52,13,18,0,83,0,0,14,0,14,52,13,32,0,97,18,0,18,115
03/04/2010,ISP,NY,AEA,EN,Towers with Radar,47,8,41,2,98,0,2,95,6,103,47,10,136,8,201,226,14,240,441
03/05/2010,ISP,NY,AEA,EN,Towers with Radar,50,13,43,0,106,0,0,86,0,86,50,13,129,0,192,188,0,188,380
03/06/2010,ISP,NY,AEA,EN,Towers with Radar,43,11,46,0,100,0,1,221,4,226,43,12,267,4,326,332,0,332,658
03/07/2010,ISP,NY,AEA,EN,Towers with Radar,46,15,57,0,118,0,0,240,2,242,46,15,297,2,360,346,0,346,706
03/08/2010,ISP,NY,AEA,EN,Towers with Radar,46,13,58,1,118,0,0,172,3,175,46,13,230,4,293,290,0,290,583
03/09/2010,ISP,NY,AEA,EN,Towers with Radar,48,14,75,1,138,0,3,216,7,226,48,17,291,8,364,298,12,310,674
03/10/2010,ISP,NY,AEA,EN,Towers with Radar,46,10,73,1,130,0,0,184,13,197,46,10,257,14,327,288,0,288,615
03/11/2010,ISP,NY,AEA,EN,Towers with Radar,48,12,64,0,124,0,0,66,4,70,48,12,130,4,194,182,0,182,376
03/12/2010,ISP,NY,AEA,EN,Towers with Radar,46,7,21,3,77,0,0,14,2,16,46,7,35,5,93,30,24,54,147
03/13/2010,ISP,NY,AEA,EN,Towers with Radar,37,12,9,0,58,0,0,2,0,2,37,12,11,0,60,0,0,0,60
03/14/2010,ISP,NY,AEA,EN,Towers with Radar,61,16,17,1,95,0,0,1,0,1,61,16,18,1,96,0,0,0,96
03/15/2010,ISP,NY,AEA,EN,Towers with Radar,54,16,20,0,90,0,0,10,1,11,54,16,30,1,101,22,8,30,131
03/16/2010,ISP,NY,AEA,EN,Towers with Radar,57,13,47,9,126,0,0,146,17,163,57,13,193,26,289,238,22,260,549
03/17/2010,ISP,NY,AEA,EN,Towers with Radar,48,10,88,0,146,0,1,207,6,214,48,11,295,6,360,326,0,326,686
03/18/2010,ISP,NY,AEA,EN,Towers with Radar,52,12,48,0,112,0,0,201,9,210,52,12,249,9,322,432,6,438,760
03/19/2010,ISP,NY,AEA,EN,Towers with Radar,51,12,60,1,124,0,0,175,5,180,51,12,235,6,304,348,0,348,652
03/20/2010,ISP,NY,AEA,EN,Towers with Radar,44,7,55,0,106,0,0,253,0,253,44,7,308,0,359,316,0,316,675
03/21/2010,ISP,NY,AEA,EN,Towers with Radar,49,12,47,0,108,0,2,198,0,200,49,14,245,0,308,258,0,258,566
03/22/2010,ISP,NY,AEA,EN,Towers with Radar,55,13,19,0,87,0,0,6,0,6,55,13,25,0,93,0,0,0,93
03/23/2010,ISP,NY,AEA,EN,Towers with Radar,50,11,52,0,113,0,0,0,0,0,50,11,52,0,113,12,0,12,125
03/24/2010,ISP,NY,AEA,EN,Towers with Radar,50,14,29,0,93,0,4,67,7,78,50,18,96,7,171,104,0,104,275
03/25/2010,ISP,NY,AEA,EN,Towers with Radar,53,10,76,2,141,0,0,143,9,152,53,10,219,11,293,320,12,332,625
03/26/2010,ISP,NY,AEA,EN,Towers with Radar,50,16,39,5,110,0,0,55,11,66,50,16,94,16,176,102,4,106,282
03/27/2010,ISP,NY,AEA,EN,Towers with Radar,43,14,63,0,120,0,0,240,0,240,43,14,303,0,360,324,0,324,684
03/28/2010,ISP,NY,AEA,EN,Towers with Radar,51,14,46,0,111,0,0,97,0,97,51,14,143,0,208,172,0,172,380
03/29/2010,ISP,NY,AEA,EN,Towers with Radar,51,15,45,0,111,0,0,0,0,0,51,15,45,0,111,2,0,2,113
03/30/2010,ISP,NY,AEA,EN,Towers with Radar,52,16,29,0,97,0,0,0,0,0,52,16,29,0,97,0,0,0,97
03/31/2010,ISP,NY,AEA,EN,Towers with Radar,52,17,61,0,130,0,0,36,0,36,52,17,97,0,166,208,0,208,374
04/01/2010,ISP,NY,AEA,EN,Towers with Radar,50,11,56,5,122,0,2,238,10,250,50,13,294,15,372,322,6,328,700
04/02/2010,ISP,NY,AEA,EN,Towers with Radar,50,11,67,0,128,0,2,221,17,240,50,13,288,17,368,314,36,350,718
04/03/2010,ISP,NY,AEA,EN,Towers with Radar,42,15,46,0,103,0,0,135,0,135,42,15,181,0,238,256,0,256,494
04/04/2010,ISP,NY,AEA,EN,Towers with Radar,50,18,50,0,118,0,0,113,1,114,50,18,163,1,232,236,0,236,468
04/05/2010,ISP,NY,AEA,EN,Towers with Radar,50,17,49,2,118,0,0,144,2,146,50,17,193,4,264,310,0,310,574
04/06/2010,ISP,NY,AEA,EN,Towers with Radar,50,15,79,0,144,0,1,164,11,176,50,16,243,11,320,350,24,374,694
04/07/2010,ISP,NY,AEA,EN,Towers with Radar,51,12,58,0,121,0,2,163,3,168,51,14,221,3,289,296,0,296,585
04/08/2010,ISP,NY,AEA,EN,Towers with Radar,49,11,57,1,118,0,0,124,3,127,49,11,181,4,245,172,0,172,417
04/09/2010,ISP,NY,AEA,EN,Towers with Radar,50,11,52,2,115,0,0,32,6,38,50,11,84,8,153,60,20,80,233
04/10/2010,ISP,NY,AEA,EN,Towers with Radar,43,7,38,0,88,0,2,87,7,96,43,9,125,7,184,152,0,152,336
04/11/2010,ISP,NY,AEA,EN,Towers with Radar,50,16,46,0,112,0,8,180,5,193,50,24,226,5,305,356,0,356,661
04/12/2010,ISP,NY,AEA,EN,Towers with Radar,54,10,50,1,115,0,0,167,5,172,54,10,217,6,287,360,12,372,659
04/13/2010,ISP,NY,AEA,EN,Towers with Radar,56,10,55,3,124,0,1,112,12,125,56,11,167,15,249,230,54,284,533
04/14/2010,ISP,NY,AEA,EN,Towers with Radar,56,13,39,0,108,0,0,194,7,201,56,13,233,7,309,304,0,304,613
04/15/2010,ISP,NY,AEA,EN,Towers with Radar,52,10,48,5,115,0,0,140,3,143,52,10,188,8,258,186,0,186,444
04/16/2010,ISP,NY,AEA,EN,Towers with Radar,55,13,41,0,109,0,2,49,4,55,55,15,90,4,164,82,0,82,246
04/17/2010,ISP,NY,AEA,EN,Towers with Radar,43,10,20,0,73,0,1,19,0,20,43,11,39,0,93,76,0,76,169
04/18/2010,ISP,NY,AEA,EN,Towers with Radar,49,15,46,0,110,0,1,145,1,147,49,16,191,1,257,326,0,326,583
04/19/2010,ISP,NY,AEA,EN,Towers with Radar,52,9,43,4,108,0,2,103,2,107,52,11,146,6,215,184,12,196,411
04/20/2010,ISP,NY,AEA,EN,Towers with Radar,50,11,54,6,121,0,0,141,10,151,50,11,195,16,272,318,18,336,608
04/21/2010,ISP,NY,AEA,EN,Towers with Radar,51,15,64,3,133,0,3,135,10,148,51,18,199,13,281,246,0,246,527
04/22/2010,ISP,NY,AEA,EN,Towers with Radar,49,17,38,1,105,0,3,80,6,89,49,20,118,7,194,218,0,218,412
04/23/2010,ISP,NY,AEA,EN,Towers with Radar,53,15,60,0,128,0,0,152,5,157,53,15,212,5,285,368,0,368,653
04/24/2010,ISP,NY,AEA,EN,Towers with Radar,42,7,65,0,114,0,0,238,0,238,42,7,303,0,352,382,0,382,734
04/25/2010,ISP,NY,AEA,EN,Towers with Radar,46,18,51,0,115,0,0,6,0,6,46,18,57,0,121,6,0,6,127
04/26/2010,ISP,NY,AEA,EN,Towers with Radar,51,12,41,0,104,0,0,4,0,4,51,12,45,0,108,0,0,0,108
04/27/2010,ISP,NY,AEA,EN,Towers with Radar,54,12,70,0,136,0,0,44,2,46,54,12,114,2,182,126,8,134,316
04/28/2010,ISP,NY,AEA,EN,Towers with Radar,51,10,50,0,111,0,0,71,3,74,51,10,121,3,185,118,0,118,303
04/29/2010,ISP,NY,AEA,EN,Towers with Radar,52,12,53,0,117,0,4,117,6,127,52,16,170,6,244,140,0,140,384
04/30/2010,ISP,NY,AEA,EN,Towers with Radar,52,17,85,0,154,0,1,220,2,223,52,18,305,2,377,332,18,350,727
05/01/2010,ISP,NY,AEA,EN,Towers with Radar,42,9,46,6,103,0,0,232,0,232,42,9,278,6,335,394,0,394,729
05/02/2010,ISP,NY,AEA,EN,Towers with Radar,52,8,40,0,100,0,1,176,2,179,52,9,216,2,279,290,0,290,569
05/03/2010,ISP,NY,AEA,EN,Towers with Radar,53,19,30,2,104,0,1,39,0,40,53,20,69,2,144,78,0,78,222
05/04/2010,ISP,NY,AEA,EN,Towers with Radar,52,8,48,6,114,0,2,138,16,156,52,10,186,22,270,200,36,236,506
05/05/2010,ISP,NY,AEA,EN,Towers with Radar,50,16,82,2,150,0,0,227,5,232,50,16,309,7,382,378,0,378,760
05/06/2010,ISP,NY,AEA,EN,Towers with Radar,56,22,54,0,132,0,0,66,3,69,56,22,120,3,201,114,0,114,315
05/07/2010,ISP,NY,AEA,EN,Towers with Radar,50,11,46,0,107,0,0,200,6,206,50,11,246,6,313,296,26,322,635
05/08/2010,ISP,NY,AEA,EN,Towers with Radar,44,10,12,0,66,0,2,11,0,13,44,12,23,0,79,22,0,22,101
05/09/2010,ISP,NY,AEA,EN,Towers with Radar,41,13,25,0,79,0,4,31,0,35,41,17,56,0,114,18,0,18,132
05/10/2010,ISP,NY,AEA,EN,Towers with Radar,49,14,39,0,102,0,0,94,2,96,49,14,133,2,198,194,0,194,392
05/11/2010,ISP,NY,AEA,EN,Towers with Radar,51,11,59,1,122,0,1,150,11,162,51,12,209,12,284,382,14,396,680
05/12/2010,ISP,NY,AEA,EN,Towers with Radar,49,11,60,0,120,0,0,2,0,2,49,11,62,0,122,8,0,8,130
05/13/2010,ISP,NY,AEA,EN,Towers with Radar,50,19,74,1,144,0,3,193,11,207,50,22,267,12,351,372,6,378,729
05/14/2010,ISP,NY,AEA,EN,Towers with Radar,49,10,70,0,129,0,0,97,1,98,49,10,167,1,227,250,12,262,489
05/15/2010,ISP,NY,AEA,EN,Towers with Radar,44,9,34,0,87,0,1,137,2,140,44,10,171,2,227,242,24,266,493
05/16/2010,ISP,NY,AEA,EN,Towers with Radar,42,9,37,0,88,0,0,217,1,218,42,9,254,1,306,308,10,318,624
05/17/2010,ISP,NY,AEA,EN,Towers with Radar,51,14,51,1,117,0,1,161,7,169,51,15,212,8,286,266,10,276,562
05/18/2010,ISP,NY,AEA,EN,Towers with Radar,52,12,34,0,98,0,0,12,2,14,52,12,46,2,112,136,0,136,248
05/19/2010,ISP,NY,AEA,EN,Towers with Radar,48,13,66,0,127,0,0,77,0,77,48,13,143,0,204,144,0,144,348
05/20/2010,ISP,NY,AEA,EN,Towers with Radar,48,15,64,0,127,0,0,209,6,215,48,15,273,6,342,324,0,324,666
05/21/2010,ISP,NY,AEA,EN,Towers with Radar,50,11,71,4,136,0,0,201,9,210,50,11,272,13,346,284,2,286,632
05/22/2010,ISP,NY,AEA,EN,Towers with Radar,43,9,45,0,97,0,0,193,0,193,43,9,238,0,290,314,0,314,604
05/23/2010,ISP,NY,AEA,EN,Towers with Radar,43,14,43,0,100,0,0,39,0,39,43,14,82,0,139,144,0,144,283
05/24/2010,ISP,NY,AEA,EN,Towers with Radar,54,12,54,2,122,0,14,68,2,84,54,26,122,4,206,232,2,234,440
05/25/2010,ISP,NY,AEA,EN,Towers with Radar,51,10,65,3,129,0,4,185,12,201,51,14,250,15,330,294,0,294,624
05/26/2010,ISP,NY,AEA,EN,Towers with Radar,48,13,64,0,125,0,1,156,10,167,48,14,220,10,292,196,4,200,492
05/27/2010,ISP,NY,AEA,EN,Towers with Radar,50,24,64,15,153,0,1,104,8,113,50,25,168,23,266,286,8,294,560
05/28/2010,ISP,NY,AEA,EN,Towers with Radar,52,15,54,1,122,0,1,118,1,120,52,16,172,2,242,240,2,242,484
05/29/2010,ISP,NY,AEA,EN,Towers with Radar,45,9,34,0,88,0,0,113,0,113,45,9,147,0,201,244,0,244,445
05/30/2010,ISP,NY,AEA,EN,Towers with Radar,41,9,29,4,83,0,2,115,0,117,41,11,144,4,200,172,0,172,372
05/31/2010,ISP,NY,AEA,EN,Towers with Radar,48,26,53,0,127,0,0,128,0,128,48,26,181,0,255,180,0,180,435
06/01/2010,ISP,NY,AEA,EN,Towers with Radar,77,22,60,33,192,0,0,60,2,62,77,22,120,35,254,116,0,116,370
06/02/2010,ISP,NY,AEA,EN,Towers with Radar,67,15,70,6,158,0,2,242,13,257,67,17,312,19,415,300,12,312,727
06/03/2010,ISP,NY,AEA,EN,Towers with Radar,56,19,40,0,115,0,0,40,4,44,56,19,80,4,159,164,16,180,339
06/04/2010,ISP,NY,AEA,EN,Towers with Radar,49,11,41,8,109,0,0,174,3,177,49,11,215,11,286,280,20,300,586
06/05/2010,ISP,NY,AEA,EN,Towers with Radar,42,8,59,0,109,0,0,99,0,99,42,8,158,0,208,258,0,258,466
06/06/2010,ISP,NY,AEA,EN,Towers with Radar,40,11,41,0,92,0,0,94,0,94,40,11,135,0,186,166,0,166,352
06/07/2010,ISP,NY,AEA,EN,Towers with Radar,62,14,87,0,163,0,0,190,5,195,62,14,277,5,358,362,0,362,720
06/08/2010,ISP,NY,AEA,EN,Towers with Radar,48,11,45,0,104,0,1,166,4,171,48,12,211,4,275,252,0,252,527
06/09/2010,ISP,NY,AEA,EN,Towers with Radar,48,13,63,0,124,0,0,109,0,109,48,13,172,0,233,196,0,196,429
06/10/2010,ISP,NY,AEA,EN,Towers with Radar,53,14,45,3,115,0,0,71,6,77,53,14,116,9,192,186,0,186,378
06/11/2010,ISP,NY,AEA,EN,Towers with Radar,49,13,53,1,116,0,0,168,3,171,49,13,221,4,287,326,0,326,613
06/12/2010,ISP,NY,AEA,EN,Towers with Radar,43,13,55,0,111,0,0,142,0,142,43,13,197,0,253,314,0,314,567
06/13/2010,ISP,NY,AEA,EN,Towers with Radar,40,18,66,1,125,0,0,77,2,79,40,18,143,3,204,222,0,222,426
06/14/2010,ISP,NY,AEA,EN,Towers with Radar,58,10,70,7,145,0,0,73,1,74,58,10,143,8,219,126,8,134,353
06/15/2010,ISP,NY,AEA,EN,Towers with Radar,48,15,57,1,121,0,2,195,7,204,48,17,252,8,325,324,16,340,665
06/16/2010,ISP,NY,AEA,EN,Towers with Radar,48,14,49,4,115,0,0,105,4,109,48,14,154,8,224,204,0,204,428
06/17/2010,ISP,NY,AEA,EN,Towers with Radar,49,15,54,2,120,0,0,89,7,96,49,15,143,9,216,162,22,184,400
06/18/2010,ISP,NY,AEA,EN,Towers with Radar,48,13,28,1,90,0,0,197,8,205,48,13,225,9,295,362,0,362,657
06/19/2010,ISP,NY,AEA,EN,Towers with Radar,42,8,69,0,119,0,0,165,2,167,42,8,234,2,286,362,0,362,648
06/20/2010,ISP,NY,AEA,EN,Towers with Radar,39,22,84,1,146,0,0,57,0,57,39,22,141,1,203,100,2,102,305
06/21/2010,ISP,NY,AEA,EN,Towers with Radar,48,15,49,0,112,0,0,194,6,200,48,15,243,6,312,210,0,210,522
06/22/2010,ISP,NY,AEA,EN,Towers with Radar,51,9,73,0,133,0,0,140,4,144,51,9,213,4,277,342,0,342,619
06/23/2010,ISP,NY,AEA,EN,Towers with Radar,49,13,53,5,120,0,0,158,6,164,49,13,211,11,284,250,0,250,534
06/24/2010,ISP,NY,AEA,EN,Towers with Radar,56,8,54,1,119,0,0,139,9,148,56,8,193,10,267,264,6,270,537
06/25/2010,ISP,NY,AEA,EN,Towers with Radar,48,14,42,1,105,0,7,200,2,209,48,21,242,3,314,330,0,330,644
06/26/2010,ISP,NY,AEA,EN,Towers with Radar,43,13,39,0,95,0,0,202,1,203,43,13,241,1,298,276,0,276,574
06/27/2010,ISP,NY,AEA,EN,Towers with Radar,39,28,67,3,137,0,3,129,0,132,39,31,196,3,269,320,0,320,589
06/28/2010,ISP,NY,AEA,EN,Towers with Radar,49,15,46,1,111,0,1,96,3,100,49,16,142,4,211,138,0,138,349
06/29/2010,ISP,NY,AEA,EN,Towers with Radar,49,12,35,2,98,0,0,133,6,139,49,12,168,8,237,238,0,238,475
06/30/2010,ISP,NY,AEA,EN,Towers with Radar,57,12,80,0,149,0,0,212,5,217,57,12,292,5,366,284,0,284,650
07/01/2010,ISP,NY,AEA,EN,Towers with Radar,48,10,43,0,101,0,0,170,7,177,48,10,213,7,278,292,0,292,570
07/02/2010,ISP,NY,AEA,EN,Towers with Radar,48,15,34,0,97,0,1,181,0,182,48,16,215,0,279,208,0,208,487
07/03/2010,ISP,NY,AEA,EN,Towers with Radar,45,4,48,0,97,0,0,161,0,161,45,4,209,0,258,240,0,240,498
07/04/2010,ISP,NY,AEA,EN,Towers with Radar,40,5,24,0,69,0,0,121,0,121,40,5,145,0,190,250,0,250,440
07/05/2010,ISP,NY,AEA,EN,Towers with Radar,41,13,31,0,85,1,3,139,0,143,42,16,170,0,228,0,0,0,228
07/06/2010,ISP,NY,AEA,EN,Towers with Radar,66,17,42,0,125,0,4,158,5,167,66,21,200,5,292,216,0,216,508
07/07/2010,ISP,NY,AEA,EN,Towers with Radar,58,17,37,0,112,0,2,123,4,129,58,19,160,4,241,220,0,220,461
07/08/2010,ISP,NY,AEA,EN,Towers with Radar,49,13,58,0,120,0,0,83,1,84,49,13,141,1,204,96,0,96,300
07/09/2010,ISP,NY,AEA,EN,Towers with Radar,54,13,26,1,94,0,0,112,4,116,54,13,138,5,210,206,2,208,418
07/10/2010,ISP,NY,AEA,EN,Towers with Radar,86,27,56,0,169,0,0,51,0,51,86,27,107,0,220,98,0,98,318
07/11/2010,ISP,NY,AEA,EN,Towers with Radar,85,32,119,4,240,0,0,356,3,359,85,32,475,7,599,344,0,344,943
07/12/2010,ISP,NY,AEA,EN,Towers with Radar,79,21,61,0,161,0,7,204,0,211,79,28,265,0,372,180,0,180,552
07/13/2010,ISP,NY,AEA,EN,Towers with Radar,55,8,37,0,100,0,0,38,2,40,55,8,75,2,140,82,0,82,222
07/14/2010,ISP,NY,AEA,EN,Towers with Radar,51,11,37,1,100,0,0,24,1,25,51,11,61,2,125,42,0,42,167
07/15/2010,ISP,NY,AEA,EN,Towers with Radar,48,11,70,0,129,0,0,67,6,73,48,11,137,6,202,268,0,268,470
07/16/2010,ISP,NY,AEA,EN,Towers with Radar,47,17,69,0,133,0,0,57,6,63,47,17,126,6,196,204,12,216,412
07/17/2010,ISP,NY,AEA,EN,Towers with Radar,45,6,37,0,88,0,0,145,10,155,45,6,182,10,243,262,0,262,505
07/18/2010,ISP,NY,AEA,EN,Towers with Radar,40,20,45,0,105,0,1,207,0,208,40,21,252,0,313,286,0,286,599
07/19/2010,ISP,NY,AEA,EN,Towers with Radar,49,11,36,0,96,0,0,69,2,71,49,11,105,2,167,168,0,168,335
07/20/2010,ISP,NY,AEA,EN,Towers with Radar,49,8,51,0,108,0,0,151,5,156,49,8,202,5,264,256,0,256,520
07/21/2010,ISP,NY,AEA,EN,Towers with Radar,49,12,46,9,116,0,0,110,2,112,49,12,156,11,228,144,8,152,380
07/22/2010,ISP,NY,AEA,EN,Towers with Radar,54,10,65,0,129,0,0,197,6,203,54,10,262,6,332,240,0,240,572
07/23/2010,ISP,NY,AEA,EN,Towers with Radar,49,16,72,0,137,0,0,93,2,95,49,16,165,2,232,116,0,116,348
07/24/2010,ISP,NY,AEA,EN,Towers with Radar,42,9,36,0,87,0,0,177,0,177,42,9,213,0,264,262,0,262,526
07/25/2010,ISP,NY,AEA,EN,Towers with Radar,40,11,39,0,90,0,4,138,0,142,40,15,177,0,232,158,0,158,390
07/26/2010,ISP,NY,AEA,EN,Towers with Radar,49,11,43,0,103,0,0,161,3,164,49,11,204,3,267,158,0,158,425
07/27/2010,ISP,NY,AEA,EN,Towers with Radar,52,16,43,0,111,0,0,208,0,208,52,16,251,0,319,96,0,96,415
07/28/2010,ISP,NY,AEA,EN,Towers with Radar,70,16,68,0,154,0,4,232,5,241,70,20,300,5,395,114,0,114,509
07/29/2010,ISP,NY,AEA,EN,Towers with Radar,48,10,36,0,94,0,0,77,6,83,48,10,113,6,177,0,0,0,177
07/30/2010,ISP,NY,AEA,EN,Towers with Radar,48,10,60,3,121,0,0,209,7,216,48,10,269,10,337,380,0,380,717
07/31/2010,ISP,NY,AEA,EN,Towers with Radar,42,10,29,3,84,0,0,227,1,228,42,10,256,4,312,294,0,294,606
08/01/2010,ISP,NY,AEA,EN,Towers with Radar,39,20,43,0,102,0,0,148,0,148,39,20,191,0,250,222,0,222,472
08/02/2010,ISP,NY,AEA,EN,Towers with Radar,50,13,36,0,99,0,0,133,2,135,50,13,169,2,234,270,0,270,504
08/03/2010,ISP,NY,AEA,EN,Towers with Radar,50,10,45,2,107,0,1,119,2,122,50,11,164,4,229,134,20,154,383
08/04/2010,ISP,NY,AEA,EN,Towers with Radar,48,18,71,0,137,0,2,62,2,66,48,20,133,2,203,50,0,50,253
08/05/2010,ISP,NY,AEA,EN,Towers with Radar,51,12,40,0,103,0,4,83,5,92,51,16,123,5,195,106,6,112,307
08/06/2010,ISP,NY,AEA,EN,Towers with Radar,50,14,45,1,110,0,0,150,4,154,50,14,195,5,264,195,0,195,459
08/07/2010,ISP,NY,AEA,EN,Towers with Radar,42,9,36,0,87,0,0,194,0,194,42,9,230,0,281,336,0,336,617
08/08/2010,ISP,NY,AEA,EN,Towers with Radar,40,11,64,0,115,0,0,174,0,174,40,11,238,0,289,230,0,230,519
08/09/2010,ISP,NY,AEA,EN,Towers with Radar,48,15,39,0,102,0,0,127,5,132,48,15,166,5,234,200,0,200,434
08/10/2010,ISP,NY,AEA,EN,Towers with Radar,48,9,50,0,107,0,0,158,8,166,48,9,208,8,273,254,0,254,527
08/11/2010,ISP,NY,AEA,EN,Towers with Radar,53,15,33,0,101,0,0,182,8,190,53,15,215,8,291,308,0,308,599
08/12/2010,ISP,NY,AEA,EN,Towers with Radar,48,9,32,5,94,0,0,146,8,154,48,9,178,13,248,254,50,304,552
08/13/2010,ISP,NY,AEA,EN,Towers with Radar,51,10,50,0,111,0,4,165,3,172,51,14,215,3,283,190,0,190,473
08/14/2010,ISP,NY,AEA,EN,Towers with Radar,43,11,20,0,74,0,0,216,0,216,43,11,236,0,290,290,0,290,580
08/15/2010,ISP,NY,AEA,EN,Towers with Radar,38,16,58,0,112,0,0,121,0,121,38,16,179,0,233,166,0,166,399
08/16/2010,ISP,NY,AEA,EN,Towers with Radar,42,14,51,2,109,0,0,39,1,40,42,14,90,3,149,90,26,116,265
08/17/2010,ISP,NY,AEA,EN,Towers with Radar,44,11,62,2,119,0,0,172,5,177,44,11,234,7,296,248,2,250,546
08/18/2010,ISP,NY,AEA,EN,Towers with Radar,42,11,42,3,98,0,0,134,4,138,42,11,176,7,236,294,0,294,530
08/19/2010,ISP,NY,AEA,EN,Towers with Radar,43,16,47,2,108,0,0,185,9,194,43,16,232,11,302,312,2,314,616
08/20/2010,ISP,NY,AEA,EN,Towers with Radar,44,13,47,0,104,0,1,194,2,197,44,14,241,2,301,372,0,372,673
08/21/2010,ISP,NY,AEA,EN,Towers with Radar,37,7,48,0,92,0,3,175,0,178,37,10,223,0,270,284,0,284,554
08/22/2010,ISP,NY,AEA,EN,Towers with Radar,36,5,55,0,96,0,0,23,2,25,36,5,78,2,121,90,0,90,211
08/23/2010,ISP,NY,AEA,EN,Towers with Radar,43,12,34,0,89,0,0,7,0,7,43,12,41,0,96,0,0,0,96
08/24/2010,ISP,NY,AEA,EN,Towers with Radar,43,16,26,3,88,0,0,10,3,13,43,16,36,6,101,12,0,12,113
08/25/2010,ISP,NY,AEA,EN,Towers with Radar,42,10,50,2,104,0,0,44,4,48,42,10,94,6,152,180,0,180,332
08/26/2010,ISP,NY,AEA,EN,Towers with Radar,43,15,45,5,108,0,0,206,8,214,43,15,251,13,322,366,12,378,700
08/27/2010,ISP,NY,AEA,EN,Towers with Radar,43,12,44,0,99,0,0,189,4,193,43,12,233,4,292,328,0,328,620
08/28/2010,ISP,NY,AEA,EN,Towers with Radar,36,10,53,0,99,0,0,227,0,227,36,10,280,0,326,320,0,320,646
08/29/2010,ISP,NY,AEA,EN,Towers with Radar,38,9,43,0,90,0,0,198,2,200,38,9,241,2,290,244,0,244,534
08/30/2010,ISP,NY,AEA,EN,Towers with Radar,45,9,41,0,95,0,1,152,4,157,45,10,193,4,252,240,0,240,492
08/31/2010,ISP,NY,AEA,EN,Towers with Radar,42,10,43,1,96,0,1,159,2,162,42,11,202,3,258,324,0,324,582
09/01/2010,ISP,NY,AEA,EN,Towers with Radar,45,10,54,0,109,0,4,189,4,197,45,14,243,4,306,362,0,362,668
09/02/2010,ISP,NY,AEA,EN,Towers with Radar,44,11,55,3,113,0,3,164,10,177,44,14,219,13,290,236,0,236,526
09/03/2010,ISP,NY,AEA,EN,Towers with Radar,27,13,8,0,48,0,0,17,1,18,27,13,25,1,66,32,18,50,116
09/04/2010,ISP,NY,AEA,EN,Towers with Radar,29,9,15,0,53,0,0,69,0,69,29,9,84,0,122,44,0,44,166
09/05/2010,ISP,NY,AEA,EN,Towers with Radar,34,8,26,0,68,0,0,171,0,171,34,8,197,0,239,220,0,220,459
09/06/2010,ISP,NY,AEA,EN,Towers with Radar,39,11,23,0,73,0,0,194,1,195,39,11,217,1,268,250,0,250,518
09/07/2010,ISP,NY,AEA,EN,Towers with Radar,44,10,53,0,107,0,1,134,3,138,44,11,187,3,245,178,14,192,437
09/08/2010,ISP,NY,AEA,EN,Towers with Radar,44,15,52,0,111,0,0,127,3,130,44,15,179,3,241,190,0,190,431
09/09/2010,ISP,NY,AEA,EN,Towers with Radar,41,10,61,0,112,0,0,121,2,123,41,10,182,2,235,208,22,230,465
09/10/2010,ISP,NY,AEA,EN,Towers with Radar,43,13,61,1,118,0,2,186,7,195,43,15,247,8,313,310,36,346,659
09/11/2010,ISP,NY,AEA,EN,Towers with Radar,39,10,38,0,87,0,0,189,2,191,39,10,227,2,278,308,0,308,586
09/12/2010,ISP,NY,AEA,EN,Towers with Radar,37,13,61,0,111,0,0,66,5,71,37,13,127,5,182,198,0,198,380
09/13/2010,ISP,NY,AEA,EN,Towers with Radar,46,12,41,1,100,0,0,46,4,50,46,12,87,5,150,200,10,210,360
09/14/2010,ISP,NY,AEA,EN,Towers with Radar,40,10,55,0,105,0,2,140,1,143,40,12,195,1,248,336,0,336,584
09/15/2010,ISP,NY,AEA,EN,Towers with Radar,45,14,74,0,133,0,0,189,1,190,45,14,263,1,323,252,0,252,575
09/16/2010,ISP,NY,AEA,EN,Towers with Radar,42,14,46,0,102,0,1,100,0,101,42,15,146,0,203,178,0,178,381
09/17/2010,ISP,NY,AEA,EN,Towers with Radar,42,10,73,0,125,0,0,88,0,88,42,10,161,0,213,138,0,138,351
09/18/2010,ISP,NY,AEA,EN,Towers with Radar,37,10,43,0,90,0,0,186,0,186,37,10,229,0,276,360,0,360,636
09/19/2010,ISP,NY,AEA,EN,Towers with Radar,38,8,42,0,88,0,0,225,0,225,38,8,267,0,313,262,0,262,575
09/20/2010,ISP,NY,AEA,EN,Towers with Radar,44,10,55,0,109,0,0,115,2,117,44,10,170,2,226,130,0,130,356
09/21/2010,ISP,NY,AEA,EN,Towers with Radar,44,12,37,0,93,0,0,157,2,159,44,12,194,2,252,234,0,234,486
09/22/2010,ISP,NY,AEA,EN,Towers with Radar,43,14,48,0,105,0,4,164,0,168,43,18,212,0,273,306,0,306,579
09/23/2010,ISP,NY,AEA,EN,Towers with Radar,41,15,35,2,93,0,0,154,1,155,41,15,189,3,248,430,0,430,678
09/24/2010,ISP,NY,AEA,EN,Towers with Radar,44,20,79,0,143,0,0,7,0,7,44,20,86,0,150,12,0,12,162
09/25/2010,ISP,NY,AEA,EN,Towers with Radar,36,7,20,0,63,0,0,186,1,187,36,7,206,1,250,0,0,0,250
09/26/2010,ISP,NY,AEA,EN,Towers with Radar,37,14,45,1,97,0,0,180,5,185,37,14,225,6,282,292,0,292,574
09/27/2010,ISP,NY,AEA,EN,Towers with Radar,46,11,28,0,85,0,0,1,0,1,46,11,29,0,86,4,0,4,90
09/28/2010,ISP,NY,AEA,EN,Towers with Radar,44,11,16,0,71,0,0,9,0,9,44,11,25,0,80,38,0,38,118
09/29/2010,ISP,NY,AEA,EN,Towers with Radar,44,11,62,0,117,0,1,162,2,165,44,12,224,2,282,224,0,224,506
09/30/2010,ISP,NY,AEA,EN,Towers with Radar,22,9,22,0,53,0,0,6,0,6,22,9,28,0,59,0,0,0,59
10/01/2010,ISP,NY,AEA,EN,Towers with Radar,54,24,46,1,125,0,0,11,0,11,54,24,57,1,136,0,0,0,136
10/02/2010,ISP,NY,AEA,EN,Towers with Radar,36,9,40,0,85,0,0,233,0,233,36,9,273,0,318,354,0,354,672
10/03/2010,ISP,NY,AEA,EN,Towers with Radar,36,12,52,0,100,0,0,115,0,115,36,12,167,0,215,242,0,242,457
10/04/2010,ISP,NY,AEA,EN,Towers with Radar,46,6,26,0,78,0,0,4,0,4,46,6,30,0,82,58,0,58,140
10/05/2010,ISP,NY,AEA,EN,Towers with Radar,45,14,46,3,108,0,0,7,0,7,45,14,53,3,115,28,0,28,143
10/06/2010,ISP,NY,AEA,EN,Towers with Radar,43,13,45,0,101,0,0,112,9,121,43,13,157,9,222,396,0,396,618
10/07/2010,ISP,NY,AEA,EN,Towers with Radar,46,11,30,1,88,0,0,109,11,120,46,11,139,12,208,214,14,228,436
10/08/2010,ISP,NY,AEA,EN,Towers with Radar,43,19,34,0,96,0,0,113,0,113,43,19,147,0,209,108,0,108,317
10/09/2010,ISP,NY,AEA,EN,Towers with Radar,37,8,22,0,67,0,0,183,0,183,37,8,205,0,250,0,0,0,250
10/10/2010,ISP,NY,AEA,EN,Towers with Radar,36,14,52,0,102,0,0,217,0,217,36,14,269,0,319,288,0,288,607
10/11/2010,ISP,NY,AEA,EN,Towers with Radar,44,20,66,0,130,0,0,173,0,173,44,20,239,0,303,258,0,258,561
10/12/2010,ISP,NY,AEA,EN,Towers with Radar,48,11,64,6,129,0,0,94,5,99,48,11,158,11,228,192,0,192,420
10/13/2010,ISP,NY,AEA,EN,Towers with Radar,44,14,44,0,102,0,0,202,4,206,44,14,246,4,308,342,0,342,650
10/14/2010,ISP,NY,AEA,EN,Towers with Radar,42,14,46,0,102,0,0,77,6,83,42,14,123,6,185,172,0,172,357
10/15/2010,ISP,NY,AEA,EN,Towers with Radar,43,9,26,0,78,0,0,19,4,23,43,9,45,4,101,98,0,98,199
10/16/2010,ISP,NY,AEA,EN,Towers with Radar,39,10,9,0,58,0,0,19,2,21,39,10,28,2,79,28,0,28,107
10/17/2010,ISP,NY,AEA,EN,Towers with Radar,37,10,48,0,95,0,0,188,2,190,37,10,236,2,285,312,0,312,597
10/18/2010,ISP,NY,AEA,EN,Towers with Radar,42,10,52,3,107,0,0,150,3,153,42,10,202,6,260,344,0,344,604
10/19/2010,ISP,NY,AEA,EN,Towers with Radar,48,10,41,7,106,0,1,98,5,104,48,11,139,12,210,218,34,252,462
10/20/2010,ISP,NY,AEA,EN,Towers with Radar,42,10,38,2,92,0,2,166,17,185,42,12,204,19,277,280,0,280,557
10/21/2010,ISP,NY,AEA,EN,Towers with Radar,43,18,53,5,119,0,3,50,4,57,43,21,103,9,176,158,0,158,334
10/22/2010,ISP,NY,AEA,EN,Towers with Radar,45,10,37,5,97,0,2,120,2,124,45,12,157,7,221,216,0,216,437
10/23/2010,ISP,NY,AEA,EN,Towers with Radar,36,7,39,0,82,0,1,201,0,202,36,8,240,0,284,308,0,308,592
10/24/2010,ISP,NY,AEA,EN,Towers with Radar,37,9,45,0,91,0,1,172,4,177,37,10,217,4,268,330,0,330,598
10/25/2010,ISP,NY,AEA,EN,Towers with Radar,46,9,55,0,110,0,0,45,0,45,46,9,100,0,155,150,0,150,305
10/26/2010,ISP,NY,AEA,EN,Towers with Radar,45,14,50,5,114,0,0,21,2,23,45,14,71,7,137,42,4,46,183
10/27/2010,ISP,NY,AEA,EN,Towers with Radar,56,11,26,0,93,0,0,0,0,0,56,11,26,0,93,2,0,2,95
10/28/2010,ISP,NY,AEA,EN,Towers with Radar,43,18,62,2,125,0,1,97,4,102,43,19,159,6,227,328,0,328,555
10/29/2010,ISP,NY,AEA,EN,Towers with Radar,43,11,63,0,117,0,0,151,0,151,43,11,214,0,268,230,0,230,498
10/30/2010,ISP,NY,AEA,EN,Towers with Radar,39,12,43,0,94,0,0,131,0,131,39,12,174,0,225,210,0,210,435
10/31/2010,ISP,NY,AEA,EN,Towers with Radar,34,9,38,0,81,0,2,130,0,132,34,11,168,0,213,132,0,132,345
11/01/2010,ISP,NY,AEA,EN,Towers with Radar,42,13,40,7,102,0,0,101,3,104,42,13,141,10,206,196,0,196,402
11/02/2010,ISP,NY,AEA,EN,Towers with Radar,46,13,64,0,123,0,0,173,4,177,46,13,237,4,300,282,4,286,586
11/03/2010,ISP,NY,AEA,EN,Towers with Radar,42,12,36,1,91,0,0,146,2,148,42,12,182,3,239,200,0,200,439
11/04/2010,ISP,NY,AEA,EN,Towers with Radar,43,11,23,0,77,0,0,2,0,2,43,11,25,0,79,0,0,0,79
11/05/2010,ISP,NY,AEA,EN,Towers with Radar,44,12,48,4,108,0,0,51,2,53,44,12,99,6,161,96,0,96,257
11/06/2010,ISP,NY,AEA,EN,Towers with Radar,39,8,40,0,87,0,2,197,6,205,39,10,237,6,292,256,16,272,564
11/07/2010,ISP,NY,AEA,EN,Towers with Radar,41,14,29,0,84,0,0,137,3,140,41,14,166,3,224,196,0,196,420
11/08/2010,ISP,NY,AEA,EN,Towers with Radar,46,13,19,0,78,0,0,13,0,13,46,13,32,0,91,0,0,0,91
11/09/2010,ISP,NY,AEA,EN,Towers with Radar,56,13,31,1,101,0,1,83,11,95,56,14,114,12,196,60,0,60,256
11/10/2010,ISP,NY,AEA,EN,Towers with Radar,40,13,26,1,80,0,0,62,12,74,40,13,88,13,154,86,0,86,240
11/11/2010,ISP,NY,AEA,EN,Towers with Radar,46,13,67,0,126,0,0,137,0,137,46,13,204,0,263,194,0,194,457
11/12/2010,ISP,NY,AEA,EN,Towers with Radar,39,14,40,0,93,0,0,150,2,152,39,14,190,2,245,188,0,188,433
11/13/2010,ISP,NY,AEA,EN,Towers with Radar,42,8,27,0,77,0,0,230,0,230,42,8,257,0,307,356,2,358,665
11/14/2010,ISP,NY,AEA,EN,Towers with Radar,41,12,51,0,104,0,2,195,1,198,41,14,246,1,302,346,0,346,648
11/15/2010,ISP,NY,AEA,EN,Towers with Radar,42,10,68,0,120,0,0,30,2,32,42,10,98,2,152,58,12,70,222
11/16/2010,ISP,NY,AEA,EN,Towers with Radar,42,11,41,0,94,0,0,11,0,11,42,11,52,0,105,16,0,16,121
11/17/2010,ISP,NY,AEA,EN,Towers with Radar,42,15,30,0,87,0,0,38,9,47,42,15,68,9,134,42,8,50,184
11/18/2010,ISP,NY,AEA,EN,Towers with Radar,46,17,43,0,106,0,2,187,12,201,46,19,230,12,307,242,18,260,567
11/19/2010,ISP,NY,AEA,EN,Towers with Radar,47,13,60,1,121,0,0,169,3,172,47,13,229,4,293,268,0,268,561
11/20/2010,ISP,NY,AEA,EN,Towers with Radar,45,7,27,0,79,0,1,126,0,127,45,8,153,0,206,254,0,254,460
11/21/2010,ISP,NY,AEA,EN,Towers with Radar,41,10,68,0,119,0,1,214,3,218,41,11,282,3,337,214,0,214,551
11/22/2010,ISP,NY,AEA,EN,Towers with Radar,40,15,62,2,119,0,1,82,5,88,40,16,144,7,207,250,0,250,457
11/23/2010,ISP,NY,AEA,EN,Towers with Radar,46,20,50,0,116,0,1,165,2,168,46,21,215,2,284,258,0,258,542
11/24/2010,ISP,NY,AEA,EN,Towers with Radar,46,14,33,0,93,0,2,73,9,84,46,16,106,9,177,132,0,132,309
11/25/2010,ISP,NY,AEA,EN,Towers with Radar,30,5,5,0,40,0,0,19,0,19,30,5,24,0,59,72,0,72,131
11/26/2010,ISP,NY,AEA,EN,Towers with Radar,39,11,14,0,64,0,0,25,1,26,39,11,39,1,90,46,0,46,136
11/27/2010,ISP,NY,AEA,EN,Towers with Radar,45,10,23,0,78,0,0,61,0,61,45,10,84,0,139,146,0,146,285
11/28/2010,ISP,NY,AEA,EN,Towers with Radar,49,22,47,0,118,0,0,217,0,217,49,22,264,0,335,304,0,304,639
11/29/2010,ISP,NY,AEA,EN,Towers with Radar,49,13,52,6,120,0,0,122,3,125,49,13,174,9,245,266,4,270,515
11/30/2010,ISP,NY,AEA,EN,Towers with Radar,40,8,46,1,95,0,0,79,1,80,40,8,125,2,175,98,2,100,275
12/01/2010,ISP,NY,AEA,EN,Towers with Radar,46,10,19,0,75,0,0,8,0,8,46,10,27,0,83,0,0,0,83
12/02/2010,ISP,NY,AEA,EN,Towers with Radar,42,14,41,0,97,0,2,138,4,144,42,16,179,4,241,318,0,318,559
12/03/2010,ISP,NY,AEA,EN,Towers with Radar,42,11,54,0,107,0,0,146,3,149,42,11,200,3,256,230,0,230,486
12/04/2010,ISP,NY,AEA,EN,Towers with Radar,42,6,25,0,73,0,0,140,0,140,42,6,165,0,213,254,0,254,467
12/05/2010,ISP,NY,AEA,EN,Towers with Radar,38,9,24,2,73,0,0,141,0,141,38,9,165,2,214,270,0,270,484
12/06/2010,ISP,NY,AEA,EN,Towers with Radar,40,6,20,2,68,0,0,25,2,27,40,6,45,4,95,52,2,54,149
12/07/2010,ISP,NY,AEA,EN,Towers with Radar,41,17,22,1,81,0,0,37,3,40,41,17,59,4,121,34,0,34,155
12/08/2010,ISP,NY,AEA,EN,Towers with Radar,41,12,42,0,95,0,0,75,1,76,41,12,117,1,171,80,0,80,251
12/09/2010,ISP,NY,AEA,EN,Towers with Radar,40,16,27,0,83,0,1,115,5,121,40,17,142,5,204,182,16,198,402
12/10/2010,ISP,NY,AEA,EN,Towers with Radar,38,13,46,2,99,0,0,85,1,86,38,13,131,3,185,158,0,158,343
12/11/2010,ISP,NY,AEA,EN,Towers with Radar,40,10,49,1,100,0,0,174,0,174,40,10,223,1,274,172,0,172,446
12/12/2010,ISP,NY,AEA,EN,Towers with Radar,35,10,16,0,61,0,0,3,0,3,35,10,19,0,64,0,0,0,64
12/13/2010,ISP,NY,AEA,EN,Towers with Radar,40,10,44,0,94,0,0,28,4,32,40,10,72,4,126,84,0,84,210
12/14/2010,ISP,NY,AEA,EN,Towers with Radar,40,10,24,0,74,0,0,34,6,40,40,10,58,6,114,50,0,50,164
12/15/2010,ISP,NY,AEA,EN,Towers with Radar,40,7,32,1,80,0,0,49,2,51,40,7,81,3,131,10,0,10,141
12/16/2010,ISP,NY,AEA,EN,Towers with Radar,40,14,29,2,85,0,0,121,5,126,40,14,150,7,211,182,24,206,417
12/17/2010,ISP,NY,AEA,EN,Towers with Radar,49,16,43,1,109,0,0,133,4,137,49,16,176,5,246,172,0,172,418
12/18/2010,ISP,NY,AEA,EN,Towers with Radar,40,13,28,0,81,0,0,182,0,182,40,13,210,0,263,220,0,220,483
12/19/2010,ISP,NY,AEA,EN,Towers with Radar,39,16,17,0,72,0,0,81,0,81,39,16,98,0,153,256,0,256,409
12/20/2010,ISP,NY,AEA,EN,Towers with Radar,39,13,21,1,74,0,0,45,2,47,39,13,66,3,121,100,0,100,221
12/21/2010,ISP,NY,AEA,EN,Towers with Radar,39,10,31,2,82,0,0,41,4,45,39,10,72,6,127,64,0,64,191
12/22/2010,ISP,NY,AEA,EN,Towers with Radar,44,16,47,1,108,0,0,86,6,92,44,16,133,7,200,110,0,110,310
12/23/2010,ISP,NY,AEA,EN,Towers with Radar,45,17,21,0,83,0,0,23,2,25,45,17,44,2,108,40,14,54,162
12/24/2010,ISP,NY,AEA,EN,Towers with Radar,39,9,23,0,71,0,0,83,0,83,39,9,106,0,154,156,0,156,310
12/25/2010,ISP,NY,AEA,EN,Towers with Radar,39,13,7,0,59,0,0,18,0,18,39,13,25,0,77,36,0,36,113
12/26/2010,ISP,NY,AEA,EN,Towers with Radar,20,7,22,0,49,0,0,1,0,1,20,7,23,0,50,16,0,16,66
12/27/2010,ISP,NY,AEA,EN,Towers with Radar,0,5,2,0,7,0,0,0,0,0,0,5,2,0,7,0,0,0,7
12/28/2010,ISP,NY,AEA,EN,Towers with Radar,39,23,26,4,92,0,0,8,0,8,39,23,34,4,100,0,0,0,100
12/29/2010,ISP,NY,AEA,EN,Towers with Radar,42,15,28,0,85,0,0,32,0,32,42,15,60,0,117,0,0,0,117
12/30/2010,ISP,NY,AEA,EN,Towers with Radar,43,18,35,2,98,0,2,103,0,105,43,20,138,2,203,198,0,198,401
12/31/2010,ISP,NY,AEA,EN,Towers with Radar,36,13,34,0,83,0,0,98,0,98,36,13,132,0,181,246,0,246,427
01/01/2011,ISP,NY,AEA,EN,Towers with Radar,39,12,27,0,78,0,0,62,0,62,39,12,89,0,140,102,0,102,242
01/02/2011,ISP,NY,AEA,EN,Towers with Radar,48,15,48,0,111,0,0,7,0,7,48,15,55,0,118,4,0,4,122
01/03/2011,ISP,NY,AEA,EN,Towers with Radar,45,16,26,0,87,0,2,77,6,85,45,18,103,6,172,62,0,62,234
01/04/2011,ISP,NY,AEA,EN,Towers with Radar,44,10,21,3,78,0,2,102,7,111,44,12,123,10,189,154,47,201,390
01/05/2011,ISP,NY,AEA,EN,Towers with Radar,40,13,58,1,112,0,0,145,4,149,40,13,203,5,261,194,36,230,491
01/06/2011,ISP,NY,AEA,EN,Towers with Radar,40,13,55,10,118,0,2,95,5,102,40,15,150,15,220,256,12,268,488
01/07/2011,ISP,NY,AEA,EN,Towers with Radar,43,14,20,0,77,0,0,10,0,10,43,14,30,0,87,8,0,8,95
01/08/2011,ISP,NY,AEA,EN,Towers with Radar,39,6,14,1,60,0,0,27,5,32,39,6,41,6,92,68,14,82,174
01/09/2011,ISP,NY,AEA,EN,Towers with Radar,36,9,45,0,90,0,1,67,4,72,36,10,112,4,162,56,0,56,218
01/10/2011,ISP,NY,AEA,EN,Towers with Radar,43,9,32,2,86,0,0,81,2,83,43,9,113,4,169,170,0,170,339
01/11/2011,ISP,NY,AEA,EN,Towers with Radar,36,11,25,1,73,0,0,123,5,128,36,11,148,6,201,158,38,196,397
01/12/2011,ISP,NY,AEA,EN,Towers with Radar,22,6,4,0,32,0,0,8,0,8,22,6,12,0,40,0,0,0,40
01/13/2011,ISP,NY,AEA,EN,Towers with Radar,42,15,24,3,84,0,0,49,2,51,42,15,73,5,135,50,10,60,195
01/14/2011,ISP,NY,AEA,EN,Towers with Radar,41,17,28,5,91,0,0,137,7,144,41,17,165,12,235,154,0,154,389
01/15/2011,ISP,NY,AEA,EN,Towers with Radar,40,8,30,0,78,0,0,116,1,117,40,8,146,1,195,174,0,174,369
01/16/2011,ISP,NY,AEA,EN,Towers with Radar,36,10,19,0,65,0,0,113,0,113,36,10,132,0,178,208,0,208,386
01/17/2011,ISP,NY,AEA,EN,Towers with Radar,41,10,44,0,95,0,1,84,0,85,41,11,128,0,180,194,0,194,374
01/18/2011,ISP,NY,AEA,EN,Towers with Radar,40,10,12,0,62,0,0,0,0,0,40,10,12,0,62,0,0,0,62
01/19/2011,ISP,NY,AEA,EN,Towers with Radar,41,15,28,0,84,0,0,14,0,14,41,15,42,0,98,72,0,72,170
01/20/2011,ISP,NY,AEA,EN,Towers with Radar,40,16,60,6,122,0,1,126,7,134,40,17,186,13,256,192,8,200,456
01/21/2011,ISP,NY,AEA,EN,Towers with Radar,41,16,3,4,64,0,0,14,4,18,41,16,17,8,82,0,0,0,82
01/22/2011,ISP,NY,AEA,EN,Towers with Radar,39,6,24,0,69,0,0,118,0,118,39,6,142,0,187,262,0,262,449
01/23/2011,ISP,NY,AEA,EN,Towers with Radar,36,14,41,0,91,0,0,121,0,121,36,14,162,0,212,132,0,132,344
01/24/2011,ISP,NY,AEA,EN,Towers with Radar,39,10,43,2,94,0,0,82,5,87,39,10,125,7,181,136,0,136,317
01/25/2011,ISP,NY,AEA,EN,Towers with Radar,42,11,34,5,92,0,0,49,3,52,42,11,83,8,144,100,0,100,244
01/26/2011,ISP,NY,AEA,EN,Towers with Radar,31,5,7,0,43,0,0,2,0,2,31,5,9,0,45,0,0,0,45
01/27/2011,ISP,NY,AEA,EN,Towers with Radar,23,11,17,5,56,0,4,18,2,24,23,15,35,7,80,60,10,70,150
01/28/2011,ISP,NY,AEA,EN,Towers with Radar,43,17,48,0,108,0,1,52,4,57,43,18,100,4,165,152,0,152,317
01/29/2011,ISP,NY,AEA,EN,Towers with Radar,39,10,19,0,68,0,0,74,0,74,39,10,93,0,142,134,0,134,276
01/30/2011,ISP,NY,AEA,EN,Towers with Radar,36,17,52,0,105,0,0,136,0,136,36,17,188,0,241,260,0,260,501
01/31/2011,ISP,NY,AEA,EN,Towers with Radar,40,14,63,1,118,0,0,133,4,137,40,14,196,5,255,204,0,204,459
02/01/2011,ISP,NY,AEA,EN,Towers with Radar,11,9,5,0,25,0,0,0,0,0,11,9,5,0,25,0,0,0,25
02/02/2011,ISP,NY,AEA,EN,Towers with Radar,15,11,4,0,30,0,0,0,0,0,15,11,4,0,30,0,0,0,30
02/03/2011,ISP,NY,AEA,EN,Towers with Radar,39,13,38,1,91,0,1,79,12,92,39,14,117,13,183,152,36,188,371
02/04/2011,ISP,NY,AEA,EN,Towers with Radar,42,10,58,4,114,0,2,153,4,159,42,12,211,8,273,266,0,266,539
02/05/2011,ISP,NY,AEA,EN,Towers with Radar,44,5,8,0,57,0,0,9,0,9,44,5,17,0,66,0,0,0,66
02/06/2011,ISP,NY,AEA,EN,Towers with Radar,42,11,53,0,106,0,0,136,0,136,42,11,189,0,242,216,0,216,458
02/07/2011,ISP,NY,AEA,EN,Towers with Radar,39,10,27,2,78,0,2,87,4,93,39,12,114,6,171,182,0,182,353
02/08/2011,ISP,NY,AEA,EN,Towers with Radar,40,12,13,0,65,0,0,19,6,25,40,12,32,6,90,50,0,50,140
02/09/2011,ISP,NY,AEA,EN,Towers with Radar,41,12,38,3,94,0,0,103,5,108,41,12,141,8,202,172,2,174,376
02/10/2011,ISP,NY,AEA,EN,Towers with Radar,39,13,52,2,106,0,1,99,4,104,39,14,151,6,210,172,0,172,382
02/11/2011,ISP,NY,AEA,EN,Towers with Radar,43,9,48,0,100,0,2,136,4,142,43,11,184,4,242,236,0,236,478
02/12/2011,ISP,NY,AEA,EN,Towers with Radar,39,7,17,0,63,0,0,105,6,111,39,7,122,6,174,202,0,202,376
02/13/2011,ISP,NY,AEA,EN,Towers with Radar,42,12,27,0,81,0,0,115,3,118,42,12,142,3,199,170,0,170,369
02/14/2011,ISP,NY,AEA,EN,Towers with Radar,45,10,20,1,76,0,0,35,7,42,45,10,55,8,118,128,8,136,254
02/15/2011,ISP,NY,AEA,EN,Towers with Radar,47,12,29,0,88,0,0,62,9,71,47,12,91,9,159,52,0,52,211
02/16/2011,ISP,NY,AEA,EN,Towers with Radar,45,10,46,2,103,0,0,152,2,154,45,10,198,4,257,244,0,244,501
02/17/2011,ISP,NY,AEA,EN,Towers with Radar,46,16,81,0,143,0,0,121,5,126,46,16,202,5,269,268,8,276,545
02/18/2011,ISP,NY,AEA,EN,Towers with Radar,50,8,59,0,117,0,0,100,2,102,50,8,159,2,219,274,0,274,493
02/19/2011,ISP,NY,AEA,EN,Towers with Radar,39,15,11,0,65,0,0,8,0,8,39,15,19,0,73,10,0,10,83
02/20/2011,ISP,NY,AEA,EN,Towers with Radar,40,9,27,0,76,0,0,91,0,91,40,9,118,0,167,138,0,138,305
02/21/2011,ISP,NY,AEA,EN,Towers with Radar,47,13,28,0,88,0,0,8,0,8,47,13,36,0,96,12,0,12,108
02/22/2011,ISP,NY,AEA,EN,Towers with Radar,51,14,35,2,102,0,1,101,4,106,51,15,136,6,208,148,8,156,364
02/23/2011,ISP,NY,AEA,EN,Towers with Radar,46,11,34,2,93,0,0,142,6,148,46,11,176,8,241,234,8,242,483
02/24/2011,ISP,NY,AEA,EN,Towers with Radar,46,12,41,0,99,0,1,108,11,120,46,13,149,11,219,158,0,158,377
02/25/2011,ISP,NY,AEA,EN,Towers with Radar,16,22,14,0,52,0,0,1,0,1,16,22,15,0,53,0,0,0,53
02/26/2011,ISP,NY,AEA,EN,Towers with Radar,40,12,60,0,112,0,1,184,8,193,40,13,244,8,305,302,0,302,607
02/27/2011,ISP,NY,AEA,EN,Towers with Radar,43,16,45,0,104,0,1,89,0,90,43,17,134,0,194,214,0,214,408
02/28/2011,ISP,NY,AEA,EN,Towers with Radar,51,11,10,0,72,0,0,3,0,3,51,11,13,0,75,54,0,54,129
03/01/2011,ISP,NY,AEA,EN,Towers with Radar,48,8,49,0,105,0,0,116,12,128,48,8,165,12,233,210,0,210,443
03/02/2011,ISP,NY,AEA,EN,Towers with Radar,46,8,35,0,89,0,0,74,4,78,46,8,109,4,167,158,0,158,325
03/03/2011,ISP,NY,AEA,EN,Towers with Radar,46,11,43,0,100,0,1,112,3,116,46,12,155,3,216,176,0,176,392
03/04/2011,ISP,NY,AEA,EN,Towers with Radar,49,10,53,2,114,0,0,145,4,149,49,10,198,6,263,202,6,208,471
03/05/2011,ISP,NY,AEA,EN,Towers with Radar,41,6,40,0,87,0,1,91,3,95,41,7,131,3,182,144,0,144,326
03/06/2011,ISP,NY,AEA,EN,Towers with Radar,44,13,26,0,83,0,0,7,0,7,44,13,33,0,90,8,0,8,98
03/07/2011,ISP,NY,AEA,EN,Towers with Radar,46,11,15,1,73,0,1,28,8,37,46,12,43,9,110,98,18,116,226
03/08/2011,ISP,NY,AEA,EN,Towers with Radar,48,11,77,2,138,0,1,147,9,157,48,12,224,11,295,300,10,310,605
03/09/2011,ISP,NY,AEA,EN,Towers with Radar,46,16,45,1,108,0,0,98,9,107,46,16,143,10,215,150,0,150,365
03/10/2011,ISP,NY,AEA,EN,Towers with Radar,45,10,17,0,72,0,0,9,3,12,45,10,26,3,84,4,0,4,88
03/11/2011,ISP,NY,AEA,EN,Towers with Radar,47,11,40,1,99,0,0,37,5,42,47,11,77,6,141,134,8,142,283
03/12/2011,ISP,NY,AEA,EN,Towers with Radar,44,7,49,0,100,0,2,160,9,171,44,9,209,9,271,240,20,260,531
03/13/2011,ISP,NY,AEA,EN,Towers with Radar,46,11,22,0,79,0,0,91,0,91,46,11,113,0,170,154,0,154,324
03/14/2011,ISP,NY,AEA,EN,Towers with Radar,46,12,19,0,77,0,4,114,14,132,46,16,133,14,209,146,30,176,385
03/15/2011,ISP,NY,AEA,EN,Towers with Radar,49,8,51,0,108,0,0,121,2,123,49,8,172,2,231,312,0,312,543
03/16/2011,ISP,NY,AEA,EN,Towers with Radar,51,17,19,0,87,0,0,15,6,21,51,17,34,6,108,74,32,106,214
03/17/2011,ISP,NY,AEA,EN,Towers with Radar,48,12,58,3,121,0,3,170,10,183,48,15,228,13,304,274,20,294,598
03/18/2011,ISP,NY,AEA,EN,Towers with Radar,51,10,40,5,106,0,4,123,4,131,51,14,163,9,237,108,8,116,353
03/19/2011,ISP,NY,AEA,EN,Towers with Radar,44,9,29,0,82,0,0,151,1,152,44,9,180,1,234,200,0,200,434
03/20/2011,ISP,NY,AEA,EN,Towers with Radar,43,12,31,0,86,0,0,239,0,239,43,12,270,0,325,354,0,354,679
03/21/2011,ISP,NY,AEA,EN,Towers with Radar,58,11,10,0,79,0,0,2,0,2,58,11,12,0,81,10,0,10,91
03/22/2011,ISP,NY,AEA,EN,Towers with Radar,49,11,29,3,92,0,0,117,10,127,49,11,146,13,219,190,6,196,415
03/23/2011,ISP,NY,AEA,EN,Towers with Radar,48,8,6,0,62,0,0,2,0,2,48,8,8,0,64,0,0,0,64
03/24/2011,ISP,NY,AEA,EN,Towers with Radar,49,11,27,0,87,0,0,56,5,61,49,11,83,5,148,98,12,110,258
03/25/2011,ISP,NY,AEA,EN,Towers with Radar,48,19,44,2,113,0,0,169,8,177,48,19,213,10,290,318,6,324,614
03/26/2011,ISP,NY,AEA,EN,Towers with Radar,46,9,28,0,83,0,0,153,0,153,46,9,181,0,236,243,0,243,479
03/27/2011,ISP,NY,AEA,EN,Towers with Radar,46,9,22,0,77,0,0,161,0,161,46,9,183,0,238,290,0,290,528
03/28/2011,ISP,NY,AEA,EN,Towers with Radar,47,11,27,3,88,0,1,119,2,122,47,12,146,5,210,198,0,198,408
03/29/2011,ISP,NY,AEA,EN,Towers with Radar,52,12,31,1,96,0,0,124,2,126,52,12,155,3,222,218,0,218,440
03/30/2011,ISP,NY,AEA,EN,Towers with Radar,49,13,82,2,146,0,0,175,1,176,49,13,257,3,322,318,0,318,640
03/31/2011,ISP,NY,AEA,EN,Towers with Radar,42,12,28,0,82,0,0,12,0,12,42,12,40,0,94,8,0,8,102
04/01/2011,ISP,NY,AEA,EN,Towers with Radar,50,10,9,0,69,0,0,7,0,7,50,10,16,0,76,18,0,18,94
04/02/2011,ISP,NY,AEA,EN,Towers with Radar,37,10,35,0,82,0,0,138,3,141,37,10,173,3,223,220,0,220,443
04/03/2011,ISP,NY,AEA,EN,Towers with Radar,39,18,42,0,99,0,1,114,1,116,39,19,156,1,215,172,0,172,387
04/04/2011,ISP,NY,AEA,EN,Towers with Radar,47,12,22,1,82,0,0,45,4,49,47,12,67,5,131,112,0,112,243
04/05/2011,ISP,NY,AEA,EN,Towers with Radar,51,11,13,0,75,0,0,5,0,5,51,11,18,0,80,0,0,0,80
04/06/2011,ISP,NY,AEA,EN,Towers with Radar,49,15,52,2,118,0,0,138,2,140,49,15,190,4,258,208,0,208,466
04/07/2011,ISP,NY,AEA,EN,Towers with Radar,52,10,45,0,107,0,0,81,5,86,52,10,126,5,193,122,0,122,315
04/08/2011,ISP,NY,AEA,EN,Towers with Radar,49,13,30,0,92,0,0,135,2,137,49,13,165,2,229,218,0,218,447
04/09/2011,ISP,NY,AEA,EN,Towers with Radar,44,11,56,0,111,0,0,224,4,228,44,11,280,4,339,220,4,224,563
04/10/2011,ISP,NY,AEA,EN,Towers with Radar,46,12,51,0,109,0,0,118,2,120,46,12,169,2,229,300,0,300,529
04/11/2011,ISP,NY,AEA,EN,Towers with Radar,50,19,16,0,85,0,0,0,0,0,50,19,16,0,85,12,0,12,97
04/12/2011,ISP,NY,AEA,EN,Towers with Radar,58,14,23,2,97,0,0,59,2,61,58,14,82,4,158,52,10,62,220
04/13/2011,ISP,NY,AEA,EN,Towers with Radar,53,10,25,0,88,0,0,1,0,1,53,10,26,0,89,0,0,0,89
04/14/2011,ISP,NY,AEA,EN,Towers with Radar,47,18,68,2,135,0,0,179,6,185,47,18,247,8,320,286,0,286,606
04/15/2011,ISP,NY,AEA,EN,Towers with Radar,51,17,34,0,102,0,2,160,5,167,51,19,194,5,269,202,0,202,471
04/16/2011,ISP,NY,AEA,EN,Towers with Radar,45,8,18,0,71,0,0,15,0,15,45,8,33,0,86,18,0,18,104
04/17/2011,ISP,NY,AEA,EN,Towers with Radar,45,17,36,0,98,0,0,49,0,49,45,17,85,0,147,84,0,84,231
04/18/2011,ISP,NY,AEA,EN,Towers with Radar,48,11,54,0,113,0,0,145,10,155,48,11,199,10,268,202,0,202,470
04/19/2011,ISP,NY,AEA,EN,Towers with Radar,47,9,27,3,86,0,0,53,4,57,47,9,80,7,143,94,14,108,251
04/20/2011,ISP,NY,AEA,EN,Towers with Radar,51,13,37,0,101,0,0,24,0,24,51,13,61,0,125,64,0,64,189
04/21/2011,ISP,NY,AEA,EN,Towers with Radar,46,11,30,0,87,0,0,80,5,85,46,11,110,5,172,34,8,42,214
04/22/2011,ISP,NY,AEA,EN,Towers with Radar,50,8,42,1,101,0,0,181,3,184,50,8,223,4,285,240,0,240,525
04/23/2011,ISP,NY,AEA,EN,Towers with Radar,47,11,17,0,75,0,0,1,0,1,47,11,18,0,76,3,0,3,79
04/24/2011,ISP,NY,AEA,EN,Towers with Radar,42,22,44,2,110,0,0,47,0,47,42,22,91,2,157,92,0,92,249
04/25/2011,ISP,NY,AEA,EN,Towers with Radar,46,16,31,2,95,0,0,28,0,28,46,16,59,2,123,98,0,98,221
04/26/2011,ISP,NY,AEA,EN,Towers with Radar,41,16,42,2,101,0,0,62,2,64,41,16,104,4,165,124,14,138,303
04/27/2011,ISP,NY,AEA,EN,Towers with Radar,50,13,17,0,80,0,1,0,0,1,50,14,17,0,81,0,0,0,81
04/28/2011,ISP,NY,AEA,EN,Towers with Radar,51,15,23,0,89,0,0,0,0,0,51,15,23,0,89,0,0,0,89
04/29/2011,ISP,NY,AEA,EN,Towers with Radar,45,17,59,3,124,0,2,170,4,176,45,19,229,7,300,284,0,284,584
04/30/2011,ISP,NY,AEA,EN,Towers with Radar,42,14,36,0,92,0,0,178,4,182,42,14,214,4,274,264,0,264,538
05/01/2011,ISP,NY,AEA,EN,Towers with Radar,37,16,47,2,102,0,3,220,2,225,37,19,267,4,327,342,0,342,669
05/02/2011,ISP,NY,AEA,EN,Towers with Radar,45,8,27,0,80,0,0,88,5,93,45,8,115,5,173,179,0,179,352
05/03/2011,ISP,NY,AEA,EN,Towers with Radar,44,16,49,0,109,0,0,90,3,93,44,16,139,3,202,244,4,248,450
05/04/2011,ISP,NY,AEA,EN,Towers with Radar,44,13,35,0,92,0,0,1,2,3,44,13,36,2,95,0,0,0,95
05/05/2011,ISP,NY,AEA,EN,Towers with Radar,45,14,43,3,105,0,0,80,12,92,45,14,123,15,197,106,0,106,303
05/06/2011,ISP,NY,AEA,EN,Towers with Radar,47,8,44,1,100,0,0,130,6,136,47,8,174,7,236,164,0,164,400
05/07/2011,ISP,NY,AEA,EN,Towers with Radar,37,9,28,0,74,0,0,179,0,179,37,9,207,0,253,358,0,358,611
05/08/2011,ISP,NY,AEA,EN,Towers with Radar,39,8,33,1,81,0,0,129,0,129,39,8,162,1,210,228,0,228,438
05/09/2011,ISP,NY,AEA,EN,Towers with Radar,48,16,31,2,97,0,0,96,3,99,48,16,127,5,196,206,0,206,402
05/10/2011,ISP,NY,AEA,EN,Towers with Radar,44,14,47,1,106,0,1,99,6,106,44,15,146,7,212,284,0,284,496
05/11/2011,ISP,NY,AEA,EN,Towers with Radar,42,10,39,1,92,0,0,108,5,113,42,10,147,6,205,182,4,186,391
05/12/2011,ISP,NY,AEA,EN,Towers with Radar,43,15,59,6,123,0,1,170,15,186,43,16,229,21,309,348,10,358,667
05/13/2011,ISP,NY,AEA,EN,Towers with Radar,42,13,42,0,97,0,1,152,0,153,42,14,194,0,250,304,0,304,554
05/14/2011,ISP,NY,AEA,EN,Towers with Radar,38,11,71,0,120,0,2,108,0,110,38,13,179,0,230,296,0,296,526
05/15/2011,ISP,NY,AEA,EN,Towers with Radar,38,9,29,1,77,0,0,6,0,6,38,9,35,1,83,0,0,0,83
05/16/2011,ISP,NY,AEA,EN,Towers with Radar,48,6,43,0,97,0,0,0,0,0,48,6,43,0,97,0,0,0,97
05/17/2011,ISP,NY,AEA,EN,Towers with Radar,46,13,25,0,84,0,0,3,0,3,46,13,28,0,87,0,0,0,87
05/18/2011,ISP,NY,AEA,EN,Towers with Radar,43,15,20,0,78,0,0,3,0,3,43,15,23,0,81,0,0,0,81
05/19/2011,ISP,NY,AEA,EN,Towers with Radar,46,12,64,0,122,0,0,23,0,23,46,12,87,0,145,32,0,32,177
05/20/2011,ISP,NY,AEA,EN,Towers with Radar,43,8,50,2,103,0,0,23,4,27,43,8,73,6,130,150,4,154,284
05/21/2011,ISP,NY,AEA,EN,Towers with Radar,39,14,43,0,96,0,0,70,0,70,39,14,113,0,166,100,0,100,266
05/22/2011,ISP,NY,AEA,EN,Towers with Radar,40,13,72,3,128,0,0,15,1,16,40,13,87,4,144,86,0,86,230
05/23/2011,ISP,NY,AEA,EN,Towers with Radar,44,11,39,0,94,0,0,6,0,6,44,11,45,0,100,6,0,6,106
05/24/2011,ISP,NY,AEA,EN,Towers with Radar,46,9,50,5,110,0,0,70,7,77,46,9,120,12,187,152,6,158,345
05/25/2011,ISP,NY,AEA,EN,Towers with Radar,43,10,50,2,105,0,2,195,11,208,43,12,245,13,313,244,0,244,557
05/26/2011,ISP,NY,AEA,EN,Towers with Radar,47,12,58,0,117,0,0,12,1,13,47,12,70,1,130,8,0,8,138
05/27/2011,ISP,NY,AEA,EN,Towers with Radar,50,21,56,0,127,0,0,146,9,155,50,21,202,9,282,292,0,292,574
05/28/2011,ISP,NY,AEA,EN,Towers with Radar,36,14,41,0,91,0,0,69,1,70,36,14,110,1,161,250,0,250,411
05/29/2011,ISP,NY,AEA,EN,Towers with Radar,35,14,44,0,93,0,0,91,0,91,35,14,135,0,184,168,0,168,352
05/30/2011,ISP,NY,AEA,EN,Towers with Radar,45,17,46,0,108,0,0,114,0,114,45,17,160,0,222,156,0,156,378
05/31/2011,ISP,NY,AEA,EN,Towers with Radar,46,8,41,0,95,0,0,140,5,145,46,8,181,5,240,184,0,184,424
06/01/2011,ISP,NY,AEA,EN,Towers with Radar,47,17,44,3,111,0,0,24,6,30,47,17,68,9,141,44,0,44,185
06/02/2011,ISP,NY,AEA,EN,Towers with Radar,42,18,39,3,102,0,2,106,10,118,42,20,145,13,220,32,0,32,252
06/03/2011,ISP,NY,AEA,EN,Towers with Radar,48,14,26,1,89,0,0,160,3,163,48,14,186,4,252,260,0,260,512
06/04/2011,ISP,NY,AEA,EN,Towers with Radar,40,9,21,1,71,0,0,202,0,202,40,9,223,1,273,362,0,362,635
06/05/2011,ISP,NY,AEA,EN,Towers with Radar,40,14,34,0,88,0,0,166,5,171,40,14,200,5,259,246,4,250,509
06/06/2011,ISP,NY,AEA,EN,Towers with Radar,46,10,42,0,98,0,0,127,3,130,46,10,169,3,228,258,12,270,498
06/07/2011,ISP,NY,AEA,EN,Towers with Radar,48,10,53,2,113,0,0,156,10,166,48,10,209,12,279,200,16,216,495
06/08/2011,ISP,NY,AEA,EN,Towers with Radar,44,15,49,0,108,0,2,141,4,147,44,17,190,4,255,186,0,186,441
06/09/2011,ISP,NY,AEA,EN,Towers with Radar,42,17,28,0,87,0,0,81,2,83,42,17,109,2,170,164,0,164,334
06/10/2011,ISP,NY,AEA,EN,Towers with Radar,46,19,40,0,105,0,0,116,2,118,46,19,156,2,223,156,0,156,379
06/11/2011,ISP,NY,AEA,EN,Towers with Radar,40,12,38,2,92,0,0,3,0,3,40,12,41,2,95,50,0,50,145
06/12/2011,ISP,NY,AEA,EN,Towers with Radar,42,22,64,0,128,0,2,19,1,22,42,24,83,1,150,88,0,88,238
06/13/2011,ISP,NY,AEA,EN,Towers with Radar,49,16,44,2,111,0,0,139,3,142,49,16,183,5,253,206,6,212,465
06/14/2011,ISP,NY,AEA,EN,Towers with Radar,46,20,42,2,110,0,1,51,16,68,46,21,93,18,178,102,34,136,314
06/15/2011,ISP,NY,AEA,EN,Towers with Radar,45,16,34,0,95,0,0,207,6,213,45,16,241,6,308,286,14,300,608
06/16/2011,ISP,NY,AEA,EN,Towers with Radar,48,16,37,1,102,0,3,161,12,176,48,19,198,13,278,234,28,262,540
06/17/2011,ISP,NY,AEA,EN,Towers with Radar,46,22,59,0,127,0,0,23,0,23,46,22,82,0,150,62,0,62,212
06/18/2011,ISP,NY,AEA,EN,Towers with Radar,37,16,46,0,99,0,2,202,1,205,37,18,248,1,304,292,0,292,596
06/19/2011,ISP,NY,AEA,EN,Towers with Radar,43,15,33,0,91,0,0,200,0,200,43,15,233,0,291,260,0,260,551
06/20/2011,ISP,NY,AEA,EN,Towers with Radar,46,11,40,0,97,0,0,189,3,192,46,11,229,3,289,336,0,336,625
06/21/2011,ISP,NY,AEA,EN,Towers with Radar,45,15,32,1,93,0,0,155,5,160,45,15,187,6,253,332,0,332,585
06/22/2011,ISP,NY,AEA,EN,Towers with Radar,44,18,48,0,110,0,0,61,0,61,44,18,109,0,171,162,0,162,333
06/23/2011,ISP,NY,AEA,EN,Towers with Radar,49,19,33,2,103,0,0,4,0,4,49,19,37,2,107,0,0,0,107
06/24/2011,ISP,NY,AEA,EN,Towers with Radar,47,24,63,2,136,0,0,4,1,5,47,24,67,3,141,36,0,36,177
06/25/2011,ISP,NY,AEA,EN,Towers with Radar,38,19,59,0,116,0,0,51,1,52,38,19,110,1,168,178,0,178,346
06/26/2011,ISP,NY,AEA,EN,Towers with Radar,42,14,64,0,120,0,0,238,0,238,42,14,302,0,358,356,0,356,714
06/27/2011,ISP,NY,AEA,EN,Towers with Radar,46,10,30,0,86,0,0,211,9,220,46,10,241,9,306,274,0,274,580
06/28/2011,ISP,NY,AEA,EN,Towers with Radar,44,14,54,1,113,0,0,122,3,125,44,14,176,4,238,284,4,288,526
06/29/2011,ISP,NY,AEA,EN,Towers with Radar,45,14,35,1,95,0,2,154,6,162,45,16,189,7,257,230,14,244,501
06/30/2011,ISP,NY,AEA,EN,Towers with Radar,47,12,47,0,106,0,2,183,9,194,47,14,230,9,300,280,0,280,580
07/01/2011,ISP,NY,AEA,EN,Towers with Radar,48,13,29,0,90,0,1,221,3,225,48,14,250,3,315,316,2,318,633
07/02/2011,ISP,NY,AEA,EN,Towers with Radar,38,12,27,0,77,0,0,198,0,198,38,12,225,0,275,286,0,286,561
07/03/2011,ISP,NY,AEA,EN,Towers with Radar,39,17,8,0,64,0,0,29,0,29,39,17,37,0,93,58,0,58,151
07/04/2011,ISP,NY,AEA,EN,Towers with Radar,42,16,26,0,84,0,0,85,0,85,42,16,111,0,169,138,0,138,307
07/05/2011,ISP,NY,AEA,EN,Towers with Radar,46,19,19,1,85,0,0,152,5,157,46,19,171,6,242,200,11,211,453
07/06/2011,ISP,NY,AEA,EN,Towers with Radar,50,13,34,3,100,0,1,129,10,140,50,14,163,13,240,182,16,198,438
07/07/2011,ISP,NY,AEA,EN,Towers with Radar,53,19,27,0,99,0,0,114,8,122,53,19,141,8,221,182,8,190,411
07/08/2011,ISP,NY,AEA,EN,Towers with Radar,47,15,41,7,110,0,0,42,4,46,47,15,83,11,156,72,8,80,236
07/09/2011,ISP,NY,AEA,EN,Towers with Radar,37,13,23,1,74,0,0,172,0,172,37,13,195,1,246,216,0,216,462
07/10/2011,ISP,NY,AEA,EN,Towers with Radar,46,17,28,0,91,0,0,220,0,220,46,17,248,0,311,258,12,270,581
07/11/2011,ISP,NY,AEA,EN,Towers with Radar,46,10,28,3,87,0,0,168,1,169,46,10,196,4,256,180,0,180,436
07/12/2011,ISP,NY,AEA,EN,Towers with Radar,46,15,25,4,90,0,8,137,13,158,46,23,162,17,248,186,26,212,460
07/13/2011,ISP,NY,AEA,EN,Towers with Radar,47,15,30,1,93,0,0,155,9,164,47,15,185,10,257,146,0,146,403
07/14/2011,ISP,NY,AEA,EN,Towers with Radar,46,16,25,3,90,0,1,175,8,184,46,17,200,11,274,248,20,268,542
07/15/2011,ISP,NY,AEA,EN,Towers with Radar,48,14,30,1,93,0,0,193,3,196,48,14,223,4,289,206,0,206,495
07/16/2011,ISP,NY,AEA,EN,Towers with Radar,42,12,27,0,81,0,0,181,0,181,42,12,208,0,262,309,1,310,572
07/17/2011,ISP,NY,AEA,EN,Towers with Radar,45,16,28,0,89,0,0,189,0,189,45,16,217,0,278,198,0,198,476
07/18/2011,ISP,NY,AEA,EN,Towers with Radar,50,7,31,1,89,0,0,135,3,138,50,7,166,4,227,136,0,136,363
07/19/2011,ISP,NY,AEA,EN,Towers with Radar,46,14,39,8,107,0,0,149,10,159,46,14,188,18,266,190,6,196,462
07/20/2011,ISP,NY,AEA,EN,Towers with Radar,50,17,53,2,122,0,2,115,7,124,50,19,168,9,246,206,0,206,452
07/21/2011,ISP,NY,AEA,EN,Towers with Radar,47,21,54,3,125,0,0,82,7,89,47,21,136,10,214,83,54,137,351
07/22/2011,ISP,NY,AEA,EN,Towers with Radar,46,13,35,0,94,0,0,90,4,94,46,13,125,4,188,158,0,158,346
07/23/2011,ISP,NY,AEA,EN,Towers with Radar,36,15,27,0,78,0,0,105,0,105,36,15,132,0,183,234,4,238,421
07/24/2011,ISP,NY,AEA,EN,Towers with Radar,42,18,14,1,75,0,0,132,1,133,42,18,146,2,208,228,0,228,436
07/25/2011,ISP,NY,AEA,EN,Towers with Radar,41,20,19,0,80,0,0,79,6,85,41,20,98,6,165,122,2,124,289
07/26/2011,ISP,NY,AEA,EN,Towers with Radar,45,15,24,3,87,0,1,98,6,105,45,16,122,9,192,212,8,220,412
07/27/2011,ISP,NY,AEA,EN,Towers with Radar,43,17,53,3,116,0,0,166,5,171,43,17,219,8,287,300,0,300,587
07/28/2011,ISP,NY,AEA,EN,Towers with Radar,46,12,50,3,111,0,0,162,7,169,46,12,212,10,280,272,8,280,560
07/29/2011,ISP,NY,AEA,EN,Towers with Radar,41,17,52,0,110,0,0,10,0,10,41,17,62,0,120,26,0,26,146
07/30/2011,ISP,NY,AEA,EN,Towers with Radar,37,11,35,0,83,0,0,197,0,197,37,11,232,0,280,208,0,208,488
07/31/2011,ISP,NY,AEA,EN,Towers with Radar,40,17,43,0,100,0,2,197,0,199,40,19,240,0,299,316,0,316,615
08/01/2011,ISP,NY,AEA,EN,Towers with Radar,45,14,27,1,87,0,0,101,6,107,45,14,128,7,194,129,10,139,333
08/02/2011,ISP,NY,AEA,EN,Towers with Radar,43,16,59,4,122,0,0,163,8,171,43,16,222,12,293,220,0,220,513
08/03/2011,ISP,NY,AEA,EN,Towers with Radar,43,14,27,2,86,0,0,120,2,122,43,14,147,4,208,68,8,76,284
08/04/2011,ISP,NY,AEA,EN,Towers with Radar,46,13,37,4,100,0,0,145,13,158,46,13,182,17,258,172,18,190,448
08/05/2011,ISP,NY,AEA,EN,Towers with Radar,44,16,58,0,118,0,0,138,5,143,44,16,196,5,261,172,0,172,433
08/06/2011,ISP,NY,AEA,EN,Towers with Radar,45,12,37,2,96,0,0,135,0,135,45,12,172,2,231,312,0,312,543
08/07/2011,ISP,NY,AEA,EN,Towers with Radar,39,14,40,7,100,0,0,32,0,32,39,14,72,7,132,53,10,63,195
08/08/2011,ISP,NY,AEA,EN,Towers with Radar,40,14,38,3,95,0,0,128,10,138,40,14,166,13,233,176,0,176,409
08/09/2011,ISP,NY,AEA,EN,Towers with Radar,51,12,27,2,92,0,1,82,3,86,51,13,109,5,178,92,0,92,270
08/10/2011,ISP,NY,AEA,EN,Towers with Radar,47,13,38,0,98,0,2,158,5,165,47,15,196,5,263,200,0,200,463
08/11/2011,ISP,NY,AEA,EN,Towers with Radar,46,14,39,0,99,0,1,177,4,182,46,15,216,4,281,238,0,238,519
08/12/2011,ISP,NY,AEA,EN,Towers with Radar,47,20,54,0,121,0,1,220,3,224,47,21,274,3,345,250,0,250,595
08/13/2011,ISP,NY,AEA,EN,Towers with Radar,46,14,53,0,113,0,0,210,0,210,46,14,263,0,323,234,0,234,557
08/14/2011,ISP,NY,AEA,EN,Towers with Radar,34,16,39,0,89,0,0,0,0,0,34,16,39,0,89,4,0,4,93
08/15/2011,ISP,NY,AEA,EN,Towers with Radar,37,14,40,0,91,0,1,25,2,28,37,15,65,2,119,36,0,36,155
08/16/2011,ISP,NY,AEA,EN,Towers with Radar,38,20,47,1,106,0,0,56,0,56,38,20,103,1,162,136,0,136,298
08/17/2011,ISP,NY,AEA,EN,Towers with Radar,39,10,57,2,108,0,0,252,3,255,39,10,309,5,363,270,24,294,657
08/18/2011,ISP,NY,AEA,EN,Towers with Radar,33,13,31,5,82,0,5,121,14,140,33,18,152,19,222,239,0,239,461
08/19/2011,ISP,NY,AEA,EN,Towers with Radar,38,15,49,0,102,0,2,130,5,137,38,17,179,5,239,194,0,194,433
08/20/2011,ISP,NY,AEA,EN,Towers with Radar,33,15,23,1,72,0,1,192,1,194,33,16,215,2,266,208,0,208,474
08/21/2011,ISP,NY,AEA,EN,Towers with Radar,33,8,46,0,87,0,0,55,0,55,33,8,101,0,142,40,0,40,182
08/22/2011,ISP,NY,AEA,EN,Towers with Radar,40,15,41,4,100,0,3,141,3,147,40,18,182,7,247,230,0,230,477
08/23/2011,ISP,NY,AEA,EN,Towers with Radar,40,13,51,2,106,0,2,186,6,194,40,15,237,8,300,182,28,210,510
08/24/2011,ISP,NY,AEA,EN,Towers with Radar,41,15,33,3,92,0,1,174,4,179,41,16,207,7,271,210,0,210,481
08/25/2011,ISP,NY,AEA,EN,Towers with Radar,40,13,39,0,92,0,1,11,0,12,40,14,50,0,104,26,0,26,130
08/26/2011,ISP,NY,AEA,EN,Towers with Radar,42,11,40,0,93,0,0,186,4,190,42,11,226,4,283,210,0,210,493
08/27/2011,ISP,NY,AEA,EN,Towers with Radar,15,8,23,0,46,0,0,3,0,3,15,8,26,0,49,0,0,0,49
08/28/2011,ISP,NY,AEA,EN,Towers with Radar,0,0,1,2,3,0,0,11,2,13,0,0,12,4,16,0,0,0,16
08/29/2011,ISP,NY,AEA,EN,Towers with Radar,32,13,40,1,86,0,3,143,12,158,32,16,183,13,244,160,8,168,412
08/30/2011,ISP,NY,AEA,EN,Towers with Radar,35,14,18,0,67,0,0,186,4,190,35,14,204,4,257,178,12,190,447
08/31/2011,ISP,NY,AEA,EN,Towers with Radar,40,12,22,1,75,0,1,169,13,183,40,13,191,14,258,272,12,284,542
09/01/2011,ISP,NY,AEA,EN,Towers with Radar,43,19,40,0,102,0,0,137,12,149,43,19,177,12,251,200,0,200,451
09/02/2011,ISP,NY,AEA,EN,Towers with Radar,41,19,40,0,100,0,0,195,0,195,41,19,235,0,295,232,0,232,527
09/03/2011,ISP,NY,AEA,EN,Towers with Radar,32,10,28,0,70,0,0,139,0,139,32,10,167,0,209,176,0,176,385
09/04/2011,ISP,NY,AEA,EN,Towers with Radar,30,13,24,0,67,0,0,115,0,115,30,13,139,0,182,276,0,276,458
09/05/2011,ISP,NY,AEA,EN,Towers with Radar,36,15,42,0,93,0,0,46,0,46,36,15,88,0,139,98,0,98,237
09/06/2011,ISP,NY,AEA,EN,Towers with Radar,34,11,27,2,74,0,0,11,0,11,34,11,38,2,85,2,0,2,87
09/07/2011,ISP,NY,AEA,EN,Towers with Radar,35,14,52,0,101,0,0,2,0,2,35,14,54,0,103,16,0,16,119
09/08/2011,ISP,NY,AEA,EN,Towers with Radar,40,19,35,0,94,0,0,56,2,58,40,19,91,2,152,154,0,154,306
09/09/2011,ISP,NY,AEA,EN,Towers with Radar,35,12,36,4,87,0,0,134,4,138,35,12,170,8,225,198,0,198,423
09/10/2011,ISP,NY,AEA,EN,Towers with Radar,34,10,32,0,76,0,0,143,0,143,34,10,175,0,219,302,0,302,521
09/11/2011,ISP,NY,AEA,EN,Towers with Radar,29,14,46,0,89,0,0,134,0,134,29,14,180,0,223,170,2,172,395
09/12/2011,ISP,NY,AEA,EN,Towers with Radar,40,13,49,0,102,0,0,100,0,100,40,13,149,0,202,240,0,240,442
09/13/2011,ISP,NY,AEA,EN,Towers with Radar,39,16,36,4,95,0,2,143,3,148,39,18,179,7,243,230,0,230,473
09/14/2011,ISP,NY,AEA,EN,Towers with Radar,42,12,42,0,96,0,1,123,0,124,42,13,165,0,220,214,0,214,434
09/15/2011,ISP,NY,AEA,EN,Towers with Radar,40,9,24,0,73,0,0,53,0,53,40,9,77,0,126,118,0,118,244
09/16/2011,ISP,NY,AEA,EN,Towers with Radar,37,15,47,0,99,0,0,162,2,164,37,15,209,2,263,174,0,174,437
09/17/2011,ISP,NY,AEA,EN,Towers with Radar,31,11,16,0,58,0,0,173,4,177,31,11,189,4,235,278,0,278,513
09/18/2011,ISP,NY,AEA,EN,Towers with Radar,33,7,49,0,89,0,0,141,0,141,33,7,190,0,230,148,0,148,378
09/19/2011,ISP,NY,AEA,EN,Towers with Radar,41,14,29,0,84,0,0,138,0,138,41,14,167,0,222,278,0,278,500
09/20/2011,ISP,NY,AEA,EN,Towers with Radar,42,11,48,0,101,0,0,56,0,56,42,11,104,0,157,186,0,186,343
09/21/2011,ISP,NY,AEA,EN,Towers with Radar,41,12,27,0,80,0,0,92,0,92,41,12,119,0,172,250,0,250,422
09/22/2011,ISP,NY,AEA,EN,Towers with Radar,38,15,48,2,103,0,0,25,0,25,38,15,73,2,128,170,0,170,298
09/23/2011,ISP,NY,AEA,EN,Towers with Radar,43,15,26,0,84,0,0,0,0,0,43,15,26,0,84,0,0,0,84
09/24/2011,ISP,NY,AEA,EN,Towers with Radar,34,7,30,0,71,0,0,56,0,56,34,7,86,0,127,120,0,120,247
09/25/2011,ISP,NY,AEA,EN,Towers with Radar,60,16,65,0,141,0,0,208,0,208,60,16,273,0,349,250,0,250,599
09/26/2011,ISP,NY,AEA,EN,Towers with Radar,42,9,48,0,99,0,0,106,0,106,42,9,154,0,205,224,0,224,429
09/27/2011,ISP,NY,AEA,EN,Towers with Radar,43,13,55,2,113,0,0,42,0,42,43,13,97,2,155,86,0,86,241
09/28/2011,ISP,NY,AEA,EN,Towers with Radar,43,13,48,6,110,0,0,38,0,38,43,13,86,6,148,58,0,58,206
09/29/2011,ISP,NY,AEA,EN,Towers with Radar,44,10,28,1,83,0,0,21,7,28,44,10,49,8,111,32,18,50,161
09/30/2011,ISP,NY,AEA,EN,Towers with Radar,41,12,38,0,91,0,0,153,2,155,41,12,191,2,246,256,0,256,502
10/01/2011,ISP,NY,AEA,EN,Towers with Radar,34,6,27,4,71,0,0,92,0,92,34,6,119,4,163,214,16,230,393
10/02/2011,ISP,NY,AEA,EN,Towers with Radar,36,13,62,0,111,0,0,178,0,178,36,13,240,0,289,253,0,253,542
10/03/2011,ISP,NY,AEA,EN,Towers with Radar,37,10,22,0,69,0,0,80,0,80,37,10,102,0,149,198,10,208,357
10/04/2011,ISP,NY,AEA,EN,Towers with Radar,36,14,34,1,85,0,0,74,5,79,36,14,108,6,164,270,8,278,442
10/05/2011,ISP,NY,AEA,EN,Towers with Radar,44,16,54,5,119,0,2,152,15,169,44,18,206,20,288,310,0,310,598
10/06/2011,ISP,NY,AEA,EN,Towers with Radar,36,12,29,0,77,0,0,172,8,180,36,12,201,8,257,356,0,356,613
10/07/2011,ISP,NY,AEA,EN,Towers with Radar,40,17,41,0,98,0,0,167,2,169,40,17,208,2,267,392,10,402,669
10/08/2011,ISP,NY,AEA,EN,Towers with Radar,34,8,29,0,71,0,0,235,0,235,34,8,264,0,306,390,0,390,696
10/09/2011,ISP,NY,AEA,EN,Towers with Radar,60,15,57,0,132,0,0,333,0,333,60,15,390,0,465,348,0,348,813
10/10/2011,ISP,NY,AEA,EN,Towers with Radar,39,10,36,0,85,0,2,203,0,205,39,12,239,0,290,244,0,244,534
10/11/2011,ISP,NY,AEA,EN,Towers with Radar,38,12,48,3,101,0,1,156,8,165,38,13,204,11,266,290,0,290,556
10/12/2011,ISP,NY,AEA,EN,Towers with Radar,34,10,42,0,86,0,3,94,4,101,34,13,136,4,187,233,16,249,436
10/13/2011,ISP,NY,AEA,EN,Towers with Radar,36,13,40,0,89,0,0,5,0,5,36,13,45,0,94,34,0,34,128
10/14/2011,ISP,NY,AEA,EN,Towers with Radar,34,13,32,0,79,0,0,8,0,8,34,13,40,0,87,4,0,4,91
10/15/2011,ISP,NY,AEA,EN,Towers with Radar,35,7,19,0,61,0,0,76,3,79,35,7,95,3,140,96,0,96,236
10/16/2011,ISP,NY,AEA,EN,Towers with Radar,35,11,51,0,97,0,1,113,0,114,35,12,164,0,211,138,0,138,349
10/17/2011,ISP,NY,AEA,EN,Towers with Radar,44,13,56,2,115,0,6,161,8,175,44,19,217,10,290,188,0,188,478
10/18/2011,ISP,NY,AEA,EN,Towers with Radar,39,16,49,5,109,0,3,166,9,178,39,19,215,14,287,348,8,356,643
10/19/2011,ISP,NY,AEA,EN,Towers with Radar,41,9,21,0,71,0,0,0,0,0,41,9,21,0,71,0,0,0,71
10/20/2011,ISP,NY,AEA,EN,Towers with Radar,33,11,19,9,72,0,0,51,5,56,33,11,70,14,128,36,32,68,196
10/21/2011,ISP,NY,AEA,EN,Towers with Radar,38,11,38,0,87,0,0,164,0,164,38,11,202,0,251,390,0,390,641
10/22/2011,ISP,NY,AEA,EN,Towers with Radar,61,14,59,0,134,0,0,456,0,456,61,14,515,0,590,332,0,332,922
10/23/2011,ISP,NY,AEA,EN,Towers with Radar,37,16,57,0,110,0,0,265,0,265,37,16,322,0,375,342,0,342,717
10/24/2011,ISP,NY,AEA,EN,Towers with Radar,35,13,46,0,94,0,0,129,1,130,35,13,175,1,224,274,0,274,498
10/25/2011,ISP,NY,AEA,EN,Towers with Radar,38,12,45,0,95,0,2,97,0,99,38,14,142,0,194,190,0,190,384
10/26/2011,ISP,NY,AEA,EN,Towers with Radar,38,13,50,0,101,0,0,114,2,116,38,13,164,2,217,244,0,244,461
10/27/2011,ISP,NY,AEA,EN,Towers with Radar,45,13,26,0,84,0,0,5,0,5,45,13,31,0,89,0,0,0,89
10/28/2011,ISP,NY,AEA,EN,Towers with Radar,35,9,60,2,106,0,0,163,3,166,35,9,223,5,272,186,0,186,458
10/29/2011,ISP,NY,AEA,EN,Towers with Radar,30,1,14,0,45,0,0,9,0,9,30,1,23,0,54,22,0,22,76
10/30/2011,ISP,NY,AEA,EN,Towers with Radar,23,10,30,3,66,0,0,58,2,60,23,10,88,5,126,116,0,116,242
10/31/2011,ISP,NY,AEA,EN,Towers with Radar,36,8,13,0,57,0,0,117,1,118,36,8,130,1,175,368,0,368,543
11/01/2011,ISP,NY,AEA,EN,Towers with Radar,36,14,60,2,112,0,2,128,1,131,36,16,188,3,243,296,0,296,539
11/02/2011,ISP,NY,AEA,EN,Towers with Radar,36,12,56,0,104,0,1,166,4,171,36,13,222,4,275,284,0,284,559
11/03/2011,ISP,NY,AEA,EN,Towers with Radar,39,11,33,0,83,0,0,146,0,146,39,11,179,0,229,272,0,272,501
11/04/2011,ISP,NY,AEA,EN,Towers with Radar,37,14,26,0,77,0,1,114,4,119,37,15,140,4,196,226,4,230,426
11/05/2011,ISP,NY,AEA,EN,Towers with Radar,35,10,35,0,80,0,0,196,0,196,35,10,231,0,276,368,0,368,644
11/06/2011,ISP,NY,AEA,EN,Towers with Radar,39,9,37,0,85,0,0,237,0,237,39,9,274,0,322,412,0,412,734
11/07/2011,ISP,NY,AEA,EN,Towers with Radar,37,9,48,0,94,0,0,130,0,130,37,9,178,0,224,382,0,382,606
11/08/2011,ISP,NY,AEA,EN,Towers with Radar,37,9,34,0,80,0,0,144,11,155,37,9,178,11,235,280,6,286,521
11/09/2011,ISP,NY,AEA,EN,Towers with Radar,34,12,28,4,78,0,2,99,0,101,34,14,127,4,179,92,0,92,271
11/10/2011,ISP,NY,AEA,EN,Towers with Radar,35,17,45,4,101,0,0,23,2,25,35,17,68,6,126,34,0,34,160
11/11/2011,ISP,NY,AEA,EN,Towers with Radar,39,8,20,0,67,0,0,54,0,54,39,8,74,0,121,50,0,50,171
11/12/2011,ISP,NY,AEA,EN,Towers with Radar,38,7,28,0,73,0,0,105,0,105,38,7,133,0,178,194,0,194,372
11/13/2011,ISP,NY,AEA,EN,Towers with Radar,33,8,31,0,72,0,0,133,0,133,33,8,164,0,205,210,0,210,415
11/14/2011,ISP,NY,AEA,EN,Towers with Radar,35,10,42,0,87,0,0,83,0,83,35,10,125,0,170,190,0,190,360
11/15/2011,ISP,NY,AEA,EN,Towers with Radar,36,8,51,1,96,0,1,114,1,116,36,9,165,2,212,294,0,294,506
11/16/2011,ISP,NY,AEA,EN,Towers with Radar,35,7,32,0,74,0,0,8,0,8,35,7,40,0,82,0,0,0,82
11/17/2011,ISP,NY,AEA,EN,Towers with Radar,34,8,40,0,82,0,0,26,7,33,34,8,66,7,115,31,0,31,146
11/18/2011,ISP,NY,AEA,EN,Towers with Radar,34,16,36,0,86,0,0,198,11,209,34,16,234,11,295,353,0,353,648
11/19/2011,ISP,NY,AEA,EN,Towers with Radar,41,12,48,0,101,0,0,207,0,207,41,12,255,0,308,274,0,274,582
11/20/2011,ISP,NY,AEA,EN,Towers with Radar,34,8,37,0,79,0,0,136,0,136,34,8,173,0,215,258,0,258,473
11/21/2011,ISP,NY,AEA,EN,Towers with Radar,33,9,34,0,76,0,0,97,0,97,33,9,131,0,173,254,0,254,427
11/22/2011,ISP,NY,AEA,EN,Towers with Radar,40,11,64,2,117,0,0,47,7,54,40,11,111,9,171,174,0,174,345
11/23/2011,ISP,NY,AEA,EN,Towers with Radar,42,15,21,0,78,0,0,5,0,5,42,15,26,0,83,2,0,2,85
11/24/2011,ISP,NY,AEA,EN,Towers with Radar,25,7,16,0,48,0,0,42,0,42,25,7,58,0,90,156,0,156,246
11/25/2011,ISP,NY,AEA,EN,Towers with Radar,34,5,36,0,75,0,0,160,0,160,34,5,196,0,235,230,0,230,465
11/26/2011,ISP,NY,AEA,EN,Towers with Radar,40,10,32,0,82,0,0,167,0,167,40,10,199,0,249,240,0,240,489
11/27/2011,ISP,NY,AEA,EN,Towers with Radar,49,13,47,0,109,0,3,145,0,148,49,16,192,0,257,260,0,260,517
11/28/2011,ISP,NY,AEA,EN,Towers with Radar,44,14,37,0,95,0,1,94,5,100,44,15,131,5,195,220,0,220,415
11/29/2011,ISP,NY,AEA,EN,Towers with Radar,36,12,32,0,80,0,0,44,0,44,36,12,76,0,124,26,0,26,150
11/30/2011,ISP,NY,AEA,EN,Towers with Radar,37,20,28,0,85,0,0,88,0,88,37,20,116,0,173,142,0,142,315
12/01/2011,ISP,NY,AEA,EN,Towers with Radar,36,13,23,0,72,0,0,131,0,131,36,13,154,0,203,158,0,158,361
12/02/2011,ISP,NY,AEA,EN,Towers with Radar,39,12,32,0,83,0,0,141,0,141,39,12,173,0,224,254,0,254,478
12/03/2011,ISP,NY,AEA,EN,Towers with Radar,41,5,27,0,73,0,0,196,1,197,41,5,223,1,270,270,0,270,540
12/04/2011,ISP,NY,AEA,EN,Towers with Radar,35,10,45,0,90,0,0,203,0,203,35,10,248,0,293,296,0,296,589
12/05/2011,ISP,NY,AEA,EN,Towers with Radar,38,11,37,0,86,0,0,0,0,0,38,11,37,0,86,4,0,4,90
12/06/2011,ISP,NY,AEA,EN,Towers with Radar,35,13,34,0,82,0,0,4,0,4,35,13,38,0,86,0,0,0,86
12/07/2011,ISP,NY,AEA,EN,Towers with Radar,39,11,32,0,82,0,0,0,0,0,39,11,32,0,82,2,0,2,84
12/08/2011,ISP,NY,AEA,EN,Towers with Radar,37,14,57,0,108,0,0,67,3,70,37,14,124,3,178,96,0,96,274
12/09/2011,ISP,NY,AEA,EN,Towers with Radar,37,13,27,0,77,0,2,167,0,169,37,15,194,0,246,306,0,306,552
12/10/2011,ISP,NY,AEA,EN,Towers with Radar,36,6,31,0,73,0,0,181,1,182,36,6,212,1,255,320,0,320,575
12/11/2011,ISP,NY,AEA,EN,Towers with Radar,32,10,39,0,81,0,1,198,0,199,32,11,237,0,280,322,0,322,602
12/12/2011,ISP,NY,AEA,EN,Towers with Radar,38,11,25,0,74,0,1,120,0,121,38,12,145,0,195,196,0,196,391
12/13/2011,ISP,NY,AEA,EN,Towers with Radar,31,10,36,0,77,0,2,133,0,135,31,12,169,0,212,210,0,210,422
12/14/2011,ISP,NY,AEA,EN,Towers with Radar,36,11,34,0,81,0,1,144,3,148,36,12,178,3,229,272,4,276,505
12/15/2011,ISP,NY,AEA,EN,Towers with Radar,37,14,34,0,85,0,0,45,3,48,37,14,79,3,133,38,0,38,171
12/16/2011,ISP,NY,AEA,EN,Towers with Radar,35,12,24,0,71,0,0,59,2,61,35,12,83,2,132,102,0,102,234
12/17/2011,ISP,NY,AEA,EN,Towers with Radar,38,7,28,0,73,0,0,181,0,181,38,7,209,0,254,230,0,230,484
12/18/2011,ISP,NY,AEA,EN,Towers with Radar,38,10,35,0,83,0,0,142,0,142,38,10,177,0,225,152,0,152,377
12/19/2011,ISP,NY,AEA,EN,Towers with Radar,38,17,29,0,84,0,1,73,0,74,38,18,102,0,158,186,0,186,344
12/20/2011,ISP,NY,AEA,EN,Towers with Radar,34,19,28,0,81,0,1,108,1,110,34,20,136,1,191,162,0,162,353
12/21/2011,ISP,NY,AEA,EN,Towers with Radar,35,17,28,0,80,0,0,5,0,5,35,17,33,0,85,0,0,0,85
12/22/2011,ISP,NY,AEA,EN,Towers with Radar,43,12,32,0,87,0,0,101,0,101,43,12,133,0,188,162,0,162,350
12/23/2011,ISP,NY,AEA,EN,Towers with Radar,44,16,22,0,82,0,0,49,0,49,44,16,71,0,131,144,0,144,275
12/24/2011,ISP,NY,AEA,EN,Towers with Radar,40,7,15,0,62,0,0,80,0,80,40,7,95,0,142,146,0,146,288
12/25/2011,ISP,NY,AEA,EN,Towers with Radar,33,4,15,0,52,0,0,19,0,19,33,4,34,0,71,6,0,6,77
12/26/2011,ISP,NY,AEA,EN,Towers with Radar,41,19,31,0,91,0,0,47,0,47,41,19,78,0,138,64,0,64,202
12/27/2011,ISP,NY,AEA,EN,Towers with Radar,46,13,10,0,69,0,0,61,0,61,46,13,71,0,130,90,0,90,220
12/28/2011,ISP,NY,AEA,EN,Towers with Radar,49,13,6,0,68,0,0,34,0,34,49,13,40,0,102,72,0,72,174
12/29/2011,ISP,NY,AEA,EN,Towers with Radar,38,13,20,0,71,0,0,145,0,145,38,13,165,0,216,250,0,250,466
12/30/2011,ISP,NY,AEA,EN,Towers with Radar,45,20,30,0,95,0,1,127,0,128,45,21,157,0,223,196,0,196,419
12/31/2011,ISP,NY,AEA,EN,Towers with Radar,40,8,32,0,80,0,0,70,0,70,40,8,102,0,150,200,0,200,350
01/01/2012,ISP,NY,AEA,EN,Towers with Radar,35,17,31,0,83,0,0,79,0,79,35,17,110,0,162,128,0,128,290
01/02/2012,ISP,NY,AEA,EN,Towers with Radar,44,20,31,0,95,0,1,47,0,48,44,21,78,0,143,68,0,68,211
01/03/2012,ISP,NY,AEA,EN,Towers with Radar,34,19,14,0,67,0,1,53,9,63,34,20,67,9,130,34,44,78,208
01/04/2012,ISP,NY,AEA,EN,Towers with Radar,36,10,27,1,74,0,0,82,4,86,36,10,109,5,160,196,14,210,370
01/05/2012,ISP,NY,AEA,EN,Towers with Radar,34,12,24,5,75,0,0,94,7,101,34,12,118,12,176,238,22,260,436
01/06/2012,ISP,NY,AEA,EN,Towers with Radar,38,15,29,1,83,0,0,131,1,132,38,15,160,2,215,228,0,228,443
01/07/2012,ISP,NY,AEA,EN,Towers with Radar,42,7,29,0,78,0,0,180,0,180,42,7,209,0,258,291,0,291,549
01/08/2012,ISP,NY,AEA,EN,Towers with Radar,29,6,26,0,61,0,0,144,1,145,29,6,170,1,206,212,0,212,418
01/09/2012,ISP,NY,AEA,EN,Towers with Radar,32,9,26,0,67,0,1,87,0,88,32,10,113,0,155,228,0,228,383
01/10/2012,ISP,NY,AEA,EN,Towers with Radar,30,8,33,2,73,0,0,87,5,92,30,8,120,7,165,94,24,118,283
01/11/2012,ISP,NY,AEA,EN,Towers with Radar,34,10,32,0,76,0,0,114,8,122,34,10,146,8,198,204,2,206,404
01/12/2012,ISP,NY,AEA,EN,Towers with Radar,27,8,19,0,54,0,0,2,0,2,27,8,21,0,56,0,0,0,56
01/13/2012,ISP,NY,AEA,EN,Towers with Radar,31,10,13,4,58,0,0,12,1,13,31,10,25,5,71,2,28,30,101
01/14/2012,ISP,NY,AEA,EN,Towers with Radar,29,9,21,0,59,0,1,89,0,90,29,10,110,0,149,146,0,146,295
01/15/2012,ISP,NY,AEA,EN,Towers with Radar,28,11,15,0,54,0,0,70,0,70,28,11,85,0,124,120,0,120,244
01/16/2012,ISP,NY,AEA,EN,Towers with Radar,33,11,26,0,70,0,0,143,1,144,33,11,169,1,214,206,0,206,420
01/17/2012,ISP,NY,AEA,EN,Towers with Radar,30,8,18,0,56,0,3,5,1,9,30,11,23,1,65,30,0,30,95
01/18/2012,ISP,NY,AEA,EN,Towers with Radar,27,21,16,1,65,0,1,39,8,48,27,22,55,9,113,30,0,30,143
01/19/2012,ISP,NY,AEA,EN,Towers with Radar,33,9,47,9,98,0,0,92,2,94,33,9,139,11,192,306,20,326,518
01/20/2012,ISP,NY,AEA,EN,Towers with Radar,31,9,33,2,75,0,0,117,1,118,31,9,150,3,193,200,14,214,407
01/21/2012,ISP,NY,AEA,EN,Towers with Radar,28,7,2,0,37,0,0,0,0,0,28,7,2,0,37,0,0,0,37
01/22/2012,ISP,NY,AEA,EN,Towers with Radar,30,13,16,0,59,0,0,54,0,54,30,13,70,0,113,290,0,290,403
01/23/2012,ISP,NY,AEA,EN,Towers with Radar,45,5,20,0,70,0,0,2,0,2,45,5,22,0,72,4,0,4,76
01/24/2012,ISP,NY,AEA,EN,Towers with Radar,33,8,35,0,76,0,0,114,5,119,33,8,149,5,195,236,22,258,453
01/25/2012,ISP,NY,AEA,EN,Towers with Radar,31,12,41,0,84,0,4,140,13,157,31,16,181,13,241,176,32,208,449
01/26/2012,ISP,NY,AEA,EN,Towers with Radar,34,17,22,0,73,0,0,61,0,61,34,17,83,0,134,90,16,106,240
01/27/2012,ISP,NY,AEA,EN,Towers with Radar,30,13,34,5,82,0,0,6,0,6,30,13,40,5,88,0,20,20,108
01/28/2012,ISP,NY,AEA,EN,Towers with Radar,29,8,45,0,82,0,0,178,15,193,29,8,223,15,275,266,8,274,549
01/29/2012,ISP,NY,AEA,EN,Towers with Radar,29,13,49,1,92,0,0,157,7,164,29,13,206,8,256,318,14,332,588
01/30/2012,ISP,NY,AEA,EN,Towers with Radar,32,8,37,0,77,0,0,92,0,92,32,8,129,0,169,214,0,214,383
01/31/2012,ISP,NY,AEA,EN,Towers with Radar,33,11,22,15,81,0,0,112,3,115,33,11,134,18,196,140,30,170,366
02/01/2012,ISP,NY,AEA,EN,Towers with Radar,30,13,45,0,88,0,1,91,3,95,30,14,136,3,183,142,0,142,325
02/02/2012,ISP,NY,AEA,EN,Towers with Radar,32,14,26,10,82,0,3,97,6,106,32,17,123,16,188,158,16,174,362
02/03/2012,ISP,NY,AEA,EN,Towers with Radar,38,14,31,0,83,0,1,132,1,134,38,15,163,1,217,120,22,142,359
02/04/2012,ISP,NY,AEA,EN,Towers with Radar,28,8,41,0,77,0,0,189,0,189,28,8,230,0,266,254,0,254,520
02/05/2012,ISP,NY,AEA,EN,Towers with Radar,29,15,42,0,86,0,0,181,0,181,29,15,223,0,267,310,0,310,577
02/06/2012,ISP,NY,AEA,EN,Towers with Radar,37,12,56,1,106,0,1,120,2,123,37,13,176,3,229,296,0,296,525
02/07/2012,ISP,NY,AEA,EN,Towers with Radar,32,9,38,3,82,0,0,114,7,121,32,9,152,10,203,258,0,258,461
02/08/2012,ISP,NY,AEA,EN,Towers with Radar,31,7,35,1,74,0,0,78,1,79,31,7,113,2,153,178,0,178,331
02/09/2012,ISP,NY,AEA,EN,Towers with Radar,33,22,43,0,98,0,0,97,3,100,33,22,140,3,198,286,0,286,484
02/10/2012,ISP,NY,AEA,EN,Towers with Radar,33,12,45,1,91,0,0,153,0,153,33,12,198,1,244,257,0,257,501
02/11/2012,ISP,NY,AEA,EN,Towers with Radar,31,6,5,0,42,0,0,12,0,12,31,6,17,0,54,52,0,52,106
02/12/2012,ISP,NY,AEA,EN,Towers with Radar,39,10,10,0,59,0,0,35,0,35,39,10,45,0,94,46,0,46,140
02/13/2012,ISP,NY,AEA,EN,Towers with Radar,42,10,33,1,86,0,1,115,6,122,42,11,148,7,208,180,12,192,400
02/14/2012,ISP,NY,AEA,EN,Towers with Radar,37,12,29,3,81,0,0,123,5,128,37,12,152,8,209,216,0,216,425
02/15/2012,ISP,NY,AEA,EN,Towers with Radar,40,12,23,0,75,0,0,76,4,80,40,12,99,4,155,86,0,86,241
02/16/2012,ISP,NY,AEA,EN,Towers with Radar,39,16,34,3,92,0,0,56,8,64,39,16,90,11,156,146,12,158,314
02/17/2012,ISP,NY,AEA,EN,Towers with Radar,41,13,56,2,112,0,0,112,12,124,41,13,168,14,236,232,0,232,468
02/18/2012,ISP,NY,AEA,EN,Towers with Radar,37,8,45,0,90,0,0,183,0,183,37,8,228,0,273,280,0,280,553
02/19/2012,ISP,NY,AEA,EN,Towers with Radar,38,10,26,0,74,0,0,159,0,159,38,10,185,0,233,220,0,220,453
02/20/2012,ISP,NY,AEA,EN,Towers with Radar,39,10,40,0,89,0,1,117,0,118,39,11,157,0,207,198,0,198,405
02/21/2012,ISP,NY,AEA,EN,Towers with Radar,40,14,40,3,97,0,2,122,12,136,40,16,162,15,233,138,0,138,371
02/22/2012,ISP,NY,AEA,EN,Towers with Radar,38,11,47,2,98,0,1,130,3,134,38,12,177,5,232,242,0,242,474
02/23/2012,ISP,NY,AEA,EN,Towers with Radar,37,9,32,2,80,0,0,98,7,105,37,9,130,9,185,234,36,270,455
02/24/2012,ISP,NY,AEA,EN,Towers with Radar,47,10,41,0,98,0,0,10,0,10,47,10,51,0,108,4,0,4,112
02/25/2012,ISP,NY,AEA,EN,Towers with Radar,36,10,11,0,57,0,0,9,4,13,36,10,20,4,70,0,0,0,70
02/26/2012,ISP,NY,AEA,EN,Towers with Radar,40,12,55,0,107,0,3,147,0,150,40,15,202,0,257,238,10,248,505
02/27/2012,ISP,NY,AEA,EN,Towers with Radar,43,15,31,0,89,0,3,106,3,112,43,18,137,3,201,170,14,184,385
02/28/2012,ISP,NY,AEA,EN,Towers with Radar,38,14,37,9,98,0,0,129,12,141,38,14,166,21,239,248,36,284,523
02/29/2012,ISP,NY,AEA,EN,Towers with Radar,42,14,29,1,86,0,0,31,6,37,42,14,60,7,123,80,24,104,227
03/01/2012,ISP,NY,AEA,EN,Towers with Radar,46,12,23,0,81,0,0,10,1,11,46,12,33,1,92,16,0,16,108
03/02/2012,ISP,NY,AEA,EN,Towers with Radar,47,16,39,3,105,0,3,62,5,70,47,19,101,8,175,248,0,248,423
03/03/2012,ISP,NY,AEA,EN,Towers with Radar,38,6,13,0,57,0,0,36,0,36,38,6,49,0,93,74,0,74,167
03/04/2012,ISP,NY,AEA,EN,Towers with Radar,41,8,49,0,98,0,2,186,0,188,41,10,235,0,286,276,0,276,562
03/05/2012,ISP,NY,AEA,EN,Towers with Radar,38,14,26,3,81,0,0,134,2,136,38,14,160,5,217,266,0,266,483
03/06/2012,ISP,NY,AEA,EN,Towers with Radar,39,8,51,1,99,0,0,162,7,169,39,8,213,8,268,318,0,318,586
03/07/2012,ISP,NY,AEA,EN,Towers with Radar,38,11,35,1,85,0,1,130,4,135,38,12,165,5,220,242,0,242,462
03/08/2012,ISP,NY,AEA,EN,Towers with Radar,37,14,32,0,83,0,0,43,0,43,37,14,75,0,126,58,0,58,184
03/09/2012,ISP,NY,AEA,EN,Towers with Radar,38,10,43,3,94,0,0,135,5,140,38,10,178,8,234,334,8,342,576
03/10/2012,ISP,NY,AEA,EN,Towers with Radar,34,12,37,0,83,0,0,194,5,199,34,12,231,5,282,330,10,340,622
03/11/2012,ISP,NY,AEA,EN,Towers with Radar,38,15,49,2,104,0,0,179,10,189,38,15,228,12,293,236,46,282,575
03/12/2012,ISP,NY,AEA,EN,Towers with Radar,40,14,47,0,101,0,0,138,3,141,40,14,185,3,242,360,0,360,602
03/13/2012,ISP,NY,AEA,EN,Towers with Radar,40,17,34,0,91,0,0,34,13,47,40,17,68,13,138,108,24,132,270
03/14/2012,ISP,NY,AEA,EN,Towers with Radar,38,12,62,2,114,0,0,174,5,179,38,12,236,7,293,382,0,382,675
03/15/2012,ISP,NY,AEA,EN,Towers with Radar,38,8,61,0,107,0,0,27,2,29,38,8,88,2,136,80,48,128,264
03/16/2012,ISP,NY,AEA,EN,Towers with Radar,42,14,74,2,132,0,0,6,0,6,42,14,80,2,138,50,0,50,188
03/17/2012,ISP,NY,AEA,EN,Towers with Radar,34,12,37,0,83,0,1,171,0,172,34,13,208,0,255,414,0,414,669
03/18/2012,ISP,NY,AEA,EN,Towers with Radar,37,12,68,0,117,0,0,131,0,131,37,12,199,0,248,204,0,204,452
03/19/2012,ISP,NY,AEA,EN,Towers with Radar,42,18,34,3,97,0,0,143,1,144,42,18,177,4,241,282,20,302,543
03/20/2012,ISP,NY,AEA,EN,Towers with Radar,41,11,39,4,95,0,1,92,5,98,41,12,131,9,193,178,0,178,371
03/21/2012,ISP,NY,AEA,EN,Towers with Radar,39,11,56,0,106,0,1,44,6,51,39,12,100,6,157,119,1,120,277
03/22/2012,ISP,NY,AEA,EN,Towers with Radar,48,13,33,4,98,0,0,91,4,95,48,13,124,8,193,133,16,149,342
03/23/2012,ISP,NY,AEA,EN,Towers with Radar,45,13,72,1,131,0,2,270,10,282,45,15,342,11,413,335,0,335,748
03/24/2012,ISP,NY,AEA,EN,Towers with Radar,40,7,37,0,84,0,0,173,2,175,40,7,210,2,259,284,25,309,568
03/25/2012,ISP,NY,AEA,EN,Towers with Radar,43,15,48,0,106,0,0,24,0,24,43,15,72,0,130,130,0,130,260
03/26/2012,ISP,NY,AEA,EN,Towers with Radar,37,14,9,0,60,0,1,33,0,34,37,15,42,0,94,68,0,68,162
03/27/2012,ISP,NY,AEA,EN,Towers with Radar,43,17,19,4,83,0,0,98,12,110,43,17,117,16,193,238,94,332,525
03/28/2012,ISP,NY,AEA,EN,Towers with Radar,39,17,44,2,102,0,0,119,5,124,39,17,163,7,226,242,8,250,476
03/29/2012,ISP,NY,AEA,EN,Towers with Radar,38,17,39,0,94,0,0,99,8,107,38,17,138,8,201,200,4,204,405
03/30/2012,ISP,NY,AEA,EN,Towers with Radar,42,18,66,0,126,0,0,188,0,188,42,18,254,0,314,318,0,318,632
03/31/2012,ISP,NY,AEA,EN,Towers with Radar,35,11,18,0,64,0,0,6,0,6,35,11,24,0,70,22,0,22,92
04/01/2012,ISP,NY,AEA,EN,Towers with Radar,38,14,34,0,86,0,0,140,0,140,38,14,174,0,226,350,0,350,576
04/02/2012,ISP,NY,AEA,EN,Towers with Radar,35,19,19,0,73,0,1,41,4,46,35,20,60,4,119,100,28,128,247
04/03/2012,ISP,NY,AEA,EN,Towers with Radar,46,24,52,1,123,0,2,163,13,178,46,26,215,14,301,263,24,287,588
04/04/2012,ISP,NY,AEA,EN,Towers with Radar,47,20,48,5,120,0,0,180,5,185,47,20,228,10,305,264,18,282,587
04/05/2012,ISP,NY,AEA,EN,Towers with Radar,39,18,45,0,102,0,2,195,12,209,39,20,240,12,311,328,34,362,673
04/06/2012,ISP,NY,AEA,EN,Towers with Radar,41,18,56,1,116,0,0,230,1,231,41,18,286,2,347,346,12,358,705
04/07/2012,ISP,NY,AEA,EN,Towers with Radar,39,13,35,0,87,0,1,181,1,183,39,14,216,1,270,244,0,244,514
04/08/2012,ISP,NY,AEA,EN,Towers with Radar,39,16,28,0,83,0,0,90,0,90,39,16,118,0,173,132,0,132,305
04/09/2012,ISP,NY,AEA,EN,Towers with Radar,42,23,18,0,83,0,2,59,0,61,42,25,77,0,144,58,0,58,202
04/10/2012,ISP,NY,AEA,EN,Towers with Radar,36,17,45,2,100,0,1,144,8,153,36,18,189,10,253,272,8,280,533
04/11/2012,ISP,NY,AEA,EN,Towers with Radar,41,20,46,1,108,0,1,142,8,151,41,21,188,9,259,300,14,314,573
04/12/2012,ISP,NY,AEA,EN,Towers with Radar,36,12,38,4,90,0,0,113,4,117,36,12,151,8,207,250,0,250,457
04/13/2012,ISP,NY,AEA,EN,Towers with Radar,48,18,51,2,119,0,1,248,12,261,48,19,299,14,380,308,28,336,716
04/14/2012,ISP,NY,AEA,EN,Towers with Radar,35,20,41,3,99,0,1,197,2,200,35,21,238,5,299,340,0,340,639
04/15/2012,ISP,NY,AEA,EN,Towers with Radar,33,20,48,0,101,0,0,125,3,128,33,20,173,3,229,346,18,364,593
04/16/2012,ISP,NY,AEA,EN,Towers with Radar,39,19,40,1,99,0,1,147,5,153,39,20,187,6,252,253,10,263,515
04/17/2012,ISP,NY,AEA,EN,Towers with Radar,35,17,35,2,89,0,1,158,8,167,35,18,193,10,256,264,0,264,520
04/18/2012,ISP,NY,AEA,EN,Towers with Radar,37,17,36,0,90,0,0,136,2,138,37,17,172,2,228,242,0,242,470
04/19/2012,ISP,NY,AEA,EN,Towers with Radar,34,25,44,3,106,0,1,133,1,135,34,26,177,4,241,410,6,416,657
04/20/2012,ISP,NY,AEA,EN,Towers with Radar,41,20,71,0,132,0,1,195,1,197,41,21,266,1,329,344,0,344,673
04/21/2012,ISP,NY,AEA,EN,Towers with Radar,38,12,49,2,101,0,0,79,3,82,38,12,128,5,183,190,2,192,375
04/22/2012,ISP,NY,AEA,EN,Towers with Radar,31,15,39,0,85,0,0,10,2,12,31,15,49,2,97,56,12,68,165
04/23/2012,ISP,NY,AEA,EN,Towers with Radar,39,20,19,0,78,0,0,24,0,24,39,20,43,0,102,82,0,82,184
04/24/2012,ISP,NY,AEA,EN,Towers with Radar,42,18,27,2,89,0,0,61,4,65,42,18,88,6,154,96,0,96,250
04/25/2012,ISP,NY,AEA,EN,Towers with Radar,42,15,71,0,128,0,0,196,0,196,42,15,267,0,324,394,0,394,718
04/26/2012,ISP,NY,AEA,EN,Towers with Radar,35,21,50,0,106,0,0,57,2,59,35,21,107,2,165,210,4,214,379
04/27/2012,ISP,NY,AEA,EN,Towers with Radar,35,21,33,1,90,0,1,55,8,64,35,22,88,9,154,35,0,35,189
04/28/2012,ISP,NY,AEA,EN,Towers with Radar,37,12,43,0,92,0,1,189,1,191,37,13,232,1,283,344,0,344,627
04/29/2012,ISP,NY,AEA,EN,Towers with Radar,33,17,55,0,105,0,1,210,0,211,33,18,265,0,316,314,2,316,632
04/30/2012,ISP,NY,AEA,EN,Towers with Radar,37,15,33,2,87,0,0,183,6,189,37,15,216,8,276,316,4,320,596
05/01/2012,ISP,NY,AEA,EN,Towers with Radar,36,14,28,0,78,0,1,35,5,41,36,15,63,5,119,152,0,152,271
05/02/2012,ISP,NY,AEA,EN,Towers with Radar,36,16,79,0,131,0,0,19,5,24,36,16,98,5,155,66,0,66,221
05/03/2012,ISP,NY,AEA,EN,Towers with Radar,37,17,44,0,98,0,0,3,0,3,37,17,47,0,101,6,0,6,107
05/04/2012,ISP,NY,AEA,EN,Towers with Radar,36,17,51,0,104,0,0,39,0,39,36,17,90,0,143,272,0,272,415
05/05/2012,ISP,NY,AEA,EN,Towers with Radar,34,15,51,0,100,0,0,4,0,4,34,15,55,0,104,0,0,0,104
05/06/2012,ISP,NY,AEA,EN,Towers with Radar,41,19,48,0,108,0,1,153,0,154,41,20,201,0,262,352,0,352,614
05/07/2012,ISP,NY,AEA,EN,Towers with Radar,34,14,83,0,131,0,0,169,0,169,34,14,252,0,300,340,0,340,640
05/08/2012,ISP,NY,AEA,EN,Towers with Radar,37,17,32,0,86,0,0,55,2,57,37,17,87,2,143,68,4,72,215
05/09/2012,ISP,NY,AEA,EN,Towers with Radar,43,18,31,0,92,0,0,0,0,0,43,18,31,0,92,0,0,0,92
05/10/2012,ISP,NY,AEA,EN,Towers with Radar,42,20,59,1,122,0,1,122,6,129,42,21,181,7,251,158,20,178,429
05/11/2012,ISP,NY,AEA,EN,Towers with Radar,39,16,44,1,100,0,0,172,6,178,39,16,216,7,278,238,8,246,524
05/12/2012,ISP,NY,AEA,EN,Towers with Radar,35,12,31,0,78,0,0,219,0,219,35,12,250,0,297,390,0,390,687
05/13/2012,ISP,NY,AEA,EN,Towers with Radar,33,9,16,0,58,0,0,162,0,162,33,9,178,0,220,260,0,260,480
05/14/2012,ISP,NY,AEA,EN,Towers with Radar,38,14,47,1,100,0,0,137,5,142,38,14,184,6,242,202,6,208,450
05/15/2012,ISP,NY,AEA,EN,Towers with Radar,38,14,22,0,74,0,0,30,0,30,38,14,52,0,104,64,0,64,168
05/16/2012,ISP,NY,AEA,EN,Towers with Radar,34,19,43,4,100,0,1,57,0,58,34,20,100,4,158,236,0,236,394
05/17/2012,ISP,NY,AEA,EN,Towers with Radar,38,17,37,3,95,0,2,189,11,202,38,19,226,14,297,322,20,342,639
05/18/2012,ISP,NY,AEA,EN,Towers with Radar,41,18,32,2,93,0,0,203,7,210,41,18,235,9,303,318,4,322,625
05/19/2012,ISP,NY,AEA,EN,Towers with Radar,35,16,10,2,63,0,0,196,8,204,35,16,206,10,267,374,0,374,641
05/20/2012,ISP,NY,AEA,EN,Towers with Radar,32,8,48,0,88,0,1,200,0,201,32,9,248,0,289,372,0,372,661
05/21/2012,ISP,NY,AEA,EN,Towers with Radar,37,19,33,0,89,0,0,0,0,0,37,19,33,0,89,4,0,4,93
05/22/2012,ISP,NY,AEA,EN,Towers with Radar,38,18,27,2,85,0,0,16,0,16,38,18,43,2,101,57,0,57,158
05/23/2012,ISP,NY,AEA,EN,Towers with Radar,35,20,35,2,92,0,1,37,3,41,35,21,72,5,133,286,0,286,419
05/24/2012,ISP,NY,AEA,EN,Towers with Radar,36,27,53,3,119,0,0,44,4,48,36,27,97,7,167,230,6,236,403
05/25/2012,ISP,NY,AEA,EN,Towers with Radar,37,19,45,0,101,0,0,5,0,5,37,19,50,0,106,12,0,12,118
05/26/2012,ISP,NY,AEA,EN,Towers with Radar,28,17,37,0,82,0,0,130,2,132,28,17,167,2,214,312,0,312,526
05/27/2012,ISP,NY,AEA,EN,Towers with Radar,28,25,27,0,80,0,0,119,5,124,28,25,146,5,204,288,12,300,504
05/28/2012,ISP,NY,AEA,EN,Towers with Radar,33,17,46,0,96,0,0,118,0,118,33,17,164,0,214,232,0,232,446
05/29/2012,ISP,NY,AEA,EN,Towers with Radar,32,17,55,1,105,0,0,169,0,169,32,17,224,1,274,340,0,340,614
05/30/2012,ISP,NY,AEA,EN,Towers with Radar,42,17,69,0,128,0,0,151,13,164,42,17,220,13,292,360,20,380,672
05/31/2012,ISP,NY,AEA,EN,Towers with Radar,35,19,67,1,122,0,2,215,6,223,35,21,282,7,345,350,0,350,695
06/01/2012,ISP,NY,AEA,EN,Towers with Radar,34,17,27,4,82,0,4,127,11,142,34,21,154,15,224,152,44,196,420
06/02/2012,ISP,NY,AEA,EN,Towers with Radar,36,13,39,0,88,0,0,66,1,67,36,13,105,1,155,176,0,176,331
06/03/2012,ISP,NY,AEA,EN,Towers with Radar,31,19,33,3,86,0,0,182,0,182,31,19,215,3,268,252,0,252,520
06/04/2012,ISP,NY,AEA,EN,Towers with Radar,31,13,57,0,101,0,0,78,5,83,31,13,135,5,184,246,24,270,454
06/05/2012,ISP,NY,AEA,EN,Towers with Radar,33,17,52,1,103,0,4,111,5,120,33,21,163,6,223,236,16,252,475
06/06/2012,ISP,NY,AEA,EN,Towers with Radar,34,22,70,2,128,0,2,163,2,167,34,24,233,4,295,316,0,316,611
06/07/2012,ISP,NY,AEA,EN,Towers with Radar,31,14,57,1,103,0,0,174,3,177,31,14,231,4,280,230,28,258,538
06/08/2012,ISP,NY,AEA,EN,Towers with Radar,32,18,54,0,104,0,0,171,9,180,32,18,225,9,284,286,2,288,572
06/09/2012,ISP,NY,AEA,EN,Towers with Radar,31,18,33,0,82,0,0,172,1,173,31,18,205,1,255,305,0,305,560
06/10/2012,ISP,NY,AEA,EN,Towers with Radar,30,14,35,0,79,0,0,197,2,199,30,14,232,2,278,254,0,254,532
06/11/2012,ISP,NY,AEA,EN,Towers with Radar,34,19,47,2,102,0,1,124,7,132,34,20,171,9,234,288,0,288,522
06/12/2012,ISP,NY,AEA,EN,Towers with Radar,34,25,43,3,105,0,0,65,0,65,34,25,108,3,170,112,0,112,282
06/13/2012,ISP,NY,AEA,EN,Towers with Radar,37,23,53,0,113,0,0,4,0,4,37,23,57,0,117,24,0,24,141
06/14/2012,ISP,NY,AEA,EN,Towers with Radar,29,20,56,3,108,0,1,125,4,130,29,21,181,7,238,310,0,310,548
06/15/2012,ISP,NY,AEA,EN,Towers with Radar,32,17,40,1,90,0,0,200,5,205,32,17,240,6,295,256,0,256,551
06/16/2012,ISP,NY,AEA,EN,Towers with Radar,29,18,42,0,89,0,0,233,0,233,29,18,275,0,322,328,0,328,650
06/17/2012,ISP,NY,AEA,EN,Towers with Radar,30,19,21,0,70,0,1,120,0,121,30,20,141,0,191,220,0,220,411
06/18/2012,ISP,NY,AEA,EN,Towers with Radar,33,16,55,0,104,0,0,127,7,134,33,16,182,7,238,256,0,256,494
06/19/2012,ISP,NY,AEA,EN,Towers with Radar,30,15,46,2,93,0,0,77,9,86,30,15,123,11,179,216,0,216,395
06/20/2012,ISP,NY,AEA,EN,Towers with Radar,34,19,43,2,98,0,1,146,4,151,34,20,189,6,249,308,0,308,557
06/21/2012,ISP,NY,AEA,EN,Towers with Radar,33,22,34,3,92,0,0,138,8,146,33,22,172,11,238,196,0,196,434
06/22/2012,ISP,NY,AEA,EN,Towers with Radar,26,14,41,0,81,0,0,105,3,108,26,14,146,3,189,108,2,110,299
06/23/2012,ISP,NY,AEA,EN,Towers with Radar,28,12,23,0,63,0,0,163,0,163,28,12,186,0,226,220,0,220,446
06/24/2012,ISP,NY,AEA,EN,Towers with Radar,31,20,29,0,80,0,3,176,0,179,31,23,205,0,259,410,0,410,669
06/25/2012,ISP,NY,AEA,EN,Towers with Radar,31,16,22,1,70,0,1,48,4,53,31,17,70,5,123,128,0,128,251
06/26/2012,ISP,NY,AEA,EN,Towers with Radar,33,21,42,2,98,0,1,86,6,93,33,22,128,8,191,203,34,237,428
06/27/2012,ISP,NY,AEA,EN,Towers with Radar,33,20,40,0,93,0,0,154,8,162,33,20,194,8,255,234,0,234,489
06/28/2012,ISP,NY,AEA,EN,Towers with Radar,32,15,35,3,85,0,0,141,3,144,32,15,176,6,229,244,4,248,477
06/29/2012,ISP,NY,AEA,EN,Towers with Radar,31,20,38,3,92,0,0,141,2,143,31,20,179,5,235,282,0,282,517
06/30/2012,ISP,NY,AEA,EN,Towers with Radar,35,18,57,0,110,0,0,188,0,188,35,18,245,0,298,346,0,346,644
07/01/2012,ISP,NY,AEA,EN,Towers with Radar,32,20,46,0,98,0,1,181,0,182,32,21,227,0,280,228,0,228,508
07/02/2012,ISP,NY,AEA,EN,Towers with Radar,31,17,29,0,77,0,0,153,5,158,31,17,182,5,235,234,8,242,477
07/03/2012,ISP,NY,AEA,EN,Towers with Radar,29,15,31,0,75,0,2,183,4,189,29,17,214,4,264,258,6,264,528
07/04/2012,ISP,NY,AEA,EN,Towers with Radar,39,17,22,0,78,0,0,96,1,97,39,17,118,1,175,102,0,102,277
07/05/2012,ISP,NY,AEA,EN,Towers with Radar,33,14,31,0,78,0,1,117,0,118,33,15,148,0,196,118,0,118,314
07/06/2012,ISP,NY,AEA,EN,Towers with Radar,32,19,46,0,97,0,3,176,5,184,32,22,222,5,281,240,0,240,521
07/07/2012,ISP,NY,AEA,EN,Towers with Radar,31,10,23,0,64,0,0,112,0,112,31,10,135,0,176,224,0,224,400
07/08/2012,ISP,NY,AEA,EN,Towers with Radar,31,16,40,0,87,0,2,164,2,168,31,18,204,2,255,324,0,324,579
07/09/2012,ISP,NY,AEA,EN,Towers with Radar,31,19,45,0,95,0,5,112,2,119,31,24,157,2,214,304,0,304,518
07/10/2012,ISP,NY,AEA,EN,Towers with Radar,33,17,40,2,92,0,2,142,5,149,33,19,182,7,241,282,0,282,523
07/11/2012,ISP,NY,AEA,EN,Towers with Radar,31,18,29,2,80,0,0,147,2,149,31,18,176,4,229,262,0,262,491
07/12/2012,ISP,NY,AEA,EN,Towers with Radar,32,15,43,0,90,0,1,136,5,142,32,16,179,5,232,200,12,212,444
07/13/2012,ISP,NY,AEA,EN,Towers with Radar,30,16,45,0,91,0,3,142,2,147,30,19,187,2,238,196,0,196,434
07/14/2012,ISP,NY,AEA,EN,Towers with Radar,30,10,46,0,86,0,2,183,2,187,30,12,229,2,273,282,0,282,555
07/15/2012,ISP,NY,AEA,EN,Towers with Radar,26,14,52,0,92,0,0,79,0,79,26,14,131,0,171,272,0,272,443
07/16/2012,ISP,NY,AEA,EN,Towers with Radar,32,11,20,0,63,0,0,131,5,136,32,11,151,5,199,282,0,282,481
07/17/2012,ISP,NY,AEA,EN,Towers with Radar,32,16,42,0,90,0,1,137,4,142,32,17,179,4,232,318,0,318,550
07/18/2012,ISP,NY,AEA,EN,Towers with Radar,31,11,27,0,69,0,1,84,2,87,31,12,111,2,156,146,0,146,302
07/19/2012,ISP,NY,AEA,EN,Towers with Radar,28,17,37,0,82,0,1,108,2,111,28,18,145,2,193,236,0,236,429
07/20/2012,ISP,NY,AEA,EN,Towers with Radar,28,17,64,2,111,0,1,20,0,21,28,18,84,2,132,42,0,42,174
07/21/2012,ISP,NY,AEA,EN,Towers with Radar,29,10,35,0,74,0,2,170,2,174,29,12,205,2,248,292,0,292,540
07/22/2012,ISP,NY,AEA,EN,Towers with Radar,30,13,47,0,90,0,0,227,0,227,30,13,274,0,317,298,0,298,615
07/23/2012,ISP,NY,AEA,EN,Towers with Radar,33,18,32,0,83,0,7,78,4,89,33,25,110,4,172,228,0,228,400
07/24/2012,ISP,NY,AEA,EN,Towers with Radar,34,20,38,0,92,0,0,127,6,133,34,20,165,6,225,238,12,250,475
07/25/2012,ISP,NY,AEA,EN,Towers with Radar,33,14,49,0,96,0,1,202,0,203,33,15,251,0,299,284,0,284,583
07/26/2012,ISP,NY,AEA,EN,Towers with Radar,27,19,23,1,70,0,2,40,0,42,27,21,63,1,112,88,0,88,200
07/27/2012,ISP,NY,AEA,EN,Towers with Radar,31,17,53,3,104,0,2,158,1,161,31,19,211,4,265,294,0,294,559
07/28/2012,ISP,NY,AEA,EN,Towers with Radar,32,12,38,0,82,0,0,13,0,13,32,12,51,0,95,20,0,20,115
07/29/2012,ISP,NY,AEA,EN,Towers with Radar,31,17,70,1,119,0,2,65,1,68,31,19,135,2,187,228,0,228,415
07/30/2012,ISP,NY,AEA,EN,Towers with Radar,32,17,54,0,103,0,0,131,4,135,32,17,185,4,238,296,14,310,548
07/31/2012,ISP,NY,AEA,EN,Towers with Radar,34,17,46,0,97,0,1,126,8,135,34,18,172,8,232,372,22,394,626
08/01/2012,ISP,NY,AEA,EN,Towers with Radar,31,14,43,3,91,0,2,89,3,94,31,16,132,6,185,248,2,250,435
08/02/2012,ISP,NY,AEA,EN,Towers with Radar,31,16,52,0,99,0,2,155,5,162,31,18,207,5,261,306,0,306,567
08/03/2012,ISP,NY,AEA,EN,Towers with Radar,34,19,49,2,104,0,3,144,5,152,34,22,193,7,256,228,0,228,484
08/04/2012,ISP,NY,AEA,EN,Towers with Radar,28,16,72,0,116,0,1,87,0,88,28,17,159,0,204,188,0,188,392
08/05/2012,ISP,NY,AEA,EN,Towers with Radar,31,16,49,2,98,0,1,50,2,53,31,17,99,4,151,118,2,120,271
08/06/2012,ISP,NY,AEA,EN,Towers with Radar,30,27,48,0,105,0,2,109,2,113,30,29,157,2,218,174,0,174,392
08/07/2012,ISP,NY,AEA,EN,Towers with Radar,32,14,46,0,92,0,2,165,7,174,32,16,211,7,266,332,30,362,628
08/08/2012,ISP,NY,AEA,EN,Towers with Radar,34,16,54,0,104,0,1,139,0,140,34,17,193,0,244,370,2,372,616
08/09/2012,ISP,NY,AEA,EN,Towers with Radar,29,12,49,0,90,0,1,121,4,126,29,13,170,4,216,244,0,244,460
08/10/2012,ISP,NY,AEA,EN,Towers with Radar,26,14,51,0,91,0,2,23,1,26,26,16,74,1,117,90,0,90,207
08/11/2012,ISP,NY,AEA,EN,Towers with Radar,29,14,25,0,68,0,0,35,1,36,29,14,60,1,104,84,0,84,188
08/12/2012,ISP,NY,AEA,EN,Towers with Radar,29,21,54,2,106,0,0,184,5,189,29,21,238,7,295,320,0,320,615
08/13/2012,ISP,NY,AEA,EN,Towers with Radar,31,18,42,3,94,0,2,161,5,168,31,20,203,8,262,282,0,282,544
08/14/2012,ISP,NY,AEA,EN,Towers with Radar,31,11,47,0,89,0,2,138,10,150,31,13,185,10,239,258,38,296,535
08/15/2012,ISP,NY,AEA,EN,Towers with Radar,35,15,29,1,80,0,2,34,2,38,35,17,63,3,118,74,0,74,192
08/16/2012,ISP,NY,AEA,EN,Towers with Radar,33,22,56,4,115,0,6,186,9,201,33,28,242,13,316,214,18,232,548
08/17/2012,ISP,NY,AEA,EN,Towers with Radar,33,15,46,2,96,0,2,126,3,131,33,17,172,5,227,154,0,154,381
08/18/2012,ISP,NY,AEA,EN,Towers with Radar,28,17,27,0,72,0,1,94,1,96,28,18,121,1,168,142,0,142,310
08/19/2012,ISP,NY,AEA,EN,Towers with Radar,31,16,43,0,90,0,0,176,0,176,31,16,219,0,266,234,0,234,500
08/20/2012,ISP,NY,AEA,EN,Towers with Radar,33,13,30,4,80,0,0,140,2,142,33,13,170,6,222,182,0,182,404
08/21/2012,ISP,NY,AEA,EN,Towers with Radar,41,25,42,2,110,0,3,179,3,185,41,28,221,5,295,226,0,226,521
08/22/2012,ISP,NY,AEA,EN,Towers with Radar,34,16,43,1,94,0,3,182,3,188,34,19,225,4,282,232,0,232,514
08/23/2012,ISP,NY,AEA,EN,Towers with Radar,32,13,46,1,92,0,3,146,3,152,32,16,192,4,244,278,8,286,530
08/24/2012,ISP,NY,AEA,EN,Towers with Radar,54,28,53,4,139,0,7,271,1,279,54,35,324,5,418,228,0,228,646
08/25/2012,ISP,NY,AEA,EN,Towers with Radar,93,40,58,0,191,0,5,354,0,359,93,45,412,0,550,272,0,272,822
08/26/2012,ISP,NY,AEA,EN,Towers with Radar,44,39,82,0,165,0,3,345,2,350,44,42,427,2,515,216,0,216,731
08/27/2012,ISP,NY,AEA,EN,Towers with Radar,43,17,64,0,124,0,0,98,4,102,43,17,162,4,226,88,0,88,314
08/28/2012,ISP,NY,AEA,EN,Towers with Radar,32,16,28,2,78,0,2,81,8,91,32,18,109,10,169,142,0,142,311
08/29/2012,ISP,NY,AEA,EN,Towers with Radar,32,16,36,3,87,0,4,189,9,202,32,20,225,12,289,270,2,272,561
08/30/2012,ISP,NY,AEA,EN,Towers with Radar,32,18,46,0,96,0,4,142,2,148,32,22,188,2,244,118,0,118,362
08/31/2012,ISP,NY,AEA,EN,Towers with Radar,31,18,39,0,88,0,3,146,0,149,31,21,185,0,237,212,0,212,449
09/01/2012,ISP,NY,AEA,EN,Towers with Radar,21,11,28,0,60,0,0,182,0,182,21,11,210,0,242,326,0,326,568
09/02/2012,ISP,NY,AEA,EN,Towers with Radar,24,13,44,0,81,0,1,136,0,137,24,14,180,0,218,160,0,160,378
09/03/2012,ISP,NY,AEA,EN,Towers with Radar,26,20,47,0,93,0,2,151,0,153,26,22,198,0,246,180,0,180,426
09/04/2012,ISP,NY,AEA,EN,Towers with Radar,33,12,35,0,80,0,3,12,0,15,33,15,47,0,95,0,0,0,95
09/05/2012,ISP,NY,AEA,EN,Towers with Radar,37,21,33,0,91,0,4,42,0,46,37,25,75,0,137,60,0,60,197
09/06/2012,ISP,NY,AEA,EN,Towers with Radar,31,19,46,2,98,0,2,66,4,72,31,21,112,6,170,144,0,144,314
09/07/2012,ISP,NY,AEA,EN,Towers with Radar,28,14,57,2,101,0,3,169,2,174,28,17,226,4,275,350,0,350,625
09/08/2012,ISP,NY,AEA,EN,Towers with Radar,25,9,33,0,67,0,1,26,0,27,25,10,59,0,94,78,0,78,172
09/09/2012,ISP,NY,AEA,EN,Towers with Radar,32,20,31,0,83,0,0,206,1,207,32,20,237,1,290,380,0,380,670
09/10/2012,ISP,NY,AEA,EN,Towers with Radar,33,15,16,0,64,0,0,146,0,146,33,15,162,0,210,172,0,172,382
09/11/2012,ISP,NY,AEA,EN,Towers with Radar,32,14,58,0,104,0,3,178,3,184,32,17,236,3,288,298,0,298,586
09/12/2012,ISP,NY,AEA,EN,Towers with Radar,31,13,34,2,80,0,2,202,4,208,31,15,236,6,288,268,0,268,556
09/13/2012,ISP,NY,AEA,EN,Towers with Radar,35,16,32,0,83,0,5,143,1,149,35,21,175,1,232,204,0,204,436
09/14/2012,ISP,NY,AEA,EN,Towers with Radar,33,27,44,1,105,0,2,199,0,201,33,29,243,1,306,318,0,318,624
09/15/2012,ISP,NY,AEA,EN,Towers with Radar,27,13,27,0,67,0,1,167,4,172,27,14,194,4,239,276,0,276,515
09/16/2012,ISP,NY,AEA,EN,Towers with Radar,30,16,27,0,73,0,1,188,0,189,30,17,215,0,262,394,0,394,656
09/17/2012,ISP,NY,AEA,EN,Towers with Radar,32,15,50,0,97,0,0,169,0,169,32,15,219,0,266,282,0,282,548
09/18/2012,ISP,NY,AEA,EN,Towers with Radar,31,16,16,0,63,0,2,11,0,13,31,18,27,0,76,2,12,14,90
09/19/2012,ISP,NY,AEA,EN,Towers with Radar,33,14,31,0,78,0,2,130,5,137,33,16,161,5,215,180,0,180,395
09/20/2012,ISP,NY,AEA,EN,Towers with Radar,33,15,41,0,89,0,5,149,8,162,33,20,190,8,251,348,36,384,635
09/21/2012,ISP,NY,AEA,EN,Towers with Radar,29,21,44,0,94,0,2,175,3,180,29,23,219,3,274,412,0,412,686
09/22/2012,ISP,NY,AEA,EN,Towers with Radar,28,10,43,0,81,0,1,139,0,140,28,11,182,0,221,342,0,342,563
09/23/2012,ISP,NY,AEA,EN,Towers with Radar,33,21,31,0,85,0,1,163,0,164,33,22,194,0,249,346,0,346,595
09/24/2012,ISP,NY,AEA,EN,Towers with Radar,33,13,34,0,80,0,0,134,5,139,33,13,168,5,219,310,0,310,529
09/25/2012,ISP,NY,AEA,EN,Towers with Radar,31,10,32,0,73,0,0,159,7,166,31,10,191,7,239,342,24,366,605
09/26/2012,ISP,NY,AEA,EN,Towers with Radar,34,16,35,1,86,0,2,82,2,86,34,18,117,3,172,200,2,202,374
09/27/2012,ISP,NY,AEA,EN,Towers with Radar,32,13,50,0,95,0,3,120,18,141,32,16,170,18,236,442,24,466,702
09/28/2012,ISP,NY,AEA,EN,Towers with Radar,31,17,24,0,72,0,2,14,0,16,31,19,38,0,88,12,0,12,100
09/29/2012,ISP,NY,AEA,EN,Towers with Radar,27,14,80,0,121,0,0,14,0,14,27,14,94,0,135,68,0,68,203
09/30/2012,ISP,NY,AEA,EN,Towers with Radar,33,14,67,0,114,0,0,94,0,94,33,14,161,0,208,278,0,278,486
10/01/2012,ISP,NY,AEA,EN,Towers with Radar,30,18,28,0,76,0,0,113,4,117,30,18,141,4,193,196,0,196,389
10/02/2012,ISP,NY,AEA,EN,Towers with Radar,31,19,35,3,88,0,2,65,3,70,31,21,100,6,158,82,0,82,240
10/03/2012,ISP,NY,AEA,EN,Towers with Radar,32,16,39,0,87,0,0,2,0,2,32,16,41,0,89,10,0,10,99
10/04/2012,ISP,NY,AEA,EN,Towers with Radar,28,20,29,0,77,0,0,1,0,1,28,20,30,0,78,0,0,0,78
10/05/2012,ISP,NY,AEA,EN,Towers with Radar,33,19,53,2,107,0,3,182,6,191,33,22,235,8,298,364,10,374,672
10/06/2012,ISP,NY,AEA,EN,Towers with Radar,32,13,40,0,85,0,0,174,0,174,32,13,214,0,259,196,0,196,455
10/07/2012,ISP,NY,AEA,EN,Towers with Radar,30,14,26,0,70,0,0,92,0,92,30,14,118,0,162,166,0,166,328
10/08/2012,ISP,NY,AEA,EN,Towers with Radar,31,20,23,0,74,0,0,121,0,121,31,20,144,0,195,274,0,274,469
10/09/2012,ISP,NY,AEA,EN,Towers with Radar,32,14,54,0,100,0,2,8,0,10,32,16,62,0,110,12,0,12,122
10/10/2012,ISP,NY,AEA,EN,Towers with Radar,30,12,38,0,80,0,2,63,8,73,30,14,101,8,153,208,0,208,361
10/11/2012,ISP,NY,AEA,EN,Towers with Radar,31,14,53,0,98,0,4,214,7,225,31,18,267,7,323,368,0,368,691
10/12/2012,ISP,NY,AEA,EN,Towers with Radar,37,15,35,1,88,0,5,112,3,120,37,20,147,4,208,178,18,196,404
10/13/2012,ISP,NY,AEA,EN,Towers with Radar,28,11,37,0,76,0,0,201,0,201,28,11,238,0,277,358,0,358,635
10/14/2012,ISP,NY,AEA,EN,Towers with Radar,32,17,39,0,88,0,0,96,0,96,32,17,135,0,184,128,0,128,312
10/15/2012,ISP,NY,AEA,EN,Towers with Radar,31,13,30,2,76,0,0,66,1,67,31,13,96,3,143,62,0,62,205
10/16/2012,ISP,NY,AEA,EN,Towers with Radar,31,32,39,0,102,0,3,59,4,66,31,35,98,4,168,44,0,44,212
10/17/2012,ISP,NY,AEA,EN,Towers with Radar,32,26,31,1,90,0,2,160,5,167,32,28,191,6,257,290,8,298,555
10/18/2012,ISP,NY,AEA,EN,Towers with Radar,30,18,48,2,98,0,6,136,11,153,30,24,184,13,251,348,6,354,605
10/19/2012,ISP,NY,AEA,EN,Towers with Radar,30,8,25,0,63,0,2,1,1,4,30,10,26,1,67,0,12,12,79
10/20/2012,ISP,NY,AEA,EN,Towers with Radar,25,13,38,0,76,0,2,177,10,189,25,15,215,10,265,318,12,330,595
10/21/2012,ISP,NY,AEA,EN,Towers with Radar,29,19,40,0,88,0,0,186,6,192,29,19,226,6,280,328,6,334,614
10/22/2012,ISP,NY,AEA,EN,Towers with Radar,30,13,42,0,85,0,2,148,8,158,30,15,190,8,243,346,0,346,589
10/23/2012,ISP,NY,AEA,EN,Towers with Radar,30,11,54,7,102,0,4,154,3,161,30,15,208,10,263,340,0,340,603
10/24/2012,ISP,NY,AEA,EN,Towers with Radar,30,13,47,0,90,0,2,18,9,29,30,15,65,9,119,88,4,92,211
10/25/2012,ISP,NY,AEA,EN,Towers with Radar,30,14,66,1,111,0,4,127,3,134,30,18,193,4,245,408,12,420,665
10/26/2012,ISP,NY,AEA,EN,Towers with Radar,31,18,35,2,86,0,2,132,9,143,31,20,167,11,229,214,0,214,443
10/27/2012,ISP,NY,AEA,EN,Towers with Radar,30,23,44,0,97,0,0,163,0,163,30,23,207,0,260,334,0,334,594
10/28/2012,ISP,NY,AEA,EN,Towers with Radar,24,26,9,0,59,0,0,10,0,10,24,26,19,0,69,0,0,0,69
10/29/2012,ISP,NY,AEA,EN,Towers with Radar,0,0,0,0,0,0,0,0,0,0,0,0,0,0,0,0,0,0,0
10/30/2012,ISP,NY,AEA,EN,Towers with Radar,0,6,15,4,25,0,0,17,34,51,0,6,32,38,76,0,0,0,76
10/31/2012,ISP,NY,AEA,EN,Towers with Radar,20,12,36,6,74,0,0,62,14,76,20,12,98,20,150,50,23,73,223
11/01/2012,ISP,NY,AEA,EN,Towers with Radar,30,17,49,0,96,0,4,102,9,115,30,21,151,9,211,166,0,166,377
11/02/2012,ISP,NY,AEA,EN,Towers with Radar,31,25,31,0,87,0,8,94,10,112,31,33,125,10,199,40,0,40,239
11/03/2012,ISP,NY,AEA,EN,Towers with Radar,27,15,18,1,61,0,4,95,16,115,27,19,113,17,176,104,0,104,280
11/04/2012,ISP,NY,AEA,EN,Towers with Radar,25,19,27,0,71,0,5,155,10,170,25,24,182,10,241,130,0,130,371
11/05/2012,ISP,NY,AEA,EN,Towers with Radar,33,17,20,0,70,0,6,94,12,112,33,23,114,12,182,106,0,106,288
11/06/2012,ISP,NY,AEA,EN,Towers with Radar,30,20,35,2,87,0,4,111,16,131,30,24,146,18,218,182,8,190,408
11/07/2012,ISP,NY,AEA,EN,Towers with Radar,24,7,8,0,39,0,2,0,0,2,24,9,8,0,41,0,0,0,41
11/08/2012,ISP,NY,AEA,EN,Towers with Radar,32,16,20,0,68,0,6,4,12,22,32,22,24,12,90,8,0,8,98
11/09/2012,ISP,NY,AEA,EN,Towers with Radar,37,17,24,1,79,0,6,118,11,135,37,23,142,12,214,122,6,128,342
11/10/2012,ISP,NY,AEA,EN,Towers with Radar,33,14,21,0,68,0,5,159,5,169,33,19,180,5,237,210,0,210,447
11/11/2012,ISP,NY,AEA,EN,Towers with Radar,32,17,27,0,76,0,3,145,3,151,32,20,172,3,227,188,0,188,415
11/12/2012,ISP,NY,AEA,EN,Towers with Radar,29,18,27,0,74,0,2,85,5,92,29,20,112,5,166,132,0,132,298
11/13/2012,ISP,NY,AEA,EN,Towers with Radar,30,22,43,0,95,0,2,16,2,20,30,24,59,2,115,52,0,52,167
11/14/2012,ISP,NY,AEA,EN,Towers with Radar,30,15,44,0,89,0,6,128,1,135,30,21,172,1,224,240,0,240,464
11/15/2012,ISP,NY,AEA,EN,Towers with Radar,33,19,45,2,99,0,6,98,3,107,33,25,143,5,206,298,0,298,504
11/16/2012,ISP,NY,AEA,EN,Towers with Radar,29,22,43,0,94,0,4,135,0,139,29,26,178,0,233,200,0,200,433
11/17/2012,ISP,NY,AEA,EN,Towers with Radar,32,13,31,0,76,0,4,174,0,178,32,17,205,0,254,321,0,321,575
11/18/2012,ISP,NY,AEA,EN,Towers with Radar,27,24,42,0,93,0,3,158,1,162,27,27,200,1,255,290,0,290,545
11/19/2012,ISP,NY,AEA,EN,Towers with Radar,33,15,25,0,73,0,0,74,0,74,33,15,99,0,147,218,0,218,365
11/20/2012,ISP,NY,AEA,EN,Towers with Radar,33,18,47,0,98,0,6,125,1,132,33,24,172,1,230,308,0,308,538
11/21/2012,ISP,NY,AEA,EN,Towers with Radar,35,18,33,0,86,0,4,124,6,134,35,22,157,6,220,230,0,230,450
11/22/2012,ISP,NY,AEA,EN,Towers with Radar,19,4,3,0,26,0,0,31,0,31,19,4,34,0,57,38,0,38,95
11/23/2012,ISP,NY,AEA,EN,Towers with Radar,30,9,31,0,70,0,2,94,0,96,30,11,125,0,166,186,0,186,352
11/24/2012,ISP,NY,AEA,EN,Towers with Radar,32,17,20,0,69,0,0,42,0,42,32,17,62,0,111,48,0,48,159
11/25/2012,ISP,NY,AEA,EN,Towers with Radar,33,28,46,0,107,0,0,106,0,106,33,28,152,0,213,206,0,206,419
11/26/2012,ISP,NY,AEA,EN,Towers with Radar,35,15,23,0,73,0,0,98,2,100,35,15,121,2,173,96,0,96,269
11/27/2012,ISP,NY,AEA,EN,Towers with Radar,31,12,19,0,62,0,4,2,3,9,31,16,21,3,71,0,0,0,71
11/28/2012,ISP,NY,AEA,EN,Towers with Radar,30,17,33,0,80,0,5,119,3,127,30,22,152,3,207,206,0,206,413
11/29/2012,ISP,NY,AEA,EN,Towers with Radar,31,21,50,0,102,0,4,139,6,149,31,25,189,6,251,238,12,250,501
11/30/2012,ISP,NY,AEA,EN,Towers with Radar,33,19,41,3,96,0,1,123,9,133,33,20,164,12,229,212,0,212,441
12/01/2012,ISP,NY,AEA,EN,Towers with Radar,30,13,19,0,62,0,0,14,0,14,30,13,33,0,76,76,0,76,152
12/02/2012,ISP,NY,AEA,EN,Towers with Radar,27,17,35,0,79,0,0,8,1,9,27,17,43,1,88,2,0,2,90
12/03/2012,ISP,NY,AEA,EN,Towers with Radar,31,18,34,0,83,0,2,119,2,123,31,20,153,2,206,216,2,218,424
12/04/2012,ISP,NY,AEA,EN,Towers with Radar,30,22,47,8,107,0,2,2,2,6,30,24,49,10,113,0,2,2,115
12/05/2012,ISP,NY,AEA,EN,Towers with Radar,30,22,38,5,95,0,6,99,9,114,30,28,137,14,209,96,0,96,305
12/06/2012,ISP,NY,AEA,EN,Towers with Radar,29,18,35,1,83,0,19,121,3,143,29,37,156,4,226,202,0,202,428
12/07/2012,ISP,NY,AEA,EN,Towers with Radar,32,18,34,1,85,0,2,77,10,89,32,20,111,11,174,130,0,130,304
12/08/2012,ISP,NY,AEA,EN,Towers with Radar,32,11,15,0,58,0,0,0,0,0,32,11,15,0,58,0,0,0,58
12/09/2012,ISP,NY,AEA,EN,Towers with Radar,26,20,16,0,62,0,0,77,0,77,26,20,93,0,139,250,0,250,389
12/10/2012,ISP,NY,AEA,EN,Towers with Radar,35,13,21,0,69,0,0,0,0,0,35,13,21,0,69,0,0,0,69
12/11/2012,ISP,NY,AEA,EN,Towers with Radar,33,21,48,0,102,0,10,96,9,115,33,31,144,9,217,178,12,190,407
12/12/2012,ISP,NY,AEA,EN,Towers with Radar,31,26,35,2,94,0,11,152,8,171,31,37,187,10,265,152,0,152,417
12/13/2012,ISP,NY,AEA,EN,Towers with Radar,30,25,34,4,93,0,11,157,14,182,30,36,191,18,275,240,14,254,529
12/14/2012,ISP,NY,AEA,EN,Towers with Radar,34,22,32,4,92,0,10,162,10,182,34,32,194,14,274,244,12,256,530
12/15/2012,ISP,NY,AEA,EN,Towers with Radar,30,12,41,0,83,0,2,198,4,204,30,14,239,4,287,200,0,200,487
12/16/2012,ISP,NY,AEA,EN,Towers with Radar,43,31,36,0,110,0,3,17,0,20,43,34,53,0,130,68,0,68,198
12/17/2012,ISP,NY,AEA,EN,Towers with Radar,23,14,27,0,64,0,0,0,0,0,23,14,27,0,64,0,0,0,64
12/18/2012,ISP,NY,AEA,EN,Towers with Radar,37,18,55,2,112,0,8,91,3,102,37,26,146,5,214,84,0,84,298
12/19/2012,ISP,NY,AEA,EN,Towers with Radar,29,15,21,1,66,0,4,91,5,100,29,19,112,6,166,82,0,82,248
12/20/2012,ISP,NY,AEA,EN,Towers with Radar,32,24,29,1,86,0,11,112,8,131,32,35,141,9,217,212,0,212,429
12/21/2012,ISP,NY,AEA,EN,Towers with Radar,36,24,8,0,68,0,4,16,0,20,36,28,24,0,88,0,0,0,88
12/22/2012,ISP,NY,AEA,EN,Towers with Radar,36,20,19,0,75,0,1,8,0,9,36,21,27,0,84,6,0,6,90
12/23/2012,ISP,NY,AEA,EN,Towers with Radar,26,23,24,0,73,0,2,126,0,128,26,25,150,0,201,226,0,226,427
12/24/2012,ISP,NY,AEA,EN,Towers with Radar,25,10,13,0,48,0,0,92,0,92,25,10,105,0,140,122,0,122,262
12/25/2012,ISP,NY,AEA,EN,Towers with Radar,26,15,2,0,43,0,0,7,0,7,26,15,9,0,50,2,0,2,52
12/26/2012,ISP,NY,AEA,EN,Towers with Radar,32,19,31,0,82,0,0,29,4,33,32,19,60,4,115,88,2,90,205
12/27/2012,ISP,NY,AEA,EN,Towers with Radar,32,30,20,0,82,0,4,7,0,11,32,34,27,0,93,2,0,2,95
12/28/2012,ISP,NY,AEA,EN,Towers with Radar,31,33,19,4,87,0,4,124,3,131,31,37,143,7,218,164,0,164,382
12/29/2012,ISP,NY,AEA,EN,Towers with Radar,30,20,6,0,56,0,0,3,0,3,30,20,9,0,59,0,0,0,59
12/30/2012,ISP,NY,AEA,EN,Towers with Radar,26,16,12,0,54,0,0,5,0,5,26,16,17,0,59,12,0,12,71
12/31/2012,ISP,NY,AEA,EN,Towers with Radar,28,17,33,0,78,0,2,90,2,94,28,19,123,2,172,116,0,116,288
01/01/2013,ISP,NY,AEA,EN,Towers with Radar,27,22,17,0,66,0,0,48,0,48,27,22,65,0,114,98,0,98,212
01/02/2013,ISP,NY,AEA,EN,Towers with Radar,31,26,27,2,86,0,7,95,5,107,31,33,122,7,193,136,0,136,329
01/03/2013,ISP,NY,AEA,EN,Towers with Radar,28,17,25,0,70,0,4,86,9,99,28,21,111,9,169,138,30,168,337
01/04/2013,ISP,NY,AEA,EN,Towers with Radar,30,22,35,0,87,0,5,73,5,83,30,27,108,5,170,168,0,168,338
01/05/2013,ISP,NY,AEA,EN,Towers with Radar,29,15,38,0,82,0,0,165,0,165,29,15,203,0,247,250,0,250,497
01/06/2013,ISP,NY,AEA,EN,Towers with Radar,46,52,102,0,200,0,0,186,0,186,46,52,288,0,386,220,0,220,606
01/07/2013,ISP,NY,AEA,EN,Towers with Radar,26,19,30,6,81,0,4,89,4,97,26,23,119,10,178,188,2,190,368
01/08/2013,ISP,NY,AEA,EN,Towers with Radar,27,20,44,1,92,0,6,119,8,133,27,26,163,9,225,150,18,168,393
01/09/2013,ISP,NY,AEA,EN,Towers with Radar,27,19,25,0,71,0,10,115,4,129,27,29,140,4,200,174,10,184,384
01/10/2013,ISP,NY,AEA,EN,Towers with Radar,28,18,40,0,86,0,4,128,9,141,28,22,168,9,227,176,10,186,413
01/11/2013,ISP,NY,AEA,EN,Towers with Radar,29,14,26,3,72,0,2,90,4,96,29,16,116,7,168,154,8,162,330
01/12/2013,ISP,NY,AEA,EN,Towers with Radar,26,10,23,4,63,0,0,0,0,0,26,10,23,4,63,0,0,0,63
01/13/2013,ISP,NY,AEA,EN,Towers with Radar,30,16,20,0,66,0,0,3,0,3,30,16,23,0,69,0,0,0,69
01/14/2013,ISP,NY,AEA,EN,Towers with Radar,26,17,33,0,76,0,0,48,0,48,26,17,81,0,124,78,0,78,202
01/15/2013,ISP,NY,AEA,EN,Towers with Radar,27,20,39,1,87,0,10,110,4,124,27,30,149,5,211,196,8,204,415
01/16/2013,ISP,NY,AEA,EN,Towers with Radar,26,25,10,0,61,0,2,0,0,2,26,27,10,0,63,0,0,0,63
01/17/2013,ISP,NY,AEA,EN,Towers with Radar,28,21,51,2,102,0,7,139,8,154,28,28,190,10,256,164,56,220,476
01/18/2013,ISP,NY,AEA,EN,Towers with Radar,24,16,28,1,69,0,4,125,5,134,24,20,153,6,203,230,0,230,433
01/19/2013,ISP,NY,AEA,EN,Towers with Radar,27,11,22,2,62,0,0,88,0,88,27,11,110,2,150,96,0,96,246
01/20/2013,ISP,NY,AEA,EN,Towers with Radar,24,17,15,0,56,0,4,53,0,57,24,21,68,0,113,108,0,108,221
01/21/2013,ISP,NY,AEA,EN,Towers with Radar,25,21,35,0,81,0,0,101,0,101,25,21,136,0,182,232,0,232,414
01/22/2013,ISP,NY,AEA,EN,Towers with Radar,27,23,23,0,73,0,6,35,2,43,27,29,58,2,116,14,0,14,130
01/23/2013,ISP,NY,AEA,EN,Towers with Radar,29,19,22,1,71,0,7,87,8,102,29,26,109,9,173,86,0,86,259
01/24/2013,ISP,NY,AEA,EN,Towers with Radar,28,14,20,0,62,0,6,48,13,67,28,20,68,13,129,40,12,52,181
01/25/2013,ISP,NY,AEA,EN,Towers with Radar,31,11,30,1,73,0,9,105,6,120,31,20,135,7,193,126,0,126,319
01/26/2013,ISP,NY,AEA,EN,Towers with Radar,25,14,19,0,58,0,3,98,1,102,25,17,117,1,160,216,12,228,388
01/27/2013,ISP,NY,AEA,EN,Towers with Radar,27,17,29,0,73,0,2,168,0,170,27,19,197,0,243,212,0,212,455
01/28/2013,ISP,NY,AEA,EN,Towers with Radar,30,14,4,0,48,0,0,12,2,14,30,14,16,2,62,32,0,32,94
01/29/2013,ISP,NY,AEA,EN,Towers with Radar,31,16,42,0,89,0,2,19,4,25,31,18,61,4,114,37,4,41,155
01/30/2013,ISP,NY,AEA,EN,Towers with Radar,23,14,17,0,54,0,0,0,0,0,23,14,17,0,54,0,0,0,54
01/31/2013,ISP,NY,AEA,EN,Towers with Radar,27,22,14,0,63,0,3,7,6,16,27,25,21,6,79,6,0,6,85
02/01/2013,ISP,NY,AEA,EN,Towers with Radar,24,23,20,0,67,0,14,53,2,69,24,37,73,2,136,68,6,74,210
02/02/2013,ISP,NY,AEA,EN,Towers with Radar,26,12,24,0,62,0,4,179,1,184,26,16,203,1,246,218,12,230,476
02/03/2013,ISP,NY,AEA,EN,Towers with Radar,25,18,19,0,62,0,0,40,0,40,25,18,59,0,102,153,0,153,255
02/04/2013,ISP,NY,AEA,EN,Towers with Radar,29,23,40,1,93,0,3,101,5,109,29,26,141,6,202,28,16,44,246
02/05/2013,ISP,NY,AEA,EN,Towers with Radar,27,21,13,0,61,0,3,6,6,15,27,24,19,6,76,24,0,24,100
02/06/2013,ISP,NY,AEA,EN,Towers with Radar,26,20,24,0,70,0,8,83,5,96,26,28,107,5,166,104,0,104,270
02/07/2013,ISP,NY,AEA,EN,Towers with Radar,25,22,32,0,79,0,13,118,10,141,25,35,150,10,220,218,20,238,458
02/08/2013,ISP,NY,AEA,EN,Towers with Radar,16,11,9,1,37,0,0,0,0,0,16,11,9,1,37,0,0,0,37
02/09/2013,ISP,NY,AEA,EN,Towers with Radar,0,0,0,0,0,0,0,10,0,10,0,0,10,0,10,0,0,0,10
02/10/2013,ISP,NY,AEA,EN,Towers with Radar,0,13,11,1,25,0,2,19,3,24,0,15,30,4,49,8,0,8,57
02/11/2013,ISP,NY,AEA,EN,Towers with Radar,3,4,4,0,11,0,0,0,0,0,3,4,4,0,11,0,0,0,11
02/12/2013,ISP,NY,AEA,EN,Towers with Radar,19,28,17,2,66,0,3,50,0,53,19,31,67,2,119,52,0,52,171
02/13/2013,ISP,NY,AEA,EN,Towers with Radar,25,17,56,0,98,0,6,105,2,113,25,23,161,2,211,178,0,178,389
02/14/2013,ISP,NY,AEA,EN,Towers with Radar,33,21,29,0,83,0,14,80,4,98,33,35,109,4,181,150,0,150,331
02/15/2013,ISP,NY,AEA,EN,Towers with Radar,36,34,53,1,124,0,15,115,3,133,36,49,168,4,257,188,0,188,445
02/16/2013,ISP,NY,AEA,EN,Towers with Radar,35,14,14,0,63,0,3,40,0,43,35,17,54,0,106,156,0,156,262
02/17/2013,ISP,NY,AEA,EN,Towers with Radar,34,17,8,0,59,0,0,6,0,6,34,17,14,0,65,0,0,0,65
02/18/2013,ISP,NY,AEA,EN,Towers with Radar,35,19,26,0,80,0,1,75,0,76,35,20,101,0,156,104,0,104,260
02/19/2013,ISP,NY,AEA,EN,Towers with Radar,34,23,24,2,83,0,5,61,2,68,34,28,85,4,151,88,0,88,239
02/20/2013,ISP,NY,AEA,EN,Towers with Radar,35,19,17,1,72,0,10,48,6,64,35,29,65,7,136,118,0,118,254
02/21/2013,ISP,NY,AEA,EN,Towers with Radar,34,14,19,0,67,0,3,38,7,48,34,17,57,7,115,56,0,56,171
02/22/2013,ISP,NY,AEA,EN,Towers with Radar,37,26,33,1,97,0,13,147,5,165,37,39,180,6,262,286,0,286,548
02/23/2013,ISP,NY,AEA,EN,Towers with Radar,36,10,24,0,70,0,0,0,0,0,36,10,24,0,70,0,0,0,70
02/24/2013,ISP,NY,AEA,EN,Towers with Radar,34,18,31,0,83,0,0,52,0,52,34,18,83,0,135,212,0,212,347
02/25/2013,ISP,NY,AEA,EN,Towers with Radar,34,24,16,1,75,0,7,108,2,117,34,31,124,3,192,164,0,164,356
02/26/2013,ISP,NY,AEA,EN,Towers with Radar,36,24,44,0,104,0,4,79,9,92,36,28,123,9,196,240,0,240,436
02/27/2013,ISP,NY,AEA,EN,Towers with Radar,38,15,15,0,68,0,2,1,6,9,38,17,16,6,77,12,0,12,89
02/28/2013,ISP,NY,AEA,EN,Towers with Radar,35,16,23,0,74,0,9,55,7,71,35,25,78,7,145,126,15,141,286
03/01/2013,ISP,NY,AEA,EN,Towers with Radar,36,30,46,0,112,0,11,120,2,133,36,41,166,2,245,206,0,206,451
03/02/2013,ISP,NY,AEA,EN,Towers with Radar,34,11,28,0,73,0,8,138,2,148,34,19,166,2,221,270,0,270,491
03/03/2013,ISP,NY,AEA,EN,Towers with Radar,35,16,26,0,77,0,0,115,2,117,35,16,141,2,194,198,0,198,392
03/04/2013,ISP,NY,AEA,EN,Towers with Radar,36,23,27,0,86,0,14,87,4,105,36,37,114,4,191,126,0,126,317
03/05/2013,ISP,NY,AEA,EN,Towers with Radar,36,17,34,1,88,0,8,134,8,150,36,25,168,9,238,302,0,302,540
03/06/2013,ISP,NY,AEA,EN,Towers with Radar,23,10,9,0,42,0,4,1,5,10,23,14,10,5,52,0,0,0,52
03/07/2013,ISP,NY,AEA,EN,Towers with Radar,33,15,14,0,62,0,2,3,0,5,33,17,17,0,67,0,0,0,67
03/08/2013,ISP,NY,AEA,EN,Towers with Radar,36,15,14,0,65,0,0,2,0,2,36,15,16,0,67,0,0,0,67
03/09/2013,ISP,NY,AEA,EN,Towers with Radar,32,13,35,0,80,0,14,167,0,181,32,27,202,0,261,162,0,162,423
03/10/2013,ISP,NY,AEA,EN,Towers with Radar,30,18,30,0,78,0,0,139,0,139,30,18,169,0,217,174,0,174,391
03/11/2013,ISP,NY,AEA,EN,Towers with Radar,34,16,35,0,85,0,2,43,12,57,34,18,78,12,142,224,2,226,368
03/12/2013,ISP,NY,AEA,EN,Towers with Radar,34,16,21,0,71,0,2,7,0,9,34,18,28,0,80,0,0,0,80
03/13/2013,ISP,NY,AEA,EN,Towers with Radar,34,24,37,3,98,0,9,111,9,129,34,33,148,12,227,174,0,174,401
03/14/2013,ISP,NY,AEA,EN,Towers with Radar,34,17,23,0,74,0,4,42,8,54,34,21,65,8,128,18,0,18,146
03/15/2013,ISP,NY,AEA,EN,Towers with Radar,31,25,32,3,91,0,12,132,6,150,31,37,164,9,241,148,0,148,389
03/16/2013,ISP,NY,AEA,EN,Towers with Radar,34,13,32,0,79,0,5,86,0,91,34,18,118,0,170,86,0,86,256
03/17/2013,ISP,NY,AEA,EN,Towers with Radar,29,18,23,0,70,0,0,150,0,150,29,18,173,0,220,260,0,260,480
03/18/2013,ISP,NY,AEA,EN,Towers with Radar,33,19,19,1,72,0,5,55,5,65,33,24,74,6,137,80,0,80,217
03/19/2013,ISP,NY,AEA,EN,Towers with Radar,33,22,25,0,80,0,2,11,0,13,33,24,36,0,93,0,0,0,93
03/20/2013,ISP,NY,AEA,EN,Towers with Radar,34,20,35,2,91,0,7,85,4,96,34,27,120,6,187,94,0,94,281
03/21/2013,ISP,NY,AEA,EN,Towers with Radar,33,19,29,1,82,0,3,29,7,39,33,22,58,8,121,62,4,66,187
03/22/2013,ISP,NY,AEA,EN,Towers with Radar,33,20,25,0,78,0,6,109,4,119,33,26,134,4,197,158,0,158,355
03/23/2013,ISP,NY,AEA,EN,Towers with Radar,32,16,30,0,78,0,10,93,2,105,32,26,123,2,183,74,0,74,257
03/24/2013,ISP,NY,AEA,EN,Towers with Radar,27,25,38,2,92,0,1,144,4,149,27,26,182,6,241,320,0,320,561
03/25/2013,ISP,NY,AEA,EN,Towers with Radar,33,16,14,0,63,0,0,9,0,9,33,16,23,0,72,92,0,92,164
03/26/2013,ISP,NY,AEA,EN,Towers with Radar,33,21,28,0,82,0,10,71,6,87,33,31,99,6,169,128,0,128,297
03/27/2013,ISP,NY,AEA,EN,Towers with Radar,34,21,21,0,76,0,7,106,6,119,34,28,127,6,195,0,0,0,195
03/28/2013,ISP,NY,AEA,EN,Towers with Radar,34,21,35,0,90,0,7,90,4,101,34,28,125,4,191,136,0,136,327
03/29/2013,ISP,NY,AEA,EN,Towers with Radar,34,22,37,1,94,0,7,140,3,150,34,29,177,4,244,200,0,200,444
03/30/2013,ISP,NY,AEA,EN,Towers with Radar,32,14,41,0,87,0,1,174,0,175,32,15,215,0,262,182,0,182,444
03/31/2013,ISP,NY,AEA,EN,Towers with Radar,30,23,29,0,82,0,0,57,0,57,30,23,86,0,139,116,0,116,255
04/01/2013,ISP,NY,AEA,EN,Towers with Radar,34,17,30,0,81,0,2,60,6,68,34,19,90,6,149,136,0,136,285
04/02/2013,ISP,NY,AEA,EN,Towers with Radar,34,21,19,2,76,0,3,58,4,65,34,24,77,6,141,64,0,64,205
04/03/2013,ISP,NY,AEA,EN,Towers with Radar,35,18,16,0,69,0,3,53,8,64,35,21,69,8,133,20,0,20,153
04/04/2013,ISP,NY,AEA,EN,Towers with Radar,34,18,33,3,88,0,13,141,6,160,34,31,174,9,248,232,8,240,488
04/05/2013,ISP,NY,AEA,EN,Towers with Radar,32,27,31,0,90,0,4,73,0,77,32,31,104,0,167,154,0,154,321
04/06/2013,ISP,NY,AEA,EN,Towers with Radar,32,12,31,0,75,0,4,177,0,181,32,16,208,0,256,150,0,150,406
04/07/2013,ISP,NY,AEA,EN,Towers with Radar,31,16,20,2,69,0,0,86,0,86,31,16,106,2,155,154,0,154,309
04/08/2013,ISP,NY,AEA,EN,Towers with Radar,33,15,33,0,81,0,7,108,2,117,33,22,141,2,198,176,0,176,374
04/09/2013,ISP,NY,AEA,EN,Towers with Radar,34,17,24,2,77,0,10,90,3,103,34,27,114,5,180,82,0,82,262
04/10/2013,ISP,NY,AEA,EN,Towers with Radar,34,15,29,3,81,0,9,83,5,97,34,24,112,8,178,186,0,186,364
04/11/2013,ISP,NY,AEA,EN,Towers with Radar,35,12,23,1,71,0,4,34,4,42,35,16,57,5,113,82,0,82,195
04/12/2013,ISP,NY,AEA,EN,Towers with Radar,36,20,16,0,72,0,2,1,0,3,36,22,17,0,75,0,0,0,75
04/13/2013,ISP,NY,AEA,EN,Towers with Radar,31,16,32,0,79,0,8,133,0,141,31,24,165,0,220,144,0,144,364
04/14/2013,ISP,NY,AEA,EN,Towers with Radar,27,15,29,0,71,0,1,153,1,155,27,16,182,1,226,120,0,120,346
04/15/2013,ISP,NY,AEA,EN,Towers with Radar,31,19,28,0,78,0,6,111,2,119,31,25,139,2,197,140,0,140,337
04/16/2013,ISP,NY,AEA,EN,Towers with Radar,31,19,24,0,74,0,6,90,5,101,31,25,114,5,175,48,0,48,223
04/17/2013,ISP,NY,AEA,EN,Towers with Radar,32,19,34,0,85,0,15,118,8,141,32,34,152,8,226,160,2,162,388
04/18/2013,ISP,NY,AEA,EN,Towers with Radar,29,20,37,2,88,0,9,90,4,103,29,29,127,6,191,94,0,94,285
04/19/2013,ISP,NY,AEA,EN,Towers with Radar,37,20,22,0,79,0,0,0,0,0,37,20,22,0,79,0,0,0,79
04/20/2013,ISP,NY,AEA,EN,Towers with Radar,30,16,32,0,78,0,5,102,3,110,30,21,134,3,188,90,0,90,278
04/21/2013,ISP,NY,AEA,EN,Towers with Radar,26,23,27,0,76,0,0,176,2,178,26,23,203,2,254,194,0,194,448
04/22/2013,ISP,NY,AEA,EN,Towers with Radar,32,18,25,2,77,0,1,67,4,72,32,19,92,6,149,70,0,70,219
04/23/2013,ISP,NY,AEA,EN,Towers with Radar,30,11,24,0,65,0,1,12,0,13,30,12,36,0,78,22,0,22,100
04/24/2013,ISP,NY,AEA,EN,Towers with Radar,24,17,30,1,72,0,2,85,1,88,24,19,115,2,160,68,0,68,228
04/25/2013,ISP,NY,AEA,EN,Towers with Radar,30,14,19,0,63,0,9,126,12,147,30,23,145,12,210,171,6,177,387
04/26/2013,ISP,NY,AEA,EN,Towers with Radar,30,25,44,2,101,0,16,182,4,202,30,41,226,6,303,240,0,240,543
04/27/2013,ISP,NY,AEA,EN,Towers with Radar,28,16,26,0,70,0,8,185,0,193,28,24,211,0,263,286,0,286,549
04/28/2013,ISP,NY,AEA,EN,Towers with Radar,27,22,33,0,82,0,2,159,0,161,27,24,192,0,243,0,0,0,243
04/29/2013,ISP,NY,AEA,EN,Towers with Radar,29,17,16,1,63,0,3,61,1,65,29,20,77,2,128,90,0,90,218
04/30/2013,ISP,NY,AEA,EN,Towers with Radar,32,19,27,1,79,0,13,90,6,109,32,32,117,7,188,162,0,162,350
05/01/2013,ISP,NY,AEA,EN,Towers with Radar,30,18,32,0,80,0,16,122,5,143,30,34,154,5,223,100,0,100,323
05/02/2013,ISP,NY,AEA,EN,Towers with Radar,29,12,37,1,79,0,7,133,4,144,29,19,170,5,223,146,0,146,369
05/03/2013,ISP,NY,AEA,EN,Towers with Radar,30,17,19,1,67,0,8,105,3,116,30,25,124,4,183,90,0,90,273
05/04/2013,ISP,NY,AEA,EN,Towers with Radar,28,20,30,1,79,0,11,156,10,177,28,31,186,11,256,218,16,234,490
05/05/2013,ISP,NY,AEA,EN,Towers with Radar,27,14,33,0,74,0,2,128,2,132,27,16,161,2,206,198,0,198,404
05/06/2013,ISP,NY,AEA,EN,Towers with Radar,32,14,28,0,74,0,1,82,2,85,32,15,110,2,159,98,0,98,257
05/07/2013,ISP,NY,AEA,EN,Towers with Radar,32,17,42,0,91,0,2,65,4,71,32,19,107,4,162,144,0,144,306
05/08/2013,ISP,NY,AEA,EN,Towers with Radar,30,18,35,0,83,0,2,3,0,5,30,20,38,0,88,0,0,0,88
05/09/2013,ISP,NY,AEA,EN,Towers with Radar,29,24,36,2,91,0,2,10,4,16,29,26,46,6,107,20,6,26,133
05/10/2013,ISP,NY,AEA,EN,Towers with Radar,31,23,41,0,95,0,6,145,4,155,31,29,186,4,250,232,0,232,482
05/11/2013,ISP,NY,AEA,EN,Towers with Radar,28,15,17,0,60,0,0,12,0,12,28,15,29,0,72,12,0,12,84
05/12/2013,ISP,NY,AEA,EN,Towers with Radar,26,13,29,2,70,0,0,99,0,99,26,13,128,2,169,122,0,122,291
05/13/2013,ISP,NY,AEA,EN,Towers with Radar,30,16,20,0,66,0,2,88,6,96,30,18,108,6,162,74,0,74,236
05/14/2013,ISP,NY,AEA,EN,Towers with Radar,30,22,26,0,78,0,12,118,4,134,30,34,144,4,212,186,0,186,398
05/15/2013,ISP,NY,AEA,EN,Towers with Radar,31,21,33,1,86,0,4,109,5,118,31,25,142,6,204,80,0,80,284
05/16/2013,ISP,NY,AEA,EN,Towers with Radar,30,15,25,2,72,0,8,124,5,137,30,23,149,7,209,192,0,192,401
05/17/2013,ISP,NY,AEA,EN,Towers with Radar,30,15,26,0,71,0,5,127,4,136,30,20,153,4,207,172,0,172,379
05/18/2013,ISP,NY,AEA,EN,Towers with Radar,30,14,32,2,78,0,0,150,2,152,30,14,182,4,230,188,0,188,418
05/19/2013,ISP,NY,AEA,EN,Towers with Radar,27,18,44,0,89,0,0,3,0,3,27,18,47,0,92,14,0,14,106
05/20/2013,ISP,NY,AEA,EN,Towers with Radar,32,12,38,0,82,0,1,25,0,26,32,13,63,0,108,54,0,54,162
05/21/2013,ISP,NY,AEA,EN,Towers with Radar,29,23,33,0,85,0,5,72,4,81,29,28,105,4,166,142,0,142,308
05/22/2013,ISP,NY,AEA,EN,Towers with Radar,29,25,27,0,81,0,2,4,0,6,29,27,31,0,87,10,0,10,97
05/23/2013,ISP,NY,AEA,EN,Towers with Radar,28,21,23,1,73,0,2,7,0,9,28,23,30,1,82,0,0,0,82
05/24/2013,ISP,NY,AEA,EN,Towers with Radar,30,11,43,0,84,0,3,19,4,26,30,14,62,4,110,14,0,14,124
05/25/2013,ISP,NY,AEA,EN,Towers with Radar,26,14,5,0,45,0,0,9,0,9,26,14,14,0,54,0,0,0,54
05/26/2013,ISP,NY,AEA,EN,Towers with Radar,20,15,9,0,44,0,0,32,0,32,20,15,41,0,76,34,0,34,110
05/27/2013,ISP,NY,AEA,EN,Towers with Radar,28,17,16,0,61,0,1,190,0,191,28,18,206,0,252,302,0,302,554
05/28/2013,ISP,NY,AEA,EN,Towers with Radar,31,17,35,0,83,0,2,70,3,75,31,19,105,3,158,140,0,140,298
05/29/2013,ISP,NY,AEA,EN,Towers with Radar,30,18,28,4,80,0,2,52,2,56,30,20,80,6,136,50,0,50,186
05/30/2013,ISP,NY,AEA,EN,Towers with Radar,30,19,25,0,74,0,11,142,4,157,30,30,167,4,231,154,10,164,395
05/31/2013,ISP,NY,AEA,EN,Towers with Radar,29,24,29,0,82,0,11,117,2,130,29,35,146,2,212,141,0,141,353
06/01/2013,ISP,NY,AEA,EN,Towers with Radar,28,10,28,0,66,0,0,164,1,165,28,10,192,1,231,237,0,237,468
06/02/2013,ISP,NY,AEA,EN,Towers with Radar,24,18,33,0,75,0,0,132,4,136,24,18,165,4,211,162,0,162,373
06/03/2013,ISP,NY,AEA,EN,Towers with Radar,26,20,35,0,81,0,0,3,0,3,26,20,38,0,84,18,0,18,102
06/04/2013,ISP,NY,AEA,EN,Towers with Radar,27,16,30,0,73,0,7,167,6,180,27,23,197,6,253,204,0,204,457
06/05/2013,ISP,NY,AEA,EN,Towers with Radar,26,20,44,2,92,0,6,170,3,179,26,26,214,5,271,188,0,188,459
06/06/2013,ISP,NY,AEA,EN,Towers with Radar,26,20,35,2,83,0,11,81,4,96,26,31,116,6,179,222,0,222,401
06/07/2013,ISP,NY,AEA,EN,Towers with Radar,27,23,8,0,58,0,0,0,0,0,27,23,8,0,58,0,0,0,58
06/08/2013,ISP,NY,AEA,EN,Towers with Radar,26,12,49,0,87,0,0,78,0,78,26,12,127,0,165,198,0,198,363
06/09/2013,ISP,NY,AEA,EN,Towers with Radar,27,22,53,0,102,0,3,198,2,203,27,25,251,2,305,0,0,0,305
06/10/2013,ISP,NY,AEA,EN,Towers with Radar,24,16,26,2,68,0,1,16,0,17,24,17,42,2,85,66,0,66,151
06/11/2013,ISP,NY,AEA,EN,Towers with Radar,24,14,37,0,75,0,6,51,2,59,24,20,88,2,134,110,0,110,244
06/12/2013,ISP,NY,AEA,EN,Towers with Radar,24,26,39,0,89,0,15,154,11,180,24,41,193,11,269,128,0,128,397
06/13/2013,ISP,NY,AEA,EN,Towers with Radar,26,11,17,0,54,0,2,11,0,13,26,13,28,0,67,10,0,10,77
06/14/2013,ISP,NY,AEA,EN,Towers with Radar,25,18,24,0,67,0,2,63,0,65,25,20,87,0,132,92,0,92,224
06/15/2013,ISP,NY,AEA,EN,Towers with Radar,26,12,29,0,67,0,0,195,0,195,26,12,224,0,262,226,0,226,488
06/16/2013,ISP,NY,AEA,EN,Towers with Radar,26,15,33,0,74,0,0,109,2,111,26,15,142,2,185,243,0,243,428
06/17/2013,ISP,NY,AEA,EN,Towers with Radar,25,17,36,0,78,0,7,100,2,109,25,24,136,2,187,126,0,126,313
06/18/2013,ISP,NY,AEA,EN,Towers with Radar,29,18,36,0,83,0,4,50,2,56,29,22,86,2,139,94,0,94,233
06/19/2013,ISP,NY,AEA,EN,Towers with Radar,26,16,34,4,80,0,8,129,8,145,26,24,163,12,225,166,0,166,391
06/20/2013,ISP,NY,AEA,EN,Towers with Radar,27,19,39,2,87,0,5,141,8,154,27,24,180,10,241,192,6,198,439
06/21/2013,ISP,NY,AEA,EN,Towers with Radar,26,19,33,3,81,0,10,142,7,159,26,29,175,10,240,162,0,162,402
06/22/2013,ISP,NY,AEA,EN,Towers with Radar,28,12,34,0,74,0,0,155,0,155,28,12,189,0,229,270,0,270,499
06/23/2013,ISP,NY,AEA,EN,Towers with Radar,27,17,42,0,86,0,2,138,0,140,27,19,180,0,226,176,0,176,402
06/24/2013,ISP,NY,AEA,EN,Towers with Radar,24,15,30,0,69,0,2,99,4,105,24,17,129,4,174,132,0,132,306
06/25/2013,ISP,NY,AEA,EN,Towers with Radar,27,19,43,0,89,0,10,114,2,126,27,29,157,2,215,96,0,96,311
06/26/2013,ISP,NY,AEA,EN,Towers with Radar,23,21,31,0,75,0,8,100,13,121,23,29,131,13,196,199,16,215,411
06/27/2013,ISP,NY,AEA,EN,Towers with Radar,26,13,33,0,72,0,2,30,2,34,26,15,63,2,106,80,0,80,186
06/28/2013,ISP,NY,AEA,EN,Towers with Radar,27,28,38,0,93,0,2,47,3,52,27,30,85,3,145,138,0,138,283
06/29/2013,ISP,NY,AEA,EN,Towers with Radar,28,15,39,0,82,0,0,67,0,67,28,15,106,0,149,100,0,100,249
06/30/2013,ISP,NY,AEA,EN,Towers with Radar,27,22,30,0,79,0,0,3,0,3,27,22,33,0,82,30,0,30,112
07/01/2013,ISP,NY,AEA,EN,Towers with Radar,26,17,31,1,75,0,0,2,1,3,26,17,33,2,78,0,0,0,78
07/02/2013,ISP,NY,AEA,EN,Towers with Radar,27,12,21,0,60,0,4,3,0,7,27,16,24,0,67,16,10,26,93
07/03/2013,ISP,NY,AEA,EN,Towers with Radar,26,28,77,1,132,0,5,49,5,59,26,33,126,6,191,84,0,84,275
07/04/2013,ISP,NY,AEA,EN,Towers with Radar,19,12,22,0,53,0,0,66,0,66,19,12,88,0,119,122,0,122,241
07/05/2013,ISP,NY,AEA,EN,Towers with Radar,26,19,26,0,71,0,5,163,0,168,26,24,189,0,239,258,0,258,497
07/06/2013,ISP,NY,AEA,EN,Towers with Radar,28,12,33,0,73,0,0,132,0,132,28,12,165,0,205,160,0,160,365
07/07/2013,ISP,NY,AEA,EN,Towers with Radar,25,23,25,0,73,0,2,140,0,142,25,25,165,0,215,242,0,242,457
07/08/2013,ISP,NY,AEA,EN,Towers with Radar,26,15,25,0,66,0,0,117,4,121,26,15,142,4,187,168,0,168,355
07/09/2013,ISP,NY,AEA,EN,Towers with Radar,26,23,48,4,101,0,4,100,6,110,26,27,148,10,211,146,0,146,357
07/10/2013,ISP,NY,AEA,EN,Towers with Radar,26,17,49,0,92,0,1,57,2,60,26,18,106,2,152,114,0,114,266
07/11/2013,ISP,NY,AEA,EN,Towers with Radar,27,18,36,4,85,0,3,57,0,60,27,21,93,4,145,158,0,158,303
07/12/2013,ISP,NY,AEA,EN,Towers with Radar,25,22,51,0,98,0,5,47,3,55,25,27,98,3,153,152,12,164,317
07/13/2013,ISP,NY,AEA,EN,Towers with Radar,29,14,51,0,94,0,0,3,0,3,29,14,54,0,97,24,0,24,121
07/14/2013,ISP,NY,AEA,EN,Towers with Radar,26,13,28,0,67,0,2,117,0,119,26,15,145,0,186,238,0,238,424
07/15/2013,ISP,NY,AEA,EN,Towers with Radar,25,13,32,0,70,0,5,130,2,137,25,18,162,2,207,110,0,110,317
07/16/2013,ISP,NY,AEA,EN,Towers with Radar,26,20,32,1,79,0,8,123,5,136,26,28,155,6,215,134,0,134,349
07/17/2013,ISP,NY,AEA,EN,Towers with Radar,26,21,29,0,76,0,11,153,11,175,26,32,182,11,251,176,0,176,427
07/18/2013,ISP,NY,AEA,EN,Towers with Radar,26,22,41,0,89,0,11,111,3,125,26,33,152,3,214,158,0,158,372
07/19/2013,ISP,NY,AEA,EN,Towers with Radar,24,22,31,0,77,0,3,100,5,108,24,25,131,5,185,58,0,58,243
07/20/2013,ISP,NY,AEA,EN,Towers with Radar,28,11,18,0,57,0,2,83,0,85,28,13,101,0,142,0,0,0,142
07/21/2013,ISP,NY,AEA,EN,Towers with Radar,27,22,24,0,73,0,0,162,0,162,27,22,186,0,235,208,0,208,443
07/22/2013,ISP,NY,AEA,EN,Towers with Radar,26,18,39,0,83,0,2,36,0,38,26,20,75,0,121,26,10,36,157
07/23/2013,ISP,NY,AEA,EN,Towers with Radar,26,28,25,0,79,0,3,19,0,22,26,31,44,0,101,62,0,62,163
07/24/2013,ISP,NY,AEA,EN,Towers with Radar,26,18,32,0,76,0,11,144,8,163,26,29,176,8,239,198,0,198,437
07/25/2013,ISP,NY,AEA,EN,Towers with Radar,26,31,35,0,92,0,5,36,0,41,26,36,71,0,133,62,0,62,195
07/26/2013,ISP,NY,AEA,EN,Towers with Radar,26,24,33,1,84,0,3,74,10,87,26,27,107,11,171,148,28,176,347
07/27/2013,ISP,NY,AEA,EN,Towers with Radar,28,19,36,0,83,0,2,146,4,152,28,21,182,4,235,298,0,298,533
07/28/2013,ISP,NY,AEA,EN,Towers with Radar,26,14,41,0,81,0,0,67,0,67,26,14,108,0,148,128,0,128,276
07/29/2013,ISP,NY,AEA,EN,Towers with Radar,25,18,26,0,69,0,3,101,0,104,25,21,127,0,173,98,0,98,271
07/30/2013,ISP,NY,AEA,EN,Towers with Radar,25,25,35,0,85,0,4,171,6,181,25,29,206,6,266,190,8,198,464
07/31/2013,ISP,NY,AEA,EN,Towers with Radar,26,28,38,0,92,0,6,142,5,153,26,34,180,5,245,178,0,178,423
08/01/2013,ISP,NY,AEA,EN,Towers with Radar,26,19,18,4,67,0,2,43,4,49,26,21,61,8,116,74,0,74,190
08/02/2013,ISP,NY,AEA,EN,Towers with Radar,25,30,23,0,78,0,7,155,2,164,25,37,178,2,242,164,0,164,406
08/03/2013,ISP,NY,AEA,EN,Towers with Radar,28,13,26,0,67,0,1,74,0,75,28,14,100,0,142,134,0,134,276
08/04/2013,ISP,NY,AEA,EN,Towers with Radar,26,22,26,0,74,0,0,197,0,197,26,22,223,0,271,220,0,220,491
08/05/2013,ISP,NY,AEA,EN,Towers with Radar,26,18,31,0,75,0,8,143,2,153,26,26,174,2,228,196,0,196,424
08/06/2013,ISP,NY,AEA,EN,Towers with Radar,27,22,49,0,98,0,2,183,4,189,27,24,232,4,287,258,0,258,545
08/07/2013,ISP,NY,AEA,EN,Towers with Radar,26,23,34,0,83,0,3,110,5,118,26,26,144,5,201,250,0,250,451
08/08/2013,ISP,NY,AEA,EN,Towers with Radar,26,28,43,0,97,0,2,12,2,16,26,30,55,2,113,0,0,0,113
08/09/2013,ISP,NY,AEA,EN,Towers with Radar,26,27,48,2,103,0,2,20,0,22,26,29,68,2,125,2,0,2,127
08/10/2013,ISP,NY,AEA,EN,Towers with Radar,27,19,19,1,66,0,0,191,0,191,27,19,210,1,257,202,0,202,459
08/11/2013,ISP,NY,AEA,EN,Towers with Radar,23,23,32,0,78,0,0,203,4,207,23,23,235,4,285,180,0,180,465
08/12/2013,ISP,NY,AEA,EN,Towers with Radar,24,26,35,0,85,0,2,80,5,87,24,28,115,5,172,102,0,102,274
08/13/2013,ISP,NY,AEA,EN,Towers with Radar,24,28,24,2,78,0,0,11,0,11,24,28,35,2,89,22,0,22,111
08/14/2013,ISP,NY,AEA,EN,Towers with Radar,24,25,35,0,84,0,3,144,4,151,24,28,179,4,235,175,0,175,410
08/15/2013,ISP,NY,AEA,EN,Towers with Radar,23,24,32,0,79,0,5,151,6,162,23,29,183,6,241,192,4,196,437
08/16/2013,ISP,NY,AEA,EN,Towers with Radar,24,19,32,1,76,0,5,140,8,153,24,24,172,9,229,184,0,184,413
08/17/2013,ISP,NY,AEA,EN,Towers with Radar,25,16,33,0,74,0,2,156,2,160,25,18,189,2,234,184,0,184,418
08/18/2013,ISP,NY,AEA,EN,Towers with Radar,23,22,25,1,71,0,0,98,1,99,23,22,123,2,170,167,0,167,337
08/19/2013,ISP,NY,AEA,EN,Towers with Radar,24,23,34,2,83,0,5,70,2,77,24,28,104,4,160,78,0,78,238
08/20/2013,ISP,NY,AEA,EN,Towers with Radar,24,27,33,0,84,0,13,127,2,142,24,40,160,2,226,132,0,132,358
08/21/2013,ISP,NY,AEA,EN,Towers with Radar,24,19,37,0,80,0,9,116,0,125,24,28,153,0,205,240,0,240,445
08/22/2013,ISP,NY,AEA,EN,Towers with Radar,23,18,24,0,65,0,7,18,3,28,23,25,42,3,93,36,0,36,129
08/23/2013,ISP,NY,AEA,EN,Towers with Radar,24,25,21,0,70,0,6,141,0,147,24,31,162,0,217,194,0,194,411
08/24/2013,ISP,NY,AEA,EN,Towers with Radar,25,13,29,0,67,0,0,171,2,173,25,13,200,2,240,150,0,150,390
08/25/2013,ISP,NY,AEA,EN,Towers with Radar,23,24,34,0,81,0,0,168,0,168,23,24,202,0,249,166,0,166,415
08/26/2013,ISP,NY,AEA,EN,Towers with Radar,24,20,24,0,68,0,0,69,0,69,24,20,93,0,137,80,0,80,217
08/27/2013,ISP,NY,AEA,EN,Towers with Radar,25,18,33,0,76,0,2,46,0,48,25,20,79,0,124,114,0,114,238
08/28/2013,ISP,NY,AEA,EN,Towers with Radar,26,21,27,0,74,0,5,73,4,82,26,26,100,4,156,112,18,130,286
08/29/2013,ISP,NY,AEA,EN,Towers with Radar,24,22,35,2,83,0,2,48,0,50,24,24,83,2,133,98,0,98,231
08/30/2013,ISP,NY,AEA,EN,Towers with Radar,23,22,27,0,72,0,4,98,0,102,23,26,125,0,174,126,0,126,300
08/31/2013,ISP,NY,AEA,EN,Towers with Radar,21,16,17,0,54,0,3,26,0,29,21,19,43,0,83,52,0,52,135
09/01/2013,ISP,NY,AEA,EN,Towers with Radar,18,12,29,0,59,0,0,2,0,2,18,12,31,0,61,26,0,26,87
09/02/2013,ISP,NY,AEA,EN,Towers with Radar,22,17,32,0,71,0,0,0,0,0,22,17,32,0,71,0,0,0,71
09/03/2013,ISP,NY,AEA,EN,Towers with Radar,24,32,31,0,87,0,2,37,4,43,24,34,68,4,130,108,0,108,238
09/04/2013,ISP,NY,AEA,EN,Towers with Radar,24,25,22,2,73,0,13,146,4,163,24,38,168,6,236,148,0,148,384
09/05/2013,ISP,NY,AEA,EN,Towers with Radar,24,22,23,0,69,0,9,122,5,136,24,31,145,5,205,128,0,128,333
09/06/2013,ISP,NY,AEA,EN,Towers with Radar,22,29,32,0,83,0,9,158,2,169,22,38,190,2,252,164,2,166,418
09/07/2013,ISP,NY,AEA,EN,Towers with Radar,25,15,19,0,59,0,5,154,5,164,25,20,173,5,223,170,0,170,393
09/08/2013,ISP,NY,AEA,EN,Towers with Radar,23,29,21,2,75,0,0,107,2,109,23,29,128,4,184,138,0,138,322
09/09/2013,ISP,NY,AEA,EN,Towers with Radar,24,21,23,0,68,0,6,92,0,98,24,27,115,0,166,152,0,152,318
09/10/2013,ISP,NY,AEA,EN,Towers with Radar,24,23,29,1,77,0,4,34,3,41,24,27,63,4,118,122,0,122,240
09/11/2013,ISP,NY,AEA,EN,Towers with Radar,24,22,24,0,70,0,22,75,4,101,24,44,99,4,171,142,0,142,313
09/12/2013,ISP,NY,AEA,EN,Towers with Radar,22,24,18,0,64,0,3,28,0,31,22,27,46,0,95,43,0,43,138
09/13/2013,ISP,NY,AEA,EN,Towers with Radar,25,23,40,0,88,0,7,84,2,93,25,30,124,2,181,168,0,168,349
09/14/2013,ISP,NY,AEA,EN,Towers with Radar,27,18,20,0,65,0,1,124,1,126,27,19,144,1,191,154,0,154,345
09/15/2013,ISP,NY,AEA,EN,Towers with Radar,23,24,37,0,84,0,0,177,0,177,23,24,214,0,261,150,0,150,411
09/16/2013,ISP,NY,AEA,EN,Towers with Radar,24,23,29,2,78,0,10,54,0,64,24,33,83,2,142,114,0,114,256
09/17/2013,ISP,NY,AEA,EN,Towers with Radar,26,23,28,0,77,0,5,152,3,160,26,28,180,3,237,150,0,150,387
09/18/2013,ISP,NY,AEA,EN,Towers with Radar,24,23,38,0,85,0,10,154,4,168,24,33,192,4,253,85,0,85,338
09/19/2013,ISP,NY,AEA,EN,Towers with Radar,24,19,37,0,80,0,13,121,6,140,24,32,158,6,220,202,0,202,422
09/20/2013,ISP,NY,AEA,EN,Towers with Radar,22,21,26,0,69,0,9,131,0,140,22,30,157,0,209,210,0,210,419
09/21/2013,ISP,NY,AEA,EN,Towers with Radar,23,15,32,0,70,0,0,53,0,53,23,15,85,0,123,154,0,154,277
09/22/2013,ISP,NY,AEA,EN,Towers with Radar,23,21,26,0,70,0,0,101,0,101,23,21,127,0,171,116,0,116,287
09/23/2013,ISP,NY,AEA,EN,Towers with Radar,26,21,32,0,79,0,17,86,0,103,26,38,118,0,182,194,0,194,376
09/24/2013,ISP,NY,AEA,EN,Towers with Radar,26,25,37,0,88,0,8,133,3,144,26,33,170,3,232,200,0,200,432
09/25/2013,ISP,NY,AEA,EN,Towers with Radar,26,25,32,0,83,0,11,109,4,124,26,36,141,4,207,120,0,120,327
09/26/2013,ISP,NY,AEA,EN,Towers with Radar,24,21,34,0,79,0,8,79,1,88,24,29,113,1,167,116,0,116,283
09/27/2013,ISP,NY,AEA,EN,Towers with Radar,22,27,42,0,91,0,5,102,0,107,22,32,144,0,198,116,8,124,322
09/28/2013,ISP,NY,AEA,EN,Towers with Radar,28,14,26,0,68,0,1,130,0,131,28,15,156,0,199,186,0,186,385
09/29/2013,ISP,NY,AEA,EN,Towers with Radar,23,27,24,4,78,0,0,168,1,169,23,27,192,5,247,212,0,212,459
09/30/2013,ISP,NY,AEA,EN,Towers with Radar,24,22,37,2,85,0,4,73,0,77,24,26,110,2,162,160,0,160,322
10/01/2013,ISP,NY,AEA,EN,Towers with Radar,26,19,27,0,72,0,7,125,0,132,26,26,152,0,204,128,0,128,332
10/02/2013,ISP,NY,AEA,EN,Towers with Radar,28,22,28,0,78,0,9,104,2,115,28,31,132,2,193,102,0,102,295
10/03/2013,ISP,NY,AEA,EN,Towers with Radar,24,25,32,0,81,0,10,121,0,131,24,35,153,0,212,130,0,130,342
10/04/2013,ISP,NY,AEA,EN,Towers with Radar,28,27,30,0,85,0,7,78,1,86,28,34,108,1,171,144,0,144,315
10/05/2013,ISP,NY,AEA,EN,Towers with Radar,22,19,39,0,80,0,2,21,0,23,22,21,60,0,103,84,0,84,187
10/06/2013,ISP,NY,AEA,EN,Towers with Radar,22,34,25,1,82,0,0,0,0,0,22,34,25,1,82,0,0,0,82
10/07/2013,ISP,NY,AEA,EN,Towers with Radar,24,17,23,0,64,0,0,15,0,15,24,17,38,0,79,0,0,0,79
10/08/2013,ISP,NY,AEA,EN,Towers with Radar,26,20,21,0,67,0,5,87,0,92,26,25,108,0,159,108,0,108,267
10/09/2013,ISP,NY,AEA,EN,Towers with Radar,24,22,30,0,76,0,13,97,0,110,24,35,127,0,186,160,0,160,346
10/10/2013,ISP,NY,AEA,EN,Towers with Radar,24,19,18,0,61,0,2,12,0,14,24,21,30,0,75,36,0,36,111
10/11/2013,ISP,NY,AEA,EN,Towers with Radar,30,17,37,0,84,0,3,34,0,37,30,20,71,0,121,102,0,102,223
10/12/2013,ISP,NY,AEA,EN,Towers with Radar,22,16,28,0,66,0,12,82,1,95,22,28,110,1,161,114,0,114,275
10/13/2013,ISP,NY,AEA,EN,Towers with Radar,28,23,32,0,83,0,0,102,0,102,28,23,134,0,185,164,0,164,349
10/14/2013,ISP,NY,AEA,EN,Towers with Radar,24,19,28,0,71,0,0,101,0,101,24,19,129,0,172,156,0,156,328
10/15/2013,ISP,NY,AEA,EN,Towers with Radar,25,23,31,0,79,0,7,116,0,123,25,30,147,0,202,226,0,226,428
10/16/2013,ISP,NY,AEA,EN,Towers with Radar,24,23,45,0,92,0,0,77,3,80,24,23,122,3,172,156,0,156,328
10/17/2013,ISP,NY,AEA,EN,Towers with Radar,24,26,38,0,88,0,2,31,0,33,24,28,69,0,121,158,0,158,279
10/18/2013,ISP,NY,AEA,EN,Towers with Radar,24,27,32,0,83,0,8,120,1,129,24,35,152,1,212,96,0,96,308
10/19/2013,ISP,NY,AEA,EN,Towers with Radar,22,13,23,0,58,0,12,143,0,155,22,25,166,0,213,184,0,184,397
10/20/2013,ISP,NY,AEA,EN,Towers with Radar,22,23,39,0,84,0,1,113,0,114,22,24,152,0,198,154,0,154,352
10/21/2013,ISP,NY,AEA,EN,Towers with Radar,24,20,33,0,77,0,6,88,3,97,24,26,121,3,174,110,0,110,284
10/22/2013,ISP,NY,AEA,EN,Towers with Radar,24,25,36,1,86,0,8,102,3,113,24,33,138,4,199,178,0,178,377
10/23/2013,ISP,NY,AEA,EN,Towers with Radar,24,21,36,2,83,0,7,61,5,73,24,28,97,7,156,120,8,128,284
10/24/2013,ISP,NY,AEA,EN,Towers with Radar,24,22,35,1,82,0,13,82,5,100,24,35,117,6,182,138,14,152,334
10/25/2013,ISP,NY,AEA,EN,Towers with Radar,24,20,32,0,76,0,11,93,3,107,24,31,125,3,183,150,0,150,333
10/26/2013,ISP,NY,AEA,EN,Towers with Radar,22,12,14,0,48,0,10,98,0,108,22,22,112,0,156,138,0,138,294
10/27/2013,ISP,NY,AEA,EN,Towers with Radar,22,20,38,0,80,0,3,126,0,129,22,23,164,0,209,174,0,174,383
10/28/2013,ISP,NY,AEA,EN,Towers with Radar,26,20,28,1,75,0,23,91,3,117,26,43,119,4,192,226,4,230,422
10/29/2013,ISP,NY,AEA,EN,Towers with Radar,26,20,49,1,96,0,7,135,12,154,26,27,184,13,250,242,0,242,492
10/30/2013,ISP,NY,AEA,EN,Towers with Radar,24,26,35,4,89,0,13,86,3,102,24,39,121,7,191,230,0,230,421
10/31/2013,ISP,NY,AEA,EN,Towers with Radar,24,28,23,0,75,0,2,36,3,41,24,30,59,3,116,98,0,98,214
11/01/2013,ISP,NY,AEA,EN,Towers with Radar,26,20,11,0,57,0,2,21,0,23,26,22,32,0,80,0,0,0,80
11/02/2013,ISP,NY,AEA,EN,Towers with Radar,24,12,30,0,66,0,9,189,2,200,24,21,219,2,266,242,2,244,510
11/03/2013,ISP,NY,AEA,EN,Towers with Radar,24,22,20,0,66,0,0,85,2,87,24,22,105,2,153,150,0,150,303
11/04/2013,ISP,NY,AEA,EN,Towers with Radar,27,23,21,0,71,0,4,79,4,87,27,27,100,4,158,142,0,142,300
11/05/2013,ISP,NY,AEA,EN,Towers with Radar,26,28,21,1,76,0,11,94,6,111,26,39,115,7,187,262,20,282,469
11/06/2013,ISP,NY,AEA,EN,Towers with Radar,26,21,40,2,89,0,11,114,4,129,26,32,154,6,218,191,8,199,417
11/07/2013,ISP,NY,AEA,EN,Towers with Radar,27,22,27,0,76,0,2,7,0,9,27,24,34,0,85,8,0,8,93
11/08/2013,ISP,NY,AEA,EN,Towers with Radar,25,22,32,3,82,0,13,65,3,81,25,35,97,6,163,94,0,94,257
11/09/2013,ISP,NY,AEA,EN,Towers with Radar,30,15,28,0,73,0,10,184,1,195,30,25,212,1,268,158,0,158,426
11/10/2013,ISP,NY,AEA,EN,Towers with Radar,24,19,26,0,69,0,2,70,18,90,24,21,96,18,159,70,0,70,229
11/11/2013,ISP,NY,AEA,EN,Towers with Radar,26,17,29,0,72,0,3,106,1,110,26,20,135,1,182,126,0,126,308
11/12/2013,ISP,NY,AEA,EN,Towers with Radar,26,21,21,0,68,0,4,18,6,28,26,25,39,6,96,30,5,35,131
11/13/2013,ISP,NY,AEA,EN,Towers with Radar,25,20,25,1,71,0,4,100,3,107,25,24,125,4,178,98,0,98,276
11/14/2013,ISP,NY,AEA,EN,Towers with Radar,27,21,30,0,78,0,16,75,1,92,27,37,105,1,170,176,0,176,346
11/15/2013,ISP,NY,AEA,EN,Towers with Radar,25,32,20,0,77,0,20,119,0,139,25,52,139,0,216,256,0,256,472
11/16/2013,ISP,NY,AEA,EN,Towers with Radar,31,12,35,0,78,0,2,173,0,175,31,14,208,0,253,152,0,152,405
11/17/2013,ISP,NY,AEA,EN,Towers with Radar,26,17,46,0,89,0,0,1,0,1,26,17,47,0,90,44,0,44,134
11/18/2013,ISP,NY,AEA,EN,Towers with Radar,26,26,17,0,69,0,6,47,2,55,26,32,64,2,124,78,0,78,202
11/19/2013,ISP,NY,AEA,EN,Towers with Radar,28,22,18,2,70,0,1,46,4,51,28,23,64,6,121,16,0,16,137
11/20/2013,ISP,NY,AEA,EN,Towers with Radar,26,27,29,1,83,0,11,117,6,134,26,38,146,7,217,212,22,234,451
11/21/2013,ISP,NY,AEA,EN,Towers with Radar,26,25,24,0,75,0,12,117,4,133,26,37,141,4,208,182,0,182,390
11/22/2013,ISP,NY,AEA,EN,Towers with Radar,35,26,36,17,114,0,1,8,0,9,35,27,44,17,123,12,0,12,135
11/23/2013,ISP,NY,AEA,EN,Towers with Radar,28,18,18,0,64,0,7,96,0,103,28,25,114,0,167,120,0,120,287
11/24/2013,ISP,NY,AEA,EN,Towers with Radar,24,21,8,1,54,0,0,12,1,13,24,21,20,2,67,0,0,0,67
11/25/2013,ISP,NY,AEA,EN,Towers with Radar,26,27,29,0,82,0,16,113,4,133,26,43,142,4,215,180,0,180,395
11/26/2013,ISP,NY,AEA,EN,Towers with Radar,36,36,31,1,104,0,12,56,1,69,36,48,87,2,173,130,0,130,303
11/27/2013,ISP,NY,AEA,EN,Towers with Radar,36,23,7,0,66,0,0,0,0,0,36,23,7,0,66,0,0,0,66
11/28/2013,ISP,NY,AEA,EN,Towers with Radar,18,6,5,0,29,0,0,12,0,12,18,6,17,0,41,0,0,0,41
11/29/2013,ISP,NY,AEA,EN,Towers with Radar,24,11,27,0,62,0,4,140,0,144,24,15,167,0,206,172,0,172,378
11/30/2013,ISP,NY,AEA,EN,Towers with Radar,35,14,23,0,72,0,2,112,0,114,35,16,135,0,186,242,0,242,428
12/01/2013,ISP,NY,AEA,EN,Towers with Radar,34,38,39,0,111,0,0,90,0,90,34,38,129,0,201,178,0,178,379
12/02/2013,ISP,NY,AEA,EN,Towers with Radar,35,33,36,0,104,0,10,62,1,73,35,43,98,1,177,44,0,44,221
12/03/2013,ISP,NY,AEA,EN,Towers with Radar,26,24,22,0,72,0,7,80,6,93,26,31,102,6,165,172,0,172,337
12/04/2013,ISP,NY,AEA,EN,Towers with Radar,26,24,44,1,95,0,15,96,14,125,26,39,140,15,220,162,18,180,400
12/05/2013,ISP,NY,AEA,EN,Towers with Radar,25,53,34,0,112,0,0,3,0,3,25,53,37,0,115,12,0,12,127
12/06/2013,ISP,NY,AEA,EN,Towers with Radar,23,30,26,0,79,0,2,3,0,5,23,32,29,0,84,28,0,28,112
12/07/2013,ISP,NY,AEA,EN,Towers with Radar,29,16,31,2,78,0,5,111,2,118,29,21,142,4,196,274,0,274,470
12/08/2013,ISP,NY,AEA,EN,Towers with Radar,24,17,19,0,60,0,0,60,0,60,24,17,79,0,120,234,0,234,354
12/09/2013,ISP,NY,AEA,EN,Towers with Radar,26,9,11,0,46,0,0,0,0,0,26,9,11,0,46,0,0,0,46
12/10/2013,ISP,NY,AEA,EN,Towers with Radar,24,17,14,0,55,0,3,7,0,10,24,20,21,0,65,0,0,0,65
12/11/2013,ISP,NY,AEA,EN,Towers with Radar,26,30,24,3,83,0,16,107,5,128,26,46,131,8,211,130,0,130,341
12/12/2013,ISP,NY,AEA,EN,Towers with Radar,26,37,26,4,93,0,14,93,11,118,26,51,119,15,211,168,0,168,379
12/13/2013,ISP,NY,AEA,EN,Towers with Radar,26,25,23,4,78,0,13,85,0,98,26,38,108,4,176,80,2,82,258
12/14/2013,ISP,NY,AEA,EN,Towers with Radar,24,11,11,0,46,0,0,6,0,6,24,11,17,0,52,80,0,80,132
12/15/2013,ISP,NY,AEA,EN,Towers with Radar,19,18,13,0,50,0,0,26,0,26,19,18,39,0,76,64,0,64,140
12/16/2013,ISP,NY,AEA,EN,Towers with Radar,26,22,37,3,88,0,6,62,5,73,26,28,99,8,161,76,0,76,237
12/17/2013,ISP,NY,AEA,EN,Towers with Radar,27,16,23,0,66,0,2,4,0,6,27,18,27,0,72,0,0,0,72
12/18/2013,ISP,NY,AEA,EN,Towers with Radar,26,22,18,2,68,0,4,79,6,89,26,26,97,8,157,120,4,124,281
12/19/2013,ISP,NY,AEA,EN,Towers with Radar,26,22,30,2,80,0,9,131,2,142,26,31,161,4,222,154,0,154,376
12/20/2013,ISP,NY,AEA,EN,Towers with Radar,36,28,38,0,102,0,7,95,2,104,36,35,133,2,206,158,4,162,368
12/21/2013,ISP,NY,AEA,EN,Towers with Radar,34,15,38,0,87,0,0,120,0,120,34,15,158,0,207,176,0,176,383
12/22/2013,ISP,NY,AEA,EN,Towers with Radar,24,12,21,0,57,0,0,8,0,8,24,12,29,0,65,30,0,30,95
12/23/2013,ISP,NY,AEA,EN,Towers with Radar,27,23,17,0,67,0,0,1,0,1,27,23,18,0,68,12,0,12,80
12/24/2013,ISP,NY,AEA,EN,Towers with Radar,23,15,20,0,58,0,4,64,0,68,23,19,84,0,126,80,0,80,206
12/25/2013,ISP,NY,AEA,EN,Towers with Radar,23,5,6,0,34,0,0,23,0,23,23,5,29,0,57,36,0,36,93
12/26/2013,ISP,NY,AEA,EN,Towers with Radar,35,22,40,2,99,0,2,52,0,54,35,24,92,2,153,36,0,36,189
12/27/2013,ISP,NY,AEA,EN,Towers with Radar,37,21,33,1,92,0,2,108,1,111,37,23,141,2,203,156,0,156,359
12/28/2013,ISP,NY,AEA,EN,Towers with Radar,34,12,34,0,80,0,0,91,0,91,34,12,125,0,171,106,0,106,277
12/29/2013,ISP,NY,AEA,EN,Towers with Radar,24,16,15,0,55,0,0,23,0,23,24,16,38,0,78,74,0,74,152
12/30/2013,ISP,NY,AEA,EN,Towers with Radar,27,18,30,2,77,0,0,92,1,93,27,18,122,3,170,92,0,92,262
12/31/2013,ISP,NY,AEA,EN,Towers with Radar,24,11,20,2,57,0,3,89,2,94,24,14,109,4,151,104,0,104,255
01/01/2014,ISP,NY,AEA,EN,Towers with Radar,24,17,13,0,54,0,0,51,0,51,24,17,64,0,105,52,0,52,157
01/02/2014,ISP,NY,AEA,EN,Towers with Radar,18,13,9,0,40,0,2,0,0,2,18,15,9,0,42,0,0,0,42
01/03/2014,ISP,NY,AEA,EN,Towers with Radar,18,8,3,0,29,0,1,9,0,10,18,9,12,0,39,2,0,2,41
01/04/2014,ISP,NY,AEA,EN,Towers with Radar,23,15,17,0,55,0,0,63,0,63,23,15,80,0,118,108,0,108,226
01/05/2014,ISP,NY,AEA,EN,Towers with Radar,21,26,31,0,78,0,0,5,0,5,21,26,36,0,83,40,0,40,123
01/06/2014,ISP,NY,AEA,EN,Towers with Radar,18,25,19,0,62,0,0,16,0,16,18,25,35,0,78,34,0,34,112
01/07/2014,ISP,NY,AEA,EN,Towers with Radar,25,21,11,0,57,0,0,19,4,23,25,21,30,4,80,0,0,0,80
01/08/2014,ISP,NY,AEA,EN,Towers with Radar,26,20,30,0,76,0,3,82,4,89,26,23,112,4,165,128,0,128,293
01/09/2014,ISP,NY,AEA,EN,Towers with Radar,26,18,31,1,76,0,9,111,6,126,26,27,142,7,202,58,0,58,260
01/10/2014,ISP,NY,AEA,EN,Towers with Radar,26,17,10,0,53,0,2,2,0,4,26,19,12,0,57,40,0,40,97
01/11/2014,ISP,NY,AEA,EN,Towers with Radar,33,7,6,0,46,0,0,0,0,0,33,7,6,0,46,0,0,0,46
01/12/2014,ISP,NY,AEA,EN,Towers with Radar,23,18,19,0,60,0,0,86,4,90,23,18,105,4,150,114,0,114,264
01/13/2014,ISP,NY,AEA,EN,Towers with Radar,28,17,21,0,66,0,3,102,4,109,28,20,123,4,175,200,0,200,375
01/14/2014,ISP,NY,AEA,EN,Towers with Radar,26,18,32,0,76,0,1,5,1,7,26,19,37,1,83,0,0,0,83
01/15/2014,ISP,NY,AEA,EN,Towers with Radar,16,9,22,0,47,0,0,1,0,1,16,9,23,0,48,0,0,0,48
01/16/2014,ISP,NY,AEA,EN,Towers with Radar,30,20,22,0,72,0,4,34,0,38,30,24,56,0,110,76,0,76,186
01/17/2014,ISP,NY,AEA,EN,Towers with Radar,28,21,41,0,90,0,10,124,2,136,28,31,165,2,226,184,0,184,410
01/18/2014,ISP,NY,AEA,EN,Towers with Radar,27,10,27,0,64,0,0,47,0,47,27,10,74,0,111,144,0,144,255
01/19/2014,ISP,NY,AEA,EN,Towers with Radar,24,16,27,0,67,0,0,80,0,80,24,16,107,0,147,234,0,234,381
01/20/2014,ISP,NY,AEA,EN,Towers with Radar,27,26,27,0,80,0,0,114,0,114,27,26,141,0,194,130,0,130,324
01/21/2014,ISP,NY,AEA,EN,Towers with Radar,12,8,7,0,27,0,2,11,0,13,12,10,18,0,40,2,0,2,42
01/22/2014,ISP,NY,AEA,EN,Towers with Radar,20,15,16,0,51,0,2,27,7,36,20,17,43,7,87,50,14,64,151
01/23/2014,ISP,NY,AEA,EN,Towers with Radar,26,28,26,2,82,0,10,63,3,76,26,38,89,5,158,96,16,112,270
01/24/2014,ISP,NY,AEA,EN,Towers with Radar,28,26,29,5,88,0,5,82,2,89,28,31,111,7,177,84,0,84,261
01/25/2014,ISP,NY,AEA,EN,Towers with Radar,26,8,4,0,38,0,0,6,0,6,26,8,10,0,44,6,0,6,50
01/26/2014,ISP,NY,AEA,EN,Towers with Radar,24,23,25,0,72,0,1,64,0,65,24,24,89,0,137,56,0,56,193
01/27/2014,ISP,NY,AEA,EN,Towers with Radar,28,19,30,1,78,0,8,43,5,56,28,27,73,6,134,82,8,90,224
01/28/2014,ISP,NY,AEA,EN,Towers with Radar,26,24,28,7,85,0,5,71,7,83,26,29,99,14,168,106,2,108,276
01/29/2014,ISP,NY,AEA,EN,Towers with Radar,26,23,21,1,71,0,6,56,6,68,26,29,77,7,139,64,0,64,203
01/30/2014,ISP,NY,AEA,EN,Towers with Radar,26,24,45,1,96,0,16,96,5,117,26,40,141,6,213,106,0,106,319
01/31/2014,ISP,NY,AEA,EN,Towers with Radar,25,22,49,1,97,0,10,119,3,132,25,32,168,4,229,104,0,104,333
02/01/2014,ISP,NY,AEA,EN,Towers with Radar,29,7,34,0,70,0,4,157,0,161,29,11,191,0,231,290,0,290,521
02/02/2014,ISP,NY,AEA,EN,Towers with Radar,23,18,51,1,93,0,0,98,0,98,23,18,149,1,191,154,0,154,345
02/03/2014,ISP,NY,AEA,EN,Towers with Radar,20,14,13,0,47,0,0,2,0,2,20,14,15,0,49,0,0,0,49
02/04/2014,ISP,NY,AEA,EN,Towers with Radar,20,23,39,0,82,0,6,80,6,92,20,29,119,6,174,178,26,204,378
02/05/2014,ISP,NY,AEA,EN,Towers with Radar,12,8,1,0,21,0,0,0,0,0,12,8,1,0,21,0,0,0,21
02/06/2014,ISP,NY,AEA,EN,Towers with Radar,27,25,29,0,81,0,5,78,4,87,27,30,107,4,168,30,4,34,202
02/07/2014,ISP,NY,AEA,EN,Towers with Radar,28,28,27,0,83,0,14,79,2,95,28,42,106,2,178,154,0,154,332
02/08/2014,ISP,NY,AEA,EN,Towers with Radar,26,13,32,0,71,0,12,142,0,154,26,25,174,0,225,218,0,218,443
02/09/2014,ISP,NY,AEA,EN,Towers with Radar,24,19,27,0,70,0,0,84,0,84,24,19,111,0,154,176,0,176,330
02/10/2014,ISP,NY,AEA,EN,Towers with Radar,28,24,25,3,80,0,8,63,4,75,28,32,88,7,155,140,0,140,295
02/11/2014,ISP,NY,AEA,EN,Towers with Radar,26,18,34,1,79,0,3,80,7,90,26,21,114,8,169,150,0,150,319
02/12/2014,ISP,NY,AEA,EN,Towers with Radar,18,24,34,0,76,0,4,84,9,97,18,28,118,9,173,138,0,138,311
02/13/2014,ISP,NY,AEA,EN,Towers with Radar,0,3,11,0,14,0,0,0,0,0,0,3,11,0,14,0,0,0,14
02/14/2014,ISP,NY,AEA,EN,Towers with Radar,30,24,27,1,82,0,3,15,2,20,30,27,42,3,102,36,0,36,138
02/15/2014,ISP,NY,AEA,EN,Towers with Radar,17,15,13,0,45,0,0,11,0,11,17,15,24,0,56,84,0,84,140
02/16/2014,ISP,NY,AEA,EN,Towers with Radar,27,19,21,0,67,0,1,69,0,70,27,20,90,0,137,112,26,138,275
02/17/2014,ISP,NY,AEA,EN,Towers with Radar,36,30,40,0,106,0,6,90,0,96,36,36,130,0,202,140,0,140,342
02/18/2014,ISP,NY,AEA,EN,Towers with Radar,34,16,19,1,70,0,1,18,3,22,34,17,37,4,92,0,16,16,108
02/19/2014,ISP,NY,AEA,EN,Towers with Radar,36,17,25,0,78,0,2,23,0,25,36,19,48,0,103,62,0,62,165
02/20/2014,ISP,NY,AEA,EN,Towers with Radar,37,22,35,0,94,0,12,102,2,116,37,34,137,2,210,186,0,186,396
02/21/2014,ISP,NY,AEA,EN,Towers with Radar,18,18,10,0,46,0,1,2,0,3,18,19,12,0,49,0,0,0,49
02/22/2014,ISP,NY,AEA,EN,Towers with Radar,34,16,56,0,106,0,13,172,3,188,34,29,228,3,294,242,0,242,536
02/23/2014,ISP,NY,AEA,EN,Towers with Radar,34,29,42,0,105,0,1,164,0,165,34,30,206,0,270,212,0,212,482
02/24/2014,ISP,NY,AEA,EN,Towers with Radar,38,19,24,0,81,0,4,68,6,78,38,23,92,6,159,102,0,102,261
02/25/2014,ISP,NY,AEA,EN,Towers with Radar,36,22,28,3,89,0,6,60,5,71,36,28,88,8,160,122,0,122,282
02/26/2014,ISP,NY,AEA,EN,Towers with Radar,36,21,13,0,70,0,3,23,2,28,36,24,36,2,98,40,0,40,138
02/27/2014,ISP,NY,AEA,EN,Towers with Radar,38,25,21,1,85,0,2,39,5,46,38,27,60,6,131,52,0,52,183
02/28/2014,ISP,NY,AEA,EN,Towers with Radar,37,21,19,3,80,0,10,83,2,95,37,31,102,5,175,164,0,164,339
03/01/2014,ISP,NY,AEA,EN,Towers with Radar,33,12,26,0,71,0,8,166,0,174,33,20,192,0,245,376,0,376,621
03/02/2014,ISP,NY,AEA,EN,Towers with Radar,36,20,23,0,79,0,0,38,0,38,36,20,61,0,117,232,0,232,349
03/03/2014,ISP,NY,AEA,EN,Towers with Radar,35,14,14,2,65,0,4,25,2,31,35,18,39,4,96,8,0,8,104
03/04/2014,ISP,NY,AEA,EN,Towers with Radar,35,19,36,3,93,0,8,78,6,92,35,27,114,9,185,168,0,168,353
03/05/2014,ISP,NY,AEA,EN,Towers with Radar,36,33,18,2,89,0,14,101,7,122,36,47,119,9,211,126,16,142,353
03/06/2014,ISP,NY,AEA,EN,Towers with Radar,35,18,22,1,76,0,5,86,5,96,35,23,108,6,172,152,8,160,332
03/07/2014,ISP,NY,AEA,EN,Towers with Radar,37,24,22,1,84,0,17,66,5,88,37,41,88,6,172,220,0,220,392
03/08/2014,ISP,NY,AEA,EN,Towers with Radar,30,14,46,0,90,0,6,173,9,188,30,20,219,9,278,342,0,342,620
03/09/2014,ISP,NY,AEA,EN,Towers with Radar,30,22,36,0,88,0,0,137,2,139,30,22,173,2,227,216,0,216,443
03/10/2014,ISP,NY,AEA,EN,Towers with Radar,38,24,19,1,82,0,7,54,3,64,38,31,73,4,146,158,0,158,304
03/11/2014,ISP,NY,AEA,EN,Towers with Radar,35,22,33,1,91,0,5,115,7,127,35,27,148,8,218,164,0,164,382
03/12/2014,ISP,NY,AEA,EN,Towers with Radar,35,16,25,0,76,0,6,8,0,14,35,22,33,0,90,26,0,26,116
03/13/2014,ISP,NY,AEA,EN,Towers with Radar,35,19,9,0,63,0,4,9,0,13,35,23,18,0,76,2,0,2,78
03/14/2014,ISP,NY,AEA,EN,Towers with Radar,38,24,31,0,93,0,11,102,2,115,38,35,133,2,208,214,0,214,422
03/15/2014,ISP,NY,AEA,EN,Towers with Radar,35,12,25,0,72,0,11,75,0,86,35,23,100,0,158,170,0,170,328
03/16/2014,ISP,NY,AEA,EN,Towers with Radar,29,23,29,0,81,0,0,156,0,156,29,23,185,0,237,322,0,322,559
03/17/2014,ISP,NY,AEA,EN,Towers with Radar,35,20,16,2,73,0,2,46,0,48,35,22,62,2,121,102,0,102,223
03/18/2014,ISP,NY,AEA,EN,Towers with Radar,35,18,24,0,77,0,15,139,4,158,35,33,163,4,235,256,2,258,493
03/19/2014,ISP,NY,AEA,EN,Towers with Radar,34,16,20,1,71,0,2,73,2,77,34,18,93,3,148,140,0,140,288
03/20/2014,ISP,NY,AEA,EN,Towers with Radar,36,21,18,4,79,0,4,34,5,43,36,25,52,9,122,22,0,22,144
03/21/2014,ISP,NY,AEA,EN,Towers with Radar,37,26,26,0,89,0,10,107,1,118,37,36,133,1,207,98,0,98,305
03/22/2014,ISP,NY,AEA,EN,Towers with Radar,31,9,19,0,59,0,1,79,0,80,31,10,98,0,139,46,0,46,185
03/23/2014,ISP,NY,AEA,EN,Towers with Radar,28,20,35,0,83,0,0,149,0,149,28,20,184,0,232,250,0,250,482
03/24/2014,ISP,NY,AEA,EN,Towers with Radar,38,20,17,0,75,0,2,68,3,73,38,22,85,3,148,220,0,220,368
03/25/2014,ISP,NY,AEA,EN,Towers with Radar,35,15,18,1,69,0,7,84,9,100,35,22,102,10,169,216,0,216,385
03/26/2014,ISP,NY,AEA,EN,Towers with Radar,35,21,5,0,61,0,2,1,6,9,35,23,6,6,70,0,0,0,70
03/27/2014,ISP,NY,AEA,EN,Towers with Radar,36,19,26,3,84,0,5,105,8,118,36,24,131,11,202,202,0,202,404
03/28/2014,ISP,NY,AEA,EN,Towers with Radar,38,16,24,1,79,0,1,41,3,45,38,17,65,4,124,100,0,100,224
03/29/2014,ISP,NY,AEA,EN,Towers with Radar,31,14,28,0,73,0,0,38,0,38,31,14,66,0,111,168,0,168,279
03/30/2014,ISP,NY,AEA,EN,Towers with Radar,28,22,32,0,82,0,0,0,0,0,28,22,32,0,82,0,0,0,82
03/31/2014,ISP,NY,AEA,EN,Towers with Radar,40,18,16,0,74,0,2,17,0,19,40,20,33,0,93,0,0,0,93
04/01/2014,ISP,NY,AEA,EN,Towers with Radar,36,19,32,0,87,0,10,139,6,155,36,29,171,6,242,228,0,228,470
04/02/2014,ISP,NY,AEA,EN,Towers with Radar,37,20,35,3,95,0,7,134,1,142,37,27,169,4,237,232,0,232,469
04/03/2014,ISP,NY,AEA,EN,Towers with Radar,36,19,25,4,84,0,13,121,4,138,36,32,146,8,222,246,0,246,468
04/04/2014,ISP,NY,AEA,EN,Towers with Radar,38,22,18,0,78,0,3,24,0,27,38,25,42,0,105,106,0,106,211
04/05/2014,ISP,NY,AEA,EN,Towers with Radar,34,10,19,0,63,0,2,65,2,69,34,12,84,2,132,104,0,104,236
04/06/2014,ISP,NY,AEA,EN,Towers with Radar,30,19,42,0,91,0,1,225,3,229,30,20,267,3,320,282,0,282,602
04/07/2014,ISP,NY,AEA,EN,Towers with Radar,40,21,24,1,86,0,5,70,7,82,40,26,94,8,168,216,2,218,386
04/08/2014,ISP,NY,AEA,EN,Towers with Radar,32,19,22,4,77,0,0,18,5,23,32,19,40,9,100,44,0,44,144
04/09/2014,ISP,NY,AEA,EN,Towers with Radar,30,22,27,3,82,0,12,114,10,136,30,34,141,13,218,196,0,196,414
04/10/2014,ISP,NY,AEA,EN,Towers with Radar,32,27,27,1,87,0,15,128,3,146,32,42,155,4,233,264,0,264,497
04/11/2014,ISP,NY,AEA,EN,Towers with Radar,32,30,37,0,99,0,5,107,2,114,32,35,144,2,213,242,0,242,455
04/12/2014,ISP,NY,AEA,EN,Towers with Radar,30,10,33,0,73,0,3,192,0,195,30,13,225,0,268,279,0,279,547
04/13/2014,ISP,NY,AEA,EN,Towers with Radar,28,25,25,0,78,0,1,130,0,131,28,26,155,0,209,252,0,252,461
04/14/2014,ISP,NY,AEA,EN,Towers with Radar,34,24,13,4,75,0,0,25,6,31,34,24,38,10,106,32,0,32,138
04/15/2014,ISP,NY,AEA,EN,Towers with Radar,32,14,10,0,56,0,0,1,0,1,32,14,11,0,57,0,0,0,57
04/16/2014,ISP,NY,AEA,EN,Towers with Radar,29,29,24,6,88,0,8,58,6,72,29,37,82,12,160,104,0,104,264
04/17/2014,ISP,NY,AEA,EN,Towers with Radar,30,25,36,2,93,0,4,107,2,113,30,29,143,4,206,192,0,192,398
04/18/2014,ISP,NY,AEA,EN,Towers with Radar,31,22,47,0,100,0,10,127,2,139,31,32,174,2,239,330,0,330,569
04/19/2014,ISP,NY,AEA,EN,Towers with Radar,28,12,28,5,73,0,9,168,0,177,28,21,196,5,250,336,0,336,586
04/20/2014,ISP,NY,AEA,EN,Towers with Radar,28,23,21,0,72,0,0,124,0,124,28,23,145,0,196,172,0,172,368
04/21/2014,ISP,NY,AEA,EN,Towers with Radar,32,27,35,8,102,0,7,118,3,128,32,34,153,11,230,158,0,158,388
04/22/2014,ISP,NY,AEA,EN,Towers with Radar,30,18,25,0,73,0,7,89,4,100,30,25,114,4,173,128,0,128,301
04/23/2014,ISP,NY,AEA,EN,Towers with Radar,30,26,27,3,86,0,3,46,2,51,30,29,73,5,137,50,0,50,187
04/24/2014,ISP,NY,AEA,EN,Towers with Radar,30,22,12,4,68,0,2,38,4,44,30,24,50,8,112,2,0,2,114
04/25/2014,ISP,NY,AEA,EN,Towers with Radar,32,28,36,0,96,0,14,174,2,190,32,42,210,2,286,298,18,316,602
04/26/2014,ISP,NY,AEA,EN,Towers with Radar,28,12,31,0,71,0,1,60,1,62,28,13,91,1,133,182,0,182,315
04/27/2014,ISP,NY,AEA,EN,Towers with Radar,27,21,40,0,88,0,0,128,0,128,27,21,168,0,216,228,0,228,444
04/28/2014,ISP,NY,AEA,EN,Towers with Radar,34,18,25,1,78,0,4,129,3,136,34,22,154,4,214,138,0,138,352
04/29/2014,ISP,NY,AEA,EN,Towers with Radar,33,14,45,0,92,0,2,21,4,27,33,16,66,4,119,120,16,136,255
04/30/2014,ISP,NY,AEA,EN,Towers with Radar,34,12,20,0,66,0,4,3,0,7,34,16,23,0,73,0,0,0,73
05/01/2014,ISP,NY,AEA,EN,Towers with Radar,33,22,39,0,94,0,0,13,0,13,33,22,52,0,107,54,0,54,161
05/02/2014,ISP,NY,AEA,EN,Towers with Radar,32,28,35,0,95,0,13,162,2,177,32,41,197,2,272,238,0,238,510
05/03/2014,ISP,NY,AEA,EN,Towers with Radar,28,14,42,0,84,0,5,194,3,202,28,19,236,3,286,352,0,352,638
05/04/2014,ISP,NY,AEA,EN,Towers with Radar,28,22,26,0,76,0,0,64,0,64,28,22,90,0,140,64,0,64,204
05/05/2014,ISP,NY,AEA,EN,Towers with Radar,34,19,26,1,80,0,18,74,7,99,34,37,100,8,179,110,0,110,289
05/06/2014,ISP,NY,AEA,EN,Towers with Radar,32,28,22,6,88,0,18,135,4,157,32,46,157,10,245,178,0,178,423
05/07/2014,ISP,NY,AEA,EN,Towers with Radar,30,31,31,1,93,0,17,149,5,171,30,48,180,6,264,310,6,316,580
05/08/2014,ISP,NY,AEA,EN,Towers with Radar,31,23,28,0,82,0,2,2,0,4,31,25,30,0,86,0,0,0,86
05/09/2014,ISP,NY,AEA,EN,Towers with Radar,32,28,42,0,102,0,0,12,0,12,32,28,54,0,114,0,0,0,114
05/10/2014,ISP,NY,AEA,EN,Towers with Radar,28,9,42,0,79,0,3,42,0,45,28,12,84,0,124,122,0,122,246
05/11/2014,ISP,NY,AEA,EN,Towers with Radar,28,13,17,0,58,0,0,144,0,144,28,13,161,0,202,252,0,252,454
05/12/2014,ISP,NY,AEA,EN,Towers with Radar,32,21,33,0,86,0,9,123,4,136,32,30,156,4,222,148,0,148,370
05/13/2014,ISP,NY,AEA,EN,Towers with Radar,28,23,28,2,81,0,10,104,8,122,28,33,132,10,203,194,18,212,415
05/14/2014,ISP,NY,AEA,EN,Towers with Radar,29,19,39,0,87,0,1,16,3,20,29,20,55,3,107,206,0,206,313
05/15/2014,ISP,NY,AEA,EN,Towers with Radar,25,23,30,0,78,0,0,20,0,20,25,23,50,0,98,6,0,6,104
05/16/2014,ISP,NY,AEA,EN,Towers with Radar,34,18,25,0,77,0,0,0,0,0,34,18,25,0,77,0,0,0,77
05/17/2014,ISP,NY,AEA,EN,Towers with Radar,28,15,36,0,79,0,1,163,5,169,28,16,199,5,248,242,12,254,502
05/18/2014,ISP,NY,AEA,EN,Towers with Radar,28,23,44,0,95,0,3,176,0,179,28,26,220,0,274,258,0,258,532
05/19/2014,ISP,NY,AEA,EN,Towers with Radar,31,20,16,0,67,0,2,119,0,121,31,22,135,0,188,168,0,168,356
05/20/2014,ISP,NY,AEA,EN,Towers with Radar,30,25,31,0,86,0,12,137,0,149,30,37,168,0,235,284,0,284,519
05/21/2014,ISP,NY,AEA,EN,Towers with Radar,30,22,19,2,73,0,7,137,10,154,30,29,156,12,227,346,8,354,581
05/22/2014,ISP,NY,AEA,EN,Towers with Radar,32,30,35,0,97,0,3,18,4,25,32,33,53,4,122,86,0,86,208
05/23/2014,ISP,NY,AEA,EN,Towers with Radar,33,26,66,1,126,0,0,11,0,11,33,26,77,1,137,12,0,12,149
05/24/2014,ISP,NY,AEA,EN,Towers with Radar,24,14,29,0,67,0,1,92,0,93,24,15,121,0,160,278,0,278,438
05/25/2014,ISP,NY,AEA,EN,Towers with Radar,25,13,15,2,55,0,0,161,1,162,25,13,176,3,217,202,0,202,419
05/26/2014,ISP,NY,AEA,EN,Towers with Radar,34,27,12,0,73,0,1,143,0,144,34,28,155,0,217,214,0,214,431
05/27/2014,ISP,NY,AEA,EN,Towers with Radar,27,23,33,0,83,0,6,140,8,154,27,29,173,8,237,278,14,292,529
05/28/2014,ISP,NY,AEA,EN,Towers with Radar,30,23,21,2,76,0,2,12,5,19,30,25,33,7,95,18,10,28,123
05/29/2014,ISP,NY,AEA,EN,Towers with Radar,31,31,35,6,103,0,9,183,6,198,31,40,218,12,301,366,0,366,667
05/30/2014,ISP,NY,AEA,EN,Towers with Radar,31,20,28,0,79,0,2,144,2,148,31,22,172,2,227,254,0,254,481
05/31/2014,ISP,NY,AEA,EN,Towers with Radar,28,8,25,0,61,0,0,137,0,137,28,8,162,0,198,146,0,146,344
06/01/2014,ISP,NY,AEA,EN,Towers with Radar,28,24,21,0,73,0,0,181,0,181,28,24,202,0,254,218,0,218,472
06/02/2014,ISP,NY,AEA,EN,Towers with Radar,29,19,24,0,72,0,9,112,5,126,29,28,136,5,198,258,0,258,456
06/03/2014,ISP,NY,AEA,EN,Towers with Radar,30,17,19,0,66,0,5,119,6,130,30,22,138,6,196,242,30,272,468
06/04/2014,ISP,NY,AEA,EN,Towers with Radar,28,13,31,0,72,0,4,60,2,66,28,17,91,2,138,206,20,226,364
06/05/2014,ISP,NY,AEA,EN,Towers with Radar,28,26,29,0,83,0,4,34,0,38,28,30,63,0,121,60,0,60,181
06/06/2014,ISP,NY,AEA,EN,Towers with Radar,30,20,34,0,84,0,6,142,4,152,30,26,176,4,236,268,0,268,504
06/07/2014,ISP,NY,AEA,EN,Towers with Radar,27,10,28,0,65,0,5,177,3,185,27,15,205,3,250,262,0,262,512
06/08/2014,ISP,NY,AEA,EN,Towers with Radar,30,17,36,0,83,0,0,153,0,153,30,17,189,0,236,240,0,240,476
06/09/2014,ISP,NY,AEA,EN,Towers with Radar,25,17,28,7,77,0,0,18,0,18,25,17,46,7,95,18,2,20,115
06/10/2014,ISP,NY,AEA,EN,Towers with Radar,26,15,26,0,67,0,0,3,0,3,26,15,29,0,70,0,0,0,70
06/11/2014,ISP,NY,AEA,EN,Towers with Radar,22,19,27,9,77,0,6,55,6,67,22,25,82,15,144,130,18,148,292
06/12/2014,ISP,NY,AEA,EN,Towers with Radar,26,18,25,5,74,0,3,11,0,14,26,21,36,5,88,16,0,16,104
06/13/2014,ISP,NY,AEA,EN,Towers with Radar,26,17,19,0,62,0,0,20,0,20,26,17,39,0,82,24,0,24,106
06/14/2014,ISP,NY,AEA,EN,Towers with Radar,27,9,26,2,64,0,0,164,0,164,27,9,190,2,228,280,0,280,508
06/15/2014,ISP,NY,AEA,EN,Towers with Radar,26,18,23,0,67,0,3,159,0,162,26,21,182,0,229,228,0,228,457
06/16/2014,ISP,NY,AEA,EN,Towers with Radar,25,20,21,1,67,0,1,158,3,162,25,21,179,4,229,380,0,380,609
06/17/2014,ISP,NY,AEA,EN,Towers with Radar,24,14,34,0,72,0,6,59,0,65,24,20,93,0,137,104,0,104,241
06/18/2014,ISP,NY,AEA,EN,Towers with Radar,26,16,18,0,60,0,5,80,0,85,26,21,98,0,145,158,8,166,311
06/19/2014,ISP,NY,AEA,EN,Towers with Radar,26,21,32,0,79,0,3,84,2,89,26,24,116,2,168,188,0,188,356
06/20/2014,ISP,NY,AEA,EN,Towers with Radar,26,19,30,0,75,0,4,168,3,175,26,23,198,3,250,198,0,198,448
06/21/2014,ISP,NY,AEA,EN,Towers with Radar,29,10,23,1,63,0,0,177,0,177,29,10,200,1,240,284,0,284,524
06/22/2014,ISP,NY,AEA,EN,Towers with Radar,26,17,25,0,68,0,1,148,0,149,26,18,173,0,217,278,0,278,495
06/23/2014,ISP,NY,AEA,EN,Towers with Radar,27,21,31,1,80,0,7,165,3,175,27,28,196,4,255,224,0,224,479
06/24/2014,ISP,NY,AEA,EN,Towers with Radar,27,24,27,1,79,0,9,140,3,152,27,33,167,4,231,130,0,130,361
06/25/2014,ISP,NY,AEA,EN,Towers with Radar,27,14,43,0,84,0,2,11,2,15,27,16,54,2,99,10,0,10,109
06/26/2014,ISP,NY,AEA,EN,Towers with Radar,29,15,32,5,81,0,12,73,3,88,29,27,105,8,169,180,0,180,349
06/27/2014,ISP,NY,AEA,EN,Towers with Radar,25,25,38,1,89,0,7,152,6,165,25,32,190,7,254,248,0,248,502
06/28/2014,ISP,NY,AEA,EN,Towers with Radar,30,9,17,0,56,0,0,159,0,159,30,9,176,0,215,216,0,216,431
06/29/2014,ISP,NY,AEA,EN,Towers with Radar,26,22,46,0,94,0,2,181,0,183,26,24,227,0,277,162,0,162,439
06/30/2014,ISP,NY,AEA,EN,Towers with Radar,26,17,35,1,79,0,2,111,3,116,26,19,146,4,195,200,10,210,405
07/01/2014,ISP,NY,AEA,EN,Towers with Radar,27,18,20,0,65,0,5,93,7,105,27,23,113,7,170,104,0,104,274
07/02/2014,ISP,NY,AEA,EN,Towers with Radar,24,17,33,0,74,0,3,67,1,71,24,20,100,1,145,100,0,100,245
07/03/2014,ISP,NY,AEA,EN,Towers with Radar,24,20,32,2,78,0,5,83,2,90,24,25,115,4,168,180,0,180,348
07/04/2014,ISP,NY,AEA,EN,Towers with Radar,18,12,6,0,36,0,0,6,0,6,18,12,12,0,42,0,0,0,42
07/05/2014,ISP,NY,AEA,EN,Towers with Radar,29,8,17,0,54,1,3,125,0,129,30,11,142,0,183,154,0,154,337
07/06/2014,ISP,NY,AEA,EN,Towers with Radar,25,14,35,0,74,0,1,149,0,150,25,15,184,0,224,240,0,240,464
07/07/2014,ISP,NY,AEA,EN,Towers with Radar,26,17,20,2,65,0,8,130,3,141,26,25,150,5,206,138,0,138,344
07/08/2014,ISP,NY,AEA,EN,Towers with Radar,24,13,18,0,55,0,8,119,4,131,24,21,137,4,186,102,0,102,288
07/09/2014,ISP,NY,AEA,EN,Towers with Radar,27,22,37,0,86,0,6,127,2,135,27,28,164,2,221,224,0,224,445
07/10/2014,ISP,NY,AEA,EN,Towers with Radar,26,15,58,1,100,0,9,168,6,183,26,24,226,7,283,254,0,254,537
07/11/2014,ISP,NY,AEA,EN,Towers with Radar,26,13,27,2,68,0,4,151,2,157,26,17,178,4,225,226,0,226,451
07/12/2014,ISP,NY,AEA,EN,Towers with Radar,28,7,18,0,53,0,2,151,4,157,28,9,169,4,210,86,0,86,296
07/13/2014,ISP,NY,AEA,EN,Towers with Radar,25,13,64,0,102,0,0,30,0,30,25,13,94,0,132,56,0,56,188
07/14/2014,ISP,NY,AEA,EN,Towers with Radar,25,14,31,0,70,0,2,36,5,43,25,16,67,5,113,214,0,214,327
07/15/2014,ISP,NY,AEA,EN,Towers with Radar,27,15,16,0,58,0,0,0,0,0,27,15,16,0,58,0,0,0,58
07/16/2014,ISP,NY,AEA,EN,Towers with Radar,25,13,33,0,71,0,4,70,6,80,25,17,103,6,151,128,0,128,279
07/17/2014,ISP,NY,AEA,EN,Towers with Radar,26,14,38,0,78,0,7,165,0,172,26,21,203,0,250,286,0,286,536
07/18/2014,ISP,NY,AEA,EN,Towers with Radar,26,13,33,0,72,0,11,182,2,195,26,24,215,2,267,214,0,214,481
07/19/2014,ISP,NY,AEA,EN,Towers with Radar,27,11,27,0,65,0,4,164,1,169,27,15,191,1,234,300,0,300,534
07/20/2014,ISP,NY,AEA,EN,Towers with Radar,25,19,47,0,91,0,1,118,0,119,25,20,165,0,210,186,0,186,396
07/21/2014,ISP,NY,AEA,EN,Towers with Radar,26,19,29,1,75,0,7,129,2,138,26,26,158,3,213,260,0,260,473
07/22/2014,ISP,NY,AEA,EN,Towers with Radar,26,21,28,0,75,0,9,129,0,138,26,30,157,0,213,158,0,158,371
07/23/2014,ISP,NY,AEA,EN,Towers with Radar,22,16,31,0,69,0,6,112,2,120,22,22,143,2,189,222,0,222,411
07/24/2014,ISP,NY,AEA,EN,Towers with Radar,25,17,29,1,72,0,7,118,0,125,25,24,147,1,197,224,0,224,421
07/25/2014,ISP,NY,AEA,EN,Towers with Radar,25,20,31,1,77,0,7,157,1,165,25,27,188,2,242,242,0,242,484
07/26/2014,ISP,NY,AEA,EN,Towers with Radar,28,6,36,1,71,0,1,141,1,143,28,7,177,2,214,240,0,240,454
07/27/2014,ISP,NY,AEA,EN,Towers with Radar,25,15,37,0,77,0,0,36,2,38,25,15,73,2,115,106,0,106,221
07/28/2014,ISP,NY,AEA,EN,Towers with Radar,28,18,24,1,71,0,2,56,3,61,28,20,80,4,132,122,0,122,254
07/29/2014,ISP,NY,AEA,EN,Towers with Radar,26,14,25,0,65,0,13,121,1,135,26,27,146,1,200,218,0,218,418
07/30/2014,ISP,NY,AEA,EN,Towers with Radar,26,13,36,4,79,0,7,164,0,171,26,20,200,4,250,258,0,258,508
07/31/2014,ISP,NY,AEA,EN,Towers with Radar,27,11,23,0,61,0,9,143,0,152,27,20,166,0,213,214,0,214,427
08/01/2014,ISP,NY,AEA,EN,Towers with Radar,28,13,38,0,79,0,2,101,2,105,28,15,139,2,184,166,0,166,350
08/02/2014,ISP,NY,AEA,EN,Towers with Radar,28,11,38,0,77,0,0,12,0,12,28,11,50,0,89,12,0,12,101
08/03/2014,ISP,NY,AEA,EN,Towers with Radar,24,13,52,0,89,0,0,50,0,50,24,13,102,0,139,188,0,188,327
08/04/2014,ISP,NY,AEA,EN,Towers with Radar,27,19,36,0,82,0,6,57,0,63,27,25,93,0,145,164,0,164,309
08/05/2014,ISP,NY,AEA,EN,Towers with Radar,26,18,27,0,71,0,13,132,4,149,26,31,159,4,220,216,0,216,436
08/06/2014,ISP,NY,AEA,EN,Towers with Radar,26,22,19,0,67,0,5,117,3,125,26,27,136,3,192,258,0,258,450
08/07/2014,ISP,NY,AEA,EN,Towers with Radar,25,21,39,0,85,0,12,206,2,220,25,33,245,2,305,232,0,232,537
08/08/2014,ISP,NY,AEA,EN,Towers with Radar,26,15,36,0,77,0,6,146,0,152,26,21,182,0,229,134,0,134,363
08/09/2014,ISP,NY,AEA,EN,Towers with Radar,29,7,33,0,69,0,0,181,0,181,29,7,214,0,250,236,0,236,486
08/10/2014,ISP,NY,AEA,EN,Towers with Radar,22,11,35,0,68,0,0,149,0,149,22,11,184,0,217,164,0,164,381
08/11/2014,ISP,NY,AEA,EN,Towers with Radar,23,14,36,0,73,0,0,139,4,143,23,14,175,4,216,188,0,188,404
08/12/2014,ISP,NY,AEA,EN,Towers with Radar,23,11,27,0,61,0,4,67,8,79,23,15,94,8,140,170,0,170,310
08/13/2014,ISP,NY,AEA,EN,Towers with Radar,18,10,20,5,53,0,6,31,1,38,18,16,51,6,91,42,4,46,137
08/14/2014,ISP,NY,AEA,EN,Towers with Radar,25,21,36,0,82,0,5,169,1,175,25,26,205,1,257,250,0,250,507
08/15/2014,ISP,NY,AEA,EN,Towers with Radar,24,13,31,4,72,0,7,161,0,168,24,20,192,4,240,196,0,196,436
08/16/2014,ISP,NY,AEA,EN,Towers with Radar,22,5,26,1,54,0,4,177,0,181,22,9,203,1,235,220,0,220,455
08/17/2014,ISP,NY,AEA,EN,Towers with Radar,22,11,28,0,61,0,1,142,0,143,22,12,170,0,204,210,0,210,414
08/18/2014,ISP,NY,AEA,EN,Towers with Radar,24,13,25,12,74,0,1,132,0,133,24,14,157,12,207,134,0,134,341
08/19/2014,ISP,NY,AEA,EN,Towers with Radar,26,12,25,0,63,0,2,142,6,150,26,14,167,6,213,178,0,178,391
08/20/2014,ISP,NY,AEA,EN,Towers with Radar,23,8,33,1,65,0,4,137,5,146,23,12,170,6,211,152,0,152,363
08/21/2014,ISP,NY,AEA,EN,Towers with Radar,23,12,23,0,58,0,2,91,3,96,23,14,114,3,154,116,0,116,270
08/22/2014,ISP,NY,AEA,EN,Towers with Radar,24,13,32,2,71,0,2,101,3,106,24,15,133,5,177,130,0,130,307
08/23/2014,ISP,NY,AEA,EN,Towers with Radar,21,5,18,1,45,0,0,75,1,76,21,5,93,2,121,256,0,256,377
08/24/2014,ISP,NY,AEA,EN,Towers with Radar,22,12,25,0,59,0,0,129,0,129,22,12,154,0,188,120,0,120,308
08/25/2014,ISP,NY,AEA,EN,Towers with Radar,24,14,33,0,71,0,0,130,4,134,24,14,163,4,205,224,0,224,429
08/26/2014,ISP,NY,AEA,EN,Towers with Radar,24,17,39,0,80,0,3,123,10,136,24,20,162,10,216,110,0,110,326
08/27/2014,ISP,NY,AEA,EN,Towers with Radar,24,12,22,2,60,0,5,121,9,135,24,17,143,11,195,202,0,202,397
08/28/2014,ISP,NY,AEA,EN,Towers with Radar,24,13,14,0,51,0,7,115,2,124,24,20,129,2,175,90,0,90,265
08/29/2014,ISP,NY,AEA,EN,Towers with Radar,23,17,28,2,70,0,5,157,1,163,23,22,185,3,233,112,0,112,345
08/30/2014,ISP,NY,AEA,EN,Towers with Radar,20,11,22,0,53,0,3,130,0,133,20,14,152,0,186,170,0,170,356
08/31/2014,ISP,NY,AEA,EN,Towers with Radar,19,12,27,0,58,0,0,32,0,32,19,12,59,0,90,66,0,66,156
09/01/2014,ISP,NY,AEA,EN,Towers with Radar,22,17,24,0,63,0,1,55,0,56,22,18,79,0,119,122,0,122,241
09/02/2014,ISP,NY,AEA,EN,Towers with Radar,23,13,21,2,59,0,6,77,4,87,23,19,98,6,146,126,2,128,274
09/03/2014,ISP,NY,AEA,EN,Towers with Radar,24,16,27,1,68,0,11,134,2,147,24,27,161,3,215,192,0,192,407
09/04/2014,ISP,NY,AEA,EN,Towers with Radar,24,13,35,0,72,0,13,122,0,135,24,26,157,0,207,252,0,252,459
09/05/2014,ISP,NY,AEA,EN,Towers with Radar,23,20,37,1,81,0,5,44,2,51,23,25,81,3,132,200,0,200,332
09/06/2014,ISP,NY,AEA,EN,Towers with Radar,24,6,29,0,59,0,0,35,0,35,24,6,64,0,94,102,0,102,196
09/07/2014,ISP,NY,AEA,EN,Towers with Radar,23,16,29,1,69,0,1,185,0,186,23,17,214,1,255,296,0,296,551
09/08/2014,ISP,NY,AEA,EN,Towers with Radar,24,12,24,0,60,0,8,82,0,90,24,20,106,0,150,154,0,154,304
09/09/2014,ISP,NY,AEA,EN,Towers with Radar,24,14,23,0,61,0,7,65,4,76,24,21,88,4,137,266,0,266,403
09/10/2014,ISP,NY,AEA,EN,Towers with Radar,24,12,24,0,60,0,5,55,2,62,24,17,79,2,122,162,0,162,284
09/11/2014,ISP,NY,AEA,EN,Towers with Radar,24,10,20,0,54,0,10,51,0,61,24,20,71,0,115,78,0,78,193
09/12/2014,ISP,NY,AEA,EN,Towers with Radar,24,19,49,2,94,0,9,174,0,183,24,28,223,2,277,240,0,240,517
09/13/2014,ISP,NY,AEA,EN,Towers with Radar,24,6,40,1,71,0,0,62,2,64,24,6,102,3,135,130,0,130,265
09/14/2014,ISP,NY,AEA,EN,Towers with Radar,22,18,33,0,73,0,2,163,0,165,22,20,196,0,238,232,0,232,470
09/15/2014,ISP,NY,AEA,EN,Towers with Radar,26,16,36,0,78,0,15,139,1,155,26,31,175,1,233,232,0,232,465
09/16/2014,ISP,NY,AEA,EN,Towers with Radar,25,9,40,0,74,0,4,35,0,39,25,13,75,0,113,76,0,76,189
09/17/2014,ISP,NY,AEA,EN,Towers with Radar,24,13,17,0,54,0,14,127,2,143,24,27,144,2,197,198,0,198,395
09/18/2014,ISP,NY,AEA,EN,Towers with Radar,24,15,32,0,71,0,6,127,0,133,24,21,159,0,204,130,0,130,334
09/19/2014,ISP,NY,AEA,EN,Towers with Radar,27,13,38,1,79,0,11,112,1,124,27,24,150,2,203,240,0,240,443
09/20/2014,ISP,NY,AEA,EN,Towers with Radar,23,10,32,0,65,0,7,157,0,164,23,17,189,0,229,184,0,184,413
09/21/2014,ISP,NY,AEA,EN,Towers with Radar,23,16,52,0,91,0,0,21,0,21,23,16,73,0,112,72,0,72,184
09/22/2014,ISP,NY,AEA,EN,Towers with Radar,24,19,23,0,66,0,10,89,0,99,24,29,112,0,165,120,0,120,285
09/23/2014,ISP,NY,AEA,EN,Towers with Radar,25,11,35,1,72,0,12,132,3,147,25,23,167,4,219,258,0,258,477
09/24/2014,ISP,NY,AEA,EN,Towers with Radar,26,12,46,1,85,0,28,117,2,147,26,40,163,3,232,302,0,302,534
09/25/2014,ISP,NY,AEA,EN,Towers with Radar,26,12,24,0,62,0,1,6,0,7,26,13,30,0,69,0,0,0,69
09/26/2014,ISP,NY,AEA,EN,Towers with Radar,25,10,37,0,72,0,16,140,0,156,25,26,177,0,228,374,0,374,602
09/27/2014,ISP,NY,AEA,EN,Towers with Radar,25,6,29,0,60,0,4,193,0,197,25,10,222,0,257,344,0,344,601
09/28/2014,ISP,NY,AEA,EN,Towers with Radar,24,10,37,0,71,0,2,170,0,172,24,12,207,0,243,224,0,224,467
09/29/2014,ISP,NY,AEA,EN,Towers with Radar,24,12,39,0,75,0,16,124,0,140,24,28,163,0,215,226,0,226,441
09/30/2014,ISP,NY,AEA,EN,Towers with Radar,24,18,19,4,65,0,3,6,0,9,24,21,25,4,74,32,0,32,106
10/01/2014,ISP,NY,AEA,EN,Towers with Radar,26,14,27,0,67,0,2,11,0,13,26,16,38,0,80,10,0,10,90
10/02/2014,ISP,NY,AEA,EN,Towers with Radar,24,8,32,0,64,0,4,24,0,28,24,12,56,0,92,66,0,66,158
10/03/2014,ISP,NY,AEA,EN,Towers with Radar,24,14,34,0,72,0,14,132,2,148,24,28,166,2,220,274,0,274,494
10/04/2014,ISP,NY,AEA,EN,Towers with Radar,24,5,26,0,55,0,0,3,0,3,24,5,29,0,58,0,0,0,58
10/05/2014,ISP,NY,AEA,EN,Towers with Radar,21,9,37,0,67,0,1,157,0,158,21,10,194,0,225,236,0,236,461
10/06/2014,ISP,NY,AEA,EN,Towers with Radar,25,12,26,0,63,0,4,105,3,112,25,16,131,3,175,112,0,112,287
10/07/2014,ISP,NY,AEA,EN,Towers with Radar,26,11,28,0,65,0,4,41,4,49,26,15,69,4,114,30,42,72,186
10/08/2014,ISP,NY,AEA,EN,Towers with Radar,24,13,19,0,56,0,8,120,7,135,24,21,139,7,191,246,0,246,437
10/09/2014,ISP,NY,AEA,EN,Towers with Radar,24,17,33,0,74,0,20,97,2,119,24,37,130,2,193,226,0,226,419
10/10/2014,ISP,NY,AEA,EN,Towers with Radar,30,13,27,0,70,0,13,120,0,133,30,26,147,0,203,232,0,232,435
10/11/2014,ISP,NY,AEA,EN,Towers with Radar,22,19,37,0,78,0,0,8,0,8,22,19,45,0,86,0,0,0,86
10/12/2014,ISP,NY,AEA,EN,Towers with Radar,27,10,25,0,62,0,0,179,0,179,27,10,204,0,241,176,0,176,417
10/13/2014,ISP,NY,AEA,EN,Towers with Radar,26,13,30,2,71,0,0,69,0,69,26,13,99,2,140,100,0,100,240
10/14/2014,ISP,NY,AEA,EN,Towers with Radar,25,20,26,0,71,0,19,93,0,112,25,39,119,0,183,136,24,160,343
10/15/2014,ISP,NY,AEA,EN,Towers with Radar,29,9,27,0,65,0,5,59,2,66,29,14,86,2,131,60,0,60,191
10/16/2014,ISP,NY,AEA,EN,Towers with Radar,24,15,15,0,54,0,2,10,0,12,24,17,25,0,66,34,0,34,100
10/17/2014,ISP,NY,AEA,EN,Towers with Radar,26,13,33,2,74,0,16,145,5,166,26,29,178,7,240,250,0,250,490
10/18/2014,ISP,NY,AEA,EN,Towers with Radar,24,9,29,1,63,0,6,166,4,176,24,15,195,5,239,204,0,204,443
10/19/2014,ISP,NY,AEA,EN,Towers with Radar,22,10,24,0,56,0,1,79,0,80,22,11,103,0,136,0,0,0,136
10/20/2014,ISP,NY,AEA,EN,Towers with Radar,25,13,22,1,61,0,16,106,0,122,25,29,128,1,183,228,0,228,411
10/21/2014,ISP,NY,AEA,EN,Towers with Radar,26,13,23,0,62,0,11,64,2,77,26,24,87,2,139,138,0,138,277
10/22/2014,ISP,NY,AEA,EN,Towers with Radar,24,9,5,0,38,0,2,2,0,4,24,11,7,0,42,0,0,0,42
10/23/2014,ISP,NY,AEA,EN,Towers with Radar,24,11,20,0,55,0,2,11,0,13,24,13,31,0,68,12,0,12,80
10/24/2014,ISP,NY,AEA,EN,Towers with Radar,23,6,36,0,65,0,5,46,2,53,23,11,82,2,118,264,0,264,382
10/25/2014,ISP,NY,AEA,EN,Towers with Radar,23,9,22,0,54,0,11,176,1,188,23,20,198,1,242,376,0,376,618
10/26/2014,ISP,NY,AEA,EN,Towers with Radar,24,10,22,0,56,0,1,54,0,55,24,11,76,0,111,32,0,32,143
10/27/2014,ISP,NY,AEA,EN,Towers with Radar,26,12,39,2,79,0,13,134,4,151,26,25,173,6,230,290,0,290,520
10/28/2014,ISP,NY,AEA,EN,Towers with Radar,25,12,39,1,77,0,9,159,7,175,25,21,198,8,252,142,8,150,402
10/29/2014,ISP,NY,AEA,EN,Towers with Radar,24,17,41,0,82,0,7,117,6,130,24,24,158,6,212,152,18,170,382
10/30/2014,ISP,NY,AEA,EN,Towers with Radar,24,11,29,0,64,0,15,152,4,171,24,26,181,4,235,212,0,212,447
10/31/2014,ISP,NY,AEA,EN,Towers with Radar,22,10,24,1,57,0,13,93,0,106,22,23,117,1,163,322,0,322,485
11/01/2014,ISP,NY,AEA,EN,Towers with Radar,21,7,16,0,44,0,0,0,0,0,21,7,16,0,44,0,0,0,44
11/02/2014,ISP,NY,AEA,EN,Towers with Radar,26,18,12,1,57,0,0,8,0,8,26,18,20,1,65,0,0,0,65
11/03/2014,ISP,NY,AEA,EN,Towers with Radar,28,11,22,0,61,0,9,80,0,89,28,20,102,0,150,120,0,120,270
11/04/2014,ISP,NY,AEA,EN,Towers with Radar,26,19,32,0,77,0,7,146,4,157,26,26,178,4,234,212,0,212,446
11/05/2014,ISP,NY,AEA,EN,Towers with Radar,29,15,31,0,75,0,14,123,3,140,29,29,154,3,215,212,0,212,427
11/06/2014,ISP,NY,AEA,EN,Towers with Radar,27,13,24,0,64,0,2,0,0,2,27,15,24,0,66,0,0,0,66
11/07/2014,ISP,NY,AEA,EN,Towers with Radar,28,20,18,1,67,0,9,98,2,109,28,29,116,3,176,142,0,142,318
11/08/2014,ISP,NY,AEA,EN,Towers with Radar,24,6,29,0,59,0,9,207,0,216,24,15,236,0,275,248,0,248,523
11/09/2014,ISP,NY,AEA,EN,Towers with Radar,26,16,46,0,88,0,2,173,0,175,26,18,219,0,263,230,0,230,493
11/10/2014,ISP,NY,AEA,EN,Towers with Radar,26,11,26,2,65,0,16,125,2,143,26,27,151,4,208,228,0,228,436
11/11/2014,ISP,NY,AEA,EN,Towers with Radar,24,13,24,0,61,0,2,115,0,117,24,15,139,0,178,142,0,142,320
11/12/2014,ISP,NY,AEA,EN,Towers with Radar,26,10,20,1,57,0,3,44,5,52,26,13,64,6,109,132,16,148,257
11/13/2014,ISP,NY,AEA,EN,Towers with Radar,26,11,15,1,53,0,8,117,4,129,26,19,132,5,182,200,0,200,382
11/14/2014,ISP,NY,AEA,EN,Towers with Radar,26,17,28,2,73,0,10,103,0,113,26,27,131,2,186,218,0,218,404
11/15/2014,ISP,NY,AEA,EN,Towers with Radar,24,11,16,0,51,0,15,154,0,169,24,26,170,0,220,250,0,250,470
11/16/2014,ISP,NY,AEA,EN,Towers with Radar,24,18,37,0,79,0,0,127,0,127,24,18,164,0,206,262,0,262,468
11/17/2014,ISP,NY,AEA,EN,Towers with Radar,25,7,16,0,48,0,0,0,0,0,25,7,16,0,48,0,0,0,48
11/18/2014,ISP,NY,AEA,EN,Towers with Radar,27,15,8,0,50,0,3,27,5,35,27,18,35,5,85,8,4,12,97
11/19/2014,ISP,NY,AEA,EN,Towers with Radar,27,10,33,1,71,0,7,110,1,118,27,17,143,2,189,116,0,116,305
11/20/2014,ISP,NY,AEA,EN,Towers with Radar,25,12,27,0,64,0,13,75,4,92,25,25,102,4,156,230,0,230,386
11/21/2014,ISP,NY,AEA,EN,Towers with Radar,26,18,23,0,67,0,8,53,0,61,26,26,76,0,128,224,0,224,352
11/22/2014,ISP,NY,AEA,EN,Towers with Radar,24,9,28,0,61,0,8,131,0,139,24,17,159,0,200,172,0,172,372
11/23/2014,ISP,NY,AEA,EN,Towers with Radar,24,12,28,0,64,0,0,127,0,127,24,12,155,0,191,294,0,294,485
11/24/2014,ISP,NY,AEA,EN,Towers with Radar,36,12,11,0,59,0,1,0,0,1,36,13,11,0,60,0,0,0,60
11/25/2014,ISP,NY,AEA,EN,Towers with Radar,32,13,40,0,85,0,8,123,2,133,32,21,163,2,218,182,0,182,400
11/26/2014,ISP,NY,AEA,EN,Towers with Radar,28,14,12,0,54,0,2,1,0,3,28,16,13,0,57,0,0,0,57
11/27/2014,ISP,NY,AEA,EN,Towers with Radar,18,5,3,0,26,0,0,9,0,9,18,5,12,0,35,10,0,10,45
11/28/2014,ISP,NY,AEA,EN,Towers with Radar,24,10,15,0,49,0,2,101,0,103,24,12,116,0,152,140,0,140,292
11/29/2014,ISP,NY,AEA,EN,Towers with Radar,26,8,34,0,68,0,0,143,0,143,26,8,177,0,211,228,0,228,439
11/30/2014,ISP,NY,AEA,EN,Towers with Radar,31,14,46,0,91,0,0,122,0,122,31,14,168,0,213,200,0,200,413
12/01/2014,ISP,NY,AEA,EN,Towers with Radar,31,12,22,0,65,0,13,84,0,97,31,25,106,0,162,212,0,212,374
12/02/2014,ISP,NY,AEA,EN,Towers with Radar,25,13,21,0,59,0,4,54,0,58,25,17,75,0,117,168,0,168,285
12/03/2014,ISP,NY,AEA,EN,Towers with Radar,26,8,15,0,49,0,2,1,4,7,26,10,16,4,56,6,0,6,62
12/04/2014,ISP,NY,AEA,EN,Towers with Radar,26,15,20,1,62,0,16,134,3,153,26,31,154,4,215,256,0,256,471
12/05/2014,ISP,NY,AEA,EN,Towers with Radar,28,12,18,0,58,0,11,54,0,65,28,23,72,0,123,228,0,228,351
12/06/2014,ISP,NY,AEA,EN,Towers with Radar,24,11,21,0,56,0,0,2,0,2,24,11,23,0,58,6,0,6,64
12/07/2014,ISP,NY,AEA,EN,Towers with Radar,24,10,14,0,48,0,1,44,1,46,24,11,58,1,94,8,0,8,102
12/08/2014,ISP,NY,AEA,EN,Towers with Radar,27,8,11,2,48,0,2,20,0,22,27,10,31,2,70,32,0,32,102
12/09/2014,ISP,NY,AEA,EN,Towers with Radar,27,9,10,2,48,0,0,0,0,0,27,9,10,2,48,0,0,0,48
12/10/2014,ISP,NY,AEA,EN,Towers with Radar,26,10,15,0,51,0,1,1,1,3,26,11,16,1,54,0,0,0,54
12/11/2014,ISP,NY,AEA,EN,Towers with Radar,26,7,10,0,43,0,3,28,1,32,26,10,38,1,75,144,0,144,219
12/12/2014,ISP,NY,AEA,EN,Towers with Radar,25,15,27,0,67,0,19,119,0,138,25,34,146,0,205,156,0,156,361
12/13/2014,ISP,NY,AEA,EN,Towers with Radar,26,13,26,0,65,0,14,189,0,203,26,27,215,0,268,340,0,340,608
12/14/2014,ISP,NY,AEA,EN,Towers with Radar,24,10,27,1,62,0,1,149,0,150,24,11,176,1,212,328,0,328,540
12/15/2014,ISP,NY,AEA,EN,Towers with Radar,28,16,28,1,73,0,13,110,0,123,28,29,138,1,196,208,0,208,404
12/16/2014,ISP,NY,AEA,EN,Towers with Radar,26,6,19,4,55,0,6,48,0,54,26,12,67,4,109,170,0,170,279
12/17/2014,ISP,NY,AEA,EN,Towers with Radar,26,21,33,0,80,0,21,78,3,102,26,42,111,3,182,222,0,222,404
12/18/2014,ISP,NY,AEA,EN,Towers with Radar,26,17,35,2,80,0,17,74,5,96,26,34,109,7,176,136,0,136,312
12/19/2014,ISP,NY,AEA,EN,Towers with Radar,26,17,25,0,68,0,4,87,0,91,26,21,112,0,159,126,0,126,285
12/20/2014,ISP,NY,AEA,EN,Towers with Radar,26,11,34,0,71,0,2,92,0,94,26,13,126,0,165,188,0,188,353
12/21/2014,ISP,NY,AEA,EN,Towers with Radar,22,10,9,0,41,0,0,8,0,8,22,10,17,0,49,0,0,0,49
12/22/2014,ISP,NY,AEA,EN,Towers with Radar,25,15,32,2,74,0,0,9,0,9,25,15,41,2,83,0,0,0,83
12/23/2014,ISP,NY,AEA,EN,Towers with Radar,25,15,21,0,61,0,4,2,0,6,25,19,23,0,67,0,0,0,67
12/24/2014,ISP,NY,AEA,EN,Towers with Radar,27,10,6,0,43,0,0,0,0,0,27,10,6,0,43,0,0,0,43
12/25/2014,ISP,NY,AEA,EN,Towers with Radar,25,10,3,0,38,0,0,21,0,21,25,10,24,0,59,14,0,14,73
12/26/2014,ISP,NY,AEA,EN,Towers with Radar,26,18,35,0,79,0,2,173,0,175,26,20,208,0,254,98,0,98,352
12/27/2014,ISP,NY,AEA,EN,Towers with Radar,26,7,31,0,64,0,0,154,0,154,26,7,185,0,218,170,0,170,388
12/28/2014,ISP,NY,AEA,EN,Towers with Radar,25,11,31,0,67,0,0,51,0,51,25,11,82,0,118,154,0,154,272
12/29/2014,ISP,NY,AEA,EN,Towers with Radar,26,14,19,3,62,0,3,127,0,130,26,17,146,3,192,178,0,178,370
12/30/2014,ISP,NY,AEA,EN,Towers with Radar,25,13,26,1,65,0,2,123,0,125,25,15,149,1,190,214,0,214,404
12/31/2014,ISP,NY,AEA,EN,Towers with Radar,23,12,19,0,54,0,3,87,0,90,23,15,106,0,144,86,0,86,230
01/01/2015,ISP,NY,AEA,EN,Towers with Radar,25,8,8,0,41,0,0,37,0,37,25,8,45,0,78,44,0,44,122
01/02/2015,ISP,NY,AEA,EN,Towers with Radar,26,14,34,0,74,0,2,129,0,131,26,16,163,0,205,98,0,98,303
01/03/2015,ISP,NY,AEA,EN,Towers with Radar,27,13,32,0,72,0,0,42,0,42,27,13,74,0,114,104,0,104,218
01/04/2015,ISP,NY,AEA,EN,Towers with Radar,24,13,26,0,63,0,0,0,0,0,24,13,26,0,63,0,0,0,63
01/05/2015,ISP,NY,AEA,EN,Towers with Radar,26,13,22,0,61,0,2,23,2,27,26,15,45,2,88,27,0,27,115
01/06/2015,ISP,NY,AEA,EN,Towers with Radar,23,12,3,0,38,0,1,6,6,13,23,13,9,6,51,0,0,0,51
01/07/2015,ISP,NY,AEA,EN,Towers with Radar,24,7,17,1,49,0,2,24,5,31,24,9,41,6,80,10,0,10,90
01/08/2015,ISP,NY,AEA,EN,Towers with Radar,23,10,20,0,53,0,9,81,4,94,23,19,101,4,147,122,0,122,269
01/09/2015,ISP,NY,AEA,EN,Towers with Radar,24,15,18,0,57,0,0,15,0,15,24,15,33,0,72,16,0,16,88
01/10/2015,ISP,NY,AEA,EN,Towers with Radar,26,8,16,0,50,0,0,106,4,110,26,8,122,4,160,134,0,134,294
01/11/2015,ISP,NY,AEA,EN,Towers with Radar,22,9,23,0,54,0,0,111,0,111,22,9,134,0,165,216,0,216,381
01/12/2015,ISP,NY,AEA,EN,Towers with Radar,25,6,5,0,36,0,0,2,0,2,25,6,7,0,38,0,0,0,38
01/13/2015,ISP,NY,AEA,EN,Towers with Radar,25,7,33,2,67,0,7,93,6,106,25,14,126,8,173,140,10,150,323
01/14/2015,ISP,NY,AEA,EN,Towers with Radar,25,8,17,0,50,0,2,35,4,41,25,10,52,4,91,236,0,236,327
01/15/2015,ISP,NY,AEA,EN,Towers with Radar,24,9,23,1,57,0,6,98,5,109,24,15,121,6,166,178,4,182,348
01/16/2015,ISP,NY,AEA,EN,Towers with Radar,24,13,22,0,59,0,2,48,2,52,24,15,70,2,111,52,0,52,163
01/17/2015,ISP,NY,AEA,EN,Towers with Radar,26,5,25,0,56,0,0,141,0,141,26,5,166,0,197,228,0,228,425
01/18/2015,ISP,NY,AEA,EN,Towers with Radar,24,7,4,0,35,0,0,4,0,4,24,7,8,0,39,0,0,0,39
01/19/2015,ISP,NY,AEA,EN,Towers with Radar,23,14,41,0,78,0,0,80,0,80,23,14,121,0,158,82,0,82,240
01/20/2015,ISP,NY,AEA,EN,Towers with Radar,24,15,23,1,63,0,8,79,9,96,24,23,102,10,159,150,0,150,309
01/21/2015,ISP,NY,AEA,EN,Towers with Radar,24,6,23,2,55,0,8,52,6,66,24,14,75,8,121,132,34,166,287
01/22/2015,ISP,NY,AEA,EN,Towers with Radar,24,16,24,0,64,0,11,97,6,114,24,27,121,6,178,170,0,170,348
01/23/2015,ISP,NY,AEA,EN,Towers with Radar,25,12,40,1,78,0,9,120,1,130,25,21,160,2,208,230,0,230,438
01/24/2015,ISP,NY,AEA,EN,Towers with Radar,19,4,1,0,24,0,0,0,0,0,19,4,1,0,24,0,0,0,24
01/25/2015,ISP,NY,AEA,EN,Towers with Radar,22,12,36,0,70,0,0,140,0,140,22,12,176,0,210,126,0,126,336
01/26/2015,ISP,NY,AEA,EN,Towers with Radar,15,6,11,0,32,0,0,1,0,1,15,6,12,0,33,0,0,0,33
01/27/2015,ISP,NY,AEA,EN,Towers with Radar,0,0,0,0,0,0,0,4,0,4,0,0,4,0,4,0,0,0,4
01/28/2015,ISP,NY,AEA,EN,Towers with Radar,19,6,7,0,32,0,2,15,1,18,19,8,22,1,50,0,0,0,50
01/29/2015,ISP,NY,AEA,EN,Towers with Radar,24,8,20,0,52,0,3,68,6,77,24,11,88,6,129,146,0,146,275
01/30/2015,ISP,NY,AEA,EN,Towers with Radar,24,11,9,0,44,0,4,13,0,17,24,15,22,0,61,44,0,44,105
01/31/2015,ISP,NY,AEA,EN,Towers with Radar,26,7,16,0,49,0,0,17,0,17,26,7,33,0,66,4,0,4,70
02/01/2015,ISP,NY,AEA,EN,Towers with Radar,17,7,19,0,43,0,0,134,0,134,17,7,153,0,177,144,0,144,321
02/02/2015,ISP,NY,AEA,EN,Towers with Radar,5,5,2,0,12,0,0,0,0,0,5,5,2,0,12,0,0,0,12
02/03/2015,ISP,NY,AEA,EN,Towers with Radar,20,13,16,2,51,0,2,55,6,63,20,15,71,8,114,34,0,34,148
02/04/2015,ISP,NY,AEA,EN,Towers with Radar,22,13,21,0,56,0,7,92,2,101,22,20,113,2,157,102,0,102,259
02/05/2015,ISP,NY,AEA,EN,Towers with Radar,24,9,7,0,40,0,4,6,1,11,24,13,13,1,51,0,0,0,51
02/06/2015,ISP,NY,AEA,EN,Towers with Radar,24,8,26,0,58,0,10,110,4,124,24,18,136,4,182,134,0,134,316
02/07/2015,ISP,NY,AEA,EN,Towers with Radar,24,5,25,0,54,0,5,96,2,103,24,10,121,2,157,280,0,280,437
02/08/2015,ISP,NY,AEA,EN,Towers with Radar,22,15,7,0,44,0,0,2,0,2,22,15,9,0,46,58,0,58,104
02/09/2015,ISP,NY,AEA,EN,Towers with Radar,24,6,7,0,37,0,0,2,0,2,24,6,9,0,39,0,0,0,39
02/10/2015,ISP,NY,AEA,EN,Towers with Radar,23,11,18,0,52,0,6,52,6,64,23,17,70,6,116,62,38,100,216
02/11/2015,ISP,NY,AEA,EN,Towers with Radar,26,15,35,0,76,0,21,131,8,160,26,36,166,8,236,216,42,258,494
02/12/2015,ISP,NY,AEA,EN,Towers with Radar,25,12,13,2,52,0,2,13,4,19,25,14,26,6,71,52,0,52,123
02/13/2015,ISP,NY,AEA,EN,Towers with Radar,24,19,25,3,71,0,7,61,3,71,24,26,86,6,142,64,22,86,228
02/14/2015,ISP,NY,AEA,EN,Towers with Radar,21,10,18,0,49,0,2,57,0,59,21,12,75,0,108,122,0,122,230
02/15/2015,ISP,NY,AEA,EN,Towers with Radar,0,2,6,2,10,0,0,7,2,9,0,2,13,4,19,0,0,0,19
02/16/2015,ISP,NY,AEA,EN,Towers with Radar,20,18,16,0,54,0,8,60,0,68,20,26,76,0,122,158,0,158,280
02/17/2015,ISP,NY,AEA,EN,Towers with Radar,25,12,16,0,53,0,3,18,6,27,25,15,34,6,80,56,0,56,136
02/18/2015,ISP,NY,AEA,EN,Towers with Radar,26,7,19,1,53,0,12,93,7,112,26,19,112,8,165,183,0,183,348
02/19/2015,ISP,NY,AEA,EN,Towers with Radar,26,16,18,0,60,0,6,26,7,39,26,22,44,7,99,48,50,98,197
02/20/2015,ISP,NY,AEA,EN,Towers with Radar,26,14,24,1,65,0,7,46,5,58,26,21,70,6,123,6,0,6,129
02/21/2015,ISP,NY,AEA,EN,Towers with Radar,22,10,18,0,50,0,5,82,2,89,22,15,100,2,139,138,0,138,277
02/22/2015,ISP,NY,AEA,EN,Towers with Radar,19,25,25,0,69,0,0,27,0,27,19,25,52,0,96,120,0,120,216
02/23/2015,ISP,NY,AEA,EN,Towers with Radar,26,11,18,0,55,0,3,44,6,53,26,14,62,6,108,80,0,80,188
02/24/2015,ISP,NY,AEA,EN,Towers with Radar,25,13,27,2,67,0,16,77,6,99,25,29,104,8,166,108,0,108,274
02/25/2015,ISP,NY,AEA,EN,Towers with Radar,24,12,28,0,64,0,10,109,5,124,24,22,137,5,188,182,8,190,378
02/26/2015,ISP,NY,AEA,EN,Towers with Radar,25,12,29,1,67,0,16,58,7,81,25,28,87,8,148,250,10,260,408
02/27/2015,ISP,NY,AEA,EN,Towers with Radar,26,17,21,4,68,0,26,106,4,136,26,43,127,8,204,278,0,278,482
02/28/2015,ISP,NY,AEA,EN,Towers with Radar,28,8,36,0,72,0,13,167,4,184,28,21,203,4,256,258,2,260,516
03/01/2015,ISP,NY,AEA,EN,Towers with Radar,14,11,27,0,52,0,0,43,0,43,14,11,70,0,95,146,0,146,241
03/02/2015,ISP,NY,AEA,EN,Towers with Radar,23,13,22,2,60,0,1,21,4,26,23,14,43,6,86,14,0,14,100
03/03/2015,ISP,NY,AEA,EN,Towers with Radar,27,8,12,2,49,0,14,44,2,60,27,22,56,4,109,252,0,252,361
03/04/2015,ISP,NY,AEA,EN,Towers with Radar,23,9,12,0,44,0,2,2,0,4,23,11,14,0,48,0,0,0,48
03/05/2015,ISP,NY,AEA,EN,Towers with Radar,15,5,5,0,25,0,0,0,0,0,15,5,5,0,25,0,0,0,25
03/06/2015,ISP,NY,AEA,EN,Towers with Radar,26,19,36,0,81,0,7,94,6,107,26,26,130,6,188,136,0,136,324
03/07/2015,ISP,NY,AEA,EN,Towers with Radar,23,11,16,0,50,0,23,135,2,160,23,34,151,2,210,300,0,300,510
03/08/2015,ISP,NY,AEA,EN,Towers with Radar,27,10,38,0,75,0,1,114,0,115,27,11,152,0,190,0,0,0,190
03/09/2015,ISP,NY,AEA,EN,Towers with Radar,25,15,29,0,69,0,20,86,2,108,25,35,115,2,177,154,0,154,331
03/10/2015,ISP,NY,AEA,EN,Towers with Radar,30,10,29,0,69,0,8,61,4,73,30,18,90,4,142,48,0,48,190
03/11/2015,ISP,NY,AEA,EN,Towers with Radar,30,21,33,2,86,0,20,107,13,140,30,41,140,15,226,218,0,218,444
03/12/2015,ISP,NY,AEA,EN,Towers with Radar,30,17,26,0,73,0,15,62,2,79,30,32,88,2,152,90,0,90,242
03/13/2015,ISP,NY,AEA,EN,Towers with Radar,31,15,32,0,78,0,31,133,2,166,31,46,165,2,244,318,0,318,562
03/14/2015,ISP,NY,AEA,EN,Towers with Radar,22,7,12,2,43,0,0,0,0,0,22,7,12,2,43,0,0,0,43
03/15/2015,ISP,NY,AEA,EN,Towers with Radar,27,9,31,0,67,0,0,50,0,50,27,9,81,0,117,54,0,54,171
03/16/2015,ISP,NY,AEA,EN,Towers with Radar,30,14,28,0,72,0,10,112,8,130,30,24,140,8,202,268,2,270,472
03/17/2015,ISP,NY,AEA,EN,Towers with Radar,28,7,17,0,52,0,8,15,4,27,28,15,32,4,79,20,0,20,99
03/18/2015,ISP,NY,AEA,EN,Towers with Radar,29,7,13,1,50,0,4,32,3,39,29,11,45,4,89,12,0,12,101
03/19/2015,ISP,NY,AEA,EN,Towers with Radar,27,10,29,0,66,0,4,161,3,168,27,14,190,3,234,184,0,184,418
03/20/2015,ISP,NY,AEA,EN,Towers with Radar,22,8,10,0,40,0,6,15,4,25,22,14,25,4,65,56,0,56,121
03/21/2015,ISP,NY,AEA,EN,Towers with Radar,23,7,11,0,41,0,4,51,0,55,23,11,62,0,96,208,0,208,304
03/22/2015,ISP,NY,AEA,EN,Towers with Radar,28,14,33,0,75,0,0,128,0,128,28,14,161,0,203,200,2,202,405
03/23/2015,ISP,NY,AEA,EN,Towers with Radar,30,14,31,1,76,0,7,92,7,106,30,21,123,8,182,180,0,180,362
03/24/2015,ISP,NY,AEA,EN,Towers with Radar,26,14,17,0,57,0,30,130,2,162,26,44,147,2,219,300,0,300,519
03/25/2015,ISP,NY,AEA,EN,Towers with Radar,29,13,25,0,67,0,9,99,4,112,29,22,124,4,179,192,2,194,373
03/26/2015,ISP,NY,AEA,EN,Towers with Radar,25,11,7,0,43,0,0,0,0,0,25,11,7,0,43,0,0,0,43
03/27/2015,ISP,NY,AEA,EN,Towers with Radar,29,14,33,0,76,0,9,59,4,72,29,23,92,4,148,110,0,110,258
03/28/2015,ISP,NY,AEA,EN,Towers with Radar,25,10,9,0,44,0,0,2,0,2,25,10,11,0,46,2,0,2,48
03/29/2015,ISP,NY,AEA,EN,Towers with Radar,28,19,15,0,62,0,0,150,0,150,28,19,165,0,212,264,0,264,476
03/30/2015,ISP,NY,AEA,EN,Towers with Radar,27,9,38,1,75,0,13,70,7,90,27,22,108,8,165,236,0,236,401
03/31/2015,ISP,NY,AEA,EN,Towers with Radar,31,8,19,0,58,0,4,56,2,62,31,12,75,2,120,130,0,130,250
04/01/2015,ISP,NY,AEA,EN,Towers with Radar,30,18,35,1,84,0,27,135,12,174,30,45,170,13,258,332,0,332,590
04/02/2015,ISP,NY,AEA,EN,Towers with Radar,30,12,28,3,73,0,6,61,5,72,30,18,89,8,145,112,0,112,257
04/03/2015,ISP,NY,AEA,EN,Towers with Radar,21,16,29,0,66,0,3,10,4,17,21,19,39,4,83,36,0,36,119
04/04/2015,ISP,NY,AEA,EN,Towers with Radar,22,11,14,0,47,0,0,19,0,19,22,11,33,0,66,64,0,64,130
04/05/2015,ISP,NY,AEA,EN,Towers with Radar,29,11,15,0,55,0,1,76,0,77,29,12,91,0,132,252,0,252,384
04/06/2015,ISP,NY,AEA,EN,Towers with Radar,29,15,39,0,83,0,14,147,4,165,29,29,186,4,248,252,0,252,500
04/07/2015,ISP,NY,AEA,EN,Towers with Radar,30,12,38,0,80,0,2,17,0,19,30,14,55,0,99,42,0,42,141
04/08/2015,ISP,NY,AEA,EN,Towers with Radar,31,12,26,2,71,0,12,46,8,66,31,24,72,10,137,182,14,196,333
04/09/2015,ISP,NY,AEA,EN,Towers with Radar,30,8,29,0,67,0,2,5,2,9,30,10,34,2,76,0,0,0,76
04/10/2015,ISP,NY,AEA,EN,Towers with Radar,31,6,26,0,63,0,0,0,0,0,31,6,26,0,63,0,0,0,63
04/11/2015,ISP,NY,AEA,EN,Towers with Radar,28,7,17,0,52,0,5,129,2,136,28,12,146,2,188,180,0,180,368
04/12/2015,ISP,NY,AEA,EN,Towers with Radar,31,11,37,0,79,0,0,223,5,228,31,11,260,5,307,370,0,370,677
04/13/2015,ISP,NY,AEA,EN,Towers with Radar,28,9,40,2,79,0,17,143,6,166,28,26,183,8,245,310,0,310,555
04/14/2015,ISP,NY,AEA,EN,Towers with Radar,30,8,36,1,75,0,15,77,9,101,30,23,113,10,176,238,0,238,414
04/15/2015,ISP,NY,AEA,EN,Towers with Radar,30,17,29,0,76,0,14,118,10,142,30,31,147,10,218,196,0,196,414
04/16/2015,ISP,NY,AEA,EN,Towers with Radar,30,12,26,2,70,0,25,134,6,165,30,37,160,8,235,326,0,326,561
04/17/2015,ISP,NY,AEA,EN,Towers with Radar,29,12,45,4,90,0,3,22,0,25,29,15,67,4,115,56,0,56,171
04/18/2015,ISP,NY,AEA,EN,Towers with Radar,28,6,29,0,63,0,18,177,11,206,28,24,206,11,269,342,0,342,611
04/19/2015,ISP,NY,AEA,EN,Towers with Radar,30,12,24,0,66,0,1,166,6,173,30,13,190,6,239,340,16,356,595
04/20/2015,ISP,NY,AEA,EN,Towers with Radar,22,5,14,0,41,0,0,0,0,0,22,5,14,0,41,0,0,0,41
04/21/2015,ISP,NY,AEA,EN,Towers with Radar,25,12,24,0,61,0,13,72,2,87,25,25,96,2,148,187,0,187,335
04/22/2015,ISP,NY,AEA,EN,Towers with Radar,30,12,18,0,60,0,7,51,3,61,30,19,69,3,121,72,0,72,193
04/23/2015,ISP,NY,AEA,EN,Towers with Radar,30,10,30,0,70,0,10,63,6,79,30,20,93,6,149,48,0,48,197
04/24/2015,ISP,NY,AEA,EN,Towers with Radar,29,15,36,0,80,0,3,122,4,129,29,18,158,4,209,82,0,82,291
04/25/2015,ISP,NY,AEA,EN,Towers with Radar,28,3,27,0,58,0,10,108,1,119,28,13,135,1,177,320,0,320,497
04/26/2015,ISP,NY,AEA,EN,Towers with Radar,29,15,35,0,79,0,0,155,0,155,29,15,190,0,234,288,0,288,522
04/27/2015,ISP,NY,AEA,EN,Towers with Radar,30,18,29,0,77,0,15,107,4,126,30,33,136,4,203,230,0,230,433
04/28/2015,ISP,NY,AEA,EN,Towers with Radar,30,13,32,1,76,0,15,104,7,126,30,28,136,8,202,130,0,130,332
04/29/2015,ISP,NY,AEA,EN,Towers with Radar,30,13,14,2,59,0,16,144,14,174,30,29,158,16,233,246,0,246,479
04/30/2015,ISP,NY,AEA,EN,Towers with Radar,32,16,41,0,89,0,19,108,0,127,32,35,149,0,216,306,0,306,522
05/01/2015,ISP,NY,AEA,EN,Towers with Radar,32,14,37,0,83,0,20,95,9,124,32,34,132,9,207,374,0,374,581
05/02/2015,ISP,NY,AEA,EN,Towers with Radar,30,5,24,0,59,0,9,157,10,176,30,14,181,10,235,282,0,282,517
05/03/2015,ISP,NY,AEA,EN,Towers with Radar,29,11,49,1,90,0,1,163,1,165,29,12,212,2,255,296,20,316,571
05/04/2015,ISP,NY,AEA,EN,Towers with Radar,32,11,48,3,94,0,5,103,7,115,32,16,151,10,209,172,0,172,381
05/05/2015,ISP,NY,AEA,EN,Towers with Radar,31,9,14,2,56,0,13,111,10,134,31,22,125,12,190,230,14,244,434
05/06/2015,ISP,NY,AEA,EN,Towers with Radar,30,11,34,1,76,0,14,103,9,126,30,25,137,10,202,128,14,142,344
05/07/2015,ISP,NY,AEA,EN,Towers with Radar,32,19,41,2,94,0,11,128,6,145,32,30,169,8,239,236,0,236,475
05/08/2015,ISP,NY,AEA,EN,Towers with Radar,29,8,66,1,104,0,5,115,4,124,29,13,181,5,228,172,0,172,400
05/09/2015,ISP,NY,AEA,EN,Towers with Radar,28,4,33,0,65,0,0,6,0,6,28,4,39,0,71,0,0,0,71
05/10/2015,ISP,NY,AEA,EN,Towers with Radar,30,14,39,0,83,0,0,31,0,31,30,14,70,0,114,72,0,72,186
05/11/2015,ISP,NY,AEA,EN,Towers with Radar,30,8,38,0,76,0,0,32,4,36,30,8,70,4,112,28,0,28,140
05/12/2015,ISP,NY,AEA,EN,Towers with Radar,30,10,31,1,72,0,7,46,9,62,30,17,77,10,134,62,0,62,196
05/13/2015,ISP,NY,AEA,EN,Towers with Radar,32,15,32,0,79,0,13,102,4,119,32,28,134,4,198,146,0,146,344
05/14/2015,ISP,NY,AEA,EN,Towers with Radar,30,12,30,0,72,0,9,155,2,166,30,21,185,2,238,198,0,198,436
05/15/2015,ISP,NY,AEA,EN,Towers with Radar,30,13,44,4,91,0,11,147,4,162,30,24,191,8,253,182,0,182,435
05/16/2015,ISP,NY,AEA,EN,Towers with Radar,28,8,22,1,59,0,0,34,0,34,28,8,56,1,93,52,0,52,145
05/17/2015,ISP,NY,AEA,EN,Towers with Radar,32,10,51,1,94,0,2,149,2,153,32,12,200,3,247,188,0,188,435
05/18/2015,ISP,NY,AEA,EN,Towers with Radar,28,12,42,0,82,0,0,38,4,42,28,12,80,4,124,14,0,14,138
05/19/2015,ISP,NY,AEA,EN,Towers with Radar,28,9,11,2,50,0,0,8,0,8,28,9,19,2,58,36,0,36,94
05/20/2015,ISP,NY,AEA,EN,Towers with Radar,32,10,38,2,82,0,3,86,13,102,32,13,124,15,184,72,0,72,256
05/21/2015,ISP,NY,AEA,EN,Towers with Radar,30,12,39,7,88,0,12,130,4,146,30,24,169,11,234,156,6,162,396
05/22/2015,ISP,NY,AEA,EN,Towers with Radar,31,14,46,6,97,0,6,122,12,140,31,20,168,18,237,92,0,92,329
05/23/2015,ISP,NY,AEA,EN,Towers with Radar,26,5,12,2,45,0,0,127,2,129,26,5,139,4,174,68,0,68,242
05/24/2015,ISP,NY,AEA,EN,Towers with Radar,21,7,21,3,52,0,0,132,1,133,21,7,153,4,185,156,0,156,341
05/25/2015,ISP,NY,AEA,EN,Towers with Radar,27,20,34,5,86,0,2,111,0,113,27,22,145,5,199,162,0,162,361
05/26/2015,ISP,NY,AEA,EN,Towers with Radar,28,9,39,5,81,0,6,107,6,119,28,15,146,11,200,106,0,106,306
05/27/2015,ISP,NY,AEA,EN,Towers with Radar,30,9,52,3,94,0,1,21,8,30,30,10,73,11,124,28,0,28,152
05/28/2015,ISP,NY,AEA,EN,Towers with Radar,30,12,51,1,94,0,2,32,1,35,30,14,83,2,129,62,0,62,191
05/29/2015,ISP,NY,AEA,EN,Towers with Radar,29,9,30,0,68,0,11,176,2,189,29,20,206,2,257,320,0,320,577
05/30/2015,ISP,NY,AEA,EN,Towers with Radar,28,4,41,0,73,0,0,98,0,98,28,4,139,0,171,32,0,32,203
05/31/2015,ISP,NY,AEA,EN,Towers with Radar,31,9,28,0,68,0,0,39,0,39,31,9,67,0,107,84,0,84,191
06/01/2015,ISP,NY,AEA,EN,Towers with Radar,26,14,18,0,58,0,0,0,0,0,26,14,18,0,58,0,0,0,58
06/02/2015,ISP,NY,AEA,EN,Towers with Radar,28,17,17,0,62,0,2,4,0,6,28,19,21,0,68,0,0,0,68
06/03/2015,ISP,NY,AEA,EN,Towers with Radar,31,14,47,1,93,0,12,156,8,176,31,26,203,9,269,206,4,210,479
06/04/2015,ISP,NY,AEA,EN,Towers with Radar,29,14,39,0,82,0,16,129,2,147,29,30,168,2,229,188,0,188,417
06/05/2015,ISP,NY,AEA,EN,Towers with Radar,29,22,39,1,91,0,3,80,1,84,29,25,119,2,175,184,0,184,359
06/06/2015,ISP,NY,AEA,EN,Towers with Radar,28,8,35,0,71,0,0,89,0,89,28,8,124,0,160,118,0,118,278
06/07/2015,ISP,NY,AEA,EN,Towers with Radar,26,15,29,0,70,0,0,203,0,203,26,15,232,0,273,256,0,256,529
06/08/2015,ISP,NY,AEA,EN,Towers with Radar,20,15,24,2,61,0,9,55,3,67,20,24,79,5,128,80,12,92,220
06/09/2015,ISP,NY,AEA,EN,Towers with Radar,22,10,38,3,73,0,6,23,11,40,22,16,61,14,113,62,10,72,185
06/10/2015,ISP,NY,AEA,EN,Towers with Radar,22,14,33,2,71,0,19,191,13,223,22,33,224,15,294,236,0,236,530
06/11/2015,ISP,NY,AEA,EN,Towers with Radar,24,17,41,10,92,0,17,131,6,154,24,34,172,16,246,222,0,222,468
06/12/2015,ISP,NY,AEA,EN,Towers with Radar,22,20,31,2,75,0,5,126,6,137,22,25,157,8,212,194,50,244,456
06/13/2015,ISP,NY,AEA,EN,Towers with Radar,26,9,20,1,56,0,5,150,7,162,26,14,170,8,218,142,0,142,360
06/14/2015,ISP,NY,AEA,EN,Towers with Radar,25,11,42,0,78,0,2,181,2,185,25,13,223,2,263,146,0,146,409
06/15/2015,ISP,NY,AEA,EN,Towers with Radar,22,11,23,0,56,0,0,0,0,0,22,11,23,0,56,0,0,0,56
06/16/2015,ISP,NY,AEA,EN,Towers with Radar,25,11,38,3,77,0,2,3,6,11,25,13,41,9,88,4,34,38,126
06/17/2015,ISP,NY,AEA,EN,Towers with Radar,22,13,30,9,74,0,18,155,8,181,22,31,185,17,255,250,0,250,505
06/18/2015,ISP,NY,AEA,EN,Towers with Radar,21,16,30,2,69,0,2,82,4,88,21,18,112,6,157,198,0,198,355
06/19/2015,ISP,NY,AEA,EN,Towers with Radar,22,17,33,2,74,0,11,132,4,147,22,28,165,6,221,134,8,142,363
06/20/2015,ISP,NY,AEA,EN,Towers with Radar,20,10,29,0,59,0,2,63,0,65,20,12,92,0,124,88,0,88,212
06/21/2015,ISP,NY,AEA,EN,Towers with Radar,26,12,20,0,58,0,1,45,0,46,26,13,65,0,104,28,0,28,132
06/22/2015,ISP,NY,AEA,EN,Towers with Radar,22,17,24,10,73,0,23,147,4,174,22,40,171,14,247,254,10,264,511
06/23/2015,ISP,NY,AEA,EN,Towers with Radar,19,8,18,0,45,0,4,60,2,66,19,12,78,2,111,154,20,174,285
06/24/2015,ISP,NY,AEA,EN,Towers with Radar,22,19,37,1,79,0,27,187,8,222,22,46,224,9,301,274,0,274,575
06/25/2015,ISP,NY,AEA,EN,Towers with Radar,18,15,33,1,67,0,15,165,5,185,18,30,198,6,252,232,0,232,484
06/26/2015,ISP,NY,AEA,EN,Towers with Radar,21,18,36,2,77,0,3,88,8,99,21,21,124,10,176,104,0,104,280
06/27/2015,ISP,NY,AEA,EN,Towers with Radar,24,6,19,0,49,0,0,68,2,70,24,6,87,2,119,78,2,80,199
06/28/2015,ISP,NY,AEA,EN,Towers with Radar,25,12,43,1,81,0,0,18,0,18,25,12,61,1,99,16,0,16,115
06/29/2015,ISP,NY,AEA,EN,Towers with Radar,23,20,37,0,80,0,13,128,4,145,23,33,165,4,225,284,0,284,509
06/30/2015,ISP,NY,AEA,EN,Towers with Radar,25,10,24,0,59,0,14,147,9,170,25,24,171,9,229,244,0,244,473
07/01/2015,ISP,NY,AEA,EN,Towers with Radar,26,11,45,0,82,0,11,79,13,103,26,22,124,13,185,130,0,130,315
07/02/2015,ISP,NY,AEA,EN,Towers with Radar,24,21,40,2,87,0,11,158,4,173,24,32,198,6,260,306,0,306,566
07/03/2015,ISP,NY,AEA,EN,Towers with Radar,26,14,21,0,61,0,7,153,1,161,26,21,174,1,222,248,0,248,470
07/04/2015,ISP,NY,AEA,EN,Towers with Radar,26,8,20,0,54,0,0,72,0,72,26,8,92,0,126,104,0,104,230
07/05/2015,ISP,NY,AEA,EN,Towers with Radar,21,14,32,0,67,0,1,133,0,134,21,15,165,0,201,208,0,208,409
07/06/2015,ISP,NY,AEA,EN,Towers with Radar,22,14,30,0,66,0,7,115,4,126,22,21,145,4,192,176,0,176,368
07/07/2015,ISP,NY,AEA,EN,Towers with Radar,23,12,34,1,70,0,1,22,3,26,23,13,56,4,96,16,6,22,118
07/08/2015,ISP,NY,AEA,EN,Towers with Radar,22,9,43,0,74,0,9,69,3,81,22,18,112,3,155,186,0,186,341
07/09/2015,ISP,NY,AEA,EN,Towers with Radar,24,10,42,0,76,0,2,37,0,39,24,12,79,0,115,128,6,134,249
07/10/2015,ISP,NY,AEA,EN,Towers with Radar,23,17,36,0,76,0,11,115,2,128,23,28,151,2,204,146,0,146,350
07/11/2015,ISP,NY,AEA,EN,Towers with Radar,26,10,20,0,56,0,1,149,4,154,26,11,169,4,210,262,0,262,472
07/12/2015,ISP,NY,AEA,EN,Towers with Radar,25,10,35,2,72,0,3,189,5,197,25,13,224,7,269,264,0,264,533
07/13/2015,ISP,NY,AEA,EN,Towers with Radar,23,19,47,2,91,0,13,136,0,149,23,32,183,2,240,216,2,218,458
07/14/2015,ISP,NY,AEA,EN,Towers with Radar,24,12,21,0,57,0,2,39,1,42,24,14,60,1,99,126,0,126,225
07/15/2015,ISP,NY,AEA,EN,Towers with Radar,23,9,26,0,58,0,0,26,0,26,23,9,52,0,84,70,0,70,154
07/16/2015,ISP,NY,AEA,EN,Towers with Radar,24,15,46,4,89,0,9,192,3,204,24,24,238,7,293,228,4,232,525
07/17/2015,ISP,NY,AEA,EN,Towers with Radar,23,13,40,0,76,0,7,141,0,148,23,20,181,0,224,206,0,206,430
07/18/2015,ISP,NY,AEA,EN,Towers with Radar,26,10,23,0,59,0,1,49,1,51,26,11,72,1,110,138,0,138,248
07/19/2015,ISP,NY,AEA,EN,Towers with Radar,24,9,44,0,77,0,2,132,2,136,24,11,176,2,213,254,0,254,467
07/20/2015,ISP,NY,AEA,EN,Towers with Radar,22,13,30,0,65,0,11,110,0,121,22,24,140,0,186,184,0,184,370
07/21/2015,ISP,NY,AEA,EN,Towers with Radar,23,10,26,0,59,0,13,89,1,103,23,23,115,1,162,188,0,188,350
07/22/2015,ISP,NY,AEA,EN,Towers with Radar,24,13,20,0,57,0,10,153,0,163,24,23,173,0,220,328,0,328,548
07/23/2015,ISP,NY,AEA,EN,Towers with Radar,22,16,33,2,73,0,13,160,2,175,22,29,193,4,248,312,0,312,560
07/24/2015,ISP,NY,AEA,EN,Towers with Radar,23,11,28,0,62,0,4,153,6,163,23,15,181,6,225,172,0,172,397
07/25/2015,ISP,NY,AEA,EN,Towers with Radar,26,7,20,0,53,0,0,117,1,118,26,7,137,1,171,216,0,216,387
07/26/2015,ISP,NY,AEA,EN,Towers with Radar,25,10,30,0,65,0,1,85,0,86,25,11,115,0,151,128,0,128,279
07/27/2015,ISP,NY,AEA,EN,Towers with Radar,23,13,22,0,58,0,5,94,2,101,23,18,116,2,159,368,0,368,527
07/28/2015,ISP,NY,AEA,EN,Towers with Radar,22,13,21,0,56,0,14,127,0,141,22,27,148,0,197,232,0,232,429
07/29/2015,ISP,NY,AEA,EN,Towers with Radar,23,11,22,0,56,0,8,123,2,133,23,19,145,2,189,118,0,118,307
07/30/2015,ISP,NY,AEA,EN,Towers with Radar,24,12,38,0,74,0,1,41,1,43,24,13,79,1,117,26,0,26,143
07/31/2015,ISP,NY,AEA,EN,Towers with Radar,22,25,34,0,81,0,8,187,1,196,22,33,221,1,277,304,0,304,581
08/01/2015,ISP,NY,AEA,EN,Towers with Radar,23,16,35,0,74,0,2,147,0,149,23,18,182,0,223,210,0,210,433
08/02/2015,ISP,NY,AEA,EN,Towers with Radar,25,13,26,0,64,0,0,170,0,170,25,13,196,0,234,196,0,196,430
08/03/2015,ISP,NY,AEA,EN,Towers with Radar,24,9,23,0,56,0,7,117,4,128,24,16,140,4,184,184,0,184,368
08/04/2015,ISP,NY,AEA,EN,Towers with Radar,22,20,25,0,67,0,13,94,9,116,22,33,119,9,183,234,0,234,417
08/05/2015,ISP,NY,AEA,EN,Towers with Radar,22,10,32,0,64,0,11,127,8,146,22,21,159,8,210,232,0,232,442
08/06/2015,ISP,NY,AEA,EN,Towers with Radar,21,16,25,0,62,0,18,128,5,151,21,34,153,5,213,206,0,206,419
08/07/2015,ISP,NY,AEA,EN,Towers with Radar,24,22,32,0,78,0,10,145,1,156,24,32,177,1,234,288,0,288,522
08/08/2015,ISP,NY,AEA,EN,Towers with Radar,27,9,19,0,55,0,2,140,0,142,27,11,159,0,197,122,0,122,319
08/09/2015,ISP,NY,AEA,EN,Towers with Radar,23,18,35,0,76,0,4,157,0,161,23,22,192,0,237,156,0,156,393
08/10/2015,ISP,NY,AEA,EN,Towers with Radar,23,13,33,0,69,0,8,107,5,120,23,21,140,5,189,188,0,188,377
08/11/2015,ISP,NY,AEA,EN,Towers with Radar,22,13,19,0,54,0,2,7,0,9,22,15,26,0,63,0,0,0,63
08/12/2015,ISP,NY,AEA,EN,Towers with Radar,24,13,46,2,85,0,20,161,7,188,24,33,207,9,273,298,0,298,571
08/13/2015,ISP,NY,AEA,EN,Towers with Radar,29,15,30,0,74,0,9,157,5,171,29,24,187,5,245,246,0,246,491
08/14/2015,ISP,NY,AEA,EN,Towers with Radar,24,17,37,1,79,0,13,108,0,121,24,30,145,1,200,184,0,184,384
08/15/2015,ISP,NY,AEA,EN,Towers with Radar,17,8,22,0,47,0,0,141,0,141,17,8,163,0,188,158,0,158,346
08/16/2015,ISP,NY,AEA,EN,Towers with Radar,23,12,40,1,76,0,4,133,0,137,23,16,173,1,213,182,0,182,395
08/17/2015,ISP,NY,AEA,EN,Towers with Radar,23,17,33,0,73,0,18,124,4,146,23,35,157,4,219,146,0,146,365
08/18/2015,ISP,NY,AEA,EN,Towers with Radar,24,11,22,0,57,0,15,92,6,113,24,26,114,6,170,226,0,226,396
08/19/2015,ISP,NY,AEA,EN,Towers with Radar,24,15,37,4,80,0,8,78,2,88,24,23,115,6,168,154,0,154,322
08/20/2015,ISP,NY,AEA,EN,Towers with Radar,22,19,49,1,91,0,1,58,3,62,22,20,107,4,153,22,0,22,175
08/21/2015,ISP,NY,AEA,EN,Towers with Radar,24,16,24,0,64,0,5,28,0,33,24,21,52,0,97,10,0,10,107
08/22/2015,ISP,NY,AEA,EN,Towers with Radar,22,7,23,0,52,0,2,115,1,118,22,9,138,1,170,164,0,164,334
08/23/2015,ISP,NY,AEA,EN,Towers with Radar,24,18,28,0,70,0,0,55,0,55,24,18,83,0,125,70,0,70,195
08/24/2015,ISP,NY,AEA,EN,Towers with Radar,22,15,24,1,62,0,3,103,3,109,22,18,127,4,171,166,0,166,337
08/25/2015,ISP,NY,AEA,EN,Towers with Radar,23,11,30,0,64,0,10,70,0,80,23,21,100,0,144,200,16,216,360
08/26/2015,ISP,NY,AEA,EN,Towers with Radar,27,17,44,4,92,0,5,153,7,165,27,22,197,11,257,156,0,156,413
08/27/2015,ISP,NY,AEA,EN,Towers with Radar,24,16,36,1,77,0,8,131,3,142,24,24,167,4,219,184,0,184,403
08/28/2015,ISP,NY,AEA,EN,Towers with Radar,24,15,24,0,63,0,9,165,5,179,24,24,189,5,242,224,0,224,466
08/29/2015,ISP,NY,AEA,EN,Towers with Radar,22,11,21,0,54,0,3,127,0,130,22,14,148,0,184,206,0,206,390
08/30/2015,ISP,NY,AEA,EN,Towers with Radar,24,10,34,0,68,0,0,171,0,171,24,10,205,0,239,234,0,234,473
08/31/2015,ISP,NY,AEA,EN,Towers with Radar,24,15,30,1,70,0,15,123,4,142,24,30,153,5,212,116,0,116,328
09/01/2015,ISP,NY,AEA,EN,Towers with Radar,24,10,25,0,59,0,11,132,4,147,24,21,157,4,206,254,16,270,476
09/02/2015,ISP,NY,AEA,EN,Towers with Radar,26,13,56,0,95,0,8,106,4,118,26,21,162,4,213,170,2,172,385
09/03/2015,ISP,NY,AEA,EN,Towers with Radar,23,11,21,0,55,0,20,91,0,111,23,31,112,0,166,258,0,258,424
09/04/2015,ISP,NY,AEA,EN,Towers with Radar,23,13,45,1,82,0,7,104,2,113,23,20,149,3,195,212,0,212,407
09/05/2015,ISP,NY,AEA,EN,Towers with Radar,22,9,28,0,59,0,18,149,0,167,22,27,177,0,226,296,0,296,522
09/06/2015,ISP,NY,AEA,EN,Towers with Radar,19,9,18,0,46,0,1,163,0,164,19,10,181,0,210,218,0,218,428
09/07/2015,ISP,NY,AEA,EN,Towers with Radar,20,16,39,0,75,0,1,127,0,128,20,17,166,0,203,180,0,180,383
09/08/2015,ISP,NY,AEA,EN,Towers with Radar,25,9,23,1,58,0,15,112,9,136,25,24,135,10,194,212,0,212,406
09/09/2015,ISP,NY,AEA,EN,Towers with Radar,24,15,39,0,78,0,8,44,2,54,24,23,83,2,132,92,0,92,224
09/10/2015,ISP,NY,AEA,EN,Towers with Radar,24,10,23,0,57,0,0,0,0,0,24,10,23,0,57,0,0,0,57
09/11/2015,ISP,NY,AEA,EN,Towers with Radar,24,18,29,0,71,0,7,65,0,72,24,25,94,0,143,94,0,94,237
09/12/2015,ISP,NY,AEA,EN,Towers with Radar,23,11,29,0,63,0,6,99,4,109,23,17,128,4,172,156,0,156,328
09/13/2015,ISP,NY,AEA,EN,Towers with Radar,24,14,25,2,65,0,2,51,4,57,24,16,76,6,122,160,0,160,282
09/14/2015,ISP,NY,AEA,EN,Towers with Radar,24,20,26,0,70,0,9,103,0,112,24,29,129,0,182,62,0,62,244
09/15/2015,ISP,NY,AEA,EN,Towers with Radar,24,19,17,1,61,0,18,164,4,186,24,37,181,5,247,268,0,268,515
09/16/2015,ISP,NY,AEA,EN,Towers with Radar,24,15,34,0,73,0,11,165,2,178,24,26,199,2,251,162,0,162,413
09/17/2015,ISP,NY,AEA,EN,Towers with Radar,25,21,38,4,88,0,20,152,0,172,25,41,190,4,260,320,0,320,580
09/18/2015,ISP,NY,AEA,EN,Towers with Radar,24,16,32,0,72,0,23,161,0,184,24,39,193,0,256,222,0,222,478
09/19/2015,ISP,NY,AEA,EN,Towers with Radar,24,8,38,0,70,0,9,132,0,141,24,17,170,0,211,274,0,274,485
09/20/2015,ISP,NY,AEA,EN,Towers with Radar,25,16,48,0,89,0,1,112,0,113,25,17,160,0,202,130,0,130,332
09/21/2015,ISP,NY,AEA,EN,Towers with Radar,25,9,26,0,60,0,10,105,8,123,25,19,131,8,183,174,0,174,357
09/22/2015,ISP,NY,AEA,EN,Towers with Radar,24,11,26,2,63,0,13,111,4,128,24,24,137,6,191,232,0,232,423
09/23/2015,ISP,NY,AEA,EN,Towers with Radar,25,12,38,0,75,0,14,144,3,161,25,26,182,3,236,186,0,186,422
09/24/2015,ISP,NY,AEA,EN,Towers with Radar,25,14,44,2,85,0,22,147,4,173,25,36,191,6,258,220,0,220,478
09/25/2015,ISP,NY,AEA,EN,Towers with Radar,26,16,49,0,91,0,13,151,0,164,26,29,200,0,255,200,0,200,455
09/26/2015,ISP,NY,AEA,EN,Towers with Radar,22,5,25,0,52,0,18,152,0,170,22,23,177,0,222,366,0,366,588
09/27/2015,ISP,NY,AEA,EN,Towers with Radar,24,10,49,1,84,0,0,150,0,150,24,10,199,1,234,218,0,218,452
09/28/2015,ISP,NY,AEA,EN,Towers with Radar,25,17,41,0,83,0,5,90,0,95,25,22,131,0,178,152,0,152,330
09/29/2015,ISP,NY,AEA,EN,Towers with Radar,24,12,33,0,69,0,1,21,1,23,24,13,54,1,92,58,0,58,150
09/30/2015,ISP,NY,AEA,EN,Towers with Radar,26,11,28,4,69,0,2,6,0,8,26,13,34,4,77,42,0,42,119
10/01/2015,ISP,NY,AEA,EN,Towers with Radar,24,9,30,1,64,0,6,38,0,44,24,15,68,1,108,10,0,10,118
10/02/2015,ISP,NY,AEA,EN,Towers with Radar,25,10,12,0,47,0,2,8,0,10,25,12,20,0,57,0,0,0,57
10/03/2015,ISP,NY,AEA,EN,Towers with Radar,26,3,16,0,45,0,0,7,0,7,26,3,23,0,52,10,0,10,62
10/04/2015,ISP,NY,AEA,EN,Towers with Radar,24,11,13,1,49,0,0,45,0,45,24,11,58,1,94,12,0,12,106
10/05/2015,ISP,NY,AEA,EN,Towers with Radar,24,18,16,0,58,0,16,56,2,74,24,34,72,2,132,192,0,192,324
10/06/2015,ISP,NY,AEA,EN,Towers with Radar,27,12,33,1,73,0,19,165,1,185,27,31,198,2,258,240,0,240,498
10/07/2015,ISP,NY,AEA,EN,Towers with Radar,24,14,18,0,56,0,15,148,2,165,24,29,166,2,221,216,0,216,437
10/08/2015,ISP,NY,AEA,EN,Towers with Radar,24,11,33,0,68,0,19,134,0,153,24,30,167,0,221,218,0,218,439
10/09/2015,ISP,NY,AEA,EN,Towers with Radar,30,18,21,0,69,0,7,44,0,51,30,25,65,0,120,38,0,38,158
10/10/2015,ISP,NY,AEA,EN,Towers with Radar,24,7,27,0,58,0,4,131,0,135,24,11,158,0,193,210,0,210,403
10/11/2015,ISP,NY,AEA,EN,Towers with Radar,30,19,21,0,70,0,0,137,0,137,30,19,158,0,207,142,0,142,349
10/12/2015,ISP,NY,AEA,EN,Towers with Radar,24,17,28,0,69,0,13,134,0,147,24,30,162,0,216,174,0,174,390
10/13/2015,ISP,NY,AEA,EN,Towers with Radar,26,9,32,0,67,0,9,48,2,59,26,18,80,2,126,85,0,85,211
10/14/2015,ISP,NY,AEA,EN,Towers with Radar,24,13,36,1,74,0,20,157,2,179,24,33,193,3,253,222,20,242,495
10/15/2015,ISP,NY,AEA,EN,Towers with Radar,24,21,43,0,88,0,25,151,3,179,24,46,194,3,267,344,0,344,611
10/16/2015,ISP,NY,AEA,EN,Towers with Radar,24,12,33,0,69,0,7,126,1,134,24,19,159,1,203,160,0,160,363
10/17/2015,ISP,NY,AEA,EN,Towers with Radar,24,9,26,0,59,0,1,116,0,117,24,10,142,0,176,186,0,186,362
10/18/2015,ISP,NY,AEA,EN,Towers with Radar,24,10,43,0,77,0,1,99,1,101,24,11,142,1,178,216,0,216,394
10/19/2015,ISP,NY,AEA,EN,Towers with Radar,24,13,17,0,54,0,14,106,6,126,24,27,123,6,180,142,0,142,322
10/20/2015,ISP,NY,AEA,EN,Towers with Radar,24,10,25,5,64,0,15,99,9,123,24,25,124,14,187,152,0,152,339
10/21/2015,ISP,NY,AEA,EN,Towers with Radar,24,13,34,1,72,0,18,154,5,177,24,31,188,6,249,162,0,162,411
10/22/2015,ISP,NY,AEA,EN,Towers with Radar,23,14,22,0,59,0,14,130,4,148,23,28,152,4,207,200,0,200,407
10/23/2015,ISP,NY,AEA,EN,Towers with Radar,26,12,30,0,68,0,10,108,0,118,26,22,138,0,186,64,0,64,250
10/24/2015,ISP,NY,AEA,EN,Towers with Radar,24,10,30,0,64,0,3,83,0,86,24,13,113,0,150,152,0,152,302
10/25/2015,ISP,NY,AEA,EN,Towers with Radar,24,11,43,0,78,0,2,29,0,31,24,13,72,0,109,60,0,60,169
10/26/2015,ISP,NY,AEA,EN,Towers with Radar,27,12,14,0,53,0,15,142,1,158,27,27,156,1,211,142,0,142,353
10/27/2015,ISP,NY,AEA,EN,Towers with Radar,25,11,20,0,56,0,3,143,4,150,25,14,163,4,206,150,0,150,356
10/28/2015,ISP,NY,AEA,EN,Towers with Radar,27,10,12,0,49,0,2,3,0,5,27,12,15,0,54,0,0,0,54
10/29/2015,ISP,NY,AEA,EN,Towers with Radar,24,9,18,0,51,0,6,76,3,85,24,15,94,3,136,84,0,84,220
10/30/2015,ISP,NY,AEA,EN,Towers with Radar,25,15,28,0,68,0,9,134,3,146,25,24,162,3,214,130,0,130,344
10/31/2015,ISP,NY,AEA,EN,Towers with Radar,21,6,26,0,53,0,3,163,1,167,21,9,189,1,220,248,0,248,468
11/01/2015,ISP,NY,AEA,EN,Towers with Radar,25,11,18,0,54,0,0,76,0,76,25,11,94,0,130,194,0,194,324
11/02/2015,ISP,NY,AEA,EN,Towers with Radar,24,11,8,1,44,0,15,90,1,106,24,26,98,2,150,286,0,286,436
11/03/2015,ISP,NY,AEA,EN,Towers with Radar,25,12,26,0,63,0,13,145,7,165,25,25,171,7,228,186,0,186,414
11/04/2015,ISP,NY,AEA,EN,Towers with Radar,26,11,22,1,60,0,25,145,9,179,26,36,167,10,239,241,12,253,492
11/05/2015,ISP,NY,AEA,EN,Towers with Radar,24,19,38,2,83,0,2,19,2,23,24,21,57,4,106,4,0,4,110
11/06/2015,ISP,NY,AEA,EN,Towers with Radar,24,21,39,4,88,0,0,4,0,4,24,21,43,4,92,0,0,0,92
11/07/2015,ISP,NY,AEA,EN,Towers with Radar,24,11,20,0,55,0,8,133,4,145,24,19,153,4,200,206,0,206,406
11/08/2015,ISP,NY,AEA,EN,Towers with Radar,23,17,38,0,78,0,1,166,4,171,23,18,204,4,249,230,0,230,479
11/09/2015,ISP,NY,AEA,EN,Towers with Radar,25,15,21,0,61,0,15,103,5,123,25,30,124,5,184,156,0,156,340
11/10/2015,ISP,NY,AEA,EN,Towers with Radar,27,11,32,0,70,0,5,8,0,13,27,16,40,0,83,10,0,10,93
11/11/2015,ISP,NY,AEA,EN,Towers with Radar,25,18,17,0,60,0,4,13,1,18,25,22,30,1,78,0,0,0,78
11/12/2015,ISP,NY,AEA,EN,Towers with Radar,25,12,29,0,66,0,3,1,1,5,25,15,30,1,71,6,0,6,77
11/13/2015,ISP,NY,AEA,EN,Towers with Radar,24,15,21,0,60,0,4,38,2,44,24,19,59,2,104,46,0,46,150
11/14/2015,ISP,NY,AEA,EN,Towers with Radar,22,4,20,0,46,0,0,40,0,40,22,4,60,0,86,72,0,72,158
11/15/2015,ISP,NY,AEA,EN,Towers with Radar,22,13,31,0,66,0,1,163,0,164,22,14,194,0,230,334,0,334,564
11/16/2015,ISP,NY,AEA,EN,Towers with Radar,24,21,26,1,72,0,20,114,1,135,24,41,140,2,207,204,0,204,411
11/17/2015,ISP,NY,AEA,EN,Towers with Radar,25,15,23,6,69,0,19,122,15,156,25,34,145,21,225,182,18,200,425
11/18/2015,ISP,NY,AEA,EN,Towers with Radar,24,14,33,0,71,0,18,123,8,149,24,32,156,8,220,202,0,202,422
11/19/2015,ISP,NY,AEA,EN,Towers with Radar,25,10,12,0,47,0,4,7,5,16,25,14,19,5,63,2,0,2,65
11/20/2015,ISP,NY,AEA,EN,Towers with Radar,24,20,43,2,89,0,27,148,0,175,24,47,191,2,264,192,0,192,456
11/21/2015,ISP,NY,AEA,EN,Towers with Radar,24,13,30,0,67,0,10,181,5,196,24,23,211,5,263,244,0,244,507
11/22/2015,ISP,NY,AEA,EN,Towers with Radar,21,18,20,0,59,0,0,85,2,87,21,18,105,2,146,166,0,166,312
11/23/2015,ISP,NY,AEA,EN,Towers with Radar,26,17,23,4,70,0,14,108,3,125,26,31,131,7,195,142,0,142,337
11/24/2015,ISP,NY,AEA,EN,Towers with Radar,26,24,34,3,87,0,13,141,9,163,26,37,175,12,250,212,0,212,462
11/25/2015,ISP,NY,AEA,EN,Towers with Radar,27,14,30,0,71,0,8,159,0,167,27,22,189,0,238,204,0,204,442
11/26/2015,ISP,NY,AEA,EN,Towers with Radar,15,5,9,0,29,0,0,35,0,35,15,5,44,0,64,26,0,26,90
11/27/2015,ISP,NY,AEA,EN,Towers with Radar,24,7,17,0,48,0,3,146,0,149,24,10,163,0,197,122,0,122,319
11/28/2015,ISP,NY,AEA,EN,Towers with Radar,30,6,37,0,73,0,0,71,0,71,30,6,108,0,144,80,0,80,224
11/29/2015,ISP,NY,AEA,EN,Towers with Radar,29,16,29,0,74,0,0,162,0,162,29,16,191,0,236,230,0,230,466
11/30/2015,ISP,NY,AEA,EN,Towers with Radar,27,12,14,1,54,0,14,85,1,100,27,26,99,2,154,240,0,240,394
12/01/2015,ISP,NY,AEA,EN,Towers with Radar,25,10,21,0,56,0,4,7,0,11,25,14,28,0,67,0,0,0,67
12/02/2015,ISP,NY,AEA,EN,Towers with Radar,24,8,11,0,43,0,0,0,0,0,24,8,11,0,43,0,0,0,43
12/03/2015,ISP,NY,AEA,EN,Towers with Radar,26,14,21,1,62,0,9,60,6,75,26,23,81,7,137,82,0,82,219
12/04/2015,ISP,NY,AEA,EN,Towers with Radar,25,14,22,0,61,0,10,181,2,193,25,24,203,2,254,320,0,320,574
12/05/2015,ISP,NY,AEA,EN,Towers with Radar,23,13,27,0,63,0,14,177,0,191,23,27,204,0,254,230,0,230,484
12/06/2015,ISP,NY,AEA,EN,Towers with Radar,23,13,43,0,79,0,0,172,2,174,23,13,215,2,253,216,0,216,469
12/07/2015,ISP,NY,AEA,EN,Towers with Radar,24,14,33,0,71,0,12,103,2,117,24,26,136,2,188,222,0,222,410
12/08/2015,ISP,NY,AEA,EN,Towers with Radar,23,16,16,7,62,0,18,79,5,102,23,34,95,12,164,212,12,224,388
12/09/2015,ISP,NY,AEA,EN,Towers with Radar,25,17,40,4,86,0,16,120,3,139,25,33,160,7,225,252,2,254,479
12/10/2015,ISP,NY,AEA,EN,Towers with Radar,23,14,38,0,75,0,19,129,6,154,23,33,167,6,229,240,0,240,469
12/11/2015,ISP,NY,AEA,EN,Towers with Radar,27,14,38,0,79,0,19,93,0,112,27,33,131,0,191,204,0,204,395
12/12/2015,ISP,NY,AEA,EN,Towers with Radar,24,6,39,0,69,0,14,183,4,201,24,20,222,4,270,256,0,256,526
12/13/2015,ISP,NY,AEA,EN,Towers with Radar,23,15,33,0,71,0,0,101,1,102,23,15,134,1,173,180,0,180,353
12/14/2015,ISP,NY,AEA,EN,Towers with Radar,26,7,5,0,38,0,2,2,0,4,26,9,7,0,42,0,0,0,42
12/15/2015,ISP,NY,AEA,EN,Towers with Radar,25,15,29,2,71,0,10,61,16,87,25,25,90,18,158,32,8,40,198
12/16/2015,ISP,NY,AEA,EN,Towers with Radar,24,15,49,0,88,0,14,128,2,144,24,29,177,2,232,206,0,206,438
12/17/2015,ISP,NY,AEA,EN,Towers with Radar,24,8,22,0,54,0,2,0,0,2,24,10,22,0,56,0,0,0,56
12/18/2015,ISP,NY,AEA,EN,Towers with Radar,24,10,33,0,67,0,2,27,4,33,24,12,60,4,100,88,0,88,188
12/19/2015,ISP,NY,AEA,EN,Towers with Radar,24,17,12,2,55,0,3,65,2,70,24,20,77,4,125,42,0,42,167
12/20/2015,ISP,NY,AEA,EN,Towers with Radar,23,10,26,0,59,0,2,161,0,163,23,12,187,0,222,204,0,204,426
12/21/2015,ISP,NY,AEA,EN,Towers with Radar,24,14,27,0,65,0,8,86,2,96,24,22,113,2,161,176,0,176,337
12/22/2015,ISP,NY,AEA,EN,Towers with Radar,24,15,20,0,59,0,2,1,0,3,24,17,21,0,62,0,0,0,62
12/23/2015,ISP,NY,AEA,EN,Towers with Radar,26,17,24,0,67,0,0,1,0,1,26,17,25,0,68,0,0,0,68
12/24/2015,ISP,NY,AEA,EN,Towers with Radar,23,13,10,0,46,0,0,4,0,4,23,13,14,0,50,0,0,0,50
12/25/2015,ISP,NY,AEA,EN,Towers with Radar,24,5,11,0,40,0,0,6,0,6,24,5,17,0,46,0,0,0,46
12/26/2015,ISP,NY,AEA,EN,Towers with Radar,28,10,39,0,77,0,0,87,0,87,28,10,126,0,164,82,0,82,246
12/27/2015,ISP,NY,AEA,EN,Towers with Radar,24,14,17,0,55,0,0,1,0,1,24,14,18,0,56,0,0,0,56
12/28/2015,ISP,NY,AEA,EN,Towers with Radar,24,14,30,0,68,0,4,94,2,100,24,18,124,2,168,136,0,136,304
12/29/2015,ISP,NY,AEA,EN,Towers with Radar,22,10,8,0,40,0,3,1,0,4,22,13,9,0,44,0,0,0,44
12/30/2015,ISP,NY,AEA,EN,Towers with Radar,23,12,23,0,58,0,5,0,0,5,23,17,23,0,63,0,0,0,63
12/31/2015,ISP,NY,AEA,EN,Towers with Radar,21,10,19,0,50,0,3,60,0,63,21,13,79,0,113,12,0,12,125
01/01/2016,ISP,NY,AEA,EN,Towers with Radar,22,9,12,0,43,0,0,70,0,70,22,9,82,0,113,166,0,166,279
01/02/2016,ISP,NY,AEA,EN,Towers with Radar,28,15,33,0,76,0,2,125,0,127,28,17,158,0,203,162,0,162,365
01/03/2016,ISP,NY,AEA,EN,Towers with Radar,27,15,28,0,70,0,1,126,2,129,27,16,154,2,199,174,0,174,373
01/04/2016,ISP,NY,AEA,EN,Towers with Radar,23,14,21,0,58,0,10,74,0,84,23,24,95,0,142,158,0,158,300
01/05/2016,ISP,NY,AEA,EN,Towers with Radar,23,8,21,5,57,1,13,100,10,124,24,21,121,15,181,200,0,200,381
01/06/2016,ISP,NY,AEA,EN,Towers with Radar,24,8,43,1,76,0,14,152,8,174,24,22,195,9,250,268,6,274,524
01/07/2016,ISP,NY,AEA,EN,Towers with Radar,24,12,26,0,62,0,18,117,0,135,24,30,143,0,197,148,0,148,345
01/08/2016,ISP,NY,AEA,EN,Towers with Radar,24,14,23,1,62,0,9,92,1,102,24,23,115,2,164,182,0,182,346
01/09/2016,ISP,NY,AEA,EN,Towers with Radar,25,7,20,2,54,0,0,47,2,49,25,7,67,4,103,112,0,112,215
01/10/2016,ISP,NY,AEA,EN,Towers with Radar,24,15,16,0,55,0,0,6,0,6,24,15,22,0,61,0,0,0,61
01/11/2016,ISP,NY,AEA,EN,Towers with Radar,24,15,22,1,62,0,8,84,4,96,24,23,106,5,158,98,0,98,256
01/12/2016,ISP,NY,AEA,EN,Towers with Radar,24,13,13,0,50,0,11,87,2,100,24,24,100,2,150,92,0,92,242
01/13/2016,ISP,NY,AEA,EN,Towers with Radar,24,6,16,3,49,0,6,43,5,54,24,12,59,8,103,54,0,54,157
01/14/2016,ISP,NY,AEA,EN,Towers with Radar,24,13,26,1,64,0,13,113,5,131,24,26,139,6,195,104,0,104,299
01/15/2016,ISP,NY,AEA,EN,Towers with Radar,24,13,29,0,66,0,13,154,2,169,24,26,183,2,235,290,8,298,533
01/16/2016,ISP,NY,AEA,EN,Towers with Radar,25,9,14,0,48,0,0,44,0,44,25,9,58,0,92,68,0,68,160
01/17/2016,ISP,NY,AEA,EN,Towers with Radar,22,8,22,0,52,0,0,95,0,95,22,8,117,0,147,126,0,126,273
01/18/2016,ISP,NY,AEA,EN,Towers with Radar,24,10,12,0,46,0,0,35,0,35,24,10,47,0,81,6,0,6,87
01/19/2016,ISP,NY,AEA,EN,Towers with Radar,24,9,20,0,53,0,7,24,2,33,24,16,44,2,86,4,0,4,90
01/20/2016,ISP,NY,AEA,EN,Towers with Radar,22,12,39,0,73,0,19,136,8,163,22,31,175,8,236,182,0,182,418
01/21/2016,ISP,NY,AEA,EN,Towers with Radar,24,11,35,0,70,0,8,109,5,122,24,19,144,5,192,170,0,170,362
01/22/2016,ISP,NY,AEA,EN,Towers with Radar,15,8,33,0,56,0,5,130,0,135,15,13,163,0,191,208,0,208,399
01/23/2016,ISP,NY,AEA,EN,Towers with Radar,0,0,0,0,0,0,0,0,0,0,0,0,0,0,0,0,0,0,0
01/24/2016,ISP,NY,AEA,EN,Towers with Radar,0,7,8,0,15,0,2,5,0,7,0,9,13,0,22,0,0,0,22
01/25/2016,ISP,NY,AEA,EN,Towers with Radar,21,13,17,2,53,0,0,48,2,50,21,13,65,4,103,98,0,98,201
01/26/2016,ISP,NY,AEA,EN,Towers with Radar,24,9,23,2,58,0,4,76,8,88,24,13,99,10,146,122,0,122,268
01/27/2016,ISP,NY,AEA,EN,Towers with Radar,24,7,37,0,68,0,16,126,6,148,24,23,163,6,216,218,14,232,448
01/28/2016,ISP,NY,AEA,EN,Towers with Radar,24,14,31,0,69,0,12,122,3,137,24,26,153,3,206,274,0,274,480
01/29/2016,ISP,NY,AEA,EN,Towers with Radar,24,14,25,1,64,0,12,78,1,91,24,26,103,2,155,196,0,196,351
01/30/2016,ISP,NY,AEA,EN,Towers with Radar,25,8,30,0,63,0,2,161,3,166,25,10,191,3,229,284,0,284,513
01/31/2016,ISP,NY,AEA,EN,Towers with Radar,22,9,38,0,69,0,0,127,0,127,22,9,165,0,196,212,0,212,408
02/01/2016,ISP,NY,AEA,EN,Towers with Radar,24,11,17,1,53,0,19,64,2,85,24,30,81,3,138,196,0,196,334
02/02/2016,ISP,NY,AEA,EN,Towers with Radar,24,8,41,0,73,0,16,129,9,154,24,24,170,9,227,306,6,312,539
02/03/2016,ISP,NY,AEA,EN,Towers with Radar,24,4,12,0,40,0,2,11,0,13,24,6,23,0,53,8,0,8,61
02/04/2016,ISP,NY,AEA,EN,Towers with Radar,24,10,25,0,59,0,8,78,2,88,24,18,103,2,147,142,0,142,289
02/05/2016,ISP,NY,AEA,EN,Towers with Radar,23,6,12,0,41,0,0,16,0,16,23,6,28,0,57,0,0,0,57
02/06/2016,ISP,NY,AEA,EN,Towers with Radar,27,9,28,0,64,0,8,178,1,187,27,17,206,1,251,231,0,231,482
02/07/2016,ISP,NY,AEA,EN,Towers with Radar,18,10,37,0,65,0,1,144,0,145,18,11,181,0,210,228,0,228,438
02/08/2016,ISP,NY,AEA,EN,Towers with Radar,16,2,10,0,28,0,1,2,0,3,16,3,12,0,31,0,0,0,31
02/09/2016,ISP,NY,AEA,EN,Towers with Radar,24,3,8,2,37,0,3,20,4,27,24,6,28,6,64,56,22,78,142
02/10/2016,ISP,NY,AEA,EN,Towers with Radar,24,11,30,1,66,0,4,40,6,50,24,15,70,7,116,76,14,90,206
02/11/2016,ISP,NY,AEA,EN,Towers with Radar,24,16,17,1,58,0,9,24,5,38,24,25,41,6,96,32,0,32,128
02/12/2016,ISP,NY,AEA,EN,Towers with Radar,24,15,33,0,72,0,14,143,4,161,24,29,176,4,233,186,0,186,419
02/13/2016,ISP,NY,AEA,EN,Towers with Radar,28,9,14,0,51,0,0,14,0,14,28,9,28,0,65,0,0,0,65
02/14/2016,ISP,NY,AEA,EN,Towers with Radar,21,8,20,2,51,0,0,38,0,38,21,8,58,2,89,52,0,52,141
02/15/2016,ISP,NY,AEA,EN,Towers with Radar,23,13,11,0,47,0,0,20,0,20,23,13,31,0,67,0,0,0,67
02/16/2016,ISP,NY,AEA,EN,Towers with Radar,24,11,13,0,48,0,2,11,0,13,24,13,24,0,61,0,0,0,61
02/17/2016,ISP,NY,AEA,EN,Towers with Radar,24,22,29,0,75,0,25,122,8,155,24,47,151,8,230,280,0,280,510
02/18/2016,ISP,NY,AEA,EN,Towers with Radar,22,21,30,0,73,0,22,96,0,118,22,43,126,0,191,108,0,108,299
02/19/2016,ISP,NY,AEA,EN,Towers with Radar,23,12,38,1,74,0,21,145,4,170,23,33,183,5,244,188,12,200,444
02/20/2016,ISP,NY,AEA,EN,Towers with Radar,25,11,24,1,61,0,9,137,4,150,25,20,161,5,211,158,0,158,369
02/21/2016,ISP,NY,AEA,EN,Towers with Radar,22,15,38,0,75,0,1,169,0,170,22,16,207,0,245,256,0,256,501
02/22/2016,ISP,NY,AEA,EN,Towers with Radar,24,11,25,0,60,0,22,112,5,139,24,33,137,5,199,272,0,272,471
02/23/2016,ISP,NY,AEA,EN,Towers with Radar,23,10,10,0,43,0,4,22,0,26,23,14,32,0,69,0,0,0,69
02/24/2016,ISP,NY,AEA,EN,Towers with Radar,23,7,12,0,42,0,0,0,0,0,23,7,12,0,42,0,0,0,42
02/25/2016,ISP,NY,AEA,EN,Towers with Radar,24,9,16,0,49,0,8,29,2,39,24,17,45,2,88,8,0,8,96
02/26/2016,ISP,NY,AEA,EN,Towers with Radar,26,12,15,2,55,0,2,32,3,37,26,14,47,5,92,36,2,38,130
02/27/2016,ISP,NY,AEA,EN,Towers with Radar,26,11,28,0,65,0,14,179,9,202,26,25,207,9,267,204,0,204,471
02/28/2016,ISP,NY,AEA,EN,Towers with Radar,22,14,35,0,71,0,0,204,1,205,22,14,239,1,276,158,0,158,434
02/29/2016,ISP,NY,AEA,EN,Towers with Radar,24,16,17,0,57,0,14,69,5,88,24,30,86,5,145,140,0,140,285
03/01/2016,ISP,NY,AEA,EN,Towers with Radar,26,11,31,3,71,0,16,136,4,156,26,27,167,7,227,318,0,318,545
03/02/2016,ISP,NY,AEA,EN,Towers with Radar,27,9,7,0,43,0,4,20,10,34,27,13,27,10,77,2,0,2,79
03/03/2016,ISP,NY,AEA,EN,Towers with Radar,23,12,38,0,73,0,21,157,4,182,23,33,195,4,255,338,0,338,593
03/04/2016,ISP,NY,AEA,EN,Towers with Radar,22,11,7,0,40,0,0,12,0,12,22,11,19,0,52,0,0,0,52
03/05/2016,ISP,NY,AEA,EN,Towers with Radar,25,8,35,0,68,0,5,166,1,172,25,13,201,1,240,152,0,152,392
03/06/2016,ISP,NY,AEA,EN,Towers with Radar,22,12,30,1,65,0,2,135,1,138,22,14,165,2,203,166,0,166,369
03/07/2016,ISP,NY,AEA,EN,Towers with Radar,24,10,15,0,49,0,10,75,2,87,24,20,90,2,136,132,0,132,268
03/08/2016,ISP,NY,AEA,EN,Towers with Radar,24,13,30,1,68,0,20,140,4,164,24,33,170,5,232,320,30,350,582
03/09/2016,ISP,NY,AEA,EN,Towers with Radar,23,12,26,0,61,0,23,175,5,203,23,35,201,5,264,300,0,300,564
03/10/2016,ISP,NY,AEA,EN,Towers with Radar,26,12,31,0,69,0,11,115,4,130,26,23,146,4,199,198,0,198,397
03/11/2016,ISP,NY,AEA,EN,Towers with Radar,26,14,25,0,65,0,16,120,5,141,26,30,145,5,206,212,10,222,428
03/12/2016,ISP,NY,AEA,EN,Towers with Radar,20,6,41,0,67,0,11,173,15,199,20,17,214,15,266,208,6,214,480
03/13/2016,ISP,NY,AEA,EN,Towers with Radar,23,8,34,0,65,0,2,145,3,150,23,10,179,3,215,248,0,248,463
03/14/2016,ISP,NY,AEA,EN,Towers with Radar,25,6,13,0,44,0,2,6,0,8,25,8,19,0,52,14,0,14,66
03/15/2016,ISP,NY,AEA,EN,Towers with Radar,31,18,45,1,95,0,7,11,3,21,31,25,56,4,116,12,0,12,128
03/16/2016,ISP,NY,AEA,EN,Towers with Radar,26,16,31,2,75,0,18,178,6,202,26,34,209,8,277,266,22,288,565
03/17/2016,ISP,NY,AEA,EN,Towers with Radar,26,11,24,1,62,0,13,110,6,129,26,24,134,7,191,224,0,224,415
03/18/2016,ISP,NY,AEA,EN,Towers with Radar,30,5,26,0,61,0,3,68,6,77,30,8,94,6,138,24,0,24,162
03/19/2016,ISP,NY,AEA,EN,Towers with Radar,19,16,33,0,68,0,12,182,0,194,19,28,215,0,262,192,0,192,454
03/20/2016,ISP,NY,AEA,EN,Towers with Radar,21,7,13,0,41,0,0,85,0,85,21,7,98,0,126,204,0,204,330
03/21/2016,ISP,NY,AEA,EN,Towers with Radar,24,8,18,0,50,0,3,63,2,68,24,11,81,2,118,136,0,136,254
03/22/2016,ISP,NY,AEA,EN,Towers with Radar,26,14,17,3,60,0,14,126,16,156,26,28,143,19,216,226,32,258,474
03/23/2016,ISP,NY,AEA,EN,Towers with Radar,26,14,53,0,93,0,11,159,9,179,26,25,212,9,272,256,12,268,540
03/24/2016,ISP,NY,AEA,EN,Towers with Radar,24,15,60,0,99,0,4,43,4,51,24,19,103,4,150,168,0,168,318
03/25/2016,ISP,NY,AEA,EN,Towers with Radar,23,16,41,0,80,0,2,8,0,10,23,18,49,0,90,0,0,0,90
03/26/2016,ISP,NY,AEA,EN,Towers with Radar,18,8,23,0,49,0,4,160,0,164,18,12,183,0,213,194,0,194,407
03/27/2016,ISP,NY,AEA,EN,Towers with Radar,24,10,32,0,66,0,0,91,0,91,24,10,123,0,157,130,0,130,287
03/28/2016,ISP,NY,AEA,EN,Towers with Radar,25,16,25,0,66,0,2,5,0,7,25,18,30,0,73,0,0,0,73
03/29/2016,ISP,NY,AEA,EN,Towers with Radar,24,7,5,5,41,0,5,32,12,49,24,12,37,17,90,0,0,0,90
03/30/2016,ISP,NY,AEA,EN,Towers with Radar,25,14,48,1,88,0,24,218,5,247,25,38,266,6,335,382,6,388,723
03/31/2016,ISP,NY,AEA,EN,Towers with Radar,26,12,14,1,53,0,3,27,2,32,26,15,41,3,85,10,0,10,95
04/01/2016,ISP,NY,AEA,EN,Towers with Radar,25,21,21,0,67,0,0,0,0,0,25,21,21,0,67,0,0,0,67
04/02/2016,ISP,NY,AEA,EN,Towers with Radar,19,11,38,0,68,0,0,18,0,18,19,11,56,0,86,32,0,32,118
04/03/2016,ISP,NY,AEA,EN,Towers with Radar,26,8,8,0,42,0,1,20,0,21,26,9,28,0,63,0,0,0,63
04/04/2016,ISP,NY,AEA,EN,Towers with Radar,27,14,13,0,54,0,0,10,0,10,27,14,23,0,64,0,0,0,64
04/05/2016,ISP,NY,AEA,EN,Towers with Radar,26,9,30,3,68,0,11,115,6,132,26,20,145,9,200,130,8,138,338
04/06/2016,ISP,NY,AEA,EN,Towers with Radar,26,12,41,0,79,0,13,155,6,174,26,25,196,6,253,194,0,194,447
04/07/2016,ISP,NY,AEA,EN,Towers with Radar,26,10,10,0,46,0,4,6,0,10,26,14,16,0,56,0,0,0,56
04/08/2016,ISP,NY,AEA,EN,Towers with Radar,25,16,34,5,80,0,7,83,3,93,25,23,117,8,173,126,0,126,299
04/09/2016,ISP,NY,AEA,EN,Towers with Radar,21,7,12,0,40,0,0,26,0,26,21,7,38,0,66,42,0,42,108
04/10/2016,ISP,NY,AEA,EN,Towers with Radar,22,12,42,0,76,0,1,203,0,204,22,13,245,0,280,100,0,100,380
04/11/2016,ISP,NY,AEA,EN,Towers with Radar,25,8,14,1,48,0,4,43,2,49,25,12,57,3,97,10,0,10,107
04/12/2016,ISP,NY,AEA,EN,Towers with Radar,28,9,30,1,68,0,4,34,7,45,28,13,64,8,113,62,0,62,175
04/13/2016,ISP,NY,AEA,EN,Towers with Radar,29,14,37,0,80,0,20,194,8,222,29,34,231,8,302,366,0,366,668
04/14/2016,ISP,NY,AEA,EN,Towers with Radar,29,15,27,0,71,0,18,189,1,208,29,33,216,1,279,266,0,266,545
04/15/2016,ISP,NY,AEA,EN,Towers with Radar,30,15,35,4,84,0,24,184,6,214,30,39,219,10,298,298,0,298,596
04/16/2016,ISP,NY,AEA,EN,Towers with Radar,24,10,20,0,54,0,7,137,6,150,24,17,157,6,204,244,0,244,448
04/17/2016,ISP,NY,AEA,EN,Towers with Radar,27,7,39,1,74,0,1,223,5,229,27,8,262,6,303,236,0,236,539
04/18/2016,ISP,NY,AEA,EN,Towers with Radar,29,11,37,1,78,0,18,158,6,182,29,29,195,7,260,254,0,254,514
04/19/2016,ISP,NY,AEA,EN,Towers with Radar,30,9,27,0,66,0,5,65,2,72,30,14,92,2,138,128,0,128,266
04/20/2016,ISP,NY,AEA,EN,Towers with Radar,29,20,38,1,88,0,27,159,7,193,29,47,197,8,281,312,0,312,593
04/21/2016,ISP,NY,AEA,EN,Towers with Radar,30,10,45,0,85,0,11,146,0,157,30,21,191,0,242,160,0,160,402
04/22/2016,ISP,NY,AEA,EN,Towers with Radar,33,12,31,2,78,0,10,98,2,110,33,22,129,4,188,196,0,196,384
04/23/2016,ISP,NY,AEA,EN,Towers with Radar,26,8,23,0,57,0,5,90,0,95,26,13,113,0,152,98,0,98,250
04/24/2016,ISP,NY,AEA,EN,Towers with Radar,29,6,30,0,65,0,0,195,1,196,29,6,225,1,261,316,0,316,577
04/25/2016,ISP,NY,AEA,EN,Towers with Radar,32,14,34,0,80,0,15,115,2,132,32,29,149,2,212,256,0,256,468
04/26/2016,ISP,NY,AEA,EN,Towers with Radar,31,8,20,0,59,0,4,2,0,6,31,12,22,0,65,0,18,18,83
04/27/2016,ISP,NY,AEA,EN,Towers with Radar,31,11,39,0,81,0,21,157,8,186,31,32,196,8,267,338,0,338,605
04/28/2016,ISP,NY,AEA,EN,Towers with Radar,31,16,40,0,87,0,16,127,5,148,31,32,167,5,235,246,0,246,481
04/29/2016,ISP,NY,AEA,EN,Towers with Radar,31,16,29,3,79,0,7,94,7,108,31,23,123,10,187,116,0,116,303
04/30/2016,ISP,NY,AEA,EN,Towers with Radar,26,6,32,0,64,0,20,166,3,189,26,26,198,3,253,276,0,276,529
05/01/2016,ISP,NY,AEA,EN,Towers with Radar,28,16,53,0,97,0,0,19,0,19,28,16,72,0,116,82,0,82,198
05/02/2016,ISP,NY,AEA,EN,Towers with Radar,29,7,30,0,66,0,2,11,0,13,29,9,41,0,79,28,0,28,107
05/03/2016,ISP,NY,AEA,EN,Towers with Radar,28,12,30,0,70,0,4,2,0,6,28,16,32,0,76,8,0,8,84
05/04/2016,ISP,NY,AEA,EN,Towers with Radar,24,7,34,0,65,0,4,9,0,13,24,11,43,0,78,0,0,0,78
05/05/2016,ISP,NY,AEA,EN,Towers with Radar,30,12,31,1,74,0,4,13,3,20,30,16,44,4,94,18,0,18,112
05/06/2016,ISP,NY,AEA,EN,Towers with Radar,29,13,11,0,53,0,2,11,0,13,29,15,22,0,66,0,0,0,66
05/07/2016,ISP,NY,AEA,EN,Towers with Radar,24,8,64,0,96,0,0,4,0,4,24,8,68,0,100,32,4,36,136
05/08/2016,ISP,NY,AEA,EN,Towers with Radar,28,6,17,0,51,0,0,28,0,28,28,6,45,0,79,0,0,0,79
05/09/2016,ISP,NY,AEA,EN,Towers with Radar,31,11,35,1,78,0,16,139,3,158,31,27,174,4,236,288,0,288,524
05/10/2016,ISP,NY,AEA,EN,Towers with Radar,29,14,40,0,83,0,19,174,9,202,29,33,214,9,285,424,0,424,709
05/11/2016,ISP,NY,AEA,EN,Towers with Radar,27,15,37,0,79,0,16,160,0,176,27,31,197,0,255,308,0,308,563
05/12/2016,ISP,NY,AEA,EN,Towers with Radar,29,13,42,0,84,0,20,197,3,220,29,33,239,3,304,338,0,338,642
05/13/2016,ISP,NY,AEA,EN,Towers with Radar,32,15,54,0,101,0,2,33,2,37,32,17,87,2,138,102,0,102,240
05/14/2016,ISP,NY,AEA,EN,Towers with Radar,24,11,29,0,64,0,3,168,2,173,24,14,197,2,237,182,0,182,419
05/15/2016,ISP,NY,AEA,EN,Towers with Radar,28,15,19,0,62,0,6,69,2,77,28,21,88,2,139,78,0,78,217
05/16/2016,ISP,NY,AEA,EN,Towers with Radar,28,11,20,0,59,0,6,46,2,54,28,17,66,2,113,56,0,56,169
05/17/2016,ISP,NY,AEA,EN,Towers with Radar,29,12,50,0,91,0,15,158,2,175,29,27,208,2,266,246,0,246,512
05/18/2016,ISP,NY,AEA,EN,Towers with Radar,28,14,37,0,79,0,22,159,0,181,28,36,196,0,260,294,0,294,554
05/19/2016,ISP,NY,AEA,EN,Towers with Radar,30,10,61,0,101,0,15,159,4,178,30,25,220,4,279,212,0,212,491
05/20/2016,ISP,NY,AEA,EN,Towers with Radar,29,17,46,8,100,0,10,202,0,212,29,27,248,8,312,224,4,228,540
05/21/2016,ISP,NY,AEA,EN,Towers with Radar,25,11,51,0,87,0,3,105,0,108,25,14,156,0,195,138,0,138,333
05/22/2016,ISP,NY,AEA,EN,Towers with Radar,28,9,26,0,63,0,2,96,1,99,28,11,122,1,162,246,0,246,408
05/23/2016,ISP,NY,AEA,EN,Towers with Radar,31,17,47,0,95,0,12,130,0,142,31,29,177,0,237,284,0,284,521
05/24/2016,ISP,NY,AEA,EN,Towers with Radar,28,13,22,2,65,0,6,27,0,33,28,19,49,2,98,42,0,42,140
05/25/2016,ISP,NY,AEA,EN,Towers with Radar,29,14,44,0,87,0,18,161,2,181,29,32,205,2,268,238,0,238,506
05/26/2016,ISP,NY,AEA,EN,Towers with Radar,27,13,30,1,71,0,13,163,1,177,27,26,193,2,248,286,0,286,534
05/27/2016,ISP,NY,AEA,EN,Towers with Radar,28,16,41,0,85,0,7,161,7,175,28,23,202,7,260,184,0,184,444
05/28/2016,ISP,NY,AEA,EN,Towers with Radar,24,6,15,0,45,0,4,127,1,132,24,10,142,1,177,158,0,158,335
05/29/2016,ISP,NY,AEA,EN,Towers with Radar,23,9,34,0,66,0,3,90,2,95,23,12,124,2,161,122,0,122,283
05/30/2016,ISP,NY,AEA,EN,Towers with Radar,28,17,39,0,84,0,0,1,0,1,28,17,40,0,85,0,0,0,85
05/31/2016,ISP,NY,AEA,EN,Towers with Radar,28,14,29,1,72,0,9,103,7,119,28,23,132,8,191,276,8,284,475
06/01/2016,ISP,NY,AEA,EN,Towers with Radar,28,14,50,0,92,0,19,182,4,205,28,33,232,4,297,286,0,286,583
06/02/2016,ISP,NY,AEA,EN,Towers with Radar,28,16,38,2,84,0,6,93,1,100,28,22,131,3,184,276,0,276,460
06/03/2016,ISP,NY,AEA,EN,Towers with Radar,29,10,29,0,68,0,6,16,2,24,29,16,45,2,92,14,0,14,106
06/04/2016,ISP,NY,AEA,EN,Towers with Radar,24,8,39,0,71,0,0,95,0,95,24,8,134,0,166,148,0,148,314
06/05/2016,ISP,NY,AEA,EN,Towers with Radar,23,12,23,0,58,0,0,2,0,2,23,12,25,0,60,0,0,0,60
06/06/2016,ISP,NY,AEA,EN,Towers with Radar,26,20,43,0,89,0,23,150,5,178,26,43,193,5,267,150,0,150,417
06/07/2016,ISP,NY,AEA,EN,Towers with Radar,25,14,27,3,69,0,16,126,4,146,25,30,153,7,215,204,20,224,439
06/08/2016,ISP,NY,AEA,EN,Towers with Radar,23,13,14,0,50,0,14,83,7,104,23,27,97,7,154,132,24,156,310
06/09/2016,ISP,NY,AEA,EN,Towers with Radar,24,12,25,3,64,0,16,66,2,84,24,28,91,5,148,94,0,94,242
06/10/2016,ISP,NY,AEA,EN,Towers with Radar,23,16,44,0,83,0,22,189,8,219,23,38,233,8,302,194,0,194,496
06/11/2016,ISP,NY,AEA,EN,Towers with Radar,26,10,23,0,59,0,2,127,0,129,26,12,150,0,188,192,0,192,380
06/12/2016,ISP,NY,AEA,EN,Towers with Radar,24,16,35,0,75,0,10,93,0,103,24,26,128,0,178,62,0,62,240
06/13/2016,ISP,NY,AEA,EN,Towers with Radar,25,14,22,0,61,0,15,92,4,111,25,29,114,4,172,20,0,20,192
06/14/2016,ISP,NY,AEA,EN,Towers with Radar,23,16,43,2,84,0,19,160,9,188,23,35,203,11,272,376,26,402,674
06/15/2016,ISP,NY,AEA,EN,Towers with Radar,24,16,25,0,65,0,21,202,3,226,24,37,227,3,291,306,0,306,597
06/16/2016,ISP,NY,AEA,EN,Towers with Radar,21,14,53,0,88,0,15,159,4,178,21,29,212,4,266,358,0,358,624
06/17/2016,ISP,NY,AEA,EN,Towers with Radar,29,12,36,1,78,0,5,191,5,201,29,17,227,6,279,172,0,172,451
06/18/2016,ISP,NY,AEA,EN,Towers with Radar,19,6,26,0,51,0,7,194,1,202,19,13,220,1,253,282,0,282,535
06/19/2016,ISP,NY,AEA,EN,Towers with Radar,30,9,30,0,69,0,1,162,4,167,30,10,192,4,236,260,0,260,496
06/20/2016,ISP,NY,AEA,EN,Towers with Radar,26,10,41,6,83,0,10,157,10,177,26,20,198,16,260,168,8,176,436
06/21/2016,ISP,NY,AEA,EN,Towers with Radar,20,19,28,0,67,0,11,168,10,189,20,30,196,10,256,222,0,222,478
06/22/2016,ISP,NY,AEA,EN,Towers with Radar,20,13,51,4,88,0,20,171,5,196,20,33,222,9,284,146,8,154,438
06/23/2016,ISP,NY,AEA,EN,Towers with Radar,24,11,35,0,70,0,15,100,4,119,24,26,135,4,189,222,14,236,425
06/24/2016,ISP,NY,AEA,EN,Towers with Radar,27,24,45,1,97,0,16,190,10,216,27,40,235,11,313,332,8,340,653
06/25/2016,ISP,NY,AEA,EN,Towers with Radar,27,10,34,1,72,0,9,195,11,215,27,19,229,12,287,332,32,364,651
06/26/2016,ISP,NY,AEA,EN,Towers with Radar,27,15,38,1,81,0,2,122,0,124,27,17,160,1,205,218,0,218,423
06/27/2016,ISP,NY,AEA,EN,Towers with Radar,24,16,22,0,62,0,10,86,1,97,24,26,108,1,159,202,0,202,361
06/28/2016,ISP,NY,AEA,EN,Towers with Radar,21,15,37,2,75,0,2,14,0,16,21,17,51,2,91,0,0,0,91
06/29/2016,ISP,NY,AEA,EN,Towers with Radar,25,13,59,4,101,0,13,132,2,147,25,26,191,6,248,262,0,262,510
06/30/2016,ISP,NY,AEA,EN,Towers with Radar,24,16,33,0,73,0,18,161,2,181,24,34,194,2,254,256,0,256,510
07/01/2016,ISP,NY,AEA,EN,Towers with Radar,22,12,41,0,75,0,1,28,3,32,22,13,69,3,107,28,0,28,135
07/02/2016,ISP,NY,AEA,EN,Towers with Radar,27,7,26,0,60,0,3,169,0,172,27,10,195,0,232,262,0,262,494
07/03/2016,ISP,NY,AEA,EN,Towers with Radar,30,11,27,0,68,0,4,126,0,130,30,15,153,0,198,226,0,226,424
07/04/2016,ISP,NY,AEA,EN,Towers with Radar,24,16,30,0,70,0,4,124,0,128,24,20,154,0,198,144,0,144,342
07/05/2016,ISP,NY,AEA,EN,Towers with Radar,25,21,54,1,101,0,6,64,5,75,25,27,118,6,176,118,0,118,294
07/06/2016,ISP,NY,AEA,EN,Towers with Radar,25,15,44,0,84,0,19,194,2,215,25,34,238,2,299,272,0,272,571
07/07/2016,ISP,NY,AEA,EN,Towers with Radar,24,17,33,2,76,0,8,102,0,110,24,25,135,2,186,194,0,194,380
07/08/2016,ISP,NY,AEA,EN,Towers with Radar,26,16,64,0,106,0,6,24,0,30,26,22,88,0,136,76,0,76,212
07/09/2016,ISP,NY,AEA,EN,Towers with Radar,26,13,44,2,85,0,0,5,6,11,26,13,49,8,96,10,0,10,106
07/10/2016,ISP,NY,AEA,EN,Towers with Radar,30,17,52,3,102,0,4,81,3,88,30,21,133,6,190,68,0,68,258
07/11/2016,ISP,NY,AEA,EN,Towers with Radar,24,11,26,2,63,0,7,114,1,122,24,18,140,3,185,230,0,230,415
07/12/2016,ISP,NY,AEA,EN,Towers with Radar,24,13,48,0,85,0,15,186,0,201,24,28,234,0,286,256,0,256,542
07/13/2016,ISP,NY,AEA,EN,Towers with Radar,23,16,37,2,78,0,12,167,9,188,23,28,204,11,266,248,0,248,514
07/14/2016,ISP,NY,AEA,EN,Towers with Radar,23,12,43,0,78,0,9,33,0,42,23,21,76,0,120,50,0,50,170
07/15/2016,ISP,NY,AEA,EN,Towers with Radar,28,16,35,0,79,0,7,149,0,156,28,23,184,0,235,132,0,132,367
07/16/2016,ISP,NY,AEA,EN,Towers with Radar,26,13,19,0,58,0,2,152,0,154,26,15,171,0,212,172,0,172,384
07/17/2016,ISP,NY,AEA,EN,Towers with Radar,29,22,36,0,87,0,7,138,0,145,29,29,174,0,232,162,0,162,394
07/18/2016,ISP,NY,AEA,EN,Towers with Radar,23,8,22,1,54,0,8,96,3,107,23,16,118,4,161,154,6,160,321
07/19/2016,ISP,NY,AEA,EN,Towers with Radar,21,16,22,1,60,0,16,167,6,189,21,32,189,7,249,230,12,242,491
07/20/2016,ISP,NY,AEA,EN,Towers with Radar,18,18,33,1,70,0,13,188,7,208,18,31,221,8,278,216,12,228,506
07/21/2016,ISP,NY,AEA,EN,Towers with Radar,15,14,39,1,69,0,15,153,4,172,15,29,192,5,241,172,0,172,413
07/22/2016,ISP,NY,AEA,EN,Towers with Radar,25,14,45,1,85,0,15,143,2,160,25,29,188,3,245,138,12,150,395
07/23/2016,ISP,NY,AEA,EN,Towers with Radar,26,7,26,0,59,0,8,120,0,128,26,15,146,0,187,118,0,118,305
07/24/2016,ISP,NY,AEA,EN,Towers with Radar,26,13,24,0,63,0,2,141,0,143,26,15,165,0,206,162,0,162,368
07/25/2016,ISP,NY,AEA,EN,Towers with Radar,24,16,26,0,66,0,6,50,2,58,24,22,76,2,124,42,0,42,166
07/26/2016,ISP,NY,AEA,EN,Towers with Radar,24,16,28,3,71,0,10,128,10,148,24,26,156,13,219,122,0,122,341
07/27/2016,ISP,NY,AEA,EN,Towers with Radar,23,13,37,4,77,0,14,173,7,194,23,27,210,11,271,144,0,144,415
07/28/2016,ISP,NY,AEA,EN,Towers with Radar,19,16,36,0,71,0,8,91,6,105,19,24,127,6,176,174,4,178,354
07/29/2016,ISP,NY,AEA,EN,Towers with Radar,24,14,21,0,59,0,6,48,0,54,24,20,69,0,113,12,0,12,125
07/30/2016,ISP,NY,AEA,EN,Towers with Radar,24,11,19,0,54,0,2,61,0,63,24,13,80,0,117,144,0,144,261
07/31/2016,ISP,NY,AEA,EN,Towers with Radar,26,28,41,0,95,0,2,20,0,22,26,30,61,0,117,64,0,64,181
08/01/2016,ISP,NY,AEA,EN,Towers with Radar,23,10,23,0,56,0,4,58,5,67,23,14,81,5,123,94,8,102,225
08/02/2016,ISP,NY,AEA,EN,Towers with Radar,23,15,31,1,70,0,10,116,5,131,23,25,147,6,201,330,46,376,577
08/03/2016,ISP,NY,AEA,EN,Towers with Radar,24,15,38,3,80,0,13,191,7,211,24,28,229,10,291,350,0,350,641
08/04/2016,ISP,NY,AEA,EN,Towers with Radar,26,14,45,0,85,0,12,197,7,216,26,26,242,7,301,254,0,254,555
08/05/2016,ISP,NY,AEA,EN,Towers with Radar,28,23,48,4,103,0,8,173,2,183,28,31,221,6,286,180,0,180,466
08/06/2016,ISP,NY,AEA,EN,Towers with Radar,28,12,33,0,73,0,8,36,1,45,28,20,69,1,118,90,0,90,208
08/07/2016,ISP,NY,AEA,EN,Towers with Radar,26,17,34,1,78,0,4,179,3,186,26,21,213,4,264,156,0,156,420
08/08/2016,ISP,NY,AEA,EN,Towers with Radar,24,18,31,1,74,0,11,146,3,160,24,29,177,4,234,140,0,140,374
08/09/2016,ISP,NY,AEA,EN,Towers with Radar,24,16,42,1,83,0,19,187,8,214,24,35,229,9,297,204,0,204,501
08/10/2016,ISP,NY,AEA,EN,Towers with Radar,24,13,23,0,60,0,4,25,0,29,24,17,48,0,89,42,0,42,131
08/11/2016,ISP,NY,AEA,EN,Towers with Radar,23,15,32,1,71,0,13,112,5,130,23,28,144,6,201,140,0,140,341
08/12/2016,ISP,NY,AEA,EN,Towers with Radar,27,14,44,2,87,0,6,85,4,95,27,20,129,6,182,200,0,200,382
08/13/2016,ISP,NY,AEA,EN,Towers with Radar,26,12,30,0,68,0,7,128,0,135,26,19,158,0,203,110,0,110,313
08/14/2016,ISP,NY,AEA,EN,Towers with Radar,27,16,32,0,75,0,2,124,0,126,27,18,156,0,201,168,0,168,369
08/15/2016,ISP,NY,AEA,EN,Towers with Radar,24,14,42,0,80,0,17,144,4,165,24,31,186,4,245,180,0,180,425
08/16/2016,ISP,NY,AEA,EN,Towers with Radar,24,18,43,0,85,0,6,62,4,72,24,24,105,4,157,58,8,66,223
08/17/2016,ISP,NY,AEA,EN,Towers with Radar,23,10,52,0,85,0,16,153,12,181,23,26,205,12,266,156,4,160,426
08/18/2016,ISP,NY,AEA,EN,Towers with Radar,24,17,49,2,92,0,19,119,6,144,24,36,168,8,236,292,0,292,528
08/19/2016,ISP,NY,AEA,EN,Towers with Radar,28,14,35,0,77,0,14,136,5,155,28,28,171,5,232,152,0,152,384
08/20/2016,ISP,NY,AEA,EN,Towers with Radar,24,10,20,0,54,0,3,62,0,65,24,13,82,0,119,80,0,80,199
08/21/2016,ISP,NY,AEA,EN,Towers with Radar,28,22,22,0,72,0,4,36,0,40,28,26,58,0,112,100,0,100,212
08/22/2016,ISP,NY,AEA,EN,Towers with Radar,24,13,41,2,80,0,5,147,3,155,24,18,188,5,235,160,0,160,395
08/23/2016,ISP,NY,AEA,EN,Towers with Radar,24,18,50,2,94,0,13,206,6,225,24,31,256,8,319,244,12,256,575
08/24/2016,ISP,NY,AEA,EN,Towers with Radar,24,19,38,1,82,0,7,199,5,211,24,26,237,6,293,332,0,332,625
08/25/2016,ISP,NY,AEA,EN,Towers with Radar,26,17,48,0,91,0,11,149,8,168,26,28,197,8,259,172,0,172,431
08/26/2016,ISP,NY,AEA,EN,Towers with Radar,28,20,36,3,87,0,10,146,0,156,28,30,182,3,243,284,0,284,527
08/27/2016,ISP,NY,AEA,EN,Towers with Radar,22,5,19,2,48,0,6,156,2,164,22,11,175,4,212,214,0,214,426
08/28/2016,ISP,NY,AEA,EN,Towers with Radar,28,12,37,1,78,0,5,152,0,157,28,17,189,1,235,160,0,160,395
08/29/2016,ISP,NY,AEA,EN,Towers with Radar,24,25,32,0,81,0,13,144,2,159,24,38,176,2,240,212,16,228,468
08/30/2016,ISP,NY,AEA,EN,Towers with Radar,24,19,30,0,73,0,19,141,8,168,24,38,171,8,241,330,0,330,571
08/31/2016,ISP,NY,AEA,EN,Towers with Radar,25,17,42,0,84,0,14,109,3,126,25,31,151,3,210,306,12,318,528
09/01/2016,ISP,NY,AEA,EN,Towers with Radar,24,19,33,0,76,0,12,42,0,54,24,31,75,0,130,32,0,32,162
09/02/2016,ISP,NY,AEA,EN,Towers with Radar,26,13,34,2,75,0,20,188,7,215,26,33,222,9,290,246,0,246,536
09/03/2016,ISP,NY,AEA,EN,Towers with Radar,21,10,24,0,55,0,9,92,0,101,21,19,116,0,156,188,0,188,344
09/04/2016,ISP,NY,AEA,EN,Towers with Radar,22,11,15,0,48,0,0,32,0,32,22,11,47,0,80,0,0,0,80
09/05/2016,ISP,NY,AEA,EN,Towers with Radar,23,11,17,0,51,0,3,31,0,34,23,14,48,0,85,24,0,24,109
09/06/2016,ISP,NY,AEA,EN,Towers with Radar,24,9,10,0,43,0,4,7,0,11,24,13,17,0,54,0,0,0,54
09/07/2016,ISP,NY,AEA,EN,Towers with Radar,25,9,19,1,54,0,9,27,4,40,25,18,46,5,94,58,4,62,156
09/08/2016,ISP,NY,AEA,EN,Towers with Radar,23,19,34,3,79,0,11,140,7,158,23,30,174,10,237,204,0,204,441
09/09/2016,ISP,NY,AEA,EN,Towers with Radar,28,15,54,0,97,0,13,157,0,170,28,28,211,0,267,310,0,310,577
09/10/2016,ISP,NY,AEA,EN,Towers with Radar,22,11,52,0,85,0,5,98,7,110,22,16,150,7,195,108,0,108,303
09/11/2016,ISP,NY,AEA,EN,Towers with Radar,28,18,33,0,79,0,5,75,1,81,28,23,108,1,160,98,0,98,258
09/12/2016,ISP,NY,AEA,EN,Towers with Radar,24,12,25,1,62,0,22,146,1,169,24,34,171,2,231,186,0,186,417
09/13/2016,ISP,NY,AEA,EN,Towers with Radar,25,19,48,1,93,0,14,129,6,149,25,33,177,7,242,198,0,198,440
09/14/2016,ISP,NY,AEA,EN,Towers with Radar,25,15,31,0,71,0,16,110,5,131,25,31,141,5,202,208,0,208,410
09/15/2016,ISP,NY,AEA,EN,Towers with Radar,24,19,50,1,94,0,15,156,2,173,24,34,206,3,267,234,0,234,501
09/16/2016,ISP,NY,AEA,EN,Towers with Radar,29,13,34,0,76,0,18,150,5,173,29,31,184,5,249,270,0,270,519
09/17/2016,ISP,NY,AEA,EN,Towers with Radar,23,6,23,0,52,0,10,151,0,161,23,16,174,0,213,270,0,270,483
09/18/2016,ISP,NY,AEA,EN,Towers with Radar,26,13,50,0,89,0,2,39,0,41,26,15,89,0,130,168,0,168,298
09/19/2016,ISP,NY,AEA,EN,Towers with Radar,28,9,14,0,51,0,2,4,0,6,28,11,18,0,57,0,0,0,57
09/20/2016,ISP,NY,AEA,EN,Towers with Radar,25,13,53,0,91,0,7,64,3,74,25,20,117,3,165,162,4,166,331
09/21/2016,ISP,NY,AEA,EN,Towers with Radar,26,21,32,0,79,0,18,150,2,170,26,39,182,2,249,320,0,320,569
09/22/2016,ISP,NY,AEA,EN,Towers with Radar,25,13,22,1,61,0,21,187,8,216,25,34,209,9,277,310,0,310,587
09/23/2016,ISP,NY,AEA,EN,Towers with Radar,28,12,39,2,81,0,24,162,6,192,28,36,201,8,273,316,0,316,589
09/24/2016,ISP,NY,AEA,EN,Towers with Radar,22,7,38,0,67,0,4,91,1,96,22,11,129,1,163,206,0,206,369
09/25/2016,ISP,NY,AEA,EN,Towers with Radar,25,19,32,0,76,0,5,199,5,209,25,24,231,5,285,170,0,170,455
09/26/2016,ISP,NY,AEA,EN,Towers with Radar,28,13,33,1,75,0,12,133,1,146,28,25,166,2,221,322,0,322,543
09/27/2016,ISP,NY,AEA,EN,Towers with Radar,25,17,51,0,93,0,10,71,6,87,25,27,122,6,180,242,12,254,434
09/28/2016,ISP,NY,AEA,EN,Towers with Radar,24,9,41,5,79,0,4,25,3,32,24,13,66,8,111,108,0,108,219
09/29/2016,ISP,NY,AEA,EN,Towers with Radar,24,15,18,0,57,0,7,13,0,20,24,22,31,0,77,8,0,8,85
09/30/2016,ISP,NY,AEA,EN,Towers with Radar,26,19,39,0,84,0,2,7,0,9,26,21,46,0,93,0,0,0,93
10/01/2016,ISP,NY,AEA,EN,Towers with Radar,22,11,34,0,67,0,0,0,0,0,22,11,34,0,67,0,0,0,67
10/02/2016,ISP,NY,AEA,EN,Towers with Radar,24,14,42,0,80,0,0,7,0,7,24,14,49,0,87,44,0,44,131
10/03/2016,ISP,NY,AEA,EN,Towers with Radar,25,13,39,0,77,0,5,68,2,75,25,18,107,2,152,84,0,84,236
10/04/2016,ISP,NY,AEA,EN,Towers with Radar,25,16,45,0,86,0,15,86,0,101,25,31,131,0,187,220,0,220,407
10/05/2016,ISP,NY,AEA,EN,Towers with Radar,25,10,34,2,71,0,28,133,2,163,25,38,167,4,234,360,0,360,594
10/06/2016,ISP,NY,AEA,EN,Towers with Radar,21,11,39,1,72,0,14,171,2,187,21,25,210,3,259,236,0,236,495
10/07/2016,ISP,NY,AEA,EN,Towers with Radar,19,12,44,0,75,0,12,150,0,162,19,24,194,0,237,126,0,126,363
10/08/2016,ISP,NY,AEA,EN,Towers with Radar,16,9,27,0,52,0,2,41,0,43,16,11,68,0,95,134,0,134,229
10/09/2016,ISP,NY,AEA,EN,Towers with Radar,31,11,16,1,59,0,0,11,0,11,31,11,27,1,70,0,0,0,70
10/10/2016,ISP,NY,AEA,EN,Towers with Radar,24,15,26,0,65,0,10,104,1,115,24,25,130,1,180,210,4,214,394
10/11/2016,ISP,NY,AEA,EN,Towers with Radar,26,10,28,0,64,0,23,142,4,169,26,33,170,4,233,312,0,312,545
10/12/2016,ISP,NY,AEA,EN,Towers with Radar,24,14,31,0,69,0,24,106,7,137,24,38,137,7,206,360,0,360,566
10/13/2016,ISP,NY,AEA,EN,Towers with Radar,24,10,32,0,66,0,15,95,4,114,24,25,127,4,180,294,18,312,492
10/14/2016,ISP,NY,AEA,EN,Towers with Radar,26,10,23,0,59,0,14,166,3,183,26,24,189,3,242,220,0,220,462
10/15/2016,ISP,NY,AEA,EN,Towers with Radar,22,6,45,0,73,0,7,213,6,226,22,13,258,6,299,280,0,280,579
10/16/2016,ISP,NY,AEA,EN,Towers with Radar,24,11,38,1,74,0,4,171,3,178,24,15,209,4,252,288,0,288,540
10/17/2016,ISP,NY,AEA,EN,Towers with Radar,26,11,26,1,64,0,21,111,3,135,26,32,137,4,199,250,0,250,449
10/18/2016,ISP,NY,AEA,EN,Towers with Radar,24,9,30,2,65,0,20,128,12,160,24,29,158,14,225,276,0,276,501
10/19/2016,ISP,NY,AEA,EN,Towers with Radar,24,11,36,1,72,0,16,126,5,147,24,27,162,6,219,192,0,192,411
10/20/2016,ISP,NY,AEA,EN,Towers with Radar,24,11,17,1,53,0,10,52,5,67,24,21,69,6,120,98,0,98,218
10/21/2016,ISP,NY,AEA,EN,Towers with Radar,26,7,28,0,61,0,0,7,0,7,26,7,35,0,68,0,0,0,68
10/22/2016,ISP,NY,AEA,EN,Towers with Radar,22,8,17,0,47,0,2,8,0,10,22,10,25,0,57,0,0,0,57
10/23/2016,ISP,NY,AEA,EN,Towers with Radar,24,11,16,0,51,0,3,46,2,51,24,14,62,2,102,22,0,22,124
10/24/2016,ISP,NY,AEA,EN,Towers with Radar,25,12,17,1,55,0,18,71,7,96,25,30,88,8,151,162,6,168,319
10/25/2016,ISP,NY,AEA,EN,Towers with Radar,24,11,32,1,68,0,10,96,9,115,24,21,128,10,183,86,28,114,297
10/26/2016,ISP,NY,AEA,EN,Towers with Radar,24,12,41,2,79,0,11,155,7,173,24,23,196,9,252,286,14,300,552
10/27/2016,ISP,NY,AEA,EN,Towers with Radar,23,12,14,1,50,0,4,24,0,28,23,16,38,1,78,84,0,84,162
10/28/2016,ISP,NY,AEA,EN,Towers with Radar,27,11,22,0,60,0,7,32,7,46,27,18,54,7,106,20,0,20,126
10/29/2016,ISP,NY,AEA,EN,Towers with Radar,22,7,36,0,65,0,9,172,0,181,22,16,208,0,246,202,0,202,448
10/30/2016,ISP,NY,AEA,EN,Towers with Radar,26,15,37,0,78,0,5,140,0,145,26,20,177,0,223,180,0,180,403
10/31/2016,ISP,NY,AEA,EN,Towers with Radar,24,10,31,2,67,0,16,81,4,101,24,26,112,6,168,152,10,162,330
11/01/2016,ISP,NY,AEA,EN,Towers with Radar,26,20,43,0,89,0,26,158,6,190,26,46,201,6,279,348,0,348,627
11/02/2016,ISP,NY,AEA,EN,Towers with Radar,24,18,39,2,83,0,18,156,1,175,24,36,195,3,258,312,0,312,570
11/03/2016,ISP,NY,AEA,EN,Towers with Radar,24,17,22,2,65,0,7,54,3,64,24,24,76,5,129,148,0,148,277
11/04/2016,ISP,NY,AEA,EN,Towers with Radar,25,18,31,1,75,0,22,140,4,166,25,40,171,5,241,178,0,178,419
11/05/2016,ISP,NY,AEA,EN,Towers with Radar,25,11,28,0,64,0,11,168,0,179,25,22,196,0,243,234,0,234,477
11/06/2016,ISP,NY,AEA,EN,Towers with Radar,25,11,27,0,63,0,7,91,1,99,25,18,118,1,162,132,0,132,294
11/07/2016,ISP,NY,AEA,EN,Towers with Radar,26,13,27,0,66,0,9,106,4,119,26,22,133,4,185,252,0,252,437
11/08/2016,ISP,NY,AEA,EN,Towers with Radar,21,13,24,3,61,0,19,121,8,148,21,32,145,11,209,354,0,354,563
11/09/2016,ISP,NY,AEA,EN,Towers with Radar,25,11,22,0,58,0,8,49,4,61,25,19,71,4,119,34,0,34,153
11/10/2016,ISP,NY,AEA,EN,Towers with Radar,25,13,25,0,63,0,12,127,5,144,25,25,152,5,207,200,0,200,407
11/11/2016,ISP,NY,AEA,EN,Towers with Radar,28,7,24,0,59,0,10,59,0,69,28,17,83,0,128,0,0,0,128
11/12/2016,ISP,NY,AEA,EN,Towers with Radar,25,6,25,0,56,0,6,155,0,161,25,12,180,0,217,248,0,248,465
11/13/2016,ISP,NY,AEA,EN,Towers with Radar,24,12,36,0,72,0,2,174,0,176,24,14,210,0,248,270,0,270,518
11/14/2016,ISP,NY,AEA,EN,Towers with Radar,27,11,18,4,60,0,18,115,5,138,27,29,133,9,198,258,0,258,456
11/15/2016,ISP,NY,AEA,EN,Towers with Radar,26,9,31,0,66,0,4,1,0,5,26,13,32,0,71,4,0,4,75
11/16/2016,ISP,NY,AEA,EN,Towers with Radar,25,9,44,0,78,0,28,166,4,198,25,37,210,4,276,294,0,294,570
11/17/2016,ISP,NY,AEA,EN,Towers with Radar,25,11,40,3,79,0,12,121,2,135,25,23,161,5,214,212,0,212,426
11/18/2016,ISP,NY,AEA,EN,Towers with Radar,29,11,38,2,80,0,13,160,0,173,29,24,198,2,253,286,0,286,539
11/19/2016,ISP,NY,AEA,EN,Towers with Radar,24,7,36,0,67,0,6,115,0,121,24,13,151,0,188,158,0,158,346
11/20/2016,ISP,NY,AEA,EN,Towers with Radar,26,7,9,0,42,0,0,2,0,2,26,7,11,0,44,0,0,0,44
11/21/2016,ISP,NY,AEA,EN,Towers with Radar,26,12,16,2,56,0,5,11,0,16,26,17,27,2,72,0,0,0,72
11/22/2016,ISP,NY,AEA,EN,Towers with Radar,26,13,17,2,58,0,6,20,12,38,26,19,37,14,96,6,0,6,102
11/23/2016,ISP,NY,AEA,EN,Towers with Radar,27,17,35,0,79,0,23,165,1,189,27,40,200,1,268,252,0,252,520
11/24/2016,ISP,NY,AEA,EN,Towers with Radar,17,7,4,0,28,0,2,17,0,19,17,9,21,0,47,10,0,10,57
11/25/2016,ISP,NY,AEA,EN,Towers with Radar,23,15,29,0,67,0,2,56,0,58,23,17,85,0,125,132,0,132,257
11/26/2016,ISP,NY,AEA,EN,Towers with Radar,26,8,35,0,69,0,2,118,0,120,26,10,153,0,189,166,0,166,355
11/27/2016,ISP,NY,AEA,EN,Towers with Radar,26,16,42,0,84,0,1,133,0,134,26,17,175,0,218,230,0,230,448
11/28/2016,ISP,NY,AEA,EN,Towers with Radar,28,17,36,0,81,0,28,136,2,166,28,45,172,2,247,326,6,332,579
11/29/2016,ISP,NY,AEA,EN,Towers with Radar,26,8,16,0,50,0,2,3,0,5,26,10,19,0,55,20,0,20,75
11/30/2016,ISP,NY,AEA,EN,Towers with Radar,25,9,17,2,53,0,4,4,0,8,25,13,21,2,61,0,0,0,61
12/01/2016,ISP,NY,AEA,EN,Towers with Radar,25,14,39,4,82,0,6,71,4,81,25,20,110,8,163,86,8,94,257
12/02/2016,ISP,NY,AEA,EN,Towers with Radar,25,16,36,0,77,0,10,137,0,147,25,26,173,0,224,158,0,158,382
12/03/2016,ISP,NY,AEA,EN,Towers with Radar,24,9,13,0,46,0,3,87,2,92,24,12,100,2,138,14,0,14,152
12/04/2016,ISP,NY,AEA,EN,Towers with Radar,25,14,39,0,78,0,4,174,0,178,25,18,213,0,256,346,0,346,602
12/05/2016,ISP,NY,AEA,EN,Towers with Radar,26,14,19,3,62,0,11,44,3,58,26,25,63,6,120,122,0,122,242
12/06/2016,ISP,NY,AEA,EN,Towers with Radar,25,10,19,0,54,0,8,108,2,118,25,18,127,2,172,236,12,248,420
12/07/2016,ISP,NY,AEA,EN,Towers with Radar,25,13,19,0,57,0,5,13,8,26,25,18,32,8,83,0,0,0,83
12/08/2016,ISP,NY,AEA,EN,Towers with Radar,25,13,24,0,62,0,12,66,3,81,25,25,90,3,143,238,0,238,381
12/09/2016,ISP,NY,AEA,EN,Towers with Radar,26,13,30,1,70,0,4,84,10,98,26,17,114,11,168,48,8,56,224
12/10/2016,ISP,NY,AEA,EN,Towers with Radar,24,6,23,0,53,0,11,120,4,135,24,17,143,4,188,218,0,218,406
12/11/2016,ISP,NY,AEA,EN,Towers with Radar,25,12,26,0,63,0,0,110,5,115,25,12,136,5,178,216,0,216,394
12/12/2016,ISP,NY,AEA,EN,Towers with Radar,25,10,9,0,44,0,5,10,2,17,25,15,19,2,61,38,0,38,99
12/13/2016,ISP,NY,AEA,EN,Towers with Radar,25,21,42,0,88,0,16,117,12,145,25,37,159,12,233,286,0,286,519
12/14/2016,ISP,NY,AEA,EN,Towers with Radar,25,13,39,1,78,0,7,139,7,153,25,20,178,8,231,204,0,204,435
12/15/2016,ISP,NY,AEA,EN,Towers with Radar,27,9,10,0,46,0,12,19,0,31,27,21,29,0,77,0,0,0,77
12/16/2016,ISP,NY,AEA,EN,Towers with Radar,27,9,24,2,62,0,7,112,2,121,27,16,136,4,183,180,0,180,363
12/17/2016,ISP,NY,AEA,EN,Towers with Radar,21,5,6,0,32,0,0,2,0,2,21,5,8,0,34,0,0,0,34
12/18/2016,ISP,NY,AEA,EN,Towers with Radar,26,6,5,0,37,0,1,3,0,4,26,7,8,0,41,0,0,0,41
12/19/2016,ISP,NY,AEA,EN,Towers with Radar,24,18,20,0,62,0,12,67,6,85,24,30,87,6,147,64,10,74,221
12/20/2016,ISP,NY,AEA,EN,Towers with Radar,27,17,31,2,77,0,8,124,6,138,27,25,155,8,215,234,0,234,449
12/21/2016,ISP,NY,AEA,EN,Towers with Radar,26,12,45,2,85,0,6,181,8,195,26,18,226,10,280,208,0,208,488
12/22/2016,ISP,NY,AEA,EN,Towers with Radar,25,12,29,0,66,0,7,97,2,106,25,19,126,2,172,160,0,160,332
12/23/2016,ISP,NY,AEA,EN,Towers with Radar,28,12,29,0,69,0,2,148,0,150,28,14,177,0,219,166,0,166,385
12/24/2016,ISP,NY,AEA,EN,Towers with Radar,23,7,6,0,36,0,0,4,0,4,23,7,10,0,40,0,0,0,40
12/25/2016,ISP,NY,AEA,EN,Towers with Radar,27,6,5,0,38,0,2,26,0,28,27,8,31,0,66,20,0,20,86
12/26/2016,ISP,NY,AEA,EN,Towers with Radar,29,18,30,0,77,0,4,35,0,39,29,22,65,0,116,116,0,116,232
12/27/2016,ISP,NY,AEA,EN,Towers with Radar,27,10,26,0,63,0,6,26,14,46,27,16,52,14,109,0,0,0,109
12/28/2016,ISP,NY,AEA,EN,Towers with Radar,26,10,31,0,67,0,4,142,4,150,26,14,173,4,217,214,0,214,431
12/29/2016,ISP,NY,AEA,EN,Towers with Radar,26,10,3,0,39,0,4,7,0,11,26,14,10,0,50,0,0,0,50
12/30/2016,ISP,NY,AEA,EN,Towers with Radar,26,11,16,0,53,0,4,80,0,84,26,15,96,0,137,30,0,30,167
12/31/2016,ISP,NY,AEA,EN,Towers with Radar,24,10,18,0,52,0,0,90,0,90,24,10,108,0,142,76,0,76,218
01/01/2017,ISP,NY,AEA,EN,Towers with Radar,25,9,22,0,56,0,5,55,0,60,25,14,77,0,116,146,0,146,262
01/02/2017,ISP,NY,AEA,EN,Towers with Radar,27,16,27,0,70,0,0,33,0,33,27,16,60,0,103,72,0,72,175
01/03/2017,ISP,NY,AEA,EN,Towers with Radar,23,12,21,0,56,0,2,0,0,2,23,14,21,0,58,0,0,0,58
01/04/2017,ISP,NY,AEA,EN,Towers with Radar,25,12,35,3,75,0,4,69,6,79,25,16,104,9,154,144,4,148,302
01/05/2017,ISP,NY,AEA,EN,Towers with Radar,23,9,34,0,66,0,10,119,2,131,23,19,153,2,197,126,0,126,323
01/06/2017,ISP,NY,AEA,EN,Towers with Radar,25,15,18,1,59,0,2,50,3,55,25,17,68,4,114,90,0,90,204
01/07/2017,ISP,NY,AEA,EN,Towers with Radar,12,3,6,0,21,0,0,13,0,13,12,3,19,0,34,18,0,18,52
01/08/2017,ISP,NY,AEA,EN,Towers with Radar,27,16,12,0,55,0,0,19,6,25,27,16,31,6,80,4,14,18,98
01/09/2017,ISP,NY,AEA,EN,Towers with Radar,23,10,25,2,60,0,6,70,4,80,23,16,95,6,140,118,0,118,258
01/10/2017,ISP,NY,AEA,EN,Towers with Radar,24,13,17,1,55,0,4,94,11,109,24,17,111,12,164,128,40,168,332
01/11/2017,ISP,NY,AEA,EN,Towers with Radar,23,8,19,1,51,0,12,79,2,93,23,20,98,3,144,206,0,206,350
01/12/2017,ISP,NY,AEA,EN,Towers with Radar,22,7,38,0,67,0,6,72,0,78,22,13,110,0,145,28,0,28,173
01/13/2017,ISP,NY,AEA,EN,Towers with Radar,24,8,33,0,65,0,8,87,0,95,24,16,120,0,160,96,0,96,256
01/14/2017,ISP,NY,AEA,EN,Towers with Radar,23,9,32,0,64,0,0,119,0,119,23,9,151,0,183,130,0,130,313
01/15/2017,ISP,NY,AEA,EN,Towers with Radar,25,7,24,0,56,0,2,130,0,132,25,9,154,0,188,180,0,180,368
01/16/2017,ISP,NY,AEA,EN,Towers with Radar,22,17,32,0,71,0,2,158,0,160,22,19,190,0,231,130,0,130,361
01/17/2017,ISP,NY,AEA,EN,Towers with Radar,22,7,17,0,46,0,4,25,0,29,22,11,42,0,75,86,0,86,161
01/18/2017,ISP,NY,AEA,EN,Towers with Radar,22,8,21,0,51,0,4,2,2,8,22,12,23,2,59,0,0,0,59
01/19/2017,ISP,NY,AEA,EN,Towers with Radar,23,14,48,2,87,0,11,133,7,151,23,25,181,9,238,212,0,212,450
01/20/2017,ISP,NY,AEA,EN,Towers with Radar,22,10,58,0,90,0,4,90,2,96,22,14,148,2,186,232,0,232,418
01/21/2017,ISP,NY,AEA,EN,Towers with Radar,24,6,29,0,59,0,1,5,0,6,24,7,34,0,65,20,0,20,85
01/22/2017,ISP,NY,AEA,EN,Towers with Radar,23,10,27,0,60,0,1,12,0,13,23,11,39,0,73,30,0,30,103
01/23/2017,ISP,NY,AEA,EN,Towers with Radar,21,15,4,0,40,0,0,4,0,4,21,15,8,0,44,0,0,0,44
01/24/2017,ISP,NY,AEA,EN,Towers with Radar,23,7,10,0,40,0,6,1,0,7,23,13,11,0,47,0,0,0,47
01/25/2017,ISP,NY,AEA,EN,Towers with Radar,23,12,33,4,72,0,17,172,10,199,23,29,205,14,271,192,0,192,463
01/26/2017,ISP,NY,AEA,EN,Towers with Radar,22,13,37,2,74,0,12,47,2,61,22,25,84,4,135,118,0,118,253
01/27/2017,ISP,NY,AEA,EN,Towers with Radar,23,11,20,0,54,0,4,88,4,96,23,15,108,4,150,74,0,74,224
01/28/2017,ISP,NY,AEA,EN,Towers with Radar,24,9,27,0,60,0,7,118,0,125,24,16,145,0,185,102,0,102,287
01/29/2017,ISP,NY,AEA,EN,Towers with Radar,24,18,24,0,66,0,2,150,0,152,24,20,174,0,218,190,0,190,408
01/30/2017,ISP,NY,AEA,EN,Towers with Radar,24,10,28,1,63,0,5,79,4,88,24,15,107,5,151,188,0,188,339
01/31/2017,ISP,NY,AEA,EN,Towers with Radar,25,9,17,0,51,0,4,20,0,24,25,13,37,0,75,60,0,60,135
02/01/2017,ISP,NY,AEA,EN,Towers with Radar,22,12,24,2,60,0,9,101,16,126,22,21,125,18,186,214,36,250,436
02/02/2017,ISP,NY,AEA,EN,Towers with Radar,24,14,37,3,78,0,13,118,6,137,24,27,155,9,215,210,0,210,425
02/03/2017,ISP,NY,AEA,EN,Towers with Radar,23,17,36,1,77,0,19,167,5,191,23,36,203,6,268,272,0,272,540
02/04/2017,ISP,NY,AEA,EN,Towers with Radar,24,8,25,1,58,0,2,164,0,166,24,10,189,1,224,154,0,154,378
02/05/2017,ISP,NY,AEA,EN,Towers with Radar,20,9,32,0,61,0,5,107,0,112,20,14,139,0,173,128,0,128,301
02/06/2017,ISP,NY,AEA,EN,Towers with Radar,22,16,28,1,67,0,13,117,3,133,22,29,145,4,200,256,0,256,456
02/07/2017,ISP,NY,AEA,EN,Towers with Radar,25,8,7,0,40,0,2,0,0,2,25,10,7,0,42,14,0,14,56
02/08/2017,ISP,NY,AEA,EN,Towers with Radar,26,10,40,1,77,0,8,126,9,143,26,18,166,10,220,272,0,272,492
02/09/2017,ISP,NY,AEA,EN,Towers with Radar,0,0,6,0,6,0,0,0,0,0,0,0,6,0,6,0,0,0,6
02/10/2017,ISP,NY,AEA,EN,Towers with Radar,17,15,17,0,49,0,3,20,3,26,17,18,37,3,75,0,0,0,75
02/11/2017,ISP,NY,AEA,EN,Towers with Radar,24,15,28,0,67,0,4,147,2,153,24,19,175,2,220,200,0,200,420
02/12/2017,ISP,NY,AEA,EN,Towers with Radar,24,9,21,0,54,0,0,0,0,0,24,9,21,0,54,0,0,0,54
02/13/2017,ISP,NY,AEA,EN,Towers with Radar,24,6,6,2,38,0,2,12,0,14,24,8,18,2,52,0,0,0,52
02/14/2017,ISP,NY,AEA,EN,Towers with Radar,21,15,35,0,71,0,23,136,11,170,21,38,171,11,241,318,22,340,581
02/15/2017,ISP,NY,AEA,EN,Towers with Radar,26,9,40,1,76,0,17,90,7,114,26,26,130,8,190,178,0,178,368
02/16/2017,ISP,NY,AEA,EN,Towers with Radar,23,20,24,4,71,0,9,56,2,67,23,29,80,6,138,90,4,94,232
02/17/2017,ISP,NY,AEA,EN,Towers with Radar,24,18,32,1,75,0,14,123,3,140,24,32,155,4,215,230,0,230,445
02/18/2017,ISP,NY,AEA,EN,Towers with Radar,26,11,30,0,67,0,5,174,0,179,26,16,204,0,246,238,0,238,484
02/19/2017,ISP,NY,AEA,EN,Towers with Radar,26,10,22,0,58,0,2,158,0,160,26,12,180,0,218,228,0,228,446
02/20/2017,ISP,NY,AEA,EN,Towers with Radar,27,18,30,0,75,0,18,134,0,152,27,36,164,0,227,258,0,258,485
02/21/2017,ISP,NY,AEA,EN,Towers with Radar,26,13,31,1,71,0,9,109,6,124,26,22,140,7,195,270,0,270,465
02/22/2017,ISP,NY,AEA,EN,Towers with Radar,26,13,39,1,79,0,14,105,6,125,26,27,144,7,204,225,0,225,429
02/23/2017,ISP,NY,AEA,EN,Towers with Radar,25,16,16,0,57,0,2,9,1,12,25,18,25,1,69,0,0,0,69
02/24/2017,ISP,NY,AEA,EN,Towers with Radar,25,14,47,0,86,0,15,127,6,148,25,29,174,6,234,186,0,186,420
02/25/2017,ISP,NY,AEA,EN,Towers with Radar,32,8,26,0,66,0,1,12,4,17,32,9,38,4,83,12,0,12,95
02/26/2017,ISP,NY,AEA,EN,Towers with Radar,24,18,19,0,61,0,2,79,7,88,24,20,98,7,149,98,4,102,251
02/27/2017,ISP,NY,AEA,EN,Towers with Radar,25,16,24,0,65,0,22,111,8,141,25,38,135,8,206,228,0,228,434
02/28/2017,ISP,NY,AEA,EN,Towers with Radar,22,9,34,1,66,0,4,44,3,51,22,13,78,4,117,160,0,160,277
03/01/2017,ISP,NY,AEA,EN,Towers with Radar,24,11,11,0,46,0,2,0,0,2,24,13,11,0,48,0,0,0,48
03/02/2017,ISP,NY,AEA,EN,Towers with Radar,23,15,15,0,53,0,6,10,0,16,23,21,25,0,69,0,0,0,69
03/03/2017,ISP,NY,AEA,EN,Towers with Radar,23,14,25,0,62,0,6,61,2,69,23,20,86,2,131,156,2,158,289
03/04/2017,ISP,NY,AEA,EN,Towers with Radar,24,8,8,0,40,0,2,38,2,42,24,10,46,2,82,10,0,10,92
03/05/2017,ISP,NY,AEA,EN,Towers with Radar,24,11,14,2,51,0,3,80,0,83,24,14,94,2,134,30,0,30,164
03/06/2017,ISP,NY,AEA,EN,Towers with Radar,23,9,22,1,55,0,15,183,7,205,23,24,205,8,260,424,0,424,684
03/07/2017,ISP,NY,AEA,EN,Towers with Radar,22,11,21,10,64,0,10,41,12,63,22,21,62,22,127,44,34,78,205
03/08/2017,ISP,NY,AEA,EN,Towers with Radar,22,11,39,7,79,0,12,112,8,132,22,23,151,15,211,172,0,172,383
03/09/2017,ISP,NY,AEA,EN,Towers with Radar,25,19,21,0,65,0,6,35,0,41,25,25,56,0,106,38,0,38,144
03/10/2017,ISP,NY,AEA,EN,Towers with Radar,26,17,8,0,51,0,7,3,0,10,26,24,11,0,61,0,0,0,61
03/11/2017,ISP,NY,AEA,EN,Towers with Radar,20,6,17,0,43,0,0,38,7,45,20,6,55,7,88,12,0,12,100
03/12/2017,ISP,NY,AEA,EN,Towers with Radar,23,9,23,1,56,0,0,129,1,130,23,9,152,2,186,200,0,200,386
03/13/2017,ISP,NY,AEA,EN,Towers with Radar,21,14,36,0,71,0,16,188,1,205,21,30,224,1,276,258,0,258,534
03/14/2017,ISP,NY,AEA,EN,Towers with Radar,0,0,1,0,1,0,0,0,0,0,0,0,1,0,1,0,0,0,1
03/15/2017,ISP,NY,AEA,EN,Towers with Radar,21,9,9,1,40,0,2,19,7,28,21,11,28,8,68,36,0,36,104
03/16/2017,ISP,NY,AEA,EN,Towers with Radar,24,14,15,1,54,0,4,56,5,65,24,18,71,6,119,14,0,14,133
03/17/2017,ISP,NY,AEA,EN,Towers with Radar,25,11,40,1,77,0,13,167,1,181,25,24,207,2,258,288,0,288,546
03/18/2017,ISP,NY,AEA,EN,Towers with Radar,21,7,14,0,42,0,8,35,0,43,21,15,49,0,85,94,0,94,179
03/19/2017,ISP,NY,AEA,EN,Towers with Radar,24,14,27,0,65,0,1,50,1,52,24,15,77,1,117,36,0,36,153
03/20/2017,ISP,NY,AEA,EN,Towers with Radar,24,12,37,0,73,0,4,165,6,175,24,16,202,6,248,378,0,378,626
03/21/2017,ISP,NY,AEA,EN,Towers with Radar,21,14,36,3,74,0,13,172,15,200,21,27,208,18,274,344,10,354,628
03/22/2017,ISP,NY,AEA,EN,Towers with Radar,27,8,13,0,48,0,6,43,0,49,27,14,56,0,97,6,0,6,103
03/23/2017,ISP,NY,AEA,EN,Towers with Radar,25,13,31,1,70,0,15,161,7,183,25,28,192,8,253,276,2,278,531
03/24/2017,ISP,NY,AEA,EN,Towers with Radar,25,11,37,0,73,0,8,86,4,98,25,19,123,4,171,124,0,124,295
03/25/2017,ISP,NY,AEA,EN,Towers with Radar,22,7,31,0,60,0,7,135,0,142,22,14,166,0,202,232,0,232,434
03/26/2017,ISP,NY,AEA,EN,Towers with Radar,26,11,18,0,55,0,3,15,0,18,26,14,33,0,73,38,0,38,111
03/27/2017,ISP,NY,AEA,EN,Towers with Radar,24,10,14,0,48,0,2,4,0,6,24,12,18,0,54,12,0,12,66
03/28/2017,ISP,NY,AEA,EN,Towers with Radar,26,8,9,0,43,0,0,2,0,2,26,8,11,0,45,0,0,0,45
03/29/2017,ISP,NY,AEA,EN,Towers with Radar,25,10,49,3,87,0,14,181,13,208,25,24,230,16,295,222,8,230,525
03/30/2017,ISP,NY,AEA,EN,Towers with Radar,25,10,57,3,95,0,8,192,4,204,25,18,249,7,299,314,0,314,613
03/31/2017,ISP,NY,AEA,EN,Towers with Radar,23,10,16,0,49,0,2,1,0,3,23,12,17,0,52,0,0,0,52
04/01/2017,ISP,NY,AEA,EN,Towers with Radar,20,4,9,0,33,0,0,9,0,9,20,4,18,0,42,2,0,2,44
04/02/2017,ISP,NY,AEA,EN,Towers with Radar,24,13,40,0,77,0,5,245,8,258,24,18,285,8,335,286,20,306,641
04/03/2017,ISP,NY,AEA,EN,Towers with Radar,27,13,33,0,73,0,17,131,4,152,27,30,164,4,225,312,0,312,537
04/04/2017,ISP,NY,AEA,EN,Towers with Radar,28,9,16,0,53,0,2,0,0,2,28,11,16,0,55,0,0,0,55
04/05/2017,ISP,NY,AEA,EN,Towers with Radar,23,11,54,3,91,0,6,91,7,104,23,17,145,10,195,226,0,226,421
04/06/2017,ISP,NY,AEA,EN,Towers with Radar,22,14,13,0,49,0,2,1,0,3,22,16,14,0,52,0,0,0,52
04/07/2017,ISP,NY,AEA,EN,Towers with Radar,26,14,32,0,72,0,9,51,1,61,26,23,83,1,133,48,0,48,181
04/08/2017,ISP,NY,AEA,EN,Towers with Radar,21,10,22,0,53,0,5,98,0,103,21,15,120,0,156,98,0,98,254
04/09/2017,ISP,NY,AEA,EN,Towers with Radar,28,11,42,0,81,0,4,226,0,230,28,15,268,0,311,318,0,318,629
04/10/2017,ISP,NY,AEA,EN,Towers with Radar,27,15,34,0,76,0,16,134,2,152,27,31,168,2,228,250,0,250,478
04/11/2017,ISP,NY,AEA,EN,Towers with Radar,28,14,44,2,88,0,22,148,6,176,28,36,192,8,264,372,20,392,656
04/12/2017,ISP,NY,AEA,EN,Towers with Radar,27,11,34,1,73,0,10,125,7,142,27,21,159,8,215,272,8,280,495
04/13/2017,ISP,NY,AEA,EN,Towers with Radar,28,13,32,4,77,0,14,147,7,168,28,27,179,11,245,170,12,182,427
04/14/2017,ISP,NY,AEA,EN,Towers with Radar,30,17,31,0,78,0,13,177,2,192,30,30,208,2,270,274,0,274,544
04/15/2017,ISP,NY,AEA,EN,Towers with Radar,22,7,22,0,51,0,14,118,3,135,22,21,140,3,186,154,0,154,340
04/16/2017,ISP,NY,AEA,EN,Towers with Radar,26,15,13,0,54,0,9,71,0,80,26,24,84,0,134,120,0,120,254
04/17/2017,ISP,NY,AEA,EN,Towers with Radar,27,10,35,0,72,0,13,116,4,133,27,23,151,4,205,290,0,290,495
04/18/2017,ISP,NY,AEA,EN,Towers with Radar,24,16,28,1,69,0,15,166,5,186,24,31,194,6,255,318,2,320,575
04/19/2017,ISP,NY,AEA,EN,Towers with Radar,25,15,20,6,66,0,16,49,8,73,25,31,69,14,139,368,2,370,509
04/20/2017,ISP,NY,AEA,EN,Towers with Radar,25,17,50,0,92,0,10,31,0,41,25,27,81,0,133,164,0,164,297
04/21/2017,ISP,NY,AEA,EN,Towers with Radar,25,12,14,0,51,0,0,0,0,0,25,12,14,0,51,0,0,0,51
04/22/2017,ISP,NY,AEA,EN,Towers with Radar,20,5,35,0,60,0,0,20,0,20,20,5,55,0,80,14,0,14,94
04/23/2017,ISP,NY,AEA,EN,Towers with Radar,24,9,36,0,69,0,5,217,0,222,24,14,253,0,291,406,0,406,697
04/24/2017,ISP,NY,AEA,EN,Towers with Radar,26,10,35,2,73,0,10,129,4,143,26,20,164,6,216,340,12,352,568
04/25/2017,ISP,NY,AEA,EN,Towers with Radar,28,10,25,0,63,0,3,1,0,4,28,13,26,0,67,0,0,0,67
04/26/2017,ISP,NY,AEA,EN,Towers with Radar,29,9,36,2,76,0,3,3,0,6,29,12,39,2,82,0,0,0,82
04/27/2017,ISP,NY,AEA,EN,Towers with Radar,28,20,37,2,87,0,2,20,4,26,28,22,57,6,113,76,0,76,189
04/28/2017,ISP,NY,AEA,EN,Towers with Radar,28,14,64,0,106,0,18,146,4,168,28,32,210,4,274,342,0,342,616
04/29/2017,ISP,NY,AEA,EN,Towers with Radar,28,6,34,0,68,0,2,119,0,121,28,8,153,0,189,216,0,216,405
04/30/2017,ISP,NY,AEA,EN,Towers with Radar,24,12,47,0,83,0,4,150,0,154,24,16,197,0,237,300,0,300,537
05/01/2017,ISP,NY,AEA,EN,Towers with Radar,29,9,35,0,73,0,2,9,0,11,29,11,44,0,84,6,0,6,90
05/02/2017,ISP,NY,AEA,EN,Towers with Radar,27,11,21,0,59,0,5,34,0,39,27,16,55,0,98,48,0,48,146
05/03/2017,ISP,NY,AEA,EN,Towers with Radar,28,10,31,0,69,0,18,149,0,167,28,28,180,0,236,222,0,222,458
05/04/2017,ISP,NY,AEA,EN,Towers with Radar,27,17,46,0,90,0,9,155,0,164,27,26,201,0,254,350,0,350,604
05/05/2017,ISP,NY,AEA,EN,Towers with Radar,32,9,15,0,56,0,2,0,0,2,32,11,15,0,58,0,0,0,58
05/06/2017,ISP,NY,AEA,EN,Towers with Radar,26,5,23,0,54,0,2,62,0,64,26,7,85,0,118,48,0,48,166
05/07/2017,ISP,NY,AEA,EN,Towers with Radar,25,17,34,1,77,0,2,118,0,120,25,19,152,1,197,350,0,350,547
05/08/2017,ISP,NY,AEA,EN,Towers with Radar,29,12,28,2,71,0,17,145,1,163,29,29,173,3,234,204,0,204,438
05/09/2017,ISP,NY,AEA,EN,Towers with Radar,28,8,42,1,79,0,13,150,0,163,28,21,192,1,242,342,0,342,584
05/10/2017,ISP,NY,AEA,EN,Towers with Radar,28,10,46,0,84,0,26,195,8,229,28,36,241,8,313,378,16,394,707
05/11/2017,ISP,NY,AEA,EN,Towers with Radar,28,18,33,1,80,0,12,147,3,162,28,30,180,4,242,274,0,274,516
05/12/2017,ISP,NY,AEA,EN,Towers with Radar,28,17,39,0,84,0,12,112,3,127,28,29,151,3,211,264,0,264,475
05/13/2017,ISP,NY,AEA,EN,Towers with Radar,26,5,4,0,35,0,0,0,0,0,26,5,4,0,35,0,0,0,35
05/14/2017,ISP,NY,AEA,EN,Towers with Radar,25,17,15,1,58,0,4,62,0,66,25,21,77,1,124,46,0,46,170
05/15/2017,ISP,NY,AEA,EN,Towers with Radar,28,13,17,0,58,0,6,39,2,47,28,19,56,2,105,22,0,22,127
05/16/2017,ISP,NY,AEA,EN,Towers with Radar,28,13,42,1,84,0,19,184,6,209,28,32,226,7,293,276,12,288,581
05/17/2017,ISP,NY,AEA,EN,Towers with Radar,28,14,45,0,87,0,11,196,2,209,28,25,241,2,296,218,0,218,514
05/18/2017,ISP,NY,AEA,EN,Towers with Radar,29,13,47,1,90,0,19,175,4,198,29,32,222,5,288,388,0,388,676
05/19/2017,ISP,NY,AEA,EN,Towers with Radar,27,10,40,1,78,0,11,185,1,197,27,21,225,2,275,304,0,304,579
05/20/2017,ISP,NY,AEA,EN,Towers with Radar,29,11,36,0,76,0,9,170,0,179,29,20,206,0,255,290,0,290,545
05/21/2017,ISP,NY,AEA,EN,Towers with Radar,25,14,25,0,64,0,3,178,1,182,25,17,203,1,246,214,0,214,460
05/22/2017,ISP,NY,AEA,EN,Towers with Radar,29,7,31,2,69,0,0,6,0,6,29,7,37,2,75,0,0,0,75
05/23/2017,ISP,NY,AEA,EN,Towers with Radar,29,13,46,0,88,0,12,157,7,176,29,25,203,7,264,266,0,266,530
05/24/2017,ISP,NY,AEA,EN,Towers with Radar,26,13,47,2,88,0,16,108,10,134,26,29,155,12,222,148,2,150,372
05/25/2017,ISP,NY,AEA,EN,Towers with Radar,27,17,34,6,84,0,2,0,0,2,27,19,34,6,86,0,0,0,86
05/26/2017,ISP,NY,AEA,EN,Towers with Radar,28,13,55,2,98,0,6,104,7,117,28,19,159,9,215,10,2,12,227
05/27/2017,ISP,NY,AEA,EN,Towers with Radar,26,8,37,1,72,0,2,158,3,163,26,10,195,4,235,190,0,190,425
05/28/2017,ISP,NY,AEA,EN,Towers with Radar,20,7,20,0,47,0,0,135,3,138,20,7,155,3,185,136,0,136,321
05/29/2017,ISP,NY,AEA,EN,Towers with Radar,28,15,45,4,92,0,0,18,0,18,28,15,63,4,110,0,0,0,110
05/30/2017,ISP,NY,AEA,EN,Towers with Radar,29,15,40,1,85,0,4,6,0,10,29,19,46,1,95,6,0,6,101
05/31/2017,ISP,NY,AEA,EN,Towers with Radar,29,18,50,0,97,0,2,18,4,24,29,20,68,4,121,64,14,78,199
06/01/2017,ISP,NY,AEA,EN,Towers with Radar,29,14,42,0,85,0,8,172,0,180,29,22,214,0,265,268,0,268,533
06/02/2017,ISP,NY,AEA,EN,Towers with Radar,29,9,36,2,76,0,2,169,2,173,29,11,205,4,249,298,1,299,548
06/03/2017,ISP,NY,AEA,EN,Towers with Radar,25,6,34,0,65,0,4,160,6,170,25,10,194,6,235,202,0,202,437
06/04/2017,ISP,NY,AEA,EN,Towers with Radar,21,17,41,5,84,0,5,106,5,116,21,22,147,10,200,270,0,270,470
06/05/2017,ISP,NY,AEA,EN,Towers with Radar,22,9,34,0,65,0,0,0,0,0,22,9,34,0,65,0,0,0,65
06/06/2017,ISP,NY,AEA,EN,Towers with Radar,22,9,30,0,61,0,3,13,5,21,22,12,43,5,82,4,28,32,114
06/07/2017,ISP,NY,AEA,EN,Towers with Radar,21,12,53,4,90,0,18,168,11,197,21,30,221,15,287,228,10,238,525
06/08/2017,ISP,NY,AEA,EN,Towers with Radar,20,13,43,1,77,0,32,177,11,220,20,45,220,12,297,342,0,342,639
06/09/2017,ISP,NY,AEA,EN,Towers with Radar,22,13,58,3,96,0,18,169,3,190,22,31,227,6,286,220,0,220,506
06/10/2017,ISP,NY,AEA,EN,Towers with Radar,19,15,26,0,60,0,3,158,0,161,19,18,184,0,221,242,1,243,464
06/11/2017,ISP,NY,AEA,EN,Towers with Radar,22,16,38,0,76,0,13,179,3,195,22,29,217,3,271,248,0,248,519
06/12/2017,ISP,NY,AEA,EN,Towers with Radar,22,8,35,2,67,0,14,145,2,161,22,22,180,4,228,216,0,216,444
06/13/2017,ISP,NY,AEA,EN,Towers with Radar,20,8,36,0,64,0,11,122,9,142,20,19,158,9,206,180,0,180,386
06/14/2017,ISP,NY,AEA,EN,Towers with Radar,21,9,39,3,72,0,10,143,7,160,21,19,182,10,232,332,20,352,584
06/15/2017,ISP,NY,AEA,EN,Towers with Radar,19,13,52,0,84,0,17,173,10,200,19,30,225,10,284,300,0,300,584
06/16/2017,ISP,NY,AEA,EN,Towers with Radar,20,10,29,0,59,0,2,8,0,10,20,12,37,0,69,0,0,0,69
06/17/2017,ISP,NY,AEA,EN,Towers with Radar,19,7,49,0,75,0,0,0,0,0,19,7,49,0,75,0,0,0,75
06/18/2017,ISP,NY,AEA,EN,Towers with Radar,24,7,16,0,47,0,0,3,0,3,24,7,19,0,50,0,0,0,50
06/19/2017,ISP,NY,AEA,EN,Towers with Radar,17,11,27,2,57,0,1,11,1,13,17,12,38,3,70,0,0,0,70
06/20/2017,ISP,NY,AEA,EN,Towers with Radar,21,16,51,1,89,0,8,109,8,125,21,24,160,9,214,236,6,242,456
06/21/2017,ISP,NY,AEA,EN,Towers with Radar,21,12,47,5,85,0,13,161,10,184,21,25,208,15,269,298,0,298,567
06/22/2017,ISP,NY,AEA,EN,Towers with Radar,20,23,51,0,94,0,17,203,9,229,20,40,254,9,323,318,8,326,649
06/23/2017,ISP,NY,AEA,EN,Towers with Radar,22,10,59,3,94,0,6,53,2,61,22,16,112,5,155,48,0,48,203
06/24/2017,ISP,NY,AEA,EN,Towers with Radar,24,5,30,0,59,0,0,100,0,100,24,5,130,0,159,88,0,88,247
06/25/2017,ISP,NY,AEA,EN,Towers with Radar,25,9,49,0,83,0,6,196,0,202,25,15,245,0,285,172,0,172,457
06/26/2017,ISP,NY,AEA,EN,Towers with Radar,24,13,44,1,82,0,17,150,7,174,24,30,194,8,256,268,0,268,524
06/27/2017,ISP,NY,AEA,EN,Towers with Radar,22,15,49,1,87,0,11,115,13,139,22,26,164,14,226,252,0,252,478
06/28/2017,ISP,NY,AEA,EN,Towers with Radar,21,18,36,3,78,0,19,193,9,221,21,37,229,12,299,216,0,216,515
06/29/2017,ISP,NY,AEA,EN,Towers with Radar,21,13,39,0,73,0,8,99,14,121,21,21,138,14,194,62,0,62,256
06/30/2017,ISP,NY,AEA,EN,Towers with Radar,21,12,34,1,68,0,7,134,8,149,21,19,168,9,217,146,0,146,363
07/01/2017,ISP,NY,AEA,EN,Towers with Radar,23,14,21,0,58,0,0,6,0,6,23,14,27,0,64,0,0,0,64
07/02/2017,ISP,NY,AEA,EN,Towers with Radar,21,14,42,0,77,0,8,187,3,198,21,22,229,3,275,222,0,222,497
07/03/2017,ISP,NY,AEA,EN,Towers with Radar,23,12,41,0,76,0,6,165,0,171,23,18,206,0,247,194,0,194,441
07/04/2017,ISP,NY,AEA,EN,Towers with Radar,25,6,27,0,58,0,4,165,4,173,25,10,192,4,231,164,0,164,395
07/05/2017,ISP,NY,AEA,EN,Towers with Radar,22,11,28,1,62,0,17,168,3,188,22,28,196,4,250,322,0,322,572
07/06/2017,ISP,NY,AEA,EN,Towers with Radar,23,12,43,1,79,0,14,115,7,136,23,26,158,8,215,160,0,160,375
07/07/2017,ISP,NY,AEA,EN,Towers with Radar,21,14,25,0,60,0,3,29,0,32,21,17,54,0,92,30,0,30,122
07/08/2017,ISP,NY,AEA,EN,Towers with Radar,24,11,41,0,76,0,3,170,0,173,24,14,211,0,249,170,0,170,419
07/09/2017,ISP,NY,AEA,EN,Towers with Radar,24,15,41,0,80,0,7,188,0,195,24,22,229,0,275,224,0,224,499
07/10/2017,ISP,NY,AEA,EN,Towers with Radar,21,11,34,1,67,0,21,170,7,198,21,32,204,8,265,212,0,212,477
07/11/2017,ISP,NY,AEA,EN,Towers with Radar,23,16,31,1,71,0,14,68,7,89,23,30,99,8,160,188,0,188,348
07/12/2017,ISP,NY,AEA,EN,Towers with Radar,21,14,50,1,86,0,13,149,3,165,21,27,199,4,251,178,0,178,429
07/13/2017,ISP,NY,AEA,EN,Towers with Radar,21,11,48,1,81,0,11,114,1,126,21,22,162,2,207,114,0,114,321
07/14/2017,ISP,NY,AEA,EN,Towers with Radar,21,13,39,2,75,0,0,2,0,2,21,13,41,2,77,0,0,0,77
07/15/2017,ISP,NY,AEA,EN,Towers with Radar,27,10,44,1,82,0,3,107,5,115,27,13,151,6,197,184,0,184,381
07/16/2017,ISP,NY,AEA,EN,Towers with Radar,22,19,38,0,79,0,6,233,2,241,22,25,271,2,320,298,0,298,618
07/17/2017,ISP,NY,AEA,EN,Towers with Radar,23,12,38,2,75,0,15,150,4,169,23,27,188,6,244,214,0,214,458
07/18/2017,ISP,NY,AEA,EN,Towers with Radar,23,19,43,1,86,0,11,122,7,140,23,30,165,8,226,282,0,282,508
07/19/2017,ISP,NY,AEA,EN,Towers with Radar,21,13,37,0,71,0,10,155,6,171,21,23,192,6,242,272,12,284,526
07/20/2017,ISP,NY,AEA,EN,Towers with Radar,21,8,45,2,76,0,11,142,7,160,21,19,187,9,236,232,0,232,468
07/21/2017,ISP,NY,AEA,EN,Towers with Radar,22,10,29,2,63,0,9,147,3,159,22,19,176,5,222,250,1,251,473
07/22/2017,ISP,NY,AEA,EN,Towers with Radar,24,4,19,0,47,0,0,160,0,160,24,4,179,0,207,260,0,260,467
07/23/2017,ISP,NY,AEA,EN,Towers with Radar,22,15,47,0,84,0,2,70,0,72,22,17,117,0,156,272,0,272,428
07/24/2017,ISP,NY,AEA,EN,Towers with Radar,22,10,32,4,68,0,2,9,0,11,22,12,41,4,79,4,0,4,83
07/25/2017,ISP,NY,AEA,EN,Towers with Radar,22,18,52,13,105,0,4,40,3,47,22,22,92,16,152,202,48,250,402
07/26/2017,ISP,NY,AEA,EN,Towers with Radar,21,7,55,2,85,0,15,231,6,252,21,22,286,8,337,362,0,362,699
07/27/2017,ISP,NY,AEA,EN,Towers with Radar,21,19,56,2,98,0,21,105,5,131,21,40,161,7,229,200,0,200,429
07/28/2017,ISP,NY,AEA,EN,Towers with Radar,19,17,22,3,61,0,8,79,2,89,19,25,101,5,150,146,0,146,296
07/29/2017,ISP,NY,AEA,EN,Towers with Radar,25,8,16,6,55,0,4,24,3,31,25,12,40,9,86,10,0,10,96
07/30/2017,ISP,NY,AEA,EN,Towers with Radar,24,15,37,0,76,0,3,237,1,241,24,18,274,1,317,372,0,372,689
07/31/2017,ISP,NY,AEA,EN,Towers with Radar,22,20,38,15,95,0,16,172,3,191,22,36,210,18,286,388,0,388,674
08/01/2017,ISP,NY,AEA,EN,Towers with Radar,24,9,44,0,77,0,15,191,6,212,24,24,235,6,289,290,0,290,579
08/02/2017,ISP,NY,AEA,EN,Towers with Radar,19,6,38,1,64,0,7,111,5,123,19,13,149,6,187,138,0,138,325
08/03/2017,ISP,NY,AEA,EN,Towers with Radar,25,14,44,0,83,0,12,156,4,172,25,26,200,4,255,312,0,312,567
08/04/2017,ISP,NY,AEA,EN,Towers with Radar,16,17,39,0,72,0,2,106,3,111,16,19,145,3,183,64,0,64,247
08/05/2017,ISP,NY,AEA,EN,Towers with Radar,23,6,18,0,47,0,4,76,0,80,23,10,94,0,127,134,0,134,261
08/06/2017,ISP,NY,AEA,EN,Towers with Radar,23,14,44,0,81,0,0,243,0,243,23,14,287,0,324,224,0,224,548
08/07/2017,ISP,NY,AEA,EN,Towers with Radar,22,12,29,1,64,0,4,43,3,50,22,16,72,4,114,142,0,142,256
08/08/2017,ISP,NY,AEA,EN,Towers with Radar,21,13,62,4,100,0,16,99,7,122,21,29,161,11,222,246,8,254,476
08/09/2017,ISP,NY,AEA,EN,Towers with Radar,22,26,47,3,98,0,21,232,7,260,22,47,279,10,358,282,14,296,654
08/10/2017,ISP,NY,AEA,EN,Towers with Radar,21,25,51,2,99,0,20,174,6,200,21,45,225,8,299,216,0,216,515
08/11/2017,ISP,NY,AEA,EN,Towers with Radar,20,13,33,1,67,0,6,198,5,209,20,19,231,6,276,344,0,344,620
08/12/2017,ISP,NY,AEA,EN,Towers with Radar,24,10,39,0,73,0,4,16,0,20,24,14,55,0,93,52,0,52,145
08/13/2017,ISP,NY,AEA,EN,Towers with Radar,21,16,55,0,92,0,7,189,0,196,21,23,244,0,288,232,0,232,520
08/14/2017,ISP,NY,AEA,EN,Towers with Radar,24,14,47,0,85,0,15,157,3,175,24,29,204,3,260,322,0,322,582
08/15/2017,ISP,NY,AEA,EN,Towers with Radar,24,18,24,0,66,0,9,51,3,63,24,27,75,3,129,112,22,134,263
08/16/2017,ISP,NY,AEA,EN,Towers with Radar,27,12,41,3,83,0,15,175,3,193,27,27,216,6,276,290,0,290,566
08/17/2017,ISP,NY,AEA,EN,Towers with Radar,26,12,51,0,89,0,24,173,2,199,26,36,224,2,288,370,0,370,658
08/18/2017,ISP,NY,AEA,EN,Towers with Radar,27,17,39,0,83,0,2,12,0,14,27,19,51,0,97,2,0,2,99
08/19/2017,ISP,NY,AEA,EN,Towers with Radar,24,7,20,0,51,0,5,145,0,150,24,12,165,0,201,212,0,212,413
08/20/2017,ISP,NY,AEA,EN,Towers with Radar,24,18,35,0,77,0,5,210,0,215,24,23,245,0,292,338,0,338,630
08/21/2017,ISP,NY,AEA,EN,Towers with Radar,26,16,45,1,88,0,17,160,3,180,26,33,205,4,268,320,0,320,588
08/22/2017,ISP,NY,AEA,EN,Towers with Radar,26,20,47,2,95,0,6,36,3,45,26,26,83,5,140,64,32,96,236
08/23/2017,ISP,NY,AEA,EN,Towers with Radar,28,20,32,4,84,0,15,130,9,154,28,35,162,13,238,256,18,274,512
08/24/2017,ISP,NY,AEA,EN,Towers with Radar,26,14,44,1,85,0,15,177,3,195,26,29,221,4,280,252,0,252,532
08/25/2017,ISP,NY,AEA,EN,Towers with Radar,25,12,33,3,73,0,6,171,4,181,25,18,204,7,254,300,0,300,554
08/26/2017,ISP,NY,AEA,EN,Towers with Radar,28,12,24,2,66,0,0,161,0,161,28,12,185,2,227,198,0,198,425
08/27/2017,ISP,NY,AEA,EN,Towers with Radar,23,12,34,0,69,0,3,160,0,163,23,15,194,0,232,258,0,258,490
08/28/2017,ISP,NY,AEA,EN,Towers with Radar,25,12,32,4,73,0,7,138,2,147,25,19,170,6,220,206,0,206,426
08/29/2017,ISP,NY,AEA,EN,Towers with Radar,26,11,19,1,57,0,14,47,5,66,26,25,66,6,123,164,0,164,287
08/30/2017,ISP,NY,AEA,EN,Towers with Radar,26,18,35,2,81,0,13,164,6,183,26,31,199,8,264,190,0,190,454
08/31/2017,ISP,NY,AEA,EN,Towers with Radar,26,13,44,3,86,0,17,162,1,180,26,30,206,4,266,152,0,152,418
09/01/2017,ISP,NY,AEA,EN,Towers with Radar,25,17,33,3,78,0,16,152,5,173,25,33,185,8,251,260,2,262,513
09/02/2017,ISP,NY,AEA,EN,Towers with Radar,24,12,19,1,56,0,8,96,1,105,24,20,115,2,161,164,0,164,325
09/03/2017,ISP,NY,AEA,EN,Towers with Radar,20,10,19,0,49,0,0,14,0,14,20,10,33,0,63,8,0,8,71
09/04/2017,ISP,NY,AEA,EN,Towers with Radar,25,16,34,1,76,0,3,167,1,171,25,19,201,2,247,287,0,287,534
09/05/2017,ISP,NY,AEA,EN,Towers with Radar,27,16,30,4,77,0,9,79,0,88,27,25,109,4,165,106,0,106,271
09/06/2017,ISP,NY,AEA,EN,Towers with Radar,26,8,34,0,68,0,4,3,0,7,26,12,37,0,75,6,6,12,87
09/07/2017,ISP,NY,AEA,EN,Towers with Radar,24,19,46,0,89,0,15,123,1,139,24,34,169,1,228,268,0,268,496
09/08/2017,ISP,NY,AEA,EN,Towers with Radar,22,29,47,0,98,0,16,165,12,193,22,45,212,12,291,308,8,316,607
09/09/2017,ISP,NY,AEA,EN,Towers with Radar,15,13,30,3,61,0,4,182,7,193,15,17,212,10,254,216,0,216,470
09/10/2017,ISP,NY,AEA,EN,Towers with Radar,8,12,33,0,53,0,4,180,0,184,8,16,213,0,237,236,0,236,473
09/11/2017,ISP,NY,AEA,EN,Towers with Radar,10,10,21,3,44,0,14,140,4,158,10,24,161,7,202,236,0,236,438
09/12/2017,ISP,NY,AEA,EN,Towers with Radar,14,13,25,0,52,0,17,147,5,169,14,30,172,5,221,372,0,372,593
09/13/2017,ISP,NY,AEA,EN,Towers with Radar,26,15,57,0,98,0,18,141,4,163,26,33,198,4,261,78,16,94,355
09/14/2017,ISP,NY,AEA,EN,Towers with Radar,27,11,40,2,80,0,4,29,2,35,27,15,69,4,115,72,0,72,187
09/15/2017,ISP,NY,AEA,EN,Towers with Radar,25,11,56,0,92,0,9,155,8,172,25,20,211,8,264,316,0,316,580
09/16/2017,ISP,NY,AEA,EN,Towers with Radar,24,9,35,0,68,0,0,41,0,41,24,9,76,0,109,142,0,142,251
09/17/2017,ISP,NY,AEA,EN,Towers with Radar,25,10,44,0,79,0,1,29,0,30,25,11,73,0,109,40,0,40,149
09/18/2017,ISP,NY,AEA,EN,Towers with Radar,26,10,26,0,62,0,2,10,1,13,26,12,36,1,75,2,0,2,77
09/19/2017,ISP,NY,AEA,EN,Towers with Radar,27,8,15,0,50,0,4,3,0,7,27,12,18,0,57,0,0,0,57
09/20/2017,ISP,NY,AEA,EN,Towers with Radar,28,10,12,2,52,0,4,22,0,26,28,14,34,2,78,86,0,86,164
09/21/2017,ISP,NY,AEA,EN,Towers with Radar,28,13,37,1,79,0,11,160,2,173,28,24,197,3,252,204,0,204,456
09/22/2017,ISP,NY,AEA,EN,Towers with Radar,25,16,36,0,77,0,10,81,1,92,25,26,117,1,169,50,0,50,219
09/23/2017,ISP,NY,AEA,EN,Towers with Radar,26,5,33,0,64,0,9,171,4,184,26,14,204,4,248,294,0,294,542
09/24/2017,ISP,NY,AEA,EN,Towers with Radar,24,13,34,0,71,0,2,200,0,202,24,15,234,0,273,346,0,346,619
09/25/2017,ISP,NY,AEA,EN,Towers with Radar,26,17,29,1,73,0,19,126,1,146,26,36,155,2,219,284,0,284,503
09/26/2017,ISP,NY,AEA,EN,Towers with Radar,26,12,34,3,75,0,4,70,8,82,26,16,104,11,157,184,0,184,341
09/27/2017,ISP,NY,AEA,EN,Towers with Radar,26,7,47,2,82,0,5,48,1,54,26,12,95,3,136,238,0,238,374
09/28/2017,ISP,NY,AEA,EN,Towers with Radar,26,9,27,4,66,0,9,53,4,66,26,18,80,8,132,26,0,26,158
09/29/2017,ISP,NY,AEA,EN,Towers with Radar,26,8,47,1,82,0,12,185,5,202,26,20,232,6,284,260,0,260,544
09/30/2017,ISP,NY,AEA,EN,Towers with Radar,23,5,5,0,33,0,2,31,0,33,23,7,36,0,66,92,0,92,158
10/01/2017,ISP,NY,AEA,EN,Towers with Radar,24,12,32,0,68,0,3,193,0,196,24,15,225,0,264,272,0,272,536
10/02/2017,ISP,NY,AEA,EN,Towers with Radar,25,11,44,1,81,0,21,147,1,169,25,32,191,2,250,260,0,260,510
10/03/2017,ISP,NY,AEA,EN,Towers with Radar,26,9,34,0,69,0,20,140,4,164,26,29,174,4,233,402,0,402,635
10/04/2017,ISP,NY,AEA,EN,Towers with Radar,25,9,37,2,73,0,18,159,2,179,25,27,196,4,252,332,0,332,584
10/05/2017,ISP,NY,AEA,EN,Towers with Radar,33,17,33,11,94,0,20,127,8,155,33,37,160,19,249,376,0,376,625
10/06/2017,ISP,NY,AEA,EN,Towers with Radar,42,21,63,1,127,0,14,155,5,174,42,35,218,6,301,276,0,276,577
10/07/2017,ISP,NY,AEA,EN,Towers with Radar,33,8,40,0,81,0,8,87,0,95,33,16,127,0,176,180,0,180,356
10/08/2017,ISP,NY,AEA,EN,Towers with Radar,37,11,32,0,80,0,0,7,0,7,37,11,39,0,87,0,0,0,87
10/09/2017,ISP,NY,AEA,EN,Towers with Radar,38,11,26,0,75,0,2,0,0,2,38,13,26,0,77,0,0,0,77
10/10/2017,ISP,NY,AEA,EN,Towers with Radar,38,12,42,1,93,0,17,114,13,144,38,29,156,14,237,314,1,315,552
10/11/2017,ISP,NY,AEA,EN,Towers with Radar,38,11,44,1,94,0,23,116,6,145,38,34,160,7,239,242,0,242,481
10/12/2017,ISP,NY,AEA,EN,Towers with Radar,36,17,61,1,115,0,11,68,1,80,36,28,129,2,195,114,0,114,309
10/13/2017,ISP,NY,AEA,EN,Towers with Radar,38,15,37,3,93,0,19,118,1,138,38,34,155,4,231,378,1,379,610
10/14/2017,ISP,NY,AEA,EN,Towers with Radar,36,5,42,0,83,0,0,5,0,5,36,5,47,0,88,0,0,0,88
10/15/2017,ISP,NY,AEA,EN,Towers with Radar,37,14,68,0,119,0,0,8,0,8,37,14,76,0,127,42,0,42,169
10/16/2017,ISP,NY,AEA,EN,Towers with Radar,38,13,25,0,76,0,13,68,2,83,38,26,93,2,159,158,0,158,317
10/17/2017,ISP,NY,AEA,EN,Towers with Radar,36,10,43,1,90,0,16,162,5,183,36,26,205,6,273,250,4,254,527
10/18/2017,ISP,NY,AEA,EN,Towers with Radar,37,22,37,2,98,0,16,183,6,205,37,38,220,8,303,374,8,382,685
10/19/2017,ISP,NY,AEA,EN,Towers with Radar,35,12,40,2,89,0,15,136,1,152,35,27,176,3,241,226,0,226,467
10/20/2017,ISP,NY,AEA,EN,Towers with Radar,38,16,38,0,92,0,21,155,3,179,38,37,193,3,271,236,0,236,507
10/21/2017,ISP,NY,AEA,EN,Towers with Radar,37,10,23,0,70,0,9,205,0,214,37,19,228,0,284,326,0,326,610
10/22/2017,ISP,NY,AEA,EN,Towers with Radar,36,18,34,0,88,0,5,183,2,190,36,23,217,2,278,188,0,188,466
10/23/2017,ISP,NY,AEA,EN,Towers with Radar,42,19,34,0,95,0,6,56,4,66,42,25,90,4,161,172,0,172,333
10/24/2017,ISP,NY,AEA,EN,Towers with Radar,36,12,11,0,59,0,1,4,1,6,36,13,15,1,65,24,0,24,89
10/25/2017,ISP,NY,AEA,EN,Towers with Radar,36,7,42,2,87,0,8,33,6,47,36,15,75,8,134,74,10,84,218
10/26/2017,ISP,NY,AEA,EN,Towers with Radar,39,8,17,0,64,0,8,55,4,67,39,16,72,4,131,210,0,210,341
10/27/2017,ISP,NY,AEA,EN,Towers with Radar,41,13,36,1,91,0,10,189,1,200,41,23,225,2,291,305,0,305,596
10/28/2017,ISP,NY,AEA,EN,Towers with Radar,37,7,35,1,80,0,7,133,4,144,37,14,168,5,224,176,0,176,400
10/29/2017,ISP,NY,AEA,EN,Towers with Radar,34,10,18,0,62,0,0,0,0,0,34,10,18,0,62,0,0,0,62
10/30/2017,ISP,NY,AEA,EN,Towers with Radar,43,5,13,0,61,0,6,13,0,19,43,11,26,0,80,0,0,0,80
10/31/2017,ISP,NY,AEA,EN,Towers with Radar,37,13,36,0,86,0,10,95,4,109,37,23,131,4,195,84,0,84,279
11/01/2017,ISP,NY,AEA,EN,Towers with Radar,38,9,33,1,81,0,17,161,12,190,38,26,194,13,271,248,0,248,519
11/02/2017,ISP,NY,AEA,EN,Towers with Radar,36,11,47,12,106,0,11,91,7,109,36,22,138,19,215,234,0,234,449
11/03/2017,ISP,NY,AEA,EN,Towers with Radar,40,14,37,3,94,0,3,75,5,83,40,17,112,8,177,192,6,198,375
11/04/2017,ISP,NY,AEA,EN,Towers with Radar,34,5,32,3,74,0,10,179,4,193,34,15,211,7,267,204,0,204,471
11/05/2017,ISP,NY,AEA,EN,Towers with Radar,36,13,32,3,84,0,0,5,0,5,36,13,37,3,89,34,0,34,123
11/06/2017,ISP,NY,AEA,EN,Towers with Radar,40,8,23,0,71,0,4,14,0,18,40,12,37,0,89,28,0,28,117
11/07/2017,ISP,NY,AEA,EN,Towers with Radar,38,14,29,2,83,0,8,94,5,107,38,22,123,7,190,204,0,204,394
11/08/2017,ISP,NY,AEA,EN,Towers with Radar,39,7,57,3,106,0,12,88,10,110,39,19,145,13,216,124,18,142,358
11/09/2017,ISP,NY,AEA,EN,Towers with Radar,37,10,32,2,81,0,12,147,6,165,37,22,179,8,246,216,0,216,462
11/10/2017,ISP,NY,AEA,EN,Towers with Radar,41,8,13,0,62,0,7,28,3,38,41,15,41,3,100,6,0,6,106
11/11/2017,ISP,NY,AEA,EN,Towers with Radar,38,5,26,0,69,0,2,151,0,153,38,7,177,0,222,210,0,210,432
11/12/2017,ISP,NY,AEA,EN,Towers with Radar,39,13,38,0,90,0,5,149,0,154,39,18,187,0,244,140,0,140,384
11/13/2017,ISP,NY,AEA,EN,Towers with Radar,41,11,19,2,73,0,14,47,0,61,41,25,66,2,134,140,2,142,276
11/14/2017,ISP,NY,AEA,EN,Towers with Radar,38,8,36,3,85,0,6,10,1,17,38,14,46,4,102,8,18,26,128
11/15/2017,ISP,NY,AEA,EN,Towers with Radar,40,13,34,0,87,0,15,128,12,155,40,28,162,12,242,308,0,308,550
11/16/2017,ISP,NY,AEA,EN,Towers with Radar,38,8,24,0,70,0,4,41,10,55,38,12,65,10,125,112,0,112,237
11/17/2017,ISP,NY,AEA,EN,Towers with Radar,41,15,38,2,96,0,15,78,5,98,41,30,116,7,194,116,0,116,310
11/18/2017,ISP,NY,AEA,EN,Towers with Radar,39,4,22,0,65,0,6,115,4,125,39,10,137,4,190,174,0,174,364
11/19/2017,ISP,NY,AEA,EN,Towers with Radar,42,11,22,0,75,0,5,19,0,24,42,16,41,0,99,6,0,6,105
11/20/2017,ISP,NY,AEA,EN,Towers with Radar,38,10,25,2,75,0,7,93,7,107,38,17,118,9,182,104,0,104,286
11/21/2017,ISP,NY,AEA,EN,Towers with Radar,36,13,30,5,84,0,10,107,14,131,36,23,137,19,215,142,0,142,357
11/22/2017,ISP,NY,AEA,EN,Towers with Radar,39,12,23,2,76,0,7,43,0,50,39,19,66,2,126,92,0,92,218
11/23/2017,ISP,NY,AEA,EN,Towers with Radar,26,5,13,0,44,0,3,51,2,56,26,8,64,2,100,50,0,50,150
11/24/2017,ISP,NY,AEA,EN,Towers with Radar,35,8,33,0,76,0,4,183,6,193,35,12,216,6,269,240,0,240,509
11/25/2017,ISP,NY,AEA,EN,Towers with Radar,39,12,23,0,74,0,2,183,0,185,39,14,206,0,259,294,0,294,553
11/26/2017,ISP,NY,AEA,EN,Towers with Radar,36,23,30,0,89,0,0,73,0,73,36,23,103,0,162,24,0,24,186
11/27/2017,ISP,NY,AEA,EN,Towers with Radar,38,16,29,0,83,0,15,73,6,94,38,31,102,6,177,76,0,76,253
11/28/2017,ISP,NY,AEA,EN,Towers with Radar,35,15,39,2,91,0,16,123,11,150,35,31,162,13,241,256,2,258,499
11/29/2017,ISP,NY,AEA,EN,Towers with Radar,34,18,33,4,89,0,16,141,12,169,34,34,174,16,258,246,12,258,516
11/30/2017,ISP,NY,AEA,EN,Towers with Radar,33,16,39,0,88,0,18,114,4,136,33,34,153,4,224,278,0,278,502
12/01/2017,ISP,NY,AEA,EN,Towers with Radar,35,16,40,0,91,0,16,98,4,118,35,32,138,4,209,226,0,226,435
12/02/2017,ISP,NY,AEA,EN,Towers with Radar,38,8,22,0,68,0,3,157,1,161,38,11,179,1,229,296,0,296,525
12/03/2017,ISP,NY,AEA,EN,Towers with Radar,38,14,38,0,90,0,3,126,2,131,38,17,164,2,221,300,0,300,521
12/04/2017,ISP,NY,AEA,EN,Towers with Radar,36,14,31,0,81,0,15,130,0,145,36,29,161,0,226,248,0,248,474
12/05/2017,ISP,NY,AEA,EN,Towers with Radar,33,10,29,0,72,0,4,12,2,18,33,14,41,2,90,10,0,10,100
12/06/2017,ISP,NY,AEA,EN,Towers with Radar,34,11,24,0,69,0,14,87,7,108,34,25,111,7,177,220,0,220,397
12/07/2017,ISP,NY,AEA,EN,Towers with Radar,31,14,28,0,73,0,11,120,11,142,31,25,148,11,215,100,0,100,315
12/08/2017,ISP,NY,AEA,EN,Towers with Radar,32,10,37,0,79,0,8,123,1,132,32,18,160,1,211,226,0,226,437
12/09/2017,ISP,NY,AEA,EN,Towers with Radar,29,6,6,0,41,0,0,2,0,2,29,6,8,0,43,8,0,8,51
12/10/2017,ISP,NY,AEA,EN,Towers with Radar,37,10,21,0,68,0,3,111,0,114,37,13,132,0,182,222,0,222,404
12/11/2017,ISP,NY,AEA,EN,Towers with Radar,34,15,19,1,69,0,11,89,2,102,34,26,108,3,171,234,0,234,405
12/12/2017,ISP,NY,AEA,EN,Towers with Radar,32,12,17,0,61,0,5,45,6,56,32,17,62,6,117,82,0,82,199
12/13/2017,ISP,NY,AEA,EN,Towers with Radar,33,9,14,0,56,0,6,24,4,34,33,15,38,4,90,0,0,0,90
12/14/2017,ISP,NY,AEA,EN,Towers with Radar,32,14,10,1,57,0,7,34,5,46,32,21,44,6,103,44,0,44,147
12/15/2017,ISP,NY,AEA,EN,Towers with Radar,38,14,28,0,80,0,6,67,0,73,38,20,95,0,153,146,0,146,299
12/16/2017,ISP,NY,AEA,EN,Towers with Radar,36,10,21,0,67,0,2,47,0,49,36,12,68,0,116,68,0,68,184
12/17/2017,ISP,NY,AEA,EN,Towers with Radar,36,13,19,0,68,0,2,175,0,177,36,15,194,0,245,238,0,238,483
12/18/2017,ISP,NY,AEA,EN,Towers with Radar,38,12,26,0,76,0,4,45,2,51,38,16,71,2,127,134,0,134,261
12/19/2017,ISP,NY,AEA,EN,Towers with Radar,35,12,38,1,86,0,14,107,10,131,35,26,145,11,217,160,0,160,377
12/20/2017,ISP,NY,AEA,EN,Towers with Radar,40,13,29,3,85,0,12,96,7,115,40,25,125,10,200,160,0,160,360
12/21/2017,ISP,NY,AEA,EN,Towers with Radar,37,18,31,2,88,0,16,150,8,174,37,34,181,10,262,232,0,232,494
12/22/2017,ISP,NY,AEA,EN,Towers with Radar,39,21,18,3,81,0,7,52,2,61,39,28,70,5,142,194,0,194,336
12/23/2017,ISP,NY,AEA,EN,Towers with Radar,37,14,16,0,67,0,0,0,0,0,37,14,16,0,67,0,0,0,67
12/24/2017,ISP,NY,AEA,EN,Towers with Radar,35,9,19,0,63,0,1,103,0,104,35,10,122,0,167,178,0,178,345
12/25/2017,ISP,NY,AEA,EN,Towers with Radar,35,12,4,0,51,0,2,1,0,3,35,14,5,0,54,0,0,0,54
12/26/2017,ISP,NY,AEA,EN,Towers with Radar,35,18,32,0,85,0,6,54,2,62,35,24,86,2,147,88,0,88,235
12/27/2017,ISP,NY,AEA,EN,Towers with Radar,37,10,22,0,69,0,15,95,10,120,37,25,117,10,189,136,0,136,325
12/28/2017,ISP,NY,AEA,EN,Towers with Radar,37,11,23,1,72,0,15,50,3,68,37,26,73,4,140,50,0,50,190
12/29/2017,ISP,NY,AEA,EN,Towers with Radar,38,10,17,1,66,0,2,92,3,97,38,12,109,4,163,102,0,102,265
12/30/2017,ISP,NY,AEA,EN,Towers with Radar,35,11,5,0,51,0,0,2,0,2,35,11,7,0,53,0,0,0,53
12/31/2017,ISP,NY,AEA,EN,Towers with Radar,36,9,16,0,61,0,7,28,4,39,36,16,44,4,100,4,0,4,104
01/01/2018,ISP,NY,AEA,EN,Towers with Radar,37,16,20,1,74,0,4,20,1,25,37,20,40,2,99,12,0,12,111
01/02/2018,ISP,NY,AEA,EN,Towers with Radar,37,12,26,1,76,0,10,56,1,67,37,22,82,2,143,90,0,90,233
01/03/2018,ISP,NY,AEA,EN,Towers with Radar,33,16,31,2,82,0,11,145,11,167,33,27,176,13,249,146,0,146,395
01/04/2018,ISP,NY,AEA,EN,Towers with Radar,0,0,0,0,0,0,1,0,0,1,0,1,0,0,1,0,0,0,1
01/05/2018,ISP,NY,AEA,EN,Towers with Radar,27,9,14,0,50,0,8,8,0,16,27,17,22,0,66,0,0,0,66
01/06/2018,ISP,NY,AEA,EN,Towers with Radar,36,10,5,0,51,0,2,3,11,16,36,12,8,11,67,0,0,0,67
01/07/2018,ISP,NY,AEA,EN,Towers with Radar,36,18,16,1,71,0,3,27,5,35,36,21,43,6,106,44,0,44,150
01/08/2018,ISP,NY,AEA,EN,Towers with Radar,35,11,19,0,65,0,0,50,2,52,35,11,69,2,117,72,0,72,189
01/09/2018,ISP,NY,AEA,EN,Towers with Radar,36,8,23,1,68,0,7,94,7,108,36,15,117,8,176,110,0,110,286
01/10/2018,ISP,NY,AEA,EN,Towers with Radar,36,13,55,1,105,0,13,158,3,174,36,26,213,4,279,162,0,162,441
01/11/2018,ISP,NY,AEA,EN,Towers with Radar,32,15,34,0,81,0,6,46,6,58,32,21,80,6,139,148,0,148,287
01/12/2018,ISP,NY,AEA,EN,Towers with Radar,24,8,10,0,42,0,0,0,0,0,24,8,10,0,42,0,0,0,42
01/13/2018,ISP,NY,AEA,EN,Towers with Radar,35,5,18,0,58,0,3,37,0,40,35,8,55,0,98,28,0,28,126
01/14/2018,ISP,NY,AEA,EN,Towers with Radar,34,8,18,0,60,0,1,142,0,143,34,9,160,0,203,108,0,108,311
01/15/2018,ISP,NY,AEA,EN,Towers with Radar,35,13,32,1,81,0,0,108,1,109,35,13,140,2,190,176,0,176,366
01/16/2018,ISP,NY,AEA,EN,Towers with Radar,34,10,14,0,58,0,7,53,3,63,34,17,67,3,121,124,0,124,245
01/17/2018,ISP,NY,AEA,EN,Towers with Radar,34,8,15,2,59,0,2,2,0,4,34,10,17,2,63,0,0,0,63
01/18/2018,ISP,NY,AEA,EN,Towers with Radar,33,15,56,0,104,0,11,120,4,135,33,26,176,4,239,218,0,218,457
01/19/2018,ISP,NY,AEA,EN,Towers with Radar,36,12,31,0,79,0,9,127,4,140,36,21,158,4,219,222,0,222,441
01/20/2018,ISP,NY,AEA,EN,Towers with Radar,37,7,28,2,74,0,3,125,0,128,37,10,153,2,202,80,0,80,282
01/21/2018,ISP,NY,AEA,EN,Towers with Radar,34,15,23,0,72,0,3,188,0,191,34,18,211,0,263,314,0,314,577
01/22/2018,ISP,NY,AEA,EN,Towers with Radar,33,10,27,2,72,0,6,38,2,46,33,16,65,4,118,192,0,192,310
01/23/2018,ISP,NY,AEA,EN,Towers with Radar,35,8,18,0,61,0,2,2,0,4,35,10,20,0,65,14,0,14,79
01/24/2018,ISP,NY,AEA,EN,Towers with Radar,35,9,38,1,83,0,22,137,10,169,35,31,175,11,252,248,18,266,518
01/25/2018,ISP,NY,AEA,EN,Towers with Radar,35,10,29,0,74,0,8,82,6,96,35,18,111,6,170,142,0,142,312
01/26/2018,ISP,NY,AEA,EN,Towers with Radar,36,13,43,0,92,0,8,170,2,180,36,21,213,2,272,224,0,224,496
01/27/2018,ISP,NY,AEA,EN,Towers with Radar,38,7,40,0,85,0,3,110,0,113,38,10,150,0,198,170,0,170,368
01/28/2018,ISP,NY,AEA,EN,Towers with Radar,32,9,31,0,72,0,0,33,0,33,32,9,64,0,105,202,0,202,307
01/29/2018,ISP,NY,AEA,EN,Towers with Radar,35,12,23,3,73,0,7,67,7,81,35,19,90,10,154,180,0,180,334
01/30/2018,ISP,NY,AEA,EN,Towers with Radar,34,7,17,2,60,0,3,18,4,25,34,10,35,6,85,72,0,72,157
01/31/2018,ISP,NY,AEA,EN,Towers with Radar,36,14,45,3,98,0,14,133,11,158,36,28,178,14,256,368,15,383,639
02/01/2018,ISP,NY,AEA,EN,Towers with Radar,34,17,27,0,78,0,13,93,9,115,34,30,120,9,193,263,0,263,456
02/02/2018,ISP,NY,AEA,EN,Towers with Radar,39,7,30,0,76,0,2,30,0,32,39,9,60,0,108,64,0,64,172
02/03/2018,ISP,NY,AEA,EN,Towers with Radar,36,10,26,0,72,0,8,162,0,170,36,18,188,0,242,254,0,254,496
02/04/2018,ISP,NY,AEA,EN,Towers with Radar,33,16,20,0,69,0,2,57,2,61,33,18,77,2,130,124,0,124,254
02/05/2018,ISP,NY,AEA,EN,Towers with Radar,32,11,27,1,71,0,9,47,2,58,32,20,74,3,129,154,0,154,283
02/06/2018,ISP,NY,AEA,EN,Towers with Radar,34,13,29,1,77,0,9,111,11,131,34,22,140,12,208,194,1,195,403
02/07/2018,ISP,NY,AEA,EN,Towers with Radar,32,7,12,0,51,0,2,3,0,5,32,9,15,0,56,0,0,0,56
02/08/2018,ISP,NY,AEA,EN,Towers with Radar,33,16,37,3,89,0,18,117,3,138,33,34,154,6,227,236,0,236,463
02/09/2018,ISP,NY,AEA,EN,Towers with Radar,35,14,35,2,86,0,12,117,2,131,35,26,152,4,217,300,0,300,517
02/10/2018,ISP,NY,AEA,EN,Towers with Radar,38,5,23,1,67,0,3,63,5,71,38,8,86,6,138,120,5,125,263
02/11/2018,ISP,NY,AEA,EN,Towers with Radar,33,7,2,0,42,0,0,0,0,0,33,7,2,0,42,0,0,0,42
02/12/2018,ISP,NY,AEA,EN,Towers with Radar,37,8,42,1,88,0,11,118,7,136,37,19,160,8,224,218,0,218,442
02/13/2018,ISP,NY,AEA,EN,Towers with Radar,33,11,34,2,80,0,12,137,7,156,33,23,171,9,236,352,2,354,590
02/14/2018,ISP,NY,AEA,EN,Towers with Radar,34,14,45,1,94,0,12,128,5,145,34,26,173,6,239,254,0,254,493
02/15/2018,ISP,NY,AEA,EN,Towers with Radar,32,8,37,0,77,0,10,18,0,28,32,18,55,0,105,64,0,64,169
02/16/2018,ISP,NY,AEA,EN,Towers with Radar,40,13,39,0,92,0,9,41,1,51,40,22,80,1,143,88,0,88,231
02/17/2018,ISP,NY,AEA,EN,Towers with Radar,38,12,28,1,79,0,3,173,1,177,38,15,201,2,256,286,0,286,542
02/18/2018,ISP,NY,AEA,EN,Towers with Radar,35,9,27,0,71,0,5,125,0,130,35,14,152,0,201,206,0,206,407
02/19/2018,ISP,NY,AEA,EN,Towers with Radar,33,19,41,1,94,0,9,90,1,100,33,28,131,2,194,245,2,247,441
02/20/2018,ISP,NY,AEA,EN,Towers with Radar,40,14,31,0,85,0,2,35,0,37,40,16,66,0,122,88,0,88,210
02/21/2018,ISP,NY,AEA,EN,Towers with Radar,44,11,22,0,77,0,4,46,7,57,44,15,68,7,134,104,4,108,242
02/22/2018,ISP,NY,AEA,EN,Towers with Radar,32,12,26,5,75,0,6,31,3,40,32,18,57,8,115,74,0,74,189
02/23/2018,ISP,NY,AEA,EN,Towers with Radar,35,10,16,0,61,0,4,2,1,7,35,14,18,1,68,0,0,0,68
02/24/2018,ISP,NY,AEA,EN,Towers with Radar,37,17,36,0,90,0,14,113,0,127,37,31,149,0,217,212,0,212,429
02/25/2018,ISP,NY,AEA,EN,Towers with Radar,35,17,10,0,62,0,0,0,0,0,35,17,10,0,62,0,0,0,62
02/26/2018,ISP,NY,AEA,EN,Towers with Radar,36,9,34,3,82,0,12,99,4,115,36,21,133,7,197,256,0,256,453
02/27/2018,ISP,NY,AEA,EN,Towers with Radar,32,8,44,0,84,0,13,201,10,224,32,21,245,10,308,268,6,274,582
02/28/2018,ISP,NY,AEA,EN,Towers with Radar,33,12,42,2,89,0,15,161,1,177,33,27,203,3,266,230,0,230,496
03/01/2018,ISP,NY,AEA,EN,Towers with Radar,32,10,35,0,77,0,15,110,3,128,32,25,145,3,205,240,0,240,445
03/02/2018,ISP,NY,AEA,EN,Towers with Radar,13,1,3,0,17,0,2,0,0,2,13,3,3,0,19,0,0,0,19
03/03/2018,ISP,NY,AEA,EN,Towers with Radar,33,8,20,0,61,0,2,22,7,31,33,10,42,7,92,0,0,0,92
03/04/2018,ISP,NY,AEA,EN,Towers with Radar,32,11,32,0,75,0,5,60,9,74,32,16,92,9,149,24,2,26,175
03/05/2018,ISP,NY,AEA,EN,Towers with Radar,35,11,21,1,68,0,5,56,1,62,35,16,77,2,130,124,0,124,254
03/06/2018,ISP,NY,AEA,EN,Towers with Radar,34,11,40,5,90,0,14,170,9,193,34,25,210,14,283,244,0,244,527
03/07/2018,ISP,NY,AEA,EN,Towers with Radar,10,3,4,0,17,0,0,0,0,0,10,3,4,0,17,0,0,0,17
03/08/2018,ISP,NY,AEA,EN,Towers with Radar,29,14,31,1,75,0,6,75,3,84,29,20,106,4,159,90,8,98,257
03/09/2018,ISP,NY,AEA,EN,Towers with Radar,34,18,32,1,85,0,14,79,1,94,34,32,111,2,179,214,0,214,393
03/10/2018,ISP,NY,AEA,EN,Towers with Radar,23,9,20,0,52,0,0,83,0,83,23,9,103,0,135,68,0,68,203
03/11/2018,ISP,NY,AEA,EN,Towers with Radar,37,17,32,0,86,0,4,179,0,183,37,21,211,0,269,300,0,300,569
03/12/2018,ISP,NY,AEA,EN,Towers with Radar,30,11,35,0,76,0,14,87,4,105,30,25,122,4,181,228,0,228,409
03/13/2018,ISP,NY,AEA,EN,Towers with Radar,8,3,4,0,15,0,2,4,0,6,8,5,8,0,21,0,0,0,21
03/14/2018,ISP,NY,AEA,EN,Towers with Radar,27,6,21,1,55,0,11,28,11,50,27,17,49,12,105,86,36,122,227
03/15/2018,ISP,NY,AEA,EN,Towers with Radar,36,9,32,0,77,0,9,57,5,71,36,18,89,5,148,126,0,126,274
03/16/2018,ISP,NY,AEA,EN,Towers with Radar,35,9,21,0,65,0,0,56,6,62,35,9,77,6,127,10,0,10,137
03/17/2018,ISP,NY,AEA,EN,Towers with Radar,20,6,23,0,49,0,2,82,2,86,20,8,105,2,135,126,0,126,261
03/18/2018,ISP,NY,AEA,EN,Towers with Radar,33,10,46,0,89,0,3,163,0,166,33,13,209,0,255,232,0,232,487
03/19/2018,ISP,NY,AEA,EN,Towers with Radar,36,7,49,0,92,0,7,168,0,175,36,14,217,0,267,338,0,338,605
03/20/2018,ISP,NY,AEA,EN,Towers with Radar,27,6,30,0,63,0,8,103,8,119,27,14,133,8,182,254,0,254,436
03/21/2018,ISP,NY,AEA,EN,Towers with Radar,0,0,1,0,1,0,0,0,0,0,0,0,1,0,1,0,0,0,1
03/22/2018,ISP,NY,AEA,EN,Towers with Radar,20,11,28,0,59,0,6,55,4,65,20,17,83,4,124,122,0,122,246
03/23/2018,ISP,NY,AEA,EN,Towers with Radar,35,10,43,0,88,0,13,159,4,176,35,23,202,4,264,300,0,300,564
03/24/2018,ISP,NY,AEA,EN,Towers with Radar,22,14,19,0,55,0,16,140,1,157,22,30,159,1,212,224,0,224,436
03/25/2018,ISP,NY,AEA,EN,Towers with Radar,33,13,41,0,87,0,3,74,0,77,33,16,115,0,164,218,0,218,382
03/26/2018,ISP,NY,AEA,EN,Towers with Radar,36,11,39,0,86,0,17,109,0,126,36,28,148,0,212,163,0,163,375
03/27/2018,ISP,NY,AEA,EN,Towers with Radar,34,10,34,0,78,0,8,166,8,182,34,18,200,8,260,260,5,265,525
03/28/2018,ISP,NY,AEA,EN,Towers with Radar,36,11,44,1,92,0,8,62,14,84,36,19,106,15,176,230,8,238,414
03/29/2018,ISP,NY,AEA,EN,Towers with Radar,37,16,68,1,122,0,4,8,3,15,37,20,76,4,137,64,0,64,201
03/30/2018,ISP,NY,AEA,EN,Towers with Radar,38,6,38,0,82,0,6,11,0,17,38,12,49,0,99,90,0,90,189
03/31/2018,ISP,NY,AEA,EN,Towers with Radar,22,9,22,0,53,0,9,242,2,253,22,18,264,2,306,383,0,383,689
04/01/2018,ISP,NY,AEA,EN,Towers with Radar,34,8,27,0,69,0,7,94,0,101,34,15,121,0,170,138,0,138,308
04/02/2018,ISP,NY,AEA,EN,Towers with Radar,37,12,23,0,72,0,5,29,0,34,37,17,52,0,106,150,0,150,256
04/03/2018,ISP,NY,AEA,EN,Towers with Radar,37,6,14,0,57,0,2,16,0,18,37,8,30,0,75,40,0,40,115
04/04/2018,ISP,NY,AEA,EN,Towers with Radar,41,15,15,0,71,0,4,6,0,10,41,19,21,0,81,0,0,0,81
04/05/2018,ISP,NY,AEA,EN,Towers with Radar,36,13,26,0,75,0,4,78,4,86,36,17,104,4,161,124,0,124,285
04/06/2018,ISP,NY,AEA,EN,Towers with Radar,37,10,26,0,73,0,4,19,0,23,37,14,45,0,96,42,0,42,138
04/07/2018,ISP,NY,AEA,EN,Towers with Radar,23,10,33,0,66,0,10,118,2,130,23,20,151,2,196,348,0,348,544
04/08/2018,ISP,NY,AEA,EN,Towers with Radar,31,9,51,1,92,0,1,153,1,155,31,10,204,2,247,252,0,252,499
04/09/2018,ISP,NY,AEA,EN,Towers with Radar,37,15,36,0,88,0,17,143,4,164,37,32,179,4,252,330,0,330,582
04/10/2018,ISP,NY,AEA,EN,Towers with Radar,35,8,29,0,72,0,7,42,6,55,35,15,71,6,127,100,0,100,227
04/11/2018,ISP,NY,AEA,EN,Towers with Radar,40,14,48,0,102,0,20,175,9,204,40,34,223,9,306,338,1,339,645
04/12/2018,ISP,NY,AEA,EN,Towers with Radar,36,14,48,2,100,0,13,103,5,121,36,27,151,7,221,196,0,196,417
04/13/2018,ISP,NY,AEA,EN,Towers with Radar,37,12,65,1,115,0,11,160,6,177,37,23,225,7,292,302,0,302,594
04/14/2018,ISP,NY,AEA,EN,Towers with Radar,33,8,35,0,76,0,7,156,0,163,33,15,191,0,239,318,0,318,557
04/15/2018,ISP,NY,AEA,EN,Towers with Radar,28,8,24,2,62,0,0,0,0,0,28,8,24,2,62,2,0,2,64
04/16/2018,ISP,NY,AEA,EN,Towers with Radar,36,9,14,0,59,0,2,5,0,7,36,11,19,0,66,0,0,0,66
04/17/2018,ISP,NY,AEA,EN,Towers with Radar,36,7,27,1,71,0,14,84,12,110,36,21,111,13,181,188,38,226,407
04/18/2018,ISP,NY,AEA,EN,Towers with Radar,38,15,54,0,107,0,11,176,17,204,38,26,230,17,311,242,0,242,553
04/19/2018,ISP,NY,AEA,EN,Towers with Radar,38,9,29,0,76,0,9,13,0,22,38,18,42,0,98,12,0,12,110
04/20/2018,ISP,NY,AEA,EN,Towers with Radar,36,11,42,1,90,0,19,104,4,127,36,30,146,5,217,126,0,126,343
04/21/2018,ISP,NY,AEA,EN,Towers with Radar,37,6,27,3,73,0,15,189,1,205,37,21,216,4,278,360,0,360,638
04/22/2018,ISP,NY,AEA,EN,Towers with Radar,32,15,40,0,87,0,2,213,1,216,32,17,253,1,303,294,0,294,597
04/23/2018,ISP,NY,AEA,EN,Towers with Radar,39,14,46,4,103,0,19,158,2,179,39,33,204,6,282,202,0,202,484
04/24/2018,ISP,NY,AEA,EN,Towers with Radar,36,17,39,0,92,0,16,142,4,162,36,33,181,4,254,184,12,196,450
04/25/2018,ISP,NY,AEA,EN,Towers with Radar,38,10,16,0,64,0,0,0,0,0,38,10,16,0,64,0,0,0,64
04/26/2018,ISP,NY,AEA,EN,Towers with Radar,36,16,56,0,108,0,15,136,4,155,36,31,192,4,263,198,2,200,463
04/27/2018,ISP,NY,AEA,EN,Towers with Radar,37,6,33,2,78,0,2,33,1,36,37,8,66,3,114,64,0,64,178
04/28/2018,ISP,NY,AEA,EN,Towers with Radar,35,6,40,0,81,0,3,66,3,72,35,9,106,3,153,174,0,174,327
04/29/2018,ISP,NY,AEA,EN,Towers with Radar,31,9,56,1,97,0,3,77,2,82,31,12,133,3,179,184,0,184,363
04/30/2018,ISP,NY,AEA,EN,Towers with Radar,38,14,32,0,84,0,12,64,0,76,38,26,96,0,160,140,0,140,300
05/01/2018,ISP,NY,AEA,EN,Towers with Radar,37,13,25,0,75,0,10,181,9,200,37,23,206,9,275,254,10,264,539
05/02/2018,ISP,NY,AEA,EN,Towers with Radar,37,14,37,0,88,0,22,151,8,181,37,36,188,8,269,364,0,364,633
05/03/2018,ISP,NY,AEA,EN,Towers with Radar,31,11,44,4,90,0,12,153,6,171,31,23,197,10,261,308,6,314,575
05/04/2018,ISP,NY,AEA,EN,Towers with Radar,37,16,40,0,93,0,14,138,2,154,37,30,178,2,247,260,0,260,507
05/05/2018,ISP,NY,AEA,EN,Towers with Radar,35,8,28,0,71,0,7,140,0,147,35,15,168,0,218,452,0,452,670
05/06/2018,ISP,NY,AEA,EN,Towers with Radar,32,8,39,0,79,0,2,46,0,48,32,10,85,0,127,86,0,86,213
05/07/2018,ISP,NY,AEA,EN,Towers with Radar,39,15,35,0,89,0,13,126,0,139,39,28,161,0,228,258,0,258,486
05/08/2018,ISP,NY,AEA,EN,Towers with Radar,39,16,32,3,90,0,13,168,10,191,39,29,200,13,281,400,0,400,681
05/09/2018,ISP,NY,AEA,EN,Towers with Radar,38,7,60,2,107,0,16,136,11,163,38,23,196,13,270,360,4,364,634
05/10/2018,ISP,NY,AEA,EN,Towers with Radar,33,12,56,2,103,0,3,12,0,15,33,15,68,2,118,12,0,12,130
05/11/2018,ISP,NY,AEA,EN,Towers with Radar,39,14,50,2,105,0,17,205,5,227,39,31,255,7,332,376,0,376,708
05/12/2018,ISP,NY,AEA,EN,Towers with Radar,34,9,23,0,66,0,4,19,0,23,34,13,42,0,89,106,0,106,195
05/13/2018,ISP,NY,AEA,EN,Towers with Radar,31,11,66,0,108,0,0,7,0,7,31,11,73,0,115,14,0,14,129
05/14/2018,ISP,NY,AEA,EN,Towers with Radar,31,17,49,0,97,0,6,40,0,46,31,23,89,0,143,158,0,158,301
05/15/2018,ISP,NY,AEA,EN,Towers with Radar,26,7,28,1,62,0,3,60,3,66,26,10,88,4,128,50,0,50,178
05/16/2018,ISP,NY,AEA,EN,Towers with Radar,34,10,59,3,106,0,4,11,1,16,34,14,70,4,122,82,0,82,204
05/17/2018,ISP,NY,AEA,EN,Towers with Radar,37,9,39,0,85,0,3,8,1,12,37,12,47,1,97,6,0,6,103
05/18/2018,ISP,NY,AEA,EN,Towers with Radar,34,12,36,0,82,0,8,64,11,83,34,20,100,11,165,110,0,110,275
05/19/2018,ISP,NY,AEA,EN,Towers with Radar,35,15,16,2,68,0,0,0,0,0,35,15,16,2,68,0,0,0,68
05/20/2018,ISP,NY,AEA,EN,Towers with Radar,32,8,34,0,74,0,4,52,4,60,32,12,86,4,134,91,0,91,225
05/21/2018,ISP,NY,AEA,EN,Towers with Radar,38,15,37,0,90,0,13,193,5,211,38,28,230,5,301,252,0,252,553
05/22/2018,ISP,NY,AEA,EN,Towers with Radar,38,10,56,3,107,0,11,95,6,112,38,21,151,9,219,164,0,164,383
05/23/2018,ISP,NY,AEA,EN,Towers with Radar,39,9,42,2,92,0,3,63,6,72,39,12,105,8,164,96,26,122,286
05/24/2018,ISP,NY,AEA,EN,Towers with Radar,36,19,44,0,99,0,22,203,5,230,36,41,247,5,329,320,36,356,685
05/25/2018,ISP,NY,AEA,EN,Towers with Radar,35,22,43,0,100,0,12,204,9,225,35,34,247,9,325,288,2,290,615
05/26/2018,ISP,NY,AEA,EN,Towers with Radar,36,14,24,1,75,0,6,133,7,146,36,20,157,8,221,164,0,164,385
05/27/2018,ISP,NY,AEA,EN,Towers with Radar,29,16,27,0,72,0,0,3,0,3,29,16,30,0,75,0,0,0,75
05/28/2018,ISP,NY,AEA,EN,Towers with Radar,38,17,65,0,120,0,2,52,1,55,38,19,117,1,175,66,0,66,241
05/29/2018,ISP,NY,AEA,EN,Towers with Radar,38,13,45,3,99,0,11,111,4,126,38,24,156,7,225,308,14,322,547
05/30/2018,ISP,NY,AEA,EN,Towers with Radar,39,11,31,0,81,0,9,86,1,96,39,20,117,1,177,164,0,164,341
05/31/2018,ISP,NY,AEA,EN,Towers with Radar,37,10,36,1,84,0,3,13,1,17,37,13,49,2,101,36,30,66,167
06/01/2018,ISP,NY,AEA,EN,Towers with Radar,34,7,28,0,69,0,0,2,0,2,34,7,30,0,71,0,0,0,71
06/02/2018,ISP,NY,AEA,EN,Towers with Radar,32,7,28,0,67,0,0,70,2,72,32,7,98,2,139,128,0,128,267
06/03/2018,ISP,NY,AEA,EN,Towers with Radar,34,7,29,2,72,0,1,100,7,108,34,8,129,9,180,144,0,144,324
06/04/2018,ISP,NY,AEA,EN,Towers with Radar,39,14,31,0,84,0,3,34,2,39,39,17,65,2,123,46,0,46,169
06/05/2018,ISP,NY,AEA,EN,Towers with Radar,35,13,27,5,80,0,14,104,9,127,35,27,131,14,207,250,0,250,457
06/06/2018,ISP,NY,AEA,EN,Towers with Radar,37,12,44,3,96,0,18,187,9,214,37,30,231,12,310,334,0,334,644
06/07/2018,ISP,NY,AEA,EN,Towers with Radar,33,13,42,1,89,0,7,173,10,190,33,20,215,11,279,368,0,368,647
06/08/2018,ISP,NY,AEA,EN,Towers with Radar,32,9,39,0,80,0,2,159,9,170,32,11,198,9,250,274,0,274,524
06/09/2018,ISP,NY,AEA,EN,Towers with Radar,26,5,27,2,60,0,8,164,4,176,26,13,191,6,236,223,0,223,459
06/10/2018,ISP,NY,AEA,EN,Towers with Radar,29,13,34,1,77,0,2,142,4,148,29,15,176,5,225,128,0,128,353
06/11/2018,ISP,NY,AEA,EN,Towers with Radar,31,11,31,1,74,0,24,134,7,165,31,35,165,8,239,260,0,260,499
06/12/2018,ISP,NY,AEA,EN,Towers with Radar,33,11,51,1,96,0,19,177,9,205,33,30,228,10,301,316,0,316,617
06/13/2018,ISP,NY,AEA,EN,Towers with Radar,31,13,30,2,76,0,5,10,0,15,31,18,40,2,91,34,0,34,125
06/14/2018,ISP,NY,AEA,EN,Towers with Radar,31,17,24,3,75,0,11,143,5,159,31,28,167,8,234,174,0,174,408
06/15/2018,ISP,NY,AEA,EN,Towers with Radar,30,11,41,2,84,0,13,195,6,214,30,24,236,8,298,316,0,316,614
06/16/2018,ISP,NY,AEA,EN,Towers with Radar,26,12,16,0,54,0,5,211,5,221,26,17,227,5,275,224,0,224,499
06/17/2018,ISP,NY,AEA,EN,Towers with Radar,26,10,38,1,75,0,7,179,1,187,26,17,217,2,262,254,0,254,516
06/18/2018,ISP,NY,AEA,EN,Towers with Radar,35,11,40,2,88,0,15,103,6,124,35,26,143,8,212,164,2,166,378
06/19/2018,ISP,NY,AEA,EN,Towers with Radar,32,15,43,5,95,0,20,137,12,169,32,35,180,17,264,238,0,238,502
06/20/2018,ISP,NY,AEA,EN,Towers with Radar,32,13,52,5,102,0,24,171,9,204,32,37,223,14,306,328,0,328,634
06/21/2018,ISP,NY,AEA,EN,Towers with Radar,34,12,54,2,102,0,16,102,7,125,34,28,156,9,227,236,0,236,463
06/22/2018,ISP,NY,AEA,EN,Towers with Radar,34,18,41,2,95,0,7,127,4,138,34,25,168,6,233,318,0,318,551
06/23/2018,ISP,NY,AEA,EN,Towers with Radar,30,11,36,0,77,0,0,0,0,0,30,11,36,0,77,0,0,0,77
06/24/2018,ISP,NY,AEA,EN,Towers with Radar,29,17,54,0,100,0,4,18,0,22,29,21,72,0,122,0,0,0,122
06/25/2018,ISP,NY,AEA,EN,Towers with Radar,34,12,22,11,79,0,10,127,10,147,34,22,149,21,226,202,8,210,436
06/26/2018,ISP,NY,AEA,EN,Towers with Radar,34,12,36,2,84,0,18,200,25,243,34,30,236,27,327,294,22,316,643
06/27/2018,ISP,NY,AEA,EN,Towers with Radar,33,16,39,4,92,0,13,154,11,178,33,29,193,15,270,292,16,308,578
06/28/2018,ISP,NY,AEA,EN,Towers with Radar,30,9,38,0,77,0,0,15,0,15,30,9,53,0,92,10,34,44,136
06/29/2018,ISP,NY,AEA,EN,Towers with Radar,38,16,37,0,91,0,20,216,6,242,38,36,253,6,333,292,0,292,625
06/30/2018,ISP,NY,AEA,EN,Towers with Radar,27,12,18,7,64,0,7,170,1,178,27,19,188,8,242,310,0,310,552
07/01/2018,ISP,NY,AEA,EN,Towers with Radar,30,11,31,0,72,0,2,131,2,135,30,13,162,2,207,216,0,216,423
07/02/2018,ISP,NY,AEA,EN,Towers with Radar,34,15,35,0,84,0,22,126,10,158,34,37,161,10,242,280,0,280,522
07/03/2018,ISP,NY,AEA,EN,Towers with Radar,34,8,30,2,74,0,8,93,6,107,34,16,123,8,181,238,12,250,431
07/04/2018,ISP,NY,AEA,EN,Towers with Radar,33,6,28,0,67,0,4,63,2,69,33,10,91,2,136,178,0,178,314
07/05/2018,ISP,NY,AEA,EN,Towers with Radar,33,11,61,1,106,0,10,149,1,160,33,21,210,2,266,144,0,144,410
07/06/2018,ISP,NY,AEA,EN,Towers with Radar,32,13,13,0,58,0,2,23,0,25,32,15,36,0,83,28,0,28,111
07/07/2018,ISP,NY,AEA,EN,Towers with Radar,30,6,23,1,60,0,5,159,1,165,30,11,182,2,225,184,0,184,409
07/08/2018,ISP,NY,AEA,EN,Towers with Radar,27,13,31,1,72,0,5,173,7,185,27,18,204,8,257,215,0,215,472
07/09/2018,ISP,NY,AEA,EN,Towers with Radar,35,11,38,1,85,0,12,141,8,161,35,23,179,9,246,298,0,298,544
07/10/2018,ISP,NY,AEA,EN,Towers with Radar,33,13,25,0,71,0,14,133,16,163,33,27,158,16,234,242,0,242,476
07/11/2018,ISP,NY,AEA,EN,Towers with Radar,35,12,34,0,81,0,11,136,9,156,35,23,170,9,237,264,10,274,511
07/12/2018,ISP,NY,AEA,EN,Towers with Radar,31,20,44,0,95,0,13,153,18,184,31,33,197,18,279,290,0,290,569
07/13/2018,ISP,NY,AEA,EN,Towers with Radar,33,14,38,2,87,0,9,167,17,193,33,23,205,19,280,206,0,206,486
07/14/2018,ISP,NY,AEA,EN,Towers with Radar,28,6,23,0,57,0,4,145,4,153,28,10,168,4,210,164,0,164,374
07/15/2018,ISP,NY,AEA,EN,Towers with Radar,29,23,28,1,81,0,2,104,1,107,29,25,132,2,188,178,0,178,366
07/16/2018,ISP,NY,AEA,EN,Towers with Radar,34,18,32,2,86,0,16,141,5,162,34,34,173,7,248,192,0,192,440
07/17/2018,ISP,NY,AEA,EN,Towers with Radar,25,13,23,4,65,0,2,5,0,7,25,15,28,4,72,0,0,0,72
07/18/2018,ISP,NY,AEA,EN,Towers with Radar,34,14,33,2,83,0,15,206,8,229,34,29,239,10,312,317,0,317,629
07/19/2018,ISP,NY,AEA,EN,Towers with Radar,29,14,45,2,90,0,18,222,7,247,29,32,267,9,337,372,0,372,709
07/20/2018,ISP,NY,AEA,EN,Towers with Radar,32,11,34,0,77,0,6,177,8,191,32,17,211,8,268,276,0,276,544
07/21/2018,ISP,NY,AEA,EN,Towers with Radar,29,8,24,0,61,0,0,109,3,112,29,8,133,3,173,104,0,104,277
07/22/2018,ISP,NY,AEA,EN,Towers with Radar,26,7,34,0,67,0,0,8,0,8,26,7,42,0,75,0,0,0,75
07/23/2018,ISP,NY,AEA,EN,Towers with Radar,33,8,29,1,71,0,3,23,0,26,33,11,52,1,97,0,0,0,97
07/24/2018,ISP,NY,AEA,EN,Towers with Radar,27,13,30,0,70,0,4,84,9,97,27,17,114,9,167,58,0,58,225
07/25/2018,ISP,NY,AEA,EN,Towers with Radar,30,13,30,0,73,0,4,1,0,5,30,17,31,0,78,10,0,10,88
07/26/2018,ISP,NY,AEA,EN,Towers with Radar,32,12,61,2,107,0,16,74,0,90,32,28,135,2,197,246,0,246,443
07/27/2018,ISP,NY,AEA,EN,Towers with Radar,28,12,38,2,80,0,12,157,4,173,28,24,195,6,253,252,0,252,505
07/28/2018,ISP,NY,AEA,EN,Towers with Radar,27,8,26,2,63,0,5,121,2,128,27,13,147,4,191,230,0,230,421
07/29/2018,ISP,NY,AEA,EN,Towers with Radar,28,13,29,0,70,0,9,196,5,210,28,22,225,5,280,272,0,272,552
07/30/2018,ISP,NY,AEA,EN,Towers with Radar,36,16,29,0,81,0,17,167,3,187,36,33,196,3,268,250,0,250,518
07/31/2018,ISP,NY,AEA,EN,Towers with Radar,31,14,43,0,88,0,10,135,9,154,31,24,178,9,242,278,16,294,536
08/01/2018,ISP,NY,AEA,EN,Towers with Radar,35,14,65,2,116,0,4,28,4,36,35,18,93,6,152,6,0,6,158
08/02/2018,ISP,NY,AEA,EN,Towers with Radar,30,13,64,1,108,0,8,89,3,100,30,21,153,4,208,248,0,248,456
08/03/2018,ISP,NY,AEA,EN,Towers with Radar,30,12,63,0,105,0,4,51,0,55,30,16,114,0,160,100,0,100,260
08/04/2018,ISP,NY,AEA,EN,Towers with Radar,32,10,31,1,74,0,1,28,1,30,32,11,59,2,104,48,0,48,152
08/05/2018,ISP,NY,AEA,EN,Towers with Radar,28,14,32,1,75,0,6,254,1,261,28,20,286,2,336,304,0,304,640
08/06/2018,ISP,NY,AEA,EN,Towers with Radar,33,12,40,3,88,0,16,159,5,180,33,28,199,8,268,380,0,380,648
08/07/2018,ISP,NY,AEA,EN,Towers with Radar,32,18,30,0,80,0,11,143,4,158,32,29,173,4,238,286,8,294,532
08/08/2018,ISP,NY,AEA,EN,Towers with Radar,35,11,30,1,77,0,4,120,11,135,35,15,150,12,212,196,0,196,408
08/09/2018,ISP,NY,AEA,EN,Towers with Radar,32,14,32,0,78,0,13,206,7,226,32,27,238,7,304,364,0,364,668
08/10/2018,ISP,NY,AEA,EN,Towers with Radar,35,12,41,0,88,0,8,189,8,205,35,20,230,8,293,280,0,280,573
08/11/2018,ISP,NY,AEA,EN,Towers with Radar,32,10,16,0,58,0,2,13,0,15,32,12,29,0,73,14,0,14,87
08/12/2018,ISP,NY,AEA,EN,Towers with Radar,29,8,42,0,79,0,2,35,0,37,29,10,77,0,116,126,0,126,242
08/13/2018,ISP,NY,AEA,EN,Towers with Radar,29,10,36,0,75,0,2,6,0,8,29,12,42,0,83,0,0,0,83
08/14/2018,ISP,NY,AEA,EN,Towers with Radar,29,7,41,0,77,0,3,101,2,106,29,10,142,2,183,250,0,250,433
08/15/2018,ISP,NY,AEA,EN,Towers with Radar,29,13,47,0,89,0,18,184,5,207,29,31,231,5,296,386,18,404,700
08/16/2018,ISP,NY,AEA,EN,Towers with Radar,29,12,44,1,86,0,20,194,6,220,29,32,238,7,306,486,0,486,792
08/17/2018,ISP,NY,AEA,EN,Towers with Radar,28,21,38,1,88,0,14,105,1,120,28,35,143,2,208,172,0,172,380
08/18/2018,ISP,NY,AEA,EN,Towers with Radar,27,12,30,0,69,0,4,78,4,86,27,16,108,4,155,194,0,194,349
08/19/2018,ISP,NY,AEA,EN,Towers with Radar,26,13,57,0,96,0,9,20,0,29,26,22,77,0,125,14,0,14,139
08/20/2018,ISP,NY,AEA,EN,Towers with Radar,28,12,59,4,103,0,3,44,0,47,28,15,103,4,150,226,0,226,376
08/21/2018,ISP,NY,AEA,EN,Towers with Radar,26,7,25,0,58,0,3,110,6,119,26,10,135,6,177,266,0,266,443
08/22/2018,ISP,NY,AEA,EN,Towers with Radar,29,7,61,1,98,0,7,90,5,102,29,14,151,6,200,190,0,190,390
08/23/2018,ISP,NY,AEA,EN,Towers with Radar,29,16,44,0,89,0,11,218,0,229,29,27,262,0,318,284,0,284,602
08/24/2018,ISP,NY,AEA,EN,Towers with Radar,30,17,22,2,71,0,17,200,5,222,30,34,222,7,293,354,0,354,647
08/25/2018,ISP,NY,AEA,EN,Towers with Radar,27,8,19,1,55,0,11,198,1,210,27,19,217,2,265,274,0,274,539
08/26/2018,ISP,NY,AEA,EN,Towers with Radar,27,11,26,0,64,0,8,202,1,211,27,19,228,1,275,342,0,342,617
08/27/2018,ISP,NY,AEA,EN,Towers with Radar,29,15,37,1,82,0,11,171,2,184,29,26,208,3,266,340,0,340,606
08/28/2018,ISP,NY,AEA,EN,Towers with Radar,28,13,32,1,74,0,19,133,5,157,28,32,165,6,231,304,2,306,537
08/29/2018,ISP,NY,AEA,EN,Towers with Radar,29,16,36,0,81,0,13,133,2,148,29,29,169,2,229,232,2,234,463
08/30/2018,ISP,NY,AEA,EN,Towers with Radar,30,21,43,3,97,0,17,150,2,169,30,38,193,5,266,138,0,138,404
08/31/2018,ISP,NY,AEA,EN,Towers with Radar,28,11,55,2,96,0,5,80,4,89,28,16,135,6,185,112,0,112,297
09/01/2018,ISP,NY,AEA,EN,Towers with Radar,27,6,21,0,54,0,6,135,4,145,27,12,156,4,199,296,0,296,495
09/02/2018,ISP,NY,AEA,EN,Towers with Radar,18,10,27,2,57,0,5,88,2,95,18,15,115,4,152,194,0,194,346
09/03/2018,ISP,NY,AEA,EN,Towers with Radar,27,15,52,0,94,0,7,114,2,123,27,22,166,2,217,266,0,266,483
09/04/2018,ISP,NY,AEA,EN,Towers with Radar,32,12,26,0,70,0,12,152,6,170,32,24,178,6,240,238,0,238,478
09/05/2018,ISP,NY,AEA,EN,Towers with Radar,24,10,51,1,86,0,12,117,2,131,24,22,168,3,217,310,20,330,547
09/06/2018,ISP,NY,AEA,EN,Towers with Radar,26,12,31,2,71,0,6,70,2,78,26,18,101,4,149,172,0,172,321
09/07/2018,ISP,NY,AEA,EN,Towers with Radar,25,12,52,2,91,0,1,31,4,36,25,13,83,6,127,192,0,192,319
09/08/2018,ISP,NY,AEA,EN,Towers with Radar,25,8,40,0,73,0,6,125,6,137,25,14,165,6,210,402,0,402,612
09/09/2018,ISP,NY,AEA,EN,Towers with Radar,27,10,38,0,75,0,5,62,6,73,27,15,100,6,148,146,0,146,294
09/10/2018,ISP,NY,AEA,EN,Towers with Radar,27,14,27,1,69,0,3,0,0,3,27,17,27,1,72,0,0,0,72
09/11/2018,ISP,NY,AEA,EN,Towers with Radar,32,14,28,2,76,0,2,7,0,9,32,16,35,2,85,32,60,92,177
09/12/2018,ISP,NY,AEA,EN,Towers with Radar,25,14,53,4,96,0,2,1,0,3,25,16,54,4,99,0,0,0,99
09/13/2018,ISP,NY,AEA,EN,Towers with Radar,26,11,38,0,75,0,3,2,0,5,26,14,40,0,80,24,0,24,104
09/14/2018,ISP,NY,AEA,EN,Towers with Radar,25,11,56,0,92,0,6,107,2,115,25,17,163,2,207,286,0,286,493
09/15/2018,ISP,NY,AEA,EN,Towers with Radar,24,8,43,1,76,0,5,208,4,217,24,13,251,5,293,308,0,308,601
09/16/2018,ISP,NY,AEA,EN,Towers with Radar,27,9,43,0,79,0,5,199,2,206,27,14,242,2,285,196,0,196,481
09/17/2018,ISP,NY,AEA,EN,Towers with Radar,27,10,65,1,103,0,3,20,1,24,27,13,85,2,127,32,0,32,159
09/18/2018,ISP,NY,AEA,EN,Towers with Radar,31,8,13,2,54,0,4,2,0,6,31,12,15,2,60,0,0,0,60
09/19/2018,ISP,NY,AEA,EN,Towers with Radar,28,15,68,2,113,0,8,108,4,120,28,23,176,6,233,306,0,306,539
09/20/2018,ISP,NY,AEA,EN,Towers with Radar,30,12,34,1,77,0,13,166,3,182,30,25,200,4,259,394,0,394,653
09/21/2018,ISP,NY,AEA,EN,Towers with Radar,27,10,43,1,81,0,11,113,5,129,27,21,156,6,210,188,0,188,398
09/22/2018,ISP,NY,AEA,EN,Towers with Radar,27,15,22,0,64,0,4,162,2,168,27,19,184,2,232,234,0,234,466
09/23/2018,ISP,NY,AEA,EN,Towers with Radar,30,9,35,1,75,0,3,105,1,109,30,12,140,2,184,304,0,304,488
09/24/2018,ISP,NY,AEA,EN,Towers with Radar,26,13,54,1,94,0,7,74,5,86,26,20,128,6,180,376,0,376,556
09/25/2018,ISP,NY,AEA,EN,Towers with Radar,33,12,13,2,60,0,2,0,0,2,33,14,13,2,62,0,0,0,62
09/26/2018,ISP,NY,AEA,EN,Towers with Radar,23,13,17,0,53,0,0,0,0,0,23,13,17,0,53,0,0,0,53
09/27/2018,ISP,NY,AEA,EN,Towers with Radar,24,20,47,0,91,0,32,196,6,234,24,52,243,6,325,338,0,338,663
09/28/2018,ISP,NY,AEA,EN,Towers with Radar,25,10,39,0,74,0,5,12,0,17,25,15,51,0,91,0,0,0,91
09/29/2018,ISP,NY,AEA,EN,Towers with Radar,25,12,43,0,80,0,10,228,8,246,25,22,271,8,326,334,0,334,660
09/30/2018,ISP,NY,AEA,EN,Towers with Radar,27,11,33,0,71,0,7,210,0,217,27,18,243,0,288,442,0,442,730
10/01/2018,ISP,NY,AEA,EN,Towers with Radar,30,14,44,0,88,0,14,103,8,125,30,28,147,8,213,292,0,292,505
10/02/2018,ISP,NY,AEA,EN,Towers with Radar,26,9,43,2,80,0,4,26,0,30,26,13,69,2,110,20,0,20,130
10/03/2018,ISP,NY,AEA,EN,Towers with Radar,30,13,38,0,81,0,14,173,15,202,30,27,211,15,283,384,0,384,667
10/04/2018,ISP,NY,AEA,EN,Towers with Radar,25,14,51,1,91,0,10,100,4,114,25,24,151,5,205,206,0,206,411
10/05/2018,ISP,NY,AEA,EN,Towers with Radar,34,21,42,0,97,0,19,167,5,191,34,40,209,5,288,350,0,350,638
10/06/2018,ISP,NY,AEA,EN,Towers with Radar,19,13,37,0,69,0,4,110,4,118,19,17,147,4,187,308,0,308,495
10/07/2018,ISP,NY,AEA,EN,Towers with Radar,34,15,32,0,81,0,3,46,0,49,34,18,78,0,130,118,0,118,248
10/08/2018,ISP,NY,AEA,EN,Towers with Radar,31,12,44,0,87,0,3,3,0,6,31,15,47,0,93,0,0,0,93
10/09/2018,ISP,NY,AEA,EN,Towers with Radar,28,9,53,1,91,0,8,39,2,49,28,17,92,3,140,20,0,20,160
10/10/2018,ISP,NY,AEA,EN,Towers with Radar,28,7,51,1,87,0,0,3,0,3,28,7,54,1,90,0,0,0,90
10/11/2018,ISP,NY,AEA,EN,Towers with Radar,25,13,14,0,52,0,2,0,1,3,25,15,14,1,55,0,0,0,55
10/12/2018,ISP,NY,AEA,EN,Towers with Radar,27,15,39,0,81,0,3,48,5,56,27,18,87,5,137,0,12,12,149
10/13/2018,ISP,NY,AEA,EN,Towers with Radar,19,8,16,0,43,0,4,83,2,89,19,12,99,2,132,283,0,283,415
10/14/2018,ISP,NY,AEA,EN,Towers with Radar,25,14,48,0,87,0,5,179,4,188,25,19,227,4,275,292,0,292,567
10/15/2018,ISP,NY,AEA,EN,Towers with Radar,28,16,36,0,80,0,3,4,0,7,28,19,40,0,87,48,0,48,135
10/16/2018,ISP,NY,AEA,EN,Towers with Radar,27,12,41,0,80,0,19,168,6,193,27,31,209,6,273,444,0,444,717
10/17/2018,ISP,NY,AEA,EN,Towers with Radar,27,10,31,0,68,0,10,97,11,118,27,20,128,11,186,186,10,196,382
10/18/2018,ISP,NY,AEA,EN,Towers with Radar,29,18,24,0,71,0,15,105,4,124,29,33,129,4,195,110,0,110,305
10/19/2018,ISP,NY,AEA,EN,Towers with Radar,30,19,36,2,87,0,15,185,13,213,30,34,221,15,300,264,0,264,564
10/20/2018,ISP,NY,AEA,EN,Towers with Radar,19,7,25,1,52,0,5,65,1,71,19,12,90,2,123,202,0,202,325
10/21/2018,ISP,NY,AEA,EN,Towers with Radar,27,13,18,2,60,0,4,20,0,24,27,17,38,2,84,22,0,22,106
10/22/2018,ISP,NY,AEA,EN,Towers with Radar,30,14,30,0,74,0,17,161,4,182,30,31,191,4,256,328,0,328,584
10/23/2018,ISP,NY,AEA,EN,Towers with Radar,26,11,34,1,72,0,19,132,9,160,26,30,166,10,232,270,0,270,502
10/24/2018,ISP,NY,AEA,EN,Towers with Radar,29,12,25,2,68,0,17,86,6,109,29,29,111,8,177,200,0,200,377
10/25/2018,ISP,NY,AEA,EN,Towers with Radar,25,15,44,0,84,0,12,129,7,148,25,27,173,7,232,184,0,184,416
10/26/2018,ISP,NY,AEA,EN,Towers with Radar,30,12,38,1,81,0,17,163,7,187,30,29,201,8,268,326,0,326,594
10/27/2018,ISP,NY,AEA,EN,Towers with Radar,22,11,8,0,41,0,0,0,0,0,22,11,8,0,41,0,0,0,41
10/28/2018,ISP,NY,AEA,EN,Towers with Radar,29,13,34,0,76,0,4,91,0,95,29,17,125,0,171,326,0,326,497
10/29/2018,ISP,NY,AEA,EN,Towers with Radar,29,7,42,0,78,0,3,71,0,74,29,10,113,0,152,234,0,234,386
10/30/2018,ISP,NY,AEA,EN,Towers with Radar,26,8,36,0,70,0,12,132,16,160,26,20,168,16,230,270,4,274,504
10/31/2018,ISP,NY,AEA,EN,Towers with Radar,25,11,30,1,67,0,13,141,5,159,25,24,171,6,226,290,0,290,516
11/01/2018,ISP,NY,AEA,EN,Towers with Radar,28,10,33,0,71,0,16,157,8,181,28,26,190,8,252,256,10,266,518
11/02/2018,ISP,NY,AEA,EN,Towers with Radar,29,18,14,2,63,0,1,1,2,4,29,19,15,4,67,0,0,0,67
11/03/2018,ISP,NY,AEA,EN,Towers with Radar,23,7,8,0,38,0,0,4,1,5,23,7,12,1,43,2,0,2,45
11/04/2018,ISP,NY,AEA,EN,Towers with Radar,29,18,42,0,89,0,5,212,6,223,29,23,254,6,312,250,0,250,562
11/05/2018,ISP,NY,AEA,EN,Towers with Radar,31,6,24,4,65,0,3,13,0,16,31,9,37,4,81,46,0,46,127
11/06/2018,ISP,NY,AEA,EN,Towers with Radar,34,12,12,0,58,0,0,0,0,0,34,12,12,0,58,0,0,0,58
11/07/2018,ISP,NY,AEA,EN,Towers with Radar,30,12,53,0,95,0,19,151,12,182,30,31,204,12,277,276,4,280,557
11/08/2018,ISP,NY,AEA,EN,Towers with Radar,29,8,37,0,74,0,15,145,10,170,29,23,182,10,244,298,0,298,542
11/09/2018,ISP,NY,AEA,EN,Towers with Radar,28,9,31,0,68,0,3,78,4,85,28,12,109,4,153,124,0,124,277
11/10/2018,ISP,NY,AEA,EN,Towers with Radar,24,16,9,1,50,0,3,33,1,37,24,19,42,2,87,8,0,8,95
11/11/2018,ISP,NY,AEA,EN,Towers with Radar,28,11,38,0,77,0,2,205,5,212,28,13,243,5,289,170,0,170,459
11/12/2018,ISP,NY,AEA,EN,Towers with Radar,31,17,34,0,82,0,9,189,0,198,31,26,223,0,280,274,0,274,554
11/13/2018,ISP,NY,AEA,EN,Towers with Radar,32,13,22,0,67,0,2,6,0,8,32,15,28,0,75,8,0,8,83
11/14/2018,ISP,NY,AEA,EN,Towers with Radar,30,16,22,3,71,0,16,102,5,123,30,32,124,8,194,220,0,220,414
11/15/2018,ISP,NY,AEA,EN,Towers with Radar,28,8,15,0,51,0,6,37,2,45,28,14,52,2,96,118,0,118,214
11/16/2018,ISP,NY,AEA,EN,Towers with Radar,33,16,20,1,70,0,0,16,3,19,33,16,36,4,89,18,2,20,109
11/17/2018,ISP,NY,AEA,EN,Towers with Radar,38,14,43,1,96,0,11,190,11,212,38,25,233,12,308,238,0,238,546
11/18/2018,ISP,NY,AEA,EN,Towers with Radar,32,11,29,3,75,0,3,158,7,168,32,14,187,10,243,316,0,316,559
11/19/2018,ISP,NY,AEA,EN,Towers with Radar,34,13,46,1,94,0,4,89,9,102,34,17,135,10,196,310,0,310,506
11/20/2018,ISP,NY,AEA,EN,Towers with Radar,36,20,24,3,83,0,4,22,3,29,36,24,46,6,112,66,14,80,192
11/21/2018,ISP,NY,AEA,EN,Towers with Radar,36,15,48,0,99,0,17,121,2,140,36,32,169,2,239,154,0,154,393
11/22/2018,ISP,NY,AEA,EN,Towers with Radar,22,5,3,0,30,0,6,18,2,26,22,11,21,2,56,28,0,28,84
11/23/2018,ISP,NY,AEA,EN,Towers with Radar,30,6,23,1,60,0,6,178,1,185,30,12,201,2,245,230,0,230,475
11/24/2018,ISP,NY,AEA,EN,Towers with Radar,39,10,15,0,64,0,2,52,4,58,39,12,67,4,122,216,0,216,338
11/25/2018,ISP,NY,AEA,EN,Towers with Radar,36,20,63,0,119,0,7,137,2,146,36,27,200,2,265,170,0,170,435
11/26/2018,ISP,NY,AEA,EN,Towers with Radar,36,14,12,0,62,0,7,23,4,34,36,21,35,4,96,128,0,128,224
11/27/2018,ISP,NY,AEA,EN,Towers with Radar,37,14,20,0,71,0,6,29,6,41,37,20,49,6,112,12,0,12,124
11/28/2018,ISP,NY,AEA,EN,Towers with Radar,30,11,19,1,61,0,6,29,1,36,30,17,48,2,97,4,18,22,119
11/29/2018,ISP,NY,AEA,EN,Towers with Radar,30,14,25,0,69,0,14,91,8,113,30,28,116,8,182,158,0,158,340
11/30/2018,ISP,NY,AEA,EN,Towers with Radar,32,8,31,0,71,0,10,143,6,159,32,18,174,6,230,284,0,284,514
12/01/2018,ISP,NY,AEA,EN,Towers with Radar,29,10,29,0,68,0,6,179,3,188,29,16,208,3,256,295,0,295,551
12/02/2018,ISP,NY,AEA,EN,Towers with Radar,36,7,7,0,50,0,0,0,0,0,36,7,7,0,50,0,0,0,50
12/03/2018,ISP,NY,AEA,EN,Towers with Radar,30,13,36,4,83,0,19,113,2,134,30,32,149,6,217,118,0,118,335
12/04/2018,ISP,NY,AEA,EN,Towers with Radar,32,13,29,0,74,0,6,130,3,139,32,19,159,3,213,74,0,74,287
12/05/2018,ISP,NY,AEA,EN,Towers with Radar,31,18,32,0,81,0,24,160,0,184,31,42,192,0,265,372,0,372,637
12/06/2018,ISP,NY,AEA,EN,Towers with Radar,28,14,44,0,86,0,13,149,8,170,28,27,193,8,256,282,26,308,564
12/07/2018,ISP,NY,AEA,EN,Towers with Radar,30,18,25,0,73,0,16,146,6,168,30,34,171,6,241,180,0,180,421
12/08/2018,ISP,NY,AEA,EN,Towers with Radar,26,14,23,1,64,0,4,172,7,183,26,18,195,8,247,284,0,284,531
12/09/2018,ISP,NY,AEA,EN,Towers with Radar,30,12,24,1,67,0,5,153,4,162,30,17,177,5,229,126,0,126,355
12/10/2018,ISP,NY,AEA,EN,Towers with Radar,30,20,45,0,95,0,21,76,2,99,30,41,121,2,194,188,0,188,382
12/11/2018,ISP,NY,AEA,EN,Towers with Radar,28,13,39,0,80,0,13,116,0,129,28,26,155,0,209,224,10,234,443
12/12/2018,ISP,NY,AEA,EN,Towers with Radar,30,9,24,0,63,0,13,120,7,140,30,22,144,7,203,298,0,298,501
12/13/2018,ISP,NY,AEA,EN,Towers with Radar,28,8,27,0,63,0,4,21,1,26,28,12,48,1,89,222,0,222,311
12/14/2018,ISP,NY,AEA,EN,Towers with Radar,29,11,43,0,83,0,2,71,2,75,29,13,114,2,158,254,0,254,412
12/15/2018,ISP,NY,AEA,EN,Towers with Radar,28,10,15,0,53,0,7,20,0,27,28,17,35,0,80,46,0,46,126
12/16/2018,ISP,NY,AEA,EN,Towers with Radar,29,11,8,0,48,0,0,0,0,0,29,11,8,0,48,0,0,0,48
12/17/2018,ISP,NY,AEA,EN,Towers with Radar,30,14,30,0,74,0,8,52,4,64,30,22,82,4,138,136,0,136,274
12/18/2018,ISP,NY,AEA,EN,Towers with Radar,29,14,15,1,59,0,5,32,12,49,29,19,47,13,108,28,0,28,136
12/19/2018,ISP,NY,AEA,EN,Towers with Radar,35,13,60,1,109,0,15,208,9,232,35,28,268,10,341,270,20,290,631
12/20/2018,ISP,NY,AEA,EN,Towers with Radar,32,9,27,2,70,0,8,138,10,156,32,17,165,12,226,264,0,264,490
12/21/2018,ISP,NY,AEA,EN,Towers with Radar,35,17,10,0,62,0,0,0,0,0,35,17,10,0,62,0,0,0,62
12/22/2018,ISP,NY,AEA,EN,Towers with Radar,38,10,26,0,74,0,3,21,0,24,38,13,47,0,98,32,0,32,130
12/23/2018,ISP,NY,AEA,EN,Towers with Radar,39,12,28,0,79,0,6,195,0,201,39,18,223,0,280,262,0,262,542
12/24/2018,ISP,NY,AEA,EN,Towers with Radar,26,7,12,0,45,0,3,20,0,23,26,10,32,0,68,54,0,54,122
12/25/2018,ISP,NY,AEA,EN,Towers with Radar,30,10,3,0,43,0,1,26,0,27,30,11,29,0,70,6,0,6,76
12/26/2018,ISP,NY,AEA,EN,Towers with Radar,35,23,44,0,102,0,4,137,2,143,35,27,181,2,245,266,0,266,511
12/27/2018,ISP,NY,AEA,EN,Towers with Radar,36,6,36,2,80,0,11,176,8,195,36,17,212,10,275,220,0,220,495
12/28/2018,ISP,NY,AEA,EN,Towers with Radar,35,10,6,0,51,0,2,0,0,2,35,12,6,0,53,0,0,0,53
12/29/2018,ISP,NY,AEA,EN,Towers with Radar,41,10,22,0,73,0,8,113,0,121,41,18,135,0,194,156,0,156,350
12/30/2018,ISP,NY,AEA,EN,Towers with Radar,36,10,25,0,71,0,4,80,0,84,36,14,105,0,155,286,0,286,441
12/31/2018,ISP,NY,AEA,EN,Towers with Radar,30,9,14,0,53,0,2,74,4,80,30,11,88,4,133,136,0,136,269
01/01/2019,ISP,NY,AEA,EN,Towers with Radar,36,13,9,0,58,0,2,11,0,13,36,15,20,0,71,0,0,0,71
01/02/2019,ISP,NY,AEA,EN,Towers with Radar,34,13,36,0,83,0,16,135,10,161,34,29,171,10,244,210,6,216,460
01/03/2019,ISP,NY,AEA,EN,Towers with Radar,32,10,34,7,83,0,9,75,7,91,32,19,109,14,174,100,0,100,274
01/04/2019,ISP,NY,AEA,EN,Towers with Radar,32,15,34,2,83,0,9,150,10,169,32,24,184,12,252,290,2,292,544
01/05/2019,ISP,NY,AEA,EN,Towers with Radar,30,6,14,0,50,0,1,0,0,1,30,7,14,0,51,0,0,0,51
01/06/2019,ISP,NY,AEA,EN,Towers with Radar,32,14,22,0,68,0,5,105,0,110,32,19,127,0,178,122,0,122,300
01/07/2019,ISP,NY,AEA,EN,Towers with Radar,29,8,20,0,57,0,13,124,4,141,29,21,144,4,198,202,0,202,400
01/08/2019,ISP,NY,AEA,EN,Towers with Radar,34,6,13,0,53,0,2,0,0,2,34,8,13,0,55,0,0,0,55
01/09/2019,ISP,NY,AEA,EN,Towers with Radar,29,6,8,2,45,0,10,21,6,37,29,16,29,8,82,32,24,56,138
01/10/2019,ISP,NY,AEA,EN,Towers with Radar,32,6,15,0,53,0,8,23,4,35,32,14,38,4,88,6,0,6,94
01/11/2019,ISP,NY,AEA,EN,Towers with Radar,30,7,19,1,57,0,8,73,8,89,30,15,92,9,146,102,0,102,248
01/12/2019,ISP,NY,AEA,EN,Towers with Radar,32,7,32,2,73,0,0,200,7,207,32,7,232,9,280,256,0,256,536
01/13/2019,ISP,NY,AEA,EN,Towers with Radar,30,7,28,1,66,0,4,127,5,136,30,11,155,6,202,252,0,252,454
01/14/2019,ISP,NY,AEA,EN,Towers with Radar,29,6,29,1,65,0,3,94,5,102,29,9,123,6,167,286,0,286,453
01/15/2019,ISP,NY,AEA,EN,Towers with Radar,28,7,22,3,60,0,5,132,11,148,28,12,154,14,208,214,0,214,422
01/16/2019,ISP,NY,AEA,EN,Towers with Radar,30,7,35,0,72,0,4,117,18,139,30,11,152,18,211,222,0,222,433
01/17/2019,ISP,NY,AEA,EN,Towers with Radar,30,9,32,1,72,0,14,125,6,145,30,23,157,7,217,236,0,236,453
01/18/2019,ISP,NY,AEA,EN,Towers with Radar,29,13,10,2,54,0,2,15,0,17,29,15,25,2,71,64,0,64,135
01/19/2019,ISP,NY,AEA,EN,Towers with Radar,32,7,17,0,56,0,7,154,0,161,32,14,171,0,217,246,0,246,463
01/20/2019,ISP,NY,AEA,EN,Towers with Radar,32,4,9,0,45,0,4,1,0,5,32,8,10,0,50,0,0,0,50
01/21/2019,ISP,NY,AEA,EN,Towers with Radar,29,10,10,0,49,0,1,5,0,6,29,11,15,0,55,2,0,2,57
01/22/2019,ISP,NY,AEA,EN,Towers with Radar,30,9,29,0,68,0,12,127,8,147,30,21,156,8,215,146,0,146,361
01/23/2019,ISP,NY,AEA,EN,Towers with Radar,30,7,23,1,61,0,9,88,7,104,30,16,111,8,165,98,0,98,263
01/24/2019,ISP,NY,AEA,EN,Towers with Radar,22,8,12,0,42,0,2,3,0,5,22,10,15,0,47,0,0,0,47
01/25/2019,ISP,NY,AEA,EN,Towers with Radar,30,14,27,2,73,0,11,187,6,204,30,25,214,8,277,82,0,82,359
01/26/2019,ISP,NY,AEA,EN,Towers with Radar,32,8,27,1,68,0,11,193,1,205,32,19,220,2,273,324,0,324,597
01/27/2019,ISP,NY,AEA,EN,Towers with Radar,30,12,26,0,68,0,5,108,0,113,30,17,134,0,181,170,0,170,351
01/28/2019,ISP,NY,AEA,EN,Towers with Radar,30,9,34,0,73,0,17,165,9,191,30,26,199,9,264,302,0,302,566
01/29/2019,ISP,NY,AEA,EN,Towers with Radar,29,12,14,0,55,0,8,29,0,37,29,20,43,0,92,154,34,188,280
01/30/2019,ISP,NY,AEA,EN,Towers with Radar,32,4,12,0,48,0,4,41,6,51,32,8,53,6,99,86,0,86,185
01/31/2019,ISP,NY,AEA,EN,Towers with Radar,30,12,28,0,70,0,18,77,8,103,30,30,105,8,173,152,0,152,325
02/01/2019,ISP,NY,AEA,EN,Towers with Radar,30,10,25,0,65,0,6,131,5,142,30,16,156,5,207,256,0,256,463
02/02/2019,ISP,NY,AEA,EN,Towers with Radar,32,8,25,1,66,0,2,161,1,164,32,10,186,2,230,140,0,140,370
02/03/2019,ISP,NY,AEA,EN,Towers with Radar,26,8,26,0,60,0,0,158,2,160,26,8,184,2,220,344,0,344,564
02/04/2019,ISP,NY,AEA,EN,Towers with Radar,30,8,28,0,66,0,9,96,0,105,30,17,124,0,171,268,0,268,439
02/05/2019,ISP,NY,AEA,EN,Towers with Radar,30,13,35,0,78,0,11,135,4,150,30,24,170,4,228,284,0,284,512
02/06/2019,ISP,NY,AEA,EN,Towers with Radar,29,7,24,0,60,0,11,131,10,152,29,18,155,10,212,300,0,300,512
02/07/2019,ISP,NY,AEA,EN,Towers with Radar,30,5,33,1,69,0,0,0,0,0,30,5,33,1,69,0,0,0,69
02/08/2019,ISP,NY,AEA,EN,Towers with Radar,32,6,31,3,72,0,1,27,1,29,32,7,58,4,101,54,0,54,155
02/09/2019,ISP,NY,AEA,EN,Towers with Radar,32,12,13,1,58,0,5,45,9,59,32,17,58,10,117,14,0,14,131
02/10/2019,ISP,NY,AEA,EN,Towers with Radar,29,8,61,1,99,0,2,227,4,233,29,10,288,5,332,380,0,380,712
02/11/2019,ISP,NY,AEA,EN,Towers with Radar,31,14,34,0,79,0,19,110,6,135,31,33,144,6,214,380,0,380,594
02/12/2019,ISP,NY,AEA,EN,Towers with Radar,26,6,1,0,33,0,2,2,0,4,26,8,3,0,37,0,0,0,37
02/13/2019,ISP,NY,AEA,EN,Towers with Radar,29,5,18,2,54,0,6,22,6,34,29,11,40,8,88,4,0,4,92
02/14/2019,ISP,NY,AEA,EN,Towers with Radar,32,15,42,0,89,0,19,131,13,163,32,34,173,13,252,224,2,226,478
02/15/2019,ISP,NY,AEA,EN,Towers with Radar,29,16,34,1,80,0,4,66,8,78,29,20,100,9,158,42,0,42,200
02/16/2019,ISP,NY,AEA,EN,Towers with Radar,32,20,32,1,85,0,6,183,3,192,32,26,215,4,277,266,0,266,543
02/17/2019,ISP,NY,AEA,EN,Towers with Radar,30,9,24,0,63,0,8,161,1,170,30,17,185,1,233,328,0,328,561
02/18/2019,ISP,NY,AEA,EN,Towers with Radar,31,8,25,0,64,0,2,13,2,17,31,10,38,2,81,58,0,58,139
02/19/2019,ISP,NY,AEA,EN,Towers with Radar,29,11,20,0,60,0,9,157,16,182,29,20,177,16,242,318,0,318,560
02/20/2019,ISP,NY,AEA,EN,Towers with Radar,21,10,14,2,47,0,9,42,4,55,21,19,56,6,102,162,0,162,264
02/21/2019,ISP,NY,AEA,EN,Towers with Radar,27,10,31,1,69,0,12,59,12,83,27,22,90,13,152,188,14,202,354
02/22/2019,ISP,NY,AEA,EN,Towers with Radar,29,15,30,0,74,0,6,139,13,158,29,21,169,13,232,386,0,386,618
02/23/2019,ISP,NY,AEA,EN,Towers with Radar,34,9,17,0,60,0,7,194,2,203,34,16,211,2,263,454,0,454,717
02/24/2019,ISP,NY,AEA,EN,Towers with Radar,32,17,5,0,54,0,0,0,0,0,32,17,5,0,54,0,0,0,54
02/25/2019,ISP,NY,AEA,EN,Towers with Radar,32,2,3,0,37,0,2,3,0,5,32,4,6,0,42,0,0,0,42
02/26/2019,ISP,NY,AEA,EN,Towers with Radar,27,4,23,2,56,0,7,55,6,68,27,11,78,8,124,40,0,40,164
02/27/2019,ISP,NY,AEA,EN,Towers with Radar,30,10,31,5,76,0,9,89,3,101,30,19,120,8,177,232,0,232,409
02/28/2019,ISP,NY,AEA,EN,Towers with Radar,30,8,40,0,78,0,9,103,4,116,30,17,143,4,194,186,0,186,380
03/01/2019,ISP,NY,AEA,EN,Towers with Radar,28,13,15,0,56,0,2,27,4,33,28,15,42,4,89,194,0,194,283
03/02/2019,ISP,NY,AEA,EN,Towers with Radar,34,3,8,0,45,0,0,32,0,32,34,3,40,0,77,84,0,84,161
03/03/2019,ISP,NY,AEA,EN,Towers with Radar,30,6,45,0,81,0,3,144,6,153,30,9,189,6,234,328,0,328,562
03/04/2019,ISP,NY,AEA,EN,Towers with Radar,27,8,21,0,56,0,12,67,0,79,27,20,88,0,135,200,0,200,335
03/05/2019,ISP,NY,AEA,EN,Towers with Radar,30,12,41,0,83,0,20,158,8,186,30,32,199,8,269,262,0,262,531
03/06/2019,ISP,NY,AEA,EN,Towers with Radar,32,7,38,2,79,0,13,56,6,75,32,20,94,8,154,126,0,126,280
03/07/2019,ISP,NY,AEA,EN,Towers with Radar,34,15,46,0,95,0,16,132,8,156,34,31,178,8,251,260,4,264,515
03/08/2019,ISP,NY,AEA,EN,Towers with Radar,36,14,46,1,97,0,15,159,11,185,36,29,205,12,282,366,0,366,648
03/09/2019,ISP,NY,AEA,EN,Towers with Radar,29,7,22,1,59,0,13,185,11,209,29,20,207,12,268,440,0,440,708
03/10/2019,ISP,NY,AEA,EN,Towers with Radar,28,8,18,0,54,0,0,0,0,0,28,8,18,0,54,0,0,0,54
03/11/2019,ISP,NY,AEA,EN,Towers with Radar,37,18,29,0,84,0,14,93,14,121,37,32,122,14,205,268,0,268,473
03/12/2019,ISP,NY,AEA,EN,Towers with Radar,36,12,23,0,71,0,14,91,10,115,36,26,114,10,186,356,12,368,554
03/13/2019,ISP,NY,AEA,EN,Towers with Radar,36,11,43,1,91,0,17,170,10,197,36,28,213,11,288,442,0,442,730
03/14/2019,ISP,NY,AEA,EN,Towers with Radar,33,10,38,0,81,0,11,146,5,162,33,21,184,5,243,430,0,430,673
03/15/2019,ISP,NY,AEA,EN,Towers with Radar,34,9,15,0,58,0,3,7,0,10,34,12,22,0,68,196,0,196,264
03/16/2019,ISP,NY,AEA,EN,Towers with Radar,29,7,12,0,48,0,8,29,2,39,29,15,41,2,87,56,0,56,143
03/17/2019,ISP,NY,AEA,EN,Towers with Radar,28,7,28,1,64,0,6,173,1,180,28,13,201,2,244,344,0,344,588
03/18/2019,ISP,NY,AEA,EN,Towers with Radar,33,12,34,0,79,0,21,133,6,160,33,33,167,6,239,372,0,372,611
03/19/2019,ISP,NY,AEA,EN,Towers with Radar,33,6,34,4,77,0,16,122,12,150,33,22,156,16,227,400,0,400,627
03/20/2019,ISP,NY,AEA,EN,Towers with Radar,36,9,51,0,96,0,12,192,12,216,36,21,243,12,312,422,0,422,734
03/21/2019,ISP,NY,AEA,EN,Towers with Radar,36,17,15,0,68,0,6,11,0,17,36,23,26,0,85,104,0,104,189
03/22/2019,ISP,NY,AEA,EN,Towers with Radar,35,13,19,0,67,0,2,8,0,10,35,15,27,0,77,12,0,12,89
03/23/2019,ISP,NY,AEA,EN,Towers with Radar,30,8,8,0,46,0,0,12,0,12,30,8,20,0,58,0,0,0,58
03/24/2019,ISP,NY,AEA,EN,Towers with Radar,29,15,39,0,83,0,1,229,0,230,29,16,268,0,313,398,0,398,711
03/25/2019,ISP,NY,AEA,EN,Towers with Radar,35,13,23,1,72,0,15,138,9,162,35,28,161,10,234,458,0,458,692
03/26/2019,ISP,NY,AEA,EN,Towers with Radar,33,10,35,2,80,0,12,141,6,159,33,22,176,8,239,208,0,208,447
03/27/2019,ISP,NY,AEA,EN,Towers with Radar,36,11,36,3,86,0,14,157,7,178,36,25,193,10,264,398,0,398,662
03/28/2019,ISP,NY,AEA,EN,Towers with Radar,35,9,38,1,83,0,20,155,3,178,35,29,193,4,261,354,0,354,615
03/29/2019,ISP,NY,AEA,EN,Towers with Radar,36,13,35,0,84,0,7,124,6,137,36,20,159,6,221,286,0,286,507
03/30/2019,ISP,NY,AEA,EN,Towers with Radar,28,7,27,1,63,0,11,141,4,156,28,18,168,5,219,306,0,306,525
03/31/2019,ISP,NY,AEA,EN,Towers with Radar,30,6,13,0,49,0,2,7,0,9,30,8,20,0,58,0,0,0,58
04/01/2019,ISP,NY,AEA,EN,Towers with Radar,33,9,15,0,57,0,17,59,0,76,33,26,74,0,133,92,0,92,225
04/02/2019,ISP,NY,AEA,EN,Towers with Radar,34,9,30,3,76,0,8,112,11,131,34,17,142,14,207,238,0,238,445
04/03/2019,ISP,NY,AEA,EN,Towers with Radar,37,9,20,0,66,0,14,49,6,69,37,23,69,6,135,80,0,80,215
04/04/2019,ISP,NY,AEA,EN,Towers with Radar,35,11,31,0,77,0,17,99,4,120,35,28,130,4,197,138,0,138,335
04/05/2019,ISP,NY,AEA,EN,Towers with Radar,38,8,15,0,61,0,9,42,2,53,38,17,57,2,114,196,0,196,310
04/06/2019,ISP,NY,AEA,EN,Towers with Radar,29,6,43,1,79,0,6,126,22,154,29,12,169,23,233,206,12,218,451
04/07/2019,ISP,NY,AEA,EN,Towers with Radar,30,13,41,3,87,0,8,169,6,183,30,21,210,9,270,356,0,356,626
04/08/2019,ISP,NY,AEA,EN,Towers with Radar,30,11,42,0,83,0,4,26,2,32,30,15,68,2,115,128,0,128,243
04/09/2019,ISP,NY,AEA,EN,Towers with Radar,27,8,21,0,56,0,0,1,0,1,27,8,22,0,57,0,0,0,57
04/10/2019,ISP,NY,AEA,EN,Towers with Radar,29,13,34,0,76,0,15,174,18,207,29,28,208,18,283,274,0,274,557
04/11/2019,ISP,NY,AEA,EN,Towers with Radar,28,18,45,0,91,0,20,142,5,167,28,38,187,5,258,404,0,404,662
04/12/2019,ISP,NY,AEA,EN,Towers with Radar,29,10,39,5,83,0,6,31,3,40,29,16,70,8,123,220,0,220,343
04/13/2019,ISP,NY,AEA,EN,Towers with Radar,32,8,20,0,60,0,2,12,0,14,32,10,32,0,74,12,0,12,86
04/14/2019,ISP,NY,AEA,EN,Towers with Radar,26,24,18,0,68,0,0,0,0,0,26,24,18,0,68,0,0,0,68
04/15/2019,ISP,NY,AEA,EN,Towers with Radar,27,16,9,0,52,0,5,17,2,24,27,21,26,2,76,72,0,72,148
04/16/2019,ISP,NY,AEA,EN,Towers with Radar,28,9,26,3,66,0,10,64,6,80,28,19,90,9,146,60,0,60,206
04/17/2019,ISP,NY,AEA,EN,Towers with Radar,30,16,63,3,112,0,28,232,5,265,30,44,295,8,377,430,0,430,807
04/18/2019,ISP,NY,AEA,EN,Towers with Radar,27,13,37,2,79,0,7,23,0,30,27,20,60,2,109,66,0,66,175
04/19/2019,ISP,NY,AEA,EN,Towers with Radar,26,10,17,1,54,0,4,3,1,8,26,14,20,2,62,16,0,16,78
04/20/2019,ISP,NY,AEA,EN,Towers with Radar,37,3,10,0,50,0,0,4,0,4,37,3,14,0,54,0,0,0,54
04/21/2019,ISP,NY,AEA,EN,Towers with Radar,27,8,45,0,80,0,2,38,0,40,27,10,83,0,120,86,0,86,206
04/22/2019,ISP,NY,AEA,EN,Towers with Radar,32,11,39,0,82,0,7,57,2,66,32,18,96,2,148,150,0,150,298
04/23/2019,ISP,NY,AEA,EN,Towers with Radar,28,9,50,2,89,0,15,223,10,248,28,24,273,12,337,348,4,352,689
04/24/2019,ISP,NY,AEA,EN,Towers with Radar,29,7,54,2,92,0,9,189,13,211,29,16,243,15,303,202,0,202,505
04/25/2019,ISP,NY,AEA,EN,Towers with Radar,27,11,47,0,85,0,20,235,10,265,27,31,282,10,350,372,0,372,722
04/26/2019,ISP,NY,AEA,EN,Towers with Radar,28,8,29,0,65,0,2,2,0,4,28,10,31,0,69,0,0,0,69
04/27/2019,ISP,NY,AEA,EN,Towers with Radar,32,6,17,0,55,0,6,27,0,33,32,12,44,0,88,8,0,8,96
04/28/2019,ISP,NY,AEA,EN,Towers with Radar,25,16,26,0,67,0,6,55,0,61,25,22,81,0,128,348,0,348,476
04/29/2019,ISP,NY,AEA,EN,Towers with Radar,31,12,46,1,90,0,9,187,10,206,31,21,233,11,296,362,0,362,658
04/30/2019,ISP,NY,AEA,EN,Towers with Radar,27,10,22,2,61,0,3,20,4,27,27,13,42,6,88,100,0,100,188
05/01/2019,ISP,NY,AEA,EN,Towers with Radar,25,15,45,4,89,0,9,71,6,86,25,24,116,10,175,204,0,204,379
05/02/2019,ISP,NY,AEA,EN,Towers with Radar,24,11,53,0,88,0,2,42,0,44,24,13,95,0,132,100,0,100,232
05/03/2019,ISP,NY,AEA,EN,Towers with Radar,30,14,23,0,67,0,2,0,0,2,30,16,23,0,69,0,0,0,69
05/04/2019,ISP,NY,AEA,EN,Towers with Radar,30,11,28,0,69,0,0,6,0,6,30,11,34,0,75,76,0,76,151
05/05/2019,ISP,NY,AEA,EN,Towers with Radar,25,14,33,0,72,0,0,0,0,0,25,14,33,0,72,0,0,0,72
05/06/2019,ISP,NY,AEA,EN,Towers with Radar,30,20,52,1,103,0,17,235,4,256,30,37,287,5,359,408,0,408,767
05/07/2019,ISP,NY,AEA,EN,Towers with Radar,28,7,41,1,77,0,7,133,7,147,28,14,174,8,224,362,2,364,588
05/08/2019,ISP,NY,AEA,EN,Towers with Radar,28,12,41,2,83,0,10,214,5,229,28,22,255,7,312,376,0,376,688
05/09/2019,ISP,NY,AEA,EN,Towers with Radar,29,10,43,3,85,0,11,112,4,127,29,21,155,7,212,288,0,288,500
05/10/2019,ISP,NY,AEA,EN,Towers with Radar,26,12,34,1,73,0,8,35,1,44,26,20,69,2,117,38,0,38,155
05/11/2019,ISP,NY,AEA,EN,Towers with Radar,32,6,40,0,78,0,4,236,2,242,32,10,276,2,320,328,0,328,648
05/12/2019,ISP,NY,AEA,EN,Towers with Radar,24,11,13,0,48,0,2,0,0,2,24,13,13,0,50,0,0,0,50
05/13/2019,ISP,NY,AEA,EN,Towers with Radar,26,9,9,0,44,0,2,4,2,8,26,11,13,2,52,0,0,0,52
05/14/2019,ISP,NY,AEA,EN,Towers with Radar,26,12,24,2,64,0,3,14,2,19,26,15,38,4,83,184,0,184,267
05/15/2019,ISP,NY,AEA,EN,Towers with Radar,26,15,44,0,85,0,14,217,11,242,26,29,261,11,327,324,0,324,651
05/16/2019,ISP,NY,AEA,EN,Towers with Radar,28,11,55,1,95,0,19,184,12,215,28,30,239,13,310,402,0,402,712
05/17/2019,ISP,NY,AEA,EN,Towers with Radar,26,12,50,1,89,0,7,188,5,200,26,19,238,6,289,272,0,272,561
05/18/2019,ISP,NY,AEA,EN,Towers with Radar,29,8,25,2,64,0,3,224,8,235,29,11,249,10,299,292,0,292,591
05/19/2019,ISP,NY,AEA,EN,Towers with Radar,26,15,35,0,76,0,2,83,4,89,26,17,118,4,165,150,0,150,315
05/20/2019,ISP,NY,AEA,EN,Towers with Radar,26,10,28,0,64,0,12,77,9,98,26,22,105,9,162,184,0,184,346
05/21/2019,ISP,NY,AEA,EN,Towers with Radar,27,13,32,2,74,0,12,77,10,99,27,25,109,12,173,76,0,76,249
05/22/2019,ISP,NY,AEA,EN,Towers with Radar,27,7,51,4,89,0,16,211,9,236,27,23,262,13,325,418,2,420,745
05/23/2019,ISP,NY,AEA,EN,Towers with Radar,23,13,29,5,70,0,12,80,3,95,23,25,109,8,165,164,6,170,335
05/24/2019,ISP,NY,AEA,EN,Towers with Radar,28,17,17,1,63,0,11,34,8,53,28,28,51,9,116,42,20,62,178
05/25/2019,ISP,NY,AEA,EN,Towers with Radar,30,4,25,1,60,0,3,183,3,189,30,7,208,4,249,260,0,260,509
05/26/2019,ISP,NY,AEA,EN,Towers with Radar,24,9,12,1,46,0,4,141,4,149,24,13,153,5,195,160,0,160,355
05/27/2019,ISP,NY,AEA,EN,Towers with Radar,25,10,38,5,78,0,11,208,9,228,25,21,246,14,306,256,0,256,562
05/28/2019,ISP,NY,AEA,EN,Towers with Radar,25,11,23,0,59,0,6,47,4,57,25,17,70,4,116,70,0,70,186
05/29/2019,ISP,NY,AEA,EN,Towers with Radar,26,10,36,2,74,0,6,35,0,41,26,16,71,2,115,190,0,190,305
05/30/2019,ISP,NY,AEA,EN,Towers with Radar,27,14,35,0,76,0,2,10,0,12,27,16,45,0,88,12,2,14,102
05/31/2019,ISP,NY,AEA,EN,Towers with Radar,26,13,44,0,83,0,16,240,9,265,26,29,284,9,348,276,0,276,624
06/01/2019,ISP,NY,AEA,EN,Towers with Radar,26,6,30,1,63,0,6,217,3,226,26,12,247,4,289,352,16,368,657
06/02/2019,ISP,NY,AEA,EN,Towers with Radar,23,10,37,2,72,0,2,76,5,83,23,12,113,7,155,296,10,306,461
06/03/2019,ISP,NY,AEA,EN,Towers with Radar,26,12,35,2,75,0,17,148,4,169,26,29,183,6,244,224,0,224,468
06/04/2019,ISP,NY,AEA,EN,Towers with Radar,27,15,46,3,91,0,19,205,8,232,27,34,251,11,323,362,8,370,693
06/05/2019,ISP,NY,AEA,EN,Towers with Radar,28,16,29,4,77,0,30,138,11,179,28,46,167,15,256,300,0,300,556
06/06/2019,ISP,NY,AEA,EN,Towers with Radar,27,16,34,1,78,0,17,149,4,170,27,33,183,5,248,406,0,406,654
06/07/2019,ISP,NY,AEA,EN,Towers with Radar,27,20,50,3,100,0,14,192,7,213,27,34,242,10,313,378,0,378,691
06/08/2019,ISP,NY,AEA,EN,Towers with Radar,29,10,27,1,67,0,8,177,3,188,29,18,204,4,255,312,0,312,567
06/09/2019,ISP,NY,AEA,EN,Towers with Radar,27,17,33,0,77,0,7,182,4,193,27,24,215,4,270,246,0,246,516
06/10/2019,ISP,NY,AEA,EN,Towers with Radar,32,7,21,0,60,0,0,3,0,3,32,7,24,0,63,0,22,22,85
06/11/2019,ISP,NY,AEA,EN,Towers with Radar,28,7,27,3,65,0,8,38,8,54,28,15,65,11,119,134,6,140,259
06/12/2019,ISP,NY,AEA,EN,Towers with Radar,28,12,42,4,86,0,15,219,13,247,28,27,261,17,333,508,0,508,841
06/13/2019,ISP,NY,AEA,EN,Towers with Radar,30,11,13,0,54,0,8,9,0,17,30,19,22,0,71,0,0,0,71
06/14/2019,ISP,NY,AEA,EN,Towers with Radar,30,18,50,0,98,0,13,185,10,208,30,31,235,10,306,166,0,166,472
06/15/2019,ISP,NY,AEA,EN,Towers with Radar,30,5,25,1,61,0,4,144,1,149,30,9,169,2,210,156,0,156,366
06/16/2019,ISP,NY,AEA,EN,Towers with Radar,25,14,23,3,65,0,3,74,3,80,25,17,97,6,145,142,0,142,287
06/17/2019,ISP,NY,AEA,EN,Towers with Radar,28,15,53,0,96,0,6,174,4,184,28,21,227,4,280,334,0,334,614
06/18/2019,ISP,NY,AEA,EN,Towers with Radar,25,22,15,0,62,0,1,0,0,1,25,23,15,0,63,0,0,0,63
06/19/2019,ISP,NY,AEA,EN,Towers with Radar,27,8,51,1,87,0,0,0,1,1,27,8,51,2,88,0,0,0,88
06/20/2019,ISP,NY,AEA,EN,Towers with Radar,26,6,12,0,44,0,0,0,0,0,26,6,12,0,44,0,0,0,44
06/21/2019,ISP,NY,AEA,EN,Towers with Radar,28,11,41,2,82,0,5,75,8,88,28,16,116,10,170,90,2,92,262
06/22/2019,ISP,NY,AEA,EN,Towers with Radar,31,8,26,0,65,0,0,230,2,232,31,8,256,2,297,274,0,274,571
06/23/2019,ISP,NY,AEA,EN,Towers with Radar,26,11,34,0,71,0,6,229,1,236,26,17,263,1,307,384,0,384,691
06/24/2019,ISP,NY,AEA,EN,Towers with Radar,29,12,39,3,83,0,15,235,7,257,29,27,274,10,340,388,0,388,728
06/25/2019,ISP,NY,AEA,EN,Towers with Radar,31,12,18,0,61,0,2,0,0,2,31,14,18,0,63,0,0,0,63
06/26/2019,ISP,NY,AEA,EN,Towers with Radar,31,12,47,1,91,0,14,225,5,244,31,26,272,6,335,430,0,430,765
06/27/2019,ISP,NY,AEA,EN,Towers with Radar,30,19,49,3,101,0,27,214,16,257,30,46,263,19,358,351,8,359,717
06/28/2019,ISP,NY,AEA,EN,Towers with Radar,32,16,44,0,92,0,10,210,8,228,32,26,254,8,320,230,0,230,550
06/29/2019,ISP,NY,AEA,EN,Towers with Radar,29,9,14,0,52,0,0,119,2,121,29,9,133,2,173,286,0,286,459
06/30/2019,ISP,NY,AEA,EN,Towers with Radar,25,18,27,0,70,0,5,132,2,139,25,23,159,2,209,272,0,272,481
07/01/2019,ISP,NY,AEA,EN,Towers with Radar,32,13,31,1,77,0,19,177,4,200,32,32,208,5,277,346,0,346,623
07/02/2019,ISP,NY,AEA,EN,Towers with Radar,31,13,50,2,96,0,16,167,6,189,31,29,217,8,285,274,24,298,583
07/03/2019,ISP,NY,AEA,EN,Towers with Radar,27,15,34,0,76,0,16,231,2,249,27,31,265,2,325,380,0,380,705
07/04/2019,ISP,NY,AEA,EN,Towers with Radar,24,6,27,0,57,0,3,119,2,124,24,9,146,2,181,298,2,300,481
07/05/2019,ISP,NY,AEA,EN,Towers with Radar,28,12,46,0,86,0,10,54,0,64,28,22,100,0,150,256,0,256,406
07/06/2019,ISP,NY,AEA,EN,Towers with Radar,25,10,18,0,53,0,0,25,0,25,25,10,43,0,78,139,0,139,217
07/07/2019,ISP,NY,AEA,EN,Towers with Radar,25,17,38,0,80,0,7,180,0,187,25,24,218,0,267,230,0,230,497
07/08/2019,ISP,NY,AEA,EN,Towers with Radar,29,15,38,0,82,0,18,144,3,165,29,33,182,3,247,376,4,380,627
07/09/2019,ISP,NY,AEA,EN,Towers with Radar,30,12,37,3,82,0,13,166,9,188,30,25,203,12,270,276,0,276,546
07/10/2019,ISP,NY,AEA,EN,Towers with Radar,30,12,33,2,77,0,17,188,12,217,30,29,221,14,294,396,0,396,690
07/11/2019,ISP,NY,AEA,EN,Towers with Radar,29,13,23,1,66,0,15,102,7,124,29,28,125,8,190,200,0,200,390
07/12/2019,ISP,NY,AEA,EN,Towers with Radar,28,15,38,4,85,0,10,158,8,176,28,25,196,12,261,234,0,234,495
07/13/2019,ISP,NY,AEA,EN,Towers with Radar,30,6,26,0,62,0,4,198,8,210,30,10,224,8,272,296,0,296,568
07/14/2019,ISP,NY,AEA,EN,Towers with Radar,25,16,34,1,76,0,4,166,6,176,25,20,200,7,252,234,0,234,486
07/15/2019,ISP,NY,AEA,EN,Towers with Radar,29,14,39,1,83,0,13,192,11,216,29,27,231,12,299,318,0,318,617
07/16/2019,ISP,NY,AEA,EN,Towers with Radar,30,11,39,6,86,0,19,189,12,220,30,30,228,18,306,244,0,244,550
07/17/2019,ISP,NY,AEA,EN,Towers with Radar,26,15,23,2,66,0,15,77,8,100,26,30,100,10,166,190,0,190,356
07/18/2019,ISP,NY,AEA,EN,Towers with Radar,30,11,39,3,83,0,4,9,1,14,30,15,48,4,97,2,16,18,115
07/19/2019,ISP,NY,AEA,EN,Towers with Radar,30,15,61,2,108,0,5,71,2,78,30,20,132,4,186,276,0,276,462
07/20/2019,ISP,NY,AEA,EN,Towers with Radar,30,13,18,0,61,0,9,145,4,158,30,22,163,4,219,372,0,372,591
07/21/2019,ISP,NY,AEA,EN,Towers with Radar,24,15,38,1,78,0,8,154,6,168,24,23,192,7,246,148,0,148,394
07/22/2019,ISP,NY,AEA,EN,Towers with Radar,29,10,32,0,71,0,7,94,6,107,29,17,126,6,178,210,0,210,388
07/23/2019,ISP,NY,AEA,EN,Towers with Radar,32,16,37,1,86,0,9,25,4,38,32,25,62,5,124,88,0,88,212
07/24/2019,ISP,NY,AEA,EN,Towers with Radar,29,22,46,0,97,0,19,221,8,248,29,41,267,8,345,378,0,378,723
07/25/2019,ISP,NY,AEA,EN,Towers with Radar,30,18,48,1,97,0,25,219,5,249,30,43,267,6,346,292,0,292,638
07/26/2019,ISP,NY,AEA,EN,Towers with Radar,30,19,32,2,83,0,14,204,5,223,30,33,236,7,306,414,0,414,720
07/27/2019,ISP,NY,AEA,EN,Towers with Radar,30,6,30,0,66,0,6,172,2,180,30,12,202,2,246,308,0,308,554
07/28/2019,ISP,NY,AEA,EN,Towers with Radar,26,14,37,1,78,0,7,159,2,168,26,21,196,3,246,252,0,252,498
07/29/2019,ISP,NY,AEA,EN,Towers with Radar,32,9,43,2,86,0,10,162,5,177,32,19,205,7,263,418,0,418,681
07/30/2019,ISP,NY,AEA,EN,Towers with Radar,30,9,40,3,82,0,21,164,3,188,30,30,204,6,270,324,0,324,594
07/31/2019,ISP,NY,AEA,EN,Towers with Radar,29,11,28,2,70,0,7,96,4,107,29,18,124,6,177,192,0,192,369
08/01/2019,ISP,NY,AEA,EN,Towers with Radar,29,10,32,0,71,0,14,146,5,165,29,24,178,5,236,372,0,372,608
08/02/2019,ISP,NY,AEA,EN,Towers with Radar,27,27,38,2,94,0,11,172,7,190,27,38,210,9,284,306,0,306,590
08/03/2019,ISP,NY,AEA,EN,Towers with Radar,30,15,31,1,77,0,7,93,6,106,30,22,124,7,183,244,3,247,430
08/04/2019,ISP,NY,AEA,EN,Towers with Radar,26,14,40,1,81,0,14,166,2,182,26,28,206,3,263,208,0,208,471
08/05/2019,ISP,NY,AEA,EN,Towers with Radar,32,9,25,0,66,0,10,190,0,200,32,19,215,0,266,344,0,344,610
08/06/2019,ISP,NY,AEA,EN,Towers with Radar,30,13,36,1,80,0,7,38,1,46,30,20,74,2,126,172,0,172,298
08/07/2019,ISP,NY,AEA,EN,Towers with Radar,29,17,31,0,77,0,4,55,0,59,29,21,86,0,136,210,0,210,346
08/08/2019,ISP,NY,AEA,EN,Towers with Radar,32,16,33,1,82,0,17,121,3,141,32,33,154,4,223,292,0,292,515
08/09/2019,ISP,NY,AEA,EN,Towers with Radar,29,28,41,0,98,0,7,116,2,125,29,35,157,2,223,236,0,236,459
08/10/2019,ISP,NY,AEA,EN,Towers with Radar,30,16,28,2,76,0,7,181,3,191,30,23,209,5,267,268,0,268,535
08/11/2019,ISP,NY,AEA,EN,Towers with Radar,24,12,36,0,72,0,7,181,2,190,24,19,217,2,262,246,0,246,508
08/12/2019,ISP,NY,AEA,EN,Towers with Radar,30,23,23,13,89,0,11,199,12,222,30,34,222,25,311,374,0,374,685
08/13/2019,ISP,NY,AEA,EN,Towers with Radar,29,10,41,0,80,0,10,19,0,29,29,20,60,0,109,150,0,150,259
08/14/2019,ISP,NY,AEA,EN,Towers with Radar,29,17,47,3,96,0,6,42,3,51,29,23,89,6,147,272,0,272,419
08/15/2019,ISP,NY,AEA,EN,Towers with Radar,28,27,37,2,94,0,15,188,9,212,28,42,225,11,306,270,0,270,576
08/16/2019,ISP,NY,AEA,EN,Towers with Radar,30,11,39,0,80,0,10,104,6,120,30,21,143,6,200,254,0,254,454
08/17/2019,ISP,NY,AEA,EN,Towers with Radar,30,9,59,0,98,0,0,14,0,14,30,9,73,0,112,54,0,54,166
08/18/2019,ISP,NY,AEA,EN,Towers with Radar,22,16,55,0,93,0,1,74,0,75,22,17,129,0,168,108,0,108,276
08/19/2019,ISP,NY,AEA,EN,Towers with Radar,29,16,43,0,88,0,5,123,2,130,29,21,166,2,218,258,0,258,476
08/20/2019,ISP,NY,AEA,EN,Towers with Radar,30,11,46,0,87,0,12,213,4,229,30,23,259,4,316,286,0,286,602
08/21/2019,ISP,NY,AEA,EN,Towers with Radar,29,13,30,3,75,0,2,30,8,40,29,15,60,11,115,112,6,118,233
08/22/2019,ISP,NY,AEA,EN,Towers with Radar,29,29,34,3,95,0,9,148,9,166,29,38,182,12,261,216,1,217,478
08/23/2019,ISP,NY,AEA,EN,Towers with Radar,29,15,47,0,91,0,8,157,2,167,29,23,204,2,258,278,0,278,536
08/24/2019,ISP,NY,AEA,EN,Towers with Radar,30,7,34,0,71,0,5,185,3,193,30,12,219,3,264,212,0,212,476
08/25/2019,ISP,NY,AEA,EN,Towers with Radar,24,14,38,0,76,0,3,131,2,136,24,17,169,2,212,176,0,176,388
08/26/2019,ISP,NY,AEA,EN,Towers with Radar,29,12,51,0,92,0,6,131,4,141,29,18,182,4,233,332,0,332,565
08/27/2019,ISP,NY,AEA,EN,Towers with Radar,30,9,50,0,89,0,17,184,6,207,30,26,234,6,296,354,0,354,650
08/28/2019,ISP,NY,AEA,EN,Towers with Radar,32,21,39,0,92,0,4,24,2,30,32,25,63,2,122,74,0,74,196
08/29/2019,ISP,NY,AEA,EN,Towers with Radar,32,9,38,1,80,0,20,228,8,256,32,29,266,9,336,326,0,326,662
08/30/2019,ISP,NY,AEA,EN,Towers with Radar,29,11,50,3,93,0,14,169,6,189,29,25,219,9,282,258,0,258,540
08/31/2019,ISP,NY,AEA,EN,Towers with Radar,27,9,27,0,63,0,8,188,1,197,27,17,215,1,260,238,0,238,498
09/01/2019,ISP,NY,AEA,EN,Towers with Radar,25,7,22,1,55,0,4,143,2,149,25,11,165,3,204,242,0,242,446
09/02/2019,ISP,NY,AEA,EN,Towers with Radar,22,3,26,1,52,0,2,62,1,65,22,5,88,2,117,142,0,142,259
09/03/2019,ISP,NY,AEA,EN,Towers with Radar,14,12,35,10,71,0,12,183,10,205,14,24,218,20,276,232,0,232,508
09/04/2019,ISP,NY,AEA,EN,Towers with Radar,26,10,37,2,75,0,6,26,2,34,26,16,63,4,109,34,6,40,149
09/05/2019,ISP,NY,AEA,EN,Towers with Radar,24,17,40,1,82,0,8,172,15,195,24,25,212,16,277,284,0,284,561
09/06/2019,ISP,NY,AEA,EN,Towers with Radar,28,14,16,0,58,0,4,25,2,31,28,18,41,2,89,118,0,118,207
09/07/2019,ISP,NY,AEA,EN,Towers with Radar,30,7,30,1,68,0,3,120,7,130,30,10,150,8,198,176,0,176,374
09/08/2019,ISP,NY,AEA,EN,Towers with Radar,25,13,46,2,86,0,6,235,2,243,25,19,281,4,329,262,0,262,591
09/09/2019,ISP,NY,AEA,EN,Towers with Radar,26,11,38,0,75,0,15,143,2,160,26,26,181,2,235,212,0,212,447
09/10/2019,ISP,NY,AEA,EN,Towers with Radar,23,16,50,1,90,0,10,141,9,160,23,26,191,10,250,338,20,358,608
09/11/2019,ISP,NY,AEA,EN,Towers with Radar,27,13,53,0,93,0,10,174,8,192,27,23,227,8,285,316,12,328,613
09/12/2019,ISP,NY,AEA,EN,Towers with Radar,26,13,30,0,69,0,6,13,6,25,26,19,43,6,94,128,0,128,222
09/13/2019,ISP,NY,AEA,EN,Towers with Radar,28,11,43,0,82,0,10,176,6,192,28,21,219,6,274,282,0,282,556
09/14/2019,ISP,NY,AEA,EN,Towers with Radar,30,10,27,2,69,0,10,118,4,132,30,20,145,6,201,208,2,210,411
09/15/2019,ISP,NY,AEA,EN,Towers with Radar,25,16,23,1,65,0,3,165,5,173,25,19,188,6,238,264,0,264,502
09/16/2019,ISP,NY,AEA,EN,Towers with Radar,27,11,45,0,83,0,12,139,6,157,27,23,184,6,240,272,0,272,512
09/17/2019,ISP,NY,AEA,EN,Towers with Radar,28,12,39,0,79,0,13,153,4,170,28,25,192,4,249,262,0,262,511
09/18/2019,ISP,NY,AEA,EN,Towers with Radar,27,17,47,3,94,0,13,146,3,162,27,30,193,6,256,438,0,438,694
09/19/2019,ISP,NY,AEA,EN,Towers with Radar,26,10,34,0,70,0,22,172,4,198,26,32,206,4,268,340,0,340,608
09/20/2019,ISP,NY,AEA,EN,Towers with Radar,26,14,42,0,82,0,11,176,4,191,26,25,218,4,273,288,0,288,561
09/21/2019,ISP,NY,AEA,EN,Towers with Radar,30,6,23,1,60,0,8,193,1,202,30,14,216,2,262,298,0,298,560
09/22/2019,ISP,NY,AEA,EN,Towers with Radar,23,11,39,1,74,0,7,181,1,189,23,18,220,2,263,182,0,182,445
09/23/2019,ISP,NY,AEA,EN,Towers with Radar,28,8,16,0,52,0,8,100,0,108,28,16,116,0,160,254,0,254,414
09/24/2019,ISP,NY,AEA,EN,Towers with Radar,26,16,36,0,78,0,17,174,9,200,26,33,210,9,278,372,0,372,650
09/25/2019,ISP,NY,AEA,EN,Towers with Radar,29,17,38,0,84,0,15,180,4,199,29,32,218,4,283,398,0,398,681
09/26/2019,ISP,NY,AEA,EN,Towers with Radar,24,16,20,0,60,0,11,101,2,114,24,27,121,2,174,210,0,210,384
09/27/2019,ISP,NY,AEA,EN,Towers with Radar,26,14,44,0,84,0,18,217,3,238,26,32,261,3,322,244,0,244,566
09/28/2019,ISP,NY,AEA,EN,Towers with Radar,33,7,29,1,70,0,18,187,3,208,33,25,216,4,278,190,0,190,468
09/29/2019,ISP,NY,AEA,EN,Towers with Radar,23,12,34,1,70,0,6,175,5,186,23,18,209,6,256,178,0,178,434
09/30/2019,ISP,NY,AEA,EN,Towers with Radar,27,13,40,0,80,0,7,155,4,166,27,20,195,4,246,326,0,326,572
10/01/2019,ISP,NY,AEA,EN,Towers with Radar,25,16,38,1,80,0,9,107,3,119,25,25,145,4,199,284,0,284,483
10/02/2019,ISP,NY,AEA,EN,Towers with Radar,27,13,36,5,81,0,11,110,4,125,27,24,146,9,206,182,0,182,388
10/03/2019,ISP,NY,AEA,EN,Towers with Radar,26,11,12,2,51,0,2,0,0,2,26,13,12,2,53,10,0,10,63
10/04/2019,ISP,NY,AEA,EN,Towers with Radar,27,11,25,2,65,0,6,58,6,70,27,17,83,8,135,46,0,46,181
10/05/2019,ISP,NY,AEA,EN,Towers with Radar,25,9,46,0,80,0,10,217,3,230,25,19,263,3,310,336,0,336,646
10/06/2019,ISP,NY,AEA,EN,Towers with Radar,26,9,43,0,78,0,0,88,0,88,26,9,131,0,166,200,0,200,366
10/07/2019,ISP,NY,AEA,EN,Towers with Radar,26,17,23,1,67,14,12,48,1,75,40,29,71,2,142,118,0,118,260
10/08/2019,ISP,NY,AEA,EN,Towers with Radar,24,11,28,0,63,0,18,135,3,156,24,29,163,3,219,230,0,230,449
10/09/2019,ISP,NY,AEA,EN,Towers with Radar,25,17,28,0,70,0,4,0,2,6,25,21,28,2,76,0,12,12,88
10/10/2019,ISP,NY,AEA,EN,Towers with Radar,26,12,12,0,50,0,8,21,2,31,26,20,33,2,81,0,0,0,81
10/11/2019,ISP,NY,AEA,EN,Towers with Radar,24,17,20,0,61,0,9,26,0,35,24,26,46,0,96,0,0,0,96
10/12/2019,ISP,NY,AEA,EN,Towers with Radar,24,10,39,0,73,0,5,76,6,87,24,15,115,6,160,380,0,380,540
10/13/2019,ISP,NY,AEA,EN,Towers with Radar,27,15,34,0,76,0,3,241,6,250,27,18,275,6,326,388,0,388,714
10/14/2019,ISP,NY,AEA,EN,Towers with Radar,27,15,41,0,83,0,12,121,1,134,27,27,162,1,217,340,0,340,557
10/15/2019,ISP,NY,AEA,EN,Towers with Radar,25,11,51,0,87,0,11,183,3,197,25,22,234,3,284,434,0,434,718
10/16/2019,ISP,NY,AEA,EN,Towers with Radar,26,10,23,0,59,0,6,63,2,71,26,16,86,2,130,90,0,90,220
10/17/2019,ISP,NY,AEA,EN,Towers with Radar,26,22,16,0,64,0,6,12,2,20,26,28,28,2,84,0,0,0,84
10/18/2019,ISP,NY,AEA,EN,Towers with Radar,26,10,52,1,89,0,11,121,2,134,26,21,173,3,223,264,0,264,487
10/19/2019,ISP,NY,AEA,EN,Towers with Radar,24,10,35,0,69,0,13,283,7,303,24,23,318,7,372,528,0,528,900
10/20/2019,ISP,NY,AEA,EN,Towers with Radar,26,13,41,0,80,0,4,129,6,139,26,17,170,6,219,252,0,252,471
10/21/2019,ISP,NY,AEA,EN,Towers with Radar,26,9,32,8,75,0,9,186,4,199,26,18,218,12,274,366,0,366,640
10/22/2019,ISP,NY,AEA,EN,Towers with Radar,23,6,17,2,48,0,3,2,0,5,23,9,19,2,53,0,0,0,53
10/23/2019,ISP,NY,AEA,EN,Towers with Radar,28,18,36,1,83,0,17,166,8,191,28,35,202,9,274,284,2,286,560
10/24/2019,ISP,NY,AEA,EN,Towers with Radar,28,16,40,0,84,0,14,206,2,222,28,30,246,2,306,346,0,346,652
10/25/2019,ISP,NY,AEA,EN,Towers with Radar,26,14,30,0,70,0,12,179,1,192,26,26,209,1,262,292,0,292,554
10/26/2019,ISP,NY,AEA,EN,Towers with Radar,25,10,42,1,78,0,9,210,3,222,25,19,252,4,300,298,0,298,598
10/27/2019,ISP,NY,AEA,EN,Towers with Radar,28,8,11,0,47,0,0,0,0,0,28,8,11,0,47,0,0,0,47
10/28/2019,ISP,NY,AEA,EN,Towers with Radar,27,7,34,0,68,0,20,163,4,187,27,27,197,4,255,258,0,258,513
10/29/2019,ISP,NY,AEA,EN,Towers with Radar,24,12,16,0,52,0,3,0,0,3,24,15,16,0,55,0,0,0,55
10/30/2019,ISP,NY,AEA,EN,Towers with Radar,26,13,24,0,63,0,0,0,0,0,26,13,24,0,63,0,0,0,63
10/31/2019,ISP,NY,AEA,EN,Towers with Radar,27,5,10,0,42,0,2,0,0,2,27,7,10,0,44,0,0,0,44
11/01/2019,ISP,NY,AEA,EN,Towers with Radar,29,13,20,3,65,0,7,43,2,52,29,20,63,5,117,116,2,118,235
11/02/2019,ISP,NY,AEA,EN,Towers with Radar,26,9,34,2,71,0,8,208,6,222,26,17,242,8,293,370,0,370,663
11/03/2019,ISP,NY,AEA,EN,Towers with Radar,32,15,30,0,77,0,4,184,4,192,32,19,214,4,269,288,0,288,557
11/04/2019,ISP,NY,AEA,EN,Towers with Radar,35,13,42,0,90,0,14,177,6,197,35,27,219,6,287,262,0,262,549
11/05/2019,ISP,NY,AEA,EN,Towers with Radar,33,10,30,2,75,0,7,57,6,70,33,17,87,8,145,144,0,144,289
11/06/2019,ISP,NY,AEA,EN,Towers with Radar,36,14,37,1,88,0,19,212,8,239,36,33,249,9,327,448,8,456,783
11/07/2019,ISP,NY,AEA,EN,Towers with Radar,36,15,31,0,82,0,10,151,6,167,36,25,182,6,249,286,0,286,535
11/08/2019,ISP,NY,AEA,EN,Towers with Radar,36,15,16,0,67,0,6,50,1,57,36,21,66,1,124,84,0,84,208
11/09/2019,ISP,NY,AEA,EN,Towers with Radar,26,9,31,0,66,0,11,208,2,221,26,20,239,2,287,312,0,312,599
11/10/2019,ISP,NY,AEA,EN,Towers with Radar,30,10,39,1,80,0,1,176,1,178,30,11,215,2,258,260,0,260,518
11/11/2019,ISP,NY,AEA,EN,Towers with Radar,36,11,49,0,96,0,26,193,2,221,36,37,242,2,317,402,0,402,719
11/12/2019,ISP,NY,AEA,EN,Towers with Radar,33,9,18,0,60,0,8,1,4,13,33,17,19,4,73,52,38,90,163
11/13/2019,ISP,NY,AEA,EN,Towers with Radar,36,12,31,2,81,0,7,118,6,131,36,19,149,8,212,168,10,178,390
11/14/2019,ISP,NY,AEA,EN,Towers with Radar,39,10,45,2,96,0,9,163,9,181,39,19,208,11,277,290,0,290,567
11/15/2019,ISP,NY,AEA,EN,Towers with Radar,39,15,53,3,110,0,17,183,4,204,39,32,236,7,314,320,0,320,634
11/16/2019,ISP,NY,AEA,EN,Towers with Radar,32,8,21,0,61,0,6,59,5,70,32,14,80,5,131,100,0,100,231
11/17/2019,ISP,NY,AEA,EN,Towers with Radar,35,9,17,2,63,0,3,20,2,25,35,12,37,4,88,116,38,154,242
11/18/2019,ISP,NY,AEA,EN,Towers with Radar,40,11,19,2,72,0,4,3,0,7,40,15,22,2,79,0,0,0,79
11/19/2019,ISP,NY,AEA,EN,Towers with Radar,42,7,45,0,94,0,11,70,8,89,42,18,115,8,183,360,24,384,567
11/20/2019,ISP,NY,AEA,EN,Towers with Radar,39,13,40,2,94,0,10,61,4,75,39,23,101,6,169,406,0,406,575
11/21/2019,ISP,NY,AEA,EN,Towers with Radar,42,16,37,2,97,0,17,196,9,222,42,33,233,11,319,254,0,254,573
11/22/2019,ISP,NY,AEA,EN,Towers with Radar,39,14,29,0,82,0,9,56,4,69,39,23,85,4,151,118,0,118,269
11/23/2019,ISP,NY,AEA,EN,Towers with Radar,40,9,53,1,103,0,14,254,1,269,40,23,307,2,372,340,0,340,712
11/24/2019,ISP,NY,AEA,EN,Towers with Radar,36,9,11,0,56,0,0,3,0,3,36,9,14,0,59,0,0,0,59
11/25/2019,ISP,NY,AEA,EN,Towers with Radar,39,9,47,1,96,0,13,208,10,231,39,22,255,11,327,242,0,242,569
11/26/2019,ISP,NY,AEA,EN,Towers with Radar,42,18,65,0,125,0,11,214,7,232,42,29,279,7,357,174,2,176,533
11/27/2019,ISP,NY,AEA,EN,Towers with Radar,39,13,37,0,89,0,5,35,2,42,39,18,72,2,131,92,0,92,223
11/28/2019,ISP,NY,AEA,EN,Towers with Radar,28,2,5,0,35,0,0,9,0,9,28,2,14,0,44,0,0,0,44
11/29/2019,ISP,NY,AEA,EN,Towers with Radar,35,4,18,0,57,0,4,125,4,133,35,8,143,4,190,108,0,108,298
11/30/2019,ISP,NY,AEA,EN,Towers with Radar,41,11,49,0,101,0,5,214,4,223,41,16,263,4,324,310,0,310,634
12/01/2019,ISP,NY,AEA,EN,Towers with Radar,41,17,20,0,78,0,2,37,0,39,41,19,57,0,117,84,0,84,201
12/02/2019,ISP,NY,AEA,EN,Towers with Radar,37,7,9,0,53,0,0,0,0,0,37,7,9,0,53,0,0,0,53
12/03/2019,ISP,NY,AEA,EN,Towers with Radar,42,12,23,0,77,0,16,31,10,57,42,28,54,10,134,116,22,138,272
12/04/2019,ISP,NY,AEA,EN,Towers with Radar,41,16,29,0,86,0,14,121,6,141,41,30,150,6,227,398,30,428,655
12/05/2019,ISP,NY,AEA,EN,Towers with Radar,42,11,12,2,67,0,6,65,6,77,42,17,77,8,144,102,2,104,248
12/06/2019,ISP,NY,AEA,EN,Towers with Radar,38,12,43,1,94,0,11,129,7,147,38,23,172,8,241,168,0,168,409
12/07/2019,ISP,NY,AEA,EN,Towers with Radar,29,8,29,0,66,0,10,223,6,239,29,18,252,6,305,352,0,352,657
12/08/2019,ISP,NY,AEA,EN,Towers with Radar,35,16,47,2,100,0,4,168,4,176,35,20,215,6,276,262,0,262,538
12/09/2019,ISP,NY,AEA,EN,Towers with Radar,40,9,17,0,66,0,0,0,0,0,40,9,17,0,66,0,0,0,66
12/10/2019,ISP,NY,AEA,EN,Towers with Radar,41,14,29,0,84,0,4,3,0,7,41,18,32,0,91,2,15,17,108
12/11/2019,ISP,NY,AEA,EN,Towers with Radar,38,6,14,3,61,0,10,34,4,48,38,16,48,7,109,42,10,52,161
12/12/2019,ISP,NY,AEA,EN,Towers with Radar,41,15,40,1,97,0,17,207,5,229,41,32,247,6,326,260,0,260,586
12/13/2019,ISP,NY,AEA,EN,Towers with Radar,37,15,36,1,89,0,2,18,1,21,37,17,54,2,110,104,0,104,214
12/14/2019,ISP,NY,AEA,EN,Towers with Radar,28,7,13,0,48,0,1,1,0,2,28,8,14,0,50,0,0,0,50
12/15/2019,ISP,NY,AEA,EN,Towers with Radar,35,10,13,0,58,0,6,30,2,38,35,16,43,2,96,22,0,22,118
12/16/2019,ISP,NY,AEA,EN,Towers with Radar,38,8,31,2,79,0,6,146,4,156,38,14,177,6,235,262,0,262,497
12/17/2019,ISP,NY,AEA,EN,Towers with Radar,38,7,6,0,51,0,4,0,0,4,38,11,6,0,55,0,0,0,55
12/18/2019,ISP,NY,AEA,EN,Towers with Radar,41,10,31,1,83,0,8,128,7,143,41,18,159,8,226,240,22,262,488
12/19/2019,ISP,NY,AEA,EN,Towers with Radar,41,9,31,0,81,0,7,91,4,102,41,16,122,4,183,244,0,244,427
12/20/2019,ISP,NY,AEA,EN,Towers with Radar,38,13,41,0,92,0,3,149,5,157,38,16,190,5,249,274,0,274,523
12/21/2019,ISP,NY,AEA,EN,Towers with Radar,38,12,34,0,84,0,3,207,9,219,38,15,241,9,303,294,0,294,597
12/22/2019,ISP,NY,AEA,EN,Towers with Radar,42,12,33,1,88,0,7,166,1,174,42,19,199,2,262,242,0,242,504
12/23/2019,ISP,NY,AEA,EN,Towers with Radar,40,12,30,1,83,0,6,192,5,203,40,18,222,6,286,202,0,202,488
12/24/2019,ISP,NY,AEA,EN,Towers with Radar,34,8,19,0,61,0,9,99,0,108,34,17,118,0,169,232,0,232,401
12/25/2019,ISP,NY,AEA,EN,Towers with Radar,33,11,12,0,56,0,0,26,0,26,33,11,38,0,82,12,0,12,94
12/26/2019,ISP,NY,AEA,EN,Towers with Radar,41,16,23,0,80,0,2,9,0,11,41,18,32,0,91,36,0,36,127
12/27/2019,ISP,NY,AEA,EN,Towers with Radar,38,14,34,0,86,0,7,69,0,76,38,21,103,0,162,352,0,352,514
12/28/2019,ISP,NY,AEA,EN,Towers with Radar,39,6,34,0,79,0,7,190,3,200,39,13,224,3,279,318,0,318,597
12/29/2019,ISP,NY,AEA,EN,Towers with Radar,40,12,17,1,70,0,0,115,1,116,40,12,132,2,186,290,0,290,476
12/30/2019,ISP,NY,AEA,EN,Towers with Radar,40,11,2,0,53,0,2,0,0,2,40,13,2,0,55,0,0,0,55
12/31/2019,ISP,NY,AEA,EN,Towers with Radar,34,6,21,0,61,0,2,40,0,42,34,8,61,0,103,46,0,46,149
01/01/2020,ISP,NY,AEA,EN,Towers with Radar,34,11,12,0,57,0,3,57,0,60,34,14,69,0,117,60,0,60,177
01/02/2020,ISP,NY,AEA,EN,Towers with Radar,40,14,34,0,88,0,14,192,2,208,40,28,226,2,296,292,0,292,588
01/03/2020,ISP,NY,AEA,EN,Towers with Radar,38,8,16,0,62,0,2,2,0,4,38,10,18,0,66,0,0,0,66
01/04/2020,ISP,NY,AEA,EN,Towers with Radar,30,11,16,0,57,0,0,0,0,0,30,11,16,0,57,0,0,0,57
01/05/2020,ISP,NY,AEA,EN,Towers with Radar,36,17,21,0,74,0,2,22,0,24,36,19,43,0,98,74,0,74,172
01/06/2020,ISP,NY,AEA,EN,Towers with Radar,29,8,27,2,66,0,8,124,0,132,29,16,151,2,198,266,0,266,464
01/07/2020,ISP,NY,AEA,EN,Towers with Radar,31,8,28,1,68,0,13,159,9,181,31,21,187,10,249,284,12,296,545
01/08/2020,ISP,NY,AEA,EN,Towers with Radar,29,6,16,2,53,0,7,61,4,72,29,13,77,6,125,96,10,106,231
01/09/2020,ISP,NY,AEA,EN,Towers with Radar,32,10,37,0,79,0,12,201,2,215,32,22,238,2,294,280,0,280,574
01/10/2020,ISP,NY,AEA,EN,Towers with Radar,30,13,35,0,78,0,8,79,2,89,30,21,114,2,167,162,0,162,329
01/11/2020,ISP,NY,AEA,EN,Towers with Radar,30,2,14,1,47,0,1,5,3,9,30,3,19,4,56,4,20,24,80
01/12/2020,ISP,NY,AEA,EN,Towers with Radar,34,10,12,1,57,0,4,22,5,31,34,14,34,6,88,44,10,54,142
01/13/2020,ISP,NY,AEA,EN,Towers with Radar,30,9,17,0,56,0,2,22,3,27,30,11,39,3,83,262,0,262,345
01/14/2020,ISP,NY,AEA,EN,Towers with Radar,31,7,27,1,66,0,5,91,2,98,31,12,118,3,164,356,24,380,544
01/15/2020,ISP,NY,AEA,EN,Towers with Radar,29,4,41,0,74,0,15,202,6,223,29,19,243,6,297,298,0,298,595
01/16/2020,ISP,NY,AEA,EN,Towers with Radar,33,10,18,1,62,0,5,11,0,16,33,15,29,1,78,4,0,4,82
01/17/2020,ISP,NY,AEA,EN,Towers with Radar,34,10,28,1,73,0,7,42,0,49,34,17,70,1,122,36,0,36,158
01/18/2020,ISP,NY,AEA,EN,Towers with Radar,30,7,9,2,48,0,0,80,2,82,30,7,89,4,130,178,0,178,308
01/19/2020,ISP,NY,AEA,EN,Towers with Radar,32,6,21,1,60,0,1,87,3,91,32,7,108,4,151,196,0,196,347
01/20/2020,ISP,NY,AEA,EN,Towers with Radar,35,14,24,0,73,0,3,109,0,112,35,17,133,0,185,162,0,162,347
01/21/2020,ISP,NY,AEA,EN,Towers with Radar,31,2,24,2,59,0,11,152,6,169,31,13,176,8,228,304,0,304,532
01/22/2020,ISP,NY,AEA,EN,Towers with Radar,29,3,40,0,72,0,9,208,12,229,29,12,248,12,301,314,0,314,615
01/23/2020,ISP,NY,AEA,EN,Towers with Radar,32,10,40,0,82,0,9,173,4,186,32,19,213,4,268,298,0,298,566
01/24/2020,ISP,NY,AEA,EN,Towers with Radar,28,11,29,3,71,0,8,177,9,194,28,19,206,12,265,216,0,216,481
01/25/2020,ISP,NY,AEA,EN,Towers with Radar,34,4,17,0,55,0,0,0,0,0,34,4,17,0,55,0,0,0,55
01/26/2020,ISP,NY,AEA,EN,Towers with Radar,31,14,34,0,79,0,3,178,2,183,31,17,212,2,262,278,0,278,540
01/27/2020,ISP,NY,AEA,EN,Towers with Radar,30,12,32,2,76,0,14,112,4,130,30,26,144,6,206,256,0,256,462
01/28/2020,ISP,NY,AEA,EN,Towers with Radar,31,9,35,0,75,0,15,125,4,144,31,24,160,4,219,336,18,354,573
01/29/2020,ISP,NY,AEA,EN,Towers with Radar,29,9,33,1,72,0,9,150,11,170,29,18,183,12,242,268,0,268,510
01/30/2020,ISP,NY,AEA,EN,Towers with Radar,35,11,36,3,85,0,22,140,9,171,35,33,176,12,256,332,0,332,588
01/31/2020,ISP,NY,AEA,EN,Towers with Radar,29,12,36,2,79,0,15,141,2,158,29,27,177,4,237,298,0,298,535
02/01/2020,ISP,NY,AEA,EN,Towers with Radar,32,4,7,0,43,0,0,2,0,2,32,4,9,0,45,0,0,0,45
02/02/2020,ISP,NY,AEA,EN,Towers with Radar,32,14,31,0,77,0,0,73,4,77,32,14,104,4,154,266,0,266,420
02/03/2020,ISP,NY,AEA,EN,Towers with Radar,28,15,29,1,73,0,12,136,5,153,28,27,165,6,226,302,0,302,528
02/04/2020,ISP,NY,AEA,EN,Towers with Radar,30,3,19,0,52,0,4,45,3,52,30,7,64,3,104,126,0,126,230
02/05/2020,ISP,NY,AEA,EN,Towers with Radar,28,5,26,3,62,0,14,103,4,121,28,19,129,7,183,374,30,404,587
02/06/2020,ISP,NY,AEA,EN,Towers with Radar,28,11,6,0,45,0,0,0,0,0,28,11,6,0,45,0,0,0,45
02/07/2020,ISP,NY,AEA,EN,Towers with Radar,29,15,7,0,51,0,0,1,0,1,29,15,8,0,52,0,0,0,52
02/08/2020,ISP,NY,AEA,EN,Towers with Radar,32,8,27,1,68,0,4,147,11,162,32,12,174,12,230,238,0,238,468
02/09/2020,ISP,NY,AEA,EN,Towers with Radar,31,4,36,1,72,0,5,170,13,188,31,9,206,14,260,338,0,338,598
02/10/2020,ISP,NY,AEA,EN,Towers with Radar,29,9,11,0,49,0,4,10,4,18,29,13,21,4,67,0,4,4,71
02/11/2020,ISP,NY,AEA,EN,Towers with Radar,31,7,9,0,47,0,5,5,0,10,31,12,14,0,57,8,0,8,65
02/12/2020,ISP,NY,AEA,EN,Towers with Radar,28,10,55,1,94,0,19,185,12,216,28,29,240,13,310,304,6,310,620
02/13/2020,ISP,NY,AEA,EN,Towers with Radar,34,16,9,0,59,0,2,2,0,4,34,18,11,0,63,0,0,0,63
02/14/2020,ISP,NY,AEA,EN,Towers with Radar,30,18,38,1,87,0,9,139,3,151,30,27,177,4,238,162,0,162,400
02/15/2020,ISP,NY,AEA,EN,Towers with Radar,30,14,34,0,78,0,3,152,4,159,30,17,186,4,237,414,0,414,651
02/16/2020,ISP,NY,AEA,EN,Towers with Radar,32,11,26,0,69,0,1,158,4,163,32,12,184,4,232,254,0,254,486
02/17/2020,ISP,NY,AEA,EN,Towers with Radar,29,15,49,0,93,0,10,171,2,183,29,25,220,2,276,342,0,342,618
02/18/2020,ISP,NY,AEA,EN,Towers with Radar,31,9,33,3,76,0,2,5,1,8,31,11,38,4,84,104,0,104,188
02/19/2020,ISP,NY,AEA,EN,Towers with Radar,27,19,33,5,84,0,14,134,10,158,27,33,167,15,242,164,8,172,414
02/20/2020,ISP,NY,AEA,EN,Towers with Radar,32,15,32,1,80,0,10,144,9,163,32,25,176,10,243,398,0,398,641
02/21/2020,ISP,NY,AEA,EN,Towers with Radar,30,14,26,1,71,0,8,124,11,143,30,22,150,12,214,276,0,276,490
02/22/2020,ISP,NY,AEA,EN,Towers with Radar,33,13,34,2,82,0,7,181,2,190,33,20,215,4,272,284,0,284,556
02/23/2020,ISP,NY,AEA,EN,Towers with Radar,34,16,40,0,90,0,0,196,4,200,34,16,236,4,290,188,0,188,478
02/24/2020,ISP,NY,AEA,EN,Towers with Radar,31,16,35,1,83,0,11,141,5,157,31,27,176,6,240,332,0,332,572
02/25/2020,ISP,NY,AEA,EN,Towers with Radar,31,7,18,0,56,0,2,27,3,32,31,9,45,3,88,154,0,154,242
02/26/2020,ISP,NY,AEA,EN,Towers with Radar,27,11,15,2,55,0,2,3,2,7,27,13,18,4,62,0,16,16,78
02/27/2020,ISP,NY,AEA,EN,Towers with Radar,32,17,12,0,61,0,4,10,0,14,32,21,22,0,75,12,0,12,87
02/28/2020,ISP,NY,AEA,EN,Towers with Radar,30,10,21,1,62,0,4,32,8,44,30,14,53,9,106,56,2,58,164
02/29/2020,ISP,NY,AEA,EN,Towers with Radar,33,7,35,0,75,0,4,163,2,169,33,11,198,2,244,240,0,240,484
03/01/2020,ISP,NY,AEA,EN,Towers with Radar,31,7,40,2,80,0,3,146,3,152,31,10,186,5,232,110,0,110,342
03/02/2020,ISP,NY,AEA,EN,Towers with Radar,30,13,24,0,67,0,13,129,7,149,30,26,153,7,216,110,0,110,326
03/03/2020,ISP,NY,AEA,EN,Towers with Radar,30,12,46,3,91,0,4,74,3,81,30,16,120,6,172,132,0,132,304
03/04/2020,ISP,NY,AEA,EN,Towers with Radar,29,10,26,0,65,0,12,31,6,49,29,22,57,6,114,34,6,40,154
03/05/2020,ISP,NY,AEA,EN,Towers with Radar,32,13,40,3,88,0,14,214,10,238,32,27,254,13,326,414,16,430,756
03/06/2020,ISP,NY,AEA,EN,Towers with Radar,30,23,35,0,88,0,7,92,2,101,30,30,127,2,189,284,0,284,473
03/07/2020,ISP,NY,AEA,EN,Towers with Radar,28,9,9,3,49,0,0,27,10,37,28,9,36,13,86,54,0,54,140
03/08/2020,ISP,NY,AEA,EN,Towers with Radar,36,16,48,0,100,0,10,230,20,260,36,26,278,20,360,268,0,268,628
03/09/2020,ISP,NY,AEA,EN,Towers with Radar,34,16,43,2,95,0,17,158,6,181,34,33,201,8,276,216,0,216,492
03/10/2020,ISP,NY,AEA,EN,Towers with Radar,35,16,33,5,89,0,10,92,5,107,35,26,125,10,196,190,0,190,386
03/11/2020,ISP,NY,AEA,EN,Towers with Radar,31,10,32,2,75,0,13,189,7,209,31,23,221,9,284,354,0,354,638
03/12/2020,ISP,NY,AEA,EN,Towers with Radar,33,11,37,0,81,0,7,29,4,40,33,18,66,4,121,94,0,94,215
03/13/2020,ISP,NY,AEA,EN,Towers with Radar,38,9,22,0,69,0,0,12,0,12,38,9,34,0,81,22,0,22,103
03/14/2020,ISP,NY,AEA,EN,Towers with Radar,27,8,44,0,79,0,0,196,0,196,27,8,240,0,275,272,0,272,547
03/15/2020,ISP,NY,AEA,EN,Towers with Radar,36,11,33,0,80,0,4,210,0,214,36,15,243,0,294,308,0,308,602
03/16/2020,ISP,NY,AEA,EN,Towers with Radar,33,11,32,0,76,0,1,120,3,124,33,12,152,3,200,420,0,420,620
03/17/2020,ISP,NY,AEA,EN,Towers with Radar,33,7,15,0,55,0,3,7,0,10,33,10,22,0,65,64,0,64,129
03/18/2020,ISP,NY,AEA,EN,Towers with Radar,32,7,29,1,69,0,3,184,6,193,32,10,213,7,262,380,0,380,642
03/19/2020,ISP,NY,AEA,EN,Towers with Radar,35,8,20,0,63,0,0,0,0,0,35,8,20,0,63,24,0,24,87
03/20/2020,ISP,NY,AEA,EN,Towers with Radar,31,10,9,0,50,0,0,4,0,4,31,10,13,0,54,10,0,10,64
03/21/2020,ISP,NY,AEA,EN,Towers with Radar,24,5,21,0,50,0,3,138,0,141,24,8,159,0,191,252,0,252,443
03/22/2020,ISP,NY,AEA,EN,Towers with Radar,34,5,12,0,51,0,0,105,0,105,34,5,117,0,156,264,0,264,420
03/23/2020,ISP,NY,AEA,EN,Towers with Radar,28,6,7,0,41,0,0,0,0,0,28,6,7,0,41,0,0,0,41
03/24/2020,ISP,NY,AEA,EN,Towers with Radar,28,9,8,0,45,0,6,43,4,53,28,15,51,4,98,48,0,48,146
03/25/2020,ISP,NY,AEA,EN,Towers with Radar,25,2,7,0,34,0,2,7,4,13,25,4,14,4,47,22,0,22,69
03/26/2020,ISP,NY,AEA,EN,Towers with Radar,22,6,13,0,41,0,6,68,3,77,22,12,81,3,118,72,0,72,190
03/27/2020,ISP,NY,AEA,EN,Towers with Radar,20,5,10,0,35,0,6,35,0,41,20,11,45,0,76,22,0,22,98
03/28/2020,ISP,NY,AEA,EN,Towers with Radar,14,5,11,0,30,0,0,16,0,16,14,5,27,0,46,24,0,24,70
03/29/2020,ISP,NY,AEA,EN,Towers with Radar,16,7,14,0,37,0,0,0,0,0,16,7,14,0,37,0,0,0,37
03/30/2020,ISP,NY,AEA,EN,Towers with Radar,15,7,9,0,31,0,0,9,2,11,15,7,18,2,42,24,0,24,66
03/31/2020,ISP,NY,AEA,EN,Towers with Radar,15,6,8,0,29,0,8,23,4,35,15,14,31,4,64,70,0,70,134
04/01/2020,ISP,NY,AEA,EN,Towers with Radar,12,8,6,1,27,0,8,29,5,42,12,16,35,6,69,28,0,28,97
04/02/2020,ISP,NY,AEA,EN,Towers with Radar,8,10,3,0,21,0,2,19,4,25,8,12,22,4,46,8,0,8,54
04/03/2020,ISP,NY,AEA,EN,Towers with Radar,8,4,4,0,16,0,2,6,0,8,8,6,10,0,24,0,0,0,24
04/04/2020,ISP,NY,AEA,EN,Towers with Radar,8,11,16,0,35,0,2,26,0,28,8,13,42,0,63,30,0,30,93
04/05/2020,ISP,NY,AEA,EN,Towers with Radar,10,6,18,0,34,0,2,17,0,19,10,8,35,0,53,26,0,26,79
04/06/2020,ISP,NY,AEA,EN,Towers with Radar,8,6,14,0,28,0,2,73,1,76,8,8,87,1,104,62,0,62,166
04/07/2020,ISP,NY,AEA,EN,Towers with Radar,10,3,7,2,22,0,2,42,3,47,10,5,49,5,69,70,0,70,139
04/08/2020,ISP,NY,AEA,EN,Towers with Radar,8,1,8,0,17,0,6,9,3,18,8,7,17,3,35,14,0,14,49
04/09/2020,ISP,NY,AEA,EN,Towers with Radar,8,3,1,0,12,0,2,0,0,2,8,5,1,0,14,0,0,0,14
04/10/2020,ISP,NY,AEA,EN,Towers with Radar,10,3,9,0,22,0,9,4,0,13,10,12,13,0,35,0,0,0,35
04/11/2020,ISP,NY,AEA,EN,Towers with Radar,12,4,7,0,23,0,3,35,0,38,12,7,42,0,61,48,0,48,109
04/12/2020,ISP,NY,AEA,EN,Towers with Radar,10,0,8,0,18,0,2,41,0,43,10,2,49,0,61,72,0,72,133
04/13/2020,ISP,NY,AEA,EN,Towers with Radar,2,0,2,0,4,0,0,0,0,0,2,0,2,0,4,0,0,0,4
04/14/2020,ISP,NY,AEA,EN,Towers with Radar,4,2,14,0,20,0,6,57,2,65,4,8,71,2,85,100,0,100,185
04/15/2020,ISP,NY,AEA,EN,Towers with Radar,6,0,5,1,12,0,2,19,3,24,6,2,24,4,36,22,0,22,58
04/16/2020,ISP,NY,AEA,EN,Towers with Radar,6,0,5,0,11,0,2,26,8,36,6,2,31,8,47,22,0,22,69
04/17/2020,ISP,NY,AEA,EN,Towers with Radar,6,3,10,2,21,0,4,21,0,25,6,7,31,2,46,32,0,32,78
04/18/2020,ISP,NY,AEA,EN,Towers with Radar,6,1,7,0,14,0,0,5,0,5,6,1,12,0,19,6,0,6,25
04/19/2020,ISP,NY,AEA,EN,Towers with Radar,2,0,13,0,15,0,4,51,0,55,2,4,64,0,70,34,0,34,104
04/20/2020,ISP,NY,AEA,EN,Towers with Radar,8,0,14,0,22,0,2,28,6,36,8,2,42,6,58,66,0,66,124
04/21/2020,ISP,NY,AEA,EN,Towers with Radar,4,0,4,0,8,0,3,6,2,11,4,3,10,2,19,0,0,0,19
04/22/2020,ISP,NY,AEA,EN,Towers with Radar,4,3,1,0,8,0,2,18,8,28,4,5,19,8,36,48,0,48,84
04/23/2020,ISP,NY,AEA,EN,Towers with Radar,6,5,21,0,32,0,3,66,1,70,6,8,87,1,102,96,0,96,198
04/24/2020,ISP,NY,AEA,EN,Towers with Radar,4,0,11,0,15,0,2,2,0,4,4,2,13,0,19,0,0,0,19
04/25/2020,ISP,NY,AEA,EN,Towers with Radar,2,0,19,2,23,0,0,155,2,157,2,0,174,4,180,242,0,242,422
04/26/2020,ISP,NY,AEA,EN,Towers with Radar,2,3,13,0,18,0,0,5,0,5,2,3,18,0,23,0,0,0,23
04/27/2020,ISP,NY,AEA,EN,Towers with Radar,8,1,1,0,10,0,2,6,0,8,8,3,7,0,18,8,0,8,26
04/28/2020,ISP,NY,AEA,EN,Towers with Radar,4,2,17,3,26,0,4,119,3,126,4,6,136,6,152,128,0,128,280
04/29/2020,ISP,NY,AEA,EN,Towers with Radar,4,4,10,4,22,0,2,27,0,29,4,6,37,4,51,24,0,24,75
04/30/2020,ISP,NY,AEA,EN,Towers with Radar,4,2,3,0,9,0,0,0,0,0,4,2,3,0,9,0,0,0,9
05/01/2020,ISP,NY,AEA,EN,Towers with Radar,4,2,16,0,22,0,0,2,2,4,4,2,18,2,26,1,0,1,27
05/02/2020,ISP,NY,AEA,EN,Towers with Radar,4,0,17,2,23,0,3,73,2,78,4,3,90,4,101,72,0,72,173
05/03/2020,ISP,NY,AEA,EN,Towers with Radar,2,2,10,0,14,0,0,43,0,43,2,2,53,0,57,46,0,46,103
05/04/2020,ISP,NY,AEA,EN,Towers with Radar,4,3,17,0,24,0,0,40,5,45,4,3,57,5,69,48,0,48,117
05/05/2020,ISP,NY,AEA,EN,Towers with Radar,2,2,12,0,16,0,7,40,1,48,2,9,52,1,64,24,0,24,88
05/06/2020,ISP,NY,AEA,EN,Towers with Radar,2,4,11,1,18,0,4,15,3,22,2,8,26,4,40,18,0,18,58
05/07/2020,ISP,NY,AEA,EN,Towers with Radar,2,3,22,0,27,0,5,58,3,66,2,8,80,3,93,66,0,66,159
05/08/2020,ISP,NY,AEA,EN,Towers with Radar,4,2,13,0,19,0,5,42,0,47,4,7,55,0,66,70,0,70,136
05/09/2020,ISP,NY,AEA,EN,Towers with Radar,2,2,2,0,6,0,2,3,0,5,2,4,5,0,11,18,0,18,29
05/10/2020,ISP,NY,AEA,EN,Towers with Radar,2,5,12,0,19,0,0,21,0,21,2,5,33,0,40,8,0,8,48
05/11/2020,ISP,NY,AEA,EN,Towers with Radar,4,6,4,0,14,0,4,15,2,21,4,10,19,2,35,26,0,26,61
05/12/2020,ISP,NY,AEA,EN,Towers with Radar,2,2,16,0,20,0,2,33,4,39,2,4,49,4,59,0,0,0,59
05/13/2020,ISP,NY,AEA,EN,Towers with Radar,2,5,16,0,23,0,3,104,7,114,2,8,120,7,137,106,0,106,243
05/14/2020,ISP,NY,AEA,EN,Towers with Radar,3,4,16,0,23,0,8,77,2,87,3,12,93,2,110,70,0,70,180
05/15/2020,ISP,NY,AEA,EN,Towers with Radar,5,2,10,0,17,0,3,43,0,46,5,5,53,0,63,80,0,80,143
05/16/2020,ISP,NY,AEA,EN,Towers with Radar,2,3,5,0,10,0,6,71,0,77,2,9,76,0,87,78,0,78,165
05/17/2020,ISP,NY,AEA,EN,Towers with Radar,5,2,21,0,28,0,4,85,0,89,5,6,106,0,117,118,0,118,235
05/18/2020,ISP,NY,AEA,EN,Towers with Radar,7,2,5,2,16,0,8,27,2,37,7,10,32,4,53,38,2,40,93
05/19/2020,ISP,NY,AEA,EN,Towers with Radar,4,8,3,1,16,0,3,14,5,22,4,11,17,6,38,18,0,18,56
05/20/2020,ISP,NY,AEA,EN,Towers with Radar,4,4,9,0,17,0,9,28,8,45,4,13,37,8,62,36,0,36,98
05/21/2020,ISP,NY,AEA,EN,Towers with Radar,8,6,16,2,32,0,5,72,4,81,8,11,88,6,113,60,0,60,173
05/22/2020,ISP,NY,AEA,EN,Towers with Radar,10,3,9,0,22,0,3,74,0,77,10,6,83,0,99,64,0,64,163
05/23/2020,ISP,NY,AEA,EN,Towers with Radar,4,1,13,0,18,0,1,0,0,1,4,2,13,0,19,0,0,0,19
05/24/2020,ISP,NY,AEA,EN,Towers with Radar,6,0,12,0,18,0,1,18,0,19,6,1,30,0,37,46,0,46,83
05/25/2020,ISP,NY,AEA,EN,Towers with Radar,6,1,33,0,40,0,6,2,0,8,6,7,35,0,48,36,0,36,84
05/26/2020,ISP,NY,AEA,EN,Towers with Radar,4,2,15,3,24,0,0,18,3,21,4,2,33,6,45,56,0,56,101
05/27/2020,ISP,NY,AEA,EN,Towers with Radar,6,4,29,1,40,0,4,40,2,46,6,8,69,3,86,90,0,90,176
05/28/2020,ISP,NY,AEA,EN,Towers with Radar,4,4,17,0,25,0,4,4,0,8,4,8,21,0,33,24,0,24,57
05/29/2020,ISP,NY,AEA,EN,Towers with Radar,8,7,5,0,20,0,0,0,0,0,8,7,5,0,20,0,0,0,20
05/30/2020,ISP,NY,AEA,EN,Towers with Radar,4,4,21,0,29,0,2,69,0,71,4,6,90,0,100,134,0,134,234
05/31/2020,ISP,NY,AEA,EN,Towers with Radar,4,5,16,0,25,0,1,71,0,72,4,6,87,0,97,188,0,188,285
06/01/2020,ISP,NY,AEA,EN,Towers with Radar,8,6,11,0,25,0,2,87,9,98,8,8,98,9,123,306,0,306,429
06/02/2020,ISP,NY,AEA,EN,Towers with Radar,4,0,28,0,32,0,2,70,4,76,4,2,98,4,108,210,0,210,318
06/03/2020,ISP,NY,AEA,EN,Towers with Radar,4,5,19,0,28,0,3,34,1,38,4,8,53,1,66,80,0,80,146
06/04/2020,ISP,NY,AEA,EN,Towers with Radar,5,7,18,0,30,0,1,94,3,98,5,8,112,3,128,154,0,154,282
06/05/2020,ISP,NY,AEA,EN,Towers with Radar,7,3,27,0,37,0,1,9,0,10,7,4,36,0,47,96,0,96,143
06/06/2020,ISP,NY,AEA,EN,Towers with Radar,6,4,28,0,38,0,2,34,0,36,6,6,62,0,74,84,0,84,158
06/07/2020,ISP,NY,AEA,EN,Towers with Radar,12,6,28,0,46,0,6,81,2,89,12,12,109,2,135,82,0,82,217
06/08/2020,ISP,NY,AEA,EN,Towers with Radar,15,2,17,0,34,0,5,91,2,98,15,7,108,2,132,158,0,158,290
06/09/2020,ISP,NY,AEA,EN,Towers with Radar,10,1,21,2,34,0,4,84,5,93,10,5,105,7,127,194,14,208,335
06/10/2020,ISP,NY,AEA,EN,Towers with Radar,10,7,35,2,54,0,5,81,4,90,10,12,116,6,144,158,0,158,302
06/11/2020,ISP,NY,AEA,EN,Towers with Radar,10,5,14,0,29,0,1,0,0,1,10,6,14,0,30,0,0,0,30
06/12/2020,ISP,NY,AEA,EN,Towers with Radar,11,6,28,0,45,0,5,97,7,109,11,11,125,7,154,146,0,146,300
06/13/2020,ISP,NY,AEA,EN,Towers with Radar,12,3,26,0,41,0,3,131,2,136,12,6,157,2,177,172,0,172,349
06/14/2020,ISP,NY,AEA,EN,Towers with Radar,9,4,22,0,35,0,2,94,0,96,9,6,116,0,131,178,0,178,309
06/15/2020,ISP,NY,AEA,EN,Towers with Radar,11,3,24,0,38,0,8,94,4,106,11,11,118,4,144,314,24,338,482
06/16/2020,ISP,NY,AEA,EN,Towers with Radar,12,6,19,2,39,0,5,103,8,116,12,11,122,10,155,236,0,236,391
06/17/2020,ISP,NY,AEA,EN,Towers with Radar,10,3,35,2,50,0,3,85,2,90,10,6,120,4,140,212,26,238,378
06/18/2020,ISP,NY,AEA,EN,Towers with Radar,13,3,31,2,49,0,0,6,0,6,13,3,37,2,55,38,0,38,93
06/19/2020,ISP,NY,AEA,EN,Towers with Radar,11,7,35,0,53,0,4,61,0,65,11,11,96,0,118,70,0,70,188
06/20/2020,ISP,NY,AEA,EN,Towers with Radar,13,3,32,0,48,0,4,127,0,131,13,7,159,0,179,218,0,218,397
06/21/2020,ISP,NY,AEA,EN,Towers with Radar,12,5,18,0,35,0,6,92,0,98,12,11,110,0,133,134,0,134,267
06/22/2020,ISP,NY,AEA,EN,Towers with Radar,12,2,22,2,38,0,12,97,6,115,12,14,119,8,153,168,0,168,321
06/23/2020,ISP,NY,AEA,EN,Towers with Radar,12,7,18,1,38,0,3,91,6,100,12,10,109,7,138,246,0,246,384
06/24/2020,ISP,NY,AEA,EN,Towers with Radar,12,5,28,0,45,0,3,56,1,60,12,8,84,1,105,106,0,106,211
06/25/2020,ISP,NY,AEA,EN,Towers with Radar,14,1,27,1,43,0,4,92,4,100,14,5,119,5,143,282,0,282,425
06/26/2020,ISP,NY,AEA,EN,Towers with Radar,17,3,26,0,46,0,2,105,2,109,17,5,131,2,155,196,0,196,351
06/27/2020,ISP,NY,AEA,EN,Towers with Radar,15,4,22,0,41,0,1,69,0,70,15,5,91,0,111,196,0,196,307
06/28/2020,ISP,NY,AEA,EN,Towers with Radar,16,8,12,0,36,0,1,82,0,83,16,9,94,0,119,184,0,184,303
06/29/2020,ISP,NY,AEA,EN,Towers with Radar,16,2,19,0,37,0,0,66,4,70,16,2,85,4,107,284,0,284,391
06/30/2020,ISP,NY,AEA,EN,Towers with Radar,12,3,25,0,40,0,1,19,2,22,12,4,44,2,62,98,12,110,172
07/01/2020,ISP,NY,AEA,EN,Towers with Radar,15,14,25,0,54,0,3,34,1,38,15,17,59,1,92,222,0,222,314
07/02/2020,ISP,NY,AEA,EN,Towers with Radar,16,7,20,0,43,0,2,131,9,142,16,9,151,9,185,168,0,168,353
07/03/2020,ISP,NY,AEA,EN,Towers with Radar,19,1,31,0,51,0,5,95,0,100,19,6,126,0,151,128,0,128,279
07/04/2020,ISP,NY,AEA,EN,Towers with Radar,16,0,20,0,36,0,4,60,0,64,16,4,80,0,100,92,0,92,192
07/05/2020,ISP,NY,AEA,EN,Towers with Radar,18,5,26,0,49,0,2,65,0,67,18,7,91,0,116,90,0,90,206
07/06/2020,ISP,NY,AEA,EN,Towers with Radar,20,9,26,0,55,0,0,134,2,136,20,9,160,2,191,200,0,200,391
07/07/2020,ISP,NY,AEA,EN,Towers with Radar,13,6,39,2,60,0,1,2,0,3,13,7,41,2,63,0,0,0,63
07/08/2020,ISP,NY,AEA,EN,Towers with Radar,15,8,28,0,51,0,5,30,6,41,15,13,58,6,92,106,4,110,202
07/09/2020,ISP,NY,AEA,EN,Towers with Radar,16,5,24,1,46,0,3,150,10,163,16,8,174,11,209,436,0,436,645
07/10/2020,ISP,NY,AEA,EN,Towers with Radar,8,10,9,0,27,0,1,1,0,2,8,11,10,0,29,0,0,0,29
07/11/2020,ISP,NY,AEA,EN,Towers with Radar,10,3,31,0,44,0,0,0,0,0,10,3,31,0,44,8,0,8,52
07/12/2020,ISP,NY,AEA,EN,Towers with Radar,15,6,31,0,52,0,2,174,2,178,15,8,205,2,230,288,0,288,518
07/13/2020,ISP,NY,AEA,EN,Towers with Radar,12,2,18,2,34,0,4,126,4,134,12,6,144,6,168,364,0,364,532
07/14/2020,ISP,NY,AEA,EN,Towers with Radar,10,13,31,3,57,0,6,210,7,223,10,19,241,10,280,424,0,424,704
07/15/2020,ISP,NY,AEA,EN,Towers with Radar,14,7,22,6,49,0,4,139,4,147,14,11,161,10,196,536,0,536,732
07/16/2020,ISP,NY,AEA,EN,Towers with Radar,15,4,18,0,37,0,4,186,6,196,15,8,204,6,233,422,0,422,655
07/17/2020,ISP,NY,AEA,EN,Towers with Radar,14,5,40,0,59,0,3,10,2,15,14,8,50,2,74,22,4,26,100
07/18/2020,ISP,NY,AEA,EN,Towers with Radar,10,5,30,1,46,0,5,185,5,195,10,10,215,6,241,284,0,284,525
07/19/2020,ISP,NY,AEA,EN,Towers with Radar,16,11,35,0,62,0,1,152,0,153,16,12,187,0,215,176,0,176,391
07/20/2020,ISP,NY,AEA,EN,Towers with Radar,14,10,16,0,40,0,5,130,10,145,14,15,146,10,185,328,0,328,513
07/21/2020,ISP,NY,AEA,EN,Towers with Radar,12,11,42,0,65,0,8,209,8,225,12,19,251,8,290,312,0,312,602
07/22/2020,ISP,NY,AEA,EN,Towers with Radar,11,11,35,1,58,0,8,123,5,136,11,19,158,6,194,368,0,368,562
07/23/2020,ISP,NY,AEA,EN,Towers with Radar,13,17,28,0,58,0,1,110,12,123,13,18,138,12,181,214,25,239,420
07/24/2020,ISP,NY,AEA,EN,Towers with Radar,13,7,35,2,57,0,3,66,2,71,13,10,101,4,128,166,0,166,294
07/25/2020,ISP,NY,AEA,EN,Towers with Radar,12,4,58,0,74,0,9,162,6,177,12,13,220,6,251,302,0,302,553
07/26/2020,ISP,NY,AEA,EN,Towers with Radar,13,12,21,0,46,0,1,145,6,152,13,13,166,6,198,248,0,248,446
07/27/2020,ISP,NY,AEA,EN,Towers with Radar,11,7,20,2,40,0,4,177,12,193,11,11,197,14,233,382,0,382,615
07/28/2020,ISP,NY,AEA,EN,Towers with Radar,10,6,19,1,36,0,4,123,11,138,10,10,142,12,174,270,0,270,444
07/29/2020,ISP,NY,AEA,EN,Towers with Radar,12,3,33,0,48,0,1,201,20,222,12,4,234,20,270,402,0,402,672
07/30/2020,ISP,NY,AEA,EN,Towers with Radar,12,5,22,0,39,0,4,150,9,163,12,9,172,9,202,318,0,318,520
07/31/2020,ISP,NY,AEA,EN,Towers with Radar,12,8,30,1,51,0,3,32,3,38,12,11,62,4,89,124,0,124,213
08/01/2020,ISP,NY,AEA,EN,Towers with Radar,9,6,34,0,49,0,3,192,2,197,9,9,226,2,246,308,0,308,554
08/02/2020,ISP,NY,AEA,EN,Towers with Radar,12,4,15,0,31,0,6,19,0,25,12,10,34,0,56,20,0,20,76
08/03/2020,ISP,NY,AEA,EN,Towers with Radar,10,5,17,2,34,0,7,182,3,192,10,12,199,5,226,374,0,374,600
08/04/2020,ISP,NY,AEA,EN,Towers with Radar,6,3,0,0,9,0,1,0,2,3,6,4,0,2,12,0,0,0,12
08/05/2020,ISP,NY,AEA,EN,Towers with Radar,8,11,35,0,54,0,6,165,6,177,8,17,200,6,231,314,0,314,545
08/06/2020,ISP,NY,AEA,EN,Towers with Radar,17,11,20,1,49,0,8,109,2,119,17,19,129,3,168,312,20,332,500
08/07/2020,ISP,NY,AEA,EN,Towers with Radar,9,5,29,3,46,0,1,45,1,47,9,6,74,4,93,152,6,158,251
08/08/2020,ISP,NY,AEA,EN,Towers with Radar,11,6,38,0,55,0,0,44,0,44,11,6,82,0,99,80,0,80,179
08/09/2020,ISP,NY,AEA,EN,Towers with Radar,16,9,33,0,58,0,1,156,0,157,16,10,189,0,215,280,0,280,495
08/10/2020,ISP,NY,AEA,EN,Towers with Radar,11,8,26,1,46,0,4,178,6,188,11,12,204,7,234,310,26,336,570
08/11/2020,ISP,NY,AEA,EN,Towers with Radar,12,5,37,2,56,0,1,52,2,55,12,6,89,4,111,82,0,82,193
08/12/2020,ISP,NY,AEA,EN,Towers with Radar,12,9,33,0,54,0,3,28,0,31,12,12,61,0,85,90,0,90,175
08/13/2020,ISP,NY,AEA,EN,Towers with Radar,19,7,21,0,47,0,5,53,6,64,19,12,74,6,111,74,32,106,217
08/14/2020,ISP,NY,AEA,EN,Towers with Radar,15,9,34,1,59,0,3,160,3,166,15,12,194,4,225,378,0,378,603
08/15/2020,ISP,NY,AEA,EN,Towers with Radar,15,4,30,1,50,0,4,147,4,155,15,8,177,5,205,398,0,398,603
08/16/2020,ISP,NY,AEA,EN,Towers with Radar,18,9,35,0,62,0,0,2,0,2,18,9,37,0,64,0,0,0,64
08/17/2020,ISP,NY,AEA,EN,Towers with Radar,15,2,21,2,40,0,5,138,4,147,15,7,159,6,187,356,0,356,543
08/18/2020,ISP,NY,AEA,EN,Towers with Radar,11,6,34,1,52,0,15,152,6,173,11,21,186,7,225,342,0,342,567
08/19/2020,ISP,NY,AEA,EN,Towers with Radar,12,20,25,6,63,0,4,42,3,49,12,24,67,9,112,124,4,128,240
08/20/2020,ISP,NY,AEA,EN,Towers with Radar,19,9,31,4,63,0,9,204,7,220,19,18,235,11,283,378,0,378,661
08/21/2020,ISP,NY,AEA,EN,Towers with Radar,13,6,49,0,68,0,9,231,2,242,13,15,280,2,310,318,0,318,628
08/22/2020,ISP,NY,AEA,EN,Towers with Radar,17,18,24,0,59,0,1,121,0,122,17,19,145,0,181,226,0,226,407
08/23/2020,ISP,NY,AEA,EN,Towers with Radar,16,10,35,0,61,0,3,132,1,136,16,13,167,1,197,306,0,306,503
08/24/2020,ISP,NY,AEA,EN,Towers with Radar,15,6,22,0,43,0,0,103,4,107,15,6,125,4,150,288,0,288,438
08/25/2020,ISP,NY,AEA,EN,Towers with Radar,12,15,28,0,55,0,6,120,5,131,12,21,148,5,186,170,0,170,356
08/26/2020,ISP,NY,AEA,EN,Towers with Radar,12,16,23,2,53,0,12,205,4,221,12,28,228,6,274,170,8,178,452
08/27/2020,ISP,NY,AEA,EN,Towers with Radar,19,16,25,0,60,0,4,94,0,98,19,20,119,0,158,192,0,192,350
08/28/2020,ISP,NY,AEA,EN,Towers with Radar,13,12,36,1,62,0,10,177,4,191,13,22,213,5,253,332,0,332,585
08/29/2020,ISP,NY,AEA,EN,Towers with Radar,15,6,10,0,31,0,0,6,0,6,15,6,16,0,37,0,0,0,37
08/30/2020,ISP,NY,AEA,EN,Towers with Radar,16,15,38,0,69,0,5,181,0,186,16,20,219,0,255,272,0,272,527
08/31/2020,ISP,NY,AEA,EN,Towers with Radar,15,11,29,0,55,0,12,162,5,179,15,23,191,5,234,488,0,488,722
09/01/2020,ISP,NY,AEA,EN,Towers with Radar,12,8,40,2,62,0,3,77,4,84,12,11,117,6,146,190,0,190,336
09/02/2020,ISP,NY,AEA,EN,Towers with Radar,12,21,38,2,73,0,0,2,2,4,12,21,40,4,77,20,26,46,123
09/03/2020,ISP,NY,AEA,EN,Towers with Radar,18,7,50,2,77,0,12,128,4,144,18,19,178,6,221,282,0,282,503
09/04/2020,ISP,NY,AEA,EN,Towers with Radar,14,9,33,0,56,0,6,207,2,215,14,15,240,2,271,396,0,396,667
09/05/2020,ISP,NY,AEA,EN,Towers with Radar,16,8,29,0,53,0,8,179,0,187,16,16,208,0,240,262,0,262,502
09/06/2020,ISP,NY,AEA,EN,Towers with Radar,9,3,30,0,42,0,7,130,0,137,9,10,160,0,179,196,0,196,375
09/07/2020,ISP,NY,AEA,EN,Towers with Radar,7,9,42,0,58,0,4,158,0,162,7,13,200,0,220,200,0,200,420
09/08/2020,ISP,NY,AEA,EN,Towers with Radar,8,13,18,3,42,0,10,95,5,110,8,23,113,8,152,156,0,156,308
09/09/2020,ISP,NY,AEA,EN,Towers with Radar,5,10,45,1,61,0,3,75,3,81,5,13,120,4,142,232,18,250,392
09/10/2020,ISP,NY,AEA,EN,Towers with Radar,9,9,18,0,36,0,0,14,2,16,9,9,32,2,52,0,0,0,52
09/11/2020,ISP,NY,AEA,EN,Towers with Radar,8,8,41,0,57,0,6,150,4,160,8,14,191,4,217,228,0,228,445
09/12/2020,ISP,NY,AEA,EN,Towers with Radar,8,7,25,0,40,0,25,176,6,207,8,32,201,6,247,378,0,378,625
09/13/2020,ISP,NY,AEA,EN,Towers with Radar,10,9,24,0,43,0,2,58,1,61,10,11,82,1,104,328,0,328,432
09/14/2020,ISP,NY,AEA,EN,Towers with Radar,7,5,28,0,40,0,14,116,4,134,7,19,144,4,174,200,0,200,374
09/15/2020,ISP,NY,AEA,EN,Towers with Radar,5,6,33,4,48,0,17,179,5,201,5,23,212,9,249,270,0,270,519
09/16/2020,ISP,NY,AEA,EN,Towers with Radar,6,8,39,0,53,0,26,154,6,186,6,34,193,6,239,442,0,442,681
09/17/2020,ISP,NY,AEA,EN,Towers with Radar,10,15,36,0,61,0,16,126,7,149,10,31,162,7,210,374,18,392,602
09/18/2020,ISP,NY,AEA,EN,Towers with Radar,10,4,36,0,50,0,7,61,0,68,10,11,97,0,118,88,0,88,206
09/19/2020,ISP,NY,AEA,EN,Towers with Radar,9,5,25,0,39,0,14,156,0,170,9,19,181,0,209,235,0,235,444
09/20/2020,ISP,NY,AEA,EN,Towers with Radar,10,9,24,0,43,0,10,109,0,119,10,19,133,0,162,242,0,242,404
09/21/2020,ISP,NY,AEA,EN,Towers with Radar,7,9,30,0,46,0,11,133,3,147,7,20,163,3,193,290,0,290,483
09/22/2020,ISP,NY,AEA,EN,Towers with Radar,8,2,32,0,42,0,13,121,1,135,8,15,153,1,177,222,0,222,399
09/23/2020,ISP,NY,AEA,EN,Towers with Radar,6,4,40,0,50,0,11,184,4,199,6,15,224,4,249,286,10,296,545
09/24/2020,ISP,NY,AEA,EN,Towers with Radar,9,9,49,0,67,0,13,163,2,178,9,22,212,2,245,360,0,360,605
09/25/2020,ISP,NY,AEA,EN,Towers with Radar,12,11,38,2,63,0,13,127,0,140,12,24,165,2,203,296,0,296,499
09/26/2020,ISP,NY,AEA,EN,Towers with Radar,11,5,30,0,46,0,8,93,0,101,11,13,123,0,147,222,0,222,369
09/27/2020,ISP,NY,AEA,EN,Towers with Radar,11,12,37,0,60,0,0,11,0,11,11,12,48,0,71,36,0,36,107
09/28/2020,ISP,NY,AEA,EN,Towers with Radar,7,2,33,0,42,0,0,21,0,21,7,2,54,0,63,32,0,32,95
09/29/2020,ISP,NY,AEA,EN,Towers with Radar,8,3,36,1,48,0,1,9,1,11,8,4,45,2,59,10,0,10,69
09/30/2020,ISP,NY,AEA,EN,Towers with Radar,6,3,18,0,27,0,9,49,0,58,6,12,67,0,85,50,0,50,135
10/01/2020,ISP,NY,AEA,EN,Towers with Radar,9,10,43,1,63,0,17,202,5,224,9,27,245,6,287,324,0,324,611
10/02/2020,ISP,NY,AEA,EN,Towers with Radar,10,11,31,0,52,0,12,157,0,169,10,23,188,0,221,392,0,392,613
10/03/2020,ISP,NY,AEA,EN,Towers with Radar,9,10,38,0,57,0,25,198,0,223,9,35,236,0,280,312,0,312,592
10/04/2020,ISP,NY,AEA,EN,Towers with Radar,13,8,32,0,53,0,6,176,0,182,13,14,208,0,235,354,0,354,589
10/05/2020,ISP,NY,AEA,EN,Towers with Radar,14,7,46,0,67,0,2,55,0,57,14,9,101,0,124,260,0,260,384
10/06/2020,ISP,NY,AEA,EN,Towers with Radar,9,8,28,0,45,0,14,127,4,145,9,22,155,4,190,298,0,298,488
10/07/2020,ISP,NY,AEA,EN,Towers with Radar,11,13,16,0,40,0,7,52,3,62,11,20,68,3,102,122,0,122,224
10/08/2020,ISP,NY,AEA,EN,Towers with Radar,18,8,25,1,52,0,10,82,3,95,18,18,107,4,147,128,0,128,275
10/09/2020,ISP,NY,AEA,EN,Towers with Radar,16,14,31,0,61,0,17,176,1,194,16,31,207,1,255,310,0,310,565
10/10/2020,ISP,NY,AEA,EN,Towers with Radar,16,6,16,0,38,0,5,92,0,97,16,11,108,0,135,84,0,84,219
10/11/2020,ISP,NY,AEA,EN,Towers with Radar,17,8,35,0,60,0,3,131,0,134,17,11,166,0,194,348,0,348,542
10/12/2020,ISP,NY,AEA,EN,Towers with Radar,17,7,14,0,38,0,0,0,0,0,17,7,14,0,38,0,0,0,38
10/13/2020,ISP,NY,AEA,EN,Towers with Radar,13,5,21,0,39,0,1,0,0,1,13,6,21,0,40,0,0,0,40
10/14/2020,ISP,NY,AEA,EN,Towers with Radar,10,19,55,1,85,0,12,222,10,244,10,31,277,11,329,298,14,312,641
10/15/2020,ISP,NY,AEA,EN,Towers with Radar,15,13,26,3,57,0,9,111,11,131,15,22,137,14,188,164,18,182,370
10/16/2020,ISP,NY,AEA,EN,Towers with Radar,15,10,30,2,57,0,1,4,0,5,15,11,34,2,62,0,0,0,62
10/17/2020,ISP,NY,AEA,EN,Towers with Radar,16,7,39,2,64,0,26,163,10,199,16,33,202,12,263,402,0,402,665
10/18/2020,ISP,NY,AEA,EN,Towers with Radar,16,12,27,0,55,0,9,208,2,219,16,21,235,2,274,358,0,358,632
10/19/2020,ISP,NY,AEA,EN,Towers with Radar,15,14,35,0,64,0,9,126,2,137,15,23,161,2,201,356,0,356,557
10/20/2020,ISP,NY,AEA,EN,Towers with Radar,12,5,21,0,38,0,0,0,0,0,12,5,21,0,38,0,0,0,38
10/21/2020,ISP,NY,AEA,EN,Towers with Radar,10,3,47,0,60,0,0,0,0,0,10,3,47,0,60,0,0,0,60
10/22/2020,ISP,NY,AEA,EN,Towers with Radar,15,11,42,0,68,0,0,8,0,8,15,11,50,0,76,40,0,40,116
10/23/2020,ISP,NY,AEA,EN,Towers with Radar,16,11,45,0,72,0,0,0,0,0,16,11,45,0,72,0,0,0,72
10/24/2020,ISP,NY,AEA,EN,Towers with Radar,15,6,54,0,75,0,4,47,0,51,15,10,101,0,126,184,0,184,310
10/25/2020,ISP,NY,AEA,EN,Towers with Radar,15,8,46,0,69,0,4,226,2,232,15,12,272,2,301,484,0,484,785
10/26/2020,ISP,NY,AEA,EN,Towers with Radar,16,6,18,0,40,0,0,2,0,2,16,6,20,0,42,0,0,0,42
10/27/2020,ISP,NY,AEA,EN,Towers with Radar,11,6,38,0,55,0,19,153,3,175,11,25,191,3,230,288,0,288,518
10/28/2020,ISP,NY,AEA,EN,Towers with Radar,10,10,26,0,46,0,2,16,0,18,10,12,42,0,64,46,52,98,162
10/29/2020,ISP,NY,AEA,EN,Towers with Radar,15,11,14,0,40,0,1,0,0,1,15,12,14,0,41,0,0,0,41
10/30/2020,ISP,NY,AEA,EN,Towers with Radar,18,10,11,0,39,0,1,7,0,8,18,11,18,0,47,58,0,58,105
10/31/2020,ISP,NY,AEA,EN,Towers with Radar,14,11,49,0,74,0,10,238,0,248,14,21,287,0,322,478,0,478,800
11/01/2020,ISP,NY,AEA,EN,Towers with Radar,16,8,32,0,56,0,0,50,0,50,16,8,82,0,106,146,0,146,252
11/02/2020,ISP,NY,AEA,EN,Towers with Radar,18,7,4,0,29,0,2,6,1,9,18,9,10,1,38,10,0,10,48
11/03/2020,ISP,NY,AEA,EN,Towers with Radar,10,3,21,0,34,0,7,66,8,81,10,10,87,8,115,120,0,120,235
11/04/2020,ISP,NY,AEA,EN,Towers with Radar,9,8,53,2,72,0,16,217,11,244,9,24,270,13,316,358,0,358,674
11/05/2020,ISP,NY,AEA,EN,Towers with Radar,20,13,36,1,70,0,3,124,10,137,20,16,160,11,207,200,24,224,431
11/06/2020,ISP,NY,AEA,EN,Towers with Radar,21,11,34,1,67,0,10,137,7,154,21,21,171,8,221,204,0,204,425
11/07/2020,ISP,NY,AEA,EN,Towers with Radar,19,14,35,4,72,0,7,233,11,251,19,21,268,15,323,332,0,332,655
11/08/2020,ISP,NY,AEA,EN,Towers with Radar,18,10,37,2,67,0,5,197,5,207,18,15,234,7,274,378,0,378,652
11/09/2020,ISP,NY,AEA,EN,Towers with Radar,18,11,49,2,80,0,6,153,4,163,18,17,202,6,243,292,14,306,549
11/10/2020,ISP,NY,AEA,EN,Towers with Radar,7,10,38,4,59,0,7,161,2,170,7,17,199,6,229,372,0,372,601
11/11/2020,ISP,NY,AEA,EN,Towers with Radar,8,4,6,0,18,0,1,4,0,5,8,5,10,0,23,0,0,0,23
11/12/2020,ISP,NY,AEA,EN,Towers with Radar,19,15,18,0,52,0,2,11,5,18,19,17,29,5,70,62,32,94,164
11/13/2020,ISP,NY,AEA,EN,Towers with Radar,18,13,25,0,56,0,2,4,0,6,18,15,29,0,62,0,0,0,62
11/14/2020,ISP,NY,AEA,EN,Towers with Radar,18,5,41,0,64,0,8,195,0,203,18,13,236,0,267,346,0,346,613
11/15/2020,ISP,NY,AEA,EN,Towers with Radar,22,12,20,0,54,0,2,63,2,67,22,14,83,2,121,166,0,166,287
11/16/2020,ISP,NY,AEA,EN,Towers with Radar,19,8,13,0,40,0,9,57,0,66,19,17,70,0,106,184,0,184,290
11/17/2020,ISP,NY,AEA,EN,Towers with Radar,6,15,28,1,50,0,3,106,4,113,6,18,134,5,163,288,0,288,451
11/18/2020,ISP,NY,AEA,EN,Towers with Radar,7,3,23,4,37,0,7,80,13,100,7,10,103,17,137,48,22,70,207
11/19/2020,ISP,NY,AEA,EN,Towers with Radar,19,12,38,3,72,0,7,146,5,158,19,19,184,8,230,322,8,330,560
11/20/2020,ISP,NY,AEA,EN,Towers with Radar,19,11,47,0,77,0,13,134,4,151,19,24,181,4,228,210,0,210,438
11/21/2020,ISP,NY,AEA,EN,Towers with Radar,30,9,29,0,68,0,11,179,0,190,30,20,208,0,258,376,0,376,634
11/22/2020,ISP,NY,AEA,EN,Towers with Radar,20,10,24,0,54,0,0,49,0,49,20,10,73,0,103,332,0,332,435
11/23/2020,ISP,NY,AEA,EN,Towers with Radar,21,9,21,2,53,0,2,16,5,23,21,11,37,7,76,32,0,32,108
11/24/2020,ISP,NY,AEA,EN,Towers with Radar,17,18,46,0,81,0,6,185,9,200,17,24,231,9,281,424,0,424,705
11/25/2020,ISP,NY,AEA,EN,Towers with Radar,18,11,29,0,58,0,2,110,2,114,18,13,139,2,172,328,0,328,500
11/26/2020,ISP,NY,AEA,EN,Towers with Radar,12,4,5,0,21,0,0,0,0,0,12,4,5,0,21,0,0,0,21
11/27/2020,ISP,NY,AEA,EN,Towers with Radar,20,7,35,0,62,0,4,169,0,173,20,11,204,0,235,298,0,298,533
11/28/2020,ISP,NY,AEA,EN,Towers with Radar,26,10,31,0,67,0,6,185,0,191,26,16,216,0,258,252,0,252,510
11/29/2020,ISP,NY,AEA,EN,Towers with Radar,20,20,26,0,66,0,4,197,0,201,20,24,223,0,267,340,0,340,607
11/30/2020,ISP,NY,AEA,EN,Towers with Radar,20,6,7,0,33,0,0,0,0,0,20,6,7,0,33,0,0,0,33
12/01/2020,ISP,NY,AEA,EN,Towers with Radar,15,11,23,0,49,0,6,48,2,56,15,17,71,2,105,62,14,76,181
12/02/2020,ISP,NY,AEA,EN,Towers with Radar,8,6,23,3,40,0,3,84,9,96,8,9,107,12,136,220,0,220,356
12/03/2020,ISP,NY,AEA,EN,Towers with Radar,11,16,41,3,71,0,19,219,11,249,11,35,260,14,320,360,10,370,690
12/04/2020,ISP,NY,AEA,EN,Towers with Radar,12,15,23,1,51,0,20,82,2,104,12,35,105,3,155,362,0,362,517
12/05/2020,ISP,NY,AEA,EN,Towers with Radar,15,6,1,0,22,0,0,4,0,4,15,6,5,0,26,24,0,24,50
12/06/2020,ISP,NY,AEA,EN,Towers with Radar,11,13,23,0,47,0,9,92,0,101,11,22,115,0,148,150,0,150,298
12/07/2020,ISP,NY,AEA,EN,Towers with Radar,13,13,31,1,58,0,7,148,3,158,13,20,179,4,216,300,0,300,516
12/08/2020,ISP,NY,AEA,EN,Towers with Radar,7,7,11,0,25,0,6,55,4,65,7,13,66,4,90,268,10,278,368
12/09/2020,ISP,NY,AEA,EN,Towers with Radar,7,4,30,3,44,0,2,126,7,135,7,6,156,10,179,298,0,298,477
12/10/2020,ISP,NY,AEA,EN,Towers with Radar,11,12,30,2,55,0,10,143,14,167,11,22,173,16,222,278,36,314,536
12/11/2020,ISP,NY,AEA,EN,Towers with Radar,12,11,40,0,63,0,1,144,2,147,12,12,184,2,210,312,0,312,522
12/12/2020,ISP,NY,AEA,EN,Towers with Radar,18,2,21,0,41,0,0,0,0,0,18,2,21,0,41,0,0,0,41
12/13/2020,ISP,NY,AEA,EN,Towers with Radar,11,10,33,0,54,0,0,195,0,195,11,10,228,0,249,262,0,262,511
12/14/2020,ISP,NY,AEA,EN,Towers with Radar,11,12,16,0,39,0,0,6,0,6,11,12,22,0,45,30,0,30,75
12/15/2020,ISP,NY,AEA,EN,Towers with Radar,8,13,30,2,53,0,9,141,6,156,8,22,171,8,209,262,0,262,471
12/16/2020,ISP,NY,AEA,EN,Towers with Radar,2,10,15,2,29,0,3,50,3,56,2,13,65,5,85,234,0,234,319
12/17/2020,ISP,NY,AEA,EN,Towers with Radar,10,14,3,0,27,0,0,2,2,4,10,14,5,2,31,0,10,10,41
12/18/2020,ISP,NY,AEA,EN,Towers with Radar,19,32,15,0,66,0,11,58,2,71,19,43,73,2,137,78,0,78,215
12/19/2020,ISP,NY,AEA,EN,Towers with Radar,29,14,20,0,63,0,1,86,0,87,29,15,106,0,150,200,0,200,350
12/20/2020,ISP,NY,AEA,EN,Towers with Radar,18,11,14,0,43,0,0,36,0,36,18,11,50,0,79,70,0,70,149
12/21/2020,ISP,NY,AEA,EN,Towers with Radar,19,9,24,1,53,0,0,36,4,40,19,9,60,5,93,158,14,172,265
12/22/2020,ISP,NY,AEA,EN,Towers with Radar,20,8,19,0,47,0,6,83,2,91,20,14,102,2,138,194,0,194,332
12/23/2020,ISP,NY,AEA,EN,Towers with Radar,23,14,35,0,72,0,9,187,2,198,23,23,222,2,270,342,0,342,612
12/24/2020,ISP,NY,AEA,EN,Towers with Radar,14,8,8,0,30,0,3,25,0,28,14,11,33,0,58,50,0,50,108
12/25/2020,ISP,NY,AEA,EN,Towers with Radar,16,8,2,0,26,0,2,0,0,2,16,10,2,0,28,0,0,0,28
12/26/2020,ISP,NY,AEA,EN,Towers with Radar,32,19,16,0,67,0,5,97,0,102,32,24,113,0,169,126,0,126,295
12/27/2020,ISP,NY,AEA,EN,Towers with Radar,26,14,29,0,69,0,2,152,1,155,26,16,181,1,224,266,0,266,490
12/28/2020,ISP,NY,AEA,EN,Towers with Radar,22,9,36,1,68,0,12,85,5,102,22,21,121,6,170,256,8,264,434
12/29/2020,ISP,NY,AEA,EN,Towers with Radar,22,16,12,10,60,0,2,60,7,69,22,18,72,17,129,100,10,110,239
12/30/2020,ISP,NY,AEA,EN,Towers with Radar,21,21,21,0,63,0,8,217,4,229,21,29,238,4,292,356,0,356,648
12/31/2020,ISP,NY,AEA,EN,Towers with Radar,14,14,10,1,39,0,4,24,1,29,14,18,34,2,68,54,0,54,122
01/01/2021,ISP,NY,AEA,EN,Towers with Radar,16,7,12,0,35,0,2,58,0,60,16,9,70,0,95,82,0,82,177
01/02/2021,ISP,NY,AEA,EN,Towers with Radar,33,9,19,0,61,0,4,35,0,39,33,13,54,0,100,32,0,32,132
01/03/2021,ISP,NY,AEA,EN,Towers with Radar,26,37,31,0,94,0,0,5,2,7,26,37,36,2,101,132,0,132,233
01/04/2021,ISP,NY,AEA,EN,Towers with Radar,20,11,28,0,59,0,3,116,4,123,20,14,144,4,182,218,0,218,400
01/05/2021,ISP,NY,AEA,EN,Towers with Radar,24,7,34,0,65,0,11,126,6,143,24,18,160,6,208,328,0,328,536
01/06/2021,ISP,NY,AEA,EN,Towers with Radar,16,10,26,1,53,0,3,127,6,136,16,13,153,7,189,104,26,130,319
01/07/2021,ISP,NY,AEA,EN,Towers with Radar,14,7,28,2,51,0,3,141,5,149,14,10,169,7,200,270,16,286,486
01/08/2021,ISP,NY,AEA,EN,Towers with Radar,14,9,27,0,50,0,5,150,0,155,14,14,177,0,205,452,0,452,657
01/09/2021,ISP,NY,AEA,EN,Towers with Radar,15,4,26,0,45,0,7,140,0,147,15,11,166,0,192,236,0,236,428
01/10/2021,ISP,NY,AEA,EN,Towers with Radar,12,15,27,0,54,0,7,153,0,160,12,22,180,0,214,332,0,332,546
01/11/2021,ISP,NY,AEA,EN,Towers with Radar,9,11,20,3,43,0,6,121,5,132,9,17,141,8,175,428,2,430,605
01/12/2021,ISP,NY,AEA,EN,Towers with Radar,8,4,27,0,39,0,8,123,8,139,8,12,150,8,178,288,14,302,480
01/13/2021,ISP,NY,AEA,EN,Towers with Radar,8,10,44,1,63,0,8,140,4,152,8,18,184,5,215,352,42,394,609
01/14/2021,ISP,NY,AEA,EN,Towers with Radar,14,15,40,3,72,0,10,124,9,143,14,25,164,12,215,448,0,448,663
01/15/2021,ISP,NY,AEA,EN,Towers with Radar,14,19,15,0,48,0,0,13,0,13,14,19,28,0,61,0,0,0,61
01/16/2021,ISP,NY,AEA,EN,Towers with Radar,14,15,14,0,43,0,4,9,0,13,14,19,23,0,56,130,0,130,186
01/17/2021,ISP,NY,AEA,EN,Towers with Radar,16,12,18,0,46,0,2,40,0,42,16,14,58,0,88,38,0,38,126
01/18/2021,ISP,NY,AEA,EN,Towers with Radar,13,13,36,0,62,0,3,152,0,155,13,16,188,0,217,262,0,262,479
01/19/2021,ISP,NY,AEA,EN,Towers with Radar,9,8,22,0,39,0,7,99,7,113,9,15,121,7,152,262,16,278,430
01/20/2021,ISP,NY,AEA,EN,Towers with Radar,8,7,14,1,30,0,11,26,7,44,8,18,40,8,74,28,0,28,102
01/21/2021,ISP,NY,AEA,EN,Towers with Radar,14,8,39,0,61,0,7,143,1,151,14,15,182,1,212,316,0,316,528
01/22/2021,ISP,NY,AEA,EN,Towers with Radar,13,15,23,0,51,0,16,121,0,137,13,31,144,0,188,260,0,260,448
01/23/2021,ISP,NY,AEA,EN,Towers with Radar,13,6,11,0,30,0,0,22,8,30,13,6,33,8,60,8,0,8,68
01/24/2021,ISP,NY,AEA,EN,Towers with Radar,14,10,25,0,49,0,2,110,1,113,14,12,135,1,162,198,0,198,360
01/25/2021,ISP,NY,AEA,EN,Towers with Radar,14,12,33,0,59,0,8,160,2,170,14,20,193,2,229,356,0,356,585
01/26/2021,ISP,NY,AEA,EN,Towers with Radar,10,5,6,0,21,0,1,25,0,26,10,6,31,0,47,78,0,78,125
01/27/2021,ISP,NY,AEA,EN,Towers with Radar,8,6,13,0,27,0,3,26,3,32,8,9,39,3,59,138,0,138,197
01/28/2021,ISP,NY,AEA,EN,Towers with Radar,14,8,23,4,49,0,4,49,1,54,14,12,72,5,103,84,0,84,187
01/29/2021,ISP,NY,AEA,EN,Towers with Radar,13,9,9,0,31,0,3,4,0,7,13,12,13,0,38,0,0,0,38
01/30/2021,ISP,NY,AEA,EN,Towers with Radar,15,5,38,0,58,0,2,149,1,152,15,7,187,1,210,152,0,152,362
01/31/2021,ISP,NY,AEA,EN,Towers with Radar,7,11,45,0,63,0,2,147,0,149,7,13,192,0,212,398,0,398,610
02/01/2021,ISP,NY,AEA,EN,Towers with Radar,0,0,2,0,2,0,0,0,0,0,0,0,2,0,2,0,0,0,2
02/02/2021,ISP,NY,AEA,EN,Towers with Radar,5,6,10,0,21,0,0,1,0,1,5,6,11,0,22,0,0,0,22
02/03/2021,ISP,NY,AEA,EN,Towers with Radar,10,12,26,0,48,0,8,40,0,48,10,20,66,0,96,134,0,134,230
02/04/2021,ISP,NY,AEA,EN,Towers with Radar,12,10,35,0,57,0,11,137,4,152,12,21,172,4,209,192,0,192,401
02/05/2021,ISP,NY,AEA,EN,Towers with Radar,14,8,16,0,38,0,3,21,0,24,14,11,37,0,62,40,0,40,102
02/06/2021,ISP,NY,AEA,EN,Towers with Radar,15,6,34,0,55,0,8,116,0,124,15,14,150,0,179,178,0,178,357
02/07/2021,ISP,NY,AEA,EN,Towers with Radar,10,4,8,0,22,0,0,0,0,0,10,4,8,0,22,0,0,0,22
02/08/2021,ISP,NY,AEA,EN,Towers with Radar,13,19,31,1,64,0,13,87,9,109,13,32,118,10,173,30,2,32,205
02/09/2021,ISP,NY,AEA,EN,Towers with Radar,9,8,8,0,25,0,0,3,0,3,9,8,11,0,28,12,0,12,40
02/10/2021,ISP,NY,AEA,EN,Towers with Radar,8,22,52,0,82,0,16,142,7,165,8,38,194,7,247,374,28,402,649
02/11/2021,ISP,NY,AEA,EN,Towers with Radar,15,16,17,1,49,0,2,44,7,53,15,18,61,8,102,108,26,134,236
02/12/2021,ISP,NY,AEA,EN,Towers with Radar,16,19,30,0,65,0,11,147,2,160,16,30,177,2,225,210,0,210,435
02/13/2021,ISP,NY,AEA,EN,Towers with Radar,16,8,40,0,64,0,5,106,0,111,16,13,146,0,175,242,0,242,417
02/14/2021,ISP,NY,AEA,EN,Towers with Radar,18,9,4,0,31,0,4,5,0,9,18,13,9,0,40,92,0,92,132
02/15/2021,ISP,NY,AEA,EN,Towers with Radar,12,5,9,0,26,0,0,0,0,0,12,5,9,0,26,16,0,16,42
02/16/2021,ISP,NY,AEA,EN,Towers with Radar,12,6,18,0,36,0,9,24,2,35,12,15,42,2,71,102,26,128,199
02/17/2021,ISP,NY,AEA,EN,Towers with Radar,11,14,52,10,87,0,9,170,11,190,11,23,222,21,277,392,0,392,669
02/18/2021,ISP,NY,AEA,EN,Towers with Radar,13,1,8,0,22,0,0,0,0,0,13,1,8,0,22,0,0,0,22
02/19/2021,ISP,NY,AEA,EN,Towers with Radar,13,14,18,0,45,0,0,0,0,0,13,14,18,0,45,0,0,0,45
02/20/2021,ISP,NY,AEA,EN,Towers with Radar,18,19,29,0,66,0,2,59,2,63,18,21,88,2,129,172,0,172,301
02/21/2021,ISP,NY,AEA,EN,Towers with Radar,18,11,33,0,62,0,2,157,0,159,18,13,190,0,221,256,0,256,477
02/22/2021,ISP,NY,AEA,EN,Towers with Radar,10,16,15,0,41,0,1,27,2,30,10,17,42,2,71,66,0,66,137
02/23/2021,ISP,NY,AEA,EN,Towers with Radar,12,5,28,2,47,0,8,73,4,85,12,13,101,6,132,174,0,174,306
02/24/2021,ISP,NY,AEA,EN,Towers with Radar,11,19,33,0,63,0,10,155,8,173,11,29,188,8,236,308,0,308,544
02/25/2021,ISP,NY,AEA,EN,Towers with Radar,16,8,25,1,50,0,4,75,6,85,16,12,100,7,135,70,6,76,211
02/26/2021,ISP,NY,AEA,EN,Towers with Radar,16,21,44,1,82,0,20,204,9,233,16,41,248,10,315,440,0,440,755
02/27/2021,ISP,NY,AEA,EN,Towers with Radar,20,9,22,0,51,0,0,5,0,5,20,9,27,0,56,6,0,6,62
02/28/2021,ISP,NY,AEA,EN,Towers with Radar,18,17,29,0,64,0,2,86,2,90,18,19,115,2,154,272,0,272,426
03/01/2021,ISP,NY,AEA,EN,Towers with Radar,12,7,6,0,25,0,2,15,4,21,12,9,21,4,46,6,0,6,52
03/02/2021,ISP,NY,AEA,EN,Towers with Radar,12,4,5,0,21,0,3,11,0,14,12,7,16,0,35,0,0,0,35
03/03/2021,ISP,NY,AEA,EN,Towers with Radar,10,8,57,2,77,0,18,177,7,202,10,26,234,9,279,400,26,426,705
03/04/2021,ISP,NY,AEA,EN,Towers with Radar,14,19,22,1,56,0,11,85,12,108,14,30,107,13,164,66,10,76,240
03/05/2021,ISP,NY,AEA,EN,Towers with Radar,18,15,17,0,50,0,4,40,2,46,18,19,57,2,96,44,0,44,140
03/06/2021,ISP,NY,AEA,EN,Towers with Radar,18,8,23,0,49,0,5,115,0,120,18,13,138,0,169,300,0,300,469
03/07/2021,ISP,NY,AEA,EN,Towers with Radar,24,9,37,0,70,0,2,177,0,179,24,11,214,0,249,388,0,388,637
03/08/2021,ISP,NY,AEA,EN,Towers with Radar,24,7,37,1,69,0,16,110,7,133,24,23,147,8,202,442,0,442,644
03/09/2021,ISP,NY,AEA,EN,Towers with Radar,14,8,26,1,49,0,16,119,8,143,14,24,145,9,192,328,0,328,520
03/10/2021,ISP,NY,AEA,EN,Towers with Radar,12,6,38,0,56,0,8,153,6,167,12,14,191,6,223,424,0,424,647
03/11/2021,ISP,NY,AEA,EN,Towers with Radar,16,18,41,1,76,0,8,98,14,120,16,26,139,15,196,262,18,280,476
03/12/2021,ISP,NY,AEA,EN,Towers with Radar,19,20,27,2,68,0,14,127,2,143,19,34,154,4,211,378,0,378,589
03/13/2021,ISP,NY,AEA,EN,Towers with Radar,20,7,25,0,52,0,3,111,0,114,20,10,136,0,166,152,0,152,318
03/14/2021,ISP,NY,AEA,EN,Towers with Radar,22,10,9,0,41,0,6,44,0,50,22,16,53,0,91,44,0,44,135
03/15/2021,ISP,NY,AEA,EN,Towers with Radar,20,15,21,1,57,0,3,43,3,49,20,18,64,4,106,14,4,18,124
03/16/2021,ISP,NY,AEA,EN,Towers with Radar,20,10,34,1,65,0,6,154,2,162,20,16,188,3,227,328,6,334,561
03/17/2021,ISP,NY,AEA,EN,Towers with Radar,16,8,29,0,53,0,4,46,3,53,16,12,75,3,106,282,0,282,388
03/18/2021,ISP,NY,AEA,EN,Towers with Radar,18,11,22,0,51,0,1,1,0,2,18,12,23,0,53,0,0,0,53
03/19/2021,ISP,NY,AEA,EN,Towers with Radar,20,12,10,4,46,0,3,19,6,28,20,15,29,10,74,0,26,26,100
03/20/2021,ISP,NY,AEA,EN,Towers with Radar,18,13,37,2,70,0,11,219,6,236,18,24,256,8,306,462,0,462,768
03/21/2021,ISP,NY,AEA,EN,Towers with Radar,20,12,31,0,63,0,4,231,3,238,20,16,262,3,301,390,0,390,691
03/22/2021,ISP,NY,AEA,EN,Towers with Radar,19,13,24,0,56,0,15,153,0,168,19,28,177,0,224,382,0,382,606
03/23/2021,ISP,NY,AEA,EN,Towers with Radar,17,9,47,1,74,0,0,123,9,132,17,9,170,10,206,294,0,294,500
03/24/2021,ISP,NY,AEA,EN,Towers with Radar,16,11,25,0,52,0,5,17,0,22,16,16,42,0,74,36,0,36,110
03/25/2021,ISP,NY,AEA,EN,Towers with Radar,19,16,35,7,77,0,0,38,4,42,19,16,73,11,119,152,0,152,271
03/26/2021,ISP,NY,AEA,EN,Towers with Radar,23,15,13,0,51,0,0,4,0,4,23,15,17,0,55,0,0,0,55
03/27/2021,ISP,NY,AEA,EN,Towers with Radar,21,13,52,1,87,0,13,225,1,239,21,26,277,2,326,372,0,372,698
03/28/2021,ISP,NY,AEA,EN,Towers with Radar,30,24,17,0,71,0,1,3,0,4,30,25,20,0,75,48,0,48,123
03/29/2021,ISP,NY,AEA,EN,Towers with Radar,20,12,13,3,48,0,6,22,1,29,20,18,35,4,77,84,0,84,161
03/30/2021,ISP,NY,AEA,EN,Towers with Radar,18,8,47,0,73,0,8,204,5,217,18,16,251,5,290,288,0,288,578
03/31/2021,ISP,NY,AEA,EN,Towers with Radar,21,5,22,1,49,0,2,57,3,62,21,7,79,4,111,62,0,62,173
04/01/2021,ISP,NY,AEA,EN,Towers with Radar,20,11,16,1,48,0,4,15,3,22,20,15,31,4,70,0,0,0,70
04/02/2021,ISP,NY,AEA,EN,Towers with Radar,23,17,45,1,86,0,12,134,7,153,23,29,179,8,239,268,0,268,507
04/03/2021,ISP,NY,AEA,EN,Towers with Radar,19,15,34,0,68,0,10,215,0,225,19,25,249,0,293,380,0,380,673
04/04/2021,ISP,NY,AEA,EN,Towers with Radar,20,10,34,0,64,0,4,144,0,148,20,14,178,0,212,372,0,372,584
04/05/2021,ISP,NY,AEA,EN,Towers with Radar,24,22,29,2,77,0,7,110,10,127,24,29,139,12,204,80,0,80,284
04/06/2021,ISP,NY,AEA,EN,Towers with Radar,21,13,28,0,62,0,23,137,12,172,21,36,165,12,234,314,6,320,554
04/07/2021,ISP,NY,AEA,EN,Towers with Radar,20,14,40,1,75,0,25,169,8,202,20,39,209,9,277,572,12,584,861
04/08/2021,ISP,NY,AEA,EN,Towers with Radar,18,9,50,2,79,0,21,200,13,234,18,30,250,15,313,426,30,456,769
04/09/2021,ISP,NY,AEA,EN,Towers with Radar,22,10,35,0,67,0,2,35,0,37,22,12,70,0,104,144,0,144,248
04/10/2021,ISP,NY,AEA,EN,Towers with Radar,22,6,45,0,73,0,2,45,0,47,22,8,90,0,120,196,0,196,316
04/11/2021,ISP,NY,AEA,EN,Towers with Radar,13,15,16,0,44,0,0,0,0,0,13,15,16,0,44,0,0,0,44
04/12/2021,ISP,NY,AEA,EN,Towers with Radar,19,8,27,0,54,0,2,22,4,28,19,10,49,4,82,56,0,56,138
04/13/2021,ISP,NY,AEA,EN,Towers with Radar,18,8,40,17,83,0,17,148,6,171,18,25,188,23,254,412,0,412,666
04/14/2021,ISP,NY,AEA,EN,Towers with Radar,18,12,30,5,65,0,13,166,9,188,18,25,196,14,253,370,28,398,651
04/15/2021,ISP,NY,AEA,EN,Towers with Radar,22,12,22,0,56,0,0,0,0,0,22,12,22,0,56,0,0,0,56
04/16/2021,ISP,NY,AEA,EN,Towers with Radar,20,10,29,0,59,0,2,44,4,50,20,12,73,4,109,110,22,132,241
04/17/2021,ISP,NY,AEA,EN,Towers with Radar,24,8,33,0,65,0,16,156,0,172,24,24,189,0,237,426,0,426,663
04/18/2021,ISP,NY,AEA,EN,Towers with Radar,24,12,44,0,80,0,6,208,2,216,24,18,252,2,296,442,0,442,738
04/19/2021,ISP,NY,AEA,EN,Towers with Radar,26,21,32,0,79,0,14,165,4,183,26,35,197,4,262,318,0,318,580
04/20/2021,ISP,NY,AEA,EN,Towers with Radar,20,15,39,1,75,0,19,162,8,189,20,34,201,9,264,310,4,314,578
04/21/2021,ISP,NY,AEA,EN,Towers with Radar,18,3,10,2,33,0,4,27,10,41,18,7,37,12,74,98,8,106,180
04/22/2021,ISP,NY,AEA,EN,Towers with Radar,23,11,9,4,47,0,5,18,8,31,23,16,27,12,78,14,6,20,98
04/23/2021,ISP,NY,AEA,EN,Towers with Radar,25,16,44,0,85,0,18,75,2,95,25,34,119,2,180,104,0,104,284
04/24/2021,ISP,NY,AEA,EN,Towers with Radar,24,5,54,3,86,0,10,258,7,275,24,15,312,10,361,482,0,482,843
04/25/2021,ISP,NY,AEA,EN,Towers with Radar,22,15,24,0,61,0,5,21,0,26,22,20,45,0,87,138,0,138,225
04/26/2021,ISP,NY,AEA,EN,Towers with Radar,22,12,19,0,53,0,2,66,4,72,22,14,85,4,125,84,4,88,213
04/27/2021,ISP,NY,AEA,EN,Towers with Radar,20,12,51,0,83,0,5,196,6,207,20,17,247,6,290,372,2,374,664
04/28/2021,ISP,NY,AEA,EN,Towers with Radar,20,13,37,2,72,0,7,187,16,210,20,20,224,18,282,414,20,434,716
04/29/2021,ISP,NY,AEA,EN,Towers with Radar,24,16,31,0,71,0,2,44,3,49,24,18,75,3,120,258,10,268,388
04/30/2021,ISP,NY,AEA,EN,Towers with Radar,19,18,15,0,52,0,3,18,2,23,19,21,33,2,75,46,0,46,121
05/01/2021,ISP,NY,AEA,EN,Towers with Radar,26,12,24,0,62,0,4,136,0,140,26,16,160,0,202,318,0,318,520
05/02/2021,ISP,NY,AEA,EN,Towers with Radar,22,19,46,0,87,0,7,212,0,219,22,26,258,0,306,346,0,346,652
05/03/2021,ISP,NY,AEA,EN,Towers with Radar,24,10,37,0,71,0,9,99,2,110,24,19,136,2,181,352,0,352,533
05/04/2021,ISP,NY,AEA,EN,Towers with Radar,17,6,31,0,54,0,3,24,0,27,17,9,55,0,81,168,12,180,261
05/05/2021,ISP,NY,AEA,EN,Towers with Radar,19,8,21,0,48,0,0,1,0,1,19,8,22,0,49,0,0,0,49
05/06/2021,ISP,NY,AEA,EN,Towers with Radar,21,17,40,0,78,0,14,204,12,230,21,31,244,12,308,326,4,330,638
05/07/2021,ISP,NY,AEA,EN,Towers with Radar,21,9,24,0,54,0,15,179,6,200,21,24,203,6,254,530,0,530,784
05/08/2021,ISP,NY,AEA,EN,Towers with Radar,24,12,16,1,53,0,4,91,1,96,24,16,107,2,149,316,0,316,465
05/09/2021,ISP,NY,AEA,EN,Towers with Radar,21,12,27,0,60,0,5,104,2,111,21,17,131,2,171,188,0,188,359
05/10/2021,ISP,NY,AEA,EN,Towers with Radar,25,12,25,1,63,0,8,57,3,68,25,20,82,4,131,214,26,240,371
05/11/2021,ISP,NY,AEA,EN,Towers with Radar,19,11,38,1,69,0,11,113,9,133,19,22,151,10,202,270,0,270,472
05/12/2021,ISP,NY,AEA,EN,Towers with Radar,21,13,29,5,68,0,6,181,8,195,21,19,210,13,263,374,0,374,637
05/13/2021,ISP,NY,AEA,EN,Towers with Radar,23,19,29,2,73,0,10,193,9,212,23,29,222,11,285,422,24,446,731
05/14/2021,ISP,NY,AEA,EN,Towers with Radar,24,16,32,0,72,0,10,189,7,206,24,26,221,7,278,372,0,372,650
05/15/2021,ISP,NY,AEA,EN,Towers with Radar,25,7,31,0,63,0,4,215,5,224,25,11,246,5,287,500,8,508,795
05/16/2021,ISP,NY,AEA,EN,Towers with Radar,21,17,42,0,80,0,4,176,2,182,21,21,218,2,262,324,0,324,586
05/17/2021,ISP,NY,AEA,EN,Towers with Radar,25,17,33,0,75,0,12,159,6,177,25,29,192,6,252,390,0,390,642
05/18/2021,ISP,NY,AEA,EN,Towers with Radar,19,14,35,1,69,0,17,163,5,185,19,31,198,6,254,318,0,318,572
05/19/2021,ISP,NY,AEA,EN,Towers with Radar,22,16,35,1,74,0,15,218,8,241,22,31,253,9,315,400,2,402,717
05/20/2021,ISP,NY,AEA,EN,Towers with Radar,25,19,46,1,91,0,21,172,5,198,25,40,218,6,289,410,0,410,699
05/21/2021,ISP,NY,AEA,EN,Towers with Radar,24,9,30,1,64,0,8,162,3,173,24,17,192,4,237,276,0,276,513
05/22/2021,ISP,NY,AEA,EN,Towers with Radar,25,19,31,0,75,0,9,182,5,196,25,28,213,5,271,432,4,436,707
05/23/2021,ISP,NY,AEA,EN,Towers with Radar,21,11,26,1,59,0,4,141,1,146,21,15,167,2,205,286,32,318,523
05/24/2021,ISP,NY,AEA,EN,Towers with Radar,26,9,34,1,70,0,10,138,2,150,26,19,172,3,220,254,1,255,475
05/25/2021,ISP,NY,AEA,EN,Towers with Radar,20,16,41,0,77,0,12,151,4,167,20,28,192,4,244,300,0,300,544
05/26/2021,ISP,NY,AEA,EN,Towers with Radar,22,14,39,1,76,0,0,8,2,10,22,14,47,3,86,0,0,0,86
05/27/2021,ISP,NY,AEA,EN,Towers with Radar,24,21,41,5,91,0,13,191,13,217,24,34,232,18,308,288,12,300,608
05/28/2021,ISP,NY,AEA,EN,Towers with Radar,22,13,23,4,62,0,2,84,9,95,22,15,107,13,157,38,0,38,195
05/29/2021,ISP,NY,AEA,EN,Towers with Radar,20,5,5,0,30,0,0,2,0,2,20,5,7,0,32,0,0,0,32
05/30/2021,ISP,NY,AEA,EN,Towers with Radar,20,6,5,0,31,0,0,1,0,1,20,6,6,0,32,0,0,0,32
05/31/2021,ISP,NY,AEA,EN,Towers with Radar,26,15,32,1,74,0,2,49,2,53,26,17,81,3,127,206,0,206,333
06/01/2021,ISP,NY,AEA,EN,Towers with Radar,20,7,36,1,64,0,6,188,7,201,20,13,224,8,265,366,0,366,631
06/02/2021,ISP,NY,AEA,EN,Towers with Radar,22,9,44,3,78,0,9,217,6,232,22,18,261,9,310,366,2,368,678
06/03/2021,ISP,NY,AEA,EN,Towers with Radar,22,13,20,0,55,0,0,0,0,0,22,13,20,0,55,0,0,0,55
06/04/2021,ISP,NY,AEA,EN,Towers with Radar,22,21,30,5,78,0,0,4,0,4,22,21,34,5,82,0,0,0,82
06/05/2021,ISP,NY,AEA,EN,Towers with Radar,20,14,44,0,78,0,5,193,4,202,20,19,237,4,280,306,2,308,588
06/06/2021,ISP,NY,AEA,EN,Towers with Radar,22,14,28,0,64,0,7,214,8,229,22,21,242,8,293,442,0,442,735
06/07/2021,ISP,NY,AEA,EN,Towers with Radar,23,13,35,1,72,0,9,169,3,181,23,22,204,4,253,434,0,434,687
06/08/2021,ISP,NY,AEA,EN,Towers with Radar,19,11,17,3,50,0,3,107,5,115,19,14,124,8,165,154,0,154,319
06/09/2021,ISP,NY,AEA,EN,Towers with Radar,22,13,51,1,87,0,11,143,7,161,22,24,194,8,248,330,0,330,578
06/10/2021,ISP,NY,AEA,EN,Towers with Radar,23,17,35,0,75,0,8,191,12,211,23,25,226,12,286,342,16,358,644
06/11/2021,ISP,NY,AEA,EN,Towers with Radar,25,17,31,0,73,0,6,142,5,153,25,23,173,5,226,242,0,242,468
06/12/2021,ISP,NY,AEA,EN,Towers with Radar,25,8,36,2,71,0,4,130,4,138,25,12,166,6,209,372,0,372,581
06/13/2021,ISP,NY,AEA,EN,Towers with Radar,23,26,43,1,93,0,3,160,0,163,23,29,203,1,256,182,0,182,438
06/14/2021,ISP,NY,AEA,EN,Towers with Radar,25,10,22,0,57,0,0,38,0,38,25,10,60,0,95,162,0,162,257
06/15/2021,ISP,NY,AEA,EN,Towers with Radar,19,16,31,2,68,0,13,85,8,106,19,29,116,10,174,290,0,290,464
06/16/2021,ISP,NY,AEA,EN,Towers with Radar,23,25,32,6,86,0,15,205,8,228,23,40,237,14,314,340,0,340,654
06/17/2021,ISP,NY,AEA,EN,Towers with Radar,24,16,37,0,77,0,20,185,7,212,24,36,222,7,289,382,0,382,671
06/18/2021,ISP,NY,AEA,EN,Towers with Radar,26,16,34,0,76,0,13,188,0,201,26,29,222,0,277,242,0,242,519
06/19/2021,ISP,NY,AEA,EN,Towers with Radar,25,9,25,0,59,0,4,155,0,159,25,13,180,0,218,292,0,292,510
06/20/2021,ISP,NY,AEA,EN,Towers with Radar,26,22,38,0,86,0,6,171,0,177,26,28,209,0,263,340,0,340,603
06/21/2021,ISP,NY,AEA,EN,Towers with Radar,21,15,35,0,71,0,0,8,0,8,21,15,43,0,79,0,0,0,79
06/22/2021,ISP,NY,AEA,EN,Towers with Radar,21,8,29,1,59,0,8,38,1,47,21,16,67,2,106,148,0,148,254
06/23/2021,ISP,NY,AEA,EN,Towers with Radar,24,21,35,1,81,0,18,232,10,260,24,39,267,11,341,512,0,512,853
06/24/2021,ISP,NY,AEA,EN,Towers with Radar,25,20,55,3,103,0,15,197,10,222,25,35,252,13,325,410,0,410,735
06/25/2021,ISP,NY,AEA,EN,Towers with Radar,26,11,38,0,75,0,4,66,4,74,26,15,104,4,149,182,0,182,331
06/26/2021,ISP,NY,AEA,EN,Towers with Radar,23,12,36,0,71,0,0,17,0,17,23,12,53,0,88,30,0,30,118
06/27/2021,ISP,NY,AEA,EN,Towers with Radar,23,22,28,0,73,0,2,68,0,70,23,24,96,0,143,92,0,92,235
06/28/2021,ISP,NY,AEA,EN,Towers with Radar,27,15,52,1,95,0,13,223,6,242,27,28,275,7,337,376,0,376,713
06/29/2021,ISP,NY,AEA,EN,Towers with Radar,24,9,41,9,83,0,11,211,9,231,24,20,252,18,314,442,0,442,756
06/30/2021,ISP,NY,AEA,EN,Towers with Radar,24,16,49,1,90,0,5,193,13,211,24,21,242,14,301,322,0,322,623
07/01/2021,ISP,NY,AEA,EN,Towers with Radar,20,15,37,1,73,0,5,79,1,85,20,20,116,2,158,188,0,188,346
07/02/2021,ISP,NY,AEA,EN,Towers with Radar,26,12,38,0,76,0,2,25,0,27,26,14,63,0,103,24,0,24,127
07/03/2021,ISP,NY,AEA,EN,Towers with Radar,23,11,30,0,64,0,0,3,0,3,23,11,33,0,67,0,0,0,67
07/04/2021,ISP,NY,AEA,EN,Towers with Radar,24,8,33,0,65,0,8,86,0,94,24,16,119,0,159,162,0,162,321
07/05/2021,ISP,NY,AEA,EN,Towers with Radar,26,16,73,0,115,0,1,76,0,77,26,17,149,0,192,226,0,226,418
07/06/2021,ISP,NY,AEA,EN,Towers with Radar,20,15,40,1,76,0,11,170,7,188,20,26,210,8,264,320,0,320,584
07/07/2021,ISP,NY,AEA,EN,Towers with Radar,28,14,39,1,82,0,13,224,11,248,28,27,263,12,330,438,16,454,784
07/08/2021,ISP,NY,AEA,EN,Towers with Radar,23,21,38,10,92,0,2,12,2,16,23,23,50,12,108,2,10,12,120
07/09/2021,ISP,NY,AEA,EN,Towers with Radar,25,12,20,0,57,0,2,34,0,36,25,14,54,0,93,92,0,92,185
07/10/2021,ISP,NY,AEA,EN,Towers with Radar,25,21,56,0,102,0,6,83,0,89,25,27,139,0,191,334,0,334,525
07/11/2021,ISP,NY,AEA,EN,Towers with Radar,24,18,72,0,114,0,3,21,2,26,24,21,93,2,140,58,0,58,198
07/12/2021,ISP,NY,AEA,EN,Towers with Radar,23,15,28,1,67,0,0,4,0,4,23,15,32,1,71,4,0,4,75
07/13/2021,ISP,NY,AEA,EN,Towers with Radar,30,9,24,3,66,0,0,0,1,1,30,9,24,4,67,0,0,0,67
07/14/2021,ISP,NY,AEA,EN,Towers with Radar,28,14,55,5,102,0,4,112,4,120,28,18,167,9,222,270,0,270,492
07/15/2021,ISP,NY,AEA,EN,Towers with Radar,25,17,43,0,85,0,18,261,6,285,25,35,304,6,370,308,0,308,678
07/16/2021,ISP,NY,AEA,EN,Towers with Radar,25,10,42,0,77,0,10,193,2,205,25,20,235,2,282,380,0,380,662
07/17/2021,ISP,NY,AEA,EN,Towers with Radar,24,10,33,0,67,0,0,130,3,133,24,10,163,3,200,270,0,270,470
07/18/2021,ISP,NY,AEA,EN,Towers with Radar,23,12,53,3,91,0,6,49,8,63,23,18,102,11,154,232,16,248,402
07/19/2021,ISP,NY,AEA,EN,Towers with Radar,24,12,38,2,76,0,4,115,9,128,24,16,153,11,204,388,26,414,618
07/20/2021,ISP,NY,AEA,EN,Towers with Radar,24,14,46,0,84,0,5,151,11,167,24,19,197,11,251,416,8,424,675
07/21/2021,ISP,NY,AEA,EN,Towers with Radar,27,19,30,0,76,0,12,100,11,123,27,31,130,11,199,278,0,278,477
07/22/2021,ISP,NY,AEA,EN,Towers with Radar,24,9,41,0,74,0,13,245,6,264,24,22,286,6,338,388,0,388,726
07/23/2021,ISP,NY,AEA,EN,Towers with Radar,26,13,41,0,80,0,12,224,3,239,26,25,265,3,319,350,0,350,669
07/24/2021,ISP,NY,AEA,EN,Towers with Radar,25,14,30,1,70,0,3,216,3,222,25,17,246,4,292,304,0,304,596
07/25/2021,ISP,NY,AEA,EN,Towers with Radar,24,14,50,1,89,0,0,27,0,27,24,14,77,1,116,28,0,28,144
07/26/2021,ISP,NY,AEA,EN,Towers with Radar,26,22,51,2,101,0,5,170,0,175,26,27,221,2,276,378,0,378,654
07/27/2021,ISP,NY,AEA,EN,Towers with Radar,25,12,45,0,82,0,15,224,2,241,25,27,269,2,323,264,0,264,587
07/28/2021,ISP,NY,AEA,EN,Towers with Radar,30,8,38,0,76,0,29,161,2,192,30,37,199,2,268,408,0,408,676
07/29/2021,ISP,NY,AEA,EN,Towers with Radar,23,11,30,0,64,0,4,40,4,48,23,15,70,4,112,138,0,138,250
07/30/2021,ISP,NY,AEA,EN,Towers with Radar,27,16,48,1,92,0,8,170,1,179,27,24,218,2,271,274,4,278,549
07/31/2021,ISP,NY,AEA,EN,Towers with Radar,25,16,39,0,80,0,12,234,4,250,25,28,273,4,330,350,0,350,680
08/01/2021,ISP,NY,AEA,EN,Towers with Radar,22,30,42,1,95,0,4,147,3,154,22,34,189,4,249,268,0,268,517
08/02/2021,ISP,NY,AEA,EN,Towers with Radar,26,11,46,0,83,0,11,151,6,168,26,22,197,6,251,316,0,316,567
08/03/2021,ISP,NY,AEA,EN,Towers with Radar,25,24,41,2,92,0,11,178,7,196,25,35,219,9,288,390,0,390,678
08/04/2021,ISP,NY,AEA,EN,Towers with Radar,29,14,49,0,92,0,6,135,8,149,29,20,184,8,241,274,0,274,515
08/05/2021,ISP,NY,AEA,EN,Towers with Radar,27,15,51,0,93,0,4,39,2,45,27,19,90,2,138,154,0,154,292
08/06/2021,ISP,NY,AEA,EN,Towers with Radar,26,16,60,0,102,0,17,241,4,262,26,33,301,4,364,432,0,432,796
08/07/2021,ISP,NY,AEA,EN,Towers with Radar,25,9,36,1,71,0,4,182,1,187,25,13,218,2,258,262,0,262,520
08/08/2021,ISP,NY,AEA,EN,Towers with Radar,25,19,37,0,81,0,1,25,0,26,25,20,62,0,107,190,0,190,297
08/09/2021,ISP,NY,AEA,EN,Towers with Radar,28,21,50,0,99,0,2,17,0,19,28,23,67,0,118,2,0,2,120
08/10/2021,ISP,NY,AEA,EN,Towers with Radar,23,13,55,5,96,0,4,40,5,49,23,17,95,10,145,76,0,76,221
08/11/2021,ISP,NY,AEA,EN,Towers with Radar,25,10,57,5,97,0,6,167,5,178,25,16,224,10,275,384,22,406,681
08/12/2021,ISP,NY,AEA,EN,Towers with Radar,25,14,54,0,93,0,5,182,8,195,25,19,236,8,288,288,16,304,592
08/13/2021,ISP,NY,AEA,EN,Towers with Radar,25,8,40,0,73,0,8,181,2,191,25,16,221,2,264,294,0,294,558
08/14/2021,ISP,NY,AEA,EN,Towers with Radar,26,6,26,0,58,0,8,117,0,125,26,14,143,0,183,298,0,298,481
08/15/2021,ISP,NY,AEA,EN,Towers with Radar,28,12,27,0,67,0,1,225,2,228,28,13,252,2,295,276,0,276,571
08/16/2021,ISP,NY,AEA,EN,Towers with Radar,27,14,26,0,67,0,9,192,9,210,27,23,218,9,277,298,0,298,575
08/17/2021,ISP,NY,AEA,EN,Towers with Radar,25,19,43,8,95,0,17,160,3,180,25,36,203,11,275,234,0,234,509
08/18/2021,ISP,NY,AEA,EN,Towers with Radar,27,11,49,0,87,0,7,77,2,86,27,18,126,2,173,186,0,186,359
08/19/2021,ISP,NY,AEA,EN,Towers with Radar,25,11,34,1,71,0,2,53,4,59,25,13,87,5,130,48,0,48,178
08/20/2021,ISP,NY,AEA,EN,Towers with Radar,28,15,59,0,102,0,12,187,3,202,28,27,246,3,304,280,0,280,584
08/21/2021,ISP,NY,AEA,EN,Towers with Radar,26,19,40,0,85,0,2,60,0,62,26,21,100,0,147,162,0,162,309
08/22/2021,ISP,NY,AEA,EN,Towers with Radar,0,1,4,0,5,0,0,0,0,0,0,1,4,0,5,0,0,0,5
08/23/2021,ISP,NY,AEA,EN,Towers with Radar,22,15,29,0,66,0,0,0,0,0,22,15,29,0,66,18,0,18,84
08/24/2021,ISP,NY,AEA,EN,Towers with Radar,24,10,43,0,77,0,12,204,8,224,24,22,247,8,301,390,0,390,691
08/25/2021,ISP,NY,AEA,EN,Towers with Radar,26,12,42,2,82,0,14,274,10,298,26,26,316,12,380,436,8,444,824
08/26/2021,ISP,NY,AEA,EN,Towers with Radar,26,14,47,1,88,0,8,180,9,197,26,22,227,10,285,442,12,454,739
08/27/2021,ISP,NY,AEA,EN,Towers with Radar,28,17,19,0,64,0,6,163,6,175,28,23,182,6,239,286,0,286,525
08/28/2021,ISP,NY,AEA,EN,Towers with Radar,30,11,21,0,62,0,6,55,0,61,30,17,76,0,123,142,0,142,265
08/29/2021,ISP,NY,AEA,EN,Towers with Radar,26,24,52,0,102,0,5,29,0,34,26,29,81,0,136,108,0,108,244
08/30/2021,ISP,NY,AEA,EN,Towers with Radar,26,15,32,0,73,0,0,46,0,46,26,15,78,0,119,78,0,78,197
08/31/2021,ISP,NY,AEA,EN,Towers with Radar,24,13,34,2,73,0,16,163,12,191,24,29,197,14,264,384,0,384,648
09/01/2021,ISP,NY,AEA,EN,Towers with Radar,25,13,7,0,45,0,6,16,0,22,25,19,23,0,67,112,0,112,179
09/02/2021,ISP,NY,AEA,EN,Towers with Radar,25,11,17,2,55,0,15,48,4,67,25,26,65,6,122,34,4,38,160
09/03/2021,ISP,NY,AEA,EN,Towers with Radar,27,10,37,1,75,0,17,215,3,235,27,27,252,4,310,288,0,288,598
09/04/2021,ISP,NY,AEA,EN,Towers with Radar,27,11,30,0,68,0,8,205,2,215,27,19,235,2,283,350,0,350,633
09/05/2021,ISP,NY,AEA,EN,Towers with Radar,26,9,36,0,71,0,2,78,0,80,26,11,114,0,151,148,0,148,299
09/06/2021,ISP,NY,AEA,EN,Towers with Radar,27,19,36,0,82,0,0,116,0,116,27,19,152,0,198,282,0,282,480
09/07/2021,ISP,NY,AEA,EN,Towers with Radar,23,11,40,0,74,0,9,155,7,171,23,20,195,7,245,358,0,358,603
09/08/2021,ISP,NY,AEA,EN,Towers with Radar,24,16,20,0,60,0,14,94,8,116,24,30,114,8,176,194,0,194,370
09/09/2021,ISP,NY,AEA,EN,Towers with Radar,14,16,14,0,44,0,2,5,2,9,14,18,19,2,53,2,0,2,55
09/10/2021,ISP,NY,AEA,EN,Towers with Radar,24,14,49,0,87,0,13,187,2,202,24,27,236,2,289,224,0,224,513
09/11/2021,ISP,NY,AEA,EN,Towers with Radar,24,15,31,0,70,0,19,224,3,246,24,34,255,3,316,396,6,402,718
09/12/2021,ISP,NY,AEA,EN,Towers with Radar,24,15,39,0,78,0,11,179,4,194,24,26,218,4,272,206,0,206,478
09/13/2021,ISP,NY,AEA,EN,Towers with Radar,25,17,53,0,95,0,7,151,2,160,25,24,204,2,255,260,0,260,515
09/14/2021,ISP,NY,AEA,EN,Towers with Radar,22,11,44,1,78,0,15,158,5,178,22,26,202,6,256,370,4,374,630
09/15/2021,ISP,NY,AEA,EN,Towers with Radar,22,15,44,3,84,0,9,83,5,97,22,24,127,8,181,102,26,128,309
09/16/2021,ISP,NY,AEA,EN,Towers with Radar,26,9,25,0,60,0,4,35,0,39,26,13,60,0,99,176,0,176,275
09/17/2021,ISP,NY,AEA,EN,Towers with Radar,25,17,53,0,95,0,0,1,0,1,25,17,54,0,96,50,0,50,146
09/18/2021,ISP,NY,AEA,EN,Towers with Radar,26,11,49,0,86,0,8,159,2,169,26,19,208,2,255,384,0,384,639
09/19/2021,ISP,NY,AEA,EN,Towers with Radar,29,14,43,0,86,0,10,201,0,211,29,24,244,0,297,282,0,282,579
09/20/2021,ISP,NY,AEA,EN,Towers with Radar,25,17,46,1,89,0,12,165,5,182,25,29,211,6,271,344,0,344,615
09/21/2021,ISP,NY,AEA,EN,Towers with Radar,24,17,57,1,99,0,13,138,1,152,24,30,195,2,251,394,0,394,645
09/22/2021,ISP,NY,AEA,EN,Towers with Radar,22,5,27,0,54,0,3,38,4,45,22,8,65,4,99,108,10,118,217
09/23/2021,ISP,NY,AEA,EN,Towers with Radar,20,9,31,0,60,0,6,38,4,48,20,15,69,4,108,38,12,50,158
09/24/2021,ISP,NY,AEA,EN,Towers with Radar,24,15,44,1,84,0,7,105,1,113,24,22,149,2,197,218,0,218,415
09/25/2021,ISP,NY,AEA,EN,Towers with Radar,26,8,47,1,82,0,17,207,1,225,26,25,254,2,307,352,0,352,659
09/26/2021,ISP,NY,AEA,EN,Towers with Radar,26,11,32,0,69,0,6,149,0,155,26,17,181,0,224,222,0,222,446
09/27/2021,ISP,NY,AEA,EN,Towers with Radar,24,13,42,0,79,0,16,171,4,191,24,29,213,4,270,264,0,264,534
09/28/2021,ISP,NY,AEA,EN,Towers with Radar,20,8,31,1,60,0,5,53,1,59,20,13,84,2,119,132,0,132,251
09/29/2021,ISP,NY,AEA,EN,Towers with Radar,22,8,49,0,79,0,21,165,8,194,22,29,214,8,273,310,0,310,583
09/30/2021,ISP,NY,AEA,EN,Towers with Radar,22,12,51,3,88,0,13,176,6,195,22,25,227,9,283,410,12,422,705
10/01/2021,ISP,NY,AEA,EN,Towers with Radar,26,16,38,0,80,0,19,162,2,183,26,35,200,2,263,290,0,290,553
10/02/2021,ISP,NY,AEA,EN,Towers with Radar,26,14,30,0,70,0,15,180,0,195,26,29,210,0,265,424,0,424,689
10/03/2021,ISP,NY,AEA,EN,Towers with Radar,24,13,45,0,82,0,2,167,0,169,24,15,212,0,251,306,0,306,557
10/04/2021,ISP,NY,AEA,EN,Towers with Radar,24,13,38,0,75,0,0,1,0,1,24,13,39,0,76,0,0,0,76
10/05/2021,ISP,NY,AEA,EN,Towers with Radar,22,7,53,0,82,0,2,16,0,18,22,9,69,0,100,38,0,38,138
10/06/2021,ISP,NY,AEA,EN,Towers with Radar,24,11,34,2,71,0,9,157,2,168,24,20,191,4,239,450,0,450,689
10/07/2021,ISP,NY,AEA,EN,Towers with Radar,33,17,63,5,118,0,7,169,9,185,33,24,232,14,303,350,10,360,663
10/08/2021,ISP,NY,AEA,EN,Towers with Radar,31,17,37,1,86,0,5,128,2,135,31,22,165,3,221,242,0,242,463
10/09/2021,ISP,NY,AEA,EN,Towers with Radar,28,21,33,0,82,0,0,70,2,72,28,21,103,2,154,192,0,192,346
10/10/2021,ISP,NY,AEA,EN,Towers with Radar,24,11,38,1,74,0,0,2,0,2,24,11,40,1,76,0,0,0,76
10/11/2021,ISP,NY,AEA,EN,Towers with Radar,29,19,34,0,82,0,3,92,0,95,29,22,126,0,177,222,0,222,399
10/12/2021,ISP,NY,AEA,EN,Towers with Radar,31,13,45,0,89,0,4,114,2,120,31,17,159,2,209,234,0,234,443
10/13/2021,ISP,NY,AEA,EN,Towers with Radar,26,12,58,0,96,0,0,100,2,102,26,12,158,2,198,112,0,112,310
10/14/2021,ISP,NY,AEA,EN,Towers with Radar,34,16,41,2,93,0,15,163,2,180,34,31,204,4,273,266,0,266,539
10/15/2021,ISP,NY,AEA,EN,Towers with Radar,32,12,26,2,72,0,13,205,4,222,32,25,231,6,294,388,0,388,682
10/16/2021,ISP,NY,AEA,EN,Towers with Radar,35,8,15,0,58,0,6,20,0,26,35,14,35,0,84,28,0,28,112
10/17/2021,ISP,NY,AEA,EN,Towers with Radar,34,14,39,0,87,0,9,169,1,179,34,23,208,1,266,222,0,222,488
10/18/2021,ISP,NY,AEA,EN,Towers with Radar,30,17,27,0,74,0,5,79,0,84,30,22,106,0,158,208,0,208,366
10/19/2021,ISP,NY,AEA,EN,Towers with Radar,31,8,41,0,80,0,6,160,8,174,31,14,201,8,254,114,0,114,368
10/20/2021,ISP,NY,AEA,EN,Towers with Radar,30,16,46,0,92,0,19,168,8,195,30,35,214,8,287,218,4,222,509
10/21/2021,ISP,NY,AEA,EN,Towers with Radar,32,11,42,1,86,0,20,184,1,205,32,31,226,2,291,324,0,324,615
10/22/2021,ISP,NY,AEA,EN,Towers with Radar,32,12,47,6,97,0,16,173,9,198,32,28,220,15,295,256,0,256,551
10/23/2021,ISP,NY,AEA,EN,Towers with Radar,31,12,19,1,63,0,4,186,23,213,31,16,205,24,276,340,0,340,616
10/24/2021,ISP,NY,AEA,EN,Towers with Radar,34,17,41,2,94,0,9,186,7,202,34,26,227,9,296,214,0,214,510
10/25/2021,ISP,NY,AEA,EN,Towers with Radar,30,23,34,1,88,0,11,81,1,93,30,34,115,2,181,246,0,246,427
10/26/2021,ISP,NY,AEA,EN,Towers with Radar,32,7,13,0,52,0,0,0,0,0,32,7,13,0,52,0,0,0,52
10/27/2021,ISP,NY,AEA,EN,Towers with Radar,30,8,18,2,58,0,2,4,4,10,30,10,22,6,68,0,0,0,68
10/28/2021,ISP,NY,AEA,EN,Towers with Radar,34,15,67,3,119,0,2,108,13,123,34,17,175,16,242,342,13,355,597
10/29/2021,ISP,NY,AEA,EN,Towers with Radar,31,17,29,0,77,0,6,65,0,71,31,23,94,0,148,182,0,182,330
10/30/2021,ISP,NY,AEA,EN,Towers with Radar,37,10,16,0,63,0,0,6,0,6,37,10,22,0,69,0,0,0,69
10/31/2021,ISP,NY,AEA,EN,Towers with Radar,34,12,36,0,82,0,2,113,2,117,34,14,149,2,199,178,0,178,377
11/01/2021,ISP,NY,AEA,EN,Towers with Radar,29,6,24,1,60,0,14,133,6,153,29,20,157,7,213,176,12,188,401
11/02/2021,ISP,NY,AEA,EN,Towers with Radar,32,10,30,0,72,0,15,146,6,167,32,25,176,6,239,330,0,330,569
11/03/2021,ISP,NY,AEA,EN,Towers with Radar,28,17,27,0,72,0,18,195,13,226,28,35,222,13,298,364,6,370,668
11/04/2021,ISP,NY,AEA,EN,Towers with Radar,36,18,45,0,99,0,13,175,10,198,36,31,220,10,297,336,0,336,633
11/05/2021,ISP,NY,AEA,EN,Towers with Radar,31,13,35,0,79,0,14,143,8,165,31,27,178,8,244,378,0,378,622
11/06/2021,ISP,NY,AEA,EN,Towers with Radar,32,16,34,0,82,0,12,168,9,189,32,28,202,9,271,266,4,270,541
11/07/2021,ISP,NY,AEA,EN,Towers with Radar,36,19,24,0,79,0,0,127,14,141,36,19,151,14,220,246,0,246,466
11/08/2021,ISP,NY,AEA,EN,Towers with Radar,28,9,30,5,72,0,11,155,9,175,28,20,185,14,247,322,0,322,569
11/09/2021,ISP,NY,AEA,EN,Towers with Radar,30,14,45,3,92,0,9,156,9,174,30,23,201,12,266,358,4,362,628
11/10/2021,ISP,NY,AEA,EN,Towers with Radar,29,11,42,2,84,0,15,168,12,195,29,26,210,14,279,266,24,290,569
11/11/2021,ISP,NY,AEA,EN,Towers with Radar,31,10,17,0,58,0,7,166,0,173,31,17,183,0,231,352,0,352,583
11/12/2021,ISP,NY,AEA,EN,Towers with Radar,30,22,17,0,69,0,2,13,0,15,30,24,30,0,84,6,0,6,90
11/13/2021,ISP,NY,AEA,EN,Towers with Radar,41,17,22,0,80,0,7,78,0,85,41,24,100,0,165,154,0,154,319
11/14/2021,ISP,NY,AEA,EN,Towers with Radar,32,22,45,0,99,0,6,152,0,158,32,28,197,0,257,276,0,276,533
11/15/2021,ISP,NY,AEA,EN,Towers with Radar,30,18,10,1,59,0,3,71,2,76,30,21,81,3,135,194,0,194,329
11/16/2021,ISP,NY,AEA,EN,Towers with Radar,29,11,46,9,95,0,14,138,2,154,29,25,184,11,249,284,2,286,535
11/17/2021,ISP,NY,AEA,EN,Towers with Radar,29,10,44,2,85,0,11,183,2,196,29,21,227,4,281,298,0,298,579
11/18/2021,ISP,NY,AEA,EN,Towers with Radar,33,16,52,2,103,0,8,147,12,167,33,24,199,14,270,290,12,302,572
11/19/2021,ISP,NY,AEA,EN,Towers with Radar,36,12,25,0,73,0,12,93,7,112,36,24,118,7,185,186,0,186,371
11/20/2021,ISP,NY,AEA,EN,Towers with Radar,34,7,41,0,82,0,7,199,0,206,34,14,240,0,288,314,0,314,602
11/21/2021,ISP,NY,AEA,EN,Towers with Radar,33,11,34,0,78,0,7,134,0,141,33,18,168,0,219,238,0,238,457
11/22/2021,ISP,NY,AEA,EN,Towers with Radar,34,9,24,1,68,0,4,48,1,53,34,13,72,2,121,104,12,116,237
11/23/2021,ISP,NY,AEA,EN,Towers with Radar,35,19,33,1,88,0,13,84,13,110,35,32,117,14,198,102,14,116,314
11/24/2021,ISP,NY,AEA,EN,Towers with Radar,37,12,44,0,93,0,11,180,0,191,37,23,224,0,284,184,0,184,468
11/25/2021,ISP,NY,AEA,EN,Towers with Radar,29,5,6,0,40,0,9,33,0,42,29,14,39,0,82,70,0,70,152
11/26/2021,ISP,NY,AEA,EN,Towers with Radar,29,8,5,0,42,0,2,7,0,9,29,10,12,0,51,24,0,24,75
11/27/2021,ISP,NY,AEA,EN,Towers with Radar,34,14,27,0,75,0,10,25,0,35,34,24,52,0,110,4,0,4,114
11/28/2021,ISP,NY,AEA,EN,Towers with Radar,34,23,27,0,84,0,2,52,0,54,34,25,79,0,138,436,0,436,574
11/29/2021,ISP,NY,AEA,EN,Towers with Radar,39,18,24,0,81,0,4,99,0,103,39,22,123,0,184,260,0,260,444
11/30/2021,ISP,NY,AEA,EN,Towers with Radar,32,19,44,0,95,0,12,110,6,128,32,31,154,6,223,244,0,244,467
12/01/2021,ISP,NY,AEA,EN,Towers with Radar,32,14,48,4,98,0,12,183,9,204,32,26,231,13,302,232,0,232,534
12/02/2021,ISP,NY,AEA,EN,Towers with Radar,32,12,41,1,86,0,11,128,10,149,32,23,169,11,235,172,4,176,411
12/03/2021,ISP,NY,AEA,EN,Towers with Radar,33,13,34,0,80,0,9,93,4,106,33,22,127,4,186,142,0,142,328
12/04/2021,ISP,NY,AEA,EN,Towers with Radar,37,9,29,0,75,0,9,195,0,204,37,18,224,0,279,294,0,294,573
12/05/2021,ISP,NY,AEA,EN,Towers with Radar,32,13,30,0,75,0,2,211,0,213,32,15,241,0,288,306,0,306,594
12/06/2021,ISP,NY,AEA,EN,Towers with Radar,32,13,26,0,71,0,2,5,0,7,32,15,31,0,78,0,0,0,78
12/07/2021,ISP,NY,AEA,EN,Towers with Radar,29,7,31,2,69,0,21,154,14,189,29,28,185,16,258,234,0,234,492
12/08/2021,ISP,NY,AEA,EN,Towers with Radar,29,11,18,1,59,0,3,23,1,27,29,14,41,2,86,88,14,102,188
12/09/2021,ISP,NY,AEA,EN,Towers with Radar,29,15,41,2,87,0,11,152,12,175,29,26,193,14,262,256,8,264,526
12/10/2021,ISP,NY,AEA,EN,Towers with Radar,32,18,23,1,74,0,13,142,6,161,32,31,165,7,235,298,0,298,533
12/11/2021,ISP,NY,AEA,EN,Towers with Radar,39,5,12,0,56,0,0,0,0,0,39,5,12,0,56,0,0,0,56
12/12/2021,ISP,NY,AEA,EN,Towers with Radar,31,9,19,1,60,0,6,103,10,119,31,15,122,11,179,112,8,120,299
12/13/2021,ISP,NY,AEA,EN,Towers with Radar,30,10,37,1,78,0,11,135,5,151,30,21,172,6,229,186,4,190,419
12/14/2021,ISP,NY,AEA,EN,Towers with Radar,29,6,24,1,60,0,13,142,10,165,29,19,166,11,225,274,0,274,499
12/15/2021,ISP,NY,AEA,EN,Towers with Radar,29,14,49,3,95,0,11,131,9,151,29,25,180,12,246,226,18,244,490
12/16/2021,ISP,NY,AEA,EN,Towers with Radar,30,18,40,2,90,0,9,166,14,189,30,27,206,16,279,166,0,166,445
12/17/2021,ISP,NY,AEA,EN,Towers with Radar,31,15,28,0,74,0,9,155,5,169,31,24,183,5,243,216,0,216,459
12/18/2021,ISP,NY,AEA,EN,Towers with Radar,35,11,11,0,57,0,0,8,0,8,35,11,19,0,65,2,0,2,67
12/19/2021,ISP,NY,AEA,EN,Towers with Radar,34,11,25,0,70,0,4,31,0,35,34,15,56,0,105,28,0,28,133
12/20/2021,ISP,NY,AEA,EN,Towers with Radar,32,11,33,1,77,0,11,156,5,172,32,22,189,6,249,284,4,288,537
12/21/2021,ISP,NY,AEA,EN,Towers with Radar,33,11,36,6,86,0,8,137,8,153,33,19,173,14,239,256,4,260,499
12/22/2021,ISP,NY,AEA,EN,Towers with Radar,34,13,13,2,62,0,2,43,2,47,34,15,56,4,109,92,0,92,201
12/23/2021,ISP,NY,AEA,EN,Towers with Radar,34,18,38,0,90,0,19,140,4,163,34,37,178,4,253,208,0,208,461
12/24/2021,ISP,NY,AEA,EN,Towers with Radar,30,8,18,0,56,0,2,12,0,14,30,10,30,0,70,54,0,54,124
12/25/2021,ISP,NY,AEA,EN,Towers with Radar,37,11,6,0,54,0,0,0,0,0,37,11,6,0,54,0,0,0,54
12/26/2021,ISP,NY,AEA,EN,Towers with Radar,34,12,28,0,74,0,0,116,0,116,34,12,144,0,190,310,0,310,500
12/27/2021,ISP,NY,AEA,EN,Towers with Radar,36,10,29,0,75,0,1,101,2,104,36,11,130,2,179,126,0,126,305
12/28/2021,ISP,NY,AEA,EN,Towers with Radar,35,9,39,3,86,0,4,84,2,90,35,13,123,5,176,172,0,172,348
12/29/2021,ISP,NY,AEA,EN,Towers with Radar,32,12,11,0,55,0,2,0,0,2,32,14,11,0,57,18,0,18,75
12/30/2021,ISP,NY,AEA,EN,Towers with Radar,31,8,20,0,59,0,0,4,0,4,31,8,24,0,63,32,0,32,95
12/31/2021,ISP,NY,AEA,EN,Towers with Radar,27,6,22,0,55,0,2,2,0,4,27,8,24,0,59,0,0,0,59
01/01/2022,ISP,NY,AEA,EN,Towers with Radar,32,16,16,0,64,0,0,0,0,0,32,16,16,0,64,0,0,0,64
01/02/2022,ISP,NY,AEA,EN,Towers with Radar,27,15,29,0,71,0,2,3,0,5,27,17,32,0,76,10,0,10,86
01/03/2022,ISP,NY,AEA,EN,Towers with Radar,26,11,12,0,49,0,4,9,0,13,26,15,21,0,62,0,0,0,62
01/04/2022,ISP,NY,AEA,EN,Towers with Radar,26,9,48,2,85,0,4,205,4,213,26,13,253,6,298,270,0,270,568
01/05/2022,ISP,NY,AEA,EN,Towers with Radar,25,18,6,0,49,0,0,1,0,1,25,18,7,0,50,4,0,4,54
01/06/2022,ISP,NY,AEA,EN,Towers with Radar,22,11,39,3,75,0,8,138,15,161,22,19,177,18,236,168,26,194,430
01/07/2022,ISP,NY,AEA,EN,Towers with Radar,23,14,3,0,40,0,0,7,2,9,23,14,10,2,49,0,6,6,55
01/08/2022,ISP,NY,AEA,EN,Towers with Radar,34,8,40,0,82,0,5,150,0,155,34,13,190,0,237,308,0,308,545
01/09/2022,ISP,NY,AEA,EN,Towers with Radar,29,16,10,0,55,0,4,16,0,20,29,20,26,0,75,52,0,52,127
01/10/2022,ISP,NY,AEA,EN,Towers with Radar,28,11,19,10,68,0,6,79,4,89,28,17,98,14,157,112,0,112,269
01/11/2022,ISP,NY,AEA,EN,Towers with Radar,29,6,18,0,53,0,5,58,2,65,29,11,76,2,118,168,0,168,286
01/12/2022,ISP,NY,AEA,EN,Towers with Radar,28,8,19,0,55,0,8,92,6,106,28,16,111,6,161,86,4,90,251
01/13/2022,ISP,NY,AEA,EN,Towers with Radar,31,14,35,0,80,0,21,184,8,213,31,35,219,8,293,320,0,320,613
01/14/2022,ISP,NY,AEA,EN,Towers with Radar,30,17,19,0,66,0,3,53,2,58,30,20,72,2,124,98,0,98,222
01/15/2022,ISP,NY,AEA,EN,Towers with Radar,37,13,23,0,73,0,3,72,0,75,37,16,95,0,148,52,0,52,200
01/16/2022,ISP,NY,AEA,EN,Towers with Radar,31,10,11,0,52,0,0,71,0,71,31,10,82,0,123,300,0,300,423
01/17/2022,ISP,NY,AEA,EN,Towers with Radar,26,12,15,0,53,0,4,3,0,7,26,16,18,0,60,8,0,8,68
01/18/2022,ISP,NY,AEA,EN,Towers with Radar,29,4,20,0,53,0,5,22,6,33,29,9,42,6,86,8,0,8,94
01/19/2022,ISP,NY,AEA,EN,Towers with Radar,28,8,22,1,59,0,9,75,14,98,28,17,97,15,157,222,10,232,389
01/20/2022,ISP,NY,AEA,EN,Towers with Radar,26,9,14,0,49,0,2,18,4,24,26,11,32,4,73,106,14,120,193
01/21/2022,ISP,NY,AEA,EN,Towers with Radar,27,16,23,0,66,0,12,119,6,137,27,28,142,6,203,166,8,174,377
01/22/2022,ISP,NY,AEA,EN,Towers with Radar,35,7,21,0,63,0,7,136,4,147,35,14,157,4,210,366,46,412,622
01/23/2022,ISP,NY,AEA,EN,Towers with Radar,28,15,29,4,76,0,5,153,4,162,28,20,182,8,238,342,6,348,586
01/24/2022,ISP,NY,AEA,EN,Towers with Radar,29,5,24,0,58,0,0,82,0,82,29,5,106,0,140,248,0,248,388
01/25/2022,ISP,NY,AEA,EN,Towers with Radar,26,7,28,2,63,0,12,92,8,112,26,19,120,10,175,336,14,350,525
01/26/2022,ISP,NY,AEA,EN,Towers with Radar,29,9,31,0,69,0,12,119,4,135,29,21,150,4,204,280,10,290,494
01/27/2022,ISP,NY,AEA,EN,Towers with Radar,28,8,37,4,77,0,12,173,5,190,28,20,210,9,267,240,0,240,507
01/28/2022,ISP,NY,AEA,EN,Towers with Radar,25,10,22,0,57,0,2,24,0,26,25,12,46,0,83,124,0,124,207
01/29/2022,ISP,NY,AEA,EN,Towers with Radar,0,0,0,0,0,0,0,0,0,0,0,0,0,0,0,0,0,0,0
01/30/2022,ISP,NY,AEA,EN,Towers with Radar,10,16,13,0,39,0,4,6,0,10,10,20,19,0,49,2,0,2,51
01/31/2022,ISP,NY,AEA,EN,Towers with Radar,26,10,24,0,60,0,2,81,6,89,26,12,105,6,149,194,0,194,343
02/01/2022,ISP,NY,AEA,EN,Towers with Radar,28,6,33,3,70,0,2,124,0,126,28,8,157,3,196,307,0,307,503
02/02/2022,ISP,NY,AEA,EN,Towers with Radar,28,8,24,0,60,0,2,36,2,40,28,10,60,2,100,97,0,97,197
02/03/2022,ISP,NY,AEA,EN,Towers with Radar,22,13,17,0,52,0,0,0,0,0,22,13,17,0,52,0,0,0,52
02/04/2022,ISP,NY,AEA,EN,Towers with Radar,26,12,9,0,47,0,0,0,0,0,26,12,9,0,47,0,0,0,47
02/05/2022,ISP,NY,AEA,EN,Towers with Radar,35,9,17,0,61,0,4,70,0,74,35,13,87,0,135,120,0,120,255
02/06/2022,ISP,NY,AEA,EN,Towers with Radar,28,14,27,0,69,0,6,182,0,188,28,20,209,0,257,372,0,372,629
02/07/2022,ISP,NY,AEA,EN,Towers with Radar,20,12,14,0,46,0,0,0,0,0,20,12,14,0,46,0,0,0,46
02/08/2022,ISP,NY,AEA,EN,Towers with Radar,27,9,22,1,59,0,6,75,11,92,27,15,97,12,151,256,10,266,417
02/09/2022,ISP,NY,AEA,EN,Towers with Radar,28,11,27,1,67,0,16,216,11,243,28,27,243,12,310,382,16,398,708
02/10/2022,ISP,NY,AEA,EN,Towers with Radar,28,17,41,2,88,0,6,121,10,137,28,23,162,12,225,268,34,302,527
02/11/2022,ISP,NY,AEA,EN,Towers with Radar,28,8,27,1,64,0,15,149,9,173,28,23,176,10,237,222,16,238,475
02/12/2022,ISP,NY,AEA,EN,Towers with Radar,35,4,40,1,80,0,7,185,5,197,35,11,225,6,277,238,0,238,515
02/13/2022,ISP,NY,AEA,EN,Towers with Radar,27,6,7,0,40,0,0,0,0,0,27,6,7,0,40,0,0,0,40
02/14/2022,ISP,NY,AEA,EN,Towers with Radar,29,9,20,0,58,0,7,40,14,61,29,16,60,14,119,158,14,172,291
02/15/2022,ISP,NY,AEA,EN,Towers with Radar,29,10,26,1,66,0,15,135,7,157,29,25,161,8,223,306,0,306,529
02/16/2022,ISP,NY,AEA,EN,Towers with Radar,28,12,37,3,80,0,6,113,11,130,28,18,150,14,210,218,28,246,456
02/17/2022,ISP,NY,AEA,EN,Towers with Radar,32,12,22,1,67,0,2,14,7,23,32,14,36,8,90,48,0,48,138
02/18/2022,ISP,NY,AEA,EN,Towers with Radar,32,10,18,0,60,0,5,17,0,22,32,15,35,0,82,18,0,18,100
02/19/2022,ISP,NY,AEA,EN,Towers with Radar,37,10,14,0,61,0,2,40,2,44,37,12,54,2,105,54,0,54,159
02/20/2022,ISP,NY,AEA,EN,Towers with Radar,36,9,49,0,94,0,5,185,2,192,36,14,234,2,286,280,0,280,566
02/21/2022,ISP,NY,AEA,EN,Towers with Radar,34,13,28,0,75,0,14,207,0,221,34,27,235,0,296,414,0,414,710
02/22/2022,ISP,NY,AEA,EN,Towers with Radar,30,8,10,2,50,0,2,0,0,2,30,10,10,2,52,0,0,0,52
02/23/2022,ISP,NY,AEA,EN,Towers with Radar,32,8,31,1,72,0,8,98,15,121,32,16,129,16,193,198,12,210,403
02/24/2022,ISP,NY,AEA,EN,Towers with Radar,31,8,30,1,70,0,12,144,7,163,31,20,174,8,233,384,30,414,647
02/25/2022,ISP,NY,AEA,EN,Towers with Radar,32,13,11,0,56,0,0,2,0,2,32,13,13,0,58,0,0,0,58
02/26/2022,ISP,NY,AEA,EN,Towers with Radar,37,17,36,0,90,0,5,196,0,201,37,22,232,0,291,304,0,304,595
02/27/2022,ISP,NY,AEA,EN,Towers with Radar,32,12,34,2,80,0,1,89,5,95,32,13,123,7,175,80,0,80,255
02/28/2022,ISP,NY,AEA,EN,Towers with Radar,34,15,29,0,78,0,11,128,0,139,34,26,157,0,217,318,0,318,535
03/01/2022,ISP,NY,AEA,EN,Towers with Radar,30,10,27,1,68,0,13,112,7,132,30,23,139,8,200,322,0,322,522
03/02/2022,ISP,NY,AEA,EN,Towers with Radar,32,7,58,6,103,0,17,192,16,225,32,24,250,22,328,296,2,298,626
03/03/2022,ISP,NY,AEA,EN,Towers with Radar,32,11,20,1,64,0,8,96,15,119,32,19,116,16,183,192,20,212,395
03/04/2022,ISP,NY,AEA,EN,Towers with Radar,32,12,37,2,83,0,17,180,6,203,32,29,217,8,286,302,0,302,588
03/05/2022,ISP,NY,AEA,EN,Towers with Radar,37,10,38,0,85,0,5,181,2,188,37,15,219,2,273,366,0,366,639
03/06/2022,ISP,NY,AEA,EN,Towers with Radar,31,7,23,0,61,0,1,7,0,8,31,8,30,0,69,0,0,0,69
03/07/2022,ISP,NY,AEA,EN,Towers with Radar,34,13,25,0,72,0,2,21,2,25,34,15,46,2,97,36,0,36,133
03/08/2022,ISP,NY,AEA,EN,Towers with Radar,29,4,23,0,56,0,4,91,7,102,29,8,114,7,158,68,0,68,226
03/09/2022,ISP,NY,AEA,EN,Towers with Radar,32,5,9,0,46,0,0,0,0,0,32,5,9,0,46,0,0,0,46
03/10/2022,ISP,NY,AEA,EN,Towers with Radar,32,23,40,2,97,0,5,139,8,152,32,28,179,10,249,260,30,290,539
03/11/2022,ISP,NY,AEA,EN,Towers with Radar,36,16,26,2,80,0,14,165,8,187,36,30,191,10,267,266,0,266,533
03/12/2022,ISP,NY,AEA,EN,Towers with Radar,23,2,3,0,28,0,0,0,0,0,23,2,3,0,28,0,0,0,28
03/13/2022,ISP,NY,AEA,EN,Towers with Radar,31,9,29,1,70,0,1,50,1,52,31,10,79,2,122,38,0,38,160
03/14/2022,ISP,NY,AEA,EN,Towers with Radar,35,14,35,2,86,0,9,171,16,196,35,23,206,18,282,288,0,288,570
03/15/2022,ISP,NY,AEA,EN,Towers with Radar,29,11,43,4,87,0,10,173,8,191,29,21,216,12,278,332,4,336,614
03/16/2022,ISP,NY,AEA,EN,Towers with Radar,31,8,39,2,80,0,12,192,12,216,31,20,231,14,296,274,34,308,604
03/17/2022,ISP,NY,AEA,EN,Towers with Radar,33,12,24,0,69,0,0,0,0,0,33,12,24,0,69,0,0,0,69
03/18/2022,ISP,NY,AEA,EN,Towers with Radar,38,12,33,0,83,0,13,123,7,143,38,25,156,7,226,230,0,230,456
03/19/2022,ISP,NY,AEA,EN,Towers with Radar,32,5,22,0,59,0,0,4,0,4,32,5,26,0,63,0,0,0,63
03/20/2022,ISP,NY,AEA,EN,Towers with Radar,32,13,34,2,81,0,2,168,4,174,32,15,202,6,255,222,0,222,477
03/21/2022,ISP,NY,AEA,EN,Towers with Radar,37,9,31,0,77,0,8,121,8,137,37,17,152,8,214,224,0,224,438
03/22/2022,ISP,NY,AEA,EN,Towers with Radar,27,8,31,4,70,0,8,155,12,175,27,16,186,16,245,278,18,296,541
03/23/2022,ISP,NY,AEA,EN,Towers with Radar,31,9,32,7,79,0,8,131,4,143,31,17,163,11,222,248,4,252,474
03/24/2022,ISP,NY,AEA,EN,Towers with Radar,32,5,16,0,53,0,2,0,0,2,32,7,16,0,55,0,0,0,55
03/25/2022,ISP,NY,AEA,EN,Towers with Radar,38,13,46,1,98,0,11,142,12,165,38,24,188,13,263,422,12,434,697
03/26/2022,ISP,NY,AEA,EN,Towers with Radar,34,11,19,0,64,0,6,80,0,86,34,17,99,0,150,236,0,236,386
03/27/2022,ISP,NY,AEA,EN,Towers with Radar,36,13,29,0,78,0,0,91,1,92,36,13,120,1,170,84,0,84,254
03/28/2022,ISP,NY,AEA,EN,Towers with Radar,39,11,15,2,67,0,2,5,4,11,39,13,20,6,78,0,16,16,94
03/29/2022,ISP,NY,AEA,EN,Towers with Radar,30,7,27,1,65,0,7,96,9,112,30,14,123,10,177,158,0,158,335
03/30/2022,ISP,NY,AEA,EN,Towers with Radar,26,10,32,1,69,0,13,182,11,206,26,23,214,12,275,486,18,504,779
03/31/2022,ISP,NY,AEA,EN,Towers with Radar,30,14,15,0,59,0,0,0,0,0,30,14,15,0,59,0,0,0,59
04/01/2022,ISP,NY,AEA,EN,Towers with Radar,31,12,29,2,74,0,3,62,6,71,31,15,91,8,145,230,0,230,375
04/02/2022,ISP,NY,AEA,EN,Towers with Radar,18,9,41,2,70,0,6,192,1,199,18,15,233,3,269,464,0,464,733
04/03/2022,ISP,NY,AEA,EN,Towers with Radar,22,11,24,1,58,0,0,15,0,15,22,11,39,1,73,140,0,140,213
04/04/2022,ISP,NY,AEA,EN,Towers with Radar,32,13,21,1,67,0,13,168,9,190,32,26,189,10,257,250,34,284,541
04/05/2022,ISP,NY,AEA,EN,Towers with Radar,22,12,27,0,61,0,8,141,6,155,22,20,168,6,216,370,0,370,586
04/06/2022,ISP,NY,AEA,EN,Towers with Radar,26,5,24,0,55,0,0,1,0,1,26,5,25,0,56,0,0,0,56
04/07/2022,ISP,NY,AEA,EN,Towers with Radar,27,10,22,0,59,0,2,0,0,2,27,12,22,0,61,4,0,4,65
04/08/2022,ISP,NY,AEA,EN,Towers with Radar,30,13,62,1,106,0,16,149,3,168,30,29,211,4,274,404,2,406,680
04/09/2022,ISP,NY,AEA,EN,Towers with Radar,31,6,26,0,63,0,7,68,0,75,31,13,94,0,138,386,0,386,524
04/10/2022,ISP,NY,AEA,EN,Towers with Radar,26,14,31,0,71,0,17,92,0,109,26,31,123,0,180,286,0,286,466
04/11/2022,ISP,NY,AEA,EN,Towers with Radar,31,13,38,0,82,0,11,183,6,200,31,24,221,6,282,520,0,520,802
04/12/2022,ISP,NY,AEA,EN,Towers with Radar,29,6,37,4,76,0,15,121,8,144,29,21,158,12,220,426,2,428,648
04/13/2022,ISP,NY,AEA,EN,Towers with Radar,32,11,38,6,87,0,17,168,9,194,32,28,206,15,281,552,6,558,839
04/14/2022,ISP,NY,AEA,EN,Towers with Radar,27,16,37,4,84,0,8,101,4,113,27,24,138,8,197,370,6,376,573
04/15/2022,ISP,NY,AEA,EN,Towers with Radar,32,15,44,0,91,0,10,172,4,186,32,25,216,4,277,388,0,388,665
04/16/2022,ISP,NY,AEA,EN,Towers with Radar,33,12,22,1,68,0,2,81,1,84,33,14,103,2,152,62,0,62,214
04/17/2022,ISP,NY,AEA,EN,Towers with Radar,29,13,22,0,64,0,5,50,0,55,29,18,72,0,119,112,0,112,231
04/18/2022,ISP,NY,AEA,EN,Towers with Radar,33,11,25,0,69,0,10,104,2,116,33,21,129,2,185,406,0,406,591
04/19/2022,ISP,NY,AEA,EN,Towers with Radar,31,12,14,2,59,0,2,10,0,12,31,14,24,2,71,0,0,0,71
04/20/2022,ISP,NY,AEA,EN,Towers with Radar,30,15,37,1,83,0,9,111,7,127,30,24,148,8,210,296,0,296,506
04/21/2022,ISP,NY,AEA,EN,Towers with Radar,30,10,40,1,81,0,8,161,7,176,30,18,201,8,257,370,6,376,633
04/22/2022,ISP,NY,AEA,EN,Towers with Radar,35,9,42,0,86,0,10,134,0,144,35,19,176,0,230,448,0,448,678
04/23/2022,ISP,NY,AEA,EN,Towers with Radar,33,11,30,0,74,0,9,202,5,216,33,20,232,5,290,602,0,602,892
04/24/2022,ISP,NY,AEA,EN,Towers with Radar,30,18,40,0,88,0,3,127,3,133,30,21,167,3,221,430,0,430,651
04/25/2022,ISP,NY,AEA,EN,Towers with Radar,33,20,28,0,81,0,1,109,1,111,33,21,137,1,192,364,0,364,556
04/26/2022,ISP,NY,AEA,EN,Towers with Radar,28,11,31,2,72,0,3,9,0,12,28,14,40,2,84,24,0,24,108
04/27/2022,ISP,NY,AEA,EN,Towers with Radar,23,11,20,0,54,0,8,60,4,72,23,19,80,4,126,186,0,186,312
04/28/2022,ISP,NY,AEA,EN,Towers with Radar,25,14,21,0,60,0,8,31,2,41,25,22,52,2,101,172,0,172,273
04/29/2022,ISP,NY,AEA,EN,Towers with Radar,27,14,37,1,79,0,7,100,1,108,27,21,137,2,187,230,0,230,417
04/30/2022,ISP,NY,AEA,EN,Towers with Radar,25,9,35,1,70,0,15,179,1,195,25,24,214,2,265,534,0,534,799
05/01/2022,ISP,NY,AEA,EN,Towers with Radar,26,6,54,0,86,0,6,198,2,206,26,12,252,2,292,656,0,656,948
05/02/2022,ISP,NY,AEA,EN,Towers with Radar,27,9,19,0,55,0,0,1,0,1,27,9,20,0,56,4,0,4,60
05/03/2022,ISP,NY,AEA,EN,Towers with Radar,26,9,44,0,79,0,8,32,3,43,26,17,76,3,122,370,0,370,492
05/04/2022,ISP,NY,AEA,EN,Towers with Radar,23,15,22,0,60,0,0,5,0,5,23,15,27,0,65,220,0,220,285
05/05/2022,ISP,NY,AEA,EN,Towers with Radar,27,12,38,1,78,0,14,215,8,237,27,26,253,9,315,674,6,680,995
05/06/2022,ISP,NY,AEA,EN,Towers with Radar,28,11,40,0,79,0,2,31,0,33,28,13,71,0,112,306,0,306,418
05/07/2022,ISP,NY,AEA,EN,Towers with Radar,23,17,9,0,49,0,4,2,0,6,23,21,11,0,55,0,0,0,55
05/08/2022,ISP,NY,AEA,EN,Towers with Radar,30,15,12,1,58,0,1,17,1,19,30,16,29,2,77,54,0,54,131
05/09/2022,ISP,NY,AEA,EN,Towers with Radar,30,15,11,0,56,0,8,21,2,31,30,23,32,2,87,112,0,112,199
05/10/2022,ISP,NY,AEA,EN,Towers with Radar,27,8,28,0,63,0,8,48,4,60,27,16,76,4,123,68,0,68,191
05/11/2022,ISP,NY,AEA,EN,Towers with Radar,23,8,44,1,76,0,5,113,6,124,23,13,157,7,200,434,10,444,644
05/12/2022,ISP,NY,AEA,EN,Towers with Radar,25,11,37,0,73,0,9,47,2,58,25,20,84,2,131,448,0,448,579
05/13/2022,ISP,NY,AEA,EN,Towers with Radar,25,11,24,0,60,0,0,3,0,3,25,11,27,0,63,26,0,26,89
05/14/2022,ISP,NY,AEA,EN,Towers with Radar,24,13,31,0,68,0,0,3,0,3,24,13,34,0,71,0,0,0,71
05/15/2022,ISP,NY,AEA,EN,Towers with Radar,22,15,33,0,70,0,1,58,0,59,22,16,91,0,129,306,0,306,435
05/16/2022,ISP,NY,AEA,EN,Towers with Radar,28,12,19,0,59,0,0,22,1,23,28,12,41,1,82,58,0,58,140
05/17/2022,ISP,NY,AEA,EN,Towers with Radar,23,9,35,0,67,0,13,172,7,192,23,22,207,7,259,610,0,610,869
05/18/2022,ISP,NY,AEA,EN,Towers with Radar,23,14,56,1,94,0,16,240,11,267,23,30,296,12,361,678,0,678,1039
05/19/2022,ISP,NY,AEA,EN,Towers with Radar,28,8,36,0,72,0,2,8,0,10,28,10,44,0,82,176,0,176,258
05/20/2022,ISP,NY,AEA,EN,Towers with Radar,30,22,48,2,102,0,2,30,0,32,30,24,78,2,134,120,0,120,254
05/21/2022,ISP,NY,AEA,EN,Towers with Radar,25,8,36,0,69,0,7,151,0,158,25,15,187,0,227,568,0,568,795
05/22/2022,ISP,NY,AEA,EN,Towers with Radar,26,10,41,0,77,0,4,177,0,181,26,14,218,0,258,456,0,456,714
05/23/2022,ISP,NY,AEA,EN,Towers with Radar,26,17,23,0,66,0,3,133,0,136,26,20,156,0,202,398,0,398,600
05/24/2022,ISP,NY,AEA,EN,Towers with Radar,22,12,38,0,72,0,19,167,5,191,22,31,205,5,263,556,0,556,819
05/25/2022,ISP,NY,AEA,EN,Towers with Radar,24,14,40,0,78,0,13,209,9,231,24,27,249,9,309,594,0,594,903
05/26/2022,ISP,NY,AEA,EN,Towers with Radar,29,15,50,0,94,0,14,145,4,163,29,29,195,4,257,434,8,442,699
05/27/2022,ISP,NY,AEA,EN,Towers with Radar,24,10,22,0,56,0,0,0,0,0,24,10,22,0,56,0,0,0,56
05/28/2022,ISP,NY,AEA,EN,Towers with Radar,25,5,23,3,56,0,2,27,0,29,25,7,50,3,85,66,0,66,151
05/29/2022,ISP,NY,AEA,EN,Towers with Radar,31,10,28,0,69,0,0,160,7,167,31,10,188,7,236,400,12,412,648
05/30/2022,ISP,NY,AEA,EN,Towers with Radar,29,10,50,0,89,0,7,190,4,201,29,17,240,4,290,464,0,464,754
05/31/2022,ISP,NY,AEA,EN,Towers with Radar,24,16,41,2,83,0,15,158,2,175,24,31,199,4,258,570,0,570,828
06/01/2022,ISP,NY,AEA,EN,Towers with Radar,23,10,32,0,65,0,6,54,2,62,23,16,86,2,127,274,0,274,401
06/02/2022,ISP,NY,AEA,EN,Towers with Radar,28,13,34,1,76,0,1,11,3,15,28,14,45,4,91,94,0,94,185
06/03/2022,ISP,NY,AEA,EN,Towers with Radar,26,8,50,0,84,0,2,52,0,54,26,10,102,0,138,366,0,366,504
06/04/2022,ISP,NY,AEA,EN,Towers with Radar,26,6,35,2,69,0,6,174,2,182,26,12,209,4,251,360,0,360,611
06/05/2022,ISP,NY,AEA,EN,Towers with Radar,28,9,35,1,73,0,8,183,1,192,28,17,218,2,265,376,0,376,641
06/06/2022,ISP,NY,AEA,EN,Towers with Radar,25,13,32,0,70,0,6,168,2,176,25,19,200,2,246,440,0,440,686
06/07/2022,ISP,NY,AEA,EN,Towers with Radar,23,16,18,11,68,0,5,115,0,120,23,21,133,11,188,176,0,176,364
06/08/2022,ISP,NY,AEA,EN,Towers with Radar,23,13,39,4,79,0,8,88,2,98,23,21,127,6,177,284,0,284,461
06/09/2022,ISP,NY,AEA,EN,Towers with Radar,21,18,23,2,64,0,1,46,2,49,21,19,69,4,113,114,0,114,227
06/10/2022,ISP,NY,AEA,EN,Towers with Radar,20,13,41,2,76,0,13,230,0,243,20,26,271,2,319,388,0,388,707
06/11/2022,ISP,NY,AEA,EN,Towers with Radar,25,6,29,2,62,0,11,163,5,179,25,17,192,7,241,370,0,370,611
06/12/2022,ISP,NY,AEA,EN,Towers with Radar,25,11,42,0,78,0,0,36,0,36,25,11,78,0,114,112,0,112,226
06/13/2022,ISP,NY,AEA,EN,Towers with Radar,19,12,34,0,65,0,1,157,0,158,19,13,191,0,223,484,2,486,709
06/14/2022,ISP,NY,AEA,EN,Towers with Radar,20,12,47,0,79,0,11,176,5,192,20,23,223,5,271,520,0,520,791
06/15/2022,ISP,NY,AEA,EN,Towers with Radar,17,12,28,0,57,0,13,152,2,167,17,25,180,2,224,426,2,428,652
06/16/2022,ISP,NY,AEA,EN,Towers with Radar,20,10,51,1,82,0,0,58,3,61,20,10,109,4,143,284,8,292,435
06/17/2022,ISP,NY,AEA,EN,Towers with Radar,21,18,36,1,76,0,5,48,2,55,21,23,84,3,131,166,0,166,297
06/18/2022,ISP,NY,AEA,EN,Towers with Radar,25,5,18,0,48,0,7,84,0,91,25,12,102,0,139,158,2,160,299
06/19/2022,ISP,NY,AEA,EN,Towers with Radar,24,14,34,0,72,0,8,85,0,93,24,22,119,0,165,94,0,94,259
06/20/2022,ISP,NY,AEA,EN,Towers with Radar,22,13,43,0,78,0,11,204,2,217,22,24,247,2,295,484,0,484,779
06/21/2022,ISP,NY,AEA,EN,Towers with Radar,21,13,40,0,74,0,7,161,2,170,21,20,201,2,244,534,0,534,778
06/22/2022,ISP,NY,AEA,EN,Towers with Radar,18,14,39,2,73,0,2,2,0,4,18,16,41,2,77,0,0,0,77
06/23/2022,ISP,NY,AEA,EN,Towers with Radar,22,17,53,2,94,0,12,133,0,145,22,29,186,2,239,280,0,280,519
06/24/2022,ISP,NY,AEA,EN,Towers with Radar,18,21,36,0,75,0,11,154,2,167,18,32,190,2,242,324,0,324,566
06/25/2022,ISP,NY,AEA,EN,Towers with Radar,27,12,32,0,71,0,15,197,2,214,27,27,229,2,285,376,0,376,661
06/26/2022,ISP,NY,AEA,EN,Towers with Radar,25,20,33,1,79,0,10,165,1,176,25,30,198,2,255,450,0,450,705
06/27/2022,ISP,NY,AEA,EN,Towers with Radar,17,11,20,0,48,0,0,3,0,3,17,11,23,0,51,36,0,36,87
06/28/2022,ISP,NY,AEA,EN,Towers with Radar,22,17,35,1,75,0,8,201,1,210,22,25,236,2,285,544,0,544,829
06/29/2022,ISP,NY,AEA,EN,Towers with Radar,18,9,47,1,75,0,8,204,3,215,18,17,251,4,290,478,4,482,772
06/30/2022,ISP,NY,AEA,EN,Towers with Radar,22,15,49,3,89,0,8,176,3,187,22,23,225,6,276,272,2,274,550
07/01/2022,ISP,NY,AEA,EN,Towers with Radar,19,19,32,0,70,0,13,149,4,166,19,32,181,4,236,368,0,368,604
07/02/2022,ISP,NY,AEA,EN,Towers with Radar,25,4,18,0,47,0,0,31,2,33,25,4,49,2,80,170,0,170,250
07/03/2022,ISP,NY,AEA,EN,Towers with Radar,27,8,28,0,63,0,11,143,2,156,27,19,171,2,219,432,0,432,651
07/04/2022,ISP,NY,AEA,EN,Towers with Radar,20,9,13,1,43,0,14,179,3,196,20,23,192,4,239,340,0,340,579
07/05/2022,ISP,NY,AEA,EN,Towers with Radar,23,18,31,0,72,0,9,121,0,130,23,27,152,0,202,258,0,258,460
07/06/2022,ISP,NY,AEA,EN,Towers with Radar,18,11,24,2,55,0,7,144,0,151,18,18,168,2,206,362,0,362,568
07/07/2022,ISP,NY,AEA,EN,Towers with Radar,25,13,36,2,76,0,8,126,2,136,25,21,162,4,212,308,2,310,522
07/08/2022,ISP,NY,AEA,EN,Towers with Radar,20,14,35,0,69,0,4,142,0,146,20,18,177,0,215,216,0,216,431
07/09/2022,ISP,NY,AEA,EN,Towers with Radar,24,10,38,1,73,0,14,192,1,207,24,24,230,2,280,280,0,280,560
07/10/2022,ISP,NY,AEA,EN,Towers with Radar,26,13,47,1,87,0,15,195,1,211,26,28,242,2,298,338,0,338,636
07/11/2022,ISP,NY,AEA,EN,Towers with Radar,22,15,30,0,67,0,14,151,0,165,22,29,181,0,232,352,0,352,584
07/12/2022,ISP,NY,AEA,EN,Towers with Radar,24,13,32,1,70,0,8,58,1,67,24,21,90,2,137,74,0,74,211
07/13/2022,ISP,NY,AEA,EN,Towers with Radar,17,9,40,1,67,0,14,228,4,246,17,23,268,5,313,326,0,326,639
07/14/2022,ISP,NY,AEA,EN,Towers with Radar,24,16,34,1,75,0,10,126,3,139,24,26,160,4,214,404,0,404,618
07/15/2022,ISP,NY,AEA,EN,Towers with Radar,20,14,40,2,76,0,19,194,4,217,20,33,234,6,293,384,0,384,677
07/16/2022,ISP,NY,AEA,EN,Towers with Radar,22,14,48,1,85,0,2,35,1,38,22,16,83,2,123,124,0,124,247
07/17/2022,ISP,NY,AEA,EN,Towers with Radar,25,23,47,0,95,0,19,152,2,173,25,42,199,2,268,442,0,442,710
07/18/2022,ISP,NY,AEA,EN,Towers with Radar,20,18,31,3,72,0,0,5,0,5,20,18,36,3,77,0,10,10,87
07/19/2022,ISP,NY,AEA,EN,Towers with Radar,23,11,54,2,90,0,17,186,4,207,23,28,240,6,297,496,0,496,793
07/20/2022,ISP,NY,AEA,EN,Towers with Radar,17,14,39,0,70,0,19,170,6,195,17,33,209,6,265,412,0,412,677
07/21/2022,ISP,NY,AEA,EN,Towers with Radar,24,17,33,0,74,0,13,86,2,101,24,30,119,2,175,182,12,194,369
07/22/2022,ISP,NY,AEA,EN,Towers with Radar,19,14,42,2,77,0,9,220,2,231,19,23,262,4,308,466,0,466,774
07/23/2022,ISP,NY,AEA,EN,Towers with Radar,27,13,34,0,74,0,13,168,0,181,27,26,202,0,255,434,0,434,689
07/24/2022,ISP,NY,AEA,EN,Towers with Radar,24,16,36,0,76,0,3,113,6,122,24,19,149,6,198,318,0,318,516
07/25/2022,ISP,NY,AEA,EN,Towers with Radar,15,10,14,0,39,0,0,22,2,24,15,10,36,2,63,4,0,4,67
07/26/2022,ISP,NY,AEA,EN,Towers with Radar,23,18,40,0,81,0,12,196,5,213,23,30,236,5,294,608,0,608,902
07/27/2022,ISP,NY,AEA,EN,Towers with Radar,18,18,55,4,95,0,15,217,8,240,18,33,272,12,335,500,0,500,835
07/28/2022,ISP,NY,AEA,EN,Towers with Radar,23,15,46,2,86,0,5,58,1,64,23,20,104,3,150,216,0,216,366
07/29/2022,ISP,NY,AEA,EN,Towers with Radar,19,14,25,0,58,0,10,159,0,169,19,24,184,0,227,332,0,332,559
07/30/2022,ISP,NY,AEA,EN,Towers with Radar,25,15,21,0,61,0,7,157,2,166,25,22,178,2,227,284,0,284,511
07/31/2022,ISP,NY,AEA,EN,Towers with Radar,23,19,42,0,84,0,8,143,2,153,23,27,185,2,237,262,0,262,499
08/01/2022,ISP,NY,AEA,EN,Towers with Radar,20,12,49,0,81,0,0,11,2,13,20,12,60,2,94,54,0,54,148
08/02/2022,ISP,NY,AEA,EN,Towers with Radar,23,13,29,0,65,0,15,141,2,158,23,28,170,2,223,418,0,418,641
08/03/2022,ISP,NY,AEA,EN,Towers with Radar,17,14,40,2,73,0,16,178,4,198,17,30,218,6,271,432,0,432,703
08/04/2022,ISP,NY,AEA,EN,Towers with Radar,19,17,38,0,74,0,11,138,1,150,19,28,176,1,224,308,0,308,532
08/05/2022,ISP,NY,AEA,EN,Towers with Radar,18,14,34,0,66,0,8,122,1,131,18,22,156,1,197,314,0,314,511
08/06/2022,ISP,NY,AEA,EN,Towers with Radar,26,15,26,0,67,0,5,96,1,102,26,20,122,1,169,168,0,168,337
08/07/2022,ISP,NY,AEA,EN,Towers with Radar,25,17,29,0,71,0,13,91,2,106,25,30,120,2,177,206,0,206,383
08/08/2022,ISP,NY,AEA,EN,Towers with Radar,21,10,37,2,70,0,3,114,4,121,21,13,151,6,191,240,0,240,431
08/09/2022,ISP,NY,AEA,EN,Towers with Radar,21,9,14,2,46,0,5,120,2,127,21,14,134,4,173,188,0,188,361
08/10/2022,ISP,NY,AEA,EN,Towers with Radar,16,14,47,2,79,0,6,138,0,144,16,20,185,2,223,328,0,328,551
08/11/2022,ISP,NY,AEA,EN,Towers with Radar,21,11,45,0,77,0,9,84,1,94,21,20,129,1,171,242,0,242,413
08/12/2022,ISP,NY,AEA,EN,Towers with Radar,19,15,31,0,65,0,23,187,0,210,19,38,218,0,275,428,0,428,703
08/13/2022,ISP,NY,AEA,EN,Towers with Radar,24,10,25,0,59,0,6,208,4,218,24,16,233,4,277,526,0,526,803
08/14/2022,ISP,NY,AEA,EN,Towers with Radar,24,18,41,0,83,0,4,169,5,178,24,22,210,5,261,422,0,422,683
08/15/2022,ISP,NY,AEA,EN,Towers with Radar,23,16,36,0,75,0,3,155,0,158,23,19,191,0,233,364,0,364,597
08/16/2022,ISP,NY,AEA,EN,Towers with Radar,22,16,33,1,72,0,11,146,6,163,22,27,179,7,235,394,0,394,629
08/17/2022,ISP,NY,AEA,EN,Towers with Radar,18,10,54,0,82,0,7,146,2,155,18,17,200,2,237,412,0,412,649
08/18/2022,ISP,NY,AEA,EN,Towers with Radar,23,10,41,2,76,0,17,147,3,167,23,27,188,5,243,350,0,350,593
08/19/2022,ISP,NY,AEA,EN,Towers with Radar,18,19,34,0,71,0,13,176,5,194,18,32,210,5,265,416,10,426,691
08/20/2022,ISP,NY,AEA,EN,Towers with Radar,25,8,33,0,66,0,8,183,4,195,25,16,216,4,261,428,0,428,689
08/21/2022,ISP,NY,AEA,EN,Towers with Radar,24,15,35,0,74,0,2,70,0,72,24,17,105,0,146,310,0,310,456
08/22/2022,ISP,NY,AEA,EN,Towers with Radar,21,10,38,0,69,0,0,8,0,8,21,10,46,0,77,0,0,0,77
08/23/2022,ISP,NY,AEA,EN,Towers with Radar,21,10,32,0,63,0,5,43,0,48,21,15,75,0,111,170,0,170,281
08/24/2022,ISP,NY,AEA,EN,Towers with Radar,16,7,42,0,65,0,16,210,3,229,16,23,252,3,294,310,0,310,604
08/25/2022,ISP,NY,AEA,EN,Towers with Radar,24,10,48,0,82,0,11,190,8,209,24,21,238,8,291,362,0,362,653
08/26/2022,ISP,NY,AEA,EN,Towers with Radar,18,15,31,0,64,0,9,146,2,157,18,24,177,2,221,308,0,308,529
08/27/2022,ISP,NY,AEA,EN,Towers with Radar,25,8,24,0,57,0,7,170,2,179,25,15,194,2,236,326,0,326,562
08/28/2022,ISP,NY,AEA,EN,Towers with Radar,23,10,35,0,68,0,0,97,0,97,23,10,132,0,165,308,0,308,473
08/29/2022,ISP,NY,AEA,EN,Towers with Radar,20,10,40,2,72,0,10,62,4,76,20,20,102,6,148,316,6,322,470
08/30/2022,ISP,NY,AEA,EN,Towers with Radar,17,12,29,1,59,0,6,61,7,74,17,18,90,8,133,126,0,126,259
08/31/2022,ISP,NY,AEA,EN,Towers with Radar,17,7,48,1,73,0,20,184,5,209,17,27,232,6,282,390,0,390,672
09/01/2022,ISP,NY,AEA,EN,Towers with Radar,24,13,40,2,79,0,11,193,8,212,24,24,233,10,291,308,0,308,599
09/02/2022,ISP,NY,AEA,EN,Towers with Radar,22,12,32,0,66,0,8,213,7,228,22,20,245,7,294,430,16,446,740
09/03/2022,ISP,NY,AEA,EN,Towers with Radar,25,8,26,0,59,0,4,199,3,206,25,12,225,3,265,524,0,524,789
09/04/2022,ISP,NY,AEA,EN,Towers with Radar,19,11,27,0,57,0,7,128,2,137,19,18,155,2,194,442,0,442,636
09/05/2022,ISP,NY,AEA,EN,Towers with Radar,23,10,38,0,71,0,5,60,0,65,23,15,98,0,136,320,0,320,456
09/06/2022,ISP,NY,AEA,EN,Towers with Radar,21,11,21,0,53,0,2,0,0,2,21,13,21,0,55,0,18,18,73
09/07/2022,ISP,NY,AEA,EN,Towers with Radar,16,8,39,2,65,0,5,33,4,42,16,13,72,6,107,172,0,172,279
09/08/2022,ISP,NY,AEA,EN,Towers with Radar,14,9,46,0,69,0,23,142,8,173,14,32,188,8,242,434,0,434,676
09/09/2022,ISP,NY,AEA,EN,Towers with Radar,17,9,36,2,64,0,14,180,2,196,17,23,216,4,260,328,0,328,588
09/10/2022,ISP,NY,AEA,EN,Towers with Radar,19,8,47,0,74,0,10,227,0,237,19,18,274,0,311,392,0,392,703
09/11/2022,ISP,NY,AEA,EN,Towers with Radar,20,12,38,0,70,0,2,124,2,128,20,14,162,2,198,266,0,266,464
09/12/2022,ISP,NY,AEA,EN,Towers with Radar,16,7,43,0,66,0,0,39,0,39,16,7,82,0,105,88,0,88,193
09/13/2022,ISP,NY,AEA,EN,Towers with Radar,17,4,26,1,48,0,2,50,5,57,17,6,76,6,105,184,0,184,289
09/14/2022,ISP,NY,AEA,EN,Towers with Radar,17,13,35,2,67,0,21,219,10,250,17,34,254,12,317,388,0,388,705
09/15/2022,ISP,NY,AEA,EN,Towers with Radar,16,12,46,0,74,0,11,149,1,161,16,23,195,1,235,270,0,270,505
09/16/2022,ISP,NY,AEA,EN,Towers with Radar,18,5,42,4,69,0,13,183,4,200,18,18,225,8,269,390,0,390,659
09/17/2022,ISP,NY,AEA,EN,Towers with Radar,20,4,27,0,51,0,13,209,2,224,20,17,236,2,275,338,0,338,613
09/18/2022,ISP,NY,AEA,EN,Towers with Radar,19,11,49,0,79,0,5,179,0,184,19,16,228,0,263,284,0,284,547
09/19/2022,ISP,NY,AEA,EN,Towers with Radar,20,12,44,0,76,0,8,103,2,113,20,20,147,2,189,410,0,410,599
09/20/2022,ISP,NY,AEA,EN,Towers with Radar,18,13,38,0,69,0,14,130,2,146,18,27,168,2,215,386,0,386,601
09/21/2022,ISP,NY,AEA,EN,Towers with Radar,17,9,38,0,64,0,10,204,4,218,17,19,242,4,282,438,0,438,720
09/22/2022,ISP,NY,AEA,EN,Towers with Radar,17,10,22,0,49,0,4,14,0,18,17,14,36,0,67,32,0,32,99
09/23/2022,ISP,NY,AEA,EN,Towers with Radar,20,7,20,0,47,0,10,27,5,42,20,17,47,5,89,20,0,20,109
09/24/2022,ISP,NY,AEA,EN,Towers with Radar,22,7,19,0,48,0,6,180,4,190,22,13,199,4,238,392,0,392,630
09/25/2022,ISP,NY,AEA,EN,Towers with Radar,24,9,37,0,70,0,2,127,2,131,24,11,164,2,201,304,0,304,505
09/26/2022,ISP,NY,AEA,EN,Towers with Radar,19,8,46,0,73,0,7,109,2,118,19,15,155,2,191,290,0,290,481
09/27/2022,ISP,NY,AEA,EN,Towers with Radar,17,10,39,1,67,0,18,136,8,162,17,28,175,9,229,368,0,368,597
09/28/2022,ISP,NY,AEA,EN,Towers with Radar,9,8,43,0,60,0,10,168,2,180,9,18,211,2,240,406,0,406,646
09/29/2022,ISP,NY,AEA,EN,Towers with Radar,12,10,37,0,59,0,20,134,3,157,12,30,171,3,216,388,0,388,604
09/30/2022,ISP,NY,AEA,EN,Towers with Radar,12,19,50,0,81,0,12,165,0,177,12,31,215,0,258,508,0,508,766
10/01/2022,ISP,NY,AEA,EN,Towers with Radar,20,4,16,2,42,0,0,2,0,2,20,4,18,2,44,0,0,0,44
10/02/2022,ISP,NY,AEA,EN,Towers with Radar,23,6,18,0,47,0,0,4,0,4,23,6,22,0,51,0,0,0,51
10/03/2022,ISP,NY,AEA,EN,Towers with Radar,21,8,19,0,48,0,0,8,1,9,21,8,27,1,57,0,0,0,57
10/04/2022,ISP,NY,AEA,EN,Towers with Radar,18,7,13,0,38,0,2,0,0,2,18,9,13,0,40,0,0,0,40
10/05/2022,ISP,NY,AEA,EN,Towers with Radar,18,4,24,2,48,0,2,0,0,2,18,6,24,2,50,10,0,10,60
10/06/2022,ISP,NY,AEA,EN,Towers with Radar,20,9,50,0,79,0,18,193,3,214,20,27,243,3,293,488,0,488,781
10/07/2022,ISP,NY,AEA,EN,Towers with Radar,20,10,42,0,72,0,15,165,6,186,20,25,207,6,258,430,0,430,688
10/08/2022,ISP,NY,AEA,EN,Towers with Radar,21,11,19,0,51,0,21,144,2,167,21,32,163,2,218,284,0,284,502
10/09/2022,ISP,NY,AEA,EN,Towers with Radar,25,6,30,0,61,0,8,178,2,188,25,14,208,2,249,290,0,290,539
10/10/2022,ISP,NY,AEA,EN,Towers with Radar,19,11,32,0,62,0,15,172,2,189,19,26,204,2,251,344,0,344,595
10/11/2022,ISP,NY,AEA,EN,Towers with Radar,18,23,46,0,87,0,22,169,5,196,18,45,215,5,283,336,0,336,619
10/12/2022,ISP,NY,AEA,EN,Towers with Radar,17,5,44,0,66,0,13,198,7,218,17,18,242,7,284,360,0,360,644
10/13/2022,ISP,NY,AEA,EN,Towers with Radar,19,8,27,0,54,0,8,12,0,20,19,16,39,0,74,22,0,22,96
10/14/2022,ISP,NY,AEA,EN,Towers with Radar,20,9,58,0,87,0,10,92,3,105,20,19,150,3,192,230,0,230,422
10/15/2022,ISP,NY,AEA,EN,Towers with Radar,21,8,43,0,72,0,7,191,0,198,21,15,234,0,270,426,0,426,696
10/16/2022,ISP,NY,AEA,EN,Towers with Radar,25,5,40,0,70,0,12,197,2,211,25,17,237,2,281,318,0,318,599
10/17/2022,ISP,NY,AEA,EN,Towers with Radar,20,6,52,0,78,0,0,20,0,20,20,6,72,0,98,68,0,68,166
10/18/2022,ISP,NY,AEA,EN,Towers with Radar,18,10,36,0,64,0,17,149,4,170,18,27,185,4,234,310,0,310,544
10/19/2022,ISP,NY,AEA,EN,Towers with Radar,20,9,49,0,78,0,16,166,6,188,20,25,215,6,266,220,0,220,486
10/20/2022,ISP,NY,AEA,EN,Towers with Radar,19,13,31,0,63,0,11,120,1,132,19,24,151,1,195,210,0,210,405
10/21/2022,ISP,NY,AEA,EN,Towers with Radar,24,4,33,0,61,0,13,166,2,181,24,17,199,2,242,374,0,374,616
10/22/2022,ISP,NY,AEA,EN,Towers with Radar,21,2,25,1,49,0,11,176,1,188,21,13,201,2,237,416,0,416,653
10/23/2022,ISP,NY,AEA,EN,Towers with Radar,24,10,28,0,62,0,4,53,1,58,24,14,81,1,120,214,0,214,334
10/24/2022,ISP,NY,AEA,EN,Towers with Radar,23,8,26,0,57,0,0,0,0,0,23,8,26,0,57,0,0,0,57
10/25/2022,ISP,NY,AEA,EN,Towers with Radar,18,12,33,0,63,0,0,5,0,5,18,12,38,0,68,30,22,52,120
10/26/2022,ISP,NY,AEA,EN,Towers with Radar,17,3,21,0,41,0,0,4,0,4,17,3,25,0,45,24,0,24,69
10/27/2022,ISP,NY,AEA,EN,Towers with Radar,21,3,45,0,69,0,40,157,6,203,21,43,202,6,272,206,0,206,478
10/28/2022,ISP,NY,AEA,EN,Towers with Radar,19,7,41,0,67,0,38,157,1,196,19,45,198,1,263,422,0,422,685
10/29/2022,ISP,NY,AEA,EN,Towers with Radar,21,4,43,0,68,0,12,147,4,163,21,16,190,4,231,370,0,370,601
10/30/2022,ISP,NY,AEA,EN,Towers with Radar,24,2,38,0,64,0,12,190,0,202,24,14,228,0,266,464,0,464,730
10/31/2022,ISP,NY,AEA,EN,Towers with Radar,20,6,49,0,75,0,13,103,3,119,20,19,152,3,194,388,0,388,582
11/01/2022,ISP,NY,AEA,EN,Towers with Radar,18,5,24,0,47,0,0,16,0,16,18,5,40,0,63,40,0,40,103
11/02/2022,ISP,NY,AEA,EN,Towers with Radar,17,8,32,0,57,0,16,142,2,160,17,24,174,2,217,456,20,476,693
11/03/2022,ISP,NY,AEA,EN,Towers with Radar,19,7,38,0,64,0,10,182,4,196,19,17,220,4,260,416,0,416,676
11/04/2022,ISP,NY,AEA,EN,Towers with Radar,20,15,40,1,76,0,9,112,5,126,20,24,152,6,202,258,0,258,460
11/05/2022,ISP,NY,AEA,EN,Towers with Radar,21,3,41,0,65,0,5,157,1,163,21,8,198,1,228,424,0,424,652
11/06/2022,ISP,NY,AEA,EN,Towers with Radar,23,6,38,0,67,0,7,120,9,136,23,13,158,9,203,220,0,220,423
11/07/2022,ISP,NY,AEA,EN,Towers with Radar,22,3,36,0,61,0,27,118,4,149,22,30,154,4,210,410,0,410,620
11/08/2022,ISP,NY,AEA,EN,Towers with Radar,21,4,22,0,47,0,11,111,4,126,21,15,133,4,173,212,0,212,385
11/09/2022,ISP,NY,AEA,EN,Towers with Radar,13,7,35,1,56,0,18,140,3,161,13,25,175,4,217,514,10,524,741
11/10/2022,ISP,NY,AEA,EN,Towers with Radar,19,1,51,0,71,0,10,128,4,142,19,11,179,4,213,428,0,428,641
11/11/2022,ISP,NY,AEA,EN,Towers with Radar,22,7,20,0,49,0,6,9,0,15,22,13,29,0,64,12,0,12,76
11/12/2022,ISP,NY,AEA,EN,Towers with Radar,26,7,26,0,59,0,4,51,0,55,26,11,77,0,114,136,0,136,250
11/13/2022,ISP,NY,AEA,EN,Towers with Radar,24,5,34,1,64,0,9,32,1,42,24,14,66,2,106,202,0,202,308
11/14/2022,ISP,NY,AEA,EN,Towers with Radar,23,3,38,0,64,0,14,150,2,166,23,17,188,2,230,444,0,444,674
11/15/2022,ISP,NY,AEA,EN,Towers with Radar,22,9,29,0,60,0,11,157,6,174,22,20,186,6,234,410,0,410,644
11/16/2022,ISP,NY,AEA,EN,Towers with Radar,19,5,7,0,31,0,1,20,0,21,19,6,27,0,52,54,0,54,106
11/17/2022,ISP,NY,AEA,EN,Towers with Radar,22,9,39,0,70,0,7,92,4,103,22,16,131,4,173,216,0,216,389
11/18/2022,ISP,NY,AEA,EN,Towers with Radar,24,13,37,1,75,0,18,135,3,156,24,31,172,4,231,302,0,302,533
11/19/2022,ISP,NY,AEA,EN,Towers with Radar,25,6,37,0,68,0,0,171,2,173,25,6,208,2,241,330,0,330,571
11/20/2022,ISP,NY,AEA,EN,Towers with Radar,24,8,19,0,51,0,4,30,0,34,24,12,49,0,85,14,6,20,105
11/21/2022,ISP,NY,AEA,EN,Towers with Radar,20,14,30,0,64,0,14,113,1,128,20,28,143,1,192,344,4,348,540
11/22/2022,ISP,NY,AEA,EN,Towers with Radar,26,14,34,2,76,0,10,187,2,199,26,24,221,4,275,328,0,328,603
11/23/2022,ISP,NY,AEA,EN,Towers with Radar,23,8,32,1,64,0,9,134,4,147,23,17,166,5,211,404,0,404,615
11/24/2022,ISP,NY,AEA,EN,Towers with Radar,24,0,8,0,32,0,4,51,0,55,24,4,59,0,87,106,0,106,193
11/25/2022,ISP,NY,AEA,EN,Towers with Radar,24,2,15,0,41,0,3,23,0,26,24,5,38,0,67,28,0,28,95
11/26/2022,ISP,NY,AEA,EN,Towers with Radar,27,6,43,1,77,0,5,182,4,191,27,11,225,5,268,362,0,362,630
11/27/2022,ISP,NY,AEA,EN,Towers with Radar,28,13,28,1,70,0,1,59,3,63,28,14,87,4,133,134,0,134,267
11/28/2022,ISP,NY,AEA,EN,Towers with Radar,26,8,32,4,70,0,6,72,4,82,26,14,104,8,152,280,18,298,450
11/29/2022,ISP,NY,AEA,EN,Towers with Radar,22,9,39,0,70,0,10,156,8,174,22,19,195,8,244,296,0,296,540
11/30/2022,ISP,NY,AEA,EN,Towers with Radar,18,4,16,0,38,0,2,10,3,15,18,6,26,3,53,40,24,64,117
12/01/2022,ISP,NY,AEA,EN,Towers with Radar,24,12,26,0,62,0,9,36,2,47,24,21,62,2,109,74,0,74,183
12/02/2022,ISP,NY,AEA,EN,Towers with Radar,24,10,39,0,73,0,15,208,3,226,24,25,247,3,299,356,0,356,655
12/03/2022,ISP,NY,AEA,EN,Towers with Radar,33,9,4,1,47,0,0,1,0,1,33,9,5,1,48,0,0,0,48
12/04/2022,ISP,NY,AEA,EN,Towers with Radar,22,8,30,1,61,0,8,202,1,211,22,16,232,2,272,408,0,408,680
12/05/2022,ISP,NY,AEA,EN,Towers with Radar,24,9,31,0,64,0,14,142,2,158,24,23,173,2,222,314,0,314,536
12/06/2022,ISP,NY,AEA,EN,Towers with Radar,19,9,21,2,51,0,3,58,4,65,19,12,79,6,116,142,0,142,258
12/07/2022,ISP,NY,AEA,EN,Towers with Radar,22,8,22,0,52,0,0,0,0,0,22,8,22,0,52,0,0,0,52
12/08/2022,ISP,NY,AEA,EN,Towers with Radar,25,6,38,0,69,0,17,185,4,206,25,23,223,4,275,344,0,344,619
12/09/2022,ISP,NY,AEA,EN,Towers with Radar,25,7,30,0,62,0,13,161,5,179,25,20,191,5,241,328,0,328,569
12/10/2022,ISP,NY,AEA,EN,Towers with Radar,25,4,20,0,49,0,4,99,6,109,25,8,119,6,158,280,0,280,438
12/11/2022,ISP,NY,AEA,EN,Towers with Radar,22,6,18,0,46,0,2,13,0,15,22,8,31,0,61,128,0,128,189
12/12/2022,ISP,NY,AEA,EN,Towers with Radar,23,4,18,0,45,0,9,24,0,33,23,13,42,0,78,126,0,126,204
12/13/2022,ISP,NY,AEA,EN,Towers with Radar,21,8,29,0,58,0,14,152,4,170,21,22,181,4,228,366,4,370,598
12/14/2022,ISP,NY,AEA,EN,Towers with Radar,20,5,17,0,42,0,9,99,2,110,20,14,116,2,152,186,0,186,338
12/15/2022,ISP,NY,AEA,EN,Towers with Radar,21,11,17,2,51,0,4,54,2,60,21,15,71,4,111,314,30,344,455
12/16/2022,ISP,NY,AEA,EN,Towers with Radar,22,7,6,0,35,0,0,0,0,0,22,7,6,0,35,0,0,0,35
12/17/2022,ISP,NY,AEA,EN,Towers with Radar,25,3,37,0,65,0,4,126,0,130,25,7,163,0,195,146,0,146,341
12/18/2022,ISP,NY,AEA,EN,Towers with Radar,22,5,31,1,59,0,8,163,2,173,22,13,194,3,232,316,0,316,548
12/19/2022,ISP,NY,AEA,EN,Towers with Radar,24,5,17,5,51,0,8,109,5,122,24,13,126,10,173,278,0,278,451
12/20/2022,ISP,NY,AEA,EN,Towers with Radar,18,6,24,1,49,0,11,152,4,167,18,17,176,5,216,366,0,366,582
12/21/2022,ISP,NY,AEA,EN,Towers with Radar,23,13,36,0,72,0,20,170,2,192,23,33,206,2,264,436,0,436,700
12/22/2022,ISP,NY,AEA,EN,Towers with Radar,27,17,30,0,74,0,4,39,0,43,27,21,69,0,117,130,0,130,247
12/23/2022,ISP,NY,AEA,EN,Towers with Radar,25,7,1,0,33,0,0,0,0,0,25,7,1,0,33,0,0,0,33
12/24/2022,ISP,NY,AEA,EN,Towers with Radar,17,8,7,0,32,0,6,16,0,22,17,14,23,0,54,0,0,0,54
12/25/2022,ISP,NY,AEA,EN,Towers with Radar,18,6,5,2,31,0,1,13,0,14,18,7,18,2,45,0,0,0,45
12/26/2022,ISP,NY,AEA,EN,Towers with Radar,18,17,45,0,80,0,10,144,0,154,18,27,189,0,234,188,0,188,422
12/27/2022,ISP,NY,AEA,EN,Towers with Radar,10,9,37,0,56,0,2,138,4,144,10,11,175,4,200,312,0,312,512
12/28/2022,ISP,NY,AEA,EN,Towers with Radar,10,9,28,1,48,0,4,126,2,132,10,13,154,3,180,258,0,258,438
12/29/2022,ISP,NY,AEA,EN,Towers with Radar,14,6,31,1,52,0,11,178,0,189,14,17,209,1,241,284,3,287,528
12/30/2022,ISP,NY,AEA,EN,Towers with Radar,21,2,39,0,62,0,13,180,4,197,21,15,219,4,259,274,0,274,533
12/31/2022,ISP,NY,AEA,EN,Towers with Radar,25,3,12,0,40,0,0,0,0,0,25,3,12,0,40,0,0,0,40
01/01/2023,ISP,NY,AEA,EN,Towers with Radar,19,10,12,0,41,0,7,67,1,75,19,17,79,1,116,104,0,104,220
01/02/2023,ISP,NY,AEA,EN,Towers with Radar,24,17,43,0,84,0,2,175,0,177,24,19,218,0,261,332,0,332,593
01/03/2023,ISP,NY,AEA,EN,Towers with Radar,18,10,22,0,50,0,2,2,0,4,18,12,24,0,54,0,0,0,54
01/04/2023,ISP,NY,AEA,EN,Towers with Radar,18,5,27,2,52,0,2,74,8,84,18,7,101,10,136,240,0,240,376
01/05/2023,ISP,NY,AEA,EN,Towers with Radar,20,2,21,0,43,0,0,0,0,0,20,2,21,0,43,0,0,0,43
01/06/2023,ISP,NY,AEA,EN,Towers with Radar,29,6,25,0,60,0,2,14,0,16,29,8,39,0,76,18,0,18,94
01/07/2023,ISP,NY,AEA,EN,Towers with Radar,27,2,32,0,61,0,4,196,0,200,27,6,228,0,261,358,0,358,619
01/08/2023,ISP,NY,AEA,EN,Towers with Radar,29,6,38,0,73,0,8,144,0,152,29,14,182,0,225,272,0,272,497
01/09/2023,ISP,NY,AEA,EN,Towers with Radar,23,2,32,0,57,0,7,88,5,100,23,9,120,5,157,322,0,322,479
01/10/2023,ISP,NY,AEA,EN,Towers with Radar,24,5,46,0,75,0,9,141,0,150,24,14,187,0,225,544,0,544,769
01/11/2023,ISP,NY,AEA,EN,Towers with Radar,16,3,42,0,61,0,14,171,3,188,16,17,213,3,249,404,0,404,653
01/12/2023,ISP,NY,AEA,EN,Towers with Radar,22,7,16,0,45,0,6,8,0,14,22,13,24,0,59,88,0,88,147
01/13/2023,ISP,NY,AEA,EN,Towers with Radar,25,9,19,0,53,0,2,8,0,10,25,11,27,0,63,4,0,4,67
01/14/2023,ISP,NY,AEA,EN,Towers with Radar,29,3,8,0,40,0,6,23,0,29,29,9,31,0,69,126,0,126,195
01/15/2023,ISP,NY,AEA,EN,Towers with Radar,30,2,18,0,50,0,7,51,0,58,30,9,69,0,108,58,0,58,166
01/16/2023,ISP,NY,AEA,EN,Towers with Radar,25,11,33,0,69,0,7,142,0,149,25,18,175,0,218,274,0,274,492
01/17/2023,ISP,NY,AEA,EN,Towers with Radar,23,12,58,0,93,0,11,171,6,188,23,23,229,6,281,304,0,304,585
01/18/2023,ISP,NY,AEA,EN,Towers with Radar,22,12,34,0,68,0,21,118,3,142,22,33,152,3,210,134,0,134,344
01/19/2023,ISP,NY,AEA,EN,Towers with Radar,23,6,8,0,37,0,2,10,0,12,23,8,18,0,49,36,0,36,85
01/20/2023,ISP,NY,AEA,EN,Towers with Radar,25,7,32,0,64,0,11,100,2,113,25,18,132,2,177,144,0,144,321
01/21/2023,ISP,NY,AEA,EN,Towers with Radar,27,4,37,0,68,0,5,178,0,183,27,9,215,0,251,398,0,398,649
01/22/2023,ISP,NY,AEA,EN,Towers with Radar,28,8,26,0,62,0,2,123,2,127,28,10,149,2,189,348,0,348,537
01/23/2023,ISP,NY,AEA,EN,Towers with Radar,25,1,7,0,33,0,0,1,0,1,25,1,8,0,34,0,0,0,34
01/24/2023,ISP,NY,AEA,EN,Towers with Radar,25,8,65,0,98,0,7,152,1,160,25,15,217,1,258,266,0,266,524
01/25/2023,ISP,NY,AEA,EN,Towers with Radar,20,0,14,0,34,0,8,33,2,43,20,8,47,2,77,208,0,208,285
01/26/2023,ISP,NY,AEA,EN,Towers with Radar,24,14,14,0,52,0,3,11,0,14,24,17,25,0,66,18,0,18,84
01/27/2023,ISP,NY,AEA,EN,Towers with Radar,25,5,39,0,69,0,12,169,4,185,25,17,208,4,254,266,0,266,520
01/28/2023,ISP,NY,AEA,EN,Towers with Radar,28,6,44,0,78,0,4,150,3,157,28,10,194,3,235,264,0,264,499
01/29/2023,ISP,NY,AEA,EN,Towers with Radar,29,9,35,0,73,0,6,150,1,157,29,15,185,1,230,278,0,278,508
01/30/2023,ISP,NY,AEA,EN,Towers with Radar,23,11,50,2,86,0,17,135,4,156,23,28,185,6,242,348,0,348,590
01/31/2023,ISP,NY,AEA,EN,Towers with Radar,23,4,22,0,49,0,8,34,0,42,23,12,56,0,91,148,0,148,239
02/01/2023,ISP,NY,AEA,EN,Towers with Radar,20,14,32,0,66,0,14,128,0,142,20,28,160,0,208,294,0,294,502
02/02/2023,ISP,NY,AEA,EN,Towers with Radar,25,15,47,1,88,0,9,180,1,190,25,24,227,2,278,262,0,262,540
02/03/2023,ISP,NY,AEA,EN,Towers with Radar,24,11,9,4,48,0,5,12,0,17,24,16,21,4,65,0,0,0,65
02/04/2023,ISP,NY,AEA,EN,Towers with Radar,27,6,27,0,60,0,12,71,1,84,27,18,98,1,144,62,0,62,206
02/05/2023,ISP,NY,AEA,EN,Towers with Radar,29,4,29,0,62,0,1,116,0,117,29,5,145,0,179,162,0,162,341
02/06/2023,ISP,NY,AEA,EN,Towers with Radar,24,10,29,0,63,0,12,94,0,106,24,22,123,0,169,186,0,186,355
02/07/2023,ISP,NY,AEA,EN,Towers with Radar,26,14,31,0,71,0,13,145,0,158,26,27,176,0,229,322,0,322,551
02/08/2023,ISP,NY,AEA,EN,Towers with Radar,21,11,59,0,91,0,26,159,3,188,21,37,218,3,279,338,0,338,617
02/09/2023,ISP,NY,AEA,EN,Towers with Radar,28,7,44,0,79,0,12,102,0,114,28,19,146,0,193,292,0,292,485
02/10/2023,ISP,NY,AEA,EN,Towers with Radar,27,6,24,0,57,0,6,97,0,103,27,12,121,0,160,184,0,184,344
02/11/2023,ISP,NY,AEA,EN,Towers with Radar,27,1,30,0,58,0,9,178,0,187,27,10,208,0,245,240,0,240,485
02/12/2023,ISP,NY,AEA,EN,Towers with Radar,30,4,30,0,64,0,1,173,0,174,30,5,203,0,238,212,0,212,450
02/13/2023,ISP,NY,AEA,EN,Towers with Radar,24,6,31,0,61,0,6,102,0,108,24,12,133,0,169,350,0,350,519
02/14/2023,ISP,NY,AEA,EN,Towers with Radar,26,8,30,0,64,0,7,131,0,138,26,15,161,0,202,249,0,249,451
02/15/2023,ISP,NY,AEA,EN,Towers with Radar,21,15,28,2,66,0,15,99,2,116,21,30,127,4,182,128,0,128,310
02/16/2023,ISP,NY,AEA,EN,Towers with Radar,25,12,33,0,70,0,15,111,0,126,25,27,144,0,196,264,0,264,460
02/17/2023,ISP,NY,AEA,EN,Towers with Radar,25,6,16,0,47,0,2,3,0,5,25,8,19,0,52,0,0,0,52
02/18/2023,ISP,NY,AEA,EN,Towers with Radar,29,6,33,0,68,0,10,181,0,191,29,16,214,0,259,246,0,246,505
02/19/2023,ISP,NY,AEA,EN,Towers with Radar,29,1,36,0,66,0,4,133,0,137,29,5,169,0,203,236,0,236,439
02/20/2023,ISP,NY,AEA,EN,Towers with Radar,25,6,33,0,64,0,7,93,2,102,25,13,126,2,166,204,0,204,370
02/21/2023,ISP,NY,AEA,EN,Towers with Radar,25,3,20,2,50,0,2,2,2,6,25,5,22,4,56,0,0,0,56
02/22/2023,ISP,NY,AEA,EN,Towers with Radar,23,10,26,1,60,0,10,97,2,109,23,20,123,3,169,250,0,250,419
02/23/2023,ISP,NY,AEA,EN,Towers with Radar,25,6,12,0,43,0,0,0,0,0,25,6,12,0,43,0,0,0,43
02/24/2023,ISP,NY,AEA,EN,Towers with Radar,23,6,19,0,48,0,11,43,2,56,23,17,62,2,104,30,0,30,134
02/25/2023,ISP,NY,AEA,EN,Towers with Radar,31,7,26,1,65,0,5,114,1,120,31,12,140,2,185,424,0,424,609
02/26/2023,ISP,NY,AEA,EN,Towers with Radar,29,10,27,0,66,0,1,45,0,46,29,11,72,0,112,272,0,272,384
02/27/2023,ISP,NY,AEA,EN,Towers with Radar,26,8,43,0,77,0,12,152,2,166,26,20,195,2,243,342,0,342,585
02/28/2023,ISP,NY,AEA,EN,Towers with Radar,29,3,7,0,39,0,0,0,0,0,29,3,7,0,39,0,0,0,39
03/01/2023,ISP,NY,AEA,EN,Towers with Radar,22,12,43,1,78,0,15,159,3,177,22,27,202,4,255,294,0,294,549
03/02/2023,ISP,NY,AEA,EN,Towers with Radar,27,9,21,0,57,0,3,17,0,20,27,12,38,0,77,58,0,58,135
03/03/2023,ISP,NY,AEA,EN,Towers with Radar,27,9,31,3,70,0,21,142,5,168,27,30,173,8,238,364,6,370,608
03/04/2023,ISP,NY,AEA,EN,Towers with Radar,27,9,16,0,52,0,5,31,0,36,27,14,47,0,88,140,0,140,228
03/05/2023,ISP,NY,AEA,EN,Towers with Radar,32,13,33,0,78,0,15,221,2,238,32,28,254,2,316,310,0,310,626
03/06/2023,ISP,NY,AEA,EN,Towers with Radar,23,12,33,0,68,0,16,128,4,148,23,28,161,4,216,324,0,324,540
03/07/2023,ISP,NY,AEA,EN,Towers with Radar,26,8,25,0,59,0,8,39,0,47,26,16,64,0,106,104,0,104,210
03/08/2023,ISP,NY,AEA,EN,Towers with Radar,22,6,19,0,47,0,16,42,2,60,22,22,61,2,107,38,0,38,145
03/09/2023,ISP,NY,AEA,EN,Towers with Radar,21,14,37,0,72,0,22,146,2,170,21,36,183,2,242,352,0,352,594
03/10/2023,ISP,NY,AEA,EN,Towers with Radar,23,17,27,0,67,0,10,79,0,89,23,27,106,0,156,376,0,376,532
03/11/2023,ISP,NY,AEA,EN,Towers with Radar,23,10,5,0,38,0,2,8,0,10,23,12,13,0,48,10,0,10,58
03/12/2023,ISP,NY,AEA,EN,Towers with Radar,26,13,32,0,71,0,11,197,0,208,26,24,229,0,279,408,0,408,687
03/13/2023,ISP,NY,AEA,EN,Towers with Radar,20,8,13,0,41,0,0,4,0,4,20,8,17,0,45,10,0,10,55
03/14/2023,ISP,NY,AEA,EN,Towers with Radar,24,3,7,0,34,0,0,0,0,0,24,3,7,0,34,0,0,0,34
03/15/2023,ISP,NY,AEA,EN,Towers with Radar,25,8,9,0,42,0,6,4,0,10,25,14,13,0,52,8,0,8,60
03/16/2023,ISP,NY,AEA,EN,Towers with Radar,26,22,51,0,99,0,17,182,2,201,26,39,233,2,300,422,0,422,722
03/17/2023,ISP,NY,AEA,EN,Towers with Radar,23,29,43,0,95,0,29,146,4,179,23,58,189,4,274,406,0,406,680
03/18/2023,ISP,NY,AEA,EN,Towers with Radar,29,8,30,0,67,0,8,163,0,171,29,16,193,0,238,414,0,414,652
03/19/2023,ISP,NY,AEA,EN,Towers with Radar,29,10,24,2,65,0,4,73,0,77,29,14,97,2,142,72,0,72,214
03/20/2023,ISP,NY,AEA,EN,Towers with Radar,25,13,41,0,79,0,23,179,2,204,25,36,220,2,283,312,0,312,595
03/21/2023,ISP,NY,AEA,EN,Towers with Radar,25,12,43,0,80,0,22,167,2,191,25,34,210,2,271,384,0,384,655
03/22/2023,ISP,NY,AEA,EN,Towers with Radar,22,6,49,0,77,0,14,160,2,176,22,20,209,2,253,334,0,334,587
03/23/2023,ISP,NY,AEA,EN,Towers with Radar,27,7,17,1,52,0,4,7,3,14,27,11,24,4,66,36,0,36,102
03/24/2023,ISP,NY,AEA,EN,Towers with Radar,25,22,26,0,73,0,21,111,1,133,25,43,137,1,206,298,0,298,504
03/25/2023,ISP,NY,AEA,EN,Towers with Radar,26,8,6,0,40,0,0,11,2,13,26,8,17,2,53,26,0,26,79
03/26/2023,ISP,NY,AEA,EN,Towers with Radar,27,9,23,0,59,0,7,135,6,148,27,16,158,6,207,264,0,264,471
03/27/2023,ISP,NY,AEA,EN,Towers with Radar,25,13,22,0,60,0,18,102,0,120,25,31,124,0,180,290,0,290,470
03/28/2023,ISP,NY,AEA,EN,Towers with Radar,23,8,24,2,57,0,9,48,0,57,23,17,72,2,114,208,0,208,322
03/29/2023,ISP,NY,AEA,EN,Towers with Radar,20,18,29,1,68,0,31,191,4,226,20,49,220,5,294,290,0,290,584
03/30/2023,ISP,NY,AEA,EN,Towers with Radar,29,20,26,2,77,0,25,136,0,161,29,45,162,2,238,256,0,256,494
03/31/2023,ISP,NY,AEA,EN,Towers with Radar,26,28,28,0,82,0,25,110,2,137,26,53,138,2,219,348,0,348,567
04/01/2023,ISP,NY,AEA,EN,Towers with Radar,25,12,4,0,41,0,2,1,0,3,25,14,5,0,44,2,0,2,46
04/02/2023,ISP,NY,AEA,EN,Towers with Radar,28,14,16,0,58,0,15,93,4,112,28,29,109,4,170,94,0,94,264
04/03/2023,ISP,NY,AEA,EN,Towers with Radar,24,10,24,0,58,0,14,93,0,107,24,24,117,0,165,240,0,240,405
04/04/2023,ISP,NY,AEA,EN,Towers with Radar,25,19,34,0,78,0,20,122,2,144,25,39,156,2,222,308,0,308,530
04/05/2023,ISP,NY,AEA,EN,Towers with Radar,23,4,10,0,37,0,0,0,0,0,23,4,10,0,37,10,0,10,47
04/06/2023,ISP,NY,AEA,EN,Towers with Radar,26,13,28,3,70,0,3,28,1,32,26,16,56,4,102,158,0,158,260
04/07/2023,ISP,NY,AEA,EN,Towers with Radar,24,11,35,0,70,0,28,167,3,198,24,39,202,3,268,420,0,420,688
04/08/2023,ISP,NY,AEA,EN,Towers with Radar,28,15,27,0,70,0,22,211,0,233,28,37,238,0,303,342,0,342,645
04/09/2023,ISP,NY,AEA,EN,Towers with Radar,28,16,21,0,65,0,11,125,0,136,28,27,146,0,201,274,2,276,477
04/10/2023,ISP,NY,AEA,EN,Towers with Radar,24,28,40,0,92,0,23,153,4,180,24,51,193,4,272,344,0,344,616
04/11/2023,ISP,NY,AEA,EN,Towers with Radar,20,24,46,1,91,0,23,159,1,183,20,47,205,2,274,398,0,398,672
04/12/2023,ISP,NY,AEA,EN,Towers with Radar,20,15,33,0,68,0,28,124,2,154,20,43,157,2,222,310,0,310,532
04/13/2023,ISP,NY,AEA,EN,Towers with Radar,21,19,33,2,75,0,39,164,4,207,21,58,197,6,282,464,0,464,746
04/14/2023,ISP,NY,AEA,EN,Towers with Radar,21,24,29,0,74,0,37,202,0,239,21,61,231,0,313,408,0,408,721
04/15/2023,ISP,NY,AEA,EN,Towers with Radar,26,5,25,0,56,0,0,0,0,0,26,5,25,0,56,0,0,0,56
04/16/2023,ISP,NY,AEA,EN,Towers with Radar,25,18,21,0,64,0,0,5,0,5,25,18,26,0,69,62,0,62,131
04/17/2023,ISP,NY,AEA,EN,Towers with Radar,25,10,20,0,55,0,0,20,0,20,25,10,40,0,75,42,0,42,117
04/18/2023,ISP,NY,AEA,EN,Towers with Radar,22,19,24,0,65,0,20,83,3,106,22,39,107,3,171,208,0,208,379
04/19/2023,ISP,NY,AEA,EN,Towers with Radar,19,21,33,0,73,0,31,136,9,176,19,52,169,9,249,444,0,444,693
04/20/2023,ISP,NY,AEA,EN,Towers with Radar,25,19,40,0,84,0,32,194,5,231,25,51,234,5,315,478,0,478,793
04/21/2023,ISP,NY,AEA,EN,Towers with Radar,24,21,19,0,64,0,29,135,0,164,24,50,154,0,228,406,0,406,634
04/22/2023,ISP,NY,AEA,EN,Towers with Radar,20,13,28,0,61,0,0,18,2,20,20,13,46,2,81,122,0,122,203
04/23/2023,ISP,NY,AEA,EN,Towers with Radar,27,14,18,1,60,0,4,64,1,69,27,18,82,2,129,302,0,302,431
04/24/2023,ISP,NY,AEA,EN,Towers with Radar,24,22,32,2,80,0,33,125,2,160,24,55,157,4,240,452,0,452,692
04/25/2023,ISP,NY,AEA,EN,Towers with Radar,21,26,32,1,80,0,40,177,3,220,21,66,209,4,300,398,0,398,698
04/26/2023,ISP,NY,AEA,EN,Towers with Radar,20,25,33,1,79,0,17,125,4,146,20,42,158,5,225,424,0,424,649
04/27/2023,ISP,NY,AEA,EN,Towers with Radar,21,21,32,0,74,0,21,69,6,96,21,42,101,6,170,404,0,404,574
04/28/2023,ISP,NY,AEA,EN,Towers with Radar,24,26,38,1,89,0,17,114,1,132,24,43,152,2,221,278,0,278,499
04/29/2023,ISP,NY,AEA,EN,Towers with Radar,23,5,13,0,41,0,0,0,0,0,23,5,13,0,41,0,0,0,41
04/30/2023,ISP,NY,AEA,EN,Towers with Radar,24,11,6,0,41,0,0,0,0,0,24,11,6,0,41,0,0,0,41
05/01/2023,ISP,NY,AEA,EN,Towers with Radar,22,13,23,0,58,0,15,63,0,78,22,28,86,0,136,208,0,208,344
05/02/2023,ISP,NY,AEA,EN,Towers with Radar,21,7,21,0,49,0,20,63,0,83,21,27,84,0,132,292,0,292,424
05/03/2023,ISP,NY,AEA,EN,Towers with Radar,20,19,45,0,84,0,42,148,2,192,20,61,193,2,276,428,0,428,704
05/04/2023,ISP,NY,AEA,EN,Towers with Radar,24,13,31,0,68,0,16,72,0,88,24,29,103,0,156,436,0,436,592
05/05/2023,ISP,NY,AEA,EN,Towers with Radar,23,18,32,1,74,0,27,141,1,169,23,45,173,2,243,428,0,428,671
05/06/2023,ISP,NY,AEA,EN,Towers with Radar,24,14,29,0,67,0,23,184,1,208,24,37,213,1,275,338,0,338,613
05/07/2023,ISP,NY,AEA,EN,Towers with Radar,26,19,30,0,75,0,17,190,4,211,26,36,220,4,286,352,0,352,638
05/08/2023,ISP,NY,AEA,EN,Towers with Radar,23,15,35,1,74,0,21,168,3,192,23,36,203,4,266,394,0,394,660
05/09/2023,ISP,NY,AEA,EN,Towers with Radar,19,23,46,0,88,0,29,146,0,175,19,52,192,0,263,448,0,448,711
05/10/2023,ISP,NY,AEA,EN,Towers with Radar,20,25,25,1,71,0,30,138,3,171,20,55,163,4,242,406,0,406,648
05/11/2023,ISP,NY,AEA,EN,Towers with Radar,26,16,34,1,77,0,40,183,1,224,26,56,217,2,301,376,0,376,677
05/12/2023,ISP,NY,AEA,EN,Towers with Radar,20,19,31,0,70,0,38,174,3,215,20,57,205,3,285,350,0,350,635
05/13/2023,ISP,NY,AEA,EN,Towers with Radar,22,7,29,0,58,0,17,130,0,147,22,24,159,0,205,280,0,280,485
05/14/2023,ISP,NY,AEA,EN,Towers with Radar,29,10,12,0,51,0,8,122,0,130,29,18,134,0,181,230,0,230,411
05/15/2023,ISP,NY,AEA,EN,Towers with Radar,20,8,30,5,63,0,7,159,3,169,20,15,189,8,232,280,0,280,512
05/16/2023,ISP,NY,AEA,EN,Towers with Radar,24,11,29,3,67,0,16,135,5,156,24,27,164,8,223,208,0,208,431
05/17/2023,ISP,NY,AEA,EN,Towers with Radar,22,17,20,2,61,0,19,89,2,110,22,36,109,4,171,142,0,142,313
05/18/2023,ISP,NY,AEA,EN,Towers with Radar,26,15,53,0,94,0,29,163,9,201,26,44,216,9,295,344,0,344,639
05/19/2023,ISP,NY,AEA,EN,Towers with Radar,21,26,44,2,93,0,37,147,0,184,21,63,191,2,277,282,0,282,559
05/20/2023,ISP,NY,AEA,EN,Towers with Radar,24,7,10,0,41,0,0,0,0,0,24,7,10,0,41,0,0,0,41
05/21/2023,ISP,NY,AEA,EN,Towers with Radar,27,18,36,0,81,0,15,163,6,184,27,33,199,6,265,302,0,302,567
05/22/2023,ISP,NY,AEA,EN,Towers with Radar,21,12,32,0,65,0,15,154,2,171,21,27,186,2,236,386,0,386,622
05/23/2023,ISP,NY,AEA,EN,Towers with Radar,21,24,45,0,90,0,18,160,2,180,21,42,205,2,270,482,0,482,752
05/24/2023,ISP,NY,AEA,EN,Towers with Radar,21,16,35,1,73,0,31,191,4,226,21,47,226,5,299,376,0,376,675
05/25/2023,ISP,NY,AEA,EN,Towers with Radar,29,25,32,8,94,0,29,150,2,181,29,54,182,10,275,290,2,292,567
05/26/2023,ISP,NY,AEA,EN,Towers with Radar,21,15,22,4,62,0,27,151,7,185,21,42,173,11,247,156,0,156,403
05/27/2023,ISP,NY,AEA,EN,Towers with Radar,24,4,9,2,39,0,9,157,9,175,24,13,166,11,214,150,0,150,364
05/28/2023,ISP,NY,AEA,EN,Towers with Radar,32,11,25,4,72,0,19,172,6,197,32,30,197,10,269,188,0,188,457
05/29/2023,ISP,NY,AEA,EN,Towers with Radar,20,10,28,2,60,0,6,140,3,149,20,16,168,5,209,202,0,202,411
05/30/2023,ISP,NY,AEA,EN,Towers with Radar,22,20,28,3,73,0,34,131,4,169,22,54,159,7,242,328,0,328,570
05/31/2023,ISP,NY,AEA,EN,Towers with Radar,20,12,38,3,73,0,16,137,3,156,20,28,175,6,229,324,0,324,553
06/01/2023,ISP,NY,AEA,EN,Towers with Radar,27,19,40,3,89,0,44,150,2,196,27,63,190,5,285,384,0,384,669
06/02/2023,ISP,NY,AEA,EN,Towers with Radar,21,13,42,0,76,0,12,127,1,140,21,25,169,1,216,334,0,334,550
06/03/2023,ISP,NY,AEA,EN,Towers with Radar,26,9,18,2,55,0,0,38,0,38,26,9,56,2,93,170,0,170,263
06/04/2023,ISP,NY,AEA,EN,Towers with Radar,28,18,41,1,88,0,5,159,1,165,28,23,200,2,253,372,0,372,625
06/05/2023,ISP,NY,AEA,EN,Towers with Radar,20,18,32,0,70,0,24,136,2,162,20,42,168,2,232,396,0,396,628
06/06/2023,ISP,NY,AEA,EN,Towers with Radar,21,19,24,0,64,0,7,49,2,58,21,26,73,2,122,264,0,264,386
06/07/2023,ISP,NY,AEA,EN,Towers with Radar,19,24,41,0,84,0,8,29,0,37,19,32,70,0,121,178,0,178,299
06/08/2023,ISP,NY,AEA,EN,Towers with Radar,28,12,34,0,74,0,10,27,0,37,28,22,61,0,111,114,0,114,225
06/09/2023,ISP,NY,AEA,EN,Towers with Radar,22,16,38,1,77,0,11,105,1,117,22,27,143,2,194,324,0,324,518
06/10/2023,ISP,NY,AEA,EN,Towers with Radar,24,13,28,0,65,0,11,148,0,159,24,24,176,0,224,410,0,410,634
06/11/2023,ISP,NY,AEA,EN,Towers with Radar,30,10,35,0,75,0,17,180,2,199,30,27,215,2,274,392,0,392,666
06/12/2023,ISP,NY,AEA,EN,Towers with Radar,19,26,25,0,70,0,11,46,0,57,19,37,71,0,127,144,0,144,271
06/13/2023,ISP,NY,AEA,EN,Towers with Radar,20,21,42,3,86,0,19,126,4,149,20,40,168,7,235,468,0,468,703
06/14/2023,ISP,NY,AEA,EN,Towers with Radar,18,11,24,1,54,0,18,86,1,105,18,29,110,2,159,206,0,206,365
06/15/2023,ISP,NY,AEA,EN,Towers with Radar,27,22,35,0,84,0,34,196,2,232,27,56,231,2,316,640,0,640,956
06/16/2023,ISP,NY,AEA,EN,Towers with Radar,24,31,42,0,97,0,30,124,0,154,24,61,166,0,251,210,0,210,461
06/17/2023,ISP,NY,AEA,EN,Towers with Radar,24,9,23,0,56,0,6,55,0,61,24,15,78,0,117,134,0,134,251
06/18/2023,ISP,NY,AEA,EN,Towers with Radar,30,6,23,0,59,0,13,156,1,170,30,19,179,1,229,364,0,364,593
06/19/2023,ISP,NY,AEA,EN,Towers with Radar,20,16,27,0,63,0,30,200,2,232,20,46,227,2,295,574,0,574,869
06/20/2023,ISP,NY,AEA,EN,Towers with Radar,23,21,34,1,79,0,27,125,3,155,23,48,159,4,234,466,0,466,700
06/21/2023,ISP,NY,AEA,EN,Towers with Radar,16,14,23,2,55,0,16,153,5,174,16,30,176,7,229,304,0,304,533
06/22/2023,ISP,NY,AEA,EN,Towers with Radar,24,8,44,0,76,0,2,22,2,26,24,10,66,2,102,6,0,6,108
06/23/2023,ISP,NY,AEA,EN,Towers with Radar,19,9,33,0,61,0,2,1,0,3,19,11,34,0,64,0,0,0,64
06/24/2023,ISP,NY,AEA,EN,Towers with Radar,22,15,39,0,76,0,0,3,0,3,22,15,42,0,79,0,0,0,79
06/25/2023,ISP,NY,AEA,EN,Towers with Radar,31,17,33,2,83,0,10,69,5,84,31,27,102,7,167,298,0,298,465
06/26/2023,ISP,NY,AEA,EN,Towers with Radar,19,18,20,0,57,0,7,29,0,36,19,25,49,0,93,48,0,48,141
06/27/2023,ISP,NY,AEA,EN,Towers with Radar,22,17,27,0,66,0,6,29,0,35,22,23,56,0,101,66,8,74,175
06/28/2023,ISP,NY,AEA,EN,Towers with Radar,23,18,35,0,76,0,6,86,2,94,23,24,121,2,170,362,0,362,532
06/29/2023,ISP,NY,AEA,EN,Towers with Radar,30,17,52,0,99,0,29,199,7,235,30,46,251,7,334,574,0,574,908
06/30/2023,ISP,NY,AEA,EN,Towers with Radar,21,16,61,0,98,0,2,17,0,19,21,18,78,0,117,78,0,78,195
07/01/2023,ISP,NY,AEA,EN,Towers with Radar,25,28,32,0,85,0,18,134,2,154,25,46,166,2,239,426,0,426,665
07/02/2023,ISP,NY,AEA,EN,Towers with Radar,29,10,27,0,66,0,2,10,0,12,29,12,37,0,78,40,0,40,118
07/03/2023,ISP,NY,AEA,EN,Towers with Radar,20,13,32,0,65,0,20,109,1,130,20,33,141,1,195,384,0,384,579
07/04/2023,ISP,NY,AEA,EN,Towers with Radar,23,6,18,0,47,0,6,44,1,51,23,12,62,1,98,122,0,122,220
07/05/2023,ISP,NY,AEA,EN,Towers with Radar,21,14,34,0,69,0,33,163,4,200,21,47,197,4,269,376,0,376,645
07/06/2023,ISP,NY,AEA,EN,Towers with Radar,30,15,24,0,69,0,28,169,2,199,30,43,193,2,268,328,0,328,596
07/07/2023,ISP,NY,AEA,EN,Towers with Radar,21,23,39,0,83,0,13,101,2,116,21,36,140,2,199,280,0,280,479
07/08/2023,ISP,NY,AEA,EN,Towers with Radar,23,23,35,0,81,0,12,76,0,88,23,35,111,0,169,278,0,278,447
07/09/2023,ISP,NY,AEA,EN,Towers with Radar,22,24,45,0,91,0,0,26,0,26,22,24,71,0,117,102,0,102,219
07/10/2023,ISP,NY,AEA,EN,Towers with Radar,21,19,22,1,63,0,18,83,1,102,21,37,105,2,165,304,0,304,469
07/11/2023,ISP,NY,AEA,EN,Towers with Radar,27,16,25,1,69,0,43,220,1,264,27,59,245,2,333,410,0,410,743
07/12/2023,ISP,NY,AEA,EN,Towers with Radar,24,19,41,0,84,0,31,200,6,237,24,50,241,6,321,318,0,318,639
07/13/2023,ISP,NY,AEA,EN,Towers with Radar,32,20,36,3,91,0,22,108,2,132,32,42,144,5,223,250,0,250,473
07/14/2023,ISP,NY,AEA,EN,Towers with Radar,25,14,20,0,59,0,2,18,0,20,25,16,38,0,79,84,0,84,163
07/15/2023,ISP,NY,AEA,EN,Towers with Radar,29,15,40,0,84,0,9,32,6,47,29,24,72,6,131,216,0,216,347
07/16/2023,ISP,NY,AEA,EN,Towers with Radar,30,12,17,0,59,0,0,4,0,4,30,12,21,0,63,0,0,0,63
07/17/2023,ISP,NY,AEA,EN,Towers with Radar,25,27,53,0,105,0,23,103,5,131,25,50,156,5,236,250,0,250,486
07/18/2023,ISP,NY,AEA,EN,Towers with Radar,23,7,34,0,64,0,2,17,0,19,23,9,51,0,83,42,0,42,125
07/19/2023,ISP,NY,AEA,EN,Towers with Radar,23,28,42,2,95,0,21,134,5,160,23,49,176,7,255,468,4,472,727
07/20/2023,ISP,NY,AEA,EN,Towers with Radar,30,27,50,0,107,0,39,237,2,278,30,66,287,2,385,474,0,474,859
07/21/2023,ISP,NY,AEA,EN,Towers with Radar,24,8,20,0,52,0,5,36,1,42,24,13,56,1,94,144,0,144,238
07/22/2023,ISP,NY,AEA,EN,Towers with Radar,28,20,25,0,73,0,25,212,5,242,28,45,237,5,315,402,0,402,717
07/23/2023,ISP,NY,AEA,EN,Towers with Radar,32,16,27,0,75,0,19,218,2,239,32,35,245,2,314,338,0,338,652
07/24/2023,ISP,NY,AEA,EN,Towers with Radar,23,31,32,1,87,0,42,146,3,191,23,73,178,4,278,444,0,444,722
07/25/2023,ISP,NY,AEA,EN,Towers with Radar,27,19,27,0,73,0,19,141,4,164,27,38,168,4,237,266,0,266,503
07/26/2023,ISP,NY,AEA,EN,Towers with Radar,24,26,42,0,92,0,28,183,4,215,24,54,225,4,307,504,0,504,811
07/27/2023,ISP,NY,AEA,EN,Towers with Radar,30,13,27,9,79,0,7,45,1,53,30,20,72,10,132,28,0,28,160
07/28/2023,ISP,NY,AEA,EN,Towers with Radar,25,18,25,1,69,0,23,169,1,193,25,41,194,2,262,426,0,426,688
07/29/2023,ISP,NY,AEA,EN,Towers with Radar,28,14,28,0,70,0,8,111,4,123,28,22,139,4,193,202,0,202,395
07/30/2023,ISP,NY,AEA,EN,Towers with Radar,32,19,28,0,79,0,9,187,1,197,32,28,215,1,276,408,0,408,684
07/31/2023,ISP,NY,AEA,EN,Towers with Radar,25,22,26,0,73,0,27,143,2,172,25,49,169,2,245,356,0,356,601
08/01/2023,ISP,NY,AEA,EN,Towers with Radar,24,17,13,0,54,0,37,139,4,180,24,54,152,4,234,344,0,344,578
08/02/2023,ISP,NY,AEA,EN,Towers with Radar,22,23,32,1,78,0,25,182,3,210,22,48,214,4,288,404,0,404,692
08/03/2023,ISP,NY,AEA,EN,Towers with Radar,31,8,25,1,65,0,27,168,6,201,31,35,193,7,266,284,0,284,550
08/04/2023,ISP,NY,AEA,EN,Towers with Radar,24,22,29,2,77,0,2,57,0,59,24,24,86,2,136,204,0,204,340
08/05/2023,ISP,NY,AEA,EN,Towers with Radar,29,12,22,0,63,0,18,149,0,167,29,30,171,0,230,414,0,414,644
08/06/2023,ISP,NY,AEA,EN,Towers with Radar,31,11,27,0,69,0,8,161,2,171,31,19,188,2,240,276,0,276,516
08/07/2023,ISP,NY,AEA,EN,Towers with Radar,22,14,18,0,54,0,0,2,0,2,22,14,20,0,56,0,0,0,56
08/08/2023,ISP,NY,AEA,EN,Towers with Radar,22,17,22,0,61,0,7,72,3,82,22,24,94,3,143,240,0,240,383
08/09/2023,ISP,NY,AEA,EN,Towers with Radar,28,24,38,4,94,0,34,163,7,204,28,58,201,11,298,386,0,386,684
08/10/2023,ISP,NY,AEA,EN,Towers with Radar,27,19,20,0,66,0,14,67,0,81,27,33,87,0,147,166,0,166,313
08/11/2023,ISP,NY,AEA,EN,Towers with Radar,23,25,32,4,84,0,33,204,2,239,23,58,236,6,323,380,0,380,703
08/12/2023,ISP,NY,AEA,EN,Towers with Radar,30,21,29,0,80,0,15,123,0,138,30,36,152,0,218,212,0,212,430
08/13/2023,ISP,NY,AEA,EN,Towers with Radar,32,14,48,0,94,0,15,112,2,129,32,29,160,2,223,204,0,204,427
08/14/2023,ISP,NY,AEA,EN,Towers with Radar,25,25,33,0,83,0,38,161,2,201,25,63,194,2,284,410,0,410,694
08/15/2023,ISP,NY,AEA,EN,Towers with Radar,23,9,25,0,57,0,3,17,0,20,23,12,42,0,77,30,0,30,107
08/16/2023,ISP,NY,AEA,EN,Towers with Radar,24,17,36,1,78,0,11,83,4,98,24,28,119,5,176,428,0,428,604
08/17/2023,ISP,NY,AEA,EN,Towers with Radar,27,21,26,2,76,0,2,18,0,20,27,23,44,2,96,32,0,32,128
08/18/2023,ISP,NY,AEA,EN,Towers with Radar,28,16,29,0,73,0,22,125,1,148,28,38,154,1,221,228,0,228,449
08/19/2023,ISP,NY,AEA,EN,Towers with Radar,33,15,24,1,73,0,15,190,1,206,33,30,214,2,279,336,0,336,615
08/20/2023,ISP,NY,AEA,EN,Towers with Radar,28,14,29,1,72,0,23,195,6,224,28,37,224,7,296,240,0,240,536
08/21/2023,ISP,NY,AEA,EN,Towers with Radar,28,19,31,1,79,0,30,130,1,161,28,49,161,2,240,350,0,350,590
08/22/2023,ISP,NY,AEA,EN,Towers with Radar,25,11,39,1,76,0,31,148,3,182,25,42,187,4,258,324,0,324,582
08/23/2023,ISP,NY,AEA,EN,Towers with Radar,27,12,26,0,65,0,18,188,8,214,27,30,214,8,279,474,0,474,753
08/24/2023,ISP,NY,AEA,EN,Towers with Radar,30,35,39,0,104,0,9,99,4,112,30,44,138,4,216,304,0,304,520
08/25/2023,ISP,NY,AEA,EN,Towers with Radar,29,9,31,0,69,0,0,16,0,16,29,9,47,0,85,0,0,0,85
08/26/2023,ISP,NY,AEA,EN,Towers with Radar,38,20,23,1,82,0,15,128,1,144,38,35,151,2,226,226,0,226,452
08/27/2023,ISP,NY,AEA,EN,Towers with Radar,30,13,27,0,70,0,17,204,2,223,30,30,231,2,293,300,0,300,593
08/28/2023,ISP,NY,AEA,EN,Towers with Radar,25,9,50,0,84,0,2,36,0,38,25,11,86,0,122,350,0,350,472
08/29/2023,ISP,NY,AEA,EN,Towers with Radar,19,8,27,2,56,0,4,16,0,20,19,12,43,2,76,56,0,56,132
08/30/2023,ISP,NY,AEA,EN,Towers with Radar,22,16,39,1,78,0,11,77,7,95,22,27,116,8,173,162,0,162,335
08/31/2023,ISP,NY,AEA,EN,Towers with Radar,28,15,43,2,88,0,29,202,3,234,28,44,245,5,322,312,0,312,634
