01/01/2000,ITH,NY,AEA,EN,Federal Contract Tower,3,8,4,0,15,0,0,33,0,33,3,8,37,0,48,38,0,38,86
01/02/2000,ITH,NY,AEA,EN,Federal Contract Tower,7,20,8,0,35,0,1,26,0,27,7,21,34,0,62,84,0,84,146
01/03/2000,ITH,NY,AEA,EN,Federal Contract Tower,4,18,7,0,29,0,5,1,0,6,4,23,8,0,35,0,0,0,35
01/04/2000,ITH,NY,AEA,EN,Federal Contract Tower,8,24,9,0,41,0,2,11,0,13,8,26,20,0,54,10,0,10,64
01/05/2000,ITH,NY,AEA,EN,Federal Contract Tower,8,28,11,0,47,0,8,6,0,14,8,36,17,0,61,62,0,62,123
01/06/2000,ITH,NY,AEA,EN,Federal Contract Tower,8,33,12,0,53,0,1,20,0,21,8,34,32,0,74,48,0,48,122
01/07/2000,ITH,NY,AEA,EN,Federal Contract Tower,8,33,12,0,53,0,0,18,0,18,8,33,30,0,71,46,0,46,117
01/08/2000,ITH,NY,AEA,EN,Federal Contract Tower,5,14,5,0,24,0,4,69,0,73,5,18,74,0,97,164,0,164,261
01/09/2000,ITH,NY,AEA,EN,Federal Contract Tower,7,22,8,0,37,0,1,34,0,35,7,23,42,0,72,77,0,77,149
01/10/2000,ITH,NY,AEA,EN,Federal Contract Tower,7,28,8,0,43,1,3,0,0,4,8,31,8,0,47,0,0,0,47
01/11/2000,ITH,NY,AEA,EN,Federal Contract Tower,6,24,3,0,33,2,5,0,0,7,8,29,3,0,40,0,0,0,40
01/12/2000,ITH,NY,AEA,EN,Federal Contract Tower,8,32,12,0,52,0,0,32,0,32,8,32,44,0,84,88,0,88,172
01/13/2000,ITH,NY,AEA,EN,Federal Contract Tower,5,22,6,0,33,1,1,0,0,2,6,23,6,0,35,0,0,0,35
01/14/2000,ITH,NY,AEA,EN,Federal Contract Tower,8,32,12,0,52,0,0,3,0,3,8,32,15,0,55,0,0,0,55
01/15/2000,ITH,NY,AEA,EN,Federal Contract Tower,5,20,7,0,32,0,0,47,0,47,5,20,54,0,79,77,0,77,156
01/16/2000,ITH,NY,AEA,EN,Federal Contract Tower,5,19,7,0,31,2,1,3,0,6,7,20,10,0,37,18,0,18,55
01/17/2000,ITH,NY,AEA,EN,Federal Contract Tower,7,29,10,0,46,1,2,1,0,4,8,31,11,0,50,16,0,16,66
01/18/2000,ITH,NY,AEA,EN,Federal Contract Tower,7,30,10,0,47,0,2,22,0,24,7,32,32,0,71,76,0,76,147
01/19/2000,ITH,NY,AEA,EN,Federal Contract Tower,8,30,11,0,49,0,1,21,0,22,8,31,32,0,71,92,0,92,163
01/20/2000,ITH,NY,AEA,EN,Federal Contract Tower,6,21,8,0,35,0,0,2,0,2,6,21,10,0,37,0,0,0,37
01/21/2000,ITH,NY,AEA,EN,Federal Contract Tower,6,24,5,0,35,2,2,0,0,4,8,26,5,0,39,0,0,0,39
01/22/2000,ITH,NY,AEA,EN,Federal Contract Tower,4,20,9,0,33,0,0,21,0,21,4,20,30,0,54,83,0,83,137
01/23/2000,ITH,NY,AEA,EN,Federal Contract Tower,5,19,7,0,31,1,0,25,0,26,6,19,32,0,57,45,0,45,102
01/24/2000,ITH,NY,AEA,EN,Federal Contract Tower,8,30,11,0,49,0,4,22,0,26,8,34,33,0,75,69,0,69,144
01/25/2000,ITH,NY,AEA,EN,Federal Contract Tower,3,8,4,0,15,5,0,2,0,7,8,8,6,0,22,30,0,30,52
01/26/2000,ITH,NY,AEA,EN,Federal Contract Tower,7,25,10,0,42,1,0,3,0,4,8,25,13,0,46,0,0,0,46
01/27/2000,ITH,NY,AEA,EN,Federal Contract Tower,7,28,10,0,45,1,0,0,0,1,8,28,10,0,46,0,0,0,46
01/28/2000,ITH,NY,AEA,EN,Federal Contract Tower,6,27,9,0,42,0,2,9,0,11,6,29,18,0,53,77,0,77,130
01/29/2000,ITH,NY,AEA,EN,Federal Contract Tower,5,20,7,0,32,0,0,61,0,61,5,20,68,0,93,132,0,132,225
01/30/2000,ITH,NY,AEA,EN,Federal Contract Tower,4,15,6,0,25,3,0,61,0,64,7,15,67,0,89,110,0,110,199
01/31/2000,ITH,NY,AEA,EN,Federal Contract Tower,6,28,10,0,44,0,0,8,0,8,6,28,18,0,52,22,0,22,74
02/01/2000,ITH,NY,AEA,EN,Federal Contract Tower,8,28,13,0,49,0,3,1,0,4,8,31,14,0,53,22,0,22,75
02/02/2000,ITH,NY,AEA,EN,Federal Contract Tower,8,26,11,0,45,0,5,8,0,13,8,31,19,0,58,52,0,52,110
02/03/2000,ITH,NY,AEA,EN,Federal Contract Tower,8,33,16,0,57,0,0,15,0,15,8,33,31,0,72,12,0,12,84
02/04/2000,ITH,NY,AEA,EN,Federal Contract Tower,8,31,14,0,53,0,0,6,0,6,8,31,20,0,59,22,0,22,81
02/05/2000,ITH,NY,AEA,EN,Federal Contract Tower,5,21,9,0,35,0,0,51,0,51,5,21,60,0,86,110,0,110,196
02/06/2000,ITH,NY,AEA,EN,Federal Contract Tower,6,22,10,0,38,1,0,33,0,34,7,22,43,0,72,87,0,87,159
02/07/2000,ITH,NY,AEA,EN,Federal Contract Tower,8,26,11,0,45,0,6,11,0,17,8,32,22,0,62,68,0,68,130
02/08/2000,ITH,NY,AEA,EN,Federal Contract Tower,8,33,15,0,56,0,1,43,0,44,8,34,58,0,100,96,0,96,196
02/09/2000,ITH,NY,AEA,EN,Federal Contract Tower,8,30,13,0,51,0,0,25,0,25,8,30,38,0,76,92,0,92,168
02/10/2000,ITH,NY,AEA,EN,Federal Contract Tower,8,31,16,0,55,0,0,12,0,12,8,31,28,0,67,44,0,44,111
02/11/2000,ITH,NY,AEA,EN,Federal Contract Tower,6,28,14,0,48,0,0,10,0,10,6,28,24,0,58,0,0,0,58
02/12/2000,ITH,NY,AEA,EN,Federal Contract Tower,5,18,8,0,31,0,0,47,0,47,5,18,55,0,78,126,0,126,204
02/13/2000,ITH,NY,AEA,EN,Federal Contract Tower,6,20,9,0,35,1,0,21,0,22,7,20,30,0,57,52,0,52,109
02/14/2000,ITH,NY,AEA,EN,Federal Contract Tower,4,21,10,0,35,0,2,0,0,2,4,23,10,0,37,0,0,0,37
02/15/2000,ITH,NY,AEA,EN,Federal Contract Tower,8,31,15,0,54,0,0,16,0,16,8,31,31,0,70,58,0,58,128
02/16/2000,ITH,NY,AEA,EN,Federal Contract Tower,7,28,13,0,48,0,2,7,0,9,7,30,20,0,57,45,0,45,102
02/17/2000,ITH,NY,AEA,EN,Federal Contract Tower,8,35,16,0,59,0,0,34,0,34,8,35,50,0,93,62,0,62,155
02/18/2000,ITH,NY,AEA,EN,Federal Contract Tower,6,20,9,0,35,6,0,0,0,6,12,20,9,0,41,0,0,0,41
02/19/2000,ITH,NY,AEA,EN,Federal Contract Tower,4,15,7,0,26,1,0,0,0,1,5,15,7,0,27,0,0,0,27
02/20/2000,ITH,NY,AEA,EN,Federal Contract Tower,4,19,5,0,28,3,2,0,0,5,7,21,5,0,33,42,0,42,75
02/21/2000,ITH,NY,AEA,EN,Federal Contract Tower,8,31,13,0,52,1,2,33,0,36,9,33,46,0,88,119,0,119,207
02/22/2000,ITH,NY,AEA,EN,Federal Contract Tower,7,25,11,0,43,1,0,24,0,25,8,25,35,0,68,88,0,88,156
02/23/2000,ITH,NY,AEA,EN,Federal Contract Tower,6,31,14,0,51,0,0,34,0,34,6,31,48,0,85,77,0,77,162
02/24/2000,ITH,NY,AEA,EN,Federal Contract Tower,8,30,13,0,51,0,2,17,0,19,8,32,30,0,70,62,0,62,132
02/25/2000,ITH,NY,AEA,EN,Federal Contract Tower,6,26,5,0,37,2,4,0,0,6,8,30,5,0,43,47,4,51,94
02/26/2000,ITH,NY,AEA,EN,Federal Contract Tower,5,18,9,0,32,0,0,19,0,19,5,18,28,0,51,63,0,63,114
02/27/2000,ITH,NY,AEA,EN,Federal Contract Tower,5,19,8,0,32,2,2,3,0,7,7,21,11,0,39,48,0,48,87
02/28/2000,ITH,NY,AEA,EN,Federal Contract Tower,8,35,15,0,58,0,0,9,0,9,8,35,24,0,67,46,0,46,113
02/29/2000,ITH,NY,AEA,EN,Federal Contract Tower,7,29,12,0,48,1,3,23,0,27,8,32,35,0,75,88,0,88,163
03/01/2000,ITH,NY,AEA,EN,Federal Contract Tower,7,28,15,0,50,0,1,21,0,22,7,29,36,0,72,69,0,69,141
03/02/2000,ITH,NY,AEA,EN,Federal Contract Tower,8,29,16,0,53,0,0,0,0,0,8,29,16,0,53,0,0,0,53
03/03/2000,ITH,NY,AEA,EN,Federal Contract Tower,8,31,17,0,56,0,2,23,0,25,8,33,40,0,81,86,0,86,167
03/04/2000,ITH,NY,AEA,EN,Federal Contract Tower,5,21,12,0,38,0,1,100,0,101,5,22,112,0,139,88,0,88,227
03/05/2000,ITH,NY,AEA,EN,Federal Contract Tower,7,24,15,0,46,0,0,22,2,24,7,24,37,2,70,81,0,81,151
03/06/2000,ITH,NY,AEA,EN,Federal Contract Tower,6,29,15,0,50,0,4,36,4,44,6,33,51,4,94,92,0,92,186
03/07/2000,ITH,NY,AEA,EN,Federal Contract Tower,8,30,16,0,54,0,1,28,0,29,8,31,44,0,83,121,0,121,204
03/08/2000,ITH,NY,AEA,EN,Federal Contract Tower,6,30,17,0,53,0,0,31,0,31,6,30,48,0,84,92,0,92,176
03/09/2000,ITH,NY,AEA,EN,Federal Contract Tower,8,32,18,0,58,0,0,20,0,20,8,32,38,0,78,78,0,78,156
03/10/2000,ITH,NY,AEA,EN,Federal Contract Tower,8,33,23,0,64,0,0,27,0,27,8,33,50,0,91,0,2,2,93
03/11/2000,ITH,NY,AEA,EN,Federal Contract Tower,4,14,9,0,27,0,0,1,0,1,4,14,10,0,28,0,0,0,28
03/12/2000,ITH,NY,AEA,EN,Federal Contract Tower,5,17,5,0,27,2,3,0,0,5,7,20,5,0,32,10,0,10,42
03/13/2000,ITH,NY,AEA,EN,Federal Contract Tower,7,25,14,0,46,1,8,6,0,15,8,33,20,0,61,78,0,78,139
03/14/2000,ITH,NY,AEA,EN,Federal Contract Tower,8,27,15,0,50,0,4,37,0,41,8,31,52,0,91,122,0,122,213
03/15/2000,ITH,NY,AEA,EN,Federal Contract Tower,8,30,16,0,54,0,0,37,0,37,8,30,53,0,91,95,0,95,186
03/16/2000,ITH,NY,AEA,EN,Federal Contract Tower,4,26,14,0,44,0,0,8,0,8,4,26,22,0,52,0,0,0,52
03/17/2000,ITH,NY,AEA,EN,Federal Contract Tower,8,35,17,1,61,0,1,26,1,28,8,36,43,2,89,52,0,52,141
03/18/2000,ITH,NY,AEA,EN,Federal Contract Tower,5,18,11,0,34,0,0,104,0,104,5,18,115,0,138,188,0,188,326
03/19/2000,ITH,NY,AEA,EN,Federal Contract Tower,4,20,10,0,34,3,1,53,0,57,7,21,63,0,91,84,0,84,175
03/20/2000,ITH,NY,AEA,EN,Federal Contract Tower,7,30,16,0,53,1,0,30,0,31,8,30,46,0,84,98,0,98,182
03/21/2000,ITH,NY,AEA,EN,Federal Contract Tower,5,23,13,0,41,3,5,12,0,20,8,28,25,0,61,122,0,122,183
03/22/2000,ITH,NY,AEA,EN,Federal Contract Tower,6,27,14,0,47,1,3,17,0,21,7,30,31,0,68,75,0,75,143
03/23/2000,ITH,NY,AEA,EN,Federal Contract Tower,8,35,20,0,63,0,0,21,0,21,8,35,41,0,84,71,0,71,155
03/24/2000,ITH,NY,AEA,EN,Federal Contract Tower,8,29,17,0,54,0,0,45,0,45,8,29,62,0,99,129,0,129,228
03/25/2000,ITH,NY,AEA,EN,Federal Contract Tower,4,17,10,0,31,1,0,28,0,29,5,17,38,0,60,78,0,78,138
03/26/2000,ITH,NY,AEA,EN,Federal Contract Tower,6,23,13,0,42,1,0,44,0,45,7,23,57,0,87,97,0,97,184
03/27/2000,ITH,NY,AEA,EN,Federal Contract Tower,7,30,16,0,53,0,2,22,0,24,7,32,38,0,77,46,0,46,123
03/28/2000,ITH,NY,AEA,EN,Federal Contract Tower,7,30,16,0,53,1,0,14,0,15,8,30,30,0,68,41,0,41,109
03/29/2000,ITH,NY,AEA,EN,Federal Contract Tower,7,31,15,0,53,1,0,0,0,1,8,31,15,0,54,0,0,0,54
03/30/2000,ITH,NY,AEA,EN,Federal Contract Tower,7,31,17,0,55,1,3,8,0,12,8,34,25,0,67,72,0,72,139
03/31/2000,ITH,NY,AEA,EN,Federal Contract Tower,7,29,15,0,51,1,2,26,0,29,8,31,41,0,80,128,0,128,208
04/01/2000,ITH,NY,AEA,EN,Federal Contract Tower,5,19,10,0,34,2,0,88,0,90,7,19,98,0,124,152,0,152,276
04/02/2000,ITH,NY,AEA,EN,Federal Contract Tower,6,23,13,0,42,1,0,42,0,43,7,23,55,0,85,96,0,96,181
04/03/2000,ITH,NY,AEA,EN,Federal Contract Tower,8,31,16,0,55,0,6,3,0,9,8,37,19,0,64,10,0,10,74
04/04/2000,ITH,NY,AEA,EN,Federal Contract Tower,8,31,11,0,50,0,4,0,0,4,8,35,11,0,54,40,0,40,94
04/05/2000,ITH,NY,AEA,EN,Federal Contract Tower,8,35,18,0,61,0,2,1,0,3,8,37,19,0,64,0,0,0,64
04/06/2000,ITH,NY,AEA,EN,Federal Contract Tower,8,34,17,0,59,0,7,4,0,11,8,41,21,0,70,46,0,46,116
04/07/2000,ITH,NY,AEA,EN,Federal Contract Tower,8,38,19,0,65,0,3,16,5,24,8,41,35,5,89,108,1,109,198
04/08/2000,ITH,NY,AEA,EN,Federal Contract Tower,4,14,9,0,27,1,0,16,0,17,5,14,25,0,44,111,0,111,155
04/09/2000,ITH,NY,AEA,EN,Federal Contract Tower,4,13,7,0,24,1,0,5,0,6,5,13,12,0,30,12,0,12,42
04/10/2000,ITH,NY,AEA,EN,Federal Contract Tower,8,37,18,0,63,0,3,13,0,16,8,40,31,0,79,53,0,53,132
04/11/2000,ITH,NY,AEA,EN,Federal Contract Tower,8,35,18,0,61,0,5,2,0,7,8,40,20,0,68,59,0,59,127
04/12/2000,ITH,NY,AEA,EN,Federal Contract Tower,8,35,17,0,60,0,3,21,0,24,8,38,38,0,84,82,0,82,166
04/13/2000,ITH,NY,AEA,EN,Federal Contract Tower,8,40,22,0,70,0,0,38,0,38,8,40,60,0,108,123,0,123,231
04/14/2000,ITH,NY,AEA,EN,Federal Contract Tower,7,34,16,0,57,0,0,34,0,34,7,34,50,0,91,156,0,156,247
04/15/2000,ITH,NY,AEA,EN,Federal Contract Tower,4,11,7,0,22,0,0,92,0,92,4,11,99,0,114,122,0,122,236
04/16/2000,ITH,NY,AEA,EN,Federal Contract Tower,6,24,14,0,44,1,0,14,0,15,7,24,28,0,59,58,0,58,117
04/17/2000,ITH,NY,AEA,EN,Federal Contract Tower,7,34,12,0,53,1,6,0,0,7,8,40,12,0,60,10,0,10,70
04/18/2000,ITH,NY,AEA,EN,Federal Contract Tower,8,39,19,0,66,0,1,3,0,4,8,40,22,0,70,0,0,0,70
04/19/2000,ITH,NY,AEA,EN,Federal Contract Tower,8,37,19,0,64,0,0,23,0,23,8,37,42,0,87,113,0,113,200
04/20/2000,ITH,NY,AEA,EN,Federal Contract Tower,8,36,17,0,61,0,1,17,0,18,8,37,34,0,79,52,0,52,131
04/21/2000,ITH,NY,AEA,EN,Federal Contract Tower,6,24,14,0,44,1,0,5,0,6,7,24,19,0,50,4,0,4,54
04/22/2000,ITH,NY,AEA,EN,Federal Contract Tower,3,11,7,0,21,1,0,2,0,3,4,11,9,0,24,0,0,0,24
04/23/2000,ITH,NY,AEA,EN,Federal Contract Tower,6,20,14,0,40,1,0,7,0,8,7,20,21,0,48,0,0,0,48
04/24/2000,ITH,NY,AEA,EN,Federal Contract Tower,7,31,16,0,54,1,0,69,0,70,8,31,85,0,124,160,0,160,284
04/25/2000,ITH,NY,AEA,EN,Federal Contract Tower,7,34,16,0,57,1,9,21,0,31,8,43,37,0,88,133,0,133,221
04/26/2000,ITH,NY,AEA,EN,Federal Contract Tower,8,35,16,0,59,0,3,30,0,33,8,38,46,0,92,127,0,127,219
04/27/2000,ITH,NY,AEA,EN,Federal Contract Tower,8,40,19,0,67,0,1,20,0,21,8,41,39,0,88,36,0,36,124
04/28/2000,ITH,NY,AEA,EN,Federal Contract Tower,7,37,18,0,62,0,0,44,0,44,7,37,62,0,106,88,0,88,194
04/29/2000,ITH,NY,AEA,EN,Federal Contract Tower,3,11,8,0,22,1,0,85,0,86,4,11,93,0,108,122,0,122,230
04/30/2000,ITH,NY,AEA,EN,Federal Contract Tower,5,25,13,0,43,3,1,69,0,73,8,26,82,0,116,106,0,106,222
05/01/2000,ITH,NY,AEA,EN,Federal Contract Tower,8,33,15,0,56,0,7,31,0,38,8,40,46,0,94,82,0,82,176
05/02/2000,ITH,NY,AEA,EN,Federal Contract Tower,8,36,16,0,60,0,6,24,0,30,8,42,40,0,90,86,0,86,176
05/03/2000,ITH,NY,AEA,EN,Federal Contract Tower,8,32,14,0,54,0,12,36,0,48,8,44,50,0,102,131,0,131,233
05/04/2000,ITH,NY,AEA,EN,Federal Contract Tower,8,36,15,0,59,0,5,23,0,28,8,41,38,0,87,107,0,107,194
05/05/2000,ITH,NY,AEA,EN,Federal Contract Tower,6,30,13,0,49,0,4,19,0,23,6,34,32,0,72,97,0,97,169
05/06/2000,ITH,NY,AEA,EN,Federal Contract Tower,4,13,6,0,23,0,1,65,0,66,4,14,71,0,89,64,0,64,153
05/07/2000,ITH,NY,AEA,EN,Federal Contract Tower,6,22,12,0,40,1,0,50,0,51,7,22,62,0,91,48,0,48,139
05/08/2000,ITH,NY,AEA,EN,Federal Contract Tower,8,34,16,0,58,0,4,42,0,46,8,38,58,0,104,76,0,76,180
05/09/2000,ITH,NY,AEA,EN,Federal Contract Tower,8,32,14,0,54,0,8,28,0,36,8,40,42,0,90,94,0,94,184
05/10/2000,ITH,NY,AEA,EN,Federal Contract Tower,5,17,8,0,30,3,0,7,0,10,8,17,15,0,40,38,0,38,78
05/11/2000,ITH,NY,AEA,EN,Federal Contract Tower,7,39,17,0,63,0,0,76,0,76,7,39,93,0,139,60,0,60,199
05/12/2000,ITH,NY,AEA,EN,Federal Contract Tower,8,38,17,0,63,0,1,0,0,1,8,39,17,0,64,0,0,0,64
05/13/2000,ITH,NY,AEA,EN,Federal Contract Tower,3,13,6,0,22,2,1,1,0,4,5,14,7,0,26,8,0,8,34
05/14/2000,ITH,NY,AEA,EN,Federal Contract Tower,6,24,10,0,40,1,1,156,0,158,7,25,166,0,198,43,0,43,241
05/15/2000,ITH,NY,AEA,EN,Federal Contract Tower,8,38,17,0,63,0,4,24,0,28,8,42,41,0,91,66,0,66,157
05/16/2000,ITH,NY,AEA,EN,Federal Contract Tower,7,37,16,0,60,0,0,23,0,23,7,37,39,0,83,95,0,95,178
05/17/2000,ITH,NY,AEA,EN,Federal Contract Tower,7,34,16,0,57,1,4,26,0,31,8,38,42,0,88,106,0,106,194
05/18/2000,ITH,NY,AEA,EN,Federal Contract Tower,7,31,9,0,47,1,4,0,0,5,8,35,9,0,52,0,0,0,52
05/19/2000,ITH,NY,AEA,EN,Federal Contract Tower,7,32,18,0,57,0,0,7,0,7,7,32,25,0,64,0,0,0,64
05/20/2000,ITH,NY,AEA,EN,Federal Contract Tower,3,15,8,0,26,1,0,2,0,3,4,15,10,0,29,0,0,0,29
05/21/2000,ITH,NY,AEA,EN,Federal Contract Tower,6,25,14,0,45,1,0,5,0,6,7,25,19,0,51,2,0,2,53
05/22/2000,ITH,NY,AEA,EN,Federal Contract Tower,6,30,6,0,42,2,5,0,0,7,8,35,6,0,49,1,0,1,50
05/23/2000,ITH,NY,AEA,EN,Federal Contract Tower,8,37,15,0,60,0,1,0,0,1,8,38,15,0,61,54,0,54,115
05/24/2000,ITH,NY,AEA,EN,Federal Contract Tower,7,33,14,0,54,1,1,20,0,22,8,34,34,0,76,68,0,68,144
05/25/2000,ITH,NY,AEA,EN,Federal Contract Tower,8,38,16,0,62,0,0,40,0,40,8,38,56,0,102,58,0,58,160
05/26/2000,ITH,NY,AEA,EN,Federal Contract Tower,7,35,19,0,61,0,0,31,0,31,7,35,50,0,92,96,0,96,188
05/27/2000,ITH,NY,AEA,EN,Federal Contract Tower,4,14,11,0,29,0,0,137,0,137,4,14,148,0,166,128,0,128,294
05/28/2000,ITH,NY,AEA,EN,Federal Contract Tower,7,20,17,0,44,0,0,102,0,102,7,20,119,0,146,94,0,94,240
05/29/2000,ITH,NY,AEA,EN,Federal Contract Tower,6,23,12,0,41,2,0,110,0,112,8,23,122,0,153,152,0,152,305
05/30/2000,ITH,NY,AEA,EN,Federal Contract Tower,7,34,15,0,56,1,5,35,0,41,8,39,50,0,97,128,0,128,225
05/31/2000,ITH,NY,AEA,EN,Federal Contract Tower,6,39,17,0,62,0,1,40,0,41,6,40,57,0,103,132,0,132,235
06/01/2000,ITH,NY,AEA,EN,Federal Contract Tower,8,30,19,0,57,0,7,29,2,38,8,37,48,2,95,82,10,92,187
06/02/2000,ITH,NY,AEA,EN,Federal Contract Tower,5,24,16,0,45,0,7,34,0,41,5,31,50,0,86,62,0,62,148
06/03/2000,ITH,NY,AEA,EN,Federal Contract Tower,3,10,7,0,20,1,0,37,0,38,4,10,44,0,58,56,0,56,114
06/04/2000,ITH,NY,AEA,EN,Federal Contract Tower,5,19,12,0,36,2,4,38,0,44,7,23,50,0,80,95,0,95,175
06/05/2000,ITH,NY,AEA,EN,Federal Contract Tower,8,32,21,0,61,0,6,8,0,14,8,38,29,0,75,0,0,0,75
06/06/2000,ITH,NY,AEA,EN,Federal Contract Tower,8,33,17,0,58,0,5,0,0,5,8,38,17,0,63,0,0,0,63
06/07/2000,ITH,NY,AEA,EN,Federal Contract Tower,8,34,22,0,64,0,8,30,8,46,8,42,52,8,110,94,0,94,204
06/08/2000,ITH,NY,AEA,EN,Federal Contract Tower,8,37,24,0,69,0,0,44,0,44,8,37,68,0,113,97,0,97,210
06/09/2000,ITH,NY,AEA,EN,Federal Contract Tower,7,31,20,0,58,0,3,36,0,39,7,34,56,0,97,62,0,62,159
06/10/2000,ITH,NY,AEA,EN,Federal Contract Tower,3,13,10,0,26,0,0,93,2,95,3,13,103,2,121,98,0,98,219
06/11/2000,ITH,NY,AEA,EN,Federal Contract Tower,6,15,12,0,33,1,0,34,0,35,7,15,46,0,68,52,0,52,120
06/12/2000,ITH,NY,AEA,EN,Federal Contract Tower,6,23,13,0,42,0,2,0,0,2,6,25,13,0,44,0,0,0,44
06/13/2000,ITH,NY,AEA,EN,Federal Contract Tower,8,29,16,0,53,0,2,0,0,2,8,31,16,0,55,0,0,0,55
06/14/2000,ITH,NY,AEA,EN,Federal Contract Tower,8,32,22,0,62,0,0,12,0,12,8,32,34,0,74,72,0,72,146
06/15/2000,ITH,NY,AEA,EN,Federal Contract Tower,6,25,17,0,48,2,0,19,0,21,8,25,36,0,69,56,0,56,125
06/16/2000,ITH,NY,AEA,EN,Federal Contract Tower,8,30,19,0,57,0,5,29,0,34,8,35,48,0,91,68,0,68,159
06/17/2000,ITH,NY,AEA,EN,Federal Contract Tower,4,17,10,0,31,4,0,40,0,44,8,17,50,0,75,36,0,36,111
06/18/2000,ITH,NY,AEA,EN,Federal Contract Tower,5,18,14,0,37,3,0,4,0,7,8,18,18,0,44,6,0,6,50
06/19/2000,ITH,NY,AEA,EN,Federal Contract Tower,8,37,22,0,67,0,0,87,0,87,8,37,109,0,154,146,0,146,300
06/20/2000,ITH,NY,AEA,EN,Federal Contract Tower,7,33,20,0,60,0,5,56,0,61,7,38,76,0,121,137,0,137,258
06/21/2000,ITH,NY,AEA,EN,Federal Contract Tower,7,26,16,0,49,1,0,14,0,15,8,26,30,0,64,82,0,82,146
06/22/2000,ITH,NY,AEA,EN,Federal Contract Tower,8,33,21,0,62,1,0,86,0,87,9,33,107,0,149,247,0,247,396
06/23/2000,ITH,NY,AEA,EN,Federal Contract Tower,7,27,18,0,52,0,0,49,0,49,7,27,67,0,101,127,0,127,228
06/24/2000,ITH,NY,AEA,EN,Federal Contract Tower,5,13,14,0,32,3,0,88,0,91,8,13,102,0,123,156,0,156,279
06/25/2000,ITH,NY,AEA,EN,Federal Contract Tower,4,16,12,0,32,4,0,21,0,25,8,16,33,0,57,32,0,32,89
06/26/2000,ITH,NY,AEA,EN,Federal Contract Tower,8,35,24,0,67,0,0,47,0,47,8,35,71,0,114,86,0,86,200
06/27/2000,ITH,NY,AEA,EN,Federal Contract Tower,8,32,21,0,61,0,0,35,0,35,8,32,56,0,96,120,0,120,216
06/28/2000,ITH,NY,AEA,EN,Federal Contract Tower,8,34,22,0,64,0,1,36,0,37,8,35,58,0,101,116,0,116,217
06/29/2000,ITH,NY,AEA,EN,Federal Contract Tower,6,26,16,0,48,1,3,22,0,26,7,29,38,0,74,62,0,62,136
06/30/2000,ITH,NY,AEA,EN,Federal Contract Tower,7,27,21,0,55,0,0,47,0,47,7,27,68,0,102,168,0,168,270
07/01/2000,ITH,NY,AEA,EN,Federal Contract Tower,6,14,12,0,32,1,0,86,0,87,7,14,98,0,119,90,0,90,209
07/02/2000,ITH,NY,AEA,EN,Federal Contract Tower,7,17,13,0,37,1,1,29,0,31,8,18,42,0,68,72,0,72,140
07/03/2000,ITH,NY,AEA,EN,Federal Contract Tower,6,17,12,0,35,2,3,0,0,5,8,20,12,0,40,24,0,24,64
07/04/2000,ITH,NY,AEA,EN,Federal Contract Tower,7,18,13,0,38,1,1,6,0,8,8,19,19,0,46,48,0,48,94
07/05/2000,ITH,NY,AEA,EN,Federal Contract Tower,8,23,17,0,48,0,2,26,0,28,8,25,43,0,76,103,0,103,179
07/06/2000,ITH,NY,AEA,EN,Federal Contract Tower,8,24,17,0,49,0,5,70,0,75,8,29,87,0,124,66,0,66,190
07/07/2000,ITH,NY,AEA,EN,Federal Contract Tower,7,24,17,0,48,0,3,96,0,99,7,27,113,0,147,108,0,108,255
07/08/2000,ITH,NY,AEA,EN,Federal Contract Tower,5,9,9,0,23,3,0,33,2,38,8,9,42,2,61,121,0,121,182
07/09/2000,ITH,NY,AEA,EN,Federal Contract Tower,8,21,15,0,44,0,0,17,0,17,8,21,32,0,61,85,0,85,146
07/10/2000,ITH,NY,AEA,EN,Federal Contract Tower,8,24,18,0,50,0,1,10,0,11,8,25,28,0,61,94,0,94,155
07/11/2000,ITH,NY,AEA,EN,Federal Contract Tower,8,28,21,0,57,0,6,31,0,37,8,34,52,0,94,102,0,102,196
07/12/2000,ITH,NY,AEA,EN,Federal Contract Tower,8,25,19,0,52,0,9,18,0,27,8,34,37,0,79,84,0,84,163
07/13/2000,ITH,NY,AEA,EN,Federal Contract Tower,8,24,19,0,51,0,6,61,0,67,8,30,80,0,118,76,0,76,194
07/14/2000,ITH,NY,AEA,EN,Federal Contract Tower,5,14,13,0,32,2,0,35,0,37,7,14,48,0,69,54,0,54,123
07/15/2000,ITH,NY,AEA,EN,Federal Contract Tower,3,11,7,0,21,2,1,0,0,3,5,12,7,0,24,0,0,0,24
07/16/2000,ITH,NY,AEA,EN,Federal Contract Tower,6,13,13,0,32,2,0,20,0,22,8,13,33,0,54,38,0,38,92
07/17/2000,ITH,NY,AEA,EN,Federal Contract Tower,8,28,19,0,55,0,1,22,0,23,8,29,41,0,78,95,0,95,173
07/18/2000,ITH,NY,AEA,EN,Federal Contract Tower,7,22,15,0,44,1,7,25,0,33,8,29,40,0,77,82,0,82,159
07/19/2000,ITH,NY,AEA,EN,Federal Contract Tower,8,30,22,0,60,0,2,12,0,14,8,32,34,0,74,101,0,101,175
07/20/2000,ITH,NY,AEA,EN,Federal Contract Tower,8,25,18,0,51,0,3,32,0,35,8,28,50,0,86,142,0,142,228
07/21/2000,ITH,NY,AEA,EN,Federal Contract Tower,6,22,15,0,43,0,1,33,0,34,6,23,48,0,77,83,0,83,160
07/22/2000,ITH,NY,AEA,EN,Federal Contract Tower,5,12,11,0,28,2,0,27,0,29,7,12,38,0,57,42,0,42,99
07/23/2000,ITH,NY,AEA,EN,Federal Contract Tower,7,16,15,0,38,1,0,73,0,74,8,16,88,0,112,119,0,119,231
07/24/2000,ITH,NY,AEA,EN,Federal Contract Tower,8,26,19,0,53,0,4,50,0,54,8,30,69,0,107,86,0,86,193
07/25/2000,ITH,NY,AEA,EN,Federal Contract Tower,7,23,17,0,47,1,7,39,0,47,8,30,56,0,94,92,0,92,186
07/26/2000,ITH,NY,AEA,EN,Federal Contract Tower,8,30,22,0,60,0,0,43,0,43,8,30,65,0,103,88,0,88,191
07/27/2000,ITH,NY,AEA,EN,Federal Contract Tower,9,27,25,0,61,0,0,23,0,23,9,27,48,0,84,82,0,82,166
07/28/2000,ITH,NY,AEA,EN,Federal Contract Tower,3,19,18,0,40,0,0,12,0,12,3,19,30,0,52,83,0,83,135
07/29/2000,ITH,NY,AEA,EN,Federal Contract Tower,6,14,13,0,33,2,0,15,0,17,8,14,28,0,50,62,0,62,112
07/30/2000,ITH,NY,AEA,EN,Federal Contract Tower,7,15,16,0,38,1,0,7,0,8,8,15,23,0,46,2,0,2,48
07/31/2000,ITH,NY,AEA,EN,Federal Contract Tower,8,32,25,0,65,0,0,15,0,15,8,32,40,0,80,41,0,41,121
08/01/2000,ITH,NY,AEA,EN,Federal Contract Tower,8,22,19,0,49,0,5,6,0,11,8,27,25,0,60,41,0,41,101
08/02/2000,ITH,NY,AEA,EN,Federal Contract Tower,8,27,22,0,57,0,2,27,1,30,8,29,49,1,87,89,2,91,178
08/03/2000,ITH,NY,AEA,EN,Federal Contract Tower,7,19,16,0,42,1,0,9,0,10,8,19,25,0,52,89,0,89,141
08/04/2000,ITH,NY,AEA,EN,Federal Contract Tower,7,22,18,0,47,0,2,29,2,33,7,24,47,2,80,143,2,145,225
08/05/2000,ITH,NY,AEA,EN,Federal Contract Tower,7,15,17,0,39,0,0,103,0,103,7,15,120,0,142,114,0,114,256
08/06/2000,ITH,NY,AEA,EN,Federal Contract Tower,6,16,16,0,38,2,0,2,1,5,8,16,18,1,43,42,3,45,88
08/07/2000,ITH,NY,AEA,EN,Federal Contract Tower,7,19,16,0,42,1,3,22,0,26,8,22,38,0,68,94,0,94,162
08/08/2000,ITH,NY,AEA,EN,Federal Contract Tower,8,28,23,0,59,0,4,21,4,29,8,32,44,4,88,113,0,113,201
08/09/2000,ITH,NY,AEA,EN,Federal Contract Tower,7,21,17,0,45,2,6,1,0,9,9,27,18,0,54,52,0,52,106
08/10/2000,ITH,NY,AEA,EN,Federal Contract Tower,8,28,23,0,59,0,2,39,0,41,8,30,62,0,100,87,0,87,187
08/11/2000,ITH,NY,AEA,EN,Federal Contract Tower,6,22,22,0,50,0,0,19,0,19,6,22,41,0,69,39,0,39,108
08/12/2000,ITH,NY,AEA,EN,Federal Contract Tower,6,14,14,0,34,1,0,32,0,33,7,14,46,0,67,42,0,42,109
08/13/2000,ITH,NY,AEA,EN,Federal Contract Tower,8,15,25,0,48,0,0,123,0,123,8,15,148,0,171,120,0,120,291
08/14/2000,ITH,NY,AEA,EN,Federal Contract Tower,8,26,22,0,56,0,5,32,0,37,8,31,54,0,93,118,0,118,211
08/15/2000,ITH,NY,AEA,EN,Federal Contract Tower,8,27,20,0,55,0,3,18,0,21,8,30,38,0,76,95,0,95,171
08/16/2000,ITH,NY,AEA,EN,Federal Contract Tower,7,24,19,0,50,1,2,14,0,17,8,26,33,0,67,53,0,53,120
08/17/2000,ITH,NY,AEA,EN,Federal Contract Tower,8,27,20,0,55,0,5,32,0,37,8,32,52,0,92,69,0,69,161
08/18/2000,ITH,NY,AEA,EN,Federal Contract Tower,7,26,20,0,53,0,0,28,0,28,7,26,48,0,81,79,0,79,160
08/19/2000,ITH,NY,AEA,EN,Federal Contract Tower,7,17,19,0,43,1,0,53,0,54,8,17,72,0,97,95,0,95,192
08/20/2000,ITH,NY,AEA,EN,Federal Contract Tower,6,19,15,0,40,2,0,57,0,59,8,19,72,0,99,91,0,91,190
08/21/2000,ITH,NY,AEA,EN,Federal Contract Tower,6,22,17,0,45,2,4,37,0,43,8,26,54,0,88,105,0,105,193
08/22/2000,ITH,NY,AEA,EN,Federal Contract Tower,8,30,26,0,64,0,0,53,0,53,8,30,79,0,117,74,0,74,191
08/23/2000,ITH,NY,AEA,EN,Federal Contract Tower,8,27,21,0,56,0,0,2,0,2,8,27,23,0,58,0,0,0,58
08/24/2000,ITH,NY,AEA,EN,Federal Contract Tower,8,27,21,0,56,0,5,55,0,60,8,32,76,0,116,78,0,78,194
08/25/2000,ITH,NY,AEA,EN,Federal Contract Tower,7,24,19,0,50,0,2,63,2,67,7,26,82,2,117,82,2,84,201
08/26/2000,ITH,NY,AEA,EN,Federal Contract Tower,5,15,14,0,34,2,0,57,0,59,7,15,71,0,93,96,0,96,189
08/27/2000,ITH,NY,AEA,EN,Federal Contract Tower,6,14,18,0,38,2,0,65,0,67,8,14,83,0,105,75,0,75,180
08/28/2000,ITH,NY,AEA,EN,Federal Contract Tower,6,23,19,0,48,0,5,5,0,10,6,28,24,0,58,46,0,46,104
08/29/2000,ITH,NY,AEA,EN,Federal Contract Tower,8,30,25,0,63,0,0,17,0,17,8,30,42,0,80,72,0,72,152
08/30/2000,ITH,NY,AEA,EN,Federal Contract Tower,8,26,21,0,55,0,5,19,0,24,8,31,40,0,79,96,0,96,175
08/31/2000,ITH,NY,AEA,EN,Federal Contract Tower,8,23,22,0,53,0,0,39,0,39,8,23,61,0,92,83,0,83,175
09/01/2000,ITH,NY,AEA,EN,Federal Contract Tower,7,23,20,0,50,0,0,53,0,53,7,23,73,0,103,90,0,90,193
09/02/2000,ITH,NY,AEA,EN,Federal Contract Tower,6,19,14,0,39,2,0,9,0,11,8,19,23,0,50,41,0,41,91
09/03/2000,ITH,NY,AEA,EN,Federal Contract Tower,5,11,13,0,29,1,0,15,0,16,6,11,28,0,45,46,0,46,91
09/04/2000,ITH,NY,AEA,EN,Federal Contract Tower,8,22,18,0,48,0,0,5,0,5,8,22,23,0,53,0,0,0,53
09/05/2000,ITH,NY,AEA,EN,Federal Contract Tower,7,29,19,0,55,0,0,68,0,68,7,29,87,0,123,106,0,106,229
09/06/2000,ITH,NY,AEA,EN,Federal Contract Tower,8,29,19,0,56,0,3,46,0,49,8,32,65,0,105,82,0,82,187
09/07/2000,ITH,NY,AEA,EN,Federal Contract Tower,8,31,21,0,60,0,2,64,2,68,8,33,85,2,128,102,0,102,230
09/08/2000,ITH,NY,AEA,EN,Federal Contract Tower,7,27,18,0,52,0,6,62,0,68,7,33,80,0,120,76,0,76,196
09/09/2000,ITH,NY,AEA,EN,Federal Contract Tower,6,16,13,0,35,1,0,21,0,22,7,16,34,0,57,62,0,62,119
09/10/2000,ITH,NY,AEA,EN,Federal Contract Tower,6,19,19,0,44,0,0,54,0,54,6,19,73,0,98,103,0,103,201
09/11/2000,ITH,NY,AEA,EN,Federal Contract Tower,8,41,27,0,76,0,0,5,0,5,8,41,32,0,81,32,0,32,113
09/12/2000,ITH,NY,AEA,EN,Federal Contract Tower,6,27,18,0,51,0,7,8,0,15,6,34,26,0,66,72,0,72,138
09/13/2000,ITH,NY,AEA,EN,Federal Contract Tower,8,33,22,0,63,0,4,35,0,39,8,37,57,0,102,96,0,96,198
09/14/2000,ITH,NY,AEA,EN,Federal Contract Tower,8,34,23,0,65,0,4,37,0,41,8,38,60,0,106,114,0,114,220
09/15/2000,ITH,NY,AEA,EN,Federal Contract Tower,7,28,17,0,52,0,6,8,0,14,7,34,25,0,66,0,0,0,66
09/16/2000,ITH,NY,AEA,EN,Federal Contract Tower,7,18,18,0,43,0,0,55,0,55,7,18,73,0,98,49,0,49,147
09/17/2000,ITH,NY,AEA,EN,Federal Contract Tower,4,19,12,0,35,4,0,142,0,146,8,19,154,0,181,138,0,138,319
09/18/2000,ITH,NY,AEA,EN,Federal Contract Tower,6,33,20,0,59,0,9,48,0,57,6,42,68,0,116,85,0,85,201
09/19/2000,ITH,NY,AEA,EN,Federal Contract Tower,6,28,17,1,52,2,0,26,1,29,8,28,43,2,81,111,0,111,192
09/20/2000,ITH,NY,AEA,EN,Federal Contract Tower,8,31,19,1,59,0,6,50,1,57,8,37,69,2,116,98,0,98,214
09/21/2000,ITH,NY,AEA,EN,Federal Contract Tower,8,34,20,0,62,0,5,25,0,30,8,39,45,0,92,28,0,28,120
09/22/2000,ITH,NY,AEA,EN,Federal Contract Tower,7,32,21,0,60,0,3,41,0,44,7,35,62,0,104,108,0,108,212
09/23/2000,ITH,NY,AEA,EN,Federal Contract Tower,8,22,22,0,52,2,0,22,4,28,10,22,44,4,80,32,0,32,112
09/24/2000,ITH,NY,AEA,EN,Federal Contract Tower,8,24,21,0,53,0,0,23,0,23,8,24,44,0,76,0,0,0,76
09/25/2000,ITH,NY,AEA,EN,Federal Contract Tower,8,37,23,0,68,0,3,9,6,18,8,40,32,6,86,95,0,95,181
09/26/2000,ITH,NY,AEA,EN,Federal Contract Tower,6,27,18,0,51,2,11,6,0,19,8,38,24,0,70,90,0,90,160
09/27/2000,ITH,NY,AEA,EN,Federal Contract Tower,8,38,26,0,72,0,0,28,0,28,8,38,54,0,100,95,0,95,195
09/28/2000,ITH,NY,AEA,EN,Federal Contract Tower,8,34,22,0,64,0,7,31,0,38,8,41,53,0,102,68,0,68,170
09/29/2000,ITH,NY,AEA,EN,Federal Contract Tower,7,36,24,0,67,0,0,51,0,51,7,36,75,0,118,84,0,84,202
09/30/2000,ITH,NY,AEA,EN,Federal Contract Tower,4,19,12,0,35,3,0,76,0,79,7,19,88,0,114,72,0,72,186
10/01/2000,ITH,NY,AEA,EN,Federal Contract Tower,7,20,18,0,45,1,0,45,0,46,8,20,63,0,91,108,0,108,199
10/02/2000,ITH,NY,AEA,EN,Federal Contract Tower,8,36,24,0,68,0,5,29,0,34,8,41,53,0,102,71,0,71,173
10/03/2000,ITH,NY,AEA,EN,Federal Contract Tower,7,29,19,0,55,1,6,23,0,30,8,35,42,0,85,86,0,86,171
10/04/2000,ITH,NY,AEA,EN,Federal Contract Tower,8,33,21,0,62,0,7,5,0,12,8,40,26,0,74,42,0,42,116
10/05/2000,ITH,NY,AEA,EN,Federal Contract Tower,8,31,20,0,59,0,0,1,0,1,8,31,21,0,60,0,0,0,60
10/06/2000,ITH,NY,AEA,EN,Federal Contract Tower,7,34,29,0,70,0,0,20,0,20,7,34,49,0,90,0,0,0,90
10/07/2000,ITH,NY,AEA,EN,Federal Contract Tower,6,21,13,0,40,2,1,17,0,20,8,22,30,0,60,30,0,30,90
10/08/2000,ITH,NY,AEA,EN,Federal Contract Tower,5,19,11,0,35,3,4,0,0,7,8,23,11,0,42,0,0,0,42
10/09/2000,ITH,NY,AEA,EN,Federal Contract Tower,8,33,21,0,62,0,6,0,0,6,8,39,21,0,68,24,0,24,92
10/10/2000,ITH,NY,AEA,EN,Federal Contract Tower,8,39,25,0,72,0,1,21,0,22,8,40,46,0,94,54,0,54,148
10/11/2000,ITH,NY,AEA,EN,Federal Contract Tower,8,33,21,0,62,0,7,28,0,35,8,40,49,0,97,81,2,83,180
10/12/2000,ITH,NY,AEA,EN,Federal Contract Tower,8,35,22,0,65,0,4,74,4,82,8,39,96,4,147,126,2,128,275
10/13/2000,ITH,NY,AEA,EN,Federal Contract Tower,7,32,20,0,59,0,5,66,0,71,7,37,86,0,130,74,0,74,204
10/14/2000,ITH,NY,AEA,EN,Federal Contract Tower,5,17,13,0,35,2,0,55,0,57,7,17,68,0,92,88,0,88,180
10/15/2000,ITH,NY,AEA,EN,Federal Contract Tower,6,23,15,0,44,2,0,35,0,37,8,23,50,0,81,98,0,98,179
10/16/2000,ITH,NY,AEA,EN,Federal Contract Tower,6,29,18,0,53,0,2,0,0,2,6,31,18,0,55,0,0,0,55
10/17/2000,ITH,NY,AEA,EN,Federal Contract Tower,8,40,26,0,74,0,0,5,0,5,8,40,31,0,79,0,0,0,79
10/18/2000,ITH,NY,AEA,EN,Federal Contract Tower,8,36,21,0,65,0,2,0,0,2,8,38,21,0,67,0,0,0,67
10/19/2000,ITH,NY,AEA,EN,Federal Contract Tower,7,33,20,0,60,0,8,22,0,30,7,41,42,0,90,62,0,62,152
10/20/2000,ITH,NY,AEA,EN,Federal Contract Tower,7,33,19,0,59,1,1,61,0,63,8,34,80,0,122,92,0,92,214
10/21/2000,ITH,NY,AEA,EN,Federal Contract Tower,4,17,10,0,31,3,0,50,0,53,7,17,60,0,84,60,0,60,144
10/22/2000,ITH,NY,AEA,EN,Federal Contract Tower,6,23,19,0,48,2,0,77,0,79,8,23,96,0,127,97,0,97,224
10/23/2000,ITH,NY,AEA,EN,Federal Contract Tower,7,30,19,0,56,1,8,37,0,46,8,38,56,0,102,77,0,77,179
10/24/2000,ITH,NY,AEA,EN,Federal Contract Tower,8,39,24,0,71,0,0,21,0,21,8,39,45,0,92,82,0,82,174
10/25/2000,ITH,NY,AEA,EN,Federal Contract Tower,6,36,24,0,66,0,0,23,0,23,6,36,47,0,89,54,0,54,143
10/26/2000,ITH,NY,AEA,EN,Federal Contract Tower,9,33,32,0,74,0,0,81,0,81,9,33,113,0,155,74,0,74,229
10/27/2000,ITH,NY,AEA,EN,Federal Contract Tower,7,37,23,0,67,0,1,44,0,45,7,38,67,0,112,78,0,78,190
10/28/2000,ITH,NY,AEA,EN,Federal Contract Tower,7,18,21,0,46,0,0,59,2,61,7,18,80,2,107,50,1,51,158
10/29/2000,ITH,NY,AEA,EN,Federal Contract Tower,6,21,16,0,43,2,0,32,0,34,8,21,48,0,77,60,0,60,137
10/30/2000,ITH,NY,AEA,EN,Federal Contract Tower,7,32,19,0,58,1,7,15,0,23,8,39,34,0,81,49,0,49,130
10/31/2000,ITH,NY,AEA,EN,Federal Contract Tower,7,33,21,0,61,1,6,36,0,43,8,39,57,0,104,105,0,105,209
11/01/2000,ITH,NY,AEA,EN,Federal Contract Tower,8,31,19,0,58,0,5,10,0,15,8,36,29,0,73,94,0,94,167
11/02/2000,ITH,NY,AEA,EN,Federal Contract Tower,8,31,19,0,58,0,5,35,0,40,8,36,54,0,98,95,0,95,193
11/03/2000,ITH,NY,AEA,EN,Federal Contract Tower,7,37,27,0,71,0,0,26,0,26,7,37,53,0,97,38,0,38,135
11/04/2000,ITH,NY,AEA,EN,Federal Contract Tower,7,19,18,0,44,0,0,53,0,53,7,19,71,0,97,90,0,90,187
11/05/2000,ITH,NY,AEA,EN,Federal Contract Tower,7,19,14,0,40,1,0,21,0,22,8,19,35,0,62,62,0,62,124
11/06/2000,ITH,NY,AEA,EN,Federal Contract Tower,8,34,21,0,63,0,8,28,4,40,8,42,49,4,103,78,0,78,181
11/07/2000,ITH,NY,AEA,EN,Federal Contract Tower,8,33,21,0,62,0,8,30,2,40,8,41,51,2,102,114,4,118,220
11/08/2000,ITH,NY,AEA,EN,Federal Contract Tower,8,32,20,0,60,0,6,48,4,58,8,38,68,4,118,98,0,98,216
11/09/2000,ITH,NY,AEA,EN,Federal Contract Tower,8,39,24,0,71,0,1,13,0,14,8,40,37,0,85,25,0,25,110
11/10/2000,ITH,NY,AEA,EN,Federal Contract Tower,7,31,25,0,63,0,0,20,0,20,7,31,45,0,83,11,0,11,94
11/11/2000,ITH,NY,AEA,EN,Federal Contract Tower,6,18,13,0,37,1,0,1,0,2,7,18,14,0,39,0,0,0,39
11/12/2000,ITH,NY,AEA,EN,Federal Contract Tower,7,21,16,0,44,1,0,3,0,4,8,21,19,0,48,0,0,0,48
11/13/2000,ITH,NY,AEA,EN,Federal Contract Tower,8,28,9,0,45,0,8,0,0,8,8,36,9,0,53,0,0,0,53
11/14/2000,ITH,NY,AEA,EN,Federal Contract Tower,8,34,21,0,63,0,0,14,0,14,8,34,35,0,77,81,0,81,158
11/15/2000,ITH,NY,AEA,EN,Federal Contract Tower,8,34,21,0,63,0,0,17,0,17,8,34,38,0,80,68,0,68,148
11/16/2000,ITH,NY,AEA,EN,Federal Contract Tower,8,34,21,0,63,0,0,21,0,21,8,34,42,0,84,63,0,63,147
11/17/2000,ITH,NY,AEA,EN,Federal Contract Tower,8,33,21,0,62,0,0,23,0,23,8,33,44,0,85,28,0,28,113
11/18/2000,ITH,NY,AEA,EN,Federal Contract Tower,7,25,18,0,50,0,0,42,0,42,7,25,60,0,92,82,0,82,174
11/19/2000,ITH,NY,AEA,EN,Federal Contract Tower,5,22,13,0,40,2,1,44,0,47,7,23,57,0,87,85,0,85,172
11/20/2000,ITH,NY,AEA,EN,Federal Contract Tower,6,26,10,0,42,2,6,0,0,8,8,32,10,0,50,15,0,15,65
11/21/2000,ITH,NY,AEA,EN,Federal Contract Tower,8,30,20,0,58,0,0,9,0,9,8,30,29,0,67,18,0,18,85
11/22/2000,ITH,NY,AEA,EN,Federal Contract Tower,7,31,15,0,53,1,4,0,0,5,8,35,15,0,58,43,0,43,101
11/23/2000,ITH,NY,AEA,EN,Federal Contract Tower,5,21,12,0,38,3,0,0,0,3,8,21,12,0,41,2,0,2,43
11/24/2000,ITH,NY,AEA,EN,Federal Contract Tower,3,14,10,0,27,4,0,15,0,19,7,14,25,0,46,20,0,20,66
11/25/2000,ITH,NY,AEA,EN,Federal Contract Tower,5,21,12,0,38,2,1,42,0,45,7,22,54,0,83,76,0,76,159
11/26/2000,ITH,NY,AEA,EN,Federal Contract Tower,7,27,17,0,51,1,0,1,0,2,8,27,18,0,53,0,0,0,53
11/27/2000,ITH,NY,AEA,EN,Federal Contract Tower,8,30,19,0,57,0,0,4,0,4,8,30,23,0,61,30,0,30,91
11/28/2000,ITH,NY,AEA,EN,Federal Contract Tower,8,32,19,0,59,0,0,1,0,1,8,32,20,0,60,27,0,27,87
11/29/2000,ITH,NY,AEA,EN,Federal Contract Tower,7,28,17,0,52,1,4,2,2,9,8,32,19,2,61,58,0,58,119
11/30/2000,ITH,NY,AEA,EN,Federal Contract Tower,7,30,19,0,56,1,0,4,0,5,8,30,23,0,61,0,0,0,61
12/01/2000,ITH,NY,AEA,EN,Federal Contract Tower,8,29,12,0,49,0,0,16,0,16,8,29,28,0,65,0,0,0,65
12/02/2000,ITH,NY,AEA,EN,Federal Contract Tower,6,20,8,0,34,1,0,7,0,8,7,20,15,0,42,50,0,50,92
12/03/2000,ITH,NY,AEA,EN,Federal Contract Tower,7,19,10,0,36,0,0,35,0,35,7,19,45,0,71,98,0,98,169
12/04/2000,ITH,NY,AEA,EN,Federal Contract Tower,8,34,12,0,54,0,6,38,0,44,8,40,50,0,98,79,0,79,177
12/05/2000,ITH,NY,AEA,EN,Federal Contract Tower,8,37,13,0,58,0,5,13,0,18,8,42,26,0,76,33,0,33,109
12/06/2000,ITH,NY,AEA,EN,Federal Contract Tower,8,38,13,0,59,0,8,24,0,32,8,46,37,0,91,86,0,86,177
12/07/2000,ITH,NY,AEA,EN,Federal Contract Tower,8,42,14,0,64,0,2,23,0,25,8,44,37,0,89,22,0,22,111
12/08/2000,ITH,NY,AEA,EN,Federal Contract Tower,7,35,13,0,55,0,0,2,0,2,7,35,15,0,57,10,0,10,67
12/09/2000,ITH,NY,AEA,EN,Federal Contract Tower,6,19,10,0,35,0,0,65,0,65,6,19,75,0,100,90,0,90,190
12/10/2000,ITH,NY,AEA,EN,Federal Contract Tower,7,25,8,0,40,0,0,27,0,27,7,25,35,0,67,80,0,80,147
12/11/2000,ITH,NY,AEA,EN,Federal Contract Tower,8,33,4,0,45,0,8,0,0,8,8,41,4,0,53,0,0,0,53
12/12/2000,ITH,NY,AEA,EN,Federal Contract Tower,7,26,6,0,39,1,2,0,0,3,8,28,6,0,42,0,0,0,42
12/13/2000,ITH,NY,AEA,EN,Federal Contract Tower,6,38,13,0,57,0,0,29,0,29,6,38,42,0,86,80,0,80,166
12/14/2000,ITH,NY,AEA,EN,Federal Contract Tower,6,35,12,0,53,0,3,10,0,13,6,38,22,0,66,26,0,26,92
12/15/2000,ITH,NY,AEA,EN,Federal Contract Tower,7,33,11,0,51,0,4,43,0,47,7,37,54,0,98,82,0,82,180
12/16/2000,ITH,NY,AEA,EN,Federal Contract Tower,5,22,5,0,32,1,3,0,0,4,6,25,5,0,36,0,0,0,36
12/17/2000,ITH,NY,AEA,EN,Federal Contract Tower,4,18,5,0,27,3,0,0,0,3,7,18,5,0,30,12,0,12,42
12/18/2000,ITH,NY,AEA,EN,Federal Contract Tower,7,33,11,0,51,1,5,5,0,11,8,38,16,0,62,64,0,64,126
12/19/2000,ITH,NY,AEA,EN,Federal Contract Tower,8,40,11,0,59,0,3,0,0,3,8,43,11,0,62,0,0,0,62
12/20/2000,ITH,NY,AEA,EN,Federal Contract Tower,8,32,12,0,52,0,0,16,1,17,8,32,28,1,69,62,0,62,131
12/21/2000,ITH,NY,AEA,EN,Federal Contract Tower,8,37,13,0,58,0,1,30,0,31,8,38,43,0,89,58,0,58,147
12/22/2000,ITH,NY,AEA,EN,Federal Contract Tower,7,31,5,0,43,0,6,0,0,6,7,37,5,0,49,0,0,0,49
12/23/2000,ITH,NY,AEA,EN,Federal Contract Tower,6,25,10,0,41,0,0,7,0,7,6,25,17,0,48,0,0,0,48
12/24/2000,ITH,NY,AEA,EN,Federal Contract Tower,4,12,5,0,21,2,0,3,0,5,6,12,8,0,26,10,0,10,36
12/25/2000,ITH,NY,AEA,EN,Federal Contract Tower,3,13,4,0,20,4,0,0,0,4,7,13,4,0,24,0,0,0,24
12/26/2000,ITH,NY,AEA,EN,Federal Contract Tower,7,27,12,0,46,1,0,5,0,6,8,27,17,0,52,76,0,76,128
12/27/2000,ITH,NY,AEA,EN,Federal Contract Tower,8,36,12,0,56,0,0,8,0,8,8,36,20,0,64,110,0,110,174
12/28/2000,ITH,NY,AEA,EN,Federal Contract Tower,7,32,12,0,51,1,0,10,0,11,8,32,22,0,62,0,0,0,62
12/29/2000,ITH,NY,AEA,EN,Federal Contract Tower,7,33,11,0,51,0,2,20,0,22,7,35,31,0,73,62,0,62,135
12/30/2000,ITH,NY,AEA,EN,Federal Contract Tower,1,4,2,0,7,5,0,3,0,8,6,4,5,0,15,15,0,15,30
12/31/2000,ITH,NY,AEA,EN,Federal Contract Tower,2,12,1,0,15,4,0,0,0,4,6,12,1,0,19,0,0,0,19
01/01/2001,ITH,NY,AEA,EN,Federal Contract Tower,6,17,7,0,30,1,0,4,0,5,7,17,11,0,35,30,0,30,65
01/02/2001,ITH,NY,AEA,EN,Federal Contract Tower,6,29,12,0,47,0,0,7,0,7,6,29,19,0,54,35,0,35,89
01/03/2001,ITH,NY,AEA,EN,Federal Contract Tower,8,34,13,0,55,0,4,8,0,12,8,38,21,0,67,105,0,105,172
01/04/2001,ITH,NY,AEA,EN,Federal Contract Tower,6,34,13,0,53,0,0,31,0,31,6,34,44,0,84,32,0,32,116
01/05/2001,ITH,NY,AEA,EN,Federal Contract Tower,7,27,3,0,37,0,4,0,0,4,7,31,3,0,41,0,0,0,41
01/06/2001,ITH,NY,AEA,EN,Federal Contract Tower,5,20,7,0,32,1,3,18,2,24,6,23,25,2,56,40,0,40,96
01/07/2001,ITH,NY,AEA,EN,Federal Contract Tower,5,18,8,0,31,2,0,23,0,25,7,18,31,0,56,64,0,64,120
01/08/2001,ITH,NY,AEA,EN,Federal Contract Tower,8,39,13,0,60,0,0,5,0,5,8,39,18,0,65,40,0,40,105
01/09/2001,ITH,NY,AEA,EN,Federal Contract Tower,8,31,7,0,46,0,4,0,0,4,8,35,7,0,50,6,0,6,56
01/10/2001,ITH,NY,AEA,EN,Federal Contract Tower,8,34,13,0,55,0,5,7,0,12,8,39,20,0,67,68,0,68,135
01/11/2001,ITH,NY,AEA,EN,Federal Contract Tower,8,37,13,0,58,0,2,36,2,40,8,39,49,2,98,58,0,58,156
01/12/2001,ITH,NY,AEA,EN,Federal Contract Tower,7,32,12,0,51,0,2,36,0,38,7,34,48,0,89,72,0,72,161
01/13/2001,ITH,NY,AEA,EN,Federal Contract Tower,5,15,7,0,27,1,0,97,0,98,6,15,104,0,125,114,0,114,239
01/14/2001,ITH,NY,AEA,EN,Federal Contract Tower,5,17,7,0,29,2,0,28,0,30,7,17,35,0,59,72,0,72,131
01/15/2001,ITH,NY,AEA,EN,Federal Contract Tower,8,35,13,0,56,0,0,6,0,6,8,35,19,0,62,18,0,18,80
01/16/2001,ITH,NY,AEA,EN,Federal Contract Tower,8,35,14,0,57,0,0,18,0,18,8,35,32,0,75,68,0,68,143
01/17/2001,ITH,NY,AEA,EN,Federal Contract Tower,8,38,13,0,59,0,2,0,0,2,8,40,13,0,61,64,0,64,125
01/18/2001,ITH,NY,AEA,EN,Federal Contract Tower,8,40,16,0,64,0,0,14,2,16,8,40,30,2,80,58,2,60,140
01/19/2001,ITH,NY,AEA,EN,Federal Contract Tower,4,26,6,0,36,0,5,0,0,5,4,31,6,0,41,0,0,0,41
01/20/2001,ITH,NY,AEA,EN,Federal Contract Tower,4,19,7,0,30,2,0,35,0,37,6,19,42,0,67,48,0,48,115
01/21/2001,ITH,NY,AEA,EN,Federal Contract Tower,4,18,7,0,29,3,0,30,0,33,7,18,37,0,62,59,0,59,121
01/22/2001,ITH,NY,AEA,EN,Federal Contract Tower,8,37,13,0,58,0,0,42,0,42,8,37,55,0,100,75,0,75,175
01/23/2001,ITH,NY,AEA,EN,Federal Contract Tower,7,34,11,0,52,1,4,15,0,20,8,38,26,0,72,115,0,115,187
01/24/2001,ITH,NY,AEA,EN,Federal Contract Tower,7,34,11,1,53,1,0,10,1,12,8,34,21,2,65,79,0,79,144
01/25/2001,ITH,NY,AEA,EN,Federal Contract Tower,7,35,10,0,52,1,3,0,0,4,8,38,10,0,56,0,0,0,56
01/26/2001,ITH,NY,AEA,EN,Federal Contract Tower,6,29,10,0,45,1,3,15,0,19,7,32,25,0,64,78,0,78,142
01/27/2001,ITH,NY,AEA,EN,Federal Contract Tower,4,21,6,0,31,2,0,0,0,2,6,21,6,0,33,0,0,0,33
01/28/2001,ITH,NY,AEA,EN,Federal Contract Tower,5,19,8,0,32,2,0,56,0,58,7,19,64,0,90,65,0,65,155
01/29/2001,ITH,NY,AEA,EN,Federal Contract Tower,8,41,15,0,64,0,1,61,0,62,8,42,76,0,126,115,0,115,241
01/30/2001,ITH,NY,AEA,EN,Federal Contract Tower,8,36,10,0,54,0,2,0,0,2,8,38,10,0,56,46,0,46,102
01/31/2001,ITH,NY,AEA,EN,Federal Contract Tower,6,34,11,0,51,0,4,0,0,4,6,38,11,0,55,28,0,28,83
02/01/2001,ITH,NY,AEA,EN,Federal Contract Tower,7,39,14,0,60,0,1,6,0,7,7,40,20,0,67,40,0,40,107
02/02/2001,ITH,NY,AEA,EN,Federal Contract Tower,7,34,10,0,51,0,3,0,0,3,7,37,10,0,54,24,0,24,78
02/03/2001,ITH,NY,AEA,EN,Federal Contract Tower,5,18,6,0,29,1,0,30,0,31,6,18,36,0,60,20,0,20,80
02/04/2001,ITH,NY,AEA,EN,Federal Contract Tower,6,22,9,0,37,1,0,57,0,58,7,22,66,0,95,68,0,68,163
02/05/2001,ITH,NY,AEA,EN,Federal Contract Tower,8,37,13,0,58,0,0,4,0,4,8,37,17,0,62,0,0,0,62
02/06/2001,ITH,NY,AEA,EN,Federal Contract Tower,8,34,12,0,54,0,0,5,0,5,8,34,17,0,59,44,0,44,103
02/07/2001,ITH,NY,AEA,EN,Federal Contract Tower,8,40,15,0,63,0,0,9,0,9,8,40,24,0,72,68,0,68,140
02/08/2001,ITH,NY,AEA,EN,Federal Contract Tower,8,38,14,0,60,0,0,6,0,6,8,38,20,0,66,40,0,40,106
02/09/2001,ITH,NY,AEA,EN,Federal Contract Tower,5,35,12,0,52,0,0,6,0,6,5,35,18,0,58,15,0,15,73
02/10/2001,ITH,NY,AEA,EN,Federal Contract Tower,4,17,2,0,23,3,1,0,0,4,7,18,2,0,27,0,0,0,27
02/11/2001,ITH,NY,AEA,EN,Federal Contract Tower,6,23,9,0,38,2,0,45,0,47,8,23,54,0,85,72,0,72,157
02/12/2001,ITH,NY,AEA,EN,Federal Contract Tower,8,44,15,0,67,0,0,35,0,35,8,44,50,0,102,35,0,35,137
02/13/2001,ITH,NY,AEA,EN,Federal Contract Tower,8,38,11,0,57,0,6,13,5,24,8,44,24,5,81,98,0,98,179
02/14/2001,ITH,NY,AEA,EN,Federal Contract Tower,8,37,12,0,57,0,0,8,0,8,8,37,20,0,65,0,0,0,65
02/15/2001,ITH,NY,AEA,EN,Federal Contract Tower,8,41,14,0,63,0,0,6,0,6,8,41,20,0,69,0,0,0,69
02/16/2001,ITH,NY,AEA,EN,Federal Contract Tower,5,37,11,0,53,0,4,0,0,4,5,41,11,0,57,4,0,4,61
02/17/2001,ITH,NY,AEA,EN,Federal Contract Tower,3,17,2,0,22,3,0,0,0,3,6,17,2,0,25,0,0,0,25
02/18/2001,ITH,NY,AEA,EN,Federal Contract Tower,4,22,8,0,34,4,1,23,0,28,8,23,31,0,62,53,0,53,115
02/19/2001,ITH,NY,AEA,EN,Federal Contract Tower,8,40,14,0,62,0,5,10,0,15,8,45,24,0,77,12,0,12,89
02/20/2001,ITH,NY,AEA,EN,Federal Contract Tower,8,42,14,0,64,0,4,17,0,21,8,46,31,0,85,62,0,62,147
02/21/2001,ITH,NY,AEA,EN,Federal Contract Tower,9,44,10,0,63,1,3,0,0,4,10,47,10,0,67,0,0,0,67
02/22/2001,ITH,NY,AEA,EN,Federal Contract Tower,8,44,14,0,66,0,0,11,0,11,8,44,25,0,77,20,0,20,97
02/23/2001,ITH,NY,AEA,EN,Federal Contract Tower,7,35,8,0,50,0,4,0,0,4,7,39,8,0,54,0,0,0,54
02/24/2001,ITH,NY,AEA,EN,Federal Contract Tower,4,16,7,0,27,4,0,62,0,66,8,16,69,0,93,92,0,92,185
02/25/2001,ITH,NY,AEA,EN,Federal Contract Tower,3,15,1,0,19,3,1,0,0,4,6,16,1,0,23,2,0,2,25
02/26/2001,ITH,NY,AEA,EN,Federal Contract Tower,8,37,12,0,57,0,0,1,0,1,8,37,13,0,58,26,0,26,84
02/27/2001,ITH,NY,AEA,EN,Federal Contract Tower,8,35,12,0,55,0,0,9,0,9,8,35,21,0,64,2,0,2,66
02/28/2001,ITH,NY,AEA,EN,Federal Contract Tower,7,37,12,0,56,1,1,2,0,4,8,38,14,0,60,30,0,30,90
03/01/2001,ITH,NY,AEA,EN,Federal Contract Tower,8,30,12,0,50,0,3,0,0,3,8,33,12,0,53,30,0,30,83
03/02/2001,ITH,NY,AEA,EN,Federal Contract Tower,8,27,12,0,47,0,1,0,0,1,8,28,12,0,48,0,0,0,48
03/03/2001,ITH,NY,AEA,EN,Federal Contract Tower,5,17,9,0,31,2,1,6,0,9,7,18,15,0,40,16,0,16,56
03/04/2001,ITH,NY,AEA,EN,Federal Contract Tower,6,9,11,0,26,2,0,60,0,62,8,9,71,0,88,74,0,74,162
03/05/2001,ITH,NY,AEA,EN,Federal Contract Tower,2,2,4,0,8,4,0,1,0,5,6,2,5,0,13,0,0,0,13
03/06/2001,ITH,NY,AEA,EN,Federal Contract Tower,0,0,1,0,1,0,0,6,0,6,0,0,7,0,7,0,0,0,7
03/07/2001,ITH,NY,AEA,EN,Federal Contract Tower,6,35,18,0,59,0,0,29,0,29,6,35,47,0,88,73,0,73,161
03/08/2001,ITH,NY,AEA,EN,Federal Contract Tower,7,32,19,0,58,0,0,21,0,21,7,32,40,0,79,68,0,68,147
03/09/2001,ITH,NY,AEA,EN,Federal Contract Tower,6,32,18,0,56,0,0,8,0,8,6,32,26,0,64,0,0,0,64
03/10/2001,ITH,NY,AEA,EN,Federal Contract Tower,5,18,9,0,32,1,2,26,0,29,6,20,35,0,61,56,0,56,117
03/11/2001,ITH,NY,AEA,EN,Federal Contract Tower,5,16,8,0,29,2,1,0,0,3,7,17,8,0,32,10,0,10,42
03/12/2001,ITH,NY,AEA,EN,Federal Contract Tower,8,31,14,0,53,0,7,28,0,35,8,38,42,0,88,52,0,52,140
03/13/2001,ITH,NY,AEA,EN,Federal Contract Tower,8,29,14,0,51,0,4,2,0,6,8,33,16,0,57,14,0,14,71
03/14/2001,ITH,NY,AEA,EN,Federal Contract Tower,8,35,17,0,60,0,4,4,0,8,8,39,21,0,68,48,0,48,116
03/15/2001,ITH,NY,AEA,EN,Federal Contract Tower,8,37,18,0,63,0,0,2,0,2,8,37,20,0,65,62,0,62,127
03/16/2001,ITH,NY,AEA,EN,Federal Contract Tower,8,39,19,0,66,0,0,6,0,6,8,39,25,0,72,32,0,32,104
03/17/2001,ITH,NY,AEA,EN,Federal Contract Tower,5,17,6,0,28,1,1,0,0,2,6,18,6,0,30,0,0,0,30
03/18/2001,ITH,NY,AEA,EN,Federal Contract Tower,6,21,11,0,38,1,0,52,0,53,7,21,63,0,91,74,0,74,165
03/19/2001,ITH,NY,AEA,EN,Federal Contract Tower,7,30,14,0,51,1,9,56,0,66,8,39,70,0,117,108,0,108,225
03/20/2001,ITH,NY,AEA,EN,Federal Contract Tower,8,36,16,0,60,0,4,34,0,38,8,40,50,0,98,102,0,102,200
03/21/2001,ITH,NY,AEA,EN,Federal Contract Tower,8,31,17,0,56,0,0,17,0,17,8,31,34,0,73,74,0,74,147
03/22/2001,ITH,NY,AEA,EN,Federal Contract Tower,6,26,7,0,39,2,3,0,0,5,8,29,7,0,44,0,0,0,44
03/23/2001,ITH,NY,AEA,EN,Federal Contract Tower,7,31,15,0,53,1,3,13,0,17,8,34,28,0,70,48,0,48,118
03/24/2001,ITH,NY,AEA,EN,Federal Contract Tower,5,19,9,0,33,1,0,31,0,32,6,19,40,0,65,64,0,64,129
03/25/2001,ITH,NY,AEA,EN,Federal Contract Tower,6,23,13,0,42,1,0,35,0,36,7,23,48,0,78,70,0,70,148
03/26/2001,ITH,NY,AEA,EN,Federal Contract Tower,7,31,15,0,53,1,4,20,0,25,8,35,35,0,78,62,0,62,140
03/27/2001,ITH,NY,AEA,EN,Federal Contract Tower,8,38,18,0,64,0,0,23,0,23,8,38,41,0,87,96,0,96,183
03/28/2001,ITH,NY,AEA,EN,Federal Contract Tower,8,32,15,0,55,0,6,17,0,23,8,38,32,0,78,94,0,94,172
03/29/2001,ITH,NY,AEA,EN,Federal Contract Tower,8,34,17,0,59,0,4,26,0,30,8,38,43,0,89,70,0,70,159
03/30/2001,ITH,NY,AEA,EN,Federal Contract Tower,6,25,13,0,44,2,0,0,0,2,8,25,13,0,46,0,0,0,46
03/31/2001,ITH,NY,AEA,EN,Federal Contract Tower,5,21,11,0,37,2,0,0,0,2,7,21,11,0,39,0,0,0,39
04/01/2001,ITH,NY,AEA,EN,Federal Contract Tower,7,17,16,0,40,0,0,5,0,5,7,17,21,0,45,49,0,49,94
04/02/2001,ITH,NY,AEA,EN,Federal Contract Tower,8,36,4,0,48,0,0,2,0,2,8,36,6,0,50,0,0,0,50
04/03/2001,ITH,NY,AEA,EN,Federal Contract Tower,8,39,12,0,59,0,1,43,0,44,8,40,55,0,103,151,0,151,254
04/04/2001,ITH,NY,AEA,EN,Federal Contract Tower,8,31,14,0,53,0,3,37,4,44,8,34,51,4,97,122,0,122,219
04/05/2001,ITH,NY,AEA,EN,Federal Contract Tower,8,38,19,0,65,0,0,43,0,43,8,38,62,0,108,108,0,108,216
04/06/2001,ITH,NY,AEA,EN,Federal Contract Tower,8,33,27,1,69,0,0,3,7,10,8,33,30,8,79,15,4,19,98
04/07/2001,ITH,NY,AEA,EN,Federal Contract Tower,4,15,15,0,34,0,17,1,0,18,4,32,16,0,52,28,0,28,80
04/08/2001,ITH,NY,AEA,EN,Federal Contract Tower,7,18,12,0,37,0,0,21,0,21,7,18,33,0,58,46,0,46,104
04/09/2001,ITH,NY,AEA,EN,Federal Contract Tower,8,28,8,0,44,0,0,32,3,35,8,28,40,3,79,48,2,50,129
04/10/2001,ITH,NY,AEA,EN,Federal Contract Tower,8,32,10,1,51,0,2,45,4,51,8,34,55,5,102,132,14,146,248
04/11/2001,ITH,NY,AEA,EN,Federal Contract Tower,8,37,21,0,66,0,0,5,0,5,8,37,26,0,71,92,0,92,163
04/12/2001,ITH,NY,AEA,EN,Federal Contract Tower,8,28,24,0,60,0,0,12,0,12,8,28,36,0,72,12,0,12,84
04/13/2001,ITH,NY,AEA,EN,Federal Contract Tower,8,32,23,0,63,0,0,7,0,7,8,32,30,0,70,13,0,13,83
04/14/2001,ITH,NY,AEA,EN,Federal Contract Tower,6,18,9,0,33,0,0,69,0,69,6,18,78,0,102,64,0,64,166
04/15/2001,ITH,NY,AEA,EN,Federal Contract Tower,5,15,20,0,40,0,0,16,1,17,5,15,36,1,57,41,1,42,99
04/16/2001,ITH,NY,AEA,EN,Federal Contract Tower,8,35,16,0,59,0,0,37,0,37,8,35,53,0,96,58,0,58,154
04/17/2001,ITH,NY,AEA,EN,Federal Contract Tower,8,34,11,0,53,0,2,12,0,14,8,36,23,0,67,48,0,48,115
04/18/2001,ITH,NY,AEA,EN,Federal Contract Tower,8,36,4,0,48,0,2,17,2,21,8,38,21,2,69,52,0,52,121
04/19/2001,ITH,NY,AEA,EN,Federal Contract Tower,8,37,15,0,60,0,0,48,0,48,8,37,63,0,108,118,5,123,231
04/20/2001,ITH,NY,AEA,EN,Federal Contract Tower,8,34,20,0,62,0,2,41,0,43,8,36,61,0,105,96,0,96,201
04/21/2001,ITH,NY,AEA,EN,Federal Contract Tower,6,15,17,0,38,0,0,59,0,59,6,15,76,0,97,158,0,158,255
04/22/2001,ITH,NY,AEA,EN,Federal Contract Tower,7,19,7,0,33,0,0,58,0,58,7,19,65,0,91,95,0,95,186
04/23/2001,ITH,NY,AEA,EN,Federal Contract Tower,8,39,17,0,64,0,0,79,0,79,8,39,96,0,143,80,0,80,223
04/24/2001,ITH,NY,AEA,EN,Federal Contract Tower,8,41,16,0,65,0,0,14,0,14,8,41,30,0,79,62,0,62,141
04/25/2001,ITH,NY,AEA,EN,Federal Contract Tower,8,41,15,0,64,0,0,32,0,32,8,41,47,0,96,109,0,109,205
04/26/2001,ITH,NY,AEA,EN,Federal Contract Tower,8,40,17,0,65,0,7,56,0,63,8,47,73,0,128,127,0,127,255
04/27/2001,ITH,NY,AEA,EN,Federal Contract Tower,8,42,15,0,65,0,0,21,0,21,8,42,36,0,86,73,0,73,159
04/28/2001,ITH,NY,AEA,EN,Federal Contract Tower,6,24,15,0,45,0,0,89,0,89,6,24,104,0,134,0,0,0,134
04/29/2001,ITH,NY,AEA,EN,Federal Contract Tower,7,25,17,0,49,0,0,96,2,98,7,25,113,2,147,152,2,154,301
04/30/2001,ITH,NY,AEA,EN,Federal Contract Tower,8,40,8,0,56,0,0,42,0,42,8,40,50,0,98,93,0,93,191
05/01/2001,ITH,NY,AEA,EN,Federal Contract Tower,8,41,6,0,55,0,0,28,0,28,8,41,34,0,83,79,0,79,162
05/02/2001,ITH,NY,AEA,EN,Federal Contract Tower,8,42,16,0,66,0,0,25,3,28,8,42,41,3,94,77,2,79,173
05/03/2001,ITH,NY,AEA,EN,Federal Contract Tower,8,39,13,0,60,0,0,48,0,48,8,39,61,0,108,98,0,98,206
05/04/2001,ITH,NY,AEA,EN,Federal Contract Tower,7,37,16,0,60,0,0,67,0,67,7,37,83,0,127,96,0,96,223
05/05/2001,ITH,NY,AEA,EN,Federal Contract Tower,6,24,12,0,42,0,0,63,0,63,6,24,75,0,105,92,0,92,197
05/06/2001,ITH,NY,AEA,EN,Federal Contract Tower,7,27,13,0,47,0,0,98,0,98,7,27,111,0,145,163,0,163,308
05/07/2001,ITH,NY,AEA,EN,Federal Contract Tower,8,42,16,0,66,0,0,59,0,59,8,42,75,0,125,65,0,65,190
05/08/2001,ITH,NY,AEA,EN,Federal Contract Tower,8,35,19,0,62,0,0,13,0,13,8,35,32,0,75,52,0,52,127
05/09/2001,ITH,NY,AEA,EN,Federal Contract Tower,8,41,24,0,73,0,2,22,0,24,8,43,46,0,97,92,0,92,189
05/10/2001,ITH,NY,AEA,EN,Federal Contract Tower,8,42,15,0,65,0,0,33,0,33,8,42,48,0,98,163,0,163,261
05/11/2001,ITH,NY,AEA,EN,Federal Contract Tower,7,33,14,0,54,0,0,32,0,32,7,33,46,0,86,98,0,98,184
05/12/2001,ITH,NY,AEA,EN,Federal Contract Tower,6,25,7,0,38,0,0,0,0,0,6,25,7,0,38,0,0,0,38
05/13/2001,ITH,NY,AEA,EN,Federal Contract Tower,7,25,15,0,47,0,0,183,1,184,7,25,198,1,231,73,1,74,305
05/14/2001,ITH,NY,AEA,EN,Federal Contract Tower,8,36,16,0,60,0,0,55,0,55,8,36,71,0,115,66,0,66,181
05/15/2001,ITH,NY,AEA,EN,Federal Contract Tower,8,40,9,0,57,0,0,39,0,39,8,40,48,0,96,64,0,64,160
05/16/2001,ITH,NY,AEA,EN,Federal Contract Tower,7,40,21,0,68,0,0,74,0,74,7,40,95,0,142,125,0,125,267
05/17/2001,ITH,NY,AEA,EN,Federal Contract Tower,8,42,29,0,79,0,0,0,0,0,8,42,29,0,79,9,0,9,88
05/18/2001,ITH,NY,AEA,EN,Federal Contract Tower,7,42,21,0,70,0,0,0,0,0,7,42,21,0,70,0,0,0,70
05/19/2001,ITH,NY,AEA,EN,Federal Contract Tower,6,23,7,0,36,0,0,71,0,71,6,23,78,0,107,94,0,94,201
05/20/2001,ITH,NY,AEA,EN,Federal Contract Tower,7,23,18,0,48,0,0,89,0,89,7,23,107,0,137,81,0,81,218
05/21/2001,ITH,NY,AEA,EN,Federal Contract Tower,8,38,19,0,65,0,0,19,0,19,8,38,38,0,84,26,2,28,112
05/22/2001,ITH,NY,AEA,EN,Federal Contract Tower,8,35,23,0,66,0,0,5,0,5,8,35,28,0,71,0,0,0,71
05/23/2001,ITH,NY,AEA,EN,Federal Contract Tower,8,41,14,0,63,0,1,27,0,28,8,42,41,0,91,52,0,52,143
05/24/2001,ITH,NY,AEA,EN,Federal Contract Tower,8,37,41,2,88,0,0,40,0,40,8,37,81,2,128,101,2,103,231
05/25/2001,ITH,NY,AEA,EN,Federal Contract Tower,6,40,42,0,88,0,0,41,0,41,6,40,83,0,129,60,0,60,189
05/26/2001,ITH,NY,AEA,EN,Federal Contract Tower,6,23,28,2,59,0,0,16,0,16,6,23,44,2,75,22,0,22,97
05/27/2001,ITH,NY,AEA,EN,Federal Contract Tower,7,19,27,0,53,0,0,40,0,40,7,19,67,0,93,54,0,54,147
05/28/2001,ITH,NY,AEA,EN,Federal Contract Tower,8,27,21,0,56,0,0,21,8,29,8,27,42,8,85,56,0,56,141
05/29/2001,ITH,NY,AEA,EN,Federal Contract Tower,8,42,30,0,80,0,0,31,2,33,8,42,61,2,113,42,2,44,157
05/30/2001,ITH,NY,AEA,EN,Federal Contract Tower,8,41,24,0,73,0,1,19,0,20,8,42,43,0,93,75,0,75,168
05/31/2001,ITH,NY,AEA,EN,Federal Contract Tower,8,44,9,0,61,0,0,60,0,60,8,44,69,0,121,115,0,115,236
06/01/2001,ITH,NY,AEA,EN,Federal Contract Tower,7,39,17,0,63,0,6,43,0,49,7,45,60,0,112,47,0,47,159
06/02/2001,ITH,NY,AEA,EN,Federal Contract Tower,6,23,14,0,43,0,0,27,0,27,6,23,41,0,70,29,0,29,99
06/03/2001,ITH,NY,AEA,EN,Federal Contract Tower,6,23,20,0,49,0,0,19,0,19,6,23,39,0,68,48,0,48,116
06/04/2001,ITH,NY,AEA,EN,Federal Contract Tower,8,43,18,0,69,0,0,26,0,26,8,43,44,0,95,55,0,55,150
06/05/2001,ITH,NY,AEA,EN,Federal Contract Tower,8,40,21,0,69,0,0,19,2,21,8,40,40,2,90,108,0,108,198
06/06/2001,ITH,NY,AEA,EN,Federal Contract Tower,8,43,17,0,68,0,1,76,2,79,8,44,93,2,147,114,0,114,261
06/07/2001,ITH,NY,AEA,EN,Federal Contract Tower,8,42,29,0,79,0,0,44,0,44,8,42,73,0,123,160,0,160,283
06/08/2001,ITH,NY,AEA,EN,Federal Contract Tower,7,37,30,0,74,0,0,50,0,50,7,37,80,0,124,105,0,105,229
06/09/2001,ITH,NY,AEA,EN,Federal Contract Tower,7,28,14,0,49,0,0,50,0,50,7,28,64,0,99,84,0,84,183
06/10/2001,ITH,NY,AEA,EN,Federal Contract Tower,7,26,16,0,49,0,0,97,0,97,7,26,113,0,146,123,0,123,269
06/11/2001,ITH,NY,AEA,EN,Federal Contract Tower,8,42,23,0,73,0,0,24,0,24,8,42,47,0,97,23,0,23,120
06/12/2001,ITH,NY,AEA,EN,Federal Contract Tower,8,33,20,0,61,0,0,17,0,17,8,33,37,0,78,71,0,71,149
06/13/2001,ITH,NY,AEA,EN,Federal Contract Tower,7,38,23,0,68,0,0,46,0,46,7,38,69,0,114,70,0,70,184
06/14/2001,ITH,NY,AEA,EN,Federal Contract Tower,8,32,24,0,64,0,0,56,0,56,8,32,80,0,120,82,0,82,202
06/15/2001,ITH,NY,AEA,EN,Federal Contract Tower,7,34,22,0,63,0,0,62,0,62,7,34,84,0,125,96,0,96,221
06/16/2001,ITH,NY,AEA,EN,Federal Contract Tower,6,25,7,0,38,0,0,20,0,20,6,25,27,0,58,36,0,36,94
06/17/2001,ITH,NY,AEA,EN,Federal Contract Tower,7,24,9,2,42,0,0,79,0,79,7,24,88,2,121,66,0,66,187
06/18/2001,ITH,NY,AEA,EN,Federal Contract Tower,8,32,8,0,48,0,0,17,0,17,8,32,25,0,65,40,0,40,105
06/19/2001,ITH,NY,AEA,EN,Federal Contract Tower,8,38,16,0,62,0,0,29,0,29,8,38,45,0,91,67,0,67,158
06/20/2001,ITH,NY,AEA,EN,Federal Contract Tower,8,35,12,0,55,0,0,25,0,25,8,35,37,0,80,95,0,95,175
06/21/2001,ITH,NY,AEA,EN,Federal Contract Tower,6,32,16,0,54,0,0,0,0,0,6,32,16,0,54,3,0,3,57
06/22/2001,ITH,NY,AEA,EN,Federal Contract Tower,7,34,15,0,56,0,0,12,0,12,7,34,27,0,68,58,0,58,126
06/23/2001,ITH,NY,AEA,EN,Federal Contract Tower,6,26,16,0,48,0,0,0,0,0,6,26,16,0,48,0,0,0,48
06/24/2001,ITH,NY,AEA,EN,Federal Contract Tower,7,24,13,0,44,0,0,71,0,71,7,24,84,0,115,67,0,67,182
06/25/2001,ITH,NY,AEA,EN,Federal Contract Tower,8,33,18,0,59,0,0,65,1,66,8,33,83,1,125,75,0,75,200
06/26/2001,ITH,NY,AEA,EN,Federal Contract Tower,8,36,25,1,70,0,0,96,1,97,8,36,121,2,167,88,0,88,255
06/27/2001,ITH,NY,AEA,EN,Federal Contract Tower,8,34,30,0,72,0,2,124,2,128,8,36,154,2,200,83,2,85,285
06/28/2001,ITH,NY,AEA,EN,Federal Contract Tower,8,37,30,0,75,0,1,91,0,92,8,38,121,0,167,136,0,136,303
06/29/2001,ITH,NY,AEA,EN,Federal Contract Tower,8,37,34,0,79,0,1,19,0,20,8,38,53,0,99,99,0,99,198
06/30/2001,ITH,NY,AEA,EN,Federal Contract Tower,7,21,13,0,41,0,0,21,0,21,7,21,34,0,62,52,0,52,114
07/01/2001,ITH,NY,AEA,EN,Federal Contract Tower,4,9,8,0,21,1,0,3,0,4,5,9,11,0,25,7,0,7,32
07/02/2001,ITH,NY,AEA,EN,Federal Contract Tower,5,29,14,0,48,1,0,7,0,8,6,29,21,0,56,45,0,45,101
07/03/2001,ITH,NY,AEA,EN,Federal Contract Tower,6,29,8,0,43,0,1,23,0,24,6,30,31,0,67,41,0,41,108
07/04/2001,ITH,NY,AEA,EN,Federal Contract Tower,6,20,6,0,32,0,1,46,0,47,6,21,52,0,79,36,0,36,115
07/05/2001,ITH,NY,AEA,EN,Federal Contract Tower,6,31,20,0,57,0,0,34,0,34,6,31,54,0,91,33,0,33,124
07/06/2001,ITH,NY,AEA,EN,Federal Contract Tower,6,38,22,0,66,0,0,36,0,36,6,38,58,0,102,45,0,45,147
07/07/2001,ITH,NY,AEA,EN,Federal Contract Tower,6,21,14,0,41,0,0,30,0,30,6,21,44,0,71,98,0,98,169
07/08/2001,ITH,NY,AEA,EN,Federal Contract Tower,7,19,12,2,40,0,0,9,0,9,7,19,21,2,49,54,0,54,103
07/09/2001,ITH,NY,AEA,EN,Federal Contract Tower,7,29,13,0,49,0,0,80,0,80,7,29,93,0,129,81,0,81,210
07/10/2001,ITH,NY,AEA,EN,Federal Contract Tower,8,36,7,0,51,0,0,43,0,43,8,36,50,0,94,70,0,70,164
07/11/2001,ITH,NY,AEA,EN,Federal Contract Tower,8,34,27,0,69,0,0,18,2,20,8,34,45,2,89,62,2,64,153
07/12/2001,ITH,NY,AEA,EN,Federal Contract Tower,8,37,26,1,72,0,2,26,1,29,8,39,52,2,101,112,2,114,215
07/13/2001,ITH,NY,AEA,EN,Federal Contract Tower,5,32,27,0,64,0,2,28,0,30,5,34,55,0,94,159,0,159,253
07/14/2001,ITH,NY,AEA,EN,Federal Contract Tower,6,21,28,0,55,0,0,52,0,52,6,21,80,0,107,94,0,94,201
07/15/2001,ITH,NY,AEA,EN,Federal Contract Tower,7,18,16,0,41,0,0,49,0,49,7,18,65,0,90,76,0,76,166
07/16/2001,ITH,NY,AEA,EN,Federal Contract Tower,8,41,11,0,60,0,0,22,2,24,8,41,33,2,84,53,0,53,137
07/17/2001,ITH,NY,AEA,EN,Federal Contract Tower,7,37,19,0,63,0,0,9,0,9,7,37,28,0,72,39,0,39,111
07/18/2001,ITH,NY,AEA,EN,Federal Contract Tower,7,39,20,0,66,0,0,52,0,52,7,39,72,0,118,62,0,62,180
07/19/2001,ITH,NY,AEA,EN,Federal Contract Tower,8,41,20,0,69,0,0,51,0,51,8,41,71,0,120,95,0,95,215
07/20/2001,ITH,NY,AEA,EN,Federal Contract Tower,8,45,26,0,79,0,0,31,0,31,8,45,57,0,110,103,0,103,213
07/21/2001,ITH,NY,AEA,EN,Federal Contract Tower,7,24,8,0,39,0,0,66,0,66,7,24,74,0,105,96,0,96,201
07/22/2001,ITH,NY,AEA,EN,Federal Contract Tower,7,21,20,0,48,0,0,65,0,65,7,21,85,0,113,76,0,76,189
07/23/2001,ITH,NY,AEA,EN,Federal Contract Tower,8,38,17,0,63,0,0,30,0,30,8,38,47,0,93,34,0,34,127
07/24/2001,ITH,NY,AEA,EN,Federal Contract Tower,7,37,17,0,61,0,0,10,0,10,7,37,27,0,71,28,0,28,99
07/25/2001,ITH,NY,AEA,EN,Federal Contract Tower,8,40,16,0,64,0,0,66,0,66,8,40,82,0,130,82,0,82,212
07/26/2001,ITH,NY,AEA,EN,Federal Contract Tower,8,39,16,0,63,0,1,36,1,38,8,40,52,1,101,86,2,88,189
07/27/2001,ITH,NY,AEA,EN,Federal Contract Tower,8,40,19,0,67,0,0,34,0,34,8,40,53,0,101,75,0,75,176
07/28/2001,ITH,NY,AEA,EN,Federal Contract Tower,6,26,8,0,40,0,0,93,0,93,6,26,101,0,133,81,0,81,214
07/29/2001,ITH,NY,AEA,EN,Federal Contract Tower,7,18,9,0,34,0,0,27,0,27,7,18,36,0,61,28,0,28,89
07/30/2001,ITH,NY,AEA,EN,Federal Contract Tower,7,37,20,0,64,0,0,34,0,34,7,37,54,0,98,59,0,59,157
07/31/2001,ITH,NY,AEA,EN,Federal Contract Tower,8,40,21,0,69,0,0,18,0,18,8,40,39,0,87,94,0,94,181
08/01/2001,ITH,NY,AEA,EN,Federal Contract Tower,7,34,22,0,63,0,4,45,0,49,7,38,67,0,112,102,0,102,214
08/02/2001,ITH,NY,AEA,EN,Federal Contract Tower,8,41,23,0,72,0,0,16,0,16,8,41,39,0,88,36,0,36,124
08/03/2001,ITH,NY,AEA,EN,Federal Contract Tower,7,39,20,0,66,0,0,8,0,8,7,39,28,0,74,4,0,4,78
08/04/2001,ITH,NY,AEA,EN,Federal Contract Tower,6,26,28,0,60,0,0,28,0,28,6,26,56,0,88,44,0,44,132
08/05/2001,ITH,NY,AEA,EN,Federal Contract Tower,7,24,16,0,47,0,0,26,0,26,7,24,42,0,73,59,0,59,132
08/06/2001,ITH,NY,AEA,EN,Federal Contract Tower,8,32,17,0,57,0,2,37,0,39,8,34,54,0,96,62,0,62,158
08/07/2001,ITH,NY,AEA,EN,Federal Contract Tower,8,40,17,0,65,0,0,47,0,47,8,40,64,0,112,75,0,75,187
08/08/2001,ITH,NY,AEA,EN,Federal Contract Tower,8,38,29,0,75,0,0,59,0,59,8,38,88,0,134,73,0,73,207
08/09/2001,ITH,NY,AEA,EN,Federal Contract Tower,8,42,21,0,71,0,0,44,1,45,8,42,65,1,116,65,1,66,182
08/10/2001,ITH,NY,AEA,EN,Federal Contract Tower,8,35,31,0,74,0,0,20,0,20,8,35,51,0,94,54,0,54,148
08/11/2001,ITH,NY,AEA,EN,Federal Contract Tower,7,24,9,0,40,0,0,53,0,53,7,24,62,0,93,93,8,101,194
08/12/2001,ITH,NY,AEA,EN,Federal Contract Tower,7,17,38,0,62,0,0,11,0,11,7,17,49,0,73,12,0,12,85
08/13/2001,ITH,NY,AEA,EN,Federal Contract Tower,7,20,14,0,41,0,0,49,0,49,7,20,63,0,90,63,1,64,154
08/14/2001,ITH,NY,AEA,EN,Federal Contract Tower,7,22,11,0,40,0,0,30,0,30,7,22,41,0,70,74,0,74,144
08/15/2001,ITH,NY,AEA,EN,Federal Contract Tower,8,25,11,1,45,0,0,44,0,44,8,25,55,1,89,126,1,127,216
08/16/2001,ITH,NY,AEA,EN,Federal Contract Tower,8,24,17,0,49,0,0,12,0,12,8,24,29,0,61,56,0,56,117
08/17/2001,ITH,NY,AEA,EN,Federal Contract Tower,8,23,13,0,44,0,0,35,0,35,8,23,48,0,79,29,0,29,108
08/18/2001,ITH,NY,AEA,EN,Federal Contract Tower,6,13,16,0,35,0,0,51,2,53,6,13,67,2,88,92,0,92,180
08/19/2001,ITH,NY,AEA,EN,Federal Contract Tower,7,12,11,0,30,0,0,19,0,19,7,12,30,0,49,40,0,40,89
08/20/2001,ITH,NY,AEA,EN,Federal Contract Tower,8,22,16,0,46,0,0,12,0,12,8,22,28,0,58,81,0,81,139
08/21/2001,ITH,NY,AEA,EN,Federal Contract Tower,8,22,16,0,46,0,0,19,0,19,8,22,35,0,65,128,0,128,193
08/22/2001,ITH,NY,AEA,EN,Federal Contract Tower,7,22,12,0,41,0,0,50,0,50,7,22,62,0,91,68,0,68,159
08/23/2001,ITH,NY,AEA,EN,Federal Contract Tower,8,22,20,0,50,0,0,24,0,24,8,22,44,0,74,56,0,56,130
08/24/2001,ITH,NY,AEA,EN,Federal Contract Tower,6,22,35,0,63,0,0,23,0,23,6,22,58,0,86,46,0,46,132
08/25/2001,ITH,NY,AEA,EN,Federal Contract Tower,5,19,25,0,49,0,0,51,0,51,5,19,76,0,100,96,0,96,196
08/26/2001,ITH,NY,AEA,EN,Federal Contract Tower,7,12,24,0,43,0,0,12,0,12,7,12,36,0,55,78,0,78,133
08/27/2001,ITH,NY,AEA,EN,Federal Contract Tower,8,17,23,0,48,0,0,18,2,20,8,17,41,2,68,60,0,60,128
08/28/2001,ITH,NY,AEA,EN,Federal Contract Tower,7,22,13,0,42,0,0,30,0,30,7,22,43,0,72,38,0,38,110
08/29/2001,ITH,NY,AEA,EN,Federal Contract Tower,7,21,15,0,43,0,0,47,0,47,7,21,62,0,90,116,0,116,206
08/30/2001,ITH,NY,AEA,EN,Federal Contract Tower,8,23,18,0,49,0,0,22,0,22,8,23,40,0,71,58,0,58,129
08/31/2001,ITH,NY,AEA,EN,Federal Contract Tower,8,26,14,0,48,0,0,7,0,7,8,26,21,0,55,38,0,38,93
09/01/2001,ITH,NY,AEA,EN,Federal Contract Tower,7,17,8,0,32,0,0,8,0,8,7,17,16,0,40,47,0,47,87
09/02/2001,ITH,NY,AEA,EN,Federal Contract Tower,6,8,14,0,28,0,0,67,0,67,6,8,81,0,95,83,0,83,178
09/03/2001,ITH,NY,AEA,EN,Federal Contract Tower,7,16,14,0,37,0,0,28,0,28,7,16,42,0,65,92,0,92,157
09/04/2001,ITH,NY,AEA,EN,Federal Contract Tower,7,24,5,0,36,0,0,33,0,33,7,24,38,0,69,56,0,56,125
09/05/2001,ITH,NY,AEA,EN,Federal Contract Tower,7,21,15,0,43,0,0,71,0,71,7,21,86,0,114,102,0,102,216
09/06/2001,ITH,NY,AEA,EN,Federal Contract Tower,8,24,19,0,51,0,0,66,0,66,8,24,85,0,117,107,0,107,224
09/07/2001,ITH,NY,AEA,EN,Federal Contract Tower,7,22,13,0,42,0,0,60,0,60,7,22,73,0,102,88,0,88,190
09/08/2001,ITH,NY,AEA,EN,Federal Contract Tower,6,20,13,0,39,0,0,39,0,39,6,20,52,0,78,46,0,46,124
09/09/2001,ITH,NY,AEA,EN,Federal Contract Tower,0,19,16,0,35,0,0,36,0,36,0,19,52,0,71,77,0,77,148
09/10/2001,ITH,NY,AEA,EN,Federal Contract Tower,0,27,16,0,43,0,0,28,0,28,0,27,44,0,71,72,0,72,143
09/11/2001,ITH,NY,AEA,EN,Federal Contract Tower,0,13,5,0,18,0,0,2,0,2,0,13,7,0,20,23,0,23,43
09/12/2001,ITH,NY,AEA,EN,Federal Contract Tower,0,0,1,0,1,0,0,2,0,2,0,0,3,0,3,0,0,0,3
09/13/2001,ITH,NY,AEA,EN,Federal Contract Tower,0,2,4,0,6,0,0,0,0,0,0,2,4,0,6,0,0,0,6
09/14/2001,ITH,NY,AEA,EN,Federal Contract Tower,0,15,13,1,29,0,0,0,1,1,0,15,13,2,30,0,0,0,30
09/15/2001,ITH,NY,AEA,EN,Federal Contract Tower,0,23,23,2,48,0,0,0,0,0,0,23,23,2,48,0,2,2,50
09/16/2001,ITH,NY,AEA,EN,Federal Contract Tower,0,22,22,0,44,0,0,0,0,0,0,22,22,0,44,0,0,0,44
09/17/2001,ITH,NY,AEA,EN,Federal Contract Tower,0,27,21,0,48,0,0,0,2,2,0,27,21,2,50,0,22,22,72
09/18/2001,ITH,NY,AEA,EN,Federal Contract Tower,0,35,17,0,52,0,0,0,0,0,0,35,17,0,52,0,0,0,52
09/19/2001,ITH,NY,AEA,EN,Federal Contract Tower,0,30,36,0,66,0,0,0,0,0,0,30,36,0,66,0,0,0,66
09/20/2001,ITH,NY,AEA,EN,Federal Contract Tower,0,32,17,0,49,0,0,1,0,1,0,32,18,0,50,0,0,0,50
09/21/2001,ITH,NY,AEA,EN,Federal Contract Tower,0,32,29,0,61,0,0,61,0,61,0,32,90,0,122,0,0,0,122
09/22/2001,ITH,NY,AEA,EN,Federal Contract Tower,0,21,26,0,47,0,0,46,0,46,0,21,72,0,93,54,0,54,147
09/23/2001,ITH,NY,AEA,EN,Federal Contract Tower,0,20,18,0,38,0,0,34,0,34,0,20,52,0,72,84,0,84,156
09/24/2001,ITH,NY,AEA,EN,Federal Contract Tower,0,29,10,0,39,0,0,19,0,19,0,29,29,0,58,20,0,20,78
09/25/2001,ITH,NY,AEA,EN,Federal Contract Tower,0,27,15,0,42,0,0,4,0,4,0,27,19,0,46,0,0,0,46
09/26/2001,ITH,NY,AEA,EN,Federal Contract Tower,0,26,14,0,40,0,0,61,0,61,0,26,75,0,101,64,0,64,165
09/27/2001,ITH,NY,AEA,EN,Federal Contract Tower,0,26,12,0,38,0,0,74,0,74,0,26,86,0,112,80,0,80,192
09/28/2001,ITH,NY,AEA,EN,Federal Contract Tower,0,26,21,0,47,0,0,27,2,29,0,26,48,2,76,13,2,15,91
09/29/2001,ITH,NY,AEA,EN,Federal Contract Tower,0,20,16,0,36,0,3,51,0,54,0,23,67,0,90,72,0,72,162
09/30/2001,ITH,NY,AEA,EN,Federal Contract Tower,0,13,26,0,39,0,0,30,0,30,0,13,56,0,69,102,0,102,171
10/01/2001,ITH,NY,AEA,EN,Federal Contract Tower,0,23,24,0,47,0,0,15,0,15,0,23,39,0,62,82,2,84,146
10/02/2001,ITH,NY,AEA,EN,Federal Contract Tower,0,26,24,1,51,0,0,40,7,47,0,26,64,8,98,116,12,128,226
10/03/2001,ITH,NY,AEA,EN,Federal Contract Tower,0,25,22,2,49,0,0,45,0,45,0,25,67,2,94,94,2,96,190
10/04/2001,ITH,NY,AEA,EN,Federal Contract Tower,0,24,26,0,50,0,0,60,0,60,0,24,86,0,110,78,0,78,188
10/05/2001,ITH,NY,AEA,EN,Federal Contract Tower,0,26,43,0,69,0,0,21,0,21,0,26,64,0,90,47,0,47,137
10/06/2001,ITH,NY,AEA,EN,Federal Contract Tower,0,17,7,0,24,0,0,6,0,6,0,17,13,0,30,0,0,0,30
10/07/2001,ITH,NY,AEA,EN,Federal Contract Tower,0,21,9,0,30,0,0,11,0,11,0,21,20,0,41,20,0,20,61
10/08/2001,ITH,NY,AEA,EN,Federal Contract Tower,0,25,25,0,50,0,0,9,0,9,0,25,34,0,59,66,0,66,125
10/09/2001,ITH,NY,AEA,EN,Federal Contract Tower,0,26,27,0,53,0,0,36,0,36,0,26,63,0,89,82,0,82,171
10/10/2001,ITH,NY,AEA,EN,Federal Contract Tower,0,28,19,0,47,0,0,64,0,64,0,28,83,0,111,116,0,116,227
10/11/2001,ITH,NY,AEA,EN,Federal Contract Tower,0,25,23,3,51,0,0,72,0,72,0,25,95,3,123,81,4,85,208
10/12/2001,ITH,NY,AEA,EN,Federal Contract Tower,0,26,37,0,63,0,0,45,0,45,0,26,82,0,108,66,0,66,174
10/13/2001,ITH,NY,AEA,EN,Federal Contract Tower,2,23,23,0,48,0,0,81,0,81,2,23,104,0,129,54,0,54,183
10/14/2001,ITH,NY,AEA,EN,Federal Contract Tower,0,20,20,0,40,0,0,3,0,3,0,20,23,0,43,0,0,0,43
10/15/2001,ITH,NY,AEA,EN,Federal Contract Tower,0,25,20,0,45,0,0,20,1,21,0,25,40,1,66,86,0,86,152
10/16/2001,ITH,NY,AEA,EN,Federal Contract Tower,0,29,15,4,48,0,0,8,2,10,0,29,23,6,58,42,18,60,118
10/17/2001,ITH,NY,AEA,EN,Federal Contract Tower,0,29,34,2,65,0,0,12,0,12,0,29,46,2,77,0,2,2,79
10/18/2001,ITH,NY,AEA,EN,Federal Contract Tower,0,27,36,0,63,0,0,69,0,69,0,27,105,0,132,97,0,97,229
10/19/2001,ITH,NY,AEA,EN,Federal Contract Tower,0,28,30,0,58,0,0,68,0,68,0,28,98,0,126,74,0,74,200
10/20/2001,ITH,NY,AEA,EN,Federal Contract Tower,0,24,24,0,48,0,0,117,0,117,0,24,141,0,165,85,0,85,250
10/21/2001,ITH,NY,AEA,EN,Federal Contract Tower,0,20,40,0,60,0,0,49,0,49,0,20,89,0,109,70,0,70,179
10/22/2001,ITH,NY,AEA,EN,Federal Contract Tower,0,26,20,0,46,0,0,25,0,25,0,26,45,0,71,67,0,67,138
10/23/2001,ITH,NY,AEA,EN,Federal Contract Tower,0,26,26,0,52,0,0,42,0,42,0,26,68,0,94,92,0,92,186
10/24/2001,ITH,NY,AEA,EN,Federal Contract Tower,0,26,29,2,57,0,0,20,0,20,0,26,49,2,77,26,0,26,103
10/25/2001,ITH,NY,AEA,EN,Federal Contract Tower,0,25,21,0,46,0,0,2,0,2,0,25,23,0,48,0,0,0,48
10/26/2001,ITH,NY,AEA,EN,Federal Contract Tower,0,25,20,0,45,0,0,0,0,0,0,25,20,0,45,0,0,0,45
10/27/2001,ITH,NY,AEA,EN,Federal Contract Tower,0,28,18,0,46,0,0,2,0,2,0,28,20,0,48,0,0,0,48
10/28/2001,ITH,NY,AEA,EN,Federal Contract Tower,0,20,24,0,44,0,0,34,0,34,0,20,58,0,78,96,0,96,174
10/29/2001,ITH,NY,AEA,EN,Federal Contract Tower,0,23,16,0,39,0,0,54,0,54,0,23,70,0,93,64,0,64,157
10/30/2001,ITH,NY,AEA,EN,Federal Contract Tower,0,28,16,0,44,0,0,52,0,52,0,28,68,0,96,102,0,102,198
10/31/2001,ITH,NY,AEA,EN,Federal Contract Tower,0,26,22,0,48,0,0,14,0,14,0,26,36,0,62,51,0,51,113
11/01/2001,ITH,NY,AEA,EN,Federal Contract Tower,0,27,13,0,40,0,0,36,0,36,0,27,49,0,76,51,0,51,127
11/02/2001,ITH,NY,AEA,EN,Federal Contract Tower,0,26,17,0,43,0,0,13,0,13,0,26,30,0,56,12,0,12,68
11/03/2001,ITH,NY,AEA,EN,Federal Contract Tower,0,26,11,0,37,0,0,88,0,88,0,26,99,0,125,88,0,88,213
11/04/2001,ITH,NY,AEA,EN,Federal Contract Tower,0,20,19,0,39,0,0,69,2,71,0,20,88,2,110,79,0,79,189
11/05/2001,ITH,NY,AEA,EN,Federal Contract Tower,0,25,12,0,37,0,0,0,0,0,0,25,12,0,37,0,0,0,37
11/06/2001,ITH,NY,AEA,EN,Federal Contract Tower,0,29,15,0,44,0,0,71,0,71,0,29,86,0,115,114,0,114,229
11/07/2001,ITH,NY,AEA,EN,Federal Contract Tower,0,27,23,0,50,0,0,57,0,57,0,27,80,0,107,102,0,102,209
11/08/2001,ITH,NY,AEA,EN,Federal Contract Tower,0,30,15,0,45,0,0,47,0,47,0,30,62,0,92,52,0,52,144
11/09/2001,ITH,NY,AEA,EN,Federal Contract Tower,0,28,22,0,50,0,0,40,0,40,0,28,62,0,90,42,0,42,132
11/10/2001,ITH,NY,AEA,EN,Federal Contract Tower,0,25,16,0,41,0,0,69,0,69,0,25,85,0,110,90,0,90,200
11/11/2001,ITH,NY,AEA,EN,Federal Contract Tower,0,19,18,0,37,0,0,14,0,14,0,19,32,0,51,14,0,14,65
11/12/2001,ITH,NY,AEA,EN,Federal Contract Tower,0,23,21,0,44,0,2,30,0,32,0,25,51,0,76,78,0,78,154
11/13/2001,ITH,NY,AEA,EN,Federal Contract Tower,0,29,13,0,42,0,0,73,0,73,0,29,86,0,115,80,0,80,195
11/14/2001,ITH,NY,AEA,EN,Federal Contract Tower,0,28,21,0,49,0,0,73,8,81,0,28,94,8,130,62,0,62,192
11/15/2001,ITH,NY,AEA,EN,Federal Contract Tower,0,26,24,0,50,0,0,45,0,45,0,26,69,0,95,72,0,72,167
11/16/2001,ITH,NY,AEA,EN,Federal Contract Tower,0,27,23,0,50,0,0,22,0,22,0,27,45,0,72,85,0,85,157
11/17/2001,ITH,NY,AEA,EN,Federal Contract Tower,0,24,17,0,41,0,0,86,0,86,0,24,103,0,127,89,0,89,216
11/18/2001,ITH,NY,AEA,EN,Federal Contract Tower,0,20,6,0,26,0,0,72,0,72,0,20,78,0,98,92,0,92,190
11/19/2001,ITH,NY,AEA,EN,Federal Contract Tower,0,26,17,0,43,0,0,27,0,27,0,26,44,0,70,45,0,45,115
11/20/2001,ITH,NY,AEA,EN,Federal Contract Tower,0,27,22,0,49,0,0,32,0,32,0,27,54,0,81,74,0,74,155
11/21/2001,ITH,NY,AEA,EN,Federal Contract Tower,0,30,22,0,52,0,0,54,0,54,0,30,76,0,106,116,0,116,222
11/22/2001,ITH,NY,AEA,EN,Federal Contract Tower,0,24,3,0,27,0,0,18,0,18,0,24,21,0,45,35,0,35,80
11/23/2001,ITH,NY,AEA,EN,Federal Contract Tower,0,18,10,0,28,0,0,75,0,75,0,18,85,0,103,93,0,93,196
11/24/2001,ITH,NY,AEA,EN,Federal Contract Tower,0,20,11,0,31,0,0,11,0,11,0,20,22,0,42,0,2,2,44
11/25/2001,ITH,NY,AEA,EN,Federal Contract Tower,0,26,25,0,51,0,0,0,0,0,0,26,25,0,51,0,0,0,51
11/26/2001,ITH,NY,AEA,EN,Federal Contract Tower,0,27,35,0,62,0,0,19,0,19,0,27,54,0,81,75,0,75,156
11/27/2001,ITH,NY,AEA,EN,Federal Contract Tower,0,28,21,0,49,0,0,28,0,28,0,28,49,0,77,117,0,117,194
11/28/2001,ITH,NY,AEA,EN,Federal Contract Tower,0,24,25,0,49,0,0,0,0,0,0,24,25,0,49,0,0,0,49
11/29/2001,ITH,NY,AEA,EN,Federal Contract Tower,0,27,15,0,42,0,0,0,0,0,0,27,15,0,42,0,0,0,42
11/30/2001,ITH,NY,AEA,EN,Federal Contract Tower,0,27,21,0,48,0,0,1,0,1,0,27,22,0,49,4,0,4,53
12/01/2001,ITH,NY,AEA,EN,Federal Contract Tower,0,25,11,0,36,0,0,55,0,55,0,25,66,0,91,68,0,68,159
12/02/2001,ITH,NY,AEA,EN,Federal Contract Tower,0,21,16,0,37,0,0,42,0,42,0,21,58,0,79,92,0,92,171
12/03/2001,ITH,NY,AEA,EN,Federal Contract Tower,0,26,18,0,44,0,0,54,0,54,0,26,72,0,98,62,0,62,160
12/04/2001,ITH,NY,AEA,EN,Federal Contract Tower,0,28,5,0,33,0,0,59,0,59,0,28,64,0,92,97,0,97,189
12/05/2001,ITH,NY,AEA,EN,Federal Contract Tower,0,28,18,0,46,0,0,37,0,37,0,28,55,0,83,91,0,91,174
12/06/2001,ITH,NY,AEA,EN,Federal Contract Tower,0,28,23,0,51,0,0,9,0,9,0,28,32,0,60,0,0,0,60
12/07/2001,ITH,NY,AEA,EN,Federal Contract Tower,0,28,16,0,44,0,0,57,0,57,0,28,73,0,101,56,0,56,157
12/08/2001,ITH,NY,AEA,EN,Federal Contract Tower,0,24,12,0,36,0,0,27,2,29,0,24,39,2,65,45,0,45,110
12/09/2001,ITH,NY,AEA,EN,Federal Contract Tower,0,19,6,0,25,0,0,11,0,11,0,19,17,0,36,0,0,0,36
12/10/2001,ITH,NY,AEA,EN,Federal Contract Tower,0,28,7,0,35,0,0,34,0,34,0,28,41,0,69,85,0,85,154
12/11/2001,ITH,NY,AEA,EN,Federal Contract Tower,0,28,13,0,41,0,0,44,0,44,0,28,57,0,85,70,0,70,155
12/12/2001,ITH,NY,AEA,EN,Federal Contract Tower,0,28,27,0,55,0,0,41,0,41,0,28,68,0,96,118,0,118,214
12/13/2001,ITH,NY,AEA,EN,Federal Contract Tower,0,28,22,0,50,0,0,33,0,33,0,28,55,0,83,36,0,36,119
12/14/2001,ITH,NY,AEA,EN,Federal Contract Tower,0,26,23,0,49,0,0,0,0,0,0,26,23,0,49,0,0,0,49
12/15/2001,ITH,NY,AEA,EN,Federal Contract Tower,0,21,17,0,38,0,0,15,0,15,0,21,32,0,53,43,0,43,96
12/16/2001,ITH,NY,AEA,EN,Federal Contract Tower,0,20,12,0,32,0,0,30,0,30,0,20,42,0,62,38,0,38,100
12/17/2001,ITH,NY,AEA,EN,Federal Contract Tower,0,27,12,0,39,0,0,0,0,0,0,27,12,0,39,0,0,0,39
12/18/2001,ITH,NY,AEA,EN,Federal Contract Tower,0,32,12,0,44,0,0,0,0,0,0,32,12,0,44,0,0,0,44
12/19/2001,ITH,NY,AEA,EN,Federal Contract Tower,0,31,16,0,47,0,0,35,0,35,0,31,51,0,82,76,0,76,158
12/20/2001,ITH,NY,AEA,EN,Federal Contract Tower,0,29,16,0,45,0,0,6,0,6,0,29,22,0,51,39,0,39,90
12/21/2001,ITH,NY,AEA,EN,Federal Contract Tower,0,28,19,0,47,0,0,8,0,8,0,28,27,0,55,52,0,52,107
12/22/2001,ITH,NY,AEA,EN,Federal Contract Tower,0,24,16,0,40,0,0,65,0,65,0,24,81,0,105,89,0,89,194
12/23/2001,ITH,NY,AEA,EN,Federal Contract Tower,0,16,9,0,25,0,0,22,0,22,0,16,31,0,47,52,0,52,99
12/24/2001,ITH,NY,AEA,EN,Federal Contract Tower,0,22,2,0,24,0,0,34,0,34,0,22,36,0,58,64,0,64,122
12/25/2001,ITH,NY,AEA,EN,Federal Contract Tower,0,20,4,0,24,0,0,4,0,4,0,20,8,0,28,12,0,12,40
12/26/2001,ITH,NY,AEA,EN,Federal Contract Tower,0,28,14,0,42,0,0,48,0,48,0,28,62,0,90,94,0,94,184
12/27/2001,ITH,NY,AEA,EN,Federal Contract Tower,0,28,11,0,39,0,0,17,0,17,0,28,28,0,56,33,0,33,89
12/28/2001,ITH,NY,AEA,EN,Federal Contract Tower,0,28,3,0,31,0,0,12,0,12,0,28,15,0,43,16,0,16,59
12/29/2001,ITH,NY,AEA,EN,Federal Contract Tower,0,22,8,0,30,0,0,13,0,13,0,22,21,0,43,25,0,25,68
12/30/2001,ITH,NY,AEA,EN,Federal Contract Tower,0,20,12,0,32,0,0,5,0,5,0,20,17,0,37,19,0,19,56
12/31/2001,ITH,NY,AEA,EN,Federal Contract Tower,0,23,4,0,27,0,0,6,0,6,0,23,10,0,33,26,0,26,59
01/01/2002,ITH,NY,AEA,EN,Federal Contract Tower,0,17,13,0,30,0,1,1,0,2,0,18,14,0,32,0,0,0,32
01/02/2002,ITH,NY,AEA,EN,Federal Contract Tower,0,25,19,0,44,0,4,39,0,43,0,29,58,0,87,84,0,84,171
01/03/2002,ITH,NY,AEA,EN,Federal Contract Tower,0,24,21,0,45,0,4,25,0,29,0,28,46,0,74,75,2,77,151
01/04/2002,ITH,NY,AEA,EN,Federal Contract Tower,0,24,19,0,43,0,4,21,0,25,0,28,40,0,68,68,0,68,136
01/05/2002,ITH,NY,AEA,EN,Federal Contract Tower,0,20,10,0,30,0,4,47,13,64,0,24,57,13,94,84,2,86,180
01/06/2002,ITH,NY,AEA,EN,Federal Contract Tower,0,14,13,0,27,0,4,0,0,4,0,18,13,0,31,4,0,4,35
01/07/2002,ITH,NY,AEA,EN,Federal Contract Tower,0,17,10,0,27,0,4,0,0,4,0,21,10,0,31,0,0,0,31
01/08/2002,ITH,NY,AEA,EN,Federal Contract Tower,0,26,14,0,40,0,4,29,0,33,0,30,43,0,73,104,0,104,177
01/09/2002,ITH,NY,AEA,EN,Federal Contract Tower,0,25,13,0,38,0,4,11,0,15,0,29,24,0,53,18,0,18,71
01/10/2002,ITH,NY,AEA,EN,Federal Contract Tower,0,23,15,0,38,0,4,27,0,31,0,27,42,0,69,48,0,48,117
01/11/2002,ITH,NY,AEA,EN,Federal Contract Tower,0,24,22,0,46,0,4,7,0,11,0,28,29,0,57,48,0,48,105
01/12/2002,ITH,NY,AEA,EN,Federal Contract Tower,0,21,12,0,33,0,4,73,0,77,0,25,85,0,110,58,0,58,168
01/13/2002,ITH,NY,AEA,EN,Federal Contract Tower,0,16,9,0,25,0,4,0,0,4,0,20,9,0,29,18,0,18,47
01/14/2002,ITH,NY,AEA,EN,Federal Contract Tower,0,19,14,0,33,0,4,29,0,33,0,23,43,0,66,68,0,68,134
01/15/2002,ITH,NY,AEA,EN,Federal Contract Tower,0,20,16,0,36,0,4,2,0,6,0,24,18,0,42,12,0,12,54
01/16/2002,ITH,NY,AEA,EN,Federal Contract Tower,0,24,21,0,45,0,4,24,0,28,0,28,45,0,73,36,0,36,109
01/17/2002,ITH,NY,AEA,EN,Federal Contract Tower,0,3,9,0,12,0,25,15,0,40,0,28,24,0,52,30,0,30,82
01/18/2002,ITH,NY,AEA,EN,Federal Contract Tower,0,3,9,0,12,0,24,0,0,24,0,27,9,0,36,14,0,14,50
01/19/2002,ITH,NY,AEA,EN,Federal Contract Tower,0,3,7,0,10,0,20,15,0,35,0,23,22,0,45,6,0,6,51
01/20/2002,ITH,NY,AEA,EN,Federal Contract Tower,0,2,7,0,9,0,19,40,0,59,0,21,47,0,68,50,0,50,118
01/21/2002,ITH,NY,AEA,EN,Federal Contract Tower,0,4,9,0,13,0,21,8,0,29,0,25,17,0,42,0,0,0,42
01/22/2002,ITH,NY,AEA,EN,Federal Contract Tower,0,1,5,0,6,0,28,50,0,78,0,29,55,0,84,112,0,112,196
01/23/2002,ITH,NY,AEA,EN,Federal Contract Tower,0,3,7,0,10,0,23,19,0,42,0,26,26,0,52,44,0,44,96
01/24/2002,ITH,NY,AEA,EN,Federal Contract Tower,0,4,8,0,12,0,18,14,0,32,0,22,22,0,44,0,0,0,44
01/25/2002,ITH,NY,AEA,EN,Federal Contract Tower,0,7,12,0,19,0,21,46,0,67,0,28,58,0,86,98,0,98,184
01/26/2002,ITH,NY,AEA,EN,Federal Contract Tower,0,5,7,0,12,0,20,88,0,108,0,25,95,0,120,80,0,80,200
01/27/2002,ITH,NY,AEA,EN,Federal Contract Tower,0,4,7,0,11,0,16,90,0,106,0,20,97,0,117,162,0,162,279
01/28/2002,ITH,NY,AEA,EN,Federal Contract Tower,0,7,10,0,17,0,22,46,0,68,0,29,56,0,85,82,0,82,167
01/29/2002,ITH,NY,AEA,EN,Federal Contract Tower,0,10,11,0,21,0,15,14,0,29,0,25,25,0,50,53,0,53,103
01/30/2002,ITH,NY,AEA,EN,Federal Contract Tower,0,2,4,0,6,0,22,2,0,24,0,24,6,0,30,0,0,0,30
01/31/2002,ITH,NY,AEA,EN,Federal Contract Tower,0,3,5,0,8,0,22,3,0,25,0,25,8,0,33,0,0,0,33
02/01/2002,ITH,NY,AEA,EN,Federal Contract Tower,0,27,14,0,41,0,0,0,0,0,0,27,14,0,41,0,0,0,41
02/02/2002,ITH,NY,AEA,EN,Federal Contract Tower,0,25,14,0,39,0,0,6,0,6,0,25,20,0,45,0,0,0,45
02/03/2002,ITH,NY,AEA,EN,Federal Contract Tower,0,21,10,0,31,0,0,33,0,33,0,21,43,0,64,35,0,35,99
02/04/2002,ITH,NY,AEA,EN,Federal Contract Tower,0,26,18,0,44,0,0,4,0,4,0,26,22,0,48,0,0,0,48
02/05/2002,ITH,NY,AEA,EN,Federal Contract Tower,0,28,17,0,45,0,0,35,0,35,0,28,52,0,80,72,0,72,152
02/06/2002,ITH,NY,AEA,EN,Federal Contract Tower,0,26,17,0,43,0,0,27,0,27,0,26,44,0,70,58,0,58,128
02/07/2002,ITH,NY,AEA,EN,Federal Contract Tower,0,28,19,0,47,0,0,74,0,74,0,28,93,0,121,62,0,62,183
02/08/2002,ITH,NY,AEA,EN,Federal Contract Tower,0,28,24,0,52,0,0,22,0,22,0,28,46,0,74,51,0,51,125
02/09/2002,ITH,NY,AEA,EN,Federal Contract Tower,0,25,12,0,37,0,0,98,0,98,0,25,110,0,135,78,0,78,213
02/10/2002,ITH,NY,AEA,EN,Federal Contract Tower,0,19,12,0,31,0,0,0,0,0,0,19,12,0,31,10,0,10,41
02/11/2002,ITH,NY,AEA,EN,Federal Contract Tower,0,30,11,0,41,0,0,0,0,0,0,30,11,0,41,2,0,2,43
02/12/2002,ITH,NY,AEA,EN,Federal Contract Tower,0,28,18,0,46,0,0,0,0,0,0,28,18,0,46,21,0,21,67
02/13/2002,ITH,NY,AEA,EN,Federal Contract Tower,0,28,9,0,37,0,0,10,0,10,0,28,19,0,47,26,0,26,73
02/14/2002,ITH,NY,AEA,EN,Federal Contract Tower,0,28,9,0,37,0,0,40,0,40,0,28,49,0,77,34,0,34,111
02/15/2002,ITH,NY,AEA,EN,Federal Contract Tower,0,29,19,0,48,0,0,21,0,21,0,29,40,0,69,67,0,67,136
02/16/2002,ITH,NY,AEA,EN,Federal Contract Tower,0,25,12,0,37,0,0,32,0,32,0,25,44,0,69,70,0,70,139
02/17/2002,ITH,NY,AEA,EN,Federal Contract Tower,0,21,4,0,25,0,0,0,0,0,0,21,4,0,25,0,0,0,25
02/18/2002,ITH,NY,AEA,EN,Federal Contract Tower,0,28,12,0,40,0,0,36,0,36,0,28,48,0,76,71,0,71,147
02/19/2002,ITH,NY,AEA,EN,Federal Contract Tower,0,28,18,0,46,0,0,33,0,33,0,28,51,0,79,78,0,78,157
02/20/2002,ITH,NY,AEA,EN,Federal Contract Tower,0,26,17,0,43,0,0,12,0,12,0,26,29,0,55,62,0,62,117
02/21/2002,ITH,NY,AEA,EN,Federal Contract Tower,0,28,15,0,43,0,0,27,0,27,0,28,42,0,70,34,0,34,104
02/22/2002,ITH,NY,AEA,EN,Federal Contract Tower,0,26,16,0,42,0,0,4,0,4,0,26,20,0,46,0,0,0,46
02/23/2002,ITH,NY,AEA,EN,Federal Contract Tower,0,22,14,0,36,0,0,29,0,29,0,22,43,0,65,78,0,78,143
02/24/2002,ITH,NY,AEA,EN,Federal Contract Tower,0,21,13,0,34,0,0,86,0,86,0,21,99,0,120,79,0,79,199
02/25/2002,ITH,NY,AEA,EN,Federal Contract Tower,0,28,15,0,43,0,0,34,0,34,0,28,49,0,77,82,0,82,159
02/26/2002,ITH,NY,AEA,EN,Federal Contract Tower,0,29,17,4,50,0,0,21,2,23,0,29,38,6,73,64,0,64,137
02/27/2002,ITH,NY,AEA,EN,Federal Contract Tower,0,28,10,0,38,0,0,3,0,3,0,28,13,0,41,32,0,32,73
02/28/2002,ITH,NY,AEA,EN,Federal Contract Tower,0,28,13,0,41,0,0,31,0,31,0,28,44,0,72,75,0,75,147
03/01/2002,ITH,NY,AEA,EN,Federal Contract Tower,0,28,18,0,46,0,0,33,0,33,0,28,51,0,79,76,0,76,155
03/02/2002,ITH,NY,AEA,EN,Federal Contract Tower,0,22,10,0,32,0,0,16,2,18,0,22,26,2,50,2,0,2,52
03/03/2002,ITH,NY,AEA,EN,Federal Contract Tower,0,21,12,0,33,0,0,3,0,3,0,21,15,0,36,0,0,0,36
03/04/2002,ITH,NY,AEA,EN,Federal Contract Tower,0,30,22,0,52,0,0,4,0,4,0,30,26,0,56,28,0,28,84
03/05/2002,ITH,NY,AEA,EN,Federal Contract Tower,0,30,16,0,46,0,0,13,0,13,0,30,29,0,59,100,0,100,159
03/06/2002,ITH,NY,AEA,EN,Federal Contract Tower,0,30,13,0,43,0,0,27,0,27,0,30,40,0,70,52,0,52,122
03/07/2002,ITH,NY,AEA,EN,Federal Contract Tower,0,30,22,0,52,0,0,0,0,0,0,30,22,0,52,4,0,4,56
03/08/2002,ITH,NY,AEA,EN,Federal Contract Tower,0,29,22,0,51,0,0,53,0,53,0,29,75,0,104,61,0,61,165
03/09/2002,ITH,NY,AEA,EN,Federal Contract Tower,0,25,8,0,33,0,0,14,0,14,0,25,22,0,47,29,0,29,76
03/10/2002,ITH,NY,AEA,EN,Federal Contract Tower,0,16,7,0,23,0,0,0,0,0,0,16,7,0,23,0,0,0,23
03/11/2002,ITH,NY,AEA,EN,Federal Contract Tower,0,31,13,0,44,0,0,24,0,24,0,31,37,0,68,60,0,60,128
03/12/2002,ITH,NY,AEA,EN,Federal Contract Tower,0,29,19,0,48,0,0,7,0,7,0,29,26,0,55,57,0,57,112
03/13/2002,ITH,NY,AEA,EN,Federal Contract Tower,0,29,20,0,49,0,0,9,0,9,0,29,29,0,58,49,0,49,107
03/14/2002,ITH,NY,AEA,EN,Federal Contract Tower,0,31,31,0,62,0,0,35,0,35,0,31,66,0,97,124,0,124,221
03/15/2002,ITH,NY,AEA,EN,Federal Contract Tower,0,30,36,0,66,0,0,17,0,17,0,30,53,0,83,101,0,101,184
03/16/2002,ITH,NY,AEA,EN,Federal Contract Tower,0,23,21,0,44,0,0,5,0,5,0,23,26,0,49,0,0,0,49
03/17/2002,ITH,NY,AEA,EN,Federal Contract Tower,0,23,14,0,37,0,0,52,0,52,0,23,66,0,89,75,0,75,164
03/18/2002,ITH,NY,AEA,EN,Federal Contract Tower,0,27,15,0,42,0,0,0,0,0,0,27,15,0,42,0,0,0,42
03/19/2002,ITH,NY,AEA,EN,Federal Contract Tower,0,28,15,0,43,0,0,13,0,13,0,28,28,0,56,89,0,89,145
03/20/2002,ITH,NY,AEA,EN,Federal Contract Tower,0,30,8,0,38,0,0,0,0,0,0,30,8,0,38,0,0,0,38
03/21/2002,ITH,NY,AEA,EN,Federal Contract Tower,0,28,19,0,47,0,0,3,0,3,0,28,22,0,50,56,0,56,106
03/22/2002,ITH,NY,AEA,EN,Federal Contract Tower,0,30,20,0,50,0,0,20,0,20,0,30,40,0,70,27,0,27,97
03/23/2002,ITH,NY,AEA,EN,Federal Contract Tower,0,27,13,0,40,0,0,19,0,19,0,27,32,0,59,25,0,25,84
03/24/2002,ITH,NY,AEA,EN,Federal Contract Tower,0,20,19,0,39,0,0,37,0,37,0,20,56,0,76,89,0,89,165
03/25/2002,ITH,NY,AEA,EN,Federal Contract Tower,0,30,10,0,40,0,0,13,0,13,0,30,23,0,53,49,0,49,102
03/26/2002,ITH,NY,AEA,EN,Federal Contract Tower,0,29,11,0,40,0,0,0,0,0,0,29,11,0,40,0,0,0,40
03/27/2002,ITH,NY,AEA,EN,Federal Contract Tower,0,28,19,0,47,0,0,10,0,10,0,28,29,0,57,52,0,52,109
03/28/2002,ITH,NY,AEA,EN,Federal Contract Tower,0,30,19,0,49,0,0,86,0,86,0,30,105,0,135,129,0,129,264
03/29/2002,ITH,NY,AEA,EN,Federal Contract Tower,0,30,18,0,48,0,0,23,0,23,0,30,41,0,71,57,0,57,128
03/30/2002,ITH,NY,AEA,EN,Federal Contract Tower,0,21,17,0,38,0,0,34,0,34,0,21,51,0,72,81,0,81,153
03/31/2002,ITH,NY,AEA,EN,Federal Contract Tower,0,21,26,0,47,0,0,46,0,46,0,21,72,0,93,62,0,62,155
04/01/2002,ITH,NY,AEA,EN,Federal Contract Tower,0,25,21,0,46,0,0,14,0,14,0,25,35,0,60,14,0,14,74
04/02/2002,ITH,NY,AEA,EN,Federal Contract Tower,0,32,10,0,42,0,0,14,0,14,0,32,24,0,56,25,0,25,81
04/03/2002,ITH,NY,AEA,EN,Federal Contract Tower,0,25,16,0,41,0,0,8,0,8,0,25,24,0,49,33,0,33,82
04/04/2002,ITH,NY,AEA,EN,Federal Contract Tower,0,32,29,0,61,0,0,18,0,18,0,32,47,0,79,57,0,57,136
04/05/2002,ITH,NY,AEA,EN,Federal Contract Tower,0,30,22,0,52,0,0,5,0,5,0,30,27,0,57,16,0,16,73
04/06/2002,ITH,NY,AEA,EN,Federal Contract Tower,0,22,10,0,32,0,0,29,0,29,0,22,39,0,61,50,0,50,111
04/07/2002,ITH,NY,AEA,EN,Federal Contract Tower,0,26,15,0,41,0,0,38,2,40,0,26,53,2,81,90,0,90,171
04/08/2002,ITH,NY,AEA,EN,Federal Contract Tower,0,32,23,0,55,0,0,3,0,3,0,32,26,0,58,2,0,2,60
04/09/2002,ITH,NY,AEA,EN,Federal Contract Tower,0,30,23,0,53,0,0,10,0,10,0,30,33,0,63,0,0,0,63
04/10/2002,ITH,NY,AEA,EN,Federal Contract Tower,0,32,39,0,71,0,1,27,3,31,0,33,66,3,102,72,0,72,174
04/11/2002,ITH,NY,AEA,EN,Federal Contract Tower,0,32,18,0,50,0,0,45,0,45,0,32,63,0,95,68,0,68,163
04/12/2002,ITH,NY,AEA,EN,Federal Contract Tower,0,32,33,0,65,0,0,30,0,30,0,32,63,0,95,54,0,54,149
04/13/2002,ITH,NY,AEA,EN,Federal Contract Tower,0,25,13,0,38,0,0,0,0,0,0,25,13,0,38,0,0,0,38
04/14/2002,ITH,NY,AEA,EN,Federal Contract Tower,0,22,19,0,41,0,0,5,0,5,0,22,24,0,46,36,0,36,82
04/15/2002,ITH,NY,AEA,EN,Federal Contract Tower,0,31,13,0,44,0,0,27,0,27,0,31,40,0,71,90,0,90,161
04/16/2002,ITH,NY,AEA,EN,Federal Contract Tower,0,31,15,0,46,0,0,41,0,41,0,31,56,0,87,89,0,89,176
04/17/2002,ITH,NY,AEA,EN,Federal Contract Tower,0,30,26,0,56,0,2,48,2,52,0,32,74,2,108,68,2,70,178
04/18/2002,ITH,NY,AEA,EN,Federal Contract Tower,0,29,16,0,45,0,0,62,0,62,0,29,78,0,107,156,0,156,263
04/19/2002,ITH,NY,AEA,EN,Federal Contract Tower,0,27,14,0,41,0,0,35,0,35,0,27,49,0,76,55,0,55,131
04/20/2002,ITH,NY,AEA,EN,Federal Contract Tower,0,29,26,0,55,0,0,27,0,27,0,29,53,0,82,45,0,45,127
04/21/2002,ITH,NY,AEA,EN,Federal Contract Tower,0,25,27,0,52,0,0,58,0,58,0,25,85,0,110,78,0,78,188
04/22/2002,ITH,NY,AEA,EN,Federal Contract Tower,0,32,15,0,47,0,0,0,0,0,0,32,15,0,47,0,0,0,47
04/23/2002,ITH,NY,AEA,EN,Federal Contract Tower,0,31,23,0,54,0,0,27,0,27,0,31,50,0,81,86,0,86,167
04/24/2002,ITH,NY,AEA,EN,Federal Contract Tower,0,30,14,0,44,0,0,38,0,38,0,30,52,0,82,159,0,159,241
04/25/2002,ITH,NY,AEA,EN,Federal Contract Tower,0,32,29,0,61,0,0,2,0,2,0,32,31,0,63,8,0,8,71
04/26/2002,ITH,NY,AEA,EN,Federal Contract Tower,0,30,18,0,48,0,0,16,0,16,0,30,34,0,64,37,0,37,101
04/27/2002,ITH,NY,AEA,EN,Federal Contract Tower,0,28,19,0,47,0,0,66,0,66,0,28,85,0,113,110,0,110,223
04/28/2002,ITH,NY,AEA,EN,Federal Contract Tower,0,18,10,0,28,0,0,0,0,0,0,18,10,0,28,0,0,0,28
04/29/2002,ITH,NY,AEA,EN,Federal Contract Tower,0,33,21,0,54,0,0,0,0,0,0,33,21,0,54,0,0,0,54
04/30/2002,ITH,NY,AEA,EN,Federal Contract Tower,0,31,17,0,48,0,0,0,0,0,0,31,17,0,48,12,0,12,60
05/01/2002,ITH,NY,AEA,EN,Federal Contract Tower,0,31,16,0,47,0,0,50,0,50,0,31,66,0,97,0,98,98,195
05/02/2002,ITH,NY,AEA,EN,Federal Contract Tower,0,28,13,0,41,0,0,0,0,0,0,28,13,0,41,0,2,2,43
05/03/2002,ITH,NY,AEA,EN,Federal Contract Tower,0,29,12,0,41,0,0,8,0,8,0,29,20,0,49,0,0,0,49
05/04/2002,ITH,NY,AEA,EN,Federal Contract Tower,0,27,19,0,46,0,0,65,0,65,0,27,84,0,111,0,84,84,195
05/05/2002,ITH,NY,AEA,EN,Federal Contract Tower,0,25,19,0,44,0,0,48,0,48,0,25,67,0,92,0,130,130,222
05/06/2002,ITH,NY,AEA,EN,Federal Contract Tower,0,32,14,2,48,0,0,50,2,52,0,32,64,4,100,0,61,61,161
05/07/2002,ITH,NY,AEA,EN,Federal Contract Tower,0,31,22,0,53,0,0,0,0,0,0,31,22,0,53,0,8,8,61
05/08/2002,ITH,NY,AEA,EN,Federal Contract Tower,0,33,26,0,59,0,0,20,4,24,0,33,46,4,83,0,89,89,172
05/09/2002,ITH,NY,AEA,EN,Federal Contract Tower,0,28,19,0,47,0,0,0,0,0,0,28,19,0,47,0,0,0,47
05/10/2002,ITH,NY,AEA,EN,Federal Contract Tower,0,31,19,0,50,0,0,2,0,2,0,31,21,0,52,0,16,16,68
05/11/2002,ITH,NY,AEA,EN,Federal Contract Tower,0,26,25,0,51,0,0,59,0,59,0,26,84,0,110,0,137,137,247
05/12/2002,ITH,NY,AEA,EN,Federal Contract Tower,0,26,12,0,38,0,0,0,0,0,0,26,12,0,38,0,0,0,38
05/13/2002,ITH,NY,AEA,EN,Federal Contract Tower,0,29,7,0,36,0,0,0,0,0,0,29,7,0,36,0,0,0,36
05/14/2002,ITH,NY,AEA,EN,Federal Contract Tower,0,30,25,0,55,0,0,13,0,13,0,30,38,0,68,0,0,0,68
05/15/2002,ITH,NY,AEA,EN,Federal Contract Tower,0,30,24,1,55,0,0,33,1,34,0,30,57,2,89,0,77,77,166
05/16/2002,ITH,NY,AEA,EN,Federal Contract Tower,0,32,25,0,57,0,0,36,12,48,0,32,61,12,105,0,70,70,175
05/17/2002,ITH,NY,AEA,EN,Federal Contract Tower,0,32,27,0,59,0,0,26,0,26,0,32,53,0,85,0,48,48,133
05/18/2002,ITH,NY,AEA,EN,Federal Contract Tower,0,25,10,0,35,0,0,9,0,9,0,25,19,0,44,0,0,0,44
05/19/2002,ITH,NY,AEA,EN,Federal Contract Tower,0,24,15,0,39,0,0,40,0,40,0,24,55,0,79,0,54,54,133
05/20/2002,ITH,NY,AEA,EN,Federal Contract Tower,0,33,13,0,46,0,0,16,0,16,0,33,29,0,62,0,57,57,119
05/21/2002,ITH,NY,AEA,EN,Federal Contract Tower,0,32,14,0,46,0,0,22,4,26,0,32,36,4,72,0,40,40,112
05/22/2002,ITH,NY,AEA,EN,Federal Contract Tower,0,30,13,0,43,0,0,54,0,54,0,30,67,0,97,0,140,140,237
05/23/2002,ITH,NY,AEA,EN,Federal Contract Tower,0,32,40,0,72,0,0,58,0,58,0,32,98,0,130,0,132,132,262
05/24/2002,ITH,NY,AEA,EN,Federal Contract Tower,0,29,36,0,65,0,0,26,6,32,0,29,62,6,97,0,49,49,146
05/25/2002,ITH,NY,AEA,EN,Federal Contract Tower,0,26,33,0,59,0,0,60,0,60,0,26,93,0,119,0,138,138,257
05/26/2002,ITH,NY,AEA,EN,Federal Contract Tower,0,23,34,0,57,0,0,29,0,29,0,23,63,0,86,0,83,83,169
05/27/2002,ITH,NY,AEA,EN,Federal Contract Tower,0,24,25,0,49,0,0,39,0,39,0,24,64,0,88,0,97,97,185
05/28/2002,ITH,NY,AEA,EN,Federal Contract Tower,0,29,20,0,49,0,0,14,0,14,0,29,34,0,63,0,86,86,149
05/29/2002,ITH,NY,AEA,EN,Federal Contract Tower,0,31,10,0,41,0,0,23,0,23,0,31,33,0,64,0,117,117,181
05/30/2002,ITH,NY,AEA,EN,Federal Contract Tower,0,31,24,0,55,0,0,17,0,17,0,31,41,0,72,0,67,67,139
05/31/2002,ITH,NY,AEA,EN,Federal Contract Tower,0,25,8,0,33,0,0,12,0,12,0,25,20,0,45,0,19,19,64
06/01/2002,ITH,NY,AEA,EN,Federal Contract Tower,0,26,14,0,40,0,0,54,0,54,0,26,68,0,94,0,46,46,140
06/02/2002,ITH,NY,AEA,EN,Federal Contract Tower,0,25,8,0,33,0,0,37,0,37,0,25,45,0,70,0,72,72,142
06/03/2002,ITH,NY,AEA,EN,Federal Contract Tower,0,31,20,0,51,0,0,67,5,72,0,31,87,5,123,4,96,100,223
06/04/2002,ITH,NY,AEA,EN,Federal Contract Tower,0,32,18,0,50,0,0,27,0,27,0,32,45,0,77,0,47,47,124
06/05/2002,ITH,NY,AEA,EN,Federal Contract Tower,0,30,25,0,55,0,0,7,0,7,0,30,32,0,62,0,60,60,122
06/06/2002,ITH,NY,AEA,EN,Federal Contract Tower,0,32,28,0,60,0,0,7,0,7,0,32,35,0,67,0,15,15,82
06/07/2002,ITH,NY,AEA,EN,Federal Contract Tower,0,33,49,0,82,0,0,57,0,57,0,33,106,0,139,0,145,145,284
06/08/2002,ITH,NY,AEA,EN,Federal Contract Tower,0,24,24,3,51,0,0,88,2,90,0,24,112,5,141,6,124,130,271
06/09/2002,ITH,NY,AEA,EN,Federal Contract Tower,0,24,34,0,58,0,0,46,0,46,0,24,80,0,104,0,76,76,180
06/10/2002,ITH,NY,AEA,EN,Federal Contract Tower,0,33,19,0,52,0,0,40,0,40,0,33,59,0,92,0,82,82,174
06/11/2002,ITH,NY,AEA,EN,Federal Contract Tower,0,32,26,0,58,0,0,32,0,32,0,32,58,0,90,0,58,58,148
06/12/2002,ITH,NY,AEA,EN,Federal Contract Tower,0,30,24,0,54,0,0,11,0,11,0,30,35,0,65,0,10,10,75
06/13/2002,ITH,NY,AEA,EN,Federal Contract Tower,0,28,25,0,53,0,0,2,0,2,0,28,27,0,55,0,48,48,103
06/14/2002,ITH,NY,AEA,EN,Federal Contract Tower,0,28,15,0,43,0,3,19,2,24,0,31,34,2,67,0,15,15,82
06/15/2002,ITH,NY,AEA,EN,Federal Contract Tower,0,28,3,0,31,0,0,0,0,0,0,28,3,0,31,0,2,2,33
06/16/2002,ITH,NY,AEA,EN,Federal Contract Tower,0,25,9,0,34,0,0,6,0,6,0,25,15,0,40,0,0,0,40
06/17/2002,ITH,NY,AEA,EN,Federal Contract Tower,0,30,10,0,40,0,0,23,0,23,0,30,33,0,63,0,48,48,111
06/18/2002,ITH,NY,AEA,EN,Federal Contract Tower,0,32,33,0,65,0,0,35,0,35,0,32,68,0,100,0,107,107,207
06/19/2002,ITH,NY,AEA,EN,Federal Contract Tower,0,27,31,0,58,0,3,25,0,28,0,30,56,0,86,0,104,104,190
06/20/2002,ITH,NY,AEA,EN,Federal Contract Tower,0,33,16,0,49,0,0,47,0,47,0,33,63,0,96,0,104,104,200
06/21/2002,ITH,NY,AEA,EN,Federal Contract Tower,0,28,12,0,40,0,4,34,0,38,0,32,46,0,78,2,122,124,202
06/22/2002,ITH,NY,AEA,EN,Federal Contract Tower,0,26,9,0,35,0,0,24,0,24,0,26,33,0,59,0,72,72,131
06/23/2002,ITH,NY,AEA,EN,Federal Contract Tower,0,24,13,0,37,0,0,7,0,7,0,24,20,0,44,0,2,2,46
06/24/2002,ITH,NY,AEA,EN,Federal Contract Tower,0,30,16,0,46,0,0,8,0,8,0,30,24,0,54,0,50,50,104
06/25/2002,ITH,NY,AEA,EN,Federal Contract Tower,0,34,14,0,48,0,0,15,0,15,0,34,29,0,63,0,55,55,118
06/26/2002,ITH,NY,AEA,EN,Federal Contract Tower,0,28,25,0,53,0,0,22,0,22,0,28,47,0,75,0,75,75,150
06/27/2002,ITH,NY,AEA,EN,Federal Contract Tower,0,21,14,0,35,0,0,17,0,17,0,21,31,0,52,0,55,55,107
06/28/2002,ITH,NY,AEA,EN,Federal Contract Tower,0,27,18,0,45,0,0,62,0,62,0,27,80,0,107,0,115,115,222
06/29/2002,ITH,NY,AEA,EN,Federal Contract Tower,0,27,11,0,38,0,0,87,0,87,0,27,98,0,125,0,84,84,209
06/30/2002,ITH,NY,AEA,EN,Federal Contract Tower,0,23,14,0,37,0,0,35,0,35,0,23,49,0,72,0,72,72,144
07/01/2002,ITH,NY,AEA,EN,Federal Contract Tower,0,29,11,2,42,0,0,27,0,27,0,29,38,2,69,55,8,63,132
07/02/2002,ITH,NY,AEA,EN,Federal Contract Tower,0,30,18,0,48,0,0,18,0,18,0,30,36,0,66,64,0,64,130
07/03/2002,ITH,NY,AEA,EN,Federal Contract Tower,0,27,8,0,35,0,0,48,0,48,0,27,56,0,83,136,0,136,219
07/04/2002,ITH,NY,AEA,EN,Federal Contract Tower,0,25,8,0,33,0,1,25,0,26,0,26,33,0,59,50,0,50,109
07/05/2002,ITH,NY,AEA,EN,Federal Contract Tower,0,24,15,0,39,0,1,45,0,46,0,25,60,0,85,102,1,103,188
07/06/2002,ITH,NY,AEA,EN,Federal Contract Tower,0,23,14,0,37,0,0,39,0,39,0,23,53,0,76,36,0,36,112
07/07/2002,ITH,NY,AEA,EN,Federal Contract Tower,0,20,29,0,49,0,0,46,0,46,0,20,75,0,95,53,0,53,148
07/08/2002,ITH,NY,AEA,EN,Federal Contract Tower,0,28,20,0,48,0,0,40,0,40,0,28,60,0,88,65,0,65,153
07/09/2002,ITH,NY,AEA,EN,Federal Contract Tower,0,26,19,0,45,0,0,9,0,9,0,26,28,0,54,0,0,0,54
07/10/2002,ITH,NY,AEA,EN,Federal Contract Tower,0,28,20,0,48,0,0,86,0,86,0,28,106,0,134,141,0,141,275
07/11/2002,ITH,NY,AEA,EN,Federal Contract Tower,0,28,23,0,51,0,0,31,0,31,0,28,54,0,82,67,0,67,149
07/12/2002,ITH,NY,AEA,EN,Federal Contract Tower,0,28,30,0,58,0,2,58,0,60,0,30,88,0,118,107,0,107,225
07/13/2002,ITH,NY,AEA,EN,Federal Contract Tower,0,25,10,0,35,0,0,70,0,70,0,25,80,0,105,70,0,70,175
07/14/2002,ITH,NY,AEA,EN,Federal Contract Tower,0,23,15,0,38,0,0,56,0,56,0,23,71,0,94,75,0,75,169
07/15/2002,ITH,NY,AEA,EN,Federal Contract Tower,0,28,17,0,45,0,0,12,0,12,0,28,29,0,57,45,0,45,102
07/16/2002,ITH,NY,AEA,EN,Federal Contract Tower,0,28,17,0,45,0,0,23,0,23,0,28,40,0,68,67,0,67,135
07/17/2002,ITH,NY,AEA,EN,Federal Contract Tower,0,28,22,0,50,0,0,39,0,39,0,28,61,0,89,112,0,112,201
07/18/2002,ITH,NY,AEA,EN,Federal Contract Tower,0,28,14,0,42,0,0,27,0,27,0,28,41,0,69,44,0,44,113
07/19/2002,ITH,NY,AEA,EN,Federal Contract Tower,0,21,24,0,45,0,2,8,0,10,0,23,32,0,55,0,0,0,55
07/20/2002,ITH,NY,AEA,EN,Federal Contract Tower,0,26,29,0,55,0,0,46,0,46,0,26,75,0,101,85,0,85,186
07/21/2002,ITH,NY,AEA,EN,Federal Contract Tower,0,23,12,0,35,0,0,41,0,41,0,23,53,0,76,40,0,40,116
07/22/2002,ITH,NY,AEA,EN,Federal Contract Tower,0,28,29,0,57,0,0,12,0,12,0,28,41,0,69,20,0,20,89
07/23/2002,ITH,NY,AEA,EN,Federal Contract Tower,0,18,13,0,31,0,0,4,0,4,0,18,17,0,35,4,0,4,39
07/24/2002,ITH,NY,AEA,EN,Federal Contract Tower,0,28,14,0,42,0,0,49,0,49,0,28,63,0,91,81,0,81,172
07/25/2002,ITH,NY,AEA,EN,Federal Contract Tower,0,24,24,0,48,0,0,39,0,39,0,24,63,0,87,63,0,63,150
07/26/2002,ITH,NY,AEA,EN,Federal Contract Tower,0,28,21,0,49,0,0,0,0,0,0,28,21,0,49,10,0,10,59
07/27/2002,ITH,NY,AEA,EN,Federal Contract Tower,0,26,12,0,38,0,0,32,0,32,0,26,44,0,70,21,0,21,91
07/28/2002,ITH,NY,AEA,EN,Federal Contract Tower,0,24,12,0,36,0,0,11,0,11,0,24,23,0,47,18,0,18,65
07/29/2002,ITH,NY,AEA,EN,Federal Contract Tower,0,27,28,0,55,0,0,39,2,41,0,27,67,2,96,84,0,84,180
07/30/2002,ITH,NY,AEA,EN,Federal Contract Tower,0,26,16,0,42,0,0,29,0,29,0,26,45,0,71,91,0,91,162
07/31/2002,ITH,NY,AEA,EN,Federal Contract Tower,0,28,20,4,52,0,0,65,0,65,0,28,85,4,117,128,20,148,265
08/01/2002,ITH,NY,AEA,EN,Federal Contract Tower,0,30,18,0,48,0,0,35,0,35,0,30,53,0,83,94,0,94,177
08/02/2002,ITH,NY,AEA,EN,Federal Contract Tower,0,23,17,0,40,0,0,55,0,55,0,23,72,0,95,57,0,57,152
08/03/2002,ITH,NY,AEA,EN,Federal Contract Tower,0,24,23,0,47,0,1,91,2,94,0,25,114,2,141,96,0,96,237
08/04/2002,ITH,NY,AEA,EN,Federal Contract Tower,0,23,8,0,31,0,0,64,2,66,0,23,72,2,97,54,0,54,151
08/05/2002,ITH,NY,AEA,EN,Federal Contract Tower,0,27,15,0,42,0,0,31,0,31,0,27,46,0,73,82,0,82,155
08/06/2002,ITH,NY,AEA,EN,Federal Contract Tower,0,30,11,4,45,0,0,24,0,24,0,30,35,4,69,84,8,92,161
08/07/2002,ITH,NY,AEA,EN,Federal Contract Tower,0,26,17,0,43,0,0,46,0,46,0,26,63,0,89,100,0,100,189
08/08/2002,ITH,NY,AEA,EN,Federal Contract Tower,0,28,21,0,49,0,1,69,0,70,0,29,90,0,119,89,0,89,208
08/09/2002,ITH,NY,AEA,EN,Federal Contract Tower,0,28,19,0,47,0,0,53,0,53,0,28,72,0,100,95,0,95,195
08/10/2002,ITH,NY,AEA,EN,Federal Contract Tower,0,25,19,0,44,0,0,65,0,65,0,25,84,0,109,74,2,76,185
08/11/2002,ITH,NY,AEA,EN,Federal Contract Tower,0,23,36,0,59,0,0,53,0,53,0,23,89,0,112,84,0,84,196
08/12/2002,ITH,NY,AEA,EN,Federal Contract Tower,0,25,18,0,43,0,0,29,0,29,0,25,47,0,72,104,0,104,176
08/13/2002,ITH,NY,AEA,EN,Federal Contract Tower,0,29,16,0,45,0,0,23,2,25,0,29,39,2,70,104,0,104,174
08/14/2002,ITH,NY,AEA,EN,Federal Contract Tower,0,28,14,0,42,0,0,23,2,25,0,28,37,2,67,94,46,140,207
08/15/2002,ITH,NY,AEA,EN,Federal Contract Tower,0,26,14,0,40,0,0,22,2,24,0,26,36,2,64,110,0,110,174
08/16/2002,ITH,NY,AEA,EN,Federal Contract Tower,0,28,19,0,47,0,0,37,0,37,0,28,56,0,84,46,0,46,130
08/17/2002,ITH,NY,AEA,EN,Federal Contract Tower,0,24,22,0,46,0,0,27,0,27,0,24,49,0,73,87,0,87,160
08/18/2002,ITH,NY,AEA,EN,Federal Contract Tower,0,23,23,0,46,0,0,33,0,33,0,23,56,0,79,32,0,32,111
08/19/2002,ITH,NY,AEA,EN,Federal Contract Tower,0,28,28,0,56,0,0,37,0,37,0,28,65,0,93,74,0,74,167
08/20/2002,ITH,NY,AEA,EN,Federal Contract Tower,0,28,17,0,45,0,0,38,0,38,0,28,55,0,83,110,0,110,193
08/21/2002,ITH,NY,AEA,EN,Federal Contract Tower,0,28,20,0,48,0,0,66,0,66,0,28,86,0,114,115,0,115,229
08/22/2002,ITH,NY,AEA,EN,Federal Contract Tower,0,28,14,0,42,0,0,5,0,5,0,28,19,0,47,50,0,50,97
08/23/2002,ITH,NY,AEA,EN,Federal Contract Tower,0,28,28,0,56,0,0,18,0,18,0,28,46,0,74,44,0,44,118
08/24/2002,ITH,NY,AEA,EN,Federal Contract Tower,0,24,25,0,49,0,0,6,0,6,0,24,31,0,55,0,0,0,55
08/25/2002,ITH,NY,AEA,EN,Federal Contract Tower,0,21,23,0,44,0,0,52,0,52,0,21,75,0,96,110,0,110,206
08/26/2002,ITH,NY,AEA,EN,Federal Contract Tower,0,28,15,3,46,0,0,49,0,49,0,28,64,3,95,105,4,109,204
08/27/2002,ITH,NY,AEA,EN,Federal Contract Tower,0,28,16,0,44,0,0,26,0,26,0,28,42,0,70,71,0,71,141
08/28/2002,ITH,NY,AEA,EN,Federal Contract Tower,0,26,17,0,43,0,0,51,0,51,0,26,68,0,94,140,0,140,234
08/29/2002,ITH,NY,AEA,EN,Federal Contract Tower,0,27,19,2,48,0,0,7,0,7,0,27,26,2,55,57,0,57,112
08/30/2002,ITH,NY,AEA,EN,Federal Contract Tower,0,25,18,2,45,0,2,45,0,47,0,27,63,2,92,53,0,53,145
08/31/2002,ITH,NY,AEA,EN,Federal Contract Tower,0,22,20,0,42,0,1,52,0,53,0,23,72,0,95,54,0,54,149
09/01/2002,ITH,NY,AEA,EN,Federal Contract Tower,0,19,11,0,30,0,0,34,0,34,0,19,45,0,64,20,0,20,84
09/02/2002,ITH,NY,AEA,EN,Federal Contract Tower,0,20,20,0,40,0,0,32,0,32,0,20,52,0,72,56,0,56,128
09/03/2002,ITH,NY,AEA,EN,Federal Contract Tower,0,28,8,0,36,0,0,17,0,17,0,28,25,0,53,72,0,72,125
09/04/2002,ITH,NY,AEA,EN,Federal Contract Tower,0,26,11,0,37,0,0,29,2,31,0,26,40,2,68,135,0,135,203
09/05/2002,ITH,NY,AEA,EN,Federal Contract Tower,0,28,15,0,43,0,0,27,0,27,0,28,42,0,70,107,0,107,177
09/06/2002,ITH,NY,AEA,EN,Federal Contract Tower,0,26,15,0,41,0,0,64,0,64,0,26,79,0,105,107,0,107,212
09/07/2002,ITH,NY,AEA,EN,Federal Contract Tower,0,23,16,0,39,0,0,55,0,55,0,23,71,0,94,135,0,135,229
09/08/2002,ITH,NY,AEA,EN,Federal Contract Tower,0,23,11,0,34,0,0,59,0,59,0,23,70,0,93,90,0,90,183
09/09/2002,ITH,NY,AEA,EN,Federal Contract Tower,0,28,14,0,42,0,0,29,0,29,0,28,43,0,71,79,0,79,150
09/10/2002,ITH,NY,AEA,EN,Federal Contract Tower,0,30,16,0,46,0,0,30,0,30,0,30,46,0,76,133,0,133,209
09/11/2002,ITH,NY,AEA,EN,Federal Contract Tower,0,30,10,0,40,0,0,3,0,3,0,30,13,0,43,0,0,0,43
09/12/2002,ITH,NY,AEA,EN,Federal Contract Tower,0,29,19,0,48,0,0,31,0,31,0,29,50,0,79,167,0,167,246
09/13/2002,ITH,NY,AEA,EN,Federal Contract Tower,0,27,20,0,47,0,0,24,0,24,0,27,44,0,71,21,0,21,92
09/14/2002,ITH,NY,AEA,EN,Federal Contract Tower,0,27,17,0,44,0,0,36,0,36,0,27,53,0,80,74,0,74,154
09/15/2002,ITH,NY,AEA,EN,Federal Contract Tower,0,21,5,0,26,0,0,5,0,5,0,21,10,0,31,18,0,18,49
09/16/2002,ITH,NY,AEA,EN,Federal Contract Tower,0,28,15,0,43,0,0,15,0,15,0,28,30,0,58,24,0,24,82
09/17/2002,ITH,NY,AEA,EN,Federal Contract Tower,0,31,21,0,52,0,0,23,2,25,0,31,44,2,77,138,0,138,215
09/18/2002,ITH,NY,AEA,EN,Federal Contract Tower,0,32,30,0,62,0,0,21,2,23,0,32,51,2,85,82,22,104,189
09/19/2002,ITH,NY,AEA,EN,Federal Contract Tower,0,30,26,0,56,0,0,23,2,25,0,30,49,2,81,90,0,90,171
09/20/2002,ITH,NY,AEA,EN,Federal Contract Tower,0,28,25,0,53,0,0,9,0,9,0,28,34,0,62,63,0,63,125
09/21/2002,ITH,NY,AEA,EN,Federal Contract Tower,0,23,22,0,45,0,2,11,0,13,0,25,33,0,58,34,0,34,92
09/22/2002,ITH,NY,AEA,EN,Federal Contract Tower,0,24,23,0,47,0,0,4,0,4,0,24,27,0,51,32,0,32,83
09/23/2002,ITH,NY,AEA,EN,Federal Contract Tower,0,30,20,0,50,0,0,36,0,36,0,30,56,0,86,56,0,56,142
09/24/2002,ITH,NY,AEA,EN,Federal Contract Tower,0,31,14,0,45,0,0,53,0,53,0,31,67,0,98,137,0,137,235
09/25/2002,ITH,NY,AEA,EN,Federal Contract Tower,0,28,23,0,51,0,0,33,0,33,0,28,56,0,84,59,0,59,143
09/26/2002,ITH,NY,AEA,EN,Federal Contract Tower,0,29,27,0,56,0,0,31,0,31,0,29,58,0,87,67,0,67,154
09/27/2002,ITH,NY,AEA,EN,Federal Contract Tower,0,25,18,0,43,0,2,2,0,4,0,27,20,0,47,0,0,0,47
09/28/2002,ITH,NY,AEA,EN,Federal Contract Tower,2,31,12,0,45,0,2,20,0,22,2,33,32,0,67,19,0,19,86
09/29/2002,ITH,NY,AEA,EN,Federal Contract Tower,0,30,35,0,65,0,0,33,0,33,0,30,68,0,98,86,0,86,184
09/30/2002,ITH,NY,AEA,EN,Federal Contract Tower,0,32,24,0,56,0,0,18,0,18,0,32,42,0,74,72,0,72,146
10/01/2002,ITH,NY,AEA,EN,Federal Contract Tower,0,38,13,4,55,0,0,25,0,25,0,38,38,4,80,106,6,112,192
10/02/2002,ITH,NY,AEA,EN,Federal Contract Tower,0,32,10,0,42,0,0,10,0,10,0,32,20,0,52,64,0,64,116
10/03/2002,ITH,NY,AEA,EN,Federal Contract Tower,0,31,32,2,65,0,0,12,0,12,0,31,44,2,77,12,4,16,93
10/04/2002,ITH,NY,AEA,EN,Federal Contract Tower,0,44,29,0,73,0,0,0,0,0,0,44,29,0,73,0,0,0,73
10/05/2002,ITH,NY,AEA,EN,Federal Contract Tower,0,35,12,0,47,0,1,29,0,30,0,36,41,0,77,98,0,98,175
10/06/2002,ITH,NY,AEA,EN,Federal Contract Tower,0,31,14,0,45,0,0,87,0,87,0,31,101,0,132,92,0,92,224
10/07/2002,ITH,NY,AEA,EN,Federal Contract Tower,0,32,7,0,39,0,0,5,0,5,0,32,12,0,44,43,0,43,87
10/08/2002,ITH,NY,AEA,EN,Federal Contract Tower,0,32,13,0,45,0,0,24,0,24,0,32,37,0,69,158,0,158,227
10/09/2002,ITH,NY,AEA,EN,Federal Contract Tower,0,29,18,0,47,0,0,18,0,18,0,29,36,0,65,113,0,113,178
10/10/2002,ITH,NY,AEA,EN,Federal Contract Tower,0,34,25,0,59,0,0,15,0,15,0,34,40,0,74,45,0,45,119
10/11/2002,ITH,NY,AEA,EN,Federal Contract Tower,0,36,34,0,70,0,0,0,0,0,0,36,34,0,70,0,0,0,70
10/12/2002,ITH,NY,AEA,EN,Federal Contract Tower,0,27,14,0,41,0,3,16,0,19,0,30,30,0,60,48,0,48,108
10/13/2002,ITH,NY,AEA,EN,Federal Contract Tower,0,24,16,0,40,0,0,3,0,3,0,24,19,0,43,10,0,10,53
10/14/2002,ITH,NY,AEA,EN,Federal Contract Tower,0,30,15,0,45,0,0,46,0,46,0,30,61,0,91,76,0,76,167
10/15/2002,ITH,NY,AEA,EN,Federal Contract Tower,0,37,15,0,52,0,0,49,0,49,0,37,64,0,101,122,0,122,223
10/16/2002,ITH,NY,AEA,EN,Federal Contract Tower,0,32,10,0,42,0,0,1,0,1,0,32,11,0,43,0,0,0,43
10/17/2002,ITH,NY,AEA,EN,Federal Contract Tower,0,36,14,0,50,0,1,20,0,21,0,37,34,0,71,28,0,28,99
10/18/2002,ITH,NY,AEA,EN,Federal Contract Tower,0,37,19,0,56,0,0,28,0,28,0,37,47,0,84,124,0,124,208
10/19/2002,ITH,NY,AEA,EN,Federal Contract Tower,0,33,9,0,42,0,1,2,0,3,0,34,11,0,45,8,0,8,53
10/20/2002,ITH,NY,AEA,EN,Federal Contract Tower,0,31,39,0,70,0,0,0,0,0,0,31,39,0,70,152,0,152,222
10/21/2002,ITH,NY,AEA,EN,Federal Contract Tower,0,29,10,0,39,0,0,20,0,20,0,29,30,0,59,50,0,50,109
10/22/2002,ITH,NY,AEA,EN,Federal Contract Tower,0,27,21,0,48,0,0,16,0,16,0,27,37,0,64,104,0,104,168
10/23/2002,ITH,NY,AEA,EN,Federal Contract Tower,0,31,20,0,51,0,0,33,0,33,0,31,53,0,84,102,0,102,186
10/24/2002,ITH,NY,AEA,EN,Federal Contract Tower,0,30,20,0,50,0,0,39,0,39,0,30,59,0,89,101,0,101,190
10/25/2002,ITH,NY,AEA,EN,Federal Contract Tower,0,36,20,0,56,0,0,22,0,22,0,36,42,0,78,67,0,67,145
10/26/2002,ITH,NY,AEA,EN,Federal Contract Tower,0,29,15,0,44,0,0,4,0,4,0,29,19,0,48,1,0,1,49
10/27/2002,ITH,NY,AEA,EN,Federal Contract Tower,0,23,17,0,40,0,0,14,0,14,0,23,31,0,54,80,0,80,134
10/28/2002,ITH,NY,AEA,EN,Federal Contract Tower,0,29,8,0,37,0,0,21,0,21,0,29,29,0,58,18,0,18,76
10/29/2002,ITH,NY,AEA,EN,Federal Contract Tower,0,30,15,0,45,0,0,14,0,14,0,30,29,0,59,80,0,80,139
10/30/2002,ITH,NY,AEA,EN,Federal Contract Tower,0,32,19,0,51,0,0,12,0,12,0,32,31,0,63,92,0,92,155
10/31/2002,ITH,NY,AEA,EN,Federal Contract Tower,0,39,22,0,61,0,0,26,0,26,0,39,48,0,87,70,0,70,157
11/01/2002,ITH,NY,AEA,EN,Federal Contract Tower,0,38,7,0,45,0,0,3,0,3,0,38,10,0,48,2,0,2,50
11/02/2002,ITH,NY,AEA,EN,Federal Contract Tower,0,42,20,0,62,0,0,2,0,2,0,42,22,0,64,21,0,21,85
11/03/2002,ITH,NY,AEA,EN,Federal Contract Tower,0,27,26,0,53,0,0,14,0,14,0,27,40,0,67,64,0,64,131
11/04/2002,ITH,NY,AEA,EN,Federal Contract Tower,0,25,3,2,30,0,0,1,0,1,0,25,4,2,31,0,6,6,37
11/05/2002,ITH,NY,AEA,EN,Federal Contract Tower,0,27,10,3,40,0,0,33,3,36,0,27,43,6,76,85,0,85,161
11/06/2002,ITH,NY,AEA,EN,Federal Contract Tower,0,30,13,0,43,0,0,3,0,3,0,30,16,0,46,10,0,10,56
11/07/2002,ITH,NY,AEA,EN,Federal Contract Tower,0,31,17,0,48,0,0,28,0,28,0,31,45,0,76,95,0,95,171
11/08/2002,ITH,NY,AEA,EN,Federal Contract Tower,0,38,21,0,59,0,0,42,0,42,0,38,63,0,101,70,0,70,171
11/09/2002,ITH,NY,AEA,EN,Federal Contract Tower,0,27,15,0,42,0,0,49,0,49,0,27,64,0,91,154,0,154,245
11/10/2002,ITH,NY,AEA,EN,Federal Contract Tower,0,26,13,0,39,0,0,3,0,3,0,26,16,0,42,17,0,17,59
11/11/2002,ITH,NY,AEA,EN,Federal Contract Tower,0,30,12,0,42,0,0,5,0,5,0,30,17,0,47,70,0,70,117
11/12/2002,ITH,NY,AEA,EN,Federal Contract Tower,0,27,23,0,50,0,0,3,0,3,0,27,26,0,53,4,0,4,57
11/13/2002,ITH,NY,AEA,EN,Federal Contract Tower,0,27,21,0,48,0,0,7,0,7,0,27,28,0,55,59,0,59,114
11/14/2002,ITH,NY,AEA,EN,Federal Contract Tower,0,30,25,0,55,0,1,27,0,28,0,31,52,0,83,28,0,28,111
11/15/2002,ITH,NY,AEA,EN,Federal Contract Tower,0,38,16,0,54,0,0,3,0,3,0,38,19,0,57,3,0,3,60
11/16/2002,ITH,NY,AEA,EN,Federal Contract Tower,0,26,7,0,33,0,0,0,0,0,0,26,7,0,33,0,0,0,33
11/17/2002,ITH,NY,AEA,EN,Federal Contract Tower,0,21,9,0,30,0,0,0,0,0,0,21,9,0,30,0,0,0,30
11/18/2002,ITH,NY,AEA,EN,Federal Contract Tower,0,28,14,0,42,0,0,5,0,5,0,28,19,0,47,24,0,24,71
11/19/2002,ITH,NY,AEA,EN,Federal Contract Tower,0,27,10,0,37,0,0,9,0,9,0,27,19,0,46,72,0,72,118
11/20/2002,ITH,NY,AEA,EN,Federal Contract Tower,0,26,13,0,39,0,2,38,0,40,0,28,51,0,79,162,0,162,241
11/21/2002,ITH,NY,AEA,EN,Federal Contract Tower,0,33,22,0,55,0,0,12,0,12,0,33,34,0,67,70,0,70,137
11/22/2002,ITH,NY,AEA,EN,Federal Contract Tower,0,30,9,0,39,0,0,0,0,0,0,30,9,0,39,4,0,4,43
11/23/2002,ITH,NY,AEA,EN,Federal Contract Tower,0,28,5,0,33,0,0,0,0,0,0,28,5,0,33,0,0,0,33
11/24/2002,ITH,NY,AEA,EN,Federal Contract Tower,0,21,19,0,40,0,0,12,0,12,0,21,31,0,52,134,0,134,186
11/25/2002,ITH,NY,AEA,EN,Federal Contract Tower,0,28,9,0,37,0,0,4,0,4,0,28,13,0,41,4,0,4,45
11/26/2002,ITH,NY,AEA,EN,Federal Contract Tower,0,29,29,0,58,0,0,17,0,17,0,29,46,0,75,92,0,92,167
11/27/2002,ITH,NY,AEA,EN,Federal Contract Tower,0,29,16,0,45,0,0,0,0,0,0,29,16,0,45,2,0,2,47
11/28/2002,ITH,NY,AEA,EN,Federal Contract Tower,0,22,4,0,26,0,0,0,0,0,0,22,4,0,26,0,0,0,26
11/29/2002,ITH,NY,AEA,EN,Federal Contract Tower,0,18,1,0,19,0,0,2,0,2,0,18,3,0,21,12,0,12,33
11/30/2002,ITH,NY,AEA,EN,Federal Contract Tower,0,22,3,0,25,0,0,10,0,10,0,22,13,0,35,50,0,50,85
12/01/2002,ITH,NY,AEA,EN,Federal Contract Tower,0,28,29,0,57,0,0,5,0,5,0,28,34,0,62,10,0,10,72
12/02/2002,ITH,NY,AEA,EN,Federal Contract Tower,0,26,13,0,39,0,0,0,0,0,0,26,13,0,39,0,0,0,39
12/03/2002,ITH,NY,AEA,EN,Federal Contract Tower,0,27,10,0,37,0,0,5,0,5,0,27,15,0,42,52,0,52,94
12/04/2002,ITH,NY,AEA,EN,Federal Contract Tower,0,28,9,0,37,0,0,20,6,26,0,28,29,6,63,53,0,53,116
12/05/2002,ITH,NY,AEA,EN,Federal Contract Tower,0,17,11,0,28,0,2,5,0,7,0,19,16,0,35,10,0,10,45
12/06/2002,ITH,NY,AEA,EN,Federal Contract Tower,0,33,22,0,55,0,12,27,0,39,0,45,49,0,94,101,0,101,195
12/07/2002,ITH,NY,AEA,EN,Federal Contract Tower,0,28,5,0,33,0,7,35,0,42,0,35,40,0,75,97,0,97,172
12/08/2002,ITH,NY,AEA,EN,Federal Contract Tower,0,24,13,0,37,0,0,7,0,7,0,24,20,0,44,17,0,17,61
12/09/2002,ITH,NY,AEA,EN,Federal Contract Tower,0,29,16,0,45,0,0,29,0,29,0,29,45,0,74,100,0,100,174
12/10/2002,ITH,NY,AEA,EN,Federal Contract Tower,0,28,18,0,46,0,5,32,0,37,0,33,50,0,83,173,0,173,256
12/11/2002,ITH,NY,AEA,EN,Federal Contract Tower,0,26,15,0,41,0,1,4,0,5,0,27,19,0,46,63,0,63,109
12/12/2002,ITH,NY,AEA,EN,Federal Contract Tower,0,18,10,0,28,0,0,0,0,0,0,18,10,0,28,0,0,0,28
12/13/2002,ITH,NY,AEA,EN,Federal Contract Tower,0,31,16,0,47,0,1,0,0,1,0,32,16,0,48,0,0,0,48
12/14/2002,ITH,NY,AEA,EN,Federal Contract Tower,0,34,11,0,45,0,0,1,0,1,0,34,12,0,46,0,0,0,46
12/15/2002,ITH,NY,AEA,EN,Federal Contract Tower,0,19,9,0,28,0,0,5,0,5,0,19,14,0,33,22,0,22,55
12/16/2002,ITH,NY,AEA,EN,Federal Contract Tower,0,27,10,0,37,0,0,0,0,0,0,27,10,0,37,0,0,0,37
12/17/2002,ITH,NY,AEA,EN,Federal Contract Tower,0,27,11,0,38,0,4,45,0,49,0,31,56,0,87,174,0,174,261
12/18/2002,ITH,NY,AEA,EN,Federal Contract Tower,0,33,14,0,47,0,4,20,0,24,0,37,34,0,71,122,0,122,193
12/19/2002,ITH,NY,AEA,EN,Federal Contract Tower,0,30,28,0,58,0,5,12,0,17,0,35,40,0,75,79,0,79,154
12/20/2002,ITH,NY,AEA,EN,Federal Contract Tower,0,34,18,0,52,0,0,7,0,7,0,34,25,0,59,34,0,34,93
12/21/2002,ITH,NY,AEA,EN,Federal Contract Tower,0,22,4,0,26,0,0,8,5,13,0,22,12,5,39,34,0,34,73
12/22/2002,ITH,NY,AEA,EN,Federal Contract Tower,0,20,5,0,25,0,3,20,5,28,0,23,25,5,53,72,0,72,125
12/23/2002,ITH,NY,AEA,EN,Federal Contract Tower,0,30,12,0,42,0,0,13,0,13,0,30,25,0,55,72,0,72,127
12/24/2002,ITH,NY,AEA,EN,Federal Contract Tower,0,24,6,0,30,0,0,12,0,12,0,24,18,0,42,68,0,68,110
12/25/2002,ITH,NY,AEA,EN,Federal Contract Tower,0,7,2,0,9,0,0,0,0,0,0,7,2,0,9,0,0,0,9
12/26/2002,ITH,NY,AEA,EN,Federal Contract Tower,0,18,6,0,24,0,0,0,0,0,0,18,6,0,24,0,0,0,24
12/27/2002,ITH,NY,AEA,EN,Federal Contract Tower,0,26,11,0,37,0,0,6,0,6,0,26,17,0,43,27,0,27,70
12/28/2002,ITH,NY,AEA,EN,Federal Contract Tower,0,28,8,0,36,0,0,10,0,10,0,28,18,0,46,82,0,82,128
12/29/2002,ITH,NY,AEA,EN,Federal Contract Tower,0,22,8,0,30,0,0,4,0,4,0,22,12,0,34,60,0,60,94
12/30/2002,ITH,NY,AEA,EN,Federal Contract Tower,0,28,4,0,32,0,0,17,0,17,0,28,21,0,49,104,0,104,153
12/31/2002,ITH,NY,AEA,EN,Federal Contract Tower,0,23,10,0,33,0,2,43,0,45,0,25,53,0,78,104,0,104,182
01/01/2003,ITH,NY,AEA,EN,Federal Contract Tower,0,20,1,0,21,0,0,0,0,0,0,20,1,0,21,12,0,12,33
01/02/2003,ITH,NY,AEA,EN,Federal Contract Tower,0,29,2,0,31,0,0,0,0,0,0,29,2,0,31,2,0,2,33
01/03/2003,ITH,NY,AEA,EN,Federal Contract Tower,0,18,2,0,20,0,0,0,0,0,0,18,2,0,20,0,0,0,20
01/04/2003,ITH,NY,AEA,EN,Federal Contract Tower,0,18,4,0,22,0,0,0,0,0,0,18,4,0,22,0,0,0,22
01/05/2003,ITH,NY,AEA,EN,Federal Contract Tower,0,16,8,0,24,0,0,1,0,1,0,16,9,0,25,4,0,4,29
01/06/2003,ITH,NY,AEA,EN,Federal Contract Tower,0,25,5,0,30,0,0,0,0,0,0,25,5,0,30,0,0,0,30
01/07/2003,ITH,NY,AEA,EN,Federal Contract Tower,0,29,12,0,41,0,2,29,0,31,0,31,41,0,72,87,0,87,159
01/08/2003,ITH,NY,AEA,EN,Federal Contract Tower,0,25,5,0,30,0,4,0,0,4,0,29,5,0,34,16,0,16,50
01/09/2003,ITH,NY,AEA,EN,Federal Contract Tower,0,32,7,0,39,0,1,5,0,6,0,33,12,0,45,33,0,33,78
01/10/2003,ITH,NY,AEA,EN,Federal Contract Tower,0,30,16,0,46,0,1,9,0,10,0,31,25,0,56,83,4,87,143
01/11/2003,ITH,NY,AEA,EN,Federal Contract Tower,0,17,9,0,26,0,0,7,0,7,0,17,16,0,33,15,0,15,48
01/12/2003,ITH,NY,AEA,EN,Federal Contract Tower,0,17,14,0,31,0,2,7,0,9,0,19,21,0,40,58,0,58,98
01/13/2003,ITH,NY,AEA,EN,Federal Contract Tower,0,27,6,0,33,0,0,0,0,0,0,27,6,0,33,44,0,44,77
01/14/2003,ITH,NY,AEA,EN,Federal Contract Tower,0,29,18,0,47,0,2,11,0,13,0,31,29,0,60,92,0,92,152
01/15/2003,ITH,NY,AEA,EN,Federal Contract Tower,0,29,13,0,42,0,3,14,2,19,0,32,27,2,61,70,2,72,133
01/16/2003,ITH,NY,AEA,EN,Federal Contract Tower,0,37,19,0,56,0,5,32,0,37,0,42,51,0,93,92,0,92,185
01/17/2003,ITH,NY,AEA,EN,Federal Contract Tower,0,30,9,0,39,0,0,2,0,2,0,30,11,0,41,0,0,0,41
01/18/2003,ITH,NY,AEA,EN,Federal Contract Tower,0,19,15,0,34,0,0,37,0,37,0,19,52,0,71,105,0,105,176
01/19/2003,ITH,NY,AEA,EN,Federal Contract Tower,0,19,18,0,37,0,0,7,0,7,0,19,25,0,44,92,0,92,136
01/20/2003,ITH,NY,AEA,EN,Federal Contract Tower,0,26,15,0,41,0,0,2,0,2,0,26,17,0,43,22,0,22,65
01/21/2003,ITH,NY,AEA,EN,Federal Contract Tower,0,24,13,2,39,0,0,5,0,5,0,24,18,2,44,64,0,64,108
01/22/2003,ITH,NY,AEA,EN,Federal Contract Tower,0,28,15,0,43,0,2,4,0,6,0,30,19,0,49,0,0,0,49
01/23/2003,ITH,NY,AEA,EN,Federal Contract Tower,0,26,19,0,45,0,2,1,0,3,0,28,20,0,48,0,0,0,48
01/24/2003,ITH,NY,AEA,EN,Federal Contract Tower,0,28,13,0,41,0,0,15,0,15,0,28,28,0,56,78,0,78,134
01/25/2003,ITH,NY,AEA,EN,Federal Contract Tower,0,21,12,0,33,0,0,18,0,18,0,21,30,0,51,41,0,41,92
01/26/2003,ITH,NY,AEA,EN,Federal Contract Tower,0,24,7,0,31,0,0,0,0,0,0,24,7,0,31,14,0,14,45
01/27/2003,ITH,NY,AEA,EN,Federal Contract Tower,0,23,6,0,29,0,0,2,0,2,0,23,8,0,31,0,0,0,31
01/28/2003,ITH,NY,AEA,EN,Federal Contract Tower,0,26,24,0,50,0,2,30,0,32,0,28,54,0,82,110,0,110,192
01/29/2003,ITH,NY,AEA,EN,Federal Contract Tower,0,22,7,0,29,0,0,3,0,3,0,22,10,0,32,6,0,6,38
01/30/2003,ITH,NY,AEA,EN,Federal Contract Tower,0,30,24,0,54,0,5,48,0,53,0,35,72,0,107,89,0,89,196
01/31/2003,ITH,NY,AEA,EN,Federal Contract Tower,0,27,15,0,42,0,1,12,2,15,0,28,27,2,57,34,0,34,91
02/01/2003,ITH,NY,AEA,EN,Federal Contract Tower,0,17,8,0,25,0,0,1,0,1,0,17,9,0,26,0,0,0,26
02/02/2003,ITH,NY,AEA,EN,Federal Contract Tower,0,21,6,0,27,0,0,1,0,1,0,21,7,0,28,0,0,0,28
02/03/2003,ITH,NY,AEA,EN,Federal Contract Tower,0,23,17,0,40,0,0,26,0,26,0,23,43,0,66,92,0,92,158
02/04/2003,ITH,NY,AEA,EN,Federal Contract Tower,0,33,6,0,39,0,1,0,0,1,0,34,6,0,40,0,0,0,40
02/05/2003,ITH,NY,AEA,EN,Federal Contract Tower,0,27,8,0,35,0,2,3,0,5,0,29,11,0,40,0,0,0,40
02/06/2003,ITH,NY,AEA,EN,Federal Contract Tower,0,32,19,0,51,0,4,21,0,25,0,36,40,0,76,61,0,61,137
02/07/2003,ITH,NY,AEA,EN,Federal Contract Tower,0,31,4,0,35,0,0,0,0,0,0,31,4,0,35,0,0,0,35
02/08/2003,ITH,NY,AEA,EN,Federal Contract Tower,0,19,19,0,38,0,3,43,0,46,0,22,62,0,84,166,0,166,250
02/09/2003,ITH,NY,AEA,EN,Federal Contract Tower,0,20,2,0,22,0,0,0,0,0,0,20,2,0,22,18,0,18,40
02/10/2003,ITH,NY,AEA,EN,Federal Contract Tower,0,25,7,0,32,0,0,0,0,0,0,25,7,0,32,0,0,0,32
02/11/2003,ITH,NY,AEA,EN,Federal Contract Tower,0,25,18,0,43,0,3,17,0,20,0,28,35,0,63,108,0,108,171
02/12/2003,ITH,NY,AEA,EN,Federal Contract Tower,0,27,7,0,34,0,3,2,0,5,0,30,9,0,39,0,0,0,39
02/13/2003,ITH,NY,AEA,EN,Federal Contract Tower,0,31,11,0,42,0,0,0,0,0,0,31,11,0,42,30,0,30,72
02/14/2003,ITH,NY,AEA,EN,Federal Contract Tower,0,30,6,0,36,0,2,12,0,14,0,32,18,0,50,75,2,77,127
02/15/2003,ITH,NY,AEA,EN,Federal Contract Tower,0,22,14,0,36,0,1,28,0,29,0,23,42,0,65,70,0,70,135
02/16/2003,ITH,NY,AEA,EN,Federal Contract Tower,0,13,10,0,23,0,0,15,0,15,0,13,25,0,38,68,0,68,106
02/17/2003,ITH,NY,AEA,EN,Federal Contract Tower,0,5,1,0,6,0,0,0,0,0,0,5,1,0,6,0,0,0,6
02/18/2003,ITH,NY,AEA,EN,Federal Contract Tower,0,18,16,0,34,0,2,6,0,8,0,20,22,0,42,93,0,93,135
02/19/2003,ITH,NY,AEA,EN,Federal Contract Tower,0,27,5,0,32,0,2,25,0,27,0,29,30,0,59,79,0,79,138
02/20/2003,ITH,NY,AEA,EN,Federal Contract Tower,0,34,23,0,57,0,3,23,0,26,0,37,46,0,83,135,0,135,218
02/21/2003,ITH,NY,AEA,EN,Federal Contract Tower,0,38,11,0,49,0,2,40,0,42,0,40,51,0,91,64,0,64,155
02/22/2003,ITH,NY,AEA,EN,Federal Contract Tower,0,18,6,0,24,0,0,1,0,1,0,18,7,0,25,0,0,0,25
02/23/2003,ITH,NY,AEA,EN,Federal Contract Tower,0,19,2,0,21,0,0,0,0,0,0,19,2,0,21,0,0,0,21
02/24/2003,ITH,NY,AEA,EN,Federal Contract Tower,0,28,4,0,32,0,0,1,0,1,0,28,5,0,33,32,4,36,69
02/25/2003,ITH,NY,AEA,EN,Federal Contract Tower,0,30,16,0,46,0,0,14,0,14,0,30,30,0,60,67,0,67,127
02/26/2003,ITH,NY,AEA,EN,Federal Contract Tower,0,25,16,0,41,0,3,18,0,21,0,28,34,0,62,124,0,124,186
02/27/2003,ITH,NY,AEA,EN,Federal Contract Tower,0,25,19,0,44,0,0,7,0,7,0,25,26,0,51,59,0,59,110
02/28/2003,ITH,NY,AEA,EN,Federal Contract Tower,0,32,13,0,45,0,1,5,0,6,0,33,18,0,51,69,0,69,120
03/01/2003,ITH,NY,AEA,EN,Federal Contract Tower,0,18,12,0,30,0,0,0,0,0,0,18,12,0,30,57,0,57,87
03/02/2003,ITH,NY,AEA,EN,Federal Contract Tower,0,22,6,0,28,0,0,0,0,0,0,22,6,0,28,0,0,0,28
03/03/2003,ITH,NY,AEA,EN,Federal Contract Tower,0,27,5,0,32,0,0,8,0,8,0,27,13,0,40,82,0,82,122
03/04/2003,ITH,NY,AEA,EN,Federal Contract Tower,0,31,18,0,49,0,0,20,0,20,0,31,38,0,69,114,0,114,183
03/05/2003,ITH,NY,AEA,EN,Federal Contract Tower,0,31,15,0,46,0,1,7,0,8,0,32,22,0,54,45,0,45,99
03/06/2003,ITH,NY,AEA,EN,Federal Contract Tower,0,22,25,0,47,0,0,4,0,4,0,22,29,0,51,0,0,0,51
03/07/2003,ITH,NY,AEA,EN,Federal Contract Tower,0,52,27,0,79,0,11,30,0,41,0,63,57,0,120,80,0,80,200
03/08/2003,ITH,NY,AEA,EN,Federal Contract Tower,0,22,13,0,35,0,0,37,0,37,0,22,50,0,72,114,0,114,186
03/09/2003,ITH,NY,AEA,EN,Federal Contract Tower,0,24,12,0,36,0,0,7,0,7,0,24,19,0,43,53,0,53,96
03/10/2003,ITH,NY,AEA,EN,Federal Contract Tower,0,30,16,0,46,0,0,6,0,6,0,30,22,0,52,57,0,57,109
03/11/2003,ITH,NY,AEA,EN,Federal Contract Tower,0,30,14,0,44,0,1,22,0,23,0,31,36,0,67,127,0,127,194
03/12/2003,ITH,NY,AEA,EN,Federal Contract Tower,0,30,9,0,39,0,0,24,0,24,0,30,33,0,63,93,0,93,156
03/13/2003,ITH,NY,AEA,EN,Federal Contract Tower,0,29,10,0,39,0,0,0,0,0,0,29,10,0,39,0,0,0,39
03/14/2003,ITH,NY,AEA,EN,Federal Contract Tower,0,30,17,0,47,0,0,30,0,30,0,30,47,0,77,58,0,58,135
03/15/2003,ITH,NY,AEA,EN,Federal Contract Tower,0,19,13,0,32,0,0,55,0,55,0,19,68,0,87,114,0,114,201
03/16/2003,ITH,NY,AEA,EN,Federal Contract Tower,0,26,11,0,37,0,0,32,0,32,0,26,43,0,69,146,0,146,215
03/17/2003,ITH,NY,AEA,EN,Federal Contract Tower,0,30,14,0,44,0,0,15,0,15,0,30,29,0,59,116,0,116,175
03/18/2003,ITH,NY,AEA,EN,Federal Contract Tower,0,20,13,0,33,0,0,11,0,11,0,20,24,0,44,37,0,37,81
03/19/2003,ITH,NY,AEA,EN,Federal Contract Tower,0,30,19,0,49,0,0,52,2,54,0,30,71,2,103,168,0,168,271
03/20/2003,ITH,NY,AEA,EN,Federal Contract Tower,0,30,8,0,38,0,0,3,0,3,0,30,11,0,41,0,0,0,41
03/21/2003,ITH,NY,AEA,EN,Federal Contract Tower,0,28,12,0,40,0,1,11,2,14,0,29,23,2,54,40,0,40,94
03/22/2003,ITH,NY,AEA,EN,Federal Contract Tower,0,20,11,0,31,0,0,9,0,9,0,20,20,0,40,97,0,97,137
03/23/2003,ITH,NY,AEA,EN,Federal Contract Tower,0,22,33,0,55,0,0,14,0,14,0,22,47,0,69,120,0,120,189
03/24/2003,ITH,NY,AEA,EN,Federal Contract Tower,0,30,11,0,41,0,0,23,0,23,0,30,34,0,64,133,0,133,197
03/25/2003,ITH,NY,AEA,EN,Federal Contract Tower,0,34,10,0,44,0,3,16,0,19,0,37,26,0,63,98,0,98,161
03/26/2003,ITH,NY,AEA,EN,Federal Contract Tower,0,34,7,0,41,0,0,0,0,0,0,34,7,0,41,0,0,0,41
03/27/2003,ITH,NY,AEA,EN,Federal Contract Tower,0,32,29,0,61,0,1,39,0,40,0,33,68,0,101,123,0,123,224
03/28/2003,ITH,NY,AEA,EN,Federal Contract Tower,0,40,17,2,59,0,6,22,0,28,0,46,39,2,87,36,0,36,123
03/29/2003,ITH,NY,AEA,EN,Federal Contract Tower,0,18,6,0,24,0,0,1,0,1,0,18,7,0,25,0,0,0,25
03/30/2003,ITH,NY,AEA,EN,Federal Contract Tower,0,22,4,0,26,0,0,0,0,0,0,22,4,0,26,0,0,0,26
03/31/2003,ITH,NY,AEA,EN,Federal Contract Tower,0,30,19,0,49,0,0,0,12,12,0,30,19,12,61,72,0,72,133
04/01/2003,ITH,NY,AEA,EN,Federal Contract Tower,0,32,4,0,36,0,0,0,0,0,0,32,4,0,36,25,0,25,61
04/02/2003,ITH,NY,AEA,EN,Federal Contract Tower,0,23,41,0,64,0,0,0,0,0,0,23,41,0,64,72,0,72,136
04/03/2003,ITH,NY,AEA,EN,Federal Contract Tower,0,4,3,0,7,0,0,0,0,0,0,4,3,0,7,0,0,0,7
04/04/2003,ITH,NY,AEA,EN,Federal Contract Tower,0,9,6,0,15,0,0,0,0,0,0,9,6,0,15,0,0,0,15
04/05/2003,ITH,NY,AEA,EN,Federal Contract Tower,0,21,8,0,29,0,0,1,0,1,0,21,9,0,30,0,0,0,30
04/06/2003,ITH,NY,AEA,EN,Federal Contract Tower,0,25,14,0,39,0,0,32,0,32,0,25,46,0,71,142,0,142,213
04/07/2003,ITH,NY,AEA,EN,Federal Contract Tower,0,24,4,0,28,0,0,0,0,0,0,24,4,0,28,4,0,4,32
04/08/2003,ITH,NY,AEA,EN,Federal Contract Tower,0,33,12,0,45,0,0,0,0,0,0,33,12,0,45,0,0,0,45
04/09/2003,ITH,NY,AEA,EN,Federal Contract Tower,0,3,4,0,7,0,0,0,0,0,0,3,4,0,7,0,0,0,7
04/10/2003,ITH,NY,AEA,EN,Federal Contract Tower,0,38,33,0,71,0,1,32,2,35,0,39,65,2,106,124,8,132,238
04/11/2003,ITH,NY,AEA,EN,Federal Contract Tower,0,31,18,0,49,0,0,25,0,25,0,31,43,0,74,93,0,93,167
04/12/2003,ITH,NY,AEA,EN,Federal Contract Tower,0,20,17,0,37,0,0,30,12,42,0,20,47,12,79,92,42,134,213
04/13/2003,ITH,NY,AEA,EN,Federal Contract Tower,0,23,19,0,42,0,0,35,0,35,0,23,54,0,77,132,0,132,209
04/14/2003,ITH,NY,AEA,EN,Federal Contract Tower,0,32,14,0,46,0,0,38,0,38,0,32,52,0,84,140,0,140,224
04/15/2003,ITH,NY,AEA,EN,Federal Contract Tower,0,31,12,0,43,0,7,35,0,42,0,38,47,0,85,165,0,165,250
04/16/2003,ITH,NY,AEA,EN,Federal Contract Tower,0,35,19,0,54,0,1,33,2,36,0,36,52,2,90,124,0,124,214
04/17/2003,ITH,NY,AEA,EN,Federal Contract Tower,0,36,18,0,54,0,7,25,0,32,0,43,43,0,86,111,0,111,197
04/18/2003,ITH,NY,AEA,EN,Federal Contract Tower,0,37,18,0,55,0,1,33,0,34,0,38,51,0,89,115,0,115,204
04/19/2003,ITH,NY,AEA,EN,Federal Contract Tower,0,17,17,0,34,0,0,30,0,30,0,17,47,0,64,87,0,87,151
04/20/2003,ITH,NY,AEA,EN,Federal Contract Tower,0,24,13,0,37,0,0,45,0,45,0,24,58,0,82,118,0,118,200
04/21/2003,ITH,NY,AEA,EN,Federal Contract Tower,0,32,27,0,59,0,0,7,0,7,0,32,34,0,66,56,0,56,122
04/22/2003,ITH,NY,AEA,EN,Federal Contract Tower,0,33,16,0,49,0,0,3,0,3,0,33,19,0,52,22,0,22,74
04/23/2003,ITH,NY,AEA,EN,Federal Contract Tower,0,26,14,0,40,0,0,0,0,0,0,26,14,0,40,0,0,0,40
04/24/2003,ITH,NY,AEA,EN,Federal Contract Tower,0,32,18,1,51,0,0,38,1,39,0,32,56,2,90,123,0,123,213
04/25/2003,ITH,NY,AEA,EN,Federal Contract Tower,0,36,11,0,47,0,2,60,0,62,0,38,71,0,109,119,0,119,228
04/26/2003,ITH,NY,AEA,EN,Federal Contract Tower,0,24,14,0,38,0,0,7,0,7,0,24,21,0,45,6,0,6,51
04/27/2003,ITH,NY,AEA,EN,Federal Contract Tower,0,26,18,0,44,0,0,64,0,64,0,26,82,0,108,140,0,140,248
04/28/2003,ITH,NY,AEA,EN,Federal Contract Tower,0,34,11,0,45,0,0,17,0,17,0,34,28,0,62,98,0,98,160
04/29/2003,ITH,NY,AEA,EN,Federal Contract Tower,0,35,16,0,51,0,2,31,0,33,0,37,47,0,84,140,0,140,224
04/30/2003,ITH,NY,AEA,EN,Federal Contract Tower,0,27,17,0,44,0,2,33,0,35,0,29,50,0,79,163,0,163,242
05/01/2003,ITH,NY,AEA,EN,Federal Contract Tower,0,31,14,0,45,0,3,22,0,25,0,34,36,0,70,62,0,62,132
05/02/2003,ITH,NY,AEA,EN,Federal Contract Tower,0,28,7,0,35,0,0,0,0,0,0,28,7,0,35,0,0,0,35
05/03/2003,ITH,NY,AEA,EN,Federal Contract Tower,0,18,6,0,24,0,0,30,0,30,0,18,36,0,54,111,0,111,165
05/04/2003,ITH,NY,AEA,EN,Federal Contract Tower,0,20,19,0,39,0,0,46,0,46,0,20,65,0,85,153,0,153,238
05/05/2003,ITH,NY,AEA,EN,Federal Contract Tower,0,32,13,0,45,0,0,0,0,0,0,32,13,0,45,4,0,4,49
05/06/2003,ITH,NY,AEA,EN,Federal Contract Tower,0,28,18,0,46,0,1,13,0,14,0,29,31,0,60,78,0,78,138
05/07/2003,ITH,NY,AEA,EN,Federal Contract Tower,0,30,22,2,54,0,0,18,2,20,0,30,40,4,74,127,10,137,211
05/08/2003,ITH,NY,AEA,EN,Federal Contract Tower,0,37,27,0,64,0,1,10,0,11,0,38,37,0,75,74,0,74,149
05/09/2003,ITH,NY,AEA,EN,Federal Contract Tower,0,36,17,0,53,0,2,34,0,36,0,38,51,0,89,103,0,103,192
05/10/2003,ITH,NY,AEA,EN,Federal Contract Tower,0,16,12,0,28,0,0,14,0,14,0,16,26,0,42,153,0,153,195
05/11/2003,ITH,NY,AEA,EN,Federal Contract Tower,0,20,36,0,56,0,0,125,0,125,0,20,161,0,181,282,0,282,463
05/12/2003,ITH,NY,AEA,EN,Federal Contract Tower,0,30,22,0,52,0,0,6,0,6,0,30,28,0,58,8,0,8,66
05/13/2003,ITH,NY,AEA,EN,Federal Contract Tower,0,34,17,0,51,0,0,3,0,3,0,34,20,0,54,0,0,0,54
05/14/2003,ITH,NY,AEA,EN,Federal Contract Tower,0,31,23,0,54,0,0,15,0,15,0,31,38,0,69,123,0,123,192
05/15/2003,ITH,NY,AEA,EN,Federal Contract Tower,0,42,14,0,56,0,1,39,0,40,0,43,53,0,96,131,0,131,227
05/16/2003,ITH,NY,AEA,EN,Federal Contract Tower,0,31,16,0,47,0,2,27,0,29,0,33,43,0,76,112,0,112,188
05/17/2003,ITH,NY,AEA,EN,Federal Contract Tower,0,18,18,0,36,0,0,11,0,11,0,18,29,0,47,53,0,53,100
05/18/2003,ITH,NY,AEA,EN,Federal Contract Tower,0,22,22,0,44,0,0,41,0,41,0,22,63,0,85,140,0,140,225
05/19/2003,ITH,NY,AEA,EN,Federal Contract Tower,0,36,10,0,46,0,0,59,0,59,0,36,69,0,105,175,0,175,280
05/20/2003,ITH,NY,AEA,EN,Federal Contract Tower,0,28,16,0,44,0,0,30,0,30,0,28,46,0,74,129,0,129,203
05/21/2003,ITH,NY,AEA,EN,Federal Contract Tower,0,30,15,0,45,0,2,19,8,29,0,32,34,8,74,90,0,90,164
05/22/2003,ITH,NY,AEA,EN,Federal Contract Tower,0,43,21,6,70,0,2,30,4,36,0,45,51,10,106,113,36,149,255
05/23/2003,ITH,NY,AEA,EN,Federal Contract Tower,0,57,31,0,88,0,4,11,0,15,0,61,42,0,103,75,0,75,178
05/24/2003,ITH,NY,AEA,EN,Federal Contract Tower,0,31,23,0,54,0,0,0,0,0,0,31,23,0,54,0,0,0,54
05/25/2003,ITH,NY,AEA,EN,Federal Contract Tower,0,37,35,0,72,0,0,30,0,30,0,37,65,0,102,102,0,102,204
05/26/2003,ITH,NY,AEA,EN,Federal Contract Tower,0,42,12,0,54,0,0,0,0,0,0,42,12,0,54,0,0,0,54
05/27/2003,ITH,NY,AEA,EN,Federal Contract Tower,0,40,14,0,54,0,0,38,0,38,0,40,52,0,92,116,0,116,208
05/28/2003,ITH,NY,AEA,EN,Federal Contract Tower,0,31,10,0,41,0,2,23,2,27,0,33,33,2,68,105,8,113,181
05/29/2003,ITH,NY,AEA,EN,Federal Contract Tower,0,35,22,0,57,0,0,40,4,44,0,35,62,4,101,114,10,124,225
05/30/2003,ITH,NY,AEA,EN,Federal Contract Tower,0,30,22,0,52,0,0,26,0,26,0,30,48,0,78,92,0,92,170
05/31/2003,ITH,NY,AEA,EN,Federal Contract Tower,0,17,13,0,30,0,2,7,0,9,0,19,20,0,39,29,0,29,68
06/01/2003,ITH,NY,AEA,EN,Federal Contract Tower,0,17,6,0,23,0,0,9,0,9,0,17,15,0,32,28,0,28,60
06/02/2003,ITH,NY,AEA,EN,Federal Contract Tower,0,29,14,0,43,0,0,56,0,56,0,29,70,0,99,197,0,197,296
06/03/2003,ITH,NY,AEA,EN,Federal Contract Tower,0,30,16,0,46,0,0,36,0,36,0,30,52,0,82,175,0,175,257
06/04/2003,ITH,NY,AEA,EN,Federal Contract Tower,0,30,18,2,50,0,0,8,2,10,0,30,26,4,60,104,18,122,182
06/05/2003,ITH,NY,AEA,EN,Federal Contract Tower,0,37,22,0,59,0,1,15,2,18,0,38,37,2,77,71,2,73,150
06/06/2003,ITH,NY,AEA,EN,Federal Contract Tower,0,41,24,0,65,0,7,51,0,58,0,48,75,0,123,136,0,136,259
06/07/2003,ITH,NY,AEA,EN,Federal Contract Tower,0,22,17,0,39,0,0,5,0,5,0,22,22,0,44,0,0,0,44
06/08/2003,ITH,NY,AEA,EN,Federal Contract Tower,0,25,21,0,46,0,0,57,0,57,0,25,78,0,103,194,0,194,297
06/09/2003,ITH,NY,AEA,EN,Federal Contract Tower,0,30,16,0,46,0,0,18,0,18,0,30,34,0,64,112,0,112,176
06/10/2003,ITH,NY,AEA,EN,Federal Contract Tower,0,30,27,0,57,0,2,32,0,34,0,32,59,0,91,175,0,175,266
06/11/2003,ITH,NY,AEA,EN,Federal Contract Tower,0,31,8,0,39,0,0,13,0,13,0,31,21,0,52,110,0,110,162
06/12/2003,ITH,NY,AEA,EN,Federal Contract Tower,0,33,19,0,52,0,0,0,0,0,0,33,19,0,52,0,0,0,52
06/13/2003,ITH,NY,AEA,EN,Federal Contract Tower,0,30,12,0,42,0,0,0,0,0,0,30,12,0,42,29,0,29,71
06/14/2003,ITH,NY,AEA,EN,Federal Contract Tower,0,28,19,0,47,0,0,10,0,10,0,28,29,0,57,60,0,60,117
06/15/2003,ITH,NY,AEA,EN,Federal Contract Tower,0,21,24,0,45,0,0,115,3,118,0,21,139,3,163,474,0,474,637
06/16/2003,ITH,NY,AEA,EN,Federal Contract Tower,0,29,13,0,42,0,0,25,0,25,0,29,38,0,67,175,0,175,242
06/17/2003,ITH,NY,AEA,EN,Federal Contract Tower,0,29,19,0,48,0,2,37,0,39,0,31,56,0,87,166,0,166,253
06/18/2003,ITH,NY,AEA,EN,Federal Contract Tower,0,30,25,0,55,0,1,3,0,4,0,31,28,0,59,18,0,18,77
06/19/2003,ITH,NY,AEA,EN,Federal Contract Tower,0,29,17,0,46,0,2,0,0,2,0,31,17,0,48,10,0,10,58
06/20/2003,ITH,NY,AEA,EN,Federal Contract Tower,0,32,19,5,56,0,6,17,0,23,0,38,36,5,79,90,22,112,191
06/21/2003,ITH,NY,AEA,EN,Federal Contract Tower,0,21,11,0,32,0,0,0,0,0,0,21,11,0,32,0,0,0,32
06/22/2003,ITH,NY,AEA,EN,Federal Contract Tower,0,24,12,0,36,0,0,18,0,18,0,24,30,0,54,145,0,145,199
06/23/2003,ITH,NY,AEA,EN,Federal Contract Tower,0,28,17,0,45,0,0,25,0,25,0,28,42,0,70,172,0,172,242
06/24/2003,ITH,NY,AEA,EN,Federal Contract Tower,0,30,10,0,40,0,1,34,4,39,0,31,44,4,79,178,0,178,257
06/25/2003,ITH,NY,AEA,EN,Federal Contract Tower,0,28,13,0,41,0,0,31,0,31,0,28,44,0,72,164,0,164,236
06/26/2003,ITH,NY,AEA,EN,Federal Contract Tower,0,28,15,0,43,0,1,24,0,25,0,29,39,0,68,123,0,123,191
06/27/2003,ITH,NY,AEA,EN,Federal Contract Tower,0,27,15,0,42,0,2,33,0,35,0,29,48,0,77,94,0,94,171
06/28/2003,ITH,NY,AEA,EN,Federal Contract Tower,0,16,9,0,25,0,0,54,0,54,0,16,63,0,79,114,0,114,193
06/29/2003,ITH,NY,AEA,EN,Federal Contract Tower,0,24,8,0,32,0,0,19,0,19,0,24,27,0,51,92,0,92,143
06/30/2003,ITH,NY,AEA,EN,Federal Contract Tower,0,28,5,0,33,0,0,30,0,30,0,28,35,0,63,128,0,128,191
07/01/2003,ITH,NY,AEA,EN,Federal Contract Tower,0,27,17,0,44,0,3,31,2,36,0,30,48,2,80,194,0,194,274
07/02/2003,ITH,NY,AEA,EN,Federal Contract Tower,0,29,10,0,39,0,0,34,0,34,0,29,44,0,73,185,0,185,258
07/03/2003,ITH,NY,AEA,EN,Federal Contract Tower,0,30,17,0,47,0,1,26,0,27,0,31,43,0,74,105,0,105,179
07/04/2003,ITH,NY,AEA,EN,Federal Contract Tower,0,18,6,0,24,0,0,17,0,17,0,18,23,0,41,71,0,71,112
07/05/2003,ITH,NY,AEA,EN,Federal Contract Tower,0,13,10,0,23,0,0,15,0,15,0,13,25,0,38,124,0,124,162
07/06/2003,ITH,NY,AEA,EN,Federal Contract Tower,0,27,12,0,39,0,0,25,0,25,0,27,37,0,64,134,0,134,198
07/07/2003,ITH,NY,AEA,EN,Federal Contract Tower,0,31,9,0,40,0,0,19,0,19,0,31,28,0,59,132,0,132,191
07/08/2003,ITH,NY,AEA,EN,Federal Contract Tower,0,32,20,0,52,0,3,23,0,26,0,35,43,0,78,167,0,167,245
07/09/2003,ITH,NY,AEA,EN,Federal Contract Tower,0,33,25,0,58,0,1,18,0,19,0,34,43,0,77,108,0,108,185
07/10/2003,ITH,NY,AEA,EN,Federal Contract Tower,0,31,25,0,56,0,4,11,0,15,0,35,36,0,71,100,0,100,171
07/11/2003,ITH,NY,AEA,EN,Federal Contract Tower,0,29,15,0,44,0,3,7,0,10,0,32,22,0,54,78,0,78,132
07/12/2003,ITH,NY,AEA,EN,Federal Contract Tower,0,20,7,0,27,0,0,22,0,22,0,20,29,0,49,121,0,121,170
07/13/2003,ITH,NY,AEA,EN,Federal Contract Tower,0,20,16,0,36,0,0,68,0,68,0,20,84,0,104,174,0,174,278
07/14/2003,ITH,NY,AEA,EN,Federal Contract Tower,0,28,16,0,44,0,0,39,2,41,0,28,55,2,85,217,0,217,302
07/15/2003,ITH,NY,AEA,EN,Federal Contract Tower,0,31,15,0,46,0,1,24,0,25,0,32,39,0,71,162,0,162,233
07/16/2003,ITH,NY,AEA,EN,Federal Contract Tower,0,32,13,0,45,0,0,5,0,5,0,32,18,0,50,139,0,139,189
07/17/2003,ITH,NY,AEA,EN,Federal Contract Tower,0,26,24,0,50,0,0,39,0,39,0,26,63,0,89,216,0,216,305
07/18/2003,ITH,NY,AEA,EN,Federal Contract Tower,0,22,11,0,33,0,2,6,0,8,0,24,17,0,41,73,0,73,114
07/19/2003,ITH,NY,AEA,EN,Federal Contract Tower,0,21,14,0,35,0,0,46,0,46,0,21,60,0,81,155,0,155,236
07/20/2003,ITH,NY,AEA,EN,Federal Contract Tower,0,19,9,0,28,0,0,44,0,44,0,19,53,0,72,146,0,146,218
07/21/2003,ITH,NY,AEA,EN,Federal Contract Tower,0,25,9,0,34,0,0,1,0,1,0,25,10,0,35,0,0,0,35
07/22/2003,ITH,NY,AEA,EN,Federal Contract Tower,0,22,14,0,36,0,0,11,2,13,0,22,25,2,49,88,0,88,137
07/23/2003,ITH,NY,AEA,EN,Federal Contract Tower,0,27,13,0,40,0,0,11,0,11,0,27,24,0,51,74,0,74,125
07/24/2003,ITH,NY,AEA,EN,Federal Contract Tower,0,36,12,0,48,0,0,0,0,0,0,36,12,0,48,6,0,6,54
07/25/2003,ITH,NY,AEA,EN,Federal Contract Tower,0,26,9,0,35,0,1,25,0,26,0,27,34,0,61,164,0,164,225
07/26/2003,ITH,NY,AEA,EN,Federal Contract Tower,0,22,12,0,34,0,0,32,0,32,0,22,44,0,66,104,0,104,170
07/27/2003,ITH,NY,AEA,EN,Federal Contract Tower,0,26,6,0,32,0,0,6,0,6,0,26,12,0,38,21,0,21,59
07/28/2003,ITH,NY,AEA,EN,Federal Contract Tower,0,25,10,6,41,0,0,38,0,38,0,25,48,6,79,164,24,188,267
07/29/2003,ITH,NY,AEA,EN,Federal Contract Tower,0,28,22,0,50,0,0,23,0,23,0,28,45,0,73,182,0,182,255
07/30/2003,ITH,NY,AEA,EN,Federal Contract Tower,0,38,12,0,50,0,0,36,0,36,0,38,48,0,86,122,0,122,208
07/31/2003,ITH,NY,AEA,EN,Federal Contract Tower,0,29,21,1,51,0,1,20,1,22,0,30,41,2,73,132,12,144,217
08/01/2003,ITH,NY,AEA,EN,Federal Contract Tower,0,30,10,0,40,0,0,1,0,1,0,30,11,0,41,0,0,0,41
08/02/2003,ITH,NY,AEA,EN,Federal Contract Tower,0,22,13,0,35,0,0,13,0,13,0,22,26,0,48,97,0,97,145
08/03/2003,ITH,NY,AEA,EN,Federal Contract Tower,0,23,17,1,41,0,0,5,0,5,0,23,22,1,46,55,8,63,109
08/04/2003,ITH,NY,AEA,EN,Federal Contract Tower,0,30,16,0,46,0,0,22,0,22,0,30,38,0,68,145,0,145,213
08/05/2003,ITH,NY,AEA,EN,Federal Contract Tower,0,38,12,0,50,0,0,3,0,3,0,38,15,0,53,25,0,25,78
08/06/2003,ITH,NY,AEA,EN,Federal Contract Tower,0,27,13,0,40,0,0,4,0,4,0,27,17,0,44,32,0,32,76
08/07/2003,ITH,NY,AEA,EN,Federal Contract Tower,0,33,29,0,62,0,0,22,0,22,0,33,51,0,84,104,0,104,188
08/08/2003,ITH,NY,AEA,EN,Federal Contract Tower,0,27,12,0,39,0,0,4,0,4,0,27,16,0,43,7,0,7,50
08/09/2003,ITH,NY,AEA,EN,Federal Contract Tower,0,18,10,0,28,0,0,3,0,3,0,18,13,0,31,2,0,2,33
08/10/2003,ITH,NY,AEA,EN,Federal Contract Tower,0,27,41,0,68,0,0,26,0,26,0,27,67,0,94,97,0,97,191
08/11/2003,ITH,NY,AEA,EN,Federal Contract Tower,0,29,18,0,47,0,0,2,0,2,0,29,20,0,49,0,0,0,49
08/12/2003,ITH,NY,AEA,EN,Federal Contract Tower,0,27,11,0,38,0,0,13,0,13,0,27,24,0,51,146,0,146,197
08/13/2003,ITH,NY,AEA,EN,Federal Contract Tower,0,26,16,0,42,0,0,16,0,16,0,26,32,0,58,122,0,122,180
08/14/2003,ITH,NY,AEA,EN,Federal Contract Tower,0,31,18,0,49,0,4,34,0,38,0,35,52,0,87,104,0,104,191
08/15/2003,ITH,NY,AEA,EN,Federal Contract Tower,0,20,19,0,39,0,1,36,0,37,0,21,55,0,76,120,8,128,204
08/16/2003,ITH,NY,AEA,EN,Federal Contract Tower,0,21,8,0,29,0,0,0,0,0,0,21,8,0,29,11,0,11,40
08/17/2003,ITH,NY,AEA,EN,Federal Contract Tower,0,23,19,0,42,0,0,21,0,21,0,23,40,0,63,112,0,112,175
08/18/2003,ITH,NY,AEA,EN,Federal Contract Tower,0,33,20,0,53,0,0,22,0,22,0,33,42,0,75,129,0,129,204
08/19/2003,ITH,NY,AEA,EN,Federal Contract Tower,0,28,29,0,57,0,0,29,0,29,0,28,58,0,86,168,0,168,254
08/20/2003,ITH,NY,AEA,EN,Federal Contract Tower,0,32,10,0,42,0,0,37,2,39,0,32,47,2,81,155,0,155,236
08/21/2003,ITH,NY,AEA,EN,Federal Contract Tower,0,29,26,2,57,0,0,12,6,18,0,29,38,8,75,66,8,74,149
08/22/2003,ITH,NY,AEA,EN,Federal Contract Tower,0,30,13,0,43,0,1,6,0,7,0,31,19,0,50,72,0,72,122
08/23/2003,ITH,NY,AEA,EN,Federal Contract Tower,0,22,19,0,41,0,3,35,0,38,0,25,54,0,79,150,0,150,229
08/24/2003,ITH,NY,AEA,EN,Federal Contract Tower,0,18,13,0,31,0,0,49,0,49,0,18,62,0,80,152,0,152,232
08/25/2003,ITH,NY,AEA,EN,Federal Contract Tower,0,30,19,0,49,0,0,17,0,17,0,30,36,0,66,117,0,117,183
08/26/2003,ITH,NY,AEA,EN,Federal Contract Tower,0,30,15,0,45,0,0,14,0,14,0,30,29,0,59,118,0,118,177
08/27/2003,ITH,NY,AEA,EN,Federal Contract Tower,0,33,15,0,48,0,0,20,0,20,0,33,35,0,68,146,0,146,214
08/28/2003,ITH,NY,AEA,EN,Federal Contract Tower,0,28,18,0,46,0,1,74,0,75,0,29,92,0,121,122,0,122,243
08/29/2003,ITH,NY,AEA,EN,Federal Contract Tower,0,28,16,0,44,0,0,0,0,0,0,28,16,0,44,6,0,6,50
08/30/2003,ITH,NY,AEA,EN,Federal Contract Tower,0,18,11,0,29,0,0,19,0,19,0,18,30,0,48,58,0,58,106
08/31/2003,ITH,NY,AEA,EN,Federal Contract Tower,0,17,11,0,28,0,0,72,0,72,0,17,83,0,100,148,0,148,248
09/01/2003,ITH,NY,AEA,EN,Federal Contract Tower,0,19,9,0,28,0,0,0,0,0,0,19,9,0,28,0,0,0,28
09/02/2003,ITH,NY,AEA,EN,Federal Contract Tower,0,25,25,0,50,0,0,5,0,5,0,25,30,0,55,0,0,0,55
09/03/2003,ITH,NY,AEA,EN,Federal Contract Tower,0,24,10,0,34,0,0,0,0,0,0,24,10,0,34,4,0,4,38
09/04/2003,ITH,NY,AEA,EN,Federal Contract Tower,0,33,19,0,52,0,0,7,0,7,0,33,26,0,59,42,2,44,103
09/05/2003,ITH,NY,AEA,EN,Federal Contract Tower,0,27,32,0,59,0,1,5,0,6,0,28,37,0,65,32,0,32,97
09/06/2003,ITH,NY,AEA,EN,Federal Contract Tower,0,21,15,0,36,0,2,39,0,41,0,23,54,0,77,95,0,95,172
09/07/2003,ITH,NY,AEA,EN,Federal Contract Tower,0,22,18,0,40,0,2,44,0,46,0,24,62,0,86,159,0,159,245
09/08/2003,ITH,NY,AEA,EN,Federal Contract Tower,0,35,26,0,61,0,0,13,0,13,0,35,39,0,74,99,0,99,173
09/09/2003,ITH,NY,AEA,EN,Federal Contract Tower,0,27,20,0,47,0,0,56,0,56,0,27,76,0,103,148,0,148,251
09/10/2003,ITH,NY,AEA,EN,Federal Contract Tower,0,26,11,0,37,0,0,38,0,38,0,26,49,0,75,129,0,129,204
09/11/2003,ITH,NY,AEA,EN,Federal Contract Tower,0,19,28,0,47,0,0,43,0,43,0,19,71,0,90,136,0,136,226
09/12/2003,ITH,NY,AEA,EN,Federal Contract Tower,0,27,16,0,43,0,5,33,0,38,0,32,49,0,81,122,0,122,203
09/13/2003,ITH,NY,AEA,EN,Federal Contract Tower,0,30,21,0,51,0,0,4,0,4,0,30,25,0,55,18,0,18,73
09/14/2003,ITH,NY,AEA,EN,Federal Contract Tower,0,18,19,0,37,0,0,33,0,33,0,18,52,0,70,298,0,298,368
09/15/2003,ITH,NY,AEA,EN,Federal Contract Tower,0,23,16,0,39,0,0,0,0,0,0,23,16,0,39,20,0,20,59
09/16/2003,ITH,NY,AEA,EN,Federal Contract Tower,0,30,20,2,52,0,0,24,0,24,0,30,44,2,76,134,2,136,212
09/17/2003,ITH,NY,AEA,EN,Federal Contract Tower,0,29,23,0,52,0,0,29,0,29,0,29,52,0,81,158,0,158,239
09/18/2003,ITH,NY,AEA,EN,Federal Contract Tower,0,29,16,0,45,0,0,18,0,18,0,29,34,0,63,118,0,118,181
09/19/2003,ITH,NY,AEA,EN,Federal Contract Tower,0,27,10,0,37,0,0,0,0,0,0,27,10,0,37,0,0,0,37
09/20/2003,ITH,NY,AEA,EN,Federal Contract Tower,0,26,18,0,44,0,0,18,0,18,0,26,36,0,62,68,0,68,130
09/21/2003,ITH,NY,AEA,EN,Federal Contract Tower,0,24,13,0,37,0,0,41,0,41,0,24,54,0,78,192,0,192,270
09/22/2003,ITH,NY,AEA,EN,Federal Contract Tower,0,27,26,0,53,0,0,0,0,0,0,27,26,0,53,19,0,19,72
09/23/2003,ITH,NY,AEA,EN,Federal Contract Tower,0,24,19,0,43,0,1,15,0,16,0,25,34,0,59,72,0,72,131
09/24/2003,ITH,NY,AEA,EN,Federal Contract Tower,0,25,25,0,50,0,2,17,0,19,0,27,42,0,69,146,0,146,215
09/25/2003,ITH,NY,AEA,EN,Federal Contract Tower,0,27,29,0,56,0,0,1,0,1,0,27,30,0,57,46,0,46,103
09/26/2003,ITH,NY,AEA,EN,Federal Contract Tower,0,35,26,0,61,0,0,33,0,33,0,35,59,0,94,104,0,104,198
09/27/2003,ITH,NY,AEA,EN,Federal Contract Tower,0,24,11,0,35,0,0,0,0,0,0,24,11,0,35,2,0,2,37
09/28/2003,ITH,NY,AEA,EN,Federal Contract Tower,0,35,25,0,60,0,0,10,0,10,0,35,35,0,70,85,0,85,155
09/29/2003,ITH,NY,AEA,EN,Federal Contract Tower,0,28,14,0,42,0,0,14,0,14,0,28,28,0,56,63,0,63,119
09/30/2003,ITH,NY,AEA,EN,Federal Contract Tower,0,24,18,0,42,0,0,28,0,28,0,24,46,0,70,119,0,119,189
10/01/2003,ITH,NY,AEA,EN,Federal Contract Tower,0,24,15,0,39,0,0,14,0,14,0,24,29,0,53,120,0,120,173
10/02/2003,ITH,NY,AEA,EN,Federal Contract Tower,0,25,14,0,39,0,0,4,0,4,0,25,18,0,43,2,0,2,45
10/03/2003,ITH,NY,AEA,EN,Federal Contract Tower,0,28,13,0,41,0,0,36,0,36,0,28,49,0,77,102,0,102,179
10/04/2003,ITH,NY,AEA,EN,Federal Contract Tower,0,23,9,0,32,0,0,0,0,0,0,23,9,0,32,6,0,6,38
10/05/2003,ITH,NY,AEA,EN,Federal Contract Tower,0,22,7,0,29,0,0,29,0,29,0,22,36,0,58,112,0,112,170
10/06/2003,ITH,NY,AEA,EN,Federal Contract Tower,0,30,16,0,46,0,0,24,0,24,0,30,40,0,70,104,0,104,174
10/07/2003,ITH,NY,AEA,EN,Federal Contract Tower,0,31,18,0,49,0,0,45,0,45,0,31,63,0,94,181,0,181,275
10/08/2003,ITH,NY,AEA,EN,Federal Contract Tower,0,38,11,0,49,0,1,46,0,47,0,39,57,0,96,174,0,174,270
10/09/2003,ITH,NY,AEA,EN,Federal Contract Tower,0,44,21,0,65,0,0,38,0,38,0,44,59,0,103,134,0,134,237
10/10/2003,ITH,NY,AEA,EN,Federal Contract Tower,0,31,24,0,55,0,3,28,0,31,0,34,52,0,86,110,0,110,196
10/11/2003,ITH,NY,AEA,EN,Federal Contract Tower,0,34,11,0,45,0,0,44,0,44,0,34,55,0,89,74,0,74,163
10/12/2003,ITH,NY,AEA,EN,Federal Contract Tower,0,25,8,0,33,0,0,28,0,28,0,25,36,0,61,90,0,90,151
10/13/2003,ITH,NY,AEA,EN,Federal Contract Tower,0,26,5,0,31,0,0,38,0,38,0,26,43,0,69,112,0,112,181
10/14/2003,ITH,NY,AEA,EN,Federal Contract Tower,0,39,18,0,57,0,2,20,0,22,0,41,38,0,79,47,0,47,126
10/15/2003,ITH,NY,AEA,EN,Federal Contract Tower,0,30,19,0,49,0,0,3,0,3,0,30,22,0,52,0,0,0,52
10/16/2003,ITH,NY,AEA,EN,Federal Contract Tower,0,51,25,0,76,0,0,18,0,18,0,51,43,0,94,88,0,88,182
10/17/2003,ITH,NY,AEA,EN,Federal Contract Tower,0,50,14,0,64,0,4,43,0,47,0,54,57,0,111,100,0,100,211
10/18/2003,ITH,NY,AEA,EN,Federal Contract Tower,0,36,19,0,55,0,0,39,0,39,0,36,58,0,94,126,0,126,220
10/19/2003,ITH,NY,AEA,EN,Federal Contract Tower,0,24,27,0,51,0,0,2,0,2,0,24,29,0,53,0,0,0,53
10/20/2003,ITH,NY,AEA,EN,Federal Contract Tower,0,26,24,0,50,0,0,23,0,23,0,26,47,0,73,104,0,104,177
10/21/2003,ITH,NY,AEA,EN,Federal Contract Tower,0,24,18,0,42,0,0,0,0,0,0,24,18,0,42,0,0,0,42
10/22/2003,ITH,NY,AEA,EN,Federal Contract Tower,0,24,7,0,31,0,0,0,0,0,0,24,7,0,31,0,0,0,31
10/23/2003,ITH,NY,AEA,EN,Federal Contract Tower,0,25,29,3,57,0,0,0,0,0,0,25,29,3,57,74,4,78,135
10/24/2003,ITH,NY,AEA,EN,Federal Contract Tower,0,27,28,0,55,0,0,30,0,30,0,27,58,0,85,80,0,80,165
10/25/2003,ITH,NY,AEA,EN,Federal Contract Tower,2,32,15,0,49,0,0,25,0,25,2,32,40,0,74,26,0,26,100
10/26/2003,ITH,NY,AEA,EN,Federal Contract Tower,0,29,14,0,43,0,0,10,0,10,0,29,24,0,53,93,0,93,146
10/27/2003,ITH,NY,AEA,EN,Federal Contract Tower,0,33,11,0,44,0,0,0,0,0,0,33,11,0,44,0,0,0,44
10/28/2003,ITH,NY,AEA,EN,Federal Contract Tower,0,32,14,0,46,0,0,29,0,29,0,32,43,0,75,136,0,136,211
10/29/2003,ITH,NY,AEA,EN,Federal Contract Tower,0,35,11,0,46,0,0,2,0,2,0,35,13,0,48,2,0,2,50
10/30/2003,ITH,NY,AEA,EN,Federal Contract Tower,0,37,21,0,58,0,1,39,0,40,0,38,60,0,98,128,0,128,226
10/31/2003,ITH,NY,AEA,EN,Federal Contract Tower,0,31,9,0,40,0,0,38,0,38,0,31,47,0,78,114,0,114,192
11/01/2003,ITH,NY,AEA,EN,Federal Contract Tower,0,27,19,0,46,0,0,15,0,15,0,27,34,0,61,149,0,149,210
11/02/2003,ITH,NY,AEA,EN,Federal Contract Tower,0,23,33,0,56,0,0,0,0,0,0,23,33,0,56,9,0,9,65
11/03/2003,ITH,NY,AEA,EN,Federal Contract Tower,0,24,17,0,41,0,0,0,0,0,0,24,17,0,41,0,0,0,41
11/04/2003,ITH,NY,AEA,EN,Federal Contract Tower,0,19,9,0,28,0,0,23,0,23,0,19,32,0,51,71,0,71,122
11/05/2003,ITH,NY,AEA,EN,Federal Contract Tower,0,27,11,0,38,0,0,14,0,14,0,27,25,0,52,52,0,52,104
11/06/2003,ITH,NY,AEA,EN,Federal Contract Tower,0,27,22,0,49,0,0,17,0,17,0,27,39,0,66,79,0,79,145
11/07/2003,ITH,NY,AEA,EN,Federal Contract Tower,0,31,22,0,53,0,0,27,0,27,0,31,49,0,80,104,0,104,184
11/08/2003,ITH,NY,AEA,EN,Federal Contract Tower,0,30,17,0,47,0,0,10,0,10,0,30,27,0,57,52,0,52,109
11/09/2003,ITH,NY,AEA,EN,Federal Contract Tower,0,26,19,2,47,0,0,48,0,48,0,26,67,2,95,100,9,109,204
11/10/2003,ITH,NY,AEA,EN,Federal Contract Tower,0,26,15,0,41,0,0,26,0,26,0,26,41,0,67,130,0,130,197
11/11/2003,ITH,NY,AEA,EN,Federal Contract Tower,0,26,18,0,44,0,0,3,0,3,0,26,21,0,47,27,0,27,74
11/12/2003,ITH,NY,AEA,EN,Federal Contract Tower,0,31,21,0,52,0,0,9,0,9,0,31,30,0,61,70,0,70,131
11/13/2003,ITH,NY,AEA,EN,Federal Contract Tower,0,22,8,0,30,0,0,0,0,0,0,22,8,0,30,0,0,0,30
11/14/2003,ITH,NY,AEA,EN,Federal Contract Tower,0,19,13,0,32,0,0,0,0,0,0,19,13,0,32,0,0,0,32
11/15/2003,ITH,NY,AEA,EN,Federal Contract Tower,0,21,14,0,35,0,0,32,0,32,0,21,46,0,67,133,0,133,200
11/16/2003,ITH,NY,AEA,EN,Federal Contract Tower,0,20,8,0,28,0,0,5,0,5,0,20,13,0,33,90,0,90,123
11/17/2003,ITH,NY,AEA,EN,Federal Contract Tower,0,22,15,0,37,0,0,0,0,0,0,22,15,0,37,8,0,8,45
11/18/2003,ITH,NY,AEA,EN,Federal Contract Tower,0,30,12,0,42,0,0,3,0,3,0,30,15,0,45,0,0,0,45
11/19/2003,ITH,NY,AEA,EN,Federal Contract Tower,0,23,7,0,30,0,0,1,0,1,0,23,8,0,31,0,0,0,31
11/20/2003,ITH,NY,AEA,EN,Federal Contract Tower,0,24,19,0,43,0,0,4,0,4,0,24,23,0,47,18,0,18,65
11/21/2003,ITH,NY,AEA,EN,Federal Contract Tower,0,37,13,0,50,0,0,26,0,26,0,37,39,0,76,84,0,84,160
11/22/2003,ITH,NY,AEA,EN,Federal Contract Tower,0,28,5,0,33,0,0,60,0,60,0,28,65,0,93,84,0,84,177
11/23/2003,ITH,NY,AEA,EN,Federal Contract Tower,0,22,9,0,31,0,0,38,0,38,0,22,47,0,69,116,0,116,185
11/24/2003,ITH,NY,AEA,EN,Federal Contract Tower,0,29,10,0,39,0,0,10,0,10,0,29,20,0,49,6,0,6,55
11/25/2003,ITH,NY,AEA,EN,Federal Contract Tower,0,22,22,0,44,0,0,17,0,17,0,22,39,0,61,90,0,90,151
11/26/2003,ITH,NY,AEA,EN,Federal Contract Tower,0,29,17,0,46,0,0,28,0,28,0,29,45,0,74,108,0,108,182
11/27/2003,ITH,NY,AEA,EN,Federal Contract Tower,0,19,5,0,24,0,1,6,0,7,0,20,11,0,31,32,0,32,63
11/28/2003,ITH,NY,AEA,EN,Federal Contract Tower,0,16,2,0,18,0,2,0,0,2,0,18,2,0,20,0,0,0,20
11/29/2003,ITH,NY,AEA,EN,Federal Contract Tower,0,21,1,0,22,0,0,0,0,0,0,21,1,0,22,0,0,0,22
11/30/2003,ITH,NY,AEA,EN,Federal Contract Tower,0,25,29,0,54,0,0,19,0,19,0,25,48,0,73,49,0,49,122
12/01/2003,ITH,NY,AEA,EN,Federal Contract Tower,0,29,8,0,37,0,0,6,0,6,0,29,14,0,43,0,0,0,43
12/02/2003,ITH,NY,AEA,EN,Federal Contract Tower,0,29,16,0,45,0,0,0,0,0,0,29,16,0,45,0,0,0,45
12/03/2003,ITH,NY,AEA,EN,Federal Contract Tower,0,26,9,0,35,0,0,2,0,2,0,26,11,0,37,18,0,18,55
12/04/2003,ITH,NY,AEA,EN,Federal Contract Tower,0,28,21,0,49,0,0,9,0,9,0,28,30,0,58,40,0,40,98
12/05/2003,ITH,NY,AEA,EN,Federal Contract Tower,0,17,17,0,34,0,0,4,0,4,0,17,21,0,38,52,0,52,90
12/06/2003,ITH,NY,AEA,EN,Federal Contract Tower,0,7,6,0,13,0,0,0,0,0,0,7,6,0,13,0,0,0,13
12/07/2003,ITH,NY,AEA,EN,Federal Contract Tower,0,19,7,0,26,0,0,0,0,0,0,19,7,0,26,0,0,0,26
12/08/2003,ITH,NY,AEA,EN,Federal Contract Tower,0,24,12,0,36,0,0,28,0,28,0,24,40,0,64,94,0,94,158
12/09/2003,ITH,NY,AEA,EN,Federal Contract Tower,0,27,22,0,49,0,0,23,0,23,0,27,45,0,72,120,0,120,192
12/10/2003,ITH,NY,AEA,EN,Federal Contract Tower,0,26,11,0,37,0,0,35,0,35,0,26,46,0,72,76,0,76,148
12/11/2003,ITH,NY,AEA,EN,Federal Contract Tower,0,20,19,0,39,0,0,0,0,0,0,20,19,0,39,2,0,2,41
12/12/2003,ITH,NY,AEA,EN,Federal Contract Tower,0,26,12,0,38,0,0,12,0,12,0,26,24,0,50,50,0,50,100
12/13/2003,ITH,NY,AEA,EN,Federal Contract Tower,0,22,17,0,39,0,0,6,0,6,0,22,23,0,45,69,0,69,114
12/14/2003,ITH,NY,AEA,EN,Federal Contract Tower,0,7,1,0,8,0,0,0,0,0,0,7,1,0,8,0,0,0,8
12/15/2003,ITH,NY,AEA,EN,Federal Contract Tower,0,20,7,0,27,0,0,0,0,0,0,20,7,0,27,6,0,6,33
12/16/2003,ITH,NY,AEA,EN,Federal Contract Tower,0,28,15,0,43,0,4,47,2,53,0,32,62,2,96,138,12,150,246
12/17/2003,ITH,NY,AEA,EN,Federal Contract Tower,0,30,7,0,37,0,0,2,0,2,0,30,9,0,39,0,0,0,39
12/18/2003,ITH,NY,AEA,EN,Federal Contract Tower,0,33,13,2,48,0,0,6,0,6,0,33,19,2,54,22,2,24,78
12/19/2003,ITH,NY,AEA,EN,Federal Contract Tower,0,28,22,0,50,0,0,8,0,8,0,28,30,0,58,49,0,49,107
12/20/2003,ITH,NY,AEA,EN,Federal Contract Tower,0,22,19,0,41,0,0,0,0,0,0,22,19,0,41,0,0,0,41
12/21/2003,ITH,NY,AEA,EN,Federal Contract Tower,0,18,4,0,22,0,0,8,0,8,0,18,12,0,30,64,0,64,94
12/22/2003,ITH,NY,AEA,EN,Federal Contract Tower,0,28,14,0,42,0,0,7,0,7,0,28,21,0,49,78,0,78,127
12/23/2003,ITH,NY,AEA,EN,Federal Contract Tower,0,29,12,0,41,0,0,20,0,20,0,29,32,0,61,112,0,112,173
12/24/2003,ITH,NY,AEA,EN,Federal Contract Tower,0,24,2,0,26,0,0,0,0,0,0,24,2,0,26,0,0,0,26
12/25/2003,ITH,NY,AEA,EN,Federal Contract Tower,0,15,4,0,19,0,0,0,0,0,0,15,4,0,19,0,0,0,19
12/26/2003,ITH,NY,AEA,EN,Federal Contract Tower,0,24,12,0,36,0,1,20,0,21,0,25,32,0,57,46,0,46,103
12/27/2003,ITH,NY,AEA,EN,Federal Contract Tower,0,19,7,0,26,0,0,37,0,37,0,19,44,0,63,96,0,96,159
12/28/2003,ITH,NY,AEA,EN,Federal Contract Tower,0,18,3,0,21,0,0,53,0,53,0,18,56,0,74,124,0,124,198
12/29/2003,ITH,NY,AEA,EN,Federal Contract Tower,0,26,3,0,29,0,0,33,0,33,0,26,36,0,62,88,0,88,150
12/30/2003,ITH,NY,AEA,EN,Federal Contract Tower,0,24,8,0,32,0,0,0,0,0,0,24,8,0,32,0,0,0,32
12/31/2003,ITH,NY,AEA,EN,Federal Contract Tower,0,27,5,0,32,0,0,23,0,23,0,27,28,0,55,116,0,116,171
01/01/2004,ITH,NY,AEA,EN,Federal Contract Tower,0,19,3,0,22,0,1,10,0,11,0,20,13,0,33,52,0,52,85
01/02/2004,ITH,NY,AEA,EN,Federal Contract Tower,0,24,5,0,29,0,0,0,0,0,0,24,5,0,29,78,0,78,107
01/03/2004,ITH,NY,AEA,EN,Federal Contract Tower,0,19,15,0,34,0,0,2,0,2,0,19,17,0,36,28,0,28,64
01/04/2004,ITH,NY,AEA,EN,Federal Contract Tower,0,17,7,0,24,0,0,2,0,2,0,17,9,0,26,25,0,25,51
01/05/2004,ITH,NY,AEA,EN,Federal Contract Tower,0,26,3,0,29,0,0,0,0,0,0,26,3,0,29,2,0,2,31
01/06/2004,ITH,NY,AEA,EN,Federal Contract Tower,0,27,4,0,31,0,0,1,0,1,0,27,5,0,32,2,0,2,34
01/07/2004,ITH,NY,AEA,EN,Federal Contract Tower,0,25,14,0,39,0,0,0,0,0,0,25,14,0,39,12,0,12,51
01/08/2004,ITH,NY,AEA,EN,Federal Contract Tower,0,25,12,0,37,0,1,16,0,17,0,26,28,0,54,68,0,68,122
01/09/2004,ITH,NY,AEA,EN,Federal Contract Tower,0,24,7,0,31,0,0,19,0,19,0,24,26,0,50,42,0,42,92
01/10/2004,ITH,NY,AEA,EN,Federal Contract Tower,0,20,5,0,25,0,0,0,0,0,0,20,5,0,25,38,0,38,63
01/11/2004,ITH,NY,AEA,EN,Federal Contract Tower,0,18,10,0,28,0,0,2,0,2,0,18,12,0,30,48,0,48,78
01/12/2004,ITH,NY,AEA,EN,Federal Contract Tower,0,26,13,0,39,0,0,0,0,0,0,26,13,0,39,0,0,0,39
01/13/2004,ITH,NY,AEA,EN,Federal Contract Tower,0,28,14,0,42,0,0,0,0,0,0,28,14,0,42,0,0,0,42
01/14/2004,ITH,NY,AEA,EN,Federal Contract Tower,0,25,8,0,33,0,0,7,0,7,0,25,15,0,40,30,0,30,70
01/15/2004,ITH,NY,AEA,EN,Federal Contract Tower,0,19,7,0,26,0,0,5,0,5,0,19,12,0,31,32,0,32,63
01/16/2004,ITH,NY,AEA,EN,Federal Contract Tower,0,24,11,0,35,0,0,0,0,0,0,24,11,0,35,0,0,0,35
01/17/2004,ITH,NY,AEA,EN,Federal Contract Tower,0,20,17,0,37,0,0,9,0,9,0,20,26,0,46,50,0,50,96
01/18/2004,ITH,NY,AEA,EN,Federal Contract Tower,0,18,8,0,26,0,0,4,0,4,0,18,12,0,30,61,0,61,91
01/19/2004,ITH,NY,AEA,EN,Federal Contract Tower,0,28,10,0,38,0,0,0,0,0,0,28,10,0,38,0,0,0,38
01/20/2004,ITH,NY,AEA,EN,Federal Contract Tower,0,26,11,0,37,0,0,9,0,9,0,26,20,0,46,20,0,20,66
01/21/2004,ITH,NY,AEA,EN,Federal Contract Tower,0,25,16,0,41,0,0,30,0,30,0,25,46,0,71,140,0,140,211
01/22/2004,ITH,NY,AEA,EN,Federal Contract Tower,0,30,8,0,38,0,0,2,0,2,0,30,10,0,40,0,0,0,40
01/23/2004,ITH,NY,AEA,EN,Federal Contract Tower,0,24,11,0,35,0,0,9,0,9,0,24,20,0,44,60,0,60,104
01/24/2004,ITH,NY,AEA,EN,Federal Contract Tower,0,23,2,0,25,0,0,5,0,5,0,23,7,0,30,8,0,8,38
01/25/2004,ITH,NY,AEA,EN,Federal Contract Tower,0,20,7,0,27,0,0,0,0,0,0,20,7,0,27,76,0,76,103
01/26/2004,ITH,NY,AEA,EN,Federal Contract Tower,0,25,8,0,33,0,0,1,0,1,0,25,9,0,34,32,0,32,66
01/27/2004,ITH,NY,AEA,EN,Federal Contract Tower,0,26,7,0,33,0,0,0,0,0,0,26,7,0,33,22,0,22,55
01/28/2004,ITH,NY,AEA,EN,Federal Contract Tower,0,17,4,0,21,0,0,0,0,0,0,17,4,0,21,0,0,0,21
01/29/2004,ITH,NY,AEA,EN,Federal Contract Tower,0,27,10,0,37,0,0,7,0,7,0,27,17,0,44,26,0,26,70
01/30/2004,ITH,NY,AEA,EN,Federal Contract Tower,0,28,12,0,40,0,0,2,0,2,0,28,14,0,42,6,0,6,48
01/31/2004,ITH,NY,AEA,EN,Federal Contract Tower,0,24,2,1,27,0,0,2,0,2,0,24,4,1,29,0,0,0,29
02/01/2004,ITH,NY,AEA,EN,Federal Contract Tower,0,18,23,0,41,0,0,31,0,31,0,18,54,0,72,148,0,148,220
02/02/2004,ITH,NY,AEA,EN,Federal Contract Tower,0,26,14,0,40,0,0,33,0,33,0,26,47,0,73,185,0,185,258
02/03/2004,ITH,NY,AEA,EN,Federal Contract Tower,0,22,6,0,28,0,0,0,0,0,0,22,6,0,28,0,0,0,28
02/04/2004,ITH,NY,AEA,EN,Federal Contract Tower,0,24,11,0,35,0,1,28,0,29,0,25,39,0,64,166,0,166,230
02/05/2004,ITH,NY,AEA,EN,Federal Contract Tower,0,28,7,0,35,0,0,16,0,16,0,28,23,0,51,100,0,100,151
02/06/2004,ITH,NY,AEA,EN,Federal Contract Tower,0,23,7,0,30,0,0,3,0,3,0,23,10,0,33,0,0,0,33
02/07/2004,ITH,NY,AEA,EN,Federal Contract Tower,0,27,0,0,27,0,0,0,0,0,0,27,0,0,27,0,0,0,27
02/08/2004,ITH,NY,AEA,EN,Federal Contract Tower,0,20,12,0,32,0,0,19,0,19,0,20,31,0,51,130,0,130,181
02/09/2004,ITH,NY,AEA,EN,Federal Contract Tower,0,26,7,0,33,0,0,37,0,37,0,26,44,0,70,118,0,118,188
02/10/2004,ITH,NY,AEA,EN,Federal Contract Tower,0,25,15,0,40,0,0,38,0,38,0,25,53,0,78,160,0,160,238
02/11/2004,ITH,NY,AEA,EN,Federal Contract Tower,0,24,6,0,30,0,0,19,0,19,0,24,25,0,49,98,0,98,147
02/12/2004,ITH,NY,AEA,EN,Federal Contract Tower,0,24,16,0,40,0,0,0,2,2,0,24,16,2,42,28,0,28,70
02/13/2004,ITH,NY,AEA,EN,Federal Contract Tower,0,28,12,0,40,0,0,12,0,12,0,28,24,0,52,66,0,66,118
02/14/2004,ITH,NY,AEA,EN,Federal Contract Tower,0,23,7,0,30,0,0,8,0,8,0,23,15,0,38,46,0,46,84
02/15/2004,ITH,NY,AEA,EN,Federal Contract Tower,0,21,3,0,24,0,0,35,0,35,0,21,38,0,59,220,0,220,279
02/16/2004,ITH,NY,AEA,EN,Federal Contract Tower,0,26,6,0,32,0,0,30,0,30,0,26,36,0,62,190,0,190,252
02/17/2004,ITH,NY,AEA,EN,Federal Contract Tower,0,26,8,0,34,0,0,33,0,33,0,26,41,0,67,120,0,120,187
02/18/2004,ITH,NY,AEA,EN,Federal Contract Tower,0,23,9,0,32,0,0,13,0,13,0,23,22,0,45,178,0,178,223
02/19/2004,ITH,NY,AEA,EN,Federal Contract Tower,0,28,17,0,45,0,1,2,0,3,0,29,19,0,48,0,0,0,48
02/20/2004,ITH,NY,AEA,EN,Federal Contract Tower,0,26,9,0,35,0,0,14,0,14,0,26,23,0,49,84,0,84,133
02/21/2004,ITH,NY,AEA,EN,Federal Contract Tower,0,24,5,0,29,0,0,0,0,0,0,24,5,0,29,25,0,25,54
02/22/2004,ITH,NY,AEA,EN,Federal Contract Tower,0,20,13,0,33,0,0,7,0,7,0,20,20,0,40,82,0,82,122
02/23/2004,ITH,NY,AEA,EN,Federal Contract Tower,0,25,7,0,32,0,0,71,0,71,0,25,78,0,103,193,0,193,296
02/24/2004,ITH,NY,AEA,EN,Federal Contract Tower,0,25,13,0,38,0,0,31,0,31,0,25,44,0,69,124,0,124,193
02/25/2004,ITH,NY,AEA,EN,Federal Contract Tower,0,25,24,0,49,0,1,17,0,18,0,26,41,0,67,138,0,138,205
02/26/2004,ITH,NY,AEA,EN,Federal Contract Tower,0,26,5,0,31,0,0,28,0,28,0,26,33,0,59,112,0,112,171
02/27/2004,ITH,NY,AEA,EN,Federal Contract Tower,0,27,12,0,39,0,0,39,0,39,0,27,51,0,78,119,0,119,197
02/28/2004,ITH,NY,AEA,EN,Federal Contract Tower,0,27,11,0,38,0,0,50,0,50,0,27,61,0,88,79,0,79,167
02/29/2004,ITH,NY,AEA,EN,Federal Contract Tower,0,21,10,0,31,0,0,52,0,52,0,21,62,0,83,234,0,234,317
03/01/2004,ITH,NY,AEA,EN,Federal Contract Tower,0,27,8,0,35,0,2,34,2,38,0,29,42,2,73,152,0,152,225
03/02/2004,ITH,NY,AEA,EN,Federal Contract Tower,0,24,15,0,39,0,0,18,4,22,0,24,33,4,61,128,0,128,189
03/03/2004,ITH,NY,AEA,EN,Federal Contract Tower,0,23,15,0,38,0,0,14,0,14,0,23,29,0,52,108,0,108,160
03/04/2004,ITH,NY,AEA,EN,Federal Contract Tower,0,32,10,0,42,0,0,2,0,2,0,32,12,0,44,36,0,36,80
03/05/2004,ITH,NY,AEA,EN,Federal Contract Tower,0,24,19,0,43,0,0,5,0,5,0,24,24,0,48,18,0,18,66
03/06/2004,ITH,NY,AEA,EN,Federal Contract Tower,0,18,5,0,23,0,0,3,0,3,0,18,8,0,26,7,0,7,33
03/07/2004,ITH,NY,AEA,EN,Federal Contract Tower,0,19,11,0,30,0,0,12,0,12,0,19,23,0,42,75,0,75,117
03/08/2004,ITH,NY,AEA,EN,Federal Contract Tower,0,22,4,0,26,0,0,0,0,0,0,22,4,0,26,0,0,0,26
03/09/2004,ITH,NY,AEA,EN,Federal Contract Tower,0,24,18,0,42,0,0,13,0,13,0,24,31,0,55,78,0,78,133
03/10/2004,ITH,NY,AEA,EN,Federal Contract Tower,0,29,17,0,46,0,1,18,0,19,0,30,35,0,65,66,0,66,131
03/11/2004,ITH,NY,AEA,EN,Federal Contract Tower,0,39,16,0,55,0,0,25,0,25,0,39,41,0,80,114,0,114,194
03/12/2004,ITH,NY,AEA,EN,Federal Contract Tower,0,43,12,0,55,0,0,0,0,0,0,43,12,0,55,0,0,0,55
03/13/2004,ITH,NY,AEA,EN,Federal Contract Tower,0,22,12,0,34,0,0,15,0,15,0,22,27,0,49,36,0,36,85
03/14/2004,ITH,NY,AEA,EN,Federal Contract Tower,0,20,21,0,41,0,0,26,0,26,0,20,47,0,67,104,0,104,171
03/15/2004,ITH,NY,AEA,EN,Federal Contract Tower,0,24,10,0,34,0,2,33,0,35,0,26,43,0,69,106,0,106,175
03/16/2004,ITH,NY,AEA,EN,Federal Contract Tower,0,22,5,0,27,0,0,0,0,0,0,22,5,0,27,0,0,0,27
03/17/2004,ITH,NY,AEA,EN,Federal Contract Tower,0,18,9,0,27,0,0,5,0,5,0,18,14,0,32,108,0,108,140
03/18/2004,ITH,NY,AEA,EN,Federal Contract Tower,0,29,21,0,50,0,0,0,0,0,0,29,21,0,50,60,0,60,110
03/19/2004,ITH,NY,AEA,EN,Federal Contract Tower,0,23,9,0,32,0,1,25,0,26,0,24,34,0,58,136,0,136,194
03/20/2004,ITH,NY,AEA,EN,Federal Contract Tower,0,20,12,0,32,0,0,1,0,1,0,20,13,0,33,21,0,21,54
03/21/2004,ITH,NY,AEA,EN,Federal Contract Tower,0,19,3,0,22,0,0,0,0,0,0,19,3,0,22,0,0,0,22
03/22/2004,ITH,NY,AEA,EN,Federal Contract Tower,0,27,13,0,40,0,0,21,0,21,0,27,34,0,61,105,0,105,166
03/23/2004,ITH,NY,AEA,EN,Federal Contract Tower,0,27,10,0,37,0,0,18,0,18,0,27,28,0,55,100,0,100,155
03/24/2004,ITH,NY,AEA,EN,Federal Contract Tower,0,28,13,2,43,0,2,35,0,37,0,30,48,2,80,110,2,112,192
03/25/2004,ITH,NY,AEA,EN,Federal Contract Tower,0,25,16,0,41,0,0,1,0,1,0,25,17,0,42,64,0,64,106
03/26/2004,ITH,NY,AEA,EN,Federal Contract Tower,0,28,16,0,44,0,0,15,0,15,0,28,31,0,59,94,0,94,153
03/27/2004,ITH,NY,AEA,EN,Federal Contract Tower,0,5,1,0,6,0,0,0,0,0,0,5,1,0,6,0,0,0,6
03/28/2004,ITH,NY,AEA,EN,Federal Contract Tower,0,24,28,0,52,0,0,51,0,51,0,24,79,0,103,288,0,288,391
03/29/2004,ITH,NY,AEA,EN,Federal Contract Tower,0,30,11,0,41,0,0,19,2,21,0,30,30,2,62,118,0,118,180
03/30/2004,ITH,NY,AEA,EN,Federal Contract Tower,0,37,13,2,52,0,0,18,0,18,0,37,31,2,70,118,0,118,188
03/31/2004,ITH,NY,AEA,EN,Federal Contract Tower,0,24,17,0,41,0,0,9,0,9,0,24,26,0,50,88,0,88,138
04/01/2004,ITH,NY,AEA,EN,Federal Contract Tower,0,26,12,0,38,0,0,1,0,1,0,26,13,0,39,0,0,0,39
04/02/2004,ITH,NY,AEA,EN,Federal Contract Tower,0,21,27,0,48,0,1,5,0,6,0,22,32,0,54,0,0,0,54
04/03/2004,ITH,NY,AEA,EN,Federal Contract Tower,0,31,12,0,43,0,0,5,0,5,0,31,17,0,48,69,0,69,117
04/04/2004,ITH,NY,AEA,EN,Federal Contract Tower,0,27,8,0,35,0,0,0,0,0,0,27,8,0,35,0,0,0,35
04/05/2004,ITH,NY,AEA,EN,Federal Contract Tower,0,25,8,0,33,0,0,9,0,9,0,25,17,0,42,56,0,56,98
04/06/2004,ITH,NY,AEA,EN,Federal Contract Tower,0,28,16,0,44,0,0,20,0,20,0,28,36,0,64,134,0,134,198
04/07/2004,ITH,NY,AEA,EN,Federal Contract Tower,0,26,29,0,55,0,0,0,0,0,0,26,29,0,55,12,0,12,67
04/08/2004,ITH,NY,AEA,EN,Federal Contract Tower,0,28,16,0,44,0,2,27,0,29,0,30,43,0,73,83,0,83,156
04/09/2004,ITH,NY,AEA,EN,Federal Contract Tower,0,26,18,0,44,0,0,32,0,32,0,26,50,0,76,92,0,92,168
04/10/2004,ITH,NY,AEA,EN,Federal Contract Tower,0,25,12,0,37,0,0,15,0,15,0,25,27,0,52,146,0,146,198
04/11/2004,ITH,NY,AEA,EN,Federal Contract Tower,0,23,15,0,38,0,0,26,0,26,0,23,41,0,64,172,0,172,236
04/12/2004,ITH,NY,AEA,EN,Federal Contract Tower,0,25,8,0,33,0,0,28,0,28,0,25,36,0,61,134,0,134,195
04/13/2004,ITH,NY,AEA,EN,Federal Contract Tower,0,21,8,0,29,0,0,0,0,0,0,21,8,0,29,0,0,0,29
04/14/2004,ITH,NY,AEA,EN,Federal Contract Tower,0,29,15,0,44,0,0,0,0,0,0,29,15,0,44,4,0,4,48
04/15/2004,ITH,NY,AEA,EN,Federal Contract Tower,0,37,14,0,51,0,3,43,0,46,0,40,57,0,97,98,0,98,195
04/16/2004,ITH,NY,AEA,EN,Federal Contract Tower,0,28,21,0,49,0,2,44,0,46,0,30,65,0,95,146,0,146,241
04/17/2004,ITH,NY,AEA,EN,Federal Contract Tower,0,26,19,0,45,0,0,15,0,15,0,26,34,0,60,74,0,74,134
04/18/2004,ITH,NY,AEA,EN,Federal Contract Tower,0,23,14,0,37,0,1,14,0,15,0,24,28,0,52,128,0,128,180
04/19/2004,ITH,NY,AEA,EN,Federal Contract Tower,0,25,9,2,36,0,2,13,0,15,0,27,22,2,51,54,4,58,109
04/20/2004,ITH,NY,AEA,EN,Federal Contract Tower,0,30,12,0,42,0,0,43,0,43,0,30,55,0,85,178,0,178,263
04/21/2004,ITH,NY,AEA,EN,Federal Contract Tower,0,26,13,0,39,0,0,10,0,10,0,26,23,0,49,62,0,62,111
04/22/2004,ITH,NY,AEA,EN,Federal Contract Tower,0,30,22,0,52,0,0,18,0,18,0,30,40,0,70,58,0,58,128
04/23/2004,ITH,NY,AEA,EN,Federal Contract Tower,0,28,33,0,61,0,0,2,0,2,0,28,35,0,63,34,0,34,97
04/24/2004,ITH,NY,AEA,EN,Federal Contract Tower,0,23,7,0,30,0,0,39,0,39,0,23,46,0,69,138,0,138,207
04/25/2004,ITH,NY,AEA,EN,Federal Contract Tower,0,24,20,0,44,0,0,12,0,12,0,24,32,0,56,46,0,46,102
04/26/2004,ITH,NY,AEA,EN,Federal Contract Tower,0,30,19,0,49,0,0,2,0,2,0,30,21,0,51,37,0,37,88
04/27/2004,ITH,NY,AEA,EN,Federal Contract Tower,0,30,23,0,53,0,0,16,2,18,0,30,39,2,71,94,2,96,167
04/28/2004,ITH,NY,AEA,EN,Federal Contract Tower,0,27,13,0,40,0,0,20,0,20,0,27,33,0,60,114,0,114,174
04/29/2004,ITH,NY,AEA,EN,Federal Contract Tower,0,28,20,0,48,0,0,30,0,30,0,28,50,0,78,110,0,110,188
04/30/2004,ITH,NY,AEA,EN,Federal Contract Tower,0,25,13,0,38,0,0,47,0,47,0,25,60,0,85,108,0,108,193
05/01/2004,ITH,NY,AEA,EN,Federal Contract Tower,0,28,11,0,39,0,0,19,0,19,0,28,30,0,58,105,0,105,163
05/02/2004,ITH,NY,AEA,EN,Federal Contract Tower,0,24,11,0,35,0,0,0,0,0,0,24,11,0,35,2,0,2,37
05/03/2004,ITH,NY,AEA,EN,Federal Contract Tower,0,26,10,0,36,0,1,11,0,12,0,27,21,0,48,89,0,89,137
05/04/2004,ITH,NY,AEA,EN,Federal Contract Tower,0,26,15,0,41,0,1,29,0,30,0,27,44,0,71,198,0,198,269
05/05/2004,ITH,NY,AEA,EN,Federal Contract Tower,0,28,13,0,41,0,0,18,0,18,0,28,31,0,59,94,0,94,153
05/06/2004,ITH,NY,AEA,EN,Federal Contract Tower,0,30,9,0,39,0,0,61,0,61,0,30,70,0,100,122,0,122,222
05/07/2004,ITH,NY,AEA,EN,Federal Contract Tower,0,26,14,0,40,0,0,33,0,33,0,26,47,0,73,88,0,88,161
05/08/2004,ITH,NY,AEA,EN,Federal Contract Tower,0,25,10,0,35,0,0,13,0,13,0,25,23,0,48,88,0,88,136
05/09/2004,ITH,NY,AEA,EN,Federal Contract Tower,0,25,25,0,50,0,0,3,0,3,0,25,28,0,53,30,0,30,83
05/10/2004,ITH,NY,AEA,EN,Federal Contract Tower,0,27,12,0,39,0,0,4,0,4,0,27,16,0,43,63,0,63,106
05/11/2004,ITH,NY,AEA,EN,Federal Contract Tower,0,25,19,0,44,0,0,31,0,31,0,25,50,0,75,158,0,158,233
05/12/2004,ITH,NY,AEA,EN,Federal Contract Tower,0,29,15,0,44,0,2,20,0,22,0,31,35,0,66,178,0,178,244
05/13/2004,ITH,NY,AEA,EN,Federal Contract Tower,0,33,23,0,56,0,0,12,2,14,0,33,35,2,70,76,0,76,146
05/14/2004,ITH,NY,AEA,EN,Federal Contract Tower,0,28,23,0,51,0,0,7,0,7,0,28,30,0,58,80,0,80,138
05/15/2004,ITH,NY,AEA,EN,Federal Contract Tower,0,29,11,0,40,0,0,5,0,5,0,29,16,0,45,44,0,44,89
05/16/2004,ITH,NY,AEA,EN,Federal Contract Tower,0,30,22,0,52,0,0,20,0,20,0,30,42,0,72,144,0,144,216
05/17/2004,ITH,NY,AEA,EN,Federal Contract Tower,0,23,21,0,44,0,0,48,0,48,0,23,69,0,92,187,0,187,279
05/18/2004,ITH,NY,AEA,EN,Federal Contract Tower,0,26,10,0,36,0,0,6,0,6,0,26,16,0,42,87,0,87,129
05/19/2004,ITH,NY,AEA,EN,Federal Contract Tower,0,28,20,0,48,0,0,27,0,27,0,28,47,0,75,116,0,116,191
05/20/2004,ITH,NY,AEA,EN,Federal Contract Tower,0,28,15,0,43,0,0,16,0,16,0,28,31,0,59,54,0,54,113
05/21/2004,ITH,NY,AEA,EN,Federal Contract Tower,0,30,13,0,43,0,0,1,0,1,0,30,14,0,44,46,0,46,90
05/22/2004,ITH,NY,AEA,EN,Federal Contract Tower,0,27,8,0,35,0,0,16,0,16,0,27,24,0,51,28,0,28,79
05/23/2004,ITH,NY,AEA,EN,Federal Contract Tower,0,32,26,0,58,0,0,9,0,9,0,32,35,0,67,112,0,112,179
05/24/2004,ITH,NY,AEA,EN,Federal Contract Tower,0,26,13,0,39,0,0,8,0,8,0,26,21,0,47,109,0,109,156
05/25/2004,ITH,NY,AEA,EN,Federal Contract Tower,0,33,14,0,47,0,0,9,0,9,0,33,23,0,56,93,0,93,149
05/26/2004,ITH,NY,AEA,EN,Federal Contract Tower,0,25,10,0,35,0,0,12,0,12,0,25,22,0,47,72,0,72,119
05/27/2004,ITH,NY,AEA,EN,Federal Contract Tower,0,35,23,0,58,0,0,40,0,40,0,35,63,0,98,108,0,108,206
05/28/2004,ITH,NY,AEA,EN,Federal Contract Tower,0,32,13,0,45,0,0,27,1,28,0,32,40,1,73,32,2,34,107
05/29/2004,ITH,NY,AEA,EN,Federal Contract Tower,0,34,9,0,43,0,0,22,0,22,0,34,31,0,65,120,0,120,185
05/30/2004,ITH,NY,AEA,EN,Federal Contract Tower,0,35,19,0,54,0,0,50,0,50,0,35,69,0,104,196,0,196,300
05/31/2004,ITH,NY,AEA,EN,Federal Contract Tower,0,22,16,0,38,0,0,21,0,21,0,22,37,0,59,9,0,9,68
06/01/2004,ITH,NY,AEA,EN,Federal Contract Tower,0,31,11,0,42,0,0,11,0,11,0,31,22,0,53,78,0,78,131
06/02/2004,ITH,NY,AEA,EN,Federal Contract Tower,0,25,6,0,31,0,0,9,0,9,0,25,15,0,40,62,0,62,102
06/03/2004,ITH,NY,AEA,EN,Federal Contract Tower,0,39,12,0,51,0,0,22,0,22,0,39,34,0,73,156,0,156,229
06/04/2004,ITH,NY,AEA,EN,Federal Contract Tower,0,30,23,0,53,0,0,31,0,31,0,30,54,0,84,106,0,106,190
06/05/2004,ITH,NY,AEA,EN,Federal Contract Tower,0,23,8,0,31,0,0,8,0,8,0,23,16,0,39,88,0,88,127
06/06/2004,ITH,NY,AEA,EN,Federal Contract Tower,0,24,34,2,60,0,0,10,0,10,0,24,44,2,70,198,0,198,268
06/07/2004,ITH,NY,AEA,EN,Federal Contract Tower,0,26,22,0,48,0,0,33,0,33,0,26,55,0,81,188,0,188,269
06/08/2004,ITH,NY,AEA,EN,Federal Contract Tower,0,27,18,0,45,0,0,19,0,19,0,27,37,0,64,164,0,164,228
06/09/2004,ITH,NY,AEA,EN,Federal Contract Tower,0,27,13,0,40,0,0,16,0,16,0,27,29,0,56,54,0,54,110
06/10/2004,ITH,NY,AEA,EN,Federal Contract Tower,0,29,24,0,53,0,0,6,0,6,0,29,30,0,59,8,0,8,67
06/11/2004,ITH,NY,AEA,EN,Federal Contract Tower,0,39,20,0,59,0,2,61,0,63,0,41,81,0,122,154,0,154,276
06/12/2004,ITH,NY,AEA,EN,Federal Contract Tower,0,35,18,0,53,0,0,56,0,56,0,35,74,0,109,162,0,162,271
06/13/2004,ITH,NY,AEA,EN,Federal Contract Tower,0,29,20,0,49,0,0,24,0,24,0,29,44,0,73,138,0,138,211
06/14/2004,ITH,NY,AEA,EN,Federal Contract Tower,0,24,10,0,34,0,0,20,0,20,0,24,30,0,54,205,0,205,259
06/15/2004,ITH,NY,AEA,EN,Federal Contract Tower,0,25,23,0,48,0,0,20,0,20,0,25,43,0,68,168,0,168,236
06/16/2004,ITH,NY,AEA,EN,Federal Contract Tower,0,24,18,0,42,0,0,29,2,31,0,24,47,2,73,134,0,134,207
06/17/2004,ITH,NY,AEA,EN,Federal Contract Tower,0,23,11,0,34,0,0,2,0,2,0,23,13,0,36,72,0,72,108
06/18/2004,ITH,NY,AEA,EN,Federal Contract Tower,0,21,10,0,31,0,0,9,0,9,0,21,19,0,40,72,0,72,112
06/19/2004,ITH,NY,AEA,EN,Federal Contract Tower,0,24,13,0,37,0,0,8,0,8,0,24,21,0,45,67,0,67,112
06/20/2004,ITH,NY,AEA,EN,Federal Contract Tower,0,24,12,0,36,0,0,106,0,106,0,24,118,0,142,279,0,279,421
06/21/2004,ITH,NY,AEA,EN,Federal Contract Tower,0,28,12,0,40,0,0,26,0,26,0,28,38,0,66,188,0,188,254
06/22/2004,ITH,NY,AEA,EN,Federal Contract Tower,0,23,16,2,41,0,0,3,0,3,0,23,19,2,44,54,2,56,100
06/23/2004,ITH,NY,AEA,EN,Federal Contract Tower,0,32,16,0,48,0,0,27,4,31,0,32,43,4,79,180,0,180,259
06/24/2004,ITH,NY,AEA,EN,Federal Contract Tower,0,24,20,0,44,0,0,30,0,30,0,24,50,0,74,138,0,138,212
06/25/2004,ITH,NY,AEA,EN,Federal Contract Tower,0,26,8,0,34,0,0,34,0,34,0,26,42,0,68,0,124,124,192
06/26/2004,ITH,NY,AEA,EN,Federal Contract Tower,0,25,10,0,35,0,0,48,0,48,0,25,58,0,83,167,0,167,250
06/27/2004,ITH,NY,AEA,EN,Federal Contract Tower,0,21,12,0,33,0,0,38,0,38,0,21,50,0,71,207,0,207,278
06/28/2004,ITH,NY,AEA,EN,Federal Contract Tower,0,29,15,0,44,0,0,27,0,27,0,29,42,0,71,142,0,142,213
06/29/2004,ITH,NY,AEA,EN,Federal Contract Tower,0,26,17,0,43,0,0,15,0,15,0,26,32,0,58,176,0,176,234
06/30/2004,ITH,NY,AEA,EN,Federal Contract Tower,0,26,10,0,36,0,0,25,0,25,0,26,35,0,61,182,0,182,243
07/01/2004,ITH,NY,AEA,EN,Federal Contract Tower,0,33,12,2,47,0,0,19,0,19,0,33,31,2,66,88,4,92,158
07/02/2004,ITH,NY,AEA,EN,Federal Contract Tower,0,25,11,0,36,0,3,55,0,58,0,28,66,0,94,150,0,150,244
07/03/2004,ITH,NY,AEA,EN,Federal Contract Tower,0,19,13,0,32,0,0,31,0,31,0,19,44,0,63,102,0,102,165
07/04/2004,ITH,NY,AEA,EN,Federal Contract Tower,0,13,3,0,16,0,0,14,0,14,0,13,17,0,30,18,0,18,48
07/05/2004,ITH,NY,AEA,EN,Federal Contract Tower,0,21,10,0,31,0,0,12,0,12,0,21,22,0,43,63,0,63,106
07/06/2004,ITH,NY,AEA,EN,Federal Contract Tower,0,25,11,0,36,0,0,35,0,35,0,25,46,0,71,156,0,156,227
07/07/2004,ITH,NY,AEA,EN,Federal Contract Tower,0,22,8,0,30,0,0,20,0,20,0,22,28,0,50,112,0,112,162
07/08/2004,ITH,NY,AEA,EN,Federal Contract Tower,0,28,8,0,36,0,0,29,0,29,0,28,37,0,65,80,0,80,145
07/09/2004,ITH,NY,AEA,EN,Federal Contract Tower,0,22,15,3,40,0,0,25,0,25,0,22,40,3,65,96,6,102,167
07/10/2004,ITH,NY,AEA,EN,Federal Contract Tower,0,18,12,0,30,0,0,43,0,43,0,18,55,0,73,128,0,128,201
07/11/2004,ITH,NY,AEA,EN,Federal Contract Tower,0,21,13,0,34,0,0,42,0,42,0,21,55,0,76,205,0,205,281
07/12/2004,ITH,NY,AEA,EN,Federal Contract Tower,0,18,9,0,27,0,0,0,0,0,0,18,9,0,27,0,0,0,27
07/13/2004,ITH,NY,AEA,EN,Federal Contract Tower,0,25,27,0,52,0,0,11,0,11,0,25,38,0,63,122,0,122,185
07/14/2004,ITH,NY,AEA,EN,Federal Contract Tower,0,16,8,0,24,0,0,2,0,2,0,16,10,0,26,2,0,2,28
07/15/2004,ITH,NY,AEA,EN,Federal Contract Tower,0,23,20,0,43,0,0,3,0,3,0,23,23,0,46,0,0,0,46
07/16/2004,ITH,NY,AEA,EN,Federal Contract Tower,0,23,23,0,46,0,0,18,0,18,0,23,41,0,64,42,0,42,106
07/17/2004,ITH,NY,AEA,EN,Federal Contract Tower,0,24,9,0,33,0,0,19,0,19,0,24,28,0,52,136,0,136,188
07/18/2004,ITH,NY,AEA,EN,Federal Contract Tower,0,21,9,0,30,0,0,0,0,0,0,21,9,0,30,42,0,42,72
07/19/2004,ITH,NY,AEA,EN,Federal Contract Tower,0,27,25,0,52,0,0,28,0,28,0,27,53,0,80,122,0,122,202
07/20/2004,ITH,NY,AEA,EN,Federal Contract Tower,0,31,19,4,54,0,0,12,0,12,0,31,31,4,66,114,6,120,186
07/21/2004,ITH,NY,AEA,EN,Federal Contract Tower,0,24,21,0,45,0,0,36,0,36,0,24,57,0,81,192,0,192,273
07/22/2004,ITH,NY,AEA,EN,Federal Contract Tower,0,22,11,0,33,0,0,1,0,1,0,22,12,0,34,54,0,54,88
07/23/2004,ITH,NY,AEA,EN,Federal Contract Tower,0,16,19,0,35,0,0,0,0,0,0,16,19,0,35,12,0,12,47
07/24/2004,ITH,NY,AEA,EN,Federal Contract Tower,0,17,10,0,27,0,0,30,0,30,0,17,40,0,57,123,0,123,180
07/25/2004,ITH,NY,AEA,EN,Federal Contract Tower,0,20,11,0,31,0,0,26,0,26,0,20,37,0,57,202,0,202,259
07/26/2004,ITH,NY,AEA,EN,Federal Contract Tower,0,19,9,0,28,0,0,8,0,8,0,19,17,0,36,20,0,20,56
07/27/2004,ITH,NY,AEA,EN,Federal Contract Tower,0,20,14,2,36,0,0,0,0,0,0,20,14,2,36,6,6,12,48
07/28/2004,ITH,NY,AEA,EN,Federal Contract Tower,0,26,16,0,42,0,0,7,0,7,0,26,23,0,49,14,0,14,63
07/29/2004,ITH,NY,AEA,EN,Federal Contract Tower,0,22,20,0,42,0,0,30,0,30,0,22,50,0,72,100,0,100,172
07/30/2004,ITH,NY,AEA,EN,Federal Contract Tower,0,19,10,0,29,0,2,20,0,22,0,21,30,0,51,120,0,120,171
07/31/2004,ITH,NY,AEA,EN,Federal Contract Tower,0,19,12,0,31,0,0,5,0,5,0,19,17,0,36,18,0,18,54
08/01/2004,ITH,NY,AEA,EN,Federal Contract Tower,0,17,5,0,22,0,0,25,0,25,0,17,30,0,47,114,0,114,161
08/02/2004,ITH,NY,AEA,EN,Federal Contract Tower,0,25,17,0,42,0,0,43,0,43,0,25,60,0,85,245,0,245,330
08/03/2004,ITH,NY,AEA,EN,Federal Contract Tower,0,26,13,0,39,0,0,39,0,39,0,26,52,0,78,178,0,178,256
08/04/2004,ITH,NY,AEA,EN,Federal Contract Tower,0,28,21,0,49,0,0,6,0,6,0,28,27,0,55,58,0,58,113
08/05/2004,ITH,NY,AEA,EN,Federal Contract Tower,0,25,14,0,39,0,0,18,0,18,0,25,32,0,57,74,0,74,131
08/06/2004,ITH,NY,AEA,EN,Federal Contract Tower,0,28,15,0,43,0,0,17,0,17,0,28,32,0,60,118,0,118,178
08/07/2004,ITH,NY,AEA,EN,Federal Contract Tower,0,20,15,0,35,0,0,33,0,33,0,20,48,0,68,71,0,71,139
08/08/2004,ITH,NY,AEA,EN,Federal Contract Tower,0,22,8,0,30,0,0,58,0,58,0,22,66,0,88,190,0,190,278
08/09/2004,ITH,NY,AEA,EN,Federal Contract Tower,0,24,4,0,28,0,0,32,0,32,0,24,36,0,60,177,0,177,237
08/10/2004,ITH,NY,AEA,EN,Federal Contract Tower,0,23,17,0,40,0,0,9,0,9,0,23,26,0,49,94,0,94,143
08/11/2004,ITH,NY,AEA,EN,Federal Contract Tower,0,25,13,0,38,0,1,12,0,13,0,26,25,0,51,134,0,134,185
08/12/2004,ITH,NY,AEA,EN,Federal Contract Tower,0,20,17,0,37,0,0,3,0,3,0,20,20,0,40,1,0,1,41
08/13/2004,ITH,NY,AEA,EN,Federal Contract Tower,0,25,10,0,35,0,0,0,0,0,0,25,10,0,35,0,0,0,35
08/14/2004,ITH,NY,AEA,EN,Federal Contract Tower,0,20,21,0,41,0,0,14,0,14,0,20,35,0,55,161,0,161,216
08/15/2004,ITH,NY,AEA,EN,Federal Contract Tower,0,20,27,0,47,0,0,43,0,43,0,20,70,0,90,134,0,134,224
08/16/2004,ITH,NY,AEA,EN,Federal Contract Tower,0,21,22,0,43,0,0,16,0,16,0,21,38,0,59,95,0,95,154
08/17/2004,ITH,NY,AEA,EN,Federal Contract Tower,0,28,15,0,43,0,0,32,0,32,0,28,47,0,75,208,0,208,283
08/18/2004,ITH,NY,AEA,EN,Federal Contract Tower,0,24,15,0,39,0,1,21,0,22,0,25,36,0,61,148,0,148,209
08/19/2004,ITH,NY,AEA,EN,Federal Contract Tower,0,28,24,0,52,0,0,7,8,15,0,28,31,8,67,80,8,88,155
08/20/2004,ITH,NY,AEA,EN,Federal Contract Tower,0,22,24,0,46,0,0,1,0,1,0,22,25,0,47,8,0,8,55
08/21/2004,ITH,NY,AEA,EN,Federal Contract Tower,0,25,12,0,37,0,0,9,0,9,0,25,21,0,46,90,0,90,136
08/22/2004,ITH,NY,AEA,EN,Federal Contract Tower,0,23,17,0,40,0,0,71,0,71,0,23,88,0,111,221,0,221,332
08/23/2004,ITH,NY,AEA,EN,Federal Contract Tower,0,28,11,0,39,0,0,33,0,33,0,28,44,0,72,133,0,133,205
08/24/2004,ITH,NY,AEA,EN,Federal Contract Tower,0,24,22,0,46,0,0,33,0,33,0,24,55,0,79,186,0,186,265
08/25/2004,ITH,NY,AEA,EN,Federal Contract Tower,0,26,24,0,50,0,0,30,0,30,0,26,54,0,80,64,0,64,144
08/26/2004,ITH,NY,AEA,EN,Federal Contract Tower,0,26,16,0,42,0,0,8,0,8,0,26,24,0,50,40,0,40,90
08/27/2004,ITH,NY,AEA,EN,Federal Contract Tower,0,24,18,0,42,0,4,7,0,11,0,28,25,0,53,116,0,116,169
08/28/2004,ITH,NY,AEA,EN,Federal Contract Tower,0,17,17,0,34,0,0,27,2,29,0,17,44,2,63,103,0,103,166
08/29/2004,ITH,NY,AEA,EN,Federal Contract Tower,0,20,17,0,37,0,0,10,0,10,0,20,27,0,47,110,0,110,157
08/30/2004,ITH,NY,AEA,EN,Federal Contract Tower,0,26,14,0,40,0,0,0,0,0,0,26,14,0,40,0,0,0,40
08/31/2004,ITH,NY,AEA,EN,Federal Contract Tower,0,26,16,0,42,0,0,26,0,26,0,26,42,0,68,118,0,118,186
09/01/2004,ITH,NY,AEA,EN,Federal Contract Tower,0,28,7,0,35,0,1,53,0,54,0,29,60,0,89,144,0,144,233
09/02/2004,ITH,NY,AEA,EN,Federal Contract Tower,0,37,21,0,58,0,0,32,0,32,0,37,53,0,90,58,0,58,148
09/03/2004,ITH,NY,AEA,EN,Federal Contract Tower,0,24,21,0,45,0,0,44,0,44,0,24,65,0,89,132,0,132,221
09/04/2004,ITH,NY,AEA,EN,Federal Contract Tower,0,17,9,0,26,0,0,24,0,24,0,17,33,0,50,90,0,90,140
09/05/2004,ITH,NY,AEA,EN,Federal Contract Tower,0,15,14,0,29,0,2,8,0,10,0,17,22,0,39,30,0,30,69
09/06/2004,ITH,NY,AEA,EN,Federal Contract Tower,0,18,13,0,31,0,0,47,0,47,0,18,60,0,78,92,0,92,170
09/07/2004,ITH,NY,AEA,EN,Federal Contract Tower,0,21,20,0,41,0,4,12,0,16,0,25,32,0,57,118,0,118,175
09/08/2004,ITH,NY,AEA,EN,Federal Contract Tower,0,24,24,0,48,0,0,0,0,0,0,24,24,0,48,20,0,20,68
09/09/2004,ITH,NY,AEA,EN,Federal Contract Tower,0,26,8,0,34,0,0,0,0,0,0,26,8,0,34,0,0,0,34
09/10/2004,ITH,NY,AEA,EN,Federal Contract Tower,0,29,21,0,50,0,0,30,0,30,0,29,51,0,80,144,0,144,224
09/11/2004,ITH,NY,AEA,EN,Federal Contract Tower,0,22,12,0,34,0,0,27,0,27,0,22,39,0,61,115,0,115,176
09/12/2004,ITH,NY,AEA,EN,Federal Contract Tower,0,26,16,0,42,0,0,37,0,37,0,26,53,0,79,125,0,125,204
09/13/2004,ITH,NY,AEA,EN,Federal Contract Tower,0,27,21,0,48,0,0,19,0,19,0,27,40,0,67,160,0,160,227
09/14/2004,ITH,NY,AEA,EN,Federal Contract Tower,0,26,18,0,44,0,0,49,0,49,0,26,67,0,93,140,0,140,233
09/15/2004,ITH,NY,AEA,EN,Federal Contract Tower,0,30,12,0,42,0,0,38,0,38,0,30,50,0,80,130,0,130,210
09/16/2004,ITH,NY,AEA,EN,Federal Contract Tower,0,30,17,2,49,0,0,23,0,23,0,30,40,2,72,74,2,76,148
09/17/2004,ITH,NY,AEA,EN,Federal Contract Tower,0,33,14,0,47,0,1,0,0,1,0,34,14,0,48,12,0,12,60
09/18/2004,ITH,NY,AEA,EN,Federal Contract Tower,0,15,21,0,36,0,0,6,0,6,0,15,27,0,42,50,0,50,92
09/19/2004,ITH,NY,AEA,EN,Federal Contract Tower,0,33,18,0,51,0,0,103,0,103,0,33,121,0,154,274,0,274,428
09/20/2004,ITH,NY,AEA,EN,Federal Contract Tower,0,30,26,0,56,0,0,22,0,22,0,30,48,0,78,138,0,138,216
09/21/2004,ITH,NY,AEA,EN,Federal Contract Tower,0,30,11,0,41,0,0,46,0,46,0,30,57,0,87,135,0,135,222
09/22/2004,ITH,NY,AEA,EN,Federal Contract Tower,0,26,17,0,43,0,0,33,0,33,0,26,50,0,76,140,0,140,216
09/23/2004,ITH,NY,AEA,EN,Federal Contract Tower,0,28,32,0,60,0,0,43,0,43,0,28,75,0,103,136,0,136,239
09/24/2004,ITH,NY,AEA,EN,Federal Contract Tower,0,36,24,0,60,0,0,29,0,29,0,36,53,0,89,130,0,130,219
09/25/2004,ITH,NY,AEA,EN,Federal Contract Tower,0,27,15,2,44,0,0,11,0,11,0,27,26,2,55,92,0,92,147
09/26/2004,ITH,NY,AEA,EN,Federal Contract Tower,0,26,19,0,45,0,0,38,0,38,0,26,57,0,83,153,0,153,236
09/27/2004,ITH,NY,AEA,EN,Federal Contract Tower,0,28,19,0,47,0,0,47,0,47,0,28,66,0,94,131,0,131,225
09/28/2004,ITH,NY,AEA,EN,Federal Contract Tower,0,25,23,0,48,0,0,2,0,2,0,25,25,0,50,4,0,4,54
09/29/2004,ITH,NY,AEA,EN,Federal Contract Tower,0,28,22,0,50,0,0,25,0,25,0,28,47,0,75,116,0,116,191
09/30/2004,ITH,NY,AEA,EN,Federal Contract Tower,0,28,15,0,43,0,0,10,0,10,0,28,25,0,53,32,0,32,85
10/01/2004,ITH,NY,AEA,EN,Federal Contract Tower,0,37,27,0,64,0,2,80,0,82,0,39,107,0,146,202,0,202,348
10/02/2004,ITH,NY,AEA,EN,Federal Contract Tower,0,22,12,0,34,0,2,0,0,2,0,24,12,0,36,25,0,25,61
10/03/2004,ITH,NY,AEA,EN,Federal Contract Tower,0,27,18,0,45,0,0,64,0,64,0,27,82,0,109,159,0,159,268
10/04/2004,ITH,NY,AEA,EN,Federal Contract Tower,0,27,14,0,41,0,0,20,0,20,0,27,34,0,61,81,0,81,142
10/05/2004,ITH,NY,AEA,EN,Federal Contract Tower,0,31,22,0,53,0,2,22,0,24,0,33,44,0,77,162,0,162,239
10/06/2004,ITH,NY,AEA,EN,Federal Contract Tower,0,37,14,0,51,0,0,28,0,28,0,37,42,0,79,174,0,174,253
10/07/2004,ITH,NY,AEA,EN,Federal Contract Tower,0,34,15,0,49,0,0,25,0,25,0,34,40,0,74,112,0,112,186
10/08/2004,ITH,NY,AEA,EN,Federal Contract Tower,0,34,26,0,60,0,0,22,0,22,0,34,48,0,82,121,0,121,203
10/09/2004,ITH,NY,AEA,EN,Federal Contract Tower,0,22,14,0,36,0,0,14,0,14,0,22,28,0,50,26,0,26,76
10/10/2004,ITH,NY,AEA,EN,Federal Contract Tower,0,22,21,0,43,0,0,0,0,0,0,22,21,0,43,10,0,10,53
10/11/2004,ITH,NY,AEA,EN,Federal Contract Tower,0,28,18,0,46,0,0,34,0,34,0,28,52,0,80,78,0,78,158
10/12/2004,ITH,NY,AEA,EN,Federal Contract Tower,0,29,26,0,55,0,0,32,0,32,0,29,58,0,87,120,0,120,207
10/13/2004,ITH,NY,AEA,EN,Federal Contract Tower,0,31,25,0,56,0,2,32,0,34,0,33,57,0,90,122,0,122,212
10/14/2004,ITH,NY,AEA,EN,Federal Contract Tower,0,27,20,0,47,0,0,1,0,1,0,27,21,0,48,22,0,22,70
10/15/2004,ITH,NY,AEA,EN,Federal Contract Tower,0,28,32,0,60,0,0,0,0,0,0,28,32,0,60,0,0,0,60
10/16/2004,ITH,NY,AEA,EN,Federal Contract Tower,0,24,24,0,48,0,2,15,0,17,0,26,39,0,65,94,0,94,159
10/17/2004,ITH,NY,AEA,EN,Federal Contract Tower,0,26,25,0,51,0,2,11,0,13,0,28,36,0,64,29,0,29,93
10/18/2004,ITH,NY,AEA,EN,Federal Contract Tower,0,26,29,0,55,0,0,11,0,11,0,26,40,0,66,144,0,144,210
10/19/2004,ITH,NY,AEA,EN,Federal Contract Tower,0,27,22,0,49,0,0,1,0,1,0,27,23,0,50,0,0,0,50
10/20/2004,ITH,NY,AEA,EN,Federal Contract Tower,0,28,21,0,49,0,0,2,0,2,0,28,23,0,51,9,0,9,60
10/21/2004,ITH,NY,AEA,EN,Federal Contract Tower,0,35,27,0,62,0,0,1,0,1,0,35,28,0,63,0,0,0,63
10/22/2004,ITH,NY,AEA,EN,Federal Contract Tower,0,32,20,0,52,0,3,58,0,61,0,35,78,0,113,96,0,96,209
10/23/2004,ITH,NY,AEA,EN,Federal Contract Tower,0,26,20,0,46,0,2,43,0,45,0,28,63,0,91,142,0,142,233
10/24/2004,ITH,NY,AEA,EN,Federal Contract Tower,0,25,19,0,44,0,0,28,0,28,0,25,47,0,72,95,0,95,167
10/25/2004,ITH,NY,AEA,EN,Federal Contract Tower,0,39,10,0,49,0,2,1,0,3,0,41,11,0,52,0,0,0,52
10/26/2004,ITH,NY,AEA,EN,Federal Contract Tower,0,28,25,0,53,0,1,16,0,17,0,29,41,0,70,71,0,71,141
10/27/2004,ITH,NY,AEA,EN,Federal Contract Tower,0,31,31,0,62,0,0,21,0,21,0,31,52,0,83,88,0,88,171
10/28/2004,ITH,NY,AEA,EN,Federal Contract Tower,0,37,26,0,63,0,6,35,0,41,0,43,61,0,104,143,0,143,247
10/29/2004,ITH,NY,AEA,EN,Federal Contract Tower,0,39,18,0,57,0,3,22,0,25,0,42,40,0,82,100,0,100,182
10/30/2004,ITH,NY,AEA,EN,Federal Contract Tower,0,44,12,0,56,0,2,0,0,2,0,46,12,0,58,6,0,6,64
10/31/2004,ITH,NY,AEA,EN,Federal Contract Tower,0,31,14,0,45,0,0,11,0,11,0,31,25,0,56,64,0,64,120
11/01/2004,ITH,NY,AEA,EN,Federal Contract Tower,0,26,19,0,45,0,0,14,2,16,0,26,33,2,61,98,0,98,159
11/02/2004,ITH,NY,AEA,EN,Federal Contract Tower,0,28,18,0,46,0,0,21,0,21,0,28,39,0,67,80,0,80,147
11/03/2004,ITH,NY,AEA,EN,Federal Contract Tower,0,26,12,0,38,0,1,16,0,17,0,27,28,0,55,74,0,74,129
11/04/2004,ITH,NY,AEA,EN,Federal Contract Tower,0,26,7,0,33,0,0,5,0,5,0,26,12,0,38,14,0,14,52
11/05/2004,ITH,NY,AEA,EN,Federal Contract Tower,0,38,17,0,55,0,2,6,0,8,0,40,23,0,63,24,0,24,87
11/06/2004,ITH,NY,AEA,EN,Federal Contract Tower,2,27,7,0,36,0,0,9,0,9,2,27,16,0,45,86,0,86,131
11/07/2004,ITH,NY,AEA,EN,Federal Contract Tower,0,33,15,0,48,0,0,26,0,26,0,33,41,0,74,66,0,66,140
11/08/2004,ITH,NY,AEA,EN,Federal Contract Tower,0,24,11,0,35,0,0,11,0,11,0,24,22,0,46,78,0,78,124
11/09/2004,ITH,NY,AEA,EN,Federal Contract Tower,0,25,18,0,43,0,0,11,6,17,0,25,29,6,60,42,0,42,102
11/10/2004,ITH,NY,AEA,EN,Federal Contract Tower,0,24,27,0,51,0,1,31,4,36,0,25,58,4,87,93,0,93,180
11/11/2004,ITH,NY,AEA,EN,Federal Contract Tower,0,26,29,0,55,0,2,3,0,5,0,28,32,0,60,36,0,36,96
11/12/2004,ITH,NY,AEA,EN,Federal Contract Tower,0,20,22,0,42,0,0,30,0,30,0,20,52,0,72,106,0,106,178
11/13/2004,ITH,NY,AEA,EN,Federal Contract Tower,0,23,12,0,35,0,0,41,0,41,0,23,53,0,76,59,0,59,135
11/14/2004,ITH,NY,AEA,EN,Federal Contract Tower,0,18,20,0,38,0,0,73,0,73,0,18,93,0,111,190,0,190,301
11/15/2004,ITH,NY,AEA,EN,Federal Contract Tower,0,27,16,0,43,0,0,26,0,26,0,27,42,0,69,135,0,135,204
11/16/2004,ITH,NY,AEA,EN,Federal Contract Tower,0,22,13,0,35,0,0,20,0,20,0,22,33,0,55,108,0,108,163
11/17/2004,ITH,NY,AEA,EN,Federal Contract Tower,0,29,17,0,46,0,0,42,0,42,0,29,59,0,88,120,0,120,208
11/18/2004,ITH,NY,AEA,EN,Federal Contract Tower,0,26,26,0,52,0,0,0,0,0,0,26,26,0,52,8,0,8,60
11/19/2004,ITH,NY,AEA,EN,Federal Contract Tower,0,27,35,0,62,0,3,11,0,14,0,30,46,0,76,94,0,94,170
11/20/2004,ITH,NY,AEA,EN,Federal Contract Tower,0,21,13,0,34,0,0,5,0,5,0,21,18,0,39,50,0,50,89
11/21/2004,ITH,NY,AEA,EN,Federal Contract Tower,0,18,13,0,31,0,0,18,0,18,0,18,31,0,49,96,0,96,145
11/22/2004,ITH,NY,AEA,EN,Federal Contract Tower,0,25,17,0,42,0,0,16,0,16,0,25,33,0,58,101,0,101,159
11/23/2004,ITH,NY,AEA,EN,Federal Contract Tower,0,34,31,0,65,0,0,36,0,36,0,34,67,0,101,128,0,128,229
11/24/2004,ITH,NY,AEA,EN,Federal Contract Tower,0,26,15,0,41,0,0,0,0,0,0,26,15,0,41,0,0,0,41
11/25/2004,ITH,NY,AEA,EN,Federal Contract Tower,0,17,1,0,18,0,0,1,0,1,0,17,2,0,19,0,0,0,19
11/26/2004,ITH,NY,AEA,EN,Federal Contract Tower,0,12,9,0,21,0,2,20,2,24,0,14,29,2,45,84,0,84,129
11/27/2004,ITH,NY,AEA,EN,Federal Contract Tower,0,17,6,0,23,0,0,7,0,7,0,17,13,0,30,30,0,30,60
11/28/2004,ITH,NY,AEA,EN,Federal Contract Tower,0,23,13,0,36,0,0,3,0,3,0,23,16,0,39,12,0,12,51
11/29/2004,ITH,NY,AEA,EN,Federal Contract Tower,0,25,21,0,46,0,0,17,0,17,0,25,38,0,63,135,0,135,198
11/30/2004,ITH,NY,AEA,EN,Federal Contract Tower,0,25,23,0,48,0,0,35,2,37,0,25,58,2,85,130,0,130,215
12/01/2004,ITH,NY,AEA,EN,Federal Contract Tower,0,18,6,0,24,0,0,0,0,0,0,18,6,0,24,0,0,0,24
12/02/2004,ITH,NY,AEA,EN,Federal Contract Tower,0,24,6,0,30,0,0,9,2,11,0,24,15,2,41,108,0,108,149
12/03/2004,ITH,NY,AEA,EN,Federal Contract Tower,0,24,16,0,40,0,0,1,0,1,0,24,17,0,41,4,0,4,45
12/04/2004,ITH,NY,AEA,EN,Federal Contract Tower,0,17,5,0,22,0,0,20,0,20,0,17,25,0,42,96,0,96,138
12/05/2004,ITH,NY,AEA,EN,Federal Contract Tower,0,19,5,0,24,0,0,9,0,9,0,19,14,0,33,58,0,58,91
12/06/2004,ITH,NY,AEA,EN,Federal Contract Tower,0,22,11,0,33,0,0,0,0,0,0,22,11,0,33,8,0,8,41
12/07/2004,ITH,NY,AEA,EN,Federal Contract Tower,0,19,12,0,31,0,0,1,0,1,0,19,13,0,32,2,0,2,34
12/08/2004,ITH,NY,AEA,EN,Federal Contract Tower,0,22,14,0,36,0,0,27,0,27,0,22,41,0,63,92,0,92,155
12/09/2004,ITH,NY,AEA,EN,Federal Contract Tower,0,25,24,0,49,0,5,35,0,40,0,30,59,0,89,138,0,138,227
12/10/2004,ITH,NY,AEA,EN,Federal Contract Tower,0,17,19,0,36,0,0,2,0,2,0,17,21,0,38,0,0,0,38
12/11/2004,ITH,NY,AEA,EN,Federal Contract Tower,0,14,8,0,22,0,0,0,0,0,0,14,8,0,22,0,0,0,22
12/12/2004,ITH,NY,AEA,EN,Federal Contract Tower,0,19,1,0,20,0,0,0,0,0,0,19,1,0,20,16,0,16,36
12/13/2004,ITH,NY,AEA,EN,Federal Contract Tower,0,24,7,0,31,0,0,9,0,9,0,24,16,0,40,26,0,26,66
12/14/2004,ITH,NY,AEA,EN,Federal Contract Tower,0,24,14,0,38,0,0,0,0,0,0,24,14,0,38,0,0,0,38
12/15/2004,ITH,NY,AEA,EN,Federal Contract Tower,0,25,17,0,42,0,0,10,0,10,0,25,27,0,52,69,0,69,121
12/16/2004,ITH,NY,AEA,EN,Federal Contract Tower,0,26,24,0,50,0,1,64,0,65,0,27,88,0,115,122,0,122,237
12/17/2004,ITH,NY,AEA,EN,Federal Contract Tower,0,25,23,0,48,0,0,19,0,19,0,25,42,0,67,114,0,114,181
12/18/2004,ITH,NY,AEA,EN,Federal Contract Tower,0,17,10,0,27,0,2,28,0,30,0,19,38,0,57,24,0,24,81
12/19/2004,ITH,NY,AEA,EN,Federal Contract Tower,0,15,8,0,23,0,0,0,0,0,0,15,8,0,23,0,0,0,23
12/20/2004,ITH,NY,AEA,EN,Federal Contract Tower,0,24,8,0,32,0,0,2,0,2,0,24,10,0,34,0,0,0,34
12/21/2004,ITH,NY,AEA,EN,Federal Contract Tower,0,23,16,0,39,0,0,47,0,47,0,23,63,0,86,140,0,140,226
12/22/2004,ITH,NY,AEA,EN,Federal Contract Tower,0,26,8,0,34,0,0,9,0,9,0,26,17,0,43,56,0,56,99
12/23/2004,ITH,NY,AEA,EN,Federal Contract Tower,0,18,9,0,27,0,2,0,0,2,0,20,9,0,29,0,0,0,29
12/24/2004,ITH,NY,AEA,EN,Federal Contract Tower,0,27,9,0,36,0,0,21,0,21,0,27,30,0,57,61,0,61,118
12/25/2004,ITH,NY,AEA,EN,Federal Contract Tower,0,13,5,0,18,0,0,6,0,6,0,13,11,0,24,20,0,20,44
12/26/2004,ITH,NY,AEA,EN,Federal Contract Tower,0,14,9,0,23,0,0,0,0,0,0,14,9,0,23,93,0,93,116
12/27/2004,ITH,NY,AEA,EN,Federal Contract Tower,0,22,11,0,33,0,0,5,0,5,0,22,16,0,38,32,0,32,70
12/28/2004,ITH,NY,AEA,EN,Federal Contract Tower,0,24,5,0,29,0,0,3,0,3,0,24,8,0,32,22,0,22,54
12/29/2004,ITH,NY,AEA,EN,Federal Contract Tower,0,20,0,0,20,0,0,9,0,9,0,20,9,0,29,21,0,21,50
12/30/2004,ITH,NY,AEA,EN,Federal Contract Tower,0,19,12,0,31,0,0,16,0,16,0,19,28,0,47,94,0,94,141
12/31/2004,ITH,NY,AEA,EN,Federal Contract Tower,0,16,5,0,21,0,0,1,0,1,0,16,6,0,22,10,0,10,32
01/01/2005,ITH,NY,AEA,EN,Federal Contract Tower,0,13,9,0,22,0,0,14,0,14,0,13,23,0,36,114,0,114,150
01/02/2005,ITH,NY,AEA,EN,Federal Contract Tower,0,17,6,0,23,0,0,0,0,0,0,17,6,0,23,0,0,0,23
01/03/2005,ITH,NY,AEA,EN,Federal Contract Tower,0,4,6,0,10,0,0,0,0,0,0,4,6,0,10,0,0,0,10
01/04/2005,ITH,NY,AEA,EN,Federal Contract Tower,0,15,9,0,24,0,0,0,0,0,0,15,9,0,24,0,0,0,24
01/05/2005,ITH,NY,AEA,EN,Federal Contract Tower,0,20,5,0,25,0,0,27,0,27,0,20,32,0,52,76,0,76,128
01/06/2005,ITH,NY,AEA,EN,Federal Contract Tower,0,15,2,0,17,0,0,0,0,0,0,15,2,0,17,0,0,0,17
01/07/2005,ITH,NY,AEA,EN,Federal Contract Tower,0,23,14,0,37,0,0,29,0,29,0,23,43,0,66,106,0,106,172
01/08/2005,ITH,NY,AEA,EN,Federal Contract Tower,0,13,4,0,17,0,0,0,0,0,0,13,4,0,17,0,0,0,17
01/09/2005,ITH,NY,AEA,EN,Federal Contract Tower,0,19,7,4,30,0,0,3,1,4,0,19,10,5,34,76,5,81,115
01/10/2005,ITH,NY,AEA,EN,Federal Contract Tower,0,23,16,0,39,0,0,28,0,28,0,23,44,0,67,92,0,92,159
01/11/2005,ITH,NY,AEA,EN,Federal Contract Tower,0,22,11,0,33,0,0,1,0,1,0,22,12,0,34,0,0,0,34
01/12/2005,ITH,NY,AEA,EN,Federal Contract Tower,0,29,7,0,36,0,0,0,0,0,0,29,7,0,36,0,0,0,36
01/13/2005,ITH,NY,AEA,EN,Federal Contract Tower,0,16,18,0,34,0,0,0,0,0,0,16,18,0,34,0,0,0,34
01/14/2005,ITH,NY,AEA,EN,Federal Contract Tower,0,22,12,0,34,0,0,4,0,4,0,22,16,0,38,24,0,24,62
01/15/2005,ITH,NY,AEA,EN,Federal Contract Tower,0,16,8,0,24,0,0,13,0,13,0,16,21,0,37,152,0,152,189
01/16/2005,ITH,NY,AEA,EN,Federal Contract Tower,0,16,25,0,41,0,0,31,14,45,0,16,56,14,86,164,0,164,250
01/17/2005,ITH,NY,AEA,EN,Federal Contract Tower,0,27,17,0,44,0,0,14,0,14,0,27,31,0,58,41,0,41,99
01/18/2005,ITH,NY,AEA,EN,Federal Contract Tower,0,26,16,0,42,0,0,9,0,9,0,26,25,0,51,0,0,0,51
01/19/2005,ITH,NY,AEA,EN,Federal Contract Tower,0,20,7,0,27,0,0,0,0,0,0,20,7,0,27,0,0,0,27
01/20/2005,ITH,NY,AEA,EN,Federal Contract Tower,0,25,10,0,35,0,0,2,0,2,0,25,12,0,37,0,0,0,37
01/21/2005,ITH,NY,AEA,EN,Federal Contract Tower,0,25,10,0,35,0,0,27,0,27,0,25,37,0,62,89,0,89,151
01/22/2005,ITH,NY,AEA,EN,Federal Contract Tower,0,7,5,0,12,0,0,0,0,0,0,7,5,0,12,24,0,24,36
01/23/2005,ITH,NY,AEA,EN,Federal Contract Tower,0,1,7,0,8,0,2,2,0,4,0,3,9,0,12,0,0,0,12
01/24/2005,ITH,NY,AEA,EN,Federal Contract Tower,0,22,12,0,34,0,0,16,0,16,0,22,28,0,50,40,0,40,90
01/25/2005,ITH,NY,AEA,EN,Federal Contract Tower,0,30,13,0,43,0,0,30,0,30,0,30,43,0,73,120,0,120,193
01/26/2005,ITH,NY,AEA,EN,Federal Contract Tower,0,23,7,0,30,0,0,0,2,2,0,23,7,2,32,0,0,0,32
01/27/2005,ITH,NY,AEA,EN,Federal Contract Tower,0,24,12,2,38,0,0,14,2,16,0,24,26,4,54,54,0,54,108
01/28/2005,ITH,NY,AEA,EN,Federal Contract Tower,0,27,13,0,40,0,0,51,0,51,0,27,64,0,91,126,0,126,217
01/29/2005,ITH,NY,AEA,EN,Federal Contract Tower,0,20,6,0,26,0,0,27,0,27,0,20,33,0,53,114,0,114,167
01/30/2005,ITH,NY,AEA,EN,Federal Contract Tower,0,17,6,0,23,0,0,48,0,48,0,17,54,0,71,179,0,179,250
01/31/2005,ITH,NY,AEA,EN,Federal Contract Tower,0,25,16,0,41,0,0,48,0,48,0,25,64,0,89,151,0,151,240
02/01/2005,ITH,NY,AEA,EN,Federal Contract Tower,0,26,10,0,36,0,0,27,0,27,0,26,37,0,63,127,0,127,190
02/02/2005,ITH,NY,AEA,EN,Federal Contract Tower,0,24,10,0,34,0,0,40,0,40,0,24,50,0,74,110,0,110,184
02/03/2005,ITH,NY,AEA,EN,Federal Contract Tower,0,24,13,0,37,0,0,17,0,17,0,24,30,0,54,62,0,62,116
02/04/2005,ITH,NY,AEA,EN,Federal Contract Tower,0,23,20,0,43,0,0,8,0,8,0,23,28,0,51,23,0,23,74
02/05/2005,ITH,NY,AEA,EN,Federal Contract Tower,0,16,17,0,33,0,0,38,0,38,0,16,55,0,71,149,0,149,220
02/06/2005,ITH,NY,AEA,EN,Federal Contract Tower,0,19,5,0,24,0,2,88,0,90,0,21,93,0,114,245,0,245,359
02/07/2005,ITH,NY,AEA,EN,Federal Contract Tower,0,26,15,0,41,0,0,50,0,50,0,26,65,0,91,144,0,144,235
02/08/2005,ITH,NY,AEA,EN,Federal Contract Tower,0,23,15,0,38,0,0,0,0,0,0,23,15,0,38,0,0,0,38
02/09/2005,ITH,NY,AEA,EN,Federal Contract Tower,0,23,10,0,33,0,0,1,0,1,0,23,11,0,34,0,0,0,34
02/10/2005,ITH,NY,AEA,EN,Federal Contract Tower,0,24,8,0,32,0,1,0,0,1,0,25,8,0,33,0,0,0,33
02/11/2005,ITH,NY,AEA,EN,Federal Contract Tower,0,23,7,5,35,0,0,25,3,28,0,23,32,8,63,72,6,78,141
02/12/2005,ITH,NY,AEA,EN,Federal Contract Tower,0,17,4,0,21,0,0,0,0,0,0,17,4,0,21,0,0,0,21
02/13/2005,ITH,NY,AEA,EN,Federal Contract Tower,0,18,18,0,36,0,4,69,0,73,0,22,87,0,109,151,0,151,260
02/14/2005,ITH,NY,AEA,EN,Federal Contract Tower,0,22,14,0,36,0,0,1,0,1,0,22,15,0,37,0,0,0,37
02/15/2005,ITH,NY,AEA,EN,Federal Contract Tower,0,26,11,0,37,0,0,38,0,38,0,26,49,0,75,136,0,136,211
02/16/2005,ITH,NY,AEA,EN,Federal Contract Tower,0,24,13,0,37,0,0,0,0,0,0,24,13,0,37,0,0,0,37
02/17/2005,ITH,NY,AEA,EN,Federal Contract Tower,0,30,23,0,53,0,1,18,0,19,0,31,41,0,72,53,0,53,125
02/18/2005,ITH,NY,AEA,EN,Federal Contract Tower,0,26,23,0,49,0,0,3,0,3,0,26,26,0,52,6,0,6,58
02/19/2005,ITH,NY,AEA,EN,Federal Contract Tower,0,19,15,0,34,0,0,4,0,4,0,19,19,0,38,74,0,74,112
02/20/2005,ITH,NY,AEA,EN,Federal Contract Tower,0,19,9,0,28,0,0,36,0,36,0,19,45,0,64,118,0,118,182
02/21/2005,ITH,NY,AEA,EN,Federal Contract Tower,0,18,7,0,25,0,0,0,0,0,0,18,7,0,25,0,0,0,25
02/22/2005,ITH,NY,AEA,EN,Federal Contract Tower,0,25,17,0,42,0,0,0,0,0,0,25,17,0,42,22,0,22,64
02/23/2005,ITH,NY,AEA,EN,Federal Contract Tower,0,26,16,0,42,0,0,1,0,1,0,26,17,0,43,4,0,4,47
02/24/2005,ITH,NY,AEA,EN,Federal Contract Tower,0,18,11,0,29,0,0,12,0,12,0,18,23,0,41,72,0,72,113
02/25/2005,ITH,NY,AEA,EN,Federal Contract Tower,0,21,12,0,33,0,0,17,0,17,0,21,29,0,50,65,0,65,115
02/26/2005,ITH,NY,AEA,EN,Federal Contract Tower,0,16,6,0,22,0,0,0,0,0,0,16,6,0,22,2,0,2,24
02/27/2005,ITH,NY,AEA,EN,Federal Contract Tower,0,22,17,0,39,0,0,50,0,50,0,22,67,0,89,159,0,159,248
02/28/2005,ITH,NY,AEA,EN,Federal Contract Tower,0,24,6,0,30,0,0,20,0,20,0,24,26,0,50,44,0,44,94
03/01/2005,ITH,NY,AEA,EN,Federal Contract Tower,0,21,3,0,24,0,0,0,0,0,0,21,3,0,24,0,0,0,24
03/02/2005,ITH,NY,AEA,EN,Federal Contract Tower,0,22,16,0,38,0,0,0,0,0,0,22,16,0,38,0,0,0,38
03/03/2005,ITH,NY,AEA,EN,Federal Contract Tower,0,24,16,0,40,0,0,0,0,0,0,24,16,0,40,16,0,16,56
03/04/2005,ITH,NY,AEA,EN,Federal Contract Tower,0,24,11,0,35,0,0,9,0,9,0,24,20,0,44,86,0,86,130
03/05/2005,ITH,NY,AEA,EN,Federal Contract Tower,0,20,15,0,35,0,0,53,0,53,0,20,68,0,88,119,0,119,207
03/06/2005,ITH,NY,AEA,EN,Federal Contract Tower,0,19,7,0,26,0,2,1,0,3,0,21,8,0,29,29,0,29,58
03/07/2005,ITH,NY,AEA,EN,Federal Contract Tower,0,28,15,0,43,0,0,39,0,39,0,28,54,0,82,92,0,92,174
03/08/2005,ITH,NY,AEA,EN,Federal Contract Tower,0,24,14,0,38,0,1,0,0,1,0,25,14,0,39,0,0,0,39
03/09/2005,ITH,NY,AEA,EN,Federal Contract Tower,0,34,16,0,50,0,0,5,0,5,0,34,21,0,55,0,0,0,55
03/10/2005,ITH,NY,AEA,EN,Federal Contract Tower,0,41,16,0,57,0,0,20,0,20,0,41,36,0,77,64,0,64,141
03/11/2005,ITH,NY,AEA,EN,Federal Contract Tower,0,39,23,0,62,0,2,2,0,4,0,41,25,0,66,0,0,0,66
03/12/2005,ITH,NY,AEA,EN,Federal Contract Tower,0,24,10,0,34,0,0,27,0,27,0,24,37,0,61,74,0,74,135
03/13/2005,ITH,NY,AEA,EN,Federal Contract Tower,0,18,18,0,36,0,0,20,0,20,0,18,38,0,56,102,0,102,158
03/14/2005,ITH,NY,AEA,EN,Federal Contract Tower,0,26,10,0,36,0,0,40,0,40,0,26,50,0,76,122,0,122,198
03/15/2005,ITH,NY,AEA,EN,Federal Contract Tower,0,24,12,0,36,0,0,46,0,46,0,24,58,0,82,194,0,194,276
03/16/2005,ITH,NY,AEA,EN,Federal Contract Tower,0,25,17,0,42,0,1,17,0,18,0,26,34,0,60,58,0,58,118
03/17/2005,ITH,NY,AEA,EN,Federal Contract Tower,0,24,13,2,39,0,0,34,0,34,0,24,47,2,73,132,0,132,205
03/18/2005,ITH,NY,AEA,EN,Federal Contract Tower,0,32,22,0,54,0,2,54,1,57,0,34,76,1,111,163,2,165,276
03/19/2005,ITH,NY,AEA,EN,Federal Contract Tower,0,18,7,0,25,0,0,35,0,35,0,18,42,0,60,120,0,120,180
03/20/2005,ITH,NY,AEA,EN,Federal Contract Tower,0,18,5,0,23,0,0,0,0,0,0,18,5,0,23,0,0,0,23
03/21/2005,ITH,NY,AEA,EN,Federal Contract Tower,0,26,11,0,37,0,0,23,0,23,0,26,34,0,60,74,0,74,134
03/22/2005,ITH,NY,AEA,EN,Federal Contract Tower,0,28,10,0,38,0,0,50,0,50,0,28,60,0,88,192,0,192,280
03/23/2005,ITH,NY,AEA,EN,Federal Contract Tower,0,22,12,2,36,0,0,6,0,6,0,22,18,2,42,80,0,80,122
03/24/2005,ITH,NY,AEA,EN,Federal Contract Tower,0,23,21,2,46,0,0,7,0,7,0,23,28,2,53,32,0,32,85
03/25/2005,ITH,NY,AEA,EN,Federal Contract Tower,0,26,8,0,34,0,0,21,0,21,0,26,29,0,55,89,0,89,144
03/26/2005,ITH,NY,AEA,EN,Federal Contract Tower,0,19,14,0,33,0,0,40,0,40,0,19,54,0,73,139,0,139,212
03/27/2005,ITH,NY,AEA,EN,Federal Contract Tower,0,20,7,0,27,0,0,7,0,7,0,20,14,0,34,10,0,10,44
03/28/2005,ITH,NY,AEA,EN,Federal Contract Tower,0,22,14,0,36,0,0,0,0,0,0,22,14,0,36,23,0,23,59
03/29/2005,ITH,NY,AEA,EN,Federal Contract Tower,0,26,10,8,44,0,0,0,0,0,0,26,10,8,44,0,0,0,44
03/30/2005,ITH,NY,AEA,EN,Federal Contract Tower,0,28,13,0,41,0,0,45,0,45,0,28,58,0,86,132,0,132,218
03/31/2005,ITH,NY,AEA,EN,Federal Contract Tower,0,33,12,0,45,0,2,9,0,11,0,35,21,0,56,0,0,0,56
04/01/2005,ITH,NY,AEA,EN,Federal Contract Tower,0,24,19,0,43,0,0,21,0,21,0,24,40,0,64,103,0,103,167
04/02/2005,ITH,NY,AEA,EN,Federal Contract Tower,0,15,1,0,16,0,0,0,0,0,0,15,1,0,16,0,0,0,16
04/03/2005,ITH,NY,AEA,EN,Federal Contract Tower,0,26,5,0,31,0,0,0,0,0,0,26,5,0,31,0,0,0,31
04/04/2005,ITH,NY,AEA,EN,Federal Contract Tower,0,25,12,0,37,0,0,21,0,21,0,25,33,0,58,69,0,69,127
04/05/2005,ITH,NY,AEA,EN,Federal Contract Tower,0,35,19,2,56,0,0,67,0,67,0,35,86,2,123,236,0,236,359
04/06/2005,ITH,NY,AEA,EN,Federal Contract Tower,0,30,20,0,50,0,0,27,0,27,0,30,47,0,77,155,0,155,232
04/07/2005,ITH,NY,AEA,EN,Federal Contract Tower,0,25,13,0,38,0,0,8,0,8,0,25,21,0,46,48,0,48,94
04/08/2005,ITH,NY,AEA,EN,Federal Contract Tower,0,36,22,0,58,0,4,57,0,61,0,40,79,0,119,137,0,137,256
04/09/2005,ITH,NY,AEA,EN,Federal Contract Tower,0,19,18,0,37,0,2,112,0,114,0,21,130,0,151,198,0,198,349
04/10/2005,ITH,NY,AEA,EN,Federal Contract Tower,0,20,17,0,37,0,1,90,0,91,0,21,107,0,128,126,0,126,254
04/11/2005,ITH,NY,AEA,EN,Federal Contract Tower,0,38,20,0,58,0,0,45,0,45,0,38,65,0,103,157,0,157,260
04/12/2005,ITH,NY,AEA,EN,Federal Contract Tower,0,29,15,0,44,0,0,24,0,24,0,29,39,0,68,150,0,150,218
04/13/2005,ITH,NY,AEA,EN,Federal Contract Tower,0,26,24,0,50,0,0,27,0,27,0,26,51,0,77,97,0,97,174
04/14/2005,ITH,NY,AEA,EN,Federal Contract Tower,0,29,27,0,56,0,0,31,0,31,0,29,58,0,87,104,0,104,191
04/15/2005,ITH,NY,AEA,EN,Federal Contract Tower,0,31,14,0,45,0,6,23,0,29,0,37,37,0,74,136,0,136,210
04/16/2005,ITH,NY,AEA,EN,Federal Contract Tower,0,20,18,0,38,0,0,47,0,47,0,20,65,0,85,156,0,156,241
04/17/2005,ITH,NY,AEA,EN,Federal Contract Tower,0,24,14,0,38,0,0,46,0,46,0,24,60,0,84,173,0,173,257
04/18/2005,ITH,NY,AEA,EN,Federal Contract Tower,0,29,11,0,40,0,0,26,0,26,0,29,37,0,66,175,0,175,241
04/19/2005,ITH,NY,AEA,EN,Federal Contract Tower,0,30,12,0,42,0,0,27,4,31,0,30,39,4,73,162,0,162,235
04/20/2005,ITH,NY,AEA,EN,Federal Contract Tower,0,29,16,0,45,0,2,8,0,10,0,31,24,0,55,74,0,74,129
04/21/2005,ITH,NY,AEA,EN,Federal Contract Tower,0,29,15,0,44,0,0,25,0,25,0,29,40,0,69,118,0,118,187
04/22/2005,ITH,NY,AEA,EN,Federal Contract Tower,0,33,19,0,52,0,0,15,0,15,0,33,34,0,67,170,0,170,237
04/23/2005,ITH,NY,AEA,EN,Federal Contract Tower,0,21,18,0,39,0,4,3,0,7,0,25,21,0,46,2,0,2,48
04/24/2005,ITH,NY,AEA,EN,Federal Contract Tower,0,22,15,0,37,0,0,3,0,3,0,22,18,0,40,23,0,23,63
04/25/2005,ITH,NY,AEA,EN,Federal Contract Tower,0,25,12,0,37,0,0,0,0,0,0,25,12,0,37,0,0,0,37
04/26/2005,ITH,NY,AEA,EN,Federal Contract Tower,0,34,16,0,50,0,0,19,0,19,0,34,35,0,69,106,0,106,175
04/27/2005,ITH,NY,AEA,EN,Federal Contract Tower,0,25,26,0,51,0,0,30,0,30,0,25,56,0,81,118,0,118,199
04/28/2005,ITH,NY,AEA,EN,Federal Contract Tower,0,27,18,0,45,0,0,16,0,16,0,27,34,0,61,150,0,150,211
04/29/2005,ITH,NY,AEA,EN,Federal Contract Tower,0,26,22,0,48,0,0,37,1,38,0,26,59,1,86,125,0,125,211
04/30/2005,ITH,NY,AEA,EN,Federal Contract Tower,0,22,29,0,51,0,0,2,0,2,0,22,31,0,53,8,0,8,61
05/01/2005,ITH,NY,AEA,EN,Federal Contract Tower,0,28,18,0,46,0,0,14,0,14,0,28,32,0,60,131,0,131,191
05/02/2005,ITH,NY,AEA,EN,Federal Contract Tower,0,28,15,0,43,0,0,8,0,8,0,28,23,0,51,42,0,42,93
05/03/2005,ITH,NY,AEA,EN,Federal Contract Tower,0,32,8,0,40,0,0,13,0,13,0,32,21,0,53,75,0,75,128
05/04/2005,ITH,NY,AEA,EN,Federal Contract Tower,0,36,21,0,57,0,0,24,4,28,0,36,45,4,85,110,0,110,195
05/05/2005,ITH,NY,AEA,EN,Federal Contract Tower,0,27,12,8,47,0,0,36,1,37,0,27,48,9,84,163,10,173,257
05/06/2005,ITH,NY,AEA,EN,Federal Contract Tower,0,29,19,0,48,0,0,39,0,39,0,29,58,0,87,200,0,200,287
05/07/2005,ITH,NY,AEA,EN,Federal Contract Tower,0,21,6,0,27,0,4,31,0,35,0,25,37,0,62,137,0,137,199
05/08/2005,ITH,NY,AEA,EN,Federal Contract Tower,0,25,9,0,34,0,0,21,0,21,0,25,30,0,55,86,0,86,141
05/09/2005,ITH,NY,AEA,EN,Federal Contract Tower,0,29,19,0,48,0,0,32,0,32,0,29,51,0,80,144,0,144,224
05/10/2005,ITH,NY,AEA,EN,Federal Contract Tower,0,32,11,0,43,0,0,26,0,26,0,32,37,0,69,124,0,124,193
05/11/2005,ITH,NY,AEA,EN,Federal Contract Tower,0,32,13,0,45,0,0,24,2,26,0,32,37,2,71,79,4,83,154
05/12/2005,ITH,NY,AEA,EN,Federal Contract Tower,0,29,14,0,43,0,1,22,0,23,0,30,36,0,66,65,0,65,131
05/13/2005,ITH,NY,AEA,EN,Federal Contract Tower,0,30,20,0,50,0,0,19,0,19,0,30,39,0,69,89,0,89,158
05/14/2005,ITH,NY,AEA,EN,Federal Contract Tower,0,26,14,0,40,0,2,7,0,9,0,28,21,0,49,56,0,56,105
05/15/2005,ITH,NY,AEA,EN,Federal Contract Tower,0,24,25,0,49,0,0,7,0,7,0,24,32,0,56,151,0,151,207
05/16/2005,ITH,NY,AEA,EN,Federal Contract Tower,0,30,12,0,42,0,0,8,0,8,0,30,20,0,50,88,0,88,138
05/17/2005,ITH,NY,AEA,EN,Federal Contract Tower,0,29,21,0,50,0,0,27,0,27,0,29,48,0,77,96,0,96,173
05/18/2005,ITH,NY,AEA,EN,Federal Contract Tower,0,29,27,0,56,0,0,21,0,21,0,29,48,0,77,99,0,99,176
05/19/2005,ITH,NY,AEA,EN,Federal Contract Tower,0,29,20,0,49,0,0,39,0,39,0,29,59,0,88,127,0,127,215
05/20/2005,ITH,NY,AEA,EN,Federal Contract Tower,0,26,20,0,46,0,0,24,0,24,0,26,44,0,70,139,0,139,209
05/21/2005,ITH,NY,AEA,EN,Federal Contract Tower,0,22,4,0,26,0,0,33,0,33,0,22,37,0,59,174,0,174,233
05/22/2005,ITH,NY,AEA,EN,Federal Contract Tower,0,24,15,0,39,0,0,2,0,2,0,24,17,0,41,4,0,4,45
05/23/2005,ITH,NY,AEA,EN,Federal Contract Tower,0,32,10,0,42,0,0,7,2,9,0,32,17,2,51,52,0,52,103
05/24/2005,ITH,NY,AEA,EN,Federal Contract Tower,0,34,11,0,45,0,2,8,0,10,0,36,19,0,55,72,0,72,127
05/25/2005,ITH,NY,AEA,EN,Federal Contract Tower,0,26,20,2,48,0,0,11,1,12,0,26,31,3,60,18,16,34,94
05/26/2005,ITH,NY,AEA,EN,Federal Contract Tower,0,45,33,0,78,0,0,20,0,20,0,45,53,0,98,93,0,93,191
05/27/2005,ITH,NY,AEA,EN,Federal Contract Tower,0,39,18,0,57,0,0,20,0,20,0,39,38,0,77,97,0,97,174
05/28/2005,ITH,NY,AEA,EN,Federal Contract Tower,0,34,9,0,43,0,0,14,0,14,0,34,23,0,57,91,0,91,148
05/29/2005,ITH,NY,AEA,EN,Federal Contract Tower,0,42,25,0,67,0,0,42,0,42,0,42,67,0,109,89,0,89,198
05/30/2005,ITH,NY,AEA,EN,Federal Contract Tower,0,29,14,0,43,0,0,24,0,24,0,29,38,0,67,139,0,139,206
05/31/2005,ITH,NY,AEA,EN,Federal Contract Tower,0,33,10,0,43,0,2,33,0,35,0,35,43,0,78,138,0,138,216
06/01/2005,ITH,NY,AEA,EN,Federal Contract Tower,0,28,13,0,41,0,0,44,0,44,0,28,57,0,85,98,0,98,183
06/02/2005,ITH,NY,AEA,EN,Federal Contract Tower,0,36,20,0,56,0,0,24,0,24,0,36,44,0,80,106,0,106,186
06/03/2005,ITH,NY,AEA,EN,Federal Contract Tower,0,25,11,0,36,0,0,16,0,16,0,25,27,0,52,82,0,82,134
06/04/2005,ITH,NY,AEA,EN,Federal Contract Tower,0,24,19,0,43,0,0,26,0,26,0,24,45,0,69,137,0,137,206
06/05/2005,ITH,NY,AEA,EN,Federal Contract Tower,0,20,12,0,32,0,4,31,0,35,0,24,43,0,67,158,0,158,225
06/06/2005,ITH,NY,AEA,EN,Federal Contract Tower,0,22,20,0,42,0,0,2,0,2,0,22,22,0,44,73,0,73,117
06/07/2005,ITH,NY,AEA,EN,Federal Contract Tower,0,30,9,0,39,0,0,40,0,40,0,30,49,0,79,180,0,180,259
06/08/2005,ITH,NY,AEA,EN,Federal Contract Tower,0,29,14,0,43,0,0,27,0,27,0,29,41,0,70,134,0,134,204
06/09/2005,ITH,NY,AEA,EN,Federal Contract Tower,0,33,26,0,59,0,0,28,0,28,0,33,54,0,87,132,0,132,219
06/10/2005,ITH,NY,AEA,EN,Federal Contract Tower,0,33,28,0,61,0,0,32,0,32,0,33,60,0,93,145,0,145,238
06/11/2005,ITH,NY,AEA,EN,Federal Contract Tower,0,34,25,0,59,0,0,25,0,25,0,34,50,0,84,119,0,119,203
06/12/2005,ITH,NY,AEA,EN,Federal Contract Tower,0,29,26,0,55,0,0,18,0,18,0,29,44,0,73,40,0,40,113
06/13/2005,ITH,NY,AEA,EN,Federal Contract Tower,0,34,17,0,51,0,0,23,0,23,0,34,40,0,74,177,0,177,251
06/14/2005,ITH,NY,AEA,EN,Federal Contract Tower,0,31,9,0,40,0,1,18,0,19,0,32,27,0,59,119,0,119,178
06/15/2005,ITH,NY,AEA,EN,Federal Contract Tower,0,34,15,0,49,0,0,9,0,9,0,34,24,0,58,69,0,69,127
06/16/2005,ITH,NY,AEA,EN,Federal Contract Tower,0,27,10,0,37,0,0,0,0,0,0,27,10,0,37,0,0,0,37
06/17/2005,ITH,NY,AEA,EN,Federal Contract Tower,0,30,24,0,54,0,0,7,0,7,0,30,31,0,61,145,0,145,206
06/18/2005,ITH,NY,AEA,EN,Federal Contract Tower,0,26,20,0,46,0,2,9,0,11,0,28,29,0,57,134,0,134,191
06/19/2005,ITH,NY,AEA,EN,Federal Contract Tower,0,28,18,0,46,0,2,98,0,100,0,30,116,0,146,233,0,233,379
06/20/2005,ITH,NY,AEA,EN,Federal Contract Tower,0,33,21,0,54,0,0,30,0,30,0,33,51,0,84,164,0,164,248
06/21/2005,ITH,NY,AEA,EN,Federal Contract Tower,0,32,13,0,45,0,0,21,0,21,0,32,34,0,66,138,0,138,204
06/22/2005,ITH,NY,AEA,EN,Federal Contract Tower,0,25,19,0,44,0,0,22,0,22,0,25,41,0,66,57,0,57,123
06/23/2005,ITH,NY,AEA,EN,Federal Contract Tower,0,28,20,0,48,0,0,69,0,69,0,28,89,0,117,161,0,161,278
06/24/2005,ITH,NY,AEA,EN,Federal Contract Tower,0,31,10,0,41,0,0,22,0,22,0,31,32,0,63,133,0,133,196
06/25/2005,ITH,NY,AEA,EN,Federal Contract Tower,0,23,6,0,29,0,0,85,0,85,0,23,91,0,114,101,0,101,215
06/26/2005,ITH,NY,AEA,EN,Federal Contract Tower,0,26,20,0,46,0,0,26,0,26,0,26,46,0,72,105,0,105,177
06/27/2005,ITH,NY,AEA,EN,Federal Contract Tower,0,25,8,0,33,0,0,22,0,22,0,25,30,0,55,83,0,83,138
06/28/2005,ITH,NY,AEA,EN,Federal Contract Tower,0,31,22,0,53,0,0,19,0,19,0,31,41,0,72,104,0,104,176
06/29/2005,ITH,NY,AEA,EN,Federal Contract Tower,0,30,24,0,54,0,0,7,0,7,0,30,31,0,61,74,0,74,135
06/30/2005,ITH,NY,AEA,EN,Federal Contract Tower,0,33,22,0,55,0,0,8,0,8,0,33,30,0,63,81,0,81,144
07/01/2005,ITH,NY,AEA,EN,Federal Contract Tower,0,23,20,0,43,0,0,10,0,10,0,23,30,0,53,0,125,125,178
07/02/2005,ITH,NY,AEA,EN,Federal Contract Tower,0,23,24,0,47,0,0,30,0,30,0,23,54,0,77,62,0,62,139
07/03/2005,ITH,NY,AEA,EN,Federal Contract Tower,0,23,7,0,30,0,0,52,0,52,0,23,59,0,82,161,0,161,243
07/04/2005,ITH,NY,AEA,EN,Federal Contract Tower,0,24,6,0,30,0,0,33,0,33,0,24,39,0,63,26,0,26,89
07/05/2005,ITH,NY,AEA,EN,Federal Contract Tower,0,28,15,0,43,0,0,16,0,16,0,28,31,0,59,90,0,90,149
07/06/2005,ITH,NY,AEA,EN,Federal Contract Tower,0,22,20,0,42,0,0,13,0,13,0,22,33,0,55,81,0,81,136
07/07/2005,ITH,NY,AEA,EN,Federal Contract Tower,0,27,15,0,42,0,0,4,0,4,0,27,19,0,46,58,0,58,104
07/08/2005,ITH,NY,AEA,EN,Federal Contract Tower,0,27,12,0,39,0,0,0,0,0,0,27,12,0,39,12,0,12,51
07/09/2005,ITH,NY,AEA,EN,Federal Contract Tower,0,27,19,0,46,0,0,6,0,6,0,27,25,0,52,36,0,36,88
07/10/2005,ITH,NY,AEA,EN,Federal Contract Tower,0,26,13,0,39,0,0,45,0,45,0,26,58,0,84,115,0,115,199
07/11/2005,ITH,NY,AEA,EN,Federal Contract Tower,0,26,15,0,41,0,0,45,0,45,0,26,60,0,86,137,0,137,223
07/12/2005,ITH,NY,AEA,EN,Federal Contract Tower,0,30,18,0,48,0,0,37,0,37,0,30,55,0,85,106,0,106,191
07/13/2005,ITH,NY,AEA,EN,Federal Contract Tower,0,25,11,0,36,0,1,13,0,14,0,26,24,0,50,92,0,92,142
07/14/2005,ITH,NY,AEA,EN,Federal Contract Tower,0,31,16,0,47,0,0,18,0,18,0,31,34,0,65,88,0,88,153
07/15/2005,ITH,NY,AEA,EN,Federal Contract Tower,0,25,14,0,39,0,0,16,0,16,0,25,30,0,55,134,0,134,189
07/16/2005,ITH,NY,AEA,EN,Federal Contract Tower,0,26,17,0,43,0,0,4,0,4,0,26,21,0,47,52,0,52,99
07/17/2005,ITH,NY,AEA,EN,Federal Contract Tower,0,18,7,0,25,0,0,4,0,4,0,18,11,0,29,78,0,78,107
07/18/2005,ITH,NY,AEA,EN,Federal Contract Tower,0,24,9,0,33,0,2,8,0,10,0,26,17,0,43,55,0,55,98
07/19/2005,ITH,NY,AEA,EN,Federal Contract Tower,0,26,9,0,35,0,0,47,0,47,0,26,56,0,82,146,0,146,228
07/20/2005,ITH,NY,AEA,EN,Federal Contract Tower,0,33,21,0,54,0,0,32,0,32,0,33,53,0,86,152,0,152,238
07/21/2005,ITH,NY,AEA,EN,Federal Contract Tower,0,32,11,0,43,0,0,30,0,30,0,32,41,0,73,120,0,120,193
07/22/2005,ITH,NY,AEA,EN,Federal Contract Tower,0,29,17,0,46,0,0,17,2,19,0,29,34,2,65,75,12,87,152
07/23/2005,ITH,NY,AEA,EN,Federal Contract Tower,0,23,8,0,31,0,0,55,0,55,0,23,63,0,86,91,0,91,177
07/24/2005,ITH,NY,AEA,EN,Federal Contract Tower,0,25,8,0,33,0,0,35,0,35,0,25,43,0,68,29,0,29,97
07/25/2005,ITH,NY,AEA,EN,Federal Contract Tower,0,24,9,0,33,0,0,18,0,18,0,24,27,0,51,84,0,84,135
07/26/2005,ITH,NY,AEA,EN,Federal Contract Tower,0,37,6,0,43,0,0,7,0,7,0,37,13,0,50,67,0,67,117
07/27/2005,ITH,NY,AEA,EN,Federal Contract Tower,0,22,15,0,37,0,2,12,0,14,0,24,27,0,51,26,0,26,77
07/28/2005,ITH,NY,AEA,EN,Federal Contract Tower,0,27,23,0,50,0,0,48,0,48,0,27,71,0,98,136,0,136,234
07/29/2005,ITH,NY,AEA,EN,Federal Contract Tower,0,31,19,0,50,0,0,56,0,56,0,31,75,0,106,107,2,109,215
07/30/2005,ITH,NY,AEA,EN,Federal Contract Tower,0,22,10,0,32,0,0,34,0,34,0,22,44,0,66,119,0,119,185
07/31/2005,ITH,NY,AEA,EN,Federal Contract Tower,0,21,9,0,30,0,0,24,0,24,0,21,33,0,54,40,0,40,94
08/01/2005,ITH,NY,AEA,EN,Federal Contract Tower,0,28,17,0,45,0,0,21,0,21,0,28,38,0,66,115,0,115,181
08/02/2005,ITH,NY,AEA,EN,Federal Contract Tower,0,28,18,0,46,0,0,29,2,31,0,28,47,2,77,95,2,97,174
08/03/2005,ITH,NY,AEA,EN,Federal Contract Tower,0,26,8,0,34,0,0,39,0,39,0,26,47,0,73,99,0,99,172
08/04/2005,ITH,NY,AEA,EN,Federal Contract Tower,0,29,12,0,41,0,0,26,0,26,0,29,38,0,67,108,0,108,175
08/05/2005,ITH,NY,AEA,EN,Federal Contract Tower,0,30,16,0,46,0,0,25,0,25,0,30,41,0,71,10,0,10,81
08/06/2005,ITH,NY,AEA,EN,Federal Contract Tower,0,24,11,0,35,0,0,52,0,52,0,24,63,0,87,77,0,77,164
08/07/2005,ITH,NY,AEA,EN,Federal Contract Tower,0,21,16,0,37,0,0,36,0,36,0,21,52,0,73,87,0,87,160
08/08/2005,ITH,NY,AEA,EN,Federal Contract Tower,0,25,19,0,44,0,0,18,0,18,0,25,37,0,62,49,0,49,111
08/09/2005,ITH,NY,AEA,EN,Federal Contract Tower,0,32,17,0,49,0,0,20,0,20,0,32,37,0,69,142,0,142,211
08/10/2005,ITH,NY,AEA,EN,Federal Contract Tower,0,31,18,0,49,0,0,40,2,42,0,31,58,2,91,84,0,84,175
08/11/2005,ITH,NY,AEA,EN,Federal Contract Tower,0,31,20,0,51,0,0,41,0,41,0,31,61,0,92,74,0,74,166
08/12/2005,ITH,NY,AEA,EN,Federal Contract Tower,0,29,11,0,40,0,0,17,0,17,0,29,28,0,57,78,0,78,135
08/13/2005,ITH,NY,AEA,EN,Federal Contract Tower,0,30,20,0,50,0,0,10,0,10,0,30,30,0,60,18,0,18,78
08/14/2005,ITH,NY,AEA,EN,Federal Contract Tower,0,27,25,0,52,0,0,29,2,31,0,27,54,2,83,73,0,73,156
08/15/2005,ITH,NY,AEA,EN,Federal Contract Tower,0,32,17,0,49,0,0,26,0,26,0,32,43,0,75,61,0,61,136
08/16/2005,ITH,NY,AEA,EN,Federal Contract Tower,0,32,13,2,47,0,0,36,0,36,0,32,49,2,83,133,0,133,216
08/17/2005,ITH,NY,AEA,EN,Federal Contract Tower,0,30,14,2,46,0,0,45,0,45,0,30,59,2,91,110,0,110,201
08/18/2005,ITH,NY,AEA,EN,Federal Contract Tower,0,33,14,0,47,0,1,33,0,34,0,34,47,0,81,92,0,92,173
08/19/2005,ITH,NY,AEA,EN,Federal Contract Tower,0,36,26,0,62,0,0,8,0,8,0,36,34,0,70,62,0,62,132
08/20/2005,ITH,NY,AEA,EN,Federal Contract Tower,0,28,32,0,60,0,0,24,0,24,0,28,56,0,84,68,0,68,152
08/21/2005,ITH,NY,AEA,EN,Federal Contract Tower,0,28,14,0,42,0,0,16,0,16,0,28,30,0,58,34,0,34,92
08/22/2005,ITH,NY,AEA,EN,Federal Contract Tower,0,44,17,0,61,0,0,15,0,15,0,44,32,0,76,56,0,56,132
08/23/2005,ITH,NY,AEA,EN,Federal Contract Tower,0,36,16,2,54,0,0,20,0,20,0,36,36,2,74,60,0,60,134
08/24/2005,ITH,NY,AEA,EN,Federal Contract Tower,0,33,12,1,46,0,0,21,1,22,0,33,33,2,68,145,0,145,213
08/25/2005,ITH,NY,AEA,EN,Federal Contract Tower,0,34,8,4,46,0,1,42,6,49,0,35,50,10,95,133,8,141,236
08/26/2005,ITH,NY,AEA,EN,Federal Contract Tower,0,29,7,0,36,0,4,21,0,25,0,33,28,0,61,46,0,46,107
08/27/2005,ITH,NY,AEA,EN,Federal Contract Tower,0,25,12,0,37,0,0,13,0,13,0,25,25,0,50,103,0,103,153
08/28/2005,ITH,NY,AEA,EN,Federal Contract Tower,0,27,8,0,35,0,0,16,0,16,0,27,24,0,51,47,0,47,98
08/29/2005,ITH,NY,AEA,EN,Federal Contract Tower,0,35,26,2,63,0,0,20,0,20,0,35,46,2,83,111,0,111,194
08/30/2005,ITH,NY,AEA,EN,Federal Contract Tower,0,42,16,0,58,0,0,9,0,9,0,42,25,0,67,50,0,50,117
08/31/2005,ITH,NY,AEA,EN,Federal Contract Tower,0,31,5,0,36,0,0,0,0,0,0,31,5,0,36,0,0,0,36
09/01/2005,ITH,NY,AEA,EN,Federal Contract Tower,0,31,12,0,43,0,0,29,0,29,0,31,41,0,72,63,0,63,135
09/02/2005,ITH,NY,AEA,EN,Federal Contract Tower,0,30,16,0,46,0,0,36,0,36,0,30,52,0,82,77,0,77,159
09/03/2005,ITH,NY,AEA,EN,Federal Contract Tower,0,26,18,0,44,0,0,32,0,32,0,26,50,0,76,98,0,98,174
09/04/2005,ITH,NY,AEA,EN,Federal Contract Tower,0,24,21,0,45,0,0,27,0,27,0,24,48,0,72,72,0,72,144
09/05/2005,ITH,NY,AEA,EN,Federal Contract Tower,0,35,13,0,48,0,0,43,0,43,0,35,56,0,91,126,0,126,217
09/06/2005,ITH,NY,AEA,EN,Federal Contract Tower,0,30,16,0,46,0,0,35,0,35,0,30,51,0,81,88,0,88,169
09/07/2005,ITH,NY,AEA,EN,Federal Contract Tower,0,31,14,0,45,0,0,21,0,21,0,31,35,0,66,80,0,80,146
09/08/2005,ITH,NY,AEA,EN,Federal Contract Tower,0,38,14,2,54,0,0,13,3,16,0,38,27,5,70,57,4,61,131
09/09/2005,ITH,NY,AEA,EN,Federal Contract Tower,0,34,12,0,46,0,0,19,0,19,0,34,31,0,65,32,0,32,97
09/10/2005,ITH,NY,AEA,EN,Federal Contract Tower,0,26,18,0,44,0,0,50,0,50,0,26,68,0,94,79,0,79,173
09/11/2005,ITH,NY,AEA,EN,Federal Contract Tower,0,36,9,0,45,0,0,63,2,65,0,36,72,2,110,103,4,107,217
09/12/2005,ITH,NY,AEA,EN,Federal Contract Tower,0,38,15,0,53,0,0,35,0,35,0,38,50,0,88,136,0,136,224
09/13/2005,ITH,NY,AEA,EN,Federal Contract Tower,0,35,19,0,54,0,0,25,0,25,0,35,44,0,79,138,0,138,217
09/14/2005,ITH,NY,AEA,EN,Federal Contract Tower,0,25,10,0,35,0,0,27,0,27,0,25,37,0,62,101,0,101,163
09/15/2005,ITH,NY,AEA,EN,Federal Contract Tower,0,32,25,2,59,0,0,0,0,0,0,32,25,2,59,30,0,30,89
09/16/2005,ITH,NY,AEA,EN,Federal Contract Tower,0,39,19,0,58,0,0,5,4,9,0,39,24,4,67,28,0,28,95
09/17/2005,ITH,NY,AEA,EN,Federal Contract Tower,0,28,23,0,51,0,0,0,0,0,0,28,23,0,51,0,0,0,51
09/18/2005,ITH,NY,AEA,EN,Federal Contract Tower,0,29,15,0,44,0,0,69,0,69,0,29,84,0,113,185,0,185,298
09/19/2005,ITH,NY,AEA,EN,Federal Contract Tower,0,30,17,0,47,0,0,24,0,24,0,30,41,0,71,96,0,96,167
09/20/2005,ITH,NY,AEA,EN,Federal Contract Tower,0,34,14,0,48,0,0,16,0,16,0,34,30,0,64,94,0,94,158
09/21/2005,ITH,NY,AEA,EN,Federal Contract Tower,0,42,17,0,59,0,0,39,0,39,0,42,56,0,98,108,0,108,206
09/22/2005,ITH,NY,AEA,EN,Federal Contract Tower,0,38,15,0,53,0,0,25,0,25,0,38,40,0,78,108,2,110,188
09/23/2005,ITH,NY,AEA,EN,Federal Contract Tower,0,36,20,0,56,0,0,12,0,12,0,36,32,0,68,22,0,22,90
09/24/2005,ITH,NY,AEA,EN,Federal Contract Tower,0,28,13,0,41,0,0,59,0,59,0,28,72,0,100,109,0,109,209
09/25/2005,ITH,NY,AEA,EN,Federal Contract Tower,0,28,18,0,46,0,0,7,0,7,0,28,25,0,53,6,0,6,59
09/26/2005,ITH,NY,AEA,EN,Federal Contract Tower,0,29,11,0,40,0,0,0,0,0,0,29,11,0,40,0,0,0,40
09/27/2005,ITH,NY,AEA,EN,Federal Contract Tower,0,33,11,0,44,0,0,27,0,27,0,33,38,0,71,136,0,136,207
09/28/2005,ITH,NY,AEA,EN,Federal Contract Tower,0,38,12,0,50,0,0,54,0,54,0,38,66,0,104,97,0,97,201
09/29/2005,ITH,NY,AEA,EN,Federal Contract Tower,0,31,11,0,42,0,0,4,0,4,0,31,15,0,46,0,0,0,46
09/30/2005,ITH,NY,AEA,EN,Federal Contract Tower,0,34,13,0,47,0,0,42,0,42,0,34,55,0,89,112,0,112,201
10/01/2005,ITH,NY,AEA,EN,Federal Contract Tower,0,24,6,0,30,0,5,65,0,70,0,29,71,0,100,131,0,131,231
10/02/2005,ITH,NY,AEA,EN,Federal Contract Tower,0,23,13,0,36,0,0,44,0,44,0,23,57,0,80,141,0,141,221
10/03/2005,ITH,NY,AEA,EN,Federal Contract Tower,0,32,10,0,42,0,1,23,0,24,0,33,33,0,66,104,0,104,170
10/04/2005,ITH,NY,AEA,EN,Federal Contract Tower,0,40,15,0,55,0,0,19,0,19,0,40,34,0,74,144,0,144,218
10/05/2005,ITH,NY,AEA,EN,Federal Contract Tower,0,37,28,0,65,0,0,22,0,22,0,37,50,0,87,124,0,124,211
10/06/2005,ITH,NY,AEA,EN,Federal Contract Tower,0,44,27,0,71,0,0,20,0,20,0,44,47,0,91,78,0,78,169
10/07/2005,ITH,NY,AEA,EN,Federal Contract Tower,0,48,36,0,84,0,0,0,0,0,0,48,36,0,84,10,0,10,94
10/08/2005,ITH,NY,AEA,EN,Federal Contract Tower,0,24,14,2,40,0,0,0,0,0,0,24,14,2,40,0,0,0,40
10/09/2005,ITH,NY,AEA,EN,Federal Contract Tower,0,25,19,0,44,0,0,0,0,0,0,25,19,0,44,0,0,0,44
10/10/2005,ITH,NY,AEA,EN,Federal Contract Tower,0,30,16,0,46,0,0,0,0,0,0,30,16,0,46,0,0,0,46
10/11/2005,ITH,NY,AEA,EN,Federal Contract Tower,0,34,16,0,50,0,0,0,0,0,0,34,16,0,50,2,0,2,52
10/12/2005,ITH,NY,AEA,EN,Federal Contract Tower,0,29,19,0,48,0,0,0,0,0,0,29,19,0,48,0,0,0,48
10/13/2005,ITH,NY,AEA,EN,Federal Contract Tower,0,26,8,0,34,0,0,0,0,0,0,26,8,0,34,0,0,0,34
10/14/2005,ITH,NY,AEA,EN,Federal Contract Tower,0,37,20,0,57,0,0,0,0,0,0,37,20,0,57,0,0,0,57
10/15/2005,ITH,NY,AEA,EN,Federal Contract Tower,0,35,10,0,45,0,0,19,0,19,0,35,29,0,64,26,0,26,90
10/16/2005,ITH,NY,AEA,EN,Federal Contract Tower,0,29,14,0,43,0,0,8,0,8,0,29,22,0,51,4,0,4,55
10/17/2005,ITH,NY,AEA,EN,Federal Contract Tower,0,35,17,0,52,0,0,22,0,22,0,35,39,0,74,60,0,60,134
10/18/2005,ITH,NY,AEA,EN,Federal Contract Tower,0,36,8,0,44,0,0,13,0,13,0,36,21,0,57,48,0,48,105
10/19/2005,ITH,NY,AEA,EN,Federal Contract Tower,0,37,19,0,56,0,0,21,0,21,0,37,40,0,77,68,0,68,145
10/20/2005,ITH,NY,AEA,EN,Federal Contract Tower,0,48,36,0,84,0,0,17,0,17,0,48,53,0,101,62,0,62,163
10/21/2005,ITH,NY,AEA,EN,Federal Contract Tower,0,52,23,0,75,0,0,33,0,33,0,52,56,0,108,88,0,88,196
10/22/2005,ITH,NY,AEA,EN,Federal Contract Tower,0,51,22,0,73,0,0,0,0,0,0,51,22,0,73,0,0,0,73
10/23/2005,ITH,NY,AEA,EN,Federal Contract Tower,0,29,8,0,37,0,0,3,0,3,0,29,11,0,40,0,0,0,40
10/24/2005,ITH,NY,AEA,EN,Federal Contract Tower,0,29,23,0,52,0,0,8,0,8,0,29,31,0,60,70,0,70,130
10/25/2005,ITH,NY,AEA,EN,Federal Contract Tower,0,30,8,0,38,0,0,0,0,0,0,30,8,0,38,0,0,0,38
10/26/2005,ITH,NY,AEA,EN,Federal Contract Tower,0,31,7,0,38,0,0,0,0,0,0,31,7,0,38,0,0,0,38
10/27/2005,ITH,NY,AEA,EN,Federal Contract Tower,0,35,8,2,45,0,0,14,0,14,0,35,22,2,59,104,0,104,163
10/28/2005,ITH,NY,AEA,EN,Federal Contract Tower,0,48,25,0,73,0,0,17,0,17,0,48,42,0,90,77,0,77,167
10/29/2005,ITH,NY,AEA,EN,Federal Contract Tower,0,32,31,0,63,0,0,25,0,25,0,32,56,0,88,100,0,100,188
10/30/2005,ITH,NY,AEA,EN,Federal Contract Tower,0,34,19,0,53,0,0,80,0,80,0,34,99,0,133,141,0,141,274
10/31/2005,ITH,NY,AEA,EN,Federal Contract Tower,0,31,14,0,45,0,0,24,0,24,0,31,38,0,69,100,0,100,169
11/01/2005,ITH,NY,AEA,EN,Federal Contract Tower,0,34,13,0,47,0,0,21,0,21,0,34,34,0,68,120,0,120,188
11/02/2005,ITH,NY,AEA,EN,Federal Contract Tower,0,36,7,0,43,0,0,18,0,18,0,36,25,0,61,109,0,109,170
11/03/2005,ITH,NY,AEA,EN,Federal Contract Tower,0,35,13,0,48,0,0,38,0,38,0,35,51,0,86,102,0,102,188
11/04/2005,ITH,NY,AEA,EN,Federal Contract Tower,0,29,35,0,64,0,0,36,0,36,0,29,71,0,100,179,0,179,279
11/05/2005,ITH,NY,AEA,EN,Federal Contract Tower,0,30,19,0,49,0,0,45,0,45,0,30,64,0,94,29,42,71,165
11/06/2005,ITH,NY,AEA,EN,Federal Contract Tower,0,27,10,0,37,0,0,8,0,8,0,27,18,0,45,19,0,19,64
11/07/2005,ITH,NY,AEA,EN,Federal Contract Tower,0,33,9,0,42,0,0,46,0,46,0,33,55,0,88,120,0,120,208
11/08/2005,ITH,NY,AEA,EN,Federal Contract Tower,0,31,17,0,48,0,0,24,0,24,0,31,41,0,72,120,0,120,192
11/09/2005,ITH,NY,AEA,EN,Federal Contract Tower,0,34,17,0,51,0,0,0,0,0,0,34,17,0,51,0,0,0,51
11/10/2005,ITH,NY,AEA,EN,Federal Contract Tower,0,37,11,0,48,0,0,10,0,10,0,37,21,0,58,6,0,6,64
11/11/2005,ITH,NY,AEA,EN,Federal Contract Tower,0,34,14,0,48,0,0,15,0,15,0,34,29,0,63,81,0,81,144
11/12/2005,ITH,NY,AEA,EN,Federal Contract Tower,0,34,13,0,47,0,0,37,2,39,0,34,50,2,86,70,0,70,156
11/13/2005,ITH,NY,AEA,EN,Federal Contract Tower,0,32,14,0,46,0,0,30,0,30,0,32,44,0,76,118,0,118,194
11/14/2005,ITH,NY,AEA,EN,Federal Contract Tower,0,36,12,0,48,0,0,33,0,33,0,36,45,0,81,102,0,102,183
11/15/2005,ITH,NY,AEA,EN,Federal Contract Tower,0,29,4,0,33,0,0,0,0,0,0,29,4,0,33,0,0,0,33
11/16/2005,ITH,NY,AEA,EN,Federal Contract Tower,0,31,8,0,39,0,0,4,0,4,0,31,12,0,43,16,0,16,59
11/17/2005,ITH,NY,AEA,EN,Federal Contract Tower,0,37,27,0,64,0,0,17,0,17,0,37,44,0,81,103,0,103,184
11/18/2005,ITH,NY,AEA,EN,Federal Contract Tower,0,29,21,0,50,0,0,14,0,14,0,29,35,0,64,60,0,60,124
11/19/2005,ITH,NY,AEA,EN,Federal Contract Tower,0,27,13,0,40,0,0,42,0,42,0,27,55,0,82,96,0,96,178
11/20/2005,ITH,NY,AEA,EN,Federal Contract Tower,0,27,13,0,40,0,0,29,0,29,0,27,42,0,69,107,0,107,176
11/21/2005,ITH,NY,AEA,EN,Federal Contract Tower,0,34,13,2,49,0,0,33,0,33,0,34,46,2,82,140,0,140,222
11/22/2005,ITH,NY,AEA,EN,Federal Contract Tower,0,42,13,0,55,0,0,0,0,0,0,42,13,0,55,0,0,0,55
11/23/2005,ITH,NY,AEA,EN,Federal Contract Tower,0,31,29,0,60,0,0,23,0,23,0,31,52,0,83,94,0,94,177
11/24/2005,ITH,NY,AEA,EN,Federal Contract Tower,0,22,5,0,27,0,0,2,0,2,0,22,7,0,29,2,0,2,31
11/25/2005,ITH,NY,AEA,EN,Federal Contract Tower,0,26,9,0,35,0,0,1,0,1,0,26,10,0,36,6,0,6,42
11/26/2005,ITH,NY,AEA,EN,Federal Contract Tower,0,25,10,0,35,0,0,4,0,4,0,25,14,0,39,6,0,6,45
11/27/2005,ITH,NY,AEA,EN,Federal Contract Tower,0,27,32,0,59,0,0,37,0,37,0,27,69,0,96,108,0,108,204
11/28/2005,ITH,NY,AEA,EN,Federal Contract Tower,0,33,16,0,49,0,0,9,0,9,0,33,25,0,58,54,0,54,112
11/29/2005,ITH,NY,AEA,EN,Federal Contract Tower,0,34,10,0,44,0,0,0,0,0,0,34,10,0,44,0,0,0,44
11/30/2005,ITH,NY,AEA,EN,Federal Contract Tower,0,36,13,0,49,0,0,0,0,0,0,36,13,0,49,8,0,8,57
12/01/2005,ITH,NY,AEA,EN,Federal Contract Tower,0,39,22,0,61,0,0,4,0,4,0,39,26,0,65,20,0,20,85
12/02/2005,ITH,NY,AEA,EN,Federal Contract Tower,0,32,13,0,45,0,0,0,0,0,0,32,13,0,45,38,0,38,83
12/03/2005,ITH,NY,AEA,EN,Federal Contract Tower,0,24,6,0,30,0,2,8,0,10,0,26,14,0,40,48,0,48,88
12/04/2005,ITH,NY,AEA,EN,Federal Contract Tower,0,23,11,0,34,0,0,2,0,2,0,23,13,0,36,8,0,8,44
12/05/2005,ITH,NY,AEA,EN,Federal Contract Tower,0,29,9,0,38,0,0,2,0,2,0,29,11,0,40,32,0,32,72
12/06/2005,ITH,NY,AEA,EN,Federal Contract Tower,0,39,10,0,49,0,0,18,0,18,0,39,28,0,67,122,0,122,189
12/07/2005,ITH,NY,AEA,EN,Federal Contract Tower,0,31,16,0,47,0,0,39,0,39,0,31,55,0,86,84,0,84,170
12/08/2005,ITH,NY,AEA,EN,Federal Contract Tower,0,31,10,0,41,0,0,49,0,49,0,31,59,0,90,139,0,139,229
12/09/2005,ITH,NY,AEA,EN,Federal Contract Tower,0,29,11,0,40,0,0,4,0,4,0,29,15,0,44,26,0,26,70
12/10/2005,ITH,NY,AEA,EN,Federal Contract Tower,0,21,13,0,34,0,0,22,0,22,0,21,35,0,56,78,0,78,134
12/11/2005,ITH,NY,AEA,EN,Federal Contract Tower,0,26,9,0,35,0,0,8,0,8,0,26,17,0,43,47,0,47,90
12/12/2005,ITH,NY,AEA,EN,Federal Contract Tower,0,34,10,0,44,0,0,22,0,22,0,34,32,0,66,78,0,78,144
12/13/2005,ITH,NY,AEA,EN,Federal Contract Tower,0,37,18,0,55,0,0,22,0,22,0,37,40,0,77,136,0,136,213
12/14/2005,ITH,NY,AEA,EN,Federal Contract Tower,0,36,23,0,59,0,0,58,0,58,0,36,81,0,117,124,0,124,241
12/15/2005,ITH,NY,AEA,EN,Federal Contract Tower,0,32,19,0,51,0,0,14,0,14,0,32,33,0,65,72,0,72,137
12/16/2005,ITH,NY,AEA,EN,Federal Contract Tower,0,22,6,0,28,0,0,3,0,3,0,22,9,0,31,12,0,12,43
12/17/2005,ITH,NY,AEA,EN,Federal Contract Tower,0,25,17,0,42,0,0,15,0,15,0,25,32,0,57,53,0,53,110
12/18/2005,ITH,NY,AEA,EN,Federal Contract Tower,0,26,13,0,39,0,0,19,0,19,0,26,32,0,58,98,0,98,156
12/19/2005,ITH,NY,AEA,EN,Federal Contract Tower,0,26,15,0,41,0,0,30,0,30,0,26,45,0,71,120,0,120,191
12/20/2005,ITH,NY,AEA,EN,Federal Contract Tower,0,31,6,0,37,0,0,22,0,22,0,31,28,0,59,110,0,110,169
12/21/2005,ITH,NY,AEA,EN,Federal Contract Tower,0,30,7,0,37,0,0,23,0,23,0,30,30,0,60,146,0,146,206
12/22/2005,ITH,NY,AEA,EN,Federal Contract Tower,0,32,12,0,44,0,0,33,0,33,0,32,45,0,77,118,0,118,195
12/23/2005,ITH,NY,AEA,EN,Federal Contract Tower,0,30,14,0,44,0,0,27,0,27,0,30,41,0,71,95,0,95,166
12/24/2005,ITH,NY,AEA,EN,Federal Contract Tower,0,21,8,0,29,0,0,6,0,6,0,21,14,0,35,0,0,0,35
12/25/2005,ITH,NY,AEA,EN,Federal Contract Tower,0,18,6,0,24,0,0,0,0,0,0,18,6,0,24,0,0,0,24
12/26/2005,ITH,NY,AEA,EN,Federal Contract Tower,0,28,9,0,37,0,0,0,0,0,0,28,9,0,37,0,0,0,37
12/27/2005,ITH,NY,AEA,EN,Federal Contract Tower,0,28,7,0,35,0,0,5,0,5,0,28,12,0,40,82,0,82,122
12/28/2005,ITH,NY,AEA,EN,Federal Contract Tower,0,26,16,0,42,0,0,35,0,35,0,26,51,0,77,128,0,128,205
12/29/2005,ITH,NY,AEA,EN,Federal Contract Tower,0,23,1,0,24,0,0,2,0,2,0,23,3,0,26,22,0,22,48
12/30/2005,ITH,NY,AEA,EN,Federal Contract Tower,0,27,8,0,35,0,0,0,0,0,0,27,8,0,35,0,0,0,35
12/31/2005,ITH,NY,AEA,EN,Federal Contract Tower,0,20,3,0,23,0,0,0,0,0,0,20,3,0,23,34,0,34,57
01/01/2006,ITH,NY,AEA,EN,Federal Contract Tower,0,23,2,0,25,0,0,11,0,11,0,23,13,0,36,84,0,84,120
01/02/2006,ITH,NY,AEA,EN,Federal Contract Tower,0,21,14,0,35,0,0,23,0,23,0,21,37,0,58,100,0,100,158
01/03/2006,ITH,NY,AEA,EN,Federal Contract Tower,0,23,4,0,27,0,0,9,0,9,0,23,13,0,36,30,0,30,66
01/04/2006,ITH,NY,AEA,EN,Federal Contract Tower,0,31,12,0,43,0,0,29,0,29,0,31,41,0,72,128,0,128,200
01/05/2006,ITH,NY,AEA,EN,Federal Contract Tower,0,34,11,0,45,0,0,1,0,1,0,34,12,0,46,74,0,74,120
01/06/2006,ITH,NY,AEA,EN,Federal Contract Tower,0,31,8,0,39,0,0,0,0,0,0,31,8,0,39,0,0,0,39
01/07/2006,ITH,NY,AEA,EN,Federal Contract Tower,0,22,15,0,37,0,0,17,0,17,0,22,32,0,54,108,0,108,162
01/08/2006,ITH,NY,AEA,EN,Federal Contract Tower,0,29,15,0,44,0,0,18,0,18,0,29,33,0,62,96,0,96,158
01/09/2006,ITH,NY,AEA,EN,Federal Contract Tower,0,29,8,0,37,0,0,23,0,23,0,29,31,0,60,82,0,82,142
01/10/2006,ITH,NY,AEA,EN,Federal Contract Tower,0,32,9,0,41,0,0,29,0,29,0,32,38,0,70,174,0,174,244
01/11/2006,ITH,NY,AEA,EN,Federal Contract Tower,0,31,11,0,42,0,0,22,0,22,0,31,33,0,64,73,0,73,137
01/12/2006,ITH,NY,AEA,EN,Federal Contract Tower,0,36,12,1,49,0,0,58,0,58,0,36,70,1,107,166,0,166,273
01/13/2006,ITH,NY,AEA,EN,Federal Contract Tower,0,24,17,0,41,0,0,30,0,30,0,24,47,0,71,86,0,86,157
01/14/2006,ITH,NY,AEA,EN,Federal Contract Tower,0,27,3,0,30,0,0,0,0,0,0,27,3,0,30,0,0,0,30
01/15/2006,ITH,NY,AEA,EN,Federal Contract Tower,0,20,6,0,26,0,0,0,0,0,0,20,6,0,26,0,0,0,26
01/16/2006,ITH,NY,AEA,EN,Federal Contract Tower,0,34,21,0,55,0,0,27,0,27,0,34,48,0,82,106,0,106,188
01/17/2006,ITH,NY,AEA,EN,Federal Contract Tower,0,34,9,0,43,0,0,16,0,16,0,34,25,0,59,66,0,66,125
01/18/2006,ITH,NY,AEA,EN,Federal Contract Tower,0,22,9,0,31,0,0,0,0,0,0,22,9,0,31,0,0,0,31
01/19/2006,ITH,NY,AEA,EN,Federal Contract Tower,0,34,14,0,48,0,0,32,0,32,0,34,46,0,80,114,0,114,194
01/20/2006,ITH,NY,AEA,EN,Federal Contract Tower,0,25,13,0,38,0,0,12,0,12,0,25,25,0,50,46,0,46,96
01/21/2006,ITH,NY,AEA,EN,Federal Contract Tower,0,35,10,0,45,0,0,2,0,2,0,35,12,0,47,4,0,4,51
01/22/2006,ITH,NY,AEA,EN,Federal Contract Tower,0,25,12,0,37,0,0,51,0,51,0,25,63,0,88,120,0,120,208
01/23/2006,ITH,NY,AEA,EN,Federal Contract Tower,0,33,7,0,40,0,0,22,0,22,0,33,29,0,62,65,0,65,127
01/24/2006,ITH,NY,AEA,EN,Federal Contract Tower,0,32,11,0,43,0,0,31,0,31,0,32,42,0,74,92,0,92,166
01/25/2006,ITH,NY,AEA,EN,Federal Contract Tower,0,30,6,0,36,0,0,0,0,0,0,30,6,0,36,0,0,0,36
01/26/2006,ITH,NY,AEA,EN,Federal Contract Tower,0,31,15,0,46,0,0,2,0,2,0,31,17,0,48,8,0,8,56
01/27/2006,ITH,NY,AEA,EN,Federal Contract Tower,0,33,15,0,48,0,0,19,0,19,0,33,34,0,67,96,0,96,163
01/28/2006,ITH,NY,AEA,EN,Federal Contract Tower,0,27,12,0,39,0,0,39,0,39,0,27,51,0,78,81,0,81,159
01/29/2006,ITH,NY,AEA,EN,Federal Contract Tower,0,18,5,0,23,0,0,5,0,5,0,18,10,0,28,38,0,38,66
01/30/2006,ITH,NY,AEA,EN,Federal Contract Tower,0,27,21,0,48,0,0,25,0,25,0,27,46,0,73,143,0,143,216
01/31/2006,ITH,NY,AEA,EN,Federal Contract Tower,0,35,6,0,41,0,0,0,0,0,0,35,6,0,41,0,0,0,41
02/01/2006,ITH,NY,AEA,EN,Federal Contract Tower,0,32,12,0,44,0,0,20,0,20,0,32,32,0,64,64,0,64,128
02/02/2006,ITH,NY,AEA,EN,Federal Contract Tower,0,33,4,0,37,0,0,50,0,50,0,33,54,0,87,138,0,138,225
02/03/2006,ITH,NY,AEA,EN,Federal Contract Tower,0,27,6,0,33,0,0,4,0,4,0,27,10,0,37,8,0,8,45
02/04/2006,ITH,NY,AEA,EN,Federal Contract Tower,0,26,8,0,34,0,0,8,0,8,0,26,16,0,42,56,0,56,98
02/05/2006,ITH,NY,AEA,EN,Federal Contract Tower,0,17,13,0,30,0,0,3,0,3,0,17,16,0,33,36,0,36,69
02/06/2006,ITH,NY,AEA,EN,Federal Contract Tower,0,27,14,0,41,0,0,34,0,34,0,27,48,0,75,88,0,88,163
02/07/2006,ITH,NY,AEA,EN,Federal Contract Tower,0,32,12,0,44,0,0,4,0,4,0,32,16,0,48,34,0,34,82
02/08/2006,ITH,NY,AEA,EN,Federal Contract Tower,0,26,7,0,33,0,0,7,0,7,0,26,14,0,40,44,0,44,84
02/09/2006,ITH,NY,AEA,EN,Federal Contract Tower,0,33,13,0,46,0,0,19,0,19,0,33,32,0,65,54,0,54,119
02/10/2006,ITH,NY,AEA,EN,Federal Contract Tower,0,33,13,0,46,0,0,4,0,4,0,33,17,0,50,36,0,36,86
02/11/2006,ITH,NY,AEA,EN,Federal Contract Tower,0,22,6,0,28,0,0,7,0,7,0,22,13,0,35,46,0,46,81
02/12/2006,ITH,NY,AEA,EN,Federal Contract Tower,0,9,7,0,16,0,0,12,0,12,0,9,19,0,28,100,0,100,128
02/13/2006,ITH,NY,AEA,EN,Federal Contract Tower,0,34,11,0,45,0,0,15,0,15,0,34,26,0,60,113,0,113,173
02/14/2006,ITH,NY,AEA,EN,Federal Contract Tower,0,33,5,0,38,0,0,26,4,30,0,33,31,4,68,124,0,124,192
02/15/2006,ITH,NY,AEA,EN,Federal Contract Tower,0,23,13,0,36,0,0,35,0,35,0,23,48,0,71,114,0,114,185
02/16/2006,ITH,NY,AEA,EN,Federal Contract Tower,0,29,12,0,41,0,0,25,0,25,0,29,37,0,66,98,0,98,164
02/17/2006,ITH,NY,AEA,EN,Federal Contract Tower,0,24,10,0,34,0,0,0,0,0,0,24,10,0,34,0,0,0,34
02/18/2006,ITH,NY,AEA,EN,Federal Contract Tower,0,23,4,0,27,0,0,0,0,0,0,23,4,0,27,0,0,0,27
02/19/2006,ITH,NY,AEA,EN,Federal Contract Tower,0,23,10,0,33,0,0,24,0,24,0,23,34,0,57,139,0,139,196
02/20/2006,ITH,NY,AEA,EN,Federal Contract Tower,0,35,21,0,56,0,0,26,0,26,0,35,47,0,82,100,0,100,182
02/21/2006,ITH,NY,AEA,EN,Federal Contract Tower,0,27,10,0,37,0,0,22,0,22,0,27,32,0,59,76,0,76,135
02/22/2006,ITH,NY,AEA,EN,Federal Contract Tower,0,29,9,2,40,0,0,25,0,25,0,29,34,2,65,100,0,100,165
02/23/2006,ITH,NY,AEA,EN,Federal Contract Tower,0,31,14,0,45,0,0,1,0,1,0,31,15,0,46,42,0,42,88
02/24/2006,ITH,NY,AEA,EN,Federal Contract Tower,0,28,9,0,37,0,0,20,0,20,0,28,29,0,57,6,0,6,63
02/25/2006,ITH,NY,AEA,EN,Federal Contract Tower,0,22,3,0,25,0,2,0,0,2,0,24,3,0,27,0,0,0,27
02/26/2006,ITH,NY,AEA,EN,Federal Contract Tower,0,25,11,0,36,0,0,1,0,1,0,25,12,0,37,0,0,0,37
02/27/2006,ITH,NY,AEA,EN,Federal Contract Tower,0,31,5,0,36,0,0,28,0,28,0,31,33,0,64,131,0,131,195
02/28/2006,ITH,NY,AEA,EN,Federal Contract Tower,0,31,13,0,44,0,0,16,0,16,0,31,29,0,60,80,0,80,140
03/01/2006,ITH,NY,AEA,EN,Federal Contract Tower,0,30,12,0,42,0,0,23,0,23,0,30,35,0,65,44,0,44,109
03/02/2006,ITH,NY,AEA,EN,Federal Contract Tower,0,8,5,0,13,0,0,0,0,0,0,8,5,0,13,0,0,0,13
03/03/2006,ITH,NY,AEA,EN,Federal Contract Tower,0,41,11,0,52,0,0,1,0,1,0,41,12,0,53,0,0,0,53
03/04/2006,ITH,NY,AEA,EN,Federal Contract Tower,0,20,8,0,28,0,2,0,0,2,0,22,8,0,30,0,0,0,30
03/05/2006,ITH,NY,AEA,EN,Federal Contract Tower,0,27,3,0,30,0,0,29,0,29,0,27,32,0,59,141,0,141,200
03/06/2006,ITH,NY,AEA,EN,Federal Contract Tower,0,30,12,0,42,0,0,40,0,40,0,30,52,0,82,129,0,129,211
03/07/2006,ITH,NY,AEA,EN,Federal Contract Tower,0,29,16,0,45,0,1,31,0,32,0,30,47,0,77,146,0,146,223
03/08/2006,ITH,NY,AEA,EN,Federal Contract Tower,0,32,9,0,41,0,0,46,0,46,0,32,55,0,87,128,0,128,215
03/09/2006,ITH,NY,AEA,EN,Federal Contract Tower,0,35,18,0,53,0,0,1,0,1,0,35,19,0,54,0,0,0,54
03/10/2006,ITH,NY,AEA,EN,Federal Contract Tower,0,47,12,0,59,0,0,2,0,2,0,47,14,0,61,2,0,2,63
03/11/2006,ITH,NY,AEA,EN,Federal Contract Tower,0,28,18,0,46,0,0,56,2,58,0,28,74,2,104,166,0,166,270
03/12/2006,ITH,NY,AEA,EN,Federal Contract Tower,0,20,9,0,29,0,0,19,0,19,0,20,28,0,48,98,0,98,146
03/13/2006,ITH,NY,AEA,EN,Federal Contract Tower,0,26,8,0,34,0,0,0,0,0,0,26,8,0,34,0,0,0,34
03/14/2006,ITH,NY,AEA,EN,Federal Contract Tower,0,30,9,0,39,0,0,2,0,2,0,30,11,0,41,0,0,0,41
03/15/2006,ITH,NY,AEA,EN,Federal Contract Tower,0,29,3,0,32,0,0,4,0,4,0,29,7,0,36,6,0,6,42
03/16/2006,ITH,NY,AEA,EN,Federal Contract Tower,0,34,17,0,51,0,0,16,0,16,0,34,33,0,67,62,0,62,129
03/17/2006,ITH,NY,AEA,EN,Federal Contract Tower,0,34,19,0,53,0,2,30,0,32,0,36,49,0,85,42,0,42,127
03/18/2006,ITH,NY,AEA,EN,Federal Contract Tower,0,22,19,0,41,0,0,11,0,11,0,22,30,0,52,22,0,22,74
03/19/2006,ITH,NY,AEA,EN,Federal Contract Tower,0,21,6,0,27,0,0,0,0,0,0,21,6,0,27,0,0,0,27
03/20/2006,ITH,NY,AEA,EN,Federal Contract Tower,0,27,31,0,58,0,0,2,0,2,0,27,33,0,60,88,0,88,148
03/21/2006,ITH,NY,AEA,EN,Federal Contract Tower,0,35,15,1,51,0,0,22,1,23,0,35,37,2,74,110,0,110,184
03/22/2006,ITH,NY,AEA,EN,Federal Contract Tower,0,29,11,0,40,0,0,6,0,6,0,29,17,0,46,0,0,0,46
03/23/2006,ITH,NY,AEA,EN,Federal Contract Tower,2,40,14,0,56,0,0,25,0,25,2,40,39,0,81,92,0,92,173
03/24/2006,ITH,NY,AEA,EN,Federal Contract Tower,0,33,13,0,46,0,0,25,0,25,0,33,38,0,71,38,0,38,109
03/25/2006,ITH,NY,AEA,EN,Federal Contract Tower,0,22,9,0,31,0,0,0,0,0,0,22,9,0,31,0,0,0,31
03/26/2006,ITH,NY,AEA,EN,Federal Contract Tower,0,27,16,0,43,0,0,9,0,9,0,27,25,0,52,0,0,0,52
03/27/2006,ITH,NY,AEA,EN,Federal Contract Tower,2,30,10,0,42,0,0,45,0,45,2,30,55,0,87,129,0,129,216
03/28/2006,ITH,NY,AEA,EN,Federal Contract Tower,0,30,5,0,35,0,0,29,0,29,0,30,34,0,64,124,0,124,188
03/29/2006,ITH,NY,AEA,EN,Federal Contract Tower,0,33,15,0,48,0,0,56,7,63,0,33,71,7,111,142,0,142,253
03/30/2006,ITH,NY,AEA,EN,Federal Contract Tower,0,38,18,0,56,1,0,44,0,45,1,38,62,0,101,136,0,136,237
03/31/2006,ITH,NY,AEA,EN,Federal Contract Tower,0,38,18,0,56,0,0,45,1,46,0,38,63,1,102,94,6,100,202
04/01/2006,ITH,NY,AEA,EN,Federal Contract Tower,0,27,15,0,42,0,0,4,0,4,0,27,19,0,46,18,0,18,64
04/02/2006,ITH,NY,AEA,EN,Federal Contract Tower,0,23,21,0,44,0,0,71,0,71,0,23,92,0,115,210,0,210,325
04/03/2006,ITH,NY,AEA,EN,Federal Contract Tower,0,28,9,0,37,0,0,4,0,4,0,28,13,0,41,8,0,8,49
04/04/2006,ITH,NY,AEA,EN,Federal Contract Tower,0,31,11,1,43,0,0,7,1,8,0,31,18,2,51,0,0,0,51
04/05/2006,ITH,NY,AEA,EN,Federal Contract Tower,0,36,13,0,49,0,0,11,0,11,0,36,24,0,60,72,0,72,132
04/06/2006,ITH,NY,AEA,EN,Federal Contract Tower,0,34,16,0,50,0,0,19,0,19,0,34,35,0,69,116,0,116,185
04/07/2006,ITH,NY,AEA,EN,Federal Contract Tower,0,29,21,0,50,0,0,3,0,3,0,29,24,0,53,50,0,50,103
04/08/2006,ITH,NY,AEA,EN,Federal Contract Tower,0,18,16,0,34,0,1,15,0,16,0,19,31,0,50,62,0,62,112
04/09/2006,ITH,NY,AEA,EN,Federal Contract Tower,0,32,20,0,52,0,0,38,0,38,0,32,58,0,90,155,0,155,245
04/10/2006,ITH,NY,AEA,EN,Federal Contract Tower,0,32,12,0,44,0,0,39,0,39,0,32,51,0,83,100,0,100,183
04/11/2006,ITH,NY,AEA,EN,Federal Contract Tower,0,37,22,0,59,0,0,46,0,46,0,37,68,0,105,156,0,156,261
04/12/2006,ITH,NY,AEA,EN,Federal Contract Tower,0,31,4,0,35,0,2,19,0,21,0,33,23,0,56,84,0,84,140
04/13/2006,ITH,NY,AEA,EN,Federal Contract Tower,0,34,20,0,54,0,0,40,0,40,0,34,60,0,94,142,0,142,236
04/14/2006,ITH,NY,AEA,EN,Federal Contract Tower,0,38,29,0,67,0,0,15,0,15,0,38,44,0,82,74,0,74,156
04/15/2006,ITH,NY,AEA,EN,Federal Contract Tower,0,23,5,0,28,0,0,40,0,40,0,23,45,0,68,106,0,106,174
04/16/2006,ITH,NY,AEA,EN,Federal Contract Tower,0,23,11,0,34,0,0,33,0,33,0,23,44,0,67,96,0,96,163
04/17/2006,ITH,NY,AEA,EN,Federal Contract Tower,0,29,11,0,40,0,0,33,0,33,0,29,44,0,73,101,0,101,174
04/18/2006,ITH,NY,AEA,EN,Federal Contract Tower,0,31,12,0,43,0,1,42,0,43,0,32,54,0,86,146,0,146,232
04/19/2006,ITH,NY,AEA,EN,Federal Contract Tower,0,28,17,1,46,0,0,36,0,36,0,28,53,1,82,88,0,88,170
04/20/2006,ITH,NY,AEA,EN,Federal Contract Tower,0,30,23,0,53,0,0,50,2,52,0,30,73,2,105,100,0,100,205
04/21/2006,ITH,NY,AEA,EN,Federal Contract Tower,0,37,7,0,44,0,0,52,4,56,0,37,59,4,100,90,0,90,190
04/22/2006,ITH,NY,AEA,EN,Federal Contract Tower,0,25,7,0,32,0,0,0,0,0,0,25,7,0,32,0,0,0,32
04/23/2006,ITH,NY,AEA,EN,Federal Contract Tower,0,28,10,0,38,0,0,0,0,0,0,28,10,0,38,24,0,24,62
04/24/2006,ITH,NY,AEA,EN,Federal Contract Tower,0,32,20,0,52,0,0,5,0,5,0,32,25,0,57,16,0,16,73
04/25/2006,ITH,NY,AEA,EN,Federal Contract Tower,0,36,20,0,56,0,0,8,0,8,0,36,28,0,64,72,0,72,136
04/26/2006,ITH,NY,AEA,EN,Federal Contract Tower,0,31,7,0,38,0,0,37,0,37,0,31,44,0,75,100,0,100,175
04/27/2006,ITH,NY,AEA,EN,Federal Contract Tower,0,34,15,0,49,0,0,41,0,41,0,34,56,0,90,142,0,142,232
04/28/2006,ITH,NY,AEA,EN,Federal Contract Tower,0,44,12,0,56,0,2,35,0,37,0,46,47,0,93,92,0,92,185
04/29/2006,ITH,NY,AEA,EN,Federal Contract Tower,0,27,11,0,38,0,0,50,0,50,0,27,61,0,88,138,0,138,226
04/30/2006,ITH,NY,AEA,EN,Federal Contract Tower,0,21,15,0,36,0,0,67,0,67,0,21,82,0,103,208,0,208,311
05/01/2006,ITH,NY,AEA,EN,Federal Contract Tower,0,26,11,0,37,0,0,47,0,47,0,26,58,0,84,125,0,125,209
05/02/2006,ITH,NY,AEA,EN,Federal Contract Tower,0,32,17,0,49,0,0,47,0,47,0,32,64,0,96,120,0,120,216
05/03/2006,ITH,NY,AEA,EN,Federal Contract Tower,0,30,17,0,47,0,0,20,0,20,0,30,37,0,67,88,0,88,155
05/04/2006,ITH,NY,AEA,EN,Federal Contract Tower,0,36,10,0,46,0,0,17,2,19,0,36,27,2,65,68,0,68,133
05/05/2006,ITH,NY,AEA,EN,Federal Contract Tower,0,33,15,0,48,0,0,30,0,30,0,33,45,0,78,88,0,88,166
05/06/2006,ITH,NY,AEA,EN,Federal Contract Tower,0,27,17,0,44,0,0,5,0,5,0,27,22,0,49,2,0,2,51
05/07/2006,ITH,NY,AEA,EN,Federal Contract Tower,0,19,9,0,28,0,0,53,0,53,0,19,62,0,81,158,0,158,239
05/08/2006,ITH,NY,AEA,EN,Federal Contract Tower,0,26,19,0,45,0,0,46,0,46,0,26,65,0,91,148,0,148,239
05/09/2006,ITH,NY,AEA,EN,Federal Contract Tower,0,33,20,0,53,0,0,43,0,43,0,33,63,0,96,176,0,176,272
05/10/2006,ITH,NY,AEA,EN,Federal Contract Tower,0,27,9,0,36,0,0,57,0,57,0,27,66,0,93,149,0,149,242
05/11/2006,ITH,NY,AEA,EN,Federal Contract Tower,0,38,14,0,52,0,0,14,0,14,0,38,28,0,66,12,0,12,78
05/12/2006,ITH,NY,AEA,EN,Federal Contract Tower,0,32,10,0,42,0,2,26,0,28,0,34,36,0,70,22,0,22,92
05/13/2006,ITH,NY,AEA,EN,Federal Contract Tower,0,28,8,0,36,0,0,50,0,50,0,28,58,0,86,274,0,274,360
05/14/2006,ITH,NY,AEA,EN,Federal Contract Tower,0,23,23,0,46,0,0,12,0,12,0,23,35,0,58,86,0,86,144
05/15/2006,ITH,NY,AEA,EN,Federal Contract Tower,0,21,6,0,27,0,0,6,0,6,0,21,12,0,33,69,0,69,102
05/16/2006,ITH,NY,AEA,EN,Federal Contract Tower,0,35,20,0,55,0,0,24,0,24,0,35,44,0,79,120,0,120,199
05/17/2006,ITH,NY,AEA,EN,Federal Contract Tower,0,34,13,0,47,0,0,33,0,33,0,34,46,0,80,112,0,112,192
05/18/2006,ITH,NY,AEA,EN,Federal Contract Tower,0,31,10,0,41,0,0,15,0,15,0,31,25,0,56,47,0,47,103
05/19/2006,ITH,NY,AEA,EN,Federal Contract Tower,0,32,14,2,48,0,0,7,0,7,0,32,21,2,55,36,0,36,91
05/20/2006,ITH,NY,AEA,EN,Federal Contract Tower,0,23,4,0,27,0,0,10,0,10,0,23,14,0,37,44,0,44,81
05/21/2006,ITH,NY,AEA,EN,Federal Contract Tower,0,21,9,0,30,0,0,2,0,2,0,21,11,0,32,24,0,24,56
05/22/2006,ITH,NY,AEA,EN,Federal Contract Tower,0,26,19,0,45,0,0,11,0,11,0,26,30,0,56,39,0,39,95
05/23/2006,ITH,NY,AEA,EN,Federal Contract Tower,0,31,12,0,43,0,0,31,0,31,0,31,43,0,74,84,0,84,158
05/24/2006,ITH,NY,AEA,EN,Federal Contract Tower,0,30,13,2,45,0,0,75,0,75,0,30,88,2,120,163,0,163,283
05/25/2006,ITH,NY,AEA,EN,Federal Contract Tower,0,44,17,2,63,0,0,33,0,33,0,44,50,2,96,149,0,149,245
05/26/2006,ITH,NY,AEA,EN,Federal Contract Tower,0,33,19,0,52,0,0,11,0,11,0,33,30,0,63,30,0,30,93
05/27/2006,ITH,NY,AEA,EN,Federal Contract Tower,0,29,25,0,54,0,0,4,0,4,0,29,29,0,58,8,0,8,66
05/28/2006,ITH,NY,AEA,EN,Federal Contract Tower,0,32,37,0,69,0,0,94,0,94,0,32,131,0,163,204,0,204,367
05/29/2006,ITH,NY,AEA,EN,Federal Contract Tower,0,28,12,0,40,0,0,41,0,41,0,28,53,0,81,85,0,85,166
05/30/2006,ITH,NY,AEA,EN,Federal Contract Tower,0,30,10,0,40,0,0,34,0,34,0,30,44,0,74,170,0,170,244
05/31/2006,ITH,NY,AEA,EN,Federal Contract Tower,0,26,26,0,52,0,0,30,0,30,0,26,56,0,82,146,0,146,228
06/01/2006,ITH,NY,AEA,EN,Federal Contract Tower,0,32,8,0,40,0,0,4,0,4,0,32,12,0,44,10,0,10,54
06/02/2006,ITH,NY,AEA,EN,Federal Contract Tower,0,22,14,0,36,0,0,16,0,16,0,22,30,0,52,42,0,42,94
06/03/2006,ITH,NY,AEA,EN,Federal Contract Tower,0,22,16,0,38,0,0,0,0,0,0,22,16,0,38,0,0,0,38
06/04/2006,ITH,NY,AEA,EN,Federal Contract Tower,0,23,22,0,45,0,0,0,0,0,0,23,22,0,45,0,0,0,45
06/05/2006,ITH,NY,AEA,EN,Federal Contract Tower,0,31,21,0,52,0,0,38,0,38,0,31,59,0,90,151,0,151,241
06/06/2006,ITH,NY,AEA,EN,Federal Contract Tower,0,34,22,0,56,0,0,35,0,35,0,34,57,0,91,140,0,140,231
06/07/2006,ITH,NY,AEA,EN,Federal Contract Tower,0,29,15,0,44,0,0,25,0,25,0,29,40,0,69,102,0,102,171
06/08/2006,ITH,NY,AEA,EN,Federal Contract Tower,0,31,25,0,56,0,0,0,0,0,0,31,25,0,56,2,0,2,58
06/09/2006,ITH,NY,AEA,EN,Federal Contract Tower,0,32,23,0,55,0,0,2,0,2,0,32,25,0,57,0,0,0,57
06/10/2006,ITH,NY,AEA,EN,Federal Contract Tower,0,25,15,0,40,0,0,6,0,6,0,25,21,0,46,16,0,16,62
06/11/2006,ITH,NY,AEA,EN,Federal Contract Tower,0,25,21,0,46,0,0,20,0,20,0,25,41,0,66,143,0,143,209
06/12/2006,ITH,NY,AEA,EN,Federal Contract Tower,0,25,13,0,38,0,0,23,2,25,0,25,36,2,63,88,0,88,151
06/13/2006,ITH,NY,AEA,EN,Federal Contract Tower,0,30,11,0,41,0,0,43,0,43,0,30,54,0,84,154,0,154,238
06/14/2006,ITH,NY,AEA,EN,Federal Contract Tower,0,28,19,0,47,0,0,16,0,16,0,28,35,0,63,84,0,84,147
06/15/2006,ITH,NY,AEA,EN,Federal Contract Tower,0,31,19,0,50,0,0,32,0,32,0,31,51,0,82,93,0,93,175
06/16/2006,ITH,NY,AEA,EN,Federal Contract Tower,0,30,9,0,39,0,0,48,0,48,0,30,57,0,87,128,0,128,215
06/17/2006,ITH,NY,AEA,EN,Federal Contract Tower,0,17,4,0,21,0,0,28,0,28,0,17,32,0,49,78,0,78,127
06/18/2006,ITH,NY,AEA,EN,Federal Contract Tower,0,24,10,0,34,0,0,68,0,68,0,24,78,0,102,222,0,222,324
06/19/2006,ITH,NY,AEA,EN,Federal Contract Tower,0,28,14,0,42,0,0,6,0,6,0,28,20,0,48,38,0,38,86
06/20/2006,ITH,NY,AEA,EN,Federal Contract Tower,0,27,11,0,38,0,0,28,0,28,0,27,39,0,66,129,0,129,195
06/21/2006,ITH,NY,AEA,EN,Federal Contract Tower,0,28,8,0,36,0,0,66,0,66,0,28,74,0,102,176,0,176,278
06/22/2006,ITH,NY,AEA,EN,Federal Contract Tower,0,28,16,0,44,0,0,20,0,20,0,28,36,0,64,78,0,78,142
06/23/2006,ITH,NY,AEA,EN,Federal Contract Tower,0,23,18,0,41,0,0,18,0,18,0,23,36,0,59,66,0,66,125
06/24/2006,ITH,NY,AEA,EN,Federal Contract Tower,0,22,24,0,46,0,0,27,0,27,0,22,51,0,73,34,0,34,107
06/25/2006,ITH,NY,AEA,EN,Federal Contract Tower,0,21,10,0,31,0,0,21,0,21,0,21,31,0,52,82,0,82,134
06/26/2006,ITH,NY,AEA,EN,Federal Contract Tower,0,23,10,0,33,0,0,10,0,10,0,23,20,0,43,26,0,26,69
06/27/2006,ITH,NY,AEA,EN,Federal Contract Tower,0,28,14,0,42,0,0,8,0,8,0,28,22,0,50,64,0,64,114
06/28/2006,ITH,NY,AEA,EN,Federal Contract Tower,0,27,9,0,36,0,0,32,2,34,0,27,41,2,70,104,0,104,174
06/29/2006,ITH,NY,AEA,EN,Federal Contract Tower,0,28,5,0,33,0,0,27,0,27,0,28,32,0,60,88,0,88,148
06/30/2006,ITH,NY,AEA,EN,Federal Contract Tower,0,28,22,0,50,0,0,21,2,23,0,28,43,2,73,108,0,108,181
07/01/2006,ITH,NY,AEA,EN,Federal Contract Tower,0,15,10,0,25,0,0,20,2,22,0,15,30,2,47,84,0,84,131
07/02/2006,ITH,NY,AEA,EN,Federal Contract Tower,0,12,7,0,19,0,0,3,0,3,0,12,10,0,22,42,0,42,64
07/03/2006,ITH,NY,AEA,EN,Federal Contract Tower,0,19,8,0,27,0,0,27,3,30,0,19,35,3,57,109,0,109,166
07/04/2006,ITH,NY,AEA,EN,Federal Contract Tower,0,18,4,0,22,0,0,13,0,13,0,18,17,0,35,68,0,68,103
07/05/2006,ITH,NY,AEA,EN,Federal Contract Tower,0,28,19,0,47,0,0,32,0,32,0,28,51,0,79,144,0,144,223
07/06/2006,ITH,NY,AEA,EN,Federal Contract Tower,0,22,13,0,35,0,0,39,4,43,0,22,52,4,78,78,0,78,156
07/07/2006,ITH,NY,AEA,EN,Federal Contract Tower,0,22,21,0,43,0,0,41,0,41,0,22,62,0,84,114,0,114,198
07/08/2006,ITH,NY,AEA,EN,Federal Contract Tower,0,21,8,0,29,0,0,53,0,53,0,21,61,0,82,70,0,70,152
07/09/2006,ITH,NY,AEA,EN,Federal Contract Tower,0,21,13,0,34,0,0,44,0,44,0,21,57,0,78,132,0,132,210
07/10/2006,ITH,NY,AEA,EN,Federal Contract Tower,0,25,10,0,35,0,0,20,0,20,0,25,30,0,55,105,0,105,160
07/11/2006,ITH,NY,AEA,EN,Federal Contract Tower,0,30,19,0,49,0,0,38,2,40,0,30,57,2,89,134,0,134,223
07/12/2006,ITH,NY,AEA,EN,Federal Contract Tower,0,23,12,0,35,0,0,1,0,1,0,23,13,0,36,6,0,6,42
07/13/2006,ITH,NY,AEA,EN,Federal Contract Tower,0,28,6,0,34,0,0,17,0,17,0,28,23,0,51,82,0,82,133
07/14/2006,ITH,NY,AEA,EN,Federal Contract Tower,0,24,20,0,44,0,0,31,2,33,0,24,51,2,77,58,2,60,137
07/15/2006,ITH,NY,AEA,EN,Federal Contract Tower,0,18,16,0,34,0,0,11,0,11,0,18,27,0,45,0,0,0,45
07/16/2006,ITH,NY,AEA,EN,Federal Contract Tower,0,19,11,0,30,0,0,53,0,53,0,19,64,0,83,118,0,118,201
07/17/2006,ITH,NY,AEA,EN,Federal Contract Tower,0,24,17,0,41,0,0,23,0,23,0,24,40,0,64,121,0,121,185
07/18/2006,ITH,NY,AEA,EN,Federal Contract Tower,0,25,2,0,27,0,0,25,0,25,0,25,27,0,52,144,0,144,196
07/19/2006,ITH,NY,AEA,EN,Federal Contract Tower,0,32,17,0,49,0,0,57,0,57,0,32,74,0,106,160,0,160,266
07/20/2006,ITH,NY,AEA,EN,Federal Contract Tower,0,27,15,0,42,0,0,15,0,15,0,27,30,0,57,100,0,100,157
07/21/2006,ITH,NY,AEA,EN,Federal Contract Tower,0,27,16,0,43,0,0,10,0,10,0,27,26,0,53,12,0,12,65
07/22/2006,ITH,NY,AEA,EN,Federal Contract Tower,0,13,8,0,21,0,0,0,0,0,0,13,8,0,21,0,0,0,21
07/23/2006,ITH,NY,AEA,EN,Federal Contract Tower,0,21,19,0,40,0,0,26,0,26,0,21,45,0,66,124,0,124,190
07/24/2006,ITH,NY,AEA,EN,Federal Contract Tower,0,23,5,0,28,0,0,48,0,48,0,23,53,0,76,124,0,124,200
07/25/2006,ITH,NY,AEA,EN,Federal Contract Tower,0,26,9,0,35,0,0,17,0,17,0,26,26,0,52,92,0,92,144
07/26/2006,ITH,NY,AEA,EN,Federal Contract Tower,0,22,15,0,37,0,0,30,0,30,0,22,45,0,67,86,0,86,153
07/27/2006,ITH,NY,AEA,EN,Federal Contract Tower,0,22,18,0,40,0,0,21,0,21,0,22,39,0,61,16,0,16,77
07/28/2006,ITH,NY,AEA,EN,Federal Contract Tower,0,18,10,0,28,0,0,2,0,2,0,18,12,0,30,0,0,0,30
07/29/2006,ITH,NY,AEA,EN,Federal Contract Tower,0,15,6,0,21,0,2,29,0,31,0,17,35,0,52,72,0,72,124
07/30/2006,ITH,NY,AEA,EN,Federal Contract Tower,0,19,22,0,41,0,0,12,0,12,0,19,34,0,53,75,0,75,128
07/31/2006,ITH,NY,AEA,EN,Federal Contract Tower,0,24,13,1,38,0,0,23,0,23,0,24,36,1,61,122,2,124,185
08/01/2006,ITH,NY,AEA,EN,Federal Contract Tower,0,30,11,0,41,0,0,15,0,15,0,30,26,0,56,100,0,100,156
08/02/2006,ITH,NY,AEA,EN,Federal Contract Tower,0,22,13,0,35,0,0,34,0,34,0,22,47,0,69,122,0,122,191
08/03/2006,ITH,NY,AEA,EN,Federal Contract Tower,0,20,6,0,26,0,0,13,0,13,0,20,19,0,39,50,0,50,89
08/04/2006,ITH,NY,AEA,EN,Federal Contract Tower,0,24,13,0,37,0,0,23,0,23,0,24,36,0,60,16,0,16,76
08/05/2006,ITH,NY,AEA,EN,Federal Contract Tower,0,19,12,0,31,0,1,64,0,65,0,20,76,0,96,72,0,72,168
08/06/2006,ITH,NY,AEA,EN,Federal Contract Tower,0,21,11,0,32,0,0,53,0,53,0,21,64,0,85,116,0,116,201
08/07/2006,ITH,NY,AEA,EN,Federal Contract Tower,0,24,10,0,34,0,0,28,4,32,0,24,38,4,66,141,0,141,207
08/08/2006,ITH,NY,AEA,EN,Federal Contract Tower,0,29,15,0,44,0,0,52,0,52,0,29,67,0,96,192,0,192,288
08/09/2006,ITH,NY,AEA,EN,Federal Contract Tower,0,23,22,0,45,0,0,46,0,46,0,23,68,0,91,160,0,160,251
08/10/2006,ITH,NY,AEA,EN,Federal Contract Tower,0,27,22,0,49,0,0,34,0,34,0,27,56,0,83,94,0,94,177
08/11/2006,ITH,NY,AEA,EN,Federal Contract Tower,0,24,16,0,40,0,0,26,0,26,0,24,42,0,66,64,0,64,130
08/12/2006,ITH,NY,AEA,EN,Federal Contract Tower,0,15,18,0,33,0,0,38,0,38,0,15,56,0,71,40,0,40,111
08/13/2006,ITH,NY,AEA,EN,Federal Contract Tower,0,26,26,0,52,0,0,62,0,62,0,26,88,0,114,103,0,103,217
08/14/2006,ITH,NY,AEA,EN,Federal Contract Tower,0,29,19,0,48,0,0,10,0,10,0,29,29,0,58,58,0,58,116
08/15/2006,ITH,NY,AEA,EN,Federal Contract Tower,0,26,17,0,43,0,1,27,0,28,0,27,44,0,71,126,0,126,197
08/16/2006,ITH,NY,AEA,EN,Federal Contract Tower,0,25,15,0,40,0,0,36,0,36,0,25,51,0,76,156,0,156,232
08/17/2006,ITH,NY,AEA,EN,Federal Contract Tower,0,29,15,0,44,0,0,29,0,29,0,29,44,0,73,78,0,78,151
08/18/2006,ITH,NY,AEA,EN,Federal Contract Tower,0,28,23,2,53,0,0,29,0,29,0,28,52,2,82,100,0,100,182
08/19/2006,ITH,NY,AEA,EN,Federal Contract Tower,0,29,14,0,43,0,2,0,0,2,0,31,14,0,45,24,0,24,69
08/20/2006,ITH,NY,AEA,EN,Federal Contract Tower,0,21,11,0,32,0,0,6,0,6,0,21,17,0,38,40,0,40,78
08/21/2006,ITH,NY,AEA,EN,Federal Contract Tower,0,23,13,0,36,0,0,21,0,21,0,23,34,0,57,101,0,101,158
08/22/2006,ITH,NY,AEA,EN,Federal Contract Tower,0,29,17,0,46,0,0,34,0,34,0,29,51,0,80,114,0,114,194
08/23/2006,ITH,NY,AEA,EN,Federal Contract Tower,0,24,16,0,40,0,0,43,0,43,0,24,59,0,83,158,0,158,241
08/24/2006,ITH,NY,AEA,EN,Federal Contract Tower,0,25,7,0,32,0,0,30,2,32,0,25,37,2,64,70,0,70,134
08/25/2006,ITH,NY,AEA,EN,Federal Contract Tower,0,28,24,0,52,0,0,7,1,8,0,28,31,1,60,20,0,20,80
08/26/2006,ITH,NY,AEA,EN,Federal Contract Tower,0,20,24,0,44,0,0,0,0,0,0,20,24,0,44,8,0,8,52
08/27/2006,ITH,NY,AEA,EN,Federal Contract Tower,0,21,12,0,33,0,0,0,0,0,0,21,12,0,33,0,0,0,33
08/28/2006,ITH,NY,AEA,EN,Federal Contract Tower,0,23,20,0,43,0,0,6,0,6,0,23,26,0,49,24,0,24,73
08/29/2006,ITH,NY,AEA,EN,Federal Contract Tower,0,24,13,0,37,0,0,0,0,0,0,24,13,0,37,0,0,0,37
08/30/2006,ITH,NY,AEA,EN,Federal Contract Tower,0,23,19,0,42,0,0,7,0,7,0,23,26,0,49,88,0,88,137
08/31/2006,ITH,NY,AEA,EN,Federal Contract Tower,0,23,14,0,37,0,0,41,0,41,0,23,55,0,78,119,0,119,197
09/01/2006,ITH,NY,AEA,EN,Federal Contract Tower,0,21,17,0,38,0,0,45,0,45,0,21,62,0,83,132,0,132,215
09/02/2006,ITH,NY,AEA,EN,Federal Contract Tower,0,13,1,0,14,0,0,0,0,0,0,13,1,0,14,0,0,0,14
09/03/2006,ITH,NY,AEA,EN,Federal Contract Tower,0,16,7,0,23,0,0,2,0,2,0,16,9,0,25,118,0,118,143
09/04/2006,ITH,NY,AEA,EN,Federal Contract Tower,0,28,11,0,39,0,0,15,0,15,0,28,26,0,54,99,0,99,153
09/05/2006,ITH,NY,AEA,EN,Federal Contract Tower,0,26,16,0,42,0,0,15,0,15,0,26,31,0,57,112,0,112,169
09/06/2006,ITH,NY,AEA,EN,Federal Contract Tower,0,30,28,0,58,0,0,8,2,10,0,30,36,2,68,60,0,60,128
09/07/2006,ITH,NY,AEA,EN,Federal Contract Tower,0,36,26,0,62,0,0,27,0,27,0,36,53,0,89,116,0,116,205
09/08/2006,ITH,NY,AEA,EN,Federal Contract Tower,0,48,38,0,86,0,1,37,0,38,0,49,75,0,124,62,0,62,186
09/09/2006,ITH,NY,AEA,EN,Federal Contract Tower,0,22,8,0,30,0,1,17,0,18,0,23,25,0,48,24,0,24,72
09/10/2006,ITH,NY,AEA,EN,Federal Contract Tower,0,27,22,0,49,0,0,32,0,32,0,27,54,0,81,162,0,162,243
09/11/2006,ITH,NY,AEA,EN,Federal Contract Tower,0,30,19,0,49,0,0,25,0,25,0,30,44,0,74,133,0,133,207
09/12/2006,ITH,NY,AEA,EN,Federal Contract Tower,0,31,23,0,54,0,1,30,0,31,0,32,53,0,85,162,0,162,247
09/13/2006,ITH,NY,AEA,EN,Federal Contract Tower,0,25,12,0,37,0,0,0,0,0,0,25,12,0,37,0,0,0,37
09/14/2006,ITH,NY,AEA,EN,Federal Contract Tower,0,38,15,2,55,0,0,3,0,3,0,38,18,2,58,7,0,7,65
09/15/2006,ITH,NY,AEA,EN,Federal Contract Tower,0,36,16,0,52,0,1,7,0,8,0,37,23,0,60,26,0,26,86
09/16/2006,ITH,NY,AEA,EN,Federal Contract Tower,0,23,11,0,34,0,0,5,0,5,0,23,16,0,39,36,0,36,75
09/17/2006,ITH,NY,AEA,EN,Federal Contract Tower,0,25,18,0,43,0,1,55,0,56,0,26,73,0,99,256,0,256,355
09/18/2006,ITH,NY,AEA,EN,Federal Contract Tower,0,24,9,0,33,0,3,35,0,38,0,27,44,0,71,126,0,126,197
09/19/2006,ITH,NY,AEA,EN,Federal Contract Tower,0,29,20,0,49,0,0,11,0,11,0,29,31,0,60,86,0,86,146
09/20/2006,ITH,NY,AEA,EN,Federal Contract Tower,0,27,11,0,38,0,0,24,0,24,0,27,35,0,62,64,0,64,126
09/21/2006,ITH,NY,AEA,EN,Federal Contract Tower,0,32,18,0,50,0,0,33,0,33,0,32,51,0,83,90,0,90,173
09/22/2006,ITH,NY,AEA,EN,Federal Contract Tower,0,30,7,0,37,0,0,35,0,35,0,30,42,0,72,48,0,48,120
09/23/2006,ITH,NY,AEA,EN,Federal Contract Tower,0,21,12,0,33,0,0,8,8,16,0,21,20,8,49,12,0,12,61
09/24/2006,ITH,NY,AEA,EN,Federal Contract Tower,0,30,6,0,36,0,1,4,0,5,0,31,10,0,41,36,0,36,77
09/25/2006,ITH,NY,AEA,EN,Federal Contract Tower,0,32,11,1,44,0,0,13,1,14,0,32,24,2,58,112,0,112,170
09/26/2006,ITH,NY,AEA,EN,Federal Contract Tower,0,29,7,0,36,0,0,34,0,34,0,29,41,0,70,144,0,144,214
09/27/2006,ITH,NY,AEA,EN,Federal Contract Tower,0,28,16,0,44,0,0,24,0,24,0,28,40,0,68,114,0,114,182
09/28/2006,ITH,NY,AEA,EN,Federal Contract Tower,0,33,8,0,41,0,0,5,0,5,0,33,13,0,46,30,0,30,76
09/29/2006,ITH,NY,AEA,EN,Federal Contract Tower,0,29,15,0,44,0,0,6,2,8,0,29,21,2,52,42,0,42,94
09/30/2006,ITH,NY,AEA,EN,Federal Contract Tower,0,24,14,0,38,0,2,42,0,44,0,26,56,0,82,92,0,92,174
10/01/2006,ITH,NY,AEA,EN,Federal Contract Tower,0,23,7,0,30,0,0,20,0,20,0,23,27,0,50,78,0,78,128
10/02/2006,ITH,NY,AEA,EN,Federal Contract Tower,0,29,19,0,48,0,0,25,0,25,0,29,44,0,73,155,0,155,228
10/03/2006,ITH,NY,AEA,EN,Federal Contract Tower,0,27,16,0,43,0,0,14,0,14,0,27,30,0,57,62,0,62,119
10/04/2006,ITH,NY,AEA,EN,Federal Contract Tower,0,31,13,0,44,0,0,2,0,2,0,31,15,0,46,22,0,22,68
10/05/2006,ITH,NY,AEA,EN,Federal Contract Tower,0,32,20,0,52,0,0,36,0,36,0,32,56,0,88,122,0,122,210
10/06/2006,ITH,NY,AEA,EN,Federal Contract Tower,0,32,26,0,58,0,4,37,0,41,0,36,63,0,99,114,0,114,213
10/07/2006,ITH,NY,AEA,EN,Federal Contract Tower,0,25,22,0,47,0,0,64,0,64,0,25,86,0,111,102,0,102,213
10/08/2006,ITH,NY,AEA,EN,Federal Contract Tower,0,22,13,0,35,0,0,64,0,64,0,22,77,0,99,105,0,105,204
10/09/2006,ITH,NY,AEA,EN,Federal Contract Tower,0,31,9,0,40,0,2,43,0,45,0,33,52,0,85,131,0,131,216
10/10/2006,ITH,NY,AEA,EN,Federal Contract Tower,0,38,17,0,55,0,0,38,0,38,0,38,55,0,93,156,0,156,249
10/11/2006,ITH,NY,AEA,EN,Federal Contract Tower,0,29,15,0,44,0,0,7,0,7,0,29,22,0,51,32,0,32,83
10/12/2006,ITH,NY,AEA,EN,Federal Contract Tower,0,28,9,0,37,0,0,2,0,2,0,28,11,0,39,2,0,2,41
10/13/2006,ITH,NY,AEA,EN,Federal Contract Tower,0,46,20,0,66,0,0,4,0,4,0,46,24,0,70,40,0,40,110
10/14/2006,ITH,NY,AEA,EN,Federal Contract Tower,0,26,13,0,39,0,2,13,0,15,0,28,26,0,54,26,0,26,80
10/15/2006,ITH,NY,AEA,EN,Federal Contract Tower,0,26,16,0,42,0,4,29,0,33,0,30,45,0,75,126,0,126,201
10/16/2006,ITH,NY,AEA,EN,Federal Contract Tower,0,33,10,0,43,0,0,32,0,32,0,33,42,0,75,117,0,117,192
10/17/2006,ITH,NY,AEA,EN,Federal Contract Tower,0,29,6,0,35,0,0,0,0,0,0,29,6,0,35,0,0,0,35
10/18/2006,ITH,NY,AEA,EN,Federal Contract Tower,0,32,17,2,51,0,0,9,0,9,0,32,26,2,60,70,0,70,130
10/19/2006,ITH,NY,AEA,EN,Federal Contract Tower,0,37,11,0,48,0,0,6,0,6,0,37,17,0,54,62,0,62,116
10/20/2006,ITH,NY,AEA,EN,Federal Contract Tower,0,28,11,0,39,0,0,0,5,5,0,28,11,5,44,0,0,0,44
10/21/2006,ITH,NY,AEA,EN,Federal Contract Tower,0,24,15,0,39,0,3,25,0,28,0,27,40,0,67,86,0,86,153
10/22/2006,ITH,NY,AEA,EN,Federal Contract Tower,0,31,17,0,48,0,0,14,0,14,0,31,31,0,62,36,0,36,98
10/23/2006,ITH,NY,AEA,EN,Federal Contract Tower,0,40,2,0,42,0,0,23,0,23,0,40,25,0,65,72,0,72,137
10/24/2006,ITH,NY,AEA,EN,Federal Contract Tower,0,35,7,0,42,0,0,8,0,8,0,35,15,0,50,0,0,0,50
10/25/2006,ITH,NY,AEA,EN,Federal Contract Tower,0,29,10,0,39,0,0,3,0,3,0,29,13,0,42,4,0,4,46
10/26/2006,ITH,NY,AEA,EN,Federal Contract Tower,0,49,28,0,77,0,0,24,0,24,0,49,52,0,101,48,0,48,149
10/27/2006,ITH,NY,AEA,EN,Federal Contract Tower,0,47,25,0,72,0,0,30,0,30,0,47,55,0,102,50,0,50,152
10/28/2006,ITH,NY,AEA,EN,Federal Contract Tower,0,32,6,0,38,0,0,0,0,0,0,32,6,0,38,0,0,0,38
10/29/2006,ITH,NY,AEA,EN,Federal Contract Tower,0,24,7,0,31,0,0,2,0,2,0,24,9,0,33,24,0,24,57
10/30/2006,ITH,NY,AEA,EN,Federal Contract Tower,0,35,14,0,49,0,0,13,0,13,0,35,27,0,62,77,0,77,139
10/31/2006,ITH,NY,AEA,EN,Federal Contract Tower,0,26,10,0,36,0,0,18,0,18,0,26,28,0,54,114,0,114,168
11/01/2006,ITH,NY,AEA,EN,Federal Contract Tower,0,36,8,0,44,0,3,27,0,30,0,39,35,0,74,96,0,96,170
11/02/2006,ITH,NY,AEA,EN,Federal Contract Tower,0,34,7,0,41,0,0,12,0,12,0,34,19,0,53,54,0,54,107
11/03/2006,ITH,NY,AEA,EN,Federal Contract Tower,0,34,3,0,37,0,1,22,0,23,0,35,25,0,60,68,0,68,128
11/04/2006,ITH,NY,AEA,EN,Federal Contract Tower,2,18,11,0,31,0,3,36,0,39,2,21,47,0,70,126,0,126,196
11/05/2006,ITH,NY,AEA,EN,Federal Contract Tower,0,27,12,0,39,0,0,40,0,40,0,27,52,0,79,93,0,93,172
11/06/2006,ITH,NY,AEA,EN,Federal Contract Tower,0,33,14,0,47,0,0,16,0,16,0,33,30,0,63,76,0,76,139
11/07/2006,ITH,NY,AEA,EN,Federal Contract Tower,0,34,19,0,53,0,0,14,0,14,0,34,33,0,67,98,0,98,165
11/08/2006,ITH,NY,AEA,EN,Federal Contract Tower,0,22,16,3,41,0,0,2,1,3,0,22,18,4,44,0,0,0,44
11/09/2006,ITH,NY,AEA,EN,Federal Contract Tower,0,28,2,0,30,0,0,29,0,29,0,28,31,0,59,86,0,86,145
11/10/2006,ITH,NY,AEA,EN,Federal Contract Tower,0,29,19,0,48,0,2,13,0,15,0,31,32,0,63,146,0,146,209
11/11/2006,ITH,NY,AEA,EN,Federal Contract Tower,0,22,20,0,42,0,1,13,0,14,0,23,33,0,56,72,0,72,128
11/12/2006,ITH,NY,AEA,EN,Federal Contract Tower,0,12,1,0,13,0,0,0,0,0,0,12,1,0,13,2,0,2,15
11/13/2006,ITH,NY,AEA,EN,Federal Contract Tower,0,2,2,0,4,0,0,0,0,0,0,2,2,0,4,2,0,2,6
11/14/2006,ITH,NY,AEA,EN,Federal Contract Tower,0,15,5,0,20,0,0,0,0,0,0,15,5,0,20,0,0,0,20
11/15/2006,ITH,NY,AEA,EN,Federal Contract Tower,0,23,19,0,42,0,0,4,0,4,0,23,23,0,46,0,0,0,46
11/16/2006,ITH,NY,AEA,EN,Federal Contract Tower,0,20,5,0,25,0,0,0,0,0,0,20,5,0,25,0,0,0,25
11/17/2006,ITH,NY,AEA,EN,Federal Contract Tower,0,34,17,0,51,0,0,17,0,17,0,34,34,0,68,10,0,10,78
11/18/2006,ITH,NY,AEA,EN,Federal Contract Tower,0,23,10,0,33,0,2,28,2,32,0,25,38,2,65,124,0,124,189
11/19/2006,ITH,NY,AEA,EN,Federal Contract Tower,0,27,5,0,32,0,0,0,0,0,0,27,5,0,32,0,0,0,32
11/20/2006,ITH,NY,AEA,EN,Federal Contract Tower,0,30,7,0,37,0,0,0,0,0,0,30,7,0,37,2,0,2,39
11/21/2006,ITH,NY,AEA,EN,Federal Contract Tower,0,36,19,0,55,0,0,47,0,47,0,36,66,0,102,180,0,180,282
11/22/2006,ITH,NY,AEA,EN,Federal Contract Tower,0,27,16,0,43,0,0,57,0,57,0,27,73,0,100,170,0,170,270
11/23/2006,ITH,NY,AEA,EN,Federal Contract Tower,0,20,5,0,25,0,0,15,0,15,0,20,20,0,40,2,0,2,42
11/24/2006,ITH,NY,AEA,EN,Federal Contract Tower,0,20,4,0,24,0,2,41,0,43,0,22,45,0,67,58,0,58,125
11/25/2006,ITH,NY,AEA,EN,Federal Contract Tower,0,19,8,0,27,0,0,50,0,50,0,19,58,0,77,94,0,94,171
11/26/2006,ITH,NY,AEA,EN,Federal Contract Tower,0,24,16,0,40,0,2,49,0,51,0,26,65,0,91,121,0,121,212
11/27/2006,ITH,NY,AEA,EN,Federal Contract Tower,0,33,15,0,48,0,0,27,0,27,0,33,42,0,75,116,0,116,191
11/28/2006,ITH,NY,AEA,EN,Federal Contract Tower,0,30,10,0,40,0,6,31,0,37,0,36,41,0,77,116,0,116,193
11/29/2006,ITH,NY,AEA,EN,Federal Contract Tower,0,26,9,0,35,0,0,26,0,26,0,26,35,0,61,114,0,114,175
11/30/2006,ITH,NY,AEA,EN,Federal Contract Tower,0,28,13,0,41,0,0,13,0,13,0,28,26,0,54,44,0,44,98
12/01/2006,ITH,NY,AEA,EN,Federal Contract Tower,0,22,2,0,24,0,0,0,0,0,0,22,2,0,24,0,0,0,24
12/02/2006,ITH,NY,AEA,EN,Federal Contract Tower,0,20,6,0,26,0,0,4,0,4,0,20,10,0,30,16,0,16,46
12/03/2006,ITH,NY,AEA,EN,Federal Contract Tower,0,25,5,0,30,0,0,39,0,39,0,25,44,0,69,81,0,81,150
12/04/2006,ITH,NY,AEA,EN,Federal Contract Tower,0,29,12,0,41,0,0,7,0,7,0,29,19,0,48,46,0,46,94
12/05/2006,ITH,NY,AEA,EN,Federal Contract Tower,0,31,3,0,34,0,0,20,0,20,0,31,23,0,54,90,0,90,144
12/06/2006,ITH,NY,AEA,EN,Federal Contract Tower,0,27,8,0,35,0,0,16,0,16,0,27,24,0,51,22,0,22,73
12/07/2006,ITH,NY,AEA,EN,Federal Contract Tower,0,28,4,0,32,0,0,5,0,5,0,28,9,0,37,30,0,30,67
12/08/2006,ITH,NY,AEA,EN,Federal Contract Tower,0,25,10,0,35,0,0,0,0,0,0,25,10,0,35,18,0,18,53
12/09/2006,ITH,NY,AEA,EN,Federal Contract Tower,0,24,4,0,28,0,5,27,0,32,0,29,31,0,60,104,0,104,164
12/10/2006,ITH,NY,AEA,EN,Federal Contract Tower,0,24,11,0,35,0,0,24,0,24,0,24,35,0,59,94,0,94,153
12/11/2006,ITH,NY,AEA,EN,Federal Contract Tower,0,28,10,0,38,0,0,20,0,20,0,28,30,0,58,112,0,112,170
12/12/2006,ITH,NY,AEA,EN,Federal Contract Tower,0,28,7,0,35,0,0,11,2,13,0,28,18,2,48,92,0,92,140
12/13/2006,ITH,NY,AEA,EN,Federal Contract Tower,0,24,8,0,32,0,6,10,0,16,0,30,18,0,48,76,0,76,124
12/14/2006,ITH,NY,AEA,EN,Federal Contract Tower,0,31,12,0,43,0,0,30,0,30,0,31,42,0,73,106,0,106,179
12/15/2006,ITH,NY,AEA,EN,Federal Contract Tower,0,31,17,0,48,0,0,14,0,14,0,31,31,0,62,88,0,88,150
12/16/2006,ITH,NY,AEA,EN,Federal Contract Tower,0,20,11,0,31,0,1,37,0,38,0,21,48,0,69,82,0,82,151
12/17/2006,ITH,NY,AEA,EN,Federal Contract Tower,0,27,9,0,36,0,0,20,0,20,0,27,29,0,56,131,0,131,187
12/18/2006,ITH,NY,AEA,EN,Federal Contract Tower,0,28,10,0,38,0,0,6,0,6,0,28,16,0,44,24,0,24,68
12/19/2006,ITH,NY,AEA,EN,Federal Contract Tower,0,33,4,0,37,0,0,19,0,19,0,33,23,0,56,76,0,76,132
12/20/2006,ITH,NY,AEA,EN,Federal Contract Tower,0,29,13,0,42,0,0,46,0,46,0,29,59,0,88,64,0,64,152
12/21/2006,ITH,NY,AEA,EN,Federal Contract Tower,0,24,14,0,38,0,0,38,0,38,0,24,52,0,76,72,0,72,148
12/22/2006,ITH,NY,AEA,EN,Federal Contract Tower,0,27,6,0,33,0,0,0,0,0,0,27,6,0,33,0,0,0,33
12/23/2006,ITH,NY,AEA,EN,Federal Contract Tower,0,13,11,0,24,0,0,6,0,6,0,13,17,0,30,0,0,0,30
12/24/2006,ITH,NY,AEA,EN,Federal Contract Tower,0,18,8,0,26,0,0,6,0,6,0,18,14,0,32,0,0,0,32
12/25/2006,ITH,NY,AEA,EN,Federal Contract Tower,0,13,3,0,16,0,0,3,0,3,0,13,6,0,19,0,0,0,19
12/26/2006,ITH,NY,AEA,EN,Federal Contract Tower,0,22,5,0,27,0,0,0,0,0,0,22,5,0,27,0,0,0,27
12/27/2006,ITH,NY,AEA,EN,Federal Contract Tower,0,22,4,0,26,0,0,0,0,0,0,22,4,0,26,0,0,0,26
12/28/2006,ITH,NY,AEA,EN,Federal Contract Tower,0,22,8,0,30,0,0,4,0,4,0,22,12,0,34,52,0,52,86
12/29/2006,ITH,NY,AEA,EN,Federal Contract Tower,0,21,12,0,33,0,0,22,0,22,0,21,34,0,55,98,0,98,153
12/30/2006,ITH,NY,AEA,EN,Federal Contract Tower,0,15,6,0,21,0,2,7,0,9,0,17,13,0,30,34,0,34,64
12/31/2006,ITH,NY,AEA,EN,Federal Contract Tower,0,16,3,0,19,0,5,36,0,41,0,21,39,0,60,84,0,84,144
01/01/2007,ITH,NY,AEA,EN,Federal Contract Tower,0,19,8,0,27,0,0,4,0,4,0,19,12,0,31,36,0,36,67
01/02/2007,ITH,NY,AEA,EN,Federal Contract Tower,0,26,13,0,39,0,0,20,0,20,0,26,33,0,59,80,0,80,139
01/03/2007,ITH,NY,AEA,EN,Federal Contract Tower,0,22,12,0,34,0,0,30,0,30,0,22,42,0,64,106,0,106,170
01/04/2007,ITH,NY,AEA,EN,Federal Contract Tower,0,26,11,0,37,0,2,32,0,34,0,28,43,0,71,92,0,92,163
01/05/2007,ITH,NY,AEA,EN,Federal Contract Tower,0,22,7,0,29,0,0,2,0,2,0,22,9,0,31,64,0,64,95
01/06/2007,ITH,NY,AEA,EN,Federal Contract Tower,0,19,6,0,25,0,0,4,0,4,0,19,10,0,29,32,0,32,61
01/07/2007,ITH,NY,AEA,EN,Federal Contract Tower,0,29,12,0,41,0,0,37,0,37,0,29,49,0,78,146,0,146,224
01/08/2007,ITH,NY,AEA,EN,Federal Contract Tower,0,26,5,0,31,0,1,0,0,1,0,27,5,0,32,14,0,14,46
01/09/2007,ITH,NY,AEA,EN,Federal Contract Tower,0,28,9,0,37,0,0,0,0,0,0,28,9,0,37,14,0,14,51
01/10/2007,ITH,NY,AEA,EN,Federal Contract Tower,0,21,5,0,26,0,5,1,0,6,0,26,6,0,32,16,0,16,48
01/11/2007,ITH,NY,AEA,EN,Federal Contract Tower,0,26,11,0,37,0,0,16,0,16,0,26,27,0,53,77,0,77,130
01/12/2007,ITH,NY,AEA,EN,Federal Contract Tower,0,27,8,0,35,0,0,7,0,7,0,27,15,0,42,22,0,22,64
01/13/2007,ITH,NY,AEA,EN,Federal Contract Tower,0,21,2,0,23,0,0,0,0,0,0,21,2,0,23,0,0,0,23
01/14/2007,ITH,NY,AEA,EN,Federal Contract Tower,0,19,1,0,20,0,0,0,0,0,0,19,1,0,20,0,0,0,20
01/15/2007,ITH,NY,AEA,EN,Federal Contract Tower,0,22,11,0,33,0,0,0,0,0,0,22,11,0,33,0,0,0,33
01/16/2007,ITH,NY,AEA,EN,Federal Contract Tower,0,26,9,0,35,0,0,0,0,0,0,26,9,0,35,0,0,0,35
01/17/2007,ITH,NY,AEA,EN,Federal Contract Tower,0,26,9,0,35,0,0,7,0,7,0,26,16,0,42,90,0,90,132
01/18/2007,ITH,NY,AEA,EN,Federal Contract Tower,0,29,17,0,46,0,0,9,0,9,0,29,26,0,55,51,0,51,106
01/19/2007,ITH,NY,AEA,EN,Federal Contract Tower,0,23,12,0,35,0,0,2,0,2,0,23,14,0,37,8,0,8,45
01/20/2007,ITH,NY,AEA,EN,Federal Contract Tower,0,25,3,0,28,0,0,2,0,2,0,25,5,0,30,0,0,0,30
01/21/2007,ITH,NY,AEA,EN,Federal Contract Tower,0,25,10,0,35,0,0,13,0,13,0,25,23,0,48,101,0,101,149
01/22/2007,ITH,NY,AEA,EN,Federal Contract Tower,0,26,5,0,31,0,0,7,0,7,0,26,12,0,38,24,0,24,62
01/23/2007,ITH,NY,AEA,EN,Federal Contract Tower,0,26,5,0,31,0,0,18,0,18,0,26,23,0,49,54,0,54,103
01/24/2007,ITH,NY,AEA,EN,Federal Contract Tower,0,28,10,0,38,0,0,2,0,2,0,28,12,0,40,53,0,53,93
01/25/2007,ITH,NY,AEA,EN,Federal Contract Tower,0,26,5,0,31,0,0,0,0,0,0,26,5,0,31,0,0,0,31
01/26/2007,ITH,NY,AEA,EN,Federal Contract Tower,0,26,13,0,39,0,0,2,0,2,0,26,15,0,41,22,0,22,63
01/27/2007,ITH,NY,AEA,EN,Federal Contract Tower,0,23,6,0,29,0,0,1,0,1,0,23,7,0,30,6,0,6,36
01/28/2007,ITH,NY,AEA,EN,Federal Contract Tower,0,25,7,0,32,0,0,2,0,2,0,25,9,0,34,0,0,0,34
01/29/2007,ITH,NY,AEA,EN,Federal Contract Tower,0,29,12,0,41,0,0,5,0,5,0,29,17,0,46,3,0,3,49
01/30/2007,ITH,NY,AEA,EN,Federal Contract Tower,0,27,8,0,35,0,0,4,0,4,0,27,12,0,39,16,0,16,55
01/31/2007,ITH,NY,AEA,EN,Federal Contract Tower,0,26,12,0,38,0,0,5,0,5,0,26,17,0,43,88,0,88,131
02/01/2007,ITH,NY,AEA,EN,Federal Contract Tower,0,26,5,0,31,0,0,14,0,14,0,26,19,0,45,92,0,92,137
02/02/2007,ITH,NY,AEA,EN,Federal Contract Tower,0,23,11,0,34,0,0,2,0,2,0,23,13,0,36,16,0,16,52
02/03/2007,ITH,NY,AEA,EN,Federal Contract Tower,0,21,3,0,24,0,4,28,0,32,0,25,31,0,56,52,0,52,108
02/04/2007,ITH,NY,AEA,EN,Federal Contract Tower,0,23,10,0,33,0,0,11,0,11,0,23,21,0,44,72,0,72,116
02/05/2007,ITH,NY,AEA,EN,Federal Contract Tower,0,23,10,0,33,0,0,2,0,2,0,23,12,0,35,44,0,44,79
02/06/2007,ITH,NY,AEA,EN,Federal Contract Tower,0,26,11,0,37,0,0,14,0,14,0,26,25,0,51,94,0,94,145
02/07/2007,ITH,NY,AEA,EN,Federal Contract Tower,0,22,7,0,29,0,0,25,0,25,0,22,32,0,54,66,0,66,120
02/08/2007,ITH,NY,AEA,EN,Federal Contract Tower,0,26,6,0,32,0,0,12,0,12,0,26,18,0,44,66,0,66,110
02/09/2007,ITH,NY,AEA,EN,Federal Contract Tower,0,30,13,0,43,0,0,0,0,0,0,30,13,0,43,0,0,0,43
02/10/2007,ITH,NY,AEA,EN,Federal Contract Tower,0,21,3,0,24,0,0,9,0,9,0,21,12,0,33,58,0,58,91
02/11/2007,ITH,NY,AEA,EN,Federal Contract Tower,0,28,7,0,35,0,0,35,0,35,0,28,42,0,70,74,0,74,144
02/12/2007,ITH,NY,AEA,EN,Federal Contract Tower,0,28,10,0,38,0,0,2,0,2,0,28,12,0,40,48,0,48,88
02/13/2007,ITH,NY,AEA,EN,Federal Contract Tower,0,21,7,0,28,0,0,10,0,10,0,21,17,0,38,84,0,84,122
02/14/2007,ITH,NY,AEA,EN,Federal Contract Tower,0,0,1,0,1,0,0,0,0,0,0,0,1,0,1,0,0,0,1
02/15/2007,ITH,NY,AEA,EN,Federal Contract Tower,0,16,7,0,23,0,0,0,0,0,0,16,7,0,23,0,0,0,23
02/16/2007,ITH,NY,AEA,EN,Federal Contract Tower,0,29,11,0,40,0,0,3,0,3,0,29,14,0,43,6,0,6,49
02/17/2007,ITH,NY,AEA,EN,Federal Contract Tower,0,23,7,0,30,0,0,25,0,25,0,23,32,0,55,56,0,56,111
02/18/2007,ITH,NY,AEA,EN,Federal Contract Tower,0,21,1,0,22,0,0,0,0,0,0,21,1,0,22,0,0,0,22
02/19/2007,ITH,NY,AEA,EN,Federal Contract Tower,0,30,16,0,46,0,0,16,0,16,0,30,32,0,62,98,0,98,160
02/20/2007,ITH,NY,AEA,EN,Federal Contract Tower,0,25,13,0,38,0,0,10,0,10,0,25,23,0,48,64,0,64,112
02/21/2007,ITH,NY,AEA,EN,Federal Contract Tower,0,27,11,0,38,0,0,15,0,15,0,27,26,0,53,80,0,80,133
02/22/2007,ITH,NY,AEA,EN,Federal Contract Tower,0,28,1,0,29,0,0,9,0,9,0,28,10,0,38,54,0,54,92
02/23/2007,ITH,NY,AEA,EN,Federal Contract Tower,0,27,10,0,37,0,0,2,0,2,0,27,12,0,39,0,0,0,39
02/24/2007,ITH,NY,AEA,EN,Federal Contract Tower,0,22,15,0,37,0,0,0,0,0,0,22,15,0,37,0,0,0,37
02/25/2007,ITH,NY,AEA,EN,Federal Contract Tower,0,23,10,0,33,0,0,9,0,9,0,23,19,0,42,90,0,90,132
02/26/2007,ITH,NY,AEA,EN,Federal Contract Tower,0,24,10,0,34,0,0,0,0,0,0,24,10,0,34,0,0,0,34
02/27/2007,ITH,NY,AEA,EN,Federal Contract Tower,0,29,9,0,38,0,0,0,0,0,0,29,9,0,38,0,0,0,38
02/28/2007,ITH,NY,AEA,EN,Federal Contract Tower,0,31,11,0,42,0,0,20,12,32,0,31,31,12,74,150,12,162,236
03/01/2007,ITH,NY,AEA,EN,Federal Contract Tower,0,30,7,0,37,0,0,23,0,23,0,30,30,0,60,118,0,118,178
03/02/2007,ITH,NY,AEA,EN,Federal Contract Tower,0,20,12,0,32,0,0,10,0,10,0,20,22,0,42,28,0,28,70
03/03/2007,ITH,NY,AEA,EN,Federal Contract Tower,0,27,6,0,33,0,0,13,0,13,0,27,19,0,46,94,0,94,140
03/04/2007,ITH,NY,AEA,EN,Federal Contract Tower,0,23,12,0,35,0,0,0,0,0,0,23,12,0,35,0,0,0,35
03/05/2007,ITH,NY,AEA,EN,Federal Contract Tower,0,29,12,0,41,0,0,0,0,0,0,29,12,0,41,0,0,0,41
03/06/2007,ITH,NY,AEA,EN,Federal Contract Tower,0,21,12,0,33,0,0,0,0,0,0,21,12,0,33,0,0,0,33
03/07/2007,ITH,NY,AEA,EN,Federal Contract Tower,0,25,12,0,37,0,0,12,0,12,0,25,24,0,49,114,0,114,163
03/08/2007,ITH,NY,AEA,EN,Federal Contract Tower,0,29,13,0,42,0,0,8,0,8,0,29,21,0,50,4,0,4,54
03/09/2007,ITH,NY,AEA,EN,Federal Contract Tower,0,41,29,0,70,0,0,21,0,21,0,41,50,0,91,10,0,10,101
03/10/2007,ITH,NY,AEA,EN,Federal Contract Tower,0,18,9,0,27,0,0,0,0,0,0,18,9,0,27,20,0,20,47
03/11/2007,ITH,NY,AEA,EN,Federal Contract Tower,0,23,18,0,41,0,2,15,0,17,0,25,33,0,58,68,0,68,126
03/12/2007,ITH,NY,AEA,EN,Federal Contract Tower,0,28,8,0,36,0,0,33,0,33,0,28,41,0,69,135,0,135,204
03/13/2007,ITH,NY,AEA,EN,Federal Contract Tower,0,24,9,0,33,0,0,36,0,36,0,24,45,0,69,126,0,126,195
03/14/2007,ITH,NY,AEA,EN,Federal Contract Tower,0,28,17,0,45,0,0,5,0,5,0,28,22,0,50,68,0,68,118
03/15/2007,ITH,NY,AEA,EN,Federal Contract Tower,0,25,6,0,31,0,0,6,0,6,0,25,12,0,37,8,0,8,45
03/16/2007,ITH,NY,AEA,EN,Federal Contract Tower,0,13,10,0,23,0,0,0,0,0,0,13,10,0,23,0,0,0,23
03/17/2007,ITH,NY,AEA,EN,Federal Contract Tower,0,6,7,0,13,0,0,0,0,0,0,6,7,0,13,0,0,0,13
03/18/2007,ITH,NY,AEA,EN,Federal Contract Tower,0,14,9,0,23,0,0,5,0,5,0,14,14,0,28,1,0,1,29
03/19/2007,ITH,NY,AEA,EN,Federal Contract Tower,0,23,13,0,36,0,0,2,2,4,0,23,15,2,40,2,2,4,44
03/20/2007,ITH,NY,AEA,EN,Federal Contract Tower,0,26,7,0,33,0,0,9,0,9,0,26,16,0,42,42,0,42,84
03/21/2007,ITH,NY,AEA,EN,Federal Contract Tower,0,26,7,0,33,0,1,26,2,29,0,27,33,2,62,98,0,98,160
03/22/2007,ITH,NY,AEA,EN,Federal Contract Tower,0,24,7,0,31,0,0,6,0,6,0,24,13,0,37,46,0,46,83
03/23/2007,ITH,NY,AEA,EN,Federal Contract Tower,0,26,13,0,39,0,0,18,0,18,0,26,31,0,57,122,0,122,179
03/24/2007,ITH,NY,AEA,EN,Federal Contract Tower,0,19,8,0,27,0,0,19,0,19,0,19,27,0,46,38,0,38,84
03/25/2007,ITH,NY,AEA,EN,Federal Contract Tower,0,20,16,0,36,0,0,9,0,9,0,20,25,0,45,78,0,78,123
03/26/2007,ITH,NY,AEA,EN,Federal Contract Tower,0,30,17,0,47,0,4,19,0,23,0,34,36,0,70,110,0,110,180
03/27/2007,ITH,NY,AEA,EN,Federal Contract Tower,0,22,16,0,38,0,4,5,0,9,0,26,21,0,47,66,0,66,113
03/28/2007,ITH,NY,AEA,EN,Federal Contract Tower,0,32,6,0,38,0,3,33,0,36,0,35,39,0,74,116,0,116,190
03/29/2007,ITH,NY,AEA,EN,Federal Contract Tower,0,32,8,0,40,0,0,26,0,26,0,32,34,0,66,144,0,144,210
03/30/2007,ITH,NY,AEA,EN,Federal Contract Tower,0,22,13,0,35,0,5,35,0,40,0,27,48,0,75,58,0,58,133
03/31/2007,ITH,NY,AEA,EN,Federal Contract Tower,0,27,24,0,51,0,2,34,0,36,0,29,58,0,87,137,0,137,224
04/01/2007,ITH,NY,AEA,EN,Federal Contract Tower,0,23,8,0,31,0,0,10,0,10,0,23,18,0,41,42,0,42,83
04/02/2007,ITH,NY,AEA,EN,Federal Contract Tower,0,25,28,0,53,0,0,12,0,12,0,25,40,0,65,94,0,94,159
04/03/2007,ITH,NY,AEA,EN,Federal Contract Tower,0,30,12,0,42,0,2,28,3,33,0,32,40,3,75,154,0,154,229
04/04/2007,ITH,NY,AEA,EN,Federal Contract Tower,0,26,8,0,34,0,0,1,0,1,0,26,9,0,35,0,0,0,35
04/05/2007,ITH,NY,AEA,EN,Federal Contract Tower,0,31,5,0,36,0,0,4,0,4,0,31,9,0,40,86,0,86,126
04/06/2007,ITH,NY,AEA,EN,Federal Contract Tower,0,23,20,0,43,0,0,8,0,8,0,23,28,0,51,20,0,20,71
04/07/2007,ITH,NY,AEA,EN,Federal Contract Tower,0,22,5,0,27,0,0,4,0,4,0,22,9,0,31,28,0,28,59
04/08/2007,ITH,NY,AEA,EN,Federal Contract Tower,0,20,9,0,29,0,0,12,0,12,0,20,21,0,41,36,0,36,77
04/09/2007,ITH,NY,AEA,EN,Federal Contract Tower,0,28,10,0,38,0,2,8,0,10,0,30,18,0,48,36,0,36,84
04/10/2007,ITH,NY,AEA,EN,Federal Contract Tower,0,26,11,0,37,0,0,22,0,22,0,26,33,0,59,122,0,122,181
04/11/2007,ITH,NY,AEA,EN,Federal Contract Tower,0,27,2,0,29,0,3,28,4,35,0,30,30,4,64,94,0,94,158
04/12/2007,ITH,NY,AEA,EN,Federal Contract Tower,0,33,16,0,49,0,0,0,0,0,0,33,16,0,49,0,0,0,49
04/13/2007,ITH,NY,AEA,EN,Federal Contract Tower,0,35,15,0,50,0,0,0,0,0,0,35,15,0,50,10,0,10,60
04/14/2007,ITH,NY,AEA,EN,Federal Contract Tower,0,29,29,0,58,0,31,51,8,90,0,60,80,8,148,108,0,108,256
04/15/2007,ITH,NY,AEA,EN,Federal Contract Tower,0,19,4,0,23,0,0,0,0,0,0,19,4,0,23,0,0,0,23
04/16/2007,ITH,NY,AEA,EN,Federal Contract Tower,0,4,3,0,7,0,0,0,0,0,0,4,3,0,7,0,0,0,7
04/17/2007,ITH,NY,AEA,EN,Federal Contract Tower,0,16,8,0,24,0,0,0,0,0,0,16,8,0,24,0,0,0,24
04/18/2007,ITH,NY,AEA,EN,Federal Contract Tower,0,28,12,0,40,0,0,4,0,4,0,28,16,0,44,26,0,26,70
04/19/2007,ITH,NY,AEA,EN,Federal Contract Tower,0,32,9,0,41,0,0,34,0,34,0,32,43,0,75,100,0,100,175
04/20/2007,ITH,NY,AEA,EN,Federal Contract Tower,0,36,22,0,58,0,1,51,0,52,0,37,73,0,110,134,0,134,244
04/21/2007,ITH,NY,AEA,EN,Federal Contract Tower,0,25,26,0,51,0,1,53,0,54,0,26,79,0,105,100,0,100,205
04/22/2007,ITH,NY,AEA,EN,Federal Contract Tower,0,23,13,5,41,0,4,43,0,47,0,27,56,5,88,146,14,160,248
04/23/2007,ITH,NY,AEA,EN,Federal Contract Tower,0,29,19,0,48,0,0,9,0,9,0,29,28,0,57,12,0,12,69
04/24/2007,ITH,NY,AEA,EN,Federal Contract Tower,0,28,13,0,41,0,0,47,0,47,0,28,60,0,88,174,0,174,262
04/25/2007,ITH,NY,AEA,EN,Federal Contract Tower,0,27,23,1,51,0,0,10,0,10,0,27,33,1,61,34,0,34,95
04/26/2007,ITH,NY,AEA,EN,Federal Contract Tower,0,37,24,0,61,0,1,39,0,40,0,38,63,0,101,64,0,64,165
04/27/2007,ITH,NY,AEA,EN,Federal Contract Tower,0,28,19,0,47,0,0,6,0,6,0,28,25,0,53,84,0,84,137
04/28/2007,ITH,NY,AEA,EN,Federal Contract Tower,0,31,7,0,38,0,1,3,0,4,0,32,10,0,42,30,0,30,72
04/29/2007,ITH,NY,AEA,EN,Federal Contract Tower,0,36,24,0,60,0,2,38,0,40,0,38,62,0,100,113,0,113,213
04/30/2007,ITH,NY,AEA,EN,Federal Contract Tower,0,21,15,1,37,0,2,44,0,46,0,23,59,1,83,114,0,114,197
05/01/2007,ITH,NY,AEA,EN,Federal Contract Tower,0,23,9,1,33,0,0,39,0,39,0,23,48,1,72,135,2,137,209
05/02/2007,ITH,NY,AEA,EN,Federal Contract Tower,0,23,16,0,39,0,0,63,0,63,0,23,79,0,102,152,0,152,254
05/03/2007,ITH,NY,AEA,EN,Federal Contract Tower,0,26,8,0,34,0,0,48,0,48,0,26,56,0,82,106,0,106,188
05/04/2007,ITH,NY,AEA,EN,Federal Contract Tower,0,29,20,0,49,0,0,53,0,53,0,29,73,0,102,84,0,84,186
05/05/2007,ITH,NY,AEA,EN,Federal Contract Tower,0,27,20,0,47,0,1,35,0,36,0,28,55,0,83,106,0,106,189
05/06/2007,ITH,NY,AEA,EN,Federal Contract Tower,0,22,14,0,36,0,0,70,0,70,0,22,84,0,106,123,0,123,229
05/07/2007,ITH,NY,AEA,EN,Federal Contract Tower,0,26,19,0,45,0,0,70,0,70,0,26,89,0,115,137,0,137,252
05/08/2007,ITH,NY,AEA,EN,Federal Contract Tower,0,31,11,2,44,0,1,58,1,60,0,32,69,3,104,119,0,119,223
05/09/2007,ITH,NY,AEA,EN,Federal Contract Tower,0,26,13,0,39,0,0,26,0,26,0,26,39,0,65,148,0,148,213
05/10/2007,ITH,NY,AEA,EN,Federal Contract Tower,0,22,13,0,35,0,0,8,0,8,0,22,21,0,43,44,0,44,87
05/11/2007,ITH,NY,AEA,EN,Federal Contract Tower,0,28,19,0,47,0,0,39,0,39,0,28,58,0,86,158,0,158,244
05/12/2007,ITH,NY,AEA,EN,Federal Contract Tower,0,25,12,0,37,0,2,59,0,61,0,27,71,0,98,177,0,177,275
05/13/2007,ITH,NY,AEA,EN,Federal Contract Tower,0,27,15,0,42,0,0,42,0,42,0,27,57,0,84,86,0,86,170
05/14/2007,ITH,NY,AEA,EN,Federal Contract Tower,0,27,14,0,41,0,0,47,0,47,0,27,61,0,88,160,0,160,248
05/15/2007,ITH,NY,AEA,EN,Federal Contract Tower,0,26,14,0,40,0,2,33,0,35,0,28,47,0,75,74,0,74,149
05/16/2007,ITH,NY,AEA,EN,Federal Contract Tower,0,19,14,0,33,0,0,4,0,4,0,19,18,0,37,12,0,12,49
05/17/2007,ITH,NY,AEA,EN,Federal Contract Tower,0,26,19,0,45,0,4,13,0,17,0,30,32,0,62,64,0,64,126
05/18/2007,ITH,NY,AEA,EN,Federal Contract Tower,0,31,16,0,47,0,0,20,0,20,0,31,36,0,67,110,0,110,177
05/19/2007,ITH,NY,AEA,EN,Federal Contract Tower,0,30,13,0,43,0,0,32,0,32,0,30,45,0,75,120,0,120,195
05/20/2007,ITH,NY,AEA,EN,Federal Contract Tower,0,24,23,0,47,0,0,2,0,2,0,24,25,0,49,28,0,28,77
05/21/2007,ITH,NY,AEA,EN,Federal Contract Tower,0,28,15,0,43,0,0,43,0,43,0,28,58,0,86,148,0,148,234
05/22/2007,ITH,NY,AEA,EN,Federal Contract Tower,0,26,20,0,46,0,0,55,0,55,0,26,75,0,101,168,0,168,269
05/23/2007,ITH,NY,AEA,EN,Federal Contract Tower,0,25,20,0,45,0,0,30,0,30,0,25,50,0,75,118,0,118,193
05/24/2007,ITH,NY,AEA,EN,Federal Contract Tower,0,39,20,0,59,0,0,36,0,36,0,39,56,0,95,138,0,138,233
05/25/2007,ITH,NY,AEA,EN,Federal Contract Tower,0,25,30,0,55,0,3,24,0,27,0,28,54,0,82,132,0,132,214
05/26/2007,ITH,NY,AEA,EN,Federal Contract Tower,0,26,11,0,37,0,0,39,0,39,0,26,50,0,76,120,0,120,196
05/27/2007,ITH,NY,AEA,EN,Federal Contract Tower,0,31,16,0,47,0,0,7,0,7,0,31,23,0,54,48,0,48,102
05/28/2007,ITH,NY,AEA,EN,Federal Contract Tower,0,27,9,0,36,0,0,34,0,34,0,27,43,0,70,142,0,142,212
05/29/2007,ITH,NY,AEA,EN,Federal Contract Tower,0,33,10,0,43,0,0,76,0,76,0,33,86,0,119,188,6,194,313
05/30/2007,ITH,NY,AEA,EN,Federal Contract Tower,0,25,14,0,39,0,2,69,0,71,0,27,83,0,110,109,0,109,219
05/31/2007,ITH,NY,AEA,EN,Federal Contract Tower,0,28,19,0,47,0,0,13,0,13,0,28,32,0,60,90,0,90,150
06/01/2007,ITH,NY,AEA,EN,Federal Contract Tower,0,21,12,0,33,0,5,28,0,33,0,26,40,0,66,162,0,162,228
06/02/2007,ITH,NY,AEA,EN,Federal Contract Tower,0,26,11,0,37,0,0,18,0,18,0,26,29,0,55,126,0,126,181
06/03/2007,ITH,NY,AEA,EN,Federal Contract Tower,0,24,9,0,33,0,0,6,0,6,0,24,15,0,39,24,0,24,63
06/04/2007,ITH,NY,AEA,EN,Federal Contract Tower,0,22,16,0,38,0,0,11,0,11,0,22,27,0,49,74,0,74,123
06/05/2007,ITH,NY,AEA,EN,Federal Contract Tower,0,28,7,0,35,0,0,12,0,12,0,28,19,0,47,0,0,0,47
06/06/2007,ITH,NY,AEA,EN,Federal Contract Tower,0,25,10,0,35,0,3,25,0,28,0,28,35,0,63,70,0,70,133
06/07/2007,ITH,NY,AEA,EN,Federal Contract Tower,0,29,13,0,42,0,2,18,0,20,0,31,31,0,62,130,0,130,192
06/08/2007,ITH,NY,AEA,EN,Federal Contract Tower,0,35,30,0,65,0,0,18,0,18,0,35,48,0,83,78,0,78,161
06/09/2007,ITH,NY,AEA,EN,Federal Contract Tower,0,29,23,0,52,0,0,36,0,36,0,29,59,0,88,156,0,156,244
06/10/2007,ITH,NY,AEA,EN,Federal Contract Tower,0,24,25,0,49,0,0,69,0,69,0,24,94,0,118,128,0,128,246
06/11/2007,ITH,NY,AEA,EN,Federal Contract Tower,0,26,14,1,41,0,2,44,0,46,0,28,58,1,87,126,1,127,214
06/12/2007,ITH,NY,AEA,EN,Federal Contract Tower,0,24,10,0,34,0,0,50,2,52,0,24,60,2,86,124,0,124,210
06/13/2007,ITH,NY,AEA,EN,Federal Contract Tower,0,26,14,2,42,0,0,20,0,20,0,26,34,2,62,58,0,58,120
06/14/2007,ITH,NY,AEA,EN,Federal Contract Tower,0,24,11,2,37,0,2,22,2,26,0,26,33,4,63,24,0,24,87
06/15/2007,ITH,NY,AEA,EN,Federal Contract Tower,0,21,19,0,40,0,1,47,0,48,0,22,66,0,88,106,0,106,194
06/16/2007,ITH,NY,AEA,EN,Federal Contract Tower,0,18,11,0,29,0,0,63,0,63,0,18,74,0,92,96,0,96,188
06/17/2007,ITH,NY,AEA,EN,Federal Contract Tower,0,19,10,0,29,0,1,104,0,105,0,20,114,0,134,160,0,160,294
06/18/2007,ITH,NY,AEA,EN,Federal Contract Tower,0,24,14,0,38,0,0,46,0,46,0,24,60,0,84,104,0,104,188
06/19/2007,ITH,NY,AEA,EN,Federal Contract Tower,0,27,4,0,31,0,0,19,0,19,0,27,23,0,50,36,0,36,86
06/20/2007,ITH,NY,AEA,EN,Federal Contract Tower,0,22,13,0,35,0,0,26,0,26,0,22,39,0,61,90,0,90,151
06/21/2007,ITH,NY,AEA,EN,Federal Contract Tower,0,25,15,0,40,0,3,35,0,38,0,28,50,0,78,48,0,48,126
06/22/2007,ITH,NY,AEA,EN,Federal Contract Tower,0,21,12,0,33,0,0,41,0,41,0,21,53,0,74,88,0,88,162
06/23/2007,ITH,NY,AEA,EN,Federal Contract Tower,0,21,12,0,33,0,0,53,0,53,0,21,65,0,86,145,0,145,231
06/24/2007,ITH,NY,AEA,EN,Federal Contract Tower,0,15,10,0,25,0,0,64,2,66,0,15,74,2,91,126,0,126,217
06/25/2007,ITH,NY,AEA,EN,Federal Contract Tower,0,20,11,0,31,0,0,32,0,32,0,20,43,0,63,137,0,137,200
06/26/2007,ITH,NY,AEA,EN,Federal Contract Tower,0,23,9,0,32,0,0,58,0,58,0,23,67,0,90,132,0,132,222
06/27/2007,ITH,NY,AEA,EN,Federal Contract Tower,0,19,18,0,37,0,0,13,0,13,0,19,31,0,50,38,0,38,88
06/28/2007,ITH,NY,AEA,EN,Federal Contract Tower,0,18,18,3,39,0,0,6,9,15,0,18,24,12,54,24,2,26,80
06/29/2007,ITH,NY,AEA,EN,Federal Contract Tower,0,28,13,0,41,0,4,67,0,71,0,32,80,0,112,96,0,96,208
06/30/2007,ITH,NY,AEA,EN,Federal Contract Tower,0,25,7,0,32,0,1,56,0,57,0,26,63,0,89,80,0,80,169
07/01/2007,ITH,NY,AEA,EN,Federal Contract Tower,0,17,19,0,36,0,0,49,2,51,0,17,68,2,87,126,0,126,213
07/02/2007,ITH,NY,AEA,EN,Federal Contract Tower,0,23,14,0,37,0,2,44,0,46,0,25,58,0,83,172,0,172,255
07/03/2007,ITH,NY,AEA,EN,Federal Contract Tower,0,21,6,0,27,0,1,39,0,40,0,22,45,0,67,130,0,130,197
07/04/2007,ITH,NY,AEA,EN,Federal Contract Tower,0,17,6,0,23,0,0,4,0,4,0,17,10,0,27,0,0,0,27
07/05/2007,ITH,NY,AEA,EN,Federal Contract Tower,0,22,2,0,24,0,0,14,0,14,0,22,16,0,38,26,0,26,64
07/06/2007,ITH,NY,AEA,EN,Federal Contract Tower,0,19,8,0,27,0,4,24,0,28,0,23,32,0,55,54,0,54,109
07/07/2007,ITH,NY,AEA,EN,Federal Contract Tower,0,19,20,0,39,0,0,36,0,36,0,19,56,0,75,70,0,70,145
07/08/2007,ITH,NY,AEA,EN,Federal Contract Tower,0,21,13,0,34,0,0,42,0,42,0,21,55,0,76,78,0,78,154
07/09/2007,ITH,NY,AEA,EN,Federal Contract Tower,0,25,20,0,45,0,0,24,0,24,0,25,44,0,69,80,0,80,149
07/10/2007,ITH,NY,AEA,EN,Federal Contract Tower,0,20,14,0,34,0,0,20,0,20,0,20,34,0,54,28,0,28,82
07/11/2007,ITH,NY,AEA,EN,Federal Contract Tower,0,12,10,0,22,0,0,0,0,0,0,12,10,0,22,12,0,12,34
07/12/2007,ITH,NY,AEA,EN,Federal Contract Tower,0,20,12,0,32,0,2,28,0,30,0,22,40,0,62,80,0,80,142
07/13/2007,ITH,NY,AEA,EN,Federal Contract Tower,0,19,34,0,53,0,3,21,0,24,0,22,55,0,77,88,0,88,165
07/14/2007,ITH,NY,AEA,EN,Federal Contract Tower,0,26,14,0,40,0,0,41,0,41,0,26,55,0,81,60,0,60,141
07/15/2007,ITH,NY,AEA,EN,Federal Contract Tower,0,20,16,0,36,0,0,18,0,18,0,20,34,0,54,12,0,12,66
07/16/2007,ITH,NY,AEA,EN,Federal Contract Tower,0,21,15,0,36,0,0,45,0,45,0,21,60,0,81,173,0,173,254
07/17/2007,ITH,NY,AEA,EN,Federal Contract Tower,0,22,9,0,31,0,0,54,0,54,0,22,63,0,85,181,0,181,266
07/18/2007,ITH,NY,AEA,EN,Federal Contract Tower,0,24,13,0,37,0,0,5,0,5,0,24,18,0,42,58,0,58,100
07/19/2007,ITH,NY,AEA,EN,Federal Contract Tower,0,22,16,0,38,0,0,6,0,6,0,22,22,0,44,0,0,0,44
07/20/2007,ITH,NY,AEA,EN,Federal Contract Tower,0,24,17,2,43,0,0,13,1,14,0,24,30,3,57,14,8,22,79
07/21/2007,ITH,NY,AEA,EN,Federal Contract Tower,0,21,9,0,30,0,2,80,0,82,0,23,89,0,112,90,0,90,202
07/22/2007,ITH,NY,AEA,EN,Federal Contract Tower,0,16,14,0,30,0,0,48,0,48,0,16,62,0,78,104,0,104,182
07/23/2007,ITH,NY,AEA,EN,Federal Contract Tower,0,20,23,0,43,0,0,35,0,35,0,20,58,0,78,66,0,66,144
07/24/2007,ITH,NY,AEA,EN,Federal Contract Tower,0,22,10,0,32,0,3,27,0,30,0,25,37,0,62,92,0,92,154
07/25/2007,ITH,NY,AEA,EN,Federal Contract Tower,0,24,18,0,42,0,0,26,0,26,0,24,44,0,68,98,0,98,166
07/26/2007,ITH,NY,AEA,EN,Federal Contract Tower,0,24,16,0,40,0,0,21,0,21,0,24,37,0,61,46,0,46,107
07/27/2007,ITH,NY,AEA,EN,Federal Contract Tower,0,23,13,0,36,0,0,6,0,6,0,23,19,0,42,40,0,40,82
07/28/2007,ITH,NY,AEA,EN,Federal Contract Tower,0,22,18,0,40,0,0,32,0,32,0,22,50,0,72,86,0,86,158
07/29/2007,ITH,NY,AEA,EN,Federal Contract Tower,0,19,14,0,33,0,0,27,0,27,0,19,41,0,60,32,0,32,92
07/30/2007,ITH,NY,AEA,EN,Federal Contract Tower,0,19,13,0,32,0,0,50,0,50,0,19,63,0,82,160,0,160,242
07/31/2007,ITH,NY,AEA,EN,Federal Contract Tower,0,24,11,0,35,0,0,46,0,46,0,24,57,0,81,122,0,122,203
08/01/2007,ITH,NY,AEA,EN,Federal Contract Tower,0,25,22,0,47,0,0,31,0,31,0,25,53,0,78,104,0,104,182
08/02/2007,ITH,NY,AEA,EN,Federal Contract Tower,0,22,14,0,36,0,2,21,0,23,0,24,35,0,59,66,0,66,125
08/03/2007,ITH,NY,AEA,EN,Federal Contract Tower,0,23,19,0,42,0,0,11,0,11,0,23,30,0,53,42,0,42,95
08/04/2007,ITH,NY,AEA,EN,Federal Contract Tower,0,18,10,0,28,0,1,58,0,59,0,19,68,0,87,73,0,73,160
08/05/2007,ITH,NY,AEA,EN,Federal Contract Tower,0,24,5,0,29,0,0,55,0,55,0,24,60,0,84,168,0,168,252
08/06/2007,ITH,NY,AEA,EN,Federal Contract Tower,0,27,13,0,40,0,0,11,0,11,0,27,24,0,51,62,0,62,113
08/07/2007,ITH,NY,AEA,EN,Federal Contract Tower,0,25,13,0,38,0,0,32,0,32,0,25,45,0,70,114,0,114,184
08/08/2007,ITH,NY,AEA,EN,Federal Contract Tower,0,22,7,0,29,0,0,11,0,11,0,22,18,0,40,122,0,122,162
08/09/2007,ITH,NY,AEA,EN,Federal Contract Tower,0,25,19,0,44,0,0,29,0,29,0,25,48,0,73,86,0,86,159
08/10/2007,ITH,NY,AEA,EN,Federal Contract Tower,0,22,18,0,40,0,0,4,0,4,0,22,22,0,44,0,0,0,44
08/11/2007,ITH,NY,AEA,EN,Federal Contract Tower,0,25,24,0,49,0,5,73,0,78,0,30,97,0,127,174,0,174,301
08/12/2007,ITH,NY,AEA,EN,Federal Contract Tower,0,15,32,0,47,0,3,50,0,53,0,18,82,0,100,66,0,66,166
08/13/2007,ITH,NY,AEA,EN,Federal Contract Tower,0,19,21,0,40,0,0,31,0,31,0,19,52,0,71,158,0,158,229
08/14/2007,ITH,NY,AEA,EN,Federal Contract Tower,0,24,11,0,35,0,0,77,0,77,0,24,88,0,112,150,0,150,262
08/15/2007,ITH,NY,AEA,EN,Federal Contract Tower,0,21,13,4,38,0,0,15,0,15,0,21,28,4,53,58,0,58,111
08/16/2007,ITH,NY,AEA,EN,Federal Contract Tower,0,19,12,0,31,0,0,18,3,21,0,19,30,3,52,50,10,60,112
08/17/2007,ITH,NY,AEA,EN,Federal Contract Tower,0,24,4,0,28,0,2,617,0,619,0,26,621,0,647,106,0,106,753
08/18/2007,ITH,NY,AEA,EN,Federal Contract Tower,0,25,10,0,35,0,0,38,0,38,0,25,48,0,73,120,0,120,193
08/19/2007,ITH,NY,AEA,EN,Federal Contract Tower,0,21,13,0,34,0,0,62,0,62,0,21,75,0,96,62,0,62,158
08/20/2007,ITH,NY,AEA,EN,Federal Contract Tower,0,20,13,0,33,0,1,28,0,29,0,21,41,0,62,68,0,68,130
08/21/2007,ITH,NY,AEA,EN,Federal Contract Tower,0,27,21,0,48,0,0,4,0,4,0,27,25,0,52,0,0,0,52
08/22/2007,ITH,NY,AEA,EN,Federal Contract Tower,0,26,7,0,33,0,0,5,0,5,0,26,12,0,38,68,0,68,106
08/23/2007,ITH,NY,AEA,EN,Federal Contract Tower,0,28,14,0,42,0,0,9,0,9,0,28,23,0,51,0,0,0,51
08/24/2007,ITH,NY,AEA,EN,Federal Contract Tower,0,31,16,0,47,0,0,10,0,10,0,31,26,0,57,6,0,6,63
08/25/2007,ITH,NY,AEA,EN,Federal Contract Tower,0,28,9,0,37,0,1,12,0,13,0,29,21,0,50,18,0,18,68
08/26/2007,ITH,NY,AEA,EN,Federal Contract Tower,0,15,19,0,34,0,0,27,0,27,0,15,46,0,61,76,0,76,137
08/27/2007,ITH,NY,AEA,EN,Federal Contract Tower,0,30,19,0,49,0,0,12,0,12,0,30,31,0,61,76,0,76,137
08/28/2007,ITH,NY,AEA,EN,Federal Contract Tower,0,23,10,0,33,0,1,43,0,44,0,24,53,0,77,128,0,128,205
08/29/2007,ITH,NY,AEA,EN,Federal Contract Tower,0,19,10,0,29,0,0,58,0,58,0,19,68,0,87,122,0,122,209
08/30/2007,ITH,NY,AEA,EN,Federal Contract Tower,0,26,20,0,46,0,0,3,0,3,0,26,23,0,49,2,0,2,51
08/31/2007,ITH,NY,AEA,EN,Federal Contract Tower,0,23,15,0,38,0,2,35,0,37,0,25,50,0,75,148,0,148,223
09/01/2007,ITH,NY,AEA,EN,Federal Contract Tower,0,27,3,0,30,0,2,58,0,60,0,29,61,0,90,108,0,108,198
09/02/2007,ITH,NY,AEA,EN,Federal Contract Tower,0,14,8,2,24,0,0,54,0,54,0,14,62,2,78,118,0,118,196
09/03/2007,ITH,NY,AEA,EN,Federal Contract Tower,0,26,7,0,33,0,4,49,0,53,0,30,56,0,86,123,0,123,209
09/04/2007,ITH,NY,AEA,EN,Federal Contract Tower,0,24,17,0,41,0,0,47,0,47,0,24,64,0,88,96,0,96,184
09/05/2007,ITH,NY,AEA,EN,Federal Contract Tower,0,25,17,0,42,0,2,23,0,25,0,27,40,0,67,86,0,86,153
09/06/2007,ITH,NY,AEA,EN,Federal Contract Tower,0,28,16,0,44,0,4,15,0,19,0,32,31,0,63,24,0,24,87
09/07/2007,ITH,NY,AEA,EN,Federal Contract Tower,0,28,19,0,47,0,0,39,0,39,0,28,58,0,86,78,0,78,164
09/08/2007,ITH,NY,AEA,EN,Federal Contract Tower,0,25,8,0,33,0,0,17,0,17,0,25,25,0,50,39,0,39,89
09/09/2007,ITH,NY,AEA,EN,Federal Contract Tower,0,27,11,0,38,0,0,0,0,0,0,27,11,0,38,0,0,0,38
09/10/2007,ITH,NY,AEA,EN,Federal Contract Tower,0,39,25,0,64,0,0,16,0,16,0,39,41,0,80,14,0,14,94
09/11/2007,ITH,NY,AEA,EN,Federal Contract Tower,0,25,16,0,41,0,0,22,0,22,0,25,38,0,63,42,0,42,105
09/12/2007,ITH,NY,AEA,EN,Federal Contract Tower,0,27,11,0,38,0,0,23,0,23,0,27,34,0,61,72,0,72,133
09/13/2007,ITH,NY,AEA,EN,Federal Contract Tower,0,28,17,1,46,0,0,43,0,43,0,28,60,1,89,60,14,74,163
09/14/2007,ITH,NY,AEA,EN,Federal Contract Tower,0,36,27,0,63,0,0,3,0,3,0,36,30,0,66,52,0,52,118
09/15/2007,ITH,NY,AEA,EN,Federal Contract Tower,0,20,7,0,27,0,0,26,0,26,0,20,33,0,53,60,0,60,113
09/16/2007,ITH,NY,AEA,EN,Federal Contract Tower,0,31,28,0,59,0,2,74,0,76,0,33,102,0,135,146,0,146,281
09/17/2007,ITH,NY,AEA,EN,Federal Contract Tower,0,29,13,0,42,0,2,63,0,65,0,31,76,0,107,134,0,134,241
09/18/2007,ITH,NY,AEA,EN,Federal Contract Tower,0,23,9,0,32,0,1,44,0,45,0,24,53,0,77,128,0,128,205
09/19/2007,ITH,NY,AEA,EN,Federal Contract Tower,0,33,18,0,51,0,0,30,0,30,0,33,48,0,81,46,0,46,127
09/20/2007,ITH,NY,AEA,EN,Federal Contract Tower,0,33,20,0,53,0,0,18,0,18,0,33,38,0,71,50,0,50,121
09/21/2007,ITH,NY,AEA,EN,Federal Contract Tower,0,31,24,0,55,0,2,43,0,45,0,33,67,0,100,52,0,52,152
09/22/2007,ITH,NY,AEA,EN,Federal Contract Tower,0,24,11,0,35,0,0,42,0,42,0,24,53,0,77,55,0,55,132
09/23/2007,ITH,NY,AEA,EN,Federal Contract Tower,0,26,8,0,34,0,1,123,0,124,0,27,131,0,158,186,0,186,344
09/24/2007,ITH,NY,AEA,EN,Federal Contract Tower,0,26,17,0,43,0,0,31,0,31,0,26,48,0,74,124,0,124,198
09/25/2007,ITH,NY,AEA,EN,Federal Contract Tower,0,28,9,0,37,0,0,50,0,50,0,28,59,0,87,130,0,130,217
09/26/2007,ITH,NY,AEA,EN,Federal Contract Tower,0,32,5,0,37,0,0,13,0,13,0,32,18,0,50,42,0,42,92
09/27/2007,ITH,NY,AEA,EN,Federal Contract Tower,0,26,19,0,45,0,0,3,0,3,0,26,22,0,48,28,0,28,76
09/28/2007,ITH,NY,AEA,EN,Federal Contract Tower,0,30,0,0,30,0,2,15,0,17,0,32,15,0,47,22,0,22,69
09/29/2007,ITH,NY,AEA,EN,Federal Contract Tower,0,24,9,0,33,0,4,36,0,40,0,28,45,0,73,62,0,62,135
09/30/2007,ITH,NY,AEA,EN,Federal Contract Tower,0,24,13,0,37,0,0,53,0,53,0,24,66,0,90,134,0,134,224
10/01/2007,ITH,NY,AEA,EN,Federal Contract Tower,0,31,18,0,49,0,0,34,0,34,0,31,52,0,83,64,0,64,147
10/02/2007,ITH,NY,AEA,EN,Federal Contract Tower,0,22,21,0,43,0,0,21,0,21,0,22,42,0,64,68,0,68,132
10/03/2007,ITH,NY,AEA,EN,Federal Contract Tower,0,22,11,0,33,0,2,19,0,21,0,24,30,0,54,56,0,56,110
10/04/2007,ITH,NY,AEA,EN,Federal Contract Tower,0,30,8,0,38,0,3,16,0,19,0,33,24,0,57,76,0,76,133
10/05/2007,ITH,NY,AEA,EN,Federal Contract Tower,0,26,16,0,42,0,2,26,0,28,0,28,42,0,70,97,0,97,167
10/06/2007,ITH,NY,AEA,EN,Federal Contract Tower,0,34,11,0,45,0,0,34,0,34,0,34,45,0,79,58,0,58,137
10/07/2007,ITH,NY,AEA,EN,Federal Contract Tower,0,17,30,0,47,0,0,6,0,6,0,17,36,0,53,0,0,0,53
10/08/2007,ITH,NY,AEA,EN,Federal Contract Tower,0,27,21,0,48,0,0,34,0,34,0,27,55,0,82,122,0,122,204
10/09/2007,ITH,NY,AEA,EN,Federal Contract Tower,0,22,12,0,34,0,0,10,0,10,0,22,22,0,44,12,0,12,56
10/10/2007,ITH,NY,AEA,EN,Federal Contract Tower,0,33,21,0,54,0,0,21,0,21,0,33,42,0,75,52,0,52,127
10/11/2007,ITH,NY,AEA,EN,Federal Contract Tower,0,22,22,0,44,0,0,6,0,6,0,22,28,0,50,2,0,2,52
10/12/2007,ITH,NY,AEA,EN,Federal Contract Tower,0,30,16,0,46,0,0,15,0,15,0,30,31,0,61,60,0,60,121
10/13/2007,ITH,NY,AEA,EN,Federal Contract Tower,0,31,20,0,51,0,1,44,0,45,0,32,64,0,96,96,0,96,192
10/14/2007,ITH,NY,AEA,EN,Federal Contract Tower,0,20,16,0,36,0,0,16,0,16,0,20,32,0,52,18,0,18,70
10/15/2007,ITH,NY,AEA,EN,Federal Contract Tower,0,25,17,0,42,0,0,33,0,33,0,25,50,0,75,100,0,100,175
10/16/2007,ITH,NY,AEA,EN,Federal Contract Tower,0,25,21,0,46,0,0,30,0,30,0,25,51,0,76,70,0,70,146
10/17/2007,ITH,NY,AEA,EN,Federal Contract Tower,0,33,21,0,54,0,0,17,0,17,0,33,38,0,71,94,0,94,165
10/18/2007,ITH,NY,AEA,EN,Federal Contract Tower,0,33,31,0,64,0,0,16,0,16,0,33,47,0,80,46,0,46,126
10/19/2007,ITH,NY,AEA,EN,Federal Contract Tower,0,43,25,0,68,0,0,0,0,0,0,43,25,0,68,0,0,0,68
10/20/2007,ITH,NY,AEA,EN,Federal Contract Tower,0,44,27,0,71,0,0,47,0,47,0,44,74,0,118,93,0,93,211
10/21/2007,ITH,NY,AEA,EN,Federal Contract Tower,0,23,21,0,44,0,2,93,0,95,0,25,114,0,139,120,0,120,259
10/22/2007,ITH,NY,AEA,EN,Federal Contract Tower,0,27,16,1,44,0,0,50,1,51,0,27,66,2,95,166,0,166,261
10/23/2007,ITH,NY,AEA,EN,Federal Contract Tower,0,24,10,0,34,0,0,0,0,0,0,24,10,0,34,0,0,0,34
10/24/2007,ITH,NY,AEA,EN,Federal Contract Tower,0,21,13,0,34,0,0,10,0,10,0,21,23,0,44,50,0,50,94
10/25/2007,ITH,NY,AEA,EN,Federal Contract Tower,0,32,10,0,42,0,0,20,0,20,0,32,30,0,62,32,0,32,94
10/26/2007,ITH,NY,AEA,EN,Federal Contract Tower,0,22,26,0,48,0,0,3,8,11,0,22,29,8,59,22,0,22,81
10/27/2007,ITH,NY,AEA,EN,Federal Contract Tower,0,29,7,0,36,0,0,0,0,0,0,29,7,0,36,0,0,0,36
10/28/2007,ITH,NY,AEA,EN,Federal Contract Tower,0,21,13,0,34,0,1,20,0,21,0,22,33,0,55,22,0,22,77
10/29/2007,ITH,NY,AEA,EN,Federal Contract Tower,0,35,10,0,45,0,0,22,0,22,0,35,32,0,67,103,0,103,170
10/30/2007,ITH,NY,AEA,EN,Federal Contract Tower,0,29,14,0,43,0,0,49,0,49,0,29,63,0,92,114,0,114,206
10/31/2007,ITH,NY,AEA,EN,Federal Contract Tower,0,22,5,0,27,0,0,18,0,18,0,22,23,0,45,44,0,44,89
11/01/2007,ITH,NY,AEA,EN,Federal Contract Tower,0,25,13,0,38,0,0,7,0,7,0,25,20,0,45,8,0,8,53
11/02/2007,ITH,NY,AEA,EN,Federal Contract Tower,0,31,16,0,47,0,0,49,0,49,0,31,65,0,96,100,0,100,196
11/03/2007,ITH,NY,AEA,EN,Federal Contract Tower,0,23,11,0,34,0,0,50,0,50,0,23,61,0,84,88,0,88,172
11/04/2007,ITH,NY,AEA,EN,Federal Contract Tower,0,24,24,2,50,0,0,46,0,46,0,24,70,2,96,116,14,130,226
11/05/2007,ITH,NY,AEA,EN,Federal Contract Tower,0,29,16,0,45,0,0,24,0,24,0,29,40,0,69,32,0,32,101
11/06/2007,ITH,NY,AEA,EN,Federal Contract Tower,0,26,7,0,33,0,0,32,0,32,0,26,39,0,65,52,0,52,117
11/07/2007,ITH,NY,AEA,EN,Federal Contract Tower,0,29,18,0,47,0,0,2,0,2,0,29,20,0,49,0,0,0,49
11/08/2007,ITH,NY,AEA,EN,Federal Contract Tower,0,28,14,0,42,0,0,19,0,19,0,28,33,0,61,84,0,84,145
11/09/2007,ITH,NY,AEA,EN,Federal Contract Tower,0,31,30,0,61,0,0,7,0,7,0,31,37,0,68,20,0,20,88
11/10/2007,ITH,NY,AEA,EN,Federal Contract Tower,0,28,12,0,40,0,0,0,0,0,0,28,12,0,40,0,0,0,40
11/11/2007,ITH,NY,AEA,EN,Federal Contract Tower,0,32,6,0,38,0,2,69,0,71,0,34,75,0,109,102,0,102,211
11/12/2007,ITH,NY,AEA,EN,Federal Contract Tower,0,27,16,0,43,0,0,4,0,4,0,27,20,0,47,4,0,4,51
11/13/2007,ITH,NY,AEA,EN,Federal Contract Tower,0,24,13,0,37,0,1,31,0,32,0,25,44,0,69,110,0,110,179
11/14/2007,ITH,NY,AEA,EN,Federal Contract Tower,0,29,16,0,45,0,0,6,0,6,0,29,22,0,51,14,0,14,65
11/15/2007,ITH,NY,AEA,EN,Federal Contract Tower,0,30,11,0,41,0,0,3,0,3,0,30,14,0,44,8,0,8,52
11/16/2007,ITH,NY,AEA,EN,Federal Contract Tower,0,29,10,0,39,0,0,4,0,4,0,29,14,0,43,0,0,0,43
11/17/2007,ITH,NY,AEA,EN,Federal Contract Tower,0,23,8,0,31,0,2,15,0,17,0,25,23,0,48,110,0,110,158
11/18/2007,ITH,NY,AEA,EN,Federal Contract Tower,0,19,11,0,30,0,5,70,0,75,0,24,81,0,105,108,0,108,213
11/19/2007,ITH,NY,AEA,EN,Federal Contract Tower,0,32,5,0,37,0,0,26,0,26,0,32,31,0,63,82,0,82,145
11/20/2007,ITH,NY,AEA,EN,Federal Contract Tower,0,28,14,0,42,0,0,0,0,0,0,28,14,0,42,0,0,0,42
11/21/2007,ITH,NY,AEA,EN,Federal Contract Tower,0,21,26,0,47,0,0,3,0,3,0,21,29,0,50,28,0,28,78
11/22/2007,ITH,NY,AEA,EN,Federal Contract Tower,0,9,2,0,11,0,0,0,0,0,0,9,2,0,11,0,0,0,11
11/23/2007,ITH,NY,AEA,EN,Federal Contract Tower,0,12,5,0,17,0,0,3,0,3,0,12,8,0,20,4,0,4,24
11/24/2007,ITH,NY,AEA,EN,Federal Contract Tower,0,19,0,0,19,19,25,0,0,44,19,44,0,0,63,110,0,110,173
11/25/2007,ITH,NY,AEA,EN,Federal Contract Tower,0,22,30,0,52,0,0,46,0,46,0,22,76,0,98,86,0,86,184
11/26/2007,ITH,NY,AEA,EN,Federal Contract Tower,0,23,10,0,33,0,0,0,0,0,0,23,10,0,33,0,0,0,33
11/27/2007,ITH,NY,AEA,EN,Federal Contract Tower,0,26,10,0,36,0,0,10,0,10,0,26,20,0,46,25,0,25,71
11/28/2007,ITH,NY,AEA,EN,Federal Contract Tower,0,29,16,0,45,0,3,21,0,24,0,32,37,0,69,66,0,66,135
11/29/2007,ITH,NY,AEA,EN,Federal Contract Tower,0,24,17,0,41,0,0,0,0,0,0,24,17,0,41,0,0,0,41
11/30/2007,ITH,NY,AEA,EN,Federal Contract Tower,0,25,10,0,35,0,0,19,0,19,0,25,29,0,54,82,0,82,136
12/01/2007,ITH,NY,AEA,EN,Federal Contract Tower,0,26,7,0,33,0,0,4,0,4,0,26,11,0,37,0,0,0,37
12/02/2007,ITH,NY,AEA,EN,Federal Contract Tower,0,17,2,0,19,0,0,0,0,0,0,17,2,0,19,0,0,0,19
12/03/2007,ITH,NY,AEA,EN,Federal Contract Tower,0,25,3,0,28,0,0,0,0,0,0,25,3,0,28,0,0,0,28
12/04/2007,ITH,NY,AEA,EN,Federal Contract Tower,0,19,0,0,19,23,0,0,0,23,23,19,0,0,42,0,0,0,42
12/05/2007,ITH,NY,AEA,EN,Federal Contract Tower,0,22,9,0,31,0,0,0,0,0,0,22,9,0,31,0,0,0,31
12/06/2007,ITH,NY,AEA,EN,Federal Contract Tower,0,25,25,2,52,0,0,22,0,22,0,25,47,2,74,68,0,68,142
12/07/2007,ITH,NY,AEA,EN,Federal Contract Tower,0,27,7,0,34,0,0,8,0,8,0,27,15,0,42,86,0,86,128
12/08/2007,ITH,NY,AEA,EN,Federal Contract Tower,0,22,13,0,35,0,0,16,0,16,0,22,29,0,51,58,0,58,109
12/09/2007,ITH,NY,AEA,EN,Federal Contract Tower,0,20,4,0,24,0,0,2,0,2,0,20,6,0,26,4,0,4,30
12/10/2007,ITH,NY,AEA,EN,Federal Contract Tower,0,19,9,0,28,0,0,0,0,0,0,19,9,0,28,0,0,0,28
12/11/2007,ITH,NY,AEA,EN,Federal Contract Tower,0,21,14,0,35,0,0,0,0,0,0,21,14,0,35,0,0,0,35
12/12/2007,ITH,NY,AEA,EN,Federal Contract Tower,0,24,8,0,32,0,0,5,0,5,0,24,13,0,37,14,0,14,51
12/13/2007,ITH,NY,AEA,EN,Federal Contract Tower,0,8,6,0,14,0,0,0,0,0,0,8,6,0,14,0,0,0,14
12/14/2007,ITH,NY,AEA,EN,Federal Contract Tower,0,19,14,0,33,0,0,2,0,2,0,19,16,0,35,20,0,20,55
12/15/2007,ITH,NY,AEA,EN,Federal Contract Tower,0,20,3,0,23,0,0,25,0,25,0,20,28,0,48,70,0,70,118
12/16/2007,ITH,NY,AEA,EN,Federal Contract Tower,0,10,4,0,14,0,0,0,0,0,0,10,4,0,14,0,0,0,14
12/17/2007,ITH,NY,AEA,EN,Federal Contract Tower,0,20,6,0,26,0,0,1,0,1,0,20,7,0,27,26,0,26,53
12/18/2007,ITH,NY,AEA,EN,Federal Contract Tower,0,28,12,0,40,0,0,11,0,11,0,28,23,0,51,51,0,51,102
12/19/2007,ITH,NY,AEA,EN,Federal Contract Tower,0,22,14,0,36,0,0,2,0,2,0,22,16,0,38,46,0,46,84
12/20/2007,ITH,NY,AEA,EN,Federal Contract Tower,0,23,15,0,38,0,0,0,0,0,0,23,15,0,38,0,0,0,38
12/21/2007,ITH,NY,AEA,EN,Federal Contract Tower,0,24,8,0,32,0,0,14,0,14,0,24,22,0,46,58,0,58,104
12/22/2007,ITH,NY,AEA,EN,Federal Contract Tower,0,24,15,0,39,0,0,6,0,6,0,24,21,0,45,6,0,6,51
12/23/2007,ITH,NY,AEA,EN,Federal Contract Tower,0,17,6,0,23,0,0,0,0,0,0,17,6,0,23,0,0,0,23
12/24/2007,ITH,NY,AEA,EN,Federal Contract Tower,0,17,3,0,20,0,0,2,0,2,0,17,5,0,22,0,0,0,22
12/25/2007,ITH,NY,AEA,EN,Federal Contract Tower,0,12,5,0,17,0,0,0,0,0,0,12,5,0,17,0,0,0,17
12/26/2007,ITH,NY,AEA,EN,Federal Contract Tower,0,17,16,0,33,0,0,16,0,16,0,17,32,0,49,78,0,78,127
12/27/2007,ITH,NY,AEA,EN,Federal Contract Tower,0,22,7,0,29,0,0,0,0,0,0,22,7,0,29,10,0,10,39
12/28/2007,ITH,NY,AEA,EN,Federal Contract Tower,0,22,15,0,37,0,0,36,0,36,0,22,51,0,73,98,0,98,171
12/29/2007,ITH,NY,AEA,EN,Federal Contract Tower,0,19,7,0,26,0,0,22,0,22,0,19,29,0,48,62,0,62,110
12/30/2007,ITH,NY,AEA,EN,Federal Contract Tower,0,18,6,0,24,0,0,29,0,29,0,18,35,0,53,42,0,42,95
12/31/2007,ITH,NY,AEA,EN,Federal Contract Tower,0,16,10,0,26,0,0,13,0,13,0,16,23,0,39,30,0,30,69
01/01/2008,ITH,NY,AEA,EN,Federal Contract Tower,0,16,6,0,22,0,0,0,0,0,0,16,6,0,22,8,0,8,30
01/02/2008,ITH,NY,AEA,EN,Federal Contract Tower,0,26,5,0,31,0,0,0,0,0,0,26,5,0,31,0,0,0,31
01/03/2008,ITH,NY,AEA,EN,Federal Contract Tower,0,25,6,0,31,0,0,1,0,1,0,25,7,0,32,0,0,0,32
01/04/2008,ITH,NY,AEA,EN,Federal Contract Tower,0,21,13,0,34,0,0,25,0,25,0,21,38,0,59,102,0,102,161
01/05/2008,ITH,NY,AEA,EN,Federal Contract Tower,0,17,11,0,28,0,0,14,0,14,0,17,25,0,42,88,0,88,130
01/06/2008,ITH,NY,AEA,EN,Federal Contract Tower,0,18,17,0,35,0,0,15,0,15,0,18,32,0,50,100,0,100,150
01/07/2008,ITH,NY,AEA,EN,Federal Contract Tower,0,22,5,0,27,0,0,31,0,31,0,22,36,0,58,78,0,78,136
01/08/2008,ITH,NY,AEA,EN,Federal Contract Tower,0,26,8,0,34,0,1,57,0,58,0,27,65,0,92,144,0,144,236
01/09/2008,ITH,NY,AEA,EN,Federal Contract Tower,0,27,13,0,40,0,0,0,0,0,0,27,13,0,40,66,0,66,106
01/10/2008,ITH,NY,AEA,EN,Federal Contract Tower,0,24,11,0,35,0,0,25,0,25,0,24,36,0,60,108,0,108,168
01/11/2008,ITH,NY,AEA,EN,Federal Contract Tower,0,23,16,0,39,0,0,0,0,0,0,23,16,0,39,86,0,86,125
01/12/2008,ITH,NY,AEA,EN,Federal Contract Tower,0,19,12,0,31,0,0,29,0,29,0,19,41,0,60,96,0,96,156
01/13/2008,ITH,NY,AEA,EN,Federal Contract Tower,0,17,9,0,26,0,0,49,0,49,0,17,58,0,75,114,0,114,189
01/14/2008,ITH,NY,AEA,EN,Federal Contract Tower,0,35,11,0,46,0,0,0,0,0,0,35,11,0,46,0,0,0,46
01/15/2008,ITH,NY,AEA,EN,Federal Contract Tower,0,31,9,0,40,0,0,0,0,0,0,31,9,0,40,0,0,0,40
01/16/2008,ITH,NY,AEA,EN,Federal Contract Tower,0,25,8,0,33,0,0,1,0,1,0,25,9,0,34,0,0,0,34
01/17/2008,ITH,NY,AEA,EN,Federal Contract Tower,0,24,13,0,37,0,0,16,0,16,0,24,29,0,53,4,0,4,57
01/18/2008,ITH,NY,AEA,EN,Federal Contract Tower,0,25,6,0,31,0,0,13,0,13,0,25,19,0,44,94,0,94,138
01/19/2008,ITH,NY,AEA,EN,Federal Contract Tower,0,21,5,0,26,0,0,5,0,5,0,21,10,0,31,46,0,46,77
01/20/2008,ITH,NY,AEA,EN,Federal Contract Tower,0,19,10,0,29,0,0,24,0,24,0,19,34,0,53,94,0,94,147
01/21/2008,ITH,NY,AEA,EN,Federal Contract Tower,0,24,10,0,34,0,0,28,0,28,0,24,38,0,62,142,0,142,204
01/22/2008,ITH,NY,AEA,EN,Federal Contract Tower,0,25,10,0,35,0,0,14,0,14,0,25,24,0,49,36,0,36,85
01/23/2008,ITH,NY,AEA,EN,Federal Contract Tower,0,23,6,0,29,0,0,13,0,13,0,23,19,0,42,72,0,72,114
01/24/2008,ITH,NY,AEA,EN,Federal Contract Tower,0,23,9,0,32,0,0,11,0,11,0,23,20,0,43,44,0,44,87
01/25/2008,ITH,NY,AEA,EN,Federal Contract Tower,0,27,10,0,37,0,0,26,0,26,0,27,36,0,63,144,0,144,207
01/26/2008,ITH,NY,AEA,EN,Federal Contract Tower,0,22,11,0,33,0,0,18,0,18,0,22,29,0,51,54,0,54,105
01/27/2008,ITH,NY,AEA,EN,Federal Contract Tower,0,22,21,0,43,0,0,18,0,18,0,22,39,0,61,76,0,76,137
01/28/2008,ITH,NY,AEA,EN,Federal Contract Tower,0,30,13,1,44,0,1,22,1,24,0,31,35,2,68,110,0,110,178
01/29/2008,ITH,NY,AEA,EN,Federal Contract Tower,0,27,11,0,38,0,0,5,0,5,0,27,16,0,43,18,0,18,61
01/30/2008,ITH,NY,AEA,EN,Federal Contract Tower,0,27,7,0,34,0,0,0,0,0,0,27,7,0,34,0,0,0,34
01/31/2008,ITH,NY,AEA,EN,Federal Contract Tower,0,27,38,0,65,0,0,0,0,0,0,27,38,0,65,96,0,96,161
02/01/2008,ITH,NY,AEA,EN,Federal Contract Tower,0,20,4,0,24,0,0,0,0,0,0,20,4,0,24,0,0,0,24
02/02/2008,ITH,NY,AEA,EN,Federal Contract Tower,0,18,9,0,27,0,0,0,0,0,0,18,9,0,27,0,0,0,27
02/03/2008,ITH,NY,AEA,EN,Federal Contract Tower,0,23,12,0,35,0,0,29,0,29,0,23,41,0,64,116,0,116,180
02/04/2008,ITH,NY,AEA,EN,Federal Contract Tower,0,27,11,0,38,0,0,1,0,1,0,27,12,0,39,16,0,16,55
02/05/2008,ITH,NY,AEA,EN,Federal Contract Tower,0,18,6,0,24,0,0,12,0,12,0,18,18,0,36,22,0,22,58
02/06/2008,ITH,NY,AEA,EN,Federal Contract Tower,0,15,4,0,19,0,0,0,0,0,0,15,4,0,19,0,0,0,19
02/07/2008,ITH,NY,AEA,EN,Federal Contract Tower,0,26,9,0,35,0,0,0,0,0,0,26,9,0,35,0,0,0,35
02/08/2008,ITH,NY,AEA,EN,Federal Contract Tower,0,23,13,0,36,0,0,2,0,2,0,23,15,0,38,20,0,20,58
02/09/2008,ITH,NY,AEA,EN,Federal Contract Tower,0,18,1,0,19,0,0,2,0,2,0,18,3,0,21,10,0,10,31
02/10/2008,ITH,NY,AEA,EN,Federal Contract Tower,0,15,2,0,17,0,0,0,0,0,0,15,2,0,17,0,0,0,17
02/11/2008,ITH,NY,AEA,EN,Federal Contract Tower,0,27,9,0,36,0,0,2,0,2,0,27,11,0,38,36,0,36,74
02/12/2008,ITH,NY,AEA,EN,Federal Contract Tower,0,21,13,0,34,0,0,5,0,5,0,21,18,0,39,18,0,18,57
02/13/2008,ITH,NY,AEA,EN,Federal Contract Tower,0,12,7,0,19,0,0,0,0,0,0,12,7,0,19,0,0,0,19
02/14/2008,ITH,NY,AEA,EN,Federal Contract Tower,0,26,26,0,52,0,0,8,0,8,0,26,34,0,60,50,0,50,110
02/15/2008,ITH,NY,AEA,EN,Federal Contract Tower,0,29,15,0,44,0,0,0,0,0,0,29,15,0,44,0,0,0,44
02/16/2008,ITH,NY,AEA,EN,Federal Contract Tower,0,22,13,0,35,0,0,25,0,25,0,22,38,0,60,172,0,172,232
02/17/2008,ITH,NY,AEA,EN,Federal Contract Tower,0,21,6,0,27,0,0,0,0,0,0,21,6,0,27,0,0,0,27
02/18/2008,ITH,NY,AEA,EN,Federal Contract Tower,0,22,5,0,27,0,0,2,0,2,0,22,7,0,29,68,0,68,97
02/19/2008,ITH,NY,AEA,EN,Federal Contract Tower,0,25,11,0,36,0,0,21,0,21,0,25,32,0,57,60,0,60,117
02/20/2008,ITH,NY,AEA,EN,Federal Contract Tower,0,24,16,0,40,0,0,16,0,16,0,24,32,0,56,74,0,74,130
02/21/2008,ITH,NY,AEA,EN,Federal Contract Tower,0,25,12,0,37,0,0,17,0,17,0,25,29,0,54,36,0,36,90
02/22/2008,ITH,NY,AEA,EN,Federal Contract Tower,0,15,3,0,18,0,0,0,0,0,0,15,3,0,18,0,0,0,18
02/23/2008,ITH,NY,AEA,EN,Federal Contract Tower,0,21,6,0,27,0,0,6,0,6,0,21,12,0,33,44,0,44,77
02/24/2008,ITH,NY,AEA,EN,Federal Contract Tower,0,21,20,0,41,0,0,98,0,98,0,21,118,0,139,192,0,192,331
02/25/2008,ITH,NY,AEA,EN,Federal Contract Tower,0,28,11,0,39,0,1,59,0,60,0,29,70,0,99,130,0,130,229
02/26/2008,ITH,NY,AEA,EN,Federal Contract Tower,0,15,8,0,23,0,0,0,0,0,0,15,8,0,23,0,0,0,23
02/27/2008,ITH,NY,AEA,EN,Federal Contract Tower,0,15,3,3,21,0,0,4,1,5,0,15,7,4,26,8,0,8,34
02/28/2008,ITH,NY,AEA,EN,Federal Contract Tower,0,29,21,0,50,0,0,2,0,2,0,29,23,0,52,6,0,6,58
02/29/2008,ITH,NY,AEA,EN,Federal Contract Tower,0,26,12,0,38,0,0,6,0,6,0,26,18,0,44,56,0,56,100
03/01/2008,ITH,NY,AEA,EN,Federal Contract Tower,0,16,5,0,21,0,0,0,0,0,0,16,5,0,21,0,0,0,21
03/02/2008,ITH,NY,AEA,EN,Federal Contract Tower,0,23,16,0,39,0,0,50,0,50,0,23,66,0,89,138,0,138,227
03/03/2008,ITH,NY,AEA,EN,Federal Contract Tower,0,24,10,0,34,0,0,25,0,25,0,24,35,0,59,115,0,115,174
03/04/2008,ITH,NY,AEA,EN,Federal Contract Tower,0,18,14,0,32,0,0,0,0,0,0,18,14,0,32,0,0,0,32
03/05/2008,ITH,NY,AEA,EN,Federal Contract Tower,0,22,14,0,36,0,0,1,6,7,0,22,15,6,43,2,0,2,45
03/06/2008,ITH,NY,AEA,EN,Federal Contract Tower,0,22,24,0,46,0,5,17,0,22,0,27,41,0,68,64,0,64,132
03/07/2008,ITH,NY,AEA,EN,Federal Contract Tower,0,34,19,0,53,0,0,10,0,10,0,34,29,0,63,8,0,8,71
03/08/2008,ITH,NY,AEA,EN,Federal Contract Tower,0,5,2,0,7,0,0,0,0,0,0,5,2,0,7,0,0,0,7
03/09/2008,ITH,NY,AEA,EN,Federal Contract Tower,0,18,11,0,29,0,0,8,0,8,0,18,19,0,37,28,0,28,65
03/10/2008,ITH,NY,AEA,EN,Federal Contract Tower,0,26,8,0,34,0,0,21,6,27,0,26,29,6,61,74,0,74,135
03/11/2008,ITH,NY,AEA,EN,Federal Contract Tower,0,23,10,1,34,0,3,35,1,39,0,26,45,2,73,86,0,86,159
03/12/2008,ITH,NY,AEA,EN,Federal Contract Tower,0,22,9,0,31,0,0,1,0,1,0,22,10,0,32,0,0,0,32
03/13/2008,ITH,NY,AEA,EN,Federal Contract Tower,0,29,10,0,39,0,0,18,0,18,0,29,28,0,57,24,0,24,81
03/14/2008,ITH,NY,AEA,EN,Federal Contract Tower,0,28,10,0,38,0,0,7,0,7,0,28,17,0,45,30,0,30,75
03/15/2008,ITH,NY,AEA,EN,Federal Contract Tower,0,19,10,0,29,0,0,6,0,6,0,19,16,0,35,0,0,0,35
03/16/2008,ITH,NY,AEA,EN,Federal Contract Tower,0,19,4,0,23,0,0,0,0,0,0,19,4,0,23,0,0,0,23
03/17/2008,ITH,NY,AEA,EN,Federal Contract Tower,0,24,15,0,39,0,3,41,0,44,0,27,56,0,83,118,0,118,201
03/18/2008,ITH,NY,AEA,EN,Federal Contract Tower,2,26,12,0,40,0,0,26,0,26,2,26,38,0,66,48,0,48,114
03/19/2008,ITH,NY,AEA,EN,Federal Contract Tower,0,21,12,0,33,0,0,0,0,0,0,21,12,0,33,0,0,0,33
03/20/2008,ITH,NY,AEA,EN,Federal Contract Tower,0,22,11,0,33,0,0,0,0,0,0,22,11,0,33,0,0,0,33
03/21/2008,ITH,NY,AEA,EN,Federal Contract Tower,0,24,8,0,32,0,0,16,0,16,0,24,24,0,48,14,0,14,62
03/22/2008,ITH,NY,AEA,EN,Federal Contract Tower,0,21,11,0,32,0,0,32,0,32,0,21,43,0,64,116,0,116,180
03/23/2008,ITH,NY,AEA,EN,Federal Contract Tower,0,27,7,0,34,0,0,20,0,20,0,27,27,0,54,9,0,9,63
03/24/2008,ITH,NY,AEA,EN,Federal Contract Tower,0,30,12,0,42,0,2,33,0,35,0,32,45,0,77,174,0,174,251
03/25/2008,ITH,NY,AEA,EN,Federal Contract Tower,0,26,11,0,37,0,0,25,0,25,0,26,36,0,62,62,0,62,124
03/26/2008,ITH,NY,AEA,EN,Federal Contract Tower,0,28,14,0,42,0,0,26,0,26,0,28,40,0,68,72,0,72,140
03/27/2008,ITH,NY,AEA,EN,Federal Contract Tower,0,30,6,0,36,0,0,30,0,30,0,30,36,0,66,90,0,90,156
03/28/2008,ITH,NY,AEA,EN,Federal Contract Tower,0,21,9,0,30,0,0,0,0,0,0,21,9,0,30,0,0,0,30
03/29/2008,ITH,NY,AEA,EN,Federal Contract Tower,0,27,13,0,40,0,0,35,0,35,0,27,48,0,75,124,0,124,199
03/30/2008,ITH,NY,AEA,EN,Federal Contract Tower,0,27,9,0,36,0,3,76,0,79,0,30,85,0,115,172,0,172,287
03/31/2008,ITH,NY,AEA,EN,Federal Contract Tower,0,24,5,0,29,0,0,0,0,0,0,24,5,0,29,0,0,0,29
04/01/2008,ITH,NY,AEA,EN,Federal Contract Tower,0,21,17,0,38,0,0,10,0,10,0,21,27,0,48,56,0,56,104
04/02/2008,ITH,NY,AEA,EN,Federal Contract Tower,0,25,9,0,34,0,0,5,0,5,0,25,14,0,39,54,0,54,93
04/03/2008,ITH,NY,AEA,EN,Federal Contract Tower,0,27,20,0,47,0,2,33,0,35,0,29,53,0,82,42,0,42,124
04/04/2008,ITH,NY,AEA,EN,Federal Contract Tower,0,24,9,0,33,0,0,0,0,0,0,24,9,0,33,0,0,0,33
04/05/2008,ITH,NY,AEA,EN,Federal Contract Tower,0,20,12,0,32,0,0,11,0,11,0,20,23,0,43,42,0,42,85
04/06/2008,ITH,NY,AEA,EN,Federal Contract Tower,0,18,12,0,30,0,4,86,0,90,0,22,98,0,120,226,0,226,346
04/07/2008,ITH,NY,AEA,EN,Federal Contract Tower,0,20,8,0,28,0,1,34,0,35,0,21,42,0,63,126,0,126,189
04/08/2008,ITH,NY,AEA,EN,Federal Contract Tower,0,25,18,0,43,0,0,27,0,27,0,25,45,0,70,70,0,70,140
04/09/2008,ITH,NY,AEA,EN,Federal Contract Tower,0,24,14,0,38,0,0,9,0,9,0,24,23,0,47,32,0,32,79
04/10/2008,ITH,NY,AEA,EN,Federal Contract Tower,0,26,27,2,55,0,1,22,0,23,0,27,49,2,78,125,0,125,203
04/11/2008,ITH,NY,AEA,EN,Federal Contract Tower,0,34,19,0,53,0,0,11,0,11,0,34,30,0,64,64,0,64,128
04/12/2008,ITH,NY,AEA,EN,Federal Contract Tower,0,24,11,0,35,0,3,14,0,17,0,27,25,0,52,84,0,84,136
04/13/2008,ITH,NY,AEA,EN,Federal Contract Tower,0,24,10,0,34,0,0,14,0,14,0,24,24,0,48,0,0,0,48
04/14/2008,ITH,NY,AEA,EN,Federal Contract Tower,0,31,5,0,36,0,0,42,0,42,0,31,47,0,78,150,0,150,228
04/15/2008,ITH,NY,AEA,EN,Federal Contract Tower,0,29,13,0,42,0,0,39,0,39,0,29,52,0,81,153,0,153,234
04/16/2008,ITH,NY,AEA,EN,Federal Contract Tower,0,30,8,0,38,0,2,31,0,33,0,32,39,0,71,126,0,126,197
04/17/2008,ITH,NY,AEA,EN,Federal Contract Tower,0,28,10,0,38,0,1,23,4,28,0,29,33,4,66,126,0,126,192
04/18/2008,ITH,NY,AEA,EN,Federal Contract Tower,0,37,16,0,53,0,0,42,0,42,0,37,58,0,95,134,0,134,229
04/19/2008,ITH,NY,AEA,EN,Federal Contract Tower,0,20,10,0,30,0,2,41,0,43,0,22,51,0,73,134,0,134,207
04/20/2008,ITH,NY,AEA,EN,Federal Contract Tower,0,20,11,0,31,0,0,34,0,34,0,20,45,0,65,104,0,104,169
04/21/2008,ITH,NY,AEA,EN,Federal Contract Tower,0,30,11,0,41,0,1,38,0,39,0,31,49,0,80,114,0,114,194
04/22/2008,ITH,NY,AEA,EN,Federal Contract Tower,0,29,9,0,38,0,0,31,0,31,0,29,40,0,69,110,0,110,179
04/23/2008,ITH,NY,AEA,EN,Federal Contract Tower,0,29,15,0,44,0,0,24,0,24,0,29,39,0,68,90,0,90,158
04/24/2008,ITH,NY,AEA,EN,Federal Contract Tower,0,28,14,0,42,0,0,33,0,33,0,28,47,0,75,74,0,74,149
04/25/2008,ITH,NY,AEA,EN,Federal Contract Tower,0,34,12,0,46,0,0,43,0,43,0,34,55,0,89,112,0,112,201
04/26/2008,ITH,NY,AEA,EN,Federal Contract Tower,0,25,15,0,40,0,0,12,0,12,0,25,27,0,52,70,0,70,122
04/27/2008,ITH,NY,AEA,EN,Federal Contract Tower,0,27,14,0,41,0,20,53,0,73,0,47,67,0,114,144,0,144,258
04/28/2008,ITH,NY,AEA,EN,Federal Contract Tower,0,26,17,0,43,0,0,0,0,0,0,26,17,0,43,0,0,0,43
04/29/2008,ITH,NY,AEA,EN,Federal Contract Tower,0,28,18,1,47,0,0,15,1,16,0,28,33,2,63,34,0,34,97
04/30/2008,ITH,NY,AEA,EN,Federal Contract Tower,0,24,14,0,38,0,0,36,0,36,0,24,50,0,74,156,0,156,230
05/01/2008,ITH,NY,AEA,EN,Federal Contract Tower,0,27,9,0,36,0,0,22,0,22,0,27,31,0,58,126,0,126,184
05/02/2008,ITH,NY,AEA,EN,Federal Contract Tower,0,23,4,0,27,0,0,14,0,14,0,23,18,0,41,12,0,12,53
05/03/2008,ITH,NY,AEA,EN,Federal Contract Tower,0,27,6,0,33,0,0,26,0,26,0,27,32,0,59,78,0,78,137
05/04/2008,ITH,NY,AEA,EN,Federal Contract Tower,0,17,13,0,30,0,0,20,0,20,0,17,33,0,50,120,0,120,170
05/05/2008,ITH,NY,AEA,EN,Federal Contract Tower,0,22,19,0,41,0,0,34,0,34,0,22,53,0,75,136,0,136,211
05/06/2008,ITH,NY,AEA,EN,Federal Contract Tower,0,29,16,0,45,0,0,37,0,37,0,29,53,0,82,168,0,168,250
05/07/2008,ITH,NY,AEA,EN,Federal Contract Tower,0,26,14,0,40,0,0,12,0,12,0,26,26,0,52,62,0,62,114
05/08/2008,ITH,NY,AEA,EN,Federal Contract Tower,0,26,13,0,39,0,0,22,1,23,0,26,35,1,62,84,0,84,146
05/09/2008,ITH,NY,AEA,EN,Federal Contract Tower,0,25,4,0,29,0,0,19,0,19,0,25,23,0,48,72,0,72,120
05/10/2008,ITH,NY,AEA,EN,Federal Contract Tower,0,20,15,0,35,0,0,39,0,39,0,20,54,0,74,232,0,232,306
05/11/2008,ITH,NY,AEA,EN,Federal Contract Tower,0,20,17,0,37,0,0,25,0,25,0,20,42,0,62,80,0,80,142
05/12/2008,ITH,NY,AEA,EN,Federal Contract Tower,0,25,21,0,46,0,0,16,0,16,0,25,37,0,62,82,0,82,144
05/13/2008,ITH,NY,AEA,EN,Federal Contract Tower,0,24,19,0,43,0,0,51,0,51,0,24,70,0,94,130,0,130,224
05/14/2008,ITH,NY,AEA,EN,Federal Contract Tower,0,29,16,0,45,0,0,25,13,38,0,29,41,13,83,70,0,70,153
05/15/2008,ITH,NY,AEA,EN,Federal Contract Tower,0,25,20,0,45,0,0,6,0,6,0,25,26,0,51,44,0,44,95
05/16/2008,ITH,NY,AEA,EN,Federal Contract Tower,4,26,14,0,44,0,0,11,0,11,4,26,25,0,55,24,0,24,79
05/17/2008,ITH,NY,AEA,EN,Federal Contract Tower,0,29,15,0,44,0,0,9,0,9,0,29,24,0,53,0,0,0,53
05/18/2008,ITH,NY,AEA,EN,Federal Contract Tower,6,28,31,0,65,0,0,15,0,15,6,28,46,0,80,38,0,38,118
05/19/2008,ITH,NY,AEA,EN,Federal Contract Tower,0,30,15,0,45,0,0,12,0,12,0,30,27,0,57,52,0,52,109
05/20/2008,ITH,NY,AEA,EN,Federal Contract Tower,0,26,9,0,35,0,0,34,0,34,0,26,43,0,69,110,0,110,179
05/21/2008,ITH,NY,AEA,EN,Federal Contract Tower,0,28,14,0,42,0,2,4,0,6,0,30,18,0,48,56,0,56,104
05/22/2008,ITH,NY,AEA,EN,Federal Contract Tower,0,32,31,0,63,0,0,7,0,7,0,32,38,0,70,0,0,0,70
05/23/2008,ITH,NY,AEA,EN,Federal Contract Tower,0,32,15,0,47,0,0,27,0,27,0,32,42,0,74,102,0,102,176
05/24/2008,ITH,NY,AEA,EN,Federal Contract Tower,0,31,14,0,45,0,0,45,6,51,0,31,59,6,96,116,0,116,212
05/25/2008,ITH,NY,AEA,EN,Federal Contract Tower,0,24,18,0,42,0,0,56,0,56,0,24,74,0,98,120,0,120,218
05/26/2008,ITH,NY,AEA,EN,Federal Contract Tower,0,24,14,0,38,0,0,41,0,41,0,24,55,0,79,103,0,103,182
05/27/2008,ITH,NY,AEA,EN,Federal Contract Tower,0,30,21,0,51,0,1,22,0,23,0,31,43,0,74,0,0,0,74
05/28/2008,ITH,NY,AEA,EN,Federal Contract Tower,0,29,8,0,37,0,0,25,0,25,0,29,33,0,62,74,0,74,136
05/29/2008,ITH,NY,AEA,EN,Federal Contract Tower,0,29,17,0,46,0,0,28,0,28,0,29,45,0,74,38,0,38,112
05/30/2008,ITH,NY,AEA,EN,Federal Contract Tower,0,34,12,0,46,0,0,20,0,20,0,34,32,0,66,84,0,84,150
05/31/2008,ITH,NY,AEA,EN,Federal Contract Tower,0,23,11,0,34,0,0,3,0,3,0,23,14,0,37,0,0,0,37
06/01/2008,ITH,NY,AEA,EN,Federal Contract Tower,0,21,7,0,28,0,0,32,0,32,0,21,39,0,60,46,0,46,106
06/02/2008,ITH,NY,AEA,EN,Federal Contract Tower,0,26,10,0,36,0,2,49,0,51,0,28,59,0,87,158,0,158,245
06/03/2008,ITH,NY,AEA,EN,Federal Contract Tower,0,22,11,0,33,0,3,31,0,34,0,25,42,0,67,88,0,88,155
06/04/2008,ITH,NY,AEA,EN,Federal Contract Tower,0,17,22,0,39,0,0,6,0,6,0,17,28,0,45,86,0,86,131
06/05/2008,ITH,NY,AEA,EN,Federal Contract Tower,0,31,21,0,52,0,0,4,0,4,0,31,25,0,56,6,0,6,62
06/06/2008,ITH,NY,AEA,EN,Federal Contract Tower,0,28,21,0,49,0,0,33,0,33,0,28,54,0,82,70,0,70,152
06/07/2008,ITH,NY,AEA,EN,Federal Contract Tower,0,29,7,0,36,0,0,37,0,37,0,29,44,0,73,72,0,72,145
06/08/2008,ITH,NY,AEA,EN,Federal Contract Tower,0,22,14,0,36,0,0,14,0,14,0,22,28,0,50,0,0,0,50
06/09/2008,ITH,NY,AEA,EN,Federal Contract Tower,0,22,0,0,22,22,29,0,0,51,22,51,0,0,73,100,0,100,173
06/10/2008,ITH,NY,AEA,EN,Federal Contract Tower,0,25,16,0,41,0,0,5,0,5,0,25,21,0,46,2,0,2,48
06/11/2008,ITH,NY,AEA,EN,Federal Contract Tower,0,24,12,0,36,0,2,33,0,35,0,26,45,0,71,184,0,184,255
06/12/2008,ITH,NY,AEA,EN,Federal Contract Tower,0,22,7,0,29,0,1,26,0,27,0,23,33,0,56,100,0,100,156
06/13/2008,ITH,NY,AEA,EN,Federal Contract Tower,0,23,14,0,37,0,0,28,0,28,0,23,42,0,65,140,0,140,205
06/14/2008,ITH,NY,AEA,EN,Federal Contract Tower,0,20,10,0,30,0,0,16,0,16,0,20,26,0,46,66,0,66,112
06/15/2008,ITH,NY,AEA,EN,Federal Contract Tower,0,17,13,0,30,0,1,111,0,112,0,18,124,0,142,268,0,268,410
06/16/2008,ITH,NY,AEA,EN,Federal Contract Tower,0,20,13,0,33,0,0,19,0,19,0,20,32,0,52,38,0,38,90
06/17/2008,ITH,NY,AEA,EN,Federal Contract Tower,0,29,26,0,55,0,3,25,0,28,0,32,51,0,83,154,0,154,237
06/18/2008,ITH,NY,AEA,EN,Federal Contract Tower,0,22,21,0,43,0,0,4,0,4,0,22,25,0,47,26,0,26,73
06/19/2008,ITH,NY,AEA,EN,Federal Contract Tower,0,20,9,0,29,0,0,20,0,20,0,20,29,0,49,34,0,34,83
06/20/2008,ITH,NY,AEA,EN,Federal Contract Tower,0,23,4,0,27,0,0,19,0,19,0,23,23,0,46,80,0,80,126
06/21/2008,ITH,NY,AEA,EN,Federal Contract Tower,0,21,7,0,28,0,0,25,0,25,0,21,32,0,53,100,0,100,153
06/22/2008,ITH,NY,AEA,EN,Federal Contract Tower,0,15,13,0,28,0,0,26,0,26,0,15,39,0,54,136,0,136,190
06/23/2008,ITH,NY,AEA,EN,Federal Contract Tower,0,21,12,0,33,0,0,30,0,30,0,21,42,0,63,158,0,158,221
06/24/2008,ITH,NY,AEA,EN,Federal Contract Tower,0,25,14,0,39,0,4,19,0,23,0,29,33,0,62,58,0,58,120
06/25/2008,ITH,NY,AEA,EN,Federal Contract Tower,0,25,7,0,32,0,3,42,0,45,0,28,49,0,77,160,0,160,237
06/26/2008,ITH,NY,AEA,EN,Federal Contract Tower,0,25,11,0,36,0,0,7,0,7,0,25,18,0,43,22,0,22,65
06/27/2008,ITH,NY,AEA,EN,Federal Contract Tower,0,27,14,0,41,0,0,23,0,23,0,27,37,0,64,48,0,48,112
06/28/2008,ITH,NY,AEA,EN,Federal Contract Tower,0,23,4,0,27,0,0,37,0,37,0,23,41,0,64,102,0,102,166
06/29/2008,ITH,NY,AEA,EN,Federal Contract Tower,0,19,19,0,38,0,0,19,0,19,0,19,38,0,57,52,0,52,109
06/30/2008,ITH,NY,AEA,EN,Federal Contract Tower,0,25,21,0,46,0,2,33,0,35,0,27,54,0,81,97,0,97,178
07/01/2008,ITH,NY,AEA,EN,Federal Contract Tower,0,23,16,0,39,0,0,30,0,30,0,23,46,0,69,66,0,66,135
07/02/2008,ITH,NY,AEA,EN,Federal Contract Tower,0,20,22,0,42,0,2,52,0,54,0,22,74,0,96,30,0,30,126
07/03/2008,ITH,NY,AEA,EN,Federal Contract Tower,0,25,11,0,36,0,0,14,0,14,0,25,25,0,50,18,0,18,68
07/04/2008,ITH,NY,AEA,EN,Federal Contract Tower,0,17,5,0,22,0,0,19,0,19,0,17,24,0,41,98,0,98,139
07/05/2008,ITH,NY,AEA,EN,Federal Contract Tower,0,17,8,0,25,0,3,40,0,43,0,20,48,0,68,86,0,86,154
07/06/2008,ITH,NY,AEA,EN,Federal Contract Tower,0,19,14,0,33,0,0,35,0,35,0,19,49,0,68,74,0,74,142
07/07/2008,ITH,NY,AEA,EN,Federal Contract Tower,0,21,14,0,35,0,3,36,0,39,0,24,50,0,74,128,0,128,202
07/08/2008,ITH,NY,AEA,EN,Federal Contract Tower,0,20,9,0,29,0,0,29,0,29,0,20,38,0,58,86,0,86,144
07/09/2008,ITH,NY,AEA,EN,Federal Contract Tower,0,22,18,0,40,0,0,12,0,12,0,22,30,0,52,42,0,42,94
07/10/2008,ITH,NY,AEA,EN,Federal Contract Tower,0,27,4,0,31,0,1,27,1,29,0,28,31,1,60,74,0,74,134
07/11/2008,ITH,NY,AEA,EN,Federal Contract Tower,0,28,17,0,45,0,0,2,0,2,0,28,19,0,47,0,0,0,47
07/12/2008,ITH,NY,AEA,EN,Federal Contract Tower,0,24,16,0,40,0,21,33,0,54,0,45,49,0,94,54,0,54,148
07/13/2008,ITH,NY,AEA,EN,Federal Contract Tower,0,15,7,0,22,0,0,1,0,1,0,15,8,0,23,10,0,10,33
07/14/2008,ITH,NY,AEA,EN,Federal Contract Tower,0,25,18,0,43,0,1,38,2,41,0,26,56,2,84,123,2,125,209
07/15/2008,ITH,NY,AEA,EN,Federal Contract Tower,0,27,12,0,39,0,0,54,0,54,0,27,66,0,93,158,0,158,251
07/16/2008,ITH,NY,AEA,EN,Federal Contract Tower,0,22,18,0,40,0,0,45,0,45,0,22,63,0,85,132,0,132,217
07/17/2008,ITH,NY,AEA,EN,Federal Contract Tower,0,22,12,2,36,0,0,38,0,38,0,22,50,2,74,102,0,102,176
07/18/2008,ITH,NY,AEA,EN,Federal Contract Tower,0,30,18,0,48,0,1,41,0,42,0,31,59,0,90,124,0,124,214
07/19/2008,ITH,NY,AEA,EN,Federal Contract Tower,0,21,2,0,23,0,0,19,0,19,0,21,21,0,42,96,0,96,138
07/20/2008,ITH,NY,AEA,EN,Federal Contract Tower,0,15,12,0,27,0,0,15,0,15,0,15,27,0,42,48,0,48,90
07/21/2008,ITH,NY,AEA,EN,Federal Contract Tower,0,25,12,0,37,0,0,6,0,6,0,25,18,0,43,0,0,0,43
07/22/2008,ITH,NY,AEA,EN,Federal Contract Tower,0,22,15,0,37,0,0,22,2,24,0,22,37,2,61,64,0,64,125
07/23/2008,ITH,NY,AEA,EN,Federal Contract Tower,0,18,9,0,27,0,0,10,0,10,0,18,19,0,37,0,0,0,37
07/24/2008,ITH,NY,AEA,EN,Federal Contract Tower,0,21,13,0,34,0,0,0,0,0,0,21,13,0,34,0,0,0,34
07/25/2008,ITH,NY,AEA,EN,Federal Contract Tower,0,22,15,0,37,0,4,51,0,55,0,26,66,0,92,178,0,178,270
07/26/2008,ITH,NY,AEA,EN,Federal Contract Tower,0,17,17,0,34,0,4,29,0,33,0,21,46,0,67,104,0,104,171
07/27/2008,ITH,NY,AEA,EN,Federal Contract Tower,0,13,5,0,18,0,0,40,0,40,0,13,45,0,58,124,0,124,182
07/28/2008,ITH,NY,AEA,EN,Federal Contract Tower,0,23,12,0,35,0,0,31,0,31,0,23,43,0,66,78,0,78,144
07/29/2008,ITH,NY,AEA,EN,Federal Contract Tower,0,22,13,0,35,0,0,46,0,46,0,22,59,0,81,138,0,138,219
07/30/2008,ITH,NY,AEA,EN,Federal Contract Tower,0,19,12,0,31,0,0,37,0,37,0,19,49,0,68,90,0,90,158
07/31/2008,ITH,NY,AEA,EN,Federal Contract Tower,0,24,12,2,38,0,0,32,0,32,0,24,44,2,70,124,2,126,196
08/01/2008,ITH,NY,AEA,EN,Federal Contract Tower,0,20,17,0,37,0,2,33,0,35,0,22,50,0,72,116,0,116,188
08/02/2008,ITH,NY,AEA,EN,Federal Contract Tower,0,20,2,0,22,0,1,17,0,18,0,21,19,0,40,50,0,50,90
08/03/2008,ITH,NY,AEA,EN,Federal Contract Tower,0,17,16,0,33,0,1,10,0,11,0,18,26,0,44,0,0,0,44
08/04/2008,ITH,NY,AEA,EN,Federal Contract Tower,0,22,8,0,30,0,1,54,0,55,0,23,62,0,85,126,0,126,211
08/05/2008,ITH,NY,AEA,EN,Federal Contract Tower,0,19,19,0,38,0,0,58,0,58,0,19,77,0,96,135,0,135,231
08/06/2008,ITH,NY,AEA,EN,Federal Contract Tower,0,22,11,0,33,0,2,20,0,22,0,24,31,0,55,92,0,92,147
08/07/2008,ITH,NY,AEA,EN,Federal Contract Tower,0,19,23,0,42,0,0,45,0,45,0,19,68,0,87,132,0,132,219
08/08/2008,ITH,NY,AEA,EN,Federal Contract Tower,0,21,12,0,33,0,0,9,0,9,0,21,21,0,42,24,0,24,66
08/09/2008,ITH,NY,AEA,EN,Federal Contract Tower,0,25,13,0,38,0,4,20,0,24,0,29,33,0,62,116,0,116,178
08/10/2008,ITH,NY,AEA,EN,Federal Contract Tower,0,13,14,0,27,0,0,36,0,36,0,13,50,0,63,92,0,92,155
08/11/2008,ITH,NY,AEA,EN,Federal Contract Tower,0,17,6,0,23,0,0,29,0,29,0,17,35,0,52,110,0,110,162
08/12/2008,ITH,NY,AEA,EN,Federal Contract Tower,0,22,12,0,34,0,4,36,0,40,0,26,48,0,74,82,0,82,156
08/13/2008,ITH,NY,AEA,EN,Federal Contract Tower,0,23,14,0,37,0,0,42,0,42,0,23,56,0,79,108,0,108,187
08/14/2008,ITH,NY,AEA,EN,Federal Contract Tower,0,25,25,0,50,0,2,24,0,26,0,27,49,0,76,100,0,100,176
08/15/2008,ITH,NY,AEA,EN,Federal Contract Tower,0,22,11,0,33,0,0,31,0,31,0,22,42,0,64,114,0,114,178
08/16/2008,ITH,NY,AEA,EN,Federal Contract Tower,0,18,14,0,32,0,0,38,0,38,0,18,52,0,70,142,0,142,212
08/17/2008,ITH,NY,AEA,EN,Federal Contract Tower,0,23,16,0,39,0,1,52,0,53,0,24,68,0,92,122,0,122,214
08/18/2008,ITH,NY,AEA,EN,Federal Contract Tower,0,20,12,0,32,0,1,39,0,40,0,21,51,0,72,87,0,87,159
08/19/2008,ITH,NY,AEA,EN,Federal Contract Tower,0,30,10,0,40,0,0,24,0,24,0,30,34,0,64,98,0,98,162
08/20/2008,ITH,NY,AEA,EN,Federal Contract Tower,0,23,9,0,32,0,3,45,0,48,0,26,54,0,80,154,0,154,234
08/21/2008,ITH,NY,AEA,EN,Federal Contract Tower,0,27,9,0,36,0,0,39,0,39,0,27,48,0,75,120,0,120,195
08/22/2008,ITH,NY,AEA,EN,Federal Contract Tower,0,23,29,0,52,0,0,26,0,26,0,23,55,0,78,132,0,132,210
08/23/2008,ITH,NY,AEA,EN,Federal Contract Tower,0,18,13,0,31,0,0,42,0,42,0,18,55,0,73,104,0,104,177
08/24/2008,ITH,NY,AEA,EN,Federal Contract Tower,0,15,18,0,33,0,10,20,0,30,0,25,38,0,63,140,0,140,203
08/25/2008,ITH,NY,AEA,EN,Federal Contract Tower,0,22,11,0,33,0,0,36,0,36,0,22,47,0,69,114,0,114,183
08/26/2008,ITH,NY,AEA,EN,Federal Contract Tower,0,27,16,0,43,0,6,55,0,61,0,33,71,0,104,138,0,138,242
08/27/2008,ITH,NY,AEA,EN,Federal Contract Tower,0,19,11,0,30,0,0,43,0,43,0,19,54,0,73,135,0,135,208
08/28/2008,ITH,NY,AEA,EN,Federal Contract Tower,0,18,9,0,27,0,0,38,0,38,0,18,47,0,65,100,0,100,165
08/29/2008,ITH,NY,AEA,EN,Federal Contract Tower,0,22,19,0,41,0,0,7,0,7,0,22,26,0,48,16,0,16,64
08/30/2008,ITH,NY,AEA,EN,Federal Contract Tower,0,18,6,0,24,0,0,16,0,16,0,18,22,0,40,8,2,10,50
08/31/2008,ITH,NY,AEA,EN,Federal Contract Tower,0,15,6,0,21,0,0,41,0,41,0,15,47,0,62,90,0,90,152
09/01/2008,ITH,NY,AEA,EN,Federal Contract Tower,0,23,9,0,32,0,0,54,0,54,0,23,63,0,86,144,0,144,230
09/02/2008,ITH,NY,AEA,EN,Federal Contract Tower,0,29,14,0,43,0,0,57,0,57,0,29,71,0,100,160,0,160,260
09/03/2008,ITH,NY,AEA,EN,Federal Contract Tower,0,36,11,0,47,0,2,41,0,43,0,38,52,0,90,116,0,116,206
09/04/2008,ITH,NY,AEA,EN,Federal Contract Tower,0,21,15,1,37,0,0,33,1,34,0,21,48,2,71,92,0,92,163
09/05/2008,ITH,NY,AEA,EN,Federal Contract Tower,0,25,27,0,52,0,0,30,0,30,0,25,57,0,82,70,0,70,152
09/06/2008,ITH,NY,AEA,EN,Federal Contract Tower,0,16,10,0,26,0,1,0,0,1,0,17,10,0,27,12,0,12,39
09/07/2008,ITH,NY,AEA,EN,Federal Contract Tower,0,27,28,0,55,0,0,18,0,18,0,27,46,0,73,100,0,100,173
09/08/2008,ITH,NY,AEA,EN,Federal Contract Tower,0,31,10,0,41,0,3,33,0,36,0,34,43,0,77,152,0,152,229
09/09/2008,ITH,NY,AEA,EN,Federal Contract Tower,0,19,13,0,32,0,0,25,0,25,0,19,38,0,57,46,0,46,103
09/10/2008,ITH,NY,AEA,EN,Federal Contract Tower,0,24,22,0,46,0,4,72,0,76,0,28,94,0,122,204,0,204,326
09/11/2008,ITH,NY,AEA,EN,Federal Contract Tower,0,18,14,0,32,0,7,44,0,51,0,25,58,0,83,96,0,96,179
09/12/2008,ITH,NY,AEA,EN,Federal Contract Tower,0,22,7,0,29,0,0,1,0,1,0,22,8,0,30,0,0,0,30
09/13/2008,ITH,NY,AEA,EN,Federal Contract Tower,0,23,19,0,42,0,0,6,0,6,0,23,25,0,48,0,0,0,48
09/14/2008,ITH,NY,AEA,EN,Federal Contract Tower,0,22,15,0,37,0,2,31,0,33,0,24,46,0,70,91,0,91,161
09/15/2008,ITH,NY,AEA,EN,Federal Contract Tower,0,26,14,0,40,0,0,10,0,10,0,26,24,0,50,44,0,44,94
09/16/2008,ITH,NY,AEA,EN,Federal Contract Tower,0,21,20,0,41,0,5,49,0,54,0,26,69,0,95,170,0,170,265
09/17/2008,ITH,NY,AEA,EN,Federal Contract Tower,0,29,14,4,47,0,2,75,0,77,0,31,89,4,124,184,0,184,308
09/18/2008,ITH,NY,AEA,EN,Federal Contract Tower,0,23,19,0,42,0,1,46,0,47,0,24,65,0,89,108,0,108,197
09/19/2008,ITH,NY,AEA,EN,Federal Contract Tower,0,27,13,0,40,0,0,50,0,50,0,27,63,0,90,104,0,104,194
09/20/2008,ITH,NY,AEA,EN,Federal Contract Tower,0,20,20,0,40,0,2,84,0,86,0,22,104,0,126,166,0,166,292
09/21/2008,ITH,NY,AEA,EN,Federal Contract Tower,0,15,40,0,55,0,8,29,0,37,0,23,69,0,92,167,0,167,259
09/22/2008,ITH,NY,AEA,EN,Federal Contract Tower,0,22,9,0,31,0,2,29,0,31,0,24,38,0,62,112,0,112,174
09/23/2008,ITH,NY,AEA,EN,Federal Contract Tower,0,22,14,0,36,0,3,35,0,38,0,25,49,0,74,76,0,76,150
09/24/2008,ITH,NY,AEA,EN,Federal Contract Tower,0,21,16,0,37,0,3,44,0,47,0,24,60,0,84,110,0,110,194
09/25/2008,ITH,NY,AEA,EN,Federal Contract Tower,0,20,9,0,29,0,10,39,0,49,0,30,48,0,78,116,0,116,194
09/26/2008,ITH,NY,AEA,EN,Federal Contract Tower,0,33,22,0,55,0,0,15,0,15,0,33,37,0,70,66,0,66,136
09/27/2008,ITH,NY,AEA,EN,Federal Contract Tower,0,25,5,0,30,0,0,1,0,1,0,25,6,0,31,6,0,6,37
09/28/2008,ITH,NY,AEA,EN,Federal Contract Tower,0,21,4,0,25,0,0,0,0,0,0,21,4,0,25,0,0,0,25
09/29/2008,ITH,NY,AEA,EN,Federal Contract Tower,0,25,23,0,48,0,0,1,0,1,0,25,24,0,49,0,0,0,49
09/30/2008,ITH,NY,AEA,EN,Federal Contract Tower,0,26,15,0,41,0,4,4,0,8,0,30,19,0,49,8,0,8,57
10/01/2008,ITH,NY,AEA,EN,Federal Contract Tower,0,27,12,0,39,0,0,4,0,4,0,27,16,0,43,65,0,65,108
10/02/2008,ITH,NY,AEA,EN,Federal Contract Tower,0,31,14,0,45,0,0,23,0,23,0,31,37,0,68,78,0,78,146
10/03/2008,ITH,NY,AEA,EN,Federal Contract Tower,0,30,17,0,47,0,0,13,0,13,0,30,30,0,60,28,0,28,88
10/04/2008,ITH,NY,AEA,EN,Federal Contract Tower,0,31,10,0,41,0,0,38,0,38,0,31,48,0,79,78,0,78,157
10/05/2008,ITH,NY,AEA,EN,Federal Contract Tower,0,22,17,0,39,0,2,28,0,30,0,24,45,0,69,72,0,72,141
10/06/2008,ITH,NY,AEA,EN,Federal Contract Tower,0,32,11,0,43,0,0,11,0,11,0,32,22,0,54,40,0,40,94
10/07/2008,ITH,NY,AEA,EN,Federal Contract Tower,0,36,11,0,47,0,0,27,0,27,0,36,38,0,74,114,0,114,188
10/08/2008,ITH,NY,AEA,EN,Federal Contract Tower,0,30,14,0,44,0,0,30,0,30,0,30,44,0,74,98,0,98,172
10/09/2008,ITH,NY,AEA,EN,Federal Contract Tower,0,32,16,0,48,0,0,35,0,35,0,32,51,0,83,66,0,66,149
10/10/2008,ITH,NY,AEA,EN,Federal Contract Tower,0,35,15,0,50,0,0,55,0,55,0,35,70,0,105,204,0,204,309
10/11/2008,ITH,NY,AEA,EN,Federal Contract Tower,0,23,5,0,28,0,0,59,0,59,0,23,64,0,87,162,0,162,249
10/12/2008,ITH,NY,AEA,EN,Federal Contract Tower,0,23,7,0,30,0,2,43,0,45,0,25,50,0,75,126,0,126,201
10/13/2008,ITH,NY,AEA,EN,Federal Contract Tower,0,36,3,0,39,0,3,45,0,48,0,39,48,0,87,115,0,115,202
10/14/2008,ITH,NY,AEA,EN,Federal Contract Tower,0,30,14,0,44,0,0,25,0,25,0,30,39,0,69,94,0,94,163
10/15/2008,ITH,NY,AEA,EN,Federal Contract Tower,0,39,19,0,58,0,5,52,0,57,0,44,71,0,115,126,0,126,241
10/16/2008,ITH,NY,AEA,EN,Federal Contract Tower,0,37,20,0,57,0,0,3,0,3,0,37,23,0,60,0,0,0,60
10/17/2008,ITH,NY,AEA,EN,Federal Contract Tower,0,40,18,0,58,0,0,14,0,14,0,40,32,0,72,16,0,16,88
10/18/2008,ITH,NY,AEA,EN,Federal Contract Tower,0,41,21,0,62,0,2,26,0,28,0,43,47,0,90,44,0,44,134
10/19/2008,ITH,NY,AEA,EN,Federal Contract Tower,0,29,15,0,44,0,3,32,0,35,0,32,47,0,79,120,0,120,199
10/20/2008,ITH,NY,AEA,EN,Federal Contract Tower,0,30,9,0,39,0,0,21,0,21,0,30,30,0,60,32,0,32,92
10/21/2008,ITH,NY,AEA,EN,Federal Contract Tower,0,30,12,0,42,0,3,0,0,3,0,33,12,0,45,0,0,0,45
10/22/2008,ITH,NY,AEA,EN,Federal Contract Tower,0,33,13,0,46,0,0,1,0,1,0,33,14,0,47,0,0,0,47
10/23/2008,ITH,NY,AEA,EN,Federal Contract Tower,0,36,11,0,47,0,0,0,0,0,0,36,11,0,47,82,0,82,129
10/24/2008,ITH,NY,AEA,EN,Federal Contract Tower,0,35,20,0,55,0,0,22,0,22,0,35,42,0,77,68,0,68,145
10/25/2008,ITH,NY,AEA,EN,Federal Contract Tower,0,28,7,0,35,0,0,0,0,0,0,28,7,0,35,0,0,0,35
10/26/2008,ITH,NY,AEA,EN,Federal Contract Tower,0,23,10,0,33,0,0,14,0,14,0,23,24,0,47,140,0,140,187
10/27/2008,ITH,NY,AEA,EN,Federal Contract Tower,0,34,3,0,37,0,0,20,0,20,0,34,23,0,57,108,0,108,165
10/28/2008,ITH,NY,AEA,EN,Federal Contract Tower,0,31,10,0,41,0,0,0,0,0,0,31,10,0,41,0,0,0,41
10/29/2008,ITH,NY,AEA,EN,Federal Contract Tower,0,30,12,0,42,0,0,1,0,1,0,30,13,0,43,0,0,0,43
10/30/2008,ITH,NY,AEA,EN,Federal Contract Tower,0,32,16,0,48,0,0,30,0,30,0,32,46,0,78,38,0,38,116
10/31/2008,ITH,NY,AEA,EN,Federal Contract Tower,0,42,12,0,54,0,4,21,0,25,0,46,33,0,79,55,0,55,134
11/01/2008,ITH,NY,AEA,EN,Federal Contract Tower,0,27,11,0,38,0,0,29,0,29,0,27,40,0,67,64,0,64,131
11/02/2008,ITH,NY,AEA,EN,Federal Contract Tower,0,25,14,0,39,0,2,29,0,31,0,27,43,0,70,106,0,106,176
11/03/2008,ITH,NY,AEA,EN,Federal Contract Tower,0,34,4,0,38,0,0,12,0,12,0,34,16,0,50,52,0,52,102
11/04/2008,ITH,NY,AEA,EN,Federal Contract Tower,0,36,11,0,47,0,0,36,0,36,0,36,47,0,83,82,0,82,165
11/05/2008,ITH,NY,AEA,EN,Federal Contract Tower,0,34,9,0,43,0,0,29,0,29,0,34,38,0,72,192,0,192,264
11/06/2008,ITH,NY,AEA,EN,Federal Contract Tower,0,29,12,0,41,0,0,11,0,11,0,29,23,0,52,28,0,28,80
11/07/2008,ITH,NY,AEA,EN,Federal Contract Tower,0,39,13,0,52,0,0,8,0,8,0,39,21,0,60,24,0,24,84
11/08/2008,ITH,NY,AEA,EN,Federal Contract Tower,0,29,19,0,48,0,0,0,0,0,0,29,19,0,48,6,0,6,54
11/09/2008,ITH,NY,AEA,EN,Federal Contract Tower,0,28,8,0,36,0,0,26,0,26,0,28,34,0,62,114,0,114,176
11/10/2008,ITH,NY,AEA,EN,Federal Contract Tower,0,35,4,0,39,0,0,1,0,1,0,35,5,0,40,0,0,0,40
11/11/2008,ITH,NY,AEA,EN,Federal Contract Tower,0,31,15,0,46,0,0,5,0,5,0,31,20,0,51,18,0,18,69
11/12/2008,ITH,NY,AEA,EN,Federal Contract Tower,0,34,17,0,51,0,2,32,0,34,0,36,49,0,85,70,0,70,155
11/13/2008,ITH,NY,AEA,EN,Federal Contract Tower,0,25,20,0,45,0,0,0,0,0,0,25,20,0,45,0,0,0,45
11/14/2008,ITH,NY,AEA,EN,Federal Contract Tower,0,31,10,0,41,0,0,10,0,10,0,31,20,0,51,24,0,24,75
11/15/2008,ITH,NY,AEA,EN,Federal Contract Tower,0,20,5,0,25,0,0,0,0,0,0,20,5,0,25,0,0,0,25
11/16/2008,ITH,NY,AEA,EN,Federal Contract Tower,0,20,3,0,23,0,0,1,0,1,0,20,4,0,24,0,0,0,24
11/17/2008,ITH,NY,AEA,EN,Federal Contract Tower,0,31,5,0,36,0,0,1,0,1,0,31,6,0,37,7,0,7,44
11/18/2008,ITH,NY,AEA,EN,Federal Contract Tower,0,33,12,0,45,0,0,0,0,0,0,33,12,0,45,0,0,0,45
11/19/2008,ITH,NY,AEA,EN,Federal Contract Tower,0,36,14,0,50,0,0,12,0,12,0,36,26,0,62,64,0,64,126
11/20/2008,ITH,NY,AEA,EN,Federal Contract Tower,0,29,5,0,34,0,0,1,0,1,0,29,6,0,35,0,0,0,35
11/21/2008,ITH,NY,AEA,EN,Federal Contract Tower,0,33,15,0,48,0,0,4,0,4,0,33,19,0,52,0,0,0,52
11/22/2008,ITH,NY,AEA,EN,Federal Contract Tower,0,31,12,0,43,0,0,2,0,2,0,31,14,0,45,4,0,4,49
11/23/2008,ITH,NY,AEA,EN,Federal Contract Tower,0,22,8,0,30,0,2,13,0,15,0,24,21,0,45,37,0,37,82
11/24/2008,ITH,NY,AEA,EN,Federal Contract Tower,0,36,6,0,42,0,0,10,0,10,0,36,16,0,52,24,0,24,76
11/25/2008,ITH,NY,AEA,EN,Federal Contract Tower,0,40,17,0,57,0,0,23,0,23,0,40,40,0,80,23,0,23,103
11/26/2008,ITH,NY,AEA,EN,Federal Contract Tower,0,27,14,0,41,0,0,5,0,5,0,27,19,0,46,26,0,26,72
11/27/2008,ITH,NY,AEA,EN,Federal Contract Tower,0,15,1,0,16,0,0,2,0,2,0,15,3,0,18,0,0,0,18
11/28/2008,ITH,NY,AEA,EN,Federal Contract Tower,0,17,10,0,27,0,0,12,0,12,0,17,22,0,39,34,0,34,73
11/29/2008,ITH,NY,AEA,EN,Federal Contract Tower,0,27,6,0,33,0,0,17,0,17,0,27,23,0,50,34,0,34,84
11/30/2008,ITH,NY,AEA,EN,Federal Contract Tower,0,24,11,0,35,0,0,0,0,0,0,24,11,0,35,0,0,0,35
12/01/2008,ITH,NY,AEA,EN,Federal Contract Tower,0,34,8,0,42,0,0,3,0,3,0,34,11,0,45,6,0,6,51
12/02/2008,ITH,NY,AEA,EN,Federal Contract Tower,0,28,13,0,41,0,0,23,0,23,0,28,36,0,64,100,0,100,164
12/03/2008,ITH,NY,AEA,EN,Federal Contract Tower,0,26,12,0,38,0,0,37,0,37,0,26,49,0,75,116,0,116,191
12/04/2008,ITH,NY,AEA,EN,Federal Contract Tower,0,28,9,0,37,0,0,4,0,4,0,28,13,0,41,18,0,18,59
12/05/2008,ITH,NY,AEA,EN,Federal Contract Tower,0,30,6,0,36,0,0,11,0,11,0,30,17,0,47,36,0,36,83
12/06/2008,ITH,NY,AEA,EN,Federal Contract Tower,0,23,10,0,33,0,5,28,0,33,0,28,38,0,66,80,0,80,146
12/07/2008,ITH,NY,AEA,EN,Federal Contract Tower,0,20,6,0,26,0,0,0,0,0,0,20,6,0,26,0,0,0,26
12/08/2008,ITH,NY,AEA,EN,Federal Contract Tower,0,27,7,0,34,0,0,0,0,0,0,27,7,0,34,72,0,72,106
12/09/2008,ITH,NY,AEA,EN,Federal Contract Tower,0,27,3,0,30,0,0,0,0,0,0,27,3,0,30,0,0,0,30
12/10/2008,ITH,NY,AEA,EN,Federal Contract Tower,0,27,1,0,28,0,0,0,0,0,0,27,1,0,28,0,0,0,28
12/11/2008,ITH,NY,AEA,EN,Federal Contract Tower,0,22,13,0,35,0,0,0,0,0,0,22,13,0,35,0,0,0,35
12/12/2008,ITH,NY,AEA,EN,Federal Contract Tower,0,21,8,0,29,0,0,0,0,0,0,21,8,0,29,0,0,0,29
12/13/2008,ITH,NY,AEA,EN,Federal Contract Tower,0,24,11,0,35,0,3,23,0,26,0,27,34,0,61,86,0,86,147
12/14/2008,ITH,NY,AEA,EN,Federal Contract Tower,0,20,4,0,24,0,1,28,0,29,0,21,32,0,53,92,0,92,145
12/15/2008,ITH,NY,AEA,EN,Federal Contract Tower,0,38,7,0,45,0,0,2,0,2,0,38,9,0,47,8,0,8,55
12/16/2008,ITH,NY,AEA,EN,Federal Contract Tower,0,29,11,0,40,0,1,22,2,25,0,30,33,2,65,90,0,90,155
12/17/2008,ITH,NY,AEA,EN,Federal Contract Tower,0,22,4,0,26,0,0,0,0,0,0,22,4,0,26,2,0,2,28
12/18/2008,ITH,NY,AEA,EN,Federal Contract Tower,0,27,13,0,40,0,0,17,0,17,0,27,30,0,57,70,0,70,127
12/19/2008,ITH,NY,AEA,EN,Federal Contract Tower,0,13,6,0,19,0,0,0,0,0,0,13,6,0,19,0,0,0,19
12/20/2008,ITH,NY,AEA,EN,Federal Contract Tower,0,23,10,0,33,0,0,0,0,0,0,23,10,0,33,0,0,0,33
12/21/2008,ITH,NY,AEA,EN,Federal Contract Tower,0,17,5,0,22,0,0,0,0,0,0,17,5,0,22,0,0,0,22
12/22/2008,ITH,NY,AEA,EN,Federal Contract Tower,0,27,11,0,38,0,0,4,0,4,0,27,15,0,42,11,0,11,53
12/23/2008,ITH,NY,AEA,EN,Federal Contract Tower,0,30,13,0,43,0,0,36,0,36,0,30,49,0,79,140,0,140,219
12/24/2008,ITH,NY,AEA,EN,Federal Contract Tower,0,20,3,0,23,0,0,0,0,0,0,20,3,0,23,0,0,0,23
12/25/2008,ITH,NY,AEA,EN,Federal Contract Tower,0,15,1,0,16,0,0,0,0,0,0,15,1,0,16,0,0,0,16
12/26/2008,ITH,NY,AEA,EN,Federal Contract Tower,0,25,5,0,30,0,0,3,0,3,0,25,8,0,33,14,0,14,47
12/27/2008,ITH,NY,AEA,EN,Federal Contract Tower,0,20,3,0,23,0,0,1,0,1,0,20,4,0,24,0,0,0,24
12/28/2008,ITH,NY,AEA,EN,Federal Contract Tower,0,23,5,0,28,0,0,9,0,9,0,23,14,0,37,30,0,30,67
12/29/2008,ITH,NY,AEA,EN,Federal Contract Tower,0,26,8,0,34,0,0,15,0,15,0,26,23,0,49,70,0,70,119
12/30/2008,ITH,NY,AEA,EN,Federal Contract Tower,0,25,5,0,30,0,2,23,0,25,0,27,28,0,55,104,0,104,159
12/31/2008,ITH,NY,AEA,EN,Federal Contract Tower,0,22,0,0,22,0,0,0,0,0,0,22,0,0,22,0,0,0,22
01/01/2009,ITH,NY,AEA,EN,Federal Contract Tower,0,18,2,0,20,0,0,14,0,14,0,18,16,0,34,38,0,38,72
01/02/2009,ITH,NY,AEA,EN,Federal Contract Tower,0,24,10,0,34,0,0,23,0,23,0,24,33,0,57,80,0,80,137
01/03/2009,ITH,NY,AEA,EN,Federal Contract Tower,0,24,6,0,30,0,0,2,0,2,0,24,8,0,32,12,0,12,44
01/04/2009,ITH,NY,AEA,EN,Federal Contract Tower,0,20,10,0,30,0,0,24,0,24,0,20,34,0,54,126,0,126,180
01/05/2009,ITH,NY,AEA,EN,Federal Contract Tower,0,34,9,0,43,0,0,13,0,13,0,34,22,0,56,66,0,66,122
01/06/2009,ITH,NY,AEA,EN,Federal Contract Tower,0,27,7,0,34,0,2,18,0,20,0,29,25,0,54,70,0,70,124
01/07/2009,ITH,NY,AEA,EN,Federal Contract Tower,0,22,0,0,22,0,0,0,0,0,0,22,0,0,22,0,0,0,22
01/08/2009,ITH,NY,AEA,EN,Federal Contract Tower,0,22,4,0,26,0,0,0,0,0,0,22,4,0,26,0,0,0,26
01/09/2009,ITH,NY,AEA,EN,Federal Contract Tower,0,29,6,0,35,0,0,0,0,0,0,29,6,0,35,0,0,0,35
01/10/2009,ITH,NY,AEA,EN,Federal Contract Tower,0,22,1,0,23,0,0,6,0,6,0,22,7,0,29,4,0,4,33
01/11/2009,ITH,NY,AEA,EN,Federal Contract Tower,0,22,10,0,32,0,0,1,0,1,0,22,11,0,33,0,0,0,33
01/12/2009,ITH,NY,AEA,EN,Federal Contract Tower,0,30,9,0,39,0,0,20,0,20,0,30,29,0,59,48,0,48,107
01/13/2009,ITH,NY,AEA,EN,Federal Contract Tower,0,29,4,0,33,0,0,5,0,5,0,29,9,0,38,0,0,0,38
01/14/2009,ITH,NY,AEA,EN,Federal Contract Tower,0,29,6,0,35,0,0,18,0,18,0,29,24,0,53,60,0,60,113
01/15/2009,ITH,NY,AEA,EN,Federal Contract Tower,0,28,5,0,33,0,0,2,0,2,0,28,7,0,35,0,0,0,35
01/16/2009,ITH,NY,AEA,EN,Federal Contract Tower,0,29,3,0,32,0,0,18,0,18,0,29,21,0,50,56,0,56,106
01/17/2009,ITH,NY,AEA,EN,Federal Contract Tower,0,25,2,0,27,0,8,25,0,33,0,33,27,0,60,62,0,62,122
01/18/2009,ITH,NY,AEA,EN,Federal Contract Tower,0,24,3,0,27,0,0,0,0,0,0,24,3,0,27,16,0,16,43
01/19/2009,ITH,NY,AEA,EN,Federal Contract Tower,0,28,12,0,40,0,0,11,0,11,0,28,23,0,51,54,0,54,105
01/20/2009,ITH,NY,AEA,EN,Federal Contract Tower,0,35,9,0,44,0,0,0,0,0,0,35,9,0,44,0,0,0,44
01/21/2009,ITH,NY,AEA,EN,Federal Contract Tower,0,32,5,0,37,0,0,7,0,7,0,32,12,0,44,52,0,52,96
01/22/2009,ITH,NY,AEA,EN,Federal Contract Tower,0,31,5,0,36,0,0,14,0,14,0,31,19,0,50,62,0,62,112
01/23/2009,ITH,NY,AEA,EN,Federal Contract Tower,0,31,9,0,40,0,4,20,0,24,0,35,29,0,64,76,0,76,140
01/24/2009,ITH,NY,AEA,EN,Federal Contract Tower,0,19,7,0,26,0,0,7,0,7,0,19,14,0,33,0,0,0,33
01/25/2009,ITH,NY,AEA,EN,Federal Contract Tower,0,21,4,0,25,0,0,24,0,24,0,21,28,0,49,50,0,50,99
01/26/2009,ITH,NY,AEA,EN,Federal Contract Tower,0,34,1,0,35,0,0,14,0,14,0,34,15,0,49,18,0,18,67
01/27/2009,ITH,NY,AEA,EN,Federal Contract Tower,0,29,21,0,50,0,0,21,0,21,0,29,42,0,71,70,0,70,141
01/28/2009,ITH,NY,AEA,EN,Federal Contract Tower,0,11,0,0,11,0,0,0,0,0,0,11,0,0,11,0,0,0,11
01/29/2009,ITH,NY,AEA,EN,Federal Contract Tower,0,30,1,0,31,0,0,15,0,15,0,30,16,0,46,70,0,70,116
01/30/2009,ITH,NY,AEA,EN,Federal Contract Tower,0,34,1,0,35,0,0,0,0,0,0,34,1,0,35,0,0,0,35
01/31/2009,ITH,NY,AEA,EN,Federal Contract Tower,0,19,3,0,22,0,0,4,0,4,0,19,7,0,26,10,0,10,36
02/01/2009,ITH,NY,AEA,EN,Federal Contract Tower,0,22,3,0,25,0,0,17,0,17,0,22,20,0,42,74,0,74,116
02/02/2009,ITH,NY,AEA,EN,Federal Contract Tower,0,30,6,0,36,0,0,17,0,17,0,30,23,0,53,28,0,28,81
02/03/2009,ITH,NY,AEA,EN,Federal Contract Tower,0,20,7,0,27,0,2,4,0,6,0,22,11,0,33,0,0,0,33
02/04/2009,ITH,NY,AEA,EN,Federal Contract Tower,0,29,5,0,34,0,0,21,0,21,0,29,26,0,55,16,0,16,71
02/05/2009,ITH,NY,AEA,EN,Federal Contract Tower,0,31,8,0,39,0,0,13,0,13,0,31,21,0,52,62,0,62,114
02/06/2009,ITH,NY,AEA,EN,Federal Contract Tower,0,30,18,0,48,0,0,30,0,30,0,30,48,0,78,88,0,88,166
02/07/2009,ITH,NY,AEA,EN,Federal Contract Tower,0,26,6,0,32,0,0,24,0,24,0,26,30,0,56,124,0,124,180
02/08/2009,ITH,NY,AEA,EN,Federal Contract Tower,0,17,11,0,28,0,0,9,0,9,0,17,20,0,37,38,0,38,75
02/09/2009,ITH,NY,AEA,EN,Federal Contract Tower,0,31,17,0,48,0,0,39,0,39,0,31,56,0,87,124,0,124,211
02/10/2009,ITH,NY,AEA,EN,Federal Contract Tower,0,26,11,0,37,0,0,29,0,29,0,26,40,0,66,84,0,84,150
02/11/2009,ITH,NY,AEA,EN,Federal Contract Tower,0,27,6,0,33,0,0,16,0,16,0,27,22,0,49,66,0,66,115
02/12/2009,ITH,NY,AEA,EN,Federal Contract Tower,0,30,6,0,36,0,0,0,0,0,0,30,6,0,36,0,0,0,36
02/13/2009,ITH,NY,AEA,EN,Federal Contract Tower,0,27,14,0,41,0,0,23,0,23,0,27,37,0,64,58,0,58,122
02/14/2009,ITH,NY,AEA,EN,Federal Contract Tower,0,27,8,0,35,0,0,13,0,13,0,27,21,0,48,124,0,124,172
02/15/2009,ITH,NY,AEA,EN,Federal Contract Tower,0,22,7,0,29,0,0,34,0,34,0,22,41,0,63,134,0,134,197
02/16/2009,ITH,NY,AEA,EN,Federal Contract Tower,0,31,3,0,34,0,3,39,0,42,0,34,42,0,76,61,0,61,137
02/17/2009,ITH,NY,AEA,EN,Federal Contract Tower,0,31,11,0,42,0,4,44,0,48,0,35,55,0,90,134,0,134,224
02/18/2009,ITH,NY,AEA,EN,Federal Contract Tower,0,28,3,0,31,0,0,8,0,8,0,28,11,0,39,8,0,8,47
02/19/2009,ITH,NY,AEA,EN,Federal Contract Tower,0,28,4,0,32,0,0,2,0,2,0,28,6,0,34,0,0,0,34
02/20/2009,ITH,NY,AEA,EN,Federal Contract Tower,0,27,4,0,31,0,0,0,0,0,0,27,4,0,31,0,0,0,31
02/21/2009,ITH,NY,AEA,EN,Federal Contract Tower,0,33,5,0,38,0,0,15,0,15,0,33,20,0,53,60,0,60,113
02/22/2009,ITH,NY,AEA,EN,Federal Contract Tower,0,23,3,0,26,0,0,2,0,2,0,23,5,0,28,0,0,0,28
02/23/2009,ITH,NY,AEA,EN,Federal Contract Tower,0,27,9,0,36,0,0,0,0,0,0,27,9,0,36,0,0,0,36
02/24/2009,ITH,NY,AEA,EN,Federal Contract Tower,0,31,8,0,39,0,0,29,0,29,0,31,37,0,68,62,0,62,130
02/25/2009,ITH,NY,AEA,EN,Federal Contract Tower,0,29,5,0,34,0,0,35,0,35,0,29,40,0,69,60,0,60,129
02/26/2009,ITH,NY,AEA,EN,Federal Contract Tower,0,34,5,2,41,0,9,25,0,34,0,43,30,2,75,78,0,78,153
02/27/2009,ITH,NY,AEA,EN,Federal Contract Tower,0,25,5,0,30,0,0,0,0,0,0,25,5,0,30,0,0,0,30
02/28/2009,ITH,NY,AEA,EN,Federal Contract Tower,0,23,5,0,28,0,2,29,0,31,0,25,34,0,59,38,0,38,97
03/01/2009,ITH,NY,AEA,EN,Federal Contract Tower,0,23,11,0,34,0,0,3,0,3,0,23,14,0,37,14,0,14,51
03/02/2009,ITH,NY,AEA,EN,Federal Contract Tower,0,18,2,0,20,0,0,0,0,0,0,18,2,0,20,0,0,0,20
03/03/2009,ITH,NY,AEA,EN,Federal Contract Tower,0,28,0,0,28,0,0,0,0,0,0,28,0,0,28,42,0,42,70
03/04/2009,ITH,NY,AEA,EN,Federal Contract Tower,0,37,0,10,47,0,0,25,0,25,0,37,25,10,72,82,0,82,154
03/05/2009,ITH,NY,AEA,EN,Federal Contract Tower,0,33,15,0,48,0,3,39,4,46,0,36,54,4,94,156,0,156,250
03/06/2009,ITH,NY,AEA,EN,Federal Contract Tower,0,42,12,0,54,0,0,12,0,12,0,42,24,0,66,36,0,36,102
03/07/2009,ITH,NY,AEA,EN,Federal Contract Tower,0,23,19,0,42,0,0,12,0,12,0,23,31,0,54,26,0,26,80
03/08/2009,ITH,NY,AEA,EN,Federal Contract Tower,0,13,5,0,18,0,0,0,0,0,0,13,5,0,18,0,0,0,18
03/09/2009,ITH,NY,AEA,EN,Federal Contract Tower,0,25,6,0,31,0,0,7,0,7,0,25,13,0,38,12,0,12,50
03/10/2009,ITH,NY,AEA,EN,Federal Contract Tower,0,36,13,0,49,0,0,1,0,1,0,36,14,0,50,0,0,0,50
03/11/2009,ITH,NY,AEA,EN,Federal Contract Tower,0,28,8,0,36,0,0,2,0,2,0,28,10,0,38,0,0,0,38
03/12/2009,ITH,NY,AEA,EN,Federal Contract Tower,0,31,7,0,38,0,0,0,0,0,0,31,7,0,38,0,0,0,38
03/13/2009,ITH,NY,AEA,EN,Federal Contract Tower,0,30,6,0,36,0,0,29,0,29,0,30,35,0,65,48,0,48,113
03/14/2009,ITH,NY,AEA,EN,Federal Contract Tower,0,28,5,0,33,0,4,43,0,47,0,32,48,0,80,96,0,96,176
03/15/2009,ITH,NY,AEA,EN,Federal Contract Tower,0,24,8,0,32,0,0,45,0,45,0,24,53,0,77,118,0,118,195
03/16/2009,ITH,NY,AEA,EN,Federal Contract Tower,0,29,12,0,41,0,0,22,0,22,0,29,34,0,63,74,0,74,137
03/17/2009,ITH,NY,AEA,EN,Federal Contract Tower,0,30,10,0,40,0,0,34,0,34,0,30,44,0,74,94,0,94,168
03/18/2009,ITH,NY,AEA,EN,Federal Contract Tower,0,31,8,0,39,0,0,15,0,15,0,31,23,0,54,20,0,20,74
03/19/2009,ITH,NY,AEA,EN,Federal Contract Tower,0,26,15,0,41,0,0,27,0,27,0,26,42,0,68,102,0,102,170
03/20/2009,ITH,NY,AEA,EN,Federal Contract Tower,0,27,13,0,40,0,0,34,0,34,0,27,47,0,74,68,0,68,142
03/21/2009,ITH,NY,AEA,EN,Federal Contract Tower,0,28,9,0,37,0,3,42,0,45,0,31,51,0,82,40,0,40,122
03/22/2009,ITH,NY,AEA,EN,Federal Contract Tower,0,23,13,0,36,0,0,13,0,13,0,23,26,0,49,40,0,40,89
03/23/2009,ITH,NY,AEA,EN,Federal Contract Tower,0,32,10,0,42,0,1,22,0,23,0,33,32,0,65,70,0,70,135
03/24/2009,ITH,NY,AEA,EN,Federal Contract Tower,0,30,5,0,35,0,2,47,0,49,0,32,52,0,84,166,0,166,250
03/25/2009,ITH,NY,AEA,EN,Federal Contract Tower,0,32,11,0,43,0,0,20,0,20,0,32,31,0,63,36,0,36,99
03/26/2009,ITH,NY,AEA,EN,Federal Contract Tower,0,33,8,0,41,0,0,8,0,8,0,33,16,0,49,0,0,0,49
03/27/2009,ITH,NY,AEA,EN,Federal Contract Tower,0,34,15,0,49,0,2,32,0,34,0,36,47,0,83,54,0,54,137
03/28/2009,ITH,NY,AEA,EN,Federal Contract Tower,0,27,2,0,29,0,0,47,0,47,0,27,49,0,76,74,0,74,150
03/29/2009,ITH,NY,AEA,EN,Federal Contract Tower,0,24,6,0,30,0,0,0,0,0,0,24,6,0,30,0,0,0,30
03/30/2009,ITH,NY,AEA,EN,Federal Contract Tower,2,30,5,0,37,0,0,0,0,0,2,30,5,0,37,12,0,12,49
03/31/2009,ITH,NY,AEA,EN,Federal Contract Tower,0,33,12,0,45,0,0,41,0,41,0,33,53,0,86,130,0,130,216
04/01/2009,ITH,NY,AEA,EN,Federal Contract Tower,0,29,6,0,35,0,0,0,0,0,0,29,6,0,35,0,0,0,35
04/02/2009,ITH,NY,AEA,EN,Federal Contract Tower,0,31,6,0,37,0,4,52,0,56,0,35,58,0,93,120,0,120,213
04/03/2009,ITH,NY,AEA,EN,Federal Contract Tower,0,28,10,0,38,0,0,0,0,0,0,28,10,0,38,0,0,0,38
04/04/2009,ITH,NY,AEA,EN,Federal Contract Tower,0,31,7,0,38,0,0,0,0,0,0,31,7,0,38,0,0,0,38
04/05/2009,ITH,NY,AEA,EN,Federal Contract Tower,0,20,16,0,36,0,8,26,6,40,0,28,42,6,76,86,0,86,162
04/06/2009,ITH,NY,AEA,EN,Federal Contract Tower,0,22,7,0,29,0,0,1,0,1,0,22,8,0,30,0,0,0,30
04/07/2009,ITH,NY,AEA,EN,Federal Contract Tower,0,29,6,0,35,0,2,0,0,2,0,31,6,0,37,0,0,0,37
04/08/2009,ITH,NY,AEA,EN,Federal Contract Tower,0,31,11,0,42,0,0,11,0,11,0,31,22,0,53,2,0,2,55
04/09/2009,ITH,NY,AEA,EN,Federal Contract Tower,0,40,13,0,53,0,0,0,0,0,0,40,13,0,53,180,0,180,233
04/10/2009,ITH,NY,AEA,EN,Federal Contract Tower,0,41,8,0,49,0,0,33,0,33,0,41,41,0,82,132,0,132,214
04/11/2009,ITH,NY,AEA,EN,Federal Contract Tower,0,33,10,0,43,0,12,43,0,55,0,45,53,0,98,82,0,82,180
04/12/2009,ITH,NY,AEA,EN,Federal Contract Tower,0,22,7,0,29,0,0,23,0,23,0,22,30,0,52,28,0,28,80
04/13/2009,ITH,NY,AEA,EN,Federal Contract Tower,2,33,12,0,47,0,0,58,0,58,2,33,70,0,105,88,0,88,193
04/14/2009,ITH,NY,AEA,EN,Federal Contract Tower,0,26,8,0,34,0,0,34,0,34,0,26,42,0,68,118,0,118,186
04/15/2009,ITH,NY,AEA,EN,Federal Contract Tower,0,32,15,0,47,0,0,39,0,39,0,32,54,0,86,69,0,69,155
04/16/2009,ITH,NY,AEA,EN,Federal Contract Tower,0,36,6,0,42,0,1,48,0,49,0,37,54,0,91,160,0,160,251
04/17/2009,ITH,NY,AEA,EN,Federal Contract Tower,0,31,10,0,41,0,1,46,0,47,0,32,56,0,88,124,0,124,212
04/18/2009,ITH,NY,AEA,EN,Federal Contract Tower,0,29,9,0,38,0,0,49,0,49,0,29,58,0,87,64,0,64,151
04/19/2009,ITH,NY,AEA,EN,Federal Contract Tower,0,20,11,0,31,0,0,42,0,42,0,20,53,0,73,128,0,128,201
04/20/2009,ITH,NY,AEA,EN,Federal Contract Tower,0,29,9,0,38,0,0,2,0,2,0,29,11,0,40,0,0,0,40
04/21/2009,ITH,NY,AEA,EN,Federal Contract Tower,0,26,11,0,37,0,0,18,0,18,0,26,29,0,55,42,0,42,97
04/22/2009,ITH,NY,AEA,EN,Federal Contract Tower,0,31,7,0,38,0,0,21,0,21,0,31,28,0,59,50,0,50,109
04/23/2009,ITH,NY,AEA,EN,Federal Contract Tower,0,28,11,0,39,0,0,2,0,2,0,28,13,0,41,0,0,0,41
04/24/2009,ITH,NY,AEA,EN,Federal Contract Tower,0,34,13,0,47,0,0,38,0,38,0,34,51,0,85,88,0,88,173
04/25/2009,ITH,NY,AEA,EN,Federal Contract Tower,0,28,6,0,34,0,3,22,0,25,0,31,28,0,59,32,0,32,91
04/26/2009,ITH,NY,AEA,EN,Federal Contract Tower,0,31,8,0,39,0,0,36,0,36,0,31,44,0,75,118,0,118,193
04/27/2009,ITH,NY,AEA,EN,Federal Contract Tower,0,34,7,0,41,0,0,17,0,17,0,34,24,0,58,36,0,36,94
04/28/2009,ITH,NY,AEA,EN,Federal Contract Tower,0,29,12,0,41,0,0,17,0,17,0,29,29,0,58,40,0,40,98
04/29/2009,ITH,NY,AEA,EN,Federal Contract Tower,0,35,16,0,51,0,2,29,0,31,0,37,45,0,82,92,0,92,174
04/30/2009,ITH,NY,AEA,EN,Federal Contract Tower,0,30,7,0,37,0,0,1,0,1,0,30,8,0,38,12,0,12,50
05/01/2009,ITH,NY,AEA,EN,Federal Contract Tower,0,25,6,0,31,0,0,13,0,13,0,25,19,0,44,16,0,16,60
05/02/2009,ITH,NY,AEA,EN,Federal Contract Tower,0,25,7,0,32,0,0,40,0,40,0,25,47,0,72,70,0,70,142
05/03/2009,ITH,NY,AEA,EN,Federal Contract Tower,0,21,9,0,30,0,4,34,0,38,0,25,43,0,68,124,0,124,192
05/04/2009,ITH,NY,AEA,EN,Federal Contract Tower,0,31,10,0,41,0,0,12,0,12,0,31,22,0,53,78,0,78,131
05/05/2009,ITH,NY,AEA,EN,Federal Contract Tower,0,25,5,0,30,0,0,16,0,16,0,25,21,0,46,72,0,72,118
05/06/2009,ITH,NY,AEA,EN,Federal Contract Tower,0,29,18,0,47,0,2,15,0,17,0,31,33,0,64,40,0,40,104
05/07/2009,ITH,NY,AEA,EN,Federal Contract Tower,0,26,5,0,31,0,0,3,0,3,0,26,8,0,34,16,0,16,50
05/08/2009,ITH,NY,AEA,EN,Federal Contract Tower,0,30,14,1,45,0,0,29,1,30,0,30,43,2,75,96,0,96,171
05/09/2009,ITH,NY,AEA,EN,Federal Contract Tower,0,27,6,0,33,0,0,63,0,63,0,27,69,0,96,182,0,182,278
05/10/2009,ITH,NY,AEA,EN,Federal Contract Tower,0,24,12,0,36,0,0,16,0,16,0,24,28,0,52,54,0,54,106
05/11/2009,ITH,NY,AEA,EN,Federal Contract Tower,0,33,21,0,54,0,2,36,0,38,0,35,57,0,92,114,0,114,206
05/12/2009,ITH,NY,AEA,EN,Federal Contract Tower,0,27,11,0,38,0,0,41,0,41,0,27,52,0,79,130,0,130,209
05/13/2009,ITH,NY,AEA,EN,Federal Contract Tower,0,32,5,0,37,0,0,39,0,39,0,32,44,0,76,152,0,152,228
05/14/2009,ITH,NY,AEA,EN,Federal Contract Tower,0,28,4,1,33,0,0,0,0,0,0,28,4,1,33,0,0,0,33
05/15/2009,ITH,NY,AEA,EN,Federal Contract Tower,0,35,8,2,45,0,2,34,0,36,0,37,42,2,81,186,0,186,267
05/16/2009,ITH,NY,AEA,EN,Federal Contract Tower,0,23,8,0,31,0,0,0,0,0,0,23,8,0,31,0,0,0,31
05/17/2009,ITH,NY,AEA,EN,Federal Contract Tower,0,28,16,0,44,0,2,18,0,20,0,30,34,0,64,40,0,40,104
05/18/2009,ITH,NY,AEA,EN,Federal Contract Tower,0,33,5,0,38,0,0,15,0,15,0,33,20,0,53,64,0,64,117
05/19/2009,ITH,NY,AEA,EN,Federal Contract Tower,0,33,9,0,42,0,0,28,0,28,0,33,37,0,70,114,0,114,184
05/20/2009,ITH,NY,AEA,EN,Federal Contract Tower,0,23,25,0,48,0,0,26,0,26,0,23,51,0,74,182,0,182,256
05/21/2009,ITH,NY,AEA,EN,Federal Contract Tower,0,36,10,0,46,0,0,30,0,30,0,36,40,0,76,142,0,142,218
05/22/2009,ITH,NY,AEA,EN,Federal Contract Tower,0,49,29,0,78,0,0,49,0,49,0,49,78,0,127,138,0,138,265
05/23/2009,ITH,NY,AEA,EN,Federal Contract Tower,0,33,8,0,41,0,0,26,0,26,0,33,34,0,67,58,0,58,125
05/24/2009,ITH,NY,AEA,EN,Federal Contract Tower,0,29,17,0,46,0,0,47,0,47,0,29,64,0,93,1,0,1,94
05/25/2009,ITH,NY,AEA,EN,Federal Contract Tower,0,44,18,0,62,0,3,58,0,61,0,47,76,0,123,110,0,110,233
05/26/2009,ITH,NY,AEA,EN,Federal Contract Tower,0,30,12,0,42,0,0,21,0,21,0,30,33,0,63,36,0,36,99
05/27/2009,ITH,NY,AEA,EN,Federal Contract Tower,0,28,6,0,34,0,0,7,0,7,0,28,13,0,41,10,0,10,51
05/28/2009,ITH,NY,AEA,EN,Federal Contract Tower,0,32,4,0,36,0,0,0,0,0,0,32,4,0,36,0,0,0,36
05/29/2009,ITH,NY,AEA,EN,Federal Contract Tower,0,32,15,0,47,0,0,3,0,3,0,32,18,0,50,0,0,0,50
05/30/2009,ITH,NY,AEA,EN,Federal Contract Tower,0,33,5,0,38,0,0,27,0,27,0,33,32,0,65,86,0,86,151
05/31/2009,ITH,NY,AEA,EN,Federal Contract Tower,0,23,7,0,30,0,2,23,0,25,0,25,30,0,55,44,0,44,99
06/01/2009,ITH,NY,AEA,EN,Federal Contract Tower,0,31,10,0,41,0,0,0,0,0,0,31,10,0,41,124,0,124,165
06/02/2009,ITH,NY,AEA,EN,Federal Contract Tower,0,25,4,0,29,0,0,8,0,8,0,25,12,0,37,94,0,94,131
06/03/2009,ITH,NY,AEA,EN,Federal Contract Tower,0,23,10,0,33,0,0,17,0,17,0,23,27,0,50,116,0,116,166
06/04/2009,ITH,NY,AEA,EN,Federal Contract Tower,0,37,19,0,56,0,3,36,0,39,0,40,55,0,95,142,0,142,237
06/05/2009,ITH,NY,AEA,EN,Federal Contract Tower,0,28,12,0,40,0,0,37,0,37,0,28,49,0,77,70,0,70,147
06/06/2009,ITH,NY,AEA,EN,Federal Contract Tower,0,28,15,0,43,0,0,51,0,51,0,28,66,0,94,91,0,91,185
06/07/2009,ITH,NY,AEA,EN,Federal Contract Tower,0,29,20,1,50,0,4,41,0,45,0,33,61,1,95,132,0,132,227
06/08/2009,ITH,NY,AEA,EN,Federal Contract Tower,0,33,8,0,41,0,0,21,0,21,0,33,29,0,62,34,0,34,96
06/09/2009,ITH,NY,AEA,EN,Federal Contract Tower,0,17,7,0,24,0,0,16,0,16,0,17,23,0,40,58,0,58,98
06/10/2009,ITH,NY,AEA,EN,Federal Contract Tower,0,29,8,0,37,0,0,9,0,9,0,29,17,0,46,66,0,66,112
06/11/2009,ITH,NY,AEA,EN,Federal Contract Tower,0,28,10,1,39,0,0,12,0,12,0,28,22,1,51,32,0,32,83
06/12/2009,ITH,NY,AEA,EN,Federal Contract Tower,0,25,14,0,39,0,0,3,0,3,0,25,17,0,42,0,0,0,42
06/13/2009,ITH,NY,AEA,EN,Federal Contract Tower,0,24,5,0,29,0,0,16,0,16,0,24,21,0,45,58,0,58,103
06/14/2009,ITH,NY,AEA,EN,Federal Contract Tower,0,21,5,0,26,0,0,45,0,45,0,21,50,0,71,143,0,143,214
06/15/2009,ITH,NY,AEA,EN,Federal Contract Tower,0,27,10,0,37,0,1,29,0,30,0,28,39,0,67,60,0,60,127
06/16/2009,ITH,NY,AEA,EN,Federal Contract Tower,0,34,7,0,41,0,6,29,0,35,0,40,36,0,76,130,0,130,206
06/17/2009,ITH,NY,AEA,EN,Federal Contract Tower,0,23,12,0,35,0,0,14,0,14,0,23,26,0,49,83,0,83,132
06/18/2009,ITH,NY,AEA,EN,Federal Contract Tower,0,25,14,0,39,0,0,0,0,0,0,25,14,0,39,0,0,0,39
06/19/2009,ITH,NY,AEA,EN,Federal Contract Tower,0,28,15,0,43,0,0,3,0,3,0,28,18,0,46,0,0,0,46
06/20/2009,ITH,NY,AEA,EN,Federal Contract Tower,0,20,10,0,30,0,0,0,0,0,0,20,10,0,30,0,0,0,30
06/21/2009,ITH,NY,AEA,EN,Federal Contract Tower,0,22,11,0,33,0,0,14,0,14,0,22,25,0,47,18,0,18,65
06/22/2009,ITH,NY,AEA,EN,Federal Contract Tower,0,26,9,0,35,0,4,9,0,13,0,30,18,0,48,51,0,51,99
06/23/2009,ITH,NY,AEA,EN,Federal Contract Tower,0,25,9,0,34,0,6,35,0,41,0,31,44,0,75,108,0,108,183
06/24/2009,ITH,NY,AEA,EN,Federal Contract Tower,0,30,8,0,38,0,0,46,0,46,0,30,54,0,84,98,0,98,182
06/25/2009,ITH,NY,AEA,EN,Federal Contract Tower,0,23,8,0,31,0,0,22,0,22,0,23,30,0,53,34,0,34,87
06/26/2009,ITH,NY,AEA,EN,Federal Contract Tower,0,25,11,0,36,0,0,6,0,6,0,25,17,0,42,26,0,26,68
06/27/2009,ITH,NY,AEA,EN,Federal Contract Tower,0,22,13,0,35,0,6,4,0,10,0,28,17,0,45,6,0,6,51
06/28/2009,ITH,NY,AEA,EN,Federal Contract Tower,0,21,14,0,35,0,0,16,0,16,0,21,30,0,51,124,0,124,175
06/29/2009,ITH,NY,AEA,EN,Federal Contract Tower,0,27,5,0,32,0,4,12,0,16,0,31,17,0,48,80,0,80,128
06/30/2009,ITH,NY,AEA,EN,Federal Contract Tower,0,25,5,0,30,0,2,11,0,13,0,27,16,0,43,52,0,52,95
07/01/2009,ITH,NY,AEA,EN,Federal Contract Tower,0,25,7,0,32,0,0,23,0,23,0,25,30,0,55,92,0,92,147
07/02/2009,ITH,NY,AEA,EN,Federal Contract Tower,0,29,6,0,35,0,0,5,0,5,0,29,11,0,40,2,0,2,42
07/03/2009,ITH,NY,AEA,EN,Federal Contract Tower,0,24,11,0,35,0,0,11,0,11,0,24,22,0,46,18,0,18,64
07/04/2009,ITH,NY,AEA,EN,Federal Contract Tower,0,19,1,0,20,0,0,22,0,22,0,19,23,0,42,64,0,64,106
07/05/2009,ITH,NY,AEA,EN,Federal Contract Tower,0,21,8,0,29,0,2,42,0,44,0,23,50,0,73,140,0,140,213
07/06/2009,ITH,NY,AEA,EN,Federal Contract Tower,0,27,7,0,34,0,4,25,2,31,0,31,32,2,65,100,6,106,171
07/07/2009,ITH,NY,AEA,EN,Federal Contract Tower,0,23,12,0,35,0,3,16,0,19,0,26,28,0,54,54,0,54,108
07/08/2009,ITH,NY,AEA,EN,Federal Contract Tower,0,23,6,0,29,0,0,40,0,40,0,23,46,0,69,142,0,142,211
07/09/2009,ITH,NY,AEA,EN,Federal Contract Tower,0,29,12,0,41,0,0,50,0,50,0,29,62,0,91,134,0,134,225
07/10/2009,ITH,NY,AEA,EN,Federal Contract Tower,0,28,12,0,40,0,6,39,0,45,0,34,51,0,85,38,0,38,123
07/11/2009,ITH,NY,AEA,EN,Federal Contract Tower,0,25,6,0,31,0,0,15,0,15,0,25,21,0,46,32,0,32,78
07/12/2009,ITH,NY,AEA,EN,Federal Contract Tower,0,19,11,0,30,0,2,40,0,42,0,21,51,0,72,56,0,56,128
07/13/2009,ITH,NY,AEA,EN,Federal Contract Tower,0,25,12,0,37,0,0,21,0,21,0,25,33,0,58,5,0,5,63
07/14/2009,ITH,NY,AEA,EN,Federal Contract Tower,0,25,8,0,33,0,4,34,0,38,0,29,42,0,71,46,0,46,117
07/15/2009,ITH,NY,AEA,EN,Federal Contract Tower,0,25,14,0,39,0,2,35,0,37,0,27,49,0,76,79,0,79,155
07/16/2009,ITH,NY,AEA,EN,Federal Contract Tower,0,21,7,0,28,0,0,11,0,11,0,21,18,0,39,12,0,12,51
07/17/2009,ITH,NY,AEA,EN,Federal Contract Tower,0,28,12,0,40,0,3,18,0,21,0,31,30,0,61,50,0,50,111
07/18/2009,ITH,NY,AEA,EN,Federal Contract Tower,0,19,8,0,27,0,0,28,0,28,0,19,36,0,55,84,0,84,139
07/19/2009,ITH,NY,AEA,EN,Federal Contract Tower,0,19,9,0,28,0,2,27,0,29,0,21,36,0,57,50,0,50,107
07/20/2009,ITH,NY,AEA,EN,Federal Contract Tower,0,26,3,0,29,0,1,45,0,46,0,27,48,0,75,93,0,93,168
07/21/2009,ITH,NY,AEA,EN,Federal Contract Tower,0,21,7,0,28,0,0,21,0,21,0,21,28,0,49,64,0,64,113
07/22/2009,ITH,NY,AEA,EN,Federal Contract Tower,0,26,5,0,31,0,6,21,0,27,0,32,26,0,58,118,0,118,176
07/23/2009,ITH,NY,AEA,EN,Federal Contract Tower,0,24,12,0,36,0,0,3,0,3,0,24,15,0,39,10,0,10,49
07/24/2009,ITH,NY,AEA,EN,Federal Contract Tower,0,27,17,0,44,0,0,10,0,10,0,27,27,0,54,12,0,12,66
07/25/2009,ITH,NY,AEA,EN,Federal Contract Tower,0,20,10,0,30,0,0,37,0,37,0,20,47,0,67,58,0,58,125
07/26/2009,ITH,NY,AEA,EN,Federal Contract Tower,0,22,5,0,27,0,3,30,0,33,0,25,35,0,60,70,0,70,130
07/27/2009,ITH,NY,AEA,EN,Federal Contract Tower,0,27,8,0,35,0,3,30,0,33,0,30,38,0,68,14,0,14,82
07/28/2009,ITH,NY,AEA,EN,Federal Contract Tower,0,27,4,0,31,0,7,34,2,43,0,34,38,2,74,50,0,50,124
07/29/2009,ITH,NY,AEA,EN,Federal Contract Tower,0,19,3,0,22,0,0,6,0,6,0,19,9,0,28,15,0,15,43
07/30/2009,ITH,NY,AEA,EN,Federal Contract Tower,0,24,12,0,36,0,0,35,0,35,0,24,47,0,71,128,0,128,199
07/31/2009,ITH,NY,AEA,EN,Federal Contract Tower,0,22,12,0,34,0,0,1,0,1,0,22,13,0,35,18,0,18,53
08/01/2009,ITH,NY,AEA,EN,Federal Contract Tower,0,20,9,0,29,0,4,35,0,39,0,24,44,0,68,62,0,62,130
08/02/2009,ITH,NY,AEA,EN,Federal Contract Tower,0,13,19,0,32,0,0,11,0,11,0,13,30,0,43,26,0,26,69
08/03/2009,ITH,NY,AEA,EN,Federal Contract Tower,0,30,13,0,43,0,5,55,0,60,0,35,68,0,103,118,0,118,221
08/04/2009,ITH,NY,AEA,EN,Federal Contract Tower,0,24,9,0,33,0,2,24,0,26,0,26,33,0,59,80,0,80,139
08/05/2009,ITH,NY,AEA,EN,Federal Contract Tower,0,23,6,0,29,0,6,35,0,41,0,29,41,0,70,140,0,140,210
08/06/2009,ITH,NY,AEA,EN,Federal Contract Tower,0,32,11,0,43,0,4,46,0,50,0,36,57,0,93,130,0,130,223
08/07/2009,ITH,NY,AEA,EN,Federal Contract Tower,0,33,19,0,52,0,0,63,0,63,0,33,82,0,115,100,0,100,215
08/08/2009,ITH,NY,AEA,EN,Federal Contract Tower,0,23,8,0,31,0,6,52,0,58,0,29,60,0,89,86,0,86,175
08/09/2009,ITH,NY,AEA,EN,Federal Contract Tower,0,18,16,0,34,0,0,19,0,19,0,18,35,0,53,0,0,0,53
08/10/2009,ITH,NY,AEA,EN,Federal Contract Tower,0,28,18,0,46,0,0,14,0,14,0,28,32,0,60,30,0,30,90
08/11/2009,ITH,NY,AEA,EN,Federal Contract Tower,0,32,6,0,38,0,2,29,0,31,0,34,35,0,69,102,0,102,171
08/12/2009,ITH,NY,AEA,EN,Federal Contract Tower,0,32,7,0,39,0,0,39,0,39,0,32,46,0,78,152,0,152,230
08/13/2009,ITH,NY,AEA,EN,Federal Contract Tower,0,30,20,0,50,0,2,39,0,41,0,32,59,0,91,96,0,96,187
08/14/2009,ITH,NY,AEA,EN,Federal Contract Tower,0,31,12,0,43,0,5,52,0,57,0,36,64,0,100,80,0,80,180
08/15/2009,ITH,NY,AEA,EN,Federal Contract Tower,0,22,9,0,31,0,1,53,0,54,0,23,62,0,85,98,0,98,183
08/16/2009,ITH,NY,AEA,EN,Federal Contract Tower,0,20,10,0,30,0,3,32,0,35,0,23,42,0,65,108,0,108,173
08/17/2009,ITH,NY,AEA,EN,Federal Contract Tower,0,27,11,0,38,0,3,20,0,23,0,30,31,0,61,68,2,70,131
08/18/2009,ITH,NY,AEA,EN,Federal Contract Tower,0,26,12,1,39,0,0,26,0,26,0,26,38,1,65,60,0,60,125
08/19/2009,ITH,NY,AEA,EN,Federal Contract Tower,0,22,18,0,40,0,7,56,0,63,0,29,74,0,103,174,0,174,277
08/20/2009,ITH,NY,AEA,EN,Federal Contract Tower,0,30,11,0,41,0,4,25,7,36,0,34,36,7,77,70,0,70,147
08/21/2009,ITH,NY,AEA,EN,Federal Contract Tower,0,23,22,0,45,0,0,13,0,13,0,23,35,0,58,0,0,0,58
08/22/2009,ITH,NY,AEA,EN,Federal Contract Tower,0,27,22,0,49,0,2,43,0,45,0,29,65,0,94,46,0,46,140
08/23/2009,ITH,NY,AEA,EN,Federal Contract Tower,0,25,9,0,34,0,0,24,0,24,0,25,33,0,58,1,0,1,59
08/24/2009,ITH,NY,AEA,EN,Federal Contract Tower,0,27,11,0,38,0,2,9,0,11,0,29,20,0,49,37,0,37,86
08/25/2009,ITH,NY,AEA,EN,Federal Contract Tower,0,39,25,0,64,0,0,62,0,62,0,39,87,0,126,118,0,118,244
08/26/2009,ITH,NY,AEA,EN,Federal Contract Tower,0,30,18,0,48,0,2,12,0,14,0,32,30,0,62,34,0,34,96
08/27/2009,ITH,NY,AEA,EN,Federal Contract Tower,0,25,13,0,38,0,2,38,0,40,0,27,51,0,78,106,0,106,184
08/28/2009,ITH,NY,AEA,EN,Federal Contract Tower,0,24,21,0,45,0,0,25,0,25,0,24,46,0,70,68,0,68,138
08/29/2009,ITH,NY,AEA,EN,Federal Contract Tower,0,21,6,0,27,0,0,2,0,2,0,21,8,0,29,14,0,14,43
08/30/2009,ITH,NY,AEA,EN,Federal Contract Tower,0,18,16,0,34,0,0,27,0,27,0,18,43,0,61,76,0,76,137
08/31/2009,ITH,NY,AEA,EN,Federal Contract Tower,0,27,6,0,33,0,4,45,0,49,0,31,51,0,82,160,0,160,242
09/01/2009,ITH,NY,AEA,EN,Federal Contract Tower,0,23,10,1,34,0,4,52,0,56,0,27,62,1,90,92,2,94,184
09/02/2009,ITH,NY,AEA,EN,Federal Contract Tower,0,29,9,2,40,0,2,49,0,51,0,31,58,2,91,129,0,129,220
09/03/2009,ITH,NY,AEA,EN,Federal Contract Tower,0,25,7,0,32,0,2,42,0,44,0,27,49,0,76,130,0,130,206
09/04/2009,ITH,NY,AEA,EN,Federal Contract Tower,0,27,9,0,36,0,6,70,0,76,0,33,79,0,112,84,0,84,196
09/05/2009,ITH,NY,AEA,EN,Federal Contract Tower,0,17,10,0,27,0,0,59,0,59,0,17,69,0,86,74,0,74,160
09/06/2009,ITH,NY,AEA,EN,Federal Contract Tower,0,16,10,0,26,0,0,48,0,48,0,16,58,0,74,72,0,72,146
09/07/2009,ITH,NY,AEA,EN,Federal Contract Tower,0,20,24,0,44,0,0,33,0,33,0,20,57,0,77,130,0,130,207
09/08/2009,ITH,NY,AEA,EN,Federal Contract Tower,0,27,17,0,44,0,2,32,0,34,0,29,49,0,78,112,0,112,190
09/09/2009,ITH,NY,AEA,EN,Federal Contract Tower,0,30,9,1,40,0,2,32,0,34,0,32,41,1,74,108,0,108,182
09/10/2009,ITH,NY,AEA,EN,Federal Contract Tower,0,22,13,0,35,0,2,61,0,63,0,24,74,0,98,222,0,222,320
09/11/2009,ITH,NY,AEA,EN,Federal Contract Tower,0,20,11,0,31,0,0,24,0,24,0,20,35,0,55,58,0,58,113
09/12/2009,ITH,NY,AEA,EN,Federal Contract Tower,0,22,10,0,32,0,0,0,0,0,0,22,10,0,32,0,0,0,32
09/13/2009,ITH,NY,AEA,EN,Federal Contract Tower,0,23,18,0,41,0,3,80,0,83,0,26,98,0,124,198,0,198,322
09/14/2009,ITH,NY,AEA,EN,Federal Contract Tower,0,31,18,0,49,0,2,21,0,23,0,33,39,0,72,82,0,82,154
09/15/2009,ITH,NY,AEA,EN,Federal Contract Tower,0,26,23,0,49,0,0,19,0,19,0,26,42,0,68,36,0,36,104
09/16/2009,ITH,NY,AEA,EN,Federal Contract Tower,0,24,12,0,36,0,0,41,0,41,0,24,53,0,77,146,0,146,223
09/17/2009,ITH,NY,AEA,EN,Federal Contract Tower,0,29,14,0,43,0,0,21,0,21,0,29,35,0,64,80,0,80,144
09/18/2009,ITH,NY,AEA,EN,Federal Contract Tower,0,36,19,0,55,0,1,47,0,48,0,37,66,0,103,68,0,68,171
09/19/2009,ITH,NY,AEA,EN,Federal Contract Tower,0,22,10,0,32,0,2,60,0,62,0,24,70,0,94,98,0,98,192
09/20/2009,ITH,NY,AEA,EN,Federal Contract Tower,0,18,16,0,34,0,1,82,0,83,0,19,98,0,117,136,0,136,253
09/21/2009,ITH,NY,AEA,EN,Federal Contract Tower,0,29,13,0,42,0,2,45,0,47,0,31,58,0,89,140,0,140,229
09/22/2009,ITH,NY,AEA,EN,Federal Contract Tower,0,30,11,0,41,0,0,16,0,16,0,30,27,0,57,134,0,134,191
09/23/2009,ITH,NY,AEA,EN,Federal Contract Tower,0,30,9,0,39,0,0,9,0,9,0,30,18,0,48,87,0,87,135
09/24/2009,ITH,NY,AEA,EN,Federal Contract Tower,0,26,9,0,35,0,3,26,0,29,0,29,35,0,64,64,0,64,128
09/25/2009,ITH,NY,AEA,EN,Federal Contract Tower,0,26,16,0,42,0,1,31,0,32,0,27,47,0,74,68,0,68,142
09/26/2009,ITH,NY,AEA,EN,Federal Contract Tower,0,21,4,0,25,0,2,18,0,20,0,23,22,0,45,22,0,22,67
09/27/2009,ITH,NY,AEA,EN,Federal Contract Tower,0,18,18,0,36,0,0,0,0,0,0,18,18,0,36,0,0,0,36
09/28/2009,ITH,NY,AEA,EN,Federal Contract Tower,0,27,6,0,33,0,0,1,0,1,0,27,7,0,34,0,0,0,34
09/29/2009,ITH,NY,AEA,EN,Federal Contract Tower,0,28,15,0,43,0,0,3,0,3,0,28,18,0,46,10,0,10,56
09/30/2009,ITH,NY,AEA,EN,Federal Contract Tower,0,28,8,2,38,0,0,0,0,0,0,28,8,2,38,18,0,18,56
10/01/2009,ITH,NY,AEA,EN,Federal Contract Tower,0,35,9,0,44,0,0,9,0,9,0,35,18,0,53,56,0,56,109
10/02/2009,ITH,NY,AEA,EN,Federal Contract Tower,0,34,12,0,46,0,2,12,0,14,0,36,24,0,60,20,0,20,80
10/03/2009,ITH,NY,AEA,EN,Federal Contract Tower,0,31,6,0,37,0,0,38,0,38,0,31,44,0,75,96,0,96,171
10/04/2009,ITH,NY,AEA,EN,Federal Contract Tower,0,18,13,0,31,0,0,38,0,38,0,18,51,0,69,146,2,148,217
10/05/2009,ITH,NY,AEA,EN,Federal Contract Tower,0,30,10,0,40,0,2,23,0,25,0,32,33,0,65,76,0,76,141
10/06/2009,ITH,NY,AEA,EN,Federal Contract Tower,0,31,16,0,47,0,0,56,0,56,0,31,72,0,103,160,0,160,263
10/07/2009,ITH,NY,AEA,EN,Federal Contract Tower,0,25,6,0,31,0,0,6,0,6,0,25,12,0,37,0,0,0,37
10/08/2009,ITH,NY,AEA,EN,Federal Contract Tower,0,32,27,0,59,0,4,36,0,40,0,36,63,0,99,70,0,70,169
10/09/2009,ITH,NY,AEA,EN,Federal Contract Tower,0,32,26,0,58,0,0,0,0,0,0,32,26,0,58,0,0,0,58
10/10/2009,ITH,NY,AEA,EN,Federal Contract Tower,0,16,13,0,29,0,0,15,0,15,0,16,28,0,44,0,0,0,44
10/11/2009,ITH,NY,AEA,EN,Federal Contract Tower,0,19,10,0,29,0,0,36,0,36,0,19,46,0,65,68,0,68,133
10/12/2009,ITH,NY,AEA,EN,Federal Contract Tower,0,28,15,0,43,0,0,31,0,31,0,28,46,0,74,76,0,76,150
10/13/2009,ITH,NY,AEA,EN,Federal Contract Tower,0,28,7,0,35,0,0,12,0,12,0,28,19,0,47,18,0,18,65
10/14/2009,ITH,NY,AEA,EN,Federal Contract Tower,0,27,11,1,39,0,0,18,0,18,0,27,29,1,57,38,0,38,95
10/15/2009,ITH,NY,AEA,EN,Federal Contract Tower,0,26,4,1,31,0,0,10,0,10,0,26,14,1,41,22,0,22,63
10/16/2009,ITH,NY,AEA,EN,Federal Contract Tower,0,32,8,0,40,0,0,4,0,4,0,32,12,0,44,0,0,0,44
10/17/2009,ITH,NY,AEA,EN,Federal Contract Tower,2,22,5,0,29,0,0,6,0,6,2,22,11,0,35,34,0,34,69
10/18/2009,ITH,NY,AEA,EN,Federal Contract Tower,0,20,13,0,33,0,0,72,0,72,0,20,85,0,105,126,0,126,231
10/19/2009,ITH,NY,AEA,EN,Federal Contract Tower,0,30,10,0,40,0,0,41,0,41,0,30,51,0,81,100,0,100,181
10/20/2009,ITH,NY,AEA,EN,Federal Contract Tower,0,27,8,0,35,0,4,23,0,27,0,31,31,0,62,102,0,102,164
10/21/2009,ITH,NY,AEA,EN,Federal Contract Tower,0,38,0,0,38,0,2,22,0,24,0,40,22,0,62,42,0,42,104
10/22/2009,ITH,NY,AEA,EN,Federal Contract Tower,0,41,23,0,64,0,0,33,0,33,0,41,56,0,97,97,0,97,194
10/23/2009,ITH,NY,AEA,EN,Federal Contract Tower,0,31,25,0,56,0,1,3,0,4,0,32,28,0,60,20,0,20,80
10/24/2009,ITH,NY,AEA,EN,Federal Contract Tower,0,33,14,0,47,0,0,1,0,1,0,33,15,0,48,0,0,0,48
10/25/2009,ITH,NY,AEA,EN,Federal Contract Tower,0,24,16,0,40,0,0,37,0,37,0,24,53,0,77,100,0,100,177
10/26/2009,ITH,NY,AEA,EN,Federal Contract Tower,0,31,18,0,49,0,1,39,0,40,0,32,57,0,89,108,0,108,197
10/27/2009,ITH,NY,AEA,EN,Federal Contract Tower,0,28,8,0,36,0,0,20,2,22,0,28,28,2,58,34,0,34,92
10/28/2009,ITH,NY,AEA,EN,Federal Contract Tower,0,28,10,0,38,0,0,0,0,0,0,28,10,0,38,4,0,4,42
10/29/2009,ITH,NY,AEA,EN,Federal Contract Tower,0,28,14,1,43,0,0,0,0,0,0,28,14,1,43,0,0,0,43
10/30/2009,ITH,NY,AEA,EN,Federal Contract Tower,0,28,19,0,47,0,2,1,0,3,0,30,20,0,50,4,0,4,54
10/31/2009,ITH,NY,AEA,EN,Federal Contract Tower,0,19,8,0,27,0,0,1,0,1,0,19,9,0,28,0,0,0,28
11/01/2009,ITH,NY,AEA,EN,Federal Contract Tower,0,20,10,0,30,0,1,41,0,42,0,21,51,0,72,116,0,116,188
11/02/2009,ITH,NY,AEA,EN,Federal Contract Tower,0,24,18,0,42,0,0,38,0,38,0,24,56,0,80,98,0,98,178
11/03/2009,ITH,NY,AEA,EN,Federal Contract Tower,0,26,8,0,34,0,0,20,0,20,0,26,28,0,54,82,0,82,136
11/04/2009,ITH,NY,AEA,EN,Federal Contract Tower,0,25,13,0,38,0,0,8,0,8,0,25,21,0,46,26,0,26,72
11/05/2009,ITH,NY,AEA,EN,Federal Contract Tower,0,25,15,0,40,0,0,8,0,8,0,25,23,0,48,26,0,26,74
11/06/2009,ITH,NY,AEA,EN,Federal Contract Tower,0,28,17,0,45,0,2,15,0,17,0,30,32,0,62,20,0,20,82
11/07/2009,ITH,NY,AEA,EN,Federal Contract Tower,0,23,10,0,33,0,3,30,0,33,0,26,40,0,66,1,0,1,67
11/08/2009,ITH,NY,AEA,EN,Federal Contract Tower,0,21,17,0,38,0,0,59,0,59,0,21,76,0,97,158,0,158,255
11/09/2009,ITH,NY,AEA,EN,Federal Contract Tower,0,26,12,0,38,0,0,27,0,27,0,26,39,0,65,58,0,58,123
11/10/2009,ITH,NY,AEA,EN,Federal Contract Tower,0,26,9,0,35,0,0,7,0,7,0,26,16,0,42,16,0,16,58
11/11/2009,ITH,NY,AEA,EN,Federal Contract Tower,0,29,21,0,50,0,0,27,0,27,0,29,48,0,77,98,0,98,175
11/12/2009,ITH,NY,AEA,EN,Federal Contract Tower,0,33,18,0,51,0,0,27,2,29,0,33,45,2,80,74,0,74,154
11/13/2009,ITH,NY,AEA,EN,Federal Contract Tower,0,27,21,2,50,0,1,11,0,12,0,28,32,2,62,56,0,56,118
11/14/2009,ITH,NY,AEA,EN,Federal Contract Tower,0,29,18,0,47,0,0,2,0,2,0,29,20,0,49,88,0,88,137
11/15/2009,ITH,NY,AEA,EN,Federal Contract Tower,0,23,15,0,38,0,0,23,0,23,0,23,38,0,61,70,0,70,131
11/16/2009,ITH,NY,AEA,EN,Federal Contract Tower,0,26,13,0,39,0,0,26,0,26,0,26,39,0,65,57,0,57,122
11/17/2009,ITH,NY,AEA,EN,Federal Contract Tower,0,24,9,2,35,0,0,34,0,34,0,24,43,2,69,96,0,96,165
11/18/2009,ITH,NY,AEA,EN,Federal Contract Tower,0,28,11,2,41,0,0,25,0,25,0,28,36,2,66,62,0,62,128
11/19/2009,ITH,NY,AEA,EN,Federal Contract Tower,0,22,9,0,31,0,0,3,0,3,0,22,12,0,34,0,0,0,34
11/20/2009,ITH,NY,AEA,EN,Federal Contract Tower,0,29,13,2,44,0,0,7,0,7,0,29,20,2,51,12,0,12,63
11/21/2009,ITH,NY,AEA,EN,Federal Contract Tower,0,20,13,0,33,0,0,9,0,9,0,20,22,0,42,32,0,32,74
11/22/2009,ITH,NY,AEA,EN,Federal Contract Tower,0,21,6,0,27,0,0,26,0,26,0,21,32,0,53,106,0,106,159
11/23/2009,ITH,NY,AEA,EN,Federal Contract Tower,0,25,16,0,41,0,0,11,0,11,0,25,27,0,52,66,0,66,118
11/24/2009,ITH,NY,AEA,EN,Federal Contract Tower,0,24,22,0,46,0,0,0,0,0,0,24,22,0,46,0,0,0,46
11/25/2009,ITH,NY,AEA,EN,Federal Contract Tower,0,26,19,0,45,0,0,7,0,7,0,26,26,0,52,2,0,2,54
11/26/2009,ITH,NY,AEA,EN,Federal Contract Tower,0,14,3,0,17,0,0,5,0,5,0,14,8,0,22,2,0,2,24
11/27/2009,ITH,NY,AEA,EN,Federal Contract Tower,0,14,3,0,17,0,0,1,0,1,0,14,4,0,18,0,0,0,18
11/28/2009,ITH,NY,AEA,EN,Federal Contract Tower,0,19,7,0,26,0,0,0,0,0,0,19,7,0,26,0,0,0,26
11/29/2009,ITH,NY,AEA,EN,Federal Contract Tower,0,28,20,0,48,0,1,39,0,40,0,29,59,0,88,116,0,116,204
11/30/2009,ITH,NY,AEA,EN,Federal Contract Tower,0,30,12,0,42,0,0,2,0,2,0,30,14,0,44,2,0,2,46
12/01/2009,ITH,NY,AEA,EN,Federal Contract Tower,0,27,15,0,42,0,0,14,0,14,0,27,29,0,56,34,0,34,90
12/02/2009,ITH,NY,AEA,EN,Federal Contract Tower,0,31,16,0,47,0,0,21,0,21,0,31,37,0,68,50,0,50,118
12/03/2009,ITH,NY,AEA,EN,Federal Contract Tower,0,28,7,0,35,0,0,4,0,4,0,28,11,0,39,12,0,12,51
12/04/2009,ITH,NY,AEA,EN,Federal Contract Tower,0,29,10,0,39,0,0,18,0,18,0,29,28,0,57,14,0,14,71
12/05/2009,ITH,NY,AEA,EN,Federal Contract Tower,0,19,3,0,22,0,2,4,0,6,0,21,7,0,28,26,0,26,54
12/06/2009,ITH,NY,AEA,EN,Federal Contract Tower,0,19,11,0,30,0,0,35,0,35,0,19,46,0,65,100,0,100,165
12/07/2009,ITH,NY,AEA,EN,Federal Contract Tower,0,27,3,0,30,0,0,16,0,16,0,27,19,0,46,24,0,24,70
12/08/2009,ITH,NY,AEA,EN,Federal Contract Tower,0,27,5,0,32,0,0,11,0,11,0,27,16,0,43,24,0,24,67
12/09/2009,ITH,NY,AEA,EN,Federal Contract Tower,0,21,5,0,26,0,0,0,0,0,0,21,5,0,26,0,0,0,26
12/10/2009,ITH,NY,AEA,EN,Federal Contract Tower,0,27,6,0,33,0,0,2,0,2,0,27,8,0,35,0,0,0,35
12/11/2009,ITH,NY,AEA,EN,Federal Contract Tower,0,23,11,0,34,0,0,0,0,0,0,23,11,0,34,0,0,0,34
12/12/2009,ITH,NY,AEA,EN,Federal Contract Tower,0,21,4,0,25,0,2,21,0,23,0,23,25,0,48,84,0,84,132
12/13/2009,ITH,NY,AEA,EN,Federal Contract Tower,0,19,5,0,24,0,0,0,0,0,0,19,5,0,24,0,0,0,24
12/14/2009,ITH,NY,AEA,EN,Federal Contract Tower,0,32,14,0,46,0,0,6,0,6,0,32,20,0,52,38,0,38,90
12/15/2009,ITH,NY,AEA,EN,Federal Contract Tower,0,29,3,0,32,0,0,0,0,0,0,29,3,0,32,0,0,0,32
12/16/2009,ITH,NY,AEA,EN,Federal Contract Tower,0,24,13,0,37,0,0,3,0,3,0,24,16,0,40,24,0,24,64
12/17/2009,ITH,NY,AEA,EN,Federal Contract Tower,0,28,17,0,45,0,0,2,0,2,0,28,19,0,47,0,0,0,47
12/18/2009,ITH,NY,AEA,EN,Federal Contract Tower,0,32,18,0,50,0,2,35,0,37,0,34,53,0,87,36,0,36,123
12/19/2009,ITH,NY,AEA,EN,Federal Contract Tower,0,22,0,0,22,0,1,11,0,12,0,23,11,0,34,40,0,40,74
12/20/2009,ITH,NY,AEA,EN,Federal Contract Tower,0,11,8,0,19,0,0,9,0,9,0,11,17,0,28,34,0,34,62
12/21/2009,ITH,NY,AEA,EN,Federal Contract Tower,0,30,11,0,41,0,0,0,0,0,0,30,11,0,41,46,0,46,87
12/22/2009,ITH,NY,AEA,EN,Federal Contract Tower,0,29,9,0,38,0,0,19,0,19,0,29,28,0,57,54,0,54,111
12/23/2009,ITH,NY,AEA,EN,Federal Contract Tower,0,28,9,0,37,0,0,4,0,4,0,28,13,0,41,0,0,0,41
12/24/2009,ITH,NY,AEA,EN,Federal Contract Tower,0,20,10,0,30,0,0,1,0,1,0,20,11,0,31,18,0,18,49
12/25/2009,ITH,NY,AEA,EN,Federal Contract Tower,0,12,6,0,18,0,0,0,0,0,0,12,6,0,18,0,0,0,18
12/26/2009,ITH,NY,AEA,EN,Federal Contract Tower,0,19,3,0,22,0,0,0,0,0,0,19,3,0,22,0,0,0,22
12/27/2009,ITH,NY,AEA,EN,Federal Contract Tower,0,19,3,0,22,0,0,36,0,36,0,19,39,0,58,104,0,104,162
12/28/2009,ITH,NY,AEA,EN,Federal Contract Tower,0,21,1,0,22,0,2,0,0,2,0,23,1,0,24,0,0,0,24
12/29/2009,ITH,NY,AEA,EN,Federal Contract Tower,0,20,3,0,23,0,0,0,0,0,0,20,3,0,23,0,0,0,23
12/30/2009,ITH,NY,AEA,EN,Federal Contract Tower,0,24,11,0,35,0,2,23,3,28,0,26,34,3,63,74,0,74,137
12/31/2009,ITH,NY,AEA,EN,Federal Contract Tower,0,16,0,0,16,0,0,0,0,0,0,16,0,0,16,0,0,0,16
01/01/2010,ITH,NY,AEA,EN,Federal Contract Tower,0,20,1,0,21,0,0,0,0,0,0,20,1,0,21,0,0,0,21
01/02/2010,ITH,NY,AEA,EN,Federal Contract Tower,0,15,2,0,17,0,0,0,0,0,0,15,2,0,17,0,0,0,17
01/03/2010,ITH,NY,AEA,EN,Federal Contract Tower,0,11,5,0,16,0,0,0,0,0,0,11,5,0,16,0,0,0,16
01/04/2010,ITH,NY,AEA,EN,Federal Contract Tower,0,25,4,0,29,0,0,0,0,0,0,25,4,0,29,0,0,0,29
01/05/2010,ITH,NY,AEA,EN,Federal Contract Tower,0,25,6,0,31,0,0,2,0,2,0,25,8,0,33,0,0,0,33
01/06/2010,ITH,NY,AEA,EN,Federal Contract Tower,0,27,4,0,31,0,0,0,0,0,0,27,4,0,31,0,0,0,31
01/07/2010,ITH,NY,AEA,EN,Federal Contract Tower,0,24,2,0,26,0,0,2,0,2,0,24,4,0,28,0,0,0,28
01/08/2010,ITH,NY,AEA,EN,Federal Contract Tower,0,25,4,0,29,0,0,0,0,0,0,25,4,0,29,0,0,0,29
01/09/2010,ITH,NY,AEA,EN,Federal Contract Tower,0,15,4,0,19,0,0,0,0,0,0,15,4,0,19,0,0,0,19
01/10/2010,ITH,NY,AEA,EN,Federal Contract Tower,0,20,1,0,21,0,3,29,0,32,0,23,30,0,53,122,0,122,175
01/11/2010,ITH,NY,AEA,EN,Federal Contract Tower,0,25,6,3,34,0,0,10,0,10,0,25,16,3,44,106,2,108,152
01/12/2010,ITH,NY,AEA,EN,Federal Contract Tower,0,28,8,0,36,0,0,0,0,0,0,28,8,0,36,0,0,0,36
01/13/2010,ITH,NY,AEA,EN,Federal Contract Tower,0,26,6,0,32,0,0,5,0,5,0,26,11,0,37,86,0,86,123
01/14/2010,ITH,NY,AEA,EN,Federal Contract Tower,0,27,9,0,36,0,0,42,1,43,0,27,51,1,79,72,0,72,151
01/15/2010,ITH,NY,AEA,EN,Federal Contract Tower,0,26,9,0,35,0,0,0,0,0,0,26,9,0,35,36,0,36,71
01/16/2010,ITH,NY,AEA,EN,Federal Contract Tower,0,13,5,0,18,0,0,34,0,34,0,13,39,0,52,126,0,126,178
01/17/2010,ITH,NY,AEA,EN,Federal Contract Tower,0,19,9,0,28,0,3,18,0,21,0,22,27,0,49,30,0,30,79
01/18/2010,ITH,NY,AEA,EN,Federal Contract Tower,0,20,10,0,30,0,0,0,0,0,0,20,10,0,30,0,0,0,30
01/19/2010,ITH,NY,AEA,EN,Federal Contract Tower,0,27,4,0,31,0,0,0,0,0,0,27,4,0,31,0,0,0,31
01/20/2010,ITH,NY,AEA,EN,Federal Contract Tower,0,27,3,0,30,0,0,0,0,0,0,27,3,0,30,20,0,20,50
01/21/2010,ITH,NY,AEA,EN,Federal Contract Tower,0,32,7,0,39,0,0,20,0,20,0,32,27,0,59,90,0,90,149
01/22/2010,ITH,NY,AEA,EN,Federal Contract Tower,0,26,8,0,34,0,0,31,0,31,0,26,39,0,65,90,0,90,155
01/23/2010,ITH,NY,AEA,EN,Federal Contract Tower,0,16,8,0,24,0,3,44,0,47,0,19,52,0,71,128,0,128,199
01/24/2010,ITH,NY,AEA,EN,Federal Contract Tower,0,18,4,0,22,0,0,6,0,6,0,18,10,0,28,46,0,46,74
01/25/2010,ITH,NY,AEA,EN,Federal Contract Tower,0,29,4,0,33,0,0,0,0,0,0,29,4,0,33,20,0,20,53
01/26/2010,ITH,NY,AEA,EN,Federal Contract Tower,0,29,13,0,42,0,2,10,0,12,0,31,23,0,54,36,0,36,90
01/27/2010,ITH,NY,AEA,EN,Federal Contract Tower,0,28,4,0,32,0,0,5,0,5,0,28,9,0,37,52,0,52,89
01/28/2010,ITH,NY,AEA,EN,Federal Contract Tower,0,26,5,0,31,0,0,0,0,0,0,26,5,0,31,12,0,12,43
01/29/2010,ITH,NY,AEA,EN,Federal Contract Tower,0,25,8,0,33,0,0,0,0,0,0,25,8,0,33,0,0,0,33
01/30/2010,ITH,NY,AEA,EN,Federal Contract Tower,0,12,8,0,20,0,0,28,0,28,0,12,36,0,48,88,0,88,136
01/31/2010,ITH,NY,AEA,EN,Federal Contract Tower,0,16,4,0,20,0,5,29,0,34,0,21,33,0,54,78,0,78,132
02/01/2010,ITH,NY,AEA,EN,Federal Contract Tower,0,26,8,0,34,0,0,12,0,12,0,26,20,0,46,50,0,50,96
02/02/2010,ITH,NY,AEA,EN,Federal Contract Tower,0,25,2,0,27,0,0,17,0,17,0,25,19,0,44,56,0,56,100
02/03/2010,ITH,NY,AEA,EN,Federal Contract Tower,0,26,4,0,30,0,0,2,0,2,0,26,6,0,32,0,0,0,32
02/04/2010,ITH,NY,AEA,EN,Federal Contract Tower,0,26,8,0,34,0,2,27,0,29,0,28,35,0,63,58,0,58,121
02/05/2010,ITH,NY,AEA,EN,Federal Contract Tower,0,23,8,0,31,0,7,60,0,67,0,30,68,0,98,128,0,128,226
02/06/2010,ITH,NY,AEA,EN,Federal Contract Tower,0,11,2,2,15,0,0,35,0,35,0,11,37,2,50,142,0,142,192
02/07/2010,ITH,NY,AEA,EN,Federal Contract Tower,0,20,3,0,23,0,0,0,0,0,0,20,3,0,23,0,0,0,23
02/08/2010,ITH,NY,AEA,EN,Federal Contract Tower,0,27,11,0,38,0,0,4,0,4,0,27,15,0,42,8,0,8,50
02/09/2010,ITH,NY,AEA,EN,Federal Contract Tower,0,23,7,0,30,0,0,8,0,8,0,23,15,0,38,38,0,38,76
02/10/2010,ITH,NY,AEA,EN,Federal Contract Tower,0,5,5,0,10,0,0,0,0,0,0,5,5,0,10,0,0,0,10
02/11/2010,ITH,NY,AEA,EN,Federal Contract Tower,0,16,6,0,22,0,0,3,2,5,0,16,9,2,27,4,0,4,31
02/12/2010,ITH,NY,AEA,EN,Federal Contract Tower,0,29,15,0,44,0,1,9,0,10,0,30,24,0,54,36,0,36,90
02/13/2010,ITH,NY,AEA,EN,Federal Contract Tower,0,16,11,0,27,0,0,0,0,0,0,16,11,0,27,0,0,0,27
02/14/2010,ITH,NY,AEA,EN,Federal Contract Tower,0,19,10,0,29,0,0,3,0,3,0,19,13,0,32,12,0,12,44
02/15/2010,ITH,NY,AEA,EN,Federal Contract Tower,0,26,14,0,40,0,0,34,0,34,0,26,48,0,74,140,0,140,214
02/16/2010,ITH,NY,AEA,EN,Federal Contract Tower,0,20,3,0,23,0,0,0,0,0,0,20,3,0,23,0,0,0,23
02/17/2010,ITH,NY,AEA,EN,Federal Contract Tower,0,26,4,0,30,0,0,0,0,0,0,26,4,0,30,0,0,0,30
02/18/2010,ITH,NY,AEA,EN,Federal Contract Tower,0,24,15,0,39,0,0,2,0,2,0,24,17,0,41,14,0,14,55
02/19/2010,ITH,NY,AEA,EN,Federal Contract Tower,0,31,4,0,35,0,0,0,0,0,0,31,4,0,35,0,0,0,35
02/20/2010,ITH,NY,AEA,EN,Federal Contract Tower,0,14,7,0,21,0,3,17,0,20,0,17,24,0,41,78,0,78,119
02/21/2010,ITH,NY,AEA,EN,Federal Contract Tower,0,19,10,0,29,0,5,55,0,60,0,24,65,0,89,148,0,148,237
02/22/2010,ITH,NY,AEA,EN,Federal Contract Tower,0,28,7,0,35,0,2,39,0,41,0,30,46,0,76,150,0,150,226
02/23/2010,ITH,NY,AEA,EN,Federal Contract Tower,0,24,3,0,27,0,0,2,0,2,0,24,5,0,29,2,0,2,31
02/24/2010,ITH,NY,AEA,EN,Federal Contract Tower,0,28,6,0,34,0,0,0,0,0,0,28,6,0,34,0,0,0,34
02/25/2010,ITH,NY,AEA,EN,Federal Contract Tower,0,11,0,0,11,0,0,0,0,0,0,11,0,0,11,0,0,0,11
02/26/2010,ITH,NY,AEA,EN,Federal Contract Tower,0,7,7,0,14,0,0,0,0,0,0,7,7,0,14,0,0,0,14
02/27/2010,ITH,NY,AEA,EN,Federal Contract Tower,0,113,0,0,113,0,0,0,0,0,0,113,0,0,113,0,0,0,113
02/28/2010,ITH,NY,AEA,EN,Federal Contract Tower,0,17,8,0,25,0,0,0,0,0,0,17,8,0,25,0,0,0,25
03/01/2010,ITH,NY,AEA,EN,Federal Contract Tower,0,29,9,0,38,0,0,0,0,0,0,29,9,0,38,0,0,0,38
03/02/2010,ITH,NY,AEA,EN,Federal Contract Tower,0,26,7,0,33,0,0,2,0,2,0,26,9,0,35,32,0,32,67
03/03/2010,ITH,NY,AEA,EN,Federal Contract Tower,0,22,6,0,28,0,0,0,0,0,0,22,6,0,28,0,0,0,28
03/04/2010,ITH,NY,AEA,EN,Federal Contract Tower,0,29,10,0,39,0,0,15,0,15,0,29,25,0,54,70,0,70,124
03/05/2010,ITH,NY,AEA,EN,Federal Contract Tower,0,26,10,0,36,0,2,33,0,35,0,28,43,0,71,84,0,84,155
03/06/2010,ITH,NY,AEA,EN,Federal Contract Tower,0,13,9,0,22,0,9,41,0,50,0,22,50,0,72,172,0,172,244
03/07/2010,ITH,NY,AEA,EN,Federal Contract Tower,0,19,9,0,28,0,6,46,0,52,0,25,55,0,80,164,0,164,244
03/08/2010,ITH,NY,AEA,EN,Federal Contract Tower,0,27,12,0,39,0,2,35,0,37,0,29,47,0,76,136,0,136,212
03/09/2010,ITH,NY,AEA,EN,Federal Contract Tower,0,27,12,0,39,0,1,48,0,49,0,28,60,0,88,180,0,180,268
03/10/2010,ITH,NY,AEA,EN,Federal Contract Tower,0,31,18,0,49,0,2,20,0,22,0,33,38,0,71,120,0,120,191
03/11/2010,ITH,NY,AEA,EN,Federal Contract Tower,0,34,9,0,43,0,0,27,0,27,0,34,36,0,70,66,0,66,136
03/12/2010,ITH,NY,AEA,EN,Federal Contract Tower,0,31,29,0,60,0,0,2,0,2,0,31,31,0,62,2,0,2,64
03/13/2010,ITH,NY,AEA,EN,Federal Contract Tower,0,14,4,0,18,0,0,0,0,0,0,14,4,0,18,0,0,0,18
03/14/2010,ITH,NY,AEA,EN,Federal Contract Tower,0,18,4,0,22,0,0,5,0,5,0,18,9,0,27,2,0,2,29
03/15/2010,ITH,NY,AEA,EN,Federal Contract Tower,0,24,10,0,34,0,0,2,0,2,0,24,12,0,36,2,0,2,38
03/16/2010,ITH,NY,AEA,EN,Federal Contract Tower,0,26,12,1,39,0,2,48,1,51,0,28,60,2,90,170,0,170,260
03/17/2010,ITH,NY,AEA,EN,Federal Contract Tower,4,31,8,0,43,0,10,43,0,53,4,41,51,0,96,98,0,98,194
03/18/2010,ITH,NY,AEA,EN,Federal Contract Tower,0,38,12,0,50,0,3,38,0,41,0,41,50,0,91,72,0,72,163
03/19/2010,ITH,NY,AEA,EN,Federal Contract Tower,0,33,9,0,42,0,0,33,0,33,0,33,42,0,75,100,0,100,175
03/20/2010,ITH,NY,AEA,EN,Federal Contract Tower,0,16,4,0,20,0,1,40,0,41,0,17,44,0,61,70,0,70,131
03/21/2010,ITH,NY,AEA,EN,Federal Contract Tower,0,20,4,0,24,0,1,30,0,31,0,21,34,0,55,80,0,80,135
03/22/2010,ITH,NY,AEA,EN,Federal Contract Tower,4,21,5,0,30,0,0,0,0,0,4,21,5,0,30,0,0,0,30
03/23/2010,ITH,NY,AEA,EN,Federal Contract Tower,0,23,12,0,35,0,0,0,0,0,0,23,12,0,35,0,0,0,35
03/24/2010,ITH,NY,AEA,EN,Federal Contract Tower,0,24,9,0,33,0,0,8,0,8,0,24,17,0,41,86,0,86,127
03/25/2010,ITH,NY,AEA,EN,Federal Contract Tower,0,28,11,0,39,0,0,11,0,11,0,28,22,0,50,59,0,59,109
03/26/2010,ITH,NY,AEA,EN,Federal Contract Tower,0,25,16,0,41,0,0,13,0,13,0,25,29,0,54,24,0,24,78
03/27/2010,ITH,NY,AEA,EN,Federal Contract Tower,0,13,4,0,17,0,0,44,0,44,0,13,48,0,61,86,0,86,147
03/28/2010,ITH,NY,AEA,EN,Federal Contract Tower,0,20,16,0,36,0,0,5,0,5,0,20,21,0,41,6,0,6,47
03/29/2010,ITH,NY,AEA,EN,Federal Contract Tower,0,26,8,0,34,0,0,0,0,0,0,26,8,0,34,0,0,0,34
03/30/2010,ITH,NY,AEA,EN,Federal Contract Tower,0,22,4,0,26,0,0,0,0,0,0,22,4,0,26,0,0,0,26
03/31/2010,ITH,NY,AEA,EN,Federal Contract Tower,0,29,16,0,45,0,0,16,0,16,0,29,32,0,61,68,0,68,129
04/01/2010,ITH,NY,AEA,EN,Federal Contract Tower,0,33,11,0,44,0,2,38,0,40,0,35,49,0,84,122,0,122,206
04/02/2010,ITH,NY,AEA,EN,Federal Contract Tower,0,27,6,0,33,0,3,78,0,81,0,30,84,0,114,158,0,158,272
04/03/2010,ITH,NY,AEA,EN,Federal Contract Tower,0,20,13,0,33,0,0,41,0,41,0,20,54,0,74,72,0,72,146
04/04/2010,ITH,NY,AEA,EN,Federal Contract Tower,0,24,9,0,33,0,0,29,0,29,0,24,38,0,62,70,0,70,132
04/05/2010,ITH,NY,AEA,EN,Federal Contract Tower,0,26,8,0,34,0,2,33,0,35,0,28,41,0,69,100,0,100,169
04/06/2010,ITH,NY,AEA,EN,Federal Contract Tower,0,35,9,0,44,0,0,19,0,19,0,35,28,0,63,80,0,80,143
04/07/2010,ITH,NY,AEA,EN,Federal Contract Tower,0,35,21,0,56,0,0,37,0,37,0,35,58,0,93,90,0,90,183
04/08/2010,ITH,NY,AEA,EN,Federal Contract Tower,0,26,17,0,43,0,13,0,1,14,0,39,17,1,57,71,0,71,128
04/09/2010,ITH,NY,AEA,EN,Federal Contract Tower,0,27,12,0,39,0,0,10,0,10,0,27,22,0,49,42,0,42,91
04/10/2010,ITH,NY,AEA,EN,Federal Contract Tower,0,23,7,0,30,0,15,32,0,47,0,38,39,0,77,122,0,122,199
04/11/2010,ITH,NY,AEA,EN,Federal Contract Tower,0,21,14,0,35,0,2,25,0,27,0,23,39,0,62,60,0,60,122
04/12/2010,ITH,NY,AEA,EN,Federal Contract Tower,0,34,11,2,47,0,1,38,0,39,0,35,49,2,86,116,0,116,202
04/13/2010,ITH,NY,AEA,EN,Federal Contract Tower,0,33,16,0,49,0,0,32,0,32,0,33,48,0,81,118,0,118,199
04/14/2010,ITH,NY,AEA,EN,Federal Contract Tower,0,31,16,1,48,0,0,36,0,36,0,31,52,1,84,92,0,92,176
04/15/2010,ITH,NY,AEA,EN,Federal Contract Tower,0,29,10,0,39,0,0,28,0,28,0,29,38,0,67,58,0,58,125
04/16/2010,ITH,NY,AEA,EN,Federal Contract Tower,0,35,14,0,49,0,1,9,0,10,0,36,23,0,59,20,0,20,79
04/17/2010,ITH,NY,AEA,EN,Federal Contract Tower,0,14,9,0,23,0,3,13,0,16,0,17,22,0,39,54,0,54,93
04/18/2010,ITH,NY,AEA,EN,Federal Contract Tower,0,21,16,0,37,0,0,3,0,3,0,21,19,0,40,36,0,36,76
04/19/2010,ITH,NY,AEA,EN,Federal Contract Tower,0,36,10,0,46,0,0,28,0,28,0,36,38,0,74,128,0,128,202
04/20/2010,ITH,NY,AEA,EN,Federal Contract Tower,0,26,20,0,46,0,0,20,0,20,0,26,40,0,66,52,0,52,118
04/21/2010,ITH,NY,AEA,EN,Federal Contract Tower,0,31,13,0,44,0,5,41,0,46,0,36,54,0,90,126,0,126,216
04/22/2010,ITH,NY,AEA,EN,Federal Contract Tower,0,31,14,0,45,0,0,15,0,15,0,31,29,0,60,124,0,124,184
04/23/2010,ITH,NY,AEA,EN,Federal Contract Tower,0,34,24,0,58,0,2,58,0,60,0,36,82,0,118,178,0,178,296
04/24/2010,ITH,NY,AEA,EN,Federal Contract Tower,0,18,9,0,27,0,4,60,0,64,0,22,69,0,91,216,0,216,307
04/25/2010,ITH,NY,AEA,EN,Federal Contract Tower,0,23,10,0,33,0,0,0,0,0,0,23,10,0,33,0,0,0,33
04/26/2010,ITH,NY,AEA,EN,Federal Contract Tower,0,32,17,0,49,0,0,2,0,2,0,32,19,0,51,0,0,0,51
04/27/2010,ITH,NY,AEA,EN,Federal Contract Tower,0,24,8,0,32,0,0,0,0,0,0,24,8,0,32,0,0,0,32
04/28/2010,ITH,NY,AEA,EN,Federal Contract Tower,0,27,10,1,38,0,0,10,0,10,0,27,20,1,48,18,0,18,66
04/29/2010,ITH,NY,AEA,EN,Federal Contract Tower,0,28,15,0,43,0,0,18,4,22,0,28,33,4,65,40,0,40,105
04/30/2010,ITH,NY,AEA,EN,Federal Contract Tower,0,33,14,0,47,0,37,0,4,41,0,70,14,4,88,168,4,172,260
05/01/2010,ITH,NY,AEA,EN,Federal Contract Tower,0,19,12,0,31,0,1,30,0,31,0,20,42,0,62,110,0,110,172
05/02/2010,ITH,NY,AEA,EN,Federal Contract Tower,0,19,7,0,26,0,2,27,0,29,0,21,34,0,55,42,0,42,97
05/03/2010,ITH,NY,AEA,EN,Federal Contract Tower,0,28,13,0,41,0,0,20,0,20,0,28,33,0,61,112,0,112,173
05/04/2010,ITH,NY,AEA,EN,Federal Contract Tower,0,30,8,0,38,0,0,27,0,27,0,30,35,0,65,63,0,63,128
05/05/2010,ITH,NY,AEA,EN,Federal Contract Tower,0,30,7,0,37,0,0,36,0,36,0,30,43,0,73,65,0,65,138
05/06/2010,ITH,NY,AEA,EN,Federal Contract Tower,0,36,13,0,49,0,0,8,0,8,0,36,21,0,57,45,0,45,102
05/07/2010,ITH,NY,AEA,EN,Federal Contract Tower,0,34,13,0,47,0,0,57,0,57,0,34,70,0,104,210,0,210,314
05/08/2010,ITH,NY,AEA,EN,Federal Contract Tower,0,17,10,0,27,0,0,3,0,3,0,17,13,0,30,0,0,0,30
05/09/2010,ITH,NY,AEA,EN,Federal Contract Tower,0,19,2,0,21,0,0,4,0,4,0,19,6,0,25,8,0,8,33
05/10/2010,ITH,NY,AEA,EN,Federal Contract Tower,0,28,12,0,40,0,0,40,0,40,0,28,52,0,80,122,0,122,202
05/11/2010,ITH,NY,AEA,EN,Federal Contract Tower,0,30,12,0,42,0,2,34,0,36,0,32,46,0,78,148,0,148,226
05/12/2010,ITH,NY,AEA,EN,Federal Contract Tower,0,28,8,0,36,0,0,1,0,1,0,28,9,0,37,8,0,8,45
05/13/2010,ITH,NY,AEA,EN,Federal Contract Tower,0,27,6,0,33,0,0,47,0,47,0,27,53,0,80,72,0,72,152
05/14/2010,ITH,NY,AEA,EN,Federal Contract Tower,0,26,13,0,39,0,0,35,4,39,0,26,48,4,78,116,0,116,194
05/15/2010,ITH,NY,AEA,EN,Federal Contract Tower,0,18,9,0,27,0,2,53,0,55,0,20,62,0,82,278,0,278,360
05/16/2010,ITH,NY,AEA,EN,Federal Contract Tower,0,21,17,0,38,0,0,45,0,45,0,21,62,0,83,190,0,190,273
05/17/2010,ITH,NY,AEA,EN,Federal Contract Tower,0,27,8,0,35,0,2,41,0,43,0,29,49,0,78,148,0,148,226
05/18/2010,ITH,NY,AEA,EN,Federal Contract Tower,0,31,12,0,43,0,2,11,0,13,0,33,23,0,56,28,0,28,84
05/19/2010,ITH,NY,AEA,EN,Federal Contract Tower,0,33,11,0,44,0,0,26,0,26,0,33,37,0,70,148,0,148,218
05/20/2010,ITH,NY,AEA,EN,Federal Contract Tower,0,31,16,1,48,0,0,44,1,45,0,31,60,2,93,124,0,124,217
05/21/2010,ITH,NY,AEA,EN,Federal Contract Tower,0,30,8,0,38,0,2,44,0,46,0,32,52,0,84,60,0,60,144
05/22/2010,ITH,NY,AEA,EN,Federal Contract Tower,0,22,10,0,32,0,0,26,0,26,0,22,36,0,58,62,0,62,120
05/23/2010,ITH,NY,AEA,EN,Federal Contract Tower,0,20,15,0,35,0,0,31,0,31,0,20,46,0,66,118,0,118,184
05/24/2010,ITH,NY,AEA,EN,Federal Contract Tower,0,26,13,0,39,0,4,40,0,44,0,30,53,0,83,154,0,154,237
05/25/2010,ITH,NY,AEA,EN,Federal Contract Tower,0,27,25,0,52,0,1,55,0,56,0,28,80,0,108,176,0,176,284
05/26/2010,ITH,NY,AEA,EN,Federal Contract Tower,0,26,11,0,37,0,4,42,0,46,0,30,53,0,83,134,0,134,217
05/27/2010,ITH,NY,AEA,EN,Federal Contract Tower,0,31,16,0,47,0,0,33,0,33,0,31,49,0,80,132,0,132,212
05/28/2010,ITH,NY,AEA,EN,Federal Contract Tower,0,54,22,0,76,0,0,29,0,29,0,54,51,0,105,150,0,150,255
05/29/2010,ITH,NY,AEA,EN,Federal Contract Tower,0,28,14,0,42,0,1,57,0,58,0,29,71,0,100,136,0,136,236
05/30/2010,ITH,NY,AEA,EN,Federal Contract Tower,0,40,12,0,52,0,0,47,0,47,0,40,59,0,99,90,0,90,189
05/31/2010,ITH,NY,AEA,EN,Federal Contract Tower,0,36,13,0,49,0,0,41,0,41,0,36,54,0,90,102,0,102,192
06/01/2010,ITH,NY,AEA,EN,Federal Contract Tower,0,24,11,1,36,0,0,12,0,12,0,24,23,1,48,32,0,32,80
06/02/2010,ITH,NY,AEA,EN,Federal Contract Tower,0,32,16,0,48,0,8,66,0,74,0,40,82,0,122,134,0,134,256
06/03/2010,ITH,NY,AEA,EN,Federal Contract Tower,0,36,9,0,45,0,0,13,0,13,0,36,22,0,58,130,0,130,188
06/04/2010,ITH,NY,AEA,EN,Federal Contract Tower,0,31,11,0,42,0,4,37,0,41,0,35,48,0,83,120,0,120,203
06/05/2010,ITH,NY,AEA,EN,Federal Contract Tower,0,28,8,0,36,0,0,20,0,20,0,28,28,0,56,78,0,78,134
06/06/2010,ITH,NY,AEA,EN,Federal Contract Tower,0,19,6,0,25,0,0,0,0,0,0,19,6,0,25,0,0,0,25
06/07/2010,ITH,NY,AEA,EN,Federal Contract Tower,0,28,19,0,47,0,1,36,0,37,0,29,55,0,84,68,0,68,152
06/08/2010,ITH,NY,AEA,EN,Federal Contract Tower,0,32,15,0,47,0,6,55,0,61,0,38,70,0,108,160,0,160,268
06/09/2010,ITH,NY,AEA,EN,Federal Contract Tower,0,36,12,0,48,0,0,2,0,2,0,36,14,0,50,28,0,28,78
06/10/2010,ITH,NY,AEA,EN,Federal Contract Tower,0,32,16,0,48,0,0,21,0,21,0,32,37,0,69,50,0,50,119
06/11/2010,ITH,NY,AEA,EN,Federal Contract Tower,0,31,14,0,45,0,5,40,0,45,0,36,54,0,90,62,0,62,152
06/12/2010,ITH,NY,AEA,EN,Federal Contract Tower,0,30,11,0,41,0,0,8,0,8,0,30,19,0,49,24,0,24,73
06/13/2010,ITH,NY,AEA,EN,Federal Contract Tower,0,14,18,0,32,0,0,0,0,0,0,14,18,0,32,0,0,0,32
06/14/2010,ITH,NY,AEA,EN,Federal Contract Tower,0,29,13,0,42,0,0,7,0,7,0,29,20,0,49,62,0,62,111
06/15/2010,ITH,NY,AEA,EN,Federal Contract Tower,0,35,11,0,46,0,6,49,0,55,0,41,60,0,101,208,0,208,309
06/16/2010,ITH,NY,AEA,EN,Federal Contract Tower,0,32,6,0,38,0,0,1,0,1,0,32,7,0,39,4,0,4,43
06/17/2010,ITH,NY,AEA,EN,Federal Contract Tower,0,28,16,0,44,0,2,8,0,10,0,30,24,0,54,0,0,0,54
06/18/2010,ITH,NY,AEA,EN,Federal Contract Tower,0,30,10,0,40,0,4,46,0,50,0,34,56,0,90,62,0,62,152
06/19/2010,ITH,NY,AEA,EN,Federal Contract Tower,0,27,2,0,29,0,0,31,0,31,0,27,33,0,60,86,0,86,146
06/20/2010,ITH,NY,AEA,EN,Federal Contract Tower,0,23,8,0,31,0,0,67,0,67,0,23,75,0,98,246,0,246,344
06/21/2010,ITH,NY,AEA,EN,Federal Contract Tower,0,33,10,0,43,0,6,42,0,48,0,39,52,0,91,126,0,126,217
06/22/2010,ITH,NY,AEA,EN,Federal Contract Tower,0,30,17,2,49,0,0,25,0,25,0,30,42,2,74,84,0,84,158
06/23/2010,ITH,NY,AEA,EN,Federal Contract Tower,0,30,10,0,40,0,2,32,0,34,0,32,42,0,74,66,0,66,140
06/24/2010,ITH,NY,AEA,EN,Federal Contract Tower,0,33,10,0,43,0,0,4,0,4,0,33,14,0,47,58,0,58,105
06/25/2010,ITH,NY,AEA,EN,Federal Contract Tower,0,29,15,0,44,0,1,31,0,32,0,30,46,0,76,108,0,108,184
06/26/2010,ITH,NY,AEA,EN,Federal Contract Tower,0,25,10,0,35,0,0,49,0,49,0,25,59,0,84,60,0,60,144
06/27/2010,ITH,NY,AEA,EN,Federal Contract Tower,0,23,11,0,34,0,0,19,0,19,0,23,30,0,53,82,0,82,135
06/28/2010,ITH,NY,AEA,EN,Federal Contract Tower,0,29,9,0,38,0,0,5,0,5,0,29,14,0,43,8,0,8,51
06/29/2010,ITH,NY,AEA,EN,Federal Contract Tower,0,29,11,0,40,0,1,50,0,51,0,30,61,0,91,86,0,86,177
06/30/2010,ITH,NY,AEA,EN,Federal Contract Tower,0,32,13,0,45,0,1,48,0,49,0,33,61,0,94,122,0,122,216
07/01/2010,ITH,NY,AEA,EN,Federal Contract Tower,0,28,17,0,45,0,0,34,0,34,0,28,51,0,79,88,0,88,167
07/02/2010,ITH,NY,AEA,EN,Federal Contract Tower,0,27,17,0,44,0,8,53,0,61,0,35,70,0,105,106,0,106,211
07/03/2010,ITH,NY,AEA,EN,Federal Contract Tower,0,22,4,0,26,0,0,50,0,50,0,22,54,0,76,126,0,126,202
07/04/2010,ITH,NY,AEA,EN,Federal Contract Tower,0,18,3,0,21,0,0,23,0,23,0,18,26,0,44,36,0,36,80
07/05/2010,ITH,NY,AEA,EN,Federal Contract Tower,0,23,8,0,31,0,3,36,0,39,0,26,44,0,70,106,0,106,176
07/06/2010,ITH,NY,AEA,EN,Federal Contract Tower,0,33,17,0,50,0,51,0,0,51,0,84,17,0,101,126,0,126,227
07/07/2010,ITH,NY,AEA,EN,Federal Contract Tower,0,29,7,0,36,0,4,34,2,40,0,33,41,2,76,72,2,74,150
07/08/2010,ITH,NY,AEA,EN,Federal Contract Tower,0,28,9,0,37,0,16,47,0,63,0,44,56,0,100,106,0,106,206
07/09/2010,ITH,NY,AEA,EN,Federal Contract Tower,0,23,19,0,42,0,4,5,0,9,0,27,24,0,51,38,0,38,89
07/10/2010,ITH,NY,AEA,EN,Federal Contract Tower,0,24,2,0,26,0,4,26,0,30,0,28,28,0,56,6,0,6,62
07/11/2010,ITH,NY,AEA,EN,Federal Contract Tower,0,22,10,0,32,0,5,41,0,46,0,27,51,0,78,100,0,100,178
07/12/2010,ITH,NY,AEA,EN,Federal Contract Tower,0,29,13,0,42,0,2,40,0,42,0,31,53,0,84,128,0,128,212
07/13/2010,ITH,NY,AEA,EN,Federal Contract Tower,0,26,14,0,40,0,0,10,0,10,0,26,24,0,50,72,0,72,122
07/14/2010,ITH,NY,AEA,EN,Federal Contract Tower,0,22,9,0,31,0,2,5,0,7,0,24,14,0,38,6,0,6,44
07/15/2010,ITH,NY,AEA,EN,Federal Contract Tower,0,30,10,0,40,0,3,12,0,15,0,33,22,0,55,20,0,20,75
07/16/2010,ITH,NY,AEA,EN,Federal Contract Tower,0,30,10,0,40,0,2,9,0,11,0,32,19,0,51,0,0,0,51
07/17/2010,ITH,NY,AEA,EN,Federal Contract Tower,0,24,8,0,32,0,0,17,0,17,0,24,25,0,49,118,0,118,167
07/18/2010,ITH,NY,AEA,EN,Federal Contract Tower,0,26,12,0,38,0,4,41,0,45,0,30,53,0,83,64,0,64,147
07/19/2010,ITH,NY,AEA,EN,Federal Contract Tower,0,27,3,0,30,0,0,20,0,20,0,27,23,0,50,66,0,66,116
07/20/2010,ITH,NY,AEA,EN,Federal Contract Tower,0,30,10,0,40,0,3,45,0,48,0,33,55,0,88,214,0,214,302
07/21/2010,ITH,NY,AEA,EN,Federal Contract Tower,0,26,4,0,30,0,0,22,0,22,0,26,26,0,52,56,0,56,108
07/22/2010,ITH,NY,AEA,EN,Federal Contract Tower,0,32,9,0,41,0,2,41,0,43,0,34,50,0,84,110,0,110,194
07/23/2010,ITH,NY,AEA,EN,Federal Contract Tower,0,30,10,0,40,0,0,6,0,6,0,30,16,0,46,16,0,16,62
07/24/2010,ITH,NY,AEA,EN,Federal Contract Tower,0,26,16,0,42,0,0,25,0,25,0,26,41,0,67,18,0,18,85
07/25/2010,ITH,NY,AEA,EN,Federal Contract Tower,0,24,10,0,34,0,0,11,0,11,0,24,21,0,45,26,0,26,71
07/26/2010,ITH,NY,AEA,EN,Federal Contract Tower,0,30,5,0,35,0,0,46,0,46,0,30,51,0,81,128,0,128,209
07/27/2010,ITH,NY,AEA,EN,Federal Contract Tower,0,34,14,0,48,0,3,52,0,55,0,37,66,0,103,168,0,168,271
07/28/2010,ITH,NY,AEA,EN,Federal Contract Tower,0,29,12,0,41,0,4,42,0,46,0,33,54,0,87,80,0,80,167
07/29/2010,ITH,NY,AEA,EN,Federal Contract Tower,0,32,11,0,43,0,2,31,0,33,0,34,42,0,76,60,0,60,136
07/30/2010,ITH,NY,AEA,EN,Federal Contract Tower,0,36,22,0,58,0,5,31,4,40,0,41,53,4,98,52,0,52,150
07/31/2010,ITH,NY,AEA,EN,Federal Contract Tower,0,21,12,0,33,0,1,42,0,43,0,22,54,0,76,102,0,102,178
08/01/2010,ITH,NY,AEA,EN,Federal Contract Tower,0,18,7,0,25,0,0,15,0,15,0,18,22,0,40,62,0,62,102
08/02/2010,ITH,NY,AEA,EN,Federal Contract Tower,0,30,11,0,41,0,0,41,0,41,0,30,52,0,82,130,0,130,212
08/03/2010,ITH,NY,AEA,EN,Federal Contract Tower,0,30,10,0,40,0,0,32,0,32,0,30,42,0,72,162,0,162,234
08/04/2010,ITH,NY,AEA,EN,Federal Contract Tower,0,31,10,1,42,0,5,48,0,53,0,36,58,1,95,68,0,68,163
08/05/2010,ITH,NY,AEA,EN,Federal Contract Tower,0,32,17,0,49,0,0,17,0,17,0,32,34,0,66,12,0,12,78
08/06/2010,ITH,NY,AEA,EN,Federal Contract Tower,0,33,11,0,44,0,13,43,0,56,0,46,54,0,100,108,0,108,208
08/07/2010,ITH,NY,AEA,EN,Federal Contract Tower,0,24,14,0,38,0,6,49,0,55,0,30,63,0,93,112,0,112,205
08/08/2010,ITH,NY,AEA,EN,Federal Contract Tower,0,22,13,0,35,0,6,51,0,57,0,28,64,0,92,102,0,102,194
08/09/2010,ITH,NY,AEA,EN,Federal Contract Tower,0,32,10,0,42,0,5,51,0,56,0,37,61,0,98,150,0,150,248
08/10/2010,ITH,NY,AEA,EN,Federal Contract Tower,0,27,9,0,36,0,4,15,0,19,0,31,24,0,55,94,0,94,149
08/11/2010,ITH,NY,AEA,EN,Federal Contract Tower,0,29,6,0,35,0,0,30,0,30,0,29,36,0,65,104,0,104,169
08/12/2010,ITH,NY,AEA,EN,Federal Contract Tower,0,24,13,2,39,0,0,17,0,17,0,24,30,2,56,52,0,52,108
08/13/2010,ITH,NY,AEA,EN,Federal Contract Tower,0,29,10,0,39,0,0,35,0,35,0,29,45,0,74,110,0,110,184
08/14/2010,ITH,NY,AEA,EN,Federal Contract Tower,0,20,5,0,25,0,2,21,0,23,0,22,26,0,48,16,0,16,64
08/15/2010,ITH,NY,AEA,EN,Federal Contract Tower,0,19,11,0,30,0,0,0,0,0,0,19,11,0,30,0,0,0,30
08/16/2010,ITH,NY,AEA,EN,Federal Contract Tower,0,30,7,0,37,0,0,39,0,39,0,30,46,0,76,152,0,152,228
08/17/2010,ITH,NY,AEA,EN,Federal Contract Tower,0,32,10,1,43,0,8,44,0,52,0,40,54,1,95,172,0,172,267
08/18/2010,ITH,NY,AEA,EN,Federal Contract Tower,0,28,11,0,39,0,2,35,0,37,0,30,46,0,76,86,0,86,162
08/19/2010,ITH,NY,AEA,EN,Federal Contract Tower,0,30,18,0,48,0,12,32,2,46,0,42,50,2,94,60,12,72,166
08/20/2010,ITH,NY,AEA,EN,Federal Contract Tower,0,35,18,0,53,0,4,35,0,39,0,39,53,0,92,76,0,76,168
08/21/2010,ITH,NY,AEA,EN,Federal Contract Tower,0,20,9,0,29,0,2,36,0,38,0,22,45,0,67,82,0,82,149
08/22/2010,ITH,NY,AEA,EN,Federal Contract Tower,0,27,12,0,39,0,0,0,0,0,0,27,12,0,39,0,0,0,39
08/23/2010,ITH,NY,AEA,EN,Federal Contract Tower,0,34,17,0,51,0,0,0,0,0,0,34,17,0,51,0,0,0,51
08/24/2010,ITH,NY,AEA,EN,Federal Contract Tower,0,31,16,0,47,0,3,40,0,43,0,34,56,0,90,120,0,120,210
08/25/2010,ITH,NY,AEA,EN,Federal Contract Tower,0,30,15,0,45,0,0,8,0,8,0,30,23,0,53,10,0,10,63
08/26/2010,ITH,NY,AEA,EN,Federal Contract Tower,0,29,13,0,42,0,4,23,0,27,0,33,36,0,69,58,0,58,127
08/27/2010,ITH,NY,AEA,EN,Federal Contract Tower,0,34,12,0,46,0,7,61,0,68,0,41,73,0,114,94,0,94,208
08/28/2010,ITH,NY,AEA,EN,Federal Contract Tower,0,23,10,0,33,0,0,54,0,54,0,23,64,0,87,72,0,72,159
08/29/2010,ITH,NY,AEA,EN,Federal Contract Tower,0,20,9,0,29,0,4,51,0,55,0,24,60,0,84,94,0,94,178
08/30/2010,ITH,NY,AEA,EN,Federal Contract Tower,0,33,15,0,48,0,2,54,0,56,0,35,69,0,104,174,0,174,278
08/31/2010,ITH,NY,AEA,EN,Federal Contract Tower,0,32,8,0,40,0,2,51,0,53,0,34,59,0,93,191,0,191,284
09/01/2010,ITH,NY,AEA,EN,Federal Contract Tower,0,29,6,0,35,0,0,23,0,23,0,29,29,0,58,68,0,68,126
09/02/2010,ITH,NY,AEA,EN,Federal Contract Tower,0,31,15,1,47,0,0,21,3,24,0,31,36,4,71,22,0,22,93
09/03/2010,ITH,NY,AEA,EN,Federal Contract Tower,0,30,5,0,35,0,4,31,0,35,0,34,36,0,70,94,0,94,164
09/04/2010,ITH,NY,AEA,EN,Federal Contract Tower,0,19,5,0,24,0,0,4,0,4,0,19,9,0,28,8,0,8,36
09/05/2010,ITH,NY,AEA,EN,Federal Contract Tower,0,21,10,0,31,0,0,16,0,16,0,21,26,0,47,20,0,20,67
09/06/2010,ITH,NY,AEA,EN,Federal Contract Tower,0,31,7,0,38,0,0,52,0,52,0,31,59,0,90,182,0,182,272
09/07/2010,ITH,NY,AEA,EN,Federal Contract Tower,0,28,9,0,37,0,1,26,0,27,0,29,35,0,64,58,0,58,122
09/08/2010,ITH,NY,AEA,EN,Federal Contract Tower,0,29,14,0,43,0,0,9,0,9,0,29,23,0,52,16,0,16,68
09/09/2010,ITH,NY,AEA,EN,Federal Contract Tower,0,34,23,0,57,0,0,0,0,0,0,34,23,0,57,0,2,2,59
09/10/2010,ITH,NY,AEA,EN,Federal Contract Tower,0,33,14,0,47,0,4,26,0,30,0,37,40,0,77,38,0,38,115
09/11/2010,ITH,NY,AEA,EN,Federal Contract Tower,0,24,9,0,33,0,3,35,10,48,0,27,44,10,81,3,2,5,86
09/12/2010,ITH,NY,AEA,EN,Federal Contract Tower,0,31,11,0,42,0,0,0,0,0,0,31,11,0,42,14,0,14,56
09/13/2010,ITH,NY,AEA,EN,Federal Contract Tower,0,32,9,0,41,0,0,17,0,17,0,32,26,0,58,100,0,100,158
09/14/2010,ITH,NY,AEA,EN,Federal Contract Tower,0,34,20,0,54,0,0,30,0,30,0,34,50,0,84,118,0,118,202
09/15/2010,ITH,NY,AEA,EN,Federal Contract Tower,0,32,22,0,54,0,2,30,3,35,0,34,52,3,89,152,0,152,241
09/16/2010,ITH,NY,AEA,EN,Federal Contract Tower,0,33,6,0,39,0,2,9,0,11,0,35,15,0,50,54,0,54,104
09/17/2010,ITH,NY,AEA,EN,Federal Contract Tower,0,32,15,0,47,0,3,11,0,14,0,35,26,0,61,14,0,14,75
09/18/2010,ITH,NY,AEA,EN,Federal Contract Tower,0,26,18,0,44,0,1,48,0,49,0,27,66,0,93,162,0,162,255
09/19/2010,ITH,NY,AEA,EN,Federal Contract Tower,0,25,18,0,43,0,0,0,0,0,0,25,18,0,43,24,0,24,67
09/20/2010,ITH,NY,AEA,EN,Federal Contract Tower,0,30,8,0,38,0,3,43,0,46,0,33,51,0,84,146,0,146,230
09/21/2010,ITH,NY,AEA,EN,Federal Contract Tower,0,31,13,0,44,0,4,21,2,27,0,35,34,2,71,70,0,70,141
09/22/2010,ITH,NY,AEA,EN,Federal Contract Tower,0,25,12,0,37,0,1,12,2,15,0,26,24,2,52,68,0,68,120
09/23/2010,ITH,NY,AEA,EN,Federal Contract Tower,0,33,18,0,51,0,0,24,0,24,0,33,42,0,75,94,0,94,169
09/24/2010,ITH,NY,AEA,EN,Federal Contract Tower,2,31,18,0,51,0,3,18,4,25,2,34,36,4,76,28,0,28,104
09/25/2010,ITH,NY,AEA,EN,Federal Contract Tower,2,21,15,0,38,0,3,22,0,25,2,24,37,0,63,30,0,30,93
09/26/2010,ITH,NY,AEA,EN,Federal Contract Tower,0,20,24,0,44,0,3,112,0,115,0,23,136,0,159,227,0,227,386
09/27/2010,ITH,NY,AEA,EN,Federal Contract Tower,0,32,13,0,45,0,0,0,0,0,0,32,13,0,45,0,0,0,45
09/28/2010,ITH,NY,AEA,EN,Federal Contract Tower,0,28,10,1,39,0,0,3,0,3,0,28,13,1,42,12,0,12,54
09/29/2010,ITH,NY,AEA,EN,Federal Contract Tower,0,35,8,0,43,0,18,18,0,36,0,53,26,0,79,107,0,107,186
09/30/2010,ITH,NY,AEA,EN,Federal Contract Tower,0,27,12,0,39,0,0,0,0,0,0,27,12,0,39,0,0,0,39
10/01/2010,ITH,NY,AEA,EN,Federal Contract Tower,0,39,16,0,55,0,0,11,0,11,0,39,27,0,66,12,0,12,78
10/02/2010,ITH,NY,AEA,EN,Federal Contract Tower,0,23,9,0,32,0,2,34,0,36,0,25,43,0,68,139,0,139,207
10/03/2010,ITH,NY,AEA,EN,Federal Contract Tower,0,21,8,0,29,0,0,51,0,51,0,21,59,0,80,154,0,154,234
10/04/2010,ITH,NY,AEA,EN,Federal Contract Tower,0,27,15,0,42,0,0,4,0,4,0,27,19,0,46,12,0,12,58
10/05/2010,ITH,NY,AEA,EN,Federal Contract Tower,0,26,5,1,32,0,0,0,0,0,0,26,5,1,32,0,0,0,32
10/06/2010,ITH,NY,AEA,EN,Federal Contract Tower,0,30,15,0,45,0,0,2,0,2,0,30,17,0,47,14,0,14,61
10/07/2010,ITH,NY,AEA,EN,Federal Contract Tower,0,34,6,0,40,0,0,5,0,5,0,34,11,0,45,0,0,0,45
10/08/2010,ITH,NY,AEA,EN,Federal Contract Tower,0,30,13,0,43,0,4,39,0,43,0,34,52,0,86,46,0,46,132
10/09/2010,ITH,NY,AEA,EN,Federal Contract Tower,0,18,6,0,24,0,0,51,0,51,0,18,57,0,75,92,0,92,167
10/10/2010,ITH,NY,AEA,EN,Federal Contract Tower,0,18,9,0,27,0,0,48,0,48,0,18,57,0,75,104,0,104,179
10/11/2010,ITH,NY,AEA,EN,Federal Contract Tower,0,34,12,0,46,0,2,24,0,26,0,36,36,0,72,130,0,130,202
10/12/2010,ITH,NY,AEA,EN,Federal Contract Tower,0,34,14,0,48,0,0,10,0,10,0,34,24,0,58,20,0,20,78
10/13/2010,ITH,NY,AEA,EN,Federal Contract Tower,0,33,21,0,54,0,2,50,0,52,0,35,71,0,106,132,0,132,238
10/14/2010,ITH,NY,AEA,EN,Federal Contract Tower,0,29,11,0,40,0,0,0,0,0,0,29,11,0,40,8,0,8,48
10/15/2010,ITH,NY,AEA,EN,Federal Contract Tower,0,26,12,0,38,0,0,0,0,0,0,26,12,0,38,0,0,0,38
10/16/2010,ITH,NY,AEA,EN,Federal Contract Tower,0,18,4,0,22,0,0,4,0,4,0,18,8,0,26,4,0,4,30
10/17/2010,ITH,NY,AEA,EN,Federal Contract Tower,0,22,9,0,31,0,0,25,6,31,0,22,34,6,62,60,0,60,122
10/18/2010,ITH,NY,AEA,EN,Federal Contract Tower,0,35,10,0,45,0,0,29,0,29,0,35,39,0,74,86,0,86,160
10/19/2010,ITH,NY,AEA,EN,Federal Contract Tower,0,30,12,0,42,0,0,28,0,28,0,30,40,0,70,138,0,138,208
10/20/2010,ITH,NY,AEA,EN,Federal Contract Tower,0,37,16,0,53,0,0,35,0,35,0,37,51,0,88,96,0,96,184
10/21/2010,ITH,NY,AEA,EN,Federal Contract Tower,0,27,8,0,35,0,0,5,0,5,0,27,13,0,40,30,0,30,70
10/22/2010,ITH,NY,AEA,EN,Federal Contract Tower,0,35,14,0,49,0,0,16,0,16,0,35,30,0,65,22,0,22,87
10/23/2010,ITH,NY,AEA,EN,Federal Contract Tower,0,24,10,0,34,0,1,48,0,49,0,25,58,0,83,37,0,37,120
10/24/2010,ITH,NY,AEA,EN,Federal Contract Tower,0,23,20,0,43,0,0,22,0,22,0,23,42,0,65,38,0,38,103
10/25/2010,ITH,NY,AEA,EN,Federal Contract Tower,0,33,3,0,36,0,0,16,0,16,0,33,19,0,52,66,0,66,118
10/26/2010,ITH,NY,AEA,EN,Federal Contract Tower,0,35,16,0,51,0,0,14,0,14,0,35,30,0,65,98,3,101,166
10/27/2010,ITH,NY,AEA,EN,Federal Contract Tower,0,34,12,0,46,0,0,37,0,37,0,34,49,0,83,90,0,90,173
10/28/2010,ITH,NY,AEA,EN,Federal Contract Tower,0,43,23,0,66,0,0,10,0,10,0,43,33,0,76,0,0,0,76
10/29/2010,ITH,NY,AEA,EN,Federal Contract Tower,0,44,15,0,59,0,0,3,0,3,0,44,18,0,62,56,0,56,118
10/30/2010,ITH,NY,AEA,EN,Federal Contract Tower,0,44,17,0,61,0,4,43,0,47,0,48,60,0,108,26,0,26,134
10/31/2010,ITH,NY,AEA,EN,Federal Contract Tower,0,18,5,0,23,0,0,10,0,10,0,18,15,0,33,52,0,52,85
11/01/2010,ITH,NY,AEA,EN,Federal Contract Tower,0,30,19,0,49,0,0,23,0,23,0,30,42,0,72,74,0,74,146
11/02/2010,ITH,NY,AEA,EN,Federal Contract Tower,0,30,20,0,50,0,0,37,0,37,0,30,57,0,87,108,0,108,195
11/03/2010,ITH,NY,AEA,EN,Federal Contract Tower,0,30,16,0,46,0,0,31,0,31,0,30,47,0,77,50,0,50,127
11/04/2010,ITH,NY,AEA,EN,Federal Contract Tower,0,31,9,0,40,0,0,0,0,0,0,31,9,0,40,0,0,0,40
11/05/2010,ITH,NY,AEA,EN,Federal Contract Tower,0,30,8,0,38,0,0,0,0,0,0,30,8,0,38,0,0,0,38
11/06/2010,ITH,NY,AEA,EN,Federal Contract Tower,0,26,3,0,29,0,0,10,0,10,0,26,13,0,39,22,0,22,61
11/07/2010,ITH,NY,AEA,EN,Federal Contract Tower,0,22,14,0,36,0,0,54,0,54,0,22,68,0,90,128,0,128,218
11/08/2010,ITH,NY,AEA,EN,Federal Contract Tower,0,22,7,0,29,0,0,2,0,2,0,22,9,0,31,6,0,6,37
11/09/2010,ITH,NY,AEA,EN,Federal Contract Tower,0,31,9,0,40,0,0,0,0,0,0,31,9,0,40,0,0,0,40
11/10/2010,ITH,NY,AEA,EN,Federal Contract Tower,0,27,15,0,42,0,0,23,0,23,0,27,38,0,65,75,0,75,140
11/11/2010,ITH,NY,AEA,EN,Federal Contract Tower,0,46,10,0,56,0,13,43,0,56,0,59,53,0,112,96,0,96,208
11/12/2010,ITH,NY,AEA,EN,Federal Contract Tower,0,33,10,0,43,0,7,47,0,54,0,40,57,0,97,71,0,71,168
11/13/2010,ITH,NY,AEA,EN,Federal Contract Tower,0,35,7,0,42,0,3,71,0,74,0,38,78,0,116,137,0,137,253
11/14/2010,ITH,NY,AEA,EN,Federal Contract Tower,0,21,8,0,29,0,0,13,0,13,0,21,21,0,42,0,0,0,42
11/15/2010,ITH,NY,AEA,EN,Federal Contract Tower,0,26,7,2,35,0,0,12,2,14,0,26,19,4,49,64,2,66,115
11/16/2010,ITH,NY,AEA,EN,Federal Contract Tower,0,25,12,2,39,0,0,12,0,12,0,25,24,2,51,48,0,48,99
11/17/2010,ITH,NY,AEA,EN,Federal Contract Tower,0,30,14,0,44,0,0,2,0,2,0,30,16,0,46,22,0,22,68
11/18/2010,ITH,NY,AEA,EN,Federal Contract Tower,0,27,12,0,39,0,0,4,0,4,0,27,16,0,43,47,0,47,90
11/19/2010,ITH,NY,AEA,EN,Federal Contract Tower,0,31,13,0,44,0,0,16,0,16,0,31,29,0,60,44,0,44,104
11/20/2010,ITH,NY,AEA,EN,Federal Contract Tower,0,23,18,0,41,0,2,20,0,22,0,25,38,0,63,36,0,36,99
11/21/2010,ITH,NY,AEA,EN,Federal Contract Tower,0,23,9,0,32,0,0,37,0,37,0,23,46,0,69,92,0,92,161
11/22/2010,ITH,NY,AEA,EN,Federal Contract Tower,0,29,7,0,36,0,0,5,0,5,0,29,12,0,41,22,0,22,63
11/23/2010,ITH,NY,AEA,EN,Federal Contract Tower,0,35,16,0,51,0,2,22,0,24,0,37,38,0,75,68,0,68,143
11/24/2010,ITH,NY,AEA,EN,Federal Contract Tower,0,31,16,0,47,0,0,15,0,15,0,31,31,0,62,24,0,24,86
11/25/2010,ITH,NY,AEA,EN,Federal Contract Tower,0,17,3,0,20,0,0,0,0,0,0,17,3,0,20,0,0,0,20
11/26/2010,ITH,NY,AEA,EN,Federal Contract Tower,0,19,6,0,25,0,0,1,0,1,0,19,7,0,26,8,0,8,34
11/27/2010,ITH,NY,AEA,EN,Federal Contract Tower,0,24,8,0,32,0,0,0,0,0,0,24,8,0,32,0,0,0,32
11/28/2010,ITH,NY,AEA,EN,Federal Contract Tower,0,30,22,0,52,0,2,35,0,37,0,32,57,0,89,109,0,109,198
11/29/2010,ITH,NY,AEA,EN,Federal Contract Tower,0,27,15,0,42,0,2,26,0,28,0,29,41,0,70,96,0,96,166
11/30/2010,ITH,NY,AEA,EN,Federal Contract Tower,0,28,4,0,32,0,0,0,0,0,0,28,4,0,32,0,0,0,32
12/01/2010,ITH,NY,AEA,EN,Federal Contract Tower,0,19,7,0,26,0,0,0,0,0,0,19,7,0,26,0,0,0,26
12/02/2010,ITH,NY,AEA,EN,Federal Contract Tower,0,28,5,1,34,0,1,9,0,10,0,29,14,1,44,24,0,24,68
12/03/2010,ITH,NY,AEA,EN,Federal Contract Tower,0,24,13,0,37,0,0,10,0,10,0,24,23,0,47,44,0,44,91
12/04/2010,ITH,NY,AEA,EN,Federal Contract Tower,0,21,12,0,33,0,0,2,0,2,0,21,14,0,35,0,0,0,35
12/05/2010,ITH,NY,AEA,EN,Federal Contract Tower,0,19,12,0,31,0,0,1,0,1,0,19,13,0,32,12,0,12,44
12/06/2010,ITH,NY,AEA,EN,Federal Contract Tower,0,28,1,0,29,0,0,0,0,0,0,28,1,0,29,0,0,0,29
12/07/2010,ITH,NY,AEA,EN,Federal Contract Tower,0,27,2,0,29,0,0,0,0,0,0,27,2,0,29,0,0,0,29
12/08/2010,ITH,NY,AEA,EN,Federal Contract Tower,0,31,6,0,37,0,0,4,0,4,0,31,10,0,41,36,0,36,77
12/09/2010,ITH,NY,AEA,EN,Federal Contract Tower,0,22,8,0,30,0,0,2,0,2,0,22,10,0,32,8,0,8,40
12/10/2010,ITH,NY,AEA,EN,Federal Contract Tower,0,28,7,0,35,0,0,4,0,4,0,28,11,0,39,3,0,3,42
12/11/2010,ITH,NY,AEA,EN,Federal Contract Tower,0,18,5,0,23,0,2,34,0,36,0,20,39,0,59,94,0,94,153
12/12/2010,ITH,NY,AEA,EN,Federal Contract Tower,0,15,0,0,15,0,0,0,0,0,0,15,0,0,15,0,0,0,15
12/13/2010,ITH,NY,AEA,EN,Federal Contract Tower,0,25,5,0,30,0,0,0,0,0,0,25,5,0,30,0,0,0,30
12/14/2010,ITH,NY,AEA,EN,Federal Contract Tower,0,34,4,0,38,0,0,0,0,0,0,34,4,0,38,0,0,0,38
12/15/2010,ITH,NY,AEA,EN,Federal Contract Tower,0,28,7,0,35,0,0,0,0,0,0,28,7,0,35,0,0,0,35
12/16/2010,ITH,NY,AEA,EN,Federal Contract Tower,0,25,7,0,32,0,0,22,0,22,0,25,29,0,54,72,0,72,126
12/17/2010,ITH,NY,AEA,EN,Federal Contract Tower,0,29,11,0,40,0,0,10,0,10,0,29,21,0,50,8,0,8,58
12/18/2010,ITH,NY,AEA,EN,Federal Contract Tower,0,23,2,0,25,0,5,40,0,45,0,28,42,0,70,88,0,88,158
12/19/2010,ITH,NY,AEA,EN,Federal Contract Tower,0,19,1,0,20,0,0,34,0,34,0,19,35,0,54,94,0,94,148
12/20/2010,ITH,NY,AEA,EN,Federal Contract Tower,0,22,3,0,25,0,0,0,0,0,0,22,3,0,25,0,0,0,25
12/21/2010,ITH,NY,AEA,EN,Federal Contract Tower,0,24,4,0,28,0,0,0,0,0,0,24,4,0,28,0,0,0,28
12/22/2010,ITH,NY,AEA,EN,Federal Contract Tower,0,27,5,0,32,0,0,0,0,0,0,27,5,0,32,0,0,0,32
12/23/2010,ITH,NY,AEA,EN,Federal Contract Tower,0,22,8,0,30,0,0,0,0,0,0,22,8,0,30,0,0,0,30
12/24/2010,ITH,NY,AEA,EN,Federal Contract Tower,0,17,6,0,23,0,0,6,0,6,0,17,12,0,29,0,0,0,29
12/25/2010,ITH,NY,AEA,EN,Federal Contract Tower,0,13,0,0,13,0,0,0,0,0,0,13,0,0,13,0,0,0,13
12/26/2010,ITH,NY,AEA,EN,Federal Contract Tower,0,11,4,0,15,0,0,0,0,0,0,11,4,0,15,16,0,16,31
12/27/2010,ITH,NY,AEA,EN,Federal Contract Tower,0,6,2,0,8,0,0,0,0,0,0,6,2,0,8,0,0,0,8
12/28/2010,ITH,NY,AEA,EN,Federal Contract Tower,0,16,2,0,18,0,0,6,0,6,0,16,8,0,24,58,0,58,82
12/29/2010,ITH,NY,AEA,EN,Federal Contract Tower,0,18,5,0,23,0,0,0,0,0,0,18,5,0,23,11,0,11,34
12/30/2010,ITH,NY,AEA,EN,Federal Contract Tower,0,21,4,0,25,0,5,23,0,28,0,26,27,0,53,116,0,116,169
12/31/2010,ITH,NY,AEA,EN,Federal Contract Tower,0,19,3,0,22,0,0,24,0,24,0,19,27,0,46,50,0,50,96
01/01/2011,ITH,NY,AEA,EN,Federal Contract Tower,0,15,3,0,18,0,0,10,0,10,0,15,13,0,28,16,0,16,44
01/02/2011,ITH,NY,AEA,EN,Federal Contract Tower,0,17,7,0,24,0,0,18,0,18,0,17,25,0,42,64,0,64,106
01/03/2011,ITH,NY,AEA,EN,Federal Contract Tower,0,24,7,3,34,0,0,22,0,22,0,24,29,3,56,90,0,90,146
01/04/2011,ITH,NY,AEA,EN,Federal Contract Tower,0,26,3,1,30,0,0,10,0,10,0,26,13,1,40,108,0,108,148
01/05/2011,ITH,NY,AEA,EN,Federal Contract Tower,0,25,5,0,30,0,0,8,1,9,0,25,13,1,39,76,0,76,115
01/06/2011,ITH,NY,AEA,EN,Federal Contract Tower,0,26,5,0,31,0,2,2,1,5,0,28,7,1,36,38,0,38,74
01/07/2011,ITH,NY,AEA,EN,Federal Contract Tower,0,23,4,3,30,0,0,0,0,0,0,23,4,3,30,6,0,6,36
01/08/2011,ITH,NY,AEA,EN,Federal Contract Tower,0,18,1,0,19,0,0,4,0,4,0,18,5,0,23,5,0,5,28
01/09/2011,ITH,NY,AEA,EN,Federal Contract Tower,0,19,3,0,22,0,0,0,0,0,0,19,3,0,22,0,0,0,22
01/10/2011,ITH,NY,AEA,EN,Federal Contract Tower,0,25,6,0,31,0,0,8,0,8,0,25,14,0,39,46,0,46,85
01/11/2011,ITH,NY,AEA,EN,Federal Contract Tower,0,24,2,0,26,0,0,12,0,12,0,24,14,0,38,26,0,26,64
01/12/2011,ITH,NY,AEA,EN,Federal Contract Tower,0,14,5,0,19,0,0,0,0,0,0,14,5,0,19,0,0,0,19
01/13/2011,ITH,NY,AEA,EN,Federal Contract Tower,0,24,4,0,28,0,0,9,0,9,0,24,13,0,37,50,0,50,87
01/14/2011,ITH,NY,AEA,EN,Federal Contract Tower,0,27,8,0,35,0,0,9,0,9,0,27,17,0,44,24,0,24,68
01/15/2011,ITH,NY,AEA,EN,Federal Contract Tower,0,16,1,0,17,0,0,1,0,1,0,16,2,0,18,0,0,0,18
01/16/2011,ITH,NY,AEA,EN,Federal Contract Tower,0,20,6,0,26,0,0,5,0,5,0,20,11,0,31,42,0,42,73
01/17/2011,ITH,NY,AEA,EN,Federal Contract Tower,0,27,13,0,40,0,6,44,0,50,0,33,57,0,90,188,0,188,278
01/18/2011,ITH,NY,AEA,EN,Federal Contract Tower,0,21,3,0,24,0,0,0,0,0,0,21,3,0,24,0,0,0,24
01/19/2011,ITH,NY,AEA,EN,Federal Contract Tower,0,26,5,0,31,0,0,0,0,0,0,26,5,0,31,0,0,0,31
01/20/2011,ITH,NY,AEA,EN,Federal Contract Tower,0,26,2,0,28,0,0,4,0,4,0,26,6,0,32,42,0,42,74
01/21/2011,ITH,NY,AEA,EN,Federal Contract Tower,0,22,1,0,23,0,0,0,0,0,0,22,1,0,23,0,0,0,23
01/22/2011,ITH,NY,AEA,EN,Federal Contract Tower,0,18,6,0,24,0,0,25,0,25,0,18,31,0,49,64,0,64,113
01/23/2011,ITH,NY,AEA,EN,Federal Contract Tower,0,18,4,0,22,0,0,0,0,0,0,18,4,0,22,8,0,8,30
01/24/2011,ITH,NY,AEA,EN,Federal Contract Tower,0,29,2,0,31,0,0,25,0,25,0,29,27,0,56,128,0,128,184
01/25/2011,ITH,NY,AEA,EN,Federal Contract Tower,0,28,5,0,33,0,0,0,0,0,0,28,5,0,33,24,0,24,57
01/26/2011,ITH,NY,AEA,EN,Federal Contract Tower,0,19,2,0,21,0,0,8,0,8,0,19,10,0,29,106,0,106,135
01/27/2011,ITH,NY,AEA,EN,Federal Contract Tower,0,16,4,0,20,0,0,2,0,2,0,16,6,0,22,0,0,0,22
01/28/2011,ITH,NY,AEA,EN,Federal Contract Tower,0,29,10,0,39,0,0,0,0,0,0,29,10,0,39,0,0,0,39
01/29/2011,ITH,NY,AEA,EN,Federal Contract Tower,0,17,3,0,20,0,0,2,0,2,0,17,5,0,22,6,0,6,28
01/30/2011,ITH,NY,AEA,EN,Federal Contract Tower,0,23,7,0,30,0,0,11,0,11,0,23,18,0,41,24,0,24,65
01/31/2011,ITH,NY,AEA,EN,Federal Contract Tower,0,27,11,0,38,0,0,34,0,34,0,27,45,0,72,92,0,92,164
02/01/2011,ITH,NY,AEA,EN,Federal Contract Tower,0,13,5,0,18,0,0,0,0,0,0,13,5,0,18,2,0,2,20
02/02/2011,ITH,NY,AEA,EN,Federal Contract Tower,0,5,1,0,6,0,0,0,0,0,0,5,1,0,6,0,0,0,6
02/03/2011,ITH,NY,AEA,EN,Federal Contract Tower,0,28,10,0,38,0,0,8,0,8,0,28,18,0,46,18,0,18,64
02/04/2011,ITH,NY,AEA,EN,Federal Contract Tower,0,23,5,0,28,0,0,32,0,32,0,23,37,0,60,86,0,86,146
02/05/2011,ITH,NY,AEA,EN,Federal Contract Tower,0,12,1,0,13,0,0,8,0,8,0,12,9,0,21,30,0,30,51
02/06/2011,ITH,NY,AEA,EN,Federal Contract Tower,0,17,5,0,22,0,0,2,0,2,0,17,7,0,24,12,0,12,36
02/07/2011,ITH,NY,AEA,EN,Federal Contract Tower,0,25,3,0,28,0,0,11,0,11,0,25,14,0,39,52,0,52,91
02/08/2011,ITH,NY,AEA,EN,Federal Contract Tower,0,25,1,0,26,0,0,0,0,0,0,25,1,0,26,0,0,0,26
02/09/2011,ITH,NY,AEA,EN,Federal Contract Tower,0,23,3,1,27,0,0,10,0,10,0,23,13,1,37,70,0,70,107
02/10/2011,ITH,NY,AEA,EN,Federal Contract Tower,0,25,6,0,31,0,2,7,0,9,0,27,13,0,40,74,0,74,114
02/11/2011,ITH,NY,AEA,EN,Federal Contract Tower,0,25,7,0,32,0,14,7,0,21,0,39,14,0,53,80,0,80,133
02/12/2011,ITH,NY,AEA,EN,Federal Contract Tower,0,15,1,0,16,0,0,0,0,0,0,15,1,0,16,0,0,0,16
02/13/2011,ITH,NY,AEA,EN,Federal Contract Tower,0,20,2,0,22,0,0,11,0,11,0,20,13,0,33,38,0,38,71
02/14/2011,ITH,NY,AEA,EN,Federal Contract Tower,0,25,6,0,31,0,0,2,0,2,0,25,8,0,33,16,0,16,49
02/15/2011,ITH,NY,AEA,EN,Federal Contract Tower,0,25,6,0,31,0,2,19,0,21,0,27,25,0,52,109,0,109,161
02/16/2011,ITH,NY,AEA,EN,Federal Contract Tower,0,24,10,0,34,0,0,10,0,10,0,24,20,0,44,30,0,30,74
02/17/2011,ITH,NY,AEA,EN,Federal Contract Tower,0,25,11,0,36,0,0,10,0,10,0,25,21,0,46,108,0,108,154
02/18/2011,ITH,NY,AEA,EN,Federal Contract Tower,0,30,9,0,39,0,0,15,0,15,0,30,24,0,54,52,0,52,106
02/19/2011,ITH,NY,AEA,EN,Federal Contract Tower,0,14,3,0,17,0,0,0,0,0,0,14,3,0,17,0,0,0,17
02/20/2011,ITH,NY,AEA,EN,Federal Contract Tower,0,17,16,0,33,0,5,28,0,33,0,22,44,0,66,94,0,94,160
02/21/2011,ITH,NY,AEA,EN,Federal Contract Tower,0,24,4,0,28,0,0,0,0,0,0,24,4,0,28,12,0,12,40
02/22/2011,ITH,NY,AEA,EN,Federal Contract Tower,0,24,11,0,35,0,0,35,0,35,0,24,46,0,70,137,0,137,207
02/23/2011,ITH,NY,AEA,EN,Federal Contract Tower,0,24,15,3,42,0,4,33,0,37,0,28,48,3,79,123,6,129,208
02/24/2011,ITH,NY,AEA,EN,Federal Contract Tower,0,23,11,0,34,0,0,2,0,2,0,23,13,0,36,32,0,32,68
02/25/2011,ITH,NY,AEA,EN,Federal Contract Tower,0,13,2,0,15,0,0,0,0,0,0,13,2,0,15,0,0,0,15
02/26/2011,ITH,NY,AEA,EN,Federal Contract Tower,0,18,7,0,25,0,0,7,0,7,0,18,14,0,32,40,0,40,72
02/27/2011,ITH,NY,AEA,EN,Federal Contract Tower,0,19,5,0,24,0,0,23,0,23,0,19,28,0,47,86,0,86,133
02/28/2011,ITH,NY,AEA,EN,Federal Contract Tower,0,25,6,0,31,0,0,0,0,0,0,25,6,0,31,0,0,0,31
03/01/2011,ITH,NY,AEA,EN,Federal Contract Tower,0,26,8,0,34,0,5,33,0,38,0,31,41,0,72,220,0,220,292
03/02/2011,ITH,NY,AEA,EN,Federal Contract Tower,0,26,10,0,36,0,0,1,0,1,0,26,11,0,37,0,0,0,37
03/03/2011,ITH,NY,AEA,EN,Federal Contract Tower,0,27,12,0,39,0,0,14,0,14,0,27,26,0,53,78,0,78,131
03/04/2011,ITH,NY,AEA,EN,Federal Contract Tower,0,30,8,0,38,0,0,5,0,5,0,30,13,0,43,0,0,0,43
03/05/2011,ITH,NY,AEA,EN,Federal Contract Tower,0,18,3,0,21,0,0,3,0,3,0,18,6,0,24,0,0,0,24
03/06/2011,ITH,NY,AEA,EN,Federal Contract Tower,0,9,3,0,12,0,0,0,0,0,0,9,3,0,12,0,0,0,12
03/07/2011,ITH,NY,AEA,EN,Federal Contract Tower,0,16,6,0,22,0,0,0,0,0,0,16,6,0,22,0,0,0,22
03/08/2011,ITH,NY,AEA,EN,Federal Contract Tower,0,33,8,0,41,0,0,35,0,35,0,33,43,0,76,149,0,149,225
03/09/2011,ITH,NY,AEA,EN,Federal Contract Tower,0,35,8,0,43,0,0,2,1,3,0,35,10,1,46,0,0,0,46
03/10/2011,ITH,NY,AEA,EN,Federal Contract Tower,0,31,9,0,40,0,0,0,0,0,0,31,9,0,40,0,0,0,40
03/11/2011,ITH,NY,AEA,EN,Federal Contract Tower,0,37,17,0,54,0,0,12,0,12,0,37,29,0,66,46,0,46,112
03/12/2011,ITH,NY,AEA,EN,Federal Contract Tower,0,17,9,0,26,0,0,12,0,12,0,17,21,0,38,72,0,72,110
03/13/2011,ITH,NY,AEA,EN,Federal Contract Tower,0,21,4,0,25,0,0,3,0,3,0,21,7,0,28,10,0,10,38
03/14/2011,ITH,NY,AEA,EN,Federal Contract Tower,0,34,5,0,39,0,2,6,0,8,0,36,11,0,47,66,0,66,113
03/15/2011,ITH,NY,AEA,EN,Federal Contract Tower,0,29,7,0,36,0,0,32,0,32,0,29,39,0,68,61,0,61,129
03/16/2011,ITH,NY,AEA,EN,Federal Contract Tower,0,30,4,0,34,0,0,0,0,0,0,30,4,0,34,34,0,34,68
03/17/2011,ITH,NY,AEA,EN,Federal Contract Tower,0,30,10,0,40,0,0,15,0,15,0,30,25,0,55,66,0,66,121
03/18/2011,ITH,NY,AEA,EN,Federal Contract Tower,0,32,8,0,40,0,1,4,0,5,0,33,12,0,45,38,0,38,83
03/19/2011,ITH,NY,AEA,EN,Federal Contract Tower,0,21,8,0,29,0,0,12,0,12,0,21,20,0,41,10,0,10,51
03/20/2011,ITH,NY,AEA,EN,Federal Contract Tower,0,21,14,0,35,0,8,55,0,63,0,29,69,0,98,132,0,132,230
03/21/2011,ITH,NY,AEA,EN,Federal Contract Tower,0,31,5,0,36,0,0,1,0,1,0,31,6,0,37,0,0,0,37
03/22/2011,ITH,NY,AEA,EN,Federal Contract Tower,0,35,8,0,43,0,0,6,0,6,0,35,14,0,49,50,0,50,99
03/23/2011,ITH,NY,AEA,EN,Federal Contract Tower,0,18,9,0,27,0,0,0,0,0,0,18,9,0,27,0,0,0,27
03/24/2011,ITH,NY,AEA,EN,Federal Contract Tower,0,22,19,0,41,0,0,7,0,7,0,22,26,0,48,28,0,28,76
03/25/2011,ITH,NY,AEA,EN,Federal Contract Tower,0,26,12,0,38,0,0,1,0,1,0,26,13,0,39,4,0,4,43
03/26/2011,ITH,NY,AEA,EN,Federal Contract Tower,0,21,9,0,30,2,0,18,0,20,2,21,27,0,50,63,0,63,113
03/27/2011,ITH,NY,AEA,EN,Federal Contract Tower,0,27,18,0,45,0,4,34,0,38,0,31,52,0,83,66,0,66,149
03/28/2011,ITH,NY,AEA,EN,Federal Contract Tower,0,32,13,0,45,0,0,20,0,20,0,32,33,0,65,84,0,84,149
03/29/2011,ITH,NY,AEA,EN,Federal Contract Tower,0,31,11,0,42,0,0,17,0,17,0,31,28,0,59,46,0,46,105
03/30/2011,ITH,NY,AEA,EN,Federal Contract Tower,4,29,6,0,39,0,0,32,0,32,4,29,38,0,71,86,0,86,157
03/31/2011,ITH,NY,AEA,EN,Federal Contract Tower,0,26,14,0,40,0,0,0,0,0,0,26,14,0,40,0,0,0,40
04/01/2011,ITH,NY,AEA,EN,Federal Contract Tower,0,23,8,0,31,0,0,0,0,0,0,23,8,0,31,0,0,0,31
04/02/2011,ITH,NY,AEA,EN,Federal Contract Tower,0,29,4,0,33,0,0,14,0,14,0,29,18,0,47,32,0,32,79
04/03/2011,ITH,NY,AEA,EN,Federal Contract Tower,3,28,13,0,44,0,5,41,0,46,3,33,54,0,90,128,0,128,218
04/04/2011,ITH,NY,AEA,EN,Federal Contract Tower,1,28,2,0,31,0,0,0,0,0,1,28,2,0,31,0,0,0,31
04/05/2011,ITH,NY,AEA,EN,Federal Contract Tower,0,24,3,0,27,0,0,0,0,0,0,24,3,0,27,0,0,0,27
04/06/2011,ITH,NY,AEA,EN,Federal Contract Tower,0,25,7,1,33,0,0,18,1,19,0,25,25,2,52,52,0,52,104
04/07/2011,ITH,NY,AEA,EN,Federal Contract Tower,0,25,14,0,39,0,0,30,0,30,0,25,44,0,69,108,0,108,177
04/08/2011,ITH,NY,AEA,EN,Federal Contract Tower,0,28,7,2,37,0,0,24,0,24,0,28,31,2,61,88,0,88,149
04/09/2011,ITH,NY,AEA,EN,Federal Contract Tower,0,25,15,0,40,0,5,25,0,30,0,30,40,0,70,102,0,102,172
04/10/2011,ITH,NY,AEA,EN,Federal Contract Tower,0,25,7,0,32,0,0,11,0,11,0,25,18,0,43,0,0,0,43
04/11/2011,ITH,NY,AEA,EN,Federal Contract Tower,0,25,6,0,31,0,0,14,0,14,0,25,20,0,45,54,0,54,99
04/12/2011,ITH,NY,AEA,EN,Federal Contract Tower,0,25,9,0,34,0,1,16,0,17,0,26,25,0,51,54,0,54,105
04/13/2011,ITH,NY,AEA,EN,Federal Contract Tower,0,26,3,0,29,0,0,1,0,1,0,26,4,0,30,0,0,0,30
04/14/2011,ITH,NY,AEA,EN,Federal Contract Tower,0,28,9,1,38,0,0,29,0,29,0,28,38,1,67,96,0,96,163
04/15/2011,ITH,NY,AEA,EN,Federal Contract Tower,0,31,12,1,44,0,0,35,1,36,0,31,47,2,80,80,0,80,160
04/16/2011,ITH,NY,AEA,EN,Federal Contract Tower,0,23,7,0,30,0,0,1,0,1,0,23,8,0,31,0,0,0,31
04/17/2011,ITH,NY,AEA,EN,Federal Contract Tower,0,24,10,0,34,0,0,0,0,0,0,24,10,0,34,0,0,0,34
04/18/2011,ITH,NY,AEA,EN,Federal Contract Tower,0,30,12,0,42,0,0,19,2,21,0,30,31,2,63,72,2,74,137
04/19/2011,ITH,NY,AEA,EN,Federal Contract Tower,0,34,7,0,41,0,0,0,0,0,0,34,7,0,41,0,0,0,41
04/20/2011,ITH,NY,AEA,EN,Federal Contract Tower,0,27,8,0,35,0,0,1,0,1,0,27,9,0,36,0,0,0,36
04/21/2011,ITH,NY,AEA,EN,Federal Contract Tower,0,35,8,0,43,0,2,8,0,10,0,37,16,0,53,0,0,0,53
04/22/2011,ITH,NY,AEA,EN,Federal Contract Tower,0,27,10,0,37,0,0,36,0,36,0,27,46,0,73,72,0,72,145
04/23/2011,ITH,NY,AEA,EN,Federal Contract Tower,0,26,8,0,34,0,0,2,0,2,0,26,10,0,36,0,0,0,36
04/24/2011,ITH,NY,AEA,EN,Federal Contract Tower,0,24,11,0,35,0,0,1,0,1,0,24,12,0,36,10,0,10,46
04/25/2011,ITH,NY,AEA,EN,Federal Contract Tower,0,32,10,0,42,0,0,1,0,1,0,32,11,0,43,8,0,8,51
04/26/2011,ITH,NY,AEA,EN,Federal Contract Tower,0,32,4,0,36,0,2,21,0,23,0,34,25,0,59,54,0,54,113
04/27/2011,ITH,NY,AEA,EN,Federal Contract Tower,0,28,7,0,35,0,3,4,0,7,0,31,11,0,42,8,0,8,50
04/28/2011,ITH,NY,AEA,EN,Federal Contract Tower,0,17,8,0,25,0,0,0,0,0,0,17,8,0,25,0,0,0,25
04/29/2011,ITH,NY,AEA,EN,Federal Contract Tower,0,29,19,0,48,0,0,5,0,5,0,29,24,0,53,20,0,20,73
04/30/2011,ITH,NY,AEA,EN,Federal Contract Tower,0,28,24,0,52,0,4,54,0,58,0,32,78,0,110,120,0,120,230
05/01/2011,ITH,NY,AEA,EN,Federal Contract Tower,0,21,19,0,40,0,0,62,0,62,0,21,81,0,102,118,0,118,220
05/02/2011,ITH,NY,AEA,EN,Federal Contract Tower,0,27,8,0,35,0,0,7,0,7,0,27,15,0,42,28,0,28,70
05/03/2011,ITH,NY,AEA,EN,Federal Contract Tower,0,18,4,0,22,0,0,0,0,0,0,18,4,0,22,0,0,0,22
05/04/2011,ITH,NY,AEA,EN,Federal Contract Tower,0,24,5,0,29,0,0,1,0,1,0,24,6,0,30,0,0,0,30
05/05/2011,ITH,NY,AEA,EN,Federal Contract Tower,0,30,17,1,48,0,2,23,0,25,0,32,40,1,73,52,0,52,125
05/06/2011,ITH,NY,AEA,EN,Federal Contract Tower,0,27,12,0,39,0,0,43,0,43,0,27,55,0,82,50,0,50,132
05/07/2011,ITH,NY,AEA,EN,Federal Contract Tower,0,23,1,0,24,0,1,34,0,35,0,24,35,0,59,144,0,144,203
05/08/2011,ITH,NY,AEA,EN,Federal Contract Tower,0,22,18,0,40,0,0,70,0,70,0,22,88,0,110,122,0,122,232
05/09/2011,ITH,NY,AEA,EN,Federal Contract Tower,0,26,23,0,49,0,0,40,0,40,0,26,63,0,89,94,0,94,183
05/10/2011,ITH,NY,AEA,EN,Federal Contract Tower,0,27,12,0,39,0,0,49,0,49,0,27,61,0,88,148,0,148,236
05/11/2011,ITH,NY,AEA,EN,Federal Contract Tower,0,30,14,0,44,0,0,33,0,33,0,30,47,0,77,96,0,96,173
05/12/2011,ITH,NY,AEA,EN,Federal Contract Tower,0,37,9,0,46,0,2,29,0,31,0,39,38,0,77,78,0,78,155
05/13/2011,ITH,NY,AEA,EN,Federal Contract Tower,0,29,11,0,40,0,0,7,0,7,0,29,18,0,47,32,0,32,79
05/14/2011,ITH,NY,AEA,EN,Federal Contract Tower,0,26,3,0,29,0,0,0,0,0,0,26,3,0,29,0,0,0,29
05/15/2011,ITH,NY,AEA,EN,Federal Contract Tower,0,11,7,0,18,0,0,0,0,0,0,11,7,0,18,0,0,0,18
05/16/2011,ITH,NY,AEA,EN,Federal Contract Tower,0,23,8,0,31,0,0,0,0,0,0,23,8,0,31,0,0,0,31
05/17/2011,ITH,NY,AEA,EN,Federal Contract Tower,0,9,6,0,15,0,0,0,0,0,0,9,6,0,15,0,0,0,15
05/18/2011,ITH,NY,AEA,EN,Federal Contract Tower,0,26,22,0,48,0,0,4,0,4,0,26,26,0,52,2,0,2,54
05/19/2011,ITH,NY,AEA,EN,Federal Contract Tower,0,25,8,0,33,0,0,0,0,0,0,25,8,0,33,12,0,12,45
05/20/2011,ITH,NY,AEA,EN,Federal Contract Tower,0,33,12,0,45,0,0,23,0,23,0,33,35,0,68,62,0,62,130
05/21/2011,ITH,NY,AEA,EN,Federal Contract Tower,0,27,6,0,33,0,0,35,0,35,0,27,41,0,68,126,0,126,194
05/22/2011,ITH,NY,AEA,EN,Federal Contract Tower,0,24,15,0,39,0,0,45,0,45,0,24,60,0,84,85,0,85,169
05/23/2011,ITH,NY,AEA,EN,Federal Contract Tower,0,26,14,0,40,0,0,0,1,1,0,26,14,1,41,2,2,4,45
05/24/2011,ITH,NY,AEA,EN,Federal Contract Tower,0,33,11,0,44,0,0,9,0,9,0,33,20,0,53,60,0,60,113
05/25/2011,ITH,NY,AEA,EN,Federal Contract Tower,0,19,9,0,28,0,0,11,0,11,0,19,20,0,39,136,0,136,175
05/26/2011,ITH,NY,AEA,EN,Federal Contract Tower,0,39,13,0,52,0,0,23,0,23,0,39,36,0,75,12,0,12,87
05/27/2011,ITH,NY,AEA,EN,Federal Contract Tower,0,41,21,0,62,0,0,9,0,9,0,41,30,0,71,44,0,44,115
05/28/2011,ITH,NY,AEA,EN,Federal Contract Tower,0,34,22,2,58,0,0,9,0,9,0,34,31,2,67,114,0,114,181
05/29/2011,ITH,NY,AEA,EN,Federal Contract Tower,0,36,28,0,64,0,0,25,0,25,0,36,53,0,89,28,0,28,117
05/30/2011,ITH,NY,AEA,EN,Federal Contract Tower,0,31,16,0,47,0,3,17,0,20,0,34,33,0,67,66,0,66,133
05/31/2011,ITH,NY,AEA,EN,Federal Contract Tower,0,29,16,0,45,0,0,40,0,40,0,29,56,0,85,102,0,102,187
06/01/2011,ITH,NY,AEA,EN,Federal Contract Tower,0,26,6,0,32,0,0,1,0,1,0,26,7,0,33,22,0,22,55
06/02/2011,ITH,NY,AEA,EN,Federal Contract Tower,0,32,8,2,42,0,4,12,0,16,0,36,20,2,58,31,0,31,89
06/03/2011,ITH,NY,AEA,EN,Federal Contract Tower,0,26,7,0,33,0,1,35,0,36,0,27,42,0,69,108,0,108,177
06/04/2011,ITH,NY,AEA,EN,Federal Contract Tower,0,32,8,0,40,0,0,91,0,91,0,32,99,0,131,162,0,162,293
06/05/2011,ITH,NY,AEA,EN,Federal Contract Tower,0,20,13,0,33,0,0,30,0,30,0,20,43,0,63,108,0,108,171
06/06/2011,ITH,NY,AEA,EN,Federal Contract Tower,0,29,12,0,41,0,2,29,0,31,0,31,41,0,72,146,0,146,218
06/07/2011,ITH,NY,AEA,EN,Federal Contract Tower,0,28,7,0,35,0,0,27,0,27,0,28,34,0,62,83,0,83,145
06/08/2011,ITH,NY,AEA,EN,Federal Contract Tower,0,26,4,0,30,0,1,24,0,25,0,27,28,0,55,92,0,92,147
06/09/2011,ITH,NY,AEA,EN,Federal Contract Tower,0,20,12,0,32,0,1,5,0,6,0,21,17,0,38,64,0,64,102
06/10/2011,ITH,NY,AEA,EN,Federal Contract Tower,0,23,25,0,48,0,0,22,0,22,0,23,47,0,70,34,0,34,104
06/11/2011,ITH,NY,AEA,EN,Federal Contract Tower,0,27,14,0,41,0,2,8,0,10,0,29,22,0,51,50,0,50,101
06/12/2011,ITH,NY,AEA,EN,Federal Contract Tower,0,27,17,0,44,0,1,8,0,9,0,28,25,0,53,6,0,6,59
06/13/2011,ITH,NY,AEA,EN,Federal Contract Tower,0,26,14,0,40,0,0,5,0,5,0,26,19,0,45,32,0,32,77
06/14/2011,ITH,NY,AEA,EN,Federal Contract Tower,0,25,6,0,31,0,0,4,0,4,0,25,10,0,35,0,0,0,35
06/15/2011,ITH,NY,AEA,EN,Federal Contract Tower,0,31,4,0,35,0,2,38,0,40,0,33,42,0,75,108,0,108,183
06/16/2011,ITH,NY,AEA,EN,Federal Contract Tower,0,30,4,0,34,0,0,20,0,20,0,30,24,0,54,77,0,77,131
06/17/2011,ITH,NY,AEA,EN,Federal Contract Tower,0,27,15,0,42,0,3,22,0,25,0,30,37,0,67,14,0,14,81
06/18/2011,ITH,NY,AEA,EN,Federal Contract Tower,0,26,4,0,30,0,2,37,0,39,0,28,41,0,69,132,0,132,201
06/19/2011,ITH,NY,AEA,EN,Federal Contract Tower,0,20,9,0,29,0,2,97,0,99,0,22,106,0,128,255,0,255,383
06/20/2011,ITH,NY,AEA,EN,Federal Contract Tower,0,30,6,0,36,0,2,23,0,25,0,32,29,0,61,106,0,106,167
06/21/2011,ITH,NY,AEA,EN,Federal Contract Tower,0,27,8,0,35,0,1,30,0,31,0,28,38,0,66,136,0,136,202
06/22/2011,ITH,NY,AEA,EN,Federal Contract Tower,0,27,9,0,36,0,0,4,0,4,0,27,13,0,40,4,0,4,44
06/23/2011,ITH,NY,AEA,EN,Federal Contract Tower,0,20,17,0,37,0,2,20,0,22,0,22,37,0,59,61,0,61,120
06/24/2011,ITH,NY,AEA,EN,Federal Contract Tower,0,35,7,0,42,0,5,15,0,20,0,40,22,0,62,50,0,50,112
06/25/2011,ITH,NY,AEA,EN,Federal Contract Tower,0,27,6,0,33,0,2,12,0,14,0,29,18,0,47,20,0,20,67
06/26/2011,ITH,NY,AEA,EN,Federal Contract Tower,0,20,16,0,36,0,0,24,1,25,0,20,40,1,61,102,0,102,163
06/27/2011,ITH,NY,AEA,EN,Federal Contract Tower,0,25,12,0,37,0,2,32,0,34,0,27,44,0,71,110,0,110,181
06/28/2011,ITH,NY,AEA,EN,Federal Contract Tower,0,23,19,0,42,0,1,24,0,25,0,24,43,0,67,78,0,78,145
06/29/2011,ITH,NY,AEA,EN,Federal Contract Tower,0,24,12,2,38,0,0,9,0,9,0,24,21,2,47,16,0,16,63
06/30/2011,ITH,NY,AEA,EN,Federal Contract Tower,0,27,9,1,37,0,4,30,0,34,0,31,39,1,71,60,0,60,131
07/01/2011,ITH,NY,AEA,EN,Federal Contract Tower,0,24,20,0,44,0,0,32,0,32,0,24,52,0,76,110,0,110,186
07/02/2011,ITH,NY,AEA,EN,Federal Contract Tower,0,23,7,0,30,0,2,57,0,59,0,25,64,0,89,88,0,88,177
07/03/2011,ITH,NY,AEA,EN,Federal Contract Tower,0,15,2,0,17,0,0,26,0,26,0,15,28,0,43,16,0,16,59
07/04/2011,ITH,NY,AEA,EN,Federal Contract Tower,0,20,4,0,24,0,2,37,0,39,0,22,41,0,63,26,0,26,89
07/05/2011,ITH,NY,AEA,EN,Federal Contract Tower,0,27,14,0,41,0,4,48,0,52,0,31,62,0,93,108,0,108,201
07/06/2011,ITH,NY,AEA,EN,Federal Contract Tower,0,24,11,0,35,0,0,5,0,5,0,24,16,0,40,120,0,120,160
07/07/2011,ITH,NY,AEA,EN,Federal Contract Tower,0,24,10,0,34,0,2,14,0,16,0,26,24,0,50,31,0,31,81
07/08/2011,ITH,NY,AEA,EN,Federal Contract Tower,0,19,13,0,32,0,0,19,0,19,0,19,32,0,51,58,0,58,109
07/09/2011,ITH,NY,AEA,EN,Federal Contract Tower,0,17,7,0,24,0,0,38,0,38,0,17,45,0,62,98,0,98,160
07/10/2011,ITH,NY,AEA,EN,Federal Contract Tower,0,24,13,0,37,0,4,37,0,41,0,28,50,0,78,178,0,178,256
07/11/2011,ITH,NY,AEA,EN,Federal Contract Tower,0,22,7,0,29,0,0,21,0,21,0,22,28,0,50,124,0,124,174
07/12/2011,ITH,NY,AEA,EN,Federal Contract Tower,0,26,15,0,41,0,2,20,0,22,0,28,35,0,63,94,0,94,157
07/13/2011,ITH,NY,AEA,EN,Federal Contract Tower,0,26,6,0,32,0,2,12,0,14,0,28,18,0,46,98,0,98,144
07/14/2011,ITH,NY,AEA,EN,Federal Contract Tower,0,32,4,0,36,0,1,27,0,28,0,33,31,0,64,91,0,91,155
07/15/2011,ITH,NY,AEA,EN,Federal Contract Tower,0,32,9,0,41,0,2,58,0,60,0,34,67,0,101,194,0,194,295
07/16/2011,ITH,NY,AEA,EN,Federal Contract Tower,0,24,5,0,29,0,4,55,0,59,0,28,60,0,88,114,0,114,202
07/17/2011,ITH,NY,AEA,EN,Federal Contract Tower,0,22,12,0,34,0,2,47,0,49,0,24,59,0,83,96,0,96,179
07/18/2011,ITH,NY,AEA,EN,Federal Contract Tower,0,26,8,0,34,0,0,2,0,2,0,26,10,0,36,12,0,12,48
07/19/2011,ITH,NY,AEA,EN,Federal Contract Tower,0,30,11,0,41,0,0,14,0,14,0,30,25,0,55,68,0,68,123
07/20/2011,ITH,NY,AEA,EN,Federal Contract Tower,0,22,9,0,31,0,0,21,0,21,0,22,30,0,52,82,0,82,134
07/21/2011,ITH,NY,AEA,EN,Federal Contract Tower,0,21,4,2,27,0,0,21,0,21,0,21,25,2,48,125,0,125,173
07/22/2011,ITH,NY,AEA,EN,Federal Contract Tower,0,24,13,0,37,0,3,35,0,38,0,27,48,0,75,108,0,108,183
07/23/2011,ITH,NY,AEA,EN,Federal Contract Tower,0,22,9,0,31,0,1,24,0,25,0,23,33,0,56,122,0,122,178
07/24/2011,ITH,NY,AEA,EN,Federal Contract Tower,0,22,15,0,37,0,0,15,0,15,0,22,30,0,52,44,0,44,96
07/25/2011,ITH,NY,AEA,EN,Federal Contract Tower,0,23,16,0,39,0,0,13,0,13,0,23,29,0,52,68,0,68,120
07/26/2011,ITH,NY,AEA,EN,Federal Contract Tower,0,24,4,0,28,0,0,22,0,22,0,24,26,0,50,46,0,46,96
07/27/2011,ITH,NY,AEA,EN,Federal Contract Tower,0,28,15,0,43,0,2,33,0,35,0,30,48,0,78,34,0,34,112
07/28/2011,ITH,NY,AEA,EN,Federal Contract Tower,0,26,11,0,37,0,1,34,0,35,0,27,45,0,72,73,0,73,145
07/29/2011,ITH,NY,AEA,EN,Federal Contract Tower,0,27,17,0,44,0,0,3,0,3,0,27,20,0,47,0,0,0,47
07/30/2011,ITH,NY,AEA,EN,Federal Contract Tower,0,23,6,0,29,0,2,39,0,41,0,25,45,0,70,140,0,140,210
07/31/2011,ITH,NY,AEA,EN,Federal Contract Tower,0,20,13,0,33,0,7,35,0,42,0,27,48,0,75,98,0,98,173
08/01/2011,ITH,NY,AEA,EN,Federal Contract Tower,0,22,10,0,32,0,0,30,0,30,0,22,40,0,62,84,0,84,146
08/02/2011,ITH,NY,AEA,EN,Federal Contract Tower,0,29,13,0,42,0,3,43,0,46,0,32,56,0,88,74,0,74,162
08/03/2011,ITH,NY,AEA,EN,Federal Contract Tower,0,27,13,0,40,0,5,6,0,11,0,32,19,0,51,70,0,70,121
08/04/2011,ITH,NY,AEA,EN,Federal Contract Tower,0,27,11,0,38,0,0,8,0,8,0,27,19,0,46,0,0,0,46
08/05/2011,ITH,NY,AEA,EN,Federal Contract Tower,0,22,13,0,35,0,3,17,0,20,0,25,30,0,55,40,0,40,95
08/06/2011,ITH,NY,AEA,EN,Federal Contract Tower,0,21,7,0,28,0,0,2,0,2,0,21,9,0,30,20,0,20,50
08/07/2011,ITH,NY,AEA,EN,Federal Contract Tower,0,18,3,0,21,0,0,1,5,6,0,18,4,5,27,10,0,10,37
08/08/2011,ITH,NY,AEA,EN,Federal Contract Tower,0,18,7,0,25,0,4,7,0,11,0,22,14,0,36,10,0,10,46
08/09/2011,ITH,NY,AEA,EN,Federal Contract Tower,0,22,2,0,24,0,0,13,0,13,0,22,15,0,37,30,0,30,67
08/10/2011,ITH,NY,AEA,EN,Federal Contract Tower,0,25,6,0,31,0,2,20,0,22,0,27,26,0,53,66,0,66,119
08/11/2011,ITH,NY,AEA,EN,Federal Contract Tower,0,24,21,0,45,0,1,42,0,43,0,25,63,0,88,126,0,126,214
08/12/2011,ITH,NY,AEA,EN,Federal Contract Tower,0,27,15,0,42,0,9,51,0,60,0,36,66,0,102,158,0,158,260
08/13/2011,ITH,NY,AEA,EN,Federal Contract Tower,0,22,13,0,35,0,1,42,0,43,0,23,55,0,78,216,0,216,294
08/14/2011,ITH,NY,AEA,EN,Federal Contract Tower,0,20,12,0,32,0,0,8,0,8,0,20,20,0,40,24,0,24,64
08/15/2011,ITH,NY,AEA,EN,Federal Contract Tower,0,24,17,0,41,0,0,0,0,0,0,24,17,0,41,0,0,0,41
08/16/2011,ITH,NY,AEA,EN,Federal Contract Tower,0,31,17,0,48,0,2,17,0,19,0,33,34,0,67,52,0,52,119
08/17/2011,ITH,NY,AEA,EN,Federal Contract Tower,0,28,13,0,41,0,2,34,0,36,0,30,47,0,77,97,0,97,174
08/18/2011,ITH,NY,AEA,EN,Federal Contract Tower,0,23,21,0,44,0,0,39,1,40,0,23,60,1,84,80,0,80,164
08/19/2011,ITH,NY,AEA,EN,Federal Contract Tower,0,28,20,0,48,0,0,18,0,18,0,28,38,0,66,0,0,0,66
08/20/2011,ITH,NY,AEA,EN,Federal Contract Tower,0,23,12,0,35,0,1,32,0,33,0,24,44,0,68,74,0,74,142
08/21/2011,ITH,NY,AEA,EN,Federal Contract Tower,0,18,2,0,20,0,0,12,0,12,0,18,14,0,32,18,0,18,50
08/22/2011,ITH,NY,AEA,EN,Federal Contract Tower,0,33,15,0,48,0,2,32,0,34,0,35,47,0,82,54,0,54,136
08/23/2011,ITH,NY,AEA,EN,Federal Contract Tower,0,29,20,0,49,0,4,39,0,43,0,33,59,0,92,164,0,164,256
08/24/2011,ITH,NY,AEA,EN,Federal Contract Tower,0,26,8,0,34,0,3,12,0,15,0,29,20,0,49,59,0,59,108
08/25/2011,ITH,NY,AEA,EN,Federal Contract Tower,0,16,10,0,26,0,0,12,0,12,0,16,22,0,38,23,0,23,61
08/26/2011,ITH,NY,AEA,EN,Federal Contract Tower,0,26,21,0,47,0,1,35,0,36,0,27,56,0,83,78,0,78,161
08/27/2011,ITH,NY,AEA,EN,Federal Contract Tower,0,32,22,0,54,0,8,39,0,47,0,40,61,0,101,88,0,88,189
08/28/2011,ITH,NY,AEA,EN,Federal Contract Tower,0,6,6,0,12,0,0,0,0,0,0,6,6,0,12,0,0,0,12
08/29/2011,ITH,NY,AEA,EN,Federal Contract Tower,0,16,17,0,33,0,4,54,0,58,0,20,71,0,91,140,0,140,231
08/30/2011,ITH,NY,AEA,EN,Federal Contract Tower,0,29,15,0,44,0,2,48,0,50,0,31,63,0,94,164,0,164,258
08/31/2011,ITH,NY,AEA,EN,Federal Contract Tower,0,23,14,0,37,0,0,33,0,33,0,23,47,0,70,106,0,106,176
09/01/2011,ITH,NY,AEA,EN,Federal Contract Tower,0,23,10,0,33,0,7,18,0,25,0,30,28,0,58,68,2,70,128
09/02/2011,ITH,NY,AEA,EN,Federal Contract Tower,0,25,27,0,52,0,0,24,0,24,0,25,51,0,76,68,0,68,144
09/03/2011,ITH,NY,AEA,EN,Federal Contract Tower,0,20,5,0,25,0,2,30,0,32,0,22,35,0,57,88,0,88,145
09/04/2011,ITH,NY,AEA,EN,Federal Contract Tower,0,16,10,0,26,0,0,23,0,23,0,16,33,0,49,64,0,64,113
09/05/2011,ITH,NY,AEA,EN,Federal Contract Tower,0,19,23,0,42,0,0,0,0,0,0,19,23,0,42,0,0,0,42
09/06/2011,ITH,NY,AEA,EN,Federal Contract Tower,0,25,8,0,33,0,0,1,0,1,0,25,9,0,34,0,0,0,34
09/07/2011,ITH,NY,AEA,EN,Federal Contract Tower,0,24,14,0,38,0,0,0,0,0,0,24,14,0,38,0,0,0,38
09/08/2011,ITH,NY,AEA,EN,Federal Contract Tower,0,23,18,0,41,0,3,11,2,16,0,26,29,2,57,0,0,0,57
09/09/2011,ITH,NY,AEA,EN,Federal Contract Tower,0,30,10,0,40,0,0,11,0,11,0,30,21,0,51,26,0,26,77
09/10/2011,ITH,NY,AEA,EN,Federal Contract Tower,0,26,7,0,33,0,2,56,2,60,0,28,63,2,93,66,0,66,159
09/11/2011,ITH,NY,AEA,EN,Federal Contract Tower,0,29,22,0,51,0,0,31,0,31,0,29,53,0,82,110,0,110,192
09/12/2011,ITH,NY,AEA,EN,Federal Contract Tower,0,37,14,0,51,0,4,48,0,52,0,41,62,0,103,118,0,118,221
09/13/2011,ITH,NY,AEA,EN,Federal Contract Tower,0,38,24,0,62,0,0,32,0,32,0,38,56,0,94,38,0,38,132
09/14/2011,ITH,NY,AEA,EN,Federal Contract Tower,0,25,23,0,48,0,4,16,2,22,0,29,39,2,70,6,0,6,76
09/15/2011,ITH,NY,AEA,EN,Federal Contract Tower,0,29,18,0,47,0,0,4,0,4,0,29,22,0,51,14,0,14,65
09/16/2011,ITH,NY,AEA,EN,Federal Contract Tower,0,35,6,0,41,0,2,46,0,48,0,37,52,0,89,106,0,106,195
09/17/2011,ITH,NY,AEA,EN,Federal Contract Tower,0,28,5,0,33,0,2,62,0,64,0,30,67,0,97,112,0,112,209
09/18/2011,ITH,NY,AEA,EN,Federal Contract Tower,0,21,17,0,38,0,2,53,0,55,0,23,70,0,93,68,0,68,161
09/19/2011,ITH,NY,AEA,EN,Federal Contract Tower,0,29,11,0,40,0,3,33,0,36,0,32,44,0,76,114,0,114,190
09/20/2011,ITH,NY,AEA,EN,Federal Contract Tower,0,29,11,0,40,0,0,7,0,7,0,29,18,0,47,6,0,6,53
09/21/2011,ITH,NY,AEA,EN,Federal Contract Tower,0,31,10,0,41,0,4,10,0,14,0,35,20,0,55,18,0,18,73
09/22/2011,ITH,NY,AEA,EN,Federal Contract Tower,0,28,14,0,42,0,3,0,0,3,0,31,14,0,45,2,0,2,47
09/23/2011,ITH,NY,AEA,EN,Federal Contract Tower,0,21,22,0,43,0,0,5,0,5,0,21,27,0,48,56,0,56,104
09/24/2011,ITH,NY,AEA,EN,Federal Contract Tower,0,25,8,0,33,0,0,27,0,27,0,25,35,0,60,78,0,78,138
09/25/2011,ITH,NY,AEA,EN,Federal Contract Tower,0,26,18,0,44,0,2,105,0,107,0,28,123,0,151,290,0,290,441
09/26/2011,ITH,NY,AEA,EN,Federal Contract Tower,0,35,11,0,46,0,1,23,0,24,0,36,34,0,70,92,0,92,162
09/27/2011,ITH,NY,AEA,EN,Federal Contract Tower,0,26,4,0,30,0,2,0,0,2,0,28,4,0,32,0,0,0,32
09/28/2011,ITH,NY,AEA,EN,Federal Contract Tower,0,25,7,0,32,0,3,1,0,4,0,28,8,0,36,68,0,68,104
09/29/2011,ITH,NY,AEA,EN,Federal Contract Tower,0,29,13,0,42,0,0,2,0,2,0,29,15,0,44,16,0,16,60
09/30/2011,ITH,NY,AEA,EN,Federal Contract Tower,0,25,20,0,45,0,0,22,1,23,0,25,42,1,68,22,0,22,90
10/01/2011,ITH,NY,AEA,EN,Federal Contract Tower,0,27,11,0,38,0,0,1,0,1,0,27,12,0,39,0,0,0,39
10/02/2011,ITH,NY,AEA,EN,Federal Contract Tower,0,19,23,0,42,0,0,1,0,1,0,19,24,0,43,0,0,0,43
10/03/2011,ITH,NY,AEA,EN,Federal Contract Tower,0,26,17,0,43,0,0,5,0,5,0,26,22,0,48,118,0,118,166
10/04/2011,ITH,NY,AEA,EN,Federal Contract Tower,0,30,14,1,45,0,0,2,0,2,0,30,16,1,47,10,0,10,57
10/05/2011,ITH,NY,AEA,EN,Federal Contract Tower,0,31,7,0,38,0,0,25,0,25,0,31,32,0,63,22,0,22,85
10/06/2011,ITH,NY,AEA,EN,Federal Contract Tower,0,28,18,0,46,0,0,25,0,25,0,28,43,0,71,70,0,70,141
10/07/2011,ITH,NY,AEA,EN,Federal Contract Tower,0,33,18,0,51,0,0,42,0,42,0,33,60,0,93,78,0,78,171
10/08/2011,ITH,NY,AEA,EN,Federal Contract Tower,0,26,11,0,37,0,0,48,0,48,0,26,59,0,85,160,0,160,245
10/09/2011,ITH,NY,AEA,EN,Federal Contract Tower,0,21,10,0,31,0,0,66,0,66,0,21,76,0,97,102,0,102,199
10/10/2011,ITH,NY,AEA,EN,Federal Contract Tower,0,33,8,0,41,0,0,50,0,50,0,33,58,0,91,152,0,152,243
10/11/2011,ITH,NY,AEA,EN,Federal Contract Tower,0,45,17,0,62,0,2,50,0,52,0,47,67,0,114,132,0,132,246
10/12/2011,ITH,NY,AEA,EN,Federal Contract Tower,0,25,22,0,47,0,0,17,0,17,0,25,39,0,64,90,0,90,154
10/13/2011,ITH,NY,AEA,EN,Federal Contract Tower,0,23,13,0,36,0,0,0,0,0,0,23,13,0,36,0,0,0,36
10/14/2011,ITH,NY,AEA,EN,Federal Contract Tower,0,32,23,0,55,0,0,3,0,3,0,32,26,0,58,42,0,42,100
10/15/2011,ITH,NY,AEA,EN,Federal Contract Tower,0,32,9,0,41,0,0,1,0,1,0,32,10,0,42,4,0,4,46
10/16/2011,ITH,NY,AEA,EN,Federal Contract Tower,0,19,15,0,34,0,0,22,0,22,0,19,37,0,56,0,0,0,56
10/17/2011,ITH,NY,AEA,EN,Federal Contract Tower,0,29,5,0,34,0,0,29,0,29,0,29,34,0,63,102,0,102,165
10/18/2011,ITH,NY,AEA,EN,Federal Contract Tower,0,30,12,0,42,0,0,51,0,51,0,30,63,0,93,164,0,164,257
10/19/2011,ITH,NY,AEA,EN,Federal Contract Tower,0,39,18,0,57,0,0,10,0,10,0,39,28,0,67,52,0,52,119
10/20/2011,ITH,NY,AEA,EN,Federal Contract Tower,0,42,28,0,70,0,0,13,0,13,0,42,41,0,83,68,0,68,151
10/21/2011,ITH,NY,AEA,EN,Federal Contract Tower,0,31,10,0,41,0,1,10,0,11,0,32,20,0,52,44,0,44,96
10/22/2011,ITH,NY,AEA,EN,Federal Contract Tower,0,47,24,0,71,0,4,30,0,34,0,51,54,0,105,60,0,60,165
10/23/2011,ITH,NY,AEA,EN,Federal Contract Tower,0,26,18,0,44,0,0,57,0,57,0,26,75,0,101,160,0,160,261
10/24/2011,ITH,NY,AEA,EN,Federal Contract Tower,0,27,9,0,36,0,0,17,0,17,0,27,26,0,53,60,0,60,113
10/25/2011,ITH,NY,AEA,EN,Federal Contract Tower,0,33,13,0,46,0,0,33,0,33,0,33,46,0,79,56,0,56,135
10/26/2011,ITH,NY,AEA,EN,Federal Contract Tower,0,27,11,0,38,0,0,0,0,0,0,27,11,0,38,0,0,0,38
10/27/2011,ITH,NY,AEA,EN,Federal Contract Tower,0,28,9,0,37,0,0,0,0,0,0,28,9,0,37,0,0,0,37
10/28/2011,ITH,NY,AEA,EN,Federal Contract Tower,0,35,31,0,66,0,0,35,0,35,0,35,66,0,101,44,0,44,145
10/29/2011,ITH,NY,AEA,EN,Federal Contract Tower,0,21,8,0,29,0,0,3,0,3,0,21,11,0,32,62,0,62,94
10/30/2011,ITH,NY,AEA,EN,Federal Contract Tower,0,28,20,0,48,0,0,58,0,58,0,28,78,0,106,136,0,136,242
10/31/2011,ITH,NY,AEA,EN,Federal Contract Tower,0,29,4,0,33,0,0,16,0,16,0,29,20,0,49,58,0,58,107
11/01/2011,ITH,NY,AEA,EN,Federal Contract Tower,0,27,11,0,38,0,0,39,0,39,0,27,50,0,77,104,0,104,181
11/02/2011,ITH,NY,AEA,EN,Federal Contract Tower,0,25,8,0,33,0,0,27,0,27,0,25,35,0,60,80,0,80,140
11/03/2011,ITH,NY,AEA,EN,Federal Contract Tower,0,29,8,0,37,0,20,0,0,20,0,49,8,0,57,70,0,70,127
11/04/2011,ITH,NY,AEA,EN,Federal Contract Tower,0,31,15,0,46,0,2,16,0,18,0,33,31,0,64,30,0,30,94
11/05/2011,ITH,NY,AEA,EN,Federal Contract Tower,0,25,3,0,28,0,0,43,0,43,0,25,46,0,71,70,0,70,141
11/06/2011,ITH,NY,AEA,EN,Federal Contract Tower,0,23,14,0,37,0,0,52,0,52,0,23,66,0,89,162,0,162,251
11/07/2011,ITH,NY,AEA,EN,Federal Contract Tower,0,25,8,0,33,0,6,22,0,28,0,31,30,0,61,110,0,110,171
11/08/2011,ITH,NY,AEA,EN,Federal Contract Tower,0,30,0,0,30,0,0,35,0,35,0,30,35,0,65,64,0,64,129
11/09/2011,ITH,NY,AEA,EN,Federal Contract Tower,0,20,11,0,31,0,24,0,0,24,0,44,11,0,55,112,0,112,167
11/10/2011,ITH,NY,AEA,EN,Federal Contract Tower,0,23,15,0,38,0,0,6,0,6,0,23,21,0,44,28,0,28,72
11/11/2011,ITH,NY,AEA,EN,Federal Contract Tower,0,29,15,0,44,0,0,5,0,5,0,29,20,0,49,20,0,20,69
11/12/2011,ITH,NY,AEA,EN,Federal Contract Tower,0,29,20,0,49,0,0,25,0,25,0,29,45,0,74,58,0,58,132
11/13/2011,ITH,NY,AEA,EN,Federal Contract Tower,0,17,10,0,27,0,0,39,0,39,0,17,49,0,66,108,0,108,174
11/14/2011,ITH,NY,AEA,EN,Federal Contract Tower,0,25,16,0,41,0,0,22,0,22,0,25,38,0,63,100,0,100,163
11/15/2011,ITH,NY,AEA,EN,Federal Contract Tower,0,30,10,0,40,0,0,21,0,21,0,30,31,0,61,86,0,86,147
11/16/2011,ITH,NY,AEA,EN,Federal Contract Tower,0,27,11,0,38,0,0,0,0,0,0,27,11,0,38,38,0,38,76
11/17/2011,ITH,NY,AEA,EN,Federal Contract Tower,0,39,7,0,46,0,10,2,0,12,0,49,9,0,58,24,0,24,82
11/18/2011,ITH,NY,AEA,EN,Federal Contract Tower,0,34,12,0,46,0,0,24,0,24,0,34,36,0,70,78,0,78,148
11/19/2011,ITH,NY,AEA,EN,Federal Contract Tower,0,31,9,1,41,0,0,21,0,21,0,31,30,1,62,40,0,40,102
11/20/2011,ITH,NY,AEA,EN,Federal Contract Tower,0,26,6,0,32,0,0,29,0,29,0,26,35,0,61,98,0,98,159
11/21/2011,ITH,NY,AEA,EN,Federal Contract Tower,0,29,11,0,40,0,0,31,0,31,0,29,42,0,71,146,0,146,217
11/22/2011,ITH,NY,AEA,EN,Federal Contract Tower,0,30,22,0,52,0,0,9,0,9,0,30,31,0,61,52,0,52,113
11/23/2011,ITH,NY,AEA,EN,Federal Contract Tower,0,32,9,0,41,0,0,0,0,0,0,32,9,0,41,0,0,0,41
11/24/2011,ITH,NY,AEA,EN,Federal Contract Tower,0,18,1,0,19,0,0,6,0,6,0,18,7,0,25,6,0,6,31
11/25/2011,ITH,NY,AEA,EN,Federal Contract Tower,0,12,7,0,19,0,2,31,0,33,0,14,38,0,52,64,0,64,116
11/26/2011,ITH,NY,AEA,EN,Federal Contract Tower,0,29,5,0,34,0,0,44,0,44,0,29,49,0,78,118,0,118,196
11/27/2011,ITH,NY,AEA,EN,Federal Contract Tower,0,47,20,0,67,0,0,36,0,36,0,47,56,0,103,68,0,68,171
11/28/2011,ITH,NY,AEA,EN,Federal Contract Tower,0,31,12,0,43,0,0,2,0,2,0,31,14,0,45,0,0,0,45
11/29/2011,ITH,NY,AEA,EN,Federal Contract Tower,0,20,10,0,30,0,0,1,0,1,0,20,11,0,31,14,0,14,45
11/30/2011,ITH,NY,AEA,EN,Federal Contract Tower,0,28,7,0,35,0,0,6,0,6,0,28,13,0,41,38,0,38,79
12/01/2011,ITH,NY,AEA,EN,Federal Contract Tower,0,32,3,0,35,0,0,15,0,15,0,32,18,0,50,104,0,104,154
12/02/2011,ITH,NY,AEA,EN,Federal Contract Tower,0,29,10,0,39,0,0,6,0,6,0,29,16,0,45,48,0,48,93
12/03/2011,ITH,NY,AEA,EN,Federal Contract Tower,0,20,7,0,27,0,6,26,0,32,0,26,33,0,59,38,0,38,97
12/04/2011,ITH,NY,AEA,EN,Federal Contract Tower,0,22,9,0,31,0,0,12,0,12,0,22,21,0,43,48,0,48,91
12/05/2011,ITH,NY,AEA,EN,Federal Contract Tower,0,26,5,0,31,0,0,17,0,17,0,26,22,0,48,98,0,98,146
12/06/2011,ITH,NY,AEA,EN,Federal Contract Tower,0,20,3,0,23,0,0,0,0,0,0,20,3,0,23,0,0,0,23
12/07/2011,ITH,NY,AEA,EN,Federal Contract Tower,0,17,8,0,25,0,0,0,0,0,0,17,8,0,25,0,0,0,25
12/08/2011,ITH,NY,AEA,EN,Federal Contract Tower,0,26,7,0,33,0,0,11,0,11,0,26,18,0,44,10,0,10,54
12/09/2011,ITH,NY,AEA,EN,Federal Contract Tower,0,22,9,0,31,0,0,11,0,11,0,22,20,0,42,28,0,28,70
12/10/2011,ITH,NY,AEA,EN,Federal Contract Tower,0,22,9,0,31,0,2,27,0,29,0,24,36,0,60,94,0,94,154
12/11/2011,ITH,NY,AEA,EN,Federal Contract Tower,0,18,6,0,24,0,1,41,0,42,0,19,47,0,66,118,0,118,184
12/12/2011,ITH,NY,AEA,EN,Federal Contract Tower,0,25,14,0,39,0,0,35,0,35,0,25,49,0,74,106,0,106,180
12/13/2011,ITH,NY,AEA,EN,Federal Contract Tower,0,25,5,0,30,0,1,36,0,37,0,26,41,0,67,120,0,120,187
12/14/2011,ITH,NY,AEA,EN,Federal Contract Tower,0,25,2,0,27,0,0,21,0,21,0,25,23,0,48,128,0,128,176
12/15/2011,ITH,NY,AEA,EN,Federal Contract Tower,0,25,5,0,30,0,0,0,0,0,0,25,5,0,30,0,0,0,30
12/16/2011,ITH,NY,AEA,EN,Federal Contract Tower,0,25,10,0,35,0,0,15,0,15,0,25,25,0,50,46,0,46,96
12/17/2011,ITH,NY,AEA,EN,Federal Contract Tower,0,25,10,0,35,0,0,0,0,0,0,25,10,0,35,0,0,0,35
12/18/2011,ITH,NY,AEA,EN,Federal Contract Tower,0,18,4,0,22,0,0,28,0,28,0,18,32,0,50,58,0,58,108
12/19/2011,ITH,NY,AEA,EN,Federal Contract Tower,0,24,4,0,28,0,0,16,0,16,0,24,20,0,44,40,0,40,84
12/20/2011,ITH,NY,AEA,EN,Federal Contract Tower,0,23,6,0,29,0,4,28,0,32,0,27,34,0,61,106,0,106,167
12/21/2011,ITH,NY,AEA,EN,Federal Contract Tower,0,23,1,1,25,0,0,0,1,1,0,23,1,2,26,0,0,0,26
12/22/2011,ITH,NY,AEA,EN,Federal Contract Tower,0,30,7,0,37,0,0,7,0,7,0,30,14,0,44,26,0,26,70
12/23/2011,ITH,NY,AEA,EN,Federal Contract Tower,0,23,8,0,31,0,0,0,0,0,0,23,8,0,31,0,0,0,31
12/24/2011,ITH,NY,AEA,EN,Federal Contract Tower,0,17,4,0,21,0,0,8,0,8,0,17,12,0,29,4,0,4,33
12/25/2011,ITH,NY,AEA,EN,Federal Contract Tower,0,16,3,0,19,0,0,2,0,2,0,16,5,0,21,6,0,6,27
12/26/2011,ITH,NY,AEA,EN,Federal Contract Tower,0,21,4,0,25,0,0,2,0,2,0,21,6,0,27,38,0,38,65
12/27/2011,ITH,NY,AEA,EN,Federal Contract Tower,0,19,7,0,26,0,0,11,0,11,0,19,18,0,37,46,0,46,83
12/28/2011,ITH,NY,AEA,EN,Federal Contract Tower,0,20,5,0,25,0,0,0,0,0,0,20,5,0,25,0,0,0,25
12/29/2011,ITH,NY,AEA,EN,Federal Contract Tower,0,21,11,0,32,0,2,12,0,14,0,23,23,0,46,61,0,61,107
12/30/2011,ITH,NY,AEA,EN,Federal Contract Tower,0,19,5,0,24,0,0,19,0,19,0,19,24,0,43,32,0,32,75
12/31/2011,ITH,NY,AEA,EN,Federal Contract Tower,0,15,5,0,20,0,0,10,0,10,0,15,15,0,30,10,0,10,40
01/01/2012,ITH,NY,AEA,EN,Federal Contract Tower,0,13,3,0,16,0,0,6,0,6,0,13,9,0,22,16,0,16,38
01/02/2012,ITH,NY,AEA,EN,Federal Contract Tower,0,17,4,0,21,0,0,0,0,0,0,17,4,0,21,0,0,0,21
01/03/2012,ITH,NY,AEA,EN,Federal Contract Tower,0,19,3,0,22,0,0,0,0,0,0,19,3,0,22,0,0,0,22
01/04/2012,ITH,NY,AEA,EN,Federal Contract Tower,0,18,4,1,23,0,0,8,0,8,0,18,12,1,31,34,0,34,65
01/05/2012,ITH,NY,AEA,EN,Federal Contract Tower,0,19,1,0,20,0,0,5,0,5,0,19,6,0,25,0,0,0,25
01/06/2012,ITH,NY,AEA,EN,Federal Contract Tower,0,20,11,0,31,0,0,17,0,17,0,20,28,0,48,34,0,34,82
01/07/2012,ITH,NY,AEA,EN,Federal Contract Tower,0,20,5,0,25,0,4,35,0,39,0,24,40,0,64,82,0,82,146
01/08/2012,ITH,NY,AEA,EN,Federal Contract Tower,0,19,2,0,21,0,0,0,0,0,0,19,2,0,21,2,0,2,23
01/09/2012,ITH,NY,AEA,EN,Federal Contract Tower,0,24,6,1,31,0,0,28,0,28,0,24,34,1,59,76,0,76,135
01/10/2012,ITH,NY,AEA,EN,Federal Contract Tower,0,27,3,0,30,0,0,2,0,2,0,27,5,0,32,0,0,0,32
01/11/2012,ITH,NY,AEA,EN,Federal Contract Tower,0,26,5,0,31,0,0,23,0,23,0,26,28,0,54,100,0,100,154
01/12/2012,ITH,NY,AEA,EN,Federal Contract Tower,0,21,5,0,26,0,0,0,0,0,0,21,5,0,26,0,0,0,26
01/13/2012,ITH,NY,AEA,EN,Federal Contract Tower,0,15,0,0,15,0,0,0,0,0,0,15,0,0,15,0,0,0,15
01/14/2012,ITH,NY,AEA,EN,Federal Contract Tower,0,18,2,0,20,0,0,0,0,0,0,18,2,0,20,0,0,0,20
01/15/2012,ITH,NY,AEA,EN,Federal Contract Tower,0,19,3,0,22,0,0,5,0,5,0,19,8,0,27,0,0,0,27
01/16/2012,ITH,NY,AEA,EN,Federal Contract Tower,0,24,9,0,33,0,0,21,0,21,0,24,30,0,54,74,0,74,128
01/17/2012,ITH,NY,AEA,EN,Federal Contract Tower,0,27,3,0,30,0,0,18,0,18,0,27,21,0,48,30,0,30,78
01/18/2012,ITH,NY,AEA,EN,Federal Contract Tower,0,25,4,0,29,0,0,3,0,3,0,25,7,0,32,0,0,0,32
01/19/2012,ITH,NY,AEA,EN,Federal Contract Tower,0,24,8,0,32,0,0,2,0,2,0,24,10,0,34,2,0,2,36
01/20/2012,ITH,NY,AEA,EN,Federal Contract Tower,0,20,10,0,30,0,0,8,0,8,0,20,18,0,38,44,0,44,82
01/21/2012,ITH,NY,AEA,EN,Federal Contract Tower,0,19,3,0,22,0,0,7,0,7,0,19,10,0,29,27,0,27,56
01/22/2012,ITH,NY,AEA,EN,Federal Contract Tower,0,24,13,0,37,0,1,20,0,21,0,25,33,0,58,110,0,110,168
01/23/2012,ITH,NY,AEA,EN,Federal Contract Tower,0,27,3,0,30,0,0,0,0,0,0,27,3,0,30,0,0,0,30
01/24/2012,ITH,NY,AEA,EN,Federal Contract Tower,0,30,1,0,31,0,0,1,0,1,0,30,2,0,32,4,0,4,36
01/25/2012,ITH,NY,AEA,EN,Federal Contract Tower,0,24,5,0,29,0,0,4,0,4,0,24,9,0,33,36,0,36,69
01/26/2012,ITH,NY,AEA,EN,Federal Contract Tower,0,24,3,0,27,0,0,2,0,2,0,24,5,0,29,50,0,50,79
01/27/2012,ITH,NY,AEA,EN,Federal Contract Tower,0,22,9,0,31,0,0,0,0,0,0,22,9,0,31,0,0,0,31
01/28/2012,ITH,NY,AEA,EN,Federal Contract Tower,0,18,6,0,24,0,0,11,0,11,0,18,17,0,35,18,0,18,53
01/29/2012,ITH,NY,AEA,EN,Federal Contract Tower,0,22,7,0,29,0,0,25,0,25,0,22,32,0,54,116,0,116,170
01/30/2012,ITH,NY,AEA,EN,Federal Contract Tower,0,27,10,0,37,0,0,14,0,14,0,27,24,0,51,74,0,74,125
01/31/2012,ITH,NY,AEA,EN,Federal Contract Tower,0,30,0,0,30,0,0,30,0,30,0,30,30,0,60,88,0,88,148
02/01/2012,ITH,NY,AEA,EN,Federal Contract Tower,0,20,9,1,30,0,0,6,0,6,0,20,15,1,36,58,0,58,94
02/02/2012,ITH,NY,AEA,EN,Federal Contract Tower,0,24,8,0,32,0,0,4,0,4,0,24,12,0,36,56,0,56,92
02/03/2012,ITH,NY,AEA,EN,Federal Contract Tower,0,24,6,0,30,0,0,5,0,5,0,24,11,0,35,60,0,60,95
02/04/2012,ITH,NY,AEA,EN,Federal Contract Tower,0,19,4,0,23,0,3,31,0,34,0,22,35,0,57,72,0,72,129
02/05/2012,ITH,NY,AEA,EN,Federal Contract Tower,0,21,10,0,31,0,0,46,0,46,0,21,56,0,77,98,0,98,175
02/06/2012,ITH,NY,AEA,EN,Federal Contract Tower,0,30,17,0,47,0,6,52,0,58,0,36,69,0,105,132,0,132,237
02/07/2012,ITH,NY,AEA,EN,Federal Contract Tower,0,26,11,0,37,0,0,0,0,0,0,26,11,0,37,0,0,0,37
02/08/2012,ITH,NY,AEA,EN,Federal Contract Tower,0,21,9,0,30,0,0,10,0,10,0,21,19,0,40,52,0,52,92
02/09/2012,ITH,NY,AEA,EN,Federal Contract Tower,0,28,10,0,38,0,2,28,0,30,0,30,38,0,68,84,0,84,152
02/10/2012,ITH,NY,AEA,EN,Federal Contract Tower,0,31,10,0,41,0,0,5,0,5,0,31,15,0,46,40,0,40,86
02/11/2012,ITH,NY,AEA,EN,Federal Contract Tower,0,19,4,0,23,0,0,0,0,0,0,19,4,0,23,8,0,8,31
02/12/2012,ITH,NY,AEA,EN,Federal Contract Tower,0,21,4,0,25,0,0,0,0,0,0,21,4,0,25,0,0,0,25
02/13/2012,ITH,NY,AEA,EN,Federal Contract Tower,0,32,4,0,36,0,0,9,0,9,0,32,13,0,45,76,0,76,121
02/14/2012,ITH,NY,AEA,EN,Federal Contract Tower,0,27,8,0,35,0,0,2,0,2,0,27,10,0,37,22,0,22,59
02/15/2012,ITH,NY,AEA,EN,Federal Contract Tower,0,25,8,0,33,0,0,1,0,1,0,25,9,0,34,0,0,0,34
02/16/2012,ITH,NY,AEA,EN,Federal Contract Tower,0,23,13,1,37,0,0,0,1,1,0,23,13,2,38,34,0,34,72
02/17/2012,ITH,NY,AEA,EN,Federal Contract Tower,0,32,11,0,43,0,0,4,0,4,0,32,15,0,47,22,0,22,69
02/18/2012,ITH,NY,AEA,EN,Federal Contract Tower,0,18,3,0,21,0,0,2,0,2,0,18,5,0,23,0,0,0,23
02/19/2012,ITH,NY,AEA,EN,Federal Contract Tower,0,23,6,0,29,0,2,27,0,29,0,25,33,0,58,134,0,134,192
02/20/2012,ITH,NY,AEA,EN,Federal Contract Tower,0,26,8,0,34,0,0,30,0,30,0,26,38,0,64,114,0,114,178
02/21/2012,ITH,NY,AEA,EN,Federal Contract Tower,0,26,5,0,31,0,0,8,0,8,0,26,13,0,39,10,0,10,49
02/22/2012,ITH,NY,AEA,EN,Federal Contract Tower,0,26,8,0,34,0,0,6,0,6,0,26,14,0,40,24,0,24,64
02/23/2012,ITH,NY,AEA,EN,Federal Contract Tower,0,32,5,0,37,0,0,0,0,0,0,32,5,0,37,46,0,46,83
02/24/2012,ITH,NY,AEA,EN,Federal Contract Tower,0,23,2,0,25,0,0,0,0,0,0,23,2,0,25,0,0,0,25
02/25/2012,ITH,NY,AEA,EN,Federal Contract Tower,0,14,4,0,18,0,0,0,0,0,0,14,4,0,18,0,0,0,18
02/26/2012,ITH,NY,AEA,EN,Federal Contract Tower,0,22,8,0,30,0,2,58,0,60,0,24,66,0,90,186,0,186,276
02/27/2012,ITH,NY,AEA,EN,Federal Contract Tower,0,24,12,1,37,0,0,11,1,12,0,24,23,2,49,26,0,26,75
02/28/2012,ITH,NY,AEA,EN,Federal Contract Tower,0,26,6,0,32,0,0,24,0,24,0,26,30,0,56,104,0,104,160
02/29/2012,ITH,NY,AEA,EN,Federal Contract Tower,0,29,8,0,37,0,0,0,0,0,0,29,8,0,37,0,0,0,37
03/01/2012,ITH,NY,AEA,EN,Federal Contract Tower,0,35,6,0,41,0,0,0,0,0,0,35,6,0,41,0,0,0,41
03/02/2012,ITH,NY,AEA,EN,Federal Contract Tower,0,36,17,0,53,0,0,7,0,7,0,36,24,0,60,4,0,4,64
03/03/2012,ITH,NY,AEA,EN,Federal Contract Tower,0,29,7,0,36,0,0,0,0,0,0,29,7,0,36,2,0,2,38
03/04/2012,ITH,NY,AEA,EN,Federal Contract Tower,0,25,4,0,29,0,0,0,0,0,0,25,4,0,29,0,0,0,29
03/05/2012,ITH,NY,AEA,EN,Federal Contract Tower,0,29,8,0,37,0,6,15,3,24,0,35,23,3,61,44,0,44,105
03/06/2012,ITH,NY,AEA,EN,Federal Contract Tower,0,30,9,0,39,0,1,27,0,28,0,31,36,0,67,118,0,118,185
03/07/2012,ITH,NY,AEA,EN,Federal Contract Tower,0,32,7,0,39,0,2,12,0,14,0,34,19,0,53,48,0,48,101
03/08/2012,ITH,NY,AEA,EN,Federal Contract Tower,0,34,13,2,49,0,0,6,0,6,0,34,19,2,55,56,0,56,111
03/09/2012,ITH,NY,AEA,EN,Federal Contract Tower,0,42,21,0,63,0,0,4,0,4,0,42,25,0,67,12,0,12,79
03/10/2012,ITH,NY,AEA,EN,Federal Contract Tower,0,21,6,0,27,0,4,24,0,28,0,25,30,0,55,168,0,168,223
03/11/2012,ITH,NY,AEA,EN,Federal Contract Tower,0,21,7,0,28,0,0,52,0,52,0,21,59,0,80,172,0,172,252
03/12/2012,ITH,NY,AEA,EN,Federal Contract Tower,0,28,6,0,34,0,6,29,0,35,0,34,35,0,69,66,0,66,135
03/13/2012,ITH,NY,AEA,EN,Federal Contract Tower,0,28,6,1,35,0,0,26,1,27,0,28,32,2,62,64,0,64,126
03/14/2012,ITH,NY,AEA,EN,Federal Contract Tower,0,27,9,2,38,0,2,33,2,37,0,29,42,4,75,110,0,110,185
03/15/2012,ITH,NY,AEA,EN,Federal Contract Tower,0,31,14,0,45,0,0,27,0,27,0,31,41,0,72,62,0,62,134
03/16/2012,ITH,NY,AEA,EN,Federal Contract Tower,0,30,12,0,42,0,0,17,0,17,0,30,29,0,59,106,0,106,165
03/17/2012,ITH,NY,AEA,EN,Federal Contract Tower,0,26,4,0,30,0,0,34,0,34,0,26,38,0,64,78,0,78,142
03/18/2012,ITH,NY,AEA,EN,Federal Contract Tower,0,21,8,0,29,0,2,47,0,49,0,23,55,0,78,102,0,102,180
03/19/2012,ITH,NY,AEA,EN,Federal Contract Tower,0,25,8,0,33,0,0,14,0,14,0,25,22,0,47,28,0,28,75
03/20/2012,ITH,NY,AEA,EN,Federal Contract Tower,0,33,8,0,41,0,0,31,0,31,0,33,39,0,72,107,0,107,179
03/21/2012,ITH,NY,AEA,EN,Federal Contract Tower,0,31,13,0,44,0,0,35,0,35,0,31,48,0,79,90,0,90,169
03/22/2012,ITH,NY,AEA,EN,Federal Contract Tower,0,27,6,0,33,0,0,29,0,29,0,27,35,0,62,92,0,92,154
03/23/2012,ITH,NY,AEA,EN,Federal Contract Tower,0,27,18,0,45,0,0,23,0,23,0,27,41,0,68,60,0,60,128
03/24/2012,ITH,NY,AEA,EN,Federal Contract Tower,0,23,7,0,30,0,0,17,0,17,0,23,24,0,47,36,0,36,83
03/25/2012,ITH,NY,AEA,EN,Federal Contract Tower,2,29,22,0,53,0,0,0,0,0,2,29,22,0,53,0,0,0,53
03/26/2012,ITH,NY,AEA,EN,Federal Contract Tower,0,23,4,0,27,0,2,2,0,4,0,25,6,0,31,0,0,0,31
03/27/2012,ITH,NY,AEA,EN,Federal Contract Tower,0,23,6,3,32,0,0,39,1,40,0,23,45,4,72,144,0,144,216
03/28/2012,ITH,NY,AEA,EN,Federal Contract Tower,0,23,7,2,32,0,0,5,2,7,0,23,12,4,39,46,2,48,87
03/29/2012,ITH,NY,AEA,EN,Federal Contract Tower,0,23,5,0,28,0,0,0,0,0,0,23,5,0,28,0,0,0,28
03/30/2012,ITH,NY,AEA,EN,Federal Contract Tower,0,24,9,0,33,0,0,24,0,24,0,24,33,0,57,62,0,62,119
03/31/2012,ITH,NY,AEA,EN,Federal Contract Tower,0,18,12,0,30,0,0,0,0,0,0,18,12,0,30,0,0,0,30
04/01/2012,ITH,NY,AEA,EN,Federal Contract Tower,0,20,6,0,26,0,0,3,0,3,0,20,9,0,29,0,0,0,29
04/02/2012,ITH,NY,AEA,EN,Federal Contract Tower,0,17,4,1,22,0,3,17,1,21,0,20,21,2,43,40,0,40,83
04/03/2012,ITH,NY,AEA,EN,Federal Contract Tower,0,23,10,0,33,0,0,37,0,37,0,23,47,0,70,140,0,140,210
04/04/2012,ITH,NY,AEA,EN,Federal Contract Tower,0,21,8,0,29,0,0,15,0,15,0,21,23,0,44,34,0,34,78
04/05/2012,ITH,NY,AEA,EN,Federal Contract Tower,0,23,14,0,37,0,0,30,0,30,0,23,44,0,67,28,0,28,95
04/06/2012,ITH,NY,AEA,EN,Federal Contract Tower,0,28,17,0,45,0,0,25,0,25,0,28,42,0,70,108,0,108,178
04/07/2012,ITH,NY,AEA,EN,Federal Contract Tower,0,21,8,0,29,0,19,45,0,64,0,40,53,0,93,86,0,86,179
04/08/2012,ITH,NY,AEA,EN,Federal Contract Tower,0,19,14,0,33,0,0,26,0,26,0,19,40,0,59,2,0,2,61
04/09/2012,ITH,NY,AEA,EN,Federal Contract Tower,0,22,6,0,28,0,0,18,0,18,0,22,24,0,46,16,0,16,62
04/10/2012,ITH,NY,AEA,EN,Federal Contract Tower,0,22,9,0,31,0,5,31,0,36,0,27,40,0,67,122,0,122,189
04/11/2012,ITH,NY,AEA,EN,Federal Contract Tower,0,24,9,2,35,0,0,1,0,1,0,24,10,2,36,0,0,0,36
04/12/2012,ITH,NY,AEA,EN,Federal Contract Tower,0,31,8,1,40,0,2,26,0,28,0,33,34,1,68,54,0,54,122
04/13/2012,ITH,NY,AEA,EN,Federal Contract Tower,0,26,15,0,41,0,4,65,1,70,0,30,80,1,111,126,0,126,237
04/14/2012,ITH,NY,AEA,EN,Federal Contract Tower,0,21,7,0,28,0,4,58,0,62,0,25,65,0,90,180,0,180,270
04/15/2012,ITH,NY,AEA,EN,Federal Contract Tower,0,22,14,0,36,0,0,12,0,12,0,22,26,0,48,46,0,46,94
04/16/2012,ITH,NY,AEA,EN,Federal Contract Tower,0,23,12,0,35,0,0,18,0,18,0,23,30,0,53,50,0,50,103
04/17/2012,ITH,NY,AEA,EN,Federal Contract Tower,0,26,13,2,41,0,0,42,0,42,0,26,55,2,83,126,0,126,209
04/18/2012,ITH,NY,AEA,EN,Federal Contract Tower,0,23,17,1,41,0,0,32,0,32,0,23,49,1,73,78,0,78,151
04/19/2012,ITH,NY,AEA,EN,Federal Contract Tower,0,24,18,1,43,0,0,27,0,27,0,24,45,1,70,64,0,64,134
04/20/2012,ITH,NY,AEA,EN,Federal Contract Tower,0,30,11,0,41,0,0,28,0,28,0,30,39,0,69,26,0,26,95
04/21/2012,ITH,NY,AEA,EN,Federal Contract Tower,0,21,6,0,27,0,0,0,0,0,0,21,6,0,27,0,0,0,27
04/22/2012,ITH,NY,AEA,EN,Federal Contract Tower,0,17,4,0,21,0,0,0,0,0,0,17,4,0,21,0,0,0,21
04/23/2012,ITH,NY,AEA,EN,Federal Contract Tower,0,5,8,0,13,0,0,0,0,0,0,5,8,0,13,0,0,0,13
04/24/2012,ITH,NY,AEA,EN,Federal Contract Tower,0,24,13,0,37,0,0,0,0,0,0,24,13,0,37,0,0,0,37
04/25/2012,ITH,NY,AEA,EN,Federal Contract Tower,0,23,12,3,38,0,18,7,5,30,0,41,19,8,68,40,0,40,108
04/26/2012,ITH,NY,AEA,EN,Federal Contract Tower,0,20,16,3,39,0,0,17,0,17,0,20,33,3,56,60,0,60,116
04/27/2012,ITH,NY,AEA,EN,Federal Contract Tower,0,24,10,0,34,0,0,0,2,2,0,24,10,2,36,28,0,28,64
04/28/2012,ITH,NY,AEA,EN,Federal Contract Tower,0,23,10,0,33,0,1,37,0,38,0,24,47,0,71,44,0,44,115
04/29/2012,ITH,NY,AEA,EN,Federal Contract Tower,0,23,11,0,34,0,0,40,0,40,0,23,51,0,74,162,0,162,236
04/30/2012,ITH,NY,AEA,EN,Federal Contract Tower,0,24,15,0,39,0,0,29,0,29,0,24,44,0,68,114,0,114,182
05/01/2012,ITH,NY,AEA,EN,Federal Contract Tower,0,19,15,1,35,0,0,0,0,0,0,19,15,1,35,0,0,0,35
05/02/2012,ITH,NY,AEA,EN,Federal Contract Tower,0,20,14,1,35,0,0,14,1,15,0,20,28,2,50,80,0,80,130
05/03/2012,ITH,NY,AEA,EN,Federal Contract Tower,0,25,17,4,46,0,0,24,0,24,0,25,41,4,70,102,0,102,172
05/04/2012,ITH,NY,AEA,EN,Federal Contract Tower,0,29,20,0,49,0,1,29,0,30,0,30,49,0,79,92,0,92,171
05/05/2012,ITH,NY,AEA,EN,Federal Contract Tower,0,16,10,0,26,0,0,20,0,20,0,16,30,0,46,18,0,18,64
05/06/2012,ITH,NY,AEA,EN,Federal Contract Tower,0,24,10,0,34,0,1,80,0,81,0,25,90,0,115,144,0,144,259
05/07/2012,ITH,NY,AEA,EN,Federal Contract Tower,0,26,12,0,38,0,0,22,0,22,0,26,34,0,60,72,0,72,132
05/08/2012,ITH,NY,AEA,EN,Federal Contract Tower,0,21,9,0,30,0,0,2,0,2,0,21,11,0,32,0,0,0,32
05/09/2012,ITH,NY,AEA,EN,Federal Contract Tower,0,26,10,0,36,0,5,10,0,15,0,31,20,0,51,84,0,84,135
05/10/2012,ITH,NY,AEA,EN,Federal Contract Tower,0,21,8,1,30,0,0,2,0,2,0,21,10,1,32,10,0,10,42
05/11/2012,ITH,NY,AEA,EN,Federal Contract Tower,0,21,10,1,32,0,0,25,3,28,0,21,35,4,60,52,0,52,112
05/12/2012,ITH,NY,AEA,EN,Federal Contract Tower,0,22,12,0,34,0,0,2,0,2,0,22,14,0,36,110,0,110,146
05/13/2012,ITH,NY,AEA,EN,Federal Contract Tower,0,21,10,0,31,0,0,32,0,32,0,21,42,0,63,80,0,80,143
05/14/2012,ITH,NY,AEA,EN,Federal Contract Tower,0,26,23,0,49,0,0,0,0,0,0,26,23,0,49,0,0,0,49
05/15/2012,ITH,NY,AEA,EN,Federal Contract Tower,0,20,9,2,31,0,0,11,0,11,0,20,20,2,42,32,8,40,82
05/16/2012,ITH,NY,AEA,EN,Federal Contract Tower,0,24,13,0,37,0,1,13,0,14,0,25,26,0,51,74,0,74,125
05/17/2012,ITH,NY,AEA,EN,Federal Contract Tower,0,23,13,0,36,0,0,36,0,36,0,23,49,0,72,122,0,122,194
05/18/2012,ITH,NY,AEA,EN,Federal Contract Tower,0,20,21,0,41,0,0,60,0,60,0,20,81,0,101,132,0,132,233
05/19/2012,ITH,NY,AEA,EN,Federal Contract Tower,0,14,3,0,17,0,2,48,0,50,0,16,51,0,67,406,0,406,473
05/20/2012,ITH,NY,AEA,EN,Federal Contract Tower,0,21,16,0,37,0,0,54,2,56,0,21,70,2,93,138,0,138,231
05/21/2012,ITH,NY,AEA,EN,Federal Contract Tower,0,20,6,0,26,0,0,24,0,24,0,20,30,0,50,98,0,98,148
05/22/2012,ITH,NY,AEA,EN,Federal Contract Tower,0,20,10,0,30,0,0,13,0,13,0,20,23,0,43,86,0,86,129
05/23/2012,ITH,NY,AEA,EN,Federal Contract Tower,0,23,15,0,38,0,0,12,0,12,0,23,27,0,50,18,0,18,68
05/24/2012,ITH,NY,AEA,EN,Federal Contract Tower,0,38,19,0,57,0,7,16,0,23,0,45,35,0,80,56,0,56,136
05/25/2012,ITH,NY,AEA,EN,Federal Contract Tower,0,45,21,0,66,0,0,18,0,18,0,45,39,0,84,16,0,16,100
05/26/2012,ITH,NY,AEA,EN,Federal Contract Tower,0,39,14,0,53,0,2,45,0,47,0,41,59,0,100,188,0,188,288
05/27/2012,ITH,NY,AEA,EN,Federal Contract Tower,0,45,13,0,58,0,1,52,0,53,0,46,65,0,111,172,0,172,283
05/28/2012,ITH,NY,AEA,EN,Federal Contract Tower,0,36,14,0,50,0,0,39,0,39,0,36,53,0,89,170,0,170,259
05/29/2012,ITH,NY,AEA,EN,Federal Contract Tower,0,18,5,0,23,0,0,19,0,19,0,18,24,0,42,30,0,30,72
05/30/2012,ITH,NY,AEA,EN,Federal Contract Tower,2,21,18,1,42,0,2,22,0,24,2,23,40,1,66,90,0,90,156
05/31/2012,ITH,NY,AEA,EN,Federal Contract Tower,0,0,29,9,38,0,0,20,0,20,0,0,49,9,58,68,0,68,126
06/01/2012,ITH,NY,AEA,EN,Federal Contract Tower,0,18,12,0,30,0,8,0,0,8,0,26,12,0,38,18,0,18,56
06/02/2012,ITH,NY,AEA,EN,Federal Contract Tower,0,19,7,0,26,0,0,26,0,26,0,19,33,0,52,72,0,72,124
06/03/2012,ITH,NY,AEA,EN,Federal Contract Tower,2,18,11,0,31,0,2,14,0,16,2,20,25,0,47,42,0,42,89
06/04/2012,ITH,NY,AEA,EN,Federal Contract Tower,0,23,9,0,32,0,0,0,0,0,0,23,9,0,32,0,0,0,32
06/05/2012,ITH,NY,AEA,EN,Federal Contract Tower,0,22,13,0,35,0,0,23,0,23,0,22,36,0,58,62,0,62,120
06/06/2012,ITH,NY,AEA,EN,Federal Contract Tower,0,22,9,0,31,0,4,31,2,37,0,26,40,2,68,100,0,100,168
06/07/2012,ITH,NY,AEA,EN,Federal Contract Tower,0,23,9,6,38,0,0,25,0,25,0,23,34,6,63,94,0,94,157
06/08/2012,ITH,NY,AEA,EN,Federal Contract Tower,0,27,11,0,38,0,5,41,0,46,0,32,52,0,84,36,0,36,120
06/09/2012,ITH,NY,AEA,EN,Federal Contract Tower,0,19,10,0,29,0,0,16,0,16,0,19,26,0,45,54,0,54,99
06/10/2012,ITH,NY,AEA,EN,Federal Contract Tower,0,22,16,0,38,0,0,46,0,46,0,22,62,0,84,76,0,76,160
06/11/2012,ITH,NY,AEA,EN,Federal Contract Tower,0,20,11,0,31,0,4,24,0,28,0,24,35,0,59,110,0,110,169
06/12/2012,ITH,NY,AEA,EN,Federal Contract Tower,0,17,14,0,31,0,0,0,0,0,0,17,14,0,31,0,0,0,31
06/13/2012,ITH,NY,AEA,EN,Federal Contract Tower,0,24,7,0,31,0,3,20,2,25,0,27,27,2,56,14,0,14,70
06/14/2012,ITH,NY,AEA,EN,Federal Contract Tower,0,23,20,0,43,0,0,29,0,29,0,23,49,0,72,84,0,84,156
06/15/2012,ITH,NY,AEA,EN,Federal Contract Tower,0,20,4,0,24,0,51,0,0,51,0,71,4,0,75,102,0,102,177
06/16/2012,ITH,NY,AEA,EN,Federal Contract Tower,0,14,8,0,22,0,0,42,0,42,0,14,50,0,64,94,0,94,158
06/17/2012,ITH,NY,AEA,EN,Federal Contract Tower,0,19,14,0,33,0,0,102,0,102,0,19,116,0,135,288,0,288,423
06/18/2012,ITH,NY,AEA,EN,Federal Contract Tower,0,23,23,0,46,0,2,6,0,8,0,25,29,0,54,22,0,22,76
06/19/2012,ITH,NY,AEA,EN,Federal Contract Tower,0,19,16,0,35,0,0,21,0,21,0,19,37,0,56,92,0,92,148
06/20/2012,ITH,NY,AEA,EN,Federal Contract Tower,0,22,6,1,29,0,0,18,0,18,0,22,24,1,47,88,0,88,135
06/21/2012,ITH,NY,AEA,EN,Federal Contract Tower,0,21,3,0,24,0,4,14,0,18,0,25,17,0,42,88,0,88,130
06/22/2012,ITH,NY,AEA,EN,Federal Contract Tower,0,16,16,0,32,0,0,22,0,22,0,16,38,0,54,74,0,74,128
06/23/2012,ITH,NY,AEA,EN,Federal Contract Tower,0,17,11,0,28,0,0,42,0,42,0,17,53,0,70,64,0,64,134
06/24/2012,ITH,NY,AEA,EN,Federal Contract Tower,0,19,13,0,32,0,3,30,0,33,0,22,43,0,65,42,0,42,107
06/25/2012,ITH,NY,AEA,EN,Federal Contract Tower,0,18,11,3,32,0,0,25,0,25,0,18,36,3,57,0,0,0,57
06/26/2012,ITH,NY,AEA,EN,Federal Contract Tower,0,20,14,0,34,0,0,36,0,36,0,20,50,0,70,64,0,64,134
06/27/2012,ITH,NY,AEA,EN,Federal Contract Tower,0,21,14,1,36,0,0,12,1,13,0,21,26,2,49,44,0,44,93
06/28/2012,ITH,NY,AEA,EN,Federal Contract Tower,0,21,9,0,30,0,0,40,0,40,0,21,49,0,70,120,0,120,190
06/29/2012,ITH,NY,AEA,EN,Federal Contract Tower,0,20,11,0,31,0,0,27,0,27,0,20,38,0,58,48,0,48,106
06/30/2012,ITH,NY,AEA,EN,Federal Contract Tower,0,15,7,0,22,0,0,30,0,30,0,15,37,0,52,36,0,36,88
07/01/2012,ITH,NY,AEA,EN,Federal Contract Tower,0,16,5,0,21,0,0,28,0,28,0,16,33,0,49,118,0,118,167
07/02/2012,ITH,NY,AEA,EN,Federal Contract Tower,0,22,10,0,32,0,0,32,0,32,0,22,42,0,64,156,0,156,220
07/03/2012,ITH,NY,AEA,EN,Federal Contract Tower,0,25,11,0,36,0,0,18,0,18,0,25,29,0,54,136,0,136,190
07/04/2012,ITH,NY,AEA,EN,Federal Contract Tower,0,19,2,0,21,0,0,14,0,14,0,19,16,0,35,134,0,134,169
07/05/2012,ITH,NY,AEA,EN,Federal Contract Tower,0,18,6,0,24,0,5,37,0,42,0,23,43,0,66,106,0,106,172
07/06/2012,ITH,NY,AEA,EN,Federal Contract Tower,0,18,7,0,25,0,2,29,0,31,0,20,36,0,56,112,0,112,168
07/07/2012,ITH,NY,AEA,EN,Federal Contract Tower,0,15,5,0,20,0,2,27,0,29,0,17,32,0,49,88,0,88,137
07/08/2012,ITH,NY,AEA,EN,Federal Contract Tower,0,18,18,0,36,0,0,46,0,46,0,18,64,0,82,178,0,178,260
07/09/2012,ITH,NY,AEA,EN,Federal Contract Tower,0,20,8,0,28,0,2,35,0,37,0,22,43,0,65,124,0,124,189
07/10/2012,ITH,NY,AEA,EN,Federal Contract Tower,0,18,4,0,22,0,5,38,0,43,0,23,42,0,65,160,0,160,225
07/11/2012,ITH,NY,AEA,EN,Federal Contract Tower,0,26,11,3,40,0,0,35,0,35,0,26,46,3,75,178,0,178,253
07/12/2012,ITH,NY,AEA,EN,Federal Contract Tower,0,26,13,0,39,0,3,28,0,31,0,29,41,0,70,82,0,82,152
07/13/2012,ITH,NY,AEA,EN,Federal Contract Tower,0,26,12,0,38,0,0,30,0,30,0,26,42,0,68,46,0,46,114
07/14/2012,ITH,NY,AEA,EN,Federal Contract Tower,0,27,15,0,42,0,0,27,0,27,0,27,42,0,69,104,0,104,173
07/15/2012,ITH,NY,AEA,EN,Federal Contract Tower,0,16,7,0,23,0,0,17,0,17,0,16,24,0,40,70,0,70,110
07/16/2012,ITH,NY,AEA,EN,Federal Contract Tower,0,25,16,0,41,0,3,45,2,50,0,28,61,2,91,126,0,126,217
07/17/2012,ITH,NY,AEA,EN,Federal Contract Tower,0,25,11,0,36,0,0,25,0,25,0,25,36,0,61,72,0,72,133
07/18/2012,ITH,NY,AEA,EN,Federal Contract Tower,0,23,14,1,38,0,0,16,3,19,0,23,30,4,57,30,0,30,87
07/19/2012,ITH,NY,AEA,EN,Federal Contract Tower,0,29,15,0,44,0,0,32,2,34,0,29,47,2,78,89,0,89,167
07/20/2012,ITH,NY,AEA,EN,Federal Contract Tower,0,29,14,0,43,0,0,2,0,2,0,29,16,0,45,0,0,0,45
07/21/2012,ITH,NY,AEA,EN,Federal Contract Tower,0,20,6,0,26,0,1,38,0,39,0,21,44,0,65,42,0,42,107
07/22/2012,ITH,NY,AEA,EN,Federal Contract Tower,0,24,12,0,36,0,0,42,0,42,0,24,54,0,78,98,0,98,176
07/23/2012,ITH,NY,AEA,EN,Federal Contract Tower,0,21,8,0,29,0,0,20,0,20,0,21,28,0,49,96,0,96,145
07/24/2012,ITH,NY,AEA,EN,Federal Contract Tower,0,29,8,0,37,0,2,26,0,28,0,31,34,0,65,50,0,50,115
07/25/2012,ITH,NY,AEA,EN,Federal Contract Tower,0,27,12,0,39,0,0,33,0,33,0,27,45,0,72,90,0,90,162
07/26/2012,ITH,NY,AEA,EN,Federal Contract Tower,0,19,12,2,33,0,0,6,0,6,0,19,18,2,39,32,0,32,71
07/27/2012,ITH,NY,AEA,EN,Federal Contract Tower,0,21,19,0,40,0,0,17,0,17,0,21,36,0,57,4,0,4,61
07/28/2012,ITH,NY,AEA,EN,Federal Contract Tower,0,22,5,0,27,0,0,9,0,9,0,22,14,0,36,0,0,0,36
07/29/2012,ITH,NY,AEA,EN,Federal Contract Tower,0,25,10,0,35,0,2,38,0,40,0,27,48,0,75,84,0,84,159
07/30/2012,ITH,NY,AEA,EN,Federal Contract Tower,0,28,18,0,46,0,3,51,0,54,0,31,69,0,100,134,0,134,234
07/31/2012,ITH,NY,AEA,EN,Federal Contract Tower,0,24,5,0,29,0,0,28,0,28,0,24,33,0,57,62,0,62,119
08/01/2012,ITH,NY,AEA,EN,Federal Contract Tower,0,23,19,0,42,0,0,4,0,4,0,23,23,0,46,54,0,54,100
08/02/2012,ITH,NY,AEA,EN,Federal Contract Tower,0,33,17,0,50,0,5,30,0,35,0,38,47,0,85,106,0,106,191
08/03/2012,ITH,NY,AEA,EN,Federal Contract Tower,0,24,14,0,38,0,0,35,0,35,0,24,49,0,73,84,0,84,157
08/04/2012,ITH,NY,AEA,EN,Federal Contract Tower,0,23,9,0,32,0,0,23,0,23,0,23,32,0,55,58,0,58,113
08/05/2012,ITH,NY,AEA,EN,Federal Contract Tower,0,15,8,0,23,0,0,3,0,3,0,15,11,0,26,0,0,0,26
08/06/2012,ITH,NY,AEA,EN,Federal Contract Tower,0,23,13,1,37,0,0,23,1,24,0,23,36,2,61,42,0,42,103
08/07/2012,ITH,NY,AEA,EN,Federal Contract Tower,0,28,6,0,34,0,2,29,2,33,0,30,35,2,67,62,0,62,129
08/08/2012,ITH,NY,AEA,EN,Federal Contract Tower,0,29,10,0,39,0,0,28,0,28,0,29,38,0,67,50,0,50,117
08/09/2012,ITH,NY,AEA,EN,Federal Contract Tower,0,23,12,0,35,0,0,20,0,20,0,23,32,0,55,66,0,66,121
08/10/2012,ITH,NY,AEA,EN,Federal Contract Tower,0,14,12,0,26,0,0,12,0,12,0,14,24,0,38,4,0,4,42
08/11/2012,ITH,NY,AEA,EN,Federal Contract Tower,0,23,13,0,36,0,0,27,0,27,0,23,40,0,63,26,0,26,89
08/12/2012,ITH,NY,AEA,EN,Federal Contract Tower,0,21,17,0,38,0,0,47,0,47,0,21,64,0,85,106,0,106,191
08/13/2012,ITH,NY,AEA,EN,Federal Contract Tower,0,26,10,6,42,0,0,30,0,30,0,26,40,6,72,106,2,108,180
08/14/2012,ITH,NY,AEA,EN,Federal Contract Tower,0,29,4,0,33,0,0,52,0,52,0,29,56,0,85,118,0,118,203
08/15/2012,ITH,NY,AEA,EN,Federal Contract Tower,0,23,17,0,40,0,0,12,0,12,0,23,29,0,52,34,0,34,86
08/16/2012,ITH,NY,AEA,EN,Federal Contract Tower,0,29,17,0,46,0,4,23,7,34,0,33,40,7,80,22,10,32,112
08/17/2012,ITH,NY,AEA,EN,Federal Contract Tower,0,28,15,0,43,0,0,6,0,6,0,28,21,0,49,0,0,0,49
08/18/2012,ITH,NY,AEA,EN,Federal Contract Tower,0,30,18,0,48,0,0,46,0,46,0,30,64,0,94,40,0,40,134
08/19/2012,ITH,NY,AEA,EN,Federal Contract Tower,0,28,16,0,44,0,1,55,0,56,0,29,71,0,100,118,0,118,218
08/20/2012,ITH,NY,AEA,EN,Federal Contract Tower,0,27,17,0,44,0,0,47,0,47,0,27,64,0,91,118,0,118,209
08/21/2012,ITH,NY,AEA,EN,Federal Contract Tower,0,32,12,1,45,0,2,34,0,36,0,34,46,1,81,74,0,74,155
08/22/2012,ITH,NY,AEA,EN,Federal Contract Tower,0,23,14,1,38,0,4,34,0,38,0,27,48,1,76,50,0,50,126
08/23/2012,ITH,NY,AEA,EN,Federal Contract Tower,0,27,6,0,33,0,3,34,4,41,0,30,40,4,74,44,4,48,122
08/24/2012,ITH,NY,AEA,EN,Federal Contract Tower,0,27,14,0,41,0,0,32,0,32,0,27,46,0,73,4,0,4,77
08/25/2012,ITH,NY,AEA,EN,Federal Contract Tower,0,21,7,0,28,0,1,53,0,54,0,22,60,0,82,70,0,70,152
08/26/2012,ITH,NY,AEA,EN,Federal Contract Tower,0,20,9,0,29,0,0,39,0,39,0,20,48,0,68,62,0,62,130
08/27/2012,ITH,NY,AEA,EN,Federal Contract Tower,0,21,18,2,41,0,0,0,0,0,0,21,18,2,41,22,0,22,63
08/28/2012,ITH,NY,AEA,EN,Federal Contract Tower,0,26,3,0,29,0,1,14,0,15,0,27,17,0,44,24,0,24,68
08/29/2012,ITH,NY,AEA,EN,Federal Contract Tower,0,30,19,0,49,0,1,29,0,30,0,31,48,0,79,42,0,42,121
08/30/2012,ITH,NY,AEA,EN,Federal Contract Tower,0,27,7,0,34,0,3,32,0,35,0,30,39,0,69,64,0,64,133
08/31/2012,ITH,NY,AEA,EN,Federal Contract Tower,0,29,6,0,35,0,0,17,0,17,0,29,23,0,52,64,0,64,116
09/01/2012,ITH,NY,AEA,EN,Federal Contract Tower,0,18,9,0,27,0,5,33,0,38,0,23,42,0,65,66,0,66,131
09/02/2012,ITH,NY,AEA,EN,Federal Contract Tower,0,13,12,0,25,0,0,31,0,31,0,13,43,0,56,98,0,98,154
09/03/2012,ITH,NY,AEA,EN,Federal Contract Tower,0,15,7,0,22,0,2,2,0,4,0,17,9,0,26,12,0,12,38
09/04/2012,ITH,NY,AEA,EN,Federal Contract Tower,0,24,14,0,38,0,0,0,0,0,0,24,14,0,38,0,0,0,38
09/05/2012,ITH,NY,AEA,EN,Federal Contract Tower,0,26,15,0,41,0,0,7,0,7,0,26,22,0,48,48,0,48,96
09/06/2012,ITH,NY,AEA,EN,Federal Contract Tower,0,27,15,0,42,0,4,13,2,19,0,31,28,2,61,48,0,48,109
09/07/2012,ITH,NY,AEA,EN,Federal Contract Tower,0,35,7,0,42,0,2,14,0,16,0,37,21,0,58,44,0,44,102
09/08/2012,ITH,NY,AEA,EN,Federal Contract Tower,0,18,5,0,23,0,0,0,0,0,0,18,5,0,23,0,0,0,23
09/09/2012,ITH,NY,AEA,EN,Federal Contract Tower,0,26,9,0,35,0,2,27,0,29,0,28,36,0,64,88,0,88,152
09/10/2012,ITH,NY,AEA,EN,Federal Contract Tower,0,34,11,0,45,0,2,28,0,30,0,36,39,0,75,40,0,40,115
09/11/2012,ITH,NY,AEA,EN,Federal Contract Tower,0,28,10,0,38,0,8,40,1,49,0,36,50,1,87,106,0,106,193
09/12/2012,ITH,NY,AEA,EN,Federal Contract Tower,0,26,12,0,38,0,5,18,0,23,0,31,30,0,61,42,0,42,103
09/13/2012,ITH,NY,AEA,EN,Federal Contract Tower,0,30,7,4,41,0,2,32,0,34,0,32,39,4,75,68,0,68,143
09/14/2012,ITH,NY,AEA,EN,Federal Contract Tower,0,35,10,0,45,0,0,27,0,27,0,35,37,0,72,8,0,8,80
09/15/2012,ITH,NY,AEA,EN,Federal Contract Tower,0,23,11,0,34,0,2,32,0,34,0,25,43,0,68,44,0,44,112
09/16/2012,ITH,NY,AEA,EN,Federal Contract Tower,0,18,25,0,43,0,2,60,0,62,0,20,85,0,105,102,0,102,207
09/17/2012,ITH,NY,AEA,EN,Federal Contract Tower,0,24,5,0,29,0,2,36,0,38,0,26,41,0,67,56,0,56,123
09/18/2012,ITH,NY,AEA,EN,Federal Contract Tower,0,18,0,0,18,0,0,0,0,0,0,18,0,0,18,0,0,0,18
09/19/2012,ITH,NY,AEA,EN,Federal Contract Tower,0,22,7,0,29,0,2,19,0,21,0,24,26,0,50,76,0,76,126
09/20/2012,ITH,NY,AEA,EN,Federal Contract Tower,0,31,12,0,43,0,2,19,2,23,0,33,31,2,66,80,10,90,156
09/21/2012,ITH,NY,AEA,EN,Federal Contract Tower,0,35,14,0,49,0,3,22,0,25,0,38,36,0,74,54,0,54,128
09/22/2012,ITH,NY,AEA,EN,Federal Contract Tower,2,21,13,0,36,0,2,2,0,4,2,23,15,0,40,0,0,0,40
09/23/2012,ITH,NY,AEA,EN,Federal Contract Tower,0,21,16,0,37,0,2,51,0,53,0,23,67,0,90,146,0,146,236
09/24/2012,ITH,NY,AEA,EN,Federal Contract Tower,0,24,7,0,31,0,0,25,0,25,0,24,32,0,56,80,0,80,136
09/25/2012,ITH,NY,AEA,EN,Federal Contract Tower,0,29,6,0,35,0,0,41,0,41,0,29,47,0,76,130,0,130,206
09/26/2012,ITH,NY,AEA,EN,Federal Contract Tower,0,24,9,0,33,0,0,4,0,4,0,24,13,0,37,50,0,50,87
09/27/2012,ITH,NY,AEA,EN,Federal Contract Tower,0,29,18,0,47,0,0,4,0,4,0,29,22,0,51,88,0,88,139
09/28/2012,ITH,NY,AEA,EN,Federal Contract Tower,0,22,12,0,34,0,0,0,0,0,0,22,12,0,34,0,0,0,34
09/29/2012,ITH,NY,AEA,EN,Federal Contract Tower,0,18,12,0,30,0,0,36,0,36,0,18,48,0,66,86,0,86,152
09/30/2012,ITH,NY,AEA,EN,Federal Contract Tower,0,22,17,0,39,0,0,1,0,1,0,22,18,0,40,0,0,0,40
10/01/2012,ITH,NY,AEA,EN,Federal Contract Tower,0,29,5,0,34,0,0,25,0,25,0,29,30,0,59,90,0,90,149
10/02/2012,ITH,NY,AEA,EN,Federal Contract Tower,0,25,13,0,38,0,0,5,0,5,0,25,18,0,43,24,0,24,67
10/03/2012,ITH,NY,AEA,EN,Federal Contract Tower,0,19,16,0,35,0,0,2,0,2,0,19,18,0,37,16,0,16,53
10/04/2012,ITH,NY,AEA,EN,Federal Contract Tower,0,37,21,0,58,0,0,20,0,20,0,37,41,0,78,44,0,44,122
10/05/2012,ITH,NY,AEA,EN,Federal Contract Tower,0,44,22,0,66,0,1,34,0,35,0,45,56,0,101,14,0,14,115
10/06/2012,ITH,NY,AEA,EN,Federal Contract Tower,0,24,15,0,39,0,0,14,0,14,0,24,29,0,53,4,0,4,57
10/07/2012,ITH,NY,AEA,EN,Federal Contract Tower,0,23,9,0,32,0,1,17,0,18,0,24,26,0,50,112,0,112,162
10/08/2012,ITH,NY,AEA,EN,Federal Contract Tower,0,28,19,0,47,0,2,36,0,38,0,30,55,0,85,126,0,126,211
10/09/2012,ITH,NY,AEA,EN,Federal Contract Tower,0,37,12,0,49,0,0,45,0,45,0,37,57,0,94,158,0,158,252
10/10/2012,ITH,NY,AEA,EN,Federal Contract Tower,0,28,21,2,51,0,0,11,0,11,0,28,32,2,62,54,0,54,116
10/11/2012,ITH,NY,AEA,EN,Federal Contract Tower,0,24,15,0,39,0,16,1,0,17,0,40,16,0,56,88,2,90,146
10/12/2012,ITH,NY,AEA,EN,Federal Contract Tower,0,25,14,0,39,0,0,12,0,12,0,25,26,0,51,14,0,14,65
10/13/2012,ITH,NY,AEA,EN,Federal Contract Tower,0,18,18,0,36,0,4,49,0,53,0,22,67,0,89,6,0,6,95
10/14/2012,ITH,NY,AEA,EN,Federal Contract Tower,0,23,11,0,34,0,0,26,0,26,0,23,37,0,60,40,0,40,100
10/15/2012,ITH,NY,AEA,EN,Federal Contract Tower,0,24,10,2,36,0,0,19,0,19,0,24,29,2,55,8,0,8,63
10/16/2012,ITH,NY,AEA,EN,Federal Contract Tower,0,33,7,1,41,0,0,26,0,26,0,33,33,1,67,94,0,94,161
10/17/2012,ITH,NY,AEA,EN,Federal Contract Tower,0,35,15,0,50,0,1,52,0,53,0,36,67,0,103,132,0,132,235
10/18/2012,ITH,NY,AEA,EN,Federal Contract Tower,0,31,23,0,54,0,0,21,0,21,0,31,44,0,75,24,0,24,99
10/19/2012,ITH,NY,AEA,EN,Federal Contract Tower,0,30,19,0,49,0,0,10,0,10,0,30,29,0,59,10,0,10,69
10/20/2012,ITH,NY,AEA,EN,Federal Contract Tower,0,20,13,0,33,0,0,27,0,27,0,20,40,0,60,76,0,76,136
10/21/2012,ITH,NY,AEA,EN,Federal Contract Tower,0,27,19,0,46,0,0,49,0,49,0,27,68,0,95,92,0,92,187
10/22/2012,ITH,NY,AEA,EN,Federal Contract Tower,0,30,10,1,41,0,0,28,0,28,0,30,38,1,69,86,0,86,155
10/23/2012,ITH,NY,AEA,EN,Federal Contract Tower,0,29,14,0,43,0,0,0,0,0,0,29,14,0,43,0,0,0,43
10/24/2012,ITH,NY,AEA,EN,Federal Contract Tower,0,38,28,0,66,0,0,2,0,2,0,38,30,0,68,0,0,0,68
10/25/2012,ITH,NY,AEA,EN,Federal Contract Tower,0,45,27,0,72,0,0,20,0,20,0,45,47,0,92,76,0,76,168
10/26/2012,ITH,NY,AEA,EN,Federal Contract Tower,0,38,16,0,54,0,0,23,0,23,0,38,39,0,77,46,0,46,123
10/27/2012,ITH,NY,AEA,EN,Federal Contract Tower,0,31,24,0,55,0,0,6,0,6,0,31,30,0,61,0,0,0,61
10/28/2012,ITH,NY,AEA,EN,Federal Contract Tower,0,13,11,0,24,0,0,0,0,0,0,13,11,0,24,0,0,0,24
10/29/2012,ITH,NY,AEA,EN,Federal Contract Tower,0,4,3,0,7,0,0,0,0,0,0,4,3,0,7,0,0,0,7
10/30/2012,ITH,NY,AEA,EN,Federal Contract Tower,0,5,0,0,5,0,0,0,0,0,0,5,0,0,5,0,0,0,5
10/31/2012,ITH,NY,AEA,EN,Federal Contract Tower,0,13,5,0,18,0,0,0,0,0,0,13,5,0,18,0,0,0,18
11/01/2012,ITH,NY,AEA,EN,Federal Contract Tower,0,19,7,0,26,0,0,0,0,0,0,19,7,0,26,0,0,0,26
11/02/2012,ITH,NY,AEA,EN,Federal Contract Tower,0,25,10,0,35,0,0,1,0,1,0,25,11,0,36,6,0,6,42
11/03/2012,ITH,NY,AEA,EN,Federal Contract Tower,0,22,6,0,28,0,0,0,0,0,0,22,6,0,28,0,0,0,28
11/04/2012,ITH,NY,AEA,EN,Federal Contract Tower,0,18,11,0,29,0,0,11,0,11,0,18,22,0,40,38,0,38,78
11/05/2012,ITH,NY,AEA,EN,Federal Contract Tower,0,25,13,0,38,0,1,5,0,6,0,26,18,0,44,10,0,10,54
11/06/2012,ITH,NY,AEA,EN,Federal Contract Tower,0,25,10,0,35,0,0,40,0,40,0,25,50,0,75,150,0,150,225
11/07/2012,ITH,NY,AEA,EN,Federal Contract Tower,0,21,10,0,31,0,0,21,0,21,0,21,31,0,52,43,0,43,95
11/08/2012,ITH,NY,AEA,EN,Federal Contract Tower,0,27,12,0,39,0,0,11,0,11,0,27,23,0,50,54,0,54,104
11/09/2012,ITH,NY,AEA,EN,Federal Contract Tower,0,25,10,0,35,0,0,19,0,19,0,25,29,0,54,94,0,94,148
11/10/2012,ITH,NY,AEA,EN,Federal Contract Tower,0,17,15,0,32,0,0,24,0,24,0,17,39,0,56,56,0,56,112
11/11/2012,ITH,NY,AEA,EN,Federal Contract Tower,0,18,9,0,27,0,2,54,0,56,0,20,63,0,83,110,0,110,193
11/12/2012,ITH,NY,AEA,EN,Federal Contract Tower,0,26,6,0,32,0,0,2,0,2,0,26,8,0,34,0,0,0,34
11/13/2012,ITH,NY,AEA,EN,Federal Contract Tower,0,26,6,0,32,0,0,9,0,9,0,26,15,0,41,96,0,96,137
11/14/2012,ITH,NY,AEA,EN,Federal Contract Tower,0,27,19,1,47,0,1,33,0,34,0,28,52,1,81,58,0,58,139
11/15/2012,ITH,NY,AEA,EN,Federal Contract Tower,0,34,7,0,41,0,1,39,0,40,0,35,46,0,81,122,0,122,203
11/16/2012,ITH,NY,AEA,EN,Federal Contract Tower,0,31,21,0,52,0,0,38,0,38,0,31,59,0,90,74,0,74,164
11/17/2012,ITH,NY,AEA,EN,Federal Contract Tower,0,20,10,0,30,0,2,37,0,39,0,22,47,0,69,80,0,80,149
11/18/2012,ITH,NY,AEA,EN,Federal Contract Tower,0,18,6,0,24,0,0,45,0,45,0,18,51,0,69,114,0,114,183
11/19/2012,ITH,NY,AEA,EN,Federal Contract Tower,0,25,5,0,30,0,0,20,0,20,0,25,25,0,50,70,0,70,120
11/20/2012,ITH,NY,AEA,EN,Federal Contract Tower,0,34,8,0,42,0,0,33,2,35,0,34,41,2,77,96,0,96,173
11/21/2012,ITH,NY,AEA,EN,Federal Contract Tower,0,29,23,0,52,0,1,30,0,31,0,30,53,0,83,98,0,98,181
11/22/2012,ITH,NY,AEA,EN,Federal Contract Tower,0,14,1,0,15,0,0,19,0,19,0,14,20,0,34,8,0,8,42
11/23/2012,ITH,NY,AEA,EN,Federal Contract Tower,0,12,10,0,22,0,0,8,0,8,0,12,18,0,30,8,0,8,38
11/24/2012,ITH,NY,AEA,EN,Federal Contract Tower,0,23,10,0,33,0,0,0,0,0,0,23,10,0,33,0,0,0,33
11/25/2012,ITH,NY,AEA,EN,Federal Contract Tower,0,35,20,0,55,0,0,7,0,7,0,35,27,0,62,20,0,20,82
11/26/2012,ITH,NY,AEA,EN,Federal Contract Tower,0,27,7,0,34,0,0,17,0,17,0,27,24,0,51,52,0,52,103
11/27/2012,ITH,NY,AEA,EN,Federal Contract Tower,0,20,4,0,24,0,0,21,0,21,0,20,25,0,45,68,0,68,113
11/28/2012,ITH,NY,AEA,EN,Federal Contract Tower,0,16,16,0,32,0,0,2,0,2,0,16,18,0,34,10,0,10,44
11/29/2012,ITH,NY,AEA,EN,Federal Contract Tower,2,24,9,0,35,0,0,19,0,19,2,24,28,0,54,60,0,60,114
11/30/2012,ITH,NY,AEA,EN,Federal Contract Tower,0,25,8,0,33,0,0,0,0,0,0,25,8,0,33,0,0,0,33
12/01/2012,ITH,NY,AEA,EN,Federal Contract Tower,0,22,7,0,29,0,0,2,0,2,0,22,9,0,31,0,0,0,31
12/02/2012,ITH,NY,AEA,EN,Federal Contract Tower,0,17,18,0,35,0,0,7,0,7,0,17,25,0,42,16,0,16,58
12/03/2012,ITH,NY,AEA,EN,Federal Contract Tower,0,23,14,0,37,0,0,21,0,21,0,23,35,0,58,70,0,70,128
12/04/2012,ITH,NY,AEA,EN,Federal Contract Tower,0,14,12,0,26,0,0,21,0,21,0,14,33,0,47,88,0,88,135
12/05/2012,ITH,NY,AEA,EN,Federal Contract Tower,0,18,6,0,24,0,0,1,0,1,0,18,7,0,25,0,0,0,25
12/06/2012,ITH,NY,AEA,EN,Federal Contract Tower,0,19,15,0,34,0,0,39,0,39,0,19,54,0,73,128,0,128,201
12/07/2012,ITH,NY,AEA,EN,Federal Contract Tower,0,21,9,0,30,0,0,0,0,0,0,21,9,0,30,0,0,0,30
12/08/2012,ITH,NY,AEA,EN,Federal Contract Tower,0,18,3,0,21,0,0,0,0,0,0,18,3,0,21,0,0,0,21
12/09/2012,ITH,NY,AEA,EN,Federal Contract Tower,0,18,6,0,24,0,0,21,0,21,0,18,27,0,45,92,0,92,137
12/10/2012,ITH,NY,AEA,EN,Federal Contract Tower,0,20,7,0,27,0,0,0,0,0,0,20,7,0,27,0,0,0,27
12/11/2012,ITH,NY,AEA,EN,Federal Contract Tower,0,24,6,0,30,0,0,2,0,2,0,24,8,0,32,0,0,0,32
12/12/2012,ITH,NY,AEA,EN,Federal Contract Tower,0,19,9,1,29,0,1,28,0,29,0,20,37,1,58,110,12,122,180
12/13/2012,ITH,NY,AEA,EN,Federal Contract Tower,0,24,12,0,36,0,2,36,0,38,0,26,48,0,74,60,0,60,134
12/14/2012,ITH,NY,AEA,EN,Federal Contract Tower,0,25,19,0,44,0,2,27,0,29,0,27,46,0,73,50,0,50,123
12/15/2012,ITH,NY,AEA,EN,Federal Contract Tower,0,19,11,0,30,0,1,30,0,31,0,20,41,0,61,144,0,144,205
12/16/2012,ITH,NY,AEA,EN,Federal Contract Tower,0,16,3,0,19,0,0,4,0,4,0,16,7,0,23,0,0,0,23
12/17/2012,ITH,NY,AEA,EN,Federal Contract Tower,0,23,4,0,27,0,0,0,0,0,0,23,4,0,27,0,0,0,27
12/18/2012,ITH,NY,AEA,EN,Federal Contract Tower,0,23,9,0,32,0,0,0,0,0,0,23,9,0,32,0,0,0,32
12/19/2012,ITH,NY,AEA,EN,Federal Contract Tower,0,22,12,0,34,0,0,12,0,12,0,22,24,0,46,44,0,44,90
12/20/2012,ITH,NY,AEA,EN,Federal Contract Tower,0,23,9,0,32,0,0,15,0,15,0,23,24,0,47,22,0,22,69
12/21/2012,ITH,NY,AEA,EN,Federal Contract Tower,0,15,5,0,20,0,0,0,0,0,0,15,5,0,20,0,0,0,20
12/22/2012,ITH,NY,AEA,EN,Federal Contract Tower,0,22,5,0,27,0,0,0,0,0,0,22,5,0,27,0,0,0,27
12/23/2012,ITH,NY,AEA,EN,Federal Contract Tower,0,17,12,0,29,0,0,25,0,25,0,17,37,0,54,102,0,102,156
12/24/2012,ITH,NY,AEA,EN,Federal Contract Tower,18,4,0,0,22,0,2,34,0,36,18,6,34,0,58,64,0,64,122
12/25/2012,ITH,NY,AEA,EN,Federal Contract Tower,0,16,2,0,18,0,0,0,0,0,0,16,2,0,18,0,0,0,18
12/26/2012,ITH,NY,AEA,EN,Federal Contract Tower,0,11,7,0,18,0,0,8,0,8,0,11,15,0,26,22,0,22,48
12/27/2012,ITH,NY,AEA,EN,Federal Contract Tower,0,16,1,0,17,0,0,1,0,1,0,16,2,0,18,0,0,0,18
12/28/2012,ITH,NY,AEA,EN,Federal Contract Tower,0,26,13,0,39,0,0,0,0,0,0,26,13,0,39,0,0,0,39
12/29/2012,ITH,NY,AEA,EN,Federal Contract Tower,0,9,3,0,12,0,0,0,0,0,0,9,3,0,12,0,0,0,12
12/30/2012,ITH,NY,AEA,EN,Federal Contract Tower,0,19,1,0,20,0,0,0,0,0,0,19,1,0,20,0,0,0,20
12/31/2012,ITH,NY,AEA,EN,Federal Contract Tower,0,19,4,0,23,0,0,24,0,24,0,19,28,0,47,38,0,38,85
01/01/2013,ITH,NY,AEA,EN,Federal Contract Tower,0,19,0,0,19,0,0,0,0,0,0,19,0,0,19,0,0,0,19
01/02/2013,ITH,NY,AEA,EN,Federal Contract Tower,0,16,17,0,33,0,0,1,0,1,0,16,18,0,34,0,0,0,34
01/03/2013,ITH,NY,AEA,EN,Federal Contract Tower,0,25,6,0,31,0,0,0,0,0,0,25,6,0,31,26,0,26,57
01/04/2013,ITH,NY,AEA,EN,Federal Contract Tower,0,20,7,0,27,0,0,8,0,8,0,20,15,0,35,10,0,10,45
01/05/2013,ITH,NY,AEA,EN,Federal Contract Tower,0,18,3,0,21,0,0,20,0,20,0,18,23,0,41,52,0,52,93
01/06/2013,ITH,NY,AEA,EN,Federal Contract Tower,0,17,12,0,29,0,1,24,0,25,0,18,36,0,54,86,0,86,140
01/07/2013,ITH,NY,AEA,EN,Federal Contract Tower,0,23,7,0,30,0,0,20,0,20,0,23,27,0,50,26,0,26,76
01/08/2013,ITH,NY,AEA,EN,Federal Contract Tower,0,25,4,0,29,0,0,33,0,33,0,25,37,0,62,52,0,52,114
01/09/2013,ITH,NY,AEA,EN,Federal Contract Tower,0,20,11,0,31,0,0,24,0,24,0,20,35,0,55,40,0,40,95
01/10/2013,ITH,NY,AEA,EN,Federal Contract Tower,0,24,4,0,28,0,0,11,0,11,0,24,15,0,39,38,0,38,77
01/11/2013,ITH,NY,AEA,EN,Federal Contract Tower,0,20,8,0,28,0,0,5,0,5,0,20,13,0,33,0,0,0,33
01/12/2013,ITH,NY,AEA,EN,Federal Contract Tower,0,21,4,0,25,0,0,2,0,2,0,21,6,0,27,0,0,0,27
01/13/2013,ITH,NY,AEA,EN,Federal Contract Tower,0,17,3,0,20,0,0,16,0,16,0,17,19,0,36,36,0,36,72
01/14/2013,ITH,NY,AEA,EN,Federal Contract Tower,0,24,7,0,31,0,0,6,0,6,0,24,13,0,37,12,0,12,49
01/15/2013,ITH,NY,AEA,EN,Federal Contract Tower,0,23,6,0,29,0,0,32,0,32,0,23,38,0,61,134,0,134,195
01/16/2013,ITH,NY,AEA,EN,Federal Contract Tower,0,16,7,0,23,0,0,0,0,0,0,16,7,0,23,0,0,0,23
01/17/2013,ITH,NY,AEA,EN,Federal Contract Tower,0,22,5,0,27,0,0,3,0,3,0,22,8,0,30,0,0,0,30
01/18/2013,ITH,NY,AEA,EN,Federal Contract Tower,0,19,14,0,33,0,0,6,0,6,0,19,20,0,39,26,0,26,65
01/19/2013,ITH,NY,AEA,EN,Federal Contract Tower,0,25,7,0,32,0,1,19,0,20,0,26,26,0,52,68,0,68,120
01/20/2013,ITH,NY,AEA,EN,Federal Contract Tower,0,18,6,0,24,0,0,6,0,6,0,18,12,0,30,38,0,38,68
01/21/2013,ITH,NY,AEA,EN,Federal Contract Tower,0,19,7,0,26,0,0,1,0,1,0,19,8,0,27,0,0,0,27
01/22/2013,ITH,NY,AEA,EN,Federal Contract Tower,0,20,8,0,28,0,0,23,0,23,0,20,31,0,51,40,0,40,91
01/23/2013,ITH,NY,AEA,EN,Federal Contract Tower,0,20,14,0,34,0,0,8,0,8,0,20,22,0,42,44,0,44,86
01/24/2013,ITH,NY,AEA,EN,Federal Contract Tower,0,25,5,0,30,0,0,3,0,3,0,25,8,0,33,14,0,14,47
01/25/2013,ITH,NY,AEA,EN,Federal Contract Tower,0,17,5,0,22,0,0,3,0,3,0,17,8,0,25,4,0,4,29
01/26/2013,ITH,NY,AEA,EN,Federal Contract Tower,0,19,1,0,20,0,0,0,0,0,0,19,1,0,20,0,0,0,20
01/27/2013,ITH,NY,AEA,EN,Federal Contract Tower,0,15,22,0,37,0,0,15,0,15,0,15,37,0,52,86,0,86,138
01/28/2013,ITH,NY,AEA,EN,Federal Contract Tower,0,15,3,0,18,0,0,0,0,0,0,15,3,0,18,0,0,0,18
01/29/2013,ITH,NY,AEA,EN,Federal Contract Tower,0,21,14,0,35,0,0,0,0,0,0,21,14,0,35,0,0,0,35
01/30/2013,ITH,NY,AEA,EN,Federal Contract Tower,0,16,7,0,23,0,0,0,0,0,0,16,7,0,23,2,0,2,25
01/31/2013,ITH,NY,AEA,EN,Federal Contract Tower,0,25,5,0,30,0,0,0,0,0,0,25,5,0,30,0,0,0,30
02/01/2013,ITH,NY,AEA,EN,Federal Contract Tower,0,21,14,0,35,0,0,5,0,5,0,21,19,0,40,6,0,6,46
02/02/2013,ITH,NY,AEA,EN,Federal Contract Tower,0,23,9,0,32,0,0,17,0,17,0,23,26,0,49,34,0,34,83
02/03/2013,ITH,NY,AEA,EN,Federal Contract Tower,0,12,12,0,24,0,0,17,0,17,0,12,29,0,41,88,0,88,129
02/04/2013,ITH,NY,AEA,EN,Federal Contract Tower,0,15,10,0,25,0,0,0,0,0,0,15,10,0,25,0,0,0,25
02/05/2013,ITH,NY,AEA,EN,Federal Contract Tower,0,19,17,0,36,0,0,11,0,11,0,19,28,0,47,64,0,64,111
02/06/2013,ITH,NY,AEA,EN,Federal Contract Tower,0,18,9,1,28,0,0,9,0,9,0,18,18,1,37,36,0,36,73
02/07/2013,ITH,NY,AEA,EN,Federal Contract Tower,0,22,12,0,34,0,0,17,0,17,0,22,29,0,51,30,0,30,81
02/08/2013,ITH,NY,AEA,EN,Federal Contract Tower,0,9,5,0,14,0,0,0,0,0,0,9,5,0,14,0,0,0,14
02/09/2013,ITH,NY,AEA,EN,Federal Contract Tower,0,11,5,0,16,0,0,0,0,0,0,11,5,0,16,0,0,0,16
02/10/2013,ITH,NY,AEA,EN,Federal Contract Tower,0,17,9,0,26,0,2,63,0,65,0,19,72,0,91,146,0,146,237
02/11/2013,ITH,NY,AEA,EN,Federal Contract Tower,0,18,5,1,24,0,0,0,0,0,0,18,5,1,24,0,0,0,24
02/12/2013,ITH,NY,AEA,EN,Federal Contract Tower,0,22,8,0,30,0,0,0,0,0,0,22,8,0,30,0,0,0,30
02/13/2013,ITH,NY,AEA,EN,Federal Contract Tower,0,16,8,0,24,0,0,2,2,4,0,16,10,2,28,10,0,10,38
02/14/2013,ITH,NY,AEA,EN,Federal Contract Tower,0,27,10,0,37,0,0,13,2,15,0,27,23,2,52,42,40,82,134
02/15/2013,ITH,NY,AEA,EN,Federal Contract Tower,0,25,9,0,34,0,0,13,0,13,0,25,22,0,47,52,0,52,99
02/16/2013,ITH,NY,AEA,EN,Federal Contract Tower,0,26,6,0,32,0,0,2,0,2,0,26,8,0,34,4,0,4,38
02/17/2013,ITH,NY,AEA,EN,Federal Contract Tower,0,18,0,0,18,0,0,0,0,0,0,18,0,0,18,2,0,2,20
02/18/2013,ITH,NY,AEA,EN,Federal Contract Tower,0,22,8,0,30,0,0,29,0,29,0,22,37,0,59,76,0,76,135
02/19/2013,ITH,NY,AEA,EN,Federal Contract Tower,0,18,3,0,21,0,0,0,0,0,0,18,3,0,21,0,0,0,21
02/20/2013,ITH,NY,AEA,EN,Federal Contract Tower,0,23,7,0,30,0,0,0,0,0,0,23,7,0,30,0,0,0,30
02/21/2013,ITH,NY,AEA,EN,Federal Contract Tower,0,28,5,0,33,0,0,0,0,0,0,28,5,0,33,0,0,0,33
02/22/2013,ITH,NY,AEA,EN,Federal Contract Tower,0,33,12,0,45,0,0,19,0,19,0,33,31,0,64,50,0,50,114
02/23/2013,ITH,NY,AEA,EN,Federal Contract Tower,0,21,2,0,23,0,0,0,0,0,0,21,2,0,23,0,0,0,23
02/24/2013,ITH,NY,AEA,EN,Federal Contract Tower,0,21,8,0,29,0,0,2,0,2,0,21,10,0,31,10,0,10,41
02/25/2013,ITH,NY,AEA,EN,Federal Contract Tower,0,22,18,0,40,0,0,4,0,4,0,22,22,0,44,16,0,16,60
02/26/2013,ITH,NY,AEA,EN,Federal Contract Tower,0,22,12,0,34,0,0,39,0,39,0,22,51,0,73,108,0,108,181
02/27/2013,ITH,NY,AEA,EN,Federal Contract Tower,0,14,2,0,16,0,0,0,0,0,0,14,2,0,16,0,0,0,16
02/28/2013,ITH,NY,AEA,EN,Federal Contract Tower,0,21,6,0,27,0,0,0,0,0,0,21,6,0,27,0,0,0,27
03/01/2013,ITH,NY,AEA,EN,Federal Contract Tower,0,29,5,2,36,0,0,0,0,0,0,29,5,2,36,0,0,0,36
03/02/2013,ITH,NY,AEA,EN,Federal Contract Tower,0,19,5,0,24,0,0,0,0,0,0,19,5,0,24,0,0,0,24
03/03/2013,ITH,NY,AEA,EN,Federal Contract Tower,0,17,3,0,20,0,0,2,0,2,0,17,5,0,22,12,0,12,34
03/04/2013,ITH,NY,AEA,EN,Federal Contract Tower,0,20,9,0,29,0,0,5,0,5,0,20,14,0,34,38,0,38,72
03/05/2013,ITH,NY,AEA,EN,Federal Contract Tower,0,19,12,0,31,0,0,27,0,27,0,19,39,0,58,56,0,56,114
03/06/2013,ITH,NY,AEA,EN,Federal Contract Tower,0,16,8,0,24,0,0,16,0,16,0,16,24,0,40,78,0,78,118
03/07/2013,ITH,NY,AEA,EN,Federal Contract Tower,0,18,3,0,21,0,0,11,0,11,0,18,14,0,32,44,0,44,76
03/08/2013,ITH,NY,AEA,EN,Federal Contract Tower,0,22,6,0,28,0,2,20,0,22,0,24,26,0,50,70,0,70,120
03/09/2013,ITH,NY,AEA,EN,Federal Contract Tower,0,18,9,0,27,0,4,57,0,61,0,22,66,0,88,148,0,148,236
03/10/2013,ITH,NY,AEA,EN,Federal Contract Tower,0,21,8,0,29,0,0,64,0,64,0,21,72,0,93,140,0,140,233
03/11/2013,ITH,NY,AEA,EN,Federal Contract Tower,0,23,14,0,37,0,0,17,0,17,0,23,31,0,54,54,0,54,108
03/12/2013,ITH,NY,AEA,EN,Federal Contract Tower,0,16,7,0,23,0,0,0,0,0,0,16,7,0,23,0,0,0,23
03/13/2013,ITH,NY,AEA,EN,Federal Contract Tower,0,21,18,0,39,0,0,12,0,12,0,21,30,0,51,34,0,34,85
03/14/2013,ITH,NY,AEA,EN,Federal Contract Tower,0,24,12,0,36,0,0,2,0,2,0,24,14,0,38,0,0,0,38
03/15/2013,ITH,NY,AEA,EN,Federal Contract Tower,0,28,13,0,41,0,0,9,0,9,0,28,22,0,50,16,0,16,66
03/16/2013,ITH,NY,AEA,EN,Federal Contract Tower,0,18,6,0,24,0,0,15,0,15,0,18,21,0,39,36,0,36,75
03/17/2013,ITH,NY,AEA,EN,Federal Contract Tower,0,17,9,0,26,0,0,21,0,21,0,17,30,0,47,98,0,98,145
03/18/2013,ITH,NY,AEA,EN,Federal Contract Tower,0,17,4,0,21,0,0,15,0,15,0,17,19,0,36,50,0,50,86
03/19/2013,ITH,NY,AEA,EN,Federal Contract Tower,0,22,3,0,25,0,0,3,0,3,0,22,6,0,28,0,0,0,28
03/20/2013,ITH,NY,AEA,EN,Federal Contract Tower,0,22,7,0,29,0,0,7,0,7,0,22,14,0,36,60,0,60,96
03/21/2013,ITH,NY,AEA,EN,Federal Contract Tower,0,20,11,0,31,0,0,9,0,9,0,20,20,0,40,92,0,92,132
03/22/2013,ITH,NY,AEA,EN,Federal Contract Tower,0,25,7,0,32,0,0,4,0,4,0,25,11,0,36,44,0,44,80
03/23/2013,ITH,NY,AEA,EN,Federal Contract Tower,0,15,9,0,24,0,0,2,0,2,0,15,11,0,26,6,0,6,32
03/24/2013,ITH,NY,AEA,EN,Federal Contract Tower,0,23,16,0,39,0,0,66,0,66,0,23,82,0,105,150,0,150,255
03/25/2013,ITH,NY,AEA,EN,Federal Contract Tower,0,19,4,0,23,0,0,16,0,16,0,19,20,0,39,12,0,12,51
03/26/2013,ITH,NY,AEA,EN,Federal Contract Tower,0,30,18,0,48,0,0,26,0,26,0,30,44,0,74,110,0,110,184
03/27/2013,ITH,NY,AEA,EN,Federal Contract Tower,0,28,9,2,39,0,0,3,0,3,0,28,12,2,42,26,0,26,68
03/28/2013,ITH,NY,AEA,EN,Federal Contract Tower,0,34,5,0,39,0,0,3,0,3,0,34,8,0,42,32,0,32,74
03/29/2013,ITH,NY,AEA,EN,Federal Contract Tower,0,30,6,0,36,0,0,24,0,24,0,30,30,0,60,66,0,66,126
03/30/2013,ITH,NY,AEA,EN,Federal Contract Tower,0,20,9,0,29,0,4,65,0,69,0,24,74,0,98,84,0,84,182
03/31/2013,ITH,NY,AEA,EN,Federal Contract Tower,0,18,5,0,23,0,0,2,0,2,0,18,7,0,25,8,0,8,33
04/01/2013,ITH,NY,AEA,EN,Federal Contract Tower,0,22,13,0,35,0,0,0,0,0,0,22,13,0,35,0,0,0,35
04/02/2013,ITH,NY,AEA,EN,Federal Contract Tower,0,20,5,0,25,0,0,18,0,18,0,20,23,0,43,14,0,14,57
04/03/2013,ITH,NY,AEA,EN,Federal Contract Tower,0,21,12,0,33,0,0,10,0,10,0,21,22,0,43,46,0,46,89
04/04/2013,ITH,NY,AEA,EN,Federal Contract Tower,0,25,6,0,31,0,0,43,0,43,0,25,49,0,74,106,0,106,180
04/05/2013,ITH,NY,AEA,EN,Federal Contract Tower,0,27,9,0,36,0,0,27,0,27,0,27,36,0,63,38,0,38,101
04/06/2013,ITH,NY,AEA,EN,Federal Contract Tower,0,26,7,0,33,0,0,51,0,51,0,26,58,0,84,136,0,136,220
04/07/2013,ITH,NY,AEA,EN,Federal Contract Tower,0,22,7,2,31,0,0,3,0,3,0,22,10,2,34,0,0,0,34
04/08/2013,ITH,NY,AEA,EN,Federal Contract Tower,0,31,14,0,45,0,0,25,0,25,0,31,39,0,70,120,0,120,190
04/09/2013,ITH,NY,AEA,EN,Federal Contract Tower,0,35,17,0,52,0,0,19,0,19,0,35,36,0,71,48,0,48,119
04/10/2013,ITH,NY,AEA,EN,Federal Contract Tower,0,20,4,0,24,0,0,0,0,0,0,20,4,0,24,0,0,0,24
04/11/2013,ITH,NY,AEA,EN,Federal Contract Tower,0,18,10,0,28,0,0,4,0,4,0,18,14,0,32,8,0,8,40
04/12/2013,ITH,NY,AEA,EN,Federal Contract Tower,0,28,11,0,39,0,0,0,0,0,0,28,11,0,39,0,0,0,39
04/13/2013,ITH,NY,AEA,EN,Federal Contract Tower,2,35,3,0,40,0,8,20,0,28,2,43,23,0,68,40,0,40,108
04/14/2013,ITH,NY,AEA,EN,Federal Contract Tower,0,26,15,0,41,0,0,36,0,36,0,26,51,0,77,132,0,132,209
04/15/2013,ITH,NY,AEA,EN,Federal Contract Tower,0,28,10,0,38,0,0,14,0,14,0,28,24,0,52,24,0,24,76
04/16/2013,ITH,NY,AEA,EN,Federal Contract Tower,0,27,13,0,40,0,0,6,0,6,0,27,19,0,46,28,0,28,74
04/17/2013,ITH,NY,AEA,EN,Federal Contract Tower,0,23,12,0,35,0,0,35,0,35,0,23,47,0,70,128,0,128,198
04/18/2013,ITH,NY,AEA,EN,Federal Contract Tower,0,23,13,0,36,0,0,2,0,2,0,23,15,0,38,4,0,4,42
04/19/2013,ITH,NY,AEA,EN,Federal Contract Tower,0,22,7,0,29,0,0,1,0,1,0,22,8,0,30,0,0,0,30
04/20/2013,ITH,NY,AEA,EN,Federal Contract Tower,0,33,6,0,39,0,0,6,0,6,0,33,12,0,45,6,0,6,51
04/21/2013,ITH,NY,AEA,EN,Federal Contract Tower,0,28,13,0,41,0,1,68,0,69,0,29,81,0,110,174,0,174,284
04/22/2013,ITH,NY,AEA,EN,Federal Contract Tower,0,23,10,0,33,0,2,26,0,28,0,25,36,0,61,40,0,40,101
04/23/2013,ITH,NY,AEA,EN,Federal Contract Tower,0,26,9,0,35,0,0,30,0,30,0,26,39,0,65,148,0,148,213
04/24/2013,ITH,NY,AEA,EN,Federal Contract Tower,0,25,3,0,28,0,0,6,0,6,0,25,9,0,34,42,0,42,76
04/25/2013,ITH,NY,AEA,EN,Federal Contract Tower,0,28,15,0,43,0,0,31,0,31,0,28,46,0,74,70,0,70,144
04/26/2013,ITH,NY,AEA,EN,Federal Contract Tower,0,31,16,0,47,0,1,46,0,47,0,32,62,0,94,86,0,86,180
04/27/2013,ITH,NY,AEA,EN,Federal Contract Tower,0,23,8,0,31,0,0,39,0,39,0,23,47,0,70,124,0,124,194
04/28/2013,ITH,NY,AEA,EN,Federal Contract Tower,0,23,12,0,35,0,1,34,0,35,0,24,46,0,70,44,0,44,114
04/29/2013,ITH,NY,AEA,EN,Federal Contract Tower,0,22,8,0,30,0,0,13,0,13,0,22,21,0,43,32,0,32,75
04/30/2013,ITH,NY,AEA,EN,Federal Contract Tower,0,25,17,0,42,0,0,7,0,7,0,25,24,0,49,26,0,26,75
05/01/2013,ITH,NY,AEA,EN,Federal Contract Tower,0,24,12,0,36,0,0,24,0,24,0,24,36,0,60,98,0,98,158
05/02/2013,ITH,NY,AEA,EN,Federal Contract Tower,0,28,14,0,42,0,0,36,0,36,0,28,50,0,78,44,0,44,122
05/03/2013,ITH,NY,AEA,EN,Federal Contract Tower,0,31,10,0,41,0,0,40,0,40,0,31,50,0,81,82,0,82,163
05/04/2013,ITH,NY,AEA,EN,Federal Contract Tower,0,21,1,0,22,0,0,47,0,47,0,21,48,0,69,176,0,176,245
05/05/2013,ITH,NY,AEA,EN,Federal Contract Tower,0,24,13,0,37,0,0,51,0,51,0,24,64,0,88,110,0,110,198
05/06/2013,ITH,NY,AEA,EN,Federal Contract Tower,0,27,9,0,36,0,0,35,0,35,0,27,44,0,71,48,0,48,119
05/07/2013,ITH,NY,AEA,EN,Federal Contract Tower,0,23,6,0,29,0,0,41,0,41,0,23,47,0,70,58,0,58,128
05/08/2013,ITH,NY,AEA,EN,Federal Contract Tower,0,17,16,0,33,0,0,6,0,6,0,17,22,0,39,32,0,32,71
05/09/2013,ITH,NY,AEA,EN,Federal Contract Tower,0,21,14,0,35,0,0,3,0,3,0,21,17,0,38,44,0,44,82
05/10/2013,ITH,NY,AEA,EN,Federal Contract Tower,0,25,4,0,29,0,2,27,0,29,0,27,31,0,58,50,0,50,108
05/11/2013,ITH,NY,AEA,EN,Federal Contract Tower,0,22,4,0,26,0,0,0,0,0,0,22,4,0,26,0,0,0,26
05/12/2013,ITH,NY,AEA,EN,Federal Contract Tower,0,17,6,0,23,0,0,16,0,16,0,17,22,0,39,38,0,38,77
05/13/2013,ITH,NY,AEA,EN,Federal Contract Tower,0,27,22,0,49,0,0,22,1,23,0,27,44,1,72,96,0,96,168
05/14/2013,ITH,NY,AEA,EN,Federal Contract Tower,0,28,12,0,40,0,0,44,0,44,0,28,56,0,84,188,0,188,272
05/15/2013,ITH,NY,AEA,EN,Federal Contract Tower,0,21,5,0,26,0,0,2,0,2,0,21,7,0,28,0,0,0,28
05/16/2013,ITH,NY,AEA,EN,Federal Contract Tower,0,24,13,0,37,0,24,0,2,26,0,48,13,2,63,28,0,28,91
05/17/2013,ITH,NY,AEA,EN,Federal Contract Tower,0,29,12,0,41,0,7,42,0,49,0,36,54,0,90,82,0,82,172
05/18/2013,ITH,NY,AEA,EN,Federal Contract Tower,0,22,9,0,31,0,1,68,0,69,0,23,77,0,100,222,0,222,322
05/19/2013,ITH,NY,AEA,EN,Federal Contract Tower,0,23,29,0,52,0,0,0,0,0,0,23,29,0,52,0,0,0,52
05/20/2013,ITH,NY,AEA,EN,Federal Contract Tower,0,27,16,0,43,0,0,28,0,28,0,27,44,0,71,92,0,92,163
05/21/2013,ITH,NY,AEA,EN,Federal Contract Tower,0,25,11,0,36,0,0,23,0,23,0,25,34,0,59,40,0,40,99
05/22/2013,ITH,NY,AEA,EN,Federal Contract Tower,2,24,6,0,32,0,2,12,0,14,2,26,18,0,46,32,0,32,78
05/23/2013,ITH,NY,AEA,EN,Federal Contract Tower,0,29,20,0,49,0,0,7,0,7,0,29,27,0,56,78,0,78,134
05/24/2013,ITH,NY,AEA,EN,Federal Contract Tower,0,25,22,0,47,0,0,1,0,1,0,25,23,0,48,0,0,0,48
05/25/2013,ITH,NY,AEA,EN,Federal Contract Tower,0,38,14,0,52,0,0,9,0,9,0,38,23,0,61,42,0,42,103
05/26/2013,ITH,NY,AEA,EN,Federal Contract Tower,0,36,16,0,52,0,2,33,0,35,0,38,49,0,87,96,0,96,183
05/27/2013,ITH,NY,AEA,EN,Federal Contract Tower,0,26,19,0,45,0,0,55,0,55,0,26,74,0,100,136,0,136,236
05/28/2013,ITH,NY,AEA,EN,Federal Contract Tower,0,21,12,0,33,0,0,14,0,14,0,21,26,0,47,50,0,50,97
05/29/2013,ITH,NY,AEA,EN,Federal Contract Tower,0,27,10,0,37,0,0,15,0,15,0,27,25,0,52,56,0,56,108
05/30/2013,ITH,NY,AEA,EN,Federal Contract Tower,0,25,12,0,37,0,0,21,0,21,0,25,33,0,58,152,0,152,210
05/31/2013,ITH,NY,AEA,EN,Federal Contract Tower,8,21,0,0,29,0,0,29,0,29,8,21,29,0,58,116,0,116,174
06/01/2013,ITH,NY,AEA,EN,Federal Contract Tower,0,28,9,0,37,0,3,40,0,43,0,31,49,0,80,6,0,6,86
06/02/2013,ITH,NY,AEA,EN,Federal Contract Tower,0,16,12,0,28,0,0,2,0,2,0,16,14,0,30,0,0,0,30
06/03/2013,ITH,NY,AEA,EN,Federal Contract Tower,0,24,18,0,42,0,0,4,0,4,0,24,22,0,46,44,0,44,90
06/04/2013,ITH,NY,AEA,EN,Federal Contract Tower,0,21,10,0,31,0,4,38,0,42,0,25,48,0,73,78,0,78,151
06/05/2013,ITH,NY,AEA,EN,Federal Contract Tower,0,23,5,0,28,0,2,17,0,19,0,25,22,0,47,102,0,102,149
06/06/2013,ITH,NY,AEA,EN,Federal Contract Tower,0,26,22,0,48,0,0,0,0,0,0,26,22,0,48,0,0,0,48
06/07/2013,ITH,NY,AEA,EN,Federal Contract Tower,0,14,13,0,27,0,0,0,0,0,0,14,13,0,27,0,0,0,27
06/08/2013,ITH,NY,AEA,EN,Federal Contract Tower,0,25,13,0,38,0,0,7,0,7,0,25,20,0,45,10,0,10,55
06/09/2013,ITH,NY,AEA,EN,Federal Contract Tower,0,24,16,0,40,0,10,74,0,84,0,34,90,0,124,190,0,190,314
06/10/2013,ITH,NY,AEA,EN,Federal Contract Tower,0,20,10,0,30,0,0,1,0,1,0,20,11,0,31,18,0,18,49
06/11/2013,ITH,NY,AEA,EN,Federal Contract Tower,0,24,9,0,33,0,0,1,0,1,0,24,10,0,34,0,0,0,34
06/12/2013,ITH,NY,AEA,EN,Federal Contract Tower,0,21,10,0,31,0,3,23,0,26,0,24,33,0,57,38,0,38,95
06/13/2013,ITH,NY,AEA,EN,Federal Contract Tower,0,16,6,0,22,0,0,0,0,0,0,16,6,0,22,0,0,0,22
06/14/2013,ITH,NY,AEA,EN,Federal Contract Tower,0,26,8,0,34,0,0,9,0,9,0,26,17,0,43,48,0,48,91
06/15/2013,ITH,NY,AEA,EN,Federal Contract Tower,0,18,9,0,27,0,4,60,0,64,0,22,69,0,91,60,0,60,151
06/16/2013,ITH,NY,AEA,EN,Federal Contract Tower,0,16,6,0,22,0,0,28,0,28,0,16,34,0,50,160,0,160,210
06/17/2013,ITH,NY,AEA,EN,Federal Contract Tower,0,21,9,0,30,0,0,28,0,28,0,21,37,0,58,32,0,32,90
06/18/2013,ITH,NY,AEA,EN,Federal Contract Tower,0,15,10,2,27,0,0,4,0,4,0,15,14,2,31,2,0,2,33
06/19/2013,ITH,NY,AEA,EN,Federal Contract Tower,0,22,7,0,29,0,4,41,0,45,0,26,48,0,74,80,6,86,160
06/20/2013,ITH,NY,AEA,EN,Federal Contract Tower,0,24,13,0,37,0,2,42,0,44,0,26,55,0,81,60,0,60,141
06/21/2013,ITH,NY,AEA,EN,Federal Contract Tower,0,25,12,0,37,0,3,51,0,54,0,28,63,0,91,118,0,118,209
06/22/2013,ITH,NY,AEA,EN,Federal Contract Tower,0,21,10,0,31,0,4,34,0,38,0,25,44,0,69,68,0,68,137
06/23/2013,ITH,NY,AEA,EN,Federal Contract Tower,0,29,10,0,39,0,0,35,0,35,0,29,45,0,74,108,0,108,182
06/24/2013,ITH,NY,AEA,EN,Federal Contract Tower,0,22,7,0,29,0,0,32,0,32,0,22,39,0,61,82,0,82,143
06/25/2013,ITH,NY,AEA,EN,Federal Contract Tower,0,27,2,0,29,0,0,29,0,29,0,27,31,0,58,58,0,58,116
06/26/2013,ITH,NY,AEA,EN,Federal Contract Tower,0,20,7,0,27,0,0,27,0,27,0,20,34,0,54,44,0,44,98
06/27/2013,ITH,NY,AEA,EN,Federal Contract Tower,0,25,5,0,30,0,2,4,0,6,0,27,9,0,36,24,0,24,60
06/28/2013,ITH,NY,AEA,EN,Federal Contract Tower,0,24,0,0,24,0,0,0,0,0,0,24,0,0,24,0,0,0,24
06/29/2013,ITH,NY,AEA,EN,Federal Contract Tower,0,19,5,0,24,0,0,1,0,1,0,19,6,0,25,12,0,12,37
06/30/2013,ITH,NY,AEA,EN,Federal Contract Tower,0,21,10,0,31,0,0,27,0,27,0,21,37,0,58,72,0,72,130
07/01/2013,ITH,NY,AEA,EN,Federal Contract Tower,0,14,5,0,19,0,0,0,0,0,0,14,5,0,19,0,0,0,19
07/02/2013,ITH,NY,AEA,EN,Federal Contract Tower,0,17,3,0,20,0,0,6,0,6,0,17,9,0,26,14,0,14,40
07/03/2013,ITH,NY,AEA,EN,Federal Contract Tower,0,21,17,0,38,0,0,5,0,5,0,21,22,0,43,24,0,24,67
07/04/2013,ITH,NY,AEA,EN,Federal Contract Tower,0,21,8,0,29,0,3,21,0,24,0,24,29,0,53,20,0,20,73
07/05/2013,ITH,NY,AEA,EN,Federal Contract Tower,0,25,4,0,29,0,2,19,0,21,0,27,23,0,50,88,0,88,138
07/06/2013,ITH,NY,AEA,EN,Federal Contract Tower,0,21,7,0,28,0,5,31,0,36,0,26,38,0,64,122,0,122,186
07/07/2013,ITH,NY,AEA,EN,Federal Contract Tower,0,20,8,0,28,0,0,36,0,36,0,20,44,0,64,146,0,146,210
07/08/2013,ITH,NY,AEA,EN,Federal Contract Tower,0,24,9,2,35,0,0,15,2,17,0,24,24,4,52,55,4,59,111
07/09/2013,ITH,NY,AEA,EN,Federal Contract Tower,0,25,10,0,35,0,4,5,0,9,0,29,15,0,44,16,0,16,60
07/10/2013,ITH,NY,AEA,EN,Federal Contract Tower,0,20,12,0,32,0,0,8,0,8,0,20,20,0,40,16,0,16,56
07/11/2013,ITH,NY,AEA,EN,Federal Contract Tower,0,20,4,0,24,0,0,18,0,18,0,20,22,0,42,92,0,92,134
07/12/2013,ITH,NY,AEA,EN,Federal Contract Tower,0,29,8,0,37,0,2,28,0,30,0,31,36,0,67,58,0,58,125
07/13/2013,ITH,NY,AEA,EN,Federal Contract Tower,0,16,6,0,22,0,0,20,0,20,0,16,26,0,42,60,0,60,102
07/14/2013,ITH,NY,AEA,EN,Federal Contract Tower,0,20,17,0,37,0,0,39,0,39,0,20,56,0,76,60,0,60,136
07/15/2013,ITH,NY,AEA,EN,Federal Contract Tower,0,22,5,0,27,0,4,34,0,38,0,26,39,0,65,144,0,144,209
07/16/2013,ITH,NY,AEA,EN,Federal Contract Tower,0,24,16,0,40,0,2,41,0,43,0,26,57,0,83,122,0,122,205
07/17/2013,ITH,NY,AEA,EN,Federal Contract Tower,0,26,8,0,34,0,4,21,0,25,0,30,29,0,59,62,0,62,121
07/18/2013,ITH,NY,AEA,EN,Federal Contract Tower,0,21,25,0,46,0,0,20,0,20,0,21,45,0,66,34,0,34,100
07/19/2013,ITH,NY,AEA,EN,Federal Contract Tower,0,34,11,0,45,0,2,41,0,43,0,36,52,0,88,124,0,124,212
07/20/2013,ITH,NY,AEA,EN,Federal Contract Tower,0,20,9,0,29,0,0,23,0,23,0,20,32,0,52,68,0,68,120
07/21/2013,ITH,NY,AEA,EN,Federal Contract Tower,0,21,14,0,35,0,11,53,0,64,0,32,67,0,99,136,0,136,235
07/22/2013,ITH,NY,AEA,EN,Federal Contract Tower,0,22,5,0,27,0,0,33,0,33,0,22,38,0,60,88,0,88,148
07/23/2013,ITH,NY,AEA,EN,Federal Contract Tower,0,19,10,0,29,0,2,22,0,24,0,21,32,0,53,80,0,80,133
07/24/2013,ITH,NY,AEA,EN,Federal Contract Tower,0,23,6,0,29,0,0,19,0,19,0,23,25,0,48,34,0,34,82
07/25/2013,ITH,NY,AEA,EN,Federal Contract Tower,0,25,10,0,35,0,4,47,0,51,0,29,57,0,86,66,0,66,152
07/26/2013,ITH,NY,AEA,EN,Federal Contract Tower,0,32,4,0,36,0,0,58,0,58,0,32,62,0,94,98,0,98,192
07/27/2013,ITH,NY,AEA,EN,Federal Contract Tower,0,20,11,0,31,0,0,34,0,34,0,20,45,0,65,56,0,56,121
07/28/2013,ITH,NY,AEA,EN,Federal Contract Tower,0,19,5,0,24,0,0,12,0,12,0,19,17,0,36,2,0,2,38
07/29/2013,ITH,NY,AEA,EN,Federal Contract Tower,0,24,9,0,33,0,0,34,0,34,0,24,43,0,67,86,0,86,153
07/30/2013,ITH,NY,AEA,EN,Federal Contract Tower,0,23,5,0,28,0,0,47,0,47,0,23,52,0,75,134,0,134,209
07/31/2013,ITH,NY,AEA,EN,Federal Contract Tower,0,29,15,0,44,0,4,37,0,41,0,33,52,0,85,130,0,130,215
08/01/2013,ITH,NY,AEA,EN,Federal Contract Tower,0,14,9,0,23,0,2,7,0,9,0,16,16,0,32,14,0,14,46
08/02/2013,ITH,NY,AEA,EN,Federal Contract Tower,0,32,14,0,46,0,2,26,0,28,0,34,40,0,74,28,0,28,102
08/03/2013,ITH,NY,AEA,EN,Federal Contract Tower,0,27,13,0,40,0,0,34,0,34,0,27,47,0,74,70,0,70,144
08/04/2013,ITH,NY,AEA,EN,Federal Contract Tower,0,21,17,0,38,0,0,33,0,33,0,21,50,0,71,94,0,94,165
08/05/2013,ITH,NY,AEA,EN,Federal Contract Tower,0,27,10,0,37,0,4,45,0,49,0,31,55,0,86,154,0,154,240
08/06/2013,ITH,NY,AEA,EN,Federal Contract Tower,0,24,4,0,28,0,2,41,0,43,0,26,45,0,71,136,0,136,207
08/07/2013,ITH,NY,AEA,EN,Federal Contract Tower,0,25,5,0,30,0,1,8,0,9,0,26,13,0,39,26,0,26,65
08/08/2013,ITH,NY,AEA,EN,Federal Contract Tower,0,21,18,0,39,0,0,15,0,15,0,21,33,0,54,48,0,48,102
08/09/2013,ITH,NY,AEA,EN,Federal Contract Tower,0,31,8,0,39,0,0,1,0,1,0,31,9,0,40,0,0,0,40
08/10/2013,ITH,NY,AEA,EN,Federal Contract Tower,0,18,13,0,31,0,0,35,0,35,0,18,48,0,66,68,0,68,134
08/11/2013,ITH,NY,AEA,EN,Federal Contract Tower,0,20,23,0,43,0,0,54,0,54,0,20,77,0,97,126,0,126,223
08/12/2013,ITH,NY,AEA,EN,Federal Contract Tower,0,23,13,0,36,0,3,43,0,46,0,26,56,0,82,98,0,98,180
08/13/2013,ITH,NY,AEA,EN,Federal Contract Tower,0,19,5,0,24,0,0,1,0,1,0,19,6,0,25,0,0,0,25
08/14/2013,ITH,NY,AEA,EN,Federal Contract Tower,0,27,8,0,35,0,0,10,0,10,0,27,18,0,45,20,0,20,65
08/15/2013,ITH,NY,AEA,EN,Federal Contract Tower,0,32,12,0,44,0,0,34,0,34,0,32,46,0,78,64,0,64,142
08/16/2013,ITH,NY,AEA,EN,Federal Contract Tower,0,29,7,0,36,0,2,48,0,50,0,31,55,0,86,108,0,108,194
08/17/2013,ITH,NY,AEA,EN,Federal Contract Tower,0,24,10,0,34,0,6,39,0,45,0,30,49,0,79,92,0,92,171
08/18/2013,ITH,NY,AEA,EN,Federal Contract Tower,0,19,6,0,25,0,0,36,0,36,0,19,42,0,61,92,0,92,153
08/19/2013,ITH,NY,AEA,EN,Federal Contract Tower,0,29,11,0,40,0,0,28,0,28,0,29,39,0,68,106,10,116,184
08/20/2013,ITH,NY,AEA,EN,Federal Contract Tower,0,27,7,0,34,0,2,40,2,44,0,29,47,2,78,164,0,164,242
08/21/2013,ITH,NY,AEA,EN,Federal Contract Tower,0,27,2,0,29,0,0,43,0,43,0,27,45,0,72,114,0,114,186
08/22/2013,ITH,NY,AEA,EN,Federal Contract Tower,0,24,16,0,40,0,1,15,0,16,0,25,31,0,56,0,0,0,56
08/23/2013,ITH,NY,AEA,EN,Federal Contract Tower,0,29,10,0,39,0,2,2,0,4,0,31,12,0,43,18,0,18,61
08/24/2013,ITH,NY,AEA,EN,Federal Contract Tower,0,30,6,0,36,0,1,56,0,57,0,31,62,0,93,126,0,126,219
08/25/2013,ITH,NY,AEA,EN,Federal Contract Tower,0,26,30,0,56,0,0,63,0,63,0,26,93,0,119,96,0,96,215
08/26/2013,ITH,NY,AEA,EN,Federal Contract Tower,0,26,11,0,37,0,0,18,0,18,0,26,29,0,55,108,0,108,163
08/27/2013,ITH,NY,AEA,EN,Federal Contract Tower,0,21,14,0,35,0,1,8,0,9,0,22,22,0,44,30,0,30,74
08/28/2013,ITH,NY,AEA,EN,Federal Contract Tower,0,19,13,0,32,0,0,2,0,2,0,19,15,0,34,14,0,14,48
08/29/2013,ITH,NY,AEA,EN,Federal Contract Tower,0,29,16,0,45,0,2,14,0,16,0,31,30,0,61,46,0,46,107
08/30/2013,ITH,NY,AEA,EN,Federal Contract Tower,0,25,12,0,37,0,4,30,0,34,0,29,42,0,71,68,0,68,139
08/31/2013,ITH,NY,AEA,EN,Federal Contract Tower,0,22,4,0,26,0,0,23,0,23,0,22,27,0,49,72,0,72,121
09/01/2013,ITH,NY,AEA,EN,Federal Contract Tower,0,19,15,0,34,0,0,16,0,16,0,19,31,0,50,72,0,72,122
09/02/2013,ITH,NY,AEA,EN,Federal Contract Tower,0,20,13,0,33,0,0,6,0,6,0,20,19,0,39,56,0,56,95
09/03/2013,ITH,NY,AEA,EN,Federal Contract Tower,0,27,7,0,34,0,0,33,0,33,0,27,40,0,67,140,0,140,207
09/04/2013,ITH,NY,AEA,EN,Federal Contract Tower,0,23,5,0,28,0,2,41,0,43,0,25,46,0,71,132,0,132,203
09/05/2013,ITH,NY,AEA,EN,Federal Contract Tower,0,24,10,0,34,0,6,33,0,39,0,30,43,0,73,64,0,64,137
09/06/2013,ITH,NY,AEA,EN,Federal Contract Tower,0,23,13,0,36,0,0,66,0,66,0,23,79,0,102,94,0,94,196
09/07/2013,ITH,NY,AEA,EN,Federal Contract Tower,0,15,3,0,18,0,0,36,0,36,0,15,39,0,54,100,0,100,154
09/08/2013,ITH,NY,AEA,EN,Federal Contract Tower,0,22,19,0,41,0,0,26,0,26,0,22,45,0,67,44,0,44,111
09/09/2013,ITH,NY,AEA,EN,Federal Contract Tower,0,37,19,0,56,0,5,27,0,32,0,42,46,0,88,68,0,68,156
09/10/2013,ITH,NY,AEA,EN,Federal Contract Tower,0,31,7,0,38,0,2,19,0,21,0,33,26,0,59,30,0,30,89
09/11/2013,ITH,NY,AEA,EN,Federal Contract Tower,0,19,13,0,32,0,1,22,0,23,0,20,35,0,55,94,0,94,149
09/12/2013,ITH,NY,AEA,EN,Federal Contract Tower,0,19,7,0,26,0,0,4,0,4,0,19,11,0,30,42,0,42,72
09/13/2013,ITH,NY,AEA,EN,Federal Contract Tower,0,25,14,0,39,0,0,2,0,2,0,25,16,0,41,0,0,0,41
09/14/2013,ITH,NY,AEA,EN,Federal Contract Tower,0,16,6,0,22,0,0,12,0,12,0,16,18,0,34,36,0,36,70
09/15/2013,ITH,NY,AEA,EN,Federal Contract Tower,0,14,13,0,27,0,2,32,0,34,0,16,45,0,61,64,0,64,125
09/16/2013,ITH,NY,AEA,EN,Federal Contract Tower,0,22,13,0,35,0,0,2,0,2,0,22,15,0,37,4,0,4,41
09/17/2013,ITH,NY,AEA,EN,Federal Contract Tower,0,24,14,0,38,0,1,55,0,56,0,25,69,0,94,122,0,122,216
09/18/2013,ITH,NY,AEA,EN,Federal Contract Tower,0,24,15,0,39,0,0,46,0,46,0,24,61,0,85,140,0,140,225
09/19/2013,ITH,NY,AEA,EN,Federal Contract Tower,0,25,10,0,35,0,8,42,0,50,0,33,52,0,85,56,0,56,141
09/20/2013,ITH,NY,AEA,EN,Federal Contract Tower,0,29,11,0,40,0,0,34,1,35,0,29,45,1,75,40,6,46,121
09/21/2013,ITH,NY,AEA,EN,Federal Contract Tower,2,17,12,0,31,0,0,0,0,0,2,17,12,0,31,0,0,0,31
09/22/2013,ITH,NY,AEA,EN,Federal Contract Tower,0,27,20,0,47,0,0,49,0,49,0,27,69,0,96,106,0,106,202
09/23/2013,ITH,NY,AEA,EN,Federal Contract Tower,0,28,17,0,45,0,5,22,0,27,0,33,39,0,72,130,0,130,202
09/24/2013,ITH,NY,AEA,EN,Federal Contract Tower,0,23,7,0,30,0,2,32,0,34,0,25,39,0,64,110,0,110,174
09/25/2013,ITH,NY,AEA,EN,Federal Contract Tower,0,24,14,0,38,0,1,42,0,43,0,25,56,0,81,136,0,136,217
09/26/2013,ITH,NY,AEA,EN,Federal Contract Tower,0,29,16,0,45,0,0,47,0,47,0,29,63,0,92,98,0,98,190
09/27/2013,ITH,NY,AEA,EN,Federal Contract Tower,0,24,25,0,49,0,6,30,0,36,0,30,55,0,85,76,0,76,161
09/28/2013,ITH,NY,AEA,EN,Federal Contract Tower,0,20,9,0,29,0,2,53,0,55,0,22,62,0,84,112,0,112,196
09/29/2013,ITH,NY,AEA,EN,Federal Contract Tower,0,21,11,0,32,0,4,53,0,57,0,25,64,0,89,70,0,70,159
09/30/2013,ITH,NY,AEA,EN,Federal Contract Tower,0,24,9,0,33,0,2,24,0,26,0,26,33,0,59,98,0,98,157
10/01/2013,ITH,NY,AEA,EN,Federal Contract Tower,0,24,7,0,31,0,0,27,0,27,0,24,34,0,58,56,0,56,114
10/02/2013,ITH,NY,AEA,EN,Federal Contract Tower,0,28,8,0,36,0,0,38,0,38,0,28,46,0,74,98,0,98,172
10/03/2013,ITH,NY,AEA,EN,Federal Contract Tower,0,23,13,0,36,0,0,40,0,40,0,23,53,0,76,74,0,74,150
10/04/2013,ITH,NY,AEA,EN,Federal Contract Tower,0,25,29,0,54,0,0,12,0,12,0,25,41,0,66,46,0,46,112
10/05/2013,ITH,NY,AEA,EN,Federal Contract Tower,0,19,10,0,29,0,0,11,0,11,0,19,21,0,40,0,0,0,40
10/06/2013,ITH,NY,AEA,EN,Federal Contract Tower,0,21,14,0,35,0,0,11,0,11,0,21,25,0,46,56,0,56,102
10/07/2013,ITH,NY,AEA,EN,Federal Contract Tower,0,18,3,0,21,0,0,0,0,0,0,18,3,0,21,12,0,12,33
10/08/2013,ITH,NY,AEA,EN,Federal Contract Tower,0,20,8,0,28,0,1,38,0,39,0,21,46,0,67,150,0,150,217
10/09/2013,ITH,NY,AEA,EN,Federal Contract Tower,0,23,11,0,34,0,0,41,0,41,0,23,52,0,75,78,0,78,153
10/10/2013,ITH,NY,AEA,EN,Federal Contract Tower,0,29,9,0,38,0,0,32,0,32,0,29,41,0,70,50,0,50,120
10/11/2013,ITH,NY,AEA,EN,Federal Contract Tower,0,19,15,0,34,0,0,38,0,38,0,19,53,0,72,84,0,84,156
10/12/2013,ITH,NY,AEA,EN,Federal Contract Tower,0,15,11,0,26,0,0,49,0,49,0,15,60,0,75,106,0,106,181
10/13/2013,ITH,NY,AEA,EN,Federal Contract Tower,0,15,12,0,27,0,0,35,0,35,0,15,47,0,62,150,0,150,212
10/14/2013,ITH,NY,AEA,EN,Federal Contract Tower,0,22,10,0,32,0,0,0,0,0,0,22,10,0,32,0,0,0,32
10/15/2013,ITH,NY,AEA,EN,Federal Contract Tower,0,22,23,0,45,0,0,37,0,37,0,22,60,0,82,182,0,182,264
10/16/2013,ITH,NY,AEA,EN,Federal Contract Tower,0,28,16,0,44,0,0,29,0,29,0,28,45,0,73,82,0,82,155
10/17/2013,ITH,NY,AEA,EN,Federal Contract Tower,0,24,12,0,36,0,1,29,0,30,0,25,41,0,66,32,0,32,98
10/18/2013,ITH,NY,AEA,EN,Federal Contract Tower,0,27,16,0,43,0,2,27,0,29,0,29,43,0,72,62,0,62,134
10/19/2013,ITH,NY,AEA,EN,Federal Contract Tower,0,21,13,0,34,0,0,40,0,40,0,21,53,0,74,40,0,40,114
10/20/2013,ITH,NY,AEA,EN,Federal Contract Tower,0,20,19,0,39,0,0,18,0,18,0,20,37,0,57,48,0,48,105
10/21/2013,ITH,NY,AEA,EN,Federal Contract Tower,0,23,14,0,37,0,0,29,0,29,0,23,43,0,66,0,0,0,66
10/22/2013,ITH,NY,AEA,EN,Federal Contract Tower,0,28,15,0,43,0,0,33,0,33,0,28,48,0,76,34,0,34,110
10/23/2013,ITH,NY,AEA,EN,Federal Contract Tower,0,27,18,0,45,0,0,42,0,42,0,27,60,0,87,88,0,88,175
10/24/2013,ITH,NY,AEA,EN,Federal Contract Tower,0,26,33,0,59,0,0,20,0,20,0,26,53,0,79,26,0,26,105
10/25/2013,ITH,NY,AEA,EN,Federal Contract Tower,0,33,20,0,53,0,0,16,0,16,0,33,36,0,69,68,0,68,137
10/26/2013,ITH,NY,AEA,EN,Federal Contract Tower,0,28,15,0,43,0,0,6,0,6,0,28,21,0,49,0,0,0,49
10/27/2013,ITH,NY,AEA,EN,Federal Contract Tower,0,21,8,0,29,0,0,45,0,45,0,21,53,0,74,86,0,86,160
10/28/2013,ITH,NY,AEA,EN,Federal Contract Tower,0,22,10,0,32,0,0,29,0,29,0,22,39,0,61,74,0,74,135
10/29/2013,ITH,NY,AEA,EN,Federal Contract Tower,0,21,16,0,37,0,0,39,0,39,0,21,55,0,76,104,0,104,180
10/30/2013,ITH,NY,AEA,EN,Federal Contract Tower,0,21,15,0,36,0,0,24,0,24,0,21,39,0,60,82,0,82,142
10/31/2013,ITH,NY,AEA,EN,Federal Contract Tower,0,24,12,0,36,0,0,0,0,0,0,24,12,0,36,0,0,0,36
11/01/2013,ITH,NY,AEA,EN,Federal Contract Tower,0,28,10,0,38,0,0,0,0,0,0,28,10,0,38,2,0,2,40
11/02/2013,ITH,NY,AEA,EN,Federal Contract Tower,0,19,7,0,26,0,0,22,0,22,0,19,29,0,48,86,0,86,134
11/03/2013,ITH,NY,AEA,EN,Federal Contract Tower,0,22,23,0,45,0,0,23,0,23,0,22,46,0,68,42,0,42,110
11/04/2013,ITH,NY,AEA,EN,Federal Contract Tower,0,21,3,0,24,0,0,33,0,33,0,21,36,0,57,70,0,70,127
11/05/2013,ITH,NY,AEA,EN,Federal Contract Tower,0,17,9,0,26,0,0,36,0,36,0,17,45,0,62,114,0,114,176
11/06/2013,ITH,NY,AEA,EN,Federal Contract Tower,0,25,13,0,38,0,0,20,0,20,0,25,33,0,58,26,0,26,84
11/07/2013,ITH,NY,AEA,EN,Federal Contract Tower,0,28,11,0,39,0,0,2,0,2,0,28,13,0,41,0,0,0,41
11/08/2013,ITH,NY,AEA,EN,Federal Contract Tower,0,32,17,0,49,0,0,13,0,13,0,32,30,0,62,2,0,2,64
11/09/2013,ITH,NY,AEA,EN,Federal Contract Tower,0,26,15,0,41,0,0,26,0,26,0,26,41,0,67,100,0,100,167
11/10/2013,ITH,NY,AEA,EN,Federal Contract Tower,0,17,10,0,27,0,0,10,0,10,0,17,20,0,37,14,0,14,51
11/11/2013,ITH,NY,AEA,EN,Federal Contract Tower,0,24,13,0,37,0,0,30,0,30,0,24,43,0,67,66,0,66,133
11/12/2013,ITH,NY,AEA,EN,Federal Contract Tower,0,18,6,0,24,0,0,2,0,2,0,18,8,0,26,10,0,10,36
11/13/2013,ITH,NY,AEA,EN,Federal Contract Tower,0,23,10,0,33,0,0,16,0,16,0,23,26,0,49,66,0,66,115
11/14/2013,ITH,NY,AEA,EN,Federal Contract Tower,0,21,13,0,34,0,0,22,0,22,0,21,35,0,56,70,0,70,126
11/15/2013,ITH,NY,AEA,EN,Federal Contract Tower,0,27,13,0,40,0,0,34,0,34,0,27,47,0,74,130,0,130,204
11/16/2013,ITH,NY,AEA,EN,Federal Contract Tower,0,20,7,0,27,0,2,42,0,44,0,22,49,0,71,114,0,114,185
11/17/2013,ITH,NY,AEA,EN,Federal Contract Tower,0,19,5,0,24,0,0,0,0,0,0,19,5,0,24,0,0,0,24
11/18/2013,ITH,NY,AEA,EN,Federal Contract Tower,0,18,8,0,26,0,0,2,0,2,0,18,10,0,28,0,0,0,28
11/19/2013,ITH,NY,AEA,EN,Federal Contract Tower,0,24,9,0,33,0,0,1,0,1,0,24,10,0,34,0,0,0,34
11/20/2013,ITH,NY,AEA,EN,Federal Contract Tower,0,25,21,0,46,0,0,19,0,19,0,25,40,0,65,62,0,62,127
11/21/2013,ITH,NY,AEA,EN,Federal Contract Tower,0,21,19,0,40,0,0,20,0,20,0,21,39,0,60,36,0,36,96
11/22/2013,ITH,NY,AEA,EN,Federal Contract Tower,0,29,13,0,42,0,0,0,0,0,0,29,13,0,42,0,0,0,42
11/23/2013,ITH,NY,AEA,EN,Federal Contract Tower,0,15,6,0,21,0,0,6,0,6,0,15,12,0,27,34,0,34,61
11/24/2013,ITH,NY,AEA,EN,Federal Contract Tower,0,19,2,0,21,0,0,0,0,0,0,19,2,0,21,0,0,0,21
11/25/2013,ITH,NY,AEA,EN,Federal Contract Tower,0,24,17,0,41,0,2,37,0,39,0,26,54,0,80,96,0,96,176
11/26/2013,ITH,NY,AEA,EN,Federal Contract Tower,0,35,14,0,49,0,0,5,0,5,0,35,19,0,54,10,0,10,64
11/27/2013,ITH,NY,AEA,EN,Federal Contract Tower,0,15,9,0,24,0,0,0,0,0,0,15,9,0,24,0,0,0,24
11/28/2013,ITH,NY,AEA,EN,Federal Contract Tower,0,12,5,0,17,0,0,0,0,0,0,12,5,0,17,0,0,0,17
11/29/2013,ITH,NY,AEA,EN,Federal Contract Tower,0,8,2,0,10,0,0,8,0,8,0,8,10,0,18,50,4,54,72
11/30/2013,ITH,NY,AEA,EN,Federal Contract Tower,0,24,10,0,34,0,0,18,0,18,0,24,28,0,52,24,0,24,76
12/01/2013,ITH,NY,AEA,EN,Federal Contract Tower,0,43,19,0,62,0,0,30,0,30,0,43,49,0,92,56,0,56,148
12/02/2013,ITH,NY,AEA,EN,Federal Contract Tower,0,24,14,0,38,0,0,10,0,10,0,24,24,0,48,30,0,30,78
12/03/2013,ITH,NY,AEA,EN,Federal Contract Tower,0,26,2,0,28,0,0,3,0,3,0,26,5,0,31,4,0,4,35
12/04/2013,ITH,NY,AEA,EN,Federal Contract Tower,0,25,5,0,30,0,2,17,0,19,0,27,22,0,49,50,0,50,99
12/05/2013,ITH,NY,AEA,EN,Federal Contract Tower,0,16,9,0,25,0,0,0,0,0,0,16,9,0,25,0,0,0,25
12/06/2013,ITH,NY,AEA,EN,Federal Contract Tower,0,21,5,0,26,0,0,0,0,0,0,21,5,0,26,26,0,26,52
12/07/2013,ITH,NY,AEA,EN,Federal Contract Tower,0,18,7,0,25,0,0,15,0,15,0,18,22,0,40,70,0,70,110
12/08/2013,ITH,NY,AEA,EN,Federal Contract Tower,0,11,6,0,17,0,0,28,0,28,0,11,34,0,45,82,0,82,127
12/09/2013,ITH,NY,AEA,EN,Federal Contract Tower,0,18,5,0,23,0,0,0,0,0,0,18,5,0,23,0,0,0,23
12/10/2013,ITH,NY,AEA,EN,Federal Contract Tower,0,12,2,0,14,0,0,0,0,0,0,12,2,0,14,0,0,0,14
12/11/2013,ITH,NY,AEA,EN,Federal Contract Tower,0,20,17,0,37,0,0,7,0,7,0,20,24,0,44,38,0,38,82
12/12/2013,ITH,NY,AEA,EN,Federal Contract Tower,0,20,13,0,33,0,0,5,0,5,0,20,18,0,38,18,0,18,56
12/13/2013,ITH,NY,AEA,EN,Federal Contract Tower,0,21,9,0,30,0,0,0,0,0,0,21,9,0,30,13,0,13,43
12/14/2013,ITH,NY,AEA,EN,Federal Contract Tower,0,15,0,0,15,0,0,0,0,0,0,15,0,0,15,0,0,0,15
12/15/2013,ITH,NY,AEA,EN,Federal Contract Tower,0,14,0,0,14,0,0,0,0,0,0,14,0,0,14,0,0,0,14
12/16/2013,ITH,NY,AEA,EN,Federal Contract Tower,0,19,10,0,29,0,0,9,0,9,0,19,19,0,38,24,0,24,62
12/17/2013,ITH,NY,AEA,EN,Federal Contract Tower,0,15,1,0,16,0,0,0,2,2,0,15,1,2,18,0,6,6,24
12/18/2013,ITH,NY,AEA,EN,Federal Contract Tower,0,20,6,0,26,0,0,2,0,2,0,20,8,0,28,16,0,16,44
12/19/2013,ITH,NY,AEA,EN,Federal Contract Tower,0,25,0,0,25,0,2,10,0,12,0,27,10,0,37,74,0,74,111
12/20/2013,ITH,NY,AEA,EN,Federal Contract Tower,0,17,16,0,33,0,0,0,0,0,0,17,16,0,33,0,0,0,33
12/21/2013,ITH,NY,AEA,EN,Federal Contract Tower,0,17,3,0,20,0,0,0,0,0,0,17,3,0,20,0,0,0,20
12/22/2013,ITH,NY,AEA,EN,Federal Contract Tower,0,13,4,0,17,0,0,2,0,2,0,13,6,0,19,0,0,0,19
12/23/2013,ITH,NY,AEA,EN,Federal Contract Tower,0,18,4,0,22,0,0,0,0,0,0,18,4,0,22,0,0,0,22
12/24/2013,ITH,NY,AEA,EN,Federal Contract Tower,0,12,1,0,13,0,0,0,0,0,0,12,1,0,13,0,0,0,13
12/25/2013,ITH,NY,AEA,EN,Federal Contract Tower,0,9,2,0,11,0,0,2,0,2,0,9,4,0,13,4,0,4,17
12/26/2013,ITH,NY,AEA,EN,Federal Contract Tower,0,16,6,0,22,0,0,0,0,0,0,16,6,0,22,0,0,0,22
12/27/2013,ITH,NY,AEA,EN,Federal Contract Tower,0,19,3,0,22,0,0,13,0,13,0,19,16,0,35,62,0,62,97
12/28/2013,ITH,NY,AEA,EN,Federal Contract Tower,0,15,7,0,22,0,0,22,0,22,0,15,29,0,44,66,0,66,110
12/29/2013,ITH,NY,AEA,EN,Federal Contract Tower,0,12,0,0,12,0,0,10,0,10,0,12,10,0,22,42,0,42,64
12/30/2013,ITH,NY,AEA,EN,Federal Contract Tower,0,18,2,0,20,0,0,0,0,0,0,18,2,0,20,0,0,0,20
12/31/2013,ITH,NY,AEA,EN,Federal Contract Tower,0,17,4,0,21,0,0,5,0,5,0,17,9,0,26,10,0,10,36
01/01/2014,ITH,NY,AEA,EN,Federal Contract Tower,0,14,2,0,16,0,0,3,0,3,0,14,5,0,19,28,0,28,47
01/02/2014,ITH,NY,AEA,EN,Federal Contract Tower,0,11,2,0,13,0,0,0,0,0,0,11,2,0,13,0,0,0,13
01/03/2014,ITH,NY,AEA,EN,Federal Contract Tower,0,7,0,0,7,0,0,0,0,0,0,7,0,0,7,0,0,0,7
01/04/2014,ITH,NY,AEA,EN,Federal Contract Tower,0,14,11,0,25,0,0,3,0,3,0,14,14,0,28,76,0,76,104
01/05/2014,ITH,NY,AEA,EN,Federal Contract Tower,0,6,5,0,11,0,0,15,0,15,0,6,20,0,26,68,0,68,94
01/06/2014,ITH,NY,AEA,EN,Federal Contract Tower,0,10,0,0,10,0,0,0,0,0,0,10,0,0,10,44,0,44,54
01/07/2014,ITH,NY,AEA,EN,Federal Contract Tower,0,11,7,0,18,0,0,2,0,2,0,11,9,0,20,2,0,2,22
01/08/2014,ITH,NY,AEA,EN,Federal Contract Tower,0,11,6,0,17,0,0,25,0,25,0,11,31,0,42,118,0,118,160
01/09/2014,ITH,NY,AEA,EN,Federal Contract Tower,0,18,7,0,25,0,0,8,0,8,0,18,15,0,33,98,0,98,131
01/10/2014,ITH,NY,AEA,EN,Federal Contract Tower,0,14,5,0,19,0,0,27,0,27,0,14,32,0,46,84,0,84,130
01/11/2014,ITH,NY,AEA,EN,Federal Contract Tower,0,12,2,0,14,0,0,0,0,0,0,12,2,0,14,10,0,10,24
01/12/2014,ITH,NY,AEA,EN,Federal Contract Tower,0,19,2,0,21,0,0,10,0,10,0,19,12,0,31,48,0,48,79
01/13/2014,ITH,NY,AEA,EN,Federal Contract Tower,0,16,12,0,28,0,0,22,0,22,0,16,34,0,50,38,0,38,88
01/14/2014,ITH,NY,AEA,EN,Federal Contract Tower,0,19,4,0,23,0,0,2,0,2,0,19,6,0,25,6,0,6,31
01/15/2014,ITH,NY,AEA,EN,Federal Contract Tower,0,13,5,0,18,0,0,8,0,8,0,13,13,0,26,38,0,38,64
01/16/2014,ITH,NY,AEA,EN,Federal Contract Tower,0,18,17,0,35,0,3,42,0,45,0,21,59,0,80,86,0,86,166
01/17/2014,ITH,NY,AEA,EN,Federal Contract Tower,0,19,11,0,30,0,0,22,0,22,0,19,33,0,52,66,0,66,118
01/18/2014,ITH,NY,AEA,EN,Federal Contract Tower,0,17,1,0,18,0,0,0,0,0,0,17,1,0,18,0,0,0,18
01/19/2014,ITH,NY,AEA,EN,Federal Contract Tower,0,14,9,0,23,0,0,9,0,9,0,14,18,0,32,0,0,0,32
01/20/2014,ITH,NY,AEA,EN,Federal Contract Tower,0,16,5,0,21,0,0,0,0,0,0,16,5,0,21,0,0,0,21
01/21/2014,ITH,NY,AEA,EN,Federal Contract Tower,0,10,10,0,20,0,0,8,0,8,0,10,18,0,28,76,0,76,104
01/22/2014,ITH,NY,AEA,EN,Federal Contract Tower,0,15,4,0,19,0,0,0,0,0,0,15,4,0,19,0,0,0,19
01/23/2014,ITH,NY,AEA,EN,Federal Contract Tower,0,23,4,0,27,0,0,0,0,0,0,23,4,0,27,0,0,0,27
01/24/2014,ITH,NY,AEA,EN,Federal Contract Tower,0,21,9,0,30,0,0,10,0,10,0,21,19,0,40,64,0,64,104
01/25/2014,ITH,NY,AEA,EN,Federal Contract Tower,0,16,1,0,17,0,0,0,0,0,0,16,1,0,17,0,0,0,17
01/26/2014,ITH,NY,AEA,EN,Federal Contract Tower,0,16,3,0,19,0,0,9,0,9,0,16,12,0,28,46,0,46,74
01/27/2014,ITH,NY,AEA,EN,Federal Contract Tower,0,18,1,0,19,0,0,0,0,0,0,18,1,0,19,0,0,0,19
01/28/2014,ITH,NY,AEA,EN,Federal Contract Tower,0,23,9,0,32,0,0,13,0,13,0,23,22,0,45,68,0,68,113
01/29/2014,ITH,NY,AEA,EN,Federal Contract Tower,0,18,7,0,25,0,0,14,0,14,0,18,21,0,39,64,0,64,103
01/30/2014,ITH,NY,AEA,EN,Federal Contract Tower,0,19,8,0,27,0,0,4,0,4,0,19,12,0,31,68,0,68,99
01/31/2014,ITH,NY,AEA,EN,Federal Contract Tower,0,18,12,0,30,0,0,0,0,0,0,18,12,0,30,70,0,70,100
02/01/2014,ITH,NY,AEA,EN,Federal Contract Tower,0,22,3,0,25,0,0,9,0,9,0,22,12,0,34,54,0,54,88
02/02/2014,ITH,NY,AEA,EN,Federal Contract Tower,0,14,2,0,16,0,0,0,0,0,0,14,2,0,16,0,0,0,16
02/03/2014,ITH,NY,AEA,EN,Federal Contract Tower,0,9,12,0,21,0,0,12,0,12,0,9,24,0,33,44,0,44,77
02/04/2014,ITH,NY,AEA,EN,Federal Contract Tower,0,14,11,0,25,0,0,35,0,35,0,14,46,0,60,114,0,114,174
02/05/2014,ITH,NY,AEA,EN,Federal Contract Tower,0,10,1,0,11,0,0,0,0,0,0,10,1,0,11,0,0,0,11
02/06/2014,ITH,NY,AEA,EN,Federal Contract Tower,0,18,4,0,22,0,0,0,0,0,0,18,4,0,22,0,0,0,22
02/07/2014,ITH,NY,AEA,EN,Federal Contract Tower,0,15,10,0,25,0,0,21,0,21,0,15,31,0,46,90,0,90,136
02/08/2014,ITH,NY,AEA,EN,Federal Contract Tower,0,18,6,0,24,0,3,24,0,27,0,21,30,0,51,98,0,98,149
02/09/2014,ITH,NY,AEA,EN,Federal Contract Tower,0,15,9,0,24,0,0,7,0,7,0,15,16,0,31,52,0,52,83
02/10/2014,ITH,NY,AEA,EN,Federal Contract Tower,0,19,13,0,32,0,0,0,0,0,0,19,13,0,32,0,0,0,32
02/11/2014,ITH,NY,AEA,EN,Federal Contract Tower,0,19,14,0,33,0,0,4,0,4,0,19,18,0,37,18,0,18,55
02/12/2014,ITH,NY,AEA,EN,Federal Contract Tower,0,22,14,0,36,0,0,6,0,6,0,22,20,0,42,56,0,56,98
02/13/2014,ITH,NY,AEA,EN,Federal Contract Tower,0,6,5,0,11,0,0,0,0,0,0,6,5,0,11,0,0,0,11
02/14/2014,ITH,NY,AEA,EN,Federal Contract Tower,0,18,14,0,32,0,0,1,0,1,0,18,15,0,33,6,0,6,39
02/15/2014,ITH,NY,AEA,EN,Federal Contract Tower,0,14,3,0,17,0,0,0,0,0,0,14,3,0,17,0,0,0,17
02/16/2014,ITH,NY,AEA,EN,Federal Contract Tower,0,13,7,0,20,0,0,9,0,9,0,13,16,0,29,18,0,18,47
02/17/2014,ITH,NY,AEA,EN,Federal Contract Tower,0,20,17,0,37,0,1,28,0,29,0,21,45,0,66,96,0,96,162
02/18/2014,ITH,NY,AEA,EN,Federal Contract Tower,0,11,8,0,19,0,0,1,0,1,0,11,9,0,20,2,0,2,22
02/19/2014,ITH,NY,AEA,EN,Federal Contract Tower,0,23,5,0,28,0,0,0,0,0,0,23,5,0,28,82,0,82,110
02/20/2014,ITH,NY,AEA,EN,Federal Contract Tower,0,16,5,0,21,0,0,15,0,15,0,16,20,0,36,64,0,64,100
02/21/2014,ITH,NY,AEA,EN,Federal Contract Tower,0,11,8,0,19,0,0,14,0,14,0,11,22,0,33,68,0,68,101
02/22/2014,ITH,NY,AEA,EN,Federal Contract Tower,0,15,10,2,27,0,2,18,0,20,0,17,28,2,47,78,0,78,125
02/23/2014,ITH,NY,AEA,EN,Federal Contract Tower,0,16,8,0,24,0,0,34,0,34,0,16,42,0,58,110,0,110,168
02/24/2014,ITH,NY,AEA,EN,Federal Contract Tower,0,21,3,0,24,0,0,0,0,0,0,21,3,0,24,0,0,0,24
02/25/2014,ITH,NY,AEA,EN,Federal Contract Tower,0,15,7,0,22,0,0,1,0,1,0,15,8,0,23,2,0,2,25
02/26/2014,ITH,NY,AEA,EN,Federal Contract Tower,0,17,4,0,21,0,0,1,4,5,0,17,5,4,26,76,0,76,102
02/27/2014,ITH,NY,AEA,EN,Federal Contract Tower,0,18,3,0,21,0,0,5,0,5,0,18,8,0,26,14,0,14,40
02/28/2014,ITH,NY,AEA,EN,Federal Contract Tower,0,23,5,0,28,0,0,11,0,11,0,23,16,0,39,60,0,60,99
03/01/2014,ITH,NY,AEA,EN,Federal Contract Tower,0,15,13,0,28,0,0,29,0,29,0,15,42,0,57,86,0,86,143
03/02/2014,ITH,NY,AEA,EN,Federal Contract Tower,0,15,3,0,18,0,0,2,0,2,0,15,5,0,20,0,0,0,20
03/03/2014,ITH,NY,AEA,EN,Federal Contract Tower,0,15,4,0,19,0,0,0,0,0,0,15,4,0,19,10,0,10,29
03/04/2014,ITH,NY,AEA,EN,Federal Contract Tower,0,17,5,0,22,0,0,11,0,11,0,17,16,0,33,32,0,32,65
03/05/2014,ITH,NY,AEA,EN,Federal Contract Tower,0,22,16,0,38,0,0,0,0,0,0,22,16,0,38,0,0,0,38
03/06/2014,ITH,NY,AEA,EN,Federal Contract Tower,0,19,1,0,20,0,0,23,0,23,0,19,24,0,43,62,0,62,105
03/07/2014,ITH,NY,AEA,EN,Federal Contract Tower,0,26,13,1,40,0,0,19,0,19,0,26,32,1,59,92,0,92,151
03/08/2014,ITH,NY,AEA,EN,Federal Contract Tower,0,16,6,0,22,0,0,9,0,9,0,16,15,0,31,90,0,90,121
03/09/2014,ITH,NY,AEA,EN,Federal Contract Tower,0,21,13,0,34,0,1,7,0,8,0,22,20,0,42,58,0,58,100
03/10/2014,ITH,NY,AEA,EN,Federal Contract Tower,0,20,7,0,27,0,0,13,0,13,0,20,20,0,40,78,0,78,118
03/11/2014,ITH,NY,AEA,EN,Federal Contract Tower,0,20,18,0,38,0,0,22,0,22,0,20,40,0,60,118,0,118,178
03/12/2014,ITH,NY,AEA,EN,Federal Contract Tower,0,8,8,0,16,0,0,0,0,0,0,8,8,0,16,0,0,0,16
03/13/2014,ITH,NY,AEA,EN,Federal Contract Tower,0,9,10,0,19,0,0,0,2,2,0,9,10,2,21,0,0,0,21
03/14/2014,ITH,NY,AEA,EN,Federal Contract Tower,0,23,10,0,33,0,0,15,2,17,0,23,25,2,50,70,0,70,120
03/15/2014,ITH,NY,AEA,EN,Federal Contract Tower,0,16,3,0,19,0,0,6,0,6,0,16,9,0,25,74,0,74,99
03/16/2014,ITH,NY,AEA,EN,Federal Contract Tower,0,20,6,0,26,0,2,21,0,23,0,22,27,0,49,48,0,48,97
03/17/2014,ITH,NY,AEA,EN,Federal Contract Tower,0,16,17,0,33,0,2,22,0,24,0,18,39,0,57,56,2,58,115
03/18/2014,ITH,NY,AEA,EN,Federal Contract Tower,0,17,16,0,33,0,0,27,0,27,0,17,43,0,60,74,0,74,134
03/19/2014,ITH,NY,AEA,EN,Federal Contract Tower,0,23,2,0,25,0,0,2,0,2,0,23,4,0,27,34,0,34,61
03/20/2014,ITH,NY,AEA,EN,Federal Contract Tower,0,22,3,0,25,0,0,1,0,1,0,22,4,0,26,0,0,0,26
03/21/2014,ITH,NY,AEA,EN,Federal Contract Tower,0,21,6,0,27,0,0,24,0,24,0,21,30,0,51,122,0,122,173
03/22/2014,ITH,NY,AEA,EN,Federal Contract Tower,0,20,2,0,22,0,0,9,0,9,0,20,11,0,31,80,0,80,111
03/23/2014,ITH,NY,AEA,EN,Federal Contract Tower,0,22,9,0,31,0,0,3,0,3,0,22,12,0,34,0,0,0,34
03/24/2014,ITH,NY,AEA,EN,Federal Contract Tower,0,19,18,0,37,0,2,6,0,8,0,21,24,0,45,46,0,46,91
03/25/2014,ITH,NY,AEA,EN,Federal Contract Tower,0,17,16,0,33,0,0,28,0,28,0,17,44,0,61,110,0,110,171
03/26/2014,ITH,NY,AEA,EN,Federal Contract Tower,0,25,11,0,36,0,0,0,0,0,0,25,11,0,36,0,0,0,36
03/27/2014,ITH,NY,AEA,EN,Federal Contract Tower,0,25,8,0,33,0,0,0,0,0,0,25,8,0,33,80,0,80,113
03/28/2014,ITH,NY,AEA,EN,Federal Contract Tower,0,33,14,0,47,0,0,4,0,4,0,33,18,0,51,74,0,74,125
03/29/2014,ITH,NY,AEA,EN,Federal Contract Tower,0,19,8,0,27,0,0,0,0,0,0,19,8,0,27,78,0,78,105
03/30/2014,ITH,NY,AEA,EN,Federal Contract Tower,0,13,0,0,13,0,0,0,0,0,0,13,0,0,13,0,0,0,13
03/31/2014,ITH,NY,AEA,EN,Federal Contract Tower,0,19,2,0,21,0,0,18,0,18,0,19,20,0,39,86,0,86,125
04/01/2014,ITH,NY,AEA,EN,Federal Contract Tower,0,16,13,0,29,0,2,28,0,30,0,18,41,0,59,102,0,102,161
04/02/2014,ITH,NY,AEA,EN,Federal Contract Tower,0,19,7,0,26,0,0,17,0,17,0,19,24,0,43,66,0,66,109
04/03/2014,ITH,NY,AEA,EN,Federal Contract Tower,0,18,6,0,24,0,0,7,0,7,0,18,13,0,31,90,0,90,121
04/04/2014,ITH,NY,AEA,EN,Federal Contract Tower,0,21,4,0,25,0,0,0,0,0,0,21,4,0,25,0,0,0,25
04/05/2014,ITH,NY,AEA,EN,Federal Contract Tower,0,17,12,2,31,0,0,3,0,3,0,17,15,2,34,74,0,74,108
04/06/2014,ITH,NY,AEA,EN,Federal Contract Tower,0,23,6,0,29,0,0,30,0,30,0,23,36,0,59,86,0,86,145
04/07/2014,ITH,NY,AEA,EN,Federal Contract Tower,0,21,8,2,31,0,0,5,0,5,0,21,13,2,36,8,0,8,44
04/08/2014,ITH,NY,AEA,EN,Federal Contract Tower,0,19,4,0,23,0,0,2,0,2,0,19,6,0,25,22,0,22,47
04/09/2014,ITH,NY,AEA,EN,Federal Contract Tower,0,20,13,0,33,0,8,10,0,18,0,28,23,0,51,56,0,56,107
04/10/2014,ITH,NY,AEA,EN,Federal Contract Tower,0,20,14,0,34,0,0,1,0,1,0,20,15,0,35,76,0,76,111
04/11/2014,ITH,NY,AEA,EN,Federal Contract Tower,0,32,11,0,43,0,0,18,0,18,0,32,29,0,61,114,0,114,175
04/12/2014,ITH,NY,AEA,EN,Federal Contract Tower,0,17,9,0,26,0,0,41,0,41,0,17,50,0,67,106,0,106,173
04/13/2014,ITH,NY,AEA,EN,Federal Contract Tower,0,28,6,0,34,0,0,26,0,26,0,28,32,0,60,91,0,91,151
04/14/2014,ITH,NY,AEA,EN,Federal Contract Tower,0,21,12,0,33,0,0,21,0,21,0,21,33,0,54,46,0,46,100
04/15/2014,ITH,NY,AEA,EN,Federal Contract Tower,0,19,4,0,23,0,0,0,0,0,0,19,4,0,23,0,0,0,23
04/16/2014,ITH,NY,AEA,EN,Federal Contract Tower,0,23,10,0,33,0,0,21,0,21,0,23,31,0,54,66,0,66,120
04/17/2014,ITH,NY,AEA,EN,Federal Contract Tower,0,20,6,0,26,0,6,22,0,28,0,26,28,0,54,92,0,92,146
04/18/2014,ITH,NY,AEA,EN,Federal Contract Tower,0,26,16,0,42,0,0,34,0,34,0,26,50,0,76,100,0,100,176
04/19/2014,ITH,NY,AEA,EN,Federal Contract Tower,0,27,5,0,32,0,0,24,0,24,0,27,29,0,56,110,0,110,166
04/20/2014,ITH,NY,AEA,EN,Federal Contract Tower,0,17,14,0,31,0,0,46,0,46,0,17,60,0,77,166,0,166,243
04/21/2014,ITH,NY,AEA,EN,Federal Contract Tower,0,16,23,0,39,0,3,38,0,41,0,19,61,0,80,130,0,130,210
04/22/2014,ITH,NY,AEA,EN,Federal Contract Tower,0,21,9,0,30,0,0,15,0,15,0,21,24,0,45,42,0,42,87
04/23/2014,ITH,NY,AEA,EN,Federal Contract Tower,0,19,9,1,29,0,0,0,1,1,0,19,9,2,30,0,0,0,30
04/24/2014,ITH,NY,AEA,EN,Federal Contract Tower,0,17,6,0,23,0,0,28,0,28,0,17,34,0,51,52,0,52,103
04/25/2014,ITH,NY,AEA,EN,Federal Contract Tower,0,26,10,0,36,0,0,32,0,32,0,26,42,0,68,80,0,80,148
04/26/2014,ITH,NY,AEA,EN,Federal Contract Tower,0,17,6,0,23,0,0,18,0,18,0,17,24,0,41,104,0,104,145
04/27/2014,ITH,NY,AEA,EN,Federal Contract Tower,0,26,20,0,46,0,2,0,0,2,0,28,20,0,48,6,0,6,54
04/28/2014,ITH,NY,AEA,EN,Federal Contract Tower,0,20,7,0,27,0,4,35,0,39,0,24,42,0,66,94,0,94,160
04/29/2014,ITH,NY,AEA,EN,Federal Contract Tower,0,17,5,0,22,0,0,0,0,0,0,17,5,0,22,0,0,0,22
04/30/2014,ITH,NY,AEA,EN,Federal Contract Tower,0,20,5,0,25,0,0,0,0,0,0,20,5,0,25,0,0,0,25
05/01/2014,ITH,NY,AEA,EN,Federal Contract Tower,0,26,10,0,36,0,0,11,0,11,0,26,21,0,47,60,0,60,107
05/02/2014,ITH,NY,AEA,EN,Federal Contract Tower,0,21,5,0,26,0,0,21,0,21,0,21,26,0,47,80,0,80,127
05/03/2014,ITH,NY,AEA,EN,Federal Contract Tower,0,15,2,0,17,0,0,5,0,5,0,15,7,0,22,70,0,70,92
05/04/2014,ITH,NY,AEA,EN,Federal Contract Tower,0,12,5,0,17,0,0,23,0,23,0,12,28,0,40,36,0,36,76
05/05/2014,ITH,NY,AEA,EN,Federal Contract Tower,0,25,10,0,35,0,4,35,0,39,0,29,45,0,74,134,0,134,208
05/06/2014,ITH,NY,AEA,EN,Federal Contract Tower,0,23,7,0,30,0,1,40,0,41,0,24,47,0,71,118,0,118,189
05/07/2014,ITH,NY,AEA,EN,Federal Contract Tower,0,17,4,0,21,0,0,31,0,31,0,17,35,0,52,102,0,102,154
05/08/2014,ITH,NY,AEA,EN,Federal Contract Tower,0,22,7,0,29,0,2,23,0,25,0,24,30,0,54,60,0,60,114
05/09/2014,ITH,NY,AEA,EN,Federal Contract Tower,0,22,5,0,27,0,0,30,0,30,0,22,35,0,57,104,0,104,161
05/10/2014,ITH,NY,AEA,EN,Federal Contract Tower,0,16,2,0,18,0,0,18,0,18,0,16,20,0,36,94,0,94,130
05/11/2014,ITH,NY,AEA,EN,Federal Contract Tower,0,15,9,0,24,0,0,52,0,52,0,15,61,0,76,132,0,132,208
05/12/2014,ITH,NY,AEA,EN,Federal Contract Tower,0,17,12,0,29,0,0,53,0,53,0,17,65,0,82,138,0,138,220
05/13/2014,ITH,NY,AEA,EN,Federal Contract Tower,0,23,7,0,30,0,0,32,0,32,0,23,39,0,62,119,0,119,181
05/14/2014,ITH,NY,AEA,EN,Federal Contract Tower,0,23,12,0,35,0,0,22,0,22,0,23,34,0,57,120,0,120,177
05/15/2014,ITH,NY,AEA,EN,Federal Contract Tower,0,15,8,0,23,0,0,0,0,0,0,15,8,0,23,0,0,0,23
05/16/2014,ITH,NY,AEA,EN,Federal Contract Tower,0,22,3,0,25,0,0,0,0,0,0,22,3,0,25,0,0,0,25
05/17/2014,ITH,NY,AEA,EN,Federal Contract Tower,0,13,13,0,26,0,0,42,0,42,0,13,55,0,68,183,0,183,251
05/18/2014,ITH,NY,AEA,EN,Federal Contract Tower,0,24,8,0,32,0,0,14,0,14,0,24,22,0,46,42,0,42,88
05/19/2014,ITH,NY,AEA,EN,Federal Contract Tower,0,20,10,0,30,0,0,40,0,40,0,20,50,0,70,134,0,134,204
05/20/2014,ITH,NY,AEA,EN,Federal Contract Tower,0,18,17,0,35,0,0,41,2,43,0,18,58,2,78,206,0,206,284
05/21/2014,ITH,NY,AEA,EN,Federal Contract Tower,0,18,9,1,28,0,0,9,0,9,0,18,18,1,37,72,0,72,109
05/22/2014,ITH,NY,AEA,EN,Federal Contract Tower,0,27,14,0,41,0,0,8,0,8,0,27,22,0,49,54,0,54,103
05/23/2014,ITH,NY,AEA,EN,Federal Contract Tower,0,42,32,0,74,0,0,0,0,0,0,42,32,0,74,0,0,0,74
05/24/2014,ITH,NY,AEA,EN,Federal Contract Tower,0,32,13,0,45,0,0,23,0,23,0,32,36,0,68,76,0,76,144
05/25/2014,ITH,NY,AEA,EN,Federal Contract Tower,0,33,17,0,50,0,0,63,0,63,0,33,80,0,113,162,0,162,275
05/26/2014,ITH,NY,AEA,EN,Federal Contract Tower,0,20,18,0,38,0,0,42,0,42,0,20,60,0,80,114,0,114,194
05/27/2014,ITH,NY,AEA,EN,Federal Contract Tower,0,17,12,0,29,0,0,18,0,18,0,17,30,0,47,86,0,86,133
05/28/2014,ITH,NY,AEA,EN,Federal Contract Tower,0,15,8,0,23,0,0,0,0,0,0,15,8,0,23,0,0,0,23
05/29/2014,ITH,NY,AEA,EN,Federal Contract Tower,0,19,12,0,31,0,0,10,0,10,0,19,22,0,41,70,0,70,111
05/30/2014,ITH,NY,AEA,EN,Federal Contract Tower,0,19,8,0,27,0,0,15,0,15,0,19,23,0,42,80,0,80,122
05/31/2014,ITH,NY,AEA,EN,Federal Contract Tower,0,25,4,0,29,0,0,27,0,27,0,25,31,0,56,88,0,88,144
06/01/2014,ITH,NY,AEA,EN,Federal Contract Tower,0,16,6,0,22,0,0,43,0,43,0,16,49,0,65,96,0,96,161
06/02/2014,ITH,NY,AEA,EN,Federal Contract Tower,0,17,9,0,26,0,0,38,0,38,0,17,47,0,64,100,0,100,164
06/03/2014,ITH,NY,AEA,EN,Federal Contract Tower,0,16,5,0,21,0,0,29,0,29,0,16,34,0,50,96,0,96,146
06/04/2014,ITH,NY,AEA,EN,Federal Contract Tower,0,17,4,0,21,0,0,24,0,24,0,17,28,0,45,94,0,94,139
06/05/2014,ITH,NY,AEA,EN,Federal Contract Tower,0,20,13,0,33,0,0,12,2,14,0,20,25,2,47,58,0,58,105
06/06/2014,ITH,NY,AEA,EN,Federal Contract Tower,0,27,18,0,45,0,3,41,0,44,0,30,59,0,89,88,0,88,177
06/07/2014,ITH,NY,AEA,EN,Federal Contract Tower,0,18,6,0,24,0,0,31,0,31,0,18,37,0,55,108,0,108,163
06/08/2014,ITH,NY,AEA,EN,Federal Contract Tower,0,18,10,0,28,0,0,50,0,50,0,18,60,0,78,134,0,134,212
06/09/2014,ITH,NY,AEA,EN,Federal Contract Tower,2,16,9,0,27,0,0,0,0,0,2,16,9,0,27,0,0,0,27
06/10/2014,ITH,NY,AEA,EN,Federal Contract Tower,0,19,13,0,32,0,0,13,0,13,0,19,26,0,45,74,0,74,119
06/11/2014,ITH,NY,AEA,EN,Federal Contract Tower,0,11,17,0,28,0,0,0,0,0,0,11,17,0,28,0,0,0,28
06/12/2014,ITH,NY,AEA,EN,Federal Contract Tower,0,21,9,2,32,0,2,0,0,2,0,23,9,2,34,0,0,0,34
06/13/2014,ITH,NY,AEA,EN,Federal Contract Tower,0,17,13,0,30,0,0,15,0,15,0,17,28,0,45,84,0,84,129
06/14/2014,ITH,NY,AEA,EN,Federal Contract Tower,0,13,14,0,27,0,0,28,0,28,0,13,42,0,55,60,0,60,115
06/15/2014,ITH,NY,AEA,EN,Federal Contract Tower,0,14,15,0,29,0,0,61,0,61,0,14,76,0,90,222,0,222,312
06/16/2014,ITH,NY,AEA,EN,Federal Contract Tower,0,20,14,0,34,0,3,30,0,33,0,23,44,0,67,126,0,126,193
06/17/2014,ITH,NY,AEA,EN,Federal Contract Tower,0,20,9,0,29,0,2,26,0,28,0,22,35,0,57,88,0,88,145
06/18/2014,ITH,NY,AEA,EN,Federal Contract Tower,0,15,5,0,20,0,0,15,0,15,0,15,20,0,35,90,0,90,125
06/19/2014,ITH,NY,AEA,EN,Federal Contract Tower,0,16,0,1,17,0,0,19,0,19,0,16,19,1,36,72,0,72,108
06/20/2014,ITH,NY,AEA,EN,Federal Contract Tower,0,23,13,0,36,0,0,37,0,37,0,23,50,0,73,108,0,108,181
06/21/2014,ITH,NY,AEA,EN,Federal Contract Tower,0,22,4,0,26,0,0,38,0,38,0,22,42,0,64,76,0,76,140
06/22/2014,ITH,NY,AEA,EN,Federal Contract Tower,0,13,10,0,23,0,0,34,0,34,0,13,44,0,57,91,0,91,148
06/23/2014,ITH,NY,AEA,EN,Federal Contract Tower,0,18,8,0,26,0,0,25,0,25,0,18,33,0,51,106,0,106,157
06/24/2014,ITH,NY,AEA,EN,Federal Contract Tower,0,17,6,0,23,0,0,18,0,18,0,17,24,0,41,110,0,110,151
06/25/2014,ITH,NY,AEA,EN,Federal Contract Tower,0,16,13,0,29,0,0,1,0,1,0,16,14,0,30,30,0,30,60
06/26/2014,ITH,NY,AEA,EN,Federal Contract Tower,0,18,15,0,33,0,0,18,0,18,0,18,33,0,51,54,0,54,105
06/27/2014,ITH,NY,AEA,EN,Federal Contract Tower,0,22,13,0,35,0,0,30,0,30,0,22,43,0,65,102,0,102,167
06/28/2014,ITH,NY,AEA,EN,Federal Contract Tower,0,14,1,0,15,0,0,33,0,33,0,14,34,0,48,88,0,88,136
06/29/2014,ITH,NY,AEA,EN,Federal Contract Tower,0,15,18,0,33,0,0,39,0,39,0,15,57,0,72,130,0,130,202
06/30/2014,ITH,NY,AEA,EN,Federal Contract Tower,0,16,8,0,24,0,2,43,0,45,0,18,51,0,69,128,0,128,197
07/01/2014,ITH,NY,AEA,EN,Federal Contract Tower,0,16,4,0,20,0,0,30,0,30,0,16,34,0,50,84,0,84,134
07/02/2014,ITH,NY,AEA,EN,Federal Contract Tower,0,13,12,0,25,0,0,21,0,21,0,13,33,0,46,76,0,76,122
07/03/2014,ITH,NY,AEA,EN,Federal Contract Tower,0,18,12,0,30,0,0,15,0,15,0,18,27,0,45,82,0,82,127
07/04/2014,ITH,NY,AEA,EN,Federal Contract Tower,0,13,6,0,19,0,0,7,0,7,0,13,13,0,26,8,0,8,34
07/05/2014,ITH,NY,AEA,EN,Federal Contract Tower,0,12,6,0,18,0,0,30,0,30,0,12,36,0,48,86,0,86,134
07/06/2014,ITH,NY,AEA,EN,Federal Contract Tower,0,18,13,0,31,0,1,46,0,47,0,19,59,0,78,130,0,130,208
07/07/2014,ITH,NY,AEA,EN,Federal Contract Tower,0,21,8,0,29,0,0,15,0,15,0,21,23,0,44,36,0,36,80
07/08/2014,ITH,NY,AEA,EN,Federal Contract Tower,0,17,10,0,27,0,0,14,0,14,0,17,24,0,41,36,0,36,77
07/09/2014,ITH,NY,AEA,EN,Federal Contract Tower,0,16,16,0,32,0,0,28,0,28,0,16,44,0,60,82,0,82,142
07/10/2014,ITH,NY,AEA,EN,Federal Contract Tower,0,19,10,0,29,0,0,34,0,34,0,19,44,0,63,86,0,86,149
07/11/2014,ITH,NY,AEA,EN,Federal Contract Tower,0,21,8,0,29,0,0,30,0,30,0,21,38,0,59,152,0,152,211
07/12/2014,ITH,NY,AEA,EN,Federal Contract Tower,0,14,6,0,20,0,0,28,8,36,0,14,34,8,56,56,0,56,112
07/13/2014,ITH,NY,AEA,EN,Federal Contract Tower,0,21,3,0,24,0,0,0,0,0,0,21,3,0,24,8,0,8,32
07/14/2014,ITH,NY,AEA,EN,Federal Contract Tower,0,20,16,0,36,0,1,12,4,17,0,21,28,4,53,44,2,46,99
07/15/2014,ITH,NY,AEA,EN,Federal Contract Tower,0,18,5,1,24,0,0,5,1,6,0,18,10,2,30,6,0,6,36
07/16/2014,ITH,NY,AEA,EN,Federal Contract Tower,0,18,9,0,27,0,0,20,0,20,0,18,29,0,47,78,0,78,125
07/17/2014,ITH,NY,AEA,EN,Federal Contract Tower,0,23,10,0,33,0,2,17,0,19,0,25,27,0,52,108,0,108,160
07/18/2014,ITH,NY,AEA,EN,Federal Contract Tower,0,23,11,0,34,0,0,31,0,31,0,23,42,0,65,94,0,94,159
07/19/2014,ITH,NY,AEA,EN,Federal Contract Tower,0,16,5,0,21,0,0,41,0,41,0,16,46,0,62,132,0,132,194
07/20/2014,ITH,NY,AEA,EN,Federal Contract Tower,0,20,11,0,31,0,1,30,0,31,0,21,41,0,62,100,0,100,162
07/21/2014,ITH,NY,AEA,EN,Federal Contract Tower,0,22,11,0,33,0,0,30,0,30,0,22,41,0,63,98,0,98,161
07/22/2014,ITH,NY,AEA,EN,Federal Contract Tower,0,18,10,1,29,0,0,37,0,37,0,18,47,1,66,138,0,138,204
07/23/2014,ITH,NY,AEA,EN,Federal Contract Tower,0,14,9,0,23,0,0,13,0,13,0,14,22,0,36,62,0,62,98
07/24/2014,ITH,NY,AEA,EN,Federal Contract Tower,0,26,9,0,35,0,0,21,0,21,0,26,30,0,56,94,0,94,150
07/25/2014,ITH,NY,AEA,EN,Federal Contract Tower,0,22,10,0,32,0,0,37,0,37,0,22,47,0,69,142,0,142,211
07/26/2014,ITH,NY,AEA,EN,Federal Contract Tower,0,17,6,0,23,0,0,41,0,41,0,17,47,0,64,134,0,134,198
07/27/2014,ITH,NY,AEA,EN,Federal Contract Tower,0,13,8,0,21,0,0,20,0,20,0,13,28,0,41,126,0,126,167
07/28/2014,ITH,NY,AEA,EN,Federal Contract Tower,0,16,11,0,27,0,0,0,0,0,0,16,11,0,27,0,0,0,27
07/29/2014,ITH,NY,AEA,EN,Federal Contract Tower,0,19,17,0,36,0,0,6,0,6,0,19,23,0,42,12,0,12,54
07/30/2014,ITH,NY,AEA,EN,Federal Contract Tower,0,22,7,0,29,0,0,29,0,29,0,22,36,0,58,76,0,76,134
07/31/2014,ITH,NY,AEA,EN,Federal Contract Tower,0,20,14,0,34,0,0,18,0,18,0,20,32,0,52,0,0,0,52
08/01/2014,ITH,NY,AEA,EN,Federal Contract Tower,0,18,15,0,33,0,0,25,0,25,0,18,40,0,58,80,0,80,138
08/02/2014,ITH,NY,AEA,EN,Federal Contract Tower,0,18,7,0,25,0,0,28,0,28,0,18,35,0,53,120,0,120,173
08/03/2014,ITH,NY,AEA,EN,Federal Contract Tower,0,18,14,0,32,0,0,8,0,8,0,18,22,0,40,26,0,26,66
08/04/2014,ITH,NY,AEA,EN,Federal Contract Tower,0,24,11,0,35,0,1,9,0,10,0,25,20,0,45,70,0,70,115
08/05/2014,ITH,NY,AEA,EN,Federal Contract Tower,0,23,3,0,26,0,0,20,0,20,0,23,23,0,46,94,0,94,140
08/06/2014,ITH,NY,AEA,EN,Federal Contract Tower,0,17,4,1,22,0,0,24,1,25,0,17,28,2,47,52,0,52,99
08/07/2014,ITH,NY,AEA,EN,Federal Contract Tower,0,21,7,0,28,0,0,22,4,26,0,21,29,4,54,52,0,52,106
08/08/2014,ITH,NY,AEA,EN,Federal Contract Tower,0,22,9,0,31,0,2,29,0,31,0,24,38,0,62,126,0,126,188
08/09/2014,ITH,NY,AEA,EN,Federal Contract Tower,0,19,4,0,23,0,0,46,0,46,0,19,50,0,69,146,0,146,215
08/10/2014,ITH,NY,AEA,EN,Federal Contract Tower,0,21,33,0,54,0,0,96,0,96,0,21,129,0,150,128,0,128,278
08/11/2014,ITH,NY,AEA,EN,Federal Contract Tower,0,17,8,0,25,0,0,32,0,32,0,17,40,0,57,108,0,108,165
08/12/2014,ITH,NY,AEA,EN,Federal Contract Tower,0,21,3,0,24,0,0,1,0,1,0,21,4,0,25,0,0,0,25
08/13/2014,ITH,NY,AEA,EN,Federal Contract Tower,0,18,7,0,25,0,0,0,0,0,0,18,7,0,25,11,0,11,36
08/14/2014,ITH,NY,AEA,EN,Federal Contract Tower,0,24,10,0,34,0,0,9,0,9,0,24,19,0,43,18,0,18,61
08/15/2014,ITH,NY,AEA,EN,Federal Contract Tower,0,27,11,0,38,0,0,48,4,52,0,27,59,4,90,106,0,106,196
08/16/2014,ITH,NY,AEA,EN,Federal Contract Tower,0,23,11,0,34,0,2,37,1,40,0,25,48,1,74,124,0,124,198
08/17/2014,ITH,NY,AEA,EN,Federal Contract Tower,0,21,9,0,30,0,0,20,0,20,0,21,29,0,50,50,0,50,100
08/18/2014,ITH,NY,AEA,EN,Federal Contract Tower,0,21,13,0,34,0,2,35,0,37,0,23,48,0,71,72,0,72,143
08/19/2014,ITH,NY,AEA,EN,Federal Contract Tower,0,24,11,0,35,0,2,43,0,45,0,26,54,0,80,112,0,112,192
08/20/2014,ITH,NY,AEA,EN,Federal Contract Tower,0,22,13,0,35,0,0,3,0,3,0,22,16,0,38,0,0,0,38
08/21/2014,ITH,NY,AEA,EN,Federal Contract Tower,0,26,9,0,35,0,1,4,0,5,0,27,13,0,40,12,0,12,52
08/22/2014,ITH,NY,AEA,EN,Federal Contract Tower,0,26,30,1,57,0,0,19,0,19,0,26,49,1,76,0,0,0,76
08/23/2014,ITH,NY,AEA,EN,Federal Contract Tower,0,28,21,0,49,0,0,20,0,20,0,28,41,0,69,88,0,88,157
08/24/2014,ITH,NY,AEA,EN,Federal Contract Tower,0,21,17,0,38,0,1,65,0,66,0,22,82,0,104,144,0,144,248
08/25/2014,ITH,NY,AEA,EN,Federal Contract Tower,0,18,7,0,25,0,2,52,0,54,0,20,59,0,79,160,0,160,239
08/26/2014,ITH,NY,AEA,EN,Federal Contract Tower,0,22,6,1,29,0,0,46,0,46,0,22,52,1,75,114,0,114,189
08/27/2014,ITH,NY,AEA,EN,Federal Contract Tower,0,22,15,0,37,0,0,26,0,26,0,22,41,0,63,106,0,106,169
08/28/2014,ITH,NY,AEA,EN,Federal Contract Tower,0,31,11,0,42,0,0,14,0,14,0,31,25,0,56,50,0,50,106
08/29/2014,ITH,NY,AEA,EN,Federal Contract Tower,0,25,14,0,39,0,0,35,0,35,0,25,49,0,74,110,0,110,184
08/30/2014,ITH,NY,AEA,EN,Federal Contract Tower,0,17,7,0,24,0,0,41,0,41,0,17,48,0,65,82,0,82,147
08/31/2014,ITH,NY,AEA,EN,Federal Contract Tower,0,16,9,0,25,0,0,4,0,4,0,16,13,0,29,0,0,0,29
09/01/2014,ITH,NY,AEA,EN,Federal Contract Tower,0,20,14,0,34,0,0,20,0,20,0,20,34,0,54,50,0,50,104
09/02/2014,ITH,NY,AEA,EN,Federal Contract Tower,0,20,17,0,37,0,0,8,0,8,0,20,25,0,45,22,0,22,67
09/03/2014,ITH,NY,AEA,EN,Federal Contract Tower,0,22,5,0,27,0,2,20,0,22,0,24,25,0,49,60,0,60,109
09/04/2014,ITH,NY,AEA,EN,Federal Contract Tower,0,18,18,0,36,0,1,18,0,19,0,19,36,0,55,94,0,94,149
09/05/2014,ITH,NY,AEA,EN,Federal Contract Tower,0,15,9,0,24,0,0,31,2,33,0,15,40,2,57,50,0,50,107
09/06/2014,ITH,NY,AEA,EN,Federal Contract Tower,0,11,6,0,17,0,0,2,0,2,0,11,8,0,19,44,0,44,63
09/07/2014,ITH,NY,AEA,EN,Federal Contract Tower,0,14,7,0,21,0,0,31,0,31,0,14,38,0,52,98,0,98,150
09/08/2014,ITH,NY,AEA,EN,Federal Contract Tower,0,20,11,2,33,0,0,36,0,36,0,20,47,2,69,148,0,148,217
09/09/2014,ITH,NY,AEA,EN,Federal Contract Tower,0,23,7,0,30,0,2,25,0,27,0,25,32,0,57,82,0,82,139
09/10/2014,ITH,NY,AEA,EN,Federal Contract Tower,0,16,7,1,24,0,0,12,1,13,0,16,19,2,37,56,0,56,93
09/11/2014,ITH,NY,AEA,EN,Federal Contract Tower,0,16,8,0,24,0,0,0,0,0,0,16,8,0,24,0,0,0,24
09/12/2014,ITH,NY,AEA,EN,Federal Contract Tower,0,21,10,0,31,0,0,14,0,14,0,21,24,0,45,52,0,52,97
09/13/2014,ITH,NY,AEA,EN,Federal Contract Tower,0,16,7,0,23,0,0,3,0,3,0,16,10,0,26,2,0,2,28
09/14/2014,ITH,NY,AEA,EN,Federal Contract Tower,0,16,17,0,33,0,2,35,0,37,0,18,52,0,70,128,0,128,198
09/15/2014,ITH,NY,AEA,EN,Federal Contract Tower,0,22,8,0,30,0,5,27,0,32,0,27,35,0,62,98,0,98,160
09/16/2014,ITH,NY,AEA,EN,Federal Contract Tower,0,20,9,0,29,0,0,6,0,6,0,20,15,0,35,30,0,30,65
09/17/2014,ITH,NY,AEA,EN,Federal Contract Tower,0,18,5,0,23,0,1,26,0,27,0,19,31,0,50,56,0,56,106
09/18/2014,ITH,NY,AEA,EN,Federal Contract Tower,0,25,11,0,36,0,0,14,0,14,0,25,25,0,50,74,0,74,124
09/19/2014,ITH,NY,AEA,EN,Federal Contract Tower,0,27,14,0,41,0,2,39,0,41,0,29,53,0,82,114,0,114,196
09/20/2014,ITH,NY,AEA,EN,Federal Contract Tower,0,19,8,0,27,0,0,18,0,18,0,19,26,0,45,66,0,66,111
09/21/2014,ITH,NY,AEA,EN,Federal Contract Tower,0,20,8,0,28,0,0,37,0,37,0,20,45,0,65,114,0,114,179
09/22/2014,ITH,NY,AEA,EN,Federal Contract Tower,0,16,12,1,29,0,0,2,1,3,0,16,14,2,32,0,0,0,32
09/23/2014,ITH,NY,AEA,EN,Federal Contract Tower,0,21,5,0,26,0,4,33,0,37,0,25,38,0,63,84,0,84,147
09/24/2014,ITH,NY,AEA,EN,Federal Contract Tower,0,17,7,0,24,0,5,24,0,29,0,22,31,0,53,70,0,70,123
09/25/2014,ITH,NY,AEA,EN,Federal Contract Tower,0,19,13,0,32,0,0,32,0,32,0,19,45,0,64,36,0,36,100
09/26/2014,ITH,NY,AEA,EN,Federal Contract Tower,0,22,5,0,27,0,3,38,0,41,0,25,43,0,68,92,0,92,160
09/27/2014,ITH,NY,AEA,EN,Federal Contract Tower,0,18,10,0,28,0,2,37,0,39,0,20,47,0,67,130,0,130,197
09/28/2014,ITH,NY,AEA,EN,Federal Contract Tower,0,18,12,0,30,0,0,53,0,53,0,18,65,0,83,128,0,128,211
09/29/2014,ITH,NY,AEA,EN,Federal Contract Tower,0,24,8,0,32,0,0,32,0,32,0,24,40,0,64,98,0,98,162
09/30/2014,ITH,NY,AEA,EN,Federal Contract Tower,0,26,8,0,34,0,3,18,0,21,0,29,26,0,55,82,0,82,137
10/01/2014,ITH,NY,AEA,EN,Federal Contract Tower,0,19,12,0,31,0,0,7,0,7,0,19,19,0,38,10,0,10,48
10/02/2014,ITH,NY,AEA,EN,Federal Contract Tower,0,18,6,0,24,0,0,22,0,22,0,18,28,0,46,72,0,72,118
10/03/2014,ITH,NY,AEA,EN,Federal Contract Tower,0,26,17,0,43,0,0,27,0,27,0,26,44,0,70,50,0,50,120
10/04/2014,ITH,NY,AEA,EN,Federal Contract Tower,0,20,3,0,23,0,0,16,0,16,0,20,19,0,39,8,0,8,47
10/05/2014,ITH,NY,AEA,EN,Federal Contract Tower,0,16,14,0,30,0,0,43,0,43,0,16,57,0,73,54,0,54,127
10/06/2014,ITH,NY,AEA,EN,Federal Contract Tower,0,22,11,0,33,0,1,15,0,16,0,23,26,0,49,44,0,44,93
10/07/2014,ITH,NY,AEA,EN,Federal Contract Tower,0,23,10,0,33,0,0,18,0,18,0,23,28,0,51,19,0,19,70
10/08/2014,ITH,NY,AEA,EN,Federal Contract Tower,0,16,12,0,28,0,0,17,0,17,0,16,29,0,45,16,0,16,61
10/09/2014,ITH,NY,AEA,EN,Federal Contract Tower,0,17,18,0,35,0,0,21,0,21,0,17,39,0,56,76,0,76,132
10/10/2014,ITH,NY,AEA,EN,Federal Contract Tower,0,32,22,0,54,0,0,34,0,34,0,32,56,0,88,128,0,128,216
10/11/2014,ITH,NY,AEA,EN,Federal Contract Tower,0,17,12,0,29,0,10,42,0,52,0,27,54,0,81,96,0,96,177
10/12/2014,ITH,NY,AEA,EN,Federal Contract Tower,0,15,7,0,22,0,0,51,0,51,0,15,58,0,73,133,0,133,206
10/13/2014,ITH,NY,AEA,EN,Federal Contract Tower,0,20,19,0,39,0,0,13,0,13,0,20,32,0,52,46,0,46,98
10/14/2014,ITH,NY,AEA,EN,Federal Contract Tower,0,21,19,0,40,0,1,17,0,18,0,22,36,0,58,33,0,33,91
10/15/2014,ITH,NY,AEA,EN,Federal Contract Tower,0,26,12,0,38,0,0,0,0,0,0,26,12,0,38,16,0,16,54
10/16/2014,ITH,NY,AEA,EN,Federal Contract Tower,0,33,28,0,61,0,0,6,0,6,0,33,34,0,67,16,0,16,83
10/17/2014,ITH,NY,AEA,EN,Federal Contract Tower,0,34,11,0,45,0,0,23,0,23,0,34,34,0,68,40,0,40,108
10/18/2014,ITH,NY,AEA,EN,Federal Contract Tower,0,36,11,0,47,0,3,10,0,13,0,39,21,0,60,0,0,0,60
10/19/2014,ITH,NY,AEA,EN,Federal Contract Tower,0,22,5,0,27,0,0,19,0,19,0,22,24,0,46,0,0,0,46
10/20/2014,ITH,NY,AEA,EN,Federal Contract Tower,0,19,13,0,32,0,0,30,0,30,0,19,43,0,62,54,0,54,116
10/21/2014,ITH,NY,AEA,EN,Federal Contract Tower,0,16,13,0,29,0,0,5,0,5,0,16,18,0,34,18,0,18,52
10/22/2014,ITH,NY,AEA,EN,Federal Contract Tower,0,15,12,0,27,0,0,2,0,2,0,15,14,0,29,0,0,0,29
10/23/2014,ITH,NY,AEA,EN,Federal Contract Tower,0,17,6,0,23,0,0,0,0,0,0,17,6,0,23,0,0,0,23
10/24/2014,ITH,NY,AEA,EN,Federal Contract Tower,0,29,14,0,43,0,0,30,0,30,0,29,44,0,73,98,0,98,171
10/25/2014,ITH,NY,AEA,EN,Federal Contract Tower,0,17,13,0,30,0,0,37,0,37,0,17,50,0,67,100,0,100,167
10/26/2014,ITH,NY,AEA,EN,Federal Contract Tower,0,21,10,0,31,0,0,6,6,12,0,21,16,6,43,0,0,0,43
10/27/2014,ITH,NY,AEA,EN,Federal Contract Tower,0,18,15,0,33,0,0,44,0,44,0,18,59,0,77,128,0,128,205
10/28/2014,ITH,NY,AEA,EN,Federal Contract Tower,0,22,8,0,30,0,0,27,0,27,0,22,35,0,57,44,0,44,101
10/29/2014,ITH,NY,AEA,EN,Federal Contract Tower,0,21,12,0,33,0,1,13,0,14,0,22,25,0,47,52,0,52,99
10/30/2014,ITH,NY,AEA,EN,Federal Contract Tower,0,18,19,0,37,0,1,26,0,27,0,19,45,0,64,94,0,94,158
10/31/2014,ITH,NY,AEA,EN,Federal Contract Tower,0,30,11,0,41,0,0,20,0,20,0,30,31,0,61,126,0,126,187
11/01/2014,ITH,NY,AEA,EN,Federal Contract Tower,2,15,7,0,24,0,0,0,0,0,2,15,7,0,24,8,0,8,32
11/02/2014,ITH,NY,AEA,EN,Federal Contract Tower,0,16,12,0,28,0,0,17,0,17,0,16,29,0,45,22,0,22,67
11/03/2014,ITH,NY,AEA,EN,Federal Contract Tower,0,20,8,0,28,0,2,23,0,25,0,22,31,0,53,80,0,80,133
11/04/2014,ITH,NY,AEA,EN,Federal Contract Tower,0,25,9,0,34,0,7,36,0,43,0,32,45,0,77,84,0,84,161
11/05/2014,ITH,NY,AEA,EN,Federal Contract Tower,0,19,10,0,29,0,0,18,0,18,0,19,28,0,47,66,0,66,113
11/06/2014,ITH,NY,AEA,EN,Federal Contract Tower,0,23,11,0,34,0,0,2,0,2,0,23,13,0,36,68,0,68,104
11/07/2014,ITH,NY,AEA,EN,Federal Contract Tower,0,31,8,0,39,0,0,0,0,0,0,31,8,0,39,0,0,0,39
11/08/2014,ITH,NY,AEA,EN,Federal Contract Tower,0,24,13,0,37,0,6,28,0,34,0,30,41,0,71,86,0,86,157
11/09/2014,ITH,NY,AEA,EN,Federal Contract Tower,0,25,6,0,31,0,1,52,0,53,0,26,58,0,84,156,0,156,240
11/10/2014,ITH,NY,AEA,EN,Federal Contract Tower,0,19,7,0,26,0,0,27,0,27,0,19,34,0,53,106,0,106,159
11/11/2014,ITH,NY,AEA,EN,Federal Contract Tower,0,18,11,2,31,0,1,45,0,46,0,19,56,2,77,106,0,106,183
11/12/2014,ITH,NY,AEA,EN,Federal Contract Tower,0,20,13,0,33,0,2,18,0,20,0,22,31,0,53,94,0,94,147
11/13/2014,ITH,NY,AEA,EN,Federal Contract Tower,0,18,8,0,26,0,1,21,0,22,0,19,29,0,48,50,0,50,98
11/14/2014,ITH,NY,AEA,EN,Federal Contract Tower,0,26,8,0,34,0,1,25,0,26,0,27,33,0,60,56,0,56,116
11/15/2014,ITH,NY,AEA,EN,Federal Contract Tower,0,16,8,0,24,0,0,35,0,35,0,16,43,0,59,100,0,100,159
11/16/2014,ITH,NY,AEA,EN,Federal Contract Tower,0,15,4,0,19,0,0,16,0,16,0,15,20,0,35,0,0,0,35
11/17/2014,ITH,NY,AEA,EN,Federal Contract Tower,0,17,11,0,28,0,0,0,0,0,0,17,11,0,28,0,0,0,28
11/18/2014,ITH,NY,AEA,EN,Federal Contract Tower,0,20,8,0,28,0,0,4,0,4,0,20,12,0,32,14,0,14,46
11/19/2014,ITH,NY,AEA,EN,Federal Contract Tower,0,19,11,0,30,0,1,19,0,20,0,20,30,0,50,72,0,72,122
11/20/2014,ITH,NY,AEA,EN,Federal Contract Tower,0,21,13,0,34,0,0,15,0,15,0,21,28,0,49,10,0,10,59
11/21/2014,ITH,NY,AEA,EN,Federal Contract Tower,0,26,11,0,37,0,0,20,0,20,0,26,31,0,57,38,0,38,95
11/22/2014,ITH,NY,AEA,EN,Federal Contract Tower,0,17,15,0,32,0,2,32,0,34,0,19,47,0,66,82,0,82,148
11/23/2014,ITH,NY,AEA,EN,Federal Contract Tower,0,16,7,0,23,0,0,27,0,27,0,16,34,0,50,132,0,132,182
11/24/2014,ITH,NY,AEA,EN,Federal Contract Tower,0,20,9,0,29,0,0,2,0,2,0,20,11,0,31,0,0,0,31
11/25/2014,ITH,NY,AEA,EN,Federal Contract Tower,0,25,19,0,44,0,3,36,0,39,0,28,55,0,83,104,0,104,187
11/26/2014,ITH,NY,AEA,EN,Federal Contract Tower,0,23,9,0,32,0,0,0,0,0,0,23,9,0,32,0,0,0,32
11/27/2014,ITH,NY,AEA,EN,Federal Contract Tower,0,10,3,0,13,0,0,1,0,1,0,10,4,0,14,0,0,0,14
11/28/2014,ITH,NY,AEA,EN,Federal Contract Tower,0,9,6,0,15,0,0,23,0,23,0,9,29,0,38,62,0,62,100
11/29/2014,ITH,NY,AEA,EN,Federal Contract Tower,0,21,14,0,35,0,1,39,0,40,0,22,53,0,75,56,0,56,131
11/30/2014,ITH,NY,AEA,EN,Federal Contract Tower,0,33,27,0,60,0,0,22,0,22,0,33,49,0,82,54,0,54,136
12/01/2014,ITH,NY,AEA,EN,Federal Contract Tower,0,23,10,0,33,0,0,4,0,4,0,23,14,0,37,2,0,2,39
12/02/2014,ITH,NY,AEA,EN,Federal Contract Tower,0,16,5,0,21,0,0,15,0,15,0,16,20,0,36,50,0,50,86
12/03/2014,ITH,NY,AEA,EN,Federal Contract Tower,0,20,8,0,28,0,0,0,0,0,0,20,8,0,28,0,0,0,28
12/04/2014,ITH,NY,AEA,EN,Federal Contract Tower,0,26,13,0,39,0,2,32,0,34,0,28,45,0,73,100,0,100,173
12/05/2014,ITH,NY,AEA,EN,Federal Contract Tower,0,20,6,0,26,0,1,27,0,28,0,21,33,0,54,68,0,68,122
12/06/2014,ITH,NY,AEA,EN,Federal Contract Tower,0,13,4,0,17,0,0,0,0,0,0,13,4,0,17,0,0,0,17
12/07/2014,ITH,NY,AEA,EN,Federal Contract Tower,0,16,9,0,25,0,0,49,0,49,0,16,58,0,74,108,0,108,182
12/08/2014,ITH,NY,AEA,EN,Federal Contract Tower,0,17,8,0,25,0,0,14,0,14,0,17,22,0,39,42,0,42,81
12/09/2014,ITH,NY,AEA,EN,Federal Contract Tower,0,10,3,0,13,0,0,0,0,0,0,10,3,0,13,0,0,0,13
12/10/2014,ITH,NY,AEA,EN,Federal Contract Tower,0,16,2,0,18,0,0,0,0,0,0,16,2,0,18,0,0,0,18
12/11/2014,ITH,NY,AEA,EN,Federal Contract Tower,0,16,2,0,18,0,0,0,0,0,0,16,2,0,18,0,0,0,18
12/12/2014,ITH,NY,AEA,EN,Federal Contract Tower,0,21,9,0,30,0,0,2,0,2,0,21,11,0,32,0,0,0,32
12/13/2014,ITH,NY,AEA,EN,Federal Contract Tower,0,14,2,0,16,0,0,0,0,0,0,14,2,0,16,0,0,0,16
12/14/2014,ITH,NY,AEA,EN,Federal Contract Tower,0,14,3,0,17,0,0,0,0,0,0,14,3,0,17,0,0,0,17
12/15/2014,ITH,NY,AEA,EN,Federal Contract Tower,0,22,13,0,35,0,0,0,0,0,0,22,13,0,35,0,0,0,35
12/16/2014,ITH,NY,AEA,EN,Federal Contract Tower,0,16,5,0,21,0,0,0,0,0,0,16,5,0,21,1,0,1,22
12/17/2014,ITH,NY,AEA,EN,Federal Contract Tower,0,21,13,0,34,0,0,1,0,1,0,21,14,0,35,0,0,0,35
12/18/2014,ITH,NY,AEA,EN,Federal Contract Tower,0,17,4,0,21,0,0,0,0,0,0,17,4,0,21,0,0,0,21
12/19/2014,ITH,NY,AEA,EN,Federal Contract Tower,0,20,11,0,31,0,0,0,0,0,0,20,11,0,31,0,0,0,31
12/20/2014,ITH,NY,AEA,EN,Federal Contract Tower,0,13,1,0,14,0,0,5,0,5,0,13,6,0,19,4,0,4,23
12/21/2014,ITH,NY,AEA,EN,Federal Contract Tower,0,16,6,0,22,0,2,22,0,24,0,18,28,0,46,74,0,74,120
12/22/2014,ITH,NY,AEA,EN,Federal Contract Tower,0,21,4,0,25,0,0,10,0,10,0,21,14,0,35,28,0,28,63
12/23/2014,ITH,NY,AEA,EN,Federal Contract Tower,0,17,6,0,23,0,0,0,0,0,0,17,6,0,23,0,0,0,23
12/24/2014,ITH,NY,AEA,EN,Federal Contract Tower,0,16,4,0,20,0,0,0,0,0,0,16,4,0,20,0,0,0,20
12/25/2014,ITH,NY,AEA,EN,Federal Contract Tower,0,9,1,0,10,0,0,4,0,4,0,9,5,0,14,0,0,0,14
12/26/2014,ITH,NY,AEA,EN,Federal Contract Tower,0,17,9,0,26,0,1,29,0,30,0,18,38,0,56,96,0,96,152
12/27/2014,ITH,NY,AEA,EN,Federal Contract Tower,0,20,10,0,30,0,2,54,0,56,0,22,64,0,86,136,0,136,222
12/28/2014,ITH,NY,AEA,EN,Federal Contract Tower,0,17,5,0,22,0,0,0,0,0,0,17,5,0,22,0,0,0,22
12/29/2014,ITH,NY,AEA,EN,Federal Contract Tower,0,18,7,0,25,0,0,1,0,1,0,18,8,0,26,0,0,0,26
12/30/2014,ITH,NY,AEA,EN,Federal Contract Tower,0,18,0,0,18,0,0,14,0,14,0,18,14,0,32,62,0,62,94
12/31/2014,ITH,NY,AEA,EN,Federal Contract Tower,0,15,5,0,20,0,3,16,0,19,0,18,21,0,39,66,0,66,105
01/01/2015,ITH,NY,AEA,EN,Federal Contract Tower,0,11,2,0,13,0,0,17,0,17,0,11,19,0,30,20,0,20,50
01/02/2015,ITH,NY,AEA,EN,Federal Contract Tower,0,17,8,0,25,0,0,11,0,11,0,17,19,0,36,24,0,24,60
01/03/2015,ITH,NY,AEA,EN,Federal Contract Tower,0,15,5,0,20,0,0,5,0,5,0,15,10,0,25,0,0,0,25
01/04/2015,ITH,NY,AEA,EN,Federal Contract Tower,0,16,8,0,24,0,0,18,0,18,0,16,26,0,42,56,0,56,98
01/05/2015,ITH,NY,AEA,EN,Federal Contract Tower,0,20,4,0,24,0,0,0,0,0,0,20,4,0,24,0,0,0,24
01/06/2015,ITH,NY,AEA,EN,Federal Contract Tower,0,14,8,0,22,0,0,0,0,0,0,14,8,0,22,0,0,0,22
01/07/2015,ITH,NY,AEA,EN,Federal Contract Tower,0,17,7,0,24,0,0,0,0,0,0,17,7,0,24,0,0,0,24
01/08/2015,ITH,NY,AEA,EN,Federal Contract Tower,0,18,7,0,25,0,0,3,0,3,0,18,10,0,28,2,0,2,30
01/09/2015,ITH,NY,AEA,EN,Federal Contract Tower,0,15,13,0,28,0,0,0,0,0,0,15,13,0,28,0,0,0,28
01/10/2015,ITH,NY,AEA,EN,Federal Contract Tower,0,13,6,0,19,0,1,18,0,19,0,14,24,0,38,96,0,96,134
01/11/2015,ITH,NY,AEA,EN,Federal Contract Tower,0,13,6,0,19,0,0,17,0,17,0,13,23,0,36,14,0,14,50
01/12/2015,ITH,NY,AEA,EN,Federal Contract Tower,0,14,2,0,16,0,0,0,0,0,0,14,2,0,16,0,0,0,16
01/13/2015,ITH,NY,AEA,EN,Federal Contract Tower,0,19,5,0,24,0,0,37,0,37,0,19,42,0,61,82,0,82,143
01/14/2015,ITH,NY,AEA,EN,Federal Contract Tower,0,15,9,0,24,0,27,2,0,29,0,42,11,0,53,80,0,80,133
01/15/2015,ITH,NY,AEA,EN,Federal Contract Tower,0,19,12,0,31,0,0,28,0,28,0,19,40,0,59,94,0,94,153
01/16/2015,ITH,NY,AEA,EN,Federal Contract Tower,0,15,9,0,24,0,0,0,0,0,0,15,9,0,24,0,0,0,24
01/17/2015,ITH,NY,AEA,EN,Federal Contract Tower,0,16,8,0,24,0,0,40,0,40,0,16,48,0,64,82,0,82,146
01/18/2015,ITH,NY,AEA,EN,Federal Contract Tower,0,13,10,0,23,0,0,11,0,11,0,13,21,0,34,22,0,22,56
01/19/2015,ITH,NY,AEA,EN,Federal Contract Tower,0,15,7,0,22,0,0,10,0,10,0,15,17,0,32,50,0,50,82
01/20/2015,ITH,NY,AEA,EN,Federal Contract Tower,0,26,6,0,32,0,0,14,0,14,0,26,20,0,46,46,0,46,92
01/21/2015,ITH,NY,AEA,EN,Federal Contract Tower,0,16,10,0,26,0,0,24,0,24,0,16,34,0,50,86,0,86,136
01/22/2015,ITH,NY,AEA,EN,Federal Contract Tower,0,18,11,0,29,0,0,18,0,18,0,18,29,0,47,64,0,64,111
01/23/2015,ITH,NY,AEA,EN,Federal Contract Tower,0,17,7,0,24,0,0,31,0,31,0,17,38,0,55,84,0,84,139
01/24/2015,ITH,NY,AEA,EN,Federal Contract Tower,0,16,5,0,21,0,0,12,0,12,0,16,17,0,33,6,0,6,39
01/25/2015,ITH,NY,AEA,EN,Federal Contract Tower,0,14,20,0,34,0,0,3,0,3,0,14,23,0,37,8,0,8,45
01/26/2015,ITH,NY,AEA,EN,Federal Contract Tower,0,10,6,0,16,0,0,0,0,0,0,10,6,0,16,0,0,0,16
01/27/2015,ITH,NY,AEA,EN,Federal Contract Tower,0,4,3,0,7,0,0,1,0,1,0,4,4,0,8,0,0,0,8
01/28/2015,ITH,NY,AEA,EN,Federal Contract Tower,0,21,6,0,27,0,2,22,0,24,0,23,28,0,51,86,0,86,137
01/29/2015,ITH,NY,AEA,EN,Federal Contract Tower,0,19,6,0,25,0,0,16,0,16,0,19,22,0,41,50,0,50,91
01/30/2015,ITH,NY,AEA,EN,Federal Contract Tower,0,17,4,0,21,0,0,0,0,0,0,17,4,0,21,0,0,0,21
01/31/2015,ITH,NY,AEA,EN,Federal Contract Tower,0,22,1,0,23,0,0,4,0,4,0,22,5,0,27,0,0,0,27
02/01/2015,ITH,NY,AEA,EN,Federal Contract Tower,0,14,3,0,17,0,0,1,0,1,0,14,4,0,18,0,0,0,18
02/02/2015,ITH,NY,AEA,EN,Federal Contract Tower,0,3,2,0,5,0,0,0,0,0,0,3,2,0,5,0,0,0,5
02/03/2015,ITH,NY,AEA,EN,Federal Contract Tower,0,13,12,0,25,0,0,33,0,33,0,13,45,0,58,106,0,106,164
02/04/2015,ITH,NY,AEA,EN,Federal Contract Tower,0,16,9,0,25,0,0,2,0,2,0,16,11,0,27,0,0,0,27
02/05/2015,ITH,NY,AEA,EN,Federal Contract Tower,0,18,1,0,19,0,0,0,0,0,0,18,1,0,19,0,0,0,19
02/06/2015,ITH,NY,AEA,EN,Federal Contract Tower,0,21,5,0,26,0,0,16,0,16,0,21,21,0,42,58,0,58,100
02/07/2015,ITH,NY,AEA,EN,Federal Contract Tower,0,18,3,0,21,0,0,0,0,0,0,18,3,0,21,0,0,0,21
02/08/2015,ITH,NY,AEA,EN,Federal Contract Tower,0,16,4,0,20,0,0,2,0,2,0,16,6,0,22,0,0,0,22
02/09/2015,ITH,NY,AEA,EN,Federal Contract Tower,0,14,5,0,19,0,0,0,0,0,0,14,5,0,19,0,0,0,19
02/10/2015,ITH,NY,AEA,EN,Federal Contract Tower,0,18,8,0,26,0,0,0,0,0,0,18,8,0,26,0,0,0,26
02/11/2015,ITH,NY,AEA,EN,Federal Contract Tower,0,18,11,0,29,0,0,20,0,20,0,18,31,0,49,78,0,78,127
02/12/2015,ITH,NY,AEA,EN,Federal Contract Tower,0,17,7,0,24,0,0,0,0,0,0,17,7,0,24,0,0,0,24
02/13/2015,ITH,NY,AEA,EN,Federal Contract Tower,0,26,6,0,32,0,0,6,0,6,0,26,12,0,38,10,0,10,48
02/14/2015,ITH,NY,AEA,EN,Federal Contract Tower,0,13,1,0,14,0,0,0,0,0,0,13,1,0,14,0,0,0,14
02/15/2015,ITH,NY,AEA,EN,Federal Contract Tower,0,4,2,0,6,0,0,0,0,0,0,4,2,0,6,0,0,0,6
02/16/2015,ITH,NY,AEA,EN,Federal Contract Tower,0,13,9,0,22,0,0,7,0,7,0,13,16,0,29,8,0,8,37
02/17/2015,ITH,NY,AEA,EN,Federal Contract Tower,0,23,13,0,36,0,0,36,0,36,0,23,49,0,72,74,0,74,146
02/18/2015,ITH,NY,AEA,EN,Federal Contract Tower,0,25,1,0,26,0,0,12,0,12,0,25,13,0,38,36,0,36,74
02/19/2015,ITH,NY,AEA,EN,Federal Contract Tower,0,28,5,0,33,0,0,0,0,0,0,28,5,0,33,0,0,0,33
02/20/2015,ITH,NY,AEA,EN,Federal Contract Tower,0,23,3,0,26,0,0,28,0,28,0,23,31,0,54,80,0,80,134
02/21/2015,ITH,NY,AEA,EN,Federal Contract Tower,0,19,4,0,23,0,0,3,0,3,0,19,7,0,26,0,0,0,26
02/22/2015,ITH,NY,AEA,EN,Federal Contract Tower,0,17,13,0,30,0,0,12,0,12,0,17,25,0,42,0,0,0,42
02/23/2015,ITH,NY,AEA,EN,Federal Contract Tower,0,19,9,1,29,0,0,5,0,5,0,19,14,1,34,20,0,20,54
02/24/2015,ITH,NY,AEA,EN,Federal Contract Tower,0,13,4,0,17,0,0,24,0,24,0,13,28,0,41,60,0,60,101
02/25/2015,ITH,NY,AEA,EN,Federal Contract Tower,0,21,9,0,30,0,1,25,0,26,0,22,34,0,56,46,0,46,102
02/26/2015,ITH,NY,AEA,EN,Federal Contract Tower,0,26,10,0,36,0,5,14,0,19,0,31,24,0,55,46,0,46,101
02/27/2015,ITH,NY,AEA,EN,Federal Contract Tower,0,22,16,0,38,0,0,27,0,27,0,22,43,0,65,52,0,52,117
02/28/2015,ITH,NY,AEA,EN,Federal Contract Tower,0,23,13,0,36,0,3,39,0,42,0,26,52,0,78,128,0,128,206
03/01/2015,ITH,NY,AEA,EN,Federal Contract Tower,2,13,3,0,18,0,0,0,0,0,2,13,3,0,18,0,0,0,18
03/02/2015,ITH,NY,AEA,EN,Federal Contract Tower,0,17,6,0,23,0,0,5,0,5,0,17,11,0,28,0,0,0,28
03/03/2015,ITH,NY,AEA,EN,Federal Contract Tower,0,20,6,0,26,0,0,7,0,7,0,20,13,0,33,14,0,14,47
03/04/2015,ITH,NY,AEA,EN,Federal Contract Tower,0,16,9,0,25,0,0,18,0,18,0,16,27,0,43,48,0,48,91
03/05/2015,ITH,NY,AEA,EN,Federal Contract Tower,0,9,8,0,17,0,0,7,0,7,0,9,15,0,24,76,0,76,100
03/06/2015,ITH,NY,AEA,EN,Federal Contract Tower,0,16,9,0,25,0,0,36,0,36,0,16,45,0,61,108,0,108,169
03/07/2015,ITH,NY,AEA,EN,Federal Contract Tower,0,19,9,0,28,0,0,15,0,15,0,19,24,0,43,96,0,96,139
03/08/2015,ITH,NY,AEA,EN,Federal Contract Tower,0,19,2,0,21,0,0,31,0,31,0,19,33,0,52,96,0,96,148
03/09/2015,ITH,NY,AEA,EN,Federal Contract Tower,0,17,12,0,29,0,0,25,0,25,0,17,37,0,54,98,0,98,152
03/10/2015,ITH,NY,AEA,EN,Federal Contract Tower,0,13,10,0,23,0,0,34,0,34,0,13,44,0,57,112,0,112,169
03/11/2015,ITH,NY,AEA,EN,Federal Contract Tower,0,20,6,0,26,0,0,24,0,24,0,20,30,0,50,64,0,64,114
03/12/2015,ITH,NY,AEA,EN,Federal Contract Tower,0,24,4,0,28,0,2,24,0,26,0,26,28,0,54,76,0,76,130
03/13/2015,ITH,NY,AEA,EN,Federal Contract Tower,0,26,11,0,37,0,0,33,0,33,0,26,44,0,70,96,0,96,166
03/14/2015,ITH,NY,AEA,EN,Federal Contract Tower,0,16,3,0,19,0,0,0,0,0,0,16,3,0,19,0,0,0,19
03/15/2015,ITH,NY,AEA,EN,Federal Contract Tower,0,21,5,0,26,0,0,0,0,0,0,21,5,0,26,0,0,0,26
03/16/2015,ITH,NY,AEA,EN,Federal Contract Tower,0,20,15,0,35,0,0,36,0,36,0,20,51,0,71,94,0,94,165
03/17/2015,ITH,NY,AEA,EN,Federal Contract Tower,0,14,4,0,18,0,0,0,0,0,0,14,4,0,18,0,0,0,18
03/18/2015,ITH,NY,AEA,EN,Federal Contract Tower,0,22,5,0,27,0,0,1,0,1,0,22,6,0,28,0,0,0,28
03/19/2015,ITH,NY,AEA,EN,Federal Contract Tower,0,24,14,0,38,0,0,24,0,24,0,24,38,0,62,108,0,108,170
03/20/2015,ITH,NY,AEA,EN,Federal Contract Tower,0,21,7,0,28,0,0,3,0,3,0,21,10,0,31,24,0,24,55
03/21/2015,ITH,NY,AEA,EN,Federal Contract Tower,0,18,5,0,23,0,0,0,0,0,0,18,5,0,23,0,0,0,23
03/22/2015,ITH,NY,AEA,EN,Federal Contract Tower,0,23,6,0,29,0,0,0,0,0,0,23,6,0,29,8,0,8,37
03/23/2015,ITH,NY,AEA,EN,Federal Contract Tower,0,22,7,0,29,0,0,9,0,9,0,22,16,0,38,10,0,10,48
03/24/2015,ITH,NY,AEA,EN,Federal Contract Tower,0,18,13,0,31,0,0,28,0,28,0,18,41,0,59,98,0,98,157
03/25/2015,ITH,NY,AEA,EN,Federal Contract Tower,0,24,2,0,26,0,1,2,0,3,0,25,4,0,29,8,0,8,37
03/26/2015,ITH,NY,AEA,EN,Federal Contract Tower,0,12,7,0,19,0,0,1,0,1,0,12,8,0,20,12,0,12,32
03/27/2015,ITH,NY,AEA,EN,Federal Contract Tower,0,28,16,0,44,0,0,0,0,0,0,28,16,0,44,0,0,0,44
03/28/2015,ITH,NY,AEA,EN,Federal Contract Tower,0,20,7,0,27,0,0,17,0,17,0,20,24,0,44,44,0,44,88
03/29/2015,ITH,NY,AEA,EN,Federal Contract Tower,0,12,7,0,19,0,0,41,0,41,0,12,48,0,60,132,0,132,192
03/30/2015,ITH,NY,AEA,EN,Federal Contract Tower,0,15,2,0,17,0,0,0,0,0,0,15,2,0,17,0,0,0,17
03/31/2015,ITH,NY,AEA,EN,Federal Contract Tower,0,18,10,0,28,0,0,18,0,18,0,18,28,0,46,52,0,52,98
04/01/2015,ITH,NY,AEA,EN,Federal Contract Tower,0,17,12,0,29,0,0,33,0,33,0,17,45,0,62,114,0,114,176
04/02/2015,ITH,NY,AEA,EN,Federal Contract Tower,0,15,3,0,18,0,0,9,0,9,0,15,12,0,27,36,0,36,63
04/03/2015,ITH,NY,AEA,EN,Federal Contract Tower,0,15,20,0,35,0,0,34,0,34,0,15,54,0,69,100,0,100,169
04/04/2015,ITH,NY,AEA,EN,Federal Contract Tower,0,14,4,0,18,0,0,0,0,0,0,14,4,0,18,0,0,0,18
04/05/2015,ITH,NY,AEA,EN,Federal Contract Tower,0,13,8,0,21,0,0,2,0,2,0,13,10,0,23,0,0,0,23
04/06/2015,ITH,NY,AEA,EN,Federal Contract Tower,0,19,15,0,34,0,0,29,0,29,0,19,44,0,63,136,0,136,199
04/07/2015,ITH,NY,AEA,EN,Federal Contract Tower,0,16,14,0,30,0,0,1,0,1,0,16,15,0,31,0,0,0,31
04/08/2015,ITH,NY,AEA,EN,Federal Contract Tower,0,15,7,0,22,0,0,0,0,0,0,15,7,0,22,0,0,0,22
04/09/2015,ITH,NY,AEA,EN,Federal Contract Tower,0,19,1,0,20,0,0,0,0,0,0,19,1,0,20,0,0,0,20
04/12/2015,ITH,NY,AEA,EN,Federal Contract Tower,0,13,8,0,21,0,9,73,0,82,0,22,81,0,103,198,0,198,301
04/13/2015,ITH,NY,AEA,EN,Federal Contract Tower,0,16,16,0,32,0,0,35,0,35,0,16,51,0,67,54,0,54,121
04/14/2015,ITH,NY,AEA,EN,Federal Contract Tower,0,15,17,0,32,0,0,21,0,21,0,15,38,0,53,64,0,64,117
04/15/2015,ITH,NY,AEA,EN,Federal Contract Tower,0,14,6,0,20,0,1,35,0,36,0,15,41,0,56,86,0,86,142
04/16/2015,ITH,NY,AEA,EN,Federal Contract Tower,0,17,14,0,31,0,0,34,0,34,0,17,48,0,65,38,0,38,103
04/17/2015,ITH,NY,AEA,EN,Federal Contract Tower,0,22,19,0,41,0,0,15,0,15,0,22,34,0,56,20,0,20,76
04/18/2015,ITH,NY,AEA,EN,Federal Contract Tower,0,17,10,0,27,0,6,38,0,44,0,23,48,0,71,106,0,106,177
04/19/2015,ITH,NY,AEA,EN,Federal Contract Tower,0,13,10,0,23,0,4,43,0,47,0,17,53,0,70,134,0,134,204
04/20/2015,ITH,NY,AEA,EN,Federal Contract Tower,0,22,9,0,31,0,0,0,0,0,0,22,9,0,31,0,0,0,31
04/21/2015,ITH,NY,AEA,EN,Federal Contract Tower,0,16,19,0,35,0,0,31,0,31,0,16,50,0,66,106,0,106,172
04/22/2015,ITH,NY,AEA,EN,Federal Contract Tower,0,17,4,0,21,0,0,2,0,2,0,17,6,0,23,16,0,16,39
04/23/2015,ITH,NY,AEA,EN,Federal Contract Tower,0,22,7,0,29,0,0,9,8,17,0,22,16,8,46,0,0,0,46
04/24/2015,ITH,NY,AEA,EN,Federal Contract Tower,0,30,12,2,44,0,0,10,0,10,0,30,22,2,54,16,0,16,70
04/25/2015,ITH,NY,AEA,EN,Federal Contract Tower,2,20,13,0,35,0,0,49,0,49,2,20,62,0,84,136,0,136,220
04/26/2015,ITH,NY,AEA,EN,Federal Contract Tower,0,20,19,0,39,0,0,39,0,39,0,20,58,0,78,92,0,92,170
04/27/2015,ITH,NY,AEA,EN,Federal Contract Tower,0,28,15,0,43,0,0,4,0,4,0,28,19,0,47,0,0,0,47
04/29/2015,ITH,NY,AEA,EN,Federal Contract Tower,0,15,12,0,27,0,1,45,0,46,0,16,57,0,73,72,0,72,145
04/30/2015,ITH,NY,AEA,EN,Federal Contract Tower,0,17,7,0,24,0,0,36,0,36,0,17,43,0,60,102,0,102,162
05/01/2015,ITH,NY,AEA,EN,Federal Contract Tower,0,17,13,0,30,0,0,44,0,44,0,17,57,0,74,164,0,164,238
05/02/2015,ITH,NY,AEA,EN,Federal Contract Tower,0,17,4,0,21,0,0,52,13,65,0,17,56,13,86,192,0,192,278
05/03/2015,ITH,NY,AEA,EN,Federal Contract Tower,0,16,13,0,29,0,2,60,0,62,0,18,73,0,91,210,0,210,301
05/04/2015,ITH,NY,AEA,EN,Federal Contract Tower,0,21,11,0,32,0,1,32,0,33,0,22,43,0,65,102,0,102,167
05/05/2015,ITH,NY,AEA,EN,Federal Contract Tower,0,17,11,0,28,0,0,15,0,15,0,17,26,0,43,66,0,66,109
05/06/2015,ITH,NY,AEA,EN,Federal Contract Tower,0,19,11,0,30,0,0,32,0,32,0,19,43,0,62,84,0,84,146
05/07/2015,ITH,NY,AEA,EN,Federal Contract Tower,0,24,6,0,30,0,3,32,0,35,0,27,38,0,65,100,0,100,165
05/08/2015,ITH,NY,AEA,EN,Federal Contract Tower,0,22,11,0,33,0,0,40,0,40,0,22,51,0,73,168,0,168,241
05/09/2015,ITH,NY,AEA,EN,Federal Contract Tower,0,16,3,0,19,0,0,32,0,32,0,16,35,0,51,106,0,106,157
05/10/2015,ITH,NY,AEA,EN,Federal Contract Tower,0,16,4,0,20,0,0,24,0,24,0,16,28,0,44,78,0,78,122
05/11/2015,ITH,NY,AEA,EN,Federal Contract Tower,0,20,8,0,28,0,0,23,0,23,0,20,31,0,51,80,0,80,131
05/12/2015,ITH,NY,AEA,EN,Federal Contract Tower,0,17,8,0,25,0,3,3,0,6,0,20,11,0,31,22,0,22,53
05/13/2015,ITH,NY,AEA,EN,Federal Contract Tower,0,17,9,1,27,0,0,6,1,7,0,17,15,2,34,0,0,0,34
05/14/2015,ITH,NY,AEA,EN,Federal Contract Tower,0,19,19,0,38,0,0,28,0,28,0,19,47,0,66,142,0,142,208
05/15/2015,ITH,NY,AEA,EN,Federal Contract Tower,0,25,14,0,39,0,0,24,0,24,0,25,38,0,63,84,0,84,147
05/16/2015,ITH,NY,AEA,EN,Federal Contract Tower,0,15,14,0,29,0,0,22,0,22,0,15,36,0,51,88,0,88,139
05/17/2015,ITH,NY,AEA,EN,Federal Contract Tower,0,21,9,0,30,0,3,29,0,32,0,24,38,0,62,124,0,124,186
05/18/2015,ITH,NY,AEA,EN,Federal Contract Tower,0,15,18,0,33,0,2,17,0,19,0,17,35,0,52,76,0,76,128
05/19/2015,ITH,NY,AEA,EN,Federal Contract Tower,0,21,18,0,39,0,0,30,0,30,0,21,48,0,69,126,0,126,195
05/20/2015,ITH,NY,AEA,EN,Federal Contract Tower,0,16,6,0,22,0,0,15,0,15,0,16,21,0,37,32,0,32,69
05/21/2015,ITH,NY,AEA,EN,Federal Contract Tower,0,29,11,0,40,0,0,31,0,31,0,29,42,0,71,130,0,130,201
05/22/2015,ITH,NY,AEA,EN,Federal Contract Tower,0,33,29,0,62,0,1,33,0,34,0,34,62,0,96,106,0,106,202
05/23/2015,ITH,NY,AEA,EN,Federal Contract Tower,0,30,9,0,39,0,2,42,0,44,0,32,51,0,83,164,0,164,247
05/24/2015,ITH,NY,AEA,EN,Federal Contract Tower,0,35,22,0,57,0,0,61,0,61,0,35,83,0,118,116,0,116,234
05/25/2015,ITH,NY,AEA,EN,Federal Contract Tower,0,28,19,0,47,0,0,38,0,38,0,28,57,0,85,98,0,98,183
05/26/2015,ITH,NY,AEA,EN,Federal Contract Tower,0,15,18,0,33,0,1,25,0,26,0,16,43,0,59,40,0,40,99
05/27/2015,ITH,NY,AEA,EN,Federal Contract Tower,0,13,2,0,15,0,0,21,0,21,0,13,23,0,36,46,0,46,82
05/28/2015,ITH,NY,AEA,EN,Federal Contract Tower,0,21,15,0,36,0,0,13,0,13,0,21,28,0,49,26,0,26,75
05/29/2015,ITH,NY,AEA,EN,Federal Contract Tower,0,24,17,0,41,0,0,38,0,38,0,24,55,0,79,152,0,152,231
05/30/2015,ITH,NY,AEA,EN,Federal Contract Tower,0,17,11,0,28,0,0,27,0,27,0,17,38,0,55,58,0,58,113
05/31/2015,ITH,NY,AEA,EN,Federal Contract Tower,0,9,7,0,16,0,0,0,0,0,0,9,7,0,16,0,0,0,16
06/01/2015,ITH,NY,AEA,EN,Federal Contract Tower,0,4,3,0,7,0,0,0,0,0,0,4,3,0,7,0,0,0,7
06/02/2015,ITH,NY,AEA,EN,Federal Contract Tower,0,10,6,1,17,0,0,0,2,2,0,10,6,3,19,16,0,16,35
06/03/2015,ITH,NY,AEA,EN,Federal Contract Tower,0,13,12,0,25,0,2,43,0,45,0,15,55,0,70,120,0,120,190
06/04/2015,ITH,NY,AEA,EN,Federal Contract Tower,0,21,22,1,44,0,1,56,0,57,0,22,78,1,101,4,0,4,105
06/05/2015,ITH,NY,AEA,EN,Federal Contract Tower,0,23,8,0,31,0,0,27,0,27,0,23,35,0,58,102,0,102,160
06/06/2015,ITH,NY,AEA,EN,Federal Contract Tower,0,15,8,0,23,0,2,31,0,33,0,17,39,0,56,98,0,98,154
06/07/2015,ITH,NY,AEA,EN,Federal Contract Tower,0,19,12,0,31,0,4,28,0,32,0,23,40,0,63,80,0,80,143
06/08/2015,ITH,NY,AEA,EN,Federal Contract Tower,0,13,15,0,28,0,0,0,0,0,0,13,15,0,28,0,0,0,28
06/09/2015,ITH,NY,AEA,EN,Federal Contract Tower,2,17,11,0,30,0,0,2,0,2,2,17,13,0,32,16,0,16,48
06/10/2015,ITH,NY,AEA,EN,Federal Contract Tower,0,22,15,0,37,0,0,26,0,26,0,22,41,0,63,84,0,84,147
06/11/2015,ITH,NY,AEA,EN,Federal Contract Tower,0,15,13,0,28,0,1,47,0,48,0,16,60,0,76,56,0,56,132
06/12/2015,ITH,NY,AEA,EN,Federal Contract Tower,0,20,4,0,24,0,0,23,0,23,0,20,27,0,47,56,0,56,103
06/13/2015,ITH,NY,AEA,EN,Federal Contract Tower,0,15,2,0,17,0,0,30,0,30,0,15,32,0,47,100,0,100,147
06/14/2015,ITH,NY,AEA,EN,Federal Contract Tower,0,12,7,0,19,0,0,31,0,31,0,12,38,0,50,66,0,66,116
06/15/2015,ITH,NY,AEA,EN,Federal Contract Tower,0,17,10,0,27,0,0,7,0,7,0,17,17,0,34,44,0,44,78
06/16/2015,ITH,NY,AEA,EN,Federal Contract Tower,0,14,10,0,24,0,0,5,0,5,0,14,15,0,29,12,0,12,41
06/17/2015,ITH,NY,AEA,EN,Federal Contract Tower,0,19,19,0,38,0,0,46,0,46,0,19,65,0,84,104,0,104,188
06/18/2015,ITH,NY,AEA,EN,Federal Contract Tower,0,16,10,0,26,0,0,10,0,10,0,16,20,0,36,0,0,0,36
06/19/2015,ITH,NY,AEA,EN,Federal Contract Tower,0,19,11,0,30,0,0,18,0,18,0,19,29,0,48,16,0,16,64
06/20/2015,ITH,NY,AEA,EN,Federal Contract Tower,0,22,14,0,36,0,0,34,0,34,0,22,48,0,70,60,0,60,130
06/21/2015,ITH,NY,AEA,EN,Federal Contract Tower,0,13,12,0,25,0,0,31,0,31,0,13,43,0,56,134,0,134,190
06/22/2015,ITH,NY,AEA,EN,Federal Contract Tower,0,17,14,0,31,0,4,38,0,42,0,21,52,0,73,128,0,128,201
06/23/2015,ITH,NY,AEA,EN,Federal Contract Tower,0,13,5,0,18,0,0,9,0,9,0,13,14,0,27,42,0,42,69
06/24/2015,ITH,NY,AEA,EN,Federal Contract Tower,0,15,20,0,35,0,0,34,2,36,0,15,54,2,71,78,0,78,149
06/25/2015,ITH,NY,AEA,EN,Federal Contract Tower,0,20,8,1,29,0,0,27,0,27,0,20,35,1,56,48,0,48,104
06/26/2015,ITH,NY,AEA,EN,Federal Contract Tower,0,19,15,0,34,0,2,28,0,30,0,21,43,0,64,86,0,86,150
06/27/2015,ITH,NY,AEA,EN,Federal Contract Tower,0,17,8,0,25,0,0,4,0,4,0,17,12,0,29,8,0,8,37
06/28/2015,ITH,NY,AEA,EN,Federal Contract Tower,0,13,13,0,26,0,0,0,0,0,0,13,13,0,26,0,0,0,26
06/29/2015,ITH,NY,AEA,EN,Federal Contract Tower,0,19,18,0,37,0,0,15,0,15,0,19,33,0,52,96,0,96,148
06/30/2015,ITH,NY,AEA,EN,Federal Contract Tower,0,16,11,0,27,0,0,0,0,0,0,16,11,0,27,2,0,2,29
07/01/2015,ITH,NY,AEA,EN,Federal Contract Tower,0,26,9,0,35,0,0,10,0,10,0,26,19,0,45,0,0,0,45
07/02/2015,ITH,NY,AEA,EN,Federal Contract Tower,0,17,10,0,27,0,2,20,0,22,0,19,30,0,49,94,0,94,143
07/03/2015,ITH,NY,AEA,EN,Federal Contract Tower,0,16,13,0,29,0,2,51,0,53,0,18,64,0,82,138,0,138,220
07/04/2015,ITH,NY,AEA,EN,Federal Contract Tower,0,12,6,0,18,0,0,3,0,3,0,12,9,0,21,10,0,10,31
07/05/2015,ITH,NY,AEA,EN,Federal Contract Tower,0,17,15,0,32,0,0,46,0,46,0,17,61,0,78,200,0,200,278
07/06/2015,ITH,NY,AEA,EN,Federal Contract Tower,0,17,22,0,39,0,0,33,0,33,0,17,55,0,72,112,0,112,184
07/07/2015,ITH,NY,AEA,EN,Federal Contract Tower,0,17,15,0,32,0,0,27,0,27,0,17,42,0,59,118,0,118,177
07/08/2015,ITH,NY,AEA,EN,Federal Contract Tower,0,17,15,0,32,0,0,12,0,12,0,17,27,0,44,44,0,44,88
07/09/2015,ITH,NY,AEA,EN,Federal Contract Tower,0,14,13,0,27,0,0,12,0,12,0,14,25,0,39,60,0,60,99
07/10/2015,ITH,NY,AEA,EN,Federal Contract Tower,0,24,21,0,45,0,2,46,0,48,0,26,67,0,93,107,0,107,200
07/11/2015,ITH,NY,AEA,EN,Federal Contract Tower,0,16,11,0,27,0,1,59,0,60,0,17,70,0,87,160,0,160,247
07/12/2015,ITH,NY,AEA,EN,Federal Contract Tower,0,16,10,0,26,0,0,28,0,28,0,16,38,0,54,42,0,42,96
07/13/2015,ITH,NY,AEA,EN,Federal Contract Tower,0,16,11,0,27,0,4,78,0,82,0,20,89,0,109,122,0,122,231
07/14/2015,ITH,NY,AEA,EN,Federal Contract Tower,0,15,4,0,19,0,0,5,0,5,0,15,9,0,24,8,0,8,32
07/15/2015,ITH,NY,AEA,EN,Federal Contract Tower,0,17,6,0,23,0,0,4,0,4,0,17,10,0,27,2,0,2,29
07/16/2015,ITH,NY,AEA,EN,Federal Contract Tower,0,14,12,0,26,0,6,73,0,79,0,20,85,0,105,166,0,166,271
07/17/2015,ITH,NY,AEA,EN,Federal Contract Tower,0,25,16,0,41,0,0,34,0,34,0,25,50,0,75,82,0,82,157
07/18/2015,ITH,NY,AEA,EN,Federal Contract Tower,0,17,10,0,27,0,1,21,0,22,0,18,31,0,49,24,0,24,73
07/19/2015,ITH,NY,AEA,EN,Federal Contract Tower,0,17,10,0,27,0,0,34,0,34,0,17,44,0,61,70,0,70,131
07/20/2015,ITH,NY,AEA,EN,Federal Contract Tower,0,17,10,0,27,0,0,37,0,37,0,17,47,0,64,108,0,108,172
07/21/2015,ITH,NY,AEA,EN,Federal Contract Tower,0,14,3,0,17,0,1,13,0,14,0,15,16,0,31,52,0,52,83
07/22/2015,ITH,NY,AEA,EN,Federal Contract Tower,0,19,8,0,27,0,0,34,0,34,0,19,42,0,61,42,0,42,103
07/23/2015,ITH,NY,AEA,EN,Federal Contract Tower,0,17,3,0,20,0,0,31,0,31,0,17,34,0,51,52,0,52,103
07/24/2015,ITH,NY,AEA,EN,Federal Contract Tower,0,20,11,2,33,0,4,62,0,66,0,24,73,2,99,116,0,116,215
07/25/2015,ITH,NY,AEA,EN,Federal Contract Tower,0,10,8,0,18,0,0,36,0,36,0,10,44,0,54,38,0,38,92
07/26/2015,ITH,NY,AEA,EN,Federal Contract Tower,0,20,9,0,29,0,0,35,0,35,0,20,44,0,64,92,0,92,156
07/27/2015,ITH,NY,AEA,EN,Federal Contract Tower,0,17,12,0,29,0,0,40,12,52,0,17,52,12,81,136,0,136,217
07/28/2015,ITH,NY,AEA,EN,Federal Contract Tower,0,19,9,0,28,0,0,29,0,29,0,19,38,0,57,76,0,76,133
07/29/2015,ITH,NY,AEA,EN,Federal Contract Tower,0,19,11,0,30,0,0,45,0,45,0,19,56,0,75,86,0,86,161
07/30/2015,ITH,NY,AEA,EN,Federal Contract Tower,0,17,11,0,28,0,0,27,0,27,0,17,38,0,55,54,0,54,109
07/31/2015,ITH,NY,AEA,EN,Federal Contract Tower,0,23,9,0,32,0,3,52,0,55,0,26,61,0,87,122,0,122,209
08/01/2015,ITH,NY,AEA,EN,Federal Contract Tower,0,20,14,0,34,0,0,40,0,40,0,20,54,0,74,70,0,70,144
08/02/2015,ITH,NY,AEA,EN,Federal Contract Tower,0,20,10,0,30,0,0,45,0,45,0,20,55,0,75,126,0,126,201
08/03/2015,ITH,NY,AEA,EN,Federal Contract Tower,0,18,16,0,34,0,0,27,0,27,0,18,43,0,61,60,0,60,121
08/04/2015,ITH,NY,AEA,EN,Federal Contract Tower,0,20,6,2,28,0,0,35,0,35,0,20,41,2,63,96,0,96,159
08/05/2015,ITH,NY,AEA,EN,Federal Contract Tower,0,22,7,0,29,0,0,17,2,19,0,22,24,2,48,58,0,58,106
08/06/2015,ITH,NY,AEA,EN,Federal Contract Tower,0,25,11,0,36,0,0,26,0,26,0,25,37,0,62,66,0,66,128
08/07/2015,ITH,NY,AEA,EN,Federal Contract Tower,0,31,12,0,43,0,0,45,0,45,0,31,57,0,88,100,0,100,188
08/08/2015,ITH,NY,AEA,EN,Federal Contract Tower,5,11,7,2,25,0,5,40,0,45,5,16,47,2,70,82,0,82,152
08/09/2015,ITH,NY,AEA,EN,Federal Contract Tower,10,19,23,0,52,0,0,47,0,47,10,19,70,0,99,86,0,86,185
08/10/2015,ITH,NY,AEA,EN,Federal Contract Tower,0,22,14,0,36,0,1,17,0,18,0,23,31,0,54,42,0,42,96
08/11/2015,ITH,NY,AEA,EN,Federal Contract Tower,0,13,5,0,18,0,0,8,0,8,0,13,13,0,26,40,0,40,66
08/12/2015,ITH,NY,AEA,EN,Federal Contract Tower,0,24,8,0,32,0,4,11,0,15,0,28,19,0,47,44,0,44,91
08/13/2015,ITH,NY,AEA,EN,Federal Contract Tower,0,22,14,0,36,0,1,59,0,60,0,23,73,0,96,114,0,114,210
08/14/2015,ITH,NY,AEA,EN,Federal Contract Tower,0,15,9,0,24,0,0,49,0,49,0,15,58,0,73,100,0,100,173
08/15/2015,ITH,NY,AEA,EN,Federal Contract Tower,0,17,7,0,24,0,1,30,0,31,0,18,37,0,55,68,0,68,123
08/16/2015,ITH,NY,AEA,EN,Federal Contract Tower,0,15,10,0,25,0,0,40,0,40,0,15,50,0,65,78,0,78,143
08/17/2015,ITH,NY,AEA,EN,Federal Contract Tower,0,20,10,0,30,0,3,52,0,55,0,23,62,0,85,154,0,154,239
08/18/2015,ITH,NY,AEA,EN,Federal Contract Tower,0,17,3,0,20,0,0,33,0,33,0,17,36,0,53,46,0,46,99
08/19/2015,ITH,NY,AEA,EN,Federal Contract Tower,0,16,10,0,26,0,0,18,0,18,0,16,28,0,44,44,0,44,88
08/20/2015,ITH,NY,AEA,EN,Federal Contract Tower,0,22,10,0,32,0,0,0,0,0,0,22,10,0,32,0,0,0,32
08/21/2015,ITH,NY,AEA,EN,Federal Contract Tower,0,29,16,0,45,0,1,38,0,39,0,30,54,0,84,90,0,90,174
08/22/2015,ITH,NY,AEA,EN,Federal Contract Tower,0,23,17,0,40,0,6,43,0,49,0,29,60,0,89,98,0,98,187
08/23/2015,ITH,NY,AEA,EN,Federal Contract Tower,0,18,19,0,37,0,0,41,0,41,0,18,60,0,78,106,0,106,184
08/24/2015,ITH,NY,AEA,EN,Federal Contract Tower,0,19,8,0,27,0,1,23,0,24,0,20,31,0,51,66,0,66,117
08/25/2015,ITH,NY,AEA,EN,Federal Contract Tower,0,23,12,0,35,0,1,46,0,47,0,24,58,0,82,94,0,94,176
08/26/2015,ITH,NY,AEA,EN,Federal Contract Tower,0,21,11,0,32,0,0,39,0,39,0,21,50,0,71,108,0,108,179
08/27/2015,ITH,NY,AEA,EN,Federal Contract Tower,0,21,14,1,36,0,2,14,0,16,0,23,28,1,52,46,0,46,98
08/28/2015,ITH,NY,AEA,EN,Federal Contract Tower,0,22,4,0,26,0,5,44,0,49,0,27,48,0,75,136,0,136,211
08/29/2015,ITH,NY,AEA,EN,Federal Contract Tower,0,17,10,0,27,0,4,46,0,50,0,21,56,0,77,86,0,86,163
08/30/2015,ITH,NY,AEA,EN,Federal Contract Tower,0,15,6,0,21,0,2,36,0,38,0,17,42,0,59,96,0,96,155
08/31/2015,ITH,NY,AEA,EN,Federal Contract Tower,0,18,11,0,29,0,2,27,0,29,0,20,38,0,58,70,0,70,128
09/01/2015,ITH,NY,AEA,EN,Federal Contract Tower,0,17,9,0,26,0,7,12,0,19,0,24,21,0,45,42,0,42,87
09/02/2015,ITH,NY,AEA,EN,Federal Contract Tower,0,21,4,0,25,0,5,22,0,27,0,26,26,0,52,80,0,80,132
09/03/2015,ITH,NY,AEA,EN,Federal Contract Tower,0,25,9,0,34,0,0,14,0,14,0,25,23,0,48,8,0,8,56
09/04/2015,ITH,NY,AEA,EN,Federal Contract Tower,0,23,16,1,40,0,3,36,0,39,0,26,52,1,79,80,0,80,159
09/05/2015,ITH,NY,AEA,EN,Federal Contract Tower,0,16,6,0,22,0,2,40,0,42,0,18,46,0,64,88,0,88,152
09/06/2015,ITH,NY,AEA,EN,Federal Contract Tower,0,13,1,0,14,0,1,28,0,29,0,14,29,0,43,64,0,64,107
09/07/2015,ITH,NY,AEA,EN,Federal Contract Tower,0,24,6,1,31,0,4,31,0,35,0,28,37,1,66,64,0,64,130
09/08/2015,ITH,NY,AEA,EN,Federal Contract Tower,0,17,7,0,24,0,3,39,0,42,0,20,46,0,66,104,0,104,170
09/09/2015,ITH,NY,AEA,EN,Federal Contract Tower,0,15,9,0,24,0,3,13,0,16,0,18,22,0,40,48,0,48,88
09/10/2015,ITH,NY,AEA,EN,Federal Contract Tower,0,15,10,0,25,0,5,1,0,6,0,20,11,0,31,26,0,26,57
09/11/2015,ITH,NY,AEA,EN,Federal Contract Tower,0,26,13,0,39,0,3,39,0,42,0,29,52,0,81,96,0,96,177
09/12/2015,ITH,NY,AEA,EN,Federal Contract Tower,0,14,3,0,17,0,0,0,0,0,0,14,3,0,17,0,0,0,17
09/13/2015,ITH,NY,AEA,EN,Federal Contract Tower,0,18,9,0,27,0,0,1,0,1,0,18,10,0,28,0,0,0,28
09/14/2015,ITH,NY,AEA,EN,Federal Contract Tower,0,22,6,0,28,0,0,24,0,24,0,22,30,0,52,64,0,64,116
09/15/2015,ITH,NY,AEA,EN,Federal Contract Tower,0,25,10,0,35,0,2,36,0,38,0,27,46,0,73,142,0,142,215
09/16/2015,ITH,NY,AEA,EN,Federal Contract Tower,0,30,17,0,47,0,14,28,0,42,0,44,45,0,89,110,0,110,199
09/17/2015,ITH,NY,AEA,EN,Federal Contract Tower,0,29,21,3,53,0,3,43,1,47,0,32,64,4,100,158,2,160,260
09/18/2015,ITH,NY,AEA,EN,Federal Contract Tower,0,41,23,0,64,0,3,43,0,46,0,44,66,0,110,122,0,122,232
09/19/2015,ITH,NY,AEA,EN,Federal Contract Tower,0,16,9,0,25,0,4,19,0,23,0,20,28,0,48,50,0,50,98
09/20/2015,ITH,NY,AEA,EN,Federal Contract Tower,0,16,18,2,36,0,0,55,0,55,0,16,73,2,91,192,0,192,283
09/21/2015,ITH,NY,AEA,EN,Federal Contract Tower,0,23,16,0,39,0,4,30,2,36,0,27,46,2,75,60,2,62,137
09/22/2015,ITH,NY,AEA,EN,Federal Contract Tower,0,19,11,0,30,0,8,40,0,48,0,27,51,0,78,116,0,116,194
09/23/2015,ITH,NY,AEA,EN,Federal Contract Tower,0,22,15,0,37,0,0,24,0,24,0,22,39,0,61,88,0,88,149
09/24/2015,ITH,NY,AEA,EN,Federal Contract Tower,0,27,11,0,38,0,2,18,0,20,0,29,29,0,58,102,0,102,160
09/25/2015,ITH,NY,AEA,EN,Federal Contract Tower,0,31,6,0,37,0,0,34,0,34,0,31,40,0,71,82,0,82,153
09/26/2015,ITH,NY,AEA,EN,Federal Contract Tower,0,25,14,2,41,0,2,45,1,48,0,27,59,3,89,92,0,92,181
09/27/2015,ITH,NY,AEA,EN,Federal Contract Tower,0,13,8,0,21,0,1,33,0,34,0,14,41,0,55,86,0,86,141
09/28/2015,ITH,NY,AEA,EN,Federal Contract Tower,0,18,15,0,33,0,0,4,0,4,0,18,19,0,37,0,0,0,37
09/29/2015,ITH,NY,AEA,EN,Federal Contract Tower,0,18,6,0,24,0,0,1,0,1,0,18,7,0,25,0,0,0,25
09/30/2015,ITH,NY,AEA,EN,Federal Contract Tower,0,22,8,0,30,0,0,0,0,0,0,22,8,0,30,0,0,0,30
10/01/2015,ITH,NY,AEA,EN,Federal Contract Tower,0,25,21,0,46,0,0,12,0,12,0,25,33,0,58,18,0,18,76
10/02/2015,ITH,NY,AEA,EN,Federal Contract Tower,0,25,15,0,40,0,0,25,0,25,0,25,40,0,65,94,0,94,159
10/03/2015,ITH,NY,AEA,EN,Federal Contract Tower,0,19,5,0,24,0,0,6,0,6,0,19,11,0,30,16,0,16,46
10/04/2015,ITH,NY,AEA,EN,Federal Contract Tower,0,16,13,0,29,0,0,33,0,33,0,16,46,0,62,118,0,118,180
10/05/2015,ITH,NY,AEA,EN,Federal Contract Tower,0,17,12,0,29,0,3,41,0,44,0,20,53,0,73,96,0,96,169
10/06/2015,ITH,NY,AEA,EN,Federal Contract Tower,0,21,16,0,37,0,0,5,0,5,0,21,21,0,42,22,0,22,64
10/07/2015,ITH,NY,AEA,EN,Federal Contract Tower,0,21,17,0,38,0,0,18,0,18,0,21,35,0,56,60,0,60,116
10/08/2015,ITH,NY,AEA,EN,Federal Contract Tower,0,23,19,0,42,0,0,18,0,18,0,23,37,0,60,62,0,62,122
10/09/2015,ITH,NY,AEA,EN,Federal Contract Tower,0,25,15,0,40,0,0,1,0,1,0,25,16,0,41,0,0,0,41
10/10/2015,ITH,NY,AEA,EN,Federal Contract Tower,0,17,12,0,29,0,1,34,0,35,0,18,46,0,64,90,0,90,154
10/11/2015,ITH,NY,AEA,EN,Federal Contract Tower,0,17,12,0,29,0,1,39,0,40,0,18,51,0,69,106,0,106,175
10/12/2015,ITH,NY,AEA,EN,Federal Contract Tower,0,15,13,0,28,0,4,34,0,38,0,19,47,0,66,84,0,84,150
10/14/2015,ITH,NY,AEA,EN,Federal Contract Tower,0,21,14,0,35,0,0,13,4,17,0,21,27,4,52,12,4,16,68
10/15/2015,ITH,NY,AEA,EN,Federal Contract Tower,0,20,16,0,36,0,0,21,0,21,0,20,37,0,57,40,0,40,97
10/16/2015,ITH,NY,AEA,EN,Federal Contract Tower,0,28,18,0,46,0,0,22,0,22,0,28,40,0,68,40,0,40,108
10/17/2015,ITH,NY,AEA,EN,Federal Contract Tower,0,20,12,0,32,0,0,27,0,27,0,20,39,0,59,8,0,8,67
10/18/2015,ITH,NY,AEA,EN,Federal Contract Tower,0,14,18,0,32,0,0,8,0,8,0,14,26,0,40,0,0,0,40
10/19/2015,ITH,NY,AEA,EN,Federal Contract Tower,0,18,11,0,29,0,4,37,0,41,0,22,48,0,70,94,0,94,164
10/21/2015,ITH,NY,AEA,EN,Federal Contract Tower,0,39,20,0,59,0,2,29,0,31,0,41,49,0,90,60,0,60,150
10/22/2015,ITH,NY,AEA,EN,Federal Contract Tower,0,36,14,0,50,0,0,18,0,18,0,36,32,0,68,42,0,42,110
10/23/2015,ITH,NY,AEA,EN,Federal Contract Tower,0,25,12,0,37,0,0,33,0,33,0,25,45,0,70,62,0,62,132
10/24/2015,ITH,NY,AEA,EN,Federal Contract Tower,0,32,16,0,48,0,4,25,0,29,0,36,41,0,77,6,0,6,83
10/25/2015,ITH,NY,AEA,EN,Federal Contract Tower,0,22,4,0,26,0,0,7,0,7,0,22,11,0,33,0,0,0,33
10/26/2015,ITH,NY,AEA,EN,Federal Contract Tower,0,18,9,0,27,0,2,30,0,32,0,20,39,0,59,84,0,84,143
10/28/2015,ITH,NY,AEA,EN,Federal Contract Tower,0,19,5,0,24,0,0,0,0,0,0,19,5,0,24,0,0,0,24
10/29/2015,ITH,NY,AEA,EN,Federal Contract Tower,0,18,4,0,22,0,0,5,0,5,0,18,9,0,27,0,0,0,27
10/30/2015,ITH,NY,AEA,EN,Federal Contract Tower,0,27,24,0,51,0,0,24,0,24,0,27,48,0,75,48,0,48,123
10/31/2015,ITH,NY,AEA,EN,Federal Contract Tower,0,12,15,0,27,0,7,43,0,50,0,19,58,0,77,88,0,88,165
11/01/2015,ITH,NY,AEA,EN,Federal Contract Tower,0,19,12,0,31,0,0,19,0,19,0,19,31,0,50,46,0,46,96
11/02/2015,ITH,NY,AEA,EN,Federal Contract Tower,0,18,7,0,25,0,2,29,0,31,0,20,36,0,56,136,0,136,192
11/04/2015,ITH,NY,AEA,EN,Federal Contract Tower,0,19,18,0,37,0,6,39,0,45,0,25,57,0,82,86,0,86,168
11/05/2015,ITH,NY,AEA,EN,Federal Contract Tower,0,26,15,0,41,0,0,22,0,22,0,26,37,0,63,66,0,66,129
11/06/2015,ITH,NY,AEA,EN,Federal Contract Tower,0,27,9,0,36,0,0,5,2,7,0,27,14,2,43,0,0,0,43
11/07/2015,ITH,NY,AEA,EN,Federal Contract Tower,0,18,10,0,28,0,2,23,0,25,0,20,33,0,53,54,0,54,107
11/08/2015,ITH,NY,AEA,EN,Federal Contract Tower,0,23,12,0,35,0,2,29,0,31,0,25,41,0,66,62,0,62,128
11/09/2015,ITH,NY,AEA,EN,Federal Contract Tower,0,22,6,0,28,0,0,26,0,26,0,22,32,0,54,114,0,114,168
11/11/2015,ITH,NY,AEA,EN,Federal Contract Tower,0,15,11,0,26,0,0,0,0,0,0,15,11,0,26,0,0,0,26
11/12/2015,ITH,NY,AEA,EN,Federal Contract Tower,0,28,4,0,32,0,0,0,0,0,0,28,4,0,32,0,0,0,32
11/13/2015,ITH,NY,AEA,EN,Federal Contract Tower,0,28,12,0,40,0,0,7,0,7,0,28,19,0,47,26,0,26,73
11/14/2015,ITH,NY,AEA,EN,Federal Contract Tower,0,19,6,0,25,0,0,16,0,16,0,19,22,0,41,38,0,38,79
11/15/2015,ITH,NY,AEA,EN,Federal Contract Tower,0,22,6,0,28,0,0,41,0,41,0,22,47,0,69,94,0,94,163
11/16/2015,ITH,NY,AEA,EN,Federal Contract Tower,0,21,6,0,27,0,4,31,0,35,0,25,37,0,62,116,0,116,178
11/17/2015,ITH,NY,AEA,EN,Federal Contract Tower,0,22,10,0,32,0,0,33,0,33,0,22,43,0,65,132,0,132,197
11/18/2015,ITH,NY,AEA,EN,Federal Contract Tower,23,7,0,0,30,0,0,6,2,8,23,7,6,2,38,2,0,2,40
11/19/2015,ITH,NY,AEA,EN,Federal Contract Tower,0,21,2,0,23,0,0,1,0,1,0,21,3,0,24,0,0,0,24
11/20/2015,ITH,NY,AEA,EN,Federal Contract Tower,0,24,10,0,34,0,0,28,0,28,0,24,38,0,62,72,0,72,134
11/21/2015,ITH,NY,AEA,EN,Federal Contract Tower,0,14,4,0,18,0,9,34,0,43,0,23,38,0,61,80,0,80,141
11/22/2015,ITH,NY,AEA,EN,Federal Contract Tower,0,19,3,0,22,0,0,16,0,16,0,19,19,0,38,36,0,36,74
11/23/2015,ITH,NY,AEA,EN,Federal Contract Tower,0,20,12,0,32,0,0,4,0,4,0,20,16,0,36,0,0,0,36
11/25/2015,ITH,NY,AEA,EN,Federal Contract Tower,0,21,15,0,36,0,0,31,0,31,0,21,46,0,67,124,0,124,191
11/26/2015,ITH,NY,AEA,EN,Federal Contract Tower,0,13,1,0,14,0,0,6,0,6,0,13,7,0,20,0,0,0,20
11/27/2015,ITH,NY,AEA,EN,Federal Contract Tower,0,11,6,0,17,0,0,15,0,15,0,11,21,0,32,0,0,0,32
11/28/2015,ITH,NY,AEA,EN,Federal Contract Tower,0,20,9,0,29,0,0,0,0,0,0,20,9,0,29,0,0,0,29
11/29/2015,ITH,NY,AEA,EN,Federal Contract Tower,0,24,26,0,50,0,0,25,0,25,0,24,51,0,75,50,0,50,125
11/30/2015,ITH,NY,AEA,EN,Federal Contract Tower,0,28,7,0,35,0,1,23,0,24,0,29,30,0,59,132,0,132,191
12/02/2015,ITH,NY,AEA,EN,Federal Contract Tower,0,15,9,0,24,0,0,0,0,0,0,15,9,0,24,0,0,0,24
12/03/2015,ITH,NY,AEA,EN,Federal Contract Tower,0,20,8,0,28,0,0,8,0,8,0,20,16,0,36,0,0,0,36
12/04/2015,ITH,NY,AEA,EN,Federal Contract Tower,0,20,8,0,28,0,0,26,0,26,0,20,34,0,54,52,0,52,106
12/05/2015,ITH,NY,AEA,EN,Federal Contract Tower,0,14,7,0,21,0,0,19,0,19,0,14,26,0,40,90,0,90,130
12/06/2015,ITH,NY,AEA,EN,Federal Contract Tower,0,18,11,0,29,0,5,39,0,44,0,23,50,0,73,118,0,118,191
12/07/2015,ITH,NY,AEA,EN,Federal Contract Tower,0,21,14,0,35,0,0,23,0,23,0,21,37,0,58,120,0,120,178
12/08/2015,ITH,NY,AEA,EN,Federal Contract Tower,0,21,12,0,33,0,2,16,0,18,0,23,28,0,51,64,0,64,115
12/09/2015,ITH,NY,AEA,EN,Federal Contract Tower,0,23,12,0,35,0,0,28,0,28,0,23,40,0,63,46,0,46,109
12/10/2015,ITH,NY,AEA,EN,Federal Contract Tower,0,22,14,0,36,0,4,30,2,36,0,26,44,2,72,28,2,30,102
12/11/2015,ITH,NY,AEA,EN,Federal Contract Tower,0,19,9,0,28,0,0,37,0,37,0,19,46,0,65,84,0,84,149
12/12/2015,ITH,NY,AEA,EN,Federal Contract Tower,0,19,8,0,27,0,0,39,0,39,0,19,47,0,66,100,0,100,166
12/13/2015,ITH,NY,AEA,EN,Federal Contract Tower,0,23,10,0,33,0,1,15,0,16,0,24,25,0,49,32,0,32,81
12/14/2015,ITH,NY,AEA,EN,Federal Contract Tower,0,25,9,0,34,0,0,5,0,5,0,25,14,0,39,22,0,22,61
12/17/2015,ITH,NY,AEA,EN,Federal Contract Tower,0,19,10,0,29,0,0,0,0,0,0,19,10,0,29,0,0,0,29
12/18/2015,ITH,NY,AEA,EN,Federal Contract Tower,0,18,6,0,24,0,0,9,0,9,0,18,15,0,33,20,0,20,53
12/19/2015,ITH,NY,AEA,EN,Federal Contract Tower,0,12,10,0,22,0,0,10,0,10,0,12,20,0,32,6,0,6,38
12/20/2015,ITH,NY,AEA,EN,Federal Contract Tower,0,13,7,0,20,0,0,35,0,35,0,13,42,0,55,86,0,86,141
12/21/2015,ITH,NY,AEA,EN,Federal Contract Tower,0,14,2,0,16,0,0,6,0,6,0,14,8,0,22,26,0,26,48
12/22/2015,ITH,NY,AEA,EN,Federal Contract Tower,0,13,3,0,16,0,0,4,0,4,0,13,7,0,20,12,0,12,32
12/23/2015,ITH,NY,AEA,EN,Federal Contract Tower,0,18,10,0,28,0,0,2,0,2,0,18,12,0,30,20,0,20,50
12/24/2015,ITH,NY,AEA,EN,Federal Contract Tower,0,15,2,0,17,0,0,2,0,2,0,15,4,0,19,26,0,26,45
12/25/2015,ITH,NY,AEA,EN,Federal Contract Tower,0,4,0,0,4,0,0,17,0,17,0,4,17,0,21,4,0,4,25
12/26/2015,ITH,NY,AEA,EN,Federal Contract Tower,0,12,11,0,23,0,4,26,0,30,0,16,37,0,53,6,8,14,67
12/27/2015,ITH,NY,AEA,EN,Federal Contract Tower,0,9,4,0,13,0,0,0,0,0,0,9,4,0,13,0,0,0,13
12/28/2015,ITH,NY,AEA,EN,Federal Contract Tower,0,14,3,0,17,0,3,2,0,5,0,17,5,0,22,12,0,12,34
12/29/2015,ITH,NY,AEA,EN,Federal Contract Tower,0,14,1,0,15,0,0,1,0,1,0,14,2,0,16,0,0,0,16
12/30/2015,ITH,NY,AEA,EN,Federal Contract Tower,0,16,4,0,20,0,0,2,0,2,0,16,6,0,22,36,0,36,58
12/31/2015,ITH,NY,AEA,EN,Federal Contract Tower,0,11,0,0,11,0,0,0,0,0,0,11,0,0,11,0,0,0,11
01/01/2016,ITH,NY,AEA,EN,Federal Contract Tower,0,7,2,0,9,0,0,0,0,0,0,7,2,0,9,0,0,0,9
01/02/2016,ITH,NY,AEA,EN,Federal Contract Tower,0,12,5,0,17,0,0,0,0,0,0,12,5,0,17,30,0,30,47
01/03/2016,ITH,NY,AEA,EN,Federal Contract Tower,0,14,4,0,18,0,0,0,0,0,0,14,4,0,18,0,0,0,18
01/04/2016,ITH,NY,AEA,EN,Federal Contract Tower,0,15,3,0,18,0,0,0,0,0,0,15,3,0,18,0,0,0,18
01/05/2016,ITH,NY,AEA,EN,Federal Contract Tower,0,16,10,0,26,0,0,23,0,23,0,16,33,0,49,120,0,120,169
01/06/2016,ITH,NY,AEA,EN,Federal Contract Tower,0,18,6,3,27,0,0,28,0,28,0,18,34,3,55,56,0,56,111
01/07/2016,ITH,NY,AEA,EN,Federal Contract Tower,0,16,6,0,22,0,0,30,2,32,0,16,36,2,54,74,4,78,132
01/08/2016,ITH,NY,AEA,EN,Federal Contract Tower,0,23,5,0,28,0,0,24,4,28,0,23,29,4,56,52,0,52,108
01/09/2016,ITH,NY,AEA,EN,Federal Contract Tower,0,13,2,0,15,0,0,2,0,2,0,13,4,0,17,0,0,0,17
01/10/2016,ITH,NY,AEA,EN,Federal Contract Tower,0,13,3,0,16,0,0,0,0,0,0,13,3,0,16,0,0,0,16
01/11/2016,ITH,NY,AEA,EN,Federal Contract Tower,0,14,3,0,17,0,0,16,0,16,0,14,19,0,33,0,0,0,33
01/12/2016,ITH,NY,AEA,EN,Federal Contract Tower,0,17,6,0,23,0,0,2,0,2,0,17,8,0,25,0,0,0,25
01/13/2016,ITH,NY,AEA,EN,Federal Contract Tower,0,15,4,2,21,0,0,9,0,9,0,15,13,2,30,26,0,26,56
01/14/2016,ITH,NY,AEA,EN,Federal Contract Tower,0,16,0,0,16,0,0,8,0,8,0,16,8,0,24,36,0,36,60
01/15/2016,ITH,NY,AEA,EN,Federal Contract Tower,0,18,5,0,23,0,0,18,0,18,0,18,23,0,41,36,0,36,77
01/16/2016,ITH,NY,AEA,EN,Federal Contract Tower,0,10,2,0,12,0,0,0,0,0,0,10,2,0,12,0,0,0,12
01/17/2016,ITH,NY,AEA,EN,Federal Contract Tower,0,12,5,0,17,0,0,6,0,6,0,12,11,0,23,18,0,18,41
01/18/2016,ITH,NY,AEA,EN,Federal Contract Tower,0,18,6,0,24,0,0,4,0,4,0,18,10,0,28,14,0,14,42
01/19/2016,ITH,NY,AEA,EN,Federal Contract Tower,0,20,5,0,25,0,0,0,0,0,0,20,5,0,25,0,0,0,25
01/20/2016,ITH,NY,AEA,EN,Federal Contract Tower,0,22,8,0,30,0,0,1,0,1,0,22,9,0,31,0,0,0,31
01/21/2016,ITH,NY,AEA,EN,Federal Contract Tower,0,22,9,0,31,0,0,0,0,0,0,22,9,0,31,0,0,0,31
01/22/2016,ITH,NY,AEA,EN,Federal Contract Tower,0,16,7,0,23,0,0,31,0,31,0,16,38,0,54,48,0,48,102
01/23/2016,ITH,NY,AEA,EN,Federal Contract Tower,0,7,4,0,11,0,0,26,0,26,0,7,30,0,37,38,0,38,75
01/24/2016,ITH,NY,AEA,EN,Federal Contract Tower,0,6,7,0,13,0,0,15,0,15,0,6,22,0,28,51,0,51,79
01/25/2016,ITH,NY,AEA,EN,Federal Contract Tower,0,11,8,0,19,0,0,2,0,2,0,11,10,0,21,38,0,38,59
01/26/2016,ITH,NY,AEA,EN,Federal Contract Tower,0,11,9,0,20,0,0,3,0,3,0,11,12,0,23,28,0,28,51
01/27/2016,ITH,NY,AEA,EN,Federal Contract Tower,0,19,3,0,22,0,0,0,0,0,0,19,3,0,22,20,0,20,42
01/28/2016,ITH,NY,AEA,EN,Federal Contract Tower,0,21,9,0,30,0,0,12,0,12,0,21,21,0,42,60,0,60,102
01/29/2016,ITH,NY,AEA,EN,Federal Contract Tower,0,17,1,0,18,0,0,0,0,0,0,17,1,0,18,12,0,12,30
01/30/2016,ITH,NY,AEA,EN,Federal Contract Tower,0,13,2,0,15,0,0,23,0,23,0,13,25,0,38,60,0,60,98
01/31/2016,ITH,NY,AEA,EN,Federal Contract Tower,0,16,7,0,23,0,0,33,0,33,0,16,40,0,56,100,0,100,156
02/01/2016,ITH,NY,AEA,EN,Federal Contract Tower,0,20,11,0,31,0,0,21,0,21,0,20,32,0,52,64,0,64,116
02/03/2016,ITH,NY,AEA,EN,Federal Contract Tower,0,17,3,0,20,0,0,0,0,0,0,17,3,0,20,0,0,0,20
02/04/2016,ITH,NY,AEA,EN,Federal Contract Tower,0,22,10,0,32,0,24,0,2,26,0,46,10,2,58,32,8,40,98
02/05/2016,ITH,NY,AEA,EN,Federal Contract Tower,0,15,1,0,16,0,0,28,0,28,0,15,29,0,44,52,0,52,96
02/06/2016,ITH,NY,AEA,EN,Federal Contract Tower,0,14,3,0,17,0,7,33,0,40,0,21,36,0,57,66,0,66,123
02/07/2016,ITH,NY,AEA,EN,Federal Contract Tower,0,18,9,0,27,0,5,42,0,47,0,23,51,0,74,130,0,130,204
02/08/2016,ITH,NY,AEA,EN,Federal Contract Tower,0,16,7,0,23,0,0,16,0,16,0,16,23,0,39,52,0,52,91
02/10/2016,ITH,NY,AEA,EN,Federal Contract Tower,0,19,6,0,25,0,0,0,0,0,0,19,6,0,25,0,0,0,25
02/11/2016,ITH,NY,AEA,EN,Federal Contract Tower,0,25,7,0,32,0,0,0,0,0,0,25,7,0,32,0,0,0,32
02/12/2016,ITH,NY,AEA,EN,Federal Contract Tower,0,24,13,0,37,0,2,17,0,19,0,26,30,0,56,20,0,20,76
02/13/2016,ITH,NY,AEA,EN,Federal Contract Tower,0,17,4,0,21,0,0,0,0,0,0,17,4,0,21,0,0,0,21
02/14/2016,ITH,NY,AEA,EN,Federal Contract Tower,0,18,4,0,22,0,0,6,0,6,0,18,10,0,28,0,0,0,28
02/15/2016,ITH,NY,AEA,EN,Federal Contract Tower,0,21,12,0,33,0,0,18,0,18,0,21,30,0,51,42,0,42,93
02/16/2016,ITH,NY,AEA,EN,Federal Contract Tower,0,18,11,0,29,0,0,0,0,0,0,18,11,0,29,0,0,0,29
02/17/2016,ITH,NY,AEA,EN,Federal Contract Tower,0,18,4,0,22,0,0,3,0,3,0,18,7,0,25,0,0,0,25
02/18/2016,ITH,NY,AEA,EN,Federal Contract Tower,0,23,5,0,28,0,29,0,4,33,0,52,5,4,61,38,0,38,99
02/19/2016,ITH,NY,AEA,EN,Federal Contract Tower,0,24,6,0,30,0,0,2,0,2,0,24,8,0,32,10,0,10,42
02/20/2016,ITH,NY,AEA,EN,Federal Contract Tower,0,15,6,0,21,0,0,16,0,16,0,15,22,0,37,58,0,58,95
02/21/2016,ITH,NY,AEA,EN,Federal Contract Tower,0,16,7,0,23,0,0,15,0,15,0,16,22,0,38,58,0,58,96
02/22/2016,ITH,NY,AEA,EN,Federal Contract Tower,0,21,14,0,35,0,2,16,2,20,0,23,30,2,55,58,0,58,113
02/23/2016,ITH,NY,AEA,EN,Federal Contract Tower,0,17,9,0,26,0,0,11,0,11,0,17,20,0,37,36,0,36,73
02/24/2016,ITH,NY,AEA,EN,Federal Contract Tower,0,15,1,0,16,0,0,0,0,0,0,15,1,0,16,0,0,0,16
02/25/2016,ITH,NY,AEA,EN,Federal Contract Tower,0,24,3,0,27,0,0,0,0,0,0,24,3,0,27,0,0,0,27
02/26/2016,ITH,NY,AEA,EN,Federal Contract Tower,0,20,6,0,26,0,0,28,0,28,0,20,34,0,54,36,0,36,90
02/27/2016,ITH,NY,AEA,EN,Federal Contract Tower,0,18,7,0,25,0,0,31,0,31,0,18,38,0,56,64,0,64,120
02/28/2016,ITH,NY,AEA,EN,Federal Contract Tower,0,18,5,0,23,0,2,31,0,33,0,20,36,0,56,118,0,118,174
02/29/2016,ITH,NY,AEA,EN,Federal Contract Tower,0,20,8,1,29,0,0,2,1,3,0,20,10,2,32,0,0,0,32
03/01/2016,ITH,NY,AEA,EN,Federal Contract Tower,0,16,8,1,25,0,0,9,0,9,0,16,17,1,34,28,0,28,62
03/02/2016,ITH,NY,AEA,EN,Federal Contract Tower,0,16,3,0,19,0,0,1,0,1,0,16,4,0,20,0,0,0,20
03/03/2016,ITH,NY,AEA,EN,Federal Contract Tower,0,21,10,0,31,0,0,24,2,26,0,21,34,2,57,52,0,52,109
03/04/2016,ITH,NY,AEA,EN,Federal Contract Tower,0,17,5,0,22,0,1,3,2,6,0,18,8,2,28,8,4,12,40
03/05/2016,ITH,NY,AEA,EN,Federal Contract Tower,0,18,9,0,27,0,0,42,0,42,0,18,51,0,69,60,0,60,129
03/06/2016,ITH,NY,AEA,EN,Federal Contract Tower,1,13,9,0,23,0,2,40,0,42,1,15,49,0,65,132,0,132,197
03/07/2016,ITH,NY,AEA,EN,Federal Contract Tower,1,24,5,0,30,0,4,22,0,26,1,28,27,0,56,74,0,74,130
03/08/2016,ITH,NY,AEA,EN,Federal Contract Tower,0,16,11,2,29,0,0,19,0,19,0,16,30,2,48,56,0,56,104
03/09/2016,ITH,NY,AEA,EN,Federal Contract Tower,0,20,2,0,22,0,1,18,0,19,0,21,20,0,41,36,0,36,77
03/10/2016,ITH,NY,AEA,EN,Federal Contract Tower,0,14,4,0,18,0,0,1,0,1,0,14,5,0,19,0,0,0,19
03/11/2016,ITH,NY,AEA,EN,Federal Contract Tower,0,25,19,0,44,0,3,8,0,11,0,28,27,0,55,38,0,38,93
03/12/2016,ITH,NY,AEA,EN,Federal Contract Tower,0,28,8,0,36,0,10,43,0,53,0,38,51,0,89,66,0,66,155
03/13/2016,ITH,NY,AEA,EN,Federal Contract Tower,0,16,8,0,24,0,2,31,0,33,0,18,39,0,57,94,0,94,151
03/14/2016,ITH,NY,AEA,EN,Federal Contract Tower,0,19,2,0,21,0,0,0,0,0,0,19,2,0,21,0,0,0,21
03/15/2016,ITH,NY,AEA,EN,Federal Contract Tower,0,17,12,0,29,0,2,0,0,2,0,19,12,0,31,14,0,14,45
03/16/2016,ITH,NY,AEA,EN,Federal Contract Tower,0,26,8,0,34,0,3,3,0,6,0,29,11,0,40,12,0,12,52
03/17/2016,ITH,NY,AEA,EN,Federal Contract Tower,0,35,3,0,38,0,0,4,2,6,0,35,7,2,44,0,0,0,44
03/18/2016,ITH,NY,AEA,EN,Federal Contract Tower,0,30,9,0,39,0,0,0,0,0,0,30,9,0,39,0,0,0,39
03/19/2016,ITH,NY,AEA,EN,Federal Contract Tower,0,25,10,0,35,0,0,42,0,42,0,25,52,0,77,90,0,90,167
03/20/2016,ITH,NY,AEA,EN,Federal Contract Tower,0,24,3,0,27,0,0,30,0,30,0,24,33,0,57,88,0,88,145
03/21/2016,ITH,NY,AEA,EN,Federal Contract Tower,0,26,4,0,30,0,0,5,0,5,0,26,9,0,35,30,0,30,65
03/22/2016,ITH,NY,AEA,EN,Federal Contract Tower,0,29,17,0,46,0,4,25,0,29,0,33,42,0,75,82,0,82,157
03/23/2016,ITH,NY,AEA,EN,Federal Contract Tower,0,27,14,1,42,0,0,6,0,6,0,27,20,1,48,4,0,4,52
03/24/2016,ITH,NY,AEA,EN,Federal Contract Tower,0,36,14,0,50,0,4,25,0,29,0,40,39,0,79,26,0,26,105
03/25/2016,ITH,NY,AEA,EN,Federal Contract Tower,0,29,12,0,41,0,0,4,0,4,0,29,16,0,45,0,0,0,45
03/26/2016,ITH,NY,AEA,EN,Federal Contract Tower,0,20,5,0,25,0,0,45,0,45,0,20,50,0,70,104,0,104,174
03/27/2016,ITH,NY,AEA,EN,Federal Contract Tower,0,15,4,0,19,0,2,26,0,28,0,17,30,0,47,56,0,56,103
03/28/2016,ITH,NY,AEA,EN,Federal Contract Tower,0,22,5,0,27,0,0,2,0,2,0,22,7,0,29,2,0,2,31
03/29/2016,ITH,NY,AEA,EN,Federal Contract Tower,0,21,3,0,24,0,0,2,0,2,0,21,5,0,26,0,0,0,26
03/30/2016,ITH,NY,AEA,EN,Federal Contract Tower,0,23,4,0,27,0,0,26,0,26,0,23,30,0,53,84,0,84,137
03/31/2016,ITH,NY,AEA,EN,Federal Contract Tower,0,19,8,0,27,0,0,8,0,8,0,19,16,0,35,0,0,0,35
04/01/2016,ITH,NY,AEA,EN,Federal Contract Tower,0,18,11,0,29,0,0,6,0,6,0,18,17,0,35,12,0,12,47
04/02/2016,ITH,NY,AEA,EN,Federal Contract Tower,0,16,4,0,20,0,2,2,0,4,0,18,6,0,24,12,0,12,36
04/03/2016,ITH,NY,AEA,EN,Federal Contract Tower,0,17,7,0,24,0,0,0,0,0,0,17,7,0,24,0,0,0,24
04/04/2016,ITH,NY,AEA,EN,Federal Contract Tower,0,18,6,0,24,0,0,0,0,0,0,18,6,0,24,0,0,0,24
04/05/2016,ITH,NY,AEA,EN,Federal Contract Tower,0,18,7,0,25,0,0,8,0,8,0,18,15,0,33,24,0,24,57
04/06/2016,ITH,NY,AEA,EN,Federal Contract Tower,0,22,5,0,27,0,0,7,0,7,0,22,12,0,34,16,0,16,50
04/07/2016,ITH,NY,AEA,EN,Federal Contract Tower,0,26,4,0,30,0,0,0,0,0,0,26,4,0,30,0,0,0,30
04/08/2016,ITH,NY,AEA,EN,Federal Contract Tower,0,22,9,2,33,0,0,2,0,2,0,22,11,2,35,0,0,0,35
04/09/2016,ITH,NY,AEA,EN,Federal Contract Tower,0,16,6,0,22,0,0,2,0,2,0,16,8,0,24,2,0,2,26
04/10/2016,ITH,NY,AEA,EN,Federal Contract Tower,0,19,16,0,35,0,0,27,0,27,0,19,43,0,62,88,0,88,150
04/11/2016,ITH,NY,AEA,EN,Federal Contract Tower,0,20,12,0,32,0,0,0,0,0,0,20,12,0,32,0,0,0,32
04/12/2016,ITH,NY,AEA,EN,Federal Contract Tower,0,19,10,0,29,0,1,7,0,8,0,20,17,0,37,24,0,24,61
04/13/2016,ITH,NY,AEA,EN,Federal Contract Tower,0,21,7,0,28,0,2,24,0,26,0,23,31,0,54,86,0,86,140
04/14/2016,ITH,NY,AEA,EN,Federal Contract Tower,0,25,18,0,43,0,0,47,0,47,0,25,65,0,90,108,0,108,198
04/15/2016,ITH,NY,AEA,EN,Federal Contract Tower,0,21,9,0,30,0,6,36,0,42,0,27,45,0,72,82,0,82,154
04/16/2016,ITH,NY,AEA,EN,Federal Contract Tower,0,15,7,0,22,0,1,58,0,59,0,16,65,0,81,122,0,122,203
04/17/2016,ITH,NY,AEA,EN,Federal Contract Tower,0,15,6,0,21,0,1,45,0,46,0,16,51,0,67,154,0,154,221
04/18/2016,ITH,NY,AEA,EN,Federal Contract Tower,0,29,5,0,34,0,0,20,0,20,0,29,25,0,54,36,0,36,90
04/19/2016,ITH,NY,AEA,EN,Federal Contract Tower,0,19,6,0,25,0,0,22,0,22,0,19,28,0,47,58,0,58,105
04/20/2016,ITH,NY,AEA,EN,Federal Contract Tower,0,25,12,0,37,0,2,42,0,44,0,27,54,0,81,90,0,90,171
04/21/2016,ITH,NY,AEA,EN,Federal Contract Tower,0,25,10,0,35,0,0,25,0,25,0,25,35,0,60,48,0,48,108
04/22/2016,ITH,NY,AEA,EN,Federal Contract Tower,0,22,14,0,36,0,2,15,0,17,0,24,29,0,53,2,0,2,55
04/23/2016,ITH,NY,AEA,EN,Federal Contract Tower,0,20,11,0,31,0,1,32,0,33,0,21,43,0,64,70,0,70,134
04/24/2016,ITH,NY,AEA,EN,Federal Contract Tower,0,20,13,0,33,0,1,29,0,30,0,21,42,0,63,34,4,38,101
04/25/2016,ITH,NY,AEA,EN,Federal Contract Tower,0,30,6,0,36,0,0,27,0,27,0,30,33,0,63,50,0,50,113
04/26/2016,ITH,NY,AEA,EN,Federal Contract Tower,0,24,5,0,29,0,0,0,0,0,0,24,5,0,29,0,0,0,29
04/27/2016,ITH,NY,AEA,EN,Federal Contract Tower,0,20,5,4,29,0,0,12,0,12,0,20,17,4,41,28,0,28,69
04/28/2016,ITH,NY,AEA,EN,Federal Contract Tower,0,30,10,0,40,0,7,24,0,31,0,37,34,0,71,66,0,66,137
04/29/2016,ITH,NY,AEA,EN,Federal Contract Tower,0,26,16,0,42,0,0,9,0,9,0,26,25,0,51,48,0,48,99
04/30/2016,ITH,NY,AEA,EN,Federal Contract Tower,0,15,7,0,22,0,6,34,0,40,0,21,41,0,62,50,0,50,112
05/01/2016,ITH,NY,AEA,EN,Federal Contract Tower,0,17,17,0,34,0,0,0,0,0,0,17,17,0,34,0,0,0,34
05/02/2016,ITH,NY,AEA,EN,Federal Contract Tower,0,19,5,0,24,0,0,0,0,0,0,19,5,0,24,0,0,0,24
05/03/2016,ITH,NY,AEA,EN,Federal Contract Tower,0,19,9,0,28,0,0,5,0,5,0,19,14,0,33,44,0,44,77
05/04/2016,ITH,NY,AEA,EN,Federal Contract Tower,0,23,7,1,31,0,0,11,1,12,0,23,18,2,43,46,0,46,89
05/05/2016,ITH,NY,AEA,EN,Federal Contract Tower,0,25,7,0,32,0,0,21,0,21,0,25,28,0,53,48,0,48,101
05/06/2016,ITH,NY,AEA,EN,Federal Contract Tower,0,20,9,0,29,0,0,1,0,1,0,20,10,0,30,0,0,0,30
05/07/2016,ITH,NY,AEA,EN,Federal Contract Tower,0,16,8,0,24,0,0,31,0,31,0,16,39,0,55,108,0,108,163
05/08/2016,ITH,NY,AEA,EN,Federal Contract Tower,0,14,6,2,22,0,0,5,0,5,0,14,11,2,27,12,0,12,39
05/09/2016,ITH,NY,AEA,EN,Federal Contract Tower,0,18,11,2,31,0,0,17,2,19,0,18,28,4,50,44,0,44,94
05/10/2016,ITH,NY,AEA,EN,Federal Contract Tower,0,18,12,2,32,0,0,24,0,24,0,18,36,2,56,60,0,60,116
05/11/2016,ITH,NY,AEA,EN,Federal Contract Tower,0,23,14,0,37,0,0,38,0,38,0,23,52,0,75,76,0,76,151
05/12/2016,ITH,NY,AEA,EN,Federal Contract Tower,0,25,14,0,39,0,1,28,0,29,0,26,42,0,68,64,0,64,132
05/13/2016,ITH,NY,AEA,EN,Federal Contract Tower,0,20,13,0,33,0,0,1,0,1,0,20,14,0,34,0,0,0,34
05/14/2016,ITH,NY,AEA,EN,Federal Contract Tower,0,15,3,0,18,0,2,8,0,10,0,17,11,0,28,24,0,24,52
05/15/2016,ITH,NY,AEA,EN,Federal Contract Tower,0,15,9,0,24,0,0,9,0,9,0,15,18,0,33,26,0,26,59
05/16/2016,ITH,NY,AEA,EN,Federal Contract Tower,0,21,11,0,32,0,0,21,0,21,0,21,32,0,53,48,0,48,101
05/17/2016,ITH,NY,AEA,EN,Federal Contract Tower,0,22,16,0,38,0,1,15,0,16,0,23,31,0,54,24,0,24,78
05/18/2016,ITH,NY,AEA,EN,Federal Contract Tower,0,18,8,0,26,0,2,17,0,19,0,20,25,0,45,48,0,48,93
05/19/2016,ITH,NY,AEA,EN,Federal Contract Tower,0,26,13,0,39,0,0,27,0,27,0,26,40,0,66,94,0,94,160
05/20/2016,ITH,NY,AEA,EN,Federal Contract Tower,0,23,20,0,43,0,0,23,0,23,0,23,43,0,66,70,0,70,136
05/21/2016,ITH,NY,AEA,EN,Federal Contract Tower,0,17,13,0,30,0,0,27,0,27,0,17,40,0,57,236,0,236,293
05/22/2016,ITH,NY,AEA,EN,Federal Contract Tower,0,21,11,0,32,0,2,23,0,25,0,23,34,0,57,100,0,100,157
05/23/2016,ITH,NY,AEA,EN,Federal Contract Tower,0,19,11,0,30,0,0,22,0,22,0,19,33,0,52,72,0,72,124
05/24/2016,ITH,NY,AEA,EN,Federal Contract Tower,0,21,14,0,35,0,3,36,0,39,0,24,50,0,74,100,0,100,174
05/25/2016,ITH,NY,AEA,EN,Federal Contract Tower,0,25,8,0,33,0,1,24,0,25,0,26,32,0,58,66,0,66,124
05/26/2016,ITH,NY,AEA,EN,Federal Contract Tower,0,40,19,0,59,0,2,27,0,29,0,42,46,0,88,54,0,54,142
05/27/2016,ITH,NY,AEA,EN,Federal Contract Tower,0,48,32,0,80,0,1,13,0,14,0,49,45,0,94,54,0,54,148
05/28/2016,ITH,NY,AEA,EN,Federal Contract Tower,0,28,13,2,43,0,6,39,0,45,0,34,52,2,88,82,0,82,170
05/29/2016,ITH,NY,AEA,EN,Federal Contract Tower,0,57,11,0,68,0,6,37,0,43,0,63,48,0,111,22,0,22,133
05/30/2016,ITH,NY,AEA,EN,Federal Contract Tower,0,24,13,0,37,0,0,32,0,32,0,24,45,0,69,52,0,52,121
05/31/2016,ITH,NY,AEA,EN,Federal Contract Tower,0,19,9,2,30,0,0,26,0,26,0,19,35,2,56,92,0,92,148
06/01/2016,ITH,NY,AEA,EN,Federal Contract Tower,0,22,4,0,26,0,0,16,0,16,0,22,20,0,42,64,0,64,106
06/02/2016,ITH,NY,AEA,EN,Federal Contract Tower,0,23,11,0,34,0,0,23,2,25,0,23,34,2,59,54,0,54,113
06/03/2016,ITH,NY,AEA,EN,Federal Contract Tower,0,24,8,0,32,0,0,27,0,27,0,24,35,0,59,60,0,60,119
06/04/2016,ITH,NY,AEA,EN,Federal Contract Tower,0,17,16,0,33,0,3,51,0,54,0,20,67,0,87,76,0,76,163
06/05/2016,ITH,NY,AEA,EN,Federal Contract Tower,0,13,2,0,15,0,0,3,0,3,0,13,5,0,18,0,0,0,18
06/06/2016,ITH,NY,AEA,EN,Federal Contract Tower,0,21,9,0,30,0,1,16,0,17,0,22,25,0,47,20,0,20,67
06/07/2016,ITH,NY,AEA,EN,Federal Contract Tower,0,19,9,0,28,0,0,10,0,10,0,19,19,0,38,64,0,64,102
06/08/2016,ITH,NY,AEA,EN,Federal Contract Tower,0,22,13,0,35,0,0,3,0,3,0,22,16,0,38,8,0,8,46
06/09/2016,ITH,NY,AEA,EN,Federal Contract Tower,0,27,28,1,56,0,0,20,1,21,0,27,48,2,77,82,0,82,159
06/10/2016,ITH,NY,AEA,EN,Federal Contract Tower,0,36,21,0,57,0,4,37,0,41,0,40,58,0,98,96,0,96,194
06/11/2016,ITH,NY,AEA,EN,Federal Contract Tower,0,24,12,0,36,0,0,25,0,25,0,24,37,0,61,36,0,36,97
06/12/2016,ITH,NY,AEA,EN,Federal Contract Tower,0,20,16,0,36,0,0,17,0,17,0,20,33,0,53,26,0,26,79
06/13/2016,ITH,NY,AEA,EN,Federal Contract Tower,0,26,9,0,35,0,0,2,0,2,0,26,11,0,37,0,0,0,37
06/14/2016,ITH,NY,AEA,EN,Federal Contract Tower,0,21,7,1,29,0,4,42,2,48,0,25,49,3,77,112,0,112,189
06/15/2016,ITH,NY,AEA,EN,Federal Contract Tower,0,22,7,0,29,0,5,37,2,44,0,27,44,2,73,72,6,78,151
06/16/2016,ITH,NY,AEA,EN,Federal Contract Tower,0,20,8,0,28,0,0,20,0,20,0,20,28,0,48,62,0,62,110
06/17/2016,ITH,NY,AEA,EN,Federal Contract Tower,0,23,6,0,29,0,3,25,0,28,0,26,31,0,57,60,0,60,117
06/18/2016,ITH,NY,AEA,EN,Federal Contract Tower,0,18,4,0,22,0,4,50,0,54,0,22,54,0,76,130,0,130,206
06/19/2016,ITH,NY,AEA,EN,Federal Contract Tower,0,17,5,0,22,0,0,44,0,44,0,17,49,0,66,132,0,132,198
06/20/2016,ITH,NY,AEA,EN,Federal Contract Tower,0,17,8,0,25,0,0,12,0,12,0,17,20,0,37,42,0,42,79
06/21/2016,ITH,NY,AEA,EN,Federal Contract Tower,0,20,6,1,27,0,1,31,1,33,0,21,37,2,60,104,0,104,164
06/22/2016,ITH,NY,AEA,EN,Federal Contract Tower,0,19,10,0,29,0,0,24,0,24,0,19,34,0,53,76,0,76,129
06/23/2016,ITH,NY,AEA,EN,Federal Contract Tower,0,22,8,0,30,0,2,29,0,31,0,24,37,0,61,60,0,60,121
06/24/2016,ITH,NY,AEA,EN,Federal Contract Tower,0,21,14,0,35,0,2,48,0,50,0,23,62,0,85,154,0,154,239
06/25/2016,ITH,NY,AEA,EN,Federal Contract Tower,0,26,4,0,30,0,4,44,0,48,0,30,48,0,78,76,0,76,154
06/26/2016,ITH,NY,AEA,EN,Federal Contract Tower,0,24,9,0,33,0,0,38,0,38,0,24,47,0,71,120,0,120,191
06/27/2016,ITH,NY,AEA,EN,Federal Contract Tower,0,20,12,0,32,0,0,12,0,12,0,20,24,0,44,98,0,98,142
06/28/2016,ITH,NY,AEA,EN,Federal Contract Tower,0,25,7,0,32,0,0,13,0,13,0,25,20,0,45,34,0,34,79
06/29/2016,ITH,NY,AEA,EN,Federal Contract Tower,0,22,16,0,38,0,4,36,0,40,0,26,52,0,78,32,0,32,110
06/30/2016,ITH,NY,AEA,EN,Federal Contract Tower,0,24,13,0,37,0,0,29,4,33,0,24,42,4,70,82,0,82,152
07/01/2016,ITH,NY,AEA,EN,Federal Contract Tower,0,20,15,0,35,0,0,35,0,35,0,20,50,0,70,68,0,68,138
07/02/2016,ITH,NY,AEA,EN,Federal Contract Tower,0,16,11,0,27,0,2,32,0,34,0,18,43,0,61,82,0,82,143
07/03/2016,ITH,NY,AEA,EN,Federal Contract Tower,0,11,4,0,15,0,0,44,0,44,0,11,48,0,59,78,0,78,137
07/04/2016,ITH,NY,AEA,EN,Federal Contract Tower,0,16,5,0,21,0,0,41,0,41,0,16,46,0,62,96,0,96,158
07/05/2016,ITH,NY,AEA,EN,Federal Contract Tower,0,17,19,0,36,0,2,26,0,28,0,19,45,0,64,76,0,76,140
07/06/2016,ITH,NY,AEA,EN,Federal Contract Tower,0,20,6,0,26,0,3,29,0,32,0,23,35,0,58,34,0,34,92
07/07/2016,ITH,NY,AEA,EN,Federal Contract Tower,0,20,7,0,27,0,0,17,0,17,0,20,24,0,44,4,0,4,48
07/08/2016,ITH,NY,AEA,EN,Federal Contract Tower,0,17,2,0,19,0,0,33,0,33,0,17,35,0,52,46,0,46,98
07/09/2016,ITH,NY,AEA,EN,Federal Contract Tower,0,0,0,0,0,0,0,0,0,0,0,0,0,0,0,0,0,0,0
07/10/2016,ITH,NY,AEA,EN,Federal Contract Tower,0,0,0,0,0,0,0,0,0,0,0,0,0,0,0,0,0,0,0
07/11/2016,ITH,NY,AEA,EN,Federal Contract Tower,0,0,0,0,0,0,0,0,0,0,0,0,0,0,0,0,0,0,0
07/12/2016,ITH,NY,AEA,EN,Federal Contract Tower,0,0,0,0,0,0,0,0,0,0,0,0,0,0,0,0,0,0,0
07/13/2016,ITH,NY,AEA,EN,Federal Contract Tower,0,0,0,0,0,0,0,0,0,0,0,0,0,0,0,0,0,0,0
07/14/2016,ITH,NY,AEA,EN,Federal Contract Tower,0,0,0,0,0,0,0,0,0,0,0,0,0,0,0,0,0,0,0
07/15/2016,ITH,NY,AEA,EN,Federal Contract Tower,0,0,0,0,0,0,0,0,0,0,0,0,0,0,0,0,0,0,0
07/16/2016,ITH,NY,AEA,EN,Federal Contract Tower,0,0,0,0,0,0,0,0,0,0,0,0,0,0,0,0,0,0,0
07/17/2016,ITH,NY,AEA,EN,Federal Contract Tower,0,0,0,0,0,0,0,0,0,0,0,0,0,0,0,0,0,0,0
07/18/2016,ITH,NY,AEA,EN,Federal Contract Tower,0,0,0,0,0,0,0,0,0,0,0,0,0,0,0,0,0,0,0
07/19/2016,ITH,NY,AEA,EN,Federal Contract Tower,0,0,0,0,0,0,0,0,0,0,0,0,0,0,0,0,0,0,0
07/20/2016,ITH,NY,AEA,EN,Federal Contract Tower,0,0,0,0,0,0,0,0,0,0,0,0,0,0,0,0,0,0,0
07/21/2016,ITH,NY,AEA,EN,Federal Contract Tower,0,0,0,0,0,0,0,0,0,0,0,0,0,0,0,0,0,0,0
07/22/2016,ITH,NY,AEA,EN,Federal Contract Tower,0,0,3,0,3,0,0,13,0,13,0,0,16,0,16,6,0,6,22
07/23/2016,ITH,NY,AEA,EN,Federal Contract Tower,0,8,8,0,16,0,0,54,0,54,0,8,62,0,70,68,0,68,138
07/24/2016,ITH,NY,AEA,EN,Federal Contract Tower,0,17,8,0,25,0,2,34,1,37,0,19,42,1,62,80,2,82,144
07/25/2016,ITH,NY,AEA,EN,Federal Contract Tower,0,17,2,0,19,0,0,9,0,9,0,17,11,0,28,40,0,40,68
07/26/2016,ITH,NY,AEA,EN,Federal Contract Tower,0,22,7,0,29,0,2,26,0,28,0,24,33,0,57,76,0,76,133
07/27/2016,ITH,NY,AEA,EN,Federal Contract Tower,0,21,7,0,28,0,2,31,0,33,0,23,38,0,61,114,0,114,175
07/28/2016,ITH,NY,AEA,EN,Federal Contract Tower,0,20,12,0,32,0,0,28,0,28,0,20,40,0,60,54,0,54,114
07/29/2016,ITH,NY,AEA,EN,Federal Contract Tower,0,23,16,0,39,0,0,21,0,21,0,23,37,0,60,66,0,66,126
07/30/2016,ITH,NY,AEA,EN,Federal Contract Tower,0,17,9,0,26,0,0,27,0,27,0,17,36,0,53,52,0,52,105
07/31/2016,ITH,NY,AEA,EN,Federal Contract Tower,0,16,20,0,36,0,0,9,0,9,0,16,29,0,45,0,0,0,45
08/01/2016,ITH,NY,AEA,EN,Federal Contract Tower,0,18,12,0,30,0,0,14,0,14,0,18,26,0,44,68,0,68,112
08/02/2016,ITH,NY,AEA,EN,Federal Contract Tower,0,22,16,0,38,0,0,10,0,10,0,22,26,0,48,22,0,22,70
08/03/2016,ITH,NY,AEA,EN,Federal Contract Tower,0,23,14,0,37,0,0,32,0,32,0,23,46,0,69,60,0,60,129
08/04/2016,ITH,NY,AEA,EN,Federal Contract Tower,0,24,13,0,37,0,4,39,0,43,0,28,52,0,80,78,0,78,158
08/05/2016,ITH,NY,AEA,EN,Federal Contract Tower,0,21,12,0,33,0,0,23,0,23,0,21,35,0,56,58,0,58,114
08/06/2016,ITH,NY,AEA,EN,Federal Contract Tower,0,18,14,0,32,0,0,24,0,24,0,18,38,0,56,44,0,44,100
08/07/2016,ITH,NY,AEA,EN,Federal Contract Tower,6,20,23,0,49,0,3,47,0,50,6,23,70,0,99,122,0,122,221
08/08/2016,ITH,NY,AEA,EN,Federal Contract Tower,0,18,12,0,30,0,3,34,0,37,0,21,46,0,67,104,0,104,171
08/09/2016,ITH,NY,AEA,EN,Federal Contract Tower,0,24,9,0,33,0,3,37,0,40,0,27,46,0,73,128,0,128,201
08/10/2016,ITH,NY,AEA,EN,Federal Contract Tower,0,19,9,0,28,0,0,20,0,20,0,19,29,0,48,104,0,104,152
08/11/2016,ITH,NY,AEA,EN,Federal Contract Tower,0,22,16,0,38,0,0,11,0,11,0,22,27,0,49,52,0,52,101
08/12/2016,ITH,NY,AEA,EN,Federal Contract Tower,0,28,9,0,37,0,0,22,0,22,0,28,31,0,59,50,0,50,109
08/13/2016,ITH,NY,AEA,EN,Federal Contract Tower,0,21,8,0,29,0,5,31,0,36,0,26,39,0,65,40,0,40,105
08/14/2016,ITH,NY,AEA,EN,Federal Contract Tower,0,14,7,0,21,0,2,6,0,8,0,16,13,0,29,0,0,0,29
08/15/2016,ITH,NY,AEA,EN,Federal Contract Tower,0,28,20,0,48,0,0,23,0,23,0,28,43,0,71,62,0,62,133
08/16/2016,ITH,NY,AEA,EN,Federal Contract Tower,0,17,8,0,25,0,0,13,0,13,0,17,21,0,38,36,0,36,74
08/17/2016,ITH,NY,AEA,EN,Federal Contract Tower,0,29,12,0,41,0,6,19,0,25,0,35,31,0,66,58,0,58,124
08/18/2016,ITH,NY,AEA,EN,Federal Contract Tower,0,25,14,0,39,0,4,28,0,32,0,29,42,0,71,60,0,60,131
08/19/2016,ITH,NY,AEA,EN,Federal Contract Tower,0,24,21,2,47,0,3,41,0,44,0,27,62,2,91,116,0,116,207
08/20/2016,ITH,NY,AEA,EN,Federal Contract Tower,0,27,13,0,40,0,3,45,0,48,0,30,58,0,88,84,0,84,172
08/21/2016,ITH,NY,AEA,EN,Federal Contract Tower,0,25,19,0,44,0,0,12,0,12,0,25,31,0,56,28,0,28,84
08/22/2016,ITH,NY,AEA,EN,Federal Contract Tower,0,19,21,0,40,0,0,14,0,14,0,19,35,0,54,40,2,42,96
08/23/2016,ITH,NY,AEA,EN,Federal Contract Tower,0,20,17,0,37,0,2,40,0,42,0,22,57,0,79,88,0,88,167
08/24/2016,ITH,NY,AEA,EN,Federal Contract Tower,0,29,8,1,38,0,3,34,1,38,0,32,42,2,76,86,0,86,162
08/25/2016,ITH,NY,AEA,EN,Federal Contract Tower,0,24,2,1,27,0,0,11,0,11,0,24,13,1,38,88,0,88,126
08/26/2016,ITH,NY,AEA,EN,Federal Contract Tower,0,18,11,0,29,0,0,29,0,29,0,18,40,0,58,80,0,80,138
08/27/2016,ITH,NY,AEA,EN,Federal Contract Tower,0,18,7,0,25,0,0,44,0,44,0,18,51,0,69,98,0,98,167
08/28/2016,ITH,NY,AEA,EN,Federal Contract Tower,0,19,11,0,30,0,0,31,0,31,0,19,42,0,61,92,0,92,153
08/29/2016,ITH,NY,AEA,EN,Federal Contract Tower,0,25,15,2,42,0,0,25,2,27,0,25,40,4,69,74,0,74,143
08/30/2016,ITH,NY,AEA,EN,Federal Contract Tower,0,19,14,0,33,0,1,27,4,32,0,20,41,4,65,64,0,64,129
08/31/2016,ITH,NY,AEA,EN,Federal Contract Tower,0,20,9,0,29,0,0,25,0,25,0,20,34,0,54,62,0,62,116
09/01/2016,ITH,NY,AEA,EN,Federal Contract Tower,0,22,5,0,27,0,0,39,0,39,0,22,44,0,66,22,0,22,88
09/02/2016,ITH,NY,AEA,EN,Federal Contract Tower,0,35,15,0,50,0,1,42,0,43,0,36,57,0,93,40,0,40,133
09/03/2016,ITH,NY,AEA,EN,Federal Contract Tower,0,24,7,0,31,0,0,31,0,31,0,24,38,0,62,56,0,56,118
09/04/2016,ITH,NY,AEA,EN,Federal Contract Tower,0,15,9,0,24,0,2,31,0,33,0,17,40,0,57,46,0,46,103
09/05/2016,ITH,NY,AEA,EN,Federal Contract Tower,0,22,10,0,32,0,0,29,0,29,0,22,39,0,61,116,0,116,177
09/06/2016,ITH,NY,AEA,EN,Federal Contract Tower,0,20,6,0,26,0,2,28,0,30,0,22,34,0,56,42,0,42,98
09/07/2016,ITH,NY,AEA,EN,Federal Contract Tower,0,24,20,0,44,0,0,32,0,32,0,24,52,0,76,44,0,44,120
09/08/2016,ITH,NY,AEA,EN,Federal Contract Tower,0,23,13,0,36,0,0,16,0,16,0,23,29,0,52,8,0,8,60
09/09/2016,ITH,NY,AEA,EN,Federal Contract Tower,0,27,13,0,40,0,1,30,0,31,0,28,43,0,71,72,0,72,143
09/10/2016,ITH,NY,AEA,EN,Federal Contract Tower,0,19,2,0,21,0,0,29,0,29,0,19,31,0,50,66,0,66,116
09/11/2016,ITH,NY,AEA,EN,Federal Contract Tower,0,25,3,0,28,0,0,11,0,11,0,25,14,0,39,34,0,34,73
09/12/2016,ITH,NY,AEA,EN,Federal Contract Tower,0,32,11,0,43,0,2,27,0,29,0,34,38,0,72,106,0,106,178
09/13/2016,ITH,NY,AEA,EN,Federal Contract Tower,0,22,8,0,30,0,4,31,0,35,0,26,39,0,65,84,0,84,149
09/14/2016,ITH,NY,AEA,EN,Federal Contract Tower,0,24,3,0,27,0,0,8,0,8,0,24,11,0,35,28,0,28,63
09/15/2016,ITH,NY,AEA,EN,Federal Contract Tower,0,23,12,0,35,0,2,33,0,35,0,25,45,0,70,64,0,64,134
09/16/2016,ITH,NY,AEA,EN,Federal Contract Tower,0,26,7,0,33,0,0,38,0,38,0,26,45,0,71,64,0,64,135
09/17/2016,ITH,NY,AEA,EN,Federal Contract Tower,0,19,8,0,27,0,0,22,0,22,0,19,30,0,49,0,0,0,49
09/18/2016,ITH,NY,AEA,EN,Federal Contract Tower,0,17,8,0,25,0,2,15,0,17,0,19,23,0,42,92,0,92,134
09/19/2016,ITH,NY,AEA,EN,Federal Contract Tower,0,22,5,0,27,0,0,24,0,24,0,22,29,0,51,56,0,56,107
09/20/2016,ITH,NY,AEA,EN,Federal Contract Tower,0,23,10,0,33,0,1,33,0,34,0,24,43,0,67,88,0,88,155
09/21/2016,ITH,NY,AEA,EN,Federal Contract Tower,0,25,16,0,41,0,2,42,0,44,0,27,58,0,85,54,0,54,139
09/22/2016,ITH,NY,AEA,EN,Federal Contract Tower,0,20,10,0,30,0,1,35,0,36,0,21,45,0,66,46,0,46,112
09/23/2016,ITH,NY,AEA,EN,Federal Contract Tower,0,26,13,0,39,0,0,12,0,12,0,26,25,0,51,36,0,36,87
09/24/2016,ITH,NY,AEA,EN,Federal Contract Tower,0,29,20,0,49,0,4,49,0,53,0,33,69,0,102,78,0,78,180
09/25/2016,ITH,NY,AEA,EN,Federal Contract Tower,0,18,9,0,27,0,0,43,0,43,0,18,52,0,70,66,0,66,136
09/26/2016,ITH,NY,AEA,EN,Federal Contract Tower,0,21,5,0,26,0,0,19,0,19,0,21,24,0,45,62,0,62,107
09/27/2016,ITH,NY,AEA,EN,Federal Contract Tower,0,23,12,0,35,0,4,22,0,26,0,27,34,0,61,50,0,50,111
09/28/2016,ITH,NY,AEA,EN,Federal Contract Tower,0,24,10,0,34,0,1,35,0,36,0,25,45,0,70,54,0,54,124
09/29/2016,ITH,NY,AEA,EN,Federal Contract Tower,0,24,11,0,35,0,0,0,0,0,0,24,11,0,35,0,0,0,35
09/30/2016,ITH,NY,AEA,EN,Federal Contract Tower,0,17,16,0,33,0,0,15,0,15,0,17,31,0,48,74,0,74,122
10/01/2016,ITH,NY,AEA,EN,Federal Contract Tower,0,27,10,0,37,0,0,0,0,0,0,27,10,0,37,0,0,0,37
10/02/2016,ITH,NY,AEA,EN,Federal Contract Tower,0,13,19,0,32,0,0,20,0,20,0,13,39,0,52,28,0,28,80
10/03/2016,ITH,NY,AEA,EN,Federal Contract Tower,0,30,15,0,45,0,0,4,0,4,0,30,19,0,49,28,0,28,77
10/04/2016,ITH,NY,AEA,EN,Federal Contract Tower,0,21,6,0,27,0,0,6,1,7,0,21,12,1,34,0,2,2,36
10/05/2016,ITH,NY,AEA,EN,Federal Contract Tower,0,24,15,0,39,0,0,22,0,22,0,24,37,0,61,66,0,66,127
10/06/2016,ITH,NY,AEA,EN,Federal Contract Tower,0,24,11,0,35,0,0,27,0,27,0,24,38,0,62,68,0,68,130
10/07/2016,ITH,NY,AEA,EN,Federal Contract Tower,0,28,15,0,43,0,2,40,0,42,0,30,55,0,85,92,0,92,177
10/08/2016,ITH,NY,AEA,EN,Federal Contract Tower,0,24,8,0,32,0,0,1,0,1,0,24,9,0,33,0,0,0,33
10/09/2016,ITH,NY,AEA,EN,Federal Contract Tower,0,20,7,0,27,0,0,18,0,18,0,20,25,0,45,72,0,72,117
10/10/2016,ITH,NY,AEA,EN,Federal Contract Tower,0,20,9,0,29,0,0,24,0,24,0,20,33,0,53,96,0,96,149
10/11/2016,ITH,NY,AEA,EN,Federal Contract Tower,0,26,6,0,32,0,4,35,0,39,0,30,41,0,71,82,0,82,153
10/12/2016,ITH,NY,AEA,EN,Federal Contract Tower,0,21,17,0,38,0,2,28,0,30,0,23,45,0,68,72,0,72,140
10/13/2016,ITH,NY,AEA,EN,Federal Contract Tower,0,24,11,0,35,0,0,3,0,3,0,24,14,0,38,0,0,0,38
10/14/2016,ITH,NY,AEA,EN,Federal Contract Tower,0,32,15,0,47,0,2,42,0,44,0,34,57,0,91,116,0,116,207
10/15/2016,ITH,NY,AEA,EN,Federal Contract Tower,2,23,5,1,31,0,2,36,1,39,2,25,41,2,70,144,0,144,214
10/16/2016,ITH,NY,AEA,EN,Federal Contract Tower,0,24,9,0,33,0,1,35,0,36,0,25,44,0,69,48,0,48,117
10/17/2016,ITH,NY,AEA,EN,Federal Contract Tower,0,25,16,0,41,0,0,8,0,8,0,25,24,0,49,38,0,38,87
10/18/2016,ITH,NY,AEA,EN,Federal Contract Tower,0,21,6,0,27,0,0,13,0,13,0,21,19,0,40,26,0,26,66
10/19/2016,ITH,NY,AEA,EN,Federal Contract Tower,0,21,13,0,34,0,0,26,0,26,0,21,39,0,60,44,0,44,104
10/20/2016,ITH,NY,AEA,EN,Federal Contract Tower,0,30,14,0,44,0,0,0,0,0,0,30,14,0,44,0,0,0,44
10/21/2016,ITH,NY,AEA,EN,Federal Contract Tower,0,27,22,0,49,0,0,0,0,0,0,27,22,0,49,0,0,0,49
10/22/2016,ITH,NY,AEA,EN,Federal Contract Tower,0,23,4,0,27,0,0,0,0,0,0,23,4,0,27,0,0,0,27
10/23/2016,ITH,NY,AEA,EN,Federal Contract Tower,0,26,12,0,38,0,0,4,0,4,0,26,16,0,42,10,0,10,52
10/24/2016,ITH,NY,AEA,EN,Federal Contract Tower,0,19,17,1,37,0,0,8,1,9,0,19,25,2,46,32,0,32,78
10/25/2016,ITH,NY,AEA,EN,Federal Contract Tower,0,19,6,0,25,0,0,11,0,11,0,19,17,0,36,64,0,64,100
10/26/2016,ITH,NY,AEA,EN,Federal Contract Tower,0,30,12,0,42,0,4,17,0,21,0,34,29,0,63,80,0,80,143
10/27/2016,ITH,NY,AEA,EN,Federal Contract Tower,0,38,15,0,53,0,0,0,0,0,0,38,15,0,53,0,0,0,53
10/28/2016,ITH,NY,AEA,EN,Federal Contract Tower,0,32,13,0,45,0,0,11,0,11,0,32,24,0,56,8,0,8,64
10/29/2016,ITH,NY,AEA,EN,Federal Contract Tower,0,34,24,0,58,0,0,24,0,24,0,34,48,0,82,20,0,20,102
10/30/2016,ITH,NY,AEA,EN,Federal Contract Tower,0,23,13,0,36,0,0,0,0,0,0,23,13,0,36,0,0,0,36
10/31/2016,ITH,NY,AEA,EN,Federal Contract Tower,0,21,5,0,26,0,0,24,0,24,0,21,29,0,50,82,0,82,132
11/01/2016,ITH,NY,AEA,EN,Federal Contract Tower,0,21,9,0,30,0,1,22,0,23,0,22,31,0,53,14,0,14,67
11/02/2016,ITH,NY,AEA,EN,Federal Contract Tower,0,19,16,0,35,0,0,28,1,29,0,19,44,1,64,90,0,90,154
11/03/2016,ITH,NY,AEA,EN,Federal Contract Tower,0,24,13,0,37,0,0,0,0,0,0,24,13,0,37,0,0,0,37
11/04/2016,ITH,NY,AEA,EN,Federal Contract Tower,0,30,6,0,36,0,2,32,0,34,0,32,38,0,70,60,0,60,130
11/05/2016,ITH,NY,AEA,EN,Federal Contract Tower,0,22,14,0,36,0,0,34,0,34,0,22,48,0,70,82,0,82,152
11/06/2016,ITH,NY,AEA,EN,Federal Contract Tower,0,24,13,0,37,0,2,38,0,40,0,26,51,0,77,74,0,74,151
11/07/2016,ITH,NY,AEA,EN,Federal Contract Tower,0,25,12,0,37,0,0,27,0,27,0,25,39,0,64,38,0,38,102
11/08/2016,ITH,NY,AEA,EN,Federal Contract Tower,0,25,6,0,31,0,0,26,0,26,0,25,32,0,57,92,0,92,149
11/09/2016,ITH,NY,AEA,EN,Federal Contract Tower,0,12,15,0,27,0,0,0,0,0,0,12,15,0,27,0,0,0,27
11/10/2016,ITH,NY,AEA,EN,Federal Contract Tower,0,29,12,0,41,0,0,23,0,23,0,29,35,0,64,116,0,116,180
11/11/2016,ITH,NY,AEA,EN,Federal Contract Tower,0,26,7,0,33,0,0,4,0,4,0,26,11,0,37,0,0,0,37
11/12/2016,ITH,NY,AEA,EN,Federal Contract Tower,0,27,8,0,35,0,3,44,0,47,0,30,52,0,82,34,0,34,116
11/13/2016,ITH,NY,AEA,EN,Federal Contract Tower,0,23,17,0,40,0,3,35,0,38,0,26,52,0,78,98,0,98,176
11/14/2016,ITH,NY,AEA,EN,Federal Contract Tower,0,23,13,0,36,0,0,27,0,27,0,23,40,0,63,104,0,104,167
11/15/2016,ITH,NY,AEA,EN,Federal Contract Tower,0,24,12,0,36,0,2,30,0,32,0,26,42,0,68,102,0,102,170
11/16/2016,ITH,NY,AEA,EN,Federal Contract Tower,0,24,8,0,32,0,0,13,0,13,0,24,21,0,45,52,0,52,97
11/17/2016,ITH,NY,AEA,EN,Federal Contract Tower,0,27,12,1,40,0,2,12,0,14,0,29,24,1,54,16,0,16,70
11/18/2016,ITH,NY,AEA,EN,Federal Contract Tower,0,26,20,0,46,0,1,34,0,35,0,27,54,0,81,86,0,86,167
11/19/2016,ITH,NY,AEA,EN,Federal Contract Tower,0,30,12,0,42,0,1,23,0,24,0,31,35,0,66,42,0,42,108
11/20/2016,ITH,NY,AEA,EN,Federal Contract Tower,0,14,3,0,17,0,0,0,0,0,0,14,3,0,17,0,0,0,17
11/21/2016,ITH,NY,AEA,EN,Federal Contract Tower,0,18,1,0,19,0,0,0,0,0,0,18,1,0,19,0,0,0,19
11/22/2016,ITH,NY,AEA,EN,Federal Contract Tower,0,26,9,0,35,0,0,0,6,6,0,26,9,6,41,0,0,0,41
11/23/2016,ITH,NY,AEA,EN,Federal Contract Tower,0,22,6,0,28,0,0,15,0,15,0,22,21,0,43,76,0,76,119
11/24/2016,ITH,NY,AEA,EN,Federal Contract Tower,0,10,3,0,13,0,0,0,0,0,0,10,3,0,13,0,0,0,13
11/25/2016,ITH,NY,AEA,EN,Federal Contract Tower,0,13,2,0,15,0,0,0,0,0,0,13,2,0,15,0,0,0,15
11/26/2016,ITH,NY,AEA,EN,Federal Contract Tower,0,15,3,0,18,0,0,0,0,0,0,15,3,0,18,0,0,0,18
11/27/2016,ITH,NY,AEA,EN,Federal Contract Tower,0,27,19,0,46,0,0,1,0,1,0,27,20,0,47,0,0,0,47
11/28/2016,ITH,NY,AEA,EN,Federal Contract Tower,0,28,8,0,36,0,3,14,0,17,0,31,22,0,53,62,0,62,115
11/29/2016,ITH,NY,AEA,EN,Federal Contract Tower,0,20,4,0,24,0,0,2,0,2,0,20,6,0,26,2,0,2,28
11/30/2016,ITH,NY,AEA,EN,Federal Contract Tower,0,28,6,0,34,0,0,9,1,10,0,28,15,1,44,16,0,16,60
12/01/2016,ITH,NY,AEA,EN,Federal Contract Tower,0,16,9,0,25,0,0,3,2,5,0,16,12,2,30,0,0,0,30
12/02/2016,ITH,NY,AEA,EN,Federal Contract Tower,0,20,6,0,26,0,0,9,0,9,0,20,15,0,35,22,0,22,57
12/03/2016,ITH,NY,AEA,EN,Federal Contract Tower,0,16,4,0,20,0,0,1,0,1,0,16,5,0,21,0,0,0,21
12/04/2016,ITH,NY,AEA,EN,Federal Contract Tower,0,23,17,0,40,0,2,32,0,34,0,25,49,0,74,90,0,90,164
12/05/2016,ITH,NY,AEA,EN,Federal Contract Tower,0,19,2,0,21,0,0,0,0,0,0,19,2,0,21,0,0,0,21
12/06/2016,ITH,NY,AEA,EN,Federal Contract Tower,0,18,3,1,22,0,0,23,0,23,0,18,26,1,45,80,0,80,125
12/07/2016,ITH,NY,AEA,EN,Federal Contract Tower,0,18,6,0,24,0,0,4,0,4,0,18,10,0,28,22,0,22,50
12/08/2016,ITH,NY,AEA,EN,Federal Contract Tower,0,15,6,0,21,0,4,9,0,13,0,19,15,0,34,26,0,26,60
12/09/2016,ITH,NY,AEA,EN,Federal Contract Tower,0,20,6,0,26,0,1,0,0,1,0,21,6,0,27,0,0,0,27
12/10/2016,ITH,NY,AEA,EN,Federal Contract Tower,0,14,2,0,16,0,0,7,0,7,0,14,9,0,23,0,0,0,23
12/11/2016,ITH,NY,AEA,EN,Federal Contract Tower,0,14,5,0,19,0,0,1,0,1,0,14,6,0,20,20,0,20,40
12/12/2016,ITH,NY,AEA,EN,Federal Contract Tower,2,15,3,0,20,0,0,1,0,1,2,15,4,0,21,46,0,46,67
12/13/2016,ITH,NY,AEA,EN,Federal Contract Tower,0,18,9,1,28,0,0,17,1,18,0,18,26,2,46,60,0,60,106
12/14/2016,ITH,NY,AEA,EN,Federal Contract Tower,0,17,8,0,25,0,1,21,0,22,0,18,29,0,47,52,0,52,99
12/15/2016,ITH,NY,AEA,EN,Federal Contract Tower,0,17,4,0,21,0,0,1,0,1,0,17,5,0,22,0,0,0,22
12/16/2016,ITH,NY,AEA,EN,Federal Contract Tower,0,25,9,0,34,0,0,24,0,24,0,25,33,0,58,60,0,60,118
12/17/2016,ITH,NY,AEA,EN,Federal Contract Tower,0,11,1,0,12,0,0,0,0,0,0,11,1,0,12,0,0,0,12
12/18/2016,ITH,NY,AEA,EN,Federal Contract Tower,0,13,2,0,15,0,0,1,0,1,0,13,3,0,16,0,0,0,16
12/19/2016,ITH,NY,AEA,EN,Federal Contract Tower,0,15,7,0,22,0,0,15,0,15,0,15,22,0,37,76,0,76,113
12/20/2016,ITH,NY,AEA,EN,Federal Contract Tower,0,18,10,0,28,0,0,23,0,23,0,18,33,0,51,58,0,58,109
12/21/2016,ITH,NY,AEA,EN,Federal Contract Tower,0,19,12,0,31,0,0,33,0,33,0,19,45,0,64,82,0,82,146
12/22/2016,ITH,NY,AEA,EN,Federal Contract Tower,0,13,6,0,19,0,0,0,0,0,0,13,6,0,19,0,0,0,19
12/23/2016,ITH,NY,AEA,EN,Federal Contract Tower,0,18,7,0,25,0,0,32,0,32,0,18,39,0,57,72,0,72,129
12/24/2016,ITH,NY,AEA,EN,Federal Contract Tower,0,13,0,0,13,0,0,6,0,6,0,13,6,0,19,2,0,2,21
12/25/2016,ITH,NY,AEA,EN,Federal Contract Tower,0,0,7,0,7,0,2,0,0,2,0,2,7,0,9,0,0,0,9
12/26/2016,ITH,NY,AEA,EN,Federal Contract Tower,0,14,5,0,19,0,0,0,0,0,0,14,5,0,19,0,0,0,19
12/27/2016,ITH,NY,AEA,EN,Federal Contract Tower,0,15,4,0,19,0,0,12,0,12,0,15,16,0,31,12,4,16,47
12/28/2016,ITH,NY,AEA,EN,Federal Contract Tower,0,16,7,0,23,0,0,11,0,11,0,16,18,0,34,10,0,10,44
12/29/2016,ITH,NY,AEA,EN,Federal Contract Tower,0,13,3,0,16,0,0,1,0,1,0,13,4,0,17,1,0,1,18
12/30/2016,ITH,NY,AEA,EN,Federal Contract Tower,0,15,3,0,18,0,0,2,0,2,0,15,5,0,20,0,0,0,20
12/31/2016,ITH,NY,AEA,EN,Federal Contract Tower,0,14,4,0,18,0,0,8,0,8,0,14,12,0,26,0,0,0,26
01/01/2017,ITH,NY,AEA,EN,Federal Contract Tower,0,13,6,0,19,0,0,26,0,26,0,13,32,0,45,40,0,40,85
01/02/2017,ITH,NY,AEA,EN,Federal Contract Tower,0,12,9,0,21,0,0,5,0,5,0,12,14,0,26,18,0,18,44
01/03/2017,ITH,NY,AEA,EN,Federal Contract Tower,0,13,1,0,14,0,0,0,0,0,0,13,1,0,14,0,0,0,14
01/04/2017,ITH,NY,AEA,EN,Federal Contract Tower,0,14,1,0,15,0,0,0,0,0,0,14,1,0,15,0,0,0,15
01/05/2017,ITH,NY,AEA,EN,Federal Contract Tower,0,18,6,0,24,0,1,16,0,17,0,19,22,0,41,44,14,58,99
01/06/2017,ITH,NY,AEA,EN,Federal Contract Tower,0,19,2,0,21,0,0,28,0,28,0,19,30,0,49,78,0,78,127
01/07/2017,ITH,NY,AEA,EN,Federal Contract Tower,0,11,3,0,14,0,0,27,0,27,0,11,30,0,41,60,0,60,101
01/08/2017,ITH,NY,AEA,EN,Federal Contract Tower,0,14,4,0,18,0,0,0,0,0,0,14,4,0,18,0,0,0,18
01/09/2017,ITH,NY,AEA,EN,Federal Contract Tower,0,16,5,0,21,0,0,6,0,6,0,16,11,0,27,10,0,10,37
01/10/2017,ITH,NY,AEA,EN,Federal Contract Tower,0,13,5,0,18,0,0,2,0,2,0,13,7,0,20,0,0,0,20
01/11/2017,ITH,NY,AEA,EN,Federal Contract Tower,0,9,6,0,15,0,0,26,0,26,0,9,32,0,41,0,0,0,41
01/12/2017,ITH,NY,AEA,EN,Federal Contract Tower,0,16,3,2,21,0,0,0,0,0,0,16,3,2,21,0,0,0,21
01/13/2017,ITH,NY,AEA,EN,Federal Contract Tower,0,17,8,0,25,0,0,1,0,1,0,17,9,0,26,0,0,0,26
01/14/2017,ITH,NY,AEA,EN,Federal Contract Tower,0,14,5,0,19,0,0,21,0,21,0,14,26,0,40,28,0,28,68
01/15/2017,ITH,NY,AEA,EN,Federal Contract Tower,0,13,3,0,16,0,0,10,0,10,0,13,13,0,26,20,0,20,46
01/16/2017,ITH,NY,AEA,EN,Federal Contract Tower,0,15,10,0,25,0,0,28,0,28,0,15,38,0,53,70,0,70,123
01/17/2017,ITH,NY,AEA,EN,Federal Contract Tower,0,14,4,0,18,0,0,0,0,0,0,14,4,0,18,0,0,0,18
01/18/2017,ITH,NY,AEA,EN,Federal Contract Tower,0,18,5,0,23,0,0,0,0,0,0,18,5,0,23,0,0,0,23
01/19/2017,ITH,NY,AEA,EN,Federal Contract Tower,0,18,5,0,23,0,0,0,0,0,0,18,5,0,23,0,0,0,23
01/20/2017,ITH,NY,AEA,EN,Federal Contract Tower,0,17,6,0,23,0,0,0,0,0,0,17,6,0,23,0,0,0,23
01/21/2017,ITH,NY,AEA,EN,Federal Contract Tower,0,17,2,0,19,0,0,23,0,23,0,17,25,0,42,72,0,72,114
01/22/2017,ITH,NY,AEA,EN,Federal Contract Tower,0,12,6,0,18,0,0,14,0,14,0,12,20,0,32,66,0,66,98
01/23/2017,ITH,NY,AEA,EN,Federal Contract Tower,0,16,3,0,19,0,0,0,0,0,0,16,3,0,19,0,0,0,19
01/24/2017,ITH,NY,AEA,EN,Federal Contract Tower,0,16,1,0,17,0,0,0,0,0,0,16,1,0,17,0,0,0,17
01/25/2017,ITH,NY,AEA,EN,Federal Contract Tower,0,19,5,0,24,0,0,2,0,2,0,19,7,0,26,0,0,0,26
01/26/2017,ITH,NY,AEA,EN,Federal Contract Tower,0,14,4,0,18,0,0,1,0,1,0,14,5,0,19,10,0,10,29
01/27/2017,ITH,NY,AEA,EN,Federal Contract Tower,0,21,4,0,25,0,0,0,0,0,0,21,4,0,25,24,0,24,49
01/28/2017,ITH,NY,AEA,EN,Federal Contract Tower,0,17,4,0,21,0,0,0,0,0,0,17,4,0,21,0,0,0,21
01/29/2017,ITH,NY,AEA,EN,Federal Contract Tower,0,16,10,0,26,0,0,6,0,6,0,16,16,0,32,2,0,2,34
01/30/2017,ITH,NY,AEA,EN,Federal Contract Tower,0,14,7,0,21,0,0,3,0,3,0,14,10,0,24,8,0,8,32
01/31/2017,ITH,NY,AEA,EN,Federal Contract Tower,0,17,9,0,26,0,0,0,0,0,0,17,9,0,26,0,0,0,26
02/01/2017,ITH,NY,AEA,EN,Federal Contract Tower,0,17,8,0,25,0,0,5,0,5,0,17,13,0,30,16,0,16,46
02/02/2017,ITH,NY,AEA,EN,Federal Contract Tower,0,20,13,0,33,0,0,0,0,0,0,20,13,0,33,0,0,0,33
02/03/2017,ITH,NY,AEA,EN,Federal Contract Tower,0,16,7,0,23,0,0,0,0,0,0,16,7,0,23,2,0,2,25
02/04/2017,ITH,NY,AEA,EN,Federal Contract Tower,0,16,4,0,20,0,0,30,0,30,0,16,34,0,50,118,0,118,168
02/05/2017,ITH,NY,AEA,EN,Federal Contract Tower,0,15,12,0,27,0,0,16,0,16,0,15,28,0,43,58,0,58,101
02/06/2017,ITH,NY,AEA,EN,Federal Contract Tower,0,16,5,0,21,0,2,18,0,20,0,18,23,0,41,34,0,34,75
02/07/2017,ITH,NY,AEA,EN,Federal Contract Tower,0,19,2,0,21,0,0,0,0,0,0,19,2,0,21,0,0,0,21
02/08/2017,ITH,NY,AEA,EN,Federal Contract Tower,0,15,9,0,24,0,0,8,0,8,0,15,17,0,32,38,0,38,70
02/09/2017,ITH,NY,AEA,EN,Federal Contract Tower,0,9,0,0,9,0,2,0,0,2,0,11,0,0,11,0,0,0,11
02/10/2017,ITH,NY,AEA,EN,Federal Contract Tower,0,12,4,0,16,0,0,13,0,13,0,12,17,0,29,12,0,12,41
02/11/2017,ITH,NY,AEA,EN,Federal Contract Tower,0,13,9,0,22,0,4,25,0,29,0,17,34,0,51,94,0,94,145
02/12/2017,ITH,NY,AEA,EN,Federal Contract Tower,0,8,2,0,10,0,0,0,0,0,0,8,2,0,10,0,0,0,10
02/13/2017,ITH,NY,AEA,EN,Federal Contract Tower,0,17,5,0,22,0,0,0,0,0,0,17,5,0,22,0,0,0,22
02/14/2017,ITH,NY,AEA,EN,Federal Contract Tower,0,20,11,0,31,0,0,15,0,15,0,20,26,0,46,58,0,58,104
02/15/2017,ITH,NY,AEA,EN,Federal Contract Tower,0,15,10,0,25,0,0,0,0,0,0,15,10,0,25,0,0,0,25
02/16/2017,ITH,NY,AEA,EN,Federal Contract Tower,0,22,11,0,33,0,0,0,0,0,0,22,11,0,33,0,0,0,33
02/17/2017,ITH,NY,AEA,EN,Federal Contract Tower,0,19,19,0,38,0,0,29,0,29,0,19,48,0,67,38,0,38,105
02/18/2017,ITH,NY,AEA,EN,Federal Contract Tower,0,14,15,0,29,0,3,48,0,51,0,17,63,0,80,82,0,82,162
02/19/2017,ITH,NY,AEA,EN,Federal Contract Tower,0,14,8,0,22,0,2,27,0,29,0,16,35,0,51,6,0,6,57
02/20/2017,ITH,NY,AEA,EN,Federal Contract Tower,0,18,11,0,29,0,2,38,0,40,0,20,49,0,69,94,0,94,163
02/21/2017,ITH,NY,AEA,EN,Federal Contract Tower,0,21,7,0,28,0,3,17,0,20,0,24,24,0,48,60,0,60,108
02/22/2017,ITH,NY,AEA,EN,Federal Contract Tower,0,19,8,0,27,0,2,10,0,12,0,21,18,0,39,66,0,66,105
02/23/2017,ITH,NY,AEA,EN,Federal Contract Tower,0,18,13,0,31,0,0,12,0,12,0,18,25,0,43,50,0,50,93
02/24/2017,ITH,NY,AEA,EN,Federal Contract Tower,0,16,7,0,23,0,4,14,0,18,0,20,21,0,41,32,0,32,73
02/25/2017,ITH,NY,AEA,EN,Federal Contract Tower,0,13,7,0,20,0,0,0,0,0,0,13,7,0,20,0,0,0,20
02/26/2017,ITH,NY,AEA,EN,Federal Contract Tower,0,17,14,0,31,0,0,11,0,11,0,17,25,0,42,52,0,52,94
02/27/2017,ITH,NY,AEA,EN,Federal Contract Tower,0,16,14,0,30,0,0,9,0,9,0,16,23,0,39,80,0,80,119
02/28/2017,ITH,NY,AEA,EN,Federal Contract Tower,0,16,5,0,21,0,4,2,0,6,0,20,7,0,27,10,0,10,37
03/01/2017,ITH,NY,AEA,EN,Federal Contract Tower,0,14,7,0,21,0,0,0,0,0,0,14,7,0,21,0,0,0,21
03/02/2017,ITH,NY,AEA,EN,Federal Contract Tower,0,15,5,0,20,0,0,0,0,0,0,15,5,0,20,0,6,6,26
03/03/2017,ITH,NY,AEA,EN,Federal Contract Tower,0,17,3,0,20,0,0,2,0,2,0,17,5,0,22,26,0,26,48
03/04/2017,ITH,NY,AEA,EN,Federal Contract Tower,0,13,3,0,16,0,0,0,0,0,0,13,3,0,16,0,0,0,16
03/05/2017,ITH,NY,AEA,EN,Federal Contract Tower,0,16,4,0,20,0,4,38,0,42,0,20,42,0,62,94,0,94,156
03/06/2017,ITH,NY,AEA,EN,Federal Contract Tower,0,15,8,0,23,0,0,14,0,14,0,15,22,0,37,26,0,26,63
03/07/2017,ITH,NY,AEA,EN,Federal Contract Tower,0,16,4,0,20,0,0,1,0,1,0,16,5,0,21,0,0,0,21
03/08/2017,ITH,NY,AEA,EN,Federal Contract Tower,0,15,7,0,22,0,0,4,0,4,0,15,11,0,26,12,0,12,38
03/09/2017,ITH,NY,AEA,EN,Federal Contract Tower,0,18,1,0,19,0,1,10,0,11,0,19,11,0,30,0,0,0,30
03/10/2017,ITH,NY,AEA,EN,Federal Contract Tower,0,21,9,0,30,0,0,5,0,5,0,21,14,0,35,0,0,0,35
03/11/2017,ITH,NY,AEA,EN,Federal Contract Tower,0,21,3,0,24,0,0,0,0,0,0,21,3,0,24,0,0,0,24
03/12/2017,ITH,NY,AEA,EN,Federal Contract Tower,0,17,7,0,24,0,0,2,0,2,0,17,9,0,26,18,0,18,44
03/13/2017,ITH,NY,AEA,EN,Federal Contract Tower,0,19,7,0,26,0,1,18,0,19,0,20,25,0,45,38,0,38,83
03/14/2017,ITH,NY,AEA,EN,Federal Contract Tower,0,1,0,0,1,0,0,0,0,0,0,1,0,0,1,0,0,0,1
03/15/2017,ITH,NY,AEA,EN,Federal Contract Tower,0,0,0,0,0,0,0,0,0,0,0,0,0,0,0,0,0,0,0
03/16/2017,ITH,NY,AEA,EN,Federal Contract Tower,0,14,6,0,20,0,0,0,0,0,0,14,6,0,20,0,0,0,20
03/17/2017,ITH,NY,AEA,EN,Federal Contract Tower,0,21,7,0,28,0,0,25,0,25,0,21,32,0,53,92,0,92,145
03/18/2017,ITH,NY,AEA,EN,Federal Contract Tower,0,15,4,0,19,0,0,0,0,0,0,15,4,0,19,0,0,0,19
03/19/2017,ITH,NY,AEA,EN,Federal Contract Tower,0,17,9,0,26,0,0,28,0,28,0,17,37,0,54,84,0,84,138
03/20/2017,ITH,NY,AEA,EN,Federal Contract Tower,0,22,13,0,35,0,0,21,0,21,0,22,34,0,56,74,0,74,130
03/21/2017,ITH,NY,AEA,EN,Federal Contract Tower,0,24,7,0,31,0,0,26,0,26,0,24,33,0,57,68,0,68,125
03/22/2017,ITH,NY,AEA,EN,Federal Contract Tower,0,24,2,0,26,0,1,2,0,3,0,25,4,0,29,0,0,0,29
03/23/2017,ITH,NY,AEA,EN,Federal Contract Tower,0,31,11,0,42,0,0,35,0,35,0,31,46,0,77,92,0,92,169
03/24/2017,ITH,NY,AEA,EN,Federal Contract Tower,0,34,15,0,49,0,0,2,0,2,0,34,17,0,51,0,0,0,51
03/25/2017,ITH,NY,AEA,EN,Federal Contract Tower,0,13,5,0,18,0,0,0,0,0,0,13,5,0,18,0,0,0,18
03/26/2017,ITH,NY,AEA,EN,Federal Contract Tower,0,20,3,0,23,0,0,0,0,0,0,20,3,0,23,0,0,0,23
03/27/2017,ITH,NY,AEA,EN,Federal Contract Tower,0,18,9,0,27,0,0,0,0,0,0,18,9,0,27,10,0,10,37
03/28/2017,ITH,NY,AEA,EN,Federal Contract Tower,0,18,7,0,25,0,0,2,0,2,0,18,9,0,27,12,0,12,39
03/29/2017,ITH,NY,AEA,EN,Federal Contract Tower,0,21,8,0,29,0,2,22,0,24,0,23,30,0,53,100,0,100,153
03/30/2017,ITH,NY,AEA,EN,Federal Contract Tower,0,21,13,0,34,0,0,18,0,18,0,21,31,0,52,100,0,100,152
03/31/2017,ITH,NY,AEA,EN,Federal Contract Tower,0,27,7,0,34,0,0,0,0,0,0,27,7,0,34,0,0,0,34
04/01/2017,ITH,NY,AEA,EN,Federal Contract Tower,0,15,2,0,17,0,0,0,0,0,0,15,2,0,17,0,0,0,17
04/02/2017,ITH,NY,AEA,EN,Federal Contract Tower,0,15,5,0,20,0,0,49,0,49,0,15,54,0,69,150,0,150,219
04/03/2017,ITH,NY,AEA,EN,Federal Contract Tower,0,18,4,0,22,0,0,13,0,13,0,18,17,0,35,22,0,22,57
04/04/2017,ITH,NY,AEA,EN,Federal Contract Tower,0,18,4,0,22,0,0,0,0,0,0,18,4,0,22,0,0,0,22
04/05/2017,ITH,NY,AEA,EN,Federal Contract Tower,0,20,13,0,33,0,0,14,0,14,0,20,27,0,47,42,0,42,89
04/06/2017,ITH,NY,AEA,EN,Federal Contract Tower,0,22,9,0,31,0,0,0,0,0,0,22,9,0,31,0,0,0,31
04/07/2017,ITH,NY,AEA,EN,Federal Contract Tower,0,17,13,0,30,0,0,0,0,0,0,17,13,0,30,0,0,0,30
04/08/2017,ITH,NY,AEA,EN,Federal Contract Tower,0,21,9,0,30,0,0,39,0,39,0,21,48,0,69,80,0,80,149
04/09/2017,ITH,NY,AEA,EN,Federal Contract Tower,0,18,12,0,30,0,0,53,0,53,0,18,65,0,83,136,0,136,219
04/10/2017,ITH,NY,AEA,EN,Federal Contract Tower,0,20,2,0,22,0,0,19,0,19,0,20,21,0,41,68,0,68,109
04/11/2017,ITH,NY,AEA,EN,Federal Contract Tower,0,21,6,1,28,0,0,6,1,7,0,21,12,2,35,26,0,26,61
04/12/2017,ITH,NY,AEA,EN,Federal Contract Tower,0,19,6,0,25,0,0,15,0,15,0,19,21,0,40,64,0,64,104
04/13/2017,ITH,NY,AEA,EN,Federal Contract Tower,0,20,13,0,33,0,1,32,0,33,0,21,45,0,66,34,0,34,100
04/14/2017,ITH,NY,AEA,EN,Federal Contract Tower,0,22,12,0,34,0,1,45,0,46,0,23,57,0,80,90,0,90,170
04/15/2017,ITH,NY,AEA,EN,Federal Contract Tower,0,20,9,0,29,0,1,29,0,30,0,21,38,0,59,50,0,50,109
04/16/2017,ITH,NY,AEA,EN,Federal Contract Tower,0,22,8,0,30,0,2,17,0,19,0,24,25,0,49,0,0,0,49
04/17/2017,ITH,NY,AEA,EN,Federal Contract Tower,0,16,12,0,28,0,0,14,0,14,0,16,26,0,42,34,0,34,76
04/18/2017,ITH,NY,AEA,EN,Federal Contract Tower,0,18,5,0,23,0,2,28,0,30,0,20,33,0,53,88,0,88,141
04/19/2017,ITH,NY,AEA,EN,Federal Contract Tower,0,22,5,0,27,0,0,1,0,1,0,22,6,0,28,0,0,0,28
04/20/2017,ITH,NY,AEA,EN,Federal Contract Tower,0,13,5,0,18,0,0,0,0,0,0,13,5,0,18,0,0,0,18
04/21/2017,ITH,NY,AEA,EN,Federal Contract Tower,0,23,15,0,38,0,0,8,0,8,0,23,23,0,46,22,0,22,68
04/22/2017,ITH,NY,AEA,EN,Federal Contract Tower,0,22,5,0,27,0,0,5,0,5,0,22,10,0,32,6,0,6,38
04/23/2017,ITH,NY,AEA,EN,Federal Contract Tower,0,29,12,0,41,0,6,55,0,61,0,35,67,0,102,104,0,104,206
04/24/2017,ITH,NY,AEA,EN,Federal Contract Tower,0,18,7,0,25,0,2,34,0,36,0,20,41,0,61,94,0,94,155
04/25/2017,ITH,NY,AEA,EN,Federal Contract Tower,0,14,9,0,23,0,0,6,0,6,0,14,15,0,29,2,0,2,31
04/26/2017,ITH,NY,AEA,EN,Federal Contract Tower,0,18,8,0,26,0,0,32,0,32,0,18,40,0,58,56,0,56,114
04/27/2017,ITH,NY,AEA,EN,Federal Contract Tower,0,21,17,0,38,0,3,16,0,19,0,24,33,0,57,22,0,22,79
04/28/2017,ITH,NY,AEA,EN,Federal Contract Tower,0,19,6,0,25,0,4,50,0,54,0,23,56,0,79,118,0,118,197
04/29/2017,ITH,NY,AEA,EN,Federal Contract Tower,0,24,19,0,43,0,6,15,0,21,0,30,34,0,64,64,0,64,128
04/30/2017,ITH,NY,AEA,EN,Federal Contract Tower,0,17,13,0,30,0,0,32,0,32,0,17,45,0,62,118,0,118,180
05/01/2017,ITH,NY,AEA,EN,Federal Contract Tower,0,14,7,0,21,0,1,9,0,10,0,15,16,0,31,16,0,16,47
05/02/2017,ITH,NY,AEA,EN,Federal Contract Tower,0,15,6,0,21,0,0,3,0,3,0,15,9,0,24,8,0,8,32
05/03/2017,ITH,NY,AEA,EN,Federal Contract Tower,0,18,13,0,31,0,1,24,0,25,0,19,37,0,56,0,0,0,56
05/04/2017,ITH,NY,AEA,EN,Federal Contract Tower,0,22,9,0,31,0,0,25,2,27,0,22,34,2,58,42,0,42,100
05/05/2017,ITH,NY,AEA,EN,Federal Contract Tower,0,15,11,0,26,0,0,1,0,1,0,15,12,0,27,0,0,0,27
05/06/2017,ITH,NY,AEA,EN,Federal Contract Tower,0,15,5,0,20,0,0,0,0,0,0,15,5,0,20,0,0,0,20
05/07/2017,ITH,NY,AEA,EN,Federal Contract Tower,0,14,7,0,21,0,0,0,0,0,0,14,7,0,21,0,0,0,21
05/08/2017,ITH,NY,AEA,EN,Federal Contract Tower,0,17,6,0,23,0,0,5,0,5,0,17,11,0,28,24,0,24,52
05/09/2017,ITH,NY,AEA,EN,Federal Contract Tower,0,20,9,0,29,0,0,16,0,16,0,20,25,0,45,80,0,80,125
05/10/2017,ITH,NY,AEA,EN,Federal Contract Tower,0,21,10,0,31,0,0,40,0,40,0,21,50,0,71,112,0,112,183
05/11/2017,ITH,NY,AEA,EN,Federal Contract Tower,0,20,9,0,29,0,0,22,0,22,0,20,31,0,51,50,0,50,101
05/12/2017,ITH,NY,AEA,EN,Federal Contract Tower,0,22,12,0,34,0,1,23,0,24,0,23,35,0,58,90,0,90,148
05/13/2017,ITH,NY,AEA,EN,Federal Contract Tower,0,14,8,0,22,0,0,0,0,0,0,14,8,0,22,0,0,0,22
05/14/2017,ITH,NY,AEA,EN,Federal Contract Tower,0,15,9,0,24,0,0,8,0,8,0,15,17,0,32,6,0,6,38
05/15/2017,ITH,NY,AEA,EN,Federal Contract Tower,0,19,10,0,29,0,0,6,0,6,0,19,16,0,35,52,0,52,87
05/16/2017,ITH,NY,AEA,EN,Federal Contract Tower,0,20,12,0,32,0,0,26,0,26,0,20,38,0,58,92,0,92,150
05/17/2017,ITH,NY,AEA,EN,Federal Contract Tower,0,20,8,0,28,0,0,18,0,18,0,20,26,0,46,56,0,56,102
05/18/2017,ITH,NY,AEA,EN,Federal Contract Tower,0,20,20,0,40,0,0,18,0,18,0,20,38,0,58,44,0,44,102
05/19/2017,ITH,NY,AEA,EN,Federal Contract Tower,0,23,7,0,30,0,0,17,0,17,0,23,24,0,47,58,0,58,105
05/20/2017,ITH,NY,AEA,EN,Federal Contract Tower,0,15,8,0,23,0,0,31,0,31,0,15,39,0,54,116,0,116,170
05/21/2017,ITH,NY,AEA,EN,Federal Contract Tower,0,17,7,0,24,0,0,7,0,7,0,17,14,0,31,6,0,6,37
05/22/2017,ITH,NY,AEA,EN,Federal Contract Tower,0,18,9,2,29,0,0,2,0,2,0,18,11,2,31,18,2,20,51
05/23/2017,ITH,NY,AEA,EN,Federal Contract Tower,0,26,12,0,38,0,0,24,0,24,0,26,36,0,62,113,0,113,175
05/24/2017,ITH,NY,AEA,EN,Federal Contract Tower,0,20,12,0,32,0,0,25,0,25,0,20,37,0,57,68,0,68,125
05/25/2017,ITH,NY,AEA,EN,Federal Contract Tower,0,37,17,0,54,0,0,0,0,0,0,37,17,0,54,0,0,0,54
05/26/2017,ITH,NY,AEA,EN,Federal Contract Tower,0,27,36,0,63,0,0,0,0,0,0,27,36,0,63,0,0,0,63
05/27/2017,ITH,NY,AEA,EN,Federal Contract Tower,0,33,25,0,58,0,0,12,0,12,0,33,37,0,70,37,0,37,107
05/28/2017,ITH,NY,AEA,EN,Federal Contract Tower,0,33,27,0,60,0,0,34,0,34,0,33,61,0,94,92,0,92,186
05/29/2017,ITH,NY,AEA,EN,Federal Contract Tower,0,20,12,0,32,0,0,1,0,1,0,20,13,0,33,0,0,0,33
05/30/2017,ITH,NY,AEA,EN,Federal Contract Tower,0,20,7,0,27,0,0,0,0,0,0,20,7,0,27,0,0,0,27
05/31/2017,ITH,NY,AEA,EN,Federal Contract Tower,0,21,8,0,29,0,0,12,0,12,0,21,20,0,41,60,0,60,101
06/01/2017,ITH,NY,AEA,EN,Federal Contract Tower,0,23,13,0,36,0,0,31,0,31,0,23,44,0,67,90,0,90,157
06/02/2017,ITH,NY,AEA,EN,Federal Contract Tower,0,19,14,1,34,0,0,15,2,17,0,19,29,3,51,107,0,107,158
06/03/2017,ITH,NY,AEA,EN,Federal Contract Tower,0,21,7,0,28,0,1,31,0,32,0,22,38,0,60,18,0,18,78
06/04/2017,ITH,NY,AEA,EN,Federal Contract Tower,0,14,4,0,18,0,0,2,0,2,0,14,6,0,20,8,0,8,28
06/05/2017,ITH,NY,AEA,EN,Federal Contract Tower,0,21,8,0,29,0,0,4,0,4,0,21,12,0,33,16,0,16,49
06/06/2017,ITH,NY,AEA,EN,Federal Contract Tower,0,16,8,0,24,0,0,0,0,0,0,16,8,0,24,0,0,0,24
06/07/2017,ITH,NY,AEA,EN,Federal Contract Tower,0,22,14,0,36,0,2,19,0,21,0,24,33,0,57,72,0,72,129
06/08/2017,ITH,NY,AEA,EN,Federal Contract Tower,0,21,9,0,30,0,0,28,0,28,0,21,37,0,58,92,0,92,150
06/09/2017,ITH,NY,AEA,EN,Federal Contract Tower,0,29,14,0,43,0,1,30,0,31,0,30,44,0,74,43,0,43,117
06/10/2017,ITH,NY,AEA,EN,Federal Contract Tower,0,19,10,0,29,0,2,33,0,35,0,21,43,0,64,116,0,116,180
06/11/2017,ITH,NY,AEA,EN,Federal Contract Tower,0,22,10,0,32,0,0,44,0,44,0,22,54,0,76,74,0,74,150
06/12/2017,ITH,NY,AEA,EN,Federal Contract Tower,0,20,10,0,30,0,0,20,0,20,0,20,30,0,50,83,0,83,133
06/13/2017,ITH,NY,AEA,EN,Federal Contract Tower,0,21,6,0,27,0,0,24,0,24,0,21,30,0,51,52,0,52,103
06/14/2017,ITH,NY,AEA,EN,Federal Contract Tower,0,17,9,0,26,0,0,35,0,35,0,17,44,0,61,136,0,136,197
06/15/2017,ITH,NY,AEA,EN,Federal Contract Tower,0,21,4,0,25,0,0,8,0,8,0,21,12,0,33,22,0,22,55
06/16/2017,ITH,NY,AEA,EN,Federal Contract Tower,0,20,8,0,28,0,0,17,0,17,0,20,25,0,45,0,0,0,45
06/17/2017,ITH,NY,AEA,EN,Federal Contract Tower,0,21,14,0,35,0,0,11,0,11,0,21,25,0,46,12,0,12,58
06/18/2017,ITH,NY,AEA,EN,Federal Contract Tower,0,15,4,0,19,0,0,26,0,26,0,15,30,0,45,166,0,166,211
06/19/2017,ITH,NY,AEA,EN,Federal Contract Tower,0,11,17,0,28,0,0,3,0,3,0,11,20,0,31,16,0,16,47
06/20/2017,ITH,NY,AEA,EN,Federal Contract Tower,0,17,11,0,28,0,0,24,1,25,0,17,35,1,53,66,0,66,119
06/21/2017,ITH,NY,AEA,EN,Federal Contract Tower,0,16,9,0,25,0,0,32,0,32,0,16,41,0,57,64,0,64,121
06/22/2017,ITH,NY,AEA,EN,Federal Contract Tower,0,23,12,0,35,0,2,24,0,26,0,25,36,0,61,56,0,56,117
06/23/2017,ITH,NY,AEA,EN,Federal Contract Tower,0,16,14,0,30,0,0,1,0,1,0,16,15,0,31,6,0,6,37
06/24/2017,ITH,NY,AEA,EN,Federal Contract Tower,0,21,7,0,28,0,0,8,0,8,0,21,15,0,36,36,0,36,72
06/25/2017,ITH,NY,AEA,EN,Federal Contract Tower,0,20,16,0,36,0,0,26,0,26,0,20,42,0,62,56,0,56,118
06/26/2017,ITH,NY,AEA,EN,Federal Contract Tower,0,21,14,0,35,0,0,14,2,16,0,21,28,2,51,9,10,19,70
06/27/2017,ITH,NY,AEA,EN,Federal Contract Tower,0,18,6,0,24,0,0,18,0,18,0,18,24,0,42,23,0,23,65
06/28/2017,ITH,NY,AEA,EN,Federal Contract Tower,0,19,6,0,25,0,2,51,0,53,0,21,57,0,78,64,0,64,142
06/29/2017,ITH,NY,AEA,EN,Federal Contract Tower,0,18,1,0,19,0,4,29,0,33,0,22,30,0,52,46,0,46,98
06/30/2017,ITH,NY,AEA,EN,Federal Contract Tower,0,21,7,0,28,0,0,1,0,1,0,21,8,0,29,13,0,13,42
07/01/2017,ITH,NY,AEA,EN,Federal Contract Tower,0,12,5,0,17,0,0,2,0,2,0,12,7,0,19,2,0,2,21
07/02/2017,ITH,NY,AEA,EN,Federal Contract Tower,2,15,6,0,23,0,0,20,0,20,2,15,26,0,43,74,0,74,117
07/03/2017,ITH,NY,AEA,EN,Federal Contract Tower,0,18,3,0,21,0,0,21,0,21,0,18,24,0,42,58,0,58,100
07/04/2017,ITH,NY,AEA,EN,Federal Contract Tower,0,16,6,0,22,0,1,20,0,21,0,17,26,0,43,40,0,40,83
07/05/2017,ITH,NY,AEA,EN,Federal Contract Tower,0,19,11,0,30,0,0,39,0,39,0,19,50,0,69,56,0,56,125
07/06/2017,ITH,NY,AEA,EN,Federal Contract Tower,0,20,9,0,29,0,0,24,0,24,0,20,33,0,53,62,0,62,115
07/07/2017,ITH,NY,AEA,EN,Federal Contract Tower,0,25,7,0,32,0,0,14,0,14,0,25,21,0,46,8,0,8,54
07/08/2017,ITH,NY,AEA,EN,Federal Contract Tower,0,21,7,0,28,0,0,30,0,30,0,21,37,0,58,22,0,22,80
07/09/2017,ITH,NY,AEA,EN,Federal Contract Tower,0,14,8,0,22,0,0,34,0,34,0,14,42,0,56,30,0,30,86
07/10/2017,ITH,NY,AEA,EN,Federal Contract Tower,0,16,12,0,28,0,3,13,0,16,0,19,25,0,44,44,0,44,88
07/13/2017,ITH,NY,AEA,EN,Federal Contract Tower,0,18,13,0,31,0,0,0,0,0,0,18,13,0,31,10,0,10,41
07/14/2017,ITH,NY,AEA,EN,Federal Contract Tower,0,20,13,0,33,0,0,4,0,4,0,20,17,0,37,0,21,21,58
07/15/2017,ITH,NY,AEA,EN,Federal Contract Tower,0,20,14,0,34,0,0,21,0,21,0,20,35,0,55,74,0,74,129
07/16/2017,ITH,NY,AEA,EN,Federal Contract Tower,0,20,6,0,26,0,0,47,0,47,0,20,53,0,73,122,0,122,195
07/17/2017,ITH,NY,AEA,EN,Federal Contract Tower,0,20,10,0,30,0,0,6,0,6,0,20,16,0,36,6,0,6,42
07/18/2017,ITH,NY,AEA,EN,Federal Contract Tower,0,18,10,0,28,0,0,24,0,24,0,18,34,0,52,146,0,146,198
07/19/2017,ITH,NY,AEA,EN,Federal Contract Tower,0,24,8,0,32,0,4,37,0,41,0,28,45,0,73,92,0,92,165
07/20/2017,ITH,NY,AEA,EN,Federal Contract Tower,0,17,16,0,33,0,0,20,0,20,0,17,36,0,53,32,0,32,85
07/21/2017,ITH,NY,AEA,EN,Federal Contract Tower,0,26,15,0,41,0,0,39,0,39,0,26,54,0,80,77,0,77,157
07/22/2017,ITH,NY,AEA,EN,Federal Contract Tower,0,13,12,0,25,0,0,52,0,52,0,13,64,0,77,74,0,74,151
07/23/2017,ITH,NY,AEA,EN,Federal Contract Tower,0,13,15,0,28,0,0,13,0,13,0,13,28,0,41,86,0,86,127
07/24/2017,ITH,NY,AEA,EN,Federal Contract Tower,0,24,5,0,29,0,0,0,0,0,0,24,5,0,29,32,0,32,61
07/26/2017,ITH,NY,AEA,EN,Federal Contract Tower,0,19,19,0,38,0,1,33,0,34,0,20,52,0,72,78,0,78,150
07/27/2017,ITH,NY,AEA,EN,Federal Contract Tower,0,20,7,0,27,0,0,17,0,17,0,20,24,0,44,58,0,58,102
07/28/2017,ITH,NY,AEA,EN,Federal Contract Tower,0,29,11,0,40,0,0,23,0,23,0,29,34,0,63,84,0,84,147
07/29/2017,ITH,NY,AEA,EN,Federal Contract Tower,0,23,4,0,27,0,0,36,0,36,0,23,40,0,63,86,0,86,149
07/30/2017,ITH,NY,AEA,EN,Federal Contract Tower,0,18,15,0,33,0,2,38,0,40,0,20,53,0,73,78,0,78,151
07/31/2017,ITH,NY,AEA,EN,Federal Contract Tower,0,20,2,0,22,0,2,37,0,39,0,22,39,0,61,66,0,66,127
08/02/2017,ITH,NY,AEA,EN,Federal Contract Tower,0,15,3,0,18,0,0,26,0,26,0,15,29,0,44,50,0,50,94
08/03/2017,ITH,NY,AEA,EN,Federal Contract Tower,0,25,18,0,43,0,0,34,0,34,0,25,52,0,77,72,0,72,149
08/04/2017,ITH,NY,AEA,EN,Federal Contract Tower,0,22,4,0,26,0,0,17,0,17,0,22,21,0,43,76,0,76,119
08/05/2017,ITH,NY,AEA,EN,Federal Contract Tower,0,23,3,0,26,0,0,11,0,11,0,23,14,0,37,6,0,6,43
08/06/2017,ITH,NY,AEA,EN,Federal Contract Tower,4,16,16,0,36,0,0,43,0,43,4,16,59,0,79,90,0,90,169
08/07/2017,ITH,NY,AEA,EN,Federal Contract Tower,0,19,7,0,26,0,0,11,0,11,0,19,18,0,37,8,0,8,45
08/09/2017,ITH,NY,AEA,EN,Federal Contract Tower,0,18,4,0,22,0,0,49,0,49,0,18,53,0,71,96,0,96,167
08/10/2017,ITH,NY,AEA,EN,Federal Contract Tower,0,24,13,0,37,0,1,41,0,42,0,25,54,0,79,72,0,72,151
08/11/2017,ITH,NY,AEA,EN,Federal Contract Tower,0,20,5,0,25,0,0,4,0,4,0,20,9,0,29,2,0,2,31
08/12/2017,ITH,NY,AEA,EN,Federal Contract Tower,0,22,8,0,30,0,0,41,0,41,0,22,49,0,71,42,0,42,113
08/13/2017,ITH,NY,AEA,EN,Federal Contract Tower,0,17,10,0,27,0,7,23,0,30,0,24,33,0,57,20,0,20,77
08/14/2017,ITH,NY,AEA,EN,Federal Contract Tower,0,23,5,0,28,0,0,21,0,21,0,23,26,0,49,56,0,56,105
08/16/2017,ITH,NY,AEA,EN,Federal Contract Tower,0,23,14,0,37,0,1,44,0,45,0,24,58,0,82,48,0,48,130
08/17/2017,ITH,NY,AEA,EN,Federal Contract Tower,0,20,13,0,33,0,2,36,0,38,0,22,49,0,71,104,0,104,175
08/18/2017,ITH,NY,AEA,EN,Federal Contract Tower,0,19,9,0,28,0,0,27,0,27,0,19,36,0,55,46,0,46,101
08/19/2017,ITH,NY,AEA,EN,Federal Contract Tower,0,25,19,0,44,0,0,43,0,43,0,25,62,0,87,66,0,66,153
08/20/2017,ITH,NY,AEA,EN,Federal Contract Tower,0,19,16,0,35,0,1,31,0,32,0,20,47,0,67,72,0,72,139
08/21/2017,ITH,NY,AEA,EN,Federal Contract Tower,0,25,12,0,37,0,0,12,0,12,0,25,24,0,49,54,0,54,103
08/24/2017,ITH,NY,AEA,EN,Federal Contract Tower,0,31,6,0,37,0,2,43,0,45,0,33,49,0,82,84,0,84,166
08/25/2017,ITH,NY,AEA,EN,Federal Contract Tower,0,31,11,0,42,0,1,48,0,49,0,32,59,0,91,96,0,96,187
08/26/2017,ITH,NY,AEA,EN,Federal Contract Tower,0,31,13,0,44,0,0,57,0,57,0,31,70,0,101,58,0,58,159
08/27/2017,ITH,NY,AEA,EN,Federal Contract Tower,0,19,6,0,25,0,0,49,0,49,0,19,55,0,74,80,0,80,154
08/28/2017,ITH,NY,AEA,EN,Federal Contract Tower,0,23,4,0,27,0,0,22,0,22,0,23,26,0,49,60,0,60,109
08/30/2017,ITH,NY,AEA,EN,Federal Contract Tower,0,25,10,1,36,0,0,34,0,34,0,25,44,1,70,32,0,32,102
08/31/2017,ITH,NY,AEA,EN,Federal Contract Tower,0,24,10,0,34,0,0,24,0,24,0,24,34,0,58,22,0,22,80
09/01/2017,ITH,NY,AEA,EN,Federal Contract Tower,0,22,10,0,32,0,0,37,0,37,0,22,47,0,69,66,0,66,135
09/02/2017,ITH,NY,AEA,EN,Federal Contract Tower,0,19,9,0,28,0,0,33,0,33,0,19,42,0,61,90,0,90,151
09/03/2017,ITH,NY,AEA,EN,Federal Contract Tower,0,16,9,0,25,0,0,3,0,3,0,16,12,0,28,20,0,20,48
09/04/2017,ITH,NY,AEA,EN,Federal Contract Tower,0,14,10,0,24,0,0,21,0,21,0,14,31,0,45,50,0,50,95
09/06/2017,ITH,NY,AEA,EN,Federal Contract Tower,0,26,9,0,35,0,0,18,0,18,0,26,27,0,53,24,0,24,77
09/07/2017,ITH,NY,AEA,EN,Federal Contract Tower,0,22,12,0,34,0,0,28,0,28,0,22,40,0,62,50,0,50,112
09/08/2017,ITH,NY,AEA,EN,Federal Contract Tower,0,19,17,0,36,0,0,17,0,17,0,19,34,0,53,94,0,94,147
09/09/2017,ITH,NY,AEA,EN,Federal Contract Tower,0,26,10,0,36,0,0,22,0,22,0,26,32,0,58,58,0,58,116
09/10/2017,ITH,NY,AEA,EN,Federal Contract Tower,0,23,19,0,42,0,3,35,0,38,0,26,54,0,80,56,0,56,136
09/11/2017,ITH,NY,AEA,EN,Federal Contract Tower,0,20,10,0,30,0,2,33,0,35,0,22,43,0,65,92,0,92,157
09/13/2017,ITH,NY,AEA,EN,Federal Contract Tower,0,15,11,0,26,0,0,35,0,35,0,15,46,0,61,66,0,66,127
09/14/2017,ITH,NY,AEA,EN,Federal Contract Tower,0,28,12,0,40,0,0,0,0,0,0,28,12,0,40,12,0,12,52
09/15/2017,ITH,NY,AEA,EN,Federal Contract Tower,0,24,17,0,41,0,2,45,0,47,0,26,62,0,88,76,0,76,164
09/16/2017,ITH,NY,AEA,EN,Federal Contract Tower,0,17,10,0,27,0,0,47,0,47,0,17,57,0,74,80,0,80,154
09/17/2017,ITH,NY,AEA,EN,Federal Contract Tower,0,15,12,0,27,0,4,35,0,39,0,19,47,0,66,104,0,104,170
09/18/2017,ITH,NY,AEA,EN,Federal Contract Tower,0,19,10,0,29,0,4,46,0,50,0,23,56,0,79,104,0,104,183
09/22/2017,ITH,NY,AEA,EN,Federal Contract Tower,0,21,3,0,24,0,0,19,0,19,0,21,22,0,43,38,0,38,81
09/23/2017,ITH,NY,AEA,EN,Federal Contract Tower,0,21,9,0,30,0,2,40,0,42,0,23,49,0,72,116,0,116,188
09/24/2017,ITH,NY,AEA,EN,Federal Contract Tower,0,21,13,0,34,0,6,53,0,59,0,27,66,0,93,54,0,54,147
09/25/2017,ITH,NY,AEA,EN,Federal Contract Tower,0,28,2,0,30,0,0,34,8,42,0,28,36,8,72,84,0,84,156
09/27/2017,ITH,NY,AEA,EN,Federal Contract Tower,0,20,8,0,28,0,0,31,0,31,0,20,39,0,59,82,0,82,141
09/28/2017,ITH,NY,AEA,EN,Federal Contract Tower,0,17,8,0,25,0,0,7,0,7,0,17,15,0,32,14,0,14,46
09/29/2017,ITH,NY,AEA,EN,Federal Contract Tower,0,25,10,0,35,0,2,45,0,47,0,27,55,0,82,50,0,50,132
09/30/2017,ITH,NY,AEA,EN,Federal Contract Tower,0,19,7,0,26,0,0,13,0,13,0,19,20,0,39,0,0,0,39
10/01/2017,ITH,NY,AEA,EN,Federal Contract Tower,0,15,7,0,22,0,0,80,0,80,0,15,87,0,102,94,0,94,196
10/02/2017,ITH,NY,AEA,EN,Federal Contract Tower,0,21,2,0,23,0,0,31,2,33,0,21,33,2,56,66,0,66,122
10/03/2017,ITH,NY,AEA,EN,Federal Contract Tower,0,17,6,0,23,0,0,32,0,32,0,17,38,0,55,86,0,86,141
10/04/2017,ITH,NY,AEA,EN,Federal Contract Tower,0,15,14,0,29,0,0,26,0,26,0,15,40,0,55,100,0,100,155
10/05/2017,ITH,NY,AEA,EN,Federal Contract Tower,0,18,16,0,34,0,0,26,0,26,0,18,42,0,60,46,0,46,106
10/06/2017,ITH,NY,AEA,EN,Federal Contract Tower,0,27,13,0,40,0,0,30,0,30,0,27,43,0,70,34,0,34,104
10/07/2017,ITH,NY,AEA,EN,Federal Contract Tower,0,15,9,0,24,0,2,39,0,41,0,17,48,0,65,36,0,36,101
10/08/2017,ITH,NY,AEA,EN,Federal Contract Tower,0,15,10,0,25,0,0,12,0,12,0,15,22,0,37,22,0,22,59
10/09/2017,ITH,NY,AEA,EN,Federal Contract Tower,0,11,8,0,19,0,0,0,0,0,0,11,8,0,19,0,0,0,19
10/10/2017,ITH,NY,AEA,EN,Federal Contract Tower,0,18,16,0,34,0,1,26,0,27,0,19,42,0,61,98,0,98,159
10/11/2017,ITH,NY,AEA,EN,Federal Contract Tower,0,17,2,0,19,0,0,1,0,1,0,17,3,0,20,0,0,0,20
10/12/2017,ITH,NY,AEA,EN,Federal Contract Tower,0,19,13,0,32,0,0,15,0,15,0,19,28,0,47,12,0,12,59
10/13/2017,ITH,NY,AEA,EN,Federal Contract Tower,0,33,12,0,45,0,0,27,0,27,0,33,39,0,72,18,0,18,90
10/14/2017,ITH,NY,AEA,EN,Federal Contract Tower,0,19,7,0,26,0,0,19,0,19,0,19,26,0,45,82,0,82,127
10/15/2017,ITH,NY,AEA,EN,Federal Contract Tower,0,18,11,0,29,0,0,7,0,7,0,18,18,0,36,26,0,26,62
10/16/2017,ITH,NY,AEA,EN,Federal Contract Tower,0,19,10,0,29,0,0,1,0,1,0,19,11,0,30,0,0,0,30
10/18/2017,ITH,NY,AEA,EN,Federal Contract Tower,0,29,13,0,42,0,4,43,0,47,0,33,56,0,89,56,0,56,145
10/19/2017,ITH,NY,AEA,EN,Federal Contract Tower,0,32,18,0,50,0,0,43,0,43,0,32,61,0,93,98,0,98,191
10/20/2017,ITH,NY,AEA,EN,Federal Contract Tower,0,30,19,0,49,0,0,32,0,32,0,30,51,0,81,64,0,64,145
10/21/2017,ITH,NY,AEA,EN,Federal Contract Tower,0,33,12,0,45,0,4,53,0,57,0,37,65,0,102,110,0,110,212
10/22/2017,ITH,NY,AEA,EN,Federal Contract Tower,0,24,14,0,38,0,6,53,0,59,0,30,67,0,97,100,0,100,197
10/23/2017,ITH,NY,AEA,EN,Federal Contract Tower,0,20,14,0,34,0,0,13,0,13,0,20,27,0,47,8,0,8,55
10/24/2017,ITH,NY,AEA,EN,Federal Contract Tower,0,14,12,0,26,0,0,14,0,14,0,14,26,0,40,32,0,32,72
10/25/2017,ITH,NY,AEA,EN,Federal Contract Tower,0,20,11,0,31,0,0,41,1,42,0,20,52,1,73,65,0,65,138
10/26/2017,ITH,NY,AEA,EN,Federal Contract Tower,0,17,17,0,34,0,0,8,2,10,0,17,25,2,44,6,0,6,50
10/27/2017,ITH,NY,AEA,EN,Federal Contract Tower,0,32,18,0,50,0,3,42,0,45,0,35,60,0,95,42,0,42,137
10/28/2017,ITH,NY,AEA,EN,Federal Contract Tower,0,18,6,0,24,0,0,23,0,23,0,18,29,0,47,20,0,20,67
10/29/2017,ITH,NY,AEA,EN,Federal Contract Tower,0,25,10,0,35,0,0,0,0,0,0,25,10,0,35,0,0,0,35
10/30/2017,ITH,NY,AEA,EN,Federal Contract Tower,0,17,11,0,28,0,0,0,0,0,0,17,11,0,28,0,0,0,28
10/31/2017,ITH,NY,AEA,EN,Federal Contract Tower,0,15,6,0,21,0,0,0,0,0,0,15,6,0,21,18,0,18,39
11/01/2017,ITH,NY,AEA,EN,Federal Contract Tower,0,18,8,0,26,0,0,1,0,1,0,18,9,0,27,14,0,14,41
11/02/2017,ITH,NY,AEA,EN,Federal Contract Tower,0,19,9,0,28,0,2,13,0,15,0,21,22,0,43,38,0,38,81
11/03/2017,ITH,NY,AEA,EN,Federal Contract Tower,0,20,9,0,29,0,0,1,0,1,0,20,10,0,30,0,0,0,30
11/04/2017,ITH,NY,AEA,EN,Federal Contract Tower,0,18,4,0,22,0,0,36,0,36,0,18,40,0,58,86,0,86,144
11/05/2017,ITH,NY,AEA,EN,Federal Contract Tower,0,18,16,0,34,0,0,0,0,0,0,18,16,0,34,0,0,0,34
11/06/2017,ITH,NY,AEA,EN,Federal Contract Tower,0,21,5,0,26,0,0,0,0,0,0,21,5,0,26,0,0,0,26
11/07/2017,ITH,NY,AEA,EN,Federal Contract Tower,0,19,12,0,31,0,0,25,0,25,0,19,37,0,56,68,0,68,124
11/08/2017,ITH,NY,AEA,EN,Federal Contract Tower,0,23,5,0,28,0,0,34,0,34,0,23,39,0,62,125,0,125,187
11/09/2017,ITH,NY,AEA,EN,Federal Contract Tower,0,30,8,0,38,0,0,9,0,9,0,30,17,0,47,72,0,72,119
11/10/2017,ITH,NY,AEA,EN,Federal Contract Tower,0,23,9,0,32,0,4,1,0,5,0,27,10,0,37,2,0,2,39
11/11/2017,ITH,NY,AEA,EN,Federal Contract Tower,0,32,14,0,46,0,1,35,0,36,0,33,49,0,82,74,0,74,156
11/12/2017,ITH,NY,AEA,EN,Federal Contract Tower,0,18,4,0,22,0,4,28,0,32,0,22,32,0,54,58,0,58,112
11/13/2017,ITH,NY,AEA,EN,Federal Contract Tower,0,20,8,0,28,0,0,16,0,16,0,20,24,0,44,54,0,54,98
11/14/2017,ITH,NY,AEA,EN,Federal Contract Tower,0,22,3,0,25,0,0,4,0,4,0,22,7,0,29,0,0,0,29
11/15/2017,ITH,NY,AEA,EN,Federal Contract Tower,0,24,5,0,29,0,0,18,0,18,0,24,23,0,47,70,0,70,117
11/16/2017,ITH,NY,AEA,EN,Federal Contract Tower,0,20,5,0,25,0,0,6,0,6,0,20,11,0,31,12,0,12,43
11/17/2017,ITH,NY,AEA,EN,Federal Contract Tower,0,20,14,0,34,0,0,40,0,40,0,20,54,0,74,106,0,106,180
11/18/2017,ITH,NY,AEA,EN,Federal Contract Tower,0,16,3,0,19,0,0,0,0,0,0,16,3,0,19,0,0,0,19
11/19/2017,ITH,NY,AEA,EN,Federal Contract Tower,0,18,9,0,27,0,0,0,0,0,0,18,9,0,27,0,0,0,27
11/20/2017,ITH,NY,AEA,EN,Federal Contract Tower,0,18,9,0,27,0,0,21,0,21,0,18,30,0,48,50,0,50,98
11/21/2017,ITH,NY,AEA,EN,Federal Contract Tower,0,22,11,0,33,0,0,22,0,22,0,22,33,0,55,14,0,14,69
11/24/2017,ITH,NY,AEA,EN,Federal Contract Tower,0,10,5,0,15,0,1,13,1,15,0,11,18,1,30,52,0,52,82
11/25/2017,ITH,NY,AEA,EN,Federal Contract Tower,0,19,11,0,30,0,0,16,0,16,0,19,27,0,46,30,0,30,76
11/26/2017,ITH,NY,AEA,EN,Federal Contract Tower,0,28,12,0,40,0,4,14,0,18,0,32,26,0,58,8,0,8,66
11/27/2017,ITH,NY,AEA,EN,Federal Contract Tower,0,20,12,0,32,0,0,15,0,15,0,20,27,0,47,12,0,12,59
11/28/2017,ITH,NY,AEA,EN,Federal Contract Tower,0,19,4,0,23,0,0,18,0,18,0,19,22,0,41,24,0,24,65
11/29/2017,ITH,NY,AEA,EN,Federal Contract Tower,0,19,5,0,24,0,0,2,0,2,0,19,7,0,26,2,0,2,28
11/30/2017,ITH,NY,AEA,EN,Federal Contract Tower,0,19,7,0,26,0,0,11,0,11,0,19,18,0,37,8,0,8,45
12/01/2017,ITH,NY,AEA,EN,Federal Contract Tower,0,19,14,0,33,0,0,37,0,37,0,19,51,0,70,114,0,114,184
12/02/2017,ITH,NY,AEA,EN,Federal Contract Tower,0,22,7,0,29,0,0,38,0,38,0,22,45,0,67,130,0,130,197
12/03/2017,ITH,NY,AEA,EN,Federal Contract Tower,0,19,10,0,29,0,0,35,0,35,0,19,45,0,64,58,0,58,122
12/04/2017,ITH,NY,AEA,EN,Federal Contract Tower,0,18,8,0,26,0,2,14,0,16,0,20,22,0,42,72,0,72,114
12/05/2017,ITH,NY,AEA,EN,Federal Contract Tower,0,21,3,0,24,0,0,0,0,0,0,21,3,0,24,0,0,0,24
12/07/2017,ITH,NY,AEA,EN,Federal Contract Tower,0,21,11,0,32,0,0,5,0,5,0,21,16,0,37,29,0,29,66
12/08/2017,ITH,NY,AEA,EN,Federal Contract Tower,0,18,11,0,29,0,0,7,0,7,0,18,18,0,36,10,0,10,46
12/09/2017,ITH,NY,AEA,EN,Federal Contract Tower,0,13,7,0,20,0,0,32,0,32,0,13,39,0,52,96,0,96,148
12/10/2017,ITH,NY,AEA,EN,Federal Contract Tower,0,18,4,0,22,0,0,0,0,0,0,18,4,0,22,0,0,0,22
12/11/2017,ITH,NY,AEA,EN,Federal Contract Tower,0,20,5,0,25,0,0,3,0,3,0,20,8,0,28,0,0,0,28
12/12/2017,ITH,NY,AEA,EN,Federal Contract Tower,0,19,9,0,28,0,0,0,0,0,0,19,9,0,28,0,0,0,28
12/13/2017,ITH,NY,AEA,EN,Federal Contract Tower,0,19,2,0,21,0,0,0,0,0,0,19,2,0,21,0,0,0,21
12/14/2017,ITH,NY,AEA,EN,Federal Contract Tower,0,19,6,0,25,0,0,2,0,2,0,19,8,0,27,12,0,12,39
12/15/2017,ITH,NY,AEA,EN,Federal Contract Tower,0,18,7,0,25,0,0,3,0,3,0,18,10,0,28,25,0,25,53
12/16/2017,ITH,NY,AEA,EN,Federal Contract Tower,0,17,10,0,27,0,0,0,0,0,0,17,10,0,27,0,0,0,27
12/17/2017,ITH,NY,AEA,EN,Federal Contract Tower,0,17,2,0,19,0,0,8,0,8,0,17,10,0,27,40,0,40,67
12/18/2017,ITH,NY,AEA,EN,Federal Contract Tower,0,18,1,0,19,0,0,0,0,0,0,18,1,0,19,22,0,22,41
12/19/2017,ITH,NY,AEA,EN,Federal Contract Tower,0,19,2,0,21,0,0,4,0,4,0,19,6,0,25,24,0,24,49
12/20/2017,ITH,NY,AEA,EN,Federal Contract Tower,0,15,11,2,28,0,0,3,0,3,0,15,14,2,31,20,0,20,51
12/21/2017,ITH,NY,AEA,EN,Federal Contract Tower,0,17,12,0,29,0,0,26,0,26,0,17,38,0,55,88,0,88,143
12/22/2017,ITH,NY,AEA,EN,Federal Contract Tower,0,15,1,0,16,0,0,0,0,0,0,15,1,0,16,0,0,0,16
12/23/2017,ITH,NY,AEA,EN,Federal Contract Tower,0,15,5,0,20,0,0,0,0,0,0,15,5,0,20,0,0,0,20
12/24/2017,ITH,NY,AEA,EN,Federal Contract Tower,0,14,2,0,16,0,0,8,0,8,0,14,10,0,24,6,0,6,30
12/25/2017,ITH,NY,AEA,EN,Federal Contract Tower,0,11,2,0,13,0,0,0,0,0,0,11,2,0,13,0,0,0,13
12/26/2017,ITH,NY,AEA,EN,Federal Contract Tower,0,15,7,0,22,0,0,3,0,3,0,15,10,0,25,26,0,26,51
12/27/2017,ITH,NY,AEA,EN,Federal Contract Tower,0,18,2,0,20,0,0,4,0,4,0,18,6,0,24,6,0,6,30
12/28/2017,ITH,NY,AEA,EN,Federal Contract Tower,0,16,7,0,23,0,0,2,0,2,0,16,9,0,25,1,0,1,26
12/29/2017,ITH,NY,AEA,EN,Federal Contract Tower,0,16,6,0,22,0,0,0,0,0,0,16,6,0,22,2,0,2,24
12/30/2017,ITH,NY,AEA,EN,Federal Contract Tower,0,14,1,0,15,0,0,0,0,0,0,14,1,0,15,0,0,0,15
12/31/2017,ITH,NY,AEA,EN,Federal Contract Tower,0,19,5,0,24,0,0,2,0,2,0,19,7,0,26,0,0,0,26
01/01/2018,ITH,NY,AEA,EN,Federal Contract Tower,0,10,3,0,13,0,0,0,0,0,0,10,3,0,13,8,0,8,21
01/02/2018,ITH,NY,AEA,EN,Federal Contract Tower,0,18,9,0,27,0,0,8,0,8,0,18,17,0,35,16,0,16,51
01/03/2018,ITH,NY,AEA,EN,Federal Contract Tower,0,18,4,0,22,0,0,30,0,30,0,18,34,0,52,94,0,94,146
01/04/2018,ITH,NY,AEA,EN,Federal Contract Tower,0,8,0,0,8,0,0,0,0,0,0,8,0,0,8,0,0,0,8
01/05/2018,ITH,NY,AEA,EN,Federal Contract Tower,0,16,1,0,17,0,0,0,0,0,0,16,1,0,17,0,0,0,17
01/06/2018,ITH,NY,AEA,EN,Federal Contract Tower,0,15,1,0,16,0,0,0,0,0,0,15,1,0,16,0,0,0,16
01/07/2018,ITH,NY,AEA,EN,Federal Contract Tower,0,16,6,0,22,0,0,8,0,8,0,16,14,0,30,34,0,34,64
01/08/2018,ITH,NY,AEA,EN,Federal Contract Tower,0,14,2,0,16,0,0,4,0,4,0,14,6,0,20,0,0,0,20
01/09/2018,ITH,NY,AEA,EN,Federal Contract Tower,0,18,4,0,22,0,0,4,0,4,0,18,8,0,26,0,0,0,26
01/10/2018,ITH,NY,AEA,EN,Federal Contract Tower,0,17,5,0,22,0,0,21,0,21,0,17,26,0,43,88,0,88,131
01/11/2018,ITH,NY,AEA,EN,Federal Contract Tower,0,18,9,1,28,0,0,7,0,7,0,18,16,1,35,46,0,46,81
01/12/2018,ITH,NY,AEA,EN,Federal Contract Tower,0,13,2,0,15,0,0,0,0,0,0,13,2,0,15,0,0,0,15
01/13/2018,ITH,NY,AEA,EN,Federal Contract Tower,0,14,0,0,14,0,0,0,0,0,0,14,0,0,14,0,0,0,14
01/14/2018,ITH,NY,AEA,EN,Federal Contract Tower,0,17,1,0,18,0,0,9,0,9,0,17,10,0,27,8,0,8,35
01/15/2018,ITH,NY,AEA,EN,Federal Contract Tower,0,18,3,0,21,0,0,10,0,10,0,18,13,0,31,56,0,56,87
01/16/2018,ITH,NY,AEA,EN,Federal Contract Tower,0,15,2,0,17,0,0,0,0,0,0,15,2,0,17,0,0,0,17
01/17/2018,ITH,NY,AEA,EN,Federal Contract Tower,0,21,7,0,28,0,0,21,0,21,0,21,28,0,49,70,0,70,119
01/18/2018,ITH,NY,AEA,EN,Federal Contract Tower,0,19,11,1,31,0,0,31,0,31,0,19,42,1,62,84,0,84,146
01/19/2018,ITH,NY,AEA,EN,Federal Contract Tower,0,19,4,2,25,0,0,25,0,25,0,19,29,2,50,90,0,90,140
01/20/2018,ITH,NY,AEA,EN,Federal Contract Tower,0,17,4,0,21,0,0,22,0,22,0,17,26,0,43,104,0,104,147
01/21/2018,ITH,NY,AEA,EN,Federal Contract Tower,0,18,8,0,26,0,0,11,0,11,0,18,19,0,37,66,0,66,103
01/22/2018,ITH,NY,AEA,EN,Federal Contract Tower,0,20,4,0,24,0,0,0,0,0,0,20,4,0,24,10,0,10,34
01/23/2018,ITH,NY,AEA,EN,Federal Contract Tower,0,16,6,0,22,0,0,3,0,3,0,16,9,0,25,0,0,0,25
01/24/2018,ITH,NY,AEA,EN,Federal Contract Tower,0,18,2,0,20,0,0,0,0,0,0,18,2,0,20,0,0,0,20
01/25/2018,ITH,NY,AEA,EN,Federal Contract Tower,0,19,4,1,24,0,0,16,4,20,0,19,20,5,44,76,1,77,121
01/26/2018,ITH,NY,AEA,EN,Federal Contract Tower,0,17,3,0,20,0,0,21,0,21,0,17,24,0,41,34,0,34,75
01/27/2018,ITH,NY,AEA,EN,Federal Contract Tower,0,17,5,0,22,0,0,7,0,7,0,17,12,0,29,46,0,46,75
01/28/2018,ITH,NY,AEA,EN,Federal Contract Tower,0,18,3,0,21,0,0,33,0,33,0,18,36,0,54,150,0,150,204
01/29/2018,ITH,NY,AEA,EN,Federal Contract Tower,0,18,5,0,23,0,0,22,0,22,0,18,27,0,45,48,0,48,93
01/30/2018,ITH,NY,AEA,EN,Federal Contract Tower,0,17,1,0,18,0,0,0,0,0,0,17,1,0,18,0,0,0,18
01/31/2018,ITH,NY,AEA,EN,Federal Contract Tower,0,20,4,0,24,0,2,9,0,11,0,22,13,0,35,4,0,4,39
02/01/2018,ITH,NY,AEA,EN,Federal Contract Tower,0,18,2,4,24,0,3,2,1,6,0,21,4,5,30,16,0,16,46
02/02/2018,ITH,NY,AEA,EN,Federal Contract Tower,0,19,4,0,23,0,0,0,0,0,0,19,4,0,23,0,0,0,23
02/03/2018,ITH,NY,AEA,EN,Federal Contract Tower,0,19,4,0,23,0,0,35,0,35,0,19,39,0,58,94,0,94,152
02/04/2018,ITH,NY,AEA,EN,Federal Contract Tower,0,17,3,0,20,0,0,0,0,0,0,17,3,0,20,0,0,0,20
02/05/2018,ITH,NY,AEA,EN,Federal Contract Tower,0,18,8,0,26,0,0,4,0,4,0,18,12,0,30,0,0,0,30
02/06/2018,ITH,NY,AEA,EN,Federal Contract Tower,0,19,4,0,23,0,0,17,0,17,0,19,21,0,40,48,0,48,88
02/07/2018,ITH,NY,AEA,EN,Federal Contract Tower,0,9,6,0,15,0,0,0,0,0,0,9,6,0,15,0,0,0,15
02/08/2018,ITH,NY,AEA,EN,Federal Contract Tower,0,18,7,0,25,0,0,4,0,4,0,18,11,0,29,67,0,67,96
02/09/2018,ITH,NY,AEA,EN,Federal Contract Tower,0,17,5,0,22,0,0,0,0,0,0,17,5,0,22,12,0,12,34
02/10/2018,ITH,NY,AEA,EN,Federal Contract Tower,0,12,2,0,14,0,0,7,0,7,0,12,9,0,21,62,0,62,83
02/11/2018,ITH,NY,AEA,EN,Federal Contract Tower,0,7,3,0,10,0,0,0,0,0,0,7,3,0,10,0,0,0,10
02/12/2018,ITH,NY,AEA,EN,Federal Contract Tower,0,19,9,0,28,0,0,30,0,30,0,19,39,0,58,34,6,40,98
02/13/2018,ITH,NY,AEA,EN,Federal Contract Tower,0,19,6,0,25,0,2,29,8,39,0,21,35,8,64,56,0,56,120
02/14/2018,ITH,NY,AEA,EN,Federal Contract Tower,0,17,2,0,19,0,0,11,0,11,0,17,13,0,30,42,0,42,72
02/15/2018,ITH,NY,AEA,EN,Federal Contract Tower,0,26,11,0,37,0,0,9,0,9,0,26,20,0,46,18,0,18,64
02/16/2018,ITH,NY,AEA,EN,Federal Contract Tower,0,18,9,0,27,0,0,0,0,0,0,18,9,0,27,0,0,0,27
02/17/2018,ITH,NY,AEA,EN,Federal Contract Tower,0,14,9,0,23,0,0,32,0,32,0,14,41,0,55,98,0,98,153
02/18/2018,ITH,NY,AEA,EN,Federal Contract Tower,0,11,5,0,16,0,0,10,0,10,0,11,15,0,26,104,0,104,130
02/19/2018,ITH,NY,AEA,EN,Federal Contract Tower,0,18,11,0,29,0,0,6,0,6,0,18,17,0,35,0,0,0,35
02/20/2018,ITH,NY,AEA,EN,Federal Contract Tower,0,25,9,0,34,0,0,18,0,18,0,25,27,0,52,74,0,74,126
02/21/2018,ITH,NY,AEA,EN,Federal Contract Tower,0,18,8,0,26,0,0,2,0,2,0,18,10,0,28,16,0,16,44
02/22/2018,ITH,NY,AEA,EN,Federal Contract Tower,0,11,1,0,12,0,0,0,0,0,0,11,1,0,12,0,0,0,12
02/23/2018,ITH,NY,AEA,EN,Federal Contract Tower,0,19,5,0,24,0,0,0,0,0,0,19,5,0,24,0,0,0,24
02/24/2018,ITH,NY,AEA,EN,Federal Contract Tower,0,20,2,0,22,0,0,22,0,22,0,20,24,0,44,80,0,80,124
02/25/2018,ITH,NY,AEA,EN,Federal Contract Tower,0,19,6,0,25,0,0,11,0,11,0,19,17,0,36,4,0,4,40
02/26/2018,ITH,NY,AEA,EN,Federal Contract Tower,0,18,10,0,28,0,0,29,3,32,0,18,39,3,60,44,0,44,104
02/27/2018,ITH,NY,AEA,EN,Federal Contract Tower,0,18,2,0,20,0,3,26,0,29,0,21,28,0,49,86,0,86,135
02/28/2018,ITH,NY,AEA,EN,Federal Contract Tower,0,16,3,0,19,0,0,25,0,25,0,16,28,0,44,40,0,40,84
03/02/2018,ITH,NY,AEA,EN,Federal Contract Tower,0,7,0,0,7,0,0,0,0,0,0,7,0,0,7,0,0,0,7
03/03/2018,ITH,NY,AEA,EN,Federal Contract Tower,0,12,3,0,15,0,0,0,0,0,0,12,3,0,15,0,0,0,15
03/04/2018,ITH,NY,AEA,EN,Federal Contract Tower,0,16,12,0,28,0,0,11,0,11,0,16,23,0,39,56,0,56,95
03/05/2018,ITH,NY,AEA,EN,Federal Contract Tower,0,18,1,0,19,0,0,2,0,2,0,18,3,0,21,0,0,0,21
03/06/2018,ITH,NY,AEA,EN,Federal Contract Tower,0,20,13,0,33,0,0,23,0,23,0,20,36,0,56,94,0,94,150
03/07/2018,ITH,NY,AEA,EN,Federal Contract Tower,0,12,4,0,16,0,0,0,0,0,0,12,4,0,16,0,0,0,16
03/08/2018,ITH,NY,AEA,EN,Federal Contract Tower,0,18,10,0,28,0,0,3,0,3,0,18,13,0,31,8,0,8,39
03/09/2018,ITH,NY,AEA,EN,Federal Contract Tower,0,27,1,0,28,0,0,6,0,6,0,27,7,0,34,16,0,16,50
03/10/2018,ITH,NY,AEA,EN,Federal Contract Tower,0,23,4,0,27,0,0,0,0,0,0,23,4,0,27,0,0,0,27
03/11/2018,ITH,NY,AEA,EN,Federal Contract Tower,0,18,14,0,32,0,0,21,0,21,0,18,35,0,53,52,0,52,105
03/12/2018,ITH,NY,AEA,EN,Federal Contract Tower,0,24,7,0,31,0,0,9,0,9,0,24,16,0,40,10,0,10,50
03/13/2018,ITH,NY,AEA,EN,Federal Contract Tower,0,19,0,0,19,0,0,0,0,0,0,19,0,0,19,0,0,0,19
03/14/2018,ITH,NY,AEA,EN,Federal Contract Tower,0,21,1,0,22,0,0,0,0,0,0,21,1,0,22,0,0,0,22
03/15/2018,ITH,NY,AEA,EN,Federal Contract Tower,0,23,10,0,33,0,0,21,0,21,0,23,31,0,54,26,0,26,80
03/16/2018,ITH,NY,AEA,EN,Federal Contract Tower,0,22,6,0,28,0,0,2,0,2,0,22,8,0,30,0,0,0,30
03/17/2018,ITH,NY,AEA,EN,Federal Contract Tower,0,23,4,0,27,0,1,19,0,20,0,24,23,0,47,58,0,58,105
03/18/2018,ITH,NY,AEA,EN,Federal Contract Tower,0,18,5,0,23,0,0,46,0,46,0,18,51,0,69,142,0,142,211
03/19/2018,ITH,NY,AEA,EN,Federal Contract Tower,0,18,14,0,32,0,0,17,0,17,0,18,31,0,49,50,0,50,99
03/20/2018,ITH,NY,AEA,EN,Federal Contract Tower,0,21,9,0,30,0,0,17,0,17,0,21,26,0,47,68,0,68,115
03/21/2018,ITH,NY,AEA,EN,Federal Contract Tower,0,15,6,0,21,0,0,22,0,22,0,15,28,0,43,28,0,28,71
03/22/2018,ITH,NY,AEA,EN,Federal Contract Tower,0,20,11,1,32,0,1,28,1,30,0,21,39,2,62,92,12,104,166
03/23/2018,ITH,NY,AEA,EN,Federal Contract Tower,0,40,12,0,52,0,0,28,0,28,0,40,40,0,80,82,0,82,162
03/24/2018,ITH,NY,AEA,EN,Federal Contract Tower,0,18,5,0,23,0,0,25,0,25,0,18,30,0,48,99,0,99,147
03/25/2018,ITH,NY,AEA,EN,Federal Contract Tower,0,24,5,0,29,0,0,40,0,40,0,24,45,0,69,82,0,82,151
03/26/2018,ITH,NY,AEA,EN,Federal Contract Tower,0,18,9,0,27,0,0,33,0,33,0,18,42,0,60,100,0,100,160
03/27/2018,ITH,NY,AEA,EN,Federal Contract Tower,0,20,6,0,26,0,0,3,0,3,0,20,9,0,29,0,0,0,29
03/28/2018,ITH,NY,AEA,EN,Federal Contract Tower,0,21,7,0,28,0,0,0,0,0,0,21,7,0,28,0,0,0,28
03/29/2018,ITH,NY,AEA,EN,Federal Contract Tower,0,25,17,0,42,0,0,0,0,0,0,25,17,0,42,0,0,0,42
03/30/2018,ITH,NY,AEA,EN,Federal Contract Tower,0,26,12,0,38,0,0,0,0,0,0,26,12,0,38,0,0,0,38
03/31/2018,ITH,NY,AEA,EN,Federal Contract Tower,0,17,8,0,25,0,0,46,0,46,0,17,54,0,71,96,0,96,167
04/01/2018,ITH,NY,AEA,EN,Federal Contract Tower,0,16,7,0,23,0,0,4,0,4,0,16,11,0,27,12,0,12,39
04/02/2018,ITH,NY,AEA,EN,Federal Contract Tower,0,18,10,0,28,0,0,22,0,22,0,18,32,0,50,58,0,58,108
04/03/2018,ITH,NY,AEA,EN,Federal Contract Tower,0,16,2,0,18,0,0,0,0,0,0,16,2,0,18,0,0,0,18
04/04/2018,ITH,NY,AEA,EN,Federal Contract Tower,2,9,2,0,13,0,0,0,0,0,2,9,2,0,13,0,0,0,13
04/05/2018,ITH,NY,AEA,EN,Federal Contract Tower,0,15,9,0,24,0,0,0,0,0,0,15,9,0,24,0,0,0,24
04/06/2018,ITH,NY,AEA,EN,Federal Contract Tower,0,19,6,0,25,0,0,0,0,0,0,19,6,0,25,0,0,0,25
04/07/2018,ITH,NY,AEA,EN,Federal Contract Tower,0,20,8,0,28,0,0,6,0,6,0,20,14,0,34,56,0,56,90
04/08/2018,ITH,NY,AEA,EN,Federal Contract Tower,0,21,16,0,37,0,0,6,0,6,0,21,22,0,43,17,0,17,60
04/09/2018,ITH,NY,AEA,EN,Federal Contract Tower,0,19,10,0,29,0,0,27,0,27,0,19,37,0,56,100,0,100,156
04/10/2018,ITH,NY,AEA,EN,Federal Contract Tower,0,22,6,0,28,0,0,24,0,24,0,22,30,0,52,46,0,46,98
04/11/2018,ITH,NY,AEA,EN,Federal Contract Tower,0,21,12,0,33,0,0,27,2,29,0,21,39,2,62,54,0,54,116
04/12/2018,ITH,NY,AEA,EN,Federal Contract Tower,0,20,9,0,29,0,0,1,0,1,0,20,10,0,30,2,0,2,32
04/13/2018,ITH,NY,AEA,EN,Federal Contract Tower,0,22,20,0,42,0,0,16,0,16,0,22,36,0,58,45,0,45,103
04/14/2018,ITH,NY,AEA,EN,Federal Contract Tower,0,15,9,0,24,0,0,0,0,0,0,15,9,0,24,0,0,0,24
04/15/2018,ITH,NY,AEA,EN,Federal Contract Tower,0,25,12,0,37,0,0,0,0,0,0,25,12,0,37,0,0,0,37
04/16/2018,ITH,NY,AEA,EN,Federal Contract Tower,0,18,2,0,20,0,0,0,0,0,0,18,2,0,20,0,0,0,20
04/17/2018,ITH,NY,AEA,EN,Federal Contract Tower,0,15,5,1,21,0,0,0,0,0,0,15,5,1,21,0,0,0,21
04/18/2018,ITH,NY,AEA,EN,Federal Contract Tower,0,22,5,1,28,0,0,12,0,12,0,22,17,1,40,8,0,8,48
04/19/2018,ITH,NY,AEA,EN,Federal Contract Tower,0,23,13,0,36,0,0,0,0,0,0,23,13,0,36,0,0,0,36
04/20/2018,ITH,NY,AEA,EN,Federal Contract Tower,0,21,17,1,39,0,0,9,0,9,0,21,26,1,48,14,0,14,62
04/21/2018,ITH,NY,AEA,EN,Federal Contract Tower,0,21,14,0,35,0,0,52,0,52,0,21,66,0,87,116,0,116,203
04/22/2018,ITH,NY,AEA,EN,Federal Contract Tower,0,24,6,0,30,0,0,46,0,46,0,24,52,0,76,150,0,150,226
04/23/2018,ITH,NY,AEA,EN,Federal Contract Tower,0,18,6,0,24,0,0,47,0,47,0,18,53,0,71,100,0,100,171
04/24/2018,ITH,NY,AEA,EN,Federal Contract Tower,0,19,7,0,26,0,0,7,0,7,0,19,14,0,33,118,0,118,151
04/25/2018,ITH,NY,AEA,EN,Federal Contract Tower,0,17,10,0,27,0,0,0,0,0,0,17,10,0,27,0,0,0,27
04/26/2018,ITH,NY,AEA,EN,Federal Contract Tower,0,20,6,1,27,0,0,11,0,11,0,20,17,1,38,11,0,11,49
04/27/2018,ITH,NY,AEA,EN,Federal Contract Tower,0,26,8,0,34,0,0,19,0,19,0,26,27,0,53,60,0,60,113
04/28/2018,ITH,NY,AEA,EN,Federal Contract Tower,0,16,4,0,20,0,0,9,0,9,0,16,13,0,29,30,0,30,59
04/29/2018,ITH,NY,AEA,EN,Federal Contract Tower,0,23,5,0,28,0,0,0,0,0,0,23,5,0,28,0,0,0,28
04/30/2018,ITH,NY,AEA,EN,Federal Contract Tower,0,19,5,0,24,0,0,20,0,20,0,19,25,0,44,68,0,68,112
05/01/2018,ITH,NY,AEA,EN,Federal Contract Tower,0,19,7,0,26,0,0,40,0,40,0,19,47,0,66,120,0,120,186
05/02/2018,ITH,NY,AEA,EN,Federal Contract Tower,0,17,4,0,21,0,0,22,0,22,0,17,26,0,43,68,0,68,111
05/03/2018,ITH,NY,AEA,EN,Federal Contract Tower,0,21,10,0,31,0,0,10,0,10,0,21,20,0,41,86,0,86,127
05/04/2018,ITH,NY,AEA,EN,Federal Contract Tower,0,19,10,0,29,0,0,19,0,19,0,19,29,0,48,38,0,38,86
05/05/2018,ITH,NY,AEA,EN,Federal Contract Tower,0,16,8,0,24,0,0,46,0,46,0,16,54,0,70,76,0,76,146
05/06/2018,ITH,NY,AEA,EN,Federal Contract Tower,0,16,9,0,25,0,0,31,0,31,0,16,40,0,56,124,0,124,180
05/07/2018,ITH,NY,AEA,EN,Federal Contract Tower,0,24,5,0,29,0,0,39,0,39,0,24,44,0,68,94,0,94,162
05/08/2018,ITH,NY,AEA,EN,Federal Contract Tower,1,18,7,0,26,0,0,38,0,38,1,18,45,0,64,104,0,104,168
05/09/2018,ITH,NY,AEA,EN,Federal Contract Tower,0,22,4,0,26,0,0,27,0,27,0,22,31,0,53,62,0,62,115
05/10/2018,ITH,NY,AEA,EN,Federal Contract Tower,0,19,3,0,22,0,0,2,0,2,0,19,5,0,24,1,0,1,25
05/11/2018,ITH,NY,AEA,EN,Federal Contract Tower,0,25,13,0,38,0,0,30,2,32,0,25,43,2,70,80,0,80,150
05/12/2018,ITH,NY,AEA,EN,Federal Contract Tower,0,19,4,0,23,0,0,1,0,1,0,19,5,0,24,0,0,0,24
05/13/2018,ITH,NY,AEA,EN,Federal Contract Tower,0,22,24,0,46,0,0,11,0,11,0,22,35,0,57,0,0,0,57
05/14/2018,ITH,NY,AEA,EN,Federal Contract Tower,0,18,2,0,20,0,0,27,0,27,0,18,29,0,47,54,0,54,101
05/15/2018,ITH,NY,AEA,EN,Federal Contract Tower,0,15,7,0,22,0,0,5,0,5,0,15,12,0,27,0,0,0,27
05/16/2018,ITH,NY,AEA,EN,Federal Contract Tower,0,22,7,0,29,0,0,22,0,22,0,22,29,0,51,72,0,72,123
05/17/2018,ITH,NY,AEA,EN,Federal Contract Tower,0,17,6,0,23,0,0,31,0,31,0,17,37,0,54,82,0,82,136
05/18/2018,ITH,NY,AEA,EN,Federal Contract Tower,0,15,14,0,29,0,0,39,0,39,0,15,53,0,68,98,0,98,166
05/19/2018,ITH,NY,AEA,EN,Federal Contract Tower,0,15,10,0,25,0,0,0,0,0,0,15,10,0,25,0,0,0,25
05/20/2018,ITH,NY,AEA,EN,Federal Contract Tower,0,18,16,0,34,0,0,8,0,8,0,18,24,0,42,8,0,8,50
05/21/2018,ITH,NY,AEA,EN,Federal Contract Tower,0,19,9,0,28,0,0,49,0,49,0,19,58,0,77,80,0,80,157
05/22/2018,ITH,NY,AEA,EN,Federal Contract Tower,0,13,9,1,23,0,0,0,0,0,0,13,9,1,23,0,0,0,23
05/23/2018,ITH,NY,AEA,EN,Federal Contract Tower,0,20,14,2,36,0,0,31,1,32,0,20,45,3,68,50,12,62,130
05/24/2018,ITH,NY,AEA,EN,Federal Contract Tower,0,33,8,0,41,0,0,30,0,30,0,33,38,0,71,68,0,68,139
05/25/2018,ITH,NY,AEA,EN,Federal Contract Tower,0,42,23,0,65,0,0,57,0,57,0,42,80,0,122,66,0,66,188
05/26/2018,ITH,NY,AEA,EN,Federal Contract Tower,0,29,22,0,51,0,0,34,0,34,0,29,56,0,85,102,0,102,187
05/27/2018,ITH,NY,AEA,EN,Federal Contract Tower,0,41,16,0,57,0,0,6,0,6,0,41,22,0,63,0,0,0,63
05/28/2018,ITH,NY,AEA,EN,Federal Contract Tower,0,18,16,0,34,0,0,12,0,12,0,18,28,0,46,10,0,10,56
05/29/2018,ITH,NY,AEA,EN,Federal Contract Tower,0,26,8,0,34,0,1,34,0,35,0,27,42,0,69,76,0,76,145
05/30/2018,ITH,NY,AEA,EN,Federal Contract Tower,0,18,13,0,31,0,0,28,0,28,0,18,41,0,59,62,0,62,121
05/31/2018,ITH,NY,AEA,EN,Federal Contract Tower,0,26,16,0,42,0,0,8,0,8,0,26,24,0,50,26,0,26,76
06/01/2018,ITH,NY,AEA,EN,Federal Contract Tower,0,17,3,0,20,0,0,12,0,12,0,17,15,0,32,26,0,26,58
06/02/2018,ITH,NY,AEA,EN,Federal Contract Tower,0,20,8,0,28,0,0,0,0,0,0,20,8,0,28,8,0,8,36
06/03/2018,ITH,NY,AEA,EN,Federal Contract Tower,0,13,7,0,20,0,0,10,0,10,0,13,17,0,30,10,0,10,40
06/04/2018,ITH,NY,AEA,EN,Federal Contract Tower,0,17,8,0,25,0,0,25,0,25,0,17,33,0,50,8,0,8,58
06/05/2018,ITH,NY,AEA,EN,Federal Contract Tower,0,15,2,0,17,0,0,20,0,20,0,15,22,0,37,88,0,88,125
06/06/2018,ITH,NY,AEA,EN,Federal Contract Tower,0,18,12,0,30,0,0,4,0,4,0,18,16,0,34,4,0,4,38
06/07/2018,ITH,NY,AEA,EN,Federal Contract Tower,0,29,13,0,42,0,0,51,0,51,0,29,64,0,93,112,0,112,205
06/08/2018,ITH,NY,AEA,EN,Federal Contract Tower,0,18,32,0,50,0,0,42,0,42,0,18,74,0,92,80,0,80,172
06/09/2018,ITH,NY,AEA,EN,Federal Contract Tower,0,20,9,0,29,0,0,34,0,34,0,20,43,0,63,48,0,48,111
06/10/2018,ITH,NY,AEA,EN,Federal Contract Tower,0,18,18,0,36,0,0,56,0,56,0,18,74,0,92,44,0,44,136
06/11/2018,ITH,NY,AEA,EN,Federal Contract Tower,0,19,6,0,25,0,4,45,0,49,0,23,51,0,74,84,0,84,158
06/12/2018,ITH,NY,AEA,EN,Federal Contract Tower,0,15,6,0,21,0,0,45,0,45,0,15,51,0,66,86,0,86,152
06/13/2018,ITH,NY,AEA,EN,Federal Contract Tower,0,20,10,0,30,0,0,0,0,0,0,20,10,0,30,2,0,2,32
06/14/2018,ITH,NY,AEA,EN,Federal Contract Tower,0,18,6,0,24,0,0,11,0,11,0,18,17,0,35,0,0,0,35
06/15/2018,ITH,NY,AEA,EN,Federal Contract Tower,0,19,8,0,27,0,1,22,0,23,0,20,30,0,50,36,0,36,86
06/16/2018,ITH,NY,AEA,EN,Federal Contract Tower,0,18,3,0,21,0,0,44,0,44,0,18,47,0,65,74,0,74,139
06/17/2018,ITH,NY,AEA,EN,Federal Contract Tower,0,19,11,0,30,0,0,51,0,51,0,19,62,0,81,52,0,52,133
06/18/2018,ITH,NY,AEA,EN,Federal Contract Tower,0,20,11,0,31,0,0,33,0,33,0,20,44,0,64,52,0,52,116
06/19/2018,ITH,NY,AEA,EN,Federal Contract Tower,0,14,12,0,26,0,0,34,0,34,0,14,46,0,60,56,0,56,116
06/20/2018,ITH,NY,AEA,EN,Federal Contract Tower,0,21,11,0,32,0,0,44,0,44,0,21,55,0,76,54,0,54,130
06/21/2018,ITH,NY,AEA,EN,Federal Contract Tower,0,22,16,0,38,0,0,48,0,48,0,22,64,0,86,72,0,72,158
06/22/2018,ITH,NY,AEA,EN,Federal Contract Tower,0,23,14,0,37,0,0,39,0,39,0,23,53,0,76,44,0,44,120
06/23/2018,ITH,NY,AEA,EN,Federal Contract Tower,0,15,6,0,21,0,0,1,0,1,0,15,7,0,22,2,0,2,24
06/24/2018,ITH,NY,AEA,EN,Federal Contract Tower,0,16,13,0,29,0,0,0,0,0,0,16,13,0,29,0,0,0,29
06/25/2018,ITH,NY,AEA,EN,Federal Contract Tower,0,16,15,0,31,0,0,36,0,36,0,16,51,0,67,50,0,50,117
06/26/2018,ITH,NY,AEA,EN,Federal Contract Tower,0,18,3,1,22,0,0,48,0,48,0,18,51,1,70,84,0,84,154
06/27/2018,ITH,NY,AEA,EN,Federal Contract Tower,0,23,8,0,31,0,0,0,0,0,0,23,8,0,31,0,0,0,31
06/28/2018,ITH,NY,AEA,EN,Federal Contract Tower,0,22,11,0,33,0,0,7,0,7,0,22,18,0,40,10,0,10,50
06/29/2018,ITH,NY,AEA,EN,Federal Contract Tower,0,20,12,0,32,0,0,21,0,21,0,20,33,0,53,40,0,40,93
06/30/2018,ITH,NY,AEA,EN,Federal Contract Tower,0,15,5,0,20,0,0,54,0,54,0,15,59,0,74,108,0,108,182
07/01/2018,ITH,NY,AEA,EN,Federal Contract Tower,0,20,15,0,35,0,0,40,0,40,0,20,55,0,75,50,0,50,125
07/02/2018,ITH,NY,AEA,EN,Federal Contract Tower,0,12,8,0,20,0,0,8,2,10,0,12,16,2,30,10,0,10,40
07/03/2018,ITH,NY,AEA,EN,Federal Contract Tower,0,12,9,0,21,0,0,47,0,47,0,12,56,0,68,90,0,90,158
07/04/2018,ITH,NY,AEA,EN,Federal Contract Tower,0,8,2,0,10,0,0,16,0,16,0,8,18,0,26,44,0,44,70
07/05/2018,ITH,NY,AEA,EN,Federal Contract Tower,0,10,7,0,17,0,0,10,0,10,0,10,17,0,27,2,0,2,29
07/06/2018,ITH,NY,AEA,EN,Federal Contract Tower,0,15,8,0,23,0,0,13,0,13,0,15,21,0,36,5,0,5,41
07/07/2018,ITH,NY,AEA,EN,Federal Contract Tower,0,10,6,0,16,0,0,43,0,43,0,10,49,0,59,144,0,144,203
07/09/2018,ITH,NY,AEA,EN,Federal Contract Tower,0,15,9,0,24,0,0,26,0,26,0,15,35,0,50,72,0,72,122
07/10/2018,ITH,NY,AEA,EN,Federal Contract Tower,0,14,11,0,25,0,0,31,0,31,0,14,42,0,56,82,0,82,138
07/11/2018,ITH,NY,AEA,EN,Federal Contract Tower,0,16,6,0,22,0,0,40,0,40,0,16,46,0,62,74,0,74,136
07/12/2018,ITH,NY,AEA,EN,Federal Contract Tower,0,18,8,0,26,0,0,43,0,43,0,18,51,0,69,39,0,39,108
07/13/2018,ITH,NY,AEA,EN,Federal Contract Tower,0,23,8,0,31,0,0,35,0,35,0,23,43,0,66,56,0,56,122
07/14/2018,ITH,NY,AEA,EN,Federal Contract Tower,0,13,6,0,19,0,0,19,0,19,0,13,25,0,38,80,0,80,118
07/15/2018,ITH,NY,AEA,EN,Federal Contract Tower,0,20,11,0,31,0,0,33,0,33,0,20,44,0,64,58,0,58,122
07/16/2018,ITH,NY,AEA,EN,Federal Contract Tower,0,14,12,0,26,0,0,22,0,22,0,14,34,0,48,50,0,50,98
07/17/2018,ITH,NY,AEA,EN,Federal Contract Tower,0,9,15,1,25,0,0,29,1,30,0,9,44,2,55,54,0,54,109
07/18/2018,ITH,NY,AEA,EN,Federal Contract Tower,0,20,12,0,32,0,0,38,1,39,0,20,50,1,71,64,0,64,135
07/19/2018,ITH,NY,AEA,EN,Federal Contract Tower,0,16,10,0,26,0,0,48,0,48,0,16,58,0,74,138,0,138,212
07/20/2018,ITH,NY,AEA,EN,Federal Contract Tower,0,20,17,0,37,0,0,48,0,48,0,20,65,0,85,72,0,72,157
07/21/2018,ITH,NY,AEA,EN,Federal Contract Tower,0,13,12,0,25,0,0,20,0,20,0,13,32,0,45,68,0,68,113
07/22/2018,ITH,NY,AEA,EN,Federal Contract Tower,0,15,11,0,26,0,0,0,0,0,0,15,11,0,26,0,0,0,26
07/23/2018,ITH,NY,AEA,EN,Federal Contract Tower,0,19,5,0,24,0,0,2,0,2,0,19,7,0,26,22,0,22,48
07/24/2018,ITH,NY,AEA,EN,Federal Contract Tower,0,11,5,0,16,0,0,2,0,2,0,11,7,0,18,0,0,0,18
07/25/2018,ITH,NY,AEA,EN,Federal Contract Tower,0,16,7,0,23,0,0,0,0,0,0,16,7,0,23,0,0,0,23
07/26/2018,ITH,NY,AEA,EN,Federal Contract Tower,0,19,12,0,31,0,0,32,0,32,0,19,44,0,63,72,0,72,135
07/27/2018,ITH,NY,AEA,EN,Federal Contract Tower,0,20,6,0,26,0,0,2,0,2,0,20,8,0,28,44,0,44,72
07/28/2018,ITH,NY,AEA,EN,Federal Contract Tower,0,15,5,0,20,0,0,12,0,12,0,15,17,0,32,42,0,42,74
07/29/2018,ITH,NY,AEA,EN,Federal Contract Tower,0,15,5,0,20,0,0,32,0,32,0,15,37,0,52,60,0,60,112
07/30/2018,ITH,NY,AEA,EN,Federal Contract Tower,0,15,8,0,23,0,0,25,0,25,0,15,33,0,48,48,0,48,96
07/31/2018,ITH,NY,AEA,EN,Federal Contract Tower,0,15,11,2,28,0,0,19,0,19,0,15,30,2,47,38,36,74,121
08/01/2018,ITH,NY,AEA,EN,Federal Contract Tower,0,17,9,0,26,0,0,18,4,22,0,17,27,4,48,4,0,4,52
08/02/2018,ITH,NY,AEA,EN,Federal Contract Tower,0,14,10,0,24,0,0,23,0,23,0,14,33,0,47,64,0,64,111
08/03/2018,ITH,NY,AEA,EN,Federal Contract Tower,0,13,15,0,28,0,0,0,0,0,0,13,15,0,28,0,0,0,28
08/04/2018,ITH,NY,AEA,EN,Federal Contract Tower,0,21,11,2,34,0,0,15,0,15,0,21,26,2,49,36,0,36,85
08/05/2018,ITH,NY,AEA,EN,Federal Contract Tower,0,16,11,0,27,0,0,42,0,42,0,16,53,0,69,70,0,70,139
08/06/2018,ITH,NY,AEA,EN,Federal Contract Tower,0,14,9,2,25,0,0,43,0,43,0,14,52,2,68,88,0,88,156
08/07/2018,ITH,NY,AEA,EN,Federal Contract Tower,0,15,13,0,28,0,0,19,0,19,0,15,32,0,47,50,0,50,97
08/08/2018,ITH,NY,AEA,EN,Federal Contract Tower,0,12,13,0,25,0,0,2,0,2,0,12,15,0,27,2,0,2,29
08/09/2018,ITH,NY,AEA,EN,Federal Contract Tower,0,20,14,0,34,0,0,46,0,46,0,20,60,0,80,92,0,92,172
08/10/2018,ITH,NY,AEA,EN,Federal Contract Tower,0,25,17,0,42,0,0,35,1,36,0,25,52,1,78,18,0,18,96
08/11/2018,ITH,NY,AEA,EN,Federal Contract Tower,0,16,7,0,23,0,0,3,0,3,0,16,10,0,26,14,0,14,40
08/12/2018,ITH,NY,AEA,EN,Federal Contract Tower,0,21,8,0,29,0,0,26,0,26,0,21,34,0,55,8,0,8,63
08/13/2018,ITH,NY,AEA,EN,Federal Contract Tower,0,15,4,0,19,0,0,0,0,0,0,15,4,0,19,0,0,0,19
08/14/2018,ITH,NY,AEA,EN,Federal Contract Tower,0,12,5,0,17,0,0,0,0,0,0,12,5,0,17,0,0,0,17
08/15/2018,ITH,NY,AEA,EN,Federal Contract Tower,0,17,11,0,28,0,0,38,0,38,0,17,49,0,66,34,0,34,100
08/16/2018,ITH,NY,AEA,EN,Federal Contract Tower,0,20,24,0,44,0,0,44,0,44,0,20,68,0,88,80,0,80,168
08/17/2018,ITH,NY,AEA,EN,Federal Contract Tower,0,25,14,0,39,0,0,13,0,13,0,25,27,0,52,27,0,27,79
08/18/2018,ITH,NY,AEA,EN,Federal Contract Tower,0,23,7,0,30,0,0,1,0,1,0,23,8,0,31,2,0,2,33
08/19/2018,ITH,NY,AEA,EN,Federal Contract Tower,0,17,27,0,44,0,0,29,0,29,0,17,56,0,73,74,0,74,147
08/20/2018,ITH,NY,AEA,EN,Federal Contract Tower,0,15,14,0,29,0,0,52,0,52,0,15,66,0,81,124,0,124,205
08/21/2018,ITH,NY,AEA,EN,Federal Contract Tower,0,18,8,0,26,0,0,0,0,0,0,18,8,0,26,0,0,0,26
08/22/2018,ITH,NY,AEA,EN,Federal Contract Tower,0,17,14,0,31,0,0,8,0,8,0,17,22,0,39,28,0,28,67
08/23/2018,ITH,NY,AEA,EN,Federal Contract Tower,0,19,10,0,29,0,0,42,0,42,0,19,52,0,71,40,0,40,111
08/24/2018,ITH,NY,AEA,EN,Federal Contract Tower,0,21,9,0,30,0,0,36,0,36,0,21,45,0,66,52,0,52,118
08/25/2018,ITH,NY,AEA,EN,Federal Contract Tower,0,17,5,0,22,0,0,54,0,54,0,17,59,0,76,94,0,94,170
08/26/2018,ITH,NY,AEA,EN,Federal Contract Tower,0,21,12,0,33,0,0,31,0,31,0,21,43,0,64,28,0,28,92
08/27/2018,ITH,NY,AEA,EN,Federal Contract Tower,0,20,22,0,42,0,0,23,0,23,0,20,45,0,65,42,0,42,107
08/28/2018,ITH,NY,AEA,EN,Federal Contract Tower,0,17,6,0,23,0,0,31,0,31,0,17,37,0,54,84,0,84,138
08/29/2018,ITH,NY,AEA,EN,Federal Contract Tower,0,18,5,0,23,0,0,35,0,35,0,18,40,0,58,14,0,14,72
08/30/2018,ITH,NY,AEA,EN,Federal Contract Tower,0,19,12,1,32,0,0,15,0,15,0,19,27,1,47,16,0,16,63
08/31/2018,ITH,NY,AEA,EN,Federal Contract Tower,0,16,10,0,26,0,0,9,0,9,0,16,19,0,35,10,0,10,45
09/01/2018,ITH,NY,AEA,EN,Federal Contract Tower,0,14,6,0,20,0,0,14,0,14,0,14,20,0,34,48,0,48,82
09/02/2018,ITH,NY,AEA,EN,Federal Contract Tower,0,19,6,0,25,0,0,31,0,31,0,19,37,0,56,60,0,60,116
09/03/2018,ITH,NY,AEA,EN,Federal Contract Tower,0,14,10,0,24,0,0,28,0,28,0,14,38,0,52,110,0,110,162
09/04/2018,ITH,NY,AEA,EN,Federal Contract Tower,0,19,15,0,34,0,0,45,0,45,0,19,60,0,79,66,0,66,145
09/05/2018,ITH,NY,AEA,EN,Federal Contract Tower,0,26,12,0,38,0,0,22,0,22,0,26,34,0,60,40,0,40,100
09/06/2018,ITH,NY,AEA,EN,Federal Contract Tower,0,14,13,0,27,0,0,7,0,7,0,14,20,0,34,20,0,20,54
09/07/2018,ITH,NY,AEA,EN,Federal Contract Tower,0,23,13,0,36,0,0,0,0,0,0,23,13,0,36,92,0,92,128
09/08/2018,ITH,NY,AEA,EN,Federal Contract Tower,0,14,7,0,21,0,0,36,0,36,0,14,43,0,57,62,0,62,119
09/09/2018,ITH,NY,AEA,EN,Federal Contract Tower,0,15,13,0,28,0,0,29,0,29,0,15,42,0,57,64,0,64,121
09/10/2018,ITH,NY,AEA,EN,Federal Contract Tower,0,21,4,0,25,0,0,0,0,0,0,21,4,0,25,0,0,0,25
09/11/2018,ITH,NY,AEA,EN,Federal Contract Tower,0,14,12,4,30,0,0,25,0,25,0,14,37,4,55,82,0,82,137
09/12/2018,ITH,NY,AEA,EN,Federal Contract Tower,0,18,9,2,29,0,0,28,0,28,0,18,37,2,57,4,0,4,61
09/13/2018,ITH,NY,AEA,EN,Federal Contract Tower,0,18,10,0,28,0,0,14,0,14,0,18,24,0,42,32,0,32,74
09/14/2018,ITH,NY,AEA,EN,Federal Contract Tower,0,21,7,0,28,0,0,16,0,16,0,21,23,0,44,36,0,36,80
09/15/2018,ITH,NY,AEA,EN,Federal Contract Tower,0,20,6,0,26,0,0,89,0,89,0,20,95,0,115,20,0,20,135
09/16/2018,ITH,NY,AEA,EN,Federal Contract Tower,0,19,9,0,28,0,0,62,0,62,0,19,71,0,90,96,0,96,186
09/17/2018,ITH,NY,AEA,EN,Federal Contract Tower,0,31,12,0,43,0,0,23,0,23,0,31,35,0,66,84,0,84,150
09/18/2018,ITH,NY,AEA,EN,Federal Contract Tower,0,16,5,0,21,0,0,6,0,6,0,16,11,0,27,36,0,36,63
09/19/2018,ITH,NY,AEA,EN,Federal Contract Tower,0,15,13,2,30,0,0,25,0,25,0,15,38,2,55,24,2,26,81
09/20/2018,ITH,NY,AEA,EN,Federal Contract Tower,0,23,9,0,32,0,0,35,0,35,0,23,44,0,67,54,2,56,123
09/21/2018,ITH,NY,AEA,EN,Federal Contract Tower,0,24,11,0,35,0,0,0,0,0,0,24,11,0,35,0,0,0,35
09/22/2018,ITH,NY,AEA,EN,Federal Contract Tower,0,20,18,0,38,0,0,22,0,22,0,20,40,0,60,32,0,32,92
09/23/2018,ITH,NY,AEA,EN,Federal Contract Tower,0,17,14,0,31,0,0,55,0,55,0,17,69,0,86,76,0,76,162
09/24/2018,ITH,NY,AEA,EN,Federal Contract Tower,0,18,7,0,25,0,0,23,0,23,0,18,30,0,48,76,0,76,124
09/25/2018,ITH,NY,AEA,EN,Federal Contract Tower,0,16,7,0,23,0,0,0,0,0,0,16,7,0,23,0,0,0,23
09/26/2018,ITH,NY,AEA,EN,Federal Contract Tower,0,14,6,0,20,0,0,0,0,0,0,14,6,0,20,0,0,0,20
09/27/2018,ITH,NY,AEA,EN,Federal Contract Tower,0,17,5,0,22,0,0,26,0,26,0,17,31,0,48,74,0,74,122
09/28/2018,ITH,NY,AEA,EN,Federal Contract Tower,0,22,9,1,32,0,0,16,0,16,0,22,25,1,48,40,0,40,88
09/29/2018,ITH,NY,AEA,EN,Federal Contract Tower,0,21,12,0,33,0,0,56,0,56,0,21,68,0,89,46,0,46,135
09/30/2018,ITH,NY,AEA,EN,Federal Contract Tower,0,15,6,0,21,0,0,23,0,23,0,15,29,0,44,56,0,56,100
10/01/2018,ITH,NY,AEA,EN,Federal Contract Tower,0,18,6,0,24,0,0,0,0,0,0,18,6,0,24,0,0,0,24
10/02/2018,ITH,NY,AEA,EN,Federal Contract Tower,0,18,5,0,23,0,0,0,0,0,0,18,5,0,23,0,0,0,23
10/03/2018,ITH,NY,AEA,EN,Federal Contract Tower,0,19,13,0,32,0,0,15,0,15,0,19,28,0,47,28,0,28,75
10/04/2018,ITH,NY,AEA,EN,Federal Contract Tower,0,18,10,0,28,0,0,2,0,2,0,18,12,0,30,0,0,0,30
10/05/2018,ITH,NY,AEA,EN,Federal Contract Tower,0,22,19,0,41,0,0,38,0,38,0,22,57,0,79,74,0,74,153
10/06/2018,ITH,NY,AEA,EN,Federal Contract Tower,0,15,12,0,27,0,0,2,0,2,0,15,14,0,29,0,0,0,29
10/07/2018,ITH,NY,AEA,EN,Federal Contract Tower,0,6,6,0,12,0,0,0,0,0,0,6,6,0,12,0,0,0,12
10/08/2018,ITH,NY,AEA,EN,Federal Contract Tower,0,19,11,0,30,0,0,16,0,16,0,19,27,0,46,64,0,64,110
10/09/2018,ITH,NY,AEA,EN,Federal Contract Tower,0,21,14,0,35,0,0,49,0,49,0,21,63,0,84,140,0,140,224
10/10/2018,ITH,NY,AEA,EN,Federal Contract Tower,0,17,10,0,27,0,0,26,0,26,0,17,36,0,53,32,0,32,85
10/11/2018,ITH,NY,AEA,EN,Federal Contract Tower,0,24,6,0,30,0,0,0,0,0,0,24,6,0,30,0,0,0,30
10/12/2018,ITH,NY,AEA,EN,Federal Contract Tower,0,33,22,0,55,0,1,7,0,8,0,34,29,0,63,20,0,20,83
10/13/2018,ITH,NY,AEA,EN,Federal Contract Tower,0,13,12,0,25,0,0,2,0,2,0,13,14,0,27,4,0,4,31
10/14/2018,ITH,NY,AEA,EN,Federal Contract Tower,0,16,7,0,23,0,0,51,0,51,0,16,58,0,74,40,0,40,114
10/15/2018,ITH,NY,AEA,EN,Federal Contract Tower,0,19,8,0,27,0,0,0,0,0,0,19,8,0,27,0,0,0,27
10/16/2018,ITH,NY,AEA,EN,Federal Contract Tower,0,24,4,0,28,0,0,29,0,29,0,24,33,0,57,90,0,90,147
10/17/2018,ITH,NY,AEA,EN,Federal Contract Tower,0,19,9,0,28,0,0,1,0,1,0,19,10,0,29,0,0,0,29
10/18/2018,ITH,NY,AEA,EN,Federal Contract Tower,0,19,7,0,26,0,0,15,0,15,0,19,22,0,41,20,0,20,61
10/19/2018,ITH,NY,AEA,EN,Federal Contract Tower,0,19,13,0,32,0,0,29,0,29,0,19,42,0,61,56,0,56,117
10/20/2018,ITH,NY,AEA,EN,Federal Contract Tower,0,21,4,0,25,0,0,2,0,2,0,21,6,0,27,6,0,6,33
10/21/2018,ITH,NY,AEA,EN,Federal Contract Tower,0,18,13,0,31,0,0,25,0,25,0,18,38,0,56,46,0,46,102
10/22/2018,ITH,NY,AEA,EN,Federal Contract Tower,0,25,4,0,29,0,0,25,0,25,0,25,29,0,54,42,0,42,96
10/23/2018,ITH,NY,AEA,EN,Federal Contract Tower,0,16,5,1,22,0,1,12,0,13,0,17,17,1,35,28,0,28,63
10/24/2018,ITH,NY,AEA,EN,Federal Contract Tower,0,19,6,0,25,0,0,2,0,2,0,19,8,0,27,6,0,6,33
10/25/2018,ITH,NY,AEA,EN,Federal Contract Tower,0,18,10,0,28,0,0,5,0,5,0,18,15,0,33,10,0,10,43
10/26/2018,ITH,NY,AEA,EN,Federal Contract Tower,0,26,9,0,35,0,0,46,0,46,0,26,55,0,81,86,0,86,167
10/27/2018,ITH,NY,AEA,EN,Federal Contract Tower,1,15,3,0,19,0,0,0,0,0,1,15,3,0,19,0,0,0,19
10/28/2018,ITH,NY,AEA,EN,Federal Contract Tower,1,18,1,0,20,0,0,4,0,4,1,18,5,0,24,2,0,2,26
10/29/2018,ITH,NY,AEA,EN,Federal Contract Tower,0,19,0,0,19,0,0,0,0,0,0,19,0,0,19,2,0,2,21
10/30/2018,ITH,NY,AEA,EN,Federal Contract Tower,0,21,8,1,30,0,0,35,0,35,0,21,43,1,65,78,0,78,143
10/31/2018,ITH,NY,AEA,EN,Federal Contract Tower,0,26,4,0,30,0,0,18,0,18,0,26,22,0,48,52,0,52,100
11/01/2018,ITH,NY,AEA,EN,Federal Contract Tower,0,27,9,0,36,0,0,0,0,0,0,27,9,0,36,0,0,0,36
11/02/2018,ITH,NY,AEA,EN,Federal Contract Tower,0,15,6,0,21,0,0,9,0,9,0,15,15,0,30,22,0,22,52
11/03/2018,ITH,NY,AEA,EN,Federal Contract Tower,0,41,5,0,46,0,0,5,0,5,0,41,10,0,51,56,0,56,107
11/04/2018,ITH,NY,AEA,EN,Federal Contract Tower,0,15,15,0,30,0,0,67,0,67,0,15,82,0,97,92,0,92,189
11/05/2018,ITH,NY,AEA,EN,Federal Contract Tower,0,19,4,0,23,0,0,0,0,0,0,19,4,0,23,0,0,0,23
11/06/2018,ITH,NY,AEA,EN,Federal Contract Tower,0,15,4,0,19,0,0,4,0,4,0,15,8,0,23,0,0,0,23
11/07/2018,ITH,NY,AEA,EN,Federal Contract Tower,0,19,1,0,20,0,0,21,0,21,0,19,22,0,41,52,0,52,93
11/08/2018,ITH,NY,AEA,EN,Federal Contract Tower,1,15,7,0,23,0,0,16,0,16,1,15,23,0,39,42,0,42,81
11/09/2018,ITH,NY,AEA,EN,Federal Contract Tower,0,25,6,0,31,0,0,0,0,0,0,25,6,0,31,0,0,0,31
11/10/2018,ITH,NY,AEA,EN,Federal Contract Tower,0,26,5,0,31,0,1,3,0,4,0,27,8,0,35,21,0,21,56
11/11/2018,ITH,NY,AEA,EN,Federal Contract Tower,0,17,14,0,31,0,0,45,0,45,0,17,59,0,76,94,0,94,170
11/12/2018,ITH,NY,AEA,EN,Federal Contract Tower,0,15,8,0,23,0,0,29,0,29,0,15,37,0,52,68,0,68,120
11/13/2018,ITH,NY,AEA,EN,Federal Contract Tower,0,13,6,0,19,0,0,0,0,0,0,13,6,0,19,0,0,0,19
11/14/2018,ITH,NY,AEA,EN,Federal Contract Tower,0,27,10,0,37,0,0,4,0,4,0,27,14,0,41,16,0,16,57
11/15/2018,ITH,NY,AEA,EN,Federal Contract Tower,0,13,6,0,19,0,0,17,0,17,0,13,23,0,36,80,0,80,116
11/16/2018,ITH,NY,AEA,EN,Federal Contract Tower,0,24,3,0,27,0,0,0,0,0,0,24,3,0,27,0,0,0,27
11/17/2018,ITH,NY,AEA,EN,Federal Contract Tower,0,17,0,0,17,0,0,5,0,5,0,17,5,0,22,24,0,24,46
11/18/2018,ITH,NY,AEA,EN,Federal Contract Tower,0,17,3,0,20,0,0,4,0,4,0,17,7,0,24,22,0,22,46
11/19/2018,ITH,NY,AEA,EN,Federal Contract Tower,0,17,4,0,21,0,0,2,0,2,0,17,6,0,23,40,0,40,63
11/20/2018,ITH,NY,AEA,EN,Federal Contract Tower,0,10,2,0,12,0,0,0,0,0,0,10,2,0,12,0,0,0,12
11/21/2018,ITH,NY,AEA,EN,Federal Contract Tower,0,23,8,0,31,0,0,0,0,0,0,23,8,0,31,0,0,0,31
11/22/2018,ITH,NY,AEA,EN,Federal Contract Tower,0,10,4,0,14,0,0,0,0,0,0,10,4,0,14,0,0,0,14
11/23/2018,ITH,NY,AEA,EN,Federal Contract Tower,0,11,5,0,16,0,0,25,0,25,0,11,30,0,41,64,0,64,105
11/24/2018,ITH,NY,AEA,EN,Federal Contract Tower,0,14,0,0,14,0,0,1,0,1,0,14,1,0,15,2,0,2,17
11/25/2018,ITH,NY,AEA,EN,Federal Contract Tower,0,22,10,0,32,0,0,15,0,15,0,22,25,0,47,50,0,50,97
11/26/2018,ITH,NY,AEA,EN,Federal Contract Tower,0,19,4,0,23,0,0,0,0,0,0,19,4,0,23,0,0,0,23
11/27/2018,ITH,NY,AEA,EN,Federal Contract Tower,0,17,3,0,20,0,0,0,0,0,0,17,3,0,20,0,0,0,20
11/28/2018,ITH,NY,AEA,EN,Federal Contract Tower,0,12,2,0,14,0,0,0,0,0,0,12,2,0,14,0,0,0,14
11/29/2018,ITH,NY,AEA,EN,Federal Contract Tower,0,15,8,0,23,0,4,0,0,4,0,19,8,0,27,6,0,6,33
11/30/2018,ITH,NY,AEA,EN,Federal Contract Tower,0,14,3,0,17,0,0,0,0,0,0,14,3,0,17,0,0,0,17
12/01/2018,ITH,NY,AEA,EN,Federal Contract Tower,0,19,6,0,25,0,2,2,0,4,0,21,8,0,29,6,0,6,35
12/02/2018,ITH,NY,AEA,EN,Federal Contract Tower,0,17,5,0,22,0,0,0,0,0,0,17,5,0,22,0,0,0,22
12/03/2018,ITH,NY,AEA,EN,Federal Contract Tower,0,17,4,0,21,0,0,4,0,4,0,17,8,0,25,26,0,26,51
12/04/2018,ITH,NY,AEA,EN,Federal Contract Tower,0,15,6,0,21,0,0,29,0,29,0,15,35,0,50,60,0,60,110
12/05/2018,ITH,NY,AEA,EN,Federal Contract Tower,0,14,4,0,18,0,0,31,0,31,0,14,35,0,49,98,0,98,147
12/06/2018,ITH,NY,AEA,EN,Federal Contract Tower,0,19,4,0,23,0,0,13,0,13,0,19,17,0,36,14,0,14,50
12/07/2018,ITH,NY,AEA,EN,Federal Contract Tower,0,14,5,0,19,0,0,6,0,6,0,14,11,0,25,8,0,8,33
12/08/2018,ITH,NY,AEA,EN,Federal Contract Tower,0,14,6,0,20,0,0,20,0,20,0,14,26,0,40,44,0,44,84
12/09/2018,ITH,NY,AEA,EN,Federal Contract Tower,0,14,1,0,15,0,0,49,0,49,0,14,50,0,64,132,0,132,196
12/10/2018,ITH,NY,AEA,EN,Federal Contract Tower,0,13,3,2,18,0,0,25,0,25,0,13,28,2,43,60,0,60,103
12/11/2018,ITH,NY,AEA,EN,Federal Contract Tower,0,15,3,0,18,0,0,28,0,28,0,15,31,0,46,50,0,50,96
12/12/2018,ITH,NY,AEA,EN,Federal Contract Tower,0,18,2,2,22,0,0,1,2,3,0,18,3,4,25,0,0,0,25
12/13/2018,ITH,NY,AEA,EN,Federal Contract Tower,0,18,3,0,21,0,0,11,0,11,0,18,14,0,32,26,0,26,58
12/14/2018,ITH,NY,AEA,EN,Federal Contract Tower,0,15,10,0,25,0,0,4,0,4,0,15,14,0,29,18,0,18,47
12/15/2018,ITH,NY,AEA,EN,Federal Contract Tower,0,18,6,0,24,0,0,7,0,7,0,18,13,0,31,12,0,12,43
12/16/2018,ITH,NY,AEA,EN,Federal Contract Tower,0,15,1,0,16,0,0,0,0,0,0,15,1,0,16,0,0,0,16
12/17/2018,ITH,NY,AEA,EN,Federal Contract Tower,0,19,2,0,21,0,0,3,0,3,0,19,5,0,24,24,0,24,48
12/18/2018,ITH,NY,AEA,EN,Federal Contract Tower,0,12,3,0,15,0,0,8,2,10,0,12,11,2,25,5,0,5,30
12/19/2018,ITH,NY,AEA,EN,Federal Contract Tower,0,16,3,0,19,0,0,43,0,43,0,16,46,0,62,120,0,120,182
12/20/2018,ITH,NY,AEA,EN,Federal Contract Tower,0,23,5,0,28,0,0,23,2,25,0,23,28,2,53,60,0,60,113
12/21/2018,ITH,NY,AEA,EN,Federal Contract Tower,0,19,1,0,20,0,8,0,0,8,0,27,1,0,28,24,0,24,52
12/22/2018,ITH,NY,AEA,EN,Federal Contract Tower,0,14,4,0,18,0,0,0,0,0,0,14,4,0,18,0,0,0,18
12/23/2018,ITH,NY,AEA,EN,Federal Contract Tower,0,14,4,0,18,0,0,20,0,20,0,14,24,0,38,62,0,62,100
12/24/2018,ITH,NY,AEA,EN,Federal Contract Tower,0,9,3,0,12,0,0,2,0,2,0,9,5,0,14,12,0,12,26
12/25/2018,ITH,NY,AEA,EN,Federal Contract Tower,0,8,0,0,8,0,0,0,0,0,0,8,0,0,8,0,0,0,8
12/26/2018,ITH,NY,AEA,EN,Federal Contract Tower,0,13,5,0,18,0,0,4,0,4,0,13,9,0,22,8,0,8,30
12/27/2018,ITH,NY,AEA,EN,Federal Contract Tower,0,17,5,0,22,0,0,33,2,35,0,17,38,2,57,98,0,98,155
12/28/2018,ITH,NY,AEA,EN,Federal Contract Tower,0,11,3,0,14,0,0,0,0,0,0,11,3,0,14,0,0,0,14
12/29/2018,ITH,NY,AEA,EN,Federal Contract Tower,0,14,0,0,14,0,0,3,0,3,0,14,3,0,17,10,0,10,27
12/30/2018,ITH,NY,AEA,EN,Federal Contract Tower,0,14,3,0,17,0,0,10,0,10,0,14,13,0,27,92,0,92,119
12/31/2018,ITH,NY,AEA,EN,Federal Contract Tower,0,12,2,0,14,0,0,14,0,14,0,12,16,0,28,50,0,50,78
01/01/2019,ITH,NY,AEA,EN,Federal Contract Tower,0,9,2,0,11,0,0,0,0,0,0,9,2,0,11,0,0,0,11
01/02/2019,ITH,NY,AEA,EN,Federal Contract Tower,0,15,4,0,19,0,0,5,0,5,0,15,9,0,24,24,0,24,48
01/03/2019,ITH,NY,AEA,EN,Federal Contract Tower,0,15,0,0,15,0,1,0,2,3,0,16,0,2,18,0,2,2,20
01/04/2019,ITH,NY,AEA,EN,Federal Contract Tower,0,15,4,0,19,0,0,43,0,43,0,15,47,0,62,112,0,112,174
01/05/2019,ITH,NY,AEA,EN,Federal Contract Tower,0,15,2,0,17,0,0,7,0,7,0,15,9,0,24,46,0,46,70
01/06/2019,ITH,NY,AEA,EN,Federal Contract Tower,0,13,6,0,19,0,0,0,0,0,0,13,6,0,19,0,0,0,19
01/07/2019,ITH,NY,AEA,EN,Federal Contract Tower,0,14,6,0,20,0,0,8,2,10,0,14,14,2,30,92,0,92,122
01/08/2019,ITH,NY,AEA,EN,Federal Contract Tower,0,10,5,0,15,0,0,10,0,10,0,10,15,0,25,58,0,58,83
01/09/2019,ITH,NY,AEA,EN,Federal Contract Tower,0,15,5,0,20,0,0,0,0,0,0,15,5,0,20,0,0,0,20
01/10/2019,ITH,NY,AEA,EN,Federal Contract Tower,0,14,1,0,15,0,0,0,0,0,0,14,1,0,15,0,0,0,15
01/11/2019,ITH,NY,AEA,EN,Federal Contract Tower,0,22,8,0,30,0,0,11,0,11,0,22,19,0,41,94,0,94,135
01/12/2019,ITH,NY,AEA,EN,Federal Contract Tower,0,13,2,0,15,0,0,45,0,45,0,13,47,0,60,142,0,142,202
01/13/2019,ITH,NY,AEA,EN,Federal Contract Tower,0,19,1,0,20,0,0,29,0,29,0,19,30,0,49,88,0,88,137
01/14/2019,ITH,NY,AEA,EN,Federal Contract Tower,0,17,5,0,22,0,0,28,0,28,0,17,33,0,50,54,0,54,104
01/15/2019,ITH,NY,AEA,EN,Federal Contract Tower,0,14,9,0,23,0,0,14,0,14,0,14,23,0,37,66,0,66,103
01/16/2019,ITH,NY,AEA,EN,Federal Contract Tower,0,13,2,0,15,0,0,1,0,1,0,13,3,0,16,0,0,0,16
01/17/2019,ITH,NY,AEA,EN,Federal Contract Tower,0,17,9,0,26,0,0,28,9,37,0,17,37,9,63,24,8,32,95
01/18/2019,ITH,NY,AEA,EN,Federal Contract Tower,0,18,2,0,20,0,0,4,0,4,0,18,6,0,24,6,0,6,30
01/19/2019,ITH,NY,AEA,EN,Federal Contract Tower,0,12,1,0,13,0,0,0,0,0,0,12,1,0,13,0,0,0,13
01/20/2019,ITH,NY,AEA,EN,Federal Contract Tower,0,5,0,0,5,0,0,0,0,0,0,5,0,0,5,0,0,0,5
01/21/2019,ITH,NY,AEA,EN,Federal Contract Tower,0,12,6,0,18,0,0,0,0,0,0,12,6,0,18,0,0,0,18
01/22/2019,ITH,NY,AEA,EN,Federal Contract Tower,0,17,10,0,27,0,0,26,0,26,0,17,36,0,53,46,0,46,99
01/23/2019,ITH,NY,AEA,EN,Federal Contract Tower,0,5,4,0,9,0,0,0,0,0,0,5,4,0,9,0,0,0,9
01/24/2019,ITH,NY,AEA,EN,Federal Contract Tower,0,18,1,0,19,0,0,0,0,0,0,18,1,0,19,0,0,0,19
01/25/2019,ITH,NY,AEA,EN,Federal Contract Tower,0,15,5,0,20,0,0,18,0,18,0,15,23,0,38,110,0,110,148
01/26/2019,ITH,NY,AEA,EN,Federal Contract Tower,0,14,5,0,19,0,0,40,0,40,0,14,45,0,59,104,0,104,163
01/27/2019,ITH,NY,AEA,EN,Federal Contract Tower,0,16,4,0,20,0,0,9,0,9,0,16,13,0,29,30,0,30,59
01/28/2019,ITH,NY,AEA,EN,Federal Contract Tower,0,14,3,0,17,0,0,25,0,25,0,14,28,0,42,62,0,62,104
01/29/2019,ITH,NY,AEA,EN,Federal Contract Tower,0,13,0,0,13,0,0,0,0,0,0,13,0,0,13,0,0,0,13
01/30/2019,ITH,NY,AEA,EN,Federal Contract Tower,0,12,2,0,14,0,0,0,0,0,0,12,2,0,14,0,0,0,14
01/31/2019,ITH,NY,AEA,EN,Federal Contract Tower,0,18,6,0,24,0,0,4,0,4,0,18,10,0,28,0,0,0,28
02/01/2019,ITH,NY,AEA,EN,Federal Contract Tower,0,13,2,0,15,0,29,0,0,29,0,42,2,0,44,78,0,78,122
02/02/2019,ITH,NY,AEA,EN,Federal Contract Tower,0,18,3,0,21,0,0,38,0,38,0,18,41,0,59,76,0,76,135
02/03/2019,ITH,NY,AEA,EN,Federal Contract Tower,0,14,7,0,21,0,0,21,0,21,0,14,28,0,42,58,0,58,100
02/04/2019,ITH,NY,AEA,EN,Federal Contract Tower,0,17,7,0,24,0,0,28,0,28,0,17,35,0,52,64,0,64,116
02/05/2019,ITH,NY,AEA,EN,Federal Contract Tower,0,12,8,0,20,0,0,10,0,10,0,12,18,0,30,74,0,74,104
02/06/2019,ITH,NY,AEA,EN,Federal Contract Tower,0,17,2,0,19,0,0,0,0,0,0,17,2,0,19,18,0,18,37
02/07/2019,ITH,NY,AEA,EN,Federal Contract Tower,0,17,7,0,24,0,0,0,0,0,0,17,7,0,24,0,0,0,24
02/08/2019,ITH,NY,AEA,EN,Federal Contract Tower,0,21,5,0,26,0,0,1,0,1,0,21,6,0,27,0,0,0,27
02/09/2019,ITH,NY,AEA,EN,Federal Contract Tower,0,14,6,0,20,0,0,3,0,3,0,14,9,0,23,20,0,20,43
02/10/2019,ITH,NY,AEA,EN,Federal Contract Tower,0,14,12,0,26,0,0,39,0,39,0,14,51,0,65,120,0,120,185
02/11/2019,ITH,NY,AEA,EN,Federal Contract Tower,0,13,0,0,13,0,0,14,0,14,0,13,14,0,27,82,0,82,109
02/12/2019,ITH,NY,AEA,EN,Federal Contract Tower,0,8,0,0,8,0,0,0,0,0,0,8,0,0,8,0,0,0,8
02/13/2019,ITH,NY,AEA,EN,Federal Contract Tower,0,12,0,0,12,0,0,0,0,0,0,12,0,0,12,0,0,0,12
02/14/2019,ITH,NY,AEA,EN,Federal Contract Tower,0,11,14,1,26,0,0,31,1,32,0,11,45,2,58,48,0,48,106
02/15/2019,ITH,NY,AEA,EN,Federal Contract Tower,0,17,5,0,22,0,0,5,0,5,0,17,10,0,27,46,0,46,73
02/16/2019,ITH,NY,AEA,EN,Federal Contract Tower,0,14,4,0,18,0,0,24,0,24,0,14,28,0,42,80,0,80,122
02/17/2019,ITH,NY,AEA,EN,Federal Contract Tower,0,15,8,0,23,0,0,40,0,40,0,15,48,0,63,114,0,114,177
02/18/2019,ITH,NY,AEA,EN,Federal Contract Tower,0,18,6,0,24,0,0,0,0,0,0,18,6,0,24,0,0,0,24
02/19/2019,ITH,NY,AEA,EN,Federal Contract Tower,0,15,9,1,25,0,0,28,0,28,0,15,37,1,53,46,0,46,99
02/20/2019,ITH,NY,AEA,EN,Federal Contract Tower,0,11,1,0,12,0,0,6,0,6,0,11,7,0,18,14,0,14,32
02/21/2019,ITH,NY,AEA,EN,Federal Contract Tower,0,15,9,0,24,0,0,18,1,19,0,15,27,1,43,50,2,52,95
02/22/2019,ITH,NY,AEA,EN,Federal Contract Tower,0,19,5,0,24,0,0,21,0,21,0,19,26,0,45,100,0,100,145
02/23/2019,ITH,NY,AEA,EN,Federal Contract Tower,0,18,1,0,19,0,0,29,0,29,0,18,30,0,48,112,0,112,160
02/24/2019,ITH,NY,AEA,EN,Federal Contract Tower,0,8,6,0,14,0,0,0,0,0,0,8,6,0,14,0,0,0,14
02/25/2019,ITH,NY,AEA,EN,Federal Contract Tower,0,10,1,0,11,0,0,0,0,0,0,10,1,0,11,0,0,0,11
02/26/2019,ITH,NY,AEA,EN,Federal Contract Tower,0,16,7,0,23,0,0,0,0,0,0,16,7,0,23,24,0,24,47
02/27/2019,ITH,NY,AEA,EN,Federal Contract Tower,0,15,2,0,17,0,0,2,0,2,0,15,4,0,19,0,0,0,19
02/28/2019,ITH,NY,AEA,EN,Federal Contract Tower,0,15,9,0,24,0,1,2,0,3,0,16,11,0,27,0,0,0,27
03/01/2019,ITH,NY,AEA,EN,Federal Contract Tower,0,18,3,0,21,0,0,27,0,27,0,18,30,0,48,92,0,92,140
03/02/2019,ITH,NY,AEA,EN,Federal Contract Tower,0,18,4,0,22,0,18,0,0,18,0,36,4,0,40,70,0,70,110
03/03/2019,ITH,NY,AEA,EN,Federal Contract Tower,0,12,6,0,18,0,0,1,0,1,0,12,7,0,19,6,0,6,25
03/04/2019,ITH,NY,AEA,EN,Federal Contract Tower,0,15,6,0,21,0,0,0,0,0,0,15,6,0,21,0,0,0,21
03/05/2019,ITH,NY,AEA,EN,Federal Contract Tower,0,14,4,1,19,0,0,25,2,27,0,14,29,3,46,48,2,50,96
03/06/2019,ITH,NY,AEA,EN,Federal Contract Tower,0,17,5,0,22,0,0,2,0,2,0,17,7,0,24,20,0,20,44
03/07/2019,ITH,NY,AEA,EN,Federal Contract Tower,0,22,7,0,29,0,0,1,0,1,0,22,8,0,30,0,0,0,30
03/08/2019,ITH,NY,AEA,EN,Federal Contract Tower,0,18,6,2,26,0,0,41,0,41,0,18,47,2,67,120,0,120,187
03/09/2019,ITH,NY,AEA,EN,Federal Contract Tower,0,22,1,0,23,0,0,61,0,61,0,22,62,0,84,140,0,140,224
03/10/2019,ITH,NY,AEA,EN,Federal Contract Tower,0,26,5,0,31,0,0,0,0,0,0,26,5,0,31,12,0,12,43
03/11/2019,ITH,NY,AEA,EN,Federal Contract Tower,0,23,5,0,28,0,0,26,0,26,0,23,31,0,54,0,0,0,54
03/12/2019,ITH,NY,AEA,EN,Federal Contract Tower,0,18,3,0,21,0,0,15,0,15,0,18,18,0,36,22,0,22,58
03/13/2019,ITH,NY,AEA,EN,Federal Contract Tower,0,18,8,0,26,0,0,50,0,50,0,18,58,0,76,98,0,98,174
03/14/2019,ITH,NY,AEA,EN,Federal Contract Tower,0,19,9,0,28,0,0,19,0,19,0,19,28,0,47,28,0,28,75
03/15/2019,ITH,NY,AEA,EN,Federal Contract Tower,0,16,4,0,20,0,0,0,0,0,0,16,4,0,20,38,0,38,58
03/16/2019,ITH,NY,AEA,EN,Federal Contract Tower,0,20,4,0,24,0,0,10,0,10,0,20,14,0,34,28,0,28,62
03/17/2019,ITH,NY,AEA,EN,Federal Contract Tower,0,15,14,0,29,0,0,23,0,23,0,15,37,0,52,48,0,48,100
03/18/2019,ITH,NY,AEA,EN,Federal Contract Tower,0,19,6,0,25,0,0,4,0,4,0,19,10,0,29,38,0,38,67
03/19/2019,ITH,NY,AEA,EN,Federal Contract Tower,0,13,7,0,20,0,0,35,4,39,0,13,42,4,59,88,0,88,147
03/20/2019,ITH,NY,AEA,EN,Federal Contract Tower,0,19,1,0,20,0,0,41,0,41,0,19,42,0,61,140,0,140,201
03/21/2019,ITH,NY,AEA,EN,Federal Contract Tower,0,24,5,0,29,0,0,19,0,19,0,24,24,0,48,28,0,28,76
03/22/2019,ITH,NY,AEA,EN,Federal Contract Tower,0,26,7,0,33,0,0,0,0,0,0,26,7,0,33,0,0,0,33
03/23/2019,ITH,NY,AEA,EN,Federal Contract Tower,0,23,7,0,30,0,0,8,0,8,0,23,15,0,38,66,0,66,104
03/24/2019,ITH,NY,AEA,EN,Federal Contract Tower,0,16,13,0,29,0,0,29,0,29,0,16,42,0,58,116,0,116,174
03/25/2019,ITH,NY,AEA,EN,Federal Contract Tower,0,21,1,0,22,0,0,24,2,26,0,21,25,2,48,66,10,76,124
03/26/2019,ITH,NY,AEA,EN,Federal Contract Tower,0,17,5,2,24,0,0,22,0,22,0,17,27,2,46,48,0,48,94
03/27/2019,ITH,NY,AEA,EN,Federal Contract Tower,0,15,5,1,21,0,0,31,0,31,0,15,36,1,52,86,0,86,138
03/28/2019,ITH,NY,AEA,EN,Federal Contract Tower,0,21,4,0,25,0,0,17,5,22,0,21,21,5,47,22,0,22,69
03/29/2019,ITH,NY,AEA,EN,Federal Contract Tower,0,22,12,0,34,0,0,0,0,0,0,22,12,0,34,0,0,0,34
03/30/2019,ITH,NY,AEA,EN,Federal Contract Tower,0,21,9,0,30,0,0,16,0,16,0,21,25,0,46,70,0,70,116
03/31/2019,ITH,NY,AEA,EN,Federal Contract Tower,0,16,3,0,19,0,0,0,0,0,0,16,3,0,19,0,0,0,19
04/01/2019,ITH,NY,AEA,EN,Federal Contract Tower,0,18,4,0,22,0,0,26,0,26,0,18,30,0,48,84,0,84,132
04/02/2019,ITH,NY,AEA,EN,Federal Contract Tower,0,14,4,0,18,0,0,17,0,17,0,14,21,0,35,24,0,24,59
04/03/2019,ITH,NY,AEA,EN,Federal Contract Tower,0,18,3,0,21,0,0,7,0,7,0,18,10,0,28,10,0,10,38
04/04/2019,ITH,NY,AEA,EN,Federal Contract Tower,0,13,11,0,24,0,0,15,0,15,0,13,26,0,39,68,0,68,107
04/05/2019,ITH,NY,AEA,EN,Federal Contract Tower,0,19,3,0,22,0,0,0,0,0,0,19,3,0,22,0,0,0,22
04/06/2019,ITH,NY,AEA,EN,Federal Contract Tower,0,19,13,0,32,0,0,16,0,16,0,19,29,0,48,62,0,62,110
04/07/2019,ITH,NY,AEA,EN,Federal Contract Tower,0,18,12,2,32,0,0,37,4,41,0,18,49,6,73,108,16,124,197
04/08/2019,ITH,NY,AEA,EN,Federal Contract Tower,0,20,5,3,28,0,0,22,1,23,0,20,27,4,51,22,0,22,73
04/09/2019,ITH,NY,AEA,EN,Federal Contract Tower,0,22,3,0,25,0,0,0,0,0,0,22,3,0,25,0,0,0,25
04/10/2019,ITH,NY,AEA,EN,Federal Contract Tower,0,17,7,0,24,0,0,10,0,10,0,17,17,0,34,28,0,28,62
04/11/2019,ITH,NY,AEA,EN,Federal Contract Tower,0,22,15,0,37,0,0,26,4,30,0,22,41,4,67,58,0,58,125
04/12/2019,ITH,NY,AEA,EN,Federal Contract Tower,0,15,10,0,25,0,0,4,0,4,0,15,14,0,29,0,0,0,29
04/13/2019,ITH,NY,AEA,EN,Federal Contract Tower,0,24,3,0,27,0,0,36,0,36,0,24,39,0,63,110,0,110,173
04/14/2019,ITH,NY,AEA,EN,Federal Contract Tower,0,17,9,0,26,0,0,12,0,12,0,17,21,0,38,78,0,78,116
04/15/2019,ITH,NY,AEA,EN,Federal Contract Tower,0,16,1,0,17,0,0,0,0,0,0,16,1,0,17,0,0,0,17
04/16/2019,ITH,NY,AEA,EN,Federal Contract Tower,0,17,5,0,22,0,0,20,0,20,0,17,25,0,42,50,0,50,92
04/17/2019,ITH,NY,AEA,EN,Federal Contract Tower,0,18,7,0,25,0,0,37,0,37,0,18,44,0,62,96,0,96,158
04/18/2019,ITH,NY,AEA,EN,Federal Contract Tower,0,21,10,0,31,0,0,0,4,4,0,21,10,4,35,0,0,0,35
04/19/2019,ITH,NY,AEA,EN,Federal Contract Tower,0,19,11,0,30,0,0,1,0,1,0,19,12,0,31,2,0,2,33
04/20/2019,ITH,NY,AEA,EN,Federal Contract Tower,0,20,4,0,24,0,0,0,0,0,0,20,4,0,24,22,0,22,46
04/21/2019,ITH,NY,AEA,EN,Federal Contract Tower,0,12,7,0,19,0,0,1,0,1,0,12,8,0,20,0,0,0,20
04/22/2019,ITH,NY,AEA,EN,Federal Contract Tower,0,25,9,0,34,0,0,8,0,8,0,25,17,0,42,36,0,36,78
04/23/2019,ITH,NY,AEA,EN,Federal Contract Tower,0,18,8,2,28,0,0,29,0,29,0,18,37,2,57,70,0,70,127
04/24/2019,ITH,NY,AEA,EN,Federal Contract Tower,0,18,8,1,27,0,0,17,0,17,0,18,25,1,44,36,0,36,80
04/25/2019,ITH,NY,AEA,EN,Federal Contract Tower,0,18,11,0,29,0,0,14,0,14,0,18,25,0,43,72,0,72,115
04/26/2019,ITH,NY,AEA,EN,Federal Contract Tower,0,18,8,0,26,0,0,0,0,0,0,18,8,0,26,0,0,0,26
04/27/2019,ITH,NY,AEA,EN,Federal Contract Tower,0,23,8,0,31,0,0,0,0,0,0,23,8,0,31,0,0,0,31
04/28/2019,ITH,NY,AEA,EN,Federal Contract Tower,0,28,4,0,32,0,0,4,0,4,0,28,8,0,36,0,0,0,36
04/29/2019,ITH,NY,AEA,EN,Federal Contract Tower,0,16,1,0,17,0,0,18,0,18,0,16,19,0,35,90,0,90,125
04/30/2019,ITH,NY,AEA,EN,Federal Contract Tower,0,18,14,0,32,0,0,20,0,20,0,18,34,0,52,62,0,62,114
05/01/2019,ITH,NY,AEA,EN,Federal Contract Tower,0,19,4,0,23,0,0,11,0,11,0,19,15,0,34,14,0,14,48
05/02/2019,ITH,NY,AEA,EN,Federal Contract Tower,0,25,9,0,34,0,0,2,0,2,0,25,11,0,36,0,0,0,36
05/03/2019,ITH,NY,AEA,EN,Federal Contract Tower,0,16,6,0,22,0,0,2,0,2,0,16,8,0,24,10,0,10,34
05/04/2019,ITH,NY,AEA,EN,Federal Contract Tower,0,17,7,1,25,0,0,6,0,6,0,17,13,1,31,20,0,20,51
05/05/2019,ITH,NY,AEA,EN,Federal Contract Tower,0,15,9,0,24,0,0,0,0,0,0,15,9,0,24,0,0,0,24
05/06/2019,ITH,NY,AEA,EN,Federal Contract Tower,0,14,5,0,19,0,0,33,0,33,0,14,38,0,52,92,0,92,144
05/07/2019,ITH,NY,AEA,EN,Federal Contract Tower,0,18,6,0,24,0,0,8,0,8,0,18,14,0,32,26,0,26,58
05/08/2019,ITH,NY,AEA,EN,Federal Contract Tower,0,20,3,0,23,0,0,25,0,25,0,20,28,0,48,46,0,46,94
05/09/2019,ITH,NY,AEA,EN,Federal Contract Tower,0,20,11,0,31,0,0,7,0,7,0,20,18,0,38,0,0,0,38
05/10/2019,ITH,NY,AEA,EN,Federal Contract Tower,0,21,6,0,27,0,0,0,0,0,0,21,6,0,27,0,0,0,27
05/11/2019,ITH,NY,AEA,EN,Federal Contract Tower,0,24,4,0,28,0,0,21,0,21,0,24,25,0,49,116,0,116,165
05/12/2019,ITH,NY,AEA,EN,Federal Contract Tower,0,19,0,0,19,0,0,0,0,0,0,19,0,0,19,0,0,0,19
05/13/2019,ITH,NY,AEA,EN,Federal Contract Tower,0,20,4,0,24,0,0,0,0,0,0,20,4,0,24,0,0,0,24
05/14/2019,ITH,NY,AEA,EN,Federal Contract Tower,0,19,2,0,21,0,0,0,0,0,0,19,2,0,21,0,0,0,21
05/15/2019,ITH,NY,AEA,EN,Federal Contract Tower,0,20,7,0,27,0,0,40,0,40,0,20,47,0,67,81,0,81,148
05/16/2019,ITH,NY,AEA,EN,Federal Contract Tower,0,20,8,0,28,0,0,24,2,26,0,20,32,2,54,38,0,38,92
05/17/2019,ITH,NY,AEA,EN,Federal Contract Tower,0,21,6,0,27,0,0,8,0,8,0,21,14,0,35,40,0,40,75
05/18/2019,ITH,NY,AEA,EN,Federal Contract Tower,0,19,17,0,36,0,0,82,0,82,0,19,99,0,118,106,0,106,224
05/19/2019,ITH,NY,AEA,EN,Federal Contract Tower,0,22,6,0,28,0,0,25,0,25,0,22,31,0,53,54,0,54,107
05/20/2019,ITH,NY,AEA,EN,Federal Contract Tower,0,14,7,2,23,0,0,20,6,26,0,14,27,8,49,62,24,86,135
05/21/2019,ITH,NY,AEA,EN,Federal Contract Tower,0,18,9,4,31,0,0,46,0,46,0,18,55,4,77,98,10,108,185
05/22/2019,ITH,NY,AEA,EN,Federal Contract Tower,0,18,13,0,31,0,0,0,0,0,0,18,13,0,31,126,0,126,157
05/23/2019,ITH,NY,AEA,EN,Federal Contract Tower,0,23,5,0,28,0,0,29,0,29,0,23,34,0,57,6,0,6,63
05/24/2019,ITH,NY,AEA,EN,Federal Contract Tower,0,44,34,0,78,0,0,18,0,18,0,44,52,0,96,60,0,60,156
05/25/2019,ITH,NY,AEA,EN,Federal Contract Tower,0,42,13,0,55,0,11,17,0,28,0,53,30,0,83,6,0,6,89
05/26/2019,ITH,NY,AEA,EN,Federal Contract Tower,0,34,20,0,54,0,4,24,0,28,0,38,44,0,82,26,0,26,108
05/27/2019,ITH,NY,AEA,EN,Federal Contract Tower,0,26,14,0,40,0,0,44,0,44,0,26,58,0,84,134,0,134,218
05/28/2019,ITH,NY,AEA,EN,Federal Contract Tower,0,11,11,0,22,0,0,6,0,6,0,11,17,0,28,34,0,34,62
05/29/2019,ITH,NY,AEA,EN,Federal Contract Tower,0,19,10,2,31,0,0,2,0,2,0,19,12,2,33,16,0,16,49
05/30/2019,ITH,NY,AEA,EN,Federal Contract Tower,0,27,9,1,37,0,0,5,0,5,0,27,14,1,42,0,0,0,42
05/31/2019,ITH,NY,AEA,EN,Federal Contract Tower,0,23,10,2,35,0,0,23,0,23,0,23,33,2,58,84,0,84,142
06/01/2019,ITH,NY,AEA,EN,Federal Contract Tower,0,21,11,0,32,0,0,16,0,16,0,21,27,0,48,42,0,42,90
06/02/2019,ITH,NY,AEA,EN,Federal Contract Tower,0,23,8,0,31,0,0,23,0,23,0,23,31,0,54,12,0,12,66
06/03/2019,ITH,NY,AEA,EN,Federal Contract Tower,0,19,4,0,23,0,0,38,0,38,0,19,42,0,61,64,0,64,125
06/04/2019,ITH,NY,AEA,EN,Federal Contract Tower,0,18,11,0,29,0,0,38,0,38,0,18,49,0,67,96,0,96,163
06/05/2019,ITH,NY,AEA,EN,Federal Contract Tower,0,18,8,0,26,0,0,22,0,22,0,18,30,0,48,84,0,84,132
06/06/2019,ITH,NY,AEA,EN,Federal Contract Tower,0,24,16,0,40,0,0,6,0,6,0,24,22,0,46,24,0,24,70
06/07/2019,ITH,NY,AEA,EN,Federal Contract Tower,0,28,14,0,42,0,0,38,0,38,0,28,52,0,80,114,0,114,194
06/08/2019,ITH,NY,AEA,EN,Federal Contract Tower,0,21,5,0,26,0,0,50,0,50,0,21,55,0,76,128,0,128,204
06/09/2019,ITH,NY,AEA,EN,Federal Contract Tower,0,24,14,0,38,0,0,29,0,29,0,24,43,0,67,76,0,76,143
06/10/2019,ITH,NY,AEA,EN,Federal Contract Tower,0,19,3,0,22,0,0,2,0,2,0,19,5,0,24,10,0,10,34
06/11/2019,ITH,NY,AEA,EN,Federal Contract Tower,0,21,2,0,23,0,0,7,0,7,0,21,9,0,30,0,0,0,30
06/13/2019,ITH,NY,AEA,EN,Federal Contract Tower,0,21,7,0,28,0,0,0,0,0,0,21,7,0,28,0,0,0,28
06/14/2019,ITH,NY,AEA,EN,Federal Contract Tower,0,24,1,0,25,0,0,4,0,4,0,24,5,0,29,22,0,22,51
06/15/2019,ITH,NY,AEA,EN,Federal Contract Tower,0,18,3,0,21,0,0,13,0,13,0,18,16,0,34,26,0,26,60
06/16/2019,ITH,NY,AEA,EN,Federal Contract Tower,0,14,4,0,18,0,0,0,0,0,0,14,4,0,18,0,0,0,18
06/17/2019,ITH,NY,AEA,EN,Federal Contract Tower,0,16,7,0,23,0,0,31,0,31,0,16,38,0,54,92,0,92,146
06/18/2019,ITH,NY,AEA,EN,Federal Contract Tower,0,18,4,0,22,0,0,13,0,13,0,18,17,0,35,2,0,2,37
06/19/2019,ITH,NY,AEA,EN,Federal Contract Tower,0,22,2,0,24,0,0,21,0,21,0,22,23,0,45,64,0,64,109
06/20/2019,ITH,NY,AEA,EN,Federal Contract Tower,0,14,6,0,20,0,0,0,0,0,0,14,6,0,20,0,0,0,20
06/21/2019,ITH,NY,AEA,EN,Federal Contract Tower,0,19,11,0,30,0,0,5,0,5,0,19,16,0,35,26,0,26,61
06/22/2019,ITH,NY,AEA,EN,Federal Contract Tower,0,22,4,0,26,0,0,23,0,23,0,22,27,0,49,80,0,80,129
06/23/2019,ITH,NY,AEA,EN,Federal Contract Tower,0,19,5,0,24,0,0,49,0,49,0,19,54,0,73,104,0,104,177
06/24/2019,ITH,NY,AEA,EN,Federal Contract Tower,0,25,6,0,31,0,0,32,0,32,0,25,38,0,63,60,0,60,123
06/25/2019,ITH,NY,AEA,EN,Federal Contract Tower,0,23,4,0,27,0,0,51,0,51,0,23,55,0,78,50,0,50,128
06/26/2019,ITH,NY,AEA,EN,Federal Contract Tower,0,17,6,0,23,0,0,37,0,37,0,17,43,0,60,60,0,60,120
06/27/2019,ITH,NY,AEA,EN,Federal Contract Tower,0,18,1,0,19,0,0,55,0,55,0,18,56,0,74,114,0,114,188
06/28/2019,ITH,NY,AEA,EN,Federal Contract Tower,0,26,4,0,30,0,0,35,0,35,0,26,39,0,65,120,0,120,185
06/29/2019,ITH,NY,AEA,EN,Federal Contract Tower,0,16,2,0,18,0,0,18,0,18,0,16,20,0,36,44,0,44,80
06/30/2019,ITH,NY,AEA,EN,Federal Contract Tower,0,22,9,0,31,0,0,20,0,20,0,22,29,0,51,66,0,66,117
07/01/2019,ITH,NY,AEA,EN,Federal Contract Tower,0,19,3,0,22,0,0,47,0,47,0,19,50,0,69,180,0,180,249
07/02/2019,ITH,NY,AEA,EN,Federal Contract Tower,0,15,3,0,18,0,0,33,0,33,0,15,36,0,51,116,0,116,167
07/03/2019,ITH,NY,AEA,EN,Federal Contract Tower,0,17,10,0,27,0,0,30,0,30,0,17,40,0,57,94,0,94,151
07/04/2019,ITH,NY,AEA,EN,Federal Contract Tower,0,13,3,0,16,0,0,32,0,32,0,13,35,0,48,68,0,68,116
07/05/2019,ITH,NY,AEA,EN,Federal Contract Tower,0,17,5,0,22,0,0,11,0,11,0,17,16,0,33,0,0,0,33
07/06/2019,ITH,NY,AEA,EN,Federal Contract Tower,0,13,1,0,14,0,0,10,0,10,0,13,11,0,24,40,0,40,64
07/07/2019,ITH,NY,AEA,EN,Federal Contract Tower,0,20,7,0,27,0,9,31,0,40,0,29,38,0,67,82,0,82,149
07/08/2019,ITH,NY,AEA,EN,Federal Contract Tower,0,19,9,0,28,0,0,32,0,32,0,19,41,0,60,102,0,102,162
07/09/2019,ITH,NY,AEA,EN,Federal Contract Tower,0,18,5,0,23,0,0,43,0,43,0,18,48,0,66,128,0,128,194
07/10/2019,ITH,NY,AEA,EN,Federal Contract Tower,0,18,9,0,27,0,0,36,0,36,0,18,45,0,63,94,0,94,157
07/11/2019,ITH,NY,AEA,EN,Federal Contract Tower,0,16,5,0,21,0,0,14,0,14,0,16,19,0,35,24,0,24,59
07/12/2019,ITH,NY,AEA,EN,Federal Contract Tower,0,24,6,0,30,0,0,22,0,22,0,24,28,0,52,60,0,60,112
07/13/2019,ITH,NY,AEA,EN,Federal Contract Tower,0,24,5,0,29,0,0,45,0,45,0,24,50,0,74,90,0,90,164
07/14/2019,ITH,NY,AEA,EN,Federal Contract Tower,0,22,7,0,29,0,0,39,0,39,0,22,46,0,68,70,0,70,138
07/15/2019,ITH,NY,AEA,EN,Federal Contract Tower,0,18,4,0,22,0,0,40,0,40,0,18,44,0,62,60,0,60,122
07/16/2019,ITH,NY,AEA,EN,Federal Contract Tower,0,19,4,0,23,0,0,24,0,24,0,19,28,0,47,54,0,54,101
07/17/2019,ITH,NY,AEA,EN,Federal Contract Tower,0,18,3,0,21,0,0,0,0,0,0,18,3,0,21,0,0,0,21
07/18/2019,ITH,NY,AEA,EN,Federal Contract Tower,0,20,8,0,28,0,0,15,0,15,0,20,23,0,43,30,0,30,73
07/19/2019,ITH,NY,AEA,EN,Federal Contract Tower,0,18,7,0,25,0,0,24,0,24,0,18,31,0,49,68,0,68,117
07/20/2019,ITH,NY,AEA,EN,Federal Contract Tower,0,20,3,0,23,0,0,37,0,37,0,20,40,0,60,130,0,130,190
07/21/2019,ITH,NY,AEA,EN,Federal Contract Tower,0,23,8,0,31,0,0,32,0,32,0,23,40,0,63,90,0,90,153
07/22/2019,ITH,NY,AEA,EN,Federal Contract Tower,0,19,6,0,25,0,0,4,0,4,0,19,10,0,29,16,0,16,45
07/23/2019,ITH,NY,AEA,EN,Federal Contract Tower,0,29,8,0,37,0,0,33,2,35,0,29,41,2,72,82,20,102,174
07/24/2019,ITH,NY,AEA,EN,Federal Contract Tower,0,20,2,0,22,0,0,44,4,48,0,20,46,4,70,92,26,118,188
07/25/2019,ITH,NY,AEA,EN,Federal Contract Tower,0,19,1,0,20,0,0,30,0,30,0,19,31,0,50,56,0,56,106
07/26/2019,ITH,NY,AEA,EN,Federal Contract Tower,0,30,11,0,41,0,0,30,0,30,0,30,41,0,71,88,0,88,159
07/27/2019,ITH,NY,AEA,EN,Federal Contract Tower,0,21,0,0,21,0,0,26,0,26,0,21,26,0,47,86,0,86,133
07/28/2019,ITH,NY,AEA,EN,Federal Contract Tower,0,20,6,0,26,0,0,25,0,25,0,20,31,0,51,76,0,76,127
07/29/2019,ITH,NY,AEA,EN,Federal Contract Tower,0,23,0,0,23,0,0,31,0,31,0,23,31,0,54,136,0,136,190
07/30/2019,ITH,NY,AEA,EN,Federal Contract Tower,0,18,4,0,22,0,0,16,0,16,0,18,20,0,38,70,0,70,108
07/31/2019,ITH,NY,AEA,EN,Federal Contract Tower,0,19,3,0,22,0,0,28,0,28,0,19,31,0,50,64,0,64,114
08/01/2019,ITH,NY,AEA,EN,Federal Contract Tower,0,17,13,0,30,0,0,47,0,47,0,17,60,0,77,147,0,147,224
08/02/2019,ITH,NY,AEA,EN,Federal Contract Tower,0,20,10,0,30,0,0,42,0,42,0,20,52,0,72,138,0,138,210
08/03/2019,ITH,NY,AEA,EN,Federal Contract Tower,0,25,5,0,30,0,0,36,0,36,0,25,41,0,66,132,0,132,198
08/04/2019,ITH,NY,AEA,EN,Federal Contract Tower,0,16,11,0,27,0,0,41,0,41,0,16,52,0,68,92,0,92,160
08/05/2019,ITH,NY,AEA,EN,Federal Contract Tower,0,22,10,0,32,0,0,44,0,44,0,22,54,0,76,112,0,112,188
08/06/2019,ITH,NY,AEA,EN,Federal Contract Tower,0,18,7,0,25,0,0,18,0,18,0,18,25,0,43,82,0,82,125
08/07/2019,ITH,NY,AEA,EN,Federal Contract Tower,0,15,8,0,23,0,0,10,0,10,0,15,18,0,33,30,0,30,63
08/08/2019,ITH,NY,AEA,EN,Federal Contract Tower,0,19,6,0,25,0,0,16,0,16,0,19,22,0,41,64,0,64,105
08/09/2019,ITH,NY,AEA,EN,Federal Contract Tower,0,27,14,0,41,0,0,35,0,35,0,27,49,0,76,132,0,132,208
08/10/2019,ITH,NY,AEA,EN,Federal Contract Tower,0,32,3,0,35,0,0,31,0,31,0,32,34,0,66,107,0,107,173
08/11/2019,ITH,NY,AEA,EN,Federal Contract Tower,0,24,11,0,35,0,0,40,0,40,0,24,51,0,75,152,0,152,227
08/12/2019,ITH,NY,AEA,EN,Federal Contract Tower,0,18,7,0,25,0,0,30,0,30,0,18,37,0,55,76,0,76,131
08/13/2019,ITH,NY,AEA,EN,Federal Contract Tower,0,19,5,0,24,0,0,24,0,24,0,19,29,0,48,68,0,68,116
08/14/2019,ITH,NY,AEA,EN,Federal Contract Tower,0,19,5,0,24,0,0,40,2,42,0,19,45,2,66,166,20,186,252
08/15/2019,ITH,NY,AEA,EN,Federal Contract Tower,0,19,4,0,23,0,0,28,0,28,0,19,32,0,51,60,0,60,111
08/16/2019,ITH,NY,AEA,EN,Federal Contract Tower,0,20,5,0,25,0,0,28,0,28,0,20,33,0,53,66,0,66,119
08/17/2019,ITH,NY,AEA,EN,Federal Contract Tower,0,23,5,0,28,0,16,23,0,39,0,39,28,0,67,100,0,100,167
08/18/2019,ITH,NY,AEA,EN,Federal Contract Tower,0,20,3,0,23,0,0,29,0,29,0,20,32,0,52,94,0,94,146
08/19/2019,ITH,NY,AEA,EN,Federal Contract Tower,0,26,6,0,32,0,0,36,0,36,0,26,42,0,68,92,0,92,160
08/20/2019,ITH,NY,AEA,EN,Federal Contract Tower,0,22,2,0,24,0,0,37,0,37,0,22,39,0,61,112,0,112,173
08/21/2019,ITH,NY,AEA,EN,Federal Contract Tower,0,22,2,1,25,0,0,6,1,7,0,22,8,2,32,10,12,22,54
08/22/2019,ITH,NY,AEA,EN,Federal Contract Tower,0,29,11,0,40,0,0,16,0,16,0,29,27,0,56,77,0,77,133
08/23/2019,ITH,NY,AEA,EN,Federal Contract Tower,0,23,15,0,38,0,0,29,0,29,0,23,44,0,67,110,0,110,177
08/24/2019,ITH,NY,AEA,EN,Federal Contract Tower,0,29,13,0,42,0,0,42,0,42,0,29,55,0,84,162,0,162,246
08/25/2019,ITH,NY,AEA,EN,Federal Contract Tower,0,25,8,0,33,0,0,44,0,44,0,25,52,0,77,118,0,118,195
08/26/2019,ITH,NY,AEA,EN,Federal Contract Tower,0,18,8,0,26,0,0,29,0,29,0,18,37,0,55,98,0,98,153
08/27/2019,ITH,NY,AEA,EN,Federal Contract Tower,0,24,9,0,33,0,4,10,0,14,0,28,19,0,47,66,0,66,113
08/28/2019,ITH,NY,AEA,EN,Federal Contract Tower,0,21,4,0,25,0,0,4,0,4,0,21,8,0,29,10,0,10,39
08/30/2019,ITH,NY,AEA,EN,Federal Contract Tower,0,27,12,0,39,0,0,0,0,0,0,27,12,0,39,146,0,146,185
08/31/2019,ITH,NY,AEA,EN,Federal Contract Tower,0,17,7,0,24,0,0,42,0,42,0,17,49,0,66,164,0,164,230
09/01/2019,ITH,NY,AEA,EN,Federal Contract Tower,0,14,8,0,22,0,0,25,0,25,0,14,33,0,47,88,0,88,135
09/02/2019,ITH,NY,AEA,EN,Federal Contract Tower,0,17,5,0,22,0,0,12,0,12,0,17,17,0,34,0,0,0,34
09/03/2019,ITH,NY,AEA,EN,Federal Contract Tower,0,24,11,0,35,0,0,28,0,28,0,24,39,0,63,76,0,76,139
09/04/2019,ITH,NY,AEA,EN,Federal Contract Tower,0,19,2,0,21,0,0,14,0,14,0,19,16,0,35,68,10,78,113
09/06/2019,ITH,NY,AEA,EN,Federal Contract Tower,0,28,7,0,35,0,0,35,0,35,0,28,42,0,70,158,0,158,228
09/07/2019,ITH,NY,AEA,EN,Federal Contract Tower,0,21,12,0,33,0,0,35,0,35,0,21,47,0,68,100,0,100,168
09/08/2019,ITH,NY,AEA,EN,Federal Contract Tower,0,26,22,0,48,0,0,35,0,35,0,26,57,0,83,62,0,62,145
09/09/2019,ITH,NY,AEA,EN,Federal Contract Tower,0,24,7,0,31,0,0,31,0,31,0,24,38,0,62,74,0,74,136
09/10/2019,ITH,NY,AEA,EN,Federal Contract Tower,0,21,5,0,26,0,0,30,0,30,0,21,35,0,56,60,0,60,116
09/11/2019,ITH,NY,AEA,EN,Federal Contract Tower,0,18,6,0,24,0,16,2,0,18,0,34,8,0,42,72,0,72,114
09/12/2019,ITH,NY,AEA,EN,Federal Contract Tower,0,19,3,0,22,0,0,0,0,0,0,19,3,0,22,4,0,4,26
09/13/2019,ITH,NY,AEA,EN,Federal Contract Tower,0,24,13,0,37,0,0,21,0,21,0,24,34,0,58,51,0,51,109
09/14/2019,ITH,NY,AEA,EN,Federal Contract Tower,0,22,6,0,28,0,0,9,6,15,0,22,15,6,43,54,0,54,97
09/15/2019,ITH,NY,AEA,EN,Federal Contract Tower,0,19,13,0,32,2,0,39,32,73,2,19,52,32,105,118,0,118,223
09/16/2019,ITH,NY,AEA,EN,Federal Contract Tower,0,23,5,0,28,0,4,21,0,25,0,27,26,0,53,16,0,16,69
09/17/2019,ITH,NY,AEA,EN,Federal Contract Tower,0,18,5,0,23,0,4,59,0,63,0,22,64,0,86,72,0,72,158
09/18/2019,ITH,NY,AEA,EN,Federal Contract Tower,0,22,14,0,36,0,0,8,0,8,0,22,22,0,44,89,0,89,133
09/19/2019,ITH,NY,AEA,EN,Federal Contract Tower,0,25,7,0,32,0,18,20,0,38,0,43,27,0,70,98,0,98,168
09/20/2019,ITH,NY,AEA,EN,Federal Contract Tower,0,24,10,0,34,0,0,20,0,20,0,24,30,0,54,38,0,38,92
09/21/2019,ITH,NY,AEA,EN,Federal Contract Tower,0,22,3,0,25,0,53,0,0,53,0,75,3,0,78,160,0,160,238
09/22/2019,ITH,NY,AEA,EN,Federal Contract Tower,0,22,8,0,30,0,1,50,0,51,0,23,58,0,81,90,0,90,171
09/23/2019,ITH,NY,AEA,EN,Federal Contract Tower,0,24,3,0,27,0,0,22,0,22,0,24,25,0,49,58,0,58,107
09/24/2019,ITH,NY,AEA,EN,Federal Contract Tower,0,22,5,0,27,0,0,19,0,19,0,22,24,0,46,62,0,62,108
09/25/2019,ITH,NY,AEA,EN,Federal Contract Tower,0,22,6,0,28,0,0,29,0,29,0,22,35,0,57,92,0,92,149
09/26/2019,ITH,NY,AEA,EN,Federal Contract Tower,0,26,7,0,33,0,0,15,0,15,0,26,22,0,48,68,0,68,116
09/27/2019,ITH,NY,AEA,EN,Federal Contract Tower,0,30,15,0,45,0,0,29,0,29,0,30,44,0,74,61,0,61,135
09/28/2019,ITH,NY,AEA,EN,Federal Contract Tower,0,20,7,0,27,0,0,19,0,19,0,20,26,0,46,66,0,66,112
09/29/2019,ITH,NY,AEA,EN,Federal Contract Tower,0,20,6,0,26,0,0,19,0,19,0,20,25,0,45,70,0,70,115
09/30/2019,ITH,NY,AEA,EN,Federal Contract Tower,0,22,17,0,39,0,0,1,0,1,0,22,18,0,40,0,0,0,40
10/01/2019,ITH,NY,AEA,EN,Federal Contract Tower,0,20,9,0,29,0,2,36,0,38,0,22,45,0,67,52,0,52,119
10/02/2019,ITH,NY,AEA,EN,Federal Contract Tower,0,18,4,0,22,0,0,1,0,1,0,18,5,0,23,0,0,0,23
10/03/2019,ITH,NY,AEA,EN,Federal Contract Tower,0,27,5,0,32,0,0,0,0,0,0,27,5,0,32,0,0,0,32
10/04/2019,ITH,NY,AEA,EN,Federal Contract Tower,0,26,4,0,30,0,0,5,0,5,0,26,9,0,35,16,0,16,51
10/05/2019,ITH,NY,AEA,EN,Federal Contract Tower,0,28,5,1,34,0,0,38,4,42,0,28,43,5,76,132,0,132,208
10/06/2019,ITH,NY,AEA,EN,Federal Contract Tower,0,30,4,1,35,0,0,4,0,4,0,30,8,1,39,22,0,22,61
10/07/2019,ITH,NY,AEA,EN,Federal Contract Tower,0,18,7,0,25,0,0,2,0,2,0,18,9,0,27,20,0,20,47
10/08/2019,ITH,NY,AEA,EN,Federal Contract Tower,0,23,8,0,31,0,0,30,0,30,0,23,38,0,61,66,0,66,127
10/09/2019,ITH,NY,AEA,EN,Federal Contract Tower,0,27,3,2,32,0,0,45,0,45,0,27,48,2,77,106,0,106,183
10/10/2019,ITH,NY,AEA,EN,Federal Contract Tower,0,23,5,0,28,0,0,6,4,10,0,23,11,4,38,104,60,164,202
10/11/2019,ITH,NY,AEA,EN,Federal Contract Tower,0,27,16,0,43,0,0,36,0,36,0,27,52,0,79,86,0,86,165
10/12/2019,ITH,NY,AEA,EN,Federal Contract Tower,0,23,16,0,39,0,0,9,0,9,0,23,25,0,48,8,0,8,56
10/13/2019,ITH,NY,AEA,EN,Federal Contract Tower,0,20,6,0,26,0,0,39,0,39,0,20,45,0,65,120,0,120,185
10/14/2019,ITH,NY,AEA,EN,Federal Contract Tower,0,28,17,0,45,0,0,32,0,32,0,28,49,0,77,88,0,88,165
10/15/2019,ITH,NY,AEA,EN,Federal Contract Tower,0,28,10,0,38,0,0,42,0,42,0,28,52,0,80,110,0,110,190
10/16/2019,ITH,NY,AEA,EN,Federal Contract Tower,0,32,15,0,47,0,0,0,0,0,0,32,15,0,47,0,0,0,47
10/17/2019,ITH,NY,AEA,EN,Federal Contract Tower,0,34,12,0,46,0,0,0,0,0,0,34,12,0,46,0,0,0,46
10/18/2019,ITH,NY,AEA,EN,Federal Contract Tower,0,29,18,0,47,0,0,17,0,17,0,29,35,0,64,78,0,78,142
10/19/2019,ITH,NY,AEA,EN,Federal Contract Tower,0,43,5,0,48,0,0,111,0,111,0,43,116,0,159,234,0,234,393
10/20/2019,ITH,NY,AEA,EN,Federal Contract Tower,0,30,8,0,38,0,0,31,0,31,0,30,39,0,69,46,0,46,115
10/21/2019,ITH,NY,AEA,EN,Federal Contract Tower,0,23,6,0,29,0,0,27,0,27,0,23,33,0,56,70,0,70,126
10/22/2019,ITH,NY,AEA,EN,Federal Contract Tower,0,21,3,1,25,0,0,0,0,0,0,21,3,1,25,0,0,0,25
10/23/2019,ITH,NY,AEA,EN,Federal Contract Tower,0,21,8,0,29,0,0,35,0,35,0,21,43,0,64,82,0,82,146
10/24/2019,ITH,NY,AEA,EN,Federal Contract Tower,0,19,4,0,23,0,0,21,0,21,0,19,25,0,44,96,0,96,140
10/25/2019,ITH,NY,AEA,EN,Federal Contract Tower,0,22,14,0,36,0,0,20,0,20,0,22,34,0,56,64,0,64,120
10/26/2019,ITH,NY,AEA,EN,Federal Contract Tower,0,20,15,0,35,0,0,23,0,23,0,20,38,0,58,60,0,60,118
10/27/2019,ITH,NY,AEA,EN,Federal Contract Tower,0,20,7,0,27,0,0,0,0,0,0,20,7,0,27,0,0,0,27
10/28/2019,ITH,NY,AEA,EN,Federal Contract Tower,0,20,11,0,31,0,0,32,0,32,0,20,43,0,63,98,0,98,161
10/29/2019,ITH,NY,AEA,EN,Federal Contract Tower,0,18,12,0,30,0,1,29,0,30,0,19,41,0,60,64,0,64,124
10/30/2019,ITH,NY,AEA,EN,Federal Contract Tower,0,15,9,0,24,0,0,11,0,11,0,15,20,0,35,20,0,20,55
10/31/2019,ITH,NY,AEA,EN,Federal Contract Tower,0,14,1,0,15,0,0,0,0,0,0,14,1,0,15,0,0,0,15
11/01/2019,ITH,NY,AEA,EN,Federal Contract Tower,0,14,10,0,24,0,0,1,0,1,0,14,11,0,25,0,0,0,25
11/02/2019,ITH,NY,AEA,EN,Federal Contract Tower,0,20,6,0,26,0,0,44,0,44,0,20,50,0,70,152,0,152,222
11/03/2019,ITH,NY,AEA,EN,Federal Contract Tower,0,28,10,0,38,0,0,22,0,22,0,28,32,0,60,38,0,38,98
11/04/2019,ITH,NY,AEA,EN,Federal Contract Tower,0,20,6,0,26,0,0,27,0,27,0,20,33,0,53,52,0,52,105
11/05/2019,ITH,NY,AEA,EN,Federal Contract Tower,0,19,4,0,23,0,0,0,0,0,0,19,4,0,23,10,0,10,33
11/06/2019,ITH,NY,AEA,EN,Federal Contract Tower,0,18,6,0,24,0,0,41,0,41,0,18,47,0,65,80,0,80,145
11/07/2019,ITH,NY,AEA,EN,Federal Contract Tower,0,20,8,0,28,0,0,0,0,0,0,20,8,0,28,0,0,0,28
11/08/2019,ITH,NY,AEA,EN,Federal Contract Tower,0,21,4,0,25,0,0,0,0,0,0,21,4,0,25,0,0,0,25
11/09/2019,ITH,NY,AEA,EN,Federal Contract Tower,0,25,10,0,35,0,0,42,0,42,0,25,52,0,77,116,0,116,193
11/10/2019,ITH,NY,AEA,EN,Federal Contract Tower,0,20,5,0,25,0,0,29,0,29,0,20,34,0,54,84,0,84,138
11/11/2019,ITH,NY,AEA,EN,Federal Contract Tower,0,16,2,0,18,0,0,0,0,0,0,16,2,0,18,0,0,0,18
11/12/2019,ITH,NY,AEA,EN,Federal Contract Tower,0,15,1,0,16,0,0,5,0,5,0,15,6,0,21,20,0,20,41
11/14/2019,ITH,NY,AEA,EN,Federal Contract Tower,0,17,13,0,30,0,0,16,0,16,0,17,29,0,46,78,0,78,124
11/15/2019,ITH,NY,AEA,EN,Federal Contract Tower,0,23,3,0,26,0,0,22,0,22,0,23,25,0,48,94,0,94,142
11/16/2019,ITH,NY,AEA,EN,Federal Contract Tower,0,24,5,0,29,0,0,40,0,40,0,24,45,0,69,164,0,164,233
11/17/2019,ITH,NY,AEA,EN,Federal Contract Tower,0,22,4,0,26,0,0,41,0,41,0,22,45,0,67,118,0,118,185
11/18/2019,ITH,NY,AEA,EN,Federal Contract Tower,0,19,2,0,21,0,0,24,0,24,0,19,26,0,45,60,0,60,105
11/19/2019,ITH,NY,AEA,EN,Federal Contract Tower,0,18,2,0,20,0,0,0,0,0,0,18,2,0,20,0,0,0,20
11/21/2019,ITH,NY,AEA,EN,Federal Contract Tower,0,23,4,0,27,0,0,17,0,17,0,23,21,0,44,80,0,80,124
11/22/2019,ITH,NY,AEA,EN,Federal Contract Tower,0,26,11,0,37,0,0,0,0,0,0,26,11,0,37,0,0,0,37
11/23/2019,ITH,NY,AEA,EN,Federal Contract Tower,0,24,6,0,30,0,0,29,0,29,0,24,35,0,59,102,0,102,161
11/24/2019,ITH,NY,AEA,EN,Federal Contract Tower,0,16,8,0,24,0,0,6,0,6,0,16,14,0,30,36,0,36,66
11/25/2019,ITH,NY,AEA,EN,Federal Contract Tower,0,17,10,0,27,0,0,20,0,20,0,17,30,0,47,74,0,74,121
11/26/2019,ITH,NY,AEA,EN,Federal Contract Tower,0,21,13,0,34,0,0,40,0,40,0,21,53,0,74,58,0,58,132
11/27/2019,ITH,NY,AEA,EN,Federal Contract Tower,20,0,3,0,23,0,0,0,0,0,20,0,3,0,23,0,0,0,23
11/29/2019,ITH,NY,AEA,EN,Federal Contract Tower,0,13,5,0,18,0,0,0,0,0,0,13,5,0,18,0,0,0,18
11/30/2019,ITH,NY,AEA,EN,Federal Contract Tower,0,23,9,0,32,0,32,0,0,32,0,55,9,0,64,82,0,82,146
12/01/2019,ITH,NY,AEA,EN,Federal Contract Tower,0,6,4,0,10,0,0,0,0,0,0,6,4,0,10,0,0,0,10
12/02/2019,ITH,NY,AEA,EN,Federal Contract Tower,0,12,6,0,18,0,0,0,0,0,0,12,6,0,18,0,0,0,18
12/03/2019,ITH,NY,AEA,EN,Federal Contract Tower,0,19,4,0,23,0,0,1,0,1,0,19,5,0,24,0,0,0,24
12/04/2019,ITH,NY,AEA,EN,Federal Contract Tower,0,20,3,0,23,0,0,2,0,2,0,20,5,0,25,0,0,0,25
12/05/2019,ITH,NY,AEA,EN,Federal Contract Tower,0,23,3,0,26,0,0,0,0,0,0,23,3,0,26,0,0,0,26
12/06/2019,ITH,NY,AEA,EN,Federal Contract Tower,0,14,1,0,15,0,0,0,0,0,0,14,1,0,15,0,0,0,15
12/07/2019,ITH,NY,AEA,EN,Federal Contract Tower,0,13,3,0,16,0,0,24,0,24,0,13,27,0,40,66,0,66,106
12/08/2019,ITH,NY,AEA,EN,Federal Contract Tower,0,18,5,0,23,0,0,24,0,24,0,18,29,0,47,50,0,50,97
12/09/2019,ITH,NY,AEA,EN,Federal Contract Tower,0,18,3,0,21,0,0,0,0,0,0,18,3,0,21,0,0,0,21
12/10/2019,ITH,NY,AEA,EN,Federal Contract Tower,0,14,6,0,20,0,0,2,0,2,0,14,8,0,22,38,0,38,60
12/11/2019,ITH,NY,AEA,EN,Federal Contract Tower,0,14,3,0,17,0,0,16,0,16,0,14,19,0,33,36,0,36,69
12/13/2019,ITH,NY,AEA,EN,Federal Contract Tower,0,14,6,0,20,0,0,0,0,0,0,14,6,0,20,0,0,0,20
12/14/2019,ITH,NY,AEA,EN,Federal Contract Tower,0,14,3,0,17,0,0,0,0,0,0,14,3,0,17,0,0,0,17
12/15/2019,ITH,NY,AEA,EN,Federal Contract Tower,0,17,2,0,19,0,0,2,0,2,0,17,4,0,21,10,0,10,31
12/17/2019,ITH,NY,AEA,EN,Federal Contract Tower,0,14,1,0,15,0,0,0,0,0,0,14,1,0,15,0,0,0,15
12/18/2019,ITH,NY,AEA,EN,Federal Contract Tower,0,14,0,0,14,0,0,0,0,0,0,14,0,0,14,0,0,0,14
12/19/2019,ITH,NY,AEA,EN,Federal Contract Tower,0,17,5,0,22,0,0,0,0,0,0,17,5,0,22,0,0,0,22
12/20/2019,ITH,NY,AEA,EN,Federal Contract Tower,0,20,7,0,27,0,0,22,0,22,0,20,29,0,49,78,0,78,127
12/21/2019,ITH,NY,AEA,EN,Federal Contract Tower,0,23,3,0,26,0,0,29,0,29,0,23,32,0,55,106,0,106,161
12/22/2019,ITH,NY,AEA,EN,Federal Contract Tower,0,15,5,0,20,0,0,0,0,0,0,15,5,0,20,94,0,94,114
12/23/2019,ITH,NY,AEA,EN,Federal Contract Tower,0,12,6,0,18,0,0,28,0,28,0,12,34,0,46,114,0,114,160
12/24/2019,ITH,NY,AEA,EN,Federal Contract Tower,0,12,1,0,13,0,0,19,0,19,0,12,20,0,32,100,0,100,132
12/25/2019,ITH,NY,AEA,EN,Federal Contract Tower,0,10,0,0,10,0,0,7,0,7,0,10,7,0,17,20,0,20,37
12/26/2019,ITH,NY,AEA,EN,Federal Contract Tower,0,12,16,0,28,0,0,13,0,13,0,12,29,0,41,38,0,38,79
12/27/2019,ITH,NY,AEA,EN,Federal Contract Tower,0,19,6,0,25,0,0,0,0,0,0,19,6,0,25,0,0,0,25
12/28/2019,ITH,NY,AEA,EN,Federal Contract Tower,0,18,2,0,20,0,0,14,0,14,0,18,16,0,34,60,0,60,94
12/29/2019,ITH,NY,AEA,EN,Federal Contract Tower,0,15,4,0,19,0,0,9,0,9,0,15,13,0,28,34,0,34,62
12/30/2019,ITH,NY,AEA,EN,Federal Contract Tower,0,16,1,0,17,0,0,0,0,0,0,16,1,0,17,0,0,0,17
12/31/2019,ITH,NY,AEA,EN,Federal Contract Tower,0,13,1,0,14,0,0,0,0,0,0,13,1,0,14,0,0,0,14
01/02/2020,ITH,NY,AEA,EN,Federal Contract Tower,0,14,5,0,19,0,0,40,0,40,0,14,45,0,59,144,0,144,203
01/03/2020,ITH,NY,AEA,EN,Federal Contract Tower,0,16,2,0,18,0,0,4,0,4,0,16,6,0,22,12,0,12,34
01/04/2020,ITH,NY,AEA,EN,Federal Contract Tower,0,15,1,0,16,0,0,0,0,0,0,15,1,0,16,0,0,0,16
01/05/2020,ITH,NY,AEA,EN,Federal Contract Tower,0,12,5,0,17,0,0,0,0,0,0,12,5,0,17,0,0,0,17
01/06/2020,ITH,NY,AEA,EN,Federal Contract Tower,0,15,1,0,16,0,0,1,0,1,0,15,2,0,17,0,0,0,17
01/07/2020,ITH,NY,AEA,EN,Federal Contract Tower,0,12,3,0,15,0,0,28,1,29,0,12,31,1,44,56,0,56,100
01/08/2020,ITH,NY,AEA,EN,Federal Contract Tower,0,12,0,0,12,0,0,0,0,0,0,12,0,0,12,0,0,0,12
01/09/2020,ITH,NY,AEA,EN,Federal Contract Tower,0,14,2,0,16,0,0,30,0,30,0,14,32,0,46,132,0,132,178
01/10/2020,ITH,NY,AEA,EN,Federal Contract Tower,0,13,2,0,15,0,0,8,0,8,0,13,10,0,23,44,0,44,67
01/11/2020,ITH,NY,AEA,EN,Federal Contract Tower,0,17,0,0,17,0,0,0,0,0,0,17,0,0,17,0,0,0,17
01/12/2020,ITH,NY,AEA,EN,Federal Contract Tower,0,13,1,0,14,0,0,2,0,2,0,13,3,0,16,0,0,0,16
01/13/2020,ITH,NY,AEA,EN,Federal Contract Tower,0,15,3,0,18,0,0,15,0,15,0,15,18,0,33,88,0,88,121
01/14/2020,ITH,NY,AEA,EN,Federal Contract Tower,0,12,6,0,18,0,0,17,0,17,0,12,23,0,35,66,0,66,101
01/15/2020,ITH,NY,AEA,EN,Federal Contract Tower,0,14,3,0,17,0,0,31,0,31,0,14,34,0,48,54,0,54,102
01/16/2020,ITH,NY,AEA,EN,Federal Contract Tower,0,12,1,0,13,0,0,0,0,0,0,12,1,0,13,0,0,0,13
01/17/2020,ITH,NY,AEA,EN,Federal Contract Tower,0,15,9,0,24,0,0,8,0,8,0,15,17,0,32,12,0,12,44
01/18/2020,ITH,NY,AEA,EN,Federal Contract Tower,0,12,1,0,13,0,0,2,0,2,0,12,3,0,15,12,0,12,27
01/19/2020,ITH,NY,AEA,EN,Federal Contract Tower,0,14,1,0,15,0,0,0,0,0,0,14,1,0,15,0,0,0,15
01/20/2020,ITH,NY,AEA,EN,Federal Contract Tower,0,14,5,0,19,0,0,8,0,8,0,14,13,0,27,26,0,26,53
01/21/2020,ITH,NY,AEA,EN,Federal Contract Tower,0,16,4,1,21,0,0,22,7,29,0,16,26,8,50,102,60,162,212
01/22/2020,ITH,NY,AEA,EN,Federal Contract Tower,0,13,4,1,18,0,0,32,0,32,0,13,36,1,50,78,0,78,128
01/23/2020,ITH,NY,AEA,EN,Federal Contract Tower,0,13,7,0,20,0,0,42,0,42,0,13,49,0,62,148,0,148,210
01/24/2020,ITH,NY,AEA,EN,Federal Contract Tower,0,16,3,0,19,0,0,41,0,41,0,16,44,0,60,108,0,108,168
01/25/2020,ITH,NY,AEA,EN,Federal Contract Tower,0,13,2,0,15,0,0,0,0,0,0,13,2,0,15,0,0,0,15
01/26/2020,ITH,NY,AEA,EN,Federal Contract Tower,0,14,4,0,18,0,0,3,0,3,0,14,7,0,21,12,0,12,33
01/27/2020,ITH,NY,AEA,EN,Federal Contract Tower,0,16,0,0,16,0,0,0,0,0,0,16,0,0,16,0,0,0,16
01/28/2020,ITH,NY,AEA,EN,Federal Contract Tower,0,10,2,0,12,0,0,0,0,0,0,10,2,0,12,0,0,0,12
01/29/2020,ITH,NY,AEA,EN,Federal Contract Tower,0,13,3,0,16,0,0,9,0,9,0,13,12,0,25,56,0,56,81
01/30/2020,ITH,NY,AEA,EN,Federal Contract Tower,0,11,3,0,14,0,0,32,0,32,0,11,35,0,46,100,0,100,146
01/31/2020,ITH,NY,AEA,EN,Federal Contract Tower,0,11,3,0,14,0,0,15,0,15,0,11,18,0,29,72,0,72,101
02/01/2020,ITH,NY,AEA,EN,Federal Contract Tower,0,13,1,0,14,0,0,4,0,4,0,13,5,0,18,38,0,38,56
02/03/2020,ITH,NY,AEA,EN,Federal Contract Tower,0,14,5,0,19,0,0,26,0,26,0,14,31,0,45,82,0,82,127
02/04/2020,ITH,NY,AEA,EN,Federal Contract Tower,0,13,5,0,18,0,0,3,0,3,0,13,8,0,21,30,0,30,51
02/05/2020,ITH,NY,AEA,EN,Federal Contract Tower,0,14,1,0,15,0,0,24,2,26,0,14,25,2,41,70,0,70,111
02/06/2020,ITH,NY,AEA,EN,Federal Contract Tower,0,14,2,0,16,0,0,0,0,0,0,14,2,0,16,0,0,0,16
02/07/2020,ITH,NY,AEA,EN,Federal Contract Tower,0,11,0,0,11,0,0,0,0,0,0,11,0,0,11,0,0,0,11
02/08/2020,ITH,NY,AEA,EN,Federal Contract Tower,0,19,10,0,29,0,0,4,0,4,0,19,14,0,33,22,0,22,55
02/09/2020,ITH,NY,AEA,EN,Federal Contract Tower,0,20,9,0,29,0,0,29,0,29,0,20,38,0,58,64,0,64,122
02/10/2020,ITH,NY,AEA,EN,Federal Contract Tower,0,19,3,0,22,0,0,0,0,0,0,19,3,0,22,0,0,0,22
02/11/2020,ITH,NY,AEA,EN,Federal Contract Tower,0,12,6,0,18,0,0,0,0,0,0,12,6,0,18,0,0,0,18
02/12/2020,ITH,NY,AEA,EN,Federal Contract Tower,0,13,11,0,24,0,0,30,0,30,0,13,41,0,54,106,0,106,160
02/13/2020,ITH,NY,AEA,EN,Federal Contract Tower,0,13,1,0,14,0,0,0,0,0,0,13,1,0,14,0,0,0,14
02/14/2020,ITH,NY,AEA,EN,Federal Contract Tower,0,20,4,0,24,0,0,1,0,1,0,20,5,0,25,0,0,0,25
02/15/2020,ITH,NY,AEA,EN,Federal Contract Tower,0,23,6,0,29,0,0,35,0,35,0,23,41,0,64,86,0,86,150
02/16/2020,ITH,NY,AEA,EN,Federal Contract Tower,0,16,7,0,23,0,0,12,0,12,0,16,19,0,35,16,0,16,51
02/17/2020,ITH,NY,AEA,EN,Federal Contract Tower,0,19,9,0,28,0,0,27,0,27,0,19,36,0,55,50,0,50,105
02/18/2020,ITH,NY,AEA,EN,Federal Contract Tower,0,21,3,0,24,0,0,0,0,0,0,21,3,0,24,0,0,0,24
02/19/2020,ITH,NY,AEA,EN,Federal Contract Tower,0,18,5,0,23,0,0,0,0,0,0,18,5,0,23,0,0,0,23
02/20/2020,ITH,NY,AEA,EN,Federal Contract Tower,0,16,5,0,21,0,0,7,0,7,0,16,12,0,28,26,0,26,54
02/21/2020,ITH,NY,AEA,EN,Federal Contract Tower,0,22,4,0,26,0,0,12,0,12,0,22,16,0,38,40,0,40,78
02/22/2020,ITH,NY,AEA,EN,Federal Contract Tower,0,20,8,0,28,0,0,38,0,38,0,20,46,0,66,142,0,142,208
02/23/2020,ITH,NY,AEA,EN,Federal Contract Tower,0,18,9,0,27,0,0,23,0,23,0,18,32,0,50,70,0,70,120
02/24/2020,ITH,NY,AEA,EN,Federal Contract Tower,0,22,2,0,24,0,0,37,0,37,0,22,39,0,61,82,0,82,143
02/25/2020,ITH,NY,AEA,EN,Federal Contract Tower,0,15,5,0,20,0,0,0,0,0,0,15,5,0,20,0,0,0,20
02/27/2020,ITH,NY,AEA,EN,Federal Contract Tower,0,21,3,0,24,0,0,0,0,0,0,21,3,0,24,0,0,0,24
02/29/2020,ITH,NY,AEA,EN,Federal Contract Tower,0,22,2,0,24,0,0,0,0,0,0,22,2,0,24,0,0,0,24
03/01/2020,ITH,NY,AEA,EN,Federal Contract Tower,0,18,3,0,21,0,1,31,0,32,0,19,34,0,53,62,0,62,115
03/02/2020,ITH,NY,AEA,EN,Federal Contract Tower,0,18,2,0,20,0,0,4,0,4,0,18,6,0,24,12,0,12,36
03/03/2020,ITH,NY,AEA,EN,Federal Contract Tower,0,16,4,0,20,0,0,2,0,2,0,16,6,0,22,0,0,0,22
03/04/2020,ITH,NY,AEA,EN,Federal Contract Tower,0,18,6,0,24,0,0,4,0,4,0,18,10,0,28,32,0,32,60
03/05/2020,ITH,NY,AEA,EN,Federal Contract Tower,0,20,7,0,27,0,0,20,0,20,0,20,27,0,47,86,0,86,133
03/06/2020,ITH,NY,AEA,EN,Federal Contract Tower,0,24,8,0,32,0,0,6,0,6,0,24,14,0,38,10,0,10,48
03/07/2020,ITH,NY,AEA,EN,Federal Contract Tower,0,28,2,0,30,0,0,15,0,15,0,28,17,0,45,46,0,46,91
03/08/2020,ITH,NY,AEA,EN,Federal Contract Tower,0,18,8,0,26,0,0,48,0,48,0,18,56,0,74,138,0,138,212
03/09/2020,ITH,NY,AEA,EN,Federal Contract Tower,0,19,3,0,22,0,0,28,0,28,0,19,31,0,50,54,0,54,104
03/10/2020,ITH,NY,AEA,EN,Federal Contract Tower,0,17,1,0,18,0,0,0,0,0,0,17,1,0,18,0,0,0,18
03/11/2020,ITH,NY,AEA,EN,Federal Contract Tower,0,19,8,0,27,0,0,30,0,30,0,19,38,0,57,48,0,48,105
03/12/2020,ITH,NY,AEA,EN,Federal Contract Tower,0,16,7,0,23,0,0,8,0,8,0,16,15,0,31,18,0,18,49
03/13/2020,ITH,NY,AEA,EN,Federal Contract Tower,0,21,0,0,21,0,0,0,0,0,0,21,0,0,21,0,0,0,21
03/14/2020,ITH,NY,AEA,EN,Federal Contract Tower,0,25,8,0,33,0,0,34,0,34,0,25,42,0,67,56,0,56,123
03/15/2020,ITH,NY,AEA,EN,Federal Contract Tower,0,20,13,0,33,0,0,44,0,44,0,20,57,0,77,70,0,70,147
03/16/2020,ITH,NY,AEA,EN,Federal Contract Tower,0,22,11,0,33,0,0,18,0,18,0,22,29,0,51,62,0,62,113
03/17/2020,ITH,NY,AEA,EN,Federal Contract Tower,0,14,3,0,17,0,0,3,0,3,0,14,6,0,20,12,0,12,32
03/18/2020,ITH,NY,AEA,EN,Federal Contract Tower,0,14,6,0,20,0,0,16,0,16,0,14,22,0,36,38,0,38,74
03/19/2020,ITH,NY,AEA,EN,Federal Contract Tower,0,16,2,0,18,0,0,0,0,0,0,16,2,0,18,0,0,0,18
03/20/2020,ITH,NY,AEA,EN,Federal Contract Tower,0,17,2,0,19,0,0,0,0,0,0,17,2,0,19,0,0,0,19
03/21/2020,ITH,NY,AEA,EN,Federal Contract Tower,0,13,4,0,17,0,0,8,0,8,0,13,12,0,25,54,0,54,79
03/22/2020,ITH,NY,AEA,EN,Federal Contract Tower,0,10,10,0,20,0,0,20,0,20,0,10,30,0,40,110,0,110,150
03/23/2020,ITH,NY,AEA,EN,Federal Contract Tower,0,10,3,0,13,0,0,0,0,0,0,10,3,0,13,0,0,0,13
03/24/2020,ITH,NY,AEA,EN,Federal Contract Tower,0,9,0,0,9,0,0,0,0,0,0,9,0,0,9,0,0,0,9
03/25/2020,ITH,NY,AEA,EN,Federal Contract Tower,0,10,3,0,13,0,0,0,0,0,0,10,3,0,13,0,0,0,13
03/27/2020,ITH,NY,AEA,EN,Federal Contract Tower,0,11,0,0,11,0,0,30,0,30,0,11,30,0,41,108,0,108,149
03/28/2020,ITH,NY,AEA,EN,Federal Contract Tower,0,13,4,0,17,0,0,5,0,5,0,13,9,0,22,0,0,0,22
03/29/2020,ITH,NY,AEA,EN,Federal Contract Tower,0,12,0,0,12,0,0,0,0,0,0,12,0,0,12,0,0,0,12
03/30/2020,ITH,NY,AEA,EN,Federal Contract Tower,0,15,0,0,15,0,0,0,0,0,0,15,0,0,15,0,0,0,15
03/31/2020,ITH,NY,AEA,EN,Federal Contract Tower,0,6,0,0,6,0,0,2,24,26,0,6,2,24,32,0,0,0,32
04/01/2020,ITH,NY,AEA,EN,Federal Contract Tower,0,8,2,0,10,0,0,8,0,8,0,8,10,0,18,40,0,40,58
04/02/2020,ITH,NY,AEA,EN,Federal Contract Tower,0,13,1,0,14,0,0,16,0,16,0,13,17,0,30,64,0,64,94
04/03/2020,ITH,NY,AEA,EN,Federal Contract Tower,0,9,0,0,9,0,0,0,0,0,0,9,0,0,9,0,0,0,9
04/04/2020,ITH,NY,AEA,EN,Federal Contract Tower,0,9,1,0,10,0,0,0,0,0,0,9,1,0,10,40,0,40,50
04/05/2020,ITH,NY,AEA,EN,Federal Contract Tower,0,8,2,0,10,0,0,33,0,33,0,8,35,0,43,18,0,18,61
04/06/2020,ITH,NY,AEA,EN,Federal Contract Tower,0,10,2,0,12,0,0,22,2,24,0,10,24,2,36,104,20,124,160
04/07/2020,ITH,NY,AEA,EN,Federal Contract Tower,0,8,1,0,9,0,0,32,0,32,0,8,33,0,41,98,0,98,139
04/09/2020,ITH,NY,AEA,EN,Federal Contract Tower,0,3,3,0,6,0,0,6,0,6,0,3,9,0,12,28,0,28,40
04/10/2020,ITH,NY,AEA,EN,Federal Contract Tower,0,6,0,0,6,0,0,0,0,0,0,6,0,0,6,0,0,0,6
04/11/2020,ITH,NY,AEA,EN,Federal Contract Tower,0,7,1,0,8,0,0,19,0,19,0,7,20,0,27,72,0,72,99
04/12/2020,ITH,NY,AEA,EN,Federal Contract Tower,0,8,1,0,9,0,0,20,0,20,0,8,21,0,29,82,0,82,111
04/13/2020,ITH,NY,AEA,EN,Federal Contract Tower,0,7,0,0,7,0,0,0,0,0,0,7,0,0,7,0,0,0,7
04/14/2020,ITH,NY,AEA,EN,Federal Contract Tower,0,9,1,0,10,0,0,28,0,28,0,9,29,0,38,34,0,34,72
04/15/2020,ITH,NY,AEA,EN,Federal Contract Tower,0,4,3,0,7,0,0,9,0,9,0,4,12,0,16,12,0,12,28
04/16/2020,ITH,NY,AEA,EN,Federal Contract Tower,0,2,0,0,2,0,0,2,0,2,0,2,2,0,4,0,0,0,4
04/17/2020,ITH,NY,AEA,EN,Federal Contract Tower,0,4,4,0,8,0,0,6,0,6,0,4,10,0,14,28,0,28,42
04/18/2020,ITH,NY,AEA,EN,Federal Contract Tower,0,2,0,0,2,0,0,12,0,12,0,2,12,0,14,48,0,48,62
04/19/2020,ITH,NY,AEA,EN,Federal Contract Tower,0,2,2,0,4,0,0,20,0,20,0,2,22,0,24,64,0,64,88
04/20/2020,ITH,NY,AEA,EN,Federal Contract Tower,0,2,0,0,2,0,0,38,0,38,0,2,38,0,40,100,0,100,140
04/21/2020,ITH,NY,AEA,EN,Federal Contract Tower,0,3,1,0,4,0,0,0,0,0,0,3,1,0,4,0,0,0,4
04/22/2020,ITH,NY,AEA,EN,Federal Contract Tower,0,7,2,0,9,0,0,0,0,0,0,7,2,0,9,0,0,0,9
04/23/2020,ITH,NY,AEA,EN,Federal Contract Tower,0,9,2,0,11,0,0,0,0,0,0,9,2,0,11,0,0,0,11
04/24/2020,ITH,NY,AEA,EN,Federal Contract Tower,0,4,2,0,6,0,0,0,0,0,0,4,2,0,6,0,0,0,6
04/25/2020,ITH,NY,AEA,EN,Federal Contract Tower,0,6,5,0,11,0,0,45,0,45,0,6,50,0,56,100,0,100,156
04/26/2020,ITH,NY,AEA,EN,Federal Contract Tower,0,7,0,0,7,0,0,0,0,0,0,7,0,0,7,0,0,0,7
04/27/2020,ITH,NY,AEA,EN,Federal Contract Tower,0,6,0,0,6,0,0,0,0,0,0,6,0,0,6,0,0,0,6
04/28/2020,ITH,NY,AEA,EN,Federal Contract Tower,0,10,3,0,13,0,0,22,0,22,0,10,25,0,35,84,0,84,119
04/29/2020,ITH,NY,AEA,EN,Federal Contract Tower,0,8,0,0,8,0,0,0,0,0,0,8,0,0,8,0,0,0,8
04/30/2020,ITH,NY,AEA,EN,Federal Contract Tower,0,8,0,0,8,0,0,0,0,0,0,8,0,0,8,0,0,0,8
05/01/2020,ITH,NY,AEA,EN,Federal Contract Tower,0,6,1,0,7,0,0,2,0,2,0,6,3,0,9,14,0,14,23
05/02/2020,ITH,NY,AEA,EN,Federal Contract Tower,0,2,5,0,7,0,0,39,0,39,0,2,44,0,46,90,0,90,136
05/03/2020,ITH,NY,AEA,EN,Federal Contract Tower,0,6,2,0,8,0,0,24,0,24,0,6,26,0,32,84,0,84,116
05/04/2020,ITH,NY,AEA,EN,Federal Contract Tower,0,7,1,0,8,0,0,4,0,4,0,7,5,0,12,0,0,0,12
05/05/2020,ITH,NY,AEA,EN,Federal Contract Tower,0,4,1,1,6,0,2,30,2,34,0,6,31,3,40,47,2,49,89
05/06/2020,ITH,NY,AEA,EN,Federal Contract Tower,0,6,0,0,6,0,0,16,0,16,0,6,16,0,22,40,0,40,62
05/07/2020,ITH,NY,AEA,EN,Federal Contract Tower,0,3,6,0,9,0,0,8,0,8,0,3,14,0,17,4,0,4,21
05/08/2020,ITH,NY,AEA,EN,Federal Contract Tower,0,8,2,0,10,0,0,2,0,2,0,8,4,0,12,0,0,0,12
05/09/2020,ITH,NY,AEA,EN,Federal Contract Tower,0,2,1,0,3,0,0,0,0,0,0,2,1,0,3,0,0,0,3
05/10/2020,ITH,NY,AEA,EN,Federal Contract Tower,0,4,4,0,8,0,0,17,0,17,0,4,21,0,25,56,0,56,81
05/11/2020,ITH,NY,AEA,EN,Federal Contract Tower,0,6,0,0,6,0,0,2,2,4,0,6,2,2,10,20,0,20,30
05/12/2020,ITH,NY,AEA,EN,Federal Contract Tower,0,3,5,0,8,0,1,28,0,29,0,4,33,0,37,12,0,12,49
05/13/2020,ITH,NY,AEA,EN,Federal Contract Tower,0,7,4,0,11,0,0,51,0,51,0,7,55,0,62,128,0,128,190
05/14/2020,ITH,NY,AEA,EN,Federal Contract Tower,0,6,2,0,8,0,0,23,0,23,0,6,25,0,31,102,0,102,133
05/15/2020,ITH,NY,AEA,EN,Federal Contract Tower,0,4,3,0,7,0,0,0,0,0,0,4,3,0,7,0,0,0,7
05/16/2020,ITH,NY,AEA,EN,Federal Contract Tower,0,4,13,0,17,0,0,22,0,22,0,4,35,0,39,70,0,70,109
05/17/2020,ITH,NY,AEA,EN,Federal Contract Tower,0,6,1,0,7,0,0,28,0,28,0,6,29,0,35,112,0,112,147
05/18/2020,ITH,NY,AEA,EN,Federal Contract Tower,0,6,4,0,10,0,0,10,0,10,0,6,14,0,20,4,0,4,24
05/19/2020,ITH,NY,AEA,EN,Federal Contract Tower,0,2,2,0,4,0,0,29,2,31,0,2,31,2,35,36,0,36,71
05/20/2020,ITH,NY,AEA,EN,Federal Contract Tower,0,7,2,0,9,0,2,38,0,40,0,9,40,0,49,102,0,102,151
05/21/2020,ITH,NY,AEA,EN,Federal Contract Tower,0,6,5,0,11,0,0,41,0,41,0,6,46,0,52,108,4,112,164
05/22/2020,ITH,NY,AEA,EN,Federal Contract Tower,0,9,8,0,17,0,0,24,0,24,0,9,32,0,41,68,0,68,109
05/23/2020,ITH,NY,AEA,EN,Federal Contract Tower,0,3,7,0,10,0,0,20,0,20,0,3,27,0,30,2,0,2,32
05/24/2020,ITH,NY,AEA,EN,Federal Contract Tower,0,7,7,0,14,0,0,44,0,44,0,7,51,0,58,106,0,106,164
05/25/2020,ITH,NY,AEA,EN,Federal Contract Tower,0,8,5,0,13,0,0,32,0,32,0,8,37,0,45,0,0,0,45
05/26/2020,ITH,NY,AEA,EN,Federal Contract Tower,0,5,4,0,9,0,0,40,0,40,0,5,44,0,49,4,0,4,53
05/27/2020,ITH,NY,AEA,EN,Federal Contract Tower,0,6,1,0,7,0,0,22,0,22,0,6,23,0,29,30,0,30,59
05/28/2020,ITH,NY,AEA,EN,Federal Contract Tower,0,6,2,0,8,0,0,8,0,8,0,6,10,0,16,38,0,38,54
05/29/2020,ITH,NY,AEA,EN,Federal Contract Tower,0,8,2,0,10,0,0,0,0,0,0,8,2,0,10,38,0,38,48
05/30/2020,ITH,NY,AEA,EN,Federal Contract Tower,0,5,4,0,9,0,0,6,0,6,0,5,10,0,15,8,0,8,23
05/31/2020,ITH,NY,AEA,EN,Federal Contract Tower,0,9,3,0,12,0,0,22,0,22,0,9,25,0,34,24,0,24,58
06/01/2020,ITH,NY,AEA,EN,Federal Contract Tower,0,4,3,0,7,0,0,39,0,39,0,4,42,0,46,30,0,30,76
06/02/2020,ITH,NY,AEA,EN,Federal Contract Tower,0,4,4,0,8,0,0,23,0,23,0,4,27,0,31,12,0,12,43
06/03/2020,ITH,NY,AEA,EN,Federal Contract Tower,0,6,2,0,8,0,0,6,0,6,0,6,8,0,14,24,0,24,38
06/04/2020,ITH,NY,AEA,EN,Federal Contract Tower,0,7,7,0,14,0,3,29,0,32,0,10,36,0,46,26,0,26,72
06/05/2020,ITH,NY,AEA,EN,Federal Contract Tower,0,4,5,0,9,0,0,23,0,23,0,4,28,0,32,98,0,98,130
06/06/2020,ITH,NY,AEA,EN,Federal Contract Tower,0,5,2,0,7,0,0,25,0,25,0,5,27,0,32,80,0,80,112
06/07/2020,ITH,NY,AEA,EN,Federal Contract Tower,0,8,13,0,21,0,0,49,0,49,0,8,62,0,70,138,0,138,208
06/08/2020,ITH,NY,AEA,EN,Federal Contract Tower,0,4,4,0,8,0,0,42,0,42,0,4,46,0,50,52,0,52,102
06/09/2020,ITH,NY,AEA,EN,Federal Contract Tower,0,5,3,0,8,0,0,26,2,28,0,5,29,2,36,44,0,44,80
06/10/2020,ITH,NY,AEA,EN,Federal Contract Tower,0,6,5,0,11,0,0,16,0,16,0,6,21,0,27,40,0,40,67
06/11/2020,ITH,NY,AEA,EN,Federal Contract Tower,0,9,4,0,13,0,0,29,0,29,0,9,33,0,42,90,0,90,132
06/12/2020,ITH,NY,AEA,EN,Federal Contract Tower,0,4,8,0,12,0,0,27,0,27,0,4,35,0,39,72,0,72,111
06/13/2020,ITH,NY,AEA,EN,Federal Contract Tower,0,4,3,0,7,0,0,46,0,46,0,4,49,0,53,150,0,150,203
06/14/2020,ITH,NY,AEA,EN,Federal Contract Tower,0,10,4,0,14,0,0,54,0,54,0,10,58,0,68,130,0,130,198
06/15/2020,ITH,NY,AEA,EN,Federal Contract Tower,0,4,10,0,14,0,0,29,0,29,0,4,39,0,43,56,0,56,99
06/16/2020,ITH,NY,AEA,EN,Federal Contract Tower,0,4,1,1,6,0,0,42,0,42,0,4,43,1,48,34,0,34,82
06/17/2020,ITH,NY,AEA,EN,Federal Contract Tower,0,8,7,0,15,0,0,45,0,45,0,8,52,0,60,88,0,88,148
06/18/2020,ITH,NY,AEA,EN,Federal Contract Tower,0,5,1,0,6,0,0,30,0,30,0,5,31,0,36,132,0,132,168
06/19/2020,ITH,NY,AEA,EN,Federal Contract Tower,0,7,1,0,8,0,0,22,0,22,0,7,23,0,30,24,0,24,54
06/20/2020,ITH,NY,AEA,EN,Federal Contract Tower,0,5,1,0,6,0,0,28,0,28,0,5,29,0,34,30,0,30,64
06/21/2020,ITH,NY,AEA,EN,Federal Contract Tower,0,7,4,0,11,0,0,37,0,37,0,7,41,0,48,70,0,70,118
06/22/2020,ITH,NY,AEA,EN,Federal Contract Tower,0,8,11,0,19,0,1,31,0,32,0,9,42,0,51,66,0,66,117
06/23/2020,ITH,NY,AEA,EN,Federal Contract Tower,0,6,4,0,10,0,0,25,0,25,0,6,29,0,35,20,0,20,55
06/24/2020,ITH,NY,AEA,EN,Federal Contract Tower,0,5,9,0,14,0,0,29,0,29,0,5,38,0,43,114,0,114,157
06/25/2020,ITH,NY,AEA,EN,Federal Contract Tower,0,7,1,0,8,0,0,37,0,37,0,7,38,0,45,124,0,124,169
06/26/2020,ITH,NY,AEA,EN,Federal Contract Tower,0,6,11,0,17,0,0,34,0,34,0,6,45,0,51,66,0,66,117
06/27/2020,ITH,NY,AEA,EN,Federal Contract Tower,0,4,6,0,10,0,0,6,0,6,0,4,12,0,16,0,0,0,16
06/28/2020,ITH,NY,AEA,EN,Federal Contract Tower,0,6,5,0,11,0,0,26,0,26,0,6,31,0,37,112,0,112,149
06/29/2020,ITH,NY,AEA,EN,Federal Contract Tower,0,8,7,0,15,0,0,47,0,47,0,8,54,0,62,162,0,162,224
06/30/2020,ITH,NY,AEA,EN,Federal Contract Tower,0,4,2,0,6,0,0,18,0,18,0,4,20,0,24,68,0,68,92
07/01/2020,ITH,NY,AEA,EN,Federal Contract Tower,0,11,9,0,20,0,0,25,0,25,0,11,34,0,45,88,0,88,133
07/02/2020,ITH,NY,AEA,EN,Federal Contract Tower,0,6,8,0,14,0,0,43,0,43,0,6,51,0,57,148,0,148,205
07/03/2020,ITH,NY,AEA,EN,Federal Contract Tower,0,4,8,2,14,0,0,25,0,25,0,4,33,2,39,92,0,92,131
07/04/2020,ITH,NY,AEA,EN,Federal Contract Tower,0,4,0,0,4,0,0,43,0,43,0,4,43,0,47,124,0,124,171
07/05/2020,ITH,NY,AEA,EN,Federal Contract Tower,0,8,5,0,13,0,0,36,0,36,0,8,41,0,49,126,0,126,175
07/06/2020,ITH,NY,AEA,EN,Federal Contract Tower,0,5,10,0,15,0,0,35,0,35,0,5,45,0,50,98,0,98,148
07/07/2020,ITH,NY,AEA,EN,Federal Contract Tower,0,8,2,0,10,0,0,35,0,35,0,8,37,0,45,88,0,88,133
07/08/2020,ITH,NY,AEA,EN,Federal Contract Tower,0,6,5,0,11,0,0,28,0,28,0,6,33,0,39,50,0,50,89
07/09/2020,ITH,NY,AEA,EN,Federal Contract Tower,0,6,9,0,15,0,0,45,0,45,0,6,54,0,60,148,0,148,208
07/10/2020,ITH,NY,AEA,EN,Federal Contract Tower,0,6,8,0,14,0,0,38,0,38,0,6,46,0,52,132,0,132,184
07/11/2020,ITH,NY,AEA,EN,Federal Contract Tower,0,8,4,0,12,0,0,17,0,17,0,8,21,0,29,50,0,50,79
07/12/2020,ITH,NY,AEA,EN,Federal Contract Tower,0,6,7,0,13,0,0,26,0,26,0,6,33,0,39,130,0,130,169
07/13/2020,ITH,NY,AEA,EN,Federal Contract Tower,0,6,5,0,11,0,0,28,0,28,0,6,33,0,39,80,0,80,119
07/14/2020,ITH,NY,AEA,EN,Federal Contract Tower,0,7,2,0,9,0,0,30,2,32,0,7,32,2,41,68,0,68,109
07/15/2020,ITH,NY,AEA,EN,Federal Contract Tower,0,9,7,0,16,0,1,47,0,48,0,10,54,0,64,106,0,106,170
07/16/2020,ITH,NY,AEA,EN,Federal Contract Tower,0,8,5,0,13,0,0,8,0,8,0,8,13,0,21,0,0,0,21
07/17/2020,ITH,NY,AEA,EN,Federal Contract Tower,0,6,0,0,6,0,0,18,0,18,0,6,18,0,24,42,0,42,66
07/18/2020,ITH,NY,AEA,EN,Federal Contract Tower,0,6,2,0,8,0,0,43,0,43,0,6,45,0,51,164,0,164,215
07/19/2020,ITH,NY,AEA,EN,Federal Contract Tower,0,6,12,0,18,0,0,26,0,26,0,6,38,0,44,64,0,64,108
07/20/2020,ITH,NY,AEA,EN,Federal Contract Tower,0,6,4,0,10,0,0,39,0,39,0,6,43,0,49,104,0,104,153
07/21/2020,ITH,NY,AEA,EN,Federal Contract Tower,11,10,0,0,21,0,0,44,0,44,11,10,44,0,65,104,0,104,169
07/22/2020,ITH,NY,AEA,EN,Federal Contract Tower,0,7,4,0,11,0,0,11,0,11,0,7,15,0,22,42,0,42,64
07/23/2020,ITH,NY,AEA,EN,Federal Contract Tower,0,6,10,0,16,0,0,14,0,14,0,6,24,0,30,38,0,38,68
07/24/2020,ITH,NY,AEA,EN,Federal Contract Tower,0,6,14,0,20,0,0,40,0,40,0,6,54,0,60,114,0,114,174
07/25/2020,ITH,NY,AEA,EN,Federal Contract Tower,0,8,4,0,12,0,0,32,0,32,0,8,36,0,44,52,0,52,96
07/26/2020,ITH,NY,AEA,EN,Federal Contract Tower,0,4,12,0,16,0,0,34,0,34,0,4,46,0,50,60,0,60,110
07/27/2020,ITH,NY,AEA,EN,Federal Contract Tower,0,6,6,0,12,0,0,25,0,25,0,6,31,0,37,80,0,80,117
07/28/2020,ITH,NY,AEA,EN,Federal Contract Tower,0,8,3,0,11,0,0,35,0,35,0,8,38,0,46,26,0,26,72
07/29/2020,ITH,NY,AEA,EN,Federal Contract Tower,0,6,9,0,15,0,0,13,0,13,0,6,22,0,28,38,0,38,66
07/30/2020,ITH,NY,AEA,EN,Federal Contract Tower,0,5,6,0,11,0,0,24,0,24,0,5,30,0,35,94,0,94,129
07/31/2020,ITH,NY,AEA,EN,Federal Contract Tower,0,8,10,0,18,0,0,56,0,56,0,8,66,0,74,120,0,120,194
08/01/2020,ITH,NY,AEA,EN,Federal Contract Tower,0,8,12,0,20,0,0,19,0,19,0,8,31,0,39,42,0,42,81
08/02/2020,ITH,NY,AEA,EN,Federal Contract Tower,0,6,3,0,9,0,0,26,0,26,0,6,29,0,35,18,0,18,53
08/03/2020,ITH,NY,AEA,EN,Federal Contract Tower,0,6,7,0,13,0,0,39,0,39,0,6,46,0,52,148,0,148,200
08/04/2020,ITH,NY,AEA,EN,Federal Contract Tower,0,6,2,0,8,0,0,0,0,0,0,6,2,0,8,0,0,0,8
08/05/2020,ITH,NY,AEA,EN,Federal Contract Tower,0,6,10,0,16,0,0,28,0,28,0,6,38,0,44,122,0,122,166
08/06/2020,ITH,NY,AEA,EN,Federal Contract Tower,0,8,4,0,12,0,2,55,0,57,0,10,59,0,69,172,0,172,241
08/07/2020,ITH,NY,AEA,EN,Federal Contract Tower,0,5,8,0,13,0,0,24,0,24,0,5,32,0,37,94,0,94,131
08/08/2020,ITH,NY,AEA,EN,Federal Contract Tower,0,7,15,0,22,0,0,26,0,26,0,7,41,0,48,62,0,62,110
08/09/2020,ITH,NY,AEA,EN,Federal Contract Tower,0,12,5,0,17,0,0,58,0,58,0,12,63,0,75,154,0,154,229
08/10/2020,ITH,NY,AEA,EN,Federal Contract Tower,0,10,6,0,16,0,0,32,0,32,0,10,38,0,48,112,0,112,160
08/11/2020,ITH,NY,AEA,EN,Federal Contract Tower,0,8,6,2,16,0,0,40,0,40,0,8,46,2,56,36,0,36,92
08/12/2020,ITH,NY,AEA,EN,Federal Contract Tower,0,6,7,0,13,0,0,34,0,34,0,6,41,0,47,137,0,137,184
08/13/2020,ITH,NY,AEA,EN,Federal Contract Tower,0,5,3,0,8,0,0,27,0,27,0,5,30,0,35,94,0,94,129
08/14/2020,ITH,NY,AEA,EN,Federal Contract Tower,0,6,11,0,17,0,0,39,0,39,0,6,50,0,56,92,0,92,148
08/15/2020,ITH,NY,AEA,EN,Federal Contract Tower,0,9,8,0,17,0,0,27,0,27,0,9,35,0,44,28,0,28,72
08/16/2020,ITH,NY,AEA,EN,Federal Contract Tower,0,9,15,0,24,0,0,46,0,46,0,9,61,0,70,130,0,130,200
08/17/2020,ITH,NY,AEA,EN,Federal Contract Tower,0,8,8,0,16,0,1,34,0,35,0,9,42,0,51,96,8,104,155
08/18/2020,ITH,NY,AEA,EN,Federal Contract Tower,0,8,8,0,16,0,0,33,1,34,0,8,41,1,50,78,14,92,142
08/19/2020,ITH,NY,AEA,EN,Federal Contract Tower,0,9,11,2,22,0,0,30,4,34,0,9,41,6,56,108,0,108,164
08/20/2020,ITH,NY,AEA,EN,Federal Contract Tower,0,8,13,0,21,0,0,46,6,52,0,8,59,6,73,126,24,150,223
08/21/2020,ITH,NY,AEA,EN,Federal Contract Tower,0,15,11,0,26,0,0,47,0,47,0,15,58,0,73,142,0,142,215
08/22/2020,ITH,NY,AEA,EN,Federal Contract Tower,0,13,15,0,28,0,0,28,0,28,0,13,43,0,56,70,0,70,126
08/23/2020,ITH,NY,AEA,EN,Federal Contract Tower,0,13,3,0,16,0,0,26,0,26,0,13,29,0,42,58,0,58,100
08/24/2020,ITH,NY,AEA,EN,Federal Contract Tower,0,9,7,0,16,0,0,31,0,31,0,9,38,0,47,88,0,88,135
08/25/2020,ITH,NY,AEA,EN,Federal Contract Tower,0,12,12,3,27,0,0,10,2,12,0,12,22,5,39,34,4,38,77
08/26/2020,ITH,NY,AEA,EN,Federal Contract Tower,0,11,9,0,20,0,0,34,2,36,0,11,43,2,56,100,4,104,160
08/27/2020,ITH,NY,AEA,EN,Federal Contract Tower,0,12,3,0,15,0,0,4,0,4,0,12,7,0,19,8,0,8,27
08/28/2020,ITH,NY,AEA,EN,Federal Contract Tower,0,7,8,0,15,0,0,13,0,13,0,7,21,0,28,20,0,20,48
08/29/2020,ITH,NY,AEA,EN,Federal Contract Tower,0,9,1,0,10,0,0,8,0,8,0,9,9,0,18,18,0,18,36
08/30/2020,ITH,NY,AEA,EN,Federal Contract Tower,0,7,8,0,15,0,0,14,2,16,0,7,22,2,31,66,0,66,97
08/31/2020,ITH,NY,AEA,EN,Federal Contract Tower,0,6,9,0,15,0,0,53,2,55,0,6,62,2,70,138,0,138,208
09/01/2020,ITH,NY,AEA,EN,Federal Contract Tower,0,14,2,0,16,0,0,27,2,29,0,14,29,2,45,54,0,54,99
09/02/2020,ITH,NY,AEA,EN,Federal Contract Tower,0,7,6,0,13,0,0,0,0,0,0,7,6,0,13,0,0,0,13
09/03/2020,ITH,NY,AEA,EN,Federal Contract Tower,0,11,1,0,12,0,0,17,0,17,0,11,18,0,29,42,0,42,71
09/04/2020,ITH,NY,AEA,EN,Federal Contract Tower,0,10,8,0,18,0,0,32,0,32,0,10,40,0,50,86,0,86,136
09/05/2020,ITH,NY,AEA,EN,Federal Contract Tower,0,8,12,0,20,0,0,31,0,31,0,8,43,0,51,78,0,78,129
09/06/2020,ITH,NY,AEA,EN,Federal Contract Tower,0,9,6,0,15,0,1,41,0,42,0,10,47,0,57,48,0,48,105
09/07/2020,ITH,NY,AEA,EN,Federal Contract Tower,0,4,1,0,5,0,0,7,0,7,0,4,8,0,12,0,0,0,12
09/08/2020,ITH,NY,AEA,EN,Federal Contract Tower,0,5,7,0,12,0,0,48,0,48,0,5,55,0,60,106,0,106,166
09/09/2020,ITH,NY,AEA,EN,Federal Contract Tower,0,12,7,0,19,0,2,44,2,48,0,14,51,2,67,58,6,64,131
09/10/2020,ITH,NY,AEA,EN,Federal Contract Tower,0,6,8,0,14,0,0,21,0,21,0,6,29,0,35,81,0,81,116
09/11/2020,ITH,NY,AEA,EN,Federal Contract Tower,0,5,10,0,15,0,0,11,0,11,0,5,21,0,26,20,0,20,46
09/12/2020,ITH,NY,AEA,EN,Federal Contract Tower,0,9,8,0,17,0,0,15,0,15,0,9,23,0,32,24,0,24,56
09/13/2020,ITH,NY,AEA,EN,Federal Contract Tower,0,5,5,0,10,0,0,1,0,1,0,5,6,0,11,0,0,0,11
09/14/2020,ITH,NY,AEA,EN,Federal Contract Tower,0,7,6,0,13,0,1,27,0,28,0,8,33,0,41,70,0,70,111
09/15/2020,ITH,NY,AEA,EN,Federal Contract Tower,0,8,5,0,13,0,0,33,0,33,0,8,38,0,46,22,0,22,68
09/16/2020,ITH,NY,AEA,EN,Federal Contract Tower,0,6,1,0,7,0,1,23,0,24,0,7,24,0,31,78,0,78,109
09/17/2020,ITH,NY,AEA,EN,Federal Contract Tower,0,6,13,0,19,0,0,10,0,10,0,6,23,0,29,20,0,20,49
09/18/2020,ITH,NY,AEA,EN,Federal Contract Tower,0,6,5,0,11,0,0,20,0,20,0,6,25,0,31,110,0,110,141
09/19/2020,ITH,NY,AEA,EN,Federal Contract Tower,0,7,8,0,15,0,0,49,0,49,0,7,57,0,64,138,0,138,202
09/20/2020,ITH,NY,AEA,EN,Federal Contract Tower,0,6,10,0,16,0,0,55,0,55,0,6,65,0,71,158,0,158,229
09/21/2020,ITH,NY,AEA,EN,Federal Contract Tower,0,4,1,0,5,0,0,32,0,32,0,4,33,0,37,110,0,110,147
09/22/2020,ITH,NY,AEA,EN,Federal Contract Tower,0,6,5,0,11,0,2,35,0,37,0,8,40,0,48,24,0,24,72
09/23/2020,ITH,NY,AEA,EN,Federal Contract Tower,0,6,4,0,10,0,0,29,0,29,0,6,33,0,39,114,0,114,153
09/24/2020,ITH,NY,AEA,EN,Federal Contract Tower,0,4,9,0,13,0,2,36,1,39,0,6,45,1,52,92,20,112,164
09/25/2020,ITH,NY,AEA,EN,Federal Contract Tower,0,6,14,0,20,0,0,45,1,46,0,6,59,1,66,174,20,194,260
09/26/2020,ITH,NY,AEA,EN,Federal Contract Tower,0,4,9,0,13,0,0,56,0,56,0,4,65,0,69,86,0,86,155
09/27/2020,ITH,NY,AEA,EN,Federal Contract Tower,0,6,12,0,18,0,0,27,0,27,0,6,39,0,45,70,0,70,115
09/28/2020,ITH,NY,AEA,EN,Federal Contract Tower,0,8,8,0,16,0,0,25,0,25,0,8,33,0,41,90,0,90,131
09/29/2020,ITH,NY,AEA,EN,Federal Contract Tower,0,6,10,0,16,0,0,2,0,2,0,6,12,0,18,0,0,0,18
09/30/2020,ITH,NY,AEA,EN,Federal Contract Tower,0,3,8,0,11,0,0,4,0,4,0,3,12,0,15,0,0,0,15
10/01/2020,ITH,NY,AEA,EN,Federal Contract Tower,0,6,11,0,17,0,0,32,0,32,0,6,43,0,49,68,0,68,117
10/02/2020,ITH,NY,AEA,EN,Federal Contract Tower,0,4,5,0,9,0,0,32,0,32,0,4,37,0,41,168,0,168,209
10/03/2020,ITH,NY,AEA,EN,Federal Contract Tower,0,8,5,0,13,0,0,32,0,32,0,8,37,0,45,32,0,32,77
10/04/2020,ITH,NY,AEA,EN,Federal Contract Tower,0,6,7,0,13,0,0,29,0,29,0,6,36,0,42,58,0,58,100
10/05/2020,ITH,NY,AEA,EN,Federal Contract Tower,0,4,5,0,9,0,0,26,0,26,0,4,31,0,35,74,0,74,109
10/06/2020,ITH,NY,AEA,EN,Federal Contract Tower,0,7,4,0,11,0,0,41,0,41,0,7,45,0,52,68,0,68,120
10/07/2020,ITH,NY,AEA,EN,Federal Contract Tower,0,4,4,0,8,0,2,0,0,2,0,6,4,0,10,0,0,0,10
10/08/2020,ITH,NY,AEA,EN,Federal Contract Tower,0,7,6,10,23,0,0,24,0,24,0,7,30,10,47,116,0,116,163
10/09/2020,ITH,NY,AEA,EN,Federal Contract Tower,0,6,8,0,14,0,0,43,0,43,0,6,51,0,57,164,0,164,221
10/10/2020,ITH,NY,AEA,EN,Federal Contract Tower,0,5,2,0,7,0,0,19,0,19,0,5,21,0,26,44,0,44,70
10/11/2020,ITH,NY,AEA,EN,Federal Contract Tower,0,7,7,0,14,0,0,31,0,31,0,7,38,0,45,94,0,94,139
10/12/2020,ITH,NY,AEA,EN,Federal Contract Tower,0,6,7,0,13,0,0,5,0,5,0,6,12,0,18,0,0,0,18
10/13/2020,ITH,NY,AEA,EN,Federal Contract Tower,0,5,7,0,12,0,0,13,0,13,0,5,20,0,25,16,0,16,41
10/14/2020,ITH,NY,AEA,EN,Federal Contract Tower,0,5,9,0,14,0,1,29,0,30,0,6,38,0,44,72,0,72,116
10/15/2020,ITH,NY,AEA,EN,Federal Contract Tower,0,5,4,0,9,0,0,8,0,8,0,5,12,0,17,26,0,26,43
10/16/2020,ITH,NY,AEA,EN,Federal Contract Tower,0,6,3,0,9,0,0,4,0,4,0,6,7,0,13,14,0,14,27
10/17/2020,ITH,NY,AEA,EN,Federal Contract Tower,0,14,14,0,28,0,0,42,0,42,0,14,56,0,70,110,0,110,180
10/18/2020,ITH,NY,AEA,EN,Federal Contract Tower,0,6,5,0,11,0,0,34,0,34,0,6,39,0,45,30,0,30,75
10/19/2020,ITH,NY,AEA,EN,Federal Contract Tower,0,4,6,0,10,0,0,3,0,3,0,4,9,0,13,4,0,4,17
10/20/2020,ITH,NY,AEA,EN,Federal Contract Tower,0,4,4,0,8,0,0,0,0,0,0,4,4,0,8,0,0,0,8
10/21/2020,ITH,NY,AEA,EN,Federal Contract Tower,0,4,7,2,13,0,0,8,0,8,0,4,15,2,21,12,0,12,33
10/22/2020,ITH,NY,AEA,EN,Federal Contract Tower,0,4,6,0,10,0,0,6,0,6,0,4,12,0,16,26,0,26,42
10/23/2020,ITH,NY,AEA,EN,Federal Contract Tower,0,4,5,0,9,0,0,23,0,23,0,4,28,0,32,100,0,100,132
10/24/2020,ITH,NY,AEA,EN,Federal Contract Tower,0,5,6,0,11,0,0,0,0,0,0,5,6,0,11,0,0,0,11
10/25/2020,ITH,NY,AEA,EN,Federal Contract Tower,0,5,12,0,17,0,0,41,0,41,0,5,53,0,58,140,0,140,198
10/26/2020,ITH,NY,AEA,EN,Federal Contract Tower,0,6,4,0,10,0,0,0,0,0,0,6,4,0,10,0,0,0,10
10/27/2020,ITH,NY,AEA,EN,Federal Contract Tower,0,5,1,0,6,0,0,6,2,8,0,5,7,2,14,52,20,72,86
10/28/2020,ITH,NY,AEA,EN,Federal Contract Tower,0,6,3,0,9,0,0,4,0,4,0,6,7,0,13,20,0,20,33
10/29/2020,ITH,NY,AEA,EN,Federal Contract Tower,0,7,3,0,10,0,0,1,0,1,0,7,4,0,11,0,0,0,11
10/30/2020,ITH,NY,AEA,EN,Federal Contract Tower,0,7,5,0,12,0,0,5,0,5,0,7,10,0,17,0,0,0,17
10/31/2020,ITH,NY,AEA,EN,Federal Contract Tower,0,6,7,0,13,0,0,58,0,58,0,6,65,0,71,128,0,128,199
11/01/2020,ITH,NY,AEA,EN,Federal Contract Tower,0,6,2,0,8,0,0,0,0,0,0,6,2,0,8,0,0,0,8
11/02/2020,ITH,NY,AEA,EN,Federal Contract Tower,0,6,4,0,10,0,0,0,0,0,0,6,4,0,10,0,0,0,10
11/03/2020,ITH,NY,AEA,EN,Federal Contract Tower,0,4,4,0,8,0,0,15,3,18,0,4,19,3,26,14,0,14,40
11/04/2020,ITH,NY,AEA,EN,Federal Contract Tower,0,8,4,0,12,0,0,33,6,39,0,8,37,6,51,112,0,112,163
11/05/2020,ITH,NY,AEA,EN,Federal Contract Tower,0,6,4,0,10,0,0,27,2,29,0,6,31,2,39,62,20,82,121
11/06/2020,ITH,NY,AEA,EN,Federal Contract Tower,0,10,9,0,19,0,0,38,0,38,0,10,47,0,57,112,0,112,169
11/07/2020,ITH,NY,AEA,EN,Federal Contract Tower,0,7,6,0,13,0,0,64,0,64,0,7,70,0,77,140,0,140,217
11/08/2020,ITH,NY,AEA,EN,Federal Contract Tower,0,10,8,0,18,0,0,49,0,49,0,10,57,0,67,110,0,110,177
11/09/2020,ITH,NY,AEA,EN,Federal Contract Tower,0,10,3,0,13,0,0,46,0,46,0,10,49,0,59,136,0,136,195
11/10/2020,ITH,NY,AEA,EN,Federal Contract Tower,0,12,2,0,14,0,0,34,0,34,0,12,36,0,48,80,0,80,128
11/11/2020,ITH,NY,AEA,EN,Federal Contract Tower,0,7,4,0,11,0,0,0,0,0,0,7,4,0,11,0,0,0,11
11/12/2020,ITH,NY,AEA,EN,Federal Contract Tower,0,6,3,0,9,0,0,15,0,15,0,6,18,0,24,108,0,108,132
11/13/2020,ITH,NY,AEA,EN,Federal Contract Tower,0,9,4,0,13,0,0,35,0,35,0,9,39,0,48,126,0,126,174
11/14/2020,ITH,NY,AEA,EN,Federal Contract Tower,0,6,6,0,12,0,0,52,0,52,0,6,58,0,64,108,0,108,172
11/15/2020,ITH,NY,AEA,EN,Federal Contract Tower,0,7,2,0,9,0,0,1,0,1,0,7,3,0,10,0,0,0,10
11/16/2020,ITH,NY,AEA,EN,Federal Contract Tower,0,6,3,0,9,0,0,4,0,4,0,6,7,0,13,0,0,0,13
11/17/2020,ITH,NY,AEA,EN,Federal Contract Tower,0,8,1,0,9,0,0,1,0,1,0,8,2,0,10,0,0,0,10
11/18/2020,ITH,NY,AEA,EN,Federal Contract Tower,0,8,9,0,17,0,0,0,0,0,0,8,9,0,17,0,0,0,17
11/19/2020,ITH,NY,AEA,EN,Federal Contract Tower,0,9,7,0,16,0,0,2,0,2,0,9,9,0,18,4,0,4,22
11/20/2020,ITH,NY,AEA,EN,Federal Contract Tower,0,8,6,0,14,0,0,39,0,39,0,8,45,0,53,76,0,76,129
11/21/2020,ITH,NY,AEA,EN,Federal Contract Tower,0,11,5,0,16,0,0,23,0,23,0,11,28,0,39,68,0,68,107
11/22/2020,ITH,NY,AEA,EN,Federal Contract Tower,0,10,5,0,15,0,0,3,0,3,0,10,8,0,18,20,0,20,38
11/23/2020,ITH,NY,AEA,EN,Federal Contract Tower,0,7,6,0,13,0,0,11,0,11,0,7,17,0,24,46,0,46,70
11/24/2020,ITH,NY,AEA,EN,Federal Contract Tower,0,12,4,0,16,0,0,20,0,20,0,12,24,0,36,106,0,106,142
11/25/2020,ITH,NY,AEA,EN,Federal Contract Tower,0,10,3,0,13,0,0,13,0,13,0,10,16,0,26,50,0,50,76
11/26/2020,ITH,NY,AEA,EN,Federal Contract Tower,0,7,4,0,11,0,0,2,0,2,0,7,6,0,13,0,0,0,13
11/27/2020,ITH,NY,AEA,EN,Federal Contract Tower,0,9,5,0,14,0,0,27,0,27,0,9,32,0,41,60,0,60,101
11/28/2020,ITH,NY,AEA,EN,Federal Contract Tower,0,8,8,0,16,0,0,30,0,30,0,8,38,0,46,40,0,40,86
11/29/2020,ITH,NY,AEA,EN,Federal Contract Tower,0,7,10,0,17,0,0,54,0,54,0,7,64,0,71,140,0,140,211
11/30/2020,ITH,NY,AEA,EN,Federal Contract Tower,0,8,4,0,12,0,0,0,0,0,0,8,4,0,12,0,0,0,12
12/01/2020,ITH,NY,AEA,EN,Federal Contract Tower,0,13,2,0,15,0,0,0,0,0,0,13,2,0,15,0,0,0,15
12/02/2020,ITH,NY,AEA,EN,Federal Contract Tower,0,6,0,0,6,0,0,2,0,2,0,6,2,0,8,0,0,0,8
12/03/2020,ITH,NY,AEA,EN,Federal Contract Tower,0,7,1,0,8,0,0,25,0,25,0,7,26,0,33,92,0,92,125
12/04/2020,ITH,NY,AEA,EN,Federal Contract Tower,0,4,6,0,10,0,0,9,0,9,0,4,15,0,19,50,0,50,69
12/05/2020,ITH,NY,AEA,EN,Federal Contract Tower,0,4,0,0,4,0,0,0,0,0,0,4,0,0,4,0,0,0,4
12/06/2020,ITH,NY,AEA,EN,Federal Contract Tower,0,4,3,0,7,0,0,0,0,0,0,4,3,0,7,0,0,0,7
12/07/2020,ITH,NY,AEA,EN,Federal Contract Tower,0,4,2,0,6,0,0,6,0,6,0,4,8,0,12,32,0,32,44
12/08/2020,ITH,NY,AEA,EN,Federal Contract Tower,0,4,5,0,9,0,0,25,0,25,0,4,30,0,34,42,0,42,76
12/09/2020,ITH,NY,AEA,EN,Federal Contract Tower,0,4,0,0,4,0,0,0,0,0,0,4,0,0,4,0,0,0,4
12/10/2020,ITH,NY,AEA,EN,Federal Contract Tower,0,6,7,0,13,0,0,12,0,12,0,6,19,0,25,30,0,30,55
12/11/2020,ITH,NY,AEA,EN,Federal Contract Tower,0,8,3,0,11,0,0,44,0,44,0,8,47,0,55,94,0,94,149
12/12/2020,ITH,NY,AEA,EN,Federal Contract Tower,0,8,9,0,17,0,0,35,0,35,0,8,44,0,52,2,0,2,54
12/13/2020,ITH,NY,AEA,EN,Federal Contract Tower,0,4,5,0,9,0,0,0,0,0,0,4,5,0,9,0,0,0,9
12/14/2020,ITH,NY,AEA,EN,Federal Contract Tower,0,4,2,0,6,0,0,0,0,0,0,4,2,0,6,0,0,0,6
12/15/2020,ITH,NY,AEA,EN,Federal Contract Tower,0,10,0,0,10,0,0,0,3,3,0,10,0,3,13,0,20,20,33
12/16/2020,ITH,NY,AEA,EN,Federal Contract Tower,0,7,4,0,11,0,0,8,0,8,0,7,12,0,19,4,0,4,23
12/17/2020,ITH,NY,AEA,EN,Federal Contract Tower,0,5,2,0,7,0,0,0,0,0,0,5,2,0,7,0,0,0,7
12/18/2020,ITH,NY,AEA,EN,Federal Contract Tower,0,7,0,0,7,0,0,6,0,6,0,7,6,0,13,20,0,20,33
12/19/2020,ITH,NY,AEA,EN,Federal Contract Tower,0,5,10,0,15,0,0,23,0,23,0,5,33,0,38,64,0,64,102
12/20/2020,ITH,NY,AEA,EN,Federal Contract Tower,0,4,0,0,4,0,0,2,0,2,0,4,2,0,6,8,0,8,14
12/21/2020,ITH,NY,AEA,EN,Federal Contract Tower,0,6,7,0,13,0,0,5,0,5,0,6,12,0,18,20,0,20,38
12/22/2020,ITH,NY,AEA,EN,Federal Contract Tower,0,11,7,0,18,0,0,2,0,2,0,11,9,0,20,10,0,10,30
12/23/2020,ITH,NY,AEA,EN,Federal Contract Tower,0,6,8,0,14,0,0,28,0,28,0,6,36,0,42,108,0,108,150
12/24/2020,ITH,NY,AEA,EN,Federal Contract Tower,0,4,3,0,7,0,0,0,0,0,0,4,3,0,7,0,0,0,7
12/25/2020,ITH,NY,AEA,EN,Federal Contract Tower,0,4,0,0,4,0,0,2,0,2,0,4,2,0,6,20,0,20,26
12/26/2020,ITH,NY,AEA,EN,Federal Contract Tower,0,4,4,0,8,0,0,7,0,7,0,4,11,0,15,58,0,58,73
12/27/2020,ITH,NY,AEA,EN,Federal Contract Tower,0,4,7,0,11,0,0,15,0,15,0,4,22,0,26,66,0,66,92
12/28/2020,ITH,NY,AEA,EN,Federal Contract Tower,0,4,8,1,13,0,0,6,1,7,0,4,14,2,20,42,0,42,62
12/29/2020,ITH,NY,AEA,EN,Federal Contract Tower,0,4,6,0,10,0,0,6,0,6,0,4,12,0,16,18,0,18,34
12/30/2020,ITH,NY,AEA,EN,Federal Contract Tower,0,4,2,0,6,0,0,10,0,10,0,4,12,0,16,10,0,10,26
12/31/2020,ITH,NY,AEA,EN,Federal Contract Tower,0,6,3,0,9,0,0,11,0,11,0,6,14,0,20,16,0,16,36
01/01/2021,ITH,NY,AEA,EN,Federal Contract Tower,0,4,2,0,6,0,0,25,0,25,0,4,27,0,31,112,0,112,143
01/02/2021,ITH,NY,AEA,EN,Federal Contract Tower,0,4,4,0,8,0,0,0,0,0,0,4,4,0,8,0,0,0,8
01/03/2021,ITH,NY,AEA,EN,Federal Contract Tower,0,6,6,0,12,0,0,0,0,0,0,6,6,0,12,0,0,0,12
01/04/2021,ITH,NY,AEA,EN,Federal Contract Tower,0,4,3,0,7,0,0,0,0,0,0,4,3,0,7,0,0,0,7
01/05/2021,ITH,NY,AEA,EN,Federal Contract Tower,0,4,2,0,6,0,0,0,0,0,0,4,2,0,6,0,0,0,6
01/06/2021,ITH,NY,AEA,EN,Federal Contract Tower,0,4,3,0,7,0,0,0,0,0,0,4,3,0,7,0,0,0,7
01/07/2021,ITH,NY,AEA,EN,Federal Contract Tower,0,4,2,0,6,0,0,0,0,0,0,4,2,0,6,0,0,0,6
01/08/2021,ITH,NY,AEA,EN,Federal Contract Tower,0,4,3,0,7,0,0,0,0,0,0,4,3,0,7,0,0,0,7
01/09/2021,ITH,NY,AEA,EN,Federal Contract Tower,0,6,13,0,19,0,0,38,0,38,0,6,51,0,57,102,0,102,159
01/10/2021,ITH,NY,AEA,EN,Federal Contract Tower,0,8,0,0,8,0,0,10,0,10,0,8,10,0,18,26,0,26,44
01/11/2021,ITH,NY,AEA,EN,Federal Contract Tower,0,6,1,0,7,0,0,26,0,26,0,6,27,0,33,100,0,100,133
01/12/2021,ITH,NY,AEA,EN,Federal Contract Tower,0,4,2,0,6,0,0,8,0,8,0,4,10,0,14,24,0,24,38
01/13/2021,ITH,NY,AEA,EN,Federal Contract Tower,0,4,4,0,8,0,0,12,0,12,0,4,16,0,20,36,0,36,56
01/14/2021,ITH,NY,AEA,EN,Federal Contract Tower,0,4,3,0,7,0,0,0,0,0,0,4,3,0,7,0,0,0,7
01/15/2021,ITH,NY,AEA,EN,Federal Contract Tower,0,4,2,0,6,0,0,15,0,15,0,4,17,0,21,10,0,10,31
01/16/2021,ITH,NY,AEA,EN,Federal Contract Tower,0,4,3,0,7,0,0,14,0,14,0,4,17,0,21,0,0,0,21
01/17/2021,ITH,NY,AEA,EN,Federal Contract Tower,0,4,1,0,5,0,0,2,0,2,0,4,3,0,7,14,0,14,21
01/18/2021,ITH,NY,AEA,EN,Federal Contract Tower,0,5,4,0,9,0,0,2,0,2,0,5,6,0,11,0,0,0,11
01/19/2021,ITH,NY,AEA,EN,Federal Contract Tower,0,4,3,0,7,0,0,0,0,0,0,4,3,0,7,0,0,0,7
01/20/2021,ITH,NY,AEA,EN,Federal Contract Tower,0,9,1,0,10,0,0,1,0,1,0,9,2,0,11,0,0,0,11
01/21/2021,ITH,NY,AEA,EN,Federal Contract Tower,0,4,1,0,5,0,0,7,0,7,0,4,8,0,12,6,0,6,18
01/22/2021,ITH,NY,AEA,EN,Federal Contract Tower,0,5,0,0,5,0,0,3,0,3,0,5,3,0,8,10,0,10,18
01/23/2021,ITH,NY,AEA,EN,Federal Contract Tower,0,6,1,0,7,0,0,0,0,0,0,6,1,0,7,0,0,0,7
01/24/2021,ITH,NY,AEA,EN,Federal Contract Tower,0,7,6,0,13,0,0,32,0,32,0,7,38,0,45,68,0,68,113
01/25/2021,ITH,NY,AEA,EN,Federal Contract Tower,0,6,11,0,17,0,0,37,0,37,0,6,48,0,54,130,0,130,184
01/26/2021,ITH,NY,AEA,EN,Federal Contract Tower,0,7,0,0,7,0,0,0,0,0,0,7,0,0,7,0,0,0,7
01/27/2021,ITH,NY,AEA,EN,Federal Contract Tower,0,5,3,0,8,0,0,0,0,0,0,5,3,0,8,0,0,0,8
01/28/2021,ITH,NY,AEA,EN,Federal Contract Tower,0,4,4,1,9,0,0,0,1,1,0,4,4,2,10,0,0,0,10
01/29/2021,ITH,NY,AEA,EN,Federal Contract Tower,0,6,0,0,6,0,0,0,0,0,0,6,0,0,6,0,0,0,6
01/30/2021,ITH,NY,AEA,EN,Federal Contract Tower,0,4,8,0,12,0,0,14,0,14,0,4,22,0,26,34,0,34,60
01/31/2021,ITH,NY,AEA,EN,Federal Contract Tower,0,3,4,0,7,0,0,21,0,21,0,3,25,0,28,76,0,76,104
02/01/2021,ITH,NY,AEA,EN,Federal Contract Tower,0,2,2,0,4,0,0,0,0,0,0,2,2,0,4,0,0,0,4
02/02/2021,ITH,NY,AEA,EN,Federal Contract Tower,0,5,1,0,6,0,0,0,0,0,0,5,1,0,6,0,0,0,6
02/03/2021,ITH,NY,AEA,EN,Federal Contract Tower,0,6,5,0,11,0,0,1,0,1,0,6,6,0,12,0,0,0,12
02/04/2021,ITH,NY,AEA,EN,Federal Contract Tower,0,4,17,0,21,0,0,32,0,32,0,4,49,0,53,70,0,70,123
02/05/2021,ITH,NY,AEA,EN,Federal Contract Tower,0,4,2,0,6,0,0,2,0,2,0,4,4,0,8,14,0,14,22
02/06/2021,ITH,NY,AEA,EN,Federal Contract Tower,0,7,6,0,13,0,0,20,0,20,0,7,26,0,33,12,0,12,45
02/07/2021,ITH,NY,AEA,EN,Federal Contract Tower,0,4,3,0,7,0,0,2,0,2,0,4,5,0,9,0,0,0,9
02/08/2021,ITH,NY,AEA,EN,Federal Contract Tower,0,4,4,0,8,0,0,29,0,29,0,4,33,0,37,132,0,132,169
02/09/2021,ITH,NY,AEA,EN,Federal Contract Tower,0,4,1,0,5,0,0,0,0,0,0,4,1,0,5,0,0,0,5
02/10/2021,ITH,NY,AEA,EN,Federal Contract Tower,0,6,2,0,8,0,0,27,0,27,0,6,29,0,35,66,0,66,101
02/11/2021,ITH,NY,AEA,EN,Federal Contract Tower,0,4,5,0,9,0,0,1,0,1,0,4,6,0,10,0,0,0,10
02/12/2021,ITH,NY,AEA,EN,Federal Contract Tower,0,6,10,0,16,0,0,29,0,29,0,6,39,0,45,114,0,114,159
02/13/2021,ITH,NY,AEA,EN,Federal Contract Tower,0,4,2,0,6,0,0,30,0,30,0,4,32,0,36,62,0,62,98
02/14/2021,ITH,NY,AEA,EN,Federal Contract Tower,0,4,4,0,8,0,0,14,0,14,0,4,18,0,22,18,0,18,40
02/15/2021,ITH,NY,AEA,EN,Federal Contract Tower,0,2,3,0,5,0,0,2,0,2,0,2,5,0,7,18,0,18,25
02/16/2021,ITH,NY,AEA,EN,Federal Contract Tower,0,3,3,0,6,0,0,0,0,0,0,3,3,0,6,0,0,0,6
02/17/2021,ITH,NY,AEA,EN,Federal Contract Tower,0,8,9,0,17,0,6,22,0,28,0,14,31,0,45,76,0,76,121
02/18/2021,ITH,NY,AEA,EN,Federal Contract Tower,0,4,1,0,5,0,0,2,0,2,0,4,3,0,7,0,0,0,7
02/19/2021,ITH,NY,AEA,EN,Federal Contract Tower,0,5,6,0,11,0,0,0,0,0,0,5,6,0,11,0,0,0,11
02/20/2021,ITH,NY,AEA,EN,Federal Contract Tower,0,6,2,0,8,0,0,0,0,0,0,6,2,0,8,0,0,0,8
02/21/2021,ITH,NY,AEA,EN,Federal Contract Tower,0,4,7,0,11,0,0,34,0,34,0,4,41,0,45,92,0,92,137
02/22/2021,ITH,NY,AEA,EN,Federal Contract Tower,0,4,1,0,5,0,0,0,0,0,0,4,1,0,5,0,0,0,5
02/24/2021,ITH,NY,AEA,EN,Federal Contract Tower,0,4,3,0,7,0,0,8,0,8,0,4,11,0,15,24,0,24,39
02/25/2021,ITH,NY,AEA,EN,Federal Contract Tower,0,4,11,0,15,0,0,10,0,10,0,4,21,0,25,42,0,42,67
02/26/2021,ITH,NY,AEA,EN,Federal Contract Tower,0,4,1,0,5,0,0,51,0,51,0,4,52,0,56,114,0,114,170
02/27/2021,ITH,NY,AEA,EN,Federal Contract Tower,0,9,1,0,10,0,0,0,0,0,0,9,1,0,10,0,0,0,10
02/28/2021,ITH,NY,AEA,EN,Federal Contract Tower,0,4,7,0,11,0,0,6,0,6,0,4,13,0,17,20,0,20,37
03/01/2021,ITH,NY,AEA,EN,Federal Contract Tower,0,4,4,0,8,0,0,0,0,0,0,4,4,0,8,0,0,0,8
03/02/2021,ITH,NY,AEA,EN,Federal Contract Tower,0,6,2,0,8,0,0,11,8,19,0,6,13,8,27,50,0,50,77
03/03/2021,ITH,NY,AEA,EN,Federal Contract Tower,0,8,2,0,10,0,0,21,0,21,0,8,23,0,31,32,0,32,63
03/04/2021,ITH,NY,AEA,EN,Federal Contract Tower,0,5,4,0,9,0,0,1,0,1,0,5,5,0,10,0,0,0,10
03/05/2021,ITH,NY,AEA,EN,Federal Contract Tower,0,4,2,0,6,0,0,1,0,1,0,4,3,0,7,0,0,0,7
03/06/2021,ITH,NY,AEA,EN,Federal Contract Tower,0,4,3,0,7,0,0,0,0,0,0,4,3,0,7,0,0,0,7
03/07/2021,ITH,NY,AEA,EN,Federal Contract Tower,0,7,18,0,25,0,8,42,0,50,0,15,60,0,75,92,0,92,167
03/08/2021,ITH,NY,AEA,EN,Federal Contract Tower,0,3,5,0,8,0,0,32,0,32,0,3,37,0,40,130,0,130,170
03/09/2021,ITH,NY,AEA,EN,Federal Contract Tower,0,5,4,0,9,0,0,34,0,34,0,5,38,0,43,88,0,88,131
03/10/2021,ITH,NY,AEA,EN,Federal Contract Tower,0,4,1,0,5,0,0,43,0,43,0,4,44,0,48,92,0,92,140
03/11/2021,ITH,NY,AEA,EN,Federal Contract Tower,0,6,3,0,9,0,0,17,0,17,0,6,20,0,26,30,0,30,56
03/12/2021,ITH,NY,AEA,EN,Federal Contract Tower,0,4,4,0,8,0,0,18,0,18,0,4,22,0,26,46,0,46,72
03/13/2021,ITH,NY,AEA,EN,Federal Contract Tower,0,4,5,0,9,0,0,41,0,41,0,4,46,0,50,78,0,78,128
03/14/2021,ITH,NY,AEA,EN,Federal Contract Tower,0,4,4,0,8,0,0,0,0,0,0,4,4,0,8,0,0,0,8
03/15/2021,ITH,NY,AEA,EN,Federal Contract Tower,0,7,4,0,11,0,9,35,0,44,0,16,39,0,55,146,0,146,201
03/16/2021,ITH,NY,AEA,EN,Federal Contract Tower,0,4,2,0,6,0,0,16,0,16,0,4,18,0,22,28,0,28,50
03/17/2021,ITH,NY,AEA,EN,Federal Contract Tower,0,6,3,1,10,0,0,21,2,23,0,6,24,3,33,98,0,98,131
03/18/2021,ITH,NY,AEA,EN,Federal Contract Tower,0,4,5,0,9,0,0,0,0,0,0,4,5,0,9,0,0,0,9
03/19/2021,ITH,NY,AEA,EN,Federal Contract Tower,0,6,3,0,9,0,0,14,0,14,0,6,17,0,23,20,0,20,43
03/20/2021,ITH,NY,AEA,EN,Federal Contract Tower,0,4,4,0,8,0,0,49,0,49,0,4,53,0,57,96,0,96,153
03/21/2021,ITH,NY,AEA,EN,Federal Contract Tower,0,6,4,0,10,0,0,63,0,63,0,6,67,0,73,118,0,118,191
03/22/2021,ITH,NY,AEA,EN,Federal Contract Tower,0,4,3,0,7,0,0,53,4,57,0,4,56,4,64,216,30,246,310
03/23/2021,ITH,NY,AEA,EN,Federal Contract Tower,0,4,2,0,6,0,0,44,0,44,0,4,46,0,50,122,0,122,172
03/24/2021,ITH,NY,AEA,EN,Federal Contract Tower,0,8,4,0,12,0,0,0,0,0,0,8,4,0,12,0,0,0,12
03/25/2021,ITH,NY,AEA,EN,Federal Contract Tower,0,7,11,0,18,0,0,16,0,16,0,7,27,0,34,18,0,18,52
03/26/2021,ITH,NY,AEA,EN,Federal Contract Tower,0,7,10,0,17,0,0,0,0,0,0,7,10,0,17,2,0,2,19
03/27/2021,ITH,NY,AEA,EN,Federal Contract Tower,0,4,8,0,12,0,0,15,0,15,0,4,23,0,27,30,0,30,57
03/28/2021,ITH,NY,AEA,EN,Federal Contract Tower,0,6,5,0,11,0,0,0,0,0,0,6,5,0,11,0,0,0,11
03/29/2021,ITH,NY,AEA,EN,Federal Contract Tower,0,6,4,0,10,0,0,21,12,33,0,6,25,12,43,0,0,0,43
03/30/2021,ITH,NY,AEA,EN,Federal Contract Tower,0,7,7,0,14,0,0,29,0,29,0,7,36,0,43,22,0,22,65
03/31/2021,ITH,NY,AEA,EN,Federal Contract Tower,0,3,6,0,9,0,0,0,0,0,0,3,6,0,9,0,0,0,9
04/01/2021,ITH,NY,AEA,EN,Federal Contract Tower,0,5,2,0,7,0,0,0,0,0,0,5,2,0,7,0,0,0,7
04/02/2021,ITH,NY,AEA,EN,Federal Contract Tower,0,7,6,0,13,0,1,3,0,4,0,8,9,0,17,8,0,8,25
04/03/2021,ITH,NY,AEA,EN,Federal Contract Tower,0,5,5,0,10,0,0,57,0,57,0,5,62,0,67,132,0,132,199
04/04/2021,ITH,NY,AEA,EN,Federal Contract Tower,0,11,8,0,19,0,0,40,0,40,0,11,48,0,59,60,0,60,119
04/05/2021,ITH,NY,AEA,EN,Federal Contract Tower,0,10,6,0,16,0,0,41,0,41,0,10,47,0,57,94,0,94,151
04/06/2021,ITH,NY,AEA,EN,Federal Contract Tower,0,6,6,1,13,0,0,56,0,56,0,6,62,1,69,84,0,84,153
04/07/2021,ITH,NY,AEA,EN,Federal Contract Tower,0,5,3,0,8,0,0,50,0,50,0,5,53,0,58,82,0,82,140
04/08/2021,ITH,NY,AEA,EN,Federal Contract Tower,0,6,6,0,12,0,0,42,0,42,0,6,48,0,54,132,0,132,186
04/09/2021,ITH,NY,AEA,EN,Federal Contract Tower,0,6,0,0,6,0,0,19,0,19,0,6,19,0,25,34,0,34,59
04/10/2021,ITH,NY,AEA,EN,Federal Contract Tower,0,5,6,0,11,0,0,26,0,26,0,5,32,0,37,58,0,58,95
04/11/2021,ITH,NY,AEA,EN,Federal Contract Tower,0,7,1,0,8,0,0,0,0,0,0,7,1,0,8,0,0,0,8
04/12/2021,ITH,NY,AEA,EN,Federal Contract Tower,0,6,4,0,10,0,0,4,0,4,0,6,8,0,14,0,0,0,14
04/13/2021,ITH,NY,AEA,EN,Federal Contract Tower,0,7,4,0,11,0,0,42,0,42,0,7,46,0,53,74,0,74,127
04/14/2021,ITH,NY,AEA,EN,Federal Contract Tower,0,8,8,0,16,0,0,61,0,61,0,8,69,0,77,152,0,152,229
04/15/2021,ITH,NY,AEA,EN,Federal Contract Tower,0,8,3,2,13,0,0,2,0,2,0,8,5,2,15,0,0,0,15
04/16/2021,ITH,NY,AEA,EN,Federal Contract Tower,0,8,5,0,13,0,0,0,0,0,0,8,5,0,13,0,0,0,13
04/17/2021,ITH,NY,AEA,EN,Federal Contract Tower,0,11,6,0,17,0,0,16,0,16,0,11,22,0,33,82,0,82,115
04/18/2021,ITH,NY,AEA,EN,Federal Contract Tower,0,9,8,0,17,0,5,45,0,50,0,14,53,0,67,78,0,78,145
04/19/2021,ITH,NY,AEA,EN,Federal Contract Tower,0,9,15,0,24,0,0,41,0,41,0,9,56,0,65,104,0,104,169
04/20/2021,ITH,NY,AEA,EN,Federal Contract Tower,0,5,3,0,8,0,0,18,0,18,0,5,21,0,26,48,0,48,74
04/21/2021,ITH,NY,AEA,EN,Federal Contract Tower,0,8,2,0,10,0,0,0,0,0,0,8,2,0,10,0,0,0,10
04/22/2021,ITH,NY,AEA,EN,Federal Contract Tower,0,10,3,0,13,0,0,0,0,0,0,10,3,0,13,0,0,0,13
04/23/2021,ITH,NY,AEA,EN,Federal Contract Tower,0,6,5,0,11,0,0,32,0,32,0,6,37,0,43,24,0,24,67
04/24/2021,ITH,NY,AEA,EN,Federal Contract Tower,0,8,10,0,18,0,0,55,0,55,0,8,65,0,73,116,0,116,189
04/25/2021,ITH,NY,AEA,EN,Federal Contract Tower,0,6,2,0,8,0,0,22,0,22,0,6,24,0,30,102,0,102,132
04/26/2021,ITH,NY,AEA,EN,Federal Contract Tower,0,10,11,0,21,0,0,20,0,20,0,10,31,0,41,92,0,92,133
04/27/2021,ITH,NY,AEA,EN,Federal Contract Tower,0,6,1,0,7,0,0,40,2,42,0,6,41,2,49,156,12,168,217
04/28/2021,ITH,NY,AEA,EN,Federal Contract Tower,0,6,6,0,12,0,0,23,0,23,0,6,29,0,35,48,0,48,83
04/29/2021,ITH,NY,AEA,EN,Federal Contract Tower,0,6,6,0,12,0,0,0,0,0,0,6,6,0,12,0,0,0,12
04/30/2021,ITH,NY,AEA,EN,Federal Contract Tower,0,10,5,0,15,0,0,1,0,1,0,10,6,0,16,0,0,0,16
05/01/2021,ITH,NY,AEA,EN,Federal Contract Tower,0,13,6,0,19,0,0,34,0,34,0,13,40,0,53,88,0,88,141
05/02/2021,ITH,NY,AEA,EN,Federal Contract Tower,0,8,8,0,16,0,0,34,0,34,0,8,42,0,50,106,0,106,156
05/03/2021,ITH,NY,AEA,EN,Federal Contract Tower,0,7,6,0,13,0,0,18,0,18,0,7,24,0,31,28,0,28,59
05/04/2021,ITH,NY,AEA,EN,Federal Contract Tower,0,12,5,0,17,0,0,6,0,6,0,12,11,0,23,0,0,0,23
05/05/2021,ITH,NY,AEA,EN,Federal Contract Tower,0,10,11,0,21,0,0,0,0,0,0,10,11,0,21,0,0,0,21
05/06/2021,ITH,NY,AEA,EN,Federal Contract Tower,0,8,12,0,20,0,0,38,0,38,0,8,50,0,58,66,0,66,124
05/07/2021,ITH,NY,AEA,EN,Federal Contract Tower,0,9,5,0,14,0,0,24,0,24,0,9,29,0,38,10,0,10,48
05/08/2021,ITH,NY,AEA,EN,Federal Contract Tower,0,8,3,0,11,0,0,0,0,0,0,8,3,0,11,0,0,0,11
05/09/2021,ITH,NY,AEA,EN,Federal Contract Tower,0,12,3,0,15,0,1,22,0,23,0,13,25,0,38,46,0,46,84
05/10/2021,ITH,NY,AEA,EN,Federal Contract Tower,0,7,9,0,16,0,0,26,4,30,0,7,35,4,46,34,20,54,100
05/11/2021,ITH,NY,AEA,EN,Federal Contract Tower,0,10,5,0,15,0,0,38,0,38,0,10,43,0,53,82,0,82,135
05/12/2021,ITH,NY,AEA,EN,Federal Contract Tower,0,7,1,0,8,0,0,31,6,37,0,7,32,6,45,70,0,70,115
05/13/2021,ITH,NY,AEA,EN,Federal Contract Tower,0,7,4,0,11,0,2,56,0,58,0,9,60,0,69,82,0,82,151
05/14/2021,ITH,NY,AEA,EN,Federal Contract Tower,0,6,1,0,7,0,0,46,0,46,0,6,47,0,53,96,0,96,149
05/15/2021,ITH,NY,AEA,EN,Federal Contract Tower,0,8,3,0,11,0,0,48,0,48,0,8,51,0,59,140,0,140,199
05/16/2021,ITH,NY,AEA,EN,Federal Contract Tower,0,9,4,0,13,0,0,32,0,32,0,9,36,0,45,60,0,60,105
05/17/2021,ITH,NY,AEA,EN,Federal Contract Tower,0,9,0,0,9,0,2,47,0,49,0,11,47,0,58,34,0,34,92
05/18/2021,ITH,NY,AEA,EN,Federal Contract Tower,0,8,11,0,19,0,0,34,0,34,0,8,45,0,53,136,0,136,189
05/19/2021,ITH,NY,AEA,EN,Federal Contract Tower,0,10,2,0,12,0,0,47,0,47,0,10,49,0,59,128,0,128,187
05/20/2021,ITH,NY,AEA,EN,Federal Contract Tower,0,9,6,0,15,0,0,44,0,44,0,9,50,0,59,52,0,52,111
05/21/2021,ITH,NY,AEA,EN,Federal Contract Tower,0,7,6,0,13,0,0,51,0,51,0,7,57,0,64,68,0,68,132
05/22/2021,ITH,NY,AEA,EN,Federal Contract Tower,0,10,12,0,22,0,0,27,0,27,0,10,39,0,49,58,0,58,107
05/23/2021,ITH,NY,AEA,EN,Federal Contract Tower,0,9,8,0,17,0,0,4,0,4,0,9,12,0,21,2,0,2,23
05/24/2021,ITH,NY,AEA,EN,Federal Contract Tower,0,7,2,0,9,0,2,41,4,47,0,9,43,4,56,94,0,94,150
05/25/2021,ITH,NY,AEA,EN,Federal Contract Tower,0,10,6,0,16,0,0,25,0,25,0,10,31,0,41,72,0,72,113
05/26/2021,ITH,NY,AEA,EN,Federal Contract Tower,0,10,13,0,23,0,0,9,0,9,0,10,22,0,32,40,0,40,72
05/27/2021,ITH,NY,AEA,EN,Federal Contract Tower,0,8,15,0,23,0,0,34,0,34,0,8,49,0,57,54,0,54,111
05/28/2021,ITH,NY,AEA,EN,Federal Contract Tower,0,9,8,0,17,0,0,4,0,4,0,9,12,0,21,22,0,22,43
05/29/2021,ITH,NY,AEA,EN,Federal Contract Tower,0,14,9,0,23,0,0,4,0,4,0,14,13,0,27,0,0,0,27
05/30/2021,ITH,NY,AEA,EN,Federal Contract Tower,0,10,10,0,20,0,0,7,0,7,0,10,17,0,27,16,0,16,43
05/31/2021,ITH,NY,AEA,EN,Federal Contract Tower,0,10,11,0,21,0,0,50,0,50,0,10,61,0,71,102,0,102,173
06/01/2021,ITH,NY,AEA,EN,Federal Contract Tower,0,5,11,0,16,0,0,55,0,55,0,5,66,0,71,80,0,80,151
06/02/2021,ITH,NY,AEA,EN,Federal Contract Tower,0,8,7,0,15,0,0,20,0,20,0,8,27,0,35,10,0,10,45
06/03/2021,ITH,NY,AEA,EN,Federal Contract Tower,0,8,3,0,11,0,0,0,0,0,0,8,3,0,11,0,0,0,11
06/04/2021,ITH,NY,AEA,EN,Federal Contract Tower,0,12,3,2,17,0,0,27,0,27,0,12,30,2,44,54,0,54,98
06/05/2021,ITH,NY,AEA,EN,Federal Contract Tower,0,10,3,0,13,0,0,27,0,27,0,10,30,0,40,0,0,0,40
06/06/2021,ITH,NY,AEA,EN,Federal Contract Tower,0,10,2,0,12,0,0,42,0,42,0,10,44,0,54,48,0,48,102
06/07/2021,ITH,NY,AEA,EN,Federal Contract Tower,0,12,3,0,15,0,0,33,0,33,0,12,36,0,48,60,0,60,108
06/08/2021,ITH,NY,AEA,EN,Federal Contract Tower,0,14,4,0,18,0,0,5,0,5,0,14,9,0,23,32,0,32,55
06/09/2021,ITH,NY,AEA,EN,Federal Contract Tower,0,14,5,1,20,0,0,11,1,12,0,14,16,2,32,24,0,24,56
06/10/2021,ITH,NY,AEA,EN,Federal Contract Tower,0,15,2,1,18,0,0,49,0,49,0,15,51,1,67,104,12,116,183
06/11/2021,ITH,NY,AEA,EN,Federal Contract Tower,0,11,5,0,16,0,0,27,0,27,0,11,32,0,43,68,0,68,111
06/12/2021,ITH,NY,AEA,EN,Federal Contract Tower,0,8,11,0,19,0,0,16,0,16,0,8,27,0,35,46,0,46,81
06/13/2021,ITH,NY,AEA,EN,Federal Contract Tower,0,15,9,0,24,0,0,47,0,47,0,15,56,0,71,56,0,56,127
06/14/2021,ITH,NY,AEA,EN,Federal Contract Tower,0,10,11,0,21,0,0,12,0,12,0,10,23,0,33,0,0,0,33
06/15/2021,ITH,NY,AEA,EN,Federal Contract Tower,0,13,5,0,18,0,0,11,2,13,0,13,16,2,31,54,8,62,93
06/16/2021,ITH,NY,AEA,EN,Federal Contract Tower,0,12,11,0,23,0,0,41,0,41,0,12,52,0,64,78,0,78,142
06/17/2021,ITH,NY,AEA,EN,Federal Contract Tower,0,11,4,1,16,0,0,57,2,59,0,11,61,3,75,92,6,98,173
06/18/2021,ITH,NY,AEA,EN,Federal Contract Tower,0,16,4,0,20,0,0,46,0,46,0,16,50,0,66,128,0,128,194
06/19/2021,ITH,NY,AEA,EN,Federal Contract Tower,0,10,5,0,15,0,0,19,0,19,0,10,24,0,34,48,0,48,82
06/20/2021,ITH,NY,AEA,EN,Federal Contract Tower,0,14,5,0,19,0,0,47,0,47,0,14,52,0,66,12,0,12,78
06/21/2021,ITH,NY,AEA,EN,Federal Contract Tower,0,11,10,0,21,0,0,8,2,10,0,11,18,2,31,0,18,18,49
06/22/2021,ITH,NY,AEA,EN,Federal Contract Tower,0,14,6,0,20,0,0,14,0,14,0,14,20,0,34,84,0,84,118
06/23/2021,ITH,NY,AEA,EN,Federal Contract Tower,0,16,8,2,26,0,0,56,0,56,0,16,64,2,82,200,0,200,282
06/24/2021,ITH,NY,AEA,EN,Federal Contract Tower,0,14,15,0,29,0,0,37,2,39,0,14,52,2,68,84,12,96,164
06/25/2021,ITH,NY,AEA,EN,Federal Contract Tower,0,15,8,0,23,0,0,42,2,44,0,15,50,2,67,112,20,132,199
06/26/2021,ITH,NY,AEA,EN,Federal Contract Tower,0,9,9,0,18,0,0,9,0,9,0,9,18,0,27,0,0,0,27
06/27/2021,ITH,NY,AEA,EN,Federal Contract Tower,0,8,10,0,18,0,0,44,0,44,0,8,54,0,62,32,0,32,94
06/28/2021,ITH,NY,AEA,EN,Federal Contract Tower,0,12,8,0,20,0,0,26,0,26,0,12,34,0,46,50,0,50,96
06/29/2021,ITH,NY,AEA,EN,Federal Contract Tower,0,12,13,0,25,0,1,39,0,40,0,13,52,0,65,42,0,42,107
06/30/2021,ITH,NY,AEA,EN,Federal Contract Tower,0,14,2,0,16,0,1,10,0,11,0,15,12,0,27,32,0,32,59
07/01/2021,ITH,NY,AEA,EN,Federal Contract Tower,0,9,15,0,24,0,0,10,0,10,0,9,25,0,34,50,0,50,84
07/02/2021,ITH,NY,AEA,EN,Federal Contract Tower,0,9,2,0,11,0,0,2,0,2,0,9,4,0,13,0,0,0,13
07/03/2021,ITH,NY,AEA,EN,Federal Contract Tower,0,10,6,0,16,0,0,4,0,4,0,10,10,0,20,0,0,0,20
07/04/2021,ITH,NY,AEA,EN,Federal Contract Tower,0,10,11,0,21,0,2,38,0,40,0,12,49,0,61,42,0,42,103
07/05/2021,ITH,NY,AEA,EN,Federal Contract Tower,0,10,20,0,30,0,0,41,0,41,0,10,61,0,71,78,0,78,149
07/06/2021,ITH,NY,AEA,EN,Federal Contract Tower,0,13,5,0,18,0,0,12,0,12,0,13,17,0,30,10,0,10,40
07/07/2021,ITH,NY,AEA,EN,Federal Contract Tower,0,10,3,0,13,0,0,16,0,16,0,10,19,0,29,96,0,96,125
07/08/2021,ITH,NY,AEA,EN,Federal Contract Tower,0,12,4,0,16,0,0,14,0,14,0,12,18,0,30,46,0,46,76
07/09/2021,ITH,NY,AEA,EN,Federal Contract Tower,0,13,2,0,15,0,0,4,0,4,0,13,6,0,19,2,0,2,21
07/10/2021,ITH,NY,AEA,EN,Federal Contract Tower,0,8,9,0,17,0,0,28,0,28,0,8,37,0,45,90,0,90,135
07/11/2021,ITH,NY,AEA,EN,Federal Contract Tower,0,9,8,0,17,0,0,12,0,12,0,9,20,0,29,22,0,22,51
07/12/2021,ITH,NY,AEA,EN,Federal Contract Tower,0,14,4,0,18,0,0,4,0,4,0,14,8,0,22,0,0,0,22
07/13/2021,ITH,NY,AEA,EN,Federal Contract Tower,0,11,5,0,16,0,0,7,0,7,0,11,12,0,23,14,0,14,37
07/14/2021,ITH,NY,AEA,EN,Federal Contract Tower,0,16,6,0,22,0,0,11,0,11,0,16,17,0,33,0,0,0,33
07/15/2021,ITH,NY,AEA,EN,Federal Contract Tower,0,16,13,0,29,0,0,46,2,48,0,16,59,2,77,78,10,88,165
07/16/2021,ITH,NY,AEA,EN,Federal Contract Tower,0,14,9,0,23,0,0,29,0,29,0,14,38,0,52,86,0,86,138
07/17/2021,ITH,NY,AEA,EN,Federal Contract Tower,0,6,3,0,9,0,0,0,0,0,0,6,3,0,9,0,0,0,9
07/18/2021,ITH,NY,AEA,EN,Federal Contract Tower,0,21,15,0,36,0,0,13,0,13,0,21,28,0,49,0,0,0,49
07/19/2021,ITH,NY,AEA,EN,Federal Contract Tower,0,15,14,0,29,0,0,35,0,35,0,15,49,0,64,126,0,126,190
07/20/2021,ITH,NY,AEA,EN,Federal Contract Tower,0,18,3,0,21,0,0,14,0,14,0,18,17,0,35,68,0,68,103
07/21/2021,ITH,NY,AEA,EN,Federal Contract Tower,0,13,13,0,26,0,0,18,0,18,0,13,31,0,44,76,0,76,120
07/22/2021,ITH,NY,AEA,EN,Federal Contract Tower,0,13,4,1,18,0,0,39,0,39,0,13,43,1,57,128,0,128,185
07/23/2021,ITH,NY,AEA,EN,Federal Contract Tower,0,14,9,0,23,0,0,57,0,57,0,14,66,0,80,130,0,130,210
07/24/2021,ITH,NY,AEA,EN,Federal Contract Tower,0,17,9,0,26,0,0,48,0,48,0,17,57,0,74,82,0,82,156
07/25/2021,ITH,NY,AEA,EN,Federal Contract Tower,0,21,8,0,29,0,0,35,0,35,0,21,43,0,64,46,0,46,110
07/26/2021,ITH,NY,AEA,EN,Federal Contract Tower,0,14,3,0,17,0,0,38,2,40,0,14,41,2,57,44,10,54,111
07/27/2021,ITH,NY,AEA,EN,Federal Contract Tower,0,12,6,0,18,0,0,26,0,26,0,12,32,0,44,18,0,18,62
07/28/2021,ITH,NY,AEA,EN,Federal Contract Tower,0,10,7,0,17,0,0,28,0,28,0,10,35,0,45,70,0,70,115
07/29/2021,ITH,NY,AEA,EN,Federal Contract Tower,0,10,8,0,18,0,0,9,0,9,0,10,17,0,27,20,0,20,47
07/30/2021,ITH,NY,AEA,EN,Federal Contract Tower,0,11,5,0,16,0,0,10,0,10,0,11,15,0,26,0,0,0,26
07/31/2021,ITH,NY,AEA,EN,Federal Contract Tower,0,11,12,0,23,0,0,40,0,40,0,11,52,0,63,62,0,62,125
08/01/2021,ITH,NY,AEA,EN,Federal Contract Tower,0,9,13,0,22,0,0,16,0,16,0,9,29,0,38,10,0,10,48
08/02/2021,ITH,NY,AEA,EN,Federal Contract Tower,0,14,9,0,23,0,0,42,0,42,0,14,51,0,65,96,0,96,161
08/03/2021,ITH,NY,AEA,EN,Federal Contract Tower,0,14,10,0,24,0,4,32,0,36,0,18,42,0,60,128,0,128,188
08/04/2021,ITH,NY,AEA,EN,Federal Contract Tower,0,11,3,0,14,0,0,49,0,49,0,11,52,0,63,104,0,104,167
08/05/2021,ITH,NY,AEA,EN,Federal Contract Tower,0,14,12,7,33,0,0,44,5,49,0,14,56,12,82,44,66,110,192
08/06/2021,ITH,NY,AEA,EN,Federal Contract Tower,0,14,13,0,27,0,0,50,0,50,0,14,63,0,77,146,0,146,223
08/07/2021,ITH,NY,AEA,EN,Federal Contract Tower,0,10,6,0,16,0,0,17,0,17,0,10,23,0,33,28,0,28,61
08/09/2021,ITH,NY,AEA,EN,Federal Contract Tower,0,13,9,0,22,0,0,42,0,42,0,13,51,0,64,92,0,92,156
08/10/2021,ITH,NY,AEA,EN,Federal Contract Tower,0,19,7,0,26,0,0,18,0,18,0,19,25,0,44,20,0,20,64
08/11/2021,ITH,NY,AEA,EN,Federal Contract Tower,0,12,4,0,16,0,0,21,0,21,0,12,25,0,37,16,0,16,53
08/12/2021,ITH,NY,AEA,EN,Federal Contract Tower,0,14,11,0,25,0,0,23,0,23,0,14,34,0,48,4,0,4,52
08/13/2021,ITH,NY,AEA,EN,Federal Contract Tower,0,12,6,0,18,0,0,20,0,20,0,12,26,0,38,0,0,0,38
08/14/2021,ITH,NY,AEA,EN,Federal Contract Tower,0,16,17,0,33,0,0,36,0,36,0,16,53,0,69,38,0,38,107
08/15/2021,ITH,NY,AEA,EN,Federal Contract Tower,0,16,18,0,34,0,0,42,0,42,0,16,60,0,76,68,0,68,144
08/16/2021,ITH,NY,AEA,EN,Federal Contract Tower,0,18,8,0,26,0,6,42,0,48,0,24,50,0,74,48,0,48,122
08/17/2021,ITH,NY,AEA,EN,Federal Contract Tower,0,13,5,0,18,0,0,10,0,10,0,13,15,0,28,42,0,42,70
08/18/2021,ITH,NY,AEA,EN,Federal Contract Tower,0,18,9,0,27,0,0,0,0,0,0,18,9,0,27,0,0,0,27
08/19/2021,ITH,NY,AEA,EN,Federal Contract Tower,0,17,5,0,22,0,0,0,0,0,0,17,5,0,22,0,0,0,22
08/20/2021,ITH,NY,AEA,EN,Federal Contract Tower,0,17,16,0,33,0,0,30,0,30,0,17,46,0,63,116,0,116,179
08/21/2021,ITH,NY,AEA,EN,Federal Contract Tower,0,16,11,0,27,0,0,2,0,2,0,16,13,0,29,14,0,14,43
08/22/2021,ITH,NY,AEA,EN,Federal Contract Tower,0,10,20,0,30,0,0,29,0,29,0,10,49,0,59,56,0,56,115
08/23/2021,ITH,NY,AEA,EN,Federal Contract Tower,0,22,5,0,27,0,0,20,0,20,0,22,25,0,47,48,0,48,95
08/24/2021,ITH,NY,AEA,EN,Federal Contract Tower,0,23,11,0,34,0,0,44,0,44,0,23,55,0,78,60,0,60,138
08/25/2021,ITH,NY,AEA,EN,Federal Contract Tower,0,14,9,0,23,0,0,41,0,41,0,14,50,0,64,70,0,70,134
08/26/2021,ITH,NY,AEA,EN,Federal Contract Tower,0,23,7,0,30,0,0,33,2,35,0,23,40,2,65,52,12,64,129
08/27/2021,ITH,NY,AEA,EN,Federal Contract Tower,0,18,15,0,33,0,0,13,0,13,0,18,28,0,46,34,0,34,80
08/28/2021,ITH,NY,AEA,EN,Federal Contract Tower,0,10,6,0,16,0,0,11,0,11,0,10,17,0,27,22,0,22,49
08/29/2021,ITH,NY,AEA,EN,Federal Contract Tower,0,13,9,0,22,0,0,12,0,12,0,13,21,0,34,20,0,20,54
08/30/2021,ITH,NY,AEA,EN,Federal Contract Tower,0,14,15,0,29,0,0,28,0,28,0,14,43,0,57,60,0,60,117
08/31/2021,ITH,NY,AEA,EN,Federal Contract Tower,0,11,12,0,23,0,0,39,0,39,0,11,51,0,62,60,0,60,122
09/01/2021,ITH,NY,AEA,EN,Federal Contract Tower,0,12,6,2,20,0,0,6,0,6,0,12,12,2,26,36,0,36,62
09/02/2021,ITH,NY,AEA,EN,Federal Contract Tower,0,12,8,0,20,0,0,20,0,20,0,12,28,0,40,22,0,22,62
09/03/2021,ITH,NY,AEA,EN,Federal Contract Tower,0,13,19,0,32,0,0,43,0,43,0,13,62,0,75,118,0,118,193
09/04/2021,ITH,NY,AEA,EN,Federal Contract Tower,0,10,8,0,18,0,0,69,0,69,0,10,77,0,87,120,0,120,207
09/05/2021,ITH,NY,AEA,EN,Federal Contract Tower,0,8,6,0,14,0,0,12,0,12,0,8,18,0,26,18,0,18,44
09/06/2021,ITH,NY,AEA,EN,Federal Contract Tower,0,13,11,0,24,0,0,39,0,39,0,13,50,0,63,46,0,46,109
09/07/2021,ITH,NY,AEA,EN,Federal Contract Tower,0,10,6,0,16,0,1,38,0,39,0,11,44,0,55,118,0,118,173
09/08/2021,ITH,NY,AEA,EN,Federal Contract Tower,0,12,4,0,16,0,0,19,0,19,0,12,23,0,35,0,0,0,35
09/09/2021,ITH,NY,AEA,EN,Federal Contract Tower,0,12,18,2,32,0,0,28,0,28,0,12,46,2,60,98,0,98,158
09/10/2021,ITH,NY,AEA,EN,Federal Contract Tower,0,21,14,0,35,0,0,35,0,35,0,21,49,0,70,126,0,126,196
09/11/2021,ITH,NY,AEA,EN,Federal Contract Tower,0,12,10,0,22,0,0,53,4,57,0,12,63,4,79,122,0,122,201
09/12/2021,ITH,NY,AEA,EN,Federal Contract Tower,0,14,11,0,25,0,0,42,0,42,0,14,53,0,67,48,0,48,115
09/13/2021,ITH,NY,AEA,EN,Federal Contract Tower,0,18,12,0,30,0,0,37,0,37,0,18,49,0,67,108,0,108,175
09/14/2021,ITH,NY,AEA,EN,Federal Contract Tower,0,12,3,0,15,0,0,16,2,18,0,12,19,2,33,20,6,26,59
09/15/2021,ITH,NY,AEA,EN,Federal Contract Tower,0,13,8,0,21,0,0,3,0,3,0,13,11,0,24,0,0,0,24
09/16/2021,ITH,NY,AEA,EN,Federal Contract Tower,0,11,9,0,20,0,0,19,0,19,0,11,28,0,39,32,0,32,71
09/17/2021,ITH,NY,AEA,EN,Federal Contract Tower,0,14,9,0,23,0,0,22,0,22,0,14,31,0,45,52,0,52,97
09/18/2021,ITH,NY,AEA,EN,Federal Contract Tower,0,16,13,0,29,0,0,16,0,16,0,16,29,0,45,0,0,0,45
09/19/2021,ITH,NY,AEA,EN,Federal Contract Tower,0,20,10,3,33,0,0,45,0,45,0,20,55,3,78,100,0,100,178
09/20/2021,ITH,NY,AEA,EN,Federal Contract Tower,0,12,9,0,21,0,0,30,0,30,0,12,39,0,51,70,0,70,121
09/21/2021,ITH,NY,AEA,EN,Federal Contract Tower,0,14,8,1,23,0,0,4,0,4,0,14,12,1,27,0,0,0,27
09/22/2021,ITH,NY,AEA,EN,Federal Contract Tower,0,17,5,0,22,0,0,0,0,0,0,17,5,0,22,0,0,0,22
09/23/2021,ITH,NY,AEA,EN,Federal Contract Tower,0,10,2,0,12,0,0,0,0,0,0,10,2,0,12,0,0,0,12
09/24/2021,ITH,NY,AEA,EN,Federal Contract Tower,0,15,6,0,21,0,2,39,2,43,0,17,45,2,64,96,32,128,192
09/25/2021,ITH,NY,AEA,EN,Federal Contract Tower,0,18,16,2,36,0,0,48,0,48,0,18,64,2,84,108,0,108,192
09/26/2021,ITH,NY,AEA,EN,Federal Contract Tower,0,18,12,0,30,0,2,44,0,46,0,20,56,0,76,70,0,70,146
09/27/2021,ITH,NY,AEA,EN,Federal Contract Tower,0,13,11,0,24,0,0,21,0,21,0,13,32,0,45,26,0,26,71
09/28/2021,ITH,NY,AEA,EN,Federal Contract Tower,0,13,13,0,26,0,0,24,0,24,0,13,37,0,50,32,0,32,82
09/29/2021,ITH,NY,AEA,EN,Federal Contract Tower,0,12,7,0,19,0,0,25,0,25,0,12,32,0,44,66,0,66,110
09/30/2021,ITH,NY,AEA,EN,Federal Contract Tower,0,13,6,0,19,0,0,14,2,16,0,13,20,2,35,58,12,70,105
10/01/2021,ITH,NY,AEA,EN,Federal Contract Tower,0,13,14,0,27,0,0,45,0,45,0,13,59,0,72,102,0,102,174
10/02/2021,ITH,NY,AEA,EN,Federal Contract Tower,0,25,10,0,35,0,0,44,0,44,0,25,54,0,79,140,0,140,219
10/03/2021,ITH,NY,AEA,EN,Federal Contract Tower,0,22,13,0,35,0,0,4,0,4,0,22,17,0,39,0,0,0,39
10/04/2021,ITH,NY,AEA,EN,Federal Contract Tower,0,9,5,0,14,0,0,0,0,0,0,9,5,0,14,0,0,0,14
10/05/2021,ITH,NY,AEA,EN,Federal Contract Tower,0,13,9,0,22,0,0,0,0,0,0,13,9,0,22,0,0,0,22
10/06/2021,ITH,NY,AEA,EN,Federal Contract Tower,0,14,9,0,23,0,0,0,0,0,0,14,9,0,23,0,0,0,23
10/07/2021,ITH,NY,AEA,EN,Federal Contract Tower,0,16,10,0,26,0,0,18,0,18,0,16,28,0,44,34,0,34,78
10/08/2021,ITH,NY,AEA,EN,Federal Contract Tower,0,19,14,0,33,0,0,40,0,40,0,19,54,0,73,94,0,94,167
10/09/2021,ITH,NY,AEA,EN,Federal Contract Tower,0,15,20,0,35,0,0,14,0,14,0,15,34,0,49,10,0,10,59
10/10/2021,ITH,NY,AEA,EN,Federal Contract Tower,0,16,16,0,32,0,0,8,0,8,0,16,24,0,40,14,0,14,54
10/11/2021,ITH,NY,AEA,EN,Federal Contract Tower,0,13,13,0,26,0,1,32,0,33,0,14,45,0,59,36,0,36,95
10/12/2021,ITH,NY,AEA,EN,Federal Contract Tower,0,24,9,0,33,0,0,25,0,25,0,24,34,0,58,32,0,32,90
10/13/2021,ITH,NY,AEA,EN,Federal Contract Tower,0,19,6,0,25,0,0,29,0,29,0,19,35,0,54,36,0,36,90
10/14/2021,ITH,NY,AEA,EN,Federal Contract Tower,0,24,11,0,35,0,0,42,0,42,0,24,53,0,77,56,0,56,133
10/15/2021,ITH,NY,AEA,EN,Federal Contract Tower,0,20,6,0,26,0,0,30,0,30,0,20,36,0,56,88,0,88,144
10/16/2021,ITH,NY,AEA,EN,Federal Contract Tower,0,15,3,0,18,0,0,0,0,0,0,15,3,0,18,0,0,0,18
10/17/2021,ITH,NY,AEA,EN,Federal Contract Tower,0,22,9,0,31,0,0,8,0,8,0,22,17,0,39,22,0,22,61
10/18/2021,ITH,NY,AEA,EN,Federal Contract Tower,0,19,4,0,23,0,0,4,1,5,0,19,8,1,28,0,0,0,28
10/19/2021,ITH,NY,AEA,EN,Federal Contract Tower,0,16,1,0,17,0,2,32,0,34,0,18,33,0,51,22,0,22,73
10/20/2021,ITH,NY,AEA,EN,Federal Contract Tower,0,30,2,0,32,0,0,42,0,42,0,30,44,0,74,30,0,30,104
10/21/2021,ITH,NY,AEA,EN,Federal Contract Tower,0,18,3,0,21,0,0,21,0,21,0,18,24,0,42,50,0,50,92
10/22/2021,ITH,NY,AEA,EN,Federal Contract Tower,0,31,10,0,41,0,0,25,0,25,0,31,35,0,66,78,0,78,144
10/23/2021,ITH,NY,AEA,EN,Federal Contract Tower,0,22,6,0,28,0,0,10,0,10,0,22,16,0,38,20,0,20,58
10/24/2021,ITH,NY,AEA,EN,Federal Contract Tower,0,16,11,0,27,0,0,32,0,32,0,16,43,0,59,90,0,90,149
10/25/2021,ITH,NY,AEA,EN,Federal Contract Tower,0,17,9,0,26,0,1,30,0,31,0,18,39,0,57,66,0,66,123
10/26/2021,ITH,NY,AEA,EN,Federal Contract Tower,0,17,5,0,22,0,0,0,0,0,0,17,5,0,22,0,0,0,22
10/27/2021,ITH,NY,AEA,EN,Federal Contract Tower,0,16,7,0,23,0,0,11,0,11,0,16,18,0,34,0,0,0,34
10/28/2021,ITH,NY,AEA,EN,Federal Contract Tower,0,18,13,0,31,0,0,38,0,38,0,18,51,0,69,48,0,48,117
10/29/2021,ITH,NY,AEA,EN,Federal Contract Tower,0,28,12,0,40,0,0,30,0,30,0,28,42,0,70,90,0,90,160
10/30/2021,ITH,NY,AEA,EN,Federal Contract Tower,0,20,4,0,24,0,0,0,0,0,0,20,4,0,24,0,0,0,24
10/31/2021,ITH,NY,AEA,EN,Federal Contract Tower,0,21,16,0,37,0,0,0,0,0,0,21,16,0,37,0,0,0,37
11/01/2021,ITH,NY,AEA,EN,Federal Contract Tower,0,13,5,0,18,0,0,24,0,24,0,13,29,0,42,96,0,96,138
11/02/2021,ITH,NY,AEA,EN,Federal Contract Tower,0,11,7,0,18,0,0,13,2,15,0,11,20,2,33,18,0,18,51
11/03/2021,ITH,NY,AEA,EN,Federal Contract Tower,0,11,6,0,17,0,0,1,0,1,0,11,7,0,18,0,0,0,18
11/04/2021,ITH,NY,AEA,EN,Federal Contract Tower,0,19,3,0,22,0,0,28,0,28,0,19,31,0,50,124,0,124,174
11/05/2021,ITH,NY,AEA,EN,Federal Contract Tower,0,18,12,0,30,0,0,35,0,35,0,18,47,0,65,136,0,136,201
11/06/2021,ITH,NY,AEA,EN,Federal Contract Tower,0,13,9,0,22,0,0,62,0,62,0,13,71,0,84,122,0,122,206
11/07/2021,ITH,NY,AEA,EN,Federal Contract Tower,0,12,7,0,19,0,0,42,0,42,0,12,49,0,61,138,0,138,199
11/08/2021,ITH,NY,AEA,EN,Federal Contract Tower,0,0,13,7,20,0,0,47,0,47,0,0,60,7,67,172,0,172,239
11/10/2021,ITH,NY,AEA,EN,Federal Contract Tower,0,13,0,0,13,0,0,19,0,19,0,13,19,0,32,54,0,54,86
11/11/2021,ITH,NY,AEA,EN,Federal Contract Tower,0,10,7,0,17,0,0,23,0,23,0,10,30,0,40,22,0,22,62
11/12/2021,ITH,NY,AEA,EN,Federal Contract Tower,0,11,5,0,16,0,0,7,0,7,0,11,12,0,23,32,0,32,55
11/13/2021,ITH,NY,AEA,EN,Federal Contract Tower,0,10,0,0,10,0,0,4,0,4,0,10,4,0,14,0,0,0,14
11/14/2021,ITH,NY,AEA,EN,Federal Contract Tower,0,11,7,0,18,0,0,7,0,7,0,11,14,0,25,32,0,32,57
11/15/2021,ITH,NY,AEA,EN,Federal Contract Tower,0,20,4,0,24,0,0,2,4,6,0,20,6,4,30,0,0,0,30
11/16/2021,ITH,NY,AEA,EN,Federal Contract Tower,0,12,7,0,19,0,0,16,0,16,0,12,23,0,35,20,0,20,55
11/17/2021,ITH,NY,AEA,EN,Federal Contract Tower,0,13,7,0,20,0,0,9,0,9,0,13,16,0,29,0,0,0,29
11/18/2021,ITH,NY,AEA,EN,Federal Contract Tower,0,10,7,0,17,0,0,0,0,0,0,10,7,0,17,0,0,0,17
11/19/2021,ITH,NY,AEA,EN,Federal Contract Tower,0,12,3,0,15,0,0,4,0,4,0,12,7,0,19,0,0,0,19
11/20/2021,ITH,NY,AEA,EN,Federal Contract Tower,0,15,12,0,27,0,0,24,0,24,0,15,36,0,51,26,0,26,77
11/21/2021,ITH,NY,AEA,EN,Federal Contract Tower,0,10,4,0,14,0,0,19,0,19,0,10,23,0,33,74,0,74,107
11/22/2021,ITH,NY,AEA,EN,Federal Contract Tower,0,14,6,0,20,0,0,4,0,4,0,14,10,0,24,10,0,10,34
11/23/2021,ITH,NY,AEA,EN,Federal Contract Tower,0,13,10,0,23,0,0,8,0,8,0,13,18,0,31,18,0,18,49
11/24/2021,ITH,NY,AEA,EN,Federal Contract Tower,0,9,7,0,16,0,1,36,0,37,0,10,43,0,53,50,0,50,103
11/25/2021,ITH,NY,AEA,EN,Federal Contract Tower,0,10,1,0,11,0,0,0,0,0,0,10,1,0,11,0,0,0,11
11/26/2021,ITH,NY,AEA,EN,Federal Contract Tower,0,8,0,0,8,0,0,0,0,0,0,8,0,0,8,0,0,0,8
11/27/2021,ITH,NY,AEA,EN,Federal Contract Tower,0,12,3,0,15,0,0,15,0,15,0,12,18,0,30,22,0,22,52
11/28/2021,ITH,NY,AEA,EN,Federal Contract Tower,0,17,7,0,24,0,0,0,0,0,0,17,7,0,24,0,0,0,24
11/29/2021,ITH,NY,AEA,EN,Federal Contract Tower,0,18,9,0,27,0,0,27,0,27,0,18,36,0,54,54,0,54,108
11/30/2021,ITH,NY,AEA,EN,Federal Contract Tower,0,11,3,0,14,0,0,0,0,0,0,11,3,0,14,0,0,0,14
12/01/2021,ITH,NY,AEA,EN,Federal Contract Tower,0,10,0,0,10,0,0,34,2,36,0,10,34,2,46,92,0,92,138
12/02/2021,ITH,NY,AEA,EN,Federal Contract Tower,0,12,2,0,14,0,0,10,0,10,0,12,12,0,24,12,0,12,36
12/03/2021,ITH,NY,AEA,EN,Federal Contract Tower,0,9,7,0,16,0,0,22,0,22,0,9,29,0,38,12,0,12,50
12/04/2021,ITH,NY,AEA,EN,Federal Contract Tower,0,13,5,0,18,0,0,19,0,19,0,13,24,0,37,66,0,66,103
12/05/2021,ITH,NY,AEA,EN,Federal Contract Tower,0,12,7,0,19,0,0,47,0,47,0,12,54,0,66,168,0,168,234
12/06/2021,ITH,NY,AEA,EN,Federal Contract Tower,0,15,3,0,18,0,0,0,0,0,0,15,3,0,18,0,0,0,18
12/07/2021,ITH,NY,AEA,EN,Federal Contract Tower,0,15,9,0,24,0,0,18,0,18,0,15,27,0,42,82,0,82,124
12/08/2021,ITH,NY,AEA,EN,Federal Contract Tower,0,9,5,0,14,0,0,4,0,4,0,9,9,0,18,0,0,0,18
12/09/2021,ITH,NY,AEA,EN,Federal Contract Tower,0,14,11,0,25,0,0,5,0,5,0,14,16,0,30,0,0,0,30
12/10/2021,ITH,NY,AEA,EN,Federal Contract Tower,0,11,5,0,16,0,0,47,0,47,0,11,52,0,63,202,0,202,265
12/11/2021,ITH,NY,AEA,EN,Federal Contract Tower,0,13,3,0,16,0,0,0,0,0,0,13,3,0,16,0,0,0,16
12/12/2021,ITH,NY,AEA,EN,Federal Contract Tower,0,11,9,0,20,0,0,17,0,17,0,11,26,0,37,12,0,12,49
12/13/2021,ITH,NY,AEA,EN,Federal Contract Tower,0,14,2,0,16,0,0,21,0,21,0,14,23,0,37,116,0,116,153
12/14/2021,ITH,NY,AEA,EN,Federal Contract Tower,0,13,4,2,19,0,0,48,0,48,0,13,52,2,67,76,0,76,143
12/15/2021,ITH,NY,AEA,EN,Federal Contract Tower,0,10,5,0,15,0,0,2,0,2,0,10,7,0,17,0,0,0,17
12/16/2021,ITH,NY,AEA,EN,Federal Contract Tower,0,10,0,0,10,0,0,0,1,1,0,10,0,1,11,0,0,0,11
12/17/2021,ITH,NY,AEA,EN,Federal Contract Tower,0,10,6,0,16,0,0,35,0,35,0,10,41,0,51,94,0,94,145
12/18/2021,ITH,NY,AEA,EN,Federal Contract Tower,0,10,1,0,11,0,0,0,0,0,0,10,1,0,11,0,0,0,11
12/19/2021,ITH,NY,AEA,EN,Federal Contract Tower,0,12,5,0,17,0,0,2,0,2,0,12,7,0,19,0,0,0,19
12/20/2021,ITH,NY,AEA,EN,Federal Contract Tower,0,12,5,0,17,0,0,24,0,24,0,12,29,0,41,128,0,128,169
12/21/2021,ITH,NY,AEA,EN,Federal Contract Tower,0,11,9,0,20,0,0,39,0,39,0,11,48,0,59,62,0,62,121
12/22/2021,ITH,NY,AEA,EN,Federal Contract Tower,0,10,6,0,16,0,0,4,0,4,0,10,10,0,20,12,0,12,32
12/23/2021,ITH,NY,AEA,EN,Federal Contract Tower,0,10,3,0,13,0,0,18,0,18,0,10,21,0,31,32,0,32,63
12/24/2021,ITH,NY,AEA,EN,Federal Contract Tower,0,11,5,0,16,0,0,12,0,12,0,11,17,0,28,10,0,10,38
12/25/2021,ITH,NY,AEA,EN,Federal Contract Tower,0,9,5,0,14,0,0,0,0,0,0,9,5,0,14,0,0,0,14
12/26/2021,ITH,NY,AEA,EN,Federal Contract Tower,0,9,4,0,13,0,0,0,0,0,0,9,4,0,13,0,0,0,13
12/27/2021,ITH,NY,AEA,EN,Federal Contract Tower,0,10,2,0,12,0,0,0,0,0,0,10,2,0,12,0,0,0,12
12/28/2021,ITH,NY,AEA,EN,Federal Contract Tower,0,9,4,0,13,0,0,23,0,23,0,9,27,0,36,10,0,10,46
12/29/2021,ITH,NY,AEA,EN,Federal Contract Tower,0,9,2,0,11,0,0,0,0,0,0,9,2,0,11,0,0,0,11
12/30/2021,ITH,NY,AEA,EN,Federal Contract Tower,0,9,4,0,13,0,0,0,0,0,0,9,4,0,13,0,0,0,13
12/31/2021,ITH,NY,AEA,EN,Federal Contract Tower,0,11,3,0,14,0,0,23,0,23,0,11,26,0,37,68,0,68,105
01/01/2022,ITH,NY,AEA,EN,Federal Contract Tower,0,7,6,0,13,0,0,20,0,20,0,7,26,0,33,0,0,0,33
01/02/2022,ITH,NY,AEA,EN,Federal Contract Tower,0,9,2,0,11,0,0,0,0,0,0,9,2,0,11,0,0,0,11
01/03/2022,ITH,NY,AEA,EN,Federal Contract Tower,0,8,6,0,14,0,0,6,0,6,0,8,12,0,20,24,0,24,44
01/04/2022,ITH,NY,AEA,EN,Federal Contract Tower,0,10,7,0,17,0,0,36,0,36,0,10,43,0,53,84,0,84,137
01/05/2022,ITH,NY,AEA,EN,Federal Contract Tower,0,10,2,0,12,0,0,18,2,20,0,10,20,2,32,80,10,90,122
01/06/2022,ITH,NY,AEA,EN,Federal Contract Tower,0,9,2,1,12,0,0,8,1,9,0,9,10,2,21,8,0,8,29
01/07/2022,ITH,NY,AEA,EN,Federal Contract Tower,0,11,6,0,17,0,0,0,0,0,0,11,6,0,17,0,0,0,17
01/08/2022,ITH,NY,AEA,EN,Federal Contract Tower,0,12,7,0,19,0,0,28,0,28,0,12,35,0,47,82,0,82,129
01/09/2022,ITH,NY,AEA,EN,Federal Contract Tower,0,10,0,0,10,0,0,0,0,0,0,10,0,0,10,0,0,0,10
01/10/2022,ITH,NY,AEA,EN,Federal Contract Tower,0,11,4,0,15,0,0,0,0,0,0,11,4,0,15,0,0,0,15
01/11/2022,ITH,NY,AEA,EN,Federal Contract Tower,0,11,0,0,11,0,0,4,0,4,0,11,4,0,15,14,0,14,29
01/12/2022,ITH,NY,AEA,EN,Federal Contract Tower,0,11,2,0,13,0,0,14,0,14,0,11,16,0,27,20,0,20,47
01/13/2022,ITH,NY,AEA,EN,Federal Contract Tower,0,8,1,0,9,0,0,9,0,9,0,8,10,0,18,60,0,60,78
01/14/2022,ITH,NY,AEA,EN,Federal Contract Tower,0,10,3,0,13,0,0,0,0,0,0,10,3,0,13,0,0,0,13
01/15/2022,ITH,NY,AEA,EN,Federal Contract Tower,0,9,0,0,9,0,0,6,0,6,0,9,6,0,15,0,0,0,15
01/16/2022,ITH,NY,AEA,EN,Federal Contract Tower,0,6,6,0,12,0,0,30,0,30,0,6,36,0,42,96,0,96,138
01/17/2022,ITH,NY,AEA,EN,Federal Contract Tower,0,4,0,0,4,0,0,0,0,0,0,4,0,0,4,0,0,0,4
01/18/2022,ITH,NY,AEA,EN,Federal Contract Tower,0,12,7,0,19,0,0,8,0,8,0,12,15,0,27,22,0,22,49
01/19/2022,ITH,NY,AEA,EN,Federal Contract Tower,0,11,7,0,18,0,0,4,0,4,0,11,11,0,22,0,0,0,22
01/20/2022,ITH,NY,AEA,EN,Federal Contract Tower,0,10,4,0,14,0,0,1,0,1,0,10,5,0,15,0,0,0,15
01/21/2022,ITH,NY,AEA,EN,Federal Contract Tower,0,11,5,0,16,0,0,31,0,31,0,11,36,0,47,98,0,98,145
01/22/2022,ITH,NY,AEA,EN,Federal Contract Tower,0,9,9,1,19,0,0,36,1,37,0,9,45,2,56,96,0,96,152
01/23/2022,ITH,NY,AEA,EN,Federal Contract Tower,0,7,5,0,12,0,0,9,0,9,0,7,14,0,21,8,0,8,29
01/24/2022,ITH,NY,AEA,EN,Federal Contract Tower,0,8,4,0,12,0,0,12,0,12,0,8,16,0,24,56,0,56,80
01/25/2022,ITH,NY,AEA,EN,Federal Contract Tower,0,12,2,0,14,0,0,13,0,13,0,12,15,0,27,44,0,44,71
01/26/2022,ITH,NY,AEA,EN,Federal Contract Tower,0,10,1,0,11,0,0,7,0,7,0,10,8,0,18,50,0,50,68
01/27/2022,ITH,NY,AEA,EN,Federal Contract Tower,0,11,3,0,14,0,0,12,0,12,0,11,15,0,26,28,0,28,54
01/28/2022,ITH,NY,AEA,EN,Federal Contract Tower,0,14,3,0,17,0,0,0,0,0,0,14,3,0,17,0,0,0,17
01/29/2022,ITH,NY,AEA,EN,Federal Contract Tower,0,12,2,0,14,0,0,2,0,2,0,12,4,0,16,0,0,0,16
01/30/2022,ITH,NY,AEA,EN,Federal Contract Tower,0,9,14,0,23,0,0,15,0,15,0,9,29,0,38,92,0,92,130
01/31/2022,ITH,NY,AEA,EN,Federal Contract Tower,0,10,4,0,14,0,0,27,0,27,0,10,31,0,41,124,0,124,165
02/01/2022,ITH,NY,AEA,EN,Federal Contract Tower,0,13,7,0,20,0,0,18,0,18,0,13,25,0,38,94,0,94,132
02/02/2022,ITH,NY,AEA,EN,Federal Contract Tower,0,7,10,0,17,0,0,8,0,8,0,7,18,0,25,20,0,20,45
02/03/2022,ITH,NY,AEA,EN,Federal Contract Tower,0,5,1,0,6,0,0,0,0,0,0,5,1,0,6,0,0,0,6
02/04/2022,ITH,NY,AEA,EN,Federal Contract Tower,0,2,0,0,2,0,0,0,0,0,0,2,0,0,2,0,0,0,2
02/05/2022,ITH,NY,AEA,EN,Federal Contract Tower,0,5,2,0,7,0,0,14,0,14,0,5,16,0,21,38,0,38,59
02/06/2022,ITH,NY,AEA,EN,Federal Contract Tower,0,8,9,0,17,0,0,31,0,31,0,8,40,0,48,80,0,80,128
02/07/2022,ITH,NY,AEA,EN,Federal Contract Tower,0,13,5,0,18,0,0,29,0,29,0,13,34,0,47,78,0,78,125
02/08/2022,ITH,NY,AEA,EN,Federal Contract Tower,0,14,1,0,15,0,0,2,0,2,0,14,3,0,17,16,0,16,33
02/09/2022,ITH,NY,AEA,EN,Federal Contract Tower,0,9,3,0,12,0,0,22,4,26,0,9,25,4,38,102,22,124,162
02/10/2022,ITH,NY,AEA,EN,Federal Contract Tower,0,10,2,0,12,0,0,5,0,5,0,10,7,0,17,0,0,0,17
02/11/2022,ITH,NY,AEA,EN,Federal Contract Tower,0,8,4,0,12,0,0,18,0,18,0,8,22,0,30,40,0,40,70
02/12/2022,ITH,NY,AEA,EN,Federal Contract Tower,0,10,2,0,12,0,0,9,0,9,0,10,11,0,21,42,0,42,63
02/13/2022,ITH,NY,AEA,EN,Federal Contract Tower,0,8,4,0,12,0,0,5,0,5,0,8,9,0,17,40,0,40,57
02/14/2022,ITH,NY,AEA,EN,Federal Contract Tower,0,8,1,0,9,0,0,0,0,0,0,8,1,0,9,0,0,0,9
02/15/2022,ITH,NY,AEA,EN,Federal Contract Tower,0,10,7,0,17,0,0,28,2,30,0,10,35,2,47,46,16,62,109
02/16/2022,ITH,NY,AEA,EN,Federal Contract Tower,0,7,2,0,9,0,0,0,0,0,0,7,2,0,9,0,0,0,9
02/17/2022,ITH,NY,AEA,EN,Federal Contract Tower,0,8,5,0,13,0,0,0,0,0,0,8,5,0,13,0,0,0,13
02/18/2022,ITH,NY,AEA,EN,Federal Contract Tower,0,9,2,0,11,0,0,0,0,0,0,9,2,0,11,0,0,0,11
02/19/2022,ITH,NY,AEA,EN,Federal Contract Tower,0,7,3,0,10,0,0,0,0,0,0,7,3,0,10,0,0,0,10
02/20/2022,ITH,NY,AEA,EN,Federal Contract Tower,0,13,5,0,18,0,0,10,0,10,0,13,15,0,28,0,0,0,28
02/21/2022,ITH,NY,AEA,EN,Federal Contract Tower,0,8,6,0,14,0,0,46,0,46,0,8,52,0,60,130,0,130,190
02/22/2022,ITH,NY,AEA,EN,Federal Contract Tower,0,11,5,0,16,0,0,0,0,0,0,11,5,0,16,0,0,0,16
02/23/2022,ITH,NY,AEA,EN,Federal Contract Tower,0,7,3,0,10,0,0,4,0,4,0,7,7,0,14,22,0,22,36
02/24/2022,ITH,NY,AEA,EN,Federal Contract Tower,0,11,7,0,18,0,0,30,0,30,0,11,37,0,48,112,0,112,160
02/25/2022,ITH,NY,AEA,EN,Federal Contract Tower,0,13,0,0,13,0,0,0,0,0,0,13,0,0,13,0,0,0,13
02/26/2022,ITH,NY,AEA,EN,Federal Contract Tower,0,11,8,0,19,0,0,41,0,41,0,11,49,0,60,158,0,158,218
02/27/2022,ITH,NY,AEA,EN,Federal Contract Tower,0,9,3,0,12,0,0,0,0,0,0,9,3,0,12,0,0,0,12
02/28/2022,ITH,NY,AEA,EN,Federal Contract Tower,0,10,9,0,19,0,0,26,0,26,0,10,35,0,45,100,0,100,145
03/01/2022,ITH,NY,AEA,EN,Federal Contract Tower,0,13,14,0,27,0,0,15,0,15,0,13,29,0,42,26,0,26,68
03/02/2022,ITH,NY,AEA,EN,Federal Contract Tower,0,7,6,0,13,0,0,15,0,15,0,7,21,0,28,94,0,94,122
03/03/2022,ITH,NY,AEA,EN,Federal Contract Tower,0,8,4,0,12,0,0,5,0,5,0,8,9,0,17,10,0,10,27
03/04/2022,ITH,NY,AEA,EN,Federal Contract Tower,0,11,8,0,19,0,0,32,0,32,0,11,40,0,51,2,0,2,53
03/05/2022,ITH,NY,AEA,EN,Federal Contract Tower,0,10,5,0,15,0,0,25,0,25,0,10,30,0,40,84,0,84,124
03/06/2022,ITH,NY,AEA,EN,Federal Contract Tower,0,10,6,0,16,0,0,1,0,1,0,10,7,0,17,0,0,0,17
03/07/2022,ITH,NY,AEA,EN,Federal Contract Tower,0,8,6,0,14,0,0,0,0,0,0,8,6,0,14,0,0,0,14
03/08/2022,ITH,NY,AEA,EN,Federal Contract Tower,0,12,2,0,14,0,0,17,0,17,0,12,19,0,31,33,0,33,64
03/09/2022,ITH,NY,AEA,EN,Federal Contract Tower,0,9,2,0,11,0,0,0,0,0,0,9,2,0,11,0,0,0,11
03/10/2022,ITH,NY,AEA,EN,Federal Contract Tower,0,9,1,0,10,0,0,32,0,32,0,9,33,0,42,72,0,72,114
03/11/2022,ITH,NY,AEA,EN,Federal Contract Tower,0,9,2,0,11,0,0,44,0,44,0,9,46,0,55,140,0,140,195
03/12/2022,ITH,NY,AEA,EN,Federal Contract Tower,0,5,0,0,5,0,0,0,0,0,0,5,0,0,5,0,0,0,5
03/13/2022,ITH,NY,AEA,EN,Federal Contract Tower,0,9,3,0,12,0,0,10,0,10,0,9,13,0,22,20,0,20,42
03/14/2022,ITH,NY,AEA,EN,Federal Contract Tower,0,15,3,0,18,0,0,29,0,29,0,15,32,0,47,102,0,102,149
03/15/2022,ITH,NY,AEA,EN,Federal Contract Tower,0,13,3,0,16,0,0,17,0,17,0,13,20,0,33,24,0,24,57
03/16/2022,ITH,NY,AEA,EN,Federal Contract Tower,0,10,3,0,13,0,0,32,2,34,0,10,35,2,47,84,0,84,131
03/17/2022,ITH,NY,AEA,EN,Federal Contract Tower,0,15,3,0,18,0,0,35,2,37,0,15,38,2,55,142,0,142,197
03/18/2022,ITH,NY,AEA,EN,Federal Contract Tower,0,19,10,0,29,0,0,39,0,39,0,19,49,0,68,144,0,144,212
03/19/2022,ITH,NY,AEA,EN,Federal Contract Tower,0,7,4,0,11,0,0,11,0,11,0,7,15,0,22,28,0,28,50
03/20/2022,ITH,NY,AEA,EN,Federal Contract Tower,0,11,3,0,14,0,0,0,0,0,0,11,3,0,14,0,0,0,14
03/21/2022,ITH,NY,AEA,EN,Federal Contract Tower,0,10,3,0,13,0,0,23,0,23,0,10,26,0,36,94,0,94,130
03/22/2022,ITH,NY,AEA,EN,Federal Contract Tower,0,15,3,0,18,0,3,28,2,33,0,18,31,2,51,70,0,70,121
03/23/2022,ITH,NY,AEA,EN,Federal Contract Tower,0,15,6,0,21,0,6,14,0,20,0,21,20,0,41,18,0,18,59
03/24/2022,ITH,NY,AEA,EN,Federal Contract Tower,0,11,5,0,16,0,0,14,0,14,0,11,19,0,30,34,0,34,64
03/25/2022,ITH,NY,AEA,EN,Federal Contract Tower,0,26,12,0,38,0,0,25,0,25,0,26,37,0,63,38,0,38,101
03/26/2022,ITH,NY,AEA,EN,Federal Contract Tower,0,13,6,0,19,0,0,7,0,7,0,13,13,0,26,0,0,0,26
03/27/2022,ITH,NY,AEA,EN,Federal Contract Tower,0,11,4,0,15,0,0,0,0,0,0,11,4,0,15,0,0,0,15
03/28/2022,ITH,NY,AEA,EN,Federal Contract Tower,0,11,6,0,17,0,0,0,0,0,0,11,6,0,17,0,0,0,17
03/29/2022,ITH,NY,AEA,EN,Federal Contract Tower,0,10,2,0,12,0,0,4,0,4,0,10,6,0,16,0,0,0,16
03/30/2022,ITH,NY,AEA,EN,Federal Contract Tower,0,8,4,0,12,0,0,10,0,10,0,8,14,0,22,26,0,26,48
03/31/2022,ITH,NY,AEA,EN,Federal Contract Tower,0,8,3,0,11,0,0,0,0,0,0,8,3,0,11,0,0,0,11
04/01/2022,ITH,NY,AEA,EN,Federal Contract Tower,0,11,3,0,14,0,0,0,0,0,0,11,3,0,14,0,0,0,14
04/02/2022,ITH,NY,AEA,EN,Federal Contract Tower,0,9,9,0,18,0,0,49,0,49,0,9,58,0,67,126,0,126,193
04/03/2022,ITH,NY,AEA,EN,Federal Contract Tower,0,10,3,0,13,0,0,0,0,0,0,10,3,0,13,0,0,0,13
04/04/2022,ITH,NY,AEA,EN,Federal Contract Tower,0,8,3,0,11,0,0,30,0,30,0,8,33,0,41,50,0,50,91
04/05/2022,ITH,NY,AEA,EN,Federal Contract Tower,0,12,6,0,18,0,2,34,0,36,0,14,40,0,54,30,0,30,84
04/06/2022,ITH,NY,AEA,EN,Federal Contract Tower,0,12,6,0,18,0,0,15,0,15,0,12,21,0,33,12,0,12,45
04/07/2022,ITH,NY,AEA,EN,Federal Contract Tower,0,13,6,0,19,0,0,0,0,0,0,13,6,0,19,0,0,0,19
04/08/2022,ITH,NY,AEA,EN,Federal Contract Tower,0,19,5,0,24,0,0,37,4,41,0,19,42,4,65,166,0,166,231
04/09/2022,ITH,NY,AEA,EN,Federal Contract Tower,0,14,3,0,17,0,0,2,0,2,0,14,5,0,19,0,0,0,19
04/10/2022,ITH,NY,AEA,EN,Federal Contract Tower,0,12,9,0,21,0,0,0,0,0,0,12,9,0,21,0,0,0,21
04/11/2022,ITH,NY,AEA,EN,Federal Contract Tower,0,11,9,0,20,0,0,34,0,34,0,11,43,0,54,80,0,80,134
04/12/2022,ITH,NY,AEA,EN,Federal Contract Tower,0,12,3,0,15,0,0,15,0,15,0,12,18,0,30,54,0,54,84
04/13/2022,ITH,NY,AEA,EN,Federal Contract Tower,0,16,5,0,21,0,0,21,0,21,0,16,26,0,42,32,0,32,74
04/14/2022,ITH,NY,AEA,EN,Federal Contract Tower,0,19,8,0,27,0,0,21,0,21,0,19,29,0,48,26,0,26,74
04/15/2022,ITH,NY,AEA,EN,Federal Contract Tower,0,14,7,0,21,0,0,15,0,15,0,14,22,0,36,10,0,10,46
04/16/2022,ITH,NY,AEA,EN,Federal Contract Tower,0,15,7,0,22,0,0,4,0,4,0,15,11,0,26,0,0,0,26
04/17/2022,ITH,NY,AEA,EN,Federal Contract Tower,0,20,10,0,30,0,0,4,0,4,0,20,14,0,34,0,0,0,34
04/18/2022,ITH,NY,AEA,EN,Federal Contract Tower,0,14,7,0,21,0,0,12,0,12,0,14,19,0,33,38,0,38,71
04/19/2022,ITH,NY,AEA,EN,Federal Contract Tower,0,12,4,0,16,0,0,0,0,0,0,12,4,0,16,0,0,0,16
04/20/2022,ITH,NY,AEA,EN,Federal Contract Tower,0,13,5,0,18,0,0,42,0,42,0,13,47,0,60,96,0,96,156
04/21/2022,ITH,NY,AEA,EN,Federal Contract Tower,0,16,9,0,25,0,0,0,4,4,0,16,9,4,29,0,0,0,29
04/22/2022,ITH,NY,AEA,EN,Federal Contract Tower,0,24,8,0,32,0,0,50,2,52,0,24,58,2,84,146,0,146,230
04/23/2022,ITH,NY,AEA,EN,Federal Contract Tower,0,14,15,0,29,0,0,25,0,25,0,14,40,0,54,48,0,48,102
04/24/2022,ITH,NY,AEA,EN,Federal Contract Tower,0,22,11,0,33,0,0,57,0,57,0,22,68,0,90,174,0,174,264
04/25/2022,ITH,NY,AEA,EN,Federal Contract Tower,0,16,12,0,28,0,0,31,2,33,0,16,43,2,61,136,0,136,197
04/26/2022,ITH,NY,AEA,EN,Federal Contract Tower,0,11,5,0,16,0,0,0,0,0,0,11,5,0,16,0,0,0,16
04/27/2022,ITH,NY,AEA,EN,Federal Contract Tower,0,12,3,0,15,0,0,1,0,1,0,12,4,0,16,0,0,0,16
04/28/2022,ITH,NY,AEA,EN,Federal Contract Tower,0,20,3,0,23,0,0,17,0,17,0,20,20,0,40,66,0,66,106
04/29/2022,ITH,NY,AEA,EN,Federal Contract Tower,0,22,5,0,27,0,2,31,0,33,0,24,36,0,60,102,0,102,162
04/30/2022,ITH,NY,AEA,EN,Federal Contract Tower,0,14,11,0,25,0,0,43,2,45,0,14,54,2,70,134,4,138,208
05/01/2022,ITH,NY,AEA,EN,Federal Contract Tower,0,14,12,0,26,0,0,42,0,42,0,14,54,0,68,76,0,76,144
05/02/2022,ITH,NY,AEA,EN,Federal Contract Tower,0,7,4,0,11,0,0,2,0,2,0,7,6,0,13,0,0,0,13
05/03/2022,ITH,NY,AEA,EN,Federal Contract Tower,0,11,3,0,14,0,0,20,0,20,0,11,23,0,34,44,0,44,78
05/04/2022,ITH,NY,AEA,EN,Federal Contract Tower,0,13,7,0,20,0,0,1,0,1,0,13,8,0,21,0,0,0,21
05/05/2022,ITH,NY,AEA,EN,Federal Contract Tower,0,12,5,0,17,0,0,28,0,28,0,12,33,0,45,30,0,30,75
05/06/2022,ITH,NY,AEA,EN,Federal Contract Tower,0,17,5,0,22,0,0,34,0,34,0,17,39,0,56,104,0,104,160
05/07/2022,ITH,NY,AEA,EN,Federal Contract Tower,0,8,3,0,11,0,0,31,0,31,0,8,34,0,42,60,0,60,102
05/08/2022,ITH,NY,AEA,EN,Federal Contract Tower,0,15,1,0,16,0,0,42,0,42,0,15,43,0,58,102,0,102,160
05/09/2022,ITH,NY,AEA,EN,Federal Contract Tower,0,10,7,0,17,0,0,38,0,38,0,10,45,0,55,92,0,92,147
05/10/2022,ITH,NY,AEA,EN,Federal Contract Tower,0,14,1,0,15,0,1,38,0,39,0,15,39,0,54,78,2,80,134
05/11/2022,ITH,NY,AEA,EN,Federal Contract Tower,0,11,4,0,15,0,0,32,0,32,0,11,36,0,47,92,0,92,139
05/12/2022,ITH,NY,AEA,EN,Federal Contract Tower,0,10,6,0,16,0,0,54,0,54,0,10,60,0,70,168,0,168,238
05/13/2022,ITH,NY,AEA,EN,Federal Contract Tower,0,11,3,0,14,0,0,39,0,39,0,11,42,0,53,88,0,88,141
05/14/2022,ITH,NY,AEA,EN,Federal Contract Tower,0,20,8,0,28,0,0,81,0,81,0,20,89,0,109,94,0,94,203
05/15/2022,ITH,NY,AEA,EN,Federal Contract Tower,0,15,2,0,17,0,0,3,0,3,0,15,5,0,20,2,0,2,22
05/16/2022,ITH,NY,AEA,EN,Federal Contract Tower,0,11,4,0,15,0,0,7,0,7,0,11,11,0,22,60,0,60,82
05/17/2022,ITH,NY,AEA,EN,Federal Contract Tower,0,10,6,1,17,0,0,32,1,33,0,10,38,2,50,48,0,48,98
05/18/2022,ITH,NY,AEA,EN,Federal Contract Tower,0,17,9,0,26,0,0,34,0,34,0,17,43,0,60,34,0,34,94
05/19/2022,ITH,NY,AEA,EN,Federal Contract Tower,0,15,9,0,24,0,0,17,0,17,0,15,26,0,41,46,0,46,87
05/20/2022,ITH,NY,AEA,EN,Federal Contract Tower,0,18,3,0,21,0,0,21,0,21,0,18,24,0,42,0,0,0,42
05/21/2022,ITH,NY,AEA,EN,Federal Contract Tower,0,11,8,0,19,0,0,34,0,34,0,11,42,0,53,86,0,86,139
05/22/2022,ITH,NY,AEA,EN,Federal Contract Tower,0,15,8,0,23,0,0,17,0,17,0,15,25,0,40,0,0,0,40
05/23/2022,ITH,NY,AEA,EN,Federal Contract Tower,0,16,3,0,19,0,0,34,0,34,0,16,37,0,53,98,0,98,151
05/24/2022,ITH,NY,AEA,EN,Federal Contract Tower,0,10,6,0,16,0,0,34,2,36,0,10,40,2,52,80,0,80,132
05/25/2022,ITH,NY,AEA,EN,Federal Contract Tower,0,20,2,0,22,0,0,26,0,26,0,20,28,0,48,48,0,48,96
05/26/2022,ITH,NY,AEA,EN,Federal Contract Tower,0,22,6,0,28,0,0,22,0,22,0,22,28,0,50,32,0,32,82
05/27/2022,ITH,NY,AEA,EN,Federal Contract Tower,0,43,17,0,60,0,0,2,0,2,0,43,19,0,62,4,0,4,66
05/28/2022,ITH,NY,AEA,EN,Federal Contract Tower,0,32,18,0,50,0,0,0,0,0,0,32,18,0,50,0,0,0,50
05/29/2022,ITH,NY,AEA,EN,Federal Contract Tower,0,36,11,0,47,0,0,53,0,53,0,36,64,0,100,102,0,102,202
05/30/2022,ITH,NY,AEA,EN,Federal Contract Tower,0,14,7,0,21,0,0,51,0,51,0,14,58,0,72,80,0,80,152
05/31/2022,ITH,NY,AEA,EN,Federal Contract Tower,0,13,5,0,18,0,3,33,0,36,0,16,38,0,54,102,0,102,156
06/01/2022,ITH,NY,AEA,EN,Federal Contract Tower,0,12,2,0,14,0,0,17,0,17,0,12,19,0,31,4,0,4,35
06/02/2022,ITH,NY,AEA,EN,Federal Contract Tower,0,14,4,0,18,0,0,18,0,18,0,14,22,0,36,66,0,66,102
06/03/2022,ITH,NY,AEA,EN,Federal Contract Tower,0,17,11,0,28,0,0,48,0,48,0,17,59,0,76,134,0,134,210
06/04/2022,ITH,NY,AEA,EN,Federal Contract Tower,0,14,7,0,21,0,0,50,0,50,0,14,57,0,71,128,0,128,199
06/05/2022,ITH,NY,AEA,EN,Federal Contract Tower,0,12,6,0,18,0,0,57,0,57,0,12,63,0,75,124,0,124,199
06/06/2022,ITH,NY,AEA,EN,Federal Contract Tower,0,10,4,0,14,0,0,3,2,5,0,10,7,2,19,8,10,18,37
06/07/2022,ITH,NY,AEA,EN,Federal Contract Tower,0,12,2,0,14,0,0,6,0,6,0,12,8,0,20,32,0,32,52
06/08/2022,ITH,NY,AEA,EN,Federal Contract Tower,0,14,11,0,25,0,0,58,0,58,0,14,69,0,83,204,0,204,287
06/09/2022,ITH,NY,AEA,EN,Federal Contract Tower,0,12,9,0,21,0,0,0,0,0,0,12,9,0,21,0,0,0,21
06/10/2022,ITH,NY,AEA,EN,Federal Contract Tower,0,14,15,0,29,0,0,49,0,49,0,14,64,0,78,166,0,166,244
06/11/2022,ITH,NY,AEA,EN,Federal Contract Tower,0,10,11,0,21,0,0,55,0,55,0,10,66,0,76,154,0,154,230
06/12/2022,ITH,NY,AEA,EN,Federal Contract Tower,0,18,9,0,27,0,0,9,0,9,0,18,18,0,36,0,0,0,36
06/13/2022,ITH,NY,AEA,EN,Federal Contract Tower,0,12,8,0,20,0,0,53,0,53,0,12,61,0,73,38,0,38,111
06/14/2022,ITH,NY,AEA,EN,Federal Contract Tower,0,8,6,0,14,0,0,32,0,32,0,8,38,0,46,122,0,122,168
06/15/2022,ITH,NY,AEA,EN,Federal Contract Tower,0,16,4,2,22,0,0,48,2,50,0,16,52,4,72,132,0,132,204
06/16/2022,ITH,NY,AEA,EN,Federal Contract Tower,0,15,7,0,22,0,0,26,0,26,0,15,33,0,48,68,0,68,116
06/17/2022,ITH,NY,AEA,EN,Federal Contract Tower,0,12,4,0,16,0,0,21,0,21,0,12,25,0,37,69,0,69,106
06/18/2022,ITH,NY,AEA,EN,Federal Contract Tower,0,10,8,0,18,0,0,1,0,1,0,10,9,0,19,0,0,0,19
06/19/2022,ITH,NY,AEA,EN,Federal Contract Tower,0,12,5,0,17,0,0,51,0,51,0,12,56,0,68,96,0,96,164
06/20/2022,ITH,NY,AEA,EN,Federal Contract Tower,0,10,10,0,20,0,0,73,0,73,0,10,83,0,93,106,0,106,199
06/21/2022,ITH,NY,AEA,EN,Federal Contract Tower,0,12,2,0,14,0,0,25,2,27,0,12,27,2,41,124,4,128,169
06/22/2022,ITH,NY,AEA,EN,Federal Contract Tower,0,11,4,0,15,0,0,29,0,29,0,11,33,0,44,92,0,92,136
06/23/2022,ITH,NY,AEA,EN,Federal Contract Tower,0,10,5,1,16,0,0,25,1,26,0,10,30,2,42,102,0,102,144
06/24/2022,ITH,NY,AEA,EN,Federal Contract Tower,0,14,4,0,18,0,0,41,0,41,0,14,45,0,59,134,0,134,193
06/25/2022,ITH,NY,AEA,EN,Federal Contract Tower,0,8,8,0,16,0,0,63,0,63,0,8,71,0,79,214,0,214,293
06/26/2022,ITH,NY,AEA,EN,Federal Contract Tower,0,15,7,0,22,0,0,35,0,35,0,15,42,0,57,38,0,38,95
06/27/2022,ITH,NY,AEA,EN,Federal Contract Tower,0,10,2,0,12,0,0,26,2,28,0,10,28,2,40,36,14,50,90
06/28/2022,ITH,NY,AEA,EN,Federal Contract Tower,0,8,10,0,18,0,0,30,0,30,0,8,40,0,48,116,0,116,164
06/29/2022,ITH,NY,AEA,EN,Federal Contract Tower,0,11,4,0,15,0,0,38,0,38,0,11,42,0,53,50,0,50,103
06/30/2022,ITH,NY,AEA,EN,Federal Contract Tower,0,12,8,0,20,0,0,43,0,43,0,12,51,0,63,136,0,136,199
07/01/2022,ITH,NY,AEA,EN,Federal Contract Tower,0,14,7,0,21,0,0,19,0,19,0,14,26,0,40,12,0,12,52
07/02/2022,ITH,NY,AEA,EN,Federal Contract Tower,0,13,2,0,15,0,0,30,0,30,0,13,32,0,45,56,0,56,101
07/03/2022,ITH,NY,AEA,EN,Federal Contract Tower,0,13,4,0,17,0,0,43,0,43,0,13,47,0,60,142,0,142,202
07/04/2022,ITH,NY,AEA,EN,Federal Contract Tower,0,9,6,0,15,0,0,32,0,32,0,9,38,0,47,144,0,144,191
07/05/2022,ITH,NY,AEA,EN,Federal Contract Tower,0,8,6,0,14,0,0,19,0,19,0,8,25,0,33,74,0,74,107
07/06/2022,ITH,NY,AEA,EN,Federal Contract Tower,0,13,17,0,30,0,0,7,0,7,0,13,24,0,37,0,0,0,37
07/07/2022,ITH,NY,AEA,EN,Federal Contract Tower,0,13,4,0,17,0,0,46,0,46,0,13,50,0,63,224,0,224,287
07/08/2022,ITH,NY,AEA,EN,Federal Contract Tower,0,19,4,0,23,0,0,42,0,42,0,19,46,0,65,128,0,128,193
07/09/2022,ITH,NY,AEA,EN,Federal Contract Tower,0,11,7,0,18,0,0,56,0,56,0,11,63,0,74,124,0,124,198
07/10/2022,ITH,NY,AEA,EN,Federal Contract Tower,0,11,0,0,11,0,0,36,1,37,0,11,36,1,48,82,12,94,142
07/11/2022,ITH,NY,AEA,EN,Federal Contract Tower,0,10,3,0,13,0,0,20,0,20,0,10,23,0,33,14,0,14,47
07/12/2022,ITH,NY,AEA,EN,Federal Contract Tower,0,10,3,0,13,0,0,9,0,9,0,10,12,0,22,0,0,0,22
07/13/2022,ITH,NY,AEA,EN,Federal Contract Tower,0,11,17,0,28,0,1,39,0,40,0,12,56,0,68,84,0,84,152
07/14/2022,ITH,NY,AEA,EN,Federal Contract Tower,0,10,10,0,20,0,0,23,0,23,0,10,33,0,43,62,0,62,105
07/15/2022,ITH,NY,AEA,EN,Federal Contract Tower,0,16,8,1,25,0,0,42,2,44,0,16,50,3,69,72,10,82,151
07/16/2022,ITH,NY,AEA,EN,Federal Contract Tower,0,11,8,0,19,0,0,36,0,36,0,11,44,0,55,140,0,140,195
07/17/2022,ITH,NY,AEA,EN,Federal Contract Tower,0,15,4,0,19,0,0,38,0,38,0,15,42,0,57,132,0,132,189
07/18/2022,ITH,NY,AEA,EN,Federal Contract Tower,0,15,6,0,21,0,0,0,0,0,0,15,6,0,21,0,0,0,21
07/19/2022,ITH,NY,AEA,EN,Federal Contract Tower,0,8,5,0,13,0,0,16,0,16,0,8,21,0,29,72,0,72,101
07/20/2022,ITH,NY,AEA,EN,Federal Contract Tower,0,13,6,0,19,0,0,26,0,26,0,13,32,0,45,66,0,66,111
07/21/2022,ITH,NY,AEA,EN,Federal Contract Tower,0,16,3,4,23,0,0,18,0,18,0,16,21,4,41,64,0,64,105
07/22/2022,ITH,NY,AEA,EN,Federal Contract Tower,0,15,1,0,16,0,0,45,0,45,0,15,46,0,61,130,0,130,191
07/23/2022,ITH,NY,AEA,EN,Federal Contract Tower,0,18,12,0,30,0,0,33,0,33,0,18,45,0,63,86,0,86,149
07/24/2022,ITH,NY,AEA,EN,Federal Contract Tower,0,10,6,0,16,0,0,17,0,17,0,10,23,0,33,46,0,46,79
07/25/2022,ITH,NY,AEA,EN,Federal Contract Tower,0,15,9,0,24,0,0,37,0,37,0,15,46,0,61,50,0,50,111
07/26/2022,ITH,NY,AEA,EN,Federal Contract Tower,0,8,5,0,13,0,23,39,0,62,0,31,44,0,75,126,0,126,201
07/27/2022,ITH,NY,AEA,EN,Federal Contract Tower,0,10,7,0,17,0,9,23,0,32,0,19,30,0,49,60,38,98,147
07/28/2022,ITH,NY,AEA,EN,Federal Contract Tower,0,9,4,0,13,0,0,20,0,20,0,9,24,0,33,70,0,70,103
07/29/2022,ITH,NY,AEA,EN,Federal Contract Tower,0,17,5,0,22,0,0,31,0,31,0,17,36,0,53,100,0,100,153
07/30/2022,ITH,NY,AEA,EN,Federal Contract Tower,0,17,11,0,28,0,0,46,0,46,0,17,57,0,74,134,0,134,208
07/31/2022,ITH,NY,AEA,EN,Federal Contract Tower,0,11,8,0,19,0,0,53,0,53,0,11,61,0,72,152,0,152,224
08/01/2022,ITH,NY,AEA,EN,Federal Contract Tower,0,12,8,0,20,0,0,35,0,35,0,12,43,0,55,64,0,64,119
08/02/2022,ITH,NY,AEA,EN,Federal Contract Tower,0,10,4,1,15,0,0,21,0,21,0,10,25,1,36,88,0,88,124
08/03/2022,ITH,NY,AEA,EN,Federal Contract Tower,0,13,0,0,13,0,0,32,4,36,0,13,32,4,49,106,40,146,195
08/04/2022,ITH,NY,AEA,EN,Federal Contract Tower,0,11,6,0,17,0,0,18,0,18,0,11,24,0,35,22,0,22,57
08/05/2022,ITH,NY,AEA,EN,Federal Contract Tower,0,9,11,0,20,0,0,22,0,22,0,9,33,0,42,78,0,78,120
08/06/2022,ITH,NY,AEA,EN,Federal Contract Tower,0,9,5,0,14,0,0,20,0,20,0,9,25,0,34,40,0,40,74
08/07/2022,ITH,NY,AEA,EN,Federal Contract Tower,0,9,15,0,24,0,0,24,0,24,0,9,39,0,48,84,0,84,132
08/08/2022,ITH,NY,AEA,EN,Federal Contract Tower,0,13,6,0,19,0,0,22,1,23,0,13,28,1,42,66,0,66,108
08/09/2022,ITH,NY,AEA,EN,Federal Contract Tower,0,8,4,0,12,0,0,5,0,5,0,8,9,0,17,0,0,0,17
08/10/2022,ITH,NY,AEA,EN,Federal Contract Tower,0,13,7,2,22,0,0,21,0,21,0,13,28,2,43,94,0,94,137
08/11/2022,ITH,NY,AEA,EN,Federal Contract Tower,0,11,4,0,15,0,0,39,0,39,0,11,43,0,54,104,0,104,158
08/12/2022,ITH,NY,AEA,EN,Federal Contract Tower,0,10,8,0,18,0,0,56,0,56,0,10,64,0,74,174,0,174,248
08/13/2022,ITH,NY,AEA,EN,Federal Contract Tower,0,12,12,0,24,0,0,40,0,40,0,12,52,0,64,150,0,150,214
08/14/2022,ITH,NY,AEA,EN,Federal Contract Tower,0,15,7,0,22,0,0,52,0,52,0,15,59,0,74,92,0,92,166
08/15/2022,ITH,NY,AEA,EN,Federal Contract Tower,0,15,17,1,33,0,0,31,0,31,0,15,48,1,64,36,0,36,100
08/16/2022,ITH,NY,AEA,EN,Federal Contract Tower,0,18,6,0,24,0,0,17,0,17,0,18,23,0,41,24,0,24,65
08/17/2022,ITH,NY,AEA,EN,Federal Contract Tower,0,16,8,0,24,0,0,14,0,14,0,16,22,0,38,34,0,34,72
08/18/2022,ITH,NY,AEA,EN,Federal Contract Tower,0,12,14,0,26,0,0,17,0,17,0,12,31,0,43,72,0,72,115
08/19/2022,ITH,NY,AEA,EN,Federal Contract Tower,0,18,12,0,30,0,0,42,2,44,0,18,54,2,74,164,0,164,238
08/20/2022,ITH,NY,AEA,EN,Federal Contract Tower,0,14,8,0,22,0,0,44,0,44,0,14,52,0,66,124,0,124,190
08/21/2022,ITH,NY,AEA,EN,Federal Contract Tower,0,12,10,0,22,0,0,13,0,13,0,12,23,0,35,2,0,2,37
08/22/2022,ITH,NY,AEA,EN,Federal Contract Tower,0,18,1,0,19,0,0,0,0,0,0,18,1,0,19,0,0,0,19
08/23/2022,ITH,NY,AEA,EN,Federal Contract Tower,0,11,2,1,14,0,2,10,0,12,0,13,12,1,26,76,0,76,102
08/24/2022,ITH,NY,AEA,EN,Federal Contract Tower,0,11,4,0,15,0,4,36,0,40,0,15,40,0,55,140,0,140,195
08/25/2022,ITH,NY,AEA,EN,Federal Contract Tower,0,14,8,0,22,0,0,31,0,31,0,14,39,0,53,96,0,96,149
08/26/2022,ITH,NY,AEA,EN,Federal Contract Tower,0,15,10,0,25,0,0,27,0,27,0,15,37,0,52,8,0,8,60
08/27/2022,ITH,NY,AEA,EN,Federal Contract Tower,0,13,12,0,25,0,0,44,0,44,0,13,56,0,69,76,0,76,145
08/28/2022,ITH,NY,AEA,EN,Federal Contract Tower,0,19,12,0,31,0,1,43,0,44,0,20,55,0,75,68,0,68,143
08/29/2022,ITH,NY,AEA,EN,Federal Contract Tower,0,11,10,0,21,0,0,13,0,13,0,11,23,0,34,18,0,18,52
08/30/2022,ITH,NY,AEA,EN,Federal Contract Tower,0,8,3,0,11,0,0,7,0,7,0,8,10,0,18,44,0,44,62
08/31/2022,ITH,NY,AEA,EN,Federal Contract Tower,0,10,7,0,17,0,0,16,0,16,0,10,23,0,33,72,0,72,105
09/01/2022,ITH,NY,AEA,EN,Federal Contract Tower,0,11,5,1,17,0,0,34,1,35,0,11,39,2,52,120,0,120,172
09/02/2022,ITH,NY,AEA,EN,Federal Contract Tower,0,11,7,0,18,0,0,71,0,71,0,11,78,0,89,212,0,212,301
09/03/2022,ITH,NY,AEA,EN,Federal Contract Tower,0,10,8,0,18,0,0,44,0,44,0,10,52,0,62,106,0,106,168
09/04/2022,ITH,NY,AEA,EN,Federal Contract Tower,0,14,6,0,20,0,0,6,0,6,0,14,12,0,26,40,0,40,66
09/05/2022,ITH,NY,AEA,EN,Federal Contract Tower,0,11,10,0,21,0,0,0,0,0,0,11,10,0,21,0,0,0,21
09/06/2022,ITH,NY,AEA,EN,Federal Contract Tower,0,13,3,0,16,0,0,0,0,0,0,13,3,0,16,0,0,0,16
09/07/2022,ITH,NY,AEA,EN,Federal Contract Tower,0,10,5,0,15,0,0,6,0,6,0,10,11,0,21,50,0,50,71
09/08/2022,ITH,NY,AEA,EN,Federal Contract Tower,0,10,9,0,19,0,0,13,0,13,0,10,22,0,32,64,0,64,96
09/09/2022,ITH,NY,AEA,EN,Federal Contract Tower,0,15,16,0,31,0,0,40,0,40,0,15,56,0,71,106,0,106,177
09/10/2022,ITH,NY,AEA,EN,Federal Contract Tower,0,10,13,0,23,0,0,69,0,69,0,10,82,0,92,164,0,164,256
09/11/2022,ITH,NY,AEA,EN,Federal Contract Tower,0,12,13,0,25,0,0,2,0,2,0,12,15,0,27,0,0,0,27
09/12/2022,ITH,NY,AEA,EN,Federal Contract Tower,0,6,3,0,9,0,0,5,0,5,0,6,8,0,14,0,0,0,14
09/13/2022,ITH,NY,AEA,EN,Federal Contract Tower,0,6,6,0,12,0,0,12,2,14,0,6,18,2,26,54,12,66,92
09/14/2022,ITH,NY,AEA,EN,Federal Contract Tower,0,9,10,0,19,0,0,29,2,31,0,9,39,2,50,94,0,94,144
09/15/2022,ITH,NY,AEA,EN,Federal Contract Tower,0,13,4,0,17,0,0,37,0,37,0,13,41,0,54,152,0,152,206
09/16/2022,ITH,NY,AEA,EN,Federal Contract Tower,0,19,17,0,36,0,0,49,0,49,0,19,66,0,85,118,0,118,203
09/17/2022,ITH,NY,AEA,EN,Federal Contract Tower,0,7,10,0,17,0,0,57,0,57,0,7,67,0,74,152,0,152,226
09/18/2022,ITH,NY,AEA,EN,Federal Contract Tower,0,16,20,0,36,0,0,36,0,36,0,16,56,0,72,48,0,48,120
09/19/2022,ITH,NY,AEA,EN,Federal Contract Tower,0,7,2,0,9,0,0,4,0,4,0,7,6,0,13,0,0,0,13
09/20/2022,ITH,NY,AEA,EN,Federal Contract Tower,0,21,7,0,28,0,0,2,0,2,0,21,9,0,30,0,0,0,30
09/21/2022,ITH,NY,AEA,EN,Federal Contract Tower,0,11,5,0,16,0,0,37,0,37,0,11,42,0,53,58,0,58,111
09/22/2022,ITH,NY,AEA,EN,Federal Contract Tower,0,15,3,0,18,0,0,20,0,20,0,15,23,0,38,74,0,74,112
09/23/2022,ITH,NY,AEA,EN,Federal Contract Tower,0,13,8,0,21,0,0,11,0,11,0,13,19,0,32,40,0,40,72
09/24/2022,ITH,NY,AEA,EN,Federal Contract Tower,0,10,10,0,20,0,0,52,0,52,0,10,62,0,72,126,0,126,198
09/25/2022,ITH,NY,AEA,EN,Federal Contract Tower,0,13,7,0,20,0,0,3,0,3,0,13,10,0,23,0,0,0,23
09/27/2022,ITH,NY,AEA,EN,Federal Contract Tower,0,10,10,0,20,0,0,8,0,8,0,10,18,0,28,52,0,52,80
09/28/2022,ITH,NY,AEA,EN,Federal Contract Tower,0,8,9,0,17,0,0,0,0,0,0,8,9,0,17,0,0,0,17
09/29/2022,ITH,NY,AEA,EN,Federal Contract Tower,0,16,22,0,38,0,0,29,0,29,0,16,51,0,67,128,0,128,195
09/30/2022,ITH,NY,AEA,EN,Federal Contract Tower,0,9,9,0,18,0,0,42,0,42,0,9,51,0,60,108,0,108,168
10/01/2022,ITH,NY,AEA,EN,Federal Contract Tower,0,12,5,0,17,0,0,42,0,42,0,12,47,0,59,130,0,130,189
10/02/2022,ITH,NY,AEA,EN,Federal Contract Tower,0,14,7,0,21,0,0,33,0,33,0,14,40,0,54,78,0,78,132
10/03/2022,ITH,NY,AEA,EN,Federal Contract Tower,0,7,11,0,18,0,0,25,0,25,0,7,36,0,43,28,0,28,71
10/04/2022,ITH,NY,AEA,EN,Federal Contract Tower,0,6,2,0,8,0,0,21,0,21,0,6,23,0,29,70,0,70,99
10/05/2022,ITH,NY,AEA,EN,Federal Contract Tower,0,7,8,0,15,0,0,50,0,50,0,7,58,0,65,208,0,208,273
10/06/2022,ITH,NY,AEA,EN,Federal Contract Tower,0,8,9,0,17,0,0,38,0,38,0,8,47,0,55,76,0,76,131
10/07/2022,ITH,NY,AEA,EN,Federal Contract Tower,0,22,7,0,29,0,0,3,0,3,0,22,10,0,32,20,0,20,52
10/08/2022,ITH,NY,AEA,EN,Federal Contract Tower,0,14,3,0,17,0,0,32,0,32,0,14,35,0,49,100,0,100,149
10/09/2022,ITH,NY,AEA,EN,Federal Contract Tower,0,6,8,0,14,0,0,28,0,28,0,6,36,0,42,56,0,56,98
10/10/2022,ITH,NY,AEA,EN,Federal Contract Tower,0,12,7,0,19,0,0,42,0,42,0,12,49,0,61,42,0,42,103
10/11/2022,ITH,NY,AEA,EN,Federal Contract Tower,0,19,9,1,29,0,0,26,2,28,0,19,35,3,57,30,10,40,97
10/12/2022,ITH,NY,AEA,EN,Federal Contract Tower,0,12,10,0,22,0,0,20,0,20,0,12,30,0,42,66,0,66,108
10/13/2022,ITH,NY,AEA,EN,Federal Contract Tower,0,14,2,0,16,0,0,0,0,0,0,14,2,0,16,0,0,0,16
10/14/2022,ITH,NY,AEA,EN,Federal Contract Tower,0,9,8,0,17,0,0,42,0,42,0,9,50,0,59,134,0,134,193
10/15/2022,ITH,NY,AEA,EN,Federal Contract Tower,0,32,3,0,35,0,0,22,0,22,0,32,25,0,57,46,0,46,103
10/16/2022,ITH,NY,AEA,EN,Federal Contract Tower,0,21,9,0,30,0,0,46,0,46,0,21,55,0,76,124,0,124,200
10/17/2022,ITH,NY,AEA,EN,Federal Contract Tower,0,11,5,0,16,0,0,13,0,13,0,11,18,0,29,40,0,40,69
10/18/2022,ITH,NY,AEA,EN,Federal Contract Tower,0,10,5,0,15,0,0,14,0,14,0,10,19,0,29,36,0,36,65
10/19/2022,ITH,NY,AEA,EN,Federal Contract Tower,0,10,0,0,10,0,0,12,0,12,0,10,12,0,22,44,0,44,66
10/20/2022,ITH,NY,AEA,EN,Federal Contract Tower,0,12,8,0,20,0,0,8,4,12,0,12,16,4,32,12,14,26,58
10/21/2022,ITH,NY,AEA,EN,Federal Contract Tower,0,13,10,0,23,0,0,42,0,42,0,13,52,0,65,100,0,100,165
10/22/2022,ITH,NY,AEA,EN,Federal Contract Tower,0,9,6,0,15,0,2,42,0,44,0,11,48,0,59,138,0,138,197
10/23/2022,ITH,NY,AEA,EN,Federal Contract Tower,0,16,9,0,25,0,0,39,0,39,0,16,48,0,64,92,0,92,156
10/24/2022,ITH,NY,AEA,EN,Federal Contract Tower,0,14,5,0,19,0,0,21,0,21,0,14,26,0,40,32,0,32,72
10/25/2022,ITH,NY,AEA,EN,Federal Contract Tower,0,10,7,0,17,0,0,2,0,2,0,10,9,0,19,0,0,0,19
10/26/2022,ITH,NY,AEA,EN,Federal Contract Tower,0,9,7,0,16,0,0,9,0,9,0,9,16,0,25,20,0,20,45
10/27/2022,ITH,NY,AEA,EN,Federal Contract Tower,0,9,16,0,25,0,0,34,0,34,0,9,50,0,59,112,0,112,171
10/28/2022,ITH,NY,AEA,EN,Federal Contract Tower,0,12,6,0,18,0,0,54,0,54,0,12,60,0,72,170,0,170,242
10/29/2022,ITH,NY,AEA,EN,Federal Contract Tower,0,10,7,0,17,0,0,53,0,53,0,10,60,0,70,152,0,152,222
10/30/2022,ITH,NY,AEA,EN,Federal Contract Tower,0,9,10,0,19,0,0,45,0,45,0,9,55,0,64,78,0,78,142
10/31/2022,ITH,NY,AEA,EN,Federal Contract Tower,0,5,5,0,10,0,0,16,0,16,0,5,21,0,26,84,0,84,110
11/01/2022,ITH,NY,AEA,EN,Federal Contract Tower,0,8,7,0,15,0,0,3,0,3,0,8,10,0,18,24,0,24,42
11/02/2022,ITH,NY,AEA,EN,Federal Contract Tower,0,10,10,0,20,0,1,25,0,26,0,11,35,0,46,82,0,82,128
11/03/2022,ITH,NY,AEA,EN,Federal Contract Tower,0,8,5,0,13,0,0,65,0,65,0,8,70,0,78,120,0,120,198
11/04/2022,ITH,NY,AEA,EN,Federal Contract Tower,0,12,10,0,22,0,0,47,0,47,0,12,57,0,69,96,0,96,165
11/05/2022,ITH,NY,AEA,EN,Federal Contract Tower,0,15,5,0,20,0,0,4,0,4,0,15,9,0,24,0,0,0,24
11/06/2022,ITH,NY,AEA,EN,Federal Contract Tower,0,14,5,0,19,0,0,6,0,6,0,14,11,0,25,0,0,0,25
11/07/2022,ITH,NY,AEA,EN,Federal Contract Tower,0,6,3,0,9,0,0,14,0,14,0,6,17,0,23,10,0,10,33
11/08/2022,ITH,NY,AEA,EN,Federal Contract Tower,0,6,6,0,12,0,0,28,0,28,0,6,34,0,40,32,0,32,72
11/09/2022,ITH,NY,AEA,EN,Federal Contract Tower,0,10,3,0,13,0,0,39,0,39,0,10,42,0,52,172,0,172,224
11/10/2022,ITH,NY,AEA,EN,Federal Contract Tower,0,15,8,0,23,0,0,41,0,41,0,15,49,0,64,152,0,152,216
11/11/2022,ITH,NY,AEA,EN,Federal Contract Tower,0,12,5,0,17,0,0,6,0,6,0,12,11,0,23,20,0,20,43
11/12/2022,ITH,NY,AEA,EN,Federal Contract Tower,0,17,5,0,22,0,0,4,0,4,0,17,9,0,26,14,0,14,40
11/13/2022,ITH,NY,AEA,EN,Federal Contract Tower,0,6,4,0,10,0,0,0,0,0,0,6,4,0,10,0,0,0,10
11/14/2022,ITH,NY,AEA,EN,Federal Contract Tower,0,6,5,0,11,0,0,22,0,22,0,6,27,0,33,78,0,78,111
11/15/2022,ITH,NY,AEA,EN,Federal Contract Tower,0,6,9,0,15,0,0,16,2,18,0,6,25,2,33,34,2,36,69
11/16/2022,ITH,NY,AEA,EN,Federal Contract Tower,0,12,5,0,17,0,0,0,0,0,0,12,5,0,17,0,0,0,17
11/17/2022,ITH,NY,AEA,EN,Federal Contract Tower,0,11,9,0,20,0,0,0,0,0,0,11,9,0,20,0,0,0,20
11/18/2022,ITH,NY,AEA,EN,Federal Contract Tower,0,14,7,0,21,0,0,11,0,11,0,14,18,0,32,20,0,20,52
11/19/2022,ITH,NY,AEA,EN,Federal Contract Tower,0,6,5,0,11,0,0,42,0,42,0,6,47,0,53,138,0,138,191
11/20/2022,ITH,NY,AEA,EN,Federal Contract Tower,0,15,4,0,19,0,0,0,0,0,0,15,4,0,19,0,0,0,19
11/21/2022,ITH,NY,AEA,EN,Federal Contract Tower,0,10,4,0,14,0,0,11,0,11,0,10,15,0,25,70,0,70,95
11/22/2022,ITH,NY,AEA,EN,Federal Contract Tower,0,9,10,0,19,0,0,21,2,23,0,9,31,2,42,64,10,74,116
11/23/2022,ITH,NY,AEA,EN,Federal Contract Tower,0,7,5,0,12,0,0,41,0,41,0,7,46,0,53,116,0,116,169
11/24/2022,ITH,NY,AEA,EN,Federal Contract Tower,0,5,1,0,6,0,0,13,0,13,0,5,14,0,19,18,0,18,37
11/25/2022,ITH,NY,AEA,EN,Federal Contract Tower,0,3,3,0,6,0,0,0,0,0,0,3,3,0,6,0,0,0,6
11/26/2022,ITH,NY,AEA,EN,Federal Contract Tower,0,11,8,0,19,0,0,58,0,58,0,11,66,0,77,178,0,178,255
11/27/2022,ITH,NY,AEA,EN,Federal Contract Tower,0,16,9,0,25,0,0,22,0,22,0,16,31,0,47,48,0,48,95
11/28/2022,ITH,NY,AEA,EN,Federal Contract Tower,0,7,4,0,11,0,0,0,0,0,0,7,4,0,11,0,0,0,11
11/29/2022,ITH,NY,AEA,EN,Federal Contract Tower,0,7,7,0,14,0,0,7,0,7,0,7,14,0,21,2,0,2,23
11/30/2022,ITH,NY,AEA,EN,Federal Contract Tower,0,6,4,0,10,0,0,0,0,0,0,6,4,0,10,0,0,0,10
12/01/2022,ITH,NY,AEA,EN,Federal Contract Tower,0,9,0,0,9,0,0,2,0,2,0,9,2,0,11,0,0,0,11
12/02/2022,ITH,NY,AEA,EN,Federal Contract Tower,0,12,4,0,16,0,0,35,0,35,0,12,39,0,51,124,0,124,175
12/03/2022,ITH,NY,AEA,EN,Federal Contract Tower,0,6,4,0,10,0,0,0,0,0,0,6,4,0,10,0,0,0,10
12/04/2022,ITH,NY,AEA,EN,Federal Contract Tower,0,8,3,0,11,0,0,40,0,40,0,8,43,0,51,130,0,130,181
12/05/2022,ITH,NY,AEA,EN,Federal Contract Tower,0,6,3,0,9,0,0,34,0,34,0,6,37,0,43,70,0,70,113
12/06/2022,ITH,NY,AEA,EN,Federal Contract Tower,0,7,2,0,9,0,0,0,0,0,0,7,2,0,9,0,0,0,9
12/07/2022,ITH,NY,AEA,EN,Federal Contract Tower,0,6,6,0,12,0,0,0,0,0,0,6,6,0,12,0,0,0,12
12/08/2022,ITH,NY,AEA,EN,Federal Contract Tower,0,6,3,1,10,0,0,14,1,15,0,6,17,2,25,78,0,78,103
12/09/2022,ITH,NY,AEA,EN,Federal Contract Tower,0,6,2,0,8,0,0,14,0,14,0,6,16,0,22,88,0,88,110
12/10/2022,ITH,NY,AEA,EN,Federal Contract Tower,0,4,1,0,5,0,0,31,0,31,0,4,32,0,36,124,0,124,160
12/11/2022,ITH,NY,AEA,EN,Federal Contract Tower,0,7,1,0,8,0,0,0,0,0,0,7,1,0,8,0,0,0,8
12/12/2022,ITH,NY,AEA,EN,Federal Contract Tower,0,6,2,0,8,0,0,0,0,0,0,6,2,0,8,0,0,0,8
12/13/2022,ITH,NY,AEA,EN,Federal Contract Tower,0,9,2,0,11,0,0,29,0,29,0,9,31,0,40,56,0,56,96
12/14/2022,ITH,NY,AEA,EN,Federal Contract Tower,0,8,4,0,12,0,0,24,0,24,0,8,28,0,36,104,0,104,140
12/15/2022,ITH,NY,AEA,EN,Federal Contract Tower,0,9,4,0,13,0,0,3,0,3,0,9,7,0,16,0,0,0,16
12/16/2022,ITH,NY,AEA,EN,Federal Contract Tower,0,6,4,0,10,0,0,0,0,0,0,6,4,0,10,0,0,0,10
12/17/2022,ITH,NY,AEA,EN,Federal Contract Tower,0,12,12,0,24,0,0,8,0,8,0,12,20,0,32,38,0,38,70
12/18/2022,ITH,NY,AEA,EN,Federal Contract Tower,0,11,7,0,18,0,0,13,0,13,0,11,20,0,31,60,0,60,91
12/19/2022,ITH,NY,AEA,EN,Federal Contract Tower,0,5,7,0,12,0,0,0,0,0,0,5,7,0,12,0,0,0,12
12/20/2022,ITH,NY,AEA,EN,Federal Contract Tower,0,7,1,0,8,0,0,0,0,0,0,7,1,0,8,0,0,0,8
12/21/2022,ITH,NY,AEA,EN,Federal Contract Tower,0,5,11,0,16,0,0,41,0,41,0,5,52,0,57,132,0,132,189
12/22/2022,ITH,NY,AEA,EN,Federal Contract Tower,0,6,2,0,8,0,0,7,0,7,0,6,9,0,15,8,0,8,23
12/23/2022,ITH,NY,AEA,EN,Federal Contract Tower,0,6,0,0,6,0,0,0,0,0,0,6,0,0,6,0,0,0,6
12/24/2022,ITH,NY,AEA,EN,Federal Contract Tower,0,8,0,0,8,0,0,3,0,3,0,8,3,0,11,0,0,0,11
12/25/2022,ITH,NY,AEA,EN,Federal Contract Tower,0,6,0,0,6,0,0,0,0,0,0,6,0,0,6,0,0,0,6
12/26/2022,ITH,NY,AEA,EN,Federal Contract Tower,0,7,12,0,19,0,0,10,0,10,0,7,22,0,29,0,0,0,29
12/27/2022,ITH,NY,AEA,EN,Federal Contract Tower,0,5,2,0,7,0,0,7,0,7,0,5,9,0,14,10,0,10,24
12/28/2022,ITH,NY,AEA,EN,Federal Contract Tower,0,7,2,0,9,0,0,11,0,11,0,7,13,0,20,22,0,22,42
12/29/2022,ITH,NY,AEA,EN,Federal Contract Tower,0,6,1,0,7,0,0,30,0,30,0,6,31,0,37,92,0,92,129
12/30/2022,ITH,NY,AEA,EN,Federal Contract Tower,0,9,8,0,17,0,0,35,0,35,0,9,43,0,52,138,0,138,190
12/31/2022,ITH,NY,AEA,EN,Federal Contract Tower,0,6,1,0,7,0,0,7,0,7,0,6,8,0,14,40,0,40,54
01/01/2023,ITH,NY,AEA,EN,Federal Contract Tower,0,7,5,0,12,0,0,4,0,4,0,7,9,0,16,6,0,6,22
01/02/2023,ITH,NY,AEA,EN,Federal Contract Tower,0,7,7,0,14,0,0,24,0,24,0,7,31,0,38,56,0,56,94
01/03/2023,ITH,NY,AEA,EN,Federal Contract Tower,0,6,3,0,9,0,0,0,0,0,0,6,3,0,9,0,0,0,9
01/04/2023,ITH,NY,AEA,EN,Federal Contract Tower,0,9,8,0,17,0,0,0,0,0,0,9,8,0,17,0,0,0,17
01/05/2023,ITH,NY,AEA,EN,Federal Contract Tower,0,6,5,0,11,0,0,33,0,33,0,6,38,0,44,112,0,112,156
01/06/2023,ITH,NY,AEA,EN,Federal Contract Tower,0,6,3,0,9,0,0,0,0,0,0,6,3,0,9,0,0,0,9
01/07/2023,ITH,NY,AEA,EN,Federal Contract Tower,0,8,0,0,8,0,0,0,0,0,0,8,0,0,8,0,0,0,8
01/08/2023,ITH,NY,AEA,EN,Federal Contract Tower,0,6,3,0,9,0,0,28,0,28,0,6,31,0,37,78,0,78,115
01/09/2023,ITH,NY,AEA,EN,Federal Contract Tower,0,8,7,0,15,0,0,27,0,27,0,8,34,0,42,88,0,88,130
01/10/2023,ITH,NY,AEA,EN,Federal Contract Tower,0,7,4,0,11,0,0,0,0,0,0,7,4,0,11,0,0,0,11
01/11/2023,ITH,NY,AEA,EN,Federal Contract Tower,0,8,1,0,9,0,0,17,0,17,0,8,18,0,26,86,0,86,112
01/12/2023,ITH,NY,AEA,EN,Federal Contract Tower,0,6,3,0,9,0,0,3,0,3,0,6,6,0,12,0,0,0,12
01/13/2023,ITH,NY,AEA,EN,Federal Contract Tower,0,8,1,0,9,0,0,0,0,0,0,8,1,0,9,0,0,0,9
01/14/2023,ITH,NY,AEA,EN,Federal Contract Tower,0,9,0,0,9,0,0,0,0,0,0,9,0,0,9,0,0,0,9
01/15/2023,ITH,NY,AEA,EN,Federal Contract Tower,0,8,7,0,15,0,0,1,0,1,0,8,8,0,16,0,0,0,16
01/16/2023,ITH,NY,AEA,EN,Federal Contract Tower,0,8,10,0,18,0,0,28,0,28,0,8,38,0,46,54,0,54,100
01/17/2023,ITH,NY,AEA,EN,Federal Contract Tower,0,9,1,0,10,0,0,1,0,1,0,9,2,0,11,0,0,0,11
01/18/2023,ITH,NY,AEA,EN,Federal Contract Tower,0,8,5,0,13,0,0,0,0,0,0,8,5,0,13,0,0,0,13
01/19/2023,ITH,NY,AEA,EN,Federal Contract Tower,0,8,2,0,10,0,0,0,0,0,0,8,2,0,10,0,0,0,10
01/20/2023,ITH,NY,AEA,EN,Federal Contract Tower,0,7,2,0,9,0,0,0,0,0,0,7,2,0,9,0,0,0,9
01/21/2023,ITH,NY,AEA,EN,Federal Contract Tower,0,9,3,0,12,0,0,1,0,1,0,9,4,0,13,0,0,0,13
01/22/2023,ITH,NY,AEA,EN,Federal Contract Tower,0,13,2,0,15,0,0,4,0,4,0,13,6,0,19,40,0,40,59
01/23/2023,ITH,NY,AEA,EN,Federal Contract Tower,0,8,1,0,9,0,0,0,0,0,0,8,1,0,9,0,0,0,9
01/24/2023,ITH,NY,AEA,EN,Federal Contract Tower,0,9,4,0,13,0,0,0,0,0,0,9,4,0,13,0,0,0,13
01/25/2023,ITH,NY,AEA,EN,Federal Contract Tower,0,5,3,0,8,0,0,0,0,0,0,5,3,0,8,0,0,0,8
01/26/2023,ITH,NY,AEA,EN,Federal Contract Tower,0,6,4,0,10,0,0,0,0,0,0,6,4,0,10,0,0,0,10
01/27/2023,ITH,NY,AEA,EN,Federal Contract Tower,0,11,3,0,14,0,0,25,0,25,0,11,28,0,39,74,0,74,113
01/28/2023,ITH,NY,AEA,EN,Federal Contract Tower,0,6,7,0,13,0,0,33,0,33,0,6,40,0,46,124,0,124,170
01/29/2023,ITH,NY,AEA,EN,Federal Contract Tower,0,11,2,0,13,0,0,0,0,0,0,11,2,0,13,0,0,0,13
01/30/2023,ITH,NY,AEA,EN,Federal Contract Tower,0,9,8,0,17,0,0,0,0,0,0,9,8,0,17,0,0,0,17
01/31/2023,ITH,NY,AEA,EN,Federal Contract Tower,0,9,7,0,16,0,0,12,0,12,0,9,19,0,28,2,0,2,30
02/01/2023,ITH,NY,AEA,EN,Federal Contract Tower,0,9,1,0,10,0,0,23,0,23,0,9,24,0,33,122,0,122,155
02/02/2023,ITH,NY,AEA,EN,Federal Contract Tower,0,12,4,0,16,0,0,25,0,25,0,12,29,0,41,150,0,150,191
02/03/2023,ITH,NY,AEA,EN,Federal Contract Tower,0,9,1,0,10,0,0,0,0,0,0,9,1,0,10,0,0,0,10
02/04/2023,ITH,NY,AEA,EN,Federal Contract Tower,0,10,8,0,18,0,0,19,0,19,0,10,27,0,37,116,0,116,153
02/05/2023,ITH,NY,AEA,EN,Federal Contract Tower,0,14,9,0,23,0,0,15,0,15,0,14,24,0,38,22,0,22,60
02/06/2023,ITH,NY,AEA,EN,Federal Contract Tower,0,8,1,0,9,0,0,0,0,0,0,8,1,0,9,0,0,0,9
02/07/2023,ITH,NY,AEA,EN,Federal Contract Tower,0,12,6,0,18,0,0,12,0,12,0,12,18,0,30,14,0,14,44
02/08/2023,ITH,NY,AEA,EN,Federal Contract Tower,0,10,8,0,18,0,0,44,0,44,0,10,52,0,62,128,0,128,190
02/09/2023,ITH,NY,AEA,EN,Federal Contract Tower,0,8,1,0,9,0,0,0,0,0,0,8,1,0,9,0,0,0,9
02/10/2023,ITH,NY,AEA,EN,Federal Contract Tower,0,11,5,0,16,0,0,0,0,0,0,11,5,0,16,0,0,0,16
02/11/2023,ITH,NY,AEA,EN,Federal Contract Tower,0,10,3,0,13,0,0,20,0,20,0,10,23,0,33,80,0,80,113
02/12/2023,ITH,NY,AEA,EN,Federal Contract Tower,0,8,8,0,16,0,0,50,0,50,0,8,58,0,66,138,0,138,204
02/13/2023,ITH,NY,AEA,EN,Federal Contract Tower,0,9,5,0,14,0,0,29,0,29,0,9,34,0,43,120,0,120,163
02/14/2023,ITH,NY,AEA,EN,Federal Contract Tower,0,9,4,0,13,0,0,41,0,41,0,9,45,0,54,84,0,84,138
02/15/2023,ITH,NY,AEA,EN,Federal Contract Tower,0,10,2,0,12,0,0,9,0,9,0,10,11,0,21,0,0,0,21
02/16/2023,ITH,NY,AEA,EN,Federal Contract Tower,0,11,4,0,15,0,0,20,0,20,0,11,24,0,35,78,0,78,113
02/17/2023,ITH,NY,AEA,EN,Federal Contract Tower,0,9,6,0,15,0,0,0,0,0,0,9,6,0,15,0,0,0,15
02/18/2023,ITH,NY,AEA,EN,Federal Contract Tower,0,14,6,0,20,0,0,30,0,30,0,14,36,0,50,48,0,48,98
02/19/2023,ITH,NY,AEA,EN,Federal Contract Tower,0,8,7,0,15,0,0,11,0,11,0,8,18,0,26,10,0,10,36
02/20/2023,ITH,NY,AEA,EN,Federal Contract Tower,0,8,2,0,10,0,0,16,0,16,0,8,18,0,26,96,0,96,122
02/21/2023,ITH,NY,AEA,EN,Federal Contract Tower,0,9,1,0,10,0,0,2,0,2,0,9,3,0,12,0,0,0,12
02/22/2023,ITH,NY,AEA,EN,Federal Contract Tower,0,7,1,0,8,0,0,4,0,4,0,7,5,0,12,18,0,18,30
02/23/2023,ITH,NY,AEA,EN,Federal Contract Tower,0,10,4,0,14,0,0,0,0,0,0,10,4,0,14,0,0,0,14
02/24/2023,ITH,NY,AEA,EN,Federal Contract Tower,0,16,2,2,20,0,0,0,0,0,0,16,2,2,20,0,0,0,20
02/25/2023,ITH,NY,AEA,EN,Federal Contract Tower,0,10,1,0,11,0,0,0,0,0,0,10,1,0,11,0,0,0,11
02/26/2023,ITH,NY,AEA,EN,Federal Contract Tower,0,8,3,0,11,0,0,4,0,4,0,8,7,0,15,8,0,8,23
02/27/2023,ITH,NY,AEA,EN,Federal Contract Tower,0,9,2,0,11,0,0,19,0,19,0,9,21,0,30,56,0,56,86
02/28/2023,ITH,NY,AEA,EN,Federal Contract Tower,0,6,3,0,9,0,0,0,0,0,0,6,3,0,9,0,0,0,9
03/01/2023,ITH,NY,AEA,EN,Federal Contract Tower,0,9,3,1,13,0,0,15,0,15,0,9,18,1,28,48,0,48,76
03/02/2023,ITH,NY,AEA,EN,Federal Contract Tower,0,8,0,0,8,0,0,0,0,0,0,8,0,0,8,0,0,0,8
03/03/2023,ITH,NY,AEA,EN,Federal Contract Tower,0,10,4,0,14,0,0,25,0,25,0,10,29,0,39,106,0,106,145
03/04/2023,ITH,NY,AEA,EN,Federal Contract Tower,0,9,3,0,12,0,0,0,0,0,0,9,3,0,12,0,0,0,12
03/05/2023,ITH,NY,AEA,EN,Federal Contract Tower,0,11,5,0,16,0,0,3,0,3,0,11,8,0,19,0,0,0,19
03/06/2023,ITH,NY,AEA,EN,Federal Contract Tower,0,8,1,1,10,0,0,31,1,32,0,8,32,2,42,72,0,72,114
03/07/2023,ITH,NY,AEA,EN,Federal Contract Tower,0,7,0,0,7,0,0,8,0,8,0,7,8,0,15,0,0,0,15
03/08/2023,ITH,NY,AEA,EN,Federal Contract Tower,0,11,8,0,19,0,0,2,0,2,0,11,10,0,21,10,0,10,31
03/09/2023,ITH,NY,AEA,EN,Federal Contract Tower,0,7,3,1,11,0,0,10,13,23,0,7,13,14,34,36,42,78,112
03/10/2023,ITH,NY,AEA,EN,Federal Contract Tower,0,10,3,0,13,0,0,4,0,4,0,10,7,0,17,12,0,12,29
03/11/2023,ITH,NY,AEA,EN,Federal Contract Tower,0,10,7,0,17,0,0,0,0,0,0,10,7,0,17,0,0,0,17
03/12/2023,ITH,NY,AEA,EN,Federal Contract Tower,0,8,12,0,20,0,0,37,0,37,0,8,49,0,57,106,0,106,163
03/13/2023,ITH,NY,AEA,EN,Federal Contract Tower,0,10,1,0,11,0,0,0,0,0,0,10,1,0,11,0,0,0,11
03/14/2023,ITH,NY,AEA,EN,Federal Contract Tower,0,11,0,0,11,0,0,0,0,0,0,11,0,0,11,0,0,0,11
03/15/2023,ITH,NY,AEA,EN,Federal Contract Tower,0,5,4,0,9,0,0,10,6,16,0,5,14,6,25,10,8,18,43
03/16/2023,ITH,NY,AEA,EN,Federal Contract Tower,0,12,3,0,15,0,0,56,0,56,0,12,59,0,71,158,0,158,229
03/17/2023,ITH,NY,AEA,EN,Federal Contract Tower,0,14,9,0,23,0,0,0,0,0,0,14,9,0,23,0,0,0,23
03/18/2023,ITH,NY,AEA,EN,Federal Contract Tower,0,13,2,0,15,0,0,20,0,20,0,13,22,0,35,62,0,62,97
03/19/2023,ITH,NY,AEA,EN,Federal Contract Tower,0,8,7,0,15,0,0,1,0,1,0,8,8,0,16,0,0,0,16
03/20/2023,ITH,NY,AEA,EN,Federal Contract Tower,0,14,3,1,18,0,0,16,0,16,0,14,19,1,34,50,0,50,84
03/21/2023,ITH,NY,AEA,EN,Federal Contract Tower,0,10,3,0,13,0,0,47,0,47,0,10,50,0,60,88,0,88,148
03/22/2023,ITH,NY,AEA,EN,Federal Contract Tower,0,15,7,0,22,0,0,23,0,23,0,15,30,0,45,86,0,86,131
03/23/2023,ITH,NY,AEA,EN,Federal Contract Tower,0,11,10,0,21,0,0,1,0,1,0,11,11,0,22,0,0,0,22
03/24/2023,ITH,NY,AEA,EN,Federal Contract Tower,0,19,9,0,28,0,0,20,0,20,0,19,29,0,48,62,0,62,110
03/25/2023,ITH,NY,AEA,EN,Federal Contract Tower,0,10,8,0,18,0,0,0,0,0,0,10,8,0,18,0,0,0,18
03/26/2023,ITH,NY,AEA,EN,Federal Contract Tower,0,7,7,0,14,0,0,14,0,14,0,7,21,0,28,0,0,0,28
03/27/2023,ITH,NY,AEA,EN,Federal Contract Tower,0,9,8,0,17,0,0,22,0,22,0,9,30,0,39,90,0,90,129
03/28/2023,ITH,NY,AEA,EN,Federal Contract Tower,0,6,5,0,11,0,0,4,0,4,0,6,9,0,15,14,0,14,29
03/29/2023,ITH,NY,AEA,EN,Federal Contract Tower,0,8,8,0,16,0,0,33,0,33,0,8,41,0,49,76,0,76,125
03/30/2023,ITH,NY,AEA,EN,Federal Contract Tower,0,8,6,0,14,0,0,31,0,31,0,8,37,0,45,150,0,150,195
03/31/2023,ITH,NY,AEA,EN,Federal Contract Tower,0,10,5,0,15,0,0,4,0,4,0,10,9,0,19,14,0,14,33
04/01/2023,ITH,NY,AEA,EN,Federal Contract Tower,0,9,2,0,11,0,0,1,0,1,0,9,3,0,12,0,0,0,12
04/02/2023,ITH,NY,AEA,EN,Federal Contract Tower,0,11,4,0,15,0,0,22,0,22,0,11,26,0,37,38,0,38,75
04/03/2023,ITH,NY,AEA,EN,Federal Contract Tower,0,12,6,0,18,0,0,4,0,4,0,12,10,0,22,20,0,20,42
04/04/2023,ITH,NY,AEA,EN,Federal Contract Tower,0,6,3,0,9,0,0,35,0,35,0,6,38,0,44,62,0,62,106
04/05/2023,ITH,NY,AEA,EN,Federal Contract Tower,0,10,2,0,12,0,0,4,0,4,0,10,6,0,16,0,0,0,16
04/06/2023,ITH,NY,AEA,EN,Federal Contract Tower,0,7,4,0,11,0,0,28,0,28,0,7,32,0,39,82,0,82,121
04/07/2023,ITH,NY,AEA,EN,Federal Contract Tower,0,11,7,0,18,0,0,23,0,23,0,11,30,0,41,60,0,60,101
04/08/2023,ITH,NY,AEA,EN,Federal Contract Tower,0,11,10,0,21,0,0,57,0,57,0,11,67,0,78,122,0,122,200
04/09/2023,ITH,NY,AEA,EN,Federal Contract Tower,0,14,9,0,23,0,0,32,0,32,0,14,41,0,55,80,0,80,135
04/10/2023,ITH,NY,AEA,EN,Federal Contract Tower,0,11,7,0,18,0,0,45,0,45,0,11,52,0,63,116,0,116,179
04/11/2023,ITH,NY,AEA,EN,Federal Contract Tower,0,11,1,0,12,0,0,15,0,15,0,11,16,0,27,40,0,40,67
04/12/2023,ITH,NY,AEA,EN,Federal Contract Tower,0,12,7,0,19,0,0,36,0,36,0,12,43,0,55,102,0,102,157
04/13/2023,ITH,NY,AEA,EN,Federal Contract Tower,0,17,10,1,28,0,0,41,1,42,0,17,51,2,70,126,0,126,196
04/14/2023,ITH,NY,AEA,EN,Federal Contract Tower,0,9,7,0,16,0,0,62,0,62,0,9,69,0,78,148,0,148,226
04/15/2023,ITH,NY,AEA,EN,Federal Contract Tower,0,14,5,0,19,0,0,38,0,38,0,14,43,0,57,124,0,124,181
04/16/2023,ITH,NY,AEA,EN,Federal Contract Tower,0,8,5,0,13,0,0,41,0,41,0,8,46,0,54,96,0,96,150
04/17/2023,ITH,NY,AEA,EN,Federal Contract Tower,0,12,1,0,13,0,0,17,0,17,0,12,18,0,30,110,0,110,140
04/18/2023,ITH,NY,AEA,EN,Federal Contract Tower,0,8,2,0,10,0,0,10,0,10,0,8,12,0,20,34,0,34,54
04/19/2023,ITH,NY,AEA,EN,Federal Contract Tower,0,12,7,0,19,0,0,23,0,23,0,12,30,0,42,58,0,58,100
04/20/2023,ITH,NY,AEA,EN,Federal Contract Tower,0,11,3,0,14,0,0,52,3,55,0,11,55,3,69,124,2,126,195
04/21/2023,ITH,NY,AEA,EN,Federal Contract Tower,0,17,9,0,26,0,0,30,0,30,0,17,39,0,56,78,0,78,134
04/22/2023,ITH,NY,AEA,EN,Federal Contract Tower,0,15,4,0,19,0,0,2,0,2,0,15,6,0,21,10,0,10,31
04/23/2023,ITH,NY,AEA,EN,Federal Contract Tower,0,22,7,0,29,0,0,15,2,17,0,22,22,2,46,56,0,56,102
04/24/2023,ITH,NY,AEA,EN,Federal Contract Tower,0,11,1,0,12,0,0,16,0,16,0,11,17,0,28,68,0,68,96
04/25/2023,ITH,NY,AEA,EN,Federal Contract Tower,0,8,3,0,11,0,0,33,0,33,0,8,36,0,44,122,0,122,166
04/26/2023,ITH,NY,AEA,EN,Federal Contract Tower,0,11,3,0,14,0,0,12,0,12,0,11,15,0,26,48,0,48,74
04/27/2023,ITH,NY,AEA,EN,Federal Contract Tower,0,15,10,0,25,0,0,55,0,55,0,15,65,0,80,204,0,204,284
04/28/2023,ITH,NY,AEA,EN,Federal Contract Tower,0,15,7,0,22,0,0,14,0,14,0,15,21,0,36,50,0,50,86
04/29/2023,ITH,NY,AEA,EN,Federal Contract Tower,0,17,3,0,20,0,0,0,0,0,0,17,3,0,20,0,0,0,20
04/30/2023,ITH,NY,AEA,EN,Federal Contract Tower,0,12,4,0,16,0,0,0,0,0,0,12,4,0,16,0,0,0,16
05/01/2023,ITH,NY,AEA,EN,Federal Contract Tower,0,7,9,0,16,0,0,2,0,2,0,7,11,0,18,0,0,0,18
05/02/2023,ITH,NY,AEA,EN,Federal Contract Tower,0,12,5,0,17,0,0,7,0,7,0,12,12,0,24,68,0,68,92
05/03/2023,ITH,NY,AEA,EN,Federal Contract Tower,0,10,7,0,17,0,0,7,0,7,0,10,14,0,24,28,0,28,52
05/04/2023,ITH,NY,AEA,EN,Federal Contract Tower,0,9,4,0,13,0,0,11,0,11,0,9,15,0,24,28,0,28,52
05/05/2023,ITH,NY,AEA,EN,Federal Contract Tower,0,8,7,0,15,0,0,51,0,51,0,8,58,0,66,134,0,134,200
05/06/2023,ITH,NY,AEA,EN,Federal Contract Tower,0,10,15,0,25,0,0,54,0,54,0,10,69,0,79,162,0,162,241
05/07/2023,ITH,NY,AEA,EN,Federal Contract Tower,0,23,11,0,34,0,0,42,0,42,0,23,53,0,76,72,0,72,148
05/08/2023,ITH,NY,AEA,EN,Federal Contract Tower,0,46,16,0,62,0,6,38,0,44,0,52,54,0,106,52,0,52,158
05/09/2023,ITH,NY,AEA,EN,Federal Contract Tower,0,48,19,0,67,0,8,47,0,55,0,56,66,0,122,44,0,44,166
05/10/2023,ITH,NY,AEA,EN,Federal Contract Tower,0,14,6,0,20,0,0,44,2,46,0,14,50,2,66,90,8,98,164
05/11/2023,ITH,NY,AEA,EN,Federal Contract Tower,0,13,6,0,19,0,0,41,0,41,0,13,47,0,60,74,0,74,134
05/12/2023,ITH,NY,AEA,EN,Federal Contract Tower,0,12,2,0,14,0,0,35,0,35,0,12,37,0,49,110,0,110,159
05/13/2023,ITH,NY,AEA,EN,Federal Contract Tower,0,13,13,0,26,0,0,45,0,45,0,13,58,0,71,84,0,84,155
05/14/2023,ITH,NY,AEA,EN,Federal Contract Tower,0,19,9,0,28,0,0,19,0,19,0,19,28,0,47,22,0,22,69
05/15/2023,ITH,NY,AEA,EN,Federal Contract Tower,0,11,6,0,17,0,0,47,0,47,0,11,53,0,64,102,0,102,166
05/16/2023,ITH,NY,AEA,EN,Federal Contract Tower,0,9,5,0,14,0,0,25,0,25,0,9,30,0,39,30,0,30,69
05/17/2023,ITH,NY,AEA,EN,Federal Contract Tower,0,8,7,0,15,0,0,12,0,12,0,8,19,0,27,20,0,20,47
05/18/2023,ITH,NY,AEA,EN,Federal Contract Tower,0,11,11,0,22,0,0,64,0,64,0,11,75,0,86,158,0,158,244
05/19/2023,ITH,NY,AEA,EN,Federal Contract Tower,0,7,13,0,20,0,0,25,0,25,0,7,38,0,45,12,0,12,57
05/20/2023,ITH,NY,AEA,EN,Federal Contract Tower,0,11,1,0,12,0,0,2,0,2,0,11,3,0,14,0,0,0,14
05/21/2023,ITH,NY,AEA,EN,Federal Contract Tower,0,10,8,0,18,0,0,94,0,94,0,10,102,0,112,32,0,32,144
05/22/2023,ITH,NY,AEA,EN,Federal Contract Tower,0,9,11,0,20,0,2,38,0,40,0,11,49,0,60,74,0,74,134
05/23/2023,ITH,NY,AEA,EN,Federal Contract Tower,0,8,5,0,13,0,0,39,0,39,0,8,44,0,52,122,0,122,174
05/24/2023,ITH,NY,AEA,EN,Federal Contract Tower,0,18,7,0,25,0,0,16,0,16,0,18,23,0,41,8,0,8,49
05/25/2023,ITH,NY,AEA,EN,Federal Contract Tower,0,25,12,0,37,0,0,48,0,48,0,25,60,0,85,84,0,84,169
05/26/2023,ITH,NY,AEA,EN,Federal Contract Tower,0,26,17,0,43,0,0,69,0,69,0,26,86,0,112,122,0,122,234
05/27/2023,ITH,NY,AEA,EN,Federal Contract Tower,0,35,11,0,46,0,4,57,0,61,0,39,68,0,107,124,0,124,231
05/28/2023,ITH,NY,AEA,EN,Federal Contract Tower,0,24,14,0,38,0,0,70,0,70,0,24,84,0,108,86,0,86,194
05/29/2023,ITH,NY,AEA,EN,Federal Contract Tower,0,12,4,0,16,0,0,51,0,51,0,12,55,0,67,34,0,34,101
05/30/2023,ITH,NY,AEA,EN,Federal Contract Tower,0,13,8,3,24,0,0,38,0,38,0,13,46,3,62,42,0,42,104
05/31/2023,ITH,NY,AEA,EN,Federal Contract Tower,0,12,9,0,21,0,0,26,0,26,0,12,35,0,47,64,0,64,111
06/01/2023,ITH,NY,AEA,EN,Federal Contract Tower,0,11,10,0,21,0,0,31,0,31,0,11,41,0,52,48,0,48,100
06/02/2023,ITH,NY,AEA,EN,Federal Contract Tower,0,8,5,0,13,0,0,41,0,41,0,8,46,0,54,82,0,82,136
06/03/2023,ITH,NY,AEA,EN,Federal Contract Tower,0,13,11,0,24,0,0,17,0,17,0,13,28,0,41,8,0,8,49
06/04/2023,ITH,NY,AEA,EN,Federal Contract Tower,0,11,6,0,17,0,0,24,0,24,0,11,30,0,41,28,0,28,69
06/05/2023,ITH,NY,AEA,EN,Federal Contract Tower,0,8,9,0,17,0,0,33,0,33,0,8,42,0,50,44,0,44,94
06/06/2023,ITH,NY,AEA,EN,Federal Contract Tower,0,7,7,0,14,0,4,0,2,6,0,11,7,2,20,0,0,0,20
06/07/2023,ITH,NY,AEA,EN,Federal Contract Tower,0,10,8,0,18,0,0,0,0,0,0,10,8,0,18,0,0,0,18
06/08/2023,ITH,NY,AEA,EN,Federal Contract Tower,0,15,11,0,26,0,0,8,0,8,0,15,19,0,34,20,0,20,54
06/09/2023,ITH,NY,AEA,EN,Federal Contract Tower,0,14,3,0,17,0,0,17,0,17,0,14,20,0,34,54,0,54,88
06/10/2023,ITH,NY,AEA,EN,Federal Contract Tower,0,10,9,0,19,0,0,31,0,31,0,10,40,0,50,62,0,62,112
06/11/2023,ITH,NY,AEA,EN,Federal Contract Tower,0,15,10,0,25,0,0,47,0,47,0,15,57,0,72,88,0,88,160
06/12/2023,ITH,NY,AEA,EN,Federal Contract Tower,0,13,9,0,22,0,0,5,0,5,0,13,14,0,27,20,0,20,47
06/13/2023,ITH,NY,AEA,EN,Federal Contract Tower,0,11,2,0,13,0,0,42,0,42,0,11,44,0,55,58,0,58,113
06/15/2023,ITH,NY,AEA,EN,Federal Contract Tower,0,12,6,0,18,0,0,28,0,28,0,12,34,0,46,0,0,0,46
06/16/2023,ITH,NY,AEA,EN,Federal Contract Tower,0,10,2,0,12,0,0,6,0,6,0,10,8,0,18,20,0,20,38
06/17/2023,ITH,NY,AEA,EN,Federal Contract Tower,0,10,7,0,17,0,0,4,0,4,0,10,11,0,21,28,0,28,49
06/18/2023,ITH,NY,AEA,EN,Federal Contract Tower,0,9,12,0,21,0,0,61,0,61,0,9,73,0,82,152,0,152,234
06/19/2023,ITH,NY,AEA,EN,Federal Contract Tower,0,14,9,0,23,0,0,51,0,51,0,14,60,0,74,96,0,96,170
06/20/2023,ITH,NY,AEA,EN,Federal Contract Tower,0,12,4,0,16,0,0,35,0,35,0,12,39,0,51,60,0,60,111
06/21/2023,ITH,NY,AEA,EN,Federal Contract Tower,0,14,13,0,27,0,0,25,0,25,0,14,38,0,52,54,0,54,106
06/22/2023,ITH,NY,AEA,EN,Federal Contract Tower,0,13,13,0,26,0,0,23,0,23,0,13,36,0,49,52,0,52,101
06/23/2023,ITH,NY,AEA,EN,Federal Contract Tower,0,11,4,0,15,0,0,9,0,9,0,11,13,0,24,32,0,32,56
06/24/2023,ITH,NY,AEA,EN,Federal Contract Tower,0,11,7,0,18,0,0,0,0,0,0,11,7,0,18,0,0,0,18
06/25/2023,ITH,NY,AEA,EN,Federal Contract Tower,0,7,10,0,17,0,0,13,0,13,0,7,23,0,30,26,0,26,56
06/26/2023,ITH,NY,AEA,EN,Federal Contract Tower,0,9,4,0,13,0,0,4,0,4,0,9,8,0,17,18,0,18,35
06/27/2023,ITH,NY,AEA,EN,Federal Contract Tower,0,5,4,0,9,0,0,2,0,2,0,5,6,0,11,18,0,18,29
06/28/2023,ITH,NY,AEA,EN,Federal Contract Tower,0,8,6,0,14,0,0,0,0,0,0,8,6,0,14,0,0,0,14
06/29/2023,ITH,NY,AEA,EN,Federal Contract Tower,0,12,20,0,32,0,0,0,0,0,0,12,20,0,32,0,0,0,32
06/30/2023,ITH,NY,AEA,EN,Federal Contract Tower,0,9,16,0,25,0,0,13,0,13,0,9,29,0,38,38,0,38,76
07/01/2023,ITH,NY,AEA,EN,Federal Contract Tower,0,11,8,0,19,0,0,7,0,7,0,11,15,0,26,26,0,26,52
07/02/2023,ITH,NY,AEA,EN,Federal Contract Tower,0,11,1,0,12,0,0,5,0,5,0,11,6,0,17,0,0,0,17
07/03/2023,ITH,NY,AEA,EN,Federal Contract Tower,0,9,5,0,14,0,0,0,0,0,0,9,5,0,14,0,0,0,14
07/04/2023,ITH,NY,AEA,EN,Federal Contract Tower,0,10,6,0,16,0,0,22,0,22,0,10,28,0,38,62,0,62,100
07/05/2023,ITH,NY,AEA,EN,Federal Contract Tower,0,12,8,0,20,0,0,52,0,52,0,12,60,0,72,126,0,126,198
07/06/2023,ITH,NY,AEA,EN,Federal Contract Tower,0,13,6,0,19,0,0,52,0,52,0,13,58,0,71,122,0,122,193
07/07/2023,ITH,NY,AEA,EN,Federal Contract Tower,0,12,2,0,14,0,0,7,0,7,0,12,9,0,21,38,0,38,59
07/08/2023,ITH,NY,AEA,EN,Federal Contract Tower,0,14,4,0,18,0,0,45,0,45,0,14,49,0,63,36,0,36,99
07/09/2023,ITH,NY,AEA,EN,Federal Contract Tower,0,6,1,0,7,0,0,14,0,14,0,6,15,0,21,16,0,16,37
07/10/2023,ITH,NY,AEA,EN,Federal Contract Tower,0,5,5,0,10,0,0,22,0,22,0,5,27,0,32,42,0,42,74
07/11/2023,ITH,NY,AEA,EN,Federal Contract Tower,0,13,2,0,15,0,0,50,0,50,0,13,52,0,65,50,0,50,115
07/12/2023,ITH,NY,AEA,EN,Federal Contract Tower,0,13,9,0,22,0,0,40,0,40,0,13,49,0,62,36,0,36,98
07/13/2023,ITH,NY,AEA,EN,Federal Contract Tower,0,12,7,0,19,0,0,2,0,2,0,12,9,0,21,0,0,0,21
07/14/2023,ITH,NY,AEA,EN,Federal Contract Tower,0,8,9,0,17,0,0,67,0,67,0,8,76,0,84,188,0,188,272
07/15/2023,ITH,NY,AEA,EN,Federal Contract Tower,0,7,3,0,10,0,0,59,0,59,0,7,62,0,69,84,0,84,153
07/16/2023,ITH,NY,AEA,EN,Federal Contract Tower,0,5,6,0,11,0,0,38,0,38,0,5,44,0,49,106,0,106,155
07/17/2023,ITH,NY,AEA,EN,Federal Contract Tower,0,18,11,0,29,0,0,16,0,16,0,18,27,0,45,38,0,38,83
07/18/2023,ITH,NY,AEA,EN,Federal Contract Tower,0,13,6,0,19,0,0,7,0,7,0,13,13,0,26,34,0,34,60
07/19/2023,ITH,NY,AEA,EN,Federal Contract Tower,0,19,10,0,29,0,0,39,0,39,0,19,49,0,68,48,0,48,116
07/20/2023,ITH,NY,AEA,EN,Federal Contract Tower,0,17,5,0,22,0,0,53,0,53,0,17,58,0,75,186,0,186,261
07/21/2023,ITH,NY,AEA,EN,Federal Contract Tower,0,16,4,0,20,0,0,45,0,45,0,16,49,0,65,212,0,212,277
07/22/2023,ITH,NY,AEA,EN,Federal Contract Tower,0,13,9,0,22,0,0,35,0,35,0,13,44,0,57,102,0,102,159
07/23/2023,ITH,NY,AEA,EN,Federal Contract Tower,0,12,10,0,22,0,0,52,0,52,0,12,62,0,74,160,0,160,234
07/24/2023,ITH,NY,AEA,EN,Federal Contract Tower,0,16,5,0,21,0,0,27,0,27,0,16,32,0,48,62,0,62,110
07/26/2023,ITH,NY,AEA,EN,Federal Contract Tower,0,15,7,6,28,0,1,50,1,52,0,16,57,7,80,152,12,164,244
07/27/2023,ITH,NY,AEA,EN,Federal Contract Tower,0,17,9,0,26,0,0,18,0,18,0,17,27,0,44,64,0,64,108
07/28/2023,ITH,NY,AEA,EN,Federal Contract Tower,0,19,5,0,24,0,0,42,0,42,0,19,47,0,66,104,0,104,170
07/29/2023,ITH,NY,AEA,EN,Federal Contract Tower,0,13,7,0,20,0,0,5,2,7,0,13,12,2,27,10,8,18,45
07/30/2023,ITH,NY,AEA,EN,Federal Contract Tower,0,6,10,0,16,0,0,44,0,44,0,6,54,0,60,96,0,96,156
07/31/2023,ITH,NY,AEA,EN,Federal Contract Tower,0,14,8,1,23,0,0,30,2,32,0,14,38,3,55,90,16,106,161
08/01/2023,ITH,NY,AEA,EN,Federal Contract Tower,0,15,6,1,22,0,0,39,0,39,0,15,45,1,61,56,0,56,117
08/02/2023,ITH,NY,AEA,EN,Federal Contract Tower,0,12,9,0,21,0,0,64,0,64,0,12,73,0,85,144,0,144,229
08/03/2023,ITH,NY,AEA,EN,Federal Contract Tower,0,14,8,0,22,0,0,33,0,33,0,14,41,0,55,90,0,90,145
08/04/2023,ITH,NY,AEA,EN,Federal Contract Tower,0,16,6,0,22,0,0,25,0,25,0,16,31,0,47,118,0,118,165
08/05/2023,ITH,NY,AEA,EN,Federal Contract Tower,0,10,14,0,24,0,0,19,0,19,0,10,33,0,43,76,0,76,119
08/06/2023,ITH,NY,AEA,EN,Federal Contract Tower,0,8,8,0,16,0,0,48,0,48,0,8,56,0,64,74,0,74,138
08/07/2023,ITH,NY,AEA,EN,Federal Contract Tower,0,11,7,0,18,0,0,7,0,7,0,11,14,0,25,22,0,22,47
08/08/2023,ITH,NY,AEA,EN,Federal Contract Tower,0,15,7,0,22,0,0,0,0,0,0,15,7,0,22,2,0,2,24
08/09/2023,ITH,NY,AEA,EN,Federal Contract Tower,0,14,6,0,20,0,0,37,0,37,0,14,43,0,57,80,0,80,137
08/10/2023,ITH,NY,AEA,EN,Federal Contract Tower,0,23,3,0,26,0,0,2,0,2,0,23,5,0,28,0,0,0,28
08/11/2023,ITH,NY,AEA,EN,Federal Contract Tower,0,16,4,0,20,0,0,25,0,25,0,16,29,0,45,84,0,84,129
08/12/2023,ITH,NY,AEA,EN,Federal Contract Tower,0,13,3,0,16,0,0,5,0,5,0,13,8,0,21,14,0,14,35
08/13/2023,ITH,NY,AEA,EN,Federal Contract Tower,0,16,10,0,26,0,0,21,0,21,0,16,31,0,47,70,0,70,117
08/14/2023,ITH,NY,AEA,EN,Federal Contract Tower,0,13,11,0,24,0,0,39,0,39,0,13,50,0,63,116,0,116,179
08/15/2023,ITH,NY,AEA,EN,Federal Contract Tower,0,23,10,0,33,0,0,0,0,0,0,23,10,0,33,0,0,0,33
08/16/2023,ITH,NY,AEA,EN,Federal Contract Tower,0,17,15,0,32,0,0,16,0,16,0,17,31,0,48,0,0,0,48
08/17/2023,ITH,NY,AEA,EN,Federal Contract Tower,0,18,8,0,26,0,0,35,0,35,0,18,43,0,61,132,0,132,193
08/18/2023,ITH,NY,AEA,EN,Federal Contract Tower,0,23,5,0,28,0,0,17,0,17,0,23,22,0,45,42,0,42,87
08/19/2023,ITH,NY,AEA,EN,Federal Contract Tower,0,13,8,0,21,0,0,28,0,28,0,13,36,0,49,0,0,0,49
08/20/2023,ITH,NY,AEA,EN,Federal Contract Tower,0,13,15,0,28,0,0,67,0,67,0,13,82,0,95,164,0,164,259
08/21/2023,ITH,NY,AEA,EN,Federal Contract Tower,0,14,11,0,25,0,0,15,0,15,0,14,26,0,40,58,0,58,98
08/23/2023,ITH,NY,AEA,EN,Federal Contract Tower,0,10,7,0,17,0,30,0,0,30,0,40,7,0,47,66,0,66,113
08/24/2023,ITH,NY,AEA,EN,Federal Contract Tower,0,7,9,0,16,0,0,0,0,0,0,7,9,0,16,0,0,0,16
08/25/2023,ITH,NY,AEA,EN,Federal Contract Tower,0,14,8,0,22,0,0,0,0,0,0,14,8,0,22,0,0,0,22
08/26/2023,ITH,NY,AEA,EN,Federal Contract Tower,0,15,10,0,25,0,0,27,0,27,0,15,37,0,52,78,0,78,130
08/27/2023,ITH,NY,AEA,EN,Federal Contract Tower,0,21,14,0,35,0,0,54,0,54,0,21,68,0,89,120,0,120,209
08/28/2023,ITH,NY,AEA,EN,Federal Contract Tower,0,9,9,0,18,0,0,2,0,2,0,9,11,0,20,20,0,20,40
08/30/2023,ITH,NY,AEA,EN,Federal Contract Tower,0,10,4,0,14,0,0,18,0,18,0,10,22,0,32,76,0,76,108
08/31/2023,ITH,NY,AEA,EN,Federal Contract Tower,0,9,7,0,16,0,0,47,0,47,0,9,54,0,63,88,0,88,151
